
==========
== CUDA ==
==========

CUDA Version 12.9.1

Container image Copyright (c) 2016-2023, NVIDIA CORPORATION & AFFILIATES. All rights reserved.

This container image and its contents are governed by the NVIDIA Deep Learning Container License.
By pulling and using the container, you accept the terms and conditions of this license:
https://developer.nvidia.com/ngc/nvidia-deep-learning-container-license

A copy of this license is made available in this container at /NGC-DL-CONTAINER-LICENSE for your convenience.

WARNING: The NVIDIA Driver was not detected.  GPU functionality will not be available.
   Use the NVIDIA Container Toolkit to start this container with GPU support; see
   https://docs.nvidia.com/datacenter/cloud-native/ .

Generating SQLite file /data/p7_stat_nrxN6_MPSon_t1.sqlite from /data/p7_stat_nrxN6_MPSon_t1.nsys-rep
Processing [/data/p7_stat_nrxN6_MPSon_t1.sqlite] with [/opt/nvidia/nsight-systems-cli/2025.3.1/target-linux-x64/reports/cuda_gpu_trace.py]... 
Start (ns),Duration (ns),CorrId,GrdX,GrdY,GrdZ,BlkX,BlkY,BlkZ,Reg/Trd,StcSMem (MB),DymSMem (MB),Bytes (MB),Throughput (MB/s),SrcMemKd,DstMemKd,Device,Ctx,GreenCtx,Strm,Name
1214186166,128127,669,,,,,,,,,,1.468,11453.525,Pinned,Device,NVIDIA A100-SXM4-40GB MIG 4g.20gb (0),1,,7,[CUDA memcpy Host-to-Device]
1355551090,1824,1220,,,,,,,,,,0.000,30.702,Pageable,Device,NVIDIA A100-SXM4-40GB MIG 4g.20gb (0),1,,7,[CUDA memcpy Host-to-Device]
1483319372,5856,1829,,,,,,,,,,0.028,4819.671,Pinned,Device,NVIDIA A100-SXM4-40GB MIG 4g.20gb (0),1,,7,[CUDA memcpy Host-to-Device]
1483392619,5568,1834,,,,,,,,,,0.007,1293.098,Pinned,Device,NVIDIA A100-SXM4-40GB MIG 4g.20gb (0),1,,7,[CUDA memcpy Host-to-Device]
1483424171,1792,1839,,,,,,,,,,0.008,4459.816,Pinned,Device,NVIDIA A100-SXM4-40GB MIG 4g.20gb (0),1,,7,[CUDA memcpy Host-to-Device]
1483783910,15968,1844,1,1,1,32,32,1,30,0.000,0.000,,,,,NVIDIA A100-SXM4-40GB MIG 4g.20gb (0),1,,7,"void convert_kernel<__half2, float2>(tensor_layout_any, T1 *, tensor_layout_any, const T2 *)"
1484174562,11712,1850,1,1,1,32,32,1,30,0.000,0.000,,,,,NVIDIA A100-SXM4-40GB MIG 4g.20gb (0),1,,7,"void convert_kernel<__half2, float2>(tensor_layout_any, T1 *, tensor_layout_any, const T2 *)"
1484694268,13856,1856,1,1,1,32,32,1,30,0.000,0.000,,,,,NVIDIA A100-SXM4-40GB MIG 4g.20gb (0),1,,7,"void convert_kernel<__half2, float2>(tensor_layout_any, T1 *, tensor_layout_any, const T2 *)"
1485206678,9536,1862,1,1,1,32,32,1,30,0.000,0.000,,,,,NVIDIA A100-SXM4-40GB MIG 4g.20gb (0),1,,7,"void convert_kernel<__half2, float2>(tensor_layout_any, T1 *, tensor_layout_any, const T2 *)"
1485403572,9600,1868,,,,,,,,,,0.028,2939.981,Pinned,Device,NVIDIA A100-SXM4-40GB MIG 4g.20gb (0),1,,13,[CUDA memcpy Host-to-Device]
1485453043,5184,1874,,,,,,,,,,0.007,1388.887,Pinned,Device,NVIDIA A100-SXM4-40GB MIG 4g.20gb (0),1,,13,[CUDA memcpy Host-to-Device]
1485490803,2432,1880,,,,,,,,,,0.008,3286.183,Pinned,Device,NVIDIA A100-SXM4-40GB MIG 4g.20gb (0),1,,13,[CUDA memcpy Host-to-Device]
1485876270,10112,1886,1,1,1,32,32,1,30,0.000,0.000,,,,,NVIDIA A100-SXM4-40GB MIG 4g.20gb (0),1,,13,"void convert_kernel<__half2, float2>(tensor_layout_any, T1 *, tensor_layout_any, const T2 *)"
1486422568,7520,1893,1,1,1,32,32,1,30,0.000,0.000,,,,,NVIDIA A100-SXM4-40GB MIG 4g.20gb (0),1,,13,"void convert_kernel<__half2, float2>(tensor_layout_any, T1 *, tensor_layout_any, const T2 *)"
1486968194,13823,1900,1,1,1,32,32,1,30,0.000,0.000,,,,,NVIDIA A100-SXM4-40GB MIG 4g.20gb (0),1,,13,"void convert_kernel<__half2, float2>(tensor_layout_any, T1 *, tensor_layout_any, const T2 *)"
1487514683,9312,1907,1,1,1,32,32,1,30,0.000,0.000,,,,,NVIDIA A100-SXM4-40GB MIG 4g.20gb (0),1,,13,"void convert_kernel<__half2, float2>(tensor_layout_any, T1 *, tensor_layout_any, const T2 *)"
1488639534,3776,1918,,,,,,,,,,0.028,7474.562,Device,Device,NVIDIA A100-SXM4-40GB MIG 4g.20gb (0),1,,13,[CUDA memcpy Device-to-Device]
1489065673,5024,1920,,,,,,,,,,0.007,1433.117,Device,Device,NVIDIA A100-SXM4-40GB MIG 4g.20gb (0),1,,13,[CUDA memcpy Device-to-Device]
1489345446,3776,1922,,,,,,,,,,0.008,2116.521,Device,Device,NVIDIA A100-SXM4-40GB MIG 4g.20gb (0),1,,13,[CUDA memcpy Device-to-Device]
1489662146,3040,1924,,,,,,,,,,0.000,63.158,Device,Device,NVIDIA A100-SXM4-40GB MIG 4g.20gb (0),1,,13,[CUDA memcpy Device-to-Device]
1489943423,4384,1926,,,,,,,,,,0.000,21.898,Device,Device,NVIDIA A100-SXM4-40GB MIG 4g.20gb (0),1,,13,[CUDA memcpy Device-to-Device]
1490134909,3168,1928,,,,,,,,,,0.000,122.475,Device,Device,NVIDIA A100-SXM4-40GB MIG 4g.20gb (0),1,,13,[CUDA memcpy Device-to-Device]
1490329403,3712,1930,,,,,,,,,,0.000,52.802,Device,Device,NVIDIA A100-SXM4-40GB MIG 4g.20gb (0),1,,13,[CUDA memcpy Device-to-Device]
1490337307,11135,1931,,,,,,,,,,0.135,12136.024,Pinned,Device,NVIDIA A100-SXM4-40GB MIG 4g.20gb (0),1,,13,[CUDA memcpy Host-to-Device]
1557558481,5952,1941,,,,,,,,,,0.000,9.409,Pageable,Device,NVIDIA A100-SXM4-40GB MIG 4g.20gb (0),1,,7,[CUDA memcpy Host-to-Device]
1557587984,5344,1947,,,,,,,,,,0.028,5281.416,Pinned,Device,NVIDIA A100-SXM4-40GB MIG 4g.20gb (0),1,,7,[CUDA memcpy Host-to-Device]
1557632304,6336,1952,,,,,,,,,,0.007,1136.362,Pinned,Device,NVIDIA A100-SXM4-40GB MIG 4g.20gb (0),1,,7,[CUDA memcpy Host-to-Device]
1557661840,5695,1957,,,,,,,,,,0.008,1403.331,Pinned,Device,NVIDIA A100-SXM4-40GB MIG 4g.20gb (0),1,,7,[CUDA memcpy Host-to-Device]
1558206569,15360,1962,1,1,1,32,32,1,30,0.000,0.000,,,,,NVIDIA A100-SXM4-40GB MIG 4g.20gb (0),1,,7,"void convert_kernel<__half2, float2>(tensor_layout_any, T1 *, tensor_layout_any, const T2 *)"
1558811234,15456,1968,1,1,1,32,32,1,30,0.000,0.000,,,,,NVIDIA A100-SXM4-40GB MIG 4g.20gb (0),1,,7,"void convert_kernel<__half2, float2>(tensor_layout_any, T1 *, tensor_layout_any, const T2 *)"
1559458779,11296,1974,1,1,1,32,32,1,30,0.000,0.000,,,,,NVIDIA A100-SXM4-40GB MIG 4g.20gb (0),1,,7,"void convert_kernel<__half2, float2>(tensor_layout_any, T1 *, tensor_layout_any, const T2 *)"
1560032404,11104,1980,1,1,1,32,32,1,30,0.000,0.000,,,,,NVIDIA A100-SXM4-40GB MIG 4g.20gb (0),1,,7,"void convert_kernel<__half2, float2>(tensor_layout_any, T1 *, tensor_layout_any, const T2 *)"
1560796779,11104,1995,,,,,,,,,,0.000,23.055,Pageable,Array,NVIDIA A100-SXM4-40GB MIG 4g.20gb (0),1,,7,[CUDA memcpy Host-to-Array]
1560817483,6688,1998,,,,,,,,,,0.000,19.139,Pageable,Array,NVIDIA A100-SXM4-40GB MIG 4g.20gb (0),1,,7,[CUDA memcpy Host-to-Array]
1560827307,5376,2001,,,,,,,,,,0.000,11.905,Pageable,Array,NVIDIA A100-SXM4-40GB MIG 4g.20gb (0),1,,7,[CUDA memcpy Host-to-Array]
1560835883,2208,2004,,,,,,,,,,0.000,14.493,Pageable,Array,NVIDIA A100-SXM4-40GB MIG 4g.20gb (0),1,,7,[CUDA memcpy Host-to-Array]
1560907786,4672,2009,,,,,,,,,,0.000,23.973,Pinned,Device,NVIDIA A100-SXM4-40GB MIG 4g.20gb (0),1,,13,[CUDA memcpy Host-to-Device]
1631328795,6368,2019,,,,,,,,,,0.000,8.794,Pageable,Device,NVIDIA A100-SXM4-40GB MIG 4g.20gb (0),1,,7,[CUDA memcpy Host-to-Device]
1631353435,5600,2025,,,,,,,,,,0.028,5039.988,Pinned,Device,NVIDIA A100-SXM4-40GB MIG 4g.20gb (0),1,,7,[CUDA memcpy Host-to-Device]
1631390074,2176,2030,,,,,,,,,,0.007,3308.818,Pinned,Device,NVIDIA A100-SXM4-40GB MIG 4g.20gb (0),1,,7,[CUDA memcpy Host-to-Device]
1631424538,6432,2035,,,,,,,,,,0.008,1242.532,Pinned,Device,NVIDIA A100-SXM4-40GB MIG 4g.20gb (0),1,,7,[CUDA memcpy Host-to-Device]
1631744726,13632,2040,1,1,1,32,32,1,30,0.000,0.000,,,,,NVIDIA A100-SXM4-40GB MIG 4g.20gb (0),1,,7,"void convert_kernel<__half2, float2>(tensor_layout_any, T1 *, tensor_layout_any, const T2 *)"
1632266640,21472,2046,1,1,1,32,32,1,30,0.000,0.000,,,,,NVIDIA A100-SXM4-40GB MIG 4g.20gb (0),1,,7,"void convert_kernel<__half2, float2>(tensor_layout_any, T1 *, tensor_layout_any, const T2 *)"
1632790346,10080,2052,1,1,1,32,32,1,30,0.000,0.000,,,,,NVIDIA A100-SXM4-40GB MIG 4g.20gb (0),1,,7,"void convert_kernel<__half2, float2>(tensor_layout_any, T1 *, tensor_layout_any, const T2 *)"
1633214277,10048,2058,1,1,1,32,32,1,30,0.000,0.000,,,,,NVIDIA A100-SXM4-40GB MIG 4g.20gb (0),1,,7,"void convert_kernel<__half2, float2>(tensor_layout_any, T1 *, tensor_layout_any, const T2 *)"
1634269849,4832,2083,,,,,,,,,,0.000,52.980,Pageable,Array,NVIDIA A100-SXM4-40GB MIG 4g.20gb (0),1,,7,[CUDA memcpy Host-to-Array]
1634276857,2336,2086,,,,,,,,,,0.000,54.794,Pageable,Array,NVIDIA A100-SXM4-40GB MIG 4g.20gb (0),1,,7,[CUDA memcpy Host-to-Array]
1634282809,2912,2089,,,,,,,,,,0.000,21.978,Pageable,Array,NVIDIA A100-SXM4-40GB MIG 4g.20gb (0),1,,7,[CUDA memcpy Host-to-Array]
1634288633,1824,2092,,,,,,,,,,0.000,17.544,Pageable,Array,NVIDIA A100-SXM4-40GB MIG 4g.20gb (0),1,,7,[CUDA memcpy Host-to-Array]
1657258991,25952,2180,1434,1,1,128,1,1,16,0.000,0.000,,,,,NVIDIA A100-SXM4-40GB MIG 4g.20gb (0),1,,13,cupy_copy__complex64_complex64
1657779977,275581,2185,1,1,1,32,32,1,30,0.000,0.000,,,,,NVIDIA A100-SXM4-40GB MIG 4g.20gb (0),1,,13,"void convert_kernel<__half2, float2>(tensor_layout_any, T1 *, tensor_layout_any, const T2 *)"
1658057734,9728,2187,,,,,,,,,,0.094,9631.574,Pinned,Device,NVIDIA A100-SXM4-40GB MIG 4g.20gb (0),1,,13,[CUDA memcpy Host-to-Device]
1658494529,609305,2188,,,,,,,,,,456.561,749217.323,Device,,NVIDIA A100-SXM4-40GB MIG 4g.20gb (0),1,,13,[CUDA memset]
1659107226,63647,2193,,,,,,,,,,1.235,19402.205,Pinned,Device,NVIDIA A100-SXM4-40GB MIG 4g.20gb (0),1,,13,[CUDA memcpy Host-to-Device]
1659177113,17440,2194,,,,,,,,,,0.197,11273.306,Pinned,Device,NVIDIA A100-SXM4-40GB MIG 4g.20gb (0),1,,13,[CUDA memcpy Host-to-Device]
1659598452,13056,2195,69,4,1,48,1,1,76,0.002,0.000,,,,,NVIDIA A100-SXM4-40GB MIG 4g.20gb (0),1,,13,"void ch_est::windowedChEstPreNoDftSOfdmKernel<float, __half, float, (unsigned int)2, (unsigned int)1, (unsigned short)4>(ch_est::puschRxChEstStatDescr_t *, ch_est::puschRxChEstDynDescr_t *)"
1659904976,30496,2196,137,2,1,24,2,1,44,0.001,0.001,,,,,NVIDIA A100-SXM4-40GB MIG 4g.20gb (0),1,,13,"void ch_est::chEstFilterNoDftSOfdmDispatchKernel<float, __half, float, (unsigned int)2>(ch_est::puschRxChEstStatDescr_t *, ch_est::puschRxChEstDynDescr_t *)"
1660239916,15296,2197,137,2,1,24,2,1,44,0.001,0.001,,,,,NVIDIA A100-SXM4-40GB MIG 4g.20gb (0),1,,13,"void ch_est::chEstFilterNoDftSOfdmDispatchKernel<float, __half, float, (unsigned int)2>(ch_est::puschRxChEstStatDescr_t *, ch_est::puschRxChEstDynDescr_t *)"
1660770470,5696,2213,103,1,1,128,1,1,16,0.000,0.000,,,,,NVIDIA A100-SXM4-40GB MIG 4g.20gb (0),1,,13,cupy_copy__complex64_complex64
1661031491,18208,2225,1434,1,1,128,1,1,16,0.000,0.000,,,,,NVIDIA A100-SXM4-40GB MIG 4g.20gb (0),1,,13,cupy_copy__complex64_complex64
1661235585,15776,2232,103,1,1,128,1,1,16,0.000,0.000,,,,,NVIDIA A100-SXM4-40GB MIG 4g.20gb (0),1,,13,cupy_copy__complex64_complex64
1661340672,230237,2239,1,1,1,32,32,1,30,0.000,0.000,,,,,NVIDIA A100-SXM4-40GB MIG 4g.20gb (0),1,,13,"void convert_kernel<__half2, float2>(tensor_layout_any, T1 *, tensor_layout_any, const T2 *)"
1661572637,6784,2241,,,,,,,,,,0.094,13811.259,Pinned,Device,NVIDIA A100-SXM4-40GB MIG 4g.20gb (0),1,,13,[CUDA memcpy Host-to-Device]
1661621884,60896,2242,,,,,,,,,,35.810,588034.696,Device,,NVIDIA A100-SXM4-40GB MIG 4g.20gb (0),1,,13,[CUDA memset]
1661689756,2624,2244,,,,,,,,,,0.000,30.488,Pinned,Device,NVIDIA A100-SXM4-40GB MIG 4g.20gb (0),1,,13,[CUDA memcpy Host-to-Device]
1661694812,14303,2245,,,,,,,,,,0.197,13745.848,Pinned,Device,NVIDIA A100-SXM4-40GB MIG 4g.20gb (0),1,,13,[CUDA memcpy Host-to-Device]
1661750491,29344,2246,273,1,1,48,1,1,40,0.000,0.001,,,,,NVIDIA A100-SXM4-40GB MIG 4g.20gb (0),1,,13,"void pusch_noise_intf_est::noiseIntfEstNoDftSOfdmKernel<float, __half, float, float, (unsigned int)2, (unsigned int)1, (unsigned char)4, (unsigned char)4>(pusch_noise_intf_est::puschRxNoiseIntfEstDynDescr)"
1661782075,5728,2257,35,1,1,128,1,1,16,0.000,0.000,,,,,NVIDIA A100-SXM4-40GB MIG 4g.20gb (0),1,,13,cupy_copy__complex64_complex64
1661875450,2719,2271,1,1,1,1,1,1,18,0.000,0.000,,,,,NVIDIA A100-SXM4-40GB MIG 4g.20gb (0),1,,13,cupy_copy__float32_float32
1661940409,2496,2277,,,,,,,,,,0.000,1.603,Device,Pageable,NVIDIA A100-SXM4-40GB MIG 4g.20gb (0),1,,7,[CUDA memcpy Device-to-Host]
1662103767,14464,2288,1434,1,1,128,1,1,16,0.000,0.000,,,,,NVIDIA A100-SXM4-40GB MIG 4g.20gb (0),1,,13,cupy_copy__complex64_complex64
1662158582,5344,2295,103,1,1,128,1,1,16,0.000,0.000,,,,,NVIDIA A100-SXM4-40GB MIG 4g.20gb (0),1,,13,cupy_copy__complex64_complex64
1662185366,7936,2302,35,1,1,128,1,1,16,0.000,0.000,,,,,NVIDIA A100-SXM4-40GB MIG 4g.20gb (0),1,,13,cupy_copy__complex64_complex64
1662238933,2080,2309,1,1,1,1,1,1,18,0.000,0.000,,,,,NVIDIA A100-SXM4-40GB MIG 4g.20gb (0),1,,13,cupy_copy__float32_float32
1662543154,263037,2320,1,1,1,32,32,1,30,0.000,0.000,,,,,NVIDIA A100-SXM4-40GB MIG 4g.20gb (0),1,,13,"void convert_kernel<__half2, float2>(tensor_layout_any, T1 *, tensor_layout_any, const T2 *)"
1662810735,12800,2322,,,,,,,,,,0.094,7320.000,Pinned,Device,NVIDIA A100-SXM4-40GB MIG 4g.20gb (0),1,,13,[CUDA memcpy Host-to-Device]
1662935565,8160,2323,,,,,,,,,,1.547,189537.225,Device,,NVIDIA A100-SXM4-40GB MIG 4g.20gb (0),1,,13,[CUDA memset]
1662951693,6720,2328,,,,,,,,,,0.031,4657.126,Pinned,Device,NVIDIA A100-SXM4-40GB MIG 4g.20gb (0),1,,13,[CUDA memcpy Host-to-Device]
1662963533,13472,2329,,,,,,,,,,0.197,14593.819,Pinned,Device,NVIDIA A100-SXM4-40GB MIG 4g.20gb (0),1,,13,[CUDA memcpy Host-to-Device]
1663209194,16608,2330,273,1,1,8,4,1,39,0.002,0.000,,,,,NVIDIA A100-SXM4-40GB MIG 4g.20gb (0),1,,13,"void channel_eq::eqMmseCoefCompLowMimoKernel<float, float, float, (unsigned int)4, (unsigned int)1, (unsigned int)4>(const channel_eq::_puschRxChEqStatDescr *, channel_eq::_puschRxChEqCoefCompDynDescr)"
1663605862,30687,2331,273,1,1,12,11,1,51,0.002,0.000,,,,,NVIDIA A100-SXM4-40GB MIG 4g.20gb (0),1,,13,"void channel_eq::eqMmseSoftDemapKernel<float, __half, __half, float, (unsigned int)4, (unsigned short)16383>(channel_eq::_puschRxChEqStatDescr *, channel_eq::_puschRxChEqSoftDemapDynDescr)"
1663953441,559194,2332,1,1,1,32,32,1,30,0.000,0.000,,,,,NVIDIA A100-SXM4-40GB MIG 4g.20gb (0),1,,13,"void convert_kernel<float2, __half2>(tensor_layout_any, T1 *, tensor_layout_any, const T2 *)"
1664902039,14271,2349,2253,1,1,128,1,1,16,0.000,0.000,,,,,NVIDIA A100-SXM4-40GB MIG 4g.20gb (0),1,,13,cupy_copy__float16_float16
1665337137,6080,2358,282,1,1,128,1,1,16,0.000,0.000,,,,,NVIDIA A100-SXM4-40GB MIG 4g.20gb (0),1,,13,cupy_copy__complex64_complex64
1665760461,5248,2372,26,1,1,128,1,1,16,0.000,0.000,,,,,NVIDIA A100-SXM4-40GB MIG 4g.20gb (0),1,,13,cupy_copy__float32_float32
1666150504,18048,2381,103,1,1,128,1,1,16,0.000,0.000,,,,,NVIDIA A100-SXM4-40GB MIG 4g.20gb (0),1,,13,cupy_copy__complex64_complex64
1666487524,20960,2391,1434,1,1,128,1,1,16,0.000,0.000,,,,,NVIDIA A100-SXM4-40GB MIG 4g.20gb (0),1,,13,cupy_copy__complex64_complex64
1666800513,291932,2396,1,1,1,32,32,1,30,0.000,0.000,,,,,NVIDIA A100-SXM4-40GB MIG 4g.20gb (0),1,,13,"void convert_kernel<__half2, float2>(tensor_layout_any, T1 *, tensor_layout_any, const T2 *)"
1667124765,5376,2399,,,,,,,,,,0.094,17428.487,Pinned,Device,NVIDIA A100-SXM4-40GB MIG 4g.20gb (0),1,,13,[CUDA memcpy Host-to-Device]
1667169436,630041,2400,,,,,,,,,,456.561,724563.005,Device,,NVIDIA A100-SXM4-40GB MIG 4g.20gb (0),1,,13,[CUDA memset]
1667800149,50687,2405,,,,,,,,,,1.235,24362.975,Pinned,Device,NVIDIA A100-SXM4-40GB MIG 4g.20gb (0),1,,13,[CUDA memcpy Host-to-Device]
1667853876,9344,2406,,,,,,,,,,0.197,21040.988,Pinned,Device,NVIDIA A100-SXM4-40GB MIG 4g.20gb (0),1,,13,[CUDA memcpy Host-to-Device]
1667879028,19680,2407,69,4,1,48,1,1,76,0.002,0.000,,,,,NVIDIA A100-SXM4-40GB MIG 4g.20gb (0),1,,13,"void ch_est::windowedChEstPreNoDftSOfdmKernel<float, __half, float, (unsigned int)2, (unsigned int)1, (unsigned short)4>(ch_est::puschRxChEstStatDescr_t *, ch_est::puschRxChEstDynDescr_t *)"
1667963411,15488,2408,137,2,1,24,2,1,44,0.001,0.001,,,,,NVIDIA A100-SXM4-40GB MIG 4g.20gb (0),1,,13,"void ch_est::chEstFilterNoDftSOfdmDispatchKernel<float, __half, float, (unsigned int)2>(ch_est::puschRxChEstStatDescr_t *, ch_est::puschRxChEstDynDescr_t *)"
1668044498,17408,2409,137,2,1,24,2,1,44,0.001,0.001,,,,,NVIDIA A100-SXM4-40GB MIG 4g.20gb (0),1,,13,"void ch_est::chEstFilterNoDftSOfdmDispatchKernel<float, __half, float, (unsigned int)2>(ch_est::puschRxChEstStatDescr_t *, ch_est::puschRxChEstDynDescr_t *)"
1668125905,4928,2420,103,1,1,128,1,1,16,0.000,0.000,,,,,NVIDIA A100-SXM4-40GB MIG 4g.20gb (0),1,,13,cupy_copy__complex64_complex64
1668175665,19199,2430,1434,1,1,128,1,1,16,0.000,0.000,,,,,NVIDIA A100-SXM4-40GB MIG 4g.20gb (0),1,,13,cupy_copy__complex64_complex64
1668210736,5056,2437,103,1,1,128,1,1,16,0.000,0.000,,,,,NVIDIA A100-SXM4-40GB MIG 4g.20gb (0),1,,13,cupy_copy__complex64_complex64
1668259376,147742,2444,1,1,1,32,32,1,30,0.000,0.000,,,,,NVIDIA A100-SXM4-40GB MIG 4g.20gb (0),1,,13,"void convert_kernel<__half2, float2>(tensor_layout_any, T1 *, tensor_layout_any, const T2 *)"
1668440302,5439,2447,,,,,,,,,,0.094,17226.665,Pinned,Device,NVIDIA A100-SXM4-40GB MIG 4g.20gb (0),1,,13,[CUDA memcpy Host-to-Device]
1668510253,56831,2448,,,,,,,,,,35.810,630111.352,Device,,NVIDIA A100-SXM4-40GB MIG 4g.20gb (0),1,,13,[CUDA memset]
1668570636,2208,2450,,,,,,,,,,0.000,36.232,Pinned,Device,NVIDIA A100-SXM4-40GB MIG 4g.20gb (0),1,,13,[CUDA memcpy Host-to-Device]
1668575244,9312,2451,,,,,,,,,,0.197,21113.340,Pinned,Device,NVIDIA A100-SXM4-40GB MIG 4g.20gb (0),1,,13,[CUDA memcpy Host-to-Device]
1668700875,29055,2452,273,1,1,48,1,1,40,0.000,0.001,,,,,NVIDIA A100-SXM4-40GB MIG 4g.20gb (0),1,,13,"void pusch_noise_intf_est::noiseIntfEstNoDftSOfdmKernel<float, __half, float, float, (unsigned int)2, (unsigned int)1, (unsigned char)4, (unsigned char)4>(pusch_noise_intf_est::puschRxNoiseIntfEstDynDescr)"
1668877576,12320,2463,35,1,1,128,1,1,16,0.000,0.000,,,,,NVIDIA A100-SXM4-40GB MIG 4g.20gb (0),1,,13,cupy_copy__complex64_complex64
1668972199,4512,2472,1,1,1,1,1,1,18,0.000,0.000,,,,,NVIDIA A100-SXM4-40GB MIG 4g.20gb (0),1,,13,cupy_copy__float32_float32
1668984647,1792,2478,,,,,,,,,,0.000,2.232,Device,Pageable,NVIDIA A100-SXM4-40GB MIG 4g.20gb (0),1,,7,[CUDA memcpy Device-to-Host]
1669152133,15840,2489,1434,1,1,128,1,1,16,0.000,0.000,,,,,NVIDIA A100-SXM4-40GB MIG 4g.20gb (0),1,,13,cupy_copy__complex64_complex64
1669212453,4192,2496,103,1,1,128,1,1,16,0.000,0.000,,,,,NVIDIA A100-SXM4-40GB MIG 4g.20gb (0),1,,13,cupy_copy__complex64_complex64
1669317475,9696,2503,35,1,1,128,1,1,16,0.000,0.000,,,,,NVIDIA A100-SXM4-40GB MIG 4g.20gb (0),1,,13,cupy_copy__complex64_complex64
1669413378,3968,2510,1,1,1,1,1,1,18,0.000,0.000,,,,,NVIDIA A100-SXM4-40GB MIG 4g.20gb (0),1,,13,cupy_copy__float32_float32
1669558273,300284,2521,1,1,1,32,32,1,30,0.000,0.000,,,,,NVIDIA A100-SXM4-40GB MIG 4g.20gb (0),1,,13,"void convert_kernel<__half2, float2>(tensor_layout_any, T1 *, tensor_layout_any, const T2 *)"
1669890877,14528,2524,,,,,,,,,,0.094,6449.283,Pinned,Device,NVIDIA A100-SXM4-40GB MIG 4g.20gb (0),1,,13,[CUDA memcpy Host-to-Device]
1670355511,8096,2525,,,,,,,,,,1.547,191034.357,Device,,NVIDIA A100-SXM4-40GB MIG 4g.20gb (0),1,,13,[CUDA memset]
1670367991,7072,2530,,,,,,,,,,0.031,4425.317,Pinned,Device,NVIDIA A100-SXM4-40GB MIG 4g.20gb (0),1,,13,[CUDA memcpy Host-to-Device]
1670381687,17408,2531,,,,,,,,,,0.197,11293.950,Pinned,Device,NVIDIA A100-SXM4-40GB MIG 4g.20gb (0),1,,13,[CUDA memcpy Host-to-Device]
1670893841,19168,2532,273,1,1,8,4,1,39,0.002,0.000,,,,,NVIDIA A100-SXM4-40GB MIG 4g.20gb (0),1,,13,"void channel_eq::eqMmseCoefCompLowMimoKernel<float, float, float, (unsigned int)4, (unsigned int)1, (unsigned int)4>(const channel_eq::_puschRxChEqStatDescr *, channel_eq::_puschRxChEqCoefCompDynDescr)"
1671426283,16000,2533,273,1,1,12,11,1,51,0.002,0.000,,,,,NVIDIA A100-SXM4-40GB MIG 4g.20gb (0),1,,13,"void channel_eq::eqMmseSoftDemapKernel<float, __half, __half, float, (unsigned int)4, (unsigned short)16383>(channel_eq::_puschRxChEqStatDescr *, channel_eq::_puschRxChEqSoftDemapDynDescr)"
1671966757,845494,2534,1,1,1,32,32,1,30,0.000,0.000,,,,,NVIDIA A100-SXM4-40GB MIG 4g.20gb (0),1,,13,"void convert_kernel<float2, __half2>(tensor_layout_any, T1 *, tensor_layout_any, const T2 *)"
1672908378,13472,2546,2253,1,1,128,1,1,16,0.000,0.000,,,,,NVIDIA A100-SXM4-40GB MIG 4g.20gb (0),1,,13,cupy_copy__float16_float16
1673341781,5728,2555,282,1,1,128,1,1,16,0.000,0.000,,,,,NVIDIA A100-SXM4-40GB MIG 4g.20gb (0),1,,13,cupy_copy__complex64_complex64
1673752592,6528,2564,26,1,1,128,1,1,16,0.000,0.000,,,,,NVIDIA A100-SXM4-40GB MIG 4g.20gb (0),1,,13,cupy_copy__float32_float32
1674150091,11232,2573,103,1,1,128,1,1,16,0.000,0.000,,,,,NVIDIA A100-SXM4-40GB MIG 4g.20gb (0),1,,13,cupy_copy__complex64_complex64
1674397801,24959,2583,1434,1,1,128,1,1,16,0.000,0.000,,,,,NVIDIA A100-SXM4-40GB MIG 4g.20gb (0),1,,13,cupy_copy__complex64_complex64
1674855491,285437,2588,1,1,1,32,32,1,30,0.000,0.000,,,,,NVIDIA A100-SXM4-40GB MIG 4g.20gb (0),1,,13,"void convert_kernel<__half2, float2>(tensor_layout_any, T1 *, tensor_layout_any, const T2 *)"
1675172864,12096,2591,,,,,,,,,,0.094,7745.942,Pinned,Device,NVIDIA A100-SXM4-40GB MIG 4g.20gb (0),1,,13,[CUDA memcpy Host-to-Device]
1675303486,604633,2592,,,,,,,,,,456.561,754696.060,Device,,NVIDIA A100-SXM4-40GB MIG 4g.20gb (0),1,,13,[CUDA memset]
1675911767,81791,2597,,,,,,,,,,1.235,15098.425,Pinned,Device,NVIDIA A100-SXM4-40GB MIG 4g.20gb (0),1,,13,[CUDA memcpy Host-to-Device]
1675996182,12704,2598,,,,,,,,,,0.197,15475.999,Pinned,Device,NVIDIA A100-SXM4-40GB MIG 4g.20gb (0),1,,13,[CUDA memcpy Host-to-Device]
1676147348,17440,2599,69,4,1,48,1,1,76,0.002,0.000,,,,,NVIDIA A100-SXM4-40GB MIG 4g.20gb (0),1,,13,"void ch_est::windowedChEstPreNoDftSOfdmKernel<float, __half, float, (unsigned int)2, (unsigned int)1, (unsigned short)4>(ch_est::puschRxChEstStatDescr_t *, ch_est::puschRxChEstDynDescr_t *)"
1676375154,14880,2600,137,2,1,24,2,1,44,0.001,0.001,,,,,NVIDIA A100-SXM4-40GB MIG 4g.20gb (0),1,,13,"void ch_est::chEstFilterNoDftSOfdmDispatchKernel<float, __half, float, (unsigned int)2>(ch_est::puschRxChEstStatDescr_t *, ch_est::puschRxChEstDynDescr_t *)"
1676610511,14048,2601,137,2,1,24,2,1,44,0.001,0.001,,,,,NVIDIA A100-SXM4-40GB MIG 4g.20gb (0),1,,13,"void ch_est::chEstFilterNoDftSOfdmDispatchKernel<float, __half, float, (unsigned int)2>(ch_est::puschRxChEstStatDescr_t *, ch_est::puschRxChEstDynDescr_t *)"
1676833228,6080,2612,103,1,1,128,1,1,16,0.000,0.000,,,,,NVIDIA A100-SXM4-40GB MIG 4g.20gb (0),1,,13,cupy_copy__complex64_complex64
1677027498,19808,2622,1434,1,1,128,1,1,16,0.000,0.000,,,,,NVIDIA A100-SXM4-40GB MIG 4g.20gb (0),1,,13,cupy_copy__complex64_complex64
1677233704,4768,2629,103,1,1,128,1,1,16,0.000,0.000,,,,,NVIDIA A100-SXM4-40GB MIG 4g.20gb (0),1,,13,cupy_copy__complex64_complex64
1677623843,274589,2636,1,1,1,32,32,1,30,0.000,0.000,,,,,NVIDIA A100-SXM4-40GB MIG 4g.20gb (0),1,,13,"void convert_kernel<__half2, float2>(tensor_layout_any, T1 *, tensor_layout_any, const T2 *)"
1677928896,5344,2639,,,,,,,,,,0.094,17532.864,Pinned,Device,NVIDIA A100-SXM4-40GB MIG 4g.20gb (0),1,,13,[CUDA memcpy Host-to-Device]
1677941824,50687,2640,,,,,,,,,,35.810,706458.102,Device,,NVIDIA A100-SXM4-40GB MIG 4g.20gb (0),1,,13,[CUDA memset]
1677995711,5888,2642,,,,,,,,,,0.000,13.587,Pinned,Device,NVIDIA A100-SXM4-40GB MIG 4g.20gb (0),1,,13,[CUDA memcpy Host-to-Device]
1678007647,13472,2643,,,,,,,,,,0.197,14593.819,Pinned,Device,NVIDIA A100-SXM4-40GB MIG 4g.20gb (0),1,,13,[CUDA memcpy Host-to-Device]
1678209757,20063,2644,273,1,1,48,1,1,40,0.000,0.001,,,,,NVIDIA A100-SXM4-40GB MIG 4g.20gb (0),1,,13,"void pusch_noise_intf_est::noiseIntfEstNoDftSOfdmKernel<float, __half, float, float, (unsigned int)2, (unsigned int)1, (unsigned char)4, (unsigned char)4>(pusch_noise_intf_est::puschRxNoiseIntfEstDynDescr)"
1678432954,7104,2655,35,1,1,128,1,1,16,0.000,0.000,,,,,NVIDIA A100-SXM4-40GB MIG 4g.20gb (0),1,,13,cupy_copy__complex64_complex64
1678631352,5568,2664,1,1,1,1,1,1,18,0.000,0.000,,,,,NVIDIA A100-SXM4-40GB MIG 4g.20gb (0),1,,13,cupy_copy__float32_float32
1678641560,1631,2670,,,,,,,,,,0.000,2.452,Device,Pageable,NVIDIA A100-SXM4-40GB MIG 4g.20gb (0),1,,7,[CUDA memcpy Device-to-Host]
1678922292,18592,2681,1434,1,1,128,1,1,16,0.000,0.000,,,,,NVIDIA A100-SXM4-40GB MIG 4g.20gb (0),1,,13,cupy_copy__complex64_complex64
1679293488,6688,2688,103,1,1,128,1,1,16,0.000,0.000,,,,,NVIDIA A100-SXM4-40GB MIG 4g.20gb (0),1,,13,cupy_copy__complex64_complex64
1679533645,7872,2695,35,1,1,128,1,1,16,0.000,0.000,,,,,NVIDIA A100-SXM4-40GB MIG 4g.20gb (0),1,,13,cupy_copy__complex64_complex64
1679862825,4928,2702,1,1,1,1,1,1,18,0.000,0.000,,,,,NVIDIA A100-SXM4-40GB MIG 4g.20gb (0),1,,13,cupy_copy__float32_float32
1680162950,282557,2713,1,1,1,32,32,1,30,0.000,0.000,,,,,NVIDIA A100-SXM4-40GB MIG 4g.20gb (0),1,,13,"void convert_kernel<__half2, float2>(tensor_layout_any, T1 *, tensor_layout_any, const T2 *)"
1680477154,7872,2716,,,,,,,,,,0.094,11902.390,Pinned,Device,NVIDIA A100-SXM4-40GB MIG 4g.20gb (0),1,,13,[CUDA memcpy Host-to-Device]
1680708160,7392,2717,,,,,,,,,,1.547,209228.841,Device,,NVIDIA A100-SXM4-40GB MIG 4g.20gb (0),1,,13,[CUDA memset]
1680720127,4448,2722,,,,,,,,,,0.031,7035.967,Pinned,Device,NVIDIA A100-SXM4-40GB MIG 4g.20gb (0),1,,13,[CUDA memcpy Host-to-Device]
1680730335,10336,2723,,,,,,,,,,0.197,19021.627,Pinned,Device,NVIDIA A100-SXM4-40GB MIG 4g.20gb (0),1,,13,[CUDA memcpy Host-to-Device]
1680936285,17664,2724,273,1,1,8,4,1,39,0.002,0.000,,,,,NVIDIA A100-SXM4-40GB MIG 4g.20gb (0),1,,13,"void channel_eq::eqMmseCoefCompLowMimoKernel<float, float, float, (unsigned int)4, (unsigned int)1, (unsigned int)4>(const channel_eq::_puschRxChEqStatDescr *, channel_eq::_puschRxChEqCoefCompDynDescr)"
1681157594,16128,2725,273,1,1,12,11,1,51,0.002,0.000,,,,,NVIDIA A100-SXM4-40GB MIG 4g.20gb (0),1,,13,"void channel_eq::eqMmseSoftDemapKernel<float, __half, __half, float, (unsigned int)4, (unsigned short)16383>(channel_eq::_puschRxChEqStatDescr *, channel_eq::_puschRxChEqSoftDemapDynDescr)"
1681375000,731543,2726,1,1,1,32,32,1,30,0.000,0.000,,,,,NVIDIA A100-SXM4-40GB MIG 4g.20gb (0),1,,13,"void convert_kernel<float2, __half2>(tensor_layout_any, T1 *, tensor_layout_any, const T2 *)"
1682258126,14175,2738,2253,1,1,128,1,1,16,0.000,0.000,,,,,NVIDIA A100-SXM4-40GB MIG 4g.20gb (0),1,,13,cupy_copy__float16_float16
1682281773,7456,2747,282,1,1,128,1,1,16,0.000,0.000,,,,,NVIDIA A100-SXM4-40GB MIG 4g.20gb (0),1,,13,cupy_copy__complex64_complex64
1682436908,7391,2756,26,1,1,128,1,1,16,0.000,0.000,,,,,NVIDIA A100-SXM4-40GB MIG 4g.20gb (0),1,,13,cupy_copy__float32_float32
1682515883,11424,2765,103,1,1,128,1,1,16,0.000,0.000,,,,,NVIDIA A100-SXM4-40GB MIG 4g.20gb (0),1,,13,cupy_copy__complex64_complex64
1682633641,16160,2775,1434,1,1,128,1,1,16,0.000,0.000,,,,,NVIDIA A100-SXM4-40GB MIG 4g.20gb (0),1,,13,cupy_copy__complex64_complex64
1682826151,314332,2780,1,1,1,32,32,1,30,0.000,0.000,,,,,NVIDIA A100-SXM4-40GB MIG 4g.20gb (0),1,,13,"void convert_kernel<__half2, float2>(tensor_layout_any, T1 *, tensor_layout_any, const T2 *)"
1683171459,5984,2783,,,,,,,,,,0.094,15657.726,Pinned,Device,NVIDIA A100-SXM4-40GB MIG 4g.20gb (0),1,,13,[CUDA memcpy Host-to-Device]
1683404128,612889,2784,,,,,,,,,,456.561,744651.709,Device,,NVIDIA A100-SXM4-40GB MIG 4g.20gb (0),1,,13,[CUDA memset]
1684020281,56768,2789,,,,,,,,,,1.235,21753.539,Pinned,Device,NVIDIA A100-SXM4-40GB MIG 4g.20gb (0),1,,13,[CUDA memcpy Host-to-Device]
1684080889,10751,2790,,,,,,,,,,0.197,18287.297,Pinned,Device,NVIDIA A100-SXM4-40GB MIG 4g.20gb (0),1,,13,[CUDA memcpy Host-to-Device]
1684347733,14080,2791,69,4,1,48,1,1,76,0.002,0.000,,,,,NVIDIA A100-SXM4-40GB MIG 4g.20gb (0),1,,13,"void ch_est::windowedChEstPreNoDftSOfdmKernel<float, __half, float, (unsigned int)2, (unsigned int)1, (unsigned short)4>(ch_est::puschRxChEstStatDescr_t *, ch_est::puschRxChEstDynDescr_t *)"
1684701457,12384,2792,137,2,1,24,2,1,44,0.001,0.001,,,,,NVIDIA A100-SXM4-40GB MIG 4g.20gb (0),1,,13,"void ch_est::chEstFilterNoDftSOfdmDispatchKernel<float, __half, float, (unsigned int)2>(ch_est::puschRxChEstStatDescr_t *, ch_est::puschRxChEstDynDescr_t *)"
1685051309,11392,2793,137,2,1,24,2,1,44,0.001,0.001,,,,,NVIDIA A100-SXM4-40GB MIG 4g.20gb (0),1,,13,"void ch_est::chEstFilterNoDftSOfdmDispatchKernel<float, __half, float, (unsigned int)2>(ch_est::puschRxChEstStatDescr_t *, ch_est::puschRxChEstDynDescr_t *)"
1685299434,6880,2804,103,1,1,128,1,1,16,0.000,0.000,,,,,NVIDIA A100-SXM4-40GB MIG 4g.20gb (0),1,,13,cupy_copy__complex64_complex64
1685517480,24096,2814,1434,1,1,128,1,1,16,0.000,0.000,,,,,NVIDIA A100-SXM4-40GB MIG 4g.20gb (0),1,,13,cupy_copy__complex64_complex64
1685707910,6880,2821,103,1,1,128,1,1,16,0.000,0.000,,,,,NVIDIA A100-SXM4-40GB MIG 4g.20gb (0),1,,13,cupy_copy__complex64_complex64
1685813061,270332,2828,1,1,1,32,32,1,30,0.000,0.000,,,,,NVIDIA A100-SXM4-40GB MIG 4g.20gb (0),1,,13,"void convert_kernel<__half2, float2>(tensor_layout_any, T1 *, tensor_layout_any, const T2 *)"
1686126785,5888,2831,,,,,,,,,,0.094,15912.954,Pinned,Device,NVIDIA A100-SXM4-40GB MIG 4g.20gb (0),1,,13,[CUDA memcpy Host-to-Device]
1686283167,55103,2832,,,,,,,,,,35.810,649842.618,Device,,NVIDIA A100-SXM4-40GB MIG 4g.20gb (0),1,,13,[CUDA memset]
1686345054,1824,2834,,,,,,,,,,0.000,43.860,Pinned,Device,NVIDIA A100-SXM4-40GB MIG 4g.20gb (0),1,,13,[CUDA memcpy Host-to-Device]
1686349694,9344,2835,,,,,,,,,,0.197,21040.988,Pinned,Device,NVIDIA A100-SXM4-40GB MIG 4g.20gb (0),1,,13,[CUDA memcpy Host-to-Device]
1686584220,47071,2836,273,1,1,48,1,1,40,0.000,0.001,,,,,NVIDIA A100-SXM4-40GB MIG 4g.20gb (0),1,,13,"void pusch_noise_intf_est::noiseIntfEstNoDftSOfdmKernel<float, __half, float, float, (unsigned int)2, (unsigned int)1, (unsigned char)4, (unsigned char)4>(pusch_noise_intf_est::puschRxNoiseIntfEstDynDescr)"
1686736154,7808,2847,35,1,1,128,1,1,16,0.000,0.000,,,,,NVIDIA A100-SXM4-40GB MIG 4g.20gb (0),1,,13,cupy_copy__complex64_complex64
1686908120,3904,2856,1,1,1,1,1,1,18,0.000,0.000,,,,,NVIDIA A100-SXM4-40GB MIG 4g.20gb (0),1,,13,cupy_copy__float32_float32
1686914424,1568,2862,,,,,,,,,,0.000,2.551,Device,Pageable,NVIDIA A100-SXM4-40GB MIG 4g.20gb (0),1,,7,[CUDA memcpy Device-to-Host]
1687133813,17376,2873,1434,1,1,128,1,1,16,0.000,0.000,,,,,NVIDIA A100-SXM4-40GB MIG 4g.20gb (0),1,,13,cupy_copy__complex64_complex64
1687301011,16512,2880,103,1,1,128,1,1,16,0.000,0.000,,,,,NVIDIA A100-SXM4-40GB MIG 4g.20gb (0),1,,13,cupy_copy__complex64_complex64
1687409138,5952,2887,35,1,1,128,1,1,16,0.000,0.000,,,,,NVIDIA A100-SXM4-40GB MIG 4g.20gb (0),1,,13,cupy_copy__complex64_complex64
1687522097,3104,2894,1,1,1,1,1,1,18,0.000,0.000,,,,,NVIDIA A100-SXM4-40GB MIG 4g.20gb (0),1,,13,cupy_copy__float32_float32
1687600496,311004,2905,1,1,1,32,32,1,30,0.000,0.000,,,,,NVIDIA A100-SXM4-40GB MIG 4g.20gb (0),1,,13,"void convert_kernel<__half2, float2>(tensor_layout_any, T1 *, tensor_layout_any, const T2 *)"
1687945100,6944,2908,,,,,,,,,,0.094,13493.067,Pinned,Device,NVIDIA A100-SXM4-40GB MIG 4g.20gb (0),1,,13,[CUDA memcpy Host-to-Device]
1688235784,7168,2909,,,,,,,,,,1.547,215766.421,Device,,NVIDIA A100-SXM4-40GB MIG 4g.20gb (0),1,,13,[CUDA memset]
1688248424,7360,2914,,,,,,,,,,0.031,4252.156,Pinned,Device,NVIDIA A100-SXM4-40GB MIG 4g.20gb (0),1,,13,[CUDA memcpy Host-to-Device]
1688259336,12544,2915,,,,,,,,,,0.197,15673.393,Pinned,Device,NVIDIA A100-SXM4-40GB MIG 4g.20gb (0),1,,13,[CUDA memcpy Host-to-Device]
1688527589,13344,2916,273,1,1,8,4,1,39,0.002,0.000,,,,,NVIDIA A100-SXM4-40GB MIG 4g.20gb (0),1,,13,"void channel_eq::eqMmseCoefCompLowMimoKernel<float, float, float, (unsigned int)4, (unsigned int)1, (unsigned int)4>(const channel_eq::_puschRxChEqStatDescr *, channel_eq::_puschRxChEqCoefCompDynDescr)"
1688817634,16032,2917,273,1,1,12,11,1,51,0.002,0.000,,,,,NVIDIA A100-SXM4-40GB MIG 4g.20gb (0),1,,13,"void channel_eq::eqMmseSoftDemapKernel<float, __half, __half, float, (unsigned int)4, (unsigned short)16383>(channel_eq::_puschRxChEqStatDescr *, channel_eq::_puschRxChEqSoftDemapDynDescr)"
1689130718,722072,2918,1,1,1,32,32,1,30,0.000,0.000,,,,,NVIDIA A100-SXM4-40GB MIG 4g.20gb (0),1,,13,"void convert_kernel<float2, __half2>(tensor_layout_any, T1 *, tensor_layout_any, const T2 *)"
1690004692,13952,2930,2253,1,1,128,1,1,16,0.000,0.000,,,,,NVIDIA A100-SXM4-40GB MIG 4g.20gb (0),1,,13,cupy_copy__float16_float16
1690180818,5728,2939,282,1,1,128,1,1,16,0.000,0.000,,,,,NVIDIA A100-SXM4-40GB MIG 4g.20gb (0),1,,13,cupy_copy__complex64_complex64
1690239761,3744,2948,26,1,1,128,1,1,16,0.000,0.000,,,,,NVIDIA A100-SXM4-40GB MIG 4g.20gb (0),1,,13,cupy_copy__float32_float32
1690313072,10112,2957,103,1,1,128,1,1,16,0.000,0.000,,,,,NVIDIA A100-SXM4-40GB MIG 4g.20gb (0),1,,13,cupy_copy__complex64_complex64
1690617709,20288,2967,1434,1,1,128,1,1,16,0.000,0.000,,,,,NVIDIA A100-SXM4-40GB MIG 4g.20gb (0),1,,13,cupy_copy__complex64_complex64
1690732076,249117,2972,1,1,1,32,32,1,30,0.000,0.000,,,,,NVIDIA A100-SXM4-40GB MIG 4g.20gb (0),1,,13,"void convert_kernel<__half2, float2>(tensor_layout_any, T1 *, tensor_layout_any, const T2 *)"
1691015208,9216,2975,,,,,,,,,,0.094,10166.578,Pinned,Device,NVIDIA A100-SXM4-40GB MIG 4g.20gb (0),1,,13,[CUDA memcpy Host-to-Device]
1691293829,615673,2976,,,,,,,,,,456.561,741455.779,Device,,NVIDIA A100-SXM4-40GB MIG 4g.20gb (0),1,,13,[CUDA memset]
1691915678,68863,2981,,,,,,,,,,1.235,17932.622,Pinned,Device,NVIDIA A100-SXM4-40GB MIG 4g.20gb (0),1,,13,[CUDA memcpy Host-to-Device]
1691987005,13344,2982,,,,,,,,,,0.197,14733.804,Pinned,Device,NVIDIA A100-SXM4-40GB MIG 4g.20gb (0),1,,13,[CUDA memcpy Host-to-Device]
1692237146,11584,2983,69,4,1,48,1,1,76,0.002,0.000,,,,,NVIDIA A100-SXM4-40GB MIG 4g.20gb (0),1,,13,"void ch_est::windowedChEstPreNoDftSOfdmKernel<float, __half, float, (unsigned int)2, (unsigned int)1, (unsigned short)4>(ch_est::puschRxChEstStatDescr_t *, ch_est::puschRxChEstDynDescr_t *)"
1692628598,27359,2984,137,2,1,24,2,1,44,0.001,0.001,,,,,NVIDIA A100-SXM4-40GB MIG 4g.20gb (0),1,,13,"void ch_est::chEstFilterNoDftSOfdmDispatchKernel<float, __half, float, (unsigned int)2>(ch_est::puschRxChEstStatDescr_t *, ch_est::puschRxChEstDynDescr_t *)"
1692966258,20639,2985,137,2,1,24,2,1,44,0.001,0.001,,,,,NVIDIA A100-SXM4-40GB MIG 4g.20gb (0),1,,13,"void ch_est::chEstFilterNoDftSOfdmDispatchKernel<float, __half, float, (unsigned int)2>(ch_est::puschRxChEstStatDescr_t *, ch_est::puschRxChEstDynDescr_t *)"
1693256782,5344,2996,103,1,1,128,1,1,16,0.000,0.000,,,,,NVIDIA A100-SXM4-40GB MIG 4g.20gb (0),1,,13,cupy_copy__complex64_complex64
1693480140,16448,3006,1434,1,1,128,1,1,16,0.000,0.000,,,,,NVIDIA A100-SXM4-40GB MIG 4g.20gb (0),1,,13,cupy_copy__complex64_complex64
1693872647,8480,3013,103,1,1,128,1,1,16,0.000,0.000,,,,,NVIDIA A100-SXM4-40GB MIG 4g.20gb (0),1,,13,cupy_copy__complex64_complex64
1694216867,263069,3020,1,1,1,32,32,1,30,0.000,0.000,,,,,NVIDIA A100-SXM4-40GB MIG 4g.20gb (0),1,,13,"void convert_kernel<__half2, float2>(tensor_layout_any, T1 *, tensor_layout_any, const T2 *)"
1694512160,11776,3023,,,,,,,,,,0.094,7956.477,Pinned,Device,NVIDIA A100-SXM4-40GB MIG 4g.20gb (0),1,,13,[CUDA memcpy Host-to-Device]
1694734781,54496,3024,,,,,,,,,,35.810,657076.222,Device,,NVIDIA A100-SXM4-40GB MIG 4g.20gb (0),1,,13,[CUDA memset]
1694796349,1824,3026,,,,,,,,,,0.000,43.860,Pinned,Device,NVIDIA A100-SXM4-40GB MIG 4g.20gb (0),1,,13,[CUDA memcpy Host-to-Device]
1694802108,13440,3027,,,,,,,,,,0.197,14628.422,Pinned,Device,NVIDIA A100-SXM4-40GB MIG 4g.20gb (0),1,,13,[CUDA memcpy Host-to-Device]
1695015962,24704,3028,273,1,1,48,1,1,40,0.000,0.001,,,,,NVIDIA A100-SXM4-40GB MIG 4g.20gb (0),1,,13,"void pusch_noise_intf_est::noiseIntfEstNoDftSOfdmKernel<float, __half, float, float, (unsigned int)2, (unsigned int)1, (unsigned char)4, (unsigned char)4>(pusch_noise_intf_est::puschRxNoiseIntfEstDynDescr)"
1695234743,9664,3039,35,1,1,128,1,1,16,0.000,0.000,,,,,NVIDIA A100-SXM4-40GB MIG 4g.20gb (0),1,,13,cupy_copy__complex64_complex64
1695410869,9376,3048,1,1,1,1,1,1,18,0.000,0.000,,,,,NVIDIA A100-SXM4-40GB MIG 4g.20gb (0),1,,13,cupy_copy__float32_float32
1695422997,1600,3054,,,,,,,,,,0.000,2.500,Device,Pageable,NVIDIA A100-SXM4-40GB MIG 4g.20gb (0),1,,7,[CUDA memcpy Device-to-Host]
1695654995,16383,3065,1434,1,1,128,1,1,16,0.000,0.000,,,,,NVIDIA A100-SXM4-40GB MIG 4g.20gb (0),1,,13,cupy_copy__complex64_complex64
1695711794,15552,3072,103,1,1,128,1,1,16,0.000,0.000,,,,,NVIDIA A100-SXM4-40GB MIG 4g.20gb (0),1,,13,cupy_copy__complex64_complex64
1695739154,8608,3079,35,1,1,128,1,1,16,0.000,0.000,,,,,NVIDIA A100-SXM4-40GB MIG 4g.20gb (0),1,,13,cupy_copy__complex64_complex64
1695788273,2624,3086,1,1,1,1,1,1,18,0.000,0.000,,,,,NVIDIA A100-SXM4-40GB MIG 4g.20gb (0),1,,13,cupy_copy__float32_float32
1695817873,162846,3097,1,1,1,32,32,1,30,0.000,0.000,,,,,NVIDIA A100-SXM4-40GB MIG 4g.20gb (0),1,,13,"void convert_kernel<__half2, float2>(tensor_layout_any, T1 *, tensor_layout_any, const T2 *)"
1696012846,5344,3100,,,,,,,,,,0.094,17532.864,Pinned,Device,NVIDIA A100-SXM4-40GB MIG 4g.20gb (0),1,,13,[CUDA memcpy Host-to-Device]
1696043790,6528,3101,,,,,,,,,,1.547,236921.144,Device,,NVIDIA A100-SXM4-40GB MIG 4g.20gb (0),1,,13,[CUDA memset]
1696053934,3488,3106,,,,,,,,,,0.031,8972.469,Pinned,Device,NVIDIA A100-SXM4-40GB MIG 4g.20gb (0),1,,13,[CUDA memcpy Host-to-Device]
1696064590,10464,3107,,,,,,,,,,0.197,18788.844,Pinned,Device,NVIDIA A100-SXM4-40GB MIG 4g.20gb (0),1,,13,[CUDA memcpy Host-to-Device]
1696177965,23743,3108,273,1,1,8,4,1,39,0.002,0.000,,,,,NVIDIA A100-SXM4-40GB MIG 4g.20gb (0),1,,13,"void channel_eq::eqMmseCoefCompLowMimoKernel<float, float, float, (unsigned int)4, (unsigned int)1, (unsigned int)4>(const channel_eq::_puschRxChEqStatDescr *, channel_eq::_puschRxChEqCoefCompDynDescr)"
1696358506,12800,3109,273,1,1,12,11,1,51,0.002,0.000,,,,,NVIDIA A100-SXM4-40GB MIG 4g.20gb (0),1,,13,"void channel_eq::eqMmseSoftDemapKernel<float, __half, __half, float, (unsigned int)4, (unsigned short)16383>(channel_eq::_puschRxChEqStatDescr *, channel_eq::_puschRxChEqSoftDemapDynDescr)"
1696554056,727704,3110,1,1,1,32,32,1,30,0.000,0.000,,,,,NVIDIA A100-SXM4-40GB MIG 4g.20gb (0),1,,13,"void convert_kernel<float2, __half2>(tensor_layout_any, T1 *, tensor_layout_any, const T2 *)"
1697498013,19072,3122,2253,1,1,128,1,1,16,0.000,0.000,,,,,NVIDIA A100-SXM4-40GB MIG 4g.20gb (0),1,,13,cupy_copy__float16_float16
1697681243,31744,3131,282,1,1,128,1,1,16,0.000,0.000,,,,,NVIDIA A100-SXM4-40GB MIG 4g.20gb (0),1,,13,cupy_copy__complex64_complex64
1697883833,4960,3140,26,1,1,128,1,1,16,0.000,0.000,,,,,NVIDIA A100-SXM4-40GB MIG 4g.20gb (0),1,,13,cupy_copy__float32_float32
1698122390,11104,3149,103,1,1,128,1,1,16,0.000,0.000,,,,,NVIDIA A100-SXM4-40GB MIG 4g.20gb (0),1,,13,cupy_copy__complex64_complex64
1698320244,18112,3159,1434,1,1,128,1,1,16,0.000,0.000,,,,,NVIDIA A100-SXM4-40GB MIG 4g.20gb (0),1,,13,cupy_copy__complex64_complex64
1698516978,293788,3164,1,1,1,32,32,1,30,0.000,0.000,,,,,NVIDIA A100-SXM4-40GB MIG 4g.20gb (0),1,,13,"void convert_kernel<__half2, float2>(tensor_layout_any, T1 *, tensor_layout_any, const T2 *)"
1698841838,5888,3167,,,,,,,,,,0.094,15912.954,Pinned,Device,NVIDIA A100-SXM4-40GB MIG 4g.20gb (0),1,,13,[CUDA memcpy Host-to-Device]
1698948301,628728,3168,,,,,,,,,,456.561,725932.690,Device,,NVIDIA A100-SXM4-40GB MIG 4g.20gb (0),1,,13,[CUDA memset]
1699579973,52608,3173,,,,,,,,,,1.235,23473.816,Pinned,Device,NVIDIA A100-SXM4-40GB MIG 4g.20gb (0),1,,13,[CUDA memcpy Host-to-Device]
1699635013,9407,3174,,,,,,,,,,0.197,20900.020,Pinned,Device,NVIDIA A100-SXM4-40GB MIG 4g.20gb (0),1,,13,[CUDA memcpy Host-to-Device]
1699748291,23296,3175,69,4,1,48,1,1,76,0.002,0.000,,,,,NVIDIA A100-SXM4-40GB MIG 4g.20gb (0),1,,13,"void ch_est::windowedChEstPreNoDftSOfdmKernel<float, __half, float, (unsigned int)2, (unsigned int)1, (unsigned short)4>(ch_est::puschRxChEstStatDescr_t *, ch_est::puschRxChEstDynDescr_t *)"
1699870466,14944,3176,137,2,1,24,2,1,44,0.001,0.001,,,,,NVIDIA A100-SXM4-40GB MIG 4g.20gb (0),1,,13,"void ch_est::chEstFilterNoDftSOfdmDispatchKernel<float, __half, float, (unsigned int)2>(ch_est::puschRxChEstStatDescr_t *, ch_est::puschRxChEstDynDescr_t *)"
1700052512,13280,3177,137,2,1,24,2,1,44,0.001,0.001,,,,,NVIDIA A100-SXM4-40GB MIG 4g.20gb (0),1,,13,"void ch_est::chEstFilterNoDftSOfdmDispatchKernel<float, __half, float, (unsigned int)2>(ch_est::puschRxChEstStatDescr_t *, ch_est::puschRxChEstDynDescr_t *)"
1700135167,5152,3188,103,1,1,128,1,1,16,0.000,0.000,,,,,NVIDIA A100-SXM4-40GB MIG 4g.20gb (0),1,,13,cupy_copy__complex64_complex64
1700183390,18112,3198,1434,1,1,128,1,1,16,0.000,0.000,,,,,NVIDIA A100-SXM4-40GB MIG 4g.20gb (0),1,,13,cupy_copy__complex64_complex64
1700214302,4672,3205,103,1,1,128,1,1,16,0.000,0.000,,,,,NVIDIA A100-SXM4-40GB MIG 4g.20gb (0),1,,13,cupy_copy__complex64_complex64
1700262685,149823,3212,1,1,1,32,32,1,30,0.000,0.000,,,,,NVIDIA A100-SXM4-40GB MIG 4g.20gb (0),1,,13,"void convert_kernel<__half2, float2>(tensor_layout_any, T1 *, tensor_layout_any, const T2 *)"
1700449115,5376,3215,,,,,,,,,,0.094,17428.487,Pinned,Device,NVIDIA A100-SXM4-40GB MIG 4g.20gb (0),1,,13,[CUDA memcpy Host-to-Device]
1700496635,61631,3216,,,,,,,,,,35.810,581015.952,Device,,NVIDIA A100-SXM4-40GB MIG 4g.20gb (0),1,,13,[CUDA memset]
1700559898,1856,3218,,,,,,,,,,0.000,43.103,Pinned,Device,NVIDIA A100-SXM4-40GB MIG 4g.20gb (0),1,,13,[CUDA memcpy Host-to-Device]
1700564218,9376,3219,,,,,,,,,,0.197,20969.226,Pinned,Device,NVIDIA A100-SXM4-40GB MIG 4g.20gb (0),1,,13,[CUDA memcpy Host-to-Device]
1700628953,30816,3220,273,1,1,48,1,1,40,0.000,0.001,,,,,NVIDIA A100-SXM4-40GB MIG 4g.20gb (0),1,,13,"void pusch_noise_intf_est::noiseIntfEstNoDftSOfdmKernel<float, __half, float, float, (unsigned int)2, (unsigned int)1, (unsigned char)4, (unsigned char)4>(pusch_noise_intf_est::puschRxNoiseIntfEstDynDescr)"
1700709880,5984,3231,35,1,1,128,1,1,16,0.000,0.000,,,,,NVIDIA A100-SXM4-40GB MIG 4g.20gb (0),1,,13,cupy_copy__complex64_complex64
1700818903,3968,3240,1,1,1,1,1,1,18,0.000,0.000,,,,,NVIDIA A100-SXM4-40GB MIG 4g.20gb (0),1,,13,cupy_copy__float32_float32
1700823735,5856,3246,,,,,,,,,,0.000,0.683,Device,Pageable,NVIDIA A100-SXM4-40GB MIG 4g.20gb (0),1,,7,[CUDA memcpy Device-to-Host]
1700998133,14624,3257,1434,1,1,128,1,1,16,0.000,0.000,,,,,NVIDIA A100-SXM4-40GB MIG 4g.20gb (0),1,,13,cupy_copy__complex64_complex64
1701171443,17088,3264,103,1,1,128,1,1,16,0.000,0.000,,,,,NVIDIA A100-SXM4-40GB MIG 4g.20gb (0),1,,13,cupy_copy__complex64_complex64
1701342129,10464,3271,35,1,1,128,1,1,16,0.000,0.000,,,,,NVIDIA A100-SXM4-40GB MIG 4g.20gb (0),1,,13,cupy_copy__complex64_complex64
1701518127,5056,3278,1,1,1,1,1,1,18,0.000,0.000,,,,,NVIDIA A100-SXM4-40GB MIG 4g.20gb (0),1,,13,cupy_copy__float32_float32
1701720268,291869,3289,1,1,1,32,32,1,30,0.000,0.000,,,,,NVIDIA A100-SXM4-40GB MIG 4g.20gb (0),1,,13,"void convert_kernel<__half2, float2>(tensor_layout_any, T1 *, tensor_layout_any, const T2 *)"
1702047849,20127,3292,,,,,,,,,,0.094,4655.192,Pinned,Device,NVIDIA A100-SXM4-40GB MIG 4g.20gb (0),1,,13,[CUDA memcpy Host-to-Device]
1702275878,12352,3293,,,,,,,,,,1.547,125211.586,Device,,NVIDIA A100-SXM4-40GB MIG 4g.20gb (0),1,,13,[CUDA memset]
1702289222,12640,3298,,,,,,,,,,0.031,2475.920,Pinned,Device,NVIDIA A100-SXM4-40GB MIG 4g.20gb (0),1,,13,[CUDA memcpy Host-to-Device]
1702307782,18783,3299,,,,,,,,,,0.197,10467.213,Pinned,Device,NVIDIA A100-SXM4-40GB MIG 4g.20gb (0),1,,13,[CUDA memcpy Host-to-Device]
1702556227,19392,3300,273,1,1,8,4,1,39,0.002,0.000,,,,,NVIDIA A100-SXM4-40GB MIG 4g.20gb (0),1,,13,"void channel_eq::eqMmseCoefCompLowMimoKernel<float, float, float, (unsigned int)4, (unsigned int)1, (unsigned int)4>(const channel_eq::_puschRxChEqStatDescr *, channel_eq::_puschRxChEqCoefCompDynDescr)"
1702833056,14143,3301,273,1,1,12,11,1,51,0.002,0.000,,,,,NVIDIA A100-SXM4-40GB MIG 4g.20gb (0),1,,13,"void channel_eq::eqMmseSoftDemapKernel<float, __half, __half, float, (unsigned int)4, (unsigned short)16383>(channel_eq::_puschRxChEqStatDescr *, channel_eq::_puschRxChEqSoftDemapDynDescr)"
1703117468,742872,3302,1,1,1,32,32,1,30,0.000,0.000,,,,,NVIDIA A100-SXM4-40GB MIG 4g.20gb (0),1,,13,"void convert_kernel<float2, __half2>(tensor_layout_any, T1 *, tensor_layout_any, const T2 *)"
1703926355,13728,3314,2253,1,1,128,1,1,16,0.000,0.000,,,,,NVIDIA A100-SXM4-40GB MIG 4g.20gb (0),1,,13,cupy_copy__float16_float16
1704018162,5504,3323,282,1,1,128,1,1,16,0.000,0.000,,,,,NVIDIA A100-SXM4-40GB MIG 4g.20gb (0),1,,13,cupy_copy__complex64_complex64
1704078257,3072,3332,26,1,1,128,1,1,16,0.000,0.000,,,,,NVIDIA A100-SXM4-40GB MIG 4g.20gb (0),1,,13,cupy_copy__float32_float32
1704106929,7520,3341,103,1,1,128,1,1,16,0.000,0.000,,,,,NVIDIA A100-SXM4-40GB MIG 4g.20gb (0),1,,13,cupy_copy__complex64_complex64
1704157040,17792,3351,1434,1,1,128,1,1,16,0.000,0.000,,,,,NVIDIA A100-SXM4-40GB MIG 4g.20gb (0),1,,13,cupy_copy__complex64_complex64
1704191312,150526,3356,1,1,1,32,32,1,30,0.000,0.000,,,,,NVIDIA A100-SXM4-40GB MIG 4g.20gb (0),1,,13,"void convert_kernel<__half2, float2>(tensor_layout_any, T1 *, tensor_layout_any, const T2 *)"
1704372910,6432,3359,,,,,,,,,,0.094,14567.105,Pinned,Device,NVIDIA A100-SXM4-40GB MIG 4g.20gb (0),1,,13,[CUDA memcpy Host-to-Device]
1704427373,623385,3360,,,,,,,,,,456.561,732324.550,Device,,NVIDIA A100-SXM4-40GB MIG 4g.20gb (0),1,,13,[CUDA memset]
1705056678,50623,3365,,,,,,,,,,1.235,24393.849,Pinned,Device,NVIDIA A100-SXM4-40GB MIG 4g.20gb (0),1,,13,[CUDA memcpy Host-to-Device]
1705110629,10496,3366,,,,,,,,,,0.197,18731.631,Pinned,Device,NVIDIA A100-SXM4-40GB MIG 4g.20gb (0),1,,13,[CUDA memcpy Host-to-Device]
1705199876,20992,3367,69,4,1,48,1,1,76,0.002,0.000,,,,,NVIDIA A100-SXM4-40GB MIG 4g.20gb (0),1,,13,"void ch_est::windowedChEstPreNoDftSOfdmKernel<float, __half, float, (unsigned int)2, (unsigned int)1, (unsigned short)4>(ch_est::puschRxChEstStatDescr_t *, ch_est::puschRxChEstDynDescr_t *)"
1705396738,20416,3368,137,2,1,24,2,1,44,0.001,0.001,,,,,NVIDIA A100-SXM4-40GB MIG 4g.20gb (0),1,,13,"void ch_est::chEstFilterNoDftSOfdmDispatchKernel<float, __half, float, (unsigned int)2>(ch_est::puschRxChEstStatDescr_t *, ch_est::puschRxChEstDynDescr_t *)"
1705511873,12767,3369,137,2,1,24,2,1,44,0.001,0.001,,,,,NVIDIA A100-SXM4-40GB MIG 4g.20gb (0),1,,13,"void ch_est::chEstFilterNoDftSOfdmDispatchKernel<float, __half, float, (unsigned int)2>(ch_est::puschRxChEstStatDescr_t *, ch_est::puschRxChEstDynDescr_t *)"
1705715006,5280,3380,103,1,1,128,1,1,16,0.000,0.000,,,,,NVIDIA A100-SXM4-40GB MIG 4g.20gb (0),1,,13,cupy_copy__complex64_complex64
1705880188,20160,3390,1434,1,1,128,1,1,16,0.000,0.000,,,,,NVIDIA A100-SXM4-40GB MIG 4g.20gb (0),1,,13,cupy_copy__complex64_complex64
1705994843,12736,3397,103,1,1,128,1,1,16,0.000,0.000,,,,,NVIDIA A100-SXM4-40GB MIG 4g.20gb (0),1,,13,cupy_copy__complex64_complex64
1706112858,286588,3404,1,1,1,32,32,1,30,0.000,0.000,,,,,NVIDIA A100-SXM4-40GB MIG 4g.20gb (0),1,,13,"void convert_kernel<__half2, float2>(tensor_layout_any, T1 *, tensor_layout_any, const T2 *)"
1706431638,7648,3407,,,,,,,,,,0.094,12251.033,Pinned,Device,NVIDIA A100-SXM4-40GB MIG 4g.20gb (0),1,,13,[CUDA memcpy Host-to-Device]
1706600308,58143,3408,,,,,,,,,,35.810,615859.004,Device,,NVIDIA A100-SXM4-40GB MIG 4g.20gb (0),1,,13,[CUDA memset]
1706661171,1824,3410,,,,,,,,,,0.000,43.860,Pinned,Device,NVIDIA A100-SXM4-40GB MIG 4g.20gb (0),1,,13,[CUDA memcpy Host-to-Device]
1706667827,9600,3411,,,,,,,,,,0.197,20479.869,Pinned,Device,NVIDIA A100-SXM4-40GB MIG 4g.20gb (0),1,,13,[CUDA memcpy Host-to-Device]
1706846065,30176,3412,273,1,1,48,1,1,40,0.000,0.001,,,,,NVIDIA A100-SXM4-40GB MIG 4g.20gb (0),1,,13,"void pusch_noise_intf_est::noiseIntfEstNoDftSOfdmKernel<float, __half, float, float, (unsigned int)2, (unsigned int)1, (unsigned char)4, (unsigned char)4>(pusch_noise_intf_est::puschRxNoiseIntfEstDynDescr)"
1706956816,8064,3423,35,1,1,128,1,1,16,0.000,0.000,,,,,NVIDIA A100-SXM4-40GB MIG 4g.20gb (0),1,,13,cupy_copy__complex64_complex64
1707111374,8800,3432,1,1,1,1,1,1,18,0.000,0.000,,,,,NVIDIA A100-SXM4-40GB MIG 4g.20gb (0),1,,13,cupy_copy__float32_float32
1707126158,1600,3438,,,,,,,,,,0.000,2.500,Device,Pageable,NVIDIA A100-SXM4-40GB MIG 4g.20gb (0),1,,7,[CUDA memcpy Device-to-Host]
1707339371,14752,3449,1434,1,1,128,1,1,16,0.000,0.000,,,,,NVIDIA A100-SXM4-40GB MIG 4g.20gb (0),1,,13,cupy_copy__complex64_complex64
1707397483,5568,3456,103,1,1,128,1,1,16,0.000,0.000,,,,,NVIDIA A100-SXM4-40GB MIG 4g.20gb (0),1,,13,cupy_copy__complex64_complex64
1707427434,8000,3463,35,1,1,128,1,1,16,0.000,0.000,,,,,NVIDIA A100-SXM4-40GB MIG 4g.20gb (0),1,,13,cupy_copy__complex64_complex64
1707476234,2880,3470,1,1,1,1,1,1,18,0.000,0.000,,,,,NVIDIA A100-SXM4-40GB MIG 4g.20gb (0),1,,13,cupy_copy__float32_float32
1707505225,167103,3481,1,1,1,32,32,1,30,0.000,0.000,,,,,NVIDIA A100-SXM4-40GB MIG 4g.20gb (0),1,,13,"void convert_kernel<__half2, float2>(tensor_layout_any, T1 *, tensor_layout_any, const T2 *)"
1707702279,5376,3484,,,,,,,,,,0.094,17428.487,Pinned,Device,NVIDIA A100-SXM4-40GB MIG 4g.20gb (0),1,,13,[CUDA memcpy Host-to-Device]
1707727655,7232,3485,,,,,,,,,,1.547,213857.887,Device,,NVIDIA A100-SXM4-40GB MIG 4g.20gb (0),1,,13,[CUDA memset]
1707735367,3712,3490,,,,,,,,,,0.031,8431.017,Pinned,Device,NVIDIA A100-SXM4-40GB MIG 4g.20gb (0),1,,13,[CUDA memcpy Host-to-Device]
1707741511,10752,3491,,,,,,,,,,0.197,18285.527,Pinned,Device,NVIDIA A100-SXM4-40GB MIG 4g.20gb (0),1,,13,[CUDA memcpy Host-to-Device]
1707815590,20704,3492,273,1,1,8,4,1,39,0.002,0.000,,,,,NVIDIA A100-SXM4-40GB MIG 4g.20gb (0),1,,13,"void channel_eq::eqMmseCoefCompLowMimoKernel<float, float, float, (unsigned int)4, (unsigned int)1, (unsigned int)4>(const channel_eq::_puschRxChEqStatDescr *, channel_eq::_puschRxChEqCoefCompDynDescr)"
1707893477,13504,3493,273,1,1,12,11,1,51,0.002,0.000,,,,,NVIDIA A100-SXM4-40GB MIG 4g.20gb (0),1,,13,"void channel_eq::eqMmseSoftDemapKernel<float, __half, __half, float, (unsigned int)4, (unsigned short)16383>(channel_eq::_puschRxChEqStatDescr *, channel_eq::_puschRxChEqSoftDemapDynDescr)"
1707975684,381852,3494,1,1,1,32,32,1,30,0.000,0.000,,,,,NVIDIA A100-SXM4-40GB MIG 4g.20gb (0),1,,13,"void convert_kernel<float2, __half2>(tensor_layout_any, T1 *, tensor_layout_any, const T2 *)"
1708476062,21664,3506,2253,1,1,128,1,1,16,0.000,0.000,,,,,NVIDIA A100-SXM4-40GB MIG 4g.20gb (0),1,,13,cupy_copy__float16_float16
1708617373,10815,3515,282,1,1,128,1,1,16,0.000,0.000,,,,,NVIDIA A100-SXM4-40GB MIG 4g.20gb (0),1,,13,cupy_copy__complex64_complex64
1708706652,5376,3524,26,1,1,128,1,1,16,0.000,0.000,,,,,NVIDIA A100-SXM4-40GB MIG 4g.20gb (0),1,,13,cupy_copy__float32_float32
1708874810,12191,3533,103,1,1,128,1,1,16,0.000,0.000,,,,,NVIDIA A100-SXM4-40GB MIG 4g.20gb (0),1,,13,cupy_copy__complex64_complex64
1708907193,14368,3543,1434,1,1,128,1,1,16,0.000,0.000,,,,,NVIDIA A100-SXM4-40GB MIG 4g.20gb (0),1,,13,cupy_copy__complex64_complex64
1709108247,278269,3548,1,1,1,32,32,1,30,0.000,0.000,,,,,NVIDIA A100-SXM4-40GB MIG 4g.20gb (0),1,,13,"void convert_kernel<__half2, float2>(tensor_layout_any, T1 *, tensor_layout_any, const T2 *)"
1709417875,7584,3551,,,,,,,,,,0.094,12354.380,Pinned,Device,NVIDIA A100-SXM4-40GB MIG 4g.20gb (0),1,,13,[CUDA memcpy Host-to-Device]
1709531698,615705,3552,,,,,,,,,,456.561,741455.779,Device,,NVIDIA A100-SXM4-40GB MIG 4g.20gb (0),1,,13,[CUDA memset]
1710150155,64319,3557,,,,,,,,,,1.235,19199.674,Pinned,Device,NVIDIA A100-SXM4-40GB MIG 4g.20gb (0),1,,13,[CUDA memcpy Host-to-Device]
1710217578,13984,3558,,,,,,,,,,0.197,14059.438,Pinned,Device,NVIDIA A100-SXM4-40GB MIG 4g.20gb (0),1,,13,[CUDA memcpy Host-to-Device]
1710356200,14208,3559,69,4,1,48,1,1,76,0.002,0.000,,,,,NVIDIA A100-SXM4-40GB MIG 4g.20gb (0),1,,13,"void ch_est::windowedChEstPreNoDftSOfdmKernel<float, __half, float, (unsigned int)2, (unsigned int)1, (unsigned short)4>(ch_est::puschRxChEstStatDescr_t *, ch_est::puschRxChEstDynDescr_t *)"
1710563622,12480,3560,137,2,1,24,2,1,44,0.001,0.001,,,,,NVIDIA A100-SXM4-40GB MIG 4g.20gb (0),1,,13,"void ch_est::chEstFilterNoDftSOfdmDispatchKernel<float, __half, float, (unsigned int)2>(ch_est::puschRxChEstStatDescr_t *, ch_est::puschRxChEstDynDescr_t *)"
1710771396,13824,3561,137,2,1,24,2,1,44,0.001,0.001,,,,,NVIDIA A100-SXM4-40GB MIG 4g.20gb (0),1,,13,"void ch_est::chEstFilterNoDftSOfdmDispatchKernel<float, __half, float, (unsigned int)2>(ch_est::puschRxChEstStatDescr_t *, ch_est::puschRxChEstDynDescr_t *)"
1710986433,5664,3572,103,1,1,128,1,1,16,0.000,0.000,,,,,NVIDIA A100-SXM4-40GB MIG 4g.20gb (0),1,,13,cupy_copy__complex64_complex64
1711167807,31904,3582,1434,1,1,128,1,1,16,0.000,0.000,,,,,NVIDIA A100-SXM4-40GB MIG 4g.20gb (0),1,,13,cupy_copy__complex64_complex64
1711219551,3871,3589,103,1,1,128,1,1,16,0.000,0.000,,,,,NVIDIA A100-SXM4-40GB MIG 4g.20gb (0),1,,13,cupy_copy__complex64_complex64
1711285886,165278,3596,1,1,1,32,32,1,30,0.000,0.000,,,,,NVIDIA A100-SXM4-40GB MIG 4g.20gb (0),1,,13,"void convert_kernel<__half2, float2>(tensor_layout_any, T1 *, tensor_layout_any, const T2 *)"
1711481339,9216,3599,,,,,,,,,,0.094,10166.578,Pinned,Device,NVIDIA A100-SXM4-40GB MIG 4g.20gb (0),1,,13,[CUDA memcpy Host-to-Device]
1711549691,56095,3600,,,,,,,,,,35.810,638347.634,Device,,NVIDIA A100-SXM4-40GB MIG 4g.20gb (0),1,,13,[CUDA memset]
1711614298,1920,3602,,,,,,,,,,0.000,41.667,Pinned,Device,NVIDIA A100-SXM4-40GB MIG 4g.20gb (0),1,,13,[CUDA memcpy Host-to-Device]
1711618650,9344,3603,,,,,,,,,,0.197,21040.988,Pinned,Device,NVIDIA A100-SXM4-40GB MIG 4g.20gb (0),1,,13,[CUDA memcpy Host-to-Device]
1711685689,24064,3604,273,1,1,48,1,1,40,0.000,0.001,,,,,NVIDIA A100-SXM4-40GB MIG 4g.20gb (0),1,,13,"void pusch_noise_intf_est::noiseIntfEstNoDftSOfdmKernel<float, __half, float, float, (unsigned int)2, (unsigned int)1, (unsigned char)4, (unsigned char)4>(pusch_noise_intf_est::puschRxNoiseIntfEstDynDescr)"
1711769368,6368,3615,35,1,1,128,1,1,16,0.000,0.000,,,,,NVIDIA A100-SXM4-40GB MIG 4g.20gb (0),1,,13,cupy_copy__complex64_complex64
1711819672,2368,3624,1,1,1,1,1,1,18,0.000,0.000,,,,,NVIDIA A100-SXM4-40GB MIG 4g.20gb (0),1,,13,cupy_copy__float32_float32
1711828311,1728,3630,,,,,,,,,,0.000,2.315,Device,Pageable,NVIDIA A100-SXM4-40GB MIG 4g.20gb (0),1,,7,[CUDA memcpy Device-to-Host]
1711921398,13984,3641,1434,1,1,128,1,1,16,0.000,0.000,,,,,NVIDIA A100-SXM4-40GB MIG 4g.20gb (0),1,,13,cupy_copy__complex64_complex64
1712002165,4928,3648,103,1,1,128,1,1,16,0.000,0.000,,,,,NVIDIA A100-SXM4-40GB MIG 4g.20gb (0),1,,13,cupy_copy__complex64_complex64
1712051029,5152,3655,35,1,1,128,1,1,16,0.000,0.000,,,,,NVIDIA A100-SXM4-40GB MIG 4g.20gb (0),1,,13,cupy_copy__complex64_complex64
1712078261,2688,3662,1,1,1,1,1,1,18,0.000,0.000,,,,,NVIDIA A100-SXM4-40GB MIG 4g.20gb (0),1,,13,cupy_copy__float32_float32
1712220563,293821,3673,1,1,1,32,32,1,30,0.000,0.000,,,,,NVIDIA A100-SXM4-40GB MIG 4g.20gb (0),1,,13,"void convert_kernel<__half2, float2>(tensor_layout_any, T1 *, tensor_layout_any, const T2 *)"
1712545455,6624,3676,,,,,,,,,,0.094,14144.910,Pinned,Device,NVIDIA A100-SXM4-40GB MIG 4g.20gb (0),1,,13,[CUDA memcpy Host-to-Device]
1712628366,6944,3677,,,,,,,,,,1.547,222727.776,Device,,NVIDIA A100-SXM4-40GB MIG 4g.20gb (0),1,,13,[CUDA memset]
1712645134,5920,3682,,,,,,,,,,0.031,5286.458,Pinned,Device,NVIDIA A100-SXM4-40GB MIG 4g.20gb (0),1,,13,[CUDA memcpy Host-to-Device]
1712655598,15360,3683,,,,,,,,,,0.197,12799.967,Pinned,Device,NVIDIA A100-SXM4-40GB MIG 4g.20gb (0),1,,13,[CUDA memcpy Host-to-Device]
1712826284,17088,3684,273,1,1,8,4,1,39,0.002,0.000,,,,,NVIDIA A100-SXM4-40GB MIG 4g.20gb (0),1,,13,"void channel_eq::eqMmseCoefCompLowMimoKernel<float, float, float, (unsigned int)4, (unsigned int)1, (unsigned int)4>(const channel_eq::_puschRxChEqStatDescr *, channel_eq::_puschRxChEqCoefCompDynDescr)"
1713023018,12415,3685,273,1,1,12,11,1,51,0.002,0.000,,,,,NVIDIA A100-SXM4-40GB MIG 4g.20gb (0),1,,13,"void channel_eq::eqMmseSoftDemapKernel<float, __half, __half, float, (unsigned int)4, (unsigned short)16383>(channel_eq::_puschRxChEqStatDescr *, channel_eq::_puschRxChEqSoftDemapDynDescr)"
1713238855,689688,3686,1,1,1,32,32,1,30,0.000,0.000,,,,,NVIDIA A100-SXM4-40GB MIG 4g.20gb (0),1,,13,"void convert_kernel<float2, __half2>(tensor_layout_any, T1 *, tensor_layout_any, const T2 *)"
1714010558,13632,3698,2253,1,1,128,1,1,16,0.000,0.000,,,,,NVIDIA A100-SXM4-40GB MIG 4g.20gb (0),1,,13,cupy_copy__float16_float16
1714220188,7872,3707,282,1,1,128,1,1,16,0.000,0.000,,,,,NVIDIA A100-SXM4-40GB MIG 4g.20gb (0),1,,13,cupy_copy__complex64_complex64
1714331866,7072,3716,26,1,1,128,1,1,16,0.000,0.000,,,,,NVIDIA A100-SXM4-40GB MIG 4g.20gb (0),1,,13,cupy_copy__float32_float32
1714442745,15776,3725,103,1,1,128,1,1,16,0.000,0.000,,,,,NVIDIA A100-SXM4-40GB MIG 4g.20gb (0),1,,13,cupy_copy__complex64_complex64
1714557560,15008,3735,1434,1,1,128,1,1,16,0.000,0.000,,,,,NVIDIA A100-SXM4-40GB MIG 4g.20gb (0),1,,13,cupy_copy__complex64_complex64
1714723926,232861,3740,1,1,1,32,32,1,30,0.000,0.000,,,,,NVIDIA A100-SXM4-40GB MIG 4g.20gb (0),1,,13,"void convert_kernel<__half2, float2>(tensor_layout_any, T1 *, tensor_layout_any, const T2 *)"
1714988691,12960,3743,,,,,,,,,,0.094,7229.583,Pinned,Device,NVIDIA A100-SXM4-40GB MIG 4g.20gb (0),1,,13,[CUDA memcpy Host-to-Device]
1715130641,618425,3744,,,,,,,,,,456.561,738259.848,Device,,NVIDIA A100-SXM4-40GB MIG 4g.20gb (0),1,,13,[CUDA memset]
1715757098,72031,3749,,,,,,,,,,1.235,17143.493,Pinned,Device,NVIDIA A100-SXM4-40GB MIG 4g.20gb (0),1,,13,[CUDA memcpy Host-to-Device]
1715834633,17376,3750,,,,,,,,,,0.197,11314.790,Pinned,Device,NVIDIA A100-SXM4-40GB MIG 4g.20gb (0),1,,13,[CUDA memcpy Host-to-Device]
1716066758,17888,3751,69,4,1,48,1,1,76,0.002,0.000,,,,,NVIDIA A100-SXM4-40GB MIG 4g.20gb (0),1,,13,"void ch_est::windowedChEstPreNoDftSOfdmKernel<float, __half, float, (unsigned int)2, (unsigned int)1, (unsigned short)4>(ch_est::puschRxChEstStatDescr_t *, ch_est::puschRxChEstDynDescr_t *)"
1716360643,17984,3752,137,2,1,24,2,1,44,0.001,0.001,,,,,NVIDIA A100-SXM4-40GB MIG 4g.20gb (0),1,,13,"void ch_est::chEstFilterNoDftSOfdmDispatchKernel<float, __half, float, (unsigned int)2>(ch_est::puschRxChEstStatDescr_t *, ch_est::puschRxChEstDynDescr_t *)"
1716578528,17472,3753,137,2,1,24,2,1,44,0.001,0.001,,,,,NVIDIA A100-SXM4-40GB MIG 4g.20gb (0),1,,13,"void ch_est::chEstFilterNoDftSOfdmDispatchKernel<float, __half, float, (unsigned int)2>(ch_est::puschRxChEstStatDescr_t *, ch_est::puschRxChEstDynDescr_t *)"
1716768958,9568,3764,103,1,1,128,1,1,16,0.000,0.000,,,,,NVIDIA A100-SXM4-40GB MIG 4g.20gb (0),1,,13,cupy_copy__complex64_complex64
1716937628,19840,3774,1434,1,1,128,1,1,16,0.000,0.000,,,,,NVIDIA A100-SXM4-40GB MIG 4g.20gb (0),1,,13,cupy_copy__complex64_complex64
1717064251,6784,3781,103,1,1,128,1,1,16,0.000,0.000,,,,,NVIDIA A100-SXM4-40GB MIG 4g.20gb (0),1,,13,cupy_copy__complex64_complex64
1717156602,312860,3788,1,1,1,32,32,1,30,0.000,0.000,,,,,NVIDIA A100-SXM4-40GB MIG 4g.20gb (0),1,,13,"void convert_kernel<__half2, float2>(tensor_layout_any, T1 *, tensor_layout_any, const T2 *)"
1717502038,5792,3791,,,,,,,,,,0.094,16176.708,Pinned,Device,NVIDIA A100-SXM4-40GB MIG 4g.20gb (0),1,,13,[CUDA memcpy Host-to-Device]
1717637780,52960,3792,,,,,,,,,,35.810,676162.909,Device,,NVIDIA A100-SXM4-40GB MIG 4g.20gb (0),1,,13,[CUDA memset]
1717691604,1888,3794,,,,,,,,,,0.000,42.373,Pinned,Device,NVIDIA A100-SXM4-40GB MIG 4g.20gb (0),1,,13,[CUDA memcpy Host-to-Device]
1717697556,9311,3795,,,,,,,,,,0.197,21115.503,Pinned,Device,NVIDIA A100-SXM4-40GB MIG 4g.20gb (0),1,,13,[CUDA memcpy Host-to-Device]
1717882225,22144,3796,273,1,1,48,1,1,40,0.000,0.001,,,,,NVIDIA A100-SXM4-40GB MIG 4g.20gb (0),1,,13,"void pusch_noise_intf_est::noiseIntfEstNoDftSOfdmKernel<float, __half, float, float, (unsigned int)2, (unsigned int)1, (unsigned char)4, (unsigned char)4>(pusch_noise_intf_est::puschRxNoiseIntfEstDynDescr)"
1717990320,7424,3807,35,1,1,128,1,1,16,0.000,0.000,,,,,NVIDIA A100-SXM4-40GB MIG 4g.20gb (0),1,,13,cupy_copy__complex64_complex64
1718143598,5056,3816,1,1,1,1,1,1,18,0.000,0.000,,,,,NVIDIA A100-SXM4-40GB MIG 4g.20gb (0),1,,13,cupy_copy__float32_float32
1718149678,1696,3822,,,,,,,,,,0.000,2.358,Device,Pageable,NVIDIA A100-SXM4-40GB MIG 4g.20gb (0),1,,7,[CUDA memcpy Device-to-Host]
1718375340,13856,3833,1434,1,1,128,1,1,16,0.000,0.000,,,,,NVIDIA A100-SXM4-40GB MIG 4g.20gb (0),1,,13,cupy_copy__complex64_complex64
1718430475,8480,3840,103,1,1,128,1,1,16,0.000,0.000,,,,,NVIDIA A100-SXM4-40GB MIG 4g.20gb (0),1,,13,cupy_copy__complex64_complex64
1718459019,8800,3847,35,1,1,128,1,1,16,0.000,0.000,,,,,NVIDIA A100-SXM4-40GB MIG 4g.20gb (0),1,,13,cupy_copy__complex64_complex64
1718510986,2592,3854,1,1,1,1,1,1,18,0.000,0.000,,,,,NVIDIA A100-SXM4-40GB MIG 4g.20gb (0),1,,13,cupy_copy__float32_float32
1718539370,224381,3865,1,1,1,32,32,1,30,0.000,0.000,,,,,NVIDIA A100-SXM4-40GB MIG 4g.20gb (0),1,,13,"void convert_kernel<__half2, float2>(tensor_layout_any, T1 *, tensor_layout_any, const T2 *)"
1718795719,5888,3868,,,,,,,,,,0.094,15912.954,Pinned,Device,NVIDIA A100-SXM4-40GB MIG 4g.20gb (0),1,,13,[CUDA memcpy Host-to-Device]
1718961317,8000,3869,,,,,,,,,,1.547,193328.000,Device,,NVIDIA A100-SXM4-40GB MIG 4g.20gb (0),1,,13,[CUDA memset]
1718972869,7168,3874,,,,,,,,,,0.031,4366.042,Pinned,Device,NVIDIA A100-SXM4-40GB MIG 4g.20gb (0),1,,13,[CUDA memcpy Host-to-Device]
1718986085,16671,3875,,,,,,,,,,0.197,11793.334,Pinned,Device,NVIDIA A100-SXM4-40GB MIG 4g.20gb (0),1,,13,[CUDA memcpy Host-to-Device]
1719152131,18879,3876,273,1,1,8,4,1,39,0.002,0.000,,,,,NVIDIA A100-SXM4-40GB MIG 4g.20gb (0),1,,13,"void channel_eq::eqMmseCoefCompLowMimoKernel<float, float, float, (unsigned int)4, (unsigned int)1, (unsigned int)4>(const channel_eq::_puschRxChEqStatDescr *, channel_eq::_puschRxChEqCoefCompDynDescr)"
1719309441,23840,3877,273,1,1,12,11,1,51,0.002,0.000,,,,,NVIDIA A100-SXM4-40GB MIG 4g.20gb (0),1,,13,"void channel_eq::eqMmseSoftDemapKernel<float, __half, __half, float, (unsigned int)4, (unsigned short)16383>(channel_eq::_puschRxChEqStatDescr *, channel_eq::_puschRxChEqSoftDemapDynDescr)"
1719427840,728343,3878,1,1,1,32,32,1,30,0.000,0.000,,,,,NVIDIA A100-SXM4-40GB MIG 4g.20gb (0),1,,13,"void convert_kernel<float2, __half2>(tensor_layout_any, T1 *, tensor_layout_any, const T2 *)"
1720271638,15264,3890,2253,1,1,128,1,1,16,0.000,0.000,,,,,NVIDIA A100-SXM4-40GB MIG 4g.20gb (0),1,,13,cupy_copy__float16_float16
1720479315,6336,3899,282,1,1,128,1,1,16,0.000,0.000,,,,,NVIDIA A100-SXM4-40GB MIG 4g.20gb (0),1,,13,cupy_copy__complex64_complex64
1720696305,6432,3908,26,1,1,128,1,1,16,0.000,0.000,,,,,NVIDIA A100-SXM4-40GB MIG 4g.20gb (0),1,,13,cupy_copy__float32_float32
1720910990,26176,3917,103,1,1,128,1,1,16,0.000,0.000,,,,,NVIDIA A100-SXM4-40GB MIG 4g.20gb (0),1,,13,cupy_copy__complex64_complex64
1721012461,14624,3927,1434,1,1,128,1,1,16,0.000,0.000,,,,,NVIDIA A100-SXM4-40GB MIG 4g.20gb (0),1,,13,cupy_copy__complex64_complex64
1721288138,279869,3932,1,1,1,32,32,1,30,0.000,0.000,,,,,NVIDIA A100-SXM4-40GB MIG 4g.20gb (0),1,,13,"void convert_kernel<__half2, float2>(tensor_layout_any, T1 *, tensor_layout_any, const T2 *)"
1721611718,5760,3935,,,,,,,,,,0.094,16266.656,Pinned,Device,NVIDIA A100-SXM4-40GB MIG 4g.20gb (0),1,,13,[CUDA memcpy Host-to-Device]
1721884035,609849,3936,,,,,,,,,,456.561,748304.200,Device,,NVIDIA A100-SXM4-40GB MIG 4g.20gb (0),1,,13,[CUDA memset]
1722499132,68447,3941,,,,,,,,,,1.235,18041.297,Pinned,Device,NVIDIA A100-SXM4-40GB MIG 4g.20gb (0),1,,13,[CUDA memcpy Host-to-Device]
1722570139,13952,3942,,,,,,,,,,0.197,14091.682,Pinned,Device,NVIDIA A100-SXM4-40GB MIG 4g.20gb (0),1,,13,[CUDA memcpy Host-to-Device]
1722832344,14976,3943,69,4,1,48,1,1,76,0.002,0.000,,,,,NVIDIA A100-SXM4-40GB MIG 4g.20gb (0),1,,13,"void ch_est::windowedChEstPreNoDftSOfdmKernel<float, __half, float, (unsigned int)2, (unsigned int)1, (unsigned short)4>(ch_est::puschRxChEstStatDescr_t *, ch_est::puschRxChEstDynDescr_t *)"
1723230708,35935,3944,137,2,1,24,2,1,44,0.001,0.001,,,,,NVIDIA A100-SXM4-40GB MIG 4g.20gb (0),1,,13,"void ch_est::chEstFilterNoDftSOfdmDispatchKernel<float, __half, float, (unsigned int)2>(ch_est::puschRxChEstStatDescr_t *, ch_est::puschRxChEstDynDescr_t *)"
1723639055,35903,3945,137,2,1,24,2,1,44,0.001,0.001,,,,,NVIDIA A100-SXM4-40GB MIG 4g.20gb (0),1,,13,"void ch_est::chEstFilterNoDftSOfdmDispatchKernel<float, __half, float, (unsigned int)2>(ch_est::puschRxChEstStatDescr_t *, ch_est::puschRxChEstDynDescr_t *)"
1723935819,6816,3956,103,1,1,128,1,1,16,0.000,0.000,,,,,NVIDIA A100-SXM4-40GB MIG 4g.20gb (0),1,,13,cupy_copy__complex64_complex64
1724227144,29088,3966,1434,1,1,128,1,1,16,0.000,0.000,,,,,NVIDIA A100-SXM4-40GB MIG 4g.20gb (0),1,,13,cupy_copy__complex64_complex64
1724440198,26079,3973,103,1,1,128,1,1,16,0.000,0.000,,,,,NVIDIA A100-SXM4-40GB MIG 4g.20gb (0),1,,13,cupy_copy__complex64_complex64
1724850913,285980,3980,1,1,1,32,32,1,30,0.000,0.000,,,,,NVIDIA A100-SXM4-40GB MIG 4g.20gb (0),1,,13,"void convert_kernel<__half2, float2>(tensor_layout_any, T1 *, tensor_layout_any, const T2 *)"
1725169213,5600,3983,,,,,,,,,,0.094,16731.388,Pinned,Device,NVIDIA A100-SXM4-40GB MIG 4g.20gb (0),1,,13,[CUDA memcpy Host-to-Device]
1725357051,53535,3984,,,,,,,,,,35.810,668893.496,Device,,NVIDIA A100-SXM4-40GB MIG 4g.20gb (0),1,,13,[CUDA memset]
1725420314,6560,3986,,,,,,,,,,0.000,12.195,Pinned,Device,NVIDIA A100-SXM4-40GB MIG 4g.20gb (0),1,,13,[CUDA memcpy Host-to-Device]
1725431098,12800,3987,,,,,,,,,,0.197,15360.000,Pinned,Device,NVIDIA A100-SXM4-40GB MIG 4g.20gb (0),1,,13,[CUDA memcpy Host-to-Device]
1725630456,24927,3988,273,1,1,48,1,1,40,0.000,0.001,,,,,NVIDIA A100-SXM4-40GB MIG 4g.20gb (0),1,,13,"void pusch_noise_intf_est::noiseIntfEstNoDftSOfdmKernel<float, __half, float, float, (unsigned int)2, (unsigned int)1, (unsigned char)4, (unsigned char)4>(pusch_noise_intf_est::puschRxNoiseIntfEstDynDescr)"
1725832021,9824,3999,35,1,1,128,1,1,16,0.000,0.000,,,,,NVIDIA A100-SXM4-40GB MIG 4g.20gb (0),1,,13,cupy_copy__complex64_complex64
1726009395,3744,4008,1,1,1,1,1,1,18,0.000,0.000,,,,,NVIDIA A100-SXM4-40GB MIG 4g.20gb (0),1,,13,cupy_copy__float32_float32
1726015955,1792,4014,,,,,,,,,,0.000,2.232,Device,Pageable,NVIDIA A100-SXM4-40GB MIG 4g.20gb (0),1,,7,[CUDA memcpy Device-to-Host]
1726111666,14752,4025,1434,1,1,128,1,1,16,0.000,0.000,,,,,NVIDIA A100-SXM4-40GB MIG 4g.20gb (0),1,,13,cupy_copy__complex64_complex64
1726166450,15391,4032,103,1,1,128,1,1,16,0.000,0.000,,,,,NVIDIA A100-SXM4-40GB MIG 4g.20gb (0),1,,13,cupy_copy__complex64_complex64
1726196369,7680,4039,35,1,1,128,1,1,16,0.000,0.000,,,,,NVIDIA A100-SXM4-40GB MIG 4g.20gb (0),1,,13,cupy_copy__complex64_complex64
1726250417,2816,4046,1,1,1,1,1,1,18,0.000,0.000,,,,,NVIDIA A100-SXM4-40GB MIG 4g.20gb (0),1,,13,cupy_copy__float32_float32
1726325648,160702,4057,1,1,1,32,32,1,30,0.000,0.000,,,,,NVIDIA A100-SXM4-40GB MIG 4g.20gb (0),1,,13,"void convert_kernel<__half2, float2>(tensor_layout_any, T1 *, tensor_layout_any, const T2 *)"
1726518605,5376,4060,,,,,,,,,,0.094,17428.487,Pinned,Device,NVIDIA A100-SXM4-40GB MIG 4g.20gb (0),1,,13,[CUDA memcpy Host-to-Device]
1726585677,7072,4061,,,,,,,,,,1.547,218695.727,Device,,NVIDIA A100-SXM4-40GB MIG 4g.20gb (0),1,,13,[CUDA memset]
1726593421,3712,4066,,,,,,,,,,0.031,8431.017,Pinned,Device,NVIDIA A100-SXM4-40GB MIG 4g.20gb (0),1,,13,[CUDA memcpy Host-to-Device]
1726600621,9407,4067,,,,,,,,,,0.197,20900.020,Pinned,Device,NVIDIA A100-SXM4-40GB MIG 4g.20gb (0),1,,13,[CUDA memcpy Host-to-Device]
1726708331,25280,4068,273,1,1,8,4,1,39,0.002,0.000,,,,,NVIDIA A100-SXM4-40GB MIG 4g.20gb (0),1,,13,"void channel_eq::eqMmseCoefCompLowMimoKernel<float, float, float, (unsigned int)4, (unsigned int)1, (unsigned int)4>(const channel_eq::_puschRxChEqStatDescr *, channel_eq::_puschRxChEqCoefCompDynDescr)"
1726915177,29568,4069,273,1,1,12,11,1,51,0.002,0.000,,,,,NVIDIA A100-SXM4-40GB MIG 4g.20gb (0),1,,13,"void channel_eq::eqMmseSoftDemapKernel<float, __half, __half, float, (unsigned int)4, (unsigned short)16383>(channel_eq::_puschRxChEqStatDescr *, channel_eq::_puschRxChEqSoftDemapDynDescr)"
1727030632,711127,4070,1,1,1,32,32,1,30,0.000,0.000,,,,,NVIDIA A100-SXM4-40GB MIG 4g.20gb (0),1,,13,"void convert_kernel<float2, __half2>(tensor_layout_any, T1 *, tensor_layout_any, const T2 *)"
1727855422,31424,4082,2253,1,1,128,1,1,16,0.000,0.000,,,,,NVIDIA A100-SXM4-40GB MIG 4g.20gb (0),1,,13,cupy_copy__float16_float16
1727979869,6047,4091,282,1,1,128,1,1,16,0.000,0.000,,,,,NVIDIA A100-SXM4-40GB MIG 4g.20gb (0),1,,13,cupy_copy__complex64_complex64
1728168954,6176,4100,26,1,1,128,1,1,16,0.000,0.000,,,,,NVIDIA A100-SXM4-40GB MIG 4g.20gb (0),1,,13,cupy_copy__float32_float32
1728280217,27296,4109,103,1,1,128,1,1,16,0.000,0.000,,,,,NVIDIA A100-SXM4-40GB MIG 4g.20gb (0),1,,13,cupy_copy__complex64_complex64
1728389784,15072,4119,1434,1,1,128,1,1,16,0.000,0.000,,,,,NVIDIA A100-SXM4-40GB MIG 4g.20gb (0),1,,13,cupy_copy__complex64_complex64
1728595925,265565,4124,1,1,1,32,32,1,30,0.000,0.000,,,,,NVIDIA A100-SXM4-40GB MIG 4g.20gb (0),1,,13,"void convert_kernel<__half2, float2>(tensor_layout_any, T1 *, tensor_layout_any, const T2 *)"
1728893650,5376,4127,,,,,,,,,,0.094,17428.487,Pinned,Device,NVIDIA A100-SXM4-40GB MIG 4g.20gb (0),1,,13,[CUDA memcpy Host-to-Device]
1728950481,622105,4128,,,,,,,,,,456.561,733694.234,Device,,NVIDIA A100-SXM4-40GB MIG 4g.20gb (0),1,,13,[CUDA memset]
1729575786,58303,4133,,,,,,,,,,1.235,21180.525,Pinned,Device,NVIDIA A100-SXM4-40GB MIG 4g.20gb (0),1,,13,[CUDA memcpy Host-to-Device]
1729636777,11936,4134,,,,,,,,,,0.197,16471.818,Pinned,Device,NVIDIA A100-SXM4-40GB MIG 4g.20gb (0),1,,13,[CUDA memcpy Host-to-Device]
1729722984,13184,4135,69,4,1,48,1,1,76,0.002,0.000,,,,,NVIDIA A100-SXM4-40GB MIG 4g.20gb (0),1,,13,"void ch_est::windowedChEstPreNoDftSOfdmKernel<float, __half, float, (unsigned int)2, (unsigned int)1, (unsigned short)4>(ch_est::puschRxChEstStatDescr_t *, ch_est::puschRxChEstDynDescr_t *)"
1729935718,10112,4136,137,2,1,24,2,1,44,0.001,0.001,,,,,NVIDIA A100-SXM4-40GB MIG 4g.20gb (0),1,,13,"void ch_est::chEstFilterNoDftSOfdmDispatchKernel<float, __half, float, (unsigned int)2>(ch_est::puschRxChEstStatDescr_t *, ch_est::puschRxChEstDynDescr_t *)"
1730063716,19520,4137,137,2,1,24,2,1,44,0.001,0.001,,,,,NVIDIA A100-SXM4-40GB MIG 4g.20gb (0),1,,13,"void ch_est::chEstFilterNoDftSOfdmDispatchKernel<float, __half, float, (unsigned int)2>(ch_est::puschRxChEstStatDescr_t *, ch_est::puschRxChEstDynDescr_t *)"
1730283682,5888,4148,103,1,1,128,1,1,16,0.000,0.000,,,,,NVIDIA A100-SXM4-40GB MIG 4g.20gb (0),1,,13,cupy_copy__complex64_complex64
1730430752,16960,4158,1434,1,1,128,1,1,16,0.000,0.000,,,,,NVIDIA A100-SXM4-40GB MIG 4g.20gb (0),1,,13,cupy_copy__complex64_complex64
1730542175,17824,4165,103,1,1,128,1,1,16,0.000,0.000,,,,,NVIDIA A100-SXM4-40GB MIG 4g.20gb (0),1,,13,cupy_copy__complex64_complex64
1730666429,231262,4172,1,1,1,32,32,1,30,0.000,0.000,,,,,NVIDIA A100-SXM4-40GB MIG 4g.20gb (0),1,,13,"void convert_kernel<__half2, float2>(tensor_layout_any, T1 *, tensor_layout_any, const T2 *)"
1730931962,5792,4175,,,,,,,,,,0.094,16176.708,Pinned,Device,NVIDIA A100-SXM4-40GB MIG 4g.20gb (0),1,,13,[CUDA memcpy Host-to-Device]
1731010489,55840,4176,,,,,,,,,,35.810,641284.047,Device,,NVIDIA A100-SXM4-40GB MIG 4g.20gb (0),1,,13,[CUDA memset]
1731070009,5664,4178,,,,,,,,,,0.000,14.124,Pinned,Device,NVIDIA A100-SXM4-40GB MIG 4g.20gb (0),1,,13,[CUDA memcpy Host-to-Device]
1731078585,9568,4179,,,,,,,,,,0.197,20548.485,Pinned,Device,NVIDIA A100-SXM4-40GB MIG 4g.20gb (0),1,,13,[CUDA memcpy Host-to-Device]
1731301750,26688,4180,273,1,1,48,1,1,40,0.000,0.001,,,,,NVIDIA A100-SXM4-40GB MIG 4g.20gb (0),1,,13,"void pusch_noise_intf_est::noiseIntfEstNoDftSOfdmKernel<float, __half, float, float, (unsigned int)2, (unsigned int)1, (unsigned char)4, (unsigned char)4>(pusch_noise_intf_est::puschRxNoiseIntfEstDynDescr)"
1731515540,11264,4191,35,1,1,128,1,1,16,0.000,0.000,,,,,NVIDIA A100-SXM4-40GB MIG 4g.20gb (0),1,,13,cupy_copy__complex64_complex64
1731719153,4576,4200,1,1,1,1,1,1,18,0.000,0.000,,,,,NVIDIA A100-SXM4-40GB MIG 4g.20gb (0),1,,13,cupy_copy__float32_float32
1731728241,1696,4206,,,,,,,,,,0.000,2.358,Device,Pageable,NVIDIA A100-SXM4-40GB MIG 4g.20gb (0),1,,7,[CUDA memcpy Device-to-Host]
1731961038,19424,4217,1434,1,1,128,1,1,16,0.000,0.000,,,,,NVIDIA A100-SXM4-40GB MIG 4g.20gb (0),1,,13,cupy_copy__complex64_complex64
1732198124,5728,4224,103,1,1,128,1,1,16,0.000,0.000,,,,,NVIDIA A100-SXM4-40GB MIG 4g.20gb (0),1,,13,cupy_copy__complex64_complex64
1732258219,8928,4231,35,1,1,128,1,1,16,0.000,0.000,,,,,NVIDIA A100-SXM4-40GB MIG 4g.20gb (0),1,,13,cupy_copy__complex64_complex64
1732288651,2368,4238,1,1,1,1,1,1,18,0.000,0.000,,,,,NVIDIA A100-SXM4-40GB MIG 4g.20gb (0),1,,13,cupy_copy__float32_float32
1732292939,188509,4249,1,1,1,32,32,1,30,0.000,0.000,,,,,NVIDIA A100-SXM4-40GB MIG 4g.20gb (0),1,,13,"void convert_kernel<__half2, float2>(tensor_layout_any, T1 *, tensor_layout_any, const T2 *)"
1732512200,5376,4252,,,,,,,,,,0.094,17428.487,Pinned,Device,NVIDIA A100-SXM4-40GB MIG 4g.20gb (0),1,,13,[CUDA memcpy Host-to-Device]
1732532552,6656,4253,,,,,,,,,,1.547,232364.790,Device,,NVIDIA A100-SXM4-40GB MIG 4g.20gb (0),1,,13,[CUDA memset]
1732544552,3232,4258,,,,,,,,,,0.031,9683.139,Pinned,Device,NVIDIA A100-SXM4-40GB MIG 4g.20gb (0),1,,13,[CUDA memcpy Host-to-Device]
1732553352,9408,4259,,,,,,,,,,0.197,20897.858,Pinned,Device,NVIDIA A100-SXM4-40GB MIG 4g.20gb (0),1,,13,[CUDA memcpy Host-to-Device]
1732609063,20032,4260,273,1,1,8,4,1,39,0.002,0.000,,,,,NVIDIA A100-SXM4-40GB MIG 4g.20gb (0),1,,13,"void channel_eq::eqMmseCoefCompLowMimoKernel<float, float, float, (unsigned int)4, (unsigned int)1, (unsigned int)4>(const channel_eq::_puschRxChEqStatDescr *, channel_eq::_puschRxChEqCoefCompDynDescr)"
1732691942,18944,4261,273,1,1,12,11,1,51,0.002,0.000,,,,,NVIDIA A100-SXM4-40GB MIG 4g.20gb (0),1,,13,"void channel_eq::eqMmseSoftDemapKernel<float, __half, __half, float, (unsigned int)4, (unsigned short)16383>(channel_eq::_puschRxChEqStatDescr *, channel_eq::_puschRxChEqSoftDemapDynDescr)"
1732780005,394587,4262,1,1,1,32,32,1,30,0.000,0.000,,,,,NVIDIA A100-SXM4-40GB MIG 4g.20gb (0),1,,13,"void convert_kernel<float2, __half2>(tensor_layout_any, T1 *, tensor_layout_any, const T2 *)"
1733226240,20896,4274,2253,1,1,128,1,1,16,0.000,0.000,,,,,NVIDIA A100-SXM4-40GB MIG 4g.20gb (0),1,,13,cupy_copy__float16_float16
1733259903,5984,4283,282,1,1,128,1,1,16,0.000,0.000,,,,,NVIDIA A100-SXM4-40GB MIG 4g.20gb (0),1,,13,cupy_copy__complex64_complex64
1733308639,3232,4292,26,1,1,128,1,1,16,0.000,0.000,,,,,NVIDIA A100-SXM4-40GB MIG 4g.20gb (0),1,,13,cupy_copy__float32_float32
1733335359,8479,4301,103,1,1,128,1,1,16,0.000,0.000,,,,,NVIDIA A100-SXM4-40GB MIG 4g.20gb (0),1,,13,cupy_copy__complex64_complex64
1733386558,19104,4311,1434,1,1,128,1,1,16,0.000,0.000,,,,,NVIDIA A100-SXM4-40GB MIG 4g.20gb (0),1,,13,cupy_copy__complex64_complex64
1733420734,139262,4316,1,1,1,32,32,1,30,0.000,0.000,,,,,NVIDIA A100-SXM4-40GB MIG 4g.20gb (0),1,,13,"void convert_kernel<__half2, float2>(tensor_layout_any, T1 *, tensor_layout_any, const T2 *)"
1733588348,5376,4319,,,,,,,,,,0.094,17428.487,Pinned,Device,NVIDIA A100-SXM4-40GB MIG 4g.20gb (0),1,,13,[CUDA memcpy Host-to-Device]
1733656699,629401,4320,,,,,,,,,,456.561,725019.567,Device,,NVIDIA A100-SXM4-40GB MIG 4g.20gb (0),1,,13,[CUDA memset]
1734293587,50400,4325,,,,,,,,,,1.235,24502.524,Pinned,Device,NVIDIA A100-SXM4-40GB MIG 4g.20gb (0),1,,13,[CUDA memcpy Host-to-Device]
1734346611,9376,4326,,,,,,,,,,0.197,20969.226,Pinned,Device,NVIDIA A100-SXM4-40GB MIG 4g.20gb (0),1,,13,[CUDA memcpy Host-to-Device]
1734390642,18944,4327,69,4,1,48,1,1,76,0.002,0.000,,,,,NVIDIA A100-SXM4-40GB MIG 4g.20gb (0),1,,13,"void ch_est::windowedChEstPreNoDftSOfdmKernel<float, __half, float, (unsigned int)2, (unsigned int)1, (unsigned short)4>(ch_est::puschRxChEstStatDescr_t *, ch_est::puschRxChEstDynDescr_t *)"
1734474641,15360,4328,137,2,1,24,2,1,44,0.001,0.001,,,,,NVIDIA A100-SXM4-40GB MIG 4g.20gb (0),1,,13,"void ch_est::chEstFilterNoDftSOfdmDispatchKernel<float, __half, float, (unsigned int)2>(ch_est::puschRxChEstStatDescr_t *, ch_est::puschRxChEstDynDescr_t *)"
1734555600,15808,4329,137,2,1,24,2,1,44,0.001,0.001,,,,,NVIDIA A100-SXM4-40GB MIG 4g.20gb (0),1,,13,"void ch_est::chEstFilterNoDftSOfdmDispatchKernel<float, __half, float, (unsigned int)2>(ch_est::puschRxChEstStatDescr_t *, ch_est::puschRxChEstDynDescr_t *)"
1734639919,5216,4340,103,1,1,128,1,1,16,0.000,0.000,,,,,NVIDIA A100-SXM4-40GB MIG 4g.20gb (0),1,,13,cupy_copy__complex64_complex64
1734698127,20512,4350,1434,1,1,128,1,1,16,0.000,0.000,,,,,NVIDIA A100-SXM4-40GB MIG 4g.20gb (0),1,,13,cupy_copy__complex64_complex64
1734731086,5120,4357,103,1,1,128,1,1,16,0.000,0.000,,,,,NVIDIA A100-SXM4-40GB MIG 4g.20gb (0),1,,13,cupy_copy__complex64_complex64
1734780270,156382,4364,1,1,1,32,32,1,30,0.000,0.000,,,,,NVIDIA A100-SXM4-40GB MIG 4g.20gb (0),1,,13,"void convert_kernel<__half2, float2>(tensor_layout_any, T1 *, tensor_layout_any, const T2 *)"
1734966284,5376,4367,,,,,,,,,,0.094,17428.487,Pinned,Device,NVIDIA A100-SXM4-40GB MIG 4g.20gb (0),1,,13,[CUDA memcpy Host-to-Device]
1735030699,56831,4368,,,,,,,,,,35.810,630111.352,Device,,NVIDIA A100-SXM4-40GB MIG 4g.20gb (0),1,,13,[CUDA memset]
1735091178,4192,4370,,,,,,,,,,0.000,19.084,Pinned,Device,NVIDIA A100-SXM4-40GB MIG 4g.20gb (0),1,,13,[CUDA memcpy Host-to-Device]
1735102730,9376,4371,,,,,,,,,,0.197,20969.226,Pinned,Device,NVIDIA A100-SXM4-40GB MIG 4g.20gb (0),1,,13,[CUDA memcpy Host-to-Device]
1735190089,25792,4372,273,1,1,48,1,1,40,0.000,0.001,,,,,NVIDIA A100-SXM4-40GB MIG 4g.20gb (0),1,,13,"void pusch_noise_intf_est::noiseIntfEstNoDftSOfdmKernel<float, __half, float, float, (unsigned int)2, (unsigned int)1, (unsigned char)4, (unsigned char)4>(pusch_noise_intf_est::puschRxNoiseIntfEstDynDescr)"
1735270888,6880,4383,35,1,1,128,1,1,16,0.000,0.000,,,,,NVIDIA A100-SXM4-40GB MIG 4g.20gb (0),1,,13,cupy_copy__complex64_complex64
1735328936,2015,4392,1,1,1,1,1,1,18,0.000,0.000,,,,,NVIDIA A100-SXM4-40GB MIG 4g.20gb (0),1,,13,cupy_copy__float32_float32
1735339111,1568,4398,,,,,,,,,,0.000,2.551,Device,Pageable,NVIDIA A100-SXM4-40GB MIG 4g.20gb (0),1,,7,[CUDA memcpy Device-to-Host]
1735432774,14336,4409,1434,1,1,128,1,1,16,0.000,0.000,,,,,NVIDIA A100-SXM4-40GB MIG 4g.20gb (0),1,,13,cupy_copy__complex64_complex64
1735497222,4384,4416,103,1,1,128,1,1,16,0.000,0.000,,,,,NVIDIA A100-SXM4-40GB MIG 4g.20gb (0),1,,13,cupy_copy__complex64_complex64
1735525573,9792,4423,35,1,1,128,1,1,16,0.000,0.000,,,,,NVIDIA A100-SXM4-40GB MIG 4g.20gb (0),1,,13,cupy_copy__complex64_complex64
1735576773,3040,4430,1,1,1,1,1,1,18,0.000,0.000,,,,,NVIDIA A100-SXM4-40GB MIG 4g.20gb (0),1,,13,cupy_copy__float32_float32
1735605028,173246,4441,1,1,1,32,32,1,30,0.000,0.000,,,,,NVIDIA A100-SXM4-40GB MIG 4g.20gb (0),1,,13,"void convert_kernel<__half2, float2>(tensor_layout_any, T1 *, tensor_layout_any, const T2 *)"
1735807714,6112,4444,,,,,,,,,,0.094,15329.790,Pinned,Device,NVIDIA A100-SXM4-40GB MIG 4g.20gb (0),1,,13,[CUDA memcpy Host-to-Device]
1735833026,7008,4445,,,,,,,,,,1.547,220693.965,Device,,NVIDIA A100-SXM4-40GB MIG 4g.20gb (0),1,,13,[CUDA memset]
1735846658,3039,4450,,,,,,,,,,0.031,10298.105,Pinned,Device,NVIDIA A100-SXM4-40GB MIG 4g.20gb (0),1,,13,[CUDA memcpy Host-to-Device]
1735852225,9760,4451,,,,,,,,,,0.197,20144.259,Pinned,Device,NVIDIA A100-SXM4-40GB MIG 4g.20gb (0),1,,13,[CUDA memcpy Host-to-Device]
1735909249,15232,4452,273,1,1,8,4,1,39,0.002,0.000,,,,,NVIDIA A100-SXM4-40GB MIG 4g.20gb (0),1,,13,"void channel_eq::eqMmseCoefCompLowMimoKernel<float, float, float, (unsigned int)4, (unsigned int)1, (unsigned int)4>(const channel_eq::_puschRxChEqStatDescr *, channel_eq::_puschRxChEqCoefCompDynDescr)"
1735993216,16800,4453,273,1,1,12,11,1,51,0.002,0.000,,,,,NVIDIA A100-SXM4-40GB MIG 4g.20gb (0),1,,13,"void channel_eq::eqMmseSoftDemapKernel<float, __half, __half, float, (unsigned int)4, (unsigned short)16383>(channel_eq::_puschRxChEqStatDescr *, channel_eq::_puschRxChEqSoftDemapDynDescr)"
1736145534,714200,4454,1,1,1,32,32,1,30,0.000,0.000,,,,,NVIDIA A100-SXM4-40GB MIG 4g.20gb (0),1,,13,"void convert_kernel<float2, __half2>(tensor_layout_any, T1 *, tensor_layout_any, const T2 *)"
1736980756,14080,4466,2253,1,1,128,1,1,16,0.000,0.000,,,,,NVIDIA A100-SXM4-40GB MIG 4g.20gb (0),1,,13,cupy_copy__float16_float16
1737153394,5664,4475,282,1,1,128,1,1,16,0.000,0.000,,,,,NVIDIA A100-SXM4-40GB MIG 4g.20gb (0),1,,13,cupy_copy__complex64_complex64
1738590978,11840,4484,26,1,1,128,1,1,16,0.000,0.000,,,,,NVIDIA A100-SXM4-40GB MIG 4g.20gb (0),1,,13,cupy_copy__float32_float32
1738816703,11840,4493,103,1,1,128,1,1,16,0.000,0.000,,,,,NVIDIA A100-SXM4-40GB MIG 4g.20gb (0),1,,13,cupy_copy__complex64_complex64
1740220847,15040,4503,1434,1,1,128,1,1,16,0.000,0.000,,,,,NVIDIA A100-SXM4-40GB MIG 4g.20gb (0),1,,13,cupy_copy__complex64_complex64
1740462700,280253,4508,1,1,1,32,32,1,30,0.000,0.000,,,,,NVIDIA A100-SXM4-40GB MIG 4g.20gb (0),1,,13,"void convert_kernel<__half2, float2>(tensor_layout_any, T1 *, tensor_layout_any, const T2 *)"
1740775368,5728,4511,,,,,,,,,,0.094,16357.541,Pinned,Device,NVIDIA A100-SXM4-40GB MIG 4g.20gb (0),1,,13,[CUDA memcpy Host-to-Device]
1740874855,624505,4512,,,,,,,,,,456.561,730954.865,Device,,NVIDIA A100-SXM4-40GB MIG 4g.20gb (0),1,,13,[CUDA memset]
1741505696,50879,4517,,,,,,,,,,1.235,24271.589,Pinned,Device,NVIDIA A100-SXM4-40GB MIG 4g.20gb (0),1,,13,[CUDA memcpy Host-to-Device]
1741559039,9344,4518,,,,,,,,,,0.197,21040.988,Pinned,Device,NVIDIA A100-SXM4-40GB MIG 4g.20gb (0),1,,13,[CUDA memcpy Host-to-Device]
1741600703,21664,4519,69,4,1,48,1,1,76,0.002,0.000,,,,,NVIDIA A100-SXM4-40GB MIG 4g.20gb (0),1,,13,"void ch_est::windowedChEstPreNoDftSOfdmKernel<float, __half, float, (unsigned int)2, (unsigned int)1, (unsigned short)4>(ch_est::puschRxChEstStatDescr_t *, ch_est::puschRxChEstDynDescr_t *)"
1741691134,18304,4520,137,2,1,24,2,1,44,0.001,0.001,,,,,NVIDIA A100-SXM4-40GB MIG 4g.20gb (0),1,,13,"void ch_est::chEstFilterNoDftSOfdmDispatchKernel<float, __half, float, (unsigned int)2>(ch_est::puschRxChEstStatDescr_t *, ch_est::puschRxChEstDynDescr_t *)"
1741772829,13856,4521,137,2,1,24,2,1,44,0.001,0.001,,,,,NVIDIA A100-SXM4-40GB MIG 4g.20gb (0),1,,13,"void ch_est::chEstFilterNoDftSOfdmDispatchKernel<float, __half, float, (unsigned int)2>(ch_est::puschRxChEstStatDescr_t *, ch_est::puschRxChEstDynDescr_t *)"
1741859164,4608,4532,103,1,1,128,1,1,16,0.000,0.000,,,,,NVIDIA A100-SXM4-40GB MIG 4g.20gb (0),1,,13,cupy_copy__complex64_complex64
1741907419,19616,4542,1434,1,1,128,1,1,16,0.000,0.000,,,,,NVIDIA A100-SXM4-40GB MIG 4g.20gb (0),1,,13,cupy_copy__complex64_complex64
1741938747,4768,4549,103,1,1,128,1,1,16,0.000,0.000,,,,,NVIDIA A100-SXM4-40GB MIG 4g.20gb (0),1,,13,cupy_copy__complex64_complex64
1741991386,142335,4556,1,1,1,32,32,1,30,0.000,0.000,,,,,NVIDIA A100-SXM4-40GB MIG 4g.20gb (0),1,,13,"void convert_kernel<__half2, float2>(tensor_layout_any, T1 *, tensor_layout_any, const T2 *)"
1742163160,5376,4559,,,,,,,,,,0.094,17428.487,Pinned,Device,NVIDIA A100-SXM4-40GB MIG 4g.20gb (0),1,,13,[CUDA memcpy Host-to-Device]
1742182744,57696,4560,,,,,,,,,,35.810,620657.533,Device,,NVIDIA A100-SXM4-40GB MIG 4g.20gb (0),1,,13,[CUDA memset]
1742246167,3360,4562,,,,,,,,,,0.000,23.810,Pinned,Device,NVIDIA A100-SXM4-40GB MIG 4g.20gb (0),1,,13,[CUDA memcpy Host-to-Device]
1742251959,9344,4563,,,,,,,,,,0.197,21040.988,Pinned,Device,NVIDIA A100-SXM4-40GB MIG 4g.20gb (0),1,,13,[CUDA memcpy Host-to-Device]
1742340662,24896,4564,273,1,1,48,1,1,40,0.000,0.001,,,,,NVIDIA A100-SXM4-40GB MIG 4g.20gb (0),1,,13,"void pusch_noise_intf_est::noiseIntfEstNoDftSOfdmKernel<float, __half, float, float, (unsigned int)2, (unsigned int)1, (unsigned char)4, (unsigned char)4>(pusch_noise_intf_est::puschRxNoiseIntfEstDynDescr)"
1742420693,8320,4575,35,1,1,128,1,1,16,0.000,0.000,,,,,NVIDIA A100-SXM4-40GB MIG 4g.20gb (0),1,,13,cupy_copy__complex64_complex64
1742469493,2784,4584,1,1,1,1,1,1,18,0.000,0.000,,,,,NVIDIA A100-SXM4-40GB MIG 4g.20gb (0),1,,13,cupy_copy__float32_float32
1742473205,1600,4590,,,,,,,,,,0.000,2.500,Device,Pageable,NVIDIA A100-SXM4-40GB MIG 4g.20gb (0),1,,7,[CUDA memcpy Device-to-Host]
1742571604,14080,4601,1434,1,1,128,1,1,16,0.000,0.000,,,,,NVIDIA A100-SXM4-40GB MIG 4g.20gb (0),1,,13,cupy_copy__complex64_complex64
1742639571,6688,4608,103,1,1,128,1,1,16,0.000,0.000,,,,,NVIDIA A100-SXM4-40GB MIG 4g.20gb (0),1,,13,cupy_copy__complex64_complex64
1742669907,7583,4615,35,1,1,128,1,1,16,0.000,0.000,,,,,NVIDIA A100-SXM4-40GB MIG 4g.20gb (0),1,,13,cupy_copy__complex64_complex64
1742718994,2432,4622,1,1,1,1,1,1,18,0.000,0.000,,,,,NVIDIA A100-SXM4-40GB MIG 4g.20gb (0),1,,13,cupy_copy__float32_float32
1742822513,170334,4633,1,1,1,32,32,1,30,0.000,0.000,,,,,NVIDIA A100-SXM4-40GB MIG 4g.20gb (0),1,,13,"void convert_kernel<__half2, float2>(tensor_layout_any, T1 *, tensor_layout_any, const T2 *)"
1743027854,5376,4636,,,,,,,,,,0.094,17428.487,Pinned,Device,NVIDIA A100-SXM4-40GB MIG 4g.20gb (0),1,,13,[CUDA memcpy Host-to-Device]
1743051278,7840,4637,,,,,,,,,,1.547,197273.438,Device,,NVIDIA A100-SXM4-40GB MIG 4g.20gb (0),1,,13,[CUDA memset]
1743060206,3040,4642,,,,,,,,,,0.031,10294.725,Pinned,Device,NVIDIA A100-SXM4-40GB MIG 4g.20gb (0),1,,13,[CUDA memcpy Host-to-Device]
1743065806,10144,4643,,,,,,,,,,0.197,19381.617,Pinned,Device,NVIDIA A100-SXM4-40GB MIG 4g.20gb (0),1,,13,[CUDA memcpy Host-to-Device]
1743127277,21088,4644,273,1,1,8,4,1,39,0.002,0.000,,,,,NVIDIA A100-SXM4-40GB MIG 4g.20gb (0),1,,13,"void channel_eq::eqMmseCoefCompLowMimoKernel<float, float, float, (unsigned int)4, (unsigned int)1, (unsigned int)4>(const channel_eq::_puschRxChEqStatDescr *, channel_eq::_puschRxChEqCoefCompDynDescr)"
1743205260,14016,4645,273,1,1,12,11,1,51,0.002,0.000,,,,,NVIDIA A100-SXM4-40GB MIG 4g.20gb (0),1,,13,"void channel_eq::eqMmseSoftDemapKernel<float, __half, __half, float, (unsigned int)4, (unsigned short)16383>(channel_eq::_puschRxChEqStatDescr *, channel_eq::_puschRxChEqSoftDemapDynDescr)"
1743288523,394876,4646,1,1,1,32,32,1,30,0.000,0.000,,,,,NVIDIA A100-SXM4-40GB MIG 4g.20gb (0),1,,13,"void convert_kernel<float2, __half2>(tensor_layout_any, T1 *, tensor_layout_any, const T2 *)"
1743685415,15072,4658,2253,1,1,128,1,1,16,0.000,0.000,,,,,NVIDIA A100-SXM4-40GB MIG 4g.20gb (0),1,,13,cupy_copy__float16_float16
1743768646,5312,4667,282,1,1,128,1,1,16,0.000,0.000,,,,,NVIDIA A100-SXM4-40GB MIG 4g.20gb (0),1,,13,cupy_copy__complex64_complex64
1743817253,2944,4676,26,1,1,128,1,1,16,0.000,0.000,,,,,NVIDIA A100-SXM4-40GB MIG 4g.20gb (0),1,,13,cupy_copy__float32_float32
1743845221,9664,4685,103,1,1,128,1,1,16,0.000,0.000,,,,,NVIDIA A100-SXM4-40GB MIG 4g.20gb (0),1,,13,cupy_copy__complex64_complex64
1743896996,20096,4695,1434,1,1,128,1,1,16,0.000,0.000,,,,,NVIDIA A100-SXM4-40GB MIG 4g.20gb (0),1,,13,cupy_copy__complex64_complex64
1743931204,139326,4700,1,1,1,32,32,1,30,0.000,0.000,,,,,NVIDIA A100-SXM4-40GB MIG 4g.20gb (0),1,,13,"void convert_kernel<__half2, float2>(tensor_layout_any, T1 *, tensor_layout_any, const T2 *)"
1744101602,5536,4703,,,,,,,,,,0.094,16924.777,Pinned,Device,NVIDIA A100-SXM4-40GB MIG 4g.20gb (0),1,,13,[CUDA memcpy Host-to-Device]
1744170913,621497,4704,,,,,,,,,,456.561,734607.357,Device,,NVIDIA A100-SXM4-40GB MIG 4g.20gb (0),1,,13,[CUDA memset]
1744799194,55711,4709,,,,,,,,,,1.235,22166.010,Pinned,Device,NVIDIA A100-SXM4-40GB MIG 4g.20gb (0),1,,13,[CUDA memcpy Host-to-Device]
1744857337,12672,4710,,,,,,,,,,0.197,15515.124,Pinned,Device,NVIDIA A100-SXM4-40GB MIG 4g.20gb (0),1,,13,[CUDA memcpy Host-to-Device]
1744942104,14656,4711,69,4,1,48,1,1,76,0.002,0.000,,,,,NVIDIA A100-SXM4-40GB MIG 4g.20gb (0),1,,13,"void ch_est::windowedChEstPreNoDftSOfdmKernel<float, __half, float, (unsigned int)2, (unsigned int)1, (unsigned short)4>(ch_est::puschRxChEstStatDescr_t *, ch_est::puschRxChEstDynDescr_t *)"
1745437011,11263,4712,137,2,1,24,2,1,44,0.001,0.001,,,,,NVIDIA A100-SXM4-40GB MIG 4g.20gb (0),1,,13,"void ch_est::chEstFilterNoDftSOfdmDispatchKernel<float, __half, float, (unsigned int)2>(ch_est::puschRxChEstStatDescr_t *, ch_est::puschRxChEstDynDescr_t *)"
1745555345,14432,4713,137,2,1,24,2,1,44,0.001,0.001,,,,,NVIDIA A100-SXM4-40GB MIG 4g.20gb (0),1,,13,"void ch_est::chEstFilterNoDftSOfdmDispatchKernel<float, __half, float, (unsigned int)2>(ch_est::puschRxChEstStatDescr_t *, ch_est::puschRxChEstDynDescr_t *)"
1746022700,5248,4724,103,1,1,128,1,1,16,0.000,0.000,,,,,NVIDIA A100-SXM4-40GB MIG 4g.20gb (0),1,,13,cupy_copy__complex64_complex64
1746420199,19168,4734,1434,1,1,128,1,1,16,0.000,0.000,,,,,NVIDIA A100-SXM4-40GB MIG 4g.20gb (0),1,,13,cupy_copy__complex64_complex64
1746543334,17024,4741,103,1,1,128,1,1,16,0.000,0.000,,,,,NVIDIA A100-SXM4-40GB MIG 4g.20gb (0),1,,13,cupy_copy__complex64_complex64
1746915265,207518,4748,1,1,1,32,32,1,30,0.000,0.000,,,,,NVIDIA A100-SXM4-40GB MIG 4g.20gb (0),1,,13,"void convert_kernel<__half2, float2>(tensor_layout_any, T1 *, tensor_layout_any, const T2 *)"
1747152383,9056,4751,,,,,,,,,,0.094,10346.287,Pinned,Device,NVIDIA A100-SXM4-40GB MIG 4g.20gb (0),1,,13,[CUDA memcpy Host-to-Device]
1747504379,56703,4752,,,,,,,,,,35.810,631507.939,Device,,NVIDIA A100-SXM4-40GB MIG 4g.20gb (0),1,,13,[CUDA memset]
1747569594,2240,4754,,,,,,,,,,0.000,35.714,Pinned,Device,NVIDIA A100-SXM4-40GB MIG 4g.20gb (0),1,,13,[CUDA memcpy Host-to-Device]
1747578586,10144,4755,,,,,,,,,,0.197,19381.617,Pinned,Device,NVIDIA A100-SXM4-40GB MIG 4g.20gb (0),1,,13,[CUDA memcpy Host-to-Device]
1748049620,18464,4756,273,1,1,48,1,1,40,0.000,0.001,,,,,NVIDIA A100-SXM4-40GB MIG 4g.20gb (0),1,,13,"void pusch_noise_intf_est::noiseIntfEstNoDftSOfdmKernel<float, __half, float, float, (unsigned int)2, (unsigned int)1, (unsigned char)4, (unsigned char)4>(pusch_noise_intf_est::puschRxNoiseIntfEstDynDescr)"
1748514415,6816,4767,35,1,1,128,1,1,16,0.000,0.000,,,,,NVIDIA A100-SXM4-40GB MIG 4g.20gb (0),1,,13,cupy_copy__complex64_complex64
1748961258,3968,4776,1,1,1,1,1,1,18,0.000,0.000,,,,,NVIDIA A100-SXM4-40GB MIG 4g.20gb (0),1,,13,cupy_copy__float32_float32
1748971434,1984,4782,,,,,,,,,,0.000,2.016,Device,Pageable,NVIDIA A100-SXM4-40GB MIG 4g.20gb (0),1,,7,[CUDA memcpy Device-to-Host]
1749449796,18944,4793,1434,1,1,128,1,1,16,0.000,0.000,,,,,NVIDIA A100-SXM4-40GB MIG 4g.20gb (0),1,,13,cupy_copy__complex64_complex64
1749924447,5120,4800,103,1,1,128,1,1,16,0.000,0.000,,,,,NVIDIA A100-SXM4-40GB MIG 4g.20gb (0),1,,13,cupy_copy__complex64_complex64
1749972990,5632,4807,35,1,1,128,1,1,16,0.000,0.000,,,,,NVIDIA A100-SXM4-40GB MIG 4g.20gb (0),1,,13,cupy_copy__complex64_complex64
1750001054,2720,4814,1,1,1,1,1,1,18,0.000,0.000,,,,,NVIDIA A100-SXM4-40GB MIG 4g.20gb (0),1,,13,cupy_copy__float32_float32
1750049053,225054,4825,1,1,1,32,32,1,30,0.000,0.000,,,,,NVIDIA A100-SXM4-40GB MIG 4g.20gb (0),1,,13,"void convert_kernel<__half2, float2>(tensor_layout_any, T1 *, tensor_layout_any, const T2 *)"
1750306746,7104,4828,,,,,,,,,,0.094,13189.117,Pinned,Device,NVIDIA A100-SXM4-40GB MIG 4g.20gb (0),1,,13,[CUDA memcpy Host-to-Device]
1750363258,16671,4829,,,,,,,,,,1.547,92772.694,Device,,NVIDIA A100-SXM4-40GB MIG 4g.20gb (0),1,,13,[CUDA memset]
1750385561,3008,4834,,,,,,,,,,0.031,10404.230,Pinned,Device,NVIDIA A100-SXM4-40GB MIG 4g.20gb (0),1,,13,[CUDA memcpy Host-to-Device]
1750391001,9536,4835,,,,,,,,,,0.197,20617.298,Pinned,Device,NVIDIA A100-SXM4-40GB MIG 4g.20gb (0),1,,13,[CUDA memcpy Host-to-Device]
1750438649,24607,4836,273,1,1,8,4,1,39,0.002,0.000,,,,,NVIDIA A100-SXM4-40GB MIG 4g.20gb (0),1,,13,"void channel_eq::eqMmseCoefCompLowMimoKernel<float, float, float, (unsigned int)4, (unsigned int)1, (unsigned int)4>(const channel_eq::_puschRxChEqStatDescr *, channel_eq::_puschRxChEqCoefCompDynDescr)"
1750468664,12608,4837,273,1,1,12,11,1,51,0.002,0.000,,,,,NVIDIA A100-SXM4-40GB MIG 4g.20gb (0),1,,13,"void channel_eq::eqMmseSoftDemapKernel<float, __half, __half, float, (unsigned int)4, (unsigned short)16383>(channel_eq::_puschRxChEqStatDescr *, channel_eq::_puschRxChEqSoftDemapDynDescr)"
1750549367,417436,4838,1,1,1,32,32,1,30,0.000,0.000,,,,,NVIDIA A100-SXM4-40GB MIG 4g.20gb (0),1,,13,"void convert_kernel<float2, __half2>(tensor_layout_any, T1 *, tensor_layout_any, const T2 *)"
1751022642,13568,4850,2253,1,1,128,1,1,16,0.000,0.000,,,,,NVIDIA A100-SXM4-40GB MIG 4g.20gb (0),1,,13,cupy_copy__float16_float16
1751106033,5280,4859,282,1,1,128,1,1,16,0.000,0.000,,,,,NVIDIA A100-SXM4-40GB MIG 4g.20gb (0),1,,13,cupy_copy__complex64_complex64
1751154576,3008,4868,26,1,1,128,1,1,16,0.000,0.000,,,,,NVIDIA A100-SXM4-40GB MIG 4g.20gb (0),1,,13,cupy_copy__float32_float32
1751181840,9952,4877,103,1,1,128,1,1,16,0.000,0.000,,,,,NVIDIA A100-SXM4-40GB MIG 4g.20gb (0),1,,13,cupy_copy__complex64_complex64
1751236591,19072,4887,1434,1,1,128,1,1,16,0.000,0.000,,,,,NVIDIA A100-SXM4-40GB MIG 4g.20gb (0),1,,13,cupy_copy__complex64_complex64
1751313103,275196,4892,1,1,1,32,32,1,30,0.000,0.000,,,,,NVIDIA A100-SXM4-40GB MIG 4g.20gb (0),1,,13,"void convert_kernel<__half2, float2>(tensor_layout_any, T1 *, tensor_layout_any, const T2 *)"
1751621803,6176,4895,,,,,,,,,,0.094,15170.975,Pinned,Device,NVIDIA A100-SXM4-40GB MIG 4g.20gb (0),1,,13,[CUDA memcpy Host-to-Device]
1751859400,622905,4896,,,,,,,,,,456.561,732781.111,Device,,NVIDIA A100-SXM4-40GB MIG 4g.20gb (0),1,,13,[CUDA memset]
1752486145,58111,4901,,,,,,,,,,1.235,21250.916,Pinned,Device,NVIDIA A100-SXM4-40GB MIG 4g.20gb (0),1,,13,[CUDA memcpy Host-to-Device]
1752546688,20704,4902,,,,,,,,,,0.197,9495.970,Pinned,Device,NVIDIA A100-SXM4-40GB MIG 4g.20gb (0),1,,13,[CUDA memcpy Host-to-Device]
1752772734,16543,4903,69,4,1,48,1,1,76,0.002,0.000,,,,,NVIDIA A100-SXM4-40GB MIG 4g.20gb (0),1,,13,"void ch_est::windowedChEstPreNoDftSOfdmKernel<float, __half, float, (unsigned int)2, (unsigned int)1, (unsigned short)4>(ch_est::puschRxChEstStatDescr_t *, ch_est::puschRxChEstDynDescr_t *)"
1752884764,14336,4904,137,2,1,24,2,1,44,0.001,0.001,,,,,NVIDIA A100-SXM4-40GB MIG 4g.20gb (0),1,,13,"void ch_est::chEstFilterNoDftSOfdmDispatchKernel<float, __half, float, (unsigned int)2>(ch_est::puschRxChEstStatDescr_t *, ch_est::puschRxChEstDynDescr_t *)"
1753168793,20960,4905,137,2,1,24,2,1,44,0.001,0.001,,,,,NVIDIA A100-SXM4-40GB MIG 4g.20gb (0),1,,13,"void ch_est::chEstFilterNoDftSOfdmDispatchKernel<float, __half, float, (unsigned int)2>(ch_est::puschRxChEstStatDescr_t *, ch_est::puschRxChEstDynDescr_t *)"
1753450742,5312,4916,103,1,1,128,1,1,16,0.000,0.000,,,,,NVIDIA A100-SXM4-40GB MIG 4g.20gb (0),1,,13,cupy_copy__complex64_complex64
1753700883,18752,4926,1434,1,1,128,1,1,16,0.000,0.000,,,,,NVIDIA A100-SXM4-40GB MIG 4g.20gb (0),1,,13,cupy_copy__complex64_complex64
1753904625,16767,4933,103,1,1,128,1,1,16,0.000,0.000,,,,,NVIDIA A100-SXM4-40GB MIG 4g.20gb (0),1,,13,cupy_copy__complex64_complex64
1754007215,276093,4940,1,1,1,32,32,1,30,0.000,0.000,,,,,NVIDIA A100-SXM4-40GB MIG 4g.20gb (0),1,,13,"void convert_kernel<__half2, float2>(tensor_layout_any, T1 *, tensor_layout_any, const T2 *)"
1754317324,8320,4943,,,,,,,,,,0.094,11261.510,Pinned,Device,NVIDIA A100-SXM4-40GB MIG 4g.20gb (0),1,,13,[CUDA memcpy Host-to-Device]
1754570377,53375,4944,,,,,,,,,,35.810,670898.851,Device,,NVIDIA A100-SXM4-40GB MIG 4g.20gb (0),1,,13,[CUDA memset]
1754625192,4480,4946,,,,,,,,,,0.000,17.857,Pinned,Device,NVIDIA A100-SXM4-40GB MIG 4g.20gb (0),1,,13,[CUDA memcpy Host-to-Device]
1754632136,10240,4947,,,,,,,,,,0.197,19199.951,Pinned,Device,NVIDIA A100-SXM4-40GB MIG 4g.20gb (0),1,,13,[CUDA memcpy Host-to-Device]
1754907589,24160,4948,273,1,1,48,1,1,40,0.000,0.001,,,,,NVIDIA A100-SXM4-40GB MIG 4g.20gb (0),1,,13,"void pusch_noise_intf_est::noiseIntfEstNoDftSOfdmKernel<float, __half, float, float, (unsigned int)2, (unsigned int)1, (unsigned char)4, (unsigned char)4>(pusch_noise_intf_est::puschRxNoiseIntfEstDynDescr)"
1754989892,7136,4959,35,1,1,128,1,1,16,0.000,0.000,,,,,NVIDIA A100-SXM4-40GB MIG 4g.20gb (0),1,,13,cupy_copy__complex64_complex64
1755038691,3296,4968,1,1,1,1,1,1,18,0.000,0.000,,,,,NVIDIA A100-SXM4-40GB MIG 4g.20gb (0),1,,13,cupy_copy__float32_float32
1755048803,1600,4974,,,,,,,,,,0.000,2.500,Device,Pageable,NVIDIA A100-SXM4-40GB MIG 4g.20gb (0),1,,7,[CUDA memcpy Device-to-Host]
1755159330,14624,4985,1434,1,1,128,1,1,16,0.000,0.000,,,,,NVIDIA A100-SXM4-40GB MIG 4g.20gb (0),1,,13,cupy_copy__complex64_complex64
1755214593,14784,4992,103,1,1,128,1,1,16,0.000,0.000,,,,,NVIDIA A100-SXM4-40GB MIG 4g.20gb (0),1,,13,cupy_copy__complex64_complex64
1755245025,14880,4999,35,1,1,128,1,1,16,0.000,0.000,,,,,NVIDIA A100-SXM4-40GB MIG 4g.20gb (0),1,,13,cupy_copy__complex64_complex64
1755301408,2208,5006,1,1,1,1,1,1,18,0.000,0.000,,,,,NVIDIA A100-SXM4-40GB MIG 4g.20gb (0),1,,13,cupy_copy__float32_float32
1755331008,168926,5017,1,1,1,32,32,1,30,0.000,0.000,,,,,NVIDIA A100-SXM4-40GB MIG 4g.20gb (0),1,,13,"void convert_kernel<__half2, float2>(tensor_layout_any, T1 *, tensor_layout_any, const T2 *)"
1755529918,5376,5020,,,,,,,,,,0.094,17428.487,Pinned,Device,NVIDIA A100-SXM4-40GB MIG 4g.20gb (0),1,,13,[CUDA memcpy Host-to-Device]
1755553277,7712,5021,,,,,,,,,,1.547,200547.641,Device,,NVIDIA A100-SXM4-40GB MIG 4g.20gb (0),1,,13,[CUDA memset]
1755561725,3680,5026,,,,,,,,,,0.031,8504.344,Pinned,Device,NVIDIA A100-SXM4-40GB MIG 4g.20gb (0),1,,13,[CUDA memcpy Host-to-Device]
1755567805,11040,5027,,,,,,,,,,0.197,17808.556,Pinned,Device,NVIDIA A100-SXM4-40GB MIG 4g.20gb (0),1,,13,[CUDA memcpy Host-to-Device]
1755639612,23040,5028,273,1,1,8,4,1,39,0.002,0.000,,,,,NVIDIA A100-SXM4-40GB MIG 4g.20gb (0),1,,13,"void channel_eq::eqMmseCoefCompLowMimoKernel<float, float, float, (unsigned int)4, (unsigned int)1, (unsigned int)4>(const channel_eq::_puschRxChEqStatDescr *, channel_eq::_puschRxChEqCoefCompDynDescr)"
1755717564,13535,5029,273,1,1,12,11,1,51,0.002,0.000,,,,,NVIDIA A100-SXM4-40GB MIG 4g.20gb (0),1,,13,"void channel_eq::eqMmseSoftDemapKernel<float, __half, __half, float, (unsigned int)4, (unsigned short)16383>(channel_eq::_puschRxChEqStatDescr *, channel_eq::_puschRxChEqSoftDemapDynDescr)"
1755800123,386683,5030,1,1,1,32,32,1,30,0.000,0.000,,,,,NVIDIA A100-SXM4-40GB MIG 4g.20gb (0),1,,13,"void convert_kernel<float2, __half2>(tensor_layout_any, T1 *, tensor_layout_any, const T2 *)"
1756238998,21311,5042,2253,1,1,128,1,1,16,0.000,0.000,,,,,NVIDIA A100-SXM4-40GB MIG 4g.20gb (0),1,,13,cupy_copy__float16_float16
1756272693,5280,5051,282,1,1,128,1,1,16,0.000,0.000,,,,,NVIDIA A100-SXM4-40GB MIG 4g.20gb (0),1,,13,cupy_copy__complex64_complex64
1756320725,2944,5060,26,1,1,128,1,1,16,0.000,0.000,,,,,NVIDIA A100-SXM4-40GB MIG 4g.20gb (0),1,,13,cupy_copy__float32_float32
1756347476,9088,5069,103,1,1,128,1,1,16,0.000,0.000,,,,,NVIDIA A100-SXM4-40GB MIG 4g.20gb (0),1,,13,cupy_copy__complex64_complex64
1756399220,17983,5079,1434,1,1,128,1,1,16,0.000,0.000,,,,,NVIDIA A100-SXM4-40GB MIG 4g.20gb (0),1,,13,cupy_copy__complex64_complex64
1756433715,230846,5084,1,1,1,32,32,1,30,0.000,0.000,,,,,NVIDIA A100-SXM4-40GB MIG 4g.20gb (0),1,,13,"void convert_kernel<__half2, float2>(tensor_layout_any, T1 *, tensor_layout_any, const T2 *)"
1756694288,9344,5087,,,,,,,,,,0.094,10027.346,Pinned,Device,NVIDIA A100-SXM4-40GB MIG 4g.20gb (0),1,,13,[CUDA memcpy Host-to-Device]
1756899470,626553,5088,,,,,,,,,,456.561,728672.058,Device,,NVIDIA A100-SXM4-40GB MIG 4g.20gb (0),1,,13,[CUDA memset]
1757532167,59903,5093,,,,,,,,,,1.235,20614.920,Pinned,Device,NVIDIA A100-SXM4-40GB MIG 4g.20gb (0),1,,13,[CUDA memcpy Host-to-Device]
1757594566,20416,5094,,,,,,,,,,0.197,9630.056,Pinned,Device,NVIDIA A100-SXM4-40GB MIG 4g.20gb (0),1,,13,[CUDA memcpy Host-to-Device]
1757840131,28480,5095,69,4,1,48,1,1,76,0.002,0.000,,,,,NVIDIA A100-SXM4-40GB MIG 4g.20gb (0),1,,13,"void ch_est::windowedChEstPreNoDftSOfdmKernel<float, __half, float, (unsigned int)2, (unsigned int)1, (unsigned short)4>(ch_est::puschRxChEstStatDescr_t *, ch_est::puschRxChEstDynDescr_t *)"
1758039265,25855,5096,137,2,1,24,2,1,44,0.001,0.001,,,,,NVIDIA A100-SXM4-40GB MIG 4g.20gb (0),1,,13,"void ch_est::chEstFilterNoDftSOfdmDispatchKernel<float, __half, float, (unsigned int)2>(ch_est::puschRxChEstStatDescr_t *, ch_est::puschRxChEstDynDescr_t *)"
1758143039,14336,5097,137,2,1,24,2,1,44,0.001,0.001,,,,,NVIDIA A100-SXM4-40GB MIG 4g.20gb (0),1,,13,"void ch_est::chEstFilterNoDftSOfdmDispatchKernel<float, __half, float, (unsigned int)2>(ch_est::puschRxChEstStatDescr_t *, ch_est::puschRxChEstDynDescr_t *)"
1758421116,5568,5108,103,1,1,128,1,1,16,0.000,0.000,,,,,NVIDIA A100-SXM4-40GB MIG 4g.20gb (0),1,,13,cupy_copy__complex64_complex64
1758679833,22752,5118,1434,1,1,128,1,1,16,0.000,0.000,,,,,NVIDIA A100-SXM4-40GB MIG 4g.20gb (0),1,,13,cupy_copy__complex64_complex64
1758898839,6272,5125,103,1,1,128,1,1,16,0.000,0.000,,,,,NVIDIA A100-SXM4-40GB MIG 4g.20gb (0),1,,13,cupy_copy__complex64_complex64
1759001878,283324,5132,1,1,1,32,32,1,30,0.000,0.000,,,,,NVIDIA A100-SXM4-40GB MIG 4g.20gb (0),1,,13,"void convert_kernel<__half2, float2>(tensor_layout_any, T1 *, tensor_layout_any, const T2 *)"
1759317938,5472,5135,,,,,,,,,,0.094,17122.757,Pinned,Device,NVIDIA A100-SXM4-40GB MIG 4g.20gb (0),1,,13,[CUDA memcpy Host-to-Device]
1759568079,58815,5136,,,,,,,,,,35.810,608840.260,Device,,NVIDIA A100-SXM4-40GB MIG 4g.20gb (0),1,,13,[CUDA memset]
1759628078,1888,5138,,,,,,,,,,0.000,42.373,Pinned,Device,NVIDIA A100-SXM4-40GB MIG 4g.20gb (0),1,,13,[CUDA memcpy Host-to-Device]
1759634318,14432,5139,,,,,,,,,,0.197,13622.968,Pinned,Device,NVIDIA A100-SXM4-40GB MIG 4g.20gb (0),1,,13,[CUDA memcpy Host-to-Device]
1759923083,18752,5140,273,1,1,48,1,1,40,0.000,0.001,,,,,NVIDIA A100-SXM4-40GB MIG 4g.20gb (0),1,,13,"void pusch_noise_intf_est::noiseIntfEstNoDftSOfdmKernel<float, __half, float, float, (unsigned int)2, (unsigned int)1, (unsigned char)4, (unsigned char)4>(pusch_noise_intf_est::puschRxNoiseIntfEstDynDescr)"
1760199688,8832,5151,35,1,1,128,1,1,16,0.000,0.000,,,,,NVIDIA A100-SXM4-40GB MIG 4g.20gb (0),1,,13,cupy_copy__complex64_complex64
1760255463,4000,5160,1,1,1,1,1,1,18,0.000,0.000,,,,,NVIDIA A100-SXM4-40GB MIG 4g.20gb (0),1,,13,cupy_copy__float32_float32
1760264999,1600,5166,,,,,,,,,,0.000,2.500,Device,Pageable,NVIDIA A100-SXM4-40GB MIG 4g.20gb (0),1,,7,[CUDA memcpy Device-to-Host]
1760358758,16096,5177,1434,1,1,128,1,1,16,0.000,0.000,,,,,NVIDIA A100-SXM4-40GB MIG 4g.20gb (0),1,,13,cupy_copy__complex64_complex64
1760418885,3936,5184,103,1,1,128,1,1,16,0.000,0.000,,,,,NVIDIA A100-SXM4-40GB MIG 4g.20gb (0),1,,13,cupy_copy__complex64_complex64
1760451941,5856,5191,35,1,1,128,1,1,16,0.000,0.000,,,,,NVIDIA A100-SXM4-40GB MIG 4g.20gb (0),1,,13,cupy_copy__complex64_complex64
1760513636,2304,5198,1,1,1,1,1,1,18,0.000,0.000,,,,,NVIDIA A100-SXM4-40GB MIG 4g.20gb (0),1,,13,cupy_copy__float32_float32
1760542596,170206,5209,1,1,1,32,32,1,30,0.000,0.000,,,,,NVIDIA A100-SXM4-40GB MIG 4g.20gb (0),1,,13,"void convert_kernel<__half2, float2>(tensor_layout_any, T1 *, tensor_layout_any, const T2 *)"
1760742113,5376,5212,,,,,,,,,,0.094,17428.487,Pinned,Device,NVIDIA A100-SXM4-40GB MIG 4g.20gb (0),1,,13,[CUDA memcpy Host-to-Device]
1760774081,9344,5213,,,,,,,,,,1.547,165519.700,Device,,NVIDIA A100-SXM4-40GB MIG 4g.20gb (0),1,,13,[CUDA memset]
1760784449,3296,5218,,,,,,,,,,0.031,9495.144,Pinned,Device,NVIDIA A100-SXM4-40GB MIG 4g.20gb (0),1,,13,[CUDA memcpy Host-to-Device]
1760791937,9440,5219,,,,,,,,,,0.197,20827.079,Pinned,Device,NVIDIA A100-SXM4-40GB MIG 4g.20gb (0),1,,13,[CUDA memcpy Host-to-Device]
1760859040,25408,5220,273,1,1,8,4,1,39,0.002,0.000,,,,,NVIDIA A100-SXM4-40GB MIG 4g.20gb (0),1,,13,"void channel_eq::eqMmseCoefCompLowMimoKernel<float, float, float, (unsigned int)4, (unsigned int)1, (unsigned int)4>(const channel_eq::_puschRxChEqStatDescr *, channel_eq::_puschRxChEqCoefCompDynDescr)"
1760941631,16384,5221,273,1,1,12,11,1,51,0.002,0.000,,,,,NVIDIA A100-SXM4-40GB MIG 4g.20gb (0),1,,13,"void channel_eq::eqMmseSoftDemapKernel<float, __half, __half, float, (unsigned int)4, (unsigned short)16383>(channel_eq::_puschRxChEqStatDescr *, channel_eq::_puschRxChEqSoftDemapDynDescr)"
1761025566,540986,5222,1,1,1,32,32,1,30,0.000,0.000,,,,,NVIDIA A100-SXM4-40GB MIG 4g.20gb (0),1,,13,"void convert_kernel<float2, __half2>(tensor_layout_any, T1 *, tensor_layout_any, const T2 *)"
1761659223,24512,5234,2253,1,1,128,1,1,16,0.000,0.000,,,,,NVIDIA A100-SXM4-40GB MIG 4g.20gb (0),1,,13,cupy_copy__float16_float16
1761781461,6880,5243,282,1,1,128,1,1,16,0.000,0.000,,,,,NVIDIA A100-SXM4-40GB MIG 4g.20gb (0),1,,13,cupy_copy__complex64_complex64
1761937748,17951,5252,26,1,1,128,1,1,16,0.000,0.000,,,,,NVIDIA A100-SXM4-40GB MIG 4g.20gb (0),1,,13,cupy_copy__float32_float32
1762043762,14400,5261,103,1,1,128,1,1,16,0.000,0.000,,,,,NVIDIA A100-SXM4-40GB MIG 4g.20gb (0),1,,13,cupy_copy__complex64_complex64
1762143281,15584,5271,1434,1,1,128,1,1,16,0.000,0.000,,,,,NVIDIA A100-SXM4-40GB MIG 4g.20gb (0),1,,13,cupy_copy__complex64_complex64
1762302607,279613,5276,1,1,1,32,32,1,30,0.000,0.000,,,,,NVIDIA A100-SXM4-40GB MIG 4g.20gb (0),1,,13,"void convert_kernel<__half2, float2>(tensor_layout_any, T1 *, tensor_layout_any, const T2 *)"
1762612524,5920,5279,,,,,,,,,,0.094,15826.941,Pinned,Device,NVIDIA A100-SXM4-40GB MIG 4g.20gb (0),1,,13,[CUDA memcpy Host-to-Device]
1762687499,617785,5280,,,,,,,,,,456.561,738716.410,Device,,NVIDIA A100-SXM4-40GB MIG 4g.20gb (0),1,,13,[CUDA memset]
1763312420,72031,5285,,,,,,,,,,1.235,17143.493,Pinned,Device,NVIDIA A100-SXM4-40GB MIG 4g.20gb (0),1,,13,[CUDA memcpy Host-to-Device]
1763387331,17088,5286,,,,,,,,,,0.197,11505.500,Pinned,Device,NVIDIA A100-SXM4-40GB MIG 4g.20gb (0),1,,13,[CUDA memcpy Host-to-Device]
1763488706,16031,5287,69,4,1,48,1,1,76,0.002,0.000,,,,,NVIDIA A100-SXM4-40GB MIG 4g.20gb (0),1,,13,"void ch_est::windowedChEstPreNoDftSOfdmKernel<float, __half, float, (unsigned int)2, (unsigned int)1, (unsigned short)4>(ch_est::puschRxChEstStatDescr_t *, ch_est::puschRxChEstDynDescr_t *)"
1763650880,27807,5288,137,2,1,24,2,1,44,0.001,0.001,,,,,NVIDIA A100-SXM4-40GB MIG 4g.20gb (0),1,,13,"void ch_est::chEstFilterNoDftSOfdmDispatchKernel<float, __half, float, (unsigned int)2>(ch_est::puschRxChEstStatDescr_t *, ch_est::puschRxChEstDynDescr_t *)"
1763762878,24352,5289,137,2,1,24,2,1,44,0.001,0.001,,,,,NVIDIA A100-SXM4-40GB MIG 4g.20gb (0),1,,13,"void ch_est::chEstFilterNoDftSOfdmDispatchKernel<float, __half, float, (unsigned int)2>(ch_est::puschRxChEstStatDescr_t *, ch_est::puschRxChEstDynDescr_t *)"
1763863869,4320,5300,103,1,1,128,1,1,16,0.000,0.000,,,,,NVIDIA A100-SXM4-40GB MIG 4g.20gb (0),1,,13,cupy_copy__complex64_complex64
1763912029,19616,5310,1434,1,1,128,1,1,16,0.000,0.000,,,,,NVIDIA A100-SXM4-40GB MIG 4g.20gb (0),1,,13,cupy_copy__complex64_complex64
1763944796,4384,5317,103,1,1,128,1,1,16,0.000,0.000,,,,,NVIDIA A100-SXM4-40GB MIG 4g.20gb (0),1,,13,cupy_copy__complex64_complex64
1763993660,147934,5324,1,1,1,32,32,1,30,0.000,0.000,,,,,NVIDIA A100-SXM4-40GB MIG 4g.20gb (0),1,,13,"void convert_kernel<__half2, float2>(tensor_layout_any, T1 *, tensor_layout_any, const T2 *)"
1764172090,5376,5327,,,,,,,,,,0.094,17428.487,Pinned,Device,NVIDIA A100-SXM4-40GB MIG 4g.20gb (0),1,,13,[CUDA memcpy Host-to-Device]
1764245049,55999,5328,,,,,,,,,,35.810,639457.741,Device,,NVIDIA A100-SXM4-40GB MIG 4g.20gb (0),1,,13,[CUDA memset]
1764304216,8224,5330,,,,,,,,,,0.000,9.728,Pinned,Device,NVIDIA A100-SXM4-40GB MIG 4g.20gb (0),1,,13,[CUDA memcpy Host-to-Device]
1764319512,9856,5331,,,,,,,,,,0.197,19948.044,Pinned,Device,NVIDIA A100-SXM4-40GB MIG 4g.20gb (0),1,,13,[CUDA memcpy Host-to-Device]
1764380023,25888,5332,273,1,1,48,1,1,40,0.000,0.001,,,,,NVIDIA A100-SXM4-40GB MIG 4g.20gb (0),1,,13,"void pusch_noise_intf_est::noiseIntfEstNoDftSOfdmKernel<float, __half, float, float, (unsigned int)2, (unsigned int)1, (unsigned char)4, (unsigned char)4>(pusch_noise_intf_est::puschRxNoiseIntfEstDynDescr)"
1764461334,6816,5343,35,1,1,128,1,1,16,0.000,0.000,,,,,NVIDIA A100-SXM4-40GB MIG 4g.20gb (0),1,,13,cupy_copy__complex64_complex64
1764510774,2304,5352,1,1,1,1,1,1,18,0.000,0.000,,,,,NVIDIA A100-SXM4-40GB MIG 4g.20gb (0),1,,13,cupy_copy__float32_float32
1764515574,1600,5358,,,,,,,,,,0.000,2.500,Device,Pageable,NVIDIA A100-SXM4-40GB MIG 4g.20gb (0),1,,7,[CUDA memcpy Device-to-Host]
1764612245,14271,5369,1434,1,1,128,1,1,16,0.000,0.000,,,,,NVIDIA A100-SXM4-40GB MIG 4g.20gb (0),1,,13,cupy_copy__complex64_complex64
1764679220,12416,5376,103,1,1,128,1,1,16,0.000,0.000,,,,,NVIDIA A100-SXM4-40GB MIG 4g.20gb (0),1,,13,cupy_copy__complex64_complex64
1764708756,8255,5383,35,1,1,128,1,1,16,0.000,0.000,,,,,NVIDIA A100-SXM4-40GB MIG 4g.20gb (0),1,,13,cupy_copy__complex64_complex64
1764758419,4096,5390,1,1,1,1,1,1,18,0.000,0.000,,,,,NVIDIA A100-SXM4-40GB MIG 4g.20gb (0),1,,13,cupy_copy__float32_float32
1764889105,284701,5401,1,1,1,32,32,1,30,0.000,0.000,,,,,NVIDIA A100-SXM4-40GB MIG 4g.20gb (0),1,,13,"void convert_kernel<__half2, float2>(tensor_layout_any, T1 *, tensor_layout_any, const T2 *)"
1765207566,12544,5404,,,,,,,,,,0.094,7469.351,Pinned,Device,NVIDIA A100-SXM4-40GB MIG 4g.20gb (0),1,,13,[CUDA memcpy Host-to-Device]
1765350956,7392,5405,,,,,,,,,,1.547,209228.841,Device,,NVIDIA A100-SXM4-40GB MIG 4g.20gb (0),1,,13,[CUDA memset]
1765362572,7424,5410,,,,,,,,,,0.031,4215.509,Pinned,Device,NVIDIA A100-SXM4-40GB MIG 4g.20gb (0),1,,13,[CUDA memcpy Host-to-Device]
1765372460,9600,5411,,,,,,,,,,0.197,20479.869,Pinned,Device,NVIDIA A100-SXM4-40GB MIG 4g.20gb (0),1,,13,[CUDA memcpy Host-to-Device]
1765567754,24959,5412,273,1,1,8,4,1,39,0.002,0.000,,,,,NVIDIA A100-SXM4-40GB MIG 4g.20gb (0),1,,13,"void channel_eq::eqMmseCoefCompLowMimoKernel<float, float, float, (unsigned int)4, (unsigned int)1, (unsigned int)4>(const channel_eq::_puschRxChEqStatDescr *, channel_eq::_puschRxChEqCoefCompDynDescr)"
1765808871,12608,5413,273,1,1,12,11,1,51,0.002,0.000,,,,,NVIDIA A100-SXM4-40GB MIG 4g.20gb (0),1,,13,"void channel_eq::eqMmseSoftDemapKernel<float, __half, __half, float, (unsigned int)4, (unsigned short)16383>(channel_eq::_puschRxChEqStatDescr *, channel_eq::_puschRxChEqSoftDemapDynDescr)"
1766057156,688856,5414,1,1,1,32,32,1,30,0.000,0.000,,,,,NVIDIA A100-SXM4-40GB MIG 4g.20gb (0),1,,13,"void convert_kernel<float2, __half2>(tensor_layout_any, T1 *, tensor_layout_any, const T2 *)"
1766833211,21312,5426,2253,1,1,128,1,1,16,0.000,0.000,,,,,NVIDIA A100-SXM4-40GB MIG 4g.20gb (0),1,,13,cupy_copy__float16_float16
1767003737,5856,5435,282,1,1,128,1,1,16,0.000,0.000,,,,,NVIDIA A100-SXM4-40GB MIG 4g.20gb (0),1,,13,cupy_copy__complex64_complex64
1767220918,6496,5444,26,1,1,128,1,1,16,0.000,0.000,,,,,NVIDIA A100-SXM4-40GB MIG 4g.20gb (0),1,,13,cupy_copy__float32_float32
1767316917,10432,5453,103,1,1,128,1,1,16,0.000,0.000,,,,,NVIDIA A100-SXM4-40GB MIG 4g.20gb (0),1,,13,cupy_copy__complex64_complex64
1767346421,14560,5463,1434,1,1,128,1,1,16,0.000,0.000,,,,,NVIDIA A100-SXM4-40GB MIG 4g.20gb (0),1,,13,cupy_copy__complex64_complex64
1767402676,142559,5468,1,1,1,32,32,1,30,0.000,0.000,,,,,NVIDIA A100-SXM4-40GB MIG 4g.20gb (0),1,,13,"void convert_kernel<__half2, float2>(tensor_layout_any, T1 *, tensor_layout_any, const T2 *)"
1767575186,5376,5471,,,,,,,,,,0.094,17428.487,Pinned,Device,NVIDIA A100-SXM4-40GB MIG 4g.20gb (0),1,,13,[CUDA memcpy Host-to-Device]
1767590642,620729,5472,,,,,,,,,,456.561,735520.480,Device,,NVIDIA A100-SXM4-40GB MIG 4g.20gb (0),1,,13,[CUDA memset]
1768220235,59263,5477,,,,,,,,,,1.235,20837.210,Pinned,Device,NVIDIA A100-SXM4-40GB MIG 4g.20gb (0),1,,13,[CUDA memcpy Host-to-Device]
1768287050,10848,5478,,,,,,,,,,0.197,18123.719,Pinned,Device,NVIDIA A100-SXM4-40GB MIG 4g.20gb (0),1,,13,[CUDA memcpy Host-to-Device]
1768323626,14336,5479,69,4,1,48,1,1,76,0.002,0.000,,,,,NVIDIA A100-SXM4-40GB MIG 4g.20gb (0),1,,13,"void ch_est::windowedChEstPreNoDftSOfdmKernel<float, __half, float, (unsigned int)2, (unsigned int)1, (unsigned short)4>(ch_est::puschRxChEstStatDescr_t *, ch_est::puschRxChEstDynDescr_t *)"
1768407241,15584,5480,137,2,1,24,2,1,44,0.001,0.001,,,,,NVIDIA A100-SXM4-40GB MIG 4g.20gb (0),1,,13,"void ch_est::chEstFilterNoDftSOfdmDispatchKernel<float, __half, float, (unsigned int)2>(ch_est::puschRxChEstStatDescr_t *, ch_est::puschRxChEstDynDescr_t *)"
1768493800,17920,5481,137,2,1,24,2,1,44,0.001,0.001,,,,,NVIDIA A100-SXM4-40GB MIG 4g.20gb (0),1,,13,"void ch_est::chEstFilterNoDftSOfdmDispatchKernel<float, __half, float, (unsigned int)2>(ch_est::puschRxChEstStatDescr_t *, ch_est::puschRxChEstDynDescr_t *)"
1768575399,4800,5492,103,1,1,128,1,1,16,0.000,0.000,,,,,NVIDIA A100-SXM4-40GB MIG 4g.20gb (0),1,,13,cupy_copy__complex64_complex64
1768632806,19488,5502,1434,1,1,128,1,1,16,0.000,0.000,,,,,NVIDIA A100-SXM4-40GB MIG 4g.20gb (0),1,,13,cupy_copy__complex64_complex64
1768665734,4864,5509,103,1,1,128,1,1,16,0.000,0.000,,,,,NVIDIA A100-SXM4-40GB MIG 4g.20gb (0),1,,13,cupy_copy__complex64_complex64
1768715461,216350,5516,1,1,1,32,32,1,30,0.000,0.000,,,,,NVIDIA A100-SXM4-40GB MIG 4g.20gb (0),1,,13,"void convert_kernel<__half2, float2>(tensor_layout_any, T1 *, tensor_layout_any, const T2 *)"
1768960034,6080,5519,,,,,,,,,,0.094,15410.462,Pinned,Device,NVIDIA A100-SXM4-40GB MIG 4g.20gb (0),1,,13,[CUDA memcpy Host-to-Device]
1769136224,71135,5520,,,,,,,,,,35.810,503380.045,Device,,NVIDIA A100-SXM4-40GB MIG 4g.20gb (0),1,,13,[CUDA memset]
1769207487,3456,5522,,,,,,,,,,0.000,23.148,Pinned,Device,NVIDIA A100-SXM4-40GB MIG 4g.20gb (0),1,,13,[CUDA memcpy Host-to-Device]
1769213343,9856,5523,,,,,,,,,,0.197,19948.044,Pinned,Device,NVIDIA A100-SXM4-40GB MIG 4g.20gb (0),1,,13,[CUDA memcpy Host-to-Device]
1769406461,27840,5524,273,1,1,48,1,1,40,0.000,0.001,,,,,NVIDIA A100-SXM4-40GB MIG 4g.20gb (0),1,,13,"void pusch_noise_intf_est::noiseIntfEstNoDftSOfdmKernel<float, __half, float, float, (unsigned int)2, (unsigned int)1, (unsigned char)4, (unsigned char)4>(pusch_noise_intf_est::puschRxNoiseIntfEstDynDescr)"
1769550587,7680,5535,35,1,1,128,1,1,16,0.000,0.000,,,,,NVIDIA A100-SXM4-40GB MIG 4g.20gb (0),1,,13,cupy_copy__complex64_complex64
1769655738,3552,5544,1,1,1,1,1,1,18,0.000,0.000,,,,,NVIDIA A100-SXM4-40GB MIG 4g.20gb (0),1,,13,cupy_copy__float32_float32
1769665242,2400,5550,,,,,,,,,,0.000,1.667,Device,Pageable,NVIDIA A100-SXM4-40GB MIG 4g.20gb (0),1,,7,[CUDA memcpy Device-to-Host]
1769856760,14784,5561,1434,1,1,128,1,1,16,0.000,0.000,,,,,NVIDIA A100-SXM4-40GB MIG 4g.20gb (0),1,,13,cupy_copy__complex64_complex64
1770072437,5216,5568,103,1,1,128,1,1,16,0.000,0.000,,,,,NVIDIA A100-SXM4-40GB MIG 4g.20gb (0),1,,13,cupy_copy__complex64_complex64
1770247155,7328,5575,35,1,1,128,1,1,16,0.000,0.000,,,,,NVIDIA A100-SXM4-40GB MIG 4g.20gb (0),1,,13,cupy_copy__complex64_complex64
1770392946,4896,5582,1,1,1,1,1,1,18,0.000,0.000,,,,,NVIDIA A100-SXM4-40GB MIG 4g.20gb (0),1,,13,cupy_copy__float32_float32
1770497649,292796,5593,1,1,1,32,32,1,30,0.000,0.000,,,,,NVIDIA A100-SXM4-40GB MIG 4g.20gb (0),1,,13,"void convert_kernel<__half2, float2>(tensor_layout_any, T1 *, tensor_layout_any, const T2 *)"
1770823853,9472,5596,,,,,,,,,,0.094,9891.862,Pinned,Device,NVIDIA A100-SXM4-40GB MIG 4g.20gb (0),1,,13,[CUDA memcpy Host-to-Device]
1770917676,7712,5597,,,,,,,,,,1.547,200547.641,Device,,NVIDIA A100-SXM4-40GB MIG 4g.20gb (0),1,,13,[CUDA memset]
1770934315,4128,5602,,,,,,,,,,0.031,7581.393,Pinned,Device,NVIDIA A100-SXM4-40GB MIG 4g.20gb (0),1,,13,[CUDA memcpy Host-to-Device]
1770945067,20640,5603,,,,,,,,,,0.197,9525.461,Pinned,Device,NVIDIA A100-SXM4-40GB MIG 4g.20gb (0),1,,13,[CUDA memcpy Host-to-Device]
1771143497,24672,5604,273,1,1,8,4,1,39,0.002,0.000,,,,,NVIDIA A100-SXM4-40GB MIG 4g.20gb (0),1,,13,"void channel_eq::eqMmseCoefCompLowMimoKernel<float, float, float, (unsigned int)4, (unsigned int)1, (unsigned int)4>(const channel_eq::_puschRxChEqStatDescr *, channel_eq::_puschRxChEqCoefCompDynDescr)"
1771228392,12800,5605,273,1,1,12,11,1,51,0.002,0.000,,,,,NVIDIA A100-SXM4-40GB MIG 4g.20gb (0),1,,13,"void channel_eq::eqMmseSoftDemapKernel<float, __half, __half, float, (unsigned int)4, (unsigned short)16383>(channel_eq::_puschRxChEqStatDescr *, channel_eq::_puschRxChEqSoftDemapDynDescr)"
1771313415,405243,5606,1,1,1,32,32,1,30,0.000,0.000,,,,,NVIDIA A100-SXM4-40GB MIG 4g.20gb (0),1,,13,"void convert_kernel<float2, __half2>(tensor_layout_any, T1 *, tensor_layout_any, const T2 *)"
1771776674,13376,5618,2253,1,1,128,1,1,16,0.000,0.000,,,,,NVIDIA A100-SXM4-40GB MIG 4g.20gb (0),1,,13,cupy_copy__float16_float16
1771876161,6048,5627,282,1,1,128,1,1,16,0.000,0.000,,,,,NVIDIA A100-SXM4-40GB MIG 4g.20gb (0),1,,13,cupy_copy__complex64_complex64
1771925376,3264,5636,26,1,1,128,1,1,16,0.000,0.000,,,,,NVIDIA A100-SXM4-40GB MIG 4g.20gb (0),1,,13,cupy_copy__float32_float32
1771952000,8448,5645,103,1,1,128,1,1,16,0.000,0.000,,,,,NVIDIA A100-SXM4-40GB MIG 4g.20gb (0),1,,13,cupy_copy__complex64_complex64
1772003039,21184,5655,1434,1,1,128,1,1,16,0.000,0.000,,,,,NVIDIA A100-SXM4-40GB MIG 4g.20gb (0),1,,13,cupy_copy__complex64_complex64
1772080574,232862,5660,1,1,1,32,32,1,30,0.000,0.000,,,,,NVIDIA A100-SXM4-40GB MIG 4g.20gb (0),1,,13,"void convert_kernel<__half2, float2>(tensor_layout_any, T1 *, tensor_layout_any, const T2 *)"
1772343099,6208,5663,,,,,,,,,,0.094,15092.739,Pinned,Device,NVIDIA A100-SXM4-40GB MIG 4g.20gb (0),1,,13,[CUDA memcpy Host-to-Device]
1772542745,615449,5664,,,,,,,,,,456.561,741455.779,Device,,NVIDIA A100-SXM4-40GB MIG 4g.20gb (0),1,,13,[CUDA memset]
1773165202,60319,5669,,,,,,,,,,1.235,20472.902,Pinned,Device,NVIDIA A100-SXM4-40GB MIG 4g.20gb (0),1,,13,[CUDA memcpy Host-to-Device]
1773232177,16576,5670,,,,,,,,,,0.197,11860.967,Pinned,Device,NVIDIA A100-SXM4-40GB MIG 4g.20gb (0),1,,13,[CUDA memcpy Host-to-Device]
1773415471,11136,5671,69,4,1,48,1,1,76,0.002,0.000,,,,,NVIDIA A100-SXM4-40GB MIG 4g.20gb (0),1,,13,"void ch_est::windowedChEstPreNoDftSOfdmKernel<float, __half, float, (unsigned int)2, (unsigned int)1, (unsigned short)4>(ch_est::puschRxChEstStatDescr_t *, ch_est::puschRxChEstDynDescr_t *)"
1773522766,11359,5672,137,2,1,24,2,1,44,0.001,0.001,,,,,NVIDIA A100-SXM4-40GB MIG 4g.20gb (0),1,,13,"void ch_est::chEstFilterNoDftSOfdmDispatchKernel<float, __half, float, (unsigned int)2>(ch_est::puschRxChEstStatDescr_t *, ch_est::puschRxChEstDynDescr_t *)"
1773719979,27904,5673,137,2,1,24,2,1,44,0.001,0.001,,,,,NVIDIA A100-SXM4-40GB MIG 4g.20gb (0),1,,13,"void ch_est::chEstFilterNoDftSOfdmDispatchKernel<float, __half, float, (unsigned int)2>(ch_est::puschRxChEstStatDescr_t *, ch_est::puschRxChEstDynDescr_t *)"
1773892393,5440,5684,103,1,1,128,1,1,16,0.000,0.000,,,,,NVIDIA A100-SXM4-40GB MIG 4g.20gb (0),1,,13,cupy_copy__complex64_complex64
1773989384,16256,5694,1434,1,1,128,1,1,16,0.000,0.000,,,,,NVIDIA A100-SXM4-40GB MIG 4g.20gb (0),1,,13,cupy_copy__complex64_complex64
1774203846,17567,5701,103,1,1,128,1,1,16,0.000,0.000,,,,,NVIDIA A100-SXM4-40GB MIG 4g.20gb (0),1,,13,cupy_copy__complex64_complex64
1774387748,214685,5708,1,1,1,32,32,1,30,0.000,0.000,,,,,NVIDIA A100-SXM4-40GB MIG 4g.20gb (0),1,,13,"void convert_kernel<__half2, float2>(tensor_layout_any, T1 *, tensor_layout_any, const T2 *)"
1774636993,5824,5711,,,,,,,,,,0.094,16087.884,Pinned,Device,NVIDIA A100-SXM4-40GB MIG 4g.20gb (0),1,,13,[CUDA memcpy Host-to-Device]
1774740703,53568,5712,,,,,,,,,,35.810,668463.777,Device,,NVIDIA A100-SXM4-40GB MIG 4g.20gb (0),1,,13,[CUDA memset]
1774796415,3168,5714,,,,,,,,,,0.000,25.252,Pinned,Device,NVIDIA A100-SXM4-40GB MIG 4g.20gb (0),1,,13,[CUDA memcpy Host-to-Device]
1774802047,9952,5715,,,,,,,,,,0.197,19755.565,Pinned,Device,NVIDIA A100-SXM4-40GB MIG 4g.20gb (0),1,,13,[CUDA memcpy Host-to-Device]
1775031932,16096,5716,273,1,1,48,1,1,40,0.000,0.001,,,,,NVIDIA A100-SXM4-40GB MIG 4g.20gb (0),1,,13,"void pusch_noise_intf_est::noiseIntfEstNoDftSOfdmKernel<float, __half, float, float, (unsigned int)2, (unsigned int)1, (unsigned char)4, (unsigned char)4>(pusch_noise_intf_est::puschRxNoiseIntfEstDynDescr)"
1775285881,9184,5727,35,1,1,128,1,1,16,0.000,0.000,,,,,NVIDIA A100-SXM4-40GB MIG 4g.20gb (0),1,,13,cupy_copy__complex64_complex64
1775341368,4512,5736,1,1,1,1,1,1,18,0.000,0.000,,,,,NVIDIA A100-SXM4-40GB MIG 4g.20gb (0),1,,13,cupy_copy__float32_float32
1775348344,1856,5742,,,,,,,,,,0.000,2.155,Device,Pageable,NVIDIA A100-SXM4-40GB MIG 4g.20gb (0),1,,7,[CUDA memcpy Device-to-Host]
1775446711,19104,5753,1434,1,1,128,1,1,16,0.000,0.000,,,,,NVIDIA A100-SXM4-40GB MIG 4g.20gb (0),1,,13,cupy_copy__complex64_complex64
1775506167,4224,5760,103,1,1,128,1,1,16,0.000,0.000,,,,,NVIDIA A100-SXM4-40GB MIG 4g.20gb (0),1,,13,cupy_copy__complex64_complex64
1775538134,8992,5767,35,1,1,128,1,1,16,0.000,0.000,,,,,NVIDIA A100-SXM4-40GB MIG 4g.20gb (0),1,,13,cupy_copy__complex64_complex64
1775586870,2528,5774,1,1,1,1,1,1,18,0.000,0.000,,,,,NVIDIA A100-SXM4-40GB MIG 4g.20gb (0),1,,13,cupy_copy__float32_float32
1775661781,168894,5785,1,1,1,32,32,1,30,0.000,0.000,,,,,NVIDIA A100-SXM4-40GB MIG 4g.20gb (0),1,,13,"void convert_kernel<__half2, float2>(tensor_layout_any, T1 *, tensor_layout_any, const T2 *)"
1775872434,5376,5788,,,,,,,,,,0.094,17428.487,Pinned,Device,NVIDIA A100-SXM4-40GB MIG 4g.20gb (0),1,,13,[CUDA memcpy Host-to-Device]
1775913042,7808,5789,,,,,,,,,,1.547,198080.776,Device,,NVIDIA A100-SXM4-40GB MIG 4g.20gb (0),1,,13,[CUDA memset]
1775928946,3040,5794,,,,,,,,,,0.031,10294.725,Pinned,Device,NVIDIA A100-SXM4-40GB MIG 4g.20gb (0),1,,13,[CUDA memcpy Host-to-Device]
1775934450,9887,5795,,,,,,,,,,0.197,19885.326,Pinned,Device,NVIDIA A100-SXM4-40GB MIG 4g.20gb (0),1,,13,[CUDA memcpy Host-to-Device]
1775995921,22080,5796,273,1,1,8,4,1,39,0.002,0.000,,,,,NVIDIA A100-SXM4-40GB MIG 4g.20gb (0),1,,13,"void channel_eq::eqMmseCoefCompLowMimoKernel<float, float, float, (unsigned int)4, (unsigned int)1, (unsigned int)4>(const channel_eq::_puschRxChEqStatDescr *, channel_eq::_puschRxChEqCoefCompDynDescr)"
1776076208,18976,5797,273,1,1,12,11,1,51,0.002,0.000,,,,,NVIDIA A100-SXM4-40GB MIG 4g.20gb (0),1,,13,"void channel_eq::eqMmseSoftDemapKernel<float, __half, __half, float, (unsigned int)4, (unsigned short)16383>(channel_eq::_puschRxChEqStatDescr *, channel_eq::_puschRxChEqSoftDemapDynDescr)"
1776158351,540922,5798,1,1,1,32,32,1,30,0.000,0.000,,,,,NVIDIA A100-SXM4-40GB MIG 4g.20gb (0),1,,13,"void convert_kernel<float2, __half2>(tensor_layout_any, T1 *, tensor_layout_any, const T2 *)"
1776834407,19296,5810,2253,1,1,128,1,1,16,0.000,0.000,,,,,NVIDIA A100-SXM4-40GB MIG 4g.20gb (0),1,,13,cupy_copy__float16_float16
1776864935,5888,5819,282,1,1,128,1,1,16,0.000,0.000,,,,,NVIDIA A100-SXM4-40GB MIG 4g.20gb (0),1,,13,cupy_copy__complex64_complex64
1777007813,15424,5828,26,1,1,128,1,1,16,0.000,0.000,,,,,NVIDIA A100-SXM4-40GB MIG 4g.20gb (0),1,,13,cupy_copy__float32_float32
1777118340,10688,5837,103,1,1,128,1,1,16,0.000,0.000,,,,,NVIDIA A100-SXM4-40GB MIG 4g.20gb (0),1,,13,cupy_copy__complex64_complex64
1777233251,15391,5847,1434,1,1,128,1,1,16,0.000,0.000,,,,,NVIDIA A100-SXM4-40GB MIG 4g.20gb (0),1,,13,cupy_copy__complex64_complex64
1777426176,270749,5852,1,1,1,32,32,1,30,0.000,0.000,,,,,NVIDIA A100-SXM4-40GB MIG 4g.20gb (0),1,,13,"void convert_kernel<__half2, float2>(tensor_layout_any, T1 *, tensor_layout_any, const T2 *)"
1777726973,12288,5855,,,,,,,,,,0.094,7624.980,Pinned,Device,NVIDIA A100-SXM4-40GB MIG 4g.20gb (0),1,,13,[CUDA memcpy Host-to-Device]
1777887899,626841,5856,,,,,,,,,,456.561,728215.497,Device,,NVIDIA A100-SXM4-40GB MIG 4g.20gb (0),1,,13,[CUDA memset]
1778520788,68639,5861,,,,,,,,,,1.235,17990.664,Pinned,Device,NVIDIA A100-SXM4-40GB MIG 4g.20gb (0),1,,13,[CUDA memcpy Host-to-Device]
1778600499,13312,5862,,,,,,,,,,0.197,14769.193,Pinned,Device,NVIDIA A100-SXM4-40GB MIG 4g.20gb (0),1,,13,[CUDA memcpy Host-to-Device]
1778702290,28575,5863,69,4,1,48,1,1,76,0.002,0.000,,,,,NVIDIA A100-SXM4-40GB MIG 4g.20gb (0),1,,13,"void ch_est::windowedChEstPreNoDftSOfdmKernel<float, __half, float, (unsigned int)2, (unsigned int)1, (unsigned short)4>(ch_est::puschRxChEstStatDescr_t *, ch_est::puschRxChEstDynDescr_t *)"
1778825872,14368,5864,137,2,1,24,2,1,44,0.001,0.001,,,,,NVIDIA A100-SXM4-40GB MIG 4g.20gb (0),1,,13,"void ch_est::chEstFilterNoDftSOfdmDispatchKernel<float, __half, float, (unsigned int)2>(ch_est::puschRxChEstStatDescr_t *, ch_est::puschRxChEstDynDescr_t *)"
1779015246,18400,5865,137,2,1,24,2,1,44,0.001,0.001,,,,,NVIDIA A100-SXM4-40GB MIG 4g.20gb (0),1,,13,"void ch_est::chEstFilterNoDftSOfdmDispatchKernel<float, __half, float, (unsigned int)2>(ch_est::puschRxChEstStatDescr_t *, ch_est::puschRxChEstDynDescr_t *)"
1779110829,5216,5876,103,1,1,128,1,1,16,0.000,0.000,,,,,NVIDIA A100-SXM4-40GB MIG 4g.20gb (0),1,,13,cupy_copy__complex64_complex64
1779159596,19808,5886,1434,1,1,128,1,1,16,0.000,0.000,,,,,NVIDIA A100-SXM4-40GB MIG 4g.20gb (0),1,,13,cupy_copy__complex64_complex64
1779197484,4992,5893,103,1,1,128,1,1,16,0.000,0.000,,,,,NVIDIA A100-SXM4-40GB MIG 4g.20gb (0),1,,13,cupy_copy__complex64_complex64
1779248363,151135,5900,1,1,1,32,32,1,30,0.000,0.000,,,,,NVIDIA A100-SXM4-40GB MIG 4g.20gb (0),1,,13,"void convert_kernel<__half2, float2>(tensor_layout_any, T1 *, tensor_layout_any, const T2 *)"
1779429161,5696,5903,,,,,,,,,,0.094,16449.363,Pinned,Device,NVIDIA A100-SXM4-40GB MIG 4g.20gb (0),1,,13,[CUDA memcpy Host-to-Device]
1779508904,60896,5904,,,,,,,,,,35.810,588034.696,Device,,NVIDIA A100-SXM4-40GB MIG 4g.20gb (0),1,,13,[CUDA memset]
1779571272,4159,5906,,,,,,,,,,0.000,19.235,Pinned,Device,NVIDIA A100-SXM4-40GB MIG 4g.20gb (0),1,,13,[CUDA memcpy Host-to-Device]
1779582503,12032,5907,,,,,,,,,,0.197,16340.287,Pinned,Device,NVIDIA A100-SXM4-40GB MIG 4g.20gb (0),1,,13,[CUDA memcpy Host-to-Device]
1779667398,25728,5908,273,1,1,48,1,1,40,0.000,0.001,,,,,NVIDIA A100-SXM4-40GB MIG 4g.20gb (0),1,,13,"void pusch_noise_intf_est::noiseIntfEstNoDftSOfdmKernel<float, __half, float, float, (unsigned int)2, (unsigned int)1, (unsigned char)4, (unsigned char)4>(pusch_noise_intf_est::puschRxNoiseIntfEstDynDescr)"
1779755141,7328,5919,35,1,1,128,1,1,16,0.000,0.000,,,,,NVIDIA A100-SXM4-40GB MIG 4g.20gb (0),1,,13,cupy_copy__complex64_complex64
1779764005,1856,5928,1,1,1,1,1,1,18,0.000,0.000,,,,,NVIDIA A100-SXM4-40GB MIG 4g.20gb (0),1,,13,cupy_copy__float32_float32
1779769925,1600,5934,,,,,,,,,,0.000,2.500,Device,Pageable,NVIDIA A100-SXM4-40GB MIG 4g.20gb (0),1,,7,[CUDA memcpy Device-to-Host]
1779888548,18240,5945,1434,1,1,128,1,1,16,0.000,0.000,,,,,NVIDIA A100-SXM4-40GB MIG 4g.20gb (0),1,,13,cupy_copy__complex64_complex64
1779920451,4672,5952,103,1,1,128,1,1,16,0.000,0.000,,,,,NVIDIA A100-SXM4-40GB MIG 4g.20gb (0),1,,13,cupy_copy__complex64_complex64
1779969667,5504,5959,35,1,1,128,1,1,16,0.000,0.000,,,,,NVIDIA A100-SXM4-40GB MIG 4g.20gb (0),1,,13,cupy_copy__complex64_complex64
1779998755,8127,5966,1,1,1,1,1,1,18,0.000,0.000,,,,,NVIDIA A100-SXM4-40GB MIG 4g.20gb (0),1,,13,cupy_copy__float32_float32
1780079778,242557,5977,1,1,1,32,32,1,30,0.000,0.000,,,,,NVIDIA A100-SXM4-40GB MIG 4g.20gb (0),1,,13,"void convert_kernel<__half2, float2>(tensor_layout_any, T1 *, tensor_layout_any, const T2 *)"
1780351998,5728,5980,,,,,,,,,,0.094,16357.541,Pinned,Device,NVIDIA A100-SXM4-40GB MIG 4g.20gb (0),1,,13,[CUDA memcpy Host-to-Device]
1780527548,7552,5981,,,,,,,,,,1.547,204796.217,Device,,NVIDIA A100-SXM4-40GB MIG 4g.20gb (0),1,,13,[CUDA memset]
1780539292,7488,5986,,,,,,,,,,0.031,4179.487,Pinned,Device,NVIDIA A100-SXM4-40GB MIG 4g.20gb (0),1,,13,[CUDA memcpy Host-to-Device]
1780549948,12768,5987,,,,,,,,,,0.197,15398.339,Pinned,Device,NVIDIA A100-SXM4-40GB MIG 4g.20gb (0),1,,13,[CUDA memcpy Host-to-Device]
1780729690,23392,5988,273,1,1,8,4,1,39,0.002,0.000,,,,,NVIDIA A100-SXM4-40GB MIG 4g.20gb (0),1,,13,"void channel_eq::eqMmseCoefCompLowMimoKernel<float, float, float, (unsigned int)4, (unsigned int)1, (unsigned int)4>(const channel_eq::_puschRxChEqStatDescr *, channel_eq::_puschRxChEqCoefCompDynDescr)"
1780949208,16831,5989,273,1,1,12,11,1,51,0.002,0.000,,,,,NVIDIA A100-SXM4-40GB MIG 4g.20gb (0),1,,13,"void channel_eq::eqMmseSoftDemapKernel<float, __half, __half, float, (unsigned int)4, (unsigned short)16383>(channel_eq::_puschRxChEqStatDescr *, channel_eq::_puschRxChEqSoftDemapDynDescr)"
1781177909,713688,5990,1,1,1,32,32,1,30,0.000,0.000,,,,,NVIDIA A100-SXM4-40GB MIG 4g.20gb (0),1,,13,"void convert_kernel<float2, __half2>(tensor_layout_any, T1 *, tensor_layout_any, const T2 *)"
1782016619,14080,6002,2253,1,1,128,1,1,16,0.000,0.000,,,,,NVIDIA A100-SXM4-40GB MIG 4g.20gb (0),1,,13,cupy_copy__float16_float16
1782232969,7072,6011,282,1,1,128,1,1,16,0.000,0.000,,,,,NVIDIA A100-SXM4-40GB MIG 4g.20gb (0),1,,13,cupy_copy__complex64_complex64
1782418791,7999,6020,26,1,1,128,1,1,16,0.000,0.000,,,,,NVIDIA A100-SXM4-40GB MIG 4g.20gb (0),1,,13,cupy_copy__float32_float32
1782447654,9792,6029,103,1,1,128,1,1,16,0.000,0.000,,,,,NVIDIA A100-SXM4-40GB MIG 4g.20gb (0),1,,13,cupy_copy__complex64_complex64
1782500486,16063,6039,1434,1,1,128,1,1,16,0.000,0.000,,,,,NVIDIA A100-SXM4-40GB MIG 4g.20gb (0),1,,13,cupy_copy__complex64_complex64
1782539077,143903,6044,1,1,1,32,32,1,30,0.000,0.000,,,,,NVIDIA A100-SXM4-40GB MIG 4g.20gb (0),1,,13,"void convert_kernel<__half2, float2>(tensor_layout_any, T1 *, tensor_layout_any, const T2 *)"
1782712195,5376,6047,,,,,,,,,,0.094,17428.487,Pinned,Device,NVIDIA A100-SXM4-40GB MIG 4g.20gb (0),1,,13,[CUDA memcpy Host-to-Device]
1782769763,617912,6048,,,,,,,,,,456.561,738716.410,Device,,NVIDIA A100-SXM4-40GB MIG 4g.20gb (0),1,,13,[CUDA memset]
1783393691,57632,6053,,,,,,,,,,1.235,21427.513,Pinned,Device,NVIDIA A100-SXM4-40GB MIG 4g.20gb (0),1,,13,[CUDA memcpy Host-to-Device]
1783453819,9439,6054,,,,,,,,,,0.197,20829.241,Pinned,Device,NVIDIA A100-SXM4-40GB MIG 4g.20gb (0),1,,13,[CUDA memcpy Host-to-Device]
1783494650,21376,6055,69,4,1,48,1,1,76,0.002,0.000,,,,,NVIDIA A100-SXM4-40GB MIG 4g.20gb (0),1,,13,"void ch_est::windowedChEstPreNoDftSOfdmKernel<float, __half, float, (unsigned int)2, (unsigned int)1, (unsigned short)4>(ch_est::puschRxChEstStatDescr_t *, ch_est::puschRxChEstDynDescr_t *)"
1783579577,11872,6056,137,2,1,24,2,1,44,0.001,0.001,,,,,NVIDIA A100-SXM4-40GB MIG 4g.20gb (0),1,,13,"void ch_est::chEstFilterNoDftSOfdmDispatchKernel<float, __half, float, (unsigned int)2>(ch_est::puschRxChEstStatDescr_t *, ch_est::puschRxChEstDynDescr_t *)"
1783598169,6144,6057,137,2,1,24,2,1,44,0.001,0.001,,,,,NVIDIA A100-SXM4-40GB MIG 4g.20gb (0),1,,13,"void ch_est::chEstFilterNoDftSOfdmDispatchKernel<float, __half, float, (unsigned int)2>(ch_est::puschRxChEstStatDescr_t *, ch_est::puschRxChEstDynDescr_t *)"
1783661624,4128,6068,103,1,1,128,1,1,16,0.000,0.000,,,,,NVIDIA A100-SXM4-40GB MIG 4g.20gb (0),1,,13,cupy_copy__complex64_complex64
1783689048,13760,6078,1434,1,1,128,1,1,16,0.000,0.000,,,,,NVIDIA A100-SXM4-40GB MIG 4g.20gb (0),1,,13,cupy_copy__complex64_complex64
1783743447,15520,6085,103,1,1,128,1,1,16,0.000,0.000,,,,,NVIDIA A100-SXM4-40GB MIG 4g.20gb (0),1,,13,cupy_copy__complex64_complex64
1783771895,153502,6092,1,1,1,32,32,1,30,0.000,0.000,,,,,NVIDIA A100-SXM4-40GB MIG 4g.20gb (0),1,,13,"void convert_kernel<__half2, float2>(tensor_layout_any, T1 *, tensor_layout_any, const T2 *)"
1783956213,5664,6095,,,,,,,,,,0.094,16542.310,Pinned,Device,NVIDIA A100-SXM4-40GB MIG 4g.20gb (0),1,,13,[CUDA memcpy Host-to-Device]
1784014356,66655,6096,,,,,,,,,,35.810,537220.420,Device,,NVIDIA A100-SXM4-40GB MIG 4g.20gb (0),1,,13,[CUDA memset]
1784084435,7744,6098,,,,,,,,,,0.000,10.331,Pinned,Device,NVIDIA A100-SXM4-40GB MIG 4g.20gb (0),1,,13,[CUDA memcpy Host-to-Device]
1784098899,16928,6099,,,,,,,,,,0.197,11614.224,Pinned,Device,NVIDIA A100-SXM4-40GB MIG 4g.20gb (0),1,,13,[CUDA memcpy Host-to-Device]
1784279121,36192,6100,273,1,1,48,1,1,40,0.000,0.001,,,,,NVIDIA A100-SXM4-40GB MIG 4g.20gb (0),1,,13,"void pusch_noise_intf_est::noiseIntfEstNoDftSOfdmKernel<float, __half, float, float, (unsigned int)2, (unsigned int)1, (unsigned char)4, (unsigned char)4>(pusch_noise_intf_est::puschRxNoiseIntfEstDynDescr)"
1784389520,6656,6111,35,1,1,128,1,1,16,0.000,0.000,,,,,NVIDIA A100-SXM4-40GB MIG 4g.20gb (0),1,,13,cupy_copy__complex64_complex64
1784525550,4480,6120,1,1,1,1,1,1,18,0.000,0.000,,,,,NVIDIA A100-SXM4-40GB MIG 4g.20gb (0),1,,13,cupy_copy__float32_float32
1784534126,1600,6126,,,,,,,,,,0.000,2.500,Device,Pageable,NVIDIA A100-SXM4-40GB MIG 4g.20gb (0),1,,7,[CUDA memcpy Device-to-Host]
1784733228,16768,6137,1434,1,1,128,1,1,16,0.000,0.000,,,,,NVIDIA A100-SXM4-40GB MIG 4g.20gb (0),1,,13,cupy_copy__complex64_complex64
1784889514,7040,6144,103,1,1,128,1,1,16,0.000,0.000,,,,,NVIDIA A100-SXM4-40GB MIG 4g.20gb (0),1,,13,cupy_copy__complex64_complex64
1784984297,20320,6151,35,1,1,128,1,1,16,0.000,0.000,,,,,NVIDIA A100-SXM4-40GB MIG 4g.20gb (0),1,,13,cupy_copy__complex64_complex64
1785089448,3616,6158,1,1,1,1,1,1,18,0.000,0.000,,,,,NVIDIA A100-SXM4-40GB MIG 4g.20gb (0),1,,13,cupy_copy__float32_float32
1785231942,288349,6169,1,1,1,32,32,1,30,0.000,0.000,,,,,NVIDIA A100-SXM4-40GB MIG 4g.20gb (0),1,,13,"void convert_kernel<__half2, float2>(tensor_layout_any, T1 *, tensor_layout_any, const T2 *)"
1785551298,5856,6172,,,,,,,,,,0.094,15999.997,Pinned,Device,NVIDIA A100-SXM4-40GB MIG 4g.20gb (0),1,,13,[CUDA memcpy Host-to-Device]
1785687553,18528,6173,,,,,,,,,,1.547,83474.391,Device,,NVIDIA A100-SXM4-40GB MIG 4g.20gb (0),1,,13,[CUDA memset]
1785705377,4095,6178,,,,,,,,,,0.031,7642.483,Pinned,Device,NVIDIA A100-SXM4-40GB MIG 4g.20gb (0),1,,13,[CUDA memcpy Host-to-Device]
1785722400,18016,6179,,,,,,,,,,0.197,10912.924,Pinned,Device,NVIDIA A100-SXM4-40GB MIG 4g.20gb (0),1,,13,[CUDA memcpy Host-to-Device]
1785873791,33887,6180,273,1,1,8,4,1,39,0.002,0.000,,,,,NVIDIA A100-SXM4-40GB MIG 4g.20gb (0),1,,13,"void channel_eq::eqMmseCoefCompLowMimoKernel<float, float, float, (unsigned int)4, (unsigned int)1, (unsigned int)4>(const channel_eq::_puschRxChEqStatDescr *, channel_eq::_puschRxChEqCoefCompDynDescr)"
1785975229,12960,6181,273,1,1,12,11,1,51,0.002,0.000,,,,,NVIDIA A100-SXM4-40GB MIG 4g.20gb (0),1,,13,"void channel_eq::eqMmseSoftDemapKernel<float, __half, __half, float, (unsigned int)4, (unsigned short)16383>(channel_eq::_puschRxChEqStatDescr *, channel_eq::_puschRxChEqSoftDemapDynDescr)"
1786049533,282460,6182,1,1,1,32,32,1,30,0.000,0.000,,,,,NVIDIA A100-SXM4-40GB MIG 4g.20gb (0),1,,13,"void convert_kernel<float2, __half2>(tensor_layout_any, T1 *, tensor_layout_any, const T2 *)"
1786391033,14175,6194,2253,1,1,128,1,1,16,0.000,0.000,,,,,NVIDIA A100-SXM4-40GB MIG 4g.20gb (0),1,,13,cupy_copy__float16_float16
1786447864,10944,6203,282,1,1,128,1,1,16,0.000,0.000,,,,,NVIDIA A100-SXM4-40GB MIG 4g.20gb (0),1,,13,cupy_copy__complex64_complex64
1786478040,4352,6212,26,1,1,128,1,1,16,0.000,0.000,,,,,NVIDIA A100-SXM4-40GB MIG 4g.20gb (0),1,,13,cupy_copy__float32_float32
1786526743,6144,6221,103,1,1,128,1,1,16,0.000,0.000,,,,,NVIDIA A100-SXM4-40GB MIG 4g.20gb (0),1,,13,cupy_copy__complex64_complex64
1786554327,13952,6231,1434,1,1,128,1,1,16,0.000,0.000,,,,,NVIDIA A100-SXM4-40GB MIG 4g.20gb (0),1,,13,cupy_copy__complex64_complex64
1786608758,137630,6236,1,1,1,32,32,1,30,0.000,0.000,,,,,NVIDIA A100-SXM4-40GB MIG 4g.20gb (0),1,,13,"void convert_kernel<__half2, float2>(tensor_layout_any, T1 *, tensor_layout_any, const T2 *)"
1786779796,5344,6239,,,,,,,,,,0.094,17532.864,Pinned,Device,NVIDIA A100-SXM4-40GB MIG 4g.20gb (0),1,,13,[CUDA memcpy Host-to-Device]
1786789172,613273,6240,,,,,,,,,,456.561,744195.147,Device,,NVIDIA A100-SXM4-40GB MIG 4g.20gb (0),1,,13,[CUDA memset]
1787404525,66687,6245,,,,,,,,,,1.235,18517.985,Pinned,Device,NVIDIA A100-SXM4-40GB MIG 4g.20gb (0),1,,13,[CUDA memcpy Host-to-Device]
1787473868,33472,6246,,,,,,,,,,0.197,5873.664,Pinned,Device,NVIDIA A100-SXM4-40GB MIG 4g.20gb (0),1,,13,[CUDA memcpy Host-to-Device]
1787627722,27552,6247,69,4,1,48,1,1,76,0.002,0.000,,,,,NVIDIA A100-SXM4-40GB MIG 4g.20gb (0),1,,13,"void ch_est::windowedChEstPreNoDftSOfdmKernel<float, __half, float, (unsigned int)2, (unsigned int)1, (unsigned short)4>(ch_est::puschRxChEstStatDescr_t *, ch_est::puschRxChEstDynDescr_t *)"
1787737865,20192,6248,137,2,1,24,2,1,44,0.001,0.001,,,,,NVIDIA A100-SXM4-40GB MIG 4g.20gb (0),1,,13,"void ch_est::chEstFilterNoDftSOfdmDispatchKernel<float, __half, float, (unsigned int)2>(ch_est::puschRxChEstStatDescr_t *, ch_est::puschRxChEstDynDescr_t *)"
1787851432,14592,6249,137,2,1,24,2,1,44,0.001,0.001,,,,,NVIDIA A100-SXM4-40GB MIG 4g.20gb (0),1,,13,"void ch_est::chEstFilterNoDftSOfdmDispatchKernel<float, __half, float, (unsigned int)2>(ch_est::puschRxChEstStatDescr_t *, ch_est::puschRxChEstDynDescr_t *)"
1788023558,6176,6260,103,1,1,128,1,1,16,0.000,0.000,,,,,NVIDIA A100-SXM4-40GB MIG 4g.20gb (0),1,,13,cupy_copy__complex64_complex64
1788094789,21472,6270,1434,1,1,128,1,1,16,0.000,0.000,,,,,NVIDIA A100-SXM4-40GB MIG 4g.20gb (0),1,,13,cupy_copy__complex64_complex64
1788195364,8224,6277,103,1,1,128,1,1,16,0.000,0.000,,,,,NVIDIA A100-SXM4-40GB MIG 4g.20gb (0),1,,13,cupy_copy__complex64_complex64
1788313410,283325,6284,1,1,1,32,32,1,30,0.000,0.000,,,,,NVIDIA A100-SXM4-40GB MIG 4g.20gb (0),1,,13,"void convert_kernel<__half2, float2>(tensor_layout_any, T1 *, tensor_layout_any, const T2 *)"
1788629215,9984,6287,,,,,,,,,,0.094,9384.591,Pinned,Device,NVIDIA A100-SXM4-40GB MIG 4g.20gb (0),1,,13,[CUDA memcpy Host-to-Device]
1788773981,63391,6288,,,,,,,,,,35.810,564901.488,Device,,NVIDIA A100-SXM4-40GB MIG 4g.20gb (0),1,,13,[CUDA memset]
1788844540,3584,6290,,,,,,,,,,0.000,22.321,Pinned,Device,NVIDIA A100-SXM4-40GB MIG 4g.20gb (0),1,,13,[CUDA memcpy Host-to-Device]
1788854780,19744,6291,,,,,,,,,,0.197,9957.802,Pinned,Device,NVIDIA A100-SXM4-40GB MIG 4g.20gb (0),1,,13,[CUDA memcpy Host-to-Device]
1789012058,33184,6292,273,1,1,48,1,1,40,0.000,0.001,,,,,NVIDIA A100-SXM4-40GB MIG 4g.20gb (0),1,,13,"void pusch_noise_intf_est::noiseIntfEstNoDftSOfdmKernel<float, __half, float, float, (unsigned int)2, (unsigned int)1, (unsigned char)4, (unsigned char)4>(pusch_noise_intf_est::puschRxNoiseIntfEstDynDescr)"
1789130265,7904,6303,35,1,1,128,1,1,16,0.000,0.000,,,,,NVIDIA A100-SXM4-40GB MIG 4g.20gb (0),1,,13,cupy_copy__complex64_complex64
1789285591,5376,6312,1,1,1,1,1,1,18,0.000,0.000,,,,,NVIDIA A100-SXM4-40GB MIG 4g.20gb (0),1,,13,cupy_copy__float32_float32
1789298135,3840,6318,,,,,,,,,,0.000,1.042,Device,Pageable,NVIDIA A100-SXM4-40GB MIG 4g.20gb (0),1,,7,[CUDA memcpy Device-to-Host]
1789503061,15615,6329,1434,1,1,128,1,1,16,0.000,0.000,,,,,NVIDIA A100-SXM4-40GB MIG 4g.20gb (0),1,,13,cupy_copy__complex64_complex64
1789585268,7968,6336,103,1,1,128,1,1,16,0.000,0.000,,,,,NVIDIA A100-SXM4-40GB MIG 4g.20gb (0),1,,13,cupy_copy__complex64_complex64
1789613971,6112,6343,35,1,1,128,1,1,16,0.000,0.000,,,,,NVIDIA A100-SXM4-40GB MIG 4g.20gb (0),1,,13,cupy_copy__complex64_complex64
1789664627,7808,6350,1,1,1,1,1,1,18,0.000,0.000,,,,,NVIDIA A100-SXM4-40GB MIG 4g.20gb (0),1,,13,cupy_copy__float32_float32
1789694866,149183,6361,1,1,1,32,32,1,30,0.000,0.000,,,,,NVIDIA A100-SXM4-40GB MIG 4g.20gb (0),1,,13,"void convert_kernel<__half2, float2>(tensor_layout_any, T1 *, tensor_layout_any, const T2 *)"
1789873360,8832,6364,,,,,,,,,,0.094,10608.636,Pinned,Device,NVIDIA A100-SXM4-40GB MIG 4g.20gb (0),1,,13,[CUDA memcpy Host-to-Device]
1789918704,7296,6365,,,,,,,,,,1.547,211981.832,Device,,NVIDIA A100-SXM4-40GB MIG 4g.20gb (0),1,,13,[CUDA memset]
1789929200,7520,6370,,,,,,,,,,0.031,4161.679,Pinned,Device,NVIDIA A100-SXM4-40GB MIG 4g.20gb (0),1,,13,[CUDA memcpy Host-to-Device]
1789939120,9567,6371,,,,,,,,,,0.197,20550.451,Pinned,Device,NVIDIA A100-SXM4-40GB MIG 4g.20gb (0),1,,13,[CUDA memcpy Host-to-Device]
1789995311,24544,6372,273,1,1,8,4,1,39,0.002,0.000,,,,,NVIDIA A100-SXM4-40GB MIG 4g.20gb (0),1,,13,"void channel_eq::eqMmseCoefCompLowMimoKernel<float, float, float, (unsigned int)4, (unsigned int)1, (unsigned int)4>(const channel_eq::_puschRxChEqStatDescr *, channel_eq::_puschRxChEqCoefCompDynDescr)"
1790077806,14688,6373,273,1,1,12,11,1,51,0.002,0.000,,,,,NVIDIA A100-SXM4-40GB MIG 4g.20gb (0),1,,13,"void channel_eq::eqMmseSoftDemapKernel<float, __half, __half, float, (unsigned int)4, (unsigned short)16383>(channel_eq::_puschRxChEqStatDescr *, channel_eq::_puschRxChEqSoftDemapDynDescr)"
1790161261,389307,6374,1,1,1,32,32,1,30,0.000,0.000,,,,,NVIDIA A100-SXM4-40GB MIG 4g.20gb (0),1,,13,"void convert_kernel<float2, __half2>(tensor_layout_any, T1 *, tensor_layout_any, const T2 *)"
1790590888,18560,6386,2253,1,1,128,1,1,16,0.000,0.000,,,,,NVIDIA A100-SXM4-40GB MIG 4g.20gb (0),1,,13,cupy_copy__float16_float16
1790624392,7712,6395,282,1,1,128,1,1,16,0.000,0.000,,,,,NVIDIA A100-SXM4-40GB MIG 4g.20gb (0),1,,13,cupy_copy__complex64_complex64
1790749158,6816,6404,26,1,1,128,1,1,16,0.000,0.000,,,,,NVIDIA A100-SXM4-40GB MIG 4g.20gb (0),1,,13,cupy_copy__float32_float32
1790862341,15072,6413,103,1,1,128,1,1,16,0.000,0.000,,,,,NVIDIA A100-SXM4-40GB MIG 4g.20gb (0),1,,13,cupy_copy__complex64_complex64
1790975876,14559,6423,1434,1,1,128,1,1,16,0.000,0.000,,,,,NVIDIA A100-SXM4-40GB MIG 4g.20gb (0),1,,13,cupy_copy__complex64_complex64
1791152641,276669,6428,1,1,1,32,32,1,30,0.000,0.000,,,,,NVIDIA A100-SXM4-40GB MIG 4g.20gb (0),1,,13,"void convert_kernel<__half2, float2>(tensor_layout_any, T1 *, tensor_layout_any, const T2 *)"
1791461758,9312,6431,,,,,,,,,,0.094,10061.826,Pinned,Device,NVIDIA A100-SXM4-40GB MIG 4g.20gb (0),1,,13,[CUDA memcpy Host-to-Device]
1791567837,609433,6432,,,,,,,,,,456.561,748760.762,Device,,NVIDIA A100-SXM4-40GB MIG 4g.20gb (0),1,,13,[CUDA memset]
1792183126,73631,6437,,,,,,,,,,1.235,16771.774,Pinned,Device,NVIDIA A100-SXM4-40GB MIG 4g.20gb (0),1,,13,[CUDA memcpy Host-to-Device]
1792260469,10560,6438,,,,,,,,,,0.197,18617.991,Pinned,Device,NVIDIA A100-SXM4-40GB MIG 4g.20gb (0),1,,13,[CUDA memcpy Host-to-Device]
1792385619,17824,6439,69,4,1,48,1,1,76,0.002,0.000,,,,,NVIDIA A100-SXM4-40GB MIG 4g.20gb (0),1,,13,"void ch_est::windowedChEstPreNoDftSOfdmKernel<float, __half, float, (unsigned int)2, (unsigned int)1, (unsigned short)4>(ch_est::puschRxChEstStatDescr_t *, ch_est::puschRxChEstDynDescr_t *)"
1792586609,12288,6440,137,2,1,24,2,1,44,0.001,0.001,,,,,NVIDIA A100-SXM4-40GB MIG 4g.20gb (0),1,,13,"void ch_est::chEstFilterNoDftSOfdmDispatchKernel<float, __half, float, (unsigned int)2>(ch_est::puschRxChEstStatDescr_t *, ch_est::puschRxChEstDynDescr_t *)"
1792793327,14079,6441,137,2,1,24,2,1,44,0.001,0.001,,,,,NVIDIA A100-SXM4-40GB MIG 4g.20gb (0),1,,13,"void ch_est::chEstFilterNoDftSOfdmDispatchKernel<float, __half, float, (unsigned int)2>(ch_est::puschRxChEstStatDescr_t *, ch_est::puschRxChEstDynDescr_t *)"
1792984684,5408,6452,103,1,1,128,1,1,16,0.000,0.000,,,,,NVIDIA A100-SXM4-40GB MIG 4g.20gb (0),1,,13,cupy_copy__complex64_complex64
1793143978,21344,6462,1434,1,1,128,1,1,16,0.000,0.000,,,,,NVIDIA A100-SXM4-40GB MIG 4g.20gb (0),1,,13,cupy_copy__complex64_complex64
1793261129,13472,6469,103,1,1,128,1,1,16,0.000,0.000,,,,,NVIDIA A100-SXM4-40GB MIG 4g.20gb (0),1,,13,cupy_copy__complex64_complex64
1793365480,230109,6476,1,1,1,32,32,1,30,0.000,0.000,,,,,NVIDIA A100-SXM4-40GB MIG 4g.20gb (0),1,,13,"void convert_kernel<__half2, float2>(tensor_layout_any, T1 *, tensor_layout_any, const T2 *)"
1793626565,5376,6479,,,,,,,,,,0.094,17428.487,Pinned,Device,NVIDIA A100-SXM4-40GB MIG 4g.20gb (0),1,,13,[CUDA memcpy Host-to-Device]
1793672004,55968,6480,,,,,,,,,,35.810,639815.841,Device,,NVIDIA A100-SXM4-40GB MIG 4g.20gb (0),1,,13,[CUDA memset]
1793733380,3328,6482,,,,,,,,,,0.000,24.038,Pinned,Device,NVIDIA A100-SXM4-40GB MIG 4g.20gb (0),1,,13,[CUDA memcpy Host-to-Device]
1793739396,13311,6483,,,,,,,,,,0.197,14770.176,Pinned,Device,NVIDIA A100-SXM4-40GB MIG 4g.20gb (0),1,,13,[CUDA memcpy Host-to-Device]
1793828643,26399,6484,273,1,1,48,1,1,40,0.000,0.001,,,,,NVIDIA A100-SXM4-40GB MIG 4g.20gb (0),1,,13,"void pusch_noise_intf_est::noiseIntfEstNoDftSOfdmKernel<float, __half, float, float, (unsigned int)2, (unsigned int)1, (unsigned char)4, (unsigned char)4>(pusch_noise_intf_est::puschRxNoiseIntfEstDynDescr)"
1793909986,11935,6495,35,1,1,128,1,1,16,0.000,0.000,,,,,NVIDIA A100-SXM4-40GB MIG 4g.20gb (0),1,,13,cupy_copy__complex64_complex64
1793995041,2304,6504,1,1,1,1,1,1,18,0.000,0.000,,,,,NVIDIA A100-SXM4-40GB MIG 4g.20gb (0),1,,13,cupy_copy__float32_float32
1794005440,1568,6510,,,,,,,,,,0.000,2.551,Device,Pageable,NVIDIA A100-SXM4-40GB MIG 4g.20gb (0),1,,7,[CUDA memcpy Device-to-Host]
1794117247,19552,6521,1434,1,1,128,1,1,16,0.000,0.000,,,,,NVIDIA A100-SXM4-40GB MIG 4g.20gb (0),1,,13,cupy_copy__complex64_complex64
1794148927,5280,6528,103,1,1,128,1,1,16,0.000,0.000,,,,,NVIDIA A100-SXM4-40GB MIG 4g.20gb (0),1,,13,cupy_copy__complex64_complex64
1794197214,5152,6535,35,1,1,128,1,1,16,0.000,0.000,,,,,NVIDIA A100-SXM4-40GB MIG 4g.20gb (0),1,,13,cupy_copy__complex64_complex64
1794224478,2176,6542,1,1,1,1,1,1,18,0.000,0.000,,,,,NVIDIA A100-SXM4-40GB MIG 4g.20gb (0),1,,13,cupy_copy__float32_float32
1794346749,283260,6553,1,1,1,32,32,1,30,0.000,0.000,,,,,NVIDIA A100-SXM4-40GB MIG 4g.20gb (0),1,,13,"void convert_kernel<__half2, float2>(tensor_layout_any, T1 *, tensor_layout_any, const T2 *)"
1794660793,5600,6556,,,,,,,,,,0.094,16731.388,Pinned,Device,NVIDIA A100-SXM4-40GB MIG 4g.20gb (0),1,,13,[CUDA memcpy Host-to-Device]
1794831831,6624,6557,,,,,,,,,,1.547,233487.639,Device,,NVIDIA A100-SXM4-40GB MIG 4g.20gb (0),1,,13,[CUDA memset]
1794844055,3008,6562,,,,,,,,,,0.031,10404.230,Pinned,Device,NVIDIA A100-SXM4-40GB MIG 4g.20gb (0),1,,13,[CUDA memcpy Host-to-Device]
1794849559,10432,6563,,,,,,,,,,0.197,18846.450,Pinned,Device,NVIDIA A100-SXM4-40GB MIG 4g.20gb (0),1,,13,[CUDA memcpy Host-to-Device]
1795042964,21696,6564,273,1,1,8,4,1,39,0.002,0.000,,,,,NVIDIA A100-SXM4-40GB MIG 4g.20gb (0),1,,13,"void channel_eq::eqMmseCoefCompLowMimoKernel<float, float, float, (unsigned int)4, (unsigned int)1, (unsigned int)4>(const channel_eq::_puschRxChEqStatDescr *, channel_eq::_puschRxChEqCoefCompDynDescr)"
1795177587,19872,6565,273,1,1,12,11,1,51,0.002,0.000,,,,,NVIDIA A100-SXM4-40GB MIG 4g.20gb (0),1,,13,"void channel_eq::eqMmseSoftDemapKernel<float, __half, __half, float, (unsigned int)4, (unsigned short)16383>(channel_eq::_puschRxChEqStatDescr *, channel_eq::_puschRxChEqSoftDemapDynDescr)"
1795294002,671736,6566,1,1,1,32,32,1,30,0.000,0.000,,,,,NVIDIA A100-SXM4-40GB MIG 4g.20gb (0),1,,13,"void convert_kernel<float2, __half2>(tensor_layout_any, T1 *, tensor_layout_any, const T2 *)"
1796099528,19104,6578,2253,1,1,128,1,1,16,0.000,0.000,,,,,NVIDIA A100-SXM4-40GB MIG 4g.20gb (0),1,,13,cupy_copy__float16_float16
1796304614,6144,6587,282,1,1,128,1,1,16,0.000,0.000,,,,,NVIDIA A100-SXM4-40GB MIG 4g.20gb (0),1,,13,cupy_copy__complex64_complex64
1796470372,6336,6596,26,1,1,128,1,1,16,0.000,0.000,,,,,NVIDIA A100-SXM4-40GB MIG 4g.20gb (0),1,,13,cupy_copy__float32_float32
1796498596,9760,6605,103,1,1,128,1,1,16,0.000,0.000,,,,,NVIDIA A100-SXM4-40GB MIG 4g.20gb (0),1,,13,cupy_copy__complex64_complex64
1796549987,20064,6615,1434,1,1,128,1,1,16,0.000,0.000,,,,,NVIDIA A100-SXM4-40GB MIG 4g.20gb (0),1,,13,cupy_copy__complex64_complex64
1796587011,145086,6620,1,1,1,32,32,1,30,0.000,0.000,,,,,NVIDIA A100-SXM4-40GB MIG 4g.20gb (0),1,,13,"void convert_kernel<__half2, float2>(tensor_layout_any, T1 *, tensor_layout_any, const T2 *)"
1796762753,5376,6623,,,,,,,,,,0.094,17428.487,Pinned,Device,NVIDIA A100-SXM4-40GB MIG 4g.20gb (0),1,,13,[CUDA memcpy Host-to-Device]
1796823136,608921,6624,,,,,,,,,,456.561,749673.884,Device,,NVIDIA A100-SXM4-40GB MIG 4g.20gb (0),1,,13,[CUDA memset]
1797436057,54239,6629,,,,,,,,,,1.235,22767.428,Pinned,Device,NVIDIA A100-SXM4-40GB MIG 4g.20gb (0),1,,13,[CUDA memcpy Host-to-Device]
1797492760,9344,6630,,,,,,,,,,0.197,21040.988,Pinned,Device,NVIDIA A100-SXM4-40GB MIG 4g.20gb (0),1,,13,[CUDA memcpy Host-to-Device]
1797536056,15967,6631,69,4,1,48,1,1,76,0.002,0.000,,,,,NVIDIA A100-SXM4-40GB MIG 4g.20gb (0),1,,13,"void ch_est::windowedChEstPreNoDftSOfdmKernel<float, __half, float, (unsigned int)2, (unsigned int)1, (unsigned short)4>(ch_est::puschRxChEstStatDescr_t *, ch_est::puschRxChEstDynDescr_t *)"
1797618327,15903,6632,137,2,1,24,2,1,44,0.001,0.001,,,,,NVIDIA A100-SXM4-40GB MIG 4g.20gb (0),1,,13,"void ch_est::chEstFilterNoDftSOfdmDispatchKernel<float, __half, float, (unsigned int)2>(ch_est::puschRxChEstStatDescr_t *, ch_est::puschRxChEstDynDescr_t *)"
1797672886,27328,6633,137,2,1,24,2,1,44,0.001,0.001,,,,,NVIDIA A100-SXM4-40GB MIG 4g.20gb (0),1,,13,"void ch_est::chEstFilterNoDftSOfdmDispatchKernel<float, __half, float, (unsigned int)2>(ch_est::puschRxChEstStatDescr_t *, ch_est::puschRxChEstDynDescr_t *)"
1797706038,4704,6644,103,1,1,128,1,1,16,0.000,0.000,,,,,NVIDIA A100-SXM4-40GB MIG 4g.20gb (0),1,,13,cupy_copy__complex64_complex64
1797712246,12351,6654,1434,1,1,128,1,1,16,0.000,0.000,,,,,NVIDIA A100-SXM4-40GB MIG 4g.20gb (0),1,,13,cupy_copy__complex64_complex64
1797794517,4608,6661,103,1,1,128,1,1,16,0.000,0.000,,,,,NVIDIA A100-SXM4-40GB MIG 4g.20gb (0),1,,13,cupy_copy__complex64_complex64
1797842868,156798,6668,1,1,1,32,32,1,30,0.000,0.000,,,,,NVIDIA A100-SXM4-40GB MIG 4g.20gb (0),1,,13,"void convert_kernel<__half2, float2>(tensor_layout_any, T1 *, tensor_layout_any, const T2 *)"
1798029682,5984,6671,,,,,,,,,,0.094,15657.726,Pinned,Device,NVIDIA A100-SXM4-40GB MIG 4g.20gb (0),1,,13,[CUDA memcpy Host-to-Device]
1798165488,53152,6672,,,,,,,,,,35.810,673692.025,Device,,NVIDIA A100-SXM4-40GB MIG 4g.20gb (0),1,,13,[CUDA memset]
1798226768,2528,6674,,,,,,,,,,0.000,31.646,Pinned,Device,NVIDIA A100-SXM4-40GB MIG 4g.20gb (0),1,,13,[CUDA memcpy Host-to-Device]
1798231792,9695,6675,,,,,,,,,,0.197,20279.132,Pinned,Device,NVIDIA A100-SXM4-40GB MIG 4g.20gb (0),1,,13,[CUDA memcpy Host-to-Device]
1798426413,18688,6676,273,1,1,48,1,1,40,0.000,0.001,,,,,NVIDIA A100-SXM4-40GB MIG 4g.20gb (0),1,,13,"void pusch_noise_intf_est::noiseIntfEstNoDftSOfdmKernel<float, __half, float, float, (unsigned int)2, (unsigned int)1, (unsigned char)4, (unsigned char)4>(pusch_noise_intf_est::puschRxNoiseIntfEstDynDescr)"
1798634027,9216,6687,35,1,1,128,1,1,16,0.000,0.000,,,,,NVIDIA A100-SXM4-40GB MIG 4g.20gb (0),1,,13,cupy_copy__complex64_complex64
1798689322,4864,6696,1,1,1,1,1,1,18,0.000,0.000,,,,,NVIDIA A100-SXM4-40GB MIG 4g.20gb (0),1,,13,cupy_copy__float32_float32
1798697610,1568,6702,,,,,,,,,,0.000,2.551,Device,Pageable,NVIDIA A100-SXM4-40GB MIG 4g.20gb (0),1,,7,[CUDA memcpy Device-to-Host]
1798913608,14752,6713,1434,1,1,128,1,1,16,0.000,0.000,,,,,NVIDIA A100-SXM4-40GB MIG 4g.20gb (0),1,,13,cupy_copy__complex64_complex64
1799103365,6048,6720,103,1,1,128,1,1,16,0.000,0.000,,,,,NVIDIA A100-SXM4-40GB MIG 4g.20gb (0),1,,13,cupy_copy__complex64_complex64
1799271908,9023,6727,35,1,1,128,1,1,16,0.000,0.000,,,,,NVIDIA A100-SXM4-40GB MIG 4g.20gb (0),1,,13,cupy_copy__complex64_complex64
1799394914,4800,6734,1,1,1,1,1,1,18,0.000,0.000,,,,,NVIDIA A100-SXM4-40GB MIG 4g.20gb (0),1,,13,cupy_copy__float32_float32
1799420514,306108,6745,1,1,1,32,32,1,30,0.000,0.000,,,,,NVIDIA A100-SXM4-40GB MIG 4g.20gb (0),1,,13,"void convert_kernel<__half2, float2>(tensor_layout_any, T1 *, tensor_layout_any, const T2 *)"
1799756542,9600,6748,,,,,,,,,,0.094,9759.938,Pinned,Device,NVIDIA A100-SXM4-40GB MIG 4g.20gb (0),1,,13,[CUDA memcpy Host-to-Device]
1799778206,8096,6749,,,,,,,,,,1.547,191034.357,Device,,NVIDIA A100-SXM4-40GB MIG 4g.20gb (0),1,,13,[CUDA memset]
1799790238,6943,6754,,,,,,,,,,0.031,4507.532,Pinned,Device,NVIDIA A100-SXM4-40GB MIG 4g.20gb (0),1,,13,[CUDA memcpy Host-to-Device]
1799807965,16416,6755,,,,,,,,,,0.197,11976.573,Pinned,Device,NVIDIA A100-SXM4-40GB MIG 4g.20gb (0),1,,13,[CUDA memcpy Host-to-Device]
1799901148,9984,6756,273,1,1,8,4,1,39,0.002,0.000,,,,,NVIDIA A100-SXM4-40GB MIG 4g.20gb (0),1,,13,"void channel_eq::eqMmseCoefCompLowMimoKernel<float, float, float, (unsigned int)4, (unsigned int)1, (unsigned int)4>(const channel_eq::_puschRxChEqStatDescr *, channel_eq::_puschRxChEqCoefCompDynDescr)"
1799925020,13152,6757,273,1,1,12,11,1,51,0.002,0.000,,,,,NVIDIA A100-SXM4-40GB MIG 4g.20gb (0),1,,13,"void channel_eq::eqMmseSoftDemapKernel<float, __half, __half, float, (unsigned int)4, (unsigned short)16383>(channel_eq::_puschRxChEqStatDescr *, channel_eq::_puschRxChEqSoftDemapDynDescr)"
1799954748,349980,6758,1,1,1,32,32,1,30,0.000,0.000,,,,,NVIDIA A100-SXM4-40GB MIG 4g.20gb (0),1,,13,"void convert_kernel<float2, __half2>(tensor_layout_any, T1 *, tensor_layout_any, const T2 *)"
1800308472,12831,6770,2253,1,1,128,1,1,16,0.000,0.000,,,,,NVIDIA A100-SXM4-40GB MIG 4g.20gb (0),1,,13,cupy_copy__float16_float16
1800334583,4992,6779,282,1,1,128,1,1,16,0.000,0.000,,,,,NVIDIA A100-SXM4-40GB MIG 4g.20gb (0),1,,13,cupy_copy__complex64_complex64
1800340759,2080,6788,26,1,1,128,1,1,16,0.000,0.000,,,,,NVIDIA A100-SXM4-40GB MIG 4g.20gb (0),1,,13,cupy_copy__float32_float32
1800344023,2848,6797,103,1,1,128,1,1,16,0.000,0.000,,,,,NVIDIA A100-SXM4-40GB MIG 4g.20gb (0),1,,13,cupy_copy__complex64_complex64
1800359095,15648,6807,1434,1,1,128,1,1,16,0.000,0.000,,,,,NVIDIA A100-SXM4-40GB MIG 4g.20gb (0),1,,13,cupy_copy__complex64_complex64
1800375799,80511,6812,1,1,1,32,32,1,30,0.000,0.000,,,,,NVIDIA A100-SXM4-40GB MIG 4g.20gb (0),1,,13,"void convert_kernel<__half2, float2>(tensor_layout_any, T1 *, tensor_layout_any, const T2 *)"
1800495893,5472,6815,,,,,,,,,,0.094,17122.757,Pinned,Device,NVIDIA A100-SXM4-40GB MIG 4g.20gb (0),1,,13,[CUDA memcpy Host-to-Device]
1800524597,598297,6816,,,,,,,,,,456.561,762914.166,Device,,NVIDIA A100-SXM4-40GB MIG 4g.20gb (0),1,,13,[CUDA memset]
1801126318,62495,6821,,,,,,,,,,1.235,19760.339,Pinned,Device,NVIDIA A100-SXM4-40GB MIG 4g.20gb (0),1,,13,[CUDA memcpy Host-to-Device]
1801191533,12128,6822,,,,,,,,,,0.197,16210.919,Pinned,Device,NVIDIA A100-SXM4-40GB MIG 4g.20gb (0),1,,13,[CUDA memcpy Host-to-Device]
1801288204,18368,6823,69,4,1,48,1,1,76,0.002,0.000,,,,,NVIDIA A100-SXM4-40GB MIG 4g.20gb (0),1,,13,"void ch_est::windowedChEstPreNoDftSOfdmKernel<float, __half, float, (unsigned int)2, (unsigned int)1, (unsigned short)4>(ch_est::puschRxChEstStatDescr_t *, ch_est::puschRxChEstDynDescr_t *)"
1801311884,15936,6824,137,2,1,24,2,1,44,0.001,0.001,,,,,NVIDIA A100-SXM4-40GB MIG 4g.20gb (0),1,,13,"void ch_est::chEstFilterNoDftSOfdmDispatchKernel<float, __half, float, (unsigned int)2>(ch_est::puschRxChEstStatDescr_t *, ch_est::puschRxChEstDynDescr_t *)"
1801433003,13343,6825,137,2,1,24,2,1,44,0.001,0.001,,,,,NVIDIA A100-SXM4-40GB MIG 4g.20gb (0),1,,13,"void ch_est::chEstFilterNoDftSOfdmDispatchKernel<float, __half, float, (unsigned int)2>(ch_est::puschRxChEstStatDescr_t *, ch_est::puschRxChEstDynDescr_t *)"
1801503498,5120,6836,103,1,1,128,1,1,16,0.000,0.000,,,,,NVIDIA A100-SXM4-40GB MIG 4g.20gb (0),1,,13,cupy_copy__complex64_complex64
1801833030,20032,6846,1434,1,1,128,1,1,16,0.000,0.000,,,,,NVIDIA A100-SXM4-40GB MIG 4g.20gb (0),1,,13,cupy_copy__complex64_complex64
1802032548,7136,6853,103,1,1,128,1,1,16,0.000,0.000,,,,,NVIDIA A100-SXM4-40GB MIG 4g.20gb (0),1,,13,cupy_copy__complex64_complex64
1802269377,271325,6860,1,1,1,32,32,1,30,0.000,0.000,,,,,NVIDIA A100-SXM4-40GB MIG 4g.20gb (0),1,,13,"void convert_kernel<__half2, float2>(tensor_layout_any, T1 *, tensor_layout_any, const T2 *)"
1802570461,5760,6863,,,,,,,,,,0.094,16266.656,Pinned,Device,NVIDIA A100-SXM4-40GB MIG 4g.20gb (0),1,,13,[CUDA memcpy Host-to-Device]
1802900410,54047,6864,,,,,,,,,,35.810,662555.140,Device,,NVIDIA A100-SXM4-40GB MIG 4g.20gb (0),1,,13,[CUDA memset]
1802957305,2400,6866,,,,,,,,,,0.000,33.333,Pinned,Device,NVIDIA A100-SXM4-40GB MIG 4g.20gb (0),1,,13,[CUDA memcpy Host-to-Device]
1802965817,13024,6867,,,,,,,,,,0.197,15095.759,Pinned,Device,NVIDIA A100-SXM4-40GB MIG 4g.20gb (0),1,,13,[CUDA memcpy Host-to-Device]
1803369332,15744,6868,273,1,1,48,1,1,40,0.000,0.001,,,,,NVIDIA A100-SXM4-40GB MIG 4g.20gb (0),1,,13,"void pusch_noise_intf_est::noiseIntfEstNoDftSOfdmKernel<float, __half, float, float, (unsigned int)2, (unsigned int)1, (unsigned char)4, (unsigned char)4>(pusch_noise_intf_est::puschRxNoiseIntfEstDynDescr)"
1803793167,7456,6879,35,1,1,128,1,1,16,0.000,0.000,,,,,NVIDIA A100-SXM4-40GB MIG 4g.20gb (0),1,,13,cupy_copy__complex64_complex64
1804182763,5600,6888,1,1,1,1,1,1,18,0.000,0.000,,,,,NVIDIA A100-SXM4-40GB MIG 4g.20gb (0),1,,13,cupy_copy__float32_float32
1804196139,1600,6894,,,,,,,,,,0.000,2.500,Device,Pageable,NVIDIA A100-SXM4-40GB MIG 4g.20gb (0),1,,7,[CUDA memcpy Device-to-Host]
1804611654,18272,6905,1434,1,1,128,1,1,16,0.000,0.000,,,,,NVIDIA A100-SXM4-40GB MIG 4g.20gb (0),1,,13,cupy_copy__complex64_complex64
1804839235,5664,6912,103,1,1,128,1,1,16,0.000,0.000,,,,,NVIDIA A100-SXM4-40GB MIG 4g.20gb (0),1,,13,cupy_copy__complex64_complex64
1804913410,5696,6919,35,1,1,128,1,1,16,0.000,0.000,,,,,NVIDIA A100-SXM4-40GB MIG 4g.20gb (0),1,,13,cupy_copy__complex64_complex64
1804921666,2368,6926,1,1,1,1,1,1,18,0.000,0.000,,,,,NVIDIA A100-SXM4-40GB MIG 4g.20gb (0),1,,13,cupy_copy__float32_float32
1804941250,199806,6937,1,1,1,32,32,1,30,0.000,0.000,,,,,NVIDIA A100-SXM4-40GB MIG 4g.20gb (0),1,,13,"void convert_kernel<__half2, float2>(tensor_layout_any, T1 *, tensor_layout_any, const T2 *)"
1805171583,5344,6940,,,,,,,,,,0.094,17532.864,Pinned,Device,NVIDIA A100-SXM4-40GB MIG 4g.20gb (0),1,,13,[CUDA memcpy Host-to-Device]
1805205535,7808,6941,,,,,,,,,,1.547,198080.776,Device,,NVIDIA A100-SXM4-40GB MIG 4g.20gb (0),1,,13,[CUDA memset]
1805221183,3520,6946,,,,,,,,,,0.031,8890.881,Pinned,Device,NVIDIA A100-SXM4-40GB MIG 4g.20gb (0),1,,13,[CUDA memcpy Host-to-Device]
1805227135,9376,6947,,,,,,,,,,0.197,20969.226,Pinned,Device,NVIDIA A100-SXM4-40GB MIG 4g.20gb (0),1,,13,[CUDA memcpy Host-to-Device]
1805459036,13216,6948,273,1,1,8,4,1,39,0.002,0.000,,,,,NVIDIA A100-SXM4-40GB MIG 4g.20gb (0),1,,13,"void channel_eq::eqMmseCoefCompLowMimoKernel<float, float, float, (unsigned int)4, (unsigned int)1, (unsigned int)4>(const channel_eq::_puschRxChEqStatDescr *, channel_eq::_puschRxChEqCoefCompDynDescr)"
1805484956,16447,6949,273,1,1,12,11,1,51,0.002,0.000,,,,,NVIDIA A100-SXM4-40GB MIG 4g.20gb (0),1,,13,"void channel_eq::eqMmseSoftDemapKernel<float, __half, __half, float, (unsigned int)4, (unsigned short)16383>(channel_eq::_puschRxChEqStatDescr *, channel_eq::_puschRxChEqSoftDemapDynDescr)"
1805732729,615801,6950,1,1,1,32,32,1,30,0.000,0.000,,,,,NVIDIA A100-SXM4-40GB MIG 4g.20gb (0),1,,13,"void convert_kernel<float2, __half2>(tensor_layout_any, T1 *, tensor_layout_any, const T2 *)"
1806539951,16352,6962,2253,1,1,128,1,1,16,0.000,0.000,,,,,NVIDIA A100-SXM4-40GB MIG 4g.20gb (0),1,,13,cupy_copy__float16_float16
1806569999,6848,6971,282,1,1,128,1,1,16,0.000,0.000,,,,,NVIDIA A100-SXM4-40GB MIG 4g.20gb (0),1,,13,cupy_copy__complex64_complex64
1806745773,4288,6980,26,1,1,128,1,1,16,0.000,0.000,,,,,NVIDIA A100-SXM4-40GB MIG 4g.20gb (0),1,,13,cupy_copy__float32_float32
1806867948,8288,6989,103,1,1,128,1,1,16,0.000,0.000,,,,,NVIDIA A100-SXM4-40GB MIG 4g.20gb (0),1,,13,cupy_copy__complex64_complex64
1807060713,29472,6999,1434,1,1,128,1,1,16,0.000,0.000,,,,,NVIDIA A100-SXM4-40GB MIG 4g.20gb (0),1,,13,cupy_copy__complex64_complex64
1807372102,274301,7004,1,1,1,32,32,1,30,0.000,0.000,,,,,NVIDIA A100-SXM4-40GB MIG 4g.20gb (0),1,,13,"void convert_kernel<__half2, float2>(tensor_layout_any, T1 *, tensor_layout_any, const T2 *)"
1807677474,5664,7007,,,,,,,,,,0.094,16542.310,Pinned,Device,NVIDIA A100-SXM4-40GB MIG 4g.20gb (0),1,,13,[CUDA memcpy Host-to-Device]
1808065822,605113,7008,,,,,,,,,,456.561,754239.499,Device,,NVIDIA A100-SXM4-40GB MIG 4g.20gb (0),1,,13,[CUDA memset]
1808673559,65023,7013,,,,,,,,,,1.235,18992.204,Pinned,Device,NVIDIA A100-SXM4-40GB MIG 4g.20gb (0),1,,13,[CUDA memcpy Host-to-Device]
1808745590,9536,7014,,,,,,,,,,0.197,20617.298,Pinned,Device,NVIDIA A100-SXM4-40GB MIG 4g.20gb (0),1,,13,[CUDA memcpy Host-to-Device]
1809168849,17408,7015,69,4,1,48,1,1,76,0.002,0.000,,,,,NVIDIA A100-SXM4-40GB MIG 4g.20gb (0),1,,13,"void ch_est::windowedChEstPreNoDftSOfdmKernel<float, __half, float, (unsigned int)2, (unsigned int)1, (unsigned short)4>(ch_est::puschRxChEstStatDescr_t *, ch_est::puschRxChEstDynDescr_t *)"
1809622124,30975,7016,137,2,1,24,2,1,44,0.001,0.001,,,,,NVIDIA A100-SXM4-40GB MIG 4g.20gb (0),1,,13,"void ch_est::chEstFilterNoDftSOfdmDispatchKernel<float, __half, float, (unsigned int)2>(ch_est::puschRxChEstStatDescr_t *, ch_est::puschRxChEstDynDescr_t *)"
1809878601,11520,7017,137,2,1,24,2,1,44,0.001,0.001,,,,,NVIDIA A100-SXM4-40GB MIG 4g.20gb (0),1,,13,"void ch_est::chEstFilterNoDftSOfdmDispatchKernel<float, __half, float, (unsigned int)2>(ch_est::puschRxChEstStatDescr_t *, ch_est::puschRxChEstDynDescr_t *)"
1810150278,5568,7028,103,1,1,128,1,1,16,0.000,0.000,,,,,NVIDIA A100-SXM4-40GB MIG 4g.20gb (0),1,,13,cupy_copy__complex64_complex64
1810372323,20608,7038,1434,1,1,128,1,1,16,0.000,0.000,,,,,NVIDIA A100-SXM4-40GB MIG 4g.20gb (0),1,,13,cupy_copy__complex64_complex64
1810645376,24992,7045,103,1,1,128,1,1,16,0.000,0.000,,,,,NVIDIA A100-SXM4-40GB MIG 4g.20gb (0),1,,13,cupy_copy__complex64_complex64
1810895517,277341,7052,1,1,1,32,32,1,30,0.000,0.000,,,,,NVIDIA A100-SXM4-40GB MIG 4g.20gb (0),1,,13,"void convert_kernel<__half2, float2>(tensor_layout_any, T1 *, tensor_layout_any, const T2 *)"
1811205785,9536,7055,,,,,,,,,,0.094,9825.431,Pinned,Device,NVIDIA A100-SXM4-40GB MIG 4g.20gb (0),1,,13,[CUDA memcpy Host-to-Device]
1811629141,52415,7056,,,,,,,,,,35.810,683181.654,Device,,NVIDIA A100-SXM4-40GB MIG 4g.20gb (0),1,,13,[CUDA memset]
1811690644,2112,7058,,,,,,,,,,0.000,37.879,Pinned,Device,NVIDIA A100-SXM4-40GB MIG 4g.20gb (0),1,,13,[CUDA memcpy Host-to-Device]
1811695156,9440,7059,,,,,,,,,,0.197,20827.079,Pinned,Device,NVIDIA A100-SXM4-40GB MIG 4g.20gb (0),1,,13,[CUDA memcpy Host-to-Device]
1812143151,31135,7060,273,1,1,48,1,1,40,0.000,0.001,,,,,NVIDIA A100-SXM4-40GB MIG 4g.20gb (0),1,,13,"void pusch_noise_intf_est::noiseIntfEstNoDftSOfdmKernel<float, __half, float, float, (unsigned int)2, (unsigned int)1, (unsigned char)4, (unsigned char)4>(pusch_noise_intf_est::puschRxNoiseIntfEstDynDescr)"
1812399340,4960,7071,35,1,1,128,1,1,16,0.000,0.000,,,,,NVIDIA A100-SXM4-40GB MIG 4g.20gb (0),1,,13,cupy_copy__complex64_complex64
1812472043,2784,7080,1,1,1,1,1,1,18,0.000,0.000,,,,,NVIDIA A100-SXM4-40GB MIG 4g.20gb (0),1,,13,cupy_copy__float32_float32
1812475595,1600,7086,,,,,,,,,,0.000,2.500,Device,Pageable,NVIDIA A100-SXM4-40GB MIG 4g.20gb (0),1,,7,[CUDA memcpy Device-to-Host]
1812732040,17632,7097,1434,1,1,128,1,1,16,0.000,0.000,,,,,NVIDIA A100-SXM4-40GB MIG 4g.20gb (0),1,,13,cupy_copy__complex64_complex64
1812764519,4800,7104,103,1,1,128,1,1,16,0.000,0.000,,,,,NVIDIA A100-SXM4-40GB MIG 4g.20gb (0),1,,13,cupy_copy__complex64_complex64
1812771335,3360,7111,35,1,1,128,1,1,16,0.000,0.000,,,,,NVIDIA A100-SXM4-40GB MIG 4g.20gb (0),1,,13,cupy_copy__complex64_complex64
1813019748,3744,7118,1,1,1,1,1,1,18,0.000,0.000,,,,,NVIDIA A100-SXM4-40GB MIG 4g.20gb (0),1,,13,cupy_copy__float32_float32
1813024868,238814,7129,1,1,1,32,32,1,30,0.000,0.000,,,,,NVIDIA A100-SXM4-40GB MIG 4g.20gb (0),1,,13,"void convert_kernel<__half2, float2>(tensor_layout_any, T1 *, tensor_layout_any, const T2 *)"
1813296545,9248,7132,,,,,,,,,,0.094,10131.442,Pinned,Device,NVIDIA A100-SXM4-40GB MIG 4g.20gb (0),1,,13,[CUDA memcpy Host-to-Device]
1813320385,9856,7133,,,,,,,,,,1.547,156922.018,Device,,NVIDIA A100-SXM4-40GB MIG 4g.20gb (0),1,,13,[CUDA memset]
1813334209,3072,7138,,,,,,,,,,0.031,10187.474,Pinned,Device,NVIDIA A100-SXM4-40GB MIG 4g.20gb (0),1,,13,[CUDA memcpy Host-to-Device]
1813339713,9440,7139,,,,,,,,,,0.197,20827.079,Pinned,Device,NVIDIA A100-SXM4-40GB MIG 4g.20gb (0),1,,13,[CUDA memcpy Host-to-Device]
1813558622,20288,7140,273,1,1,8,4,1,39,0.002,0.000,,,,,NVIDIA A100-SXM4-40GB MIG 4g.20gb (0),1,,13,"void channel_eq::eqMmseCoefCompLowMimoKernel<float, float, float, (unsigned int)4, (unsigned int)1, (unsigned int)4>(const channel_eq::_puschRxChEqStatDescr *, channel_eq::_puschRxChEqCoefCompDynDescr)"
1813587294,18976,7141,273,1,1,12,11,1,51,0.002,0.000,,,,,NVIDIA A100-SXM4-40GB MIG 4g.20gb (0),1,,13,"void channel_eq::eqMmseSoftDemapKernel<float, __half, __half, float, (unsigned int)4, (unsigned short)16383>(channel_eq::_puschRxChEqStatDescr *, channel_eq::_puschRxChEqSoftDemapDynDescr)"
1813856891,669976,7142,1,1,1,32,32,1,30,0.000,0.000,,,,,NVIDIA A100-SXM4-40GB MIG 4g.20gb (0),1,,13,"void convert_kernel<float2, __half2>(tensor_layout_any, T1 *, tensor_layout_any, const T2 *)"
1814674641,30080,7154,2253,1,1,128,1,1,16,0.000,0.000,,,,,NVIDIA A100-SXM4-40GB MIG 4g.20gb (0),1,,13,cupy_copy__float16_float16
1814934446,5632,7163,282,1,1,128,1,1,16,0.000,0.000,,,,,NVIDIA A100-SXM4-40GB MIG 4g.20gb (0),1,,13,cupy_copy__complex64_complex64
1815093228,8256,7172,26,1,1,128,1,1,16,0.000,0.000,,,,,NVIDIA A100-SXM4-40GB MIG 4g.20gb (0),1,,13,cupy_copy__float32_float32
1815348617,7744,7181,103,1,1,128,1,1,16,0.000,0.000,,,,,NVIDIA A100-SXM4-40GB MIG 4g.20gb (0),1,,13,cupy_copy__complex64_complex64
1815530247,18528,7191,1434,1,1,128,1,1,16,0.000,0.000,,,,,NVIDIA A100-SXM4-40GB MIG 4g.20gb (0),1,,13,cupy_copy__complex64_complex64
1815914627,257373,7196,1,1,1,32,32,1,30,0.000,0.000,,,,,NVIDIA A100-SXM4-40GB MIG 4g.20gb (0),1,,13,"void convert_kernel<__half2, float2>(tensor_layout_any, T1 *, tensor_layout_any, const T2 *)"
1816204608,10015,7199,,,,,,,,,,0.094,9355.546,Pinned,Device,NVIDIA A100-SXM4-40GB MIG 4g.20gb (0),1,,13,[CUDA memcpy Host-to-Device]
1816354718,604313,7200,,,,,,,,,,456.561,755152.622,Device,,NVIDIA A100-SXM4-40GB MIG 4g.20gb (0),1,,13,[CUDA memset]
1816967959,59391,7205,,,,,,,,,,1.235,20792.752,Pinned,Device,NVIDIA A100-SXM4-40GB MIG 4g.20gb (0),1,,13,[CUDA memcpy Host-to-Device]
1817029782,9568,7206,,,,,,,,,,0.197,20548.485,Pinned,Device,NVIDIA A100-SXM4-40GB MIG 4g.20gb (0),1,,13,[CUDA memcpy Host-to-Device]
1817343826,32160,7207,69,4,1,48,1,1,76,0.002,0.000,,,,,NVIDIA A100-SXM4-40GB MIG 4g.20gb (0),1,,13,"void ch_est::windowedChEstPreNoDftSOfdmKernel<float, __half, float, (unsigned int)2, (unsigned int)1, (unsigned short)4>(ch_est::puschRxChEstStatDescr_t *, ch_est::puschRxChEstDynDescr_t *)"
1817599375,10944,7208,137,2,1,24,2,1,44,0.001,0.001,,,,,NVIDIA A100-SXM4-40GB MIG 4g.20gb (0),1,,13,"void ch_est::chEstFilterNoDftSOfdmDispatchKernel<float, __half, float, (unsigned int)2>(ch_est::puschRxChEstStatDescr_t *, ch_est::puschRxChEstDynDescr_t *)"
1817792941,13792,7209,137,2,1,24,2,1,44,0.001,0.001,,,,,NVIDIA A100-SXM4-40GB MIG 4g.20gb (0),1,,13,"void ch_est::chEstFilterNoDftSOfdmDispatchKernel<float, __half, float, (unsigned int)2>(ch_est::puschRxChEstStatDescr_t *, ch_est::puschRxChEstDynDescr_t *)"
1818162793,15040,7220,103,1,1,128,1,1,16,0.000,0.000,,,,,NVIDIA A100-SXM4-40GB MIG 4g.20gb (0),1,,13,cupy_copy__complex64_complex64
1818414758,20320,7230,1434,1,1,128,1,1,16,0.000,0.000,,,,,NVIDIA A100-SXM4-40GB MIG 4g.20gb (0),1,,13,cupy_copy__complex64_complex64
1818592324,16544,7237,103,1,1,128,1,1,16,0.000,0.000,,,,,NVIDIA A100-SXM4-40GB MIG 4g.20gb (0),1,,13,cupy_copy__complex64_complex64
1818848065,259581,7244,1,1,1,32,32,1,30,0.000,0.000,,,,,NVIDIA A100-SXM4-40GB MIG 4g.20gb (0),1,,13,"void convert_kernel<__half2, float2>(tensor_layout_any, T1 *, tensor_layout_any, const T2 *)"
1819137854,5664,7247,,,,,,,,,,0.094,16542.310,Pinned,Device,NVIDIA A100-SXM4-40GB MIG 4g.20gb (0),1,,13,[CUDA memcpy Host-to-Device]
1819189469,60511,7248,,,,,,,,,,35.810,591758.928,Device,,NVIDIA A100-SXM4-40GB MIG 4g.20gb (0),1,,13,[CUDA memset]
1819256476,2144,7250,,,,,,,,,,0.000,37.313,Pinned,Device,NVIDIA A100-SXM4-40GB MIG 4g.20gb (0),1,,13,[CUDA memcpy Host-to-Device]
1819261052,10240,7251,,,,,,,,,,0.197,19199.951,Pinned,Device,NVIDIA A100-SXM4-40GB MIG 4g.20gb (0),1,,13,[CUDA memcpy Host-to-Device]
1819471034,13568,7252,273,1,1,48,1,1,40,0.000,0.001,,,,,NVIDIA A100-SXM4-40GB MIG 4g.20gb (0),1,,13,"void pusch_noise_intf_est::noiseIntfEstNoDftSOfdmKernel<float, __half, float, float, (unsigned int)2, (unsigned int)1, (unsigned char)4, (unsigned char)4>(pusch_noise_intf_est::puschRxNoiseIntfEstDynDescr)"
1819544601,6496,7263,35,1,1,128,1,1,16,0.000,0.000,,,,,NVIDIA A100-SXM4-40GB MIG 4g.20gb (0),1,,13,cupy_copy__complex64_complex64
1819553017,2016,7272,1,1,1,1,1,1,18,0.000,0.000,,,,,NVIDIA A100-SXM4-40GB MIG 4g.20gb (0),1,,13,cupy_copy__float32_float32
1819561081,1408,7278,,,,,,,,,,0.000,2.841,Device,Pageable,NVIDIA A100-SXM4-40GB MIG 4g.20gb (0),1,,7,[CUDA memcpy Device-to-Host]
1819808182,18048,7289,1434,1,1,128,1,1,16,0.000,0.000,,,,,NVIDIA A100-SXM4-40GB MIG 4g.20gb (0),1,,13,cupy_copy__complex64_complex64
1819848789,4704,7296,103,1,1,128,1,1,16,0.000,0.000,,,,,NVIDIA A100-SXM4-40GB MIG 4g.20gb (0),1,,13,cupy_copy__complex64_complex64
1820029619,5792,7303,35,1,1,128,1,1,16,0.000,0.000,,,,,NVIDIA A100-SXM4-40GB MIG 4g.20gb (0),1,,13,cupy_copy__complex64_complex64
1820097587,2400,7310,1,1,1,1,1,1,18,0.000,0.000,,,,,NVIDIA A100-SXM4-40GB MIG 4g.20gb (0),1,,13,cupy_copy__float32_float32
1820102258,243390,7321,1,1,1,32,32,1,30,0.000,0.000,,,,,NVIDIA A100-SXM4-40GB MIG 4g.20gb (0),1,,13,"void convert_kernel<__half2, float2>(tensor_layout_any, T1 *, tensor_layout_any, const T2 *)"
1820376207,5376,7324,,,,,,,,,,0.094,17428.487,Pinned,Device,NVIDIA A100-SXM4-40GB MIG 4g.20gb (0),1,,13,[CUDA memcpy Host-to-Device]
1820402127,9120,7325,,,,,,,,,,1.547,169585.775,Device,,NVIDIA A100-SXM4-40GB MIG 4g.20gb (0),1,,13,[CUDA memset]
1820418191,3424,7330,,,,,,,,,,0.031,9140.185,Pinned,Device,NVIDIA A100-SXM4-40GB MIG 4g.20gb (0),1,,13,[CUDA memcpy Host-to-Device]
1820424303,9376,7331,,,,,,,,,,0.197,20969.226,Pinned,Device,NVIDIA A100-SXM4-40GB MIG 4g.20gb (0),1,,13,[CUDA memcpy Host-to-Device]
1820656652,15968,7332,273,1,1,8,4,1,39,0.002,0.000,,,,,NVIDIA A100-SXM4-40GB MIG 4g.20gb (0),1,,13,"void channel_eq::eqMmseCoefCompLowMimoKernel<float, float, float, (unsigned int)4, (unsigned int)1, (unsigned int)4>(const channel_eq::_puschRxChEqStatDescr *, channel_eq::_puschRxChEqCoefCompDynDescr)"
1820686220,17280,7333,273,1,1,12,11,1,51,0.002,0.000,,,,,NVIDIA A100-SXM4-40GB MIG 4g.20gb (0),1,,13,"void channel_eq::eqMmseSoftDemapKernel<float, __half, __half, float, (unsigned int)4, (unsigned short)16383>(channel_eq::_puschRxChEqStatDescr *, channel_eq::_puschRxChEqSoftDemapDynDescr)"
1820943369,568377,7334,1,1,1,32,32,1,30,0.000,0.000,,,,,NVIDIA A100-SXM4-40GB MIG 4g.20gb (0),1,,13,"void convert_kernel<float2, __half2>(tensor_layout_any, T1 *, tensor_layout_any, const T2 *)"
1821678592,16896,7346,2253,1,1,128,1,1,16,0.000,0.000,,,,,NVIDIA A100-SXM4-40GB MIG 4g.20gb (0),1,,13,cupy_copy__float16_float16
1821755967,6976,7355,282,1,1,128,1,1,16,0.000,0.000,,,,,NVIDIA A100-SXM4-40GB MIG 4g.20gb (0),1,,13,cupy_copy__complex64_complex64
1821764671,2560,7364,26,1,1,128,1,1,16,0.000,0.000,,,,,NVIDIA A100-SXM4-40GB MIG 4g.20gb (0),1,,13,cupy_copy__float32_float32
1821780767,8640,7373,103,1,1,128,1,1,16,0.000,0.000,,,,,NVIDIA A100-SXM4-40GB MIG 4g.20gb (0),1,,13,cupy_copy__complex64_complex64
1821953053,18496,7383,1434,1,1,128,1,1,16,0.000,0.000,,,,,NVIDIA A100-SXM4-40GB MIG 4g.20gb (0),1,,13,cupy_copy__complex64_complex64
1822029500,203390,7388,1,1,1,32,32,1,30,0.000,0.000,,,,,NVIDIA A100-SXM4-40GB MIG 4g.20gb (0),1,,13,"void convert_kernel<__half2, float2>(tensor_layout_any, T1 *, tensor_layout_any, const T2 *)"
1822262329,5376,7391,,,,,,,,,,0.094,17428.487,Pinned,Device,NVIDIA A100-SXM4-40GB MIG 4g.20gb (0),1,,13,[CUDA memcpy Host-to-Device]
1822291001,637593,7392,,,,,,,,,,456.561,715888.338,Device,,NVIDIA A100-SXM4-40GB MIG 4g.20gb (0),1,,13,[CUDA memset]
1822935986,52639,7397,,,,,,,,,,1.235,23460.231,Pinned,Device,NVIDIA A100-SXM4-40GB MIG 4g.20gb (0),1,,13,[CUDA memcpy Host-to-Device]
1822991569,10304,7398,,,,,,,,,,0.197,19080.610,Pinned,Device,NVIDIA A100-SXM4-40GB MIG 4g.20gb (0),1,,13,[CUDA memcpy Host-to-Device]
1823236462,14336,7399,69,4,1,48,1,1,76,0.002,0.000,,,,,NVIDIA A100-SXM4-40GB MIG 4g.20gb (0),1,,13,"void ch_est::windowedChEstPreNoDftSOfdmKernel<float, __half, float, (unsigned int)2, (unsigned int)1, (unsigned short)4>(ch_est::puschRxChEstStatDescr_t *, ch_est::puschRxChEstDynDescr_t *)"
1823263438,17472,7400,137,2,1,24,2,1,44,0.001,0.001,,,,,NVIDIA A100-SXM4-40GB MIG 4g.20gb (0),1,,13,"void ch_est::chEstFilterNoDftSOfdmDispatchKernel<float, __half, float, (unsigned int)2>(ch_est::puschRxChEstStatDescr_t *, ch_est::puschRxChEstDynDescr_t *)"
1823517579,17088,7401,137,2,1,24,2,1,44,0.001,0.001,,,,,NVIDIA A100-SXM4-40GB MIG 4g.20gb (0),1,,13,"void ch_est::chEstFilterNoDftSOfdmDispatchKernel<float, __half, float, (unsigned int)2>(ch_est::puschRxChEstStatDescr_t *, ch_est::puschRxChEstDynDescr_t *)"
1823550795,5024,7412,103,1,1,128,1,1,16,0.000,0.000,,,,,NVIDIA A100-SXM4-40GB MIG 4g.20gb (0),1,,13,cupy_copy__complex64_complex64
1823724393,20191,7422,1434,1,1,128,1,1,16,0.000,0.000,,,,,NVIDIA A100-SXM4-40GB MIG 4g.20gb (0),1,,13,cupy_copy__complex64_complex64
1823801480,5856,7429,103,1,1,128,1,1,16,0.000,0.000,,,,,NVIDIA A100-SXM4-40GB MIG 4g.20gb (0),1,,13,cupy_copy__complex64_complex64
1823808776,154398,7436,1,1,1,32,32,1,30,0.000,0.000,,,,,NVIDIA A100-SXM4-40GB MIG 4g.20gb (0),1,,13,"void convert_kernel<__half2, float2>(tensor_layout_any, T1 *, tensor_layout_any, const T2 *)"
1823993285,5376,7439,,,,,,,,,,0.094,17428.487,Pinned,Device,NVIDIA A100-SXM4-40GB MIG 4g.20gb (0),1,,13,[CUDA memcpy Host-to-Device]
1824086532,59424,7440,,,,,,,,,,35.810,602609.334,Device,,NVIDIA A100-SXM4-40GB MIG 4g.20gb (0),1,,13,[CUDA memset]
1824151620,1856,7442,,,,,,,,,,0.000,43.103,Pinned,Device,NVIDIA A100-SXM4-40GB MIG 4g.20gb (0),1,,13,[CUDA memcpy Host-to-Device]
1824155908,10047,7443,,,,,,,,,,0.197,19568.787,Pinned,Device,NVIDIA A100-SXM4-40GB MIG 4g.20gb (0),1,,13,[CUDA memcpy Host-to-Device]
1824352225,19360,7444,273,1,1,48,1,1,40,0.000,0.001,,,,,NVIDIA A100-SXM4-40GB MIG 4g.20gb (0),1,,13,"void pusch_noise_intf_est::noiseIntfEstNoDftSOfdmKernel<float, __half, float, float, (unsigned int)2, (unsigned int)1, (unsigned char)4, (unsigned char)4>(pusch_noise_intf_est::puschRxNoiseIntfEstDynDescr)"
1824430656,6976,7455,35,1,1,128,1,1,16,0.000,0.000,,,,,NVIDIA A100-SXM4-40GB MIG 4g.20gb (0),1,,13,cupy_copy__complex64_complex64
1824439328,2048,7464,1,1,1,1,1,1,18,0.000,0.000,,,,,NVIDIA A100-SXM4-40GB MIG 4g.20gb (0),1,,13,cupy_copy__float32_float32
1824449184,1568,7470,,,,,,,,,,0.000,2.551,Device,Pageable,NVIDIA A100-SXM4-40GB MIG 4g.20gb (0),1,,7,[CUDA memcpy Device-to-Host]
1824692445,18720,7481,1434,1,1,128,1,1,16,0.000,0.000,,,,,NVIDIA A100-SXM4-40GB MIG 4g.20gb (0),1,,13,cupy_copy__complex64_complex64
1824729245,4928,7488,103,1,1,128,1,1,16,0.000,0.000,,,,,NVIDIA A100-SXM4-40GB MIG 4g.20gb (0),1,,13,cupy_copy__complex64_complex64
1824735517,2592,7495,35,1,1,128,1,1,16,0.000,0.000,,,,,NVIDIA A100-SXM4-40GB MIG 4g.20gb (0),1,,13,cupy_copy__complex64_complex64
1824988986,3264,7502,1,1,1,1,1,1,18,0.000,0.000,,,,,NVIDIA A100-SXM4-40GB MIG 4g.20gb (0),1,,13,cupy_copy__float32_float32
1824994426,241629,7513,1,1,1,32,32,1,30,0.000,0.000,,,,,NVIDIA A100-SXM4-40GB MIG 4g.20gb (0),1,,13,"void convert_kernel<__half2, float2>(tensor_layout_any, T1 *, tensor_layout_any, const T2 *)"
1825270775,5888,7516,,,,,,,,,,0.094,15912.954,Pinned,Device,NVIDIA A100-SXM4-40GB MIG 4g.20gb (0),1,,13,[CUDA memcpy Host-to-Device]
1825289334,7904,7517,,,,,,,,,,1.547,195675.775,Device,,NVIDIA A100-SXM4-40GB MIG 4g.20gb (0),1,,13,[CUDA memset]
1825301238,3456,7522,,,,,,,,,,0.031,9055.529,Pinned,Device,NVIDIA A100-SXM4-40GB MIG 4g.20gb (0),1,,13,[CUDA memcpy Host-to-Device]
1825308022,9312,7523,,,,,,,,,,0.197,21113.340,Pinned,Device,NVIDIA A100-SXM4-40GB MIG 4g.20gb (0),1,,13,[CUDA memcpy Host-to-Device]
1825536660,17631,7524,273,1,1,8,4,1,39,0.002,0.000,,,,,NVIDIA A100-SXM4-40GB MIG 4g.20gb (0),1,,13,"void channel_eq::eqMmseCoefCompLowMimoKernel<float, float, float, (unsigned int)4, (unsigned int)1, (unsigned int)4>(const channel_eq::_puschRxChEqStatDescr *, channel_eq::_puschRxChEqCoefCompDynDescr)"
1825563251,17472,7525,273,1,1,12,11,1,51,0.002,0.000,,,,,NVIDIA A100-SXM4-40GB MIG 4g.20gb (0),1,,13,"void channel_eq::eqMmseSoftDemapKernel<float, __half, __half, float, (unsigned int)4, (unsigned short)16383>(channel_eq::_puschRxChEqStatDescr *, channel_eq::_puschRxChEqSoftDemapDynDescr)"
1825822672,562906,7526,1,1,1,32,32,1,30,0.000,0.000,,,,,NVIDIA A100-SXM4-40GB MIG 4g.20gb (0),1,,13,"void convert_kernel<float2, __half2>(tensor_layout_any, T1 *, tensor_layout_any, const T2 *)"
1826549704,17120,7538,2253,1,1,128,1,1,16,0.000,0.000,,,,,NVIDIA A100-SXM4-40GB MIG 4g.20gb (0),1,,13,cupy_copy__float16_float16
1826630887,7168,7547,282,1,1,128,1,1,16,0.000,0.000,,,,,NVIDIA A100-SXM4-40GB MIG 4g.20gb (0),1,,13,cupy_copy__complex64_complex64
1826639975,4320,7556,26,1,1,128,1,1,16,0.000,0.000,,,,,NVIDIA A100-SXM4-40GB MIG 4g.20gb (0),1,,13,cupy_copy__float32_float32
1826657735,8992,7565,103,1,1,128,1,1,16,0.000,0.000,,,,,NVIDIA A100-SXM4-40GB MIG 4g.20gb (0),1,,13,cupy_copy__complex64_complex64
1826836709,20159,7575,1434,1,1,128,1,1,16,0.000,0.000,,,,,NVIDIA A100-SXM4-40GB MIG 4g.20gb (0),1,,13,cupy_copy__complex64_complex64
1826967267,458011,7580,1,1,1,32,32,1,30,0.000,0.000,,,,,NVIDIA A100-SXM4-40GB MIG 4g.20gb (0),1,,13,"void convert_kernel<__half2, float2>(tensor_layout_any, T1 *, tensor_layout_any, const T2 *)"
1827455325,5792,7583,,,,,,,,,,0.094,16176.708,Pinned,Device,NVIDIA A100-SXM4-40GB MIG 4g.20gb (0),1,,13,[CUDA memcpy Host-to-Device]
1828489617,638585,7584,,,,,,,,,,456.561,714518.654,Device,,NVIDIA A100-SXM4-40GB MIG 4g.20gb (0),1,,13,[CUDA memset]
1829138026,59391,7589,,,,,,,,,,1.235,20792.752,Pinned,Device,NVIDIA A100-SXM4-40GB MIG 4g.20gb (0),1,,13,[CUDA memcpy Host-to-Device]
1829199913,21088,7590,,,,,,,,,,0.197,9323.151,Pinned,Device,NVIDIA A100-SXM4-40GB MIG 4g.20gb (0),1,,13,[CUDA memcpy Host-to-Device]
1830560537,15872,7591,69,4,1,48,1,1,76,0.002,0.000,,,,,NVIDIA A100-SXM4-40GB MIG 4g.20gb (0),1,,13,"void ch_est::windowedChEstPreNoDftSOfdmKernel<float, __half, float, (unsigned int)2, (unsigned int)1, (unsigned short)4>(ch_est::puschRxChEstStatDescr_t *, ch_est::puschRxChEstDynDescr_t *)"
1830646808,15872,7592,137,2,1,24,2,1,44,0.001,0.001,,,,,NVIDIA A100-SXM4-40GB MIG 4g.20gb (0),1,,13,"void ch_est::chEstFilterNoDftSOfdmDispatchKernel<float, __half, float, (unsigned int)2>(ch_est::puschRxChEstStatDescr_t *, ch_est::puschRxChEstDynDescr_t *)"
1830834838,12352,7593,137,2,1,24,2,1,44,0.001,0.001,,,,,NVIDIA A100-SXM4-40GB MIG 4g.20gb (0),1,,13,"void ch_est::chEstFilterNoDftSOfdmDispatchKernel<float, __half, float, (unsigned int)2>(ch_est::puschRxChEstStatDescr_t *, ch_est::puschRxChEstDynDescr_t *)"
1830908309,4864,7604,103,1,1,128,1,1,16,0.000,0.000,,,,,NVIDIA A100-SXM4-40GB MIG 4g.20gb (0),1,,13,cupy_copy__complex64_complex64
1830915157,15872,7614,1434,1,1,128,1,1,16,0.000,0.000,,,,,NVIDIA A100-SXM4-40GB MIG 4g.20gb (0),1,,13,cupy_copy__complex64_complex64
1830941397,5664,7621,103,1,1,128,1,1,16,0.000,0.000,,,,,NVIDIA A100-SXM4-40GB MIG 4g.20gb (0),1,,13,cupy_copy__complex64_complex64
1831114931,232541,7628,1,1,1,32,32,1,30,0.000,0.000,,,,,NVIDIA A100-SXM4-40GB MIG 4g.20gb (0),1,,13,"void convert_kernel<__half2, float2>(tensor_layout_any, T1 *, tensor_layout_any, const T2 *)"
1831378384,5440,7631,,,,,,,,,,0.094,17223.480,Pinned,Device,NVIDIA A100-SXM4-40GB MIG 4g.20gb (0),1,,13,[CUDA memcpy Host-to-Device]
1831444495,63423,7632,,,,,,,,,,35.810,564615.009,Device,,NVIDIA A100-SXM4-40GB MIG 4g.20gb (0),1,,13,[CUDA memset]
1831513966,1824,7634,,,,,,,,,,0.000,43.860,Pinned,Device,NVIDIA A100-SXM4-40GB MIG 4g.20gb (0),1,,13,[CUDA memcpy Host-to-Device]
1831518286,10016,7635,,,,,,,,,,0.197,19629.343,Pinned,Device,NVIDIA A100-SXM4-40GB MIG 4g.20gb (0),1,,13,[CUDA memcpy Host-to-Device]
1831715116,19136,7636,273,1,1,48,1,1,40,0.000,0.001,,,,,NVIDIA A100-SXM4-40GB MIG 4g.20gb (0),1,,13,"void pusch_noise_intf_est::noiseIntfEstNoDftSOfdmKernel<float, __half, float, float, (unsigned int)2, (unsigned int)1, (unsigned char)4, (unsigned char)4>(pusch_noise_intf_est::puschRxNoiseIntfEstDynDescr)"
1831775499,6304,7647,35,1,1,128,1,1,16,0.000,0.000,,,,,NVIDIA A100-SXM4-40GB MIG 4g.20gb (0),1,,13,cupy_copy__complex64_complex64
1831783147,2048,7656,1,1,1,1,1,1,18,0.000,0.000,,,,,NVIDIA A100-SXM4-40GB MIG 4g.20gb (0),1,,13,cupy_copy__float32_float32
1831791595,1600,7662,,,,,,,,,,0.000,2.500,Device,Pageable,NVIDIA A100-SXM4-40GB MIG 4g.20gb (0),1,,7,[CUDA memcpy Device-to-Host]
1832058600,23872,7673,1434,1,1,128,1,1,16,0.000,0.000,,,,,NVIDIA A100-SXM4-40GB MIG 4g.20gb (0),1,,13,cupy_copy__complex64_complex64
1832130471,6080,7680,103,1,1,128,1,1,16,0.000,0.000,,,,,NVIDIA A100-SXM4-40GB MIG 4g.20gb (0),1,,13,cupy_copy__complex64_complex64
1833588982,5536,7687,35,1,1,128,1,1,16,0.000,0.000,,,,,NVIDIA A100-SXM4-40GB MIG 4g.20gb (0),1,,13,cupy_copy__complex64_complex64
1833704085,6496,7694,1,1,1,1,1,1,18,0.000,0.000,,,,,NVIDIA A100-SXM4-40GB MIG 4g.20gb (0),1,,13,cupy_copy__float32_float32
1835207236,251133,7705,1,1,1,32,32,1,30,0.000,0.000,,,,,NVIDIA A100-SXM4-40GB MIG 4g.20gb (0),1,,13,"void convert_kernel<__half2, float2>(tensor_layout_any, T1 *, tensor_layout_any, const T2 *)"
1835489408,5600,7708,,,,,,,,,,0.094,16731.388,Pinned,Device,NVIDIA A100-SXM4-40GB MIG 4g.20gb (0),1,,13,[CUDA memcpy Host-to-Device]
1835574815,6368,7709,,,,,,,,,,1.547,242874.100,Device,,NVIDIA A100-SXM4-40GB MIG 4g.20gb (0),1,,13,[CUDA memset]
1835582623,5088,7714,,,,,,,,,,0.031,6150.916,Pinned,Device,NVIDIA A100-SXM4-40GB MIG 4g.20gb (0),1,,13,[CUDA memcpy Host-to-Device]
1835591103,10560,7715,,,,,,,,,,0.197,18617.991,Pinned,Device,NVIDIA A100-SXM4-40GB MIG 4g.20gb (0),1,,13,[CUDA memcpy Host-to-Device]
1835875292,18400,7716,273,1,1,8,4,1,39,0.002,0.000,,,,,NVIDIA A100-SXM4-40GB MIG 4g.20gb (0),1,,13,"void channel_eq::eqMmseCoefCompLowMimoKernel<float, float, float, (unsigned int)4, (unsigned int)1, (unsigned int)4>(const channel_eq::_puschRxChEqStatDescr *, channel_eq::_puschRxChEqCoefCompDynDescr)"
1835905084,21855,7717,273,1,1,12,11,1,51,0.002,0.000,,,,,NVIDIA A100-SXM4-40GB MIG 4g.20gb (0),1,,13,"void channel_eq::eqMmseSoftDemapKernel<float, __half, __half, float, (unsigned int)4, (unsigned short)16383>(channel_eq::_puschRxChEqStatDescr *, channel_eq::_puschRxChEqSoftDemapDynDescr)"
1836166297,635320,7718,1,1,1,32,32,1,30,0.000,0.000,,,,,NVIDIA A100-SXM4-40GB MIG 4g.20gb (0),1,,13,"void convert_kernel<float2, __half2>(tensor_layout_any, T1 *, tensor_layout_any, const T2 *)"
1836957199,17184,7730,2253,1,1,128,1,1,16,0.000,0.000,,,,,NVIDIA A100-SXM4-40GB MIG 4g.20gb (0),1,,13,cupy_copy__float16_float16
1836988047,5696,7739,282,1,1,128,1,1,16,0.000,0.000,,,,,NVIDIA A100-SXM4-40GB MIG 4g.20gb (0),1,,13,cupy_copy__complex64_complex64
1837165293,4192,7748,26,1,1,128,1,1,16,0.000,0.000,,,,,NVIDIA A100-SXM4-40GB MIG 4g.20gb (0),1,,13,cupy_copy__float32_float32
1837232364,8832,7757,103,1,1,128,1,1,16,0.000,0.000,,,,,NVIDIA A100-SXM4-40GB MIG 4g.20gb (0),1,,13,cupy_copy__complex64_complex64
1837285228,19999,7767,1434,1,1,128,1,1,16,0.000,0.000,,,,,NVIDIA A100-SXM4-40GB MIG 4g.20gb (0),1,,13,cupy_copy__complex64_complex64
1838698491,251965,7772,1,1,1,32,32,1,30,0.000,0.000,,,,,NVIDIA A100-SXM4-40GB MIG 4g.20gb (0),1,,13,"void convert_kernel<__half2, float2>(tensor_layout_any, T1 *, tensor_layout_any, const T2 *)"
1838980184,5984,7775,,,,,,,,,,0.094,15657.726,Pinned,Device,NVIDIA A100-SXM4-40GB MIG 4g.20gb (0),1,,13,[CUDA memcpy Host-to-Device]
1840376456,626073,7776,,,,,,,,,,456.561,729128.620,Device,,NVIDIA A100-SXM4-40GB MIG 4g.20gb (0),1,,13,[CUDA memset]
1841006401,52063,7781,,,,,,,,,,1.235,23719.569,Pinned,Device,NVIDIA A100-SXM4-40GB MIG 4g.20gb (0),1,,13,[CUDA memcpy Host-to-Device]
1841060896,10048,7782,,,,,,,,,,0.197,19566.821,Pinned,Device,NVIDIA A100-SXM4-40GB MIG 4g.20gb (0),1,,13,[CUDA memcpy Host-to-Device]
1841292029,25408,7783,69,4,1,48,1,1,76,0.002,0.000,,,,,NVIDIA A100-SXM4-40GB MIG 4g.20gb (0),1,,13,"void ch_est::windowedChEstPreNoDftSOfdmKernel<float, __half, float, (unsigned int)2, (unsigned int)1, (unsigned short)4>(ch_est::puschRxChEstStatDescr_t *, ch_est::puschRxChEstDynDescr_t *)"
1841330813,15776,7784,137,2,1,24,2,1,44,0.001,0.001,,,,,NVIDIA A100-SXM4-40GB MIG 4g.20gb (0),1,,13,"void ch_est::chEstFilterNoDftSOfdmDispatchKernel<float, __half, float, (unsigned int)2>(ch_est::puschRxChEstStatDescr_t *, ch_est::puschRxChEstDynDescr_t *)"
1841570394,20192,7785,137,2,1,24,2,1,44,0.001,0.001,,,,,NVIDIA A100-SXM4-40GB MIG 4g.20gb (0),1,,13,"void ch_est::chEstFilterNoDftSOfdmDispatchKernel<float, __half, float, (unsigned int)2>(ch_est::puschRxChEstStatDescr_t *, ch_est::puschRxChEstDynDescr_t *)"
1841601210,5184,7796,103,1,1,128,1,1,16,0.000,0.000,,,,,NVIDIA A100-SXM4-40GB MIG 4g.20gb (0),1,,13,cupy_copy__complex64_complex64
1841779736,19487,7806,1434,1,1,128,1,1,16,0.000,0.000,,,,,NVIDIA A100-SXM4-40GB MIG 4g.20gb (0),1,,13,cupy_copy__complex64_complex64
1841865783,4800,7813,103,1,1,128,1,1,16,0.000,0.000,,,,,NVIDIA A100-SXM4-40GB MIG 4g.20gb (0),1,,13,cupy_copy__complex64_complex64
1841872023,149406,7820,1,1,1,32,32,1,30,0.000,0.000,,,,,NVIDIA A100-SXM4-40GB MIG 4g.20gb (0),1,,13,"void convert_kernel<__half2, float2>(tensor_layout_any, T1 *, tensor_layout_any, const T2 *)"
1842052468,5664,7823,,,,,,,,,,0.094,16542.310,Pinned,Device,NVIDIA A100-SXM4-40GB MIG 4g.20gb (0),1,,13,[CUDA memcpy Host-to-Device]
1842153299,60672,7824,,,,,,,,,,35.810,590219.101,Device,,NVIDIA A100-SXM4-40GB MIG 4g.20gb (0),1,,13,[CUDA memset]
1842220723,1824,7826,,,,,,,,,,0.000,43.860,Pinned,Device,NVIDIA A100-SXM4-40GB MIG 4g.20gb (0),1,,13,[CUDA memcpy Host-to-Device]
1842224978,9952,7827,,,,,,,,,,0.197,19755.565,Pinned,Device,NVIDIA A100-SXM4-40GB MIG 4g.20gb (0),1,,13,[CUDA memcpy Host-to-Device]
1842566095,23743,7828,273,1,1,48,1,1,40,0.000,0.001,,,,,NVIDIA A100-SXM4-40GB MIG 4g.20gb (0),1,,13,"void pusch_noise_intf_est::noiseIntfEstNoDftSOfdmKernel<float, __half, float, float, (unsigned int)2, (unsigned int)1, (unsigned char)4, (unsigned char)4>(pusch_noise_intf_est::puschRxNoiseIntfEstDynDescr)"
1844232891,7360,7839,35,1,1,128,1,1,16,0.000,0.000,,,,,NVIDIA A100-SXM4-40GB MIG 4g.20gb (0),1,,13,cupy_copy__complex64_complex64
1844538232,3776,7848,1,1,1,1,1,1,18,0.000,0.000,,,,,NVIDIA A100-SXM4-40GB MIG 4g.20gb (0),1,,13,cupy_copy__float32_float32
1844547416,5056,7854,,,,,,,,,,0.000,0.791,Device,Pageable,NVIDIA A100-SXM4-40GB MIG 4g.20gb (0),1,,7,[CUDA memcpy Device-to-Host]
1846469153,18432,7865,1434,1,1,128,1,1,16,0.000,0.000,,,,,NVIDIA A100-SXM4-40GB MIG 4g.20gb (0),1,,13,cupy_copy__complex64_complex64
1846535073,7296,7872,103,1,1,128,1,1,16,0.000,0.000,,,,,NVIDIA A100-SXM4-40GB MIG 4g.20gb (0),1,,13,cupy_copy__complex64_complex64
1846745950,5568,7879,35,1,1,128,1,1,16,0.000,0.000,,,,,NVIDIA A100-SXM4-40GB MIG 4g.20gb (0),1,,13,cupy_copy__complex64_complex64
1846811357,9408,7886,1,1,1,1,1,1,18,0.000,0.000,,,,,NVIDIA A100-SXM4-40GB MIG 4g.20gb (0),1,,13,cupy_copy__float32_float32
1846825277,208894,7897,1,1,1,32,32,1,30,0.000,0.000,,,,,NVIDIA A100-SXM4-40GB MIG 4g.20gb (0),1,,13,"void convert_kernel<__half2, float2>(tensor_layout_any, T1 *, tensor_layout_any, const T2 *)"
1847065498,5376,7900,,,,,,,,,,0.094,17428.487,Pinned,Device,NVIDIA A100-SXM4-40GB MIG 4g.20gb (0),1,,13,[CUDA memcpy Host-to-Device]
1847111162,5824,7901,,,,,,,,,,1.547,265559.981,Device,,NVIDIA A100-SXM4-40GB MIG 4g.20gb (0),1,,13,[CUDA memset]
1847121722,3040,7906,,,,,,,,,,0.031,10294.725,Pinned,Device,NVIDIA A100-SXM4-40GB MIG 4g.20gb (0),1,,13,[CUDA memcpy Host-to-Device]
1847127386,10016,7907,,,,,,,,,,0.197,19629.343,Pinned,Device,NVIDIA A100-SXM4-40GB MIG 4g.20gb (0),1,,13,[CUDA memcpy Host-to-Device]
1847311416,15199,7908,273,1,1,8,4,1,39,0.002,0.000,,,,,NVIDIA A100-SXM4-40GB MIG 4g.20gb (0),1,,13,"void channel_eq::eqMmseCoefCompLowMimoKernel<float, float, float, (unsigned int)4, (unsigned int)1, (unsigned int)4>(const channel_eq::_puschRxChEqStatDescr *, channel_eq::_puschRxChEqCoefCompDynDescr)"
1847379735,20736,7909,273,1,1,12,11,1,51,0.002,0.000,,,,,NVIDIA A100-SXM4-40GB MIG 4g.20gb (0),1,,13,"void channel_eq::eqMmseSoftDemapKernel<float, __half, __half, float, (unsigned int)4, (unsigned short)16383>(channel_eq::_puschRxChEqStatDescr *, channel_eq::_puschRxChEqSoftDemapDynDescr)"
1847411286,531162,7910,1,1,1,32,32,1,30,0.000,0.000,,,,,NVIDIA A100-SXM4-40GB MIG 4g.20gb (0),1,,13,"void convert_kernel<float2, __half2>(tensor_layout_any, T1 *, tensor_layout_any, const T2 *)"
1848126702,18176,7922,2253,1,1,128,1,1,16,0.000,0.000,,,,,NVIDIA A100-SXM4-40GB MIG 4g.20gb (0),1,,13,cupy_copy__float16_float16
1848204397,6432,7931,282,1,1,128,1,1,16,0.000,0.000,,,,,NVIDIA A100-SXM4-40GB MIG 4g.20gb (0),1,,13,cupy_copy__complex64_complex64
1848212781,2784,7940,26,1,1,128,1,1,16,0.000,0.000,,,,,NVIDIA A100-SXM4-40GB MIG 4g.20gb (0),1,,13,cupy_copy__float32_float32
1848229165,8608,7949,103,1,1,128,1,1,16,0.000,0.000,,,,,NVIDIA A100-SXM4-40GB MIG 4g.20gb (0),1,,13,cupy_copy__complex64_complex64
1848398443,19840,7959,1434,1,1,128,1,1,16,0.000,0.000,,,,,NVIDIA A100-SXM4-40GB MIG 4g.20gb (0),1,,13,cupy_copy__complex64_complex64
1848530730,359355,7964,1,1,1,32,32,1,30,0.000,0.000,,,,,NVIDIA A100-SXM4-40GB MIG 4g.20gb (0),1,,13,"void convert_kernel<__half2, float2>(tensor_layout_any, T1 *, tensor_layout_any, const T2 *)"
1848924101,5760,7967,,,,,,,,,,0.094,16266.656,Pinned,Device,NVIDIA A100-SXM4-40GB MIG 4g.20gb (0),1,,13,[CUDA memcpy Host-to-Device]
1850195926,638489,7968,,,,,,,,,,456.561,714975.215,Device,,NVIDIA A100-SXM4-40GB MIG 4g.20gb (0),1,,13,[CUDA memset]
1850840783,52415,7973,,,,,,,,,,1.235,23560.262,Pinned,Device,NVIDIA A100-SXM4-40GB MIG 4g.20gb (0),1,,13,[CUDA memcpy Host-to-Device]
1850895662,10272,7974,,,,,,,,,,0.197,19140.182,Pinned,Device,NVIDIA A100-SXM4-40GB MIG 4g.20gb (0),1,,13,[CUDA memcpy Host-to-Device]
1852548443,13792,7975,69,4,1,48,1,1,76,0.002,0.000,,,,,NVIDIA A100-SXM4-40GB MIG 4g.20gb (0),1,,13,"void ch_est::windowedChEstPreNoDftSOfdmKernel<float, __half, float, (unsigned int)2, (unsigned int)1, (unsigned short)4>(ch_est::puschRxChEstStatDescr_t *, ch_est::puschRxChEstDynDescr_t *)"
1852862935,12384,7976,137,2,1,24,2,1,44,0.001,0.001,,,,,NVIDIA A100-SXM4-40GB MIG 4g.20gb (0),1,,13,"void ch_est::chEstFilterNoDftSOfdmDispatchKernel<float, __half, float, (unsigned int)2>(ch_est::puschRxChEstStatDescr_t *, ch_est::puschRxChEstDynDescr_t *)"
1852887063,20480,7977,137,2,1,24,2,1,44,0.001,0.001,,,,,NVIDIA A100-SXM4-40GB MIG 4g.20gb (0),1,,13,"void ch_est::chEstFilterNoDftSOfdmDispatchKernel<float, __half, float, (unsigned int)2>(ch_est::puschRxChEstStatDescr_t *, ch_est::puschRxChEstDynDescr_t *)"
1853140020,6048,7988,103,1,1,128,1,1,16,0.000,0.000,,,,,NVIDIA A100-SXM4-40GB MIG 4g.20gb (0),1,,13,cupy_copy__complex64_complex64
1853147860,15424,7998,1434,1,1,128,1,1,16,0.000,0.000,,,,,NVIDIA A100-SXM4-40GB MIG 4g.20gb (0),1,,13,cupy_copy__complex64_complex64
1853181140,4672,8005,103,1,1,128,1,1,16,0.000,0.000,,,,,NVIDIA A100-SXM4-40GB MIG 4g.20gb (0),1,,13,cupy_copy__complex64_complex64
1853355858,239709,8012,1,1,1,32,32,1,30,0.000,0.000,,,,,NVIDIA A100-SXM4-40GB MIG 4g.20gb (0),1,,13,"void convert_kernel<__half2, float2>(tensor_layout_any, T1 *, tensor_layout_any, const T2 *)"
1853626863,5407,8015,,,,,,,,,,0.094,17328.607,Pinned,Device,NVIDIA A100-SXM4-40GB MIG 4g.20gb (0),1,,13,[CUDA memcpy Host-to-Device]
1853686414,63967,8016,,,,,,,,,,35.810,559816.479,Device,,NVIDIA A100-SXM4-40GB MIG 4g.20gb (0),1,,13,[CUDA memset]
1853753069,1856,8018,,,,,,,,,,0.000,43.103,Pinned,Device,NVIDIA A100-SXM4-40GB MIG 4g.20gb (0),1,,13,[CUDA memcpy Host-to-Device]
1853757805,9920,8019,,,,,,,,,,0.197,19819.266,Pinned,Device,NVIDIA A100-SXM4-40GB MIG 4g.20gb (0),1,,13,[CUDA memcpy Host-to-Device]
1853968075,19999,8020,273,1,1,48,1,1,40,0.000,0.001,,,,,NVIDIA A100-SXM4-40GB MIG 4g.20gb (0),1,,13,"void pusch_noise_intf_est::noiseIntfEstNoDftSOfdmKernel<float, __half, float, float, (unsigned int)2, (unsigned int)1, (unsigned char)4, (unsigned char)4>(pusch_noise_intf_est::puschRxNoiseIntfEstDynDescr)"
1854098921,7744,8031,35,1,1,128,1,1,16,0.000,0.000,,,,,NVIDIA A100-SXM4-40GB MIG 4g.20gb (0),1,,13,cupy_copy__complex64_complex64
1855721590,7936,8040,1,1,1,1,1,1,18,0.000,0.000,,,,,NVIDIA A100-SXM4-40GB MIG 4g.20gb (0),1,,13,cupy_copy__float32_float32
1855738166,1664,8046,,,,,,,,,,0.000,2.404,Device,Pageable,NVIDIA A100-SXM4-40GB MIG 4g.20gb (0),1,,7,[CUDA memcpy Device-to-Host]
1857634144,23520,8057,1434,1,1,128,1,1,16,0.000,0.000,,,,,NVIDIA A100-SXM4-40GB MIG 4g.20gb (0),1,,13,cupy_copy__complex64_complex64
1857885277,6176,8064,103,1,1,128,1,1,16,0.000,0.000,,,,,NVIDIA A100-SXM4-40GB MIG 4g.20gb (0),1,,13,cupy_copy__complex64_complex64
1857954812,3040,8071,35,1,1,128,1,1,16,0.000,0.000,,,,,NVIDIA A100-SXM4-40GB MIG 4g.20gb (0),1,,13,cupy_copy__complex64_complex64
1857959836,2304,8078,1,1,1,1,1,1,18,0.000,0.000,,,,,NVIDIA A100-SXM4-40GB MIG 4g.20gb (0),1,,13,cupy_copy__float32_float32
1857963740,201182,8089,1,1,1,32,32,1,30,0.000,0.000,,,,,NVIDIA A100-SXM4-40GB MIG 4g.20gb (0),1,,13,"void convert_kernel<__half2, float2>(tensor_layout_any, T1 *, tensor_layout_any, const T2 *)"
1858203258,5408,8092,,,,,,,,,,0.094,17325.421,Pinned,Device,NVIDIA A100-SXM4-40GB MIG 4g.20gb (0),1,,13,[CUDA memcpy Host-to-Device]
1858245753,6624,8093,,,,,,,,,,1.547,233487.639,Device,,NVIDIA A100-SXM4-40GB MIG 4g.20gb (0),1,,13,[CUDA memset]
1858253721,3712,8098,,,,,,,,,,0.031,8431.017,Pinned,Device,NVIDIA A100-SXM4-40GB MIG 4g.20gb (0),1,,13,[CUDA memcpy Host-to-Device]
1858259865,9440,8099,,,,,,,,,,0.197,20827.079,Pinned,Device,NVIDIA A100-SXM4-40GB MIG 4g.20gb (0),1,,13,[CUDA memcpy Host-to-Device]
1858438679,18016,8100,273,1,1,8,4,1,39,0.002,0.000,,,,,NVIDIA A100-SXM4-40GB MIG 4g.20gb (0),1,,13,"void channel_eq::eqMmseCoefCompLowMimoKernel<float, float, float, (unsigned int)4, (unsigned int)1, (unsigned int)4>(const channel_eq::_puschRxChEqStatDescr *, channel_eq::_puschRxChEqCoefCompDynDescr)"
1858507734,22592,8101,273,1,1,12,11,1,51,0.002,0.000,,,,,NVIDIA A100-SXM4-40GB MIG 4g.20gb (0),1,,13,"void channel_eq::eqMmseSoftDemapKernel<float, __half, __half, float, (unsigned int)4, (unsigned short)16383>(channel_eq::_puschRxChEqStatDescr *, channel_eq::_puschRxChEqSoftDemapDynDescr)"
1858545590,592665,8102,1,1,1,32,32,1,30,0.000,0.000,,,,,NVIDIA A100-SXM4-40GB MIG 4g.20gb (0),1,,13,"void convert_kernel<float2, __half2>(tensor_layout_any, T1 *, tensor_layout_any, const T2 *)"
1859316397,16639,8114,2253,1,1,128,1,1,16,0.000,0.000,,,,,NVIDIA A100-SXM4-40GB MIG 4g.20gb (0),1,,13,cupy_copy__float16_float16
1859348876,5248,8123,282,1,1,128,1,1,16,0.000,0.000,,,,,NVIDIA A100-SXM4-40GB MIG 4g.20gb (0),1,,13,cupy_copy__complex64_complex64
1859530442,4224,8132,26,1,1,128,1,1,16,0.000,0.000,,,,,NVIDIA A100-SXM4-40GB MIG 4g.20gb (0),1,,13,cupy_copy__float32_float32
1859587818,7807,8141,103,1,1,128,1,1,16,0.000,0.000,,,,,NVIDIA A100-SXM4-40GB MIG 4g.20gb (0),1,,13,cupy_copy__complex64_complex64
1859597257,15488,8151,1434,1,1,128,1,1,16,0.000,0.000,,,,,NVIDIA A100-SXM4-40GB MIG 4g.20gb (0),1,,13,cupy_copy__complex64_complex64
1859632009,214302,8156,1,1,1,32,32,1,30,0.000,0.000,,,,,NVIDIA A100-SXM4-40GB MIG 4g.20gb (0),1,,13,"void convert_kernel<__half2, float2>(tensor_layout_any, T1 *, tensor_layout_any, const T2 *)"
1859878374,5568,8159,,,,,,,,,,0.094,16827.521,Pinned,Device,NVIDIA A100-SXM4-40GB MIG 4g.20gb (0),1,,13,[CUDA memcpy Host-to-Device]
1859890182,639289,8160,,,,,,,,,,456.561,714062.092,Device,,NVIDIA A100-SXM4-40GB MIG 4g.20gb (0),1,,13,[CUDA memset]
1860535999,65183,8165,,,,,,,,,,1.235,18945.276,Pinned,Device,NVIDIA A100-SXM4-40GB MIG 4g.20gb (0),1,,13,[CUDA memcpy Host-to-Device]
1860603614,9344,8166,,,,,,,,,,0.197,21040.988,Pinned,Device,NVIDIA A100-SXM4-40GB MIG 4g.20gb (0),1,,13,[CUDA memcpy Host-to-Device]
1860834203,18112,8167,69,4,1,48,1,1,76,0.002,0.000,,,,,NVIDIA A100-SXM4-40GB MIG 4g.20gb (0),1,,13,"void ch_est::windowedChEstPreNoDftSOfdmKernel<float, __half, float, (unsigned int)2, (unsigned int)1, (unsigned short)4>(ch_est::puschRxChEstStatDescr_t *, ch_est::puschRxChEstDynDescr_t *)"
1860861787,15232,8168,137,2,1,24,2,1,44,0.001,0.001,,,,,NVIDIA A100-SXM4-40GB MIG 4g.20gb (0),1,,13,"void ch_est::chEstFilterNoDftSOfdmDispatchKernel<float, __half, float, (unsigned int)2>(ch_est::puschRxChEstStatDescr_t *, ch_est::puschRxChEstDynDescr_t *)"
1861106648,18816,8169,137,2,1,24,2,1,44,0.001,0.001,,,,,NVIDIA A100-SXM4-40GB MIG 4g.20gb (0),1,,13,"void ch_est::chEstFilterNoDftSOfdmDispatchKernel<float, __half, float, (unsigned int)2>(ch_est::puschRxChEstStatDescr_t *, ch_est::puschRxChEstDynDescr_t *)"
1861136344,4960,8180,103,1,1,128,1,1,16,0.000,0.000,,,,,NVIDIA A100-SXM4-40GB MIG 4g.20gb (0),1,,13,cupy_copy__complex64_complex64
1861306646,19231,8190,1434,1,1,128,1,1,16,0.000,0.000,,,,,NVIDIA A100-SXM4-40GB MIG 4g.20gb (0),1,,13,cupy_copy__complex64_complex64
1861378357,5760,8197,103,1,1,128,1,1,16,0.000,0.000,,,,,NVIDIA A100-SXM4-40GB MIG 4g.20gb (0),1,,13,cupy_copy__complex64_complex64
1861385717,140862,8204,1,1,1,32,32,1,30,0.000,0.000,,,,,NVIDIA A100-SXM4-40GB MIG 4g.20gb (0),1,,13,"void convert_kernel<__half2, float2>(tensor_layout_any, T1 *, tensor_layout_any, const T2 *)"
1861561939,10208,8207,,,,,,,,,,0.094,9178.648,Pinned,Device,NVIDIA A100-SXM4-40GB MIG 4g.20gb (0),1,,13,[CUDA memcpy Host-to-Device]
1861676785,57568,8208,,,,,,,,,,35.810,622018.310,Device,,NVIDIA A100-SXM4-40GB MIG 4g.20gb (0),1,,13,[CUDA memset]
1861744497,2944,8210,,,,,,,,,,0.000,27.174,Pinned,Device,NVIDIA A100-SXM4-40GB MIG 4g.20gb (0),1,,13,[CUDA memcpy Host-to-Device]
1861749905,10623,8211,,,,,,,,,,0.197,18507.694,Pinned,Device,NVIDIA A100-SXM4-40GB MIG 4g.20gb (0),1,,13,[CUDA memcpy Host-to-Device]
1862009934,25151,8212,273,1,1,48,1,1,40,0.000,0.001,,,,,NVIDIA A100-SXM4-40GB MIG 4g.20gb (0),1,,13,"void pusch_noise_intf_est::noiseIntfEstNoDftSOfdmKernel<float, __half, float, float, (unsigned int)2, (unsigned int)1, (unsigned char)4, (unsigned char)4>(pusch_noise_intf_est::puschRxNoiseIntfEstDynDescr)"
1862047373,9760,8223,35,1,1,128,1,1,16,0.000,0.000,,,,,NVIDIA A100-SXM4-40GB MIG 4g.20gb (0),1,,13,cupy_copy__complex64_complex64
1862230123,3744,8232,1,1,1,1,1,1,18,0.000,0.000,,,,,NVIDIA A100-SXM4-40GB MIG 4g.20gb (0),1,,13,cupy_copy__float32_float32
1862237867,1696,8238,,,,,,,,,,0.000,2.358,Device,Pageable,NVIDIA A100-SXM4-40GB MIG 4g.20gb (0),1,,7,[CUDA memcpy Device-to-Host]
1862300042,16224,8249,1434,1,1,128,1,1,16,0.000,0.000,,,,,NVIDIA A100-SXM4-40GB MIG 4g.20gb (0),1,,13,cupy_copy__complex64_complex64
1862330122,4800,8256,103,1,1,128,1,1,16,0.000,0.000,,,,,NVIDIA A100-SXM4-40GB MIG 4g.20gb (0),1,,13,cupy_copy__complex64_complex64
1862580583,7808,8263,35,1,1,128,1,1,16,0.000,0.000,,,,,NVIDIA A100-SXM4-40GB MIG 4g.20gb (0),1,,13,cupy_copy__complex64_complex64
1862589895,2720,8270,1,1,1,1,1,1,18,0.000,0.000,,,,,NVIDIA A100-SXM4-40GB MIG 4g.20gb (0),1,,13,cupy_copy__float32_float32
1862610983,246749,8281,1,1,1,32,32,1,30,0.000,0.000,,,,,NVIDIA A100-SXM4-40GB MIG 4g.20gb (0),1,,13,"void convert_kernel<__half2, float2>(tensor_layout_any, T1 *, tensor_layout_any, const T2 *)"
1862888515,5376,8284,,,,,,,,,,0.094,17428.487,Pinned,Device,NVIDIA A100-SXM4-40GB MIG 4g.20gb (0),1,,13,[CUDA memcpy Host-to-Device]
1863127233,6976,8285,,,,,,,,,,1.547,221705.457,Device,,NVIDIA A100-SXM4-40GB MIG 4g.20gb (0),1,,13,[CUDA memset]
1863137120,4032,8290,,,,,,,,,,0.031,7761.877,Pinned,Device,NVIDIA A100-SXM4-40GB MIG 4g.20gb (0),1,,13,[CUDA memcpy Host-to-Device]
1863143584,9312,8291,,,,,,,,,,0.197,21113.340,Pinned,Device,NVIDIA A100-SXM4-40GB MIG 4g.20gb (0),1,,13,[CUDA memcpy Host-to-Device]
1863321470,18528,8292,273,1,1,8,4,1,39,0.002,0.000,,,,,NVIDIA A100-SXM4-40GB MIG 4g.20gb (0),1,,13,"void channel_eq::eqMmseCoefCompLowMimoKernel<float, float, float, (unsigned int)4, (unsigned int)1, (unsigned int)4>(const channel_eq::_puschRxChEqStatDescr *, channel_eq::_puschRxChEqCoefCompDynDescr)"
1863387646,18783,8293,273,1,1,12,11,1,51,0.002,0.000,,,,,NVIDIA A100-SXM4-40GB MIG 4g.20gb (0),1,,13,"void channel_eq::eqMmseSoftDemapKernel<float, __half, __half, float, (unsigned int)4, (unsigned short)16383>(channel_eq::_puschRxChEqStatDescr *, channel_eq::_puschRxChEqSoftDemapDynDescr)"
1863417405,541562,8294,1,1,1,32,32,1,30,0.000,0.000,,,,,NVIDIA A100-SXM4-40GB MIG 4g.20gb (0),1,,13,"void convert_kernel<float2, __half2>(tensor_layout_any, T1 *, tensor_layout_any, const T2 *)"
1863968567,16000,8306,2253,1,1,128,1,1,16,0.000,0.000,,,,,NVIDIA A100-SXM4-40GB MIG 4g.20gb (0),1,,13,cupy_copy__float16_float16
1864207732,6496,8315,282,1,1,128,1,1,16,0.000,0.000,,,,,NVIDIA A100-SXM4-40GB MIG 4g.20gb (0),1,,13,cupy_copy__complex64_complex64
1864216020,2720,8324,26,1,1,128,1,1,16,0.000,0.000,,,,,NVIDIA A100-SXM4-40GB MIG 4g.20gb (0),1,,13,cupy_copy__float32_float32
1864248788,8640,8333,103,1,1,128,1,1,16,0.000,0.000,,,,,NVIDIA A100-SXM4-40GB MIG 4g.20gb (0),1,,13,cupy_copy__complex64_complex64
1864428082,19391,8343,1434,1,1,128,1,1,16,0.000,0.000,,,,,NVIDIA A100-SXM4-40GB MIG 4g.20gb (0),1,,13,cupy_copy__complex64_complex64
1864510097,193821,8348,1,1,1,32,32,1,30,0.000,0.000,,,,,NVIDIA A100-SXM4-40GB MIG 4g.20gb (0),1,,13,"void convert_kernel<__half2, float2>(tensor_layout_any, T1 *, tensor_layout_any, const T2 *)"
1865026667,5344,8351,,,,,,,,,,0.094,17532.864,Pinned,Device,NVIDIA A100-SXM4-40GB MIG 4g.20gb (0),1,,13,[CUDA memcpy Host-to-Device]
1865253896,690680,8352,,,,,,,,,,456.561,660644.404,Device,,NVIDIA A100-SXM4-40GB MIG 4g.20gb (0),1,,13,[CUDA memset]
1865948288,52191,8357,,,,,,,,,,1.235,23661.527,Pinned,Device,NVIDIA A100-SXM4-40GB MIG 4g.20gb (0),1,,13,[CUDA memcpy Host-to-Device]
1866002911,9376,8358,,,,,,,,,,0.197,20969.226,Pinned,Device,NVIDIA A100-SXM4-40GB MIG 4g.20gb (0),1,,13,[CUDA memcpy Host-to-Device]
1866245245,18655,8359,69,4,1,48,1,1,76,0.002,0.000,,,,,NVIDIA A100-SXM4-40GB MIG 4g.20gb (0),1,,13,"void ch_est::windowedChEstPreNoDftSOfdmKernel<float, __half, float, (unsigned int)2, (unsigned int)1, (unsigned short)4>(ch_est::puschRxChEstStatDescr_t *, ch_est::puschRxChEstDynDescr_t *)"
1866273660,14752,8360,137,2,1,24,2,1,44,0.001,0.001,,,,,NVIDIA A100-SXM4-40GB MIG 4g.20gb (0),1,,13,"void ch_est::chEstFilterNoDftSOfdmDispatchKernel<float, __half, float, (unsigned int)2>(ch_est::puschRxChEstStatDescr_t *, ch_est::puschRxChEstDynDescr_t *)"
1866523289,16736,8361,137,2,1,24,2,1,44,0.001,0.001,,,,,NVIDIA A100-SXM4-40GB MIG 4g.20gb (0),1,,13,"void ch_est::chEstFilterNoDftSOfdmDispatchKernel<float, __half, float, (unsigned int)2>(ch_est::puschRxChEstStatDescr_t *, ch_est::puschRxChEstDynDescr_t *)"
1866550873,5280,8372,103,1,1,128,1,1,16,0.000,0.000,,,,,NVIDIA A100-SXM4-40GB MIG 4g.20gb (0),1,,13,cupy_copy__complex64_complex64
1866728471,19712,8382,1434,1,1,128,1,1,16,0.000,0.000,,,,,NVIDIA A100-SXM4-40GB MIG 4g.20gb (0),1,,13,cupy_copy__complex64_complex64
1866798902,6016,8389,103,1,1,128,1,1,16,0.000,0.000,,,,,NVIDIA A100-SXM4-40GB MIG 4g.20gb (0),1,,13,cupy_copy__complex64_complex64
1866807062,152958,8396,1,1,1,32,32,1,30,0.000,0.000,,,,,NVIDIA A100-SXM4-40GB MIG 4g.20gb (0),1,,13,"void convert_kernel<__half2, float2>(tensor_layout_any, T1 *, tensor_layout_any, const T2 *)"
1866999988,5472,8399,,,,,,,,,,0.094,17122.757,Pinned,Device,NVIDIA A100-SXM4-40GB MIG 4g.20gb (0),1,,13,[CUDA memcpy Host-to-Device]
1867078995,64095,8400,,,,,,,,,,35.810,558670.562,Device,,NVIDIA A100-SXM4-40GB MIG 4g.20gb (0),1,,13,[CUDA memset]
1867148882,1824,8402,,,,,,,,,,0.000,43.860,Pinned,Device,NVIDIA A100-SXM4-40GB MIG 4g.20gb (0),1,,13,[CUDA memcpy Host-to-Device]
1867153138,9344,8403,,,,,,,,,,0.197,21040.988,Pinned,Device,NVIDIA A100-SXM4-40GB MIG 4g.20gb (0),1,,13,[CUDA memcpy Host-to-Device]
1867362608,15327,8404,273,1,1,48,1,1,40,0.000,0.001,,,,,NVIDIA A100-SXM4-40GB MIG 4g.20gb (0),1,,13,"void pusch_noise_intf_est::noiseIntfEstNoDftSOfdmKernel<float, __half, float, float, (unsigned int)2, (unsigned int)1, (unsigned char)4, (unsigned char)4>(pusch_noise_intf_est::puschRxNoiseIntfEstDynDescr)"
1867421615,6272,8415,35,1,1,128,1,1,16,0.000,0.000,,,,,NVIDIA A100-SXM4-40GB MIG 4g.20gb (0),1,,13,cupy_copy__complex64_complex64
1867429551,1792,8424,1,1,1,1,1,1,18,0.000,0.000,,,,,NVIDIA A100-SXM4-40GB MIG 4g.20gb (0),1,,13,cupy_copy__float32_float32
1867435631,1664,8430,,,,,,,,,,0.000,2.404,Device,Pageable,NVIDIA A100-SXM4-40GB MIG 4g.20gb (0),1,,7,[CUDA memcpy Device-to-Host]
1867704524,26367,8441,1434,1,1,128,1,1,16,0.000,0.000,,,,,NVIDIA A100-SXM4-40GB MIG 4g.20gb (0),1,,13,cupy_copy__complex64_complex64
1867778731,4768,8448,103,1,1,128,1,1,16,0.000,0.000,,,,,NVIDIA A100-SXM4-40GB MIG 4g.20gb (0),1,,13,cupy_copy__complex64_complex64
1868084807,5344,8455,35,1,1,128,1,1,16,0.000,0.000,,,,,NVIDIA A100-SXM4-40GB MIG 4g.20gb (0),1,,13,cupy_copy__complex64_complex64
1868256997,5120,8462,1,1,1,1,1,1,18,0.000,0.000,,,,,NVIDIA A100-SXM4-40GB MIG 4g.20gb (0),1,,13,cupy_copy__float32_float32
1868503458,274173,8473,1,1,1,32,32,1,30,0.000,0.000,,,,,NVIDIA A100-SXM4-40GB MIG 4g.20gb (0),1,,13,"void convert_kernel<__half2, float2>(tensor_layout_any, T1 *, tensor_layout_any, const T2 *)"
1868809919,5408,8476,,,,,,,,,,0.094,17325.421,Pinned,Device,NVIDIA A100-SXM4-40GB MIG 4g.20gb (0),1,,13,[CUDA memcpy Host-to-Device]
1869054204,9728,8477,,,,,,,,,,1.547,158986.761,Device,,NVIDIA A100-SXM4-40GB MIG 4g.20gb (0),1,,13,[CUDA memset]
1869065884,4800,8482,,,,,,,,,,0.031,6519.990,Pinned,Device,NVIDIA A100-SXM4-40GB MIG 4g.20gb (0),1,,13,[CUDA memcpy Host-to-Device]
1869073436,12192,8483,,,,,,,,,,0.197,16125.788,Pinned,Device,NVIDIA A100-SXM4-40GB MIG 4g.20gb (0),1,,13,[CUDA memcpy Host-to-Device]
1869451447,13408,8484,273,1,1,8,4,1,39,0.002,0.000,,,,,NVIDIA A100-SXM4-40GB MIG 4g.20gb (0),1,,13,"void channel_eq::eqMmseCoefCompLowMimoKernel<float, float, float, (unsigned int)4, (unsigned int)1, (unsigned int)4>(const channel_eq::_puschRxChEqStatDescr *, channel_eq::_puschRxChEqCoefCompDynDescr)"
1869848947,17376,8485,273,1,1,12,11,1,51,0.002,0.000,,,,,NVIDIA A100-SXM4-40GB MIG 4g.20gb (0),1,,13,"void channel_eq::eqMmseSoftDemapKernel<float, __half, __half, float, (unsigned int)4, (unsigned short)16383>(channel_eq::_puschRxChEqStatDescr *, channel_eq::_puschRxChEqSoftDemapDynDescr)"
1870256942,654425,8486,1,1,1,32,32,1,30,0.000,0.000,,,,,NVIDIA A100-SXM4-40GB MIG 4g.20gb (0),1,,13,"void convert_kernel<float2, __half2>(tensor_layout_any, T1 *, tensor_layout_any, const T2 *)"
1870925094,16864,8498,2253,1,1,128,1,1,16,0.000,0.000,,,,,NVIDIA A100-SXM4-40GB MIG 4g.20gb (0),1,,13,cupy_copy__float16_float16
1870963750,5984,8507,282,1,1,128,1,1,16,0.000,0.000,,,,,NVIDIA A100-SXM4-40GB MIG 4g.20gb (0),1,,13,cupy_copy__complex64_complex64
1870971398,2272,8516,26,1,1,128,1,1,16,0.000,0.000,,,,,NVIDIA A100-SXM4-40GB MIG 4g.20gb (0),1,,13,cupy_copy__float32_float32
1870987270,9024,8525,103,1,1,128,1,1,16,0.000,0.000,,,,,NVIDIA A100-SXM4-40GB MIG 4g.20gb (0),1,,13,cupy_copy__complex64_complex64
1871160420,19423,8535,1434,1,1,128,1,1,16,0.000,0.000,,,,,NVIDIA A100-SXM4-40GB MIG 4g.20gb (0),1,,13,cupy_copy__complex64_complex64
1871234915,207453,8540,1,1,1,32,32,1,30,0.000,0.000,,,,,NVIDIA A100-SXM4-40GB MIG 4g.20gb (0),1,,13,"void convert_kernel<__half2, float2>(tensor_layout_any, T1 *, tensor_layout_any, const T2 *)"
1871475776,5984,8543,,,,,,,,,,0.094,15657.726,Pinned,Device,NVIDIA A100-SXM4-40GB MIG 4g.20gb (0),1,,13,[CUDA memcpy Host-to-Device]
1871510112,635608,8544,,,,,,,,,,456.561,718171.145,Device,,NVIDIA A100-SXM4-40GB MIG 4g.20gb (0),1,,13,[CUDA memset]
1872151000,53408,8549,,,,,,,,,,1.235,23121.857,Pinned,Device,NVIDIA A100-SXM4-40GB MIG 4g.20gb (0),1,,13,[CUDA memcpy Host-to-Device]
1872207768,10239,8550,,,,,,,,,,0.197,19201.720,Pinned,Device,NVIDIA A100-SXM4-40GB MIG 4g.20gb (0),1,,13,[CUDA memcpy Host-to-Device]
1872515988,19168,8551,69,4,1,48,1,1,76,0.002,0.000,,,,,NVIDIA A100-SXM4-40GB MIG 4g.20gb (0),1,,13,"void ch_est::windowedChEstPreNoDftSOfdmKernel<float, __half, float, (unsigned int)2, (unsigned int)1, (unsigned short)4>(ch_est::puschRxChEstStatDescr_t *, ch_est::puschRxChEstDynDescr_t *)"
1872608659,18528,8552,137,2,1,24,2,1,44,0.001,0.001,,,,,NVIDIA A100-SXM4-40GB MIG 4g.20gb (0),1,,13,"void ch_est::chEstFilterNoDftSOfdmDispatchKernel<float, __half, float, (unsigned int)2>(ch_est::puschRxChEstStatDescr_t *, ch_est::puschRxChEstDynDescr_t *)"
1872978511,16863,8553,137,2,1,24,2,1,44,0.001,0.001,,,,,NVIDIA A100-SXM4-40GB MIG 4g.20gb (0),1,,13,"void ch_est::chEstFilterNoDftSOfdmDispatchKernel<float, __half, float, (unsigned int)2>(ch_est::puschRxChEstStatDescr_t *, ch_est::puschRxChEstDynDescr_t *)"
1873267019,7424,8564,103,1,1,128,1,1,16,0.000,0.000,,,,,NVIDIA A100-SXM4-40GB MIG 4g.20gb (0),1,,13,cupy_copy__complex64_complex64
1873334218,20480,8574,1434,1,1,128,1,1,16,0.000,0.000,,,,,NVIDIA A100-SXM4-40GB MIG 4g.20gb (0),1,,13,cupy_copy__complex64_complex64
1873707846,10304,8581,103,1,1,128,1,1,16,0.000,0.000,,,,,NVIDIA A100-SXM4-40GB MIG 4g.20gb (0),1,,13,cupy_copy__complex64_complex64
1873943363,307613,8588,1,1,1,32,32,1,30,0.000,0.000,,,,,NVIDIA A100-SXM4-40GB MIG 4g.20gb (0),1,,13,"void convert_kernel<__half2, float2>(tensor_layout_any, T1 *, tensor_layout_any, const T2 *)"
1874283391,5792,8591,,,,,,,,,,0.094,16176.708,Pinned,Device,NVIDIA A100-SXM4-40GB MIG 4g.20gb (0),1,,13,[CUDA memcpy Host-to-Device]
1874491933,49919,8592,,,,,,,,,,35.810,717344.317,Device,,NVIDIA A100-SXM4-40GB MIG 4g.20gb (0),1,,13,[CUDA memset]
1874547100,3232,8594,,,,,,,,,,0.000,24.752,Pinned,Device,NVIDIA A100-SXM4-40GB MIG 4g.20gb (0),1,,13,[CUDA memcpy Host-to-Device]
1874552764,10112,8595,,,,,,,,,,0.197,19442.958,Pinned,Device,NVIDIA A100-SXM4-40GB MIG 4g.20gb (0),1,,13,[CUDA memcpy Host-to-Device]
1874908344,18912,8596,273,1,1,48,1,1,40,0.000,0.001,,,,,NVIDIA A100-SXM4-40GB MIG 4g.20gb (0),1,,13,"void pusch_noise_intf_est::noiseIntfEstNoDftSOfdmKernel<float, __half, float, float, (unsigned int)2, (unsigned int)1, (unsigned char)4, (unsigned char)4>(pusch_noise_intf_est::puschRxNoiseIntfEstDynDescr)"
1875268052,11808,8607,35,1,1,128,1,1,16,0.000,0.000,,,,,NVIDIA A100-SXM4-40GB MIG 4g.20gb (0),1,,13,cupy_copy__complex64_complex64
1875593296,4512,8616,1,1,1,1,1,1,18,0.000,0.000,,,,,NVIDIA A100-SXM4-40GB MIG 4g.20gb (0),1,,13,cupy_copy__float32_float32
1875604976,2560,8622,,,,,,,,,,0.000,1.562,Device,Pageable,NVIDIA A100-SXM4-40GB MIG 4g.20gb (0),1,,7,[CUDA memcpy Device-to-Host]
1875888365,17248,8633,1434,1,1,128,1,1,16,0.000,0.000,,,,,NVIDIA A100-SXM4-40GB MIG 4g.20gb (0),1,,13,cupy_copy__complex64_complex64
1875921197,5247,8640,103,1,1,128,1,1,16,0.000,0.000,,,,,NVIDIA A100-SXM4-40GB MIG 4g.20gb (0),1,,13,cupy_copy__complex64_complex64
1876112362,5248,8647,35,1,1,128,1,1,16,0.000,0.000,,,,,NVIDIA A100-SXM4-40GB MIG 4g.20gb (0),1,,13,cupy_copy__complex64_complex64
1876183018,5343,8654,1,1,1,1,1,1,18,0.000,0.000,,,,,NVIDIA A100-SXM4-40GB MIG 4g.20gb (0),1,,13,cupy_copy__float32_float32
1876189929,238462,8665,1,1,1,32,32,1,30,0.000,0.000,,,,,NVIDIA A100-SXM4-40GB MIG 4g.20gb (0),1,,13,"void convert_kernel<__half2, float2>(tensor_layout_any, T1 *, tensor_layout_any, const T2 *)"
1876459430,5376,8668,,,,,,,,,,0.094,17428.487,Pinned,Device,NVIDIA A100-SXM4-40GB MIG 4g.20gb (0),1,,13,[CUDA memcpy Host-to-Device]
1876638980,4832,8669,,,,,,,,,,1.547,320078.477,Device,,NVIDIA A100-SXM4-40GB MIG 4g.20gb (0),1,,13,[CUDA memset]
1876648100,3040,8674,,,,,,,,,,0.031,10294.725,Pinned,Device,NVIDIA A100-SXM4-40GB MIG 4g.20gb (0),1,,13,[CUDA memcpy Host-to-Device]
1876653796,9376,8675,,,,,,,,,,0.197,20969.226,Pinned,Device,NVIDIA A100-SXM4-40GB MIG 4g.20gb (0),1,,13,[CUDA memcpy Host-to-Device]
1876706691,18048,8676,273,1,1,8,4,1,39,0.002,0.000,,,,,NVIDIA A100-SXM4-40GB MIG 4g.20gb (0),1,,13,"void channel_eq::eqMmseCoefCompLowMimoKernel<float, float, float, (unsigned int)4, (unsigned int)1, (unsigned int)4>(const channel_eq::_puschRxChEqStatDescr *, channel_eq::_puschRxChEqCoefCompDynDescr)"
1876735715,18112,8677,273,1,1,12,11,1,51,0.002,0.000,,,,,NVIDIA A100-SXM4-40GB MIG 4g.20gb (0),1,,13,"void channel_eq::eqMmseSoftDemapKernel<float, __half, __half, float, (unsigned int)4, (unsigned short)16383>(channel_eq::_puschRxChEqStatDescr *, channel_eq::_puschRxChEqSoftDemapDynDescr)"
1876992160,599417,8678,1,1,1,32,32,1,30,0.000,0.000,,,,,NVIDIA A100-SXM4-40GB MIG 4g.20gb (0),1,,13,"void convert_kernel<float2, __half2>(tensor_layout_any, T1 *, tensor_layout_any, const T2 *)"
1877787287,16224,8690,2253,1,1,128,1,1,16,0.000,0.000,,,,,NVIDIA A100-SXM4-40GB MIG 4g.20gb (0),1,,13,cupy_copy__float16_float16
1877819127,5888,8699,282,1,1,128,1,1,16,0.000,0.000,,,,,NVIDIA A100-SXM4-40GB MIG 4g.20gb (0),1,,13,cupy_copy__complex64_complex64
1877826422,2848,8708,26,1,1,128,1,1,16,0.000,0.000,,,,,NVIDIA A100-SXM4-40GB MIG 4g.20gb (0),1,,13,cupy_copy__float32_float32
1878059892,6752,8717,103,1,1,128,1,1,16,0.000,0.000,,,,,NVIDIA A100-SXM4-40GB MIG 4g.20gb (0),1,,13,cupy_copy__complex64_complex64
1878068564,15744,8727,1434,1,1,128,1,1,16,0.000,0.000,,,,,NVIDIA A100-SXM4-40GB MIG 4g.20gb (0),1,,13,cupy_copy__complex64_complex64
1878104179,196254,8732,1,1,1,32,32,1,30,0.000,0.000,,,,,NVIDIA A100-SXM4-40GB MIG 4g.20gb (0),1,,13,"void convert_kernel<__half2, float2>(tensor_layout_any, T1 *, tensor_layout_any, const T2 *)"
1878335089,7584,8735,,,,,,,,,,0.094,12354.380,Pinned,Device,NVIDIA A100-SXM4-40GB MIG 4g.20gb (0),1,,13,[CUDA memcpy Host-to-Device]
1878417296,615001,8736,,,,,,,,,,456.561,742368.901,Device,,NVIDIA A100-SXM4-40GB MIG 4g.20gb (0),1,,13,[CUDA memset]
1879035432,51456,8741,,,,,,,,,,1.235,23999.902,Pinned,Device,NVIDIA A100-SXM4-40GB MIG 4g.20gb (0),1,,13,[CUDA memcpy Host-to-Device]
1879089320,9504,8742,,,,,,,,,,0.197,20686.701,Pinned,Device,NVIDIA A100-SXM4-40GB MIG 4g.20gb (0),1,,13,[CUDA memcpy Host-to-Device]
1879419236,18624,8743,69,4,1,48,1,1,76,0.002,0.000,,,,,NVIDIA A100-SXM4-40GB MIG 4g.20gb (0),1,,13,"void ch_est::windowedChEstPreNoDftSOfdmKernel<float, __half, float, (unsigned int)2, (unsigned int)1, (unsigned short)4>(ch_est::puschRxChEstStatDescr_t *, ch_est::puschRxChEstDynDescr_t *)"
1879539107,12864,8744,137,2,1,24,2,1,44,0.001,0.001,,,,,NVIDIA A100-SXM4-40GB MIG 4g.20gb (0),1,,13,"void ch_est::chEstFilterNoDftSOfdmDispatchKernel<float, __half, float, (unsigned int)2>(ch_est::puschRxChEstStatDescr_t *, ch_est::puschRxChEstDynDescr_t *)"
1879827903,17920,8745,137,2,1,24,2,1,44,0.001,0.001,,,,,NVIDIA A100-SXM4-40GB MIG 4g.20gb (0),1,,13,"void ch_est::chEstFilterNoDftSOfdmDispatchKernel<float, __half, float, (unsigned int)2>(ch_est::puschRxChEstStatDescr_t *, ch_est::puschRxChEstDynDescr_t *)"
1879935294,6816,8756,103,1,1,128,1,1,16,0.000,0.000,,,,,NVIDIA A100-SXM4-40GB MIG 4g.20gb (0),1,,13,cupy_copy__complex64_complex64
1880299162,19104,8766,1434,1,1,128,1,1,16,0.000,0.000,,,,,NVIDIA A100-SXM4-40GB MIG 4g.20gb (0),1,,13,cupy_copy__complex64_complex64
1880540791,5728,8773,103,1,1,128,1,1,16,0.000,0.000,,,,,NVIDIA A100-SXM4-40GB MIG 4g.20gb (0),1,,13,cupy_copy__complex64_complex64
1880693653,255197,8780,1,1,1,32,32,1,30,0.000,0.000,,,,,NVIDIA A100-SXM4-40GB MIG 4g.20gb (0),1,,13,"void convert_kernel<__half2, float2>(tensor_layout_any, T1 *, tensor_layout_any, const T2 *)"
1880990610,9216,8783,,,,,,,,,,0.094,10166.578,Pinned,Device,NVIDIA A100-SXM4-40GB MIG 4g.20gb (0),1,,13,[CUDA memcpy Host-to-Device]
1881059665,50847,8784,,,,,,,,,,35.810,704237.887,Device,,NVIDIA A100-SXM4-40GB MIG 4g.20gb (0),1,,13,[CUDA memset]
1881117488,1824,8786,,,,,,,,,,0.000,43.860,Pinned,Device,NVIDIA A100-SXM4-40GB MIG 4g.20gb (0),1,,13,[CUDA memcpy Host-to-Device]
1881122192,9888,8787,,,,,,,,,,0.197,19883.360,Pinned,Device,NVIDIA A100-SXM4-40GB MIG 4g.20gb (0),1,,13,[CUDA memcpy Host-to-Device]
1881487724,16224,8788,273,1,1,48,1,1,40,0.000,0.001,,,,,NVIDIA A100-SXM4-40GB MIG 4g.20gb (0),1,,13,"void pusch_noise_intf_est::noiseIntfEstNoDftSOfdmKernel<float, __half, float, float, (unsigned int)2, (unsigned int)1, (unsigned char)4, (unsigned char)4>(pusch_noise_intf_est::puschRxNoiseIntfEstDynDescr)"
1881859048,8480,8799,35,1,1,128,1,1,16,0.000,0.000,,,,,NVIDIA A100-SXM4-40GB MIG 4g.20gb (0),1,,13,cupy_copy__complex64_complex64
1882215812,5312,8808,1,1,1,1,1,1,18,0.000,0.000,,,,,NVIDIA A100-SXM4-40GB MIG 4g.20gb (0),1,,13,cupy_copy__float32_float32
1882229156,2240,8814,,,,,,,,,,0.000,1.786,Device,Pageable,NVIDIA A100-SXM4-40GB MIG 4g.20gb (0),1,,7,[CUDA memcpy Device-to-Host]
1882600255,18752,8825,1434,1,1,128,1,1,16,0.000,0.000,,,,,NVIDIA A100-SXM4-40GB MIG 4g.20gb (0),1,,13,cupy_copy__complex64_complex64
1882887356,5888,8832,103,1,1,128,1,1,16,0.000,0.000,,,,,NVIDIA A100-SXM4-40GB MIG 4g.20gb (0),1,,13,cupy_copy__complex64_complex64
1882895164,4640,8839,35,1,1,128,1,1,16,0.000,0.000,,,,,NVIDIA A100-SXM4-40GB MIG 4g.20gb (0),1,,13,cupy_copy__complex64_complex64
1882920092,2880,8846,1,1,1,1,1,1,18,0.000,0.000,,,,,NVIDIA A100-SXM4-40GB MIG 4g.20gb (0),1,,13,cupy_copy__float32_float32
1883097273,203678,8857,1,1,1,32,32,1,30,0.000,0.000,,,,,NVIDIA A100-SXM4-40GB MIG 4g.20gb (0),1,,13,"void convert_kernel<__half2, float2>(tensor_layout_any, T1 *, tensor_layout_any, const T2 *)"
1883332823,7104,8860,,,,,,,,,,0.094,13189.117,Pinned,Device,NVIDIA A100-SXM4-40GB MIG 4g.20gb (0),1,,13,[CUDA memcpy Host-to-Device]
1883437462,6815,8861,,,,,,,,,,1.547,226943.873,Device,,NVIDIA A100-SXM4-40GB MIG 4g.20gb (0),1,,13,[CUDA memset]
1883446965,3584,8866,,,,,,,,,,0.031,8732.116,Pinned,Device,NVIDIA A100-SXM4-40GB MIG 4g.20gb (0),1,,13,[CUDA memcpy Host-to-Device]
1883454933,9504,8867,,,,,,,,,,0.197,20686.701,Pinned,Device,NVIDIA A100-SXM4-40GB MIG 4g.20gb (0),1,,13,[CUDA memcpy Host-to-Device]
1883644115,14880,8868,273,1,1,8,4,1,39,0.002,0.000,,,,,NVIDIA A100-SXM4-40GB MIG 4g.20gb (0),1,,13,"void channel_eq::eqMmseCoefCompLowMimoKernel<float, float, float, (unsigned int)4, (unsigned int)1, (unsigned int)4>(const channel_eq::_puschRxChEqStatDescr *, channel_eq::_puschRxChEqCoefCompDynDescr)"
1883718194,15904,8869,273,1,1,12,11,1,51,0.002,0.000,,,,,NVIDIA A100-SXM4-40GB MIG 4g.20gb (0),1,,13,"void channel_eq::eqMmseSoftDemapKernel<float, __half, __half, float, (unsigned int)4, (unsigned short)16383>(channel_eq::_puschRxChEqStatDescr *, channel_eq::_puschRxChEqSoftDemapDynDescr)"
1883927376,690904,8870,1,1,1,32,32,1,30,0.000,0.000,,,,,NVIDIA A100-SXM4-40GB MIG 4g.20gb (0),1,,13,"void convert_kernel<float2, __half2>(tensor_layout_any, T1 *, tensor_layout_any, const T2 *)"
1884855429,19328,8882,2253,1,1,128,1,1,16,0.000,0.000,,,,,NVIDIA A100-SXM4-40GB MIG 4g.20gb (0),1,,13,cupy_copy__float16_float16
1885225985,5344,8891,282,1,1,128,1,1,16,0.000,0.000,,,,,NVIDIA A100-SXM4-40GB MIG 4g.20gb (0),1,,13,cupy_copy__complex64_complex64
1885584957,4256,8900,26,1,1,128,1,1,16,0.000,0.000,,,,,NVIDIA A100-SXM4-40GB MIG 4g.20gb (0),1,,13,cupy_copy__float32_float32
1885954904,5440,8909,103,1,1,128,1,1,16,0.000,0.000,,,,,NVIDIA A100-SXM4-40GB MIG 4g.20gb (0),1,,13,cupy_copy__complex64_complex64
1886321364,18016,8919,1434,1,1,128,1,1,16,0.000,0.000,,,,,NVIDIA A100-SXM4-40GB MIG 4g.20gb (0),1,,13,cupy_copy__complex64_complex64
1886698576,253117,8924,1,1,1,32,32,1,30,0.000,0.000,,,,,NVIDIA A100-SXM4-40GB MIG 4g.20gb (0),1,,13,"void convert_kernel<__half2, float2>(tensor_layout_any, T1 *, tensor_layout_any, const T2 *)"
1886983341,7839,8927,,,,,,,,,,0.094,11952.518,Pinned,Device,NVIDIA A100-SXM4-40GB MIG 4g.20gb (0),1,,13,[CUDA memcpy Host-to-Device]
1887073771,604409,8928,,,,,,,,,,456.561,755152.622,Device,,NVIDIA A100-SXM4-40GB MIG 4g.20gb (0),1,,13,[CUDA memset]
1887681412,51904,8933,,,,,,,,,,1.235,23792.431,Pinned,Device,NVIDIA A100-SXM4-40GB MIG 4g.20gb (0),1,,13,[CUDA memcpy Host-to-Device]
1887735972,14848,8934,,,,,,,,,,0.197,13241.352,Pinned,Device,NVIDIA A100-SXM4-40GB MIG 4g.20gb (0),1,,13,[CUDA memcpy Host-to-Device]
1888050048,16768,8935,69,4,1,48,1,1,76,0.002,0.000,,,,,NVIDIA A100-SXM4-40GB MIG 4g.20gb (0),1,,13,"void ch_est::windowedChEstPreNoDftSOfdmKernel<float, __half, float, (unsigned int)2, (unsigned int)1, (unsigned short)4>(ch_est::puschRxChEstStatDescr_t *, ch_est::puschRxChEstDynDescr_t *)"
1888336061,24320,8936,137,2,1,24,2,1,44,0.001,0.001,,,,,NVIDIA A100-SXM4-40GB MIG 4g.20gb (0),1,,13,"void ch_est::chEstFilterNoDftSOfdmDispatchKernel<float, __half, float, (unsigned int)2>(ch_est::puschRxChEstStatDescr_t *, ch_est::puschRxChEstDynDescr_t *)"
1888382140,14112,8937,137,2,1,24,2,1,44,0.001,0.001,,,,,NVIDIA A100-SXM4-40GB MIG 4g.20gb (0),1,,13,"void ch_est::chEstFilterNoDftSOfdmDispatchKernel<float, __half, float, (unsigned int)2>(ch_est::puschRxChEstStatDescr_t *, ch_est::puschRxChEstDynDescr_t *)"
1888631417,6304,8948,103,1,1,128,1,1,16,0.000,0.000,,,,,NVIDIA A100-SXM4-40GB MIG 4g.20gb (0),1,,13,cupy_copy__complex64_complex64
1888639001,15872,8958,1434,1,1,128,1,1,16,0.000,0.000,,,,,NVIDIA A100-SXM4-40GB MIG 4g.20gb (0),1,,13,cupy_copy__complex64_complex64
1888672953,4704,8965,103,1,1,128,1,1,16,0.000,0.000,,,,,NVIDIA A100-SXM4-40GB MIG 4g.20gb (0),1,,13,cupy_copy__complex64_complex64
1888679513,139774,8972,1,1,1,32,32,1,30,0.000,0.000,,,,,NVIDIA A100-SXM4-40GB MIG 4g.20gb (0),1,,13,"void convert_kernel<__half2, float2>(tensor_layout_any, T1 *, tensor_layout_any, const T2 *)"
1888847767,5376,8975,,,,,,,,,,0.094,17428.487,Pinned,Device,NVIDIA A100-SXM4-40GB MIG 4g.20gb (0),1,,13,[CUDA memcpy Host-to-Device]
1888944630,60575,8976,,,,,,,,,,35.810,591150.159,Device,,NVIDIA A100-SXM4-40GB MIG 4g.20gb (0),1,,13,[CUDA memset]
1889007541,1824,8978,,,,,,,,,,0.000,43.860,Pinned,Device,NVIDIA A100-SXM4-40GB MIG 4g.20gb (0),1,,13,[CUDA memcpy Host-to-Device]
1889011893,10112,8979,,,,,,,,,,0.197,19442.958,Pinned,Device,NVIDIA A100-SXM4-40GB MIG 4g.20gb (0),1,,13,[CUDA memcpy Host-to-Device]
1889279442,17344,8980,273,1,1,48,1,1,40,0.000,0.001,,,,,NVIDIA A100-SXM4-40GB MIG 4g.20gb (0),1,,13,"void pusch_noise_intf_est::noiseIntfEstNoDftSOfdmKernel<float, __half, float, float, (unsigned int)2, (unsigned int)1, (unsigned char)4, (unsigned char)4>(pusch_noise_intf_est::puschRxNoiseIntfEstDynDescr)"
1889436784,4992,8991,35,1,1,128,1,1,16,0.000,0.000,,,,,NVIDIA A100-SXM4-40GB MIG 4g.20gb (0),1,,13,cupy_copy__complex64_complex64
1889678829,3392,9000,1,1,1,1,1,1,18,0.000,0.000,,,,,NVIDIA A100-SXM4-40GB MIG 4g.20gb (0),1,,13,cupy_copy__float32_float32
1889683789,1664,9006,,,,,,,,,,0.000,2.404,Device,Pageable,NVIDIA A100-SXM4-40GB MIG 4g.20gb (0),1,,7,[CUDA memcpy Device-to-Host]
1889821004,22399,9017,1434,1,1,128,1,1,16,0.000,0.000,,,,,NVIDIA A100-SXM4-40GB MIG 4g.20gb (0),1,,13,cupy_copy__complex64_complex64
1890106696,6144,9024,103,1,1,128,1,1,16,0.000,0.000,,,,,NVIDIA A100-SXM4-40GB MIG 4g.20gb (0),1,,13,cupy_copy__complex64_complex64
1890183655,4608,9031,35,1,1,128,1,1,16,0.000,0.000,,,,,NVIDIA A100-SXM4-40GB MIG 4g.20gb (0),1,,13,cupy_copy__complex64_complex64
1890419077,3488,9038,1,1,1,1,1,1,18,0.000,0.000,,,,,NVIDIA A100-SXM4-40GB MIG 4g.20gb (0),1,,13,cupy_copy__float32_float32
1890578275,259517,9049,1,1,1,32,32,1,30,0.000,0.000,,,,,NVIDIA A100-SXM4-40GB MIG 4g.20gb (0),1,,13,"void convert_kernel<__half2, float2>(tensor_layout_any, T1 *, tensor_layout_any, const T2 *)"
1890872128,5887,9052,,,,,,,,,,0.094,15915.671,Pinned,Device,NVIDIA A100-SXM4-40GB MIG 4g.20gb (0),1,,13,[CUDA memcpy Host-to-Device]
1890945567,10496,9053,,,,,,,,,,1.547,147353.055,Device,,NVIDIA A100-SXM4-40GB MIG 4g.20gb (0),1,,13,[CUDA memset]
1890957855,5279,9058,,,,,,,,,,0.031,5928.370,Pinned,Device,NVIDIA A100-SXM4-40GB MIG 4g.20gb (0),1,,13,[CUDA memcpy Host-to-Device]
1890969278,10144,9059,,,,,,,,,,0.197,19381.617,Pinned,Device,NVIDIA A100-SXM4-40GB MIG 4g.20gb (0),1,,13,[CUDA memcpy Host-to-Device]
1891312826,14208,9060,273,1,1,8,4,1,39,0.002,0.000,,,,,NVIDIA A100-SXM4-40GB MIG 4g.20gb (0),1,,13,"void channel_eq::eqMmseCoefCompLowMimoKernel<float, float, float, (unsigned int)4, (unsigned int)1, (unsigned int)4>(const channel_eq::_puschRxChEqStatDescr *, channel_eq::_puschRxChEqCoefCompDynDescr)"
1891682230,18912,9061,273,1,1,12,11,1,51,0.002,0.000,,,,,NVIDIA A100-SXM4-40GB MIG 4g.20gb (0),1,,13,"void channel_eq::eqMmseSoftDemapKernel<float, __half, __half, float, (unsigned int)4, (unsigned short)16383>(channel_eq::_puschRxChEqStatDescr *, channel_eq::_puschRxChEqSoftDemapDynDescr)"
1892063122,726999,9062,1,1,1,32,32,1,30,0.000,0.000,,,,,NVIDIA A100-SXM4-40GB MIG 4g.20gb (0),1,,13,"void convert_kernel<float2, __half2>(tensor_layout_any, T1 *, tensor_layout_any, const T2 *)"
1893028071,17247,9074,2253,1,1,128,1,1,16,0.000,0.000,,,,,NVIDIA A100-SXM4-40GB MIG 4g.20gb (0),1,,13,cupy_copy__float16_float16
1893109382,6048,9083,282,1,1,128,1,1,16,0.000,0.000,,,,,NVIDIA A100-SXM4-40GB MIG 4g.20gb (0),1,,13,cupy_copy__complex64_complex64
1893117350,2112,9092,26,1,1,128,1,1,16,0.000,0.000,,,,,NVIDIA A100-SXM4-40GB MIG 4g.20gb (0),1,,13,cupy_copy__float32_float32
1893131781,9440,9101,103,1,1,128,1,1,16,0.000,0.000,,,,,NVIDIA A100-SXM4-40GB MIG 4g.20gb (0),1,,13,cupy_copy__complex64_complex64
1893306339,19904,9111,1434,1,1,128,1,1,16,0.000,0.000,,,,,NVIDIA A100-SXM4-40GB MIG 4g.20gb (0),1,,13,cupy_copy__complex64_complex64
1893378243,205981,9116,1,1,1,32,32,1,30,0.000,0.000,,,,,NVIDIA A100-SXM4-40GB MIG 4g.20gb (0),1,,13,"void convert_kernel<__half2, float2>(tensor_layout_any, T1 *, tensor_layout_any, const T2 *)"
1893616928,10400,9119,,,,,,,,,,0.094,9009.151,Pinned,Device,NVIDIA A100-SXM4-40GB MIG 4g.20gb (0),1,,13,[CUDA memcpy Host-to-Device]
1893709471,611865,9120,,,,,,,,,,456.561,746021.393,Device,,NVIDIA A100-SXM4-40GB MIG 4g.20gb (0),1,,13,[CUDA memset]
1894328440,51487,9125,,,,,,,,,,1.235,23985.082,Pinned,Device,NVIDIA A100-SXM4-40GB MIG 4g.20gb (0),1,,13,[CUDA memcpy Host-to-Device]
1894383255,11264,9126,,,,,,,,,,0.197,17454.465,Pinned,Device,NVIDIA A100-SXM4-40GB MIG 4g.20gb (0),1,,13,[CUDA memcpy Host-to-Device]
1894716275,18144,9127,69,4,1,48,1,1,76,0.002,0.000,,,,,NVIDIA A100-SXM4-40GB MIG 4g.20gb (0),1,,13,"void ch_est::windowedChEstPreNoDftSOfdmKernel<float, __half, float, (unsigned int)2, (unsigned int)1, (unsigned short)4>(ch_est::puschRxChEstStatDescr_t *, ch_est::puschRxChEstDynDescr_t *)"
1894822610,16352,9128,137,2,1,24,2,1,44,0.001,0.001,,,,,NVIDIA A100-SXM4-40GB MIG 4g.20gb (0),1,,13,"void ch_est::chEstFilterNoDftSOfdmDispatchKernel<float, __half, float, (unsigned int)2>(ch_est::puschRxChEstStatDescr_t *, ch_est::puschRxChEstDynDescr_t *)"
1895112654,16064,9129,137,2,1,24,2,1,44,0.001,0.001,,,,,NVIDIA A100-SXM4-40GB MIG 4g.20gb (0),1,,13,"void ch_est::chEstFilterNoDftSOfdmDispatchKernel<float, __half, float, (unsigned int)2>(ch_est::puschRxChEstStatDescr_t *, ch_est::puschRxChEstDynDescr_t *)"
1895218093,10112,9140,103,1,1,128,1,1,16,0.000,0.000,,,,,NVIDIA A100-SXM4-40GB MIG 4g.20gb (0),1,,13,cupy_copy__complex64_complex64
1895607721,19999,9150,1434,1,1,128,1,1,16,0.000,0.000,,,,,NVIDIA A100-SXM4-40GB MIG 4g.20gb (0),1,,13,cupy_copy__complex64_complex64
1896008676,5824,9157,103,1,1,128,1,1,16,0.000,0.000,,,,,NVIDIA A100-SXM4-40GB MIG 4g.20gb (0),1,,13,cupy_copy__complex64_complex64
1896364960,248573,9164,1,1,1,32,32,1,30,0.000,0.000,,,,,NVIDIA A100-SXM4-40GB MIG 4g.20gb (0),1,,13,"void convert_kernel<__half2, float2>(tensor_layout_any, T1 *, tensor_layout_any, const T2 *)"
1896644189,6848,9167,,,,,,,,,,0.094,13682.239,Pinned,Device,NVIDIA A100-SXM4-40GB MIG 4g.20gb (0),1,,13,[CUDA memcpy Host-to-Device]
1896753627,51136,9168,,,,,,,,,,35.810,700262.986,Device,,NVIDIA A100-SXM4-40GB MIG 4g.20gb (0),1,,13,[CUDA memset]
1896813531,1824,9170,,,,,,,,,,0.000,43.860,Pinned,Device,NVIDIA A100-SXM4-40GB MIG 4g.20gb (0),1,,13,[CUDA memcpy Host-to-Device]
1896818299,10624,9171,,,,,,,,,,0.197,18505.925,Pinned,Device,NVIDIA A100-SXM4-40GB MIG 4g.20gb (0),1,,13,[CUDA memcpy Host-to-Device]
1897185654,17728,9172,273,1,1,48,1,1,40,0.000,0.001,,,,,NVIDIA A100-SXM4-40GB MIG 4g.20gb (0),1,,13,"void pusch_noise_intf_est::noiseIntfEstNoDftSOfdmKernel<float, __half, float, float, (unsigned int)2, (unsigned int)1, (unsigned char)4, (unsigned char)4>(pusch_noise_intf_est::puschRxNoiseIntfEstDynDescr)"
1897563250,9472,9183,35,1,1,128,1,1,16,0.000,0.000,,,,,NVIDIA A100-SXM4-40GB MIG 4g.20gb (0),1,,13,cupy_copy__complex64_complex64
1897927886,3808,9192,1,1,1,1,1,1,18,0.000,0.000,,,,,NVIDIA A100-SXM4-40GB MIG 4g.20gb (0),1,,13,cupy_copy__float32_float32
1897939182,1248,9198,,,,,,,,,,0.000,3.205,Device,Pageable,NVIDIA A100-SXM4-40GB MIG 4g.20gb (0),1,,7,[CUDA memcpy Device-to-Host]
1898234346,17536,9209,1434,1,1,128,1,1,16,0.000,0.000,,,,,NVIDIA A100-SXM4-40GB MIG 4g.20gb (0),1,,13,cupy_copy__complex64_complex64
1898266666,4928,9216,103,1,1,128,1,1,16,0.000,0.000,,,,,NVIDIA A100-SXM4-40GB MIG 4g.20gb (0),1,,13,cupy_copy__complex64_complex64
1898447048,4896,9223,35,1,1,128,1,1,16,0.000,0.000,,,,,NVIDIA A100-SXM4-40GB MIG 4g.20gb (0),1,,13,cupy_copy__complex64_complex64
1898512423,7744,9230,1,1,1,1,1,1,18,0.000,0.000,,,,,NVIDIA A100-SXM4-40GB MIG 4g.20gb (0),1,,13,cupy_copy__float32_float32
1898522439,202494,9241,1,1,1,32,32,1,30,0.000,0.000,,,,,NVIDIA A100-SXM4-40GB MIG 4g.20gb (0),1,,13,"void convert_kernel<__half2, float2>(tensor_layout_any, T1 *, tensor_layout_any, const T2 *)"
1898755332,5376,9244,,,,,,,,,,0.094,17428.487,Pinned,Device,NVIDIA A100-SXM4-40GB MIG 4g.20gb (0),1,,13,[CUDA memcpy Host-to-Device]
1898807268,8128,9245,,,,,,,,,,1.547,190282.697,Device,,NVIDIA A100-SXM4-40GB MIG 4g.20gb (0),1,,13,[CUDA memset]
1898821860,3007,9250,,,,,,,,,,0.031,10407.704,Pinned,Device,NVIDIA A100-SXM4-40GB MIG 4g.20gb (0),1,,13,[CUDA memcpy Host-to-Device]
1898827299,9408,9251,,,,,,,,,,0.197,20897.858,Pinned,Device,NVIDIA A100-SXM4-40GB MIG 4g.20gb (0),1,,13,[CUDA memcpy Host-to-Device]
1899013281,13760,9252,273,1,1,8,4,1,39,0.002,0.000,,,,,NVIDIA A100-SXM4-40GB MIG 4g.20gb (0),1,,13,"void channel_eq::eqMmseCoefCompLowMimoKernel<float, float, float, (unsigned int)4, (unsigned int)1, (unsigned int)4>(const channel_eq::_puschRxChEqStatDescr *, channel_eq::_puschRxChEqCoefCompDynDescr)"
1899082465,29823,9253,273,1,1,12,11,1,51,0.002,0.000,,,,,NVIDIA A100-SXM4-40GB MIG 4g.20gb (0),1,,13,"void channel_eq::eqMmseSoftDemapKernel<float, __half, __half, float, (unsigned int)4, (unsigned short)16383>(channel_eq::_puschRxChEqStatDescr *, channel_eq::_puschRxChEqSoftDemapDynDescr)"
1899161120,730391,9254,1,1,1,32,32,1,30,0.000,0.000,,,,,NVIDIA A100-SXM4-40GB MIG 4g.20gb (0),1,,13,"void convert_kernel<float2, __half2>(tensor_layout_any, T1 *, tensor_layout_any, const T2 *)"
1899961334,16736,9266,2253,1,1,128,1,1,16,0.000,0.000,,,,,NVIDIA A100-SXM4-40GB MIG 4g.20gb (0),1,,13,cupy_copy__float16_float16
1900338738,6272,9275,282,1,1,128,1,1,16,0.000,0.000,,,,,NVIDIA A100-SXM4-40GB MIG 4g.20gb (0),1,,13,cupy_copy__complex64_complex64
1900572751,3968,9284,26,1,1,128,1,1,16,0.000,0.000,,,,,NVIDIA A100-SXM4-40GB MIG 4g.20gb (0),1,,13,cupy_copy__float32_float32
1900717998,11615,9293,103,1,1,128,1,1,16,0.000,0.000,,,,,NVIDIA A100-SXM4-40GB MIG 4g.20gb (0),1,,13,cupy_copy__complex64_complex64
1901086889,20544,9303,1434,1,1,128,1,1,16,0.000,0.000,,,,,NVIDIA A100-SXM4-40GB MIG 4g.20gb (0),1,,13,cupy_copy__complex64_complex64
1901446085,248637,9308,1,1,1,32,32,1,30,0.000,0.000,,,,,NVIDIA A100-SXM4-40GB MIG 4g.20gb (0),1,,13,"void convert_kernel<__half2, float2>(tensor_layout_any, T1 *, tensor_layout_any, const T2 *)"
1901725186,5824,9311,,,,,,,,,,0.094,16087.884,Pinned,Device,NVIDIA A100-SXM4-40GB MIG 4g.20gb (0),1,,13,[CUDA memcpy Host-to-Device]
1901789601,600121,9312,,,,,,,,,,456.561,760631.359,Device,,NVIDIA A100-SXM4-40GB MIG 4g.20gb (0),1,,13,[CUDA memset]
1902393114,50912,9317,,,,,,,,,,1.235,24255.535,Pinned,Device,NVIDIA A100-SXM4-40GB MIG 4g.20gb (0),1,,13,[CUDA memcpy Host-to-Device]
1902446842,9311,9318,,,,,,,,,,0.197,21115.503,Pinned,Device,NVIDIA A100-SXM4-40GB MIG 4g.20gb (0),1,,13,[CUDA memcpy Host-to-Device]
1902743158,12544,9319,69,4,1,48,1,1,76,0.002,0.000,,,,,NVIDIA A100-SXM4-40GB MIG 4g.20gb (0),1,,13,"void ch_est::windowedChEstPreNoDftSOfdmKernel<float, __half, float, (unsigned int)2, (unsigned int)1, (unsigned short)4>(ch_est::puschRxChEstStatDescr_t *, ch_est::puschRxChEstDynDescr_t *)"
1903089746,14400,9320,137,2,1,24,2,1,44,0.001,0.001,,,,,NVIDIA A100-SXM4-40GB MIG 4g.20gb (0),1,,13,"void ch_est::chEstFilterNoDftSOfdmDispatchKernel<float, __half, float, (unsigned int)2>(ch_est::puschRxChEstStatDescr_t *, ch_est::puschRxChEstDynDescr_t *)"
1903308528,11999,9321,137,2,1,24,2,1,44,0.001,0.001,,,,,NVIDIA A100-SXM4-40GB MIG 4g.20gb (0),1,,13,"void ch_est::chEstFilterNoDftSOfdmDispatchKernel<float, __half, float, (unsigned int)2>(ch_est::puschRxChEstStatDescr_t *, ch_est::puschRxChEstDynDescr_t *)"
1903322159,3744,9332,103,1,1,128,1,1,16,0.000,0.000,,,,,NVIDIA A100-SXM4-40GB MIG 4g.20gb (0),1,,13,cupy_copy__complex64_complex64
1903328015,17408,9342,1434,1,1,128,1,1,16,0.000,0.000,,,,,NVIDIA A100-SXM4-40GB MIG 4g.20gb (0),1,,13,cupy_copy__complex64_complex64
1903346799,3520,9349,103,1,1,128,1,1,16,0.000,0.000,,,,,NVIDIA A100-SXM4-40GB MIG 4g.20gb (0),1,,13,cupy_copy__complex64_complex64
1903351983,119039,9356,1,1,1,32,32,1,30,0.000,0.000,,,,,NVIDIA A100-SXM4-40GB MIG 4g.20gb (0),1,,13,"void convert_kernel<__half2, float2>(tensor_layout_any, T1 *, tensor_layout_any, const T2 *)"
1903501773,5376,9359,,,,,,,,,,0.094,17428.487,Pinned,Device,NVIDIA A100-SXM4-40GB MIG 4g.20gb (0),1,,13,[CUDA memcpy Host-to-Device]
1903572749,69855,9360,,,,,,,,,,35.810,512619.005,Device,,NVIDIA A100-SXM4-40GB MIG 4g.20gb (0),1,,13,[CUDA memset]
1903649164,2752,9362,,,,,,,,,,0.000,29.070,Pinned,Device,NVIDIA A100-SXM4-40GB MIG 4g.20gb (0),1,,13,[CUDA memcpy Host-to-Device]
1903654668,9823,9363,,,,,,,,,,0.197,20014.891,Pinned,Device,NVIDIA A100-SXM4-40GB MIG 4g.20gb (0),1,,13,[CUDA memcpy Host-to-Device]
1903669387,14176,9364,273,1,1,48,1,1,40,0.000,0.001,,,,,NVIDIA A100-SXM4-40GB MIG 4g.20gb (0),1,,13,"void pusch_noise_intf_est::noiseIntfEstNoDftSOfdmKernel<float, __half, float, float, (unsigned int)2, (unsigned int)1, (unsigned char)4, (unsigned char)4>(pusch_noise_intf_est::puschRxNoiseIntfEstDynDescr)"
1903685099,3072,9375,35,1,1,128,1,1,16,0.000,0.000,,,,,NVIDIA A100-SXM4-40GB MIG 4g.20gb (0),1,,13,cupy_copy__complex64_complex64
1903689579,2112,9384,1,1,1,1,1,1,18,0.000,0.000,,,,,NVIDIA A100-SXM4-40GB MIG 4g.20gb (0),1,,13,cupy_copy__float32_float32
1903692459,1664,9390,,,,,,,,,,0.000,2.404,Device,Pageable,NVIDIA A100-SXM4-40GB MIG 4g.20gb (0),1,,7,[CUDA memcpy Device-to-Host]
1903762090,19552,9401,1434,1,1,128,1,1,16,0.000,0.000,,,,,NVIDIA A100-SXM4-40GB MIG 4g.20gb (0),1,,13,cupy_copy__complex64_complex64
1903800682,5088,9408,103,1,1,128,1,1,16,0.000,0.000,,,,,NVIDIA A100-SXM4-40GB MIG 4g.20gb (0),1,,13,cupy_copy__complex64_complex64
1903999080,7872,9415,35,1,1,128,1,1,16,0.000,0.000,,,,,NVIDIA A100-SXM4-40GB MIG 4g.20gb (0),1,,13,cupy_copy__complex64_complex64
1904085703,3904,9422,1,1,1,1,1,1,18,0.000,0.000,,,,,NVIDIA A100-SXM4-40GB MIG 4g.20gb (0),1,,13,cupy_copy__float32_float32
1904259269,246557,9433,1,1,1,32,32,1,30,0.000,0.000,,,,,NVIDIA A100-SXM4-40GB MIG 4g.20gb (0),1,,13,"void convert_kernel<__half2, float2>(tensor_layout_any, T1 *, tensor_layout_any, const T2 *)"
1904535681,5952,9436,,,,,,,,,,0.094,15741.865,Pinned,Device,NVIDIA A100-SXM4-40GB MIG 4g.20gb (0),1,,13,[CUDA memcpy Host-to-Device]
1904719423,6016,9437,,,,,,,,,,1.547,257084.481,Device,,NVIDIA A100-SXM4-40GB MIG 4g.20gb (0),1,,13,[CUDA memset]
1904726751,3744,9442,,,,,,,,,,0.031,8358.974,Pinned,Device,NVIDIA A100-SXM4-40GB MIG 4g.20gb (0),1,,13,[CUDA memcpy Host-to-Device]
1904735039,10176,9443,,,,,,,,,,0.197,19320.668,Pinned,Device,NVIDIA A100-SXM4-40GB MIG 4g.20gb (0),1,,13,[CUDA memcpy Host-to-Device]
1905090907,15232,9444,273,1,1,8,4,1,39,0.002,0.000,,,,,NVIDIA A100-SXM4-40GB MIG 4g.20gb (0),1,,13,"void channel_eq::eqMmseCoefCompLowMimoKernel<float, float, float, (unsigned int)4, (unsigned int)1, (unsigned int)4>(const channel_eq::_puschRxChEqStatDescr *, channel_eq::_puschRxChEqCoefCompDynDescr)"
1905482550,11296,9445,273,1,1,12,11,1,51,0.002,0.000,,,,,NVIDIA A100-SXM4-40GB MIG 4g.20gb (0),1,,13,"void channel_eq::eqMmseSoftDemapKernel<float, __half, __half, float, (unsigned int)4, (unsigned short)16383>(channel_eq::_puschRxChEqStatDescr *, channel_eq::_puschRxChEqSoftDemapDynDescr)"
1905875954,724920,9446,1,1,1,32,32,1,30,0.000,0.000,,,,,NVIDIA A100-SXM4-40GB MIG 4g.20gb (0),1,,13,"void convert_kernel<float2, __half2>(tensor_layout_any, T1 *, tensor_layout_any, const T2 *)"
1906701320,23072,9458,2253,1,1,128,1,1,16,0.000,0.000,,,,,NVIDIA A100-SXM4-40GB MIG 4g.20gb (0),1,,13,cupy_copy__float16_float16
1907030821,5407,9467,282,1,1,128,1,1,16,0.000,0.000,,,,,NVIDIA A100-SXM4-40GB MIG 4g.20gb (0),1,,13,cupy_copy__complex64_complex64
1907324961,4288,9476,26,1,1,128,1,1,16,0.000,0.000,,,,,NVIDIA A100-SXM4-40GB MIG 4g.20gb (0),1,,13,cupy_copy__float32_float32
1907483391,11136,9485,103,1,1,128,1,1,16,0.000,0.000,,,,,NVIDIA A100-SXM4-40GB MIG 4g.20gb (0),1,,13,cupy_copy__complex64_complex64
1907805884,18687,9495,1434,1,1,128,1,1,16,0.000,0.000,,,,,NVIDIA A100-SXM4-40GB MIG 4g.20gb (0),1,,13,cupy_copy__complex64_complex64
1908191607,276925,9500,1,1,1,32,32,1,30,0.000,0.000,,,,,NVIDIA A100-SXM4-40GB MIG 4g.20gb (0),1,,13,"void convert_kernel<__half2, float2>(tensor_layout_any, T1 *, tensor_layout_any, const T2 *)"
1908501588,5663,9503,,,,,,,,,,0.094,16545.214,Pinned,Device,NVIDIA A100-SXM4-40GB MIG 4g.20gb (0),1,,13,[CUDA memcpy Host-to-Device]
1908574995,611385,9504,,,,,,,,,,456.561,746477.954,Device,,NVIDIA A100-SXM4-40GB MIG 4g.20gb (0),1,,13,[CUDA memset]
1909194699,53824,9509,,,,,,,,,,1.235,22944.025,Pinned,Device,NVIDIA A100-SXM4-40GB MIG 4g.20gb (0),1,,13,[CUDA memcpy Host-to-Device]
1909250987,10336,9510,,,,,,,,,,0.197,19021.627,Pinned,Device,NVIDIA A100-SXM4-40GB MIG 4g.20gb (0),1,,13,[CUDA memcpy Host-to-Device]
1909505896,12832,9511,69,4,1,48,1,1,76,0.002,0.000,,,,,NVIDIA A100-SXM4-40GB MIG 4g.20gb (0),1,,13,"void ch_est::windowedChEstPreNoDftSOfdmKernel<float, __half, float, (unsigned int)2, (unsigned int)1, (unsigned short)4>(ch_est::puschRxChEstStatDescr_t *, ch_est::puschRxChEstDynDescr_t *)"
1909799204,11168,9512,137,2,1,24,2,1,44,0.001,0.001,,,,,NVIDIA A100-SXM4-40GB MIG 4g.20gb (0),1,,13,"void ch_est::chEstFilterNoDftSOfdmDispatchKernel<float, __half, float, (unsigned int)2>(ch_est::puschRxChEstStatDescr_t *, ch_est::puschRxChEstDynDescr_t *)"
1910067873,13568,9513,137,2,1,24,2,1,44,0.001,0.001,,,,,NVIDIA A100-SXM4-40GB MIG 4g.20gb (0),1,,13,"void ch_est::chEstFilterNoDftSOfdmDispatchKernel<float, __half, float, (unsigned int)2>(ch_est::puschRxChEstStatDescr_t *, ch_est::puschRxChEstDynDescr_t *)"
1910343934,6208,9524,103,1,1,128,1,1,16,0.000,0.000,,,,,NVIDIA A100-SXM4-40GB MIG 4g.20gb (0),1,,13,cupy_copy__complex64_complex64
1910518684,20032,9534,1434,1,1,128,1,1,16,0.000,0.000,,,,,NVIDIA A100-SXM4-40GB MIG 4g.20gb (0),1,,13,cupy_copy__complex64_complex64
1910672154,10592,9541,103,1,1,128,1,1,16,0.000,0.000,,,,,NVIDIA A100-SXM4-40GB MIG 4g.20gb (0),1,,13,cupy_copy__complex64_complex64
1911068726,248957,9548,1,1,1,32,32,1,30,0.000,0.000,,,,,NVIDIA A100-SXM4-40GB MIG 4g.20gb (0),1,,13,"void convert_kernel<__half2, float2>(tensor_layout_any, T1 *, tensor_layout_any, const T2 *)"
1911348019,5728,9551,,,,,,,,,,0.094,16357.541,Pinned,Device,NVIDIA A100-SXM4-40GB MIG 4g.20gb (0),1,,13,[CUDA memcpy Host-to-Device]
1911478865,49407,9552,,,,,,,,,,35.810,724792.781,Device,,NVIDIA A100-SXM4-40GB MIG 4g.20gb (0),1,,13,[CUDA memset]
1911533008,2176,9554,,,,,,,,,,0.000,36.765,Pinned,Device,NVIDIA A100-SXM4-40GB MIG 4g.20gb (0),1,,13,[CUDA memcpy Host-to-Device]
1911537648,9440,9555,,,,,,,,,,0.197,20827.079,Pinned,Device,NVIDIA A100-SXM4-40GB MIG 4g.20gb (0),1,,13,[CUDA memcpy Host-to-Device]
1911941292,18367,9556,273,1,1,48,1,1,40,0.000,0.001,,,,,NVIDIA A100-SXM4-40GB MIG 4g.20gb (0),1,,13,"void pusch_noise_intf_est::noiseIntfEstNoDftSOfdmKernel<float, __half, float, float, (unsigned int)2, (unsigned int)1, (unsigned char)4, (unsigned char)4>(pusch_noise_intf_est::puschRxNoiseIntfEstDynDescr)"
1912352807,9056,9567,35,1,1,128,1,1,16,0.000,0.000,,,,,NVIDIA A100-SXM4-40GB MIG 4g.20gb (0),1,,13,cupy_copy__complex64_complex64
1912667555,3840,9576,1,1,1,1,1,1,18,0.000,0.000,,,,,NVIDIA A100-SXM4-40GB MIG 4g.20gb (0),1,,13,cupy_copy__float32_float32
1912675075,5696,9582,,,,,,,,,,0.000,0.702,Device,Pageable,NVIDIA A100-SXM4-40GB MIG 4g.20gb (0),1,,7,[CUDA memcpy Device-to-Host]
1913084926,16960,9593,1434,1,1,128,1,1,16,0.000,0.000,,,,,NVIDIA A100-SXM4-40GB MIG 4g.20gb (0),1,,13,cupy_copy__complex64_complex64
1913509818,4416,9600,103,1,1,128,1,1,16,0.000,0.000,,,,,NVIDIA A100-SXM4-40GB MIG 4g.20gb (0),1,,13,cupy_copy__complex64_complex64
1913818550,7904,9607,35,1,1,128,1,1,16,0.000,0.000,,,,,NVIDIA A100-SXM4-40GB MIG 4g.20gb (0),1,,13,cupy_copy__complex64_complex64
1914009876,5600,9614,1,1,1,1,1,1,18,0.000,0.000,,,,,NVIDIA A100-SXM4-40GB MIG 4g.20gb (0),1,,13,cupy_copy__float32_float32
1914324720,272093,9625,1,1,1,32,32,1,30,0.000,0.000,,,,,NVIDIA A100-SXM4-40GB MIG 4g.20gb (0),1,,13,"void convert_kernel<__half2, float2>(tensor_layout_any, T1 *, tensor_layout_any, const T2 *)"
1914627341,6560,9628,,,,,,,,,,0.094,14282.925,Pinned,Device,NVIDIA A100-SXM4-40GB MIG 4g.20gb (0),1,,13,[CUDA memcpy Host-to-Device]
1914813610,6432,9629,,,,,,,,,,1.547,240456.727,Device,,NVIDIA A100-SXM4-40GB MIG 4g.20gb (0),1,,13,[CUDA memset]
1914820554,3040,9634,,,,,,,,,,0.031,10294.725,Pinned,Device,NVIDIA A100-SXM4-40GB MIG 4g.20gb (0),1,,13,[CUDA memcpy Host-to-Device]
1914826314,9472,9635,,,,,,,,,,0.197,20756.693,Pinned,Device,NVIDIA A100-SXM4-40GB MIG 4g.20gb (0),1,,13,[CUDA memcpy Host-to-Device]
1915122823,12160,9636,273,1,1,8,4,1,39,0.002,0.000,,,,,NVIDIA A100-SXM4-40GB MIG 4g.20gb (0),1,,13,"void channel_eq::eqMmseCoefCompLowMimoKernel<float, float, float, (unsigned int)4, (unsigned int)1, (unsigned int)4>(const channel_eq::_puschRxChEqStatDescr *, channel_eq::_puschRxChEqCoefCompDynDescr)"
1915374788,11712,9637,273,1,1,12,11,1,51,0.002,0.000,,,,,NVIDIA A100-SXM4-40GB MIG 4g.20gb (0),1,,13,"void channel_eq::eqMmseSoftDemapKernel<float, __half, __half, float, (unsigned int)4, (unsigned short)16383>(channel_eq::_puschRxChEqStatDescr *, channel_eq::_puschRxChEqSoftDemapDynDescr)"
1915652257,559545,9638,1,1,1,32,32,1,30,0.000,0.000,,,,,NVIDIA A100-SXM4-40GB MIG 4g.20gb (0),1,,13,"void convert_kernel<float2, __half2>(tensor_layout_any, T1 *, tensor_layout_any, const T2 *)"
1916306425,21216,9650,2253,1,1,128,1,1,16,0.000,0.000,,,,,NVIDIA A100-SXM4-40GB MIG 4g.20gb (0),1,,13,cupy_copy__float16_float16
1916739860,6336,9659,282,1,1,128,1,1,16,0.000,0.000,,,,,NVIDIA A100-SXM4-40GB MIG 4g.20gb (0),1,,13,cupy_copy__complex64_complex64
1917060112,3392,9668,26,1,1,128,1,1,16,0.000,0.000,,,,,NVIDIA A100-SXM4-40GB MIG 4g.20gb (0),1,,13,cupy_copy__float32_float32
1917373517,8480,9677,103,1,1,128,1,1,16,0.000,0.000,,,,,NVIDIA A100-SXM4-40GB MIG 4g.20gb (0),1,,13,cupy_copy__complex64_complex64
1917557227,23871,9687,1434,1,1,128,1,1,16,0.000,0.000,,,,,NVIDIA A100-SXM4-40GB MIG 4g.20gb (0),1,,13,cupy_copy__complex64_complex64
1917988678,247741,9692,1,1,1,32,32,1,30,0.000,0.000,,,,,NVIDIA A100-SXM4-40GB MIG 4g.20gb (0),1,,13,"void convert_kernel<__half2, float2>(tensor_layout_any, T1 *, tensor_layout_any, const T2 *)"
1918267746,5888,9695,,,,,,,,,,0.094,15912.954,Pinned,Device,NVIDIA A100-SXM4-40GB MIG 4g.20gb (0),1,,13,[CUDA memcpy Host-to-Device]
1918409921,610617,9696,,,,,,,,,,456.561,747391.077,Device,,NVIDIA A100-SXM4-40GB MIG 4g.20gb (0),1,,13,[CUDA memset]
1919028794,58431,9701,,,,,,,,,,1.235,21134.832,Pinned,Device,NVIDIA A100-SXM4-40GB MIG 4g.20gb (0),1,,13,[CUDA memcpy Host-to-Device]
1919091961,9984,9702,,,,,,,,,,0.197,19692.257,Pinned,Device,NVIDIA A100-SXM4-40GB MIG 4g.20gb (0),1,,13,[CUDA memcpy Host-to-Device]
1919459349,13120,9703,69,4,1,48,1,1,76,0.002,0.000,,,,,NVIDIA A100-SXM4-40GB MIG 4g.20gb (0),1,,13,"void ch_est::windowedChEstPreNoDftSOfdmKernel<float, __half, float, (unsigned int)2, (unsigned int)1, (unsigned short)4>(ch_est::puschRxChEstStatDescr_t *, ch_est::puschRxChEstDynDescr_t *)"
1919906224,13951,9704,137,2,1,24,2,1,44,0.001,0.001,,,,,NVIDIA A100-SXM4-40GB MIG 4g.20gb (0),1,,13,"void ch_est::chEstFilterNoDftSOfdmDispatchKernel<float, __half, float, (unsigned int)2>(ch_est::puschRxChEstStatDescr_t *, ch_est::puschRxChEstDynDescr_t *)"
1920176588,12608,9705,137,2,1,24,2,1,44,0.001,0.001,,,,,NVIDIA A100-SXM4-40GB MIG 4g.20gb (0),1,,13,"void ch_est::chEstFilterNoDftSOfdmDispatchKernel<float, __half, float, (unsigned int)2>(ch_est::puschRxChEstStatDescr_t *, ch_est::puschRxChEstDynDescr_t *)"
1920358282,6624,9716,103,1,1,128,1,1,16,0.000,0.000,,,,,NVIDIA A100-SXM4-40GB MIG 4g.20gb (0),1,,13,cupy_copy__complex64_complex64
1920777061,18624,9726,1434,1,1,128,1,1,16,0.000,0.000,,,,,NVIDIA A100-SXM4-40GB MIG 4g.20gb (0),1,,13,cupy_copy__complex64_complex64
1921193441,6752,9733,103,1,1,128,1,1,16,0.000,0.000,,,,,NVIDIA A100-SXM4-40GB MIG 4g.20gb (0),1,,13,cupy_copy__complex64_complex64
1921511069,245117,9740,1,1,1,32,32,1,30,0.000,0.000,,,,,NVIDIA A100-SXM4-40GB MIG 4g.20gb (0),1,,13,"void convert_kernel<__half2, float2>(tensor_layout_any, T1 *, tensor_layout_any, const T2 *)"
1921789434,17632,9743,,,,,,,,,,0.094,5313.969,Pinned,Device,NVIDIA A100-SXM4-40GB MIG 4g.20gb (0),1,,13,[CUDA memcpy Host-to-Device]
1922133878,65887,9744,,,,,,,,,,35.810,543487.156,Device,,NVIDIA A100-SXM4-40GB MIG 4g.20gb (0),1,,13,[CUDA memset]
1922208309,2432,9746,,,,,,,,,,0.000,32.895,Pinned,Device,NVIDIA A100-SXM4-40GB MIG 4g.20gb (0),1,,13,[CUDA memcpy Host-to-Device]
1922214133,9792,9747,,,,,,,,,,0.197,20078.395,Pinned,Device,NVIDIA A100-SXM4-40GB MIG 4g.20gb (0),1,,13,[CUDA memcpy Host-to-Device]
1923769091,22432,9748,273,1,1,48,1,1,40,0.000,0.001,,,,,NVIDIA A100-SXM4-40GB MIG 4g.20gb (0),1,,13,"void pusch_noise_intf_est::noiseIntfEstNoDftSOfdmKernel<float, __half, float, float, (unsigned int)2, (unsigned int)1, (unsigned char)4, (unsigned char)4>(pusch_noise_intf_est::puschRxNoiseIntfEstDynDescr)"
1924179774,15488,9759,35,1,1,128,1,1,16,0.000,0.000,,,,,NVIDIA A100-SXM4-40GB MIG 4g.20gb (0),1,,13,cupy_copy__complex64_complex64
1925733260,3264,9768,1,1,1,1,1,1,18,0.000,0.000,,,,,NVIDIA A100-SXM4-40GB MIG 4g.20gb (0),1,,13,cupy_copy__float32_float32
1925739436,4032,9774,,,,,,,,,,0.000,0.992,Device,Pageable,NVIDIA A100-SXM4-40GB MIG 4g.20gb (0),1,,7,[CUDA memcpy Device-to-Host]
1926139847,20608,9785,1434,1,1,128,1,1,16,0.000,0.000,,,,,NVIDIA A100-SXM4-40GB MIG 4g.20gb (0),1,,13,cupy_copy__complex64_complex64
1926423652,5664,9792,103,1,1,128,1,1,16,0.000,0.000,,,,,NVIDIA A100-SXM4-40GB MIG 4g.20gb (0),1,,13,cupy_copy__complex64_complex64
1926456964,13120,9799,35,1,1,128,1,1,16,0.000,0.000,,,,,NVIDIA A100-SXM4-40GB MIG 4g.20gb (0),1,,13,cupy_copy__complex64_complex64
1926731233,4416,9806,1,1,1,1,1,1,18,0.000,0.000,,,,,NVIDIA A100-SXM4-40GB MIG 4g.20gb (0),1,,13,cupy_copy__float32_float32
1926910878,304605,9817,1,1,1,32,32,1,30,0.000,0.000,,,,,NVIDIA A100-SXM4-40GB MIG 4g.20gb (0),1,,13,"void convert_kernel<__half2, float2>(tensor_layout_any, T1 *, tensor_layout_any, const T2 *)"
1927248283,7487,9820,,,,,,,,,,0.094,12514.413,Pinned,Device,NVIDIA A100-SXM4-40GB MIG 4g.20gb (0),1,,13,[CUDA memcpy Host-to-Device]
1927534839,9312,9821,,,,,,,,,,1.547,166088.858,Device,,NVIDIA A100-SXM4-40GB MIG 4g.20gb (0),1,,13,[CUDA memset]
1927547959,3104,9826,,,,,,,,,,0.031,10082.445,Pinned,Device,NVIDIA A100-SXM4-40GB MIG 4g.20gb (0),1,,13,[CUDA memcpy Host-to-Device]
1927561079,18176,9827,,,,,,,,,,0.197,10816.782,Pinned,Device,NVIDIA A100-SXM4-40GB MIG 4g.20gb (0),1,,13,[CUDA memcpy Host-to-Device]
1929343394,18656,9828,273,1,1,8,4,1,39,0.002,0.000,,,,,NVIDIA A100-SXM4-40GB MIG 4g.20gb (0),1,,13,"void channel_eq::eqMmseCoefCompLowMimoKernel<float, float, float, (unsigned int)4, (unsigned int)1, (unsigned int)4>(const channel_eq::_puschRxChEqStatDescr *, channel_eq::_puschRxChEqCoefCompDynDescr)"
1931147309,21152,9829,273,1,1,12,11,1,51,0.002,0.000,,,,,NVIDIA A100-SXM4-40GB MIG 4g.20gb (0),1,,13,"void channel_eq::eqMmseSoftDemapKernel<float, __half, __half, float, (unsigned int)4, (unsigned short)16383>(channel_eq::_puschRxChEqStatDescr *, channel_eq::_puschRxChEqSoftDemapDynDescr)"
1931543657,607417,9830,1,1,1,32,32,1,30,0.000,0.000,,,,,NVIDIA A100-SXM4-40GB MIG 4g.20gb (0),1,,13,"void convert_kernel<float2, __half2>(tensor_layout_any, T1 *, tensor_layout_any, const T2 *)"
1932320608,22496,9842,2253,1,1,128,1,1,16,0.000,0.000,,,,,NVIDIA A100-SXM4-40GB MIG 4g.20gb (0),1,,13,cupy_copy__float16_float16
1932662108,5152,9851,282,1,1,128,1,1,16,0.000,0.000,,,,,NVIDIA A100-SXM4-40GB MIG 4g.20gb (0),1,,13,cupy_copy__complex64_complex64
1933058007,5472,9860,26,1,1,128,1,1,16,0.000,0.000,,,,,NVIDIA A100-SXM4-40GB MIG 4g.20gb (0),1,,13,cupy_copy__float32_float32
1933392755,9120,9869,103,1,1,128,1,1,16,0.000,0.000,,,,,NVIDIA A100-SXM4-40GB MIG 4g.20gb (0),1,,13,cupy_copy__complex64_complex64
1935208094,27424,9879,1434,1,1,128,1,1,16,0.000,0.000,,,,,NVIDIA A100-SXM4-40GB MIG 4g.20gb (0),1,,13,cupy_copy__complex64_complex64
1935575098,256157,9884,1,1,1,32,32,1,30,0.000,0.000,,,,,NVIDIA A100-SXM4-40GB MIG 4g.20gb (0),1,,13,"void convert_kernel<__half2, float2>(tensor_layout_any, T1 *, tensor_layout_any, const T2 *)"
1935869719,5472,9887,,,,,,,,,,0.094,17122.757,Pinned,Device,NVIDIA A100-SXM4-40GB MIG 4g.20gb (0),1,,13,[CUDA memcpy Host-to-Device]
1937546179,626329,9888,,,,,,,,,,456.561,728672.058,Device,,NVIDIA A100-SXM4-40GB MIG 4g.20gb (0),1,,13,[CUDA memset]
1938175836,57727,9893,,,,,,,,,,1.235,21391.700,Pinned,Device,NVIDIA A100-SXM4-40GB MIG 4g.20gb (0),1,,13,[CUDA memcpy Host-to-Device]
1938235995,9536,9894,,,,,,,,,,0.197,20617.298,Pinned,Device,NVIDIA A100-SXM4-40GB MIG 4g.20gb (0),1,,13,[CUDA memcpy Host-to-Device]
1938517752,14496,9895,69,4,1,48,1,1,76,0.002,0.000,,,,,NVIDIA A100-SXM4-40GB MIG 4g.20gb (0),1,,13,"void ch_est::windowedChEstPreNoDftSOfdmKernel<float, __half, float, (unsigned int)2, (unsigned int)1, (unsigned short)4>(ch_est::puschRxChEstStatDescr_t *, ch_est::puschRxChEstDynDescr_t *)"
1938835764,11296,9896,137,2,1,24,2,1,44,0.001,0.001,,,,,NVIDIA A100-SXM4-40GB MIG 4g.20gb (0),1,,13,"void ch_est::chEstFilterNoDftSOfdmDispatchKernel<float, __half, float, (unsigned int)2>(ch_est::puschRxChEstStatDescr_t *, ch_est::puschRxChEstDynDescr_t *)"
1939102641,18176,9897,137,2,1,24,2,1,44,0.001,0.001,,,,,NVIDIA A100-SXM4-40GB MIG 4g.20gb (0),1,,13,"void ch_est::chEstFilterNoDftSOfdmDispatchKernel<float, __half, float, (unsigned int)2>(ch_est::puschRxChEstStatDescr_t *, ch_est::puschRxChEstDynDescr_t *)"
1939461581,9024,9908,103,1,1,128,1,1,16,0.000,0.000,,,,,NVIDIA A100-SXM4-40GB MIG 4g.20gb (0),1,,13,cupy_copy__complex64_complex64
1939855913,15807,9918,1434,1,1,128,1,1,16,0.000,0.000,,,,,NVIDIA A100-SXM4-40GB MIG 4g.20gb (0),1,,13,cupy_copy__complex64_complex64
1940258660,6112,9925,103,1,1,128,1,1,16,0.000,0.000,,,,,NVIDIA A100-SXM4-40GB MIG 4g.20gb (0),1,,13,cupy_copy__complex64_complex64
1940547489,276156,9932,1,1,1,32,32,1,30,0.000,0.000,,,,,NVIDIA A100-SXM4-40GB MIG 4g.20gb (0),1,,13,"void convert_kernel<__half2, float2>(tensor_layout_any, T1 *, tensor_layout_any, const T2 *)"
1940854941,6112,9935,,,,,,,,,,0.094,15329.790,Pinned,Device,NVIDIA A100-SXM4-40GB MIG 4g.20gb (0),1,,13,[CUDA memcpy Host-to-Device]
1942578665,59295,9936,,,,,,,,,,35.810,603898.491,Device,,NVIDIA A100-SXM4-40GB MIG 4g.20gb (0),1,,13,[CUDA memset]
1942641576,7200,9938,,,,,,,,,,0.000,11.111,Pinned,Device,NVIDIA A100-SXM4-40GB MIG 4g.20gb (0),1,,13,[CUDA memcpy Host-to-Device]
1942656296,19328,9939,,,,,,,,,,0.197,10172.105,Pinned,Device,NVIDIA A100-SXM4-40GB MIG 4g.20gb (0),1,,13,[CUDA memcpy Host-to-Device]
1943088931,17920,9940,273,1,1,48,1,1,40,0.000,0.001,,,,,NVIDIA A100-SXM4-40GB MIG 4g.20gb (0),1,,13,"void pusch_noise_intf_est::noiseIntfEstNoDftSOfdmKernel<float, __half, float, float, (unsigned int)2, (unsigned int)1, (unsigned char)4, (unsigned char)4>(pusch_noise_intf_est::puschRxNoiseIntfEstDynDescr)"
1944916014,21216,9951,35,1,1,128,1,1,16,0.000,0.000,,,,,NVIDIA A100-SXM4-40GB MIG 4g.20gb (0),1,,13,cupy_copy__complex64_complex64
1945303466,9728,9960,1,1,1,1,1,1,18,0.000,0.000,,,,,NVIDIA A100-SXM4-40GB MIG 4g.20gb (0),1,,13,cupy_copy__float32_float32
1945320873,5184,9966,,,,,,,,,,0.000,0.772,Device,Pageable,NVIDIA A100-SXM4-40GB MIG 4g.20gb (0),1,,7,[CUDA memcpy Device-to-Host]
1945742437,28351,9977,1434,1,1,128,1,1,16,0.000,0.000,,,,,NVIDIA A100-SXM4-40GB MIG 4g.20gb (0),1,,13,cupy_copy__complex64_complex64
1946157248,18560,9984,103,1,1,128,1,1,16,0.000,0.000,,,,,NVIDIA A100-SXM4-40GB MIG 4g.20gb (0),1,,13,cupy_copy__complex64_complex64
1946470556,11360,9991,35,1,1,128,1,1,16,0.000,0.000,,,,,NVIDIA A100-SXM4-40GB MIG 4g.20gb (0),1,,13,cupy_copy__complex64_complex64
1946728377,2944,9998,1,1,1,1,1,1,18,0.000,0.000,,,,,NVIDIA A100-SXM4-40GB MIG 4g.20gb (0),1,,13,cupy_copy__float32_float32
1946907767,307165,10009,1,1,1,32,32,1,30,0.000,0.000,,,,,NVIDIA A100-SXM4-40GB MIG 4g.20gb (0),1,,13,"void convert_kernel<__half2, float2>(tensor_layout_any, T1 *, tensor_layout_any, const T2 *)"
1947245459,5440,10012,,,,,,,,,,0.094,17223.480,Pinned,Device,NVIDIA A100-SXM4-40GB MIG 4g.20gb (0),1,,13,[CUDA memcpy Host-to-Device]
1948972447,4800,10013,,,,,,,,,,1.547,322212.818,Device,,NVIDIA A100-SXM4-40GB MIG 4g.20gb (0),1,,13,[CUDA memset]
1948985855,8768,10018,,,,,,,,,,0.031,3569.340,Pinned,Device,NVIDIA A100-SXM4-40GB MIG 4g.20gb (0),1,,13,[CUDA memcpy Host-to-Device]
1949001951,16352,10019,,,,,,,,,,0.197,12023.366,Pinned,Device,NVIDIA A100-SXM4-40GB MIG 4g.20gb (0),1,,13,[CUDA memcpy Host-to-Device]
1950806602,10016,10020,273,1,1,8,4,1,39,0.002,0.000,,,,,NVIDIA A100-SXM4-40GB MIG 4g.20gb (0),1,,13,"void channel_eq::eqMmseCoefCompLowMimoKernel<float, float, float, (unsigned int)4, (unsigned int)1, (unsigned int)4>(const channel_eq::_puschRxChEqStatDescr *, channel_eq::_puschRxChEqCoefCompDynDescr)"
1951221285,10848,10021,273,1,1,12,11,1,51,0.002,0.000,,,,,NVIDIA A100-SXM4-40GB MIG 4g.20gb (0),1,,13,"void channel_eq::eqMmseSoftDemapKernel<float, __half, __half, float, (unsigned int)4, (unsigned short)16383>(channel_eq::_puschRxChEqStatDescr *, channel_eq::_puschRxChEqSoftDemapDynDescr)"
1951621601,690136,10022,1,1,1,32,32,1,30,0.000,0.000,,,,,NVIDIA A100-SXM4-40GB MIG 4g.20gb (0),1,,13,"void convert_kernel<float2, __half2>(tensor_layout_any, T1 *, tensor_layout_any, const T2 *)"
1952511158,16288,10034,2253,1,1,128,1,1,16,0.000,0.000,,,,,NVIDIA A100-SXM4-40GB MIG 4g.20gb (0),1,,13,cupy_copy__float16_float16
1952926097,7296,10043,282,1,1,128,1,1,16,0.000,0.000,,,,,NVIDIA A100-SXM4-40GB MIG 4g.20gb (0),1,,13,cupy_copy__complex64_complex64
1953331085,6688,10052,26,1,1,128,1,1,16,0.000,0.000,,,,,NVIDIA A100-SXM4-40GB MIG 4g.20gb (0),1,,13,cupy_copy__float32_float32
1953732072,8480,10061,103,1,1,128,1,1,16,0.000,0.000,,,,,NVIDIA A100-SXM4-40GB MIG 4g.20gb (0),1,,13,cupy_copy__complex64_complex64
1954139907,20128,10071,1434,1,1,128,1,1,16,0.000,0.000,,,,,NVIDIA A100-SXM4-40GB MIG 4g.20gb (0),1,,13,cupy_copy__complex64_complex64
1954556479,248285,10076,1,1,1,32,32,1,30,0.000,0.000,,,,,NVIDIA A100-SXM4-40GB MIG 4g.20gb (0),1,,13,"void convert_kernel<__half2, float2>(tensor_layout_any, T1 *, tensor_layout_any, const T2 *)"
1954836059,6176,10079,,,,,,,,,,0.094,15170.975,Pinned,Device,NVIDIA A100-SXM4-40GB MIG 4g.20gb (0),1,,13,[CUDA memcpy Host-to-Device]
1954876411,632537,10080,,,,,,,,,,456.561,721367.075,Device,,NVIDIA A100-SXM4-40GB MIG 4g.20gb (0),1,,13,[CUDA memset]
1955515955,51488,10085,,,,,,,,,,1.235,23985.082,Pinned,Device,NVIDIA A100-SXM4-40GB MIG 4g.20gb (0),1,,13,[CUDA memcpy Host-to-Device]
1955569939,9728,10086,,,,,,,,,,0.197,20210.516,Pinned,Device,NVIDIA A100-SXM4-40GB MIG 4g.20gb (0),1,,13,[CUDA memcpy Host-to-Device]
1955842000,12384,10087,69,4,1,48,1,1,76,0.002,0.000,,,,,NVIDIA A100-SXM4-40GB MIG 4g.20gb (0),1,,13,"void ch_est::windowedChEstPreNoDftSOfdmKernel<float, __half, float, (unsigned int)2, (unsigned int)1, (unsigned short)4>(ch_est::puschRxChEstStatDescr_t *, ch_est::puschRxChEstDynDescr_t *)"
1956094829,11488,10088,137,2,1,24,2,1,44,0.001,0.001,,,,,NVIDIA A100-SXM4-40GB MIG 4g.20gb (0),1,,13,"void ch_est::chEstFilterNoDftSOfdmDispatchKernel<float, __half, float, (unsigned int)2>(ch_est::puschRxChEstStatDescr_t *, ch_est::puschRxChEstDynDescr_t *)"
1956361386,11104,10089,137,2,1,24,2,1,44,0.001,0.001,,,,,NVIDIA A100-SXM4-40GB MIG 4g.20gb (0),1,,13,"void ch_est::chEstFilterNoDftSOfdmDispatchKernel<float, __half, float, (unsigned int)2>(ch_est::puschRxChEstStatDescr_t *, ch_est::puschRxChEstDynDescr_t *)"
1956622663,6912,10100,103,1,1,128,1,1,16,0.000,0.000,,,,,NVIDIA A100-SXM4-40GB MIG 4g.20gb (0),1,,13,cupy_copy__complex64_complex64
1956886052,20607,10110,1434,1,1,128,1,1,16,0.000,0.000,,,,,NVIDIA A100-SXM4-40GB MIG 4g.20gb (0),1,,13,cupy_copy__complex64_complex64
1957061346,6975,10117,103,1,1,128,1,1,16,0.000,0.000,,,,,NVIDIA A100-SXM4-40GB MIG 4g.20gb (0),1,,13,cupy_copy__complex64_complex64
1957371294,275741,10124,1,1,1,32,32,1,30,0.000,0.000,,,,,NVIDIA A100-SXM4-40GB MIG 4g.20gb (0),1,,13,"void convert_kernel<__half2, float2>(tensor_layout_any, T1 *, tensor_layout_any, const T2 *)"
1957685594,8480,10127,,,,,,,,,,0.094,11049.007,Pinned,Device,NVIDIA A100-SXM4-40GB MIG 4g.20gb (0),1,,13,[CUDA memcpy Host-to-Device]
1957831609,47199,10128,,,,,,,,,,35.810,758668.965,Device,,NVIDIA A100-SXM4-40GB MIG 4g.20gb (0),1,,13,[CUDA memset]
1957885176,5280,10130,,,,,,,,,,0.000,15.151,Pinned,Device,NVIDIA A100-SXM4-40GB MIG 4g.20gb (0),1,,13,[CUDA memcpy Host-to-Device]
1957893304,13888,10131,,,,,,,,,,0.197,14156.562,Pinned,Device,NVIDIA A100-SXM4-40GB MIG 4g.20gb (0),1,,13,[CUDA memcpy Host-to-Device]
1958263828,18591,10132,273,1,1,48,1,1,40,0.000,0.001,,,,,NVIDIA A100-SXM4-40GB MIG 4g.20gb (0),1,,13,"void pusch_noise_intf_est::noiseIntfEstNoDftSOfdmKernel<float, __half, float, float, (unsigned int)2, (unsigned int)1, (unsigned char)4, (unsigned char)4>(pusch_noise_intf_est::puschRxNoiseIntfEstDynDescr)"
1958650671,4992,10143,35,1,1,128,1,1,16,0.000,0.000,,,,,NVIDIA A100-SXM4-40GB MIG 4g.20gb (0),1,,13,cupy_copy__complex64_complex64
1959035595,4704,10152,1,1,1,1,1,1,18,0.000,0.000,,,,,NVIDIA A100-SXM4-40GB MIG 4g.20gb (0),1,,13,cupy_copy__float32_float32
1959048235,1824,10158,,,,,,,,,,0.000,2.193,Device,Pageable,NVIDIA A100-SXM4-40GB MIG 4g.20gb (0),1,,7,[CUDA memcpy Device-to-Host]
1959418406,19840,10169,1434,1,1,128,1,1,16,0.000,0.000,,,,,NVIDIA A100-SXM4-40GB MIG 4g.20gb (0),1,,13,cupy_copy__complex64_complex64
1959813890,6336,10176,103,1,1,128,1,1,16,0.000,0.000,,,,,NVIDIA A100-SXM4-40GB MIG 4g.20gb (0),1,,13,cupy_copy__complex64_complex64
1960116510,5280,10183,35,1,1,128,1,1,16,0.000,0.000,,,,,NVIDIA A100-SXM4-40GB MIG 4g.20gb (0),1,,13,cupy_copy__complex64_complex64
1960415963,3840,10190,1,1,1,1,1,1,18,0.000,0.000,,,,,NVIDIA A100-SXM4-40GB MIG 4g.20gb (0),1,,13,cupy_copy__float32_float32
1960578841,247677,10201,1,1,1,32,32,1,30,0.000,0.000,,,,,NVIDIA A100-SXM4-40GB MIG 4g.20gb (0),1,,13,"void convert_kernel<__half2, float2>(tensor_layout_any, T1 *, tensor_layout_any, const T2 *)"
1960857526,6080,10204,,,,,,,,,,0.094,15410.462,Pinned,Device,NVIDIA A100-SXM4-40GB MIG 4g.20gb (0),1,,13,[CUDA memcpy Host-to-Device]
1960891285,6752,10205,,,,,,,,,,1.547,229061.201,Device,,NVIDIA A100-SXM4-40GB MIG 4g.20gb (0),1,,13,[CUDA memset]
1960900725,4160,10210,,,,,,,,,,0.031,7523.058,Pinned,Device,NVIDIA A100-SXM4-40GB MIG 4g.20gb (0),1,,13,[CUDA memcpy Host-to-Device]
1960907733,10400,10211,,,,,,,,,,0.197,18904.449,Pinned,Device,NVIDIA A100-SXM4-40GB MIG 4g.20gb (0),1,,13,[CUDA memcpy Host-to-Device]
1961170258,14656,10212,273,1,1,8,4,1,39,0.002,0.000,,,,,NVIDIA A100-SXM4-40GB MIG 4g.20gb (0),1,,13,"void channel_eq::eqMmseCoefCompLowMimoKernel<float, float, float, (unsigned int)4, (unsigned int)1, (unsigned int)4>(const channel_eq::_puschRxChEqStatDescr *, channel_eq::_puschRxChEqCoefCompDynDescr)"
1961424079,17408,10213,273,1,1,12,11,1,51,0.002,0.000,,,,,NVIDIA A100-SXM4-40GB MIG 4g.20gb (0),1,,13,"void channel_eq::eqMmseSoftDemapKernel<float, __half, __half, float, (unsigned int)4, (unsigned short)16383>(channel_eq::_puschRxChEqStatDescr *, channel_eq::_puschRxChEqSoftDemapDynDescr)"
1961692684,681176,10214,1,1,1,32,32,1,30,0.000,0.000,,,,,NVIDIA A100-SXM4-40GB MIG 4g.20gb (0),1,,13,"void convert_kernel<float2, __half2>(tensor_layout_any, T1 *, tensor_layout_any, const T2 *)"
1962666689,15840,10226,2253,1,1,128,1,1,16,0.000,0.000,,,,,NVIDIA A100-SXM4-40GB MIG 4g.20gb (0),1,,13,cupy_copy__float16_float16
1963132987,5600,10235,282,1,1,128,1,1,16,0.000,0.000,,,,,NVIDIA A100-SXM4-40GB MIG 4g.20gb (0),1,,13,cupy_copy__complex64_complex64
1963626870,5440,10244,26,1,1,128,1,1,16,0.000,0.000,,,,,NVIDIA A100-SXM4-40GB MIG 4g.20gb (0),1,,13,cupy_copy__float32_float32
1964122608,7264,10253,103,1,1,128,1,1,16,0.000,0.000,,,,,NVIDIA A100-SXM4-40GB MIG 4g.20gb (0),1,,13,cupy_copy__complex64_complex64
1964604618,20800,10263,1434,1,1,128,1,1,16,0.000,0.000,,,,,NVIDIA A100-SXM4-40GB MIG 4g.20gb (0),1,,13,cupy_copy__complex64_complex64
1965109860,248126,10268,1,1,1,32,32,1,30,0.000,0.000,,,,,NVIDIA A100-SXM4-40GB MIG 4g.20gb (0),1,,13,"void convert_kernel<__half2, float2>(tensor_layout_any, T1 *, tensor_layout_any, const T2 *)"
1965397313,5760,10271,,,,,,,,,,0.094,16266.656,Pinned,Device,NVIDIA A100-SXM4-40GB MIG 4g.20gb (0),1,,13,[CUDA memcpy Host-to-Device]
1965604895,608377,10272,,,,,,,,,,456.561,750130.446,Device,,NVIDIA A100-SXM4-40GB MIG 4g.20gb (0),1,,13,[CUDA memset]
1966223960,59423,10277,,,,,,,,,,1.235,20781.638,Pinned,Device,NVIDIA A100-SXM4-40GB MIG 4g.20gb (0),1,,13,[CUDA memcpy Host-to-Device]
1966286007,9568,10278,,,,,,,,,,0.197,20548.485,Pinned,Device,NVIDIA A100-SXM4-40GB MIG 4g.20gb (0),1,,13,[CUDA memcpy Host-to-Device]
1966707282,16384,10279,69,4,1,48,1,1,76,0.002,0.000,,,,,NVIDIA A100-SXM4-40GB MIG 4g.20gb (0),1,,13,"void ch_est::windowedChEstPreNoDftSOfdmKernel<float, __half, float, (unsigned int)2, (unsigned int)1, (unsigned short)4>(ch_est::puschRxChEstStatDescr_t *, ch_est::puschRxChEstDynDescr_t *)"
1967085902,15199,10280,137,2,1,24,2,1,44,0.001,0.001,,,,,NVIDIA A100-SXM4-40GB MIG 4g.20gb (0),1,,13,"void ch_est::chEstFilterNoDftSOfdmDispatchKernel<float, __half, float, (unsigned int)2>(ch_est::puschRxChEstStatDescr_t *, ch_est::puschRxChEstDynDescr_t *)"
1967403818,12640,10281,137,2,1,24,2,1,44,0.001,0.001,,,,,NVIDIA A100-SXM4-40GB MIG 4g.20gb (0),1,,13,"void ch_est::chEstFilterNoDftSOfdmDispatchKernel<float, __half, float, (unsigned int)2>(ch_est::puschRxChEstStatDescr_t *, ch_est::puschRxChEstDynDescr_t *)"
1967791173,8480,10292,103,1,1,128,1,1,16,0.000,0.000,,,,,NVIDIA A100-SXM4-40GB MIG 4g.20gb (0),1,,13,cupy_copy__complex64_complex64
1968186401,21056,10302,1434,1,1,128,1,1,16,0.000,0.000,,,,,NVIDIA A100-SXM4-40GB MIG 4g.20gb (0),1,,13,cupy_copy__complex64_complex64
1968578492,8064,10309,103,1,1,128,1,1,16,0.000,0.000,,,,,NVIDIA A100-SXM4-40GB MIG 4g.20gb (0),1,,13,cupy_copy__complex64_complex64
1968839033,272701,10316,1,1,1,32,32,1,30,0.000,0.000,,,,,NVIDIA A100-SXM4-40GB MIG 4g.20gb (0),1,,13,"void convert_kernel<__half2, float2>(tensor_layout_any, T1 *, tensor_layout_any, const T2 *)"
1969143286,6848,10319,,,,,,,,,,0.094,13682.239,Pinned,Device,NVIDIA A100-SXM4-40GB MIG 4g.20gb (0),1,,13,[CUDA memcpy Host-to-Device]
1969423827,52639,10320,,,,,,,,,,35.810,680281.050,Device,,NVIDIA A100-SXM4-40GB MIG 4g.20gb (0),1,,13,[CUDA memset]
1969483026,6272,10322,,,,,,,,,,0.000,12.755,Pinned,Device,NVIDIA A100-SXM4-40GB MIG 4g.20gb (0),1,,13,[CUDA memcpy Host-to-Device]
1969491698,18943,10323,,,,,,,,,,0.197,10378.740,Pinned,Device,NVIDIA A100-SXM4-40GB MIG 4g.20gb (0),1,,13,[CUDA memcpy Host-to-Device]
1969859565,24064,10324,273,1,1,48,1,1,40,0.000,0.001,,,,,NVIDIA A100-SXM4-40GB MIG 4g.20gb (0),1,,13,"void pusch_noise_intf_est::noiseIntfEstNoDftSOfdmKernel<float, __half, float, float, (unsigned int)2, (unsigned int)1, (unsigned char)4, (unsigned char)4>(pusch_noise_intf_est::puschRxNoiseIntfEstDynDescr)"
1970236521,9920,10335,35,1,1,128,1,1,16,0.000,0.000,,,,,NVIDIA A100-SXM4-40GB MIG 4g.20gb (0),1,,13,cupy_copy__complex64_complex64
1970596613,3392,10344,1,1,1,1,1,1,18,0.000,0.000,,,,,NVIDIA A100-SXM4-40GB MIG 4g.20gb (0),1,,13,cupy_copy__float32_float32
1970603717,6560,10350,,,,,,,,,,0.000,0.610,Device,Pageable,NVIDIA A100-SXM4-40GB MIG 4g.20gb (0),1,,7,[CUDA memcpy Device-to-Host]
1971120671,17312,10361,1434,1,1,128,1,1,16,0.000,0.000,,,,,NVIDIA A100-SXM4-40GB MIG 4g.20gb (0),1,,13,cupy_copy__complex64_complex64
1971595929,5792,10368,103,1,1,128,1,1,16,0.000,0.000,,,,,NVIDIA A100-SXM4-40GB MIG 4g.20gb (0),1,,13,cupy_copy__complex64_complex64
1971926262,4863,10375,35,1,1,128,1,1,16,0.000,0.000,,,,,NVIDIA A100-SXM4-40GB MIG 4g.20gb (0),1,,13,cupy_copy__complex64_complex64
1972154771,10144,10382,1,1,1,1,1,1,18,0.000,0.000,,,,,NVIDIA A100-SXM4-40GB MIG 4g.20gb (0),1,,13,cupy_copy__float32_float32
1972542894,268093,10393,1,1,1,32,32,1,30,0.000,0.000,,,,,NVIDIA A100-SXM4-40GB MIG 4g.20gb (0),1,,13,"void convert_kernel<__half2, float2>(tensor_layout_any, T1 *, tensor_layout_any, const T2 *)"
1972867595,10336,10396,,,,,,,,,,0.094,9064.994,Pinned,Device,NVIDIA A100-SXM4-40GB MIG 4g.20gb (0),1,,13,[CUDA memcpy Host-to-Device]
1973076264,12288,10397,,,,,,,,,,1.547,125864.261,Device,,NVIDIA A100-SXM4-40GB MIG 4g.20gb (0),1,,13,[CUDA memset]
1973095816,4768,10402,,,,,,,,,,0.031,6563.741,Pinned,Device,NVIDIA A100-SXM4-40GB MIG 4g.20gb (0),1,,13,[CUDA memcpy Host-to-Device]
1973103496,10560,10403,,,,,,,,,,0.197,18617.991,Pinned,Device,NVIDIA A100-SXM4-40GB MIG 4g.20gb (0),1,,13,[CUDA memcpy Host-to-Device]
1973460068,23872,10404,273,1,1,8,4,1,39,0.002,0.000,,,,,NVIDIA A100-SXM4-40GB MIG 4g.20gb (0),1,,13,"void channel_eq::eqMmseCoefCompLowMimoKernel<float, float, float, (unsigned int)4, (unsigned int)1, (unsigned int)4>(const channel_eq::_puschRxChEqStatDescr *, channel_eq::_puschRxChEqCoefCompDynDescr)"
1973836831,27840,10405,273,1,1,12,11,1,51,0.002,0.000,,,,,NVIDIA A100-SXM4-40GB MIG 4g.20gb (0),1,,13,"void channel_eq::eqMmseSoftDemapKernel<float, __half, __half, float, (unsigned int)4, (unsigned short)16383>(channel_eq::_puschRxChEqStatDescr *, channel_eq::_puschRxChEqSoftDemapDynDescr)"
1974231323,679992,10406,1,1,1,32,32,1,30,0.000,0.000,,,,,NVIDIA A100-SXM4-40GB MIG 4g.20gb (0),1,,13,"void convert_kernel<float2, __half2>(tensor_layout_any, T1 *, tensor_layout_any, const T2 *)"
1974913139,15136,10418,2253,1,1,128,1,1,16,0.000,0.000,,,,,NVIDIA A100-SXM4-40GB MIG 4g.20gb (0),1,,13,cupy_copy__float16_float16
1975194512,9568,10427,282,1,1,128,1,1,16,0.000,0.000,,,,,NVIDIA A100-SXM4-40GB MIG 4g.20gb (0),1,,13,cupy_copy__complex64_complex64
1975456621,3712,10436,26,1,1,128,1,1,16,0.000,0.000,,,,,NVIDIA A100-SXM4-40GB MIG 4g.20gb (0),1,,13,cupy_copy__float32_float32
1975629259,8000,10445,103,1,1,128,1,1,16,0.000,0.000,,,,,NVIDIA A100-SXM4-40GB MIG 4g.20gb (0),1,,13,cupy_copy__complex64_complex64
1975722346,21631,10455,1434,1,1,128,1,1,16,0.000,0.000,,,,,NVIDIA A100-SXM4-40GB MIG 4g.20gb (0),1,,13,cupy_copy__complex64_complex64
1976006438,287293,10460,1,1,1,32,32,1,30,0.000,0.000,,,,,NVIDIA A100-SXM4-40GB MIG 4g.20gb (0),1,,13,"void convert_kernel<__half2, float2>(tensor_layout_any, T1 *, tensor_layout_any, const T2 *)"
1976326115,6432,10463,,,,,,,,,,0.094,14567.105,Pinned,Device,NVIDIA A100-SXM4-40GB MIG 4g.20gb (0),1,,13,[CUDA memcpy Host-to-Device]
1976695998,617113,10464,,,,,,,,,,456.561,739629.533,Device,,NVIDIA A100-SXM4-40GB MIG 4g.20gb (0),1,,13,[CUDA memset]
1977319351,59519,10469,,,,,,,,,,1.235,20748.294,Pinned,Device,NVIDIA A100-SXM4-40GB MIG 4g.20gb (0),1,,13,[CUDA memcpy Host-to-Device]
1977381302,9952,10470,,,,,,,,,,0.197,19755.565,Pinned,Device,NVIDIA A100-SXM4-40GB MIG 4g.20gb (0),1,,13,[CUDA memcpy Host-to-Device]
1977785842,30271,10471,69,4,1,48,1,1,76,0.002,0.000,,,,,NVIDIA A100-SXM4-40GB MIG 4g.20gb (0),1,,13,"void ch_est::windowedChEstPreNoDftSOfdmKernel<float, __half, float, (unsigned int)2, (unsigned int)1, (unsigned short)4>(ch_est::puschRxChEstStatDescr_t *, ch_est::puschRxChEstDynDescr_t *)"
1978177773,17920,10472,137,2,1,24,2,1,44,0.001,0.001,,,,,NVIDIA A100-SXM4-40GB MIG 4g.20gb (0),1,,13,"void ch_est::chEstFilterNoDftSOfdmDispatchKernel<float, __half, float, (unsigned int)2>(ch_est::puschRxChEstStatDescr_t *, ch_est::puschRxChEstDynDescr_t *)"
1978500457,14240,10473,137,2,1,24,2,1,44,0.001,0.001,,,,,NVIDIA A100-SXM4-40GB MIG 4g.20gb (0),1,,13,"void ch_est::chEstFilterNoDftSOfdmDispatchKernel<float, __half, float, (unsigned int)2>(ch_est::puschRxChEstStatDescr_t *, ch_est::puschRxChEstDynDescr_t *)"
1978888613,5568,10484,103,1,1,128,1,1,16,0.000,0.000,,,,,NVIDIA A100-SXM4-40GB MIG 4g.20gb (0),1,,13,cupy_copy__complex64_complex64
1979195713,19968,10494,1434,1,1,128,1,1,16,0.000,0.000,,,,,NVIDIA A100-SXM4-40GB MIG 4g.20gb (0),1,,13,cupy_copy__complex64_complex64
1979370911,12160,10501,103,1,1,128,1,1,16,0.000,0.000,,,,,NVIDIA A100-SXM4-40GB MIG 4g.20gb (0),1,,13,cupy_copy__complex64_complex64
1979743323,295901,10508,1,1,1,32,32,1,30,0.000,0.000,,,,,NVIDIA A100-SXM4-40GB MIG 4g.20gb (0),1,,13,"void convert_kernel<__half2, float2>(tensor_layout_any, T1 *, tensor_layout_any, const T2 *)"
1980070583,8832,10511,,,,,,,,,,0.094,10608.636,Pinned,Device,NVIDIA A100-SXM4-40GB MIG 4g.20gb (0),1,,13,[CUDA memcpy Host-to-Device]
1980416115,47168,10512,,,,,,,,,,35.810,759170.304,Device,,NVIDIA A100-SXM4-40GB MIG 4g.20gb (0),1,,13,[CUDA memset]
1980466323,6016,10514,,,,,,,,,,0.000,13.298,Pinned,Device,NVIDIA A100-SXM4-40GB MIG 4g.20gb (0),1,,13,[CUDA memcpy Host-to-Device]
1980479763,12927,10515,,,,,,,,,,0.197,15209.005,Pinned,Device,NVIDIA A100-SXM4-40GB MIG 4g.20gb (0),1,,13,[CUDA memcpy Host-to-Device]
1980956685,16608,10516,273,1,1,48,1,1,40,0.000,0.001,,,,,NVIDIA A100-SXM4-40GB MIG 4g.20gb (0),1,,13,"void pusch_noise_intf_est::noiseIntfEstNoDftSOfdmKernel<float, __half, float, float, (unsigned int)2, (unsigned int)1, (unsigned char)4, (unsigned char)4>(pusch_noise_intf_est::puschRxNoiseIntfEstDynDescr)"
1981366632,16832,10527,35,1,1,128,1,1,16,0.000,0.000,,,,,NVIDIA A100-SXM4-40GB MIG 4g.20gb (0),1,,13,cupy_copy__complex64_complex64
1981771716,4192,10536,1,1,1,1,1,1,18,0.000,0.000,,,,,NVIDIA A100-SXM4-40GB MIG 4g.20gb (0),1,,13,cupy_copy__float32_float32
1981781891,4384,10542,,,,,,,,,,0.000,0.912,Device,Pageable,NVIDIA A100-SXM4-40GB MIG 4g.20gb (0),1,,7,[CUDA memcpy Device-to-Host]
1982167359,23968,10553,1434,1,1,128,1,1,16,0.000,0.000,,,,,NVIDIA A100-SXM4-40GB MIG 4g.20gb (0),1,,13,cupy_copy__complex64_complex64
1982638778,7231,10560,103,1,1,128,1,1,16,0.000,0.000,,,,,NVIDIA A100-SXM4-40GB MIG 4g.20gb (0),1,,13,cupy_copy__complex64_complex64
1983010709,4768,10567,35,1,1,128,1,1,16,0.000,0.000,,,,,NVIDIA A100-SXM4-40GB MIG 4g.20gb (0),1,,13,cupy_copy__complex64_complex64
1983390129,4320,10574,1,1,1,1,1,1,18,0.000,0.000,,,,,NVIDIA A100-SXM4-40GB MIG 4g.20gb (0),1,,13,cupy_copy__float32_float32
1983637934,245853,10585,1,1,1,32,32,1,30,0.000,0.000,,,,,NVIDIA A100-SXM4-40GB MIG 4g.20gb (0),1,,13,"void convert_kernel<__half2, float2>(tensor_layout_any, T1 *, tensor_layout_any, const T2 *)"
1983915947,6880,10588,,,,,,,,,,0.094,13618.526,Pinned,Device,NVIDIA A100-SXM4-40GB MIG 4g.20gb (0),1,,13,[CUDA memcpy Host-to-Device]
1984112873,5759,10589,,,,,,,,,,1.547,268557.338,Device,,NVIDIA A100-SXM4-40GB MIG 4g.20gb (0),1,,13,[CUDA memset]
1984126888,7424,10594,,,,,,,,,,0.031,4215.509,Pinned,Device,NVIDIA A100-SXM4-40GB MIG 4g.20gb (0),1,,13,[CUDA memcpy Host-to-Device]
1984137288,17440,10595,,,,,,,,,,0.197,11273.306,Pinned,Device,NVIDIA A100-SXM4-40GB MIG 4g.20gb (0),1,,13,[CUDA memcpy Host-to-Device]
1984496452,13216,10596,273,1,1,8,4,1,39,0.002,0.000,,,,,NVIDIA A100-SXM4-40GB MIG 4g.20gb (0),1,,13,"void channel_eq::eqMmseCoefCompLowMimoKernel<float, float, float, (unsigned int)4, (unsigned int)1, (unsigned int)4>(const channel_eq::_puschRxChEqStatDescr *, channel_eq::_puschRxChEqCoefCompDynDescr)"
1984862816,12544,10597,273,1,1,12,11,1,51,0.002,0.000,,,,,NVIDIA A100-SXM4-40GB MIG 4g.20gb (0),1,,13,"void channel_eq::eqMmseSoftDemapKernel<float, __half, __half, float, (unsigned int)4, (unsigned short)16383>(channel_eq::_puschRxChEqStatDescr *, channel_eq::_puschRxChEqSoftDemapDynDescr)"
1985252667,692696,10598,1,1,1,32,32,1,30,0.000,0.000,,,,,NVIDIA A100-SXM4-40GB MIG 4g.20gb (0),1,,13,"void convert_kernel<float2, __half2>(tensor_layout_any, T1 *, tensor_layout_any, const T2 *)"
1986049458,20864,10610,2253,1,1,128,1,1,16,0.000,0.000,,,,,NVIDIA A100-SXM4-40GB MIG 4g.20gb (0),1,,13,cupy_copy__float16_float16
1986555788,7328,10619,282,1,1,128,1,1,16,0.000,0.000,,,,,NVIDIA A100-SXM4-40GB MIG 4g.20gb (0),1,,13,cupy_copy__complex64_complex64
1986870825,5440,10628,26,1,1,128,1,1,16,0.000,0.000,,,,,NVIDIA A100-SXM4-40GB MIG 4g.20gb (0),1,,13,cupy_copy__float32_float32
1987202405,9696,10637,103,1,1,128,1,1,16,0.000,0.000,,,,,NVIDIA A100-SXM4-40GB MIG 4g.20gb (0),1,,13,cupy_copy__complex64_complex64
1987404962,27392,10647,1434,1,1,128,1,1,16,0.000,0.000,,,,,NVIDIA A100-SXM4-40GB MIG 4g.20gb (0),1,,13,cupy_copy__complex64_complex64
1987845053,282109,10652,1,1,1,32,32,1,30,0.000,0.000,,,,,NVIDIA A100-SXM4-40GB MIG 4g.20gb (0),1,,13,"void convert_kernel<__half2, float2>(tensor_layout_any, T1 *, tensor_layout_any, const T2 *)"
1988160346,6208,10655,,,,,,,,,,0.094,15092.739,Pinned,Device,NVIDIA A100-SXM4-40GB MIG 4g.20gb (0),1,,13,[CUDA memcpy Host-to-Device]
1988407991,603417,10656,,,,,,,,,,456.561,756522.306,Device,,NVIDIA A100-SXM4-40GB MIG 4g.20gb (0),1,,13,[CUDA memset]
1989018832,65375,10661,,,,,,,,,,1.235,18889.703,Pinned,Device,NVIDIA A100-SXM4-40GB MIG 4g.20gb (0),1,,13,[CUDA memcpy Host-to-Device]
1989086671,9632,10662,,,,,,,,,,0.197,20411.843,Pinned,Device,NVIDIA A100-SXM4-40GB MIG 4g.20gb (0),1,,13,[CUDA memcpy Host-to-Device]
1989504618,20544,10663,69,4,1,48,1,1,76,0.002,0.000,,,,,NVIDIA A100-SXM4-40GB MIG 4g.20gb (0),1,,13,"void ch_est::windowedChEstPreNoDftSOfdmKernel<float, __half, float, (unsigned int)2, (unsigned int)1, (unsigned short)4>(ch_est::puschRxChEstStatDescr_t *, ch_est::puschRxChEstDynDescr_t *)"
1989930629,11136,10664,137,2,1,24,2,1,44,0.001,0.001,,,,,NVIDIA A100-SXM4-40GB MIG 4g.20gb (0),1,,13,"void ch_est::chEstFilterNoDftSOfdmDispatchKernel<float, __half, float, (unsigned int)2>(ch_est::puschRxChEstStatDescr_t *, ch_est::puschRxChEstDynDescr_t *)"
1990237634,9120,10665,137,2,1,24,2,1,44,0.001,0.001,,,,,NVIDIA A100-SXM4-40GB MIG 4g.20gb (0),1,,13,"void ch_est::chEstFilterNoDftSOfdmDispatchKernel<float, __half, float, (unsigned int)2>(ch_est::puschRxChEstStatDescr_t *, ch_est::puschRxChEstDynDescr_t *)"
1990658013,5216,10676,103,1,1,128,1,1,16,0.000,0.000,,,,,NVIDIA A100-SXM4-40GB MIG 4g.20gb (0),1,,13,cupy_copy__complex64_complex64
1991027608,20896,10686,1434,1,1,128,1,1,16,0.000,0.000,,,,,NVIDIA A100-SXM4-40GB MIG 4g.20gb (0),1,,13,cupy_copy__complex64_complex64
1991319733,4672,10693,103,1,1,128,1,1,16,0.000,0.000,,,,,NVIDIA A100-SXM4-40GB MIG 4g.20gb (0),1,,13,cupy_copy__complex64_complex64
1991636305,272925,10700,1,1,1,32,32,1,30,0.000,0.000,,,,,NVIDIA A100-SXM4-40GB MIG 4g.20gb (0),1,,13,"void convert_kernel<__half2, float2>(tensor_layout_any, T1 *, tensor_layout_any, const T2 *)"
1991941934,6272,10703,,,,,,,,,,0.094,14938.703,Pinned,Device,NVIDIA A100-SXM4-40GB MIG 4g.20gb (0),1,,13,[CUDA memcpy Host-to-Device]
1992108492,46623,10704,,,,,,,,,,35.810,768051.164,Device,,NVIDIA A100-SXM4-40GB MIG 4g.20gb (0),1,,13,[CUDA memset]
1992161867,6368,10706,,,,,,,,,,0.000,12.563,Pinned,Device,NVIDIA A100-SXM4-40GB MIG 4g.20gb (0),1,,13,[CUDA memcpy Host-to-Device]
1992171051,13824,10707,,,,,,,,,,0.197,14222.033,Pinned,Device,NVIDIA A100-SXM4-40GB MIG 4g.20gb (0),1,,13,[CUDA memcpy Host-to-Device]
1992546215,16256,10708,273,1,1,48,1,1,40,0.000,0.001,,,,,NVIDIA A100-SXM4-40GB MIG 4g.20gb (0),1,,13,"void pusch_noise_intf_est::noiseIntfEstNoDftSOfdmKernel<float, __half, float, float, (unsigned int)2, (unsigned int)1, (unsigned char)4, (unsigned char)4>(pusch_noise_intf_est::puschRxNoiseIntfEstDynDescr)"
1992947202,5952,10719,35,1,1,128,1,1,16,0.000,0.000,,,,,NVIDIA A100-SXM4-40GB MIG 4g.20gb (0),1,,13,cupy_copy__complex64_complex64
1993299614,4480,10728,1,1,1,1,1,1,18,0.000,0.000,,,,,NVIDIA A100-SXM4-40GB MIG 4g.20gb (0),1,,13,cupy_copy__float32_float32
1993308926,3072,10734,,,,,,,,,,0.000,1.302,Device,Pageable,NVIDIA A100-SXM4-40GB MIG 4g.20gb (0),1,,7,[CUDA memcpy Device-to-Host]
1993796888,17504,10745,1434,1,1,128,1,1,16,0.000,0.000,,,,,NVIDIA A100-SXM4-40GB MIG 4g.20gb (0),1,,13,cupy_copy__complex64_complex64
1994211412,4576,10752,103,1,1,128,1,1,16,0.000,0.000,,,,,NVIDIA A100-SXM4-40GB MIG 4g.20gb (0),1,,13,cupy_copy__complex64_complex64
1994708174,5536,10759,35,1,1,128,1,1,16,0.000,0.000,,,,,NVIDIA A100-SXM4-40GB MIG 4g.20gb (0),1,,13,cupy_copy__complex64_complex64
1995112393,4224,10766,1,1,1,1,1,1,18,0.000,0.000,,,,,NVIDIA A100-SXM4-40GB MIG 4g.20gb (0),1,,13,cupy_copy__float32_float32
1995391494,255037,10777,1,1,1,32,32,1,30,0.000,0.000,,,,,NVIDIA A100-SXM4-40GB MIG 4g.20gb (0),1,,13,"void convert_kernel<__half2, float2>(tensor_layout_any, T1 *, tensor_layout_any, const T2 *)"
1995677763,9216,10780,,,,,,,,,,0.094,10166.578,Pinned,Device,NVIDIA A100-SXM4-40GB MIG 4g.20gb (0),1,,13,[CUDA memcpy Host-to-Device]
1995811681,6048,10781,,,,,,,,,,1.547,255723.452,Device,,NVIDIA A100-SXM4-40GB MIG 4g.20gb (0),1,,13,[CUDA memset]
1995819457,6848,10786,,,,,,,,,,0.031,4570.092,Pinned,Device,NVIDIA A100-SXM4-40GB MIG 4g.20gb (0),1,,13,[CUDA memcpy Host-to-Device]
1995833281,9824,10787,,,,,,,,,,0.197,20012.925,Pinned,Device,NVIDIA A100-SXM4-40GB MIG 4g.20gb (0),1,,13,[CUDA memcpy Host-to-Device]
1996250524,14208,10788,273,1,1,8,4,1,39,0.002,0.000,,,,,NVIDIA A100-SXM4-40GB MIG 4g.20gb (0),1,,13,"void channel_eq::eqMmseCoefCompLowMimoKernel<float, float, float, (unsigned int)4, (unsigned int)1, (unsigned int)4>(const channel_eq::_puschRxChEqStatDescr *, channel_eq::_puschRxChEqCoefCompDynDescr)"
1996666839,12704,10789,273,1,1,12,11,1,51,0.002,0.000,,,,,NVIDIA A100-SXM4-40GB MIG 4g.20gb (0),1,,13,"void channel_eq::eqMmseSoftDemapKernel<float, __half, __half, float, (unsigned int)4, (unsigned short)16383>(channel_eq::_puschRxChEqStatDescr *, channel_eq::_puschRxChEqSoftDemapDynDescr)"
1997081362,757144,10790,1,1,1,32,32,1,30,0.000,0.000,,,,,NVIDIA A100-SXM4-40GB MIG 4g.20gb (0),1,,13,"void convert_kernel<float2, __half2>(tensor_layout_any, T1 *, tensor_layout_any, const T2 *)"
1998092871,16256,10802,2253,1,1,128,1,1,16,0.000,0.000,,,,,NVIDIA A100-SXM4-40GB MIG 4g.20gb (0),1,,13,cupy_copy__float16_float16
1998417155,6336,10811,282,1,1,128,1,1,16,0.000,0.000,,,,,NVIDIA A100-SXM4-40GB MIG 4g.20gb (0),1,,13,cupy_copy__complex64_complex64
1998724447,4960,10820,26,1,1,128,1,1,16,0.000,0.000,,,,,NVIDIA A100-SXM4-40GB MIG 4g.20gb (0),1,,13,cupy_copy__float32_float32
1998890014,7775,10829,103,1,1,128,1,1,16,0.000,0.000,,,,,NVIDIA A100-SXM4-40GB MIG 4g.20gb (0),1,,13,cupy_copy__complex64_complex64
1999205978,16416,10839,1434,1,1,128,1,1,16,0.000,0.000,,,,,NVIDIA A100-SXM4-40GB MIG 4g.20gb (0),1,,13,cupy_copy__complex64_complex64
1999601877,317757,10844,1,1,1,32,32,1,30,0.000,0.000,,,,,NVIDIA A100-SXM4-40GB MIG 4g.20gb (0),1,,13,"void convert_kernel<__half2, float2>(tensor_layout_any, T1 *, tensor_layout_any, const T2 *)"
1999952497,6880,10847,,,,,,,,,,0.094,13618.526,Pinned,Device,NVIDIA A100-SXM4-40GB MIG 4g.20gb (0),1,,13,[CUDA memcpy Host-to-Device]
2000223694,608633,10848,,,,,,,,,,456.561,750130.446,Device,,NVIDIA A100-SXM4-40GB MIG 4g.20gb (0),1,,13,[CUDA memset]
2000839207,62079,10853,,,,,,,,,,1.235,19892.478,Pinned,Device,NVIDIA A100-SXM4-40GB MIG 4g.20gb (0),1,,13,[CUDA memcpy Host-to-Device]
2000903718,9568,10854,,,,,,,,,,0.197,20548.485,Pinned,Device,NVIDIA A100-SXM4-40GB MIG 4g.20gb (0),1,,13,[CUDA memcpy Host-to-Device]
2001334945,12224,10855,69,4,1,48,1,1,76,0.002,0.000,,,,,NVIDIA A100-SXM4-40GB MIG 4g.20gb (0),1,,13,"void ch_est::windowedChEstPreNoDftSOfdmKernel<float, __half, float, (unsigned int)2, (unsigned int)1, (unsigned short)4>(ch_est::puschRxChEstStatDescr_t *, ch_est::puschRxChEstDynDescr_t *)"
2001722109,11904,10856,137,2,1,24,2,1,44,0.001,0.001,,,,,NVIDIA A100-SXM4-40GB MIG 4g.20gb (0),1,,13,"void ch_est::chEstFilterNoDftSOfdmDispatchKernel<float, __half, float, (unsigned int)2>(ch_est::puschRxChEstStatDescr_t *, ch_est::puschRxChEstDynDescr_t *)"
2002047417,7616,10857,137,2,1,24,2,1,44,0.001,0.001,,,,,NVIDIA A100-SXM4-40GB MIG 4g.20gb (0),1,,13,"void ch_est::chEstFilterNoDftSOfdmDispatchKernel<float, __half, float, (unsigned int)2>(ch_est::puschRxChEstStatDescr_t *, ch_est::puschRxChEstDynDescr_t *)"
2002426901,4800,10868,103,1,1,128,1,1,16,0.000,0.000,,,,,NVIDIA A100-SXM4-40GB MIG 4g.20gb (0),1,,13,cupy_copy__complex64_complex64
2002433205,16863,10878,1434,1,1,128,1,1,16,0.000,0.000,,,,,NVIDIA A100-SXM4-40GB MIG 4g.20gb (0),1,,13,cupy_copy__complex64_complex64
2002705233,5216,10885,103,1,1,128,1,1,16,0.000,0.000,,,,,NVIDIA A100-SXM4-40GB MIG 4g.20gb (0),1,,13,cupy_copy__complex64_complex64
2002887599,246781,10892,1,1,1,32,32,1,30,0.000,0.000,,,,,NVIDIA A100-SXM4-40GB MIG 4g.20gb (0),1,,13,"void convert_kernel<__half2, float2>(tensor_layout_any, T1 *, tensor_layout_any, const T2 *)"
2003191532,8800,10895,,,,,,,,,,0.094,10647.239,Pinned,Device,NVIDIA A100-SXM4-40GB MIG 4g.20gb (0),1,,13,[CUDA memcpy Host-to-Device]
2003305322,55040,10896,,,,,,,,,,35.810,650594.627,Device,,NVIDIA A100-SXM4-40GB MIG 4g.20gb (0),1,,13,[CUDA memset]
2003366538,1792,10898,,,,,,,,,,0.000,44.643,Pinned,Device,NVIDIA A100-SXM4-40GB MIG 4g.20gb (0),1,,13,[CUDA memcpy Host-to-Device]
2003370922,9856,10899,,,,,,,,,,0.197,19948.044,Pinned,Device,NVIDIA A100-SXM4-40GB MIG 4g.20gb (0),1,,13,[CUDA memcpy Host-to-Device]
2003781701,36383,10900,273,1,1,48,1,1,40,0.000,0.001,,,,,NVIDIA A100-SXM4-40GB MIG 4g.20gb (0),1,,13,"void pusch_noise_intf_est::noiseIntfEstNoDftSOfdmKernel<float, __half, float, float, (unsigned int)2, (unsigned int)1, (unsigned char)4, (unsigned char)4>(pusch_noise_intf_est::puschRxNoiseIntfEstDynDescr)"
2004255487,10688,10911,35,1,1,128,1,1,16,0.000,0.000,,,,,NVIDIA A100-SXM4-40GB MIG 4g.20gb (0),1,,13,cupy_copy__complex64_complex64
2004640635,3040,10920,1,1,1,1,1,1,18,0.000,0.000,,,,,NVIDIA A100-SXM4-40GB MIG 4g.20gb (0),1,,13,cupy_copy__float32_float32
2004645915,3168,10926,,,,,,,,,,0.000,1.263,Device,Pageable,NVIDIA A100-SXM4-40GB MIG 4g.20gb (0),1,,7,[CUDA memcpy Device-to-Host]
2005133845,22496,10937,1434,1,1,128,1,1,16,0.000,0.000,,,,,NVIDIA A100-SXM4-40GB MIG 4g.20gb (0),1,,13,cupy_copy__complex64_complex64
2005626512,7135,10944,103,1,1,128,1,1,16,0.000,0.000,,,,,NVIDIA A100-SXM4-40GB MIG 4g.20gb (0),1,,13,cupy_copy__complex64_complex64
2006020331,5952,10951,35,1,1,128,1,1,16,0.000,0.000,,,,,NVIDIA A100-SXM4-40GB MIG 4g.20gb (0),1,,13,cupy_copy__complex64_complex64
2006292488,7328,10958,1,1,1,1,1,1,18,0.000,0.000,,,,,NVIDIA A100-SXM4-40GB MIG 4g.20gb (0),1,,13,cupy_copy__float32_float32
2006723427,282109,10969,1,1,1,32,32,1,30,0.000,0.000,,,,,NVIDIA A100-SXM4-40GB MIG 4g.20gb (0),1,,13,"void convert_kernel<__half2, float2>(tensor_layout_any, T1 *, tensor_layout_any, const T2 *)"
2007037087,6592,10972,,,,,,,,,,0.094,14213.590,Pinned,Device,NVIDIA A100-SXM4-40GB MIG 4g.20gb (0),1,,13,[CUDA memcpy Host-to-Device]
2007275900,9792,10973,,,,,,,,,,1.547,157947.429,Device,,NVIDIA A100-SXM4-40GB MIG 4g.20gb (0),1,,13,[CUDA memset]
2007295260,3520,10978,,,,,,,,,,0.031,8890.881,Pinned,Device,NVIDIA A100-SXM4-40GB MIG 4g.20gb (0),1,,13,[CUDA memcpy Host-to-Device]
2007302652,21600,10979,,,,,,,,,,0.197,9102.164,Pinned,Device,NVIDIA A100-SXM4-40GB MIG 4g.20gb (0),1,,13,[CUDA memcpy Host-to-Device]
2007764951,15968,10980,273,1,1,8,4,1,39,0.002,0.000,,,,,NVIDIA A100-SXM4-40GB MIG 4g.20gb (0),1,,13,"void channel_eq::eqMmseCoefCompLowMimoKernel<float, float, float, (unsigned int)4, (unsigned int)1, (unsigned int)4>(const channel_eq::_puschRxChEqStatDescr *, channel_eq::_puschRxChEqCoefCompDynDescr)"
2008187474,16128,10981,273,1,1,12,11,1,51,0.002,0.000,,,,,NVIDIA A100-SXM4-40GB MIG 4g.20gb (0),1,,13,"void channel_eq::eqMmseSoftDemapKernel<float, __half, __half, float, (unsigned int)4, (unsigned short)16383>(channel_eq::_puschRxChEqStatDescr *, channel_eq::_puschRxChEqSoftDemapDynDescr)"
2008577005,691416,10982,1,1,1,32,32,1,30,0.000,0.000,,,,,NVIDIA A100-SXM4-40GB MIG 4g.20gb (0),1,,13,"void convert_kernel<float2, __half2>(tensor_layout_any, T1 *, tensor_layout_any, const T2 *)"
2009473475,13472,10994,2253,1,1,128,1,1,16,0.000,0.000,,,,,NVIDIA A100-SXM4-40GB MIG 4g.20gb (0),1,,13,cupy_copy__float16_float16
2009743808,6976,11003,282,1,1,128,1,1,16,0.000,0.000,,,,,NVIDIA A100-SXM4-40GB MIG 4g.20gb (0),1,,13,cupy_copy__complex64_complex64
2010007485,7392,11012,26,1,1,128,1,1,16,0.000,0.000,,,,,NVIDIA A100-SXM4-40GB MIG 4g.20gb (0),1,,13,cupy_copy__float32_float32
2010270010,8416,11021,103,1,1,128,1,1,16,0.000,0.000,,,,,NVIDIA A100-SXM4-40GB MIG 4g.20gb (0),1,,13,cupy_copy__complex64_complex64
2010477847,21376,11031,1434,1,1,128,1,1,16,0.000,0.000,,,,,NVIDIA A100-SXM4-40GB MIG 4g.20gb (0),1,,13,cupy_copy__complex64_complex64
2010969234,210141,11036,1,1,1,32,32,1,30,0.000,0.000,,,,,NVIDIA A100-SXM4-40GB MIG 4g.20gb (0),1,,13,"void convert_kernel<__half2, float2>(tensor_layout_any, T1 *, tensor_layout_any, const T2 *)"
2011210703,8640,11039,,,,,,,,,,0.094,10844.375,Pinned,Device,NVIDIA A100-SXM4-40GB MIG 4g.20gb (0),1,,13,[CUDA memcpy Host-to-Device]
2011448492,603289,11040,,,,,,,,,,456.561,756522.306,Device,,NVIDIA A100-SXM4-40GB MIG 4g.20gb (0),1,,13,[CUDA memset]
2012059621,67935,11045,,,,,,,,,,1.235,18177.141,Pinned,Device,NVIDIA A100-SXM4-40GB MIG 4g.20gb (0),1,,13,[CUDA memcpy Host-to-Device]
2012130116,9408,11046,,,,,,,,,,0.197,20897.858,Pinned,Device,NVIDIA A100-SXM4-40GB MIG 4g.20gb (0),1,,13,[CUDA memcpy Host-to-Device]
2012526944,16384,11047,69,4,1,48,1,1,76,0.002,0.000,,,,,NVIDIA A100-SXM4-40GB MIG 4g.20gb (0),1,,13,"void ch_est::windowedChEstPreNoDftSOfdmKernel<float, __half, float, (unsigned int)2, (unsigned int)1, (unsigned short)4>(ch_est::puschRxChEstStatDescr_t *, ch_est::puschRxChEstDynDescr_t *)"
2013013146,16576,11048,137,2,1,24,2,1,44,0.001,0.001,,,,,NVIDIA A100-SXM4-40GB MIG 4g.20gb (0),1,,13,"void ch_est::chEstFilterNoDftSOfdmDispatchKernel<float, __half, float, (unsigned int)2>(ch_est::puschRxChEstStatDescr_t *, ch_est::puschRxChEstDynDescr_t *)"
2013488757,11392,11049,137,2,1,24,2,1,44,0.001,0.001,,,,,NVIDIA A100-SXM4-40GB MIG 4g.20gb (0),1,,13,"void ch_est::chEstFilterNoDftSOfdmDispatchKernel<float, __half, float, (unsigned int)2>(ch_est::puschRxChEstStatDescr_t *, ch_est::puschRxChEstDynDescr_t *)"
2013880016,4864,11060,103,1,1,128,1,1,16,0.000,0.000,,,,,NVIDIA A100-SXM4-40GB MIG 4g.20gb (0),1,,13,cupy_copy__complex64_complex64
2014285612,19615,11070,1434,1,1,128,1,1,16,0.000,0.000,,,,,NVIDIA A100-SXM4-40GB MIG 4g.20gb (0),1,,13,cupy_copy__complex64_complex64
2014768070,5792,11077,103,1,1,128,1,1,16,0.000,0.000,,,,,NVIDIA A100-SXM4-40GB MIG 4g.20gb (0),1,,13,cupy_copy__complex64_complex64
2015150114,298556,11084,1,1,1,32,32,1,30,0.000,0.000,,,,,NVIDIA A100-SXM4-40GB MIG 4g.20gb (0),1,,13,"void convert_kernel<__half2, float2>(tensor_layout_any, T1 *, tensor_layout_any, const T2 *)"
2015478846,5728,11087,,,,,,,,,,0.094,16357.541,Pinned,Device,NVIDIA A100-SXM4-40GB MIG 4g.20gb (0),1,,13,[CUDA memcpy Host-to-Device]
2015811834,50303,11088,,,,,,,,,,35.810,711865.400,Device,,NVIDIA A100-SXM4-40GB MIG 4g.20gb (0),1,,13,[CUDA memset]
2015869625,1824,11090,,,,,,,,,,0.000,43.860,Pinned,Device,NVIDIA A100-SXM4-40GB MIG 4g.20gb (0),1,,13,[CUDA memcpy Host-to-Device]
2015873849,10816,11091,,,,,,,,,,0.197,18177.393,Pinned,Device,NVIDIA A100-SXM4-40GB MIG 4g.20gb (0),1,,13,[CUDA memcpy Host-to-Device]
2016172598,19008,11092,273,1,1,48,1,1,40,0.000,0.001,,,,,NVIDIA A100-SXM4-40GB MIG 4g.20gb (0),1,,13,"void pusch_noise_intf_est::noiseIntfEstNoDftSOfdmKernel<float, __half, float, float, (unsigned int)2, (unsigned int)1, (unsigned char)4, (unsigned char)4>(pusch_noise_intf_est::puschRxNoiseIntfEstDynDescr)"
2016430867,8576,11103,35,1,1,128,1,1,16,0.000,0.000,,,,,NVIDIA A100-SXM4-40GB MIG 4g.20gb (0),1,,13,cupy_copy__complex64_complex64
2016600273,4160,11112,1,1,1,1,1,1,18,0.000,0.000,,,,,NVIDIA A100-SXM4-40GB MIG 4g.20gb (0),1,,13,cupy_copy__float32_float32
2016612241,1696,11118,,,,,,,,,,0.000,2.358,Device,Pageable,NVIDIA A100-SXM4-40GB MIG 4g.20gb (0),1,,7,[CUDA memcpy Device-to-Host]
2016732431,19904,11129,1434,1,1,128,1,1,16,0.000,0.000,,,,,NVIDIA A100-SXM4-40GB MIG 4g.20gb (0),1,,13,cupy_copy__complex64_complex64
2017113643,8960,11136,103,1,1,128,1,1,16,0.000,0.000,,,,,NVIDIA A100-SXM4-40GB MIG 4g.20gb (0),1,,13,cupy_copy__complex64_complex64
2017471111,10688,11143,35,1,1,128,1,1,16,0.000,0.000,,,,,NVIDIA A100-SXM4-40GB MIG 4g.20gb (0),1,,13,cupy_copy__complex64_complex64
2017951297,3520,11150,1,1,1,1,1,1,18,0.000,0.000,,,,,NVIDIA A100-SXM4-40GB MIG 4g.20gb (0),1,,13,cupy_copy__float32_float32
2018329757,284317,11161,1,1,1,32,32,1,30,0.000,0.000,,,,,NVIDIA A100-SXM4-40GB MIG 4g.20gb (0),1,,13,"void convert_kernel<__half2, float2>(tensor_layout_any, T1 *, tensor_layout_any, const T2 *)"
2018652601,13280,11164,,,,,,,,,,0.094,7055.402,Pinned,Device,NVIDIA A100-SXM4-40GB MIG 4g.20gb (0),1,,13,[CUDA memcpy Host-to-Device]
2019096276,5344,11165,,,,,,,,,,1.547,289412.016,Device,,NVIDIA A100-SXM4-40GB MIG 4g.20gb (0),1,,13,[CUDA memset]
2019111572,9024,11170,,,,,,,,,,0.031,3468.066,Pinned,Device,NVIDIA A100-SXM4-40GB MIG 4g.20gb (0),1,,13,[CUDA memcpy Host-to-Device]
2019130804,16192,11171,,,,,,,,,,0.197,12142.117,Pinned,Device,NVIDIA A100-SXM4-40GB MIG 4g.20gb (0),1,,13,[CUDA memcpy Host-to-Device]
2019587727,11551,11172,273,1,1,8,4,1,39,0.002,0.000,,,,,NVIDIA A100-SXM4-40GB MIG 4g.20gb (0),1,,13,"void channel_eq::eqMmseCoefCompLowMimoKernel<float, float, float, (unsigned int)4, (unsigned int)1, (unsigned int)4>(const channel_eq::_puschRxChEqStatDescr *, channel_eq::_puschRxChEqCoefCompDynDescr)"
2020069449,10720,11173,273,1,1,12,11,1,51,0.002,0.000,,,,,NVIDIA A100-SXM4-40GB MIG 4g.20gb (0),1,,13,"void channel_eq::eqMmseSoftDemapKernel<float, __half, __half, float, (unsigned int)4, (unsigned short)16383>(channel_eq::_puschRxChEqStatDescr *, channel_eq::_puschRxChEqSoftDemapDynDescr)"
2020556707,714968,11174,1,1,1,32,32,1,30,0.000,0.000,,,,,NVIDIA A100-SXM4-40GB MIG 4g.20gb (0),1,,13,"void convert_kernel<float2, __half2>(tensor_layout_any, T1 *, tensor_layout_any, const T2 *)"
2021532408,14688,11186,2253,1,1,128,1,1,16,0.000,0.000,,,,,NVIDIA A100-SXM4-40GB MIG 4g.20gb (0),1,,13,cupy_copy__float16_float16
2021952467,5664,11195,282,1,1,128,1,1,16,0.000,0.000,,,,,NVIDIA A100-SXM4-40GB MIG 4g.20gb (0),1,,13,cupy_copy__complex64_complex64
2022174385,4448,11204,26,1,1,128,1,1,16,0.000,0.000,,,,,NVIDIA A100-SXM4-40GB MIG 4g.20gb (0),1,,13,cupy_copy__float32_float32
2022265168,7808,11213,103,1,1,128,1,1,16,0.000,0.000,,,,,NVIDIA A100-SXM4-40GB MIG 4g.20gb (0),1,,13,cupy_copy__complex64_complex64
2022533901,20895,11223,1434,1,1,128,1,1,16,0.000,0.000,,,,,NVIDIA A100-SXM4-40GB MIG 4g.20gb (0),1,,13,cupy_copy__complex64_complex64
2022836009,287069,11228,1,1,1,32,32,1,30,0.000,0.000,,,,,NVIDIA A100-SXM4-40GB MIG 4g.20gb (0),1,,13,"void convert_kernel<__half2, float2>(tensor_layout_any, T1 *, tensor_layout_any, const T2 *)"
2023157734,5951,11231,,,,,,,,,,0.094,15744.488,Pinned,Device,NVIDIA A100-SXM4-40GB MIG 4g.20gb (0),1,,13,[CUDA memcpy Host-to-Device]
2023325316,618809,11232,,,,,,,,,,456.561,737803.287,Device,,NVIDIA A100-SXM4-40GB MIG 4g.20gb (0),1,,13,[CUDA memset]
2023945469,52799,11237,,,,,,,,,,1.235,23388.604,Pinned,Device,NVIDIA A100-SXM4-40GB MIG 4g.20gb (0),1,,13,[CUDA memcpy Host-to-Device]
2024001884,10112,11238,,,,,,,,,,0.197,19442.958,Pinned,Device,NVIDIA A100-SXM4-40GB MIG 4g.20gb (0),1,,13,[CUDA memcpy Host-to-Device]
2024390423,19008,11239,69,4,1,48,1,1,76,0.002,0.000,,,,,NVIDIA A100-SXM4-40GB MIG 4g.20gb (0),1,,13,"void ch_est::windowedChEstPreNoDftSOfdmKernel<float, __half, float, (unsigned int)2, (unsigned int)1, (unsigned short)4>(ch_est::puschRxChEstStatDescr_t *, ch_est::puschRxChEstDynDescr_t *)"
2024737331,15392,11240,137,2,1,24,2,1,44,0.001,0.001,,,,,NVIDIA A100-SXM4-40GB MIG 4g.20gb (0),1,,13,"void ch_est::chEstFilterNoDftSOfdmDispatchKernel<float, __half, float, (unsigned int)2>(ch_est::puschRxChEstStatDescr_t *, ch_est::puschRxChEstDynDescr_t *)"
2024954929,9536,11241,137,2,1,24,2,1,44,0.001,0.001,,,,,NVIDIA A100-SXM4-40GB MIG 4g.20gb (0),1,,13,"void ch_est::chEstFilterNoDftSOfdmDispatchKernel<float, __half, float, (unsigned int)2>(ch_est::puschRxChEstStatDescr_t *, ch_est::puschRxChEstDynDescr_t *)"
2025088847,5984,11252,103,1,1,128,1,1,16,0.000,0.000,,,,,NVIDIA A100-SXM4-40GB MIG 4g.20gb (0),1,,13,cupy_copy__complex64_complex64
2025303117,20512,11262,1434,1,1,128,1,1,16,0.000,0.000,,,,,NVIDIA A100-SXM4-40GB MIG 4g.20gb (0),1,,13,cupy_copy__complex64_complex64
2025431179,9152,11269,103,1,1,128,1,1,16,0.000,0.000,,,,,NVIDIA A100-SXM4-40GB MIG 4g.20gb (0),1,,13,cupy_copy__complex64_complex64
2025647561,336956,11276,1,1,1,32,32,1,30,0.000,0.000,,,,,NVIDIA A100-SXM4-40GB MIG 4g.20gb (0),1,,13,"void convert_kernel<__half2, float2>(tensor_layout_any, T1 *, tensor_layout_any, const T2 *)"
2026029605,6271,11279,,,,,,,,,,0.094,14941.139,Pinned,Device,NVIDIA A100-SXM4-40GB MIG 4g.20gb (0),1,,13,[CUDA memcpy Host-to-Device]
2026351745,51039,11280,,,,,,,,,,35.810,701587.953,Device,,NVIDIA A100-SXM4-40GB MIG 4g.20gb (0),1,,13,[CUDA memset]
2026408064,1952,11282,,,,,,,,,,0.000,40.984,Pinned,Device,NVIDIA A100-SXM4-40GB MIG 4g.20gb (0),1,,13,[CUDA memcpy Host-to-Device]
2026412640,10976,11283,,,,,,,,,,0.197,17912.365,Pinned,Device,NVIDIA A100-SXM4-40GB MIG 4g.20gb (0),1,,13,[CUDA memcpy Host-to-Device]
2027084312,17376,11284,273,1,1,48,1,1,40,0.000,0.001,,,,,NVIDIA A100-SXM4-40GB MIG 4g.20gb (0),1,,13,"void pusch_noise_intf_est::noiseIntfEstNoDftSOfdmKernel<float, __half, float, float, (unsigned int)2, (unsigned int)1, (unsigned char)4, (unsigned char)4>(pusch_noise_intf_est::puschRxNoiseIntfEstDynDescr)"
2027807440,7328,11295,35,1,1,128,1,1,16,0.000,0.000,,,,,NVIDIA A100-SXM4-40GB MIG 4g.20gb (0),1,,13,cupy_copy__complex64_complex64
2028272843,3296,11304,1,1,1,1,1,1,18,0.000,0.000,,,,,NVIDIA A100-SXM4-40GB MIG 4g.20gb (0),1,,13,cupy_copy__float32_float32
2028282635,2336,11310,,,,,,,,,,0.000,1.712,Device,Pageable,NVIDIA A100-SXM4-40GB MIG 4g.20gb (0),1,,7,[CUDA memcpy Device-to-Host]
2028887428,21343,11321,1434,1,1,128,1,1,16,0.000,0.000,,,,,NVIDIA A100-SXM4-40GB MIG 4g.20gb (0),1,,13,cupy_copy__complex64_complex64
2029567708,6624,11328,103,1,1,128,1,1,16,0.000,0.000,,,,,NVIDIA A100-SXM4-40GB MIG 4g.20gb (0),1,,13,cupy_copy__complex64_complex64
2030028759,4384,11335,35,1,1,128,1,1,16,0.000,0.000,,,,,NVIDIA A100-SXM4-40GB MIG 4g.20gb (0),1,,13,cupy_copy__complex64_complex64
2030472753,4576,11342,1,1,1,1,1,1,18,0.000,0.000,,,,,NVIDIA A100-SXM4-40GB MIG 4g.20gb (0),1,,13,cupy_copy__float32_float32
2031162634,263357,11353,1,1,1,32,32,1,30,0.000,0.000,,,,,NVIDIA A100-SXM4-40GB MIG 4g.20gb (0),1,,13,"void convert_kernel<__half2, float2>(tensor_layout_any, T1 *, tensor_layout_any, const T2 *)"
2031457990,6784,11356,,,,,,,,,,0.094,13811.259,Pinned,Device,NVIDIA A100-SXM4-40GB MIG 4g.20gb (0),1,,13,[CUDA memcpy Host-to-Device]
2031859170,12351,11357,,,,,,,,,,1.547,125222.412,Device,,NVIDIA A100-SXM4-40GB MIG 4g.20gb (0),1,,13,[CUDA memset]
2031874305,3584,11362,,,,,,,,,,0.031,8732.116,Pinned,Device,NVIDIA A100-SXM4-40GB MIG 4g.20gb (0),1,,13,[CUDA memcpy Host-to-Device]
2031880673,10880,11363,,,,,,,,,,0.197,18070.438,Pinned,Device,NVIDIA A100-SXM4-40GB MIG 4g.20gb (0),1,,13,[CUDA memcpy Host-to-Device]
2032524858,15552,11364,273,1,1,8,4,1,39,0.002,0.000,,,,,NVIDIA A100-SXM4-40GB MIG 4g.20gb (0),1,,13,"void channel_eq::eqMmseCoefCompLowMimoKernel<float, float, float, (unsigned int)4, (unsigned int)1, (unsigned int)4>(const channel_eq::_puschRxChEqStatDescr *, channel_eq::_puschRxChEqCoefCompDynDescr)"
2033110579,9760,11365,273,1,1,12,11,1,51,0.002,0.000,,,,,NVIDIA A100-SXM4-40GB MIG 4g.20gb (0),1,,13,"void channel_eq::eqMmseSoftDemapKernel<float, __half, __half, float, (unsigned int)4, (unsigned short)16383>(channel_eq::_puschRxChEqStatDescr *, channel_eq::_puschRxChEqSoftDemapDynDescr)"
2033406384,709336,11366,1,1,1,32,32,1,30,0.000,0.000,,,,,NVIDIA A100-SXM4-40GB MIG 4g.20gb (0),1,,13,"void convert_kernel<float2, __half2>(tensor_layout_any, T1 *, tensor_layout_any, const T2 *)"
2034196231,20479,11378,2253,1,1,128,1,1,16,0.000,0.000,,,,,NVIDIA A100-SXM4-40GB MIG 4g.20gb (0),1,,13,cupy_copy__float16_float16
2034549443,13503,11387,282,1,1,128,1,1,16,0.000,0.000,,,,,NVIDIA A100-SXM4-40GB MIG 4g.20gb (0),1,,13,cupy_copy__complex64_complex64
2034760224,4192,11396,26,1,1,128,1,1,16,0.000,0.000,,,,,NVIDIA A100-SXM4-40GB MIG 4g.20gb (0),1,,13,cupy_copy__float32_float32
2034982046,11520,11405,103,1,1,128,1,1,16,0.000,0.000,,,,,NVIDIA A100-SXM4-40GB MIG 4g.20gb (0),1,,13,cupy_copy__complex64_complex64
2035556791,18656,11415,1434,1,1,128,1,1,16,0.000,0.000,,,,,NVIDIA A100-SXM4-40GB MIG 4g.20gb (0),1,,13,cupy_copy__complex64_complex64
2035791476,286621,11420,1,1,1,32,32,1,30,0.000,0.000,,,,,NVIDIA A100-SXM4-40GB MIG 4g.20gb (0),1,,13,"void convert_kernel<__half2, float2>(tensor_layout_any, T1 *, tensor_layout_any, const T2 *)"
2036108593,11808,11423,,,,,,,,,,0.094,7934.927,Pinned,Device,NVIDIA A100-SXM4-40GB MIG 4g.20gb (0),1,,13,[CUDA memcpy Host-to-Device]
2036422285,610969,11424,,,,,,,,,,456.561,746934.516,Device,,NVIDIA A100-SXM4-40GB MIG 4g.20gb (0),1,,13,[CUDA memset]
2037035174,75967,11429,,,,,,,,,,1.235,16255.568,Pinned,Device,NVIDIA A100-SXM4-40GB MIG 4g.20gb (0),1,,13,[CUDA memcpy Host-to-Device]
2037113605,14016,11430,,,,,,,,,,0.197,14027.391,Pinned,Device,NVIDIA A100-SXM4-40GB MIG 4g.20gb (0),1,,13,[CUDA memcpy Host-to-Device]
2037557440,17440,11431,69,4,1,48,1,1,76,0.002,0.000,,,,,NVIDIA A100-SXM4-40GB MIG 4g.20gb (0),1,,13,"void ch_est::windowedChEstPreNoDftSOfdmKernel<float, __half, float, (unsigned int)2, (unsigned int)1, (unsigned short)4>(ch_est::puschRxChEstStatDescr_t *, ch_est::puschRxChEstDynDescr_t *)"
2037962491,17408,11432,137,2,1,24,2,1,44,0.001,0.001,,,,,NVIDIA A100-SXM4-40GB MIG 4g.20gb (0),1,,13,"void ch_est::chEstFilterNoDftSOfdmDispatchKernel<float, __half, float, (unsigned int)2>(ch_est::puschRxChEstStatDescr_t *, ch_est::puschRxChEstDynDescr_t *)"
2038479573,11552,11433,137,2,1,24,2,1,44,0.001,0.001,,,,,NVIDIA A100-SXM4-40GB MIG 4g.20gb (0),1,,13,"void ch_est::chEstFilterNoDftSOfdmDispatchKernel<float, __half, float, (unsigned int)2>(ch_est::puschRxChEstStatDescr_t *, ch_est::puschRxChEstDynDescr_t *)"
2038774674,5920,11444,103,1,1,128,1,1,16,0.000,0.000,,,,,NVIDIA A100-SXM4-40GB MIG 4g.20gb (0),1,,13,cupy_copy__complex64_complex64
2039145710,25951,11454,1434,1,1,128,1,1,16,0.000,0.000,,,,,NVIDIA A100-SXM4-40GB MIG 4g.20gb (0),1,,13,cupy_copy__complex64_complex64
2039764231,9344,11461,103,1,1,128,1,1,16,0.000,0.000,,,,,NVIDIA A100-SXM4-40GB MIG 4g.20gb (0),1,,13,cupy_copy__complex64_complex64
2040130178,275133,11468,1,1,1,32,32,1,30,0.000,0.000,,,,,NVIDIA A100-SXM4-40GB MIG 4g.20gb (0),1,,13,"void convert_kernel<__half2, float2>(tensor_layout_any, T1 *, tensor_layout_any, const T2 *)"
2040436959,7104,11471,,,,,,,,,,0.094,13189.117,Pinned,Device,NVIDIA A100-SXM4-40GB MIG 4g.20gb (0),1,,13,[CUDA memcpy Host-to-Device]
2040967929,54239,11472,,,,,,,,,,35.810,660191.685,Device,,NVIDIA A100-SXM4-40GB MIG 4g.20gb (0),1,,13,[CUDA memset]
2041023384,2112,11474,,,,,,,,,,0.000,37.879,Pinned,Device,NVIDIA A100-SXM4-40GB MIG 4g.20gb (0),1,,13,[CUDA memcpy Host-to-Device]
2041028728,9408,11475,,,,,,,,,,0.197,20897.858,Pinned,Device,NVIDIA A100-SXM4-40GB MIG 4g.20gb (0),1,,13,[CUDA memcpy Host-to-Device]
2041534994,18400,11476,273,1,1,48,1,1,40,0.000,0.001,,,,,NVIDIA A100-SXM4-40GB MIG 4g.20gb (0),1,,13,"void pusch_noise_intf_est::noiseIntfEstNoDftSOfdmKernel<float, __half, float, float, (unsigned int)2, (unsigned int)1, (unsigned char)4, (unsigned char)4>(pusch_noise_intf_est::puschRxNoiseIntfEstDynDescr)"
2041902062,5472,11487,35,1,1,128,1,1,16,0.000,0.000,,,,,NVIDIA A100-SXM4-40GB MIG 4g.20gb (0),1,,13,cupy_copy__complex64_complex64
2042119916,4000,11496,1,1,1,1,1,1,18,0.000,0.000,,,,,NVIDIA A100-SXM4-40GB MIG 4g.20gb (0),1,,13,cupy_copy__float32_float32
2042131083,1600,11502,,,,,,,,,,0.000,2.500,Device,Pageable,NVIDIA A100-SXM4-40GB MIG 4g.20gb (0),1,,7,[CUDA memcpy Device-to-Host]
2042244682,25536,11513,1434,1,1,128,1,1,16,0.000,0.000,,,,,NVIDIA A100-SXM4-40GB MIG 4g.20gb (0),1,,13,cupy_copy__complex64_complex64
2042652517,6336,11520,103,1,1,128,1,1,16,0.000,0.000,,,,,NVIDIA A100-SXM4-40GB MIG 4g.20gb (0),1,,13,cupy_copy__complex64_complex64
2043016993,8448,11527,35,1,1,128,1,1,16,0.000,0.000,,,,,NVIDIA A100-SXM4-40GB MIG 4g.20gb (0),1,,13,cupy_copy__complex64_complex64
2043236575,3552,11534,1,1,1,1,1,1,18,0.000,0.000,,,,,NVIDIA A100-SXM4-40GB MIG 4g.20gb (0),1,,13,cupy_copy__float32_float32
2043362557,255453,11545,1,1,1,32,32,1,30,0.000,0.000,,,,,NVIDIA A100-SXM4-40GB MIG 4g.20gb (0),1,,13,"void convert_kernel<__half2, float2>(tensor_layout_any, T1 *, tensor_layout_any, const T2 *)"
2043654234,5568,11548,,,,,,,,,,0.094,16827.521,Pinned,Device,NVIDIA A100-SXM4-40GB MIG 4g.20gb (0),1,,13,[CUDA memcpy Host-to-Device]
2043753753,9504,11549,,,,,,,,,,1.547,162732.684,Device,,NVIDIA A100-SXM4-40GB MIG 4g.20gb (0),1,,13,[CUDA memset]
2043768121,3328,11554,,,,,,,,,,0.031,9403.822,Pinned,Device,NVIDIA A100-SXM4-40GB MIG 4g.20gb (0),1,,13,[CUDA memcpy Host-to-Device]
2043777689,14015,11555,,,,,,,,,,0.197,14028.374,Pinned,Device,NVIDIA A100-SXM4-40GB MIG 4g.20gb (0),1,,13,[CUDA memcpy Host-to-Device]
2044205012,12063,11556,273,1,1,8,4,1,39,0.002,0.000,,,,,NVIDIA A100-SXM4-40GB MIG 4g.20gb (0),1,,13,"void channel_eq::eqMmseCoefCompLowMimoKernel<float, float, float, (unsigned int)4, (unsigned int)1, (unsigned int)4>(const channel_eq::_puschRxChEqStatDescr *, channel_eq::_puschRxChEqCoefCompDynDescr)"
2044637423,13088,11557,273,1,1,12,11,1,51,0.002,0.000,,,,,NVIDIA A100-SXM4-40GB MIG 4g.20gb (0),1,,13,"void channel_eq::eqMmseSoftDemapKernel<float, __half, __half, float, (unsigned int)4, (unsigned short)16383>(channel_eq::_puschRxChEqStatDescr *, channel_eq::_puschRxChEqSoftDemapDynDescr)"
2045079210,667096,11558,1,1,1,32,32,1,30,0.000,0.000,,,,,NVIDIA A100-SXM4-40GB MIG 4g.20gb (0),1,,13,"void convert_kernel<float2, __half2>(tensor_layout_any, T1 *, tensor_layout_any, const T2 *)"
2046181789,12992,11570,2253,1,1,128,1,1,16,0.000,0.000,,,,,NVIDIA A100-SXM4-40GB MIG 4g.20gb (0),1,,13,cupy_copy__float16_float16
2046701719,4320,11579,282,1,1,128,1,1,16,0.000,0.000,,,,,NVIDIA A100-SXM4-40GB MIG 4g.20gb (0),1,,13,cupy_copy__complex64_complex64
2047198385,3360,11588,26,1,1,128,1,1,16,0.000,0.000,,,,,NVIDIA A100-SXM4-40GB MIG 4g.20gb (0),1,,13,cupy_copy__float32_float32
2047629196,7360,11597,103,1,1,128,1,1,16,0.000,0.000,,,,,NVIDIA A100-SXM4-40GB MIG 4g.20gb (0),1,,13,cupy_copy__complex64_complex64
2047905705,19936,11607,1434,1,1,128,1,1,16,0.000,0.000,,,,,NVIDIA A100-SXM4-40GB MIG 4g.20gb (0),1,,13,cupy_copy__complex64_complex64
2048145638,204158,11612,1,1,1,32,32,1,30,0.000,0.000,,,,,NVIDIA A100-SXM4-40GB MIG 4g.20gb (0),1,,13,"void convert_kernel<__half2, float2>(tensor_layout_any, T1 *, tensor_layout_any, const T2 *)"
2048380676,5632,11615,,,,,,,,,,0.094,16636.287,Pinned,Device,NVIDIA A100-SXM4-40GB MIG 4g.20gb (0),1,,13,[CUDA memcpy Host-to-Device]
2048572353,620121,11616,,,,,,,,,,456.561,735977.041,Device,,NVIDIA A100-SXM4-40GB MIG 4g.20gb (0),1,,13,[CUDA memset]
2049193722,51552,11621,,,,,,,,,,1.235,23954.209,Pinned,Device,NVIDIA A100-SXM4-40GB MIG 4g.20gb (0),1,,13,[CUDA memcpy Host-to-Device]
2049247770,9568,11622,,,,,,,,,,0.197,20548.485,Pinned,Device,NVIDIA A100-SXM4-40GB MIG 4g.20gb (0),1,,13,[CUDA memcpy Host-to-Device]
2049601654,12735,11623,69,4,1,48,1,1,76,0.002,0.000,,,,,NVIDIA A100-SXM4-40GB MIG 4g.20gb (0),1,,13,"void ch_est::windowedChEstPreNoDftSOfdmKernel<float, __half, float, (unsigned int)2, (unsigned int)1, (unsigned short)4>(ch_est::puschRxChEstStatDescr_t *, ch_est::puschRxChEstDynDescr_t *)"
2049907346,13472,11624,137,2,1,24,2,1,44,0.001,0.001,,,,,NVIDIA A100-SXM4-40GB MIG 4g.20gb (0),1,,13,"void ch_est::chEstFilterNoDftSOfdmDispatchKernel<float, __half, float, (unsigned int)2>(ch_est::puschRxChEstStatDescr_t *, ch_est::puschRxChEstDynDescr_t *)"
2050116368,9856,11625,137,2,1,24,2,1,44,0.001,0.001,,,,,NVIDIA A100-SXM4-40GB MIG 4g.20gb (0),1,,13,"void ch_est::chEstFilterNoDftSOfdmDispatchKernel<float, __half, float, (unsigned int)2>(ch_est::puschRxChEstStatDescr_t *, ch_est::puschRxChEstDynDescr_t *)"
2050448076,8480,11636,103,1,1,128,1,1,16,0.000,0.000,,,,,NVIDIA A100-SXM4-40GB MIG 4g.20gb (0),1,,13,cupy_copy__complex64_complex64
2050809736,20575,11646,1434,1,1,128,1,1,16,0.000,0.000,,,,,NVIDIA A100-SXM4-40GB MIG 4g.20gb (0),1,,13,cupy_copy__complex64_complex64
2051097156,4416,11653,103,1,1,128,1,1,16,0.000,0.000,,,,,NVIDIA A100-SXM4-40GB MIG 4g.20gb (0),1,,13,cupy_copy__complex64_complex64
2051586271,247773,11660,1,1,1,32,32,1,30,0.000,0.000,,,,,NVIDIA A100-SXM4-40GB MIG 4g.20gb (0),1,,13,"void convert_kernel<__half2, float2>(tensor_layout_any, T1 *, tensor_layout_any, const T2 *)"
2051878043,6464,11663,,,,,,,,,,0.094,14494.959,Pinned,Device,NVIDIA A100-SXM4-40GB MIG 4g.20gb (0),1,,13,[CUDA memcpy Host-to-Device]
2052082905,47968,11664,,,,,,,,,,35.810,746529.402,Device,,NVIDIA A100-SXM4-40GB MIG 4g.20gb (0),1,,13,[CUDA memset]
2052134104,6112,11666,,,,,,,,,,0.000,13.089,Pinned,Device,NVIDIA A100-SXM4-40GB MIG 4g.20gb (0),1,,13,[CUDA memcpy Host-to-Device]
2052144376,12128,11667,,,,,,,,,,0.197,16210.919,Pinned,Device,NVIDIA A100-SXM4-40GB MIG 4g.20gb (0),1,,13,[CUDA memcpy Host-to-Device]
2052649843,17247,11668,273,1,1,48,1,1,40,0.000,0.001,,,,,NVIDIA A100-SXM4-40GB MIG 4g.20gb (0),1,,13,"void pusch_noise_intf_est::noiseIntfEstNoDftSOfdmKernel<float, __half, float, float, (unsigned int)2, (unsigned int)1, (unsigned char)4, (unsigned char)4>(pusch_noise_intf_est::puschRxNoiseIntfEstDynDescr)"
2053155341,5984,11679,35,1,1,128,1,1,16,0.000,0.000,,,,,NVIDIA A100-SXM4-40GB MIG 4g.20gb (0),1,,13,cupy_copy__complex64_complex64
2053655015,3456,11688,1,1,1,1,1,1,18,0.000,0.000,,,,,NVIDIA A100-SXM4-40GB MIG 4g.20gb (0),1,,13,cupy_copy__float32_float32
2053664231,3552,11694,,,,,,,,,,0.000,1.126,Device,Pageable,NVIDIA A100-SXM4-40GB MIG 4g.20gb (0),1,,7,[CUDA memcpy Device-to-Host]
2054155233,20000,11705,1434,1,1,128,1,1,16,0.000,0.000,,,,,NVIDIA A100-SXM4-40GB MIG 4g.20gb (0),1,,13,cupy_copy__complex64_complex64
2054588860,5664,11712,103,1,1,128,1,1,16,0.000,0.000,,,,,NVIDIA A100-SXM4-40GB MIG 4g.20gb (0),1,,13,cupy_copy__complex64_complex64
2054922904,4832,11719,35,1,1,128,1,1,16,0.000,0.000,,,,,NVIDIA A100-SXM4-40GB MIG 4g.20gb (0),1,,13,cupy_copy__complex64_complex64
2055215061,4096,11726,1,1,1,1,1,1,18,0.000,0.000,,,,,NVIDIA A100-SXM4-40GB MIG 4g.20gb (0),1,,13,cupy_copy__float32_float32
2055409619,246653,11737,1,1,1,32,32,1,30,0.000,0.000,,,,,NVIDIA A100-SXM4-40GB MIG 4g.20gb (0),1,,13,"void convert_kernel<__half2, float2>(tensor_layout_any, T1 *, tensor_layout_any, const T2 *)"
2055689008,8512,11740,,,,,,,,,,0.094,11007.500,Pinned,Device,NVIDIA A100-SXM4-40GB MIG 4g.20gb (0),1,,13,[CUDA memcpy Host-to-Device]
2055802350,10592,11741,,,,,,,,,,1.547,146016.772,Device,,NVIDIA A100-SXM4-40GB MIG 4g.20gb (0),1,,13,[CUDA memset]
2055819310,3328,11746,,,,,,,,,,0.031,9403.822,Pinned,Device,NVIDIA A100-SXM4-40GB MIG 4g.20gb (0),1,,13,[CUDA memcpy Host-to-Device]
2055825230,10400,11747,,,,,,,,,,0.197,18904.449,Pinned,Device,NVIDIA A100-SXM4-40GB MIG 4g.20gb (0),1,,13,[CUDA memcpy Host-to-Device]
2056245129,15072,11748,273,1,1,8,4,1,39,0.002,0.000,,,,,NVIDIA A100-SXM4-40GB MIG 4g.20gb (0),1,,13,"void channel_eq::eqMmseCoefCompLowMimoKernel<float, float, float, (unsigned int)4, (unsigned int)1, (unsigned int)4>(const channel_eq::_puschRxChEqStatDescr *, channel_eq::_puschRxChEqCoefCompDynDescr)"
2056678980,20352,11749,273,1,1,12,11,1,51,0.002,0.000,,,,,NVIDIA A100-SXM4-40GB MIG 4g.20gb (0),1,,13,"void channel_eq::eqMmseSoftDemapKernel<float, __half, __half, float, (unsigned int)4, (unsigned short)16383>(channel_eq::_puschRxChEqStatDescr *, channel_eq::_puschRxChEqSoftDemapDynDescr)"
2057037152,603641,11750,1,1,1,32,32,1,30,0.000,0.000,,,,,NVIDIA A100-SXM4-40GB MIG 4g.20gb (0),1,,13,"void convert_kernel<float2, __half2>(tensor_layout_any, T1 *, tensor_layout_any, const T2 *)"
2058131572,20927,11762,2253,1,1,128,1,1,16,0.000,0.000,,,,,NVIDIA A100-SXM4-40GB MIG 4g.20gb (0),1,,13,cupy_copy__float16_float16
2058583662,8128,11771,282,1,1,128,1,1,16,0.000,0.000,,,,,NVIDIA A100-SXM4-40GB MIG 4g.20gb (0),1,,13,cupy_copy__complex64_complex64
2058999402,3552,11780,26,1,1,128,1,1,16,0.000,0.000,,,,,NVIDIA A100-SXM4-40GB MIG 4g.20gb (0),1,,13,cupy_copy__float32_float32
2059391525,8512,11789,103,1,1,128,1,1,16,0.000,0.000,,,,,NVIDIA A100-SXM4-40GB MIG 4g.20gb (0),1,,13,cupy_copy__complex64_complex64
2059673346,23968,11799,1434,1,1,128,1,1,16,0.000,0.000,,,,,NVIDIA A100-SXM4-40GB MIG 4g.20gb (0),1,,13,cupy_copy__complex64_complex64
2060126525,278620,11804,1,1,1,32,32,1,30,0.000,0.000,,,,,NVIDIA A100-SXM4-40GB MIG 4g.20gb (0),1,,13,"void convert_kernel<__half2, float2>(tensor_layout_any, T1 *, tensor_layout_any, const T2 *)"
2060436313,6752,11807,,,,,,,,,,0.094,13876.752,Pinned,Device,NVIDIA A100-SXM4-40GB MIG 4g.20gb (0),1,,13,[CUDA memcpy Host-to-Device]
2060703670,626169,11808,,,,,,,,,,456.561,729128.620,Device,,NVIDIA A100-SXM4-40GB MIG 4g.20gb (0),1,,13,[CUDA memset]
2061337583,61535,11813,,,,,,,,,,1.235,20067.840,Pinned,Device,NVIDIA A100-SXM4-40GB MIG 4g.20gb (0),1,,13,[CUDA memcpy Host-to-Device]
2061401550,9568,11814,,,,,,,,,,0.197,20548.485,Pinned,Device,NVIDIA A100-SXM4-40GB MIG 4g.20gb (0),1,,13,[CUDA memcpy Host-to-Device]
2061741098,17376,11815,69,4,1,48,1,1,76,0.002,0.000,,,,,NVIDIA A100-SXM4-40GB MIG 4g.20gb (0),1,,13,"void ch_est::windowedChEstPreNoDftSOfdmKernel<float, __half, float, (unsigned int)2, (unsigned int)1, (unsigned short)4>(ch_est::puschRxChEstStatDescr_t *, ch_est::puschRxChEstDynDescr_t *)"
2062164613,16064,11816,137,2,1,24,2,1,44,0.001,0.001,,,,,NVIDIA A100-SXM4-40GB MIG 4g.20gb (0),1,,13,"void ch_est::chEstFilterNoDftSOfdmDispatchKernel<float, __half, float, (unsigned int)2>(ch_est::puschRxChEstStatDescr_t *, ch_est::puschRxChEstDynDescr_t *)"
2062511649,12256,11817,137,2,1,24,2,1,44,0.001,0.001,,,,,NVIDIA A100-SXM4-40GB MIG 4g.20gb (0),1,,13,"void ch_est::chEstFilterNoDftSOfdmDispatchKernel<float, __half, float, (unsigned int)2>(ch_est::puschRxChEstStatDescr_t *, ch_est::puschRxChEstDynDescr_t *)"
2062826878,4480,11828,103,1,1,128,1,1,16,0.000,0.000,,,,,NVIDIA A100-SXM4-40GB MIG 4g.20gb (0),1,,13,cupy_copy__complex64_complex64
2063013787,28192,11838,1434,1,1,128,1,1,16,0.000,0.000,,,,,NVIDIA A100-SXM4-40GB MIG 4g.20gb (0),1,,13,cupy_copy__complex64_complex64
2063400087,9856,11845,103,1,1,128,1,1,16,0.000,0.000,,,,,NVIDIA A100-SXM4-40GB MIG 4g.20gb (0),1,,13,cupy_copy__complex64_complex64
2063718963,258205,11852,1,1,1,32,32,1,30,0.000,0.000,,,,,NVIDIA A100-SXM4-40GB MIG 4g.20gb (0),1,,13,"void convert_kernel<__half2, float2>(tensor_layout_any, T1 *, tensor_layout_any, const T2 *)"
2064007088,6112,11855,,,,,,,,,,0.094,15329.790,Pinned,Device,NVIDIA A100-SXM4-40GB MIG 4g.20gb (0),1,,13,[CUDA memcpy Host-to-Device]
2064329644,62816,11856,,,,,,,,,,35.810,570058.116,Device,,NVIDIA A100-SXM4-40GB MIG 4g.20gb (0),1,,13,[CUDA memset]
2064401451,4160,11858,,,,,,,,,,0.000,19.231,Pinned,Device,NVIDIA A100-SXM4-40GB MIG 4g.20gb (0),1,,13,[CUDA memcpy Host-to-Device]
2064408427,12224,11859,,,,,,,,,,0.197,16083.714,Pinned,Device,NVIDIA A100-SXM4-40GB MIG 4g.20gb (0),1,,13,[CUDA memcpy Host-to-Device]
2064801159,44543,11860,273,1,1,48,1,1,40,0.000,0.001,,,,,NVIDIA A100-SXM4-40GB MIG 4g.20gb (0),1,,13,"void pusch_noise_intf_est::noiseIntfEstNoDftSOfdmKernel<float, __half, float, float, (unsigned int)2, (unsigned int)1, (unsigned char)4, (unsigned char)4>(pusch_noise_intf_est::puschRxNoiseIntfEstDynDescr)"
2065267938,11071,11871,35,1,1,128,1,1,16,0.000,0.000,,,,,NVIDIA A100-SXM4-40GB MIG 4g.20gb (0),1,,13,cupy_copy__complex64_complex64
2065683485,3040,11880,1,1,1,1,1,1,18,0.000,0.000,,,,,NVIDIA A100-SXM4-40GB MIG 4g.20gb (0),1,,13,cupy_copy__float32_float32
2065687389,2144,11886,,,,,,,,,,0.000,1.866,Device,Pageable,NVIDIA A100-SXM4-40GB MIG 4g.20gb (0),1,,7,[CUDA memcpy Device-to-Host]
2066179447,17504,11897,1434,1,1,128,1,1,16,0.000,0.000,,,,,NVIDIA A100-SXM4-40GB MIG 4g.20gb (0),1,,13,cupy_copy__complex64_complex64
2066673137,4480,11904,103,1,1,128,1,1,16,0.000,0.000,,,,,NVIDIA A100-SXM4-40GB MIG 4g.20gb (0),1,,13,cupy_copy__complex64_complex64
2067053165,5312,11911,35,1,1,128,1,1,16,0.000,0.000,,,,,NVIDIA A100-SXM4-40GB MIG 4g.20gb (0),1,,13,cupy_copy__complex64_complex64
2067315402,9088,11918,1,1,1,1,1,1,18,0.000,0.000,,,,,NVIDIA A100-SXM4-40GB MIG 4g.20gb (0),1,,13,cupy_copy__float32_float32
2067737765,250685,11929,1,1,1,32,32,1,30,0.000,0.000,,,,,NVIDIA A100-SXM4-40GB MIG 4g.20gb (0),1,,13,"void convert_kernel<__half2, float2>(tensor_layout_any, T1 *, tensor_layout_any, const T2 *)"
2068020962,5760,11932,,,,,,,,,,0.094,16266.656,Pinned,Device,NVIDIA A100-SXM4-40GB MIG 4g.20gb (0),1,,13,[CUDA memcpy Host-to-Device]
2068219040,12735,11933,,,,,,,,,,1.547,121445.556,Device,,NVIDIA A100-SXM4-40GB MIG 4g.20gb (0),1,,13,[CUDA memset]
2068238335,5504,11938,,,,,,,,,,0.031,5686.045,Pinned,Device,NVIDIA A100-SXM4-40GB MIG 4g.20gb (0),1,,13,[CUDA memcpy Host-to-Device]
2068246559,15104,11939,,,,,,,,,,0.197,13016.826,Pinned,Device,NVIDIA A100-SXM4-40GB MIG 4g.20gb (0),1,,13,[CUDA memcpy Host-to-Device]
2068631099,20928,11940,273,1,1,8,4,1,39,0.002,0.000,,,,,NVIDIA A100-SXM4-40GB MIG 4g.20gb (0),1,,13,"void channel_eq::eqMmseCoefCompLowMimoKernel<float, float, float, (unsigned int)4, (unsigned int)1, (unsigned int)4>(const channel_eq::_puschRxChEqStatDescr *, channel_eq::_puschRxChEqCoefCompDynDescr)"
2069040022,22400,11941,273,1,1,12,11,1,51,0.002,0.000,,,,,NVIDIA A100-SXM4-40GB MIG 4g.20gb (0),1,,13,"void channel_eq::eqMmseSoftDemapKernel<float, __half, __half, float, (unsigned int)4, (unsigned short)16383>(channel_eq::_puschRxChEqStatDescr *, channel_eq::_puschRxChEqSoftDemapDynDescr)"
2069450193,707576,11942,1,1,1,32,32,1,30,0.000,0.000,,,,,NVIDIA A100-SXM4-40GB MIG 4g.20gb (0),1,,13,"void convert_kernel<float2, __half2>(tensor_layout_any, T1 *, tensor_layout_any, const T2 *)"
2070327431,16896,11954,2253,1,1,128,1,1,16,0.000,0.000,,,,,NVIDIA A100-SXM4-40GB MIG 4g.20gb (0),1,,13,cupy_copy__float16_float16
2070690275,4768,11963,282,1,1,128,1,1,16,0.000,0.000,,,,,NVIDIA A100-SXM4-40GB MIG 4g.20gb (0),1,,13,cupy_copy__complex64_complex64
2070978752,4320,11972,26,1,1,128,1,1,16,0.000,0.000,,,,,NVIDIA A100-SXM4-40GB MIG 4g.20gb (0),1,,13,cupy_copy__float32_float32
2071199645,8064,11981,103,1,1,128,1,1,16,0.000,0.000,,,,,NVIDIA A100-SXM4-40GB MIG 4g.20gb (0),1,,13,cupy_copy__complex64_complex64
2071685656,30559,11991,1434,1,1,128,1,1,16,0.000,0.000,,,,,NVIDIA A100-SXM4-40GB MIG 4g.20gb (0),1,,13,cupy_copy__complex64_complex64
2072183954,213214,11996,1,1,1,32,32,1,30,0.000,0.000,,,,,NVIDIA A100-SXM4-40GB MIG 4g.20gb (0),1,,13,"void convert_kernel<__half2, float2>(tensor_layout_any, T1 *, tensor_layout_any, const T2 *)"
2072428399,9216,11999,,,,,,,,,,0.094,10166.578,Pinned,Device,NVIDIA A100-SXM4-40GB MIG 4g.20gb (0),1,,13,[CUDA memcpy Host-to-Device]
2072662957,624248,12000,,,,,,,,,,456.561,730954.865,Device,,NVIDIA A100-SXM4-40GB MIG 4g.20gb (0),1,,13,[CUDA memset]
2073291141,68800,12005,,,,,,,,,,1.235,17948.676,Pinned,Device,NVIDIA A100-SXM4-40GB MIG 4g.20gb (0),1,,13,[CUDA memcpy Host-to-Device]
2073362372,11392,12006,,,,,,,,,,0.197,17258.250,Pinned,Device,NVIDIA A100-SXM4-40GB MIG 4g.20gb (0),1,,13,[CUDA memcpy Host-to-Device]
2073773920,23967,12007,69,4,1,48,1,1,76,0.002,0.000,,,,,NVIDIA A100-SXM4-40GB MIG 4g.20gb (0),1,,13,"void ch_est::windowedChEstPreNoDftSOfdmKernel<float, __half, float, (unsigned int)2, (unsigned int)1, (unsigned short)4>(ch_est::puschRxChEstStatDescr_t *, ch_est::puschRxChEstDynDescr_t *)"
2074272378,15552,12008,137,2,1,24,2,1,44,0.001,0.001,,,,,NVIDIA A100-SXM4-40GB MIG 4g.20gb (0),1,,13,"void ch_est::chEstFilterNoDftSOfdmDispatchKernel<float, __half, float, (unsigned int)2>(ch_est::puschRxChEstStatDescr_t *, ch_est::puschRxChEstDynDescr_t *)"
2074762548,15808,12009,137,2,1,24,2,1,44,0.001,0.001,,,,,NVIDIA A100-SXM4-40GB MIG 4g.20gb (0),1,,13,"void ch_est::chEstFilterNoDftSOfdmDispatchKernel<float, __half, float, (unsigned int)2>(ch_est::puschRxChEstStatDescr_t *, ch_est::puschRxChEstDynDescr_t *)"
2075123696,4960,12020,103,1,1,128,1,1,16,0.000,0.000,,,,,NVIDIA A100-SXM4-40GB MIG 4g.20gb (0),1,,13,cupy_copy__complex64_complex64
2075420301,19936,12030,1434,1,1,128,1,1,16,0.000,0.000,,,,,NVIDIA A100-SXM4-40GB MIG 4g.20gb (0),1,,13,cupy_copy__complex64_complex64
2075620587,12895,12037,103,1,1,128,1,1,16,0.000,0.000,,,,,NVIDIA A100-SXM4-40GB MIG 4g.20gb (0),1,,13,cupy_copy__complex64_complex64
2075963463,238941,12044,1,1,1,32,32,1,30,0.000,0.000,,,,,NVIDIA A100-SXM4-40GB MIG 4g.20gb (0),1,,13,"void convert_kernel<__half2, float2>(tensor_layout_any, T1 *, tensor_layout_any, const T2 *)"
2076234243,5760,12047,,,,,,,,,,0.094,16266.656,Pinned,Device,NVIDIA A100-SXM4-40GB MIG 4g.20gb (0),1,,13,[CUDA memcpy Host-to-Device]
2076491809,52639,12048,,,,,,,,,,35.810,680281.050,Device,,NVIDIA A100-SXM4-40GB MIG 4g.20gb (0),1,,13,[CUDA memset]
2076550272,1984,12050,,,,,,,,,,0.000,40.323,Pinned,Device,NVIDIA A100-SXM4-40GB MIG 4g.20gb (0),1,,13,[CUDA memcpy Host-to-Device]
2076554688,9344,12051,,,,,,,,,,0.197,21040.988,Pinned,Device,NVIDIA A100-SXM4-40GB MIG 4g.20gb (0),1,,13,[CUDA memcpy Host-to-Device]
2076976955,15616,12052,273,1,1,48,1,1,40,0.000,0.001,,,,,NVIDIA A100-SXM4-40GB MIG 4g.20gb (0),1,,13,"void pusch_noise_intf_est::noiseIntfEstNoDftSOfdmKernel<float, __half, float, float, (unsigned int)2, (unsigned int)1, (unsigned char)4, (unsigned char)4>(pusch_noise_intf_est::puschRxNoiseIntfEstDynDescr)"
2077412758,6208,12063,35,1,1,128,1,1,16,0.000,0.000,,,,,NVIDIA A100-SXM4-40GB MIG 4g.20gb (0),1,,13,cupy_copy__complex64_complex64
2077757746,3072,12072,1,1,1,1,1,1,18,0.000,0.000,,,,,NVIDIA A100-SXM4-40GB MIG 4g.20gb (0),1,,13,cupy_copy__float32_float32
2077766866,2016,12078,,,,,,,,,,0.000,1.984,Device,Pageable,NVIDIA A100-SXM4-40GB MIG 4g.20gb (0),1,,7,[CUDA memcpy Device-to-Host]
2078225901,18815,12089,1434,1,1,128,1,1,16,0.000,0.000,,,,,NVIDIA A100-SXM4-40GB MIG 4g.20gb (0),1,,13,cupy_copy__complex64_complex64
2078767174,5728,12096,103,1,1,128,1,1,16,0.000,0.000,,,,,NVIDIA A100-SXM4-40GB MIG 4g.20gb (0),1,,13,cupy_copy__complex64_complex64
2079298272,10144,12103,35,1,1,128,1,1,16,0.000,0.000,,,,,NVIDIA A100-SXM4-40GB MIG 4g.20gb (0),1,,13,cupy_copy__complex64_complex64
2079717019,4416,12110,1,1,1,1,1,1,18,0.000,0.000,,,,,NVIDIA A100-SXM4-40GB MIG 4g.20gb (0),1,,13,cupy_copy__float32_float32
2080140695,224061,12121,1,1,1,32,32,1,30,0.000,0.000,,,,,NVIDIA A100-SXM4-40GB MIG 4g.20gb (0),1,,13,"void convert_kernel<__half2, float2>(tensor_layout_any, T1 *, tensor_layout_any, const T2 *)"
2080400404,13183,12124,,,,,,,,,,0.094,7107.310,Pinned,Device,NVIDIA A100-SXM4-40GB MIG 4g.20gb (0),1,,13,[CUDA memcpy Host-to-Device]
2080885326,9440,12125,,,,,,,,,,1.547,163836.974,Device,,NVIDIA A100-SXM4-40GB MIG 4g.20gb (0),1,,13,[CUDA memset]
2080898574,4256,12130,,,,,,,,,,0.031,7353.371,Pinned,Device,NVIDIA A100-SXM4-40GB MIG 4g.20gb (0),1,,13,[CUDA memcpy Host-to-Device]
2080909422,22207,12131,,,,,,,,,,0.197,8853.258,Pinned,Device,NVIDIA A100-SXM4-40GB MIG 4g.20gb (0),1,,13,[CUDA memcpy Host-to-Device]
2081418248,10240,12132,273,1,1,8,4,1,39,0.002,0.000,,,,,NVIDIA A100-SXM4-40GB MIG 4g.20gb (0),1,,13,"void channel_eq::eqMmseCoefCompLowMimoKernel<float, float, float, (unsigned int)4, (unsigned int)1, (unsigned int)4>(const channel_eq::_puschRxChEqStatDescr *, channel_eq::_puschRxChEqCoefCompDynDescr)"
2081959170,9984,12133,273,1,1,12,11,1,51,0.002,0.000,,,,,NVIDIA A100-SXM4-40GB MIG 4g.20gb (0),1,,13,"void channel_eq::eqMmseSoftDemapKernel<float, __half, __half, float, (unsigned int)4, (unsigned short)16383>(channel_eq::_puschRxChEqStatDescr *, channel_eq::_puschRxChEqSoftDemapDynDescr)"
2082391229,649208,12134,1,1,1,32,32,1,30,0.000,0.000,,,,,NVIDIA A100-SXM4-40GB MIG 4g.20gb (0),1,,13,"void convert_kernel<float2, __half2>(tensor_layout_any, T1 *, tensor_layout_any, const T2 *)"
2083264819,19903,12146,2253,1,1,128,1,1,16,0.000,0.000,,,,,NVIDIA A100-SXM4-40GB MIG 4g.20gb (0),1,,13,cupy_copy__float16_float16
2083664846,9664,12155,282,1,1,128,1,1,16,0.000,0.000,,,,,NVIDIA A100-SXM4-40GB MIG 4g.20gb (0),1,,13,cupy_copy__complex64_complex64
2084071881,7776,12164,26,1,1,128,1,1,16,0.000,0.000,,,,,NVIDIA A100-SXM4-40GB MIG 4g.20gb (0),1,,13,cupy_copy__float32_float32
2084419685,10240,12173,103,1,1,128,1,1,16,0.000,0.000,,,,,NVIDIA A100-SXM4-40GB MIG 4g.20gb (0),1,,13,cupy_copy__complex64_complex64
2084709890,20800,12183,1434,1,1,128,1,1,16,0.000,0.000,,,,,NVIDIA A100-SXM4-40GB MIG 4g.20gb (0),1,,13,cupy_copy__complex64_complex64
2084902976,248765,12188,1,1,1,32,32,1,30,0.000,0.000,,,,,NVIDIA A100-SXM4-40GB MIG 4g.20gb (0),1,,13,"void convert_kernel<__half2, float2>(tensor_layout_any, T1 *, tensor_layout_any, const T2 *)"
2085183293,6400,12191,,,,,,,,,,0.094,14640.000,Pinned,Device,NVIDIA A100-SXM4-40GB MIG 4g.20gb (0),1,,13,[CUDA memcpy Host-to-Device]
2085488601,612633,12192,,,,,,,,,,456.561,745108.270,Device,,NVIDIA A100-SXM4-40GB MIG 4g.20gb (0),1,,13,[CUDA memset]
2086107186,59839,12197,,,,,,,,,,1.235,20637.149,Pinned,Device,NVIDIA A100-SXM4-40GB MIG 4g.20gb (0),1,,13,[CUDA memcpy Host-to-Device]
2086169777,13248,12198,,,,,,,,,,0.197,14840.562,Pinned,Device,NVIDIA A100-SXM4-40GB MIG 4g.20gb (0),1,,13,[CUDA memcpy Host-to-Device]
2086633356,12512,12199,69,4,1,48,1,1,76,0.002,0.000,,,,,NVIDIA A100-SXM4-40GB MIG 4g.20gb (0),1,,13,"void ch_est::windowedChEstPreNoDftSOfdmKernel<float, __half, float, (unsigned int)2, (unsigned int)1, (unsigned short)4>(ch_est::puschRxChEstStatDescr_t *, ch_est::puschRxChEstDynDescr_t *)"
2087048455,14176,12200,137,2,1,24,2,1,44,0.001,0.001,,,,,NVIDIA A100-SXM4-40GB MIG 4g.20gb (0),1,,13,"void ch_est::chEstFilterNoDftSOfdmDispatchKernel<float, __half, float, (unsigned int)2>(ch_est::puschRxChEstStatDescr_t *, ch_est::puschRxChEstDynDescr_t *)"
2087397923,13696,12201,137,2,1,24,2,1,44,0.001,0.001,,,,,NVIDIA A100-SXM4-40GB MIG 4g.20gb (0),1,,13,"void ch_est::chEstFilterNoDftSOfdmDispatchKernel<float, __half, float, (unsigned int)2>(ch_est::puschRxChEstStatDescr_t *, ch_est::puschRxChEstDynDescr_t *)"
2087693184,6144,12212,103,1,1,128,1,1,16,0.000,0.000,,,,,NVIDIA A100-SXM4-40GB MIG 4g.20gb (0),1,,13,cupy_copy__complex64_complex64
2087875006,25983,12222,1434,1,1,128,1,1,16,0.000,0.000,,,,,NVIDIA A100-SXM4-40GB MIG 4g.20gb (0),1,,13,cupy_copy__complex64_complex64
2088229562,9727,12229,103,1,1,128,1,1,16,0.000,0.000,,,,,NVIDIA A100-SXM4-40GB MIG 4g.20gb (0),1,,13,cupy_copy__complex64_complex64
2088578838,253085,12236,1,1,1,32,32,1,30,0.000,0.000,,,,,NVIDIA A100-SXM4-40GB MIG 4g.20gb (0),1,,13,"void convert_kernel<__half2, float2>(tensor_layout_any, T1 *, tensor_layout_any, const T2 *)"
2088863314,10336,12239,,,,,,,,,,0.094,9064.994,Pinned,Device,NVIDIA A100-SXM4-40GB MIG 4g.20gb (0),1,,13,[CUDA memcpy Host-to-Device]
2089209774,62528,12240,,,,,,,,,,35.810,572672.241,Device,,NVIDIA A100-SXM4-40GB MIG 4g.20gb (0),1,,13,[CUDA memset]
2089280430,2015,12242,,,,,,,,,,0.000,39.702,Pinned,Device,NVIDIA A100-SXM4-40GB MIG 4g.20gb (0),1,,13,[CUDA memcpy Host-to-Device]
2089285549,9472,12243,,,,,,,,,,0.197,20756.693,Pinned,Device,NVIDIA A100-SXM4-40GB MIG 4g.20gb (0),1,,13,[CUDA memcpy Host-to-Device]
2089699497,18847,12244,273,1,1,48,1,1,40,0.000,0.001,,,,,NVIDIA A100-SXM4-40GB MIG 4g.20gb (0),1,,13,"void pusch_noise_intf_est::noiseIntfEstNoDftSOfdmKernel<float, __half, float, float, (unsigned int)2, (unsigned int)1, (unsigned char)4, (unsigned char)4>(pusch_noise_intf_est::puschRxNoiseIntfEstDynDescr)"
2090146916,4320,12255,35,1,1,128,1,1,16,0.000,0.000,,,,,NVIDIA A100-SXM4-40GB MIG 4g.20gb (0),1,,13,cupy_copy__complex64_complex64
2090479776,4064,12264,1,1,1,1,1,1,18,0.000,0.000,,,,,NVIDIA A100-SXM4-40GB MIG 4g.20gb (0),1,,13,cupy_copy__float32_float32
2090484832,4928,12270,,,,,,,,,,0.000,0.812,Device,Pageable,NVIDIA A100-SXM4-40GB MIG 4g.20gb (0),1,,7,[CUDA memcpy Device-to-Host]
2090731197,21312,12281,1434,1,1,128,1,1,16,0.000,0.000,,,,,NVIDIA A100-SXM4-40GB MIG 4g.20gb (0),1,,13,cupy_copy__complex64_complex64
2091260375,10720,12288,103,1,1,128,1,1,16,0.000,0.000,,,,,NVIDIA A100-SXM4-40GB MIG 4g.20gb (0),1,,13,cupy_copy__complex64_complex64
2091697490,4928,12295,35,1,1,128,1,1,16,0.000,0.000,,,,,NVIDIA A100-SXM4-40GB MIG 4g.20gb (0),1,,13,cupy_copy__complex64_complex64
2092113997,2944,12302,1,1,1,1,1,1,18,0.000,0.000,,,,,NVIDIA A100-SXM4-40GB MIG 4g.20gb (0),1,,13,cupy_copy__float32_float32
2092507304,265021,12313,1,1,1,32,32,1,30,0.000,0.000,,,,,NVIDIA A100-SXM4-40GB MIG 4g.20gb (0),1,,13,"void convert_kernel<__half2, float2>(tensor_layout_any, T1 *, tensor_layout_any, const T2 *)"
2092817957,20352,12316,,,,,,,,,,0.094,4603.753,Pinned,Device,NVIDIA A100-SXM4-40GB MIG 4g.20gb (0),1,,13,[CUDA memcpy Host-to-Device]
2093311903,16992,12317,,,,,,,,,,1.547,91020.369,Device,,NVIDIA A100-SXM4-40GB MIG 4g.20gb (0),1,,13,[CUDA memset]
2093330047,3136,12322,,,,,,,,,,0.031,9979.575,Pinned,Device,NVIDIA A100-SXM4-40GB MIG 4g.20gb (0),1,,13,[CUDA memcpy Host-to-Device]
2093339103,14048,12323,,,,,,,,,,0.197,13995.344,Pinned,Device,NVIDIA A100-SXM4-40GB MIG 4g.20gb (0),1,,13,[CUDA memcpy Host-to-Device]
2093738042,18752,12324,273,1,1,8,4,1,39,0.002,0.000,,,,,NVIDIA A100-SXM4-40GB MIG 4g.20gb (0),1,,13,"void channel_eq::eqMmseCoefCompLowMimoKernel<float, float, float, (unsigned int)4, (unsigned int)1, (unsigned int)4>(const channel_eq::_puschRxChEqStatDescr *, channel_eq::_puschRxChEqCoefCompDynDescr)"
2094155829,19712,12325,273,1,1,12,11,1,51,0.002,0.000,,,,,NVIDIA A100-SXM4-40GB MIG 4g.20gb (0),1,,13,"void channel_eq::eqMmseSoftDemapKernel<float, __half, __half, float, (unsigned int)4, (unsigned short)16383>(channel_eq::_puschRxChEqStatDescr *, channel_eq::_puschRxChEqSoftDemapDynDescr)"
2094588624,728088,12326,1,1,1,32,32,1,30,0.000,0.000,,,,,NVIDIA A100-SXM4-40GB MIG 4g.20gb (0),1,,13,"void convert_kernel<float2, __half2>(tensor_layout_any, T1 *, tensor_layout_any, const T2 *)"
2095581253,33184,12338,2253,1,1,128,1,1,16,0.000,0.000,,,,,NVIDIA A100-SXM4-40GB MIG 4g.20gb (0),1,,13,cupy_copy__float16_float16
2096045248,6208,12347,282,1,1,128,1,1,16,0.000,0.000,,,,,NVIDIA A100-SXM4-40GB MIG 4g.20gb (0),1,,13,cupy_copy__complex64_complex64
2096382268,9056,12356,26,1,1,128,1,1,16,0.000,0.000,,,,,NVIDIA A100-SXM4-40GB MIG 4g.20gb (0),1,,13,cupy_copy__float32_float32
2096701976,7136,12365,103,1,1,128,1,1,16,0.000,0.000,,,,,NVIDIA A100-SXM4-40GB MIG 4g.20gb (0),1,,13,cupy_copy__complex64_complex64
2096924694,27231,12375,1434,1,1,128,1,1,16,0.000,0.000,,,,,NVIDIA A100-SXM4-40GB MIG 4g.20gb (0),1,,13,cupy_copy__complex64_complex64
2097267026,254045,12380,1,1,1,32,32,1,30,0.000,0.000,,,,,NVIDIA A100-SXM4-40GB MIG 4g.20gb (0),1,,13,"void convert_kernel<__half2, float2>(tensor_layout_any, T1 *, tensor_layout_any, const T2 *)"
2097552494,9120,12383,,,,,,,,,,0.094,10273.673,Pinned,Device,NVIDIA A100-SXM4-40GB MIG 4g.20gb (0),1,,13,[CUDA memcpy Host-to-Device]
2097944554,611033,12384,,,,,,,,,,456.561,746934.516,Device,,NVIDIA A100-SXM4-40GB MIG 4g.20gb (0),1,,13,[CUDA memset]
2098564259,54431,12389,,,,,,,,,,1.235,22687.156,Pinned,Device,NVIDIA A100-SXM4-40GB MIG 4g.20gb (0),1,,13,[CUDA memcpy Host-to-Device]
2098621154,9568,12390,,,,,,,,,,0.197,20548.485,Pinned,Device,NVIDIA A100-SXM4-40GB MIG 4g.20gb (0),1,,13,[CUDA memcpy Host-to-Device]
2099094941,19295,12391,69,4,1,48,1,1,76,0.002,0.000,,,,,NVIDIA A100-SXM4-40GB MIG 4g.20gb (0),1,,13,"void ch_est::windowedChEstPreNoDftSOfdmKernel<float, __half, float, (unsigned int)2, (unsigned int)1, (unsigned short)4>(ch_est::puschRxChEstStatDescr_t *, ch_est::puschRxChEstDynDescr_t *)"
2099558519,11424,12392,137,2,1,24,2,1,44,0.001,0.001,,,,,NVIDIA A100-SXM4-40GB MIG 4g.20gb (0),1,,13,"void ch_est::chEstFilterNoDftSOfdmDispatchKernel<float, __half, float, (unsigned int)2>(ch_est::puschRxChEstStatDescr_t *, ch_est::puschRxChEstDynDescr_t *)"
2099896691,10176,12393,137,2,1,24,2,1,44,0.001,0.001,,,,,NVIDIA A100-SXM4-40GB MIG 4g.20gb (0),1,,13,"void ch_est::chEstFilterNoDftSOfdmDispatchKernel<float, __half, float, (unsigned int)2>(ch_est::puschRxChEstStatDescr_t *, ch_est::puschRxChEstDynDescr_t *)"
2100233808,5792,12404,103,1,1,128,1,1,16,0.000,0.000,,,,,NVIDIA A100-SXM4-40GB MIG 4g.20gb (0),1,,13,cupy_copy__complex64_complex64
2100456909,19904,12414,1434,1,1,128,1,1,16,0.000,0.000,,,,,NVIDIA A100-SXM4-40GB MIG 4g.20gb (0),1,,13,cupy_copy__complex64_complex64
2100814953,7072,12421,103,1,1,128,1,1,16,0.000,0.000,,,,,NVIDIA A100-SXM4-40GB MIG 4g.20gb (0),1,,13,cupy_copy__complex64_complex64
2100994919,279325,12428,1,1,1,32,32,1,30,0.000,0.000,,,,,NVIDIA A100-SXM4-40GB MIG 4g.20gb (0),1,,13,"void convert_kernel<__half2, float2>(tensor_layout_any, T1 *, tensor_layout_any, const T2 *)"
2101312067,9760,12431,,,,,,,,,,0.094,9599.998,Pinned,Device,NVIDIA A100-SXM4-40GB MIG 4g.20gb (0),1,,13,[CUDA memcpy Host-to-Device]
2101601280,46431,12432,,,,,,,,,,35.810,771238.247,Device,,NVIDIA A100-SXM4-40GB MIG 4g.20gb (0),1,,13,[CUDA memset]
2101657087,4800,12434,,,,,,,,,,0.000,16.667,Pinned,Device,NVIDIA A100-SXM4-40GB MIG 4g.20gb (0),1,,13,[CUDA memcpy Host-to-Device]
2101668735,10912,12435,,,,,,,,,,0.197,18017.550,Pinned,Device,NVIDIA A100-SXM4-40GB MIG 4g.20gb (0),1,,13,[CUDA memcpy Host-to-Device]
2102103802,23040,12436,273,1,1,48,1,1,40,0.000,0.001,,,,,NVIDIA A100-SXM4-40GB MIG 4g.20gb (0),1,,13,"void pusch_noise_intf_est::noiseIntfEstNoDftSOfdmKernel<float, __half, float, float, (unsigned int)2, (unsigned int)1, (unsigned char)4, (unsigned char)4>(pusch_noise_intf_est::puschRxNoiseIntfEstDynDescr)"
2102504726,6303,12447,35,1,1,128,1,1,16,0.000,0.000,,,,,NVIDIA A100-SXM4-40GB MIG 4g.20gb (0),1,,13,cupy_copy__complex64_complex64
2103061103,4256,12456,1,1,1,1,1,1,18,0.000,0.000,,,,,NVIDIA A100-SXM4-40GB MIG 4g.20gb (0),1,,13,cupy_copy__float32_float32
2103069615,4992,12462,,,,,,,,,,0.000,0.801,Device,Pageable,NVIDIA A100-SXM4-40GB MIG 4g.20gb (0),1,,7,[CUDA memcpy Device-to-Host]
2103619081,31935,12473,1434,1,1,128,1,1,16,0.000,0.000,,,,,NVIDIA A100-SXM4-40GB MIG 4g.20gb (0),1,,13,cupy_copy__complex64_complex64
2104075203,9376,12480,103,1,1,128,1,1,16,0.000,0.000,,,,,NVIDIA A100-SXM4-40GB MIG 4g.20gb (0),1,,13,cupy_copy__complex64_complex64
2104523806,8736,12487,35,1,1,128,1,1,16,0.000,0.000,,,,,NVIDIA A100-SXM4-40GB MIG 4g.20gb (0),1,,13,cupy_copy__complex64_complex64
2104867770,3328,12494,1,1,1,1,1,1,18,0.000,0.000,,,,,NVIDIA A100-SXM4-40GB MIG 4g.20gb (0),1,,13,cupy_copy__float32_float32
2105323157,261501,12505,1,1,1,32,32,1,30,0.000,0.000,,,,,NVIDIA A100-SXM4-40GB MIG 4g.20gb (0),1,,13,"void convert_kernel<__half2, float2>(tensor_layout_any, T1 *, tensor_layout_any, const T2 *)"
2105623986,5792,12508,,,,,,,,,,0.094,16176.708,Pinned,Device,NVIDIA A100-SXM4-40GB MIG 4g.20gb (0),1,,13,[CUDA memcpy Host-to-Device]
2105993197,4448,12509,,,,,,,,,,1.547,347712.008,Device,,NVIDIA A100-SXM4-40GB MIG 4g.20gb (0),1,,13,[CUDA memset]
2106004941,7232,12514,,,,,,,,,,0.031,4327.423,Pinned,Device,NVIDIA A100-SXM4-40GB MIG 4g.20gb (0),1,,13,[CUDA memcpy Host-to-Device]
2106018573,16064,12515,,,,,,,,,,0.197,12238.848,Pinned,Device,NVIDIA A100-SXM4-40GB MIG 4g.20gb (0),1,,13,[CUDA memcpy Host-to-Device]
2106557831,14048,12516,273,1,1,8,4,1,39,0.002,0.000,,,,,NVIDIA A100-SXM4-40GB MIG 4g.20gb (0),1,,13,"void channel_eq::eqMmseCoefCompLowMimoKernel<float, float, float, (unsigned int)4, (unsigned int)1, (unsigned int)4>(const channel_eq::_puschRxChEqStatDescr *, channel_eq::_puschRxChEqCoefCompDynDescr)"
2107018018,18335,12517,273,1,1,12,11,1,51,0.002,0.000,,,,,NVIDIA A100-SXM4-40GB MIG 4g.20gb (0),1,,13,"void channel_eq::eqMmseSoftDemapKernel<float, __half, __half, float, (unsigned int)4, (unsigned short)16383>(channel_eq::_puschRxChEqStatDescr *, channel_eq::_puschRxChEqSoftDemapDynDescr)"
2107478556,674265,12518,1,1,1,32,32,1,30,0.000,0.000,,,,,NVIDIA A100-SXM4-40GB MIG 4g.20gb (0),1,,13,"void convert_kernel<float2, __half2>(tensor_layout_any, T1 *, tensor_layout_any, const T2 *)"
2108262707,15744,12530,2253,1,1,128,1,1,16,0.000,0.000,,,,,NVIDIA A100-SXM4-40GB MIG 4g.20gb (0),1,,13,cupy_copy__float16_float16
2108507057,7839,12539,282,1,1,128,1,1,16,0.000,0.000,,,,,NVIDIA A100-SXM4-40GB MIG 4g.20gb (0),1,,13,cupy_copy__complex64_complex64
2108698414,5600,12548,26,1,1,128,1,1,16,0.000,0.000,,,,,NVIDIA A100-SXM4-40GB MIG 4g.20gb (0),1,,13,cupy_copy__float32_float32
2109025771,10335,12557,103,1,1,128,1,1,16,0.000,0.000,,,,,NVIDIA A100-SXM4-40GB MIG 4g.20gb (0),1,,13,cupy_copy__complex64_complex64
2109314375,19296,12567,1434,1,1,128,1,1,16,0.000,0.000,,,,,NVIDIA A100-SXM4-40GB MIG 4g.20gb (0),1,,13,cupy_copy__complex64_complex64
2109501861,310205,12572,1,1,1,32,32,1,30,0.000,0.000,,,,,NVIDIA A100-SXM4-40GB MIG 4g.20gb (0),1,,13,"void convert_kernel<__half2, float2>(tensor_layout_any, T1 *, tensor_layout_any, const T2 *)"
2109844385,7424,12575,,,,,,,,,,0.094,12620.664,Pinned,Device,NVIDIA A100-SXM4-40GB MIG 4g.20gb (0),1,,13,[CUDA memcpy Host-to-Device]
2110064287,612249,12576,,,,,,,,,,456.561,745564.832,Device,,NVIDIA A100-SXM4-40GB MIG 4g.20gb (0),1,,13,[CUDA memset]
2110680760,68095,12581,,,,,,,,,,1.235,18135.153,Pinned,Device,NVIDIA A100-SXM4-40GB MIG 4g.20gb (0),1,,13,[CUDA memcpy Host-to-Device]
2110751319,9600,12582,,,,,,,,,,0.197,20479.869,Pinned,Device,NVIDIA A100-SXM4-40GB MIG 4g.20gb (0),1,,13,[CUDA memcpy Host-to-Device]
2111164146,13600,12583,69,4,1,48,1,1,76,0.002,0.000,,,,,NVIDIA A100-SXM4-40GB MIG 4g.20gb (0),1,,13,"void ch_est::windowedChEstPreNoDftSOfdmKernel<float, __half, float, (unsigned int)2, (unsigned int)1, (unsigned short)4>(ch_est::puschRxChEstStatDescr_t *, ch_est::puschRxChEstDynDescr_t *)"
2111569229,12288,12584,137,2,1,24,2,1,44,0.001,0.001,,,,,NVIDIA A100-SXM4-40GB MIG 4g.20gb (0),1,,13,"void ch_est::chEstFilterNoDftSOfdmDispatchKernel<float, __half, float, (unsigned int)2>(ch_est::puschRxChEstStatDescr_t *, ch_est::puschRxChEstDynDescr_t *)"
2111969865,12352,12585,137,2,1,24,2,1,44,0.001,0.001,,,,,NVIDIA A100-SXM4-40GB MIG 4g.20gb (0),1,,13,"void ch_est::chEstFilterNoDftSOfdmDispatchKernel<float, __half, float, (unsigned int)2>(ch_est::puschRxChEstStatDescr_t *, ch_est::puschRxChEstDynDescr_t *)"
2112373412,8128,12596,103,1,1,128,1,1,16,0.000,0.000,,,,,NVIDIA A100-SXM4-40GB MIG 4g.20gb (0),1,,13,cupy_copy__complex64_complex64
2112711840,22560,12606,1434,1,1,128,1,1,16,0.000,0.000,,,,,NVIDIA A100-SXM4-40GB MIG 4g.20gb (0),1,,13,cupy_copy__complex64_complex64
2113191867,4384,12613,103,1,1,128,1,1,16,0.000,0.000,,,,,NVIDIA A100-SXM4-40GB MIG 4g.20gb (0),1,,13,cupy_copy__complex64_complex64
2113542615,272860,12620,1,1,1,32,32,1,30,0.000,0.000,,,,,NVIDIA A100-SXM4-40GB MIG 4g.20gb (0),1,,13,"void convert_kernel<__half2, float2>(tensor_layout_any, T1 *, tensor_layout_any, const T2 *)"
2113846739,6720,12623,,,,,,,,,,0.094,13942.808,Pinned,Device,NVIDIA A100-SXM4-40GB MIG 4g.20gb (0),1,,13,[CUDA memcpy Host-to-Device]
2114134224,51071,12624,,,,,,,,,,35.810,701158.234,Device,,NVIDIA A100-SXM4-40GB MIG 4g.20gb (0),1,,13,[CUDA memset]
2114191151,4992,12626,,,,,,,,,,0.000,16.026,Pinned,Device,NVIDIA A100-SXM4-40GB MIG 4g.20gb (0),1,,13,[CUDA memcpy Host-to-Device]
2114198575,13216,12627,,,,,,,,,,0.197,14876.344,Pinned,Device,NVIDIA A100-SXM4-40GB MIG 4g.20gb (0),1,,13,[CUDA memcpy Host-to-Device]
2114602154,16288,12628,273,1,1,48,1,1,40,0.000,0.001,,,,,NVIDIA A100-SXM4-40GB MIG 4g.20gb (0),1,,13,"void pusch_noise_intf_est::noiseIntfEstNoDftSOfdmKernel<float, __half, float, float, (unsigned int)2, (unsigned int)1, (unsigned char)4, (unsigned char)4>(pusch_noise_intf_est::puschRxNoiseIntfEstDynDescr)"
2114994790,5152,12639,35,1,1,128,1,1,16,0.000,0.000,,,,,NVIDIA A100-SXM4-40GB MIG 4g.20gb (0),1,,13,cupy_copy__complex64_complex64
2115322306,2944,12648,1,1,1,1,1,1,18,0.000,0.000,,,,,NVIDIA A100-SXM4-40GB MIG 4g.20gb (0),1,,13,cupy_copy__float32_float32
2115333922,1856,12654,,,,,,,,,,0.000,2.155,Device,Pageable,NVIDIA A100-SXM4-40GB MIG 4g.20gb (0),1,,7,[CUDA memcpy Device-to-Host]
2115833948,17568,12665,1434,1,1,128,1,1,16,0.000,0.000,,,,,NVIDIA A100-SXM4-40GB MIG 4g.20gb (0),1,,13,cupy_copy__complex64_complex64
2116338262,4672,12672,103,1,1,128,1,1,16,0.000,0.000,,,,,NVIDIA A100-SXM4-40GB MIG 4g.20gb (0),1,,13,cupy_copy__complex64_complex64
2116773681,3968,12679,35,1,1,128,1,1,16,0.000,0.000,,,,,NVIDIA A100-SXM4-40GB MIG 4g.20gb (0),1,,13,cupy_copy__complex64_complex64
2117153357,3808,12686,1,1,1,1,1,1,18,0.000,0.000,,,,,NVIDIA A100-SXM4-40GB MIG 4g.20gb (0),1,,13,cupy_copy__float32_float32
2117429322,252221,12697,1,1,1,32,32,1,30,0.000,0.000,,,,,NVIDIA A100-SXM4-40GB MIG 4g.20gb (0),1,,13,"void convert_kernel<__half2, float2>(tensor_layout_any, T1 *, tensor_layout_any, const T2 *)"
2117715079,6112,12700,,,,,,,,,,0.094,15329.790,Pinned,Device,NVIDIA A100-SXM4-40GB MIG 4g.20gb (0),1,,13,[CUDA memcpy Host-to-Device]
2117890917,5472,12701,,,,,,,,,,1.547,282642.443,Device,,NVIDIA A100-SXM4-40GB MIG 4g.20gb (0),1,,13,[CUDA memset]
2117898597,6527,12706,,,,,,,,,,0.031,4794.829,Pinned,Device,NVIDIA A100-SXM4-40GB MIG 4g.20gb (0),1,,13,[CUDA memcpy Host-to-Device]
2117910788,14240,12707,,,,,,,,,,0.197,13806.600,Pinned,Device,NVIDIA A100-SXM4-40GB MIG 4g.20gb (0),1,,13,[CUDA memcpy Host-to-Device]
2118319744,14048,12708,273,1,1,8,4,1,39,0.002,0.000,,,,,NVIDIA A100-SXM4-40GB MIG 4g.20gb (0),1,,13,"void channel_eq::eqMmseCoefCompLowMimoKernel<float, float, float, (unsigned int)4, (unsigned int)1, (unsigned int)4>(const channel_eq::_puschRxChEqStatDescr *, channel_eq::_puschRxChEqCoefCompDynDescr)"
2118757531,13088,12709,273,1,1,12,11,1,51,0.002,0.000,,,,,NVIDIA A100-SXM4-40GB MIG 4g.20gb (0),1,,13,"void channel_eq::eqMmseSoftDemapKernel<float, __half, __half, float, (unsigned int)4, (unsigned short)16383>(channel_eq::_puschRxChEqStatDescr *, channel_eq::_puschRxChEqSoftDemapDynDescr)"
2119249173,576985,12710,1,1,1,32,32,1,30,0.000,0.000,,,,,NVIDIA A100-SXM4-40GB MIG 4g.20gb (0),1,,13,"void convert_kernel<float2, __half2>(tensor_layout_any, T1 *, tensor_layout_any, const T2 *)"
2120328425,14527,12722,2253,1,1,128,1,1,16,0.000,0.000,,,,,NVIDIA A100-SXM4-40GB MIG 4g.20gb (0),1,,13,cupy_copy__float16_float16
2120755588,11808,12731,282,1,1,128,1,1,16,0.000,0.000,,,,,NVIDIA A100-SXM4-40GB MIG 4g.20gb (0),1,,13,cupy_copy__complex64_complex64
2121072768,4896,12740,26,1,1,128,1,1,16,0.000,0.000,,,,,NVIDIA A100-SXM4-40GB MIG 4g.20gb (0),1,,13,cupy_copy__float32_float32
2121274782,6656,12749,103,1,1,128,1,1,16,0.000,0.000,,,,,NVIDIA A100-SXM4-40GB MIG 4g.20gb (0),1,,13,cupy_copy__complex64_complex64
2121608826,20864,12759,1434,1,1,128,1,1,16,0.000,0.000,,,,,NVIDIA A100-SXM4-40GB MIG 4g.20gb (0),1,,13,cupy_copy__complex64_complex64
2122049301,290877,12764,1,1,1,32,32,1,30,0.000,0.000,,,,,NVIDIA A100-SXM4-40GB MIG 4g.20gb (0),1,,13,"void convert_kernel<__half2, float2>(tensor_layout_any, T1 *, tensor_layout_any, const T2 *)"
2122373969,5792,12767,,,,,,,,,,0.094,16176.708,Pinned,Device,NVIDIA A100-SXM4-40GB MIG 4g.20gb (0),1,,13,[CUDA memcpy Host-to-Device]
2122685038,612888,12768,,,,,,,,,,456.561,744651.709,Device,,NVIDIA A100-SXM4-40GB MIG 4g.20gb (0),1,,13,[CUDA memset]
2123303014,60000,12773,,,,,,,,,,1.235,20581.577,Pinned,Device,NVIDIA A100-SXM4-40GB MIG 4g.20gb (0),1,,13,[CUDA memcpy Host-to-Device]
2123366662,11488,12774,,,,,,,,,,0.197,17114.137,Pinned,Device,NVIDIA A100-SXM4-40GB MIG 4g.20gb (0),1,,13,[CUDA memcpy Host-to-Device]
2123814113,12607,12775,69,4,1,48,1,1,76,0.002,0.000,,,,,NVIDIA A100-SXM4-40GB MIG 4g.20gb (0),1,,13,"void ch_est::windowedChEstPreNoDftSOfdmKernel<float, __half, float, (unsigned int)2, (unsigned int)1, (unsigned short)4>(ch_est::puschRxChEstStatDescr_t *, ch_est::puschRxChEstDynDescr_t *)"
2124233404,15200,12776,137,2,1,24,2,1,44,0.001,0.001,,,,,NVIDIA A100-SXM4-40GB MIG 4g.20gb (0),1,,13,"void ch_est::chEstFilterNoDftSOfdmDispatchKernel<float, __half, float, (unsigned int)2>(ch_est::puschRxChEstStatDescr_t *, ch_est::puschRxChEstDynDescr_t *)"
2124573784,12128,12777,137,2,1,24,2,1,44,0.001,0.001,,,,,NVIDIA A100-SXM4-40GB MIG 4g.20gb (0),1,,13,"void ch_est::chEstFilterNoDftSOfdmDispatchKernel<float, __half, float, (unsigned int)2>(ch_est::puschRxChEstStatDescr_t *, ch_est::puschRxChEstDynDescr_t *)"
2124855957,9791,12788,103,1,1,128,1,1,16,0.000,0.000,,,,,NVIDIA A100-SXM4-40GB MIG 4g.20gb (0),1,,13,cupy_copy__complex64_complex64
2125029939,20927,12798,1434,1,1,128,1,1,16,0.000,0.000,,,,,NVIDIA A100-SXM4-40GB MIG 4g.20gb (0),1,,13,cupy_copy__complex64_complex64
2125150481,6176,12805,103,1,1,128,1,1,16,0.000,0.000,,,,,NVIDIA A100-SXM4-40GB MIG 4g.20gb (0),1,,13,cupy_copy__complex64_complex64
2125423598,235133,12812,1,1,1,32,32,1,30,0.000,0.000,,,,,NVIDIA A100-SXM4-40GB MIG 4g.20gb (0),1,,13,"void convert_kernel<__half2, float2>(tensor_layout_any, T1 *, tensor_layout_any, const T2 *)"
2125694603,5632,12815,,,,,,,,,,0.094,16636.287,Pinned,Device,NVIDIA A100-SXM4-40GB MIG 4g.20gb (0),1,,13,[CUDA memcpy Host-to-Device]
2126039911,51327,12816,,,,,,,,,,35.810,697648.861,Device,,NVIDIA A100-SXM4-40GB MIG 4g.20gb (0),1,,13,[CUDA memset]
2126098278,5984,12818,,,,,,,,,,0.000,13.369,Pinned,Device,NVIDIA A100-SXM4-40GB MIG 4g.20gb (0),1,,13,[CUDA memcpy Host-to-Device]
2126110470,17248,12819,,,,,,,,,,0.197,11398.742,Pinned,Device,NVIDIA A100-SXM4-40GB MIG 4g.20gb (0),1,,13,[CUDA memcpy Host-to-Device]
2126657440,19840,12820,273,1,1,48,1,1,40,0.000,0.001,,,,,NVIDIA A100-SXM4-40GB MIG 4g.20gb (0),1,,13,"void pusch_noise_intf_est::noiseIntfEstNoDftSOfdmKernel<float, __half, float, float, (unsigned int)2, (unsigned int)1, (unsigned char)4, (unsigned char)4>(pusch_noise_intf_est::puschRxNoiseIntfEstDynDescr)"
2127180954,5280,12831,35,1,1,128,1,1,16,0.000,0.000,,,,,NVIDIA A100-SXM4-40GB MIG 4g.20gb (0),1,,13,cupy_copy__complex64_complex64
2127603253,3744,12840,1,1,1,1,1,1,18,0.000,0.000,,,,,NVIDIA A100-SXM4-40GB MIG 4g.20gb (0),1,,13,cupy_copy__float32_float32
2127609493,6720,12846,,,,,,,,,,0.000,0.595,Device,Pageable,NVIDIA A100-SXM4-40GB MIG 4g.20gb (0),1,,7,[CUDA memcpy Device-to-Host]
2128123055,16992,12857,1434,1,1,128,1,1,16,0.000,0.000,,,,,NVIDIA A100-SXM4-40GB MIG 4g.20gb (0),1,,13,cupy_copy__complex64_complex64
2128657289,4896,12864,103,1,1,128,1,1,16,0.000,0.000,,,,,NVIDIA A100-SXM4-40GB MIG 4g.20gb (0),1,,13,cupy_copy__complex64_complex64
2129186851,4448,12871,35,1,1,128,1,1,16,0.000,0.000,,,,,NVIDIA A100-SXM4-40GB MIG 4g.20gb (0),1,,13,cupy_copy__complex64_complex64
2129641758,3104,12878,1,1,1,1,1,1,18,0.000,0.000,,,,,NVIDIA A100-SXM4-40GB MIG 4g.20gb (0),1,,13,cupy_copy__float32_float32
2130049881,263133,12889,1,1,1,32,32,1,30,0.000,0.000,,,,,NVIDIA A100-SXM4-40GB MIG 4g.20gb (0),1,,13,"void convert_kernel<__half2, float2>(tensor_layout_any, T1 *, tensor_layout_any, const T2 *)"
2130344725,12160,12892,,,,,,,,,,0.094,7705.184,Pinned,Device,NVIDIA A100-SXM4-40GB MIG 4g.20gb (0),1,,13,[CUDA memcpy Host-to-Device]
2130790128,5728,12893,,,,,,,,,,1.547,270011.165,Device,,NVIDIA A100-SXM4-40GB MIG 4g.20gb (0),1,,13,[CUDA memset]
2130799888,6176,12898,,,,,,,,,,0.031,5067.354,Pinned,Device,NVIDIA A100-SXM4-40GB MIG 4g.20gb (0),1,,13,[CUDA memcpy Host-to-Device]
2130811248,15264,12899,,,,,,,,,,0.197,12880.380,Pinned,Device,NVIDIA A100-SXM4-40GB MIG 4g.20gb (0),1,,13,[CUDA memcpy Host-to-Device]
2131255595,15232,12900,273,1,1,8,4,1,39,0.002,0.000,,,,,NVIDIA A100-SXM4-40GB MIG 4g.20gb (0),1,,13,"void channel_eq::eqMmseCoefCompLowMimoKernel<float, float, float, (unsigned int)4, (unsigned int)1, (unsigned int)4>(const channel_eq::_puschRxChEqStatDescr *, channel_eq::_puschRxChEqCoefCompDynDescr)"
2131585799,17280,12901,273,1,1,12,11,1,51,0.002,0.000,,,,,NVIDIA A100-SXM4-40GB MIG 4g.20gb (0),1,,13,"void channel_eq::eqMmseSoftDemapKernel<float, __half, __half, float, (unsigned int)4, (unsigned short)16383>(channel_eq::_puschRxChEqStatDescr *, channel_eq::_puschRxChEqSoftDemapDynDescr)"
2131877956,712184,12902,1,1,1,32,32,1,30,0.000,0.000,,,,,NVIDIA A100-SXM4-40GB MIG 4g.20gb (0),1,,13,"void convert_kernel<float2, __half2>(tensor_layout_any, T1 *, tensor_layout_any, const T2 *)"
2132751034,15072,12914,2253,1,1,128,1,1,16,0.000,0.000,,,,,NVIDIA A100-SXM4-40GB MIG 4g.20gb (0),1,,13,cupy_copy__float16_float16
2133095062,7648,12923,282,1,1,128,1,1,16,0.000,0.000,,,,,NVIDIA A100-SXM4-40GB MIG 4g.20gb (0),1,,13,cupy_copy__complex64_complex64
2133408626,8224,12932,26,1,1,128,1,1,16,0.000,0.000,,,,,NVIDIA A100-SXM4-40GB MIG 4g.20gb (0),1,,13,cupy_copy__float32_float32
2133679535,5440,12941,103,1,1,128,1,1,16,0.000,0.000,,,,,NVIDIA A100-SXM4-40GB MIG 4g.20gb (0),1,,13,cupy_copy__complex64_complex64
2134094090,16640,12951,1434,1,1,128,1,1,16,0.000,0.000,,,,,NVIDIA A100-SXM4-40GB MIG 4g.20gb (0),1,,13,cupy_copy__complex64_complex64
2134602181,269052,12956,1,1,1,32,32,1,30,0.000,0.000,,,,,NVIDIA A100-SXM4-40GB MIG 4g.20gb (0),1,,13,"void convert_kernel<__half2, float2>(tensor_layout_any, T1 *, tensor_layout_any, const T2 *)"
2134905761,12032,12959,,,,,,,,,,0.094,7787.168,Pinned,Device,NVIDIA A100-SXM4-40GB MIG 4g.20gb (0),1,,13,[CUDA memcpy Host-to-Device]
2135217053,616313,12960,,,,,,,,,,456.561,740542.656,Device,,NVIDIA A100-SXM4-40GB MIG 4g.20gb (0),1,,13,[CUDA memset]
2135841174,58208,12965,,,,,,,,,,1.235,21215.103,Pinned,Device,NVIDIA A100-SXM4-40GB MIG 4g.20gb (0),1,,13,[CUDA memcpy Host-to-Device]
2135901846,11519,12966,,,,,,,,,,0.197,17068.130,Pinned,Device,NVIDIA A100-SXM4-40GB MIG 4g.20gb (0),1,,13,[CUDA memcpy Host-to-Device]
2136312369,16576,12967,69,4,1,48,1,1,76,0.002,0.000,,,,,NVIDIA A100-SXM4-40GB MIG 4g.20gb (0),1,,13,"void ch_est::windowedChEstPreNoDftSOfdmKernel<float, __half, float, (unsigned int)2, (unsigned int)1, (unsigned short)4>(ch_est::puschRxChEstStatDescr_t *, ch_est::puschRxChEstDynDescr_t *)"
2136811595,14400,12968,137,2,1,24,2,1,44,0.001,0.001,,,,,NVIDIA A100-SXM4-40GB MIG 4g.20gb (0),1,,13,"void ch_est::chEstFilterNoDftSOfdmDispatchKernel<float, __half, float, (unsigned int)2>(ch_est::puschRxChEstStatDescr_t *, ch_est::puschRxChEstDynDescr_t *)"
2137222918,15680,12969,137,2,1,24,2,1,44,0.001,0.001,,,,,NVIDIA A100-SXM4-40GB MIG 4g.20gb (0),1,,13,"void ch_est::chEstFilterNoDftSOfdmDispatchKernel<float, __half, float, (unsigned int)2>(ch_est::puschRxChEstStatDescr_t *, ch_est::puschRxChEstDynDescr_t *)"
2137619938,4448,12980,103,1,1,128,1,1,16,0.000,0.000,,,,,NVIDIA A100-SXM4-40GB MIG 4g.20gb (0),1,,13,cupy_copy__complex64_complex64
2137942846,21504,12990,1434,1,1,128,1,1,16,0.000,0.000,,,,,NVIDIA A100-SXM4-40GB MIG 4g.20gb (0),1,,13,cupy_copy__complex64_complex64
2138148828,8160,12997,103,1,1,128,1,1,16,0.000,0.000,,,,,NVIDIA A100-SXM4-40GB MIG 4g.20gb (0),1,,13,cupy_copy__complex64_complex64
2138501336,244829,13004,1,1,1,32,32,1,30,0.000,0.000,,,,,NVIDIA A100-SXM4-40GB MIG 4g.20gb (0),1,,13,"void convert_kernel<__half2, float2>(tensor_layout_any, T1 *, tensor_layout_any, const T2 *)"
2138778197,5407,13007,,,,,,,,,,0.094,17328.607,Pinned,Device,NVIDIA A100-SXM4-40GB MIG 4g.20gb (0),1,,13,[CUDA memcpy Host-to-Device]
2138982866,65087,13008,,,,,,,,,,35.810,550183.611,Device,,NVIDIA A100-SXM4-40GB MIG 4g.20gb (0),1,,13,[CUDA memset]
2139053489,4096,13010,,,,,,,,,,0.000,19.531,Pinned,Device,NVIDIA A100-SXM4-40GB MIG 4g.20gb (0),1,,13,[CUDA memcpy Host-to-Device]
2139059985,9568,13011,,,,,,,,,,0.197,20548.485,Pinned,Device,NVIDIA A100-SXM4-40GB MIG 4g.20gb (0),1,,13,[CUDA memcpy Host-to-Device]
2139451885,16672,13012,273,1,1,48,1,1,40,0.000,0.001,,,,,NVIDIA A100-SXM4-40GB MIG 4g.20gb (0),1,,13,"void pusch_noise_intf_est::noiseIntfEstNoDftSOfdmKernel<float, __half, float, float, (unsigned int)2, (unsigned int)1, (unsigned char)4, (unsigned char)4>(pusch_noise_intf_est::puschRxNoiseIntfEstDynDescr)"
2139850024,5312,13023,35,1,1,128,1,1,16,0.000,0.000,,,,,NVIDIA A100-SXM4-40GB MIG 4g.20gb (0),1,,13,cupy_copy__complex64_complex64
2140132869,4096,13032,1,1,1,1,1,1,18,0.000,0.000,,,,,NVIDIA A100-SXM4-40GB MIG 4g.20gb (0),1,,13,cupy_copy__float32_float32
2140141061,4512,13038,,,,,,,,,,0.000,0.887,Device,Pageable,NVIDIA A100-SXM4-40GB MIG 4g.20gb (0),1,,7,[CUDA memcpy Device-to-Host]
2140348099,21119,13049,1434,1,1,128,1,1,16,0.000,0.000,,,,,NVIDIA A100-SXM4-40GB MIG 4g.20gb (0),1,,13,cupy_copy__complex64_complex64
2140820733,5088,13056,103,1,1,128,1,1,16,0.000,0.000,,,,,NVIDIA A100-SXM4-40GB MIG 4g.20gb (0),1,,13,cupy_copy__complex64_complex64
2141231768,8320,13063,35,1,1,128,1,1,16,0.000,0.000,,,,,NVIDIA A100-SXM4-40GB MIG 4g.20gb (0),1,,13,cupy_copy__complex64_complex64
2141639604,3104,13070,1,1,1,1,1,1,18,0.000,0.000,,,,,NVIDIA A100-SXM4-40GB MIG 4g.20gb (0),1,,13,cupy_copy__float32_float32
2141990128,296124,13081,1,1,1,32,32,1,30,0.000,0.000,,,,,NVIDIA A100-SXM4-40GB MIG 4g.20gb (0),1,,13,"void convert_kernel<__half2, float2>(tensor_layout_any, T1 *, tensor_layout_any, const T2 *)"
2142318476,5952,13084,,,,,,,,,,0.094,15741.865,Pinned,Device,NVIDIA A100-SXM4-40GB MIG 4g.20gb (0),1,,13,[CUDA memcpy Host-to-Device]
2142709639,6048,13085,,,,,,,,,,1.547,255723.452,Device,,NVIDIA A100-SXM4-40GB MIG 4g.20gb (0),1,,13,[CUDA memset]
2142722855,3296,13090,,,,,,,,,,0.031,9495.144,Pinned,Device,NVIDIA A100-SXM4-40GB MIG 4g.20gb (0),1,,13,[CUDA memcpy Host-to-Device]
2142728903,16384,13091,,,,,,,,,,0.197,11999.969,Pinned,Device,NVIDIA A100-SXM4-40GB MIG 4g.20gb (0),1,,13,[CUDA memcpy Host-to-Device]
2143183074,14112,13092,273,1,1,8,4,1,39,0.002,0.000,,,,,NVIDIA A100-SXM4-40GB MIG 4g.20gb (0),1,,13,"void channel_eq::eqMmseCoefCompLowMimoKernel<float, float, float, (unsigned int)4, (unsigned int)1, (unsigned int)4>(const channel_eq::_puschRxChEqStatDescr *, channel_eq::_puschRxChEqCoefCompDynDescr)"
2143585053,11200,13093,273,1,1,12,11,1,51,0.002,0.000,,,,,NVIDIA A100-SXM4-40GB MIG 4g.20gb (0),1,,13,"void channel_eq::eqMmseSoftDemapKernel<float, __half, __half, float, (unsigned int)4, (unsigned short)16383>(channel_eq::_puschRxChEqStatDescr *, channel_eq::_puschRxChEqSoftDemapDynDescr)"
2144000121,668376,13094,1,1,1,32,32,1,30,0.000,0.000,,,,,NVIDIA A100-SXM4-40GB MIG 4g.20gb (0),1,,13,"void convert_kernel<float2, __half2>(tensor_layout_any, T1 *, tensor_layout_any, const T2 *)"
2144831183,20192,13106,2253,1,1,128,1,1,16,0.000,0.000,,,,,NVIDIA A100-SXM4-40GB MIG 4g.20gb (0),1,,13,cupy_copy__float16_float16
2145270666,5472,13115,282,1,1,128,1,1,16,0.000,0.000,,,,,NVIDIA A100-SXM4-40GB MIG 4g.20gb (0),1,,13,cupy_copy__complex64_complex64
2145612294,3904,13124,26,1,1,128,1,1,16,0.000,0.000,,,,,NVIDIA A100-SXM4-40GB MIG 4g.20gb (0),1,,13,cupy_copy__float32_float32
2145934978,8800,13133,103,1,1,128,1,1,16,0.000,0.000,,,,,NVIDIA A100-SXM4-40GB MIG 4g.20gb (0),1,,13,cupy_copy__complex64_complex64
2146140672,20544,13143,1434,1,1,128,1,1,16,0.000,0.000,,,,,NVIDIA A100-SXM4-40GB MIG 4g.20gb (0),1,,13,cupy_copy__complex64_complex64
2146626362,211294,13148,1,1,1,32,32,1,30,0.000,0.000,,,,,NVIDIA A100-SXM4-40GB MIG 4g.20gb (0),1,,13,"void convert_kernel<__half2, float2>(tensor_layout_any, T1 *, tensor_layout_any, const T2 *)"
2146868664,11007,13151,,,,,,,,,,0.094,8512.375,Pinned,Device,NVIDIA A100-SXM4-40GB MIG 4g.20gb (0),1,,13,[CUDA memcpy Host-to-Device]
2147149844,604697,13152,,,,,,,,,,456.561,754696.060,Device,,NVIDIA A100-SXM4-40GB MIG 4g.20gb (0),1,,13,[CUDA memset]
2147765453,59552,13157,,,,,,,,,,1.235,20737.180,Pinned,Device,NVIDIA A100-SXM4-40GB MIG 4g.20gb (0),1,,13,[CUDA memcpy Host-to-Device]
2147827757,9983,13158,,,,,,,,,,0.197,19694.223,Pinned,Device,NVIDIA A100-SXM4-40GB MIG 4g.20gb (0),1,,13,[CUDA memcpy Host-to-Device]
2148278727,13152,13159,69,4,1,48,1,1,76,0.002,0.000,,,,,NVIDIA A100-SXM4-40GB MIG 4g.20gb (0),1,,13,"void ch_est::windowedChEstPreNoDftSOfdmKernel<float, __half, float, (unsigned int)2, (unsigned int)1, (unsigned short)4>(ch_est::puschRxChEstStatDescr_t *, ch_est::puschRxChEstDynDescr_t *)"
2148705538,14080,13160,137,2,1,24,2,1,44,0.001,0.001,,,,,NVIDIA A100-SXM4-40GB MIG 4g.20gb (0),1,,13,"void ch_est::chEstFilterNoDftSOfdmDispatchKernel<float, __half, float, (unsigned int)2>(ch_est::puschRxChEstStatDescr_t *, ch_est::puschRxChEstDynDescr_t *)"
2149124510,15327,13161,137,2,1,24,2,1,44,0.001,0.001,,,,,NVIDIA A100-SXM4-40GB MIG 4g.20gb (0),1,,13,"void ch_est::chEstFilterNoDftSOfdmDispatchKernel<float, __half, float, (unsigned int)2>(ch_est::puschRxChEstStatDescr_t *, ch_est::puschRxChEstDynDescr_t *)"
2149541209,5600,13172,103,1,1,128,1,1,16,0.000,0.000,,,,,NVIDIA A100-SXM4-40GB MIG 4g.20gb (0),1,,13,cupy_copy__complex64_complex64
2149967572,23520,13182,1434,1,1,128,1,1,16,0.000,0.000,,,,,NVIDIA A100-SXM4-40GB MIG 4g.20gb (0),1,,13,cupy_copy__complex64_complex64
2150358575,6080,13189,103,1,1,128,1,1,16,0.000,0.000,,,,,NVIDIA A100-SXM4-40GB MIG 4g.20gb (0),1,,13,cupy_copy__complex64_complex64
2150673356,266717,13196,1,1,1,32,32,1,30,0.000,0.000,,,,,NVIDIA A100-SXM4-40GB MIG 4g.20gb (0),1,,13,"void convert_kernel<__half2, float2>(tensor_layout_any, T1 *, tensor_layout_any, const T2 *)"
2150970536,5536,13199,,,,,,,,,,0.094,16924.777,Pinned,Device,NVIDIA A100-SXM4-40GB MIG 4g.20gb (0),1,,13,[CUDA memcpy Host-to-Device]
2151321636,52832,13200,,,,,,,,,,35.810,677774.356,Device,,NVIDIA A100-SXM4-40GB MIG 4g.20gb (0),1,,13,[CUDA memset]
2151381924,4992,13202,,,,,,,,,,0.000,16.026,Pinned,Device,NVIDIA A100-SXM4-40GB MIG 4g.20gb (0),1,,13,[CUDA memcpy Host-to-Device]
2151389412,12959,13203,,,,,,,,,,0.197,15171.453,Pinned,Device,NVIDIA A100-SXM4-40GB MIG 4g.20gb (0),1,,13,[CUDA memcpy Host-to-Device]
2151808479,30879,13204,273,1,1,48,1,1,40,0.000,0.001,,,,,NVIDIA A100-SXM4-40GB MIG 4g.20gb (0),1,,13,"void pusch_noise_intf_est::noiseIntfEstNoDftSOfdmKernel<float, __half, float, float, (unsigned int)2, (unsigned int)1, (unsigned char)4, (unsigned char)4>(pusch_noise_intf_est::puschRxNoiseIntfEstDynDescr)"
2152282841,9312,13215,35,1,1,128,1,1,16,0.000,0.000,,,,,NVIDIA A100-SXM4-40GB MIG 4g.20gb (0),1,,13,cupy_copy__complex64_complex64
2152776404,3264,13224,1,1,1,1,1,1,18,0.000,0.000,,,,,NVIDIA A100-SXM4-40GB MIG 4g.20gb (0),1,,13,cupy_copy__float32_float32
2152786292,5663,13230,,,,,,,,,,0.000,0.706,Device,Pageable,NVIDIA A100-SXM4-40GB MIG 4g.20gb (0),1,,7,[CUDA memcpy Device-to-Host]
2153281070,25024,13241,1434,1,1,128,1,1,16,0.000,0.000,,,,,NVIDIA A100-SXM4-40GB MIG 4g.20gb (0),1,,13,cupy_copy__complex64_complex64
2153796936,6784,13248,103,1,1,128,1,1,16,0.000,0.000,,,,,NVIDIA A100-SXM4-40GB MIG 4g.20gb (0),1,,13,cupy_copy__complex64_complex64
2154198563,3872,13255,35,1,1,128,1,1,16,0.000,0.000,,,,,NVIDIA A100-SXM4-40GB MIG 4g.20gb (0),1,,13,cupy_copy__complex64_complex64
2154578431,4096,13262,1,1,1,1,1,1,18,0.000,0.000,,,,,NVIDIA A100-SXM4-40GB MIG 4g.20gb (0),1,,13,cupy_copy__float32_float32
2154870684,243293,13273,1,1,1,32,32,1,30,0.000,0.000,,,,,NVIDIA A100-SXM4-40GB MIG 4g.20gb (0),1,,13,"void convert_kernel<__half2, float2>(tensor_layout_any, T1 *, tensor_layout_any, const T2 *)"
2155153560,5984,13276,,,,,,,,,,0.094,15657.726,Pinned,Device,NVIDIA A100-SXM4-40GB MIG 4g.20gb (0),1,,13,[CUDA memcpy Host-to-Device]
2155287671,5760,13277,,,,,,,,,,1.547,268510.939,Device,,NVIDIA A100-SXM4-40GB MIG 4g.20gb (0),1,,13,[CUDA memset]
2155295191,4608,13282,,,,,,,,,,0.031,6791.639,Pinned,Device,NVIDIA A100-SXM4-40GB MIG 4g.20gb (0),1,,13,[CUDA memcpy Host-to-Device]
2155308055,10975,13283,,,,,,,,,,0.197,17914.135,Pinned,Device,NVIDIA A100-SXM4-40GB MIG 4g.20gb (0),1,,13,[CUDA memcpy Host-to-Device]
2155691986,14944,13284,273,1,1,8,4,1,39,0.002,0.000,,,,,NVIDIA A100-SXM4-40GB MIG 4g.20gb (0),1,,13,"void channel_eq::eqMmseCoefCompLowMimoKernel<float, float, float, (unsigned int)4, (unsigned int)1, (unsigned int)4>(const channel_eq::_puschRxChEqStatDescr *, channel_eq::_puschRxChEqCoefCompDynDescr)"
2156103309,11392,13285,273,1,1,12,11,1,51,0.002,0.000,,,,,NVIDIA A100-SXM4-40GB MIG 4g.20gb (0),1,,13,"void channel_eq::eqMmseSoftDemapKernel<float, __half, __half, float, (unsigned int)4, (unsigned short)16383>(channel_eq::_puschRxChEqStatDescr *, channel_eq::_puschRxChEqSoftDemapDynDescr)"
2156508553,689016,13286,1,1,1,32,32,1,30,0.000,0.000,,,,,NVIDIA A100-SXM4-40GB MIG 4g.20gb (0),1,,13,"void convert_kernel<float2, __half2>(tensor_layout_any, T1 *, tensor_layout_any, const T2 *)"
2157391743,36191,13298,2253,1,1,128,1,1,16,0.000,0.000,,,,,NVIDIA A100-SXM4-40GB MIG 4g.20gb (0),1,,13,cupy_copy__float16_float16
2157769786,14432,13307,282,1,1,128,1,1,16,0.000,0.000,,,,,NVIDIA A100-SXM4-40GB MIG 4g.20gb (0),1,,13,cupy_copy__complex64_complex64
2158197109,3808,13316,26,1,1,128,1,1,16,0.000,0.000,,,,,NVIDIA A100-SXM4-40GB MIG 4g.20gb (0),1,,13,cupy_copy__float32_float32
2158553553,8832,13325,103,1,1,128,1,1,16,0.000,0.000,,,,,NVIDIA A100-SXM4-40GB MIG 4g.20gb (0),1,,13,cupy_copy__complex64_complex64
2158836750,19584,13335,1434,1,1,128,1,1,16,0.000,0.000,,,,,NVIDIA A100-SXM4-40GB MIG 4g.20gb (0),1,,13,cupy_copy__complex64_complex64
2159364232,251741,13340,1,1,1,32,32,1,30,0.000,0.000,,,,,NVIDIA A100-SXM4-40GB MIG 4g.20gb (0),1,,13,"void convert_kernel<__half2, float2>(tensor_layout_any, T1 *, tensor_layout_any, const T2 *)"
2159647909,5568,13343,,,,,,,,,,0.094,16827.521,Pinned,Device,NVIDIA A100-SXM4-40GB MIG 4g.20gb (0),1,,13,[CUDA memcpy Host-to-Device]
2159876834,599417,13344,,,,,,,,,,456.561,761544.482,Device,,NVIDIA A100-SXM4-40GB MIG 4g.20gb (0),1,,13,[CUDA memset]
2160483035,73311,13349,,,,,,,,,,1.235,16844.636,Pinned,Device,NVIDIA A100-SXM4-40GB MIG 4g.20gb (0),1,,13,[CUDA memcpy Host-to-Device]
2160559962,9984,13350,,,,,,,,,,0.197,19692.257,Pinned,Device,NVIDIA A100-SXM4-40GB MIG 4g.20gb (0),1,,13,[CUDA memcpy Host-to-Device]
2160991189,12512,13351,69,4,1,48,1,1,76,0.002,0.000,,,,,NVIDIA A100-SXM4-40GB MIG 4g.20gb (0),1,,13,"void ch_est::windowedChEstPreNoDftSOfdmKernel<float, __half, float, (unsigned int)2, (unsigned int)1, (unsigned short)4>(ch_est::puschRxChEstStatDescr_t *, ch_est::puschRxChEstDynDescr_t *)"
2161504655,10784,13352,137,2,1,24,2,1,44,0.001,0.001,,,,,NVIDIA A100-SXM4-40GB MIG 4g.20gb (0),1,,13,"void ch_est::chEstFilterNoDftSOfdmDispatchKernel<float, __half, float, (unsigned int)2>(ch_est::puschRxChEstStatDescr_t *, ch_est::puschRxChEstDynDescr_t *)"
2162016745,11200,13353,137,2,1,24,2,1,44,0.001,0.001,,,,,NVIDIA A100-SXM4-40GB MIG 4g.20gb (0),1,,13,"void ch_est::chEstFilterNoDftSOfdmDispatchKernel<float, __half, float, (unsigned int)2>(ch_est::puschRxChEstStatDescr_t *, ch_est::puschRxChEstDynDescr_t *)"
2162430181,5184,13364,103,1,1,128,1,1,16,0.000,0.000,,,,,NVIDIA A100-SXM4-40GB MIG 4g.20gb (0),1,,13,cupy_copy__complex64_complex64
2162757217,21440,13374,1434,1,1,128,1,1,16,0.000,0.000,,,,,NVIDIA A100-SXM4-40GB MIG 4g.20gb (0),1,,13,cupy_copy__complex64_complex64
2163194588,9216,13381,103,1,1,128,1,1,16,0.000,0.000,,,,,NVIDIA A100-SXM4-40GB MIG 4g.20gb (0),1,,13,cupy_copy__complex64_complex64
2163500952,267165,13388,1,1,1,32,32,1,30,0.000,0.000,,,,,NVIDIA A100-SXM4-40GB MIG 4g.20gb (0),1,,13,"void convert_kernel<__half2, float2>(tensor_layout_any, T1 *, tensor_layout_any, const T2 *)"
2163798581,5760,13391,,,,,,,,,,0.094,16266.656,Pinned,Device,NVIDIA A100-SXM4-40GB MIG 4g.20gb (0),1,,13,[CUDA memcpy Host-to-Device]
2164152113,52287,13392,,,,,,,,,,35.810,684864.720,Device,,NVIDIA A100-SXM4-40GB MIG 4g.20gb (0),1,,13,[CUDA memset]
2164210672,1824,13394,,,,,,,,,,0.000,43.860,Pinned,Device,NVIDIA A100-SXM4-40GB MIG 4g.20gb (0),1,,13,[CUDA memcpy Host-to-Device]
2164215152,14816,13395,,,,,,,,,,0.197,13269.860,Pinned,Device,NVIDIA A100-SXM4-40GB MIG 4g.20gb (0),1,,13,[CUDA memcpy Host-to-Device]
2164601612,22079,13396,273,1,1,48,1,1,40,0.000,0.001,,,,,NVIDIA A100-SXM4-40GB MIG 4g.20gb (0),1,,13,"void pusch_noise_intf_est::noiseIntfEstNoDftSOfdmKernel<float, __half, float, float, (unsigned int)2, (unsigned int)1, (unsigned char)4, (unsigned char)4>(pusch_noise_intf_est::puschRxNoiseIntfEstDynDescr)"
2164950216,3808,13407,35,1,1,128,1,1,16,0.000,0.000,,,,,NVIDIA A100-SXM4-40GB MIG 4g.20gb (0),1,,13,cupy_copy__complex64_complex64
2165235940,4096,13416,1,1,1,1,1,1,18,0.000,0.000,,,,,NVIDIA A100-SXM4-40GB MIG 4g.20gb (0),1,,13,cupy_copy__float32_float32
2165242084,1696,13422,,,,,,,,,,0.000,2.358,Device,Pageable,NVIDIA A100-SXM4-40GB MIG 4g.20gb (0),1,,7,[CUDA memcpy Device-to-Host]
2165458914,21536,13433,1434,1,1,128,1,1,16,0.000,0.000,,,,,NVIDIA A100-SXM4-40GB MIG 4g.20gb (0),1,,13,cupy_copy__complex64_complex64
2165956860,4640,13440,103,1,1,128,1,1,16,0.000,0.000,,,,,NVIDIA A100-SXM4-40GB MIG 4g.20gb (0),1,,13,cupy_copy__complex64_complex64
2166425399,7360,13447,35,1,1,128,1,1,16,0.000,0.000,,,,,NVIDIA A100-SXM4-40GB MIG 4g.20gb (0),1,,13,cupy_copy__complex64_complex64
2166830130,4416,13454,1,1,1,1,1,1,18,0.000,0.000,,,,,NVIDIA A100-SXM4-40GB MIG 4g.20gb (0),1,,13,cupy_copy__float32_float32
2167322060,271965,13465,1,1,1,32,32,1,30,0.000,0.000,,,,,NVIDIA A100-SXM4-40GB MIG 4g.20gb (0),1,,13,"void convert_kernel<__half2, float2>(tensor_layout_any, T1 *, tensor_layout_any, const T2 *)"
2167625321,6016,13468,,,,,,,,,,0.094,15574.430,Pinned,Device,NVIDIA A100-SXM4-40GB MIG 4g.20gb (0),1,,13,[CUDA memcpy Host-to-Device]
2167860646,5888,13469,,,,,,,,,,1.547,262672.434,Device,,NVIDIA A100-SXM4-40GB MIG 4g.20gb (0),1,,13,[CUDA memset]
2167869222,6880,13474,,,,,,,,,,0.031,4548.811,Pinned,Device,NVIDIA A100-SXM4-40GB MIG 4g.20gb (0),1,,13,[CUDA memcpy Host-to-Device]
2167878950,20800,13475,,,,,,,,,,0.197,9452.126,Pinned,Device,NVIDIA A100-SXM4-40GB MIG 4g.20gb (0),1,,13,[CUDA memcpy Host-to-Device]
2168339489,12992,13476,273,1,1,8,4,1,39,0.002,0.000,,,,,NVIDIA A100-SXM4-40GB MIG 4g.20gb (0),1,,13,"void channel_eq::eqMmseCoefCompLowMimoKernel<float, float, float, (unsigned int)4, (unsigned int)1, (unsigned int)4>(const channel_eq::_puschRxChEqStatDescr *, channel_eq::_puschRxChEqCoefCompDynDescr)"
2168747196,10752,13477,273,1,1,12,11,1,51,0.002,0.000,,,,,NVIDIA A100-SXM4-40GB MIG 4g.20gb (0),1,,13,"void channel_eq::eqMmseSoftDemapKernel<float, __half, __half, float, (unsigned int)4, (unsigned short)16383>(channel_eq::_puschRxChEqStatDescr *, channel_eq::_puschRxChEqSoftDemapDynDescr)"
2169158807,655129,13478,1,1,1,32,32,1,30,0.000,0.000,,,,,NVIDIA A100-SXM4-40GB MIG 4g.20gb (0),1,,13,"void convert_kernel<float2, __half2>(tensor_layout_any, T1 *, tensor_layout_any, const T2 *)"
2170018061,14880,13490,2253,1,1,128,1,1,16,0.000,0.000,,,,,NVIDIA A100-SXM4-40GB MIG 4g.20gb (0),1,,13,cupy_copy__float16_float16
2170463080,8608,13499,282,1,1,128,1,1,16,0.000,0.000,,,,,NVIDIA A100-SXM4-40GB MIG 4g.20gb (0),1,,13,cupy_copy__complex64_complex64
2170890083,3840,13508,26,1,1,128,1,1,16,0.000,0.000,,,,,NVIDIA A100-SXM4-40GB MIG 4g.20gb (0),1,,13,cupy_copy__float32_float32
2171212576,10144,13517,103,1,1,128,1,1,16,0.000,0.000,,,,,NVIDIA A100-SXM4-40GB MIG 4g.20gb (0),1,,13,cupy_copy__complex64_complex64
2171579132,22879,13527,1434,1,1,128,1,1,16,0.000,0.000,,,,,NVIDIA A100-SXM4-40GB MIG 4g.20gb (0),1,,13,cupy_copy__complex64_complex64
2171888888,207646,13532,1,1,1,32,32,1,30,0.000,0.000,,,,,NVIDIA A100-SXM4-40GB MIG 4g.20gb (0),1,,13,"void convert_kernel<__half2, float2>(tensor_layout_any, T1 *, tensor_layout_any, const T2 *)"
2172135765,6336,13535,,,,,,,,,,0.094,14787.852,Pinned,Device,NVIDIA A100-SXM4-40GB MIG 4g.20gb (0),1,,13,[CUDA memcpy Host-to-Device]
2172340179,598969,13536,,,,,,,,,,456.561,762001.043,Device,,NVIDIA A100-SXM4-40GB MIG 4g.20gb (0),1,,13,[CUDA memset]
2172945260,67679,13541,,,,,,,,,,1.235,18246.298,Pinned,Device,NVIDIA A100-SXM4-40GB MIG 4g.20gb (0),1,,13,[CUDA memcpy Host-to-Device]
2173015435,9312,13542,,,,,,,,,,0.197,21113.340,Pinned,Device,NVIDIA A100-SXM4-40GB MIG 4g.20gb (0),1,,13,[CUDA memcpy Host-to-Device]
2173399239,16127,13543,69,4,1,48,1,1,76,0.002,0.000,,,,,NVIDIA A100-SXM4-40GB MIG 4g.20gb (0),1,,13,"void ch_est::windowedChEstPreNoDftSOfdmKernel<float, __half, float, (unsigned int)2, (unsigned int)1, (unsigned short)4>(ch_est::puschRxChEstStatDescr_t *, ch_est::puschRxChEstDynDescr_t *)"
2173847905,9632,13544,137,2,1,24,2,1,44,0.001,0.001,,,,,NVIDIA A100-SXM4-40GB MIG 4g.20gb (0),1,,13,"void ch_est::chEstFilterNoDftSOfdmDispatchKernel<float, __half, float, (unsigned int)2>(ch_est::puschRxChEstStatDescr_t *, ch_est::puschRxChEstDynDescr_t *)"
2174296828,10976,13545,137,2,1,24,2,1,44,0.001,0.001,,,,,NVIDIA A100-SXM4-40GB MIG 4g.20gb (0),1,,13,"void ch_est::chEstFilterNoDftSOfdmDispatchKernel<float, __half, float, (unsigned int)2>(ch_est::puschRxChEstStatDescr_t *, ch_est::puschRxChEstDynDescr_t *)"
2174797111,5535,13556,103,1,1,128,1,1,16,0.000,0.000,,,,,NVIDIA A100-SXM4-40GB MIG 4g.20gb (0),1,,13,cupy_copy__complex64_complex64
2175584781,18496,13566,1434,1,1,128,1,1,16,0.000,0.000,,,,,NVIDIA A100-SXM4-40GB MIG 4g.20gb (0),1,,13,cupy_copy__complex64_complex64
2176308581,7136,13573,103,1,1,128,1,1,16,0.000,0.000,,,,,NVIDIA A100-SXM4-40GB MIG 4g.20gb (0),1,,13,cupy_copy__complex64_complex64
2177000669,252221,13580,1,1,1,32,32,1,30,0.000,0.000,,,,,NVIDIA A100-SXM4-40GB MIG 4g.20gb (0),1,,13,"void convert_kernel<__half2, float2>(tensor_layout_any, T1 *, tensor_layout_any, const T2 *)"
2177283770,5952,13583,,,,,,,,,,0.094,15741.865,Pinned,Device,NVIDIA A100-SXM4-40GB MIG 4g.20gb (0),1,,13,[CUDA memcpy Host-to-Device]
2177734325,48991,13584,,,,,,,,,,35.810,730916.277,Device,,NVIDIA A100-SXM4-40GB MIG 4g.20gb (0),1,,13,[CUDA memset]
2177790772,3168,13586,,,,,,,,,,0.000,25.252,Pinned,Device,NVIDIA A100-SXM4-40GB MIG 4g.20gb (0),1,,13,[CUDA memcpy Host-to-Device]
2177796404,9696,13587,,,,,,,,,,0.197,20277.166,Pinned,Device,NVIDIA A100-SXM4-40GB MIG 4g.20gb (0),1,,13,[CUDA memcpy Host-to-Device]
2178482636,16256,13588,273,1,1,48,1,1,40,0.000,0.001,,,,,NVIDIA A100-SXM4-40GB MIG 4g.20gb (0),1,,13,"void pusch_noise_intf_est::noiseIntfEstNoDftSOfdmKernel<float, __half, float, float, (unsigned int)2, (unsigned int)1, (unsigned char)4, (unsigned char)4>(pusch_noise_intf_est::puschRxNoiseIntfEstDynDescr)"
2179128293,5184,13599,35,1,1,128,1,1,16,0.000,0.000,,,,,NVIDIA A100-SXM4-40GB MIG 4g.20gb (0),1,,13,cupy_copy__complex64_complex64
2179482753,3712,13608,1,1,1,1,1,1,18,0.000,0.000,,,,,NVIDIA A100-SXM4-40GB MIG 4g.20gb (0),1,,13,cupy_copy__float32_float32
2179490753,2336,13614,,,,,,,,,,0.000,1.712,Device,Pageable,NVIDIA A100-SXM4-40GB MIG 4g.20gb (0),1,,7,[CUDA memcpy Device-to-Host]
2180179641,27103,13625,1434,1,1,128,1,1,16,0.000,0.000,,,,,NVIDIA A100-SXM4-40GB MIG 4g.20gb (0),1,,13,cupy_copy__complex64_complex64
2180795794,5920,13632,103,1,1,128,1,1,16,0.000,0.000,,,,,NVIDIA A100-SXM4-40GB MIG 4g.20gb (0),1,,13,cupy_copy__complex64_complex64
2181377899,4992,13639,35,1,1,128,1,1,16,0.000,0.000,,,,,NVIDIA A100-SXM4-40GB MIG 4g.20gb (0),1,,13,cupy_copy__complex64_complex64
2181856901,4608,13646,1,1,1,1,1,1,18,0.000,0.000,,,,,NVIDIA A100-SXM4-40GB MIG 4g.20gb (0),1,,13,cupy_copy__float32_float32
2182504862,259549,13657,1,1,1,32,32,1,30,0.000,0.000,,,,,NVIDIA A100-SXM4-40GB MIG 4g.20gb (0),1,,13,"void convert_kernel<__half2, float2>(tensor_layout_any, T1 *, tensor_layout_any, const T2 *)"
2182796315,5440,13660,,,,,,,,,,0.094,17223.480,Pinned,Device,NVIDIA A100-SXM4-40GB MIG 4g.20gb (0),1,,13,[CUDA memcpy Host-to-Device]
2183078615,5888,13661,,,,,,,,,,1.547,262672.434,Device,,NVIDIA A100-SXM4-40GB MIG 4g.20gb (0),1,,13,[CUDA memset]
2183096311,3936,13666,,,,,,,,,,0.031,7951.218,Pinned,Device,NVIDIA A100-SXM4-40GB MIG 4g.20gb (0),1,,13,[CUDA memcpy Host-to-Device]
2183107351,12192,13667,,,,,,,,,,0.197,16125.788,Pinned,Device,NVIDIA A100-SXM4-40GB MIG 4g.20gb (0),1,,13,[CUDA memcpy Host-to-Device]
2183540530,16128,13668,273,1,1,8,4,1,39,0.002,0.000,,,,,NVIDIA A100-SXM4-40GB MIG 4g.20gb (0),1,,13,"void channel_eq::eqMmseCoefCompLowMimoKernel<float, float, float, (unsigned int)4, (unsigned int)1, (unsigned int)4>(const channel_eq::_puschRxChEqStatDescr *, channel_eq::_puschRxChEqCoefCompDynDescr)"
2184014157,17215,13669,273,1,1,12,11,1,51,0.002,0.000,,,,,NVIDIA A100-SXM4-40GB MIG 4g.20gb (0),1,,13,"void channel_eq::eqMmseSoftDemapKernel<float, __half, __half, float, (unsigned int)4, (unsigned short)16383>(channel_eq::_puschRxChEqStatDescr *, channel_eq::_puschRxChEqSoftDemapDynDescr)"
2184510151,615417,13670,1,1,1,32,32,1,30,0.000,0.000,,,,,NVIDIA A100-SXM4-40GB MIG 4g.20gb (0),1,,13,"void convert_kernel<float2, __half2>(tensor_layout_any, T1 *, tensor_layout_any, const T2 *)"
2185571675,12704,13682,2253,1,1,128,1,1,16,0.000,0.000,,,,,NVIDIA A100-SXM4-40GB MIG 4g.20gb (0),1,,13,cupy_copy__float16_float16
2185962454,7104,13691,282,1,1,128,1,1,16,0.000,0.000,,,,,NVIDIA A100-SXM4-40GB MIG 4g.20gb (0),1,,13,cupy_copy__complex64_complex64
2186577775,4608,13700,26,1,1,128,1,1,16,0.000,0.000,,,,,NVIDIA A100-SXM4-40GB MIG 4g.20gb (0),1,,13,cupy_copy__float32_float32
2187135145,6208,13709,103,1,1,128,1,1,16,0.000,0.000,,,,,NVIDIA A100-SXM4-40GB MIG 4g.20gb (0),1,,13,cupy_copy__complex64_complex64
2187506916,17568,13719,1434,1,1,128,1,1,16,0.000,0.000,,,,,NVIDIA A100-SXM4-40GB MIG 4g.20gb (0),1,,13,cupy_copy__complex64_complex64
2188078430,263421,13724,1,1,1,32,32,1,30,0.000,0.000,,,,,NVIDIA A100-SXM4-40GB MIG 4g.20gb (0),1,,13,"void convert_kernel<__half2, float2>(tensor_layout_any, T1 *, tensor_layout_any, const T2 *)"
2188374074,5728,13727,,,,,,,,,,0.094,16357.541,Pinned,Device,NVIDIA A100-SXM4-40GB MIG 4g.20gb (0),1,,13,[CUDA memcpy Host-to-Device]
2188904564,616089,13728,,,,,,,,,,456.561,740999.217,Device,,NVIDIA A100-SXM4-40GB MIG 4g.20gb (0),1,,13,[CUDA memset]
2189526989,53664,13733,,,,,,,,,,1.235,23011.946,Pinned,Device,NVIDIA A100-SXM4-40GB MIG 4g.20gb (0),1,,13,[CUDA memcpy Host-to-Device]
2189583117,9727,13734,,,,,,,,,,0.197,20212.482,Pinned,Device,NVIDIA A100-SXM4-40GB MIG 4g.20gb (0),1,,13,[CUDA memcpy Host-to-Device]
2190255397,13920,13735,69,4,1,48,1,1,76,0.002,0.000,,,,,NVIDIA A100-SXM4-40GB MIG 4g.20gb (0),1,,13,"void ch_est::windowedChEstPreNoDftSOfdmKernel<float, __half, float, (unsigned int)2, (unsigned int)1, (unsigned short)4>(ch_est::puschRxChEstStatDescr_t *, ch_est::puschRxChEstDynDescr_t *)"
2191037116,13376,13736,137,2,1,24,2,1,44,0.001,0.001,,,,,NVIDIA A100-SXM4-40GB MIG 4g.20gb (0),1,,13,"void ch_est::chEstFilterNoDftSOfdmDispatchKernel<float, __half, float, (unsigned int)2>(ch_est::puschRxChEstStatDescr_t *, ch_est::puschRxChEstDynDescr_t *)"
2191739476,10496,13737,137,2,1,24,2,1,44,0.001,0.001,,,,,NVIDIA A100-SXM4-40GB MIG 4g.20gb (0),1,,13,"void ch_est::chEstFilterNoDftSOfdmDispatchKernel<float, __half, float, (unsigned int)2>(ch_est::puschRxChEstStatDescr_t *, ch_est::puschRxChEstDynDescr_t *)"
2192397996,5536,13748,103,1,1,128,1,1,16,0.000,0.000,,,,,NVIDIA A100-SXM4-40GB MIG 4g.20gb (0),1,,13,cupy_copy__complex64_complex64
2192599210,28672,13758,1434,1,1,128,1,1,16,0.000,0.000,,,,,NVIDIA A100-SXM4-40GB MIG 4g.20gb (0),1,,13,cupy_copy__complex64_complex64
2193042501,8672,13765,103,1,1,128,1,1,16,0.000,0.000,,,,,NVIDIA A100-SXM4-40GB MIG 4g.20gb (0),1,,13,cupy_copy__complex64_complex64
2193403617,278460,13772,1,1,1,32,32,1,30,0.000,0.000,,,,,NVIDIA A100-SXM4-40GB MIG 4g.20gb (0),1,,13,"void convert_kernel<__half2, float2>(tensor_layout_any, T1 *, tensor_layout_any, const T2 *)"
2193713277,7040,13775,,,,,,,,,,0.094,13309.048,Pinned,Device,NVIDIA A100-SXM4-40GB MIG 4g.20gb (0),1,,13,[CUDA memcpy Host-to-Device]
2193836572,55295,13776,,,,,,,,,,35.810,647586.593,Device,,NVIDIA A100-SXM4-40GB MIG 4g.20gb (0),1,,13,[CUDA memset]
2193894875,1824,13778,,,,,,,,,,0.000,43.860,Pinned,Device,NVIDIA A100-SXM4-40GB MIG 4g.20gb (0),1,,13,[CUDA memcpy Host-to-Device]
2193899739,10208,13779,,,,,,,,,,0.197,19260.113,Pinned,Device,NVIDIA A100-SXM4-40GB MIG 4g.20gb (0),1,,13,[CUDA memcpy Host-to-Device]
2194320822,22944,13780,273,1,1,48,1,1,40,0.000,0.001,,,,,NVIDIA A100-SXM4-40GB MIG 4g.20gb (0),1,,13,"void pusch_noise_intf_est::noiseIntfEstNoDftSOfdmKernel<float, __half, float, float, (unsigned int)2, (unsigned int)1, (unsigned char)4, (unsigned char)4>(pusch_noise_intf_est::puschRxNoiseIntfEstDynDescr)"
2194948047,10272,13791,35,1,1,128,1,1,16,0.000,0.000,,,,,NVIDIA A100-SXM4-40GB MIG 4g.20gb (0),1,,13,cupy_copy__complex64_complex64
2195492009,3744,13800,1,1,1,1,1,1,18,0.000,0.000,,,,,NVIDIA A100-SXM4-40GB MIG 4g.20gb (0),1,,13,cupy_copy__float32_float32
2195497065,1728,13806,,,,,,,,,,0.000,2.315,Device,Pageable,NVIDIA A100-SXM4-40GB MIG 4g.20gb (0),1,,7,[CUDA memcpy Device-to-Host]
2195976035,18400,13817,1434,1,1,128,1,1,16,0.000,0.000,,,,,NVIDIA A100-SXM4-40GB MIG 4g.20gb (0),1,,13,cupy_copy__complex64_complex64
2196689339,6400,13824,103,1,1,128,1,1,16,0.000,0.000,,,,,NVIDIA A100-SXM4-40GB MIG 4g.20gb (0),1,,13,cupy_copy__complex64_complex64
2197336307,6208,13831,35,1,1,128,1,1,16,0.000,0.000,,,,,NVIDIA A100-SXM4-40GB MIG 4g.20gb (0),1,,13,cupy_copy__complex64_complex64
2197710831,4832,13838,1,1,1,1,1,1,18,0.000,0.000,,,,,NVIDIA A100-SXM4-40GB MIG 4g.20gb (0),1,,13,cupy_copy__float32_float32
2198200810,287484,13849,1,1,1,32,32,1,30,0.000,0.000,,,,,NVIDIA A100-SXM4-40GB MIG 4g.20gb (0),1,,13,"void convert_kernel<__half2, float2>(tensor_layout_any, T1 *, tensor_layout_any, const T2 *)"
2198529126,6496,13852,,,,,,,,,,0.094,14423.562,Pinned,Device,NVIDIA A100-SXM4-40GB MIG 4g.20gb (0),1,,13,[CUDA memcpy Host-to-Device]
2198987424,4864,13853,,,,,,,,,,1.547,317973.521,Device,,NVIDIA A100-SXM4-40GB MIG 4g.20gb (0),1,,13,[CUDA memset]
2198997632,3008,13858,,,,,,,,,,0.031,10404.230,Pinned,Device,NVIDIA A100-SXM4-40GB MIG 4g.20gb (0),1,,13,[CUDA memcpy Host-to-Device]
2199003104,10336,13859,,,,,,,,,,0.197,19021.627,Pinned,Device,NVIDIA A100-SXM4-40GB MIG 4g.20gb (0),1,,13,[CUDA memcpy Host-to-Device]
2199670041,13183,13860,273,1,1,8,4,1,39,0.002,0.000,,,,,NVIDIA A100-SXM4-40GB MIG 4g.20gb (0),1,,13,"void channel_eq::eqMmseCoefCompLowMimoKernel<float, float, float, (unsigned int)4, (unsigned int)1, (unsigned int)4>(const channel_eq::_puschRxChEqStatDescr *, channel_eq::_puschRxChEqCoefCompDynDescr)"
2200386800,11232,13861,273,1,1,12,11,1,51,0.002,0.000,,,,,NVIDIA A100-SXM4-40GB MIG 4g.20gb (0),1,,13,"void channel_eq::eqMmseSoftDemapKernel<float, __half, __half, float, (unsigned int)4, (unsigned short)16383>(channel_eq::_puschRxChEqStatDescr *, channel_eq::_puschRxChEqSoftDemapDynDescr)"
2201124456,751223,13862,1,1,1,32,32,1,30,0.000,0.000,,,,,NVIDIA A100-SXM4-40GB MIG 4g.20gb (0),1,,13,"void convert_kernel<float2, __half2>(tensor_layout_any, T1 *, tensor_layout_any, const T2 *)"
2201996542,16096,13874,2253,1,1,128,1,1,16,0.000,0.000,,,,,NVIDIA A100-SXM4-40GB MIG 4g.20gb (0),1,,13,cupy_copy__float16_float16
2202237211,5888,13883,282,1,1,128,1,1,16,0.000,0.000,,,,,NVIDIA A100-SXM4-40GB MIG 4g.20gb (0),1,,13,cupy_copy__complex64_complex64
2202367514,6048,13892,26,1,1,128,1,1,16,0.000,0.000,,,,,NVIDIA A100-SXM4-40GB MIG 4g.20gb (0),1,,13,cupy_copy__float32_float32
2202606423,10528,13901,103,1,1,128,1,1,16,0.000,0.000,,,,,NVIDIA A100-SXM4-40GB MIG 4g.20gb (0),1,,13,cupy_copy__complex64_complex64
2202746741,20416,13911,1434,1,1,128,1,1,16,0.000,0.000,,,,,NVIDIA A100-SXM4-40GB MIG 4g.20gb (0),1,,13,cupy_copy__complex64_complex64
2202987378,312989,13916,1,1,1,32,32,1,30,0.000,0.000,,,,,NVIDIA A100-SXM4-40GB MIG 4g.20gb (0),1,,13,"void convert_kernel<__half2, float2>(tensor_layout_any, T1 *, tensor_layout_any, const T2 *)"
2203329775,9471,13919,,,,,,,,,,0.094,9892.892,Pinned,Device,NVIDIA A100-SXM4-40GB MIG 4g.20gb (0),1,,13,[CUDA memcpy Host-to-Device]
2203685258,602234,13920,,,,,,,,,,456.561,757891.990,Device,,NVIDIA A100-SXM4-40GB MIG 4g.20gb (0),1,,13,[CUDA memset]
2204295651,62720,13925,,,,,,,,,,1.235,19688.712,Pinned,Device,NVIDIA A100-SXM4-40GB MIG 4g.20gb (0),1,,13,[CUDA memcpy Host-to-Device]
2204360867,9344,13926,,,,,,,,,,0.197,21040.988,Pinned,Device,NVIDIA A100-SXM4-40GB MIG 4g.20gb (0),1,,13,[CUDA memcpy Host-to-Device]
2204827613,12384,13927,69,4,1,48,1,1,76,0.002,0.000,,,,,NVIDIA A100-SXM4-40GB MIG 4g.20gb (0),1,,13,"void ch_est::windowedChEstPreNoDftSOfdmKernel<float, __half, float, (unsigned int)2, (unsigned int)1, (unsigned short)4>(ch_est::puschRxChEstStatDescr_t *, ch_est::puschRxChEstDynDescr_t *)"
2205168409,13216,13928,137,2,1,24,2,1,44,0.001,0.001,,,,,NVIDIA A100-SXM4-40GB MIG 4g.20gb (0),1,,13,"void ch_est::chEstFilterNoDftSOfdmDispatchKernel<float, __half, float, (unsigned int)2>(ch_est::puschRxChEstStatDescr_t *, ch_est::puschRxChEstDynDescr_t *)"
2205456470,11584,13929,137,2,1,24,2,1,44,0.001,0.001,,,,,NVIDIA A100-SXM4-40GB MIG 4g.20gb (0),1,,13,"void ch_est::chEstFilterNoDftSOfdmDispatchKernel<float, __half, float, (unsigned int)2>(ch_est::puschRxChEstStatDescr_t *, ch_est::puschRxChEstDynDescr_t *)"
2205742739,6336,13940,103,1,1,128,1,1,16,0.000,0.000,,,,,NVIDIA A100-SXM4-40GB MIG 4g.20gb (0),1,,13,cupy_copy__complex64_complex64
2205914481,20288,13950,1434,1,1,128,1,1,16,0.000,0.000,,,,,NVIDIA A100-SXM4-40GB MIG 4g.20gb (0),1,,13,cupy_copy__complex64_complex64
2206118095,7167,13957,103,1,1,128,1,1,16,0.000,0.000,,,,,NVIDIA A100-SXM4-40GB MIG 4g.20gb (0),1,,13,cupy_copy__complex64_complex64
2206604521,249405,13964,1,1,1,32,32,1,30,0.000,0.000,,,,,NVIDIA A100-SXM4-40GB MIG 4g.20gb (0),1,,13,"void convert_kernel<__half2, float2>(tensor_layout_any, T1 *, tensor_layout_any, const T2 *)"
2206885926,5536,13967,,,,,,,,,,0.094,16924.777,Pinned,Device,NVIDIA A100-SXM4-40GB MIG 4g.20gb (0),1,,13,[CUDA memcpy Host-to-Device]
2207090947,46784,13968,,,,,,,,,,35.810,765401.230,Device,,NVIDIA A100-SXM4-40GB MIG 4g.20gb (0),1,,13,[CUDA memset]
2207139939,5600,13970,,,,,,,,,,0.000,14.286,Pinned,Device,NVIDIA A100-SXM4-40GB MIG 4g.20gb (0),1,,13,[CUDA memcpy Host-to-Device]
2207151619,10080,13971,,,,,,,,,,0.197,19504.693,Pinned,Device,NVIDIA A100-SXM4-40GB MIG 4g.20gb (0),1,,13,[CUDA memcpy Host-to-Device]
2207549246,20960,13972,273,1,1,48,1,1,40,0.000,0.001,,,,,NVIDIA A100-SXM4-40GB MIG 4g.20gb (0),1,,13,"void pusch_noise_intf_est::noiseIntfEstNoDftSOfdmKernel<float, __half, float, float, (unsigned int)2, (unsigned int)1, (unsigned char)4, (unsigned char)4>(pusch_noise_intf_est::puschRxNoiseIntfEstDynDescr)"
2208031897,4287,13983,35,1,1,128,1,1,16,0.000,0.000,,,,,NVIDIA A100-SXM4-40GB MIG 4g.20gb (0),1,,13,cupy_copy__complex64_complex64
2208513331,3968,13992,1,1,1,1,1,1,18,0.000,0.000,,,,,NVIDIA A100-SXM4-40GB MIG 4g.20gb (0),1,,13,cupy_copy__float32_float32
2208522995,4896,13998,,,,,,,,,,0.000,0.817,Device,Pageable,NVIDIA A100-SXM4-40GB MIG 4g.20gb (0),1,,7,[CUDA memcpy Device-to-Host]
2209073453,19551,14009,1434,1,1,128,1,1,16,0.000,0.000,,,,,NVIDIA A100-SXM4-40GB MIG 4g.20gb (0),1,,13,cupy_copy__complex64_complex64
2209567015,5280,14016,103,1,1,128,1,1,16,0.000,0.000,,,,,NVIDIA A100-SXM4-40GB MIG 4g.20gb (0),1,,13,cupy_copy__complex64_complex64
2210040353,4832,14023,35,1,1,128,1,1,16,0.000,0.000,,,,,NVIDIA A100-SXM4-40GB MIG 4g.20gb (0),1,,13,cupy_copy__complex64_complex64
2210511004,3968,14030,1,1,1,1,1,1,18,0.000,0.000,,,,,NVIDIA A100-SXM4-40GB MIG 4g.20gb (0),1,,13,cupy_copy__float32_float32
2210912151,265757,14041,1,1,1,32,32,1,30,0.000,0.000,,,,,NVIDIA A100-SXM4-40GB MIG 4g.20gb (0),1,,13,"void convert_kernel<__half2, float2>(tensor_layout_any, T1 *, tensor_layout_any, const T2 *)"
2211208660,5440,14044,,,,,,,,,,0.094,17223.480,Pinned,Device,NVIDIA A100-SXM4-40GB MIG 4g.20gb (0),1,,13,[CUDA memcpy Host-to-Device]
2211318739,6592,14045,,,,,,,,,,1.547,234621.314,Device,,NVIDIA A100-SXM4-40GB MIG 4g.20gb (0),1,,13,[CUDA memset]
2211333555,6751,14050,,,,,,,,,,0.031,4635.751,Pinned,Device,NVIDIA A100-SXM4-40GB MIG 4g.20gb (0),1,,13,[CUDA memcpy Host-to-Device]
2211345554,9344,14051,,,,,,,,,,0.197,21040.988,Pinned,Device,NVIDIA A100-SXM4-40GB MIG 4g.20gb (0),1,,13,[CUDA memcpy Host-to-Device]
2211622127,12480,14052,273,1,1,8,4,1,39,0.002,0.000,,,,,NVIDIA A100-SXM4-40GB MIG 4g.20gb (0),1,,13,"void channel_eq::eqMmseCoefCompLowMimoKernel<float, float, float, (unsigned int)4, (unsigned int)1, (unsigned int)4>(const channel_eq::_puschRxChEqStatDescr *, channel_eq::_puschRxChEqCoefCompDynDescr)"
2211894860,15200,14053,273,1,1,12,11,1,51,0.002,0.000,,,,,NVIDIA A100-SXM4-40GB MIG 4g.20gb (0),1,,13,"void channel_eq::eqMmseSoftDemapKernel<float, __half, __half, float, (unsigned int)4, (unsigned short)16383>(channel_eq::_puschRxChEqStatDescr *, channel_eq::_puschRxChEqSoftDemapDynDescr)"
2212182889,548217,14054,1,1,1,32,32,1,30,0.000,0.000,,,,,NVIDIA A100-SXM4-40GB MIG 4g.20gb (0),1,,13,"void convert_kernel<float2, __half2>(tensor_layout_any, T1 *, tensor_layout_any, const T2 *)"
2213054367,15552,14066,2253,1,1,128,1,1,16,0.000,0.000,,,,,NVIDIA A100-SXM4-40GB MIG 4g.20gb (0),1,,13,cupy_copy__float16_float16
2213464282,11968,14075,282,1,1,128,1,1,16,0.000,0.000,,,,,NVIDIA A100-SXM4-40GB MIG 4g.20gb (0),1,,13,cupy_copy__complex64_complex64
2213907829,4256,14084,26,1,1,128,1,1,16,0.000,0.000,,,,,NVIDIA A100-SXM4-40GB MIG 4g.20gb (0),1,,13,cupy_copy__float32_float32
2214321072,8800,14093,103,1,1,128,1,1,16,0.000,0.000,,,,,NVIDIA A100-SXM4-40GB MIG 4g.20gb (0),1,,13,cupy_copy__complex64_complex64
2214602893,19456,14103,1434,1,1,128,1,1,16,0.000,0.000,,,,,NVIDIA A100-SXM4-40GB MIG 4g.20gb (0),1,,13,cupy_copy__complex64_complex64
2215015496,269661,14108,1,1,1,32,32,1,30,0.000,0.000,,,,,NVIDIA A100-SXM4-40GB MIG 4g.20gb (0),1,,13,"void convert_kernel<__half2, float2>(tensor_layout_any, T1 *, tensor_layout_any, const T2 *)"
2215315877,7008,14111,,,,,,,,,,0.094,13369.857,Pinned,Device,NVIDIA A100-SXM4-40GB MIG 4g.20gb (0),1,,13,[CUDA memcpy Host-to-Device]
2215647265,604761,14112,,,,,,,,,,456.561,754696.060,Device,,NVIDIA A100-SXM4-40GB MIG 4g.20gb (0),1,,13,[CUDA memset]
2216253082,71263,14117,,,,,,,,,,1.235,17328.734,Pinned,Device,NVIDIA A100-SXM4-40GB MIG 4g.20gb (0),1,,13,[CUDA memcpy Host-to-Device]
2216327161,9472,14118,,,,,,,,,,0.197,20756.693,Pinned,Device,NVIDIA A100-SXM4-40GB MIG 4g.20gb (0),1,,13,[CUDA memcpy Host-to-Device]
2216759156,18496,14119,69,4,1,48,1,1,76,0.002,0.000,,,,,NVIDIA A100-SXM4-40GB MIG 4g.20gb (0),1,,13,"void ch_est::windowedChEstPreNoDftSOfdmKernel<float, __half, float, (unsigned int)2, (unsigned int)1, (unsigned short)4>(ch_est::puschRxChEstStatDescr_t *, ch_est::puschRxChEstDynDescr_t *)"
2217277486,10816,14120,137,2,1,24,2,1,44,0.001,0.001,,,,,NVIDIA A100-SXM4-40GB MIG 4g.20gb (0),1,,13,"void ch_est::chEstFilterNoDftSOfdmDispatchKernel<float, __half, float, (unsigned int)2>(ch_est::puschRxChEstStatDescr_t *, ch_est::puschRxChEstDynDescr_t *)"
2217666538,18176,14121,137,2,1,24,2,1,44,0.001,0.001,,,,,NVIDIA A100-SXM4-40GB MIG 4g.20gb (0),1,,13,"void ch_est::chEstFilterNoDftSOfdmDispatchKernel<float, __half, float, (unsigned int)2>(ch_est::puschRxChEstStatDescr_t *, ch_est::puschRxChEstDynDescr_t *)"
2218164260,11520,14132,103,1,1,128,1,1,16,0.000,0.000,,,,,NVIDIA A100-SXM4-40GB MIG 4g.20gb (0),1,,13,cupy_copy__complex64_complex64
2218618431,20928,14142,1434,1,1,128,1,1,16,0.000,0.000,,,,,NVIDIA A100-SXM4-40GB MIG 4g.20gb (0),1,,13,cupy_copy__complex64_complex64
2218933083,9792,14149,103,1,1,128,1,1,16,0.000,0.000,,,,,NVIDIA A100-SXM4-40GB MIG 4g.20gb (0),1,,13,cupy_copy__complex64_complex64
2219225016,237309,14156,1,1,1,32,32,1,30,0.000,0.000,,,,,NVIDIA A100-SXM4-40GB MIG 4g.20gb (0),1,,13,"void convert_kernel<__half2, float2>(tensor_layout_any, T1 *, tensor_layout_any, const T2 *)"
2219492693,5568,14159,,,,,,,,,,0.094,16827.521,Pinned,Device,NVIDIA A100-SXM4-40GB MIG 4g.20gb (0),1,,13,[CUDA memcpy Host-to-Device]
2219833681,71775,14160,,,,,,,,,,35.810,498903.805,Device,,NVIDIA A100-SXM4-40GB MIG 4g.20gb (0),1,,13,[CUDA memset]
2219910768,2016,14162,,,,,,,,,,0.000,39.682,Pinned,Device,NVIDIA A100-SXM4-40GB MIG 4g.20gb (0),1,,13,[CUDA memcpy Host-to-Device]
2219915248,9952,14163,,,,,,,,,,0.197,19755.565,Pinned,Device,NVIDIA A100-SXM4-40GB MIG 4g.20gb (0),1,,13,[CUDA memcpy Host-to-Device]
2220204237,21439,14164,273,1,1,48,1,1,40,0.000,0.001,,,,,NVIDIA A100-SXM4-40GB MIG 4g.20gb (0),1,,13,"void pusch_noise_intf_est::noiseIntfEstNoDftSOfdmKernel<float, __half, float, float, (unsigned int)2, (unsigned int)1, (unsigned char)4, (unsigned char)4>(pusch_noise_intf_est::puschRxNoiseIntfEstDynDescr)"
2220724103,4640,14175,35,1,1,128,1,1,16,0.000,0.000,,,,,NVIDIA A100-SXM4-40GB MIG 4g.20gb (0),1,,13,cupy_copy__complex64_complex64
2221142530,2880,14184,1,1,1,1,1,1,18,0.000,0.000,,,,,NVIDIA A100-SXM4-40GB MIG 4g.20gb (0),1,,13,cupy_copy__float32_float32
2221154306,1952,14190,,,,,,,,,,0.000,2.049,Device,Pageable,NVIDIA A100-SXM4-40GB MIG 4g.20gb (0),1,,7,[CUDA memcpy Device-to-Host]
2221671036,18688,14201,1434,1,1,128,1,1,16,0.000,0.000,,,,,NVIDIA A100-SXM4-40GB MIG 4g.20gb (0),1,,13,cupy_copy__complex64_complex64
2222201430,8160,14208,103,1,1,128,1,1,16,0.000,0.000,,,,,NVIDIA A100-SXM4-40GB MIG 4g.20gb (0),1,,13,cupy_copy__complex64_complex64
2222733040,4191,14215,35,1,1,128,1,1,16,0.000,0.000,,,,,NVIDIA A100-SXM4-40GB MIG 4g.20gb (0),1,,13,cupy_copy__complex64_complex64
2223261129,3072,14222,1,1,1,1,1,1,18,0.000,0.000,,,,,NVIDIA A100-SXM4-40GB MIG 4g.20gb (0),1,,13,cupy_copy__float32_float32
2223787395,250622,14233,1,1,1,32,32,1,30,0.000,0.000,,,,,NVIDIA A100-SXM4-40GB MIG 4g.20gb (0),1,,13,"void convert_kernel<__half2, float2>(tensor_layout_any, T1 *, tensor_layout_any, const T2 *)"
2224069408,6880,14236,,,,,,,,,,0.094,13618.526,Pinned,Device,NVIDIA A100-SXM4-40GB MIG 4g.20gb (0),1,,13,[CUDA memcpy Host-to-Device]
2224424508,4832,14237,,,,,,,,,,1.547,320078.477,Device,,NVIDIA A100-SXM4-40GB MIG 4g.20gb (0),1,,13,[CUDA memset]
2224432028,6144,14242,,,,,,,,,,0.031,5093.737,Pinned,Device,NVIDIA A100-SXM4-40GB MIG 4g.20gb (0),1,,13,[CUDA memcpy Host-to-Device]
2224444604,16736,14243,,,,,,,,,,0.197,11747.525,Pinned,Device,NVIDIA A100-SXM4-40GB MIG 4g.20gb (0),1,,13,[CUDA memcpy Host-to-Device]
2224960662,12928,14244,273,1,1,8,4,1,39,0.002,0.000,,,,,NVIDIA A100-SXM4-40GB MIG 4g.20gb (0),1,,13,"void channel_eq::eqMmseCoefCompLowMimoKernel<float, float, float, (unsigned int)4, (unsigned int)1, (unsigned int)4>(const channel_eq::_puschRxChEqStatDescr *, channel_eq::_puschRxChEqCoefCompDynDescr)"
2225288530,14016,14245,273,1,1,12,11,1,51,0.002,0.000,,,,,NVIDIA A100-SXM4-40GB MIG 4g.20gb (0),1,,13,"void channel_eq::eqMmseSoftDemapKernel<float, __half, __half, float, (unsigned int)4, (unsigned short)16383>(channel_eq::_puschRxChEqStatDescr *, channel_eq::_puschRxChEqSoftDemapDynDescr)"
2225589743,654616,14246,1,1,1,32,32,1,30,0.000,0.000,,,,,NVIDIA A100-SXM4-40GB MIG 4g.20gb (0),1,,13,"void convert_kernel<float2, __half2>(tensor_layout_any, T1 *, tensor_layout_any, const T2 *)"
2226603491,18016,14258,2253,1,1,128,1,1,16,0.000,0.000,,,,,NVIDIA A100-SXM4-40GB MIG 4g.20gb (0),1,,13,cupy_copy__float16_float16
2227074654,5088,14267,282,1,1,128,1,1,16,0.000,0.000,,,,,NVIDIA A100-SXM4-40GB MIG 4g.20gb (0),1,,13,cupy_copy__complex64_complex64
2227466169,3712,14276,26,1,1,128,1,1,16,0.000,0.000,,,,,NVIDIA A100-SXM4-40GB MIG 4g.20gb (0),1,,13,cupy_copy__float32_float32
2227832757,8512,14285,103,1,1,128,1,1,16,0.000,0.000,,,,,NVIDIA A100-SXM4-40GB MIG 4g.20gb (0),1,,13,cupy_copy__complex64_complex64
2228070898,24704,14295,1434,1,1,128,1,1,16,0.000,0.000,,,,,NVIDIA A100-SXM4-40GB MIG 4g.20gb (0),1,,13,cupy_copy__complex64_complex64
2228557037,257053,14300,1,1,1,32,32,1,30,0.000,0.000,,,,,NVIDIA A100-SXM4-40GB MIG 4g.20gb (0),1,,13,"void convert_kernel<__half2, float2>(tensor_layout_any, T1 *, tensor_layout_any, const T2 *)"
2228847145,7712,14303,,,,,,,,,,0.094,12149.373,Pinned,Device,NVIDIA A100-SXM4-40GB MIG 4g.20gb (0),1,,13,[CUDA memcpy Host-to-Device]
2229025767,606521,14304,,,,,,,,,,456.561,752413.253,Device,,NVIDIA A100-SXM4-40GB MIG 4g.20gb (0),1,,13,[CUDA memset]
2229634944,73055,14309,,,,,,,,,,1.235,16903.913,Pinned,Device,NVIDIA A100-SXM4-40GB MIG 4g.20gb (0),1,,13,[CUDA memcpy Host-to-Device]
2229710879,9568,14310,,,,,,,,,,0.197,20548.485,Pinned,Device,NVIDIA A100-SXM4-40GB MIG 4g.20gb (0),1,,13,[CUDA memcpy Host-to-Device]
2230101499,18112,14311,69,4,1,48,1,1,76,0.002,0.000,,,,,NVIDIA A100-SXM4-40GB MIG 4g.20gb (0),1,,13,"void ch_est::windowedChEstPreNoDftSOfdmKernel<float, __half, float, (unsigned int)2, (unsigned int)1, (unsigned short)4>(ch_est::puschRxChEstStatDescr_t *, ch_est::puschRxChEstDynDescr_t *)"
2230582869,17120,14312,137,2,1,24,2,1,44,0.001,0.001,,,,,NVIDIA A100-SXM4-40GB MIG 4g.20gb (0),1,,13,"void ch_est::chEstFilterNoDftSOfdmDispatchKernel<float, __half, float, (unsigned int)2>(ch_est::puschRxChEstStatDescr_t *, ch_est::puschRxChEstDynDescr_t *)"
2230996177,12831,14313,137,2,1,24,2,1,44,0.001,0.001,,,,,NVIDIA A100-SXM4-40GB MIG 4g.20gb (0),1,,13,"void ch_est::chEstFilterNoDftSOfdmDispatchKernel<float, __half, float, (unsigned int)2>(ch_est::puschRxChEstStatDescr_t *, ch_est::puschRxChEstDynDescr_t *)"
2231464235,4800,14324,103,1,1,128,1,1,16,0.000,0.000,,,,,NVIDIA A100-SXM4-40GB MIG 4g.20gb (0),1,,13,cupy_copy__complex64_complex64
2231855143,18079,14334,1434,1,1,128,1,1,16,0.000,0.000,,,,,NVIDIA A100-SXM4-40GB MIG 4g.20gb (0),1,,13,cupy_copy__complex64_complex64
2232252514,6208,14341,103,1,1,128,1,1,16,0.000,0.000,,,,,NVIDIA A100-SXM4-40GB MIG 4g.20gb (0),1,,13,cupy_copy__complex64_complex64
2232546687,209661,14348,1,1,1,32,32,1,30,0.000,0.000,,,,,NVIDIA A100-SXM4-40GB MIG 4g.20gb (0),1,,13,"void convert_kernel<__half2, float2>(tensor_layout_any, T1 *, tensor_layout_any, const T2 *)"
2232788508,6720,14351,,,,,,,,,,0.094,13942.808,Pinned,Device,NVIDIA A100-SXM4-40GB MIG 4g.20gb (0),1,,13,[CUDA memcpy Host-to-Device]
2232881083,50719,14352,,,,,,,,,,35.810,706028.383,Device,,NVIDIA A100-SXM4-40GB MIG 4g.20gb (0),1,,13,[CUDA memset]
2232939994,2752,14354,,,,,,,,,,0.000,29.070,Pinned,Device,NVIDIA A100-SXM4-40GB MIG 4g.20gb (0),1,,13,[CUDA memcpy Host-to-Device]
2232945210,9888,14355,,,,,,,,,,0.197,19883.360,Pinned,Device,NVIDIA A100-SXM4-40GB MIG 4g.20gb (0),1,,13,[CUDA memcpy Host-to-Device]
2233341878,18175,14356,273,1,1,48,1,1,40,0.000,0.001,,,,,NVIDIA A100-SXM4-40GB MIG 4g.20gb (0),1,,13,"void pusch_noise_intf_est::noiseIntfEstNoDftSOfdmKernel<float, __half, float, float, (unsigned int)2, (unsigned int)1, (unsigned char)4, (unsigned char)4>(pusch_noise_intf_est::puschRxNoiseIntfEstDynDescr)"
2233798608,7520,14367,35,1,1,128,1,1,16,0.000,0.000,,,,,NVIDIA A100-SXM4-40GB MIG 4g.20gb (0),1,,13,cupy_copy__complex64_complex64
2234207724,9152,14376,1,1,1,1,1,1,18,0.000,0.000,,,,,NVIDIA A100-SXM4-40GB MIG 4g.20gb (0),1,,13,cupy_copy__float32_float32
2234218539,1760,14382,,,,,,,,,,0.000,2.273,Device,Pageable,NVIDIA A100-SXM4-40GB MIG 4g.20gb (0),1,,7,[CUDA memcpy Device-to-Host]
2234682630,28960,14393,1434,1,1,128,1,1,16,0.000,0.000,,,,,NVIDIA A100-SXM4-40GB MIG 4g.20gb (0),1,,13,cupy_copy__complex64_complex64
2235122017,4736,14400,103,1,1,128,1,1,16,0.000,0.000,,,,,NVIDIA A100-SXM4-40GB MIG 4g.20gb (0),1,,13,cupy_copy__complex64_complex64
2235503069,5344,14407,35,1,1,128,1,1,16,0.000,0.000,,,,,NVIDIA A100-SXM4-40GB MIG 4g.20gb (0),1,,13,cupy_copy__complex64_complex64
2235754970,3968,14414,1,1,1,1,1,1,18,0.000,0.000,,,,,NVIDIA A100-SXM4-40GB MIG 4g.20gb (0),1,,13,cupy_copy__float32_float32
2236154037,238302,14425,1,1,1,32,32,1,30,0.000,0.000,,,,,NVIDIA A100-SXM4-40GB MIG 4g.20gb (0),1,,13,"void convert_kernel<__half2, float2>(tensor_layout_any, T1 *, tensor_layout_any, const T2 *)"
2236424466,6080,14428,,,,,,,,,,0.094,15410.462,Pinned,Device,NVIDIA A100-SXM4-40GB MIG 4g.20gb (0),1,,13,[CUDA memcpy Host-to-Device]
2236757070,6208,14429,,,,,,,,,,1.547,249133.287,Device,,NVIDIA A100-SXM4-40GB MIG 4g.20gb (0),1,,13,[CUDA memset]
2236765038,6912,14434,,,,,,,,,,0.031,4527.749,Pinned,Device,NVIDIA A100-SXM4-40GB MIG 4g.20gb (0),1,,13,[CUDA memcpy Host-to-Device]
2236774510,12256,14435,,,,,,,,,,0.197,16041.640,Pinned,Device,NVIDIA A100-SXM4-40GB MIG 4g.20gb (0),1,,13,[CUDA memcpy Host-to-Device]
2237240873,13888,14436,273,1,1,8,4,1,39,0.002,0.000,,,,,NVIDIA A100-SXM4-40GB MIG 4g.20gb (0),1,,13,"void channel_eq::eqMmseCoefCompLowMimoKernel<float, float, float, (unsigned int)4, (unsigned int)1, (unsigned int)4>(const channel_eq::_puschRxChEqStatDescr *, channel_eq::_puschRxChEqCoefCompDynDescr)"
2237713827,16960,14437,273,1,1,12,11,1,51,0.002,0.000,,,,,NVIDIA A100-SXM4-40GB MIG 4g.20gb (0),1,,13,"void channel_eq::eqMmseSoftDemapKernel<float, __half, __half, float, (unsigned int)4, (unsigned short)16383>(channel_eq::_puschRxChEqStatDescr *, channel_eq::_puschRxChEqSoftDemapDynDescr)"
2238127647,683768,14438,1,1,1,32,32,1,30,0.000,0.000,,,,,NVIDIA A100-SXM4-40GB MIG 4g.20gb (0),1,,13,"void convert_kernel<float2, __half2>(tensor_layout_any, T1 *, tensor_layout_any, const T2 *)"
2238857270,16800,14450,2253,1,1,128,1,1,16,0.000,0.000,,,,,NVIDIA A100-SXM4-40GB MIG 4g.20gb (0),1,,13,cupy_copy__float16_float16
2239176051,5631,14459,282,1,1,128,1,1,16,0.000,0.000,,,,,NVIDIA A100-SXM4-40GB MIG 4g.20gb (0),1,,13,cupy_copy__complex64_complex64
2239449039,4832,14468,26,1,1,128,1,1,16,0.000,0.000,,,,,NVIDIA A100-SXM4-40GB MIG 4g.20gb (0),1,,13,cupy_copy__float32_float32
2239635245,7360,14477,103,1,1,128,1,1,16,0.000,0.000,,,,,NVIDIA A100-SXM4-40GB MIG 4g.20gb (0),1,,13,cupy_copy__complex64_complex64
2239960266,17759,14487,1434,1,1,128,1,1,16,0.000,0.000,,,,,NVIDIA A100-SXM4-40GB MIG 4g.20gb (0),1,,13,cupy_copy__complex64_complex64
2240372741,268285,14492,1,1,1,32,32,1,30,0.000,0.000,,,,,NVIDIA A100-SXM4-40GB MIG 4g.20gb (0),1,,13,"void convert_kernel<__half2, float2>(tensor_layout_any, T1 *, tensor_layout_any, const T2 *)"
2240672097,5568,14495,,,,,,,,,,0.094,16827.521,Pinned,Device,NVIDIA A100-SXM4-40GB MIG 4g.20gb (0),1,,13,[CUDA memcpy Host-to-Device]
2240955294,608921,14496,,,,,,,,,,456.561,749673.884,Device,,NVIDIA A100-SXM4-40GB MIG 4g.20gb (0),1,,13,[CUDA memset]
2241568727,60799,14501,,,,,,,,,,1.235,20311.124,Pinned,Device,NVIDIA A100-SXM4-40GB MIG 4g.20gb (0),1,,13,[CUDA memcpy Host-to-Device]
2241633046,10752,14502,,,,,,,,,,0.197,18285.527,Pinned,Device,NVIDIA A100-SXM4-40GB MIG 4g.20gb (0),1,,13,[CUDA memcpy Host-to-Device]
2242036466,18079,14503,69,4,1,48,1,1,76,0.002,0.000,,,,,NVIDIA A100-SXM4-40GB MIG 4g.20gb (0),1,,13,"void ch_est::windowedChEstPreNoDftSOfdmKernel<float, __half, float, (unsigned int)2, (unsigned int)1, (unsigned short)4>(ch_est::puschRxChEstStatDescr_t *, ch_est::puschRxChEstDynDescr_t *)"
2242457549,11712,14504,137,2,1,24,2,1,44,0.001,0.001,,,,,NVIDIA A100-SXM4-40GB MIG 4g.20gb (0),1,,13,"void ch_est::chEstFilterNoDftSOfdmDispatchKernel<float, __half, float, (unsigned int)2>(ch_est::puschRxChEstStatDescr_t *, ch_est::puschRxChEstDynDescr_t *)"
2242855080,11584,14505,137,2,1,24,2,1,44,0.001,0.001,,,,,NVIDIA A100-SXM4-40GB MIG 4g.20gb (0),1,,13,"void ch_est::chEstFilterNoDftSOfdmDispatchKernel<float, __half, float, (unsigned int)2>(ch_est::puschRxChEstStatDescr_t *, ch_est::puschRxChEstDynDescr_t *)"
2243250372,5312,14516,103,1,1,128,1,1,16,0.000,0.000,,,,,NVIDIA A100-SXM4-40GB MIG 4g.20gb (0),1,,13,cupy_copy__complex64_complex64
2243576928,17472,14526,1434,1,1,128,1,1,16,0.000,0.000,,,,,NVIDIA A100-SXM4-40GB MIG 4g.20gb (0),1,,13,cupy_copy__complex64_complex64
2244035483,4576,14533,103,1,1,128,1,1,16,0.000,0.000,,,,,NVIDIA A100-SXM4-40GB MIG 4g.20gb (0),1,,13,cupy_copy__complex64_complex64
2244413366,247293,14540,1,1,1,32,32,1,30,0.000,0.000,,,,,NVIDIA A100-SXM4-40GB MIG 4g.20gb (0),1,,13,"void convert_kernel<__half2, float2>(tensor_layout_any, T1 *, tensor_layout_any, const T2 *)"
2244691059,6560,14543,,,,,,,,,,0.094,14282.925,Pinned,Device,NVIDIA A100-SXM4-40GB MIG 4g.20gb (0),1,,13,[CUDA memcpy Host-to-Device]
2245017711,47200,14544,,,,,,,,,,35.810,758668.965,Device,,NVIDIA A100-SXM4-40GB MIG 4g.20gb (0),1,,13,[CUDA memset]
2245069615,4224,14546,,,,,,,,,,0.000,18.939,Pinned,Device,NVIDIA A100-SXM4-40GB MIG 4g.20gb (0),1,,13,[CUDA memcpy Host-to-Device]
2245076271,15552,14547,,,,,,,,,,0.197,12641.894,Pinned,Device,NVIDIA A100-SXM4-40GB MIG 4g.20gb (0),1,,13,[CUDA memcpy Host-to-Device]
2245483850,40448,14548,273,1,1,48,1,1,40,0.000,0.001,,,,,NVIDIA A100-SXM4-40GB MIG 4g.20gb (0),1,,13,"void pusch_noise_intf_est::noiseIntfEstNoDftSOfdmKernel<float, __half, float, float, (unsigned int)2, (unsigned int)1, (unsigned char)4, (unsigned char)4>(pusch_noise_intf_est::puschRxNoiseIntfEstDynDescr)"
2246034660,4480,14559,35,1,1,128,1,1,16,0.000,0.000,,,,,NVIDIA A100-SXM4-40GB MIG 4g.20gb (0),1,,13,cupy_copy__complex64_complex64
2246453919,2944,14568,1,1,1,1,1,1,18,0.000,0.000,,,,,NVIDIA A100-SXM4-40GB MIG 4g.20gb (0),1,,13,cupy_copy__float32_float32
2246460735,2496,14574,,,,,,,,,,0.000,1.603,Device,Pageable,NVIDIA A100-SXM4-40GB MIG 4g.20gb (0),1,,7,[CUDA memcpy Device-to-Host]
2246965433,17568,14585,1434,1,1,128,1,1,16,0.000,0.000,,,,,NVIDIA A100-SXM4-40GB MIG 4g.20gb (0),1,,13,cupy_copy__complex64_complex64
2247481427,3968,14592,103,1,1,128,1,1,16,0.000,0.000,,,,,NVIDIA A100-SXM4-40GB MIG 4g.20gb (0),1,,13,cupy_copy__complex64_complex64
2247986669,4320,14599,35,1,1,128,1,1,16,0.000,0.000,,,,,NVIDIA A100-SXM4-40GB MIG 4g.20gb (0),1,,13,cupy_copy__complex64_complex64
2248497319,3040,14606,1,1,1,1,1,1,18,0.000,0.000,,,,,NVIDIA A100-SXM4-40GB MIG 4g.20gb (0),1,,13,cupy_copy__float32_float32
2248917827,263645,14617,1,1,1,32,32,1,30,0.000,0.000,,,,,NVIDIA A100-SXM4-40GB MIG 4g.20gb (0),1,,13,"void convert_kernel<__half2, float2>(tensor_layout_any, T1 *, tensor_layout_any, const T2 *)"
2249214751,6080,14620,,,,,,,,,,0.094,15410.462,Pinned,Device,NVIDIA A100-SXM4-40GB MIG 4g.20gb (0),1,,13,[CUDA memcpy Host-to-Device]
2249428285,5056,14621,,,,,,,,,,1.547,305897.481,Device,,NVIDIA A100-SXM4-40GB MIG 4g.20gb (0),1,,13,[CUDA memset]
2249436413,6336,14626,,,,,,,,,,0.031,4939.385,Pinned,Device,NVIDIA A100-SXM4-40GB MIG 4g.20gb (0),1,,13,[CUDA memcpy Host-to-Device]
2249446780,12704,14627,,,,,,,,,,0.197,15475.999,Pinned,Device,NVIDIA A100-SXM4-40GB MIG 4g.20gb (0),1,,13,[CUDA memcpy Host-to-Device]
2249855000,14784,14628,273,1,1,8,4,1,39,0.002,0.000,,,,,NVIDIA A100-SXM4-40GB MIG 4g.20gb (0),1,,13,"void channel_eq::eqMmseCoefCompLowMimoKernel<float, float, float, (unsigned int)4, (unsigned int)1, (unsigned int)4>(const channel_eq::_puschRxChEqStatDescr *, channel_eq::_puschRxChEqCoefCompDynDescr)"
2250277491,25440,14629,273,1,1,12,11,1,51,0.002,0.000,,,,,NVIDIA A100-SXM4-40GB MIG 4g.20gb (0),1,,13,"void channel_eq::eqMmseSoftDemapKernel<float, __half, __half, float, (unsigned int)4, (unsigned short)16383>(channel_eq::_puschRxChEqStatDescr *, channel_eq::_puschRxChEqSoftDemapDynDescr)"
2250652591,734007,14630,1,1,1,32,32,1,30,0.000,0.000,,,,,NVIDIA A100-SXM4-40GB MIG 4g.20gb (0),1,,13,"void convert_kernel<float2, __half2>(tensor_layout_any, T1 *, tensor_layout_any, const T2 *)"
2251496261,18560,14642,2253,1,1,128,1,1,16,0.000,0.000,,,,,NVIDIA A100-SXM4-40GB MIG 4g.20gb (0),1,,13,cupy_copy__float16_float16
2251906336,9952,14651,282,1,1,128,1,1,16,0.000,0.000,,,,,NVIDIA A100-SXM4-40GB MIG 4g.20gb (0),1,,13,cupy_copy__complex64_complex64
2252290364,5344,14660,26,1,1,128,1,1,16,0.000,0.000,,,,,NVIDIA A100-SXM4-40GB MIG 4g.20gb (0),1,,13,cupy_copy__float32_float32
2252652088,8544,14669,103,1,1,128,1,1,16,0.000,0.000,,,,,NVIDIA A100-SXM4-40GB MIG 4g.20gb (0),1,,13,cupy_copy__complex64_complex64
2252895573,20960,14679,1434,1,1,128,1,1,16,0.000,0.000,,,,,NVIDIA A100-SXM4-40GB MIG 4g.20gb (0),1,,13,cupy_copy__complex64_complex64
2253308688,265661,14684,1,1,1,32,32,1,30,0.000,0.000,,,,,NVIDIA A100-SXM4-40GB MIG 4g.20gb (0),1,,13,"void convert_kernel<__half2, float2>(tensor_layout_any, T1 *, tensor_layout_any, const T2 *)"
2253606797,6784,14687,,,,,,,,,,0.094,13811.259,Pinned,Device,NVIDIA A100-SXM4-40GB MIG 4g.20gb (0),1,,13,[CUDA memcpy Host-to-Device]
2253862730,601081,14688,,,,,,,,,,456.561,759261.675,Device,,NVIDIA A100-SXM4-40GB MIG 4g.20gb (0),1,,13,[CUDA memset]
2254472419,61407,14693,,,,,,,,,,1.235,20109.828,Pinned,Device,NVIDIA A100-SXM4-40GB MIG 4g.20gb (0),1,,13,[CUDA memcpy Host-to-Device]
2254536482,11968,14694,,,,,,,,,,0.197,16427.778,Pinned,Device,NVIDIA A100-SXM4-40GB MIG 4g.20gb (0),1,,13,[CUDA memcpy Host-to-Device]
2254932765,12896,14695,69,4,1,48,1,1,76,0.002,0.000,,,,,NVIDIA A100-SXM4-40GB MIG 4g.20gb (0),1,,13,"void ch_est::windowedChEstPreNoDftSOfdmKernel<float, __half, float, (unsigned int)2, (unsigned int)1, (unsigned short)4>(ch_est::puschRxChEstStatDescr_t *, ch_est::puschRxChEstDynDescr_t *)"
2255400664,13824,14696,137,2,1,24,2,1,44,0.001,0.001,,,,,NVIDIA A100-SXM4-40GB MIG 4g.20gb (0),1,,13,"void ch_est::chEstFilterNoDftSOfdmDispatchKernel<float, __half, float, (unsigned int)2>(ch_est::puschRxChEstStatDescr_t *, ch_est::puschRxChEstDynDescr_t *)"
2255805715,14624,14697,137,2,1,24,2,1,44,0.001,0.001,,,,,NVIDIA A100-SXM4-40GB MIG 4g.20gb (0),1,,13,"void ch_est::chEstFilterNoDftSOfdmDispatchKernel<float, __half, float, (unsigned int)2>(ch_est::puschRxChEstStatDescr_t *, ch_est::puschRxChEstDynDescr_t *)"
2256211759,9728,14708,103,1,1,128,1,1,16,0.000,0.000,,,,,NVIDIA A100-SXM4-40GB MIG 4g.20gb (0),1,,13,cupy_copy__complex64_complex64
2256549931,21568,14718,1434,1,1,128,1,1,16,0.000,0.000,,,,,NVIDIA A100-SXM4-40GB MIG 4g.20gb (0),1,,13,cupy_copy__complex64_complex64
2256850055,5824,14725,103,1,1,128,1,1,16,0.000,0.000,,,,,NVIDIA A100-SXM4-40GB MIG 4g.20gb (0),1,,13,cupy_copy__complex64_complex64
2257068101,251229,14732,1,1,1,32,32,1,30,0.000,0.000,,,,,NVIDIA A100-SXM4-40GB MIG 4g.20gb (0),1,,13,"void convert_kernel<__half2, float2>(tensor_layout_any, T1 *, tensor_layout_any, const T2 *)"
2257354562,8415,14735,,,,,,,,,,0.094,11134.364,Pinned,Device,NVIDIA A100-SXM4-40GB MIG 4g.20gb (0),1,,13,[CUDA memcpy Host-to-Device]
2257514784,51167,14736,,,,,,,,,,35.810,699833.267,Device,,NVIDIA A100-SXM4-40GB MIG 4g.20gb (0),1,,13,[CUDA memset]
2257568671,2208,14738,,,,,,,,,,0.000,36.232,Pinned,Device,NVIDIA A100-SXM4-40GB MIG 4g.20gb (0),1,,13,[CUDA memcpy Host-to-Device]
2257574239,13472,14739,,,,,,,,,,0.197,14593.819,Pinned,Device,NVIDIA A100-SXM4-40GB MIG 4g.20gb (0),1,,13,[CUDA memcpy Host-to-Device]
2257994298,24704,14740,273,1,1,48,1,1,40,0.000,0.001,,,,,NVIDIA A100-SXM4-40GB MIG 4g.20gb (0),1,,13,"void pusch_noise_intf_est::noiseIntfEstNoDftSOfdmKernel<float, __half, float, float, (unsigned int)2, (unsigned int)1, (unsigned char)4, (unsigned char)4>(pusch_noise_intf_est::puschRxNoiseIntfEstDynDescr)"
2258322230,5024,14751,35,1,1,128,1,1,16,0.000,0.000,,,,,NVIDIA A100-SXM4-40GB MIG 4g.20gb (0),1,,13,cupy_copy__complex64_complex64
2258645235,3744,14760,1,1,1,1,1,1,18,0.000,0.000,,,,,NVIDIA A100-SXM4-40GB MIG 4g.20gb (0),1,,13,cupy_copy__float32_float32
2258653363,2400,14766,,,,,,,,,,0.000,1.667,Device,Pageable,NVIDIA A100-SXM4-40GB MIG 4g.20gb (0),1,,7,[CUDA memcpy Device-to-Host]
2258887568,22048,14777,1434,1,1,128,1,1,16,0.000,0.000,,,,,NVIDIA A100-SXM4-40GB MIG 4g.20gb (0),1,,13,cupy_copy__complex64_complex64
2259414634,4896,14784,103,1,1,128,1,1,16,0.000,0.000,,,,,NVIDIA A100-SXM4-40GB MIG 4g.20gb (0),1,,13,cupy_copy__complex64_complex64
2259847045,8128,14791,35,1,1,128,1,1,16,0.000,0.000,,,,,NVIDIA A100-SXM4-40GB MIG 4g.20gb (0),1,,13,cupy_copy__complex64_complex64
2260268224,2816,14798,1,1,1,1,1,1,18,0.000,0.000,,,,,NVIDIA A100-SXM4-40GB MIG 4g.20gb (0),1,,13,cupy_copy__float32_float32
2260681723,265629,14809,1,1,1,32,32,1,30,0.000,0.000,,,,,NVIDIA A100-SXM4-40GB MIG 4g.20gb (0),1,,13,"void convert_kernel<__half2, float2>(tensor_layout_any, T1 *, tensor_layout_any, const T2 *)"
2260982072,12000,14812,,,,,,,,,,0.094,7807.969,Pinned,Device,NVIDIA A100-SXM4-40GB MIG 4g.20gb (0),1,,13,[CUDA memcpy Host-to-Device]
2261500658,4800,14813,,,,,,,,,,1.547,322212.818,Device,,NVIDIA A100-SXM4-40GB MIG 4g.20gb (0),1,,13,[CUDA memset]
2261517298,5600,14818,,,,,,,,,,0.031,5588.558,Pinned,Device,NVIDIA A100-SXM4-40GB MIG 4g.20gb (0),1,,13,[CUDA memcpy Host-to-Device]
2261532754,13759,14819,,,,,,,,,,0.197,14289.273,Pinned,Device,NVIDIA A100-SXM4-40GB MIG 4g.20gb (0),1,,13,[CUDA memcpy Host-to-Device]
2262016332,11712,14820,273,1,1,8,4,1,39,0.002,0.000,,,,,NVIDIA A100-SXM4-40GB MIG 4g.20gb (0),1,,13,"void channel_eq::eqMmseCoefCompLowMimoKernel<float, float, float, (unsigned int)4, (unsigned int)1, (unsigned int)4>(const channel_eq::_puschRxChEqStatDescr *, channel_eq::_puschRxChEqCoefCompDynDescr)"
2262433511,10688,14821,273,1,1,12,11,1,51,0.002,0.000,,,,,NVIDIA A100-SXM4-40GB MIG 4g.20gb (0),1,,13,"void channel_eq::eqMmseSoftDemapKernel<float, __half, __half, float, (unsigned int)4, (unsigned short)16383>(channel_eq::_puschRxChEqStatDescr *, channel_eq::_puschRxChEqSoftDemapDynDescr)"
2262865058,584953,14822,1,1,1,32,32,1,30,0.000,0.000,,,,,NVIDIA A100-SXM4-40GB MIG 4g.20gb (0),1,,13,"void convert_kernel<float2, __half2>(tensor_layout_any, T1 *, tensor_layout_any, const T2 *)"
2263753944,15872,14834,2253,1,1,128,1,1,16,0.000,0.000,,,,,NVIDIA A100-SXM4-40GB MIG 4g.20gb (0),1,,13,cupy_copy__float16_float16
2264161043,12128,14843,282,1,1,128,1,1,16,0.000,0.000,,,,,NVIDIA A100-SXM4-40GB MIG 4g.20gb (0),1,,13,cupy_copy__complex64_complex64
2264499375,3744,14852,26,1,1,128,1,1,16,0.000,0.000,,,,,NVIDIA A100-SXM4-40GB MIG 4g.20gb (0),1,,13,cupy_copy__float32_float32
2264785900,12160,14861,103,1,1,128,1,1,16,0.000,0.000,,,,,NVIDIA A100-SXM4-40GB MIG 4g.20gb (0),1,,13,cupy_copy__complex64_complex64
2264966090,27776,14871,1434,1,1,128,1,1,16,0.000,0.000,,,,,NVIDIA A100-SXM4-40GB MIG 4g.20gb (0),1,,13,cupy_copy__complex64_complex64
2265313958,289149,14876,1,1,1,32,32,1,30,0.000,0.000,,,,,NVIDIA A100-SXM4-40GB MIG 4g.20gb (0),1,,13,"void convert_kernel<__half2, float2>(tensor_layout_any, T1 *, tensor_layout_any, const T2 *)"
2265634722,6336,14879,,,,,,,,,,0.094,14787.852,Pinned,Device,NVIDIA A100-SXM4-40GB MIG 4g.20gb (0),1,,13,[CUDA memcpy Host-to-Device]
2265815520,607065,14880,,,,,,,,,,456.561,751956.692,Device,,NVIDIA A100-SXM4-40GB MIG 4g.20gb (0),1,,13,[CUDA memset]
2266427865,71999,14885,,,,,,,,,,1.235,17152.137,Pinned,Device,NVIDIA A100-SXM4-40GB MIG 4g.20gb (0),1,,13,[CUDA memcpy Host-to-Device]
2266503672,10400,14886,,,,,,,,,,0.197,18904.449,Pinned,Device,NVIDIA A100-SXM4-40GB MIG 4g.20gb (0),1,,13,[CUDA memcpy Host-to-Device]
2266887732,17248,14887,69,4,1,48,1,1,76,0.002,0.000,,,,,NVIDIA A100-SXM4-40GB MIG 4g.20gb (0),1,,13,"void ch_est::windowedChEstPreNoDftSOfdmKernel<float, __half, float, (unsigned int)2, (unsigned int)1, (unsigned short)4>(ch_est::puschRxChEstStatDescr_t *, ch_est::puschRxChEstDynDescr_t *)"
2267360079,16639,14888,137,2,1,24,2,1,44,0.001,0.001,,,,,NVIDIA A100-SXM4-40GB MIG 4g.20gb (0),1,,13,"void ch_est::chEstFilterNoDftSOfdmDispatchKernel<float, __half, float, (unsigned int)2>(ch_est::puschRxChEstStatDescr_t *, ch_est::puschRxChEstDynDescr_t *)"
2267767914,14880,14889,137,2,1,24,2,1,44,0.001,0.001,,,,,NVIDIA A100-SXM4-40GB MIG 4g.20gb (0),1,,13,"void ch_est::chEstFilterNoDftSOfdmDispatchKernel<float, __half, float, (unsigned int)2>(ch_est::puschRxChEstStatDescr_t *, ch_est::puschRxChEstDynDescr_t *)"
2268236484,4544,14900,103,1,1,128,1,1,16,0.000,0.000,,,,,NVIDIA A100-SXM4-40GB MIG 4g.20gb (0),1,,13,cupy_copy__complex64_complex64
2268701503,19616,14910,1434,1,1,128,1,1,16,0.000,0.000,,,,,NVIDIA A100-SXM4-40GB MIG 4g.20gb (0),1,,13,cupy_copy__complex64_complex64
2269178618,5568,14917,103,1,1,128,1,1,16,0.000,0.000,,,,,NVIDIA A100-SXM4-40GB MIG 4g.20gb (0),1,,13,cupy_copy__complex64_complex64
2269577685,247101,14924,1,1,1,32,32,1,30,0.000,0.000,,,,,NVIDIA A100-SXM4-40GB MIG 4g.20gb (0),1,,13,"void convert_kernel<__half2, float2>(tensor_layout_any, T1 *, tensor_layout_any, const T2 *)"
2269856050,6400,14927,,,,,,,,,,0.094,14640.000,Pinned,Device,NVIDIA A100-SXM4-40GB MIG 4g.20gb (0),1,,13,[CUDA memcpy Host-to-Device]
2269974608,48512,14928,,,,,,,,,,35.810,738149.881,Device,,NVIDIA A100-SXM4-40GB MIG 4g.20gb (0),1,,13,[CUDA memset]
2270031952,2048,14930,,,,,,,,,,0.000,39.062,Pinned,Device,NVIDIA A100-SXM4-40GB MIG 4g.20gb (0),1,,13,[CUDA memcpy Host-to-Device]
2270037008,10688,14931,,,,,,,,,,0.197,18395.038,Pinned,Device,NVIDIA A100-SXM4-40GB MIG 4g.20gb (0),1,,13,[CUDA memcpy Host-to-Device]
2270436043,16160,14932,273,1,1,48,1,1,40,0.000,0.001,,,,,NVIDIA A100-SXM4-40GB MIG 4g.20gb (0),1,,13,"void pusch_noise_intf_est::noiseIntfEstNoDftSOfdmKernel<float, __half, float, float, (unsigned int)2, (unsigned int)1, (unsigned char)4, (unsigned char)4>(pusch_noise_intf_est::puschRxNoiseIntfEstDynDescr)"
2270888134,7648,14943,35,1,1,128,1,1,16,0.000,0.000,,,,,NVIDIA A100-SXM4-40GB MIG 4g.20gb (0),1,,13,cupy_copy__complex64_complex64
2271275394,9855,14952,1,1,1,1,1,1,18,0.000,0.000,,,,,NVIDIA A100-SXM4-40GB MIG 4g.20gb (0),1,,13,cupy_copy__float32_float32
2271293473,2144,14958,,,,,,,,,,0.000,1.866,Device,Pageable,NVIDIA A100-SXM4-40GB MIG 4g.20gb (0),1,,7,[CUDA memcpy Device-to-Host]
2271675325,25952,14969,1434,1,1,128,1,1,16,0.000,0.000,,,,,NVIDIA A100-SXM4-40GB MIG 4g.20gb (0),1,,13,cupy_copy__complex64_complex64
2272022809,6080,14976,103,1,1,128,1,1,16,0.000,0.000,,,,,NVIDIA A100-SXM4-40GB MIG 4g.20gb (0),1,,13,cupy_copy__complex64_complex64
2272414708,5728,14983,35,1,1,128,1,1,16,0.000,0.000,,,,,NVIDIA A100-SXM4-40GB MIG 4g.20gb (0),1,,13,cupy_copy__complex64_complex64
2272854543,3104,14990,1,1,1,1,1,1,18,0.000,0.000,,,,,NVIDIA A100-SXM4-40GB MIG 4g.20gb (0),1,,13,cupy_copy__float32_float32
2273232363,278685,15001,1,1,1,32,32,1,30,0.000,0.000,,,,,NVIDIA A100-SXM4-40GB MIG 4g.20gb (0),1,,13,"void convert_kernel<__half2, float2>(tensor_layout_any, T1 *, tensor_layout_any, const T2 *)"
2273542599,5504,15004,,,,,,,,,,0.094,17023.251,Pinned,Device,NVIDIA A100-SXM4-40GB MIG 4g.20gb (0),1,,13,[CUDA memcpy Host-to-Device]
2273966659,7296,15005,,,,,,,,,,1.547,211981.832,Device,,NVIDIA A100-SXM4-40GB MIG 4g.20gb (0),1,,13,[CUDA memset]
2273975203,7007,15010,,,,,,,,,,0.031,4466.377,Pinned,Device,NVIDIA A100-SXM4-40GB MIG 4g.20gb (0),1,,13,[CUDA memcpy Host-to-Device]
2273985314,11264,15011,,,,,,,,,,0.197,17454.465,Pinned,Device,NVIDIA A100-SXM4-40GB MIG 4g.20gb (0),1,,13,[CUDA memcpy Host-to-Device]
2274444733,13472,15012,273,1,1,8,4,1,39,0.002,0.000,,,,,NVIDIA A100-SXM4-40GB MIG 4g.20gb (0),1,,13,"void channel_eq::eqMmseCoefCompLowMimoKernel<float, float, float, (unsigned int)4, (unsigned int)1, (unsigned int)4>(const channel_eq::_puschRxChEqStatDescr *, channel_eq::_puschRxChEqCoefCompDynDescr)"
2274928248,10239,15013,273,1,1,12,11,1,51,0.002,0.000,,,,,NVIDIA A100-SXM4-40GB MIG 4g.20gb (0),1,,13,"void channel_eq::eqMmseSoftDemapKernel<float, __half, __half, float, (unsigned int)4, (unsigned short)16383>(channel_eq::_puschRxChEqStatDescr *, channel_eq::_puschRxChEqSoftDemapDynDescr)"
2275411506,665816,15014,1,1,1,32,32,1,30,0.000,0.000,,,,,NVIDIA A100-SXM4-40GB MIG 4g.20gb (0),1,,13,"void convert_kernel<float2, __half2>(tensor_layout_any, T1 *, tensor_layout_any, const T2 *)"
2276220361,16064,15026,2253,1,1,128,1,1,16,0.000,0.000,,,,,NVIDIA A100-SXM4-40GB MIG 4g.20gb (0),1,,13,cupy_copy__float16_float16
2276643556,9440,15035,282,1,1,128,1,1,16,0.000,0.000,,,,,NVIDIA A100-SXM4-40GB MIG 4g.20gb (0),1,,13,cupy_copy__complex64_complex64
2277054975,5728,15044,26,1,1,128,1,1,16,0.000,0.000,,,,,NVIDIA A100-SXM4-40GB MIG 4g.20gb (0),1,,13,cupy_copy__float32_float32
2277375867,10048,15053,103,1,1,128,1,1,16,0.000,0.000,,,,,NVIDIA A100-SXM4-40GB MIG 4g.20gb (0),1,,13,cupy_copy__complex64_complex64
2277551769,20192,15063,1434,1,1,128,1,1,16,0.000,0.000,,,,,NVIDIA A100-SXM4-40GB MIG 4g.20gb (0),1,,13,cupy_copy__complex64_complex64
2277673816,236029,15068,1,1,1,32,32,1,30,0.000,0.000,,,,,NVIDIA A100-SXM4-40GB MIG 4g.20gb (0),1,,13,"void convert_kernel<__half2, float2>(tensor_layout_any, T1 *, tensor_layout_any, const T2 *)"
2277941269,5408,15071,,,,,,,,,,0.094,17325.421,Pinned,Device,NVIDIA A100-SXM4-40GB MIG 4g.20gb (0),1,,13,[CUDA memcpy Host-to-Device]
2278135731,695736,15072,,,,,,,,,,456.561,656078.789,Device,,NVIDIA A100-SXM4-40GB MIG 4g.20gb (0),1,,13,[CUDA memset]
2278839243,52351,15077,,,,,,,,,,1.235,23588.665,Pinned,Device,NVIDIA A100-SXM4-40GB MIG 4g.20gb (0),1,,13,[CUDA memcpy Host-to-Device]
2278897706,15872,15078,,,,,,,,,,0.197,12387.090,Pinned,Device,NVIDIA A100-SXM4-40GB MIG 4g.20gb (0),1,,13,[CUDA memcpy Host-to-Device]
2279291621,10720,15079,69,4,1,48,1,1,76,0.002,0.000,,,,,NVIDIA A100-SXM4-40GB MIG 4g.20gb (0),1,,13,"void ch_est::windowedChEstPreNoDftSOfdmKernel<float, __half, float, (unsigned int)2, (unsigned int)1, (unsigned short)4>(ch_est::puschRxChEstStatDescr_t *, ch_est::puschRxChEstDynDescr_t *)"
2279635041,14144,15080,137,2,1,24,2,1,44,0.001,0.001,,,,,NVIDIA A100-SXM4-40GB MIG 4g.20gb (0),1,,13,"void ch_est::chEstFilterNoDftSOfdmDispatchKernel<float, __half, float, (unsigned int)2>(ch_est::puschRxChEstStatDescr_t *, ch_est::puschRxChEstDynDescr_t *)"
2279849919,11616,15081,137,2,1,24,2,1,44,0.001,0.001,,,,,NVIDIA A100-SXM4-40GB MIG 4g.20gb (0),1,,13,"void ch_est::chEstFilterNoDftSOfdmDispatchKernel<float, __half, float, (unsigned int)2>(ch_est::puschRxChEstStatDescr_t *, ch_est::puschRxChEstDynDescr_t *)"
2280179291,4640,15092,103,1,1,128,1,1,16,0.000,0.000,,,,,NVIDIA A100-SXM4-40GB MIG 4g.20gb (0),1,,13,cupy_copy__complex64_complex64
2280509879,20576,15102,1434,1,1,128,1,1,16,0.000,0.000,,,,,NVIDIA A100-SXM4-40GB MIG 4g.20gb (0),1,,13,cupy_copy__complex64_complex64
2280743029,7264,15109,103,1,1,128,1,1,16,0.000,0.000,,,,,NVIDIA A100-SXM4-40GB MIG 4g.20gb (0),1,,13,cupy_copy__complex64_complex64
2281076689,253597,15116,1,1,1,32,32,1,30,0.000,0.000,,,,,NVIDIA A100-SXM4-40GB MIG 4g.20gb (0),1,,13,"void convert_kernel<__half2, float2>(tensor_layout_any, T1 *, tensor_layout_any, const T2 *)"
2281361518,5792,15119,,,,,,,,,,0.094,16176.708,Pinned,Device,NVIDIA A100-SXM4-40GB MIG 4g.20gb (0),1,,13,[CUDA memcpy Host-to-Device]
2281640618,50432,15120,,,,,,,,,,35.810,710039.094,Device,,NVIDIA A100-SXM4-40GB MIG 4g.20gb (0),1,,13,[CUDA memset]
2281696202,4160,15122,,,,,,,,,,0.000,19.231,Pinned,Device,NVIDIA A100-SXM4-40GB MIG 4g.20gb (0),1,,13,[CUDA memcpy Host-to-Device]
2281706218,12224,15123,,,,,,,,,,0.197,16083.714,Pinned,Device,NVIDIA A100-SXM4-40GB MIG 4g.20gb (0),1,,13,[CUDA memcpy Host-to-Device]
2282128229,20512,15124,273,1,1,48,1,1,40,0.000,0.001,,,,,NVIDIA A100-SXM4-40GB MIG 4g.20gb (0),1,,13,"void pusch_noise_intf_est::noiseIntfEstNoDftSOfdmKernel<float, __half, float, float, (unsigned int)2, (unsigned int)1, (unsigned char)4, (unsigned char)4>(pusch_noise_intf_est::puschRxNoiseIntfEstDynDescr)"
2282564288,9728,15135,35,1,1,128,1,1,16,0.000,0.000,,,,,NVIDIA A100-SXM4-40GB MIG 4g.20gb (0),1,,13,cupy_copy__complex64_complex64
2282894972,3232,15144,1,1,1,1,1,1,18,0.000,0.000,,,,,NVIDIA A100-SXM4-40GB MIG 4g.20gb (0),1,,13,cupy_copy__float32_float32
2282900668,1760,15150,,,,,,,,,,0.000,2.273,Device,Pageable,NVIDIA A100-SXM4-40GB MIG 4g.20gb (0),1,,7,[CUDA memcpy Device-to-Host]
2283330647,16896,15161,1434,1,1,128,1,1,16,0.000,0.000,,,,,NVIDIA A100-SXM4-40GB MIG 4g.20gb (0),1,,13,cupy_copy__complex64_complex64
2283775122,5856,15168,103,1,1,128,1,1,16,0.000,0.000,,,,,NVIDIA A100-SXM4-40GB MIG 4g.20gb (0),1,,13,cupy_copy__complex64_complex64
2283946864,4864,15175,35,1,1,128,1,1,16,0.000,0.000,,,,,NVIDIA A100-SXM4-40GB MIG 4g.20gb (0),1,,13,cupy_copy__complex64_complex64
2284074638,3360,15182,1,1,1,1,1,1,18,0.000,0.000,,,,,NVIDIA A100-SXM4-40GB MIG 4g.20gb (0),1,,13,cupy_copy__float32_float32
2284239949,233597,15193,1,1,1,32,32,1,30,0.000,0.000,,,,,NVIDIA A100-SXM4-40GB MIG 4g.20gb (0),1,,13,"void convert_kernel<__half2, float2>(tensor_layout_any, T1 *, tensor_layout_any, const T2 *)"
2284507881,5376,15196,,,,,,,,,,0.094,17428.487,Pinned,Device,NVIDIA A100-SXM4-40GB MIG 4g.20gb (0),1,,13,[CUDA memcpy Host-to-Device]
2284627720,6816,15197,,,,,,,,,,1.547,226909.847,Device,,NVIDIA A100-SXM4-40GB MIG 4g.20gb (0),1,,13,[CUDA memset]
2284639112,3360,15202,,,,,,,,,,0.031,9314.284,Pinned,Device,NVIDIA A100-SXM4-40GB MIG 4g.20gb (0),1,,13,[CUDA memcpy Host-to-Device]
2284645192,9344,15203,,,,,,,,,,0.197,21040.988,Pinned,Device,NVIDIA A100-SXM4-40GB MIG 4g.20gb (0),1,,13,[CUDA memcpy Host-to-Device]
2284928773,13439,15204,273,1,1,8,4,1,39,0.002,0.000,,,,,NVIDIA A100-SXM4-40GB MIG 4g.20gb (0),1,,13,"void channel_eq::eqMmseCoefCompLowMimoKernel<float, float, float, (unsigned int)4, (unsigned int)1, (unsigned int)4>(const channel_eq::_puschRxChEqStatDescr *, channel_eq::_puschRxChEqCoefCompDynDescr)"
2285198818,13151,15205,273,1,1,12,11,1,51,0.002,0.000,,,,,NVIDIA A100-SXM4-40GB MIG 4g.20gb (0),1,,13,"void channel_eq::eqMmseSoftDemapKernel<float, __half, __half, float, (unsigned int)4, (unsigned short)16383>(channel_eq::_puschRxChEqStatDescr *, channel_eq::_puschRxChEqSoftDemapDynDescr)"
2285487262,710392,15206,1,1,1,32,32,1,30,0.000,0.000,,,,,NVIDIA A100-SXM4-40GB MIG 4g.20gb (0),1,,13,"void convert_kernel<float2, __half2>(tensor_layout_any, T1 *, tensor_layout_any, const T2 *)"
2286355732,22848,15218,2253,1,1,128,1,1,16,0.000,0.000,,,,,NVIDIA A100-SXM4-40GB MIG 4g.20gb (0),1,,13,cupy_copy__float16_float16
2286702320,6272,15227,282,1,1,128,1,1,16,0.000,0.000,,,,,NVIDIA A100-SXM4-40GB MIG 4g.20gb (0),1,,13,cupy_copy__complex64_complex64
2287009965,10784,15236,26,1,1,128,1,1,16,0.000,0.000,,,,,NVIDIA A100-SXM4-40GB MIG 4g.20gb (0),1,,13,cupy_copy__float32_float32
2287189899,23615,15245,103,1,1,128,1,1,16,0.000,0.000,,,,,NVIDIA A100-SXM4-40GB MIG 4g.20gb (0),1,,13,cupy_copy__complex64_complex64
2287567334,16800,15255,1434,1,1,128,1,1,16,0.000,0.000,,,,,NVIDIA A100-SXM4-40GB MIG 4g.20gb (0),1,,13,cupy_copy__complex64_complex64
2287992193,248830,15260,1,1,1,32,32,1,30,0.000,0.000,,,,,NVIDIA A100-SXM4-40GB MIG 4g.20gb (0),1,,13,"void convert_kernel<__half2, float2>(tensor_layout_any, T1 *, tensor_layout_any, const T2 *)"
2288272830,5952,15263,,,,,,,,,,0.094,15741.865,Pinned,Device,NVIDIA A100-SXM4-40GB MIG 4g.20gb (0),1,,13,[CUDA memcpy Host-to-Device]
2288490844,607577,15264,,,,,,,,,,456.561,751043.569,Device,,NVIDIA A100-SXM4-40GB MIG 4g.20gb (0),1,,13,[CUDA memset]
2289107957,81919,15269,,,,,,,,,,1.235,15074.961,Pinned,Device,NVIDIA A100-SXM4-40GB MIG 4g.20gb (0),1,,13,[CUDA memcpy Host-to-Device]
2289200660,17631,15270,,,,,,,,,,0.197,11151.213,Pinned,Device,NVIDIA A100-SXM4-40GB MIG 4g.20gb (0),1,,13,[CUDA memcpy Host-to-Device]
2289673550,13536,15271,69,4,1,48,1,1,76,0.002,0.000,,,,,NVIDIA A100-SXM4-40GB MIG 4g.20gb (0),1,,13,"void ch_est::windowedChEstPreNoDftSOfdmKernel<float, __half, float, (unsigned int)2, (unsigned int)1, (unsigned short)4>(ch_est::puschRxChEstStatDescr_t *, ch_est::puschRxChEstDynDescr_t *)"
2290086985,15968,15272,137,2,1,24,2,1,44,0.001,0.001,,,,,NVIDIA A100-SXM4-40GB MIG 4g.20gb (0),1,,13,"void ch_est::chEstFilterNoDftSOfdmDispatchKernel<float, __half, float, (unsigned int)2>(ch_est::puschRxChEstStatDescr_t *, ch_est::puschRxChEstDynDescr_t *)"
2290513188,12032,15273,137,2,1,24,2,1,44,0.001,0.001,,,,,NVIDIA A100-SXM4-40GB MIG 4g.20gb (0),1,,13,"void ch_est::chEstFilterNoDftSOfdmDispatchKernel<float, __half, float, (unsigned int)2>(ch_est::puschRxChEstStatDescr_t *, ch_est::puschRxChEstDynDescr_t *)"
2291004031,5600,15284,103,1,1,128,1,1,16,0.000,0.000,,,,,NVIDIA A100-SXM4-40GB MIG 4g.20gb (0),1,,13,cupy_copy__complex64_complex64
2291417754,18816,15294,1434,1,1,128,1,1,16,0.000,0.000,,,,,NVIDIA A100-SXM4-40GB MIG 4g.20gb (0),1,,13,cupy_copy__complex64_complex64
2291827605,6144,15301,103,1,1,128,1,1,16,0.000,0.000,,,,,NVIDIA A100-SXM4-40GB MIG 4g.20gb (0),1,,13,cupy_copy__complex64_complex64
2292118098,292221,15308,1,1,1,32,32,1,30,0.000,0.000,,,,,NVIDIA A100-SXM4-40GB MIG 4g.20gb (0),1,,13,"void convert_kernel<__half2, float2>(tensor_layout_any, T1 *, tensor_layout_any, const T2 *)"
2292441102,5440,15311,,,,,,,,,,0.094,17223.480,Pinned,Device,NVIDIA A100-SXM4-40GB MIG 4g.20gb (0),1,,13,[CUDA memcpy Host-to-Device]
2292747787,50111,15312,,,,,,,,,,35.810,714586.954,Device,,NVIDIA A100-SXM4-40GB MIG 4g.20gb (0),1,,13,[CUDA memset]
2292807146,2720,15314,,,,,,,,,,0.000,29.412,Pinned,Device,NVIDIA A100-SXM4-40GB MIG 4g.20gb (0),1,,13,[CUDA memcpy Host-to-Device]
2292812298,17440,15315,,,,,,,,,,0.197,11273.306,Pinned,Device,NVIDIA A100-SXM4-40GB MIG 4g.20gb (0),1,,13,[CUDA memcpy Host-to-Device]
2293208069,20192,15316,273,1,1,48,1,1,40,0.000,0.001,,,,,NVIDIA A100-SXM4-40GB MIG 4g.20gb (0),1,,13,"void pusch_noise_intf_est::noiseIntfEstNoDftSOfdmKernel<float, __half, float, float, (unsigned int)2, (unsigned int)1, (unsigned char)4, (unsigned char)4>(pusch_noise_intf_est::puschRxNoiseIntfEstDynDescr)"
2293537410,6048,15327,35,1,1,128,1,1,16,0.000,0.000,,,,,NVIDIA A100-SXM4-40GB MIG 4g.20gb (0),1,,13,cupy_copy__complex64_complex64
2293838142,3808,15336,1,1,1,1,1,1,18,0.000,0.000,,,,,NVIDIA A100-SXM4-40GB MIG 4g.20gb (0),1,,13,cupy_copy__float32_float32
2293843774,1632,15342,,,,,,,,,,0.000,2.451,Device,Pageable,NVIDIA A100-SXM4-40GB MIG 4g.20gb (0),1,,7,[CUDA memcpy Device-to-Host]
2294019740,21408,15353,1434,1,1,128,1,1,16,0.000,0.000,,,,,NVIDIA A100-SXM4-40GB MIG 4g.20gb (0),1,,13,cupy_copy__complex64_complex64
2294370840,4032,15360,103,1,1,128,1,1,16,0.000,0.000,,,,,NVIDIA A100-SXM4-40GB MIG 4g.20gb (0),1,,13,cupy_copy__complex64_complex64
2294665589,5856,15367,35,1,1,128,1,1,16,0.000,0.000,,,,,NVIDIA A100-SXM4-40GB MIG 4g.20gb (0),1,,13,cupy_copy__complex64_complex64
2294847475,3936,15374,1,1,1,1,1,1,18,0.000,0.000,,,,,NVIDIA A100-SXM4-40GB MIG 4g.20gb (0),1,,13,cupy_copy__float32_float32
2295182415,276733,15385,1,1,1,32,32,1,30,0.000,0.000,,,,,NVIDIA A100-SXM4-40GB MIG 4g.20gb (0),1,,13,"void convert_kernel<__half2, float2>(tensor_layout_any, T1 *, tensor_layout_any, const T2 *)"
2295490027,5952,15388,,,,,,,,,,0.094,15741.865,Pinned,Device,NVIDIA A100-SXM4-40GB MIG 4g.20gb (0),1,,13,[CUDA memcpy Host-to-Device]
2295675785,4928,15389,,,,,,,,,,1.547,313844.035,Device,,NVIDIA A100-SXM4-40GB MIG 4g.20gb (0),1,,13,[CUDA memset]
2295686473,7328,15394,,,,,,,,,,0.031,4270.715,Pinned,Device,NVIDIA A100-SXM4-40GB MIG 4g.20gb (0),1,,13,[CUDA memcpy Host-to-Device]
2295698249,16320,15395,,,,,,,,,,0.197,12046.959,Pinned,Device,NVIDIA A100-SXM4-40GB MIG 4g.20gb (0),1,,13,[CUDA memcpy Host-to-Device]
2296080260,13728,15396,273,1,1,8,4,1,39,0.002,0.000,,,,,NVIDIA A100-SXM4-40GB MIG 4g.20gb (0),1,,13,"void channel_eq::eqMmseCoefCompLowMimoKernel<float, float, float, (unsigned int)4, (unsigned int)1, (unsigned int)4>(const channel_eq::_puschRxChEqStatDescr *, channel_eq::_puschRxChEqCoefCompDynDescr)"
2296489152,23999,15397,273,1,1,12,11,1,51,0.002,0.000,,,,,NVIDIA A100-SXM4-40GB MIG 4g.20gb (0),1,,13,"void channel_eq::eqMmseSoftDemapKernel<float, __half, __half, float, (unsigned int)4, (unsigned short)16383>(channel_eq::_puschRxChEqStatDescr *, channel_eq::_puschRxChEqSoftDemapDynDescr)"
2296871803,536346,15398,1,1,1,32,32,1,30,0.000,0.000,,,,,NVIDIA A100-SXM4-40GB MIG 4g.20gb (0),1,,13,"void convert_kernel<float2, __half2>(tensor_layout_any, T1 *, tensor_layout_any, const T2 *)"
2297557107,46048,15410,2253,1,1,128,1,1,16,0.000,0.000,,,,,NVIDIA A100-SXM4-40GB MIG 4g.20gb (0),1,,13,cupy_copy__float16_float16
2297969551,10912,15419,282,1,1,128,1,1,16,0.000,0.000,,,,,NVIDIA A100-SXM4-40GB MIG 4g.20gb (0),1,,13,cupy_copy__complex64_complex64
2298506505,6783,15428,26,1,1,128,1,1,16,0.000,0.000,,,,,NVIDIA A100-SXM4-40GB MIG 4g.20gb (0),1,,13,cupy_copy__float32_float32
2299041250,8480,15437,103,1,1,128,1,1,16,0.000,0.000,,,,,NVIDIA A100-SXM4-40GB MIG 4g.20gb (0),1,,13,cupy_copy__complex64_complex64
2299500189,16800,15447,1434,1,1,128,1,1,16,0.000,0.000,,,,,NVIDIA A100-SXM4-40GB MIG 4g.20gb (0),1,,13,cupy_copy__complex64_complex64
2299932696,285629,15452,1,1,1,32,32,1,30,0.000,0.000,,,,,NVIDIA A100-SXM4-40GB MIG 4g.20gb (0),1,,13,"void convert_kernel<__half2, float2>(tensor_layout_any, T1 *, tensor_layout_any, const T2 *)"
2300249716,10176,15455,,,,,,,,,,0.094,9207.506,Pinned,Device,NVIDIA A100-SXM4-40GB MIG 4g.20gb (0),1,,13,[CUDA memcpy Host-to-Device]
2300659952,603321,15456,,,,,,,,,,456.561,756522.306,Device,,NVIDIA A100-SXM4-40GB MIG 4g.20gb (0),1,,13,[CUDA memset]
2301261993,67999,15461,,,,,,,,,,1.235,18161.086,Pinned,Device,NVIDIA A100-SXM4-40GB MIG 4g.20gb (0),1,,13,[CUDA memcpy Host-to-Device]
2301334376,19424,15462,,,,,,,,,,0.197,10121.773,Pinned,Device,NVIDIA A100-SXM4-40GB MIG 4g.20gb (0),1,,13,[CUDA memcpy Host-to-Device]
2301794691,12704,15463,69,4,1,48,1,1,76,0.002,0.000,,,,,NVIDIA A100-SXM4-40GB MIG 4g.20gb (0),1,,13,"void ch_est::windowedChEstPreNoDftSOfdmKernel<float, __half, float, (unsigned int)2, (unsigned int)1, (unsigned short)4>(ch_est::puschRxChEstStatDescr_t *, ch_est::puschRxChEstDynDescr_t *)"
2302335357,10591,15464,137,2,1,24,2,1,44,0.001,0.001,,,,,NVIDIA A100-SXM4-40GB MIG 4g.20gb (0),1,,13,"void ch_est::chEstFilterNoDftSOfdmDispatchKernel<float, __half, float, (unsigned int)2>(ch_est::puschRxChEstStatDescr_t *, ch_est::puschRxChEstDynDescr_t *)"
2302886358,10368,15465,137,2,1,24,2,1,44,0.001,0.001,,,,,NVIDIA A100-SXM4-40GB MIG 4g.20gb (0),1,,13,"void ch_est::chEstFilterNoDftSOfdmDispatchKernel<float, __half, float, (unsigned int)2>(ch_est::puschRxChEstStatDescr_t *, ch_est::puschRxChEstDynDescr_t *)"
2303422064,5344,15476,103,1,1,128,1,1,16,0.000,0.000,,,,,NVIDIA A100-SXM4-40GB MIG 4g.20gb (0),1,,13,cupy_copy__complex64_complex64
2303759564,15648,15486,1434,1,1,128,1,1,16,0.000,0.000,,,,,NVIDIA A100-SXM4-40GB MIG 4g.20gb (0),1,,13,cupy_copy__complex64_complex64
2304169511,6592,15493,103,1,1,128,1,1,16,0.000,0.000,,,,,NVIDIA A100-SXM4-40GB MIG 4g.20gb (0),1,,13,cupy_copy__complex64_complex64
2304351397,251773,15500,1,1,1,32,32,1,30,0.000,0.000,,,,,NVIDIA A100-SXM4-40GB MIG 4g.20gb (0),1,,13,"void convert_kernel<__half2, float2>(tensor_layout_any, T1 *, tensor_layout_any, const T2 *)"
2304635266,5888,15503,,,,,,,,,,0.094,15912.954,Pinned,Device,NVIDIA A100-SXM4-40GB MIG 4g.20gb (0),1,,13,[CUDA memcpy Host-to-Device]
2304745153,55967,15504,,,,,,,,,,35.810,639815.841,Device,,NVIDIA A100-SXM4-40GB MIG 4g.20gb (0),1,,13,[CUDA memset]
2304807488,1824,15506,,,,,,,,,,0.000,43.860,Pinned,Device,NVIDIA A100-SXM4-40GB MIG 4g.20gb (0),1,,13,[CUDA memcpy Host-to-Device]
2304811744,9632,15507,,,,,,,,,,0.197,20411.843,Pinned,Device,NVIDIA A100-SXM4-40GB MIG 4g.20gb (0),1,,13,[CUDA memcpy Host-to-Device]
2305131580,18240,15508,273,1,1,48,1,1,40,0.000,0.001,,,,,NVIDIA A100-SXM4-40GB MIG 4g.20gb (0),1,,13,"void pusch_noise_intf_est::noiseIntfEstNoDftSOfdmKernel<float, __half, float, float, (unsigned int)2, (unsigned int)1, (unsigned char)4, (unsigned char)4>(pusch_noise_intf_est::puschRxNoiseIntfEstDynDescr)"
2305418425,5696,15519,35,1,1,128,1,1,16,0.000,0.000,,,,,NVIDIA A100-SXM4-40GB MIG 4g.20gb (0),1,,13,cupy_copy__complex64_complex64
2305683446,4384,15528,1,1,1,1,1,1,18,0.000,0.000,,,,,NVIDIA A100-SXM4-40GB MIG 4g.20gb (0),1,,13,cupy_copy__float32_float32
2305691990,1600,15534,,,,,,,,,,0.000,2.500,Device,Pageable,NVIDIA A100-SXM4-40GB MIG 4g.20gb (0),1,,7,[CUDA memcpy Device-to-Host]
2305857684,28128,15545,1434,1,1,128,1,1,16,0.000,0.000,,,,,NVIDIA A100-SXM4-40GB MIG 4g.20gb (0),1,,13,cupy_copy__complex64_complex64
2306210736,4736,15552,103,1,1,128,1,1,16,0.000,0.000,,,,,NVIDIA A100-SXM4-40GB MIG 4g.20gb (0),1,,13,cupy_copy__complex64_complex64
2306495661,5312,15559,35,1,1,128,1,1,16,0.000,0.000,,,,,NVIDIA A100-SXM4-40GB MIG 4g.20gb (0),1,,13,cupy_copy__complex64_complex64
2306662475,12128,15566,1,1,1,1,1,1,18,0.000,0.000,,,,,NVIDIA A100-SXM4-40GB MIG 4g.20gb (0),1,,13,cupy_copy__float32_float32
2307119558,264412,15577,1,1,1,32,32,1,30,0.000,0.000,,,,,NVIDIA A100-SXM4-40GB MIG 4g.20gb (0),1,,13,"void convert_kernel<__half2, float2>(tensor_layout_any, T1 *, tensor_layout_any, const T2 *)"
2307414914,5792,15580,,,,,,,,,,0.094,16176.708,Pinned,Device,NVIDIA A100-SXM4-40GB MIG 4g.20gb (0),1,,13,[CUDA memcpy Host-to-Device]
2307518625,13920,15581,,,,,,,,,,1.547,111107.922,Device,,NVIDIA A100-SXM4-40GB MIG 4g.20gb (0),1,,13,[CUDA memset]
2307536129,6912,15586,,,,,,,,,,0.031,4527.749,Pinned,Device,NVIDIA A100-SXM4-40GB MIG 4g.20gb (0),1,,13,[CUDA memcpy Host-to-Device]
2307549057,15583,15587,,,,,,,,,,0.197,12616.729,Pinned,Device,NVIDIA A100-SXM4-40GB MIG 4g.20gb (0),1,,13,[CUDA memcpy Host-to-Device]
2307926844,24064,15588,273,1,1,8,4,1,39,0.002,0.000,,,,,NVIDIA A100-SXM4-40GB MIG 4g.20gb (0),1,,13,"void channel_eq::eqMmseCoefCompLowMimoKernel<float, float, float, (unsigned int)4, (unsigned int)1, (unsigned int)4>(const channel_eq::_puschRxChEqStatDescr *, channel_eq::_puschRxChEqCoefCompDynDescr)"
2308419191,13407,15589,273,1,1,12,11,1,51,0.002,0.000,,,,,NVIDIA A100-SXM4-40GB MIG 4g.20gb (0),1,,13,"void channel_eq::eqMmseSoftDemapKernel<float, __half, __half, float, (unsigned int)4, (unsigned short)16383>(channel_eq::_puschRxChEqStatDescr *, channel_eq::_puschRxChEqSoftDemapDynDescr)"
2308956624,724440,15590,1,1,1,32,32,1,30,0.000,0.000,,,,,NVIDIA A100-SXM4-40GB MIG 4g.20gb (0),1,,13,"void convert_kernel<float2, __half2>(tensor_layout_any, T1 *, tensor_layout_any, const T2 *)"
2310057060,24223,15602,2253,1,1,128,1,1,16,0.000,0.000,,,,,NVIDIA A100-SXM4-40GB MIG 4g.20gb (0),1,,13,cupy_copy__float16_float16
2310530494,7808,15611,282,1,1,128,1,1,16,0.000,0.000,,,,,NVIDIA A100-SXM4-40GB MIG 4g.20gb (0),1,,13,cupy_copy__complex64_complex64
2310873306,4864,15620,26,1,1,128,1,1,16,0.000,0.000,,,,,NVIDIA A100-SXM4-40GB MIG 4g.20gb (0),1,,13,cupy_copy__float32_float32
2311096632,25536,15629,103,1,1,128,1,1,16,0.000,0.000,,,,,NVIDIA A100-SXM4-40GB MIG 4g.20gb (0),1,,13,cupy_copy__complex64_complex64
2311442996,16864,15639,1434,1,1,128,1,1,16,0.000,0.000,,,,,NVIDIA A100-SXM4-40GB MIG 4g.20gb (0),1,,13,cupy_copy__complex64_complex64
2311906415,262812,15644,1,1,1,32,32,1,30,0.000,0.000,,,,,NVIDIA A100-SXM4-40GB MIG 4g.20gb (0),1,,13,"void convert_kernel<__half2, float2>(tensor_layout_any, T1 *, tensor_layout_any, const T2 *)"
2312200587,5984,15647,,,,,,,,,,0.094,15657.726,Pinned,Device,NVIDIA A100-SXM4-40GB MIG 4g.20gb (0),1,,13,[CUDA memcpy Host-to-Device]
2312636902,624057,15648,,,,,,,,,,456.561,731411.427,Device,,NVIDIA A100-SXM4-40GB MIG 4g.20gb (0),1,,13,[CUDA memset]
2313267903,59039,15653,,,,,,,,,,1.235,20916.247,Pinned,Device,NVIDIA A100-SXM4-40GB MIG 4g.20gb (0),1,,13,[CUDA memcpy Host-to-Device]
2313329758,11776,15654,,,,,,,,,,0.197,16695.558,Pinned,Device,NVIDIA A100-SXM4-40GB MIG 4g.20gb (0),1,,13,[CUDA memcpy Host-to-Device]
2313711386,13184,15655,69,4,1,48,1,1,76,0.002,0.000,,,,,NVIDIA A100-SXM4-40GB MIG 4g.20gb (0),1,,13,"void ch_est::windowedChEstPreNoDftSOfdmKernel<float, __half, float, (unsigned int)2, (unsigned int)1, (unsigned short)4>(ch_est::puschRxChEstStatDescr_t *, ch_est::puschRxChEstDynDescr_t *)"
2314038454,11424,15656,137,2,1,24,2,1,44,0.001,0.001,,,,,NVIDIA A100-SXM4-40GB MIG 4g.20gb (0),1,,13,"void ch_est::chEstFilterNoDftSOfdmDispatchKernel<float, __half, float, (unsigned int)2>(ch_est::puschRxChEstStatDescr_t *, ch_est::puschRxChEstDynDescr_t *)"
2314333011,11903,15657,137,2,1,24,2,1,44,0.001,0.001,,,,,NVIDIA A100-SXM4-40GB MIG 4g.20gb (0),1,,13,"void ch_est::chEstFilterNoDftSOfdmDispatchKernel<float, __half, float, (unsigned int)2>(ch_est::puschRxChEstStatDescr_t *, ch_est::puschRxChEstDynDescr_t *)"
2314614479,5984,15668,103,1,1,128,1,1,16,0.000,0.000,,,,,NVIDIA A100-SXM4-40GB MIG 4g.20gb (0),1,,13,cupy_copy__complex64_complex64
2314914412,19360,15678,1434,1,1,128,1,1,16,0.000,0.000,,,,,NVIDIA A100-SXM4-40GB MIG 4g.20gb (0),1,,13,cupy_copy__complex64_complex64
2315307719,4800,15685,103,1,1,128,1,1,16,0.000,0.000,,,,,NVIDIA A100-SXM4-40GB MIG 4g.20gb (0),1,,13,cupy_copy__complex64_complex64
2315578916,266653,15692,1,1,1,32,32,1,30,0.000,0.000,,,,,NVIDIA A100-SXM4-40GB MIG 4g.20gb (0),1,,13,"void convert_kernel<__half2, float2>(tensor_layout_any, T1 *, tensor_layout_any, const T2 *)"
2315881601,6304,15695,,,,,,,,,,0.094,14862.903,Pinned,Device,NVIDIA A100-SXM4-40GB MIG 4g.20gb (0),1,,13,[CUDA memcpy Host-to-Device]
2316142270,58079,15696,,,,,,,,,,35.810,616539.393,Device,,NVIDIA A100-SXM4-40GB MIG 4g.20gb (0),1,,13,[CUDA memset]
2316204253,4704,15698,,,,,,,,,,0.000,17.007,Pinned,Device,NVIDIA A100-SXM4-40GB MIG 4g.20gb (0),1,,13,[CUDA memcpy Host-to-Device]
2316211581,10528,15699,,,,,,,,,,0.197,18674.614,Pinned,Device,NVIDIA A100-SXM4-40GB MIG 4g.20gb (0),1,,13,[CUDA memcpy Host-to-Device]
2316610872,54720,15700,273,1,1,48,1,1,40,0.000,0.001,,,,,NVIDIA A100-SXM4-40GB MIG 4g.20gb (0),1,,13,"void pusch_noise_intf_est::noiseIntfEstNoDftSOfdmKernel<float, __half, float, float, (unsigned int)2, (unsigned int)1, (unsigned char)4, (unsigned char)4>(pusch_noise_intf_est::puschRxNoiseIntfEstDynDescr)"
2317050163,9280,15711,35,1,1,128,1,1,16,0.000,0.000,,,,,NVIDIA A100-SXM4-40GB MIG 4g.20gb (0),1,,13,cupy_copy__complex64_complex64
2317385456,4383,15720,1,1,1,1,1,1,18,0.000,0.000,,,,,NVIDIA A100-SXM4-40GB MIG 4g.20gb (0),1,,13,cupy_copy__float32_float32
2317392143,3040,15726,,,,,,,,,,0.000,1.316,Device,Pageable,NVIDIA A100-SXM4-40GB MIG 4g.20gb (0),1,,7,[CUDA memcpy Device-to-Host]
2317824938,24864,15737,1434,1,1,128,1,1,16,0.000,0.000,,,,,NVIDIA A100-SXM4-40GB MIG 4g.20gb (0),1,,13,cupy_copy__complex64_complex64
2318355396,12128,15744,103,1,1,128,1,1,16,0.000,0.000,,,,,NVIDIA A100-SXM4-40GB MIG 4g.20gb (0),1,,13,cupy_copy__complex64_complex64
2318826015,7200,15751,35,1,1,128,1,1,16,0.000,0.000,,,,,NVIDIA A100-SXM4-40GB MIG 4g.20gb (0),1,,13,cupy_copy__complex64_complex64
2319238970,3808,15758,1,1,1,1,1,1,18,0.000,0.000,,,,,NVIDIA A100-SXM4-40GB MIG 4g.20gb (0),1,,13,cupy_copy__float32_float32
2319520695,263229,15769,1,1,1,32,32,1,30,0.000,0.000,,,,,NVIDIA A100-SXM4-40GB MIG 4g.20gb (0),1,,13,"void convert_kernel<__half2, float2>(tensor_layout_any, T1 *, tensor_layout_any, const T2 *)"
2319814068,6912,15772,,,,,,,,,,0.094,13555.469,Pinned,Device,NVIDIA A100-SXM4-40GB MIG 4g.20gb (0),1,,13,[CUDA memcpy Host-to-Device]
2319989714,23039,15773,,,,,,,,,,1.547,67129.668,Device,,NVIDIA A100-SXM4-40GB MIG 4g.20gb (0),1,,13,[CUDA memset]
2320014033,5664,15778,,,,,,,,,,0.031,5525.403,Pinned,Device,NVIDIA A100-SXM4-40GB MIG 4g.20gb (0),1,,13,[CUDA memcpy Host-to-Device]
2320022289,10464,15779,,,,,,,,,,0.197,18788.844,Pinned,Device,NVIDIA A100-SXM4-40GB MIG 4g.20gb (0),1,,13,[CUDA memcpy Host-to-Device]
2320460364,28192,15780,273,1,1,8,4,1,39,0.002,0.000,,,,,NVIDIA A100-SXM4-40GB MIG 4g.20gb (0),1,,13,"void channel_eq::eqMmseCoefCompLowMimoKernel<float, float, float, (unsigned int)4, (unsigned int)1, (unsigned int)4>(const channel_eq::_puschRxChEqStatDescr *, channel_eq::_puschRxChEqCoefCompDynDescr)"
2320803592,18944,15781,273,1,1,12,11,1,51,0.002,0.000,,,,,NVIDIA A100-SXM4-40GB MIG 4g.20gb (0),1,,13,"void channel_eq::eqMmseSoftDemapKernel<float, __half, __half, float, (unsigned int)4, (unsigned short)16383>(channel_eq::_puschRxChEqStatDescr *, channel_eq::_puschRxChEqSoftDemapDynDescr)"
2321321922,711160,15782,1,1,1,32,32,1,30,0.000,0.000,,,,,NVIDIA A100-SXM4-40GB MIG 4g.20gb (0),1,,13,"void convert_kernel<float2, __half2>(tensor_layout_any, T1 *, tensor_layout_any, const T2 *)"
2322461237,28256,15794,2253,1,1,128,1,1,16,0.000,0.000,,,,,NVIDIA A100-SXM4-40GB MIG 4g.20gb (0),1,,13,cupy_copy__float16_float16
2323006159,17184,15803,282,1,1,128,1,1,16,0.000,0.000,,,,,NVIDIA A100-SXM4-40GB MIG 4g.20gb (0),1,,13,cupy_copy__complex64_complex64
2323352459,3744,15812,26,1,1,128,1,1,16,0.000,0.000,,,,,NVIDIA A100-SXM4-40GB MIG 4g.20gb (0),1,,13,cupy_copy__float32_float32
2323651016,8319,15821,103,1,1,128,1,1,16,0.000,0.000,,,,,NVIDIA A100-SXM4-40GB MIG 4g.20gb (0),1,,13,cupy_copy__complex64_complex64
2323827461,28064,15831,1434,1,1,128,1,1,16,0.000,0.000,,,,,NVIDIA A100-SXM4-40GB MIG 4g.20gb (0),1,,13,cupy_copy__complex64_complex64
2324249793,215229,15836,1,1,1,32,32,1,30,0.000,0.000,,,,,NVIDIA A100-SXM4-40GB MIG 4g.20gb (0),1,,13,"void convert_kernel<__half2, float2>(tensor_layout_any, T1 *, tensor_layout_any, const T2 *)"
2324495614,5376,15839,,,,,,,,,,0.094,17428.487,Pinned,Device,NVIDIA A100-SXM4-40GB MIG 4g.20gb (0),1,,13,[CUDA memcpy Host-to-Device]
2324606941,623544,15840,,,,,,,,,,456.561,731867.988,Device,,NVIDIA A100-SXM4-40GB MIG 4g.20gb (0),1,,13,[CUDA memset]
2325233749,50944,15845,,,,,,,,,,1.235,24240.716,Pinned,Device,NVIDIA A100-SXM4-40GB MIG 4g.20gb (0),1,,13,[CUDA memcpy Host-to-Device]
2325287221,9344,15846,,,,,,,,,,0.197,21040.988,Pinned,Device,NVIDIA A100-SXM4-40GB MIG 4g.20gb (0),1,,13,[CUDA memcpy Host-to-Device]
2325598193,14656,15847,69,4,1,48,1,1,76,0.002,0.000,,,,,NVIDIA A100-SXM4-40GB MIG 4g.20gb (0),1,,13,"void ch_est::windowedChEstPreNoDftSOfdmKernel<float, __half, float, (unsigned int)2, (unsigned int)1, (unsigned short)4>(ch_est::puschRxChEstStatDescr_t *, ch_est::puschRxChEstDynDescr_t *)"
2325806703,12128,15848,137,2,1,24,2,1,44,0.001,0.001,,,,,NVIDIA A100-SXM4-40GB MIG 4g.20gb (0),1,,13,"void ch_est::chEstFilterNoDftSOfdmDispatchKernel<float, __half, float, (unsigned int)2>(ch_est::puschRxChEstStatDescr_t *, ch_est::puschRxChEstDynDescr_t *)"
2325937229,21024,15849,137,2,1,24,2,1,44,0.001,0.001,,,,,NVIDIA A100-SXM4-40GB MIG 4g.20gb (0),1,,13,"void ch_est::chEstFilterNoDftSOfdmDispatchKernel<float, __half, float, (unsigned int)2>(ch_est::puschRxChEstStatDescr_t *, ch_est::puschRxChEstDynDescr_t *)"
2326165323,4896,15860,103,1,1,128,1,1,16,0.000,0.000,,,,,NVIDIA A100-SXM4-40GB MIG 4g.20gb (0),1,,13,cupy_copy__complex64_complex64
2326171787,18495,15870,1434,1,1,128,1,1,16,0.000,0.000,,,,,NVIDIA A100-SXM4-40GB MIG 4g.20gb (0),1,,13,cupy_copy__complex64_complex64
2326191658,2688,15877,103,1,1,128,1,1,16,0.000,0.000,,,,,NVIDIA A100-SXM4-40GB MIG 4g.20gb (0),1,,13,cupy_copy__complex64_complex64
2326196330,103167,15884,1,1,1,32,32,1,30,0.000,0.000,,,,,NVIDIA A100-SXM4-40GB MIG 4g.20gb (0),1,,13,"void convert_kernel<__half2, float2>(tensor_layout_any, T1 *, tensor_layout_any, const T2 *)"
2326339497,5504,15887,,,,,,,,,,0.094,17023.251,Pinned,Device,NVIDIA A100-SXM4-40GB MIG 4g.20gb (0),1,,13,[CUDA memcpy Host-to-Device]
2326436935,81856,15888,,,,,,,,,,35.810,437453.983,Device,,NVIDIA A100-SXM4-40GB MIG 4g.20gb (0),1,,13,[CUDA memset]
2326519463,3135,15890,,,,,,,,,,0.000,25.518,Pinned,Device,NVIDIA A100-SXM4-40GB MIG 4g.20gb (0),1,,13,[CUDA memcpy Host-to-Device]
2326527270,11008,15891,,,,,,,,,,0.197,17860.461,Pinned,Device,NVIDIA A100-SXM4-40GB MIG 4g.20gb (0),1,,13,[CUDA memcpy Host-to-Device]
2326624997,28576,15892,273,1,1,48,1,1,40,0.000,0.001,,,,,NVIDIA A100-SXM4-40GB MIG 4g.20gb (0),1,,13,"void pusch_noise_intf_est::noiseIntfEstNoDftSOfdmKernel<float, __half, float, float, (unsigned int)2, (unsigned int)1, (unsigned char)4, (unsigned char)4>(pusch_noise_intf_est::puschRxNoiseIntfEstDynDescr)"
2326889186,11008,15903,35,1,1,128,1,1,16,0.000,0.000,,,,,NVIDIA A100-SXM4-40GB MIG 4g.20gb (0),1,,13,cupy_copy__complex64_complex64
2327387069,5024,15912,1,1,1,1,1,1,18,0.000,0.000,,,,,NVIDIA A100-SXM4-40GB MIG 4g.20gb (0),1,,13,cupy_copy__float32_float32
2327396476,1984,15918,,,,,,,,,,0.000,2.016,Device,Pageable,NVIDIA A100-SXM4-40GB MIG 4g.20gb (0),1,,7,[CUDA memcpy Device-to-Host]
2327864215,23136,15929,1434,1,1,128,1,1,16,0.000,0.000,,,,,NVIDIA A100-SXM4-40GB MIG 4g.20gb (0),1,,13,cupy_copy__complex64_complex64
2328472784,7680,15936,103,1,1,128,1,1,16,0.000,0.000,,,,,NVIDIA A100-SXM4-40GB MIG 4g.20gb (0),1,,13,cupy_copy__complex64_complex64
2328980170,9568,15943,35,1,1,128,1,1,16,0.000,0.000,,,,,NVIDIA A100-SXM4-40GB MIG 4g.20gb (0),1,,13,cupy_copy__complex64_complex64
2329415813,3744,15950,1,1,1,1,1,1,18,0.000,0.000,,,,,NVIDIA A100-SXM4-40GB MIG 4g.20gb (0),1,,13,cupy_copy__float32_float32
2329847392,255933,15961,1,1,1,32,32,1,30,0.000,0.000,,,,,NVIDIA A100-SXM4-40GB MIG 4g.20gb (0),1,,13,"void convert_kernel<__half2, float2>(tensor_layout_any, T1 *, tensor_layout_any, const T2 *)"
2330136477,6688,15964,,,,,,,,,,0.094,14009.520,Pinned,Device,NVIDIA A100-SXM4-40GB MIG 4g.20gb (0),1,,13,[CUDA memcpy Host-to-Device]
2330729206,4160,15965,,,,,,,,,,1.547,371783.664,Device,,NVIDIA A100-SXM4-40GB MIG 4g.20gb (0),1,,13,[CUDA memset]
2330734102,6208,15970,,,,,,,,,,0.031,5041.222,Pinned,Device,NVIDIA A100-SXM4-40GB MIG 4g.20gb (0),1,,13,[CUDA memcpy Host-to-Device]
2330745270,10848,15971,,,,,,,,,,0.197,18123.719,Pinned,Device,NVIDIA A100-SXM4-40GB MIG 4g.20gb (0),1,,13,[CUDA memcpy Host-to-Device]
2331391471,12159,15972,273,1,1,8,4,1,39,0.002,0.000,,,,,NVIDIA A100-SXM4-40GB MIG 4g.20gb (0),1,,13,"void channel_eq::eqMmseCoefCompLowMimoKernel<float, float, float, (unsigned int)4, (unsigned int)1, (unsigned int)4>(const channel_eq::_puschRxChEqStatDescr *, channel_eq::_puschRxChEqCoefCompDynDescr)"
2332057127,10464,15973,273,1,1,12,11,1,51,0.002,0.000,,,,,NVIDIA A100-SXM4-40GB MIG 4g.20gb (0),1,,13,"void channel_eq::eqMmseSoftDemapKernel<float, __half, __half, float, (unsigned int)4, (unsigned short)16383>(channel_eq::_puschRxChEqStatDescr *, channel_eq::_puschRxChEqSoftDemapDynDescr)"
2332708799,708504,15974,1,1,1,32,32,1,30,0.000,0.000,,,,,NVIDIA A100-SXM4-40GB MIG 4g.20gb (0),1,,13,"void convert_kernel<float2, __half2>(tensor_layout_any, T1 *, tensor_layout_any, const T2 *)"
2333573525,22272,15986,2253,1,1,128,1,1,16,0.000,0.000,,,,,NVIDIA A100-SXM4-40GB MIG 4g.20gb (0),1,,13,cupy_copy__float16_float16
2333809331,7520,15995,282,1,1,128,1,1,16,0.000,0.000,,,,,NVIDIA A100-SXM4-40GB MIG 4g.20gb (0),1,,13,cupy_copy__complex64_complex64
2333820467,3872,16004,26,1,1,128,1,1,16,0.000,0.000,,,,,NVIDIA A100-SXM4-40GB MIG 4g.20gb (0),1,,13,cupy_copy__float32_float32
2333825683,4767,16013,103,1,1,128,1,1,16,0.000,0.000,,,,,NVIDIA A100-SXM4-40GB MIG 4g.20gb (0),1,,13,cupy_copy__complex64_complex64
2333833138,16288,16023,1434,1,1,128,1,1,16,0.000,0.000,,,,,NVIDIA A100-SXM4-40GB MIG 4g.20gb (0),1,,13,cupy_copy__complex64_complex64
2333850930,96767,16028,1,1,1,32,32,1,30,0.000,0.000,,,,,NVIDIA A100-SXM4-40GB MIG 4g.20gb (0),1,,13,"void convert_kernel<__half2, float2>(tensor_layout_any, T1 *, tensor_layout_any, const T2 *)"
2333987633,5344,16031,,,,,,,,,,0.094,17532.864,Pinned,Device,NVIDIA A100-SXM4-40GB MIG 4g.20gb (0),1,,13,[CUDA memcpy Host-to-Device]
2334079824,708023,16032,,,,,,,,,,456.561,644664.753,Device,,NVIDIA A100-SXM4-40GB MIG 4g.20gb (0),1,,13,[CUDA memset]
2334795847,51264,16037,,,,,,,,,,1.235,24088.818,Pinned,Device,NVIDIA A100-SXM4-40GB MIG 4g.20gb (0),1,,13,[CUDA memcpy Host-to-Device]
2334849575,9696,16038,,,,,,,,,,0.197,20277.166,Pinned,Device,NVIDIA A100-SXM4-40GB MIG 4g.20gb (0),1,,13,[CUDA memcpy Host-to-Device]
2335015365,14240,16039,69,4,1,48,1,1,76,0.002,0.000,,,,,NVIDIA A100-SXM4-40GB MIG 4g.20gb (0),1,,13,"void ch_est::windowedChEstPreNoDftSOfdmKernel<float, __half, float, (unsigned int)2, (unsigned int)1, (unsigned short)4>(ch_est::puschRxChEstStatDescr_t *, ch_est::puschRxChEstDynDescr_t *)"
2335031109,7456,16040,137,2,1,24,2,1,44,0.001,0.001,,,,,NVIDIA A100-SXM4-40GB MIG 4g.20gb (0),1,,13,"void ch_est::chEstFilterNoDftSOfdmDispatchKernel<float, __half, float, (unsigned int)2>(ch_est::puschRxChEstStatDescr_t *, ch_est::puschRxChEstDynDescr_t *)"
2335040549,11103,16041,137,2,1,24,2,1,44,0.001,0.001,,,,,NVIDIA A100-SXM4-40GB MIG 4g.20gb (0),1,,13,"void ch_est::chEstFilterNoDftSOfdmDispatchKernel<float, __half, float, (unsigned int)2>(ch_est::puschRxChEstStatDescr_t *, ch_est::puschRxChEstDynDescr_t *)"
2335053892,4448,16052,103,1,1,128,1,1,16,0.000,0.000,,,,,NVIDIA A100-SXM4-40GB MIG 4g.20gb (0),1,,13,cupy_copy__complex64_complex64
2335060068,16416,16062,1434,1,1,128,1,1,16,0.000,0.000,,,,,NVIDIA A100-SXM4-40GB MIG 4g.20gb (0),1,,13,cupy_copy__complex64_complex64
2335078372,3104,16069,103,1,1,128,1,1,16,0.000,0.000,,,,,NVIDIA A100-SXM4-40GB MIG 4g.20gb (0),1,,13,cupy_copy__complex64_complex64
2335083492,217630,16076,1,1,1,32,32,1,30,0.000,0.000,,,,,NVIDIA A100-SXM4-40GB MIG 4g.20gb (0),1,,13,"void convert_kernel<__half2, float2>(tensor_layout_any, T1 *, tensor_layout_any, const T2 *)"
2335331393,5792,16079,,,,,,,,,,0.094,16176.708,Pinned,Device,NVIDIA A100-SXM4-40GB MIG 4g.20gb (0),1,,13,[CUDA memcpy Host-to-Device]
2335531711,50655,16080,,,,,,,,,,35.810,706923.631,Device,,NVIDIA A100-SXM4-40GB MIG 4g.20gb (0),1,,13,[CUDA memset]
2335589438,2304,16082,,,,,,,,,,0.000,34.722,Pinned,Device,NVIDIA A100-SXM4-40GB MIG 4g.20gb (0),1,,13,[CUDA memcpy Host-to-Device]
2335594622,9952,16083,,,,,,,,,,0.197,19755.565,Pinned,Device,NVIDIA A100-SXM4-40GB MIG 4g.20gb (0),1,,13,[CUDA memcpy Host-to-Device]
2335945434,19296,16084,273,1,1,48,1,1,40,0.000,0.001,,,,,NVIDIA A100-SXM4-40GB MIG 4g.20gb (0),1,,13,"void pusch_noise_intf_est::noiseIntfEstNoDftSOfdmKernel<float, __half, float, float, (unsigned int)2, (unsigned int)1, (unsigned char)4, (unsigned char)4>(pusch_noise_intf_est::puschRxNoiseIntfEstDynDescr)"
2336160216,5088,16095,35,1,1,128,1,1,16,0.000,0.000,,,,,NVIDIA A100-SXM4-40GB MIG 4g.20gb (0),1,,13,cupy_copy__complex64_complex64
2336317270,3232,16104,1,1,1,1,1,1,18,0.000,0.000,,,,,NVIDIA A100-SXM4-40GB MIG 4g.20gb (0),1,,13,cupy_copy__float32_float32
2336324630,2144,16110,,,,,,,,,,0.000,1.866,Device,Pageable,NVIDIA A100-SXM4-40GB MIG 4g.20gb (0),1,,7,[CUDA memcpy Device-to-Host]
2336695602,20031,16121,1434,1,1,128,1,1,16,0.000,0.000,,,,,NVIDIA A100-SXM4-40GB MIG 4g.20gb (0),1,,13,cupy_copy__complex64_complex64
2337140876,9344,16128,103,1,1,128,1,1,16,0.000,0.000,,,,,NVIDIA A100-SXM4-40GB MIG 4g.20gb (0),1,,13,cupy_copy__complex64_complex64
2337362506,5088,16135,35,1,1,128,1,1,16,0.000,0.000,,,,,NVIDIA A100-SXM4-40GB MIG 4g.20gb (0),1,,13,cupy_copy__complex64_complex64
2337519272,8960,16142,1,1,1,1,1,1,18,0.000,0.000,,,,,NVIDIA A100-SXM4-40GB MIG 4g.20gb (0),1,,13,cupy_copy__float32_float32
2337900932,277725,16153,1,1,1,32,32,1,30,0.000,0.000,,,,,NVIDIA A100-SXM4-40GB MIG 4g.20gb (0),1,,13,"void convert_kernel<__half2, float2>(tensor_layout_any, T1 *, tensor_layout_any, const T2 *)"
2338209472,6688,16156,,,,,,,,,,0.094,14009.520,Pinned,Device,NVIDIA A100-SXM4-40GB MIG 4g.20gb (0),1,,13,[CUDA memcpy Host-to-Device]
2338348991,6559,16157,,,,,,,,,,1.547,235801.388,Device,,NVIDIA A100-SXM4-40GB MIG 4g.20gb (0),1,,13,[CUDA memset]
2338359582,6816,16162,,,,,,,,,,0.031,4591.530,Pinned,Device,NVIDIA A100-SXM4-40GB MIG 4g.20gb (0),1,,13,[CUDA memcpy Host-to-Device]
2338372478,11904,16163,,,,,,,,,,0.197,16516.055,Pinned,Device,NVIDIA A100-SXM4-40GB MIG 4g.20gb (0),1,,13,[CUDA memcpy Host-to-Device]
2338739546,11488,16164,273,1,1,8,4,1,39,0.002,0.000,,,,,NVIDIA A100-SXM4-40GB MIG 4g.20gb (0),1,,13,"void channel_eq::eqMmseCoefCompLowMimoKernel<float, float, float, (unsigned int)4, (unsigned int)1, (unsigned int)4>(const channel_eq::_puschRxChEqStatDescr *, channel_eq::_puschRxChEqCoefCompDynDescr)"
2339111574,14112,16165,273,1,1,12,11,1,51,0.002,0.000,,,,,NVIDIA A100-SXM4-40GB MIG 4g.20gb (0),1,,13,"void channel_eq::eqMmseSoftDemapKernel<float, __half, __half, float, (unsigned int)4, (unsigned short)16383>(channel_eq::_puschRxChEqStatDescr *, channel_eq::_puschRxChEqSoftDemapDynDescr)"
2339474994,670584,16166,1,1,1,32,32,1,30,0.000,0.000,,,,,NVIDIA A100-SXM4-40GB MIG 4g.20gb (0),1,,13,"void convert_kernel<float2, __half2>(tensor_layout_any, T1 *, tensor_layout_any, const T2 *)"
2340372647,18624,16178,2253,1,1,128,1,1,16,0.000,0.000,,,,,NVIDIA A100-SXM4-40GB MIG 4g.20gb (0),1,,13,cupy_copy__float16_float16
2340632996,12288,16187,282,1,1,128,1,1,16,0.000,0.000,,,,,NVIDIA A100-SXM4-40GB MIG 4g.20gb (0),1,,13,cupy_copy__complex64_complex64
2341136863,7647,16196,26,1,1,128,1,1,16,0.000,0.000,,,,,NVIDIA A100-SXM4-40GB MIG 4g.20gb (0),1,,13,cupy_copy__float32_float32
2341638489,6912,16205,103,1,1,128,1,1,16,0.000,0.000,,,,,NVIDIA A100-SXM4-40GB MIG 4g.20gb (0),1,,13,cupy_copy__complex64_complex64
2342079028,16735,16215,1434,1,1,128,1,1,16,0.000,0.000,,,,,NVIDIA A100-SXM4-40GB MIG 4g.20gb (0),1,,13,cupy_copy__complex64_complex64
2342544686,295325,16220,1,1,1,32,32,1,30,0.000,0.000,,,,,NVIDIA A100-SXM4-40GB MIG 4g.20gb (0),1,,13,"void convert_kernel<__half2, float2>(tensor_layout_any, T1 *, tensor_layout_any, const T2 *)"
2342871851,10335,16223,,,,,,,,,,0.094,9065.838,Pinned,Device,NVIDIA A100-SXM4-40GB MIG 4g.20gb (0),1,,13,[CUDA memcpy Host-to-Device]
2343150599,607673,16224,,,,,,,,,,456.561,751043.569,Device,,NVIDIA A100-SXM4-40GB MIG 4g.20gb (0),1,,13,[CUDA memset]
2343764544,63136,16229,,,,,,,,,,1.235,19559.043,Pinned,Device,NVIDIA A100-SXM4-40GB MIG 4g.20gb (0),1,,13,[CUDA memcpy Host-to-Device]
2343830368,9503,16230,,,,,,,,,,0.197,20688.863,Pinned,Device,NVIDIA A100-SXM4-40GB MIG 4g.20gb (0),1,,13,[CUDA memcpy Host-to-Device]
2344258971,15647,16231,69,4,1,48,1,1,76,0.002,0.000,,,,,NVIDIA A100-SXM4-40GB MIG 4g.20gb (0),1,,13,"void ch_est::windowedChEstPreNoDftSOfdmKernel<float, __half, float, (unsigned int)2, (unsigned int)1, (unsigned short)4>(ch_est::puschRxChEstStatDescr_t *, ch_est::puschRxChEstDynDescr_t *)"
2344603895,12864,16232,137,2,1,24,2,1,44,0.001,0.001,,,,,NVIDIA A100-SXM4-40GB MIG 4g.20gb (0),1,,13,"void ch_est::chEstFilterNoDftSOfdmDispatchKernel<float, __half, float, (unsigned int)2>(ch_est::puschRxChEstStatDescr_t *, ch_est::puschRxChEstDynDescr_t *)"
2344845780,11264,16233,137,2,1,24,2,1,44,0.001,0.001,,,,,NVIDIA A100-SXM4-40GB MIG 4g.20gb (0),1,,13,"void ch_est::chEstFilterNoDftSOfdmDispatchKernel<float, __half, float, (unsigned int)2>(ch_est::puschRxChEstStatDescr_t *, ch_est::puschRxChEstDynDescr_t *)"
2345007314,5312,16244,103,1,1,128,1,1,16,0.000,0.000,,,,,NVIDIA A100-SXM4-40GB MIG 4g.20gb (0),1,,13,cupy_copy__complex64_complex64
2345353614,18208,16254,1434,1,1,128,1,1,16,0.000,0.000,,,,,NVIDIA A100-SXM4-40GB MIG 4g.20gb (0),1,,13,cupy_copy__complex64_complex64
2345594347,5952,16261,103,1,1,128,1,1,16,0.000,0.000,,,,,NVIDIA A100-SXM4-40GB MIG 4g.20gb (0),1,,13,cupy_copy__complex64_complex64
2345745482,251901,16268,1,1,1,32,32,1,30,0.000,0.000,,,,,NVIDIA A100-SXM4-40GB MIG 4g.20gb (0),1,,13,"void convert_kernel<__half2, float2>(tensor_layout_any, T1 *, tensor_layout_any, const T2 *)"
2346029286,8384,16271,,,,,,,,,,0.094,11175.497,Pinned,Device,NVIDIA A100-SXM4-40GB MIG 4g.20gb (0),1,,13,[CUDA memcpy Host-to-Device]
2346055366,63071,16272,,,,,,,,,,35.810,567766.282,Device,,NVIDIA A100-SXM4-40GB MIG 4g.20gb (0),1,,13,[CUDA memset]
2346117733,2560,16274,,,,,,,,,,0.000,31.250,Pinned,Device,NVIDIA A100-SXM4-40GB MIG 4g.20gb (0),1,,13,[CUDA memcpy Host-to-Device]
2346122757,9824,16275,,,,,,,,,,0.197,20012.925,Pinned,Device,NVIDIA A100-SXM4-40GB MIG 4g.20gb (0),1,,13,[CUDA memcpy Host-to-Device]
2346402722,18560,16276,273,1,1,48,1,1,40,0.000,0.001,,,,,NVIDIA A100-SXM4-40GB MIG 4g.20gb (0),1,,13,"void pusch_noise_intf_est::noiseIntfEstNoDftSOfdmKernel<float, __half, float, float, (unsigned int)2, (unsigned int)1, (unsigned char)4, (unsigned char)4>(pusch_noise_intf_est::puschRxNoiseIntfEstDynDescr)"
2346437602,4864,16287,35,1,1,128,1,1,16,0.000,0.000,,,,,NVIDIA A100-SXM4-40GB MIG 4g.20gb (0),1,,13,cupy_copy__complex64_complex64
2346618112,3999,16296,1,1,1,1,1,1,18,0.000,0.000,,,,,NVIDIA A100-SXM4-40GB MIG 4g.20gb (0),1,,13,cupy_copy__float32_float32
2346630335,1600,16302,,,,,,,,,,0.000,2.500,Device,Pageable,NVIDIA A100-SXM4-40GB MIG 4g.20gb (0),1,,7,[CUDA memcpy Device-to-Host]
2346695519,16479,16313,1434,1,1,128,1,1,16,0.000,0.000,,,,,NVIDIA A100-SXM4-40GB MIG 4g.20gb (0),1,,13,cupy_copy__complex64_complex64
2346908668,4832,16320,103,1,1,128,1,1,16,0.000,0.000,,,,,NVIDIA A100-SXM4-40GB MIG 4g.20gb (0),1,,13,cupy_copy__complex64_complex64
2347011387,7264,16327,35,1,1,128,1,1,16,0.000,0.000,,,,,NVIDIA A100-SXM4-40GB MIG 4g.20gb (0),1,,13,cupy_copy__complex64_complex64
2347127130,5920,16334,1,1,1,1,1,1,18,0.000,0.000,,,,,NVIDIA A100-SXM4-40GB MIG 4g.20gb (0),1,,13,cupy_copy__float32_float32
2347460182,257661,16345,1,1,1,32,32,1,30,0.000,0.000,,,,,NVIDIA A100-SXM4-40GB MIG 4g.20gb (0),1,,13,"void convert_kernel<__half2, float2>(tensor_layout_any, T1 *, tensor_layout_any, const T2 *)"
2347761170,6656,16348,,,,,,,,,,0.094,14076.887,Pinned,Device,NVIDIA A100-SXM4-40GB MIG 4g.20gb (0),1,,13,[CUDA memcpy Host-to-Device]
2347973936,5600,16349,,,,,,,,,,1.547,276182.194,Device,,NVIDIA A100-SXM4-40GB MIG 4g.20gb (0),1,,13,[CUDA memset]
2347984240,6976,16354,,,,,,,,,,0.031,4486.219,Pinned,Device,NVIDIA A100-SXM4-40GB MIG 4g.20gb (0),1,,13,[CUDA memcpy Host-to-Device]
2347997872,11296,16355,,,,,,,,,,0.197,17404.920,Pinned,Device,NVIDIA A100-SXM4-40GB MIG 4g.20gb (0),1,,13,[CUDA memcpy Host-to-Device]
2348452074,12736,16356,273,1,1,8,4,1,39,0.002,0.000,,,,,NVIDIA A100-SXM4-40GB MIG 4g.20gb (0),1,,13,"void channel_eq::eqMmseCoefCompLowMimoKernel<float, float, float, (unsigned int)4, (unsigned int)1, (unsigned int)4>(const channel_eq::_puschRxChEqStatDescr *, channel_eq::_puschRxChEqCoefCompDynDescr)"
2348836806,17632,16357,273,1,1,12,11,1,51,0.002,0.000,,,,,NVIDIA A100-SXM4-40GB MIG 4g.20gb (0),1,,13,"void channel_eq::eqMmseSoftDemapKernel<float, __half, __half, float, (unsigned int)4, (unsigned short)16383>(channel_eq::_puschRxChEqStatDescr *, channel_eq::_puschRxChEqSoftDemapDynDescr)"
2349315233,657272,16358,1,1,1,32,32,1,30,0.000,0.000,,,,,NVIDIA A100-SXM4-40GB MIG 4g.20gb (0),1,,13,"void convert_kernel<float2, __half2>(tensor_layout_any, T1 *, tensor_layout_any, const T2 *)"
2350376596,15712,16370,2253,1,1,128,1,1,16,0.000,0.000,,,,,NVIDIA A100-SXM4-40GB MIG 4g.20gb (0),1,,13,cupy_copy__float16_float16
2350875535,6399,16379,282,1,1,128,1,1,16,0.000,0.000,,,,,NVIDIA A100-SXM4-40GB MIG 4g.20gb (0),1,,13,cupy_copy__complex64_complex64
2351267178,7936,16388,26,1,1,128,1,1,16,0.000,0.000,,,,,NVIDIA A100-SXM4-40GB MIG 4g.20gb (0),1,,13,cupy_copy__float32_float32
2351582438,10144,16397,103,1,1,128,1,1,16,0.000,0.000,,,,,NVIDIA A100-SXM4-40GB MIG 4g.20gb (0),1,,13,cupy_copy__complex64_complex64
2351745221,17663,16407,1434,1,1,128,1,1,16,0.000,0.000,,,,,NVIDIA A100-SXM4-40GB MIG 4g.20gb (0),1,,13,cupy_copy__complex64_complex64
2352000994,247261,16412,1,1,1,32,32,1,30,0.000,0.000,,,,,NVIDIA A100-SXM4-40GB MIG 4g.20gb (0),1,,13,"void convert_kernel<__half2, float2>(tensor_layout_any, T1 *, tensor_layout_any, const T2 *)"
2352279710,5568,16415,,,,,,,,,,0.094,16827.521,Pinned,Device,NVIDIA A100-SXM4-40GB MIG 4g.20gb (0),1,,13,[CUDA memcpy Host-to-Device]
2352561723,612025,16416,,,,,,,,,,456.561,745564.832,Device,,NVIDIA A100-SXM4-40GB MIG 4g.20gb (0),1,,13,[CUDA memset]
2353176948,65375,16421,,,,,,,,,,1.235,18889.703,Pinned,Device,NVIDIA A100-SXM4-40GB MIG 4g.20gb (0),1,,13,[CUDA memcpy Host-to-Device]
2353244787,9664,16422,,,,,,,,,,0.197,20344.209,Pinned,Device,NVIDIA A100-SXM4-40GB MIG 4g.20gb (0),1,,13,[CUDA memcpy Host-to-Device]
2353533648,12928,16423,69,4,1,48,1,1,76,0.002,0.000,,,,,NVIDIA A100-SXM4-40GB MIG 4g.20gb (0),1,,13,"void ch_est::windowedChEstPreNoDftSOfdmKernel<float, __half, float, (unsigned int)2, (unsigned int)1, (unsigned short)4>(ch_est::puschRxChEstStatDescr_t *, ch_est::puschRxChEstDynDescr_t *)"
2353876972,10080,16424,137,2,1,24,2,1,44,0.001,0.001,,,,,NVIDIA A100-SXM4-40GB MIG 4g.20gb (0),1,,13,"void ch_est::chEstFilterNoDftSOfdmDispatchKernel<float, __half, float, (unsigned int)2>(ch_est::puschRxChEstStatDescr_t *, ch_est::puschRxChEstDynDescr_t *)"
2354108297,12640,16425,137,2,1,24,2,1,44,0.001,0.001,,,,,NVIDIA A100-SXM4-40GB MIG 4g.20gb (0),1,,13,"void ch_est::chEstFilterNoDftSOfdmDispatchKernel<float, __half, float, (unsigned int)2>(ch_est::puschRxChEstStatDescr_t *, ch_est::puschRxChEstDynDescr_t *)"
2354256968,8096,16436,103,1,1,128,1,1,16,0.000,0.000,,,,,NVIDIA A100-SXM4-40GB MIG 4g.20gb (0),1,,13,cupy_copy__complex64_complex64
2354477861,20288,16446,1434,1,1,128,1,1,16,0.000,0.000,,,,,NVIDIA A100-SXM4-40GB MIG 4g.20gb (0),1,,13,cupy_copy__complex64_complex64
2354664515,5504,16453,103,1,1,128,1,1,16,0.000,0.000,,,,,NVIDIA A100-SXM4-40GB MIG 4g.20gb (0),1,,13,cupy_copy__complex64_complex64
2355110846,244381,16460,1,1,1,32,32,1,30,0.000,0.000,,,,,NVIDIA A100-SXM4-40GB MIG 4g.20gb (0),1,,13,"void convert_kernel<__half2, float2>(tensor_layout_any, T1 *, tensor_layout_any, const T2 *)"
2355385083,5952,16463,,,,,,,,,,0.094,15741.865,Pinned,Device,NVIDIA A100-SXM4-40GB MIG 4g.20gb (0),1,,13,[CUDA memcpy Host-to-Device]
2355590424,47520,16464,,,,,,,,,,35.810,753548.147,Device,,NVIDIA A100-SXM4-40GB MIG 4g.20gb (0),1,,13,[CUDA memset]
2355638904,10432,16466,,,,,,,,,,0.000,7.669,Pinned,Device,NVIDIA A100-SXM4-40GB MIG 4g.20gb (0),1,,13,[CUDA memcpy Host-to-Device]
2355652248,10016,16467,,,,,,,,,,0.197,19629.343,Pinned,Device,NVIDIA A100-SXM4-40GB MIG 4g.20gb (0),1,,13,[CUDA memcpy Host-to-Device]
2356081363,25887,16468,273,1,1,48,1,1,40,0.000,0.001,,,,,NVIDIA A100-SXM4-40GB MIG 4g.20gb (0),1,,13,"void pusch_noise_intf_est::noiseIntfEstNoDftSOfdmKernel<float, __half, float, float, (unsigned int)2, (unsigned int)1, (unsigned char)4, (unsigned char)4>(pusch_noise_intf_est::puschRxNoiseIntfEstDynDescr)"
2356519022,5152,16479,35,1,1,128,1,1,16,0.000,0.000,,,,,NVIDIA A100-SXM4-40GB MIG 4g.20gb (0),1,,13,cupy_copy__complex64_complex64
2356954569,3424,16488,1,1,1,1,1,1,18,0.000,0.000,,,,,NVIDIA A100-SXM4-40GB MIG 4g.20gb (0),1,,13,cupy_copy__float32_float32
2356963977,7232,16494,,,,,,,,,,0.000,0.553,Device,Pageable,NVIDIA A100-SXM4-40GB MIG 4g.20gb (0),1,,7,[CUDA memcpy Device-to-Host]
2357389860,24543,16505,1434,1,1,128,1,1,16,0.000,0.000,,,,,NVIDIA A100-SXM4-40GB MIG 4g.20gb (0),1,,13,cupy_copy__complex64_complex64
2357776415,4512,16512,103,1,1,128,1,1,16,0.000,0.000,,,,,NVIDIA A100-SXM4-40GB MIG 4g.20gb (0),1,,13,cupy_copy__complex64_complex64
2358060732,5856,16519,35,1,1,128,1,1,16,0.000,0.000,,,,,NVIDIA A100-SXM4-40GB MIG 4g.20gb (0),1,,13,cupy_copy__complex64_complex64
2358206042,4224,16526,1,1,1,1,1,1,18,0.000,0.000,,,,,NVIDIA A100-SXM4-40GB MIG 4g.20gb (0),1,,13,cupy_copy__float32_float32
2358435704,278460,16537,1,1,1,32,32,1,30,0.000,0.000,,,,,NVIDIA A100-SXM4-40GB MIG 4g.20gb (0),1,,13,"void convert_kernel<__half2, float2>(tensor_layout_any, T1 *, tensor_layout_any, const T2 *)"
2358750612,7488,16540,,,,,,,,,,0.094,12512.820,Pinned,Device,NVIDIA A100-SXM4-40GB MIG 4g.20gb (0),1,,13,[CUDA memcpy Host-to-Device]
2358926322,8000,16541,,,,,,,,,,1.547,193328.000,Device,,NVIDIA A100-SXM4-40GB MIG 4g.20gb (0),1,,13,[CUDA memset]
2358943506,3520,16546,,,,,,,,,,0.031,8890.881,Pinned,Device,NVIDIA A100-SXM4-40GB MIG 4g.20gb (0),1,,13,[CUDA memcpy Host-to-Device]
2358949490,9376,16547,,,,,,,,,,0.197,20969.226,Pinned,Device,NVIDIA A100-SXM4-40GB MIG 4g.20gb (0),1,,13,[CUDA memcpy Host-to-Device]
2359213103,43103,16548,273,1,1,8,4,1,39,0.002,0.000,,,,,NVIDIA A100-SXM4-40GB MIG 4g.20gb (0),1,,13,"void channel_eq::eqMmseCoefCompLowMimoKernel<float, float, float, (unsigned int)4, (unsigned int)1, (unsigned int)4>(const channel_eq::_puschRxChEqStatDescr *, channel_eq::_puschRxChEqCoefCompDynDescr)"
2359286318,17184,16549,273,1,1,12,11,1,51,0.002,0.000,,,,,NVIDIA A100-SXM4-40GB MIG 4g.20gb (0),1,,13,"void channel_eq::eqMmseSoftDemapKernel<float, __half, __half, float, (unsigned int)4, (unsigned short)16383>(channel_eq::_puschRxChEqStatDescr *, channel_eq::_puschRxChEqSoftDemapDynDescr)"
2359632842,753271,16550,1,1,1,32,32,1,30,0.000,0.000,,,,,NVIDIA A100-SXM4-40GB MIG 4g.20gb (0),1,,13,"void convert_kernel<float2, __half2>(tensor_layout_any, T1 *, tensor_layout_any, const T2 *)"
2360569119,15520,16562,2253,1,1,128,1,1,16,0.000,0.000,,,,,NVIDIA A100-SXM4-40GB MIG 4g.20gb (0),1,,13,cupy_copy__float16_float16
2361014874,5408,16571,282,1,1,128,1,1,16,0.000,0.000,,,,,NVIDIA A100-SXM4-40GB MIG 4g.20gb (0),1,,13,cupy_copy__complex64_complex64
2361387862,4672,16580,26,1,1,128,1,1,16,0.000,0.000,,,,,NVIDIA A100-SXM4-40GB MIG 4g.20gb (0),1,,13,cupy_copy__float32_float32
2361786513,11968,16589,103,1,1,128,1,1,16,0.000,0.000,,,,,NVIDIA A100-SXM4-40GB MIG 4g.20gb (0),1,,13,cupy_copy__complex64_complex64
2362102030,21311,16599,1434,1,1,128,1,1,16,0.000,0.000,,,,,NVIDIA A100-SXM4-40GB MIG 4g.20gb (0),1,,13,cupy_copy__complex64_complex64
2362320875,208318,16604,1,1,1,32,32,1,30,0.000,0.000,,,,,NVIDIA A100-SXM4-40GB MIG 4g.20gb (0),1,,13,"void convert_kernel<__half2, float2>(tensor_layout_any, T1 *, tensor_layout_any, const T2 *)"
2362561928,5696,16607,,,,,,,,,,0.094,16449.363,Pinned,Device,NVIDIA A100-SXM4-40GB MIG 4g.20gb (0),1,,13,[CUDA memcpy Host-to-Device]
2362752294,607065,16608,,,,,,,,,,456.561,751956.692,Device,,NVIDIA A100-SXM4-40GB MIG 4g.20gb (0),1,,13,[CUDA memset]
2363365567,62271,16613,,,,,,,,,,1.235,19830.731,Pinned,Device,NVIDIA A100-SXM4-40GB MIG 4g.20gb (0),1,,13,[CUDA memcpy Host-to-Device]
2363430270,9920,16614,,,,,,,,,,0.197,19819.266,Pinned,Device,NVIDIA A100-SXM4-40GB MIG 4g.20gb (0),1,,13,[CUDA memcpy Host-to-Device]
2363794714,13248,16615,69,4,1,48,1,1,76,0.002,0.000,,,,,NVIDIA A100-SXM4-40GB MIG 4g.20gb (0),1,,13,"void ch_est::windowedChEstPreNoDftSOfdmKernel<float, __half, float, (unsigned int)2, (unsigned int)1, (unsigned short)4>(ch_est::puschRxChEstStatDescr_t *, ch_est::puschRxChEstDynDescr_t *)"
2364152886,11360,16616,137,2,1,24,2,1,44,0.001,0.001,,,,,NVIDIA A100-SXM4-40GB MIG 4g.20gb (0),1,,13,"void ch_est::chEstFilterNoDftSOfdmDispatchKernel<float, __half, float, (unsigned int)2>(ch_est::puschRxChEstStatDescr_t *, ch_est::puschRxChEstDynDescr_t *)"
2364524274,10368,16617,137,2,1,24,2,1,44,0.001,0.001,,,,,NVIDIA A100-SXM4-40GB MIG 4g.20gb (0),1,,13,"void ch_est::chEstFilterNoDftSOfdmDispatchKernel<float, __half, float, (unsigned int)2>(ch_est::puschRxChEstStatDescr_t *, ch_est::puschRxChEstDynDescr_t *)"
2364853934,5088,16628,103,1,1,128,1,1,16,0.000,0.000,,,,,NVIDIA A100-SXM4-40GB MIG 4g.20gb (0),1,,13,cupy_copy__complex64_complex64
2365084779,20256,16638,1434,1,1,128,1,1,16,0.000,0.000,,,,,NVIDIA A100-SXM4-40GB MIG 4g.20gb (0),1,,13,cupy_copy__complex64_complex64
2365167306,5024,16645,103,1,1,128,1,1,16,0.000,0.000,,,,,NVIDIA A100-SXM4-40GB MIG 4g.20gb (0),1,,13,cupy_copy__complex64_complex64
2365174538,203966,16652,1,1,1,32,32,1,30,0.000,0.000,,,,,NVIDIA A100-SXM4-40GB MIG 4g.20gb (0),1,,13,"void convert_kernel<__half2, float2>(tensor_layout_any, T1 *, tensor_layout_any, const T2 *)"
2365409672,5663,16655,,,,,,,,,,0.094,16545.214,Pinned,Device,NVIDIA A100-SXM4-40GB MIG 4g.20gb (0),1,,13,[CUDA memcpy Host-to-Device]
2365444231,64223,16656,,,,,,,,,,35.810,557560.454,Device,,NVIDIA A100-SXM4-40GB MIG 4g.20gb (0),1,,13,[CUDA memset]
2365512230,1824,16658,,,,,,,,,,0.000,43.860,Pinned,Device,NVIDIA A100-SXM4-40GB MIG 4g.20gb (0),1,,13,[CUDA memcpy Host-to-Device]
2365516710,9600,16659,,,,,,,,,,0.197,20479.869,Pinned,Device,NVIDIA A100-SXM4-40GB MIG 4g.20gb (0),1,,13,[CUDA memcpy Host-to-Device]
2365730692,13376,16660,273,1,1,48,1,1,40,0.000,0.001,,,,,NVIDIA A100-SXM4-40GB MIG 4g.20gb (0),1,,13,"void pusch_noise_intf_est::noiseIntfEstNoDftSOfdmKernel<float, __half, float, float, (unsigned int)2, (unsigned int)1, (unsigned char)4, (unsigned char)4>(pusch_noise_intf_est::puschRxNoiseIntfEstDynDescr)"
2365811171,4320,16671,35,1,1,128,1,1,16,0.000,0.000,,,,,NVIDIA A100-SXM4-40GB MIG 4g.20gb (0),1,,13,cupy_copy__complex64_complex64
2365817667,1664,16680,1,1,1,1,1,1,18,0.000,0.000,,,,,NVIDIA A100-SXM4-40GB MIG 4g.20gb (0),1,,13,cupy_copy__float32_float32
2365827043,1888,16686,,,,,,,,,,0.000,2.119,Device,Pageable,NVIDIA A100-SXM4-40GB MIG 4g.20gb (0),1,,7,[CUDA memcpy Device-to-Host]
2366057024,16736,16697,1434,1,1,128,1,1,16,0.000,0.000,,,,,NVIDIA A100-SXM4-40GB MIG 4g.20gb (0),1,,13,cupy_copy__complex64_complex64
2366075136,3168,16704,103,1,1,128,1,1,16,0.000,0.000,,,,,NVIDIA A100-SXM4-40GB MIG 4g.20gb (0),1,,13,cupy_copy__complex64_complex64
2366091328,3136,16711,35,1,1,128,1,1,16,0.000,0.000,,,,,NVIDIA A100-SXM4-40GB MIG 4g.20gb (0),1,,13,cupy_copy__complex64_complex64
2366270942,3424,16718,1,1,1,1,1,1,18,0.000,0.000,,,,,NVIDIA A100-SXM4-40GB MIG 4g.20gb (0),1,,13,cupy_copy__float32_float32
2366381756,269629,16729,1,1,1,32,32,1,30,0.000,0.000,,,,,NVIDIA A100-SXM4-40GB MIG 4g.20gb (0),1,,13,"void convert_kernel<__half2, float2>(tensor_layout_any, T1 *, tensor_layout_any, const T2 *)"
2366682617,5440,16732,,,,,,,,,,0.094,17223.480,Pinned,Device,NVIDIA A100-SXM4-40GB MIG 4g.20gb (0),1,,13,[CUDA memcpy Host-to-Device]
2366808951,9664,16733,,,,,,,,,,1.547,160038.465,Device,,NVIDIA A100-SXM4-40GB MIG 4g.20gb (0),1,,13,[CUDA memset]
2366819991,3648,16738,,,,,,,,,,0.031,8578.922,Pinned,Device,NVIDIA A100-SXM4-40GB MIG 4g.20gb (0),1,,13,[CUDA memcpy Host-to-Device]
2366826039,9600,16739,,,,,,,,,,0.197,20479.869,Pinned,Device,NVIDIA A100-SXM4-40GB MIG 4g.20gb (0),1,,13,[CUDA memcpy Host-to-Device]
2367056661,13119,16740,273,1,1,8,4,1,39,0.002,0.000,,,,,NVIDIA A100-SXM4-40GB MIG 4g.20gb (0),1,,13,"void channel_eq::eqMmseCoefCompLowMimoKernel<float, float, float, (unsigned int)4, (unsigned int)1, (unsigned int)4>(const channel_eq::_puschRxChEqStatDescr *, channel_eq::_puschRxChEqCoefCompDynDescr)"
2367195955,18464,16741,273,1,1,12,11,1,51,0.002,0.000,,,,,NVIDIA A100-SXM4-40GB MIG 4g.20gb (0),1,,13,"void channel_eq::eqMmseSoftDemapKernel<float, __half, __half, float, (unsigned int)4, (unsigned short)16383>(channel_eq::_puschRxChEqStatDescr *, channel_eq::_puschRxChEqSoftDemapDynDescr)"
2367573263,715735,16742,1,1,1,32,32,1,30,0.000,0.000,,,,,NVIDIA A100-SXM4-40GB MIG 4g.20gb (0),1,,13,"void convert_kernel<float2, __half2>(tensor_layout_any, T1 *, tensor_layout_any, const T2 *)"
2368511844,17600,16754,2253,1,1,128,1,1,16,0.000,0.000,,,,,NVIDIA A100-SXM4-40GB MIG 4g.20gb (0),1,,13,cupy_copy__float16_float16
2368664642,7680,16763,282,1,1,128,1,1,16,0.000,0.000,,,,,NVIDIA A100-SXM4-40GB MIG 4g.20gb (0),1,,13,cupy_copy__complex64_complex64
2369001374,5536,16772,26,1,1,128,1,1,16,0.000,0.000,,,,,NVIDIA A100-SXM4-40GB MIG 4g.20gb (0),1,,13,cupy_copy__float32_float32
2369233628,8415,16781,103,1,1,128,1,1,16,0.000,0.000,,,,,NVIDIA A100-SXM4-40GB MIG 4g.20gb (0),1,,13,cupy_copy__complex64_complex64
2369382074,19008,16791,1434,1,1,128,1,1,16,0.000,0.000,,,,,NVIDIA A100-SXM4-40GB MIG 4g.20gb (0),1,,13,cupy_copy__complex64_complex64
2369737078,248477,16796,1,1,1,32,32,1,30,0.000,0.000,,,,,NVIDIA A100-SXM4-40GB MIG 4g.20gb (0),1,,13,"void convert_kernel<__half2, float2>(tensor_layout_any, T1 *, tensor_layout_any, const T2 *)"
2370017363,5375,16799,,,,,,,,,,0.094,17431.766,Pinned,Device,NVIDIA A100-SXM4-40GB MIG 4g.20gb (0),1,,13,[CUDA memcpy Host-to-Device]
2370037746,637945,16800,,,,,,,,,,456.561,715431.776,Device,,NVIDIA A100-SXM4-40GB MIG 4g.20gb (0),1,,13,[CUDA memset]
2370678123,51711,16805,,,,,,,,,,1.235,23881.347,Pinned,Device,NVIDIA A100-SXM4-40GB MIG 4g.20gb (0),1,,13,[CUDA memcpy Host-to-Device]
2370732266,9440,16806,,,,,,,,,,0.197,20827.079,Pinned,Device,NVIDIA A100-SXM4-40GB MIG 4g.20gb (0),1,,13,[CUDA memcpy Host-to-Device]
2370962312,25631,16807,69,4,1,48,1,1,76,0.002,0.000,,,,,NVIDIA A100-SXM4-40GB MIG 4g.20gb (0),1,,13,"void ch_est::windowedChEstPreNoDftSOfdmKernel<float, __half, float, (unsigned int)2, (unsigned int)1, (unsigned short)4>(ch_est::puschRxChEstStatDescr_t *, ch_est::puschRxChEstDynDescr_t *)"
2371011047,8512,16808,137,2,1,24,2,1,44,0.001,0.001,,,,,NVIDIA A100-SXM4-40GB MIG 4g.20gb (0),1,,13,"void ch_est::chEstFilterNoDftSOfdmDispatchKernel<float, __half, float, (unsigned int)2>(ch_est::puschRxChEstStatDescr_t *, ch_est::puschRxChEstDynDescr_t *)"
2371181925,12384,16809,137,2,1,24,2,1,44,0.001,0.001,,,,,NVIDIA A100-SXM4-40GB MIG 4g.20gb (0),1,,13,"void ch_est::chEstFilterNoDftSOfdmDispatchKernel<float, __half, float, (unsigned int)2>(ch_est::puschRxChEstStatDescr_t *, ch_est::puschRxChEstDynDescr_t *)"
2371257092,3232,16820,103,1,1,128,1,1,16,0.000,0.000,,,,,NVIDIA A100-SXM4-40GB MIG 4g.20gb (0),1,,13,cupy_copy__complex64_complex64
2371262212,14624,16830,1434,1,1,128,1,1,16,0.000,0.000,,,,,NVIDIA A100-SXM4-40GB MIG 4g.20gb (0),1,,13,cupy_copy__complex64_complex64
2371454818,5472,16837,103,1,1,128,1,1,16,0.000,0.000,,,,,NVIDIA A100-SXM4-40GB MIG 4g.20gb (0),1,,13,cupy_copy__complex64_complex64
2371524385,297917,16844,1,1,1,32,32,1,30,0.000,0.000,,,,,NVIDIA A100-SXM4-40GB MIG 4g.20gb (0),1,,13,"void convert_kernel<__half2, float2>(tensor_layout_any, T1 *, tensor_layout_any, const T2 *)"
2371861245,5440,16847,,,,,,,,,,0.094,17223.480,Pinned,Device,NVIDIA A100-SXM4-40GB MIG 4g.20gb (0),1,,13,[CUDA memcpy Host-to-Device]
2372059099,48416,16848,,,,,,,,,,35.810,739618.088,Device,,NVIDIA A100-SXM4-40GB MIG 4g.20gb (0),1,,13,[CUDA memset]
2372111962,1824,16850,,,,,,,,,,0.000,43.860,Pinned,Device,NVIDIA A100-SXM4-40GB MIG 4g.20gb (0),1,,13,[CUDA memcpy Host-to-Device]
2372116250,9376,16851,,,,,,,,,,0.197,20969.226,Pinned,Device,NVIDIA A100-SXM4-40GB MIG 4g.20gb (0),1,,13,[CUDA memcpy Host-to-Device]
2372475286,15552,16852,273,1,1,48,1,1,40,0.000,0.001,,,,,NVIDIA A100-SXM4-40GB MIG 4g.20gb (0),1,,13,"void pusch_noise_intf_est::noiseIntfEstNoDftSOfdmKernel<float, __half, float, float, (unsigned int)2, (unsigned int)1, (unsigned char)4, (unsigned char)4>(pusch_noise_intf_est::puschRxNoiseIntfEstDynDescr)"
2372854866,6496,16863,35,1,1,128,1,1,16,0.000,0.000,,,,,NVIDIA A100-SXM4-40GB MIG 4g.20gb (0),1,,13,cupy_copy__complex64_complex64
2373088431,4032,16872,1,1,1,1,1,1,18,0.000,0.000,,,,,NVIDIA A100-SXM4-40GB MIG 4g.20gb (0),1,,13,cupy_copy__float32_float32
2373098383,2752,16878,,,,,,,,,,0.000,1.453,Device,Pageable,NVIDIA A100-SXM4-40GB MIG 4g.20gb (0),1,,7,[CUDA memcpy Device-to-Host]
2373249037,19584,16889,1434,1,1,128,1,1,16,0.000,0.000,,,,,NVIDIA A100-SXM4-40GB MIG 4g.20gb (0),1,,13,cupy_copy__complex64_complex64
2373609609,5216,16896,103,1,1,128,1,1,16,0.000,0.000,,,,,NVIDIA A100-SXM4-40GB MIG 4g.20gb (0),1,,13,cupy_copy__complex64_complex64
2373851430,5024,16903,35,1,1,128,1,1,16,0.000,0.000,,,,,NVIDIA A100-SXM4-40GB MIG 4g.20gb (0),1,,13,cupy_copy__complex64_complex64
2374018661,4671,16910,1,1,1,1,1,1,18,0.000,0.000,,,,,NVIDIA A100-SXM4-40GB MIG 4g.20gb (0),1,,13,cupy_copy__float32_float32
2374381888,247582,16921,1,1,1,32,32,1,30,0.000,0.000,,,,,NVIDIA A100-SXM4-40GB MIG 4g.20gb (0),1,,13,"void convert_kernel<__half2, float2>(tensor_layout_any, T1 *, tensor_layout_any, const T2 *)"
2374659677,5856,16924,,,,,,,,,,0.094,15999.997,Pinned,Device,NVIDIA A100-SXM4-40GB MIG 4g.20gb (0),1,,13,[CUDA memcpy Host-to-Device]
2374774044,6592,16925,,,,,,,,,,1.547,234621.314,Device,,NVIDIA A100-SXM4-40GB MIG 4g.20gb (0),1,,13,[CUDA memset]
2374783580,3040,16930,,,,,,,,,,0.031,10294.725,Pinned,Device,NVIDIA A100-SXM4-40GB MIG 4g.20gb (0),1,,13,[CUDA memcpy Host-to-Device]
2374790300,9952,16931,,,,,,,,,,0.197,19755.565,Pinned,Device,NVIDIA A100-SXM4-40GB MIG 4g.20gb (0),1,,13,[CUDA memcpy Host-to-Device]
2375149976,12223,16932,273,1,1,8,4,1,39,0.002,0.000,,,,,NVIDIA A100-SXM4-40GB MIG 4g.20gb (0),1,,13,"void channel_eq::eqMmseCoefCompLowMimoKernel<float, float, float, (unsigned int)4, (unsigned int)1, (unsigned int)4>(const channel_eq::_puschRxChEqStatDescr *, channel_eq::_puschRxChEqCoefCompDynDescr)"
2375362453,17472,16933,273,1,1,12,11,1,51,0.002,0.000,,,,,NVIDIA A100-SXM4-40GB MIG 4g.20gb (0),1,,13,"void channel_eq::eqMmseSoftDemapKernel<float, __half, __half, float, (unsigned int)4, (unsigned short)16383>(channel_eq::_puschRxChEqStatDescr *, channel_eq::_puschRxChEqSoftDemapDynDescr)"
2375448564,584249,16934,1,1,1,32,32,1,30,0.000,0.000,,,,,NVIDIA A100-SXM4-40GB MIG 4g.20gb (0),1,,13,"void convert_kernel<float2, __half2>(tensor_layout_any, T1 *, tensor_layout_any, const T2 *)"
2376053869,16832,16946,2253,1,1,128,1,1,16,0.000,0.000,,,,,NVIDIA A100-SXM4-40GB MIG 4g.20gb (0),1,,13,cupy_copy__float16_float16
2376086221,5216,16955,282,1,1,128,1,1,16,0.000,0.000,,,,,NVIDIA A100-SXM4-40GB MIG 4g.20gb (0),1,,13,cupy_copy__complex64_complex64
2376409609,10176,16964,26,1,1,128,1,1,16,0.000,0.000,,,,,NVIDIA A100-SXM4-40GB MIG 4g.20gb (0),1,,13,cupy_copy__float32_float32
2376659494,35296,16973,103,1,1,128,1,1,16,0.000,0.000,,,,,NVIDIA A100-SXM4-40GB MIG 4g.20gb (0),1,,13,cupy_copy__complex64_complex64
2376891428,16543,16983,1434,1,1,128,1,1,16,0.000,0.000,,,,,NVIDIA A100-SXM4-40GB MIG 4g.20gb (0),1,,13,cupy_copy__complex64_complex64
2377348670,270077,16988,1,1,1,32,32,1,30,0.000,0.000,,,,,NVIDIA A100-SXM4-40GB MIG 4g.20gb (0),1,,13,"void convert_kernel<__half2, float2>(tensor_layout_any, T1 *, tensor_layout_any, const T2 *)"
2377657403,5952,16991,,,,,,,,,,0.094,15741.865,Pinned,Device,NVIDIA A100-SXM4-40GB MIG 4g.20gb (0),1,,13,[CUDA memcpy Host-to-Device]
2377932120,608729,16992,,,,,,,,,,456.561,749673.884,Device,,NVIDIA A100-SXM4-40GB MIG 4g.20gb (0),1,,13,[CUDA memset]
2378547632,70112,16997,,,,,,,,,,1.235,17612.771,Pinned,Device,NVIDIA A100-SXM4-40GB MIG 4g.20gb (0),1,,13,[CUDA memcpy Host-to-Device]
2378620400,9600,16998,,,,,,,,,,0.197,20479.869,Pinned,Device,NVIDIA A100-SXM4-40GB MIG 4g.20gb (0),1,,13,[CUDA memcpy Host-to-Device]
2379008619,13376,16999,69,4,1,48,1,1,76,0.002,0.000,,,,,NVIDIA A100-SXM4-40GB MIG 4g.20gb (0),1,,13,"void ch_est::windowedChEstPreNoDftSOfdmKernel<float, __half, float, (unsigned int)2, (unsigned int)1, (unsigned short)4>(ch_est::puschRxChEstStatDescr_t *, ch_est::puschRxChEstDynDescr_t *)"
2379491110,12448,17000,137,2,1,24,2,1,44,0.001,0.001,,,,,NVIDIA A100-SXM4-40GB MIG 4g.20gb (0),1,,13,"void ch_est::chEstFilterNoDftSOfdmDispatchKernel<float, __half, float, (unsigned int)2>(ch_est::puschRxChEstStatDescr_t *, ch_est::puschRxChEstDynDescr_t *)"
2379952832,12384,17001,137,2,1,24,2,1,44,0.001,0.001,,,,,NVIDIA A100-SXM4-40GB MIG 4g.20gb (0),1,,13,"void ch_est::chEstFilterNoDftSOfdmDispatchKernel<float, __half, float, (unsigned int)2>(ch_est::puschRxChEstStatDescr_t *, ch_est::puschRxChEstDynDescr_t *)"
2380418523,5184,17012,103,1,1,128,1,1,16,0.000,0.000,,,,,NVIDIA A100-SXM4-40GB MIG 4g.20gb (0),1,,13,cupy_copy__complex64_complex64
2380715480,18591,17022,1434,1,1,128,1,1,16,0.000,0.000,,,,,NVIDIA A100-SXM4-40GB MIG 4g.20gb (0),1,,13,cupy_copy__complex64_complex64
2380818326,5216,17029,103,1,1,128,1,1,16,0.000,0.000,,,,,NVIDIA A100-SXM4-40GB MIG 4g.20gb (0),1,,13,cupy_copy__complex64_complex64
2381058580,254013,17036,1,1,1,32,32,1,30,0.000,0.000,,,,,NVIDIA A100-SXM4-40GB MIG 4g.20gb (0),1,,13,"void convert_kernel<__half2, float2>(tensor_layout_any, T1 *, tensor_layout_any, const T2 *)"
2381348496,5888,17039,,,,,,,,,,0.094,15912.954,Pinned,Device,NVIDIA A100-SXM4-40GB MIG 4g.20gb (0),1,,13,[CUDA memcpy Host-to-Device]
2381588718,52383,17040,,,,,,,,,,35.810,683611.373,Device,,NVIDIA A100-SXM4-40GB MIG 4g.20gb (0),1,,13,[CUDA memset]
2381645613,1824,17042,,,,,,,,,,0.000,43.860,Pinned,Device,NVIDIA A100-SXM4-40GB MIG 4g.20gb (0),1,,13,[CUDA memcpy Host-to-Device]
2381650189,10240,17043,,,,,,,,,,0.197,19199.951,Pinned,Device,NVIDIA A100-SXM4-40GB MIG 4g.20gb (0),1,,13,[CUDA memcpy Host-to-Device]
2381920202,17216,17044,273,1,1,48,1,1,40,0.000,0.001,,,,,NVIDIA A100-SXM4-40GB MIG 4g.20gb (0),1,,13,"void pusch_noise_intf_est::noiseIntfEstNoDftSOfdmKernel<float, __half, float, float, (unsigned int)2, (unsigned int)1, (unsigned char)4, (unsigned char)4>(pusch_noise_intf_est::puschRxNoiseIntfEstDynDescr)"
2381952393,3904,17055,35,1,1,128,1,1,16,0.000,0.000,,,,,NVIDIA A100-SXM4-40GB MIG 4g.20gb (0),1,,13,cupy_copy__complex64_complex64
2382127783,3552,17064,1,1,1,1,1,1,18,0.000,0.000,,,,,NVIDIA A100-SXM4-40GB MIG 4g.20gb (0),1,,13,cupy_copy__float32_float32
2382137127,2208,17070,,,,,,,,,,0.000,1.812,Device,Pageable,NVIDIA A100-SXM4-40GB MIG 4g.20gb (0),1,,7,[CUDA memcpy Device-to-Host]
2382204102,16544,17081,1434,1,1,128,1,1,16,0.000,0.000,,,,,NVIDIA A100-SXM4-40GB MIG 4g.20gb (0),1,,13,cupy_copy__complex64_complex64
2382420196,5600,17088,103,1,1,128,1,1,16,0.000,0.000,,,,,NVIDIA A100-SXM4-40GB MIG 4g.20gb (0),1,,13,cupy_copy__complex64_complex64
2382482595,8576,17095,35,1,1,128,1,1,16,0.000,0.000,,,,,NVIDIA A100-SXM4-40GB MIG 4g.20gb (0),1,,13,cupy_copy__complex64_complex64
2382530723,5536,17102,1,1,1,1,1,1,18,0.000,0.000,,,,,NVIDIA A100-SXM4-40GB MIG 4g.20gb (0),1,,13,cupy_copy__float32_float32
2382635681,255102,17113,1,1,1,32,32,1,30,0.000,0.000,,,,,NVIDIA A100-SXM4-40GB MIG 4g.20gb (0),1,,13,"void convert_kernel<__half2, float2>(tensor_layout_any, T1 *, tensor_layout_any, const T2 *)"
2382922078,5632,17116,,,,,,,,,,0.094,16636.287,Pinned,Device,NVIDIA A100-SXM4-40GB MIG 4g.20gb (0),1,,13,[CUDA memcpy Host-to-Device]
2383034237,5632,17117,,,,,,,,,,1.547,274612.371,Device,,NVIDIA A100-SXM4-40GB MIG 4g.20gb (0),1,,13,[CUDA memset]
2383043965,3040,17122,,,,,,,,,,0.031,10294.725,Pinned,Device,NVIDIA A100-SXM4-40GB MIG 4g.20gb (0),1,,13,[CUDA memcpy Host-to-Device]
2383049981,12000,17123,,,,,,,,,,0.197,16383.934,Pinned,Device,NVIDIA A100-SXM4-40GB MIG 4g.20gb (0),1,,13,[CUDA memcpy Host-to-Device]
2383328346,18879,17124,273,1,1,8,4,1,39,0.002,0.000,,,,,NVIDIA A100-SXM4-40GB MIG 4g.20gb (0),1,,13,"void channel_eq::eqMmseCoefCompLowMimoKernel<float, float, float, (unsigned int)4, (unsigned int)1, (unsigned int)4>(const channel_eq::_puschRxChEqStatDescr *, channel_eq::_puschRxChEqCoefCompDynDescr)"
2383446264,16288,17125,273,1,1,12,11,1,51,0.002,0.000,,,,,NVIDIA A100-SXM4-40GB MIG 4g.20gb (0),1,,13,"void channel_eq::eqMmseSoftDemapKernel<float, __half, __half, float, (unsigned int)4, (unsigned short)16383>(channel_eq::_puschRxChEqStatDescr *, channel_eq::_puschRxChEqSoftDemapDynDescr)"
2383852980,676120,17126,1,1,1,32,32,1,30,0.000,0.000,,,,,NVIDIA A100-SXM4-40GB MIG 4g.20gb (0),1,,13,"void convert_kernel<float2, __half2>(tensor_layout_any, T1 *, tensor_layout_any, const T2 *)"
2384656586,14816,17138,2253,1,1,128,1,1,16,0.000,0.000,,,,,NVIDIA A100-SXM4-40GB MIG 4g.20gb (0),1,,13,cupy_copy__float16_float16
2385043846,5760,17147,282,1,1,128,1,1,16,0.000,0.000,,,,,NVIDIA A100-SXM4-40GB MIG 4g.20gb (0),1,,13,cupy_copy__complex64_complex64
2385410562,4352,17156,26,1,1,128,1,1,16,0.000,0.000,,,,,NVIDIA A100-SXM4-40GB MIG 4g.20gb (0),1,,13,cupy_copy__float32_float32
2385680223,23775,17165,103,1,1,128,1,1,16,0.000,0.000,,,,,NVIDIA A100-SXM4-40GB MIG 4g.20gb (0),1,,13,cupy_copy__complex64_complex64
2386070714,17184,17175,1434,1,1,128,1,1,16,0.000,0.000,,,,,NVIDIA A100-SXM4-40GB MIG 4g.20gb (0),1,,13,cupy_copy__complex64_complex64
2386567188,259421,17180,1,1,1,32,32,1,30,0.000,0.000,,,,,NVIDIA A100-SXM4-40GB MIG 4g.20gb (0),1,,13,"void convert_kernel<__half2, float2>(tensor_layout_any, T1 *, tensor_layout_any, const T2 *)"
2386858481,5696,17183,,,,,,,,,,0.094,16449.363,Pinned,Device,NVIDIA A100-SXM4-40GB MIG 4g.20gb (0),1,,13,[CUDA memcpy Host-to-Device]
2387118702,623705,17184,,,,,,,,,,456.561,731867.988,Device,,NVIDIA A100-SXM4-40GB MIG 4g.20gb (0),1,,13,[CUDA memset]
2387744423,60703,17189,,,,,,,,,,1.235,20343.233,Pinned,Device,NVIDIA A100-SXM4-40GB MIG 4g.20gb (0),1,,13,[CUDA memcpy Host-to-Device]
2387808774,15040,17190,,,,,,,,,,0.197,13072.269,Pinned,Device,NVIDIA A100-SXM4-40GB MIG 4g.20gb (0),1,,13,[CUDA memcpy Host-to-Device]
2388200066,13055,17191,69,4,1,48,1,1,76,0.002,0.000,,,,,NVIDIA A100-SXM4-40GB MIG 4g.20gb (0),1,,13,"void ch_est::windowedChEstPreNoDftSOfdmKernel<float, __half, float, (unsigned int)2, (unsigned int)1, (unsigned short)4>(ch_est::puschRxChEstStatDescr_t *, ch_est::puschRxChEstDynDescr_t *)"
2388631645,11135,17192,137,2,1,24,2,1,44,0.001,0.001,,,,,NVIDIA A100-SXM4-40GB MIG 4g.20gb (0),1,,13,"void ch_est::chEstFilterNoDftSOfdmDispatchKernel<float, __half, float, (unsigned int)2>(ch_est::puschRxChEstStatDescr_t *, ch_est::puschRxChEstDynDescr_t *)"
2389142295,9728,17193,137,2,1,24,2,1,44,0.001,0.001,,,,,NVIDIA A100-SXM4-40GB MIG 4g.20gb (0),1,,13,"void ch_est::chEstFilterNoDftSOfdmDispatchKernel<float, __half, float, (unsigned int)2>(ch_est::puschRxChEstStatDescr_t *, ch_est::puschRxChEstDynDescr_t *)"
2389616209,20160,17204,103,1,1,128,1,1,16,0.000,0.000,,,,,NVIDIA A100-SXM4-40GB MIG 4g.20gb (0),1,,13,cupy_copy__complex64_complex64
2389963341,20704,17214,1434,1,1,128,1,1,16,0.000,0.000,,,,,NVIDIA A100-SXM4-40GB MIG 4g.20gb (0),1,,13,cupy_copy__complex64_complex64
2390276106,5632,17221,103,1,1,128,1,1,16,0.000,0.000,,,,,NVIDIA A100-SXM4-40GB MIG 4g.20gb (0),1,,13,cupy_copy__complex64_complex64
2390576710,257853,17228,1,1,1,32,32,1,30,0.000,0.000,,,,,NVIDIA A100-SXM4-40GB MIG 4g.20gb (0),1,,13,"void convert_kernel<__half2, float2>(tensor_layout_any, T1 *, tensor_layout_any, const T2 *)"
2390865411,5664,17231,,,,,,,,,,0.094,16542.310,Pinned,Device,NVIDIA A100-SXM4-40GB MIG 4g.20gb (0),1,,13,[CUDA memcpy Host-to-Device]
2391056705,50687,17232,,,,,,,,,,35.810,706458.102,Device,,NVIDIA A100-SXM4-40GB MIG 4g.20gb (0),1,,13,[CUDA memset]
2391108608,2816,17234,,,,,,,,,,0.000,28.409,Pinned,Device,NVIDIA A100-SXM4-40GB MIG 4g.20gb (0),1,,13,[CUDA memcpy Host-to-Device]
2391114208,11584,17235,,,,,,,,,,0.197,16972.186,Pinned,Device,NVIDIA A100-SXM4-40GB MIG 4g.20gb (0),1,,13,[CUDA memcpy Host-to-Device]
2391490044,16800,17236,273,1,1,48,1,1,40,0.000,0.001,,,,,NVIDIA A100-SXM4-40GB MIG 4g.20gb (0),1,,13,"void pusch_noise_intf_est::noiseIntfEstNoDftSOfdmKernel<float, __half, float, float, (unsigned int)2, (unsigned int)1, (unsigned char)4, (unsigned char)4>(pusch_noise_intf_est::puschRxNoiseIntfEstDynDescr)"
2391864823,5728,17247,35,1,1,128,1,1,16,0.000,0.000,,,,,NVIDIA A100-SXM4-40GB MIG 4g.20gb (0),1,,13,cupy_copy__complex64_complex64
2392229715,3616,17256,1,1,1,1,1,1,18,0.000,0.000,,,,,NVIDIA A100-SXM4-40GB MIG 4g.20gb (0),1,,13,cupy_copy__float32_float32
2392234739,1696,17262,,,,,,,,,,0.000,2.358,Device,Pageable,NVIDIA A100-SXM4-40GB MIG 4g.20gb (0),1,,7,[CUDA memcpy Device-to-Host]
2392636943,19071,17273,1434,1,1,128,1,1,16,0.000,0.000,,,,,NVIDIA A100-SXM4-40GB MIG 4g.20gb (0),1,,13,cupy_copy__complex64_complex64
2393010858,4928,17280,103,1,1,128,1,1,16,0.000,0.000,,,,,NVIDIA A100-SXM4-40GB MIG 4g.20gb (0),1,,13,cupy_copy__complex64_complex64
2393244488,10911,17287,35,1,1,128,1,1,16,0.000,0.000,,,,,NVIDIA A100-SXM4-40GB MIG 4g.20gb (0),1,,13,cupy_copy__complex64_complex64
2393313831,2656,17294,1,1,1,1,1,1,18,0.000,0.000,,,,,NVIDIA A100-SXM4-40GB MIG 4g.20gb (0),1,,13,cupy_copy__float32_float32
2393317927,256253,17305,1,1,1,32,32,1,30,0.000,0.000,,,,,NVIDIA A100-SXM4-40GB MIG 4g.20gb (0),1,,13,"void convert_kernel<__half2, float2>(tensor_layout_any, T1 *, tensor_layout_any, const T2 *)"
2393605219,5536,17308,,,,,,,,,,0.094,16924.777,Pinned,Device,NVIDIA A100-SXM4-40GB MIG 4g.20gb (0),1,,13,[CUDA memcpy Host-to-Device]
2393620035,4000,17309,,,,,,,,,,1.547,386656.000,Device,,NVIDIA A100-SXM4-40GB MIG 4g.20gb (0),1,,13,[CUDA memset]
2393626819,3008,17314,,,,,,,,,,0.031,10404.230,Pinned,Device,NVIDIA A100-SXM4-40GB MIG 4g.20gb (0),1,,13,[CUDA memcpy Host-to-Device]
2393632323,9632,17315,,,,,,,,,,0.197,20411.843,Pinned,Device,NVIDIA A100-SXM4-40GB MIG 4g.20gb (0),1,,13,[CUDA memcpy Host-to-Device]
2393822817,27488,17316,273,1,1,8,4,1,39,0.002,0.000,,,,,NVIDIA A100-SXM4-40GB MIG 4g.20gb (0),1,,13,"void channel_eq::eqMmseCoefCompLowMimoKernel<float, float, float, (unsigned int)4, (unsigned int)1, (unsigned int)4>(const channel_eq::_puschRxChEqStatDescr *, channel_eq::_puschRxChEqCoefCompDynDescr)"
2393955231,17184,17317,273,1,1,12,11,1,51,0.002,0.000,,,,,NVIDIA A100-SXM4-40GB MIG 4g.20gb (0),1,,13,"void channel_eq::eqMmseSoftDemapKernel<float, __half, __half, float, (unsigned int)4, (unsigned short)16383>(channel_eq::_puschRxChEqStatDescr *, channel_eq::_puschRxChEqSoftDemapDynDescr)"
2393991615,492250,17318,1,1,1,32,32,1,30,0.000,0.000,,,,,NVIDIA A100-SXM4-40GB MIG 4g.20gb (0),1,,13,"void convert_kernel<float2, __half2>(tensor_layout_any, T1 *, tensor_layout_any, const T2 *)"
2394829845,47200,17330,2253,1,1,128,1,1,16,0.000,0.000,,,,,NVIDIA A100-SXM4-40GB MIG 4g.20gb (0),1,,13,cupy_copy__float16_float16
2395164433,5536,17339,282,1,1,128,1,1,16,0.000,0.000,,,,,NVIDIA A100-SXM4-40GB MIG 4g.20gb (0),1,,13,cupy_copy__complex64_complex64
2395424111,6591,17348,26,1,1,128,1,1,16,0.000,0.000,,,,,NVIDIA A100-SXM4-40GB MIG 4g.20gb (0),1,,13,cupy_copy__float32_float32
2395842090,25055,17357,103,1,1,128,1,1,16,0.000,0.000,,,,,NVIDIA A100-SXM4-40GB MIG 4g.20gb (0),1,,13,cupy_copy__complex64_complex64
2396172102,21792,17367,1434,1,1,128,1,1,16,0.000,0.000,,,,,NVIDIA A100-SXM4-40GB MIG 4g.20gb (0),1,,13,cupy_copy__complex64_complex64
2396468258,262205,17372,1,1,1,32,32,1,30,0.000,0.000,,,,,NVIDIA A100-SXM4-40GB MIG 4g.20gb (0),1,,13,"void convert_kernel<__half2, float2>(tensor_layout_any, T1 *, tensor_layout_any, const T2 *)"
2396761663,5504,17375,,,,,,,,,,0.094,17023.251,Pinned,Device,NVIDIA A100-SXM4-40GB MIG 4g.20gb (0),1,,13,[CUDA memcpy Host-to-Device]
2396977789,609593,17376,,,,,,,,,,456.561,748760.762,Device,,NVIDIA A100-SXM4-40GB MIG 4g.20gb (0),1,,13,[CUDA memset]
2397589398,68671,17381,,,,,,,,,,1.235,17983.255,Pinned,Device,NVIDIA A100-SXM4-40GB MIG 4g.20gb (0),1,,13,[CUDA memcpy Host-to-Device]
2397660501,12352,17382,,,,,,,,,,0.197,15916.990,Pinned,Device,NVIDIA A100-SXM4-40GB MIG 4g.20gb (0),1,,13,[CUDA memcpy Host-to-Device]
2398086480,14208,17383,69,4,1,48,1,1,76,0.002,0.000,,,,,NVIDIA A100-SXM4-40GB MIG 4g.20gb (0),1,,13,"void ch_est::windowedChEstPreNoDftSOfdmKernel<float, __half, float, (unsigned int)2, (unsigned int)1, (unsigned short)4>(ch_est::puschRxChEstStatDescr_t *, ch_est::puschRxChEstDynDescr_t *)"
2398533035,9536,17384,137,2,1,24,2,1,44,0.001,0.001,,,,,NVIDIA A100-SXM4-40GB MIG 4g.20gb (0),1,,13,"void ch_est::chEstFilterNoDftSOfdmDispatchKernel<float, __half, float, (unsigned int)2>(ch_est::puschRxChEstStatDescr_t *, ch_est::puschRxChEstDynDescr_t *)"
2399039877,9760,17385,137,2,1,24,2,1,44,0.001,0.001,,,,,NVIDIA A100-SXM4-40GB MIG 4g.20gb (0),1,,13,"void ch_est::chEstFilterNoDftSOfdmDispatchKernel<float, __half, float, (unsigned int)2>(ch_est::puschRxChEstStatDescr_t *, ch_est::puschRxChEstDynDescr_t *)"
2399504096,14463,17396,103,1,1,128,1,1,16,0.000,0.000,,,,,NVIDIA A100-SXM4-40GB MIG 4g.20gb (0),1,,13,cupy_copy__complex64_complex64
2399828796,22944,17406,1434,1,1,128,1,1,16,0.000,0.000,,,,,NVIDIA A100-SXM4-40GB MIG 4g.20gb (0),1,,13,cupy_copy__complex64_complex64
2399974618,10848,17413,103,1,1,128,1,1,16,0.000,0.000,,,,,NVIDIA A100-SXM4-40GB MIG 4g.20gb (0),1,,13,cupy_copy__complex64_complex64
2400225591,245565,17420,1,1,1,32,32,1,30,0.000,0.000,,,,,NVIDIA A100-SXM4-40GB MIG 4g.20gb (0),1,,13,"void convert_kernel<__half2, float2>(tensor_layout_any, T1 *, tensor_layout_any, const T2 *)"
2400501620,5376,17423,,,,,,,,,,0.094,17428.487,Pinned,Device,NVIDIA A100-SXM4-40GB MIG 4g.20gb (0),1,,13,[CUDA memcpy Host-to-Device]
2400580403,64767,17424,,,,,,,,,,35.810,552869.355,Device,,NVIDIA A100-SXM4-40GB MIG 4g.20gb (0),1,,13,[CUDA memset]
2400647762,2272,17426,,,,,,,,,,0.000,35.211,Pinned,Device,NVIDIA A100-SXM4-40GB MIG 4g.20gb (0),1,,13,[CUDA memcpy Host-to-Device]
2400652466,9344,17427,,,,,,,,,,0.197,21040.988,Pinned,Device,NVIDIA A100-SXM4-40GB MIG 4g.20gb (0),1,,13,[CUDA memcpy Host-to-Device]
2400864656,13504,17428,273,1,1,48,1,1,40,0.000,0.001,,,,,NVIDIA A100-SXM4-40GB MIG 4g.20gb (0),1,,13,"void pusch_noise_intf_est::noiseIntfEstNoDftSOfdmKernel<float, __half, float, float, (unsigned int)2, (unsigned int)1, (unsigned char)4, (unsigned char)4>(pusch_noise_intf_est::puschRxNoiseIntfEstDynDescr)"
2400934991,5376,17439,35,1,1,128,1,1,16,0.000,0.000,,,,,NVIDIA A100-SXM4-40GB MIG 4g.20gb (0),1,,13,cupy_copy__complex64_complex64
2400943247,1920,17448,1,1,1,1,1,1,18,0.000,0.000,,,,,NVIDIA A100-SXM4-40GB MIG 4g.20gb (0),1,,13,cupy_copy__float32_float32
2400948495,1984,17454,,,,,,,,,,0.000,2.016,Device,Pageable,NVIDIA A100-SXM4-40GB MIG 4g.20gb (0),1,,7,[CUDA memcpy Device-to-Host]
2401200044,20832,17465,1434,1,1,128,1,1,16,0.000,0.000,,,,,NVIDIA A100-SXM4-40GB MIG 4g.20gb (0),1,,13,cupy_copy__complex64_complex64
2401258539,5280,17472,103,1,1,128,1,1,16,0.000,0.000,,,,,NVIDIA A100-SXM4-40GB MIG 4g.20gb (0),1,,13,cupy_copy__complex64_complex64
2401357258,6720,17479,35,1,1,128,1,1,16,0.000,0.000,,,,,NVIDIA A100-SXM4-40GB MIG 4g.20gb (0),1,,13,cupy_copy__complex64_complex64
2401643911,3328,17486,1,1,1,1,1,1,18,0.000,0.000,,,,,NVIDIA A100-SXM4-40GB MIG 4g.20gb (0),1,,13,cupy_copy__float32_float32
2401727366,249437,17497,1,1,1,32,32,1,30,0.000,0.000,,,,,NVIDIA A100-SXM4-40GB MIG 4g.20gb (0),1,,13,"void convert_kernel<__half2, float2>(tensor_layout_any, T1 *, tensor_layout_any, const T2 *)"
2402007971,6144,17500,,,,,,,,,,0.094,15249.961,Pinned,Device,NVIDIA A100-SXM4-40GB MIG 4g.20gb (0),1,,13,[CUDA memcpy Host-to-Device]
2402117410,5056,17501,,,,,,,,,,1.547,305897.481,Device,,NVIDIA A100-SXM4-40GB MIG 4g.20gb (0),1,,13,[CUDA memset]
2402152481,5312,17506,,,,,,,,,,0.031,5891.566,Pinned,Device,NVIDIA A100-SXM4-40GB MIG 4g.20gb (0),1,,13,[CUDA memcpy Host-to-Device]
2402165089,11904,17507,,,,,,,,,,0.197,16516.055,Pinned,Device,NVIDIA A100-SXM4-40GB MIG 4g.20gb (0),1,,13,[CUDA memcpy Host-to-Device]
2402524477,28480,17508,273,1,1,8,4,1,39,0.002,0.000,,,,,NVIDIA A100-SXM4-40GB MIG 4g.20gb (0),1,,13,"void channel_eq::eqMmseCoefCompLowMimoKernel<float, float, float, (unsigned int)4, (unsigned int)1, (unsigned int)4>(const channel_eq::_puschRxChEqStatDescr *, channel_eq::_puschRxChEqCoefCompDynDescr)"
2402957848,14656,17509,273,1,1,12,11,1,51,0.002,0.000,,,,,NVIDIA A100-SXM4-40GB MIG 4g.20gb (0),1,,13,"void channel_eq::eqMmseSoftDemapKernel<float, __half, __half, float, (unsigned int)4, (unsigned short)16383>(channel_eq::_puschRxChEqStatDescr *, channel_eq::_puschRxChEqSoftDemapDynDescr)"
2403354963,685272,17510,1,1,1,32,32,1,30,0.000,0.000,,,,,NVIDIA A100-SXM4-40GB MIG 4g.20gb (0),1,,13,"void convert_kernel<float2, __half2>(tensor_layout_any, T1 *, tensor_layout_any, const T2 *)"
2404263177,14880,17522,2253,1,1,128,1,1,16,0.000,0.000,,,,,NVIDIA A100-SXM4-40GB MIG 4g.20gb (0),1,,13,cupy_copy__float16_float16
2404788675,6560,17531,282,1,1,128,1,1,16,0.000,0.000,,,,,NVIDIA A100-SXM4-40GB MIG 4g.20gb (0),1,,13,cupy_copy__complex64_complex64
2405271421,17632,17540,26,1,1,128,1,1,16,0.000,0.000,,,,,NVIDIA A100-SXM4-40GB MIG 4g.20gb (0),1,,13,cupy_copy__float32_float32
2405542842,10624,17549,103,1,1,128,1,1,16,0.000,0.000,,,,,NVIDIA A100-SXM4-40GB MIG 4g.20gb (0),1,,13,cupy_copy__complex64_complex64
2405762456,17151,17559,1434,1,1,128,1,1,16,0.000,0.000,,,,,NVIDIA A100-SXM4-40GB MIG 4g.20gb (0),1,,13,cupy_copy__complex64_complex64
2406205203,252189,17564,1,1,1,32,32,1,30,0.000,0.000,,,,,NVIDIA A100-SXM4-40GB MIG 4g.20gb (0),1,,13,"void convert_kernel<__half2, float2>(tensor_layout_any, T1 *, tensor_layout_any, const T2 *)"
2406488943,5856,17567,,,,,,,,,,0.094,15999.997,Pinned,Device,NVIDIA A100-SXM4-40GB MIG 4g.20gb (0),1,,13,[CUDA memcpy Host-to-Device]
2406632910,604665,17568,,,,,,,,,,456.561,754696.060,Device,,NVIDIA A100-SXM4-40GB MIG 4g.20gb (0),1,,13,[CUDA memset]
2407240999,66847,17573,,,,,,,,,,1.235,18473.527,Pinned,Device,NVIDIA A100-SXM4-40GB MIG 4g.20gb (0),1,,13,[CUDA memcpy Host-to-Device]
2407310502,9632,17574,,,,,,,,,,0.197,20411.843,Pinned,Device,NVIDIA A100-SXM4-40GB MIG 4g.20gb (0),1,,13,[CUDA memcpy Host-to-Device]
2407753345,10528,17575,69,4,1,48,1,1,76,0.002,0.000,,,,,NVIDIA A100-SXM4-40GB MIG 4g.20gb (0),1,,13,"void ch_est::windowedChEstPreNoDftSOfdmKernel<float, __half, float, (unsigned int)2, (unsigned int)1, (unsigned short)4>(ch_est::puschRxChEstStatDescr_t *, ch_est::puschRxChEstDynDescr_t *)"
2408226715,42272,17576,137,2,1,24,2,1,44,0.001,0.001,,,,,NVIDIA A100-SXM4-40GB MIG 4g.20gb (0),1,,13,"void ch_est::chEstFilterNoDftSOfdmDispatchKernel<float, __half, float, (unsigned int)2>(ch_est::puschRxChEstStatDescr_t *, ch_est::puschRxChEstDynDescr_t *)"
2408573367,12736,17577,137,2,1,24,2,1,44,0.001,0.001,,,,,NVIDIA A100-SXM4-40GB MIG 4g.20gb (0),1,,13,"void ch_est::chEstFilterNoDftSOfdmDispatchKernel<float, __half, float, (unsigned int)2>(ch_est::puschRxChEstStatDescr_t *, ch_est::puschRxChEstDynDescr_t *)"
2408862228,7168,17588,103,1,1,128,1,1,16,0.000,0.000,,,,,NVIDIA A100-SXM4-40GB MIG 4g.20gb (0),1,,13,cupy_copy__complex64_complex64
2409298159,19680,17598,1434,1,1,128,1,1,16,0.000,0.000,,,,,NVIDIA A100-SXM4-40GB MIG 4g.20gb (0),1,,13,cupy_copy__complex64_complex64
2409601836,5023,17605,103,1,1,128,1,1,16,0.000,0.000,,,,,NVIDIA A100-SXM4-40GB MIG 4g.20gb (0),1,,13,cupy_copy__complex64_complex64
2409736010,243901,17612,1,1,1,32,32,1,30,0.000,0.000,,,,,NVIDIA A100-SXM4-40GB MIG 4g.20gb (0),1,,13,"void convert_kernel<__half2, float2>(tensor_layout_any, T1 *, tensor_layout_any, const T2 *)"
2410010631,6656,17615,,,,,,,,,,0.094,14076.887,Pinned,Device,NVIDIA A100-SXM4-40GB MIG 4g.20gb (0),1,,13,[CUDA memcpy Host-to-Device]
2410123334,47935,17616,,,,,,,,,,35.810,747030.741,Device,,NVIDIA A100-SXM4-40GB MIG 4g.20gb (0),1,,13,[CUDA memset]
2410179813,2144,17618,,,,,,,,,,0.000,37.313,Pinned,Device,NVIDIA A100-SXM4-40GB MIG 4g.20gb (0),1,,13,[CUDA memcpy Host-to-Device]
2410184357,10048,17619,,,,,,,,,,0.197,19566.821,Pinned,Device,NVIDIA A100-SXM4-40GB MIG 4g.20gb (0),1,,13,[CUDA memcpy Host-to-Device]
2410536865,19168,17620,273,1,1,48,1,1,40,0.000,0.001,,,,,NVIDIA A100-SXM4-40GB MIG 4g.20gb (0),1,,13,"void pusch_noise_intf_est::noiseIntfEstNoDftSOfdmKernel<float, __half, float, float, (unsigned int)2, (unsigned int)1, (unsigned char)4, (unsigned char)4>(pusch_noise_intf_est::puschRxNoiseIntfEstDynDescr)"
2410893085,5120,17631,35,1,1,128,1,1,16,0.000,0.000,,,,,NVIDIA A100-SXM4-40GB MIG 4g.20gb (0),1,,13,cupy_copy__complex64_complex64
2411244089,4736,17640,1,1,1,1,1,1,18,0.000,0.000,,,,,NVIDIA A100-SXM4-40GB MIG 4g.20gb (0),1,,13,cupy_copy__float32_float32
2411252185,1600,17646,,,,,,,,,,0.000,2.500,Device,Pageable,NVIDIA A100-SXM4-40GB MIG 4g.20gb (0),1,,7,[CUDA memcpy Device-to-Host]
2411635732,18816,17657,1434,1,1,128,1,1,16,0.000,0.000,,,,,NVIDIA A100-SXM4-40GB MIG 4g.20gb (0),1,,13,cupy_copy__complex64_complex64
2411861746,6143,17664,103,1,1,128,1,1,16,0.000,0.000,,,,,NVIDIA A100-SXM4-40GB MIG 4g.20gb (0),1,,13,cupy_copy__complex64_complex64
2411933905,4480,17671,35,1,1,128,1,1,16,0.000,0.000,,,,,NVIDIA A100-SXM4-40GB MIG 4g.20gb (0),1,,13,cupy_copy__complex64_complex64
2411940145,2304,17678,1,1,1,1,1,1,18,0.000,0.000,,,,,NVIDIA A100-SXM4-40GB MIG 4g.20gb (0),1,,13,cupy_copy__float32_float32
2411944337,207165,17689,1,1,1,32,32,1,30,0.000,0.000,,,,,NVIDIA A100-SXM4-40GB MIG 4g.20gb (0),1,,13,"void convert_kernel<__half2, float2>(tensor_layout_any, T1 *, tensor_layout_any, const T2 *)"
2412182254,5536,17692,,,,,,,,,,0.094,16924.777,Pinned,Device,NVIDIA A100-SXM4-40GB MIG 4g.20gb (0),1,,13,[CUDA memcpy Host-to-Device]
2412213966,5759,17693,,,,,,,,,,1.547,268557.338,Device,,NVIDIA A100-SXM4-40GB MIG 4g.20gb (0),1,,13,[CUDA memset]
2412224237,4224,17698,,,,,,,,,,0.031,7409.078,Pinned,Device,NVIDIA A100-SXM4-40GB MIG 4g.20gb (0),1,,13,[CUDA memcpy Host-to-Device]
2412232237,9920,17699,,,,,,,,,,0.197,19819.266,Pinned,Device,NVIDIA A100-SXM4-40GB MIG 4g.20gb (0),1,,13,[CUDA memcpy Host-to-Device]
2412487274,17280,17700,273,1,1,8,4,1,39,0.002,0.000,,,,,NVIDIA A100-SXM4-40GB MIG 4g.20gb (0),1,,13,"void channel_eq::eqMmseCoefCompLowMimoKernel<float, float, float, (unsigned int)4, (unsigned int)1, (unsigned int)4>(const channel_eq::_puschRxChEqStatDescr *, channel_eq::_puschRxChEqCoefCompDynDescr)"
2412519626,15424,17701,273,1,1,12,11,1,51,0.002,0.000,,,,,NVIDIA A100-SXM4-40GB MIG 4g.20gb (0),1,,13,"void channel_eq::eqMmseSoftDemapKernel<float, __half, __half, float, (unsigned int)4, (unsigned short)16383>(channel_eq::_puschRxChEqStatDescr *, channel_eq::_puschRxChEqSoftDemapDynDescr)"
2412779335,719928,17702,1,1,1,32,32,1,30,0.000,0.000,,,,,NVIDIA A100-SXM4-40GB MIG 4g.20gb (0),1,,13,"void convert_kernel<float2, __half2>(tensor_layout_any, T1 *, tensor_layout_any, const T2 *)"
2413715868,15232,17714,2253,1,1,128,1,1,16,0.000,0.000,,,,,NVIDIA A100-SXM4-40GB MIG 4g.20gb (0),1,,13,cupy_copy__float16_float16
2414180695,5536,17723,282,1,1,128,1,1,16,0.000,0.000,,,,,NVIDIA A100-SXM4-40GB MIG 4g.20gb (0),1,,13,cupy_copy__complex64_complex64
2414562675,3519,17732,26,1,1,128,1,1,16,0.000,0.000,,,,,NVIDIA A100-SXM4-40GB MIG 4g.20gb (0),1,,13,cupy_copy__float32_float32
2414900527,8032,17741,103,1,1,128,1,1,16,0.000,0.000,,,,,NVIDIA A100-SXM4-40GB MIG 4g.20gb (0),1,,13,cupy_copy__complex64_complex64
2415144492,18272,17751,1434,1,1,128,1,1,16,0.000,0.000,,,,,NVIDIA A100-SXM4-40GB MIG 4g.20gb (0),1,,13,cupy_copy__complex64_complex64
2415537415,255933,17756,1,1,1,32,32,1,30,0.000,0.000,,,,,NVIDIA A100-SXM4-40GB MIG 4g.20gb (0),1,,13,"void convert_kernel<__half2, float2>(tensor_layout_any, T1 *, tensor_layout_any, const T2 *)"
2415824228,7872,17759,,,,,,,,,,0.094,11902.390,Pinned,Device,NVIDIA A100-SXM4-40GB MIG 4g.20gb (0),1,,13,[CUDA memcpy Host-to-Device]
2416090561,602201,17760,,,,,,,,,,456.561,757891.990,Device,,NVIDIA A100-SXM4-40GB MIG 4g.20gb (0),1,,13,[CUDA memset]
2416697338,60671,17765,,,,,,,,,,1.235,20354.347,Pinned,Device,NVIDIA A100-SXM4-40GB MIG 4g.20gb (0),1,,13,[CUDA memcpy Host-to-Device]
2416760569,9408,17766,,,,,,,,,,0.197,20897.858,Pinned,Device,NVIDIA A100-SXM4-40GB MIG 4g.20gb (0),1,,13,[CUDA memcpy Host-to-Device]
2417146645,12576,17767,69,4,1,48,1,1,76,0.002,0.000,,,,,NVIDIA A100-SXM4-40GB MIG 4g.20gb (0),1,,13,"void ch_est::windowedChEstPreNoDftSOfdmKernel<float, __half, float, (unsigned int)2, (unsigned int)1, (unsigned short)4>(ch_est::puschRxChEstStatDescr_t *, ch_est::puschRxChEstDynDescr_t *)"
2417615471,11200,17768,137,2,1,24,2,1,44,0.001,0.001,,,,,NVIDIA A100-SXM4-40GB MIG 4g.20gb (0),1,,13,"void ch_est::chEstFilterNoDftSOfdmDispatchKernel<float, __half, float, (unsigned int)2>(ch_est::puschRxChEstStatDescr_t *, ch_est::puschRxChEstDynDescr_t *)"
2418074186,10752,17769,137,2,1,24,2,1,44,0.001,0.001,,,,,NVIDIA A100-SXM4-40GB MIG 4g.20gb (0),1,,13,"void ch_est::chEstFilterNoDftSOfdmDispatchKernel<float, __half, float, (unsigned int)2>(ch_est::puschRxChEstStatDescr_t *, ch_est::puschRxChEstDynDescr_t *)"
2418360967,5344,17780,103,1,1,128,1,1,16,0.000,0.000,,,,,NVIDIA A100-SXM4-40GB MIG 4g.20gb (0),1,,13,cupy_copy__complex64_complex64
2418453734,17440,17790,1434,1,1,128,1,1,16,0.000,0.000,,,,,NVIDIA A100-SXM4-40GB MIG 4g.20gb (0),1,,13,cupy_copy__complex64_complex64
2418695491,6272,17797,103,1,1,128,1,1,16,0.000,0.000,,,,,NVIDIA A100-SXM4-40GB MIG 4g.20gb (0),1,,13,cupy_copy__complex64_complex64
2418765506,253373,17804,1,1,1,32,32,1,30,0.000,0.000,,,,,NVIDIA A100-SXM4-40GB MIG 4g.20gb (0),1,,13,"void convert_kernel<__half2, float2>(tensor_layout_any, T1 *, tensor_layout_any, const T2 *)"
2419049407,6144,17807,,,,,,,,,,0.094,15249.961,Pinned,Device,NVIDIA A100-SXM4-40GB MIG 4g.20gb (0),1,,13,[CUDA memcpy Host-to-Device]
2419061631,58175,17808,,,,,,,,,,35.810,615536.715,Device,,NVIDIA A100-SXM4-40GB MIG 4g.20gb (0),1,,13,[CUDA memset]
2419125630,1824,17810,,,,,,,,,,0.000,43.860,Pinned,Device,NVIDIA A100-SXM4-40GB MIG 4g.20gb (0),1,,13,[CUDA memcpy Host-to-Device]
2419129886,9472,17811,,,,,,,,,,0.197,20756.693,Pinned,Device,NVIDIA A100-SXM4-40GB MIG 4g.20gb (0),1,,13,[CUDA memcpy Host-to-Device]
2419421723,37375,17812,273,1,1,48,1,1,40,0.000,0.001,,,,,NVIDIA A100-SXM4-40GB MIG 4g.20gb (0),1,,13,"void pusch_noise_intf_est::noiseIntfEstNoDftSOfdmKernel<float, __half, float, float, (unsigned int)2, (unsigned int)1, (unsigned char)4, (unsigned char)4>(pusch_noise_intf_est::puschRxNoiseIntfEstDynDescr)"
2419498714,6752,17823,35,1,1,128,1,1,16,0.000,0.000,,,,,NVIDIA A100-SXM4-40GB MIG 4g.20gb (0),1,,13,cupy_copy__complex64_complex64
2419762263,7168,17832,1,1,1,1,1,1,18,0.000,0.000,,,,,NVIDIA A100-SXM4-40GB MIG 4g.20gb (0),1,,13,cupy_copy__float32_float32
2419771447,2624,17838,,,,,,,,,,0.000,1.524,Device,Pageable,NVIDIA A100-SXM4-40GB MIG 4g.20gb (0),1,,7,[CUDA memcpy Device-to-Host]
2419891637,22592,17849,1434,1,1,128,1,1,16,0.000,0.000,,,,,NVIDIA A100-SXM4-40GB MIG 4g.20gb (0),1,,13,cupy_copy__complex64_complex64
2420143346,4992,17856,103,1,1,128,1,1,16,0.000,0.000,,,,,NVIDIA A100-SXM4-40GB MIG 4g.20gb (0),1,,13,cupy_copy__complex64_complex64
2420271633,10464,17863,35,1,1,128,1,1,16,0.000,0.000,,,,,NVIDIA A100-SXM4-40GB MIG 4g.20gb (0),1,,13,cupy_copy__complex64_complex64
2420505326,3744,17870,1,1,1,1,1,1,18,0.000,0.000,,,,,NVIDIA A100-SXM4-40GB MIG 4g.20gb (0),1,,13,cupy_copy__float32_float32
2420657132,208094,17881,1,1,1,32,32,1,30,0.000,0.000,,,,,NVIDIA A100-SXM4-40GB MIG 4g.20gb (0),1,,13,"void convert_kernel<__half2, float2>(tensor_layout_any, T1 *, tensor_layout_any, const T2 *)"
2420897130,11936,17884,,,,,,,,,,0.094,7849.851,Pinned,Device,NVIDIA A100-SXM4-40GB MIG 4g.20gb (0),1,,13,[CUDA memcpy Host-to-Device]
2421012968,7360,17885,,,,,,,,,,1.547,210138.256,Device,,NVIDIA A100-SXM4-40GB MIG 4g.20gb (0),1,,13,[CUDA memset]
2421024680,3040,17890,,,,,,,,,,0.031,10294.725,Pinned,Device,NVIDIA A100-SXM4-40GB MIG 4g.20gb (0),1,,13,[CUDA memcpy Host-to-Device]
2421031080,9664,17891,,,,,,,,,,0.197,20344.209,Pinned,Device,NVIDIA A100-SXM4-40GB MIG 4g.20gb (0),1,,13,[CUDA memcpy Host-to-Device]
2421391108,33184,17892,273,1,1,8,4,1,39,0.002,0.000,,,,,NVIDIA A100-SXM4-40GB MIG 4g.20gb (0),1,,13,"void channel_eq::eqMmseCoefCompLowMimoKernel<float, float, float, (unsigned int)4, (unsigned int)1, (unsigned int)4>(const channel_eq::_puschRxChEqStatDescr *, channel_eq::_puschRxChEqCoefCompDynDescr)"
2421806367,20896,17893,273,1,1,12,11,1,51,0.002,0.000,,,,,NVIDIA A100-SXM4-40GB MIG 4g.20gb (0),1,,13,"void channel_eq::eqMmseSoftDemapKernel<float, __half, __half, float, (unsigned int)4, (unsigned short)16383>(channel_eq::_puschRxChEqStatDescr *, channel_eq::_puschRxChEqSoftDemapDynDescr)"
2422169275,716472,17894,1,1,1,32,32,1,30,0.000,0.000,,,,,NVIDIA A100-SXM4-40GB MIG 4g.20gb (0),1,,13,"void convert_kernel<float2, __half2>(tensor_layout_any, T1 *, tensor_layout_any, const T2 *)"
2422969426,13088,17906,2253,1,1,128,1,1,16,0.000,0.000,,,,,NVIDIA A100-SXM4-40GB MIG 4g.20gb (0),1,,13,cupy_copy__float16_float16
2423091120,22720,17915,282,1,1,128,1,1,16,0.000,0.000,,,,,NVIDIA A100-SXM4-40GB MIG 4g.20gb (0),1,,13,cupy_copy__complex64_complex64
2423134512,4000,17924,26,1,1,128,1,1,16,0.000,0.000,,,,,NVIDIA A100-SXM4-40GB MIG 4g.20gb (0),1,,13,cupy_copy__float32_float32
2423139504,3456,17933,103,1,1,128,1,1,16,0.000,0.000,,,,,NVIDIA A100-SXM4-40GB MIG 4g.20gb (0),1,,13,cupy_copy__complex64_complex64
2423248655,47839,17943,1434,1,1,128,1,1,16,0.000,0.000,,,,,NVIDIA A100-SXM4-40GB MIG 4g.20gb (0),1,,13,cupy_copy__complex64_complex64
2423349390,307676,17948,1,1,1,32,32,1,30,0.000,0.000,,,,,NVIDIA A100-SXM4-40GB MIG 4g.20gb (0),1,,13,"void convert_kernel<__half2, float2>(tensor_layout_any, T1 *, tensor_layout_any, const T2 *)"
2423687626,5760,17951,,,,,,,,,,0.094,16266.656,Pinned,Device,NVIDIA A100-SXM4-40GB MIG 4g.20gb (0),1,,13,[CUDA memcpy Host-to-Device]
2423853064,608345,17952,,,,,,,,,,456.561,750130.446,Device,,NVIDIA A100-SXM4-40GB MIG 4g.20gb (0),1,,13,[CUDA memset]
2424468641,51103,17957,,,,,,,,,,1.235,24165.384,Pinned,Device,NVIDIA A100-SXM4-40GB MIG 4g.20gb (0),1,,13,[CUDA memcpy Host-to-Device]
2424522208,9856,17958,,,,,,,,,,0.197,19948.044,Pinned,Device,NVIDIA A100-SXM4-40GB MIG 4g.20gb (0),1,,13,[CUDA memcpy Host-to-Device]
2424696606,14016,17959,69,4,1,48,1,1,76,0.002,0.000,,,,,NVIDIA A100-SXM4-40GB MIG 4g.20gb (0),1,,13,"void ch_est::windowedChEstPreNoDftSOfdmKernel<float, __half, float, (unsigned int)2, (unsigned int)1, (unsigned short)4>(ch_est::puschRxChEstStatDescr_t *, ch_est::puschRxChEstDynDescr_t *)"
2424870012,25984,17960,137,2,1,24,2,1,44,0.001,0.001,,,,,NVIDIA A100-SXM4-40GB MIG 4g.20gb (0),1,,13,"void ch_est::chEstFilterNoDftSOfdmDispatchKernel<float, __half, float, (unsigned int)2>(ch_est::puschRxChEstStatDescr_t *, ch_est::puschRxChEstDynDescr_t *)"
2424923227,24576,17961,137,2,1,24,2,1,44,0.001,0.001,,,,,NVIDIA A100-SXM4-40GB MIG 4g.20gb (0),1,,13,"void ch_est::chEstFilterNoDftSOfdmDispatchKernel<float, __half, float, (unsigned int)2>(ch_est::puschRxChEstStatDescr_t *, ch_est::puschRxChEstDynDescr_t *)"
2425017690,6208,17972,103,1,1,128,1,1,16,0.000,0.000,,,,,NVIDIA A100-SXM4-40GB MIG 4g.20gb (0),1,,13,cupy_copy__complex64_complex64
2425055290,19104,17982,1434,1,1,128,1,1,16,0.000,0.000,,,,,NVIDIA A100-SXM4-40GB MIG 4g.20gb (0),1,,13,cupy_copy__complex64_complex64
2425113209,5632,17989,103,1,1,128,1,1,16,0.000,0.000,,,,,NVIDIA A100-SXM4-40GB MIG 4g.20gb (0),1,,13,cupy_copy__complex64_complex64
2425156345,437499,17996,1,1,1,32,32,1,30,0.000,0.000,,,,,NVIDIA A100-SXM4-40GB MIG 4g.20gb (0),1,,13,"void convert_kernel<__half2, float2>(tensor_layout_any, T1 *, tensor_layout_any, const T2 *)"
2425623283,5824,17999,,,,,,,,,,0.094,16087.884,Pinned,Device,NVIDIA A100-SXM4-40GB MIG 4g.20gb (0),1,,13,[CUDA memcpy Host-to-Device]
2425702610,48960,18000,,,,,,,,,,35.810,731381.806,Device,,NVIDIA A100-SXM4-40GB MIG 4g.20gb (0),1,,13,[CUDA memset]
2425755218,3232,18002,,,,,,,,,,0.000,24.752,Pinned,Device,NVIDIA A100-SXM4-40GB MIG 4g.20gb (0),1,,13,[CUDA memcpy Host-to-Device]
2425763602,11648,18003,,,,,,,,,,0.197,16878.993,Pinned,Device,NVIDIA A100-SXM4-40GB MIG 4g.20gb (0),1,,13,[CUDA memcpy Host-to-Device]
2425837905,33184,18004,273,1,1,48,1,1,40,0.000,0.001,,,,,NVIDIA A100-SXM4-40GB MIG 4g.20gb (0),1,,13,"void pusch_noise_intf_est::noiseIntfEstNoDftSOfdmKernel<float, __half, float, float, (unsigned int)2, (unsigned int)1, (unsigned char)4, (unsigned char)4>(pusch_noise_intf_est::puschRxNoiseIntfEstDynDescr)"
2425927248,5376,18015,35,1,1,128,1,1,16,0.000,0.000,,,,,NVIDIA A100-SXM4-40GB MIG 4g.20gb (0),1,,13,cupy_copy__complex64_complex64
2426014127,4000,18024,1,1,1,1,1,1,18,0.000,0.000,,,,,NVIDIA A100-SXM4-40GB MIG 4g.20gb (0),1,,13,cupy_copy__float32_float32
2426025199,2784,18030,,,,,,,,,,0.000,1.437,Device,Pageable,NVIDIA A100-SXM4-40GB MIG 4g.20gb (0),1,,7,[CUDA memcpy Device-to-Host]
2426178029,17888,18041,1434,1,1,128,1,1,16,0.000,0.000,,,,,NVIDIA A100-SXM4-40GB MIG 4g.20gb (0),1,,13,cupy_copy__complex64_complex64
2426235596,8160,18048,103,1,1,128,1,1,16,0.000,0.000,,,,,NVIDIA A100-SXM4-40GB MIG 4g.20gb (0),1,,13,cupy_copy__complex64_complex64
2426322571,3488,18055,35,1,1,128,1,1,16,0.000,0.000,,,,,NVIDIA A100-SXM4-40GB MIG 4g.20gb (0),1,,13,cupy_copy__complex64_complex64
2426438602,3904,18062,1,1,1,1,1,1,18,0.000,0.000,,,,,NVIDIA A100-SXM4-40GB MIG 4g.20gb (0),1,,13,cupy_copy__float32_float32
2426497481,275997,18073,1,1,1,32,32,1,30,0.000,0.000,,,,,NVIDIA A100-SXM4-40GB MIG 4g.20gb (0),1,,13,"void convert_kernel<__half2, float2>(tensor_layout_any, T1 *, tensor_layout_any, const T2 *)"
2426803590,5376,18076,,,,,,,,,,0.094,17428.487,Pinned,Device,NVIDIA A100-SXM4-40GB MIG 4g.20gb (0),1,,13,[CUDA memcpy Host-to-Device]
2426839717,7680,18077,,,,,,,,,,1.547,201382.818,Device,,NVIDIA A100-SXM4-40GB MIG 4g.20gb (0),1,,13,[CUDA memset]
2426851909,3584,18082,,,,,,,,,,0.031,8732.116,Pinned,Device,NVIDIA A100-SXM4-40GB MIG 4g.20gb (0),1,,13,[CUDA memcpy Host-to-Device]
2426857957,9472,18083,,,,,,,,,,0.197,20756.693,Pinned,Device,NVIDIA A100-SXM4-40GB MIG 4g.20gb (0),1,,13,[CUDA memcpy Host-to-Device]
2426884965,21760,18084,273,1,1,8,4,1,39,0.002,0.000,,,,,NVIDIA A100-SXM4-40GB MIG 4g.20gb (0),1,,13,"void channel_eq::eqMmseCoefCompLowMimoKernel<float, float, float, (unsigned int)4, (unsigned int)1, (unsigned int)4>(const channel_eq::_puschRxChEqStatDescr *, channel_eq::_puschRxChEqCoefCompDynDescr)"
2426933444,20480,18085,273,1,1,12,11,1,51,0.002,0.000,,,,,NVIDIA A100-SXM4-40GB MIG 4g.20gb (0),1,,13,"void channel_eq::eqMmseSoftDemapKernel<float, __half, __half, float, (unsigned int)4, (unsigned short)16383>(channel_eq::_puschRxChEqStatDescr *, channel_eq::_puschRxChEqSoftDemapDynDescr)"
2426987844,531034,18086,1,1,1,32,32,1,30,0.000,0.000,,,,,NVIDIA A100-SXM4-40GB MIG 4g.20gb (0),1,,13,"void convert_kernel<float2, __half2>(tensor_layout_any, T1 *, tensor_layout_any, const T2 *)"
2427624476,15360,18098,2253,1,1,128,1,1,16,0.000,0.000,,,,,NVIDIA A100-SXM4-40GB MIG 4g.20gb (0),1,,13,cupy_copy__float16_float16
2427812890,5248,18107,282,1,1,128,1,1,16,0.000,0.000,,,,,NVIDIA A100-SXM4-40GB MIG 4g.20gb (0),1,,13,cupy_copy__complex64_complex64
2427958489,5535,18116,26,1,1,128,1,1,16,0.000,0.000,,,,,NVIDIA A100-SXM4-40GB MIG 4g.20gb (0),1,,13,cupy_copy__float32_float32
2428076567,5024,18125,103,1,1,128,1,1,16,0.000,0.000,,,,,NVIDIA A100-SXM4-40GB MIG 4g.20gb (0),1,,13,cupy_copy__complex64_complex64
2428289301,16224,18135,1434,1,1,128,1,1,16,0.000,0.000,,,,,NVIDIA A100-SXM4-40GB MIG 4g.20gb (0),1,,13,cupy_copy__complex64_complex64
2428433651,290685,18140,1,1,1,32,32,1,30,0.000,0.000,,,,,NVIDIA A100-SXM4-40GB MIG 4g.20gb (0),1,,13,"void convert_kernel<__half2, float2>(tensor_layout_any, T1 *, tensor_layout_any, const T2 *)"
2428759119,7904,18143,,,,,,,,,,0.094,11854.231,Pinned,Device,NVIDIA A100-SXM4-40GB MIG 4g.20gb (0),1,,13,[CUDA memcpy Host-to-Device]
2428953517,609817,18144,,,,,,,,,,456.561,748304.200,Device,,NVIDIA A100-SXM4-40GB MIG 4g.20gb (0),1,,13,[CUDA memset]
2429568262,70655,18149,,,,,,,,,,1.235,17478.162,Pinned,Device,NVIDIA A100-SXM4-40GB MIG 4g.20gb (0),1,,13,[CUDA memcpy Host-to-Device]
2429645797,16768,18150,,,,,,,,,,0.197,11725.111,Pinned,Device,NVIDIA A100-SXM4-40GB MIG 4g.20gb (0),1,,13,[CUDA memcpy Host-to-Device]
2429862211,13727,18151,69,4,1,48,1,1,76,0.002,0.000,,,,,NVIDIA A100-SXM4-40GB MIG 4g.20gb (0),1,,13,"void ch_est::windowedChEstPreNoDftSOfdmKernel<float, __half, float, (unsigned int)2, (unsigned int)1, (unsigned short)4>(ch_est::puschRxChEstStatDescr_t *, ch_est::puschRxChEstDynDescr_t *)"
2430076416,10688,18152,137,2,1,24,2,1,44,0.001,0.001,,,,,NVIDIA A100-SXM4-40GB MIG 4g.20gb (0),1,,13,"void ch_est::chEstFilterNoDftSOfdmDispatchKernel<float, __half, float, (unsigned int)2>(ch_est::puschRxChEstStatDescr_t *, ch_est::puschRxChEstDynDescr_t *)"
2430290750,8832,18153,137,2,1,24,2,1,44,0.001,0.001,,,,,NVIDIA A100-SXM4-40GB MIG 4g.20gb (0),1,,13,"void ch_est::chEstFilterNoDftSOfdmDispatchKernel<float, __half, float, (unsigned int)2>(ch_est::puschRxChEstStatDescr_t *, ch_est::puschRxChEstDynDescr_t *)"
2430334013,8416,18164,103,1,1,128,1,1,16,0.000,0.000,,,,,NVIDIA A100-SXM4-40GB MIG 4g.20gb (0),1,,13,cupy_copy__complex64_complex64
2430348989,15232,18174,1434,1,1,128,1,1,16,0.000,0.000,,,,,NVIDIA A100-SXM4-40GB MIG 4g.20gb (0),1,,13,cupy_copy__complex64_complex64
2430386493,9248,18181,103,1,1,128,1,1,16,0.000,0.000,,,,,NVIDIA A100-SXM4-40GB MIG 4g.20gb (0),1,,13,cupy_copy__complex64_complex64
2430404092,151551,18188,1,1,1,32,32,1,30,0.000,0.000,,,,,NVIDIA A100-SXM4-40GB MIG 4g.20gb (0),1,,13,"void convert_kernel<__half2, float2>(tensor_layout_any, T1 *, tensor_layout_any, const T2 *)"
2430586810,5440,18191,,,,,,,,,,0.094,17223.480,Pinned,Device,NVIDIA A100-SXM4-40GB MIG 4g.20gb (0),1,,13,[CUDA memcpy Host-to-Device]
2430625338,56831,18192,,,,,,,,,,35.810,630111.352,Device,,NVIDIA A100-SXM4-40GB MIG 4g.20gb (0),1,,13,[CUDA memset]
2430686745,1824,18194,,,,,,,,,,0.000,43.860,Pinned,Device,NVIDIA A100-SXM4-40GB MIG 4g.20gb (0),1,,13,[CUDA memcpy Host-to-Device]
2430695577,12224,18195,,,,,,,,,,0.197,16083.714,Pinned,Device,NVIDIA A100-SXM4-40GB MIG 4g.20gb (0),1,,13,[CUDA memcpy Host-to-Device]
2430734873,25055,18196,273,1,1,48,1,1,40,0.000,0.001,,,,,NVIDIA A100-SXM4-40GB MIG 4g.20gb (0),1,,13,"void pusch_noise_intf_est::noiseIntfEstNoDftSOfdmKernel<float, __half, float, float, (unsigned int)2, (unsigned int)1, (unsigned char)4, (unsigned char)4>(pusch_noise_intf_est::puschRxNoiseIntfEstDynDescr)"
2430782840,5792,18207,35,1,1,128,1,1,16,0.000,0.000,,,,,NVIDIA A100-SXM4-40GB MIG 4g.20gb (0),1,,13,cupy_copy__complex64_complex64
2430814264,4288,18216,1,1,1,1,1,1,18,0.000,0.000,,,,,NVIDIA A100-SXM4-40GB MIG 4g.20gb (0),1,,13,cupy_copy__float32_float32
2430820184,1728,18222,,,,,,,,,,0.000,2.315,Device,Pageable,NVIDIA A100-SXM4-40GB MIG 4g.20gb (0),1,,7,[CUDA memcpy Device-to-Host]
2430903319,17599,18233,1434,1,1,128,1,1,16,0.000,0.000,,,,,NVIDIA A100-SXM4-40GB MIG 4g.20gb (0),1,,13,cupy_copy__complex64_complex64
2430926870,4992,18240,103,1,1,128,1,1,16,0.000,0.000,,,,,NVIDIA A100-SXM4-40GB MIG 4g.20gb (0),1,,13,cupy_copy__complex64_complex64
2430956758,10464,18247,35,1,1,128,1,1,16,0.000,0.000,,,,,NVIDIA A100-SXM4-40GB MIG 4g.20gb (0),1,,13,cupy_copy__complex64_complex64
2430972438,2528,18254,1,1,1,1,1,1,18,0.000,0.000,,,,,NVIDIA A100-SXM4-40GB MIG 4g.20gb (0),1,,13,cupy_copy__float32_float32
2431144916,410523,18265,1,1,1,32,32,1,30,0.000,0.000,,,,,NVIDIA A100-SXM4-40GB MIG 4g.20gb (0),1,,13,"void convert_kernel<__half2, float2>(tensor_layout_any, T1 *, tensor_layout_any, const T2 *)"
2431584975,5824,18268,,,,,,,,,,0.094,16087.884,Pinned,Device,NVIDIA A100-SXM4-40GB MIG 4g.20gb (0),1,,13,[CUDA memcpy Host-to-Device]
2431767341,8640,18269,,,,,,,,,,1.547,179006.262,Device,,NVIDIA A100-SXM4-40GB MIG 4g.20gb (0),1,,13,[CUDA memset]
2431780205,10911,18274,,,,,,,,,,0.031,2868.278,Pinned,Device,NVIDIA A100-SXM4-40GB MIG 4g.20gb (0),1,,13,[CUDA memcpy Host-to-Device]
2431793996,11616,18275,,,,,,,,,,0.197,16925.590,Pinned,Device,NVIDIA A100-SXM4-40GB MIG 4g.20gb (0),1,,13,[CUDA memcpy Host-to-Device]
2431983530,9632,18276,273,1,1,8,4,1,39,0.002,0.000,,,,,NVIDIA A100-SXM4-40GB MIG 4g.20gb (0),1,,13,"void channel_eq::eqMmseCoefCompLowMimoKernel<float, float, float, (unsigned int)4, (unsigned int)1, (unsigned int)4>(const channel_eq::_puschRxChEqStatDescr *, channel_eq::_puschRxChEqCoefCompDynDescr)"
2432173672,13024,18277,273,1,1,12,11,1,51,0.002,0.000,,,,,NVIDIA A100-SXM4-40GB MIG 4g.20gb (0),1,,13,"void channel_eq::eqMmseSoftDemapKernel<float, __half, __half, float, (unsigned int)4, (unsigned short)16383>(channel_eq::_puschRxChEqStatDescr *, channel_eq::_puschRxChEqSoftDemapDynDescr)"
2432359302,800087,18278,1,1,1,32,32,1,30,0.000,0.000,,,,,NVIDIA A100-SXM4-40GB MIG 4g.20gb (0),1,,13,"void convert_kernel<float2, __half2>(tensor_layout_any, T1 *, tensor_layout_any, const T2 *)"
2433163005,13760,18290,2253,1,1,128,1,1,16,0.000,0.000,,,,,NVIDIA A100-SXM4-40GB MIG 4g.20gb (0),1,,13,cupy_copy__float16_float16
2433226652,4672,18299,282,1,1,128,1,1,16,0.000,0.000,,,,,NVIDIA A100-SXM4-40GB MIG 4g.20gb (0),1,,13,cupy_copy__complex64_complex64
2433255228,7904,18308,26,1,1,128,1,1,16,0.000,0.000,,,,,NVIDIA A100-SXM4-40GB MIG 4g.20gb (0),1,,13,cupy_copy__float32_float32
2433269339,9696,18317,103,1,1,128,1,1,16,0.000,0.000,,,,,NVIDIA A100-SXM4-40GB MIG 4g.20gb (0),1,,13,cupy_copy__complex64_complex64
2433300795,17984,18327,1434,1,1,128,1,1,16,0.000,0.000,,,,,NVIDIA A100-SXM4-40GB MIG 4g.20gb (0),1,,13,cupy_copy__complex64_complex64
2433326555,146622,18332,1,1,1,32,32,1,30,0.000,0.000,,,,,NVIDIA A100-SXM4-40GB MIG 4g.20gb (0),1,,13,"void convert_kernel<__half2, float2>(tensor_layout_any, T1 *, tensor_layout_any, const T2 *)"
2433503129,5760,18335,,,,,,,,,,0.094,16266.656,Pinned,Device,NVIDIA A100-SXM4-40GB MIG 4g.20gb (0),1,,13,[CUDA memcpy Host-to-Device]
2433534936,614713,18336,,,,,,,,,,456.561,742368.901,Device,,NVIDIA A100-SXM4-40GB MIG 4g.20gb (0),1,,13,[CUDA memset]
2434157585,60640,18341,,,,,,,,,,1.235,20364.227,Pinned,Device,NVIDIA A100-SXM4-40GB MIG 4g.20gb (0),1,,13,[CUDA memcpy Host-to-Device]
2434228848,14272,18342,,,,,,,,,,0.197,13775.733,Pinned,Device,NVIDIA A100-SXM4-40GB MIG 4g.20gb (0),1,,13,[CUDA memcpy Host-to-Device]
2434355247,18304,18343,69,4,1,48,1,1,76,0.002,0.000,,,,,NVIDIA A100-SXM4-40GB MIG 4g.20gb (0),1,,13,"void ch_est::windowedChEstPreNoDftSOfdmKernel<float, __half, float, (unsigned int)2, (unsigned int)1, (unsigned short)4>(ch_est::puschRxChEstStatDescr_t *, ch_est::puschRxChEstDynDescr_t *)"
2434506413,18912,18344,137,2,1,24,2,1,44,0.001,0.001,,,,,NVIDIA A100-SXM4-40GB MIG 4g.20gb (0),1,,13,"void ch_est::chEstFilterNoDftSOfdmDispatchKernel<float, __half, float, (unsigned int)2>(ch_est::puschRxChEstStatDescr_t *, ch_est::puschRxChEstDynDescr_t *)"
2434699339,16960,18345,137,2,1,24,2,1,44,0.001,0.001,,,,,NVIDIA A100-SXM4-40GB MIG 4g.20gb (0),1,,13,"void ch_est::chEstFilterNoDftSOfdmDispatchKernel<float, __half, float, (unsigned int)2>(ch_est::puschRxChEstStatDescr_t *, ch_est::puschRxChEstDynDescr_t *)"
2434815338,9120,18356,103,1,1,128,1,1,16,0.000,0.000,,,,,NVIDIA A100-SXM4-40GB MIG 4g.20gb (0),1,,13,cupy_copy__complex64_complex64
2435002280,19999,18366,1434,1,1,128,1,1,16,0.000,0.000,,,,,NVIDIA A100-SXM4-40GB MIG 4g.20gb (0),1,,13,cupy_copy__complex64_complex64
2435209093,4320,18373,103,1,1,128,1,1,16,0.000,0.000,,,,,NVIDIA A100-SXM4-40GB MIG 4g.20gb (0),1,,13,cupy_copy__complex64_complex64
2435383235,358620,18380,1,1,1,32,32,1,30,0.000,0.000,,,,,NVIDIA A100-SXM4-40GB MIG 4g.20gb (0),1,,13,"void convert_kernel<__half2, float2>(tensor_layout_any, T1 *, tensor_layout_any, const T2 *)"
2435771295,9216,18383,,,,,,,,,,0.094,10166.578,Pinned,Device,NVIDIA A100-SXM4-40GB MIG 4g.20gb (0),1,,13,[CUDA memcpy Host-to-Device]
2435951613,46303,18384,,,,,,,,,,35.810,773351.032,Device,,NVIDIA A100-SXM4-40GB MIG 4g.20gb (0),1,,13,[CUDA memset]
2436004028,2048,18386,,,,,,,,,,0.000,39.062,Pinned,Device,NVIDIA A100-SXM4-40GB MIG 4g.20gb (0),1,,13,[CUDA memcpy Host-to-Device]
2436008636,9600,18387,,,,,,,,,,0.197,20479.869,Pinned,Device,NVIDIA A100-SXM4-40GB MIG 4g.20gb (0),1,,13,[CUDA memcpy Host-to-Device]
2436190298,15200,18388,273,1,1,48,1,1,40,0.000,0.001,,,,,NVIDIA A100-SXM4-40GB MIG 4g.20gb (0),1,,13,"void pusch_noise_intf_est::noiseIntfEstNoDftSOfdmKernel<float, __half, float, float, (unsigned int)2, (unsigned int)1, (unsigned char)4, (unsigned char)4>(pusch_noise_intf_est::puschRxNoiseIntfEstDynDescr)"
2436314648,7296,18399,35,1,1,128,1,1,16,0.000,0.000,,,,,NVIDIA A100-SXM4-40GB MIG 4g.20gb (0),1,,13,cupy_copy__complex64_complex64
2436334488,2944,18408,1,1,1,1,1,1,18,0.000,0.000,,,,,NVIDIA A100-SXM4-40GB MIG 4g.20gb (0),1,,13,cupy_copy__float32_float32
2436342968,1600,18414,,,,,,,,,,0.000,2.500,Device,Pageable,NVIDIA A100-SXM4-40GB MIG 4g.20gb (0),1,,7,[CUDA memcpy Device-to-Host]
2436420919,16000,18425,1434,1,1,128,1,1,16,0.000,0.000,,,,,NVIDIA A100-SXM4-40GB MIG 4g.20gb (0),1,,13,cupy_copy__complex64_complex64
2436458135,7904,18432,103,1,1,128,1,1,16,0.000,0.000,,,,,NVIDIA A100-SXM4-40GB MIG 4g.20gb (0),1,,13,cupy_copy__complex64_complex64
2436473111,6880,18439,35,1,1,128,1,1,16,0.000,0.000,,,,,NVIDIA A100-SXM4-40GB MIG 4g.20gb (0),1,,13,cupy_copy__complex64_complex64
2436503798,4064,18446,1,1,1,1,1,1,18,0.000,0.000,,,,,NVIDIA A100-SXM4-40GB MIG 4g.20gb (0),1,,13,cupy_copy__float32_float32
2436644437,186654,18457,1,1,1,32,32,1,30,0.000,0.000,,,,,NVIDIA A100-SXM4-40GB MIG 4g.20gb (0),1,,13,"void convert_kernel<__half2, float2>(tensor_layout_any, T1 *, tensor_layout_any, const T2 *)"
2436872242,5440,18460,,,,,,,,,,0.094,17223.480,Pinned,Device,NVIDIA A100-SXM4-40GB MIG 4g.20gb (0),1,,13,[CUDA memcpy Host-to-Device]
2436925169,7488,18461,,,,,,,,,,1.547,206546.995,Device,,NVIDIA A100-SXM4-40GB MIG 4g.20gb (0),1,,13,[CUDA memset]
2436940977,3040,18466,,,,,,,,,,0.031,10294.725,Pinned,Device,NVIDIA A100-SXM4-40GB MIG 4g.20gb (0),1,,13,[CUDA memcpy Host-to-Device]
2436946417,9760,18467,,,,,,,,,,0.197,20144.259,Pinned,Device,NVIDIA A100-SXM4-40GB MIG 4g.20gb (0),1,,13,[CUDA memcpy Host-to-Device]
2436970353,23264,18468,273,1,1,8,4,1,39,0.002,0.000,,,,,NVIDIA A100-SXM4-40GB MIG 4g.20gb (0),1,,13,"void channel_eq::eqMmseCoefCompLowMimoKernel<float, float, float, (unsigned int)4, (unsigned int)1, (unsigned int)4>(const channel_eq::_puschRxChEqStatDescr *, channel_eq::_puschRxChEqCoefCompDynDescr)"
2437019120,18400,18469,273,1,1,12,11,1,51,0.002,0.000,,,,,NVIDIA A100-SXM4-40GB MIG 4g.20gb (0),1,,13,"void channel_eq::eqMmseSoftDemapKernel<float, __half, __half, float, (unsigned int)4, (unsigned short)16383>(channel_eq::_puschRxChEqStatDescr *, channel_eq::_puschRxChEqSoftDemapDynDescr)"
2437072944,862742,18470,1,1,1,32,32,1,30,0.000,0.000,,,,,NVIDIA A100-SXM4-40GB MIG 4g.20gb (0),1,,13,"void convert_kernel<float2, __half2>(tensor_layout_any, T1 *, tensor_layout_any, const T2 *)"
2438102788,13088,18482,2253,1,1,128,1,1,16,0.000,0.000,,,,,NVIDIA A100-SXM4-40GB MIG 4g.20gb (0),1,,13,cupy_copy__float16_float16
2438315137,5440,18491,282,1,1,128,1,1,16,0.000,0.000,,,,,NVIDIA A100-SXM4-40GB MIG 4g.20gb (0),1,,13,cupy_copy__complex64_complex64
2438499583,15776,18500,26,1,1,128,1,1,16,0.000,0.000,,,,,NVIDIA A100-SXM4-40GB MIG 4g.20gb (0),1,,13,cupy_copy__float32_float32
2438635774,13024,18509,103,1,1,128,1,1,16,0.000,0.000,,,,,NVIDIA A100-SXM4-40GB MIG 4g.20gb (0),1,,13,cupy_copy__complex64_complex64
2438789148,29056,18519,1434,1,1,128,1,1,16,0.000,0.000,,,,,NVIDIA A100-SXM4-40GB MIG 4g.20gb (0),1,,13,cupy_copy__complex64_complex64
2439007194,347260,18524,1,1,1,32,32,1,30,0.000,0.000,,,,,NVIDIA A100-SXM4-40GB MIG 4g.20gb (0),1,,13,"void convert_kernel<__half2, float2>(tensor_layout_any, T1 *, tensor_layout_any, const T2 *)"
2439386389,5344,18527,,,,,,,,,,0.094,17532.864,Pinned,Device,NVIDIA A100-SXM4-40GB MIG 4g.20gb (0),1,,13,[CUDA memcpy Host-to-Device]
2439399285,610361,18528,,,,,,,,,,456.561,747847.639,Device,,NVIDIA A100-SXM4-40GB MIG 4g.20gb (0),1,,13,[CUDA memset]
2440017646,51679,18533,,,,,,,,,,1.235,23896.166,Pinned,Device,NVIDIA A100-SXM4-40GB MIG 4g.20gb (0),1,,13,[CUDA memcpy Host-to-Device]
2440071757,12416,18534,,,,,,,,,,0.197,15835.005,Pinned,Device,NVIDIA A100-SXM4-40GB MIG 4g.20gb (0),1,,13,[CUDA memcpy Host-to-Device]
2440108173,19776,18535,69,4,1,48,1,1,76,0.002,0.000,,,,,NVIDIA A100-SXM4-40GB MIG 4g.20gb (0),1,,13,"void ch_est::windowedChEstPreNoDftSOfdmKernel<float, __half, float, (unsigned int)2, (unsigned int)1, (unsigned short)4>(ch_est::puschRxChEstStatDescr_t *, ch_est::puschRxChEstDynDescr_t *)"
2440158764,16736,18536,137,2,1,24,2,1,44,0.001,0.001,,,,,NVIDIA A100-SXM4-40GB MIG 4g.20gb (0),1,,13,"void ch_est::chEstFilterNoDftSOfdmDispatchKernel<float, __half, float, (unsigned int)2>(ch_est::puschRxChEstStatDescr_t *, ch_est::puschRxChEstDynDescr_t *)"
2440209900,15936,18537,137,2,1,24,2,1,44,0.001,0.001,,,,,NVIDIA A100-SXM4-40GB MIG 4g.20gb (0),1,,13,"void ch_est::chEstFilterNoDftSOfdmDispatchKernel<float, __half, float, (unsigned int)2>(ch_est::puschRxChEstStatDescr_t *, ch_est::puschRxChEstDynDescr_t *)"
2440247851,8416,18548,103,1,1,128,1,1,16,0.000,0.000,,,,,NVIDIA A100-SXM4-40GB MIG 4g.20gb (0),1,,13,cupy_copy__complex64_complex64
2440262539,15200,18558,1434,1,1,128,1,1,16,0.000,0.000,,,,,NVIDIA A100-SXM4-40GB MIG 4g.20gb (0),1,,13,cupy_copy__complex64_complex64
2440301099,8352,18565,103,1,1,128,1,1,16,0.000,0.000,,,,,NVIDIA A100-SXM4-40GB MIG 4g.20gb (0),1,,13,cupy_copy__complex64_complex64
2440358122,286141,18572,1,1,1,32,32,1,30,0.000,0.000,,,,,NVIDIA A100-SXM4-40GB MIG 4g.20gb (0),1,,13,"void convert_kernel<__half2, float2>(tensor_layout_any, T1 *, tensor_layout_any, const T2 *)"
2440677286,5408,18575,,,,,,,,,,0.094,17325.421,Pinned,Device,NVIDIA A100-SXM4-40GB MIG 4g.20gb (0),1,,13,[CUDA memcpy Host-to-Device]
2440743270,56607,18576,,,,,,,,,,35.810,632582.237,Device,,NVIDIA A100-SXM4-40GB MIG 4g.20gb (0),1,,13,[CUDA memset]
2440802437,6688,18578,,,,,,,,,,0.000,11.962,Pinned,Device,NVIDIA A100-SXM4-40GB MIG 4g.20gb (0),1,,13,[CUDA memcpy Host-to-Device]
2440811557,10080,18579,,,,,,,,,,0.197,19504.693,Pinned,Device,NVIDIA A100-SXM4-40GB MIG 4g.20gb (0),1,,13,[CUDA memcpy Host-to-Device]
2441019906,27904,18580,273,1,1,48,1,1,40,0.000,0.001,,,,,NVIDIA A100-SXM4-40GB MIG 4g.20gb (0),1,,13,"void pusch_noise_intf_est::noiseIntfEstNoDftSOfdmKernel<float, __half, float, float, (unsigned int)2, (unsigned int)1, (unsigned char)4, (unsigned char)4>(pusch_noise_intf_est::puschRxNoiseIntfEstDynDescr)"
2441240416,4576,18591,35,1,1,128,1,1,16,0.000,0.000,,,,,NVIDIA A100-SXM4-40GB MIG 4g.20gb (0),1,,13,cupy_copy__complex64_complex64
2441406110,3168,18600,1,1,1,1,1,1,18,0.000,0.000,,,,,NVIDIA A100-SXM4-40GB MIG 4g.20gb (0),1,,13,cupy_copy__float32_float32
2441411742,3904,18606,,,,,,,,,,0.000,1.025,Device,Pageable,NVIDIA A100-SXM4-40GB MIG 4g.20gb (0),1,,7,[CUDA memcpy Device-to-Host]
2441628475,16448,18617,1434,1,1,128,1,1,16,0.000,0.000,,,,,NVIDIA A100-SXM4-40GB MIG 4g.20gb (0),1,,13,cupy_copy__complex64_complex64
2441872633,4576,18624,103,1,1,128,1,1,16,0.000,0.000,,,,,NVIDIA A100-SXM4-40GB MIG 4g.20gb (0),1,,13,cupy_copy__complex64_complex64
2442101654,3776,18631,35,1,1,128,1,1,16,0.000,0.000,,,,,NVIDIA A100-SXM4-40GB MIG 4g.20gb (0),1,,13,cupy_copy__complex64_complex64
2442306900,3136,18638,1,1,1,1,1,1,18,0.000,0.000,,,,,NVIDIA A100-SXM4-40GB MIG 4g.20gb (0),1,,13,cupy_copy__float32_float32
2442451538,303004,18649,1,1,1,32,32,1,30,0.000,0.000,,,,,NVIDIA A100-SXM4-40GB MIG 4g.20gb (0),1,,13,"void convert_kernel<__half2, float2>(tensor_layout_any, T1 *, tensor_layout_any, const T2 *)"
2442786190,12256,18652,,,,,,,,,,0.094,7644.844,Pinned,Device,NVIDIA A100-SXM4-40GB MIG 4g.20gb (0),1,,13,[CUDA memcpy Host-to-Device]
2442883533,6336,18653,,,,,,,,,,1.547,244100.573,Device,,NVIDIA A100-SXM4-40GB MIG 4g.20gb (0),1,,13,[CUDA memset]
2442890797,8576,18658,,,,,,,,,,0.031,3649.239,Pinned,Device,NVIDIA A100-SXM4-40GB MIG 4g.20gb (0),1,,13,[CUDA memcpy Host-to-Device]
2442909677,10272,18659,,,,,,,,,,0.197,19140.182,Pinned,Device,NVIDIA A100-SXM4-40GB MIG 4g.20gb (0),1,,13,[CUDA memcpy Host-to-Device]
2442933804,25088,18660,273,1,1,8,4,1,39,0.002,0.000,,,,,NVIDIA A100-SXM4-40GB MIG 4g.20gb (0),1,,13,"void channel_eq::eqMmseCoefCompLowMimoKernel<float, float, float, (unsigned int)4, (unsigned int)1, (unsigned int)4>(const channel_eq::_puschRxChEqStatDescr *, channel_eq::_puschRxChEqCoefCompDynDescr)"
2442986348,16768,18661,273,1,1,12,11,1,51,0.002,0.000,,,,,NVIDIA A100-SXM4-40GB MIG 4g.20gb (0),1,,13,"void channel_eq::eqMmseSoftDemapKernel<float, __half, __half, float, (unsigned int)4, (unsigned short)16383>(channel_eq::_puschRxChEqStatDescr *, channel_eq::_puschRxChEqSoftDemapDynDescr)"
2443026219,446619,18662,1,1,1,32,32,1,30,0.000,0.000,,,,,NVIDIA A100-SXM4-40GB MIG 4g.20gb (0),1,,13,"void convert_kernel<float2, __half2>(tensor_layout_any, T1 *, tensor_layout_any, const T2 *)"
2443603429,14880,18674,2253,1,1,128,1,1,16,0.000,0.000,,,,,NVIDIA A100-SXM4-40GB MIG 4g.20gb (0),1,,13,cupy_copy__float16_float16
2443724675,6080,18683,282,1,1,128,1,1,16,0.000,0.000,,,,,NVIDIA A100-SXM4-40GB MIG 4g.20gb (0),1,,13,cupy_copy__complex64_complex64
2443786307,3456,18692,26,1,1,128,1,1,16,0.000,0.000,,,,,NVIDIA A100-SXM4-40GB MIG 4g.20gb (0),1,,13,cupy_copy__float32_float32
2443925601,9504,18701,103,1,1,128,1,1,16,0.000,0.000,,,,,NVIDIA A100-SXM4-40GB MIG 4g.20gb (0),1,,13,cupy_copy__complex64_complex64
2444036480,19391,18711,1434,1,1,128,1,1,16,0.000,0.000,,,,,NVIDIA A100-SXM4-40GB MIG 4g.20gb (0),1,,13,cupy_copy__complex64_complex64
2444245469,279997,18716,1,1,1,32,32,1,30,0.000,0.000,,,,,NVIDIA A100-SXM4-40GB MIG 4g.20gb (0),1,,13,"void convert_kernel<__half2, float2>(tensor_layout_any, T1 *, tensor_layout_any, const T2 *)"
2444558650,6112,18719,,,,,,,,,,0.094,15329.790,Pinned,Device,NVIDIA A100-SXM4-40GB MIG 4g.20gb (0),1,,13,[CUDA memcpy Host-to-Device]
2444724792,600025,18720,,,,,,,,,,456.561,760631.359,Device,,NVIDIA A100-SXM4-40GB MIG 4g.20gb (0),1,,13,[CUDA memset]
2445333585,62335,18725,,,,,,,,,,1.235,19810.972,Pinned,Device,NVIDIA A100-SXM4-40GB MIG 4g.20gb (0),1,,13,[CUDA memcpy Host-to-Device]
2445403696,14944,18726,,,,,,,,,,0.197,13156.221,Pinned,Device,NVIDIA A100-SXM4-40GB MIG 4g.20gb (0),1,,13,[CUDA memcpy Host-to-Device]
2445633965,12992,18727,69,4,1,48,1,1,76,0.002,0.000,,,,,NVIDIA A100-SXM4-40GB MIG 4g.20gb (0),1,,13,"void ch_est::windowedChEstPreNoDftSOfdmKernel<float, __half, float, (unsigned int)2, (unsigned int)1, (unsigned short)4>(ch_est::puschRxChEstStatDescr_t *, ch_est::puschRxChEstDynDescr_t *)"
2445881387,12287,18728,137,2,1,24,2,1,44,0.001,0.001,,,,,NVIDIA A100-SXM4-40GB MIG 4g.20gb (0),1,,13,"void ch_est::chEstFilterNoDftSOfdmDispatchKernel<float, __half, float, (unsigned int)2>(ch_est::puschRxChEstStatDescr_t *, ch_est::puschRxChEstDynDescr_t *)"
2446128872,12576,18729,137,2,1,24,2,1,44,0.001,0.001,,,,,NVIDIA A100-SXM4-40GB MIG 4g.20gb (0),1,,13,"void ch_est::chEstFilterNoDftSOfdmDispatchKernel<float, __half, float, (unsigned int)2>(ch_est::puschRxChEstStatDescr_t *, ch_est::puschRxChEstDynDescr_t *)"
2446273094,4192,18740,103,1,1,128,1,1,16,0.000,0.000,,,,,NVIDIA A100-SXM4-40GB MIG 4g.20gb (0),1,,13,cupy_copy__complex64_complex64
2446411972,18208,18750,1434,1,1,128,1,1,16,0.000,0.000,,,,,NVIDIA A100-SXM4-40GB MIG 4g.20gb (0),1,,13,cupy_copy__complex64_complex64
2446514467,4192,18757,103,1,1,128,1,1,16,0.000,0.000,,,,,NVIDIA A100-SXM4-40GB MIG 4g.20gb (0),1,,13,cupy_copy__complex64_complex64
2446569731,301244,18764,1,1,1,32,32,1,30,0.000,0.000,,,,,NVIDIA A100-SXM4-40GB MIG 4g.20gb (0),1,,13,"void convert_kernel<__half2, float2>(tensor_layout_any, T1 *, tensor_layout_any, const T2 *)"
2446901151,5376,18767,,,,,,,,,,0.094,17428.487,Pinned,Device,NVIDIA A100-SXM4-40GB MIG 4g.20gb (0),1,,13,[CUDA memcpy Host-to-Device]
2446925343,55871,18768,,,,,,,,,,35.810,640925.948,Device,,NVIDIA A100-SXM4-40GB MIG 4g.20gb (0),1,,13,[CUDA memset]
2446984542,3136,18770,,,,,,,,,,0.000,25.510,Pinned,Device,NVIDIA A100-SXM4-40GB MIG 4g.20gb (0),1,,13,[CUDA memcpy Host-to-Device]
2446990078,9376,18771,,,,,,,,,,0.197,20969.226,Pinned,Device,NVIDIA A100-SXM4-40GB MIG 4g.20gb (0),1,,13,[CUDA memcpy Host-to-Device]
2447025309,49536,18772,273,1,1,48,1,1,40,0.000,0.001,,,,,NVIDIA A100-SXM4-40GB MIG 4g.20gb (0),1,,13,"void pusch_noise_intf_est::noiseIntfEstNoDftSOfdmKernel<float, __half, float, float, (unsigned int)2, (unsigned int)1, (unsigned char)4, (unsigned char)4>(pusch_noise_intf_est::puschRxNoiseIntfEstDynDescr)"
2447126140,5408,18783,35,1,1,128,1,1,16,0.000,0.000,,,,,NVIDIA A100-SXM4-40GB MIG 4g.20gb (0),1,,13,cupy_copy__complex64_complex64
2447275354,3968,18792,1,1,1,1,1,1,18,0.000,0.000,,,,,NVIDIA A100-SXM4-40GB MIG 4g.20gb (0),1,,13,cupy_copy__float32_float32
2447281786,2080,18798,,,,,,,,,,0.000,1.923,Device,Pageable,NVIDIA A100-SXM4-40GB MIG 4g.20gb (0),1,,7,[CUDA memcpy Device-to-Host]
2447420505,15968,18809,1434,1,1,128,1,1,16,0.000,0.000,,,,,NVIDIA A100-SXM4-40GB MIG 4g.20gb (0),1,,13,cupy_copy__complex64_complex64
2447534680,5759,18816,103,1,1,128,1,1,16,0.000,0.000,,,,,NVIDIA A100-SXM4-40GB MIG 4g.20gb (0),1,,13,cupy_copy__complex64_complex64
2447578327,11328,18823,35,1,1,128,1,1,16,0.000,0.000,,,,,NVIDIA A100-SXM4-40GB MIG 4g.20gb (0),1,,13,cupy_copy__complex64_complex64
2447675062,3360,18830,1,1,1,1,1,1,18,0.000,0.000,,,,,NVIDIA A100-SXM4-40GB MIG 4g.20gb (0),1,,13,cupy_copy__float32_float32
2447802324,329501,18841,1,1,1,32,32,1,30,0.000,0.000,,,,,NVIDIA A100-SXM4-40GB MIG 4g.20gb (0),1,,13,"void convert_kernel<__half2, float2>(tensor_layout_any, T1 *, tensor_layout_any, const T2 *)"
2448165648,9408,18844,,,,,,,,,,0.094,9959.135,Pinned,Device,NVIDIA A100-SXM4-40GB MIG 4g.20gb (0),1,,13,[CUDA memcpy Host-to-Device]
2448390126,8768,18845,,,,,,,,,,1.547,176394.014,Device,,NVIDIA A100-SXM4-40GB MIG 4g.20gb (0),1,,13,[CUDA memset]
2448401742,5919,18850,,,,,,,,,,0.031,5287.365,Pinned,Device,NVIDIA A100-SXM4-40GB MIG 4g.20gb (0),1,,13,[CUDA memcpy Host-to-Device]
2448411181,10048,18851,,,,,,,,,,0.197,19566.821,Pinned,Device,NVIDIA A100-SXM4-40GB MIG 4g.20gb (0),1,,13,[CUDA memcpy Host-to-Device]
2448643947,15680,18852,273,1,1,8,4,1,39,0.002,0.000,,,,,NVIDIA A100-SXM4-40GB MIG 4g.20gb (0),1,,13,"void channel_eq::eqMmseCoefCompLowMimoKernel<float, float, float, (unsigned int)4, (unsigned int)1, (unsigned int)4>(const channel_eq::_puschRxChEqStatDescr *, channel_eq::_puschRxChEqCoefCompDynDescr)"
2448885288,18112,18853,273,1,1,12,11,1,51,0.002,0.000,,,,,NVIDIA A100-SXM4-40GB MIG 4g.20gb (0),1,,13,"void channel_eq::eqMmseSoftDemapKernel<float, __half, __half, float, (unsigned int)4, (unsigned short)16383>(channel_eq::_puschRxChEqStatDescr *, channel_eq::_puschRxChEqSoftDemapDynDescr)"
2449134053,664408,18854,1,1,1,32,32,1,30,0.000,0.000,,,,,NVIDIA A100-SXM4-40GB MIG 4g.20gb (0),1,,13,"void convert_kernel<float2, __half2>(tensor_layout_any, T1 *, tensor_layout_any, const T2 *)"
2449879357,16511,18866,2253,1,1,128,1,1,16,0.000,0.000,,,,,NVIDIA A100-SXM4-40GB MIG 4g.20gb (0),1,,13,cupy_copy__float16_float16
2449910972,4128,18875,282,1,1,128,1,1,16,0.000,0.000,,,,,NVIDIA A100-SXM4-40GB MIG 4g.20gb (0),1,,13,cupy_copy__complex64_complex64
2449942844,6976,18884,26,1,1,128,1,1,16,0.000,0.000,,,,,NVIDIA A100-SXM4-40GB MIG 4g.20gb (0),1,,13,cupy_copy__float32_float32
2450000379,7840,18893,103,1,1,128,1,1,16,0.000,0.000,,,,,NVIDIA A100-SXM4-40GB MIG 4g.20gb (0),1,,13,cupy_copy__complex64_complex64
2450131962,18655,18903,1434,1,1,128,1,1,16,0.000,0.000,,,,,NVIDIA A100-SXM4-40GB MIG 4g.20gb (0),1,,13,cupy_copy__complex64_complex64
2450257336,359836,18908,1,1,1,32,32,1,30,0.000,0.000,,,,,NVIDIA A100-SXM4-40GB MIG 4g.20gb (0),1,,13,"void convert_kernel<__half2, float2>(tensor_layout_any, T1 *, tensor_layout_any, const T2 *)"
2450647028,8896,18911,,,,,,,,,,0.094,10532.367,Pinned,Device,NVIDIA A100-SXM4-40GB MIG 4g.20gb (0),1,,13,[CUDA memcpy Host-to-Device]
2450728499,604217,18912,,,,,,,,,,456.561,755609.183,Device,,NVIDIA A100-SXM4-40GB MIG 4g.20gb (0),1,,13,[CUDA memset]
2451334092,64831,18917,,,,,,,,,,1.235,19047.776,Pinned,Device,NVIDIA A100-SXM4-40GB MIG 4g.20gb (0),1,,13,[CUDA memcpy Host-to-Device]
2451408843,16608,18918,,,,,,,,,,0.197,11837.964,Pinned,Device,NVIDIA A100-SXM4-40GB MIG 4g.20gb (0),1,,13,[CUDA memcpy Host-to-Device]
2451631944,18464,18919,69,4,1,48,1,1,76,0.002,0.000,,,,,NVIDIA A100-SXM4-40GB MIG 4g.20gb (0),1,,13,"void ch_est::windowedChEstPreNoDftSOfdmKernel<float, __half, float, (unsigned int)2, (unsigned int)1, (unsigned short)4>(ch_est::puschRxChEstStatDescr_t *, ch_est::puschRxChEstDynDescr_t *)"
2451842470,9216,18920,137,2,1,24,2,1,44,0.001,0.001,,,,,NVIDIA A100-SXM4-40GB MIG 4g.20gb (0),1,,13,"void ch_est::chEstFilterNoDftSOfdmDispatchKernel<float, __half, float, (unsigned int)2>(ch_est::puschRxChEstStatDescr_t *, ch_est::puschRxChEstDynDescr_t *)"
2451975780,17728,18921,137,2,1,24,2,1,44,0.001,0.001,,,,,NVIDIA A100-SXM4-40GB MIG 4g.20gb (0),1,,13,"void ch_est::chEstFilterNoDftSOfdmDispatchKernel<float, __half, float, (unsigned int)2>(ch_est::puschRxChEstStatDescr_t *, ch_est::puschRxChEstDynDescr_t *)"
2452145539,4703,18932,103,1,1,128,1,1,16,0.000,0.000,,,,,NVIDIA A100-SXM4-40GB MIG 4g.20gb (0),1,,13,cupy_copy__complex64_complex64
2452268833,16544,18942,1434,1,1,128,1,1,16,0.000,0.000,,,,,NVIDIA A100-SXM4-40GB MIG 4g.20gb (0),1,,13,cupy_copy__complex64_complex64
2452330880,8224,18949,103,1,1,128,1,1,16,0.000,0.000,,,,,NVIDIA A100-SXM4-40GB MIG 4g.20gb (0),1,,13,cupy_copy__complex64_complex64
2452423007,288381,18956,1,1,1,32,32,1,30,0.000,0.000,,,,,NVIDIA A100-SXM4-40GB MIG 4g.20gb (0),1,,13,"void convert_kernel<__half2, float2>(tensor_layout_any, T1 *, tensor_layout_any, const T2 *)"
2452742428,12256,18959,,,,,,,,,,0.094,7644.844,Pinned,Device,NVIDIA A100-SXM4-40GB MIG 4g.20gb (0),1,,13,[CUDA memcpy Host-to-Device]
2452822395,56063,18960,,,,,,,,,,35.810,638741.543,Device,,NVIDIA A100-SXM4-40GB MIG 4g.20gb (0),1,,13,[CUDA memset]
2452884698,6080,18962,,,,,,,,,,0.000,13.158,Pinned,Device,NVIDIA A100-SXM4-40GB MIG 4g.20gb (0),1,,13,[CUDA memcpy Host-to-Device]
2452898106,17312,18963,,,,,,,,,,0.197,11356.668,Pinned,Device,NVIDIA A100-SXM4-40GB MIG 4g.20gb (0),1,,13,[CUDA memcpy Host-to-Device]
2453002009,23679,18964,273,1,1,48,1,1,40,0.000,0.001,,,,,NVIDIA A100-SXM4-40GB MIG 4g.20gb (0),1,,13,"void pusch_noise_intf_est::noiseIntfEstNoDftSOfdmKernel<float, __half, float, float, (unsigned int)2, (unsigned int)1, (unsigned char)4, (unsigned char)4>(pusch_noise_intf_est::puschRxNoiseIntfEstDynDescr)"
2453138839,8192,18975,35,1,1,128,1,1,16,0.000,0.000,,,,,NVIDIA A100-SXM4-40GB MIG 4g.20gb (0),1,,13,cupy_copy__complex64_complex64
2453202614,4160,18984,1,1,1,1,1,1,18,0.000,0.000,,,,,NVIDIA A100-SXM4-40GB MIG 4g.20gb (0),1,,13,cupy_copy__float32_float32
2453213174,1600,18990,,,,,,,,,,0.000,2.500,Device,Pageable,NVIDIA A100-SXM4-40GB MIG 4g.20gb (0),1,,7,[CUDA memcpy Device-to-Host]
2453375156,17824,19001,1434,1,1,128,1,1,16,0.000,0.000,,,,,NVIDIA A100-SXM4-40GB MIG 4g.20gb (0),1,,13,cupy_copy__complex64_complex64
2453474067,4640,19008,103,1,1,128,1,1,16,0.000,0.000,,,,,NVIDIA A100-SXM4-40GB MIG 4g.20gb (0),1,,13,cupy_copy__complex64_complex64
2453512947,10496,19015,35,1,1,128,1,1,16,0.000,0.000,,,,,NVIDIA A100-SXM4-40GB MIG 4g.20gb (0),1,,13,cupy_copy__complex64_complex64
2453593778,4480,19022,1,1,1,1,1,1,18,0.000,0.000,,,,,NVIDIA A100-SXM4-40GB MIG 4g.20gb (0),1,,13,cupy_copy__float32_float32
2453643761,307357,19033,1,1,1,32,32,1,30,0.000,0.000,,,,,NVIDIA A100-SXM4-40GB MIG 4g.20gb (0),1,,13,"void convert_kernel<__half2, float2>(tensor_layout_any, T1 *, tensor_layout_any, const T2 *)"
2453982637,9376,19036,,,,,,,,,,0.094,9993.147,Pinned,Device,NVIDIA A100-SXM4-40GB MIG 4g.20gb (0),1,,13,[CUDA memcpy Host-to-Device]
2454105452,4864,19037,,,,,,,,,,1.547,317973.521,Device,,NVIDIA A100-SXM4-40GB MIG 4g.20gb (0),1,,13,[CUDA memset]
2454114732,5184,19042,,,,,,,,,,0.031,6037.030,Pinned,Device,NVIDIA A100-SXM4-40GB MIG 4g.20gb (0),1,,13,[CUDA memcpy Host-to-Device]
2454126540,14912,19043,,,,,,,,,,0.197,13184.532,Pinned,Device,NVIDIA A100-SXM4-40GB MIG 4g.20gb (0),1,,13,[CUDA memcpy Host-to-Device]
2454281930,40959,19044,273,1,1,8,4,1,39,0.002,0.000,,,,,NVIDIA A100-SXM4-40GB MIG 4g.20gb (0),1,,13,"void channel_eq::eqMmseCoefCompLowMimoKernel<float, float, float, (unsigned int)4, (unsigned int)1, (unsigned int)4>(const channel_eq::_puschRxChEqStatDescr *, channel_eq::_puschRxChEqCoefCompDynDescr)"
2454493672,15935,19045,273,1,1,12,11,1,51,0.002,0.000,,,,,NVIDIA A100-SXM4-40GB MIG 4g.20gb (0),1,,13,"void channel_eq::eqMmseSoftDemapKernel<float, __half, __half, float, (unsigned int)4, (unsigned short)16383>(channel_eq::_puschRxChEqStatDescr *, channel_eq::_puschRxChEqSoftDemapDynDescr)"
2454698245,825367,19046,1,1,1,32,32,1,30,0.000,0.000,,,,,NVIDIA A100-SXM4-40GB MIG 4g.20gb (0),1,,13,"void convert_kernel<float2, __half2>(tensor_layout_any, T1 *, tensor_layout_any, const T2 *)"
2455591867,16480,19058,2253,1,1,128,1,1,16,0.000,0.000,,,,,NVIDIA A100-SXM4-40GB MIG 4g.20gb (0),1,,13,cupy_copy__float16_float16
2455759865,5600,19067,282,1,1,128,1,1,16,0.000,0.000,,,,,NVIDIA A100-SXM4-40GB MIG 4g.20gb (0),1,,13,cupy_copy__complex64_complex64
2455927063,8096,19076,26,1,1,128,1,1,16,0.000,0.000,,,,,NVIDIA A100-SXM4-40GB MIG 4g.20gb (0),1,,13,cupy_copy__float32_float32
2456078709,11104,19085,103,1,1,128,1,1,16,0.000,0.000,,,,,NVIDIA A100-SXM4-40GB MIG 4g.20gb (0),1,,13,cupy_copy__complex64_complex64
2456208852,20288,19095,1434,1,1,128,1,1,16,0.000,0.000,,,,,NVIDIA A100-SXM4-40GB MIG 4g.20gb (0),1,,13,cupy_copy__complex64_complex64
2456408370,327100,19100,1,1,1,32,32,1,30,0.000,0.000,,,,,NVIDIA A100-SXM4-40GB MIG 4g.20gb (0),1,,13,"void convert_kernel<__half2, float2>(tensor_layout_any, T1 *, tensor_layout_any, const T2 *)"
2456768941,15488,19103,,,,,,,,,,0.094,6049.576,Pinned,Device,NVIDIA A100-SXM4-40GB MIG 4g.20gb (0),1,,13,[CUDA memcpy Host-to-Device]
2456920140,603161,19104,,,,,,,,,,456.561,756522.306,Device,,NVIDIA A100-SXM4-40GB MIG 4g.20gb (0),1,,13,[CUDA memset]
2457530853,69983,19109,,,,,,,,,,1.235,17646.115,Pinned,Device,NVIDIA A100-SXM4-40GB MIG 4g.20gb (0),1,,13,[CUDA memcpy Host-to-Device]
2457609796,9216,19110,,,,,,,,,,0.197,21333.148,Pinned,Device,NVIDIA A100-SXM4-40GB MIG 4g.20gb (0),1,,13,[CUDA memcpy Host-to-Device]
2457792610,15327,19111,69,4,1,48,1,1,76,0.002,0.000,,,,,NVIDIA A100-SXM4-40GB MIG 4g.20gb (0),1,,13,"void ch_est::windowedChEstPreNoDftSOfdmKernel<float, __half, float, (unsigned int)2, (unsigned int)1, (unsigned short)4>(ch_est::puschRxChEstStatDescr_t *, ch_est::puschRxChEstDynDescr_t *)"
2457986367,15168,19112,137,2,1,24,2,1,44,0.001,0.001,,,,,NVIDIA A100-SXM4-40GB MIG 4g.20gb (0),1,,13,"void ch_est::chEstFilterNoDftSOfdmDispatchKernel<float, __half, float, (unsigned int)2>(ch_est::puschRxChEstStatDescr_t *, ch_est::puschRxChEstDynDescr_t *)"
2458106110,24320,19113,137,2,1,24,2,1,44,0.001,0.001,,,,,NVIDIA A100-SXM4-40GB MIG 4g.20gb (0),1,,13,"void ch_est::chEstFilterNoDftSOfdmDispatchKernel<float, __half, float, (unsigned int)2>(ch_est::puschRxChEstStatDescr_t *, ch_est::puschRxChEstDynDescr_t *)"
2458160413,5536,19124,103,1,1,128,1,1,16,0.000,0.000,,,,,NVIDIA A100-SXM4-40GB MIG 4g.20gb (0),1,,13,cupy_copy__complex64_complex64
2458190845,17600,19134,1434,1,1,128,1,1,16,0.000,0.000,,,,,NVIDIA A100-SXM4-40GB MIG 4g.20gb (0),1,,13,cupy_copy__complex64_complex64
2458214845,4224,19141,103,1,1,128,1,1,16,0.000,0.000,,,,,NVIDIA A100-SXM4-40GB MIG 4g.20gb (0),1,,13,cupy_copy__complex64_complex64
2458250524,149183,19148,1,1,1,32,32,1,30,0.000,0.000,,,,,NVIDIA A100-SXM4-40GB MIG 4g.20gb (0),1,,13,"void convert_kernel<__half2, float2>(tensor_layout_any, T1 *, tensor_layout_any, const T2 *)"
2458433210,5376,19151,,,,,,,,,,0.094,17428.487,Pinned,Device,NVIDIA A100-SXM4-40GB MIG 4g.20gb (0),1,,13,[CUDA memcpy Host-to-Device]
2458449114,54943,19152,,,,,,,,,,35.810,651740.544,Device,,NVIDIA A100-SXM4-40GB MIG 4g.20gb (0),1,,13,[CUDA memset]
2458511289,1824,19154,,,,,,,,,,0.000,43.860,Pinned,Device,NVIDIA A100-SXM4-40GB MIG 4g.20gb (0),1,,13,[CUDA memcpy Host-to-Device]
2458515545,9792,19155,,,,,,,,,,0.197,20078.395,Pinned,Device,NVIDIA A100-SXM4-40GB MIG 4g.20gb (0),1,,13,[CUDA memcpy Host-to-Device]
2458547865,29568,19156,273,1,1,48,1,1,40,0.000,0.001,,,,,NVIDIA A100-SXM4-40GB MIG 4g.20gb (0),1,,13,"void pusch_noise_intf_est::noiseIntfEstNoDftSOfdmKernel<float, __half, float, float, (unsigned int)2, (unsigned int)1, (unsigned char)4, (unsigned char)4>(pusch_noise_intf_est::puschRxNoiseIntfEstDynDescr)"
2458596376,5504,19167,35,1,1,128,1,1,16,0.000,0.000,,,,,NVIDIA A100-SXM4-40GB MIG 4g.20gb (0),1,,13,cupy_copy__complex64_complex64
2458631128,3424,19176,1,1,1,1,1,1,18,0.000,0.000,,,,,NVIDIA A100-SXM4-40GB MIG 4g.20gb (0),1,,13,cupy_copy__float32_float32
2458637240,1600,19182,,,,,,,,,,0.000,2.500,Device,Pageable,NVIDIA A100-SXM4-40GB MIG 4g.20gb (0),1,,7,[CUDA memcpy Device-to-Host]
2458723991,21184,19193,1434,1,1,128,1,1,16,0.000,0.000,,,,,NVIDIA A100-SXM4-40GB MIG 4g.20gb (0),1,,13,cupy_copy__complex64_complex64
2458800566,4000,19200,103,1,1,128,1,1,16,0.000,0.000,,,,,NVIDIA A100-SXM4-40GB MIG 4g.20gb (0),1,,13,cupy_copy__complex64_complex64
2458911509,4608,19207,35,1,1,128,1,1,16,0.000,0.000,,,,,NVIDIA A100-SXM4-40GB MIG 4g.20gb (0),1,,13,cupy_copy__complex64_complex64
2459027955,2944,19214,1,1,1,1,1,1,18,0.000,0.000,,,,,NVIDIA A100-SXM4-40GB MIG 4g.20gb (0),1,,13,cupy_copy__float32_float32
2459117042,311677,19225,1,1,1,32,32,1,30,0.000,0.000,,,,,NVIDIA A100-SXM4-40GB MIG 4g.20gb (0),1,,13,"void convert_kernel<__half2, float2>(tensor_layout_any, T1 *, tensor_layout_any, const T2 *)"
2459463182,8096,19228,,,,,,,,,,0.094,11573.049,Pinned,Device,NVIDIA A100-SXM4-40GB MIG 4g.20gb (0),1,,13,[CUDA memcpy Host-to-Device]
2459633868,11776,19229,,,,,,,,,,1.547,131336.217,Device,,NVIDIA A100-SXM4-40GB MIG 4g.20gb (0),1,,13,[CUDA memset]
2459645612,13216,19234,,,,,,,,,,0.031,2368.012,Pinned,Device,NVIDIA A100-SXM4-40GB MIG 4g.20gb (0),1,,13,[CUDA memcpy Host-to-Device]
2459666444,18688,19235,,,,,,,,,,0.197,10520.494,Pinned,Device,NVIDIA A100-SXM4-40GB MIG 4g.20gb (0),1,,13,[CUDA memcpy Host-to-Device]
2459886218,17535,19236,273,1,1,8,4,1,39,0.002,0.000,,,,,NVIDIA A100-SXM4-40GB MIG 4g.20gb (0),1,,13,"void channel_eq::eqMmseCoefCompLowMimoKernel<float, float, float, (unsigned int)4, (unsigned int)1, (unsigned int)4>(const channel_eq::_puschRxChEqStatDescr *, channel_eq::_puschRxChEqCoefCompDynDescr)"
2460091527,19744,19237,273,1,1,12,11,1,51,0.002,0.000,,,,,NVIDIA A100-SXM4-40GB MIG 4g.20gb (0),1,,13,"void channel_eq::eqMmseSoftDemapKernel<float, __half, __half, float, (unsigned int)4, (unsigned short)16383>(channel_eq::_puschRxChEqStatDescr *, channel_eq::_puschRxChEqSoftDemapDynDescr)"
2460312325,798038,19238,1,1,1,32,32,1,30,0.000,0.000,,,,,NVIDIA A100-SXM4-40GB MIG 4g.20gb (0),1,,13,"void convert_kernel<float2, __half2>(tensor_layout_any, T1 *, tensor_layout_any, const T2 *)"
2461114043,14528,19250,2253,1,1,128,1,1,16,0.000,0.000,,,,,NVIDIA A100-SXM4-40GB MIG 4g.20gb (0),1,,13,cupy_copy__float16_float16
2461170523,6464,19259,282,1,1,128,1,1,16,0.000,0.000,,,,,NVIDIA A100-SXM4-40GB MIG 4g.20gb (0),1,,13,cupy_copy__complex64_complex64
2461200954,9248,19268,26,1,1,128,1,1,16,0.000,0.000,,,,,NVIDIA A100-SXM4-40GB MIG 4g.20gb (0),1,,13,cupy_copy__float32_float32
2461215514,8800,19277,103,1,1,128,1,1,16,0.000,0.000,,,,,NVIDIA A100-SXM4-40GB MIG 4g.20gb (0),1,,13,cupy_copy__complex64_complex64
2461247098,20224,19287,1434,1,1,128,1,1,16,0.000,0.000,,,,,NVIDIA A100-SXM4-40GB MIG 4g.20gb (0),1,,13,cupy_copy__complex64_complex64
2461273658,151262,19292,1,1,1,32,32,1,30,0.000,0.000,,,,,NVIDIA A100-SXM4-40GB MIG 4g.20gb (0),1,,13,"void convert_kernel<__half2, float2>(tensor_layout_any, T1 *, tensor_layout_any, const T2 *)"
2461454136,5343,19295,,,,,,,,,,0.094,17536.143,Pinned,Device,NVIDIA A100-SXM4-40GB MIG 4g.20gb (0),1,,13,[CUDA memcpy Host-to-Device]
2461465271,624921,19296,,,,,,,,,,456.561,730498.304,Device,,NVIDIA A100-SXM4-40GB MIG 4g.20gb (0),1,,13,[CUDA memset]
2462091376,51168,19301,,,,,,,,,,1.235,24134.511,Pinned,Device,NVIDIA A100-SXM4-40GB MIG 4g.20gb (0),1,,13,[CUDA memcpy Host-to-Device]
2462146448,10943,19302,,,,,,,,,,0.197,17966.432,Pinned,Device,NVIDIA A100-SXM4-40GB MIG 4g.20gb (0),1,,13,[CUDA memcpy Host-to-Device]
2462256174,18880,19303,69,4,1,48,1,1,76,0.002,0.000,,,,,NVIDIA A100-SXM4-40GB MIG 4g.20gb (0),1,,13,"void ch_est::windowedChEstPreNoDftSOfdmKernel<float, __half, float, (unsigned int)2, (unsigned int)1, (unsigned short)4>(ch_est::puschRxChEstStatDescr_t *, ch_est::puschRxChEstDynDescr_t *)"
2462429132,18976,19304,137,2,1,24,2,1,44,0.001,0.001,,,,,NVIDIA A100-SXM4-40GB MIG 4g.20gb (0),1,,13,"void ch_est::chEstFilterNoDftSOfdmDispatchKernel<float, __half, float, (unsigned int)2>(ch_est::puschRxChEstStatDescr_t *, ch_est::puschRxChEstDynDescr_t *)"
2462636266,18624,19305,137,2,1,24,2,1,44,0.001,0.001,,,,,NVIDIA A100-SXM4-40GB MIG 4g.20gb (0),1,,13,"void ch_est::chEstFilterNoDftSOfdmDispatchKernel<float, __half, float, (unsigned int)2>(ch_est::puschRxChEstStatDescr_t *, ch_est::puschRxChEstDynDescr_t *)"
2462760552,5216,19316,103,1,1,128,1,1,16,0.000,0.000,,,,,NVIDIA A100-SXM4-40GB MIG 4g.20gb (0),1,,13,cupy_copy__complex64_complex64
2462948998,16320,19326,1434,1,1,128,1,1,16,0.000,0.000,,,,,NVIDIA A100-SXM4-40GB MIG 4g.20gb (0),1,,13,cupy_copy__complex64_complex64
2463084133,5696,19333,103,1,1,128,1,1,16,0.000,0.000,,,,,NVIDIA A100-SXM4-40GB MIG 4g.20gb (0),1,,13,cupy_copy__complex64_complex64
2463240003,344252,19340,1,1,1,32,32,1,30,0.000,0.000,,,,,NVIDIA A100-SXM4-40GB MIG 4g.20gb (0),1,,13,"void convert_kernel<__half2, float2>(tensor_layout_any, T1 *, tensor_layout_any, const T2 *)"
2463614431,6240,19343,,,,,,,,,,0.094,15015.346,Pinned,Device,NVIDIA A100-SXM4-40GB MIG 4g.20gb (0),1,,13,[CUDA memcpy Host-to-Device]
2463764541,46015,19344,,,,,,,,,,35.810,778221.181,Device,,NVIDIA A100-SXM4-40GB MIG 4g.20gb (0),1,,13,[CUDA memset]
2463872188,2112,19346,,,,,,,,,,0.000,37.879,Pinned,Device,NVIDIA A100-SXM4-40GB MIG 4g.20gb (0),1,,13,[CUDA memcpy Host-to-Device]
2463876828,9440,19347,,,,,,,,,,0.197,20827.079,Pinned,Device,NVIDIA A100-SXM4-40GB MIG 4g.20gb (0),1,,13,[CUDA memcpy Host-to-Device]
2464053178,23775,19348,273,1,1,48,1,1,40,0.000,0.001,,,,,NVIDIA A100-SXM4-40GB MIG 4g.20gb (0),1,,13,"void pusch_noise_intf_est::noiseIntfEstNoDftSOfdmKernel<float, __half, float, float, (unsigned int)2, (unsigned int)1, (unsigned char)4, (unsigned char)4>(pusch_noise_intf_est::puschRxNoiseIntfEstDynDescr)"
2464255127,10592,19359,35,1,1,128,1,1,16,0.000,0.000,,,,,NVIDIA A100-SXM4-40GB MIG 4g.20gb (0),1,,13,cupy_copy__complex64_complex64
2464314647,7168,19368,1,1,1,1,1,1,18,0.000,0.000,,,,,NVIDIA A100-SXM4-40GB MIG 4g.20gb (0),1,,13,cupy_copy__float32_float32
2464328150,1568,19374,,,,,,,,,,0.000,2.551,Device,Pageable,NVIDIA A100-SXM4-40GB MIG 4g.20gb (0),1,,7,[CUDA memcpy Device-to-Host]
2464393462,12352,19385,1434,1,1,128,1,1,16,0.000,0.000,,,,,NVIDIA A100-SXM4-40GB MIG 4g.20gb (0),1,,13,cupy_copy__complex64_complex64
2464444629,5888,19392,103,1,1,128,1,1,16,0.000,0.000,,,,,NVIDIA A100-SXM4-40GB MIG 4g.20gb (0),1,,13,cupy_copy__complex64_complex64
2464452469,3104,19399,35,1,1,128,1,1,16,0.000,0.000,,,,,NVIDIA A100-SXM4-40GB MIG 4g.20gb (0),1,,13,cupy_copy__complex64_complex64
2464505044,4352,19406,1,1,1,1,1,1,18,0.000,0.000,,,,,NVIDIA A100-SXM4-40GB MIG 4g.20gb (0),1,,13,cupy_copy__float32_float32
2464611187,119647,19417,1,1,1,32,32,1,30,0.000,0.000,,,,,NVIDIA A100-SXM4-40GB MIG 4g.20gb (0),1,,13,"void convert_kernel<__half2, float2>(tensor_layout_any, T1 *, tensor_layout_any, const T2 *)"
2464766225,5376,19420,,,,,,,,,,0.094,17428.487,Pinned,Device,NVIDIA A100-SXM4-40GB MIG 4g.20gb (0),1,,13,[CUDA memcpy Host-to-Device]
2464808849,5216,19421,,,,,,,,,,1.547,296514.113,Device,,NVIDIA A100-SXM4-40GB MIG 4g.20gb (0),1,,13,[CUDA memset]
2464819633,3072,19426,,,,,,,,,,0.031,10187.474,Pinned,Device,NVIDIA A100-SXM4-40GB MIG 4g.20gb (0),1,,13,[CUDA memcpy Host-to-Device]
2464825137,9472,19427,,,,,,,,,,0.197,20756.693,Pinned,Device,NVIDIA A100-SXM4-40GB MIG 4g.20gb (0),1,,13,[CUDA memcpy Host-to-Device]
2464859760,16064,19428,273,1,1,8,4,1,39,0.002,0.000,,,,,NVIDIA A100-SXM4-40GB MIG 4g.20gb (0),1,,13,"void channel_eq::eqMmseCoefCompLowMimoKernel<float, float, float, (unsigned int)4, (unsigned int)1, (unsigned int)4>(const channel_eq::_puschRxChEqStatDescr *, channel_eq::_puschRxChEqCoefCompDynDescr)"
2464918352,11872,19429,273,1,1,12,11,1,51,0.002,0.000,,,,,NVIDIA A100-SXM4-40GB MIG 4g.20gb (0),1,,13,"void channel_eq::eqMmseSoftDemapKernel<float, __half, __half, float, (unsigned int)4, (unsigned short)16383>(channel_eq::_puschRxChEqStatDescr *, channel_eq::_puschRxChEqSoftDemapDynDescr)"
2464978671,704184,19430,1,1,1,32,32,1,30,0.000,0.000,,,,,NVIDIA A100-SXM4-40GB MIG 4g.20gb (0),1,,13,"void convert_kernel<float2, __half2>(tensor_layout_any, T1 *, tensor_layout_any, const T2 *)"
2465828389,15840,19442,2253,1,1,128,1,1,16,0.000,0.000,,,,,NVIDIA A100-SXM4-40GB MIG 4g.20gb (0),1,,13,cupy_copy__float16_float16
2466019747,12544,19451,282,1,1,128,1,1,16,0.000,0.000,,,,,NVIDIA A100-SXM4-40GB MIG 4g.20gb (0),1,,13,cupy_copy__complex64_complex64
2466155073,5024,19460,26,1,1,128,1,1,16,0.000,0.000,,,,,NVIDIA A100-SXM4-40GB MIG 4g.20gb (0),1,,13,cupy_copy__float32_float32
2466316640,12383,19469,103,1,1,128,1,1,16,0.000,0.000,,,,,NVIDIA A100-SXM4-40GB MIG 4g.20gb (0),1,,13,cupy_copy__complex64_complex64
2466519293,25984,19479,1434,1,1,128,1,1,16,0.000,0.000,,,,,NVIDIA A100-SXM4-40GB MIG 4g.20gb (0),1,,13,cupy_copy__complex64_complex64
2466732891,347132,19484,1,1,1,32,32,1,30,0.000,0.000,,,,,NVIDIA A100-SXM4-40GB MIG 4g.20gb (0),1,,13,"void convert_kernel<__half2, float2>(tensor_layout_any, T1 *, tensor_layout_any, const T2 *)"
2467113302,5728,19487,,,,,,,,,,0.094,16357.541,Pinned,Device,NVIDIA A100-SXM4-40GB MIG 4g.20gb (0),1,,13,[CUDA memcpy Host-to-Device]
2467301972,618169,19488,,,,,,,,,,456.561,738259.848,Device,,NVIDIA A100-SXM4-40GB MIG 4g.20gb (0),1,,13,[CUDA memset]
2467922797,53568,19493,,,,,,,,,,1.235,23052.700,Pinned,Device,NVIDIA A100-SXM4-40GB MIG 4g.20gb (0),1,,13,[CUDA memcpy Host-to-Device]
2467978957,10175,19494,,,,,,,,,,0.197,19322.634,Pinned,Device,NVIDIA A100-SXM4-40GB MIG 4g.20gb (0),1,,13,[CUDA memcpy Host-to-Device]
2468031372,17920,19495,69,4,1,48,1,1,76,0.002,0.000,,,,,NVIDIA A100-SXM4-40GB MIG 4g.20gb (0),1,,13,"void ch_est::windowedChEstPreNoDftSOfdmKernel<float, __half, float, (unsigned int)2, (unsigned int)1, (unsigned short)4>(ch_est::puschRxChEstStatDescr_t *, ch_est::puschRxChEstDynDescr_t *)"
2468092395,11552,19496,137,2,1,24,2,1,44,0.001,0.001,,,,,NVIDIA A100-SXM4-40GB MIG 4g.20gb (0),1,,13,"void ch_est::chEstFilterNoDftSOfdmDispatchKernel<float, __half, float, (unsigned int)2>(ch_est::puschRxChEstStatDescr_t *, ch_est::puschRxChEstDynDescr_t *)"
2468126411,26368,19497,137,2,1,24,2,1,44,0.001,0.001,,,,,NVIDIA A100-SXM4-40GB MIG 4g.20gb (0),1,,13,"void ch_est::chEstFilterNoDftSOfdmDispatchKernel<float, __half, float, (unsigned int)2>(ch_est::puschRxChEstStatDescr_t *, ch_est::puschRxChEstDynDescr_t *)"
2468160362,5568,19508,103,1,1,128,1,1,16,0.000,0.000,,,,,NVIDIA A100-SXM4-40GB MIG 4g.20gb (0),1,,13,cupy_copy__complex64_complex64
2468191114,18400,19518,1434,1,1,128,1,1,16,0.000,0.000,,,,,NVIDIA A100-SXM4-40GB MIG 4g.20gb (0),1,,13,cupy_copy__complex64_complex64
2468223210,4128,19525,103,1,1,128,1,1,16,0.000,0.000,,,,,NVIDIA A100-SXM4-40GB MIG 4g.20gb (0),1,,13,cupy_copy__complex64_complex64
2468256425,134815,19532,1,1,1,32,32,1,30,0.000,0.000,,,,,NVIDIA A100-SXM4-40GB MIG 4g.20gb (0),1,,13,"void convert_kernel<__half2, float2>(tensor_layout_any, T1 *, tensor_layout_any, const T2 *)"
2468421639,5600,19535,,,,,,,,,,0.094,16731.388,Pinned,Device,NVIDIA A100-SXM4-40GB MIG 4g.20gb (0),1,,13,[CUDA memcpy Host-to-Device]
2468454759,59423,19536,,,,,,,,,,35.810,602609.334,Device,,NVIDIA A100-SXM4-40GB MIG 4g.20gb (0),1,,13,[CUDA memset]
2468521158,1824,19538,,,,,,,,,,0.000,43.860,Pinned,Device,NVIDIA A100-SXM4-40GB MIG 4g.20gb (0),1,,13,[CUDA memcpy Host-to-Device]
2468525766,10848,19539,,,,,,,,,,0.197,18123.719,Pinned,Device,NVIDIA A100-SXM4-40GB MIG 4g.20gb (0),1,,13,[CUDA memcpy Host-to-Device]
2468567750,26047,19540,273,1,1,48,1,1,40,0.000,0.001,,,,,NVIDIA A100-SXM4-40GB MIG 4g.20gb (0),1,,13,"void pusch_noise_intf_est::noiseIntfEstNoDftSOfdmKernel<float, __half, float, float, (unsigned int)2, (unsigned int)1, (unsigned char)4, (unsigned char)4>(pusch_noise_intf_est::puschRxNoiseIntfEstDynDescr)"
2468626853,11456,19551,35,1,1,128,1,1,16,0.000,0.000,,,,,NVIDIA A100-SXM4-40GB MIG 4g.20gb (0),1,,13,cupy_copy__complex64_complex64
2468698852,4352,19560,1,1,1,1,1,1,18,0.000,0.000,,,,,NVIDIA A100-SXM4-40GB MIG 4g.20gb (0),1,,13,cupy_copy__float32_float32
2468710948,2304,19566,,,,,,,,,,0.000,1.736,Device,Pageable,NVIDIA A100-SXM4-40GB MIG 4g.20gb (0),1,,7,[CUDA memcpy Device-to-Host]
2468929538,19519,19577,1434,1,1,128,1,1,16,0.000,0.000,,,,,NVIDIA A100-SXM4-40GB MIG 4g.20gb (0),1,,13,cupy_copy__complex64_complex64
2469084288,8896,19584,103,1,1,128,1,1,16,0.000,0.000,,,,,NVIDIA A100-SXM4-40GB MIG 4g.20gb (0),1,,13,cupy_copy__complex64_complex64
2469218142,6496,19591,35,1,1,128,1,1,16,0.000,0.000,,,,,NVIDIA A100-SXM4-40GB MIG 4g.20gb (0),1,,13,cupy_copy__complex64_complex64
2469315453,6656,19598,1,1,1,1,1,1,18,0.000,0.000,,,,,NVIDIA A100-SXM4-40GB MIG 4g.20gb (0),1,,13,cupy_copy__float32_float32
2469443932,337660,19609,1,1,1,32,32,1,30,0.000,0.000,,,,,NVIDIA A100-SXM4-40GB MIG 4g.20gb (0),1,,13,"void convert_kernel<__half2, float2>(tensor_layout_any, T1 *, tensor_layout_any, const T2 *)"
2469814999,11328,19612,,,,,,,,,,0.094,8271.108,Pinned,Device,NVIDIA A100-SXM4-40GB MIG 4g.20gb (0),1,,13,[CUDA memcpy Host-to-Device]
2469973462,8511,19613,,,,,,,,,,1.547,181720.587,Device,,NVIDIA A100-SXM4-40GB MIG 4g.20gb (0),1,,13,[CUDA memset]
2469983285,6784,19618,,,,,,,,,,0.031,4613.187,Pinned,Device,NVIDIA A100-SXM4-40GB MIG 4g.20gb (0),1,,13,[CUDA memcpy Host-to-Device]
2469998773,11808,19619,,,,,,,,,,0.197,16650.338,Pinned,Device,NVIDIA A100-SXM4-40GB MIG 4g.20gb (0),1,,13,[CUDA memcpy Host-to-Device]
2470171763,31392,19620,273,1,1,8,4,1,39,0.002,0.000,,,,,NVIDIA A100-SXM4-40GB MIG 4g.20gb (0),1,,13,"void channel_eq::eqMmseCoefCompLowMimoKernel<float, float, float, (unsigned int)4, (unsigned int)1, (unsigned int)4>(const channel_eq::_puschRxChEqStatDescr *, channel_eq::_puschRxChEqCoefCompDynDescr)"
2470373265,16512,19621,273,1,1,12,11,1,51,0.002,0.000,,,,,NVIDIA A100-SXM4-40GB MIG 4g.20gb (0),1,,13,"void channel_eq::eqMmseSoftDemapKernel<float, __half, __half, float, (unsigned int)4, (unsigned short)16383>(channel_eq::_puschRxChEqStatDescr *, channel_eq::_puschRxChEqSoftDemapDynDescr)"
2470570895,634360,19622,1,1,1,32,32,1,30,0.000,0.000,,,,,NVIDIA A100-SXM4-40GB MIG 4g.20gb (0),1,,13,"void convert_kernel<float2, __half2>(tensor_layout_any, T1 *, tensor_layout_any, const T2 *)"
2471235879,13152,19634,2253,1,1,128,1,1,16,0.000,0.000,,,,,NVIDIA A100-SXM4-40GB MIG 4g.20gb (0),1,,13,cupy_copy__float16_float16
2471277575,8511,19643,282,1,1,128,1,1,16,0.000,0.000,,,,,NVIDIA A100-SXM4-40GB MIG 4g.20gb (0),1,,13,cupy_copy__complex64_complex64
2471299174,3936,19652,26,1,1,128,1,1,16,0.000,0.000,,,,,NVIDIA A100-SXM4-40GB MIG 4g.20gb (0),1,,13,cupy_copy__float32_float32
2471329542,10976,19661,103,1,1,128,1,1,16,0.000,0.000,,,,,NVIDIA A100-SXM4-40GB MIG 4g.20gb (0),1,,13,cupy_copy__complex64_complex64
2471354438,14624,19671,1434,1,1,128,1,1,16,0.000,0.000,,,,,NVIDIA A100-SXM4-40GB MIG 4g.20gb (0),1,,13,cupy_copy__complex64_complex64
2471401221,177310,19676,1,1,1,32,32,1,30,0.000,0.000,,,,,NVIDIA A100-SXM4-40GB MIG 4g.20gb (0),1,,13,"void convert_kernel<__half2, float2>(tensor_layout_any, T1 *, tensor_layout_any, const T2 *)"
2471609795,5696,19679,,,,,,,,,,0.094,16449.363,Pinned,Device,NVIDIA A100-SXM4-40GB MIG 4g.20gb (0),1,,13,[CUDA memcpy Host-to-Device]
2471682178,619929,19680,,,,,,,,,,456.561,736433.603,Device,,NVIDIA A100-SXM4-40GB MIG 4g.20gb (0),1,,13,[CUDA memset]
2472301755,59423,19685,,,,,,,,,,1.235,20781.638,Pinned,Device,NVIDIA A100-SXM4-40GB MIG 4g.20gb (0),1,,13,[CUDA memcpy Host-to-Device]
2472370330,15392,19686,,,,,,,,,,0.197,12773.229,Pinned,Device,NVIDIA A100-SXM4-40GB MIG 4g.20gb (0),1,,13,[CUDA memcpy Host-to-Device]
2472581880,14911,19687,69,4,1,48,1,1,76,0.002,0.000,,,,,NVIDIA A100-SXM4-40GB MIG 4g.20gb (0),1,,13,"void ch_est::windowedChEstPreNoDftSOfdmKernel<float, __half, float, (unsigned int)2, (unsigned int)1, (unsigned short)4>(ch_est::puschRxChEstStatDescr_t *, ch_est::puschRxChEstDynDescr_t *)"
2472777909,10112,19688,137,2,1,24,2,1,44,0.001,0.001,,,,,NVIDIA A100-SXM4-40GB MIG 4g.20gb (0),1,,13,"void ch_est::chEstFilterNoDftSOfdmDispatchKernel<float, __half, float, (unsigned int)2>(ch_est::puschRxChEstStatDescr_t *, ch_est::puschRxChEstDynDescr_t *)"
2472907572,20064,19689,137,2,1,24,2,1,44,0.001,0.001,,,,,NVIDIA A100-SXM4-40GB MIG 4g.20gb (0),1,,13,"void ch_est::chEstFilterNoDftSOfdmDispatchKernel<float, __half, float, (unsigned int)2>(ch_est::puschRxChEstStatDescr_t *, ch_est::puschRxChEstDynDescr_t *)"
2473056914,4800,19700,103,1,1,128,1,1,16,0.000,0.000,,,,,NVIDIA A100-SXM4-40GB MIG 4g.20gb (0),1,,13,cupy_copy__complex64_complex64
2473183985,22623,19710,1434,1,1,128,1,1,16,0.000,0.000,,,,,NVIDIA A100-SXM4-40GB MIG 4g.20gb (0),1,,13,cupy_copy__complex64_complex64
2473385070,6144,19717,103,1,1,128,1,1,16,0.000,0.000,,,,,NVIDIA A100-SXM4-40GB MIG 4g.20gb (0),1,,13,cupy_copy__complex64_complex64
2473513101,370908,19724,1,1,1,32,32,1,30,0.000,0.000,,,,,NVIDIA A100-SXM4-40GB MIG 4g.20gb (0),1,,13,"void convert_kernel<__half2, float2>(tensor_layout_any, T1 *, tensor_layout_any, const T2 *)"
2473917704,10176,19727,,,,,,,,,,0.094,9207.506,Pinned,Device,NVIDIA A100-SXM4-40GB MIG 4g.20gb (0),1,,13,[CUDA memcpy Host-to-Device]
2474092262,56576,19728,,,,,,,,,,35.810,632940.336,Device,,NVIDIA A100-SXM4-40GB MIG 4g.20gb (0),1,,13,[CUDA memset]
2474150214,1920,19730,,,,,,,,,,0.000,41.667,Pinned,Device,NVIDIA A100-SXM4-40GB MIG 4g.20gb (0),1,,13,[CUDA memcpy Host-to-Device]
2474154822,9247,19731,,,,,,,,,,0.197,21261.779,Pinned,Device,NVIDIA A100-SXM4-40GB MIG 4g.20gb (0),1,,13,[CUDA memcpy Host-to-Device]
2474278084,19552,19732,273,1,1,48,1,1,40,0.000,0.001,,,,,NVIDIA A100-SXM4-40GB MIG 4g.20gb (0),1,,13,"void pusch_noise_intf_est::noiseIntfEstNoDftSOfdmKernel<float, __half, float, float, (unsigned int)2, (unsigned int)1, (unsigned char)4, (unsigned char)4>(pusch_noise_intf_est::puschRxNoiseIntfEstDynDescr)"
2474412707,6911,19743,35,1,1,128,1,1,16,0.000,0.000,,,,,NVIDIA A100-SXM4-40GB MIG 4g.20gb (0),1,,13,cupy_copy__complex64_complex64
2474447938,5184,19752,1,1,1,1,1,1,18,0.000,0.000,,,,,NVIDIA A100-SXM4-40GB MIG 4g.20gb (0),1,,13,cupy_copy__float32_float32
2474456834,1600,19758,,,,,,,,,,0.000,2.500,Device,Pageable,NVIDIA A100-SXM4-40GB MIG 4g.20gb (0),1,,7,[CUDA memcpy Device-to-Host]
2474548929,17952,19769,1434,1,1,128,1,1,16,0.000,0.000,,,,,NVIDIA A100-SXM4-40GB MIG 4g.20gb (0),1,,13,cupy_copy__complex64_complex64
2474581025,4160,19776,103,1,1,128,1,1,16,0.000,0.000,,,,,NVIDIA A100-SXM4-40GB MIG 4g.20gb (0),1,,13,cupy_copy__complex64_complex64
2474612160,10144,19783,35,1,1,128,1,1,16,0.000,0.000,,,,,NVIDIA A100-SXM4-40GB MIG 4g.20gb (0),1,,13,cupy_copy__complex64_complex64
2474635296,2048,19790,1,1,1,1,1,1,18,0.000,0.000,,,,,NVIDIA A100-SXM4-40GB MIG 4g.20gb (0),1,,13,cupy_copy__float32_float32
2474791614,270205,19801,1,1,1,32,32,1,30,0.000,0.000,,,,,NVIDIA A100-SXM4-40GB MIG 4g.20gb (0),1,,13,"void convert_kernel<__half2, float2>(tensor_layout_any, T1 *, tensor_layout_any, const T2 *)"
2475093051,5376,19804,,,,,,,,,,0.094,17428.487,Pinned,Device,NVIDIA A100-SXM4-40GB MIG 4g.20gb (0),1,,13,[CUDA memcpy Host-to-Device]
2475184826,8096,19805,,,,,,,,,,1.547,191034.357,Device,,NVIDIA A100-SXM4-40GB MIG 4g.20gb (0),1,,13,[CUDA memset]
2475193370,6656,19810,,,,,,,,,,0.031,4701.911,Pinned,Device,NVIDIA A100-SXM4-40GB MIG 4g.20gb (0),1,,13,[CUDA memcpy Host-to-Device]
2475202873,9472,19811,,,,,,,,,,0.197,20756.693,Pinned,Device,NVIDIA A100-SXM4-40GB MIG 4g.20gb (0),1,,13,[CUDA memcpy Host-to-Device]
2475247225,10944,19812,273,1,1,8,4,1,39,0.002,0.000,,,,,NVIDIA A100-SXM4-40GB MIG 4g.20gb (0),1,,13,"void channel_eq::eqMmseCoefCompLowMimoKernel<float, float, float, (unsigned int)4, (unsigned int)1, (unsigned int)4>(const channel_eq::_puschRxChEqStatDescr *, channel_eq::_puschRxChEqCoefCompDynDescr)"
2475402391,19744,19813,273,1,1,12,11,1,51,0.002,0.000,,,,,NVIDIA A100-SXM4-40GB MIG 4g.20gb (0),1,,13,"void channel_eq::eqMmseSoftDemapKernel<float, __half, __half, float, (unsigned int)4, (unsigned short)16383>(channel_eq::_puschRxChEqStatDescr *, channel_eq::_puschRxChEqSoftDemapDynDescr)"
2475643572,703992,19814,1,1,1,32,32,1,30,0.000,0.000,,,,,NVIDIA A100-SXM4-40GB MIG 4g.20gb (0),1,,13,"void convert_kernel<float2, __half2>(tensor_layout_any, T1 *, tensor_layout_any, const T2 *)"
2476473323,16352,19826,2253,1,1,128,1,1,16,0.000,0.000,,,,,NVIDIA A100-SXM4-40GB MIG 4g.20gb (0),1,,13,cupy_copy__float16_float16
2476695112,8608,19835,282,1,1,128,1,1,16,0.000,0.000,,,,,NVIDIA A100-SXM4-40GB MIG 4g.20gb (0),1,,13,cupy_copy__complex64_complex64
2476889798,3776,19844,26,1,1,128,1,1,16,0.000,0.000,,,,,NVIDIA A100-SXM4-40GB MIG 4g.20gb (0),1,,13,cupy_copy__float32_float32
2477035972,11648,19853,103,1,1,128,1,1,16,0.000,0.000,,,,,NVIDIA A100-SXM4-40GB MIG 4g.20gb (0),1,,13,cupy_copy__complex64_complex64
2477101572,17631,19863,1434,1,1,128,1,1,16,0.000,0.000,,,,,NVIDIA A100-SXM4-40GB MIG 4g.20gb (0),1,,13,cupy_copy__complex64_complex64
2477232482,273917,19868,1,1,1,32,32,1,30,0.000,0.000,,,,,NVIDIA A100-SXM4-40GB MIG 4g.20gb (0),1,,13,"void convert_kernel<__half2, float2>(tensor_layout_any, T1 *, tensor_layout_any, const T2 *)"
2477543327,5568,19871,,,,,,,,,,0.094,16827.521,Pinned,Device,NVIDIA A100-SXM4-40GB MIG 4g.20gb (0),1,,13,[CUDA memcpy Host-to-Device]
2477592510,625785,19872,,,,,,,,,,456.561,729128.620,Device,,NVIDIA A100-SXM4-40GB MIG 4g.20gb (0),1,,13,[CUDA memset]
2478219191,58911,19877,,,,,,,,,,1.235,20961.939,Pinned,Device,NVIDIA A100-SXM4-40GB MIG 4g.20gb (0),1,,13,[CUDA memcpy Host-to-Device]
2478283414,15424,19878,,,,,,,,,,0.197,12746.883,Pinned,Device,NVIDIA A100-SXM4-40GB MIG 4g.20gb (0),1,,13,[CUDA memcpy Host-to-Device]
2478376149,27712,19879,69,4,1,48,1,1,76,0.002,0.000,,,,,NVIDIA A100-SXM4-40GB MIG 4g.20gb (0),1,,13,"void ch_est::windowedChEstPreNoDftSOfdmKernel<float, __half, float, (unsigned int)2, (unsigned int)1, (unsigned short)4>(ch_est::puschRxChEstStatDescr_t *, ch_est::puschRxChEstDynDescr_t *)"
2478508147,34336,19880,137,2,1,24,2,1,44,0.001,0.001,,,,,NVIDIA A100-SXM4-40GB MIG 4g.20gb (0),1,,13,"void ch_est::chEstFilterNoDftSOfdmDispatchKernel<float, __half, float, (unsigned int)2>(ch_est::puschRxChEstStatDescr_t *, ch_est::puschRxChEstDynDescr_t *)"
2478617650,23424,19881,137,2,1,24,2,1,44,0.001,0.001,,,,,NVIDIA A100-SXM4-40GB MIG 4g.20gb (0),1,,13,"void ch_est::chEstFilterNoDftSOfdmDispatchKernel<float, __half, float, (unsigned int)2>(ch_est::puschRxChEstStatDescr_t *, ch_est::puschRxChEstDynDescr_t *)"
2478694257,10176,19892,103,1,1,128,1,1,16,0.000,0.000,,,,,NVIDIA A100-SXM4-40GB MIG 4g.20gb (0),1,,13,cupy_copy__complex64_complex64
2478759441,17663,19902,1434,1,1,128,1,1,16,0.000,0.000,,,,,NVIDIA A100-SXM4-40GB MIG 4g.20gb (0),1,,13,cupy_copy__complex64_complex64
2478872751,6592,19909,103,1,1,128,1,1,16,0.000,0.000,,,,,NVIDIA A100-SXM4-40GB MIG 4g.20gb (0),1,,13,cupy_copy__complex64_complex64
2478952846,332893,19916,1,1,1,32,32,1,30,0.000,0.000,,,,,NVIDIA A100-SXM4-40GB MIG 4g.20gb (0),1,,13,"void convert_kernel<__half2, float2>(tensor_layout_any, T1 *, tensor_layout_any, const T2 *)"
2479312170,6816,19919,,,,,,,,,,0.094,13746.421,Pinned,Device,NVIDIA A100-SXM4-40GB MIG 4g.20gb (0),1,,13,[CUDA memcpy Host-to-Device]
2479518408,49055,19920,,,,,,,,,,35.810,729985.219,Device,,NVIDIA A100-SXM4-40GB MIG 4g.20gb (0),1,,13,[CUDA memset]
2479570311,2016,19922,,,,,,,,,,0.000,39.682,Pinned,Device,NVIDIA A100-SXM4-40GB MIG 4g.20gb (0),1,,13,[CUDA memcpy Host-to-Device]
2479587719,15168,19923,,,,,,,,,,0.197,12961.972,Pinned,Device,NVIDIA A100-SXM4-40GB MIG 4g.20gb (0),1,,13,[CUDA memcpy Host-to-Device]
2479784133,31039,19924,273,1,1,48,1,1,40,0.000,0.001,,,,,NVIDIA A100-SXM4-40GB MIG 4g.20gb (0),1,,13,"void pusch_noise_intf_est::noiseIntfEstNoDftSOfdmKernel<float, __half, float, float, (unsigned int)2, (unsigned int)1, (unsigned char)4, (unsigned char)4>(pusch_noise_intf_est::puschRxNoiseIntfEstDynDescr)"
2480006338,4192,19935,35,1,1,128,1,1,16,0.000,0.000,,,,,NVIDIA A100-SXM4-40GB MIG 4g.20gb (0),1,,13,cupy_copy__complex64_complex64
2480122113,4608,19944,1,1,1,1,1,1,18,0.000,0.000,,,,,NVIDIA A100-SXM4-40GB MIG 4g.20gb (0),1,,13,cupy_copy__float32_float32
2480132513,1696,19950,,,,,,,,,,0.000,2.358,Device,Pageable,NVIDIA A100-SXM4-40GB MIG 4g.20gb (0),1,,7,[CUDA memcpy Device-to-Host]
2480283583,17568,19961,1434,1,1,128,1,1,16,0.000,0.000,,,,,NVIDIA A100-SXM4-40GB MIG 4g.20gb (0),1,,13,cupy_copy__complex64_complex64
2480402750,7008,19968,103,1,1,128,1,1,16,0.000,0.000,,,,,NVIDIA A100-SXM4-40GB MIG 4g.20gb (0),1,,13,cupy_copy__complex64_complex64
2480521724,6144,19975,35,1,1,128,1,1,16,0.000,0.000,,,,,NVIDIA A100-SXM4-40GB MIG 4g.20gb (0),1,,13,cupy_copy__complex64_complex64
2480597883,2688,19982,1,1,1,1,1,1,18,0.000,0.000,,,,,NVIDIA A100-SXM4-40GB MIG 4g.20gb (0),1,,13,cupy_copy__float32_float32
2480707738,293885,19993,1,1,1,32,32,1,30,0.000,0.000,,,,,NVIDIA A100-SXM4-40GB MIG 4g.20gb (0),1,,13,"void convert_kernel<__half2, float2>(tensor_layout_any, T1 *, tensor_layout_any, const T2 *)"
2481034742,8064,19996,,,,,,,,,,0.094,11618.960,Pinned,Device,NVIDIA A100-SXM4-40GB MIG 4g.20gb (0),1,,13,[CUDA memcpy Host-to-Device]
2481103510,6240,19997,,,,,,,,,,1.547,247855.776,Device,,NVIDIA A100-SXM4-40GB MIG 4g.20gb (0),1,,13,[CUDA memset]
2481116853,5184,20002,,,,,,,,,,0.031,6037.030,Pinned,Device,NVIDIA A100-SXM4-40GB MIG 4g.20gb (0),1,,13,[CUDA memcpy Host-to-Device]
2481127317,12768,20003,,,,,,,,,,0.197,15398.339,Pinned,Device,NVIDIA A100-SXM4-40GB MIG 4g.20gb (0),1,,13,[CUDA memcpy Host-to-Device]
2481221076,15520,20004,273,1,1,8,4,1,39,0.002,0.000,,,,,NVIDIA A100-SXM4-40GB MIG 4g.20gb (0),1,,13,"void channel_eq::eqMmseCoefCompLowMimoKernel<float, float, float, (unsigned int)4, (unsigned int)1, (unsigned int)4>(const channel_eq::_puschRxChEqStatDescr *, channel_eq::_puschRxChEqCoefCompDynDescr)"
2481321523,21568,20005,273,1,1,12,11,1,51,0.002,0.000,,,,,NVIDIA A100-SXM4-40GB MIG 4g.20gb (0),1,,13,"void channel_eq::eqMmseSoftDemapKernel<float, __half, __half, float, (unsigned int)4, (unsigned short)16383>(channel_eq::_puschRxChEqStatDescr *, channel_eq::_puschRxChEqSoftDemapDynDescr)"
2481408914,819991,20006,1,1,1,32,32,1,30,0.000,0.000,,,,,NVIDIA A100-SXM4-40GB MIG 4g.20gb (0),1,,13,"void convert_kernel<float2, __half2>(tensor_layout_any, T1 *, tensor_layout_any, const T2 *)"
2482364007,23840,20018,2253,1,1,128,1,1,16,0.000,0.000,,,,,NVIDIA A100-SXM4-40GB MIG 4g.20gb (0),1,,13,cupy_copy__float16_float16
2482503846,4607,20027,282,1,1,128,1,1,16,0.000,0.000,,,,,NVIDIA A100-SXM4-40GB MIG 4g.20gb (0),1,,13,cupy_copy__complex64_complex64
2482694179,4032,20036,26,1,1,128,1,1,16,0.000,0.000,,,,,NVIDIA A100-SXM4-40GB MIG 4g.20gb (0),1,,13,cupy_copy__float32_float32
2482878145,4512,20045,103,1,1,128,1,1,16,0.000,0.000,,,,,NVIDIA A100-SXM4-40GB MIG 4g.20gb (0),1,,13,cupy_copy__complex64_complex64
2483062591,17344,20055,1434,1,1,128,1,1,16,0.000,0.000,,,,,NVIDIA A100-SXM4-40GB MIG 4g.20gb (0),1,,13,cupy_copy__complex64_complex64
2483259677,327932,20060,1,1,1,32,32,1,30,0.000,0.000,,,,,NVIDIA A100-SXM4-40GB MIG 4g.20gb (0),1,,13,"void convert_kernel<__half2, float2>(tensor_layout_any, T1 *, tensor_layout_any, const T2 *)"
2483619673,10464,20063,,,,,,,,,,0.094,8954.058,Pinned,Device,NVIDIA A100-SXM4-40GB MIG 4g.20gb (0),1,,13,[CUDA memcpy Host-to-Device]
2483769719,613497,20064,,,,,,,,,,456.561,743738.586,Device,,NVIDIA A100-SXM4-40GB MIG 4g.20gb (0),1,,13,[CUDA memset]
2484386576,65247,20069,,,,,,,,,,1.235,18926.752,Pinned,Device,NVIDIA A100-SXM4-40GB MIG 4g.20gb (0),1,,13,[CUDA memcpy Host-to-Device]
2484458127,14816,20070,,,,,,,,,,0.197,13269.860,Pinned,Device,NVIDIA A100-SXM4-40GB MIG 4g.20gb (0),1,,13,[CUDA memcpy Host-to-Device]
2484580366,14560,20071,69,4,1,48,1,1,76,0.002,0.000,,,,,NVIDIA A100-SXM4-40GB MIG 4g.20gb (0),1,,13,"void ch_est::windowedChEstPreNoDftSOfdmKernel<float, __half, float, (unsigned int)2, (unsigned int)1, (unsigned short)4>(ch_est::puschRxChEstStatDescr_t *, ch_est::puschRxChEstDynDescr_t *)"
2484641709,12192,20072,137,2,1,24,2,1,44,0.001,0.001,,,,,NVIDIA A100-SXM4-40GB MIG 4g.20gb (0),1,,13,"void ch_est::chEstFilterNoDftSOfdmDispatchKernel<float, __half, float, (unsigned int)2>(ch_est::puschRxChEstStatDescr_t *, ch_est::puschRxChEstDynDescr_t *)"
2484675341,29631,20073,137,2,1,24,2,1,44,0.001,0.001,,,,,NVIDIA A100-SXM4-40GB MIG 4g.20gb (0),1,,13,"void ch_est::chEstFilterNoDftSOfdmDispatchKernel<float, __half, float, (unsigned int)2>(ch_est::puschRxChEstStatDescr_t *, ch_est::puschRxChEstDynDescr_t *)"
2484709292,6592,20084,103,1,1,128,1,1,16,0.000,0.000,,,,,NVIDIA A100-SXM4-40GB MIG 4g.20gb (0),1,,13,cupy_copy__complex64_complex64
2484738508,17888,20094,1434,1,1,128,1,1,16,0.000,0.000,,,,,NVIDIA A100-SXM4-40GB MIG 4g.20gb (0),1,,13,cupy_copy__complex64_complex64
2484769964,3935,20101,103,1,1,128,1,1,16,0.000,0.000,,,,,NVIDIA A100-SXM4-40GB MIG 4g.20gb (0),1,,13,cupy_copy__complex64_complex64
2484803531,144318,20108,1,1,1,32,32,1,30,0.000,0.000,,,,,NVIDIA A100-SXM4-40GB MIG 4g.20gb (0),1,,13,"void convert_kernel<__half2, float2>(tensor_layout_any, T1 *, tensor_layout_any, const T2 *)"
2484980009,5376,20111,,,,,,,,,,0.094,17428.487,Pinned,Device,NVIDIA A100-SXM4-40GB MIG 4g.20gb (0),1,,13,[CUDA memcpy Host-to-Device]
2485006889,59871,20112,,,,,,,,,,35.810,598097.284,Device,,NVIDIA A100-SXM4-40GB MIG 4g.20gb (0),1,,13,[CUDA memset]
2485073544,1824,20114,,,,,,,,,,0.000,43.860,Pinned,Device,NVIDIA A100-SXM4-40GB MIG 4g.20gb (0),1,,13,[CUDA memcpy Host-to-Device]
2485077800,9344,20115,,,,,,,,,,0.197,21040.988,Pinned,Device,NVIDIA A100-SXM4-40GB MIG 4g.20gb (0),1,,13,[CUDA memcpy Host-to-Device]
2485112424,31135,20116,273,1,1,48,1,1,40,0.000,0.001,,,,,NVIDIA A100-SXM4-40GB MIG 4g.20gb (0),1,,13,"void pusch_noise_intf_est::noiseIntfEstNoDftSOfdmKernel<float, __half, float, float, (unsigned int)2, (unsigned int)1, (unsigned char)4, (unsigned char)4>(pusch_noise_intf_est::puschRxNoiseIntfEstDynDescr)"
2485173863,8864,20127,35,1,1,128,1,1,16,0.000,0.000,,,,,NVIDIA A100-SXM4-40GB MIG 4g.20gb (0),1,,13,cupy_copy__complex64_complex64
2485197575,2080,20136,1,1,1,1,1,1,18,0.000,0.000,,,,,NVIDIA A100-SXM4-40GB MIG 4g.20gb (0),1,,13,cupy_copy__float32_float32
2485202567,1600,20142,,,,,,,,,,0.000,2.500,Device,Pageable,NVIDIA A100-SXM4-40GB MIG 4g.20gb (0),1,,7,[CUDA memcpy Device-to-Host]
2485298469,14560,20153,1434,1,1,128,1,1,16,0.000,0.000,,,,,NVIDIA A100-SXM4-40GB MIG 4g.20gb (0),1,,13,cupy_copy__complex64_complex64
2485387332,5536,20160,103,1,1,128,1,1,16,0.000,0.000,,,,,NVIDIA A100-SXM4-40GB MIG 4g.20gb (0),1,,13,cupy_copy__complex64_complex64
2485556482,10400,20167,35,1,1,128,1,1,16,0.000,0.000,,,,,NVIDIA A100-SXM4-40GB MIG 4g.20gb (0),1,,13,cupy_copy__complex64_complex64
2485763072,9728,20174,1,1,1,1,1,1,18,0.000,0.000,,,,,NVIDIA A100-SXM4-40GB MIG 4g.20gb (0),1,,13,cupy_copy__float32_float32
2485899839,318876,20185,1,1,1,32,32,1,30,0.000,0.000,,,,,NVIDIA A100-SXM4-40GB MIG 4g.20gb (0),1,,13,"void convert_kernel<__half2, float2>(tensor_layout_any, T1 *, tensor_layout_any, const T2 *)"
2486247899,9727,20188,,,,,,,,,,0.094,9632.511,Pinned,Device,NVIDIA A100-SXM4-40GB MIG 4g.20gb (0),1,,13,[CUDA memcpy Host-to-Device]
2486430872,12864,20189,,,,,,,,,,1.547,120228.363,Device,,NVIDIA A100-SXM4-40GB MIG 4g.20gb (0),1,,13,[CUDA memset]
2486446808,10560,20194,,,,,,,,,,0.031,2963.606,Pinned,Device,NVIDIA A100-SXM4-40GB MIG 4g.20gb (0),1,,13,[CUDA memcpy Host-to-Device]
2486462168,16096,20195,,,,,,,,,,0.197,12214.665,Pinned,Device,NVIDIA A100-SXM4-40GB MIG 4g.20gb (0),1,,13,[CUDA memcpy Host-to-Device]
2486665494,37311,20196,273,1,1,8,4,1,39,0.002,0.000,,,,,NVIDIA A100-SXM4-40GB MIG 4g.20gb (0),1,,13,"void channel_eq::eqMmseCoefCompLowMimoKernel<float, float, float, (unsigned int)4, (unsigned int)1, (unsigned int)4>(const channel_eq::_puschRxChEqStatDescr *, channel_eq::_puschRxChEqCoefCompDynDescr)"
2486901811,26080,20197,273,1,1,12,11,1,51,0.002,0.000,,,,,NVIDIA A100-SXM4-40GB MIG 4g.20gb (0),1,,13,"void channel_eq::eqMmseSoftDemapKernel<float, __half, __half, float, (unsigned int)4, (unsigned short)16383>(channel_eq::_puschRxChEqStatDescr *, channel_eq::_puschRxChEqSoftDemapDynDescr)"
2487118929,737719,20198,1,1,1,32,32,1,30,0.000,0.000,,,,,NVIDIA A100-SXM4-40GB MIG 4g.20gb (0),1,,13,"void convert_kernel<float2, __half2>(tensor_layout_any, T1 *, tensor_layout_any, const T2 *)"
2487868008,12512,20210,2253,1,1,128,1,1,16,0.000,0.000,,,,,NVIDIA A100-SXM4-40GB MIG 4g.20gb (0),1,,13,cupy_copy__float16_float16
2487909895,8256,20219,282,1,1,128,1,1,16,0.000,0.000,,,,,NVIDIA A100-SXM4-40GB MIG 4g.20gb (0),1,,13,cupy_copy__complex64_complex64
2487931367,3552,20228,26,1,1,128,1,1,16,0.000,0.000,,,,,NVIDIA A100-SXM4-40GB MIG 4g.20gb (0),1,,13,cupy_copy__float32_float32
2487959431,10944,20237,103,1,1,128,1,1,16,0.000,0.000,,,,,NVIDIA A100-SXM4-40GB MIG 4g.20gb (0),1,,13,cupy_copy__complex64_complex64
2487985095,14079,20247,1434,1,1,128,1,1,16,0.000,0.000,,,,,NVIDIA A100-SXM4-40GB MIG 4g.20gb (0),1,,13,cupy_copy__complex64_complex64
2488034246,127775,20252,1,1,1,32,32,1,30,0.000,0.000,,,,,NVIDIA A100-SXM4-40GB MIG 4g.20gb (0),1,,13,"void convert_kernel<__half2, float2>(tensor_layout_any, T1 *, tensor_layout_any, const T2 *)"
2488193220,5792,20255,,,,,,,,,,0.094,16176.708,Pinned,Device,NVIDIA A100-SXM4-40GB MIG 4g.20gb (0),1,,13,[CUDA memcpy Host-to-Device]
2488232420,614073,20256,,,,,,,,,,456.561,743282.024,Device,,NVIDIA A100-SXM4-40GB MIG 4g.20gb (0),1,,13,[CUDA memset]
2488856253,61535,20261,,,,,,,,,,1.235,20067.840,Pinned,Device,NVIDIA A100-SXM4-40GB MIG 4g.20gb (0),1,,13,[CUDA memcpy Host-to-Device]
2488922844,12192,20262,,,,,,,,,,0.197,16125.788,Pinned,Device,NVIDIA A100-SXM4-40GB MIG 4g.20gb (0),1,,13,[CUDA memcpy Host-to-Device]
2489112826,24223,20263,69,4,1,48,1,1,76,0.002,0.000,,,,,NVIDIA A100-SXM4-40GB MIG 4g.20gb (0),1,,13,"void ch_est::windowedChEstPreNoDftSOfdmKernel<float, __half, float, (unsigned int)2, (unsigned int)1, (unsigned short)4>(ch_est::puschRxChEstStatDescr_t *, ch_est::puschRxChEstDynDescr_t *)"
2489327191,19392,20264,137,2,1,24,2,1,44,0.001,0.001,,,,,NVIDIA A100-SXM4-40GB MIG 4g.20gb (0),1,,13,"void ch_est::chEstFilterNoDftSOfdmDispatchKernel<float, __half, float, (unsigned int)2>(ch_est::puschRxChEstStatDescr_t *, ch_est::puschRxChEstDynDescr_t *)"
2489450102,11712,20265,137,2,1,24,2,1,44,0.001,0.001,,,,,NVIDIA A100-SXM4-40GB MIG 4g.20gb (0),1,,13,"void ch_est::chEstFilterNoDftSOfdmDispatchKernel<float, __half, float, (unsigned int)2>(ch_est::puschRxChEstStatDescr_t *, ch_est::puschRxChEstDynDescr_t *)"
2489585652,5280,20276,103,1,1,128,1,1,16,0.000,0.000,,,,,NVIDIA A100-SXM4-40GB MIG 4g.20gb (0),1,,13,cupy_copy__complex64_complex64
2489755890,18944,20286,1434,1,1,128,1,1,16,0.000,0.000,,,,,NVIDIA A100-SXM4-40GB MIG 4g.20gb (0),1,,13,cupy_copy__complex64_complex64
2489975536,3936,20293,103,1,1,128,1,1,16,0.000,0.000,,,,,NVIDIA A100-SXM4-40GB MIG 4g.20gb (0),1,,13,cupy_copy__complex64_complex64
2490099822,305181,20300,1,1,1,32,32,1,30,0.000,0.000,,,,,NVIDIA A100-SXM4-40GB MIG 4g.20gb (0),1,,13,"void convert_kernel<__half2, float2>(tensor_layout_any, T1 *, tensor_layout_any, const T2 *)"
2490435946,7424,20303,,,,,,,,,,0.094,12620.664,Pinned,Device,NVIDIA A100-SXM4-40GB MIG 4g.20gb (0),1,,13,[CUDA memcpy Host-to-Device]
2490631592,54623,20304,,,,,,,,,,35.810,655572.205,Device,,NVIDIA A100-SXM4-40GB MIG 4g.20gb (0),1,,13,[CUDA memset]
2490690119,2784,20306,,,,,,,,,,0.000,28.736,Pinned,Device,NVIDIA A100-SXM4-40GB MIG 4g.20gb (0),1,,13,[CUDA memcpy Host-to-Device]
2490695655,9984,20307,,,,,,,,,,0.197,19692.257,Pinned,Device,NVIDIA A100-SXM4-40GB MIG 4g.20gb (0),1,,13,[CUDA memcpy Host-to-Device]
2490897861,19328,20308,273,1,1,48,1,1,40,0.000,0.001,,,,,NVIDIA A100-SXM4-40GB MIG 4g.20gb (0),1,,13,"void pusch_noise_intf_est::noiseIntfEstNoDftSOfdmKernel<float, __half, float, float, (unsigned int)2, (unsigned int)1, (unsigned char)4, (unsigned char)4>(pusch_noise_intf_est::puschRxNoiseIntfEstDynDescr)"
2491104611,13312,20319,35,1,1,128,1,1,16,0.000,0.000,,,,,NVIDIA A100-SXM4-40GB MIG 4g.20gb (0),1,,13,cupy_copy__complex64_complex64
2491187778,3552,20328,1,1,1,1,1,1,18,0.000,0.000,,,,,NVIDIA A100-SXM4-40GB MIG 4g.20gb (0),1,,13,cupy_copy__float32_float32
2491199618,1792,20334,,,,,,,,,,0.000,2.232,Device,Pageable,NVIDIA A100-SXM4-40GB MIG 4g.20gb (0),1,,7,[CUDA memcpy Device-to-Host]
2491296256,15488,20345,1434,1,1,128,1,1,16,0.000,0.000,,,,,NVIDIA A100-SXM4-40GB MIG 4g.20gb (0),1,,13,cupy_copy__complex64_complex64
2491340416,5920,20352,103,1,1,128,1,1,16,0.000,0.000,,,,,NVIDIA A100-SXM4-40GB MIG 4g.20gb (0),1,,13,cupy_copy__complex64_complex64
2491363648,3936,20359,35,1,1,128,1,1,16,0.000,0.000,,,,,NVIDIA A100-SXM4-40GB MIG 4g.20gb (0),1,,13,cupy_copy__complex64_complex64
2491392415,2560,20366,1,1,1,1,1,1,18,0.000,0.000,,,,,NVIDIA A100-SXM4-40GB MIG 4g.20gb (0),1,,13,cupy_copy__float32_float32
2491500510,179262,20377,1,1,1,32,32,1,30,0.000,0.000,,,,,NVIDIA A100-SXM4-40GB MIG 4g.20gb (0),1,,13,"void convert_kernel<__half2, float2>(tensor_layout_any, T1 *, tensor_layout_any, const T2 *)"
2491709756,5376,20380,,,,,,,,,,0.094,17428.487,Pinned,Device,NVIDIA A100-SXM4-40GB MIG 4g.20gb (0),1,,13,[CUDA memcpy Host-to-Device]
2491754395,9024,20381,,,,,,,,,,1.547,171389.139,Device,,NVIDIA A100-SXM4-40GB MIG 4g.20gb (0),1,,13,[CUDA memset]
2491770107,3136,20386,,,,,,,,,,0.031,9979.575,Pinned,Device,NVIDIA A100-SXM4-40GB MIG 4g.20gb (0),1,,13,[CUDA memcpy Host-to-Device]
2491775675,9440,20387,,,,,,,,,,0.197,20827.079,Pinned,Device,NVIDIA A100-SXM4-40GB MIG 4g.20gb (0),1,,13,[CUDA memcpy Host-to-Device]
2491806395,23071,20388,273,1,1,8,4,1,39,0.002,0.000,,,,,NVIDIA A100-SXM4-40GB MIG 4g.20gb (0),1,,13,"void channel_eq::eqMmseCoefCompLowMimoKernel<float, float, float, (unsigned int)4, (unsigned int)1, (unsigned int)4>(const channel_eq::_puschRxChEqStatDescr *, channel_eq::_puschRxChEqCoefCompDynDescr)"
2491864090,26048,20389,273,1,1,12,11,1,51,0.002,0.000,,,,,NVIDIA A100-SXM4-40GB MIG 4g.20gb (0),1,,13,"void channel_eq::eqMmseSoftDemapKernel<float, __half, __half, float, (unsigned int)4, (unsigned short)16383>(channel_eq::_puschRxChEqStatDescr *, channel_eq::_puschRxChEqSoftDemapDynDescr)"
2491945753,732792,20390,1,1,1,32,32,1,30,0.000,0.000,,,,,NVIDIA A100-SXM4-40GB MIG 4g.20gb (0),1,,13,"void convert_kernel<float2, __half2>(tensor_layout_any, T1 *, tensor_layout_any, const T2 *)"
2492819503,15936,20402,2253,1,1,128,1,1,16,0.000,0.000,,,,,NVIDIA A100-SXM4-40GB MIG 4g.20gb (0),1,,13,cupy_copy__float16_float16
2493058092,6720,20411,282,1,1,128,1,1,16,0.000,0.000,,,,,NVIDIA A100-SXM4-40GB MIG 4g.20gb (0),1,,13,cupy_copy__complex64_complex64
2493263594,3680,20420,26,1,1,128,1,1,16,0.000,0.000,,,,,NVIDIA A100-SXM4-40GB MIG 4g.20gb (0),1,,13,cupy_copy__float32_float32
2493489287,4992,20429,103,1,1,128,1,1,16,0.000,0.000,,,,,NVIDIA A100-SXM4-40GB MIG 4g.20gb (0),1,,13,cupy_copy__complex64_complex64
2493707365,16384,20439,1434,1,1,128,1,1,16,0.000,0.000,,,,,NVIDIA A100-SXM4-40GB MIG 4g.20gb (0),1,,13,cupy_copy__complex64_complex64
2493947138,271773,20444,1,1,1,32,32,1,30,0.000,0.000,,,,,NVIDIA A100-SXM4-40GB MIG 4g.20gb (0),1,,13,"void convert_kernel<__half2, float2>(tensor_layout_any, T1 *, tensor_layout_any, const T2 *)"
2494249503,6495,20447,,,,,,,,,,0.094,14425.811,Pinned,Device,NVIDIA A100-SXM4-40GB MIG 4g.20gb (0),1,,13,[CUDA memcpy Host-to-Device]
2494331582,615097,20448,,,,,,,,,,456.561,741912.340,Device,,NVIDIA A100-SXM4-40GB MIG 4g.20gb (0),1,,13,[CUDA memset]
2494950518,52160,20453,,,,,,,,,,1.235,23675.111,Pinned,Device,NVIDIA A100-SXM4-40GB MIG 4g.20gb (0),1,,13,[CUDA memcpy Host-to-Device]
2495005398,9536,20454,,,,,,,,,,0.197,20617.298,Pinned,Device,NVIDIA A100-SXM4-40GB MIG 4g.20gb (0),1,,13,[CUDA memcpy Host-to-Device]
2495071125,21440,20455,69,4,1,48,1,1,76,0.002,0.000,,,,,NVIDIA A100-SXM4-40GB MIG 4g.20gb (0),1,,13,"void ch_est::windowedChEstPreNoDftSOfdmKernel<float, __half, float, (unsigned int)2, (unsigned int)1, (unsigned short)4>(ch_est::puschRxChEstStatDescr_t *, ch_est::puschRxChEstDynDescr_t *)"
2495101461,7936,20456,137,2,1,24,2,1,44,0.001,0.001,,,,,NVIDIA A100-SXM4-40GB MIG 4g.20gb (0),1,,13,"void ch_est::chEstFilterNoDftSOfdmDispatchKernel<float, __half, float, (unsigned int)2>(ch_est::puschRxChEstStatDescr_t *, ch_est::puschRxChEstDynDescr_t *)"
2495134132,28832,20457,137,2,1,24,2,1,44,0.001,0.001,,,,,NVIDIA A100-SXM4-40GB MIG 4g.20gb (0),1,,13,"void ch_est::chEstFilterNoDftSOfdmDispatchKernel<float, __half, float, (unsigned int)2>(ch_est::puschRxChEstStatDescr_t *, ch_est::puschRxChEstDynDescr_t *)"
2495167668,5408,20468,103,1,1,128,1,1,16,0.000,0.000,,,,,NVIDIA A100-SXM4-40GB MIG 4g.20gb (0),1,,13,cupy_copy__complex64_complex64
2495197652,18303,20478,1434,1,1,128,1,1,16,0.000,0.000,,,,,NVIDIA A100-SXM4-40GB MIG 4g.20gb (0),1,,13,cupy_copy__complex64_complex64
2495229555,3872,20485,103,1,1,128,1,1,16,0.000,0.000,,,,,NVIDIA A100-SXM4-40GB MIG 4g.20gb (0),1,,13,cupy_copy__complex64_complex64
2495262131,148286,20492,1,1,1,32,32,1,30,0.000,0.000,,,,,NVIDIA A100-SXM4-40GB MIG 4g.20gb (0),1,,13,"void convert_kernel<__half2, float2>(tensor_layout_any, T1 *, tensor_layout_any, const T2 *)"
2495439057,5376,20495,,,,,,,,,,0.094,17428.487,Pinned,Device,NVIDIA A100-SXM4-40GB MIG 4g.20gb (0),1,,13,[CUDA memcpy Host-to-Device]
2495464913,59199,20496,,,,,,,,,,35.810,604901.169,Device,,NVIDIA A100-SXM4-40GB MIG 4g.20gb (0),1,,13,[CUDA memset]
2495530512,1856,20498,,,,,,,,,,0.000,43.103,Pinned,Device,NVIDIA A100-SXM4-40GB MIG 4g.20gb (0),1,,13,[CUDA memcpy Host-to-Device]
2495534800,9408,20499,,,,,,,,,,0.197,20897.858,Pinned,Device,NVIDIA A100-SXM4-40GB MIG 4g.20gb (0),1,,13,[CUDA memcpy Host-to-Device]
2495643855,23647,20500,273,1,1,48,1,1,40,0.000,0.001,,,,,NVIDIA A100-SXM4-40GB MIG 4g.20gb (0),1,,13,"void pusch_noise_intf_est::noiseIntfEstNoDftSOfdmKernel<float, __half, float, float, (unsigned int)2, (unsigned int)1, (unsigned char)4, (unsigned char)4>(pusch_noise_intf_est::puschRxNoiseIntfEstDynDescr)"
2495808941,6240,20511,35,1,1,128,1,1,16,0.000,0.000,,,,,NVIDIA A100-SXM4-40GB MIG 4g.20gb (0),1,,13,cupy_copy__complex64_complex64
2495920491,3680,20520,1,1,1,1,1,1,18,0.000,0.000,,,,,NVIDIA A100-SXM4-40GB MIG 4g.20gb (0),1,,13,cupy_copy__float32_float32
2495929867,4224,20526,,,,,,,,,,0.000,0.947,Device,Pageable,NVIDIA A100-SXM4-40GB MIG 4g.20gb (0),1,,7,[CUDA memcpy Device-to-Host]
2496106025,19424,20537,1434,1,1,128,1,1,16,0.000,0.000,,,,,NVIDIA A100-SXM4-40GB MIG 4g.20gb (0),1,,13,cupy_copy__complex64_complex64
2496307847,6528,20544,103,1,1,128,1,1,16,0.000,0.000,,,,,NVIDIA A100-SXM4-40GB MIG 4g.20gb (0),1,,13,cupy_copy__complex64_complex64
2496455013,4896,20551,35,1,1,128,1,1,16,0.000,0.000,,,,,NVIDIA A100-SXM4-40GB MIG 4g.20gb (0),1,,13,cupy_copy__complex64_complex64
2496598660,4639,20558,1,1,1,1,1,1,18,0.000,0.000,,,,,NVIDIA A100-SXM4-40GB MIG 4g.20gb (0),1,,13,cupy_copy__float32_float32
2496798401,286237,20569,1,1,1,32,32,1,30,0.000,0.000,,,,,NVIDIA A100-SXM4-40GB MIG 4g.20gb (0),1,,13,"void convert_kernel<__half2, float2>(tensor_layout_any, T1 *, tensor_layout_any, const T2 *)"
2497115230,14047,20572,,,,,,,,,,0.094,6670.125,Pinned,Device,NVIDIA A100-SXM4-40GB MIG 4g.20gb (0),1,,13,[CUDA memcpy Host-to-Device]
2497302715,9376,20573,,,,,,,,,,1.547,164955.183,Device,,NVIDIA A100-SXM4-40GB MIG 4g.20gb (0),1,,13,[CUDA memset]
2497315355,7840,20578,,,,,,,,,,0.031,3991.836,Pinned,Device,NVIDIA A100-SXM4-40GB MIG 4g.20gb (0),1,,13,[CUDA memcpy Host-to-Device]
2497328027,9792,20579,,,,,,,,,,0.197,20078.395,Pinned,Device,NVIDIA A100-SXM4-40GB MIG 4g.20gb (0),1,,13,[CUDA memcpy Host-to-Device]
2497535225,19648,20580,273,1,1,8,4,1,39,0.002,0.000,,,,,NVIDIA A100-SXM4-40GB MIG 4g.20gb (0),1,,13,"void channel_eq::eqMmseCoefCompLowMimoKernel<float, float, float, (unsigned int)4, (unsigned int)1, (unsigned int)4>(const channel_eq::_puschRxChEqStatDescr *, channel_eq::_puschRxChEqCoefCompDynDescr)"
2497745398,13120,20581,273,1,1,12,11,1,51,0.002,0.000,,,,,NVIDIA A100-SXM4-40GB MIG 4g.20gb (0),1,,13,"void channel_eq::eqMmseSoftDemapKernel<float, __half, __half, float, (unsigned int)4, (unsigned short)16383>(channel_eq::_puschRxChEqStatDescr *, channel_eq::_puschRxChEqSoftDemapDynDescr)"
2497900085,676376,20582,1,1,1,32,32,1,30,0.000,0.000,,,,,NVIDIA A100-SXM4-40GB MIG 4g.20gb (0),1,,13,"void convert_kernel<float2, __half2>(tensor_layout_any, T1 *, tensor_layout_any, const T2 *)"
2498592333,12799,20594,2253,1,1,128,1,1,16,0.000,0.000,,,,,NVIDIA A100-SXM4-40GB MIG 4g.20gb (0),1,,13,cupy_copy__float16_float16
2498634252,10560,20603,282,1,1,128,1,1,16,0.000,0.000,,,,,NVIDIA A100-SXM4-40GB MIG 4g.20gb (0),1,,13,cupy_copy__complex64_complex64
2498698891,5792,20612,26,1,1,128,1,1,16,0.000,0.000,,,,,NVIDIA A100-SXM4-40GB MIG 4g.20gb (0),1,,13,cupy_copy__float32_float32
2498797002,5600,20621,103,1,1,128,1,1,16,0.000,0.000,,,,,NVIDIA A100-SXM4-40GB MIG 4g.20gb (0),1,,13,cupy_copy__complex64_complex64
2498851914,18559,20631,1434,1,1,128,1,1,16,0.000,0.000,,,,,NVIDIA A100-SXM4-40GB MIG 4g.20gb (0),1,,13,cupy_copy__complex64_complex64
2498933417,352156,20636,1,1,1,32,32,1,30,0.000,0.000,,,,,NVIDIA A100-SXM4-40GB MIG 4g.20gb (0),1,,13,"void convert_kernel<__half2, float2>(tensor_layout_any, T1 *, tensor_layout_any, const T2 *)"
2499316516,9376,20639,,,,,,,,,,0.094,9993.147,Pinned,Device,NVIDIA A100-SXM4-40GB MIG 4g.20gb (0),1,,13,[CUDA memcpy Host-to-Device]
2499497474,611481,20640,,,,,,,,,,456.561,746477.954,Device,,NVIDIA A100-SXM4-40GB MIG 4g.20gb (0),1,,13,[CUDA memset]
2500117819,63231,20645,,,,,,,,,,1.235,19530.639,Pinned,Device,NVIDIA A100-SXM4-40GB MIG 4g.20gb (0),1,,13,[CUDA memcpy Host-to-Device]
2500186522,15968,20646,,,,,,,,,,0.197,12312.576,Pinned,Device,NVIDIA A100-SXM4-40GB MIG 4g.20gb (0),1,,13,[CUDA memcpy Host-to-Device]
2500334457,15839,20647,69,4,1,48,1,1,76,0.002,0.000,,,,,NVIDIA A100-SXM4-40GB MIG 4g.20gb (0),1,,13,"void ch_est::windowedChEstPreNoDftSOfdmKernel<float, __half, float, (unsigned int)2, (unsigned int)1, (unsigned short)4>(ch_est::puschRxChEstStatDescr_t *, ch_est::puschRxChEstDynDescr_t *)"
2500557558,11680,20648,137,2,1,24,2,1,44,0.001,0.001,,,,,NVIDIA A100-SXM4-40GB MIG 4g.20gb (0),1,,13,"void ch_est::chEstFilterNoDftSOfdmDispatchKernel<float, __half, float, (unsigned int)2>(ch_est::puschRxChEstStatDescr_t *, ch_est::puschRxChEstDynDescr_t *)"
2500796595,11648,20649,137,2,1,24,2,1,44,0.001,0.001,,,,,NVIDIA A100-SXM4-40GB MIG 4g.20gb (0),1,,13,"void ch_est::chEstFilterNoDftSOfdmDispatchKernel<float, __half, float, (unsigned int)2>(ch_est::puschRxChEstStatDescr_t *, ch_est::puschRxChEstDynDescr_t *)"
2501002641,6432,20660,103,1,1,128,1,1,16,0.000,0.000,,,,,NVIDIA A100-SXM4-40GB MIG 4g.20gb (0),1,,13,cupy_copy__complex64_complex64
2501189679,19328,20670,1434,1,1,128,1,1,16,0.000,0.000,,,,,NVIDIA A100-SXM4-40GB MIG 4g.20gb (0),1,,13,cupy_copy__complex64_complex64
2501351853,10080,20677,103,1,1,128,1,1,16,0.000,0.000,,,,,NVIDIA A100-SXM4-40GB MIG 4g.20gb (0),1,,13,cupy_copy__complex64_complex64
2501416460,277693,20684,1,1,1,32,32,1,30,0.000,0.000,,,,,NVIDIA A100-SXM4-40GB MIG 4g.20gb (0),1,,13,"void convert_kernel<__half2, float2>(tensor_layout_any, T1 *, tensor_layout_any, const T2 *)"
2501724553,8832,20687,,,,,,,,,,0.094,10608.636,Pinned,Device,NVIDIA A100-SXM4-40GB MIG 4g.20gb (0),1,,13,[CUDA memcpy Host-to-Device]
2501833831,51712,20688,,,,,,,,,,35.810,692456.423,Device,,NVIDIA A100-SXM4-40GB MIG 4g.20gb (0),1,,13,[CUDA memset]
2501886215,1856,20690,,,,,,,,,,0.000,43.103,Pinned,Device,NVIDIA A100-SXM4-40GB MIG 4g.20gb (0),1,,13,[CUDA memcpy Host-to-Device]
2501891655,10368,20691,,,,,,,,,,0.197,18962.842,Pinned,Device,NVIDIA A100-SXM4-40GB MIG 4g.20gb (0),1,,13,[CUDA memcpy Host-to-Device]
2501936582,23168,20692,273,1,1,48,1,1,40,0.000,0.001,,,,,NVIDIA A100-SXM4-40GB MIG 4g.20gb (0),1,,13,"void pusch_noise_intf_est::noiseIntfEstNoDftSOfdmKernel<float, __half, float, float, (unsigned int)2, (unsigned int)1, (unsigned char)4, (unsigned char)4>(pusch_noise_intf_est::puschRxNoiseIntfEstDynDescr)"
2501996133,5600,20703,35,1,1,128,1,1,16,0.000,0.000,,,,,NVIDIA A100-SXM4-40GB MIG 4g.20gb (0),1,,13,cupy_copy__complex64_complex64
2502025445,4512,20712,1,1,1,1,1,1,18,0.000,0.000,,,,,NVIDIA A100-SXM4-40GB MIG 4g.20gb (0),1,,13,cupy_copy__float32_float32
2502036933,1600,20718,,,,,,,,,,0.000,2.500,Device,Pageable,NVIDIA A100-SXM4-40GB MIG 4g.20gb (0),1,,7,[CUDA memcpy Device-to-Host]
2502129444,19232,20729,1434,1,1,128,1,1,16,0.000,0.000,,,,,NVIDIA A100-SXM4-40GB MIG 4g.20gb (0),1,,13,cupy_copy__complex64_complex64
2502162404,4064,20736,103,1,1,128,1,1,16,0.000,0.000,,,,,NVIDIA A100-SXM4-40GB MIG 4g.20gb (0),1,,13,cupy_copy__complex64_complex64
2502238691,7232,20743,35,1,1,128,1,1,16,0.000,0.000,,,,,NVIDIA A100-SXM4-40GB MIG 4g.20gb (0),1,,13,cupy_copy__complex64_complex64
2502327394,3424,20750,1,1,1,1,1,1,18,0.000,0.000,,,,,NVIDIA A100-SXM4-40GB MIG 4g.20gb (0),1,,13,cupy_copy__float32_float32
2502389569,288381,20761,1,1,1,32,32,1,30,0.000,0.000,,,,,NVIDIA A100-SXM4-40GB MIG 4g.20gb (0),1,,13,"void convert_kernel<__half2, float2>(tensor_layout_any, T1 *, tensor_layout_any, const T2 *)"
2502708669,9376,20764,,,,,,,,,,0.094,9993.147,Pinned,Device,NVIDIA A100-SXM4-40GB MIG 4g.20gb (0),1,,13,[CUDA memcpy Host-to-Device]
2502895643,10688,20765,,,,,,,,,,1.547,144705.235,Device,,NVIDIA A100-SXM4-40GB MIG 4g.20gb (0),1,,13,[CUDA memset]
2502908859,3552,20770,,,,,,,,,,0.031,8810.794,Pinned,Device,NVIDIA A100-SXM4-40GB MIG 4g.20gb (0),1,,13,[CUDA memcpy Host-to-Device]
2502915963,10656,20771,,,,,,,,,,0.197,18450.285,Pinned,Device,NVIDIA A100-SXM4-40GB MIG 4g.20gb (0),1,,13,[CUDA memcpy Host-to-Device]
2503096217,19872,20772,273,1,1,8,4,1,39,0.002,0.000,,,,,NVIDIA A100-SXM4-40GB MIG 4g.20gb (0),1,,13,"void channel_eq::eqMmseCoefCompLowMimoKernel<float, float, float, (unsigned int)4, (unsigned int)1, (unsigned int)4>(const channel_eq::_puschRxChEqStatDescr *, channel_eq::_puschRxChEqCoefCompDynDescr)"
2503230007,28352,20773,273,1,1,12,11,1,51,0.002,0.000,,,,,NVIDIA A100-SXM4-40GB MIG 4g.20gb (0),1,,13,"void channel_eq::eqMmseSoftDemapKernel<float, __half, __half, float, (unsigned int)4, (unsigned short)16383>(channel_eq::_puschRxChEqStatDescr *, channel_eq::_puschRxChEqSoftDemapDynDescr)"
2503418005,904662,20774,1,1,1,32,32,1,30,0.000,0.000,,,,,NVIDIA A100-SXM4-40GB MIG 4g.20gb (0),1,,13,"void convert_kernel<float2, __half2>(tensor_layout_any, T1 *, tensor_layout_any, const T2 *)"
2504388074,21248,20786,2253,1,1,128,1,1,16,0.000,0.000,,,,,NVIDIA A100-SXM4-40GB MIG 4g.20gb (0),1,,13,cupy_copy__float16_float16
2504487625,10784,20795,282,1,1,128,1,1,16,0.000,0.000,,,,,NVIDIA A100-SXM4-40GB MIG 4g.20gb (0),1,,13,cupy_copy__complex64_complex64
2504525160,6720,20804,26,1,1,128,1,1,16,0.000,0.000,,,,,NVIDIA A100-SXM4-40GB MIG 4g.20gb (0),1,,13,cupy_copy__float32_float32
2504571464,15968,20813,103,1,1,128,1,1,16,0.000,0.000,,,,,NVIDIA A100-SXM4-40GB MIG 4g.20gb (0),1,,13,cupy_copy__complex64_complex64
2504617735,19680,20823,1434,1,1,128,1,1,16,0.000,0.000,,,,,NVIDIA A100-SXM4-40GB MIG 4g.20gb (0),1,,13,cupy_copy__complex64_complex64
2504689767,466906,20828,1,1,1,32,32,1,30,0.000,0.000,,,,,NVIDIA A100-SXM4-40GB MIG 4g.20gb (0),1,,13,"void convert_kernel<__half2, float2>(tensor_layout_any, T1 *, tensor_layout_any, const T2 *)"
2505187809,6208,20831,,,,,,,,,,0.094,15092.739,Pinned,Device,NVIDIA A100-SXM4-40GB MIG 4g.20gb (0),1,,13,[CUDA memcpy Host-to-Device]
2505431998,621625,20832,,,,,,,,,,456.561,734150.796,Device,,NVIDIA A100-SXM4-40GB MIG 4g.20gb (0),1,,13,[CUDA memset]
2506062071,54527,20837,,,,,,,,,,1.235,22647.638,Pinned,Device,NVIDIA A100-SXM4-40GB MIG 4g.20gb (0),1,,13,[CUDA memcpy Host-to-Device]
2506119126,10816,20838,,,,,,,,,,0.197,18177.393,Pinned,Device,NVIDIA A100-SXM4-40GB MIG 4g.20gb (0),1,,13,[CUDA memcpy Host-to-Device]
2506316692,21152,20839,69,4,1,48,1,1,76,0.002,0.000,,,,,NVIDIA A100-SXM4-40GB MIG 4g.20gb (0),1,,13,"void ch_est::windowedChEstPreNoDftSOfdmKernel<float, __half, float, (unsigned int)2, (unsigned int)1, (unsigned short)4>(ch_est::puschRxChEstStatDescr_t *, ch_est::puschRxChEstDynDescr_t *)"
2506422163,10655,20840,137,2,1,24,2,1,44,0.001,0.001,,,,,NVIDIA A100-SXM4-40GB MIG 4g.20gb (0),1,,13,"void ch_est::chEstFilterNoDftSOfdmDispatchKernel<float, __half, float, (unsigned int)2>(ch_est::puschRxChEstStatDescr_t *, ch_est::puschRxChEstDynDescr_t *)"
2506608688,25952,20841,137,2,1,24,2,1,44,0.001,0.001,,,,,NVIDIA A100-SXM4-40GB MIG 4g.20gb (0),1,,13,"void ch_est::chEstFilterNoDftSOfdmDispatchKernel<float, __half, float, (unsigned int)2>(ch_est::puschRxChEstStatDescr_t *, ch_est::puschRxChEstDynDescr_t *)"
2506830190,4672,20852,103,1,1,128,1,1,16,0.000,0.000,,,,,NVIDIA A100-SXM4-40GB MIG 4g.20gb (0),1,,13,cupy_copy__complex64_complex64
2506917325,19040,20862,1434,1,1,128,1,1,16,0.000,0.000,,,,,NVIDIA A100-SXM4-40GB MIG 4g.20gb (0),1,,13,cupy_copy__complex64_complex64
2507241929,6880,20869,103,1,1,128,1,1,16,0.000,0.000,,,,,NVIDIA A100-SXM4-40GB MIG 4g.20gb (0),1,,13,cupy_copy__complex64_complex64
2507457447,288284,20876,1,1,1,32,32,1,30,0.000,0.000,,,,,NVIDIA A100-SXM4-40GB MIG 4g.20gb (0),1,,13,"void convert_kernel<__half2, float2>(tensor_layout_any, T1 *, tensor_layout_any, const T2 *)"
2507777411,9152,20879,,,,,,,,,,0.094,10237.693,Pinned,Device,NVIDIA A100-SXM4-40GB MIG 4g.20gb (0),1,,13,[CUDA memcpy Host-to-Device]
2507934657,73471,20880,,,,,,,,,,35.810,487373.011,Device,,NVIDIA A100-SXM4-40GB MIG 4g.20gb (0),1,,13,[CUDA memset]
2508013664,3168,20882,,,,,,,,,,0.000,25.252,Pinned,Device,NVIDIA A100-SXM4-40GB MIG 4g.20gb (0),1,,13,[CUDA memcpy Host-to-Device]
2508019776,15136,20883,,,,,,,,,,0.197,12989.301,Pinned,Device,NVIDIA A100-SXM4-40GB MIG 4g.20gb (0),1,,13,[CUDA memcpy Host-to-Device]
2508153311,19871,20884,273,1,1,48,1,1,40,0.000,0.001,,,,,NVIDIA A100-SXM4-40GB MIG 4g.20gb (0),1,,13,"void pusch_noise_intf_est::noiseIntfEstNoDftSOfdmKernel<float, __half, float, float, (unsigned int)2, (unsigned int)1, (unsigned char)4, (unsigned char)4>(pusch_noise_intf_est::puschRxNoiseIntfEstDynDescr)"
2508401020,8640,20895,35,1,1,128,1,1,16,0.000,0.000,,,,,NVIDIA A100-SXM4-40GB MIG 4g.20gb (0),1,,13,cupy_copy__complex64_complex64
2508595418,3136,20904,1,1,1,1,1,1,18,0.000,0.000,,,,,NVIDIA A100-SXM4-40GB MIG 4g.20gb (0),1,,13,cupy_copy__float32_float32
2508605498,1984,20910,,,,,,,,,,0.000,2.016,Device,Pageable,NVIDIA A100-SXM4-40GB MIG 4g.20gb (0),1,,7,[CUDA memcpy Device-to-Host]
2508770680,18079,20921,1434,1,1,128,1,1,16,0.000,0.000,,,,,NVIDIA A100-SXM4-40GB MIG 4g.20gb (0),1,,13,cupy_copy__complex64_complex64
2508865623,6751,20928,103,1,1,128,1,1,16,0.000,0.000,,,,,NVIDIA A100-SXM4-40GB MIG 4g.20gb (0),1,,13,cupy_copy__complex64_complex64
2508947446,4576,20935,35,1,1,128,1,1,16,0.000,0.000,,,,,NVIDIA A100-SXM4-40GB MIG 4g.20gb (0),1,,13,cupy_copy__complex64_complex64
2509161811,3264,20942,1,1,1,1,1,1,18,0.000,0.000,,,,,NVIDIA A100-SXM4-40GB MIG 4g.20gb (0),1,,13,cupy_copy__float32_float32
2509287314,388411,20953,1,1,1,32,32,1,30,0.000,0.000,,,,,NVIDIA A100-SXM4-40GB MIG 4g.20gb (0),1,,13,"void convert_kernel<__half2, float2>(tensor_layout_any, T1 *, tensor_layout_any, const T2 *)"
2509706541,5376,20956,,,,,,,,,,0.094,17428.487,Pinned,Device,NVIDIA A100-SXM4-40GB MIG 4g.20gb (0),1,,13,[CUDA memcpy Host-to-Device]
2509751340,5152,20957,,,,,,,,,,1.547,300198.172,Device,,NVIDIA A100-SXM4-40GB MIG 4g.20gb (0),1,,13,[CUDA memset]
2509759436,3296,20962,,,,,,,,,,0.031,9495.144,Pinned,Device,NVIDIA A100-SXM4-40GB MIG 4g.20gb (0),1,,13,[CUDA memcpy Host-to-Device]
2509765164,10080,20963,,,,,,,,,,0.197,19504.693,Pinned,Device,NVIDIA A100-SXM4-40GB MIG 4g.20gb (0),1,,13,[CUDA memcpy Host-to-Device]
2509835723,34944,20964,273,1,1,8,4,1,39,0.002,0.000,,,,,NVIDIA A100-SXM4-40GB MIG 4g.20gb (0),1,,13,"void channel_eq::eqMmseCoefCompLowMimoKernel<float, float, float, (unsigned int)4, (unsigned int)1, (unsigned int)4>(const channel_eq::_puschRxChEqStatDescr *, channel_eq::_puschRxChEqCoefCompDynDescr)"
2509949130,18208,20965,273,1,1,12,11,1,51,0.002,0.000,,,,,NVIDIA A100-SXM4-40GB MIG 4g.20gb (0),1,,13,"void channel_eq::eqMmseSoftDemapKernel<float, __half, __half, float, (unsigned int)4, (unsigned short)16383>(channel_eq::_puschRxChEqStatDescr *, channel_eq::_puschRxChEqSoftDemapDynDescr)"
2510054761,755159,20966,1,1,1,32,32,1,30,0.000,0.000,,,,,NVIDIA A100-SXM4-40GB MIG 4g.20gb (0),1,,13,"void convert_kernel<float2, __half2>(tensor_layout_any, T1 *, tensor_layout_any, const T2 *)"
2511121181,16959,20978,2253,1,1,128,1,1,16,0.000,0.000,,,,,NVIDIA A100-SXM4-40GB MIG 4g.20gb (0),1,,13,cupy_copy__float16_float16
2511453049,13504,20987,282,1,1,128,1,1,16,0.000,0.000,,,,,NVIDIA A100-SXM4-40GB MIG 4g.20gb (0),1,,13,cupy_copy__complex64_complex64
2511819125,4416,20996,26,1,1,128,1,1,16,0.000,0.000,,,,,NVIDIA A100-SXM4-40GB MIG 4g.20gb (0),1,,13,cupy_copy__float32_float32
2512000818,6048,21005,103,1,1,128,1,1,16,0.000,0.000,,,,,NVIDIA A100-SXM4-40GB MIG 4g.20gb (0),1,,13,cupy_copy__complex64_complex64
2512338415,18047,21015,1434,1,1,128,1,1,16,0.000,0.000,,,,,NVIDIA A100-SXM4-40GB MIG 4g.20gb (0),1,,13,cupy_copy__complex64_complex64
2512753098,272221,21020,1,1,1,32,32,1,30,0.000,0.000,,,,,NVIDIA A100-SXM4-40GB MIG 4g.20gb (0),1,,13,"void convert_kernel<__half2, float2>(tensor_layout_any, T1 *, tensor_layout_any, const T2 *)"
2513055814,6016,21023,,,,,,,,,,0.094,15574.430,Pinned,Device,NVIDIA A100-SXM4-40GB MIG 4g.20gb (0),1,,13,[CUDA memcpy Host-to-Device]
2513218980,608122,21024,,,,,,,,,,456.561,750587.007,Device,,NVIDIA A100-SXM4-40GB MIG 4g.20gb (0),1,,13,[CUDA memset]
2513830621,51744,21029,,,,,,,,,,1.235,23865.293,Pinned,Device,NVIDIA A100-SXM4-40GB MIG 4g.20gb (0),1,,13,[CUDA memcpy Host-to-Device]
2513885597,10208,21030,,,,,,,,,,0.197,19260.113,Pinned,Device,NVIDIA A100-SXM4-40GB MIG 4g.20gb (0),1,,13,[CUDA memcpy Host-to-Device]
2514161626,13088,21031,69,4,1,48,1,1,76,0.002,0.000,,,,,NVIDIA A100-SXM4-40GB MIG 4g.20gb (0),1,,13,"void ch_est::windowedChEstPreNoDftSOfdmKernel<float, __half, float, (unsigned int)2, (unsigned int)1, (unsigned short)4>(ch_est::puschRxChEstStatDescr_t *, ch_est::puschRxChEstDynDescr_t *)"
2514502038,11200,21032,137,2,1,24,2,1,44,0.001,0.001,,,,,NVIDIA A100-SXM4-40GB MIG 4g.20gb (0),1,,13,"void ch_est::chEstFilterNoDftSOfdmDispatchKernel<float, __half, float, (unsigned int)2>(ch_est::puschRxChEstStatDescr_t *, ch_est::puschRxChEstDynDescr_t *)"
2514842226,29024,21033,137,2,1,24,2,1,44,0.001,0.001,,,,,NVIDIA A100-SXM4-40GB MIG 4g.20gb (0),1,,13,"void ch_est::chEstFilterNoDftSOfdmDispatchKernel<float, __half, float, (unsigned int)2>(ch_est::puschRxChEstStatDescr_t *, ch_est::puschRxChEstDynDescr_t *)"
2514912209,8224,21044,103,1,1,128,1,1,16,0.000,0.000,,,,,NVIDIA A100-SXM4-40GB MIG 4g.20gb (0),1,,13,cupy_copy__complex64_complex64
2514992784,20704,21054,1434,1,1,128,1,1,16,0.000,0.000,,,,,NVIDIA A100-SXM4-40GB MIG 4g.20gb (0),1,,13,cupy_copy__complex64_complex64
2515118927,7424,21061,103,1,1,128,1,1,16,0.000,0.000,,,,,NVIDIA A100-SXM4-40GB MIG 4g.20gb (0),1,,13,cupy_copy__complex64_complex64
2515165102,292093,21068,1,1,1,32,32,1,30,0.000,0.000,,,,,NVIDIA A100-SXM4-40GB MIG 4g.20gb (0),1,,13,"void convert_kernel<__half2, float2>(tensor_layout_any, T1 *, tensor_layout_any, const T2 *)"
2515486218,5376,21071,,,,,,,,,,0.094,17428.487,Pinned,Device,NVIDIA A100-SXM4-40GB MIG 4g.20gb (0),1,,13,[CUDA memcpy Host-to-Device]
2515582953,46720,21072,,,,,,,,,,35.810,766475.528,Device,,NVIDIA A100-SXM4-40GB MIG 4g.20gb (0),1,,13,[CUDA memset]
2515635529,2816,21074,,,,,,,,,,0.000,28.409,Pinned,Device,NVIDIA A100-SXM4-40GB MIG 4g.20gb (0),1,,13,[CUDA memcpy Host-to-Device]
2515640809,9376,21075,,,,,,,,,,0.197,20969.226,Pinned,Device,NVIDIA A100-SXM4-40GB MIG 4g.20gb (0),1,,13,[CUDA memcpy Host-to-Device]
2515741415,32896,21076,273,1,1,48,1,1,40,0.000,0.001,,,,,NVIDIA A100-SXM4-40GB MIG 4g.20gb (0),1,,13,"void pusch_noise_intf_est::noiseIntfEstNoDftSOfdmKernel<float, __half, float, float, (unsigned int)2, (unsigned int)1, (unsigned char)4, (unsigned char)4>(pusch_noise_intf_est::puschRxNoiseIntfEstDynDescr)"
2515911686,4159,21087,35,1,1,128,1,1,16,0.000,0.000,,,,,NVIDIA A100-SXM4-40GB MIG 4g.20gb (0),1,,13,cupy_copy__complex64_complex64
2516104131,3072,21096,1,1,1,1,1,1,18,0.000,0.000,,,,,NVIDIA A100-SXM4-40GB MIG 4g.20gb (0),1,,13,cupy_copy__float32_float32
2516108675,3008,21102,,,,,,,,,,0.000,1.330,Device,Pageable,NVIDIA A100-SXM4-40GB MIG 4g.20gb (0),1,,7,[CUDA memcpy Device-to-Host]
2516315169,17344,21113,1434,1,1,128,1,1,16,0.000,0.000,,,,,NVIDIA A100-SXM4-40GB MIG 4g.20gb (0),1,,13,cupy_copy__complex64_complex64
2516367040,10560,21120,103,1,1,128,1,1,16,0.000,0.000,,,,,NVIDIA A100-SXM4-40GB MIG 4g.20gb (0),1,,13,cupy_copy__complex64_complex64
2516406368,13088,21127,35,1,1,128,1,1,16,0.000,0.000,,,,,NVIDIA A100-SXM4-40GB MIG 4g.20gb (0),1,,13,cupy_copy__complex64_complex64
2516449471,8384,21134,1,1,1,1,1,1,18,0.000,0.000,,,,,NVIDIA A100-SXM4-40GB MIG 4g.20gb (0),1,,13,cupy_copy__float32_float32
2516490367,478394,21145,1,1,1,32,32,1,30,0.000,0.000,,,,,NVIDIA A100-SXM4-40GB MIG 4g.20gb (0),1,,13,"void convert_kernel<__half2, float2>(tensor_layout_any, T1 *, tensor_layout_any, const T2 *)"
2516997657,5440,21148,,,,,,,,,,0.094,17223.480,Pinned,Device,NVIDIA A100-SXM4-40GB MIG 4g.20gb (0),1,,13,[CUDA memcpy Host-to-Device]
2517136695,11584,21149,,,,,,,,,,1.547,133512.317,Device,,NVIDIA A100-SXM4-40GB MIG 4g.20gb (0),1,,13,[CUDA memset]
2517153239,6912,21154,,,,,,,,,,0.031,4527.749,Pinned,Device,NVIDIA A100-SXM4-40GB MIG 4g.20gb (0),1,,13,[CUDA memcpy Host-to-Device]
2517164215,12384,21155,,,,,,,,,,0.197,15875.899,Pinned,Device,NVIDIA A100-SXM4-40GB MIG 4g.20gb (0),1,,13,[CUDA memcpy Host-to-Device]
2517312373,19520,21156,273,1,1,8,4,1,39,0.002,0.000,,,,,NVIDIA A100-SXM4-40GB MIG 4g.20gb (0),1,,13,"void channel_eq::eqMmseCoefCompLowMimoKernel<float, float, float, (unsigned int)4, (unsigned int)1, (unsigned int)4>(const channel_eq::_puschRxChEqStatDescr *, channel_eq::_puschRxChEqCoefCompDynDescr)"
2517523859,19968,21157,273,1,1,12,11,1,51,0.002,0.000,,,,,NVIDIA A100-SXM4-40GB MIG 4g.20gb (0),1,,13,"void channel_eq::eqMmseSoftDemapKernel<float, __half, __half, float, (unsigned int)4, (unsigned short)16383>(channel_eq::_puschRxChEqStatDescr *, channel_eq::_puschRxChEqSoftDemapDynDescr)"
2517737681,832950,21158,1,1,1,32,32,1,30,0.000,0.000,,,,,NVIDIA A100-SXM4-40GB MIG 4g.20gb (0),1,,13,"void convert_kernel<float2, __half2>(tensor_layout_any, T1 *, tensor_layout_any, const T2 *)"
2518668614,23392,21170,2253,1,1,128,1,1,16,0.000,0.000,,,,,NVIDIA A100-SXM4-40GB MIG 4g.20gb (0),1,,13,cupy_copy__float16_float16
2518756389,9856,21179,282,1,1,128,1,1,16,0.000,0.000,,,,,NVIDIA A100-SXM4-40GB MIG 4g.20gb (0),1,,13,cupy_copy__complex64_complex64
2518858468,3552,21188,26,1,1,128,1,1,16,0.000,0.000,,,,,NVIDIA A100-SXM4-40GB MIG 4g.20gb (0),1,,13,cupy_copy__float32_float32
2518959331,13855,21197,103,1,1,128,1,1,16,0.000,0.000,,,,,NVIDIA A100-SXM4-40GB MIG 4g.20gb (0),1,,13,cupy_copy__complex64_complex64
2519043426,18111,21207,1434,1,1,128,1,1,16,0.000,0.000,,,,,NVIDIA A100-SXM4-40GB MIG 4g.20gb (0),1,,13,cupy_copy__complex64_complex64
2519160448,231550,21212,1,1,1,32,32,1,30,0.000,0.000,,,,,NVIDIA A100-SXM4-40GB MIG 4g.20gb (0),1,,13,"void convert_kernel<__half2, float2>(tensor_layout_any, T1 *, tensor_layout_any, const T2 *)"
2519421725,6336,21215,,,,,,,,,,0.094,14787.852,Pinned,Device,NVIDIA A100-SXM4-40GB MIG 4g.20gb (0),1,,13,[CUDA memcpy Host-to-Device]
2519478397,628312,21216,,,,,,,,,,456.561,726389.251,Device,,NVIDIA A100-SXM4-40GB MIG 4g.20gb (0),1,,13,[CUDA memset]
2520112373,51840,21221,,,,,,,,,,1.235,23822.070,Pinned,Device,NVIDIA A100-SXM4-40GB MIG 4g.20gb (0),1,,13,[CUDA memcpy Host-to-Device]
2520166933,9952,21222,,,,,,,,,,0.197,19755.565,Pinned,Device,NVIDIA A100-SXM4-40GB MIG 4g.20gb (0),1,,13,[CUDA memcpy Host-to-Device]
2520202068,12576,21223,69,4,1,48,1,1,76,0.002,0.000,,,,,NVIDIA A100-SXM4-40GB MIG 4g.20gb (0),1,,13,"void ch_est::windowedChEstPreNoDftSOfdmKernel<float, __half, float, (unsigned int)2, (unsigned int)1, (unsigned short)4>(ch_est::puschRxChEstStatDescr_t *, ch_est::puschRxChEstDynDescr_t *)"
2520273203,11584,21224,137,2,1,24,2,1,44,0.001,0.001,,,,,NVIDIA A100-SXM4-40GB MIG 4g.20gb (0),1,,13,"void ch_est::chEstFilterNoDftSOfdmDispatchKernel<float, __half, float, (unsigned int)2>(ch_est::puschRxChEstStatDescr_t *, ch_est::puschRxChEstDynDescr_t *)"
2520308371,28192,21225,137,2,1,24,2,1,44,0.001,0.001,,,,,NVIDIA A100-SXM4-40GB MIG 4g.20gb (0),1,,13,"void ch_est::chEstFilterNoDftSOfdmDispatchKernel<float, __half, float, (unsigned int)2>(ch_est::puschRxChEstStatDescr_t *, ch_est::puschRxChEstDynDescr_t *)"
2520346643,4064,21236,103,1,1,128,1,1,16,0.000,0.000,,,,,NVIDIA A100-SXM4-40GB MIG 4g.20gb (0),1,,13,cupy_copy__complex64_complex64
2520377010,20992,21246,1434,1,1,128,1,1,16,0.000,0.000,,,,,NVIDIA A100-SXM4-40GB MIG 4g.20gb (0),1,,13,cupy_copy__complex64_complex64
2520420722,5184,21253,103,1,1,128,1,1,16,0.000,0.000,,,,,NVIDIA A100-SXM4-40GB MIG 4g.20gb (0),1,,13,cupy_copy__complex64_complex64
2520463057,150078,21260,1,1,1,32,32,1,30,0.000,0.000,,,,,NVIDIA A100-SXM4-40GB MIG 4g.20gb (0),1,,13,"void convert_kernel<__half2, float2>(tensor_layout_any, T1 *, tensor_layout_any, const T2 *)"
2520642287,5376,21263,,,,,,,,,,0.094,17428.487,Pinned,Device,NVIDIA A100-SXM4-40GB MIG 4g.20gb (0),1,,13,[CUDA memcpy Host-to-Device]
2520680239,58463,21264,,,,,,,,,,35.810,612492.872,Device,,NVIDIA A100-SXM4-40GB MIG 4g.20gb (0),1,,13,[CUDA memset]
2520746222,1824,21266,,,,,,,,,,0.000,43.860,Pinned,Device,NVIDIA A100-SXM4-40GB MIG 4g.20gb (0),1,,13,[CUDA memcpy Host-to-Device]
2520750510,9312,21267,,,,,,,,,,0.197,21113.340,Pinned,Device,NVIDIA A100-SXM4-40GB MIG 4g.20gb (0),1,,13,[CUDA memcpy Host-to-Device]
2520808013,51456,21268,273,1,1,48,1,1,40,0.000,0.001,,,,,NVIDIA A100-SXM4-40GB MIG 4g.20gb (0),1,,13,"void pusch_noise_intf_est::noiseIntfEstNoDftSOfdmKernel<float, __half, float, float, (unsigned int)2, (unsigned int)1, (unsigned char)4, (unsigned char)4>(pusch_noise_intf_est::puschRxNoiseIntfEstDynDescr)"
2520935852,12544,21279,35,1,1,128,1,1,16,0.000,0.000,,,,,NVIDIA A100-SXM4-40GB MIG 4g.20gb (0),1,,13,cupy_copy__complex64_complex64
2521045067,3359,21288,1,1,1,1,1,1,18,0.000,0.000,,,,,NVIDIA A100-SXM4-40GB MIG 4g.20gb (0),1,,13,cupy_copy__float32_float32
2521053418,2656,21294,,,,,,,,,,0.000,1.506,Device,Pageable,NVIDIA A100-SXM4-40GB MIG 4g.20gb (0),1,,7,[CUDA memcpy Device-to-Host]
2521207369,18495,21305,1434,1,1,128,1,1,16,0.000,0.000,,,,,NVIDIA A100-SXM4-40GB MIG 4g.20gb (0),1,,13,cupy_copy__complex64_complex64
2521300872,7488,21312,103,1,1,128,1,1,16,0.000,0.000,,,,,NVIDIA A100-SXM4-40GB MIG 4g.20gb (0),1,,13,cupy_copy__complex64_complex64
2521378311,4864,21319,35,1,1,128,1,1,16,0.000,0.000,,,,,NVIDIA A100-SXM4-40GB MIG 4g.20gb (0),1,,13,cupy_copy__complex64_complex64
2521493893,4224,21326,1,1,1,1,1,1,18,0.000,0.000,,,,,NVIDIA A100-SXM4-40GB MIG 4g.20gb (0),1,,13,cupy_copy__float32_float32
2521584932,301917,21337,1,1,1,32,32,1,30,0.000,0.000,,,,,NVIDIA A100-SXM4-40GB MIG 4g.20gb (0),1,,13,"void convert_kernel<__half2, float2>(tensor_layout_any, T1 *, tensor_layout_any, const T2 *)"
2521914977,6431,21340,,,,,,,,,,0.094,14569.353,Pinned,Device,NVIDIA A100-SXM4-40GB MIG 4g.20gb (0),1,,13,[CUDA memcpy Host-to-Device]
2522043295,8320,21341,,,,,,,,,,1.547,185891.832,Device,,NVIDIA A100-SXM4-40GB MIG 4g.20gb (0),1,,13,[CUDA memset]
2522054623,5568,21346,,,,,,,,,,0.031,5620.668,Pinned,Device,NVIDIA A100-SXM4-40GB MIG 4g.20gb (0),1,,13,[CUDA memcpy Host-to-Device]
2522062911,9600,21347,,,,,,,,,,0.197,20479.869,Pinned,Device,NVIDIA A100-SXM4-40GB MIG 4g.20gb (0),1,,13,[CUDA memcpy Host-to-Device]
2522189565,25696,21348,273,1,1,8,4,1,39,0.002,0.000,,,,,NVIDIA A100-SXM4-40GB MIG 4g.20gb (0),1,,13,"void channel_eq::eqMmseCoefCompLowMimoKernel<float, float, float, (unsigned int)4, (unsigned int)1, (unsigned int)4>(const channel_eq::_puschRxChEqStatDescr *, channel_eq::_puschRxChEqCoefCompDynDescr)"
2522335548,20863,21349,273,1,1,12,11,1,51,0.002,0.000,,,,,NVIDIA A100-SXM4-40GB MIG 4g.20gb (0),1,,13,"void channel_eq::eqMmseSoftDemapKernel<float, __half, __half, float, (unsigned int)4, (unsigned short)16383>(channel_eq::_puschRxChEqStatDescr *, channel_eq::_puschRxChEqSoftDemapDynDescr)"
2522386139,695160,21350,1,1,1,32,32,1,30,0.000,0.000,,,,,NVIDIA A100-SXM4-40GB MIG 4g.20gb (0),1,,13,"void convert_kernel<float2, __half2>(tensor_layout_any, T1 *, tensor_layout_any, const T2 *)"
2523180082,14496,21362,2253,1,1,128,1,1,16,0.000,0.000,,,,,NVIDIA A100-SXM4-40GB MIG 4g.20gb (0),1,,13,cupy_copy__float16_float16
2523288433,12192,21371,282,1,1,128,1,1,16,0.000,0.000,,,,,NVIDIA A100-SXM4-40GB MIG 4g.20gb (0),1,,13,cupy_copy__complex64_complex64
2523359440,8288,21380,26,1,1,128,1,1,16,0.000,0.000,,,,,NVIDIA A100-SXM4-40GB MIG 4g.20gb (0),1,,13,cupy_copy__float32_float32
2523459567,6048,21389,103,1,1,128,1,1,16,0.000,0.000,,,,,NVIDIA A100-SXM4-40GB MIG 4g.20gb (0),1,,13,cupy_copy__complex64_complex64
2523497742,18720,21399,1434,1,1,128,1,1,16,0.000,0.000,,,,,NVIDIA A100-SXM4-40GB MIG 4g.20gb (0),1,,13,cupy_copy__complex64_complex64
2523533710,137982,21404,1,1,1,32,32,1,30,0.000,0.000,,,,,NVIDIA A100-SXM4-40GB MIG 4g.20gb (0),1,,13,"void convert_kernel<__half2, float2>(tensor_layout_any, T1 *, tensor_layout_any, const T2 *)"
2523701292,5408,21407,,,,,,,,,,0.094,17325.421,Pinned,Device,NVIDIA A100-SXM4-40GB MIG 4g.20gb (0),1,,13,[CUDA memcpy Host-to-Device]
2523731660,625816,21408,,,,,,,,,,456.561,729128.620,Device,,NVIDIA A100-SXM4-40GB MIG 4g.20gb (0),1,,13,[CUDA memset]
2524362628,52096,21413,,,,,,,,,,1.235,23704.750,Pinned,Device,NVIDIA A100-SXM4-40GB MIG 4g.20gb (0),1,,13,[CUDA memcpy Host-to-Device]
2524420644,9760,21414,,,,,,,,,,0.197,20144.259,Pinned,Device,NVIDIA A100-SXM4-40GB MIG 4g.20gb (0),1,,13,[CUDA memcpy Host-to-Device]
2524455491,20128,21415,69,4,1,48,1,1,76,0.002,0.000,,,,,NVIDIA A100-SXM4-40GB MIG 4g.20gb (0),1,,13,"void ch_est::windowedChEstPreNoDftSOfdmKernel<float, __half, float, (unsigned int)2, (unsigned int)1, (unsigned short)4>(ch_est::puschRxChEstStatDescr_t *, ch_est::puschRxChEstDynDescr_t *)"
2524524131,12447,21416,137,2,1,24,2,1,44,0.001,0.001,,,,,NVIDIA A100-SXM4-40GB MIG 4g.20gb (0),1,,13,"void ch_est::chEstFilterNoDftSOfdmDispatchKernel<float, __half, float, (unsigned int)2>(ch_est::puschRxChEstStatDescr_t *, ch_est::puschRxChEstDynDescr_t *)"
2524586850,11744,21417,137,2,1,24,2,1,44,0.001,0.001,,,,,NVIDIA A100-SXM4-40GB MIG 4g.20gb (0),1,,13,"void ch_est::chEstFilterNoDftSOfdmDispatchKernel<float, __half, float, (unsigned int)2>(ch_est::puschRxChEstStatDescr_t *, ch_est::puschRxChEstDynDescr_t *)"
2524625825,5920,21428,103,1,1,128,1,1,16,0.000,0.000,,,,,NVIDIA A100-SXM4-40GB MIG 4g.20gb (0),1,,13,cupy_copy__complex64_complex64
2524653377,15296,21438,1434,1,1,128,1,1,16,0.000,0.000,,,,,NVIDIA A100-SXM4-40GB MIG 4g.20gb (0),1,,13,cupy_copy__complex64_complex64
2524696513,6527,21445,103,1,1,128,1,1,16,0.000,0.000,,,,,NVIDIA A100-SXM4-40GB MIG 4g.20gb (0),1,,13,cupy_copy__complex64_complex64
2524724864,140639,21452,1,1,1,32,32,1,30,0.000,0.000,,,,,NVIDIA A100-SXM4-40GB MIG 4g.20gb (0),1,,13,"void convert_kernel<__half2, float2>(tensor_layout_any, T1 *, tensor_layout_any, const T2 *)"
2524896478,8544,21455,,,,,,,,,,0.094,10966.274,Pinned,Device,NVIDIA A100-SXM4-40GB MIG 4g.20gb (0),1,,13,[CUDA memcpy Host-to-Device]
2525013629,50847,21456,,,,,,,,,,35.810,704237.887,Device,,NVIDIA A100-SXM4-40GB MIG 4g.20gb (0),1,,13,[CUDA memset]
2525071356,1888,21458,,,,,,,,,,0.000,42.373,Pinned,Device,NVIDIA A100-SXM4-40GB MIG 4g.20gb (0),1,,13,[CUDA memcpy Host-to-Device]
2525075804,9664,21459,,,,,,,,,,0.197,20344.209,Pinned,Device,NVIDIA A100-SXM4-40GB MIG 4g.20gb (0),1,,13,[CUDA memcpy Host-to-Device]
2525209339,18047,21460,273,1,1,48,1,1,40,0.000,0.001,,,,,NVIDIA A100-SXM4-40GB MIG 4g.20gb (0),1,,13,"void pusch_noise_intf_est::noiseIntfEstNoDftSOfdmKernel<float, __half, float, float, (unsigned int)2, (unsigned int)1, (unsigned char)4, (unsigned char)4>(pusch_noise_intf_est::puschRxNoiseIntfEstDynDescr)"
2525337817,5568,21471,35,1,1,128,1,1,16,0.000,0.000,,,,,NVIDIA A100-SXM4-40GB MIG 4g.20gb (0),1,,13,cupy_copy__complex64_complex64
2525375641,11520,21480,1,1,1,1,1,1,18,0.000,0.000,,,,,NVIDIA A100-SXM4-40GB MIG 4g.20gb (0),1,,13,cupy_copy__float32_float32
2525390745,2688,21486,,,,,,,,,,0.000,1.488,Device,Pageable,NVIDIA A100-SXM4-40GB MIG 4g.20gb (0),1,,7,[CUDA memcpy Device-to-Host]
2525531223,15616,21497,1434,1,1,128,1,1,16,0.000,0.000,,,,,NVIDIA A100-SXM4-40GB MIG 4g.20gb (0),1,,13,cupy_copy__complex64_complex64
2525681845,5472,21504,103,1,1,128,1,1,16,0.000,0.000,,,,,NVIDIA A100-SXM4-40GB MIG 4g.20gb (0),1,,13,cupy_copy__complex64_complex64
2525785684,7392,21511,35,1,1,128,1,1,16,0.000,0.000,,,,,NVIDIA A100-SXM4-40GB MIG 4g.20gb (0),1,,13,cupy_copy__complex64_complex64
2525885971,5312,21518,1,1,1,1,1,1,18,0.000,0.000,,,,,NVIDIA A100-SXM4-40GB MIG 4g.20gb (0),1,,13,cupy_copy__float32_float32
2525969810,305372,21529,1,1,1,32,32,1,30,0.000,0.000,,,,,NVIDIA A100-SXM4-40GB MIG 4g.20gb (0),1,,13,"void convert_kernel<__half2, float2>(tensor_layout_any, T1 *, tensor_layout_any, const T2 *)"
2526306958,9248,21532,,,,,,,,,,0.094,10131.442,Pinned,Device,NVIDIA A100-SXM4-40GB MIG 4g.20gb (0),1,,13,[CUDA memcpy Host-to-Device]
2526433165,6176,21533,,,,,,,,,,1.547,250424.718,Device,,NVIDIA A100-SXM4-40GB MIG 4g.20gb (0),1,,13,[CUDA memset]
2526445420,5664,21538,,,,,,,,,,0.031,5525.403,Pinned,Device,NVIDIA A100-SXM4-40GB MIG 4g.20gb (0),1,,13,[CUDA memcpy Host-to-Device]
2526455052,10112,21539,,,,,,,,,,0.197,19442.958,Pinned,Device,NVIDIA A100-SXM4-40GB MIG 4g.20gb (0),1,,13,[CUDA memcpy Host-to-Device]
2526656202,16288,21540,273,1,1,8,4,1,39,0.002,0.000,,,,,NVIDIA A100-SXM4-40GB MIG 4g.20gb (0),1,,13,"void channel_eq::eqMmseCoefCompLowMimoKernel<float, float, float, (unsigned int)4, (unsigned int)1, (unsigned int)4>(const channel_eq::_puschRxChEqStatDescr *, channel_eq::_puschRxChEqCoefCompDynDescr)"
2526800744,14784,21541,273,1,1,12,11,1,51,0.002,0.000,,,,,NVIDIA A100-SXM4-40GB MIG 4g.20gb (0),1,,13,"void channel_eq::eqMmseSoftDemapKernel<float, __half, __half, float, (unsigned int)4, (unsigned short)16383>(channel_eq::_puschRxChEqStatDescr *, channel_eq::_puschRxChEqSoftDemapDynDescr)"
2526926759,811831,21542,1,1,1,32,32,1,30,0.000,0.000,,,,,NVIDIA A100-SXM4-40GB MIG 4g.20gb (0),1,,13,"void convert_kernel<float2, __half2>(tensor_layout_any, T1 *, tensor_layout_any, const T2 *)"
2527931131,22816,21554,2253,1,1,128,1,1,16,0.000,0.000,,,,,NVIDIA A100-SXM4-40GB MIG 4g.20gb (0),1,,13,cupy_copy__float16_float16
2528114009,9120,21563,282,1,1,128,1,1,16,0.000,0.000,,,,,NVIDIA A100-SXM4-40GB MIG 4g.20gb (0),1,,13,cupy_copy__complex64_complex64
2528230072,5088,21572,26,1,1,128,1,1,16,0.000,0.000,,,,,NVIDIA A100-SXM4-40GB MIG 4g.20gb (0),1,,13,cupy_copy__float32_float32
2528310327,6560,21581,103,1,1,128,1,1,16,0.000,0.000,,,,,NVIDIA A100-SXM4-40GB MIG 4g.20gb (0),1,,13,cupy_copy__complex64_complex64
2528448373,17984,21591,1434,1,1,128,1,1,16,0.000,0.000,,,,,NVIDIA A100-SXM4-40GB MIG 4g.20gb (0),1,,13,cupy_copy__complex64_complex64
2528574548,260573,21596,1,1,1,32,32,1,30,0.000,0.000,,,,,NVIDIA A100-SXM4-40GB MIG 4g.20gb (0),1,,13,"void convert_kernel<__half2, float2>(tensor_layout_any, T1 *, tensor_layout_any, const T2 *)"
2528866065,7168,21599,,,,,,,,,,0.094,13071.342,Pinned,Device,NVIDIA A100-SXM4-40GB MIG 4g.20gb (0),1,,13,[CUDA memcpy Host-to-Device]
2529017263,607033,21600,,,,,,,,,,456.561,751956.692,Device,,NVIDIA A100-SXM4-40GB MIG 4g.20gb (0),1,,13,[CUDA memset]
2529626184,65503,21605,,,,,,,,,,1.235,18852.655,Pinned,Device,NVIDIA A100-SXM4-40GB MIG 4g.20gb (0),1,,13,[CUDA memcpy Host-to-Device]
2529694023,13440,21606,,,,,,,,,,0.197,14628.422,Pinned,Device,NVIDIA A100-SXM4-40GB MIG 4g.20gb (0),1,,13,[CUDA memcpy Host-to-Device]
2529874181,12960,21607,69,4,1,48,1,1,76,0.002,0.000,,,,,NVIDIA A100-SXM4-40GB MIG 4g.20gb (0),1,,13,"void ch_est::windowedChEstPreNoDftSOfdmKernel<float, __half, float, (unsigned int)2, (unsigned int)1, (unsigned short)4>(ch_est::puschRxChEstStatDescr_t *, ch_est::puschRxChEstDynDescr_t *)"
2530124674,8736,21608,137,2,1,24,2,1,44,0.001,0.001,,,,,NVIDIA A100-SXM4-40GB MIG 4g.20gb (0),1,,13,"void ch_est::chEstFilterNoDftSOfdmDispatchKernel<float, __half, float, (unsigned int)2>(ch_est::puschRxChEstStatDescr_t *, ch_est::puschRxChEstDynDescr_t *)"
2530312704,9248,21609,137,2,1,24,2,1,44,0.001,0.001,,,,,NVIDIA A100-SXM4-40GB MIG 4g.20gb (0),1,,13,"void ch_est::chEstFilterNoDftSOfdmDispatchKernel<float, __half, float, (unsigned int)2>(ch_est::puschRxChEstStatDescr_t *, ch_est::puschRxChEstDynDescr_t *)"
2530459454,4096,21620,103,1,1,128,1,1,16,0.000,0.000,,,,,NVIDIA A100-SXM4-40GB MIG 4g.20gb (0),1,,13,cupy_copy__complex64_complex64
2530557917,17216,21630,1434,1,1,128,1,1,16,0.000,0.000,,,,,NVIDIA A100-SXM4-40GB MIG 4g.20gb (0),1,,13,cupy_copy__complex64_complex64
2530680156,7488,21637,103,1,1,128,1,1,16,0.000,0.000,,,,,NVIDIA A100-SXM4-40GB MIG 4g.20gb (0),1,,13,cupy_copy__complex64_complex64
2530762139,269661,21644,1,1,1,32,32,1,30,0.000,0.000,,,,,NVIDIA A100-SXM4-40GB MIG 4g.20gb (0),1,,13,"void convert_kernel<__half2, float2>(tensor_layout_any, T1 *, tensor_layout_any, const T2 *)"
2531064599,6656,21647,,,,,,,,,,0.094,14076.887,Pinned,Device,NVIDIA A100-SXM4-40GB MIG 4g.20gb (0),1,,13,[CUDA memcpy Host-to-Device]
2531175414,52991,21648,,,,,,,,,,35.810,675769.000,Device,,NVIDIA A100-SXM4-40GB MIG 4g.20gb (0),1,,13,[CUDA memset]
2531229045,1984,21650,,,,,,,,,,0.000,40.323,Pinned,Device,NVIDIA A100-SXM4-40GB MIG 4g.20gb (0),1,,13,[CUDA memcpy Host-to-Device]
2531235861,9376,21651,,,,,,,,,,0.197,20969.226,Pinned,Device,NVIDIA A100-SXM4-40GB MIG 4g.20gb (0),1,,13,[CUDA memcpy Host-to-Device]
2531426675,19808,21652,273,1,1,48,1,1,40,0.000,0.001,,,,,NVIDIA A100-SXM4-40GB MIG 4g.20gb (0),1,,13,"void pusch_noise_intf_est::noiseIntfEstNoDftSOfdmKernel<float, __half, float, float, (unsigned int)2, (unsigned int)1, (unsigned char)4, (unsigned char)4>(pusch_noise_intf_est::puschRxNoiseIntfEstDynDescr)"
2531671536,6880,21663,35,1,1,128,1,1,16,0.000,0.000,,,,,NVIDIA A100-SXM4-40GB MIG 4g.20gb (0),1,,13,cupy_copy__complex64_complex64
2531760751,2944,21672,1,1,1,1,1,1,18,0.000,0.000,,,,,NVIDIA A100-SXM4-40GB MIG 4g.20gb (0),1,,13,cupy_copy__float32_float32
2531769455,3552,21678,,,,,,,,,,0.000,1.126,Device,Pageable,NVIDIA A100-SXM4-40GB MIG 4g.20gb (0),1,,7,[CUDA memcpy Device-to-Host]
2531911278,17215,21689,1434,1,1,128,1,1,16,0.000,0.000,,,,,NVIDIA A100-SXM4-40GB MIG 4g.20gb (0),1,,13,cupy_copy__complex64_complex64
2532037004,4640,21696,103,1,1,128,1,1,16,0.000,0.000,,,,,NVIDIA A100-SXM4-40GB MIG 4g.20gb (0),1,,13,cupy_copy__complex64_complex64
2532105995,12160,21703,35,1,1,128,1,1,16,0.000,0.000,,,,,NVIDIA A100-SXM4-40GB MIG 4g.20gb (0),1,,13,cupy_copy__complex64_complex64
2532221162,3328,21710,1,1,1,1,1,1,18,0.000,0.000,,,,,NVIDIA A100-SXM4-40GB MIG 4g.20gb (0),1,,13,cupy_copy__float32_float32
2532348841,275548,21721,1,1,1,32,32,1,30,0.000,0.000,,,,,NVIDIA A100-SXM4-40GB MIG 4g.20gb (0),1,,13,"void convert_kernel<__half2, float2>(tensor_layout_any, T1 *, tensor_layout_any, const T2 *)"
2532655013,7360,21724,,,,,,,,,,0.094,12730.382,Pinned,Device,NVIDIA A100-SXM4-40GB MIG 4g.20gb (0),1,,13,[CUDA memcpy Host-to-Device]
2532865923,10848,21725,,,,,,,,,,1.547,142570.894,Device,,NVIDIA A100-SXM4-40GB MIG 4g.20gb (0),1,,13,[CUDA memset]
2532879714,7136,21730,,,,,,,,,,0.031,4385.634,Pinned,Device,NVIDIA A100-SXM4-40GB MIG 4g.20gb (0),1,,13,[CUDA memcpy Host-to-Device]
2532889634,12832,21731,,,,,,,,,,0.197,15321.661,Pinned,Device,NVIDIA A100-SXM4-40GB MIG 4g.20gb (0),1,,13,[CUDA memcpy Host-to-Device]
2533099744,20704,21732,273,1,1,8,4,1,39,0.002,0.000,,,,,NVIDIA A100-SXM4-40GB MIG 4g.20gb (0),1,,13,"void channel_eq::eqMmseCoefCompLowMimoKernel<float, float, float, (unsigned int)4, (unsigned int)1, (unsigned int)4>(const channel_eq::_puschRxChEqStatDescr *, channel_eq::_puschRxChEqCoefCompDynDescr)"
2533284190,13504,21733,273,1,1,12,11,1,51,0.002,0.000,,,,,NVIDIA A100-SXM4-40GB MIG 4g.20gb (0),1,,13,"void channel_eq::eqMmseSoftDemapKernel<float, __half, __half, float, (unsigned int)4, (unsigned short)16383>(channel_eq::_puschRxChEqStatDescr *, channel_eq::_puschRxChEqSoftDemapDynDescr)"
2533515547,757207,21734,1,1,1,32,32,1,30,0.000,0.000,,,,,NVIDIA A100-SXM4-40GB MIG 4g.20gb (0),1,,13,"void convert_kernel<float2, __half2>(tensor_layout_any, T1 *, tensor_layout_any, const T2 *)"
2534309586,16096,21746,2253,1,1,128,1,1,16,0.000,0.000,,,,,NVIDIA A100-SXM4-40GB MIG 4g.20gb (0),1,,13,cupy_copy__float16_float16
2534341490,5536,21755,282,1,1,128,1,1,16,0.000,0.000,,,,,NVIDIA A100-SXM4-40GB MIG 4g.20gb (0),1,,13,cupy_copy__complex64_complex64
2534371761,8160,21764,26,1,1,128,1,1,16,0.000,0.000,,,,,NVIDIA A100-SXM4-40GB MIG 4g.20gb (0),1,,13,cupy_copy__float32_float32
2534399793,8352,21773,103,1,1,128,1,1,16,0.000,0.000,,,,,NVIDIA A100-SXM4-40GB MIG 4g.20gb (0),1,,13,cupy_copy__complex64_complex64
2534440561,18495,21783,1434,1,1,128,1,1,16,0.000,0.000,,,,,NVIDIA A100-SXM4-40GB MIG 4g.20gb (0),1,,13,cupy_copy__complex64_complex64
2534519312,299196,21788,1,1,1,32,32,1,30,0.000,0.000,,,,,NVIDIA A100-SXM4-40GB MIG 4g.20gb (0),1,,13,"void convert_kernel<__half2, float2>(tensor_layout_any, T1 *, tensor_layout_any, const T2 *)"
2534848204,11968,21791,,,,,,,,,,0.094,7828.863,Pinned,Device,NVIDIA A100-SXM4-40GB MIG 4g.20gb (0),1,,13,[CUDA memcpy Host-to-Device]
2535026474,610009,21792,,,,,,,,,,456.561,748304.200,Device,,NVIDIA A100-SXM4-40GB MIG 4g.20gb (0),1,,13,[CUDA memset]
2535644131,53055,21797,,,,,,,,,,1.235,23276.225,Pinned,Device,NVIDIA A100-SXM4-40GB MIG 4g.20gb (0),1,,13,[CUDA memcpy Host-to-Device]
2535705826,15936,21798,,,,,,,,,,0.197,12337.349,Pinned,Device,NVIDIA A100-SXM4-40GB MIG 4g.20gb (0),1,,13,[CUDA memcpy Host-to-Device]
2535903904,11488,21799,69,4,1,48,1,1,76,0.002,0.000,,,,,NVIDIA A100-SXM4-40GB MIG 4g.20gb (0),1,,13,"void ch_est::windowedChEstPreNoDftSOfdmKernel<float, __half, float, (unsigned int)2, (unsigned int)1, (unsigned short)4>(ch_est::puschRxChEstStatDescr_t *, ch_est::puschRxChEstDynDescr_t *)"
2536090622,15391,21800,137,2,1,24,2,1,44,0.001,0.001,,,,,NVIDIA A100-SXM4-40GB MIG 4g.20gb (0),1,,13,"void ch_est::chEstFilterNoDftSOfdmDispatchKernel<float, __half, float, (unsigned int)2>(ch_est::puschRxChEstStatDescr_t *, ch_est::puschRxChEstDynDescr_t *)"
2536247420,8960,21801,137,2,1,24,2,1,44,0.001,0.001,,,,,NVIDIA A100-SXM4-40GB MIG 4g.20gb (0),1,,13,"void ch_est::chEstFilterNoDftSOfdmDispatchKernel<float, __half, float, (unsigned int)2>(ch_est::puschRxChEstStatDescr_t *, ch_est::puschRxChEstDynDescr_t *)"
2536467449,3904,21812,103,1,1,128,1,1,16,0.000,0.000,,,,,NVIDIA A100-SXM4-40GB MIG 4g.20gb (0),1,,13,cupy_copy__complex64_complex64
2536680183,16800,21822,1434,1,1,128,1,1,16,0.000,0.000,,,,,NVIDIA A100-SXM4-40GB MIG 4g.20gb (0),1,,13,cupy_copy__complex64_complex64
2536900628,4000,21829,103,1,1,128,1,1,16,0.000,0.000,,,,,NVIDIA A100-SXM4-40GB MIG 4g.20gb (0),1,,13,cupy_copy__complex64_complex64
2537050995,311644,21836,1,1,1,32,32,1,30,0.000,0.000,,,,,NVIDIA A100-SXM4-40GB MIG 4g.20gb (0),1,,13,"void convert_kernel<__half2, float2>(tensor_layout_any, T1 *, tensor_layout_any, const T2 *)"
2537392623,6848,21839,,,,,,,,,,0.094,13682.239,Pinned,Device,NVIDIA A100-SXM4-40GB MIG 4g.20gb (0),1,,13,[CUDA memcpy Host-to-Device]
2537495789,49024,21840,,,,,,,,,,35.810,730450.748,Device,,NVIDIA A100-SXM4-40GB MIG 4g.20gb (0),1,,13,[CUDA memset]
2537548301,3392,21842,,,,,,,,,,0.000,23.585,Pinned,Device,NVIDIA A100-SXM4-40GB MIG 4g.20gb (0),1,,13,[CUDA memcpy Host-to-Device]
2537554189,9312,21843,,,,,,,,,,0.197,21113.340,Pinned,Device,NVIDIA A100-SXM4-40GB MIG 4g.20gb (0),1,,13,[CUDA memcpy Host-to-Device]
2537693803,20256,21844,273,1,1,48,1,1,40,0.000,0.001,,,,,NVIDIA A100-SXM4-40GB MIG 4g.20gb (0),1,,13,"void pusch_noise_intf_est::noiseIntfEstNoDftSOfdmKernel<float, __half, float, float, (unsigned int)2, (unsigned int)1, (unsigned char)4, (unsigned char)4>(pusch_noise_intf_est::puschRxNoiseIntfEstDynDescr)"
2537758410,6496,21855,35,1,1,128,1,1,16,0.000,0.000,,,,,NVIDIA A100-SXM4-40GB MIG 4g.20gb (0),1,,13,cupy_copy__complex64_complex64
2537788874,5024,21864,1,1,1,1,1,1,18,0.000,0.000,,,,,NVIDIA A100-SXM4-40GB MIG 4g.20gb (0),1,,13,cupy_copy__float32_float32
2537795626,1600,21870,,,,,,,,,,0.000,2.500,Device,Pageable,NVIDIA A100-SXM4-40GB MIG 4g.20gb (0),1,,7,[CUDA memcpy Device-to-Host]
2537902793,18304,21881,1434,1,1,128,1,1,16,0.000,0.000,,,,,NVIDIA A100-SXM4-40GB MIG 4g.20gb (0),1,,13,cupy_copy__complex64_complex64
2537944872,5280,21888,103,1,1,128,1,1,16,0.000,0.000,,,,,NVIDIA A100-SXM4-40GB MIG 4g.20gb (0),1,,13,cupy_copy__complex64_complex64
2537975976,10688,21895,35,1,1,128,1,1,16,0.000,0.000,,,,,NVIDIA A100-SXM4-40GB MIG 4g.20gb (0),1,,13,cupy_copy__complex64_complex64
2538006344,2240,21902,1,1,1,1,1,1,18,0.000,0.000,,,,,NVIDIA A100-SXM4-40GB MIG 4g.20gb (0),1,,13,cupy_copy__float32_float32
2538119942,281725,21913,1,1,1,32,32,1,30,0.000,0.000,,,,,NVIDIA A100-SXM4-40GB MIG 4g.20gb (0),1,,13,"void convert_kernel<__half2, float2>(tensor_layout_any, T1 *, tensor_layout_any, const T2 *)"
2538433027,6272,21916,,,,,,,,,,0.094,14938.703,Pinned,Device,NVIDIA A100-SXM4-40GB MIG 4g.20gb (0),1,,13,[CUDA memcpy Host-to-Device]
2538655552,4608,21917,,,,,,,,,,1.547,335637.514,Device,,NVIDIA A100-SXM4-40GB MIG 4g.20gb (0),1,,13,[CUDA memset]
2538665888,3296,21922,,,,,,,,,,0.031,9495.144,Pinned,Device,NVIDIA A100-SXM4-40GB MIG 4g.20gb (0),1,,13,[CUDA memcpy Host-to-Device]
2538673728,11168,21923,,,,,,,,,,0.197,17604.477,Pinned,Device,NVIDIA A100-SXM4-40GB MIG 4g.20gb (0),1,,13,[CUDA memcpy Host-to-Device]
2538886109,13440,21924,273,1,1,8,4,1,39,0.002,0.000,,,,,NVIDIA A100-SXM4-40GB MIG 4g.20gb (0),1,,13,"void channel_eq::eqMmseCoefCompLowMimoKernel<float, float, float, (unsigned int)4, (unsigned int)1, (unsigned int)4>(const channel_eq::_puschRxChEqStatDescr *, channel_eq::_puschRxChEqCoefCompDynDescr)"
2539036476,23167,21925,273,1,1,12,11,1,51,0.002,0.000,,,,,NVIDIA A100-SXM4-40GB MIG 4g.20gb (0),1,,13,"void channel_eq::eqMmseSoftDemapKernel<float, __half, __half, float, (unsigned int)4, (unsigned short)16383>(channel_eq::_puschRxChEqStatDescr *, channel_eq::_puschRxChEqSoftDemapDynDescr)"
2539278905,735223,21926,1,1,1,32,32,1,30,0.000,0.000,,,,,NVIDIA A100-SXM4-40GB MIG 4g.20gb (0),1,,13,"void convert_kernel<float2, __half2>(tensor_layout_any, T1 *, tensor_layout_any, const T2 *)"
2540195982,24864,21938,2253,1,1,128,1,1,16,0.000,0.000,,,,,NVIDIA A100-SXM4-40GB MIG 4g.20gb (0),1,,13,cupy_copy__float16_float16
2540436140,9568,21947,282,1,1,128,1,1,16,0.000,0.000,,,,,NVIDIA A100-SXM4-40GB MIG 4g.20gb (0),1,,13,cupy_copy__complex64_complex64
2540598186,4768,21956,26,1,1,128,1,1,16,0.000,0.000,,,,,NVIDIA A100-SXM4-40GB MIG 4g.20gb (0),1,,13,cupy_copy__float32_float32
2540703305,7935,21965,103,1,1,128,1,1,16,0.000,0.000,,,,,NVIDIA A100-SXM4-40GB MIG 4g.20gb (0),1,,13,cupy_copy__complex64_complex64
2540807303,16032,21975,1434,1,1,128,1,1,16,0.000,0.000,,,,,NVIDIA A100-SXM4-40GB MIG 4g.20gb (0),1,,13,cupy_copy__complex64_complex64
2540855847,128830,21980,1,1,1,32,32,1,30,0.000,0.000,,,,,NVIDIA A100-SXM4-40GB MIG 4g.20gb (0),1,,13,"void convert_kernel<__half2, float2>(tensor_layout_any, T1 *, tensor_layout_any, const T2 *)"
2541017797,8672,21983,,,,,,,,,,0.094,10804.367,Pinned,Device,NVIDIA A100-SXM4-40GB MIG 4g.20gb (0),1,,13,[CUDA memcpy Host-to-Device]
2541056581,608089,21984,,,,,,,,,,456.561,750587.007,Device,,NVIDIA A100-SXM4-40GB MIG 4g.20gb (0),1,,13,[CUDA memset]
2541674397,56128,21989,,,,,,,,,,1.235,22001.762,Pinned,Device,NVIDIA A100-SXM4-40GB MIG 4g.20gb (0),1,,13,[CUDA memcpy Host-to-Device]
2541733309,15776,21990,,,,,,,,,,0.197,12462.391,Pinned,Device,NVIDIA A100-SXM4-40GB MIG 4g.20gb (0),1,,13,[CUDA memcpy Host-to-Device]
2541906107,10880,21991,69,4,1,48,1,1,76,0.002,0.000,,,,,NVIDIA A100-SXM4-40GB MIG 4g.20gb (0),1,,13,"void ch_est::windowedChEstPreNoDftSOfdmKernel<float, __half, float, (unsigned int)2, (unsigned int)1, (unsigned short)4>(ch_est::puschRxChEstStatDescr_t *, ch_est::puschRxChEstDynDescr_t *)"
2542087289,21663,21992,137,2,1,24,2,1,44,0.001,0.001,,,,,NVIDIA A100-SXM4-40GB MIG 4g.20gb (0),1,,13,"void ch_est::chEstFilterNoDftSOfdmDispatchKernel<float, __half, float, (unsigned int)2>(ch_est::puschRxChEstStatDescr_t *, ch_est::puschRxChEstDynDescr_t *)"
2542255511,21183,21993,137,2,1,24,2,1,44,0.001,0.001,,,,,NVIDIA A100-SXM4-40GB MIG 4g.20gb (0),1,,13,"void ch_est::chEstFilterNoDftSOfdmDispatchKernel<float, __half, float, (unsigned int)2>(ch_est::puschRxChEstStatDescr_t *, ch_est::puschRxChEstDynDescr_t *)"
2542394933,5984,22004,103,1,1,128,1,1,16,0.000,0.000,,,,,NVIDIA A100-SXM4-40GB MIG 4g.20gb (0),1,,13,cupy_copy__complex64_complex64
2542542259,25184,22014,1434,1,1,128,1,1,16,0.000,0.000,,,,,NVIDIA A100-SXM4-40GB MIG 4g.20gb (0),1,,13,cupy_copy__complex64_complex64
2542766513,4480,22021,103,1,1,128,1,1,16,0.000,0.000,,,,,NVIDIA A100-SXM4-40GB MIG 4g.20gb (0),1,,13,cupy_copy__complex64_complex64
2542929807,327484,22028,1,1,1,32,32,1,30,0.000,0.000,,,,,NVIDIA A100-SXM4-40GB MIG 4g.20gb (0),1,,13,"void convert_kernel<__half2, float2>(tensor_layout_any, T1 *, tensor_layout_any, const T2 *)"
2543288011,13472,22031,,,,,,,,,,0.094,6954.867,Pinned,Device,NVIDIA A100-SXM4-40GB MIG 4g.20gb (0),1,,13,[CUDA memcpy Host-to-Device]
2543502088,46816,22032,,,,,,,,,,35.810,764899.891,Device,,NVIDIA A100-SXM4-40GB MIG 4g.20gb (0),1,,13,[CUDA memset]
2543554920,2112,22034,,,,,,,,,,0.000,37.879,Pinned,Device,NVIDIA A100-SXM4-40GB MIG 4g.20gb (0),1,,13,[CUDA memcpy Host-to-Device]
2543559624,9664,22035,,,,,,,,,,0.197,20344.209,Pinned,Device,NVIDIA A100-SXM4-40GB MIG 4g.20gb (0),1,,13,[CUDA memcpy Host-to-Device]
2543752038,32095,22036,273,1,1,48,1,1,40,0.000,0.001,,,,,NVIDIA A100-SXM4-40GB MIG 4g.20gb (0),1,,13,"void pusch_noise_intf_est::noiseIntfEstNoDftSOfdmKernel<float, __half, float, float, (unsigned int)2, (unsigned int)1, (unsigned char)4, (unsigned char)4>(pusch_noise_intf_est::puschRxNoiseIntfEstDynDescr)"
2543956323,4352,22047,35,1,1,128,1,1,16,0.000,0.000,,,,,NVIDIA A100-SXM4-40GB MIG 4g.20gb (0),1,,13,cupy_copy__complex64_complex64
2544043394,3040,22056,1,1,1,1,1,1,18,0.000,0.000,,,,,NVIDIA A100-SXM4-40GB MIG 4g.20gb (0),1,,13,cupy_copy__float32_float32
2544049730,1600,22062,,,,,,,,,,0.000,2.500,Device,Pageable,NVIDIA A100-SXM4-40GB MIG 4g.20gb (0),1,,7,[CUDA memcpy Device-to-Host]
2544140033,21120,22073,1434,1,1,128,1,1,16,0.000,0.000,,,,,NVIDIA A100-SXM4-40GB MIG 4g.20gb (0),1,,13,cupy_copy__complex64_complex64
2544177313,4320,22080,103,1,1,128,1,1,16,0.000,0.000,,,,,NVIDIA A100-SXM4-40GB MIG 4g.20gb (0),1,,13,cupy_copy__complex64_complex64
2544206656,10624,22087,35,1,1,128,1,1,16,0.000,0.000,,,,,NVIDIA A100-SXM4-40GB MIG 4g.20gb (0),1,,13,cupy_copy__complex64_complex64
2544236128,2272,22094,1,1,1,1,1,1,18,0.000,0.000,,,,,NVIDIA A100-SXM4-40GB MIG 4g.20gb (0),1,,13,cupy_copy__float32_float32
2544353119,169118,22105,1,1,1,32,32,1,30,0.000,0.000,,,,,NVIDIA A100-SXM4-40GB MIG 4g.20gb (0),1,,13,"void convert_kernel<__half2, float2>(tensor_layout_any, T1 *, tensor_layout_any, const T2 *)"
2544553692,5376,22108,,,,,,,,,,0.094,17428.487,Pinned,Device,NVIDIA A100-SXM4-40GB MIG 4g.20gb (0),1,,13,[CUDA memcpy Host-to-Device]
2544603996,9504,22109,,,,,,,,,,1.547,162732.684,Device,,NVIDIA A100-SXM4-40GB MIG 4g.20gb (0),1,,13,[CUDA memset]
2544621212,4287,22114,,,,,,,,,,0.031,7300.199,Pinned,Device,NVIDIA A100-SXM4-40GB MIG 4g.20gb (0),1,,13,[CUDA memcpy Host-to-Device]
2544630491,9472,22115,,,,,,,,,,0.197,20756.693,Pinned,Device,NVIDIA A100-SXM4-40GB MIG 4g.20gb (0),1,,13,[CUDA memcpy Host-to-Device]
2544741242,24416,22116,273,1,1,8,4,1,39,0.002,0.000,,,,,NVIDIA A100-SXM4-40GB MIG 4g.20gb (0),1,,13,"void channel_eq::eqMmseCoefCompLowMimoKernel<float, float, float, (unsigned int)4, (unsigned int)1, (unsigned int)4>(const channel_eq::_puschRxChEqStatDescr *, channel_eq::_puschRxChEqCoefCompDynDescr)"
2544911608,13568,22117,273,1,1,12,11,1,51,0.002,0.000,,,,,NVIDIA A100-SXM4-40GB MIG 4g.20gb (0),1,,13,"void channel_eq::eqMmseSoftDemapKernel<float, __half, __half, float, (unsigned int)4, (unsigned short)16383>(channel_eq::_puschRxChEqStatDescr *, channel_eq::_puschRxChEqSoftDemapDynDescr)"
2545117398,727895,22118,1,1,1,32,32,1,30,0.000,0.000,,,,,NVIDIA A100-SXM4-40GB MIG 4g.20gb (0),1,,13,"void convert_kernel<float2, __half2>(tensor_layout_any, T1 *, tensor_layout_any, const T2 *)"
2546000908,16511,22130,2253,1,1,128,1,1,16,0.000,0.000,,,,,NVIDIA A100-SXM4-40GB MIG 4g.20gb (0),1,,13,cupy_copy__float16_float16
2546157450,8640,22139,282,1,1,128,1,1,16,0.000,0.000,,,,,NVIDIA A100-SXM4-40GB MIG 4g.20gb (0),1,,13,cupy_copy__complex64_complex64
2546316200,3744,22148,26,1,1,128,1,1,16,0.000,0.000,,,,,NVIDIA A100-SXM4-40GB MIG 4g.20gb (0),1,,13,cupy_copy__float32_float32
2546446343,6655,22157,103,1,1,128,1,1,16,0.000,0.000,,,,,NVIDIA A100-SXM4-40GB MIG 4g.20gb (0),1,,13,cupy_copy__complex64_complex64
2546606245,18880,22167,1434,1,1,128,1,1,16,0.000,0.000,,,,,NVIDIA A100-SXM4-40GB MIG 4g.20gb (0),1,,13,cupy_copy__complex64_complex64
2546762499,253821,22172,1,1,1,32,32,1,30,0.000,0.000,,,,,NVIDIA A100-SXM4-40GB MIG 4g.20gb (0),1,,13,"void convert_kernel<__half2, float2>(tensor_layout_any, T1 *, tensor_layout_any, const T2 *)"
2547045536,6496,22175,,,,,,,,,,0.094,14423.562,Pinned,Device,NVIDIA A100-SXM4-40GB MIG 4g.20gb (0),1,,13,[CUDA memcpy Host-to-Device]
2547089567,619193,22176,,,,,,,,,,456.561,737346.726,Device,,NVIDIA A100-SXM4-40GB MIG 4g.20gb (0),1,,13,[CUDA memset]
2547715256,53887,22181,,,,,,,,,,1.235,22916.856,Pinned,Device,NVIDIA A100-SXM4-40GB MIG 4g.20gb (0),1,,13,[CUDA memcpy Host-to-Device]
2547773815,9632,22182,,,,,,,,,,0.197,20411.843,Pinned,Device,NVIDIA A100-SXM4-40GB MIG 4g.20gb (0),1,,13,[CUDA memcpy Host-to-Device]
2547876726,21984,22183,69,4,1,48,1,1,76,0.002,0.000,,,,,NVIDIA A100-SXM4-40GB MIG 4g.20gb (0),1,,13,"void ch_est::windowedChEstPreNoDftSOfdmKernel<float, __half, float, (unsigned int)2, (unsigned int)1, (unsigned short)4>(ch_est::puschRxChEstStatDescr_t *, ch_est::puschRxChEstDynDescr_t *)"
2547971925,21664,22184,137,2,1,24,2,1,44,0.001,0.001,,,,,NVIDIA A100-SXM4-40GB MIG 4g.20gb (0),1,,13,"void ch_est::chEstFilterNoDftSOfdmDispatchKernel<float, __half, float, (unsigned int)2>(ch_est::puschRxChEstStatDescr_t *, ch_est::puschRxChEstDynDescr_t *)"
2548116499,18016,22185,137,2,1,24,2,1,44,0.001,0.001,,,,,NVIDIA A100-SXM4-40GB MIG 4g.20gb (0),1,,13,"void ch_est::chEstFilterNoDftSOfdmDispatchKernel<float, __half, float, (unsigned int)2>(ch_est::puschRxChEstStatDescr_t *, ch_est::puschRxChEstDynDescr_t *)"
2548206514,4224,22196,103,1,1,128,1,1,16,0.000,0.000,,,,,NVIDIA A100-SXM4-40GB MIG 4g.20gb (0),1,,13,cupy_copy__complex64_complex64
2548284529,24608,22206,1434,1,1,128,1,1,16,0.000,0.000,,,,,NVIDIA A100-SXM4-40GB MIG 4g.20gb (0),1,,13,cupy_copy__complex64_complex64
2548365137,6655,22213,103,1,1,128,1,1,16,0.000,0.000,,,,,NVIDIA A100-SXM4-40GB MIG 4g.20gb (0),1,,13,cupy_copy__complex64_complex64
2548450544,328156,22220,1,1,1,32,32,1,30,0.000,0.000,,,,,NVIDIA A100-SXM4-40GB MIG 4g.20gb (0),1,,13,"void convert_kernel<__half2, float2>(tensor_layout_any, T1 *, tensor_layout_any, const T2 *)"
2548809195,9408,22223,,,,,,,,,,0.094,9959.135,Pinned,Device,NVIDIA A100-SXM4-40GB MIG 4g.20gb (0),1,,13,[CUDA memcpy Host-to-Device]
2548997993,46880,22224,,,,,,,,,,35.810,763861.404,Device,,NVIDIA A100-SXM4-40GB MIG 4g.20gb (0),1,,13,[CUDA memset]
2549046473,1824,22226,,,,,,,,,,0.000,43.860,Pinned,Device,NVIDIA A100-SXM4-40GB MIG 4g.20gb (0),1,,13,[CUDA memcpy Host-to-Device]
2549054633,9919,22227,,,,,,,,,,0.197,19821.232,Pinned,Device,NVIDIA A100-SXM4-40GB MIG 4g.20gb (0),1,,13,[CUDA memcpy Host-to-Device]
2549176359,28352,22228,273,1,1,48,1,1,40,0.000,0.001,,,,,NVIDIA A100-SXM4-40GB MIG 4g.20gb (0),1,,13,"void pusch_noise_intf_est::noiseIntfEstNoDftSOfdmKernel<float, __half, float, float, (unsigned int)2, (unsigned int)1, (unsigned char)4, (unsigned char)4>(pusch_noise_intf_est::puschRxNoiseIntfEstDynDescr)"
2549407973,9567,22239,35,1,1,128,1,1,16,0.000,0.000,,,,,NVIDIA A100-SXM4-40GB MIG 4g.20gb (0),1,,13,cupy_copy__complex64_complex64
2549597666,3424,22248,1,1,1,1,1,1,18,0.000,0.000,,,,,NVIDIA A100-SXM4-40GB MIG 4g.20gb (0),1,,13,cupy_copy__float32_float32
2549609058,5120,22254,,,,,,,,,,0.000,0.781,Device,Pageable,NVIDIA A100-SXM4-40GB MIG 4g.20gb (0),1,,7,[CUDA memcpy Device-to-Host]
2549852607,26528,22265,1434,1,1,128,1,1,16,0.000,0.000,,,,,NVIDIA A100-SXM4-40GB MIG 4g.20gb (0),1,,13,cupy_copy__complex64_complex64
2549991262,4416,22272,103,1,1,128,1,1,16,0.000,0.000,,,,,NVIDIA A100-SXM4-40GB MIG 4g.20gb (0),1,,13,cupy_copy__complex64_complex64
2550123932,6720,22279,35,1,1,128,1,1,16,0.000,0.000,,,,,NVIDIA A100-SXM4-40GB MIG 4g.20gb (0),1,,13,cupy_copy__complex64_complex64
2550197467,4032,22286,1,1,1,1,1,1,18,0.000,0.000,,,,,NVIDIA A100-SXM4-40GB MIG 4g.20gb (0),1,,13,cupy_copy__float32_float32
2550318202,289693,22297,1,1,1,32,32,1,30,0.000,0.000,,,,,NVIDIA A100-SXM4-40GB MIG 4g.20gb (0),1,,13,"void convert_kernel<__half2, float2>(tensor_layout_any, T1 *, tensor_layout_any, const T2 *)"
2550637590,6560,22300,,,,,,,,,,0.094,14282.925,Pinned,Device,NVIDIA A100-SXM4-40GB MIG 4g.20gb (0),1,,13,[CUDA memcpy Host-to-Device]
2550736789,5568,22301,,,,,,,,,,1.547,277769.031,Device,,NVIDIA A100-SXM4-40GB MIG 4g.20gb (0),1,,13,[CUDA memset]
2550743253,3424,22306,,,,,,,,,,0.031,9140.185,Pinned,Device,NVIDIA A100-SXM4-40GB MIG 4g.20gb (0),1,,13,[CUDA memcpy Host-to-Device]
2550749973,9504,22307,,,,,,,,,,0.197,20686.701,Pinned,Device,NVIDIA A100-SXM4-40GB MIG 4g.20gb (0),1,,13,[CUDA memcpy Host-to-Device]
2550865844,28127,22308,273,1,1,8,4,1,39,0.002,0.000,,,,,NVIDIA A100-SXM4-40GB MIG 4g.20gb (0),1,,13,"void channel_eq::eqMmseCoefCompLowMimoKernel<float, float, float, (unsigned int)4, (unsigned int)1, (unsigned int)4>(const channel_eq::_puschRxChEqStatDescr *, channel_eq::_puschRxChEqCoefCompDynDescr)"
2551011762,13120,22309,273,1,1,12,11,1,51,0.002,0.000,,,,,NVIDIA A100-SXM4-40GB MIG 4g.20gb (0),1,,13,"void channel_eq::eqMmseSoftDemapKernel<float, __half, __half, float, (unsigned int)4, (unsigned short)16383>(channel_eq::_puschRxChEqStatDescr *, channel_eq::_puschRxChEqSoftDemapDynDescr)"
2551081393,765975,22310,1,1,1,32,32,1,30,0.000,0.000,,,,,NVIDIA A100-SXM4-40GB MIG 4g.20gb (0),1,,13,"void convert_kernel<float2, __half2>(tensor_layout_any, T1 *, tensor_layout_any, const T2 *)"
2552056166,19104,22322,2253,1,1,128,1,1,16,0.000,0.000,,,,,NVIDIA A100-SXM4-40GB MIG 4g.20gb (0),1,,13,cupy_copy__float16_float16
2552262660,4608,22331,282,1,1,128,1,1,16,0.000,0.000,,,,,NVIDIA A100-SXM4-40GB MIG 4g.20gb (0),1,,13,cupy_copy__complex64_complex64
2552494369,3680,22340,26,1,1,128,1,1,16,0.000,0.000,,,,,NVIDIA A100-SXM4-40GB MIG 4g.20gb (0),1,,13,cupy_copy__float32_float32
2552577056,5984,22349,103,1,1,128,1,1,16,0.000,0.000,,,,,NVIDIA A100-SXM4-40GB MIG 4g.20gb (0),1,,13,cupy_copy__complex64_complex64
2552697407,17440,22359,1434,1,1,128,1,1,16,0.000,0.000,,,,,NVIDIA A100-SXM4-40GB MIG 4g.20gb (0),1,,13,cupy_copy__complex64_complex64
2552822781,256669,22364,1,1,1,32,32,1,30,0.000,0.000,,,,,NVIDIA A100-SXM4-40GB MIG 4g.20gb (0),1,,13,"void convert_kernel<__half2, float2>(tensor_layout_any, T1 *, tensor_layout_any, const T2 *)"
2553114682,12608,22367,,,,,,,,,,0.094,7431.405,Pinned,Device,NVIDIA A100-SXM4-40GB MIG 4g.20gb (0),1,,13,[CUDA memcpy Host-to-Device]
2553232025,607225,22368,,,,,,,,,,456.561,751500.130,Device,,NVIDIA A100-SXM4-40GB MIG 4g.20gb (0),1,,13,[CUDA memset]
2553846481,67072,22373,,,,,,,,,,1.235,18411.780,Pinned,Device,NVIDIA A100-SXM4-40GB MIG 4g.20gb (0),1,,13,[CUDA memcpy Host-to-Device]
2553923697,15679,22374,,,,,,,,,,0.197,12539.462,Pinned,Device,NVIDIA A100-SXM4-40GB MIG 4g.20gb (0),1,,13,[CUDA memcpy Host-to-Device]
2554135278,18048,22375,69,4,1,48,1,1,76,0.002,0.000,,,,,NVIDIA A100-SXM4-40GB MIG 4g.20gb (0),1,,13,"void ch_est::windowedChEstPreNoDftSOfdmKernel<float, __half, float, (unsigned int)2, (unsigned int)1, (unsigned short)4>(ch_est::puschRxChEstStatDescr_t *, ch_est::puschRxChEstDynDescr_t *)"
2554284364,11136,22376,137,2,1,24,2,1,44,0.001,0.001,,,,,NVIDIA A100-SXM4-40GB MIG 4g.20gb (0),1,,13,"void ch_est::chEstFilterNoDftSOfdmDispatchKernel<float, __half, float, (unsigned int)2>(ch_est::puschRxChEstStatDescr_t *, ch_est::puschRxChEstDynDescr_t *)"
2554424011,13568,22377,137,2,1,24,2,1,44,0.001,0.001,,,,,NVIDIA A100-SXM4-40GB MIG 4g.20gb (0),1,,13,"void ch_est::chEstFilterNoDftSOfdmDispatchKernel<float, __half, float, (unsigned int)2>(ch_est::puschRxChEstStatDescr_t *, ch_est::puschRxChEstDynDescr_t *)"
2554551113,6496,22388,103,1,1,128,1,1,16,0.000,0.000,,,,,NVIDIA A100-SXM4-40GB MIG 4g.20gb (0),1,,13,cupy_copy__complex64_complex64
2554656552,24000,22398,1434,1,1,128,1,1,16,0.000,0.000,,,,,NVIDIA A100-SXM4-40GB MIG 4g.20gb (0),1,,13,cupy_copy__complex64_complex64
2554769127,3808,22405,103,1,1,128,1,1,16,0.000,0.000,,,,,NVIDIA A100-SXM4-40GB MIG 4g.20gb (0),1,,13,cupy_copy__complex64_complex64
2554838150,319132,22412,1,1,1,32,32,1,30,0.000,0.000,,,,,NVIDIA A100-SXM4-40GB MIG 4g.20gb (0),1,,13,"void convert_kernel<__half2, float2>(tensor_layout_any, T1 *, tensor_layout_any, const T2 *)"
2555190242,11872,22415,,,,,,,,,,0.094,7892.108,Pinned,Device,NVIDIA A100-SXM4-40GB MIG 4g.20gb (0),1,,13,[CUDA memcpy Host-to-Device]
2555349088,52960,22416,,,,,,,,,,35.810,676162.909,Device,,NVIDIA A100-SXM4-40GB MIG 4g.20gb (0),1,,13,[CUDA memset]
2555409952,3775,22418,,,,,,,,,,0.000,21.192,Pinned,Device,NVIDIA A100-SXM4-40GB MIG 4g.20gb (0),1,,13,[CUDA memcpy Host-to-Device]
2555416959,14592,22419,,,,,,,,,,0.197,13473.546,Pinned,Device,NVIDIA A100-SXM4-40GB MIG 4g.20gb (0),1,,13,[CUDA memcpy Host-to-Device]
2555618173,32192,22420,273,1,1,48,1,1,40,0.000,0.001,,,,,NVIDIA A100-SXM4-40GB MIG 4g.20gb (0),1,,13,"void pusch_noise_intf_est::noiseIntfEstNoDftSOfdmKernel<float, __half, float, float, (unsigned int)2, (unsigned int)1, (unsigned char)4, (unsigned char)4>(pusch_noise_intf_est::puschRxNoiseIntfEstDynDescr)"
2555768475,5056,22431,35,1,1,128,1,1,16,0.000,0.000,,,,,NVIDIA A100-SXM4-40GB MIG 4g.20gb (0),1,,13,cupy_copy__complex64_complex64
2555859642,3904,22440,1,1,1,1,1,1,18,0.000,0.000,,,,,NVIDIA A100-SXM4-40GB MIG 4g.20gb (0),1,,13,cupy_copy__float32_float32
2555867674,1600,22446,,,,,,,,,,0.000,2.500,Device,Pageable,NVIDIA A100-SXM4-40GB MIG 4g.20gb (0),1,,7,[CUDA memcpy Device-to-Host]
2556027800,15456,22457,1434,1,1,128,1,1,16,0.000,0.000,,,,,NVIDIA A100-SXM4-40GB MIG 4g.20gb (0),1,,13,cupy_copy__complex64_complex64
2556127863,5504,22464,103,1,1,128,1,1,16,0.000,0.000,,,,,NVIDIA A100-SXM4-40GB MIG 4g.20gb (0),1,,13,cupy_copy__complex64_complex64
2556223702,10592,22471,35,1,1,128,1,1,16,0.000,0.000,,,,,NVIDIA A100-SXM4-40GB MIG 4g.20gb (0),1,,13,cupy_copy__complex64_complex64
2556354389,9856,22478,1,1,1,1,1,1,18,0.000,0.000,,,,,NVIDIA A100-SXM4-40GB MIG 4g.20gb (0),1,,13,cupy_copy__float32_float32
2556432084,352412,22489,1,1,1,32,32,1,30,0.000,0.000,,,,,NVIDIA A100-SXM4-40GB MIG 4g.20gb (0),1,,13,"void convert_kernel<__half2, float2>(tensor_layout_any, T1 *, tensor_layout_any, const T2 *)"
2556815087,5984,22492,,,,,,,,,,0.094,15657.726,Pinned,Device,NVIDIA A100-SXM4-40GB MIG 4g.20gb (0),1,,13,[CUDA memcpy Host-to-Device]
2556942926,5568,22493,,,,,,,,,,1.547,277769.031,Device,,NVIDIA A100-SXM4-40GB MIG 4g.20gb (0),1,,13,[CUDA memset]
2556954446,7904,22498,,,,,,,,,,0.031,3959.507,Pinned,Device,NVIDIA A100-SXM4-40GB MIG 4g.20gb (0),1,,13,[CUDA memcpy Host-to-Device]
2556965134,11968,22499,,,,,,,,,,0.197,16427.778,Pinned,Device,NVIDIA A100-SXM4-40GB MIG 4g.20gb (0),1,,13,[CUDA memcpy Host-to-Device]
2557164235,29056,22500,273,1,1,8,4,1,39,0.002,0.000,,,,,NVIDIA A100-SXM4-40GB MIG 4g.20gb (0),1,,13,"void channel_eq::eqMmseCoefCompLowMimoKernel<float, float, float, (unsigned int)4, (unsigned int)1, (unsigned int)4>(const channel_eq::_puschRxChEqStatDescr *, channel_eq::_puschRxChEqCoefCompDynDescr)"
2557370825,17632,22501,273,1,1,12,11,1,51,0.002,0.000,,,,,NVIDIA A100-SXM4-40GB MIG 4g.20gb (0),1,,13,"void channel_eq::eqMmseSoftDemapKernel<float, __half, __half, float, (unsigned int)4, (unsigned short)16383>(channel_eq::_puschRxChEqStatDescr *, channel_eq::_puschRxChEqSoftDemapDynDescr)"
2557586439,840566,22502,1,1,1,32,32,1,30,0.000,0.000,,,,,NVIDIA A100-SXM4-40GB MIG 4g.20gb (0),1,,13,"void convert_kernel<float2, __half2>(tensor_layout_any, T1 *, tensor_layout_any, const T2 *)"
2558602107,14624,22514,2253,1,1,128,1,1,16,0.000,0.000,,,,,NVIDIA A100-SXM4-40GB MIG 4g.20gb (0),1,,13,cupy_copy__float16_float16
2558757177,8256,22523,282,1,1,128,1,1,16,0.000,0.000,,,,,NVIDIA A100-SXM4-40GB MIG 4g.20gb (0),1,,13,cupy_copy__complex64_complex64
2558792473,8256,22532,26,1,1,128,1,1,16,0.000,0.000,,,,,NVIDIA A100-SXM4-40GB MIG 4g.20gb (0),1,,13,cupy_copy__float32_float32
2558823352,9056,22541,103,1,1,128,1,1,16,0.000,0.000,,,,,NVIDIA A100-SXM4-40GB MIG 4g.20gb (0),1,,13,cupy_copy__complex64_complex64
2558855384,19232,22551,1434,1,1,128,1,1,16,0.000,0.000,,,,,NVIDIA A100-SXM4-40GB MIG 4g.20gb (0),1,,13,cupy_copy__complex64_complex64
2558892695,140863,22556,1,1,1,32,32,1,30,0.000,0.000,,,,,NVIDIA A100-SXM4-40GB MIG 4g.20gb (0),1,,13,"void convert_kernel<__half2, float2>(tensor_layout_any, T1 *, tensor_layout_any, const T2 *)"
2559065686,5375,22559,,,,,,,,,,0.094,17431.766,Pinned,Device,NVIDIA A100-SXM4-40GB MIG 4g.20gb (0),1,,13,[CUDA memcpy Host-to-Device]
2559079509,618329,22560,,,,,,,,,,456.561,738259.848,Device,,NVIDIA A100-SXM4-40GB MIG 4g.20gb (0),1,,13,[CUDA memset]
2559699246,53152,22565,,,,,,,,,,1.235,23233.001,Pinned,Device,NVIDIA A100-SXM4-40GB MIG 4g.20gb (0),1,,13,[CUDA memcpy Host-to-Device]
2559756366,11199,22566,,,,,,,,,,0.197,17555.718,Pinned,Device,NVIDIA A100-SXM4-40GB MIG 4g.20gb (0),1,,13,[CUDA memcpy Host-to-Device]
2559860876,22336,22567,69,4,1,48,1,1,76,0.002,0.000,,,,,NVIDIA A100-SXM4-40GB MIG 4g.20gb (0),1,,13,"void ch_est::windowedChEstPreNoDftSOfdmKernel<float, __half, float, (unsigned int)2, (unsigned int)1, (unsigned short)4>(ch_est::puschRxChEstStatDescr_t *, ch_est::puschRxChEstDynDescr_t *)"
2560030474,15552,22568,137,2,1,24,2,1,44,0.001,0.001,,,,,NVIDIA A100-SXM4-40GB MIG 4g.20gb (0),1,,13,"void ch_est::chEstFilterNoDftSOfdmDispatchKernel<float, __half, float, (unsigned int)2>(ch_est::puschRxChEstStatDescr_t *, ch_est::puschRxChEstDynDescr_t *)"
2560141001,9248,22569,137,2,1,24,2,1,44,0.001,0.001,,,,,NVIDIA A100-SXM4-40GB MIG 4g.20gb (0),1,,13,"void ch_est::chEstFilterNoDftSOfdmDispatchKernel<float, __half, float, (unsigned int)2>(ch_est::puschRxChEstStatDescr_t *, ch_est::puschRxChEstDynDescr_t *)"
2560271368,6944,22580,103,1,1,128,1,1,16,0.000,0.000,,,,,NVIDIA A100-SXM4-40GB MIG 4g.20gb (0),1,,13,cupy_copy__complex64_complex64
2560333927,17376,22590,1434,1,1,128,1,1,16,0.000,0.000,,,,,NVIDIA A100-SXM4-40GB MIG 4g.20gb (0),1,,13,cupy_copy__complex64_complex64
2560546052,4128,22597,103,1,1,128,1,1,16,0.000,0.000,,,,,NVIDIA A100-SXM4-40GB MIG 4g.20gb (0),1,,13,cupy_copy__complex64_complex64
2560744162,304701,22604,1,1,1,32,32,1,30,0.000,0.000,,,,,NVIDIA A100-SXM4-40GB MIG 4g.20gb (0),1,,13,"void convert_kernel<__half2, float2>(tensor_layout_any, T1 *, tensor_layout_any, const T2 *)"
2561079838,5760,22607,,,,,,,,,,0.094,16266.656,Pinned,Device,NVIDIA A100-SXM4-40GB MIG 4g.20gb (0),1,,13,[CUDA memcpy Host-to-Device]
2561263772,51232,22608,,,,,,,,,,35.810,698973.828,Device,,NVIDIA A100-SXM4-40GB MIG 4g.20gb (0),1,,13,[CUDA memset]
2561323804,4383,22610,,,,,,,,,,0.000,18.252,Pinned,Device,NVIDIA A100-SXM4-40GB MIG 4g.20gb (0),1,,13,[CUDA memcpy Host-to-Device]
2561330651,12096,22611,,,,,,,,,,0.197,16253.780,Pinned,Device,NVIDIA A100-SXM4-40GB MIG 4g.20gb (0),1,,13,[CUDA memcpy Host-to-Device]
2561568761,16576,22612,273,1,1,48,1,1,40,0.000,0.001,,,,,NVIDIA A100-SXM4-40GB MIG 4g.20gb (0),1,,13,"void pusch_noise_intf_est::noiseIntfEstNoDftSOfdmKernel<float, __half, float, float, (unsigned int)2, (unsigned int)1, (unsigned char)4, (unsigned char)4>(pusch_noise_intf_est::puschRxNoiseIntfEstDynDescr)"
2561794646,8672,22623,35,1,1,128,1,1,16,0.000,0.000,,,,,NVIDIA A100-SXM4-40GB MIG 4g.20gb (0),1,,13,cupy_copy__complex64_complex64
2561926389,4288,22632,1,1,1,1,1,1,18,0.000,0.000,,,,,NVIDIA A100-SXM4-40GB MIG 4g.20gb (0),1,,13,cupy_copy__float32_float32
2561934677,5567,22638,,,,,,,,,,0.000,0.719,Device,Pageable,NVIDIA A100-SXM4-40GB MIG 4g.20gb (0),1,,7,[CUDA memcpy Device-to-Host]
2562093939,17183,22649,1434,1,1,128,1,1,16,0.000,0.000,,,,,NVIDIA A100-SXM4-40GB MIG 4g.20gb (0),1,,13,cupy_copy__complex64_complex64
2562130130,4096,22656,103,1,1,128,1,1,16,0.000,0.000,,,,,NVIDIA A100-SXM4-40GB MIG 4g.20gb (0),1,,13,cupy_copy__complex64_complex64
2562157874,8928,22663,35,1,1,128,1,1,16,0.000,0.000,,,,,NVIDIA A100-SXM4-40GB MIG 4g.20gb (0),1,,13,cupy_copy__complex64_complex64
2562186322,2784,22670,1,1,1,1,1,1,18,0.000,0.000,,,,,NVIDIA A100-SXM4-40GB MIG 4g.20gb (0),1,,13,cupy_copy__float32_float32
2562242065,156318,22681,1,1,1,32,32,1,30,0.000,0.000,,,,,NVIDIA A100-SXM4-40GB MIG 4g.20gb (0),1,,13,"void convert_kernel<__half2, float2>(tensor_layout_any, T1 *, tensor_layout_any, const T2 *)"
2562427343,5376,22684,,,,,,,,,,0.094,17428.487,Pinned,Device,NVIDIA A100-SXM4-40GB MIG 4g.20gb (0),1,,13,[CUDA memcpy Host-to-Device]
2562464078,5472,22685,,,,,,,,,,1.547,282642.443,Device,,NVIDIA A100-SXM4-40GB MIG 4g.20gb (0),1,,13,[CUDA memset]
2562476814,3008,22690,,,,,,,,,,0.031,10404.230,Pinned,Device,NVIDIA A100-SXM4-40GB MIG 4g.20gb (0),1,,13,[CUDA memcpy Host-to-Device]
2562482702,12032,22691,,,,,,,,,,0.197,16340.287,Pinned,Device,NVIDIA A100-SXM4-40GB MIG 4g.20gb (0),1,,13,[CUDA memcpy Host-to-Device]
2562571693,34368,22692,273,1,1,8,4,1,39,0.002,0.000,,,,,NVIDIA A100-SXM4-40GB MIG 4g.20gb (0),1,,13,"void channel_eq::eqMmseCoefCompLowMimoKernel<float, float, float, (unsigned int)4, (unsigned int)1, (unsigned int)4>(const channel_eq::_puschRxChEqStatDescr *, channel_eq::_puschRxChEqCoefCompDynDescr)"
2562717900,13311,22693,273,1,1,12,11,1,51,0.002,0.000,,,,,NVIDIA A100-SXM4-40GB MIG 4g.20gb (0),1,,13,"void channel_eq::eqMmseSoftDemapKernel<float, __half, __half, float, (unsigned int)4, (unsigned short)16383>(channel_eq::_puschRxChEqStatDescr *, channel_eq::_puschRxChEqSoftDemapDynDescr)"
2562855754,888630,22694,1,1,1,32,32,1,30,0.000,0.000,,,,,NVIDIA A100-SXM4-40GB MIG 4g.20gb (0),1,,13,"void convert_kernel<float2, __half2>(tensor_layout_any, T1 *, tensor_layout_any, const T2 *)"
2563921118,13728,22706,2253,1,1,128,1,1,16,0.000,0.000,,,,,NVIDIA A100-SXM4-40GB MIG 4g.20gb (0),1,,13,cupy_copy__float16_float16
2564139771,5440,22715,282,1,1,128,1,1,16,0.000,0.000,,,,,NVIDIA A100-SXM4-40GB MIG 4g.20gb (0),1,,13,cupy_copy__complex64_complex64
2564348313,4768,22724,26,1,1,128,1,1,16,0.000,0.000,,,,,NVIDIA A100-SXM4-40GB MIG 4g.20gb (0),1,,13,cupy_copy__float32_float32
2564519863,8960,22733,103,1,1,128,1,1,16,0.000,0.000,,,,,NVIDIA A100-SXM4-40GB MIG 4g.20gb (0),1,,13,cupy_copy__complex64_complex64
2564623350,19391,22743,1434,1,1,128,1,1,16,0.000,0.000,,,,,NVIDIA A100-SXM4-40GB MIG 4g.20gb (0),1,,13,cupy_copy__complex64_complex64
2564705077,292124,22748,1,1,1,32,32,1,30,0.000,0.000,,,,,NVIDIA A100-SXM4-40GB MIG 4g.20gb (0),1,,13,"void convert_kernel<__half2, float2>(tensor_layout_any, T1 *, tensor_layout_any, const T2 *)"
2565027665,5760,22751,,,,,,,,,,0.094,16266.656,Pinned,Device,NVIDIA A100-SXM4-40GB MIG 4g.20gb (0),1,,13,[CUDA memcpy Host-to-Device]
2565074736,618297,22752,,,,,,,,,,456.561,738259.848,Device,,NVIDIA A100-SXM4-40GB MIG 4g.20gb (0),1,,13,[CUDA memset]
2565698697,50144,22757,,,,,,,,,,1.235,24627.253,Pinned,Device,NVIDIA A100-SXM4-40GB MIG 4g.20gb (0),1,,13,[CUDA memcpy Host-to-Device]
2565751113,10048,22758,,,,,,,,,,0.197,19566.821,Pinned,Device,NVIDIA A100-SXM4-40GB MIG 4g.20gb (0),1,,13,[CUDA memcpy Host-to-Device]
2565843048,14495,22759,69,4,1,48,1,1,76,0.002,0.000,,,,,NVIDIA A100-SXM4-40GB MIG 4g.20gb (0),1,,13,"void ch_est::windowedChEstPreNoDftSOfdmKernel<float, __half, float, (unsigned int)2, (unsigned int)1, (unsigned short)4>(ch_est::puschRxChEstStatDescr_t *, ch_est::puschRxChEstDynDescr_t *)"
2565967878,20224,22760,137,2,1,24,2,1,44,0.001,0.001,,,,,NVIDIA A100-SXM4-40GB MIG 4g.20gb (0),1,,13,"void ch_est::chEstFilterNoDftSOfdmDispatchKernel<float, __half, float, (unsigned int)2>(ch_est::puschRxChEstStatDescr_t *, ch_est::puschRxChEstDynDescr_t *)"
2566084229,15328,22761,137,2,1,24,2,1,44,0.001,0.001,,,,,NVIDIA A100-SXM4-40GB MIG 4g.20gb (0),1,,13,"void ch_est::chEstFilterNoDftSOfdmDispatchKernel<float, __half, float, (unsigned int)2>(ch_est::puschRxChEstStatDescr_t *, ch_est::puschRxChEstDynDescr_t *)"
2566148964,10848,22772,103,1,1,128,1,1,16,0.000,0.000,,,,,NVIDIA A100-SXM4-40GB MIG 4g.20gb (0),1,,13,cupy_copy__complex64_complex64
2566239619,18304,22782,1434,1,1,128,1,1,16,0.000,0.000,,,,,NVIDIA A100-SXM4-40GB MIG 4g.20gb (0),1,,13,cupy_copy__complex64_complex64
2566371362,14655,22789,103,1,1,128,1,1,16,0.000,0.000,,,,,NVIDIA A100-SXM4-40GB MIG 4g.20gb (0),1,,13,cupy_copy__complex64_complex64
2566503168,431547,22796,1,1,1,32,32,1,30,0.000,0.000,,,,,NVIDIA A100-SXM4-40GB MIG 4g.20gb (0),1,,13,"void convert_kernel<__half2, float2>(tensor_layout_any, T1 *, tensor_layout_any, const T2 *)"
2566965019,6016,22799,,,,,,,,,,0.094,15574.430,Pinned,Device,NVIDIA A100-SXM4-40GB MIG 4g.20gb (0),1,,13,[CUDA memcpy Host-to-Device]
2567114041,54911,22800,,,,,,,,,,35.810,652134.453,Device,,NVIDIA A100-SXM4-40GB MIG 4g.20gb (0),1,,13,[CUDA memset]
2567173976,3168,22802,,,,,,,,,,0.000,25.252,Pinned,Device,NVIDIA A100-SXM4-40GB MIG 4g.20gb (0),1,,13,[CUDA memcpy Host-to-Device]
2567185560,14176,22803,,,,,,,,,,0.197,13868.925,Pinned,Device,NVIDIA A100-SXM4-40GB MIG 4g.20gb (0),1,,13,[CUDA memcpy Host-to-Device]
2567350198,38656,22804,273,1,1,48,1,1,40,0.000,0.001,,,,,NVIDIA A100-SXM4-40GB MIG 4g.20gb (0),1,,13,"void pusch_noise_intf_est::noiseIntfEstNoDftSOfdmKernel<float, __half, float, float, (unsigned int)2, (unsigned int)1, (unsigned char)4, (unsigned char)4>(pusch_noise_intf_est::puschRxNoiseIntfEstDynDescr)"
2567537172,10784,22815,35,1,1,128,1,1,16,0.000,0.000,,,,,NVIDIA A100-SXM4-40GB MIG 4g.20gb (0),1,,13,cupy_copy__complex64_complex64
2567611571,3520,22824,1,1,1,1,1,1,18,0.000,0.000,,,,,NVIDIA A100-SXM4-40GB MIG 4g.20gb (0),1,,13,cupy_copy__float32_float32
2567619891,3680,22830,,,,,,,,,,0.000,1.087,Device,Pageable,NVIDIA A100-SXM4-40GB MIG 4g.20gb (0),1,,7,[CUDA memcpy Device-to-Host]
2567772145,23552,22841,1434,1,1,128,1,1,16,0.000,0.000,,,,,NVIDIA A100-SXM4-40GB MIG 4g.20gb (0),1,,13,cupy_copy__complex64_complex64
2567907216,9184,22848,103,1,1,128,1,1,16,0.000,0.000,,,,,NVIDIA A100-SXM4-40GB MIG 4g.20gb (0),1,,13,cupy_copy__complex64_complex64
2567985551,8288,22855,35,1,1,128,1,1,16,0.000,0.000,,,,,NVIDIA A100-SXM4-40GB MIG 4g.20gb (0),1,,13,cupy_copy__complex64_complex64
2568082926,3936,22862,1,1,1,1,1,1,18,0.000,0.000,,,,,NVIDIA A100-SXM4-40GB MIG 4g.20gb (0),1,,13,cupy_copy__float32_float32
2568119021,262973,22873,1,1,1,32,32,1,30,0.000,0.000,,,,,NVIDIA A100-SXM4-40GB MIG 4g.20gb (0),1,,13,"void convert_kernel<__half2, float2>(tensor_layout_any, T1 *, tensor_layout_any, const T2 *)"
2568412106,5696,22876,,,,,,,,,,0.094,16449.363,Pinned,Device,NVIDIA A100-SXM4-40GB MIG 4g.20gb (0),1,,13,[CUDA memcpy Host-to-Device]
2568521705,5152,22877,,,,,,,,,,1.547,300198.172,Device,,NVIDIA A100-SXM4-40GB MIG 4g.20gb (0),1,,13,[CUDA memset]
2568533385,3072,22882,,,,,,,,,,0.031,10187.474,Pinned,Device,NVIDIA A100-SXM4-40GB MIG 4g.20gb (0),1,,13,[CUDA memcpy Host-to-Device]
2568538953,9919,22883,,,,,,,,,,0.197,19821.232,Pinned,Device,NVIDIA A100-SXM4-40GB MIG 4g.20gb (0),1,,13,[CUDA memcpy Host-to-Device]
2568662375,35168,22884,273,1,1,8,4,1,39,0.002,0.000,,,,,NVIDIA A100-SXM4-40GB MIG 4g.20gb (0),1,,13,"void channel_eq::eqMmseCoefCompLowMimoKernel<float, float, float, (unsigned int)4, (unsigned int)1, (unsigned int)4>(const channel_eq::_puschRxChEqStatDescr *, channel_eq::_puschRxChEqCoefCompDynDescr)"
2568832709,20800,22885,273,1,1,12,11,1,51,0.002,0.000,,,,,NVIDIA A100-SXM4-40GB MIG 4g.20gb (0),1,,13,"void channel_eq::eqMmseSoftDemapKernel<float, __half, __half, float, (unsigned int)4, (unsigned short)16383>(channel_eq::_puschRxChEqStatDescr *, channel_eq::_puschRxChEqSoftDemapDynDescr)"
2568987939,702904,22886,1,1,1,32,32,1,30,0.000,0.000,,,,,NVIDIA A100-SXM4-40GB MIG 4g.20gb (0),1,,13,"void convert_kernel<float2, __half2>(tensor_layout_any, T1 *, tensor_layout_any, const T2 *)"
2569797946,13696,22898,2253,1,1,128,1,1,16,0.000,0.000,,,,,NVIDIA A100-SXM4-40GB MIG 4g.20gb (0),1,,13,cupy_copy__float16_float16
2569967416,5472,22907,282,1,1,128,1,1,16,0.000,0.000,,,,,NVIDIA A100-SXM4-40GB MIG 4g.20gb (0),1,,13,cupy_copy__complex64_complex64
2569995864,6944,22916,26,1,1,128,1,1,16,0.000,0.000,,,,,NVIDIA A100-SXM4-40GB MIG 4g.20gb (0),1,,13,cupy_copy__float32_float32
2570023672,7935,22925,103,1,1,128,1,1,16,0.000,0.000,,,,,NVIDIA A100-SXM4-40GB MIG 4g.20gb (0),1,,13,cupy_copy__complex64_complex64
2570052951,17888,22935,1434,1,1,128,1,1,16,0.000,0.000,,,,,NVIDIA A100-SXM4-40GB MIG 4g.20gb (0),1,,13,cupy_copy__complex64_complex64
2570091319,132222,22940,1,1,1,32,32,1,30,0.000,0.000,,,,,NVIDIA A100-SXM4-40GB MIG 4g.20gb (0),1,,13,"void convert_kernel<__half2, float2>(tensor_layout_any, T1 *, tensor_layout_any, const T2 *)"
2570253269,5376,22943,,,,,,,,,,0.094,17428.487,Pinned,Device,NVIDIA A100-SXM4-40GB MIG 4g.20gb (0),1,,13,[CUDA memcpy Host-to-Device]
2570288405,619224,22944,,,,,,,,,,456.561,736890.164,Device,,NVIDIA A100-SXM4-40GB MIG 4g.20gb (0),1,,13,[CUDA memset]
2570908717,53248,22949,,,,,,,,,,1.235,23192.248,Pinned,Device,NVIDIA A100-SXM4-40GB MIG 4g.20gb (0),1,,13,[CUDA memcpy Host-to-Device]
2570968077,13664,22950,,,,,,,,,,0.197,14388.756,Pinned,Device,NVIDIA A100-SXM4-40GB MIG 4g.20gb (0),1,,13,[CUDA memcpy Host-to-Device]
2571055660,13120,22951,69,4,1,48,1,1,76,0.002,0.000,,,,,NVIDIA A100-SXM4-40GB MIG 4g.20gb (0),1,,13,"void ch_est::windowedChEstPreNoDftSOfdmKernel<float, __half, float, (unsigned int)2, (unsigned int)1, (unsigned short)4>(ch_est::puschRxChEstStatDescr_t *, ch_est::puschRxChEstDynDescr_t *)"
2571192234,16576,22952,137,2,1,24,2,1,44,0.001,0.001,,,,,NVIDIA A100-SXM4-40GB MIG 4g.20gb (0),1,,13,"void ch_est::chEstFilterNoDftSOfdmDispatchKernel<float, __half, float, (unsigned int)2>(ch_est::puschRxChEstStatDescr_t *, ch_est::puschRxChEstDynDescr_t *)"
2571317961,18303,22953,137,2,1,24,2,1,44,0.001,0.001,,,,,NVIDIA A100-SXM4-40GB MIG 4g.20gb (0),1,,13,"void ch_est::chEstFilterNoDftSOfdmDispatchKernel<float, __half, float, (unsigned int)2>(ch_est::puschRxChEstStatDescr_t *, ch_est::puschRxChEstDynDescr_t *)"
2571382024,11648,22964,103,1,1,128,1,1,16,0.000,0.000,,,,,NVIDIA A100-SXM4-40GB MIG 4g.20gb (0),1,,13,cupy_copy__complex64_complex64
2571464647,18016,22974,1434,1,1,128,1,1,16,0.000,0.000,,,,,NVIDIA A100-SXM4-40GB MIG 4g.20gb (0),1,,13,cupy_copy__complex64_complex64
2571540678,10176,22981,103,1,1,128,1,1,16,0.000,0.000,,,,,NVIDIA A100-SXM4-40GB MIG 4g.20gb (0),1,,13,cupy_copy__complex64_complex64
2571618437,400092,22988,1,1,1,32,32,1,30,0.000,0.000,,,,,NVIDIA A100-SXM4-40GB MIG 4g.20gb (0),1,,13,"void convert_kernel<__half2, float2>(tensor_layout_any, T1 *, tensor_layout_any, const T2 *)"
2572048672,6208,22991,,,,,,,,,,0.094,15092.739,Pinned,Device,NVIDIA A100-SXM4-40GB MIG 4g.20gb (0),1,,13,[CUDA memcpy Host-to-Device]
2572165407,57055,22992,,,,,,,,,,35.810,627604.658,Device,,NVIDIA A100-SXM4-40GB MIG 4g.20gb (0),1,,13,[CUDA memset]
2572229278,1824,22994,,,,,,,,,,0.000,43.860,Pinned,Device,NVIDIA A100-SXM4-40GB MIG 4g.20gb (0),1,,13,[CUDA memcpy Host-to-Device]
2572233502,11104,22995,,,,,,,,,,0.197,17705.927,Pinned,Device,NVIDIA A100-SXM4-40GB MIG 4g.20gb (0),1,,13,[CUDA memcpy Host-to-Device]
2572371549,32383,22996,273,1,1,48,1,1,40,0.000,0.001,,,,,NVIDIA A100-SXM4-40GB MIG 4g.20gb (0),1,,13,"void pusch_noise_intf_est::noiseIntfEstNoDftSOfdmKernel<float, __half, float, float, (unsigned int)2, (unsigned int)1, (unsigned char)4, (unsigned char)4>(pusch_noise_intf_est::puschRxNoiseIntfEstDynDescr)"
2572478555,4960,23007,35,1,1,128,1,1,16,0.000,0.000,,,,,NVIDIA A100-SXM4-40GB MIG 4g.20gb (0),1,,13,cupy_copy__complex64_complex64
2572559930,9216,23016,1,1,1,1,1,1,18,0.000,0.000,,,,,NVIDIA A100-SXM4-40GB MIG 4g.20gb (0),1,,13,cupy_copy__float32_float32
2572573178,6080,23022,,,,,,,,,,0.000,0.658,Device,Pageable,NVIDIA A100-SXM4-40GB MIG 4g.20gb (0),1,,7,[CUDA memcpy Device-to-Host]
2572698649,16448,23033,1434,1,1,128,1,1,16,0.000,0.000,,,,,NVIDIA A100-SXM4-40GB MIG 4g.20gb (0),1,,13,cupy_copy__complex64_complex64
2572813527,4608,23040,103,1,1,128,1,1,16,0.000,0.000,,,,,NVIDIA A100-SXM4-40GB MIG 4g.20gb (0),1,,13,cupy_copy__complex64_complex64
2572885207,7392,23047,35,1,1,128,1,1,16,0.000,0.000,,,,,NVIDIA A100-SXM4-40GB MIG 4g.20gb (0),1,,13,cupy_copy__complex64_complex64
2572957686,3712,23054,1,1,1,1,1,1,18,0.000,0.000,,,,,NVIDIA A100-SXM4-40GB MIG 4g.20gb (0),1,,13,cupy_copy__float32_float32
2573041941,323932,23065,1,1,1,32,32,1,30,0.000,0.000,,,,,NVIDIA A100-SXM4-40GB MIG 4g.20gb (0),1,,13,"void convert_kernel<__half2, float2>(tensor_layout_any, T1 *, tensor_layout_any, const T2 *)"
2573396049,5344,23068,,,,,,,,,,0.094,17532.864,Pinned,Device,NVIDIA A100-SXM4-40GB MIG 4g.20gb (0),1,,13,[CUDA memcpy Host-to-Device]
2573433776,5568,23069,,,,,,,,,,1.547,277769.031,Device,,NVIDIA A100-SXM4-40GB MIG 4g.20gb (0),1,,13,[CUDA memset]
2573445808,3072,23074,,,,,,,,,,0.031,10187.474,Pinned,Device,NVIDIA A100-SXM4-40GB MIG 4g.20gb (0),1,,13,[CUDA memcpy Host-to-Device]
2573451312,9376,23075,,,,,,,,,,0.197,20969.226,Pinned,Device,NVIDIA A100-SXM4-40GB MIG 4g.20gb (0),1,,13,[CUDA memcpy Host-to-Device]
2573490736,31167,23076,273,1,1,8,4,1,39,0.002,0.000,,,,,NVIDIA A100-SXM4-40GB MIG 4g.20gb (0),1,,13,"void channel_eq::eqMmseCoefCompLowMimoKernel<float, float, float, (unsigned int)4, (unsigned int)1, (unsigned int)4>(const channel_eq::_puschRxChEqStatDescr *, channel_eq::_puschRxChEqCoefCompDynDescr)"
2573561391,12704,23077,273,1,1,12,11,1,51,0.002,0.000,,,,,NVIDIA A100-SXM4-40GB MIG 4g.20gb (0),1,,13,"void channel_eq::eqMmseSoftDemapKernel<float, __half, __half, float, (unsigned int)4, (unsigned short)16383>(channel_eq::_puschRxChEqStatDescr *, channel_eq::_puschRxChEqSoftDemapDynDescr)"
2573621358,534234,23078,1,1,1,32,32,1,30,0.000,0.000,,,,,NVIDIA A100-SXM4-40GB MIG 4g.20gb (0),1,,13,"void convert_kernel<float2, __half2>(tensor_layout_any, T1 *, tensor_layout_any, const T2 *)"
2574239079,14080,23090,2253,1,1,128,1,1,16,0.000,0.000,,,,,NVIDIA A100-SXM4-40GB MIG 4g.20gb (0),1,,13,cupy_copy__float16_float16
2574387877,5664,23099,282,1,1,128,1,1,16,0.000,0.000,,,,,NVIDIA A100-SXM4-40GB MIG 4g.20gb (0),1,,13,cupy_copy__complex64_complex64
2574496324,3104,23108,26,1,1,128,1,1,16,0.000,0.000,,,,,NVIDIA A100-SXM4-40GB MIG 4g.20gb (0),1,,13,cupy_copy__float32_float32
2574638690,4736,23117,103,1,1,128,1,1,16,0.000,0.000,,,,,NVIDIA A100-SXM4-40GB MIG 4g.20gb (0),1,,13,cupy_copy__complex64_complex64
2574691074,18464,23127,1434,1,1,128,1,1,16,0.000,0.000,,,,,NVIDIA A100-SXM4-40GB MIG 4g.20gb (0),1,,13,cupy_copy__complex64_complex64
2574808353,284380,23132,1,1,1,32,32,1,30,0.000,0.000,,,,,NVIDIA A100-SXM4-40GB MIG 4g.20gb (0),1,,13,"void convert_kernel<__half2, float2>(tensor_layout_any, T1 *, tensor_layout_any, const T2 *)"
2575124765,6976,23135,,,,,,,,,,0.094,13431.134,Pinned,Device,NVIDIA A100-SXM4-40GB MIG 4g.20gb (0),1,,13,[CUDA memcpy Host-to-Device]
2575260187,614457,23136,,,,,,,,,,456.561,742825.463,Device,,NVIDIA A100-SXM4-40GB MIG 4g.20gb (0),1,,13,[CUDA memset]
2575878612,65855,23141,,,,,,,,,,1.235,18751.390,Pinned,Device,NVIDIA A100-SXM4-40GB MIG 4g.20gb (0),1,,13,[CUDA memcpy Host-to-Device]
2575955347,16608,23142,,,,,,,,,,0.197,11837.964,Pinned,Device,NVIDIA A100-SXM4-40GB MIG 4g.20gb (0),1,,13,[CUDA memcpy Host-to-Device]
2576071154,12704,23143,69,4,1,48,1,1,76,0.002,0.000,,,,,NVIDIA A100-SXM4-40GB MIG 4g.20gb (0),1,,13,"void ch_est::windowedChEstPreNoDftSOfdmKernel<float, __half, float, (unsigned int)2, (unsigned int)1, (unsigned short)4>(ch_est::puschRxChEstStatDescr_t *, ch_est::puschRxChEstDynDescr_t *)"
2576188017,17183,23144,137,2,1,24,2,1,44,0.001,0.001,,,,,NVIDIA A100-SXM4-40GB MIG 4g.20gb (0),1,,13,"void ch_est::chEstFilterNoDftSOfdmDispatchKernel<float, __half, float, (unsigned int)2>(ch_est::puschRxChEstStatDescr_t *, ch_est::puschRxChEstDynDescr_t *)"
2576271888,29439,23145,137,2,1,24,2,1,44,0.001,0.001,,,,,NVIDIA A100-SXM4-40GB MIG 4g.20gb (0),1,,13,"void ch_est::chEstFilterNoDftSOfdmDispatchKernel<float, __half, float, (unsigned int)2>(ch_est::puschRxChEstStatDescr_t *, ch_est::puschRxChEstDynDescr_t *)"
2576378702,9088,23156,103,1,1,128,1,1,16,0.000,0.000,,,,,NVIDIA A100-SXM4-40GB MIG 4g.20gb (0),1,,13,cupy_copy__complex64_complex64
2576451886,23071,23166,1434,1,1,128,1,1,16,0.000,0.000,,,,,NVIDIA A100-SXM4-40GB MIG 4g.20gb (0),1,,13,cupy_copy__complex64_complex64
2576531469,4064,23173,103,1,1,128,1,1,16,0.000,0.000,,,,,NVIDIA A100-SXM4-40GB MIG 4g.20gb (0),1,,13,cupy_copy__complex64_complex64
2576635724,371451,23180,1,1,1,32,32,1,30,0.000,0.000,,,,,NVIDIA A100-SXM4-40GB MIG 4g.20gb (0),1,,13,"void convert_kernel<__half2, float2>(tensor_layout_any, T1 *, tensor_layout_any, const T2 *)"
2577037415,5888,23183,,,,,,,,,,0.094,15912.954,Pinned,Device,NVIDIA A100-SXM4-40GB MIG 4g.20gb (0),1,,13,[CUDA memcpy Host-to-Device]
2577235749,51711,23184,,,,,,,,,,35.810,692492.233,Device,,NVIDIA A100-SXM4-40GB MIG 4g.20gb (0),1,,13,[CUDA memset]
2577292900,3680,23186,,,,,,,,,,0.000,21.739,Pinned,Device,NVIDIA A100-SXM4-40GB MIG 4g.20gb (0),1,,13,[CUDA memcpy Host-to-Device]
2577301956,14528,23187,,,,,,,,,,0.197,13532.922,Pinned,Device,NVIDIA A100-SXM4-40GB MIG 4g.20gb (0),1,,13,[CUDA memcpy Host-to-Device]
2577497858,21215,23188,273,1,1,48,1,1,40,0.000,0.001,,,,,NVIDIA A100-SXM4-40GB MIG 4g.20gb (0),1,,13,"void pusch_noise_intf_est::noiseIntfEstNoDftSOfdmKernel<float, __half, float, float, (unsigned int)2, (unsigned int)1, (unsigned char)4, (unsigned char)4>(pusch_noise_intf_est::puschRxNoiseIntfEstDynDescr)"
2577694175,6784,23199,35,1,1,128,1,1,16,0.000,0.000,,,,,NVIDIA A100-SXM4-40GB MIG 4g.20gb (0),1,,13,cupy_copy__complex64_complex64
2577891389,3456,23208,1,1,1,1,1,1,18,0.000,0.000,,,,,NVIDIA A100-SXM4-40GB MIG 4g.20gb (0),1,,13,cupy_copy__float32_float32
2577897053,1856,23214,,,,,,,,,,0.000,2.155,Device,Pageable,NVIDIA A100-SXM4-40GB MIG 4g.20gb (0),1,,7,[CUDA memcpy Device-to-Host]
2578031483,18240,23225,1434,1,1,128,1,1,16,0.000,0.000,,,,,NVIDIA A100-SXM4-40GB MIG 4g.20gb (0),1,,13,cupy_copy__complex64_complex64
2578130298,5824,23232,103,1,1,128,1,1,16,0.000,0.000,,,,,NVIDIA A100-SXM4-40GB MIG 4g.20gb (0),1,,13,cupy_copy__complex64_complex64
2578219705,6944,23239,35,1,1,128,1,1,16,0.000,0.000,,,,,NVIDIA A100-SXM4-40GB MIG 4g.20gb (0),1,,13,cupy_copy__complex64_complex64
2578331256,3392,23246,1,1,1,1,1,1,18,0.000,0.000,,,,,NVIDIA A100-SXM4-40GB MIG 4g.20gb (0),1,,13,cupy_copy__float32_float32
2578390103,323005,23257,1,1,1,32,32,1,30,0.000,0.000,,,,,NVIDIA A100-SXM4-40GB MIG 4g.20gb (0),1,,13,"void convert_kernel<__half2, float2>(tensor_layout_any, T1 *, tensor_layout_any, const T2 *)"
2578745651,15328,23260,,,,,,,,,,0.094,6112.727,Pinned,Device,NVIDIA A100-SXM4-40GB MIG 4g.20gb (0),1,,13,[CUDA memcpy Host-to-Device]
2578938321,5376,23261,,,,,,,,,,1.547,287689.077,Device,,NVIDIA A100-SXM4-40GB MIG 4g.20gb (0),1,,13,[CUDA memset]
2578950577,5472,23266,,,,,,,,,,0.031,5719.281,Pinned,Device,NVIDIA A100-SXM4-40GB MIG 4g.20gb (0),1,,13,[CUDA memcpy Host-to-Device]
2578958801,10400,23267,,,,,,,,,,0.197,18904.449,Pinned,Device,NVIDIA A100-SXM4-40GB MIG 4g.20gb (0),1,,13,[CUDA memcpy Host-to-Device]
2579151375,13055,23268,273,1,1,8,4,1,39,0.002,0.000,,,,,NVIDIA A100-SXM4-40GB MIG 4g.20gb (0),1,,13,"void channel_eq::eqMmseCoefCompLowMimoKernel<float, float, float, (unsigned int)4, (unsigned int)1, (unsigned int)4>(const channel_eq::_puschRxChEqStatDescr *, channel_eq::_puschRxChEqCoefCompDynDescr)"
2579285613,12352,23269,273,1,1,12,11,1,51,0.002,0.000,,,,,NVIDIA A100-SXM4-40GB MIG 4g.20gb (0),1,,13,"void channel_eq::eqMmseSoftDemapKernel<float, __half, __half, float, (unsigned int)4, (unsigned short)16383>(channel_eq::_puschRxChEqStatDescr *, channel_eq::_puschRxChEqSoftDemapDynDescr)"
2579494859,788983,23270,1,1,1,32,32,1,30,0.000,0.000,,,,,NVIDIA A100-SXM4-40GB MIG 4g.20gb (0),1,,13,"void convert_kernel<float2, __half2>(tensor_layout_any, T1 *, tensor_layout_any, const T2 *)"
2580405184,13664,23282,2253,1,1,128,1,1,16,0.000,0.000,,,,,NVIDIA A100-SXM4-40GB MIG 4g.20gb (0),1,,13,cupy_copy__float16_float16
2580551423,4703,23291,282,1,1,128,1,1,16,0.000,0.000,,,,,NVIDIA A100-SXM4-40GB MIG 4g.20gb (0),1,,13,cupy_copy__complex64_complex64
2580613470,4320,23300,26,1,1,128,1,1,16,0.000,0.000,,,,,NVIDIA A100-SXM4-40GB MIG 4g.20gb (0),1,,13,cupy_copy__float32_float32
2580641086,13343,23309,103,1,1,128,1,1,16,0.000,0.000,,,,,NVIDIA A100-SXM4-40GB MIG 4g.20gb (0),1,,13,cupy_copy__complex64_complex64
2580671133,14400,23319,1434,1,1,128,1,1,16,0.000,0.000,,,,,NVIDIA A100-SXM4-40GB MIG 4g.20gb (0),1,,13,cupy_copy__complex64_complex64
2580718525,148606,23324,1,1,1,32,32,1,30,0.000,0.000,,,,,NVIDIA A100-SXM4-40GB MIG 4g.20gb (0),1,,13,"void convert_kernel<__half2, float2>(tensor_layout_any, T1 *, tensor_layout_any, const T2 *)"
2581840208,6336,23327,,,,,,,,,,0.094,14787.852,Pinned,Device,NVIDIA A100-SXM4-40GB MIG 4g.20gb (0),1,,13,[CUDA memcpy Host-to-Device]
2581929935,607385,23328,,,,,,,,,,456.561,751500.130,Device,,NVIDIA A100-SXM4-40GB MIG 4g.20gb (0),1,,13,[CUDA memset]
2582543080,61759,23333,,,,,,,,,,1.235,19994.978,Pinned,Device,NVIDIA A100-SXM4-40GB MIG 4g.20gb (0),1,,13,[CUDA memcpy Host-to-Device]
2582607367,12128,23334,,,,,,,,,,0.197,16210.919,Pinned,Device,NVIDIA A100-SXM4-40GB MIG 4g.20gb (0),1,,13,[CUDA memcpy Host-to-Device]
2582704230,22976,23335,69,4,1,48,1,1,76,0.002,0.000,,,,,NVIDIA A100-SXM4-40GB MIG 4g.20gb (0),1,,13,"void ch_est::windowedChEstPreNoDftSOfdmKernel<float, __half, float, (unsigned int)2, (unsigned int)1, (unsigned short)4>(ch_est::puschRxChEstStatDescr_t *, ch_est::puschRxChEstDynDescr_t *)"
2582824260,22560,23336,137,2,1,24,2,1,44,0.001,0.001,,,,,NVIDIA A100-SXM4-40GB MIG 4g.20gb (0),1,,13,"void ch_est::chEstFilterNoDftSOfdmDispatchKernel<float, __half, float, (unsigned int)2>(ch_est::puschRxChEstStatDescr_t *, ch_est::puschRxChEstDynDescr_t *)"
2582937795,35648,23337,137,2,1,24,2,1,44,0.001,0.001,,,,,NVIDIA A100-SXM4-40GB MIG 4g.20gb (0),1,,13,"void ch_est::chEstFilterNoDftSOfdmDispatchKernel<float, __half, float, (unsigned int)2>(ch_est::puschRxChEstStatDescr_t *, ch_est::puschRxChEstDynDescr_t *)"
2583063586,8928,23348,103,1,1,128,1,1,16,0.000,0.000,,,,,NVIDIA A100-SXM4-40GB MIG 4g.20gb (0),1,,13,cupy_copy__complex64_complex64
2583148225,18815,23358,1434,1,1,128,1,1,16,0.000,0.000,,,,,NVIDIA A100-SXM4-40GB MIG 4g.20gb (0),1,,13,cupy_copy__complex64_complex64
2583223072,4672,23365,103,1,1,128,1,1,16,0.000,0.000,,,,,NVIDIA A100-SXM4-40GB MIG 4g.20gb (0),1,,13,cupy_copy__complex64_complex64
2583256191,162111,23372,1,1,1,32,32,1,30,0.000,0.000,,,,,NVIDIA A100-SXM4-40GB MIG 4g.20gb (0),1,,13,"void convert_kernel<__half2, float2>(tensor_layout_any, T1 *, tensor_layout_any, const T2 *)"
2583447741,5408,23375,,,,,,,,,,0.094,17325.421,Pinned,Device,NVIDIA A100-SXM4-40GB MIG 4g.20gb (0),1,,13,[CUDA memcpy Host-to-Device]
2583503773,55167,23376,,,,,,,,,,35.810,649090.610,Device,,NVIDIA A100-SXM4-40GB MIG 4g.20gb (0),1,,13,[CUDA memset]
2583559932,3392,23378,,,,,,,,,,0.000,23.585,Pinned,Device,NVIDIA A100-SXM4-40GB MIG 4g.20gb (0),1,,13,[CUDA memcpy Host-to-Device]
2583565756,9696,23379,,,,,,,,,,0.197,20277.166,Pinned,Device,NVIDIA A100-SXM4-40GB MIG 4g.20gb (0),1,,13,[CUDA memcpy Host-to-Device]
2583615355,28576,23380,273,1,1,48,1,1,40,0.000,0.001,,,,,NVIDIA A100-SXM4-40GB MIG 4g.20gb (0),1,,13,"void pusch_noise_intf_est::noiseIntfEstNoDftSOfdmKernel<float, __half, float, float, (unsigned int)2, (unsigned int)1, (unsigned char)4, (unsigned char)4>(pusch_noise_intf_est::puschRxNoiseIntfEstDynDescr)"
2583677563,6496,23391,35,1,1,128,1,1,16,0.000,0.000,,,,,NVIDIA A100-SXM4-40GB MIG 4g.20gb (0),1,,13,cupy_copy__complex64_complex64
2583704186,3456,23400,1,1,1,1,1,1,18,0.000,0.000,,,,,NVIDIA A100-SXM4-40GB MIG 4g.20gb (0),1,,13,cupy_copy__float32_float32
2583712986,4064,23406,,,,,,,,,,0.000,0.984,Device,Pageable,NVIDIA A100-SXM4-40GB MIG 4g.20gb (0),1,,7,[CUDA memcpy Device-to-Host]
2583852153,17567,23417,1434,1,1,128,1,1,16,0.000,0.000,,,,,NVIDIA A100-SXM4-40GB MIG 4g.20gb (0),1,,13,cupy_copy__complex64_complex64
2583980215,5312,23424,103,1,1,128,1,1,16,0.000,0.000,,,,,NVIDIA A100-SXM4-40GB MIG 4g.20gb (0),1,,13,cupy_copy__complex64_complex64
2584098262,6304,23431,35,1,1,128,1,1,16,0.000,0.000,,,,,NVIDIA A100-SXM4-40GB MIG 4g.20gb (0),1,,13,cupy_copy__complex64_complex64
2584183253,3136,23438,1,1,1,1,1,1,18,0.000,0.000,,,,,NVIDIA A100-SXM4-40GB MIG 4g.20gb (0),1,,13,cupy_copy__float32_float32
2584244084,314684,23449,1,1,1,32,32,1,30,0.000,0.000,,,,,NVIDIA A100-SXM4-40GB MIG 4g.20gb (0),1,,13,"void convert_kernel<__half2, float2>(tensor_layout_any, T1 *, tensor_layout_any, const T2 *)"
2584591312,8832,23452,,,,,,,,,,0.094,10608.636,Pinned,Device,NVIDIA A100-SXM4-40GB MIG 4g.20gb (0),1,,13,[CUDA memcpy Host-to-Device]
2584697615,5888,23453,,,,,,,,,,1.547,262672.434,Device,,NVIDIA A100-SXM4-40GB MIG 4g.20gb (0),1,,13,[CUDA memset]
2584708207,10368,23458,,,,,,,,,,0.031,3018.499,Pinned,Device,NVIDIA A100-SXM4-40GB MIG 4g.20gb (0),1,,13,[CUDA memcpy Host-to-Device]
2584722543,10463,23459,,,,,,,,,,0.197,18790.613,Pinned,Device,NVIDIA A100-SXM4-40GB MIG 4g.20gb (0),1,,13,[CUDA memcpy Host-to-Device]
2584839405,32960,23460,273,1,1,8,4,1,39,0.002,0.000,,,,,NVIDIA A100-SXM4-40GB MIG 4g.20gb (0),1,,13,"void channel_eq::eqMmseCoefCompLowMimoKernel<float, float, float, (unsigned int)4, (unsigned int)1, (unsigned int)4>(const channel_eq::_puschRxChEqStatDescr *, channel_eq::_puschRxChEqCoefCompDynDescr)"
2585001739,10176,23461,273,1,1,12,11,1,51,0.002,0.000,,,,,NVIDIA A100-SXM4-40GB MIG 4g.20gb (0),1,,13,"void channel_eq::eqMmseSoftDemapKernel<float, __half, __half, float, (unsigned int)4, (unsigned short)16383>(channel_eq::_puschRxChEqStatDescr *, channel_eq::_puschRxChEqSoftDemapDynDescr)"
2585127722,738935,23462,1,1,1,32,32,1,30,0.000,0.000,,,,,NVIDIA A100-SXM4-40GB MIG 4g.20gb (0),1,,13,"void convert_kernel<float2, __half2>(tensor_layout_any, T1 *, tensor_layout_any, const T2 *)"
2585997312,18720,23474,2253,1,1,128,1,1,16,0.000,0.000,,,,,NVIDIA A100-SXM4-40GB MIG 4g.20gb (0),1,,13,cupy_copy__float16_float16
2586137246,7584,23483,282,1,1,128,1,1,16,0.000,0.000,,,,,NVIDIA A100-SXM4-40GB MIG 4g.20gb (0),1,,13,cupy_copy__complex64_complex64
2586198686,3360,23492,26,1,1,128,1,1,16,0.000,0.000,,,,,NVIDIA A100-SXM4-40GB MIG 4g.20gb (0),1,,13,cupy_copy__float32_float32
2586226109,11264,23501,103,1,1,128,1,1,16,0.000,0.000,,,,,NVIDIA A100-SXM4-40GB MIG 4g.20gb (0),1,,13,cupy_copy__complex64_complex64
2586259037,15232,23511,1434,1,1,128,1,1,16,0.000,0.000,,,,,NVIDIA A100-SXM4-40GB MIG 4g.20gb (0),1,,13,cupy_copy__complex64_complex64
2586305532,139391,23516,1,1,1,32,32,1,30,0.000,0.000,,,,,NVIDIA A100-SXM4-40GB MIG 4g.20gb (0),1,,13,"void convert_kernel<__half2, float2>(tensor_layout_any, T1 *, tensor_layout_any, const T2 *)"
2586475866,5376,23519,,,,,,,,,,0.094,17428.487,Pinned,Device,NVIDIA A100-SXM4-40GB MIG 4g.20gb (0),1,,13,[CUDA memcpy Host-to-Device]
2586498298,612889,23520,,,,,,,,,,456.561,744651.709,Device,,NVIDIA A100-SXM4-40GB MIG 4g.20gb (0),1,,13,[CUDA memset]
2587112179,59295,23525,,,,,,,,,,1.235,20826.096,Pinned,Device,NVIDIA A100-SXM4-40GB MIG 4g.20gb (0),1,,13,[CUDA memcpy Host-to-Device]
2587173938,15168,23526,,,,,,,,,,0.197,12961.972,Pinned,Device,NVIDIA A100-SXM4-40GB MIG 4g.20gb (0),1,,13,[CUDA memcpy Host-to-Device]
2587292977,13376,23527,69,4,1,48,1,1,76,0.002,0.000,,,,,NVIDIA A100-SXM4-40GB MIG 4g.20gb (0),1,,13,"void ch_est::windowedChEstPreNoDftSOfdmKernel<float, __half, float, (unsigned int)2, (unsigned int)1, (unsigned short)4>(ch_est::puschRxChEstStatDescr_t *, ch_est::puschRxChEstDynDescr_t *)"
2587438255,11776,23528,137,2,1,24,2,1,44,0.001,0.001,,,,,NVIDIA A100-SXM4-40GB MIG 4g.20gb (0),1,,13,"void ch_est::chEstFilterNoDftSOfdmDispatchKernel<float, __half, float, (unsigned int)2>(ch_est::puschRxChEstStatDescr_t *, ch_est::puschRxChEstDynDescr_t *)"
2587582894,15104,23529,137,2,1,24,2,1,44,0.001,0.001,,,,,NVIDIA A100-SXM4-40GB MIG 4g.20gb (0),1,,13,"void ch_est::chEstFilterNoDftSOfdmDispatchKernel<float, __half, float, (unsigned int)2>(ch_est::puschRxChEstStatDescr_t *, ch_est::puschRxChEstDynDescr_t *)"
2587707820,4608,23540,103,1,1,128,1,1,16,0.000,0.000,,,,,NVIDIA A100-SXM4-40GB MIG 4g.20gb (0),1,,13,cupy_copy__complex64_complex64
2587810187,21088,23550,1434,1,1,128,1,1,16,0.000,0.000,,,,,NVIDIA A100-SXM4-40GB MIG 4g.20gb (0),1,,13,cupy_copy__complex64_complex64
2587889610,8224,23557,103,1,1,128,1,1,16,0.000,0.000,,,,,NVIDIA A100-SXM4-40GB MIG 4g.20gb (0),1,,13,cupy_copy__complex64_complex64
2587992329,289277,23564,1,1,1,32,32,1,30,0.000,0.000,,,,,NVIDIA A100-SXM4-40GB MIG 4g.20gb (0),1,,13,"void convert_kernel<__half2, float2>(tensor_layout_any, T1 *, tensor_layout_any, const T2 *)"
2588315877,12928,23567,,,,,,,,,,0.094,7247.479,Pinned,Device,NVIDIA A100-SXM4-40GB MIG 4g.20gb (0),1,,13,[CUDA memcpy Host-to-Device]
2588416228,55327,23568,,,,,,,,,,35.810,647228.494,Device,,NVIDIA A100-SXM4-40GB MIG 4g.20gb (0),1,,13,[CUDA memset]
2588480227,5696,23570,,,,,,,,,,0.000,14.045,Pinned,Device,NVIDIA A100-SXM4-40GB MIG 4g.20gb (0),1,,13,[CUDA memcpy Host-to-Device]
2588489379,14848,23571,,,,,,,,,,0.197,13241.352,Pinned,Device,NVIDIA A100-SXM4-40GB MIG 4g.20gb (0),1,,13,[CUDA memcpy Host-to-Device]
2588618338,23072,23572,273,1,1,48,1,1,40,0.000,0.001,,,,,NVIDIA A100-SXM4-40GB MIG 4g.20gb (0),1,,13,"void pusch_noise_intf_est::noiseIntfEstNoDftSOfdmKernel<float, __half, float, float, (unsigned int)2, (unsigned int)1, (unsigned char)4, (unsigned char)4>(pusch_noise_intf_est::puschRxNoiseIntfEstDynDescr)"
2588758464,7648,23583,35,1,1,128,1,1,16,0.000,0.000,,,,,NVIDIA A100-SXM4-40GB MIG 4g.20gb (0),1,,13,cupy_copy__complex64_complex64
2588785760,3424,23592,1,1,1,1,1,1,18,0.000,0.000,,,,,NVIDIA A100-SXM4-40GB MIG 4g.20gb (0),1,,13,cupy_copy__float32_float32
2588791264,1600,23598,,,,,,,,,,0.000,2.500,Device,Pageable,NVIDIA A100-SXM4-40GB MIG 4g.20gb (0),1,,7,[CUDA memcpy Device-to-Host]
2588896095,14527,23609,1434,1,1,128,1,1,16,0.000,0.000,,,,,NVIDIA A100-SXM4-40GB MIG 4g.20gb (0),1,,13,cupy_copy__complex64_complex64
2588937822,7200,23616,103,1,1,128,1,1,16,0.000,0.000,,,,,NVIDIA A100-SXM4-40GB MIG 4g.20gb (0),1,,13,cupy_copy__complex64_complex64
2588966398,5824,23623,35,1,1,128,1,1,16,0.000,0.000,,,,,NVIDIA A100-SXM4-40GB MIG 4g.20gb (0),1,,13,cupy_copy__complex64_complex64
2588993021,3136,23630,1,1,1,1,1,1,18,0.000,0.000,,,,,NVIDIA A100-SXM4-40GB MIG 4g.20gb (0),1,,13,cupy_copy__float32_float32
2589111708,168670,23641,1,1,1,32,32,1,30,0.000,0.000,,,,,NVIDIA A100-SXM4-40GB MIG 4g.20gb (0),1,,13,"void convert_kernel<__half2, float2>(tensor_layout_any, T1 *, tensor_layout_any, const T2 *)"
2589309914,5728,23644,,,,,,,,,,0.094,16357.541,Pinned,Device,NVIDIA A100-SXM4-40GB MIG 4g.20gb (0),1,,13,[CUDA memcpy Host-to-Device]
2589403033,4896,23645,,,,,,,,,,1.547,315894.859,Device,,NVIDIA A100-SXM4-40GB MIG 4g.20gb (0),1,,13,[CUDA memset]
2589414585,5568,23650,,,,,,,,,,0.031,5620.668,Pinned,Device,NVIDIA A100-SXM4-40GB MIG 4g.20gb (0),1,,13,[CUDA memcpy Host-to-Device]
2589422841,12991,23651,,,,,,,,,,0.197,15134.097,Pinned,Device,NVIDIA A100-SXM4-40GB MIG 4g.20gb (0),1,,13,[CUDA memcpy Host-to-Device]
2589527767,33664,23652,273,1,1,8,4,1,39,0.002,0.000,,,,,NVIDIA A100-SXM4-40GB MIG 4g.20gb (0),1,,13,"void channel_eq::eqMmseCoefCompLowMimoKernel<float, float, float, (unsigned int)4, (unsigned int)1, (unsigned int)4>(const channel_eq::_puschRxChEqStatDescr *, channel_eq::_puschRxChEqCoefCompDynDescr)"
2589684086,21055,23653,273,1,1,12,11,1,51,0.002,0.000,,,,,NVIDIA A100-SXM4-40GB MIG 4g.20gb (0),1,,13,"void channel_eq::eqMmseSoftDemapKernel<float, __half, __half, float, (unsigned int)4, (unsigned short)16383>(channel_eq::_puschRxChEqStatDescr *, channel_eq::_puschRxChEqSoftDemapDynDescr)"
2589747829,691448,23654,1,1,1,32,32,1,30,0.000,0.000,,,,,NVIDIA A100-SXM4-40GB MIG 4g.20gb (0),1,,13,"void convert_kernel<float2, __half2>(tensor_layout_any, T1 *, tensor_layout_any, const T2 *)"
2590530252,13056,23666,2253,1,1,128,1,1,16,0.000,0.000,,,,,NVIDIA A100-SXM4-40GB MIG 4g.20gb (0),1,,13,cupy_copy__float16_float16
2590659370,11648,23675,282,1,1,128,1,1,16,0.000,0.000,,,,,NVIDIA A100-SXM4-40GB MIG 4g.20gb (0),1,,13,cupy_copy__complex64_complex64
2590725770,7359,23684,26,1,1,128,1,1,16,0.000,0.000,,,,,NVIDIA A100-SXM4-40GB MIG 4g.20gb (0),1,,13,cupy_copy__float32_float32
2590804361,5088,23693,103,1,1,128,1,1,16,0.000,0.000,,,,,NVIDIA A100-SXM4-40GB MIG 4g.20gb (0),1,,13,cupy_copy__complex64_complex64
2590892456,16319,23703,1434,1,1,128,1,1,16,0.000,0.000,,,,,NVIDIA A100-SXM4-40GB MIG 4g.20gb (0),1,,13,cupy_copy__complex64_complex64
2590991815,309244,23708,1,1,1,32,32,1,30,0.000,0.000,,,,,NVIDIA A100-SXM4-40GB MIG 4g.20gb (0),1,,13,"void convert_kernel<__half2, float2>(tensor_layout_any, T1 *, tensor_layout_any, const T2 *)"
2591333699,9183,23711,,,,,,,,,,0.094,10203.120,Pinned,Device,NVIDIA A100-SXM4-40GB MIG 4g.20gb (0),1,,13,[CUDA memcpy Host-to-Device]
2591453217,600377,23712,,,,,,,,,,456.561,760174.798,Device,,NVIDIA A100-SXM4-40GB MIG 4g.20gb (0),1,,13,[CUDA memset]
2592055418,59424,23717,,,,,,,,,,1.235,20781.638,Pinned,Device,NVIDIA A100-SXM4-40GB MIG 4g.20gb (0),1,,13,[CUDA memcpy Host-to-Device]
2592117306,11679,23718,,,,,,,,,,0.197,16834.167,Pinned,Device,NVIDIA A100-SXM4-40GB MIG 4g.20gb (0),1,,13,[CUDA memcpy Host-to-Device]
2592256824,12736,23719,69,4,1,48,1,1,76,0.002,0.000,,,,,NVIDIA A100-SXM4-40GB MIG 4g.20gb (0),1,,13,"void ch_est::windowedChEstPreNoDftSOfdmKernel<float, __half, float, (unsigned int)2, (unsigned int)1, (unsigned short)4>(ch_est::puschRxChEstStatDescr_t *, ch_est::puschRxChEstDynDescr_t *)"
2592389270,17536,23720,137,2,1,24,2,1,44,0.001,0.001,,,,,NVIDIA A100-SXM4-40GB MIG 4g.20gb (0),1,,13,"void ch_est::chEstFilterNoDftSOfdmDispatchKernel<float, __half, float, (unsigned int)2>(ch_est::puschRxChEstStatDescr_t *, ch_est::puschRxChEstDynDescr_t *)"
2592455958,14816,23721,137,2,1,24,2,1,44,0.001,0.001,,,,,NVIDIA A100-SXM4-40GB MIG 4g.20gb (0),1,,13,"void ch_est::chEstFilterNoDftSOfdmDispatchKernel<float, __half, float, (unsigned int)2>(ch_est::puschRxChEstStatDescr_t *, ch_est::puschRxChEstDynDescr_t *)"
2592520149,4736,23732,103,1,1,128,1,1,16,0.000,0.000,,,,,NVIDIA A100-SXM4-40GB MIG 4g.20gb (0),1,,13,cupy_copy__complex64_complex64
2592546837,18271,23742,1434,1,1,128,1,1,16,0.000,0.000,,,,,NVIDIA A100-SXM4-40GB MIG 4g.20gb (0),1,,13,cupy_copy__complex64_complex64
2592587700,4768,23749,103,1,1,128,1,1,16,0.000,0.000,,,,,NVIDIA A100-SXM4-40GB MIG 4g.20gb (0),1,,13,cupy_copy__complex64_complex64
2592620724,150910,23756,1,1,1,32,32,1,30,0.000,0.000,,,,,NVIDIA A100-SXM4-40GB MIG 4g.20gb (0),1,,13,"void convert_kernel<__half2, float2>(tensor_layout_any, T1 *, tensor_layout_any, const T2 *)"
2592804594,5376,23759,,,,,,,,,,0.094,17428.487,Pinned,Device,NVIDIA A100-SXM4-40GB MIG 4g.20gb (0),1,,13,[CUDA memcpy Host-to-Device]
2592836689,57760,23760,,,,,,,,,,35.810,619977.145,Device,,NVIDIA A100-SXM4-40GB MIG 4g.20gb (0),1,,13,[CUDA memset]
2592897041,1824,23762,,,,,,,,,,0.000,43.860,Pinned,Device,NVIDIA A100-SXM4-40GB MIG 4g.20gb (0),1,,13,[CUDA memcpy Host-to-Device]
2592902417,9343,23763,,,,,,,,,,0.197,21043.347,Pinned,Device,NVIDIA A100-SXM4-40GB MIG 4g.20gb (0),1,,13,[CUDA memcpy Host-to-Device]
2592959952,24384,23764,273,1,1,48,1,1,40,0.000,0.001,,,,,NVIDIA A100-SXM4-40GB MIG 4g.20gb (0),1,,13,"void pusch_noise_intf_est::noiseIntfEstNoDftSOfdmKernel<float, __half, float, float, (unsigned int)2, (unsigned int)1, (unsigned char)4, (unsigned char)4>(pusch_noise_intf_est::puschRxNoiseIntfEstDynDescr)"
2593080271,11839,23775,35,1,1,128,1,1,16,0.000,0.000,,,,,NVIDIA A100-SXM4-40GB MIG 4g.20gb (0),1,,13,cupy_copy__complex64_complex64
2593161326,5056,23784,1,1,1,1,1,1,18,0.000,0.000,,,,,NVIDIA A100-SXM4-40GB MIG 4g.20gb (0),1,,13,cupy_copy__float32_float32
2593176333,1824,23790,,,,,,,,,,0.000,2.193,Device,Pageable,NVIDIA A100-SXM4-40GB MIG 4g.20gb (0),1,,7,[CUDA memcpy Device-to-Host]
2593324268,17376,23801,1434,1,1,128,1,1,16,0.000,0.000,,,,,NVIDIA A100-SXM4-40GB MIG 4g.20gb (0),1,,13,cupy_copy__complex64_complex64
2593360619,5824,23808,103,1,1,128,1,1,16,0.000,0.000,,,,,NVIDIA A100-SXM4-40GB MIG 4g.20gb (0),1,,13,cupy_copy__complex64_complex64
2593446762,8288,23815,35,1,1,128,1,1,16,0.000,0.000,,,,,NVIDIA A100-SXM4-40GB MIG 4g.20gb (0),1,,13,cupy_copy__complex64_complex64
2593524105,8096,23822,1,1,1,1,1,1,18,0.000,0.000,,,,,NVIDIA A100-SXM4-40GB MIG 4g.20gb (0),1,,13,cupy_copy__float32_float32
2593604008,347932,23833,1,1,1,32,32,1,30,0.000,0.000,,,,,NVIDIA A100-SXM4-40GB MIG 4g.20gb (0),1,,13,"void convert_kernel<__half2, float2>(tensor_layout_any, T1 *, tensor_layout_any, const T2 *)"
2593984388,8352,23836,,,,,,,,,,0.094,11218.316,Pinned,Device,NVIDIA A100-SXM4-40GB MIG 4g.20gb (0),1,,13,[CUDA memcpy Host-to-Device]
2594083555,4672,23837,,,,,,,,,,1.547,331040.948,Device,,NVIDIA A100-SXM4-40GB MIG 4g.20gb (0),1,,13,[CUDA memset]
2594096579,5632,23842,,,,,,,,,,0.031,5556.793,Pinned,Device,NVIDIA A100-SXM4-40GB MIG 4g.20gb (0),1,,13,[CUDA memcpy Host-to-Device]
2594107779,13824,23843,,,,,,,,,,0.197,14222.033,Pinned,Device,NVIDIA A100-SXM4-40GB MIG 4g.20gb (0),1,,13,[CUDA memcpy Host-to-Device]
2594210434,15423,23844,273,1,1,8,4,1,39,0.002,0.000,,,,,NVIDIA A100-SXM4-40GB MIG 4g.20gb (0),1,,13,"void channel_eq::eqMmseCoefCompLowMimoKernel<float, float, float, (unsigned int)4, (unsigned int)1, (unsigned int)4>(const channel_eq::_puschRxChEqStatDescr *, channel_eq::_puschRxChEqCoefCompDynDescr)"
2594339872,11712,23845,273,1,1,12,11,1,51,0.002,0.000,,,,,NVIDIA A100-SXM4-40GB MIG 4g.20gb (0),1,,13,"void channel_eq::eqMmseSoftDemapKernel<float, __half, __half, float, (unsigned int)4, (unsigned short)16383>(channel_eq::_puschRxChEqStatDescr *, channel_eq::_puschRxChEqSoftDemapDynDescr)"
2594455327,801047,23846,1,1,1,32,32,1,30,0.000,0.000,,,,,NVIDIA A100-SXM4-40GB MIG 4g.20gb (0),1,,13,"void convert_kernel<float2, __half2>(tensor_layout_any, T1 *, tensor_layout_any, const T2 *)"
2595266581,14752,23858,2253,1,1,128,1,1,16,0.000,0.000,,,,,NVIDIA A100-SXM4-40GB MIG 4g.20gb (0),1,,13,cupy_copy__float16_float16
2595283861,3488,23867,282,1,1,128,1,1,16,0.000,0.000,,,,,NVIDIA A100-SXM4-40GB MIG 4g.20gb (0),1,,13,cupy_copy__complex64_complex64
2595313749,8064,23876,26,1,1,128,1,1,16,0.000,0.000,,,,,NVIDIA A100-SXM4-40GB MIG 4g.20gb (0),1,,13,cupy_copy__float32_float32
2595327509,4064,23885,103,1,1,128,1,1,16,0.000,0.000,,,,,NVIDIA A100-SXM4-40GB MIG 4g.20gb (0),1,,13,cupy_copy__complex64_complex64
2595408148,17792,23895,1434,1,1,128,1,1,16,0.000,0.000,,,,,NVIDIA A100-SXM4-40GB MIG 4g.20gb (0),1,,13,cupy_copy__complex64_complex64
2595427764,83135,23900,1,1,1,32,32,1,30,0.000,0.000,,,,,NVIDIA A100-SXM4-40GB MIG 4g.20gb (0),1,,13,"void convert_kernel<__half2, float2>(tensor_layout_any, T1 *, tensor_layout_any, const T2 *)"
2595545906,5344,23903,,,,,,,,,,0.094,17532.864,Pinned,Device,NVIDIA A100-SXM4-40GB MIG 4g.20gb (0),1,,13,[CUDA memcpy Host-to-Device]
2595561010,621721,23904,,,,,,,,,,456.561,734150.796,Device,,NVIDIA A100-SXM4-40GB MIG 4g.20gb (0),1,,13,[CUDA memset]
2596191179,52767,23909,,,,,,,,,,1.235,23403.424,Pinned,Device,NVIDIA A100-SXM4-40GB MIG 4g.20gb (0),1,,13,[CUDA memcpy Host-to-Device]
2596247594,10400,23910,,,,,,,,,,0.197,18904.449,Pinned,Device,NVIDIA A100-SXM4-40GB MIG 4g.20gb (0),1,,13,[CUDA memcpy Host-to-Device]
2596263146,20960,23911,69,4,1,48,1,1,76,0.002,0.000,,,,,NVIDIA A100-SXM4-40GB MIG 4g.20gb (0),1,,13,"void ch_est::windowedChEstPreNoDftSOfdmKernel<float, __half, float, (unsigned int)2, (unsigned int)1, (unsigned short)4>(ch_est::puschRxChEstStatDescr_t *, ch_est::puschRxChEstDynDescr_t *)"
2596318697,20992,23912,137,2,1,24,2,1,44,0.001,0.001,,,,,NVIDIA A100-SXM4-40GB MIG 4g.20gb (0),1,,13,"void ch_est::chEstFilterNoDftSOfdmDispatchKernel<float, __half, float, (unsigned int)2>(ch_est::puschRxChEstStatDescr_t *, ch_est::puschRxChEstDynDescr_t *)"
2596373993,23071,23913,137,2,1,24,2,1,44,0.001,0.001,,,,,NVIDIA A100-SXM4-40GB MIG 4g.20gb (0),1,,13,"void ch_est::chEstFilterNoDftSOfdmDispatchKernel<float, __half, float, (unsigned int)2>(ch_est::puschRxChEstStatDescr_t *, ch_est::puschRxChEstDynDescr_t *)"
2596399144,2560,23924,103,1,1,128,1,1,16,0.000,0.000,,,,,NVIDIA A100-SXM4-40GB MIG 4g.20gb (0),1,,13,cupy_copy__complex64_complex64
2596435464,14912,23934,1434,1,1,128,1,1,16,0.000,0.000,,,,,NVIDIA A100-SXM4-40GB MIG 4g.20gb (0),1,,13,cupy_copy__complex64_complex64
2596455080,2528,23941,103,1,1,128,1,1,16,0.000,0.000,,,,,NVIDIA A100-SXM4-40GB MIG 4g.20gb (0),1,,13,cupy_copy__complex64_complex64
2596497831,303325,23948,1,1,1,32,32,1,30,0.000,0.000,,,,,NVIDIA A100-SXM4-40GB MIG 4g.20gb (0),1,,13,"void convert_kernel<__half2, float2>(tensor_layout_any, T1 *, tensor_layout_any, const T2 *)"
2596830051,5600,23951,,,,,,,,,,0.094,16731.388,Pinned,Device,NVIDIA A100-SXM4-40GB MIG 4g.20gb (0),1,,13,[CUDA memcpy Host-to-Device]
2596889411,54655,23952,,,,,,,,,,35.810,655178.296,Device,,NVIDIA A100-SXM4-40GB MIG 4g.20gb (0),1,,13,[CUDA memset]
2596952482,1824,23954,,,,,,,,,,0.000,43.860,Pinned,Device,NVIDIA A100-SXM4-40GB MIG 4g.20gb (0),1,,13,[CUDA memcpy Host-to-Device]
2596956866,9440,23955,,,,,,,,,,0.197,20827.079,Pinned,Device,NVIDIA A100-SXM4-40GB MIG 4g.20gb (0),1,,13,[CUDA memcpy Host-to-Device]
2597036993,28608,23956,273,1,1,48,1,1,40,0.000,0.001,,,,,NVIDIA A100-SXM4-40GB MIG 4g.20gb (0),1,,13,"void pusch_noise_intf_est::noiseIntfEstNoDftSOfdmKernel<float, __half, float, float, (unsigned int)2, (unsigned int)1, (unsigned char)4, (unsigned char)4>(pusch_noise_intf_est::puschRxNoiseIntfEstDynDescr)"
2597184799,9408,23967,35,1,1,128,1,1,16,0.000,0.000,,,,,NVIDIA A100-SXM4-40GB MIG 4g.20gb (0),1,,13,cupy_copy__complex64_complex64
2597242591,3488,23976,1,1,1,1,1,1,18,0.000,0.000,,,,,NVIDIA A100-SXM4-40GB MIG 4g.20gb (0),1,,13,cupy_copy__float32_float32
2597248447,3744,23982,,,,,,,,,,0.000,1.068,Device,Pageable,NVIDIA A100-SXM4-40GB MIG 4g.20gb (0),1,,7,[CUDA memcpy Device-to-Host]
2597398205,24320,23993,1434,1,1,128,1,1,16,0.000,0.000,,,,,NVIDIA A100-SXM4-40GB MIG 4g.20gb (0),1,,13,cupy_copy__complex64_complex64
2597465756,6144,24000,103,1,1,128,1,1,16,0.000,0.000,,,,,NVIDIA A100-SXM4-40GB MIG 4g.20gb (0),1,,13,cupy_copy__complex64_complex64
2597575739,8992,24007,35,1,1,128,1,1,16,0.000,0.000,,,,,NVIDIA A100-SXM4-40GB MIG 4g.20gb (0),1,,13,cupy_copy__complex64_complex64
2597640026,8928,24014,1,1,1,1,1,1,18,0.000,0.000,,,,,NVIDIA A100-SXM4-40GB MIG 4g.20gb (0),1,,13,cupy_copy__float32_float32
2597696537,350428,24025,1,1,1,32,32,1,30,0.000,0.000,,,,,NVIDIA A100-SXM4-40GB MIG 4g.20gb (0),1,,13,"void convert_kernel<__half2, float2>(tensor_layout_any, T1 *, tensor_layout_any, const T2 *)"
2598081397,11616,24028,,,,,,,,,,0.094,8066.101,Pinned,Device,NVIDIA A100-SXM4-40GB MIG 4g.20gb (0),1,,13,[CUDA memcpy Host-to-Device]
2598140724,11360,24029,,,,,,,,,,1.547,136146.217,Device,,NVIDIA A100-SXM4-40GB MIG 4g.20gb (0),1,,13,[CUDA memset]
2598160340,3616,24034,,,,,,,,,,0.031,8654.846,Pinned,Device,NVIDIA A100-SXM4-40GB MIG 4g.20gb (0),1,,13,[CUDA memcpy Host-to-Device]
2598170036,16800,24035,,,,,,,,,,0.197,11702.698,Pinned,Device,NVIDIA A100-SXM4-40GB MIG 4g.20gb (0),1,,13,[CUDA memcpy Host-to-Device]
2598246515,19072,24036,273,1,1,8,4,1,39,0.002,0.000,,,,,NVIDIA A100-SXM4-40GB MIG 4g.20gb (0),1,,13,"void channel_eq::eqMmseCoefCompLowMimoKernel<float, float, float, (unsigned int)4, (unsigned int)1, (unsigned int)4>(const channel_eq::_puschRxChEqStatDescr *, channel_eq::_puschRxChEqCoefCompDynDescr)"
2598348722,19360,24037,273,1,1,12,11,1,51,0.002,0.000,,,,,NVIDIA A100-SXM4-40GB MIG 4g.20gb (0),1,,13,"void channel_eq::eqMmseSoftDemapKernel<float, __half, __half, float, (unsigned int)4, (unsigned short)16383>(channel_eq::_puschRxChEqStatDescr *, channel_eq::_puschRxChEqSoftDemapDynDescr)"
2598472913,665688,24038,1,1,1,32,32,1,30,0.000,0.000,,,,,NVIDIA A100-SXM4-40GB MIG 4g.20gb (0),1,,13,"void convert_kernel<float2, __half2>(tensor_layout_any, T1 *, tensor_layout_any, const T2 *)"
2599162377,14175,24050,2253,1,1,128,1,1,16,0.000,0.000,,,,,NVIDIA A100-SXM4-40GB MIG 4g.20gb (0),1,,13,cupy_copy__float16_float16
2599220104,5312,24059,282,1,1,128,1,1,16,0.000,0.000,,,,,NVIDIA A100-SXM4-40GB MIG 4g.20gb (0),1,,13,cupy_copy__complex64_complex64
2599251080,7072,24068,26,1,1,128,1,1,16,0.000,0.000,,,,,NVIDIA A100-SXM4-40GB MIG 4g.20gb (0),1,,13,cupy_copy__float32_float32
2599263015,8448,24077,103,1,1,128,1,1,16,0.000,0.000,,,,,NVIDIA A100-SXM4-40GB MIG 4g.20gb (0),1,,13,cupy_copy__complex64_complex64
2599293735,16416,24087,1434,1,1,128,1,1,16,0.000,0.000,,,,,NVIDIA A100-SXM4-40GB MIG 4g.20gb (0),1,,13,cupy_copy__complex64_complex64
2599313351,262621,24092,1,1,1,32,32,1,30,0.000,0.000,,,,,NVIDIA A100-SXM4-40GB MIG 4g.20gb (0),1,,13,"void convert_kernel<__half2, float2>(tensor_layout_any, T1 *, tensor_layout_any, const T2 *)"
2599608611,5344,24095,,,,,,,,,,0.094,17532.864,Pinned,Device,NVIDIA A100-SXM4-40GB MIG 4g.20gb (0),1,,13,[CUDA memcpy Host-to-Device]
2599648291,616313,24096,,,,,,,,,,456.561,740542.656,Device,,NVIDIA A100-SXM4-40GB MIG 4g.20gb (0),1,,13,[CUDA memset]
2600266780,72191,24101,,,,,,,,,,1.235,17106.444,Pinned,Device,NVIDIA A100-SXM4-40GB MIG 4g.20gb (0),1,,13,[CUDA memcpy Host-to-Device]
2600342139,11904,24102,,,,,,,,,,0.197,16516.055,Pinned,Device,NVIDIA A100-SXM4-40GB MIG 4g.20gb (0),1,,13,[CUDA memcpy Host-to-Device]
2600442714,21696,24103,69,4,1,48,1,1,76,0.002,0.000,,,,,NVIDIA A100-SXM4-40GB MIG 4g.20gb (0),1,,13,"void ch_est::windowedChEstPreNoDftSOfdmKernel<float, __half, float, (unsigned int)2, (unsigned int)1, (unsigned short)4>(ch_est::puschRxChEstStatDescr_t *, ch_est::puschRxChEstDynDescr_t *)"
2600559673,32319,24104,137,2,1,24,2,1,44,0.001,0.001,,,,,NVIDIA A100-SXM4-40GB MIG 4g.20gb (0),1,,13,"void ch_est::chEstFilterNoDftSOfdmDispatchKernel<float, __half, float, (unsigned int)2>(ch_est::puschRxChEstStatDescr_t *, ch_est::puschRxChEstDynDescr_t *)"
2600688023,20320,24105,137,2,1,24,2,1,44,0.001,0.001,,,,,NVIDIA A100-SXM4-40GB MIG 4g.20gb (0),1,,13,"void ch_est::chEstFilterNoDftSOfdmDispatchKernel<float, __half, float, (unsigned int)2>(ch_est::puschRxChEstStatDescr_t *, ch_est::puschRxChEstDynDescr_t *)"
2600800918,3776,24116,103,1,1,128,1,1,16,0.000,0.000,,,,,NVIDIA A100-SXM4-40GB MIG 4g.20gb (0),1,,13,cupy_copy__complex64_complex64
2600851957,16832,24126,1434,1,1,128,1,1,16,0.000,0.000,,,,,NVIDIA A100-SXM4-40GB MIG 4g.20gb (0),1,,13,cupy_copy__complex64_complex64
2600955252,6656,24133,103,1,1,128,1,1,16,0.000,0.000,,,,,NVIDIA A100-SXM4-40GB MIG 4g.20gb (0),1,,13,cupy_copy__complex64_complex64
2601031859,296989,24140,1,1,1,32,32,1,30,0.000,0.000,,,,,NVIDIA A100-SXM4-40GB MIG 4g.20gb (0),1,,13,"void convert_kernel<__half2, float2>(tensor_layout_any, T1 *, tensor_layout_any, const T2 *)"
2601358415,12640,24143,,,,,,,,,,0.094,7412.572,Pinned,Device,NVIDIA A100-SXM4-40GB MIG 4g.20gb (0),1,,13,[CUDA memcpy Host-to-Device]
2601484046,51775,24144,,,,,,,,,,35.810,691632.795,Device,,NVIDIA A100-SXM4-40GB MIG 4g.20gb (0),1,,13,[CUDA memset]
2601542285,5824,24146,,,,,,,,,,0.000,13.736,Pinned,Device,NVIDIA A100-SXM4-40GB MIG 4g.20gb (0),1,,13,[CUDA memcpy Host-to-Device]
2601550541,15104,24147,,,,,,,,,,0.197,13016.826,Pinned,Device,NVIDIA A100-SXM4-40GB MIG 4g.20gb (0),1,,13,[CUDA memcpy Host-to-Device]
2601631884,29952,24148,273,1,1,48,1,1,40,0.000,0.001,,,,,NVIDIA A100-SXM4-40GB MIG 4g.20gb (0),1,,13,"void pusch_noise_intf_est::noiseIntfEstNoDftSOfdmKernel<float, __half, float, float, (unsigned int)2, (unsigned int)1, (unsigned char)4, (unsigned char)4>(pusch_noise_intf_est::puschRxNoiseIntfEstDynDescr)"
2601749003,5824,24159,35,1,1,128,1,1,16,0.000,0.000,,,,,NVIDIA A100-SXM4-40GB MIG 4g.20gb (0),1,,13,cupy_copy__complex64_complex64
2601850666,2912,24168,1,1,1,1,1,1,18,0.000,0.000,,,,,NVIDIA A100-SXM4-40GB MIG 4g.20gb (0),1,,13,cupy_copy__float32_float32
2601856330,1568,24174,,,,,,,,,,0.000,2.551,Device,Pageable,NVIDIA A100-SXM4-40GB MIG 4g.20gb (0),1,,7,[CUDA memcpy Device-to-Host]
2601986504,19232,24185,1434,1,1,128,1,1,16,0.000,0.000,,,,,NVIDIA A100-SXM4-40GB MIG 4g.20gb (0),1,,13,cupy_copy__complex64_complex64
2602061703,12352,24192,103,1,1,128,1,1,16,0.000,0.000,,,,,NVIDIA A100-SXM4-40GB MIG 4g.20gb (0),1,,13,cupy_copy__complex64_complex64
2602095111,11360,24199,35,1,1,128,1,1,16,0.000,0.000,,,,,NVIDIA A100-SXM4-40GB MIG 4g.20gb (0),1,,13,cupy_copy__complex64_complex64
2602108007,2400,24206,1,1,1,1,1,1,18,0.000,0.000,,,,,NVIDIA A100-SXM4-40GB MIG 4g.20gb (0),1,,13,cupy_copy__float32_float32
2602154822,219166,24217,1,1,1,32,32,1,30,0.000,0.000,,,,,NVIDIA A100-SXM4-40GB MIG 4g.20gb (0),1,,13,"void convert_kernel<__half2, float2>(tensor_layout_any, T1 *, tensor_layout_any, const T2 *)"
2602403811,5376,24220,,,,,,,,,,0.094,17428.487,Pinned,Device,NVIDIA A100-SXM4-40GB MIG 4g.20gb (0),1,,13,[CUDA memcpy Host-to-Device]
2602418627,6048,24221,,,,,,,,,,1.547,255723.452,Device,,NVIDIA A100-SXM4-40GB MIG 4g.20gb (0),1,,13,[CUDA memset]
2602425987,3520,24226,,,,,,,,,,0.031,8890.881,Pinned,Device,NVIDIA A100-SXM4-40GB MIG 4g.20gb (0),1,,13,[CUDA memcpy Host-to-Device]
2602431939,9728,24227,,,,,,,,,,0.197,20210.516,Pinned,Device,NVIDIA A100-SXM4-40GB MIG 4g.20gb (0),1,,13,[CUDA memcpy Host-to-Device]
2602458787,16864,24228,273,1,1,8,4,1,39,0.002,0.000,,,,,NVIDIA A100-SXM4-40GB MIG 4g.20gb (0),1,,13,"void channel_eq::eqMmseCoefCompLowMimoKernel<float, float, float, (unsigned int)4, (unsigned int)1, (unsigned int)4>(const channel_eq::_puschRxChEqStatDescr *, channel_eq::_puschRxChEqCoefCompDynDescr)"
2602503362,15584,24229,273,1,1,12,11,1,51,0.002,0.000,,,,,NVIDIA A100-SXM4-40GB MIG 4g.20gb (0),1,,13,"void channel_eq::eqMmseSoftDemapKernel<float, __half, __half, float, (unsigned int)4, (unsigned short)16383>(channel_eq::_puschRxChEqStatDescr *, channel_eq::_puschRxChEqSoftDemapDynDescr)"
2602550818,652728,24230,1,1,1,32,32,1,30,0.000,0.000,,,,,NVIDIA A100-SXM4-40GB MIG 4g.20gb (0),1,,13,"void convert_kernel<float2, __half2>(tensor_layout_any, T1 *, tensor_layout_any, const T2 *)"
2603302873,16768,24242,2253,1,1,128,1,1,16,0.000,0.000,,,,,NVIDIA A100-SXM4-40GB MIG 4g.20gb (0),1,,13,cupy_copy__float16_float16
2603420920,7072,24251,282,1,1,128,1,1,16,0.000,0.000,,,,,NVIDIA A100-SXM4-40GB MIG 4g.20gb (0),1,,13,cupy_copy__complex64_complex64
2603516823,5055,24260,26,1,1,128,1,1,16,0.000,0.000,,,,,NVIDIA A100-SXM4-40GB MIG 4g.20gb (0),1,,13,cupy_copy__float32_float32
2603588822,5088,24269,103,1,1,128,1,1,16,0.000,0.000,,,,,NVIDIA A100-SXM4-40GB MIG 4g.20gb (0),1,,13,cupy_copy__complex64_complex64
2603681813,16927,24279,1434,1,1,128,1,1,16,0.000,0.000,,,,,NVIDIA A100-SXM4-40GB MIG 4g.20gb (0),1,,13,cupy_copy__complex64_complex64
2603802323,310685,24284,1,1,1,32,32,1,30,0.000,0.000,,,,,NVIDIA A100-SXM4-40GB MIG 4g.20gb (0),1,,13,"void convert_kernel<__half2, float2>(tensor_layout_any, T1 *, tensor_layout_any, const T2 *)"
2604143983,8384,24287,,,,,,,,,,0.094,11175.497,Pinned,Device,NVIDIA A100-SXM4-40GB MIG 4g.20gb (0),1,,13,[CUDA memcpy Host-to-Device]
2604212335,608185,24288,,,,,,,,,,456.561,750587.007,Device,,NVIDIA A100-SXM4-40GB MIG 4g.20gb (0),1,,13,[CUDA memset]
2604822056,65407,24293,,,,,,,,,,1.235,18879.824,Pinned,Device,NVIDIA A100-SXM4-40GB MIG 4g.20gb (0),1,,13,[CUDA memcpy Host-to-Device]
2604890535,15904,24294,,,,,,,,,,0.197,12362.121,Pinned,Device,NVIDIA A100-SXM4-40GB MIG 4g.20gb (0),1,,13,[CUDA memcpy Host-to-Device]
2604972262,24288,24295,69,4,1,48,1,1,76,0.002,0.000,,,,,NVIDIA A100-SXM4-40GB MIG 4g.20gb (0),1,,13,"void ch_est::windowedChEstPreNoDftSOfdmKernel<float, __half, float, (unsigned int)2, (unsigned int)1, (unsigned short)4>(ch_est::puschRxChEstStatDescr_t *, ch_est::puschRxChEstDynDescr_t *)"
2605046021,21952,24296,137,2,1,24,2,1,44,0.001,0.001,,,,,NVIDIA A100-SXM4-40GB MIG 4g.20gb (0),1,,13,"void ch_est::chEstFilterNoDftSOfdmDispatchKernel<float, __half, float, (unsigned int)2>(ch_est::puschRxChEstStatDescr_t *, ch_est::puschRxChEstDynDescr_t *)"
2605166180,23679,24297,137,2,1,24,2,1,44,0.001,0.001,,,,,NVIDIA A100-SXM4-40GB MIG 4g.20gb (0),1,,13,"void ch_est::chEstFilterNoDftSOfdmDispatchKernel<float, __half, float, (unsigned int)2>(ch_est::puschRxChEstStatDescr_t *, ch_est::puschRxChEstDynDescr_t *)"
2605286978,5408,24308,103,1,1,128,1,1,16,0.000,0.000,,,,,NVIDIA A100-SXM4-40GB MIG 4g.20gb (0),1,,13,cupy_copy__complex64_complex64
2605389761,21152,24318,1434,1,1,128,1,1,16,0.000,0.000,,,,,NVIDIA A100-SXM4-40GB MIG 4g.20gb (0),1,,13,cupy_copy__complex64_complex64
2605434753,8287,24325,103,1,1,128,1,1,16,0.000,0.000,,,,,NVIDIA A100-SXM4-40GB MIG 4g.20gb (0),1,,13,cupy_copy__complex64_complex64
2605448608,158239,24332,1,1,1,32,32,1,30,0.000,0.000,,,,,NVIDIA A100-SXM4-40GB MIG 4g.20gb (0),1,,13,"void convert_kernel<__half2, float2>(tensor_layout_any, T1 *, tensor_layout_any, const T2 *)"
2605637918,5568,24335,,,,,,,,,,0.094,16827.521,Pinned,Device,NVIDIA A100-SXM4-40GB MIG 4g.20gb (0),1,,13,[CUDA memcpy Host-to-Device]
2605662910,55807,24336,,,,,,,,,,35.810,641642.147,Device,,NVIDIA A100-SXM4-40GB MIG 4g.20gb (0),1,,13,[CUDA memset]
2605723517,1920,24338,,,,,,,,,,0.000,41.667,Pinned,Device,NVIDIA A100-SXM4-40GB MIG 4g.20gb (0),1,,13,[CUDA memcpy Host-to-Device]
2605729693,10048,24339,,,,,,,,,,0.197,19566.821,Pinned,Device,NVIDIA A100-SXM4-40GB MIG 4g.20gb (0),1,,13,[CUDA memcpy Host-to-Device]
2605759709,17760,24340,273,1,1,48,1,1,40,0.000,0.001,,,,,NVIDIA A100-SXM4-40GB MIG 4g.20gb (0),1,,13,"void pusch_noise_intf_est::noiseIntfEstNoDftSOfdmKernel<float, __half, float, float, (unsigned int)2, (unsigned int)1, (unsigned char)4, (unsigned char)4>(pusch_noise_intf_est::puschRxNoiseIntfEstDynDescr)"
2605811036,6848,24351,35,1,1,128,1,1,16,0.000,0.000,,,,,NVIDIA A100-SXM4-40GB MIG 4g.20gb (0),1,,13,cupy_copy__complex64_complex64
2605841052,4896,24360,1,1,1,1,1,1,18,0.000,0.000,,,,,NVIDIA A100-SXM4-40GB MIG 4g.20gb (0),1,,13,cupy_copy__float32_float32
2605847836,1600,24366,,,,,,,,,,0.000,2.500,Device,Pageable,NVIDIA A100-SXM4-40GB MIG 4g.20gb (0),1,,7,[CUDA memcpy Device-to-Host]
2605936219,15904,24377,1434,1,1,128,1,1,16,0.000,0.000,,,,,NVIDIA A100-SXM4-40GB MIG 4g.20gb (0),1,,13,cupy_copy__complex64_complex64
2605973210,8736,24384,103,1,1,128,1,1,16,0.000,0.000,,,,,NVIDIA A100-SXM4-40GB MIG 4g.20gb (0),1,,13,cupy_copy__complex64_complex64
2605985882,6144,24391,35,1,1,128,1,1,16,0.000,0.000,,,,,NVIDIA A100-SXM4-40GB MIG 4g.20gb (0),1,,13,cupy_copy__complex64_complex64
2606015514,2880,24398,1,1,1,1,1,1,18,0.000,0.000,,,,,NVIDIA A100-SXM4-40GB MIG 4g.20gb (0),1,,13,cupy_copy__float32_float32
2606219223,350204,24409,1,1,1,32,32,1,30,0.000,0.000,,,,,NVIDIA A100-SXM4-40GB MIG 4g.20gb (0),1,,13,"void convert_kernel<__half2, float2>(tensor_layout_any, T1 *, tensor_layout_any, const T2 *)"
2606601971,6688,24412,,,,,,,,,,0.094,14009.520,Pinned,Device,NVIDIA A100-SXM4-40GB MIG 4g.20gb (0),1,,13,[CUDA memcpy Host-to-Device]
2606698706,7392,24413,,,,,,,,,,1.547,209228.841,Device,,NVIDIA A100-SXM4-40GB MIG 4g.20gb (0),1,,13,[CUDA memset]
2606714130,3296,24418,,,,,,,,,,0.031,9495.144,Pinned,Device,NVIDIA A100-SXM4-40GB MIG 4g.20gb (0),1,,13,[CUDA memcpy Host-to-Device]
2606719986,12064,24419,,,,,,,,,,0.197,16297.034,Pinned,Device,NVIDIA A100-SXM4-40GB MIG 4g.20gb (0),1,,13,[CUDA memcpy Host-to-Device]
2606807249,38495,24420,273,1,1,8,4,1,39,0.002,0.000,,,,,NVIDIA A100-SXM4-40GB MIG 4g.20gb (0),1,,13,"void channel_eq::eqMmseCoefCompLowMimoKernel<float, float, float, (unsigned int)4, (unsigned int)1, (unsigned int)4>(const channel_eq::_puschRxChEqStatDescr *, channel_eq::_puschRxChEqCoefCompDynDescr)"
2606931823,21504,24421,273,1,1,12,11,1,51,0.002,0.000,,,,,NVIDIA A100-SXM4-40GB MIG 4g.20gb (0),1,,13,"void channel_eq::eqMmseSoftDemapKernel<float, __half, __half, float, (unsigned int)4, (unsigned short)16383>(channel_eq::_puschRxChEqStatDescr *, channel_eq::_puschRxChEqSoftDemapDynDescr)"
2607036654,969045,24422,1,1,1,32,32,1,30,0.000,0.000,,,,,NVIDIA A100-SXM4-40GB MIG 4g.20gb (0),1,,13,"void convert_kernel<float2, __half2>(tensor_layout_any, T1 *, tensor_layout_any, const T2 *)"
2608101314,19968,24434,2253,1,1,128,1,1,16,0.000,0.000,,,,,NVIDIA A100-SXM4-40GB MIG 4g.20gb (0),1,,13,cupy_copy__float16_float16
2608167521,5792,24443,282,1,1,128,1,1,16,0.000,0.000,,,,,NVIDIA A100-SXM4-40GB MIG 4g.20gb (0),1,,13,cupy_copy__complex64_complex64
2608199297,7264,24452,26,1,1,128,1,1,16,0.000,0.000,,,,,NVIDIA A100-SXM4-40GB MIG 4g.20gb (0),1,,13,cupy_copy__float32_float32
2608211073,7744,24461,103,1,1,128,1,1,16,0.000,0.000,,,,,NVIDIA A100-SXM4-40GB MIG 4g.20gb (0),1,,13,cupy_copy__complex64_complex64
2608242336,18016,24471,1434,1,1,128,1,1,16,0.000,0.000,,,,,NVIDIA A100-SXM4-40GB MIG 4g.20gb (0),1,,13,cupy_copy__complex64_complex64
2608264608,99103,24476,1,1,1,32,32,1,30,0.000,0.000,,,,,NVIDIA A100-SXM4-40GB MIG 4g.20gb (0),1,,13,"void convert_kernel<__half2, float2>(tensor_layout_any, T1 *, tensor_layout_any, const T2 *)"
2608394174,5408,24479,,,,,,,,,,0.094,17325.421,Pinned,Device,NVIDIA A100-SXM4-40GB MIG 4g.20gb (0),1,,13,[CUDA memcpy Host-to-Device]
2608407870,599385,24480,,,,,,,,,,456.561,761544.482,Device,,NVIDIA A100-SXM4-40GB MIG 4g.20gb (0),1,,13,[CUDA memset]
2609011607,62400,24485,,,,,,,,,,1.235,19789.978,Pinned,Device,NVIDIA A100-SXM4-40GB MIG 4g.20gb (0),1,,13,[CUDA memcpy Host-to-Device]
2609086871,9439,24486,,,,,,,,,,0.197,20829.241,Pinned,Device,NVIDIA A100-SXM4-40GB MIG 4g.20gb (0),1,,13,[CUDA memcpy Host-to-Device]
2609128662,23264,24487,69,4,1,48,1,1,76,0.002,0.000,,,,,NVIDIA A100-SXM4-40GB MIG 4g.20gb (0),1,,13,"void ch_est::windowedChEstPreNoDftSOfdmKernel<float, __half, float, (unsigned int)2, (unsigned int)1, (unsigned short)4>(ch_est::puschRxChEstStatDescr_t *, ch_est::puschRxChEstDynDescr_t *)"
2609196693,15616,24488,137,2,1,24,2,1,44,0.001,0.001,,,,,NVIDIA A100-SXM4-40GB MIG 4g.20gb (0),1,,13,"void ch_est::chEstFilterNoDftSOfdmDispatchKernel<float, __half, float, (unsigned int)2>(ch_est::puschRxChEstStatDescr_t *, ch_est::puschRxChEstDynDescr_t *)"
2609213333,17472,24489,137,2,1,24,2,1,44,0.001,0.001,,,,,NVIDIA A100-SXM4-40GB MIG 4g.20gb (0),1,,13,"void ch_est::chEstFilterNoDftSOfdmDispatchKernel<float, __half, float, (unsigned int)2>(ch_est::puschRxChEstStatDescr_t *, ch_est::puschRxChEstDynDescr_t *)"
2609232053,7552,24500,103,1,1,128,1,1,16,0.000,0.000,,,,,NVIDIA A100-SXM4-40GB MIG 4g.20gb (0),1,,13,cupy_copy__complex64_complex64
2609240789,12096,24510,1434,1,1,128,1,1,16,0.000,0.000,,,,,NVIDIA A100-SXM4-40GB MIG 4g.20gb (0),1,,13,cupy_copy__complex64_complex64
2609307988,4512,24517,103,1,1,128,1,1,16,0.000,0.000,,,,,NVIDIA A100-SXM4-40GB MIG 4g.20gb (0),1,,13,cupy_copy__complex64_complex64
2609314100,348188,24524,1,1,1,32,32,1,30,0.000,0.000,,,,,NVIDIA A100-SXM4-40GB MIG 4g.20gb (0),1,,13,"void convert_kernel<__half2, float2>(tensor_layout_any, T1 *, tensor_layout_any, const T2 *)"
2609693840,13375,24527,,,,,,,,,,0.094,7005.275,Pinned,Device,NVIDIA A100-SXM4-40GB MIG 4g.20gb (0),1,,13,[CUDA memcpy Host-to-Device]
2609759055,48351,24528,,,,,,,,,,35.810,740620.765,Device,,NVIDIA A100-SXM4-40GB MIG 4g.20gb (0),1,,13,[CUDA memset]
2609814766,1856,24530,,,,,,,,,,0.000,43.103,Pinned,Device,NVIDIA A100-SXM4-40GB MIG 4g.20gb (0),1,,13,[CUDA memcpy Host-to-Device]
2609819438,9440,24531,,,,,,,,,,0.197,20827.079,Pinned,Device,NVIDIA A100-SXM4-40GB MIG 4g.20gb (0),1,,13,[CUDA memcpy Host-to-Device]
2609885677,15584,24532,273,1,1,48,1,1,40,0.000,0.001,,,,,NVIDIA A100-SXM4-40GB MIG 4g.20gb (0),1,,13,"void pusch_noise_intf_est::noiseIntfEstNoDftSOfdmKernel<float, __half, float, float, (unsigned int)2, (unsigned int)1, (unsigned char)4, (unsigned char)4>(pusch_noise_intf_est::puschRxNoiseIntfEstDynDescr)"
2609947309,3808,24543,35,1,1,128,1,1,16,0.000,0.000,,,,,NVIDIA A100-SXM4-40GB MIG 4g.20gb (0),1,,13,cupy_copy__complex64_complex64
2609954509,2880,24552,1,1,1,1,1,1,18,0.000,0.000,,,,,NVIDIA A100-SXM4-40GB MIG 4g.20gb (0),1,,13,cupy_copy__float32_float32
2609962220,5120,24558,,,,,,,,,,0.000,0.781,Device,Pageable,NVIDIA A100-SXM4-40GB MIG 4g.20gb (0),1,,7,[CUDA memcpy Device-to-Host]
2610070571,19968,24569,1434,1,1,128,1,1,16,0.000,0.000,,,,,NVIDIA A100-SXM4-40GB MIG 4g.20gb (0),1,,13,cupy_copy__complex64_complex64
2610142218,4704,24576,103,1,1,128,1,1,16,0.000,0.000,,,,,NVIDIA A100-SXM4-40GB MIG 4g.20gb (0),1,,13,cupy_copy__complex64_complex64
2610202794,4480,24583,35,1,1,128,1,1,16,0.000,0.000,,,,,NVIDIA A100-SXM4-40GB MIG 4g.20gb (0),1,,13,cupy_copy__complex64_complex64
2610209194,2752,24590,1,1,1,1,1,1,18,0.000,0.000,,,,,NVIDIA A100-SXM4-40GB MIG 4g.20gb (0),1,,13,cupy_copy__float32_float32
2610328136,313821,24601,1,1,1,32,32,1,30,0.000,0.000,,,,,NVIDIA A100-SXM4-40GB MIG 4g.20gb (0),1,,13,"void convert_kernel<__half2, float2>(tensor_layout_any, T1 *, tensor_layout_any, const T2 *)"
2610673668,8256,24604,,,,,,,,,,0.094,11348.834,Pinned,Device,NVIDIA A100-SXM4-40GB MIG 4g.20gb (0),1,,13,[CUDA memcpy Host-to-Device]
2610743779,12320,24605,,,,,,,,,,1.547,125536.377,Device,,NVIDIA A100-SXM4-40GB MIG 4g.20gb (0),1,,13,[CUDA memset]
2610759587,4384,24610,,,,,,,,,,0.031,7138.680,Pinned,Device,NVIDIA A100-SXM4-40GB MIG 4g.20gb (0),1,,13,[CUDA memcpy Host-to-Device]
2610768355,16256,24611,,,,,,,,,,0.197,12094.341,Pinned,Device,NVIDIA A100-SXM4-40GB MIG 4g.20gb (0),1,,13,[CUDA memcpy Host-to-Device]
2610928193,12672,24612,273,1,1,8,4,1,39,0.002,0.000,,,,,NVIDIA A100-SXM4-40GB MIG 4g.20gb (0),1,,13,"void channel_eq::eqMmseCoefCompLowMimoKernel<float, float, float, (unsigned int)4, (unsigned int)1, (unsigned int)4>(const channel_eq::_puschRxChEqStatDescr *, channel_eq::_puschRxChEqCoefCompDynDescr)"
2610997089,18047,24613,273,1,1,12,11,1,51,0.002,0.000,,,,,NVIDIA A100-SXM4-40GB MIG 4g.20gb (0),1,,13,"void channel_eq::eqMmseSoftDemapKernel<float, __half, __half, float, (unsigned int)4, (unsigned short)16383>(channel_eq::_puschRxChEqStatDescr *, channel_eq::_puschRxChEqSoftDemapDynDescr)"
2611169471,724439,24614,1,1,1,32,32,1,30,0.000,0.000,,,,,NVIDIA A100-SXM4-40GB MIG 4g.20gb (0),1,,13,"void convert_kernel<float2, __half2>(tensor_layout_any, T1 *, tensor_layout_any, const T2 *)"
2611998293,14560,24626,2253,1,1,128,1,1,16,0.000,0.000,,,,,NVIDIA A100-SXM4-40GB MIG 4g.20gb (0),1,,13,cupy_copy__float16_float16
2612079124,4544,24635,282,1,1,128,1,1,16,0.000,0.000,,,,,NVIDIA A100-SXM4-40GB MIG 4g.20gb (0),1,,13,cupy_copy__complex64_complex64
2612150355,3840,24644,26,1,1,128,1,1,16,0.000,0.000,,,,,NVIDIA A100-SXM4-40GB MIG 4g.20gb (0),1,,13,cupy_copy__float32_float32
2612166931,9024,24653,103,1,1,128,1,1,16,0.000,0.000,,,,,NVIDIA A100-SXM4-40GB MIG 4g.20gb (0),1,,13,cupy_copy__complex64_complex64
2612214291,19647,24663,1434,1,1,128,1,1,16,0.000,0.000,,,,,NVIDIA A100-SXM4-40GB MIG 4g.20gb (0),1,,13,cupy_copy__complex64_complex64
2612390513,302428,24668,1,1,1,32,32,1,30,0.000,0.000,,,,,NVIDIA A100-SXM4-40GB MIG 4g.20gb (0),1,,13,"void convert_kernel<__half2, float2>(tensor_layout_any, T1 *, tensor_layout_any, const T2 *)"
2612723757,5376,24671,,,,,,,,,,0.094,17428.487,Pinned,Device,NVIDIA A100-SXM4-40GB MIG 4g.20gb (0),1,,13,[CUDA memcpy Host-to-Device]
2612818412,615161,24672,,,,,,,,,,456.561,741912.340,Device,,NVIDIA A100-SXM4-40GB MIG 4g.20gb (0),1,,13,[CUDA memset]
2613441860,56288,24677,,,,,,,,,,1.235,21938.780,Pinned,Device,NVIDIA A100-SXM4-40GB MIG 4g.20gb (0),1,,13,[CUDA memcpy Host-to-Device]
2613500772,11552,24678,,,,,,,,,,0.197,17019.372,Pinned,Device,NVIDIA A100-SXM4-40GB MIG 4g.20gb (0),1,,13,[CUDA memcpy Host-to-Device]
2613616290,20704,24679,69,4,1,48,1,1,76,0.002,0.000,,,,,NVIDIA A100-SXM4-40GB MIG 4g.20gb (0),1,,13,"void ch_est::windowedChEstPreNoDftSOfdmKernel<float, __half, float, (unsigned int)2, (unsigned int)1, (unsigned short)4>(ch_est::puschRxChEstStatDescr_t *, ch_est::puschRxChEstDynDescr_t *)"
2613784769,10975,24680,137,2,1,24,2,1,44,0.001,0.001,,,,,NVIDIA A100-SXM4-40GB MIG 4g.20gb (0),1,,13,"void ch_est::chEstFilterNoDftSOfdmDispatchKernel<float, __half, float, (unsigned int)2>(ch_est::puschRxChEstStatDescr_t *, ch_est::puschRxChEstDynDescr_t *)"
2613803616,15872,24681,137,2,1,24,2,1,44,0.001,0.001,,,,,NVIDIA A100-SXM4-40GB MIG 4g.20gb (0),1,,13,"void ch_est::chEstFilterNoDftSOfdmDispatchKernel<float, __half, float, (unsigned int)2>(ch_est::puschRxChEstStatDescr_t *, ch_est::puschRxChEstDynDescr_t *)"
2613831456,5184,24692,103,1,1,128,1,1,16,0.000,0.000,,,,,NVIDIA A100-SXM4-40GB MIG 4g.20gb (0),1,,13,cupy_copy__complex64_complex64
2613887743,17344,24702,1434,1,1,128,1,1,16,0.000,0.000,,,,,NVIDIA A100-SXM4-40GB MIG 4g.20gb (0),1,,13,cupy_copy__complex64_complex64
2613910687,5248,24709,103,1,1,128,1,1,16,0.000,0.000,,,,,NVIDIA A100-SXM4-40GB MIG 4g.20gb (0),1,,13,cupy_copy__complex64_complex64
2613918143,86975,24716,1,1,1,32,32,1,30,0.000,0.000,,,,,NVIDIA A100-SXM4-40GB MIG 4g.20gb (0),1,,13,"void convert_kernel<__half2, float2>(tensor_layout_any, T1 *, tensor_layout_any, const T2 *)"
2614034750,5472,24719,,,,,,,,,,0.094,17122.757,Pinned,Device,NVIDIA A100-SXM4-40GB MIG 4g.20gb (0),1,,13,[CUDA memcpy Host-to-Device]
2614087421,57055,24720,,,,,,,,,,35.810,627604.658,Device,,NVIDIA A100-SXM4-40GB MIG 4g.20gb (0),1,,13,[CUDA memset]
2614145436,2208,24722,,,,,,,,,,0.000,36.232,Pinned,Device,NVIDIA A100-SXM4-40GB MIG 4g.20gb (0),1,,13,[CUDA memcpy Host-to-Device]
2614150172,9344,24723,,,,,,,,,,0.197,21040.988,Pinned,Device,NVIDIA A100-SXM4-40GB MIG 4g.20gb (0),1,,13,[CUDA memcpy Host-to-Device]
2614245499,15008,24724,273,1,1,48,1,1,40,0.000,0.001,,,,,NVIDIA A100-SXM4-40GB MIG 4g.20gb (0),1,,13,"void pusch_noise_intf_est::noiseIntfEstNoDftSOfdmKernel<float, __half, float, float, (unsigned int)2, (unsigned int)1, (unsigned char)4, (unsigned char)4>(pusch_noise_intf_est::puschRxNoiseIntfEstDynDescr)"
2614262395,2656,24735,35,1,1,128,1,1,16,0.000,0.000,,,,,NVIDIA A100-SXM4-40GB MIG 4g.20gb (0),1,,13,cupy_copy__complex64_complex64
2614275291,3264,24744,1,1,1,1,1,1,18,0.000,0.000,,,,,NVIDIA A100-SXM4-40GB MIG 4g.20gb (0),1,,13,cupy_copy__float32_float32
2614282011,1600,24750,,,,,,,,,,0.000,2.500,Device,Pageable,NVIDIA A100-SXM4-40GB MIG 4g.20gb (0),1,,7,[CUDA memcpy Device-to-Host]
2614401241,18176,24761,1434,1,1,128,1,1,16,0.000,0.000,,,,,NVIDIA A100-SXM4-40GB MIG 4g.20gb (0),1,,13,cupy_copy__complex64_complex64
2614462905,9088,24768,103,1,1,128,1,1,16,0.000,0.000,,,,,NVIDIA A100-SXM4-40GB MIG 4g.20gb (0),1,,13,cupy_copy__complex64_complex64
2614584119,5248,24775,35,1,1,128,1,1,16,0.000,0.000,,,,,NVIDIA A100-SXM4-40GB MIG 4g.20gb (0),1,,13,cupy_copy__complex64_complex64
2614640599,3968,24782,1,1,1,1,1,1,18,0.000,0.000,,,,,NVIDIA A100-SXM4-40GB MIG 4g.20gb (0),1,,13,cupy_copy__float32_float32
2614650327,330972,24793,1,1,1,32,32,1,30,0.000,0.000,,,,,NVIDIA A100-SXM4-40GB MIG 4g.20gb (0),1,,13,"void convert_kernel<__half2, float2>(tensor_layout_any, T1 *, tensor_layout_any, const T2 *)"
2615010482,5440,24796,,,,,,,,,,0.094,17223.480,Pinned,Device,NVIDIA A100-SXM4-40GB MIG 4g.20gb (0),1,,13,[CUDA memcpy Host-to-Device]
2615139889,8192,24797,,,,,,,,,,1.547,188796.392,Device,,NVIDIA A100-SXM4-40GB MIG 4g.20gb (0),1,,13,[CUDA memset]
2615150865,7648,24802,,,,,,,,,,0.031,4092.046,Pinned,Device,NVIDIA A100-SXM4-40GB MIG 4g.20gb (0),1,,13,[CUDA memcpy Host-to-Device]
2615164561,15231,24803,,,,,,,,,,0.197,12908.298,Pinned,Device,NVIDIA A100-SXM4-40GB MIG 4g.20gb (0),1,,13,[CUDA memcpy Host-to-Device]
2615272591,25344,24804,273,1,1,8,4,1,39,0.002,0.000,,,,,NVIDIA A100-SXM4-40GB MIG 4g.20gb (0),1,,13,"void channel_eq::eqMmseCoefCompLowMimoKernel<float, float, float, (unsigned int)4, (unsigned int)1, (unsigned int)4>(const channel_eq::_puschRxChEqStatDescr *, channel_eq::_puschRxChEqCoefCompDynDescr)"
2615347727,16319,24805,273,1,1,12,11,1,51,0.002,0.000,,,,,NVIDIA A100-SXM4-40GB MIG 4g.20gb (0),1,,13,"void channel_eq::eqMmseSoftDemapKernel<float, __half, __half, float, (unsigned int)4, (unsigned short)16383>(channel_eq::_puschRxChEqStatDescr *, channel_eq::_puschRxChEqSoftDemapDynDescr)"
2615419182,805526,24806,1,1,1,32,32,1,30,0.000,0.000,,,,,NVIDIA A100-SXM4-40GB MIG 4g.20gb (0),1,,13,"void convert_kernel<float2, __half2>(tensor_layout_any, T1 *, tensor_layout_any, const T2 *)"
2616353987,15488,24818,2253,1,1,128,1,1,16,0.000,0.000,,,,,NVIDIA A100-SXM4-40GB MIG 4g.20gb (0),1,,13,cupy_copy__float16_float16
2616421026,6880,24827,282,1,1,128,1,1,16,0.000,0.000,,,,,NVIDIA A100-SXM4-40GB MIG 4g.20gb (0),1,,13,cupy_copy__complex64_complex64
2616536097,8256,24836,26,1,1,128,1,1,16,0.000,0.000,,,,,NVIDIA A100-SXM4-40GB MIG 4g.20gb (0),1,,13,cupy_copy__float32_float32
2616590496,6880,24845,103,1,1,128,1,1,16,0.000,0.000,,,,,NVIDIA A100-SXM4-40GB MIG 4g.20gb (0),1,,13,cupy_copy__complex64_complex64
2616673983,19872,24855,1434,1,1,128,1,1,16,0.000,0.000,,,,,NVIDIA A100-SXM4-40GB MIG 4g.20gb (0),1,,13,cupy_copy__complex64_complex64
2616702239,136222,24860,1,1,1,32,32,1,30,0.000,0.000,,,,,NVIDIA A100-SXM4-40GB MIG 4g.20gb (0),1,,13,"void convert_kernel<__half2, float2>(tensor_layout_any, T1 *, tensor_layout_any, const T2 *)"
2616869021,5376,24863,,,,,,,,,,0.094,17428.487,Pinned,Device,NVIDIA A100-SXM4-40GB MIG 4g.20gb (0),1,,13,[CUDA memcpy Host-to-Device]
2616908733,629016,24864,,,,,,,,,,456.561,725476.128,Device,,NVIDIA A100-SXM4-40GB MIG 4g.20gb (0),1,,13,[CUDA memset]
2617542965,57280,24869,,,,,,,,,,1.235,21559.652,Pinned,Device,NVIDIA A100-SXM4-40GB MIG 4g.20gb (0),1,,13,[CUDA memcpy Host-to-Device]
2617602645,9504,24870,,,,,,,,,,0.197,20686.701,Pinned,Device,NVIDIA A100-SXM4-40GB MIG 4g.20gb (0),1,,13,[CUDA memcpy Host-to-Device]
2617713779,15168,24871,69,4,1,48,1,1,76,0.002,0.000,,,,,NVIDIA A100-SXM4-40GB MIG 4g.20gb (0),1,,13,"void ch_est::windowedChEstPreNoDftSOfdmKernel<float, __half, float, (unsigned int)2, (unsigned int)1, (unsigned short)4>(ch_est::puschRxChEstStatDescr_t *, ch_est::puschRxChEstDynDescr_t *)"
2617816466,17600,24872,137,2,1,24,2,1,44,0.001,0.001,,,,,NVIDIA A100-SXM4-40GB MIG 4g.20gb (0),1,,13,"void ch_est::chEstFilterNoDftSOfdmDispatchKernel<float, __half, float, (unsigned int)2>(ch_est::puschRxChEstStatDescr_t *, ch_est::puschRxChEstDynDescr_t *)"
2618023248,18464,24873,137,2,1,24,2,1,44,0.001,0.001,,,,,NVIDIA A100-SXM4-40GB MIG 4g.20gb (0),1,,13,"void ch_est::chEstFilterNoDftSOfdmDispatchKernel<float, __half, float, (unsigned int)2>(ch_est::puschRxChEstStatDescr_t *, ch_est::puschRxChEstDynDescr_t *)"
2618138510,8256,24884,103,1,1,128,1,1,16,0.000,0.000,,,,,NVIDIA A100-SXM4-40GB MIG 4g.20gb (0),1,,13,cupy_copy__complex64_complex64
2618241357,13984,24894,1434,1,1,128,1,1,16,0.000,0.000,,,,,NVIDIA A100-SXM4-40GB MIG 4g.20gb (0),1,,13,cupy_copy__complex64_complex64
2618460331,5088,24901,103,1,1,128,1,1,16,0.000,0.000,,,,,NVIDIA A100-SXM4-40GB MIG 4g.20gb (0),1,,13,cupy_copy__complex64_complex64
2618544458,234365,24908,1,1,1,32,32,1,30,0.000,0.000,,,,,NVIDIA A100-SXM4-40GB MIG 4g.20gb (0),1,,13,"void convert_kernel<__half2, float2>(tensor_layout_any, T1 *, tensor_layout_any, const T2 *)"
2618812327,5376,24911,,,,,,,,,,0.094,17428.487,Pinned,Device,NVIDIA A100-SXM4-40GB MIG 4g.20gb (0),1,,13,[CUDA memcpy Host-to-Device]
2618927109,54144,24912,,,,,,,,,,35.810,661373.412,Device,,NVIDIA A100-SXM4-40GB MIG 4g.20gb (0),1,,13,[CUDA memset]
2618991045,2304,24914,,,,,,,,,,0.000,34.722,Pinned,Device,NVIDIA A100-SXM4-40GB MIG 4g.20gb (0),1,,13,[CUDA memcpy Host-to-Device]
2618997221,17247,24915,,,,,,,,,,0.197,11399.528,Pinned,Device,NVIDIA A100-SXM4-40GB MIG 4g.20gb (0),1,,13,[CUDA memcpy Host-to-Device]
2619147907,17248,24916,273,1,1,48,1,1,40,0.000,0.001,,,,,NVIDIA A100-SXM4-40GB MIG 4g.20gb (0),1,,13,"void pusch_noise_intf_est::noiseIntfEstNoDftSOfdmKernel<float, __half, float, float, (unsigned int)2, (unsigned int)1, (unsigned char)4, (unsigned char)4>(pusch_noise_intf_est::puschRxNoiseIntfEstDynDescr)"
2619257090,6848,24927,35,1,1,128,1,1,16,0.000,0.000,,,,,NVIDIA A100-SXM4-40GB MIG 4g.20gb (0),1,,13,cupy_copy__complex64_complex64
2619351233,3168,24936,1,1,1,1,1,1,18,0.000,0.000,,,,,NVIDIA A100-SXM4-40GB MIG 4g.20gb (0),1,,13,cupy_copy__float32_float32
2619357312,3744,24942,,,,,,,,,,0.000,1.068,Device,Pageable,NVIDIA A100-SXM4-40GB MIG 4g.20gb (0),1,,7,[CUDA memcpy Device-to-Host]
2619529310,17504,24953,1434,1,1,128,1,1,16,0.000,0.000,,,,,NVIDIA A100-SXM4-40GB MIG 4g.20gb (0),1,,13,cupy_copy__complex64_complex64
2619641405,8352,24960,103,1,1,128,1,1,16,0.000,0.000,,,,,NVIDIA A100-SXM4-40GB MIG 4g.20gb (0),1,,13,cupy_copy__complex64_complex64
2619733308,3616,24967,35,1,1,128,1,1,16,0.000,0.000,,,,,NVIDIA A100-SXM4-40GB MIG 4g.20gb (0),1,,13,cupy_copy__complex64_complex64
2619749084,2688,24974,1,1,1,1,1,1,18,0.000,0.000,,,,,NVIDIA A100-SXM4-40GB MIG 4g.20gb (0),1,,13,cupy_copy__float32_float32
2619757756,192286,24985,1,1,1,32,32,1,30,0.000,0.000,,,,,NVIDIA A100-SXM4-40GB MIG 4g.20gb (0),1,,13,"void convert_kernel<__half2, float2>(tensor_layout_any, T1 *, tensor_layout_any, const T2 *)"
2619981145,5376,24988,,,,,,,,,,0.094,17428.487,Pinned,Device,NVIDIA A100-SXM4-40GB MIG 4g.20gb (0),1,,13,[CUDA memcpy Host-to-Device]
2619996889,4032,24989,,,,,,,,,,1.547,383585.951,Device,,NVIDIA A100-SXM4-40GB MIG 4g.20gb (0),1,,13,[CUDA memset]
2620003385,3040,24994,,,,,,,,,,0.031,10294.725,Pinned,Device,NVIDIA A100-SXM4-40GB MIG 4g.20gb (0),1,,13,[CUDA memcpy Host-to-Device]
2620008505,9504,24995,,,,,,,,,,0.197,20686.701,Pinned,Device,NVIDIA A100-SXM4-40GB MIG 4g.20gb (0),1,,13,[CUDA memcpy Host-to-Device]
2620057240,23200,24996,273,1,1,8,4,1,39,0.002,0.000,,,,,NVIDIA A100-SXM4-40GB MIG 4g.20gb (0),1,,13,"void channel_eq::eqMmseCoefCompLowMimoKernel<float, float, float, (unsigned int)4, (unsigned int)1, (unsigned int)4>(const channel_eq::_puschRxChEqStatDescr *, channel_eq::_puschRxChEqCoefCompDynDescr)"
2620088664,17088,24997,273,1,1,12,11,1,51,0.002,0.000,,,,,NVIDIA A100-SXM4-40GB MIG 4g.20gb (0),1,,13,"void channel_eq::eqMmseSoftDemapKernel<float, __half, __half, float, (unsigned int)4, (unsigned short)16383>(channel_eq::_puschRxChEqStatDescr *, channel_eq::_puschRxChEqSoftDemapDynDescr)"
2620162263,474683,24998,1,1,1,32,32,1,30,0.000,0.000,,,,,NVIDIA A100-SXM4-40GB MIG 4g.20gb (0),1,,13,"void convert_kernel<float2, __half2>(tensor_layout_any, T1 *, tensor_layout_any, const T2 *)"
2620705777,18656,25010,2253,1,1,128,1,1,16,0.000,0.000,,,,,NVIDIA A100-SXM4-40GB MIG 4g.20gb (0),1,,13,cupy_copy__float16_float16
2620893199,7360,25019,282,1,1,128,1,1,16,0.000,0.000,,,,,NVIDIA A100-SXM4-40GB MIG 4g.20gb (0),1,,13,cupy_copy__complex64_complex64
2620901871,4320,25028,26,1,1,128,1,1,16,0.000,0.000,,,,,NVIDIA A100-SXM4-40GB MIG 4g.20gb (0),1,,13,cupy_copy__float32_float32
2620962190,3712,25037,103,1,1,128,1,1,16,0.000,0.000,,,,,NVIDIA A100-SXM4-40GB MIG 4g.20gb (0),1,,13,cupy_copy__complex64_complex64
2621034701,17664,25047,1434,1,1,128,1,1,16,0.000,0.000,,,,,NVIDIA A100-SXM4-40GB MIG 4g.20gb (0),1,,13,cupy_copy__complex64_complex64
2621185995,331965,25052,1,1,1,32,32,1,30,0.000,0.000,,,,,NVIDIA A100-SXM4-40GB MIG 4g.20gb (0),1,,13,"void convert_kernel<__half2, float2>(tensor_layout_any, T1 *, tensor_layout_any, const T2 *)"
2621547239,5376,25055,,,,,,,,,,0.094,17428.487,Pinned,Device,NVIDIA A100-SXM4-40GB MIG 4g.20gb (0),1,,13,[CUDA memcpy Host-to-Device]
2621645734,621945,25056,,,,,,,,,,456.561,733694.234,Device,,NVIDIA A100-SXM4-40GB MIG 4g.20gb (0),1,,13,[CUDA memset]
2622275455,52799,25061,,,,,,,,,,1.235,23388.604,Pinned,Device,NVIDIA A100-SXM4-40GB MIG 4g.20gb (0),1,,13,[CUDA memcpy Host-to-Device]
2622331358,9792,25062,,,,,,,,,,0.197,20078.395,Pinned,Device,NVIDIA A100-SXM4-40GB MIG 4g.20gb (0),1,,13,[CUDA memcpy Host-to-Device]
2622531388,20320,25063,69,4,1,48,1,1,76,0.002,0.000,,,,,NVIDIA A100-SXM4-40GB MIG 4g.20gb (0),1,,13,"void ch_est::windowedChEstPreNoDftSOfdmKernel<float, __half, float, (unsigned int)2, (unsigned int)1, (unsigned short)4>(ch_est::puschRxChEstStatDescr_t *, ch_est::puschRxChEstDynDescr_t *)"
2622839864,12128,25064,137,2,1,24,2,1,44,0.001,0.001,,,,,NVIDIA A100-SXM4-40GB MIG 4g.20gb (0),1,,13,"void ch_est::chEstFilterNoDftSOfdmDispatchKernel<float, __half, float, (unsigned int)2>(ch_est::puschRxChEstStatDescr_t *, ch_est::puschRxChEstDynDescr_t *)"
2623057398,10496,25065,137,2,1,24,2,1,44,0.001,0.001,,,,,NVIDIA A100-SXM4-40GB MIG 4g.20gb (0),1,,13,"void ch_est::chEstFilterNoDftSOfdmDispatchKernel<float, __half, float, (unsigned int)2>(ch_est::puschRxChEstStatDescr_t *, ch_est::puschRxChEstDynDescr_t *)"
2623151125,6080,25076,103,1,1,128,1,1,16,0.000,0.000,,,,,NVIDIA A100-SXM4-40GB MIG 4g.20gb (0),1,,13,cupy_copy__complex64_complex64
2623368146,16416,25086,1434,1,1,128,1,1,16,0.000,0.000,,,,,NVIDIA A100-SXM4-40GB MIG 4g.20gb (0),1,,13,cupy_copy__complex64_complex64
2623519121,6016,25093,103,1,1,128,1,1,16,0.000,0.000,,,,,NVIDIA A100-SXM4-40GB MIG 4g.20gb (0),1,,13,cupy_copy__complex64_complex64
2623802957,241054,25100,1,1,1,32,32,1,30,0.000,0.000,,,,,NVIDIA A100-SXM4-40GB MIG 4g.20gb (0),1,,13,"void convert_kernel<__half2, float2>(tensor_layout_any, T1 *, tensor_layout_any, const T2 *)"
2624074250,6496,25103,,,,,,,,,,0.094,14423.562,Pinned,Device,NVIDIA A100-SXM4-40GB MIG 4g.20gb (0),1,,13,[CUDA memcpy Host-to-Device]
2624282024,53855,25104,,,,,,,,,,35.810,664918.595,Device,,NVIDIA A100-SXM4-40GB MIG 4g.20gb (0),1,,13,[CUDA memset]
2624339623,2080,25106,,,,,,,,,,0.000,38.462,Pinned,Device,NVIDIA A100-SXM4-40GB MIG 4g.20gb (0),1,,13,[CUDA memcpy Host-to-Device]
2624344135,10496,25107,,,,,,,,,,0.197,18731.631,Pinned,Device,NVIDIA A100-SXM4-40GB MIG 4g.20gb (0),1,,13,[CUDA memcpy Host-to-Device]
2624632804,16224,25108,273,1,1,48,1,1,40,0.000,0.001,,,,,NVIDIA A100-SXM4-40GB MIG 4g.20gb (0),1,,13,"void pusch_noise_intf_est::noiseIntfEstNoDftSOfdmKernel<float, __half, float, float, (unsigned int)2, (unsigned int)1, (unsigned char)4, (unsigned char)4>(pusch_noise_intf_est::puschRxNoiseIntfEstDynDescr)"
2625024159,3936,25119,35,1,1,128,1,1,16,0.000,0.000,,,,,NVIDIA A100-SXM4-40GB MIG 4g.20gb (0),1,,13,cupy_copy__complex64_complex64
2625416571,3104,25128,1,1,1,1,1,1,18,0.000,0.000,,,,,NVIDIA A100-SXM4-40GB MIG 4g.20gb (0),1,,13,cupy_copy__float32_float32
2625420699,2848,25134,,,,,,,,,,0.000,1.404,Device,Pageable,NVIDIA A100-SXM4-40GB MIG 4g.20gb (0),1,,7,[CUDA memcpy Device-to-Host]
2625796470,16576,25145,1434,1,1,128,1,1,16,0.000,0.000,,,,,NVIDIA A100-SXM4-40GB MIG 4g.20gb (0),1,,13,cupy_copy__complex64_complex64
2626178450,4064,25152,103,1,1,128,1,1,16,0.000,0.000,,,,,NVIDIA A100-SXM4-40GB MIG 4g.20gb (0),1,,13,cupy_copy__complex64_complex64
2626364304,3776,25159,35,1,1,128,1,1,16,0.000,0.000,,,,,NVIDIA A100-SXM4-40GB MIG 4g.20gb (0),1,,13,cupy_copy__complex64_complex64
2626526830,3072,25166,1,1,1,1,1,1,18,0.000,0.000,,,,,NVIDIA A100-SXM4-40GB MIG 4g.20gb (0),1,,13,cupy_copy__float32_float32
2626604973,227582,25177,1,1,1,32,32,1,30,0.000,0.000,,,,,NVIDIA A100-SXM4-40GB MIG 4g.20gb (0),1,,13,"void convert_kernel<__half2, float2>(tensor_layout_any, T1 *, tensor_layout_any, const T2 *)"
2626862794,5696,25180,,,,,,,,,,0.094,16449.363,Pinned,Device,NVIDIA A100-SXM4-40GB MIG 4g.20gb (0),1,,13,[CUDA memcpy Host-to-Device]
2626881002,4064,25181,,,,,,,,,,1.547,380565.395,Device,,NVIDIA A100-SXM4-40GB MIG 4g.20gb (0),1,,13,[CUDA memset]
2626885866,3008,25186,,,,,,,,,,0.031,10404.230,Pinned,Device,NVIDIA A100-SXM4-40GB MIG 4g.20gb (0),1,,13,[CUDA memcpy Host-to-Device]
2626890986,9248,25187,,,,,,,,,,0.197,21259.420,Pinned,Device,NVIDIA A100-SXM4-40GB MIG 4g.20gb (0),1,,13,[CUDA memcpy Host-to-Device]
2626904810,7456,25188,273,1,1,8,4,1,39,0.002,0.000,,,,,NVIDIA A100-SXM4-40GB MIG 4g.20gb (0),1,,13,"void channel_eq::eqMmseCoefCompLowMimoKernel<float, float, float, (unsigned int)4, (unsigned int)1, (unsigned int)4>(const channel_eq::_puschRxChEqStatDescr *, channel_eq::_puschRxChEqCoefCompDynDescr)"
2626913930,6048,25189,273,1,1,12,11,1,51,0.002,0.000,,,,,NVIDIA A100-SXM4-40GB MIG 4g.20gb (0),1,,13,"void channel_eq::eqMmseSoftDemapKernel<float, __half, __half, float, (unsigned int)4, (unsigned short)16383>(channel_eq::_puschRxChEqStatDescr *, channel_eq::_puschRxChEqSoftDemapDynDescr)"
2626922250,285436,25190,1,1,1,32,32,1,30,0.000,0.000,,,,,NVIDIA A100-SXM4-40GB MIG 4g.20gb (0),1,,13,"void convert_kernel<float2, __half2>(tensor_layout_any, T1 *, tensor_layout_any, const T2 *)"
2627209798,10816,25202,2253,1,1,128,1,1,16,0.000,0.000,,,,,NVIDIA A100-SXM4-40GB MIG 4g.20gb (0),1,,13,cupy_copy__float16_float16
2627261862,3616,25211,282,1,1,128,1,1,16,0.000,0.000,,,,,NVIDIA A100-SXM4-40GB MIG 4g.20gb (0),1,,13,cupy_copy__complex64_complex64
2627267654,2368,25220,26,1,1,128,1,1,16,0.000,0.000,,,,,NVIDIA A100-SXM4-40GB MIG 4g.20gb (0),1,,13,cupy_copy__float32_float32
2627271909,7808,25229,103,1,1,128,1,1,16,0.000,0.000,,,,,NVIDIA A100-SXM4-40GB MIG 4g.20gb (0),1,,13,cupy_copy__complex64_complex64
2627282565,17184,25239,1434,1,1,128,1,1,16,0.000,0.000,,,,,NVIDIA A100-SXM4-40GB MIG 4g.20gb (0),1,,13,cupy_copy__complex64_complex64
2627301989,162494,25244,1,1,1,32,32,1,30,0.000,0.000,,,,,NVIDIA A100-SXM4-40GB MIG 4g.20gb (0),1,,13,"void convert_kernel<__half2, float2>(tensor_layout_any, T1 *, tensor_layout_any, const T2 *)"
2627493923,5728,25247,,,,,,,,,,0.094,16357.541,Pinned,Device,NVIDIA A100-SXM4-40GB MIG 4g.20gb (0),1,,13,[CUDA memcpy Host-to-Device]
2627623937,612857,25248,,,,,,,,,,456.561,744651.709,Device,,NVIDIA A100-SXM4-40GB MIG 4g.20gb (0),1,,13,[CUDA memset]
2628240954,50048,25253,,,,,,,,,,1.235,24674.181,Pinned,Device,NVIDIA A100-SXM4-40GB MIG 4g.20gb (0),1,,13,[CUDA memcpy Host-to-Device]
2628293466,9728,25254,,,,,,,,,,0.197,20210.516,Pinned,Device,NVIDIA A100-SXM4-40GB MIG 4g.20gb (0),1,,13,[CUDA memcpy Host-to-Device]
2628403000,16224,25255,69,4,1,48,1,1,76,0.002,0.000,,,,,NVIDIA A100-SXM4-40GB MIG 4g.20gb (0),1,,13,"void ch_est::windowedChEstPreNoDftSOfdmKernel<float, __half, float, (unsigned int)2, (unsigned int)1, (unsigned short)4>(ch_est::puschRxChEstStatDescr_t *, ch_est::puschRxChEstDynDescr_t *)"
2628552343,18752,25256,137,2,1,24,2,1,44,0.001,0.001,,,,,NVIDIA A100-SXM4-40GB MIG 4g.20gb (0),1,,13,"void ch_est::chEstFilterNoDftSOfdmDispatchKernel<float, __half, float, (unsigned int)2>(ch_est::puschRxChEstStatDescr_t *, ch_est::puschRxChEstDynDescr_t *)"
2628687477,19712,25257,137,2,1,24,2,1,44,0.001,0.001,,,,,NVIDIA A100-SXM4-40GB MIG 4g.20gb (0),1,,13,"void ch_est::chEstFilterNoDftSOfdmDispatchKernel<float, __half, float, (unsigned int)2>(ch_est::puschRxChEstStatDescr_t *, ch_est::puschRxChEstDynDescr_t *)"
2628827348,4192,25268,103,1,1,128,1,1,16,0.000,0.000,,,,,NVIDIA A100-SXM4-40GB MIG 4g.20gb (0),1,,13,cupy_copy__complex64_complex64
2628832756,18975,25278,1434,1,1,128,1,1,16,0.000,0.000,,,,,NVIDIA A100-SXM4-40GB MIG 4g.20gb (0),1,,13,cupy_copy__complex64_complex64
2628964114,4288,25285,103,1,1,128,1,1,16,0.000,0.000,,,,,NVIDIA A100-SXM4-40GB MIG 4g.20gb (0),1,,13,cupy_copy__complex64_complex64
2629046865,332156,25292,1,1,1,32,32,1,30,0.000,0.000,,,,,NVIDIA A100-SXM4-40GB MIG 4g.20gb (0),1,,13,"void convert_kernel<__half2, float2>(tensor_layout_any, T1 *, tensor_layout_any, const T2 *)"
2629410189,5376,25295,,,,,,,,,,0.094,17428.487,Pinned,Device,NVIDIA A100-SXM4-40GB MIG 4g.20gb (0),1,,13,[CUDA memcpy Host-to-Device]
2629474444,48992,25296,,,,,,,,,,35.810,730916.277,Device,,NVIDIA A100-SXM4-40GB MIG 4g.20gb (0),1,,13,[CUDA memset]
2629526348,4032,25298,,,,,,,,,,0.000,19.841,Pinned,Device,NVIDIA A100-SXM4-40GB MIG 4g.20gb (0),1,,13,[CUDA memcpy Host-to-Device]
2629534987,13472,25299,,,,,,,,,,0.197,14593.819,Pinned,Device,NVIDIA A100-SXM4-40GB MIG 4g.20gb (0),1,,13,[CUDA memcpy Host-to-Device]
2629674218,15072,25300,273,1,1,48,1,1,40,0.000,0.001,,,,,NVIDIA A100-SXM4-40GB MIG 4g.20gb (0),1,,13,"void pusch_noise_intf_est::noiseIntfEstNoDftSOfdmKernel<float, __half, float, float, (unsigned int)2, (unsigned int)1, (unsigned char)4, (unsigned char)4>(pusch_noise_intf_est::puschRxNoiseIntfEstDynDescr)"
2629859912,4448,25311,35,1,1,128,1,1,16,0.000,0.000,,,,,NVIDIA A100-SXM4-40GB MIG 4g.20gb (0),1,,13,cupy_copy__complex64_complex64
2630048102,3360,25320,1,1,1,1,1,1,18,0.000,0.000,,,,,NVIDIA A100-SXM4-40GB MIG 4g.20gb (0),1,,13,cupy_copy__float32_float32
2630060645,1568,25326,,,,,,,,,,0.000,2.551,Device,Pageable,NVIDIA A100-SXM4-40GB MIG 4g.20gb (0),1,,7,[CUDA memcpy Device-to-Host]
2630268611,17728,25337,1434,1,1,128,1,1,16,0.000,0.000,,,,,NVIDIA A100-SXM4-40GB MIG 4g.20gb (0),1,,13,cupy_copy__complex64_complex64
2630413569,4576,25344,103,1,1,128,1,1,16,0.000,0.000,,,,,NVIDIA A100-SXM4-40GB MIG 4g.20gb (0),1,,13,cupy_copy__complex64_complex64
2630595103,4544,25351,35,1,1,128,1,1,16,0.000,0.000,,,,,NVIDIA A100-SXM4-40GB MIG 4g.20gb (0),1,,13,cupy_copy__complex64_complex64
2630775357,3584,25358,1,1,1,1,1,1,18,0.000,0.000,,,,,NVIDIA A100-SXM4-40GB MIG 4g.20gb (0),1,,13,cupy_copy__float32_float32
2630869116,187262,25369,1,1,1,32,32,1,30,0.000,0.000,,,,,NVIDIA A100-SXM4-40GB MIG 4g.20gb (0),1,,13,"void convert_kernel<__half2, float2>(tensor_layout_any, T1 *, tensor_layout_any, const T2 *)"
2631087898,5696,25372,,,,,,,,,,0.094,16449.363,Pinned,Device,NVIDIA A100-SXM4-40GB MIG 4g.20gb (0),1,,13,[CUDA memcpy Host-to-Device]
2631131865,10304,25373,,,,,,,,,,1.547,150098.313,Device,,NVIDIA A100-SXM4-40GB MIG 4g.20gb (0),1,,13,[CUDA memset]
2631145465,5984,25378,,,,,,,,,,0.031,5229.937,Pinned,Device,NVIDIA A100-SXM4-40GB MIG 4g.20gb (0),1,,13,[CUDA memcpy Host-to-Device]
2631153945,9376,25379,,,,,,,,,,0.197,20969.226,Pinned,Device,NVIDIA A100-SXM4-40GB MIG 4g.20gb (0),1,,13,[CUDA memcpy Host-to-Device]
2631232600,11776,25380,273,1,1,8,4,1,39,0.002,0.000,,,,,NVIDIA A100-SXM4-40GB MIG 4g.20gb (0),1,,13,"void channel_eq::eqMmseCoefCompLowMimoKernel<float, float, float, (unsigned int)4, (unsigned int)1, (unsigned int)4>(const channel_eq::_puschRxChEqStatDescr *, channel_eq::_puschRxChEqCoefCompDynDescr)"
2631285239,11936,25381,273,1,1,12,11,1,51,0.002,0.000,,,,,NVIDIA A100-SXM4-40GB MIG 4g.20gb (0),1,,13,"void channel_eq::eqMmseSoftDemapKernel<float, __half, __half, float, (unsigned int)4, (unsigned short)16383>(channel_eq::_puschRxChEqStatDescr *, channel_eq::_puschRxChEqSoftDemapDynDescr)"
2631337335,429563,25382,1,1,1,32,32,1,30,0.000,0.000,,,,,NVIDIA A100-SXM4-40GB MIG 4g.20gb (0),1,,13,"void convert_kernel<float2, __half2>(tensor_layout_any, T1 *, tensor_layout_any, const T2 *)"
2631831377,15936,25394,2253,1,1,128,1,1,16,0.000,0.000,,,,,NVIDIA A100-SXM4-40GB MIG 4g.20gb (0),1,,13,cupy_copy__float16_float16
2631937936,8288,25403,282,1,1,128,1,1,16,0.000,0.000,,,,,NVIDIA A100-SXM4-40GB MIG 4g.20gb (0),1,,13,cupy_copy__complex64_complex64
2631992719,3104,25412,26,1,1,128,1,1,16,0.000,0.000,,,,,NVIDIA A100-SXM4-40GB MIG 4g.20gb (0),1,,13,cupy_copy__float32_float32
2632038511,9536,25421,103,1,1,128,1,1,16,0.000,0.000,,,,,NVIDIA A100-SXM4-40GB MIG 4g.20gb (0),1,,13,cupy_copy__complex64_complex64
2632095598,19456,25431,1434,1,1,128,1,1,16,0.000,0.000,,,,,NVIDIA A100-SXM4-40GB MIG 4g.20gb (0),1,,13,cupy_copy__complex64_complex64
2632153293,165470,25436,1,1,1,32,32,1,30,0.000,0.000,,,,,NVIDIA A100-SXM4-40GB MIG 4g.20gb (0),1,,13,"void convert_kernel<__half2, float2>(tensor_layout_any, T1 *, tensor_layout_any, const T2 *)"
2632658344,5440,25439,,,,,,,,,,0.094,17223.480,Pinned,Device,NVIDIA A100-SXM4-40GB MIG 4g.20gb (0),1,,13,[CUDA memcpy Host-to-Device]
2632723751,623833,25440,,,,,,,,,,456.561,731411.427,Device,,NVIDIA A100-SXM4-40GB MIG 4g.20gb (0),1,,13,[CUDA memset]
2633354624,50463,25445,,,,,,,,,,1.235,24471.650,Pinned,Device,NVIDIA A100-SXM4-40GB MIG 4g.20gb (0),1,,13,[CUDA memcpy Host-to-Device]
2633407711,12160,25446,,,,,,,,,,0.197,16168.255,Pinned,Device,NVIDIA A100-SXM4-40GB MIG 4g.20gb (0),1,,13,[CUDA memcpy Host-to-Device]
2633488510,15936,25447,69,4,1,48,1,1,76,0.002,0.000,,,,,NVIDIA A100-SXM4-40GB MIG 4g.20gb (0),1,,13,"void ch_est::windowedChEstPreNoDftSOfdmKernel<float, __half, float, (unsigned int)2, (unsigned int)1, (unsigned short)4>(ch_est::puschRxChEstStatDescr_t *, ch_est::puschRxChEstDynDescr_t *)"
2633551901,7872,25448,137,2,1,24,2,1,44,0.001,0.001,,,,,NVIDIA A100-SXM4-40GB MIG 4g.20gb (0),1,,13,"void ch_est::chEstFilterNoDftSOfdmDispatchKernel<float, __half, float, (unsigned int)2>(ch_est::puschRxChEstStatDescr_t *, ch_est::puschRxChEstDynDescr_t *)"
2633599837,9440,25449,137,2,1,24,2,1,44,0.001,0.001,,,,,NVIDIA A100-SXM4-40GB MIG 4g.20gb (0),1,,13,"void ch_est::chEstFilterNoDftSOfdmDispatchKernel<float, __half, float, (unsigned int)2>(ch_est::puschRxChEstStatDescr_t *, ch_est::puschRxChEstDynDescr_t *)"
2633653276,4544,25460,103,1,1,128,1,1,16,0.000,0.000,,,,,NVIDIA A100-SXM4-40GB MIG 4g.20gb (0),1,,13,cupy_copy__complex64_complex64
2633701820,19711,25470,1434,1,1,128,1,1,16,0.000,0.000,,,,,NVIDIA A100-SXM4-40GB MIG 4g.20gb (0),1,,13,cupy_copy__complex64_complex64
2633762107,3136,25477,103,1,1,128,1,1,16,0.000,0.000,,,,,NVIDIA A100-SXM4-40GB MIG 4g.20gb (0),1,,13,cupy_copy__complex64_complex64
2633807322,141791,25484,1,1,1,32,32,1,30,0.000,0.000,,,,,NVIDIA A100-SXM4-40GB MIG 4g.20gb (0),1,,13,"void convert_kernel<__half2, float2>(tensor_layout_any, T1 *, tensor_layout_any, const T2 *)"
2633978488,5344,25487,,,,,,,,,,0.094,17532.864,Pinned,Device,NVIDIA A100-SXM4-40GB MIG 4g.20gb (0),1,,13,[CUDA memcpy Host-to-Device]
2633997176,56928,25488,,,,,,,,,,35.810,629037.055,Device,,NVIDIA A100-SXM4-40GB MIG 4g.20gb (0),1,,13,[CUDA memset]
2634056056,1823,25490,,,,,,,,,,0.000,43.884,Pinned,Device,NVIDIA A100-SXM4-40GB MIG 4g.20gb (0),1,,13,[CUDA memcpy Host-to-Device]
2634062519,9792,25491,,,,,,,,,,0.197,20078.395,Pinned,Device,NVIDIA A100-SXM4-40GB MIG 4g.20gb (0),1,,13,[CUDA memcpy Host-to-Device]
2634181878,17440,25492,273,1,1,48,1,1,40,0.000,0.001,,,,,NVIDIA A100-SXM4-40GB MIG 4g.20gb (0),1,,13,"void pusch_noise_intf_est::noiseIntfEstNoDftSOfdmKernel<float, __half, float, float, (unsigned int)2, (unsigned int)1, (unsigned char)4, (unsigned char)4>(pusch_noise_intf_est::puschRxNoiseIntfEstDynDescr)"
2634281557,5600,25503,35,1,1,128,1,1,16,0.000,0.000,,,,,NVIDIA A100-SXM4-40GB MIG 4g.20gb (0),1,,13,cupy_copy__complex64_complex64
2634331988,2592,25512,1,1,1,1,1,1,18,0.000,0.000,,,,,NVIDIA A100-SXM4-40GB MIG 4g.20gb (0),1,,13,cupy_copy__float32_float32
2634339284,1600,25518,,,,,,,,,,0.000,2.500,Device,Pageable,NVIDIA A100-SXM4-40GB MIG 4g.20gb (0),1,,7,[CUDA memcpy Device-to-Host]
2634478931,15775,25529,1434,1,1,128,1,1,16,0.000,0.000,,,,,NVIDIA A100-SXM4-40GB MIG 4g.20gb (0),1,,13,cupy_copy__complex64_complex64
2634536146,3552,25536,103,1,1,128,1,1,16,0.000,0.000,,,,,NVIDIA A100-SXM4-40GB MIG 4g.20gb (0),1,,13,cupy_copy__complex64_complex64
2634582001,5984,25543,35,1,1,128,1,1,16,0.000,0.000,,,,,NVIDIA A100-SXM4-40GB MIG 4g.20gb (0),1,,13,cupy_copy__complex64_complex64
2634631185,2208,25550,1,1,1,1,1,1,18,0.000,0.000,,,,,NVIDIA A100-SXM4-40GB MIG 4g.20gb (0),1,,13,cupy_copy__float32_float32
2634679376,156671,25561,1,1,1,32,32,1,30,0.000,0.000,,,,,NVIDIA A100-SXM4-40GB MIG 4g.20gb (0),1,,13,"void convert_kernel<__half2, float2>(tensor_layout_any, T1 *, tensor_layout_any, const T2 *)"
2634865742,5696,25564,,,,,,,,,,0.094,16449.363,Pinned,Device,NVIDIA A100-SXM4-40GB MIG 4g.20gb (0),1,,13,[CUDA memcpy Host-to-Device]
2634915246,5920,25565,,,,,,,,,,1.547,261252.633,Device,,NVIDIA A100-SXM4-40GB MIG 4g.20gb (0),1,,13,[CUDA memset]
2634923566,3008,25570,,,,,,,,,,0.031,10404.230,Pinned,Device,NVIDIA A100-SXM4-40GB MIG 4g.20gb (0),1,,13,[CUDA memcpy Host-to-Device]
2634929005,9632,25571,,,,,,,,,,0.197,20411.843,Pinned,Device,NVIDIA A100-SXM4-40GB MIG 4g.20gb (0),1,,13,[CUDA memcpy Host-to-Device]
2634963885,11840,25572,273,1,1,8,4,1,39,0.002,0.000,,,,,NVIDIA A100-SXM4-40GB MIG 4g.20gb (0),1,,13,"void channel_eq::eqMmseCoefCompLowMimoKernel<float, float, float, (unsigned int)4, (unsigned int)1, (unsigned int)4>(const channel_eq::_puschRxChEqStatDescr *, channel_eq::_puschRxChEqCoefCompDynDescr)"
2635020108,8800,25573,273,1,1,12,11,1,51,0.002,0.000,,,,,NVIDIA A100-SXM4-40GB MIG 4g.20gb (0),1,,13,"void channel_eq::eqMmseSoftDemapKernel<float, __half, __half, float, (unsigned int)4, (unsigned short)16383>(channel_eq::_puschRxChEqStatDescr *, channel_eq::_puschRxChEqSoftDemapDynDescr)"
2635068332,453691,25574,1,1,1,32,32,1,30,0.000,0.000,,,,,NVIDIA A100-SXM4-40GB MIG 4g.20gb (0),1,,13,"void convert_kernel<float2, __half2>(tensor_layout_any, T1 *, tensor_layout_any, const T2 *)"
2635553382,15808,25586,2253,1,1,128,1,1,16,0.000,0.000,,,,,NVIDIA A100-SXM4-40GB MIG 4g.20gb (0),1,,13,cupy_copy__float16_float16
2635656037,5088,25595,282,1,1,128,1,1,16,0.000,0.000,,,,,NVIDIA A100-SXM4-40GB MIG 4g.20gb (0),1,,13,cupy_copy__complex64_complex64
2635706213,3104,25604,26,1,1,128,1,1,16,0.000,0.000,,,,,NVIDIA A100-SXM4-40GB MIG 4g.20gb (0),1,,13,cupy_copy__float32_float32
2635752964,7968,25613,103,1,1,128,1,1,16,0.000,0.000,,,,,NVIDIA A100-SXM4-40GB MIG 4g.20gb (0),1,,13,cupy_copy__complex64_complex64
2635803779,24480,25623,1434,1,1,128,1,1,16,0.000,0.000,,,,,NVIDIA A100-SXM4-40GB MIG 4g.20gb (0),1,,13,cupy_copy__complex64_complex64
2635864131,133278,25628,1,1,1,32,32,1,30,0.000,0.000,,,,,NVIDIA A100-SXM4-40GB MIG 4g.20gb (0),1,,13,"void convert_kernel<__half2, float2>(tensor_layout_any, T1 *, tensor_layout_any, const T2 *)"
2636027361,5376,25631,,,,,,,,,,0.094,17428.487,Pinned,Device,NVIDIA A100-SXM4-40GB MIG 4g.20gb (0),1,,13,[CUDA memcpy Host-to-Device]
2636056513,619608,25632,,,,,,,,,,456.561,736433.603,Device,,NVIDIA A100-SXM4-40GB MIG 4g.20gb (0),1,,13,[CUDA memset]
2636684217,52576,25637,,,,,,,,,,1.235,23488.635,Pinned,Device,NVIDIA A100-SXM4-40GB MIG 4g.20gb (0),1,,13,[CUDA memcpy Host-to-Device]
2636739225,9344,25638,,,,,,,,,,0.197,21040.988,Pinned,Device,NVIDIA A100-SXM4-40GB MIG 4g.20gb (0),1,,13,[CUDA memcpy Host-to-Device]
2636820024,12064,25639,69,4,1,48,1,1,76,0.002,0.000,,,,,NVIDIA A100-SXM4-40GB MIG 4g.20gb (0),1,,13,"void ch_est::windowedChEstPreNoDftSOfdmKernel<float, __half, float, (unsigned int)2, (unsigned int)1, (unsigned short)4>(ch_est::puschRxChEstStatDescr_t *, ch_est::puschRxChEstDynDescr_t *)"
2636878135,10880,25640,137,2,1,24,2,1,44,0.001,0.001,,,,,NVIDIA A100-SXM4-40GB MIG 4g.20gb (0),1,,13,"void ch_est::chEstFilterNoDftSOfdmDispatchKernel<float, __half, float, (unsigned int)2>(ch_est::puschRxChEstStatDescr_t *, ch_est::puschRxChEstDynDescr_t *)"
2636931286,6080,25641,137,2,1,24,2,1,44,0.001,0.001,,,,,NVIDIA A100-SXM4-40GB MIG 4g.20gb (0),1,,13,"void ch_est::chEstFilterNoDftSOfdmDispatchKernel<float, __half, float, (unsigned int)2>(ch_est::puschRxChEstStatDescr_t *, ch_est::puschRxChEstDynDescr_t *)"
2636981910,3872,25652,103,1,1,128,1,1,16,0.000,0.000,,,,,NVIDIA A100-SXM4-40GB MIG 4g.20gb (0),1,,13,cupy_copy__complex64_complex64
2637025461,19264,25662,1434,1,1,128,1,1,16,0.000,0.000,,,,,NVIDIA A100-SXM4-40GB MIG 4g.20gb (0),1,,13,cupy_copy__complex64_complex64
2637085269,4064,25669,103,1,1,128,1,1,16,0.000,0.000,,,,,NVIDIA A100-SXM4-40GB MIG 4g.20gb (0),1,,13,cupy_copy__complex64_complex64
2637135188,143102,25676,1,1,1,32,32,1,30,0.000,0.000,,,,,NVIDIA A100-SXM4-40GB MIG 4g.20gb (0),1,,13,"void convert_kernel<__half2, float2>(tensor_layout_any, T1 *, tensor_layout_any, const T2 *)"
2637308338,8320,25679,,,,,,,,,,0.094,11261.510,Pinned,Device,NVIDIA A100-SXM4-40GB MIG 4g.20gb (0),1,,13,[CUDA memcpy Host-to-Device]
2637330834,57343,25680,,,,,,,,,,35.810,624453.385,Device,,NVIDIA A100-SXM4-40GB MIG 4g.20gb (0),1,,13,[CUDA memset]
2637396753,1792,25682,,,,,,,,,,0.000,44.643,Pinned,Device,NVIDIA A100-SXM4-40GB MIG 4g.20gb (0),1,,13,[CUDA memcpy Host-to-Device]
2637401425,9888,25683,,,,,,,,,,0.197,19883.360,Pinned,Device,NVIDIA A100-SXM4-40GB MIG 4g.20gb (0),1,,13,[CUDA memcpy Host-to-Device]
2637535184,19967,25684,273,1,1,48,1,1,40,0.000,0.001,,,,,NVIDIA A100-SXM4-40GB MIG 4g.20gb (0),1,,13,"void pusch_noise_intf_est::noiseIntfEstNoDftSOfdmKernel<float, __half, float, float, (unsigned int)2, (unsigned int)1, (unsigned char)4, (unsigned char)4>(pusch_noise_intf_est::puschRxNoiseIntfEstDynDescr)"
2637633038,6112,25695,35,1,1,128,1,1,16,0.000,0.000,,,,,NVIDIA A100-SXM4-40GB MIG 4g.20gb (0),1,,13,cupy_copy__complex64_complex64
2637683758,2240,25704,1,1,1,1,1,1,18,0.000,0.000,,,,,NVIDIA A100-SXM4-40GB MIG 4g.20gb (0),1,,13,cupy_copy__float32_float32
2637687726,2016,25710,,,,,,,,,,0.000,1.984,Device,Pageable,NVIDIA A100-SXM4-40GB MIG 4g.20gb (0),1,,7,[CUDA memcpy Device-to-Host]
2637826252,16096,25721,1434,1,1,128,1,1,16,0.000,0.000,,,,,NVIDIA A100-SXM4-40GB MIG 4g.20gb (0),1,,13,cupy_copy__complex64_complex64
2637940715,4352,25728,103,1,1,128,1,1,16,0.000,0.000,,,,,NVIDIA A100-SXM4-40GB MIG 4g.20gb (0),1,,13,cupy_copy__complex64_complex64
2637993066,3392,25735,35,1,1,128,1,1,16,0.000,0.000,,,,,NVIDIA A100-SXM4-40GB MIG 4g.20gb (0),1,,13,cupy_copy__complex64_complex64
2638038186,1760,25742,1,1,1,1,1,1,18,0.000,0.000,,,,,NVIDIA A100-SXM4-40GB MIG 4g.20gb (0),1,,13,cupy_copy__float32_float32
2638088841,141759,25753,1,1,1,32,32,1,30,0.000,0.000,,,,,NVIDIA A100-SXM4-40GB MIG 4g.20gb (0),1,,13,"void convert_kernel<__half2, float2>(tensor_layout_any, T1 *, tensor_layout_any, const T2 *)"
2638260583,7808,25756,,,,,,,,,,0.094,11999.928,Pinned,Device,NVIDIA A100-SXM4-40GB MIG 4g.20gb (0),1,,13,[CUDA memcpy Host-to-Device]
2638327718,11488,25757,,,,,,,,,,1.547,134628.979,Device,,NVIDIA A100-SXM4-40GB MIG 4g.20gb (0),1,,13,[CUDA memset]
2638341734,3584,25762,,,,,,,,,,0.031,8732.116,Pinned,Device,NVIDIA A100-SXM4-40GB MIG 4g.20gb (0),1,,13,[CUDA memcpy Host-to-Device]
2638347750,9376,25763,,,,,,,,,,0.197,20969.226,Pinned,Device,NVIDIA A100-SXM4-40GB MIG 4g.20gb (0),1,,13,[CUDA memcpy Host-to-Device]
2638426501,11296,25764,273,1,1,8,4,1,39,0.002,0.000,,,,,NVIDIA A100-SXM4-40GB MIG 4g.20gb (0),1,,13,"void channel_eq::eqMmseCoefCompLowMimoKernel<float, float, float, (unsigned int)4, (unsigned int)1, (unsigned int)4>(const channel_eq::_puschRxChEqStatDescr *, channel_eq::_puschRxChEqCoefCompDynDescr)"
2638478661,23647,25765,273,1,1,12,11,1,51,0.002,0.000,,,,,NVIDIA A100-SXM4-40GB MIG 4g.20gb (0),1,,13,"void channel_eq::eqMmseSoftDemapKernel<float, __half, __half, float, (unsigned int)4, (unsigned short)16383>(channel_eq::_puschRxChEqStatDescr *, channel_eq::_puschRxChEqSoftDemapDynDescr)"
2638530116,431707,25766,1,1,1,32,32,1,30,0.000,0.000,,,,,NVIDIA A100-SXM4-40GB MIG 4g.20gb (0),1,,13,"void convert_kernel<float2, __half2>(tensor_layout_any, T1 *, tensor_layout_any, const T2 *)"
2639013535,16831,25778,2253,1,1,128,1,1,16,0.000,0.000,,,,,NVIDIA A100-SXM4-40GB MIG 4g.20gb (0),1,,13,cupy_copy__float16_float16
2639118653,6016,25787,282,1,1,128,1,1,16,0.000,0.000,,,,,NVIDIA A100-SXM4-40GB MIG 4g.20gb (0),1,,13,cupy_copy__complex64_complex64
2639174365,2656,25796,26,1,1,128,1,1,16,0.000,0.000,,,,,NVIDIA A100-SXM4-40GB MIG 4g.20gb (0),1,,13,cupy_copy__float32_float32
2639227100,8672,25805,103,1,1,128,1,1,16,0.000,0.000,,,,,NVIDIA A100-SXM4-40GB MIG 4g.20gb (0),1,,13,cupy_copy__complex64_complex64
2639287835,21088,25815,1434,1,1,128,1,1,16,0.000,0.000,,,,,NVIDIA A100-SXM4-40GB MIG 4g.20gb (0),1,,13,cupy_copy__complex64_complex64
2639344059,139038,25820,1,1,1,32,32,1,30,0.000,0.000,,,,,NVIDIA A100-SXM4-40GB MIG 4g.20gb (0),1,,13,"void convert_kernel<__half2, float2>(tensor_layout_any, T1 *, tensor_layout_any, const T2 *)"
2639512121,5376,25823,,,,,,,,,,0.094,17428.487,Pinned,Device,NVIDIA A100-SXM4-40GB MIG 4g.20gb (0),1,,13,[CUDA memcpy Host-to-Device]
2639539000,614969,25824,,,,,,,,,,456.561,742368.901,Device,,NVIDIA A100-SXM4-40GB MIG 4g.20gb (0),1,,13,[CUDA memset]
2640155921,66144,25829,,,,,,,,,,1.235,18669.883,Pinned,Device,NVIDIA A100-SXM4-40GB MIG 4g.20gb (0),1,,13,[CUDA memcpy Host-to-Device]
2640224497,9344,25830,,,,,,,,,,0.197,21040.988,Pinned,Device,NVIDIA A100-SXM4-40GB MIG 4g.20gb (0),1,,13,[CUDA memcpy Host-to-Device]
2640297488,13792,25831,69,4,1,48,1,1,76,0.002,0.000,,,,,NVIDIA A100-SXM4-40GB MIG 4g.20gb (0),1,,13,"void ch_est::windowedChEstPreNoDftSOfdmKernel<float, __half, float, (unsigned int)2, (unsigned int)1, (unsigned short)4>(ch_est::puschRxChEstStatDescr_t *, ch_est::puschRxChEstDynDescr_t *)"
2640355119,8256,25832,137,2,1,24,2,1,44,0.001,0.001,,,,,NVIDIA A100-SXM4-40GB MIG 4g.20gb (0),1,,13,"void ch_est::chEstFilterNoDftSOfdmDispatchKernel<float, __half, float, (unsigned int)2>(ch_est::puschRxChEstStatDescr_t *, ch_est::puschRxChEstDynDescr_t *)"
2640404207,9599,25833,137,2,1,24,2,1,44,0.001,0.001,,,,,NVIDIA A100-SXM4-40GB MIG 4g.20gb (0),1,,13,"void ch_est::chEstFilterNoDftSOfdmDispatchKernel<float, __half, float, (unsigned int)2>(ch_est::puschRxChEstStatDescr_t *, ch_est::puschRxChEstDynDescr_t *)"
2640456334,4128,25844,103,1,1,128,1,1,16,0.000,0.000,,,,,NVIDIA A100-SXM4-40GB MIG 4g.20gb (0),1,,13,cupy_copy__complex64_complex64
2640500269,19104,25854,1434,1,1,128,1,1,16,0.000,0.000,,,,,NVIDIA A100-SXM4-40GB MIG 4g.20gb (0),1,,13,cupy_copy__complex64_complex64
2640560685,3104,25861,103,1,1,128,1,1,16,0.000,0.000,,,,,NVIDIA A100-SXM4-40GB MIG 4g.20gb (0),1,,13,cupy_copy__complex64_complex64
2640610796,156926,25868,1,1,1,32,32,1,30,0.000,0.000,,,,,NVIDIA A100-SXM4-40GB MIG 4g.20gb (0),1,,13,"void convert_kernel<__half2, float2>(tensor_layout_any, T1 *, tensor_layout_any, const T2 *)"
2640943240,5376,25871,,,,,,,,,,0.094,17428.487,Pinned,Device,NVIDIA A100-SXM4-40GB MIG 4g.20gb (0),1,,13,[CUDA memcpy Host-to-Device]
2641001640,55711,25872,,,,,,,,,,35.810,642752.254,Device,,NVIDIA A100-SXM4-40GB MIG 4g.20gb (0),1,,13,[CUDA memset]
2641064839,1856,25874,,,,,,,,,,0.000,43.103,Pinned,Device,NVIDIA A100-SXM4-40GB MIG 4g.20gb (0),1,,13,[CUDA memcpy Host-to-Device]
2641069095,9344,25875,,,,,,,,,,0.197,21040.988,Pinned,Device,NVIDIA A100-SXM4-40GB MIG 4g.20gb (0),1,,13,[CUDA memcpy Host-to-Device]
2641181574,15039,25876,273,1,1,48,1,1,40,0.000,0.001,,,,,NVIDIA A100-SXM4-40GB MIG 4g.20gb (0),1,,13,"void pusch_noise_intf_est::noiseIntfEstNoDftSOfdmKernel<float, __half, float, float, (unsigned int)2, (unsigned int)1, (unsigned char)4, (unsigned char)4>(pusch_noise_intf_est::puschRxNoiseIntfEstDynDescr)"
2641377315,7264,25887,35,1,1,128,1,1,16,0.000,0.000,,,,,NVIDIA A100-SXM4-40GB MIG 4g.20gb (0),1,,13,cupy_copy__complex64_complex64
2641426467,2240,25896,1,1,1,1,1,1,18,0.000,0.000,,,,,NVIDIA A100-SXM4-40GB MIG 4g.20gb (0),1,,13,cupy_copy__float32_float32
2641525474,1600,25902,,,,,,,,,,0.000,2.500,Device,Pageable,NVIDIA A100-SXM4-40GB MIG 4g.20gb (0),1,,7,[CUDA memcpy Device-to-Host]
2641769279,17152,25913,1434,1,1,128,1,1,16,0.000,0.000,,,,,NVIDIA A100-SXM4-40GB MIG 4g.20gb (0),1,,13,cupy_copy__complex64_complex64
2641828926,3008,25920,103,1,1,128,1,1,16,0.000,0.000,,,,,NVIDIA A100-SXM4-40GB MIG 4g.20gb (0),1,,13,cupy_copy__complex64_complex64
2641878526,3584,25927,35,1,1,128,1,1,16,0.000,0.000,,,,,NVIDIA A100-SXM4-40GB MIG 4g.20gb (0),1,,13,cupy_copy__complex64_complex64
2641929597,2272,25934,1,1,1,1,1,1,18,0.000,0.000,,,,,NVIDIA A100-SXM4-40GB MIG 4g.20gb (0),1,,13,cupy_copy__float32_float32
2642084123,138463,25945,1,1,1,32,32,1,30,0.000,0.000,,,,,NVIDIA A100-SXM4-40GB MIG 4g.20gb (0),1,,13,"void convert_kernel<__half2, float2>(tensor_layout_any, T1 *, tensor_layout_any, const T2 *)"
2642254585,5376,25948,,,,,,,,,,0.094,17428.487,Pinned,Device,NVIDIA A100-SXM4-40GB MIG 4g.20gb (0),1,,13,[CUDA memcpy Host-to-Device]
2642277561,5344,25949,,,,,,,,,,1.547,289412.016,Device,,NVIDIA A100-SXM4-40GB MIG 4g.20gb (0),1,,13,[CUDA memset]
2642288793,3328,25954,,,,,,,,,,0.031,9403.822,Pinned,Device,NVIDIA A100-SXM4-40GB MIG 4g.20gb (0),1,,13,[CUDA memcpy Host-to-Device]
2642294553,9376,25955,,,,,,,,,,0.197,20969.226,Pinned,Device,NVIDIA A100-SXM4-40GB MIG 4g.20gb (0),1,,13,[CUDA memcpy Host-to-Device]
2642371992,12672,25956,273,1,1,8,4,1,39,0.002,0.000,,,,,NVIDIA A100-SXM4-40GB MIG 4g.20gb (0),1,,13,"void channel_eq::eqMmseCoefCompLowMimoKernel<float, float, float, (unsigned int)4, (unsigned int)1, (unsigned int)4>(const channel_eq::_puschRxChEqStatDescr *, channel_eq::_puschRxChEqCoefCompDynDescr)"
2642433335,23008,25957,273,1,1,12,11,1,51,0.002,0.000,,,,,NVIDIA A100-SXM4-40GB MIG 4g.20gb (0),1,,13,"void channel_eq::eqMmseSoftDemapKernel<float, __half, __half, float, (unsigned int)4, (unsigned short)16383>(channel_eq::_puschRxChEqStatDescr *, channel_eq::_puschRxChEqSoftDemapDynDescr)"
2642485655,447226,25958,1,1,1,32,32,1,30,0.000,0.000,,,,,NVIDIA A100-SXM4-40GB MIG 4g.20gb (0),1,,13,"void convert_kernel<float2, __half2>(tensor_layout_any, T1 *, tensor_layout_any, const T2 *)"
2642973201,15616,25970,2253,1,1,128,1,1,16,0.000,0.000,,,,,NVIDIA A100-SXM4-40GB MIG 4g.20gb (0),1,,13,cupy_copy__float16_float16
2643032464,3808,25979,282,1,1,128,1,1,16,0.000,0.000,,,,,NVIDIA A100-SXM4-40GB MIG 4g.20gb (0),1,,13,cupy_copy__complex64_complex64
2643078224,3360,25988,26,1,1,128,1,1,16,0.000,0.000,,,,,NVIDIA A100-SXM4-40GB MIG 4g.20gb (0),1,,13,cupy_copy__float32_float32
2643129167,8288,25997,103,1,1,128,1,1,16,0.000,0.000,,,,,NVIDIA A100-SXM4-40GB MIG 4g.20gb (0),1,,13,cupy_copy__complex64_complex64
2643176271,18015,26007,1434,1,1,128,1,1,16,0.000,0.000,,,,,NVIDIA A100-SXM4-40GB MIG 4g.20gb (0),1,,13,cupy_copy__complex64_complex64
2643238414,128990,26012,1,1,1,32,32,1,30,0.000,0.000,,,,,NVIDIA A100-SXM4-40GB MIG 4g.20gb (0),1,,13,"void convert_kernel<__half2, float2>(tensor_layout_any, T1 *, tensor_layout_any, const T2 *)"
2643397484,6112,26015,,,,,,,,,,0.094,15329.790,Pinned,Device,NVIDIA A100-SXM4-40GB MIG 4g.20gb (0),1,,13,[CUDA memcpy Host-to-Device]
2643493419,616409,26016,,,,,,,,,,456.561,740542.656,Device,,NVIDIA A100-SXM4-40GB MIG 4g.20gb (0),1,,13,[CUDA memset]
2644112644,52479,26021,,,,,,,,,,1.235,23531.858,Pinned,Device,NVIDIA A100-SXM4-40GB MIG 4g.20gb (0),1,,13,[CUDA memcpy Host-to-Device]
2644172675,10752,26022,,,,,,,,,,0.197,18285.527,Pinned,Device,NVIDIA A100-SXM4-40GB MIG 4g.20gb (0),1,,13,[CUDA memcpy Host-to-Device]
2644255234,11904,26023,69,4,1,48,1,1,76,0.002,0.000,,,,,NVIDIA A100-SXM4-40GB MIG 4g.20gb (0),1,,13,"void ch_est::windowedChEstPreNoDftSOfdmKernel<float, __half, float, (unsigned int)2, (unsigned int)1, (unsigned short)4>(ch_est::puschRxChEstStatDescr_t *, ch_est::puschRxChEstDynDescr_t *)"
2644311234,17823,26024,137,2,1,24,2,1,44,0.001,0.001,,,,,NVIDIA A100-SXM4-40GB MIG 4g.20gb (0),1,,13,"void ch_est::chEstFilterNoDftSOfdmDispatchKernel<float, __half, float, (unsigned int)2>(ch_est::puschRxChEstStatDescr_t *, ch_est::puschRxChEstDynDescr_t *)"
2644360577,9888,26025,137,2,1,24,2,1,44,0.001,0.001,,,,,NVIDIA A100-SXM4-40GB MIG 4g.20gb (0),1,,13,"void ch_est::chEstFilterNoDftSOfdmDispatchKernel<float, __half, float, (unsigned int)2>(ch_est::puschRxChEstStatDescr_t *, ch_est::puschRxChEstDynDescr_t *)"
2644412768,4992,26036,103,1,1,128,1,1,16,0.000,0.000,,,,,NVIDIA A100-SXM4-40GB MIG 4g.20gb (0),1,,13,cupy_copy__complex64_complex64
2644461536,16832,26046,1434,1,1,128,1,1,16,0.000,0.000,,,,,NVIDIA A100-SXM4-40GB MIG 4g.20gb (0),1,,13,cupy_copy__complex64_complex64
2644519743,2976,26053,103,1,1,128,1,1,16,0.000,0.000,,,,,NVIDIA A100-SXM4-40GB MIG 4g.20gb (0),1,,13,cupy_copy__complex64_complex64
2644564575,141086,26060,1,1,1,32,32,1,30,0.000,0.000,,,,,NVIDIA A100-SXM4-40GB MIG 4g.20gb (0),1,,13,"void convert_kernel<__half2, float2>(tensor_layout_any, T1 *, tensor_layout_any, const T2 *)"
2644735293,5408,26063,,,,,,,,,,0.094,17325.421,Pinned,Device,NVIDIA A100-SXM4-40GB MIG 4g.20gb (0),1,,13,[CUDA memcpy Host-to-Device]
2644752701,58719,26064,,,,,,,,,,35.810,609842.938,Device,,NVIDIA A100-SXM4-40GB MIG 4g.20gb (0),1,,13,[CUDA memset]
2644812956,5568,26066,,,,,,,,,,0.000,14.368,Pinned,Device,NVIDIA A100-SXM4-40GB MIG 4g.20gb (0),1,,13,[CUDA memcpy Host-to-Device]
2644822620,9600,26067,,,,,,,,,,0.197,20479.869,Pinned,Device,NVIDIA A100-SXM4-40GB MIG 4g.20gb (0),1,,13,[CUDA memcpy Host-to-Device]
2644943002,12928,26068,273,1,1,48,1,1,40,0.000,0.001,,,,,NVIDIA A100-SXM4-40GB MIG 4g.20gb (0),1,,13,"void pusch_noise_intf_est::noiseIntfEstNoDftSOfdmKernel<float, __half, float, float, (unsigned int)2, (unsigned int)1, (unsigned char)4, (unsigned char)4>(pusch_noise_intf_est::puschRxNoiseIntfEstDynDescr)"
2644995098,3776,26079,35,1,1,128,1,1,16,0.000,0.000,,,,,NVIDIA A100-SXM4-40GB MIG 4g.20gb (0),1,,13,cupy_copy__complex64_complex64
2645040857,1952,26088,1,1,1,1,1,1,18,0.000,0.000,,,,,NVIDIA A100-SXM4-40GB MIG 4g.20gb (0),1,,13,cupy_copy__float32_float32
2645045785,1600,26094,,,,,,,,,,0.000,2.500,Device,Pageable,NVIDIA A100-SXM4-40GB MIG 4g.20gb (0),1,,7,[CUDA memcpy Device-to-Host]
2645136312,19648,26105,1434,1,1,128,1,1,16,0.000,0.000,,,,,NVIDIA A100-SXM4-40GB MIG 4g.20gb (0),1,,13,cupy_copy__complex64_complex64
2645198551,3072,26112,103,1,1,128,1,1,16,0.000,0.000,,,,,NVIDIA A100-SXM4-40GB MIG 4g.20gb (0),1,,13,cupy_copy__complex64_complex64
2645249879,5504,26119,35,1,1,128,1,1,16,0.000,0.000,,,,,NVIDIA A100-SXM4-40GB MIG 4g.20gb (0),1,,13,cupy_copy__complex64_complex64
2645301270,2304,26126,1,1,1,1,1,1,18,0.000,0.000,,,,,NVIDIA A100-SXM4-40GB MIG 4g.20gb (0),1,,13,cupy_copy__float32_float32
2645347766,174942,26137,1,1,1,32,32,1,30,0.000,0.000,,,,,NVIDIA A100-SXM4-40GB MIG 4g.20gb (0),1,,13,"void convert_kernel<__half2, float2>(tensor_layout_any, T1 *, tensor_layout_any, const T2 *)"
2645560147,5408,26140,,,,,,,,,,0.094,17325.421,Pinned,Device,NVIDIA A100-SXM4-40GB MIG 4g.20gb (0),1,,13,[CUDA memcpy Host-to-Device]
2645634546,7520,26141,,,,,,,,,,1.547,205666.966,Device,,NVIDIA A100-SXM4-40GB MIG 4g.20gb (0),1,,13,[CUDA memset]
2645648434,14272,26146,,,,,,,,,,0.031,2192.817,Pinned,Device,NVIDIA A100-SXM4-40GB MIG 4g.20gb (0),1,,13,[CUDA memcpy Host-to-Device]
2645666258,14208,26147,,,,,,,,,,0.197,13837.664,Pinned,Device,NVIDIA A100-SXM4-40GB MIG 4g.20gb (0),1,,13,[CUDA memcpy Host-to-Device]
2645746737,8544,26148,273,1,1,8,4,1,39,0.002,0.000,,,,,NVIDIA A100-SXM4-40GB MIG 4g.20gb (0),1,,13,"void channel_eq::eqMmseCoefCompLowMimoKernel<float, float, float, (unsigned int)4, (unsigned int)1, (unsigned int)4>(const channel_eq::_puschRxChEqStatDescr *, channel_eq::_puschRxChEqCoefCompDynDescr)"
2645800337,17855,26149,273,1,1,12,11,1,51,0.002,0.000,,,,,NVIDIA A100-SXM4-40GB MIG 4g.20gb (0),1,,13,"void channel_eq::eqMmseSoftDemapKernel<float, __half, __half, float, (unsigned int)4, (unsigned short)16383>(channel_eq::_puschRxChEqStatDescr *, channel_eq::_puschRxChEqSoftDemapDynDescr)"
2645853136,434779,26150,1,1,1,32,32,1,30,0.000,0.000,,,,,NVIDIA A100-SXM4-40GB MIG 4g.20gb (0),1,,13,"void convert_kernel<float2, __half2>(tensor_layout_any, T1 *, tensor_layout_any, const T2 *)"
2646332778,22624,26162,2253,1,1,128,1,1,16,0.000,0.000,,,,,NVIDIA A100-SXM4-40GB MIG 4g.20gb (0),1,,13,cupy_copy__float16_float16
2646459785,4096,26171,282,1,1,128,1,1,16,0.000,0.000,,,,,NVIDIA A100-SXM4-40GB MIG 4g.20gb (0),1,,13,cupy_copy__complex64_complex64
2646509096,3168,26180,26,1,1,128,1,1,16,0.000,0.000,,,,,NVIDIA A100-SXM4-40GB MIG 4g.20gb (0),1,,13,cupy_copy__float32_float32
2646553544,9888,26189,103,1,1,128,1,1,16,0.000,0.000,,,,,NVIDIA A100-SXM4-40GB MIG 4g.20gb (0),1,,13,cupy_copy__complex64_complex64
2646569096,12256,26199,1434,1,1,128,1,1,16,0.000,0.000,,,,,NVIDIA A100-SXM4-40GB MIG 4g.20gb (0),1,,13,cupy_copy__complex64_complex64
2646671974,140575,26204,1,1,1,32,32,1,30,0.000,0.000,,,,,NVIDIA A100-SXM4-40GB MIG 4g.20gb (0),1,,13,"void convert_kernel<__half2, float2>(tensor_layout_any, T1 *, tensor_layout_any, const T2 *)"
2646842149,5375,26207,,,,,,,,,,0.094,17431.766,Pinned,Device,NVIDIA A100-SXM4-40GB MIG 4g.20gb (0),1,,13,[CUDA memcpy Host-to-Device]
2646869252,623129,26208,,,,,,,,,,456.561,732324.550,Device,,NVIDIA A100-SXM4-40GB MIG 4g.20gb (0),1,,13,[CUDA memset]
2647496061,64095,26213,,,,,,,,,,1.235,19266.361,Pinned,Device,NVIDIA A100-SXM4-40GB MIG 4g.20gb (0),1,,13,[CUDA memcpy Host-to-Device]
2647563068,12416,26214,,,,,,,,,,0.197,15835.005,Pinned,Device,NVIDIA A100-SXM4-40GB MIG 4g.20gb (0),1,,13,[CUDA memcpy Host-to-Device]
2647637915,13984,26215,69,4,1,48,1,1,76,0.002,0.000,,,,,NVIDIA A100-SXM4-40GB MIG 4g.20gb (0),1,,13,"void ch_est::windowedChEstPreNoDftSOfdmKernel<float, __half, float, (unsigned int)2, (unsigned int)1, (unsigned short)4>(ch_est::puschRxChEstStatDescr_t *, ch_est::puschRxChEstDynDescr_t *)"
2647699451,8288,26216,137,2,1,24,2,1,44,0.001,0.001,,,,,NVIDIA A100-SXM4-40GB MIG 4g.20gb (0),1,,13,"void ch_est::chEstFilterNoDftSOfdmDispatchKernel<float, __half, float, (unsigned int)2>(ch_est::puschRxChEstStatDescr_t *, ch_est::puschRxChEstDynDescr_t *)"
2647750138,9792,26217,137,2,1,24,2,1,44,0.001,0.001,,,,,NVIDIA A100-SXM4-40GB MIG 4g.20gb (0),1,,13,"void ch_est::chEstFilterNoDftSOfdmDispatchKernel<float, __half, float, (unsigned int)2>(ch_est::puschRxChEstStatDescr_t *, ch_est::puschRxChEstDynDescr_t *)"
2647803737,4896,26228,103,1,1,128,1,1,16,0.000,0.000,,,,,NVIDIA A100-SXM4-40GB MIG 4g.20gb (0),1,,13,cupy_copy__complex64_complex64
2647849177,19264,26238,1434,1,1,128,1,1,16,0.000,0.000,,,,,NVIDIA A100-SXM4-40GB MIG 4g.20gb (0),1,,13,cupy_copy__complex64_complex64
2647913112,3328,26245,103,1,1,128,1,1,16,0.000,0.000,,,,,NVIDIA A100-SXM4-40GB MIG 4g.20gb (0),1,,13,cupy_copy__complex64_complex64
2647957848,147070,26252,1,1,1,32,32,1,30,0.000,0.000,,,,,NVIDIA A100-SXM4-40GB MIG 4g.20gb (0),1,,13,"void convert_kernel<__half2, float2>(tensor_layout_any, T1 *, tensor_layout_any, const T2 *)"
2648134966,5376,26255,,,,,,,,,,0.094,17428.487,Pinned,Device,NVIDIA A100-SXM4-40GB MIG 4g.20gb (0),1,,13,[CUDA memcpy Host-to-Device]
2648154133,57600,26256,,,,,,,,,,35.810,621696.021,Device,,NVIDIA A100-SXM4-40GB MIG 4g.20gb (0),1,,13,[CUDA memset]
2648214197,4032,26258,,,,,,,,,,0.000,19.841,Pinned,Device,NVIDIA A100-SXM4-40GB MIG 4g.20gb (0),1,,13,[CUDA memcpy Host-to-Device]
2648223637,9440,26259,,,,,,,,,,0.197,20827.079,Pinned,Device,NVIDIA A100-SXM4-40GB MIG 4g.20gb (0),1,,13,[CUDA memcpy Host-to-Device]
2648341171,15776,26260,273,1,1,48,1,1,40,0.000,0.001,,,,,NVIDIA A100-SXM4-40GB MIG 4g.20gb (0),1,,13,"void pusch_noise_intf_est::noiseIntfEstNoDftSOfdmKernel<float, __half, float, float, (unsigned int)2, (unsigned int)1, (unsigned char)4, (unsigned char)4>(pusch_noise_intf_est::puschRxNoiseIntfEstDynDescr)"
2648440402,13536,26271,35,1,1,128,1,1,16,0.000,0.000,,,,,NVIDIA A100-SXM4-40GB MIG 4g.20gb (0),1,,13,cupy_copy__complex64_complex64
2648556721,2656,26280,1,1,1,1,1,1,18,0.000,0.000,,,,,NVIDIA A100-SXM4-40GB MIG 4g.20gb (0),1,,13,cupy_copy__float32_float32
2648560465,1568,26286,,,,,,,,,,0.000,2.551,Device,Pageable,NVIDIA A100-SXM4-40GB MIG 4g.20gb (0),1,,7,[CUDA memcpy Device-to-Host]
2648650384,16096,26297,1434,1,1,128,1,1,16,0.000,0.000,,,,,NVIDIA A100-SXM4-40GB MIG 4g.20gb (0),1,,13,cupy_copy__complex64_complex64
2648707343,4768,26304,103,1,1,128,1,1,16,0.000,0.000,,,,,NVIDIA A100-SXM4-40GB MIG 4g.20gb (0),1,,13,cupy_copy__complex64_complex64
2648751855,4000,26311,35,1,1,128,1,1,16,0.000,0.000,,,,,NVIDIA A100-SXM4-40GB MIG 4g.20gb (0),1,,13,cupy_copy__complex64_complex64
2648803086,7456,26318,1,1,1,1,1,1,18,0.000,0.000,,,,,NVIDIA A100-SXM4-40GB MIG 4g.20gb (0),1,,13,cupy_copy__float32_float32
2648853357,145855,26329,1,1,1,32,32,1,30,0.000,0.000,,,,,NVIDIA A100-SXM4-40GB MIG 4g.20gb (0),1,,13,"void convert_kernel<__half2, float2>(tensor_layout_any, T1 *, tensor_layout_any, const T2 *)"
2649028427,5376,26332,,,,,,,,,,0.094,17428.487,Pinned,Device,NVIDIA A100-SXM4-40GB MIG 4g.20gb (0),1,,13,[CUDA memcpy Host-to-Device]
2649090155,5504,26333,,,,,,,,,,1.547,280999.928,Device,,NVIDIA A100-SXM4-40GB MIG 4g.20gb (0),1,,13,[CUDA memset]
2649102699,3008,26338,,,,,,,,,,0.031,10404.230,Pinned,Device,NVIDIA A100-SXM4-40GB MIG 4g.20gb (0),1,,13,[CUDA memcpy Host-to-Device]
2649108138,11392,26339,,,,,,,,,,0.197,17258.250,Pinned,Device,NVIDIA A100-SXM4-40GB MIG 4g.20gb (0),1,,13,[CUDA memcpy Host-to-Device]
2649139018,16448,26340,273,1,1,8,4,1,39,0.002,0.000,,,,,NVIDIA A100-SXM4-40GB MIG 4g.20gb (0),1,,13,"void channel_eq::eqMmseCoefCompLowMimoKernel<float, float, float, (unsigned int)4, (unsigned int)1, (unsigned int)4>(const channel_eq::_puschRxChEqStatDescr *, channel_eq::_puschRxChEqCoefCompDynDescr)"
2649196873,14112,26341,273,1,1,12,11,1,51,0.002,0.000,,,,,NVIDIA A100-SXM4-40GB MIG 4g.20gb (0),1,,13,"void channel_eq::eqMmseSoftDemapKernel<float, __half, __half, float, (unsigned int)4, (unsigned short)16383>(channel_eq::_puschRxChEqStatDescr *, channel_eq::_puschRxChEqSoftDemapDynDescr)"
2649245033,443035,26342,1,1,1,32,32,1,30,0.000,0.000,,,,,NVIDIA A100-SXM4-40GB MIG 4g.20gb (0),1,,13,"void convert_kernel<float2, __half2>(tensor_layout_any, T1 *, tensor_layout_any, const T2 *)"
2649721731,15584,26354,2253,1,1,128,1,1,16,0.000,0.000,,,,,NVIDIA A100-SXM4-40GB MIG 4g.20gb (0),1,,13,cupy_copy__float16_float16
2649825026,5248,26363,282,1,1,128,1,1,16,0.000,0.000,,,,,NVIDIA A100-SXM4-40GB MIG 4g.20gb (0),1,,13,cupy_copy__complex64_complex64
2649874530,3072,26372,26,1,1,128,1,1,16,0.000,0.000,,,,,NVIDIA A100-SXM4-40GB MIG 4g.20gb (0),1,,13,cupy_copy__float32_float32
2649922561,11616,26381,103,1,1,128,1,1,16,0.000,0.000,,,,,NVIDIA A100-SXM4-40GB MIG 4g.20gb (0),1,,13,cupy_copy__complex64_complex64
2649976321,19967,26391,1434,1,1,128,1,1,16,0.000,0.000,,,,,NVIDIA A100-SXM4-40GB MIG 4g.20gb (0),1,,13,cupy_copy__complex64_complex64
2650033536,148222,26396,1,1,1,32,32,1,30,0.000,0.000,,,,,NVIDIA A100-SXM4-40GB MIG 4g.20gb (0),1,,13,"void convert_kernel<__half2, float2>(tensor_layout_any, T1 *, tensor_layout_any, const T2 *)"
2650210526,5344,26399,,,,,,,,,,0.094,17532.864,Pinned,Device,NVIDIA A100-SXM4-40GB MIG 4g.20gb (0),1,,13,[CUDA memcpy Host-to-Device]
2650236670,618808,26400,,,,,,,,,,456.561,737803.287,Device,,NVIDIA A100-SXM4-40GB MIG 4g.20gb (0),1,,13,[CUDA memset]
2650864470,54880,26405,,,,,,,,,,1.235,22501.915,Pinned,Device,NVIDIA A100-SXM4-40GB MIG 4g.20gb (0),1,,13,[CUDA memcpy Host-to-Device]
2650921974,9344,26406,,,,,,,,,,0.197,21040.988,Pinned,Device,NVIDIA A100-SXM4-40GB MIG 4g.20gb (0),1,,13,[CUDA memcpy Host-to-Device]
2650994005,12544,26407,69,4,1,48,1,1,76,0.002,0.000,,,,,NVIDIA A100-SXM4-40GB MIG 4g.20gb (0),1,,13,"void ch_est::windowedChEstPreNoDftSOfdmKernel<float, __half, float, (unsigned int)2, (unsigned int)1, (unsigned short)4>(ch_est::puschRxChEstStatDescr_t *, ch_est::puschRxChEstDynDescr_t *)"
2651052180,8512,26408,137,2,1,24,2,1,44,0.001,0.001,,,,,NVIDIA A100-SXM4-40GB MIG 4g.20gb (0),1,,13,"void ch_est::chEstFilterNoDftSOfdmDispatchKernel<float, __half, float, (unsigned int)2>(ch_est::puschRxChEstStatDescr_t *, ch_est::puschRxChEstDynDescr_t *)"
2651099060,11519,26409,137,2,1,24,2,1,44,0.001,0.001,,,,,NVIDIA A100-SXM4-40GB MIG 4g.20gb (0),1,,13,"void ch_est::chEstFilterNoDftSOfdmDispatchKernel<float, __half, float, (unsigned int)2>(ch_est::puschRxChEstStatDescr_t *, ch_est::puschRxChEstDynDescr_t *)"
2651151379,4480,26420,103,1,1,128,1,1,16,0.000,0.000,,,,,NVIDIA A100-SXM4-40GB MIG 4g.20gb (0),1,,13,cupy_copy__complex64_complex64
2651194995,18975,26430,1434,1,1,128,1,1,16,0.000,0.000,,,,,NVIDIA A100-SXM4-40GB MIG 4g.20gb (0),1,,13,cupy_copy__complex64_complex64
2651256498,3264,26437,103,1,1,128,1,1,16,0.000,0.000,,,,,NVIDIA A100-SXM4-40GB MIG 4g.20gb (0),1,,13,cupy_copy__complex64_complex64
2651302353,139839,26444,1,1,1,32,32,1,30,0.000,0.000,,,,,NVIDIA A100-SXM4-40GB MIG 4g.20gb (0),1,,13,"void convert_kernel<__half2, float2>(tensor_layout_any, T1 *, tensor_layout_any, const T2 *)"
2651471343,5344,26447,,,,,,,,,,0.094,17532.864,Pinned,Device,NVIDIA A100-SXM4-40GB MIG 4g.20gb (0),1,,13,[CUDA memcpy Host-to-Device]
2651507215,57343,26448,,,,,,,,,,35.810,624453.385,Device,,NVIDIA A100-SXM4-40GB MIG 4g.20gb (0),1,,13,[CUDA memset]
2651570990,2400,26450,,,,,,,,,,0.000,33.333,Pinned,Device,NVIDIA A100-SXM4-40GB MIG 4g.20gb (0),1,,13,[CUDA memcpy Host-to-Device]
2651583150,19904,26451,,,,,,,,,,0.197,9877.783,Pinned,Device,NVIDIA A100-SXM4-40GB MIG 4g.20gb (0),1,,13,[CUDA memcpy Host-to-Device]
2651693613,16768,26452,273,1,1,48,1,1,40,0.000,0.001,,,,,NVIDIA A100-SXM4-40GB MIG 4g.20gb (0),1,,13,"void pusch_noise_intf_est::noiseIntfEstNoDftSOfdmKernel<float, __half, float, float, (unsigned int)2, (unsigned int)1, (unsigned char)4, (unsigned char)4>(pusch_noise_intf_est::puschRxNoiseIntfEstDynDescr)"
2651793900,6528,26463,35,1,1,128,1,1,16,0.000,0.000,,,,,NVIDIA A100-SXM4-40GB MIG 4g.20gb (0),1,,13,cupy_copy__complex64_complex64
2651801644,1696,26472,1,1,1,1,1,1,18,0.000,0.000,,,,,NVIDIA A100-SXM4-40GB MIG 4g.20gb (0),1,,13,cupy_copy__float32_float32
2651811499,1600,26478,,,,,,,,,,0.000,2.500,Device,Pageable,NVIDIA A100-SXM4-40GB MIG 4g.20gb (0),1,,7,[CUDA memcpy Device-to-Host]
2651884971,14207,26489,1434,1,1,128,1,1,16,0.000,0.000,,,,,NVIDIA A100-SXM4-40GB MIG 4g.20gb (0),1,,13,cupy_copy__complex64_complex64
2651974186,4927,26496,103,1,1,128,1,1,16,0.000,0.000,,,,,NVIDIA A100-SXM4-40GB MIG 4g.20gb (0),1,,13,cupy_copy__complex64_complex64
2652021161,6528,26503,35,1,1,128,1,1,16,0.000,0.000,,,,,NVIDIA A100-SXM4-40GB MIG 4g.20gb (0),1,,13,cupy_copy__complex64_complex64
2652070376,9280,26510,1,1,1,1,1,1,18,0.000,0.000,,,,,NVIDIA A100-SXM4-40GB MIG 4g.20gb (0),1,,13,cupy_copy__float32_float32
2652122184,161630,26521,1,1,1,32,32,1,30,0.000,0.000,,,,,NVIDIA A100-SXM4-40GB MIG 4g.20gb (0),1,,13,"void convert_kernel<__half2, float2>(tensor_layout_any, T1 *, tensor_layout_any, const T2 *)"
2652313798,5408,26524,,,,,,,,,,0.094,17325.421,Pinned,Device,NVIDIA A100-SXM4-40GB MIG 4g.20gb (0),1,,13,[CUDA memcpy Host-to-Device]
2652363077,6144,26525,,,,,,,,,,1.547,251728.522,Device,,NVIDIA A100-SXM4-40GB MIG 4g.20gb (0),1,,13,[CUDA memset]
2652370597,3040,26530,,,,,,,,,,0.031,10294.725,Pinned,Device,NVIDIA A100-SXM4-40GB MIG 4g.20gb (0),1,,13,[CUDA memcpy Host-to-Device]
2652376101,9440,26531,,,,,,,,,,0.197,20827.079,Pinned,Device,NVIDIA A100-SXM4-40GB MIG 4g.20gb (0),1,,13,[CUDA memcpy Host-to-Device]
2652409157,12223,26532,273,1,1,8,4,1,39,0.002,0.000,,,,,NVIDIA A100-SXM4-40GB MIG 4g.20gb (0),1,,13,"void channel_eq::eqMmseCoefCompLowMimoKernel<float, float, float, (unsigned int)4, (unsigned int)1, (unsigned int)4>(const channel_eq::_puschRxChEqStatDescr *, channel_eq::_puschRxChEqCoefCompDynDescr)"
2652537539,13536,26533,273,1,1,12,11,1,51,0.002,0.000,,,,,NVIDIA A100-SXM4-40GB MIG 4g.20gb (0),1,,13,"void channel_eq::eqMmseSoftDemapKernel<float, __half, __half, float, (unsigned int)4, (unsigned short)16383>(channel_eq::_puschRxChEqStatDescr *, channel_eq::_puschRxChEqSoftDemapDynDescr)"
2652599106,283869,26534,1,1,1,32,32,1,30,0.000,0.000,,,,,NVIDIA A100-SXM4-40GB MIG 4g.20gb (0),1,,13,"void convert_kernel<float2, __half2>(tensor_layout_any, T1 *, tensor_layout_any, const T2 *)"
2652945566,13280,26546,2253,1,1,128,1,1,16,0.000,0.000,,,,,NVIDIA A100-SXM4-40GB MIG 4g.20gb (0),1,,13,cupy_copy__float16_float16
2653003230,7168,26555,282,1,1,128,1,1,16,0.000,0.000,,,,,NVIDIA A100-SXM4-40GB MIG 4g.20gb (0),1,,13,cupy_copy__complex64_complex64
2653052093,4064,26564,26,1,1,128,1,1,16,0.000,0.000,,,,,NVIDIA A100-SXM4-40GB MIG 4g.20gb (0),1,,13,cupy_copy__float32_float32
2653105565,5055,26573,103,1,1,128,1,1,16,0.000,0.000,,,,,NVIDIA A100-SXM4-40GB MIG 4g.20gb (0),1,,13,cupy_copy__complex64_complex64
2653154524,15008,26583,1434,1,1,128,1,1,16,0.000,0.000,,,,,NVIDIA A100-SXM4-40GB MIG 4g.20gb (0),1,,13,cupy_copy__complex64_complex64
2653210587,126271,26588,1,1,1,32,32,1,30,0.000,0.000,,,,,NVIDIA A100-SXM4-40GB MIG 4g.20gb (0),1,,13,"void convert_kernel<__half2, float2>(tensor_layout_any, T1 *, tensor_layout_any, const T2 *)"
2653365466,5631,26591,,,,,,,,,,0.094,16639.285,Pinned,Device,NVIDIA A100-SXM4-40GB MIG 4g.20gb (0),1,,13,[CUDA memcpy Host-to-Device]
2653454809,626616,26592,,,,,,,,,,456.561,728215.497,Device,,NVIDIA A100-SXM4-40GB MIG 4g.20gb (0),1,,13,[CUDA memset]
2654083089,50272,26597,,,,,,,,,,1.235,24564.271,Pinned,Device,NVIDIA A100-SXM4-40GB MIG 4g.20gb (0),1,,13,[CUDA memcpy Host-to-Device]
2654140657,16351,26598,,,,,,,,,,0.197,12024.152,Pinned,Device,NVIDIA A100-SXM4-40GB MIG 4g.20gb (0),1,,13,[CUDA memcpy Host-to-Device]
2654223696,10848,26599,69,4,1,48,1,1,76,0.002,0.000,,,,,NVIDIA A100-SXM4-40GB MIG 4g.20gb (0),1,,13,"void ch_est::windowedChEstPreNoDftSOfdmKernel<float, __half, float, (unsigned int)2, (unsigned int)1, (unsigned short)4>(ch_est::puschRxChEstStatDescr_t *, ch_est::puschRxChEstDynDescr_t *)"
2654280175,8640,26600,137,2,1,24,2,1,44,0.001,0.001,,,,,NVIDIA A100-SXM4-40GB MIG 4g.20gb (0),1,,13,"void ch_est::chEstFilterNoDftSOfdmDispatchKernel<float, __half, float, (unsigned int)2>(ch_est::puschRxChEstStatDescr_t *, ch_est::puschRxChEstDynDescr_t *)"
2654330158,10432,26601,137,2,1,24,2,1,44,0.001,0.001,,,,,NVIDIA A100-SXM4-40GB MIG 4g.20gb (0),1,,13,"void ch_est::chEstFilterNoDftSOfdmDispatchKernel<float, __half, float, (unsigned int)2>(ch_est::puschRxChEstStatDescr_t *, ch_est::puschRxChEstDynDescr_t *)"
2654384398,4768,26612,103,1,1,128,1,1,16,0.000,0.000,,,,,NVIDIA A100-SXM4-40GB MIG 4g.20gb (0),1,,13,cupy_copy__complex64_complex64
2654432173,16768,26622,1434,1,1,128,1,1,16,0.000,0.000,,,,,NVIDIA A100-SXM4-40GB MIG 4g.20gb (0),1,,13,cupy_copy__complex64_complex64
2654543052,4160,26629,103,1,1,128,1,1,16,0.000,0.000,,,,,NVIDIA A100-SXM4-40GB MIG 4g.20gb (0),1,,13,cupy_copy__complex64_complex64
2654594699,155711,26636,1,1,1,32,32,1,30,0.000,0.000,,,,,NVIDIA A100-SXM4-40GB MIG 4g.20gb (0),1,,13,"void convert_kernel<__half2, float2>(tensor_layout_any, T1 *, tensor_layout_any, const T2 *)"
2654779689,5408,26639,,,,,,,,,,0.094,17325.421,Pinned,Device,NVIDIA A100-SXM4-40GB MIG 4g.20gb (0),1,,13,[CUDA memcpy Host-to-Device]
2654826409,58783,26640,,,,,,,,,,35.810,609162.549,Device,,NVIDIA A100-SXM4-40GB MIG 4g.20gb (0),1,,13,[CUDA memset]
2654891368,3072,26642,,,,,,,,,,0.000,26.042,Pinned,Device,NVIDIA A100-SXM4-40GB MIG 4g.20gb (0),1,,13,[CUDA memcpy Host-to-Device]
2654897032,9376,26643,,,,,,,,,,0.197,20969.226,Pinned,Device,NVIDIA A100-SXM4-40GB MIG 4g.20gb (0),1,,13,[CUDA memcpy Host-to-Device]
2655014343,18559,26644,273,1,1,48,1,1,40,0.000,0.001,,,,,NVIDIA A100-SXM4-40GB MIG 4g.20gb (0),1,,13,"void pusch_noise_intf_est::noiseIntfEstNoDftSOfdmKernel<float, __half, float, float, (unsigned int)2, (unsigned int)1, (unsigned char)4, (unsigned char)4>(pusch_noise_intf_est::puschRxNoiseIntfEstDynDescr)"
2655118021,6400,26655,35,1,1,128,1,1,16,0.000,0.000,,,,,NVIDIA A100-SXM4-40GB MIG 4g.20gb (0),1,,13,cupy_copy__complex64_complex64
2655164357,2368,26664,1,1,1,1,1,1,18,0.000,0.000,,,,,NVIDIA A100-SXM4-40GB MIG 4g.20gb (0),1,,13,cupy_copy__float32_float32
2655168325,2112,26670,,,,,,,,,,0.000,1.894,Device,Pageable,NVIDIA A100-SXM4-40GB MIG 4g.20gb (0),1,,7,[CUDA memcpy Device-to-Host]
2655304355,16864,26681,1434,1,1,128,1,1,16,0.000,0.000,,,,,NVIDIA A100-SXM4-40GB MIG 4g.20gb (0),1,,13,cupy_copy__complex64_complex64
2655368387,4159,26688,103,1,1,128,1,1,16,0.000,0.000,,,,,NVIDIA A100-SXM4-40GB MIG 4g.20gb (0),1,,13,cupy_copy__complex64_complex64
2655419810,3744,26695,35,1,1,128,1,1,16,0.000,0.000,,,,,NVIDIA A100-SXM4-40GB MIG 4g.20gb (0),1,,13,cupy_copy__complex64_complex64
2655469665,2176,26702,1,1,1,1,1,1,18,0.000,0.000,,,,,NVIDIA A100-SXM4-40GB MIG 4g.20gb (0),1,,13,cupy_copy__float32_float32
2655518945,170078,26713,1,1,1,32,32,1,30,0.000,0.000,,,,,NVIDIA A100-SXM4-40GB MIG 4g.20gb (0),1,,13,"void convert_kernel<__half2, float2>(tensor_layout_any, T1 *, tensor_layout_any, const T2 *)"
2655719551,12479,26716,,,,,,,,,,0.094,7508.235,Pinned,Device,NVIDIA A100-SXM4-40GB MIG 4g.20gb (0),1,,13,[CUDA memcpy Host-to-Device]
2655809117,9408,26717,,,,,,,,,,1.547,164393.758,Device,,NVIDIA A100-SXM4-40GB MIG 4g.20gb (0),1,,13,[CUDA memset]
2655824989,3008,26722,,,,,,,,,,0.031,10404.230,Pinned,Device,NVIDIA A100-SXM4-40GB MIG 4g.20gb (0),1,,13,[CUDA memcpy Host-to-Device]
2655830397,9408,26723,,,,,,,,,,0.197,20897.858,Pinned,Device,NVIDIA A100-SXM4-40GB MIG 4g.20gb (0),1,,13,[CUDA memcpy Host-to-Device]
2655914428,11712,26724,273,1,1,8,4,1,39,0.002,0.000,,,,,NVIDIA A100-SXM4-40GB MIG 4g.20gb (0),1,,13,"void channel_eq::eqMmseCoefCompLowMimoKernel<float, float, float, (unsigned int)4, (unsigned int)1, (unsigned int)4>(const channel_eq::_puschRxChEqStatDescr *, channel_eq::_puschRxChEqCoefCompDynDescr)"
2655967516,12000,26725,273,1,1,12,11,1,51,0.002,0.000,,,,,NVIDIA A100-SXM4-40GB MIG 4g.20gb (0),1,,13,"void channel_eq::eqMmseSoftDemapKernel<float, __half, __half, float, (unsigned int)4, (unsigned short)16383>(channel_eq::_puschRxChEqStatDescr *, channel_eq::_puschRxChEqSoftDemapDynDescr)"
2656020603,435835,26726,1,1,1,32,32,1,30,0.000,0.000,,,,,NVIDIA A100-SXM4-40GB MIG 4g.20gb (0),1,,13,"void convert_kernel<float2, __half2>(tensor_layout_any, T1 *, tensor_layout_any, const T2 *)"
2656511157,13472,26738,2253,1,1,128,1,1,16,0.000,0.000,,,,,NVIDIA A100-SXM4-40GB MIG 4g.20gb (0),1,,13,cupy_copy__float16_float16
2656567157,5888,26747,282,1,1,128,1,1,16,0.000,0.000,,,,,NVIDIA A100-SXM4-40GB MIG 4g.20gb (0),1,,13,cupy_copy__complex64_complex64
2656619732,3136,26756,26,1,1,128,1,1,16,0.000,0.000,,,,,NVIDIA A100-SXM4-40GB MIG 4g.20gb (0),1,,13,cupy_copy__float32_float32
2656672628,4479,26765,103,1,1,128,1,1,16,0.000,0.000,,,,,NVIDIA A100-SXM4-40GB MIG 4g.20gb (0),1,,13,cupy_copy__complex64_complex64
2656716467,18176,26775,1434,1,1,128,1,1,16,0.000,0.000,,,,,NVIDIA A100-SXM4-40GB MIG 4g.20gb (0),1,,13,cupy_copy__complex64_complex64
2656775538,120511,26780,1,1,1,32,32,1,30,0.000,0.000,,,,,NVIDIA A100-SXM4-40GB MIG 4g.20gb (0),1,,13,"void convert_kernel<__half2, float2>(tensor_layout_any, T1 *, tensor_layout_any, const T2 *)"
2656925425,5344,26783,,,,,,,,,,0.094,17532.864,Pinned,Device,NVIDIA A100-SXM4-40GB MIG 4g.20gb (0),1,,13,[CUDA memcpy Host-to-Device]
2656977328,633401,26784,,,,,,,,,,456.561,720453.952,Device,,NVIDIA A100-SXM4-40GB MIG 4g.20gb (0),1,,13,[CUDA memset]
2657619497,52159,26789,,,,,,,,,,1.235,23676.346,Pinned,Device,NVIDIA A100-SXM4-40GB MIG 4g.20gb (0),1,,13,[CUDA memcpy Host-to-Device]
2657676200,9376,26790,,,,,,,,,,0.197,20969.226,Pinned,Device,NVIDIA A100-SXM4-40GB MIG 4g.20gb (0),1,,13,[CUDA memcpy Host-to-Device]
2657789671,11520,26791,69,4,1,48,1,1,76,0.002,0.000,,,,,NVIDIA A100-SXM4-40GB MIG 4g.20gb (0),1,,13,"void ch_est::windowedChEstPreNoDftSOfdmKernel<float, __half, float, (unsigned int)2, (unsigned int)1, (unsigned short)4>(ch_est::puschRxChEstStatDescr_t *, ch_est::puschRxChEstDynDescr_t *)"
2657920805,10752,26792,137,2,1,24,2,1,44,0.001,0.001,,,,,NVIDIA A100-SXM4-40GB MIG 4g.20gb (0),1,,13,"void ch_est::chEstFilterNoDftSOfdmDispatchKernel<float, __half, float, (unsigned int)2>(ch_est::puschRxChEstStatDescr_t *, ch_est::puschRxChEstDynDescr_t *)"
2657973701,6784,26793,137,2,1,24,2,1,44,0.001,0.001,,,,,NVIDIA A100-SXM4-40GB MIG 4g.20gb (0),1,,13,"void ch_est::chEstFilterNoDftSOfdmDispatchKernel<float, __half, float, (unsigned int)2>(ch_est::puschRxChEstStatDescr_t *, ch_est::puschRxChEstDynDescr_t *)"
2658022660,6304,26804,103,1,1,128,1,1,16,0.000,0.000,,,,,NVIDIA A100-SXM4-40GB MIG 4g.20gb (0),1,,13,cupy_copy__complex64_complex64
2658072035,18688,26814,1434,1,1,128,1,1,16,0.000,0.000,,,,,NVIDIA A100-SXM4-40GB MIG 4g.20gb (0),1,,13,cupy_copy__complex64_complex64
2658127427,5120,26821,103,1,1,128,1,1,16,0.000,0.000,,,,,NVIDIA A100-SXM4-40GB MIG 4g.20gb (0),1,,13,cupy_copy__complex64_complex64
2658174946,137631,26828,1,1,1,32,32,1,30,0.000,0.000,,,,,NVIDIA A100-SXM4-40GB MIG 4g.20gb (0),1,,13,"void convert_kernel<__half2, float2>(tensor_layout_any, T1 *, tensor_layout_any, const T2 *)"
2658341184,5408,26831,,,,,,,,,,0.094,17325.421,Pinned,Device,NVIDIA A100-SXM4-40GB MIG 4g.20gb (0),1,,13,[CUDA memcpy Host-to-Device]
2658407104,56287,26832,,,,,,,,,,35.810,636199.039,Device,,NVIDIA A100-SXM4-40GB MIG 4g.20gb (0),1,,13,[CUDA memset]
2658471743,1824,26834,,,,,,,,,,0.000,43.860,Pinned,Device,NVIDIA A100-SXM4-40GB MIG 4g.20gb (0),1,,13,[CUDA memcpy Host-to-Device]
2658475999,9888,26835,,,,,,,,,,0.197,19883.360,Pinned,Device,NVIDIA A100-SXM4-40GB MIG 4g.20gb (0),1,,13,[CUDA memcpy Host-to-Device]
2658591293,16320,26836,273,1,1,48,1,1,40,0.000,0.001,,,,,NVIDIA A100-SXM4-40GB MIG 4g.20gb (0),1,,13,"void pusch_noise_intf_est::noiseIntfEstNoDftSOfdmKernel<float, __half, float, float, (unsigned int)2, (unsigned int)1, (unsigned char)4, (unsigned char)4>(pusch_noise_intf_est::puschRxNoiseIntfEstDynDescr)"
2658695868,4544,26847,35,1,1,128,1,1,16,0.000,0.000,,,,,NVIDIA A100-SXM4-40GB MIG 4g.20gb (0),1,,13,cupy_copy__complex64_complex64
2658752124,2624,26856,1,1,1,1,1,1,18,0.000,0.000,,,,,NVIDIA A100-SXM4-40GB MIG 4g.20gb (0),1,,13,cupy_copy__float32_float32
2658761404,1600,26862,,,,,,,,,,0.000,2.500,Device,Pageable,NVIDIA A100-SXM4-40GB MIG 4g.20gb (0),1,,7,[CUDA memcpy Device-to-Host]
2658898234,16352,26873,1434,1,1,128,1,1,16,0.000,0.000,,,,,NVIDIA A100-SXM4-40GB MIG 4g.20gb (0),1,,13,cupy_copy__complex64_complex64
2659007353,6272,26880,103,1,1,128,1,1,16,0.000,0.000,,,,,NVIDIA A100-SXM4-40GB MIG 4g.20gb (0),1,,13,cupy_copy__complex64_complex64
2659056088,3616,26887,35,1,1,128,1,1,16,0.000,0.000,,,,,NVIDIA A100-SXM4-40GB MIG 4g.20gb (0),1,,13,cupy_copy__complex64_complex64
2659103224,2496,26894,1,1,1,1,1,1,18,0.000,0.000,,,,,NVIDIA A100-SXM4-40GB MIG 4g.20gb (0),1,,13,cupy_copy__float32_float32
2659150583,135263,26905,1,1,1,32,32,1,30,0.000,0.000,,,,,NVIDIA A100-SXM4-40GB MIG 4g.20gb (0),1,,13,"void convert_kernel<__half2, float2>(tensor_layout_any, T1 *, tensor_layout_any, const T2 *)"
2659315797,6240,26908,,,,,,,,,,0.094,15015.346,Pinned,Device,NVIDIA A100-SXM4-40GB MIG 4g.20gb (0),1,,13,[CUDA memcpy Host-to-Device]
2659390100,9056,26909,,,,,,,,,,1.547,170784.409,Device,,NVIDIA A100-SXM4-40GB MIG 4g.20gb (0),1,,13,[CUDA memset]
2659406516,3008,26914,,,,,,,,,,0.031,10404.230,Pinned,Device,NVIDIA A100-SXM4-40GB MIG 4g.20gb (0),1,,13,[CUDA memcpy Host-to-Device]
2659412308,17152,26915,,,,,,,,,,0.197,11462.640,Pinned,Device,NVIDIA A100-SXM4-40GB MIG 4g.20gb (0),1,,13,[CUDA memcpy Host-to-Device]
2659491475,13472,26916,273,1,1,8,4,1,39,0.002,0.000,,,,,NVIDIA A100-SXM4-40GB MIG 4g.20gb (0),1,,13,"void channel_eq::eqMmseCoefCompLowMimoKernel<float, float, float, (unsigned int)4, (unsigned int)1, (unsigned int)4>(const channel_eq::_puschRxChEqStatDescr *, channel_eq::_puschRxChEqCoefCompDynDescr)"
2659546675,14143,26917,273,1,1,12,11,1,51,0.002,0.000,,,,,NVIDIA A100-SXM4-40GB MIG 4g.20gb (0),1,,13,"void channel_eq::eqMmseSoftDemapKernel<float, __half, __half, float, (unsigned int)4, (unsigned short)16383>(channel_eq::_puschRxChEqStatDescr *, channel_eq::_puschRxChEqSoftDemapDynDescr)"
2659596242,431963,26918,1,1,1,32,32,1,30,0.000,0.000,,,,,NVIDIA A100-SXM4-40GB MIG 4g.20gb (0),1,,13,"void convert_kernel<float2, __half2>(tensor_layout_any, T1 *, tensor_layout_any, const T2 *)"
2660089516,17504,26930,2253,1,1,128,1,1,16,0.000,0.000,,,,,NVIDIA A100-SXM4-40GB MIG 4g.20gb (0),1,,13,cupy_copy__float16_float16
2660195403,5472,26939,282,1,1,128,1,1,16,0.000,0.000,,,,,NVIDIA A100-SXM4-40GB MIG 4g.20gb (0),1,,13,cupy_copy__complex64_complex64
2660246538,5344,26948,26,1,1,128,1,1,16,0.000,0.000,,,,,NVIDIA A100-SXM4-40GB MIG 4g.20gb (0),1,,13,cupy_copy__float32_float32
2660297962,5664,26957,103,1,1,128,1,1,16,0.000,0.000,,,,,NVIDIA A100-SXM4-40GB MIG 4g.20gb (0),1,,13,cupy_copy__complex64_complex64
2660348745,23968,26967,1434,1,1,128,1,1,16,0.000,0.000,,,,,NVIDIA A100-SXM4-40GB MIG 4g.20gb (0),1,,13,cupy_copy__complex64_complex64
2660410633,126206,26972,1,1,1,32,32,1,30,0.000,0.000,,,,,NVIDIA A100-SXM4-40GB MIG 4g.20gb (0),1,,13,"void convert_kernel<__half2, float2>(tensor_layout_any, T1 *, tensor_layout_any, const T2 *)"
2660566695,5376,26975,,,,,,,,,,0.094,17428.487,Pinned,Device,NVIDIA A100-SXM4-40GB MIG 4g.20gb (0),1,,13,[CUDA memcpy Host-to-Device]
2660602822,631289,26976,,,,,,,,,,456.561,723193.321,Device,,NVIDIA A100-SXM4-40GB MIG 4g.20gb (0),1,,13,[CUDA memset]
2661243391,52831,26981,,,,,,,,,,1.235,23375.020,Pinned,Device,NVIDIA A100-SXM4-40GB MIG 4g.20gb (0),1,,13,[CUDA memcpy Host-to-Device]
2661298718,10016,26982,,,,,,,,,,0.197,19629.343,Pinned,Device,NVIDIA A100-SXM4-40GB MIG 4g.20gb (0),1,,13,[CUDA memcpy Host-to-Device]
2661376061,14368,26983,69,4,1,48,1,1,76,0.002,0.000,,,,,NVIDIA A100-SXM4-40GB MIG 4g.20gb (0),1,,13,"void ch_est::windowedChEstPreNoDftSOfdmKernel<float, __half, float, (unsigned int)2, (unsigned int)1, (unsigned short)4>(ch_est::puschRxChEstStatDescr_t *, ch_est::puschRxChEstDynDescr_t *)"
2661437085,8224,26984,137,2,1,24,2,1,44,0.001,0.001,,,,,NVIDIA A100-SXM4-40GB MIG 4g.20gb (0),1,,13,"void ch_est::chEstFilterNoDftSOfdmDispatchKernel<float, __half, float, (unsigned int)2>(ch_est::puschRxChEstStatDescr_t *, ch_est::puschRxChEstDynDescr_t *)"
2661485084,9728,26985,137,2,1,24,2,1,44,0.001,0.001,,,,,NVIDIA A100-SXM4-40GB MIG 4g.20gb (0),1,,13,"void ch_est::chEstFilterNoDftSOfdmDispatchKernel<float, __half, float, (unsigned int)2>(ch_est::puschRxChEstStatDescr_t *, ch_est::puschRxChEstDynDescr_t *)"
2661541500,3840,26996,103,1,1,128,1,1,16,0.000,0.000,,,,,NVIDIA A100-SXM4-40GB MIG 4g.20gb (0),1,,13,cupy_copy__complex64_complex64
2661590523,15328,27006,1434,1,1,128,1,1,16,0.000,0.000,,,,,NVIDIA A100-SXM4-40GB MIG 4g.20gb (0),1,,13,cupy_copy__complex64_complex64
2661651610,4032,27013,103,1,1,128,1,1,16,0.000,0.000,,,,,NVIDIA A100-SXM4-40GB MIG 4g.20gb (0),1,,13,cupy_copy__complex64_complex64
2661699418,142494,27020,1,1,1,32,32,1,30,0.000,0.000,,,,,NVIDIA A100-SXM4-40GB MIG 4g.20gb (0),1,,13,"void convert_kernel<__half2, float2>(tensor_layout_any, T1 *, tensor_layout_any, const T2 *)"
2661870424,8320,27023,,,,,,,,,,0.094,11261.510,Pinned,Device,NVIDIA A100-SXM4-40GB MIG 4g.20gb (0),1,,13,[CUDA memcpy Host-to-Device]
2661890680,58047,27024,,,,,,,,,,35.810,616897.492,Device,,NVIDIA A100-SXM4-40GB MIG 4g.20gb (0),1,,13,[CUDA memset]
2661952887,7072,27026,,,,,,,,,,0.000,11.312,Pinned,Device,NVIDIA A100-SXM4-40GB MIG 4g.20gb (0),1,,13,[CUDA memcpy Host-to-Device]
2661962391,10048,27027,,,,,,,,,,0.197,19566.821,Pinned,Device,NVIDIA A100-SXM4-40GB MIG 4g.20gb (0),1,,13,[CUDA memcpy Host-to-Device]
2662080501,16096,27028,273,1,1,48,1,1,40,0.000,0.001,,,,,NVIDIA A100-SXM4-40GB MIG 4g.20gb (0),1,,13,"void pusch_noise_intf_est::noiseIntfEstNoDftSOfdmKernel<float, __half, float, float, (unsigned int)2, (unsigned int)1, (unsigned char)4, (unsigned char)4>(pusch_noise_intf_est::puschRxNoiseIntfEstDynDescr)"
2662182516,6976,27039,35,1,1,128,1,1,16,0.000,0.000,,,,,NVIDIA A100-SXM4-40GB MIG 4g.20gb (0),1,,13,cupy_copy__complex64_complex64
2662230548,2656,27048,1,1,1,1,1,1,18,0.000,0.000,,,,,NVIDIA A100-SXM4-40GB MIG 4g.20gb (0),1,,13,cupy_copy__float32_float32
2662238900,1600,27054,,,,,,,,,,0.000,2.500,Device,Pageable,NVIDIA A100-SXM4-40GB MIG 4g.20gb (0),1,,7,[CUDA memcpy Device-to-Host]
2662373266,15808,27065,1434,1,1,128,1,1,16,0.000,0.000,,,,,NVIDIA A100-SXM4-40GB MIG 4g.20gb (0),1,,13,cupy_copy__complex64_complex64
2662430609,3392,27072,103,1,1,128,1,1,16,0.000,0.000,,,,,NVIDIA A100-SXM4-40GB MIG 4g.20gb (0),1,,13,cupy_copy__complex64_complex64
2662480561,3584,27079,35,1,1,128,1,1,16,0.000,0.000,,,,,NVIDIA A100-SXM4-40GB MIG 4g.20gb (0),1,,13,cupy_copy__complex64_complex64
2662531024,2496,27086,1,1,1,1,1,1,18,0.000,0.000,,,,,NVIDIA A100-SXM4-40GB MIG 4g.20gb (0),1,,13,cupy_copy__float32_float32
2662579024,155838,27097,1,1,1,32,32,1,30,0.000,0.000,,,,,NVIDIA A100-SXM4-40GB MIG 4g.20gb (0),1,,13,"void convert_kernel<__half2, float2>(tensor_layout_any, T1 *, tensor_layout_any, const T2 *)"
2662763278,5407,27100,,,,,,,,,,0.094,17328.607,Pinned,Device,NVIDIA A100-SXM4-40GB MIG 4g.20gb (0),1,,13,[CUDA memcpy Host-to-Device]
2662785133,9696,27101,,,,,,,,,,1.547,159511.066,Device,,NVIDIA A100-SXM4-40GB MIG 4g.20gb (0),1,,13,[CUDA memset]
2662795821,3168,27106,,,,,,,,,,0.031,9878.770,Pinned,Device,NVIDIA A100-SXM4-40GB MIG 4g.20gb (0),1,,13,[CUDA memcpy Host-to-Device]
2662802733,9344,27107,,,,,,,,,,0.197,21040.988,Pinned,Device,NVIDIA A100-SXM4-40GB MIG 4g.20gb (0),1,,13,[CUDA memcpy Host-to-Device]
2662890412,11040,27108,273,1,1,8,4,1,39,0.002,0.000,,,,,NVIDIA A100-SXM4-40GB MIG 4g.20gb (0),1,,13,"void channel_eq::eqMmseCoefCompLowMimoKernel<float, float, float, (unsigned int)4, (unsigned int)1, (unsigned int)4>(const channel_eq::_puschRxChEqStatDescr *, channel_eq::_puschRxChEqCoefCompDynDescr)"
2662943787,19360,27109,273,1,1,12,11,1,51,0.002,0.000,,,,,NVIDIA A100-SXM4-40GB MIG 4g.20gb (0),1,,13,"void channel_eq::eqMmseSoftDemapKernel<float, __half, __half, float, (unsigned int)4, (unsigned short)16383>(channel_eq::_puschRxChEqStatDescr *, channel_eq::_puschRxChEqSoftDemapDynDescr)"
2662992203,435931,27110,1,1,1,32,32,1,30,0.000,0.000,,,,,NVIDIA A100-SXM4-40GB MIG 4g.20gb (0),1,,13,"void convert_kernel<float2, __half2>(tensor_layout_any, T1 *, tensor_layout_any, const T2 *)"
2663429830,12032,27122,2253,1,1,128,1,1,16,0.000,0.000,,,,,NVIDIA A100-SXM4-40GB MIG 4g.20gb (0),1,,13,cupy_copy__float16_float16
2663443174,3040,27131,282,1,1,128,1,1,16,0.000,0.000,,,,,NVIDIA A100-SXM4-40GB MIG 4g.20gb (0),1,,13,cupy_copy__complex64_complex64
2663488357,2496,27140,26,1,1,128,1,1,16,0.000,0.000,,,,,NVIDIA A100-SXM4-40GB MIG 4g.20gb (0),1,,13,cupy_copy__float32_float32
2663493285,4992,27149,103,1,1,128,1,1,16,0.000,0.000,,,,,NVIDIA A100-SXM4-40GB MIG 4g.20gb (0),1,,13,cupy_copy__complex64_complex64
2663499909,14784,27159,1434,1,1,128,1,1,16,0.000,0.000,,,,,NVIDIA A100-SXM4-40GB MIG 4g.20gb (0),1,,13,cupy_copy__complex64_complex64
2663516485,81727,27164,1,1,1,32,32,1,30,0.000,0.000,,,,,NVIDIA A100-SXM4-40GB MIG 4g.20gb (0),1,,13,"void convert_kernel<__half2, float2>(tensor_layout_any, T1 *, tensor_layout_any, const T2 *)"
2663626756,5376,27167,,,,,,,,,,0.094,17428.487,Pinned,Device,NVIDIA A100-SXM4-40GB MIG 4g.20gb (0),1,,13,[CUDA memcpy Host-to-Device]
2663676579,631033,27168,,,,,,,,,,456.561,723193.321,Device,,NVIDIA A100-SXM4-40GB MIG 4g.20gb (0),1,,13,[CUDA memset]
2664309052,50527,27173,,,,,,,,,,1.235,24440.777,Pinned,Device,NVIDIA A100-SXM4-40GB MIG 4g.20gb (0),1,,13,[CUDA memcpy Host-to-Device]
2664361979,9600,27174,,,,,,,,,,0.197,20479.869,Pinned,Device,NVIDIA A100-SXM4-40GB MIG 4g.20gb (0),1,,13,[CUDA memcpy Host-to-Device]
2664400891,11200,27175,69,4,1,48,1,1,76,0.002,0.000,,,,,NVIDIA A100-SXM4-40GB MIG 4g.20gb (0),1,,13,"void ch_est::windowedChEstPreNoDftSOfdmKernel<float, __half, float, (unsigned int)2, (unsigned int)1, (unsigned short)4>(ch_est::puschRxChEstStatDescr_t *, ch_est::puschRxChEstDynDescr_t *)"
2664413595,7039,27176,137,2,1,24,2,1,44,0.001,0.001,,,,,NVIDIA A100-SXM4-40GB MIG 4g.20gb (0),1,,13,"void ch_est::chEstFilterNoDftSOfdmDispatchKernel<float, __half, float, (unsigned int)2>(ch_est::puschRxChEstStatDescr_t *, ch_est::puschRxChEstDynDescr_t *)"
2664422586,5120,27177,137,2,1,24,2,1,44,0.001,0.001,,,,,NVIDIA A100-SXM4-40GB MIG 4g.20gb (0),1,,13,"void ch_est::chEstFilterNoDftSOfdmDispatchKernel<float, __half, float, (unsigned int)2>(ch_est::puschRxChEstStatDescr_t *, ch_est::puschRxChEstDynDescr_t *)"
2664429818,2528,27188,103,1,1,128,1,1,16,0.000,0.000,,,,,NVIDIA A100-SXM4-40GB MIG 4g.20gb (0),1,,13,cupy_copy__complex64_complex64
2664434170,13728,27198,1434,1,1,128,1,1,16,0.000,0.000,,,,,NVIDIA A100-SXM4-40GB MIG 4g.20gb (0),1,,13,cupy_copy__complex64_complex64
2664503386,2880,27205,103,1,1,128,1,1,16,0.000,0.000,,,,,NVIDIA A100-SXM4-40GB MIG 4g.20gb (0),1,,13,cupy_copy__complex64_complex64
2664509593,92255,27212,1,1,1,32,32,1,30,0.000,0.000,,,,,NVIDIA A100-SXM4-40GB MIG 4g.20gb (0),1,,13,"void convert_kernel<__half2, float2>(tensor_layout_any, T1 *, tensor_layout_any, const T2 *)"
2664630360,5440,27215,,,,,,,,,,0.094,17223.480,Pinned,Device,NVIDIA A100-SXM4-40GB MIG 4g.20gb (0),1,,13,[CUDA memcpy Host-to-Device]
2664642552,55487,27216,,,,,,,,,,35.810,645366.378,Device,,NVIDIA A100-SXM4-40GB MIG 4g.20gb (0),1,,13,[CUDA memset]
2664705687,1952,27218,,,,,,,,,,0.000,40.984,Pinned,Device,NVIDIA A100-SXM4-40GB MIG 4g.20gb (0),1,,13,[CUDA memcpy Host-to-Device]
2664710903,11936,27219,,,,,,,,,,0.197,16471.818,Pinned,Device,NVIDIA A100-SXM4-40GB MIG 4g.20gb (0),1,,13,[CUDA memcpy Host-to-Device]
2664787990,12544,27220,273,1,1,48,1,1,40,0.000,0.001,,,,,NVIDIA A100-SXM4-40GB MIG 4g.20gb (0),1,,13,"void pusch_noise_intf_est::noiseIntfEstNoDftSOfdmKernel<float, __half, float, float, (unsigned int)2, (unsigned int)1, (unsigned char)4, (unsigned char)4>(pusch_noise_intf_est::puschRxNoiseIntfEstDynDescr)"
2664802390,7424,27231,35,1,1,128,1,1,16,0.000,0.000,,,,,NVIDIA A100-SXM4-40GB MIG 4g.20gb (0),1,,13,cupy_copy__complex64_complex64
2664811350,1888,27240,1,1,1,1,1,1,18,0.000,0.000,,,,,NVIDIA A100-SXM4-40GB MIG 4g.20gb (0),1,,13,cupy_copy__float32_float32
2664813878,2208,27246,,,,,,,,,,0.000,1.812,Device,Pageable,NVIDIA A100-SXM4-40GB MIG 4g.20gb (0),1,,7,[CUDA memcpy Device-to-Host]
2664892117,23808,27257,1434,1,1,128,1,1,16,0.000,0.000,,,,,NVIDIA A100-SXM4-40GB MIG 4g.20gb (0),1,,13,cupy_copy__complex64_complex64
2664917205,4224,27264,103,1,1,128,1,1,16,0.000,0.000,,,,,NVIDIA A100-SXM4-40GB MIG 4g.20gb (0),1,,13,cupy_copy__complex64_complex64
2664924213,3168,27271,35,1,1,128,1,1,16,0.000,0.000,,,,,NVIDIA A100-SXM4-40GB MIG 4g.20gb (0),1,,13,cupy_copy__complex64_complex64
2664941396,1920,27278,1,1,1,1,1,1,18,0.000,0.000,,,,,NVIDIA A100-SXM4-40GB MIG 4g.20gb (0),1,,13,cupy_copy__float32_float32
2665165458,255965,27289,1,1,1,32,32,1,30,0.000,0.000,,,,,NVIDIA A100-SXM4-40GB MIG 4g.20gb (0),1,,13,"void convert_kernel<__half2, float2>(tensor_layout_any, T1 *, tensor_layout_any, const T2 *)"
2665449807,5376,27292,,,,,,,,,,0.094,17428.487,Pinned,Device,NVIDIA A100-SXM4-40GB MIG 4g.20gb (0),1,,13,[CUDA memcpy Host-to-Device]
2665626605,4704,27293,,,,,,,,,,1.547,328789.063,Device,,NVIDIA A100-SXM4-40GB MIG 4g.20gb (0),1,,13,[CUDA memset]
2665632589,3744,27298,,,,,,,,,,0.031,8358.974,Pinned,Device,NVIDIA A100-SXM4-40GB MIG 4g.20gb (0),1,,13,[CUDA memcpy Host-to-Device]
2665639884,9984,27299,,,,,,,,,,0.197,19692.257,Pinned,Device,NVIDIA A100-SXM4-40GB MIG 4g.20gb (0),1,,13,[CUDA memcpy Host-to-Device]
2665703564,13280,27300,273,1,1,8,4,1,39,0.002,0.000,,,,,NVIDIA A100-SXM4-40GB MIG 4g.20gb (0),1,,13,"void channel_eq::eqMmseCoefCompLowMimoKernel<float, float, float, (unsigned int)4, (unsigned int)1, (unsigned int)4>(const channel_eq::_puschRxChEqStatDescr *, channel_eq::_puschRxChEqCoefCompDynDescr)"
2665849098,9920,27301,273,1,1,12,11,1,51,0.002,0.000,,,,,NVIDIA A100-SXM4-40GB MIG 4g.20gb (0),1,,13,"void channel_eq::eqMmseSoftDemapKernel<float, __half, __half, float, (unsigned int)4, (unsigned short)16383>(channel_eq::_puschRxChEqStatDescr *, channel_eq::_puschRxChEqSoftDemapDynDescr)"
2666077927,681017,27302,1,1,1,32,32,1,30,0.000,0.000,,,,,NVIDIA A100-SXM4-40GB MIG 4g.20gb (0),1,,13,"void convert_kernel<float2, __half2>(tensor_layout_any, T1 *, tensor_layout_any, const T2 *)"
2666917374,13216,27314,2253,1,1,128,1,1,16,0.000,0.000,,,,,NVIDIA A100-SXM4-40GB MIG 4g.20gb (0),1,,13,cupy_copy__float16_float16
2667151899,4896,27323,282,1,1,128,1,1,16,0.000,0.000,,,,,NVIDIA A100-SXM4-40GB MIG 4g.20gb (0),1,,13,cupy_copy__complex64_complex64
2667221690,4256,27332,26,1,1,128,1,1,16,0.000,0.000,,,,,NVIDIA A100-SXM4-40GB MIG 4g.20gb (0),1,,13,cupy_copy__float32_float32
2667367097,5760,27341,103,1,1,128,1,1,16,0.000,0.000,,,,,NVIDIA A100-SXM4-40GB MIG 4g.20gb (0),1,,13,cupy_copy__complex64_complex64
2667426520,24288,27351,1434,1,1,128,1,1,16,0.000,0.000,,,,,NVIDIA A100-SXM4-40GB MIG 4g.20gb (0),1,,13,cupy_copy__complex64_complex64
2667453048,104062,27356,1,1,1,32,32,1,30,0.000,0.000,,,,,NVIDIA A100-SXM4-40GB MIG 4g.20gb (0),1,,13,"void convert_kernel<__half2, float2>(tensor_layout_any, T1 *, tensor_layout_any, const T2 *)"
2667588918,5504,27359,,,,,,,,,,0.094,17023.251,Pinned,Device,NVIDIA A100-SXM4-40GB MIG 4g.20gb (0),1,,13,[CUDA memcpy Host-to-Device]
2667627510,632952,27360,,,,,,,,,,456.561,720910.514,Device,,NVIDIA A100-SXM4-40GB MIG 4g.20gb (0),1,,13,[CUDA memset]
2668266478,51808,27365,,,,,,,,,,1.235,23836.889,Pinned,Device,NVIDIA A100-SXM4-40GB MIG 4g.20gb (0),1,,13,[CUDA memcpy Host-to-Device]
2668322190,9376,27366,,,,,,,,,,0.197,20969.226,Pinned,Device,NVIDIA A100-SXM4-40GB MIG 4g.20gb (0),1,,13,[CUDA memcpy Host-to-Device]
2668355757,10272,27367,69,4,1,48,1,1,76,0.002,0.000,,,,,NVIDIA A100-SXM4-40GB MIG 4g.20gb (0),1,,13,"void ch_est::windowedChEstPreNoDftSOfdmKernel<float, __half, float, (unsigned int)2, (unsigned int)1, (unsigned short)4>(ch_est::puschRxChEstStatDescr_t *, ch_est::puschRxChEstDynDescr_t *)"
2668367725,6496,27368,137,2,1,24,2,1,44,0.001,0.001,,,,,NVIDIA A100-SXM4-40GB MIG 4g.20gb (0),1,,13,"void ch_est::chEstFilterNoDftSOfdmDispatchKernel<float, __half, float, (unsigned int)2>(ch_est::puschRxChEstStatDescr_t *, ch_est::puschRxChEstDynDescr_t *)"
2668375981,5056,27369,137,2,1,24,2,1,44,0.001,0.001,,,,,NVIDIA A100-SXM4-40GB MIG 4g.20gb (0),1,,13,"void ch_est::chEstFilterNoDftSOfdmDispatchKernel<float, __half, float, (unsigned int)2>(ch_est::puschRxChEstStatDescr_t *, ch_est::puschRxChEstDynDescr_t *)"
2668383245,2624,27380,103,1,1,128,1,1,16,0.000,0.000,,,,,NVIDIA A100-SXM4-40GB MIG 4g.20gb (0),1,,13,cupy_copy__complex64_complex64
2668387309,13792,27390,1434,1,1,128,1,1,16,0.000,0.000,,,,,NVIDIA A100-SXM4-40GB MIG 4g.20gb (0),1,,13,cupy_copy__complex64_complex64
2668403085,2464,27397,103,1,1,128,1,1,16,0.000,0.000,,,,,NVIDIA A100-SXM4-40GB MIG 4g.20gb (0),1,,13,cupy_copy__complex64_complex64
2668459724,119455,27404,1,1,1,32,32,1,30,0.000,0.000,,,,,NVIDIA A100-SXM4-40GB MIG 4g.20gb (0),1,,13,"void convert_kernel<__half2, float2>(tensor_layout_any, T1 *, tensor_layout_any, const T2 *)"
2668607370,5920,27407,,,,,,,,,,0.094,15826.941,Pinned,Device,NVIDIA A100-SXM4-40GB MIG 4g.20gb (0),1,,13,[CUDA memcpy Host-to-Device]
2668655658,57343,27408,,,,,,,,,,35.810,624453.385,Device,,NVIDIA A100-SXM4-40GB MIG 4g.20gb (0),1,,13,[CUDA memset]
2668717225,1792,27410,,,,,,,,,,0.000,44.643,Pinned,Device,NVIDIA A100-SXM4-40GB MIG 4g.20gb (0),1,,13,[CUDA memcpy Host-to-Device]
2668721481,9504,27411,,,,,,,,,,0.197,20686.701,Pinned,Device,NVIDIA A100-SXM4-40GB MIG 4g.20gb (0),1,,13,[CUDA memcpy Host-to-Device]
2668735401,15648,27412,273,1,1,48,1,1,40,0.000,0.001,,,,,NVIDIA A100-SXM4-40GB MIG 4g.20gb (0),1,,13,"void pusch_noise_intf_est::noiseIntfEstNoDftSOfdmKernel<float, __half, float, float, (unsigned int)2, (unsigned int)1, (unsigned char)4, (unsigned char)4>(pusch_noise_intf_est::puschRxNoiseIntfEstDynDescr)"
2668791688,2720,27423,35,1,1,128,1,1,16,0.000,0.000,,,,,NVIDIA A100-SXM4-40GB MIG 4g.20gb (0),1,,13,cupy_copy__complex64_complex64
2668796072,1984,27432,1,1,1,1,1,1,18,0.000,0.000,,,,,NVIDIA A100-SXM4-40GB MIG 4g.20gb (0),1,,13,cupy_copy__float32_float32
2668800584,1600,27438,,,,,,,,,,0.000,2.500,Device,Pageable,NVIDIA A100-SXM4-40GB MIG 4g.20gb (0),1,,7,[CUDA memcpy Device-to-Host]
2668890855,28224,27449,1434,1,1,128,1,1,16,0.000,0.000,,,,,NVIDIA A100-SXM4-40GB MIG 4g.20gb (0),1,,13,cupy_copy__complex64_complex64
2668920807,2976,27456,103,1,1,128,1,1,16,0.000,0.000,,,,,NVIDIA A100-SXM4-40GB MIG 4g.20gb (0),1,,13,cupy_copy__complex64_complex64
2668925799,2496,27463,35,1,1,128,1,1,16,0.000,0.000,,,,,NVIDIA A100-SXM4-40GB MIG 4g.20gb (0),1,,13,cupy_copy__complex64_complex64
2668984006,2496,27470,1,1,1,1,1,1,18,0.000,0.000,,,,,NVIDIA A100-SXM4-40GB MIG 4g.20gb (0),1,,13,cupy_copy__float32_float32
2669257059,244989,27481,1,1,1,32,32,1,30,0.000,0.000,,,,,NVIDIA A100-SXM4-40GB MIG 4g.20gb (0),1,,13,"void convert_kernel<__half2, float2>(tensor_layout_any, T1 *, tensor_layout_any, const T2 *)"
2669532256,5376,27484,,,,,,,,,,0.094,17428.487,Pinned,Device,NVIDIA A100-SXM4-40GB MIG 4g.20gb (0),1,,13,[CUDA memcpy Host-to-Device]
2669684990,7648,27485,,,,,,,,,,1.547,202225.728,Device,,NVIDIA A100-SXM4-40GB MIG 4g.20gb (0),1,,13,[CUDA memset]
2669695102,3040,27490,,,,,,,,,,0.031,10294.725,Pinned,Device,NVIDIA A100-SXM4-40GB MIG 4g.20gb (0),1,,13,[CUDA memcpy Host-to-Device]
2669701118,10464,27491,,,,,,,,,,0.197,18788.844,Pinned,Device,NVIDIA A100-SXM4-40GB MIG 4g.20gb (0),1,,13,[CUDA memcpy Host-to-Device]
2669802941,10975,27492,273,1,1,8,4,1,39,0.002,0.000,,,,,NVIDIA A100-SXM4-40GB MIG 4g.20gb (0),1,,13,"void channel_eq::eqMmseCoefCompLowMimoKernel<float, float, float, (unsigned int)4, (unsigned int)1, (unsigned int)4>(const channel_eq::_puschRxChEqStatDescr *, channel_eq::_puschRxChEqCoefCompDynDescr)"
2670018330,9408,27493,273,1,1,12,11,1,51,0.002,0.000,,,,,NVIDIA A100-SXM4-40GB MIG 4g.20gb (0),1,,13,"void channel_eq::eqMmseSoftDemapKernel<float, __half, __half, float, (unsigned int)4, (unsigned short)16383>(channel_eq::_puschRxChEqStatDescr *, channel_eq::_puschRxChEqSoftDemapDynDescr)"
2670229432,744215,27494,1,1,1,32,32,1,30,0.000,0.000,,,,,NVIDIA A100-SXM4-40GB MIG 4g.20gb (0),1,,13,"void convert_kernel<float2, __half2>(tensor_layout_any, T1 *, tensor_layout_any, const T2 *)"
2671063566,14368,27506,2253,1,1,128,1,1,16,0.000,0.000,,,,,NVIDIA A100-SXM4-40GB MIG 4g.20gb (0),1,,13,cupy_copy__float16_float16
2671079310,4224,27515,282,1,1,128,1,1,16,0.000,0.000,,,,,NVIDIA A100-SXM4-40GB MIG 4g.20gb (0),1,,13,cupy_copy__complex64_complex64
2671085966,12192,27524,26,1,1,128,1,1,16,0.000,0.000,,,,,NVIDIA A100-SXM4-40GB MIG 4g.20gb (0),1,,13,cupy_copy__float32_float32
2671115246,3359,27533,103,1,1,128,1,1,16,0.000,0.000,,,,,NVIDIA A100-SXM4-40GB MIG 4g.20gb (0),1,,13,cupy_copy__complex64_complex64
2671120749,12928,27543,1434,1,1,128,1,1,16,0.000,0.000,,,,,NVIDIA A100-SXM4-40GB MIG 4g.20gb (0),1,,13,cupy_copy__complex64_complex64
2671180557,116062,27548,1,1,1,32,32,1,30,0.000,0.000,,,,,NVIDIA A100-SXM4-40GB MIG 4g.20gb (0),1,,13,"void convert_kernel<__half2, float2>(tensor_layout_any, T1 *, tensor_layout_any, const T2 *)"
2671327083,5472,27551,,,,,,,,,,0.094,17122.757,Pinned,Device,NVIDIA A100-SXM4-40GB MIG 4g.20gb (0),1,,13,[CUDA memcpy Host-to-Device]
2671359819,633496,27552,,,,,,,,,,456.561,720453.952,Device,,NVIDIA A100-SXM4-40GB MIG 4g.20gb (0),1,,13,[CUDA memset]
2671997923,49696,27557,,,,,,,,,,1.235,24849.543,Pinned,Device,NVIDIA A100-SXM4-40GB MIG 4g.20gb (0),1,,13,[CUDA memcpy Host-to-Device]
2672051107,9568,27558,,,,,,,,,,0.197,20548.485,Pinned,Device,NVIDIA A100-SXM4-40GB MIG 4g.20gb (0),1,,13,[CUDA memcpy Host-to-Device]
2672082626,10528,27559,69,4,1,48,1,1,76,0.002,0.000,,,,,NVIDIA A100-SXM4-40GB MIG 4g.20gb (0),1,,13,"void ch_est::windowedChEstPreNoDftSOfdmKernel<float, __half, float, (unsigned int)2, (unsigned int)1, (unsigned short)4>(ch_est::puschRxChEstStatDescr_t *, ch_est::puschRxChEstDynDescr_t *)"
2672095458,6848,27560,137,2,1,24,2,1,44,0.001,0.001,,,,,NVIDIA A100-SXM4-40GB MIG 4g.20gb (0),1,,13,"void ch_est::chEstFilterNoDftSOfdmDispatchKernel<float, __half, float, (unsigned int)2>(ch_est::puschRxChEstStatDescr_t *, ch_est::puschRxChEstDynDescr_t *)"
2672104066,4960,27561,137,2,1,24,2,1,44,0.001,0.001,,,,,NVIDIA A100-SXM4-40GB MIG 4g.20gb (0),1,,13,"void ch_est::chEstFilterNoDftSOfdmDispatchKernel<float, __half, float, (unsigned int)2>(ch_est::puschRxChEstStatDescr_t *, ch_est::puschRxChEstDynDescr_t *)"
2672110882,2592,27572,103,1,1,128,1,1,16,0.000,0.000,,,,,NVIDIA A100-SXM4-40GB MIG 4g.20gb (0),1,,13,cupy_copy__complex64_complex64
2672114914,13952,27582,1434,1,1,128,1,1,16,0.000,0.000,,,,,NVIDIA A100-SXM4-40GB MIG 4g.20gb (0),1,,13,cupy_copy__complex64_complex64
2672130402,2240,27589,103,1,1,128,1,1,16,0.000,0.000,,,,,NVIDIA A100-SXM4-40GB MIG 4g.20gb (0),1,,13,cupy_copy__complex64_complex64
2672180961,87359,27596,1,1,1,32,32,1,30,0.000,0.000,,,,,NVIDIA A100-SXM4-40GB MIG 4g.20gb (0),1,,13,"void convert_kernel<__half2, float2>(tensor_layout_any, T1 *, tensor_layout_any, const T2 *)"
2672296576,5408,27599,,,,,,,,,,0.094,17325.421,Pinned,Device,NVIDIA A100-SXM4-40GB MIG 4g.20gb (0),1,,13,[CUDA memcpy Host-to-Device]
2672309728,56831,27600,,,,,,,,,,35.810,630111.352,Device,,NVIDIA A100-SXM4-40GB MIG 4g.20gb (0),1,,13,[CUDA memset]
2672367903,2592,27602,,,,,,,,,,0.000,30.864,Pinned,Device,NVIDIA A100-SXM4-40GB MIG 4g.20gb (0),1,,13,[CUDA memcpy Host-to-Device]
2672375039,11360,27603,,,,,,,,,,0.197,17307.009,Pinned,Device,NVIDIA A100-SXM4-40GB MIG 4g.20gb (0),1,,13,[CUDA memcpy Host-to-Device]
2672449822,9984,27604,273,1,1,48,1,1,40,0.000,0.001,,,,,NVIDIA A100-SXM4-40GB MIG 4g.20gb (0),1,,13,"void pusch_noise_intf_est::noiseIntfEstNoDftSOfdmKernel<float, __half, float, float, (unsigned int)2, (unsigned int)1, (unsigned char)4, (unsigned char)4>(pusch_noise_intf_est::puschRxNoiseIntfEstDynDescr)"
2672462110,4320,27615,35,1,1,128,1,1,16,0.000,0.000,,,,,NVIDIA A100-SXM4-40GB MIG 4g.20gb (0),1,,13,cupy_copy__complex64_complex64
2672467902,1792,27624,1,1,1,1,1,1,18,0.000,0.000,,,,,NVIDIA A100-SXM4-40GB MIG 4g.20gb (0),1,,13,cupy_copy__float32_float32
2672472798,1632,27630,,,,,,,,,,0.000,2.451,Device,Pageable,NVIDIA A100-SXM4-40GB MIG 4g.20gb (0),1,,7,[CUDA memcpy Device-to-Host]
2672557501,26912,27641,1434,1,1,128,1,1,16,0.000,0.000,,,,,NVIDIA A100-SXM4-40GB MIG 4g.20gb (0),1,,13,cupy_copy__complex64_complex64
2672586141,3040,27648,103,1,1,128,1,1,16,0.000,0.000,,,,,NVIDIA A100-SXM4-40GB MIG 4g.20gb (0),1,,13,cupy_copy__complex64_complex64
2672590461,2208,27655,35,1,1,128,1,1,16,0.000,0.000,,,,,NVIDIA A100-SXM4-40GB MIG 4g.20gb (0),1,,13,cupy_copy__complex64_complex64
2672644380,2688,27662,1,1,1,1,1,1,18,0.000,0.000,,,,,NVIDIA A100-SXM4-40GB MIG 4g.20gb (0),1,,13,cupy_copy__float32_float32
2672757819,116350,27673,1,1,1,32,32,1,30,0.000,0.000,,,,,NVIDIA A100-SXM4-40GB MIG 4g.20gb (0),1,,13,"void convert_kernel<__half2, float2>(tensor_layout_any, T1 *, tensor_layout_any, const T2 *)"
2672903161,5728,27676,,,,,,,,,,0.094,16357.541,Pinned,Device,NVIDIA A100-SXM4-40GB MIG 4g.20gb (0),1,,13,[CUDA memcpy Host-to-Device]
2672941113,22047,27677,,,,,,,,,,1.547,70150.225,Device,,NVIDIA A100-SXM4-40GB MIG 4g.20gb (0),1,,13,[CUDA memset]
2672968248,3168,27682,,,,,,,,,,0.031,9878.770,Pinned,Device,NVIDIA A100-SXM4-40GB MIG 4g.20gb (0),1,,13,[CUDA memcpy Host-to-Device]
2672974872,10464,27683,,,,,,,,,,0.197,18788.844,Pinned,Device,NVIDIA A100-SXM4-40GB MIG 4g.20gb (0),1,,13,[CUDA memcpy Host-to-Device]
2672990392,9760,27684,273,1,1,8,4,1,39,0.002,0.000,,,,,NVIDIA A100-SXM4-40GB MIG 4g.20gb (0),1,,13,"void channel_eq::eqMmseCoefCompLowMimoKernel<float, float, float, (unsigned int)4, (unsigned int)1, (unsigned int)4>(const channel_eq::_puschRxChEqStatDescr *, channel_eq::_puschRxChEqCoefCompDynDescr)"
2673044535,9600,27685,273,1,1,12,11,1,51,0.002,0.000,,,,,NVIDIA A100-SXM4-40GB MIG 4g.20gb (0),1,,13,"void channel_eq::eqMmseSoftDemapKernel<float, __half, __half, float, (unsigned int)4, (unsigned short)16383>(channel_eq::_puschRxChEqStatDescr *, channel_eq::_puschRxChEqSoftDemapDynDescr)"
2673059223,548538,27686,1,1,1,32,32,1,30,0.000,0.000,,,,,NVIDIA A100-SXM4-40GB MIG 4g.20gb (0),1,,13,"void convert_kernel<float2, __half2>(tensor_layout_any, T1 *, tensor_layout_any, const T2 *)"
2673663024,17312,27698,2253,1,1,128,1,1,16,0.000,0.000,,,,,NVIDIA A100-SXM4-40GB MIG 4g.20gb (0),1,,13,cupy_copy__float16_float16
2673696304,4608,27707,282,1,1,128,1,1,16,0.000,0.000,,,,,NVIDIA A100-SXM4-40GB MIG 4g.20gb (0),1,,13,cupy_copy__complex64_complex64
2673748559,2944,27716,26,1,1,128,1,1,16,0.000,0.000,,,,,NVIDIA A100-SXM4-40GB MIG 4g.20gb (0),1,,13,cupy_copy__float32_float32
2673770447,7328,27725,103,1,1,128,1,1,16,0.000,0.000,,,,,NVIDIA A100-SXM4-40GB MIG 4g.20gb (0),1,,13,cupy_copy__complex64_complex64
2673779983,15072,27735,1434,1,1,128,1,1,16,0.000,0.000,,,,,NVIDIA A100-SXM4-40GB MIG 4g.20gb (0),1,,13,cupy_copy__complex64_complex64
2673805871,139902,27740,1,1,1,32,32,1,30,0.000,0.000,,,,,NVIDIA A100-SXM4-40GB MIG 4g.20gb (0),1,,13,"void convert_kernel<__half2, float2>(tensor_layout_any, T1 *, tensor_layout_any, const T2 *)"
2673973133,5408,27743,,,,,,,,,,0.094,17325.421,Pinned,Device,NVIDIA A100-SXM4-40GB MIG 4g.20gb (0),1,,13,[CUDA memcpy Host-to-Device]
2673983341,622776,27744,,,,,,,,,,456.561,732781.111,Device,,NVIDIA A100-SXM4-40GB MIG 4g.20gb (0),1,,13,[CUDA memset]
2674608165,54624,27749,,,,,,,,,,1.235,22606.885,Pinned,Device,NVIDIA A100-SXM4-40GB MIG 4g.20gb (0),1,,13,[CUDA memcpy Host-to-Device]
2674665253,9376,27750,,,,,,,,,,0.197,20969.226,Pinned,Device,NVIDIA A100-SXM4-40GB MIG 4g.20gb (0),1,,13,[CUDA memcpy Host-to-Device]
2674743236,12928,27751,69,4,1,48,1,1,76,0.002,0.000,,,,,NVIDIA A100-SXM4-40GB MIG 4g.20gb (0),1,,13,"void ch_est::windowedChEstPreNoDftSOfdmKernel<float, __half, float, (unsigned int)2, (unsigned int)1, (unsigned short)4>(ch_est::puschRxChEstStatDescr_t *, ch_est::puschRxChEstDynDescr_t *)"
2674785123,10784,27752,137,2,1,24,2,1,44,0.001,0.001,,,,,NVIDIA A100-SXM4-40GB MIG 4g.20gb (0),1,,13,"void ch_est::chEstFilterNoDftSOfdmDispatchKernel<float, __half, float, (unsigned int)2>(ch_est::puschRxChEstStatDescr_t *, ch_est::puschRxChEstDynDescr_t *)"
2674847523,7136,27753,137,2,1,24,2,1,44,0.001,0.001,,,,,NVIDIA A100-SXM4-40GB MIG 4g.20gb (0),1,,13,"void ch_est::chEstFilterNoDftSOfdmDispatchKernel<float, __half, float, (unsigned int)2>(ch_est::puschRxChEstStatDescr_t *, ch_est::puschRxChEstDynDescr_t *)"
2674870818,4544,27764,103,1,1,128,1,1,16,0.000,0.000,,,,,NVIDIA A100-SXM4-40GB MIG 4g.20gb (0),1,,13,cupy_copy__complex64_complex64
2674877250,15872,27774,1434,1,1,128,1,1,16,0.000,0.000,,,,,NVIDIA A100-SXM4-40GB MIG 4g.20gb (0),1,,13,cupy_copy__complex64_complex64
2674902178,11008,27781,103,1,1,128,1,1,16,0.000,0.000,,,,,NVIDIA A100-SXM4-40GB MIG 4g.20gb (0),1,,13,cupy_copy__complex64_complex64
2674978817,155646,27788,1,1,1,32,32,1,30,0.000,0.000,,,,,NVIDIA A100-SXM4-40GB MIG 4g.20gb (0),1,,13,"void convert_kernel<__half2, float2>(tensor_layout_any, T1 *, tensor_layout_any, const T2 *)"
2675163583,5632,27791,,,,,,,,,,0.094,16636.287,Pinned,Device,NVIDIA A100-SXM4-40GB MIG 4g.20gb (0),1,,13,[CUDA memcpy Host-to-Device]
2675180191,66751,27792,,,,,,,,,,35.810,536468.412,Device,,NVIDIA A100-SXM4-40GB MIG 4g.20gb (0),1,,13,[CUDA memset]
2675248638,1920,27794,,,,,,,,,,0.000,41.667,Pinned,Device,NVIDIA A100-SXM4-40GB MIG 4g.20gb (0),1,,13,[CUDA memcpy Host-to-Device]
2675252990,9344,27795,,,,,,,,,,0.197,21040.988,Pinned,Device,NVIDIA A100-SXM4-40GB MIG 4g.20gb (0),1,,13,[CUDA memcpy Host-to-Device]
2675349021,17760,27796,273,1,1,48,1,1,40,0.000,0.001,,,,,NVIDIA A100-SXM4-40GB MIG 4g.20gb (0),1,,13,"void pusch_noise_intf_est::noiseIntfEstNoDftSOfdmKernel<float, __half, float, float, (unsigned int)2, (unsigned int)1, (unsigned char)4, (unsigned char)4>(pusch_noise_intf_est::puschRxNoiseIntfEstDynDescr)"
2675382556,5472,27807,35,1,1,128,1,1,16,0.000,0.000,,,,,NVIDIA A100-SXM4-40GB MIG 4g.20gb (0),1,,13,cupy_copy__complex64_complex64
2675432956,3744,27816,1,1,1,1,1,1,18,0.000,0.000,,,,,NVIDIA A100-SXM4-40GB MIG 4g.20gb (0),1,,13,cupy_copy__float32_float32
2675440124,3136,27822,,,,,,,,,,0.000,1.276,Device,Pageable,NVIDIA A100-SXM4-40GB MIG 4g.20gb (0),1,,7,[CUDA memcpy Device-to-Host]
2675557370,16832,27833,1434,1,1,128,1,1,16,0.000,0.000,,,,,NVIDIA A100-SXM4-40GB MIG 4g.20gb (0),1,,13,cupy_copy__complex64_complex64
2675593786,4096,27840,103,1,1,128,1,1,16,0.000,0.000,,,,,NVIDIA A100-SXM4-40GB MIG 4g.20gb (0),1,,13,cupy_copy__complex64_complex64
2675642041,3712,27847,35,1,1,128,1,1,16,0.000,0.000,,,,,NVIDIA A100-SXM4-40GB MIG 4g.20gb (0),1,,13,cupy_copy__complex64_complex64
2675663513,2272,27854,1,1,1,1,1,1,18,0.000,0.000,,,,,NVIDIA A100-SXM4-40GB MIG 4g.20gb (0),1,,13,cupy_copy__float32_float32
2675764056,161630,27865,1,1,1,32,32,1,30,0.000,0.000,,,,,NVIDIA A100-SXM4-40GB MIG 4g.20gb (0),1,,13,"void convert_kernel<__half2, float2>(tensor_layout_any, T1 *, tensor_layout_any, const T2 *)"
2675955478,5376,27868,,,,,,,,,,0.094,17428.487,Pinned,Device,NVIDIA A100-SXM4-40GB MIG 4g.20gb (0),1,,13,[CUDA memcpy Host-to-Device]
2675984982,5823,27869,,,,,,,,,,1.547,265604.833,Device,,NVIDIA A100-SXM4-40GB MIG 4g.20gb (0),1,,13,[CUDA memset]
2675997173,3104,27874,,,,,,,,,,0.031,10082.445,Pinned,Device,NVIDIA A100-SXM4-40GB MIG 4g.20gb (0),1,,13,[CUDA memcpy Host-to-Device]
2676002741,26784,27875,,,,,,,,,,0.197,7340.360,Pinned,Device,NVIDIA A100-SXM4-40GB MIG 4g.20gb (0),1,,13,[CUDA memcpy Host-to-Device]
2676065813,11775,27876,273,1,1,8,4,1,39,0.002,0.000,,,,,NVIDIA A100-SXM4-40GB MIG 4g.20gb (0),1,,13,"void channel_eq::eqMmseCoefCompLowMimoKernel<float, float, float, (unsigned int)4, (unsigned int)1, (unsigned int)4>(const channel_eq::_puschRxChEqStatDescr *, channel_eq::_puschRxChEqCoefCompDynDescr)"
2676079156,8032,27877,273,1,1,12,11,1,51,0.002,0.000,,,,,NVIDIA A100-SXM4-40GB MIG 4g.20gb (0),1,,13,"void channel_eq::eqMmseSoftDemapKernel<float, __half, __half, float, (unsigned int)4, (unsigned short)16383>(channel_eq::_puschRxChEqStatDescr *, channel_eq::_puschRxChEqSoftDemapDynDescr)"
2676100468,436635,27878,1,1,1,32,32,1,30,0.000,0.000,,,,,NVIDIA A100-SXM4-40GB MIG 4g.20gb (0),1,,13,"void convert_kernel<float2, __half2>(tensor_layout_any, T1 *, tensor_layout_any, const T2 *)"
2676570095,15104,27890,2253,1,1,128,1,1,16,0.000,0.000,,,,,NVIDIA A100-SXM4-40GB MIG 4g.20gb (0),1,,13,cupy_copy__float16_float16
2676595023,5343,27899,282,1,1,128,1,1,16,0.000,0.000,,,,,NVIDIA A100-SXM4-40GB MIG 4g.20gb (0),1,,13,cupy_copy__complex64_complex64
2676645262,2784,27908,26,1,1,128,1,1,16,0.000,0.000,,,,,NVIDIA A100-SXM4-40GB MIG 4g.20gb (0),1,,13,cupy_copy__float32_float32
2676666702,7296,27917,103,1,1,128,1,1,16,0.000,0.000,,,,,NVIDIA A100-SXM4-40GB MIG 4g.20gb (0),1,,13,cupy_copy__complex64_complex64
2676676238,15551,27927,1434,1,1,128,1,1,16,0.000,0.000,,,,,NVIDIA A100-SXM4-40GB MIG 4g.20gb (0),1,,13,cupy_copy__complex64_complex64
2676704141,141855,27932,1,1,1,32,32,1,30,0.000,0.000,,,,,NVIDIA A100-SXM4-40GB MIG 4g.20gb (0),1,,13,"void convert_kernel<__half2, float2>(tensor_layout_any, T1 *, tensor_layout_any, const T2 *)"
2676879467,5376,27935,,,,,,,,,,0.094,17428.487,Pinned,Device,NVIDIA A100-SXM4-40GB MIG 4g.20gb (0),1,,13,[CUDA memcpy Host-to-Device]
2676890475,622905,27936,,,,,,,,,,456.561,732781.111,Device,,NVIDIA A100-SXM4-40GB MIG 4g.20gb (0),1,,13,[CUDA memset]
2677519844,50271,27941,,,,,,,,,,1.235,24565.506,Pinned,Device,NVIDIA A100-SXM4-40GB MIG 4g.20gb (0),1,,13,[CUDA memcpy Host-to-Device]
2677572547,9344,27942,,,,,,,,,,0.197,21040.988,Pinned,Device,NVIDIA A100-SXM4-40GB MIG 4g.20gb (0),1,,13,[CUDA memcpy Host-to-Device]
2677646370,11904,27943,69,4,1,48,1,1,76,0.002,0.000,,,,,NVIDIA A100-SXM4-40GB MIG 4g.20gb (0),1,,13,"void ch_est::windowedChEstPreNoDftSOfdmKernel<float, __half, float, (unsigned int)2, (unsigned int)1, (unsigned short)4>(ch_est::puschRxChEstStatDescr_t *, ch_est::puschRxChEstDynDescr_t *)"
2677674210,11072,27944,137,2,1,24,2,1,44,0.001,0.001,,,,,NVIDIA A100-SXM4-40GB MIG 4g.20gb (0),1,,13,"void ch_est::chEstFilterNoDftSOfdmDispatchKernel<float, __half, float, (unsigned int)2>(ch_est::puschRxChEstStatDescr_t *, ch_est::puschRxChEstDynDescr_t *)"
2677757249,10688,27945,137,2,1,24,2,1,44,0.001,0.001,,,,,NVIDIA A100-SXM4-40GB MIG 4g.20gb (0),1,,13,"void ch_est::chEstFilterNoDftSOfdmDispatchKernel<float, __half, float, (unsigned int)2>(ch_est::puschRxChEstStatDescr_t *, ch_est::puschRxChEstDynDescr_t *)"
2677785889,4032,27956,103,1,1,128,1,1,16,0.000,0.000,,,,,NVIDIA A100-SXM4-40GB MIG 4g.20gb (0),1,,13,cupy_copy__complex64_complex64
2677836608,17024,27966,1434,1,1,128,1,1,16,0.000,0.000,,,,,NVIDIA A100-SXM4-40GB MIG 4g.20gb (0),1,,13,cupy_copy__complex64_complex64
2677869600,4512,27973,103,1,1,128,1,1,16,0.000,0.000,,,,,NVIDIA A100-SXM4-40GB MIG 4g.20gb (0),1,,13,cupy_copy__complex64_complex64
2677875776,86783,27980,1,1,1,32,32,1,30,0.000,0.000,,,,,NVIDIA A100-SXM4-40GB MIG 4g.20gb (0),1,,13,"void convert_kernel<__half2, float2>(tensor_layout_any, T1 *, tensor_layout_any, const T2 *)"
2677992638,5536,27983,,,,,,,,,,0.094,16924.777,Pinned,Device,NVIDIA A100-SXM4-40GB MIG 4g.20gb (0),1,,13,[CUDA memcpy Host-to-Device]
2678061406,61311,27984,,,,,,,,,,35.810,584059.795,Device,,NVIDIA A100-SXM4-40GB MIG 4g.20gb (0),1,,13,[CUDA memset]
2678126077,1824,27986,,,,,,,,,,0.000,43.860,Pinned,Device,NVIDIA A100-SXM4-40GB MIG 4g.20gb (0),1,,13,[CUDA memcpy Host-to-Device]
2678130333,9376,27987,,,,,,,,,,0.197,20969.226,Pinned,Device,NVIDIA A100-SXM4-40GB MIG 4g.20gb (0),1,,13,[CUDA memcpy Host-to-Device]
2678230332,20736,27988,273,1,1,48,1,1,40,0.000,0.001,,,,,NVIDIA A100-SXM4-40GB MIG 4g.20gb (0),1,,13,"void pusch_noise_intf_est::noiseIntfEstNoDftSOfdmKernel<float, __half, float, float, (unsigned int)2, (unsigned int)1, (unsigned char)4, (unsigned char)4>(pusch_noise_intf_est::puschRxNoiseIntfEstDynDescr)"
2678265659,4672,27999,35,1,1,128,1,1,16,0.000,0.000,,,,,NVIDIA A100-SXM4-40GB MIG 4g.20gb (0),1,,13,cupy_copy__complex64_complex64
2678344186,2816,28008,1,1,1,1,1,1,18,0.000,0.000,,,,,NVIDIA A100-SXM4-40GB MIG 4g.20gb (0),1,,13,cupy_copy__float32_float32
2678350906,2080,28014,,,,,,,,,,0.000,1.923,Device,Pageable,NVIDIA A100-SXM4-40GB MIG 4g.20gb (0),1,,7,[CUDA memcpy Device-to-Host]
2678445497,17824,28025,1434,1,1,128,1,1,16,0.000,0.000,,,,,NVIDIA A100-SXM4-40GB MIG 4g.20gb (0),1,,13,cupy_copy__complex64_complex64
2678487737,4736,28032,103,1,1,128,1,1,16,0.000,0.000,,,,,NVIDIA A100-SXM4-40GB MIG 4g.20gb (0),1,,13,cupy_copy__complex64_complex64
2678539768,2816,28039,35,1,1,128,1,1,16,0.000,0.000,,,,,NVIDIA A100-SXM4-40GB MIG 4g.20gb (0),1,,13,cupy_copy__complex64_complex64
2678561208,2624,28046,1,1,1,1,1,1,18,0.000,0.000,,,,,NVIDIA A100-SXM4-40GB MIG 4g.20gb (0),1,,13,cupy_copy__float32_float32
2678659895,178270,28057,1,1,1,32,32,1,30,0.000,0.000,,,,,NVIDIA A100-SXM4-40GB MIG 4g.20gb (0),1,,13,"void convert_kernel<__half2, float2>(tensor_layout_any, T1 *, tensor_layout_any, const T2 *)"
2678868244,5472,28060,,,,,,,,,,0.094,17122.757,Pinned,Device,NVIDIA A100-SXM4-40GB MIG 4g.20gb (0),1,,13,[CUDA memcpy Host-to-Device]
2678946900,6879,28061,,,,,,,,,,1.547,224831.184,Device,,NVIDIA A100-SXM4-40GB MIG 4g.20gb (0),1,,13,[CUDA memset]
2678955347,10464,28066,,,,,,,,,,0.031,2990.802,Pinned,Device,NVIDIA A100-SXM4-40GB MIG 4g.20gb (0),1,,13,[CUDA memcpy Host-to-Device]
2678973171,12448,28067,,,,,,,,,,0.197,15794.307,Pinned,Device,NVIDIA A100-SXM4-40GB MIG 4g.20gb (0),1,,13,[CUDA memcpy Host-to-Device]
2679035410,31424,28068,273,1,1,8,4,1,39,0.002,0.000,,,,,NVIDIA A100-SXM4-40GB MIG 4g.20gb (0),1,,13,"void channel_eq::eqMmseCoefCompLowMimoKernel<float, float, float, (unsigned int)4, (unsigned int)1, (unsigned int)4>(const channel_eq::_puschRxChEqStatDescr *, channel_eq::_puschRxChEqCoefCompDynDescr)"
2679068658,7840,28069,273,1,1,12,11,1,51,0.002,0.000,,,,,NVIDIA A100-SXM4-40GB MIG 4g.20gb (0),1,,13,"void channel_eq::eqMmseSoftDemapKernel<float, __half, __half, float, (unsigned int)4, (unsigned short)16383>(channel_eq::_puschRxChEqStatDescr *, channel_eq::_puschRxChEqSoftDemapDynDescr)"
2679089970,439227,28070,1,1,1,32,32,1,30,0.000,0.000,,,,,NVIDIA A100-SXM4-40GB MIG 4g.20gb (0),1,,13,"void convert_kernel<float2, __half2>(tensor_layout_any, T1 *, tensor_layout_any, const T2 *)"
2679550605,16031,28082,2253,1,1,128,1,1,16,0.000,0.000,,,,,NVIDIA A100-SXM4-40GB MIG 4g.20gb (0),1,,13,cupy_copy__float16_float16
2679578348,5216,28091,282,1,1,128,1,1,16,0.000,0.000,,,,,NVIDIA A100-SXM4-40GB MIG 4g.20gb (0),1,,13,cupy_copy__complex64_complex64
2679628364,2720,28100,26,1,1,128,1,1,16,0.000,0.000,,,,,NVIDIA A100-SXM4-40GB MIG 4g.20gb (0),1,,13,cupy_copy__float32_float32
2679650827,7904,28109,103,1,1,128,1,1,16,0.000,0.000,,,,,NVIDIA A100-SXM4-40GB MIG 4g.20gb (0),1,,13,cupy_copy__complex64_complex64
2679660523,15072,28119,1434,1,1,128,1,1,16,0.000,0.000,,,,,NVIDIA A100-SXM4-40GB MIG 4g.20gb (0),1,,13,cupy_copy__complex64_complex64
2679687435,129151,28124,1,1,1,32,32,1,30,0.000,0.000,,,,,NVIDIA A100-SXM4-40GB MIG 4g.20gb (0),1,,13,"void convert_kernel<__half2, float2>(tensor_layout_any, T1 *, tensor_layout_any, const T2 *)"
2679860361,5376,28127,,,,,,,,,,0.094,17428.487,Pinned,Device,NVIDIA A100-SXM4-40GB MIG 4g.20gb (0),1,,13,[CUDA memcpy Host-to-Device]
2679873545,624377,28128,,,,,,,,,,456.561,730954.865,Device,,NVIDIA A100-SXM4-40GB MIG 4g.20gb (0),1,,13,[CUDA memset]
2680501282,50175,28133,,,,,,,,,,1.235,24612.434,Pinned,Device,NVIDIA A100-SXM4-40GB MIG 4g.20gb (0),1,,13,[CUDA memcpy Host-to-Device]
2680553857,9504,28134,,,,,,,,,,0.197,20686.701,Pinned,Device,NVIDIA A100-SXM4-40GB MIG 4g.20gb (0),1,,13,[CUDA memcpy Host-to-Device]
2680633280,17920,28135,69,4,1,48,1,1,76,0.002,0.000,,,,,NVIDIA A100-SXM4-40GB MIG 4g.20gb (0),1,,13,"void ch_est::windowedChEstPreNoDftSOfdmKernel<float, __half, float, (unsigned int)2, (unsigned int)1, (unsigned short)4>(ch_est::puschRxChEstStatDescr_t *, ch_est::puschRxChEstDynDescr_t *)"
2680667232,9920,28136,137,2,1,24,2,1,44,0.001,0.001,,,,,NVIDIA A100-SXM4-40GB MIG 4g.20gb (0),1,,13,"void ch_est::chEstFilterNoDftSOfdmDispatchKernel<float, __half, float, (unsigned int)2>(ch_est::puschRxChEstStatDescr_t *, ch_est::puschRxChEstDynDescr_t *)"
2680723135,7424,28137,137,2,1,24,2,1,44,0.001,0.001,,,,,NVIDIA A100-SXM4-40GB MIG 4g.20gb (0),1,,13,"void ch_est::chEstFilterNoDftSOfdmDispatchKernel<float, __half, float, (unsigned int)2>(ch_est::puschRxChEstStatDescr_t *, ch_est::puschRxChEstDynDescr_t *)"
2680746175,6368,28148,103,1,1,128,1,1,16,0.000,0.000,,,,,NVIDIA A100-SXM4-40GB MIG 4g.20gb (0),1,,13,cupy_copy__complex64_complex64
2680754527,15328,28158,1434,1,1,128,1,1,16,0.000,0.000,,,,,NVIDIA A100-SXM4-40GB MIG 4g.20gb (0),1,,13,cupy_copy__complex64_complex64
2680780766,3744,28165,103,1,1,128,1,1,16,0.000,0.000,,,,,NVIDIA A100-SXM4-40GB MIG 4g.20gb (0),1,,13,cupy_copy__complex64_complex64
2680829854,103359,28172,1,1,1,32,32,1,30,0.000,0.000,,,,,NVIDIA A100-SXM4-40GB MIG 4g.20gb (0),1,,13,"void convert_kernel<__half2, float2>(tensor_layout_any, T1 *, tensor_layout_any, const T2 *)"
2680968348,5408,28175,,,,,,,,,,0.094,17325.421,Pinned,Device,NVIDIA A100-SXM4-40GB MIG 4g.20gb (0),1,,13,[CUDA memcpy Host-to-Device]
2680986556,53567,28176,,,,,,,,,,35.810,668499.587,Device,,NVIDIA A100-SXM4-40GB MIG 4g.20gb (0),1,,13,[CUDA memset]
2681048187,2688,28178,,,,,,,,,,0.000,29.762,Pinned,Device,NVIDIA A100-SXM4-40GB MIG 4g.20gb (0),1,,13,[CUDA memcpy Host-to-Device]
2681057371,9344,28179,,,,,,,,,,0.197,21040.988,Pinned,Device,NVIDIA A100-SXM4-40GB MIG 4g.20gb (0),1,,13,[CUDA memcpy Host-to-Device]
2681160442,12768,28180,273,1,1,48,1,1,40,0.000,0.001,,,,,NVIDIA A100-SXM4-40GB MIG 4g.20gb (0),1,,13,"void pusch_noise_intf_est::noiseIntfEstNoDftSOfdmKernel<float, __half, float, float, (unsigned int)2, (unsigned int)1, (unsigned char)4, (unsigned char)4>(pusch_noise_intf_est::puschRxNoiseIntfEstDynDescr)"
2681187354,4256,28191,35,1,1,128,1,1,16,0.000,0.000,,,,,NVIDIA A100-SXM4-40GB MIG 4g.20gb (0),1,,13,cupy_copy__complex64_complex64
2681237529,2400,28200,1,1,1,1,1,1,18,0.000,0.000,,,,,NVIDIA A100-SXM4-40GB MIG 4g.20gb (0),1,,13,cupy_copy__float32_float32
2681240697,1632,28206,,,,,,,,,,0.000,2.451,Device,Pageable,NVIDIA A100-SXM4-40GB MIG 4g.20gb (0),1,,7,[CUDA memcpy Device-to-Host]
2681351960,16672,28217,1434,1,1,128,1,1,16,0.000,0.000,,,,,NVIDIA A100-SXM4-40GB MIG 4g.20gb (0),1,,13,cupy_copy__complex64_complex64
2681384055,4320,28224,103,1,1,128,1,1,16,0.000,0.000,,,,,NVIDIA A100-SXM4-40GB MIG 4g.20gb (0),1,,13,cupy_copy__complex64_complex64
2681390487,2880,28231,35,1,1,128,1,1,16,0.000,0.000,,,,,NVIDIA A100-SXM4-40GB MIG 4g.20gb (0),1,,13,cupy_copy__complex64_complex64
2681405495,2400,28238,1,1,1,1,1,1,18,0.000,0.000,,,,,NVIDIA A100-SXM4-40GB MIG 4g.20gb (0),1,,13,cupy_copy__float32_float32
2681560149,137727,28249,1,1,1,32,32,1,30,0.000,0.000,,,,,NVIDIA A100-SXM4-40GB MIG 4g.20gb (0),1,,13,"void convert_kernel<__half2, float2>(tensor_layout_any, T1 *, tensor_layout_any, const T2 *)"
2681727956,5375,28252,,,,,,,,,,0.094,17431.766,Pinned,Device,NVIDIA A100-SXM4-40GB MIG 4g.20gb (0),1,,13,[CUDA memcpy Host-to-Device]
2681782355,6752,28253,,,,,,,,,,1.547,229061.201,Device,,NVIDIA A100-SXM4-40GB MIG 4g.20gb (0),1,,13,[CUDA memset]
2681794291,3008,28258,,,,,,,,,,0.031,10404.230,Pinned,Device,NVIDIA A100-SXM4-40GB MIG 4g.20gb (0),1,,13,[CUDA memcpy Host-to-Device]
2681799955,9472,28259,,,,,,,,,,0.197,20756.693,Pinned,Device,NVIDIA A100-SXM4-40GB MIG 4g.20gb (0),1,,13,[CUDA memcpy Host-to-Device]
2681862802,12224,28260,273,1,1,8,4,1,39,0.002,0.000,,,,,NVIDIA A100-SXM4-40GB MIG 4g.20gb (0),1,,13,"void channel_eq::eqMmseCoefCompLowMimoKernel<float, float, float, (unsigned int)4, (unsigned int)1, (unsigned int)4>(const channel_eq::_puschRxChEqStatDescr *, channel_eq::_puschRxChEqCoefCompDynDescr)"
2681889106,11392,28261,273,1,1,12,11,1,51,0.002,0.000,,,,,NVIDIA A100-SXM4-40GB MIG 4g.20gb (0),1,,13,"void channel_eq::eqMmseSoftDemapKernel<float, __half, __half, float, (unsigned int)4, (unsigned short)16383>(channel_eq::_puschRxChEqStatDescr *, channel_eq::_puschRxChEqSoftDemapDynDescr)"
2681916689,445723,28262,1,1,1,32,32,1,30,0.000,0.000,,,,,NVIDIA A100-SXM4-40GB MIG 4g.20gb (0),1,,13,"void convert_kernel<float2, __half2>(tensor_layout_any, T1 *, tensor_layout_any, const T2 *)"
2682391756,15936,28274,2253,1,1,128,1,1,16,0.000,0.000,,,,,NVIDIA A100-SXM4-40GB MIG 4g.20gb (0),1,,13,cupy_copy__float16_float16
2682420844,5568,28283,282,1,1,128,1,1,16,0.000,0.000,,,,,NVIDIA A100-SXM4-40GB MIG 4g.20gb (0),1,,13,cupy_copy__complex64_complex64
2682469547,3104,28292,26,1,1,128,1,1,16,0.000,0.000,,,,,NVIDIA A100-SXM4-40GB MIG 4g.20gb (0),1,,13,cupy_copy__float32_float32
2682491275,8288,28301,103,1,1,128,1,1,16,0.000,0.000,,,,,NVIDIA A100-SXM4-40GB MIG 4g.20gb (0),1,,13,cupy_copy__complex64_complex64
2682501195,16159,28311,1434,1,1,128,1,1,16,0.000,0.000,,,,,NVIDIA A100-SXM4-40GB MIG 4g.20gb (0),1,,13,cupy_copy__complex64_complex64
2682530698,135679,28316,1,1,1,32,32,1,30,0.000,0.000,,,,,NVIDIA A100-SXM4-40GB MIG 4g.20gb (0),1,,13,"void convert_kernel<__half2, float2>(tensor_layout_any, T1 *, tensor_layout_any, const T2 *)"
2682695048,5408,28319,,,,,,,,,,0.094,17325.421,Pinned,Device,NVIDIA A100-SXM4-40GB MIG 4g.20gb (0),1,,13,[CUDA memcpy Host-to-Device]
2682705480,632153,28320,,,,,,,,,,456.561,721823.637,Device,,NVIDIA A100-SXM4-40GB MIG 4g.20gb (0),1,,13,[CUDA memset]
2683339137,53951,28325,,,,,,,,,,1.235,22889.687,Pinned,Device,NVIDIA A100-SXM4-40GB MIG 4g.20gb (0),1,,13,[CUDA memcpy Host-to-Device]
2683395520,9344,28326,,,,,,,,,,0.197,21040.988,Pinned,Device,NVIDIA A100-SXM4-40GB MIG 4g.20gb (0),1,,13,[CUDA memcpy Host-to-Device]
2683473215,15008,28327,69,4,1,48,1,1,76,0.002,0.000,,,,,NVIDIA A100-SXM4-40GB MIG 4g.20gb (0),1,,13,"void ch_est::windowedChEstPreNoDftSOfdmKernel<float, __half, float, (unsigned int)2, (unsigned int)1, (unsigned short)4>(ch_est::puschRxChEstStatDescr_t *, ch_est::puschRxChEstDynDescr_t *)"
2683502399,12032,28328,137,2,1,24,2,1,44,0.001,0.001,,,,,NVIDIA A100-SXM4-40GB MIG 4g.20gb (0),1,,13,"void ch_est::chEstFilterNoDftSOfdmDispatchKernel<float, __half, float, (unsigned int)2>(ch_est::puschRxChEstStatDescr_t *, ch_est::puschRxChEstDynDescr_t *)"
2683579166,12384,28329,137,2,1,24,2,1,44,0.001,0.001,,,,,NVIDIA A100-SXM4-40GB MIG 4g.20gb (0),1,,13,"void ch_est::chEstFilterNoDftSOfdmDispatchKernel<float, __half, float, (unsigned int)2>(ch_est::puschRxChEstStatDescr_t *, ch_est::puschRxChEstDynDescr_t *)"
2683593278,2912,28340,103,1,1,128,1,1,16,0.000,0.000,,,,,NVIDIA A100-SXM4-40GB MIG 4g.20gb (0),1,,13,cupy_copy__complex64_complex64
2683611806,13600,28350,1434,1,1,128,1,1,16,0.000,0.000,,,,,NVIDIA A100-SXM4-40GB MIG 4g.20gb (0),1,,13,cupy_copy__complex64_complex64
2683666653,5024,28357,103,1,1,128,1,1,16,0.000,0.000,,,,,NVIDIA A100-SXM4-40GB MIG 4g.20gb (0),1,,13,cupy_copy__complex64_complex64
2683691933,127998,28364,1,1,1,32,32,1,30,0.000,0.000,,,,,NVIDIA A100-SXM4-40GB MIG 4g.20gb (0),1,,13,"void convert_kernel<__half2, float2>(tensor_layout_any, T1 *, tensor_layout_any, const T2 *)"
2683869147,5408,28367,,,,,,,,,,0.094,17325.421,Pinned,Device,NVIDIA A100-SXM4-40GB MIG 4g.20gb (0),1,,13,[CUDA memcpy Host-to-Device]
2683886555,62559,28368,,,,,,,,,,35.810,572385.761,Device,,NVIDIA A100-SXM4-40GB MIG 4g.20gb (0),1,,13,[CUDA memset]
2683951898,1824,28370,,,,,,,,,,0.000,43.860,Pinned,Device,NVIDIA A100-SXM4-40GB MIG 4g.20gb (0),1,,13,[CUDA memcpy Host-to-Device]
2683956250,9376,28371,,,,,,,,,,0.197,20969.226,Pinned,Device,NVIDIA A100-SXM4-40GB MIG 4g.20gb (0),1,,13,[CUDA memcpy Host-to-Device]
2684051897,17888,28372,273,1,1,48,1,1,40,0.000,0.001,,,,,NVIDIA A100-SXM4-40GB MIG 4g.20gb (0),1,,13,"void pusch_noise_intf_est::noiseIntfEstNoDftSOfdmKernel<float, __half, float, float, (unsigned int)2, (unsigned int)1, (unsigned char)4, (unsigned char)4>(pusch_noise_intf_est::puschRxNoiseIntfEstDynDescr)"
2684086008,6464,28383,35,1,1,128,1,1,16,0.000,0.000,,,,,NVIDIA A100-SXM4-40GB MIG 4g.20gb (0),1,,13,cupy_copy__complex64_complex64
2684138616,2176,28392,1,1,1,1,1,1,18,0.000,0.000,,,,,NVIDIA A100-SXM4-40GB MIG 4g.20gb (0),1,,13,cupy_copy__float32_float32
2684144024,1632,28398,,,,,,,,,,0.000,2.451,Device,Pageable,NVIDIA A100-SXM4-40GB MIG 4g.20gb (0),1,,7,[CUDA memcpy Device-to-Host]
2684254902,17152,28409,1434,1,1,128,1,1,16,0.000,0.000,,,,,NVIDIA A100-SXM4-40GB MIG 4g.20gb (0),1,,13,cupy_copy__complex64_complex64
2684285878,4320,28416,103,1,1,128,1,1,16,0.000,0.000,,,,,NVIDIA A100-SXM4-40GB MIG 4g.20gb (0),1,,13,cupy_copy__complex64_complex64
2684335030,3776,28423,35,1,1,128,1,1,16,0.000,0.000,,,,,NVIDIA A100-SXM4-40GB MIG 4g.20gb (0),1,,13,cupy_copy__complex64_complex64
2684356597,2496,28430,1,1,1,1,1,1,18,0.000,0.000,,,,,NVIDIA A100-SXM4-40GB MIG 4g.20gb (0),1,,13,cupy_copy__float32_float32
2684456052,178238,28441,1,1,1,32,32,1,30,0.000,0.000,,,,,NVIDIA A100-SXM4-40GB MIG 4g.20gb (0),1,,13,"void convert_kernel<__half2, float2>(tensor_layout_any, T1 *, tensor_layout_any, const T2 *)"
2684661714,5376,28444,,,,,,,,,,0.094,17428.487,Pinned,Device,NVIDIA A100-SXM4-40GB MIG 4g.20gb (0),1,,13,[CUDA memcpy Host-to-Device]
2684721905,4384,28445,,,,,,,,,,1.547,352788.028,Device,,NVIDIA A100-SXM4-40GB MIG 4g.20gb (0),1,,13,[CUDA memset]
2684728305,4352,28450,,,,,,,,,,0.031,7191.164,Pinned,Device,NVIDIA A100-SXM4-40GB MIG 4g.20gb (0),1,,13,[CUDA memcpy Host-to-Device]
2684735089,9984,28451,,,,,,,,,,0.197,19692.257,Pinned,Device,NVIDIA A100-SXM4-40GB MIG 4g.20gb (0),1,,13,[CUDA memcpy Host-to-Device]
2684749457,6944,28452,273,1,1,8,4,1,39,0.002,0.000,,,,,NVIDIA A100-SXM4-40GB MIG 4g.20gb (0),1,,13,"void channel_eq::eqMmseCoefCompLowMimoKernel<float, float, float, (unsigned int)4, (unsigned int)1, (unsigned int)4>(const channel_eq::_puschRxChEqStatDescr *, channel_eq::_puschRxChEqCoefCompDynDescr)"
2684770865,16831,28453,273,1,1,12,11,1,51,0.002,0.000,,,,,NVIDIA A100-SXM4-40GB MIG 4g.20gb (0),1,,13,"void channel_eq::eqMmseSoftDemapKernel<float, __half, __half, float, (unsigned int)4, (unsigned short)16383>(channel_eq::_puschRxChEqStatDescr *, channel_eq::_puschRxChEqSoftDemapDynDescr)"
2684858960,423323,28454,1,1,1,32,32,1,30,0.000,0.000,,,,,NVIDIA A100-SXM4-40GB MIG 4g.20gb (0),1,,13,"void convert_kernel<float2, __half2>(tensor_layout_any, T1 *, tensor_layout_any, const T2 *)"
2685348170,15712,28466,2253,1,1,128,1,1,16,0.000,0.000,,,,,NVIDIA A100-SXM4-40GB MIG 4g.20gb (0),1,,13,cupy_copy__float16_float16
2685375690,4864,28475,282,1,1,128,1,1,16,0.000,0.000,,,,,NVIDIA A100-SXM4-40GB MIG 4g.20gb (0),1,,13,cupy_copy__complex64_complex64
2685424585,3200,28484,26,1,1,128,1,1,16,0.000,0.000,,,,,NVIDIA A100-SXM4-40GB MIG 4g.20gb (0),1,,13,cupy_copy__float32_float32
2685446089,7648,28493,103,1,1,128,1,1,16,0.000,0.000,,,,,NVIDIA A100-SXM4-40GB MIG 4g.20gb (0),1,,13,cupy_copy__complex64_complex64
2685456169,16096,28503,1434,1,1,128,1,1,16,0.000,0.000,,,,,NVIDIA A100-SXM4-40GB MIG 4g.20gb (0),1,,13,cupy_copy__complex64_complex64
2685486376,128959,28508,1,1,1,32,32,1,30,0.000,0.000,,,,,NVIDIA A100-SXM4-40GB MIG 4g.20gb (0),1,,13,"void convert_kernel<__half2, float2>(tensor_layout_any, T1 *, tensor_layout_any, const T2 *)"
2685658886,23936,28511,,,,,,,,,,0.094,3914.431,Pinned,Device,NVIDIA A100-SXM4-40GB MIG 4g.20gb (0),1,,13,[CUDA memcpy Host-to-Device]
2685699398,617785,28512,,,,,,,,,,456.561,738716.410,Device,,NVIDIA A100-SXM4-40GB MIG 4g.20gb (0),1,,13,[CUDA memset]
2686326143,53023,28517,,,,,,,,,,1.235,23289.809,Pinned,Device,NVIDIA A100-SXM4-40GB MIG 4g.20gb (0),1,,13,[CUDA memcpy Host-to-Device]
2686381598,10336,28518,,,,,,,,,,0.197,19021.627,Pinned,Device,NVIDIA A100-SXM4-40GB MIG 4g.20gb (0),1,,13,[CUDA memcpy Host-to-Device]
2686452093,13856,28519,69,4,1,48,1,1,76,0.002,0.000,,,,,NVIDIA A100-SXM4-40GB MIG 4g.20gb (0),1,,13,"void ch_est::windowedChEstPreNoDftSOfdmKernel<float, __half, float, (unsigned int)2, (unsigned int)1, (unsigned short)4>(ch_est::puschRxChEstStatDescr_t *, ch_est::puschRxChEstDynDescr_t *)"
2686480893,11008,28520,137,2,1,24,2,1,44,0.001,0.001,,,,,NVIDIA A100-SXM4-40GB MIG 4g.20gb (0),1,,13,"void ch_est::chEstFilterNoDftSOfdmDispatchKernel<float, __half, float, (unsigned int)2>(ch_est::puschRxChEstStatDescr_t *, ch_est::puschRxChEstDynDescr_t *)"
2686557980,10912,28521,137,2,1,24,2,1,44,0.001,0.001,,,,,NVIDIA A100-SXM4-40GB MIG 4g.20gb (0),1,,13,"void ch_est::chEstFilterNoDftSOfdmDispatchKernel<float, __half, float, (unsigned int)2>(ch_est::puschRxChEstStatDescr_t *, ch_est::puschRxChEstDynDescr_t *)"
2686571100,2784,28532,103,1,1,128,1,1,16,0.000,0.000,,,,,NVIDIA A100-SXM4-40GB MIG 4g.20gb (0),1,,13,cupy_copy__complex64_complex64
2686587836,14496,28542,1434,1,1,128,1,1,16,0.000,0.000,,,,,NVIDIA A100-SXM4-40GB MIG 4g.20gb (0),1,,13,cupy_copy__complex64_complex64
2686643483,3968,28549,103,1,1,128,1,1,16,0.000,0.000,,,,,NVIDIA A100-SXM4-40GB MIG 4g.20gb (0),1,,13,cupy_copy__complex64_complex64
2686668027,147678,28556,1,1,1,32,32,1,30,0.000,0.000,,,,,NVIDIA A100-SXM4-40GB MIG 4g.20gb (0),1,,13,"void convert_kernel<__half2, float2>(tensor_layout_any, T1 *, tensor_layout_any, const T2 *)"
2686844057,5376,28559,,,,,,,,,,0.094,17428.487,Pinned,Device,NVIDIA A100-SXM4-40GB MIG 4g.20gb (0),1,,13,[CUDA memcpy Host-to-Device]
2686862457,61503,28560,,,,,,,,,,35.810,582233.489,Device,,NVIDIA A100-SXM4-40GB MIG 4g.20gb (0),1,,13,[CUDA memset]
2686932344,2176,28562,,,,,,,,,,0.000,36.765,Pinned,Device,NVIDIA A100-SXM4-40GB MIG 4g.20gb (0),1,,13,[CUDA memcpy Host-to-Device]
2686936920,9472,28563,,,,,,,,,,0.197,20756.693,Pinned,Device,NVIDIA A100-SXM4-40GB MIG 4g.20gb (0),1,,13,[CUDA memcpy Host-to-Device]
2687038934,14240,28564,273,1,1,48,1,1,40,0.000,0.001,,,,,NVIDIA A100-SXM4-40GB MIG 4g.20gb (0),1,,13,"void pusch_noise_intf_est::noiseIntfEstNoDftSOfdmKernel<float, __half, float, float, (unsigned int)2, (unsigned int)1, (unsigned char)4, (unsigned char)4>(pusch_noise_intf_est::puschRxNoiseIntfEstDynDescr)"
2687070134,7232,28575,35,1,1,128,1,1,16,0.000,0.000,,,,,NVIDIA A100-SXM4-40GB MIG 4g.20gb (0),1,,13,cupy_copy__complex64_complex64
2687122006,2688,28584,1,1,1,1,1,1,18,0.000,0.000,,,,,NVIDIA A100-SXM4-40GB MIG 4g.20gb (0),1,,13,cupy_copy__float32_float32
2687127925,1792,28590,,,,,,,,,,0.000,2.232,Device,Pageable,NVIDIA A100-SXM4-40GB MIG 4g.20gb (0),1,,7,[CUDA memcpy Device-to-Host]
2687238004,16832,28601,1434,1,1,128,1,1,16,0.000,0.000,,,,,NVIDIA A100-SXM4-40GB MIG 4g.20gb (0),1,,13,cupy_copy__complex64_complex64
2687269588,3776,28608,103,1,1,128,1,1,16,0.000,0.000,,,,,NVIDIA A100-SXM4-40GB MIG 4g.20gb (0),1,,13,cupy_copy__complex64_complex64
2687319635,3200,28615,35,1,1,128,1,1,16,0.000,0.000,,,,,NVIDIA A100-SXM4-40GB MIG 4g.20gb (0),1,,13,cupy_copy__complex64_complex64
2687342195,4544,28622,1,1,1,1,1,1,18,0.000,0.000,,,,,NVIDIA A100-SXM4-40GB MIG 4g.20gb (0),1,,13,cupy_copy__float32_float32
2687447154,165278,28633,1,1,1,32,32,1,30,0.000,0.000,,,,,NVIDIA A100-SXM4-40GB MIG 4g.20gb (0),1,,13,"void convert_kernel<__half2, float2>(tensor_layout_any, T1 *, tensor_layout_any, const T2 *)"
2687646000,5375,28636,,,,,,,,,,0.094,17431.766,Pinned,Device,NVIDIA A100-SXM4-40GB MIG 4g.20gb (0),1,,13,[CUDA memcpy Host-to-Device]
2687659983,4064,28637,,,,,,,,,,1.547,380565.395,Device,,NVIDIA A100-SXM4-40GB MIG 4g.20gb (0),1,,13,[CUDA memset]
2687675503,6688,28642,,,,,,,,,,0.031,4679.409,Pinned,Device,NVIDIA A100-SXM4-40GB MIG 4g.20gb (0),1,,13,[CUDA memcpy Host-to-Device]
2687690095,10528,28643,,,,,,,,,,0.197,18674.614,Pinned,Device,NVIDIA A100-SXM4-40GB MIG 4g.20gb (0),1,,13,[CUDA memcpy Host-to-Device]
2687760558,16896,28644,273,1,1,8,4,1,39,0.002,0.000,,,,,NVIDIA A100-SXM4-40GB MIG 4g.20gb (0),1,,13,"void channel_eq::eqMmseCoefCompLowMimoKernel<float, float, float, (unsigned int)4, (unsigned int)1, (unsigned int)4>(const channel_eq::_puschRxChEqStatDescr *, channel_eq::_puschRxChEqCoefCompDynDescr)"
2687786446,21440,28645,273,1,1,12,11,1,51,0.002,0.000,,,,,NVIDIA A100-SXM4-40GB MIG 4g.20gb (0),1,,13,"void channel_eq::eqMmseSoftDemapKernel<float, __half, __half, float, (unsigned int)4, (unsigned short)16383>(channel_eq::_puschRxChEqStatDescr *, channel_eq::_puschRxChEqSoftDemapDynDescr)"
2687821422,443066,28646,1,1,1,32,32,1,30,0.000,0.000,,,,,NVIDIA A100-SXM4-40GB MIG 4g.20gb (0),1,,13,"void convert_kernel<float2, __half2>(tensor_layout_any, T1 *, tensor_layout_any, const T2 *)"
2688287944,15904,28658,2253,1,1,128,1,1,16,0.000,0.000,,,,,NVIDIA A100-SXM4-40GB MIG 4g.20gb (0),1,,13,cupy_copy__float16_float16
2688314696,4896,28667,282,1,1,128,1,1,16,0.000,0.000,,,,,NVIDIA A100-SXM4-40GB MIG 4g.20gb (0),1,,13,cupy_copy__complex64_complex64
2688365607,2944,28676,26,1,1,128,1,1,16,0.000,0.000,,,,,NVIDIA A100-SXM4-40GB MIG 4g.20gb (0),1,,13,cupy_copy__float32_float32
2688387047,9312,28685,103,1,1,128,1,1,16,0.000,0.000,,,,,NVIDIA A100-SXM4-40GB MIG 4g.20gb (0),1,,13,cupy_copy__complex64_complex64
2688402407,16704,28695,1434,1,1,128,1,1,16,0.000,0.000,,,,,NVIDIA A100-SXM4-40GB MIG 4g.20gb (0),1,,13,cupy_copy__complex64_complex64
2688429543,134238,28700,1,1,1,32,32,1,30,0.000,0.000,,,,,NVIDIA A100-SXM4-40GB MIG 4g.20gb (0),1,,13,"void convert_kernel<__half2, float2>(tensor_layout_any, T1 *, tensor_layout_any, const T2 *)"
2688592805,5376,28703,,,,,,,,,,0.094,17428.487,Pinned,Device,NVIDIA A100-SXM4-40GB MIG 4g.20gb (0),1,,13,[CUDA memcpy Host-to-Device]
2688602821,624632,28704,,,,,,,,,,456.561,730498.304,Device,,NVIDIA A100-SXM4-40GB MIG 4g.20gb (0),1,,13,[CUDA memset]
2689231485,72095,28709,,,,,,,,,,1.235,17128.673,Pinned,Device,NVIDIA A100-SXM4-40GB MIG 4g.20gb (0),1,,13,[CUDA memcpy Host-to-Device]
2689306012,9376,28710,,,,,,,,,,0.197,20969.226,Pinned,Device,NVIDIA A100-SXM4-40GB MIG 4g.20gb (0),1,,13,[CUDA memcpy Host-to-Device]
2689361020,16480,28711,69,4,1,48,1,1,76,0.002,0.000,,,,,NVIDIA A100-SXM4-40GB MIG 4g.20gb (0),1,,13,"void ch_est::windowedChEstPreNoDftSOfdmKernel<float, __half, float, (unsigned int)2, (unsigned int)1, (unsigned short)4>(ch_est::puschRxChEstStatDescr_t *, ch_est::puschRxChEstDynDescr_t *)"
2689392219,13632,28712,137,2,1,24,2,1,44,0.001,0.001,,,,,NVIDIA A100-SXM4-40GB MIG 4g.20gb (0),1,,13,"void ch_est::chEstFilterNoDftSOfdmDispatchKernel<float, __half, float, (unsigned int)2>(ch_est::puschRxChEstStatDescr_t *, ch_est::puschRxChEstDynDescr_t *)"
2689468187,13759,28713,137,2,1,24,2,1,44,0.001,0.001,,,,,NVIDIA A100-SXM4-40GB MIG 4g.20gb (0),1,,13,"void ch_est::chEstFilterNoDftSOfdmDispatchKernel<float, __half, float, (unsigned int)2>(ch_est::puschRxChEstStatDescr_t *, ch_est::puschRxChEstDynDescr_t *)"
2689497722,6816,28724,103,1,1,128,1,1,16,0.000,0.000,,,,,NVIDIA A100-SXM4-40GB MIG 4g.20gb (0),1,,13,cupy_copy__complex64_complex64
2689549274,18623,28734,1434,1,1,128,1,1,16,0.000,0.000,,,,,NVIDIA A100-SXM4-40GB MIG 4g.20gb (0),1,,13,cupy_copy__complex64_complex64
2689585049,4448,28741,103,1,1,128,1,1,16,0.000,0.000,,,,,NVIDIA A100-SXM4-40GB MIG 4g.20gb (0),1,,13,cupy_copy__complex64_complex64
2689590969,84063,28748,1,1,1,32,32,1,30,0.000,0.000,,,,,NVIDIA A100-SXM4-40GB MIG 4g.20gb (0),1,,13,"void convert_kernel<__half2, float2>(tensor_layout_any, T1 *, tensor_layout_any, const T2 *)"
2689704408,5408,28751,,,,,,,,,,0.094,17325.421,Pinned,Device,NVIDIA A100-SXM4-40GB MIG 4g.20gb (0),1,,13,[CUDA memcpy Host-to-Device]
2689760215,56352,28752,,,,,,,,,,35.810,635447.030,Device,,NVIDIA A100-SXM4-40GB MIG 4g.20gb (0),1,,13,[CUDA memset]
2689818103,2080,28754,,,,,,,,,,0.000,38.462,Pinned,Device,NVIDIA A100-SXM4-40GB MIG 4g.20gb (0),1,,13,[CUDA memcpy Host-to-Device]
2689828022,9440,28755,,,,,,,,,,0.197,20827.079,Pinned,Device,NVIDIA A100-SXM4-40GB MIG 4g.20gb (0),1,,13,[CUDA memcpy Host-to-Device]
2689897302,16511,28756,273,1,1,48,1,1,40,0.000,0.001,,,,,NVIDIA A100-SXM4-40GB MIG 4g.20gb (0),1,,13,"void pusch_noise_intf_est::noiseIntfEstNoDftSOfdmKernel<float, __half, float, float, (unsigned int)2, (unsigned int)1, (unsigned char)4, (unsigned char)4>(pusch_noise_intf_est::puschRxNoiseIntfEstDynDescr)"
2689928053,4672,28767,35,1,1,128,1,1,16,0.000,0.000,,,,,NVIDIA A100-SXM4-40GB MIG 4g.20gb (0),1,,13,cupy_copy__complex64_complex64
2689934677,1920,28776,1,1,1,1,1,1,18,0.000,0.000,,,,,NVIDIA A100-SXM4-40GB MIG 4g.20gb (0),1,,13,cupy_copy__float32_float32
2689940821,1600,28782,,,,,,,,,,0.000,2.500,Device,Pageable,NVIDIA A100-SXM4-40GB MIG 4g.20gb (0),1,,7,[CUDA memcpy Device-to-Host]
2690021428,16640,28793,1434,1,1,128,1,1,16,0.000,0.000,,,,,NVIDIA A100-SXM4-40GB MIG 4g.20gb (0),1,,13,cupy_copy__complex64_complex64
2690056180,8320,28800,103,1,1,128,1,1,16,0.000,0.000,,,,,NVIDIA A100-SXM4-40GB MIG 4g.20gb (0),1,,13,cupy_copy__complex64_complex64
2690113683,4192,28807,35,1,1,128,1,1,16,0.000,0.000,,,,,NVIDIA A100-SXM4-40GB MIG 4g.20gb (0),1,,13,cupy_copy__complex64_complex64
2690139763,4128,28814,1,1,1,1,1,1,18,0.000,0.000,,,,,NVIDIA A100-SXM4-40GB MIG 4g.20gb (0),1,,13,cupy_copy__float32_float32
2690239122,166366,28825,1,1,1,32,32,1,30,0.000,0.000,,,,,NVIDIA A100-SXM4-40GB MIG 4g.20gb (0),1,,13,"void convert_kernel<__half2, float2>(tensor_layout_any, T1 *, tensor_layout_any, const T2 *)"
2690435119,5408,28828,,,,,,,,,,0.094,17325.421,Pinned,Device,NVIDIA A100-SXM4-40GB MIG 4g.20gb (0),1,,13,[CUDA memcpy Host-to-Device]
2690449647,4160,28829,,,,,,,,,,1.547,371783.664,Device,,NVIDIA A100-SXM4-40GB MIG 4g.20gb (0),1,,13,[CUDA memset]
2690466703,3232,28834,,,,,,,,,,0.031,9683.139,Pinned,Device,NVIDIA A100-SXM4-40GB MIG 4g.20gb (0),1,,13,[CUDA memcpy Host-to-Device]
2690476047,9344,28835,,,,,,,,,,0.197,21040.988,Pinned,Device,NVIDIA A100-SXM4-40GB MIG 4g.20gb (0),1,,13,[CUDA memcpy Host-to-Device]
2690545710,10208,28836,273,1,1,8,4,1,39,0.002,0.000,,,,,NVIDIA A100-SXM4-40GB MIG 4g.20gb (0),1,,13,"void channel_eq::eqMmseCoefCompLowMimoKernel<float, float, float, (unsigned int)4, (unsigned int)1, (unsigned int)4>(const channel_eq::_puschRxChEqStatDescr *, channel_eq::_puschRxChEqCoefCompDynDescr)"
2690573262,10688,28837,273,1,1,12,11,1,51,0.002,0.000,,,,,NVIDIA A100-SXM4-40GB MIG 4g.20gb (0),1,,13,"void channel_eq::eqMmseSoftDemapKernel<float, __half, __half, float, (unsigned int)4, (unsigned short)16383>(channel_eq::_puschRxChEqStatDescr *, channel_eq::_puschRxChEqSoftDemapDynDescr)"
2690627469,432763,28838,1,1,1,32,32,1,30,0.000,0.000,,,,,NVIDIA A100-SXM4-40GB MIG 4g.20gb (0),1,,13,"void convert_kernel<float2, __half2>(tensor_layout_any, T1 *, tensor_layout_any, const T2 *)"
2691061992,13504,28850,2253,1,1,128,1,1,16,0.000,0.000,,,,,NVIDIA A100-SXM4-40GB MIG 4g.20gb (0),1,,13,cupy_copy__float16_float16
2691077160,2816,28859,282,1,1,128,1,1,16,0.000,0.000,,,,,NVIDIA A100-SXM4-40GB MIG 4g.20gb (0),1,,13,cupy_copy__complex64_complex64
2691123400,2848,28868,26,1,1,128,1,1,16,0.000,0.000,,,,,NVIDIA A100-SXM4-40GB MIG 4g.20gb (0),1,,13,cupy_copy__float32_float32
2691127623,3168,28877,103,1,1,128,1,1,16,0.000,0.000,,,,,NVIDIA A100-SXM4-40GB MIG 4g.20gb (0),1,,13,cupy_copy__complex64_complex64
2691132199,15168,28887,1434,1,1,128,1,1,16,0.000,0.000,,,,,NVIDIA A100-SXM4-40GB MIG 4g.20gb (0),1,,13,cupy_copy__complex64_complex64
2691148743,81535,28892,1,1,1,32,32,1,30,0.000,0.000,,,,,NVIDIA A100-SXM4-40GB MIG 4g.20gb (0),1,,13,"void convert_kernel<__half2, float2>(tensor_layout_any, T1 *, tensor_layout_any, const T2 *)"
2691259782,9984,28895,,,,,,,,,,0.094,9384.591,Pinned,Device,NVIDIA A100-SXM4-40GB MIG 4g.20gb (0),1,,13,[CUDA memcpy Host-to-Device]
2691333925,628505,28896,,,,,,,,,,456.561,726389.251,Device,,NVIDIA A100-SXM4-40GB MIG 4g.20gb (0),1,,13,[CUDA memset]
2691965726,50527,28901,,,,,,,,,,1.235,24440.777,Pinned,Device,NVIDIA A100-SXM4-40GB MIG 4g.20gb (0),1,,13,[CUDA memcpy Host-to-Device]
2692018685,9408,28902,,,,,,,,,,0.197,20897.858,Pinned,Device,NVIDIA A100-SXM4-40GB MIG 4g.20gb (0),1,,13,[CUDA memcpy Host-to-Device]
2692053373,11072,28903,69,4,1,48,1,1,76,0.002,0.000,,,,,NVIDIA A100-SXM4-40GB MIG 4g.20gb (0),1,,13,"void ch_est::windowedChEstPreNoDftSOfdmKernel<float, __half, float, (unsigned int)2, (unsigned int)1, (unsigned short)4>(ch_est::puschRxChEstStatDescr_t *, ch_est::puschRxChEstDynDescr_t *)"
2692065853,6720,28904,137,2,1,24,2,1,44,0.001,0.001,,,,,NVIDIA A100-SXM4-40GB MIG 4g.20gb (0),1,,13,"void ch_est::chEstFilterNoDftSOfdmDispatchKernel<float, __half, float, (unsigned int)2>(ch_est::puschRxChEstStatDescr_t *, ch_est::puschRxChEstDynDescr_t *)"
2692074301,5024,28905,137,2,1,24,2,1,44,0.001,0.001,,,,,NVIDIA A100-SXM4-40GB MIG 4g.20gb (0),1,,13,"void ch_est::chEstFilterNoDftSOfdmDispatchKernel<float, __half, float, (unsigned int)2>(ch_est::puschRxChEstStatDescr_t *, ch_est::puschRxChEstDynDescr_t *)"
2692080797,2624,28916,103,1,1,128,1,1,16,0.000,0.000,,,,,NVIDIA A100-SXM4-40GB MIG 4g.20gb (0),1,,13,cupy_copy__complex64_complex64
2692085020,14272,28926,1434,1,1,128,1,1,16,0.000,0.000,,,,,NVIDIA A100-SXM4-40GB MIG 4g.20gb (0),1,,13,cupy_copy__complex64_complex64
2692100764,2976,28933,103,1,1,128,1,1,16,0.000,0.000,,,,,NVIDIA A100-SXM4-40GB MIG 4g.20gb (0),1,,13,cupy_copy__complex64_complex64
2692149980,94175,28940,1,1,1,32,32,1,30,0.000,0.000,,,,,NVIDIA A100-SXM4-40GB MIG 4g.20gb (0),1,,13,"void convert_kernel<__half2, float2>(tensor_layout_any, T1 *, tensor_layout_any, const T2 *)"
2692273850,5376,28943,,,,,,,,,,0.094,17428.487,Pinned,Device,NVIDIA A100-SXM4-40GB MIG 4g.20gb (0),1,,13,[CUDA memcpy Host-to-Device]
2692325594,57695,28944,,,,,,,,,,35.810,620657.533,Device,,NVIDIA A100-SXM4-40GB MIG 4g.20gb (0),1,,13,[CUDA memset]
2692384665,1824,28946,,,,,,,,,,0.000,43.860,Pinned,Device,NVIDIA A100-SXM4-40GB MIG 4g.20gb (0),1,,13,[CUDA memcpy Host-to-Device]
2692389081,9952,28947,,,,,,,,,,0.197,19755.565,Pinned,Device,NVIDIA A100-SXM4-40GB MIG 4g.20gb (0),1,,13,[CUDA memcpy Host-to-Device]
2692454904,12704,28948,273,1,1,48,1,1,40,0.000,0.001,,,,,NVIDIA A100-SXM4-40GB MIG 4g.20gb (0),1,,13,"void pusch_noise_intf_est::noiseIntfEstNoDftSOfdmKernel<float, __half, float, float, (unsigned int)2, (unsigned int)1, (unsigned char)4, (unsigned char)4>(pusch_noise_intf_est::puschRxNoiseIntfEstDynDescr)"
2692470008,3040,28959,35,1,1,128,1,1,16,0.000,0.000,,,,,NVIDIA A100-SXM4-40GB MIG 4g.20gb (0),1,,13,cupy_copy__complex64_complex64
2692485560,2016,28968,1,1,1,1,1,1,18,0.000,0.000,,,,,NVIDIA A100-SXM4-40GB MIG 4g.20gb (0),1,,13,cupy_copy__float32_float32
2692495672,1600,28974,,,,,,,,,,0.000,2.500,Device,Pageable,NVIDIA A100-SXM4-40GB MIG 4g.20gb (0),1,,7,[CUDA memcpy Device-to-Host]
2692571607,27808,28985,1434,1,1,128,1,1,16,0.000,0.000,,,,,NVIDIA A100-SXM4-40GB MIG 4g.20gb (0),1,,13,cupy_copy__complex64_complex64
2692600759,2848,28992,103,1,1,128,1,1,16,0.000,0.000,,,,,NVIDIA A100-SXM4-40GB MIG 4g.20gb (0),1,,13,cupy_copy__complex64_complex64
2692611350,2304,28999,35,1,1,128,1,1,16,0.000,0.000,,,,,NVIDIA A100-SXM4-40GB MIG 4g.20gb (0),1,,13,cupy_copy__complex64_complex64
2692670486,2208,29006,1,1,1,1,1,1,18,0.000,0.000,,,,,NVIDIA A100-SXM4-40GB MIG 4g.20gb (0),1,,13,cupy_copy__float32_float32
2692768533,134238,29017,1,1,1,32,32,1,30,0.000,0.000,,,,,NVIDIA A100-SXM4-40GB MIG 4g.20gb (0),1,,13,"void convert_kernel<__half2, float2>(tensor_layout_any, T1 *, tensor_layout_any, const T2 *)"
2692933395,6272,29020,,,,,,,,,,0.094,14938.703,Pinned,Device,NVIDIA A100-SXM4-40GB MIG 4g.20gb (0),1,,13,[CUDA memcpy Host-to-Device]
2692948307,4256,29021,,,,,,,,,,1.547,363397.868,Device,,NVIDIA A100-SXM4-40GB MIG 4g.20gb (0),1,,13,[CUDA memset]
2692955250,3296,29026,,,,,,,,,,0.031,9495.144,Pinned,Device,NVIDIA A100-SXM4-40GB MIG 4g.20gb (0),1,,13,[CUDA memcpy Host-to-Device]
2692961202,9888,29027,,,,,,,,,,0.197,19883.360,Pinned,Device,NVIDIA A100-SXM4-40GB MIG 4g.20gb (0),1,,13,[CUDA memcpy Host-to-Device]
2693025330,22751,29028,273,1,1,8,4,1,39,0.002,0.000,,,,,NVIDIA A100-SXM4-40GB MIG 4g.20gb (0),1,,13,"void channel_eq::eqMmseCoefCompLowMimoKernel<float, float, float, (unsigned int)4, (unsigned int)1, (unsigned int)4>(const channel_eq::_puschRxChEqStatDescr *, channel_eq::_puschRxChEqCoefCompDynDescr)"
2693086929,12320,29029,273,1,1,12,11,1,51,0.002,0.000,,,,,NVIDIA A100-SXM4-40GB MIG 4g.20gb (0),1,,13,"void channel_eq::eqMmseSoftDemapKernel<float, __half, __half, float, (unsigned int)4, (unsigned short)16383>(channel_eq::_puschRxChEqStatDescr *, channel_eq::_puschRxChEqSoftDemapDynDescr)"
2693116785,285052,29030,1,1,1,32,32,1,30,0.000,0.000,,,,,NVIDIA A100-SXM4-40GB MIG 4g.20gb (0),1,,13,"void convert_kernel<float2, __half2>(tensor_layout_any, T1 *, tensor_layout_any, const T2 *)"
2693415437,21248,29042,2253,1,1,128,1,1,16,0.000,0.000,,,,,NVIDIA A100-SXM4-40GB MIG 4g.20gb (0),1,,13,cupy_copy__float16_float16
2693452237,4256,29051,282,1,1,128,1,1,16,0.000,0.000,,,,,NVIDIA A100-SXM4-40GB MIG 4g.20gb (0),1,,13,cupy_copy__complex64_complex64
2693501004,3040,29060,26,1,1,128,1,1,16,0.000,0.000,,,,,NVIDIA A100-SXM4-40GB MIG 4g.20gb (0),1,,13,cupy_copy__float32_float32
2693522028,7648,29069,103,1,1,128,1,1,16,0.000,0.000,,,,,NVIDIA A100-SXM4-40GB MIG 4g.20gb (0),1,,13,cupy_copy__complex64_complex64
2693531276,15072,29079,1434,1,1,128,1,1,16,0.000,0.000,,,,,NVIDIA A100-SXM4-40GB MIG 4g.20gb (0),1,,13,cupy_copy__complex64_complex64
2693557388,134270,29084,1,1,1,32,32,1,30,0.000,0.000,,,,,NVIDIA A100-SXM4-40GB MIG 4g.20gb (0),1,,13,"void convert_kernel<__half2, float2>(tensor_layout_any, T1 *, tensor_layout_any, const T2 *)"
2693745353,6432,29087,,,,,,,,,,0.094,14567.105,Pinned,Device,NVIDIA A100-SXM4-40GB MIG 4g.20gb (0),1,,13,[CUDA memcpy Host-to-Device]
2693816713,628728,29088,,,,,,,,,,456.561,725932.690,Device,,NVIDIA A100-SXM4-40GB MIG 4g.20gb (0),1,,13,[CUDA memset]
2694450465,52704,29093,,,,,,,,,,1.235,23430.593,Pinned,Device,NVIDIA A100-SXM4-40GB MIG 4g.20gb (0),1,,13,[CUDA memcpy Host-to-Device]
2694505633,9600,29094,,,,,,,,,,0.197,20479.869,Pinned,Device,NVIDIA A100-SXM4-40GB MIG 4g.20gb (0),1,,13,[CUDA memcpy Host-to-Device]
2694579680,13984,29095,69,4,1,48,1,1,76,0.002,0.000,,,,,NVIDIA A100-SXM4-40GB MIG 4g.20gb (0),1,,13,"void ch_est::windowedChEstPreNoDftSOfdmKernel<float, __half, float, (unsigned int)2, (unsigned int)1, (unsigned short)4>(ch_est::puschRxChEstStatDescr_t *, ch_est::puschRxChEstDynDescr_t *)"
2694606688,10015,29096,137,2,1,24,2,1,44,0.001,0.001,,,,,NVIDIA A100-SXM4-40GB MIG 4g.20gb (0),1,,13,"void ch_est::chEstFilterNoDftSOfdmDispatchKernel<float, __half, float, (unsigned int)2>(ch_est::puschRxChEstStatDescr_t *, ch_est::puschRxChEstDynDescr_t *)"
2694678239,8576,29097,137,2,1,24,2,1,44,0.001,0.001,,,,,NVIDIA A100-SXM4-40GB MIG 4g.20gb (0),1,,13,"void ch_est::chEstFilterNoDftSOfdmDispatchKernel<float, __half, float, (unsigned int)2>(ch_est::puschRxChEstStatDescr_t *, ch_est::puschRxChEstDynDescr_t *)"
2694701118,4288,29108,103,1,1,128,1,1,16,0.000,0.000,,,,,NVIDIA A100-SXM4-40GB MIG 4g.20gb (0),1,,13,cupy_copy__complex64_complex64
2694706814,15264,29118,1434,1,1,128,1,1,16,0.000,0.000,,,,,NVIDIA A100-SXM4-40GB MIG 4g.20gb (0),1,,13,cupy_copy__complex64_complex64
2694732158,4704,29125,103,1,1,128,1,1,16,0.000,0.000,,,,,NVIDIA A100-SXM4-40GB MIG 4g.20gb (0),1,,13,cupy_copy__complex64_complex64
2694781374,144862,29132,1,1,1,32,32,1,30,0.000,0.000,,,,,NVIDIA A100-SXM4-40GB MIG 4g.20gb (0),1,,13,"void convert_kernel<__half2, float2>(tensor_layout_any, T1 *, tensor_layout_any, const T2 *)"
2694954812,5375,29135,,,,,,,,,,0.094,17431.766,Pinned,Device,NVIDIA A100-SXM4-40GB MIG 4g.20gb (0),1,,13,[CUDA memcpy Host-to-Device]
2695000891,60927,29136,,,,,,,,,,35.810,587748.217,Device,,NVIDIA A100-SXM4-40GB MIG 4g.20gb (0),1,,13,[CUDA memset]
2695080378,9440,29138,,,,,,,,,,0.000,8.475,Pinned,Device,NVIDIA A100-SXM4-40GB MIG 4g.20gb (0),1,,13,[CUDA memcpy Host-to-Device]
2695099290,9504,29139,,,,,,,,,,0.197,20686.701,Pinned,Device,NVIDIA A100-SXM4-40GB MIG 4g.20gb (0),1,,13,[CUDA memcpy Host-to-Device]
2695178521,13888,29140,273,1,1,48,1,1,40,0.000,0.001,,,,,NVIDIA A100-SXM4-40GB MIG 4g.20gb (0),1,,13,"void pusch_noise_intf_est::noiseIntfEstNoDftSOfdmKernel<float, __half, float, float, (unsigned int)2, (unsigned int)1, (unsigned char)4, (unsigned char)4>(pusch_noise_intf_est::puschRxNoiseIntfEstDynDescr)"
2695204825,5632,29151,35,1,1,128,1,1,16,0.000,0.000,,,,,NVIDIA A100-SXM4-40GB MIG 4g.20gb (0),1,,13,cupy_copy__complex64_complex64
2695284984,2368,29160,1,1,1,1,1,1,18,0.000,0.000,,,,,NVIDIA A100-SXM4-40GB MIG 4g.20gb (0),1,,13,cupy_copy__float32_float32
2695295288,5536,29166,,,,,,,,,,0.000,0.723,Device,Pageable,NVIDIA A100-SXM4-40GB MIG 4g.20gb (0),1,,7,[CUDA memcpy Device-to-Host]
2695386583,17311,29177,1434,1,1,128,1,1,16,0.000,0.000,,,,,NVIDIA A100-SXM4-40GB MIG 4g.20gb (0),1,,13,cupy_copy__complex64_complex64
2695420086,6144,29184,103,1,1,128,1,1,16,0.000,0.000,,,,,NVIDIA A100-SXM4-40GB MIG 4g.20gb (0),1,,13,cupy_copy__complex64_complex64
2695473878,4063,29191,35,1,1,128,1,1,16,0.000,0.000,,,,,NVIDIA A100-SXM4-40GB MIG 4g.20gb (0),1,,13,cupy_copy__complex64_complex64
2695494037,2560,29198,1,1,1,1,1,1,18,0.000,0.000,,,,,NVIDIA A100-SXM4-40GB MIG 4g.20gb (0),1,,13,cupy_copy__float32_float32
2695604884,136446,29209,1,1,1,32,32,1,30,0.000,0.000,,,,,NVIDIA A100-SXM4-40GB MIG 4g.20gb (0),1,,13,"void convert_kernel<__half2, float2>(tensor_layout_any, T1 *, tensor_layout_any, const T2 *)"
2695771378,5376,29212,,,,,,,,,,0.094,17428.487,Pinned,Device,NVIDIA A100-SXM4-40GB MIG 4g.20gb (0),1,,13,[CUDA memcpy Host-to-Device]
2695798386,5952,29213,,,,,,,,,,1.547,259848.298,Device,,NVIDIA A100-SXM4-40GB MIG 4g.20gb (0),1,,13,[CUDA memset]
2695812370,3040,29218,,,,,,,,,,0.031,10294.725,Pinned,Device,NVIDIA A100-SXM4-40GB MIG 4g.20gb (0),1,,13,[CUDA memcpy Host-to-Device]
2695817810,10335,29219,,,,,,,,,,0.197,19023.397,Pinned,Device,NVIDIA A100-SXM4-40GB MIG 4g.20gb (0),1,,13,[CUDA memcpy Host-to-Device]
2695876273,30496,29220,273,1,1,8,4,1,39,0.002,0.000,,,,,NVIDIA A100-SXM4-40GB MIG 4g.20gb (0),1,,13,"void channel_eq::eqMmseCoefCompLowMimoKernel<float, float, float, (unsigned int)4, (unsigned int)1, (unsigned int)4>(const channel_eq::_puschRxChEqStatDescr *, channel_eq::_puschRxChEqCoefCompDynDescr)"
2695908433,8863,29221,273,1,1,12,11,1,51,0.002,0.000,,,,,NVIDIA A100-SXM4-40GB MIG 4g.20gb (0),1,,13,"void channel_eq::eqMmseSoftDemapKernel<float, __half, __half, float, (unsigned int)4, (unsigned short)16383>(channel_eq::_puschRxChEqStatDescr *, channel_eq::_puschRxChEqSoftDemapDynDescr)"
2695930512,436187,29222,1,1,1,32,32,1,30,0.000,0.000,,,,,NVIDIA A100-SXM4-40GB MIG 4g.20gb (0),1,,13,"void convert_kernel<float2, __half2>(tensor_layout_any, T1 *, tensor_layout_any, const T2 *)"
2696418699,15871,29234,2253,1,1,128,1,1,16,0.000,0.000,,,,,NVIDIA A100-SXM4-40GB MIG 4g.20gb (0),1,,13,cupy_copy__float16_float16
2696445354,6400,29243,282,1,1,128,1,1,16,0.000,0.000,,,,,NVIDIA A100-SXM4-40GB MIG 4g.20gb (0),1,,13,cupy_copy__complex64_complex64
2696497674,3008,29252,26,1,1,128,1,1,16,0.000,0.000,,,,,NVIDIA A100-SXM4-40GB MIG 4g.20gb (0),1,,13,cupy_copy__float32_float32
2696519402,8703,29261,103,1,1,128,1,1,16,0.000,0.000,,,,,NVIDIA A100-SXM4-40GB MIG 4g.20gb (0),1,,13,cupy_copy__complex64_complex64
2696529577,15456,29271,1434,1,1,128,1,1,16,0.000,0.000,,,,,NVIDIA A100-SXM4-40GB MIG 4g.20gb (0),1,,13,cupy_copy__complex64_complex64
2696556329,137215,29276,1,1,1,32,32,1,30,0.000,0.000,,,,,NVIDIA A100-SXM4-40GB MIG 4g.20gb (0),1,,13,"void convert_kernel<__half2, float2>(tensor_layout_any, T1 *, tensor_layout_any, const T2 *)"
2696722055,5344,29279,,,,,,,,,,0.094,17532.864,Pinned,Device,NVIDIA A100-SXM4-40GB MIG 4g.20gb (0),1,,13,[CUDA memcpy Host-to-Device]
2696732359,620633,29280,,,,,,,,,,456.561,735520.480,Device,,NVIDIA A100-SXM4-40GB MIG 4g.20gb (0),1,,13,[CUDA memset]
2697355712,66911,29285,,,,,,,,,,1.235,18456.238,Pinned,Device,NVIDIA A100-SXM4-40GB MIG 4g.20gb (0),1,,13,[CUDA memcpy Host-to-Device]
2697425311,9312,29286,,,,,,,,,,0.197,21113.340,Pinned,Device,NVIDIA A100-SXM4-40GB MIG 4g.20gb (0),1,,13,[CUDA memcpy Host-to-Device]
2697486974,14496,29287,69,4,1,48,1,1,76,0.002,0.000,,,,,NVIDIA A100-SXM4-40GB MIG 4g.20gb (0),1,,13,"void ch_est::windowedChEstPreNoDftSOfdmKernel<float, __half, float, (unsigned int)2, (unsigned int)1, (unsigned short)4>(ch_est::puschRxChEstStatDescr_t *, ch_est::puschRxChEstDynDescr_t *)"
2697516446,10272,29288,137,2,1,24,2,1,44,0.001,0.001,,,,,NVIDIA A100-SXM4-40GB MIG 4g.20gb (0),1,,13,"void ch_est::chEstFilterNoDftSOfdmDispatchKernel<float, __half, float, (unsigned int)2>(ch_est::puschRxChEstStatDescr_t *, ch_est::puschRxChEstDynDescr_t *)"
2697592957,12608,29289,137,2,1,24,2,1,44,0.001,0.001,,,,,NVIDIA A100-SXM4-40GB MIG 4g.20gb (0),1,,13,"void ch_est::chEstFilterNoDftSOfdmDispatchKernel<float, __half, float, (unsigned int)2>(ch_est::puschRxChEstStatDescr_t *, ch_est::puschRxChEstDynDescr_t *)"
2697619549,7040,29300,103,1,1,128,1,1,16,0.000,0.000,,,,,NVIDIA A100-SXM4-40GB MIG 4g.20gb (0),1,,13,cupy_copy__complex64_complex64
2697669212,18976,29310,1434,1,1,128,1,1,16,0.000,0.000,,,,,NVIDIA A100-SXM4-40GB MIG 4g.20gb (0),1,,13,cupy_copy__complex64_complex64
2697712124,2848,29317,103,1,1,128,1,1,16,0.000,0.000,,,,,NVIDIA A100-SXM4-40GB MIG 4g.20gb (0),1,,13,cupy_copy__complex64_complex64
2697731900,85503,29324,1,1,1,32,32,1,30,0.000,0.000,,,,,NVIDIA A100-SXM4-40GB MIG 4g.20gb (0),1,,13,"void convert_kernel<__half2, float2>(tensor_layout_any, T1 *, tensor_layout_any, const T2 *)"
2697845754,6240,29327,,,,,,,,,,0.094,15015.346,Pinned,Device,NVIDIA A100-SXM4-40GB MIG 4g.20gb (0),1,,13,[CUDA memcpy Host-to-Device]
2697906938,61375,29328,,,,,,,,,,35.810,583451.027,Device,,NVIDIA A100-SXM4-40GB MIG 4g.20gb (0),1,,13,[CUDA memset]
2697971513,1856,29330,,,,,,,,,,0.000,43.103,Pinned,Device,NVIDIA A100-SXM4-40GB MIG 4g.20gb (0),1,,13,[CUDA memcpy Host-to-Device]
2697975801,9344,29331,,,,,,,,,,0.197,21040.988,Pinned,Device,NVIDIA A100-SXM4-40GB MIG 4g.20gb (0),1,,13,[CUDA memcpy Host-to-Device]
2698050008,15840,29332,273,1,1,48,1,1,40,0.000,0.001,,,,,NVIDIA A100-SXM4-40GB MIG 4g.20gb (0),1,,13,"void pusch_noise_intf_est::noiseIntfEstNoDftSOfdmKernel<float, __half, float, float, (unsigned int)2, (unsigned int)1, (unsigned char)4, (unsigned char)4>(pusch_noise_intf_est::puschRxNoiseIntfEstDynDescr)"
2698077720,5888,29343,35,1,1,128,1,1,16,0.000,0.000,,,,,NVIDIA A100-SXM4-40GB MIG 4g.20gb (0),1,,13,cupy_copy__complex64_complex64
2698084920,1952,29352,1,1,1,1,1,1,18,0.000,0.000,,,,,NVIDIA A100-SXM4-40GB MIG 4g.20gb (0),1,,13,cupy_copy__float32_float32
2698091767,2080,29358,,,,,,,,,,0.000,1.923,Device,Pageable,NVIDIA A100-SXM4-40GB MIG 4g.20gb (0),1,,7,[CUDA memcpy Device-to-Host]
2698179670,16704,29369,1434,1,1,128,1,1,16,0.000,0.000,,,,,NVIDIA A100-SXM4-40GB MIG 4g.20gb (0),1,,13,cupy_copy__complex64_complex64
2698210710,4224,29376,103,1,1,128,1,1,16,0.000,0.000,,,,,NVIDIA A100-SXM4-40GB MIG 4g.20gb (0),1,,13,cupy_copy__complex64_complex64
2698258966,3103,29383,35,1,1,128,1,1,16,0.000,0.000,,,,,NVIDIA A100-SXM4-40GB MIG 4g.20gb (0),1,,13,cupy_copy__complex64_complex64
2698279861,2432,29390,1,1,1,1,1,1,18,0.000,0.000,,,,,NVIDIA A100-SXM4-40GB MIG 4g.20gb (0),1,,13,cupy_copy__float32_float32
2698384980,163102,29401,1,1,1,32,32,1,30,0.000,0.000,,,,,NVIDIA A100-SXM4-40GB MIG 4g.20gb (0),1,,13,"void convert_kernel<__half2, float2>(tensor_layout_any, T1 *, tensor_layout_any, const T2 *)"
2698592594,5408,29404,,,,,,,,,,0.094,17325.421,Pinned,Device,NVIDIA A100-SXM4-40GB MIG 4g.20gb (0),1,,13,[CUDA memcpy Host-to-Device]
2698616625,5568,29405,,,,,,,,,,1.547,277769.031,Device,,NVIDIA A100-SXM4-40GB MIG 4g.20gb (0),1,,13,[CUDA memset]
2698629073,3040,29410,,,,,,,,,,0.031,10294.725,Pinned,Device,NVIDIA A100-SXM4-40GB MIG 4g.20gb (0),1,,13,[CUDA memcpy Host-to-Device]
2698634705,9440,29411,,,,,,,,,,0.197,20827.079,Pinned,Device,NVIDIA A100-SXM4-40GB MIG 4g.20gb (0),1,,13,[CUDA memcpy Host-to-Device]
2698686033,11263,29412,273,1,1,8,4,1,39,0.002,0.000,,,,,NVIDIA A100-SXM4-40GB MIG 4g.20gb (0),1,,13,"void channel_eq::eqMmseCoefCompLowMimoKernel<float, float, float, (unsigned int)4, (unsigned int)1, (unsigned int)4>(const channel_eq::_puschRxChEqStatDescr *, channel_eq::_puschRxChEqCoefCompDynDescr)"
2698713936,10624,29413,273,1,1,12,11,1,51,0.002,0.000,,,,,NVIDIA A100-SXM4-40GB MIG 4g.20gb (0),1,,13,"void channel_eq::eqMmseSoftDemapKernel<float, __half, __half, float, (unsigned int)4, (unsigned short)16383>(channel_eq::_puschRxChEqStatDescr *, channel_eq::_puschRxChEqSoftDemapDynDescr)"
2698790063,434427,29414,1,1,1,32,32,1,30,0.000,0.000,,,,,NVIDIA A100-SXM4-40GB MIG 4g.20gb (0),1,,13,"void convert_kernel<float2, __half2>(tensor_layout_any, T1 *, tensor_layout_any, const T2 *)"
2699286762,22111,29426,2253,1,1,128,1,1,16,0.000,0.000,,,,,NVIDIA A100-SXM4-40GB MIG 4g.20gb (0),1,,13,cupy_copy__float16_float16
2699326761,5056,29435,282,1,1,128,1,1,16,0.000,0.000,,,,,NVIDIA A100-SXM4-40GB MIG 4g.20gb (0),1,,13,cupy_copy__complex64_complex64
2699405384,3680,29444,26,1,1,128,1,1,16,0.000,0.000,,,,,NVIDIA A100-SXM4-40GB MIG 4g.20gb (0),1,,13,cupy_copy__float32_float32
2699410312,3584,29453,103,1,1,128,1,1,16,0.000,0.000,,,,,NVIDIA A100-SXM4-40GB MIG 4g.20gb (0),1,,13,cupy_copy__complex64_complex64
2699432744,15328,29463,1434,1,1,128,1,1,16,0.000,0.000,,,,,NVIDIA A100-SXM4-40GB MIG 4g.20gb (0),1,,13,cupy_copy__complex64_complex64
2699488775,149503,29468,1,1,1,32,32,1,30,0.000,0.000,,,,,NVIDIA A100-SXM4-40GB MIG 4g.20gb (0),1,,13,"void convert_kernel<__half2, float2>(tensor_layout_any, T1 *, tensor_layout_any, const T2 *)"
2699669061,8320,29471,,,,,,,,,,0.094,11261.510,Pinned,Device,NVIDIA A100-SXM4-40GB MIG 4g.20gb (0),1,,13,[CUDA memcpy Host-to-Device]
2699710117,628537,29472,,,,,,,,,,456.561,725932.690,Device,,NVIDIA A100-SXM4-40GB MIG 4g.20gb (0),1,,13,[CUDA memset]
2700345982,50175,29477,,,,,,,,,,1.235,24612.434,Pinned,Device,NVIDIA A100-SXM4-40GB MIG 4g.20gb (0),1,,13,[CUDA memcpy Host-to-Device]
2700398653,9408,29478,,,,,,,,,,0.197,20897.858,Pinned,Device,NVIDIA A100-SXM4-40GB MIG 4g.20gb (0),1,,13,[CUDA memcpy Host-to-Device]
2700476380,11072,29479,69,4,1,48,1,1,76,0.002,0.000,,,,,NVIDIA A100-SXM4-40GB MIG 4g.20gb (0),1,,13,"void ch_est::windowedChEstPreNoDftSOfdmKernel<float, __half, float, (unsigned int)2, (unsigned int)1, (unsigned short)4>(ch_est::puschRxChEstStatDescr_t *, ch_est::puschRxChEstDynDescr_t *)"
2700504156,12288,29480,137,2,1,24,2,1,44,0.001,0.001,,,,,NVIDIA A100-SXM4-40GB MIG 4g.20gb (0),1,,13,"void ch_est::chEstFilterNoDftSOfdmDispatchKernel<float, __half, float, (unsigned int)2>(ch_est::puschRxChEstStatDescr_t *, ch_est::puschRxChEstDynDescr_t *)"
2700588827,9824,29481,137,2,1,24,2,1,44,0.001,0.001,,,,,NVIDIA A100-SXM4-40GB MIG 4g.20gb (0),1,,13,"void ch_est::chEstFilterNoDftSOfdmDispatchKernel<float, __half, float, (unsigned int)2>(ch_est::puschRxChEstStatDescr_t *, ch_est::puschRxChEstDynDescr_t *)"
2700614938,5312,29492,103,1,1,128,1,1,16,0.000,0.000,,,,,NVIDIA A100-SXM4-40GB MIG 4g.20gb (0),1,,13,cupy_copy__complex64_complex64
2700671450,20992,29502,1434,1,1,128,1,1,16,0.000,0.000,,,,,NVIDIA A100-SXM4-40GB MIG 4g.20gb (0),1,,13,cupy_copy__complex64_complex64
2700706713,4288,29509,103,1,1,128,1,1,16,0.000,0.000,,,,,NVIDIA A100-SXM4-40GB MIG 4g.20gb (0),1,,13,cupy_copy__complex64_complex64
2700713113,87295,29516,1,1,1,32,32,1,30,0.000,0.000,,,,,NVIDIA A100-SXM4-40GB MIG 4g.20gb (0),1,,13,"void convert_kernel<__half2, float2>(tensor_layout_any, T1 *, tensor_layout_any, const T2 *)"
2700829624,5504,29519,,,,,,,,,,0.094,17023.251,Pinned,Device,NVIDIA A100-SXM4-40GB MIG 4g.20gb (0),1,,13,[CUDA memcpy Host-to-Device]
2700908055,61055,29520,,,,,,,,,,35.810,586494.870,Device,,NVIDIA A100-SXM4-40GB MIG 4g.20gb (0),1,,13,[CUDA memset]
2700973270,1824,29522,,,,,,,,,,0.000,43.860,Pinned,Device,NVIDIA A100-SXM4-40GB MIG 4g.20gb (0),1,,13,[CUDA memcpy Host-to-Device]
2700977558,9408,29523,,,,,,,,,,0.197,20897.858,Pinned,Device,NVIDIA A100-SXM4-40GB MIG 4g.20gb (0),1,,13,[CUDA memcpy Host-to-Device]
2701085973,15712,29524,273,1,1,48,1,1,40,0.000,0.001,,,,,NVIDIA A100-SXM4-40GB MIG 4g.20gb (0),1,,13,"void pusch_noise_intf_est::noiseIntfEstNoDftSOfdmKernel<float, __half, float, float, (unsigned int)2, (unsigned int)1, (unsigned char)4, (unsigned char)4>(pusch_noise_intf_est::puschRxNoiseIntfEstDynDescr)"
2701114101,6720,29535,35,1,1,128,1,1,16,0.000,0.000,,,,,NVIDIA A100-SXM4-40GB MIG 4g.20gb (0),1,,13,cupy_copy__complex64_complex64
2701167572,2240,29544,1,1,1,1,1,1,18,0.000,0.000,,,,,NVIDIA A100-SXM4-40GB MIG 4g.20gb (0),1,,13,cupy_copy__float32_float32
2701170900,1696,29550,,,,,,,,,,0.000,2.358,Device,Pageable,NVIDIA A100-SXM4-40GB MIG 4g.20gb (0),1,,7,[CUDA memcpy Device-to-Host]
2701281267,17696,29561,1434,1,1,128,1,1,16,0.000,0.000,,,,,NVIDIA A100-SXM4-40GB MIG 4g.20gb (0),1,,13,cupy_copy__complex64_complex64
2701309586,2784,29568,103,1,1,128,1,1,16,0.000,0.000,,,,,NVIDIA A100-SXM4-40GB MIG 4g.20gb (0),1,,13,cupy_copy__complex64_complex64
2701378674,3488,29575,35,1,1,128,1,1,16,0.000,0.000,,,,,NVIDIA A100-SXM4-40GB MIG 4g.20gb (0),1,,13,cupy_copy__complex64_complex64
2701399217,2528,29582,1,1,1,1,1,1,18,0.000,0.000,,,,,NVIDIA A100-SXM4-40GB MIG 4g.20gb (0),1,,13,cupy_copy__float32_float32
2701496112,184894,29593,1,1,1,32,32,1,30,0.000,0.000,,,,,NVIDIA A100-SXM4-40GB MIG 4g.20gb (0),1,,13,"void convert_kernel<__half2, float2>(tensor_layout_any, T1 *, tensor_layout_any, const T2 *)"
2701717358,6432,29596,,,,,,,,,,0.094,14567.105,Pinned,Device,NVIDIA A100-SXM4-40GB MIG 4g.20gb (0),1,,13,[CUDA memcpy Host-to-Device]
2701800973,4768,29597,,,,,,,,,,1.547,324374.998,Device,,NVIDIA A100-SXM4-40GB MIG 4g.20gb (0),1,,13,[CUDA memset]
2701808397,3040,29602,,,,,,,,,,0.031,10294.725,Pinned,Device,NVIDIA A100-SXM4-40GB MIG 4g.20gb (0),1,,13,[CUDA memcpy Host-to-Device]
2701813933,9472,29603,,,,,,,,,,0.197,20756.693,Pinned,Device,NVIDIA A100-SXM4-40GB MIG 4g.20gb (0),1,,13,[CUDA memcpy Host-to-Device]
2701827437,8191,29604,273,1,1,8,4,1,39,0.002,0.000,,,,,NVIDIA A100-SXM4-40GB MIG 4g.20gb (0),1,,13,"void channel_eq::eqMmseCoefCompLowMimoKernel<float, float, float, (unsigned int)4, (unsigned int)1, (unsigned int)4>(const channel_eq::_puschRxChEqStatDescr *, channel_eq::_puschRxChEqCoefCompDynDescr)"
2701849036,11072,29605,273,1,1,12,11,1,51,0.002,0.000,,,,,NVIDIA A100-SXM4-40GB MIG 4g.20gb (0),1,,13,"void channel_eq::eqMmseSoftDemapKernel<float, __half, __half, float, (unsigned int)4, (unsigned short)16383>(channel_eq::_puschRxChEqStatDescr *, channel_eq::_puschRxChEqSoftDemapDynDescr)"
2701924331,433051,29606,1,1,1,32,32,1,30,0.000,0.000,,,,,NVIDIA A100-SXM4-40GB MIG 4g.20gb (0),1,,13,"void convert_kernel<float2, __half2>(tensor_layout_any, T1 *, tensor_layout_any, const T2 *)"
2702362022,12800,29618,2253,1,1,128,1,1,16,0.000,0.000,,,,,NVIDIA A100-SXM4-40GB MIG 4g.20gb (0),1,,13,cupy_copy__float16_float16
2702440037,7328,29627,282,1,1,128,1,1,16,0.000,0.000,,,,,NVIDIA A100-SXM4-40GB MIG 4g.20gb (0),1,,13,cupy_copy__complex64_complex64
2702448837,2368,29636,26,1,1,128,1,1,16,0.000,0.000,,,,,NVIDIA A100-SXM4-40GB MIG 4g.20gb (0),1,,13,cupy_copy__float32_float32
2702465701,10368,29645,103,1,1,128,1,1,16,0.000,0.000,,,,,NVIDIA A100-SXM4-40GB MIG 4g.20gb (0),1,,13,cupy_copy__complex64_complex64
2702514725,19583,29655,1434,1,1,128,1,1,16,0.000,0.000,,,,,NVIDIA A100-SXM4-40GB MIG 4g.20gb (0),1,,13,cupy_copy__complex64_complex64
2702551140,123455,29660,1,1,1,32,32,1,30,0.000,0.000,,,,,NVIDIA A100-SXM4-40GB MIG 4g.20gb (0),1,,13,"void convert_kernel<__half2, float2>(tensor_layout_any, T1 *, tensor_layout_any, const T2 *)"
2702703266,5664,29663,,,,,,,,,,0.094,16542.310,Pinned,Device,NVIDIA A100-SXM4-40GB MIG 4g.20gb (0),1,,13,[CUDA memcpy Host-to-Device]
2702736034,626809,29664,,,,,,,,,,456.561,728215.497,Device,,NVIDIA A100-SXM4-40GB MIG 4g.20gb (0),1,,13,[CUDA memset]
2703365723,51263,29669,,,,,,,,,,1.235,24090.053,Pinned,Device,NVIDIA A100-SXM4-40GB MIG 4g.20gb (0),1,,13,[CUDA memcpy Host-to-Device]
2703419450,9376,29670,,,,,,,,,,0.197,20969.226,Pinned,Device,NVIDIA A100-SXM4-40GB MIG 4g.20gb (0),1,,13,[CUDA memcpy Host-to-Device]
2703493817,12352,29671,69,4,1,48,1,1,76,0.002,0.000,,,,,NVIDIA A100-SXM4-40GB MIG 4g.20gb (0),1,,13,"void ch_est::windowedChEstPreNoDftSOfdmKernel<float, __half, float, (unsigned int)2, (unsigned int)1, (unsigned short)4>(ch_est::puschRxChEstStatDescr_t *, ch_est::puschRxChEstDynDescr_t *)"
2703520825,9632,29672,137,2,1,24,2,1,44,0.001,0.001,,,,,NVIDIA A100-SXM4-40GB MIG 4g.20gb (0),1,,13,"void ch_est::chEstFilterNoDftSOfdmDispatchKernel<float, __half, float, (unsigned int)2>(ch_est::puschRxChEstStatDescr_t *, ch_est::puschRxChEstDynDescr_t *)"
2703576568,9056,29673,137,2,1,24,2,1,44,0.001,0.001,,,,,NVIDIA A100-SXM4-40GB MIG 4g.20gb (0),1,,13,"void ch_est::chEstFilterNoDftSOfdmDispatchKernel<float, __half, float, (unsigned int)2>(ch_est::puschRxChEstStatDescr_t *, ch_est::puschRxChEstDynDescr_t *)"
2703599768,4288,29684,103,1,1,128,1,1,16,0.000,0.000,,,,,NVIDIA A100-SXM4-40GB MIG 4g.20gb (0),1,,13,cupy_copy__complex64_complex64
2703606232,14976,29694,1434,1,1,128,1,1,16,0.000,0.000,,,,,NVIDIA A100-SXM4-40GB MIG 4g.20gb (0),1,,13,cupy_copy__complex64_complex64
2703631480,4000,29701,103,1,1,128,1,1,16,0.000,0.000,,,,,NVIDIA A100-SXM4-40GB MIG 4g.20gb (0),1,,13,cupy_copy__complex64_complex64
2703682391,146335,29708,1,1,1,32,32,1,30,0.000,0.000,,,,,NVIDIA A100-SXM4-40GB MIG 4g.20gb (0),1,,13,"void convert_kernel<__half2, float2>(tensor_layout_any, T1 *, tensor_layout_any, const T2 *)"
2703868373,5696,29711,,,,,,,,,,0.094,16449.363,Pinned,Device,NVIDIA A100-SXM4-40GB MIG 4g.20gb (0),1,,13,[CUDA memcpy Host-to-Device]
2703898613,61471,29712,,,,,,,,,,35.810,582519.969,Device,,NVIDIA A100-SXM4-40GB MIG 4g.20gb (0),1,,13,[CUDA memset]
2703967412,1856,29714,,,,,,,,,,0.000,43.103,Pinned,Device,NVIDIA A100-SXM4-40GB MIG 4g.20gb (0),1,,13,[CUDA memcpy Host-to-Device]
2703971700,9472,29715,,,,,,,,,,0.197,20756.693,Pinned,Device,NVIDIA A100-SXM4-40GB MIG 4g.20gb (0),1,,13,[CUDA memcpy Host-to-Device]
2704085363,13023,29716,273,1,1,48,1,1,40,0.000,0.001,,,,,NVIDIA A100-SXM4-40GB MIG 4g.20gb (0),1,,13,"void pusch_noise_intf_est::noiseIntfEstNoDftSOfdmKernel<float, __half, float, float, (unsigned int)2, (unsigned int)1, (unsigned char)4, (unsigned char)4>(pusch_noise_intf_est::puschRxNoiseIntfEstDynDescr)"
2704109042,17088,29727,35,1,1,128,1,1,16,0.000,0.000,,,,,NVIDIA A100-SXM4-40GB MIG 4g.20gb (0),1,,13,cupy_copy__complex64_complex64
2704179953,2048,29736,1,1,1,1,1,1,18,0.000,0.000,,,,,NVIDIA A100-SXM4-40GB MIG 4g.20gb (0),1,,13,cupy_copy__float32_float32
2704184529,1696,29742,,,,,,,,,,0.000,2.358,Device,Pageable,NVIDIA A100-SXM4-40GB MIG 4g.20gb (0),1,,7,[CUDA memcpy Device-to-Host]
2704299760,17664,29753,1434,1,1,128,1,1,16,0.000,0.000,,,,,NVIDIA A100-SXM4-40GB MIG 4g.20gb (0),1,,13,cupy_copy__complex64_complex64
2704333712,5504,29760,103,1,1,128,1,1,16,0.000,0.000,,,,,NVIDIA A100-SXM4-40GB MIG 4g.20gb (0),1,,13,cupy_copy__complex64_complex64
2704381999,4000,29767,35,1,1,128,1,1,16,0.000,0.000,,,,,NVIDIA A100-SXM4-40GB MIG 4g.20gb (0),1,,13,cupy_copy__complex64_complex64
2704403599,2336,29774,1,1,1,1,1,1,18,0.000,0.000,,,,,NVIDIA A100-SXM4-40GB MIG 4g.20gb (0),1,,13,cupy_copy__float32_float32
2704499534,158110,29785,1,1,1,32,32,1,30,0.000,0.000,,,,,NVIDIA A100-SXM4-40GB MIG 4g.20gb (0),1,,13,"void convert_kernel<__half2, float2>(tensor_layout_any, T1 *, tensor_layout_any, const T2 *)"
2704700395,5376,29788,,,,,,,,,,0.094,17428.487,Pinned,Device,NVIDIA A100-SXM4-40GB MIG 4g.20gb (0),1,,13,[CUDA memcpy Host-to-Device]
2704785931,6815,29789,,,,,,,,,,1.547,226943.873,Device,,NVIDIA A100-SXM4-40GB MIG 4g.20gb (0),1,,13,[CUDA memset]
2704801642,2976,29794,,,,,,,,,,0.031,10516.113,Pinned,Device,NVIDIA A100-SXM4-40GB MIG 4g.20gb (0),1,,13,[CUDA memcpy Host-to-Device]
2704807050,11360,29795,,,,,,,,,,0.197,17307.009,Pinned,Device,NVIDIA A100-SXM4-40GB MIG 4g.20gb (0),1,,13,[CUDA memcpy Host-to-Device]
2704890857,9952,29796,273,1,1,8,4,1,39,0.002,0.000,,,,,NVIDIA A100-SXM4-40GB MIG 4g.20gb (0),1,,13,"void channel_eq::eqMmseCoefCompLowMimoKernel<float, float, float, (unsigned int)4, (unsigned int)1, (unsigned int)4>(const channel_eq::_puschRxChEqStatDescr *, channel_eq::_puschRxChEqCoefCompDynDescr)"
2704916649,15200,29797,273,1,1,12,11,1,51,0.002,0.000,,,,,NVIDIA A100-SXM4-40GB MIG 4g.20gb (0),1,,13,"void channel_eq::eqMmseSoftDemapKernel<float, __half, __half, float, (unsigned int)4, (unsigned short)16383>(channel_eq::_puschRxChEqStatDescr *, channel_eq::_puschRxChEqSoftDemapDynDescr)"
2704995080,416667,29798,1,1,1,32,32,1,30,0.000,0.000,,,,,NVIDIA A100-SXM4-40GB MIG 4g.20gb (0),1,,13,"void convert_kernel<float2, __half2>(tensor_layout_any, T1 *, tensor_layout_any, const T2 *)"
2705413283,13408,29810,2253,1,1,128,1,1,16,0.000,0.000,,,,,NVIDIA A100-SXM4-40GB MIG 4g.20gb (0),1,,13,cupy_copy__float16_float16
2705435171,5312,29819,282,1,1,128,1,1,16,0.000,0.000,,,,,NVIDIA A100-SXM4-40GB MIG 4g.20gb (0),1,,13,cupy_copy__complex64_complex64
2705484738,3424,29828,26,1,1,128,1,1,16,0.000,0.000,,,,,NVIDIA A100-SXM4-40GB MIG 4g.20gb (0),1,,13,cupy_copy__float32_float32
2705504802,8128,29837,103,1,1,128,1,1,16,0.000,0.000,,,,,NVIDIA A100-SXM4-40GB MIG 4g.20gb (0),1,,13,cupy_copy__complex64_complex64
2705514562,15360,29847,1434,1,1,128,1,1,16,0.000,0.000,,,,,NVIDIA A100-SXM4-40GB MIG 4g.20gb (0),1,,13,cupy_copy__complex64_complex64
2705567106,83647,29852,1,1,1,32,32,1,30,0.000,0.000,,,,,NVIDIA A100-SXM4-40GB MIG 4g.20gb (0),1,,13,"void convert_kernel<__half2, float2>(tensor_layout_any, T1 *, tensor_layout_any, const T2 *)"
2705680032,5504,29855,,,,,,,,,,0.094,17023.251,Pinned,Device,NVIDIA A100-SXM4-40GB MIG 4g.20gb (0),1,,13,[CUDA memcpy Host-to-Device]
2705751103,627129,29856,,,,,,,,,,456.561,727758.935,Device,,NVIDIA A100-SXM4-40GB MIG 4g.20gb (0),1,,13,[CUDA memset]
2706382392,50240,29861,,,,,,,,,,1.235,24580.325,Pinned,Device,NVIDIA A100-SXM4-40GB MIG 4g.20gb (0),1,,13,[CUDA memcpy Host-to-Device]
2706435064,9439,29862,,,,,,,,,,0.197,20829.241,Pinned,Device,NVIDIA A100-SXM4-40GB MIG 4g.20gb (0),1,,13,[CUDA memcpy Host-to-Device]
2706513143,13759,29863,69,4,1,48,1,1,76,0.002,0.000,,,,,NVIDIA A100-SXM4-40GB MIG 4g.20gb (0),1,,13,"void ch_est::windowedChEstPreNoDftSOfdmKernel<float, __half, float, (unsigned int)2, (unsigned int)1, (unsigned short)4>(ch_est::puschRxChEstStatDescr_t *, ch_est::puschRxChEstDynDescr_t *)"
2706540918,10720,29864,137,2,1,24,2,1,44,0.001,0.001,,,,,NVIDIA A100-SXM4-40GB MIG 4g.20gb (0),1,,13,"void ch_est::chEstFilterNoDftSOfdmDispatchKernel<float, __half, float, (unsigned int)2>(ch_est::puschRxChEstStatDescr_t *, ch_est::puschRxChEstDynDescr_t *)"
2706617749,10304,29865,137,2,1,24,2,1,44,0.001,0.001,,,,,NVIDIA A100-SXM4-40GB MIG 4g.20gb (0),1,,13,"void ch_est::chEstFilterNoDftSOfdmDispatchKernel<float, __half, float, (unsigned int)2>(ch_est::puschRxChEstStatDescr_t *, ch_est::puschRxChEstDynDescr_t *)"
2706643637,6048,29876,103,1,1,128,1,1,16,0.000,0.000,,,,,NVIDIA A100-SXM4-40GB MIG 4g.20gb (0),1,,13,cupy_copy__complex64_complex64
2706697141,16671,29886,1434,1,1,128,1,1,16,0.000,0.000,,,,,NVIDIA A100-SXM4-40GB MIG 4g.20gb (0),1,,13,cupy_copy__complex64_complex64
2706732500,4992,29893,103,1,1,128,1,1,16,0.000,0.000,,,,,NVIDIA A100-SXM4-40GB MIG 4g.20gb (0),1,,13,cupy_copy__complex64_complex64
2706738772,82687,29900,1,1,1,32,32,1,30,0.000,0.000,,,,,NVIDIA A100-SXM4-40GB MIG 4g.20gb (0),1,,13,"void convert_kernel<__half2, float2>(tensor_layout_any, T1 *, tensor_layout_any, const T2 *)"
2706857043,18239,29903,,,,,,,,,,0.094,5137.071,Pinned,Device,NVIDIA A100-SXM4-40GB MIG 4g.20gb (0),1,,13,[CUDA memcpy Host-to-Device]
2706964273,60896,29904,,,,,,,,,,35.810,588034.696,Device,,NVIDIA A100-SXM4-40GB MIG 4g.20gb (0),1,,13,[CUDA memset]
2707030705,1824,29906,,,,,,,,,,0.000,43.860,Pinned,Device,NVIDIA A100-SXM4-40GB MIG 4g.20gb (0),1,,13,[CUDA memcpy Host-to-Device]
2707035089,9408,29907,,,,,,,,,,0.197,20897.858,Pinned,Device,NVIDIA A100-SXM4-40GB MIG 4g.20gb (0),1,,13,[CUDA memcpy Host-to-Device]
2707127216,20831,29908,273,1,1,48,1,1,40,0.000,0.001,,,,,NVIDIA A100-SXM4-40GB MIG 4g.20gb (0),1,,13,"void pusch_noise_intf_est::noiseIntfEstNoDftSOfdmKernel<float, __half, float, float, (unsigned int)2, (unsigned int)1, (unsigned char)4, (unsigned char)4>(pusch_noise_intf_est::puschRxNoiseIntfEstDynDescr)"
2707160207,10496,29919,35,1,1,128,1,1,16,0.000,0.000,,,,,NVIDIA A100-SXM4-40GB MIG 4g.20gb (0),1,,13,cupy_copy__complex64_complex64
2707210863,2240,29928,1,1,1,1,1,1,18,0.000,0.000,,,,,NVIDIA A100-SXM4-40GB MIG 4g.20gb (0),1,,13,cupy_copy__float32_float32
2707218575,1632,29934,,,,,,,,,,0.000,2.451,Device,Pageable,NVIDIA A100-SXM4-40GB MIG 4g.20gb (0),1,,7,[CUDA memcpy Device-to-Host]
2707325805,17504,29945,1434,1,1,128,1,1,16,0.000,0.000,,,,,NVIDIA A100-SXM4-40GB MIG 4g.20gb (0),1,,13,cupy_copy__complex64_complex64
2707357101,3936,29952,103,1,1,128,1,1,16,0.000,0.000,,,,,NVIDIA A100-SXM4-40GB MIG 4g.20gb (0),1,,13,cupy_copy__complex64_complex64
2707408748,4000,29959,35,1,1,128,1,1,16,0.000,0.000,,,,,NVIDIA A100-SXM4-40GB MIG 4g.20gb (0),1,,13,cupy_copy__complex64_complex64
2707433068,2432,29966,1,1,1,1,1,1,18,0.000,0.000,,,,,NVIDIA A100-SXM4-40GB MIG 4g.20gb (0),1,,13,cupy_copy__float32_float32
2707533195,165566,29977,1,1,1,32,32,1,30,0.000,0.000,,,,,NVIDIA A100-SXM4-40GB MIG 4g.20gb (0),1,,13,"void convert_kernel<__half2, float2>(tensor_layout_any, T1 *, tensor_layout_any, const T2 *)"
2707727881,5536,29980,,,,,,,,,,0.094,16924.777,Pinned,Device,NVIDIA A100-SXM4-40GB MIG 4g.20gb (0),1,,13,[CUDA memcpy Host-to-Device]
2707742377,3967,29981,,,,,,,,,,1.547,389871.431,Device,,NVIDIA A100-SXM4-40GB MIG 4g.20gb (0),1,,13,[CUDA memset]
2707749384,3008,29986,,,,,,,,,,0.031,10404.230,Pinned,Device,NVIDIA A100-SXM4-40GB MIG 4g.20gb (0),1,,13,[CUDA memcpy Host-to-Device]
2707754536,10112,29987,,,,,,,,,,0.197,19442.958,Pinned,Device,NVIDIA A100-SXM4-40GB MIG 4g.20gb (0),1,,13,[CUDA memcpy Host-to-Device]
2707834791,9760,29988,273,1,1,8,4,1,39,0.002,0.000,,,,,NVIDIA A100-SXM4-40GB MIG 4g.20gb (0),1,,13,"void channel_eq::eqMmseCoefCompLowMimoKernel<float, float, float, (unsigned int)4, (unsigned int)1, (unsigned int)4>(const channel_eq::_puschRxChEqStatDescr *, channel_eq::_puschRxChEqCoefCompDynDescr)"
2707859623,11488,29989,273,1,1,12,11,1,51,0.002,0.000,,,,,NVIDIA A100-SXM4-40GB MIG 4g.20gb (0),1,,13,"void channel_eq::eqMmseSoftDemapKernel<float, __half, __half, float, (unsigned int)4, (unsigned short)16383>(channel_eq::_puschRxChEqStatDescr *, channel_eq::_puschRxChEqSoftDemapDynDescr)"
2707936902,440731,29990,1,1,1,32,32,1,30,0.000,0.000,,,,,NVIDIA A100-SXM4-40GB MIG 4g.20gb (0),1,,13,"void convert_kernel<float2, __half2>(tensor_layout_any, T1 *, tensor_layout_any, const T2 *)"
2708443136,16096,30002,2253,1,1,128,1,1,16,0.000,0.000,,,,,NVIDIA A100-SXM4-40GB MIG 4g.20gb (0),1,,13,cupy_copy__float16_float16
2708470496,7296,30011,282,1,1,128,1,1,16,0.000,0.000,,,,,NVIDIA A100-SXM4-40GB MIG 4g.20gb (0),1,,13,cupy_copy__complex64_complex64
2708525952,3167,30020,26,1,1,128,1,1,16,0.000,0.000,,,,,NVIDIA A100-SXM4-40GB MIG 4g.20gb (0),1,,13,cupy_copy__float32_float32
2708547359,9792,30029,103,1,1,128,1,1,16,0.000,0.000,,,,,NVIDIA A100-SXM4-40GB MIG 4g.20gb (0),1,,13,cupy_copy__complex64_complex64
2708559071,17728,30039,1434,1,1,128,1,1,16,0.000,0.000,,,,,NVIDIA A100-SXM4-40GB MIG 4g.20gb (0),1,,13,cupy_copy__complex64_complex64
2708589023,82719,30044,1,1,1,32,32,1,30,0.000,0.000,,,,,NVIDIA A100-SXM4-40GB MIG 4g.20gb (0),1,,13,"void convert_kernel<__half2, float2>(tensor_layout_any, T1 *, tensor_layout_any, const T2 *)"
2708701789,5376,30047,,,,,,,,,,0.094,17428.487,Pinned,Device,NVIDIA A100-SXM4-40GB MIG 4g.20gb (0),1,,13,[CUDA memcpy Host-to-Device]
2708761309,623737,30048,,,,,,,,,,456.561,731867.988,Device,,NVIDIA A100-SXM4-40GB MIG 4g.20gb (0),1,,13,[CUDA memset]
2709391510,52063,30053,,,,,,,,,,1.235,23719.569,Pinned,Device,NVIDIA A100-SXM4-40GB MIG 4g.20gb (0),1,,13,[CUDA memcpy Host-to-Device]
2709446037,9376,30054,,,,,,,,,,0.197,20969.226,Pinned,Device,NVIDIA A100-SXM4-40GB MIG 4g.20gb (0),1,,13,[CUDA memcpy Host-to-Device]
2709518292,10432,30055,69,4,1,48,1,1,76,0.002,0.000,,,,,NVIDIA A100-SXM4-40GB MIG 4g.20gb (0),1,,13,"void ch_est::windowedChEstPreNoDftSOfdmKernel<float, __half, float, (unsigned int)2, (unsigned int)1, (unsigned short)4>(ch_est::puschRxChEstStatDescr_t *, ch_est::puschRxChEstDynDescr_t *)"
2709543988,10016,30056,137,2,1,24,2,1,44,0.001,0.001,,,,,NVIDIA A100-SXM4-40GB MIG 4g.20gb (0),1,,13,"void ch_est::chEstFilterNoDftSOfdmDispatchKernel<float, __half, float, (unsigned int)2>(ch_est::puschRxChEstStatDescr_t *, ch_est::puschRxChEstDynDescr_t *)"
2709619859,10496,30057,137,2,1,24,2,1,44,0.001,0.001,,,,,NVIDIA A100-SXM4-40GB MIG 4g.20gb (0),1,,13,"void ch_est::chEstFilterNoDftSOfdmDispatchKernel<float, __half, float, (unsigned int)2>(ch_est::puschRxChEstStatDescr_t *, ch_est::puschRxChEstDynDescr_t *)"
2709648467,3840,30068,103,1,1,128,1,1,16,0.000,0.000,,,,,NVIDIA A100-SXM4-40GB MIG 4g.20gb (0),1,,13,cupy_copy__complex64_complex64
2709703506,16672,30078,1434,1,1,128,1,1,16,0.000,0.000,,,,,NVIDIA A100-SXM4-40GB MIG 4g.20gb (0),1,,13,cupy_copy__complex64_complex64
2709736466,4160,30085,103,1,1,128,1,1,16,0.000,0.000,,,,,NVIDIA A100-SXM4-40GB MIG 4g.20gb (0),1,,13,cupy_copy__complex64_complex64
2709742706,84991,30092,1,1,1,32,32,1,30,0.000,0.000,,,,,NVIDIA A100-SXM4-40GB MIG 4g.20gb (0),1,,13,"void convert_kernel<__half2, float2>(tensor_layout_any, T1 *, tensor_layout_any, const T2 *)"
2709856112,5888,30095,,,,,,,,,,0.094,15912.954,Pinned,Device,NVIDIA A100-SXM4-40GB MIG 4g.20gb (0),1,,13,[CUDA memcpy Host-to-Device]
2709926511,64448,30096,,,,,,,,,,35.810,555626.719,Device,,NVIDIA A100-SXM4-40GB MIG 4g.20gb (0),1,,13,[CUDA memset]
2709995311,1856,30098,,,,,,,,,,0.000,43.103,Pinned,Device,NVIDIA A100-SXM4-40GB MIG 4g.20gb (0),1,,13,[CUDA memcpy Host-to-Device]
2709999631,9663,30099,,,,,,,,,,0.197,20346.372,Pinned,Device,NVIDIA A100-SXM4-40GB MIG 4g.20gb (0),1,,13,[CUDA memcpy Host-to-Device]
2710096365,18784,30100,273,1,1,48,1,1,40,0.000,0.001,,,,,NVIDIA A100-SXM4-40GB MIG 4g.20gb (0),1,,13,"void pusch_noise_intf_est::noiseIntfEstNoDftSOfdmKernel<float, __half, float, float, (unsigned int)2, (unsigned int)1, (unsigned char)4, (unsigned char)4>(pusch_noise_intf_est::puschRxNoiseIntfEstDynDescr)"
2710128461,4832,30111,35,1,1,128,1,1,16,0.000,0.000,,,,,NVIDIA A100-SXM4-40GB MIG 4g.20gb (0),1,,13,cupy_copy__complex64_complex64
2710178253,2047,30120,1,1,1,1,1,1,18,0.000,0.000,,,,,NVIDIA A100-SXM4-40GB MIG 4g.20gb (0),1,,13,cupy_copy__float32_float32
2710184044,1760,30126,,,,,,,,,,0.000,2.273,Device,Pageable,NVIDIA A100-SXM4-40GB MIG 4g.20gb (0),1,,7,[CUDA memcpy Device-to-Host]
2710294091,17152,30137,1434,1,1,128,1,1,16,0.000,0.000,,,,,NVIDIA A100-SXM4-40GB MIG 4g.20gb (0),1,,13,cupy_copy__complex64_complex64
2710325387,5280,30144,103,1,1,128,1,1,16,0.000,0.000,,,,,NVIDIA A100-SXM4-40GB MIG 4g.20gb (0),1,,13,cupy_copy__complex64_complex64
2710380682,3904,30151,35,1,1,128,1,1,16,0.000,0.000,,,,,NVIDIA A100-SXM4-40GB MIG 4g.20gb (0),1,,13,cupy_copy__complex64_complex64
2710401002,2688,30158,1,1,1,1,1,1,18,0.000,0.000,,,,,NVIDIA A100-SXM4-40GB MIG 4g.20gb (0),1,,13,cupy_copy__float32_float32
2710510153,164926,30169,1,1,1,32,32,1,30,0.000,0.000,,,,,NVIDIA A100-SXM4-40GB MIG 4g.20gb (0),1,,13,"void convert_kernel<__half2, float2>(tensor_layout_any, T1 *, tensor_layout_any, const T2 *)"
2710705158,5728,30172,,,,,,,,,,0.094,16357.541,Pinned,Device,NVIDIA A100-SXM4-40GB MIG 4g.20gb (0),1,,13,[CUDA memcpy Host-to-Device]
2710730694,5792,30173,,,,,,,,,,1.547,267026.180,Device,,NVIDIA A100-SXM4-40GB MIG 4g.20gb (0),1,,13,[CUDA memset]
2710738950,3616,30178,,,,,,,,,,0.031,8654.846,Pinned,Device,NVIDIA A100-SXM4-40GB MIG 4g.20gb (0),1,,13,[CUDA memcpy Host-to-Device]
2710746054,9504,30179,,,,,,,,,,0.197,20686.701,Pinned,Device,NVIDIA A100-SXM4-40GB MIG 4g.20gb (0),1,,13,[CUDA memcpy Host-to-Device]
2710801061,22272,30180,273,1,1,8,4,1,39,0.002,0.000,,,,,NVIDIA A100-SXM4-40GB MIG 4g.20gb (0),1,,13,"void channel_eq::eqMmseCoefCompLowMimoKernel<float, float, float, (unsigned int)4, (unsigned int)1, (unsigned int)4>(const channel_eq::_puschRxChEqStatDescr *, channel_eq::_puschRxChEqCoefCompDynDescr)"
2710825669,7904,30181,273,1,1,12,11,1,51,0.002,0.000,,,,,NVIDIA A100-SXM4-40GB MIG 4g.20gb (0),1,,13,"void channel_eq::eqMmseSoftDemapKernel<float, __half, __half, float, (unsigned int)4, (unsigned short)16383>(channel_eq::_puschRxChEqStatDescr *, channel_eq::_puschRxChEqSoftDemapDynDescr)"
2710834789,283837,30182,1,1,1,32,32,1,30,0.000,0.000,,,,,NVIDIA A100-SXM4-40GB MIG 4g.20gb (0),1,,13,"void convert_kernel<float2, __half2>(tensor_layout_any, T1 *, tensor_layout_any, const T2 *)"
2711161697,24704,30194,2253,1,1,128,1,1,16,0.000,0.000,,,,,NVIDIA A100-SXM4-40GB MIG 4g.20gb (0),1,,13,cupy_copy__float16_float16
2711188481,3040,30203,282,1,1,128,1,1,16,0.000,0.000,,,,,NVIDIA A100-SXM4-40GB MIG 4g.20gb (0),1,,13,cupy_copy__complex64_complex64
2711193473,2144,30212,26,1,1,128,1,1,16,0.000,0.000,,,,,NVIDIA A100-SXM4-40GB MIG 4g.20gb (0),1,,13,cupy_copy__float32_float32
2711197697,3136,30221,103,1,1,128,1,1,16,0.000,0.000,,,,,NVIDIA A100-SXM4-40GB MIG 4g.20gb (0),1,,13,cupy_copy__complex64_complex64
2711202561,12768,30231,1434,1,1,128,1,1,16,0.000,0.000,,,,,NVIDIA A100-SXM4-40GB MIG 4g.20gb (0),1,,13,cupy_copy__complex64_complex64
2711254560,120127,30236,1,1,1,32,32,1,30,0.000,0.000,,,,,NVIDIA A100-SXM4-40GB MIG 4g.20gb (0),1,,13,"void convert_kernel<__half2, float2>(tensor_layout_any, T1 *, tensor_layout_any, const T2 *)"
2711403518,6912,30239,,,,,,,,,,0.094,13555.469,Pinned,Device,NVIDIA A100-SXM4-40GB MIG 4g.20gb (0),1,,13,[CUDA memcpy Host-to-Device]
2711444734,627449,30240,,,,,,,,,,456.561,727302.374,Device,,NVIDIA A100-SXM4-40GB MIG 4g.20gb (0),1,,13,[CUDA memset]
2712078263,50207,30245,,,,,,,,,,1.235,24596.380,Pinned,Device,NVIDIA A100-SXM4-40GB MIG 4g.20gb (0),1,,13,[CUDA memcpy Host-to-Device]
2712130902,9440,30246,,,,,,,,,,0.197,20827.079,Pinned,Device,NVIDIA A100-SXM4-40GB MIG 4g.20gb (0),1,,13,[CUDA memcpy Host-to-Device]
2712164246,11040,30247,69,4,1,48,1,1,76,0.002,0.000,,,,,NVIDIA A100-SXM4-40GB MIG 4g.20gb (0),1,,13,"void ch_est::windowedChEstPreNoDftSOfdmKernel<float, __half, float, (unsigned int)2, (unsigned int)1, (unsigned short)4>(ch_est::puschRxChEstStatDescr_t *, ch_est::puschRxChEstDynDescr_t *)"
2712177238,6559,30248,137,2,1,24,2,1,44,0.001,0.001,,,,,NVIDIA A100-SXM4-40GB MIG 4g.20gb (0),1,,13,"void ch_est::chEstFilterNoDftSOfdmDispatchKernel<float, __half, float, (unsigned int)2>(ch_est::puschRxChEstStatDescr_t *, ch_est::puschRxChEstDynDescr_t *)"
2712189141,5728,30249,137,2,1,24,2,1,44,0.001,0.001,,,,,NVIDIA A100-SXM4-40GB MIG 4g.20gb (0),1,,13,"void ch_est::chEstFilterNoDftSOfdmDispatchKernel<float, __half, float, (unsigned int)2>(ch_est::puschRxChEstStatDescr_t *, ch_est::puschRxChEstDynDescr_t *)"
2712197173,2592,30260,103,1,1,128,1,1,16,0.000,0.000,,,,,NVIDIA A100-SXM4-40GB MIG 4g.20gb (0),1,,13,cupy_copy__complex64_complex64
2712201141,14144,30270,1434,1,1,128,1,1,16,0.000,0.000,,,,,NVIDIA A100-SXM4-40GB MIG 4g.20gb (0),1,,13,cupy_copy__complex64_complex64
2712223637,2656,30277,103,1,1,128,1,1,16,0.000,0.000,,,,,NVIDIA A100-SXM4-40GB MIG 4g.20gb (0),1,,13,cupy_copy__complex64_complex64
2712279636,117407,30284,1,1,1,32,32,1,30,0.000,0.000,,,,,NVIDIA A100-SXM4-40GB MIG 4g.20gb (0),1,,13,"void convert_kernel<__half2, float2>(tensor_layout_any, T1 *, tensor_layout_any, const T2 *)"
2712427987,5376,30287,,,,,,,,,,0.094,17428.487,Pinned,Device,NVIDIA A100-SXM4-40GB MIG 4g.20gb (0),1,,13,[CUDA memcpy Host-to-Device]
2712462674,55968,30288,,,,,,,,,,35.810,639815.841,Device,,NVIDIA A100-SXM4-40GB MIG 4g.20gb (0),1,,13,[CUDA memset]
2712519986,2048,30290,,,,,,,,,,0.000,39.062,Pinned,Device,NVIDIA A100-SXM4-40GB MIG 4g.20gb (0),1,,13,[CUDA memcpy Host-to-Device]
2712524498,9823,30291,,,,,,,,,,0.197,20014.891,Pinned,Device,NVIDIA A100-SXM4-40GB MIG 4g.20gb (0),1,,13,[CUDA memcpy Host-to-Device]
2712597297,13376,30292,273,1,1,48,1,1,40,0.000,0.001,,,,,NVIDIA A100-SXM4-40GB MIG 4g.20gb (0),1,,13,"void pusch_noise_intf_est::noiseIntfEstNoDftSOfdmKernel<float, __half, float, float, (unsigned int)2, (unsigned int)1, (unsigned char)4, (unsigned char)4>(pusch_noise_intf_est::puschRxNoiseIntfEstDynDescr)"
2712612305,2656,30303,35,1,1,128,1,1,16,0.000,0.000,,,,,NVIDIA A100-SXM4-40GB MIG 4g.20gb (0),1,,13,cupy_copy__complex64_complex64
2712617168,2112,30312,1,1,1,1,1,1,18,0.000,0.000,,,,,NVIDIA A100-SXM4-40GB MIG 4g.20gb (0),1,,13,cupy_copy__float32_float32
2712626256,1600,30318,,,,,,,,,,0.000,2.500,Device,Pageable,NVIDIA A100-SXM4-40GB MIG 4g.20gb (0),1,,7,[CUDA memcpy Device-to-Host]
2712695344,36895,30329,1434,1,1,128,1,1,16,0.000,0.000,,,,,NVIDIA A100-SXM4-40GB MIG 4g.20gb (0),1,,13,cupy_copy__complex64_complex64
2712735503,3008,30336,103,1,1,128,1,1,16,0.000,0.000,,,,,NVIDIA A100-SXM4-40GB MIG 4g.20gb (0),1,,13,cupy_copy__complex64_complex64
2712740431,2688,30343,35,1,1,128,1,1,16,0.000,0.000,,,,,NVIDIA A100-SXM4-40GB MIG 4g.20gb (0),1,,13,cupy_copy__complex64_complex64
2712800206,2272,30350,1,1,1,1,1,1,18,0.000,0.000,,,,,NVIDIA A100-SXM4-40GB MIG 4g.20gb (0),1,,13,cupy_copy__float32_float32
2712905549,127039,30361,1,1,1,32,32,1,30,0.000,0.000,,,,,NVIDIA A100-SXM4-40GB MIG 4g.20gb (0),1,,13,"void convert_kernel<__half2, float2>(tensor_layout_any, T1 *, tensor_layout_any, const T2 *)"
2713062987,5376,30364,,,,,,,,,,0.094,17428.487,Pinned,Device,NVIDIA A100-SXM4-40GB MIG 4g.20gb (0),1,,13,[CUDA memcpy Host-to-Device]
2713097163,17440,30365,,,,,,,,,,1.547,88681.874,Device,,NVIDIA A100-SXM4-40GB MIG 4g.20gb (0),1,,13,[CUDA memset]
2713119819,22239,30370,,,,,,,,,,0.031,1407.256,Pinned,Device,NVIDIA A100-SXM4-40GB MIG 4g.20gb (0),1,,13,[CUDA memcpy Host-to-Device]
2713154730,18048,30371,,,,,,,,,,0.197,10893.459,Pinned,Device,NVIDIA A100-SXM4-40GB MIG 4g.20gb (0),1,,13,[CUDA memcpy Host-to-Device]
2713222378,27807,30372,273,1,1,8,4,1,39,0.002,0.000,,,,,NVIDIA A100-SXM4-40GB MIG 4g.20gb (0),1,,13,"void channel_eq::eqMmseCoefCompLowMimoKernel<float, float, float, (unsigned int)4, (unsigned int)1, (unsigned int)4>(const channel_eq::_puschRxChEqStatDescr *, channel_eq::_puschRxChEqCoefCompDynDescr)"
2713252777,7648,30373,273,1,1,12,11,1,51,0.002,0.000,,,,,NVIDIA A100-SXM4-40GB MIG 4g.20gb (0),1,,13,"void channel_eq::eqMmseSoftDemapKernel<float, __half, __half, float, (unsigned int)4, (unsigned short)16383>(channel_eq::_puschRxChEqStatDescr *, channel_eq::_puschRxChEqSoftDemapDynDescr)"
2713262217,282397,30374,1,1,1,32,32,1,30,0.000,0.000,,,,,NVIDIA A100-SXM4-40GB MIG 4g.20gb (0),1,,13,"void convert_kernel<float2, __half2>(tensor_layout_any, T1 *, tensor_layout_any, const T2 *)"
2713610181,26240,30386,2253,1,1,128,1,1,16,0.000,0.000,,,,,NVIDIA A100-SXM4-40GB MIG 4g.20gb (0),1,,13,cupy_copy__float16_float16
2713688292,6304,30395,282,1,1,128,1,1,16,0.000,0.000,,,,,NVIDIA A100-SXM4-40GB MIG 4g.20gb (0),1,,13,cupy_copy__complex64_complex64
2713860770,3424,30404,26,1,1,128,1,1,16,0.000,0.000,,,,,NVIDIA A100-SXM4-40GB MIG 4g.20gb (0),1,,13,cupy_copy__float32_float32
2713912482,6496,30413,103,1,1,128,1,1,16,0.000,0.000,,,,,NVIDIA A100-SXM4-40GB MIG 4g.20gb (0),1,,13,cupy_copy__complex64_complex64
2713979137,15776,30423,1434,1,1,128,1,1,16,0.000,0.000,,,,,NVIDIA A100-SXM4-40GB MIG 4g.20gb (0),1,,13,cupy_copy__complex64_complex64
2714037696,108223,30428,1,1,1,32,32,1,30,0.000,0.000,,,,,NVIDIA A100-SXM4-40GB MIG 4g.20gb (0),1,,13,"void convert_kernel<__half2, float2>(tensor_layout_any, T1 *, tensor_layout_any, const T2 *)"
2714174847,8895,30431,,,,,,,,,,0.094,10533.492,Pinned,Device,NVIDIA A100-SXM4-40GB MIG 4g.20gb (0),1,,13,[CUDA memcpy Host-to-Device]
2714224702,624249,30432,,,,,,,,,,456.561,730954.865,Device,,NVIDIA A100-SXM4-40GB MIG 4g.20gb (0),1,,13,[CUDA memset]
2714851671,50143,30437,,,,,,,,,,1.235,24627.253,Pinned,Device,NVIDIA A100-SXM4-40GB MIG 4g.20gb (0),1,,13,[CUDA memcpy Host-to-Device]
2714904246,9440,30438,,,,,,,,,,0.197,20827.079,Pinned,Device,NVIDIA A100-SXM4-40GB MIG 4g.20gb (0),1,,13,[CUDA memcpy Host-to-Device]
2715019765,8896,30439,69,4,1,48,1,1,76,0.002,0.000,,,,,NVIDIA A100-SXM4-40GB MIG 4g.20gb (0),1,,13,"void ch_est::windowedChEstPreNoDftSOfdmKernel<float, __half, float, (unsigned int)2, (unsigned int)1, (unsigned short)4>(ch_est::puschRxChEstStatDescr_t *, ch_est::puschRxChEstDynDescr_t *)"
2715081108,9152,30440,137,2,1,24,2,1,44,0.001,0.001,,,,,NVIDIA A100-SXM4-40GB MIG 4g.20gb (0),1,,13,"void ch_est::chEstFilterNoDftSOfdmDispatchKernel<float, __half, float, (unsigned int)2>(ch_est::puschRxChEstStatDescr_t *, ch_est::puschRxChEstDynDescr_t *)"
2715143315,14016,30441,137,2,1,24,2,1,44,0.001,0.001,,,,,NVIDIA A100-SXM4-40GB MIG 4g.20gb (0),1,,13,"void ch_est::chEstFilterNoDftSOfdmDispatchKernel<float, __half, float, (unsigned int)2>(ch_est::puschRxChEstStatDescr_t *, ch_est::puschRxChEstDynDescr_t *)"
2715200179,6016,30452,103,1,1,128,1,1,16,0.000,0.000,,,,,NVIDIA A100-SXM4-40GB MIG 4g.20gb (0),1,,13,cupy_copy__complex64_complex64
2715265074,20192,30462,1434,1,1,128,1,1,16,0.000,0.000,,,,,NVIDIA A100-SXM4-40GB MIG 4g.20gb (0),1,,13,cupy_copy__complex64_complex64
2715397809,5375,30469,103,1,1,128,1,1,16,0.000,0.000,,,,,NVIDIA A100-SXM4-40GB MIG 4g.20gb (0),1,,13,cupy_copy__complex64_complex64
2715458032,130238,30476,1,1,1,32,32,1,30,0.000,0.000,,,,,NVIDIA A100-SXM4-40GB MIG 4g.20gb (0),1,,13,"void convert_kernel<__half2, float2>(tensor_layout_any, T1 *, tensor_layout_any, const T2 *)"
2715617166,5408,30479,,,,,,,,,,0.094,17325.421,Pinned,Device,NVIDIA A100-SXM4-40GB MIG 4g.20gb (0),1,,13,[CUDA memcpy Host-to-Device]
2715693165,61599,30480,,,,,,,,,,35.810,581338.241,Device,,NVIDIA A100-SXM4-40GB MIG 4g.20gb (0),1,,13,[CUDA memset]
2715758636,1856,30482,,,,,,,,,,0.000,43.103,Pinned,Device,NVIDIA A100-SXM4-40GB MIG 4g.20gb (0),1,,13,[CUDA memcpy Host-to-Device]
2715762956,9376,30483,,,,,,,,,,0.197,20969.226,Pinned,Device,NVIDIA A100-SXM4-40GB MIG 4g.20gb (0),1,,13,[CUDA memcpy Host-to-Device]
2715815820,11712,30484,273,1,1,48,1,1,40,0.000,0.001,,,,,NVIDIA A100-SXM4-40GB MIG 4g.20gb (0),1,,13,"void pusch_noise_intf_est::noiseIntfEstNoDftSOfdmKernel<float, __half, float, float, (unsigned int)2, (unsigned int)1, (unsigned char)4, (unsigned char)4>(pusch_noise_intf_est::puschRxNoiseIntfEstDynDescr)"
2715885995,3520,30495,35,1,1,128,1,1,16,0.000,0.000,,,,,NVIDIA A100-SXM4-40GB MIG 4g.20gb (0),1,,13,cupy_copy__complex64_complex64
2715957290,6368,30504,1,1,1,1,1,1,18,0.000,0.000,,,,,NVIDIA A100-SXM4-40GB MIG 4g.20gb (0),1,,13,cupy_copy__float32_float32
2715965482,4192,30510,,,,,,,,,,0.000,0.954,Device,Pageable,NVIDIA A100-SXM4-40GB MIG 4g.20gb (0),1,,7,[CUDA memcpy Device-to-Host]
2716075753,16384,30521,1434,1,1,128,1,1,16,0.000,0.000,,,,,NVIDIA A100-SXM4-40GB MIG 4g.20gb (0),1,,13,cupy_copy__complex64_complex64
2716137768,3680,30528,103,1,1,128,1,1,16,0.000,0.000,,,,,NVIDIA A100-SXM4-40GB MIG 4g.20gb (0),1,,13,cupy_copy__complex64_complex64
2716203431,4256,30535,35,1,1,128,1,1,16,0.000,0.000,,,,,NVIDIA A100-SXM4-40GB MIG 4g.20gb (0),1,,13,cupy_copy__complex64_complex64
2716263943,2272,30542,1,1,1,1,1,1,18,0.000,0.000,,,,,NVIDIA A100-SXM4-40GB MIG 4g.20gb (0),1,,13,cupy_copy__float32_float32
2716323942,118719,30553,1,1,1,32,32,1,30,0.000,0.000,,,,,NVIDIA A100-SXM4-40GB MIG 4g.20gb (0),1,,13,"void convert_kernel<__half2, float2>(tensor_layout_any, T1 *, tensor_layout_any, const T2 *)"
2716476612,5376,30556,,,,,,,,,,0.094,17428.487,Pinned,Device,NVIDIA A100-SXM4-40GB MIG 4g.20gb (0),1,,13,[CUDA memcpy Host-to-Device]
2716560259,4736,30557,,,,,,,,,,1.547,326566.564,Device,,NVIDIA A100-SXM4-40GB MIG 4g.20gb (0),1,,13,[CUDA memset]
2716568163,3456,30562,,,,,,,,,,0.031,9055.529,Pinned,Device,NVIDIA A100-SXM4-40GB MIG 4g.20gb (0),1,,13,[CUDA memcpy Host-to-Device]
2716574019,9600,30563,,,,,,,,,,0.197,20479.869,Pinned,Device,NVIDIA A100-SXM4-40GB MIG 4g.20gb (0),1,,13,[CUDA memcpy Host-to-Device]
2716685282,13280,30564,273,1,1,8,4,1,39,0.002,0.000,,,,,NVIDIA A100-SXM4-40GB MIG 4g.20gb (0),1,,13,"void channel_eq::eqMmseCoefCompLowMimoKernel<float, float, float, (unsigned int)4, (unsigned int)1, (unsigned int)4>(const channel_eq::_puschRxChEqStatDescr *, channel_eq::_puschRxChEqCoefCompDynDescr)"
2716748673,14080,30565,273,1,1,12,11,1,51,0.002,0.000,,,,,NVIDIA A100-SXM4-40GB MIG 4g.20gb (0),1,,13,"void channel_eq::eqMmseSoftDemapKernel<float, __half, __half, float, (unsigned int)4, (unsigned short)16383>(channel_eq::_puschRxChEqStatDescr *, channel_eq::_puschRxChEqSoftDemapDynDescr)"
2716815872,387164,30566,1,1,1,32,32,1,30,0.000,0.000,,,,,NVIDIA A100-SXM4-40GB MIG 4g.20gb (0),1,,13,"void convert_kernel<float2, __half2>(tensor_layout_any, T1 *, tensor_layout_any, const T2 *)"
2717285627,17024,30578,2253,1,1,128,1,1,16,0.000,0.000,,,,,NVIDIA A100-SXM4-40GB MIG 4g.20gb (0),1,,13,cupy_copy__float16_float16
2717417369,4256,30587,282,1,1,128,1,1,16,0.000,0.000,,,,,NVIDIA A100-SXM4-40GB MIG 4g.20gb (0),1,,13,cupy_copy__complex64_complex64
2717472505,3264,30596,26,1,1,128,1,1,16,0.000,0.000,,,,,NVIDIA A100-SXM4-40GB MIG 4g.20gb (0),1,,13,cupy_copy__float32_float32
2717538936,6976,30605,103,1,1,128,1,1,16,0.000,0.000,,,,,NVIDIA A100-SXM4-40GB MIG 4g.20gb (0),1,,13,cupy_copy__complex64_complex64
2717610359,16864,30615,1434,1,1,128,1,1,16,0.000,0.000,,,,,NVIDIA A100-SXM4-40GB MIG 4g.20gb (0),1,,13,cupy_copy__complex64_complex64
2717676566,96223,30620,1,1,1,32,32,1,30,0.000,0.000,,,,,NVIDIA A100-SXM4-40GB MIG 4g.20gb (0),1,,13,"void convert_kernel<__half2, float2>(tensor_layout_any, T1 *, tensor_layout_any, const T2 *)"
2717801781,5472,30623,,,,,,,,,,0.094,17122.757,Pinned,Device,NVIDIA A100-SXM4-40GB MIG 4g.20gb (0),1,,13,[CUDA memcpy Host-to-Device]
2717859092,637337,30624,,,,,,,,,,456.561,716344.899,Device,,NVIDIA A100-SXM4-40GB MIG 4g.20gb (0),1,,13,[CUDA memset]
2718501165,78655,30629,,,,,,,,,,1.235,15699.843,Pinned,Device,NVIDIA A100-SXM4-40GB MIG 4g.20gb (0),1,,13,[CUDA memcpy Host-to-Device]
2718582668,10528,30630,,,,,,,,,,0.197,18674.614,Pinned,Device,NVIDIA A100-SXM4-40GB MIG 4g.20gb (0),1,,13,[CUDA memcpy Host-to-Device]
2718724298,14336,30631,69,4,1,48,1,1,76,0.002,0.000,,,,,NVIDIA A100-SXM4-40GB MIG 4g.20gb (0),1,,13,"void ch_est::windowedChEstPreNoDftSOfdmKernel<float, __half, float, (unsigned int)2, (unsigned int)1, (unsigned short)4>(ch_est::puschRxChEstStatDescr_t *, ch_est::puschRxChEstDynDescr_t *)"
2718786506,6751,30632,137,2,1,24,2,1,44,0.001,0.001,,,,,NVIDIA A100-SXM4-40GB MIG 4g.20gb (0),1,,13,"void ch_est::chEstFilterNoDftSOfdmDispatchKernel<float, __half, float, (unsigned int)2>(ch_est::puschRxChEstStatDescr_t *, ch_est::puschRxChEstDynDescr_t *)"
2718851081,16448,30633,137,2,1,24,2,1,44,0.001,0.001,,,,,NVIDIA A100-SXM4-40GB MIG 4g.20gb (0),1,,13,"void ch_est::chEstFilterNoDftSOfdmDispatchKernel<float, __half, float, (unsigned int)2>(ch_est::puschRxChEstStatDescr_t *, ch_est::puschRxChEstDynDescr_t *)"
2718908840,7008,30644,103,1,1,128,1,1,16,0.000,0.000,,,,,NVIDIA A100-SXM4-40GB MIG 4g.20gb (0),1,,13,cupy_copy__complex64_complex64
2718975015,26752,30654,1434,1,1,128,1,1,16,0.000,0.000,,,,,NVIDIA A100-SXM4-40GB MIG 4g.20gb (0),1,,13,cupy_copy__complex64_complex64
2719108134,7712,30661,103,1,1,128,1,1,16,0.000,0.000,,,,,NVIDIA A100-SXM4-40GB MIG 4g.20gb (0),1,,13,cupy_copy__complex64_complex64
2719164037,120959,30668,1,1,1,32,32,1,30,0.000,0.000,,,,,NVIDIA A100-SXM4-40GB MIG 4g.20gb (0),1,,13,"void convert_kernel<__half2, float2>(tensor_layout_any, T1 *, tensor_layout_any, const T2 *)"
2719313444,12895,30671,,,,,,,,,,0.094,7266.031,Pinned,Device,NVIDIA A100-SXM4-40GB MIG 4g.20gb (0),1,,13,[CUDA memcpy Host-to-Device]
2719351587,57919,30672,,,,,,,,,,35.810,618258.269,Device,,NVIDIA A100-SXM4-40GB MIG 4g.20gb (0),1,,13,[CUDA memset]
2719414274,2816,30674,,,,,,,,,,0.000,28.409,Pinned,Device,NVIDIA A100-SXM4-40GB MIG 4g.20gb (0),1,,13,[CUDA memcpy Host-to-Device]
2719420738,10016,30675,,,,,,,,,,0.197,19629.343,Pinned,Device,NVIDIA A100-SXM4-40GB MIG 4g.20gb (0),1,,13,[CUDA memcpy Host-to-Device]
2719577696,20320,30676,273,1,1,48,1,1,40,0.000,0.001,,,,,NVIDIA A100-SXM4-40GB MIG 4g.20gb (0),1,,13,"void pusch_noise_intf_est::noiseIntfEstNoDftSOfdmKernel<float, __half, float, float, (unsigned int)2, (unsigned int)1, (unsigned char)4, (unsigned char)4>(pusch_noise_intf_est::puschRxNoiseIntfEstDynDescr)"
2719636352,4448,30687,35,1,1,128,1,1,16,0.000,0.000,,,,,NVIDIA A100-SXM4-40GB MIG 4g.20gb (0),1,,13,cupy_copy__complex64_complex64
2719712511,2176,30696,1,1,1,1,1,1,18,0.000,0.000,,,,,NVIDIA A100-SXM4-40GB MIG 4g.20gb (0),1,,13,cupy_copy__float32_float32
2719716351,1600,30702,,,,,,,,,,0.000,2.500,Device,Pageable,NVIDIA A100-SXM4-40GB MIG 4g.20gb (0),1,,7,[CUDA memcpy Device-to-Host]
2719824638,19807,30713,1434,1,1,128,1,1,16,0.000,0.000,,,,,NVIDIA A100-SXM4-40GB MIG 4g.20gb (0),1,,13,cupy_copy__complex64_complex64
2719954428,4672,30720,103,1,1,128,1,1,16,0.000,0.000,,,,,NVIDIA A100-SXM4-40GB MIG 4g.20gb (0),1,,13,cupy_copy__complex64_complex64
2720008540,3935,30727,35,1,1,128,1,1,16,0.000,0.000,,,,,NVIDIA A100-SXM4-40GB MIG 4g.20gb (0),1,,13,cupy_copy__complex64_complex64
2720073563,6560,30734,1,1,1,1,1,1,18,0.000,0.000,,,,,NVIDIA A100-SXM4-40GB MIG 4g.20gb (0),1,,13,cupy_copy__float32_float32
2720124442,143871,30745,1,1,1,32,32,1,30,0.000,0.000,,,,,NVIDIA A100-SXM4-40GB MIG 4g.20gb (0),1,,13,"void convert_kernel<__half2, float2>(tensor_layout_any, T1 *, tensor_layout_any, const T2 *)"
2720297848,5376,30748,,,,,,,,,,0.094,17428.487,Pinned,Device,NVIDIA A100-SXM4-40GB MIG 4g.20gb (0),1,,13,[CUDA memcpy Host-to-Device]
2720362839,9024,30749,,,,,,,,,,1.547,171389.139,Device,,NVIDIA A100-SXM4-40GB MIG 4g.20gb (0),1,,13,[CUDA memset]
2720378871,3040,30754,,,,,,,,,,0.031,10294.725,Pinned,Device,NVIDIA A100-SXM4-40GB MIG 4g.20gb (0),1,,13,[CUDA memcpy Host-to-Device]
2720384343,9408,30755,,,,,,,,,,0.197,20897.858,Pinned,Device,NVIDIA A100-SXM4-40GB MIG 4g.20gb (0),1,,13,[CUDA memcpy Host-to-Device]
2720425303,18112,30756,273,1,1,8,4,1,39,0.002,0.000,,,,,NVIDIA A100-SXM4-40GB MIG 4g.20gb (0),1,,13,"void channel_eq::eqMmseCoefCompLowMimoKernel<float, float, float, (unsigned int)4, (unsigned int)1, (unsigned int)4>(const channel_eq::_puschRxChEqStatDescr *, channel_eq::_puschRxChEqCoefCompDynDescr)"
2720488342,13600,30757,273,1,1,12,11,1,51,0.002,0.000,,,,,NVIDIA A100-SXM4-40GB MIG 4g.20gb (0),1,,13,"void channel_eq::eqMmseSoftDemapKernel<float, __half, __half, float, (unsigned int)4, (unsigned short)16383>(channel_eq::_puschRxChEqStatDescr *, channel_eq::_puschRxChEqSoftDemapDynDescr)"
2720562197,382620,30758,1,1,1,32,32,1,30,0.000,0.000,,,,,NVIDIA A100-SXM4-40GB MIG 4g.20gb (0),1,,13,"void convert_kernel<float2, __half2>(tensor_layout_any, T1 *, tensor_layout_any, const T2 *)"
2721035856,14816,30770,2253,1,1,128,1,1,16,0.000,0.000,,,,,NVIDIA A100-SXM4-40GB MIG 4g.20gb (0),1,,13,cupy_copy__float16_float16
2721103407,4256,30779,282,1,1,128,1,1,16,0.000,0.000,,,,,NVIDIA A100-SXM4-40GB MIG 4g.20gb (0),1,,13,cupy_copy__complex64_complex64
2721164590,3136,30788,26,1,1,128,1,1,16,0.000,0.000,,,,,NVIDIA A100-SXM4-40GB MIG 4g.20gb (0),1,,13,cupy_copy__float32_float32
2721216430,15871,30797,103,1,1,128,1,1,16,0.000,0.000,,,,,NVIDIA A100-SXM4-40GB MIG 4g.20gb (0),1,,13,cupy_copy__complex64_complex64
2721288205,27711,30807,1434,1,1,128,1,1,16,0.000,0.000,,,,,NVIDIA A100-SXM4-40GB MIG 4g.20gb (0),1,,13,cupy_copy__complex64_complex64
2721352780,102271,30812,1,1,1,32,32,1,30,0.000,0.000,,,,,NVIDIA A100-SXM4-40GB MIG 4g.20gb (0),1,,13,"void convert_kernel<__half2, float2>(tensor_layout_any, T1 *, tensor_layout_any, const T2 *)"
2721483787,5408,30815,,,,,,,,,,0.094,17325.421,Pinned,Device,NVIDIA A100-SXM4-40GB MIG 4g.20gb (0),1,,13,[CUDA memcpy Host-to-Device]
2721544330,626105,30816,,,,,,,,,,456.561,729128.620,Device,,NVIDIA A100-SXM4-40GB MIG 4g.20gb (0),1,,13,[CUDA memset]
2722173187,52863,30821,,,,,,,,,,1.235,23360.201,Pinned,Device,NVIDIA A100-SXM4-40GB MIG 4g.20gb (0),1,,13,[CUDA memcpy Host-to-Device]
2722228514,9536,30822,,,,,,,,,,0.197,20617.298,Pinned,Device,NVIDIA A100-SXM4-40GB MIG 4g.20gb (0),1,,13,[CUDA memcpy Host-to-Device]
2722349857,8928,30823,69,4,1,48,1,1,76,0.002,0.000,,,,,NVIDIA A100-SXM4-40GB MIG 4g.20gb (0),1,,13,"void ch_est::windowedChEstPreNoDftSOfdmKernel<float, __half, float, (unsigned int)2, (unsigned int)1, (unsigned short)4>(ch_est::puschRxChEstStatDescr_t *, ch_est::puschRxChEstDynDescr_t *)"
2722409856,13216,30824,137,2,1,24,2,1,44,0.001,0.001,,,,,NVIDIA A100-SXM4-40GB MIG 4g.20gb (0),1,,13,"void ch_est::chEstFilterNoDftSOfdmDispatchKernel<float, __half, float, (unsigned int)2>(ch_est::puschRxChEstStatDescr_t *, ch_est::puschRxChEstDynDescr_t *)"
2722479551,9920,30825,137,2,1,24,2,1,44,0.001,0.001,,,,,NVIDIA A100-SXM4-40GB MIG 4g.20gb (0),1,,13,"void ch_est::chEstFilterNoDftSOfdmDispatchKernel<float, __half, float, (unsigned int)2>(ch_est::puschRxChEstStatDescr_t *, ch_est::puschRxChEstDynDescr_t *)"
2722537374,4352,30836,103,1,1,128,1,1,16,0.000,0.000,,,,,NVIDIA A100-SXM4-40GB MIG 4g.20gb (0),1,,13,cupy_copy__complex64_complex64
2722601950,16160,30846,1434,1,1,128,1,1,16,0.000,0.000,,,,,NVIDIA A100-SXM4-40GB MIG 4g.20gb (0),1,,13,cupy_copy__complex64_complex64
2722661341,3328,30853,103,1,1,128,1,1,16,0.000,0.000,,,,,NVIDIA A100-SXM4-40GB MIG 4g.20gb (0),1,,13,cupy_copy__complex64_complex64
2722724540,104319,30860,1,1,1,32,32,1,30,0.000,0.000,,,,,NVIDIA A100-SXM4-40GB MIG 4g.20gb (0),1,,13,"void convert_kernel<__half2, float2>(tensor_layout_any, T1 *, tensor_layout_any, const T2 *)"
2722856827,5376,30863,,,,,,,,,,0.094,17428.487,Pinned,Device,NVIDIA A100-SXM4-40GB MIG 4g.20gb (0),1,,13,[CUDA memcpy Host-to-Device]
2722957498,65215,30864,,,,,,,,,,35.810,549073.503,Device,,NVIDIA A100-SXM4-40GB MIG 4g.20gb (0),1,,13,[CUDA memset]
2723029657,1856,30866,,,,,,,,,,0.000,43.103,Pinned,Device,NVIDIA A100-SXM4-40GB MIG 4g.20gb (0),1,,13,[CUDA memcpy Host-to-Device]
2723039193,10176,30867,,,,,,,,,,0.197,19320.668,Pinned,Device,NVIDIA A100-SXM4-40GB MIG 4g.20gb (0),1,,13,[CUDA memcpy Host-to-Device]
2723195095,13472,30868,273,1,1,48,1,1,40,0.000,0.001,,,,,NVIDIA A100-SXM4-40GB MIG 4g.20gb (0),1,,13,"void pusch_noise_intf_est::noiseIntfEstNoDftSOfdmKernel<float, __half, float, float, (unsigned int)2, (unsigned int)1, (unsigned char)4, (unsigned char)4>(pusch_noise_intf_est::puschRxNoiseIntfEstDynDescr)"
2723248982,4096,30879,35,1,1,128,1,1,16,0.000,0.000,,,,,NVIDIA A100-SXM4-40GB MIG 4g.20gb (0),1,,13,cupy_copy__complex64_complex64
2723315926,4767,30888,1,1,1,1,1,1,18,0.000,0.000,,,,,NVIDIA A100-SXM4-40GB MIG 4g.20gb (0),1,,13,cupy_copy__float32_float32
2723321813,7072,30894,,,,,,,,,,0.000,0.566,Device,Pageable,NVIDIA A100-SXM4-40GB MIG 4g.20gb (0),1,,7,[CUDA memcpy Device-to-Host]
2723449012,17984,30905,1434,1,1,128,1,1,16,0.000,0.000,,,,,NVIDIA A100-SXM4-40GB MIG 4g.20gb (0),1,,13,cupy_copy__complex64_complex64
2723515955,5760,30912,103,1,1,128,1,1,16,0.000,0.000,,,,,NVIDIA A100-SXM4-40GB MIG 4g.20gb (0),1,,13,cupy_copy__complex64_complex64
2723579698,4352,30919,35,1,1,128,1,1,16,0.000,0.000,,,,,NVIDIA A100-SXM4-40GB MIG 4g.20gb (0),1,,13,cupy_copy__complex64_complex64
2723632306,2272,30926,1,1,1,1,1,1,18,0.000,0.000,,,,,NVIDIA A100-SXM4-40GB MIG 4g.20gb (0),1,,13,cupy_copy__float32_float32
2723693841,139679,30937,1,1,1,32,32,1,30,0.000,0.000,,,,,NVIDIA A100-SXM4-40GB MIG 4g.20gb (0),1,,13,"void convert_kernel<__half2, float2>(tensor_layout_any, T1 *, tensor_layout_any, const T2 *)"
2723875727,5632,30940,,,,,,,,,,0.094,16636.287,Pinned,Device,NVIDIA A100-SXM4-40GB MIG 4g.20gb (0),1,,13,[CUDA memcpy Host-to-Device]
2723937902,7776,30941,,,,,,,,,,1.547,198895.846,Device,,NVIDIA A100-SXM4-40GB MIG 4g.20gb (0),1,,13,[CUDA memset]
2723952590,3200,30946,,,,,,,,,,0.031,9780.000,Pinned,Device,NVIDIA A100-SXM4-40GB MIG 4g.20gb (0),1,,13,[CUDA memcpy Host-to-Device]
2723958254,9536,30947,,,,,,,,,,0.197,20617.298,Pinned,Device,NVIDIA A100-SXM4-40GB MIG 4g.20gb (0),1,,13,[CUDA memcpy Host-to-Device]
2724063309,16672,30948,273,1,1,8,4,1,39,0.002,0.000,,,,,NVIDIA A100-SXM4-40GB MIG 4g.20gb (0),1,,13,"void channel_eq::eqMmseCoefCompLowMimoKernel<float, float, float, (unsigned int)4, (unsigned int)1, (unsigned int)4>(const channel_eq::_puschRxChEqStatDescr *, channel_eq::_puschRxChEqCoefCompDynDescr)"
2724125356,25024,30949,273,1,1,12,11,1,51,0.002,0.000,,,,,NVIDIA A100-SXM4-40GB MIG 4g.20gb (0),1,,13,"void channel_eq::eqMmseSoftDemapKernel<float, __half, __half, float, (unsigned int)4, (unsigned short)16383>(channel_eq::_puschRxChEqStatDescr *, channel_eq::_puschRxChEqSoftDemapDynDescr)"
2724200651,304925,30950,1,1,1,32,32,1,30,0.000,0.000,,,,,NVIDIA A100-SXM4-40GB MIG 4g.20gb (0),1,,13,"void convert_kernel<float2, __half2>(tensor_layout_any, T1 *, tensor_layout_any, const T2 *)"
2724567815,15808,30962,2253,1,1,128,1,1,16,0.000,0.000,,,,,NVIDIA A100-SXM4-40GB MIG 4g.20gb (0),1,,13,cupy_copy__float16_float16
2724631046,3552,30971,282,1,1,128,1,1,16,0.000,0.000,,,,,NVIDIA A100-SXM4-40GB MIG 4g.20gb (0),1,,13,cupy_copy__complex64_complex64
2724693734,3104,30980,26,1,1,128,1,1,16,0.000,0.000,,,,,NVIDIA A100-SXM4-40GB MIG 4g.20gb (0),1,,13,cupy_copy__float32_float32
2724745829,14752,30989,103,1,1,128,1,1,16,0.000,0.000,,,,,NVIDIA A100-SXM4-40GB MIG 4g.20gb (0),1,,13,cupy_copy__complex64_complex64
2724815780,17312,30999,1434,1,1,128,1,1,16,0.000,0.000,,,,,NVIDIA A100-SXM4-40GB MIG 4g.20gb (0),1,,13,cupy_copy__complex64_complex64
2724884099,110463,31004,1,1,1,32,32,1,30,0.000,0.000,,,,,NVIDIA A100-SXM4-40GB MIG 4g.20gb (0),1,,13,"void convert_kernel<__half2, float2>(tensor_layout_any, T1 *, tensor_layout_any, const T2 *)"
2725024034,5504,31007,,,,,,,,,,0.094,17023.251,Pinned,Device,NVIDIA A100-SXM4-40GB MIG 4g.20gb (0),1,,13,[CUDA memcpy Host-to-Device]
2725068065,623833,31008,,,,,,,,,,456.561,731411.427,Device,,NVIDIA A100-SXM4-40GB MIG 4g.20gb (0),1,,13,[CUDA memset]
2725693114,50240,31013,,,,,,,,,,1.235,24580.325,Pinned,Device,NVIDIA A100-SXM4-40GB MIG 4g.20gb (0),1,,13,[CUDA memcpy Host-to-Device]
2725745818,9343,31014,,,,,,,,,,0.197,21043.347,Pinned,Device,NVIDIA A100-SXM4-40GB MIG 4g.20gb (0),1,,13,[CUDA memcpy Host-to-Device]
2725862552,9344,31015,69,4,1,48,1,1,76,0.002,0.000,,,,,NVIDIA A100-SXM4-40GB MIG 4g.20gb (0),1,,13,"void ch_est::windowedChEstPreNoDftSOfdmKernel<float, __half, float, (unsigned int)2, (unsigned int)1, (unsigned short)4>(ch_est::puschRxChEstStatDescr_t *, ch_est::puschRxChEstDynDescr_t *)"
2725916376,16671,31016,137,2,1,24,2,1,44,0.001,0.001,,,,,NVIDIA A100-SXM4-40GB MIG 4g.20gb (0),1,,13,"void ch_est::chEstFilterNoDftSOfdmDispatchKernel<float, __half, float, (unsigned int)2>(ch_est::puschRxChEstStatDescr_t *, ch_est::puschRxChEstDynDescr_t *)"
2725981783,15744,31017,137,2,1,24,2,1,44,0.001,0.001,,,,,NVIDIA A100-SXM4-40GB MIG 4g.20gb (0),1,,13,"void ch_est::chEstFilterNoDftSOfdmDispatchKernel<float, __half, float, (unsigned int)2>(ch_est::puschRxChEstStatDescr_t *, ch_est::puschRxChEstDynDescr_t *)"
2726041718,4608,31028,103,1,1,128,1,1,16,0.000,0.000,,,,,NVIDIA A100-SXM4-40GB MIG 4g.20gb (0),1,,13,cupy_copy__complex64_complex64
2726106613,17760,31038,1434,1,1,128,1,1,16,0.000,0.000,,,,,NVIDIA A100-SXM4-40GB MIG 4g.20gb (0),1,,13,cupy_copy__complex64_complex64
2726233108,4384,31045,103,1,1,128,1,1,16,0.000,0.000,,,,,NVIDIA A100-SXM4-40GB MIG 4g.20gb (0),1,,13,cupy_copy__complex64_complex64
2726286355,125535,31052,1,1,1,32,32,1,30,0.000,0.000,,,,,NVIDIA A100-SXM4-40GB MIG 4g.20gb (0),1,,13,"void convert_kernel<__half2, float2>(tensor_layout_any, T1 *, tensor_layout_any, const T2 *)"
2726443730,5855,31055,,,,,,,,,,0.094,16002.715,Pinned,Device,NVIDIA A100-SXM4-40GB MIG 4g.20gb (0),1,,13,[CUDA memcpy Host-to-Device]
2726471441,58912,31056,,,,,,,,,,35.810,607837.582,Device,,NVIDIA A100-SXM4-40GB MIG 4g.20gb (0),1,,13,[CUDA memset]
2726532977,2048,31058,,,,,,,,,,0.000,39.062,Pinned,Device,NVIDIA A100-SXM4-40GB MIG 4g.20gb (0),1,,13,[CUDA memcpy Host-to-Device]
2726537456,9536,31059,,,,,,,,,,0.197,20617.298,Pinned,Device,NVIDIA A100-SXM4-40GB MIG 4g.20gb (0),1,,13,[CUDA memcpy Host-to-Device]
2726697807,13279,31060,273,1,1,48,1,1,40,0.000,0.001,,,,,NVIDIA A100-SXM4-40GB MIG 4g.20gb (0),1,,13,"void pusch_noise_intf_est::noiseIntfEstNoDftSOfdmKernel<float, __half, float, float, (unsigned int)2, (unsigned int)1, (unsigned char)4, (unsigned char)4>(pusch_noise_intf_est::puschRxNoiseIntfEstDynDescr)"
2726757038,3648,31071,35,1,1,128,1,1,16,0.000,0.000,,,,,NVIDIA A100-SXM4-40GB MIG 4g.20gb (0),1,,13,cupy_copy__complex64_complex64
2726815469,1920,31080,1,1,1,1,1,1,18,0.000,0.000,,,,,NVIDIA A100-SXM4-40GB MIG 4g.20gb (0),1,,13,cupy_copy__float32_float32
2726823853,1760,31086,,,,,,,,,,0.000,2.273,Device,Pageable,NVIDIA A100-SXM4-40GB MIG 4g.20gb (0),1,,7,[CUDA memcpy Device-to-Host]
2726932460,19392,31097,1434,1,1,128,1,1,16,0.000,0.000,,,,,NVIDIA A100-SXM4-40GB MIG 4g.20gb (0),1,,13,cupy_copy__complex64_complex64
2726996267,4896,31104,103,1,1,128,1,1,16,0.000,0.000,,,,,NVIDIA A100-SXM4-40GB MIG 4g.20gb (0),1,,13,cupy_copy__complex64_complex64
2727062762,6176,31111,35,1,1,128,1,1,16,0.000,0.000,,,,,NVIDIA A100-SXM4-40GB MIG 4g.20gb (0),1,,13,cupy_copy__complex64_complex64
2727132522,2208,31118,1,1,1,1,1,1,18,0.000,0.000,,,,,NVIDIA A100-SXM4-40GB MIG 4g.20gb (0),1,,13,cupy_copy__float32_float32
2727192169,128606,31129,1,1,1,32,32,1,30,0.000,0.000,,,,,NVIDIA A100-SXM4-40GB MIG 4g.20gb (0),1,,13,"void convert_kernel<__half2, float2>(tensor_layout_any, T1 *, tensor_layout_any, const T2 *)"
2727350119,5408,31132,,,,,,,,,,0.094,17325.421,Pinned,Device,NVIDIA A100-SXM4-40GB MIG 4g.20gb (0),1,,13,[CUDA memcpy Host-to-Device]
2727443782,5120,31133,,,,,,,,,,1.547,302074.227,Device,,NVIDIA A100-SXM4-40GB MIG 4g.20gb (0),1,,13,[CUDA memset]
2727456678,3072,31138,,,,,,,,,,0.031,10187.474,Pinned,Device,NVIDIA A100-SXM4-40GB MIG 4g.20gb (0),1,,13,[CUDA memcpy Host-to-Device]
2727462598,9472,31139,,,,,,,,,,0.197,20756.693,Pinned,Device,NVIDIA A100-SXM4-40GB MIG 4g.20gb (0),1,,13,[CUDA memcpy Host-to-Device]
2727556933,14208,31140,273,1,1,8,4,1,39,0.002,0.000,,,,,NVIDIA A100-SXM4-40GB MIG 4g.20gb (0),1,,13,"void channel_eq::eqMmseCoefCompLowMimoKernel<float, float, float, (unsigned int)4, (unsigned int)1, (unsigned int)4>(const channel_eq::_puschRxChEqStatDescr *, channel_eq::_puschRxChEqCoefCompDynDescr)"
2727619780,16160,31141,273,1,1,12,11,1,51,0.002,0.000,,,,,NVIDIA A100-SXM4-40GB MIG 4g.20gb (0),1,,13,"void channel_eq::eqMmseSoftDemapKernel<float, __half, __half, float, (unsigned int)4, (unsigned short)16383>(channel_eq::_puschRxChEqStatDescr *, channel_eq::_puschRxChEqSoftDemapDynDescr)"
2727694179,295805,31142,1,1,1,32,32,1,30,0.000,0.000,,,,,NVIDIA A100-SXM4-40GB MIG 4g.20gb (0),1,,13,"void convert_kernel<float2, __half2>(tensor_layout_any, T1 *, tensor_layout_any, const T2 *)"
2728057951,18752,31154,2253,1,1,128,1,1,16,0.000,0.000,,,,,NVIDIA A100-SXM4-40GB MIG 4g.20gb (0),1,,13,cupy_copy__float16_float16
2728127198,5504,31163,282,1,1,128,1,1,16,0.000,0.000,,,,,NVIDIA A100-SXM4-40GB MIG 4g.20gb (0),1,,13,cupy_copy__complex64_complex64
2728189021,3072,31172,26,1,1,128,1,1,16,0.000,0.000,,,,,NVIDIA A100-SXM4-40GB MIG 4g.20gb (0),1,,13,cupy_copy__float32_float32
2728240989,14016,31181,103,1,1,128,1,1,16,0.000,0.000,,,,,NVIDIA A100-SXM4-40GB MIG 4g.20gb (0),1,,13,cupy_copy__complex64_complex64
2728311068,15264,31191,1434,1,1,128,1,1,16,0.000,0.000,,,,,NVIDIA A100-SXM4-40GB MIG 4g.20gb (0),1,,13,cupy_copy__complex64_complex64
2728374267,93215,31196,1,1,1,32,32,1,30,0.000,0.000,,,,,NVIDIA A100-SXM4-40GB MIG 4g.20gb (0),1,,13,"void convert_kernel<__half2, float2>(tensor_layout_any, T1 *, tensor_layout_any, const T2 *)"
2728496538,5376,31199,,,,,,,,,,0.094,17428.487,Pinned,Device,NVIDIA A100-SXM4-40GB MIG 4g.20gb (0),1,,13,[CUDA memcpy Host-to-Device]
2728553721,630329,31200,,,,,,,,,,456.561,724106.444,Device,,NVIDIA A100-SXM4-40GB MIG 4g.20gb (0),1,,13,[CUDA memset]
2729184754,59039,31205,,,,,,,,,,1.235,20916.247,Pinned,Device,NVIDIA A100-SXM4-40GB MIG 4g.20gb (0),1,,13,[CUDA memcpy Host-to-Device]
2729246289,10464,31206,,,,,,,,,,0.197,18788.844,Pinned,Device,NVIDIA A100-SXM4-40GB MIG 4g.20gb (0),1,,13,[CUDA memcpy Host-to-Device]
2729362672,9440,31207,69,4,1,48,1,1,76,0.002,0.000,,,,,NVIDIA A100-SXM4-40GB MIG 4g.20gb (0),1,,13,"void ch_est::windowedChEstPreNoDftSOfdmKernel<float, __half, float, (unsigned int)2, (unsigned int)1, (unsigned short)4>(ch_est::puschRxChEstStatDescr_t *, ch_est::puschRxChEstDynDescr_t *)"
2729417807,8928,31208,137,2,1,24,2,1,44,0.001,0.001,,,,,NVIDIA A100-SXM4-40GB MIG 4g.20gb (0),1,,13,"void ch_est::chEstFilterNoDftSOfdmDispatchKernel<float, __half, float, (unsigned int)2>(ch_est::puschRxChEstStatDescr_t *, ch_est::puschRxChEstDynDescr_t *)"
2729479183,16831,31209,137,2,1,24,2,1,44,0.001,0.001,,,,,NVIDIA A100-SXM4-40GB MIG 4g.20gb (0),1,,13,"void ch_est::chEstFilterNoDftSOfdmDispatchKernel<float, __half, float, (unsigned int)2>(ch_est::puschRxChEstStatDescr_t *, ch_est::puschRxChEstDynDescr_t *)"
2729540942,4448,31220,103,1,1,128,1,1,16,0.000,0.000,,,,,NVIDIA A100-SXM4-40GB MIG 4g.20gb (0),1,,13,cupy_copy__complex64_complex64
2729605229,19520,31230,1434,1,1,128,1,1,16,0.000,0.000,,,,,NVIDIA A100-SXM4-40GB MIG 4g.20gb (0),1,,13,cupy_copy__complex64_complex64
2729728556,4480,31237,103,1,1,128,1,1,16,0.000,0.000,,,,,NVIDIA A100-SXM4-40GB MIG 4g.20gb (0),1,,13,cupy_copy__complex64_complex64
2729781291,141567,31244,1,1,1,32,32,1,30,0.000,0.000,,,,,NVIDIA A100-SXM4-40GB MIG 4g.20gb (0),1,,13,"void convert_kernel<__half2, float2>(tensor_layout_any, T1 *, tensor_layout_any, const T2 *)"
2729959977,5376,31247,,,,,,,,,,0.094,17428.487,Pinned,Device,NVIDIA A100-SXM4-40GB MIG 4g.20gb (0),1,,13,[CUDA memcpy Host-to-Device]
2730025672,58624,31248,,,,,,,,,,35.810,610809.805,Device,,NVIDIA A100-SXM4-40GB MIG 4g.20gb (0),1,,13,[CUDA memset]
2730086856,2080,31250,,,,,,,,,,0.000,38.462,Pinned,Device,NVIDIA A100-SXM4-40GB MIG 4g.20gb (0),1,,13,[CUDA memcpy Host-to-Device]
2730097064,12351,31251,,,,,,,,,,0.197,15918.367,Pinned,Device,NVIDIA A100-SXM4-40GB MIG 4g.20gb (0),1,,13,[CUDA memcpy Host-to-Device]
2730225158,28384,31252,273,1,1,48,1,1,40,0.000,0.001,,,,,NVIDIA A100-SXM4-40GB MIG 4g.20gb (0),1,,13,"void pusch_noise_intf_est::noiseIntfEstNoDftSOfdmKernel<float, __half, float, float, (unsigned int)2, (unsigned int)1, (unsigned char)4, (unsigned char)4>(pusch_noise_intf_est::puschRxNoiseIntfEstDynDescr)"
2730294853,4352,31263,35,1,1,128,1,1,16,0.000,0.000,,,,,NVIDIA A100-SXM4-40GB MIG 4g.20gb (0),1,,13,cupy_copy__complex64_complex64
2730346629,2784,31272,1,1,1,1,1,1,18,0.000,0.000,,,,,NVIDIA A100-SXM4-40GB MIG 4g.20gb (0),1,,13,cupy_copy__float32_float32
2730354597,1888,31278,,,,,,,,,,0.000,2.119,Device,Pageable,NVIDIA A100-SXM4-40GB MIG 4g.20gb (0),1,,7,[CUDA memcpy Device-to-Host]
2730472035,19776,31289,1434,1,1,128,1,1,16,0.000,0.000,,,,,NVIDIA A100-SXM4-40GB MIG 4g.20gb (0),1,,13,cupy_copy__complex64_complex64
2730552130,5504,31296,103,1,1,128,1,1,16,0.000,0.000,,,,,NVIDIA A100-SXM4-40GB MIG 4g.20gb (0),1,,13,cupy_copy__complex64_complex64
2730609666,3520,31303,35,1,1,128,1,1,16,0.000,0.000,,,,,NVIDIA A100-SXM4-40GB MIG 4g.20gb (0),1,,13,cupy_copy__complex64_complex64
2730669633,2144,31310,1,1,1,1,1,1,18,0.000,0.000,,,,,NVIDIA A100-SXM4-40GB MIG 4g.20gb (0),1,,13,cupy_copy__float32_float32
2730728416,137439,31321,1,1,1,32,32,1,30,0.000,0.000,,,,,NVIDIA A100-SXM4-40GB MIG 4g.20gb (0),1,,13,"void convert_kernel<__half2, float2>(tensor_layout_any, T1 *, tensor_layout_any, const T2 *)"
2730894942,5376,31324,,,,,,,,,,0.094,17428.487,Pinned,Device,NVIDIA A100-SXM4-40GB MIG 4g.20gb (0),1,,13,[CUDA memcpy Host-to-Device]
2730959838,7552,31325,,,,,,,,,,1.547,204796.217,Device,,NVIDIA A100-SXM4-40GB MIG 4g.20gb (0),1,,13,[CUDA memset]
2730971582,3039,31330,,,,,,,,,,0.031,10298.105,Pinned,Device,NVIDIA A100-SXM4-40GB MIG 4g.20gb (0),1,,13,[CUDA memcpy Host-to-Device]
2730977085,9504,31331,,,,,,,,,,0.197,20686.701,Pinned,Device,NVIDIA A100-SXM4-40GB MIG 4g.20gb (0),1,,13,[CUDA memcpy Host-to-Device]
2731024957,11264,31332,273,1,1,8,4,1,39,0.002,0.000,,,,,NVIDIA A100-SXM4-40GB MIG 4g.20gb (0),1,,13,"void channel_eq::eqMmseCoefCompLowMimoKernel<float, float, float, (unsigned int)4, (unsigned int)1, (unsigned int)4>(const channel_eq::_puschRxChEqStatDescr *, channel_eq::_puschRxChEqCoefCompDynDescr)"
2731084380,13440,31333,273,1,1,12,11,1,51,0.002,0.000,,,,,NVIDIA A100-SXM4-40GB MIG 4g.20gb (0),1,,13,"void channel_eq::eqMmseSoftDemapKernel<float, __half, __half, float, (unsigned int)4, (unsigned short)16383>(channel_eq::_puschRxChEqStatDescr *, channel_eq::_puschRxChEqSoftDemapDynDescr)"
2731167515,305853,31334,1,1,1,32,32,1,30,0.000,0.000,,,,,NVIDIA A100-SXM4-40GB MIG 4g.20gb (0),1,,13,"void convert_kernel<float2, __half2>(tensor_layout_any, T1 *, tensor_layout_any, const T2 *)"
2731549175,18176,31346,2253,1,1,128,1,1,16,0.000,0.000,,,,,NVIDIA A100-SXM4-40GB MIG 4g.20gb (0),1,,13,cupy_copy__float16_float16
2731617814,5504,31355,282,1,1,128,1,1,16,0.000,0.000,,,,,NVIDIA A100-SXM4-40GB MIG 4g.20gb (0),1,,13,cupy_copy__complex64_complex64
2731680021,3072,31364,26,1,1,128,1,1,16,0.000,0.000,,,,,NVIDIA A100-SXM4-40GB MIG 4g.20gb (0),1,,13,cupy_copy__float32_float32
2731732693,11552,31373,103,1,1,128,1,1,16,0.000,0.000,,,,,NVIDIA A100-SXM4-40GB MIG 4g.20gb (0),1,,13,cupy_copy__complex64_complex64
2731799828,14432,31383,1434,1,1,128,1,1,16,0.000,0.000,,,,,NVIDIA A100-SXM4-40GB MIG 4g.20gb (0),1,,13,cupy_copy__complex64_complex64
2731858035,107839,31388,1,1,1,32,32,1,30,0.000,0.000,,,,,NVIDIA A100-SXM4-40GB MIG 4g.20gb (0),1,,13,"void convert_kernel<__half2, float2>(tensor_layout_any, T1 *, tensor_layout_any, const T2 *)"
2731996210,5376,31391,,,,,,,,,,0.094,17428.487,Pinned,Device,NVIDIA A100-SXM4-40GB MIG 4g.20gb (0),1,,13,[CUDA memcpy Host-to-Device]
2732046129,626105,31392,,,,,,,,,,456.561,729128.620,Device,,NVIDIA A100-SXM4-40GB MIG 4g.20gb (0),1,,13,[CUDA memset]
2732673962,67583,31397,,,,,,,,,,1.235,18272.231,Pinned,Device,NVIDIA A100-SXM4-40GB MIG 4g.20gb (0),1,,13,[CUDA memcpy Host-to-Device]
2732744041,9376,31398,,,,,,,,,,0.197,20969.226,Pinned,Device,NVIDIA A100-SXM4-40GB MIG 4g.20gb (0),1,,13,[CUDA memcpy Host-to-Device]
2732845512,13536,31399,69,4,1,48,1,1,76,0.002,0.000,,,,,NVIDIA A100-SXM4-40GB MIG 4g.20gb (0),1,,13,"void ch_est::windowedChEstPreNoDftSOfdmKernel<float, __half, float, (unsigned int)2, (unsigned int)1, (unsigned short)4>(ch_est::puschRxChEstStatDescr_t *, ch_est::puschRxChEstDynDescr_t *)"
2732903591,12032,31400,137,2,1,24,2,1,44,0.001,0.001,,,,,NVIDIA A100-SXM4-40GB MIG 4g.20gb (0),1,,13,"void ch_est::chEstFilterNoDftSOfdmDispatchKernel<float, __half, float, (unsigned int)2>(ch_est::puschRxChEstStatDescr_t *, ch_est::puschRxChEstDynDescr_t *)"
2732969959,15551,31401,137,2,1,24,2,1,44,0.001,0.001,,,,,NVIDIA A100-SXM4-40GB MIG 4g.20gb (0),1,,13,"void ch_est::chEstFilterNoDftSOfdmDispatchKernel<float, __half, float, (unsigned int)2>(ch_est::puschRxChEstStatDescr_t *, ch_est::puschRxChEstDynDescr_t *)"
2733029894,4256,31412,103,1,1,128,1,1,16,0.000,0.000,,,,,NVIDIA A100-SXM4-40GB MIG 4g.20gb (0),1,,13,cupy_copy__complex64_complex64
2733097093,20448,31422,1434,1,1,128,1,1,16,0.000,0.000,,,,,NVIDIA A100-SXM4-40GB MIG 4g.20gb (0),1,,13,cupy_copy__complex64_complex64
2733221604,4768,31429,103,1,1,128,1,1,16,0.000,0.000,,,,,NVIDIA A100-SXM4-40GB MIG 4g.20gb (0),1,,13,cupy_copy__complex64_complex64
2733274403,123871,31436,1,1,1,32,32,1,30,0.000,0.000,,,,,NVIDIA A100-SXM4-40GB MIG 4g.20gb (0),1,,13,"void convert_kernel<__half2, float2>(tensor_layout_any, T1 *, tensor_layout_any, const T2 *)"
2733427681,5376,31439,,,,,,,,,,0.094,17428.487,Pinned,Device,NVIDIA A100-SXM4-40GB MIG 4g.20gb (0),1,,13,[CUDA memcpy Host-to-Device]
2733465409,59135,31440,,,,,,,,,,35.810,605545.747,Device,,NVIDIA A100-SXM4-40GB MIG 4g.20gb (0),1,,13,[CUDA memset]
2733525312,1824,31442,,,,,,,,,,0.000,43.860,Pinned,Device,NVIDIA A100-SXM4-40GB MIG 4g.20gb (0),1,,13,[CUDA memcpy Host-to-Device]
2733529568,9344,31443,,,,,,,,,,0.197,21040.988,Pinned,Device,NVIDIA A100-SXM4-40GB MIG 4g.20gb (0),1,,13,[CUDA memcpy Host-to-Device]
2733707006,17312,31444,273,1,1,48,1,1,40,0.000,0.001,,,,,NVIDIA A100-SXM4-40GB MIG 4g.20gb (0),1,,13,"void pusch_noise_intf_est::noiseIntfEstNoDftSOfdmKernel<float, __half, float, float, (unsigned int)2, (unsigned int)1, (unsigned char)4, (unsigned char)4>(pusch_noise_intf_est::puschRxNoiseIntfEstDynDescr)"
2733819421,6016,31455,35,1,1,128,1,1,16,0.000,0.000,,,,,NVIDIA A100-SXM4-40GB MIG 4g.20gb (0),1,,13,cupy_copy__complex64_complex64
2733877660,2368,31464,1,1,1,1,1,1,18,0.000,0.000,,,,,NVIDIA A100-SXM4-40GB MIG 4g.20gb (0),1,,13,cupy_copy__float32_float32
2733887324,1728,31470,,,,,,,,,,0.000,2.315,Device,Pageable,NVIDIA A100-SXM4-40GB MIG 4g.20gb (0),1,,7,[CUDA memcpy Device-to-Host]
2733992475,25119,31481,1434,1,1,128,1,1,16,0.000,0.000,,,,,NVIDIA A100-SXM4-40GB MIG 4g.20gb (0),1,,13,cupy_copy__complex64_complex64
2734070618,6752,31488,103,1,1,128,1,1,16,0.000,0.000,,,,,NVIDIA A100-SXM4-40GB MIG 4g.20gb (0),1,,13,cupy_copy__complex64_complex64
2734129305,3584,31495,35,1,1,128,1,1,16,0.000,0.000,,,,,NVIDIA A100-SXM4-40GB MIG 4g.20gb (0),1,,13,cupy_copy__complex64_complex64
2734187225,3296,31502,1,1,1,1,1,1,18,0.000,0.000,,,,,NVIDIA A100-SXM4-40GB MIG 4g.20gb (0),1,,13,cupy_copy__float32_float32
2734254488,135038,31513,1,1,1,32,32,1,30,0.000,0.000,,,,,NVIDIA A100-SXM4-40GB MIG 4g.20gb (0),1,,13,"void convert_kernel<__half2, float2>(tensor_layout_any, T1 *, tensor_layout_any, const T2 *)"
2734420086,16480,31516,,,,,,,,,,0.094,5685.380,Pinned,Device,NVIDIA A100-SXM4-40GB MIG 4g.20gb (0),1,,13,[CUDA memcpy Host-to-Device]
2734495605,5792,31517,,,,,,,,,,1.547,267026.180,Device,,NVIDIA A100-SXM4-40GB MIG 4g.20gb (0),1,,13,[CUDA memset]
2734509589,3008,31522,,,,,,,,,,0.031,10404.230,Pinned,Device,NVIDIA A100-SXM4-40GB MIG 4g.20gb (0),1,,13,[CUDA memcpy Host-to-Device]
2734515125,9408,31523,,,,,,,,,,0.197,20897.858,Pinned,Device,NVIDIA A100-SXM4-40GB MIG 4g.20gb (0),1,,13,[CUDA memcpy Host-to-Device]
2734557716,13792,31524,273,1,1,8,4,1,39,0.002,0.000,,,,,NVIDIA A100-SXM4-40GB MIG 4g.20gb (0),1,,13,"void channel_eq::eqMmseCoefCompLowMimoKernel<float, float, float, (unsigned int)4, (unsigned int)1, (unsigned int)4>(const channel_eq::_puschRxChEqStatDescr *, channel_eq::_puschRxChEqCoefCompDynDescr)"
2734622996,11327,31525,273,1,1,12,11,1,51,0.002,0.000,,,,,NVIDIA A100-SXM4-40GB MIG 4g.20gb (0),1,,13,"void channel_eq::eqMmseSoftDemapKernel<float, __half, __half, float, (unsigned int)4, (unsigned short)16383>(channel_eq::_puschRxChEqStatDescr *, channel_eq::_puschRxChEqSoftDemapDynDescr)"
2734698355,368187,31526,1,1,1,32,32,1,30,0.000,0.000,,,,,NVIDIA A100-SXM4-40GB MIG 4g.20gb (0),1,,13,"void convert_kernel<float2, __half2>(tensor_layout_any, T1 *, tensor_layout_any, const T2 *)"
2735112398,19456,31538,2253,1,1,128,1,1,16,0.000,0.000,,,,,NVIDIA A100-SXM4-40GB MIG 4g.20gb (0),1,,13,cupy_copy__float16_float16
2735185965,5216,31547,282,1,1,128,1,1,16,0.000,0.000,,,,,NVIDIA A100-SXM4-40GB MIG 4g.20gb (0),1,,13,cupy_copy__complex64_complex64
2735237836,2944,31556,26,1,1,128,1,1,16,0.000,0.000,,,,,NVIDIA A100-SXM4-40GB MIG 4g.20gb (0),1,,13,cupy_copy__float32_float32
2735307564,7616,31565,103,1,1,128,1,1,16,0.000,0.000,,,,,NVIDIA A100-SXM4-40GB MIG 4g.20gb (0),1,,13,cupy_copy__complex64_complex64
2735372619,18016,31575,1434,1,1,128,1,1,16,0.000,0.000,,,,,NVIDIA A100-SXM4-40GB MIG 4g.20gb (0),1,,13,cupy_copy__complex64_complex64
2735445578,90975,31580,1,1,1,32,32,1,30,0.000,0.000,,,,,NVIDIA A100-SXM4-40GB MIG 4g.20gb (0),1,,13,"void convert_kernel<__half2, float2>(tensor_layout_any, T1 *, tensor_layout_any, const T2 *)"
2735565513,5376,31583,,,,,,,,,,0.094,17428.487,Pinned,Device,NVIDIA A100-SXM4-40GB MIG 4g.20gb (0),1,,13,[CUDA memcpy Host-to-Device]
2735623528,630649,31584,,,,,,,,,,456.561,723649.882,Device,,NVIDIA A100-SXM4-40GB MIG 4g.20gb (0),1,,13,[CUDA memset]
2736257985,53471,31589,,,,,,,,,,1.235,23094.688,Pinned,Device,NVIDIA A100-SXM4-40GB MIG 4g.20gb (0),1,,13,[CUDA memcpy Host-to-Device]
2736314816,9856,31590,,,,,,,,,,0.197,19948.044,Pinned,Device,NVIDIA A100-SXM4-40GB MIG 4g.20gb (0),1,,13,[CUDA memcpy Host-to-Device]
2736408159,11616,31591,69,4,1,48,1,1,76,0.002,0.000,,,,,NVIDIA A100-SXM4-40GB MIG 4g.20gb (0),1,,13,"void ch_est::windowedChEstPreNoDftSOfdmKernel<float, __half, float, (unsigned int)2, (unsigned int)1, (unsigned short)4>(ch_est::puschRxChEstStatDescr_t *, ch_est::puschRxChEstDynDescr_t *)"
2736485534,17216,31592,137,2,1,24,2,1,44,0.001,0.001,,,,,NVIDIA A100-SXM4-40GB MIG 4g.20gb (0),1,,13,"void ch_est::chEstFilterNoDftSOfdmDispatchKernel<float, __half, float, (unsigned int)2>(ch_est::puschRxChEstStatDescr_t *, ch_est::puschRxChEstDynDescr_t *)"
2736539966,7327,31593,137,2,1,24,2,1,44,0.001,0.001,,,,,NVIDIA A100-SXM4-40GB MIG 4g.20gb (0),1,,13,"void ch_est::chEstFilterNoDftSOfdmDispatchKernel<float, __half, float, (unsigned int)2>(ch_est::puschRxChEstStatDescr_t *, ch_est::puschRxChEstDynDescr_t *)"
2736600541,6656,31604,103,1,1,128,1,1,16,0.000,0.000,,,,,NVIDIA A100-SXM4-40GB MIG 4g.20gb (0),1,,13,cupy_copy__complex64_complex64
2736659260,19680,31614,1434,1,1,128,1,1,16,0.000,0.000,,,,,NVIDIA A100-SXM4-40GB MIG 4g.20gb (0),1,,13,cupy_copy__complex64_complex64
2736735451,7392,31621,103,1,1,128,1,1,16,0.000,0.000,,,,,NVIDIA A100-SXM4-40GB MIG 4g.20gb (0),1,,13,cupy_copy__complex64_complex64
2736798171,109310,31628,1,1,1,32,32,1,30,0.000,0.000,,,,,NVIDIA A100-SXM4-40GB MIG 4g.20gb (0),1,,13,"void convert_kernel<__half2, float2>(tensor_layout_any, T1 *, tensor_layout_any, const T2 *)"
2736936409,5728,31631,,,,,,,,,,0.094,16357.541,Pinned,Device,NVIDIA A100-SXM4-40GB MIG 4g.20gb (0),1,,13,[CUDA memcpy Host-to-Device]
2736976984,58592,31632,,,,,,,,,,35.810,611167.905,Device,,NVIDIA A100-SXM4-40GB MIG 4g.20gb (0),1,,13,[CUDA memset]
2737040184,1824,31634,,,,,,,,,,0.000,43.860,Pinned,Device,NVIDIA A100-SXM4-40GB MIG 4g.20gb (0),1,,13,[CUDA memcpy Host-to-Device]
2737044440,9792,31635,,,,,,,,,,0.197,20078.395,Pinned,Device,NVIDIA A100-SXM4-40GB MIG 4g.20gb (0),1,,13,[CUDA memcpy Host-to-Device]
2737203158,13920,31636,273,1,1,48,1,1,40,0.000,0.001,,,,,NVIDIA A100-SXM4-40GB MIG 4g.20gb (0),1,,13,"void pusch_noise_intf_est::noiseIntfEstNoDftSOfdmKernel<float, __half, float, float, (unsigned int)2, (unsigned int)1, (unsigned char)4, (unsigned char)4>(pusch_noise_intf_est::puschRxNoiseIntfEstDynDescr)"
2737257525,3712,31647,35,1,1,128,1,1,16,0.000,0.000,,,,,NVIDIA A100-SXM4-40GB MIG 4g.20gb (0),1,,13,cupy_copy__complex64_complex64
2737323316,1984,31656,1,1,1,1,1,1,18,0.000,0.000,,,,,NVIDIA A100-SXM4-40GB MIG 4g.20gb (0),1,,13,cupy_copy__float32_float32
2737326388,1600,31662,,,,,,,,,,0.000,2.500,Device,Pageable,NVIDIA A100-SXM4-40GB MIG 4g.20gb (0),1,,7,[CUDA memcpy Device-to-Host]
2737438707,18720,31673,1434,1,1,128,1,1,16,0.000,0.000,,,,,NVIDIA A100-SXM4-40GB MIG 4g.20gb (0),1,,13,cupy_copy__complex64_complex64
2737569650,8192,31680,103,1,1,128,1,1,16,0.000,0.000,,,,,NVIDIA A100-SXM4-40GB MIG 4g.20gb (0),1,,13,cupy_copy__complex64_complex64
2737631217,6656,31687,35,1,1,128,1,1,16,0.000,0.000,,,,,NVIDIA A100-SXM4-40GB MIG 4g.20gb (0),1,,13,cupy_copy__complex64_complex64
2737700080,1920,31694,1,1,1,1,1,1,18,0.000,0.000,,,,,NVIDIA A100-SXM4-40GB MIG 4g.20gb (0),1,,13,cupy_copy__float32_float32
2737752592,147902,31705,1,1,1,32,32,1,30,0.000,0.000,,,,,NVIDIA A100-SXM4-40GB MIG 4g.20gb (0),1,,13,"void convert_kernel<__half2, float2>(tensor_layout_any, T1 *, tensor_layout_any, const T2 *)"
2737932877,5376,31708,,,,,,,,,,0.094,17428.487,Pinned,Device,NVIDIA A100-SXM4-40GB MIG 4g.20gb (0),1,,13,[CUDA memcpy Host-to-Device]
2738050124,5344,31709,,,,,,,,,,1.547,289412.016,Device,,NVIDIA A100-SXM4-40GB MIG 4g.20gb (0),1,,13,[CUDA memset]
2738058604,3072,31714,,,,,,,,,,0.031,10187.474,Pinned,Device,NVIDIA A100-SXM4-40GB MIG 4g.20gb (0),1,,13,[CUDA memcpy Host-to-Device]
2738064108,9568,31715,,,,,,,,,,0.197,20548.485,Pinned,Device,NVIDIA A100-SXM4-40GB MIG 4g.20gb (0),1,,13,[CUDA memcpy Host-to-Device]
2738171627,17184,31716,273,1,1,8,4,1,39,0.002,0.000,,,,,NVIDIA A100-SXM4-40GB MIG 4g.20gb (0),1,,13,"void channel_eq::eqMmseCoefCompLowMimoKernel<float, float, float, (unsigned int)4, (unsigned int)1, (unsigned int)4>(const channel_eq::_puschRxChEqStatDescr *, channel_eq::_puschRxChEqCoefCompDynDescr)"
2738231690,22432,31717,273,1,1,12,11,1,51,0.002,0.000,,,,,NVIDIA A100-SXM4-40GB MIG 4g.20gb (0),1,,13,"void channel_eq::eqMmseSoftDemapKernel<float, __half, __half, float, (unsigned int)4, (unsigned short)16383>(channel_eq::_puschRxChEqStatDescr *, channel_eq::_puschRxChEqSoftDemapDynDescr)"
2738301417,397052,31718,1,1,1,32,32,1,30,0.000,0.000,,,,,NVIDIA A100-SXM4-40GB MIG 4g.20gb (0),1,,13,"void convert_kernel<float2, __half2>(tensor_layout_any, T1 *, tensor_layout_any, const T2 *)"
2738788164,17087,31730,2253,1,1,128,1,1,16,0.000,0.000,,,,,NVIDIA A100-SXM4-40GB MIG 4g.20gb (0),1,,13,cupy_copy__float16_float16
2738854787,4320,31739,282,1,1,128,1,1,16,0.000,0.000,,,,,NVIDIA A100-SXM4-40GB MIG 4g.20gb (0),1,,13,cupy_copy__complex64_complex64
2738917890,2432,31748,26,1,1,128,1,1,16,0.000,0.000,,,,,NVIDIA A100-SXM4-40GB MIG 4g.20gb (0),1,,13,cupy_copy__float32_float32
2738979041,6880,31757,103,1,1,128,1,1,16,0.000,0.000,,,,,NVIDIA A100-SXM4-40GB MIG 4g.20gb (0),1,,13,cupy_copy__complex64_complex64
2739042593,17984,31767,1434,1,1,128,1,1,16,0.000,0.000,,,,,NVIDIA A100-SXM4-40GB MIG 4g.20gb (0),1,,13,cupy_copy__complex64_complex64
2739173855,118175,31772,1,1,1,32,32,1,30,0.000,0.000,,,,,NVIDIA A100-SXM4-40GB MIG 4g.20gb (0),1,,13,"void convert_kernel<__half2, float2>(tensor_layout_any, T1 *, tensor_layout_any, const T2 *)"
2739321342,5375,31775,,,,,,,,,,0.094,17431.766,Pinned,Device,NVIDIA A100-SXM4-40GB MIG 4g.20gb (0),1,,13,[CUDA memcpy Host-to-Device]
2739408541,630232,31776,,,,,,,,,,456.561,724106.444,Device,,NVIDIA A100-SXM4-40GB MIG 4g.20gb (0),1,,13,[CUDA memset]
2740040085,49984,31781,,,,,,,,,,1.235,24706.290,Pinned,Device,NVIDIA A100-SXM4-40GB MIG 4g.20gb (0),1,,13,[CUDA memcpy Host-to-Device]
2740092533,9824,31782,,,,,,,,,,0.197,20012.925,Pinned,Device,NVIDIA A100-SXM4-40GB MIG 4g.20gb (0),1,,13,[CUDA memcpy Host-to-Device]
2740205395,8928,31783,69,4,1,48,1,1,76,0.002,0.000,,,,,NVIDIA A100-SXM4-40GB MIG 4g.20gb (0),1,,13,"void ch_est::windowedChEstPreNoDftSOfdmKernel<float, __half, float, (unsigned int)2, (unsigned int)1, (unsigned short)4>(ch_est::puschRxChEstStatDescr_t *, ch_est::puschRxChEstDynDescr_t *)"
2740261331,10240,31784,137,2,1,24,2,1,44,0.001,0.001,,,,,NVIDIA A100-SXM4-40GB MIG 4g.20gb (0),1,,13,"void ch_est::chEstFilterNoDftSOfdmDispatchKernel<float, __half, float, (unsigned int)2>(ch_est::puschRxChEstStatDescr_t *, ch_est::puschRxChEstDynDescr_t *)"
2740325074,16000,31785,137,2,1,24,2,1,44,0.001,0.001,,,,,NVIDIA A100-SXM4-40GB MIG 4g.20gb (0),1,,13,"void ch_est::chEstFilterNoDftSOfdmDispatchKernel<float, __half, float, (unsigned int)2>(ch_est::puschRxChEstStatDescr_t *, ch_est::puschRxChEstDynDescr_t *)"
2740392625,5472,31796,103,1,1,128,1,1,16,0.000,0.000,,,,,NVIDIA A100-SXM4-40GB MIG 4g.20gb (0),1,,13,cupy_copy__complex64_complex64
2740454928,18304,31806,1434,1,1,128,1,1,16,0.000,0.000,,,,,NVIDIA A100-SXM4-40GB MIG 4g.20gb (0),1,,13,cupy_copy__complex64_complex64
2740580975,4544,31813,103,1,1,128,1,1,16,0.000,0.000,,,,,NVIDIA A100-SXM4-40GB MIG 4g.20gb (0),1,,13,cupy_copy__complex64_complex64
2740635598,123167,31820,1,1,1,32,32,1,30,0.000,0.000,,,,,NVIDIA A100-SXM4-40GB MIG 4g.20gb (0),1,,13,"void convert_kernel<__half2, float2>(tensor_layout_any, T1 *, tensor_layout_any, const T2 *)"
2740794189,5376,31823,,,,,,,,,,0.094,17428.487,Pinned,Device,NVIDIA A100-SXM4-40GB MIG 4g.20gb (0),1,,13,[CUDA memcpy Host-to-Device]
2740825932,56704,31824,,,,,,,,,,35.810,631507.939,Device,,NVIDIA A100-SXM4-40GB MIG 4g.20gb (0),1,,13,[CUDA memset]
2740886284,1856,31826,,,,,,,,,,0.000,43.103,Pinned,Device,NVIDIA A100-SXM4-40GB MIG 4g.20gb (0),1,,13,[CUDA memcpy Host-to-Device]
2740890827,12000,31827,,,,,,,,,,0.197,16383.934,Pinned,Device,NVIDIA A100-SXM4-40GB MIG 4g.20gb (0),1,,13,[CUDA memcpy Host-to-Device]
2741052458,14623,31828,273,1,1,48,1,1,40,0.000,0.001,,,,,NVIDIA A100-SXM4-40GB MIG 4g.20gb (0),1,,13,"void pusch_noise_intf_est::noiseIntfEstNoDftSOfdmKernel<float, __half, float, float, (unsigned int)2, (unsigned int)1, (unsigned char)4, (unsigned char)4>(pusch_noise_intf_est::puschRxNoiseIntfEstDynDescr)"
2741110889,4128,31839,35,1,1,128,1,1,16,0.000,0.000,,,,,NVIDIA A100-SXM4-40GB MIG 4g.20gb (0),1,,13,cupy_copy__complex64_complex64
2741176616,2528,31848,1,1,1,1,1,1,18,0.000,0.000,,,,,NVIDIA A100-SXM4-40GB MIG 4g.20gb (0),1,,13,cupy_copy__float32_float32
2741183240,1600,31854,,,,,,,,,,0.000,2.500,Device,Pageable,NVIDIA A100-SXM4-40GB MIG 4g.20gb (0),1,,7,[CUDA memcpy Device-to-Host]
2741300455,16768,31865,1434,1,1,128,1,1,16,0.000,0.000,,,,,NVIDIA A100-SXM4-40GB MIG 4g.20gb (0),1,,13,cupy_copy__complex64_complex64
2741426693,4896,31872,103,1,1,128,1,1,16,0.000,0.000,,,,,NVIDIA A100-SXM4-40GB MIG 4g.20gb (0),1,,13,cupy_copy__complex64_complex64
2741485669,10272,31879,35,1,1,128,1,1,16,0.000,0.000,,,,,NVIDIA A100-SXM4-40GB MIG 4g.20gb (0),1,,13,cupy_copy__complex64_complex64
2741546628,2496,31886,1,1,1,1,1,1,18,0.000,0.000,,,,,NVIDIA A100-SXM4-40GB MIG 4g.20gb (0),1,,13,cupy_copy__float32_float32
2741603011,145215,31897,1,1,1,32,32,1,30,0.000,0.000,,,,,NVIDIA A100-SXM4-40GB MIG 4g.20gb (0),1,,13,"void convert_kernel<__half2, float2>(tensor_layout_any, T1 *, tensor_layout_any, const T2 *)"
2741777249,5376,31900,,,,,,,,,,0.094,17428.487,Pinned,Device,NVIDIA A100-SXM4-40GB MIG 4g.20gb (0),1,,13,[CUDA memcpy Host-to-Device]
2741845505,6559,31901,,,,,,,,,,1.547,235801.388,Device,,NVIDIA A100-SXM4-40GB MIG 4g.20gb (0),1,,13,[CUDA memset]
2741860096,3360,31906,,,,,,,,,,0.031,9314.284,Pinned,Device,NVIDIA A100-SXM4-40GB MIG 4g.20gb (0),1,,13,[CUDA memcpy Host-to-Device]
2741865920,9728,31907,,,,,,,,,,0.197,20210.516,Pinned,Device,NVIDIA A100-SXM4-40GB MIG 4g.20gb (0),1,,13,[CUDA memcpy Host-to-Device]
2741908608,16032,31908,273,1,1,8,4,1,39,0.002,0.000,,,,,NVIDIA A100-SXM4-40GB MIG 4g.20gb (0),1,,13,"void channel_eq::eqMmseCoefCompLowMimoKernel<float, float, float, (unsigned int)4, (unsigned int)1, (unsigned int)4>(const channel_eq::_puschRxChEqStatDescr *, channel_eq::_puschRxChEqCoefCompDynDescr)"
2741967071,15296,31909,273,1,1,12,11,1,51,0.002,0.000,,,,,NVIDIA A100-SXM4-40GB MIG 4g.20gb (0),1,,13,"void channel_eq::eqMmseSoftDemapKernel<float, __half, __half, float, (unsigned int)4, (unsigned short)16383>(channel_eq::_puschRxChEqStatDescr *, channel_eq::_puschRxChEqSoftDemapDynDescr)"
2742032478,283581,31910,1,1,1,32,32,1,30,0.000,0.000,,,,,NVIDIA A100-SXM4-40GB MIG 4g.20gb (0),1,,13,"void convert_kernel<float2, __half2>(tensor_layout_any, T1 *, tensor_layout_any, const T2 *)"
2742393658,15616,31922,2253,1,1,128,1,1,16,0.000,0.000,,,,,NVIDIA A100-SXM4-40GB MIG 4g.20gb (0),1,,13,cupy_copy__float16_float16
2742524345,4416,31931,282,1,1,128,1,1,16,0.000,0.000,,,,,NVIDIA A100-SXM4-40GB MIG 4g.20gb (0),1,,13,cupy_copy__complex64_complex64
2742581336,3840,31940,26,1,1,128,1,1,16,0.000,0.000,,,,,NVIDIA A100-SXM4-40GB MIG 4g.20gb (0),1,,13,cupy_copy__float32_float32
2742639287,5856,31949,103,1,1,128,1,1,16,0.000,0.000,,,,,NVIDIA A100-SXM4-40GB MIG 4g.20gb (0),1,,13,cupy_copy__complex64_complex64
2742700439,20351,31959,1434,1,1,128,1,1,16,0.000,0.000,,,,,NVIDIA A100-SXM4-40GB MIG 4g.20gb (0),1,,13,cupy_copy__complex64_complex64
2742779766,83679,31964,1,1,1,32,32,1,30,0.000,0.000,,,,,NVIDIA A100-SXM4-40GB MIG 4g.20gb (0),1,,13,"void convert_kernel<__half2, float2>(tensor_layout_any, T1 *, tensor_layout_any, const T2 *)"
2742897364,5568,31967,,,,,,,,,,0.094,16827.521,Pinned,Device,NVIDIA A100-SXM4-40GB MIG 4g.20gb (0),1,,13,[CUDA memcpy Host-to-Device]
2742961012,635512,31968,,,,,,,,,,456.561,718171.145,Device,,NVIDIA A100-SXM4-40GB MIG 4g.20gb (0),1,,13,[CUDA memset]
2743600812,49312,31973,,,,,,,,,,1.235,25043.429,Pinned,Device,NVIDIA A100-SXM4-40GB MIG 4g.20gb (0),1,,13,[CUDA memcpy Host-to-Device]
2743652588,9408,31974,,,,,,,,,,0.197,20897.858,Pinned,Device,NVIDIA A100-SXM4-40GB MIG 4g.20gb (0),1,,13,[CUDA memcpy Host-to-Device]
2743812682,11328,31975,69,4,1,48,1,1,76,0.002,0.000,,,,,NVIDIA A100-SXM4-40GB MIG 4g.20gb (0),1,,13,"void ch_est::windowedChEstPreNoDftSOfdmKernel<float, __half, float, (unsigned int)2, (unsigned int)1, (unsigned short)4>(ch_est::puschRxChEstStatDescr_t *, ch_est::puschRxChEstDynDescr_t *)"
2743872745,6816,31976,137,2,1,24,2,1,44,0.001,0.001,,,,,NVIDIA A100-SXM4-40GB MIG 4g.20gb (0),1,,13,"void ch_est::chEstFilterNoDftSOfdmDispatchKernel<float, __half, float, (unsigned int)2>(ch_est::puschRxChEstStatDescr_t *, ch_est::puschRxChEstDynDescr_t *)"
2743932841,18463,31977,137,2,1,24,2,1,44,0.001,0.001,,,,,NVIDIA A100-SXM4-40GB MIG 4g.20gb (0),1,,13,"void ch_est::chEstFilterNoDftSOfdmDispatchKernel<float, __half, float, (unsigned int)2>(ch_est::puschRxChEstStatDescr_t *, ch_est::puschRxChEstDynDescr_t *)"
2743999112,4704,31988,103,1,1,128,1,1,16,0.000,0.000,,,,,NVIDIA A100-SXM4-40GB MIG 4g.20gb (0),1,,13,cupy_copy__complex64_complex64
2744061831,17792,31998,1434,1,1,128,1,1,16,0.000,0.000,,,,,NVIDIA A100-SXM4-40GB MIG 4g.20gb (0),1,,13,cupy_copy__complex64_complex64
2744186694,8640,32005,103,1,1,128,1,1,16,0.000,0.000,,,,,NVIDIA A100-SXM4-40GB MIG 4g.20gb (0),1,,13,cupy_copy__complex64_complex64
2744244389,157150,32012,1,1,1,32,32,1,30,0.000,0.000,,,,,NVIDIA A100-SXM4-40GB MIG 4g.20gb (0),1,,13,"void convert_kernel<__half2, float2>(tensor_layout_any, T1 *, tensor_layout_any, const T2 *)"
2744432195,5792,32015,,,,,,,,,,0.094,16176.708,Pinned,Device,NVIDIA A100-SXM4-40GB MIG 4g.20gb (0),1,,13,[CUDA memcpy Host-to-Device]
2744490402,66239,32016,,,,,,,,,,35.810,540586.552,Device,,NVIDIA A100-SXM4-40GB MIG 4g.20gb (0),1,,13,[CUDA memset]
2744559745,1824,32018,,,,,,,,,,0.000,43.860,Pinned,Device,NVIDIA A100-SXM4-40GB MIG 4g.20gb (0),1,,13,[CUDA memcpy Host-to-Device]
2744563969,9760,32019,,,,,,,,,,0.197,20144.259,Pinned,Device,NVIDIA A100-SXM4-40GB MIG 4g.20gb (0),1,,13,[CUDA memcpy Host-to-Device]
2744694720,13952,32020,273,1,1,48,1,1,40,0.000,0.001,,,,,NVIDIA A100-SXM4-40GB MIG 4g.20gb (0),1,,13,"void pusch_noise_intf_est::noiseIntfEstNoDftSOfdmKernel<float, __half, float, float, (unsigned int)2, (unsigned int)1, (unsigned char)4, (unsigned char)4>(pusch_noise_intf_est::puschRxNoiseIntfEstDynDescr)"
2744772671,3520,32031,35,1,1,128,1,1,16,0.000,0.000,,,,,NVIDIA A100-SXM4-40GB MIG 4g.20gb (0),1,,13,cupy_copy__complex64_complex64
2744825502,2368,32040,1,1,1,1,1,1,18,0.000,0.000,,,,,NVIDIA A100-SXM4-40GB MIG 4g.20gb (0),1,,13,cupy_copy__float32_float32
2744833758,1600,32046,,,,,,,,,,0.000,2.500,Device,Pageable,NVIDIA A100-SXM4-40GB MIG 4g.20gb (0),1,,7,[CUDA memcpy Device-to-Host]
2744944957,21152,32057,1434,1,1,128,1,1,16,0.000,0.000,,,,,NVIDIA A100-SXM4-40GB MIG 4g.20gb (0),1,,13,cupy_copy__complex64_complex64
2745019516,3680,32064,103,1,1,128,1,1,16,0.000,0.000,,,,,NVIDIA A100-SXM4-40GB MIG 4g.20gb (0),1,,13,cupy_copy__complex64_complex64
2745072827,4064,32071,35,1,1,128,1,1,16,0.000,0.000,,,,,NVIDIA A100-SXM4-40GB MIG 4g.20gb (0),1,,13,cupy_copy__complex64_complex64
2745141435,1920,32078,1,1,1,1,1,1,18,0.000,0.000,,,,,NVIDIA A100-SXM4-40GB MIG 4g.20gb (0),1,,13,cupy_copy__float32_float32
2745195578,150110,32089,1,1,1,32,32,1,30,0.000,0.000,,,,,NVIDIA A100-SXM4-40GB MIG 4g.20gb (0),1,,13,"void convert_kernel<__half2, float2>(tensor_layout_any, T1 *, tensor_layout_any, const T2 *)"
2745377368,5376,32092,,,,,,,,,,0.094,17428.487,Pinned,Device,NVIDIA A100-SXM4-40GB MIG 4g.20gb (0),1,,13,[CUDA memcpy Host-to-Device]
2745427415,6272,32093,,,,,,,,,,1.547,246590.637,Device,,NVIDIA A100-SXM4-40GB MIG 4g.20gb (0),1,,13,[CUDA memset]
2745438487,3136,32098,,,,,,,,,,0.031,9979.575,Pinned,Device,NVIDIA A100-SXM4-40GB MIG 4g.20gb (0),1,,13,[CUDA memcpy Host-to-Device]
2745444055,15648,32099,,,,,,,,,,0.197,12564.234,Pinned,Device,NVIDIA A100-SXM4-40GB MIG 4g.20gb (0),1,,13,[CUDA memcpy Host-to-Device]
2745496247,16255,32100,273,1,1,8,4,1,39,0.002,0.000,,,,,NVIDIA A100-SXM4-40GB MIG 4g.20gb (0),1,,13,"void channel_eq::eqMmseCoefCompLowMimoKernel<float, float, float, (unsigned int)4, (unsigned int)1, (unsigned int)4>(const channel_eq::_puschRxChEqStatDescr *, channel_eq::_puschRxChEqCoefCompDynDescr)"
2745558710,21760,32101,273,1,1,12,11,1,51,0.002,0.000,,,,,NVIDIA A100-SXM4-40GB MIG 4g.20gb (0),1,,13,"void channel_eq::eqMmseSoftDemapKernel<float, __half, __half, float, (unsigned int)4, (unsigned short)16383>(channel_eq::_puschRxChEqStatDescr *, channel_eq::_puschRxChEqSoftDemapDynDescr)"
2745623029,387740,32102,1,1,1,32,32,1,30,0.000,0.000,,,,,NVIDIA A100-SXM4-40GB MIG 4g.20gb (0),1,,13,"void convert_kernel<float2, __half2>(tensor_layout_any, T1 *, tensor_layout_any, const T2 *)"
2746093200,16927,32114,2253,1,1,128,1,1,16,0.000,0.000,,,,,NVIDIA A100-SXM4-40GB MIG 4g.20gb (0),1,,13,cupy_copy__float16_float16
2746224846,4096,32123,282,1,1,128,1,1,16,0.000,0.000,,,,,NVIDIA A100-SXM4-40GB MIG 4g.20gb (0),1,,13,cupy_copy__complex64_complex64
2746286413,2752,32132,26,1,1,128,1,1,16,0.000,0.000,,,,,NVIDIA A100-SXM4-40GB MIG 4g.20gb (0),1,,13,cupy_copy__float32_float32
2746349709,6688,32141,103,1,1,128,1,1,16,0.000,0.000,,,,,NVIDIA A100-SXM4-40GB MIG 4g.20gb (0),1,,13,cupy_copy__complex64_complex64
2746413740,18784,32151,1434,1,1,128,1,1,16,0.000,0.000,,,,,NVIDIA A100-SXM4-40GB MIG 4g.20gb (0),1,,13,cupy_copy__complex64_complex64
2746481771,93151,32156,1,1,1,32,32,1,30,0.000,0.000,,,,,NVIDIA A100-SXM4-40GB MIG 4g.20gb (0),1,,13,"void convert_kernel<__half2, float2>(tensor_layout_any, T1 *, tensor_layout_any, const T2 *)"
2746742120,6432,32159,,,,,,,,,,0.094,14567.105,Pinned,Device,NVIDIA A100-SXM4-40GB MIG 4g.20gb (0),1,,13,[CUDA memcpy Host-to-Device]
2746833383,640921,32160,,,,,,,,,,456.561,712235.846,Device,,NVIDIA A100-SXM4-40GB MIG 4g.20gb (0),1,,13,[CUDA memset]
2747479776,54335,32165,,,,,,,,,,1.235,22727.909,Pinned,Device,NVIDIA A100-SXM4-40GB MIG 4g.20gb (0),1,,13,[CUDA memcpy Host-to-Device]
2747536575,9344,32166,,,,,,,,,,0.197,21040.988,Pinned,Device,NVIDIA A100-SXM4-40GB MIG 4g.20gb (0),1,,13,[CUDA memcpy Host-to-Device]
2747654814,9728,32167,69,4,1,48,1,1,76,0.002,0.000,,,,,NVIDIA A100-SXM4-40GB MIG 4g.20gb (0),1,,13,"void ch_est::windowedChEstPreNoDftSOfdmKernel<float, __half, float, (unsigned int)2, (unsigned int)1, (unsigned short)4>(ch_est::puschRxChEstStatDescr_t *, ch_est::puschRxChEstDynDescr_t *)"
2747710237,8384,32168,137,2,1,24,2,1,44,0.001,0.001,,,,,NVIDIA A100-SXM4-40GB MIG 4g.20gb (0),1,,13,"void ch_est::chEstFilterNoDftSOfdmDispatchKernel<float, __half, float, (unsigned int)2>(ch_est::puschRxChEstStatDescr_t *, ch_est::puschRxChEstDynDescr_t *)"
2747772924,16224,32169,137,2,1,24,2,1,44,0.001,0.001,,,,,NVIDIA A100-SXM4-40GB MIG 4g.20gb (0),1,,13,"void ch_est::chEstFilterNoDftSOfdmDispatchKernel<float, __half, float, (unsigned int)2>(ch_est::puschRxChEstStatDescr_t *, ch_est::puschRxChEstDynDescr_t *)"
2747835868,6080,32180,103,1,1,128,1,1,16,0.000,0.000,,,,,NVIDIA A100-SXM4-40GB MIG 4g.20gb (0),1,,13,cupy_copy__complex64_complex64
2747900283,17536,32190,1434,1,1,128,1,1,16,0.000,0.000,,,,,NVIDIA A100-SXM4-40GB MIG 4g.20gb (0),1,,13,cupy_copy__complex64_complex64
2748027737,3488,32197,103,1,1,128,1,1,16,0.000,0.000,,,,,NVIDIA A100-SXM4-40GB MIG 4g.20gb (0),1,,13,cupy_copy__complex64_complex64
2748084441,105823,32204,1,1,1,32,32,1,30,0.000,0.000,,,,,NVIDIA A100-SXM4-40GB MIG 4g.20gb (0),1,,13,"void convert_kernel<__half2, float2>(tensor_layout_any, T1 *, tensor_layout_any, const T2 *)"
2748219511,5408,32207,,,,,,,,,,0.094,17325.421,Pinned,Device,NVIDIA A100-SXM4-40GB MIG 4g.20gb (0),1,,13,[CUDA memcpy Host-to-Device]
2748269431,58367,32208,,,,,,,,,,35.810,613495.549,Device,,NVIDIA A100-SXM4-40GB MIG 4g.20gb (0),1,,13,[CUDA memset]
2748330262,1952,32210,,,,,,,,,,0.000,40.984,Pinned,Device,NVIDIA A100-SXM4-40GB MIG 4g.20gb (0),1,,13,[CUDA memcpy Host-to-Device]
2748334678,10016,32211,,,,,,,,,,0.197,19629.343,Pinned,Device,NVIDIA A100-SXM4-40GB MIG 4g.20gb (0),1,,13,[CUDA memcpy Host-to-Device]
2748488404,20800,32212,273,1,1,48,1,1,40,0.000,0.001,,,,,NVIDIA A100-SXM4-40GB MIG 4g.20gb (0),1,,13,"void pusch_noise_intf_est::noiseIntfEstNoDftSOfdmKernel<float, __half, float, float, (unsigned int)2, (unsigned int)1, (unsigned char)4, (unsigned char)4>(pusch_noise_intf_est::puschRxNoiseIntfEstDynDescr)"
2748614867,4992,32223,35,1,1,128,1,1,16,0.000,0.000,,,,,NVIDIA A100-SXM4-40GB MIG 4g.20gb (0),1,,13,cupy_copy__complex64_complex64
2748684466,2368,32232,1,1,1,1,1,1,18,0.000,0.000,,,,,NVIDIA A100-SXM4-40GB MIG 4g.20gb (0),1,,13,cupy_copy__float32_float32
2748691154,1760,32238,,,,,,,,,,0.000,2.273,Device,Pageable,NVIDIA A100-SXM4-40GB MIG 4g.20gb (0),1,,7,[CUDA memcpy Device-to-Host]
2748803153,21663,32249,1434,1,1,128,1,1,16,0.000,0.000,,,,,NVIDIA A100-SXM4-40GB MIG 4g.20gb (0),1,,13,cupy_copy__complex64_complex64
2748875120,3616,32256,103,1,1,128,1,1,16,0.000,0.000,,,,,NVIDIA A100-SXM4-40GB MIG 4g.20gb (0),1,,13,cupy_copy__complex64_complex64
2748929711,2880,32263,35,1,1,128,1,1,16,0.000,0.000,,,,,NVIDIA A100-SXM4-40GB MIG 4g.20gb (0),1,,13,cupy_copy__complex64_complex64
2748992206,2144,32270,1,1,1,1,1,1,18,0.000,0.000,,,,,NVIDIA A100-SXM4-40GB MIG 4g.20gb (0),1,,13,cupy_copy__float32_float32
2749050958,141310,32281,1,1,1,32,32,1,30,0.000,0.000,,,,,NVIDIA A100-SXM4-40GB MIG 4g.20gb (0),1,,13,"void convert_kernel<__half2, float2>(tensor_layout_any, T1 *, tensor_layout_any, const T2 *)"
2749223372,5408,32284,,,,,,,,,,0.094,17325.421,Pinned,Device,NVIDIA A100-SXM4-40GB MIG 4g.20gb (0),1,,13,[CUDA memcpy Host-to-Device]
2749309675,10304,32285,,,,,,,,,,1.547,150098.313,Device,,NVIDIA A100-SXM4-40GB MIG 4g.20gb (0),1,,13,[CUDA memset]
2749327723,3359,32290,,,,,,,,,,0.031,9317.038,Pinned,Device,NVIDIA A100-SXM4-40GB MIG 4g.20gb (0),1,,13,[CUDA memcpy Host-to-Device]
2749334538,9472,32291,,,,,,,,,,0.197,20756.693,Pinned,Device,NVIDIA A100-SXM4-40GB MIG 4g.20gb (0),1,,13,[CUDA memcpy Host-to-Device]
2749377674,10112,32292,273,1,1,8,4,1,39,0.002,0.000,,,,,NVIDIA A100-SXM4-40GB MIG 4g.20gb (0),1,,13,"void channel_eq::eqMmseCoefCompLowMimoKernel<float, float, float, (unsigned int)4, (unsigned int)1, (unsigned int)4>(const channel_eq::_puschRxChEqStatDescr *, channel_eq::_puschRxChEqCoefCompDynDescr)"
2749434025,23840,32293,273,1,1,12,11,1,51,0.002,0.000,,,,,NVIDIA A100-SXM4-40GB MIG 4g.20gb (0),1,,13,"void channel_eq::eqMmseSoftDemapKernel<float, __half, __half, float, (unsigned int)4, (unsigned short)16383>(channel_eq::_puschRxChEqStatDescr *, channel_eq::_puschRxChEqSoftDemapDynDescr)"
2749502569,391387,32294,1,1,1,32,32,1,30,0.000,0.000,,,,,NVIDIA A100-SXM4-40GB MIG 4g.20gb (0),1,,13,"void convert_kernel<float2, __half2>(tensor_layout_any, T1 *, tensor_layout_any, const T2 *)"
2749945923,24864,32306,2253,1,1,128,1,1,16,0.000,0.000,,,,,NVIDIA A100-SXM4-40GB MIG 4g.20gb (0),1,,13,cupy_copy__float16_float16
2750016643,4736,32315,282,1,1,128,1,1,16,0.000,0.000,,,,,NVIDIA A100-SXM4-40GB MIG 4g.20gb (0),1,,13,cupy_copy__complex64_complex64
2750073698,2880,32324,26,1,1,128,1,1,16,0.000,0.000,,,,,NVIDIA A100-SXM4-40GB MIG 4g.20gb (0),1,,13,cupy_copy__float32_float32
2750139841,6656,32333,103,1,1,128,1,1,16,0.000,0.000,,,,,NVIDIA A100-SXM4-40GB MIG 4g.20gb (0),1,,13,cupy_copy__complex64_complex64
2750208672,19168,32343,1434,1,1,128,1,1,16,0.000,0.000,,,,,NVIDIA A100-SXM4-40GB MIG 4g.20gb (0),1,,13,cupy_copy__complex64_complex64
2750281120,93470,32348,1,1,1,32,32,1,30,0.000,0.000,,,,,NVIDIA A100-SXM4-40GB MIG 4g.20gb (0),1,,13,"void convert_kernel<__half2, float2>(tensor_layout_any, T1 *, tensor_layout_any, const T2 *)"
2750405310,5376,32351,,,,,,,,,,0.094,17428.487,Pinned,Device,NVIDIA A100-SXM4-40GB MIG 4g.20gb (0),1,,13,[CUDA memcpy Host-to-Device]
2750457726,641144,32352,,,,,,,,,,456.561,711779.285,Device,,NVIDIA A100-SXM4-40GB MIG 4g.20gb (0),1,,13,[CUDA memset]
2751100918,49856,32357,,,,,,,,,,1.235,24769.272,Pinned,Device,NVIDIA A100-SXM4-40GB MIG 4g.20gb (0),1,,13,[CUDA memcpy Host-to-Device]
2751154326,10431,32358,,,,,,,,,,0.197,18848.416,Pinned,Device,NVIDIA A100-SXM4-40GB MIG 4g.20gb (0),1,,13,[CUDA memcpy Host-to-Device]
2751251252,12608,32359,69,4,1,48,1,1,76,0.002,0.000,,,,,NVIDIA A100-SXM4-40GB MIG 4g.20gb (0),1,,13,"void ch_est::windowedChEstPreNoDftSOfdmKernel<float, __half, float, (unsigned int)2, (unsigned int)1, (unsigned short)4>(ch_est::puschRxChEstStatDescr_t *, ch_est::puschRxChEstDynDescr_t *)"
2751335955,7168,32360,137,2,1,24,2,1,44,0.001,0.001,,,,,NVIDIA A100-SXM4-40GB MIG 4g.20gb (0),1,,13,"void ch_est::chEstFilterNoDftSOfdmDispatchKernel<float, __half, float, (unsigned int)2>(ch_est::puschRxChEstStatDescr_t *, ch_est::puschRxChEstDynDescr_t *)"
2751390483,6944,32361,137,2,1,24,2,1,44,0.001,0.001,,,,,NVIDIA A100-SXM4-40GB MIG 4g.20gb (0),1,,13,"void ch_est::chEstFilterNoDftSOfdmDispatchKernel<float, __half, float, (unsigned int)2>(ch_est::puschRxChEstStatDescr_t *, ch_est::puschRxChEstDynDescr_t *)"
2751461106,2944,32372,103,1,1,128,1,1,16,0.000,0.000,,,,,NVIDIA A100-SXM4-40GB MIG 4g.20gb (0),1,,13,cupy_copy__complex64_complex64
2751519409,21408,32382,1434,1,1,128,1,1,16,0.000,0.000,,,,,NVIDIA A100-SXM4-40GB MIG 4g.20gb (0),1,,13,cupy_copy__complex64_complex64
2751599312,4544,32389,103,1,1,128,1,1,16,0.000,0.000,,,,,NVIDIA A100-SXM4-40GB MIG 4g.20gb (0),1,,13,cupy_copy__complex64_complex64
2751656944,108478,32396,1,1,1,32,32,1,30,0.000,0.000,,,,,NVIDIA A100-SXM4-40GB MIG 4g.20gb (0),1,,13,"void convert_kernel<__half2, float2>(tensor_layout_any, T1 *, tensor_layout_any, const T2 *)"
2751794222,5376,32399,,,,,,,,,,0.094,17428.487,Pinned,Device,NVIDIA A100-SXM4-40GB MIG 4g.20gb (0),1,,13,[CUDA memcpy Host-to-Device]
2751841518,60511,32400,,,,,,,,,,35.810,591758.928,Device,,NVIDIA A100-SXM4-40GB MIG 4g.20gb (0),1,,13,[CUDA memset]
2751909197,1824,32402,,,,,,,,,,0.000,43.860,Pinned,Device,NVIDIA A100-SXM4-40GB MIG 4g.20gb (0),1,,13,[CUDA memcpy Host-to-Device]
2751914093,11424,32403,,,,,,,,,,0.197,17210.081,Pinned,Device,NVIDIA A100-SXM4-40GB MIG 4g.20gb (0),1,,13,[CUDA memcpy Host-to-Device]
2752073547,14272,32404,273,1,1,48,1,1,40,0.000,0.001,,,,,NVIDIA A100-SXM4-40GB MIG 4g.20gb (0),1,,13,"void pusch_noise_intf_est::noiseIntfEstNoDftSOfdmKernel<float, __half, float, float, (unsigned int)2, (unsigned int)1, (unsigned char)4, (unsigned char)4>(pusch_noise_intf_est::puschRxNoiseIntfEstDynDescr)"
2752128522,5472,32415,35,1,1,128,1,1,16,0.000,0.000,,,,,NVIDIA A100-SXM4-40GB MIG 4g.20gb (0),1,,13,cupy_copy__complex64_complex64
2752200841,2112,32424,1,1,1,1,1,1,18,0.000,0.000,,,,,NVIDIA A100-SXM4-40GB MIG 4g.20gb (0),1,,13,cupy_copy__float32_float32
2752206153,1600,32430,,,,,,,,,,0.000,2.500,Device,Pageable,NVIDIA A100-SXM4-40GB MIG 4g.20gb (0),1,,7,[CUDA memcpy Device-to-Host]
2752337800,15872,32441,1434,1,1,128,1,1,16,0.000,0.000,,,,,NVIDIA A100-SXM4-40GB MIG 4g.20gb (0),1,,13,cupy_copy__complex64_complex64
2752399431,5056,32448,103,1,1,128,1,1,16,0.000,0.000,,,,,NVIDIA A100-SXM4-40GB MIG 4g.20gb (0),1,,13,cupy_copy__complex64_complex64
2752466470,4288,32455,35,1,1,128,1,1,16,0.000,0.000,,,,,NVIDIA A100-SXM4-40GB MIG 4g.20gb (0),1,,13,cupy_copy__complex64_complex64
2752524486,2336,32462,1,1,1,1,1,1,18,0.000,0.000,,,,,NVIDIA A100-SXM4-40GB MIG 4g.20gb (0),1,,13,cupy_copy__float32_float32
2752603525,122622,32473,1,1,1,32,32,1,30,0.000,0.000,,,,,NVIDIA A100-SXM4-40GB MIG 4g.20gb (0),1,,13,"void convert_kernel<__half2, float2>(tensor_layout_any, T1 *, tensor_layout_any, const T2 *)"
2752756355,5376,32476,,,,,,,,,,0.094,17428.487,Pinned,Device,NVIDIA A100-SXM4-40GB MIG 4g.20gb (0),1,,13,[CUDA memcpy Host-to-Device]
2752859874,4864,32477,,,,,,,,,,1.547,317973.521,Device,,NVIDIA A100-SXM4-40GB MIG 4g.20gb (0),1,,13,[CUDA memset]
2752871458,3168,32482,,,,,,,,,,0.031,9878.770,Pinned,Device,NVIDIA A100-SXM4-40GB MIG 4g.20gb (0),1,,13,[CUDA memcpy Host-to-Device]
2752877090,9728,32483,,,,,,,,,,0.197,20210.516,Pinned,Device,NVIDIA A100-SXM4-40GB MIG 4g.20gb (0),1,,13,[CUDA memcpy Host-to-Device]
2752981857,13823,32484,273,1,1,8,4,1,39,0.002,0.000,,,,,NVIDIA A100-SXM4-40GB MIG 4g.20gb (0),1,,13,"void channel_eq::eqMmseCoefCompLowMimoKernel<float, float, float, (unsigned int)4, (unsigned int)1, (unsigned int)4>(const channel_eq::_puschRxChEqStatDescr *, channel_eq::_puschRxChEqCoefCompDynDescr)"
2753045600,16928,32485,273,1,1,12,11,1,51,0.002,0.000,,,,,NVIDIA A100-SXM4-40GB MIG 4g.20gb (0),1,,13,"void channel_eq::eqMmseSoftDemapKernel<float, __half, __half, float, (unsigned int)4, (unsigned short)16383>(channel_eq::_puschRxChEqStatDescr *, channel_eq::_puschRxChEqSoftDemapDynDescr)"
2753127103,374908,32486,1,1,1,32,32,1,30,0.000,0.000,,,,,NVIDIA A100-SXM4-40GB MIG 4g.20gb (0),1,,13,"void convert_kernel<float2, __half2>(tensor_layout_any, T1 *, tensor_layout_any, const T2 *)"
2753546938,29184,32498,2253,1,1,128,1,1,16,0.000,0.000,,,,,NVIDIA A100-SXM4-40GB MIG 4g.20gb (0),1,,13,cupy_copy__float16_float16
2753621337,6400,32507,282,1,1,128,1,1,16,0.000,0.000,,,,,NVIDIA A100-SXM4-40GB MIG 4g.20gb (0),1,,13,cupy_copy__complex64_complex64
2753675961,3071,32516,26,1,1,128,1,1,16,0.000,0.000,,,,,NVIDIA A100-SXM4-40GB MIG 4g.20gb (0),1,,13,cupy_copy__float32_float32
2753745624,7040,32525,103,1,1,128,1,1,16,0.000,0.000,,,,,NVIDIA A100-SXM4-40GB MIG 4g.20gb (0),1,,13,cupy_copy__complex64_complex64
2753813207,19680,32535,1434,1,1,128,1,1,16,0.000,0.000,,,,,NVIDIA A100-SXM4-40GB MIG 4g.20gb (0),1,,13,cupy_copy__complex64_complex64
2753883766,91487,32540,1,1,1,32,32,1,30,0.000,0.000,,,,,NVIDIA A100-SXM4-40GB MIG 4g.20gb (0),1,,13,"void convert_kernel<__half2, float2>(tensor_layout_any, T1 *, tensor_layout_any, const T2 *)"
2754004405,5376,32543,,,,,,,,,,0.094,17428.487,Pinned,Device,NVIDIA A100-SXM4-40GB MIG 4g.20gb (0),1,,13,[CUDA memcpy Host-to-Device]
2754064404,639225,32544,,,,,,,,,,456.561,714062.092,Device,,NVIDIA A100-SXM4-40GB MIG 4g.20gb (0),1,,13,[CUDA memset]
2754707981,50399,32549,,,,,,,,,,1.235,24502.524,Pinned,Device,NVIDIA A100-SXM4-40GB MIG 4g.20gb (0),1,,13,[CUDA memcpy Host-to-Device]
2754760844,9792,32550,,,,,,,,,,0.197,20078.395,Pinned,Device,NVIDIA A100-SXM4-40GB MIG 4g.20gb (0),1,,13,[CUDA memcpy Host-to-Device]
2754858635,9440,32551,69,4,1,48,1,1,76,0.002,0.000,,,,,NVIDIA A100-SXM4-40GB MIG 4g.20gb (0),1,,13,"void ch_est::windowedChEstPreNoDftSOfdmKernel<float, __half, float, (unsigned int)2, (unsigned int)1, (unsigned short)4>(ch_est::puschRxChEstStatDescr_t *, ch_est::puschRxChEstDynDescr_t *)"
2754947498,7072,32552,137,2,1,24,2,1,44,0.001,0.001,,,,,NVIDIA A100-SXM4-40GB MIG 4g.20gb (0),1,,13,"void ch_est::chEstFilterNoDftSOfdmDispatchKernel<float, __half, float, (unsigned int)2>(ch_est::puschRxChEstStatDescr_t *, ch_est::puschRxChEstDynDescr_t *)"
2755002793,6784,32553,137,2,1,24,2,1,44,0.001,0.001,,,,,NVIDIA A100-SXM4-40GB MIG 4g.20gb (0),1,,13,"void ch_est::chEstFilterNoDftSOfdmDispatchKernel<float, __half, float, (unsigned int)2>(ch_est::puschRxChEstStatDescr_t *, ch_est::puschRxChEstDynDescr_t *)"
2755067593,3423,32564,103,1,1,128,1,1,16,0.000,0.000,,,,,NVIDIA A100-SXM4-40GB MIG 4g.20gb (0),1,,13,cupy_copy__complex64_complex64
2755124328,21120,32574,1434,1,1,128,1,1,16,0.000,0.000,,,,,NVIDIA A100-SXM4-40GB MIG 4g.20gb (0),1,,13,cupy_copy__complex64_complex64
2755199847,3168,32581,103,1,1,128,1,1,16,0.000,0.000,,,,,NVIDIA A100-SXM4-40GB MIG 4g.20gb (0),1,,13,cupy_copy__complex64_complex64
2755254118,117983,32588,1,1,1,32,32,1,30,0.000,0.000,,,,,NVIDIA A100-SXM4-40GB MIG 4g.20gb (0),1,,13,"void convert_kernel<__half2, float2>(tensor_layout_any, T1 *, tensor_layout_any, const T2 *)"
2755401989,5376,32591,,,,,,,,,,0.094,17428.487,Pinned,Device,NVIDIA A100-SXM4-40GB MIG 4g.20gb (0),1,,13,[CUDA memcpy Host-to-Device]
2755447364,56320,32592,,,,,,,,,,35.810,635805.130,Device,,NVIDIA A100-SXM4-40GB MIG 4g.20gb (0),1,,13,[CUDA memset]
2755511907,2464,32594,,,,,,,,,,0.000,32.468,Pinned,Device,NVIDIA A100-SXM4-40GB MIG 4g.20gb (0),1,,13,[CUDA memcpy Host-to-Device]
2755516835,9344,32595,,,,,,,,,,0.197,21040.988,Pinned,Device,NVIDIA A100-SXM4-40GB MIG 4g.20gb (0),1,,13,[CUDA memcpy Host-to-Device]
2755568611,9920,32596,273,1,1,48,1,1,40,0.000,0.001,,,,,NVIDIA A100-SXM4-40GB MIG 4g.20gb (0),1,,13,"void pusch_noise_intf_est::noiseIntfEstNoDftSOfdmKernel<float, __half, float, float, (unsigned int)2, (unsigned int)1, (unsigned char)4, (unsigned char)4>(pusch_noise_intf_est::puschRxNoiseIntfEstDynDescr)"
2755580611,3552,32607,35,1,1,128,1,1,16,0.000,0.000,,,,,NVIDIA A100-SXM4-40GB MIG 4g.20gb (0),1,,13,cupy_copy__complex64_complex64
2755586371,1856,32616,1,1,1,1,1,1,18,0.000,0.000,,,,,NVIDIA A100-SXM4-40GB MIG 4g.20gb (0),1,,13,cupy_copy__float32_float32
2755593826,1600,32622,,,,,,,,,,0.000,2.500,Device,Pageable,NVIDIA A100-SXM4-40GB MIG 4g.20gb (0),1,,7,[CUDA memcpy Device-to-Host]
2755670402,33535,32633,1434,1,1,128,1,1,16,0.000,0.000,,,,,NVIDIA A100-SXM4-40GB MIG 4g.20gb (0),1,,13,cupy_copy__complex64_complex64
2755707393,3680,32640,103,1,1,128,1,1,16,0.000,0.000,,,,,NVIDIA A100-SXM4-40GB MIG 4g.20gb (0),1,,13,cupy_copy__complex64_complex64
2755712897,2368,32647,35,1,1,128,1,1,16,0.000,0.000,,,,,NVIDIA A100-SXM4-40GB MIG 4g.20gb (0),1,,13,cupy_copy__complex64_complex64
2755727425,2336,32654,1,1,1,1,1,1,18,0.000,0.000,,,,,NVIDIA A100-SXM4-40GB MIG 4g.20gb (0),1,,13,cupy_copy__float32_float32
2755894463,141598,32665,1,1,1,32,32,1,30,0.000,0.000,,,,,NVIDIA A100-SXM4-40GB MIG 4g.20gb (0),1,,13,"void convert_kernel<__half2, float2>(tensor_layout_any, T1 *, tensor_layout_any, const T2 *)"
2756071389,5376,32668,,,,,,,,,,0.094,17428.487,Pinned,Device,NVIDIA A100-SXM4-40GB MIG 4g.20gb (0),1,,13,[CUDA memcpy Host-to-Device]
2756091133,3456,32669,,,,,,,,,,1.547,447517.201,Device,,NVIDIA A100-SXM4-40GB MIG 4g.20gb (0),1,,13,[CUDA memset]
2756097725,3040,32674,,,,,,,,,,0.031,10294.725,Pinned,Device,NVIDIA A100-SXM4-40GB MIG 4g.20gb (0),1,,13,[CUDA memcpy Host-to-Device]
2756102845,9888,32675,,,,,,,,,,0.197,19883.360,Pinned,Device,NVIDIA A100-SXM4-40GB MIG 4g.20gb (0),1,,13,[CUDA memcpy Host-to-Device]
2756155580,14368,32676,273,1,1,8,4,1,39,0.002,0.000,,,,,NVIDIA A100-SXM4-40GB MIG 4g.20gb (0),1,,13,"void channel_eq::eqMmseCoefCompLowMimoKernel<float, float, float, (unsigned int)4, (unsigned int)1, (unsigned int)4>(const channel_eq::_puschRxChEqStatDescr *, channel_eq::_puschRxChEqCoefCompDynDescr)"
2756171804,11744,32677,273,1,1,12,11,1,51,0.002,0.000,,,,,NVIDIA A100-SXM4-40GB MIG 4g.20gb (0),1,,13,"void channel_eq::eqMmseSoftDemapKernel<float, __half, __half, float, (unsigned int)4, (unsigned short)16383>(channel_eq::_puschRxChEqStatDescr *, channel_eq::_puschRxChEqSoftDemapDynDescr)"
2756186012,283868,32678,1,1,1,32,32,1,30,0.000,0.000,,,,,NVIDIA A100-SXM4-40GB MIG 4g.20gb (0),1,,13,"void convert_kernel<float2, __half2>(tensor_layout_any, T1 *, tensor_layout_any, const T2 *)"
2756471704,12640,32690,2253,1,1,128,1,1,16,0.000,0.000,,,,,NVIDIA A100-SXM4-40GB MIG 4g.20gb (0),1,,13,cupy_copy__float16_float16
2756531576,5760,32699,282,1,1,128,1,1,16,0.000,0.000,,,,,NVIDIA A100-SXM4-40GB MIG 4g.20gb (0),1,,13,cupy_copy__complex64_complex64
2756539928,2304,32708,26,1,1,128,1,1,16,0.000,0.000,,,,,NVIDIA A100-SXM4-40GB MIG 4g.20gb (0),1,,13,cupy_copy__float32_float32
2756543800,7135,32717,103,1,1,128,1,1,16,0.000,0.000,,,,,NVIDIA A100-SXM4-40GB MIG 4g.20gb (0),1,,13,cupy_copy__complex64_complex64
2756552183,14784,32727,1434,1,1,128,1,1,16,0.000,0.000,,,,,NVIDIA A100-SXM4-40GB MIG 4g.20gb (0),1,,13,cupy_copy__complex64_complex64
2756568343,80735,32732,1,1,1,32,32,1,30,0.000,0.000,,,,,NVIDIA A100-SXM4-40GB MIG 4g.20gb (0),1,,13,"void convert_kernel<__half2, float2>(tensor_layout_any, T1 *, tensor_layout_any, const T2 *)"
2756678326,5376,32735,,,,,,,,,,0.094,17428.487,Pinned,Device,NVIDIA A100-SXM4-40GB MIG 4g.20gb (0),1,,13,[CUDA memcpy Host-to-Device]
2756710326,636184,32736,,,,,,,,,,456.561,717258.022,Device,,NVIDIA A100-SXM4-40GB MIG 4g.20gb (0),1,,13,[CUDA memset]
2757351470,49952,32741,,,,,,,,,,1.235,24722.344,Pinned,Device,NVIDIA A100-SXM4-40GB MIG 4g.20gb (0),1,,13,[CUDA memcpy Host-to-Device]
2757403886,9568,32742,,,,,,,,,,0.197,20548.485,Pinned,Device,NVIDIA A100-SXM4-40GB MIG 4g.20gb (0),1,,13,[CUDA memcpy Host-to-Device]
2757438221,10272,32743,69,4,1,48,1,1,76,0.002,0.000,,,,,NVIDIA A100-SXM4-40GB MIG 4g.20gb (0),1,,13,"void ch_est::windowedChEstPreNoDftSOfdmKernel<float, __half, float, (unsigned int)2, (unsigned int)1, (unsigned short)4>(ch_est::puschRxChEstStatDescr_t *, ch_est::puschRxChEstDynDescr_t *)"
2757450381,6656,32744,137,2,1,24,2,1,44,0.001,0.001,,,,,NVIDIA A100-SXM4-40GB MIG 4g.20gb (0),1,,13,"void ch_est::chEstFilterNoDftSOfdmDispatchKernel<float, __half, float, (unsigned int)2>(ch_est::puschRxChEstStatDescr_t *, ch_est::puschRxChEstDynDescr_t *)"
2757465261,5344,32745,137,2,1,24,2,1,44,0.001,0.001,,,,,NVIDIA A100-SXM4-40GB MIG 4g.20gb (0),1,,13,"void ch_est::chEstFilterNoDftSOfdmDispatchKernel<float, __half, float, (unsigned int)2>(ch_est::puschRxChEstStatDescr_t *, ch_est::puschRxChEstDynDescr_t *)"
2757475469,2624,32756,103,1,1,128,1,1,16,0.000,0.000,,,,,NVIDIA A100-SXM4-40GB MIG 4g.20gb (0),1,,13,cupy_copy__complex64_complex64
2757479341,15520,32766,1434,1,1,128,1,1,16,0.000,0.000,,,,,NVIDIA A100-SXM4-40GB MIG 4g.20gb (0),1,,13,cupy_copy__complex64_complex64
2757551692,4736,32773,103,1,1,128,1,1,16,0.000,0.000,,,,,NVIDIA A100-SXM4-40GB MIG 4g.20gb (0),1,,13,cupy_copy__complex64_complex64
2757558636,92191,32780,1,1,1,32,32,1,30,0.000,0.000,,,,,NVIDIA A100-SXM4-40GB MIG 4g.20gb (0),1,,13,"void convert_kernel<__half2, float2>(tensor_layout_any, T1 *, tensor_layout_any, const T2 *)"
2757680746,5504,32783,,,,,,,,,,0.094,17023.251,Pinned,Device,NVIDIA A100-SXM4-40GB MIG 4g.20gb (0),1,,13,[CUDA memcpy Host-to-Device]
2757735562,58527,32784,,,,,,,,,,35.810,611848.293,Device,,NVIDIA A100-SXM4-40GB MIG 4g.20gb (0),1,,13,[CUDA memset]
2757797033,3232,32786,,,,,,,,,,0.000,24.752,Pinned,Device,NVIDIA A100-SXM4-40GB MIG 4g.20gb (0),1,,13,[CUDA memcpy Host-to-Device]
2757803337,9344,32787,,,,,,,,,,0.197,21040.988,Pinned,Device,NVIDIA A100-SXM4-40GB MIG 4g.20gb (0),1,,13,[CUDA memcpy Host-to-Device]
2757858088,12832,32788,273,1,1,48,1,1,40,0.000,0.001,,,,,NVIDIA A100-SXM4-40GB MIG 4g.20gb (0),1,,13,"void pusch_noise_intf_est::noiseIntfEstNoDftSOfdmKernel<float, __half, float, float, (unsigned int)2, (unsigned int)1, (unsigned char)4, (unsigned char)4>(pusch_noise_intf_est::puschRxNoiseIntfEstDynDescr)"
2757876584,2592,32799,35,1,1,128,1,1,16,0.000,0.000,,,,,NVIDIA A100-SXM4-40GB MIG 4g.20gb (0),1,,13,cupy_copy__complex64_complex64
2757880808,1824,32808,1,1,1,1,1,1,18,0.000,0.000,,,,,NVIDIA A100-SXM4-40GB MIG 4g.20gb (0),1,,13,cupy_copy__float32_float32
2757884488,1728,32814,,,,,,,,,,0.000,2.315,Device,Pageable,NVIDIA A100-SXM4-40GB MIG 4g.20gb (0),1,,7,[CUDA memcpy Device-to-Host]
2757974503,27296,32825,1434,1,1,128,1,1,16,0.000,0.000,,,,,NVIDIA A100-SXM4-40GB MIG 4g.20gb (0),1,,13,cupy_copy__complex64_complex64
2758003431,3136,32832,103,1,1,128,1,1,16,0.000,0.000,,,,,NVIDIA A100-SXM4-40GB MIG 4g.20gb (0),1,,13,cupy_copy__complex64_complex64
2758008551,3616,32839,35,1,1,128,1,1,16,0.000,0.000,,,,,NVIDIA A100-SXM4-40GB MIG 4g.20gb (0),1,,13,cupy_copy__complex64_complex64
2758028518,1952,32846,1,1,1,1,1,1,18,0.000,0.000,,,,,NVIDIA A100-SXM4-40GB MIG 4g.20gb (0),1,,13,cupy_copy__float32_float32
2758189221,129758,32857,1,1,1,32,32,1,30,0.000,0.000,,,,,NVIDIA A100-SXM4-40GB MIG 4g.20gb (0),1,,13,"void convert_kernel<__half2, float2>(tensor_layout_any, T1 *, tensor_layout_any, const T2 *)"
2758348355,5632,32860,,,,,,,,,,0.094,16636.287,Pinned,Device,NVIDIA A100-SXM4-40GB MIG 4g.20gb (0),1,,13,[CUDA memcpy Host-to-Device]
2758409346,11680,32861,,,,,,,,,,1.547,132415.760,Device,,NVIDIA A100-SXM4-40GB MIG 4g.20gb (0),1,,13,[CUDA memset]
2758422338,3040,32866,,,,,,,,,,0.031,10294.725,Pinned,Device,NVIDIA A100-SXM4-40GB MIG 4g.20gb (0),1,,13,[CUDA memcpy Host-to-Device]
2758428866,9408,32867,,,,,,,,,,0.197,20897.858,Pinned,Device,NVIDIA A100-SXM4-40GB MIG 4g.20gb (0),1,,13,[CUDA memcpy Host-to-Device]
2758443074,6400,32868,273,1,1,8,4,1,39,0.002,0.000,,,,,NVIDIA A100-SXM4-40GB MIG 4g.20gb (0),1,,13,"void channel_eq::eqMmseCoefCompLowMimoKernel<float, float, float, (unsigned int)4, (unsigned int)1, (unsigned int)4>(const channel_eq::_puschRxChEqStatDescr *, channel_eq::_puschRxChEqCoefCompDynDescr)"
2758450850,5824,32869,273,1,1,12,11,1,51,0.002,0.000,,,,,NVIDIA A100-SXM4-40GB MIG 4g.20gb (0),1,,13,"void channel_eq::eqMmseSoftDemapKernel<float, __half, __half, float, (unsigned int)4, (unsigned short)16383>(channel_eq::_puschRxChEqStatDescr *, channel_eq::_puschRxChEqSoftDemapDynDescr)"
2758500257,305725,32870,1,1,1,32,32,1,30,0.000,0.000,,,,,NVIDIA A100-SXM4-40GB MIG 4g.20gb (0),1,,13,"void convert_kernel<float2, __half2>(tensor_layout_any, T1 *, tensor_layout_any, const T2 *)"
2758811805,14368,32882,2253,1,1,128,1,1,16,0.000,0.000,,,,,NVIDIA A100-SXM4-40GB MIG 4g.20gb (0),1,,13,cupy_copy__float16_float16
2758831133,2880,32891,282,1,1,128,1,1,16,0.000,0.000,,,,,NVIDIA A100-SXM4-40GB MIG 4g.20gb (0),1,,13,cupy_copy__complex64_complex64
2758838173,3232,32900,26,1,1,128,1,1,16,0.000,0.000,,,,,NVIDIA A100-SXM4-40GB MIG 4g.20gb (0),1,,13,cupy_copy__float32_float32
2758888029,3456,32909,103,1,1,128,1,1,16,0.000,0.000,,,,,NVIDIA A100-SXM4-40GB MIG 4g.20gb (0),1,,13,cupy_copy__complex64_complex64
2758892957,15231,32919,1434,1,1,128,1,1,16,0.000,0.000,,,,,NVIDIA A100-SXM4-40GB MIG 4g.20gb (0),1,,13,cupy_copy__complex64_complex64
2758910204,82495,32924,1,1,1,32,32,1,30,0.000,0.000,,,,,NVIDIA A100-SXM4-40GB MIG 4g.20gb (0),1,,13,"void convert_kernel<__half2, float2>(tensor_layout_any, T1 *, tensor_layout_any, const T2 *)"
2759021755,5376,32927,,,,,,,,,,0.094,17428.487,Pinned,Device,NVIDIA A100-SXM4-40GB MIG 4g.20gb (0),1,,13,[CUDA memcpy Host-to-Device]
2759031643,625721,32928,,,,,,,,,,456.561,729585.181,Device,,NVIDIA A100-SXM4-40GB MIG 4g.20gb (0),1,,13,[CUDA memset]
2759660660,50399,32933,,,,,,,,,,1.235,24502.524,Pinned,Device,NVIDIA A100-SXM4-40GB MIG 4g.20gb (0),1,,13,[CUDA memcpy Host-to-Device]
2759713555,9568,32934,,,,,,,,,,0.197,20548.485,Pinned,Device,NVIDIA A100-SXM4-40GB MIG 4g.20gb (0),1,,13,[CUDA memcpy Host-to-Device]
2759748851,10944,32935,69,4,1,48,1,1,76,0.002,0.000,,,,,NVIDIA A100-SXM4-40GB MIG 4g.20gb (0),1,,13,"void ch_est::windowedChEstPreNoDftSOfdmKernel<float, __half, float, (unsigned int)2, (unsigned int)1, (unsigned short)4>(ch_est::puschRxChEstStatDescr_t *, ch_est::puschRxChEstDynDescr_t *)"
2759761075,6880,32936,137,2,1,24,2,1,44,0.001,0.001,,,,,NVIDIA A100-SXM4-40GB MIG 4g.20gb (0),1,,13,"void ch_est::chEstFilterNoDftSOfdmDispatchKernel<float, __half, float, (unsigned int)2>(ch_est::puschRxChEstStatDescr_t *, ch_est::puschRxChEstDynDescr_t *)"
2759769778,5056,32937,137,2,1,24,2,1,44,0.001,0.001,,,,,NVIDIA A100-SXM4-40GB MIG 4g.20gb (0),1,,13,"void ch_est::chEstFilterNoDftSOfdmDispatchKernel<float, __half, float, (unsigned int)2>(ch_est::puschRxChEstStatDescr_t *, ch_est::puschRxChEstDynDescr_t *)"
2759776786,2624,32948,103,1,1,128,1,1,16,0.000,0.000,,,,,NVIDIA A100-SXM4-40GB MIG 4g.20gb (0),1,,13,cupy_copy__complex64_complex64
2759780818,13824,32958,1434,1,1,128,1,1,16,0.000,0.000,,,,,NVIDIA A100-SXM4-40GB MIG 4g.20gb (0),1,,13,cupy_copy__complex64_complex64
2759798994,2496,32965,103,1,1,128,1,1,16,0.000,0.000,,,,,NVIDIA A100-SXM4-40GB MIG 4g.20gb (0),1,,13,cupy_copy__complex64_complex64
2759856401,119327,32972,1,1,1,32,32,1,30,0.000,0.000,,,,,NVIDIA A100-SXM4-40GB MIG 4g.20gb (0),1,,13,"void convert_kernel<__half2, float2>(tensor_layout_any, T1 *, tensor_layout_any, const T2 *)"
2760010672,5408,32975,,,,,,,,,,0.094,17325.421,Pinned,Device,NVIDIA A100-SXM4-40GB MIG 4g.20gb (0),1,,13,[CUDA memcpy Host-to-Device]
2760032719,56928,32976,,,,,,,,,,35.810,629037.055,Device,,NVIDIA A100-SXM4-40GB MIG 4g.20gb (0),1,,13,[CUDA memset]
2760096303,1824,32978,,,,,,,,,,0.000,43.860,Pinned,Device,NVIDIA A100-SXM4-40GB MIG 4g.20gb (0),1,,13,[CUDA memcpy Host-to-Device]
2760100559,10816,32979,,,,,,,,,,0.197,18177.393,Pinned,Device,NVIDIA A100-SXM4-40GB MIG 4g.20gb (0),1,,13,[CUDA memcpy Host-to-Device]
2760170830,11744,32980,273,1,1,48,1,1,40,0.000,0.001,,,,,NVIDIA A100-SXM4-40GB MIG 4g.20gb (0),1,,13,"void pusch_noise_intf_est::noiseIntfEstNoDftSOfdmKernel<float, __half, float, float, (unsigned int)2, (unsigned int)1, (unsigned char)4, (unsigned char)4>(pusch_noise_intf_est::puschRxNoiseIntfEstDynDescr)"
2760184398,4736,32991,35,1,1,128,1,1,16,0.000,0.000,,,,,NVIDIA A100-SXM4-40GB MIG 4g.20gb (0),1,,13,cupy_copy__complex64_complex64
2760190702,2016,33000,1,1,1,1,1,1,18,0.000,0.000,,,,,NVIDIA A100-SXM4-40GB MIG 4g.20gb (0),1,,13,cupy_copy__float32_float32
2760196654,1600,33006,,,,,,,,,,0.000,2.500,Device,Pageable,NVIDIA A100-SXM4-40GB MIG 4g.20gb (0),1,,7,[CUDA memcpy Device-to-Host]
2760281677,22847,33017,1434,1,1,128,1,1,16,0.000,0.000,,,,,NVIDIA A100-SXM4-40GB MIG 4g.20gb (0),1,,13,cupy_copy__complex64_complex64
2760306572,2784,33024,103,1,1,128,1,1,16,0.000,0.000,,,,,NVIDIA A100-SXM4-40GB MIG 4g.20gb (0),1,,13,cupy_copy__complex64_complex64
2760364364,2976,33031,35,1,1,128,1,1,16,0.000,0.000,,,,,NVIDIA A100-SXM4-40GB MIG 4g.20gb (0),1,,13,cupy_copy__complex64_complex64
2760369356,1984,33038,1,1,1,1,1,1,18,0.000,0.000,,,,,NVIDIA A100-SXM4-40GB MIG 4g.20gb (0),1,,13,cupy_copy__float32_float32
2760487850,108351,33049,1,1,1,32,32,1,30,0.000,0.000,,,,,NVIDIA A100-SXM4-40GB MIG 4g.20gb (0),1,,13,"void convert_kernel<__half2, float2>(tensor_layout_any, T1 *, tensor_layout_any, const T2 *)"
2760625577,5376,33052,,,,,,,,,,0.094,17428.487,Pinned,Device,NVIDIA A100-SXM4-40GB MIG 4g.20gb (0),1,,13,[CUDA memcpy Host-to-Device]
2760658952,5728,33053,,,,,,,,,,1.547,270011.165,Device,,NVIDIA A100-SXM4-40GB MIG 4g.20gb (0),1,,13,[CUDA memset]
2760665864,4000,33058,,,,,,,,,,0.031,7824.000,Pinned,Device,NVIDIA A100-SXM4-40GB MIG 4g.20gb (0),1,,13,[CUDA memcpy Host-to-Device]
2760672296,9952,33059,,,,,,,,,,0.197,19755.565,Pinned,Device,NVIDIA A100-SXM4-40GB MIG 4g.20gb (0),1,,13,[CUDA memcpy Host-to-Device]
2760687656,6656,33060,273,1,1,8,4,1,39,0.002,0.000,,,,,NVIDIA A100-SXM4-40GB MIG 4g.20gb (0),1,,13,"void channel_eq::eqMmseCoefCompLowMimoKernel<float, float, float, (unsigned int)4, (unsigned int)1, (unsigned int)4>(const channel_eq::_puschRxChEqStatDescr *, channel_eq::_puschRxChEqCoefCompDynDescr)"
2760696040,7808,33061,273,1,1,12,11,1,51,0.002,0.000,,,,,NVIDIA A100-SXM4-40GB MIG 4g.20gb (0),1,,13,"void channel_eq::eqMmseSoftDemapKernel<float, __half, __half, float, (unsigned int)4, (unsigned short)16383>(channel_eq::_puschRxChEqStatDescr *, channel_eq::_puschRxChEqSoftDemapDynDescr)"
2760706120,430715,33062,1,1,1,32,32,1,30,0.000,0.000,,,,,NVIDIA A100-SXM4-40GB MIG 4g.20gb (0),1,,13,"void convert_kernel<float2, __half2>(tensor_layout_any, T1 *, tensor_layout_any, const T2 *)"
2761138307,13152,33074,2253,1,1,128,1,1,16,0.000,0.000,,,,,NVIDIA A100-SXM4-40GB MIG 4g.20gb (0),1,,13,cupy_copy__float16_float16
2761207234,6464,33083,282,1,1,128,1,1,16,0.000,0.000,,,,,NVIDIA A100-SXM4-40GB MIG 4g.20gb (0),1,,13,cupy_copy__complex64_complex64
2761337472,4768,33092,26,1,1,128,1,1,16,0.000,0.000,,,,,NVIDIA A100-SXM4-40GB MIG 4g.20gb (0),1,,13,cupy_copy__float32_float32
2761344384,8000,33101,103,1,1,128,1,1,16,0.000,0.000,,,,,NVIDIA A100-SXM4-40GB MIG 4g.20gb (0),1,,13,cupy_copy__complex64_complex64
2761354464,14400,33111,1434,1,1,128,1,1,16,0.000,0.000,,,,,NVIDIA A100-SXM4-40GB MIG 4g.20gb (0),1,,13,cupy_copy__complex64_complex64
2761432575,103903,33116,1,1,1,32,32,1,30,0.000,0.000,,,,,NVIDIA A100-SXM4-40GB MIG 4g.20gb (0),1,,13,"void convert_kernel<__half2, float2>(tensor_layout_any, T1 *, tensor_layout_any, const T2 *)"
2761565566,5376,33119,,,,,,,,,,0.094,17428.487,Pinned,Device,NVIDIA A100-SXM4-40GB MIG 4g.20gb (0),1,,13,[CUDA memcpy Host-to-Device]
2761584862,629176,33120,,,,,,,,,,456.561,725476.128,Device,,NVIDIA A100-SXM4-40GB MIG 4g.20gb (0),1,,13,[CUDA memset]
2762221494,52128,33125,,,,,,,,,,1.235,23689.931,Pinned,Device,NVIDIA A100-SXM4-40GB MIG 4g.20gb (0),1,,13,[CUDA memcpy Host-to-Device]
2762277462,10464,33126,,,,,,,,,,0.197,18788.844,Pinned,Device,NVIDIA A100-SXM4-40GB MIG 4g.20gb (0),1,,13,[CUDA memcpy Host-to-Device]
2762372981,10527,33127,69,4,1,48,1,1,76,0.002,0.000,,,,,NVIDIA A100-SXM4-40GB MIG 4g.20gb (0),1,,13,"void ch_est::windowedChEstPreNoDftSOfdmKernel<float, __half, float, (unsigned int)2, (unsigned int)1, (unsigned short)4>(ch_est::puschRxChEstStatDescr_t *, ch_est::puschRxChEstDynDescr_t *)"
2762398356,11392,33128,137,2,1,24,2,1,44,0.001,0.001,,,,,NVIDIA A100-SXM4-40GB MIG 4g.20gb (0),1,,13,"void ch_est::chEstFilterNoDftSOfdmDispatchKernel<float, __half, float, (unsigned int)2>(ch_est::puschRxChEstStatDescr_t *, ch_est::puschRxChEstDynDescr_t *)"
2762460404,8287,33129,137,2,1,24,2,1,44,0.001,0.001,,,,,NVIDIA A100-SXM4-40GB MIG 4g.20gb (0),1,,13,"void ch_est::chEstFilterNoDftSOfdmDispatchKernel<float, __half, float, (unsigned int)2>(ch_est::puschRxChEstStatDescr_t *, ch_est::puschRxChEstDynDescr_t *)"
2762492275,4704,33140,103,1,1,128,1,1,16,0.000,0.000,,,,,NVIDIA A100-SXM4-40GB MIG 4g.20gb (0),1,,13,cupy_copy__complex64_complex64
2762499635,17568,33150,1434,1,1,128,1,1,16,0.000,0.000,,,,,NVIDIA A100-SXM4-40GB MIG 4g.20gb (0),1,,13,cupy_copy__complex64_complex64
2762585810,5344,33157,103,1,1,128,1,1,16,0.000,0.000,,,,,NVIDIA A100-SXM4-40GB MIG 4g.20gb (0),1,,13,cupy_copy__complex64_complex64
2762617682,144606,33164,1,1,1,32,32,1,30,0.000,0.000,,,,,NVIDIA A100-SXM4-40GB MIG 4g.20gb (0),1,,13,"void convert_kernel<__half2, float2>(tensor_layout_any, T1 *, tensor_layout_any, const T2 *)"
2762791344,5376,33167,,,,,,,,,,0.094,17428.487,Pinned,Device,NVIDIA A100-SXM4-40GB MIG 4g.20gb (0),1,,13,[CUDA memcpy Host-to-Device]
2762824495,58976,33168,,,,,,,,,,35.810,607193.004,Device,,NVIDIA A100-SXM4-40GB MIG 4g.20gb (0),1,,13,[CUDA memset]
2762890767,1856,33170,,,,,,,,,,0.000,43.103,Pinned,Device,NVIDIA A100-SXM4-40GB MIG 4g.20gb (0),1,,13,[CUDA memcpy Host-to-Device]
2762895055,9311,33171,,,,,,,,,,0.197,21115.503,Pinned,Device,NVIDIA A100-SXM4-40GB MIG 4g.20gb (0),1,,13,[CUDA memcpy Host-to-Device]
2762964334,14112,33172,273,1,1,48,1,1,40,0.000,0.001,,,,,NVIDIA A100-SXM4-40GB MIG 4g.20gb (0),1,,13,"void pusch_noise_intf_est::noiseIntfEstNoDftSOfdmKernel<float, __half, float, float, (unsigned int)2, (unsigned int)1, (unsigned char)4, (unsigned char)4>(pusch_noise_intf_est::puschRxNoiseIntfEstDynDescr)"
2763003213,7008,33183,35,1,1,128,1,1,16,0.000,0.000,,,,,NVIDIA A100-SXM4-40GB MIG 4g.20gb (0),1,,13,cupy_copy__complex64_complex64
2763012269,1952,33192,1,1,1,1,1,1,18,0.000,0.000,,,,,NVIDIA A100-SXM4-40GB MIG 4g.20gb (0),1,,13,cupy_copy__float32_float32
2763020813,1600,33198,,,,,,,,,,0.000,2.500,Device,Pageable,NVIDIA A100-SXM4-40GB MIG 4g.20gb (0),1,,7,[CUDA memcpy Device-to-Host]
2763119212,16896,33209,1434,1,1,128,1,1,16,0.000,0.000,,,,,NVIDIA A100-SXM4-40GB MIG 4g.20gb (0),1,,13,cupy_copy__complex64_complex64
2763137644,3168,33216,103,1,1,128,1,1,16,0.000,0.000,,,,,NVIDIA A100-SXM4-40GB MIG 4g.20gb (0),1,,13,cupy_copy__complex64_complex64
2763151980,7904,33223,35,1,1,128,1,1,16,0.000,0.000,,,,,NVIDIA A100-SXM4-40GB MIG 4g.20gb (0),1,,13,cupy_copy__complex64_complex64
2763205995,3104,33230,1,1,1,1,1,1,18,0.000,0.000,,,,,NVIDIA A100-SXM4-40GB MIG 4g.20gb (0),1,,13,cupy_copy__float32_float32
2763342793,159007,33241,1,1,1,32,32,1,30,0.000,0.000,,,,,NVIDIA A100-SXM4-40GB MIG 4g.20gb (0),1,,13,"void convert_kernel<__half2, float2>(tensor_layout_any, T1 *, tensor_layout_any, const T2 *)"
2763531271,5408,33244,,,,,,,,,,0.094,17325.421,Pinned,Device,NVIDIA A100-SXM4-40GB MIG 4g.20gb (0),1,,13,[CUDA memcpy Host-to-Device]
2763550631,5536,33245,,,,,,,,,,1.547,279374.426,Device,,NVIDIA A100-SXM4-40GB MIG 4g.20gb (0),1,,13,[CUDA memset]
2763557799,3168,33250,,,,,,,,,,0.031,9878.770,Pinned,Device,NVIDIA A100-SXM4-40GB MIG 4g.20gb (0),1,,13,[CUDA memcpy Host-to-Device]
2763563687,9984,33251,,,,,,,,,,0.197,19692.257,Pinned,Device,NVIDIA A100-SXM4-40GB MIG 4g.20gb (0),1,,13,[CUDA memcpy Host-to-Device]
2763627622,17216,33252,273,1,1,8,4,1,39,0.002,0.000,,,,,NVIDIA A100-SXM4-40GB MIG 4g.20gb (0),1,,13,"void channel_eq::eqMmseCoefCompLowMimoKernel<float, float, float, (unsigned int)4, (unsigned int)1, (unsigned int)4>(const channel_eq::_puschRxChEqStatDescr *, channel_eq::_puschRxChEqCoefCompDynDescr)"
2763661670,10464,33253,273,1,1,12,11,1,51,0.002,0.000,,,,,NVIDIA A100-SXM4-40GB MIG 4g.20gb (0),1,,13,"void channel_eq::eqMmseSoftDemapKernel<float, __half, __half, float, (unsigned int)4, (unsigned short)16383>(channel_eq::_puschRxChEqStatDescr *, channel_eq::_puschRxChEqSoftDemapDynDescr)"
2763673670,283228,33254,1,1,1,32,32,1,30,0.000,0.000,,,,,NVIDIA A100-SXM4-40GB MIG 4g.20gb (0),1,,13,"void convert_kernel<float2, __half2>(tensor_layout_any, T1 *, tensor_layout_any, const T2 *)"
2763986178,16288,33266,2253,1,1,128,1,1,16,0.000,0.000,,,,,NVIDIA A100-SXM4-40GB MIG 4g.20gb (0),1,,13,cupy_copy__float16_float16
2764015042,6784,33275,282,1,1,128,1,1,16,0.000,0.000,,,,,NVIDIA A100-SXM4-40GB MIG 4g.20gb (0),1,,13,cupy_copy__complex64_complex64
2764072097,3360,33284,26,1,1,128,1,1,16,0.000,0.000,,,,,NVIDIA A100-SXM4-40GB MIG 4g.20gb (0),1,,13,cupy_copy__float32_float32
2764102721,6368,33293,103,1,1,128,1,1,16,0.000,0.000,,,,,NVIDIA A100-SXM4-40GB MIG 4g.20gb (0),1,,13,cupy_copy__complex64_complex64
2764110593,15743,33303,1434,1,1,128,1,1,16,0.000,0.000,,,,,NVIDIA A100-SXM4-40GB MIG 4g.20gb (0),1,,13,cupy_copy__complex64_complex64
2764137120,136575,33308,1,1,1,32,32,1,30,0.000,0.000,,,,,NVIDIA A100-SXM4-40GB MIG 4g.20gb (0),1,,13,"void convert_kernel<__half2, float2>(tensor_layout_any, T1 *, tensor_layout_any, const T2 *)"
2764304542,5632,33311,,,,,,,,,,0.094,16636.287,Pinned,Device,NVIDIA A100-SXM4-40GB MIG 4g.20gb (0),1,,13,[CUDA memcpy Host-to-Device]
2764338686,626873,33312,,,,,,,,,,456.561,728215.497,Device,,NVIDIA A100-SXM4-40GB MIG 4g.20gb (0),1,,13,[CUDA memset]
2764972535,50527,33317,,,,,,,,,,1.235,24440.777,Pinned,Device,NVIDIA A100-SXM4-40GB MIG 4g.20gb (0),1,,13,[CUDA memcpy Host-to-Device]
2765025558,11584,33318,,,,,,,,,,0.197,16972.186,Pinned,Device,NVIDIA A100-SXM4-40GB MIG 4g.20gb (0),1,,13,[CUDA memcpy Host-to-Device]
2765124693,9216,33319,69,4,1,48,1,1,76,0.002,0.000,,,,,NVIDIA A100-SXM4-40GB MIG 4g.20gb (0),1,,13,"void ch_est::windowedChEstPreNoDftSOfdmKernel<float, __half, float, (unsigned int)2, (unsigned int)1, (unsigned short)4>(ch_est::puschRxChEstStatDescr_t *, ch_est::puschRxChEstDynDescr_t *)"
2765135701,7776,33320,137,2,1,24,2,1,44,0.001,0.001,,,,,NVIDIA A100-SXM4-40GB MIG 4g.20gb (0),1,,13,"void ch_est::chEstFilterNoDftSOfdmDispatchKernel<float, __half, float, (unsigned int)2>(ch_est::puschRxChEstStatDescr_t *, ch_est::puschRxChEstDynDescr_t *)"
2765152725,10175,33321,137,2,1,24,2,1,44,0.001,0.001,,,,,NVIDIA A100-SXM4-40GB MIG 4g.20gb (0),1,,13,"void ch_est::chEstFilterNoDftSOfdmDispatchKernel<float, __half, float, (unsigned int)2>(ch_est::puschRxChEstStatDescr_t *, ch_est::puschRxChEstDynDescr_t *)"
2765236020,4352,33332,103,1,1,128,1,1,16,0.000,0.000,,,,,NVIDIA A100-SXM4-40GB MIG 4g.20gb (0),1,,13,cupy_copy__complex64_complex64
2765242580,17151,33342,1434,1,1,128,1,1,16,0.000,0.000,,,,,NVIDIA A100-SXM4-40GB MIG 4g.20gb (0),1,,13,cupy_copy__complex64_complex64
2765269043,4288,33349,103,1,1,128,1,1,16,0.000,0.000,,,,,NVIDIA A100-SXM4-40GB MIG 4g.20gb (0),1,,13,cupy_copy__complex64_complex64
2765326099,92511,33356,1,1,1,32,32,1,30,0.000,0.000,,,,,NVIDIA A100-SXM4-40GB MIG 4g.20gb (0),1,,13,"void convert_kernel<__half2, float2>(tensor_layout_any, T1 *, tensor_layout_any, const T2 *)"
2765452465,5888,33359,,,,,,,,,,0.094,15912.954,Pinned,Device,NVIDIA A100-SXM4-40GB MIG 4g.20gb (0),1,,13,[CUDA memcpy Host-to-Device]
2765467761,58143,33360,,,,,,,,,,35.810,615859.004,Device,,NVIDIA A100-SXM4-40GB MIG 4g.20gb (0),1,,13,[CUDA memset]
2765526736,1824,33362,,,,,,,,,,0.000,43.860,Pinned,Device,NVIDIA A100-SXM4-40GB MIG 4g.20gb (0),1,,13,[CUDA memcpy Host-to-Device]
2765530992,9536,33363,,,,,,,,,,0.197,20617.298,Pinned,Device,NVIDIA A100-SXM4-40GB MIG 4g.20gb (0),1,,13,[CUDA memcpy Host-to-Device]
2765618159,16544,33364,273,1,1,48,1,1,40,0.000,0.001,,,,,NVIDIA A100-SXM4-40GB MIG 4g.20gb (0),1,,13,"void pusch_noise_intf_est::noiseIntfEstNoDftSOfdmKernel<float, __half, float, float, (unsigned int)2, (unsigned int)1, (unsigned char)4, (unsigned char)4>(pusch_noise_intf_est::puschRxNoiseIntfEstDynDescr)"
2765659439,6336,33375,35,1,1,128,1,1,16,0.000,0.000,,,,,NVIDIA A100-SXM4-40GB MIG 4g.20gb (0),1,,13,cupy_copy__complex64_complex64
2765667439,1984,33384,1,1,1,1,1,1,18,0.000,0.000,,,,,NVIDIA A100-SXM4-40GB MIG 4g.20gb (0),1,,13,cupy_copy__float32_float32
2765674991,1600,33390,,,,,,,,,,0.000,2.500,Device,Pageable,NVIDIA A100-SXM4-40GB MIG 4g.20gb (0),1,,7,[CUDA memcpy Device-to-Host]
2765766350,16991,33401,1434,1,1,128,1,1,16,0.000,0.000,,,,,NVIDIA A100-SXM4-40GB MIG 4g.20gb (0),1,,13,cupy_copy__complex64_complex64
2765795725,5472,33408,103,1,1,128,1,1,16,0.000,0.000,,,,,NVIDIA A100-SXM4-40GB MIG 4g.20gb (0),1,,13,cupy_copy__complex64_complex64
2765856205,6879,33415,35,1,1,128,1,1,16,0.000,0.000,,,,,NVIDIA A100-SXM4-40GB MIG 4g.20gb (0),1,,13,cupy_copy__complex64_complex64
2765885324,2368,33422,1,1,1,1,1,1,18,0.000,0.000,,,,,NVIDIA A100-SXM4-40GB MIG 4g.20gb (0),1,,13,cupy_copy__float32_float32
2765991467,170270,33433,1,1,1,32,32,1,30,0.000,0.000,,,,,NVIDIA A100-SXM4-40GB MIG 4g.20gb (0),1,,13,"void convert_kernel<__half2, float2>(tensor_layout_any, T1 *, tensor_layout_any, const T2 *)"
2766191081,6208,33436,,,,,,,,,,0.094,15092.739,Pinned,Device,NVIDIA A100-SXM4-40GB MIG 4g.20gb (0),1,,13,[CUDA memcpy Host-to-Device]
2766221128,4576,33437,,,,,,,,,,1.547,337985.289,Device,,NVIDIA A100-SXM4-40GB MIG 4g.20gb (0),1,,13,[CUDA memset]
2766233768,3328,33442,,,,,,,,,,0.031,9403.822,Pinned,Device,NVIDIA A100-SXM4-40GB MIG 4g.20gb (0),1,,13,[CUDA memcpy Host-to-Device]
2766239592,10016,33443,,,,,,,,,,0.197,19629.343,Pinned,Device,NVIDIA A100-SXM4-40GB MIG 4g.20gb (0),1,,13,[CUDA memcpy Host-to-Device]
2766296583,32384,33444,273,1,1,8,4,1,39,0.002,0.000,,,,,NVIDIA A100-SXM4-40GB MIG 4g.20gb (0),1,,13,"void channel_eq::eqMmseCoefCompLowMimoKernel<float, float, float, (unsigned int)4, (unsigned int)1, (unsigned int)4>(const channel_eq::_puschRxChEqStatDescr *, channel_eq::_puschRxChEqCoefCompDynDescr)"
2766330983,10208,33445,273,1,1,12,11,1,51,0.002,0.000,,,,,NVIDIA A100-SXM4-40GB MIG 4g.20gb (0),1,,13,"void channel_eq::eqMmseSoftDemapKernel<float, __half, __half, float, (unsigned int)4, (unsigned short)16383>(channel_eq::_puschRxChEqStatDescr *, channel_eq::_puschRxChEqSoftDemapDynDescr)"
2766353511,431483,33446,1,1,1,32,32,1,30,0.000,0.000,,,,,NVIDIA A100-SXM4-40GB MIG 4g.20gb (0),1,,13,"void convert_kernel<float2, __half2>(tensor_layout_any, T1 *, tensor_layout_any, const T2 *)"
2766787074,14048,33458,2253,1,1,128,1,1,16,0.000,0.000,,,,,NVIDIA A100-SXM4-40GB MIG 4g.20gb (0),1,,13,cupy_copy__float16_float16
2766867937,8576,33467,282,1,1,128,1,1,16,0.000,0.000,,,,,NVIDIA A100-SXM4-40GB MIG 4g.20gb (0),1,,13,cupy_copy__complex64_complex64
2766877985,2368,33476,26,1,1,128,1,1,16,0.000,0.000,,,,,NVIDIA A100-SXM4-40GB MIG 4g.20gb (0),1,,13,cupy_copy__float32_float32
2766898625,7903,33485,103,1,1,128,1,1,16,0.000,0.000,,,,,NVIDIA A100-SXM4-40GB MIG 4g.20gb (0),1,,13,cupy_copy__complex64_complex64
2766953120,18016,33495,1434,1,1,128,1,1,16,0.000,0.000,,,,,NVIDIA A100-SXM4-40GB MIG 4g.20gb (0),1,,13,cupy_copy__complex64_complex64
2766992383,125247,33500,1,1,1,32,32,1,30,0.000,0.000,,,,,NVIDIA A100-SXM4-40GB MIG 4g.20gb (0),1,,13,"void convert_kernel<__half2, float2>(tensor_layout_any, T1 *, tensor_layout_any, const T2 *)"
2767145118,5472,33503,,,,,,,,,,0.094,17122.757,Pinned,Device,NVIDIA A100-SXM4-40GB MIG 4g.20gb (0),1,,13,[CUDA memcpy Host-to-Device]
2767223293,625817,33504,,,,,,,,,,456.561,729128.620,Device,,NVIDIA A100-SXM4-40GB MIG 4g.20gb (0),1,,13,[CUDA memset]
2767856790,51455,33509,,,,,,,,,,1.235,23999.902,Pinned,Device,NVIDIA A100-SXM4-40GB MIG 4g.20gb (0),1,,13,[CUDA memcpy Host-to-Device]
2767910709,9408,33510,,,,,,,,,,0.197,20897.858,Pinned,Device,NVIDIA A100-SXM4-40GB MIG 4g.20gb (0),1,,13,[CUDA memcpy Host-to-Device]
2768014068,12000,33511,69,4,1,48,1,1,76,0.002,0.000,,,,,NVIDIA A100-SXM4-40GB MIG 4g.20gb (0),1,,13,"void ch_est::windowedChEstPreNoDftSOfdmKernel<float, __half, float, (unsigned int)2, (unsigned int)1, (unsigned short)4>(ch_est::puschRxChEstStatDescr_t *, ch_est::puschRxChEstDynDescr_t *)"
2768042099,11232,33512,137,2,1,24,2,1,44,0.001,0.001,,,,,NVIDIA A100-SXM4-40GB MIG 4g.20gb (0),1,,13,"void ch_est::chEstFilterNoDftSOfdmDispatchKernel<float, __half, float, (unsigned int)2>(ch_est::puschRxChEstStatDescr_t *, ch_est::puschRxChEstDynDescr_t *)"
2768125522,8960,33513,137,2,1,24,2,1,44,0.001,0.001,,,,,NVIDIA A100-SXM4-40GB MIG 4g.20gb (0),1,,13,"void ch_est::chEstFilterNoDftSOfdmDispatchKernel<float, __half, float, (unsigned int)2>(ch_est::puschRxChEstStatDescr_t *, ch_est::puschRxChEstDynDescr_t *)"
2768154226,4320,33524,103,1,1,128,1,1,16,0.000,0.000,,,,,NVIDIA A100-SXM4-40GB MIG 4g.20gb (0),1,,13,cupy_copy__complex64_complex64
2768206962,18047,33534,1434,1,1,128,1,1,16,0.000,0.000,,,,,NVIDIA A100-SXM4-40GB MIG 4g.20gb (0),1,,13,cupy_copy__complex64_complex64
2768247281,4160,33541,103,1,1,128,1,1,16,0.000,0.000,,,,,NVIDIA A100-SXM4-40GB MIG 4g.20gb (0),1,,13,cupy_copy__complex64_complex64
2768252945,82911,33548,1,1,1,32,32,1,30,0.000,0.000,,,,,NVIDIA A100-SXM4-40GB MIG 4g.20gb (0),1,,13,"void convert_kernel<__half2, float2>(tensor_layout_any, T1 *, tensor_layout_any, const T2 *)"
2768366096,5408,33551,,,,,,,,,,0.094,17325.421,Pinned,Device,NVIDIA A100-SXM4-40GB MIG 4g.20gb (0),1,,13,[CUDA memcpy Host-to-Device]
2768425103,55615,33552,,,,,,,,,,35.810,643862.362,Device,,NVIDIA A100-SXM4-40GB MIG 4g.20gb (0),1,,13,[CUDA memset]
2768488910,1856,33554,,,,,,,,,,0.000,43.103,Pinned,Device,NVIDIA A100-SXM4-40GB MIG 4g.20gb (0),1,,13,[CUDA memcpy Host-to-Device]
2768493198,9376,33555,,,,,,,,,,0.197,20969.226,Pinned,Device,NVIDIA A100-SXM4-40GB MIG 4g.20gb (0),1,,13,[CUDA memcpy Host-to-Device]
2768512270,10880,33556,273,1,1,48,1,1,40,0.000,0.001,,,,,NVIDIA A100-SXM4-40GB MIG 4g.20gb (0),1,,13,"void pusch_noise_intf_est::noiseIntfEstNoDftSOfdmKernel<float, __half, float, float, (unsigned int)2, (unsigned int)1, (unsigned char)4, (unsigned char)4>(pusch_noise_intf_est::puschRxNoiseIntfEstDynDescr)"
2768615213,5824,33567,35,1,1,128,1,1,16,0.000,0.000,,,,,NVIDIA A100-SXM4-40GB MIG 4g.20gb (0),1,,13,cupy_copy__complex64_complex64
2768623213,1792,33576,1,1,1,1,1,1,18,0.000,0.000,,,,,NVIDIA A100-SXM4-40GB MIG 4g.20gb (0),1,,13,cupy_copy__float32_float32
2768632269,1600,33582,,,,,,,,,,0.000,2.500,Device,Pageable,NVIDIA A100-SXM4-40GB MIG 4g.20gb (0),1,,7,[CUDA memcpy Device-to-Host]
2768720588,18143,33593,1434,1,1,128,1,1,16,0.000,0.000,,,,,NVIDIA A100-SXM4-40GB MIG 4g.20gb (0),1,,13,cupy_copy__complex64_complex64
2768751467,4032,33600,103,1,1,128,1,1,16,0.000,0.000,,,,,NVIDIA A100-SXM4-40GB MIG 4g.20gb (0),1,,13,cupy_copy__complex64_complex64
2768812107,4095,33607,35,1,1,128,1,1,16,0.000,0.000,,,,,NVIDIA A100-SXM4-40GB MIG 4g.20gb (0),1,,13,cupy_copy__complex64_complex64
2768841130,2016,33614,1,1,1,1,1,1,18,0.000,0.000,,,,,NVIDIA A100-SXM4-40GB MIG 4g.20gb (0),1,,13,cupy_copy__float32_float32
2768943017,177694,33625,1,1,1,32,32,1,30,0.000,0.000,,,,,NVIDIA A100-SXM4-40GB MIG 4g.20gb (0),1,,13,"void convert_kernel<__half2, float2>(tensor_layout_any, T1 *, tensor_layout_any, const T2 *)"
2769149991,5760,33628,,,,,,,,,,0.094,16266.656,Pinned,Device,NVIDIA A100-SXM4-40GB MIG 4g.20gb (0),1,,13,[CUDA memcpy Host-to-Device]
2769167462,4256,33629,,,,,,,,,,1.547,363397.868,Device,,NVIDIA A100-SXM4-40GB MIG 4g.20gb (0),1,,13,[CUDA memset]
2769173670,3456,33634,,,,,,,,,,0.031,9055.529,Pinned,Device,NVIDIA A100-SXM4-40GB MIG 4g.20gb (0),1,,13,[CUDA memcpy Host-to-Device]
2769179238,10016,33635,,,,,,,,,,0.197,19629.343,Pinned,Device,NVIDIA A100-SXM4-40GB MIG 4g.20gb (0),1,,13,[CUDA memcpy Host-to-Device]
2769240422,24479,33636,273,1,1,8,4,1,39,0.002,0.000,,,,,NVIDIA A100-SXM4-40GB MIG 4g.20gb (0),1,,13,"void channel_eq::eqMmseCoefCompLowMimoKernel<float, float, float, (unsigned int)4, (unsigned int)1, (unsigned int)4>(const channel_eq::_puschRxChEqStatDescr *, channel_eq::_puschRxChEqCoefCompDynDescr)"
2769268357,11104,33637,273,1,1,12,11,1,51,0.002,0.000,,,,,NVIDIA A100-SXM4-40GB MIG 4g.20gb (0),1,,13,"void channel_eq::eqMmseSoftDemapKernel<float, __half, __half, float, (unsigned int)4, (unsigned short)16383>(channel_eq::_puschRxChEqStatDescr *, channel_eq::_puschRxChEqSoftDemapDynDescr)"
2769294181,428027,33638,1,1,1,32,32,1,30,0.000,0.000,,,,,NVIDIA A100-SXM4-40GB MIG 4g.20gb (0),1,,13,"void convert_kernel<float2, __half2>(tensor_layout_any, T1 *, tensor_layout_any, const T2 *)"
2769729280,12064,33650,2253,1,1,128,1,1,16,0.000,0.000,,,,,NVIDIA A100-SXM4-40GB MIG 4g.20gb (0),1,,13,cupy_copy__float16_float16
2769816415,4256,33659,282,1,1,128,1,1,16,0.000,0.000,,,,,NVIDIA A100-SXM4-40GB MIG 4g.20gb (0),1,,13,cupy_copy__complex64_complex64
2769822079,2528,33668,26,1,1,128,1,1,16,0.000,0.000,,,,,NVIDIA A100-SXM4-40GB MIG 4g.20gb (0),1,,13,cupy_copy__float32_float32
2769843487,7584,33677,103,1,1,128,1,1,16,0.000,0.000,,,,,NVIDIA A100-SXM4-40GB MIG 4g.20gb (0),1,,13,cupy_copy__complex64_complex64
2769894046,21856,33687,1434,1,1,128,1,1,16,0.000,0.000,,,,,NVIDIA A100-SXM4-40GB MIG 4g.20gb (0),1,,13,cupy_copy__complex64_complex64
2769939678,127262,33692,1,1,1,32,32,1,30,0.000,0.000,,,,,NVIDIA A100-SXM4-40GB MIG 4g.20gb (0),1,,13,"void convert_kernel<__half2, float2>(tensor_layout_any, T1 *, tensor_layout_any, const T2 *)"
2770095996,5376,33695,,,,,,,,,,0.094,17428.487,Pinned,Device,NVIDIA A100-SXM4-40GB MIG 4g.20gb (0),1,,13,[CUDA memcpy Host-to-Device]
2770139899,625721,33696,,,,,,,,,,456.561,729585.181,Device,,NVIDIA A100-SXM4-40GB MIG 4g.20gb (0),1,,13,[CUDA memset]
2770768724,52351,33701,,,,,,,,,,1.235,23588.665,Pinned,Device,NVIDIA A100-SXM4-40GB MIG 4g.20gb (0),1,,13,[CUDA memcpy Host-to-Device]
2770825555,11904,33702,,,,,,,,,,0.197,16516.055,Pinned,Device,NVIDIA A100-SXM4-40GB MIG 4g.20gb (0),1,,13,[CUDA memcpy Host-to-Device]
2770927698,10560,33703,69,4,1,48,1,1,76,0.002,0.000,,,,,NVIDIA A100-SXM4-40GB MIG 4g.20gb (0),1,,13,"void ch_est::windowedChEstPreNoDftSOfdmKernel<float, __half, float, (unsigned int)2, (unsigned int)1, (unsigned short)4>(ch_est::puschRxChEstStatDescr_t *, ch_est::puschRxChEstDynDescr_t *)"
2770954514,11392,33704,137,2,1,24,2,1,44,0.001,0.001,,,,,NVIDIA A100-SXM4-40GB MIG 4g.20gb (0),1,,13,"void ch_est::chEstFilterNoDftSOfdmDispatchKernel<float, __half, float, (unsigned int)2>(ch_est::puschRxChEstStatDescr_t *, ch_est::puschRxChEstDynDescr_t *)"
2771041457,10432,33705,137,2,1,24,2,1,44,0.001,0.001,,,,,NVIDIA A100-SXM4-40GB MIG 4g.20gb (0),1,,13,"void ch_est::chEstFilterNoDftSOfdmDispatchKernel<float, __half, float, (unsigned int)2>(ch_est::puschRxChEstStatDescr_t *, ch_est::puschRxChEstDynDescr_t *)"
2771053681,2784,33716,103,1,1,128,1,1,16,0.000,0.000,,,,,NVIDIA A100-SXM4-40GB MIG 4g.20gb (0),1,,13,cupy_copy__complex64_complex64
2771070897,17407,33726,1434,1,1,128,1,1,16,0.000,0.000,,,,,NVIDIA A100-SXM4-40GB MIG 4g.20gb (0),1,,13,cupy_copy__complex64_complex64
2771158448,4512,33733,103,1,1,128,1,1,16,0.000,0.000,,,,,NVIDIA A100-SXM4-40GB MIG 4g.20gb (0),1,,13,cupy_copy__complex64_complex64
2771165007,96895,33740,1,1,1,32,32,1,30,0.000,0.000,,,,,NVIDIA A100-SXM4-40GB MIG 4g.20gb (0),1,,13,"void convert_kernel<__half2, float2>(tensor_layout_any, T1 *, tensor_layout_any, const T2 *)"
2771294574,5376,33743,,,,,,,,,,0.094,17428.487,Pinned,Device,NVIDIA A100-SXM4-40GB MIG 4g.20gb (0),1,,13,[CUDA memcpy Host-to-Device]
2771350413,57024,33744,,,,,,,,,,35.810,627962.757,Device,,NVIDIA A100-SXM4-40GB MIG 4g.20gb (0),1,,13,[CUDA memset]
2771409933,2304,33746,,,,,,,,,,0.000,34.722,Pinned,Device,NVIDIA A100-SXM4-40GB MIG 4g.20gb (0),1,,13,[CUDA memcpy Host-to-Device]
2771415405,9536,33747,,,,,,,,,,0.197,20617.298,Pinned,Device,NVIDIA A100-SXM4-40GB MIG 4g.20gb (0),1,,13,[CUDA memcpy Host-to-Device]
2771441324,14208,33748,273,1,1,48,1,1,40,0.000,0.001,,,,,NVIDIA A100-SXM4-40GB MIG 4g.20gb (0),1,,13,"void pusch_noise_intf_est::noiseIntfEstNoDftSOfdmKernel<float, __half, float, float, (unsigned int)2, (unsigned int)1, (unsigned char)4, (unsigned char)4>(pusch_noise_intf_est::puschRxNoiseIntfEstDynDescr)"
2771551179,5408,33759,35,1,1,128,1,1,16,0.000,0.000,,,,,NVIDIA A100-SXM4-40GB MIG 4g.20gb (0),1,,13,cupy_copy__complex64_complex64
2771558827,1824,33768,1,1,1,1,1,1,18,0.000,0.000,,,,,NVIDIA A100-SXM4-40GB MIG 4g.20gb (0),1,,13,cupy_copy__float32_float32
2771563947,1632,33774,,,,,,,,,,0.000,2.451,Device,Pageable,NVIDIA A100-SXM4-40GB MIG 4g.20gb (0),1,,7,[CUDA memcpy Device-to-Host]
2771658058,16992,33785,1434,1,1,128,1,1,16,0.000,0.000,,,,,NVIDIA A100-SXM4-40GB MIG 4g.20gb (0),1,,13,cupy_copy__complex64_complex64
2771691657,4096,33792,103,1,1,128,1,1,16,0.000,0.000,,,,,NVIDIA A100-SXM4-40GB MIG 4g.20gb (0),1,,13,cupy_copy__complex64_complex64
2771744361,3072,33799,35,1,1,128,1,1,16,0.000,0.000,,,,,NVIDIA A100-SXM4-40GB MIG 4g.20gb (0),1,,13,cupy_copy__complex64_complex64
2771773225,2175,33806,1,1,1,1,1,1,18,0.000,0.000,,,,,NVIDIA A100-SXM4-40GB MIG 4g.20gb (0),1,,13,cupy_copy__float32_float32
2771885383,166302,33817,1,1,1,32,32,1,30,0.000,0.000,,,,,NVIDIA A100-SXM4-40GB MIG 4g.20gb (0),1,,13,"void convert_kernel<__half2, float2>(tensor_layout_any, T1 *, tensor_layout_any, const T2 *)"
2772082661,5376,33820,,,,,,,,,,0.094,17428.487,Pinned,Device,NVIDIA A100-SXM4-40GB MIG 4g.20gb (0),1,,13,[CUDA memcpy Host-to-Device]
2772101349,7168,33821,,,,,,,,,,1.547,215766.421,Device,,NVIDIA A100-SXM4-40GB MIG 4g.20gb (0),1,,13,[CUDA memset]
2772115589,3040,33826,,,,,,,,,,0.031,10294.725,Pinned,Device,NVIDIA A100-SXM4-40GB MIG 4g.20gb (0),1,,13,[CUDA memcpy Host-to-Device]
2772121445,10943,33827,,,,,,,,,,0.197,17966.432,Pinned,Device,NVIDIA A100-SXM4-40GB MIG 4g.20gb (0),1,,13,[CUDA memcpy Host-to-Device]
2772211619,10432,33828,273,1,1,8,4,1,39,0.002,0.000,,,,,NVIDIA A100-SXM4-40GB MIG 4g.20gb (0),1,,13,"void channel_eq::eqMmseCoefCompLowMimoKernel<float, float, float, (unsigned int)4, (unsigned int)1, (unsigned int)4>(const channel_eq::_puschRxChEqStatDescr *, channel_eq::_puschRxChEqCoefCompDynDescr)"
2772233027,12128,33829,273,1,1,12,11,1,51,0.002,0.000,,,,,NVIDIA A100-SXM4-40GB MIG 4g.20gb (0),1,,13,"void channel_eq::eqMmseSoftDemapKernel<float, __half, __half, float, (unsigned int)4, (unsigned short)16383>(channel_eq::_puschRxChEqStatDescr *, channel_eq::_puschRxChEqSoftDemapDynDescr)"
2772317410,426715,33830,1,1,1,32,32,1,30,0.000,0.000,,,,,NVIDIA A100-SXM4-40GB MIG 4g.20gb (0),1,,13,"void convert_kernel<float2, __half2>(tensor_layout_any, T1 *, tensor_layout_any, const T2 *)"
2772751165,13056,33842,2253,1,1,128,1,1,16,0.000,0.000,,,,,NVIDIA A100-SXM4-40GB MIG 4g.20gb (0),1,,13,cupy_copy__float16_float16
2772777789,8352,33851,282,1,1,128,1,1,16,0.000,0.000,,,,,NVIDIA A100-SXM4-40GB MIG 4g.20gb (0),1,,13,cupy_copy__complex64_complex64
2772830172,3616,33860,26,1,1,128,1,1,16,0.000,0.000,,,,,NVIDIA A100-SXM4-40GB MIG 4g.20gb (0),1,,13,cupy_copy__float32_float32
2772853660,10624,33869,103,1,1,128,1,1,16,0.000,0.000,,,,,NVIDIA A100-SXM4-40GB MIG 4g.20gb (0),1,,13,cupy_copy__complex64_complex64
2772874364,13568,33879,1434,1,1,128,1,1,16,0.000,0.000,,,,,NVIDIA A100-SXM4-40GB MIG 4g.20gb (0),1,,13,cupy_copy__complex64_complex64
2772953723,126174,33884,1,1,1,32,32,1,30,0.000,0.000,,,,,NVIDIA A100-SXM4-40GB MIG 4g.20gb (0),1,,13,"void convert_kernel<__half2, float2>(tensor_layout_any, T1 *, tensor_layout_any, const T2 *)"
2773109145,5440,33887,,,,,,,,,,0.094,17223.480,Pinned,Device,NVIDIA A100-SXM4-40GB MIG 4g.20gb (0),1,,13,[CUDA memcpy Host-to-Device]
2773168056,625209,33888,,,,,,,,,,456.561,730041.743,Device,,NVIDIA A100-SXM4-40GB MIG 4g.20gb (0),1,,13,[CUDA memset]
2773799441,51328,33893,,,,,,,,,,1.235,24059.179,Pinned,Device,NVIDIA A100-SXM4-40GB MIG 4g.20gb (0),1,,13,[CUDA memcpy Host-to-Device]
2773853201,9343,33894,,,,,,,,,,0.197,21043.347,Pinned,Device,NVIDIA A100-SXM4-40GB MIG 4g.20gb (0),1,,13,[CUDA memcpy Host-to-Device]
2773951951,10848,33895,69,4,1,48,1,1,76,0.002,0.000,,,,,NVIDIA A100-SXM4-40GB MIG 4g.20gb (0),1,,13,"void ch_est::windowedChEstPreNoDftSOfdmKernel<float, __half, float, (unsigned int)2, (unsigned int)1, (unsigned short)4>(ch_est::puschRxChEstStatDescr_t *, ch_est::puschRxChEstDynDescr_t *)"
2773982159,10016,33896,137,2,1,24,2,1,44,0.001,0.001,,,,,NVIDIA A100-SXM4-40GB MIG 4g.20gb (0),1,,13,"void ch_est::chEstFilterNoDftSOfdmDispatchKernel<float, __half, float, (unsigned int)2>(ch_est::puschRxChEstStatDescr_t *, ch_est::puschRxChEstDynDescr_t *)"
2774034959,6079,33897,137,2,1,24,2,1,44,0.001,0.001,,,,,NVIDIA A100-SXM4-40GB MIG 4g.20gb (0),1,,13,"void ch_est::chEstFilterNoDftSOfdmDispatchKernel<float, __half, float, (unsigned int)2>(ch_est::puschRxChEstStatDescr_t *, ch_est::puschRxChEstDynDescr_t *)"
2774060846,7136,33908,103,1,1,128,1,1,16,0.000,0.000,,,,,NVIDIA A100-SXM4-40GB MIG 4g.20gb (0),1,,13,cupy_copy__complex64_complex64
2774070190,16448,33918,1434,1,1,128,1,1,16,0.000,0.000,,,,,NVIDIA A100-SXM4-40GB MIG 4g.20gb (0),1,,13,cupy_copy__complex64_complex64
2774095854,6144,33925,103,1,1,128,1,1,16,0.000,0.000,,,,,NVIDIA A100-SXM4-40GB MIG 4g.20gb (0),1,,13,cupy_copy__complex64_complex64
2774154637,135231,33932,1,1,1,32,32,1,30,0.000,0.000,,,,,NVIDIA A100-SXM4-40GB MIG 4g.20gb (0),1,,13,"void convert_kernel<__half2, float2>(tensor_layout_any, T1 *, tensor_layout_any, const T2 *)"
2774320235,5376,33935,,,,,,,,,,0.094,17428.487,Pinned,Device,NVIDIA A100-SXM4-40GB MIG 4g.20gb (0),1,,13,[CUDA memcpy Host-to-Device]
2774383531,58335,33936,,,,,,,,,,35.810,613853.649,Device,,NVIDIA A100-SXM4-40GB MIG 4g.20gb (0),1,,13,[CUDA memset]
2774445450,1824,33938,,,,,,,,,,0.000,43.860,Pinned,Device,NVIDIA A100-SXM4-40GB MIG 4g.20gb (0),1,,13,[CUDA memcpy Host-to-Device]
2774449802,10208,33939,,,,,,,,,,0.197,19260.113,Pinned,Device,NVIDIA A100-SXM4-40GB MIG 4g.20gb (0),1,,13,[CUDA memcpy Host-to-Device]
2774553193,14751,33940,273,1,1,48,1,1,40,0.000,0.001,,,,,NVIDIA A100-SXM4-40GB MIG 4g.20gb (0),1,,13,"void pusch_noise_intf_est::noiseIntfEstNoDftSOfdmKernel<float, __half, float, float, (unsigned int)2, (unsigned int)1, (unsigned char)4, (unsigned char)4>(pusch_noise_intf_est::puschRxNoiseIntfEstDynDescr)"
2774592104,4768,33951,35,1,1,128,1,1,16,0.000,0.000,,,,,NVIDIA A100-SXM4-40GB MIG 4g.20gb (0),1,,13,cupy_copy__complex64_complex64
2774599112,1728,33960,1,1,1,1,1,1,18,0.000,0.000,,,,,NVIDIA A100-SXM4-40GB MIG 4g.20gb (0),1,,13,cupy_copy__float32_float32
2774603144,1600,33966,,,,,,,,,,0.000,2.500,Device,Pageable,NVIDIA A100-SXM4-40GB MIG 4g.20gb (0),1,,7,[CUDA memcpy Device-to-Host]
2774699143,14688,33977,1434,1,1,128,1,1,16,0.000,0.000,,,,,NVIDIA A100-SXM4-40GB MIG 4g.20gb (0),1,,13,cupy_copy__complex64_complex64
2774715623,2880,33984,103,1,1,128,1,1,16,0.000,0.000,,,,,NVIDIA A100-SXM4-40GB MIG 4g.20gb (0),1,,13,cupy_copy__complex64_complex64
2774728807,6079,33991,35,1,1,128,1,1,16,0.000,0.000,,,,,NVIDIA A100-SXM4-40GB MIG 4g.20gb (0),1,,13,cupy_copy__complex64_complex64
2774786758,2912,33998,1,1,1,1,1,1,18,0.000,0.000,,,,,NVIDIA A100-SXM4-40GB MIG 4g.20gb (0),1,,13,cupy_copy__float32_float32
2774922884,166270,34009,1,1,1,32,32,1,30,0.000,0.000,,,,,NVIDIA A100-SXM4-40GB MIG 4g.20gb (0),1,,13,"void convert_kernel<__half2, float2>(tensor_layout_any, T1 *, tensor_layout_any, const T2 *)"
2775118018,5376,34012,,,,,,,,,,0.094,17428.487,Pinned,Device,NVIDIA A100-SXM4-40GB MIG 4g.20gb (0),1,,13,[CUDA memcpy Host-to-Device]
2775136642,5504,34013,,,,,,,,,,1.547,280999.928,Device,,NVIDIA A100-SXM4-40GB MIG 4g.20gb (0),1,,13,[CUDA memset]
2775142850,3072,34018,,,,,,,,,,0.031,10187.474,Pinned,Device,NVIDIA A100-SXM4-40GB MIG 4g.20gb (0),1,,13,[CUDA memcpy Host-to-Device]
2775148930,10176,34019,,,,,,,,,,0.197,19320.668,Pinned,Device,NVIDIA A100-SXM4-40GB MIG 4g.20gb (0),1,,13,[CUDA memcpy Host-to-Device]
2775220225,31712,34020,273,1,1,8,4,1,39,0.002,0.000,,,,,NVIDIA A100-SXM4-40GB MIG 4g.20gb (0),1,,13,"void channel_eq::eqMmseCoefCompLowMimoKernel<float, float, float, (unsigned int)4, (unsigned int)1, (unsigned int)4>(const channel_eq::_puschRxChEqStatDescr *, channel_eq::_puschRxChEqCoefCompDynDescr)"
2775254688,9888,34021,273,1,1,12,11,1,51,0.002,0.000,,,,,NVIDIA A100-SXM4-40GB MIG 4g.20gb (0),1,,13,"void channel_eq::eqMmseSoftDemapKernel<float, __half, __half, float, (unsigned int)4, (unsigned short)16383>(channel_eq::_puschRxChEqStatDescr *, channel_eq::_puschRxChEqSoftDemapDynDescr)"
2775266016,289629,34022,1,1,1,32,32,1,30,0.000,0.000,,,,,NVIDIA A100-SXM4-40GB MIG 4g.20gb (0),1,,13,"void convert_kernel<float2, __half2>(tensor_layout_any, T1 *, tensor_layout_any, const T2 *)"
2775592861,15647,34034,2253,1,1,128,1,1,16,0.000,0.000,,,,,NVIDIA A100-SXM4-40GB MIG 4g.20gb (0),1,,13,cupy_copy__float16_float16
2775621308,5184,34043,282,1,1,128,1,1,16,0.000,0.000,,,,,NVIDIA A100-SXM4-40GB MIG 4g.20gb (0),1,,13,cupy_copy__complex64_complex64
2775673948,2944,34052,26,1,1,128,1,1,16,0.000,0.000,,,,,NVIDIA A100-SXM4-40GB MIG 4g.20gb (0),1,,13,cupy_copy__float32_float32
2775702011,6048,34061,103,1,1,128,1,1,16,0.000,0.000,,,,,NVIDIA A100-SXM4-40GB MIG 4g.20gb (0),1,,13,cupy_copy__complex64_complex64
2775709755,15072,34071,1434,1,1,128,1,1,16,0.000,0.000,,,,,NVIDIA A100-SXM4-40GB MIG 4g.20gb (0),1,,13,cupy_copy__complex64_complex64
2775791482,130655,34076,1,1,1,32,32,1,30,0.000,0.000,,,,,NVIDIA A100-SXM4-40GB MIG 4g.20gb (0),1,,13,"void convert_kernel<__half2, float2>(tensor_layout_any, T1 *, tensor_layout_any, const T2 *)"
2775952568,5376,34079,,,,,,,,,,0.094,17428.487,Pinned,Device,NVIDIA A100-SXM4-40GB MIG 4g.20gb (0),1,,13,[CUDA memcpy Host-to-Device]
2776029016,626872,34080,,,,,,,,,,456.561,728215.497,Device,,NVIDIA A100-SXM4-40GB MIG 4g.20gb (0),1,,13,[CUDA memset]
2776660592,52064,34085,,,,,,,,,,1.235,23719.569,Pinned,Device,NVIDIA A100-SXM4-40GB MIG 4g.20gb (0),1,,13,[CUDA memcpy Host-to-Device]
2776715216,10432,34086,,,,,,,,,,0.197,18846.450,Pinned,Device,NVIDIA A100-SXM4-40GB MIG 4g.20gb (0),1,,13,[CUDA memcpy Host-to-Device]
2776817359,10687,34087,69,4,1,48,1,1,76,0.002,0.000,,,,,NVIDIA A100-SXM4-40GB MIG 4g.20gb (0),1,,13,"void ch_est::windowedChEstPreNoDftSOfdmKernel<float, __half, float, (unsigned int)2, (unsigned int)1, (unsigned short)4>(ch_est::puschRxChEstStatDescr_t *, ch_est::puschRxChEstDynDescr_t *)"
2776845838,11136,34088,137,2,1,24,2,1,44,0.001,0.001,,,,,NVIDIA A100-SXM4-40GB MIG 4g.20gb (0),1,,13,"void ch_est::chEstFilterNoDftSOfdmDispatchKernel<float, __half, float, (unsigned int)2>(ch_est::puschRxChEstStatDescr_t *, ch_est::puschRxChEstDynDescr_t *)"
2776926509,8928,34089,137,2,1,24,2,1,44,0.001,0.001,,,,,NVIDIA A100-SXM4-40GB MIG 4g.20gb (0),1,,13,"void ch_est::chEstFilterNoDftSOfdmDispatchKernel<float, __half, float, (unsigned int)2>(ch_est::puschRxChEstStatDescr_t *, ch_est::puschRxChEstDynDescr_t *)"
2776937037,2784,34100,103,1,1,128,1,1,16,0.000,0.000,,,,,NVIDIA A100-SXM4-40GB MIG 4g.20gb (0),1,,13,cupy_copy__complex64_complex64
2776953229,15392,34110,1434,1,1,128,1,1,16,0.000,0.000,,,,,NVIDIA A100-SXM4-40GB MIG 4g.20gb (0),1,,13,cupy_copy__complex64_complex64
2777043724,3552,34117,103,1,1,128,1,1,16,0.000,0.000,,,,,NVIDIA A100-SXM4-40GB MIG 4g.20gb (0),1,,13,cupy_copy__complex64_complex64
2777048652,99935,34124,1,1,1,32,32,1,30,0.000,0.000,,,,,NVIDIA A100-SXM4-40GB MIG 4g.20gb (0),1,,13,"void convert_kernel<__half2, float2>(tensor_layout_any, T1 *, tensor_layout_any, const T2 *)"
2777176010,5344,34127,,,,,,,,,,0.094,17532.864,Pinned,Device,NVIDIA A100-SXM4-40GB MIG 4g.20gb (0),1,,13,[CUDA memcpy Host-to-Device]
2777239658,55711,34128,,,,,,,,,,35.810,642752.254,Device,,NVIDIA A100-SXM4-40GB MIG 4g.20gb (0),1,,13,[CUDA memset]
2777299305,1952,34130,,,,,,,,,,0.000,40.984,Pinned,Device,NVIDIA A100-SXM4-40GB MIG 4g.20gb (0),1,,13,[CUDA memcpy Host-to-Device]
2777303689,9440,34131,,,,,,,,,,0.197,20827.079,Pinned,Device,NVIDIA A100-SXM4-40GB MIG 4g.20gb (0),1,,13,[CUDA memcpy Host-to-Device]
2777324553,11264,34132,273,1,1,48,1,1,40,0.000,0.001,,,,,NVIDIA A100-SXM4-40GB MIG 4g.20gb (0),1,,13,"void pusch_noise_intf_est::noiseIntfEstNoDftSOfdmKernel<float, __half, float, float, (unsigned int)2, (unsigned int)1, (unsigned char)4, (unsigned char)4>(pusch_noise_intf_est::puschRxNoiseIntfEstDynDescr)"
2777389960,3296,34143,35,1,1,128,1,1,16,0.000,0.000,,,,,NVIDIA A100-SXM4-40GB MIG 4g.20gb (0),1,,13,cupy_copy__complex64_complex64
2777426440,2208,34152,1,1,1,1,1,1,18,0.000,0.000,,,,,NVIDIA A100-SXM4-40GB MIG 4g.20gb (0),1,,13,cupy_copy__float32_float32
2777435207,1728,34158,,,,,,,,,,0.000,2.315,Device,Pageable,NVIDIA A100-SXM4-40GB MIG 4g.20gb (0),1,,7,[CUDA memcpy Device-to-Host]
2777538118,17952,34169,1434,1,1,128,1,1,16,0.000,0.000,,,,,NVIDIA A100-SXM4-40GB MIG 4g.20gb (0),1,,13,cupy_copy__complex64_complex64
2777567750,3616,34176,103,1,1,128,1,1,16,0.000,0.000,,,,,NVIDIA A100-SXM4-40GB MIG 4g.20gb (0),1,,13,cupy_copy__complex64_complex64
2777621349,4352,34183,35,1,1,128,1,1,16,0.000,0.000,,,,,NVIDIA A100-SXM4-40GB MIG 4g.20gb (0),1,,13,cupy_copy__complex64_complex64
2777650437,2400,34190,1,1,1,1,1,1,18,0.000,0.000,,,,,NVIDIA A100-SXM4-40GB MIG 4g.20gb (0),1,,13,cupy_copy__float32_float32
2777762340,170558,34201,1,1,1,32,32,1,30,0.000,0.000,,,,,NVIDIA A100-SXM4-40GB MIG 4g.20gb (0),1,,13,"void convert_kernel<__half2, float2>(tensor_layout_any, T1 *, tensor_layout_any, const T2 *)"
2777962593,5344,34204,,,,,,,,,,0.094,17532.864,Pinned,Device,NVIDIA A100-SXM4-40GB MIG 4g.20gb (0),1,,13,[CUDA memcpy Host-to-Device]
2777977441,4384,34205,,,,,,,,,,1.547,352788.028,Device,,NVIDIA A100-SXM4-40GB MIG 4g.20gb (0),1,,13,[CUDA memset]
2777983137,3040,34210,,,,,,,,,,0.031,10294.725,Pinned,Device,NVIDIA A100-SXM4-40GB MIG 4g.20gb (0),1,,13,[CUDA memcpy Host-to-Device]
2777988289,10336,34211,,,,,,,,,,0.197,19021.627,Pinned,Device,NVIDIA A100-SXM4-40GB MIG 4g.20gb (0),1,,13,[CUDA memcpy Host-to-Device]
2778056800,11776,34212,273,1,1,8,4,1,39,0.002,0.000,,,,,NVIDIA A100-SXM4-40GB MIG 4g.20gb (0),1,,13,"void channel_eq::eqMmseCoefCompLowMimoKernel<float, float, float, (unsigned int)4, (unsigned int)1, (unsigned int)4>(const channel_eq::_puschRxChEqStatDescr *, channel_eq::_puschRxChEqCoefCompDynDescr)"
2778086528,9824,34213,273,1,1,12,11,1,51,0.002,0.000,,,,,NVIDIA A100-SXM4-40GB MIG 4g.20gb (0),1,,13,"void channel_eq::eqMmseSoftDemapKernel<float, __half, __half, float, (unsigned int)4, (unsigned short)16383>(channel_eq::_puschRxChEqStatDescr *, channel_eq::_puschRxChEqSoftDemapDynDescr)"
2778116768,426203,34214,1,1,1,32,32,1,30,0.000,0.000,,,,,NVIDIA A100-SXM4-40GB MIG 4g.20gb (0),1,,13,"void convert_kernel<float2, __half2>(tensor_layout_any, T1 *, tensor_layout_any, const T2 *)"
2778546299,15903,34226,2253,1,1,128,1,1,16,0.000,0.000,,,,,NVIDIA A100-SXM4-40GB MIG 4g.20gb (0),1,,13,cupy_copy__float16_float16
2778639322,4352,34235,282,1,1,128,1,1,16,0.000,0.000,,,,,NVIDIA A100-SXM4-40GB MIG 4g.20gb (0),1,,13,cupy_copy__complex64_complex64
2778645978,2271,34244,26,1,1,128,1,1,16,0.000,0.000,,,,,NVIDIA A100-SXM4-40GB MIG 4g.20gb (0),1,,13,cupy_copy__float32_float32
2778666329,7104,34253,103,1,1,128,1,1,16,0.000,0.000,,,,,NVIDIA A100-SXM4-40GB MIG 4g.20gb (0),1,,13,cupy_copy__complex64_complex64
2778720825,20095,34263,1434,1,1,128,1,1,16,0.000,0.000,,,,,NVIDIA A100-SXM4-40GB MIG 4g.20gb (0),1,,13,cupy_copy__complex64_complex64
2778763608,118015,34268,1,1,1,32,32,1,30,0.000,0.000,,,,,NVIDIA A100-SXM4-40GB MIG 4g.20gb (0),1,,13,"void convert_kernel<__half2, float2>(tensor_layout_any, T1 *, tensor_layout_any, const T2 *)"
2778912886,5376,34271,,,,,,,,,,0.094,17428.487,Pinned,Device,NVIDIA A100-SXM4-40GB MIG 4g.20gb (0),1,,13,[CUDA memcpy Host-to-Device]
2778975670,628952,34272,,,,,,,,,,456.561,725476.128,Device,,NVIDIA A100-SXM4-40GB MIG 4g.20gb (0),1,,13,[CUDA memset]
2779607854,50112,34277,,,,,,,,,,1.235,24643.308,Pinned,Device,NVIDIA A100-SXM4-40GB MIG 4g.20gb (0),1,,13,[CUDA memcpy Host-to-Device]
2779660430,9760,34278,,,,,,,,,,0.197,20144.259,Pinned,Device,NVIDIA A100-SXM4-40GB MIG 4g.20gb (0),1,,13,[CUDA memcpy Host-to-Device]
2779758829,9984,34279,69,4,1,48,1,1,76,0.002,0.000,,,,,NVIDIA A100-SXM4-40GB MIG 4g.20gb (0),1,,13,"void ch_est::windowedChEstPreNoDftSOfdmKernel<float, __half, float, (unsigned int)2, (unsigned int)1, (unsigned short)4>(ch_est::puschRxChEstStatDescr_t *, ch_est::puschRxChEstDynDescr_t *)"
2779786380,10752,34280,137,2,1,24,2,1,44,0.001,0.001,,,,,NVIDIA A100-SXM4-40GB MIG 4g.20gb (0),1,,13,"void ch_est::chEstFilterNoDftSOfdmDispatchKernel<float, __half, float, (unsigned int)2>(ch_est::puschRxChEstStatDescr_t *, ch_est::puschRxChEstDynDescr_t *)"
2779845356,6816,34281,137,2,1,24,2,1,44,0.001,0.001,,,,,NVIDIA A100-SXM4-40GB MIG 4g.20gb (0),1,,13,"void ch_est::chEstFilterNoDftSOfdmDispatchKernel<float, __half, float, (unsigned int)2>(ch_est::puschRxChEstStatDescr_t *, ch_est::puschRxChEstDynDescr_t *)"
2779874539,4320,34292,103,1,1,128,1,1,16,0.000,0.000,,,,,NVIDIA A100-SXM4-40GB MIG 4g.20gb (0),1,,13,cupy_copy__complex64_complex64
2779881099,15840,34302,1434,1,1,128,1,1,16,0.000,0.000,,,,,NVIDIA A100-SXM4-40GB MIG 4g.20gb (0),1,,13,cupy_copy__complex64_complex64
2779909387,4704,34309,103,1,1,128,1,1,16,0.000,0.000,,,,,NVIDIA A100-SXM4-40GB MIG 4g.20gb (0),1,,13,cupy_copy__complex64_complex64
2779963562,129951,34316,1,1,1,32,32,1,30,0.000,0.000,,,,,NVIDIA A100-SXM4-40GB MIG 4g.20gb (0),1,,13,"void convert_kernel<__half2, float2>(tensor_layout_any, T1 *, tensor_layout_any, const T2 *)"
2780123721,5631,34319,,,,,,,,,,0.094,16639.285,Pinned,Device,NVIDIA A100-SXM4-40GB MIG 4g.20gb (0),1,,13,[CUDA memcpy Host-to-Device]
2780199048,60127,34320,,,,,,,,,,35.810,595554.780,Device,,NVIDIA A100-SXM4-40GB MIG 4g.20gb (0),1,,13,[CUDA memset]
2780265799,1856,34322,,,,,,,,,,0.000,43.103,Pinned,Device,NVIDIA A100-SXM4-40GB MIG 4g.20gb (0),1,,13,[CUDA memcpy Host-to-Device]
2780270087,9568,34323,,,,,,,,,,0.197,20548.485,Pinned,Device,NVIDIA A100-SXM4-40GB MIG 4g.20gb (0),1,,13,[CUDA memcpy Host-to-Device]
2780346310,13856,34324,273,1,1,48,1,1,40,0.000,0.001,,,,,NVIDIA A100-SXM4-40GB MIG 4g.20gb (0),1,,13,"void pusch_noise_intf_est::noiseIntfEstNoDftSOfdmKernel<float, __half, float, float, (unsigned int)2, (unsigned int)1, (unsigned char)4, (unsigned char)4>(pusch_noise_intf_est::puschRxNoiseIntfEstDynDescr)"
2780383110,5567,34335,35,1,1,128,1,1,16,0.000,0.000,,,,,NVIDIA A100-SXM4-40GB MIG 4g.20gb (0),1,,13,cupy_copy__complex64_complex64
2780390885,1856,34344,1,1,1,1,1,1,18,0.000,0.000,,,,,NVIDIA A100-SXM4-40GB MIG 4g.20gb (0),1,,13,cupy_copy__float32_float32
2780400965,1824,34350,,,,,,,,,,0.000,2.193,Device,Pageable,NVIDIA A100-SXM4-40GB MIG 4g.20gb (0),1,,7,[CUDA memcpy Device-to-Host]
2780493060,18208,34361,1434,1,1,128,1,1,16,0.000,0.000,,,,,NVIDIA A100-SXM4-40GB MIG 4g.20gb (0),1,,13,cupy_copy__complex64_complex64
2780513092,3200,34368,103,1,1,128,1,1,16,0.000,0.000,,,,,NVIDIA A100-SXM4-40GB MIG 4g.20gb (0),1,,13,cupy_copy__complex64_complex64
2780529540,4928,34375,35,1,1,128,1,1,16,0.000,0.000,,,,,NVIDIA A100-SXM4-40GB MIG 4g.20gb (0),1,,13,cupy_copy__complex64_complex64
2780579715,2272,34382,1,1,1,1,1,1,18,0.000,0.000,,,,,NVIDIA A100-SXM4-40GB MIG 4g.20gb (0),1,,13,cupy_copy__float32_float32
2780712098,173918,34393,1,1,1,32,32,1,30,0.000,0.000,,,,,NVIDIA A100-SXM4-40GB MIG 4g.20gb (0),1,,13,"void convert_kernel<__half2, float2>(tensor_layout_any, T1 *, tensor_layout_any, const T2 *)"
2780915551,5344,34396,,,,,,,,,,0.094,17532.864,Pinned,Device,NVIDIA A100-SXM4-40GB MIG 4g.20gb (0),1,,13,[CUDA memcpy Host-to-Device]
2780933119,5568,34397,,,,,,,,,,1.547,277769.031,Device,,NVIDIA A100-SXM4-40GB MIG 4g.20gb (0),1,,13,[CUDA memset]
2780939135,3200,34402,,,,,,,,,,0.031,9780.000,Pinned,Device,NVIDIA A100-SXM4-40GB MIG 4g.20gb (0),1,,13,[CUDA memcpy Host-to-Device]
2780944927,9344,34403,,,,,,,,,,0.197,21040.988,Pinned,Device,NVIDIA A100-SXM4-40GB MIG 4g.20gb (0),1,,13,[CUDA memcpy Host-to-Device]
2781007614,10496,34404,273,1,1,8,4,1,39,0.002,0.000,,,,,NVIDIA A100-SXM4-40GB MIG 4g.20gb (0),1,,13,"void channel_eq::eqMmseCoefCompLowMimoKernel<float, float, float, (unsigned int)4, (unsigned int)1, (unsigned int)4>(const channel_eq::_puschRxChEqStatDescr *, channel_eq::_puschRxChEqCoefCompDynDescr)"
2781036574,11744,34405,273,1,1,12,11,1,51,0.002,0.000,,,,,NVIDIA A100-SXM4-40GB MIG 4g.20gb (0),1,,13,"void channel_eq::eqMmseSoftDemapKernel<float, __half, __half, float, (unsigned int)4, (unsigned short)16383>(channel_eq::_puschRxChEqStatDescr *, channel_eq::_puschRxChEqSoftDemapDynDescr)"
2781060862,425819,34406,1,1,1,32,32,1,30,0.000,0.000,,,,,NVIDIA A100-SXM4-40GB MIG 4g.20gb (0),1,,13,"void convert_kernel<float2, __half2>(tensor_layout_any, T1 *, tensor_layout_any, const T2 *)"
2781494585,14912,34418,2253,1,1,128,1,1,16,0.000,0.000,,,,,NVIDIA A100-SXM4-40GB MIG 4g.20gb (0),1,,13,cupy_copy__float16_float16
2781510809,8735,34427,282,1,1,128,1,1,16,0.000,0.000,,,,,NVIDIA A100-SXM4-40GB MIG 4g.20gb (0),1,,13,cupy_copy__complex64_complex64
2781521112,2400,34436,26,1,1,128,1,1,16,0.000,0.000,,,,,NVIDIA A100-SXM4-40GB MIG 4g.20gb (0),1,,13,cupy_copy__float32_float32
2781524984,3200,34445,103,1,1,128,1,1,16,0.000,0.000,,,,,NVIDIA A100-SXM4-40GB MIG 4g.20gb (0),1,,13,cupy_copy__complex64_complex64
2781530136,14432,34455,1434,1,1,128,1,1,16,0.000,0.000,,,,,NVIDIA A100-SXM4-40GB MIG 4g.20gb (0),1,,13,cupy_copy__complex64_complex64
2781551896,82559,34460,1,1,1,32,32,1,30,0.000,0.000,,,,,NVIDIA A100-SXM4-40GB MIG 4g.20gb (0),1,,13,"void convert_kernel<__half2, float2>(tensor_layout_any, T1 *, tensor_layout_any, const T2 *)"
2781662935,5728,34463,,,,,,,,,,0.094,16357.541,Pinned,Device,NVIDIA A100-SXM4-40GB MIG 4g.20gb (0),1,,13,[CUDA memcpy Host-to-Device]
2781695830,625465,34464,,,,,,,,,,456.561,729585.181,Device,,NVIDIA A100-SXM4-40GB MIG 4g.20gb (0),1,,13,[CUDA memset]
2782322735,50816,34469,,,,,,,,,,1.235,24301.228,Pinned,Device,NVIDIA A100-SXM4-40GB MIG 4g.20gb (0),1,,13,[CUDA memcpy Host-to-Device]
2782375983,9600,34470,,,,,,,,,,0.197,20479.869,Pinned,Device,NVIDIA A100-SXM4-40GB MIG 4g.20gb (0),1,,13,[CUDA memcpy Host-to-Device]
2782413166,11104,34471,69,4,1,48,1,1,76,0.002,0.000,,,,,NVIDIA A100-SXM4-40GB MIG 4g.20gb (0),1,,13,"void ch_est::windowedChEstPreNoDftSOfdmKernel<float, __half, float, (unsigned int)2, (unsigned int)1, (unsigned short)4>(ch_est::puschRxChEstStatDescr_t *, ch_est::puschRxChEstDynDescr_t *)"
2782426638,6400,34472,137,2,1,24,2,1,44,0.001,0.001,,,,,NVIDIA A100-SXM4-40GB MIG 4g.20gb (0),1,,13,"void ch_est::chEstFilterNoDftSOfdmDispatchKernel<float, __half, float, (unsigned int)2>(ch_est::puschRxChEstStatDescr_t *, ch_est::puschRxChEstDynDescr_t *)"
2782435118,5024,34473,137,2,1,24,2,1,44,0.001,0.001,,,,,NVIDIA A100-SXM4-40GB MIG 4g.20gb (0),1,,13,"void ch_est::chEstFilterNoDftSOfdmDispatchKernel<float, __half, float, (unsigned int)2>(ch_est::puschRxChEstStatDescr_t *, ch_est::puschRxChEstDynDescr_t *)"
2782441902,2592,34484,103,1,1,128,1,1,16,0.000,0.000,,,,,NVIDIA A100-SXM4-40GB MIG 4g.20gb (0),1,,13,cupy_copy__complex64_complex64
2782445934,14432,34494,1434,1,1,128,1,1,16,0.000,0.000,,,,,NVIDIA A100-SXM4-40GB MIG 4g.20gb (0),1,,13,cupy_copy__complex64_complex64
2782462126,2720,34501,103,1,1,128,1,1,16,0.000,0.000,,,,,NVIDIA A100-SXM4-40GB MIG 4g.20gb (0),1,,13,cupy_copy__complex64_complex64
2782510765,89183,34508,1,1,1,32,32,1,30,0.000,0.000,,,,,NVIDIA A100-SXM4-40GB MIG 4g.20gb (0),1,,13,"void convert_kernel<__half2, float2>(tensor_layout_any, T1 *, tensor_layout_any, const T2 *)"
2782638604,5600,34511,,,,,,,,,,0.094,16731.388,Pinned,Device,NVIDIA A100-SXM4-40GB MIG 4g.20gb (0),1,,13,[CUDA memcpy Host-to-Device]
2782700651,56863,34512,,,,,,,,,,35.810,629753.253,Device,,NVIDIA A100-SXM4-40GB MIG 4g.20gb (0),1,,13,[CUDA memset]
2782760810,1824,34514,,,,,,,,,,0.000,43.860,Pinned,Device,NVIDIA A100-SXM4-40GB MIG 4g.20gb (0),1,,13,[CUDA memcpy Host-to-Device]
2782765162,9344,34515,,,,,,,,,,0.197,21040.988,Pinned,Device,NVIDIA A100-SXM4-40GB MIG 4g.20gb (0),1,,13,[CUDA memcpy Host-to-Device]
2782778986,8992,34516,273,1,1,48,1,1,40,0.000,0.001,,,,,NVIDIA A100-SXM4-40GB MIG 4g.20gb (0),1,,13,"void pusch_noise_intf_est::noiseIntfEstNoDftSOfdmKernel<float, __half, float, float, (unsigned int)2, (unsigned int)1, (unsigned char)4, (unsigned char)4>(pusch_noise_intf_est::puschRxNoiseIntfEstDynDescr)"
2782853833,3040,34527,35,1,1,128,1,1,16,0.000,0.000,,,,,NVIDIA A100-SXM4-40GB MIG 4g.20gb (0),1,,13,cupy_copy__complex64_complex64
2782858953,1920,34536,1,1,1,1,1,1,18,0.000,0.000,,,,,NVIDIA A100-SXM4-40GB MIG 4g.20gb (0),1,,13,cupy_copy__float32_float32
2782865705,1792,34542,,,,,,,,,,0.000,2.232,Device,Pageable,NVIDIA A100-SXM4-40GB MIG 4g.20gb (0),1,,7,[CUDA memcpy Device-to-Host]
2782959976,26496,34553,1434,1,1,128,1,1,16,0.000,0.000,,,,,NVIDIA A100-SXM4-40GB MIG 4g.20gb (0),1,,13,cupy_copy__complex64_complex64
2782987816,3712,34560,103,1,1,128,1,1,16,0.000,0.000,,,,,NVIDIA A100-SXM4-40GB MIG 4g.20gb (0),1,,13,cupy_copy__complex64_complex64
2782992936,2848,34567,35,1,1,128,1,1,16,0.000,0.000,,,,,NVIDIA A100-SXM4-40GB MIG 4g.20gb (0),1,,13,cupy_copy__complex64_complex64
2783001799,1664,34574,1,1,1,1,1,1,18,0.000,0.000,,,,,NVIDIA A100-SXM4-40GB MIG 4g.20gb (0),1,,13,cupy_copy__float32_float32
2783165862,141086,34585,1,1,1,32,32,1,30,0.000,0.000,,,,,NVIDIA A100-SXM4-40GB MIG 4g.20gb (0),1,,13,"void convert_kernel<__half2, float2>(tensor_layout_any, T1 *, tensor_layout_any, const T2 *)"
2783336452,5408,34588,,,,,,,,,,0.094,17325.421,Pinned,Device,NVIDIA A100-SXM4-40GB MIG 4g.20gb (0),1,,13,[CUDA memcpy Host-to-Device]
2783365699,15840,34589,,,,,,,,,,1.547,97639.920,Device,,NVIDIA A100-SXM4-40GB MIG 4g.20gb (0),1,,13,[CUDA memset]
2783388643,3392,34594,,,,,,,,,,0.031,9226.405,Pinned,Device,NVIDIA A100-SXM4-40GB MIG 4g.20gb (0),1,,13,[CUDA memcpy Host-to-Device]
2783396099,9952,34595,,,,,,,,,,0.197,19755.565,Pinned,Device,NVIDIA A100-SXM4-40GB MIG 4g.20gb (0),1,,13,[CUDA memcpy Host-to-Device]
2783410051,6624,34596,273,1,1,8,4,1,39,0.002,0.000,,,,,NVIDIA A100-SXM4-40GB MIG 4g.20gb (0),1,,13,"void channel_eq::eqMmseCoefCompLowMimoKernel<float, float, float, (unsigned int)4, (unsigned int)1, (unsigned int)4>(const channel_eq::_puschRxChEqStatDescr *, channel_eq::_puschRxChEqCoefCompDynDescr)"
2783468738,10048,34597,273,1,1,12,11,1,51,0.002,0.000,,,,,NVIDIA A100-SXM4-40GB MIG 4g.20gb (0),1,,13,"void channel_eq::eqMmseSoftDemapKernel<float, __half, __half, float, (unsigned int)4, (unsigned short)16383>(channel_eq::_puschRxChEqStatDescr *, channel_eq::_puschRxChEqSoftDemapDynDescr)"
2783480290,285725,34598,1,1,1,32,32,1,30,0.000,0.000,,,,,NVIDIA A100-SXM4-40GB MIG 4g.20gb (0),1,,13,"void convert_kernel<float2, __half2>(tensor_layout_any, T1 *, tensor_layout_any, const T2 *)"
2783767743,15103,34610,2253,1,1,128,1,1,16,0.000,0.000,,,,,NVIDIA A100-SXM4-40GB MIG 4g.20gb (0),1,,13,cupy_copy__float16_float16
2783784670,3136,34619,282,1,1,128,1,1,16,0.000,0.000,,,,,NVIDIA A100-SXM4-40GB MIG 4g.20gb (0),1,,13,cupy_copy__complex64_complex64
2783789278,2112,34628,26,1,1,128,1,1,16,0.000,0.000,,,,,NVIDIA A100-SXM4-40GB MIG 4g.20gb (0),1,,13,cupy_copy__float32_float32
2783793118,3520,34637,103,1,1,128,1,1,16,0.000,0.000,,,,,NVIDIA A100-SXM4-40GB MIG 4g.20gb (0),1,,13,cupy_copy__complex64_complex64
2783798270,13120,34647,1434,1,1,128,1,1,16,0.000,0.000,,,,,NVIDIA A100-SXM4-40GB MIG 4g.20gb (0),1,,13,cupy_copy__complex64_complex64
2783856734,115582,34652,1,1,1,32,32,1,30,0.000,0.000,,,,,NVIDIA A100-SXM4-40GB MIG 4g.20gb (0),1,,13,"void convert_kernel<__half2, float2>(tensor_layout_any, T1 *, tensor_layout_any, const T2 *)"
2784002812,6848,34655,,,,,,,,,,0.094,13682.239,Pinned,Device,NVIDIA A100-SXM4-40GB MIG 4g.20gb (0),1,,13,[CUDA memcpy Host-to-Device]
2784051931,625401,34656,,,,,,,,,,456.561,729585.181,Device,,NVIDIA A100-SXM4-40GB MIG 4g.20gb (0),1,,13,[CUDA memset]
2784680148,51328,34661,,,,,,,,,,1.235,24059.179,Pinned,Device,NVIDIA A100-SXM4-40GB MIG 4g.20gb (0),1,,13,[CUDA memcpy Host-to-Device]
2784733908,10783,34662,,,,,,,,,,0.197,18233.033,Pinned,Device,NVIDIA A100-SXM4-40GB MIG 4g.20gb (0),1,,13,[CUDA memcpy Host-to-Device]
2784834162,12096,34663,69,4,1,48,1,1,76,0.002,0.000,,,,,NVIDIA A100-SXM4-40GB MIG 4g.20gb (0),1,,13,"void ch_est::windowedChEstPreNoDftSOfdmKernel<float, __half, float, (unsigned int)2, (unsigned int)1, (unsigned short)4>(ch_est::puschRxChEstStatDescr_t *, ch_est::puschRxChEstDynDescr_t *)"
2784905362,11807,34664,137,2,1,24,2,1,44,0.001,0.001,,,,,NVIDIA A100-SXM4-40GB MIG 4g.20gb (0),1,,13,"void ch_est::chEstFilterNoDftSOfdmDispatchKernel<float, __half, float, (unsigned int)2>(ch_est::puschRxChEstStatDescr_t *, ch_est::puschRxChEstDynDescr_t *)"
2785043248,11360,34665,137,2,1,24,2,1,44,0.001,0.001,,,,,NVIDIA A100-SXM4-40GB MIG 4g.20gb (0),1,,13,"void ch_est::chEstFilterNoDftSOfdmDispatchKernel<float, __half, float, (unsigned int)2>(ch_est::puschRxChEstStatDescr_t *, ch_est::puschRxChEstDynDescr_t *)"
2785094511,4736,34676,103,1,1,128,1,1,16,0.000,0.000,,,,,NVIDIA A100-SXM4-40GB MIG 4g.20gb (0),1,,13,cupy_copy__complex64_complex64
2785160687,13631,34686,1434,1,1,128,1,1,16,0.000,0.000,,,,,NVIDIA A100-SXM4-40GB MIG 4g.20gb (0),1,,13,cupy_copy__complex64_complex64
2785215374,4608,34693,103,1,1,128,1,1,16,0.000,0.000,,,,,NVIDIA A100-SXM4-40GB MIG 4g.20gb (0),1,,13,cupy_copy__complex64_complex64
2785281549,143583,34700,1,1,1,32,32,1,30,0.000,0.000,,,,,NVIDIA A100-SXM4-40GB MIG 4g.20gb (0),1,,13,"void convert_kernel<__half2, float2>(tensor_layout_any, T1 *, tensor_layout_any, const T2 *)"
2785455083,5376,34703,,,,,,,,,,0.094,17428.487,Pinned,Device,NVIDIA A100-SXM4-40GB MIG 4g.20gb (0),1,,13,[CUDA memcpy Host-to-Device]
2785507371,53023,34704,,,,,,,,,,35.810,675339.281,Device,,NVIDIA A100-SXM4-40GB MIG 4g.20gb (0),1,,13,[CUDA memset]
2785562442,2016,34706,,,,,,,,,,0.000,39.682,Pinned,Device,NVIDIA A100-SXM4-40GB MIG 4g.20gb (0),1,,13,[CUDA memcpy Host-to-Device]
2785567466,11232,34707,,,,,,,,,,0.197,17504.207,Pinned,Device,NVIDIA A100-SXM4-40GB MIG 4g.20gb (0),1,,13,[CUDA memcpy Host-to-Device]
2785712136,14816,34708,273,1,1,48,1,1,40,0.000,0.001,,,,,NVIDIA A100-SXM4-40GB MIG 4g.20gb (0),1,,13,"void pusch_noise_intf_est::noiseIntfEstNoDftSOfdmKernel<float, __half, float, float, (unsigned int)2, (unsigned int)1, (unsigned char)4, (unsigned char)4>(pusch_noise_intf_est::puschRxNoiseIntfEstDynDescr)"
2785829895,5472,34719,35,1,1,128,1,1,16,0.000,0.000,,,,,NVIDIA A100-SXM4-40GB MIG 4g.20gb (0),1,,13,cupy_copy__complex64_complex64
2785877414,2592,34728,1,1,1,1,1,1,18,0.000,0.000,,,,,NVIDIA A100-SXM4-40GB MIG 4g.20gb (0),1,,13,cupy_copy__float32_float32
2785885478,1568,34734,,,,,,,,,,0.000,2.551,Device,Pageable,NVIDIA A100-SXM4-40GB MIG 4g.20gb (0),1,,7,[CUDA memcpy Device-to-Host]
2786063588,15296,34745,1434,1,1,128,1,1,16,0.000,0.000,,,,,NVIDIA A100-SXM4-40GB MIG 4g.20gb (0),1,,13,cupy_copy__complex64_complex64
2786187267,3712,34752,103,1,1,128,1,1,16,0.000,0.000,,,,,NVIDIA A100-SXM4-40GB MIG 4g.20gb (0),1,,13,cupy_copy__complex64_complex64
2786237314,3520,34759,35,1,1,128,1,1,16,0.000,0.000,,,,,NVIDIA A100-SXM4-40GB MIG 4g.20gb (0),1,,13,cupy_copy__complex64_complex64
2786299906,1920,34766,1,1,1,1,1,1,18,0.000,0.000,,,,,NVIDIA A100-SXM4-40GB MIG 4g.20gb (0),1,,13,cupy_copy__float32_float32
2786348289,152766,34777,1,1,1,32,32,1,30,0.000,0.000,,,,,NVIDIA A100-SXM4-40GB MIG 4g.20gb (0),1,,13,"void convert_kernel<__half2, float2>(tensor_layout_any, T1 *, tensor_layout_any, const T2 *)"
2786531935,5600,34780,,,,,,,,,,0.094,16731.388,Pinned,Device,NVIDIA A100-SXM4-40GB MIG 4g.20gb (0),1,,13,[CUDA memcpy Host-to-Device]
2786639262,4480,34781,,,,,,,,,,1.547,345228.130,Device,,NVIDIA A100-SXM4-40GB MIG 4g.20gb (0),1,,13,[CUDA memset]
2786656509,3232,34786,,,,,,,,,,0.031,9683.139,Pinned,Device,NVIDIA A100-SXM4-40GB MIG 4g.20gb (0),1,,13,[CUDA memcpy Host-to-Device]
2786663229,11104,34787,,,,,,,,,,0.197,17705.927,Pinned,Device,NVIDIA A100-SXM4-40GB MIG 4g.20gb (0),1,,13,[CUDA memcpy Host-to-Device]
2786755964,13824,34788,273,1,1,8,4,1,39,0.002,0.000,,,,,NVIDIA A100-SXM4-40GB MIG 4g.20gb (0),1,,13,"void channel_eq::eqMmseCoefCompLowMimoKernel<float, float, float, (unsigned int)4, (unsigned int)1, (unsigned int)4>(const channel_eq::_puschRxChEqStatDescr *, channel_eq::_puschRxChEqCoefCompDynDescr)"
2786811036,18559,34789,273,1,1,12,11,1,51,0.002,0.000,,,,,NVIDIA A100-SXM4-40GB MIG 4g.20gb (0),1,,13,"void channel_eq::eqMmseSoftDemapKernel<float, __half, __half, float, (unsigned int)4, (unsigned short)16383>(channel_eq::_puschRxChEqStatDescr *, channel_eq::_puschRxChEqSoftDemapDynDescr)"
2786878843,439419,34790,1,1,1,32,32,1,30,0.000,0.000,,,,,NVIDIA A100-SXM4-40GB MIG 4g.20gb (0),1,,13,"void convert_kernel<float2, __half2>(tensor_layout_any, T1 *, tensor_layout_any, const T2 *)"
2787367669,12512,34802,2253,1,1,128,1,1,16,0.000,0.000,,,,,NVIDIA A100-SXM4-40GB MIG 4g.20gb (0),1,,13,cupy_copy__float16_float16
2787490868,5984,34811,282,1,1,128,1,1,16,0.000,0.000,,,,,NVIDIA A100-SXM4-40GB MIG 4g.20gb (0),1,,13,cupy_copy__complex64_complex64
2787541107,3328,34820,26,1,1,128,1,1,16,0.000,0.000,,,,,NVIDIA A100-SXM4-40GB MIG 4g.20gb (0),1,,13,cupy_copy__float32_float32
2787615250,5280,34829,103,1,1,128,1,1,16,0.000,0.000,,,,,NVIDIA A100-SXM4-40GB MIG 4g.20gb (0),1,,13,cupy_copy__complex64_complex64
2787675154,23103,34839,1434,1,1,128,1,1,16,0.000,0.000,,,,,NVIDIA A100-SXM4-40GB MIG 4g.20gb (0),1,,13,cupy_copy__complex64_complex64
2787750513,138686,34844,1,1,1,32,32,1,30,0.000,0.000,,,,,NVIDIA A100-SXM4-40GB MIG 4g.20gb (0),1,,13,"void convert_kernel<__half2, float2>(tensor_layout_any, T1 *, tensor_layout_any, const T2 *)"
2787921391,5472,34847,,,,,,,,,,0.094,17122.757,Pinned,Device,NVIDIA A100-SXM4-40GB MIG 4g.20gb (0),1,,13,[CUDA memcpy Host-to-Device]
2787988558,610137,34848,,,,,,,,,,456.561,747847.639,Device,,NVIDIA A100-SXM4-40GB MIG 4g.20gb (0),1,,13,[CUDA memset]
2788603527,50463,34853,,,,,,,,,,1.235,24471.650,Pinned,Device,NVIDIA A100-SXM4-40GB MIG 4g.20gb (0),1,,13,[CUDA memcpy Host-to-Device]
2788658246,9312,34854,,,,,,,,,,0.197,21113.340,Pinned,Device,NVIDIA A100-SXM4-40GB MIG 4g.20gb (0),1,,13,[CUDA memcpy Host-to-Device]
2788765893,13600,34855,69,4,1,48,1,1,76,0.002,0.000,,,,,NVIDIA A100-SXM4-40GB MIG 4g.20gb (0),1,,13,"void ch_est::windowedChEstPreNoDftSOfdmKernel<float, __half, float, (unsigned int)2, (unsigned int)1, (unsigned short)4>(ch_est::puschRxChEstStatDescr_t *, ch_est::puschRxChEstDynDescr_t *)"
2788895620,9664,34856,137,2,1,24,2,1,44,0.001,0.001,,,,,NVIDIA A100-SXM4-40GB MIG 4g.20gb (0),1,,13,"void ch_est::chEstFilterNoDftSOfdmDispatchKernel<float, __half, float, (unsigned int)2>(ch_est::puschRxChEstStatDescr_t *, ch_est::puschRxChEstDynDescr_t *)"
2789017154,13728,34857,137,2,1,24,2,1,44,0.001,0.001,,,,,NVIDIA A100-SXM4-40GB MIG 4g.20gb (0),1,,13,"void ch_est::chEstFilterNoDftSOfdmDispatchKernel<float, __half, float, (unsigned int)2>(ch_est::puschRxChEstStatDescr_t *, ch_est::puschRxChEstDynDescr_t *)"
2789139009,5408,34868,103,1,1,128,1,1,16,0.000,0.000,,,,,NVIDIA A100-SXM4-40GB MIG 4g.20gb (0),1,,13,cupy_copy__complex64_complex64
2789190464,18400,34878,1434,1,1,128,1,1,16,0.000,0.000,,,,,NVIDIA A100-SXM4-40GB MIG 4g.20gb (0),1,,13,cupy_copy__complex64_complex64
2789261535,5376,34885,103,1,1,128,1,1,16,0.000,0.000,,,,,NVIDIA A100-SXM4-40GB MIG 4g.20gb (0),1,,13,cupy_copy__complex64_complex64
2789313919,94943,34892,1,1,1,32,32,1,30,0.000,0.000,,,,,NVIDIA A100-SXM4-40GB MIG 4g.20gb (0),1,,13,"void convert_kernel<__half2, float2>(tensor_layout_any, T1 *, tensor_layout_any, const T2 *)"
2789439453,6016,34895,,,,,,,,,,0.094,15574.430,Pinned,Device,NVIDIA A100-SXM4-40GB MIG 4g.20gb (0),1,,13,[CUDA memcpy Host-to-Device]
2789497725,54687,34896,,,,,,,,,,35.810,654784.387,Device,,NVIDIA A100-SXM4-40GB MIG 4g.20gb (0),1,,13,[CUDA memset]
2789560540,3616,34898,,,,,,,,,,0.000,22.124,Pinned,Device,NVIDIA A100-SXM4-40GB MIG 4g.20gb (0),1,,13,[CUDA memcpy Host-to-Device]
2789566972,9568,34899,,,,,,,,,,0.197,20548.485,Pinned,Device,NVIDIA A100-SXM4-40GB MIG 4g.20gb (0),1,,13,[CUDA memcpy Host-to-Device]
2789708186,16096,34900,273,1,1,48,1,1,40,0.000,0.001,,,,,NVIDIA A100-SXM4-40GB MIG 4g.20gb (0),1,,13,"void pusch_noise_intf_est::noiseIntfEstNoDftSOfdmKernel<float, __half, float, float, (unsigned int)2, (unsigned int)1, (unsigned char)4, (unsigned char)4>(pusch_noise_intf_est::puschRxNoiseIntfEstDynDescr)"
2789854937,3776,34911,35,1,1,128,1,1,16,0.000,0.000,,,,,NVIDIA A100-SXM4-40GB MIG 4g.20gb (0),1,,13,cupy_copy__complex64_complex64
2789915864,2368,34920,1,1,1,1,1,1,18,0.000,0.000,,,,,NVIDIA A100-SXM4-40GB MIG 4g.20gb (0),1,,13,cupy_copy__float32_float32
2789918936,1600,34926,,,,,,,,,,0.000,2.500,Device,Pageable,NVIDIA A100-SXM4-40GB MIG 4g.20gb (0),1,,7,[CUDA memcpy Device-to-Host]
2790059094,17568,34937,1434,1,1,128,1,1,16,0.000,0.000,,,,,NVIDIA A100-SXM4-40GB MIG 4g.20gb (0),1,,13,cupy_copy__complex64_complex64
2790126230,5151,34944,103,1,1,128,1,1,16,0.000,0.000,,,,,NVIDIA A100-SXM4-40GB MIG 4g.20gb (0),1,,13,cupy_copy__complex64_complex64
2790178869,3616,34951,35,1,1,128,1,1,16,0.000,0.000,,,,,NVIDIA A100-SXM4-40GB MIG 4g.20gb (0),1,,13,cupy_copy__complex64_complex64
2790244852,3616,34958,1,1,1,1,1,1,18,0.000,0.000,,,,,NVIDIA A100-SXM4-40GB MIG 4g.20gb (0),1,,13,cupy_copy__float32_float32
2790298932,152318,34969,1,1,1,32,32,1,30,0.000,0.000,,,,,NVIDIA A100-SXM4-40GB MIG 4g.20gb (0),1,,13,"void convert_kernel<__half2, float2>(tensor_layout_any, T1 *, tensor_layout_any, const T2 *)"
2790480593,5376,34972,,,,,,,,,,0.094,17428.487,Pinned,Device,NVIDIA A100-SXM4-40GB MIG 4g.20gb (0),1,,13,[CUDA memcpy Host-to-Device]
2790534609,5440,34973,,,,,,,,,,1.547,284305.064,Device,,NVIDIA A100-SXM4-40GB MIG 4g.20gb (0),1,,13,[CUDA memset]
2790544145,3072,34978,,,,,,,,,,0.031,10187.474,Pinned,Device,NVIDIA A100-SXM4-40GB MIG 4g.20gb (0),1,,13,[CUDA memcpy Host-to-Device]
2790549649,9440,34979,,,,,,,,,,0.197,20827.079,Pinned,Device,NVIDIA A100-SXM4-40GB MIG 4g.20gb (0),1,,13,[CUDA memcpy Host-to-Device]
2790599024,17536,34980,273,1,1,8,4,1,39,0.002,0.000,,,,,NVIDIA A100-SXM4-40GB MIG 4g.20gb (0),1,,13,"void channel_eq::eqMmseCoefCompLowMimoKernel<float, float, float, (unsigned int)4, (unsigned int)1, (unsigned int)4>(const channel_eq::_puschRxChEqStatDescr *, channel_eq::_puschRxChEqCoefCompDynDescr)"
2790721743,7872,34981,273,1,1,12,11,1,51,0.002,0.000,,,,,NVIDIA A100-SXM4-40GB MIG 4g.20gb (0),1,,13,"void channel_eq::eqMmseSoftDemapKernel<float, __half, __half, float, (unsigned int)4, (unsigned short)16383>(channel_eq::_puschRxChEqStatDescr *, channel_eq::_puschRxChEqSoftDemapDynDescr)"
2790845837,435387,34982,1,1,1,32,32,1,30,0.000,0.000,,,,,NVIDIA A100-SXM4-40GB MIG 4g.20gb (0),1,,13,"void convert_kernel<float2, __half2>(tensor_layout_any, T1 *, tensor_layout_any, const T2 *)"
2791311880,12128,34994,2253,1,1,128,1,1,16,0.000,0.000,,,,,NVIDIA A100-SXM4-40GB MIG 4g.20gb (0),1,,13,cupy_copy__float16_float16
2791441638,6112,35003,282,1,1,128,1,1,16,0.000,0.000,,,,,NVIDIA A100-SXM4-40GB MIG 4g.20gb (0),1,,13,cupy_copy__complex64_complex64
2791489958,2880,35012,26,1,1,128,1,1,16,0.000,0.000,,,,,NVIDIA A100-SXM4-40GB MIG 4g.20gb (0),1,,13,cupy_copy__float32_float32
2791560965,5408,35021,103,1,1,128,1,1,16,0.000,0.000,,,,,NVIDIA A100-SXM4-40GB MIG 4g.20gb (0),1,,13,cupy_copy__complex64_complex64
2791613892,25504,35031,1434,1,1,128,1,1,16,0.000,0.000,,,,,NVIDIA A100-SXM4-40GB MIG 4g.20gb (0),1,,13,cupy_copy__complex64_complex64
2791697763,126303,35036,1,1,1,32,32,1,30,0.000,0.000,,,,,NVIDIA A100-SXM4-40GB MIG 4g.20gb (0),1,,13,"void convert_kernel<__half2, float2>(tensor_layout_any, T1 *, tensor_layout_any, const T2 *)"
2791865666,5887,35039,,,,,,,,,,0.094,15915.671,Pinned,Device,NVIDIA A100-SXM4-40GB MIG 4g.20gb (0),1,,13,[CUDA memcpy Host-to-Device]
2791931393,611353,35040,,,,,,,,,,456.561,746477.954,Device,,NVIDIA A100-SXM4-40GB MIG 4g.20gb (0),1,,13,[CUDA memset]
2792547002,54239,35045,,,,,,,,,,1.235,22767.428,Pinned,Device,NVIDIA A100-SXM4-40GB MIG 4g.20gb (0),1,,13,[CUDA memcpy Host-to-Device]
2792604697,9376,35046,,,,,,,,,,0.197,20969.226,Pinned,Device,NVIDIA A100-SXM4-40GB MIG 4g.20gb (0),1,,13,[CUDA memcpy Host-to-Device]
2792711928,10912,35047,69,4,1,48,1,1,76,0.002,0.000,,,,,NVIDIA A100-SXM4-40GB MIG 4g.20gb (0),1,,13,"void ch_est::windowedChEstPreNoDftSOfdmKernel<float, __half, float, (unsigned int)2, (unsigned int)1, (unsigned short)4>(ch_est::puschRxChEstStatDescr_t *, ch_est::puschRxChEstDynDescr_t *)"
2792835990,8928,35048,137,2,1,24,2,1,44,0.001,0.001,,,,,NVIDIA A100-SXM4-40GB MIG 4g.20gb (0),1,,13,"void ch_est::chEstFilterNoDftSOfdmDispatchKernel<float, __half, float, (unsigned int)2>(ch_est::puschRxChEstStatDescr_t *, ch_est::puschRxChEstDynDescr_t *)"
2792960085,9568,35049,137,2,1,24,2,1,44,0.001,0.001,,,,,NVIDIA A100-SXM4-40GB MIG 4g.20gb (0),1,,13,"void ch_est::chEstFilterNoDftSOfdmDispatchKernel<float, __half, float, (unsigned int)2>(ch_est::puschRxChEstStatDescr_t *, ch_est::puschRxChEstDynDescr_t *)"
2793010356,3456,35060,103,1,1,128,1,1,16,0.000,0.000,,,,,NVIDIA A100-SXM4-40GB MIG 4g.20gb (0),1,,13,cupy_copy__complex64_complex64
2793088467,14848,35070,1434,1,1,128,1,1,16,0.000,0.000,,,,,NVIDIA A100-SXM4-40GB MIG 4g.20gb (0),1,,13,cupy_copy__complex64_complex64
2793145107,3040,35077,103,1,1,128,1,1,16,0.000,0.000,,,,,NVIDIA A100-SXM4-40GB MIG 4g.20gb (0),1,,13,cupy_copy__complex64_complex64
2793211026,148126,35084,1,1,1,32,32,1,30,0.000,0.000,,,,,NVIDIA A100-SXM4-40GB MIG 4g.20gb (0),1,,13,"void convert_kernel<__half2, float2>(tensor_layout_any, T1 *, tensor_layout_any, const T2 *)"
2793395728,5376,35087,,,,,,,,,,0.094,17428.487,Pinned,Device,NVIDIA A100-SXM4-40GB MIG 4g.20gb (0),1,,13,[CUDA memcpy Host-to-Device]
2793440303,53152,35088,,,,,,,,,,35.810,673692.025,Device,,NVIDIA A100-SXM4-40GB MIG 4g.20gb (0),1,,13,[CUDA memset]
2793502767,2048,35090,,,,,,,,,,0.000,39.062,Pinned,Device,NVIDIA A100-SXM4-40GB MIG 4g.20gb (0),1,,13,[CUDA memcpy Host-to-Device]
2793508399,9920,35091,,,,,,,,,,0.197,19819.266,Pinned,Device,NVIDIA A100-SXM4-40GB MIG 4g.20gb (0),1,,13,[CUDA memcpy Host-to-Device]
2793654605,15840,35092,273,1,1,48,1,1,40,0.000,0.001,,,,,NVIDIA A100-SXM4-40GB MIG 4g.20gb (0),1,,13,"void pusch_noise_intf_est::noiseIntfEstNoDftSOfdmKernel<float, __half, float, float, (unsigned int)2, (unsigned int)1, (unsigned char)4, (unsigned char)4>(pusch_noise_intf_est::puschRxNoiseIntfEstDynDescr)"
2793723436,3936,35103,35,1,1,128,1,1,16,0.000,0.000,,,,,NVIDIA A100-SXM4-40GB MIG 4g.20gb (0),1,,13,cupy_copy__complex64_complex64
2793788875,1856,35112,1,1,1,1,1,1,18,0.000,0.000,,,,,NVIDIA A100-SXM4-40GB MIG 4g.20gb (0),1,,13,cupy_copy__float32_float32
2793793739,1568,35118,,,,,,,,,,0.000,2.551,Device,Pageable,NVIDIA A100-SXM4-40GB MIG 4g.20gb (0),1,,7,[CUDA memcpy Device-to-Host]
2793902858,13824,35129,1434,1,1,128,1,1,16,0.000,0.000,,,,,NVIDIA A100-SXM4-40GB MIG 4g.20gb (0),1,,13,cupy_copy__complex64_complex64
2793962793,3904,35136,103,1,1,128,1,1,16,0.000,0.000,,,,,NVIDIA A100-SXM4-40GB MIG 4g.20gb (0),1,,13,cupy_copy__complex64_complex64
2794026441,5760,35143,35,1,1,128,1,1,16,0.000,0.000,,,,,NVIDIA A100-SXM4-40GB MIG 4g.20gb (0),1,,13,cupy_copy__complex64_complex64
2794076232,3456,35150,1,1,1,1,1,1,18,0.000,0.000,,,,,NVIDIA A100-SXM4-40GB MIG 4g.20gb (0),1,,13,cupy_copy__float32_float32
2794141351,158239,35161,1,1,1,32,32,1,30,0.000,0.000,,,,,NVIDIA A100-SXM4-40GB MIG 4g.20gb (0),1,,13,"void convert_kernel<__half2, float2>(tensor_layout_any, T1 *, tensor_layout_any, const T2 *)"
2794331109,5728,35164,,,,,,,,,,0.094,16357.541,Pinned,Device,NVIDIA A100-SXM4-40GB MIG 4g.20gb (0),1,,13,[CUDA memcpy Host-to-Device]
2794366405,5152,35165,,,,,,,,,,1.547,300198.172,Device,,NVIDIA A100-SXM4-40GB MIG 4g.20gb (0),1,,13,[CUDA memset]
2794372869,3520,35170,,,,,,,,,,0.031,8890.881,Pinned,Device,NVIDIA A100-SXM4-40GB MIG 4g.20gb (0),1,,13,[CUDA memcpy Host-to-Device]
2794380197,11552,35171,,,,,,,,,,0.197,17019.372,Pinned,Device,NVIDIA A100-SXM4-40GB MIG 4g.20gb (0),1,,13,[CUDA memcpy Host-to-Device]
2794486595,18560,35172,273,1,1,8,4,1,39,0.002,0.000,,,,,NVIDIA A100-SXM4-40GB MIG 4g.20gb (0),1,,13,"void channel_eq::eqMmseCoefCompLowMimoKernel<float, float, float, (unsigned int)4, (unsigned int)1, (unsigned int)4>(const channel_eq::_puschRxChEqStatDescr *, channel_eq::_puschRxChEqCoefCompDynDescr)"
2794618338,8352,35173,273,1,1,12,11,1,51,0.002,0.000,,,,,NVIDIA A100-SXM4-40GB MIG 4g.20gb (0),1,,13,"void channel_eq::eqMmseSoftDemapKernel<float, __half, __half, float, (unsigned int)4, (unsigned short)16383>(channel_eq::_puschRxChEqStatDescr *, channel_eq::_puschRxChEqSoftDemapDynDescr)"
2794743840,294813,35174,1,1,1,32,32,1,30,0.000,0.000,,,,,NVIDIA A100-SXM4-40GB MIG 4g.20gb (0),1,,13,"void convert_kernel<float2, __half2>(tensor_layout_any, T1 *, tensor_layout_any, const T2 *)"
2795117340,12608,35186,2253,1,1,128,1,1,16,0.000,0.000,,,,,NVIDIA A100-SXM4-40GB MIG 4g.20gb (0),1,,13,cupy_copy__float16_float16
2795181211,4544,35195,282,1,1,128,1,1,16,0.000,0.000,,,,,NVIDIA A100-SXM4-40GB MIG 4g.20gb (0),1,,13,cupy_copy__complex64_complex64
2795252795,2624,35204,26,1,1,128,1,1,16,0.000,0.000,,,,,NVIDIA A100-SXM4-40GB MIG 4g.20gb (0),1,,13,cupy_copy__float32_float32
2795300954,4416,35213,103,1,1,128,1,1,16,0.000,0.000,,,,,NVIDIA A100-SXM4-40GB MIG 4g.20gb (0),1,,13,cupy_copy__complex64_complex64
2795363865,14656,35223,1434,1,1,128,1,1,16,0.000,0.000,,,,,NVIDIA A100-SXM4-40GB MIG 4g.20gb (0),1,,13,cupy_copy__complex64_complex64
2795420057,119038,35228,1,1,1,32,32,1,30,0.000,0.000,,,,,NVIDIA A100-SXM4-40GB MIG 4g.20gb (0),1,,13,"void convert_kernel<__half2, float2>(tensor_layout_any, T1 *, tensor_layout_any, const T2 *)"
2795570295,5376,35231,,,,,,,,,,0.094,17428.487,Pinned,Device,NVIDIA A100-SXM4-40GB MIG 4g.20gb (0),1,,13,[CUDA memcpy Host-to-Device]
2795612982,613049,35232,,,,,,,,,,456.561,744651.709,Device,,NVIDIA A100-SXM4-40GB MIG 4g.20gb (0),1,,13,[CUDA memset]
2796231343,50432,35237,,,,,,,,,,1.235,24486.470,Pinned,Device,NVIDIA A100-SXM4-40GB MIG 4g.20gb (0),1,,13,[CUDA memcpy Host-to-Device]
2796285071,9632,35238,,,,,,,,,,0.197,20411.843,Pinned,Device,NVIDIA A100-SXM4-40GB MIG 4g.20gb (0),1,,13,[CUDA memcpy Host-to-Device]
2796394125,12480,35239,69,4,1,48,1,1,76,0.002,0.000,,,,,NVIDIA A100-SXM4-40GB MIG 4g.20gb (0),1,,13,"void ch_est::windowedChEstPreNoDftSOfdmKernel<float, __half, float, (unsigned int)2, (unsigned int)1, (unsigned short)4>(ch_est::puschRxChEstStatDescr_t *, ch_est::puschRxChEstDynDescr_t *)"
2796460077,9632,35240,137,2,1,24,2,1,44,0.001,0.001,,,,,NVIDIA A100-SXM4-40GB MIG 4g.20gb (0),1,,13,"void ch_est::chEstFilterNoDftSOfdmDispatchKernel<float, __half, float, (unsigned int)2>(ch_est::puschRxChEstStatDescr_t *, ch_est::puschRxChEstDynDescr_t *)"
2796528076,13088,35241,137,2,1,24,2,1,44,0.001,0.001,,,,,NVIDIA A100-SXM4-40GB MIG 4g.20gb (0),1,,13,"void ch_est::chEstFilterNoDftSOfdmDispatchKernel<float, __half, float, (unsigned int)2>(ch_est::puschRxChEstStatDescr_t *, ch_est::puschRxChEstDynDescr_t *)"
2796646827,5792,35252,103,1,1,128,1,1,16,0.000,0.000,,,,,NVIDIA A100-SXM4-40GB MIG 4g.20gb (0),1,,13,cupy_copy__complex64_complex64
2796696618,26080,35262,1434,1,1,128,1,1,16,0.000,0.000,,,,,NVIDIA A100-SXM4-40GB MIG 4g.20gb (0),1,,13,cupy_copy__complex64_complex64
2796770185,5056,35269,103,1,1,128,1,1,16,0.000,0.000,,,,,NVIDIA A100-SXM4-40GB MIG 4g.20gb (0),1,,13,cupy_copy__complex64_complex64
2796819913,103902,35276,1,1,1,32,32,1,30,0.000,0.000,,,,,NVIDIA A100-SXM4-40GB MIG 4g.20gb (0),1,,13,"void convert_kernel<__half2, float2>(tensor_layout_any, T1 *, tensor_layout_any, const T2 *)"
2796953127,5376,35279,,,,,,,,,,0.094,17428.487,Pinned,Device,NVIDIA A100-SXM4-40GB MIG 4g.20gb (0),1,,13,[CUDA memcpy Host-to-Device]
2797007814,52448,35280,,,,,,,,,,35.810,682751.935,Device,,NVIDIA A100-SXM4-40GB MIG 4g.20gb (0),1,,13,[CUDA memset]
2797061542,2016,35282,,,,,,,,,,0.000,39.682,Pinned,Device,NVIDIA A100-SXM4-40GB MIG 4g.20gb (0),1,,13,[CUDA memcpy Host-to-Device]
2797068358,9856,35283,,,,,,,,,,0.197,19948.044,Pinned,Device,NVIDIA A100-SXM4-40GB MIG 4g.20gb (0),1,,13,[CUDA memcpy Host-to-Device]
2797226052,16704,35284,273,1,1,48,1,1,40,0.000,0.001,,,,,NVIDIA A100-SXM4-40GB MIG 4g.20gb (0),1,,13,"void pusch_noise_intf_est::noiseIntfEstNoDftSOfdmKernel<float, __half, float, float, (unsigned int)2, (unsigned int)1, (unsigned char)4, (unsigned char)4>(pusch_noise_intf_est::puschRxNoiseIntfEstDynDescr)"
2797343107,5984,35295,35,1,1,128,1,1,16,0.000,0.000,,,,,NVIDIA A100-SXM4-40GB MIG 4g.20gb (0),1,,13,cupy_copy__complex64_complex64
2797391810,2080,35304,1,1,1,1,1,1,18,0.000,0.000,,,,,NVIDIA A100-SXM4-40GB MIG 4g.20gb (0),1,,13,cupy_copy__float32_float32
2797397122,1600,35310,,,,,,,,,,0.000,2.500,Device,Pageable,NVIDIA A100-SXM4-40GB MIG 4g.20gb (0),1,,7,[CUDA memcpy Device-to-Host]
2797505665,18336,35321,1434,1,1,128,1,1,16,0.000,0.000,,,,,NVIDIA A100-SXM4-40GB MIG 4g.20gb (0),1,,13,cupy_copy__complex64_complex64
2797575808,5600,35328,103,1,1,128,1,1,16,0.000,0.000,,,,,NVIDIA A100-SXM4-40GB MIG 4g.20gb (0),1,,13,cupy_copy__complex64_complex64
2797626175,3808,35335,35,1,1,128,1,1,16,0.000,0.000,,,,,NVIDIA A100-SXM4-40GB MIG 4g.20gb (0),1,,13,cupy_copy__complex64_complex64
2797699294,1920,35342,1,1,1,1,1,1,18,0.000,0.000,,,,,NVIDIA A100-SXM4-40GB MIG 4g.20gb (0),1,,13,cupy_copy__float32_float32
2797749982,150526,35353,1,1,1,32,32,1,30,0.000,0.000,,,,,NVIDIA A100-SXM4-40GB MIG 4g.20gb (0),1,,13,"void convert_kernel<__half2, float2>(tensor_layout_any, T1 *, tensor_layout_any, const T2 *)"
2797930460,5376,35356,,,,,,,,,,0.094,17428.487,Pinned,Device,NVIDIA A100-SXM4-40GB MIG 4g.20gb (0),1,,13,[CUDA memcpy Host-to-Device]
2797985499,5248,35357,,,,,,,,,,1.547,294706.110,Device,,NVIDIA A100-SXM4-40GB MIG 4g.20gb (0),1,,13,[CUDA memset]
2797997883,3360,35362,,,,,,,,,,0.031,9314.284,Pinned,Device,NVIDIA A100-SXM4-40GB MIG 4g.20gb (0),1,,13,[CUDA memcpy Host-to-Device]
2798003675,9728,35363,,,,,,,,,,0.197,20210.516,Pinned,Device,NVIDIA A100-SXM4-40GB MIG 4g.20gb (0),1,,13,[CUDA memcpy Host-to-Device]
2798063610,13088,35364,273,1,1,8,4,1,39,0.002,0.000,,,,,NVIDIA A100-SXM4-40GB MIG 4g.20gb (0),1,,13,"void channel_eq::eqMmseCoefCompLowMimoKernel<float, float, float, (unsigned int)4, (unsigned int)1, (unsigned int)4>(const channel_eq::_puschRxChEqStatDescr *, channel_eq::_puschRxChEqCoefCompDynDescr)"
2798190649,9824,35365,273,1,1,12,11,1,51,0.002,0.000,,,,,NVIDIA A100-SXM4-40GB MIG 4g.20gb (0),1,,13,"void channel_eq::eqMmseSoftDemapKernel<float, __half, __half, float, (unsigned int)4, (unsigned short)16383>(channel_eq::_puschRxChEqStatDescr *, channel_eq::_puschRxChEqSoftDemapDynDescr)"
2798309591,301853,35366,1,1,1,32,32,1,30,0.000,0.000,,,,,NVIDIA A100-SXM4-40GB MIG 4g.20gb (0),1,,13,"void convert_kernel<float2, __half2>(tensor_layout_any, T1 *, tensor_layout_any, const T2 *)"
2798662323,13440,35378,2253,1,1,128,1,1,16,0.000,0.000,,,,,NVIDIA A100-SXM4-40GB MIG 4g.20gb (0),1,,13,cupy_copy__float16_float16
2798803762,6112,35387,282,1,1,128,1,1,16,0.000,0.000,,,,,NVIDIA A100-SXM4-40GB MIG 4g.20gb (0),1,,13,cupy_copy__complex64_complex64
2798852625,2976,35396,26,1,1,128,1,1,16,0.000,0.000,,,,,NVIDIA A100-SXM4-40GB MIG 4g.20gb (0),1,,13,cupy_copy__float32_float32
2798915377,7039,35405,103,1,1,128,1,1,16,0.000,0.000,,,,,NVIDIA A100-SXM4-40GB MIG 4g.20gb (0),1,,13,cupy_copy__complex64_complex64
2798968624,22784,35415,1434,1,1,128,1,1,16,0.000,0.000,,,,,NVIDIA A100-SXM4-40GB MIG 4g.20gb (0),1,,13,cupy_copy__complex64_complex64
2799042607,121151,35420,1,1,1,32,32,1,30,0.000,0.000,,,,,NVIDIA A100-SXM4-40GB MIG 4g.20gb (0),1,,13,"void convert_kernel<__half2, float2>(tensor_layout_any, T1 *, tensor_layout_any, const T2 *)"
2799193613,5376,35423,,,,,,,,,,0.094,17428.487,Pinned,Device,NVIDIA A100-SXM4-40GB MIG 4g.20gb (0),1,,13,[CUDA memcpy Host-to-Device]
2799283372,608473,35424,,,,,,,,,,456.561,750130.446,Device,,NVIDIA A100-SXM4-40GB MIG 4g.20gb (0),1,,13,[CUDA memset]
2799897413,52000,35429,,,,,,,,,,1.235,23747.973,Pinned,Device,NVIDIA A100-SXM4-40GB MIG 4g.20gb (0),1,,13,[CUDA memcpy Host-to-Device]
2799952005,10015,35430,,,,,,,,,,0.197,19631.309,Pinned,Device,NVIDIA A100-SXM4-40GB MIG 4g.20gb (0),1,,13,[CUDA memcpy Host-to-Device]
2800060323,12288,35431,69,4,1,48,1,1,76,0.002,0.000,,,,,NVIDIA A100-SXM4-40GB MIG 4g.20gb (0),1,,13,"void ch_est::windowedChEstPreNoDftSOfdmKernel<float, __half, float, (unsigned int)2, (unsigned int)1, (unsigned short)4>(ch_est::puschRxChEstStatDescr_t *, ch_est::puschRxChEstDynDescr_t *)"
2800120963,8512,35432,137,2,1,24,2,1,44,0.001,0.001,,,,,NVIDIA A100-SXM4-40GB MIG 4g.20gb (0),1,,13,"void ch_est::chEstFilterNoDftSOfdmDispatchKernel<float, __half, float, (unsigned int)2>(ch_est::puschRxChEstStatDescr_t *, ch_est::puschRxChEstDynDescr_t *)"
2800187010,13472,35433,137,2,1,24,2,1,44,0.001,0.001,,,,,NVIDIA A100-SXM4-40GB MIG 4g.20gb (0),1,,13,"void ch_est::chEstFilterNoDftSOfdmDispatchKernel<float, __half, float, (unsigned int)2>(ch_est::puschRxChEstStatDescr_t *, ch_est::puschRxChEstDynDescr_t *)"
2800307553,3871,35444,103,1,1,128,1,1,16,0.000,0.000,,,,,NVIDIA A100-SXM4-40GB MIG 4g.20gb (0),1,,13,cupy_copy__complex64_complex64
2800356960,20000,35454,1434,1,1,128,1,1,16,0.000,0.000,,,,,NVIDIA A100-SXM4-40GB MIG 4g.20gb (0),1,,13,cupy_copy__complex64_complex64
2800434111,4608,35461,103,1,1,128,1,1,16,0.000,0.000,,,,,NVIDIA A100-SXM4-40GB MIG 4g.20gb (0),1,,13,cupy_copy__complex64_complex64
2800501022,133855,35468,1,1,1,32,32,1,30,0.000,0.000,,,,,NVIDIA A100-SXM4-40GB MIG 4g.20gb (0),1,,13,"void convert_kernel<__half2, float2>(tensor_layout_any, T1 *, tensor_layout_any, const T2 *)"
2800665852,5376,35471,,,,,,,,,,0.094,17428.487,Pinned,Device,NVIDIA A100-SXM4-40GB MIG 4g.20gb (0),1,,13,[CUDA memcpy Host-to-Device]
2800734428,58111,35472,,,,,,,,,,35.810,616217.103,Device,,NVIDIA A100-SXM4-40GB MIG 4g.20gb (0),1,,13,[CUDA memset]
2800799835,1824,35474,,,,,,,,,,0.000,43.860,Pinned,Device,NVIDIA A100-SXM4-40GB MIG 4g.20gb (0),1,,13,[CUDA memcpy Host-to-Device]
2800804091,9376,35475,,,,,,,,,,0.197,20969.226,Pinned,Device,NVIDIA A100-SXM4-40GB MIG 4g.20gb (0),1,,13,[CUDA memcpy Host-to-Device]
2800939289,16064,35476,273,1,1,48,1,1,40,0.000,0.001,,,,,NVIDIA A100-SXM4-40GB MIG 4g.20gb (0),1,,13,"void pusch_noise_intf_est::noiseIntfEstNoDftSOfdmKernel<float, __half, float, float, (unsigned int)2, (unsigned int)1, (unsigned char)4, (unsigned char)4>(pusch_noise_intf_est::puschRxNoiseIntfEstDynDescr)"
2801012952,5856,35487,35,1,1,128,1,1,16,0.000,0.000,,,,,NVIDIA A100-SXM4-40GB MIG 4g.20gb (0),1,,13,cupy_copy__complex64_complex64
2801064376,2464,35496,1,1,1,1,1,1,18,0.000,0.000,,,,,NVIDIA A100-SXM4-40GB MIG 4g.20gb (0),1,,13,cupy_copy__float32_float32
2801074296,1568,35502,,,,,,,,,,0.000,2.551,Device,Pageable,NVIDIA A100-SXM4-40GB MIG 4g.20gb (0),1,,7,[CUDA memcpy Device-to-Host]
2801182422,16128,35513,1434,1,1,128,1,1,16,0.000,0.000,,,,,NVIDIA A100-SXM4-40GB MIG 4g.20gb (0),1,,13,cupy_copy__complex64_complex64
2801253046,5440,35520,103,1,1,128,1,1,16,0.000,0.000,,,,,NVIDIA A100-SXM4-40GB MIG 4g.20gb (0),1,,13,cupy_copy__complex64_complex64
2801305077,3264,35527,35,1,1,128,1,1,16,0.000,0.000,,,,,NVIDIA A100-SXM4-40GB MIG 4g.20gb (0),1,,13,cupy_copy__complex64_complex64
2801383828,1984,35534,1,1,1,1,1,1,18,0.000,0.000,,,,,NVIDIA A100-SXM4-40GB MIG 4g.20gb (0),1,,13,cupy_copy__float32_float32
2801432340,143262,35545,1,1,1,32,32,1,30,0.000,0.000,,,,,NVIDIA A100-SXM4-40GB MIG 4g.20gb (0),1,,13,"void convert_kernel<__half2, float2>(tensor_layout_any, T1 *, tensor_layout_any, const T2 *)"
2801614961,5408,35548,,,,,,,,,,0.094,17325.421,Pinned,Device,NVIDIA A100-SXM4-40GB MIG 4g.20gb (0),1,,13,[CUDA memcpy Host-to-Device]
2801722256,5280,35549,,,,,,,,,,1.547,292919.759,Device,,NVIDIA A100-SXM4-40GB MIG 4g.20gb (0),1,,13,[CUDA memset]
2801729872,3776,35554,,,,,,,,,,0.031,8288.120,Pinned,Device,NVIDIA A100-SXM4-40GB MIG 4g.20gb (0),1,,13,[CUDA memcpy Host-to-Device]
2801736048,9376,35555,,,,,,,,,,0.197,20969.226,Pinned,Device,NVIDIA A100-SXM4-40GB MIG 4g.20gb (0),1,,13,[CUDA memcpy Host-to-Device]
2801851247,19808,35556,273,1,1,8,4,1,39,0.002,0.000,,,,,NVIDIA A100-SXM4-40GB MIG 4g.20gb (0),1,,13,"void channel_eq::eqMmseCoefCompLowMimoKernel<float, float, float, (unsigned int)4, (unsigned int)1, (unsigned int)4>(const channel_eq::_puschRxChEqStatDescr *, channel_eq::_puschRxChEqCoefCompDynDescr)"
2801971661,8864,35557,273,1,1,12,11,1,51,0.002,0.000,,,,,NVIDIA A100-SXM4-40GB MIG 4g.20gb (0),1,,13,"void channel_eq::eqMmseSoftDemapKernel<float, __half, __half, float, (unsigned int)4, (unsigned short)16383>(channel_eq::_puschRxChEqStatDescr *, channel_eq::_puschRxChEqSoftDemapDynDescr)"
2802102220,285117,35558,1,1,1,32,32,1,30,0.000,0.000,,,,,NVIDIA A100-SXM4-40GB MIG 4g.20gb (0),1,,13,"void convert_kernel<float2, __half2>(tensor_layout_any, T1 *, tensor_layout_any, const T2 *)"
2802464520,12544,35570,2253,1,1,128,1,1,16,0.000,0.000,,,,,NVIDIA A100-SXM4-40GB MIG 4g.20gb (0),1,,13,cupy_copy__float16_float16
2802588710,5824,35579,282,1,1,128,1,1,16,0.000,0.000,,,,,NVIDIA A100-SXM4-40GB MIG 4g.20gb (0),1,,13,cupy_copy__complex64_complex64
2802637798,2880,35588,26,1,1,128,1,1,16,0.000,0.000,,,,,NVIDIA A100-SXM4-40GB MIG 4g.20gb (0),1,,13,cupy_copy__float32_float32
2802717893,5760,35597,103,1,1,128,1,1,16,0.000,0.000,,,,,NVIDIA A100-SXM4-40GB MIG 4g.20gb (0),1,,13,cupy_copy__complex64_complex64
2802774724,20448,35607,1434,1,1,128,1,1,16,0.000,0.000,,,,,NVIDIA A100-SXM4-40GB MIG 4g.20gb (0),1,,13,cupy_copy__complex64_complex64
2802854211,137823,35612,1,1,1,32,32,1,30,0.000,0.000,,,,,NVIDIA A100-SXM4-40GB MIG 4g.20gb (0),1,,13,"void convert_kernel<__half2, float2>(tensor_layout_any, T1 *, tensor_layout_any, const T2 *)"
2803026881,5344,35615,,,,,,,,,,0.094,17532.864,Pinned,Device,NVIDIA A100-SXM4-40GB MIG 4g.20gb (0),1,,13,[CUDA memcpy Host-to-Device]
2803076801,603673,35616,,,,,,,,,,456.561,756065.745,Device,,NVIDIA A100-SXM4-40GB MIG 4g.20gb (0),1,,13,[CUDA memset]
2803688154,50655,35621,,,,,,,,,,1.235,24379.030,Pinned,Device,NVIDIA A100-SXM4-40GB MIG 4g.20gb (0),1,,13,[CUDA memcpy Host-to-Device]
2803741241,9376,35622,,,,,,,,,,0.197,20969.226,Pinned,Device,NVIDIA A100-SXM4-40GB MIG 4g.20gb (0),1,,13,[CUDA memcpy Host-to-Device]
2803849464,13920,35623,69,4,1,48,1,1,76,0.002,0.000,,,,,NVIDIA A100-SXM4-40GB MIG 4g.20gb (0),1,,13,"void ch_est::windowedChEstPreNoDftSOfdmKernel<float, __half, float, (unsigned int)2, (unsigned int)1, (unsigned short)4>(ch_est::puschRxChEstStatDescr_t *, ch_est::puschRxChEstDynDescr_t *)"
2803976118,9568,35624,137,2,1,24,2,1,44,0.001,0.001,,,,,NVIDIA A100-SXM4-40GB MIG 4g.20gb (0),1,,13,"void ch_est::chEstFilterNoDftSOfdmDispatchKernel<float, __half, float, (unsigned int)2>(ch_est::puschRxChEstStatDescr_t *, ch_est::puschRxChEstDynDescr_t *)"
2804102709,13408,35625,137,2,1,24,2,1,44,0.001,0.001,,,,,NVIDIA A100-SXM4-40GB MIG 4g.20gb (0),1,,13,"void ch_est::chEstFilterNoDftSOfdmDispatchKernel<float, __half, float, (unsigned int)2>(ch_est::puschRxChEstStatDescr_t *, ch_est::puschRxChEstDynDescr_t *)"
2804224275,5792,35636,103,1,1,128,1,1,16,0.000,0.000,,,,,NVIDIA A100-SXM4-40GB MIG 4g.20gb (0),1,,13,cupy_copy__complex64_complex64
2804276339,18336,35646,1434,1,1,128,1,1,16,0.000,0.000,,,,,NVIDIA A100-SXM4-40GB MIG 4g.20gb (0),1,,13,cupy_copy__complex64_complex64
2804346354,3840,35653,103,1,1,128,1,1,16,0.000,0.000,,,,,NVIDIA A100-SXM4-40GB MIG 4g.20gb (0),1,,13,cupy_copy__complex64_complex64
2804396466,125278,35660,1,1,1,32,32,1,30,0.000,0.000,,,,,NVIDIA A100-SXM4-40GB MIG 4g.20gb (0),1,,13,"void convert_kernel<__half2, float2>(tensor_layout_any, T1 *, tensor_layout_any, const T2 *)"
2804552048,5376,35663,,,,,,,,,,0.094,17428.487,Pinned,Device,NVIDIA A100-SXM4-40GB MIG 4g.20gb (0),1,,13,[CUDA memcpy Host-to-Device]
2804582095,52672,35664,,,,,,,,,,35.810,679851.331,Device,,NVIDIA A100-SXM4-40GB MIG 4g.20gb (0),1,,13,[CUDA memset]
2804635919,1792,35666,,,,,,,,,,0.000,44.643,Pinned,Device,NVIDIA A100-SXM4-40GB MIG 4g.20gb (0),1,,13,[CUDA memcpy Host-to-Device]
2804640143,9504,35667,,,,,,,,,,0.197,20686.701,Pinned,Device,NVIDIA A100-SXM4-40GB MIG 4g.20gb (0),1,,13,[CUDA memcpy Host-to-Device]
2804804717,14816,35668,273,1,1,48,1,1,40,0.000,0.001,,,,,NVIDIA A100-SXM4-40GB MIG 4g.20gb (0),1,,13,"void pusch_noise_intf_est::noiseIntfEstNoDftSOfdmKernel<float, __half, float, float, (unsigned int)2, (unsigned int)1, (unsigned char)4, (unsigned char)4>(pusch_noise_intf_est::puschRxNoiseIntfEstDynDescr)"
2804939307,4928,35679,35,1,1,128,1,1,16,0.000,0.000,,,,,NVIDIA A100-SXM4-40GB MIG 4g.20gb (0),1,,13,cupy_copy__complex64_complex64
2804987147,2784,35688,1,1,1,1,1,1,18,0.000,0.000,,,,,NVIDIA A100-SXM4-40GB MIG 4g.20gb (0),1,,13,cupy_copy__float32_float32
2804991019,1632,35694,,,,,,,,,,0.000,2.451,Device,Pageable,NVIDIA A100-SXM4-40GB MIG 4g.20gb (0),1,,7,[CUDA memcpy Device-to-Host]
2805103369,17408,35705,1434,1,1,128,1,1,16,0.000,0.000,,,,,NVIDIA A100-SXM4-40GB MIG 4g.20gb (0),1,,13,cupy_copy__complex64_complex64
2805175113,5344,35712,103,1,1,128,1,1,16,0.000,0.000,,,,,NVIDIA A100-SXM4-40GB MIG 4g.20gb (0),1,,13,cupy_copy__complex64_complex64
2805181608,2400,35719,35,1,1,128,1,1,16,0.000,0.000,,,,,NVIDIA A100-SXM4-40GB MIG 4g.20gb (0),1,,13,cupy_copy__complex64_complex64
2805185064,1920,35726,1,1,1,1,1,1,18,0.000,0.000,,,,,NVIDIA A100-SXM4-40GB MIG 4g.20gb (0),1,,13,cupy_copy__float32_float32
2805299975,104831,35737,1,1,1,32,32,1,30,0.000,0.000,,,,,NVIDIA A100-SXM4-40GB MIG 4g.20gb (0),1,,13,"void convert_kernel<__half2, float2>(tensor_layout_any, T1 *, tensor_layout_any, const T2 *)"
2805435590,5536,35740,,,,,,,,,,0.094,16924.777,Pinned,Device,NVIDIA A100-SXM4-40GB MIG 4g.20gb (0),1,,13,[CUDA memcpy Host-to-Device]
2805460517,4672,35741,,,,,,,,,,1.547,331040.948,Device,,NVIDIA A100-SXM4-40GB MIG 4g.20gb (0),1,,13,[CUDA memset]
2805469509,3424,35746,,,,,,,,,,0.031,9140.185,Pinned,Device,NVIDIA A100-SXM4-40GB MIG 4g.20gb (0),1,,13,[CUDA memcpy Host-to-Device]
2805475717,9216,35747,,,,,,,,,,0.197,21333.148,Pinned,Device,NVIDIA A100-SXM4-40GB MIG 4g.20gb (0),1,,13,[CUDA memcpy Host-to-Device]
2805526821,9951,35748,273,1,1,8,4,1,39,0.002,0.000,,,,,NVIDIA A100-SXM4-40GB MIG 4g.20gb (0),1,,13,"void channel_eq::eqMmseCoefCompLowMimoKernel<float, float, float, (unsigned int)4, (unsigned int)1, (unsigned int)4>(const channel_eq::_puschRxChEqStatDescr *, channel_eq::_puschRxChEqCoefCompDynDescr)"
2805538244,5664,35749,273,1,1,12,11,1,51,0.002,0.000,,,,,NVIDIA A100-SXM4-40GB MIG 4g.20gb (0),1,,13,"void channel_eq::eqMmseSoftDemapKernel<float, __half, __half, float, (unsigned int)4, (unsigned short)16383>(channel_eq::_puschRxChEqStatDescr *, channel_eq::_puschRxChEqSoftDemapDynDescr)"
2805584676,352796,35750,1,1,1,32,32,1,30,0.000,0.000,,,,,NVIDIA A100-SXM4-40GB MIG 4g.20gb (0),1,,13,"void convert_kernel<float2, __half2>(tensor_layout_any, T1 *, tensor_layout_any, const T2 *)"
2805938624,13536,35762,2253,1,1,128,1,1,16,0.000,0.000,,,,,NVIDIA A100-SXM4-40GB MIG 4g.20gb (0),1,,13,cupy_copy__float16_float16
2806000415,3296,35771,282,1,1,128,1,1,16,0.000,0.000,,,,,NVIDIA A100-SXM4-40GB MIG 4g.20gb (0),1,,13,cupy_copy__complex64_complex64
2806004895,2176,35780,26,1,1,128,1,1,16,0.000,0.000,,,,,NVIDIA A100-SXM4-40GB MIG 4g.20gb (0),1,,13,cupy_copy__float32_float32
2806008191,2848,35789,103,1,1,128,1,1,16,0.000,0.000,,,,,NVIDIA A100-SXM4-40GB MIG 4g.20gb (0),1,,13,cupy_copy__complex64_complex64
2806067134,16256,35799,1434,1,1,128,1,1,16,0.000,0.000,,,,,NVIDIA A100-SXM4-40GB MIG 4g.20gb (0),1,,13,cupy_copy__complex64_complex64
2806085438,81631,35804,1,1,1,32,32,1,30,0.000,0.000,,,,,NVIDIA A100-SXM4-40GB MIG 4g.20gb (0),1,,13,"void convert_kernel<__half2, float2>(tensor_layout_any, T1 *, tensor_layout_any, const T2 *)"
2806197565,5376,35807,,,,,,,,,,0.094,17428.487,Pinned,Device,NVIDIA A100-SXM4-40GB MIG 4g.20gb (0),1,,13,[CUDA memcpy Host-to-Device]
2806249276,593721,35808,,,,,,,,,,456.561,768849.465,Device,,NVIDIA A100-SXM4-40GB MIG 4g.20gb (0),1,,13,[CUDA memset]
2806845749,48224,35813,,,,,,,,,,1.235,25607.799,Pinned,Device,NVIDIA A100-SXM4-40GB MIG 4g.20gb (0),1,,13,[CUDA memcpy Host-to-Device]
2806896085,9216,35814,,,,,,,,,,0.197,21333.148,Pinned,Device,NVIDIA A100-SXM4-40GB MIG 4g.20gb (0),1,,13,[CUDA memcpy Host-to-Device]
2806908405,8320,35815,69,4,1,48,1,1,76,0.002,0.000,,,,,NVIDIA A100-SXM4-40GB MIG 4g.20gb (0),1,,13,"void ch_est::windowedChEstPreNoDftSOfdmKernel<float, __half, float, (unsigned int)2, (unsigned int)1, (unsigned short)4>(ch_est::puschRxChEstStatDescr_t *, ch_est::puschRxChEstDynDescr_t *)"
2806956276,13504,35816,137,2,1,24,2,1,44,0.001,0.001,,,,,NVIDIA A100-SXM4-40GB MIG 4g.20gb (0),1,,13,"void ch_est::chEstFilterNoDftSOfdmDispatchKernel<float, __half, float, (unsigned int)2>(ch_est::puschRxChEstStatDescr_t *, ch_est::puschRxChEstDynDescr_t *)"
2807014259,10624,35817,137,2,1,24,2,1,44,0.001,0.001,,,,,NVIDIA A100-SXM4-40GB MIG 4g.20gb (0),1,,13,"void ch_est::chEstFilterNoDftSOfdmDispatchKernel<float, __half, float, (unsigned int)2>(ch_est::puschRxChEstStatDescr_t *, ch_est::puschRxChEstDynDescr_t *)"
2807077523,3776,35828,103,1,1,128,1,1,16,0.000,0.000,,,,,NVIDIA A100-SXM4-40GB MIG 4g.20gb (0),1,,13,cupy_copy__complex64_complex64
2807082323,12863,35838,1434,1,1,128,1,1,16,0.000,0.000,,,,,NVIDIA A100-SXM4-40GB MIG 4g.20gb (0),1,,13,cupy_copy__complex64_complex64
2807138098,6048,35845,103,1,1,128,1,1,16,0.000,0.000,,,,,NVIDIA A100-SXM4-40GB MIG 4g.20gb (0),1,,13,cupy_copy__complex64_complex64
2807145394,141438,35852,1,1,1,32,32,1,30,0.000,0.000,,,,,NVIDIA A100-SXM4-40GB MIG 4g.20gb (0),1,,13,"void convert_kernel<__half2, float2>(tensor_layout_any, T1 *, tensor_layout_any, const T2 *)"
2807316752,5376,35855,,,,,,,,,,0.094,17428.487,Pinned,Device,NVIDIA A100-SXM4-40GB MIG 4g.20gb (0),1,,13,[CUDA memcpy Host-to-Device]
2807532077,73472,35856,,,,,,,,,,35.810,487373.011,Device,,NVIDIA A100-SXM4-40GB MIG 4g.20gb (0),1,,13,[CUDA memset]
2807614413,2559,35858,,,,,,,,,,0.000,31.262,Pinned,Device,NVIDIA A100-SXM4-40GB MIG 4g.20gb (0),1,,13,[CUDA memcpy Host-to-Device]
2807620588,10464,35859,,,,,,,,,,0.197,18788.844,Pinned,Device,NVIDIA A100-SXM4-40GB MIG 4g.20gb (0),1,,13,[CUDA memcpy Host-to-Device]
2807736043,16384,35860,273,1,1,48,1,1,40,0.000,0.001,,,,,NVIDIA A100-SXM4-40GB MIG 4g.20gb (0),1,,13,"void pusch_noise_intf_est::noiseIntfEstNoDftSOfdmKernel<float, __half, float, float, (unsigned int)2, (unsigned int)1, (unsigned char)4, (unsigned char)4>(pusch_noise_intf_est::puschRxNoiseIntfEstDynDescr)"
2808054343,7648,35871,35,1,1,128,1,1,16,0.000,0.000,,,,,NVIDIA A100-SXM4-40GB MIG 4g.20gb (0),1,,13,cupy_copy__complex64_complex64
2808236389,4128,35880,1,1,1,1,1,1,18,0.000,0.000,,,,,NVIDIA A100-SXM4-40GB MIG 4g.20gb (0),1,,13,cupy_copy__float32_float32
2808241285,1920,35886,,,,,,,,,,0.000,2.083,Device,Pageable,NVIDIA A100-SXM4-40GB MIG 4g.20gb (0),1,,7,[CUDA memcpy Device-to-Host]
2808357860,18688,35897,1434,1,1,128,1,1,16,0.000,0.000,,,,,NVIDIA A100-SXM4-40GB MIG 4g.20gb (0),1,,13,cupy_copy__complex64_complex64
2808571170,8095,35904,103,1,1,128,1,1,16,0.000,0.000,,,,,NVIDIA A100-SXM4-40GB MIG 4g.20gb (0),1,,13,cupy_copy__complex64_complex64
2808687648,6656,35911,35,1,1,128,1,1,16,0.000,0.000,,,,,NVIDIA A100-SXM4-40GB MIG 4g.20gb (0),1,,13,cupy_copy__complex64_complex64
2808988445,2816,35918,1,1,1,1,1,1,18,0.000,0.000,,,,,NVIDIA A100-SXM4-40GB MIG 4g.20gb (0),1,,13,cupy_copy__float32_float32
2809171419,226173,35929,1,1,1,32,32,1,30,0.000,0.000,,,,,NVIDIA A100-SXM4-40GB MIG 4g.20gb (0),1,,13,"void convert_kernel<__half2, float2>(tensor_layout_any, T1 *, tensor_layout_any, const T2 *)"
2809428248,5376,35932,,,,,,,,,,0.094,17428.487,Pinned,Device,NVIDIA A100-SXM4-40GB MIG 4g.20gb (0),1,,13,[CUDA memcpy Host-to-Device]
2809603766,5376,35933,,,,,,,,,,1.547,287689.077,Device,,NVIDIA A100-SXM4-40GB MIG 4g.20gb (0),1,,13,[CUDA memset]
2809616374,3423,35938,,,,,,,,,,0.031,9142.845,Pinned,Device,NVIDIA A100-SXM4-40GB MIG 4g.20gb (0),1,,13,[CUDA memcpy Host-to-Device]
2809622261,10720,35939,,,,,,,,,,0.197,18340.184,Pinned,Device,NVIDIA A100-SXM4-40GB MIG 4g.20gb (0),1,,13,[CUDA memcpy Host-to-Device]
2809913906,13056,35940,273,1,1,8,4,1,39,0.002,0.000,,,,,NVIDIA A100-SXM4-40GB MIG 4g.20gb (0),1,,13,"void channel_eq::eqMmseCoefCompLowMimoKernel<float, float, float, (unsigned int)4, (unsigned int)1, (unsigned int)4>(const channel_eq::_puschRxChEqStatDescr *, channel_eq::_puschRxChEqCoefCompDynDescr)"
2810223823,13215,35941,273,1,1,12,11,1,51,0.002,0.000,,,,,NVIDIA A100-SXM4-40GB MIG 4g.20gb (0),1,,13,"void channel_eq::eqMmseSoftDemapKernel<float, __half, __half, float, (unsigned int)4, (unsigned short)16383>(channel_eq::_puschRxChEqStatDescr *, channel_eq::_puschRxChEqSoftDemapDynDescr)"
2810519563,528218,35942,1,1,1,32,32,1,30,0.000,0.000,,,,,NVIDIA A100-SXM4-40GB MIG 4g.20gb (0),1,,13,"void convert_kernel<float2, __half2>(tensor_layout_any, T1 *, tensor_layout_any, const T2 *)"
2811126340,15808,35954,2253,1,1,128,1,1,16,0.000,0.000,,,,,NVIDIA A100-SXM4-40GB MIG 4g.20gb (0),1,,13,cupy_copy__float16_float16
2811454304,8480,35963,282,1,1,128,1,1,16,0.000,0.000,,,,,NVIDIA A100-SXM4-40GB MIG 4g.20gb (0),1,,13,cupy_copy__complex64_complex64
2811641950,5216,35972,26,1,1,128,1,1,16,0.000,0.000,,,,,NVIDIA A100-SXM4-40GB MIG 4g.20gb (0),1,,13,cupy_copy__float32_float32
2811756733,8704,35981,103,1,1,128,1,1,16,0.000,0.000,,,,,NVIDIA A100-SXM4-40GB MIG 4g.20gb (0),1,,13,cupy_copy__complex64_complex64
2811946459,22687,35991,1434,1,1,128,1,1,16,0.000,0.000,,,,,NVIDIA A100-SXM4-40GB MIG 4g.20gb (0),1,,13,cupy_copy__complex64_complex64
2812079993,195422,35996,1,1,1,32,32,1,30,0.000,0.000,,,,,NVIDIA A100-SXM4-40GB MIG 4g.20gb (0),1,,13,"void convert_kernel<__half2, float2>(tensor_layout_any, T1 *, tensor_layout_any, const T2 *)"
2812319862,5408,35999,,,,,,,,,,0.094,17325.421,Pinned,Device,NVIDIA A100-SXM4-40GB MIG 4g.20gb (0),1,,13,[CUDA memcpy Host-to-Device]
2812382934,622233,36000,,,,,,,,,,456.561,733694.234,Device,,NVIDIA A100-SXM4-40GB MIG 4g.20gb (0),1,,13,[CUDA memset]
2813009295,55871,36005,,,,,,,,,,1.235,22103.028,Pinned,Device,NVIDIA A100-SXM4-40GB MIG 4g.20gb (0),1,,13,[CUDA memcpy Host-to-Device]
2813067630,9344,36006,,,,,,,,,,0.197,21040.988,Pinned,Device,NVIDIA A100-SXM4-40GB MIG 4g.20gb (0),1,,13,[CUDA memcpy Host-to-Device]
2813363082,15488,36007,69,4,1,48,1,1,76,0.002,0.000,,,,,NVIDIA A100-SXM4-40GB MIG 4g.20gb (0),1,,13,"void ch_est::windowedChEstPreNoDftSOfdmKernel<float, __half, float, (unsigned int)2, (unsigned int)1, (unsigned short)4>(ch_est::puschRxChEstStatDescr_t *, ch_est::puschRxChEstDynDescr_t *)"
2813670567,12160,36008,137,2,1,24,2,1,44,0.001,0.001,,,,,NVIDIA A100-SXM4-40GB MIG 4g.20gb (0),1,,13,"void ch_est::chEstFilterNoDftSOfdmDispatchKernel<float, __half, float, (unsigned int)2>(ch_est::puschRxChEstStatDescr_t *, ch_est::puschRxChEstDynDescr_t *)"
2813976227,12480,36009,137,2,1,24,2,1,44,0.001,0.001,,,,,NVIDIA A100-SXM4-40GB MIG 4g.20gb (0),1,,13,"void ch_est::chEstFilterNoDftSOfdmDispatchKernel<float, __half, float, (unsigned int)2>(ch_est::puschRxChEstStatDescr_t *, ch_est::puschRxChEstDynDescr_t *)"
2814263904,5216,36020,103,1,1,128,1,1,16,0.000,0.000,,,,,NVIDIA A100-SXM4-40GB MIG 4g.20gb (0),1,,13,cupy_copy__complex64_complex64
2814451038,19808,36030,1434,1,1,128,1,1,16,0.000,0.000,,,,,NVIDIA A100-SXM4-40GB MIG 4g.20gb (0),1,,13,cupy_copy__complex64_complex64
2814576253,6911,36037,103,1,1,128,1,1,16,0.000,0.000,,,,,NVIDIA A100-SXM4-40GB MIG 4g.20gb (0),1,,13,cupy_copy__complex64_complex64
2814767034,214846,36044,1,1,1,32,32,1,30,0.000,0.000,,,,,NVIDIA A100-SXM4-40GB MIG 4g.20gb (0),1,,13,"void convert_kernel<__half2, float2>(tensor_layout_any, T1 *, tensor_layout_any, const T2 *)"
2815011320,5599,36047,,,,,,,,,,0.094,16734.387,Pinned,Device,NVIDIA A100-SXM4-40GB MIG 4g.20gb (0),1,,13,[CUDA memcpy Host-to-Device]
2815194421,57120,36048,,,,,,,,,,35.810,626924.269,Device,,NVIDIA A100-SXM4-40GB MIG 4g.20gb (0),1,,13,[CUDA memset]
2815253301,1856,36050,,,,,,,,,,0.000,43.103,Pinned,Device,NVIDIA A100-SXM4-40GB MIG 4g.20gb (0),1,,13,[CUDA memcpy Host-to-Device]
2815257781,9888,36051,,,,,,,,,,0.197,19883.360,Pinned,Device,NVIDIA A100-SXM4-40GB MIG 4g.20gb (0),1,,13,[CUDA memcpy Host-to-Device]
2815618289,15391,36052,273,1,1,48,1,1,40,0.000,0.001,,,,,NVIDIA A100-SXM4-40GB MIG 4g.20gb (0),1,,13,"void pusch_noise_intf_est::noiseIntfEstNoDftSOfdmKernel<float, __half, float, float, (unsigned int)2, (unsigned int)1, (unsigned char)4, (unsigned char)4>(pusch_noise_intf_est::puschRxNoiseIntfEstDynDescr)"
2815929613,7904,36063,35,1,1,128,1,1,16,0.000,0.000,,,,,NVIDIA A100-SXM4-40GB MIG 4g.20gb (0),1,,13,cupy_copy__complex64_complex64
2816106507,3168,36072,1,1,1,1,1,1,18,0.000,0.000,,,,,NVIDIA A100-SXM4-40GB MIG 4g.20gb (0),1,,13,cupy_copy__float32_float32
2816116651,1600,36078,,,,,,,,,,0.000,2.500,Device,Pageable,NVIDIA A100-SXM4-40GB MIG 4g.20gb (0),1,,7,[CUDA memcpy Device-to-Host]
2816406151,19360,36089,1434,1,1,128,1,1,16,0.000,0.000,,,,,NVIDIA A100-SXM4-40GB MIG 4g.20gb (0),1,,13,cupy_copy__complex64_complex64
2816542822,4192,36096,103,1,1,128,1,1,16,0.000,0.000,,,,,NVIDIA A100-SXM4-40GB MIG 4g.20gb (0),1,,13,cupy_copy__complex64_complex64
2816721156,7168,36103,35,1,1,128,1,1,16,0.000,0.000,,,,,NVIDIA A100-SXM4-40GB MIG 4g.20gb (0),1,,13,cupy_copy__complex64_complex64
2816851394,2976,36110,1,1,1,1,1,1,18,0.000,0.000,,,,,NVIDIA A100-SXM4-40GB MIG 4g.20gb (0),1,,13,cupy_copy__float32_float32
2817043232,212574,36121,1,1,1,32,32,1,30,0.000,0.000,,,,,NVIDIA A100-SXM4-40GB MIG 4g.20gb (0),1,,13,"void convert_kernel<__half2, float2>(tensor_layout_any, T1 *, tensor_layout_any, const T2 *)"
2817286237,5408,36124,,,,,,,,,,0.094,17325.421,Pinned,Device,NVIDIA A100-SXM4-40GB MIG 4g.20gb (0),1,,13,[CUDA memcpy Host-to-Device]
2817540666,5696,36125,,,,,,,,,,1.547,271526.856,Device,,NVIDIA A100-SXM4-40GB MIG 4g.20gb (0),1,,13,[CUDA memset]
2817553882,3552,36130,,,,,,,,,,0.031,8810.794,Pinned,Device,NVIDIA A100-SXM4-40GB MIG 4g.20gb (0),1,,13,[CUDA memcpy Host-to-Device]
2817560378,10560,36131,,,,,,,,,,0.197,18617.991,Pinned,Device,NVIDIA A100-SXM4-40GB MIG 4g.20gb (0),1,,13,[CUDA memcpy Host-to-Device]
2817856247,13504,36132,273,1,1,8,4,1,39,0.002,0.000,,,,,NVIDIA A100-SXM4-40GB MIG 4g.20gb (0),1,,13,"void channel_eq::eqMmseCoefCompLowMimoKernel<float, float, float, (unsigned int)4, (unsigned int)1, (unsigned int)4>(const channel_eq::_puschRxChEqStatDescr *, channel_eq::_puschRxChEqCoefCompDynDescr)"
2818140852,12063,36133,273,1,1,12,11,1,51,0.002,0.000,,,,,NVIDIA A100-SXM4-40GB MIG 4g.20gb (0),1,,13,"void channel_eq::eqMmseSoftDemapKernel<float, __half, __half, float, (unsigned int)4, (unsigned short)16383>(channel_eq::_puschRxChEqStatDescr *, channel_eq::_puschRxChEqSoftDemapDynDescr)"
2818459344,442875,36134,1,1,1,32,32,1,30,0.000,0.000,,,,,NVIDIA A100-SXM4-40GB MIG 4g.20gb (0),1,,13,"void convert_kernel<float2, __half2>(tensor_layout_any, T1 *, tensor_layout_any, const T2 *)"
2819092329,16383,36146,2253,1,1,128,1,1,16,0.000,0.000,,,,,NVIDIA A100-SXM4-40GB MIG 4g.20gb (0),1,,13,cupy_copy__float16_float16
2819399301,7104,36155,282,1,1,128,1,1,16,0.000,0.000,,,,,NVIDIA A100-SXM4-40GB MIG 4g.20gb (0),1,,13,cupy_copy__complex64_complex64
2819578819,5152,36164,26,1,1,128,1,1,16,0.000,0.000,,,,,NVIDIA A100-SXM4-40GB MIG 4g.20gb (0),1,,13,cupy_copy__float32_float32
2819694274,8224,36173,103,1,1,128,1,1,16,0.000,0.000,,,,,NVIDIA A100-SXM4-40GB MIG 4g.20gb (0),1,,13,cupy_copy__complex64_complex64
2819886335,17184,36183,1434,1,1,128,1,1,16,0.000,0.000,,,,,NVIDIA A100-SXM4-40GB MIG 4g.20gb (0),1,,13,cupy_copy__complex64_complex64
2820006494,187390,36188,1,1,1,32,32,1,30,0.000,0.000,,,,,NVIDIA A100-SXM4-40GB MIG 4g.20gb (0),1,,13,"void convert_kernel<__half2, float2>(tensor_layout_any, T1 *, tensor_layout_any, const T2 *)"
2820226364,5439,36191,,,,,,,,,,0.094,17226.665,Pinned,Device,NVIDIA A100-SXM4-40GB MIG 4g.20gb (0),1,,13,[CUDA memcpy Host-to-Device]
2820312251,623640,36192,,,,,,,,,,456.561,731867.988,Device,,NVIDIA A100-SXM4-40GB MIG 4g.20gb (0),1,,13,[CUDA memset]
2820940211,51584,36197,,,,,,,,,,1.235,23939.389,Pinned,Device,NVIDIA A100-SXM4-40GB MIG 4g.20gb (0),1,,13,[CUDA memcpy Host-to-Device]
2820994227,9856,36198,,,,,,,,,,0.197,19948.044,Pinned,Device,NVIDIA A100-SXM4-40GB MIG 4g.20gb (0),1,,13,[CUDA memcpy Host-to-Device]
2821282575,11200,36199,69,4,1,48,1,1,76,0.002,0.000,,,,,NVIDIA A100-SXM4-40GB MIG 4g.20gb (0),1,,13,"void ch_est::windowedChEstPreNoDftSOfdmKernel<float, __half, float, (unsigned int)2, (unsigned int)1, (unsigned short)4>(ch_est::puschRxChEstStatDescr_t *, ch_est::puschRxChEstDynDescr_t *)"
2821579884,11136,36200,137,2,1,24,2,1,44,0.001,0.001,,,,,NVIDIA A100-SXM4-40GB MIG 4g.20gb (0),1,,13,"void ch_est::chEstFilterNoDftSOfdmDispatchKernel<float, __half, float, (unsigned int)2>(ch_est::puschRxChEstStatDescr_t *, ch_est::puschRxChEstDynDescr_t *)"
2821879177,11743,36201,137,2,1,24,2,1,44,0.001,0.001,,,,,NVIDIA A100-SXM4-40GB MIG 4g.20gb (0),1,,13,"void ch_est::chEstFilterNoDftSOfdmDispatchKernel<float, __half, float, (unsigned int)2>(ch_est::puschRxChEstStatDescr_t *, ch_est::puschRxChEstDynDescr_t *)"
2822072518,5664,36212,103,1,1,128,1,1,16,0.000,0.000,,,,,NVIDIA A100-SXM4-40GB MIG 4g.20gb (0),1,,13,cupy_copy__complex64_complex64
2822184453,18784,36222,1434,1,1,128,1,1,16,0.000,0.000,,,,,NVIDIA A100-SXM4-40GB MIG 4g.20gb (0),1,,13,cupy_copy__complex64_complex64
2822498529,6432,36229,103,1,1,128,1,1,16,0.000,0.000,,,,,NVIDIA A100-SXM4-40GB MIG 4g.20gb (0),1,,13,cupy_copy__complex64_complex64
2822692127,198302,36236,1,1,1,32,32,1,30,0.000,0.000,,,,,NVIDIA A100-SXM4-40GB MIG 4g.20gb (0),1,,13,"void convert_kernel<__half2, float2>(tensor_layout_any, T1 *, tensor_layout_any, const T2 *)"
2822919933,5568,36239,,,,,,,,,,0.094,16827.521,Pinned,Device,NVIDIA A100-SXM4-40GB MIG 4g.20gb (0),1,,13,[CUDA memcpy Host-to-Device]
2823113338,54912,36240,,,,,,,,,,35.810,652098.643,Device,,NVIDIA A100-SXM4-40GB MIG 4g.20gb (0),1,,13,[CUDA memset]
2823176698,2112,36242,,,,,,,,,,0.000,37.879,Pinned,Device,NVIDIA A100-SXM4-40GB MIG 4g.20gb (0),1,,13,[CUDA memcpy Host-to-Device]
2823181242,9823,36243,,,,,,,,,,0.197,20014.891,Pinned,Device,NVIDIA A100-SXM4-40GB MIG 4g.20gb (0),1,,13,[CUDA memcpy Host-to-Device]
2823512118,16928,36244,273,1,1,48,1,1,40,0.000,0.001,,,,,NVIDIA A100-SXM4-40GB MIG 4g.20gb (0),1,,13,"void pusch_noise_intf_est::noiseIntfEstNoDftSOfdmKernel<float, __half, float, float, (unsigned int)2, (unsigned int)1, (unsigned char)4, (unsigned char)4>(pusch_noise_intf_est::puschRxNoiseIntfEstDynDescr)"
2823818482,6080,36255,35,1,1,128,1,1,16,0.000,0.000,,,,,NVIDIA A100-SXM4-40GB MIG 4g.20gb (0),1,,13,cupy_copy__complex64_complex64
2824003888,5056,36264,1,1,1,1,1,1,18,0.000,0.000,,,,,NVIDIA A100-SXM4-40GB MIG 4g.20gb (0),1,,13,cupy_copy__float32_float32
2824013680,1568,36270,,,,,,,,,,0.000,2.551,Device,Pageable,NVIDIA A100-SXM4-40GB MIG 4g.20gb (0),1,,7,[CUDA memcpy Device-to-Host]
2824116751,18912,36281,1434,1,1,128,1,1,16,0.000,0.000,,,,,NVIDIA A100-SXM4-40GB MIG 4g.20gb (0),1,,13,cupy_copy__complex64_complex64
2824326924,6688,36288,103,1,1,128,1,1,16,0.000,0.000,,,,,NVIDIA A100-SXM4-40GB MIG 4g.20gb (0),1,,13,cupy_copy__complex64_complex64
2824467755,6272,36295,35,1,1,128,1,1,16,0.000,0.000,,,,,NVIDIA A100-SXM4-40GB MIG 4g.20gb (0),1,,13,cupy_copy__complex64_complex64
2824646921,4416,36302,1,1,1,1,1,1,18,0.000,0.000,,,,,NVIDIA A100-SXM4-40GB MIG 4g.20gb (0),1,,13,cupy_copy__float32_float32
2824762855,202622,36313,1,1,1,32,32,1,30,0.000,0.000,,,,,NVIDIA A100-SXM4-40GB MIG 4g.20gb (0),1,,13,"void convert_kernel<__half2, float2>(tensor_layout_any, T1 *, tensor_layout_any, const T2 *)"
2824997797,6528,36316,,,,,,,,,,0.094,14352.915,Pinned,Device,NVIDIA A100-SXM4-40GB MIG 4g.20gb (0),1,,13,[CUDA memcpy Host-to-Device]
2825072548,6912,36317,,,,,,,,,,1.547,223757.827,Device,,NVIDIA A100-SXM4-40GB MIG 4g.20gb (0),1,,13,[CUDA memset]
2825083588,3104,36322,,,,,,,,,,0.031,10082.445,Pinned,Device,NVIDIA A100-SXM4-40GB MIG 4g.20gb (0),1,,13,[CUDA memcpy Host-to-Device]
2825089316,9408,36323,,,,,,,,,,0.197,20897.858,Pinned,Device,NVIDIA A100-SXM4-40GB MIG 4g.20gb (0),1,,13,[CUDA memcpy Host-to-Device]
2825393120,12736,36324,273,1,1,8,4,1,39,0.002,0.000,,,,,NVIDIA A100-SXM4-40GB MIG 4g.20gb (0),1,,13,"void channel_eq::eqMmseCoefCompLowMimoKernel<float, float, float, (unsigned int)4, (unsigned int)1, (unsigned int)4>(const channel_eq::_puschRxChEqStatDescr *, channel_eq::_puschRxChEqCoefCompDynDescr)"
2825705085,9599,36325,273,1,1,12,11,1,51,0.002,0.000,,,,,NVIDIA A100-SXM4-40GB MIG 4g.20gb (0),1,,13,"void channel_eq::eqMmseSoftDemapKernel<float, __half, __half, float, (unsigned int)4, (unsigned short)16383>(channel_eq::_puschRxChEqStatDescr *, channel_eq::_puschRxChEqSoftDemapDynDescr)"
2826011225,412315,36326,1,1,1,32,32,1,30,0.000,0.000,,,,,NVIDIA A100-SXM4-40GB MIG 4g.20gb (0),1,,13,"void convert_kernel<float2, __half2>(tensor_layout_any, T1 *, tensor_layout_any, const T2 *)"
2826626258,16128,36338,2253,1,1,128,1,1,16,0.000,0.000,,,,,NVIDIA A100-SXM4-40GB MIG 4g.20gb (0),1,,13,cupy_copy__float16_float16
2826948398,7328,36347,282,1,1,128,1,1,16,0.000,0.000,,,,,NVIDIA A100-SXM4-40GB MIG 4g.20gb (0),1,,13,cupy_copy__complex64_complex64
2827142188,5856,36356,26,1,1,128,1,1,16,0.000,0.000,,,,,NVIDIA A100-SXM4-40GB MIG 4g.20gb (0),1,,13,cupy_copy__float32_float32
2827253899,8864,36365,103,1,1,128,1,1,16,0.000,0.000,,,,,NVIDIA A100-SXM4-40GB MIG 4g.20gb (0),1,,13,cupy_copy__complex64_complex64
2827432681,19615,36375,1434,1,1,128,1,1,16,0.000,0.000,,,,,NVIDIA A100-SXM4-40GB MIG 4g.20gb (0),1,,13,cupy_copy__complex64_complex64
2827552679,133631,36380,1,1,1,32,32,1,30,0.000,0.000,,,,,NVIDIA A100-SXM4-40GB MIG 4g.20gb (0),1,,13,"void convert_kernel<__half2, float2>(tensor_layout_any, T1 *, tensor_layout_any, const T2 *)"
2827719749,5376,36383,,,,,,,,,,0.094,17428.487,Pinned,Device,NVIDIA A100-SXM4-40GB MIG 4g.20gb (0),1,,13,[CUDA memcpy Host-to-Device]
2827871844,623897,36384,,,,,,,,,,456.561,731411.427,Device,,NVIDIA A100-SXM4-40GB MIG 4g.20gb (0),1,,13,[CUDA memset]
2828498332,50656,36389,,,,,,,,,,1.235,24377.795,Pinned,Device,NVIDIA A100-SXM4-40GB MIG 4g.20gb (0),1,,13,[CUDA memcpy Host-to-Device]
2828551516,9344,36390,,,,,,,,,,0.197,21040.988,Pinned,Device,NVIDIA A100-SXM4-40GB MIG 4g.20gb (0),1,,13,[CUDA memcpy Host-to-Device]
2828844472,11904,36391,69,4,1,48,1,1,76,0.002,0.000,,,,,NVIDIA A100-SXM4-40GB MIG 4g.20gb (0),1,,13,"void ch_est::windowedChEstPreNoDftSOfdmKernel<float, __half, float, (unsigned int)2, (unsigned int)1, (unsigned short)4>(ch_est::puschRxChEstStatDescr_t *, ch_est::puschRxChEstDynDescr_t *)"
2829048214,8704,36392,137,2,1,24,2,1,44,0.001,0.001,,,,,NVIDIA A100-SXM4-40GB MIG 4g.20gb (0),1,,13,"void ch_est::chEstFilterNoDftSOfdmDispatchKernel<float, __half, float, (unsigned int)2>(ch_est::puschRxChEstStatDescr_t *, ch_est::puschRxChEstDynDescr_t *)"
2829163413,14016,36393,137,2,1,24,2,1,44,0.001,0.001,,,,,NVIDIA A100-SXM4-40GB MIG 4g.20gb (0),1,,13,"void ch_est::chEstFilterNoDftSOfdmDispatchKernel<float, __half, float, (unsigned int)2>(ch_est::puschRxChEstStatDescr_t *, ch_est::puschRxChEstDynDescr_t *)"
2829478545,6272,36404,103,1,1,128,1,1,16,0.000,0.000,,,,,NVIDIA A100-SXM4-40GB MIG 4g.20gb (0),1,,13,cupy_copy__complex64_complex64
2829665903,19808,36414,1434,1,1,128,1,1,16,0.000,0.000,,,,,NVIDIA A100-SXM4-40GB MIG 4g.20gb (0),1,,13,cupy_copy__complex64_complex64
2829803533,6112,36421,103,1,1,128,1,1,16,0.000,0.000,,,,,NVIDIA A100-SXM4-40GB MIG 4g.20gb (0),1,,13,cupy_copy__complex64_complex64
2829982347,227134,36428,1,1,1,32,32,1,30,0.000,0.000,,,,,NVIDIA A100-SXM4-40GB MIG 4g.20gb (0),1,,13,"void convert_kernel<__half2, float2>(tensor_layout_any, T1 *, tensor_layout_any, const T2 *)"
2830239592,5376,36431,,,,,,,,,,0.094,17428.487,Pinned,Device,NVIDIA A100-SXM4-40GB MIG 4g.20gb (0),1,,13,[CUDA memcpy Host-to-Device]
2830394247,56511,36432,,,,,,,,,,35.810,633656.534,Device,,NVIDIA A100-SXM4-40GB MIG 4g.20gb (0),1,,13,[CUDA memset]
2830456166,1984,36434,,,,,,,,,,0.000,40.323,Pinned,Device,NVIDIA A100-SXM4-40GB MIG 4g.20gb (0),1,,13,[CUDA memcpy Host-to-Device]
2830460550,11168,36435,,,,,,,,,,0.197,17604.477,Pinned,Device,NVIDIA A100-SXM4-40GB MIG 4g.20gb (0),1,,13,[CUDA memcpy Host-to-Device]
2830796322,16032,36436,273,1,1,48,1,1,40,0.000,0.001,,,,,NVIDIA A100-SXM4-40GB MIG 4g.20gb (0),1,,13,"void pusch_noise_intf_est::noiseIntfEstNoDftSOfdmKernel<float, __half, float, float, (unsigned int)2, (unsigned int)1, (unsigned char)4, (unsigned char)4>(pusch_noise_intf_est::puschRxNoiseIntfEstDynDescr)"
2831092607,7552,36447,35,1,1,128,1,1,16,0.000,0.000,,,,,NVIDIA A100-SXM4-40GB MIG 4g.20gb (0),1,,13,cupy_copy__complex64_complex64
2831295004,3936,36456,1,1,1,1,1,1,18,0.000,0.000,,,,,NVIDIA A100-SXM4-40GB MIG 4g.20gb (0),1,,13,cupy_copy__float32_float32
2831305468,1632,36462,,,,,,,,,,0.000,2.451,Device,Pageable,NVIDIA A100-SXM4-40GB MIG 4g.20gb (0),1,,7,[CUDA memcpy Device-to-Host]
2831405243,18176,36473,1434,1,1,128,1,1,16,0.000,0.000,,,,,NVIDIA A100-SXM4-40GB MIG 4g.20gb (0),1,,13,cupy_copy__complex64_complex64
2831726711,5824,36480,103,1,1,128,1,1,16,0.000,0.000,,,,,NVIDIA A100-SXM4-40GB MIG 4g.20gb (0),1,,13,cupy_copy__complex64_complex64
2831915957,7680,36487,35,1,1,128,1,1,16,0.000,0.000,,,,,NVIDIA A100-SXM4-40GB MIG 4g.20gb (0),1,,13,cupy_copy__complex64_complex64
2832034548,2432,36494,1,1,1,1,1,1,18,0.000,0.000,,,,,NVIDIA A100-SXM4-40GB MIG 4g.20gb (0),1,,13,cupy_copy__float32_float32
2832213138,233757,36505,1,1,1,32,32,1,30,0.000,0.000,,,,,NVIDIA A100-SXM4-40GB MIG 4g.20gb (0),1,,13,"void convert_kernel<__half2, float2>(tensor_layout_any, T1 *, tensor_layout_any, const T2 *)"
2832481359,5376,36508,,,,,,,,,,0.094,17428.487,Pinned,Device,NVIDIA A100-SXM4-40GB MIG 4g.20gb (0),1,,13,[CUDA memcpy Host-to-Device]
2832631757,4800,36509,,,,,,,,,,1.547,322212.818,Device,,NVIDIA A100-SXM4-40GB MIG 4g.20gb (0),1,,13,[CUDA memset]
2832638957,3168,36514,,,,,,,,,,0.031,9878.770,Pinned,Device,NVIDIA A100-SXM4-40GB MIG 4g.20gb (0),1,,13,[CUDA memcpy Host-to-Device]
2832644845,10112,36515,,,,,,,,,,0.197,19442.958,Pinned,Device,NVIDIA A100-SXM4-40GB MIG 4g.20gb (0),1,,13,[CUDA memcpy Host-to-Device]
2832932170,13023,36516,273,1,1,8,4,1,39,0.002,0.000,,,,,NVIDIA A100-SXM4-40GB MIG 4g.20gb (0),1,,13,"void channel_eq::eqMmseCoefCompLowMimoKernel<float, float, float, (unsigned int)4, (unsigned int)1, (unsigned int)4>(const channel_eq::_puschRxChEqStatDescr *, channel_eq::_puschRxChEqCoefCompDynDescr)"
2833236934,9632,36517,273,1,1,12,11,1,51,0.002,0.000,,,,,NVIDIA A100-SXM4-40GB MIG 4g.20gb (0),1,,13,"void channel_eq::eqMmseSoftDemapKernel<float, __half, __half, float, (unsigned int)4, (unsigned short)16383>(channel_eq::_puschRxChEqStatDescr *, channel_eq::_puschRxChEqSoftDemapDynDescr)"
2833545538,436987,36518,1,1,1,32,32,1,30,0.000,0.000,,,,,NVIDIA A100-SXM4-40GB MIG 4g.20gb (0),1,,13,"void convert_kernel<float2, __half2>(tensor_layout_any, T1 *, tensor_layout_any, const T2 *)"
2834145628,15743,36530,2253,1,1,128,1,1,16,0.000,0.000,,,,,NVIDIA A100-SXM4-40GB MIG 4g.20gb (0),1,,13,cupy_copy__float16_float16
2834457464,6912,36539,282,1,1,128,1,1,16,0.000,0.000,,,,,NVIDIA A100-SXM4-40GB MIG 4g.20gb (0),1,,13,cupy_copy__complex64_complex64
2834640470,4640,36548,26,1,1,128,1,1,16,0.000,0.000,,,,,NVIDIA A100-SXM4-40GB MIG 4g.20gb (0),1,,13,cupy_copy__float32_float32
2834751477,10175,36557,103,1,1,128,1,1,16,0.000,0.000,,,,,NVIDIA A100-SXM4-40GB MIG 4g.20gb (0),1,,13,cupy_copy__complex64_complex64
2834936498,19232,36567,1434,1,1,128,1,1,16,0.000,0.000,,,,,NVIDIA A100-SXM4-40GB MIG 4g.20gb (0),1,,13,cupy_copy__complex64_complex64
2835057617,191102,36572,1,1,1,32,32,1,30,0.000,0.000,,,,,NVIDIA A100-SXM4-40GB MIG 4g.20gb (0),1,,13,"void convert_kernel<__half2, float2>(tensor_layout_any, T1 *, tensor_layout_any, const T2 *)"
2835279375,5375,36575,,,,,,,,,,0.094,17431.766,Pinned,Device,NVIDIA A100-SXM4-40GB MIG 4g.20gb (0),1,,13,[CUDA memcpy Host-to-Device]
2835351822,623097,36576,,,,,,,,,,456.561,732324.550,Device,,NVIDIA A100-SXM4-40GB MIG 4g.20gb (0),1,,13,[CUDA memset]
2835981894,52000,36581,,,,,,,,,,1.235,23747.973,Pinned,Device,NVIDIA A100-SXM4-40GB MIG 4g.20gb (0),1,,13,[CUDA memcpy Host-to-Device]
2836036678,9536,36582,,,,,,,,,,0.197,20617.298,Pinned,Device,NVIDIA A100-SXM4-40GB MIG 4g.20gb (0),1,,13,[CUDA memcpy Host-to-Device]
2836330626,12800,36583,69,4,1,48,1,1,76,0.002,0.000,,,,,NVIDIA A100-SXM4-40GB MIG 4g.20gb (0),1,,13,"void ch_est::windowedChEstPreNoDftSOfdmKernel<float, __half, float, (unsigned int)2, (unsigned int)1, (unsigned short)4>(ch_est::puschRxChEstStatDescr_t *, ch_est::puschRxChEstDynDescr_t *)"
2836642751,13376,36584,137,2,1,24,2,1,44,0.001,0.001,,,,,NVIDIA A100-SXM4-40GB MIG 4g.20gb (0),1,,13,"void ch_est::chEstFilterNoDftSOfdmDispatchKernel<float, __half, float, (unsigned int)2>(ch_est::puschRxChEstStatDescr_t *, ch_est::puschRxChEstDynDescr_t *)"
2836945883,13056,36585,137,2,1,24,2,1,44,0.001,0.001,,,,,NVIDIA A100-SXM4-40GB MIG 4g.20gb (0),1,,13,"void ch_est::chEstFilterNoDftSOfdmDispatchKernel<float, __half, float, (unsigned int)2>(ch_est::puschRxChEstStatDescr_t *, ch_est::puschRxChEstDynDescr_t *)"
2837135097,5728,36596,103,1,1,128,1,1,16,0.000,0.000,,,,,NVIDIA A100-SXM4-40GB MIG 4g.20gb (0),1,,13,cupy_copy__complex64_complex64
2837246392,18848,36606,1434,1,1,128,1,1,16,0.000,0.000,,,,,NVIDIA A100-SXM4-40GB MIG 4g.20gb (0),1,,13,cupy_copy__complex64_complex64
2837446102,6144,36613,103,1,1,128,1,1,16,0.000,0.000,,,,,NVIDIA A100-SXM4-40GB MIG 4g.20gb (0),1,,13,cupy_copy__complex64_complex64
2837565844,234206,36620,1,1,1,32,32,1,30,0.000,0.000,,,,,NVIDIA A100-SXM4-40GB MIG 4g.20gb (0),1,,13,"void convert_kernel<__half2, float2>(tensor_layout_any, T1 *, tensor_layout_any, const T2 *)"
2837831153,6656,36623,,,,,,,,,,0.094,14076.887,Pinned,Device,NVIDIA A100-SXM4-40GB MIG 4g.20gb (0),1,,13,[CUDA memcpy Host-to-Device]
2837870449,56671,36624,,,,,,,,,,35.810,631866.038,Device,,NVIDIA A100-SXM4-40GB MIG 4g.20gb (0),1,,13,[CUDA memset]
2837928624,1952,36626,,,,,,,,,,0.000,40.984,Pinned,Device,NVIDIA A100-SXM4-40GB MIG 4g.20gb (0),1,,13,[CUDA memcpy Host-to-Device]
2837933488,9440,36627,,,,,,,,,,0.197,20827.079,Pinned,Device,NVIDIA A100-SXM4-40GB MIG 4g.20gb (0),1,,13,[CUDA memcpy Host-to-Device]
2838270764,15360,36628,273,1,1,48,1,1,40,0.000,0.001,,,,,NVIDIA A100-SXM4-40GB MIG 4g.20gb (0),1,,13,"void pusch_noise_intf_est::noiseIntfEstNoDftSOfdmKernel<float, __half, float, float, (unsigned int)2, (unsigned int)1, (unsigned char)4, (unsigned char)4>(pusch_noise_intf_est::puschRxNoiseIntfEstDynDescr)"
2838572073,6304,36639,35,1,1,128,1,1,16,0.000,0.000,,,,,NVIDIA A100-SXM4-40GB MIG 4g.20gb (0),1,,13,cupy_copy__complex64_complex64
2838747751,3968,36648,1,1,1,1,1,1,18,0.000,0.000,,,,,NVIDIA A100-SXM4-40GB MIG 4g.20gb (0),1,,13,cupy_copy__float32_float32
2838754567,1600,36654,,,,,,,,,,0.000,2.500,Device,Pageable,NVIDIA A100-SXM4-40GB MIG 4g.20gb (0),1,,7,[CUDA memcpy Device-to-Host]
2838864229,18848,36665,1434,1,1,128,1,1,16,0.000,0.000,,,,,NVIDIA A100-SXM4-40GB MIG 4g.20gb (0),1,,13,cupy_copy__complex64_complex64
2839057731,6336,36672,103,1,1,128,1,1,16,0.000,0.000,,,,,NVIDIA A100-SXM4-40GB MIG 4g.20gb (0),1,,13,cupy_copy__complex64_complex64
2839171970,6368,36679,35,1,1,128,1,1,16,0.000,0.000,,,,,NVIDIA A100-SXM4-40GB MIG 4g.20gb (0),1,,13,cupy_copy__complex64_complex64
2839354272,4352,36686,1,1,1,1,1,1,18,0.000,0.000,,,,,NVIDIA A100-SXM4-40GB MIG 4g.20gb (0),1,,13,cupy_copy__float32_float32
2839483934,199806,36697,1,1,1,32,32,1,30,0.000,0.000,,,,,NVIDIA A100-SXM4-40GB MIG 4g.20gb (0),1,,13,"void convert_kernel<__half2, float2>(tensor_layout_any, T1 *, tensor_layout_any, const T2 *)"
2839713852,5535,36700,,,,,,,,,,0.094,16927.869,Pinned,Device,NVIDIA A100-SXM4-40GB MIG 4g.20gb (0),1,,13,[CUDA memcpy Host-to-Device]
2839781083,5536,36701,,,,,,,,,,1.547,279374.426,Device,,NVIDIA A100-SXM4-40GB MIG 4g.20gb (0),1,,13,[CUDA memset]
2839793787,3328,36706,,,,,,,,,,0.031,9403.822,Pinned,Device,NVIDIA A100-SXM4-40GB MIG 4g.20gb (0),1,,13,[CUDA memcpy Host-to-Device]
2839801019,10143,36707,,,,,,,,,,0.197,19383.583,Pinned,Device,NVIDIA A100-SXM4-40GB MIG 4g.20gb (0),1,,13,[CUDA memcpy Host-to-Device]
2840085335,14720,36708,273,1,1,8,4,1,39,0.002,0.000,,,,,NVIDIA A100-SXM4-40GB MIG 4g.20gb (0),1,,13,"void channel_eq::eqMmseCoefCompLowMimoKernel<float, float, float, (unsigned int)4, (unsigned int)1, (unsigned int)4>(const channel_eq::_puschRxChEqStatDescr *, channel_eq::_puschRxChEqCoefCompDynDescr)"
2840381556,9984,36709,273,1,1,12,11,1,51,0.002,0.000,,,,,NVIDIA A100-SXM4-40GB MIG 4g.20gb (0),1,,13,"void channel_eq::eqMmseSoftDemapKernel<float, __half, __half, float, (unsigned int)4, (unsigned short)16383>(channel_eq::_puschRxChEqStatDescr *, channel_eq::_puschRxChEqSoftDemapDynDescr)"
2840690192,516506,36710,1,1,1,32,32,1,30,0.000,0.000,,,,,NVIDIA A100-SXM4-40GB MIG 4g.20gb (0),1,,13,"void convert_kernel<float2, __half2>(tensor_layout_any, T1 *, tensor_layout_any, const T2 *)"
2841208746,15648,36722,2253,1,1,128,1,1,16,0.000,0.000,,,,,NVIDIA A100-SXM4-40GB MIG 4g.20gb (0),1,,13,cupy_copy__float16_float16
2841226090,3584,36731,282,1,1,128,1,1,16,0.000,0.000,,,,,NVIDIA A100-SXM4-40GB MIG 4g.20gb (0),1,,13,cupy_copy__complex64_complex64
2841236394,2688,36740,26,1,1,128,1,1,16,0.000,0.000,,,,,NVIDIA A100-SXM4-40GB MIG 4g.20gb (0),1,,13,cupy_copy__float32_float32
2841423208,7616,36749,103,1,1,128,1,1,16,0.000,0.000,,,,,NVIDIA A100-SXM4-40GB MIG 4g.20gb (0),1,,13,cupy_copy__complex64_complex64
2841432904,16672,36759,1434,1,1,128,1,1,16,0.000,0.000,,,,,NVIDIA A100-SXM4-40GB MIG 4g.20gb (0),1,,13,cupy_copy__complex64_complex64
2841451112,92959,36764,1,1,1,32,32,1,30,0.000,0.000,,,,,NVIDIA A100-SXM4-40GB MIG 4g.20gb (0),1,,13,"void convert_kernel<__half2, float2>(tensor_layout_any, T1 *, tensor_layout_any, const T2 *)"
2841575014,5728,36767,,,,,,,,,,0.094,16357.541,Pinned,Device,NVIDIA A100-SXM4-40GB MIG 4g.20gb (0),1,,13,[CUDA memcpy Host-to-Device]
2841709221,737207,36768,,,,,,,,,,456.561,619097.313,Device,,NVIDIA A100-SXM4-40GB MIG 4g.20gb (0),1,,13,[CUDA memset]
2842449212,51648,36773,,,,,,,,,,1.235,23909.751,Pinned,Device,NVIDIA A100-SXM4-40GB MIG 4g.20gb (0),1,,13,[CUDA memcpy Host-to-Device]
2842503291,10592,36774,,,,,,,,,,0.197,18561.761,Pinned,Device,NVIDIA A100-SXM4-40GB MIG 4g.20gb (0),1,,13,[CUDA memcpy Host-to-Device]
2842681849,20096,36775,69,4,1,48,1,1,76,0.002,0.000,,,,,NVIDIA A100-SXM4-40GB MIG 4g.20gb (0),1,,13,"void ch_est::windowedChEstPreNoDftSOfdmKernel<float, __half, float, (unsigned int)2, (unsigned int)1, (unsigned short)4>(ch_est::puschRxChEstStatDescr_t *, ch_est::puschRxChEstDynDescr_t *)"
2842704345,9024,36776,137,2,1,24,2,1,44,0.001,0.001,,,,,NVIDIA A100-SXM4-40GB MIG 4g.20gb (0),1,,13,"void ch_est::chEstFilterNoDftSOfdmDispatchKernel<float, __half, float, (unsigned int)2>(ch_est::puschRxChEstStatDescr_t *, ch_est::puschRxChEstDynDescr_t *)"
2842714745,6336,36777,137,2,1,24,2,1,44,0.001,0.001,,,,,NVIDIA A100-SXM4-40GB MIG 4g.20gb (0),1,,13,"void ch_est::chEstFilterNoDftSOfdmDispatchKernel<float, __half, float, (unsigned int)2>(ch_est::puschRxChEstStatDescr_t *, ch_est::puschRxChEstDynDescr_t *)"
2842722841,4480,36788,103,1,1,128,1,1,16,0.000,0.000,,,,,NVIDIA A100-SXM4-40GB MIG 4g.20gb (0),1,,13,cupy_copy__complex64_complex64
2842729177,16960,36798,1434,1,1,128,1,1,16,0.000,0.000,,,,,NVIDIA A100-SXM4-40GB MIG 4g.20gb (0),1,,13,cupy_copy__complex64_complex64
2842747833,4608,36805,103,1,1,128,1,1,16,0.000,0.000,,,,,NVIDIA A100-SXM4-40GB MIG 4g.20gb (0),1,,13,cupy_copy__complex64_complex64
2842754073,101470,36812,1,1,1,32,32,1,30,0.000,0.000,,,,,NVIDIA A100-SXM4-40GB MIG 4g.20gb (0),1,,13,"void convert_kernel<__half2, float2>(tensor_layout_any, T1 *, tensor_layout_any, const T2 *)"
2842885943,5376,36815,,,,,,,,,,0.094,17428.487,Pinned,Device,NVIDIA A100-SXM4-40GB MIG 4g.20gb (0),1,,13,[CUDA memcpy Host-to-Device]
2842971286,70591,36816,,,,,,,,,,35.810,507283.327,Device,,NVIDIA A100-SXM4-40GB MIG 4g.20gb (0),1,,13,[CUDA memset]
2843043925,1792,36818,,,,,,,,,,0.000,44.643,Pinned,Device,NVIDIA A100-SXM4-40GB MIG 4g.20gb (0),1,,13,[CUDA memcpy Host-to-Device]
2843048501,9312,36819,,,,,,,,,,0.197,21113.340,Pinned,Device,NVIDIA A100-SXM4-40GB MIG 4g.20gb (0),1,,13,[CUDA memcpy Host-to-Device]
2843066165,20672,36820,273,1,1,48,1,1,40,0.000,0.001,,,,,NVIDIA A100-SXM4-40GB MIG 4g.20gb (0),1,,13,"void pusch_noise_intf_est::noiseIntfEstNoDftSOfdmKernel<float, __half, float, float, (unsigned int)2, (unsigned int)1, (unsigned char)4, (unsigned char)4>(pusch_noise_intf_est::puschRxNoiseIntfEstDynDescr)"
2843087733,3168,36831,35,1,1,128,1,1,16,0.000,0.000,,,,,NVIDIA A100-SXM4-40GB MIG 4g.20gb (0),1,,13,cupy_copy__complex64_complex64
2843093045,2080,36840,1,1,1,1,1,1,18,0.000,0.000,,,,,NVIDIA A100-SXM4-40GB MIG 4g.20gb (0),1,,13,cupy_copy__float32_float32
2843099765,1600,36846,,,,,,,,,,0.000,2.500,Device,Pageable,NVIDIA A100-SXM4-40GB MIG 4g.20gb (0),1,,7,[CUDA memcpy Device-to-Host]
2843329490,21088,36857,1434,1,1,128,1,1,16,0.000,0.000,,,,,NVIDIA A100-SXM4-40GB MIG 4g.20gb (0),1,,13,cupy_copy__complex64_complex64
2843352178,4160,36864,103,1,1,128,1,1,16,0.000,0.000,,,,,NVIDIA A100-SXM4-40GB MIG 4g.20gb (0),1,,13,cupy_copy__complex64_complex64
2843358002,3264,36871,35,1,1,128,1,1,16,0.000,0.000,,,,,NVIDIA A100-SXM4-40GB MIG 4g.20gb (0),1,,13,cupy_copy__complex64_complex64
2843363186,2112,36878,1,1,1,1,1,1,18,0.000,0.000,,,,,NVIDIA A100-SXM4-40GB MIG 4g.20gb (0),1,,13,cupy_copy__float32_float32
2843374193,93279,36889,1,1,1,32,32,1,30,0.000,0.000,,,,,NVIDIA A100-SXM4-40GB MIG 4g.20gb (0),1,,13,"void convert_kernel<__half2, float2>(tensor_layout_any, T1 *, tensor_layout_any, const T2 *)"
2843507632,5408,36892,,,,,,,,,,0.094,17325.421,Pinned,Device,NVIDIA A100-SXM4-40GB MIG 4g.20gb (0),1,,13,[CUDA memcpy Host-to-Device]
2843616463,5376,36893,,,,,,,,,,1.547,287689.077,Device,,NVIDIA A100-SXM4-40GB MIG 4g.20gb (0),1,,13,[CUDA memset]
2843625647,3072,36898,,,,,,,,,,0.031,10187.474,Pinned,Device,NVIDIA A100-SXM4-40GB MIG 4g.20gb (0),1,,13,[CUDA memcpy Host-to-Device]
2843631119,9439,36899,,,,,,,,,,0.197,20829.241,Pinned,Device,NVIDIA A100-SXM4-40GB MIG 4g.20gb (0),1,,13,[CUDA memcpy Host-to-Device]
2843645518,11360,36900,273,1,1,8,4,1,39,0.002,0.000,,,,,NVIDIA A100-SXM4-40GB MIG 4g.20gb (0),1,,13,"void channel_eq::eqMmseCoefCompLowMimoKernel<float, float, float, (unsigned int)4, (unsigned int)1, (unsigned int)4>(const channel_eq::_puschRxChEqStatDescr *, channel_eq::_puschRxChEqCoefCompDynDescr)"
2843658990,20640,36901,273,1,1,12,11,1,51,0.002,0.000,,,,,NVIDIA A100-SXM4-40GB MIG 4g.20gb (0),1,,13,"void channel_eq::eqMmseSoftDemapKernel<float, __half, __half, float, (unsigned int)4, (unsigned short)16383>(channel_eq::_puschRxChEqStatDescr *, channel_eq::_puschRxChEqSoftDemapDynDescr)"
2843681678,356828,36902,1,1,1,32,32,1,30,0.000,0.000,,,,,NVIDIA A100-SXM4-40GB MIG 4g.20gb (0),1,,13,"void convert_kernel<float2, __half2>(tensor_layout_any, T1 *, tensor_layout_any, const T2 *)"
2844188808,16992,36914,2253,1,1,128,1,1,16,0.000,0.000,,,,,NVIDIA A100-SXM4-40GB MIG 4g.20gb (0),1,,13,cupy_copy__float16_float16
2844207816,4544,36923,282,1,1,128,1,1,16,0.000,0.000,,,,,NVIDIA A100-SXM4-40GB MIG 4g.20gb (0),1,,13,cupy_copy__complex64_complex64
2844213608,2464,36932,26,1,1,128,1,1,16,0.000,0.000,,,,,NVIDIA A100-SXM4-40GB MIG 4g.20gb (0),1,,13,cupy_copy__float32_float32
2844217768,4864,36941,103,1,1,128,1,1,16,0.000,0.000,,,,,NVIDIA A100-SXM4-40GB MIG 4g.20gb (0),1,,13,cupy_copy__complex64_complex64
2844224104,15904,36951,1434,1,1,128,1,1,16,0.000,0.000,,,,,NVIDIA A100-SXM4-40GB MIG 4g.20gb (0),1,,13,cupy_copy__complex64_complex64
2844242056,95870,36956,1,1,1,32,32,1,30,0.000,0.000,,,,,NVIDIA A100-SXM4-40GB MIG 4g.20gb (0),1,,13,"void convert_kernel<__half2, float2>(tensor_layout_any, T1 *, tensor_layout_any, const T2 *)"
2844367558,5376,36959,,,,,,,,,,0.094,17428.487,Pinned,Device,NVIDIA A100-SXM4-40GB MIG 4g.20gb (0),1,,13,[CUDA memcpy Host-to-Device]
2844478085,735735,36960,,,,,,,,,,456.561,620466.997,Device,,NVIDIA A100-SXM4-40GB MIG 4g.20gb (0),1,,13,[CUDA memset]
2845217980,51200,36965,,,,,,,,,,1.235,24119.691,Pinned,Device,NVIDIA A100-SXM4-40GB MIG 4g.20gb (0),1,,13,[CUDA memcpy Host-to-Device]
2845271612,9344,36966,,,,,,,,,,0.197,21040.988,Pinned,Device,NVIDIA A100-SXM4-40GB MIG 4g.20gb (0),1,,13,[CUDA memcpy Host-to-Device]
2845455866,16415,36967,69,4,1,48,1,1,76,0.002,0.000,,,,,NVIDIA A100-SXM4-40GB MIG 4g.20gb (0),1,,13,"void ch_est::windowedChEstPreNoDftSOfdmKernel<float, __half, float, (unsigned int)2, (unsigned int)1, (unsigned short)4>(ch_est::puschRxChEstStatDescr_t *, ch_est::puschRxChEstDynDescr_t *)"
2845474489,12320,36968,137,2,1,24,2,1,44,0.001,0.001,,,,,NVIDIA A100-SXM4-40GB MIG 4g.20gb (0),1,,13,"void ch_est::chEstFilterNoDftSOfdmDispatchKernel<float, __half, float, (unsigned int)2>(ch_est::puschRxChEstStatDescr_t *, ch_est::puschRxChEstDynDescr_t *)"
2845488249,8832,36969,137,2,1,24,2,1,44,0.001,0.001,,,,,NVIDIA A100-SXM4-40GB MIG 4g.20gb (0),1,,13,"void ch_est::chEstFilterNoDftSOfdmDispatchKernel<float, __half, float, (unsigned int)2>(ch_est::puschRxChEstStatDescr_t *, ch_est::puschRxChEstDynDescr_t *)"
2845498905,3680,36980,103,1,1,128,1,1,16,0.000,0.000,,,,,NVIDIA A100-SXM4-40GB MIG 4g.20gb (0),1,,13,cupy_copy__complex64_complex64
2845504729,16544,36990,1434,1,1,128,1,1,16,0.000,0.000,,,,,NVIDIA A100-SXM4-40GB MIG 4g.20gb (0),1,,13,cupy_copy__complex64_complex64
2845522809,3456,36997,103,1,1,128,1,1,16,0.000,0.000,,,,,NVIDIA A100-SXM4-40GB MIG 4g.20gb (0),1,,13,cupy_copy__complex64_complex64
2845527961,88511,37004,1,1,1,32,32,1,30,0.000,0.000,,,,,NVIDIA A100-SXM4-40GB MIG 4g.20gb (0),1,,13,"void convert_kernel<__half2, float2>(tensor_layout_any, T1 *, tensor_layout_any, const T2 *)"
2845646679,5376,37007,,,,,,,,,,0.094,17428.487,Pinned,Device,NVIDIA A100-SXM4-40GB MIG 4g.20gb (0),1,,13,[CUDA memcpy Host-to-Device]
2845748630,72479,37008,,,,,,,,,,35.810,494069.466,Device,,NVIDIA A100-SXM4-40GB MIG 4g.20gb (0),1,,13,[CUDA memset]
2845824597,1856,37010,,,,,,,,,,0.000,43.103,Pinned,Device,NVIDIA A100-SXM4-40GB MIG 4g.20gb (0),1,,13,[CUDA memcpy Host-to-Device]
2845828885,9376,37011,,,,,,,,,,0.197,20969.226,Pinned,Device,NVIDIA A100-SXM4-40GB MIG 4g.20gb (0),1,,13,[CUDA memcpy Host-to-Device]
2845842037,12992,37012,273,1,1,48,1,1,40,0.000,0.001,,,,,NVIDIA A100-SXM4-40GB MIG 4g.20gb (0),1,,13,"void pusch_noise_intf_est::noiseIntfEstNoDftSOfdmKernel<float, __half, float, float, (unsigned int)2, (unsigned int)1, (unsigned char)4, (unsigned char)4>(pusch_noise_intf_est::puschRxNoiseIntfEstDynDescr)"
2845859285,2944,37023,35,1,1,128,1,1,16,0.000,0.000,,,,,NVIDIA A100-SXM4-40GB MIG 4g.20gb (0),1,,13,cupy_copy__complex64_complex64
2845863701,2976,37032,1,1,1,1,1,1,18,0.000,0.000,,,,,NVIDIA A100-SXM4-40GB MIG 4g.20gb (0),1,,13,cupy_copy__float32_float32
2845868469,1600,37038,,,,,,,,,,0.000,2.500,Device,Pageable,NVIDIA A100-SXM4-40GB MIG 4g.20gb (0),1,,7,[CUDA memcpy Device-to-Host]
2846114098,20512,37049,1434,1,1,128,1,1,16,0.000,0.000,,,,,NVIDIA A100-SXM4-40GB MIG 4g.20gb (0),1,,13,cupy_copy__complex64_complex64
2846136722,5120,37056,103,1,1,128,1,1,16,0.000,0.000,,,,,NVIDIA A100-SXM4-40GB MIG 4g.20gb (0),1,,13,cupy_copy__complex64_complex64
2846143442,3168,37063,35,1,1,128,1,1,16,0.000,0.000,,,,,NVIDIA A100-SXM4-40GB MIG 4g.20gb (0),1,,13,cupy_copy__complex64_complex64
2846148018,2080,37070,1,1,1,1,1,1,18,0.000,0.000,,,,,NVIDIA A100-SXM4-40GB MIG 4g.20gb (0),1,,13,cupy_copy__float32_float32
2846152018,97534,37081,1,1,1,32,32,1,30,0.000,0.000,,,,,NVIDIA A100-SXM4-40GB MIG 4g.20gb (0),1,,13,"void convert_kernel<__half2, float2>(tensor_layout_any, T1 *, tensor_layout_any, const T2 *)"
2846282608,5376,37084,,,,,,,,,,0.094,17428.487,Pinned,Device,NVIDIA A100-SXM4-40GB MIG 4g.20gb (0),1,,13,[CUDA memcpy Host-to-Device]
2846400079,5824,37085,,,,,,,,,,1.547,265559.981,Device,,NVIDIA A100-SXM4-40GB MIG 4g.20gb (0),1,,13,[CUDA memset]
2846409903,3008,37090,,,,,,,,,,0.031,10404.230,Pinned,Device,NVIDIA A100-SXM4-40GB MIG 4g.20gb (0),1,,13,[CUDA memcpy Host-to-Device]
2846415471,9631,37091,,,,,,,,,,0.197,20414.005,Pinned,Device,NVIDIA A100-SXM4-40GB MIG 4g.20gb (0),1,,13,[CUDA memcpy Host-to-Device]
2846429614,14752,37092,273,1,1,8,4,1,39,0.002,0.000,,,,,NVIDIA A100-SXM4-40GB MIG 4g.20gb (0),1,,13,"void channel_eq::eqMmseCoefCompLowMimoKernel<float, float, float, (unsigned int)4, (unsigned int)1, (unsigned int)4>(const channel_eq::_puschRxChEqStatDescr *, channel_eq::_puschRxChEqCoefCompDynDescr)"
2846446606,20768,37093,273,1,1,12,11,1,51,0.002,0.000,,,,,NVIDIA A100-SXM4-40GB MIG 4g.20gb (0),1,,13,"void channel_eq::eqMmseSoftDemapKernel<float, __half, __half, float, (unsigned int)4, (unsigned short)16383>(channel_eq::_puschRxChEqStatDescr *, channel_eq::_puschRxChEqSoftDemapDynDescr)"
2846468718,359452,37094,1,1,1,32,32,1,30,0.000,0.000,,,,,NVIDIA A100-SXM4-40GB MIG 4g.20gb (0),1,,13,"void convert_kernel<float2, __half2>(tensor_layout_any, T1 *, tensor_layout_any, const T2 *)"
2846954728,17440,37106,2253,1,1,128,1,1,16,0.000,0.000,,,,,NVIDIA A100-SXM4-40GB MIG 4g.20gb (0),1,,13,cupy_copy__float16_float16
2846974408,4608,37115,282,1,1,128,1,1,16,0.000,0.000,,,,,NVIDIA A100-SXM4-40GB MIG 4g.20gb (0),1,,13,cupy_copy__complex64_complex64
2846981288,3136,37124,26,1,1,128,1,1,16,0.000,0.000,,,,,NVIDIA A100-SXM4-40GB MIG 4g.20gb (0),1,,13,cupy_copy__float32_float32
2846986088,5056,37133,103,1,1,128,1,1,16,0.000,0.000,,,,,NVIDIA A100-SXM4-40GB MIG 4g.20gb (0),1,,13,cupy_copy__complex64_complex64
2846993032,17184,37143,1434,1,1,128,1,1,16,0.000,0.000,,,,,NVIDIA A100-SXM4-40GB MIG 4g.20gb (0),1,,13,cupy_copy__complex64_complex64
2847012200,100895,37148,1,1,1,32,32,1,30,0.000,0.000,,,,,NVIDIA A100-SXM4-40GB MIG 4g.20gb (0),1,,13,"void convert_kernel<__half2, float2>(tensor_layout_any, T1 *, tensor_layout_any, const T2 *)"
2847143878,5376,37151,,,,,,,,,,0.094,17428.487,Pinned,Device,NVIDIA A100-SXM4-40GB MIG 4g.20gb (0),1,,13,[CUDA memcpy Host-to-Device]
2847258149,733783,37152,,,,,,,,,,456.561,621836.681,Device,,NVIDIA A100-SXM4-40GB MIG 4g.20gb (0),1,,13,[CUDA memset]
2847994844,50688,37157,,,,,,,,,,1.235,24362.975,Pinned,Device,NVIDIA A100-SXM4-40GB MIG 4g.20gb (0),1,,13,[CUDA memcpy Host-to-Device]
2848047964,9344,37158,,,,,,,,,,0.197,21040.988,Pinned,Device,NVIDIA A100-SXM4-40GB MIG 4g.20gb (0),1,,13,[CUDA memcpy Host-to-Device]
2848224698,14656,37159,69,4,1,48,1,1,76,0.002,0.000,,,,,NVIDIA A100-SXM4-40GB MIG 4g.20gb (0),1,,13,"void ch_est::windowedChEstPreNoDftSOfdmKernel<float, __half, float, (unsigned int)2, (unsigned int)1, (unsigned short)4>(ch_est::puschRxChEstStatDescr_t *, ch_est::puschRxChEstDynDescr_t *)"
2848241306,9407,37160,137,2,1,24,2,1,44,0.001,0.001,,,,,NVIDIA A100-SXM4-40GB MIG 4g.20gb (0),1,,13,"void ch_est::chEstFilterNoDftSOfdmDispatchKernel<float, __half, float, (unsigned int)2>(ch_est::puschRxChEstStatDescr_t *, ch_est::puschRxChEstDynDescr_t *)"
2848261433,10688,37161,137,2,1,24,2,1,44,0.001,0.001,,,,,NVIDIA A100-SXM4-40GB MIG 4g.20gb (0),1,,13,"void ch_est::chEstFilterNoDftSOfdmDispatchKernel<float, __half, float, (unsigned int)2>(ch_est::puschRxChEstStatDescr_t *, ch_est::puschRxChEstDynDescr_t *)"
2848273593,4448,37172,103,1,1,128,1,1,16,0.000,0.000,,,,,NVIDIA A100-SXM4-40GB MIG 4g.20gb (0),1,,13,cupy_copy__complex64_complex64
2848279897,16320,37182,1434,1,1,128,1,1,16,0.000,0.000,,,,,NVIDIA A100-SXM4-40GB MIG 4g.20gb (0),1,,13,cupy_copy__complex64_complex64
2848298073,4224,37189,103,1,1,128,1,1,16,0.000,0.000,,,,,NVIDIA A100-SXM4-40GB MIG 4g.20gb (0),1,,13,cupy_copy__complex64_complex64
2848304281,104095,37196,1,1,1,32,32,1,30,0.000,0.000,,,,,NVIDIA A100-SXM4-40GB MIG 4g.20gb (0),1,,13,"void convert_kernel<__half2, float2>(tensor_layout_any, T1 *, tensor_layout_any, const T2 *)"
2848438583,5344,37199,,,,,,,,,,0.094,17532.864,Pinned,Device,NVIDIA A100-SXM4-40GB MIG 4g.20gb (0),1,,13,[CUDA memcpy Host-to-Device]
2848520694,70912,37200,,,,,,,,,,35.810,504955.682,Device,,NVIDIA A100-SXM4-40GB MIG 4g.20gb (0),1,,13,[CUDA memset]
2848593653,1888,37202,,,,,,,,,,0.000,42.373,Pinned,Device,NVIDIA A100-SXM4-40GB MIG 4g.20gb (0),1,,13,[CUDA memcpy Host-to-Device]
2848597973,9408,37203,,,,,,,,,,0.197,20897.858,Pinned,Device,NVIDIA A100-SXM4-40GB MIG 4g.20gb (0),1,,13,[CUDA memcpy Host-to-Device]
2848611349,12224,37204,273,1,1,48,1,1,40,0.000,0.001,,,,,NVIDIA A100-SXM4-40GB MIG 4g.20gb (0),1,,13,"void pusch_noise_intf_est::noiseIntfEstNoDftSOfdmKernel<float, __half, float, float, (unsigned int)2, (unsigned int)1, (unsigned char)4, (unsigned char)4>(pusch_noise_intf_est::puschRxNoiseIntfEstDynDescr)"
2848625493,4128,37215,35,1,1,128,1,1,16,0.000,0.000,,,,,NVIDIA A100-SXM4-40GB MIG 4g.20gb (0),1,,13,cupy_copy__complex64_complex64
2848631189,1920,37224,1,1,1,1,1,1,18,0.000,0.000,,,,,NVIDIA A100-SXM4-40GB MIG 4g.20gb (0),1,,13,cupy_copy__float32_float32
2848634421,1600,37230,,,,,,,,,,0.000,2.500,Device,Pageable,NVIDIA A100-SXM4-40GB MIG 4g.20gb (0),1,,7,[CUDA memcpy Device-to-Host]
2848878354,19872,37241,1434,1,1,128,1,1,16,0.000,0.000,,,,,NVIDIA A100-SXM4-40GB MIG 4g.20gb (0),1,,13,cupy_copy__complex64_complex64
2848900082,4096,37248,103,1,1,128,1,1,16,0.000,0.000,,,,,NVIDIA A100-SXM4-40GB MIG 4g.20gb (0),1,,13,cupy_copy__complex64_complex64
2848905874,3072,37255,35,1,1,128,1,1,16,0.000,0.000,,,,,NVIDIA A100-SXM4-40GB MIG 4g.20gb (0),1,,13,cupy_copy__complex64_complex64
2848911122,2080,37262,1,1,1,1,1,1,18,0.000,0.000,,,,,NVIDIA A100-SXM4-40GB MIG 4g.20gb (0),1,,13,cupy_copy__float32_float32
2848915122,94623,37273,1,1,1,32,32,1,30,0.000,0.000,,,,,NVIDIA A100-SXM4-40GB MIG 4g.20gb (0),1,,13,"void convert_kernel<__half2, float2>(tensor_layout_any, T1 *, tensor_layout_any, const T2 *)"
2849039280,5376,37276,,,,,,,,,,0.094,17428.487,Pinned,Device,NVIDIA A100-SXM4-40GB MIG 4g.20gb (0),1,,13,[CUDA memcpy Host-to-Device]
2849183599,5152,37277,,,,,,,,,,1.547,300198.172,Device,,NVIDIA A100-SXM4-40GB MIG 4g.20gb (0),1,,13,[CUDA memset]
2849195247,3136,37282,,,,,,,,,,0.031,9979.575,Pinned,Device,NVIDIA A100-SXM4-40GB MIG 4g.20gb (0),1,,13,[CUDA memcpy Host-to-Device]
2849200815,9567,37283,,,,,,,,,,0.197,20550.451,Pinned,Device,NVIDIA A100-SXM4-40GB MIG 4g.20gb (0),1,,13,[CUDA memcpy Host-to-Device]
2849215118,11776,37284,273,1,1,8,4,1,39,0.002,0.000,,,,,NVIDIA A100-SXM4-40GB MIG 4g.20gb (0),1,,13,"void channel_eq::eqMmseCoefCompLowMimoKernel<float, float, float, (unsigned int)4, (unsigned int)1, (unsigned int)4>(const channel_eq::_puschRxChEqStatDescr *, channel_eq::_puschRxChEqCoefCompDynDescr)"
2849228430,18080,37285,273,1,1,12,11,1,51,0.002,0.000,,,,,NVIDIA A100-SXM4-40GB MIG 4g.20gb (0),1,,13,"void channel_eq::eqMmseSoftDemapKernel<float, __half, __half, float, (unsigned int)4, (unsigned short)16383>(channel_eq::_puschRxChEqStatDescr *, channel_eq::_puschRxChEqSoftDemapDynDescr)"
2849248142,351324,37286,1,1,1,32,32,1,30,0.000,0.000,,,,,NVIDIA A100-SXM4-40GB MIG 4g.20gb (0),1,,13,"void convert_kernel<float2, __half2>(tensor_layout_any, T1 *, tensor_layout_any, const T2 *)"
2849729448,17408,37298,2253,1,1,128,1,1,16,0.000,0.000,,,,,NVIDIA A100-SXM4-40GB MIG 4g.20gb (0),1,,13,cupy_copy__float16_float16
2849748968,4768,37307,282,1,1,128,1,1,16,0.000,0.000,,,,,NVIDIA A100-SXM4-40GB MIG 4g.20gb (0),1,,13,cupy_copy__complex64_complex64
2849755816,2880,37316,26,1,1,128,1,1,16,0.000,0.000,,,,,NVIDIA A100-SXM4-40GB MIG 4g.20gb (0),1,,13,cupy_copy__float32_float32
2849760040,5120,37325,103,1,1,128,1,1,16,0.000,0.000,,,,,NVIDIA A100-SXM4-40GB MIG 4g.20gb (0),1,,13,cupy_copy__complex64_complex64
2849766408,16736,37335,1434,1,1,128,1,1,16,0.000,0.000,,,,,NVIDIA A100-SXM4-40GB MIG 4g.20gb (0),1,,13,cupy_copy__complex64_complex64
2849784808,102367,37340,1,1,1,32,32,1,30,0.000,0.000,,,,,NVIDIA A100-SXM4-40GB MIG 4g.20gb (0),1,,13,"void convert_kernel<__half2, float2>(tensor_layout_any, T1 *, tensor_layout_any, const T2 *)"
2849916070,5376,37343,,,,,,,,,,0.094,17428.487,Pinned,Device,NVIDIA A100-SXM4-40GB MIG 4g.20gb (0),1,,13,[CUDA memcpy Host-to-Device]
2850024837,741816,37344,,,,,,,,,,456.561,615444.821,Device,,NVIDIA A100-SXM4-40GB MIG 4g.20gb (0),1,,13,[CUDA memset]
2850775836,51776,37349,,,,,,,,,,1.235,23850.473,Pinned,Device,NVIDIA A100-SXM4-40GB MIG 4g.20gb (0),1,,13,[CUDA memcpy Host-to-Device]
2850832252,9312,37350,,,,,,,,,,0.197,21113.340,Pinned,Device,NVIDIA A100-SXM4-40GB MIG 4g.20gb (0),1,,13,[CUDA memcpy Host-to-Device]
2850998266,13728,37351,69,4,1,48,1,1,76,0.002,0.000,,,,,NVIDIA A100-SXM4-40GB MIG 4g.20gb (0),1,,13,"void ch_est::windowedChEstPreNoDftSOfdmKernel<float, __half, float, (unsigned int)2, (unsigned int)1, (unsigned short)4>(ch_est::puschRxChEstStatDescr_t *, ch_est::puschRxChEstDynDescr_t *)"
2851013850,10048,37352,137,2,1,24,2,1,44,0.001,0.001,,,,,NVIDIA A100-SXM4-40GB MIG 4g.20gb (0),1,,13,"void ch_est::chEstFilterNoDftSOfdmDispatchKernel<float, __half, float, (unsigned int)2>(ch_est::puschRxChEstStatDescr_t *, ch_est::puschRxChEstDynDescr_t *)"
2851025434,14719,37353,137,2,1,24,2,1,44,0.001,0.001,,,,,NVIDIA A100-SXM4-40GB MIG 4g.20gb (0),1,,13,"void ch_est::chEstFilterNoDftSOfdmDispatchKernel<float, __half, float, (unsigned int)2>(ch_est::puschRxChEstStatDescr_t *, ch_est::puschRxChEstDynDescr_t *)"
2851041049,3264,37364,103,1,1,128,1,1,16,0.000,0.000,,,,,NVIDIA A100-SXM4-40GB MIG 4g.20gb (0),1,,13,cupy_copy__complex64_complex64
2851046073,16448,37374,1434,1,1,128,1,1,16,0.000,0.000,,,,,NVIDIA A100-SXM4-40GB MIG 4g.20gb (0),1,,13,cupy_copy__complex64_complex64
2851064697,3232,37381,103,1,1,128,1,1,16,0.000,0.000,,,,,NVIDIA A100-SXM4-40GB MIG 4g.20gb (0),1,,13,cupy_copy__complex64_complex64
2851069369,100703,37388,1,1,1,32,32,1,30,0.000,0.000,,,,,NVIDIA A100-SXM4-40GB MIG 4g.20gb (0),1,,13,"void convert_kernel<__half2, float2>(tensor_layout_any, T1 *, tensor_layout_any, const T2 *)"
2851200024,5375,37391,,,,,,,,,,0.094,17431.766,Pinned,Device,NVIDIA A100-SXM4-40GB MIG 4g.20gb (0),1,,13,[CUDA memcpy Host-to-Device]
2851294518,73376,37392,,,,,,,,,,35.810,488017.590,Device,,NVIDIA A100-SXM4-40GB MIG 4g.20gb (0),1,,13,[CUDA memset]
2851373878,1856,37394,,,,,,,,,,0.000,43.103,Pinned,Device,NVIDIA A100-SXM4-40GB MIG 4g.20gb (0),1,,13,[CUDA memcpy Host-to-Device]
2851378229,9600,37395,,,,,,,,,,0.197,20479.869,Pinned,Device,NVIDIA A100-SXM4-40GB MIG 4g.20gb (0),1,,13,[CUDA memcpy Host-to-Device]
2851392341,15552,37396,273,1,1,48,1,1,40,0.000,0.001,,,,,NVIDIA A100-SXM4-40GB MIG 4g.20gb (0),1,,13,"void pusch_noise_intf_est::noiseIntfEstNoDftSOfdmKernel<float, __half, float, float, (unsigned int)2, (unsigned int)1, (unsigned char)4, (unsigned char)4>(pusch_noise_intf_est::puschRxNoiseIntfEstDynDescr)"
2851409269,4704,37407,35,1,1,128,1,1,16,0.000,0.000,,,,,NVIDIA A100-SXM4-40GB MIG 4g.20gb (0),1,,13,cupy_copy__complex64_complex64
2851415509,1984,37416,1,1,1,1,1,1,18,0.000,0.000,,,,,NVIDIA A100-SXM4-40GB MIG 4g.20gb (0),1,,13,cupy_copy__float32_float32
2851421429,1568,37422,,,,,,,,,,0.000,2.551,Device,Pageable,NVIDIA A100-SXM4-40GB MIG 4g.20gb (0),1,,7,[CUDA memcpy Device-to-Host]
2851634963,20639,37433,1434,1,1,128,1,1,16,0.000,0.000,,,,,NVIDIA A100-SXM4-40GB MIG 4g.20gb (0),1,,13,cupy_copy__complex64_complex64
2851657266,4000,37440,103,1,1,128,1,1,16,0.000,0.000,,,,,NVIDIA A100-SXM4-40GB MIG 4g.20gb (0),1,,13,cupy_copy__complex64_complex64
2851662482,2944,37447,35,1,1,128,1,1,16,0.000,0.000,,,,,NVIDIA A100-SXM4-40GB MIG 4g.20gb (0),1,,13,cupy_copy__complex64_complex64
2851667634,2080,37454,1,1,1,1,1,1,18,0.000,0.000,,,,,NVIDIA A100-SXM4-40GB MIG 4g.20gb (0),1,,13,cupy_copy__float32_float32
2851718610,110334,37465,1,1,1,32,32,1,30,0.000,0.000,,,,,NVIDIA A100-SXM4-40GB MIG 4g.20gb (0),1,,13,"void convert_kernel<__half2, float2>(tensor_layout_any, T1 *, tensor_layout_any, const T2 *)"
2851867568,5376,37468,,,,,,,,,,0.094,17428.487,Pinned,Device,NVIDIA A100-SXM4-40GB MIG 4g.20gb (0),1,,13,[CUDA memcpy Host-to-Device]
2851943023,5632,37469,,,,,,,,,,1.547,274612.371,Device,,NVIDIA A100-SXM4-40GB MIG 4g.20gb (0),1,,13,[CUDA memset]
2851949423,3328,37474,,,,,,,,,,0.031,9403.822,Pinned,Device,NVIDIA A100-SXM4-40GB MIG 4g.20gb (0),1,,13,[CUDA memcpy Host-to-Device]
2851956495,10496,37475,,,,,,,,,,0.197,18731.631,Pinned,Device,NVIDIA A100-SXM4-40GB MIG 4g.20gb (0),1,,13,[CUDA memcpy Host-to-Device]
2851971695,11392,37476,273,1,1,8,4,1,39,0.002,0.000,,,,,NVIDIA A100-SXM4-40GB MIG 4g.20gb (0),1,,13,"void channel_eq::eqMmseCoefCompLowMimoKernel<float, float, float, (unsigned int)4, (unsigned int)1, (unsigned int)4>(const channel_eq::_puschRxChEqStatDescr *, channel_eq::_puschRxChEqCoefCompDynDescr)"
2851984943,19967,37477,273,1,1,12,11,1,51,0.002,0.000,,,,,NVIDIA A100-SXM4-40GB MIG 4g.20gb (0),1,,13,"void channel_eq::eqMmseSoftDemapKernel<float, __half, __half, float, (unsigned int)4, (unsigned short)16383>(channel_eq::_puschRxChEqStatDescr *, channel_eq::_puschRxChEqSoftDemapDynDescr)"
2852006734,362300,37478,1,1,1,32,32,1,30,0.000,0.000,,,,,NVIDIA A100-SXM4-40GB MIG 4g.20gb (0),1,,13,"void convert_kernel<float2, __half2>(tensor_layout_any, T1 *, tensor_layout_any, const T2 *)"
2852490121,17183,37490,2253,1,1,128,1,1,16,0.000,0.000,,,,,NVIDIA A100-SXM4-40GB MIG 4g.20gb (0),1,,13,cupy_copy__float16_float16
2852510184,4256,37499,282,1,1,128,1,1,16,0.000,0.000,,,,,NVIDIA A100-SXM4-40GB MIG 4g.20gb (0),1,,13,cupy_copy__complex64_complex64
2852516136,2784,37508,26,1,1,128,1,1,16,0.000,0.000,,,,,NVIDIA A100-SXM4-40GB MIG 4g.20gb (0),1,,13,cupy_copy__float32_float32
2852521160,4736,37517,103,1,1,128,1,1,16,0.000,0.000,,,,,NVIDIA A100-SXM4-40GB MIG 4g.20gb (0),1,,13,cupy_copy__complex64_complex64
2852528424,16736,37527,1434,1,1,128,1,1,16,0.000,0.000,,,,,NVIDIA A100-SXM4-40GB MIG 4g.20gb (0),1,,13,cupy_copy__complex64_complex64
2852553224,98879,37532,1,1,1,32,32,1,30,0.000,0.000,,,,,NVIDIA A100-SXM4-40GB MIG 4g.20gb (0),1,,13,"void convert_kernel<__half2, float2>(tensor_layout_any, T1 *, tensor_layout_any, const T2 *)"
2852681862,5888,37535,,,,,,,,,,0.094,15912.954,Pinned,Device,NVIDIA A100-SXM4-40GB MIG 4g.20gb (0),1,,13,[CUDA memcpy Host-to-Device]
2852787205,733400,37536,,,,,,,,,,456.561,622293.243,Device,,NVIDIA A100-SXM4-40GB MIG 4g.20gb (0),1,,13,[CUDA memset]
2853525437,51263,37541,,,,,,,,,,1.235,24090.053,Pinned,Device,NVIDIA A100-SXM4-40GB MIG 4g.20gb (0),1,,13,[CUDA memcpy Host-to-Device]
2853579132,9408,37542,,,,,,,,,,0.197,20897.858,Pinned,Device,NVIDIA A100-SXM4-40GB MIG 4g.20gb (0),1,,13,[CUDA memcpy Host-to-Device]
2853751226,14592,37543,69,4,1,48,1,1,76,0.002,0.000,,,,,NVIDIA A100-SXM4-40GB MIG 4g.20gb (0),1,,13,"void ch_est::windowedChEstPreNoDftSOfdmKernel<float, __half, float, (unsigned int)2, (unsigned int)1, (unsigned short)4>(ch_est::puschRxChEstStatDescr_t *, ch_est::puschRxChEstDynDescr_t *)"
2853767738,10304,37544,137,2,1,24,2,1,44,0.001,0.001,,,,,NVIDIA A100-SXM4-40GB MIG 4g.20gb (0),1,,13,"void ch_est::chEstFilterNoDftSOfdmDispatchKernel<float, __half, float, (unsigned int)2>(ch_est::puschRxChEstStatDescr_t *, ch_est::puschRxChEstDynDescr_t *)"
2853780282,10944,37545,137,2,1,24,2,1,44,0.001,0.001,,,,,NVIDIA A100-SXM4-40GB MIG 4g.20gb (0),1,,13,"void ch_est::chEstFilterNoDftSOfdmDispatchKernel<float, __half, float, (unsigned int)2>(ch_est::puschRxChEstStatDescr_t *, ch_est::puschRxChEstDynDescr_t *)"
2853792826,4928,37556,103,1,1,128,1,1,16,0.000,0.000,,,,,NVIDIA A100-SXM4-40GB MIG 4g.20gb (0),1,,13,cupy_copy__complex64_complex64
2853799130,17343,37566,1434,1,1,128,1,1,16,0.000,0.000,,,,,NVIDIA A100-SXM4-40GB MIG 4g.20gb (0),1,,13,cupy_copy__complex64_complex64
2853818169,4064,37573,103,1,1,128,1,1,16,0.000,0.000,,,,,NVIDIA A100-SXM4-40GB MIG 4g.20gb (0),1,,13,cupy_copy__complex64_complex64
2853824409,99199,37580,1,1,1,32,32,1,30,0.000,0.000,,,,,NVIDIA A100-SXM4-40GB MIG 4g.20gb (0),1,,13,"void convert_kernel<__half2, float2>(tensor_layout_any, T1 *, tensor_layout_any, const T2 *)"
2853952856,5408,37583,,,,,,,,,,0.094,17325.421,Pinned,Device,NVIDIA A100-SXM4-40GB MIG 4g.20gb (0),1,,13,[CUDA memcpy Host-to-Device]
2854043543,71519,37584,,,,,,,,,,35.810,500694.301,Device,,NVIDIA A100-SXM4-40GB MIG 4g.20gb (0),1,,13,[CUDA memset]
2854118070,3200,37586,,,,,,,,,,0.000,25.000,Pinned,Device,NVIDIA A100-SXM4-40GB MIG 4g.20gb (0),1,,13,[CUDA memcpy Host-to-Device]
2854124982,10528,37587,,,,,,,,,,0.197,18674.614,Pinned,Device,NVIDIA A100-SXM4-40GB MIG 4g.20gb (0),1,,13,[CUDA memcpy Host-to-Device]
2854140342,17536,37588,273,1,1,48,1,1,40,0.000,0.001,,,,,NVIDIA A100-SXM4-40GB MIG 4g.20gb (0),1,,13,"void pusch_noise_intf_est::noiseIntfEstNoDftSOfdmKernel<float, __half, float, float, (unsigned int)2, (unsigned int)1, (unsigned char)4, (unsigned char)4>(pusch_noise_intf_est::puschRxNoiseIntfEstDynDescr)"
2854159862,5151,37599,35,1,1,128,1,1,16,0.000,0.000,,,,,NVIDIA A100-SXM4-40GB MIG 4g.20gb (0),1,,13,cupy_copy__complex64_complex64
2854166485,2016,37608,1,1,1,1,1,1,18,0.000,0.000,,,,,NVIDIA A100-SXM4-40GB MIG 4g.20gb (0),1,,13,cupy_copy__float32_float32
2854173173,1600,37614,,,,,,,,,,0.000,2.500,Device,Pageable,NVIDIA A100-SXM4-40GB MIG 4g.20gb (0),1,,7,[CUDA memcpy Device-to-Host]
2854396019,20928,37625,1434,1,1,128,1,1,16,0.000,0.000,,,,,NVIDIA A100-SXM4-40GB MIG 4g.20gb (0),1,,13,cupy_copy__complex64_complex64
2854418611,4095,37632,103,1,1,128,1,1,16,0.000,0.000,,,,,NVIDIA A100-SXM4-40GB MIG 4g.20gb (0),1,,13,cupy_copy__complex64_complex64
2854424306,3520,37639,35,1,1,128,1,1,16,0.000,0.000,,,,,NVIDIA A100-SXM4-40GB MIG 4g.20gb (0),1,,13,cupy_copy__complex64_complex64
2854429426,2112,37646,1,1,1,1,1,1,18,0.000,0.000,,,,,NVIDIA A100-SXM4-40GB MIG 4g.20gb (0),1,,13,cupy_copy__float32_float32
2854465778,108159,37657,1,1,1,32,32,1,30,0.000,0.000,,,,,NVIDIA A100-SXM4-40GB MIG 4g.20gb (0),1,,13,"void convert_kernel<__half2, float2>(tensor_layout_any, T1 *, tensor_layout_any, const T2 *)"
2854603920,5408,37660,,,,,,,,,,0.094,17325.421,Pinned,Device,NVIDIA A100-SXM4-40GB MIG 4g.20gb (0),1,,13,[CUDA memcpy Host-to-Device]
2854693295,6336,37661,,,,,,,,,,1.547,244100.573,Device,,NVIDIA A100-SXM4-40GB MIG 4g.20gb (0),1,,13,[CUDA memset]
2854700463,3360,37666,,,,,,,,,,0.031,9314.284,Pinned,Device,NVIDIA A100-SXM4-40GB MIG 4g.20gb (0),1,,13,[CUDA memcpy Host-to-Device]
2854706351,9344,37667,,,,,,,,,,0.197,21040.988,Pinned,Device,NVIDIA A100-SXM4-40GB MIG 4g.20gb (0),1,,13,[CUDA memcpy Host-to-Device]
2854720047,8800,37668,273,1,1,8,4,1,39,0.002,0.000,,,,,NVIDIA A100-SXM4-40GB MIG 4g.20gb (0),1,,13,"void channel_eq::eqMmseCoefCompLowMimoKernel<float, float, float, (unsigned int)4, (unsigned int)1, (unsigned int)4>(const channel_eq::_puschRxChEqStatDescr *, channel_eq::_puschRxChEqCoefCompDynDescr)"
2854730127,19392,37669,273,1,1,12,11,1,51,0.002,0.000,,,,,NVIDIA A100-SXM4-40GB MIG 4g.20gb (0),1,,13,"void channel_eq::eqMmseSoftDemapKernel<float, __half, __half, float, (unsigned int)4, (unsigned short)16383>(channel_eq::_puschRxChEqStatDescr *, channel_eq::_puschRxChEqSoftDemapDynDescr)"
2854750991,359388,37670,1,1,1,32,32,1,30,0.000,0.000,,,,,NVIDIA A100-SXM4-40GB MIG 4g.20gb (0),1,,13,"void convert_kernel<float2, __half2>(tensor_layout_any, T1 *, tensor_layout_any, const T2 *)"
2855244105,16928,37682,2253,1,1,128,1,1,16,0.000,0.000,,,,,NVIDIA A100-SXM4-40GB MIG 4g.20gb (0),1,,13,cupy_copy__float16_float16
2855263241,4864,37691,282,1,1,128,1,1,16,0.000,0.000,,,,,NVIDIA A100-SXM4-40GB MIG 4g.20gb (0),1,,13,cupy_copy__complex64_complex64
2855269449,2784,37700,26,1,1,128,1,1,16,0.000,0.000,,,,,NVIDIA A100-SXM4-40GB MIG 4g.20gb (0),1,,13,cupy_copy__float32_float32
2855273513,4672,37709,103,1,1,128,1,1,16,0.000,0.000,,,,,NVIDIA A100-SXM4-40GB MIG 4g.20gb (0),1,,13,cupy_copy__complex64_complex64
2855279721,16223,37719,1434,1,1,128,1,1,16,0.000,0.000,,,,,NVIDIA A100-SXM4-40GB MIG 4g.20gb (0),1,,13,cupy_copy__complex64_complex64
2855297928,93663,37724,1,1,1,32,32,1,30,0.000,0.000,,,,,NVIDIA A100-SXM4-40GB MIG 4g.20gb (0),1,,13,"void convert_kernel<__half2, float2>(tensor_layout_any, T1 *, tensor_layout_any, const T2 *)"
2855420615,5376,37727,,,,,,,,,,0.094,17428.487,Pinned,Device,NVIDIA A100-SXM4-40GB MIG 4g.20gb (0),1,,13,[CUDA memcpy Host-to-Device]
2855533958,736535,37728,,,,,,,,,,456.561,619553.874,Device,,NVIDIA A100-SXM4-40GB MIG 4g.20gb (0),1,,13,[CUDA memset]
2856279357,49824,37733,,,,,,,,,,1.235,24785.326,Pinned,Device,NVIDIA A100-SXM4-40GB MIG 4g.20gb (0),1,,13,[CUDA memcpy Host-to-Device]
2856331933,9375,37734,,,,,,,,,,0.197,20971.389,Pinned,Device,NVIDIA A100-SXM4-40GB MIG 4g.20gb (0),1,,13,[CUDA memcpy Host-to-Device]
2856498267,13887,37735,69,4,1,48,1,1,76,0.002,0.000,,,,,NVIDIA A100-SXM4-40GB MIG 4g.20gb (0),1,,13,"void ch_est::windowedChEstPreNoDftSOfdmKernel<float, __half, float, (unsigned int)2, (unsigned int)1, (unsigned short)4>(ch_est::puschRxChEstStatDescr_t *, ch_est::puschRxChEstDynDescr_t *)"
2856519450,9728,37736,137,2,1,24,2,1,44,0.001,0.001,,,,,NVIDIA A100-SXM4-40GB MIG 4g.20gb (0),1,,13,"void ch_est::chEstFilterNoDftSOfdmDispatchKernel<float, __half, float, (unsigned int)2>(ch_est::puschRxChEstStatDescr_t *, ch_est::puschRxChEstDynDescr_t *)"
2856530842,6656,37737,137,2,1,24,2,1,44,0.001,0.001,,,,,NVIDIA A100-SXM4-40GB MIG 4g.20gb (0),1,,13,"void ch_est::chEstFilterNoDftSOfdmDispatchKernel<float, __half, float, (unsigned int)2>(ch_est::puschRxChEstStatDescr_t *, ch_est::puschRxChEstDynDescr_t *)"
2856539194,3712,37748,103,1,1,128,1,1,16,0.000,0.000,,,,,NVIDIA A100-SXM4-40GB MIG 4g.20gb (0),1,,13,cupy_copy__complex64_complex64
2856544890,16544,37758,1434,1,1,128,1,1,16,0.000,0.000,,,,,NVIDIA A100-SXM4-40GB MIG 4g.20gb (0),1,,13,cupy_copy__complex64_complex64
2856563354,3776,37765,103,1,1,128,1,1,16,0.000,0.000,,,,,NVIDIA A100-SXM4-40GB MIG 4g.20gb (0),1,,13,cupy_copy__complex64_complex64
2856568474,102719,37772,1,1,1,32,32,1,30,0.000,0.000,,,,,NVIDIA A100-SXM4-40GB MIG 4g.20gb (0),1,,13,"void convert_kernel<__half2, float2>(tensor_layout_any, T1 *, tensor_layout_any, const T2 *)"
2856701496,5344,37775,,,,,,,,,,0.094,17532.864,Pinned,Device,NVIDIA A100-SXM4-40GB MIG 4g.20gb (0),1,,13,[CUDA memcpy Host-to-Device]
2856788471,71519,37776,,,,,,,,,,35.810,500694.301,Device,,NVIDIA A100-SXM4-40GB MIG 4g.20gb (0),1,,13,[CUDA memset]
2856863926,1824,37778,,,,,,,,,,0.000,43.860,Pinned,Device,NVIDIA A100-SXM4-40GB MIG 4g.20gb (0),1,,13,[CUDA memcpy Host-to-Device]
2856868182,10560,37779,,,,,,,,,,0.197,18617.991,Pinned,Device,NVIDIA A100-SXM4-40GB MIG 4g.20gb (0),1,,13,[CUDA memcpy Host-to-Device]
2856883030,17120,37780,273,1,1,48,1,1,40,0.000,0.001,,,,,NVIDIA A100-SXM4-40GB MIG 4g.20gb (0),1,,13,"void pusch_noise_intf_est::noiseIntfEstNoDftSOfdmKernel<float, __half, float, float, (unsigned int)2, (unsigned int)1, (unsigned char)4, (unsigned char)4>(pusch_noise_intf_est::puschRxNoiseIntfEstDynDescr)"
2856902102,3040,37791,35,1,1,128,1,1,16,0.000,0.000,,,,,NVIDIA A100-SXM4-40GB MIG 4g.20gb (0),1,,13,cupy_copy__complex64_complex64
2856909334,1984,37800,1,1,1,1,1,1,18,0.000,0.000,,,,,NVIDIA A100-SXM4-40GB MIG 4g.20gb (0),1,,13,cupy_copy__float32_float32
2856919542,1600,37806,,,,,,,,,,0.000,2.500,Device,Pageable,NVIDIA A100-SXM4-40GB MIG 4g.20gb (0),1,,7,[CUDA memcpy Device-to-Host]
2857128627,20512,37817,1434,1,1,128,1,1,16,0.000,0.000,,,,,NVIDIA A100-SXM4-40GB MIG 4g.20gb (0),1,,13,cupy_copy__complex64_complex64
2857151219,4160,37824,103,1,1,128,1,1,16,0.000,0.000,,,,,NVIDIA A100-SXM4-40GB MIG 4g.20gb (0),1,,13,cupy_copy__complex64_complex64
2857157427,3552,37831,35,1,1,128,1,1,16,0.000,0.000,,,,,NVIDIA A100-SXM4-40GB MIG 4g.20gb (0),1,,13,cupy_copy__complex64_complex64
2857162579,2208,37838,1,1,1,1,1,1,18,0.000,0.000,,,,,NVIDIA A100-SXM4-40GB MIG 4g.20gb (0),1,,13,cupy_copy__float32_float32
2857210546,99231,37849,1,1,1,32,32,1,30,0.000,0.000,,,,,NVIDIA A100-SXM4-40GB MIG 4g.20gb (0),1,,13,"void convert_kernel<__half2, float2>(tensor_layout_any, T1 *, tensor_layout_any, const T2 *)"
2857339345,5440,37852,,,,,,,,,,0.094,17223.480,Pinned,Device,NVIDIA A100-SXM4-40GB MIG 4g.20gb (0),1,,13,[CUDA memcpy Host-to-Device]
2857424240,5760,37853,,,,,,,,,,1.547,268510.939,Device,,NVIDIA A100-SXM4-40GB MIG 4g.20gb (0),1,,13,[CUDA memset]
2857436176,3040,37858,,,,,,,,,,0.031,10294.725,Pinned,Device,NVIDIA A100-SXM4-40GB MIG 4g.20gb (0),1,,13,[CUDA memcpy Host-to-Device]
2857441712,10400,37859,,,,,,,,,,0.197,18904.449,Pinned,Device,NVIDIA A100-SXM4-40GB MIG 4g.20gb (0),1,,13,[CUDA memcpy Host-to-Device]
2857456080,11071,37860,273,1,1,8,4,1,39,0.002,0.000,,,,,NVIDIA A100-SXM4-40GB MIG 4g.20gb (0),1,,13,"void channel_eq::eqMmseCoefCompLowMimoKernel<float, float, float, (unsigned int)4, (unsigned int)1, (unsigned int)4>(const channel_eq::_puschRxChEqStatDescr *, channel_eq::_puschRxChEqCoefCompDynDescr)"
2857469359,13152,37861,273,1,1,12,11,1,51,0.002,0.000,,,,,NVIDIA A100-SXM4-40GB MIG 4g.20gb (0),1,,13,"void channel_eq::eqMmseSoftDemapKernel<float, __half, __half, float, (unsigned int)4, (unsigned short)16383>(channel_eq::_puschRxChEqStatDescr *, channel_eq::_puschRxChEqSoftDemapDynDescr)"
2857484047,346876,37862,1,1,1,32,32,1,30,0.000,0.000,,,,,NVIDIA A100-SXM4-40GB MIG 4g.20gb (0),1,,13,"void convert_kernel<float2, __half2>(tensor_layout_any, T1 *, tensor_layout_any, const T2 *)"
2858129544,17408,37874,2253,1,1,128,1,1,16,0.000,0.000,,,,,NVIDIA A100-SXM4-40GB MIG 4g.20gb (0),1,,13,cupy_copy__float16_float16
2858148360,4608,37883,282,1,1,128,1,1,16,0.000,0.000,,,,,NVIDIA A100-SXM4-40GB MIG 4g.20gb (0),1,,13,cupy_copy__complex64_complex64
2858154536,2528,37892,26,1,1,128,1,1,16,0.000,0.000,,,,,NVIDIA A100-SXM4-40GB MIG 4g.20gb (0),1,,13,cupy_copy__float32_float32
2858158600,4735,37901,103,1,1,128,1,1,16,0.000,0.000,,,,,NVIDIA A100-SXM4-40GB MIG 4g.20gb (0),1,,13,cupy_copy__complex64_complex64
2858164807,16192,37911,1434,1,1,128,1,1,16,0.000,0.000,,,,,NVIDIA A100-SXM4-40GB MIG 4g.20gb (0),1,,13,cupy_copy__complex64_complex64
2858182471,97823,37916,1,1,1,32,32,1,30,0.000,0.000,,,,,NVIDIA A100-SXM4-40GB MIG 4g.20gb (0),1,,13,"void convert_kernel<__half2, float2>(tensor_layout_any, T1 *, tensor_layout_any, const T2 *)"
2858309574,5440,37919,,,,,,,,,,0.094,17223.480,Pinned,Device,NVIDIA A100-SXM4-40GB MIG 4g.20gb (0),1,,13,[CUDA memcpy Host-to-Device]
2858416677,732759,37920,,,,,,,,,,456.561,622749.804,Device,,NVIDIA A100-SXM4-40GB MIG 4g.20gb (0),1,,13,[CUDA memset]
2859159132,52159,37925,,,,,,,,,,1.235,23676.346,Pinned,Device,NVIDIA A100-SXM4-40GB MIG 4g.20gb (0),1,,13,[CUDA memcpy Host-to-Device]
2859213755,9536,37926,,,,,,,,,,0.197,20617.298,Pinned,Device,NVIDIA A100-SXM4-40GB MIG 4g.20gb (0),1,,13,[CUDA memcpy Host-to-Device]
2859392953,14432,37927,69,4,1,48,1,1,76,0.002,0.000,,,,,NVIDIA A100-SXM4-40GB MIG 4g.20gb (0),1,,13,"void ch_est::windowedChEstPreNoDftSOfdmKernel<float, __half, float, (unsigned int)2, (unsigned int)1, (unsigned short)4>(ch_est::puschRxChEstStatDescr_t *, ch_est::puschRxChEstDynDescr_t *)"
2859409369,8416,37928,137,2,1,24,2,1,44,0.001,0.001,,,,,NVIDIA A100-SXM4-40GB MIG 4g.20gb (0),1,,13,"void ch_est::chEstFilterNoDftSOfdmDispatchKernel<float, __half, float, (unsigned int)2>(ch_est::puschRxChEstStatDescr_t *, ch_est::puschRxChEstDynDescr_t *)"
2859419993,13152,37929,137,2,1,24,2,1,44,0.001,0.001,,,,,NVIDIA A100-SXM4-40GB MIG 4g.20gb (0),1,,13,"void ch_est::chEstFilterNoDftSOfdmDispatchKernel<float, __half, float, (unsigned int)2>(ch_est::puschRxChEstStatDescr_t *, ch_est::puschRxChEstDynDescr_t *)"
2859434841,3424,37940,103,1,1,128,1,1,16,0.000,0.000,,,,,NVIDIA A100-SXM4-40GB MIG 4g.20gb (0),1,,13,cupy_copy__complex64_complex64
2859439961,16576,37950,1434,1,1,128,1,1,16,0.000,0.000,,,,,NVIDIA A100-SXM4-40GB MIG 4g.20gb (0),1,,13,cupy_copy__complex64_complex64
2859457817,4640,37957,103,1,1,128,1,1,16,0.000,0.000,,,,,NVIDIA A100-SXM4-40GB MIG 4g.20gb (0),1,,13,cupy_copy__complex64_complex64
2859464025,100574,37964,1,1,1,32,32,1,30,0.000,0.000,,,,,NVIDIA A100-SXM4-40GB MIG 4g.20gb (0),1,,13,"void convert_kernel<__half2, float2>(tensor_layout_any, T1 *, tensor_layout_any, const T2 *)"
2859594519,5376,37967,,,,,,,,,,0.094,17428.487,Pinned,Device,NVIDIA A100-SXM4-40GB MIG 4g.20gb (0),1,,13,[CUDA memcpy Host-to-Device]
2859686550,69791,37968,,,,,,,,,,35.810,513084.534,Device,,NVIDIA A100-SXM4-40GB MIG 4g.20gb (0),1,,13,[CUDA memset]
2859757237,1856,37970,,,,,,,,,,0.000,43.103,Pinned,Device,NVIDIA A100-SXM4-40GB MIG 4g.20gb (0),1,,13,[CUDA memcpy Host-to-Device]
2859761525,9504,37971,,,,,,,,,,0.197,20686.701,Pinned,Device,NVIDIA A100-SXM4-40GB MIG 4g.20gb (0),1,,13,[CUDA memcpy Host-to-Device]
2859774933,17728,37972,273,1,1,48,1,1,40,0.000,0.001,,,,,NVIDIA A100-SXM4-40GB MIG 4g.20gb (0),1,,13,"void pusch_noise_intf_est::noiseIntfEstNoDftSOfdmKernel<float, __half, float, float, (unsigned int)2, (unsigned int)1, (unsigned char)4, (unsigned char)4>(pusch_noise_intf_est::puschRxNoiseIntfEstDynDescr)"
2859794293,4192,37983,35,1,1,128,1,1,16,0.000,0.000,,,,,NVIDIA A100-SXM4-40GB MIG 4g.20gb (0),1,,13,cupy_copy__complex64_complex64
2859799829,2048,37992,1,1,1,1,1,1,18,0.000,0.000,,,,,NVIDIA A100-SXM4-40GB MIG 4g.20gb (0),1,,13,cupy_copy__float32_float32
2859809205,1600,37998,,,,,,,,,,0.000,2.500,Device,Pageable,NVIDIA A100-SXM4-40GB MIG 4g.20gb (0),1,,7,[CUDA memcpy Device-to-Host]
2860105169,22592,38009,1434,1,1,128,1,1,16,0.000,0.000,,,,,NVIDIA A100-SXM4-40GB MIG 4g.20gb (0),1,,13,cupy_copy__complex64_complex64
2860319535,10336,38016,103,1,1,128,1,1,16,0.000,0.000,,,,,NVIDIA A100-SXM4-40GB MIG 4g.20gb (0),1,,13,cupy_copy__complex64_complex64
2860537004,5472,38023,35,1,1,128,1,1,16,0.000,0.000,,,,,NVIDIA A100-SXM4-40GB MIG 4g.20gb (0),1,,13,cupy_copy__complex64_complex64
2860722858,3680,38030,1,1,1,1,1,1,18,0.000,0.000,,,,,NVIDIA A100-SXM4-40GB MIG 4g.20gb (0),1,,13,cupy_copy__float32_float32
2860945576,211805,38041,1,1,1,32,32,1,30,0.000,0.000,,,,,NVIDIA A100-SXM4-40GB MIG 4g.20gb (0),1,,13,"void convert_kernel<__half2, float2>(tensor_layout_any, T1 *, tensor_layout_any, const T2 *)"
2861194597,5376,38044,,,,,,,,,,0.094,17428.487,Pinned,Device,NVIDIA A100-SXM4-40GB MIG 4g.20gb (0),1,,13,[CUDA memcpy Host-to-Device]
2861568736,16736,38045,,,,,,,,,,1.547,92412.331,Device,,NVIDIA A100-SXM4-40GB MIG 4g.20gb (0),1,,13,[CUDA memset]
2861589184,3264,38050,,,,,,,,,,0.031,9588.218,Pinned,Device,NVIDIA A100-SXM4-40GB MIG 4g.20gb (0),1,,13,[CUDA memcpy Host-to-Device]
2861595712,9344,38051,,,,,,,,,,0.197,21040.988,Pinned,Device,NVIDIA A100-SXM4-40GB MIG 4g.20gb (0),1,,13,[CUDA memcpy Host-to-Device]
2861989564,23743,38052,273,1,1,8,4,1,39,0.002,0.000,,,,,NVIDIA A100-SXM4-40GB MIG 4g.20gb (0),1,,13,"void channel_eq::eqMmseCoefCompLowMimoKernel<float, float, float, (unsigned int)4, (unsigned int)1, (unsigned int)4>(const channel_eq::_puschRxChEqStatDescr *, channel_eq::_puschRxChEqCoefCompDynDescr)"
2862201593,18752,38053,273,1,1,12,11,1,51,0.002,0.000,,,,,NVIDIA A100-SXM4-40GB MIG 4g.20gb (0),1,,13,"void channel_eq::eqMmseSoftDemapKernel<float, __half, __half, float, (unsigned int)4, (unsigned short)16383>(channel_eq::_puschRxChEqStatDescr *, channel_eq::_puschRxChEqSoftDemapDynDescr)"
2862403127,631768,38054,1,1,1,32,32,1,30,0.000,0.000,,,,,NVIDIA A100-SXM4-40GB MIG 4g.20gb (0),1,,13,"void convert_kernel<float2, __half2>(tensor_layout_any, T1 *, tensor_layout_any, const T2 *)"
2863203310,22495,38066,2253,1,1,128,1,1,16,0.000,0.000,,,,,NVIDIA A100-SXM4-40GB MIG 4g.20gb (0),1,,13,cupy_copy__float16_float16
2863435499,6720,38075,282,1,1,128,1,1,16,0.000,0.000,,,,,NVIDIA A100-SXM4-40GB MIG 4g.20gb (0),1,,13,cupy_copy__complex64_complex64
2863624297,6752,38084,26,1,1,128,1,1,16,0.000,0.000,,,,,NVIDIA A100-SXM4-40GB MIG 4g.20gb (0),1,,13,cupy_copy__float32_float32
2863838566,9312,38093,103,1,1,128,1,1,16,0.000,0.000,,,,,NVIDIA A100-SXM4-40GB MIG 4g.20gb (0),1,,13,cupy_copy__complex64_complex64
2864020932,22880,38103,1434,1,1,128,1,1,16,0.000,0.000,,,,,NVIDIA A100-SXM4-40GB MIG 4g.20gb (0),1,,13,cupy_copy__complex64_complex64
2864260609,253053,38108,1,1,1,32,32,1,30,0.000,0.000,,,,,NVIDIA A100-SXM4-40GB MIG 4g.20gb (0),1,,13,"void convert_kernel<__half2, float2>(tensor_layout_any, T1 *, tensor_layout_any, const T2 *)"
2864544574,5472,38111,,,,,,,,,,0.094,17122.757,Pinned,Device,NVIDIA A100-SXM4-40GB MIG 4g.20gb (0),1,,13,[CUDA memcpy Host-to-Device]
2864853211,621848,38112,,,,,,,,,,456.561,734150.796,Device,,NVIDIA A100-SXM4-40GB MIG 4g.20gb (0),1,,13,[CUDA memset]
2865477299,52064,38117,,,,,,,,,,1.235,23719.569,Pinned,Device,NVIDIA A100-SXM4-40GB MIG 4g.20gb (0),1,,13,[CUDA memcpy Host-to-Device]
2865531859,9344,38118,,,,,,,,,,0.197,21040.988,Pinned,Device,NVIDIA A100-SXM4-40GB MIG 4g.20gb (0),1,,13,[CUDA memcpy Host-to-Device]
2865903919,26719,38119,69,4,1,48,1,1,76,0.002,0.000,,,,,NVIDIA A100-SXM4-40GB MIG 4g.20gb (0),1,,13,"void ch_est::windowedChEstPreNoDftSOfdmKernel<float, __half, float, (unsigned int)2, (unsigned int)1, (unsigned short)4>(ch_est::puschRxChEstStatDescr_t *, ch_est::puschRxChEstDynDescr_t *)"
2866131596,13216,38120,137,2,1,24,2,1,44,0.001,0.001,,,,,NVIDIA A100-SXM4-40GB MIG 4g.20gb (0),1,,13,"void ch_est::chEstFilterNoDftSOfdmDispatchKernel<float, __half, float, (unsigned int)2>(ch_est::puschRxChEstStatDescr_t *, ch_est::puschRxChEstDynDescr_t *)"
2866319498,26847,38121,137,2,1,24,2,1,44,0.001,0.001,,,,,NVIDIA A100-SXM4-40GB MIG 4g.20gb (0),1,,13,"void ch_est::chEstFilterNoDftSOfdmDispatchKernel<float, __half, float, (unsigned int)2>(ch_est::puschRxChEstStatDescr_t *, ch_est::puschRxChEstDynDescr_t *)"
2866528455,6496,38132,103,1,1,128,1,1,16,0.000,0.000,,,,,NVIDIA A100-SXM4-40GB MIG 4g.20gb (0),1,,13,cupy_copy__complex64_complex64
2866729925,23520,38142,1434,1,1,128,1,1,16,0.000,0.000,,,,,NVIDIA A100-SXM4-40GB MIG 4g.20gb (0),1,,13,cupy_copy__complex64_complex64
2866989218,6880,38149,103,1,1,128,1,1,16,0.000,0.000,,,,,NVIDIA A100-SXM4-40GB MIG 4g.20gb (0),1,,13,cupy_copy__complex64_complex64
2867175168,197918,38156,1,1,1,32,32,1,30,0.000,0.000,,,,,NVIDIA A100-SXM4-40GB MIG 4g.20gb (0),1,,13,"void convert_kernel<__half2, float2>(tensor_layout_any, T1 *, tensor_layout_any, const T2 *)"
2867406365,6528,38159,,,,,,,,,,0.094,14352.915,Pinned,Device,NVIDIA A100-SXM4-40GB MIG 4g.20gb (0),1,,13,[CUDA memcpy Host-to-Device]
2867590843,59551,38160,,,,,,,,,,35.810,601320.177,Device,,NVIDIA A100-SXM4-40GB MIG 4g.20gb (0),1,,13,[CUDA memset]
2867653242,1824,38162,,,,,,,,,,0.000,43.860,Pinned,Device,NVIDIA A100-SXM4-40GB MIG 4g.20gb (0),1,,13,[CUDA memcpy Host-to-Device]
2867657594,9408,38163,,,,,,,,,,0.197,20897.858,Pinned,Device,NVIDIA A100-SXM4-40GB MIG 4g.20gb (0),1,,13,[CUDA memcpy Host-to-Device]
2868066742,27359,38164,273,1,1,48,1,1,40,0.000,0.001,,,,,NVIDIA A100-SXM4-40GB MIG 4g.20gb (0),1,,13,"void pusch_noise_intf_est::noiseIntfEstNoDftSOfdmKernel<float, __half, float, float, (unsigned int)2, (unsigned int)1, (unsigned char)4, (unsigned char)4>(pusch_noise_intf_est::puschRxNoiseIntfEstDynDescr)"
2868287411,5728,38175,35,1,1,128,1,1,16,0.000,0.000,,,,,NVIDIA A100-SXM4-40GB MIG 4g.20gb (0),1,,13,cupy_copy__complex64_complex64
2868481649,3488,38184,1,1,1,1,1,1,18,0.000,0.000,,,,,NVIDIA A100-SXM4-40GB MIG 4g.20gb (0),1,,13,cupy_copy__float32_float32
2868486545,1600,38190,,,,,,,,,,0.000,2.500,Device,Pageable,NVIDIA A100-SXM4-40GB MIG 4g.20gb (0),1,,7,[CUDA memcpy Device-to-Host]
2868874284,23008,38201,1434,1,1,128,1,1,16,0.000,0.000,,,,,NVIDIA A100-SXM4-40GB MIG 4g.20gb (0),1,,13,cupy_copy__complex64_complex64
2869112746,6080,38208,103,1,1,128,1,1,16,0.000,0.000,,,,,NVIDIA A100-SXM4-40GB MIG 4g.20gb (0),1,,13,cupy_copy__complex64_complex64
2869299335,6048,38215,35,1,1,128,1,1,16,0.000,0.000,,,,,NVIDIA A100-SXM4-40GB MIG 4g.20gb (0),1,,13,cupy_copy__complex64_complex64
2869513989,3936,38222,1,1,1,1,1,1,18,0.000,0.000,,,,,NVIDIA A100-SXM4-40GB MIG 4g.20gb (0),1,,13,cupy_copy__float32_float32
2869710499,237757,38233,1,1,1,32,32,1,30,0.000,0.000,,,,,NVIDIA A100-SXM4-40GB MIG 4g.20gb (0),1,,13,"void convert_kernel<__half2, float2>(tensor_layout_any, T1 *, tensor_layout_any, const T2 *)"
2869980896,5376,38236,,,,,,,,,,0.094,17428.487,Pinned,Device,NVIDIA A100-SXM4-40GB MIG 4g.20gb (0),1,,13,[CUDA memcpy Host-to-Device]
2870100446,15680,38237,,,,,,,,,,1.547,98635.946,Device,,NVIDIA A100-SXM4-40GB MIG 4g.20gb (0),1,,13,[CUDA memset]
2870122590,3200,38242,,,,,,,,,,0.031,9780.000,Pinned,Device,NVIDIA A100-SXM4-40GB MIG 4g.20gb (0),1,,13,[CUDA memcpy Host-to-Device]
2870128254,9344,38243,,,,,,,,,,0.197,21040.988,Pinned,Device,NVIDIA A100-SXM4-40GB MIG 4g.20gb (0),1,,13,[CUDA memcpy Host-to-Device]
2870511290,27327,38244,273,1,1,8,4,1,39,0.002,0.000,,,,,NVIDIA A100-SXM4-40GB MIG 4g.20gb (0),1,,13,"void channel_eq::eqMmseCoefCompLowMimoKernel<float, float, float, (unsigned int)4, (unsigned int)1, (unsigned int)4>(const channel_eq::_puschRxChEqStatDescr *, channel_eq::_puschRxChEqCoefCompDynDescr)"
2870727767,16192,38245,273,1,1,12,11,1,51,0.002,0.000,,,,,NVIDIA A100-SXM4-40GB MIG 4g.20gb (0),1,,13,"void channel_eq::eqMmseSoftDemapKernel<float, __half, __half, float, (unsigned int)4, (unsigned short)16383>(channel_eq::_puschRxChEqStatDescr *, channel_eq::_puschRxChEqSoftDemapDynDescr)"
2870917301,624153,38246,1,1,1,32,32,1,30,0.000,0.000,,,,,NVIDIA A100-SXM4-40GB MIG 4g.20gb (0),1,,13,"void convert_kernel<float2, __half2>(tensor_layout_any, T1 *, tensor_layout_any, const T2 *)"
2871707148,18432,38258,2253,1,1,128,1,1,16,0.000,0.000,,,,,NVIDIA A100-SXM4-40GB MIG 4g.20gb (0),1,,13,cupy_copy__float16_float16
2871939817,5952,38267,282,1,1,128,1,1,16,0.000,0.000,,,,,NVIDIA A100-SXM4-40GB MIG 4g.20gb (0),1,,13,cupy_copy__complex64_complex64
2872141703,4128,38276,26,1,1,128,1,1,16,0.000,0.000,,,,,NVIDIA A100-SXM4-40GB MIG 4g.20gb (0),1,,13,cupy_copy__float32_float32
2872365092,7392,38285,103,1,1,128,1,1,16,0.000,0.000,,,,,NVIDIA A100-SXM4-40GB MIG 4g.20gb (0),1,,13,cupy_copy__complex64_complex64
2872552130,23936,38295,1434,1,1,128,1,1,16,0.000,0.000,,,,,NVIDIA A100-SXM4-40GB MIG 4g.20gb (0),1,,13,cupy_copy__complex64_complex64
2872782015,244318,38300,1,1,1,32,32,1,30,0.000,0.000,,,,,NVIDIA A100-SXM4-40GB MIG 4g.20gb (0),1,,13,"void convert_kernel<__half2, float2>(tensor_layout_any, T1 *, tensor_layout_any, const T2 *)"
2873057692,5408,38303,,,,,,,,,,0.094,17325.421,Pinned,Device,NVIDIA A100-SXM4-40GB MIG 4g.20gb (0),1,,13,[CUDA memcpy Host-to-Device]
2873376249,621048,38304,,,,,,,,,,456.561,735063.918,Device,,NVIDIA A100-SXM4-40GB MIG 4g.20gb (0),1,,13,[CUDA memset]
2874002001,51808,38309,,,,,,,,,,1.235,23836.889,Pinned,Device,NVIDIA A100-SXM4-40GB MIG 4g.20gb (0),1,,13,[CUDA memcpy Host-to-Device]
2874056305,9376,38310,,,,,,,,,,0.197,20969.226,Pinned,Device,NVIDIA A100-SXM4-40GB MIG 4g.20gb (0),1,,13,[CUDA memcpy Host-to-Device]
2874420013,24447,38311,69,4,1,48,1,1,76,0.002,0.000,,,,,NVIDIA A100-SXM4-40GB MIG 4g.20gb (0),1,,13,"void ch_est::windowedChEstPreNoDftSOfdmKernel<float, __half, float, (unsigned int)2, (unsigned int)1, (unsigned short)4>(ch_est::puschRxChEstStatDescr_t *, ch_est::puschRxChEstDynDescr_t *)"
2874649610,10368,38312,137,2,1,24,2,1,44,0.001,0.001,,,,,NVIDIA A100-SXM4-40GB MIG 4g.20gb (0),1,,13,"void ch_est::chEstFilterNoDftSOfdmDispatchKernel<float, __half, float, (unsigned int)2>(ch_est::puschRxChEstStatDescr_t *, ch_est::puschRxChEstDynDescr_t *)"
2874846504,27487,38313,137,2,1,24,2,1,44,0.001,0.001,,,,,NVIDIA A100-SXM4-40GB MIG 4g.20gb (0),1,,13,"void ch_est::chEstFilterNoDftSOfdmDispatchKernel<float, __half, float, (unsigned int)2>(ch_est::puschRxChEstStatDescr_t *, ch_est::puschRxChEstDynDescr_t *)"
2875064741,6176,38324,103,1,1,128,1,1,16,0.000,0.000,,,,,NVIDIA A100-SXM4-40GB MIG 4g.20gb (0),1,,13,cupy_copy__complex64_complex64
2875253795,21440,38334,1434,1,1,128,1,1,16,0.000,0.000,,,,,NVIDIA A100-SXM4-40GB MIG 4g.20gb (0),1,,13,cupy_copy__complex64_complex64
2875484896,6400,38341,103,1,1,128,1,1,16,0.000,0.000,,,,,NVIDIA A100-SXM4-40GB MIG 4g.20gb (0),1,,13,cupy_copy__complex64_complex64
2875672414,237757,38348,1,1,1,32,32,1,30,0.000,0.000,,,,,NVIDIA A100-SXM4-40GB MIG 4g.20gb (0),1,,13,"void convert_kernel<__half2, float2>(tensor_layout_any, T1 *, tensor_layout_any, const T2 *)"
2875940763,5440,38351,,,,,,,,,,0.094,17223.480,Pinned,Device,NVIDIA A100-SXM4-40GB MIG 4g.20gb (0),1,,13,[CUDA memcpy Host-to-Device]
2876072698,58623,38352,,,,,,,,,,35.810,610845.615,Device,,NVIDIA A100-SXM4-40GB MIG 4g.20gb (0),1,,13,[CUDA memset]
2876133785,1888,38354,,,,,,,,,,0.000,42.373,Pinned,Device,NVIDIA A100-SXM4-40GB MIG 4g.20gb (0),1,,13,[CUDA memcpy Host-to-Device]
2876138329,10016,38355,,,,,,,,,,0.197,19629.343,Pinned,Device,NVIDIA A100-SXM4-40GB MIG 4g.20gb (0),1,,13,[CUDA memcpy Host-to-Device]
2876562388,26176,38356,273,1,1,48,1,1,40,0.000,0.001,,,,,NVIDIA A100-SXM4-40GB MIG 4g.20gb (0),1,,13,"void pusch_noise_intf_est::noiseIntfEstNoDftSOfdmKernel<float, __half, float, float, (unsigned int)2, (unsigned int)1, (unsigned char)4, (unsigned char)4>(pusch_noise_intf_est::puschRxNoiseIntfEstDynDescr)"
2876780145,6080,38367,35,1,1,128,1,1,16,0.000,0.000,,,,,NVIDIA A100-SXM4-40GB MIG 4g.20gb (0),1,,13,cupy_copy__complex64_complex64
2876969679,3520,38376,1,1,1,1,1,1,18,0.000,0.000,,,,,NVIDIA A100-SXM4-40GB MIG 4g.20gb (0),1,,13,cupy_copy__float32_float32
2876975951,1632,38382,,,,,,,,,,0.000,2.451,Device,Pageable,NVIDIA A100-SXM4-40GB MIG 4g.20gb (0),1,,7,[CUDA memcpy Device-to-Host]
2877363723,24128,38393,1434,1,1,128,1,1,16,0.000,0.000,,,,,NVIDIA A100-SXM4-40GB MIG 4g.20gb (0),1,,13,cupy_copy__complex64_complex64
2877605064,5984,38400,103,1,1,128,1,1,16,0.000,0.000,,,,,NVIDIA A100-SXM4-40GB MIG 4g.20gb (0),1,,13,cupy_copy__complex64_complex64
2877792582,6752,38407,35,1,1,128,1,1,16,0.000,0.000,,,,,NVIDIA A100-SXM4-40GB MIG 4g.20gb (0),1,,13,cupy_copy__complex64_complex64
2877991300,4352,38414,1,1,1,1,1,1,18,0.000,0.000,,,,,NVIDIA A100-SXM4-40GB MIG 4g.20gb (0),1,,13,cupy_copy__float32_float32
2878174113,244478,38425,1,1,1,32,32,1,30,0.000,0.000,,,,,NVIDIA A100-SXM4-40GB MIG 4g.20gb (0),1,,13,"void convert_kernel<__half2, float2>(tensor_layout_any, T1 *, tensor_layout_any, const T2 *)"
2878448702,6272,38428,,,,,,,,,,0.094,14938.703,Pinned,Device,NVIDIA A100-SXM4-40GB MIG 4g.20gb (0),1,,13,[CUDA memcpy Host-to-Device]
2878585245,11392,38429,,,,,,,,,,1.547,135762.655,Device,,NVIDIA A100-SXM4-40GB MIG 4g.20gb (0),1,,13,[CUDA memset]
2878604541,3039,38434,,,,,,,,,,0.031,10298.105,Pinned,Device,NVIDIA A100-SXM4-40GB MIG 4g.20gb (0),1,,13,[CUDA memcpy Host-to-Device]
2878610012,10080,38435,,,,,,,,,,0.197,19504.693,Pinned,Device,NVIDIA A100-SXM4-40GB MIG 4g.20gb (0),1,,13,[CUDA memcpy Host-to-Device]
2878984472,24640,38436,273,1,1,8,4,1,39,0.002,0.000,,,,,NVIDIA A100-SXM4-40GB MIG 4g.20gb (0),1,,13,"void channel_eq::eqMmseCoefCompLowMimoKernel<float, float, float, (unsigned int)4, (unsigned int)1, (unsigned int)4>(const channel_eq::_puschRxChEqStatDescr *, channel_eq::_puschRxChEqCoefCompDynDescr)"
2879184566,18624,38437,273,1,1,12,11,1,51,0.002,0.000,,,,,NVIDIA A100-SXM4-40GB MIG 4g.20gb (0),1,,13,"void channel_eq::eqMmseSoftDemapKernel<float, __half, __half, float, (unsigned int)4, (unsigned short)16383>(channel_eq::_puschRxChEqStatDescr *, channel_eq::_puschRxChEqSoftDemapDynDescr)"
2879384404,614648,38438,1,1,1,32,32,1,30,0.000,0.000,,,,,NVIDIA A100-SXM4-40GB MIG 4g.20gb (0),1,,13,"void convert_kernel<float2, __half2>(tensor_layout_any, T1 *, tensor_layout_any, const T2 *)"
2880180842,20320,38450,2253,1,1,128,1,1,16,0.000,0.000,,,,,NVIDIA A100-SXM4-40GB MIG 4g.20gb (0),1,,13,cupy_copy__float16_float16
2880426792,6432,38459,282,1,1,128,1,1,16,0.000,0.000,,,,,NVIDIA A100-SXM4-40GB MIG 4g.20gb (0),1,,13,cupy_copy__complex64_complex64
2880618405,4512,38468,26,1,1,128,1,1,16,0.000,0.000,,,,,NVIDIA A100-SXM4-40GB MIG 4g.20gb (0),1,,13,cupy_copy__float32_float32
2880833987,9408,38477,103,1,1,128,1,1,16,0.000,0.000,,,,,NVIDIA A100-SXM4-40GB MIG 4g.20gb (0),1,,13,cupy_copy__complex64_complex64
2881012001,25088,38487,1434,1,1,128,1,1,16,0.000,0.000,,,,,NVIDIA A100-SXM4-40GB MIG 4g.20gb (0),1,,13,cupy_copy__complex64_complex64
2881248958,252509,38492,1,1,1,32,32,1,30,0.000,0.000,,,,,NVIDIA A100-SXM4-40GB MIG 4g.20gb (0),1,,13,"void convert_kernel<__half2, float2>(tensor_layout_any, T1 *, tensor_layout_any, const T2 *)"
2881532955,5856,38495,,,,,,,,,,0.094,15999.997,Pinned,Device,NVIDIA A100-SXM4-40GB MIG 4g.20gb (0),1,,13,[CUDA memcpy Host-to-Device]
2881825975,619033,38496,,,,,,,,,,456.561,737346.726,Device,,NVIDIA A100-SXM4-40GB MIG 4g.20gb (0),1,,13,[CUDA memset]
2882448144,52416,38501,,,,,,,,,,1.235,23560.262,Pinned,Device,NVIDIA A100-SXM4-40GB MIG 4g.20gb (0),1,,13,[CUDA memcpy Host-to-Device]
2882503024,9568,38502,,,,,,,,,,0.197,20548.485,Pinned,Device,NVIDIA A100-SXM4-40GB MIG 4g.20gb (0),1,,13,[CUDA memcpy Host-to-Device]
2882853324,28767,38503,69,4,1,48,1,1,76,0.002,0.000,,,,,NVIDIA A100-SXM4-40GB MIG 4g.20gb (0),1,,13,"void ch_est::windowedChEstPreNoDftSOfdmKernel<float, __half, float, (unsigned int)2, (unsigned int)1, (unsigned short)4>(ch_est::puschRxChEstStatDescr_t *, ch_est::puschRxChEstDynDescr_t *)"
2883079721,13536,38504,137,2,1,24,2,1,44,0.001,0.001,,,,,NVIDIA A100-SXM4-40GB MIG 4g.20gb (0),1,,13,"void ch_est::chEstFilterNoDftSOfdmDispatchKernel<float, __half, float, (unsigned int)2>(ch_est::puschRxChEstStatDescr_t *, ch_est::puschRxChEstDynDescr_t *)"
2883266087,27136,38505,137,2,1,24,2,1,44,0.001,0.001,,,,,NVIDIA A100-SXM4-40GB MIG 4g.20gb (0),1,,13,"void ch_est::chEstFilterNoDftSOfdmDispatchKernel<float, __half, float, (unsigned int)2>(ch_est::puschRxChEstStatDescr_t *, ch_est::puschRxChEstDynDescr_t *)"
2883479076,6304,38516,103,1,1,128,1,1,16,0.000,0.000,,,,,NVIDIA A100-SXM4-40GB MIG 4g.20gb (0),1,,13,cupy_copy__complex64_complex64
2883664322,23360,38526,1434,1,1,128,1,1,16,0.000,0.000,,,,,NVIDIA A100-SXM4-40GB MIG 4g.20gb (0),1,,13,cupy_copy__complex64_complex64
2883908928,6975,38533,103,1,1,128,1,1,16,0.000,0.000,,,,,NVIDIA A100-SXM4-40GB MIG 4g.20gb (0),1,,13,cupy_copy__complex64_complex64
2884099165,236478,38540,1,1,1,32,32,1,30,0.000,0.000,,,,,NVIDIA A100-SXM4-40GB MIG 4g.20gb (0),1,,13,"void convert_kernel<__half2, float2>(tensor_layout_any, T1 *, tensor_layout_any, const T2 *)"
2884365946,5408,38543,,,,,,,,,,0.094,17325.421,Pinned,Device,NVIDIA A100-SXM4-40GB MIG 4g.20gb (0),1,,13,[CUDA memcpy Host-to-Device]
2884520537,59327,38544,,,,,,,,,,35.810,603576.202,Device,,NVIDIA A100-SXM4-40GB MIG 4g.20gb (0),1,,13,[CUDA memset]
2884586648,1888,38546,,,,,,,,,,0.000,42.373,Pinned,Device,NVIDIA A100-SXM4-40GB MIG 4g.20gb (0),1,,13,[CUDA memcpy Host-to-Device]
2884591064,9984,38547,,,,,,,,,,0.197,19692.257,Pinned,Device,NVIDIA A100-SXM4-40GB MIG 4g.20gb (0),1,,13,[CUDA memcpy Host-to-Device]
2885005843,33248,38548,273,1,1,48,1,1,40,0.000,0.001,,,,,NVIDIA A100-SXM4-40GB MIG 4g.20gb (0),1,,13,"void pusch_noise_intf_est::noiseIntfEstNoDftSOfdmKernel<float, __half, float, float, (unsigned int)2, (unsigned int)1, (unsigned char)4, (unsigned char)4>(pusch_noise_intf_est::puschRxNoiseIntfEstDynDescr)"
2885224624,5184,38559,35,1,1,128,1,1,16,0.000,0.000,,,,,NVIDIA A100-SXM4-40GB MIG 4g.20gb (0),1,,13,cupy_copy__complex64_complex64
2885403566,3488,38568,1,1,1,1,1,1,18,0.000,0.000,,,,,NVIDIA A100-SXM4-40GB MIG 4g.20gb (0),1,,13,cupy_copy__float32_float32
2885410638,1760,38574,,,,,,,,,,0.000,2.273,Device,Pageable,NVIDIA A100-SXM4-40GB MIG 4g.20gb (0),1,,7,[CUDA memcpy Device-to-Host]
2885788778,23328,38585,1434,1,1,128,1,1,16,0.000,0.000,,,,,NVIDIA A100-SXM4-40GB MIG 4g.20gb (0),1,,13,cupy_copy__complex64_complex64
2886041639,6592,38592,103,1,1,128,1,1,16,0.000,0.000,,,,,NVIDIA A100-SXM4-40GB MIG 4g.20gb (0),1,,13,cupy_copy__complex64_complex64
2886232645,7232,38599,35,1,1,128,1,1,16,0.000,0.000,,,,,NVIDIA A100-SXM4-40GB MIG 4g.20gb (0),1,,13,cupy_copy__complex64_complex64
2886439362,4576,38606,1,1,1,1,1,1,18,0.000,0.000,,,,,NVIDIA A100-SXM4-40GB MIG 4g.20gb (0),1,,13,cupy_copy__float32_float32
2886625504,232062,38617,1,1,1,32,32,1,30,0.000,0.000,,,,,NVIDIA A100-SXM4-40GB MIG 4g.20gb (0),1,,13,"void convert_kernel<__half2, float2>(tensor_layout_any, T1 *, tensor_layout_any, const T2 *)"
2886888221,5376,38620,,,,,,,,,,0.094,17428.487,Pinned,Device,NVIDIA A100-SXM4-40GB MIG 4g.20gb (0),1,,13,[CUDA memcpy Host-to-Device]
2887018972,16736,38621,,,,,,,,,,1.547,92412.331,Device,,NVIDIA A100-SXM4-40GB MIG 4g.20gb (0),1,,13,[CUDA memset]
2887041148,3424,38626,,,,,,,,,,0.031,9140.185,Pinned,Device,NVIDIA A100-SXM4-40GB MIG 4g.20gb (0),1,,13,[CUDA memcpy Host-to-Device]
2887047163,10400,38627,,,,,,,,,,0.197,18904.449,Pinned,Device,NVIDIA A100-SXM4-40GB MIG 4g.20gb (0),1,,13,[CUDA memcpy Host-to-Device]
2887446391,27296,38628,273,1,1,8,4,1,39,0.002,0.000,,,,,NVIDIA A100-SXM4-40GB MIG 4g.20gb (0),1,,13,"void channel_eq::eqMmseCoefCompLowMimoKernel<float, float, float, (unsigned int)4, (unsigned int)1, (unsigned int)4>(const channel_eq::_puschRxChEqStatDescr *, channel_eq::_puschRxChEqCoefCompDynDescr)"
2887660020,19552,38629,273,1,1,12,11,1,51,0.002,0.000,,,,,NVIDIA A100-SXM4-40GB MIG 4g.20gb (0),1,,13,"void channel_eq::eqMmseSoftDemapKernel<float, __half, __half, float, (unsigned int)4, (unsigned short)16383>(channel_eq::_puschRxChEqStatDescr *, channel_eq::_puschRxChEqSoftDemapDynDescr)"
2887855634,626361,38630,1,1,1,32,32,1,30,0.000,0.000,,,,,NVIDIA A100-SXM4-40GB MIG 4g.20gb (0),1,,13,"void convert_kernel<float2, __half2>(tensor_layout_any, T1 *, tensor_layout_any, const T2 *)"
2888644041,23136,38642,2253,1,1,128,1,1,16,0.000,0.000,,,,,NVIDIA A100-SXM4-40GB MIG 4g.20gb (0),1,,13,cupy_copy__float16_float16
2888880934,6528,38651,282,1,1,128,1,1,16,0.000,0.000,,,,,NVIDIA A100-SXM4-40GB MIG 4g.20gb (0),1,,13,cupy_copy__complex64_complex64
2889070372,11808,38660,26,1,1,128,1,1,16,0.000,0.000,,,,,NVIDIA A100-SXM4-40GB MIG 4g.20gb (0),1,,13,cupy_copy__float32_float32
2889280290,9088,38669,103,1,1,128,1,1,16,0.000,0.000,,,,,NVIDIA A100-SXM4-40GB MIG 4g.20gb (0),1,,13,cupy_copy__complex64_complex64
2889465888,24447,38679,1434,1,1,128,1,1,16,0.000,0.000,,,,,NVIDIA A100-SXM4-40GB MIG 4g.20gb (0),1,,13,cupy_copy__complex64_complex64
2889704221,238717,38684,1,1,1,32,32,1,30,0.000,0.000,,,,,NVIDIA A100-SXM4-40GB MIG 4g.20gb (0),1,,13,"void convert_kernel<__half2, float2>(tensor_layout_any, T1 *, tensor_layout_any, const T2 *)"
2889975578,5664,38687,,,,,,,,,,0.094,16542.310,Pinned,Device,NVIDIA A100-SXM4-40GB MIG 4g.20gb (0),1,,13,[CUDA memcpy Host-to-Device]
2890303382,621145,38688,,,,,,,,,,456.561,734607.357,Device,,NVIDIA A100-SXM4-40GB MIG 4g.20gb (0),1,,13,[CUDA memset]
2890927279,58655,38693,,,,,,,,,,1.235,21053.325,Pinned,Device,NVIDIA A100-SXM4-40GB MIG 4g.20gb (0),1,,13,[CUDA memcpy Host-to-Device]
2890989838,10720,38694,,,,,,,,,,0.197,18340.184,Pinned,Device,NVIDIA A100-SXM4-40GB MIG 4g.20gb (0),1,,13,[CUDA memcpy Host-to-Device]
2891352234,26048,38695,69,4,1,48,1,1,76,0.002,0.000,,,,,NVIDIA A100-SXM4-40GB MIG 4g.20gb (0),1,,13,"void ch_est::windowedChEstPreNoDftSOfdmKernel<float, __half, float, (unsigned int)2, (unsigned int)1, (unsigned short)4>(ch_est::puschRxChEstStatDescr_t *, ch_est::puschRxChEstDynDescr_t *)"
2891588327,12704,38696,137,2,1,24,2,1,44,0.001,0.001,,,,,NVIDIA A100-SXM4-40GB MIG 4g.20gb (0),1,,13,"void ch_est::chEstFilterNoDftSOfdmDispatchKernel<float, __half, float, (unsigned int)2>(ch_est::puschRxChEstStatDescr_t *, ch_est::puschRxChEstDynDescr_t *)"
2891778277,26336,38697,137,2,1,24,2,1,44,0.001,0.001,,,,,NVIDIA A100-SXM4-40GB MIG 4g.20gb (0),1,,13,"void ch_est::chEstFilterNoDftSOfdmDispatchKernel<float, __half, float, (unsigned int)2>(ch_est::puschRxChEstStatDescr_t *, ch_est::puschRxChEstDynDescr_t *)"
2891994403,6656,38708,103,1,1,128,1,1,16,0.000,0.000,,,,,NVIDIA A100-SXM4-40GB MIG 4g.20gb (0),1,,13,cupy_copy__complex64_complex64
2892184800,26848,38718,1434,1,1,128,1,1,16,0.000,0.000,,,,,NVIDIA A100-SXM4-40GB MIG 4g.20gb (0),1,,13,cupy_copy__complex64_complex64
2892422814,6912,38725,103,1,1,128,1,1,16,0.000,0.000,,,,,NVIDIA A100-SXM4-40GB MIG 4g.20gb (0),1,,13,cupy_copy__complex64_complex64
2892608476,204893,38732,1,1,1,32,32,1,30,0.000,0.000,,,,,NVIDIA A100-SXM4-40GB MIG 4g.20gb (0),1,,13,"void convert_kernel<__half2, float2>(tensor_layout_any, T1 *, tensor_layout_any, const T2 *)"
2892845145,5696,38735,,,,,,,,,,0.094,16449.363,Pinned,Device,NVIDIA A100-SXM4-40GB MIG 4g.20gb (0),1,,13,[CUDA memcpy Host-to-Device]
2893015799,64671,38736,,,,,,,,,,35.810,553692.983,Device,,NVIDIA A100-SXM4-40GB MIG 4g.20gb (0),1,,13,[CUDA memset]
2893082774,1856,38738,,,,,,,,,,0.000,43.103,Pinned,Device,NVIDIA A100-SXM4-40GB MIG 4g.20gb (0),1,,13,[CUDA memcpy Host-to-Device]
2893088150,10176,38739,,,,,,,,,,0.197,19320.668,Pinned,Device,NVIDIA A100-SXM4-40GB MIG 4g.20gb (0),1,,13,[CUDA memcpy Host-to-Device]
2893495473,26688,38740,273,1,1,48,1,1,40,0.000,0.001,,,,,NVIDIA A100-SXM4-40GB MIG 4g.20gb (0),1,,13,"void pusch_noise_intf_est::noiseIntfEstNoDftSOfdmKernel<float, __half, float, float, (unsigned int)2, (unsigned int)1, (unsigned char)4, (unsigned char)4>(pusch_noise_intf_est::puschRxNoiseIntfEstDynDescr)"
2893720399,6336,38751,35,1,1,128,1,1,16,0.000,0.000,,,,,NVIDIA A100-SXM4-40GB MIG 4g.20gb (0),1,,13,cupy_copy__complex64_complex64
2893900877,3936,38760,1,1,1,1,1,1,18,0.000,0.000,,,,,NVIDIA A100-SXM4-40GB MIG 4g.20gb (0),1,,13,cupy_copy__float32_float32
2893909741,1696,38766,,,,,,,,,,0.000,2.358,Device,Pageable,NVIDIA A100-SXM4-40GB MIG 4g.20gb (0),1,,7,[CUDA memcpy Device-to-Host]
2894289576,23488,38777,1434,1,1,128,1,1,16,0.000,0.000,,,,,NVIDIA A100-SXM4-40GB MIG 4g.20gb (0),1,,13,cupy_copy__complex64_complex64
2894519110,6464,38784,103,1,1,128,1,1,16,0.000,0.000,,,,,NVIDIA A100-SXM4-40GB MIG 4g.20gb (0),1,,13,cupy_copy__complex64_complex64
2894698052,16863,38791,35,1,1,128,1,1,16,0.000,0.000,,,,,NVIDIA A100-SXM4-40GB MIG 4g.20gb (0),1,,13,cupy_copy__complex64_complex64
2894921345,4448,38798,1,1,1,1,1,1,18,0.000,0.000,,,,,NVIDIA A100-SXM4-40GB MIG 4g.20gb (0),1,,13,cupy_copy__float32_float32
2895100607,239101,38809,1,1,1,32,32,1,30,0.000,0.000,,,,,NVIDIA A100-SXM4-40GB MIG 4g.20gb (0),1,,13,"void convert_kernel<__half2, float2>(tensor_layout_any, T1 *, tensor_layout_any, const T2 *)"
2895380284,6304,38812,,,,,,,,,,0.094,14862.903,Pinned,Device,NVIDIA A100-SXM4-40GB MIG 4g.20gb (0),1,,13,[CUDA memcpy Host-to-Device]
2895493786,17888,38813,,,,,,,,,,1.547,86460.921,Device,,NVIDIA A100-SXM4-40GB MIG 4g.20gb (0),1,,13,[CUDA memset]
2895518746,3712,38818,,,,,,,,,,0.031,8431.017,Pinned,Device,NVIDIA A100-SXM4-40GB MIG 4g.20gb (0),1,,13,[CUDA memcpy Host-to-Device]
2895525338,10016,38819,,,,,,,,,,0.197,19629.343,Pinned,Device,NVIDIA A100-SXM4-40GB MIG 4g.20gb (0),1,,13,[CUDA memcpy Host-to-Device]
2895921077,28704,38820,273,1,1,8,4,1,39,0.002,0.000,,,,,NVIDIA A100-SXM4-40GB MIG 4g.20gb (0),1,,13,"void channel_eq::eqMmseCoefCompLowMimoKernel<float, float, float, (unsigned int)4, (unsigned int)1, (unsigned int)4>(const channel_eq::_puschRxChEqStatDescr *, channel_eq::_puschRxChEqCoefCompDynDescr)"
2896148979,16928,38821,273,1,1,12,11,1,51,0.002,0.000,,,,,NVIDIA A100-SXM4-40GB MIG 4g.20gb (0),1,,13,"void channel_eq::eqMmseSoftDemapKernel<float, __half, __half, float, (unsigned int)4, (unsigned short)16383>(channel_eq::_puschRxChEqStatDescr *, channel_eq::_puschRxChEqSoftDemapDynDescr)"
2896347825,645240,38822,1,1,1,32,32,1,30,0.000,0.000,,,,,NVIDIA A100-SXM4-40GB MIG 4g.20gb (0),1,,13,"void convert_kernel<float2, __half2>(tensor_layout_any, T1 *, tensor_layout_any, const T2 *)"
2897141831,20128,38834,2253,1,1,128,1,1,16,0.000,0.000,,,,,NVIDIA A100-SXM4-40GB MIG 4g.20gb (0),1,,13,cupy_copy__float16_float16
2897380069,6016,38843,282,1,1,128,1,1,16,0.000,0.000,,,,,NVIDIA A100-SXM4-40GB MIG 4g.20gb (0),1,,13,cupy_copy__complex64_complex64
2897564579,16287,38852,26,1,1,128,1,1,16,0.000,0.000,,,,,NVIDIA A100-SXM4-40GB MIG 4g.20gb (0),1,,13,cupy_copy__float32_float32
2897778688,8480,38861,103,1,1,128,1,1,16,0.000,0.000,,,,,NVIDIA A100-SXM4-40GB MIG 4g.20gb (0),1,,13,cupy_copy__complex64_complex64
2897966270,22816,38871,1434,1,1,128,1,1,16,0.000,0.000,,,,,NVIDIA A100-SXM4-40GB MIG 4g.20gb (0),1,,13,cupy_copy__complex64_complex64
2898209243,247709,38876,1,1,1,32,32,1,30,0.000,0.000,,,,,NVIDIA A100-SXM4-40GB MIG 4g.20gb (0),1,,13,"void convert_kernel<__half2, float2>(tensor_layout_any, T1 *, tensor_layout_any, const T2 *)"
2898487576,5408,38879,,,,,,,,,,0.094,17325.421,Pinned,Device,NVIDIA A100-SXM4-40GB MIG 4g.20gb (0),1,,13,[CUDA memcpy Host-to-Device]
2898804340,614201,38880,,,,,,,,,,456.561,743282.024,Device,,NVIDIA A100-SXM4-40GB MIG 4g.20gb (0),1,,13,[CUDA memset]
2899428237,51776,38885,,,,,,,,,,1.235,23850.473,Pinned,Device,NVIDIA A100-SXM4-40GB MIG 4g.20gb (0),1,,13,[CUDA memcpy Host-to-Device]
2899482605,10559,38886,,,,,,,,,,0.197,18619.761,Pinned,Device,NVIDIA A100-SXM4-40GB MIG 4g.20gb (0),1,,13,[CUDA memcpy Host-to-Device]
2899848424,24576,38887,69,4,1,48,1,1,76,0.002,0.000,,,,,NVIDIA A100-SXM4-40GB MIG 4g.20gb (0),1,,13,"void ch_est::windowedChEstPreNoDftSOfdmKernel<float, __half, float, (unsigned int)2, (unsigned int)1, (unsigned short)4>(ch_est::puschRxChEstStatDescr_t *, ch_est::puschRxChEstDynDescr_t *)"
2900070662,12512,38888,137,2,1,24,2,1,44,0.001,0.001,,,,,NVIDIA A100-SXM4-40GB MIG 4g.20gb (0),1,,13,"void ch_est::chEstFilterNoDftSOfdmDispatchKernel<float, __half, float, (unsigned int)2>(ch_est::puschRxChEstStatDescr_t *, ch_est::puschRxChEstDynDescr_t *)"
2900261924,27487,38889,137,2,1,24,2,1,44,0.001,0.001,,,,,NVIDIA A100-SXM4-40GB MIG 4g.20gb (0),1,,13,"void ch_est::chEstFilterNoDftSOfdmDispatchKernel<float, __half, float, (unsigned int)2>(ch_est::puschRxChEstStatDescr_t *, ch_est::puschRxChEstDynDescr_t *)"
2900499745,5664,38900,103,1,1,128,1,1,16,0.000,0.000,,,,,NVIDIA A100-SXM4-40GB MIG 4g.20gb (0),1,,13,cupy_copy__complex64_complex64
2900680031,18272,38910,1434,1,1,128,1,1,16,0.000,0.000,,,,,NVIDIA A100-SXM4-40GB MIG 4g.20gb (0),1,,13,cupy_copy__complex64_complex64
2900914684,6048,38917,103,1,1,128,1,1,16,0.000,0.000,,,,,NVIDIA A100-SXM4-40GB MIG 4g.20gb (0),1,,13,cupy_copy__complex64_complex64
2901105626,242685,38924,1,1,1,32,32,1,30,0.000,0.000,,,,,NVIDIA A100-SXM4-40GB MIG 4g.20gb (0),1,,13,"void convert_kernel<__half2, float2>(tensor_layout_any, T1 *, tensor_layout_any, const T2 *)"
2901381111,5376,38927,,,,,,,,,,0.094,17428.487,Pinned,Device,NVIDIA A100-SXM4-40GB MIG 4g.20gb (0),1,,13,[CUDA memcpy Host-to-Device]
2901510261,64319,38928,,,,,,,,,,35.810,556736.826,Device,,NVIDIA A100-SXM4-40GB MIG 4g.20gb (0),1,,13,[CUDA memset]
2901578996,2112,38930,,,,,,,,,,0.000,37.879,Pinned,Device,NVIDIA A100-SXM4-40GB MIG 4g.20gb (0),1,,13,[CUDA memcpy Host-to-Device]
2901584276,9440,38931,,,,,,,,,,0.197,20827.079,Pinned,Device,NVIDIA A100-SXM4-40GB MIG 4g.20gb (0),1,,13,[CUDA memcpy Host-to-Device]
2901986544,26047,38932,273,1,1,48,1,1,40,0.000,0.001,,,,,NVIDIA A100-SXM4-40GB MIG 4g.20gb (0),1,,13,"void pusch_noise_intf_est::noiseIntfEstNoDftSOfdmKernel<float, __half, float, float, (unsigned int)2, (unsigned int)1, (unsigned char)4, (unsigned char)4>(pusch_noise_intf_est::puschRxNoiseIntfEstDynDescr)"
2902197517,6400,38943,35,1,1,128,1,1,16,0.000,0.000,,,,,NVIDIA A100-SXM4-40GB MIG 4g.20gb (0),1,,13,cupy_copy__complex64_complex64
2902379915,3904,38952,1,1,1,1,1,1,18,0.000,0.000,,,,,NVIDIA A100-SXM4-40GB MIG 4g.20gb (0),1,,13,cupy_copy__float32_float32
2902389707,1600,38958,,,,,,,,,,0.000,2.500,Device,Pageable,NVIDIA A100-SXM4-40GB MIG 4g.20gb (0),1,,7,[CUDA memcpy Device-to-Host]
2902772135,23007,38969,1434,1,1,128,1,1,16,0.000,0.000,,,,,NVIDIA A100-SXM4-40GB MIG 4g.20gb (0),1,,13,cupy_copy__complex64_complex64
2903011524,6144,38976,103,1,1,128,1,1,16,0.000,0.000,,,,,NVIDIA A100-SXM4-40GB MIG 4g.20gb (0),1,,13,cupy_copy__complex64_complex64
2903202946,8000,38983,35,1,1,128,1,1,16,0.000,0.000,,,,,NVIDIA A100-SXM4-40GB MIG 4g.20gb (0),1,,13,cupy_copy__complex64_complex64
2903420223,4608,38990,1,1,1,1,1,1,18,0.000,0.000,,,,,NVIDIA A100-SXM4-40GB MIG 4g.20gb (0),1,,13,cupy_copy__float32_float32
2903596413,234238,39001,1,1,1,32,32,1,30,0.000,0.000,,,,,NVIDIA A100-SXM4-40GB MIG 4g.20gb (0),1,,13,"void convert_kernel<__half2, float2>(tensor_layout_any, T1 *, tensor_layout_any, const T2 *)"
2903870234,5600,39004,,,,,,,,,,0.094,16731.388,Pinned,Device,NVIDIA A100-SXM4-40GB MIG 4g.20gb (0),1,,13,[CUDA memcpy Host-to-Device]
2903998297,5472,39005,,,,,,,,,,1.547,282642.443,Device,,NVIDIA A100-SXM4-40GB MIG 4g.20gb (0),1,,13,[CUDA memset]
2904009592,4064,39010,,,,,,,,,,0.031,7700.756,Pinned,Device,NVIDIA A100-SXM4-40GB MIG 4g.20gb (0),1,,13,[CUDA memcpy Host-to-Device]
2904017688,10144,39011,,,,,,,,,,0.197,19381.617,Pinned,Device,NVIDIA A100-SXM4-40GB MIG 4g.20gb (0),1,,13,[CUDA memcpy Host-to-Device]
2904416532,33151,39012,273,1,1,8,4,1,39,0.002,0.000,,,,,NVIDIA A100-SXM4-40GB MIG 4g.20gb (0),1,,13,"void channel_eq::eqMmseCoefCompLowMimoKernel<float, float, float, (unsigned int)4, (unsigned int)1, (unsigned int)4>(const channel_eq::_puschRxChEqStatDescr *, channel_eq::_puschRxChEqCoefCompDynDescr)"
2904635697,22976,39013,273,1,1,12,11,1,51,0.002,0.000,,,,,NVIDIA A100-SXM4-40GB MIG 4g.20gb (0),1,,13,"void channel_eq::eqMmseSoftDemapKernel<float, __half, __half, float, (unsigned int)4, (unsigned short)16383>(channel_eq::_puschRxChEqStatDescr *, channel_eq::_puschRxChEqSoftDemapDynDescr)"
2904836431,633721,39014,1,1,1,32,32,1,30,0.000,0.000,,,,,NVIDIA A100-SXM4-40GB MIG 4g.20gb (0),1,,13,"void convert_kernel<float2, __half2>(tensor_layout_any, T1 *, tensor_layout_any, const T2 *)"
2905657222,20959,39026,2253,1,1,128,1,1,16,0.000,0.000,,,,,NVIDIA A100-SXM4-40GB MIG 4g.20gb (0),1,,13,cupy_copy__float16_float16
2905885443,6240,39035,282,1,1,128,1,1,16,0.000,0.000,,,,,NVIDIA A100-SXM4-40GB MIG 4g.20gb (0),1,,13,cupy_copy__complex64_complex64
2906074209,4416,39044,26,1,1,128,1,1,16,0.000,0.000,,,,,NVIDIA A100-SXM4-40GB MIG 4g.20gb (0),1,,13,cupy_copy__float32_float32
2906285150,9408,39053,103,1,1,128,1,1,16,0.000,0.000,,,,,NVIDIA A100-SXM4-40GB MIG 4g.20gb (0),1,,13,cupy_copy__complex64_complex64
2906468156,21792,39063,1434,1,1,128,1,1,16,0.000,0.000,,,,,NVIDIA A100-SXM4-40GB MIG 4g.20gb (0),1,,13,cupy_copy__complex64_complex64
2906709689,248798,39068,1,1,1,32,32,1,30,0.000,0.000,,,,,NVIDIA A100-SXM4-40GB MIG 4g.20gb (0),1,,13,"void convert_kernel<__half2, float2>(tensor_layout_any, T1 *, tensor_layout_any, const T2 *)"
2906987638,5376,39071,,,,,,,,,,0.094,17428.487,Pinned,Device,NVIDIA A100-SXM4-40GB MIG 4g.20gb (0),1,,13,[CUDA memcpy Host-to-Device]
2907304563,615673,39072,,,,,,,,,,456.561,741455.779,Device,,NVIDIA A100-SXM4-40GB MIG 4g.20gb (0),1,,13,[CUDA memset]
2907930347,51040,39077,,,,,,,,,,1.235,24195.023,Pinned,Device,NVIDIA A100-SXM4-40GB MIG 4g.20gb (0),1,,13,[CUDA memcpy Host-to-Device]
2907983851,9344,39078,,,,,,,,,,0.197,21040.988,Pinned,Device,NVIDIA A100-SXM4-40GB MIG 4g.20gb (0),1,,13,[CUDA memcpy Host-to-Device]
2908344231,24255,39079,69,4,1,48,1,1,76,0.002,0.000,,,,,NVIDIA A100-SXM4-40GB MIG 4g.20gb (0),1,,13,"void ch_est::windowedChEstPreNoDftSOfdmKernel<float, __half, float, (unsigned int)2, (unsigned int)1, (unsigned short)4>(ch_est::puschRxChEstStatDescr_t *, ch_est::puschRxChEstDynDescr_t *)"
2908567268,12000,39080,137,2,1,24,2,1,44,0.001,0.001,,,,,NVIDIA A100-SXM4-40GB MIG 4g.20gb (0),1,,13,"void ch_est::chEstFilterNoDftSOfdmDispatchKernel<float, __half, float, (unsigned int)2>(ch_est::puschRxChEstStatDescr_t *, ch_est::puschRxChEstDynDescr_t *)"
2908765730,26976,39081,137,2,1,24,2,1,44,0.001,0.001,,,,,NVIDIA A100-SXM4-40GB MIG 4g.20gb (0),1,,13,"void ch_est::chEstFilterNoDftSOfdmDispatchKernel<float, __half, float, (unsigned int)2>(ch_est::puschRxChEstStatDescr_t *, ch_est::puschRxChEstDynDescr_t *)"
2908974271,6848,39092,103,1,1,128,1,1,16,0.000,0.000,,,,,NVIDIA A100-SXM4-40GB MIG 4g.20gb (0),1,,13,cupy_copy__complex64_complex64
2909161405,19840,39102,1434,1,1,128,1,1,16,0.000,0.000,,,,,NVIDIA A100-SXM4-40GB MIG 4g.20gb (0),1,,13,cupy_copy__complex64_complex64
2909409146,6336,39109,103,1,1,128,1,1,16,0.000,0.000,,,,,NVIDIA A100-SXM4-40GB MIG 4g.20gb (0),1,,13,cupy_copy__complex64_complex64
2909612408,236957,39116,1,1,1,32,32,1,30,0.000,0.000,,,,,NVIDIA A100-SXM4-40GB MIG 4g.20gb (0),1,,13,"void convert_kernel<__half2, float2>(tensor_layout_any, T1 *, tensor_layout_any, const T2 *)"
2909879669,5376,39119,,,,,,,,,,0.094,17428.487,Pinned,Device,NVIDIA A100-SXM4-40GB MIG 4g.20gb (0),1,,13,[CUDA memcpy Host-to-Device]
2910021651,61824,39120,,,,,,,,,,35.810,579189.646,Device,,NVIDIA A100-SXM4-40GB MIG 4g.20gb (0),1,,13,[CUDA memset]
2910086163,1888,39122,,,,,,,,,,0.000,42.373,Pinned,Device,NVIDIA A100-SXM4-40GB MIG 4g.20gb (0),1,,13,[CUDA memcpy Host-to-Device]
2910090803,9535,39123,,,,,,,,,,0.197,20619.461,Pinned,Device,NVIDIA A100-SXM4-40GB MIG 4g.20gb (0),1,,13,[CUDA memcpy Host-to-Device]
2910508302,26463,39124,273,1,1,48,1,1,40,0.000,0.001,,,,,NVIDIA A100-SXM4-40GB MIG 4g.20gb (0),1,,13,"void pusch_noise_intf_est::noiseIntfEstNoDftSOfdmKernel<float, __half, float, float, (unsigned int)2, (unsigned int)1, (unsigned char)4, (unsigned char)4>(pusch_noise_intf_est::puschRxNoiseIntfEstDynDescr)"
2910721643,8640,39135,35,1,1,128,1,1,16,0.000,0.000,,,,,NVIDIA A100-SXM4-40GB MIG 4g.20gb (0),1,,13,cupy_copy__complex64_complex64
2910903561,3520,39144,1,1,1,1,1,1,18,0.000,0.000,,,,,NVIDIA A100-SXM4-40GB MIG 4g.20gb (0),1,,13,cupy_copy__float32_float32
2910911337,1856,39150,,,,,,,,,,0.000,2.155,Device,Pageable,NVIDIA A100-SXM4-40GB MIG 4g.20gb (0),1,,7,[CUDA memcpy Device-to-Host]
2911046952,14815,39161,1434,1,1,128,1,1,16,0.000,0.000,,,,,NVIDIA A100-SXM4-40GB MIG 4g.20gb (0),1,,13,cupy_copy__complex64_complex64
2911062791,3520,39168,103,1,1,128,1,1,16,0.000,0.000,,,,,NVIDIA A100-SXM4-40GB MIG 4g.20gb (0),1,,13,cupy_copy__complex64_complex64
2911067463,2880,39175,35,1,1,128,1,1,16,0.000,0.000,,,,,NVIDIA A100-SXM4-40GB MIG 4g.20gb (0),1,,13,cupy_copy__complex64_complex64
2911071463,1920,39182,1,1,1,1,1,1,18,0.000,0.000,,,,,NVIDIA A100-SXM4-40GB MIG 4g.20gb (0),1,,13,cupy_copy__float32_float32
2911210054,128382,39193,1,1,1,32,32,1,30,0.000,0.000,,,,,NVIDIA A100-SXM4-40GB MIG 4g.20gb (0),1,,13,"void convert_kernel<__half2, float2>(tensor_layout_any, T1 *, tensor_layout_any, const T2 *)"
2911368708,5440,39196,,,,,,,,,,0.094,17223.480,Pinned,Device,NVIDIA A100-SXM4-40GB MIG 4g.20gb (0),1,,13,[CUDA memcpy Host-to-Device]
2911384804,6336,39197,,,,,,,,,,1.547,244100.573,Device,,NVIDIA A100-SXM4-40GB MIG 4g.20gb (0),1,,13,[CUDA memset]
2911393156,3328,39202,,,,,,,,,,0.031,9403.822,Pinned,Device,NVIDIA A100-SXM4-40GB MIG 4g.20gb (0),1,,13,[CUDA memcpy Host-to-Device]
2911401764,9439,39203,,,,,,,,,,0.197,20829.241,Pinned,Device,NVIDIA A100-SXM4-40GB MIG 4g.20gb (0),1,,13,[CUDA memcpy Host-to-Device]
2911520098,16768,39204,273,1,1,8,4,1,39,0.002,0.000,,,,,NVIDIA A100-SXM4-40GB MIG 4g.20gb (0),1,,13,"void channel_eq::eqMmseCoefCompLowMimoKernel<float, float, float, (unsigned int)4, (unsigned int)1, (unsigned int)4>(const channel_eq::_puschRxChEqStatDescr *, channel_eq::_puschRxChEqCoefCompDynDescr)"
2911538082,6080,39205,273,1,1,12,11,1,51,0.002,0.000,,,,,NVIDIA A100-SXM4-40GB MIG 4g.20gb (0),1,,13,"void channel_eq::eqMmseSoftDemapKernel<float, __half, __half, float, (unsigned int)4, (unsigned short)16383>(channel_eq::_puschRxChEqStatDescr *, channel_eq::_puschRxChEqSoftDemapDynDescr)"
2911660129,391867,39206,1,1,1,32,32,1,30,0.000,0.000,,,,,NVIDIA A100-SXM4-40GB MIG 4g.20gb (0),1,,13,"void convert_kernel<float2, __half2>(tensor_layout_any, T1 *, tensor_layout_any, const T2 *)"
2912079196,17952,39218,2253,1,1,128,1,1,16,0.000,0.000,,,,,NVIDIA A100-SXM4-40GB MIG 4g.20gb (0),1,,13,cupy_copy__float16_float16
2912098140,3071,39227,282,1,1,128,1,1,16,0.000,0.000,,,,,NVIDIA A100-SXM4-40GB MIG 4g.20gb (0),1,,13,cupy_copy__complex64_complex64
2912102203,2080,39236,26,1,1,128,1,1,16,0.000,0.000,,,,,NVIDIA A100-SXM4-40GB MIG 4g.20gb (0),1,,13,cupy_copy__float32_float32
2912211002,8992,39245,103,1,1,128,1,1,16,0.000,0.000,,,,,NVIDIA A100-SXM4-40GB MIG 4g.20gb (0),1,,13,cupy_copy__complex64_complex64
2912221082,16128,39255,1434,1,1,128,1,1,16,0.000,0.000,,,,,NVIDIA A100-SXM4-40GB MIG 4g.20gb (0),1,,13,cupy_copy__complex64_complex64
2912288825,262301,39260,1,1,1,32,32,1,30,0.000,0.000,,,,,NVIDIA A100-SXM4-40GB MIG 4g.20gb (0),1,,13,"void convert_kernel<__half2, float2>(tensor_layout_any, T1 *, tensor_layout_any, const T2 *)"
2912581942,5408,39263,,,,,,,,,,0.094,17325.421,Pinned,Device,NVIDIA A100-SXM4-40GB MIG 4g.20gb (0),1,,13,[CUDA memcpy Host-to-Device]
2912711380,621721,39264,,,,,,,,,,456.561,734150.796,Device,,NVIDIA A100-SXM4-40GB MIG 4g.20gb (0),1,,13,[CUDA memset]
2913342285,53248,39269,,,,,,,,,,1.235,23192.248,Pinned,Device,NVIDIA A100-SXM4-40GB MIG 4g.20gb (0),1,,13,[CUDA memcpy Host-to-Device]
2913398125,9407,39270,,,,,,,,,,0.197,20900.020,Pinned,Device,NVIDIA A100-SXM4-40GB MIG 4g.20gb (0),1,,13,[CUDA memcpy Host-to-Device]
2913510251,31488,39271,69,4,1,48,1,1,76,0.002,0.000,,,,,NVIDIA A100-SXM4-40GB MIG 4g.20gb (0),1,,13,"void ch_est::windowedChEstPreNoDftSOfdmKernel<float, __half, float, (unsigned int)2, (unsigned int)1, (unsigned short)4>(ch_est::puschRxChEstStatDescr_t *, ch_est::puschRxChEstDynDescr_t *)"
2913646314,30943,39272,137,2,1,24,2,1,44,0.001,0.001,,,,,NVIDIA A100-SXM4-40GB MIG 4g.20gb (0),1,,13,"void ch_est::chEstFilterNoDftSOfdmDispatchKernel<float, __half, float, (unsigned int)2>(ch_est::puschRxChEstStatDescr_t *, ch_est::puschRxChEstDynDescr_t *)"
2913679369,25440,39273,137,2,1,24,2,1,44,0.001,0.001,,,,,NVIDIA A100-SXM4-40GB MIG 4g.20gb (0),1,,13,"void ch_est::chEstFilterNoDftSOfdmDispatchKernel<float, __half, float, (unsigned int)2>(ch_est::puschRxChEstStatDescr_t *, ch_est::puschRxChEstDynDescr_t *)"
2913813640,10272,39284,103,1,1,128,1,1,16,0.000,0.000,,,,,NVIDIA A100-SXM4-40GB MIG 4g.20gb (0),1,,13,cupy_copy__complex64_complex64
2913838472,17695,39294,1434,1,1,128,1,1,16,0.000,0.000,,,,,NVIDIA A100-SXM4-40GB MIG 4g.20gb (0),1,,13,cupy_copy__complex64_complex64
2913971686,13792,39301,103,1,1,128,1,1,16,0.000,0.000,,,,,NVIDIA A100-SXM4-40GB MIG 4g.20gb (0),1,,13,cupy_copy__complex64_complex64
2913997926,259805,39308,1,1,1,32,32,1,30,0.000,0.000,,,,,NVIDIA A100-SXM4-40GB MIG 4g.20gb (0),1,,13,"void convert_kernel<__half2, float2>(tensor_layout_any, T1 *, tensor_layout_any, const T2 *)"
2914288034,5440,39311,,,,,,,,,,0.094,17223.480,Pinned,Device,NVIDIA A100-SXM4-40GB MIG 4g.20gb (0),1,,13,[CUDA memcpy Host-to-Device]
2914316162,59903,39312,,,,,,,,,,35.810,597774.995,Device,,NVIDIA A100-SXM4-40GB MIG 4g.20gb (0),1,,13,[CUDA memset]
2914382657,1888,39314,,,,,,,,,,0.000,42.373,Pinned,Device,NVIDIA A100-SXM4-40GB MIG 4g.20gb (0),1,,13,[CUDA memcpy Host-to-Device]
2914387009,9376,39315,,,,,,,,,,0.197,20969.226,Pinned,Device,NVIDIA A100-SXM4-40GB MIG 4g.20gb (0),1,,13,[CUDA memcpy Host-to-Device]
2914523168,36383,39316,273,1,1,48,1,1,40,0.000,0.001,,,,,NVIDIA A100-SXM4-40GB MIG 4g.20gb (0),1,,13,"void pusch_noise_intf_est::noiseIntfEstNoDftSOfdmKernel<float, __half, float, float, (unsigned int)2, (unsigned int)1, (unsigned char)4, (unsigned char)4>(pusch_noise_intf_est::puschRxNoiseIntfEstDynDescr)"
2914666174,4896,39327,35,1,1,128,1,1,16,0.000,0.000,,,,,NVIDIA A100-SXM4-40GB MIG 4g.20gb (0),1,,13,cupy_copy__complex64_complex64
2914694238,2752,39336,1,1,1,1,1,1,18,0.000,0.000,,,,,NVIDIA A100-SXM4-40GB MIG 4g.20gb (0),1,,13,cupy_copy__float32_float32
2914700126,1568,39342,,,,,,,,,,0.000,2.551,Device,Pageable,NVIDIA A100-SXM4-40GB MIG 4g.20gb (0),1,,7,[CUDA memcpy Device-to-Host]
2914892155,21376,39353,1434,1,1,128,1,1,16,0.000,0.000,,,,,NVIDIA A100-SXM4-40GB MIG 4g.20gb (0),1,,13,cupy_copy__complex64_complex64
2914915419,3072,39360,103,1,1,128,1,1,16,0.000,0.000,,,,,NVIDIA A100-SXM4-40GB MIG 4g.20gb (0),1,,13,cupy_copy__complex64_complex64
2915053178,4704,39367,35,1,1,128,1,1,16,0.000,0.000,,,,,NVIDIA A100-SXM4-40GB MIG 4g.20gb (0),1,,13,cupy_copy__complex64_complex64
2915079993,3264,39374,1,1,1,1,1,1,18,0.000,0.000,,,,,NVIDIA A100-SXM4-40GB MIG 4g.20gb (0),1,,13,cupy_copy__float32_float32
2915084601,244221,39385,1,1,1,32,32,1,30,0.000,0.000,,,,,NVIDIA A100-SXM4-40GB MIG 4g.20gb (0),1,,13,"void convert_kernel<__half2, float2>(tensor_layout_any, T1 *, tensor_layout_any, const T2 *)"
2915359894,5696,39388,,,,,,,,,,0.094,16449.363,Pinned,Device,NVIDIA A100-SXM4-40GB MIG 4g.20gb (0),1,,13,[CUDA memcpy Host-to-Device]
2915445685,10080,39389,,,,,,,,,,1.547,153434.381,Device,,NVIDIA A100-SXM4-40GB MIG 4g.20gb (0),1,,13,[CUDA memset]
2915458389,3296,39394,,,,,,,,,,0.031,9495.144,Pinned,Device,NVIDIA A100-SXM4-40GB MIG 4g.20gb (0),1,,13,[CUDA memcpy Host-to-Device]
2915464501,10112,39395,,,,,,,,,,0.197,19442.958,Pinned,Device,NVIDIA A100-SXM4-40GB MIG 4g.20gb (0),1,,13,[CUDA memcpy Host-to-Device]
2915598067,27968,39396,273,1,1,8,4,1,39,0.002,0.000,,,,,NVIDIA A100-SXM4-40GB MIG 4g.20gb (0),1,,13,"void channel_eq::eqMmseCoefCompLowMimoKernel<float, float, float, (unsigned int)4, (unsigned int)1, (unsigned int)4>(const channel_eq::_puschRxChEqStatDescr *, channel_eq::_puschRxChEqCoefCompDynDescr)"
2915628723,40927,39397,273,1,1,12,11,1,51,0.002,0.000,,,,,NVIDIA A100-SXM4-40GB MIG 4g.20gb (0),1,,13,"void channel_eq::eqMmseSoftDemapKernel<float, __half, __half, float, (unsigned int)4, (unsigned short)16383>(channel_eq::_puschRxChEqStatDescr *, channel_eq::_puschRxChEqSoftDemapDynDescr)"
2915771569,580090,39398,1,1,1,32,32,1,30,0.000,0.000,,,,,NVIDIA A100-SXM4-40GB MIG 4g.20gb (0),1,,13,"void convert_kernel<float2, __half2>(tensor_layout_any, T1 *, tensor_layout_any, const T2 *)"
2916388042,15648,39410,2253,1,1,128,1,1,16,0.000,0.000,,,,,NVIDIA A100-SXM4-40GB MIG 4g.20gb (0),1,,13,cupy_copy__float16_float16
2916528009,4800,39419,282,1,1,128,1,1,16,0.000,0.000,,,,,NVIDIA A100-SXM4-40GB MIG 4g.20gb (0),1,,13,cupy_copy__complex64_complex64
2916549992,6432,39428,26,1,1,128,1,1,16,0.000,0.000,,,,,NVIDIA A100-SXM4-40GB MIG 4g.20gb (0),1,,13,cupy_copy__float32_float32
2916690183,10080,39437,103,1,1,128,1,1,16,0.000,0.000,,,,,NVIDIA A100-SXM4-40GB MIG 4g.20gb (0),1,,13,cupy_copy__complex64_complex64
2916735686,19968,39447,1434,1,1,128,1,1,16,0.000,0.000,,,,,NVIDIA A100-SXM4-40GB MIG 4g.20gb (0),1,,13,cupy_copy__complex64_complex64
2916873509,264573,39452,1,1,1,32,32,1,30,0.000,0.000,,,,,NVIDIA A100-SXM4-40GB MIG 4g.20gb (0),1,,13,"void convert_kernel<__half2, float2>(tensor_layout_any, T1 *, tensor_layout_any, const T2 *)"
2917169473,5376,39455,,,,,,,,,,0.094,17428.487,Pinned,Device,NVIDIA A100-SXM4-40GB MIG 4g.20gb (0),1,,13,[CUDA memcpy Host-to-Device]
2917218369,627064,39456,,,,,,,,,,456.561,727758.935,Device,,NVIDIA A100-SXM4-40GB MIG 4g.20gb (0),1,,13,[CUDA memset]
2917848761,52704,39461,,,,,,,,,,1.235,23430.593,Pinned,Device,NVIDIA A100-SXM4-40GB MIG 4g.20gb (0),1,,13,[CUDA memcpy Host-to-Device]
2917903897,9376,39462,,,,,,,,,,0.197,20969.226,Pinned,Device,NVIDIA A100-SXM4-40GB MIG 4g.20gb (0),1,,13,[CUDA memcpy Host-to-Device]
2918006648,35327,39463,69,4,1,48,1,1,76,0.002,0.000,,,,,NVIDIA A100-SXM4-40GB MIG 4g.20gb (0),1,,13,"void ch_est::windowedChEstPreNoDftSOfdmKernel<float, __half, float, (unsigned int)2, (unsigned int)1, (unsigned short)4>(ch_est::puschRxChEstStatDescr_t *, ch_est::puschRxChEstDynDescr_t *)"
2918137302,18688,39464,137,2,1,24,2,1,44,0.001,0.001,,,,,NVIDIA A100-SXM4-40GB MIG 4g.20gb (0),1,,13,"void ch_est::chEstFilterNoDftSOfdmDispatchKernel<float, __half, float, (unsigned int)2>(ch_est::puschRxChEstStatDescr_t *, ch_est::puschRxChEstDynDescr_t *)"
2918162038,48799,39465,137,2,1,24,2,1,44,0.001,0.001,,,,,NVIDIA A100-SXM4-40GB MIG 4g.20gb (0),1,,13,"void ch_est::chEstFilterNoDftSOfdmDispatchKernel<float, __half, float, (unsigned int)2>(ch_est::puschRxChEstStatDescr_t *, ch_est::puschRxChEstDynDescr_t *)"
2918287252,8000,39476,103,1,1,128,1,1,16,0.000,0.000,,,,,NVIDIA A100-SXM4-40GB MIG 4g.20gb (0),1,,13,cupy_copy__complex64_complex64
2918314164,16256,39486,1434,1,1,128,1,1,16,0.000,0.000,,,,,NVIDIA A100-SXM4-40GB MIG 4g.20gb (0),1,,13,cupy_copy__complex64_complex64
2918442355,12575,39493,103,1,1,128,1,1,16,0.000,0.000,,,,,NVIDIA A100-SXM4-40GB MIG 4g.20gb (0),1,,13,cupy_copy__complex64_complex64
2918468722,251037,39500,1,1,1,32,32,1,30,0.000,0.000,,,,,NVIDIA A100-SXM4-40GB MIG 4g.20gb (0),1,,13,"void convert_kernel<__half2, float2>(tensor_layout_any, T1 *, tensor_layout_any, const T2 *)"
2918749775,5408,39503,,,,,,,,,,0.094,17325.421,Pinned,Device,NVIDIA A100-SXM4-40GB MIG 4g.20gb (0),1,,13,[CUDA memcpy Host-to-Device]
2918781327,59999,39504,,,,,,,,,,35.810,596808.127,Device,,NVIDIA A100-SXM4-40GB MIG 4g.20gb (0),1,,13,[CUDA memset]
2918842702,1856,39506,,,,,,,,,,0.000,43.103,Pinned,Device,NVIDIA A100-SXM4-40GB MIG 4g.20gb (0),1,,13,[CUDA memcpy Host-to-Device]
2918848622,10496,39507,,,,,,,,,,0.197,18731.631,Pinned,Device,NVIDIA A100-SXM4-40GB MIG 4g.20gb (0),1,,13,[CUDA memcpy Host-to-Device]
2919011372,42752,39508,273,1,1,48,1,1,40,0.000,0.001,,,,,NVIDIA A100-SXM4-40GB MIG 4g.20gb (0),1,,13,"void pusch_noise_intf_est::noiseIntfEstNoDftSOfdmKernel<float, __half, float, float, (unsigned int)2, (unsigned int)1, (unsigned char)4, (unsigned char)4>(pusch_noise_intf_est::puschRxNoiseIntfEstDynDescr)"
2919134123,6912,39519,35,1,1,128,1,1,16,0.000,0.000,,,,,NVIDIA A100-SXM4-40GB MIG 4g.20gb (0),1,,13,cupy_copy__complex64_complex64
2919157706,3776,39528,1,1,1,1,1,1,18,0.000,0.000,,,,,NVIDIA A100-SXM4-40GB MIG 4g.20gb (0),1,,13,cupy_copy__float32_float32
2919166314,1632,39534,,,,,,,,,,0.000,2.451,Device,Pageable,NVIDIA A100-SXM4-40GB MIG 4g.20gb (0),1,,7,[CUDA memcpy Device-to-Host]
2919324776,20416,39545,1434,1,1,128,1,1,16,0.000,0.000,,,,,NVIDIA A100-SXM4-40GB MIG 4g.20gb (0),1,,13,cupy_copy__complex64_complex64
2919482023,4672,39552,103,1,1,128,1,1,16,0.000,0.000,,,,,NVIDIA A100-SXM4-40GB MIG 4g.20gb (0),1,,13,cupy_copy__complex64_complex64
2919506822,23232,39559,35,1,1,128,1,1,16,0.000,0.000,,,,,NVIDIA A100-SXM4-40GB MIG 4g.20gb (0),1,,13,cupy_copy__complex64_complex64
2919656901,4448,39566,1,1,1,1,1,1,18,0.000,0.000,,,,,NVIDIA A100-SXM4-40GB MIG 4g.20gb (0),1,,13,cupy_copy__float32_float32
2919681604,247230,39577,1,1,1,32,32,1,30,0.000,0.000,,,,,NVIDIA A100-SXM4-40GB MIG 4g.20gb (0),1,,13,"void convert_kernel<__half2, float2>(tensor_layout_any, T1 *, tensor_layout_any, const T2 *)"
2919960065,5376,39580,,,,,,,,,,0.094,17428.487,Pinned,Device,NVIDIA A100-SXM4-40GB MIG 4g.20gb (0),1,,13,[CUDA memcpy Host-to-Device]
2920035520,12640,39581,,,,,,,,,,1.547,122358.065,Device,,NVIDIA A100-SXM4-40GB MIG 4g.20gb (0),1,,13,[CUDA memset]
2920054784,2976,39586,,,,,,,,,,0.031,10516.113,Pinned,Device,NVIDIA A100-SXM4-40GB MIG 4g.20gb (0),1,,13,[CUDA memcpy Host-to-Device]
2920060224,10112,39587,,,,,,,,,,0.197,19442.958,Pinned,Device,NVIDIA A100-SXM4-40GB MIG 4g.20gb (0),1,,13,[CUDA memcpy Host-to-Device]
2920187359,30367,39588,273,1,1,8,4,1,39,0.002,0.000,,,,,NVIDIA A100-SXM4-40GB MIG 4g.20gb (0),1,,13,"void channel_eq::eqMmseCoefCompLowMimoKernel<float, float, float, (unsigned int)4, (unsigned int)1, (unsigned int)4>(const channel_eq::_puschRxChEqStatDescr *, channel_eq::_puschRxChEqCoefCompDynDescr)"
2920219550,39936,39589,273,1,1,12,11,1,51,0.002,0.000,,,,,NVIDIA A100-SXM4-40GB MIG 4g.20gb (0),1,,13,"void channel_eq::eqMmseSoftDemapKernel<float, __half, __half, float, (unsigned int)4, (unsigned short)16383>(channel_eq::_puschRxChEqStatDescr *, channel_eq::_puschRxChEqSoftDemapDynDescr)"
2920341341,573881,39590,1,1,1,32,32,1,30,0.000,0.000,,,,,NVIDIA A100-SXM4-40GB MIG 4g.20gb (0),1,,13,"void convert_kernel<float2, __half2>(tensor_layout_any, T1 *, tensor_layout_any, const T2 *)"
2920961590,15167,39602,2253,1,1,128,1,1,16,0.000,0.000,,,,,NVIDIA A100-SXM4-40GB MIG 4g.20gb (0),1,,13,cupy_copy__float16_float16
2920978453,4224,39611,282,1,1,128,1,1,16,0.000,0.000,,,,,NVIDIA A100-SXM4-40GB MIG 4g.20gb (0),1,,13,cupy_copy__complex64_complex64
2921091508,15648,39620,26,1,1,128,1,1,16,0.000,0.000,,,,,NVIDIA A100-SXM4-40GB MIG 4g.20gb (0),1,,13,cupy_copy__float32_float32
2921113012,16096,39629,103,1,1,128,1,1,16,0.000,0.000,,,,,NVIDIA A100-SXM4-40GB MIG 4g.20gb (0),1,,13,cupy_copy__complex64_complex64
2921289266,14752,39639,1434,1,1,128,1,1,16,0.000,0.000,,,,,NVIDIA A100-SXM4-40GB MIG 4g.20gb (0),1,,13,cupy_copy__complex64_complex64
2921316498,216157,39644,1,1,1,32,32,1,30,0.000,0.000,,,,,NVIDIA A100-SXM4-40GB MIG 4g.20gb (0),1,,13,"void convert_kernel<__half2, float2>(tensor_layout_any, T1 *, tensor_layout_any, const T2 *)"
2921561935,5376,39647,,,,,,,,,,0.094,17428.487,Pinned,Device,NVIDIA A100-SXM4-40GB MIG 4g.20gb (0),1,,13,[CUDA memcpy Host-to-Device]
2921609774,626585,39648,,,,,,,,,,456.561,728215.497,Device,,NVIDIA A100-SXM4-40GB MIG 4g.20gb (0),1,,13,[CUDA memset]
2922243879,50751,39653,,,,,,,,,,1.235,24333.337,Pinned,Device,NVIDIA A100-SXM4-40GB MIG 4g.20gb (0),1,,13,[CUDA memcpy Host-to-Device]
2922297062,9344,39654,,,,,,,,,,0.197,21040.988,Pinned,Device,NVIDIA A100-SXM4-40GB MIG 4g.20gb (0),1,,13,[CUDA memcpy Host-to-Device]
2922406373,34848,39655,69,4,1,48,1,1,76,0.002,0.000,,,,,NVIDIA A100-SXM4-40GB MIG 4g.20gb (0),1,,13,"void ch_est::windowedChEstPreNoDftSOfdmKernel<float, __half, float, (unsigned int)2, (unsigned int)1, (unsigned short)4>(ch_est::puschRxChEstStatDescr_t *, ch_est::puschRxChEstDynDescr_t *)"
2922534020,24255,39656,137,2,1,24,2,1,44,0.001,0.001,,,,,NVIDIA A100-SXM4-40GB MIG 4g.20gb (0),1,,13,"void ch_est::chEstFilterNoDftSOfdmDispatchKernel<float, __half, float, (unsigned int)2>(ch_est::puschRxChEstStatDescr_t *, ch_est::puschRxChEstDynDescr_t *)"
2922559907,33536,39657,137,2,1,24,2,1,44,0.001,0.001,,,,,NVIDIA A100-SXM4-40GB MIG 4g.20gb (0),1,,13,"void ch_est::chEstFilterNoDftSOfdmDispatchKernel<float, __half, float, (unsigned int)2>(ch_est::puschRxChEstStatDescr_t *, ch_est::puschRxChEstDynDescr_t *)"
2922693506,9952,39668,103,1,1,128,1,1,16,0.000,0.000,,,,,NVIDIA A100-SXM4-40GB MIG 4g.20gb (0),1,,13,cupy_copy__complex64_complex64
2922718017,17120,39678,1434,1,1,128,1,1,16,0.000,0.000,,,,,NVIDIA A100-SXM4-40GB MIG 4g.20gb (0),1,,13,cupy_copy__complex64_complex64
2922843424,13792,39685,103,1,1,128,1,1,16,0.000,0.000,,,,,NVIDIA A100-SXM4-40GB MIG 4g.20gb (0),1,,13,cupy_copy__complex64_complex64
2922867360,247965,39692,1,1,1,32,32,1,30,0.000,0.000,,,,,NVIDIA A100-SXM4-40GB MIG 4g.20gb (0),1,,13,"void convert_kernel<__half2, float2>(tensor_layout_any, T1 *, tensor_layout_any, const T2 *)"
2923145053,5951,39695,,,,,,,,,,0.094,15744.488,Pinned,Device,NVIDIA A100-SXM4-40GB MIG 4g.20gb (0),1,,13,[CUDA memcpy Host-to-Device]
2923171580,61760,39696,,,,,,,,,,35.810,579798.415,Device,,NVIDIA A100-SXM4-40GB MIG 4g.20gb (0),1,,13,[CUDA memset]
2923238107,1888,39698,,,,,,,,,,0.000,42.373,Pinned,Device,NVIDIA A100-SXM4-40GB MIG 4g.20gb (0),1,,13,[CUDA memcpy Host-to-Device]
2923242555,9376,39699,,,,,,,,,,0.197,20969.226,Pinned,Device,NVIDIA A100-SXM4-40GB MIG 4g.20gb (0),1,,13,[CUDA memcpy Host-to-Device]
2923412441,28896,39700,273,1,1,48,1,1,40,0.000,0.001,,,,,NVIDIA A100-SXM4-40GB MIG 4g.20gb (0),1,,13,"void pusch_noise_intf_est::noiseIntfEstNoDftSOfdmKernel<float, __half, float, float, (unsigned int)2, (unsigned int)1, (unsigned char)4, (unsigned char)4>(pusch_noise_intf_est::puschRxNoiseIntfEstDynDescr)"
2923541112,4384,39711,35,1,1,128,1,1,16,0.000,0.000,,,,,NVIDIA A100-SXM4-40GB MIG 4g.20gb (0),1,,13,cupy_copy__complex64_complex64
2923571608,3840,39720,1,1,1,1,1,1,18,0.000,0.000,,,,,NVIDIA A100-SXM4-40GB MIG 4g.20gb (0),1,,13,cupy_copy__float32_float32
2923576536,3296,39726,,,,,,,,,,0.000,1.214,Device,Pageable,NVIDIA A100-SXM4-40GB MIG 4g.20gb (0),1,,7,[CUDA memcpy Device-to-Host]
2923759061,20992,39737,1434,1,1,128,1,1,16,0.000,0.000,,,,,NVIDIA A100-SXM4-40GB MIG 4g.20gb (0),1,,13,cupy_copy__complex64_complex64
2923781333,3488,39744,103,1,1,128,1,1,16,0.000,0.000,,,,,NVIDIA A100-SXM4-40GB MIG 4g.20gb (0),1,,13,cupy_copy__complex64_complex64
2923929492,25855,39751,35,1,1,128,1,1,16,0.000,0.000,,,,,NVIDIA A100-SXM4-40GB MIG 4g.20gb (0),1,,13,cupy_copy__complex64_complex64
2924060946,3392,39758,1,1,1,1,1,1,18,0.000,0.000,,,,,NVIDIA A100-SXM4-40GB MIG 4g.20gb (0),1,,13,cupy_copy__float32_float32
2924086770,243645,39769,1,1,1,32,32,1,30,0.000,0.000,,,,,NVIDIA A100-SXM4-40GB MIG 4g.20gb (0),1,,13,"void convert_kernel<__half2, float2>(tensor_layout_any, T1 *, tensor_layout_any, const T2 *)"
2924360623,5376,39772,,,,,,,,,,0.094,17428.487,Pinned,Device,NVIDIA A100-SXM4-40GB MIG 4g.20gb (0),1,,13,[CUDA memcpy Host-to-Device]
2924424622,12448,39773,,,,,,,,,,1.547,124246.492,Device,,NVIDIA A100-SXM4-40GB MIG 4g.20gb (0),1,,13,[CUDA memset]
2924439598,4000,39778,,,,,,,,,,0.031,7824.000,Pinned,Device,NVIDIA A100-SXM4-40GB MIG 4g.20gb (0),1,,13,[CUDA memcpy Host-to-Device]
2924448174,9887,39779,,,,,,,,,,0.197,19885.326,Pinned,Device,NVIDIA A100-SXM4-40GB MIG 4g.20gb (0),1,,13,[CUDA memcpy Host-to-Device]
2924564492,27264,39780,273,1,1,8,4,1,39,0.002,0.000,,,,,NVIDIA A100-SXM4-40GB MIG 4g.20gb (0),1,,13,"void channel_eq::eqMmseCoefCompLowMimoKernel<float, float, float, (unsigned int)4, (unsigned int)1, (unsigned int)4>(const channel_eq::_puschRxChEqStatDescr *, channel_eq::_puschRxChEqCoefCompDynDescr)"
2924593644,42079,39781,273,1,1,12,11,1,51,0.002,0.000,,,,,NVIDIA A100-SXM4-40GB MIG 4g.20gb (0),1,,13,"void channel_eq::eqMmseSoftDemapKernel<float, __half, __half, float, (unsigned int)4, (unsigned short)16383>(channel_eq::_puschRxChEqStatDescr *, channel_eq::_puschRxChEqSoftDemapDynDescr)"
2924739754,587897,39782,1,1,1,32,32,1,30,0.000,0.000,,,,,NVIDIA A100-SXM4-40GB MIG 4g.20gb (0),1,,13,"void convert_kernel<float2, __half2>(tensor_layout_any, T1 *, tensor_layout_any, const T2 *)"
2925383587,16480,39794,2253,1,1,128,1,1,16,0.000,0.000,,,,,NVIDIA A100-SXM4-40GB MIG 4g.20gb (0),1,,13,cupy_copy__float16_float16
2925518817,15520,39803,282,1,1,128,1,1,16,0.000,0.000,,,,,NVIDIA A100-SXM4-40GB MIG 4g.20gb (0),1,,13,cupy_copy__complex64_complex64
2925541025,6080,39812,26,1,1,128,1,1,16,0.000,0.000,,,,,NVIDIA A100-SXM4-40GB MIG 4g.20gb (0),1,,13,cupy_copy__float32_float32
2925682847,5856,39821,103,1,1,128,1,1,16,0.000,0.000,,,,,NVIDIA A100-SXM4-40GB MIG 4g.20gb (0),1,,13,cupy_copy__complex64_complex64
2925708287,21056,39831,1434,1,1,128,1,1,16,0.000,0.000,,,,,NVIDIA A100-SXM4-40GB MIG 4g.20gb (0),1,,13,cupy_copy__complex64_complex64
2925845981,255710,39836,1,1,1,32,32,1,30,0.000,0.000,,,,,NVIDIA A100-SXM4-40GB MIG 4g.20gb (0),1,,13,"void convert_kernel<__half2, float2>(tensor_layout_any, T1 *, tensor_layout_any, const T2 *)"
2926132218,5376,39839,,,,,,,,,,0.094,17428.487,Pinned,Device,NVIDIA A100-SXM4-40GB MIG 4g.20gb (0),1,,13,[CUDA memcpy Host-to-Device]
2926184634,629560,39840,,,,,,,,,,456.561,725019.567,Device,,NVIDIA A100-SXM4-40GB MIG 4g.20gb (0),1,,13,[CUDA memset]
2926815186,51872,39845,,,,,,,,,,1.235,23807.250,Pinned,Device,NVIDIA A100-SXM4-40GB MIG 4g.20gb (0),1,,13,[CUDA memcpy Host-to-Device]
2926870610,12640,39846,,,,,,,,,,0.197,15554.249,Pinned,Device,NVIDIA A100-SXM4-40GB MIG 4g.20gb (0),1,,13,[CUDA memcpy Host-to-Device]
2926994928,29888,39847,69,4,1,48,1,1,76,0.002,0.000,,,,,NVIDIA A100-SXM4-40GB MIG 4g.20gb (0),1,,13,"void ch_est::windowedChEstPreNoDftSOfdmKernel<float, __half, float, (unsigned int)2, (unsigned int)1, (unsigned short)4>(ch_est::puschRxChEstStatDescr_t *, ch_est::puschRxChEstDynDescr_t *)"
2927125423,23872,39848,137,2,1,24,2,1,44,0.001,0.001,,,,,NVIDIA A100-SXM4-40GB MIG 4g.20gb (0),1,,13,"void ch_est::chEstFilterNoDftSOfdmDispatchKernel<float, __half, float, (unsigned int)2>(ch_est::puschRxChEstStatDescr_t *, ch_est::puschRxChEstDynDescr_t *)"
2927151758,31936,39849,137,2,1,24,2,1,44,0.001,0.001,,,,,NVIDIA A100-SXM4-40GB MIG 4g.20gb (0),1,,13,"void ch_est::chEstFilterNoDftSOfdmDispatchKernel<float, __half, float, (unsigned int)2>(ch_est::puschRxChEstStatDescr_t *, ch_est::puschRxChEstDynDescr_t *)"
2927292621,4768,39860,103,1,1,128,1,1,16,0.000,0.000,,,,,NVIDIA A100-SXM4-40GB MIG 4g.20gb (0),1,,13,cupy_copy__complex64_complex64
2927319501,16063,39870,1434,1,1,128,1,1,16,0.000,0.000,,,,,NVIDIA A100-SXM4-40GB MIG 4g.20gb (0),1,,13,cupy_copy__complex64_complex64
2927457643,14816,39877,103,1,1,128,1,1,16,0.000,0.000,,,,,NVIDIA A100-SXM4-40GB MIG 4g.20gb (0),1,,13,cupy_copy__complex64_complex64
2927484267,251837,39884,1,1,1,32,32,1,30,0.000,0.000,,,,,NVIDIA A100-SXM4-40GB MIG 4g.20gb (0),1,,13,"void convert_kernel<__half2, float2>(tensor_layout_any, T1 *, tensor_layout_any, const T2 *)"
2927765927,5408,39887,,,,,,,,,,0.094,17325.421,Pinned,Device,NVIDIA A100-SXM4-40GB MIG 4g.20gb (0),1,,13,[CUDA memcpy Host-to-Device]
2927797383,61407,39888,,,,,,,,,,35.810,583128.737,Device,,NVIDIA A100-SXM4-40GB MIG 4g.20gb (0),1,,13,[CUDA memset]
2927866246,1824,39890,,,,,,,,,,0.000,43.860,Pinned,Device,NVIDIA A100-SXM4-40GB MIG 4g.20gb (0),1,,13,[CUDA memcpy Host-to-Device]
2927872422,9600,39891,,,,,,,,,,0.197,20479.869,Pinned,Device,NVIDIA A100-SXM4-40GB MIG 4g.20gb (0),1,,13,[CUDA memcpy Host-to-Device]
2928025252,46368,39892,273,1,1,48,1,1,40,0.000,0.001,,,,,NVIDIA A100-SXM4-40GB MIG 4g.20gb (0),1,,13,"void pusch_noise_intf_est::noiseIntfEstNoDftSOfdmKernel<float, __half, float, float, (unsigned int)2, (unsigned int)1, (unsigned char)4, (unsigned char)4>(pusch_noise_intf_est::puschRxNoiseIntfEstDynDescr)"
2928168163,16256,39903,35,1,1,128,1,1,16,0.000,0.000,,,,,NVIDIA A100-SXM4-40GB MIG 4g.20gb (0),1,,13,cupy_copy__complex64_complex64
2928187747,3136,39912,1,1,1,1,1,1,18,0.000,0.000,,,,,NVIDIA A100-SXM4-40GB MIG 4g.20gb (0),1,,13,cupy_copy__float32_float32
2928191363,2112,39918,,,,,,,,,,0.000,1.894,Device,Pageable,NVIDIA A100-SXM4-40GB MIG 4g.20gb (0),1,,7,[CUDA memcpy Device-to-Host]
2928368417,17599,39929,1434,1,1,128,1,1,16,0.000,0.000,,,,,NVIDIA A100-SXM4-40GB MIG 4g.20gb (0),1,,13,cupy_copy__complex64_complex64
2928387360,3200,39936,103,1,1,128,1,1,16,0.000,0.000,,,,,NVIDIA A100-SXM4-40GB MIG 4g.20gb (0),1,,13,cupy_copy__complex64_complex64
2928396960,2848,39943,35,1,1,128,1,1,16,0.000,0.000,,,,,NVIDIA A100-SXM4-40GB MIG 4g.20gb (0),1,,13,cupy_copy__complex64_complex64
2928584606,6624,39950,1,1,1,1,1,1,18,0.000,0.000,,,,,NVIDIA A100-SXM4-40GB MIG 4g.20gb (0),1,,13,cupy_copy__float32_float32
2928619870,249021,39961,1,1,1,32,32,1,30,0.000,0.000,,,,,NVIDIA A100-SXM4-40GB MIG 4g.20gb (0),1,,13,"void convert_kernel<__half2, float2>(tensor_layout_any, T1 *, tensor_layout_any, const T2 *)"
2928899066,5408,39964,,,,,,,,,,0.094,17325.421,Pinned,Device,NVIDIA A100-SXM4-40GB MIG 4g.20gb (0),1,,13,[CUDA memcpy Host-to-Device]
2929037337,13888,39965,,,,,,,,,,1.547,111363.114,Device,,NVIDIA A100-SXM4-40GB MIG 4g.20gb (0),1,,13,[CUDA memset]
2929055769,3200,39970,,,,,,,,,,0.031,9780.000,Pinned,Device,NVIDIA A100-SXM4-40GB MIG 4g.20gb (0),1,,13,[CUDA memcpy Host-to-Device]
2929062489,10015,39971,,,,,,,,,,0.197,19631.309,Pinned,Device,NVIDIA A100-SXM4-40GB MIG 4g.20gb (0),1,,13,[CUDA memcpy Host-to-Device]
2929208023,50527,39972,273,1,1,8,4,1,39,0.002,0.000,,,,,NVIDIA A100-SXM4-40GB MIG 4g.20gb (0),1,,13,"void channel_eq::eqMmseCoefCompLowMimoKernel<float, float, float, (unsigned int)4, (unsigned int)1, (unsigned int)4>(const channel_eq::_puschRxChEqStatDescr *, channel_eq::_puschRxChEqCoefCompDynDescr)"
2929391829,42143,39973,273,1,1,12,11,1,51,0.002,0.000,,,,,NVIDIA A100-SXM4-40GB MIG 4g.20gb (0),1,,13,"void channel_eq::eqMmseSoftDemapKernel<float, __half, __half, float, (unsigned int)4, (unsigned short)16383>(channel_eq::_puschRxChEqStatDescr *, channel_eq::_puschRxChEqSoftDemapDynDescr)"
2929527475,582553,39974,1,1,1,32,32,1,30,0.000,0.000,,,,,NVIDIA A100-SXM4-40GB MIG 4g.20gb (0),1,,13,"void convert_kernel<float2, __half2>(tensor_layout_any, T1 *, tensor_layout_any, const T2 *)"
2930142796,16000,39986,2253,1,1,128,1,1,16,0.000,0.000,,,,,NVIDIA A100-SXM4-40GB MIG 4g.20gb (0),1,,13,cupy_copy__float16_float16
2930282539,5567,39995,282,1,1,128,1,1,16,0.000,0.000,,,,,NVIDIA A100-SXM4-40GB MIG 4g.20gb (0),1,,13,cupy_copy__complex64_complex64
2930305130,8032,40004,26,1,1,128,1,1,16,0.000,0.000,,,,,NVIDIA A100-SXM4-40GB MIG 4g.20gb (0),1,,13,cupy_copy__float32_float32
2930441577,18079,40013,103,1,1,128,1,1,16,0.000,0.000,,,,,NVIDIA A100-SXM4-40GB MIG 4g.20gb (0),1,,13,cupy_copy__complex64_complex64
2930486120,18048,40023,1434,1,1,128,1,1,16,0.000,0.000,,,,,NVIDIA A100-SXM4-40GB MIG 4g.20gb (0),1,,13,cupy_copy__complex64_complex64
2930618663,241885,40028,1,1,1,32,32,1,30,0.000,0.000,,,,,NVIDIA A100-SXM4-40GB MIG 4g.20gb (0),1,,13,"void convert_kernel<__half2, float2>(tensor_layout_any, T1 *, tensor_layout_any, const T2 *)"
2930892707,5344,40031,,,,,,,,,,0.094,17532.864,Pinned,Device,NVIDIA A100-SXM4-40GB MIG 4g.20gb (0),1,,13,[CUDA memcpy Host-to-Device]
2930959651,621945,40032,,,,,,,,,,456.561,733694.234,Device,,NVIDIA A100-SXM4-40GB MIG 4g.20gb (0),1,,13,[CUDA memset]
2931590619,50016,40037,,,,,,,,,,1.235,24690.235,Pinned,Device,NVIDIA A100-SXM4-40GB MIG 4g.20gb (0),1,,13,[CUDA memcpy Host-to-Device]
2931643067,9920,40038,,,,,,,,,,0.197,19819.266,Pinned,Device,NVIDIA A100-SXM4-40GB MIG 4g.20gb (0),1,,13,[CUDA memcpy Host-to-Device]
2931749402,38495,40039,69,4,1,48,1,1,76,0.002,0.000,,,,,NVIDIA A100-SXM4-40GB MIG 4g.20gb (0),1,,13,"void ch_est::windowedChEstPreNoDftSOfdmKernel<float, __half, float, (unsigned int)2, (unsigned int)1, (unsigned short)4>(ch_est::puschRxChEstStatDescr_t *, ch_est::puschRxChEstDynDescr_t *)"
2931879832,26336,40040,137,2,1,24,2,1,44,0.001,0.001,,,,,NVIDIA A100-SXM4-40GB MIG 4g.20gb (0),1,,13,"void ch_est::chEstFilterNoDftSOfdmDispatchKernel<float, __half, float, (unsigned int)2>(ch_est::puschRxChEstStatDescr_t *, ch_est::puschRxChEstDynDescr_t *)"
2931908760,24704,40041,137,2,1,24,2,1,44,0.001,0.001,,,,,NVIDIA A100-SXM4-40GB MIG 4g.20gb (0),1,,13,"void ch_est::chEstFilterNoDftSOfdmDispatchKernel<float, __half, float, (unsigned int)2>(ch_est::puschRxChEstStatDescr_t *, ch_est::puschRxChEstDynDescr_t *)"
2932043670,5696,40052,103,1,1,128,1,1,16,0.000,0.000,,,,,NVIDIA A100-SXM4-40GB MIG 4g.20gb (0),1,,13,cupy_copy__complex64_complex64
2932066838,16800,40062,1434,1,1,128,1,1,16,0.000,0.000,,,,,NVIDIA A100-SXM4-40GB MIG 4g.20gb (0),1,,13,cupy_copy__complex64_complex64
2932192533,12863,40069,103,1,1,128,1,1,16,0.000,0.000,,,,,NVIDIA A100-SXM4-40GB MIG 4g.20gb (0),1,,13,cupy_copy__complex64_complex64
2932222804,249245,40076,1,1,1,32,32,1,30,0.000,0.000,,,,,NVIDIA A100-SXM4-40GB MIG 4g.20gb (0),1,,13,"void convert_kernel<__half2, float2>(tensor_layout_any, T1 *, tensor_layout_any, const T2 *)"
2932502321,5472,40079,,,,,,,,,,0.094,17122.757,Pinned,Device,NVIDIA A100-SXM4-40GB MIG 4g.20gb (0),1,,13,[CUDA memcpy Host-to-Device]
2932526705,59903,40080,,,,,,,,,,35.810,597774.995,Device,,NVIDIA A100-SXM4-40GB MIG 4g.20gb (0),1,,13,[CUDA memset]
2932593552,1824,40082,,,,,,,,,,0.000,43.860,Pinned,Device,NVIDIA A100-SXM4-40GB MIG 4g.20gb (0),1,,13,[CUDA memcpy Host-to-Device]
2932597808,9344,40083,,,,,,,,,,0.197,21040.988,Pinned,Device,NVIDIA A100-SXM4-40GB MIG 4g.20gb (0),1,,13,[CUDA memcpy Host-to-Device]
2932750286,36384,40084,273,1,1,48,1,1,40,0.000,0.001,,,,,NVIDIA A100-SXM4-40GB MIG 4g.20gb (0),1,,13,"void pusch_noise_intf_est::noiseIntfEstNoDftSOfdmKernel<float, __half, float, float, (unsigned int)2, (unsigned int)1, (unsigned char)4, (unsigned char)4>(pusch_noise_intf_est::puschRxNoiseIntfEstDynDescr)"
2932891597,19871,40095,35,1,1,128,1,1,16,0.000,0.000,,,,,NVIDIA A100-SXM4-40GB MIG 4g.20gb (0),1,,13,cupy_copy__complex64_complex64
2933032075,2688,40104,1,1,1,1,1,1,18,0.000,0.000,,,,,NVIDIA A100-SXM4-40GB MIG 4g.20gb (0),1,,13,cupy_copy__float32_float32
2933035627,1600,40110,,,,,,,,,,0.000,2.500,Device,Pageable,NVIDIA A100-SXM4-40GB MIG 4g.20gb (0),1,,7,[CUDA memcpy Device-to-Host]
2933219753,16640,40121,1434,1,1,128,1,1,16,0.000,0.000,,,,,NVIDIA A100-SXM4-40GB MIG 4g.20gb (0),1,,13,cupy_copy__complex64_complex64
2933242792,9920,40128,103,1,1,128,1,1,16,0.000,0.000,,,,,NVIDIA A100-SXM4-40GB MIG 4g.20gb (0),1,,13,cupy_copy__complex64_complex64
2933370951,9568,40135,35,1,1,128,1,1,16,0.000,0.000,,,,,NVIDIA A100-SXM4-40GB MIG 4g.20gb (0),1,,13,cupy_copy__complex64_complex64
2933396423,3968,40142,1,1,1,1,1,1,18,0.000,0.000,,,,,NVIDIA A100-SXM4-40GB MIG 4g.20gb (0),1,,13,cupy_copy__float32_float32
2933401991,195293,40153,1,1,1,32,32,1,30,0.000,0.000,,,,,NVIDIA A100-SXM4-40GB MIG 4g.20gb (0),1,,13,"void convert_kernel<__half2, float2>(tensor_layout_any, T1 *, tensor_layout_any, const T2 *)"
2933628132,5376,40156,,,,,,,,,,0.094,17428.487,Pinned,Device,NVIDIA A100-SXM4-40GB MIG 4g.20gb (0),1,,13,[CUDA memcpy Host-to-Device]
2933750819,12543,40157,,,,,,,,,,1.547,123304.598,Device,,NVIDIA A100-SXM4-40GB MIG 4g.20gb (0),1,,13,[CUDA memset]
2933769826,3008,40162,,,,,,,,,,0.031,10404.230,Pinned,Device,NVIDIA A100-SXM4-40GB MIG 4g.20gb (0),1,,13,[CUDA memcpy Host-to-Device]
2933775586,9952,40163,,,,,,,,,,0.197,19755.565,Pinned,Device,NVIDIA A100-SXM4-40GB MIG 4g.20gb (0),1,,13,[CUDA memcpy Host-to-Device]
2933904513,27392,40164,273,1,1,8,4,1,39,0.002,0.000,,,,,NVIDIA A100-SXM4-40GB MIG 4g.20gb (0),1,,13,"void channel_eq::eqMmseCoefCompLowMimoKernel<float, float, float, (unsigned int)4, (unsigned int)1, (unsigned int)4>(const channel_eq::_puschRxChEqStatDescr *, channel_eq::_puschRxChEqCoefCompDynDescr)"
2933939680,26464,40165,273,1,1,12,11,1,51,0.002,0.000,,,,,NVIDIA A100-SXM4-40GB MIG 4g.20gb (0),1,,13,"void channel_eq::eqMmseSoftDemapKernel<float, __half, __half, float, (unsigned int)4, (unsigned short)16383>(channel_eq::_puschRxChEqStatDescr *, channel_eq::_puschRxChEqSoftDemapDynDescr)"
2934069599,571225,40166,1,1,1,32,32,1,30,0.000,0.000,,,,,NVIDIA A100-SXM4-40GB MIG 4g.20gb (0),1,,13,"void convert_kernel<float2, __half2>(tensor_layout_any, T1 *, tensor_layout_any, const T2 *)"
2934687192,15264,40178,2253,1,1,128,1,1,16,0.000,0.000,,,,,NVIDIA A100-SXM4-40GB MIG 4g.20gb (0),1,,13,cupy_copy__float16_float16
2934810614,16608,40187,282,1,1,128,1,1,16,0.000,0.000,,,,,NVIDIA A100-SXM4-40GB MIG 4g.20gb (0),1,,13,cupy_copy__complex64_complex64
2934831894,7104,40196,26,1,1,128,1,1,16,0.000,0.000,,,,,NVIDIA A100-SXM4-40GB MIG 4g.20gb (0),1,,13,cupy_copy__float32_float32
2934966005,6400,40205,103,1,1,128,1,1,16,0.000,0.000,,,,,NVIDIA A100-SXM4-40GB MIG 4g.20gb (0),1,,13,cupy_copy__complex64_complex64
2934991540,22560,40215,1434,1,1,128,1,1,16,0.000,0.000,,,,,NVIDIA A100-SXM4-40GB MIG 4g.20gb (0),1,,13,cupy_copy__complex64_complex64
2935143763,254589,40220,1,1,1,32,32,1,30,0.000,0.000,,,,,NVIDIA A100-SXM4-40GB MIG 4g.20gb (0),1,,13,"void convert_kernel<__half2, float2>(tensor_layout_any, T1 *, tensor_layout_any, const T2 *)"
2935427887,5408,40223,,,,,,,,,,0.094,17325.421,Pinned,Device,NVIDIA A100-SXM4-40GB MIG 4g.20gb (0),1,,13,[CUDA memcpy Host-to-Device]
2935469359,622137,40224,,,,,,,,,,456.561,733694.234,Device,,NVIDIA A100-SXM4-40GB MIG 4g.20gb (0),1,,13,[CUDA memset]
2936098216,49631,40229,,,,,,,,,,1.235,24881.652,Pinned,Device,NVIDIA A100-SXM4-40GB MIG 4g.20gb (0),1,,13,[CUDA memcpy Host-to-Device]
2936150311,9376,40230,,,,,,,,,,0.197,20969.226,Pinned,Device,NVIDIA A100-SXM4-40GB MIG 4g.20gb (0),1,,13,[CUDA memcpy Host-to-Device]
2936257798,41119,40231,69,4,1,48,1,1,76,0.002,0.000,,,,,NVIDIA A100-SXM4-40GB MIG 4g.20gb (0),1,,13,"void ch_est::windowedChEstPreNoDftSOfdmKernel<float, __half, float, (unsigned int)2, (unsigned int)1, (unsigned short)4>(ch_est::puschRxChEstStatDescr_t *, ch_est::puschRxChEstDynDescr_t *)"
2936398500,27712,40232,137,2,1,24,2,1,44,0.001,0.001,,,,,NVIDIA A100-SXM4-40GB MIG 4g.20gb (0),1,,13,"void ch_est::chEstFilterNoDftSOfdmDispatchKernel<float, __half, float, (unsigned int)2>(ch_est::puschRxChEstStatDescr_t *, ch_est::puschRxChEstDynDescr_t *)"
2936428004,33151,40233,137,2,1,24,2,1,44,0.001,0.001,,,,,NVIDIA A100-SXM4-40GB MIG 4g.20gb (0),1,,13,"void ch_est::chEstFilterNoDftSOfdmDispatchKernel<float, __half, float, (unsigned int)2>(ch_est::puschRxChEstStatDescr_t *, ch_est::puschRxChEstDynDescr_t *)"
2936555874,10592,40244,103,1,1,128,1,1,16,0.000,0.000,,,,,NVIDIA A100-SXM4-40GB MIG 4g.20gb (0),1,,13,cupy_copy__complex64_complex64
2936581602,16736,40254,1434,1,1,128,1,1,16,0.000,0.000,,,,,NVIDIA A100-SXM4-40GB MIG 4g.20gb (0),1,,13,cupy_copy__complex64_complex64
2936723648,12960,40261,103,1,1,128,1,1,16,0.000,0.000,,,,,NVIDIA A100-SXM4-40GB MIG 4g.20gb (0),1,,13,cupy_copy__complex64_complex64
2936747456,264221,40268,1,1,1,32,32,1,30,0.000,0.000,,,,,NVIDIA A100-SXM4-40GB MIG 4g.20gb (0),1,,13,"void convert_kernel<__half2, float2>(tensor_layout_any, T1 *, tensor_layout_any, const T2 *)"
2937042493,5376,40271,,,,,,,,,,0.094,17428.487,Pinned,Device,NVIDIA A100-SXM4-40GB MIG 4g.20gb (0),1,,13,[CUDA memcpy Host-to-Device]
2937177115,54464,40272,,,,,,,,,,35.810,657470.131,Device,,NVIDIA A100-SXM4-40GB MIG 4g.20gb (0),1,,13,[CUDA memset]
2937234235,1792,40274,,,,,,,,,,0.000,44.643,Pinned,Device,NVIDIA A100-SXM4-40GB MIG 4g.20gb (0),1,,13,[CUDA memcpy Host-to-Device]
2937242427,9951,40275,,,,,,,,,,0.197,19757.531,Pinned,Device,NVIDIA A100-SXM4-40GB MIG 4g.20gb (0),1,,13,[CUDA memcpy Host-to-Device]
2937373305,29312,40276,273,1,1,48,1,1,40,0.000,0.001,,,,,NVIDIA A100-SXM4-40GB MIG 4g.20gb (0),1,,13,"void pusch_noise_intf_est::noiseIntfEstNoDftSOfdmKernel<float, __half, float, float, (unsigned int)2, (unsigned int)1, (unsigned char)4, (unsigned char)4>(pusch_noise_intf_est::puschRxNoiseIntfEstDynDescr)"
2937403897,14751,40287,35,1,1,128,1,1,16,0.000,0.000,,,,,NVIDIA A100-SXM4-40GB MIG 4g.20gb (0),1,,13,cupy_copy__complex64_complex64
2937554967,2336,40296,1,1,1,1,1,1,18,0.000,0.000,,,,,NVIDIA A100-SXM4-40GB MIG 4g.20gb (0),1,,13,cupy_copy__float32_float32
2937564407,1792,40302,,,,,,,,,,0.000,2.232,Device,Pageable,NVIDIA A100-SXM4-40GB MIG 4g.20gb (0),1,,7,[CUDA memcpy Device-to-Host]
2937751989,18431,40313,1434,1,1,128,1,1,16,0.000,0.000,,,,,NVIDIA A100-SXM4-40GB MIG 4g.20gb (0),1,,13,cupy_copy__complex64_complex64
2937891923,4512,40320,103,1,1,128,1,1,16,0.000,0.000,,,,,NVIDIA A100-SXM4-40GB MIG 4g.20gb (0),1,,13,cupy_copy__complex64_complex64
2937923411,28703,40327,35,1,1,128,1,1,16,0.000,0.000,,,,,NVIDIA A100-SXM4-40GB MIG 4g.20gb (0),1,,13,cupy_copy__complex64_complex64
2938051185,2880,40334,1,1,1,1,1,1,18,0.000,0.000,,,,,NVIDIA A100-SXM4-40GB MIG 4g.20gb (0),1,,13,cupy_copy__float32_float32
2938077489,239613,40345,1,1,1,32,32,1,30,0.000,0.000,,,,,NVIDIA A100-SXM4-40GB MIG 4g.20gb (0),1,,13,"void convert_kernel<__half2, float2>(tensor_layout_any, T1 *, tensor_layout_any, const T2 *)"
2938348078,5376,40348,,,,,,,,,,0.094,17428.487,Pinned,Device,NVIDIA A100-SXM4-40GB MIG 4g.20gb (0),1,,13,[CUDA memcpy Host-to-Device]
2938416429,12928,40349,,,,,,,,,,1.547,119632.913,Device,,NVIDIA A100-SXM4-40GB MIG 4g.20gb (0),1,,13,[CUDA memset]
2938430669,3008,40354,,,,,,,,,,0.031,10404.230,Pinned,Device,NVIDIA A100-SXM4-40GB MIG 4g.20gb (0),1,,13,[CUDA memcpy Host-to-Device]
2938436109,9664,40355,,,,,,,,,,0.197,20344.209,Pinned,Device,NVIDIA A100-SXM4-40GB MIG 4g.20gb (0),1,,13,[CUDA memcpy Host-to-Device]
2938544236,30367,40356,273,1,1,8,4,1,39,0.002,0.000,,,,,NVIDIA A100-SXM4-40GB MIG 4g.20gb (0),1,,13,"void channel_eq::eqMmseCoefCompLowMimoKernel<float, float, float, (unsigned int)4, (unsigned int)1, (unsigned int)4>(const channel_eq::_puschRxChEqStatDescr *, channel_eq::_puschRxChEqCoefCompDynDescr)"
2938578891,42176,40357,273,1,1,12,11,1,51,0.002,0.000,,,,,NVIDIA A100-SXM4-40GB MIG 4g.20gb (0),1,,13,"void channel_eq::eqMmseSoftDemapKernel<float, __half, __half, float, (unsigned int)4, (unsigned short)16383>(channel_eq::_puschRxChEqStatDescr *, channel_eq::_puschRxChEqSoftDemapDynDescr)"
2938719242,475162,40358,1,1,1,32,32,1,30,0.000,0.000,,,,,NVIDIA A100-SXM4-40GB MIG 4g.20gb (0),1,,13,"void convert_kernel<float2, __half2>(tensor_layout_any, T1 *, tensor_layout_any, const T2 *)"
2939196484,14432,40370,2253,1,1,128,1,1,16,0.000,0.000,,,,,NVIDIA A100-SXM4-40GB MIG 4g.20gb (0),1,,13,cupy_copy__float16_float16
2939343778,16416,40379,282,1,1,128,1,1,16,0.000,0.000,,,,,NVIDIA A100-SXM4-40GB MIG 4g.20gb (0),1,,13,cupy_copy__complex64_complex64
2939368738,6144,40388,26,1,1,128,1,1,16,0.000,0.000,,,,,NVIDIA A100-SXM4-40GB MIG 4g.20gb (0),1,,13,cupy_copy__float32_float32
2939485825,16192,40397,103,1,1,128,1,1,16,0.000,0.000,,,,,NVIDIA A100-SXM4-40GB MIG 4g.20gb (0),1,,13,cupy_copy__complex64_complex64
2939524416,19680,40407,1434,1,1,128,1,1,16,0.000,0.000,,,,,NVIDIA A100-SXM4-40GB MIG 4g.20gb (0),1,,13,cupy_copy__complex64_complex64
2939654975,239453,40412,1,1,1,32,32,1,30,0.000,0.000,,,,,NVIDIA A100-SXM4-40GB MIG 4g.20gb (0),1,,13,"void convert_kernel<__half2, float2>(tensor_layout_any, T1 *, tensor_layout_any, const T2 *)"
2939925244,5408,40415,,,,,,,,,,0.094,17325.421,Pinned,Device,NVIDIA A100-SXM4-40GB MIG 4g.20gb (0),1,,13,[CUDA memcpy Host-to-Device]
2939974715,621529,40416,,,,,,,,,,456.561,734150.796,Device,,NVIDIA A100-SXM4-40GB MIG 4g.20gb (0),1,,13,[CUDA memset]
2940603508,50463,40421,,,,,,,,,,1.235,24471.650,Pinned,Device,NVIDIA A100-SXM4-40GB MIG 4g.20gb (0),1,,13,[CUDA memcpy Host-to-Device]
2940656403,9888,40422,,,,,,,,,,0.197,19883.360,Pinned,Device,NVIDIA A100-SXM4-40GB MIG 4g.20gb (0),1,,13,[CUDA memcpy Host-to-Device]
2940754098,43040,40423,69,4,1,48,1,1,76,0.002,0.000,,,,,NVIDIA A100-SXM4-40GB MIG 4g.20gb (0),1,,13,"void ch_est::windowedChEstPreNoDftSOfdmKernel<float, __half, float, (unsigned int)2, (unsigned int)1, (unsigned short)4>(ch_est::puschRxChEstStatDescr_t *, ch_est::puschRxChEstDynDescr_t *)"
2940892881,28447,40424,137,2,1,24,2,1,44,0.001,0.001,,,,,NVIDIA A100-SXM4-40GB MIG 4g.20gb (0),1,,13,"void ch_est::chEstFilterNoDftSOfdmDispatchKernel<float, __half, float, (unsigned int)2>(ch_est::puschRxChEstStatDescr_t *, ch_est::puschRxChEstDynDescr_t *)"
2940923664,25792,40425,137,2,1,24,2,1,44,0.001,0.001,,,,,NVIDIA A100-SXM4-40GB MIG 4g.20gb (0),1,,13,"void ch_est::chEstFilterNoDftSOfdmDispatchKernel<float, __half, float, (unsigned int)2>(ch_est::puschRxChEstStatDescr_t *, ch_est::puschRxChEstDynDescr_t *)"
2941056975,5088,40436,103,1,1,128,1,1,16,0.000,0.000,,,,,NVIDIA A100-SXM4-40GB MIG 4g.20gb (0),1,,13,cupy_copy__complex64_complex64
2941082574,16256,40446,1434,1,1,128,1,1,16,0.000,0.000,,,,,NVIDIA A100-SXM4-40GB MIG 4g.20gb (0),1,,13,cupy_copy__complex64_complex64
2941210701,13536,40453,103,1,1,128,1,1,16,0.000,0.000,,,,,NVIDIA A100-SXM4-40GB MIG 4g.20gb (0),1,,13,cupy_copy__complex64_complex64
2941237933,252317,40460,1,1,1,32,32,1,30,0.000,0.000,,,,,NVIDIA A100-SXM4-40GB MIG 4g.20gb (0),1,,13,"void convert_kernel<__half2, float2>(tensor_layout_any, T1 *, tensor_layout_any, const T2 *)"
2941527529,5376,40463,,,,,,,,,,0.094,17428.487,Pinned,Device,NVIDIA A100-SXM4-40GB MIG 4g.20gb (0),1,,13,[CUDA memcpy Host-to-Device]
2941551561,59839,40464,,,,,,,,,,35.810,598419.573,Device,,NVIDIA A100-SXM4-40GB MIG 4g.20gb (0),1,,13,[CUDA memset]
2941616648,2560,40466,,,,,,,,,,0.000,31.250,Pinned,Device,NVIDIA A100-SXM4-40GB MIG 4g.20gb (0),1,,13,[CUDA memcpy Host-to-Device]
2941621640,10688,40467,,,,,,,,,,0.197,18395.038,Pinned,Device,NVIDIA A100-SXM4-40GB MIG 4g.20gb (0),1,,13,[CUDA memcpy Host-to-Device]
2941779974,37984,40468,273,1,1,48,1,1,40,0.000,0.001,,,,,NVIDIA A100-SXM4-40GB MIG 4g.20gb (0),1,,13,"void pusch_noise_intf_est::noiseIntfEstNoDftSOfdmKernel<float, __half, float, float, (unsigned int)2, (unsigned int)1, (unsigned char)4, (unsigned char)4>(pusch_noise_intf_est::puschRxNoiseIntfEstDynDescr)"
2941901637,15904,40479,35,1,1,128,1,1,16,0.000,0.000,,,,,NVIDIA A100-SXM4-40GB MIG 4g.20gb (0),1,,13,cupy_copy__complex64_complex64
2941924229,2432,40488,1,1,1,1,1,1,18,0.000,0.000,,,,,NVIDIA A100-SXM4-40GB MIG 4g.20gb (0),1,,13,cupy_copy__float32_float32
2941929573,1664,40494,,,,,,,,,,0.000,2.404,Device,Pageable,NVIDIA A100-SXM4-40GB MIG 4g.20gb (0),1,,7,[CUDA memcpy Device-to-Host]
2942098499,20383,40505,1434,1,1,128,1,1,16,0.000,0.000,,,,,NVIDIA A100-SXM4-40GB MIG 4g.20gb (0),1,,13,cupy_copy__complex64_complex64
2942120898,3264,40512,103,1,1,128,1,1,16,0.000,0.000,,,,,NVIDIA A100-SXM4-40GB MIG 4g.20gb (0),1,,13,cupy_copy__complex64_complex64
2942250529,4736,40519,35,1,1,128,1,1,16,0.000,0.000,,,,,NVIDIA A100-SXM4-40GB MIG 4g.20gb (0),1,,13,cupy_copy__complex64_complex64
2942277217,3712,40526,1,1,1,1,1,1,18,0.000,0.000,,,,,NVIDIA A100-SXM4-40GB MIG 4g.20gb (0),1,,13,cupy_copy__float32_float32
2942283105,196189,40537,1,1,1,32,32,1,30,0.000,0.000,,,,,NVIDIA A100-SXM4-40GB MIG 4g.20gb (0),1,,13,"void convert_kernel<__half2, float2>(tensor_layout_any, T1 *, tensor_layout_any, const T2 *)"
2942518622,5376,40540,,,,,,,,,,0.094,17428.487,Pinned,Device,NVIDIA A100-SXM4-40GB MIG 4g.20gb (0),1,,13,[CUDA memcpy Host-to-Device]
2942660796,14720,40541,,,,,,,,,,1.547,105068.355,Device,,NVIDIA A100-SXM4-40GB MIG 4g.20gb (0),1,,13,[CUDA memset]
2942683548,3360,40546,,,,,,,,,,0.031,9314.284,Pinned,Device,NVIDIA A100-SXM4-40GB MIG 4g.20gb (0),1,,13,[CUDA memcpy Host-to-Device]
2942689308,9888,40547,,,,,,,,,,0.197,19883.360,Pinned,Device,NVIDIA A100-SXM4-40GB MIG 4g.20gb (0),1,,13,[CUDA memcpy Host-to-Device]
2942836058,27872,40548,273,1,1,8,4,1,39,0.002,0.000,,,,,NVIDIA A100-SXM4-40GB MIG 4g.20gb (0),1,,13,"void channel_eq::eqMmseCoefCompLowMimoKernel<float, float, float, (unsigned int)4, (unsigned int)1, (unsigned int)4>(const channel_eq::_puschRxChEqStatDescr *, channel_eq::_puschRxChEqCoefCompDynDescr)"
2942865914,37759,40549,273,1,1,12,11,1,51,0.002,0.000,,,,,NVIDIA A100-SXM4-40GB MIG 4g.20gb (0),1,,13,"void channel_eq::eqMmseSoftDemapKernel<float, __half, __half, float, (unsigned int)4, (unsigned short)16383>(channel_eq::_puschRxChEqStatDescr *, channel_eq::_puschRxChEqSoftDemapDynDescr)"
2943004856,593113,40550,1,1,1,32,32,1,30,0.000,0.000,,,,,NVIDIA A100-SXM4-40GB MIG 4g.20gb (0),1,,13,"void convert_kernel<float2, __half2>(tensor_layout_any, T1 *, tensor_layout_any, const T2 *)"
2943607377,17280,40562,2253,1,1,128,1,1,16,0.000,0.000,,,,,NVIDIA A100-SXM4-40GB MIG 4g.20gb (0),1,,13,cupy_copy__float16_float16
2943742160,13504,40571,282,1,1,128,1,1,16,0.000,0.000,,,,,NVIDIA A100-SXM4-40GB MIG 4g.20gb (0),1,,13,cupy_copy__complex64_complex64
2943765008,6239,40580,26,1,1,128,1,1,16,0.000,0.000,,,,,NVIDIA A100-SXM4-40GB MIG 4g.20gb (0),1,,13,cupy_copy__float32_float32
2943898926,8192,40589,103,1,1,128,1,1,16,0.000,0.000,,,,,NVIDIA A100-SXM4-40GB MIG 4g.20gb (0),1,,13,cupy_copy__complex64_complex64
2943930062,20607,40599,1434,1,1,128,1,1,16,0.000,0.000,,,,,NVIDIA A100-SXM4-40GB MIG 4g.20gb (0),1,,13,cupy_copy__complex64_complex64
2943952685,115199,40604,1,1,1,32,32,1,30,0.000,0.000,,,,,NVIDIA A100-SXM4-40GB MIG 4g.20gb (0),1,,13,"void convert_kernel<__half2, float2>(tensor_layout_any, T1 *, tensor_layout_any, const T2 *)"
2944097516,6400,40607,,,,,,,,,,0.094,14640.000,Pinned,Device,NVIDIA A100-SXM4-40GB MIG 4g.20gb (0),1,,13,[CUDA memcpy Host-to-Device]
2944142539,621881,40608,,,,,,,,,,456.561,734150.796,Device,,NVIDIA A100-SXM4-40GB MIG 4g.20gb (0),1,,13,[CUDA memset]
2944773412,50143,40613,,,,,,,,,,1.235,24627.253,Pinned,Device,NVIDIA A100-SXM4-40GB MIG 4g.20gb (0),1,,13,[CUDA memcpy Host-to-Device]
2944826019,9760,40614,,,,,,,,,,0.197,20144.259,Pinned,Device,NVIDIA A100-SXM4-40GB MIG 4g.20gb (0),1,,13,[CUDA memcpy Host-to-Device]
2944922530,38528,40615,69,4,1,48,1,1,76,0.002,0.000,,,,,NVIDIA A100-SXM4-40GB MIG 4g.20gb (0),1,,13,"void ch_est::windowedChEstPreNoDftSOfdmKernel<float, __half, float, (unsigned int)2, (unsigned int)1, (unsigned short)4>(ch_est::puschRxChEstStatDescr_t *, ch_est::puschRxChEstDynDescr_t *)"
2945050401,25407,40616,137,2,1,24,2,1,44,0.001,0.001,,,,,NVIDIA A100-SXM4-40GB MIG 4g.20gb (0),1,,13,"void ch_est::chEstFilterNoDftSOfdmDispatchKernel<float, __half, float, (unsigned int)2>(ch_est::puschRxChEstStatDescr_t *, ch_est::puschRxChEstDynDescr_t *)"
2945081408,36928,40617,137,2,1,24,2,1,44,0.001,0.001,,,,,NVIDIA A100-SXM4-40GB MIG 4g.20gb (0),1,,13,"void ch_est::chEstFilterNoDftSOfdmDispatchKernel<float, __half, float, (unsigned int)2>(ch_est::puschRxChEstStatDescr_t *, ch_est::puschRxChEstDynDescr_t *)"
2945210175,10208,40628,103,1,1,128,1,1,16,0.000,0.000,,,,,NVIDIA A100-SXM4-40GB MIG 4g.20gb (0),1,,13,cupy_copy__complex64_complex64
2945235327,16447,40638,1434,1,1,128,1,1,16,0.000,0.000,,,,,NVIDIA A100-SXM4-40GB MIG 4g.20gb (0),1,,13,cupy_copy__complex64_complex64
2945362941,11200,40645,103,1,1,128,1,1,16,0.000,0.000,,,,,NVIDIA A100-SXM4-40GB MIG 4g.20gb (0),1,,13,cupy_copy__complex64_complex64
2945386013,247581,40652,1,1,1,32,32,1,30,0.000,0.000,,,,,NVIDIA A100-SXM4-40GB MIG 4g.20gb (0),1,,13,"void convert_kernel<__half2, float2>(tensor_layout_any, T1 *, tensor_layout_any, const T2 *)"
2945662522,5472,40655,,,,,,,,,,0.094,17122.757,Pinned,Device,NVIDIA A100-SXM4-40GB MIG 4g.20gb (0),1,,13,[CUDA memcpy Host-to-Device]
2945694361,59392,40656,,,,,,,,,,35.810,602931.623,Device,,NVIDIA A100-SXM4-40GB MIG 4g.20gb (0),1,,13,[CUDA memset]
2945755897,1792,40658,,,,,,,,,,0.000,44.643,Pinned,Device,NVIDIA A100-SXM4-40GB MIG 4g.20gb (0),1,,13,[CUDA memcpy Host-to-Device]
2945760153,9535,40659,,,,,,,,,,0.197,20619.461,Pinned,Device,NVIDIA A100-SXM4-40GB MIG 4g.20gb (0),1,,13,[CUDA memcpy Host-to-Device]
2945893143,35072,40660,273,1,1,48,1,1,40,0.000,0.001,,,,,NVIDIA A100-SXM4-40GB MIG 4g.20gb (0),1,,13,"void pusch_noise_intf_est::noiseIntfEstNoDftSOfdmKernel<float, __half, float, float, (unsigned int)2, (unsigned int)1, (unsigned char)4, (unsigned char)4>(pusch_noise_intf_est::puschRxNoiseIntfEstDynDescr)"
2946021494,16415,40671,35,1,1,128,1,1,16,0.000,0.000,,,,,NVIDIA A100-SXM4-40GB MIG 4g.20gb (0),1,,13,cupy_copy__complex64_complex64
2946046133,2752,40680,1,1,1,1,1,1,18,0.000,0.000,,,,,NVIDIA A100-SXM4-40GB MIG 4g.20gb (0),1,,13,cupy_copy__float32_float32
2946051573,1600,40686,,,,,,,,,,0.000,2.500,Device,Pageable,NVIDIA A100-SXM4-40GB MIG 4g.20gb (0),1,,7,[CUDA memcpy Device-to-Host]
2946245235,19520,40697,1434,1,1,128,1,1,16,0.000,0.000,,,,,NVIDIA A100-SXM4-40GB MIG 4g.20gb (0),1,,13,cupy_copy__complex64_complex64
2946400913,4160,40704,103,1,1,128,1,1,16,0.000,0.000,,,,,NVIDIA A100-SXM4-40GB MIG 4g.20gb (0),1,,13,cupy_copy__complex64_complex64
2946425169,24224,40711,35,1,1,128,1,1,16,0.000,0.000,,,,,NVIDIA A100-SXM4-40GB MIG 4g.20gb (0),1,,13,cupy_copy__complex64_complex64
2946572623,4832,40718,1,1,1,1,1,1,18,0.000,0.000,,,,,NVIDIA A100-SXM4-40GB MIG 4g.20gb (0),1,,13,cupy_copy__float32_float32
2946596495,254237,40729,1,1,1,32,32,1,30,0.000,0.000,,,,,NVIDIA A100-SXM4-40GB MIG 4g.20gb (0),1,,13,"void convert_kernel<__half2, float2>(tensor_layout_any, T1 *, tensor_layout_any, const T2 *)"
2946881740,6240,40732,,,,,,,,,,0.094,15015.346,Pinned,Device,NVIDIA A100-SXM4-40GB MIG 4g.20gb (0),1,,13,[CUDA memcpy Host-to-Device]
2946964651,9440,40733,,,,,,,,,,1.547,163836.974,Device,,NVIDIA A100-SXM4-40GB MIG 4g.20gb (0),1,,13,[CUDA memset]
2946982347,3136,40738,,,,,,,,,,0.031,9979.575,Pinned,Device,NVIDIA A100-SXM4-40GB MIG 4g.20gb (0),1,,13,[CUDA memcpy Host-to-Device]
2946987946,9824,40739,,,,,,,,,,0.197,20012.925,Pinned,Device,NVIDIA A100-SXM4-40GB MIG 4g.20gb (0),1,,13,[CUDA memcpy Host-to-Device]
2947124329,30080,40740,273,1,1,8,4,1,39,0.002,0.000,,,,,NVIDIA A100-SXM4-40GB MIG 4g.20gb (0),1,,13,"void channel_eq::eqMmseCoefCompLowMimoKernel<float, float, float, (unsigned int)4, (unsigned int)1, (unsigned int)4>(const channel_eq::_puschRxChEqStatDescr *, channel_eq::_puschRxChEqCoefCompDynDescr)"
2947155881,34335,40741,273,1,1,12,11,1,51,0.002,0.000,,,,,NVIDIA A100-SXM4-40GB MIG 4g.20gb (0),1,,13,"void channel_eq::eqMmseSoftDemapKernel<float, __half, __half, float, (unsigned int)4, (unsigned short)16383>(channel_eq::_puschRxChEqStatDescr *, channel_eq::_puschRxChEqSoftDemapDynDescr)"
2947286311,584057,40742,1,1,1,32,32,1,30,0.000,0.000,,,,,NVIDIA A100-SXM4-40GB MIG 4g.20gb (0),1,,13,"void convert_kernel<float2, __half2>(tensor_layout_any, T1 *, tensor_layout_any, const T2 *)"
2947878304,12960,40754,2253,1,1,128,1,1,16,0.000,0.000,,,,,NVIDIA A100-SXM4-40GB MIG 4g.20gb (0),1,,13,cupy_copy__float16_float16
2948009599,8032,40763,282,1,1,128,1,1,16,0.000,0.000,,,,,NVIDIA A100-SXM4-40GB MIG 4g.20gb (0),1,,13,cupy_copy__complex64_complex64
2948031102,6496,40772,26,1,1,128,1,1,16,0.000,0.000,,,,,NVIDIA A100-SXM4-40GB MIG 4g.20gb (0),1,,13,cupy_copy__float32_float32
2948148285,8128,40781,103,1,1,128,1,1,16,0.000,0.000,,,,,NVIDIA A100-SXM4-40GB MIG 4g.20gb (0),1,,13,cupy_copy__complex64_complex64
2948173245,18464,40791,1434,1,1,128,1,1,16,0.000,0.000,,,,,NVIDIA A100-SXM4-40GB MIG 4g.20gb (0),1,,13,cupy_copy__complex64_complex64
2948309147,249917,40796,1,1,1,32,32,1,30,0.000,0.000,,,,,NVIDIA A100-SXM4-40GB MIG 4g.20gb (0),1,,13,"void convert_kernel<__half2, float2>(tensor_layout_any, T1 *, tensor_layout_any, const T2 *)"
2948590072,5888,40799,,,,,,,,,,0.094,15912.954,Pinned,Device,NVIDIA A100-SXM4-40GB MIG 4g.20gb (0),1,,13,[CUDA memcpy Host-to-Device]
2948634264,621432,40800,,,,,,,,,,456.561,734607.357,Device,,NVIDIA A100-SXM4-40GB MIG 4g.20gb (0),1,,13,[CUDA memset]
2949258192,52448,40805,,,,,,,,,,1.235,23545.442,Pinned,Device,NVIDIA A100-SXM4-40GB MIG 4g.20gb (0),1,,13,[CUDA memcpy Host-to-Device]
2949313104,9376,40806,,,,,,,,,,0.197,20969.226,Pinned,Device,NVIDIA A100-SXM4-40GB MIG 4g.20gb (0),1,,13,[CUDA memcpy Host-to-Device]
2949422478,40064,40807,69,4,1,48,1,1,76,0.002,0.000,,,,,NVIDIA A100-SXM4-40GB MIG 4g.20gb (0),1,,13,"void ch_est::windowedChEstPreNoDftSOfdmKernel<float, __half, float, (unsigned int)2, (unsigned int)1, (unsigned short)4>(ch_est::puschRxChEstStatDescr_t *, ch_est::puschRxChEstDynDescr_t *)"
2949551661,27072,40808,137,2,1,24,2,1,44,0.001,0.001,,,,,NVIDIA A100-SXM4-40GB MIG 4g.20gb (0),1,,13,"void ch_est::chEstFilterNoDftSOfdmDispatchKernel<float, __half, float, (unsigned int)2>(ch_est::puschRxChEstStatDescr_t *, ch_est::puschRxChEstDynDescr_t *)"
2949585229,15455,40809,137,2,1,24,2,1,44,0.001,0.001,,,,,NVIDIA A100-SXM4-40GB MIG 4g.20gb (0),1,,13,"void ch_est::chEstFilterNoDftSOfdmDispatchKernel<float, __half, float, (unsigned int)2>(ch_est::puschRxChEstStatDescr_t *, ch_est::puschRxChEstDynDescr_t *)"
2949714571,9824,40820,103,1,1,128,1,1,16,0.000,0.000,,,,,NVIDIA A100-SXM4-40GB MIG 4g.20gb (0),1,,13,cupy_copy__complex64_complex64
2949740043,16320,40830,1434,1,1,128,1,1,16,0.000,0.000,,,,,NVIDIA A100-SXM4-40GB MIG 4g.20gb (0),1,,13,cupy_copy__complex64_complex64
2949883433,5088,40837,103,1,1,128,1,1,16,0.000,0.000,,,,,NVIDIA A100-SXM4-40GB MIG 4g.20gb (0),1,,13,cupy_copy__complex64_complex64
2949911753,244701,40844,1,1,1,32,32,1,30,0.000,0.000,,,,,NVIDIA A100-SXM4-40GB MIG 4g.20gb (0),1,,13,"void convert_kernel<__half2, float2>(tensor_layout_any, T1 *, tensor_layout_any, const T2 *)"
2950187462,5408,40847,,,,,,,,,,0.094,17325.421,Pinned,Device,NVIDIA A100-SXM4-40GB MIG 4g.20gb (0),1,,13,[CUDA memcpy Host-to-Device]
2950228261,59488,40848,,,,,,,,,,35.810,601964.755,Device,,NVIDIA A100-SXM4-40GB MIG 4g.20gb (0),1,,13,[CUDA memset]
2950294948,1856,40850,,,,,,,,,,0.000,43.103,Pinned,Device,NVIDIA A100-SXM4-40GB MIG 4g.20gb (0),1,,13,[CUDA memcpy Host-to-Device]
2950299236,9376,40851,,,,,,,,,,0.197,20969.226,Pinned,Device,NVIDIA A100-SXM4-40GB MIG 4g.20gb (0),1,,13,[CUDA memcpy Host-to-Device]
2950424067,34624,40852,273,1,1,48,1,1,40,0.000,0.001,,,,,NVIDIA A100-SXM4-40GB MIG 4g.20gb (0),1,,13,"void pusch_noise_intf_est::noiseIntfEstNoDftSOfdmKernel<float, __half, float, float, (unsigned int)2, (unsigned int)1, (unsigned char)4, (unsigned char)4>(pusch_noise_intf_est::puschRxNoiseIntfEstDynDescr)"
2950573313,12544,40863,35,1,1,128,1,1,16,0.000,0.000,,,,,NVIDIA A100-SXM4-40GB MIG 4g.20gb (0),1,,13,cupy_copy__complex64_complex64
2950711584,2528,40872,1,1,1,1,1,1,18,0.000,0.000,,,,,NVIDIA A100-SXM4-40GB MIG 4g.20gb (0),1,,13,cupy_copy__float32_float32
2950716832,1920,40878,,,,,,,,,,0.000,2.083,Device,Pageable,NVIDIA A100-SXM4-40GB MIG 4g.20gb (0),1,,7,[CUDA memcpy Device-to-Host]
2950887390,12960,40889,1434,1,1,128,1,1,16,0.000,0.000,,,,,NVIDIA A100-SXM4-40GB MIG 4g.20gb (0),1,,13,cupy_copy__complex64_complex64
2950909181,9344,40896,103,1,1,128,1,1,16,0.000,0.000,,,,,NVIDIA A100-SXM4-40GB MIG 4g.20gb (0),1,,13,cupy_copy__complex64_complex64
2950920093,4288,40903,35,1,1,128,1,1,16,0.000,0.000,,,,,NVIDIA A100-SXM4-40GB MIG 4g.20gb (0),1,,13,cupy_copy__complex64_complex64
2951056636,4896,40910,1,1,1,1,1,1,18,0.000,0.000,,,,,NVIDIA A100-SXM4-40GB MIG 4g.20gb (0),1,,13,cupy_copy__float32_float32
2951085435,259197,40921,1,1,1,32,32,1,30,0.000,0.000,,,,,NVIDIA A100-SXM4-40GB MIG 4g.20gb (0),1,,13,"void convert_kernel<__half2, float2>(tensor_layout_any, T1 *, tensor_layout_any, const T2 *)"
2951374072,5376,40924,,,,,,,,,,0.094,17428.487,Pinned,Device,NVIDIA A100-SXM4-40GB MIG 4g.20gb (0),1,,13,[CUDA memcpy Host-to-Device]
2951435511,12128,40925,,,,,,,,,,1.547,127523.789,Device,,NVIDIA A100-SXM4-40GB MIG 4g.20gb (0),1,,13,[CUDA memset]
2951448983,3200,40930,,,,,,,,,,0.031,9780.000,Pinned,Device,NVIDIA A100-SXM4-40GB MIG 4g.20gb (0),1,,13,[CUDA memcpy Host-to-Device]
2951456247,9888,40931,,,,,,,,,,0.197,19883.360,Pinned,Device,NVIDIA A100-SXM4-40GB MIG 4g.20gb (0),1,,13,[CUDA memcpy Host-to-Device]
2951578358,30047,40932,273,1,1,8,4,1,39,0.002,0.000,,,,,NVIDIA A100-SXM4-40GB MIG 4g.20gb (0),1,,13,"void channel_eq::eqMmseCoefCompLowMimoKernel<float, float, float, (unsigned int)4, (unsigned int)1, (unsigned int)4>(const channel_eq::_puschRxChEqStatDescr *, channel_eq::_puschRxChEqCoefCompDynDescr)"
2951614581,44800,40933,273,1,1,12,11,1,51,0.002,0.000,,,,,NVIDIA A100-SXM4-40GB MIG 4g.20gb (0),1,,13,"void channel_eq::eqMmseSoftDemapKernel<float, __half, __half, float, (unsigned int)4, (unsigned short)16383>(channel_eq::_puschRxChEqStatDescr *, channel_eq::_puschRxChEqSoftDemapDynDescr)"
2951751924,619289,40934,1,1,1,32,32,1,30,0.000,0.000,,,,,NVIDIA A100-SXM4-40GB MIG 4g.20gb (0),1,,13,"void convert_kernel<float2, __half2>(tensor_layout_any, T1 *, tensor_layout_any, const T2 *)"
2952393868,15296,40946,2253,1,1,128,1,1,16,0.000,0.000,,,,,NVIDIA A100-SXM4-40GB MIG 4g.20gb (0),1,,13,cupy_copy__float16_float16
2952542155,7488,40955,282,1,1,128,1,1,16,0.000,0.000,,,,,NVIDIA A100-SXM4-40GB MIG 4g.20gb (0),1,,13,cupy_copy__complex64_complex64
2952566762,5024,40964,26,1,1,128,1,1,16,0.000,0.000,,,,,NVIDIA A100-SXM4-40GB MIG 4g.20gb (0),1,,13,cupy_copy__float32_float32
2952693321,16000,40973,103,1,1,128,1,1,16,0.000,0.000,,,,,NVIDIA A100-SXM4-40GB MIG 4g.20gb (0),1,,13,cupy_copy__complex64_complex64
2952736584,18784,40983,1434,1,1,128,1,1,16,0.000,0.000,,,,,NVIDIA A100-SXM4-40GB MIG 4g.20gb (0),1,,13,cupy_copy__complex64_complex64
2952876327,238749,40988,1,1,1,32,32,1,30,0.000,0.000,,,,,NVIDIA A100-SXM4-40GB MIG 4g.20gb (0),1,,13,"void convert_kernel<__half2, float2>(tensor_layout_any, T1 *, tensor_layout_any, const T2 *)"
2953145220,5376,40991,,,,,,,,,,0.094,17428.487,Pinned,Device,NVIDIA A100-SXM4-40GB MIG 4g.20gb (0),1,,13,[CUDA memcpy Host-to-Device]
2953204899,617849,40992,,,,,,,,,,456.561,738716.410,Device,,NVIDIA A100-SXM4-40GB MIG 4g.20gb (0),1,,13,[CUDA memset]
2953831868,50623,40997,,,,,,,,,,1.235,24393.849,Pinned,Device,NVIDIA A100-SXM4-40GB MIG 4g.20gb (0),1,,13,[CUDA memcpy Host-to-Device]
2953886075,9376,40998,,,,,,,,,,0.197,20969.226,Pinned,Device,NVIDIA A100-SXM4-40GB MIG 4g.20gb (0),1,,13,[CUDA memcpy Host-to-Device]
2953992218,31936,40999,69,4,1,48,1,1,76,0.002,0.000,,,,,NVIDIA A100-SXM4-40GB MIG 4g.20gb (0),1,,13,"void ch_est::windowedChEstPreNoDftSOfdmKernel<float, __half, float, (unsigned int)2, (unsigned int)1, (unsigned short)4>(ch_est::puschRxChEstStatDescr_t *, ch_est::puschRxChEstDynDescr_t *)"
2954129080,25824,41000,137,2,1,24,2,1,44,0.001,0.001,,,,,NVIDIA A100-SXM4-40GB MIG 4g.20gb (0),1,,13,"void ch_est::chEstFilterNoDftSOfdmDispatchKernel<float, __half, float, (unsigned int)2>(ch_est::puschRxChEstStatDescr_t *, ch_est::puschRxChEstDynDescr_t *)"
2954157272,36608,41001,137,2,1,24,2,1,44,0.001,0.001,,,,,NVIDIA A100-SXM4-40GB MIG 4g.20gb (0),1,,13,"void ch_est::chEstFilterNoDftSOfdmDispatchKernel<float, __half, float, (unsigned int)2>(ch_est::puschRxChEstStatDescr_t *, ch_est::puschRxChEstDynDescr_t *)"
2954283991,10079,41012,103,1,1,128,1,1,16,0.000,0.000,,,,,NVIDIA A100-SXM4-40GB MIG 4g.20gb (0),1,,13,cupy_copy__complex64_complex64
2954304854,16704,41022,1434,1,1,128,1,1,16,0.000,0.000,,,,,NVIDIA A100-SXM4-40GB MIG 4g.20gb (0),1,,13,cupy_copy__complex64_complex64
2954443701,4128,41029,103,1,1,128,1,1,16,0.000,0.000,,,,,NVIDIA A100-SXM4-40GB MIG 4g.20gb (0),1,,13,cupy_copy__complex64_complex64
2954469844,240382,41036,1,1,1,32,32,1,30,0.000,0.000,,,,,NVIDIA A100-SXM4-40GB MIG 4g.20gb (0),1,,13,"void convert_kernel<__half2, float2>(tensor_layout_any, T1 *, tensor_layout_any, const T2 *)"
2954739281,5376,41039,,,,,,,,,,0.094,17428.487,Pinned,Device,NVIDIA A100-SXM4-40GB MIG 4g.20gb (0),1,,13,[CUDA memcpy Host-to-Device]
2954760305,59423,41040,,,,,,,,,,35.810,602609.334,Device,,NVIDIA A100-SXM4-40GB MIG 4g.20gb (0),1,,13,[CUDA memset]
2954825072,2112,41042,,,,,,,,,,0.000,37.879,Pinned,Device,NVIDIA A100-SXM4-40GB MIG 4g.20gb (0),1,,13,[CUDA memcpy Host-to-Device]
2954829616,9376,41043,,,,,,,,,,0.197,20969.226,Pinned,Device,NVIDIA A100-SXM4-40GB MIG 4g.20gb (0),1,,13,[CUDA memcpy Host-to-Device]
2954985487,46399,41044,273,1,1,48,1,1,40,0.000,0.001,,,,,NVIDIA A100-SXM4-40GB MIG 4g.20gb (0),1,,13,"void pusch_noise_intf_est::noiseIntfEstNoDftSOfdmKernel<float, __half, float, float, (unsigned int)2, (unsigned int)1, (unsigned char)4, (unsigned char)4>(pusch_noise_intf_est::puschRxNoiseIntfEstDynDescr)"
2955138733,23232,41055,35,1,1,128,1,1,16,0.000,0.000,,,,,NVIDIA A100-SXM4-40GB MIG 4g.20gb (0),1,,13,cupy_copy__complex64_complex64
2955266187,3616,41064,1,1,1,1,1,1,18,0.000,0.000,,,,,NVIDIA A100-SXM4-40GB MIG 4g.20gb (0),1,,13,cupy_copy__float32_float32
2955271083,1600,41070,,,,,,,,,,0.000,2.500,Device,Pageable,NVIDIA A100-SXM4-40GB MIG 4g.20gb (0),1,,7,[CUDA memcpy Device-to-Host]
2955425897,22464,41081,1434,1,1,128,1,1,16,0.000,0.000,,,,,NVIDIA A100-SXM4-40GB MIG 4g.20gb (0),1,,13,cupy_copy__complex64_complex64
2955451113,14080,41088,103,1,1,128,1,1,16,0.000,0.000,,,,,NVIDIA A100-SXM4-40GB MIG 4g.20gb (0),1,,13,cupy_copy__complex64_complex64
2955585832,6624,41095,35,1,1,128,1,1,16,0.000,0.000,,,,,NVIDIA A100-SXM4-40GB MIG 4g.20gb (0),1,,13,cupy_copy__complex64_complex64
2955612935,3904,41102,1,1,1,1,1,1,18,0.000,0.000,,,,,NVIDIA A100-SXM4-40GB MIG 4g.20gb (0),1,,13,cupy_copy__float32_float32
2955619655,195038,41113,1,1,1,32,32,1,30,0.000,0.000,,,,,NVIDIA A100-SXM4-40GB MIG 4g.20gb (0),1,,13,"void convert_kernel<__half2, float2>(tensor_layout_any, T1 *, tensor_layout_any, const T2 *)"
2955854693,5375,41116,,,,,,,,,,0.094,17431.766,Pinned,Device,NVIDIA A100-SXM4-40GB MIG 4g.20gb (0),1,,13,[CUDA memcpy Host-to-Device]
2955963331,8224,41117,,,,,,,,,,1.547,188061.745,Device,,NVIDIA A100-SXM4-40GB MIG 4g.20gb (0),1,,13,[CUDA memset]
2955976611,3776,41122,,,,,,,,,,0.031,8288.120,Pinned,Device,NVIDIA A100-SXM4-40GB MIG 4g.20gb (0),1,,13,[CUDA memcpy Host-to-Device]
2955984995,11776,41123,,,,,,,,,,0.197,16695.558,Pinned,Device,NVIDIA A100-SXM4-40GB MIG 4g.20gb (0),1,,13,[CUDA memcpy Host-to-Device]
2956137441,48320,41124,273,1,1,8,4,1,39,0.002,0.000,,,,,NVIDIA A100-SXM4-40GB MIG 4g.20gb (0),1,,13,"void channel_eq::eqMmseCoefCompLowMimoKernel<float, float, float, (unsigned int)4, (unsigned int)1, (unsigned int)4>(const channel_eq::_puschRxChEqStatDescr *, channel_eq::_puschRxChEqCoefCompDynDescr)"
2956314367,35936,41125,273,1,1,12,11,1,51,0.002,0.000,,,,,NVIDIA A100-SXM4-40GB MIG 4g.20gb (0),1,,13,"void channel_eq::eqMmseSoftDemapKernel<float, __half, __half, float, (unsigned int)4, (unsigned short)16383>(channel_eq::_puschRxChEqStatDescr *, channel_eq::_puschRxChEqSoftDemapDynDescr)"
2956459070,561497,41126,1,1,1,32,32,1,30,0.000,0.000,,,,,NVIDIA A100-SXM4-40GB MIG 4g.20gb (0),1,,13,"void convert_kernel<float2, __half2>(tensor_layout_any, T1 *, tensor_layout_any, const T2 *)"
2957022615,11872,41138,2253,1,1,128,1,1,16,0.000,0.000,,,,,NVIDIA A100-SXM4-40GB MIG 4g.20gb (0),1,,13,cupy_copy__float16_float16
2957181397,10784,41147,282,1,1,128,1,1,16,0.000,0.000,,,,,NVIDIA A100-SXM4-40GB MIG 4g.20gb (0),1,,13,cupy_copy__complex64_complex64
2957309172,15904,41156,26,1,1,128,1,1,16,0.000,0.000,,,,,NVIDIA A100-SXM4-40GB MIG 4g.20gb (0),1,,13,cupy_copy__float32_float32
2957331060,17727,41165,103,1,1,128,1,1,16,0.000,0.000,,,,,NVIDIA A100-SXM4-40GB MIG 4g.20gb (0),1,,13,cupy_copy__complex64_complex64
2957487922,15232,41175,1434,1,1,128,1,1,16,0.000,0.000,,,,,NVIDIA A100-SXM4-40GB MIG 4g.20gb (0),1,,13,cupy_copy__complex64_complex64
2957514417,211198,41180,1,1,1,32,32,1,30,0.000,0.000,,,,,NVIDIA A100-SXM4-40GB MIG 4g.20gb (0),1,,13,"void convert_kernel<__half2, float2>(tensor_layout_any, T1 *, tensor_layout_any, const T2 *)"
2957754671,5376,41183,,,,,,,,,,0.094,17428.487,Pinned,Device,NVIDIA A100-SXM4-40GB MIG 4g.20gb (0),1,,13,[CUDA memcpy Host-to-Device]
2957831054,614905,41184,,,,,,,,,,456.561,742368.901,Device,,NVIDIA A100-SXM4-40GB MIG 4g.20gb (0),1,,13,[CUDA memset]
2958452103,49535,41189,,,,,,,,,,1.235,24929.815,Pinned,Device,NVIDIA A100-SXM4-40GB MIG 4g.20gb (0),1,,13,[CUDA memcpy Host-to-Device]
2958504230,9600,41190,,,,,,,,,,0.197,20479.869,Pinned,Device,NVIDIA A100-SXM4-40GB MIG 4g.20gb (0),1,,13,[CUDA memcpy Host-to-Device]
2958607301,29824,41191,69,4,1,48,1,1,76,0.002,0.000,,,,,NVIDIA A100-SXM4-40GB MIG 4g.20gb (0),1,,13,"void ch_est::windowedChEstPreNoDftSOfdmKernel<float, __half, float, (unsigned int)2, (unsigned int)1, (unsigned short)4>(ch_est::puschRxChEstStatDescr_t *, ch_est::puschRxChEstDynDescr_t *)"
2958742915,28288,41192,137,2,1,24,2,1,44,0.001,0.001,,,,,NVIDIA A100-SXM4-40GB MIG 4g.20gb (0),1,,13,"void ch_est::chEstFilterNoDftSOfdmDispatchKernel<float, __half, float, (unsigned int)2>(ch_est::puschRxChEstStatDescr_t *, ch_est::puschRxChEstDynDescr_t *)"
2958772067,35200,41193,137,2,1,24,2,1,44,0.001,0.001,,,,,NVIDIA A100-SXM4-40GB MIG 4g.20gb (0),1,,13,"void ch_est::chEstFilterNoDftSOfdmDispatchKernel<float, __half, float, (unsigned int)2>(ch_est::puschRxChEstStatDescr_t *, ch_est::puschRxChEstDynDescr_t *)"
2958898242,12575,41204,103,1,1,128,1,1,16,0.000,0.000,,,,,NVIDIA A100-SXM4-40GB MIG 4g.20gb (0),1,,13,cupy_copy__complex64_complex64
2958921921,15712,41214,1434,1,1,128,1,1,16,0.000,0.000,,,,,NVIDIA A100-SXM4-40GB MIG 4g.20gb (0),1,,13,cupy_copy__complex64_complex64
2959052032,11168,41221,103,1,1,128,1,1,16,0.000,0.000,,,,,NVIDIA A100-SXM4-40GB MIG 4g.20gb (0),1,,13,cupy_copy__complex64_complex64
2959079487,248350,41228,1,1,1,32,32,1,30,0.000,0.000,,,,,NVIDIA A100-SXM4-40GB MIG 4g.20gb (0),1,,13,"void convert_kernel<__half2, float2>(tensor_layout_any, T1 *, tensor_layout_any, const T2 *)"
2959358012,5376,41231,,,,,,,,,,0.094,17428.487,Pinned,Device,NVIDIA A100-SXM4-40GB MIG 4g.20gb (0),1,,13,[CUDA memcpy Host-to-Device]
2959380412,60127,41232,,,,,,,,,,35.810,595554.780,Device,,NVIDIA A100-SXM4-40GB MIG 4g.20gb (0),1,,13,[CUDA memset]
2959445307,1824,41234,,,,,,,,,,0.000,43.860,Pinned,Device,NVIDIA A100-SXM4-40GB MIG 4g.20gb (0),1,,13,[CUDA memcpy Host-to-Device]
2959449883,9440,41235,,,,,,,,,,0.197,20827.079,Pinned,Device,NVIDIA A100-SXM4-40GB MIG 4g.20gb (0),1,,13,[CUDA memcpy Host-to-Device]
2959599162,36319,41236,273,1,1,48,1,1,40,0.000,0.001,,,,,NVIDIA A100-SXM4-40GB MIG 4g.20gb (0),1,,13,"void pusch_noise_intf_est::noiseIntfEstNoDftSOfdmKernel<float, __half, float, float, (unsigned int)2, (unsigned int)1, (unsigned char)4, (unsigned char)4>(pusch_noise_intf_est::puschRxNoiseIntfEstDynDescr)"
2959720472,16128,41247,35,1,1,128,1,1,16,0.000,0.000,,,,,NVIDIA A100-SXM4-40GB MIG 4g.20gb (0),1,,13,cupy_copy__complex64_complex64
2959743128,19232,41256,1,1,1,1,1,1,18,0.000,0.000,,,,,NVIDIA A100-SXM4-40GB MIG 4g.20gb (0),1,,13,cupy_copy__float32_float32
2959767864,1600,41262,,,,,,,,,,0.000,2.500,Device,Pageable,NVIDIA A100-SXM4-40GB MIG 4g.20gb (0),1,,7,[CUDA memcpy Device-to-Host]
2959939766,18815,41273,1434,1,1,128,1,1,16,0.000,0.000,,,,,NVIDIA A100-SXM4-40GB MIG 4g.20gb (0),1,,13,cupy_copy__complex64_complex64
2960080052,4192,41280,103,1,1,128,1,1,16,0.000,0.000,,,,,NVIDIA A100-SXM4-40GB MIG 4g.20gb (0),1,,13,cupy_copy__complex64_complex64
2960107348,7200,41287,35,1,1,128,1,1,16,0.000,0.000,,,,,NVIDIA A100-SXM4-40GB MIG 4g.20gb (0),1,,13,cupy_copy__complex64_complex64
2960231922,4448,41294,1,1,1,1,1,1,18,0.000,0.000,,,,,NVIDIA A100-SXM4-40GB MIG 4g.20gb (0),1,,13,cupy_copy__float32_float32
2960256530,241821,41305,1,1,1,32,32,1,30,0.000,0.000,,,,,NVIDIA A100-SXM4-40GB MIG 4g.20gb (0),1,,13,"void convert_kernel<__half2, float2>(tensor_layout_any, T1 *, tensor_layout_any, const T2 *)"
2960529199,5376,41308,,,,,,,,,,0.094,17428.487,Pinned,Device,NVIDIA A100-SXM4-40GB MIG 4g.20gb (0),1,,13,[CUDA memcpy Host-to-Device]
2960602286,11904,41309,,,,,,,,,,1.547,129924.149,Device,,NVIDIA A100-SXM4-40GB MIG 4g.20gb (0),1,,13,[CUDA memset]
2960618798,3392,41314,,,,,,,,,,0.031,9226.405,Pinned,Device,NVIDIA A100-SXM4-40GB MIG 4g.20gb (0),1,,13,[CUDA memcpy Host-to-Device]
2960624878,9408,41315,,,,,,,,,,0.197,20897.858,Pinned,Device,NVIDIA A100-SXM4-40GB MIG 4g.20gb (0),1,,13,[CUDA memcpy Host-to-Device]
2960773676,48063,41316,273,1,1,8,4,1,39,0.002,0.000,,,,,NVIDIA A100-SXM4-40GB MIG 4g.20gb (0),1,,13,"void channel_eq::eqMmseCoefCompLowMimoKernel<float, float, float, (unsigned int)4, (unsigned int)1, (unsigned int)4>(const channel_eq::_puschRxChEqStatDescr *, channel_eq::_puschRxChEqCoefCompDynDescr)"
2960925450,24000,41317,273,1,1,12,11,1,51,0.002,0.000,,,,,NVIDIA A100-SXM4-40GB MIG 4g.20gb (0),1,,13,"void channel_eq::eqMmseSoftDemapKernel<float, __half, __half, float, (unsigned int)4, (unsigned short)16383>(channel_eq::_puschRxChEqStatDescr *, channel_eq::_puschRxChEqSoftDemapDynDescr)"
2960952298,522842,41318,1,1,1,32,32,1,30,0.000,0.000,,,,,NVIDIA A100-SXM4-40GB MIG 4g.20gb (0),1,,13,"void convert_kernel<float2, __half2>(tensor_layout_any, T1 *, tensor_layout_any, const T2 *)"
2961552291,16064,41330,2253,1,1,128,1,1,16,0.000,0.000,,,,,NVIDIA A100-SXM4-40GB MIG 4g.20gb (0),1,,13,cupy_copy__float16_float16
2961688098,16383,41339,282,1,1,128,1,1,16,0.000,0.000,,,,,NVIDIA A100-SXM4-40GB MIG 4g.20gb (0),1,,13,cupy_copy__complex64_complex64
2961711521,10528,41348,26,1,1,128,1,1,16,0.000,0.000,,,,,NVIDIA A100-SXM4-40GB MIG 4g.20gb (0),1,,13,cupy_copy__float32_float32
2961844768,6784,41357,103,1,1,128,1,1,16,0.000,0.000,,,,,NVIDIA A100-SXM4-40GB MIG 4g.20gb (0),1,,13,cupy_copy__complex64_complex64
2961869663,17152,41367,1434,1,1,128,1,1,16,0.000,0.000,,,,,NVIDIA A100-SXM4-40GB MIG 4g.20gb (0),1,,13,cupy_copy__complex64_complex64
2961889055,167326,41372,1,1,1,32,32,1,30,0.000,0.000,,,,,NVIDIA A100-SXM4-40GB MIG 4g.20gb (0),1,,13,"void convert_kernel<__half2, float2>(tensor_layout_any, T1 *, tensor_layout_any, const T2 *)"
2962085373,5408,41375,,,,,,,,,,0.094,17325.421,Pinned,Device,NVIDIA A100-SXM4-40GB MIG 4g.20gb (0),1,,13,[CUDA memcpy Host-to-Device]
2962186364,630809,41376,,,,,,,,,,456.561,723649.882,Device,,NVIDIA A100-SXM4-40GB MIG 4g.20gb (0),1,,13,[CUDA memset]
2962822612,51968,41381,,,,,,,,,,1.235,23762.792,Pinned,Device,NVIDIA A100-SXM4-40GB MIG 4g.20gb (0),1,,13,[CUDA memcpy Host-to-Device]
2962877044,9728,41382,,,,,,,,,,0.197,20210.516,Pinned,Device,NVIDIA A100-SXM4-40GB MIG 4g.20gb (0),1,,13,[CUDA memcpy Host-to-Device]
2962985203,34751,41383,69,4,1,48,1,1,76,0.002,0.000,,,,,NVIDIA A100-SXM4-40GB MIG 4g.20gb (0),1,,13,"void ch_est::windowedChEstPreNoDftSOfdmKernel<float, __half, float, (unsigned int)2, (unsigned int)1, (unsigned short)4>(ch_est::puschRxChEstStatDescr_t *, ch_est::puschRxChEstDynDescr_t *)"
2963110129,24000,41384,137,2,1,24,2,1,44,0.001,0.001,,,,,NVIDIA A100-SXM4-40GB MIG 4g.20gb (0),1,,13,"void ch_est::chEstFilterNoDftSOfdmDispatchKernel<float, __half, float, (unsigned int)2>(ch_est::puschRxChEstStatDescr_t *, ch_est::puschRxChEstDynDescr_t *)"
2963139473,38239,41385,137,2,1,24,2,1,44,0.001,0.001,,,,,NVIDIA A100-SXM4-40GB MIG 4g.20gb (0),1,,13,"void ch_est::chEstFilterNoDftSOfdmDispatchKernel<float, __half, float, (unsigned int)2>(ch_est::puschRxChEstStatDescr_t *, ch_est::puschRxChEstDynDescr_t *)"
2963268143,10016,41396,103,1,1,128,1,1,16,0.000,0.000,,,,,NVIDIA A100-SXM4-40GB MIG 4g.20gb (0),1,,13,cupy_copy__complex64_complex64
2963292847,16992,41406,1434,1,1,128,1,1,16,0.000,0.000,,,,,NVIDIA A100-SXM4-40GB MIG 4g.20gb (0),1,,13,cupy_copy__complex64_complex64
2963419150,12031,41413,103,1,1,128,1,1,16,0.000,0.000,,,,,NVIDIA A100-SXM4-40GB MIG 4g.20gb (0),1,,13,cupy_copy__complex64_complex64
2963443629,247517,41420,1,1,1,32,32,1,30,0.000,0.000,,,,,NVIDIA A100-SXM4-40GB MIG 4g.20gb (0),1,,13,"void convert_kernel<__half2, float2>(tensor_layout_any, T1 *, tensor_layout_any, const T2 *)"
2963720586,6496,41423,,,,,,,,,,0.094,14423.562,Pinned,Device,NVIDIA A100-SXM4-40GB MIG 4g.20gb (0),1,,13,[CUDA memcpy Host-to-Device]
2963770218,63039,41424,,,,,,,,,,35.810,568052.761,Device,,NVIDIA A100-SXM4-40GB MIG 4g.20gb (0),1,,13,[CUDA memset]
2963839785,1824,41426,,,,,,,,,,0.000,43.860,Pinned,Device,NVIDIA A100-SXM4-40GB MIG 4g.20gb (0),1,,13,[CUDA memcpy Host-to-Device]
2963844073,9408,41427,,,,,,,,,,0.197,20897.858,Pinned,Device,NVIDIA A100-SXM4-40GB MIG 4g.20gb (0),1,,13,[CUDA memcpy Host-to-Device]
2963993031,39616,41428,273,1,1,48,1,1,40,0.000,0.001,,,,,NVIDIA A100-SXM4-40GB MIG 4g.20gb (0),1,,13,"void pusch_noise_intf_est::noiseIntfEstNoDftSOfdmKernel<float, __half, float, float, (unsigned int)2, (unsigned int)1, (unsigned char)4, (unsigned char)4>(pusch_noise_intf_est::puschRxNoiseIntfEstDynDescr)"
2964123174,5535,41439,35,1,1,128,1,1,16,0.000,0.000,,,,,NVIDIA A100-SXM4-40GB MIG 4g.20gb (0),1,,13,cupy_copy__complex64_complex64
2964152901,2752,41448,1,1,1,1,1,1,18,0.000,0.000,,,,,NVIDIA A100-SXM4-40GB MIG 4g.20gb (0),1,,13,cupy_copy__float32_float32
2964158405,1856,41454,,,,,,,,,,0.000,2.155,Device,Pageable,NVIDIA A100-SXM4-40GB MIG 4g.20gb (0),1,,7,[CUDA memcpy Device-to-Host]
2964346115,17696,41465,1434,1,1,128,1,1,16,0.000,0.000,,,,,NVIDIA A100-SXM4-40GB MIG 4g.20gb (0),1,,13,cupy_copy__complex64_complex64
2964476417,12768,41472,103,1,1,128,1,1,16,0.000,0.000,,,,,NVIDIA A100-SXM4-40GB MIG 4g.20gb (0),1,,13,cupy_copy__complex64_complex64
2964500769,17984,41479,35,1,1,128,1,1,16,0.000,0.000,,,,,NVIDIA A100-SXM4-40GB MIG 4g.20gb (0),1,,13,cupy_copy__complex64_complex64
2964638816,3040,41486,1,1,1,1,1,1,18,0.000,0.000,,,,,NVIDIA A100-SXM4-40GB MIG 4g.20gb (0),1,,13,cupy_copy__float32_float32
2964665471,248573,41497,1,1,1,32,32,1,30,0.000,0.000,,,,,NVIDIA A100-SXM4-40GB MIG 4g.20gb (0),1,,13,"void convert_kernel<__half2, float2>(tensor_layout_any, T1 *, tensor_layout_any, const T2 *)"
2964943996,5536,41500,,,,,,,,,,0.094,16924.777,Pinned,Device,NVIDIA A100-SXM4-40GB MIG 4g.20gb (0),1,,13,[CUDA memcpy Host-to-Device]
2965014491,11040,41501,,,,,,,,,,1.547,140091.655,Device,,NVIDIA A100-SXM4-40GB MIG 4g.20gb (0),1,,13,[CUDA memset]
2965029115,3008,41506,,,,,,,,,,0.031,10404.230,Pinned,Device,NVIDIA A100-SXM4-40GB MIG 4g.20gb (0),1,,13,[CUDA memcpy Host-to-Device]
2965034843,9440,41507,,,,,,,,,,0.197,20827.079,Pinned,Device,NVIDIA A100-SXM4-40GB MIG 4g.20gb (0),1,,13,[CUDA memcpy Host-to-Device]
2965164314,27871,41508,273,1,1,8,4,1,39,0.002,0.000,,,,,NVIDIA A100-SXM4-40GB MIG 4g.20gb (0),1,,13,"void channel_eq::eqMmseCoefCompLowMimoKernel<float, float, float, (unsigned int)4, (unsigned int)1, (unsigned int)4>(const channel_eq::_puschRxChEqStatDescr *, channel_eq::_puschRxChEqCoefCompDynDescr)"
2965194937,42752,41509,273,1,1,12,11,1,51,0.002,0.000,,,,,NVIDIA A100-SXM4-40GB MIG 4g.20gb (0),1,,13,"void channel_eq::eqMmseSoftDemapKernel<float, __half, __half, float, (unsigned int)4, (unsigned short)16383>(channel_eq::_puschRxChEqStatDescr *, channel_eq::_puschRxChEqSoftDemapDynDescr)"
2965343831,591482,41510,1,1,1,32,32,1,30,0.000,0.000,,,,,NVIDIA A100-SXM4-40GB MIG 4g.20gb (0),1,,13,"void convert_kernel<float2, __half2>(tensor_layout_any, T1 *, tensor_layout_any, const T2 *)"
2965954512,18368,41522,2253,1,1,128,1,1,16,0.000,0.000,,,,,NVIDIA A100-SXM4-40GB MIG 4g.20gb (0),1,,13,cupy_copy__float16_float16
2966086959,16544,41531,282,1,1,128,1,1,16,0.000,0.000,,,,,NVIDIA A100-SXM4-40GB MIG 4g.20gb (0),1,,13,cupy_copy__complex64_complex64
2966112143,5696,41540,26,1,1,128,1,1,16,0.000,0.000,,,,,NVIDIA A100-SXM4-40GB MIG 4g.20gb (0),1,,13,cupy_copy__float32_float32
2966230189,7424,41549,103,1,1,128,1,1,16,0.000,0.000,,,,,NVIDIA A100-SXM4-40GB MIG 4g.20gb (0),1,,13,cupy_copy__complex64_complex64
2966275053,17984,41559,1434,1,1,128,1,1,16,0.000,0.000,,,,,NVIDIA A100-SXM4-40GB MIG 4g.20gb (0),1,,13,cupy_copy__complex64_complex64
2966412651,204478,41564,1,1,1,32,32,1,30,0.000,0.000,,,,,NVIDIA A100-SXM4-40GB MIG 4g.20gb (0),1,,13,"void convert_kernel<__half2, float2>(tensor_layout_any, T1 *, tensor_layout_any, const T2 *)"
2966647241,5375,41567,,,,,,,,,,0.094,17431.766,Pinned,Device,NVIDIA A100-SXM4-40GB MIG 4g.20gb (0),1,,13,[CUDA memcpy Host-to-Device]
2966738471,636281,41568,,,,,,,,,,456.561,717258.022,Device,,NVIDIA A100-SXM4-40GB MIG 4g.20gb (0),1,,13,[CUDA memset]
2967382144,49855,41573,,,,,,,,,,1.235,24770.507,Pinned,Device,NVIDIA A100-SXM4-40GB MIG 4g.20gb (0),1,,13,[CUDA memcpy Host-to-Device]
2967434495,9568,41574,,,,,,,,,,0.197,20548.485,Pinned,Device,NVIDIA A100-SXM4-40GB MIG 4g.20gb (0),1,,13,[CUDA memcpy Host-to-Device]
2967536926,29728,41575,69,4,1,48,1,1,76,0.002,0.000,,,,,NVIDIA A100-SXM4-40GB MIG 4g.20gb (0),1,,13,"void ch_est::windowedChEstPreNoDftSOfdmKernel<float, __half, float, (unsigned int)2, (unsigned int)1, (unsigned short)4>(ch_est::puschRxChEstStatDescr_t *, ch_est::puschRxChEstDynDescr_t *)"
2967671933,26015,41576,137,2,1,24,2,1,44,0.001,0.001,,,,,NVIDIA A100-SXM4-40GB MIG 4g.20gb (0),1,,13,"void ch_est::chEstFilterNoDftSOfdmDispatchKernel<float, __half, float, (unsigned int)2>(ch_est::puschRxChEstStatDescr_t *, ch_est::puschRxChEstDynDescr_t *)"
2967700284,29568,41577,137,2,1,24,2,1,44,0.001,0.001,,,,,NVIDIA A100-SXM4-40GB MIG 4g.20gb (0),1,,13,"void ch_est::chEstFilterNoDftSOfdmDispatchKernel<float, __half, float, (unsigned int)2>(ch_est::puschRxChEstStatDescr_t *, ch_est::puschRxChEstDynDescr_t *)"
2967831931,3360,41588,103,1,1,128,1,1,16,0.000,0.000,,,,,NVIDIA A100-SXM4-40GB MIG 4g.20gb (0),1,,13,cupy_copy__complex64_complex64
2967856091,15967,41598,1434,1,1,128,1,1,16,0.000,0.000,,,,,NVIDIA A100-SXM4-40GB MIG 4g.20gb (0),1,,13,cupy_copy__complex64_complex64
2967980441,13152,41605,103,1,1,128,1,1,16,0.000,0.000,,,,,NVIDIA A100-SXM4-40GB MIG 4g.20gb (0),1,,13,cupy_copy__complex64_complex64
2968004377,260733,41612,1,1,1,32,32,1,30,0.000,0.000,,,,,NVIDIA A100-SXM4-40GB MIG 4g.20gb (0),1,,13,"void convert_kernel<__half2, float2>(tensor_layout_any, T1 *, tensor_layout_any, const T2 *)"
2968297590,5375,41615,,,,,,,,,,0.094,17431.766,Pinned,Device,NVIDIA A100-SXM4-40GB MIG 4g.20gb (0),1,,13,[CUDA memcpy Host-to-Device]
2968321461,60928,41616,,,,,,,,,,35.810,587712.407,Device,,NVIDIA A100-SXM4-40GB MIG 4g.20gb (0),1,,13,[CUDA memset]
2968389524,1824,41618,,,,,,,,,,0.000,43.860,Pinned,Device,NVIDIA A100-SXM4-40GB MIG 4g.20gb (0),1,,13,[CUDA memcpy Host-to-Device]
2968393780,9504,41619,,,,,,,,,,0.197,20686.701,Pinned,Device,NVIDIA A100-SXM4-40GB MIG 4g.20gb (0),1,,13,[CUDA memcpy Host-to-Device]
2968548819,41407,41620,273,1,1,48,1,1,40,0.000,0.001,,,,,NVIDIA A100-SXM4-40GB MIG 4g.20gb (0),1,,13,"void pusch_noise_intf_est::noiseIntfEstNoDftSOfdmKernel<float, __half, float, float, (unsigned int)2, (unsigned int)1, (unsigned char)4, (unsigned char)4>(pusch_noise_intf_est::puschRxNoiseIntfEstDynDescr)"
2968670577,15840,41631,35,1,1,128,1,1,16,0.000,0.000,,,,,NVIDIA A100-SXM4-40GB MIG 4g.20gb (0),1,,13,cupy_copy__complex64_complex64
2968693585,2240,41640,1,1,1,1,1,1,18,0.000,0.000,,,,,NVIDIA A100-SXM4-40GB MIG 4g.20gb (0),1,,13,cupy_copy__float32_float32
2968697617,1600,41646,,,,,,,,,,0.000,2.500,Device,Pageable,NVIDIA A100-SXM4-40GB MIG 4g.20gb (0),1,,7,[CUDA memcpy Device-to-Host]
2968878735,16288,41657,1434,1,1,128,1,1,16,0.000,0.000,,,,,NVIDIA A100-SXM4-40GB MIG 4g.20gb (0),1,,13,cupy_copy__complex64_complex64
2968900367,4064,41664,103,1,1,128,1,1,16,0.000,0.000,,,,,NVIDIA A100-SXM4-40GB MIG 4g.20gb (0),1,,13,cupy_copy__complex64_complex64
2969035309,5472,41671,35,1,1,128,1,1,16,0.000,0.000,,,,,NVIDIA A100-SXM4-40GB MIG 4g.20gb (0),1,,13,cupy_copy__complex64_complex64
2969062829,3392,41678,1,1,1,1,1,1,18,0.000,0.000,,,,,NVIDIA A100-SXM4-40GB MIG 4g.20gb (0),1,,13,cupy_copy__float32_float32
2969068589,192925,41689,1,1,1,32,32,1,30,0.000,0.000,,,,,NVIDIA A100-SXM4-40GB MIG 4g.20gb (0),1,,13,"void convert_kernel<__half2, float2>(tensor_layout_any, T1 *, tensor_layout_any, const T2 *)"
2969291018,5408,41692,,,,,,,,,,0.094,17325.421,Pinned,Device,NVIDIA A100-SXM4-40GB MIG 4g.20gb (0),1,,13,[CUDA memcpy Host-to-Device]
2969422409,6016,41693,,,,,,,,,,1.547,257084.481,Device,,NVIDIA A100-SXM4-40GB MIG 4g.20gb (0),1,,13,[CUDA memset]
2969435368,3680,41698,,,,,,,,,,0.031,8504.344,Pinned,Device,NVIDIA A100-SXM4-40GB MIG 4g.20gb (0),1,,13,[CUDA memcpy Host-to-Device]
2969441480,11904,41699,,,,,,,,,,0.197,16516.055,Pinned,Device,NVIDIA A100-SXM4-40GB MIG 4g.20gb (0),1,,13,[CUDA memcpy Host-to-Device]
2969602663,44031,41700,273,1,1,8,4,1,39,0.002,0.000,,,,,NVIDIA A100-SXM4-40GB MIG 4g.20gb (0),1,,13,"void channel_eq::eqMmseCoefCompLowMimoKernel<float, float, float, (unsigned int)4, (unsigned int)1, (unsigned int)4>(const channel_eq::_puschRxChEqStatDescr *, channel_eq::_puschRxChEqCoefCompDynDescr)"
2969761029,29151,41701,273,1,1,12,11,1,51,0.002,0.000,,,,,NVIDIA A100-SXM4-40GB MIG 4g.20gb (0),1,,13,"void channel_eq::eqMmseSoftDemapKernel<float, __half, __half, float, (unsigned int)4, (unsigned short)16383>(channel_eq::_puschRxChEqStatDescr *, channel_eq::_puschRxChEqSoftDemapDynDescr)"
2969890755,606009,41702,1,1,1,32,32,1,30,0.000,0.000,,,,,NVIDIA A100-SXM4-40GB MIG 4g.20gb (0),1,,13,"void convert_kernel<float2, __half2>(tensor_layout_any, T1 *, tensor_layout_any, const T2 *)"
2970517820,15968,41714,2253,1,1,128,1,1,16,0.000,0.000,,,,,NVIDIA A100-SXM4-40GB MIG 4g.20gb (0),1,,13,cupy_copy__float16_float16
2970648795,4671,41723,282,1,1,128,1,1,16,0.000,0.000,,,,,NVIDIA A100-SXM4-40GB MIG 4g.20gb (0),1,,13,cupy_copy__complex64_complex64
2970673818,6208,41732,26,1,1,128,1,1,16,0.000,0.000,,,,,NVIDIA A100-SXM4-40GB MIG 4g.20gb (0),1,,13,cupy_copy__float32_float32
2970682458,4896,41741,103,1,1,128,1,1,16,0.000,0.000,,,,,NVIDIA A100-SXM4-40GB MIG 4g.20gb (0),1,,13,cupy_copy__complex64_complex64
2970843096,14528,41751,1434,1,1,128,1,1,16,0.000,0.000,,,,,NVIDIA A100-SXM4-40GB MIG 4g.20gb (0),1,,13,cupy_copy__complex64_complex64
2970872344,220797,41756,1,1,1,32,32,1,30,0.000,0.000,,,,,NVIDIA A100-SXM4-40GB MIG 4g.20gb (0),1,,13,"void convert_kernel<__half2, float2>(tensor_layout_any, T1 *, tensor_layout_any, const T2 *)"
2971122613,5568,41759,,,,,,,,,,0.094,16827.521,Pinned,Device,NVIDIA A100-SXM4-40GB MIG 4g.20gb (0),1,,13,[CUDA memcpy Host-to-Device]
2971168693,633880,41760,,,,,,,,,,456.561,719997.391,Device,,NVIDIA A100-SXM4-40GB MIG 4g.20gb (0),1,,13,[CUDA memset]
2971805389,50208,41765,,,,,,,,,,1.235,24596.380,Pinned,Device,NVIDIA A100-SXM4-40GB MIG 4g.20gb (0),1,,13,[CUDA memcpy Host-to-Device]
2971858061,9343,41766,,,,,,,,,,0.197,21043.347,Pinned,Device,NVIDIA A100-SXM4-40GB MIG 4g.20gb (0),1,,13,[CUDA memcpy Host-to-Device]
2971963403,32000,41767,69,4,1,48,1,1,76,0.002,0.000,,,,,NVIDIA A100-SXM4-40GB MIG 4g.20gb (0),1,,13,"void ch_est::windowedChEstPreNoDftSOfdmKernel<float, __half, float, (unsigned int)2, (unsigned int)1, (unsigned short)4>(ch_est::puschRxChEstStatDescr_t *, ch_est::puschRxChEstDynDescr_t *)"
2972099690,25696,41768,137,2,1,24,2,1,44,0.001,0.001,,,,,NVIDIA A100-SXM4-40GB MIG 4g.20gb (0),1,,13,"void ch_est::chEstFilterNoDftSOfdmDispatchKernel<float, __half, float, (unsigned int)2>(ch_est::puschRxChEstStatDescr_t *, ch_est::puschRxChEstDynDescr_t *)"
2972127114,34079,41769,137,2,1,24,2,1,44,0.001,0.001,,,,,NVIDIA A100-SXM4-40GB MIG 4g.20gb (0),1,,13,"void ch_est::chEstFilterNoDftSOfdmDispatchKernel<float, __half, float, (unsigned int)2>(ch_est::puschRxChEstStatDescr_t *, ch_est::puschRxChEstDynDescr_t *)"
2972265704,13344,41780,103,1,1,128,1,1,16,0.000,0.000,,,,,NVIDIA A100-SXM4-40GB MIG 4g.20gb (0),1,,13,cupy_copy__complex64_complex64
2972290728,16671,41790,1434,1,1,128,1,1,16,0.000,0.000,,,,,NVIDIA A100-SXM4-40GB MIG 4g.20gb (0),1,,13,cupy_copy__complex64_complex64
2972418470,10816,41797,103,1,1,128,1,1,16,0.000,0.000,,,,,NVIDIA A100-SXM4-40GB MIG 4g.20gb (0),1,,13,cupy_copy__complex64_complex64
2972446950,246877,41804,1,1,1,32,32,1,30,0.000,0.000,,,,,NVIDIA A100-SXM4-40GB MIG 4g.20gb (0),1,,13,"void convert_kernel<__half2, float2>(tensor_layout_any, T1 *, tensor_layout_any, const T2 *)"
2972845569,5376,41807,,,,,,,,,,0.094,17428.487,Pinned,Device,NVIDIA A100-SXM4-40GB MIG 4g.20gb (0),1,,13,[CUDA memcpy Host-to-Device]
2972913280,60480,41808,,,,,,,,,,35.810,592081.217,Device,,NVIDIA A100-SXM4-40GB MIG 4g.20gb (0),1,,13,[CUDA memset]
2972980384,1824,41810,,,,,,,,,,0.000,43.860,Pinned,Device,NVIDIA A100-SXM4-40GB MIG 4g.20gb (0),1,,13,[CUDA memcpy Host-to-Device]
2972984672,9536,41811,,,,,,,,,,0.197,20617.298,Pinned,Device,NVIDIA A100-SXM4-40GB MIG 4g.20gb (0),1,,13,[CUDA memcpy Host-to-Device]
2973135038,40095,41812,273,1,1,48,1,1,40,0.000,0.001,,,,,NVIDIA A100-SXM4-40GB MIG 4g.20gb (0),1,,13,"void pusch_noise_intf_est::noiseIntfEstNoDftSOfdmKernel<float, __half, float, float, (unsigned int)2, (unsigned int)1, (unsigned char)4, (unsigned char)4>(pusch_noise_intf_est::puschRxNoiseIntfEstDynDescr)"
2973262684,5376,41823,35,1,1,128,1,1,16,0.000,0.000,,,,,NVIDIA A100-SXM4-40GB MIG 4g.20gb (0),1,,13,cupy_copy__complex64_complex64
2973287132,2144,41832,1,1,1,1,1,1,18,0.000,0.000,,,,,NVIDIA A100-SXM4-40GB MIG 4g.20gb (0),1,,13,cupy_copy__float32_float32
2973290940,1600,41838,,,,,,,,,,0.000,2.500,Device,Pageable,NVIDIA A100-SXM4-40GB MIG 4g.20gb (0),1,,7,[CUDA memcpy Device-to-Host]
2973458778,18048,41849,1434,1,1,128,1,1,16,0.000,0.000,,,,,NVIDIA A100-SXM4-40GB MIG 4g.20gb (0),1,,13,cupy_copy__complex64_complex64
2973598393,14111,41856,103,1,1,128,1,1,16,0.000,0.000,,,,,NVIDIA A100-SXM4-40GB MIG 4g.20gb (0),1,,13,cupy_copy__complex64_complex64
2973623608,22624,41863,35,1,1,128,1,1,16,0.000,0.000,,,,,NVIDIA A100-SXM4-40GB MIG 4g.20gb (0),1,,13,cupy_copy__complex64_complex64
2973750391,3488,41870,1,1,1,1,1,1,18,0.000,0.000,,,,,NVIDIA A100-SXM4-40GB MIG 4g.20gb (0),1,,13,cupy_copy__float32_float32
2973777015,251741,41881,1,1,1,32,32,1,30,0.000,0.000,,,,,NVIDIA A100-SXM4-40GB MIG 4g.20gb (0),1,,13,"void convert_kernel<__half2, float2>(tensor_layout_any, T1 *, tensor_layout_any, const T2 *)"
2974064435,5376,41884,,,,,,,,,,0.094,17428.487,Pinned,Device,NVIDIA A100-SXM4-40GB MIG 4g.20gb (0),1,,13,[CUDA memcpy Host-to-Device]
2974116595,11776,41885,,,,,,,,,,1.547,131336.217,Device,,NVIDIA A100-SXM4-40GB MIG 4g.20gb (0),1,,13,[CUDA memset]
2974129298,3040,41890,,,,,,,,,,0.031,10294.725,Pinned,Device,NVIDIA A100-SXM4-40GB MIG 4g.20gb (0),1,,13,[CUDA memcpy Host-to-Device]
2974134738,9952,41891,,,,,,,,,,0.197,19755.565,Pinned,Device,NVIDIA A100-SXM4-40GB MIG 4g.20gb (0),1,,13,[CUDA memcpy Host-to-Device]
2974257041,29472,41892,273,1,1,8,4,1,39,0.002,0.000,,,,,NVIDIA A100-SXM4-40GB MIG 4g.20gb (0),1,,13,"void channel_eq::eqMmseCoefCompLowMimoKernel<float, float, float, (unsigned int)4, (unsigned int)1, (unsigned int)4>(const channel_eq::_puschRxChEqStatDescr *, channel_eq::_puschRxChEqCoefCompDynDescr)"
2974291505,40703,41893,273,1,1,12,11,1,51,0.002,0.000,,,,,NVIDIA A100-SXM4-40GB MIG 4g.20gb (0),1,,13,"void channel_eq::eqMmseSoftDemapKernel<float, __half, __half, float, (unsigned int)4, (unsigned short)16383>(channel_eq::_puschRxChEqStatDescr *, channel_eq::_puschRxChEqSoftDemapDynDescr)"
2974429775,579129,41894,1,1,1,32,32,1,30,0.000,0.000,,,,,NVIDIA A100-SXM4-40GB MIG 4g.20gb (0),1,,13,"void convert_kernel<float2, __half2>(tensor_layout_any, T1 *, tensor_layout_any, const T2 *)"
2975058216,17344,41906,2253,1,1,128,1,1,16,0.000,0.000,,,,,NVIDIA A100-SXM4-40GB MIG 4g.20gb (0),1,,13,cupy_copy__float16_float16
2975184422,16576,41915,282,1,1,128,1,1,16,0.000,0.000,,,,,NVIDIA A100-SXM4-40GB MIG 4g.20gb (0),1,,13,cupy_copy__complex64_complex64
2975205766,6944,41924,26,1,1,128,1,1,16,0.000,0.000,,,,,NVIDIA A100-SXM4-40GB MIG 4g.20gb (0),1,,13,cupy_copy__float32_float32
2975336389,6304,41933,103,1,1,128,1,1,16,0.000,0.000,,,,,NVIDIA A100-SXM4-40GB MIG 4g.20gb (0),1,,13,cupy_copy__complex64_complex64
2975361188,18496,41943,1434,1,1,128,1,1,16,0.000,0.000,,,,,NVIDIA A100-SXM4-40GB MIG 4g.20gb (0),1,,13,cupy_copy__complex64_complex64
2975509475,249117,41948,1,1,1,32,32,1,30,0.000,0.000,,,,,NVIDIA A100-SXM4-40GB MIG 4g.20gb (0),1,,13,"void convert_kernel<__half2, float2>(tensor_layout_any, T1 *, tensor_layout_any, const T2 *)"
2975792159,5376,41951,,,,,,,,,,0.094,17428.487,Pinned,Device,NVIDIA A100-SXM4-40GB MIG 4g.20gb (0),1,,13,[CUDA memcpy Host-to-Device]
2975849151,636536,41952,,,,,,,,,,456.561,717258.022,Device,,NVIDIA A100-SXM4-40GB MIG 4g.20gb (0),1,,13,[CUDA memset]
2976487767,52000,41957,,,,,,,,,,1.235,23747.973,Pinned,Device,NVIDIA A100-SXM4-40GB MIG 4g.20gb (0),1,,13,[CUDA memcpy Host-to-Device]
2976542199,9376,41958,,,,,,,,,,0.197,20969.226,Pinned,Device,NVIDIA A100-SXM4-40GB MIG 4g.20gb (0),1,,13,[CUDA memcpy Host-to-Device]
2976648342,39839,41959,69,4,1,48,1,1,76,0.002,0.000,,,,,NVIDIA A100-SXM4-40GB MIG 4g.20gb (0),1,,13,"void ch_est::windowedChEstPreNoDftSOfdmKernel<float, __half, float, (unsigned int)2, (unsigned int)1, (unsigned short)4>(ch_est::puschRxChEstStatDescr_t *, ch_est::puschRxChEstDynDescr_t *)"
2976783476,25696,41960,137,2,1,24,2,1,44,0.001,0.001,,,,,NVIDIA A100-SXM4-40GB MIG 4g.20gb (0),1,,13,"void ch_est::chEstFilterNoDftSOfdmDispatchKernel<float, __half, float, (unsigned int)2>(ch_est::puschRxChEstStatDescr_t *, ch_est::puschRxChEstDynDescr_t *)"
2976810868,36415,41961,137,2,1,24,2,1,44,0.001,0.001,,,,,NVIDIA A100-SXM4-40GB MIG 4g.20gb (0),1,,13,"void ch_est::chEstFilterNoDftSOfdmDispatchKernel<float, __half, float, (unsigned int)2>(ch_est::puschRxChEstStatDescr_t *, ch_est::puschRxChEstDynDescr_t *)"
2976949810,11040,41972,103,1,1,128,1,1,16,0.000,0.000,,,,,NVIDIA A100-SXM4-40GB MIG 4g.20gb (0),1,,13,cupy_copy__complex64_complex64
2976974898,17792,41982,1434,1,1,128,1,1,16,0.000,0.000,,,,,NVIDIA A100-SXM4-40GB MIG 4g.20gb (0),1,,13,cupy_copy__complex64_complex64
2977101296,12288,41989,103,1,1,128,1,1,16,0.000,0.000,,,,,NVIDIA A100-SXM4-40GB MIG 4g.20gb (0),1,,13,cupy_copy__complex64_complex64
2977124048,252861,41996,1,1,1,32,32,1,30,0.000,0.000,,,,,NVIDIA A100-SXM4-40GB MIG 4g.20gb (0),1,,13,"void convert_kernel<__half2, float2>(tensor_layout_any, T1 *, tensor_layout_any, const T2 *)"
2977413197,5408,41999,,,,,,,,,,0.094,17325.421,Pinned,Device,NVIDIA A100-SXM4-40GB MIG 4g.20gb (0),1,,13,[CUDA memcpy Host-to-Device]
2977426477,60319,42000,,,,,,,,,,35.810,593656.854,Device,,NVIDIA A100-SXM4-40GB MIG 4g.20gb (0),1,,13,[CUDA memset]
2977492268,2080,42002,,,,,,,,,,0.000,38.462,Pinned,Device,NVIDIA A100-SXM4-40GB MIG 4g.20gb (0),1,,13,[CUDA memcpy Host-to-Device]
2977496812,9312,42003,,,,,,,,,,0.197,21113.340,Pinned,Device,NVIDIA A100-SXM4-40GB MIG 4g.20gb (0),1,,13,[CUDA memcpy Host-to-Device]
2977651594,42240,42004,273,1,1,48,1,1,40,0.000,0.001,,,,,NVIDIA A100-SXM4-40GB MIG 4g.20gb (0),1,,13,"void pusch_noise_intf_est::noiseIntfEstNoDftSOfdmKernel<float, __half, float, float, (unsigned int)2, (unsigned int)1, (unsigned char)4, (unsigned char)4>(pusch_noise_intf_est::puschRxNoiseIntfEstDynDescr)"
2977775433,4256,42015,35,1,1,128,1,1,16,0.000,0.000,,,,,NVIDIA A100-SXM4-40GB MIG 4g.20gb (0),1,,13,cupy_copy__complex64_complex64
2977799112,2080,42024,1,1,1,1,1,1,18,0.000,0.000,,,,,NVIDIA A100-SXM4-40GB MIG 4g.20gb (0),1,,13,cupy_copy__float32_float32
2977804008,1600,42030,,,,,,,,,,0.000,2.500,Device,Pageable,NVIDIA A100-SXM4-40GB MIG 4g.20gb (0),1,,7,[CUDA memcpy Device-to-Host]
2977969830,19328,42041,1434,1,1,128,1,1,16,0.000,0.000,,,,,NVIDIA A100-SXM4-40GB MIG 4g.20gb (0),1,,13,cupy_copy__complex64_complex64
2978110629,8480,42048,103,1,1,128,1,1,16,0.000,0.000,,,,,NVIDIA A100-SXM4-40GB MIG 4g.20gb (0),1,,13,cupy_copy__complex64_complex64
2978135492,21952,42055,35,1,1,128,1,1,16,0.000,0.000,,,,,NVIDIA A100-SXM4-40GB MIG 4g.20gb (0),1,,13,cupy_copy__complex64_complex64
2978283203,2752,42062,1,1,1,1,1,1,18,0.000,0.000,,,,,NVIDIA A100-SXM4-40GB MIG 4g.20gb (0),1,,13,cupy_copy__float32_float32
2978309058,245534,42073,1,1,1,32,32,1,30,0.000,0.000,,,,,NVIDIA A100-SXM4-40GB MIG 4g.20gb (0),1,,13,"void convert_kernel<__half2, float2>(tensor_layout_any, T1 *, tensor_layout_any, const T2 *)"
2978584607,5600,42076,,,,,,,,,,0.094,16731.388,Pinned,Device,NVIDIA A100-SXM4-40GB MIG 4g.20gb (0),1,,13,[CUDA memcpy Host-to-Device]
2978685726,10944,42077,,,,,,,,,,1.547,141321.221,Device,,NVIDIA A100-SXM4-40GB MIG 4g.20gb (0),1,,13,[CUDA memset]
2978698718,3296,42082,,,,,,,,,,0.031,9495.144,Pinned,Device,NVIDIA A100-SXM4-40GB MIG 4g.20gb (0),1,,13,[CUDA memcpy Host-to-Device]
2978704478,10080,42083,,,,,,,,,,0.197,19504.693,Pinned,Device,NVIDIA A100-SXM4-40GB MIG 4g.20gb (0),1,,13,[CUDA memcpy Host-to-Device]
2978845916,28704,42084,273,1,1,8,4,1,39,0.002,0.000,,,,,NVIDIA A100-SXM4-40GB MIG 4g.20gb (0),1,,13,"void channel_eq::eqMmseCoefCompLowMimoKernel<float, float, float, (unsigned int)4, (unsigned int)1, (unsigned int)4>(const channel_eq::_puschRxChEqStatDescr *, channel_eq::_puschRxChEqCoefCompDynDescr)"
2978876092,39455,42085,273,1,1,12,11,1,51,0.002,0.000,,,,,NVIDIA A100-SXM4-40GB MIG 4g.20gb (0),1,,13,"void channel_eq::eqMmseSoftDemapKernel<float, __half, __half, float, (unsigned int)4, (unsigned short)16383>(channel_eq::_puschRxChEqStatDescr *, channel_eq::_puschRxChEqSoftDemapDynDescr)"
2979008986,583258,42086,1,1,1,32,32,1,30,0.000,0.000,,,,,NVIDIA A100-SXM4-40GB MIG 4g.20gb (0),1,,13,"void convert_kernel<float2, __half2>(tensor_layout_any, T1 *, tensor_layout_any, const T2 *)"
2979619091,15840,42098,2253,1,1,128,1,1,16,0.000,0.000,,,,,NVIDIA A100-SXM4-40GB MIG 4g.20gb (0),1,,13,cupy_copy__float16_float16
2979743314,16224,42107,282,1,1,128,1,1,16,0.000,0.000,,,,,NVIDIA A100-SXM4-40GB MIG 4g.20gb (0),1,,13,cupy_copy__complex64_complex64
2979764562,7904,42116,26,1,1,128,1,1,16,0.000,0.000,,,,,NVIDIA A100-SXM4-40GB MIG 4g.20gb (0),1,,13,cupy_copy__float32_float32
2979910160,16096,42125,103,1,1,128,1,1,16,0.000,0.000,,,,,NVIDIA A100-SXM4-40GB MIG 4g.20gb (0),1,,13,cupy_copy__complex64_complex64
2979935280,18848,42135,1434,1,1,128,1,1,16,0.000,0.000,,,,,NVIDIA A100-SXM4-40GB MIG 4g.20gb (0),1,,13,cupy_copy__complex64_complex64
2979955856,80927,42140,1,1,1,32,32,1,30,0.000,0.000,,,,,NVIDIA A100-SXM4-40GB MIG 4g.20gb (0),1,,13,"void convert_kernel<__half2, float2>(tensor_layout_any, T1 *, tensor_layout_any, const T2 *)"
2980067790,5408,42143,,,,,,,,,,0.094,17325.421,Pinned,Device,NVIDIA A100-SXM4-40GB MIG 4g.20gb (0),1,,13,[CUDA memcpy Host-to-Device]
2980113966,636664,42144,,,,,,,,,,456.561,716801.461,Device,,NVIDIA A100-SXM4-40GB MIG 4g.20gb (0),1,,13,[CUDA memset]
2980756422,52768,42149,,,,,,,,,,1.235,23402.189,Pinned,Device,NVIDIA A100-SXM4-40GB MIG 4g.20gb (0),1,,13,[CUDA memcpy Host-to-Device]
2980811686,11936,42150,,,,,,,,,,0.197,16471.818,Pinned,Device,NVIDIA A100-SXM4-40GB MIG 4g.20gb (0),1,,13,[CUDA memcpy Host-to-Device]
2980918308,39680,42151,69,4,1,48,1,1,76,0.002,0.000,,,,,NVIDIA A100-SXM4-40GB MIG 4g.20gb (0),1,,13,"void ch_est::windowedChEstPreNoDftSOfdmKernel<float, __half, float, (unsigned int)2, (unsigned int)1, (unsigned short)4>(ch_est::puschRxChEstStatDescr_t *, ch_est::puschRxChEstDynDescr_t *)"
2981055875,26016,42152,137,2,1,24,2,1,44,0.001,0.001,,,,,NVIDIA A100-SXM4-40GB MIG 4g.20gb (0),1,,13,"void ch_est::chEstFilterNoDftSOfdmDispatchKernel<float, __half, float, (unsigned int)2>(ch_est::puschRxChEstStatDescr_t *, ch_est::puschRxChEstDynDescr_t *)"
2981083715,29471,42153,137,2,1,24,2,1,44,0.001,0.001,,,,,NVIDIA A100-SXM4-40GB MIG 4g.20gb (0),1,,13,"void ch_est::chEstFilterNoDftSOfdmDispatchKernel<float, __half, float, (unsigned int)2>(ch_est::puschRxChEstStatDescr_t *, ch_est::puschRxChEstDynDescr_t *)"
2981209569,12160,42164,103,1,1,128,1,1,16,0.000,0.000,,,,,NVIDIA A100-SXM4-40GB MIG 4g.20gb (0),1,,13,cupy_copy__complex64_complex64
2981231713,17312,42174,1434,1,1,128,1,1,16,0.000,0.000,,,,,NVIDIA A100-SXM4-40GB MIG 4g.20gb (0),1,,13,cupy_copy__complex64_complex64
2981374687,4960,42181,103,1,1,128,1,1,16,0.000,0.000,,,,,NVIDIA A100-SXM4-40GB MIG 4g.20gb (0),1,,13,cupy_copy__complex64_complex64
2981397567,255261,42188,1,1,1,32,32,1,30,0.000,0.000,,,,,NVIDIA A100-SXM4-40GB MIG 4g.20gb (0),1,,13,"void convert_kernel<__half2, float2>(tensor_layout_any, T1 *, tensor_layout_any, const T2 *)"
2981682268,5888,42191,,,,,,,,,,0.094,15912.954,Pinned,Device,NVIDIA A100-SXM4-40GB MIG 4g.20gb (0),1,,13,[CUDA memcpy Host-to-Device]
2981712091,59648,42192,,,,,,,,,,35.810,600353.309,Device,,NVIDIA A100-SXM4-40GB MIG 4g.20gb (0),1,,13,[CUDA memset]
2981772603,2176,42194,,,,,,,,,,0.000,36.765,Pinned,Device,NVIDIA A100-SXM4-40GB MIG 4g.20gb (0),1,,13,[CUDA memcpy Host-to-Device]
2981777211,9343,42195,,,,,,,,,,0.197,21043.347,Pinned,Device,NVIDIA A100-SXM4-40GB MIG 4g.20gb (0),1,,13,[CUDA memcpy Host-to-Device]
2981911577,41312,42196,273,1,1,48,1,1,40,0.000,0.001,,,,,NVIDIA A100-SXM4-40GB MIG 4g.20gb (0),1,,13,"void pusch_noise_intf_est::noiseIntfEstNoDftSOfdmKernel<float, __half, float, float, (unsigned int)2, (unsigned int)1, (unsigned char)4, (unsigned char)4>(pusch_noise_intf_est::puschRxNoiseIntfEstDynDescr)"
2982032536,16511,42207,35,1,1,128,1,1,16,0.000,0.000,,,,,NVIDIA A100-SXM4-40GB MIG 4g.20gb (0),1,,13,cupy_copy__complex64_complex64
2982056887,2176,42216,1,1,1,1,1,1,18,0.000,0.000,,,,,NVIDIA A100-SXM4-40GB MIG 4g.20gb (0),1,,13,cupy_copy__float32_float32
2982063767,1632,42222,,,,,,,,,,0.000,2.451,Device,Pageable,NVIDIA A100-SXM4-40GB MIG 4g.20gb (0),1,,7,[CUDA memcpy Device-to-Host]
2982239029,18976,42233,1434,1,1,128,1,1,16,0.000,0.000,,,,,NVIDIA A100-SXM4-40GB MIG 4g.20gb (0),1,,13,cupy_copy__complex64_complex64
2982374772,13088,42240,103,1,1,128,1,1,16,0.000,0.000,,,,,NVIDIA A100-SXM4-40GB MIG 4g.20gb (0),1,,13,cupy_copy__complex64_complex64
2982397875,27072,42247,35,1,1,128,1,1,16,0.000,0.000,,,,,NVIDIA A100-SXM4-40GB MIG 4g.20gb (0),1,,13,cupy_copy__complex64_complex64
2982548402,7264,42254,1,1,1,1,1,1,18,0.000,0.000,,,,,NVIDIA A100-SXM4-40GB MIG 4g.20gb (0),1,,13,cupy_copy__float32_float32
2982576593,246462,42265,1,1,1,32,32,1,30,0.000,0.000,,,,,NVIDIA A100-SXM4-40GB MIG 4g.20gb (0),1,,13,"void convert_kernel<__half2, float2>(tensor_layout_any, T1 *, tensor_layout_any, const T2 *)"
2982869646,5856,42268,,,,,,,,,,0.094,15999.997,Pinned,Device,NVIDIA A100-SXM4-40GB MIG 4g.20gb (0),1,,13,[CUDA memcpy Host-to-Device]
2982964461,11968,42269,,,,,,,,,,1.547,129229.715,Device,,NVIDIA A100-SXM4-40GB MIG 4g.20gb (0),1,,13,[CUDA memset]
2982979629,3904,42274,,,,,,,,,,0.031,8016.377,Pinned,Device,NVIDIA A100-SXM4-40GB MIG 4g.20gb (0),1,,13,[CUDA memcpy Host-to-Device]
2982986381,9600,42275,,,,,,,,,,0.197,20479.869,Pinned,Device,NVIDIA A100-SXM4-40GB MIG 4g.20gb (0),1,,13,[CUDA memcpy Host-to-Device]
2983114347,30464,42276,273,1,1,8,4,1,39,0.002,0.000,,,,,NVIDIA A100-SXM4-40GB MIG 4g.20gb (0),1,,13,"void channel_eq::eqMmseCoefCompLowMimoKernel<float, float, float, (unsigned int)4, (unsigned int)1, (unsigned int)4>(const channel_eq::_puschRxChEqStatDescr *, channel_eq::_puschRxChEqCoefCompDynDescr)"
2983146923,34975,42277,273,1,1,12,11,1,51,0.002,0.000,,,,,NVIDIA A100-SXM4-40GB MIG 4g.20gb (0),1,,13,"void channel_eq::eqMmseSoftDemapKernel<float, __half, __half, float, (unsigned int)4, (unsigned short)16383>(channel_eq::_puschRxChEqStatDescr *, channel_eq::_puschRxChEqSoftDemapDynDescr)"
2983278729,592026,42278,1,1,1,32,32,1,30,0.000,0.000,,,,,NVIDIA A100-SXM4-40GB MIG 4g.20gb (0),1,,13,"void convert_kernel<float2, __half2>(tensor_layout_any, T1 *, tensor_layout_any, const T2 *)"
2983892418,15008,42290,2253,1,1,128,1,1,16,0.000,0.000,,,,,NVIDIA A100-SXM4-40GB MIG 4g.20gb (0),1,,13,cupy_copy__float16_float16
2984016161,15680,42299,282,1,1,128,1,1,16,0.000,0.000,,,,,NVIDIA A100-SXM4-40GB MIG 4g.20gb (0),1,,13,cupy_copy__complex64_complex64
2984037185,6752,42308,26,1,1,128,1,1,16,0.000,0.000,,,,,NVIDIA A100-SXM4-40GB MIG 4g.20gb (0),1,,13,cupy_copy__float32_float32
2984170783,7488,42317,103,1,1,128,1,1,16,0.000,0.000,,,,,NVIDIA A100-SXM4-40GB MIG 4g.20gb (0),1,,13,cupy_copy__complex64_complex64
2984196031,20160,42327,1434,1,1,128,1,1,16,0.000,0.000,,,,,NVIDIA A100-SXM4-40GB MIG 4g.20gb (0),1,,13,cupy_copy__complex64_complex64
2984350109,200990,42332,1,1,1,32,32,1,30,0.000,0.000,,,,,NVIDIA A100-SXM4-40GB MIG 4g.20gb (0),1,,13,"void convert_kernel<__half2, float2>(tensor_layout_any, T1 *, tensor_layout_any, const T2 *)"
2984582874,5408,42335,,,,,,,,,,0.094,17325.421,Pinned,Device,NVIDIA A100-SXM4-40GB MIG 4g.20gb (0),1,,13,[CUDA memcpy Host-to-Device]
2984684697,632569,42336,,,,,,,,,,456.561,721367.075,Device,,NVIDIA A100-SXM4-40GB MIG 4g.20gb (0),1,,13,[CUDA memset]
2985321106,50047,42341,,,,,,,,,,1.235,24675.416,Pinned,Device,NVIDIA A100-SXM4-40GB MIG 4g.20gb (0),1,,13,[CUDA memcpy Host-to-Device]
2985373585,9408,42342,,,,,,,,,,0.197,20897.858,Pinned,Device,NVIDIA A100-SXM4-40GB MIG 4g.20gb (0),1,,13,[CUDA memcpy Host-to-Device]
2985485136,25632,42343,69,4,1,48,1,1,76,0.002,0.000,,,,,NVIDIA A100-SXM4-40GB MIG 4g.20gb (0),1,,13,"void ch_est::windowedChEstPreNoDftSOfdmKernel<float, __half, float, (unsigned int)2, (unsigned int)1, (unsigned short)4>(ch_est::puschRxChEstStatDescr_t *, ch_est::puschRxChEstDynDescr_t *)"
2985614062,25824,42344,137,2,1,24,2,1,44,0.001,0.001,,,,,NVIDIA A100-SXM4-40GB MIG 4g.20gb (0),1,,13,"void ch_est::chEstFilterNoDftSOfdmDispatchKernel<float, __half, float, (unsigned int)2>(ch_est::puschRxChEstStatDescr_t *, ch_est::puschRxChEstDynDescr_t *)"
2985642606,23520,42345,137,2,1,24,2,1,44,0.001,0.001,,,,,NVIDIA A100-SXM4-40GB MIG 4g.20gb (0),1,,13,"void ch_est::chEstFilterNoDftSOfdmDispatchKernel<float, __half, float, (unsigned int)2>(ch_est::puschRxChEstStatDescr_t *, ch_est::puschRxChEstDynDescr_t *)"
2985777005,13183,42356,103,1,1,128,1,1,16,0.000,0.000,,,,,NVIDIA A100-SXM4-40GB MIG 4g.20gb (0),1,,13,cupy_copy__complex64_complex64
2985803692,17600,42366,1434,1,1,128,1,1,16,0.000,0.000,,,,,NVIDIA A100-SXM4-40GB MIG 4g.20gb (0),1,,13,cupy_copy__complex64_complex64
2985935211,4832,42373,103,1,1,128,1,1,16,0.000,0.000,,,,,NVIDIA A100-SXM4-40GB MIG 4g.20gb (0),1,,13,cupy_copy__complex64_complex64
2985961866,250558,42380,1,1,1,32,32,1,30,0.000,0.000,,,,,NVIDIA A100-SXM4-40GB MIG 4g.20gb (0),1,,13,"void convert_kernel<__half2, float2>(tensor_layout_any, T1 *, tensor_layout_any, const T2 *)"
2986243207,5376,42383,,,,,,,,,,0.094,17428.487,Pinned,Device,NVIDIA A100-SXM4-40GB MIG 4g.20gb (0),1,,13,[CUDA memcpy Host-to-Device]
2986264359,60031,42384,,,,,,,,,,35.810,596521.647,Device,,NVIDIA A100-SXM4-40GB MIG 4g.20gb (0),1,,13,[CUDA memset]
2986329798,1824,42386,,,,,,,,,,0.000,43.860,Pinned,Device,NVIDIA A100-SXM4-40GB MIG 4g.20gb (0),1,,13,[CUDA memcpy Host-to-Device]
2986334214,9376,42387,,,,,,,,,,0.197,20969.226,Pinned,Device,NVIDIA A100-SXM4-40GB MIG 4g.20gb (0),1,,13,[CUDA memcpy Host-to-Device]
2986495812,32064,42388,273,1,1,48,1,1,40,0.000,0.001,,,,,NVIDIA A100-SXM4-40GB MIG 4g.20gb (0),1,,13,"void pusch_noise_intf_est::noiseIntfEstNoDftSOfdmKernel<float, __half, float, float, (unsigned int)2, (unsigned int)1, (unsigned char)4, (unsigned char)4>(pusch_noise_intf_est::puschRxNoiseIntfEstDynDescr)"
2986637859,15104,42399,35,1,1,128,1,1,16,0.000,0.000,,,,,NVIDIA A100-SXM4-40GB MIG 4g.20gb (0),1,,13,cupy_copy__complex64_complex64
2986773633,3552,42408,1,1,1,1,1,1,18,0.000,0.000,,,,,NVIDIA A100-SXM4-40GB MIG 4g.20gb (0),1,,13,cupy_copy__float32_float32
2986781697,1760,42414,,,,,,,,,,0.000,2.273,Device,Pageable,NVIDIA A100-SXM4-40GB MIG 4g.20gb (0),1,,7,[CUDA memcpy Device-to-Host]
2986962463,20768,42425,1434,1,1,128,1,1,16,0.000,0.000,,,,,NVIDIA A100-SXM4-40GB MIG 4g.20gb (0),1,,13,cupy_copy__complex64_complex64
2987114045,5888,42432,103,1,1,128,1,1,16,0.000,0.000,,,,,NVIDIA A100-SXM4-40GB MIG 4g.20gb (0),1,,13,cupy_copy__complex64_complex64
2987144509,15072,42439,35,1,1,128,1,1,16,0.000,0.000,,,,,NVIDIA A100-SXM4-40GB MIG 4g.20gb (0),1,,13,cupy_copy__complex64_complex64
2987273531,2976,42446,1,1,1,1,1,1,18,0.000,0.000,,,,,NVIDIA A100-SXM4-40GB MIG 4g.20gb (0),1,,13,cupy_copy__float32_float32
2987297499,250013,42457,1,1,1,32,32,1,30,0.000,0.000,,,,,NVIDIA A100-SXM4-40GB MIG 4g.20gb (0),1,,13,"void convert_kernel<__half2, float2>(tensor_layout_any, T1 *, tensor_layout_any, const T2 *)"
2987579160,5408,42460,,,,,,,,,,0.094,17325.421,Pinned,Device,NVIDIA A100-SXM4-40GB MIG 4g.20gb (0),1,,13,[CUDA memcpy Host-to-Device]
2987633399,10272,42461,,,,,,,,,,1.547,150566.940,Device,,NVIDIA A100-SXM4-40GB MIG 4g.20gb (0),1,,13,[CUDA memset]
2987646167,3008,42466,,,,,,,,,,0.031,10404.230,Pinned,Device,NVIDIA A100-SXM4-40GB MIG 4g.20gb (0),1,,13,[CUDA memcpy Host-to-Device]
2987651639,9408,42467,,,,,,,,,,0.197,20897.858,Pinned,Device,NVIDIA A100-SXM4-40GB MIG 4g.20gb (0),1,,13,[CUDA memcpy Host-to-Device]
2987760630,29439,42468,273,1,1,8,4,1,39,0.002,0.000,,,,,NVIDIA A100-SXM4-40GB MIG 4g.20gb (0),1,,13,"void channel_eq::eqMmseCoefCompLowMimoKernel<float, float, float, (unsigned int)4, (unsigned int)1, (unsigned int)4>(const channel_eq::_puschRxChEqStatDescr *, channel_eq::_puschRxChEqCoefCompDynDescr)"
2987795733,45536,42469,273,1,1,12,11,1,51,0.002,0.000,,,,,NVIDIA A100-SXM4-40GB MIG 4g.20gb (0),1,,13,"void channel_eq::eqMmseSoftDemapKernel<float, __half, __half, float, (unsigned int)4, (unsigned short)16383>(channel_eq::_puschRxChEqStatDescr *, channel_eq::_puschRxChEqSoftDemapDynDescr)"
2987932980,604537,42470,1,1,1,32,32,1,30,0.000,0.000,,,,,NVIDIA A100-SXM4-40GB MIG 4g.20gb (0),1,,13,"void convert_kernel<float2, __half2>(tensor_layout_any, T1 *, tensor_layout_any, const T2 *)"
2988539949,15520,42482,2253,1,1,128,1,1,16,0.000,0.000,,,,,NVIDIA A100-SXM4-40GB MIG 4g.20gb (0),1,,13,cupy_copy__float16_float16
2988687211,7200,42491,282,1,1,128,1,1,16,0.000,0.000,,,,,NVIDIA A100-SXM4-40GB MIG 4g.20gb (0),1,,13,cupy_copy__complex64_complex64
2988715371,6976,42500,26,1,1,128,1,1,16,0.000,0.000,,,,,NVIDIA A100-SXM4-40GB MIG 4g.20gb (0),1,,13,cupy_copy__float32_float32
2988833161,16128,42509,103,1,1,128,1,1,16,0.000,0.000,,,,,NVIDIA A100-SXM4-40GB MIG 4g.20gb (0),1,,13,cupy_copy__complex64_complex64
2988858313,19936,42519,1434,1,1,128,1,1,16,0.000,0.000,,,,,NVIDIA A100-SXM4-40GB MIG 4g.20gb (0),1,,13,cupy_copy__complex64_complex64
2988879753,83551,42524,1,1,1,32,32,1,30,0.000,0.000,,,,,NVIDIA A100-SXM4-40GB MIG 4g.20gb (0),1,,13,"void convert_kernel<__half2, float2>(tensor_layout_any, T1 *, tensor_layout_any, const T2 *)"
2988993096,5376,42527,,,,,,,,,,0.094,17428.487,Pinned,Device,NVIDIA A100-SXM4-40GB MIG 4g.20gb (0),1,,13,[CUDA memcpy Host-to-Device]
2989027911,638521,42528,,,,,,,,,,456.561,714975.215,Device,,NVIDIA A100-SXM4-40GB MIG 4g.20gb (0),1,,13,[CUDA memset]
2989672096,49727,42533,,,,,,,,,,1.235,24833.489,Pinned,Device,NVIDIA A100-SXM4-40GB MIG 4g.20gb (0),1,,13,[CUDA memcpy Host-to-Device]
2989724575,10752,42534,,,,,,,,,,0.197,18285.527,Pinned,Device,NVIDIA A100-SXM4-40GB MIG 4g.20gb (0),1,,13,[CUDA memcpy Host-to-Device]
2989824286,40480,42535,69,4,1,48,1,1,76,0.002,0.000,,,,,NVIDIA A100-SXM4-40GB MIG 4g.20gb (0),1,,13,"void ch_est::windowedChEstPreNoDftSOfdmKernel<float, __half, float, (unsigned int)2, (unsigned int)1, (unsigned short)4>(ch_est::puschRxChEstStatDescr_t *, ch_est::puschRxChEstDynDescr_t *)"
2989959421,27327,42536,137,2,1,24,2,1,44,0.001,0.001,,,,,NVIDIA A100-SXM4-40GB MIG 4g.20gb (0),1,,13,"void ch_est::chEstFilterNoDftSOfdmDispatchKernel<float, __half, float, (unsigned int)2>(ch_est::puschRxChEstStatDescr_t *, ch_est::puschRxChEstDynDescr_t *)"
2989990908,37216,42537,137,2,1,24,2,1,44,0.001,0.001,,,,,NVIDIA A100-SXM4-40GB MIG 4g.20gb (0),1,,13,"void ch_est::chEstFilterNoDftSOfdmDispatchKernel<float, __half, float, (unsigned int)2>(ch_est::puschRxChEstStatDescr_t *, ch_est::puschRxChEstDynDescr_t *)"
2990122171,13728,42548,103,1,1,128,1,1,16,0.000,0.000,,,,,NVIDIA A100-SXM4-40GB MIG 4g.20gb (0),1,,13,cupy_copy__complex64_complex64
2990144762,17856,42558,1434,1,1,128,1,1,16,0.000,0.000,,,,,NVIDIA A100-SXM4-40GB MIG 4g.20gb (0),1,,13,cupy_copy__complex64_complex64
2990282361,13248,42565,103,1,1,128,1,1,16,0.000,0.000,,,,,NVIDIA A100-SXM4-40GB MIG 4g.20gb (0),1,,13,cupy_copy__complex64_complex64
2990308377,248989,42572,1,1,1,32,32,1,30,0.000,0.000,,,,,NVIDIA A100-SXM4-40GB MIG 4g.20gb (0),1,,13,"void convert_kernel<__half2, float2>(tensor_layout_any, T1 *, tensor_layout_any, const T2 *)"
2990586997,6464,42575,,,,,,,,,,0.094,14494.959,Pinned,Device,NVIDIA A100-SXM4-40GB MIG 4g.20gb (0),1,,13,[CUDA memcpy Host-to-Device]
2990607701,61535,42576,,,,,,,,,,35.810,581911.200,Device,,NVIDIA A100-SXM4-40GB MIG 4g.20gb (0),1,,13,[CUDA memset]
2990672980,1856,42578,,,,,,,,,,0.000,43.103,Pinned,Device,NVIDIA A100-SXM4-40GB MIG 4g.20gb (0),1,,13,[CUDA memcpy Host-to-Device]
2990677300,9344,42579,,,,,,,,,,0.197,21040.988,Pinned,Device,NVIDIA A100-SXM4-40GB MIG 4g.20gb (0),1,,13,[CUDA memcpy Host-to-Device]
2990836370,49856,42580,273,1,1,48,1,1,40,0.000,0.001,,,,,NVIDIA A100-SXM4-40GB MIG 4g.20gb (0),1,,13,"void pusch_noise_intf_est::noiseIntfEstNoDftSOfdmKernel<float, __half, float, float, (unsigned int)2, (unsigned int)1, (unsigned char)4, (unsigned char)4>(pusch_noise_intf_est::puschRxNoiseIntfEstDynDescr)"
2990961681,6656,42591,35,1,1,128,1,1,16,0.000,0.000,,,,,NVIDIA A100-SXM4-40GB MIG 4g.20gb (0),1,,13,cupy_copy__complex64_complex64
2990984721,2944,42600,1,1,1,1,1,1,18,0.000,0.000,,,,,NVIDIA A100-SXM4-40GB MIG 4g.20gb (0),1,,13,cupy_copy__float32_float32
2990988753,1600,42606,,,,,,,,,,0.000,2.500,Device,Pageable,NVIDIA A100-SXM4-40GB MIG 4g.20gb (0),1,,7,[CUDA memcpy Device-to-Host]
2991149999,18816,42617,1434,1,1,128,1,1,16,0.000,0.000,,,,,NVIDIA A100-SXM4-40GB MIG 4g.20gb (0),1,,13,cupy_copy__complex64_complex64
2991299245,13344,42624,103,1,1,128,1,1,16,0.000,0.000,,,,,NVIDIA A100-SXM4-40GB MIG 4g.20gb (0),1,,13,cupy_copy__complex64_complex64
2991326061,15328,42631,35,1,1,128,1,1,16,0.000,0.000,,,,,NVIDIA A100-SXM4-40GB MIG 4g.20gb (0),1,,13,cupy_copy__complex64_complex64
2991470091,4448,42638,1,1,1,1,1,1,18,0.000,0.000,,,,,NVIDIA A100-SXM4-40GB MIG 4g.20gb (0),1,,13,cupy_copy__float32_float32
2991497163,239453,42649,1,1,1,32,32,1,30,0.000,0.000,,,,,NVIDIA A100-SXM4-40GB MIG 4g.20gb (0),1,,13,"void convert_kernel<__half2, float2>(tensor_layout_any, T1 *, tensor_layout_any, const T2 *)"
2991766664,5408,42652,,,,,,,,,,0.094,17325.421,Pinned,Device,NVIDIA A100-SXM4-40GB MIG 4g.20gb (0),1,,13,[CUDA memcpy Host-to-Device]
2991874791,11007,42653,,,,,,,,,,1.547,140512.337,Device,,NVIDIA A100-SXM4-40GB MIG 4g.20gb (0),1,,13,[CUDA memset]
2991891206,3072,42658,,,,,,,,,,0.031,10187.474,Pinned,Device,NVIDIA A100-SXM4-40GB MIG 4g.20gb (0),1,,13,[CUDA memcpy Host-to-Device]
2991896806,9568,42659,,,,,,,,,,0.197,20548.485,Pinned,Device,NVIDIA A100-SXM4-40GB MIG 4g.20gb (0),1,,13,[CUDA memcpy Host-to-Device]
2992044037,31039,42660,273,1,1,8,4,1,39,0.002,0.000,,,,,NVIDIA A100-SXM4-40GB MIG 4g.20gb (0),1,,13,"void channel_eq::eqMmseCoefCompLowMimoKernel<float, float, float, (unsigned int)4, (unsigned int)1, (unsigned int)4>(const channel_eq::_puschRxChEqStatDescr *, channel_eq::_puschRxChEqCoefCompDynDescr)"
2992079492,31968,42661,273,1,1,12,11,1,51,0.002,0.000,,,,,NVIDIA A100-SXM4-40GB MIG 4g.20gb (0),1,,13,"void channel_eq::eqMmseSoftDemapKernel<float, __half, __half, float, (unsigned int)4, (unsigned short)16383>(channel_eq::_puschRxChEqStatDescr *, channel_eq::_puschRxChEqSoftDemapDynDescr)"
2992212451,445019,42662,1,1,1,32,32,1,30,0.000,0.000,,,,,NVIDIA A100-SXM4-40GB MIG 4g.20gb (0),1,,13,"void convert_kernel<float2, __half2>(tensor_layout_any, T1 *, tensor_layout_any, const T2 *)"
2992687197,15840,42674,2253,1,1,128,1,1,16,0.000,0.000,,,,,NVIDIA A100-SXM4-40GB MIG 4g.20gb (0),1,,13,cupy_copy__float16_float16
2992812796,9440,42683,282,1,1,128,1,1,16,0.000,0.000,,,,,NVIDIA A100-SXM4-40GB MIG 4g.20gb (0),1,,13,cupy_copy__complex64_complex64
2992836091,5376,42692,26,1,1,128,1,1,16,0.000,0.000,,,,,NVIDIA A100-SXM4-40GB MIG 4g.20gb (0),1,,13,cupy_copy__float32_float32
2992843515,12128,42701,103,1,1,128,1,1,16,0.000,0.000,,,,,NVIDIA A100-SXM4-40GB MIG 4g.20gb (0),1,,13,cupy_copy__complex64_complex64
2992988922,17536,42711,1434,1,1,128,1,1,16,0.000,0.000,,,,,NVIDIA A100-SXM4-40GB MIG 4g.20gb (0),1,,13,cupy_copy__complex64_complex64
2993019833,233886,42716,1,1,1,32,32,1,30,0.000,0.000,,,,,NVIDIA A100-SXM4-40GB MIG 4g.20gb (0),1,,13,"void convert_kernel<__half2, float2>(tensor_layout_any, T1 *, tensor_layout_any, const T2 *)"
2993282582,5376,42719,,,,,,,,,,0.094,17428.487,Pinned,Device,NVIDIA A100-SXM4-40GB MIG 4g.20gb (0),1,,13,[CUDA memcpy Host-to-Device]
2993322806,631193,42720,,,,,,,,,,456.561,723193.321,Device,,NVIDIA A100-SXM4-40GB MIG 4g.20gb (0),1,,13,[CUDA memset]
2993960591,49951,42725,,,,,,,,,,1.235,24722.344,Pinned,Device,NVIDIA A100-SXM4-40GB MIG 4g.20gb (0),1,,13,[CUDA memcpy Host-to-Device]
2994012974,9952,42726,,,,,,,,,,0.197,19755.565,Pinned,Device,NVIDIA A100-SXM4-40GB MIG 4g.20gb (0),1,,13,[CUDA memcpy Host-to-Device]
2994115437,35967,42727,69,4,1,48,1,1,76,0.002,0.000,,,,,NVIDIA A100-SXM4-40GB MIG 4g.20gb (0),1,,13,"void ch_est::windowedChEstPreNoDftSOfdmKernel<float, __half, float, (unsigned int)2, (unsigned int)1, (unsigned short)4>(ch_est::puschRxChEstStatDescr_t *, ch_est::puschRxChEstDynDescr_t *)"
2994259467,31680,42728,137,2,1,24,2,1,44,0.001,0.001,,,,,NVIDIA A100-SXM4-40GB MIG 4g.20gb (0),1,,13,"void ch_est::chEstFilterNoDftSOfdmDispatchKernel<float, __half, float, (unsigned int)2>(ch_est::puschRxChEstStatDescr_t *, ch_est::puschRxChEstDynDescr_t *)"
2994293483,17536,42729,137,2,1,24,2,1,44,0.001,0.001,,,,,NVIDIA A100-SXM4-40GB MIG 4g.20gb (0),1,,13,"void ch_est::chEstFilterNoDftSOfdmDispatchKernel<float, __half, float, (unsigned int)2>(ch_est::puschRxChEstStatDescr_t *, ch_est::puschRxChEstDynDescr_t *)"
2994426185,4672,42740,103,1,1,128,1,1,16,0.000,0.000,,,,,NVIDIA A100-SXM4-40GB MIG 4g.20gb (0),1,,13,cupy_copy__complex64_complex64
2994452649,16704,42750,1434,1,1,128,1,1,16,0.000,0.000,,,,,NVIDIA A100-SXM4-40GB MIG 4g.20gb (0),1,,13,cupy_copy__complex64_complex64
2994589287,12384,42757,103,1,1,128,1,1,16,0.000,0.000,,,,,NVIDIA A100-SXM4-40GB MIG 4g.20gb (0),1,,13,cupy_copy__complex64_complex64
2994616903,251837,42764,1,1,1,32,32,1,30,0.000,0.000,,,,,NVIDIA A100-SXM4-40GB MIG 4g.20gb (0),1,,13,"void convert_kernel<__half2, float2>(tensor_layout_any, T1 *, tensor_layout_any, const T2 *)"
2994898660,5344,42767,,,,,,,,,,0.094,17532.864,Pinned,Device,NVIDIA A100-SXM4-40GB MIG 4g.20gb (0),1,,13,[CUDA memcpy Host-to-Device]
2994942819,59584,42768,,,,,,,,,,35.810,600997.887,Device,,NVIDIA A100-SXM4-40GB MIG 4g.20gb (0),1,,13,[CUDA memset]
2995010466,1824,42770,,,,,,,,,,0.000,43.860,Pinned,Device,NVIDIA A100-SXM4-40GB MIG 4g.20gb (0),1,,13,[CUDA memcpy Host-to-Device]
2995014754,9440,42771,,,,,,,,,,0.197,20827.079,Pinned,Device,NVIDIA A100-SXM4-40GB MIG 4g.20gb (0),1,,13,[CUDA memcpy Host-to-Device]
2995172257,36991,42772,273,1,1,48,1,1,40,0.000,0.001,,,,,NVIDIA A100-SXM4-40GB MIG 4g.20gb (0),1,,13,"void pusch_noise_intf_est::noiseIntfEstNoDftSOfdmKernel<float, __half, float, float, (unsigned int)2, (unsigned int)1, (unsigned char)4, (unsigned char)4>(pusch_noise_intf_est::puschRxNoiseIntfEstDynDescr)"
2995299999,6880,42783,35,1,1,128,1,1,16,0.000,0.000,,,,,NVIDIA A100-SXM4-40GB MIG 4g.20gb (0),1,,13,cupy_copy__complex64_complex64
2995326911,7232,42792,1,1,1,1,1,1,18,0.000,0.000,,,,,NVIDIA A100-SXM4-40GB MIG 4g.20gb (0),1,,13,cupy_copy__float32_float32
2995336703,1600,42798,,,,,,,,,,0.000,2.500,Device,Pageable,NVIDIA A100-SXM4-40GB MIG 4g.20gb (0),1,,7,[CUDA memcpy Device-to-Host]
2995516093,17823,42809,1434,1,1,128,1,1,16,0.000,0.000,,,,,NVIDIA A100-SXM4-40GB MIG 4g.20gb (0),1,,13,cupy_copy__complex64_complex64
2995535900,3136,42816,103,1,1,128,1,1,16,0.000,0.000,,,,,NVIDIA A100-SXM4-40GB MIG 4g.20gb (0),1,,13,cupy_copy__complex64_complex64
2995659547,5920,42823,35,1,1,128,1,1,16,0.000,0.000,,,,,NVIDIA A100-SXM4-40GB MIG 4g.20gb (0),1,,13,cupy_copy__complex64_complex64
2995689179,3648,42830,1,1,1,1,1,1,18,0.000,0.000,,,,,NVIDIA A100-SXM4-40GB MIG 4g.20gb (0),1,,13,cupy_copy__float32_float32
2995695131,227517,42841,1,1,1,32,32,1,30,0.000,0.000,,,,,NVIDIA A100-SXM4-40GB MIG 4g.20gb (0),1,,13,"void convert_kernel<__half2, float2>(tensor_layout_any, T1 *, tensor_layout_any, const T2 *)"
2995953592,5376,42844,,,,,,,,,,0.094,17428.487,Pinned,Device,NVIDIA A100-SXM4-40GB MIG 4g.20gb (0),1,,13,[CUDA memcpy Host-to-Device]
2996051767,11679,42845,,,,,,,,,,1.547,132426.587,Device,,NVIDIA A100-SXM4-40GB MIG 4g.20gb (0),1,,13,[CUDA memset]
2996071894,3680,42850,,,,,,,,,,0.031,8504.344,Pinned,Device,NVIDIA A100-SXM4-40GB MIG 4g.20gb (0),1,,13,[CUDA memcpy Host-to-Device]
2996078006,9472,42851,,,,,,,,,,0.197,20756.693,Pinned,Device,NVIDIA A100-SXM4-40GB MIG 4g.20gb (0),1,,13,[CUDA memcpy Host-to-Device]
2996200245,30367,42852,273,1,1,8,4,1,39,0.002,0.000,,,,,NVIDIA A100-SXM4-40GB MIG 4g.20gb (0),1,,13,"void channel_eq::eqMmseCoefCompLowMimoKernel<float, float, float, (unsigned int)4, (unsigned int)1, (unsigned int)4>(const channel_eq::_puschRxChEqStatDescr *, channel_eq::_puschRxChEqCoefCompDynDescr)"
2996235700,40416,42853,273,1,1,12,11,1,51,0.002,0.000,,,,,NVIDIA A100-SXM4-40GB MIG 4g.20gb (0),1,,13,"void channel_eq::eqMmseSoftDemapKernel<float, __half, __half, float, (unsigned int)4, (unsigned short)16383>(channel_eq::_puschRxChEqStatDescr *, channel_eq::_puschRxChEqSoftDemapDynDescr)"
2996383667,590617,42854,1,1,1,32,32,1,30,0.000,0.000,,,,,NVIDIA A100-SXM4-40GB MIG 4g.20gb (0),1,,13,"void convert_kernel<float2, __half2>(tensor_layout_any, T1 *, tensor_layout_any, const T2 *)"
2996978380,15520,42866,2253,1,1,128,1,1,16,0.000,0.000,,,,,NVIDIA A100-SXM4-40GB MIG 4g.20gb (0),1,,13,cupy_copy__float16_float16
2997112682,16352,42875,282,1,1,128,1,1,16,0.000,0.000,,,,,NVIDIA A100-SXM4-40GB MIG 4g.20gb (0),1,,13,cupy_copy__complex64_complex64
2997135754,5920,42884,26,1,1,128,1,1,16,0.000,0.000,,,,,NVIDIA A100-SXM4-40GB MIG 4g.20gb (0),1,,13,cupy_copy__float32_float32
2997254473,6112,42893,103,1,1,128,1,1,16,0.000,0.000,,,,,NVIDIA A100-SXM4-40GB MIG 4g.20gb (0),1,,13,cupy_copy__complex64_complex64
2997285288,23936,42903,1434,1,1,128,1,1,16,0.000,0.000,,,,,NVIDIA A100-SXM4-40GB MIG 4g.20gb (0),1,,13,cupy_copy__complex64_complex64
2997445382,207006,42908,1,1,1,32,32,1,30,0.000,0.000,,,,,NVIDIA A100-SXM4-40GB MIG 4g.20gb (0),1,,13,"void convert_kernel<__half2, float2>(tensor_layout_any, T1 *, tensor_layout_any, const T2 *)"
2997682276,5440,42911,,,,,,,,,,0.094,17223.480,Pinned,Device,NVIDIA A100-SXM4-40GB MIG 4g.20gb (0),1,,13,[CUDA memcpy Host-to-Device]
2997790691,633048,42912,,,,,,,,,,456.561,720910.514,Device,,NVIDIA A100-SXM4-40GB MIG 4g.20gb (0),1,,13,[CUDA memset]
2998425723,53120,42917,,,,,,,,,,1.235,23247.821,Pinned,Device,NVIDIA A100-SXM4-40GB MIG 4g.20gb (0),1,,13,[CUDA memcpy Host-to-Device]
2998481531,11679,42918,,,,,,,,,,0.197,16834.167,Pinned,Device,NVIDIA A100-SXM4-40GB MIG 4g.20gb (0),1,,13,[CUDA memcpy Host-to-Device]
2998595385,37696,42919,69,4,1,48,1,1,76,0.002,0.000,,,,,NVIDIA A100-SXM4-40GB MIG 4g.20gb (0),1,,13,"void ch_est::windowedChEstPreNoDftSOfdmKernel<float, __half, float, (unsigned int)2, (unsigned int)1, (unsigned short)4>(ch_est::puschRxChEstStatDescr_t *, ch_est::puschRxChEstDynDescr_t *)"
2998726328,24607,42920,137,2,1,24,2,1,44,0.001,0.001,,,,,NVIDIA A100-SXM4-40GB MIG 4g.20gb (0),1,,13,"void ch_est::chEstFilterNoDftSOfdmDispatchKernel<float, __half, float, (unsigned int)2>(ch_est::puschRxChEstStatDescr_t *, ch_est::puschRxChEstDynDescr_t *)"
2998757751,41152,42921,137,2,1,24,2,1,44,0.001,0.001,,,,,NVIDIA A100-SXM4-40GB MIG 4g.20gb (0),1,,13,"void ch_est::chEstFilterNoDftSOfdmDispatchKernel<float, __half, float, (unsigned int)2>(ch_est::puschRxChEstStatDescr_t *, ch_est::puschRxChEstDynDescr_t *)"
2998886742,10880,42932,103,1,1,128,1,1,16,0.000,0.000,,,,,NVIDIA A100-SXM4-40GB MIG 4g.20gb (0),1,,13,cupy_copy__complex64_complex64
2998909654,17471,42942,1434,1,1,128,1,1,16,0.000,0.000,,,,,NVIDIA A100-SXM4-40GB MIG 4g.20gb (0),1,,13,cupy_copy__complex64_complex64
2999038228,11072,42949,103,1,1,128,1,1,16,0.000,0.000,,,,,NVIDIA A100-SXM4-40GB MIG 4g.20gb (0),1,,13,cupy_copy__complex64_complex64
2999062292,254941,42956,1,1,1,32,32,1,30,0.000,0.000,,,,,NVIDIA A100-SXM4-40GB MIG 4g.20gb (0),1,,13,"void convert_kernel<__half2, float2>(tensor_layout_any, T1 *, tensor_layout_any, const T2 *)"
2999361136,5408,42959,,,,,,,,,,0.094,17325.421,Pinned,Device,NVIDIA A100-SXM4-40GB MIG 4g.20gb (0),1,,13,[CUDA memcpy Host-to-Device]
2999383184,60384,42960,,,,,,,,,,35.810,593012.275,Device,,NVIDIA A100-SXM4-40GB MIG 4g.20gb (0),1,,13,[CUDA memset]
2999445296,1855,42962,,,,,,,,,,0.000,43.127,Pinned,Device,NVIDIA A100-SXM4-40GB MIG 4g.20gb (0),1,,13,[CUDA memcpy Host-to-Device]
2999449583,9344,42963,,,,,,,,,,0.197,21040.988,Pinned,Device,NVIDIA A100-SXM4-40GB MIG 4g.20gb (0),1,,13,[CUDA memcpy Host-to-Device]
2999580654,40735,42964,273,1,1,48,1,1,40,0.000,0.001,,,,,NVIDIA A100-SXM4-40GB MIG 4g.20gb (0),1,,13,"void pusch_noise_intf_est::noiseIntfEstNoDftSOfdmKernel<float, __half, float, float, (unsigned int)2, (unsigned int)1, (unsigned char)4, (unsigned char)4>(pusch_noise_intf_est::puschRxNoiseIntfEstDynDescr)"
2999718700,4928,42975,35,1,1,128,1,1,16,0.000,0.000,,,,,NVIDIA A100-SXM4-40GB MIG 4g.20gb (0),1,,13,cupy_copy__complex64_complex64
2999740524,3328,42984,1,1,1,1,1,1,18,0.000,0.000,,,,,NVIDIA A100-SXM4-40GB MIG 4g.20gb (0),1,,13,cupy_copy__float32_float32
2999747116,1760,42990,,,,,,,,,,0.000,2.273,Device,Pageable,NVIDIA A100-SXM4-40GB MIG 4g.20gb (0),1,,7,[CUDA memcpy Device-to-Host]
2999920170,18208,43001,1434,1,1,128,1,1,16,0.000,0.000,,,,,NVIDIA A100-SXM4-40GB MIG 4g.20gb (0),1,,13,cupy_copy__complex64_complex64
2999940010,3296,43008,103,1,1,128,1,1,16,0.000,0.000,,,,,NVIDIA A100-SXM4-40GB MIG 4g.20gb (0),1,,13,cupy_copy__complex64_complex64
3000092424,8704,43015,35,1,1,128,1,1,16,0.000,0.000,,,,,NVIDIA A100-SXM4-40GB MIG 4g.20gb (0),1,,13,cupy_copy__complex64_complex64
3000226535,4607,43022,1,1,1,1,1,1,18,0.000,0.000,,,,,NVIDIA A100-SXM4-40GB MIG 4g.20gb (0),1,,13,cupy_copy__float32_float32
3000248902,246717,43033,1,1,1,32,32,1,30,0.000,0.000,,,,,NVIDIA A100-SXM4-40GB MIG 4g.20gb (0),1,,13,"void convert_kernel<__half2, float2>(tensor_layout_any, T1 *, tensor_layout_any, const T2 *)"
3000525891,5408,43036,,,,,,,,,,0.094,17325.421,Pinned,Device,NVIDIA A100-SXM4-40GB MIG 4g.20gb (0),1,,13,[CUDA memcpy Host-to-Device]
3000592674,11840,43037,,,,,,,,,,1.547,130626.316,Device,,NVIDIA A100-SXM4-40GB MIG 4g.20gb (0),1,,13,[CUDA memset]
3000608610,3040,43042,,,,,,,,,,0.031,10294.725,Pinned,Device,NVIDIA A100-SXM4-40GB MIG 4g.20gb (0),1,,13,[CUDA memcpy Host-to-Device]
3000614402,9952,43043,,,,,,,,,,0.197,19755.565,Pinned,Device,NVIDIA A100-SXM4-40GB MIG 4g.20gb (0),1,,13,[CUDA memcpy Host-to-Device]
3000732545,34399,43044,273,1,1,8,4,1,39,0.002,0.000,,,,,NVIDIA A100-SXM4-40GB MIG 4g.20gb (0),1,,13,"void channel_eq::eqMmseCoefCompLowMimoKernel<float, float, float, (unsigned int)4, (unsigned int)1, (unsigned int)4>(const channel_eq::_puschRxChEqStatDescr *, channel_eq::_puschRxChEqCoefCompDynDescr)"
3000769696,38112,43045,273,1,1,12,11,1,51,0.002,0.000,,,,,NVIDIA A100-SXM4-40GB MIG 4g.20gb (0),1,,13,"void channel_eq::eqMmseSoftDemapKernel<float, __half, __half, float, (unsigned int)4, (unsigned short)16383>(channel_eq::_puschRxChEqStatDescr *, channel_eq::_puschRxChEqSoftDemapDynDescr)"
3000907615,455546,43046,1,1,1,32,32,1,30,0.000,0.000,,,,,NVIDIA A100-SXM4-40GB MIG 4g.20gb (0),1,,13,"void convert_kernel<float2, __half2>(tensor_layout_any, T1 *, tensor_layout_any, const T2 *)"
3001399289,16480,43058,2253,1,1,128,1,1,16,0.000,0.000,,,,,NVIDIA A100-SXM4-40GB MIG 4g.20gb (0),1,,13,cupy_copy__float16_float16
3001525688,12447,43067,282,1,1,128,1,1,16,0.000,0.000,,,,,NVIDIA A100-SXM4-40GB MIG 4g.20gb (0),1,,13,cupy_copy__complex64_complex64
3001547447,7904,43076,26,1,1,128,1,1,16,0.000,0.000,,,,,NVIDIA A100-SXM4-40GB MIG 4g.20gb (0),1,,13,cupy_copy__float32_float32
3001561655,3616,43085,103,1,1,128,1,1,16,0.000,0.000,,,,,NVIDIA A100-SXM4-40GB MIG 4g.20gb (0),1,,13,cupy_copy__complex64_complex64
3001758997,20480,43095,1434,1,1,128,1,1,16,0.000,0.000,,,,,NVIDIA A100-SXM4-40GB MIG 4g.20gb (0),1,,13,cupy_copy__complex64_complex64
3001921075,255261,43100,1,1,1,32,32,1,30,0.000,0.000,,,,,NVIDIA A100-SXM4-40GB MIG 4g.20gb (0),1,,13,"void convert_kernel<__half2, float2>(tensor_layout_any, T1 *, tensor_layout_any, const T2 *)"
3002208496,5376,43103,,,,,,,,,,0.094,17428.487,Pinned,Device,NVIDIA A100-SXM4-40GB MIG 4g.20gb (0),1,,13,[CUDA memcpy Host-to-Device]
3002248879,633497,43104,,,,,,,,,,456.561,720453.952,Device,,NVIDIA A100-SXM4-40GB MIG 4g.20gb (0),1,,13,[CUDA memset]
3002890056,50207,43109,,,,,,,,,,1.235,24596.380,Pinned,Device,NVIDIA A100-SXM4-40GB MIG 4g.20gb (0),1,,13,[CUDA memcpy Host-to-Device]
3002942695,9312,43110,,,,,,,,,,0.197,21113.340,Pinned,Device,NVIDIA A100-SXM4-40GB MIG 4g.20gb (0),1,,13,[CUDA memcpy Host-to-Device]
3003043430,27488,43111,69,4,1,48,1,1,76,0.002,0.000,,,,,NVIDIA A100-SXM4-40GB MIG 4g.20gb (0),1,,13,"void ch_est::windowedChEstPreNoDftSOfdmKernel<float, __half, float, (unsigned int)2, (unsigned int)1, (unsigned short)4>(ch_est::puschRxChEstStatDescr_t *, ch_est::puschRxChEstDynDescr_t *)"
3003168549,26751,43112,137,2,1,24,2,1,44,0.001,0.001,,,,,NVIDIA A100-SXM4-40GB MIG 4g.20gb (0),1,,13,"void ch_est::chEstFilterNoDftSOfdmDispatchKernel<float, __half, float, (unsigned int)2>(ch_est::puschRxChEstStatDescr_t *, ch_est::puschRxChEstDynDescr_t *)"
3003197700,35264,43113,137,2,1,24,2,1,44,0.001,0.001,,,,,NVIDIA A100-SXM4-40GB MIG 4g.20gb (0),1,,13,"void ch_est::chEstFilterNoDftSOfdmDispatchKernel<float, __half, float, (unsigned int)2>(ch_est::puschRxChEstStatDescr_t *, ch_est::puschRxChEstDynDescr_t *)"
3003325923,12064,43124,103,1,1,128,1,1,16,0.000,0.000,,,,,NVIDIA A100-SXM4-40GB MIG 4g.20gb (0),1,,13,cupy_copy__complex64_complex64
3003350403,16479,43134,1434,1,1,128,1,1,16,0.000,0.000,,,,,NVIDIA A100-SXM4-40GB MIG 4g.20gb (0),1,,13,cupy_copy__complex64_complex64
3003489345,13632,43141,103,1,1,128,1,1,16,0.000,0.000,,,,,NVIDIA A100-SXM4-40GB MIG 4g.20gb (0),1,,13,cupy_copy__complex64_complex64
3003516513,254013,43148,1,1,1,32,32,1,30,0.000,0.000,,,,,NVIDIA A100-SXM4-40GB MIG 4g.20gb (0),1,,13,"void convert_kernel<__half2, float2>(tensor_layout_any, T1 *, tensor_layout_any, const T2 *)"
3003799325,5504,43151,,,,,,,,,,0.094,17023.251,Pinned,Device,NVIDIA A100-SXM4-40GB MIG 4g.20gb (0),1,,13,[CUDA memcpy Host-to-Device]
3003820349,62911,43152,,,,,,,,,,35.810,569198.678,Device,,NVIDIA A100-SXM4-40GB MIG 4g.20gb (0),1,,13,[CUDA memset]
3003884956,2112,43154,,,,,,,,,,0.000,37.879,Pinned,Device,NVIDIA A100-SXM4-40GB MIG 4g.20gb (0),1,,13,[CUDA memcpy Host-to-Device]
3003889468,9312,43155,,,,,,,,,,0.197,21113.340,Pinned,Device,NVIDIA A100-SXM4-40GB MIG 4g.20gb (0),1,,13,[CUDA memcpy Host-to-Device]
3004051003,41887,43156,273,1,1,48,1,1,40,0.000,0.001,,,,,NVIDIA A100-SXM4-40GB MIG 4g.20gb (0),1,,13,"void pusch_noise_intf_est::noiseIntfEstNoDftSOfdmKernel<float, __half, float, float, (unsigned int)2, (unsigned int)1, (unsigned char)4, (unsigned char)4>(pusch_noise_intf_est::puschRxNoiseIntfEstDynDescr)"
3004198393,5088,43167,35,1,1,128,1,1,16,0.000,0.000,,,,,NVIDIA A100-SXM4-40GB MIG 4g.20gb (0),1,,13,cupy_copy__complex64_complex64
3004220921,2368,43176,1,1,1,1,1,1,18,0.000,0.000,,,,,NVIDIA A100-SXM4-40GB MIG 4g.20gb (0),1,,13,cupy_copy__float32_float32
3004225945,1600,43182,,,,,,,,,,0.000,2.500,Device,Pageable,NVIDIA A100-SXM4-40GB MIG 4g.20gb (0),1,,7,[CUDA memcpy Device-to-Host]
3004384343,19456,43193,1434,1,1,128,1,1,16,0.000,0.000,,,,,NVIDIA A100-SXM4-40GB MIG 4g.20gb (0),1,,13,cupy_copy__complex64_complex64
3004537909,8896,43200,103,1,1,128,1,1,16,0.000,0.000,,,,,NVIDIA A100-SXM4-40GB MIG 4g.20gb (0),1,,13,cupy_copy__complex64_complex64
3004564309,21023,43207,35,1,1,128,1,1,16,0.000,0.000,,,,,NVIDIA A100-SXM4-40GB MIG 4g.20gb (0),1,,13,cupy_copy__complex64_complex64
3004686291,3744,43214,1,1,1,1,1,1,18,0.000,0.000,,,,,NVIDIA A100-SXM4-40GB MIG 4g.20gb (0),1,,13,cupy_copy__float32_float32
3004713651,249981,43225,1,1,1,32,32,1,30,0.000,0.000,,,,,NVIDIA A100-SXM4-40GB MIG 4g.20gb (0),1,,13,"void convert_kernel<__half2, float2>(tensor_layout_any, T1 *, tensor_layout_any, const T2 *)"
3004993040,5760,43228,,,,,,,,,,0.094,16266.656,Pinned,Device,NVIDIA A100-SXM4-40GB MIG 4g.20gb (0),1,,13,[CUDA memcpy Host-to-Device]
3005061743,12576,43229,,,,,,,,,,1.547,122981.354,Device,,NVIDIA A100-SXM4-40GB MIG 4g.20gb (0),1,,13,[CUDA memset]
3005079375,5312,43234,,,,,,,,,,0.031,5891.566,Pinned,Device,NVIDIA A100-SXM4-40GB MIG 4g.20gb (0),1,,13,[CUDA memcpy Host-to-Device]
3005088207,11808,43235,,,,,,,,,,0.197,16650.338,Pinned,Device,NVIDIA A100-SXM4-40GB MIG 4g.20gb (0),1,,13,[CUDA memcpy Host-to-Device]
3005202797,29824,43236,273,1,1,8,4,1,39,0.002,0.000,,,,,NVIDIA A100-SXM4-40GB MIG 4g.20gb (0),1,,13,"void channel_eq::eqMmseCoefCompLowMimoKernel<float, float, float, (unsigned int)4, (unsigned int)1, (unsigned int)4>(const channel_eq::_puschRxChEqStatDescr *, channel_eq::_puschRxChEqCoefCompDynDescr)"
3005239245,43871,43237,273,1,1,12,11,1,51,0.002,0.000,,,,,NVIDIA A100-SXM4-40GB MIG 4g.20gb (0),1,,13,"void channel_eq::eqMmseSoftDemapKernel<float, __half, __half, float, (unsigned int)4, (unsigned short)16383>(channel_eq::_puschRxChEqStatDescr *, channel_eq::_puschRxChEqSoftDemapDynDescr)"
3005379211,592153,43238,1,1,1,32,32,1,30,0.000,0.000,,,,,NVIDIA A100-SXM4-40GB MIG 4g.20gb (0),1,,13,"void convert_kernel<float2, __half2>(tensor_layout_any, T1 *, tensor_layout_any, const T2 *)"
3006004612,14720,43250,2253,1,1,128,1,1,16,0.000,0.000,,,,,NVIDIA A100-SXM4-40GB MIG 4g.20gb (0),1,,13,cupy_copy__float16_float16
3006146594,13728,43259,282,1,1,128,1,1,16,0.000,0.000,,,,,NVIDIA A100-SXM4-40GB MIG 4g.20gb (0),1,,13,cupy_copy__complex64_complex64
3006171010,5312,43268,26,1,1,128,1,1,16,0.000,0.000,,,,,NVIDIA A100-SXM4-40GB MIG 4g.20gb (0),1,,13,cupy_copy__float32_float32
3006307873,6912,43277,103,1,1,128,1,1,16,0.000,0.000,,,,,NVIDIA A100-SXM4-40GB MIG 4g.20gb (0),1,,13,cupy_copy__complex64_complex64
3006332896,19456,43287,1434,1,1,128,1,1,16,0.000,0.000,,,,,NVIDIA A100-SXM4-40GB MIG 4g.20gb (0),1,,13,cupy_copy__complex64_complex64
3006488415,245821,43292,1,1,1,32,32,1,30,0.000,0.000,,,,,NVIDIA A100-SXM4-40GB MIG 4g.20gb (0),1,,13,"void convert_kernel<__half2, float2>(tensor_layout_any, T1 *, tensor_layout_any, const T2 *)"
3006764795,5376,43295,,,,,,,,,,0.094,17428.487,Pinned,Device,NVIDIA A100-SXM4-40GB MIG 4g.20gb (0),1,,13,[CUDA memcpy Host-to-Device]
3006821083,629272,43296,,,,,,,,,,456.561,725476.128,Device,,NVIDIA A100-SXM4-40GB MIG 4g.20gb (0),1,,13,[CUDA memset]
3007454771,54272,43301,,,,,,,,,,1.235,22753.843,Pinned,Device,NVIDIA A100-SXM4-40GB MIG 4g.20gb (0),1,,13,[CUDA memcpy Host-to-Device]
3007511507,12544,43302,,,,,,,,,,0.197,15673.393,Pinned,Device,NVIDIA A100-SXM4-40GB MIG 4g.20gb (0),1,,13,[CUDA memcpy Host-to-Device]
3007624945,38336,43303,69,4,1,48,1,1,76,0.002,0.000,,,,,NVIDIA A100-SXM4-40GB MIG 4g.20gb (0),1,,13,"void ch_est::windowedChEstPreNoDftSOfdmKernel<float, __half, float, (unsigned int)2, (unsigned int)1, (unsigned short)4>(ch_est::puschRxChEstStatDescr_t *, ch_est::puschRxChEstDynDescr_t *)"
3007752976,28128,43304,137,2,1,24,2,1,44,0.001,0.001,,,,,NVIDIA A100-SXM4-40GB MIG 4g.20gb (0),1,,13,"void ch_est::chEstFilterNoDftSOfdmDispatchKernel<float, __half, float, (unsigned int)2>(ch_est::puschRxChEstStatDescr_t *, ch_est::puschRxChEstDynDescr_t *)"
3007782896,35391,43305,137,2,1,24,2,1,44,0.001,0.001,,,,,NVIDIA A100-SXM4-40GB MIG 4g.20gb (0),1,,13,"void ch_est::chEstFilterNoDftSOfdmDispatchKernel<float, __half, float, (unsigned int)2>(ch_est::puschRxChEstStatDescr_t *, ch_est::puschRxChEstDynDescr_t *)"
3007914542,12288,43316,103,1,1,128,1,1,16,0.000,0.000,,,,,NVIDIA A100-SXM4-40GB MIG 4g.20gb (0),1,,13,cupy_copy__complex64_complex64
3007939662,16512,43326,1434,1,1,128,1,1,16,0.000,0.000,,,,,NVIDIA A100-SXM4-40GB MIG 4g.20gb (0),1,,13,cupy_copy__complex64_complex64
3008081196,8832,43333,103,1,1,128,1,1,16,0.000,0.000,,,,,NVIDIA A100-SXM4-40GB MIG 4g.20gb (0),1,,13,cupy_copy__complex64_complex64
3008107180,253917,43340,1,1,1,32,32,1,30,0.000,0.000,,,,,NVIDIA A100-SXM4-40GB MIG 4g.20gb (0),1,,13,"void convert_kernel<__half2, float2>(tensor_layout_any, T1 *, tensor_layout_any, const T2 *)"
3008392041,5408,43343,,,,,,,,,,0.094,17325.421,Pinned,Device,NVIDIA A100-SXM4-40GB MIG 4g.20gb (0),1,,13,[CUDA memcpy Host-to-Device]
3008411592,61184,43344,,,,,,,,,,35.810,585277.332,Device,,NVIDIA A100-SXM4-40GB MIG 4g.20gb (0),1,,13,[CUDA memset]
3008479528,1984,43346,,,,,,,,,,0.000,40.323,Pinned,Device,NVIDIA A100-SXM4-40GB MIG 4g.20gb (0),1,,13,[CUDA memcpy Host-to-Device]
3008483944,9343,43347,,,,,,,,,,0.197,21043.347,Pinned,Device,NVIDIA A100-SXM4-40GB MIG 4g.20gb (0),1,,13,[CUDA memcpy Host-to-Device]
3008632774,30112,43348,273,1,1,48,1,1,40,0.000,0.001,,,,,NVIDIA A100-SXM4-40GB MIG 4g.20gb (0),1,,13,"void pusch_noise_intf_est::noiseIntfEstNoDftSOfdmKernel<float, __half, float, float, (unsigned int)2, (unsigned int)1, (unsigned char)4, (unsigned char)4>(pusch_noise_intf_est::puschRxNoiseIntfEstDynDescr)"
3008756836,7520,43359,35,1,1,128,1,1,16,0.000,0.000,,,,,NVIDIA A100-SXM4-40GB MIG 4g.20gb (0),1,,13,cupy_copy__complex64_complex64
3008779780,3616,43368,1,1,1,1,1,1,18,0.000,0.000,,,,,NVIDIA A100-SXM4-40GB MIG 4g.20gb (0),1,,13,cupy_copy__float32_float32
3008789540,1888,43374,,,,,,,,,,0.000,2.119,Device,Pageable,NVIDIA A100-SXM4-40GB MIG 4g.20gb (0),1,,7,[CUDA memcpy Device-to-Host]
3008955874,19456,43385,1434,1,1,128,1,1,16,0.000,0.000,,,,,NVIDIA A100-SXM4-40GB MIG 4g.20gb (0),1,,13,cupy_copy__complex64_complex64
3008977346,3232,43392,103,1,1,128,1,1,16,0.000,0.000,,,,,NVIDIA A100-SXM4-40GB MIG 4g.20gb (0),1,,13,cupy_copy__complex64_complex64
3009111904,4672,43399,35,1,1,128,1,1,16,0.000,0.000,,,,,NVIDIA A100-SXM4-40GB MIG 4g.20gb (0),1,,13,cupy_copy__complex64_complex64
3009138656,3008,43406,1,1,1,1,1,1,18,0.000,0.000,,,,,NVIDIA A100-SXM4-40GB MIG 4g.20gb (0),1,,13,cupy_copy__float32_float32
3009143936,242845,43417,1,1,1,32,32,1,30,0.000,0.000,,,,,NVIDIA A100-SXM4-40GB MIG 4g.20gb (0),1,,13,"void convert_kernel<__half2, float2>(tensor_layout_any, T1 *, tensor_layout_any, const T2 *)"
3009417565,6208,43420,,,,,,,,,,0.094,15092.739,Pinned,Device,NVIDIA A100-SXM4-40GB MIG 4g.20gb (0),1,,13,[CUDA memcpy Host-to-Device]
3009522172,12800,43421,,,,,,,,,,1.547,120830.000,Device,,NVIDIA A100-SXM4-40GB MIG 4g.20gb (0),1,,13,[CUDA memset]
3009541883,3072,43426,,,,,,,,,,0.031,10187.474,Pinned,Device,NVIDIA A100-SXM4-40GB MIG 4g.20gb (0),1,,13,[CUDA memcpy Host-to-Device]
3009547387,9504,43427,,,,,,,,,,0.197,20686.701,Pinned,Device,NVIDIA A100-SXM4-40GB MIG 4g.20gb (0),1,,13,[CUDA memcpy Host-to-Device]
3009667226,27584,43428,273,1,1,8,4,1,39,0.002,0.000,,,,,NVIDIA A100-SXM4-40GB MIG 4g.20gb (0),1,,13,"void channel_eq::eqMmseCoefCompLowMimoKernel<float, float, float, (unsigned int)4, (unsigned int)1, (unsigned int)4>(const channel_eq::_puschRxChEqStatDescr *, channel_eq::_puschRxChEqCoefCompDynDescr)"
3009696762,37087,43429,273,1,1,12,11,1,51,0.002,0.000,,,,,NVIDIA A100-SXM4-40GB MIG 4g.20gb (0),1,,13,"void channel_eq::eqMmseSoftDemapKernel<float, __half, __half, float, (unsigned int)4, (unsigned short)16383>(channel_eq::_puschRxChEqStatDescr *, channel_eq::_puschRxChEqSoftDemapDynDescr)"
3009835960,592345,43430,1,1,1,32,32,1,30,0.000,0.000,,,,,NVIDIA A100-SXM4-40GB MIG 4g.20gb (0),1,,13,"void convert_kernel<float2, __half2>(tensor_layout_any, T1 *, tensor_layout_any, const T2 *)"
3010464849,14656,43442,2253,1,1,128,1,1,16,0.000,0.000,,,,,NVIDIA A100-SXM4-40GB MIG 4g.20gb (0),1,,13,cupy_copy__float16_float16
3010588975,16416,43451,282,1,1,128,1,1,16,0.000,0.000,,,,,NVIDIA A100-SXM4-40GB MIG 4g.20gb (0),1,,13,cupy_copy__complex64_complex64
3010610447,7680,43460,26,1,1,128,1,1,16,0.000,0.000,,,,,NVIDIA A100-SXM4-40GB MIG 4g.20gb (0),1,,13,cupy_copy__float32_float32
3010753742,5823,43469,103,1,1,128,1,1,16,0.000,0.000,,,,,NVIDIA A100-SXM4-40GB MIG 4g.20gb (0),1,,13,cupy_copy__complex64_complex64
3010778669,20192,43479,1434,1,1,128,1,1,16,0.000,0.000,,,,,NVIDIA A100-SXM4-40GB MIG 4g.20gb (0),1,,13,cupy_copy__complex64_complex64
3010930379,256894,43484,1,1,1,32,32,1,30,0.000,0.000,,,,,NVIDIA A100-SXM4-40GB MIG 4g.20gb (0),1,,13,"void convert_kernel<__half2, float2>(tensor_layout_any, T1 *, tensor_layout_any, const T2 *)"
3011217896,5408,43487,,,,,,,,,,0.094,17325.421,Pinned,Device,NVIDIA A100-SXM4-40GB MIG 4g.20gb (0),1,,13,[CUDA memcpy Host-to-Device]
3011264328,627608,43488,,,,,,,,,,456.561,727302.374,Device,,NVIDIA A100-SXM4-40GB MIG 4g.20gb (0),1,,13,[CUDA memset]
3011897184,49440,43493,,,,,,,,,,1.235,24977.977,Pinned,Device,NVIDIA A100-SXM4-40GB MIG 4g.20gb (0),1,,13,[CUDA memcpy Host-to-Device]
3011949088,10272,43494,,,,,,,,,,0.197,19140.182,Pinned,Device,NVIDIA A100-SXM4-40GB MIG 4g.20gb (0),1,,13,[CUDA memcpy Host-to-Device]
3012058111,36895,43495,69,4,1,48,1,1,76,0.002,0.000,,,,,NVIDIA A100-SXM4-40GB MIG 4g.20gb (0),1,,13,"void ch_est::windowedChEstPreNoDftSOfdmKernel<float, __half, float, (unsigned int)2, (unsigned int)1, (unsigned short)4>(ch_est::puschRxChEstStatDescr_t *, ch_est::puschRxChEstDynDescr_t *)"
3012189629,26144,43496,137,2,1,24,2,1,44,0.001,0.001,,,,,NVIDIA A100-SXM4-40GB MIG 4g.20gb (0),1,,13,"void ch_est::chEstFilterNoDftSOfdmDispatchKernel<float, __half, float, (unsigned int)2>(ch_est::puschRxChEstStatDescr_t *, ch_est::puschRxChEstDynDescr_t *)"
3012217949,31583,43497,137,2,1,24,2,1,44,0.001,0.001,,,,,NVIDIA A100-SXM4-40GB MIG 4g.20gb (0),1,,13,"void ch_est::chEstFilterNoDftSOfdmDispatchKernel<float, __half, float, (unsigned int)2>(ch_est::puschRxChEstStatDescr_t *, ch_est::puschRxChEstDynDescr_t *)"
3012355771,10784,43508,103,1,1,128,1,1,16,0.000,0.000,,,,,NVIDIA A100-SXM4-40GB MIG 4g.20gb (0),1,,13,cupy_copy__complex64_complex64
3012378459,17312,43518,1434,1,1,128,1,1,16,0.000,0.000,,,,,NVIDIA A100-SXM4-40GB MIG 4g.20gb (0),1,,13,cupy_copy__complex64_complex64
3012515737,4192,43525,103,1,1,128,1,1,16,0.000,0.000,,,,,NVIDIA A100-SXM4-40GB MIG 4g.20gb (0),1,,13,cupy_copy__complex64_complex64
3012544697,255357,43532,1,1,1,32,32,1,30,0.000,0.000,,,,,NVIDIA A100-SXM4-40GB MIG 4g.20gb (0),1,,13,"void convert_kernel<__half2, float2>(tensor_layout_any, T1 *, tensor_layout_any, const T2 *)"
3012831510,5984,43535,,,,,,,,,,0.094,15657.726,Pinned,Device,NVIDIA A100-SXM4-40GB MIG 4g.20gb (0),1,,13,[CUDA memcpy Host-to-Device]
3012868405,59328,43536,,,,,,,,,,35.810,603576.202,Device,,NVIDIA A100-SXM4-40GB MIG 4g.20gb (0),1,,13,[CUDA memset]
3012930548,4704,43538,,,,,,,,,,0.000,17.007,Pinned,Device,NVIDIA A100-SXM4-40GB MIG 4g.20gb (0),1,,13,[CUDA memcpy Host-to-Device]
3012937684,9344,43539,,,,,,,,,,0.197,21040.988,Pinned,Device,NVIDIA A100-SXM4-40GB MIG 4g.20gb (0),1,,13,[CUDA memcpy Host-to-Device]
3013092147,36767,43540,273,1,1,48,1,1,40,0.000,0.001,,,,,NVIDIA A100-SXM4-40GB MIG 4g.20gb (0),1,,13,"void pusch_noise_intf_est::noiseIntfEstNoDftSOfdmKernel<float, __half, float, float, (unsigned int)2, (unsigned int)1, (unsigned char)4, (unsigned char)4>(pusch_noise_intf_est::puschRxNoiseIntfEstDynDescr)"
3013214353,5856,43551,35,1,1,128,1,1,16,0.000,0.000,,,,,NVIDIA A100-SXM4-40GB MIG 4g.20gb (0),1,,13,cupy_copy__complex64_complex64
3013237009,5152,43560,1,1,1,1,1,1,18,0.000,0.000,,,,,NVIDIA A100-SXM4-40GB MIG 4g.20gb (0),1,,13,cupy_copy__float32_float32
3013246385,1600,43566,,,,,,,,,,0.000,2.500,Device,Pageable,NVIDIA A100-SXM4-40GB MIG 4g.20gb (0),1,,7,[CUDA memcpy Device-to-Host]
3013421551,21632,43577,1434,1,1,128,1,1,16,0.000,0.000,,,,,NVIDIA A100-SXM4-40GB MIG 4g.20gb (0),1,,13,cupy_copy__complex64_complex64
3013444943,3680,43584,103,1,1,128,1,1,16,0.000,0.000,,,,,NVIDIA A100-SXM4-40GB MIG 4g.20gb (0),1,,13,cupy_copy__complex64_complex64
3013562285,6112,43591,35,1,1,128,1,1,16,0.000,0.000,,,,,NVIDIA A100-SXM4-40GB MIG 4g.20gb (0),1,,13,cupy_copy__complex64_complex64
3013587533,5888,43598,1,1,1,1,1,1,18,0.000,0.000,,,,,NVIDIA A100-SXM4-40GB MIG 4g.20gb (0),1,,13,cupy_copy__float32_float32
3013598893,191614,43609,1,1,1,32,32,1,30,0.000,0.000,,,,,NVIDIA A100-SXM4-40GB MIG 4g.20gb (0),1,,13,"void convert_kernel<__half2, float2>(tensor_layout_any, T1 *, tensor_layout_any, const T2 *)"
3013822058,5504,43612,,,,,,,,,,0.094,17023.251,Pinned,Device,NVIDIA A100-SXM4-40GB MIG 4g.20gb (0),1,,13,[CUDA memcpy Host-to-Device]
3013925225,9728,43613,,,,,,,,,,1.547,158986.761,Device,,NVIDIA A100-SXM4-40GB MIG 4g.20gb (0),1,,13,[CUDA memset]
3013936393,4064,43618,,,,,,,,,,0.031,7700.756,Pinned,Device,NVIDIA A100-SXM4-40GB MIG 4g.20gb (0),1,,13,[CUDA memcpy Host-to-Device]
3013942857,9824,43619,,,,,,,,,,0.197,20012.925,Pinned,Device,NVIDIA A100-SXM4-40GB MIG 4g.20gb (0),1,,13,[CUDA memcpy Host-to-Device]
3013957449,34015,43620,273,1,1,8,4,1,39,0.002,0.000,,,,,NVIDIA A100-SXM4-40GB MIG 4g.20gb (0),1,,13,"void channel_eq::eqMmseCoefCompLowMimoKernel<float, float, float, (unsigned int)4, (unsigned int)1, (unsigned int)4>(const channel_eq::_puschRxChEqStatDescr *, channel_eq::_puschRxChEqCoefCompDynDescr)"
3014110215,40383,43621,273,1,1,12,11,1,51,0.002,0.000,,,,,NVIDIA A100-SXM4-40GB MIG 4g.20gb (0),1,,13,"void channel_eq::eqMmseSoftDemapKernel<float, __half, __half, float, (unsigned int)4, (unsigned short)16383>(channel_eq::_puschRxChEqStatDescr *, channel_eq::_puschRxChEqSoftDemapDynDescr)"
3014237221,593434,43622,1,1,1,32,32,1,30,0.000,0.000,,,,,NVIDIA A100-SXM4-40GB MIG 4g.20gb (0),1,,13,"void convert_kernel<float2, __half2>(tensor_layout_any, T1 *, tensor_layout_any, const T2 *)"
3014855550,15200,43634,2253,1,1,128,1,1,16,0.000,0.000,,,,,NVIDIA A100-SXM4-40GB MIG 4g.20gb (0),1,,13,cupy_copy__float16_float16
3014992573,6272,43643,282,1,1,128,1,1,16,0.000,0.000,,,,,NVIDIA A100-SXM4-40GB MIG 4g.20gb (0),1,,13,cupy_copy__complex64_complex64
3015019420,5792,43652,26,1,1,128,1,1,16,0.000,0.000,,,,,NVIDIA A100-SXM4-40GB MIG 4g.20gb (0),1,,13,cupy_copy__float32_float32
3015026748,6080,43661,103,1,1,128,1,1,16,0.000,0.000,,,,,NVIDIA A100-SXM4-40GB MIG 4g.20gb (0),1,,13,cupy_copy__complex64_complex64
3015213306,14560,43671,1434,1,1,128,1,1,16,0.000,0.000,,,,,NVIDIA A100-SXM4-40GB MIG 4g.20gb (0),1,,13,cupy_copy__complex64_complex64
3015243450,225021,43676,1,1,1,32,32,1,30,0.000,0.000,,,,,NVIDIA A100-SXM4-40GB MIG 4g.20gb (0),1,,13,"void convert_kernel<__half2, float2>(tensor_layout_any, T1 *, tensor_layout_any, const T2 *)"
3015498359,5568,43679,,,,,,,,,,0.094,16827.521,Pinned,Device,NVIDIA A100-SXM4-40GB MIG 4g.20gb (0),1,,13,[CUDA memcpy Host-to-Device]
3015542838,627097,43680,,,,,,,,,,456.561,727758.935,Device,,NVIDIA A100-SXM4-40GB MIG 4g.20gb (0),1,,13,[CUDA memset]
3016178159,50496,43685,,,,,,,,,,1.235,24455.596,Pinned,Device,NVIDIA A100-SXM4-40GB MIG 4g.20gb (0),1,,13,[CUDA memcpy Host-to-Device]
3016231087,10079,43686,,,,,,,,,,0.197,19506.659,Pinned,Device,NVIDIA A100-SXM4-40GB MIG 4g.20gb (0),1,,13,[CUDA memcpy Host-to-Device]
3016339469,29952,43687,69,4,1,48,1,1,76,0.002,0.000,,,,,NVIDIA A100-SXM4-40GB MIG 4g.20gb (0),1,,13,"void ch_est::windowedChEstPreNoDftSOfdmKernel<float, __half, float, (unsigned int)2, (unsigned int)1, (unsigned short)4>(ch_est::puschRxChEstStatDescr_t *, ch_est::puschRxChEstDynDescr_t *)"
3016474028,27455,43688,137,2,1,24,2,1,44,0.001,0.001,,,,,NVIDIA A100-SXM4-40GB MIG 4g.20gb (0),1,,13,"void ch_est::chEstFilterNoDftSOfdmDispatchKernel<float, __half, float, (unsigned int)2>(ch_est::puschRxChEstStatDescr_t *, ch_est::puschRxChEstDynDescr_t *)"
3016503403,32160,43689,137,2,1,24,2,1,44,0.001,0.001,,,,,NVIDIA A100-SXM4-40GB MIG 4g.20gb (0),1,,13,"void ch_est::chEstFilterNoDftSOfdmDispatchKernel<float, __half, float, (unsigned int)2>(ch_est::puschRxChEstStatDescr_t *, ch_est::puschRxChEstDynDescr_t *)"
3016625226,8864,43700,103,1,1,128,1,1,16,0.000,0.000,,,,,NVIDIA A100-SXM4-40GB MIG 4g.20gb (0),1,,13,cupy_copy__complex64_complex64
3016652298,16480,43710,1434,1,1,128,1,1,16,0.000,0.000,,,,,NVIDIA A100-SXM4-40GB MIG 4g.20gb (0),1,,13,cupy_copy__complex64_complex64
3016781896,12768,43717,103,1,1,128,1,1,16,0.000,0.000,,,,,NVIDIA A100-SXM4-40GB MIG 4g.20gb (0),1,,13,cupy_copy__complex64_complex64
3016804936,254077,43724,1,1,1,32,32,1,30,0.000,0.000,,,,,NVIDIA A100-SXM4-40GB MIG 4g.20gb (0),1,,13,"void convert_kernel<__half2, float2>(tensor_layout_any, T1 *, tensor_layout_any, const T2 *)"
3017097829,5376,43727,,,,,,,,,,0.094,17428.487,Pinned,Device,NVIDIA A100-SXM4-40GB MIG 4g.20gb (0),1,,13,[CUDA memcpy Host-to-Device]
3017116708,59296,43728,,,,,,,,,,35.810,603898.491,Device,,NVIDIA A100-SXM4-40GB MIG 4g.20gb (0),1,,13,[CUDA memset]
3017179364,1856,43730,,,,,,,,,,0.000,43.103,Pinned,Device,NVIDIA A100-SXM4-40GB MIG 4g.20gb (0),1,,13,[CUDA memcpy Host-to-Device]
3017183620,9343,43731,,,,,,,,,,0.197,21043.347,Pinned,Device,NVIDIA A100-SXM4-40GB MIG 4g.20gb (0),1,,13,[CUDA memcpy Host-to-Device]
3017334402,48543,43732,273,1,1,48,1,1,40,0.000,0.001,,,,,NVIDIA A100-SXM4-40GB MIG 4g.20gb (0),1,,13,"void pusch_noise_intf_est::noiseIntfEstNoDftSOfdmKernel<float, __half, float, float, (unsigned int)2, (unsigned int)1, (unsigned char)4, (unsigned char)4>(pusch_noise_intf_est::puschRxNoiseIntfEstDynDescr)"
3017462720,9984,43743,35,1,1,128,1,1,16,0.000,0.000,,,,,NVIDIA A100-SXM4-40GB MIG 4g.20gb (0),1,,13,cupy_copy__complex64_complex64
3017489376,2432,43752,1,1,1,1,1,1,18,0.000,0.000,,,,,NVIDIA A100-SXM4-40GB MIG 4g.20gb (0),1,,13,cupy_copy__float32_float32
3017494176,1600,43758,,,,,,,,,,0.000,2.500,Device,Pageable,NVIDIA A100-SXM4-40GB MIG 4g.20gb (0),1,,7,[CUDA memcpy Device-to-Host]
3017678142,22656,43769,1434,1,1,128,1,1,16,0.000,0.000,,,,,NVIDIA A100-SXM4-40GB MIG 4g.20gb (0),1,,13,cupy_copy__complex64_complex64
3017703358,3104,43776,103,1,1,128,1,1,16,0.000,0.000,,,,,NVIDIA A100-SXM4-40GB MIG 4g.20gb (0),1,,13,cupy_copy__complex64_complex64
3017828508,4640,43783,35,1,1,128,1,1,16,0.000,0.000,,,,,NVIDIA A100-SXM4-40GB MIG 4g.20gb (0),1,,13,cupy_copy__complex64_complex64
3017858012,3872,43790,1,1,1,1,1,1,18,0.000,0.000,,,,,NVIDIA A100-SXM4-40GB MIG 4g.20gb (0),1,,13,cupy_copy__float32_float32
3017863292,236477,43801,1,1,1,32,32,1,30,0.000,0.000,,,,,NVIDIA A100-SXM4-40GB MIG 4g.20gb (0),1,,13,"void convert_kernel<__half2, float2>(tensor_layout_any, T1 *, tensor_layout_any, const T2 *)"
3018130425,5536,43804,,,,,,,,,,0.094,16924.777,Pinned,Device,NVIDIA A100-SXM4-40GB MIG 4g.20gb (0),1,,13,[CUDA memcpy Host-to-Device]
3018232440,11839,43805,,,,,,,,,,1.547,130637.143,Device,,NVIDIA A100-SXM4-40GB MIG 4g.20gb (0),1,,13,[CUDA memset]
3018251927,3008,43810,,,,,,,,,,0.031,10404.230,Pinned,Device,NVIDIA A100-SXM4-40GB MIG 4g.20gb (0),1,,13,[CUDA memcpy Host-to-Device]
3018257431,9472,43811,,,,,,,,,,0.197,20756.693,Pinned,Device,NVIDIA A100-SXM4-40GB MIG 4g.20gb (0),1,,13,[CUDA memcpy Host-to-Device]
3018364822,26784,43812,273,1,1,8,4,1,39,0.002,0.000,,,,,NVIDIA A100-SXM4-40GB MIG 4g.20gb (0),1,,13,"void channel_eq::eqMmseCoefCompLowMimoKernel<float, float, float, (unsigned int)4, (unsigned int)1, (unsigned int)4>(const channel_eq::_puschRxChEqStatDescr *, channel_eq::_puschRxChEqCoefCompDynDescr)"
3018393462,37119,43813,273,1,1,12,11,1,51,0.002,0.000,,,,,NVIDIA A100-SXM4-40GB MIG 4g.20gb (0),1,,13,"void channel_eq::eqMmseSoftDemapKernel<float, __half, __half, float, (unsigned int)4, (unsigned short)16383>(channel_eq::_puschRxChEqStatDescr *, channel_eq::_puschRxChEqSoftDemapDynDescr)"
3018531988,592057,43814,1,1,1,32,32,1,30,0.000,0.000,,,,,NVIDIA A100-SXM4-40GB MIG 4g.20gb (0),1,,13,"void convert_kernel<float2, __half2>(tensor_layout_any, T1 *, tensor_layout_any, const T2 *)"
3019131021,15680,43826,2253,1,1,128,1,1,16,0.000,0.000,,,,,NVIDIA A100-SXM4-40GB MIG 4g.20gb (0),1,,13,cupy_copy__float16_float16
3019275052,4832,43835,282,1,1,128,1,1,16,0.000,0.000,,,,,NVIDIA A100-SXM4-40GB MIG 4g.20gb (0),1,,13,cupy_copy__complex64_complex64
3019300971,6400,43844,26,1,1,128,1,1,16,0.000,0.000,,,,,NVIDIA A100-SXM4-40GB MIG 4g.20gb (0),1,,13,cupy_copy__float32_float32
3019425930,15872,43853,103,1,1,128,1,1,16,0.000,0.000,,,,,NVIDIA A100-SXM4-40GB MIG 4g.20gb (0),1,,13,cupy_copy__complex64_complex64
3019469833,18976,43863,1434,1,1,128,1,1,16,0.000,0.000,,,,,NVIDIA A100-SXM4-40GB MIG 4g.20gb (0),1,,13,cupy_copy__complex64_complex64
3019619656,261949,43868,1,1,1,32,32,1,30,0.000,0.000,,,,,NVIDIA A100-SXM4-40GB MIG 4g.20gb (0),1,,13,"void convert_kernel<__half2, float2>(tensor_layout_any, T1 *, tensor_layout_any, const T2 *)"
3019915332,5408,43871,,,,,,,,,,0.094,17325.421,Pinned,Device,NVIDIA A100-SXM4-40GB MIG 4g.20gb (0),1,,13,[CUDA memcpy Host-to-Device]
3019942052,629593,43872,,,,,,,,,,456.561,725019.567,Device,,NVIDIA A100-SXM4-40GB MIG 4g.20gb (0),1,,13,[CUDA memset]
3020576157,49983,43877,,,,,,,,,,1.235,24706.290,Pinned,Device,NVIDIA A100-SXM4-40GB MIG 4g.20gb (0),1,,13,[CUDA memcpy Host-to-Device]
3020628604,9344,43878,,,,,,,,,,0.197,21040.988,Pinned,Device,NVIDIA A100-SXM4-40GB MIG 4g.20gb (0),1,,13,[CUDA memcpy Host-to-Device]
3020729243,37439,43879,69,4,1,48,1,1,76,0.002,0.000,,,,,NVIDIA A100-SXM4-40GB MIG 4g.20gb (0),1,,13,"void ch_est::windowedChEstPreNoDftSOfdmKernel<float, __half, float, (unsigned int)2, (unsigned int)1, (unsigned short)4>(ch_est::puschRxChEstStatDescr_t *, ch_est::puschRxChEstDynDescr_t *)"
3020861273,24832,43880,137,2,1,24,2,1,44,0.001,0.001,,,,,NVIDIA A100-SXM4-40GB MIG 4g.20gb (0),1,,13,"void ch_est::chEstFilterNoDftSOfdmDispatchKernel<float, __half, float, (unsigned int)2>(ch_est::puschRxChEstStatDescr_t *, ch_est::puschRxChEstDynDescr_t *)"
3020890713,39040,43881,137,2,1,24,2,1,44,0.001,0.001,,,,,NVIDIA A100-SXM4-40GB MIG 4g.20gb (0),1,,13,"void ch_est::chEstFilterNoDftSOfdmDispatchKernel<float, __half, float, (unsigned int)2>(ch_est::puschRxChEstStatDescr_t *, ch_est::puschRxChEstDynDescr_t *)"
3021021943,9440,43892,103,1,1,128,1,1,16,0.000,0.000,,,,,NVIDIA A100-SXM4-40GB MIG 4g.20gb (0),1,,13,cupy_copy__complex64_complex64
3021041143,17792,43902,1434,1,1,128,1,1,16,0.000,0.000,,,,,NVIDIA A100-SXM4-40GB MIG 4g.20gb (0),1,,13,cupy_copy__complex64_complex64
3021169846,9824,43909,103,1,1,128,1,1,16,0.000,0.000,,,,,NVIDIA A100-SXM4-40GB MIG 4g.20gb (0),1,,13,cupy_copy__complex64_complex64
3021199573,265245,43916,1,1,1,32,32,1,30,0.000,0.000,,,,,NVIDIA A100-SXM4-40GB MIG 4g.20gb (0),1,,13,"void convert_kernel<__half2, float2>(tensor_layout_any, T1 *, tensor_layout_any, const T2 *)"
3021494962,6080,43919,,,,,,,,,,0.094,15410.462,Pinned,Device,NVIDIA A100-SXM4-40GB MIG 4g.20gb (0),1,,13,[CUDA memcpy Host-to-Device]
3021509042,59423,43920,,,,,,,,,,35.810,602609.334,Device,,NVIDIA A100-SXM4-40GB MIG 4g.20gb (0),1,,13,[CUDA memset]
3021571281,1824,43922,,,,,,,,,,0.000,43.860,Pinned,Device,NVIDIA A100-SXM4-40GB MIG 4g.20gb (0),1,,13,[CUDA memcpy Host-to-Device]
3021575601,9312,43923,,,,,,,,,,0.197,21113.340,Pinned,Device,NVIDIA A100-SXM4-40GB MIG 4g.20gb (0),1,,13,[CUDA memcpy Host-to-Device]
3021716687,34496,43924,273,1,1,48,1,1,40,0.000,0.001,,,,,NVIDIA A100-SXM4-40GB MIG 4g.20gb (0),1,,13,"void pusch_noise_intf_est::noiseIntfEstNoDftSOfdmKernel<float, __half, float, float, (unsigned int)2, (unsigned int)1, (unsigned char)4, (unsigned char)4>(pusch_noise_intf_est::puschRxNoiseIntfEstDynDescr)"
3021859470,11648,43935,35,1,1,128,1,1,16,0.000,0.000,,,,,NVIDIA A100-SXM4-40GB MIG 4g.20gb (0),1,,13,cupy_copy__complex64_complex64
3021987916,3136,43944,1,1,1,1,1,1,18,0.000,0.000,,,,,NVIDIA A100-SXM4-40GB MIG 4g.20gb (0),1,,13,cupy_copy__float32_float32
3021995212,1696,43950,,,,,,,,,,0.000,2.358,Device,Pageable,NVIDIA A100-SXM4-40GB MIG 4g.20gb (0),1,,7,[CUDA memcpy Device-to-Host]
3022151115,18463,43961,1434,1,1,128,1,1,16,0.000,0.000,,,,,NVIDIA A100-SXM4-40GB MIG 4g.20gb (0),1,,13,cupy_copy__complex64_complex64
3022177258,11104,43968,103,1,1,128,1,1,16,0.000,0.000,,,,,NVIDIA A100-SXM4-40GB MIG 4g.20gb (0),1,,13,cupy_copy__complex64_complex64
3022305097,6752,43975,35,1,1,128,1,1,16,0.000,0.000,,,,,NVIDIA A100-SXM4-40GB MIG 4g.20gb (0),1,,13,cupy_copy__complex64_complex64
3022330280,3072,43982,1,1,1,1,1,1,18,0.000,0.000,,,,,NVIDIA A100-SXM4-40GB MIG 4g.20gb (0),1,,13,cupy_copy__float32_float32
3022335048,239646,43993,1,1,1,32,32,1,30,0.000,0.000,,,,,NVIDIA A100-SXM4-40GB MIG 4g.20gb (0),1,,13,"void convert_kernel<__half2, float2>(tensor_layout_any, T1 *, tensor_layout_any, const T2 *)"
3022606885,5344,43996,,,,,,,,,,0.094,17532.864,Pinned,Device,NVIDIA A100-SXM4-40GB MIG 4g.20gb (0),1,,13,[CUDA memcpy Host-to-Device]
3022708260,12672,43997,,,,,,,,,,1.547,122050.286,Device,,NVIDIA A100-SXM4-40GB MIG 4g.20gb (0),1,,13,[CUDA memset]
3022728580,3392,44002,,,,,,,,,,0.031,9226.405,Pinned,Device,NVIDIA A100-SXM4-40GB MIG 4g.20gb (0),1,,13,[CUDA memcpy Host-to-Device]
3022734372,10240,44003,,,,,,,,,,0.197,19199.951,Pinned,Device,NVIDIA A100-SXM4-40GB MIG 4g.20gb (0),1,,13,[CUDA memcpy Host-to-Device]
3022837475,29599,44004,273,1,1,8,4,1,39,0.002,0.000,,,,,NVIDIA A100-SXM4-40GB MIG 4g.20gb (0),1,,13,"void channel_eq::eqMmseCoefCompLowMimoKernel<float, float, float, (unsigned int)4, (unsigned int)1, (unsigned int)4>(const channel_eq::_puschRxChEqStatDescr *, channel_eq::_puschRxChEqCoefCompDynDescr)"
3022871554,42880,44005,273,1,1,12,11,1,51,0.002,0.000,,,,,NVIDIA A100-SXM4-40GB MIG 4g.20gb (0),1,,13,"void channel_eq::eqMmseSoftDemapKernel<float, __half, __half, float, (unsigned int)4, (unsigned short)16383>(channel_eq::_puschRxChEqStatDescr *, channel_eq::_puschRxChEqSoftDemapDynDescr)"
3023029728,572442,44006,1,1,1,32,32,1,30,0.000,0.000,,,,,NVIDIA A100-SXM4-40GB MIG 4g.20gb (0),1,,13,"void convert_kernel<float2, __half2>(tensor_layout_any, T1 *, tensor_layout_any, const T2 *)"
3023649657,15296,44018,2253,1,1,128,1,1,16,0.000,0.000,,,,,NVIDIA A100-SXM4-40GB MIG 4g.20gb (0),1,,13,cupy_copy__float16_float16
3023802040,4767,44027,282,1,1,128,1,1,16,0.000,0.000,,,,,NVIDIA A100-SXM4-40GB MIG 4g.20gb (0),1,,13,cupy_copy__complex64_complex64
3023824311,7424,44036,26,1,1,128,1,1,16,0.000,0.000,,,,,NVIDIA A100-SXM4-40GB MIG 4g.20gb (0),1,,13,cupy_copy__float32_float32
3023942390,13952,44045,103,1,1,128,1,1,16,0.000,0.000,,,,,NVIDIA A100-SXM4-40GB MIG 4g.20gb (0),1,,13,cupy_copy__complex64_complex64
3023971446,20831,44055,1434,1,1,128,1,1,16,0.000,0.000,,,,,NVIDIA A100-SXM4-40GB MIG 4g.20gb (0),1,,13,cupy_copy__complex64_complex64
3024117332,245629,44060,1,1,1,32,32,1,30,0.000,0.000,,,,,NVIDIA A100-SXM4-40GB MIG 4g.20gb (0),1,,13,"void convert_kernel<__half2, float2>(tensor_layout_any, T1 *, tensor_layout_any, const T2 *)"
3024393041,5408,44063,,,,,,,,,,0.094,17325.421,Pinned,Device,NVIDIA A100-SXM4-40GB MIG 4g.20gb (0),1,,13,[CUDA memcpy Host-to-Device]
3024469200,629529,44064,,,,,,,,,,456.561,725019.567,Device,,NVIDIA A100-SXM4-40GB MIG 4g.20gb (0),1,,13,[CUDA memset]
3025105385,54975,44069,,,,,,,,,,1.235,22463.631,Pinned,Device,NVIDIA A100-SXM4-40GB MIG 4g.20gb (0),1,,13,[CUDA memcpy Host-to-Device]
3025164008,10720,44070,,,,,,,,,,0.197,18340.184,Pinned,Device,NVIDIA A100-SXM4-40GB MIG 4g.20gb (0),1,,13,[CUDA memcpy Host-to-Device]
3025282439,37471,44071,69,4,1,48,1,1,76,0.002,0.000,,,,,NVIDIA A100-SXM4-40GB MIG 4g.20gb (0),1,,13,"void ch_est::windowedChEstPreNoDftSOfdmKernel<float, __half, float, (unsigned int)2, (unsigned int)1, (unsigned short)4>(ch_est::puschRxChEstStatDescr_t *, ch_est::puschRxChEstDynDescr_t *)"
3025412613,24416,44072,137,2,1,24,2,1,44,0.001,0.001,,,,,NVIDIA A100-SXM4-40GB MIG 4g.20gb (0),1,,13,"void ch_est::chEstFilterNoDftSOfdmDispatchKernel<float, __half, float, (unsigned int)2>(ch_est::puschRxChEstStatDescr_t *, ch_est::puschRxChEstDynDescr_t *)"
3025439589,33791,44073,137,2,1,24,2,1,44,0.001,0.001,,,,,NVIDIA A100-SXM4-40GB MIG 4g.20gb (0),1,,13,"void ch_est::chEstFilterNoDftSOfdmDispatchKernel<float, __half, float, (unsigned int)2>(ch_est::puschRxChEstStatDescr_t *, ch_est::puschRxChEstDynDescr_t *)"
3025585251,7264,44084,103,1,1,128,1,1,16,0.000,0.000,,,,,NVIDIA A100-SXM4-40GB MIG 4g.20gb (0),1,,13,cupy_copy__complex64_complex64
3025611075,16640,44094,1434,1,1,128,1,1,16,0.000,0.000,,,,,NVIDIA A100-SXM4-40GB MIG 4g.20gb (0),1,,13,cupy_copy__complex64_complex64
3025744097,14976,44101,103,1,1,128,1,1,16,0.000,0.000,,,,,NVIDIA A100-SXM4-40GB MIG 4g.20gb (0),1,,13,cupy_copy__complex64_complex64
3025770849,245821,44108,1,1,1,32,32,1,30,0.000,0.000,,,,,NVIDIA A100-SXM4-40GB MIG 4g.20gb (0),1,,13,"void convert_kernel<__half2, float2>(tensor_layout_any, T1 *, tensor_layout_any, const T2 *)"
3026046750,5408,44111,,,,,,,,,,0.094,17325.421,Pinned,Device,NVIDIA A100-SXM4-40GB MIG 4g.20gb (0),1,,13,[CUDA memcpy Host-to-Device]
3026080797,61856,44112,,,,,,,,,,35.810,578903.167,Device,,NVIDIA A100-SXM4-40GB MIG 4g.20gb (0),1,,13,[CUDA memset]
3026145949,2656,44114,,,,,,,,,,0.000,30.120,Pinned,Device,NVIDIA A100-SXM4-40GB MIG 4g.20gb (0),1,,13,[CUDA memcpy Host-to-Device]
3026153117,9343,44115,,,,,,,,,,0.197,21043.347,Pinned,Device,NVIDIA A100-SXM4-40GB MIG 4g.20gb (0),1,,13,[CUDA memcpy Host-to-Device]
3026306875,41535,44116,273,1,1,48,1,1,40,0.000,0.001,,,,,NVIDIA A100-SXM4-40GB MIG 4g.20gb (0),1,,13,"void pusch_noise_intf_est::noiseIntfEstNoDftSOfdmKernel<float, __half, float, float, (unsigned int)2, (unsigned int)1, (unsigned char)4, (unsigned char)4>(pusch_noise_intf_est::puschRxNoiseIntfEstDynDescr)"
3026435481,3456,44127,35,1,1,128,1,1,16,0.000,0.000,,,,,NVIDIA A100-SXM4-40GB MIG 4g.20gb (0),1,,13,cupy_copy__complex64_complex64
3026463737,4736,44136,1,1,1,1,1,1,18,0.000,0.000,,,,,NVIDIA A100-SXM4-40GB MIG 4g.20gb (0),1,,13,cupy_copy__float32_float32
3026474553,1632,44142,,,,,,,,,,0.000,2.451,Device,Pageable,NVIDIA A100-SXM4-40GB MIG 4g.20gb (0),1,,7,[CUDA memcpy Device-to-Host]
3026631191,18464,44153,1434,1,1,128,1,1,16,0.000,0.000,,,,,NVIDIA A100-SXM4-40GB MIG 4g.20gb (0),1,,13,cupy_copy__complex64_complex64
3026652375,3008,44160,103,1,1,128,1,1,16,0.000,0.000,,,,,NVIDIA A100-SXM4-40GB MIG 4g.20gb (0),1,,13,cupy_copy__complex64_complex64
3026814837,15936,44167,35,1,1,128,1,1,16,0.000,0.000,,,,,NVIDIA A100-SXM4-40GB MIG 4g.20gb (0),1,,13,cupy_copy__complex64_complex64
3026975219,4480,44174,1,1,1,1,1,1,18,0.000,0.000,,,,,NVIDIA A100-SXM4-40GB MIG 4g.20gb (0),1,,13,cupy_copy__float32_float32
3027002387,243869,44185,1,1,1,32,32,1,30,0.000,0.000,,,,,NVIDIA A100-SXM4-40GB MIG 4g.20gb (0),1,,13,"void convert_kernel<__half2, float2>(tensor_layout_any, T1 *, tensor_layout_any, const T2 *)"
3027275952,5632,44188,,,,,,,,,,0.094,16636.287,Pinned,Device,NVIDIA A100-SXM4-40GB MIG 4g.20gb (0),1,,13,[CUDA memcpy Host-to-Device]
3027403470,12160,44189,,,,,,,,,,1.547,127188.171,Device,,NVIDIA A100-SXM4-40GB MIG 4g.20gb (0),1,,13,[CUDA memset]
3027417646,3232,44194,,,,,,,,,,0.031,9683.139,Pinned,Device,NVIDIA A100-SXM4-40GB MIG 4g.20gb (0),1,,13,[CUDA memcpy Host-to-Device]
3027423374,9824,44195,,,,,,,,,,0.197,20012.925,Pinned,Device,NVIDIA A100-SXM4-40GB MIG 4g.20gb (0),1,,13,[CUDA memcpy Host-to-Device]
3027580364,33888,44196,273,1,1,8,4,1,39,0.002,0.000,,,,,NVIDIA A100-SXM4-40GB MIG 4g.20gb (0),1,,13,"void channel_eq::eqMmseCoefCompLowMimoKernel<float, float, float, (unsigned int)4, (unsigned int)1, (unsigned int)4>(const channel_eq::_puschRxChEqStatDescr *, channel_eq::_puschRxChEqCoefCompDynDescr)"
3027617228,35583,44197,273,1,1,12,11,1,51,0.002,0.000,,,,,NVIDIA A100-SXM4-40GB MIG 4g.20gb (0),1,,13,"void channel_eq::eqMmseSoftDemapKernel<float, __half, __half, float, (unsigned int)4, (unsigned short)16383>(channel_eq::_puschRxChEqStatDescr *, channel_eq::_puschRxChEqSoftDemapDynDescr)"
3027747978,577946,44198,1,1,1,32,32,1,30,0.000,0.000,,,,,NVIDIA A100-SXM4-40GB MIG 4g.20gb (0),1,,13,"void convert_kernel<float2, __half2>(tensor_layout_any, T1 *, tensor_layout_any, const T2 *)"
3028368835,16288,44210,2253,1,1,128,1,1,16,0.000,0.000,,,,,NVIDIA A100-SXM4-40GB MIG 4g.20gb (0),1,,13,cupy_copy__float16_float16
3028499618,17343,44219,282,1,1,128,1,1,16,0.000,0.000,,,,,NVIDIA A100-SXM4-40GB MIG 4g.20gb (0),1,,13,cupy_copy__complex64_complex64
3028523233,7552,44228,26,1,1,128,1,1,16,0.000,0.000,,,,,NVIDIA A100-SXM4-40GB MIG 4g.20gb (0),1,,13,cupy_copy__float32_float32
3028532289,9824,44237,103,1,1,128,1,1,16,0.000,0.000,,,,,NVIDIA A100-SXM4-40GB MIG 4g.20gb (0),1,,13,cupy_copy__complex64_complex64
3028686911,12800,44247,1434,1,1,128,1,1,16,0.000,0.000,,,,,NVIDIA A100-SXM4-40GB MIG 4g.20gb (0),1,,13,cupy_copy__complex64_complex64
3028719743,221885,44252,1,1,1,32,32,1,30,0.000,0.000,,,,,NVIDIA A100-SXM4-40GB MIG 4g.20gb (0),1,,13,"void convert_kernel<__half2, float2>(tensor_layout_any, T1 *, tensor_layout_any, const T2 *)"
3028972444,5376,44255,,,,,,,,,,0.094,17428.487,Pinned,Device,NVIDIA A100-SXM4-40GB MIG 4g.20gb (0),1,,13,[CUDA memcpy Host-to-Device]
3029009788,625560,44256,,,,,,,,,,456.561,729585.181,Device,,NVIDIA A100-SXM4-40GB MIG 4g.20gb (0),1,,13,[CUDA memset]
3029642676,50272,44261,,,,,,,,,,1.235,24564.271,Pinned,Device,NVIDIA A100-SXM4-40GB MIG 4g.20gb (0),1,,13,[CUDA memcpy Host-to-Device]
3029695380,9696,44262,,,,,,,,,,0.197,20277.166,Pinned,Device,NVIDIA A100-SXM4-40GB MIG 4g.20gb (0),1,,13,[CUDA memcpy Host-to-Device]
3029803411,29599,44263,69,4,1,48,1,1,76,0.002,0.000,,,,,NVIDIA A100-SXM4-40GB MIG 4g.20gb (0),1,,13,"void ch_est::windowedChEstPreNoDftSOfdmKernel<float, __half, float, (unsigned int)2, (unsigned int)1, (unsigned short)4>(ch_est::puschRxChEstStatDescr_t *, ch_est::puschRxChEstDynDescr_t *)"
3029932081,28064,44264,137,2,1,24,2,1,44,0.001,0.001,,,,,NVIDIA A100-SXM4-40GB MIG 4g.20gb (0),1,,13,"void ch_est::chEstFilterNoDftSOfdmDispatchKernel<float, __half, float, (unsigned int)2>(ch_est::puschRxChEstStatDescr_t *, ch_est::puschRxChEstDynDescr_t *)"
3029961009,28159,44265,137,2,1,24,2,1,44,0.001,0.001,,,,,NVIDIA A100-SXM4-40GB MIG 4g.20gb (0),1,,13,"void ch_est::chEstFilterNoDftSOfdmDispatchKernel<float, __half, float, (unsigned int)2>(ch_est::puschRxChEstStatDescr_t *, ch_est::puschRxChEstDynDescr_t *)"
3030094191,7008,44276,103,1,1,128,1,1,16,0.000,0.000,,,,,NVIDIA A100-SXM4-40GB MIG 4g.20gb (0),1,,13,cupy_copy__complex64_complex64
3030118543,16544,44286,1434,1,1,128,1,1,16,0.000,0.000,,,,,NVIDIA A100-SXM4-40GB MIG 4g.20gb (0),1,,13,cupy_copy__complex64_complex64
3030259085,13056,44293,103,1,1,128,1,1,16,0.000,0.000,,,,,NVIDIA A100-SXM4-40GB MIG 4g.20gb (0),1,,13,cupy_copy__complex64_complex64
3030285517,249405,44300,1,1,1,32,32,1,30,0.000,0.000,,,,,NVIDIA A100-SXM4-40GB MIG 4g.20gb (0),1,,13,"void convert_kernel<__half2, float2>(tensor_layout_any, T1 *, tensor_layout_any, const T2 *)"
3030564426,5376,44303,,,,,,,,,,0.094,17428.487,Pinned,Device,NVIDIA A100-SXM4-40GB MIG 4g.20gb (0),1,,13,[CUDA memcpy Host-to-Device]
3030587818,59903,44304,,,,,,,,,,35.810,597774.995,Device,,NVIDIA A100-SXM4-40GB MIG 4g.20gb (0),1,,13,[CUDA memset]
3030653289,1824,44306,,,,,,,,,,0.000,43.860,Pinned,Device,NVIDIA A100-SXM4-40GB MIG 4g.20gb (0),1,,13,[CUDA memcpy Host-to-Device]
3030657545,9440,44307,,,,,,,,,,0.197,20827.079,Pinned,Device,NVIDIA A100-SXM4-40GB MIG 4g.20gb (0),1,,13,[CUDA memcpy Host-to-Device]
3030814599,45151,44308,273,1,1,48,1,1,40,0.000,0.001,,,,,NVIDIA A100-SXM4-40GB MIG 4g.20gb (0),1,,13,"void pusch_noise_intf_est::noiseIntfEstNoDftSOfdmKernel<float, __half, float, float, (unsigned int)2, (unsigned int)1, (unsigned char)4, (unsigned char)4>(pusch_noise_intf_est::puschRxNoiseIntfEstDynDescr)"
3030966885,28416,44319,35,1,1,128,1,1,16,0.000,0.000,,,,,NVIDIA A100-SXM4-40GB MIG 4g.20gb (0),1,,13,cupy_copy__complex64_complex64
3031117059,9248,44328,1,1,1,1,1,1,18,0.000,0.000,,,,,NVIDIA A100-SXM4-40GB MIG 4g.20gb (0),1,,13,cupy_copy__float32_float32
3031127651,1632,44334,,,,,,,,,,0.000,2.451,Device,Pageable,NVIDIA A100-SXM4-40GB MIG 4g.20gb (0),1,,7,[CUDA memcpy Device-to-Host]
3031308769,16352,44345,1434,1,1,128,1,1,16,0.000,0.000,,,,,NVIDIA A100-SXM4-40GB MIG 4g.20gb (0),1,,13,cupy_copy__complex64_complex64
3031332897,11808,44352,103,1,1,128,1,1,16,0.000,0.000,,,,,NVIDIA A100-SXM4-40GB MIG 4g.20gb (0),1,,13,cupy_copy__complex64_complex64
3031471007,5088,44359,35,1,1,128,1,1,16,0.000,0.000,,,,,NVIDIA A100-SXM4-40GB MIG 4g.20gb (0),1,,13,cupy_copy__complex64_complex64
3031497535,3744,44366,1,1,1,1,1,1,18,0.000,0.000,,,,,NVIDIA A100-SXM4-40GB MIG 4g.20gb (0),1,,13,cupy_copy__float32_float32
3031503295,187902,44377,1,1,1,32,32,1,30,0.000,0.000,,,,,NVIDIA A100-SXM4-40GB MIG 4g.20gb (0),1,,13,"void convert_kernel<__half2, float2>(tensor_layout_any, T1 *, tensor_layout_any, const T2 *)"
3031721085,5375,44380,,,,,,,,,,0.094,17431.766,Pinned,Device,NVIDIA A100-SXM4-40GB MIG 4g.20gb (0),1,,13,[CUDA memcpy Host-to-Device]
3031852091,4928,44381,,,,,,,,,,1.547,313844.035,Device,,NVIDIA A100-SXM4-40GB MIG 4g.20gb (0),1,,13,[CUDA memset]
3031857883,3008,44386,,,,,,,,,,0.031,10404.230,Pinned,Device,NVIDIA A100-SXM4-40GB MIG 4g.20gb (0),1,,13,[CUDA memcpy Host-to-Device]
3031863419,10208,44387,,,,,,,,,,0.197,19260.113,Pinned,Device,NVIDIA A100-SXM4-40GB MIG 4g.20gb (0),1,,13,[CUDA memcpy Host-to-Device]
3031878331,24383,44388,273,1,1,8,4,1,39,0.002,0.000,,,,,NVIDIA A100-SXM4-40GB MIG 4g.20gb (0),1,,13,"void channel_eq::eqMmseCoefCompLowMimoKernel<float, float, float, (unsigned int)4, (unsigned int)1, (unsigned int)4>(const channel_eq::_puschRxChEqStatDescr *, channel_eq::_puschRxChEqCoefCompDynDescr)"
3032032889,33504,44389,273,1,1,12,11,1,51,0.002,0.000,,,,,NVIDIA A100-SXM4-40GB MIG 4g.20gb (0),1,,13,"void channel_eq::eqMmseSoftDemapKernel<float, __half, __half, float, (unsigned int)4, (unsigned short)16383>(channel_eq::_puschRxChEqStatDescr *, channel_eq::_puschRxChEqSoftDemapDynDescr)"
3032160567,574970,44390,1,1,1,32,32,1,30,0.000,0.000,,,,,NVIDIA A100-SXM4-40GB MIG 4g.20gb (0),1,,13,"void convert_kernel<float2, __half2>(tensor_layout_any, T1 *, tensor_layout_any, const T2 *)"
3032783920,15296,44402,2253,1,1,128,1,1,16,0.000,0.000,,,,,NVIDIA A100-SXM4-40GB MIG 4g.20gb (0),1,,13,cupy_copy__float16_float16
3032916463,16192,44411,282,1,1,128,1,1,16,0.000,0.000,,,,,NVIDIA A100-SXM4-40GB MIG 4g.20gb (0),1,,13,cupy_copy__complex64_complex64
3032940110,4352,44420,26,1,1,128,1,1,16,0.000,0.000,,,,,NVIDIA A100-SXM4-40GB MIG 4g.20gb (0),1,,13,cupy_copy__float32_float32
3033069357,4224,44429,103,1,1,128,1,1,16,0.000,0.000,,,,,NVIDIA A100-SXM4-40GB MIG 4g.20gb (0),1,,13,cupy_copy__complex64_complex64
3033098829,20735,44439,1434,1,1,128,1,1,16,0.000,0.000,,,,,NVIDIA A100-SXM4-40GB MIG 4g.20gb (0),1,,13,cupy_copy__complex64_complex64
3033121036,81887,44444,1,1,1,32,32,1,30,0.000,0.000,,,,,NVIDIA A100-SXM4-40GB MIG 4g.20gb (0),1,,13,"void convert_kernel<__half2, float2>(tensor_layout_any, T1 *, tensor_layout_any, const T2 *)"
3033232235,5376,44447,,,,,,,,,,0.094,17428.487,Pinned,Device,NVIDIA A100-SXM4-40GB MIG 4g.20gb (0),1,,13,[CUDA memcpy Host-to-Device]
3033278219,630776,44448,,,,,,,,,,456.561,723649.882,Device,,NVIDIA A100-SXM4-40GB MIG 4g.20gb (0),1,,13,[CUDA memset]
3033916547,50464,44453,,,,,,,,,,1.235,24471.650,Pinned,Device,NVIDIA A100-SXM4-40GB MIG 4g.20gb (0),1,,13,[CUDA memcpy Host-to-Device]
3033969443,9312,44454,,,,,,,,,,0.197,21113.340,Pinned,Device,NVIDIA A100-SXM4-40GB MIG 4g.20gb (0),1,,13,[CUDA memcpy Host-to-Device]
3034075713,45312,44455,69,4,1,48,1,1,76,0.002,0.000,,,,,NVIDIA A100-SXM4-40GB MIG 4g.20gb (0),1,,13,"void ch_est::windowedChEstPreNoDftSOfdmKernel<float, __half, float, (unsigned int)2, (unsigned int)1, (unsigned short)4>(ch_est::puschRxChEstStatDescr_t *, ch_est::puschRxChEstDynDescr_t *)"
3034209248,26272,44456,137,2,1,24,2,1,44,0.001,0.001,,,,,NVIDIA A100-SXM4-40GB MIG 4g.20gb (0),1,,13,"void ch_est::chEstFilterNoDftSOfdmDispatchKernel<float, __half, float, (unsigned int)2>(ch_est::puschRxChEstStatDescr_t *, ch_est::puschRxChEstDynDescr_t *)"
3034237568,31583,44457,137,2,1,24,2,1,44,0.001,0.001,,,,,NVIDIA A100-SXM4-40GB MIG 4g.20gb (0),1,,13,"void ch_est::chEstFilterNoDftSOfdmDispatchKernel<float, __half, float, (unsigned int)2>(ch_est::puschRxChEstStatDescr_t *, ch_est::puschRxChEstDynDescr_t *)"
3034372190,8384,44468,103,1,1,128,1,1,16,0.000,0.000,,,,,NVIDIA A100-SXM4-40GB MIG 4g.20gb (0),1,,13,cupy_copy__complex64_complex64
3034399934,16512,44478,1434,1,1,128,1,1,16,0.000,0.000,,,,,NVIDIA A100-SXM4-40GB MIG 4g.20gb (0),1,,13,cupy_copy__complex64_complex64
3034528380,12800,44485,103,1,1,128,1,1,16,0.000,0.000,,,,,NVIDIA A100-SXM4-40GB MIG 4g.20gb (0),1,,13,cupy_copy__complex64_complex64
3034554684,258045,44492,1,1,1,32,32,1,30,0.000,0.000,,,,,NVIDIA A100-SXM4-40GB MIG 4g.20gb (0),1,,13,"void convert_kernel<__half2, float2>(tensor_layout_any, T1 *, tensor_layout_any, const T2 *)"
3034843513,5408,44495,,,,,,,,,,0.094,17325.421,Pinned,Device,NVIDIA A100-SXM4-40GB MIG 4g.20gb (0),1,,13,[CUDA memcpy Host-to-Device]
3034869880,57376,44496,,,,,,,,,,35.810,624095.286,Device,,NVIDIA A100-SXM4-40GB MIG 4g.20gb (0),1,,13,[CUDA memset]
3034928792,1856,44498,,,,,,,,,,0.000,43.103,Pinned,Device,NVIDIA A100-SXM4-40GB MIG 4g.20gb (0),1,,13,[CUDA memcpy Host-to-Device]
3034932728,9311,44499,,,,,,,,,,0.197,21115.503,Pinned,Device,NVIDIA A100-SXM4-40GB MIG 4g.20gb (0),1,,13,[CUDA memcpy Host-to-Device]
3035087478,35167,44500,273,1,1,48,1,1,40,0.000,0.001,,,,,NVIDIA A100-SXM4-40GB MIG 4g.20gb (0),1,,13,"void pusch_noise_intf_est::noiseIntfEstNoDftSOfdmKernel<float, __half, float, float, (unsigned int)2, (unsigned int)1, (unsigned char)4, (unsigned char)4>(pusch_noise_intf_est::puschRxNoiseIntfEstDynDescr)"
3035222228,15232,44511,35,1,1,128,1,1,16,0.000,0.000,,,,,NVIDIA A100-SXM4-40GB MIG 4g.20gb (0),1,,13,cupy_copy__complex64_complex64
3035246132,3488,44520,1,1,1,1,1,1,18,0.000,0.000,,,,,NVIDIA A100-SXM4-40GB MIG 4g.20gb (0),1,,13,cupy_copy__float32_float32
3035255252,1600,44526,,,,,,,,,,0.000,2.500,Device,Pageable,NVIDIA A100-SXM4-40GB MIG 4g.20gb (0),1,,7,[CUDA memcpy Device-to-Host]
3035448434,18879,44537,1434,1,1,128,1,1,16,0.000,0.000,,,,,NVIDIA A100-SXM4-40GB MIG 4g.20gb (0),1,,13,cupy_copy__complex64_complex64
3035596272,4512,44544,103,1,1,128,1,1,16,0.000,0.000,,,,,NVIDIA A100-SXM4-40GB MIG 4g.20gb (0),1,,13,cupy_copy__complex64_complex64
3035626192,13983,44551,35,1,1,128,1,1,16,0.000,0.000,,,,,NVIDIA A100-SXM4-40GB MIG 4g.20gb (0),1,,13,cupy_copy__complex64_complex64
3035772302,8960,44558,1,1,1,1,1,1,18,0.000,0.000,,,,,NVIDIA A100-SXM4-40GB MIG 4g.20gb (0),1,,13,cupy_copy__float32_float32
3035795246,242205,44569,1,1,1,32,32,1,30,0.000,0.000,,,,,NVIDIA A100-SXM4-40GB MIG 4g.20gb (0),1,,13,"void convert_kernel<__half2, float2>(tensor_layout_any, T1 *, tensor_layout_any, const T2 *)"
3036068235,5599,44572,,,,,,,,,,0.094,16734.387,Pinned,Device,NVIDIA A100-SXM4-40GB MIG 4g.20gb (0),1,,13,[CUDA memcpy Host-to-Device]
3036170985,11840,44573,,,,,,,,,,1.547,130626.316,Device,,NVIDIA A100-SXM4-40GB MIG 4g.20gb (0),1,,13,[CUDA memset]
3036183721,3072,44578,,,,,,,,,,0.031,10187.474,Pinned,Device,NVIDIA A100-SXM4-40GB MIG 4g.20gb (0),1,,13,[CUDA memcpy Host-to-Device]
3036189257,9536,44579,,,,,,,,,,0.197,20617.298,Pinned,Device,NVIDIA A100-SXM4-40GB MIG 4g.20gb (0),1,,13,[CUDA memcpy Host-to-Device]
3036340103,29280,44580,273,1,1,8,4,1,39,0.002,0.000,,,,,NVIDIA A100-SXM4-40GB MIG 4g.20gb (0),1,,13,"void channel_eq::eqMmseCoefCompLowMimoKernel<float, float, float, (unsigned int)4, (unsigned int)1, (unsigned int)4>(const channel_eq::_puschRxChEqStatDescr *, channel_eq::_puschRxChEqCoefCompDynDescr)"
3036371431,37056,44581,273,1,1,12,11,1,51,0.002,0.000,,,,,NVIDIA A100-SXM4-40GB MIG 4g.20gb (0),1,,13,"void channel_eq::eqMmseSoftDemapKernel<float, __half, __half, float, (unsigned int)4, (unsigned short)16383>(channel_eq::_puschRxChEqStatDescr *, channel_eq::_puschRxChEqSoftDemapDynDescr)"
3036508933,604122,44582,1,1,1,32,32,1,30,0.000,0.000,,,,,NVIDIA A100-SXM4-40GB MIG 4g.20gb (0),1,,13,"void convert_kernel<float2, __half2>(tensor_layout_any, T1 *, tensor_layout_any, const T2 *)"
3037128478,17568,44594,2253,1,1,128,1,1,16,0.000,0.000,,,,,NVIDIA A100-SXM4-40GB MIG 4g.20gb (0),1,,13,cupy_copy__float16_float16
3037255485,16832,44603,282,1,1,128,1,1,16,0.000,0.000,,,,,NVIDIA A100-SXM4-40GB MIG 4g.20gb (0),1,,13,cupy_copy__complex64_complex64
3037277117,8640,44612,26,1,1,128,1,1,16,0.000,0.000,,,,,NVIDIA A100-SXM4-40GB MIG 4g.20gb (0),1,,13,cupy_copy__float32_float32
3037416411,7200,44621,103,1,1,128,1,1,16,0.000,0.000,,,,,NVIDIA A100-SXM4-40GB MIG 4g.20gb (0),1,,13,cupy_copy__complex64_complex64
3037441531,21216,44631,1434,1,1,128,1,1,16,0.000,0.000,,,,,NVIDIA A100-SXM4-40GB MIG 4g.20gb (0),1,,13,cupy_copy__complex64_complex64
3037588825,255837,44636,1,1,1,32,32,1,30,0.000,0.000,,,,,NVIDIA A100-SXM4-40GB MIG 4g.20gb (0),1,,13,"void convert_kernel<__half2, float2>(tensor_layout_any, T1 *, tensor_layout_any, const T2 *)"
3037874870,5376,44639,,,,,,,,,,0.094,17428.487,Pinned,Device,NVIDIA A100-SXM4-40GB MIG 4g.20gb (0),1,,13,[CUDA memcpy Host-to-Device]
3037910965,630297,44640,,,,,,,,,,456.561,724106.444,Device,,NVIDIA A100-SXM4-40GB MIG 4g.20gb (0),1,,13,[CUDA memset]
3038543310,50847,44645,,,,,,,,,,1.235,24286.409,Pinned,Device,NVIDIA A100-SXM4-40GB MIG 4g.20gb (0),1,,13,[CUDA memcpy Host-to-Device]
3038597645,9408,44646,,,,,,,,,,0.197,20897.858,Pinned,Device,NVIDIA A100-SXM4-40GB MIG 4g.20gb (0),1,,13,[CUDA memcpy Host-to-Device]
3038707756,40960,44647,69,4,1,48,1,1,76,0.002,0.000,,,,,NVIDIA A100-SXM4-40GB MIG 4g.20gb (0),1,,13,"void ch_est::windowedChEstPreNoDftSOfdmKernel<float, __half, float, (unsigned int)2, (unsigned int)1, (unsigned short)4>(ch_est::puschRxChEstStatDescr_t *, ch_est::puschRxChEstDynDescr_t *)"
3038833099,25855,44648,137,2,1,24,2,1,44,0.001,0.001,,,,,NVIDIA A100-SXM4-40GB MIG 4g.20gb (0),1,,13,"void ch_est::chEstFilterNoDftSOfdmDispatchKernel<float, __half, float, (unsigned int)2>(ch_est::puschRxChEstStatDescr_t *, ch_est::puschRxChEstDynDescr_t *)"
3038861546,42208,44649,137,2,1,24,2,1,44,0.001,0.001,,,,,NVIDIA A100-SXM4-40GB MIG 4g.20gb (0),1,,13,"void ch_est::chEstFilterNoDftSOfdmDispatchKernel<float, __half, float, (unsigned int)2>(ch_est::puschRxChEstStatDescr_t *, ch_est::puschRxChEstDynDescr_t *)"
3038998633,10848,44660,103,1,1,128,1,1,16,0.000,0.000,,,,,NVIDIA A100-SXM4-40GB MIG 4g.20gb (0),1,,13,cupy_copy__complex64_complex64
3039020265,16799,44670,1434,1,1,128,1,1,16,0.000,0.000,,,,,NVIDIA A100-SXM4-40GB MIG 4g.20gb (0),1,,13,cupy_copy__complex64_complex64
3039148231,8928,44677,103,1,1,128,1,1,16,0.000,0.000,,,,,NVIDIA A100-SXM4-40GB MIG 4g.20gb (0),1,,13,cupy_copy__complex64_complex64
3039178535,246909,44684,1,1,1,32,32,1,30,0.000,0.000,,,,,NVIDIA A100-SXM4-40GB MIG 4g.20gb (0),1,,13,"void convert_kernel<__half2, float2>(tensor_layout_any, T1 *, tensor_layout_any, const T2 *)"
3039463108,6495,44687,,,,,,,,,,0.094,14425.811,Pinned,Device,NVIDIA A100-SXM4-40GB MIG 4g.20gb (0),1,,13,[CUDA memcpy Host-to-Device]
3039484099,60864,44688,,,,,,,,,,35.810,588356.986,Device,,NVIDIA A100-SXM4-40GB MIG 4g.20gb (0),1,,13,[CUDA memset]
3039549411,1855,44690,,,,,,,,,,0.000,43.127,Pinned,Device,NVIDIA A100-SXM4-40GB MIG 4g.20gb (0),1,,13,[CUDA memcpy Host-to-Device]
3039553730,9312,44691,,,,,,,,,,0.197,21113.340,Pinned,Device,NVIDIA A100-SXM4-40GB MIG 4g.20gb (0),1,,13,[CUDA memcpy Host-to-Device]
3039681953,39488,44692,273,1,1,48,1,1,40,0.000,0.001,,,,,NVIDIA A100-SXM4-40GB MIG 4g.20gb (0),1,,13,"void pusch_noise_intf_est::noiseIntfEstNoDftSOfdmKernel<float, __half, float, float, (unsigned int)2, (unsigned int)1, (unsigned char)4, (unsigned char)4>(pusch_noise_intf_est::puschRxNoiseIntfEstDynDescr)"
3039823263,16256,44703,35,1,1,128,1,1,16,0.000,0.000,,,,,NVIDIA A100-SXM4-40GB MIG 4g.20gb (0),1,,13,cupy_copy__complex64_complex64
3039967966,2784,44712,1,1,1,1,1,1,18,0.000,0.000,,,,,NVIDIA A100-SXM4-40GB MIG 4g.20gb (0),1,,13,cupy_copy__float32_float32
3039975422,1728,44718,,,,,,,,,,0.000,2.315,Device,Pageable,NVIDIA A100-SXM4-40GB MIG 4g.20gb (0),1,,7,[CUDA memcpy Device-to-Host]
3040154108,18431,44729,1434,1,1,128,1,1,16,0.000,0.000,,,,,NVIDIA A100-SXM4-40GB MIG 4g.20gb (0),1,,13,cupy_copy__complex64_complex64
3040177787,12544,44736,103,1,1,128,1,1,16,0.000,0.000,,,,,NVIDIA A100-SXM4-40GB MIG 4g.20gb (0),1,,13,cupy_copy__complex64_complex64
3040307418,5312,44743,35,1,1,128,1,1,16,0.000,0.000,,,,,NVIDIA A100-SXM4-40GB MIG 4g.20gb (0),1,,13,cupy_copy__complex64_complex64
3040335193,3552,44750,1,1,1,1,1,1,18,0.000,0.000,,,,,NVIDIA A100-SXM4-40GB MIG 4g.20gb (0),1,,13,cupy_copy__float32_float32
3040340857,240926,44761,1,1,1,32,32,1,30,0.000,0.000,,,,,NVIDIA A100-SXM4-40GB MIG 4g.20gb (0),1,,13,"void convert_kernel<__half2, float2>(tensor_layout_any, T1 *, tensor_layout_any, const T2 *)"
3040611030,6112,44764,,,,,,,,,,0.094,15329.790,Pinned,Device,NVIDIA A100-SXM4-40GB MIG 4g.20gb (0),1,,13,[CUDA memcpy Host-to-Device]
3040688949,12064,44765,,,,,,,,,,1.547,128201.210,Device,,NVIDIA A100-SXM4-40GB MIG 4g.20gb (0),1,,13,[CUDA memset]
3040702901,3136,44770,,,,,,,,,,0.031,9979.575,Pinned,Device,NVIDIA A100-SXM4-40GB MIG 4g.20gb (0),1,,13,[CUDA memcpy Host-to-Device]
3040708501,9568,44771,,,,,,,,,,0.197,20548.485,Pinned,Device,NVIDIA A100-SXM4-40GB MIG 4g.20gb (0),1,,13,[CUDA memcpy Host-to-Device]
3040827284,29567,44772,273,1,1,8,4,1,39,0.002,0.000,,,,,NVIDIA A100-SXM4-40GB MIG 4g.20gb (0),1,,13,"void channel_eq::eqMmseCoefCompLowMimoKernel<float, float, float, (unsigned int)4, (unsigned int)1, (unsigned int)4>(const channel_eq::_puschRxChEqStatDescr *, channel_eq::_puschRxChEqCoefCompDynDescr)"
3040861011,46592,44773,273,1,1,12,11,1,51,0.002,0.000,,,,,NVIDIA A100-SXM4-40GB MIG 4g.20gb (0),1,,13,"void channel_eq::eqMmseSoftDemapKernel<float, __half, __half, float, (unsigned int)4, (unsigned short)16383>(channel_eq::_puschRxChEqStatDescr *, channel_eq::_puschRxChEqSoftDemapDynDescr)"
3041001042,586873,44774,1,1,1,32,32,1,30,0.000,0.000,,,,,NVIDIA A100-SXM4-40GB MIG 4g.20gb (0),1,,13,"void convert_kernel<float2, __half2>(tensor_layout_any, T1 *, tensor_layout_any, const T2 *)"
3041610187,16256,44786,2253,1,1,128,1,1,16,0.000,0.000,,,,,NVIDIA A100-SXM4-40GB MIG 4g.20gb (0),1,,13,cupy_copy__float16_float16
3041758953,4928,44795,282,1,1,128,1,1,16,0.000,0.000,,,,,NVIDIA A100-SXM4-40GB MIG 4g.20gb (0),1,,13,cupy_copy__complex64_complex64
3041780745,6784,44804,26,1,1,128,1,1,16,0.000,0.000,,,,,NVIDIA A100-SXM4-40GB MIG 4g.20gb (0),1,,13,cupy_copy__float32_float32
3041900071,12640,44813,103,1,1,128,1,1,16,0.000,0.000,,,,,NVIDIA A100-SXM4-40GB MIG 4g.20gb (0),1,,13,cupy_copy__complex64_complex64
3041927495,19904,44823,1434,1,1,128,1,1,16,0.000,0.000,,,,,NVIDIA A100-SXM4-40GB MIG 4g.20gb (0),1,,13,cupy_copy__complex64_complex64
3042066502,250685,44828,1,1,1,32,32,1,30,0.000,0.000,,,,,NVIDIA A100-SXM4-40GB MIG 4g.20gb (0),1,,13,"void convert_kernel<__half2, float2>(tensor_layout_any, T1 *, tensor_layout_any, const T2 *)"
3042346722,6976,44831,,,,,,,,,,0.094,13431.134,Pinned,Device,NVIDIA A100-SXM4-40GB MIG 4g.20gb (0),1,,13,[CUDA memcpy Host-to-Device]
3042398818,628217,44832,,,,,,,,,,456.561,726389.251,Device,,NVIDIA A100-SXM4-40GB MIG 4g.20gb (0),1,,13,[CUDA memset]
3043029883,50239,44837,,,,,,,,,,1.235,24580.325,Pinned,Device,NVIDIA A100-SXM4-40GB MIG 4g.20gb (0),1,,13,[CUDA memcpy Host-to-Device]
3043082554,9344,44838,,,,,,,,,,0.197,21040.988,Pinned,Device,NVIDIA A100-SXM4-40GB MIG 4g.20gb (0),1,,13,[CUDA memcpy Host-to-Device]
3043195641,27967,44839,69,4,1,48,1,1,76,0.002,0.000,,,,,NVIDIA A100-SXM4-40GB MIG 4g.20gb (0),1,,13,"void ch_est::windowedChEstPreNoDftSOfdmKernel<float, __half, float, (unsigned int)2, (unsigned int)1, (unsigned short)4>(ch_est::puschRxChEstStatDescr_t *, ch_est::puschRxChEstDynDescr_t *)"
3043333527,23296,44840,137,2,1,24,2,1,44,0.001,0.001,,,,,NVIDIA A100-SXM4-40GB MIG 4g.20gb (0),1,,13,"void ch_est::chEstFilterNoDftSOfdmDispatchKernel<float, __half, float, (unsigned int)2>(ch_est::puschRxChEstStatDescr_t *, ch_est::puschRxChEstDynDescr_t *)"
3043361559,35167,44841,137,2,1,24,2,1,44,0.001,0.001,,,,,NVIDIA A100-SXM4-40GB MIG 4g.20gb (0),1,,13,"void ch_est::chEstFilterNoDftSOfdmDispatchKernel<float, __half, float, (unsigned int)2>(ch_est::puschRxChEstStatDescr_t *, ch_est::puschRxChEstDynDescr_t *)"
3043492437,9280,44852,103,1,1,128,1,1,16,0.000,0.000,,,,,NVIDIA A100-SXM4-40GB MIG 4g.20gb (0),1,,13,cupy_copy__complex64_complex64
3043518197,16256,44862,1434,1,1,128,1,1,16,0.000,0.000,,,,,NVIDIA A100-SXM4-40GB MIG 4g.20gb (0),1,,13,cupy_copy__complex64_complex64
3043668499,4928,44869,103,1,1,128,1,1,16,0.000,0.000,,,,,NVIDIA A100-SXM4-40GB MIG 4g.20gb (0),1,,13,cupy_copy__complex64_complex64
3043696467,255069,44876,1,1,1,32,32,1,30,0.000,0.000,,,,,NVIDIA A100-SXM4-40GB MIG 4g.20gb (0),1,,13,"void convert_kernel<__half2, float2>(tensor_layout_any, T1 *, tensor_layout_any, const T2 *)"
3043984624,5375,44879,,,,,,,,,,0.094,17431.766,Pinned,Device,NVIDIA A100-SXM4-40GB MIG 4g.20gb (0),1,,13,[CUDA memcpy Host-to-Device]
3044128974,58335,44880,,,,,,,,,,35.810,613853.649,Device,,NVIDIA A100-SXM4-40GB MIG 4g.20gb (0),1,,13,[CUDA memset]
3044194733,2112,44882,,,,,,,,,,0.000,37.879,Pinned,Device,NVIDIA A100-SXM4-40GB MIG 4g.20gb (0),1,,13,[CUDA memcpy Host-to-Device]
3044201293,9376,44883,,,,,,,,,,0.197,20969.226,Pinned,Device,NVIDIA A100-SXM4-40GB MIG 4g.20gb (0),1,,13,[CUDA memcpy Host-to-Device]
3044329324,27967,44884,273,1,1,48,1,1,40,0.000,0.001,,,,,NVIDIA A100-SXM4-40GB MIG 4g.20gb (0),1,,13,"void pusch_noise_intf_est::noiseIntfEstNoDftSOfdmKernel<float, __half, float, float, (unsigned int)2, (unsigned int)1, (unsigned char)4, (unsigned char)4>(pusch_noise_intf_est::puschRxNoiseIntfEstDynDescr)"
3044359339,4192,44895,35,1,1,128,1,1,16,0.000,0.000,,,,,NVIDIA A100-SXM4-40GB MIG 4g.20gb (0),1,,13,cupy_copy__complex64_complex64
3044503722,3040,44904,1,1,1,1,1,1,18,0.000,0.000,,,,,NVIDIA A100-SXM4-40GB MIG 4g.20gb (0),1,,13,cupy_copy__float32_float32
3044508106,1600,44910,,,,,,,,,,0.000,2.500,Device,Pageable,NVIDIA A100-SXM4-40GB MIG 4g.20gb (0),1,,7,[CUDA memcpy Device-to-Host]
3044679560,18463,44921,1434,1,1,128,1,1,16,0.000,0.000,,,,,NVIDIA A100-SXM4-40GB MIG 4g.20gb (0),1,,13,cupy_copy__complex64_complex64
3044705127,11840,44928,103,1,1,128,1,1,16,0.000,0.000,,,,,NVIDIA A100-SXM4-40GB MIG 4g.20gb (0),1,,13,cupy_copy__complex64_complex64
3044832134,8992,44935,35,1,1,128,1,1,16,0.000,0.000,,,,,NVIDIA A100-SXM4-40GB MIG 4g.20gb (0),1,,13,cupy_copy__complex64_complex64
3044856838,3967,44942,1,1,1,1,1,1,18,0.000,0.000,,,,,NVIDIA A100-SXM4-40GB MIG 4g.20gb (0),1,,13,cupy_copy__float32_float32
3044862693,193150,44953,1,1,1,32,32,1,30,0.000,0.000,,,,,NVIDIA A100-SXM4-40GB MIG 4g.20gb (0),1,,13,"void convert_kernel<__half2, float2>(tensor_layout_any, T1 *, tensor_layout_any, const T2 *)"
3045085923,6240,44956,,,,,,,,,,0.094,15015.346,Pinned,Device,NVIDIA A100-SXM4-40GB MIG 4g.20gb (0),1,,13,[CUDA memcpy Host-to-Device]
3045214273,12640,44957,,,,,,,,,,1.547,122358.065,Device,,NVIDIA A100-SXM4-40GB MIG 4g.20gb (0),1,,13,[CUDA memset]
3045230497,3040,44962,,,,,,,,,,0.031,10294.725,Pinned,Device,NVIDIA A100-SXM4-40GB MIG 4g.20gb (0),1,,13,[CUDA memcpy Host-to-Device]
3045235969,9920,44963,,,,,,,,,,0.197,19819.266,Pinned,Device,NVIDIA A100-SXM4-40GB MIG 4g.20gb (0),1,,13,[CUDA memcpy Host-to-Device]
3045354912,26847,44964,273,1,1,8,4,1,39,0.002,0.000,,,,,NVIDIA A100-SXM4-40GB MIG 4g.20gb (0),1,,13,"void channel_eq::eqMmseCoefCompLowMimoKernel<float, float, float, (unsigned int)4, (unsigned int)1, (unsigned int)4>(const channel_eq::_puschRxChEqStatDescr *, channel_eq::_puschRxChEqCoefCompDynDescr)"
3045389087,25344,44965,273,1,1,12,11,1,51,0.002,0.000,,,,,NVIDIA A100-SXM4-40GB MIG 4g.20gb (0),1,,13,"void channel_eq::eqMmseSoftDemapKernel<float, __half, __half, float, (unsigned int)4, (unsigned short)16383>(channel_eq::_puschRxChEqStatDescr *, channel_eq::_puschRxChEqSoftDemapDynDescr)"
3045508286,584601,44966,1,1,1,32,32,1,30,0.000,0.000,,,,,NVIDIA A100-SXM4-40GB MIG 4g.20gb (0),1,,13,"void convert_kernel<float2, __half2>(tensor_layout_any, T1 *, tensor_layout_any, const T2 *)"
3046107511,14432,44978,2253,1,1,128,1,1,16,0.000,0.000,,,,,NVIDIA A100-SXM4-40GB MIG 4g.20gb (0),1,,13,cupy_copy__float16_float16
3046235926,4512,44987,282,1,1,128,1,1,16,0.000,0.000,,,,,NVIDIA A100-SXM4-40GB MIG 4g.20gb (0),1,,13,cupy_copy__complex64_complex64
3046261717,6144,44996,26,1,1,128,1,1,16,0.000,0.000,,,,,NVIDIA A100-SXM4-40GB MIG 4g.20gb (0),1,,13,cupy_copy__float32_float32
3046390228,5760,45005,103,1,1,128,1,1,16,0.000,0.000,,,,,NVIDIA A100-SXM4-40GB MIG 4g.20gb (0),1,,13,cupy_copy__complex64_complex64
3046414964,18719,45015,1434,1,1,128,1,1,16,0.000,0.000,,,,,NVIDIA A100-SXM4-40GB MIG 4g.20gb (0),1,,13,cupy_copy__complex64_complex64
3046435859,176894,45020,1,1,1,32,32,1,30,0.000,0.000,,,,,NVIDIA A100-SXM4-40GB MIG 4g.20gb (0),1,,13,"void convert_kernel<__half2, float2>(tensor_layout_any, T1 *, tensor_layout_any, const T2 *)"
3046643377,5376,45023,,,,,,,,,,0.094,17428.487,Pinned,Device,NVIDIA A100-SXM4-40GB MIG 4g.20gb (0),1,,13,[CUDA memcpy Host-to-Device]
3046748048,625657,45024,,,,,,,,,,456.561,729585.181,Device,,NVIDIA A100-SXM4-40GB MIG 4g.20gb (0),1,,13,[CUDA memset]
3047377833,50335,45029,,,,,,,,,,1.235,24533.398,Pinned,Device,NVIDIA A100-SXM4-40GB MIG 4g.20gb (0),1,,13,[CUDA memcpy Host-to-Device]
3047430664,9536,45030,,,,,,,,,,0.197,20617.298,Pinned,Device,NVIDIA A100-SXM4-40GB MIG 4g.20gb (0),1,,13,[CUDA memcpy Host-to-Device]
3047539591,32415,45031,69,4,1,48,1,1,76,0.002,0.000,,,,,NVIDIA A100-SXM4-40GB MIG 4g.20gb (0),1,,13,"void ch_est::windowedChEstPreNoDftSOfdmKernel<float, __half, float, (unsigned int)2, (unsigned int)1, (unsigned short)4>(ch_est::puschRxChEstStatDescr_t *, ch_est::puschRxChEstDynDescr_t *)"
3047677765,26208,45032,137,2,1,24,2,1,44,0.001,0.001,,,,,NVIDIA A100-SXM4-40GB MIG 4g.20gb (0),1,,13,"void ch_est::chEstFilterNoDftSOfdmDispatchKernel<float, __half, float, (unsigned int)2>(ch_est::puschRxChEstStatDescr_t *, ch_est::puschRxChEstDynDescr_t *)"
3047706245,33951,45033,137,2,1,24,2,1,44,0.001,0.001,,,,,NVIDIA A100-SXM4-40GB MIG 4g.20gb (0),1,,13,"void ch_est::chEstFilterNoDftSOfdmDispatchKernel<float, __half, float, (unsigned int)2>(ch_est::puschRxChEstStatDescr_t *, ch_est::puschRxChEstDynDescr_t *)"
3047830595,12576,45044,103,1,1,128,1,1,16,0.000,0.000,,,,,NVIDIA A100-SXM4-40GB MIG 4g.20gb (0),1,,13,cupy_copy__complex64_complex64
3047854915,17792,45054,1434,1,1,128,1,1,16,0.000,0.000,,,,,NVIDIA A100-SXM4-40GB MIG 4g.20gb (0),1,,13,cupy_copy__complex64_complex64
3047983746,12575,45061,103,1,1,128,1,1,16,0.000,0.000,,,,,NVIDIA A100-SXM4-40GB MIG 4g.20gb (0),1,,13,cupy_copy__complex64_complex64
3048010625,248989,45068,1,1,1,32,32,1,30,0.000,0.000,,,,,NVIDIA A100-SXM4-40GB MIG 4g.20gb (0),1,,13,"void convert_kernel<__half2, float2>(tensor_layout_any, T1 *, tensor_layout_any, const T2 *)"
3048289342,5536,45071,,,,,,,,,,0.094,16924.777,Pinned,Device,NVIDIA A100-SXM4-40GB MIG 4g.20gb (0),1,,13,[CUDA memcpy Host-to-Device]
3048307326,61823,45072,,,,,,,,,,35.810,579225.456,Device,,NVIDIA A100-SXM4-40GB MIG 4g.20gb (0),1,,13,[CUDA memset]
3048372829,1856,45074,,,,,,,,,,0.000,43.103,Pinned,Device,NVIDIA A100-SXM4-40GB MIG 4g.20gb (0),1,,13,[CUDA memcpy Host-to-Device]
3048377085,9920,45075,,,,,,,,,,0.197,19819.266,Pinned,Device,NVIDIA A100-SXM4-40GB MIG 4g.20gb (0),1,,13,[CUDA memcpy Host-to-Device]
3048525275,27840,45076,273,1,1,48,1,1,40,0.000,0.001,,,,,NVIDIA A100-SXM4-40GB MIG 4g.20gb (0),1,,13,"void pusch_noise_intf_est::noiseIntfEstNoDftSOfdmKernel<float, __half, float, float, (unsigned int)2, (unsigned int)1, (unsigned char)4, (unsigned char)4>(pusch_noise_intf_est::puschRxNoiseIntfEstDynDescr)"
3048658170,7168,45087,35,1,1,128,1,1,16,0.000,0.000,,,,,NVIDIA A100-SXM4-40GB MIG 4g.20gb (0),1,,13,cupy_copy__complex64_complex64
3048681338,3360,45096,1,1,1,1,1,1,18,0.000,0.000,,,,,NVIDIA A100-SXM4-40GB MIG 4g.20gb (0),1,,13,cupy_copy__float32_float32
3048689689,1600,45102,,,,,,,,,,0.000,2.500,Device,Pageable,NVIDIA A100-SXM4-40GB MIG 4g.20gb (0),1,,7,[CUDA memcpy Device-to-Host]
3048850040,18303,45113,1434,1,1,128,1,1,16,0.000,0.000,,,,,NVIDIA A100-SXM4-40GB MIG 4g.20gb (0),1,,13,cupy_copy__complex64_complex64
3048870359,3296,45120,103,1,1,128,1,1,16,0.000,0.000,,,,,NVIDIA A100-SXM4-40GB MIG 4g.20gb (0),1,,13,cupy_copy__complex64_complex64
3048874935,2592,45127,35,1,1,128,1,1,16,0.000,0.000,,,,,NVIDIA A100-SXM4-40GB MIG 4g.20gb (0),1,,13,cupy_copy__complex64_complex64
3049065621,5568,45134,1,1,1,1,1,1,18,0.000,0.000,,,,,NVIDIA A100-SXM4-40GB MIG 4g.20gb (0),1,,13,cupy_copy__float32_float32
3049098933,253629,45145,1,1,1,32,32,1,30,0.000,0.000,,,,,NVIDIA A100-SXM4-40GB MIG 4g.20gb (0),1,,13,"void convert_kernel<__half2, float2>(tensor_layout_any, T1 *, tensor_layout_any, const T2 *)"
3049382865,5376,45148,,,,,,,,,,0.094,17428.487,Pinned,Device,NVIDIA A100-SXM4-40GB MIG 4g.20gb (0),1,,13,[CUDA memcpy Host-to-Device]
3049508432,19520,45149,,,,,,,,,,1.547,79232.001,Device,,NVIDIA A100-SXM4-40GB MIG 4g.20gb (0),1,,13,[CUDA memset]
3049533744,3040,45154,,,,,,,,,,0.031,10294.725,Pinned,Device,NVIDIA A100-SXM4-40GB MIG 4g.20gb (0),1,,13,[CUDA memcpy Host-to-Device]
3049539216,9472,45155,,,,,,,,,,0.197,20756.693,Pinned,Device,NVIDIA A100-SXM4-40GB MIG 4g.20gb (0),1,,13,[CUDA memcpy Host-to-Device]
3049668942,28864,45156,273,1,1,8,4,1,39,0.002,0.000,,,,,NVIDIA A100-SXM4-40GB MIG 4g.20gb (0),1,,13,"void channel_eq::eqMmseCoefCompLowMimoKernel<float, float, float, (unsigned int)4, (unsigned int)1, (unsigned int)4>(const channel_eq::_puschRxChEqStatDescr *, channel_eq::_puschRxChEqCoefCompDynDescr)"
3049699918,38975,45157,273,1,1,12,11,1,51,0.002,0.000,,,,,NVIDIA A100-SXM4-40GB MIG 4g.20gb (0),1,,13,"void channel_eq::eqMmseSoftDemapKernel<float, __half, __half, float, (unsigned int)4, (unsigned short)16383>(channel_eq::_puschRxChEqStatDescr *, channel_eq::_puschRxChEqSoftDemapDynDescr)"
3049833932,580474,45158,1,1,1,32,32,1,30,0.000,0.000,,,,,NVIDIA A100-SXM4-40GB MIG 4g.20gb (0),1,,13,"void convert_kernel<float2, __half2>(tensor_layout_any, T1 *, tensor_layout_any, const T2 *)"
3050421254,16191,45170,2253,1,1,128,1,1,16,0.000,0.000,,,,,NVIDIA A100-SXM4-40GB MIG 4g.20gb (0),1,,13,cupy_copy__float16_float16
3050554596,15200,45179,282,1,1,128,1,1,16,0.000,0.000,,,,,NVIDIA A100-SXM4-40GB MIG 4g.20gb (0),1,,13,cupy_copy__complex64_complex64
3050575012,6848,45188,26,1,1,128,1,1,16,0.000,0.000,,,,,NVIDIA A100-SXM4-40GB MIG 4g.20gb (0),1,,13,cupy_copy__float32_float32
3050693346,16064,45197,103,1,1,128,1,1,16,0.000,0.000,,,,,NVIDIA A100-SXM4-40GB MIG 4g.20gb (0),1,,13,cupy_copy__complex64_complex64
3050721058,22976,45207,1434,1,1,128,1,1,16,0.000,0.000,,,,,NVIDIA A100-SXM4-40GB MIG 4g.20gb (0),1,,13,cupy_copy__complex64_complex64
3050869728,194334,45212,1,1,1,32,32,1,30,0.000,0.000,,,,,NVIDIA A100-SXM4-40GB MIG 4g.20gb (0),1,,13,"void convert_kernel<__half2, float2>(tensor_layout_any, T1 *, tensor_layout_any, const T2 *)"
3051093054,5376,45215,,,,,,,,,,0.094,17428.487,Pinned,Device,NVIDIA A100-SXM4-40GB MIG 4g.20gb (0),1,,13,[CUDA memcpy Host-to-Device]
3051218780,630297,45216,,,,,,,,,,456.561,724106.444,Device,,NVIDIA A100-SXM4-40GB MIG 4g.20gb (0),1,,13,[CUDA memset]
3051853653,50784,45221,,,,,,,,,,1.235,24317.282,Pinned,Device,NVIDIA A100-SXM4-40GB MIG 4g.20gb (0),1,,13,[CUDA memcpy Host-to-Device]
3051906868,9376,45222,,,,,,,,,,0.197,20969.226,Pinned,Device,NVIDIA A100-SXM4-40GB MIG 4g.20gb (0),1,,13,[CUDA memcpy Host-to-Device]
3052015507,30016,45223,69,4,1,48,1,1,76,0.002,0.000,,,,,NVIDIA A100-SXM4-40GB MIG 4g.20gb (0),1,,13,"void ch_est::windowedChEstPreNoDftSOfdmKernel<float, __half, float, (unsigned int)2, (unsigned int)1, (unsigned short)4>(ch_est::puschRxChEstStatDescr_t *, ch_est::puschRxChEstDynDescr_t *)"
3052149906,26783,45224,137,2,1,24,2,1,44,0.001,0.001,,,,,NVIDIA A100-SXM4-40GB MIG 4g.20gb (0),1,,13,"void ch_est::chEstFilterNoDftSOfdmDispatchKernel<float, __half, float, (unsigned int)2>(ch_est::puschRxChEstStatDescr_t *, ch_est::puschRxChEstDynDescr_t *)"
3052178385,33600,45225,137,2,1,24,2,1,44,0.001,0.001,,,,,NVIDIA A100-SXM4-40GB MIG 4g.20gb (0),1,,13,"void ch_est::chEstFilterNoDftSOfdmDispatchKernel<float, __half, float, (unsigned int)2>(ch_est::puschRxChEstStatDescr_t *, ch_est::puschRxChEstDynDescr_t *)"
3052305328,10144,45236,103,1,1,128,1,1,16,0.000,0.000,,,,,NVIDIA A100-SXM4-40GB MIG 4g.20gb (0),1,,13,cupy_copy__complex64_complex64
3052330128,17183,45246,1434,1,1,128,1,1,16,0.000,0.000,,,,,NVIDIA A100-SXM4-40GB MIG 4g.20gb (0),1,,13,cupy_copy__complex64_complex64
3052466350,3776,45253,103,1,1,128,1,1,16,0.000,0.000,,,,,NVIDIA A100-SXM4-40GB MIG 4g.20gb (0),1,,13,cupy_copy__complex64_complex64
3052495886,250877,45260,1,1,1,32,32,1,30,0.000,0.000,,,,,NVIDIA A100-SXM4-40GB MIG 4g.20gb (0),1,,13,"void convert_kernel<__half2, float2>(tensor_layout_any, T1 *, tensor_layout_any, const T2 *)"
3052777130,5376,45263,,,,,,,,,,0.094,17428.487,Pinned,Device,NVIDIA A100-SXM4-40GB MIG 4g.20gb (0),1,,13,[CUDA memcpy Host-to-Device]
3052794794,59424,45264,,,,,,,,,,35.810,602609.334,Device,,NVIDIA A100-SXM4-40GB MIG 4g.20gb (0),1,,13,[CUDA memset]
3052855498,2208,45266,,,,,,,,,,0.000,36.232,Pinned,Device,NVIDIA A100-SXM4-40GB MIG 4g.20gb (0),1,,13,[CUDA memcpy Host-to-Device]
3052860138,9311,45267,,,,,,,,,,0.197,21115.503,Pinned,Device,NVIDIA A100-SXM4-40GB MIG 4g.20gb (0),1,,13,[CUDA memcpy Host-to-Device]
3053012424,43263,45268,273,1,1,48,1,1,40,0.000,0.001,,,,,NVIDIA A100-SXM4-40GB MIG 4g.20gb (0),1,,13,"void pusch_noise_intf_est::noiseIntfEstNoDftSOfdmKernel<float, __half, float, float, (unsigned int)2, (unsigned int)1, (unsigned char)4, (unsigned char)4>(pusch_noise_intf_est::puschRxNoiseIntfEstDynDescr)"
3053133062,7360,45279,35,1,1,128,1,1,16,0.000,0.000,,,,,NVIDIA A100-SXM4-40GB MIG 4g.20gb (0),1,,13,cupy_copy__complex64_complex64
3053155942,1888,45288,1,1,1,1,1,1,18,0.000,0.000,,,,,NVIDIA A100-SXM4-40GB MIG 4g.20gb (0),1,,13,cupy_copy__float32_float32
3053158374,1760,45294,,,,,,,,,,0.000,2.273,Device,Pageable,NVIDIA A100-SXM4-40GB MIG 4g.20gb (0),1,,7,[CUDA memcpy Device-to-Host]
3053318180,21696,45305,1434,1,1,128,1,1,16,0.000,0.000,,,,,NVIDIA A100-SXM4-40GB MIG 4g.20gb (0),1,,13,cupy_copy__complex64_complex64
3053341348,3200,45312,103,1,1,128,1,1,16,0.000,0.000,,,,,NVIDIA A100-SXM4-40GB MIG 4g.20gb (0),1,,13,cupy_copy__complex64_complex64
3053346116,2432,45319,35,1,1,128,1,1,16,0.000,0.000,,,,,NVIDIA A100-SXM4-40GB MIG 4g.20gb (0),1,,13,cupy_copy__complex64_complex64
3053545090,3552,45326,1,1,1,1,1,1,18,0.000,0.000,,,,,NVIDIA A100-SXM4-40GB MIG 4g.20gb (0),1,,13,cupy_copy__float32_float32
3053573985,246173,45337,1,1,1,32,32,1,30,0.000,0.000,,,,,NVIDIA A100-SXM4-40GB MIG 4g.20gb (0),1,,13,"void convert_kernel<__half2, float2>(tensor_layout_any, T1 *, tensor_layout_any, const T2 *)"
3053849726,5376,45340,,,,,,,,,,0.094,17428.487,Pinned,Device,NVIDIA A100-SXM4-40GB MIG 4g.20gb (0),1,,13,[CUDA memcpy Host-to-Device]
3053979901,17759,45341,,,,,,,,,,1.547,87088.851,Device,,NVIDIA A100-SXM4-40GB MIG 4g.20gb (0),1,,13,[CUDA memset]
3053999260,3040,45346,,,,,,,,,,0.031,10294.725,Pinned,Device,NVIDIA A100-SXM4-40GB MIG 4g.20gb (0),1,,13,[CUDA memcpy Host-to-Device]
3054004988,9984,45347,,,,,,,,,,0.197,19692.257,Pinned,Device,NVIDIA A100-SXM4-40GB MIG 4g.20gb (0),1,,13,[CUDA memcpy Host-to-Device]
3054135163,28896,45348,273,1,1,8,4,1,39,0.002,0.000,,,,,NVIDIA A100-SXM4-40GB MIG 4g.20gb (0),1,,13,"void channel_eq::eqMmseCoefCompLowMimoKernel<float, float, float, (unsigned int)4, (unsigned int)1, (unsigned int)4>(const channel_eq::_puschRxChEqStatDescr *, channel_eq::_puschRxChEqCoefCompDynDescr)"
3054167034,37344,45349,273,1,1,12,11,1,51,0.002,0.000,,,,,NVIDIA A100-SXM4-40GB MIG 4g.20gb (0),1,,13,"void channel_eq::eqMmseSoftDemapKernel<float, __half, __half, float, (unsigned int)4, (unsigned short)16383>(channel_eq::_puschRxChEqStatDescr *, channel_eq::_puschRxChEqSoftDemapDynDescr)"
3054296505,576601,45350,1,1,1,32,32,1,30,0.000,0.000,,,,,NVIDIA A100-SXM4-40GB MIG 4g.20gb (0),1,,13,"void convert_kernel<float2, __half2>(tensor_layout_any, T1 *, tensor_layout_any, const T2 *)"
3054895538,15200,45362,2253,1,1,128,1,1,16,0.000,0.000,,,,,NVIDIA A100-SXM4-40GB MIG 4g.20gb (0),1,,13,cupy_copy__float16_float16
3055034545,5439,45371,282,1,1,128,1,1,16,0.000,0.000,,,,,NVIDIA A100-SXM4-40GB MIG 4g.20gb (0),1,,13,cupy_copy__complex64_complex64
3055060848,6848,45380,26,1,1,128,1,1,16,0.000,0.000,,,,,NVIDIA A100-SXM4-40GB MIG 4g.20gb (0),1,,13,cupy_copy__float32_float32
3055177359,16448,45389,103,1,1,128,1,1,16,0.000,0.000,,,,,NVIDIA A100-SXM4-40GB MIG 4g.20gb (0),1,,13,cupy_copy__complex64_complex64
3055202383,20159,45399,1434,1,1,128,1,1,16,0.000,0.000,,,,,NVIDIA A100-SXM4-40GB MIG 4g.20gb (0),1,,13,cupy_copy__complex64_complex64
3055225294,143135,45404,1,1,1,32,32,1,30,0.000,0.000,,,,,NVIDIA A100-SXM4-40GB MIG 4g.20gb (0),1,,13,"void convert_kernel<__half2, float2>(tensor_layout_any, T1 *, tensor_layout_any, const T2 *)"
3055397932,5728,45407,,,,,,,,,,0.094,16357.541,Pinned,Device,NVIDIA A100-SXM4-40GB MIG 4g.20gb (0),1,,13,[CUDA memcpy Host-to-Device]
3055518891,625689,45408,,,,,,,,,,456.561,729585.181,Device,,NVIDIA A100-SXM4-40GB MIG 4g.20gb (0),1,,13,[CUDA memset]
3056149156,56159,45413,,,,,,,,,,1.235,21989.413,Pinned,Device,NVIDIA A100-SXM4-40GB MIG 4g.20gb (0),1,,13,[CUDA memcpy Host-to-Device]
3056209123,10368,45414,,,,,,,,,,0.197,18962.842,Pinned,Device,NVIDIA A100-SXM4-40GB MIG 4g.20gb (0),1,,13,[CUDA memcpy Host-to-Device]
3056324386,39103,45415,69,4,1,48,1,1,76,0.002,0.000,,,,,NVIDIA A100-SXM4-40GB MIG 4g.20gb (0),1,,13,"void ch_est::windowedChEstPreNoDftSOfdmKernel<float, __half, float, (unsigned int)2, (unsigned int)1, (unsigned short)4>(ch_est::puschRxChEstStatDescr_t *, ch_est::puschRxChEstDynDescr_t *)"
3056446784,24640,45416,137,2,1,24,2,1,44,0.001,0.001,,,,,NVIDIA A100-SXM4-40GB MIG 4g.20gb (0),1,,13,"void ch_est::chEstFilterNoDftSOfdmDispatchKernel<float, __half, float, (unsigned int)2>(ch_est::puschRxChEstStatDescr_t *, ch_est::puschRxChEstDynDescr_t *)"
3056475424,38432,45417,137,2,1,24,2,1,44,0.001,0.001,,,,,NVIDIA A100-SXM4-40GB MIG 4g.20gb (0),1,,13,"void ch_est::chEstFilterNoDftSOfdmDispatchKernel<float, __half, float, (unsigned int)2>(ch_est::puschRxChEstStatDescr_t *, ch_est::puschRxChEstDynDescr_t *)"
3056612734,8512,45428,103,1,1,128,1,1,16,0.000,0.000,,,,,NVIDIA A100-SXM4-40GB MIG 4g.20gb (0),1,,13,cupy_copy__complex64_complex64
3056635870,17408,45438,1434,1,1,128,1,1,16,0.000,0.000,,,,,NVIDIA A100-SXM4-40GB MIG 4g.20gb (0),1,,13,cupy_copy__complex64_complex64
3056765565,12575,45445,103,1,1,128,1,1,16,0.000,0.000,,,,,NVIDIA A100-SXM4-40GB MIG 4g.20gb (0),1,,13,cupy_copy__complex64_complex64
3056789916,251613,45452,1,1,1,32,32,1,30,0.000,0.000,,,,,NVIDIA A100-SXM4-40GB MIG 4g.20gb (0),1,,13,"void convert_kernel<__half2, float2>(tensor_layout_any, T1 *, tensor_layout_any, const T2 *)"
3057071289,5408,45455,,,,,,,,,,0.094,17325.421,Pinned,Device,NVIDIA A100-SXM4-40GB MIG 4g.20gb (0),1,,13,[CUDA memcpy Host-to-Device]
3057099353,60991,45456,,,,,,,,,,35.810,587103.638,Device,,NVIDIA A100-SXM4-40GB MIG 4g.20gb (0),1,,13,[CUDA memset]
3057163480,1888,45458,,,,,,,,,,0.000,42.373,Pinned,Device,NVIDIA A100-SXM4-40GB MIG 4g.20gb (0),1,,13,[CUDA memcpy Host-to-Device]
3057167768,9408,45459,,,,,,,,,,0.197,20897.858,Pinned,Device,NVIDIA A100-SXM4-40GB MIG 4g.20gb (0),1,,13,[CUDA memcpy Host-to-Device]
3057297591,43583,45460,273,1,1,48,1,1,40,0.000,0.001,,,,,NVIDIA A100-SXM4-40GB MIG 4g.20gb (0),1,,13,"void pusch_noise_intf_est::noiseIntfEstNoDftSOfdmKernel<float, __half, float, float, (unsigned int)2, (unsigned int)1, (unsigned char)4, (unsigned char)4>(pusch_noise_intf_est::puschRxNoiseIntfEstDynDescr)"
3057449301,13024,45471,35,1,1,128,1,1,16,0.000,0.000,,,,,NVIDIA A100-SXM4-40GB MIG 4g.20gb (0),1,,13,cupy_copy__complex64_complex64
3057586707,4512,45480,1,1,1,1,1,1,18,0.000,0.000,,,,,NVIDIA A100-SXM4-40GB MIG 4g.20gb (0),1,,13,cupy_copy__float32_float32
3057595603,1600,45486,,,,,,,,,,0.000,2.500,Device,Pageable,NVIDIA A100-SXM4-40GB MIG 4g.20gb (0),1,,7,[CUDA memcpy Device-to-Host]
3057760049,13600,45497,1434,1,1,128,1,1,16,0.000,0.000,,,,,NVIDIA A100-SXM4-40GB MIG 4g.20gb (0),1,,13,cupy_copy__complex64_complex64
3057776305,15584,45504,103,1,1,128,1,1,16,0.000,0.000,,,,,NVIDIA A100-SXM4-40GB MIG 4g.20gb (0),1,,13,cupy_copy__complex64_complex64
3057931727,5344,45511,35,1,1,128,1,1,16,0.000,0.000,,,,,NVIDIA A100-SXM4-40GB MIG 4g.20gb (0),1,,13,cupy_copy__complex64_complex64
3057957295,5440,45518,1,1,1,1,1,1,18,0.000,0.000,,,,,NVIDIA A100-SXM4-40GB MIG 4g.20gb (0),1,,13,cupy_copy__float32_float32
3057964239,242557,45529,1,1,1,32,32,1,30,0.000,0.000,,,,,NVIDIA A100-SXM4-40GB MIG 4g.20gb (0),1,,13,"void convert_kernel<__half2, float2>(tensor_layout_any, T1 *, tensor_layout_any, const T2 *)"
3058238028,5408,45532,,,,,,,,,,0.094,17325.421,Pinned,Device,NVIDIA A100-SXM4-40GB MIG 4g.20gb (0),1,,13,[CUDA memcpy Host-to-Device]
3058347498,9888,45533,,,,,,,,,,1.547,156413.178,Device,,NVIDIA A100-SXM4-40GB MIG 4g.20gb (0),1,,13,[CUDA memset]
3058362378,3008,45538,,,,,,,,,,0.031,10404.230,Pinned,Device,NVIDIA A100-SXM4-40GB MIG 4g.20gb (0),1,,13,[CUDA memcpy Host-to-Device]
3058368106,9440,45539,,,,,,,,,,0.197,20827.079,Pinned,Device,NVIDIA A100-SXM4-40GB MIG 4g.20gb (0),1,,13,[CUDA memcpy Host-to-Device]
3058502825,23775,45540,273,1,1,8,4,1,39,0.002,0.000,,,,,NVIDIA A100-SXM4-40GB MIG 4g.20gb (0),1,,13,"void channel_eq::eqMmseCoefCompLowMimoKernel<float, float, float, (unsigned int)4, (unsigned int)1, (unsigned int)4>(const channel_eq::_puschRxChEqStatDescr *, channel_eq::_puschRxChEqCoefCompDynDescr)"
3058528808,38720,45541,273,1,1,12,11,1,51,0.002,0.000,,,,,NVIDIA A100-SXM4-40GB MIG 4g.20gb (0),1,,13,"void channel_eq::eqMmseSoftDemapKernel<float, __half, __half, float, (unsigned int)4, (unsigned short)16383>(channel_eq::_puschRxChEqStatDescr *, channel_eq::_puschRxChEqSoftDemapDynDescr)"
3058680775,580217,45542,1,1,1,32,32,1,30,0.000,0.000,,,,,NVIDIA A100-SXM4-40GB MIG 4g.20gb (0),1,,13,"void convert_kernel<float2, __half2>(tensor_layout_any, T1 *, tensor_layout_any, const T2 *)"
3059269536,16000,45554,2253,1,1,128,1,1,16,0.000,0.000,,,,,NVIDIA A100-SXM4-40GB MIG 4g.20gb (0),1,,13,cupy_copy__float16_float16
3059405406,9952,45563,282,1,1,128,1,1,16,0.000,0.000,,,,,NVIDIA A100-SXM4-40GB MIG 4g.20gb (0),1,,13,cupy_copy__complex64_complex64
3059428926,6752,45572,26,1,1,128,1,1,16,0.000,0.000,,,,,NVIDIA A100-SXM4-40GB MIG 4g.20gb (0),1,,13,cupy_copy__float32_float32
3059437342,5472,45581,103,1,1,128,1,1,16,0.000,0.000,,,,,NVIDIA A100-SXM4-40GB MIG 4g.20gb (0),1,,13,cupy_copy__complex64_complex64
3059596476,14208,45591,1434,1,1,128,1,1,16,0.000,0.000,,,,,NVIDIA A100-SXM4-40GB MIG 4g.20gb (0),1,,13,cupy_copy__complex64_complex64
3059626844,229661,45596,1,1,1,32,32,1,30,0.000,0.000,,,,,NVIDIA A100-SXM4-40GB MIG 4g.20gb (0),1,,13,"void convert_kernel<__half2, float2>(tensor_layout_any, T1 *, tensor_layout_any, const T2 *)"
3059888249,5984,45599,,,,,,,,,,0.094,15657.726,Pinned,Device,NVIDIA A100-SXM4-40GB MIG 4g.20gb (0),1,,13,[CUDA memcpy Host-to-Device]
3059937016,627897,45600,,,,,,,,,,456.561,726845.812,Device,,NVIDIA A100-SXM4-40GB MIG 4g.20gb (0),1,,13,[CUDA memset]
3060568753,48991,45605,,,,,,,,,,1.235,25206.442,Pinned,Device,NVIDIA A100-SXM4-40GB MIG 4g.20gb (0),1,,13,[CUDA memcpy Host-to-Device]
3060620176,9376,45606,,,,,,,,,,0.197,20969.226,Pinned,Device,NVIDIA A100-SXM4-40GB MIG 4g.20gb (0),1,,13,[CUDA memcpy Host-to-Device]
3060729807,36032,45607,69,4,1,48,1,1,76,0.002,0.000,,,,,NVIDIA A100-SXM4-40GB MIG 4g.20gb (0),1,,13,"void ch_est::windowedChEstPreNoDftSOfdmKernel<float, __half, float, (unsigned int)2, (unsigned int)1, (unsigned short)4>(ch_est::puschRxChEstStatDescr_t *, ch_est::puschRxChEstDynDescr_t *)"
3060855406,27135,45608,137,2,1,24,2,1,44,0.001,0.001,,,,,NVIDIA A100-SXM4-40GB MIG 4g.20gb (0),1,,13,"void ch_est::chEstFilterNoDftSOfdmDispatchKernel<float, __half, float, (unsigned int)2>(ch_est::puschRxChEstStatDescr_t *, ch_est::puschRxChEstDynDescr_t *)"
3060885005,27296,45609,137,2,1,24,2,1,44,0.001,0.001,,,,,NVIDIA A100-SXM4-40GB MIG 4g.20gb (0),1,,13,"void ch_est::chEstFilterNoDftSOfdmDispatchKernel<float, __half, float, (unsigned int)2>(ch_est::puschRxChEstStatDescr_t *, ch_est::puschRxChEstDynDescr_t *)"
3061018732,3168,45620,103,1,1,128,1,1,16,0.000,0.000,,,,,NVIDIA A100-SXM4-40GB MIG 4g.20gb (0),1,,13,cupy_copy__complex64_complex64
3061042603,17152,45630,1434,1,1,128,1,1,16,0.000,0.000,,,,,NVIDIA A100-SXM4-40GB MIG 4g.20gb (0),1,,13,cupy_copy__complex64_complex64
3061182794,13376,45637,103,1,1,128,1,1,16,0.000,0.000,,,,,NVIDIA A100-SXM4-40GB MIG 4g.20gb (0),1,,13,cupy_copy__complex64_complex64
3061209354,267228,45644,1,1,1,32,32,1,30,0.000,0.000,,,,,NVIDIA A100-SXM4-40GB MIG 4g.20gb (0),1,,13,"void convert_kernel<__half2, float2>(tensor_layout_any, T1 *, tensor_layout_any, const T2 *)"
3061505830,6656,45647,,,,,,,,,,0.094,14076.887,Pinned,Device,NVIDIA A100-SXM4-40GB MIG 4g.20gb (0),1,,13,[CUDA memcpy Host-to-Device]
3061638789,57151,45648,,,,,,,,,,35.810,626566.170,Device,,NVIDIA A100-SXM4-40GB MIG 4g.20gb (0),1,,13,[CUDA memset]
3061697732,1824,45650,,,,,,,,,,0.000,43.860,Pinned,Device,NVIDIA A100-SXM4-40GB MIG 4g.20gb (0),1,,13,[CUDA memcpy Host-to-Device]
3061704388,10496,45651,,,,,,,,,,0.197,18731.631,Pinned,Device,NVIDIA A100-SXM4-40GB MIG 4g.20gb (0),1,,13,[CUDA memcpy Host-to-Device]
3061833154,31552,45652,273,1,1,48,1,1,40,0.000,0.001,,,,,NVIDIA A100-SXM4-40GB MIG 4g.20gb (0),1,,13,"void pusch_noise_intf_est::noiseIntfEstNoDftSOfdmKernel<float, __half, float, float, (unsigned int)2, (unsigned int)1, (unsigned char)4, (unsigned char)4>(pusch_noise_intf_est::puschRxNoiseIntfEstDynDescr)"
3061866914,4448,45663,35,1,1,128,1,1,16,0.000,0.000,,,,,NVIDIA A100-SXM4-40GB MIG 4g.20gb (0),1,,13,cupy_copy__complex64_complex64
3062003200,2240,45672,1,1,1,1,1,1,18,0.000,0.000,,,,,NVIDIA A100-SXM4-40GB MIG 4g.20gb (0),1,,13,cupy_copy__float32_float32
3062006432,1792,45678,,,,,,,,,,0.000,2.232,Device,Pageable,NVIDIA A100-SXM4-40GB MIG 4g.20gb (0),1,,7,[CUDA memcpy Device-to-Host]
3062193982,15616,45689,1434,1,1,128,1,1,16,0.000,0.000,,,,,NVIDIA A100-SXM4-40GB MIG 4g.20gb (0),1,,13,cupy_copy__complex64_complex64
3062223326,8928,45696,103,1,1,128,1,1,16,0.000,0.000,,,,,NVIDIA A100-SXM4-40GB MIG 4g.20gb (0),1,,13,cupy_copy__complex64_complex64
3062348668,5696,45703,35,1,1,128,1,1,16,0.000,0.000,,,,,NVIDIA A100-SXM4-40GB MIG 4g.20gb (0),1,,13,cupy_copy__complex64_complex64
3062379772,4960,45710,1,1,1,1,1,1,18,0.000,0.000,,,,,NVIDIA A100-SXM4-40GB MIG 4g.20gb (0),1,,13,cupy_copy__float32_float32
3062385596,243581,45721,1,1,1,32,32,1,30,0.000,0.000,,,,,NVIDIA A100-SXM4-40GB MIG 4g.20gb (0),1,,13,"void convert_kernel<__half2, float2>(tensor_layout_any, T1 *, tensor_layout_any, const T2 *)"
3062663193,5760,45724,,,,,,,,,,0.094,16266.656,Pinned,Device,NVIDIA A100-SXM4-40GB MIG 4g.20gb (0),1,,13,[CUDA memcpy Host-to-Device]
3062718840,11168,45725,,,,,,,,,,1.547,138486.260,Device,,NVIDIA A100-SXM4-40GB MIG 4g.20gb (0),1,,13,[CUDA memset]
3062735032,3328,45730,,,,,,,,,,0.031,9403.822,Pinned,Device,NVIDIA A100-SXM4-40GB MIG 4g.20gb (0),1,,13,[CUDA memcpy Host-to-Device]
3062740920,9568,45731,,,,,,,,,,0.197,20548.485,Pinned,Device,NVIDIA A100-SXM4-40GB MIG 4g.20gb (0),1,,13,[CUDA memcpy Host-to-Device]
3062860119,30399,45732,273,1,1,8,4,1,39,0.002,0.000,,,,,NVIDIA A100-SXM4-40GB MIG 4g.20gb (0),1,,13,"void channel_eq::eqMmseCoefCompLowMimoKernel<float, float, float, (unsigned int)4, (unsigned int)1, (unsigned int)4>(const channel_eq::_puschRxChEqStatDescr *, channel_eq::_puschRxChEqCoefCompDynDescr)"
3062892374,40480,45733,273,1,1,12,11,1,51,0.002,0.000,,,,,NVIDIA A100-SXM4-40GB MIG 4g.20gb (0),1,,13,"void channel_eq::eqMmseSoftDemapKernel<float, __half, __half, float, (unsigned int)4, (unsigned short)16383>(channel_eq::_puschRxChEqStatDescr *, channel_eq::_puschRxChEqSoftDemapDynDescr)"
3063028661,598329,45734,1,1,1,32,32,1,30,0.000,0.000,,,,,NVIDIA A100-SXM4-40GB MIG 4g.20gb (0),1,,13,"void convert_kernel<float2, __half2>(tensor_layout_any, T1 *, tensor_layout_any, const T2 *)"
3063649805,14976,45746,2253,1,1,128,1,1,16,0.000,0.000,,,,,NVIDIA A100-SXM4-40GB MIG 4g.20gb (0),1,,13,cupy_copy__float16_float16
3063787820,16032,45755,282,1,1,128,1,1,16,0.000,0.000,,,,,NVIDIA A100-SXM4-40GB MIG 4g.20gb (0),1,,13,cupy_copy__complex64_complex64
3063812652,8032,45764,26,1,1,128,1,1,16,0.000,0.000,,,,,NVIDIA A100-SXM4-40GB MIG 4g.20gb (0),1,,13,cupy_copy__float32_float32
3063950666,15712,45773,103,1,1,128,1,1,16,0.000,0.000,,,,,NVIDIA A100-SXM4-40GB MIG 4g.20gb (0),1,,13,cupy_copy__complex64_complex64
3063984106,22079,45783,1434,1,1,128,1,1,16,0.000,0.000,,,,,NVIDIA A100-SXM4-40GB MIG 4g.20gb (0),1,,13,cupy_copy__complex64_complex64
3064131848,248285,45788,1,1,1,32,32,1,30,0.000,0.000,,,,,NVIDIA A100-SXM4-40GB MIG 4g.20gb (0),1,,13,"void convert_kernel<__half2, float2>(tensor_layout_any, T1 *, tensor_layout_any, const T2 *)"
3064410053,5344,45791,,,,,,,,,,0.094,17532.864,Pinned,Device,NVIDIA A100-SXM4-40GB MIG 4g.20gb (0),1,,13,[CUDA memcpy Host-to-Device]
3064476580,623993,45792,,,,,,,,,,456.561,731411.427,Device,,NVIDIA A100-SXM4-40GB MIG 4g.20gb (0),1,,13,[CUDA memset]
3065109469,49727,45797,,,,,,,,,,1.235,24833.489,Pinned,Device,NVIDIA A100-SXM4-40GB MIG 4g.20gb (0),1,,13,[CUDA memcpy Host-to-Device]
3065161660,9920,45798,,,,,,,,,,0.197,19819.266,Pinned,Device,NVIDIA A100-SXM4-40GB MIG 4g.20gb (0),1,,13,[CUDA memcpy Host-to-Device]
3065265883,37343,45799,69,4,1,48,1,1,76,0.002,0.000,,,,,NVIDIA A100-SXM4-40GB MIG 4g.20gb (0),1,,13,"void ch_est::windowedChEstPreNoDftSOfdmKernel<float, __half, float, (unsigned int)2, (unsigned int)1, (unsigned short)4>(ch_est::puschRxChEstStatDescr_t *, ch_est::puschRxChEstDynDescr_t *)"
3065399385,26560,45800,137,2,1,24,2,1,44,0.001,0.001,,,,,NVIDIA A100-SXM4-40GB MIG 4g.20gb (0),1,,13,"void ch_est::chEstFilterNoDftSOfdmDispatchKernel<float, __half, float, (unsigned int)2>(ch_est::puschRxChEstStatDescr_t *, ch_est::puschRxChEstDynDescr_t *)"
3065427609,36608,45801,137,2,1,24,2,1,44,0.001,0.001,,,,,NVIDIA A100-SXM4-40GB MIG 4g.20gb (0),1,,13,"void ch_est::chEstFilterNoDftSOfdmDispatchKernel<float, __half, float, (unsigned int)2>(ch_est::puschRxChEstStatDescr_t *, ch_est::puschRxChEstDynDescr_t *)"
3065557656,11775,45812,103,1,1,128,1,1,16,0.000,0.000,,,,,NVIDIA A100-SXM4-40GB MIG 4g.20gb (0),1,,13,cupy_copy__complex64_complex64
3065580279,17760,45822,1434,1,1,128,1,1,16,0.000,0.000,,,,,NVIDIA A100-SXM4-40GB MIG 4g.20gb (0),1,,13,cupy_copy__complex64_complex64
3065720982,15008,45829,103,1,1,128,1,1,16,0.000,0.000,,,,,NVIDIA A100-SXM4-40GB MIG 4g.20gb (0),1,,13,cupy_copy__complex64_complex64
3065747093,256925,45836,1,1,1,32,32,1,30,0.000,0.000,,,,,NVIDIA A100-SXM4-40GB MIG 4g.20gb (0),1,,13,"void convert_kernel<__half2, float2>(tensor_layout_any, T1 *, tensor_layout_any, const T2 *)"
3066033682,5632,45839,,,,,,,,,,0.094,16636.287,Pinned,Device,NVIDIA A100-SXM4-40GB MIG 4g.20gb (0),1,,13,[CUDA memcpy Host-to-Device]
3066053298,60447,45840,,,,,,,,,,35.810,592403.507,Device,,NVIDIA A100-SXM4-40GB MIG 4g.20gb (0),1,,13,[CUDA memset]
3066123057,1824,45842,,,,,,,,,,0.000,43.860,Pinned,Device,NVIDIA A100-SXM4-40GB MIG 4g.20gb (0),1,,13,[CUDA memcpy Host-to-Device]
3066127601,10048,45843,,,,,,,,,,0.197,19566.821,Pinned,Device,NVIDIA A100-SXM4-40GB MIG 4g.20gb (0),1,,13,[CUDA memcpy Host-to-Device]
3066282479,37952,45844,273,1,1,48,1,1,40,0.000,0.001,,,,,NVIDIA A100-SXM4-40GB MIG 4g.20gb (0),1,,13,"void pusch_noise_intf_est::noiseIntfEstNoDftSOfdmKernel<float, __half, float, float, (unsigned int)2, (unsigned int)1, (unsigned char)4, (unsigned char)4>(pusch_noise_intf_est::puschRxNoiseIntfEstDynDescr)"
3066407950,5696,45855,35,1,1,128,1,1,16,0.000,0.000,,,,,NVIDIA A100-SXM4-40GB MIG 4g.20gb (0),1,,13,cupy_copy__complex64_complex64
3066432366,2303,45864,1,1,1,1,1,1,18,0.000,0.000,,,,,NVIDIA A100-SXM4-40GB MIG 4g.20gb (0),1,,13,cupy_copy__float32_float32
3066441101,1600,45870,,,,,,,,,,0.000,2.500,Device,Pageable,NVIDIA A100-SXM4-40GB MIG 4g.20gb (0),1,,7,[CUDA memcpy Device-to-Host]
3066606284,17567,45881,1434,1,1,128,1,1,16,0.000,0.000,,,,,NVIDIA A100-SXM4-40GB MIG 4g.20gb (0),1,,13,cupy_copy__complex64_complex64
3066735018,12800,45888,103,1,1,128,1,1,16,0.000,0.000,,,,,NVIDIA A100-SXM4-40GB MIG 4g.20gb (0),1,,13,cupy_copy__complex64_complex64
3066761450,17600,45895,35,1,1,128,1,1,16,0.000,0.000,,,,,NVIDIA A100-SXM4-40GB MIG 4g.20gb (0),1,,13,cupy_copy__complex64_complex64
3066915688,2912,45902,1,1,1,1,1,1,18,0.000,0.000,,,,,NVIDIA A100-SXM4-40GB MIG 4g.20gb (0),1,,13,cupy_copy__float32_float32
3066944456,257597,45913,1,1,1,32,32,1,30,0.000,0.000,,,,,NVIDIA A100-SXM4-40GB MIG 4g.20gb (0),1,,13,"void convert_kernel<__half2, float2>(tensor_layout_any, T1 *, tensor_layout_any, const T2 *)"
3067232388,5408,45916,,,,,,,,,,0.094,17325.421,Pinned,Device,NVIDIA A100-SXM4-40GB MIG 4g.20gb (0),1,,13,[CUDA memcpy Host-to-Device]
3067327555,11584,45917,,,,,,,,,,1.547,133512.317,Device,,NVIDIA A100-SXM4-40GB MIG 4g.20gb (0),1,,13,[CUDA memset]
3067341475,3136,45922,,,,,,,,,,0.031,9979.575,Pinned,Device,NVIDIA A100-SXM4-40GB MIG 4g.20gb (0),1,,13,[CUDA memcpy Host-to-Device]
3067347011,9536,45923,,,,,,,,,,0.197,20617.298,Pinned,Device,NVIDIA A100-SXM4-40GB MIG 4g.20gb (0),1,,13,[CUDA memcpy Host-to-Device]
3067477058,25375,45924,273,1,1,8,4,1,39,0.002,0.000,,,,,NVIDIA A100-SXM4-40GB MIG 4g.20gb (0),1,,13,"void channel_eq::eqMmseCoefCompLowMimoKernel<float, float, float, (unsigned int)4, (unsigned int)1, (unsigned int)4>(const channel_eq::_puschRxChEqStatDescr *, channel_eq::_puschRxChEqCoefCompDynDescr)"
3067504193,39232,45925,273,1,1,12,11,1,51,0.002,0.000,,,,,NVIDIA A100-SXM4-40GB MIG 4g.20gb (0),1,,13,"void channel_eq::eqMmseSoftDemapKernel<float, __half, __half, float, (unsigned int)4, (unsigned short)16383>(channel_eq::_puschRxChEqStatDescr *, channel_eq::_puschRxChEqSoftDemapDynDescr)"
3067640192,584473,45926,1,1,1,32,32,1,30,0.000,0.000,,,,,NVIDIA A100-SXM4-40GB MIG 4g.20gb (0),1,,13,"void convert_kernel<float2, __half2>(tensor_layout_any, T1 *, tensor_layout_any, const T2 *)"
3068251513,15679,45938,2253,1,1,128,1,1,16,0.000,0.000,,,,,NVIDIA A100-SXM4-40GB MIG 4g.20gb (0),1,,13,cupy_copy__float16_float16
3068390551,16352,45947,282,1,1,128,1,1,16,0.000,0.000,,,,,NVIDIA A100-SXM4-40GB MIG 4g.20gb (0),1,,13,cupy_copy__complex64_complex64
3068412727,6496,45956,26,1,1,128,1,1,16,0.000,0.000,,,,,NVIDIA A100-SXM4-40GB MIG 4g.20gb (0),1,,13,cupy_copy__float32_float32
3068552149,6560,45965,103,1,1,128,1,1,16,0.000,0.000,,,,,NVIDIA A100-SXM4-40GB MIG 4g.20gb (0),1,,13,cupy_copy__complex64_complex64
3068577685,20480,45975,1434,1,1,128,1,1,16,0.000,0.000,,,,,NVIDIA A100-SXM4-40GB MIG 4g.20gb (0),1,,13,cupy_copy__complex64_complex64
3068712339,258653,45980,1,1,1,32,32,1,30,0.000,0.000,,,,,NVIDIA A100-SXM4-40GB MIG 4g.20gb (0),1,,13,"void convert_kernel<__half2, float2>(tensor_layout_any, T1 *, tensor_layout_any, const T2 *)"
3069001488,5696,45983,,,,,,,,,,0.094,16449.363,Pinned,Device,NVIDIA A100-SXM4-40GB MIG 4g.20gb (0),1,,13,[CUDA memcpy Host-to-Device]
3069065807,628185,45984,,,,,,,,,,456.561,726389.251,Device,,NVIDIA A100-SXM4-40GB MIG 4g.20gb (0),1,,13,[CUDA memset]
3069703112,51103,45989,,,,,,,,,,1.235,24165.384,Pinned,Device,NVIDIA A100-SXM4-40GB MIG 4g.20gb (0),1,,13,[CUDA memcpy Host-to-Device]
3069756679,9568,45990,,,,,,,,,,0.197,20548.485,Pinned,Device,NVIDIA A100-SXM4-40GB MIG 4g.20gb (0),1,,13,[CUDA memcpy Host-to-Device]
3069868966,36032,45991,69,4,1,48,1,1,76,0.002,0.000,,,,,NVIDIA A100-SXM4-40GB MIG 4g.20gb (0),1,,13,"void ch_est::windowedChEstPreNoDftSOfdmKernel<float, __half, float, (unsigned int)2, (unsigned int)1, (unsigned short)4>(ch_est::puschRxChEstStatDescr_t *, ch_est::puschRxChEstDynDescr_t *)"
3069995237,24543,45992,137,2,1,24,2,1,44,0.001,0.001,,,,,NVIDIA A100-SXM4-40GB MIG 4g.20gb (0),1,,13,"void ch_est::chEstFilterNoDftSOfdmDispatchKernel<float, __half, float, (unsigned int)2>(ch_est::puschRxChEstStatDescr_t *, ch_est::puschRxChEstDynDescr_t *)"
3070022372,38336,45993,137,2,1,24,2,1,44,0.001,0.001,,,,,NVIDIA A100-SXM4-40GB MIG 4g.20gb (0),1,,13,"void ch_est::chEstFilterNoDftSOfdmDispatchKernel<float, __half, float, (unsigned int)2>(ch_est::puschRxChEstStatDescr_t *, ch_est::puschRxChEstDynDescr_t *)"
3070149315,13856,46004,103,1,1,128,1,1,16,0.000,0.000,,,,,NVIDIA A100-SXM4-40GB MIG 4g.20gb (0),1,,13,cupy_copy__complex64_complex64
3070173315,17119,46014,1434,1,1,128,1,1,16,0.000,0.000,,,,,NVIDIA A100-SXM4-40GB MIG 4g.20gb (0),1,,13,cupy_copy__complex64_complex64
3070303809,8672,46021,103,1,1,128,1,1,16,0.000,0.000,,,,,NVIDIA A100-SXM4-40GB MIG 4g.20gb (0),1,,13,cupy_copy__complex64_complex64
3070334625,243869,46028,1,1,1,32,32,1,30,0.000,0.000,,,,,NVIDIA A100-SXM4-40GB MIG 4g.20gb (0),1,,13,"void convert_kernel<__half2, float2>(tensor_layout_any, T1 *, tensor_layout_any, const T2 *)"
3070606974,5407,46031,,,,,,,,,,0.094,17328.607,Pinned,Device,NVIDIA A100-SXM4-40GB MIG 4g.20gb (0),1,,13,[CUDA memcpy Host-to-Device]
3070632061,60224,46032,,,,,,,,,,35.810,594587.912,Device,,NVIDIA A100-SXM4-40GB MIG 4g.20gb (0),1,,13,[CUDA memset]
3070693341,1856,46034,,,,,,,,,,0.000,43.103,Pinned,Device,NVIDIA A100-SXM4-40GB MIG 4g.20gb (0),1,,13,[CUDA memcpy Host-to-Device]
3070698652,9344,46035,,,,,,,,,,0.197,21040.988,Pinned,Device,NVIDIA A100-SXM4-40GB MIG 4g.20gb (0),1,,13,[CUDA memcpy Host-to-Device]
3070859675,32671,46036,273,1,1,48,1,1,40,0.000,0.001,,,,,NVIDIA A100-SXM4-40GB MIG 4g.20gb (0),1,,13,"void pusch_noise_intf_est::noiseIntfEstNoDftSOfdmKernel<float, __half, float, float, (unsigned int)2, (unsigned int)1, (unsigned char)4, (unsigned char)4>(pusch_noise_intf_est::puschRxNoiseIntfEstDynDescr)"
3071005785,11744,46047,35,1,1,128,1,1,16,0.000,0.000,,,,,NVIDIA A100-SXM4-40GB MIG 4g.20gb (0),1,,13,cupy_copy__complex64_complex64
3071159415,4096,46056,1,1,1,1,1,1,18,0.000,0.000,,,,,NVIDIA A100-SXM4-40GB MIG 4g.20gb (0),1,,13,cupy_copy__float32_float32
3071164503,2336,46062,,,,,,,,,,0.000,1.712,Device,Pageable,NVIDIA A100-SXM4-40GB MIG 4g.20gb (0),1,,7,[CUDA memcpy Device-to-Host]
3071348021,18304,46073,1434,1,1,128,1,1,16,0.000,0.000,,,,,NVIDIA A100-SXM4-40GB MIG 4g.20gb (0),1,,13,cupy_copy__complex64_complex64
3071370805,12736,46080,103,1,1,128,1,1,16,0.000,0.000,,,,,NVIDIA A100-SXM4-40GB MIG 4g.20gb (0),1,,13,cupy_copy__complex64_complex64
3071503539,7232,46087,35,1,1,128,1,1,16,0.000,0.000,,,,,NVIDIA A100-SXM4-40GB MIG 4g.20gb (0),1,,13,cupy_copy__complex64_complex64
3071530515,5216,46094,1,1,1,1,1,1,18,0.000,0.000,,,,,NVIDIA A100-SXM4-40GB MIG 4g.20gb (0),1,,13,cupy_copy__float32_float32
3071537971,202173,46105,1,1,1,32,32,1,30,0.000,0.000,,,,,NVIDIA A100-SXM4-40GB MIG 4g.20gb (0),1,,13,"void convert_kernel<__half2, float2>(tensor_layout_any, T1 *, tensor_layout_any, const T2 *)"
3071769424,6176,46108,,,,,,,,,,0.094,15170.975,Pinned,Device,NVIDIA A100-SXM4-40GB MIG 4g.20gb (0),1,,13,[CUDA memcpy Host-to-Device]
3071878767,16416,46109,,,,,,,,,,1.547,94214.148,Device,,NVIDIA A100-SXM4-40GB MIG 4g.20gb (0),1,,13,[CUDA memset]
3071896847,3008,46114,,,,,,,,,,0.031,10404.230,Pinned,Device,NVIDIA A100-SXM4-40GB MIG 4g.20gb (0),1,,13,[CUDA memcpy Host-to-Device]
3071902383,9472,46115,,,,,,,,,,0.197,20756.693,Pinned,Device,NVIDIA A100-SXM4-40GB MIG 4g.20gb (0),1,,13,[CUDA memcpy Host-to-Device]
3072045581,33312,46116,273,1,1,8,4,1,39,0.002,0.000,,,,,NVIDIA A100-SXM4-40GB MIG 4g.20gb (0),1,,13,"void channel_eq::eqMmseCoefCompLowMimoKernel<float, float, float, (unsigned int)4, (unsigned int)1, (unsigned int)4>(const channel_eq::_puschRxChEqStatDescr *, channel_eq::_puschRxChEqCoefCompDynDescr)"
3072225707,33248,46117,273,1,1,12,11,1,51,0.002,0.000,,,,,NVIDIA A100-SXM4-40GB MIG 4g.20gb (0),1,,13,"void channel_eq::eqMmseSoftDemapKernel<float, __half, __half, float, (unsigned int)4, (unsigned short)16383>(channel_eq::_puschRxChEqStatDescr *, channel_eq::_puschRxChEqSoftDemapDynDescr)"
3072359241,575002,46118,1,1,1,32,32,1,30,0.000,0.000,,,,,NVIDIA A100-SXM4-40GB MIG 4g.20gb (0),1,,13,"void convert_kernel<float2, __half2>(tensor_layout_any, T1 *, tensor_layout_any, const T2 *)"
3073003298,16544,46130,2253,1,1,128,1,1,16,0.000,0.000,,,,,NVIDIA A100-SXM4-40GB MIG 4g.20gb (0),1,,13,cupy_copy__float16_float16
3073022082,3488,46139,282,1,1,128,1,1,16,0.000,0.000,,,,,NVIDIA A100-SXM4-40GB MIG 4g.20gb (0),1,,13,cupy_copy__complex64_complex64
3073150112,2688,46148,26,1,1,128,1,1,16,0.000,0.000,,,,,NVIDIA A100-SXM4-40GB MIG 4g.20gb (0),1,,13,cupy_copy__float32_float32
3073172992,20960,46157,103,1,1,128,1,1,16,0.000,0.000,,,,,NVIDIA A100-SXM4-40GB MIG 4g.20gb (0),1,,13,cupy_copy__complex64_complex64
3073313854,15968,46167,1434,1,1,128,1,1,16,0.000,0.000,,,,,NVIDIA A100-SXM4-40GB MIG 4g.20gb (0),1,,13,cupy_copy__complex64_complex64
3073344830,238781,46172,1,1,1,32,32,1,30,0.000,0.000,,,,,NVIDIA A100-SXM4-40GB MIG 4g.20gb (0),1,,13,"void convert_kernel<__half2, float2>(tensor_layout_any, T1 *, tensor_layout_any, const T2 *)"
3073613051,5376,46175,,,,,,,,,,0.094,17428.487,Pinned,Device,NVIDIA A100-SXM4-40GB MIG 4g.20gb (0),1,,13,[CUDA memcpy Host-to-Device]
3073658586,630265,46176,,,,,,,,,,456.561,724106.444,Device,,NVIDIA A100-SXM4-40GB MIG 4g.20gb (0),1,,13,[CUDA memset]
3074291827,52288,46181,,,,,,,,,,1.235,23617.069,Pinned,Device,NVIDIA A100-SXM4-40GB MIG 4g.20gb (0),1,,13,[CUDA memcpy Host-to-Device]
3074346547,9439,46182,,,,,,,,,,0.197,20829.241,Pinned,Device,NVIDIA A100-SXM4-40GB MIG 4g.20gb (0),1,,13,[CUDA memcpy Host-to-Device]
3074457649,28320,46183,69,4,1,48,1,1,76,0.002,0.000,,,,,NVIDIA A100-SXM4-40GB MIG 4g.20gb (0),1,,13,"void ch_est::windowedChEstPreNoDftSOfdmKernel<float, __half, float, (unsigned int)2, (unsigned int)1, (unsigned short)4>(ch_est::puschRxChEstStatDescr_t *, ch_est::puschRxChEstDynDescr_t *)"
3074597040,26943,46184,137,2,1,24,2,1,44,0.001,0.001,,,,,NVIDIA A100-SXM4-40GB MIG 4g.20gb (0),1,,13,"void ch_est::chEstFilterNoDftSOfdmDispatchKernel<float, __half, float, (unsigned int)2>(ch_est::puschRxChEstStatDescr_t *, ch_est::puschRxChEstDynDescr_t *)"
3074626127,24320,46185,137,2,1,24,2,1,44,0.001,0.001,,,,,NVIDIA A100-SXM4-40GB MIG 4g.20gb (0),1,,13,"void ch_est::chEstFilterNoDftSOfdmDispatchKernel<float, __half, float, (unsigned int)2>(ch_est::puschRxChEstStatDescr_t *, ch_est::puschRxChEstDynDescr_t *)"
3074763342,4352,46196,103,1,1,128,1,1,16,0.000,0.000,,,,,NVIDIA A100-SXM4-40GB MIG 4g.20gb (0),1,,13,cupy_copy__complex64_complex64
3074790125,16192,46206,1434,1,1,128,1,1,16,0.000,0.000,,,,,NVIDIA A100-SXM4-40GB MIG 4g.20gb (0),1,,13,cupy_copy__complex64_complex64
3074916268,12736,46213,103,1,1,128,1,1,16,0.000,0.000,,,,,NVIDIA A100-SXM4-40GB MIG 4g.20gb (0),1,,13,cupy_copy__complex64_complex64
3074940140,254813,46220,1,1,1,32,32,1,30,0.000,0.000,,,,,NVIDIA A100-SXM4-40GB MIG 4g.20gb (0),1,,13,"void convert_kernel<__half2, float2>(tensor_layout_any, T1 *, tensor_layout_any, const T2 *)"
3075224744,5440,46223,,,,,,,,,,0.094,17223.480,Pinned,Device,NVIDIA A100-SXM4-40GB MIG 4g.20gb (0),1,,13,[CUDA memcpy Host-to-Device]
3075247880,60351,46224,,,,,,,,,,35.810,593334.564,Device,,NVIDIA A100-SXM4-40GB MIG 4g.20gb (0),1,,13,[CUDA memset]
3075312167,2176,46226,,,,,,,,,,0.000,36.765,Pinned,Device,NVIDIA A100-SXM4-40GB MIG 4g.20gb (0),1,,13,[CUDA memcpy Host-to-Device]
3075316807,9376,46227,,,,,,,,,,0.197,20969.226,Pinned,Device,NVIDIA A100-SXM4-40GB MIG 4g.20gb (0),1,,13,[CUDA memcpy Host-to-Device]
3075478182,44575,46228,273,1,1,48,1,1,40,0.000,0.001,,,,,NVIDIA A100-SXM4-40GB MIG 4g.20gb (0),1,,13,"void pusch_noise_intf_est::noiseIntfEstNoDftSOfdmKernel<float, __half, float, float, (unsigned int)2, (unsigned int)1, (unsigned char)4, (unsigned char)4>(pusch_noise_intf_est::puschRxNoiseIntfEstDynDescr)"
3075614244,5728,46239,35,1,1,128,1,1,16,0.000,0.000,,,,,NVIDIA A100-SXM4-40GB MIG 4g.20gb (0),1,,13,cupy_copy__complex64_complex64
3075639588,2496,46248,1,1,1,1,1,1,18,0.000,0.000,,,,,NVIDIA A100-SXM4-40GB MIG 4g.20gb (0),1,,13,cupy_copy__float32_float32
3075647492,1760,46254,,,,,,,,,,0.000,2.273,Device,Pageable,NVIDIA A100-SXM4-40GB MIG 4g.20gb (0),1,,7,[CUDA memcpy Device-to-Host]
3075815362,17631,46265,1434,1,1,128,1,1,16,0.000,0.000,,,,,NVIDIA A100-SXM4-40GB MIG 4g.20gb (0),1,,13,cupy_copy__complex64_complex64
3075835041,3104,46272,103,1,1,128,1,1,16,0.000,0.000,,,,,NVIDIA A100-SXM4-40GB MIG 4g.20gb (0),1,,13,cupy_copy__complex64_complex64
3075840257,2496,46279,35,1,1,128,1,1,16,0.000,0.000,,,,,NVIDIA A100-SXM4-40GB MIG 4g.20gb (0),1,,13,cupy_copy__complex64_complex64
3076048607,3776,46286,1,1,1,1,1,1,18,0.000,0.000,,,,,NVIDIA A100-SXM4-40GB MIG 4g.20gb (0),1,,13,cupy_copy__float32_float32
3076075167,248541,46297,1,1,1,32,32,1,30,0.000,0.000,,,,,NVIDIA A100-SXM4-40GB MIG 4g.20gb (0),1,,13,"void convert_kernel<__half2, float2>(tensor_layout_any, T1 *, tensor_layout_any, const T2 *)"
3076355195,5504,46300,,,,,,,,,,0.094,17023.251,Pinned,Device,NVIDIA A100-SXM4-40GB MIG 4g.20gb (0),1,,13,[CUDA memcpy Host-to-Device]
3076499386,16480,46301,,,,,,,,,,1.547,93847.598,Device,,NVIDIA A100-SXM4-40GB MIG 4g.20gb (0),1,,13,[CUDA memset]
3076523898,3039,46306,,,,,,,,,,0.031,10298.105,Pinned,Device,NVIDIA A100-SXM4-40GB MIG 4g.20gb (0),1,,13,[CUDA memcpy Host-to-Device]
3076529817,9952,46307,,,,,,,,,,0.197,19755.565,Pinned,Device,NVIDIA A100-SXM4-40GB MIG 4g.20gb (0),1,,13,[CUDA memcpy Host-to-Device]
3076662648,32288,46308,273,1,1,8,4,1,39,0.002,0.000,,,,,NVIDIA A100-SXM4-40GB MIG 4g.20gb (0),1,,13,"void channel_eq::eqMmseCoefCompLowMimoKernel<float, float, float, (unsigned int)4, (unsigned int)1, (unsigned int)4>(const channel_eq::_puschRxChEqStatDescr *, channel_eq::_puschRxChEqCoefCompDynDescr)"
3076696600,34911,46309,273,1,1,12,11,1,51,0.002,0.000,,,,,NVIDIA A100-SXM4-40GB MIG 4g.20gb (0),1,,13,"void channel_eq::eqMmseSoftDemapKernel<float, __half, __half, float, (unsigned int)4, (unsigned short)16383>(channel_eq::_puschRxChEqStatDescr *, channel_eq::_puschRxChEqSoftDemapDynDescr)"
3076824534,589657,46310,1,1,1,32,32,1,30,0.000,0.000,,,,,NVIDIA A100-SXM4-40GB MIG 4g.20gb (0),1,,13,"void convert_kernel<float2, __half2>(tensor_layout_any, T1 *, tensor_layout_any, const T2 *)"
3077444623,15616,46322,2253,1,1,128,1,1,16,0.000,0.000,,,,,NVIDIA A100-SXM4-40GB MIG 4g.20gb (0),1,,13,cupy_copy__float16_float16
3077588429,16160,46331,282,1,1,128,1,1,16,0.000,0.000,,,,,NVIDIA A100-SXM4-40GB MIG 4g.20gb (0),1,,13,cupy_copy__complex64_complex64
3077610253,5888,46340,26,1,1,128,1,1,16,0.000,0.000,,,,,NVIDIA A100-SXM4-40GB MIG 4g.20gb (0),1,,13,cupy_copy__float32_float32
3077756171,5568,46349,103,1,1,128,1,1,16,0.000,0.000,,,,,NVIDIA A100-SXM4-40GB MIG 4g.20gb (0),1,,13,cupy_copy__complex64_complex64
3077781707,22080,46359,1434,1,1,128,1,1,16,0.000,0.000,,,,,NVIDIA A100-SXM4-40GB MIG 4g.20gb (0),1,,13,cupy_copy__complex64_complex64
3077916810,246557,46364,1,1,1,32,32,1,30,0.000,0.000,,,,,NVIDIA A100-SXM4-40GB MIG 4g.20gb (0),1,,13,"void convert_kernel<__half2, float2>(tensor_layout_any, T1 *, tensor_layout_any, const T2 *)"
3078203462,5376,46367,,,,,,,,,,0.094,17428.487,Pinned,Device,NVIDIA A100-SXM4-40GB MIG 4g.20gb (0),1,,13,[CUDA memcpy Host-to-Device]
3078254470,627576,46368,,,,,,,,,,456.561,727302.374,Device,,NVIDIA A100-SXM4-40GB MIG 4g.20gb (0),1,,13,[CUDA memset]
3078884350,50432,46373,,,,,,,,,,1.235,24486.470,Pinned,Device,NVIDIA A100-SXM4-40GB MIG 4g.20gb (0),1,,13,[CUDA memcpy Host-to-Device]
3078937214,9408,46374,,,,,,,,,,0.197,20897.858,Pinned,Device,NVIDIA A100-SXM4-40GB MIG 4g.20gb (0),1,,13,[CUDA memcpy Host-to-Device]
3079054364,36384,46375,69,4,1,48,1,1,76,0.002,0.000,,,,,NVIDIA A100-SXM4-40GB MIG 4g.20gb (0),1,,13,"void ch_est::windowedChEstPreNoDftSOfdmKernel<float, __half, float, (unsigned int)2, (unsigned int)1, (unsigned short)4>(ch_est::puschRxChEstStatDescr_t *, ch_est::puschRxChEstDynDescr_t *)"
3079194331,18912,46376,137,2,1,24,2,1,44,0.001,0.001,,,,,NVIDIA A100-SXM4-40GB MIG 4g.20gb (0),1,,13,"void ch_est::chEstFilterNoDftSOfdmDispatchKernel<float, __half, float, (unsigned int)2>(ch_est::puschRxChEstStatDescr_t *, ch_est::puschRxChEstDynDescr_t *)"
3079219803,28863,46377,137,2,1,24,2,1,44,0.001,0.001,,,,,NVIDIA A100-SXM4-40GB MIG 4g.20gb (0),1,,13,"void ch_est::chEstFilterNoDftSOfdmDispatchKernel<float, __half, float, (unsigned int)2>(ch_est::puschRxChEstStatDescr_t *, ch_est::puschRxChEstDynDescr_t *)"
3079357529,11360,46388,103,1,1,128,1,1,16,0.000,0.000,,,,,NVIDIA A100-SXM4-40GB MIG 4g.20gb (0),1,,13,cupy_copy__complex64_complex64
3079382745,16863,46398,1434,1,1,128,1,1,16,0.000,0.000,,,,,NVIDIA A100-SXM4-40GB MIG 4g.20gb (0),1,,13,cupy_copy__complex64_complex64
3079526263,5344,46405,103,1,1,128,1,1,16,0.000,0.000,,,,,NVIDIA A100-SXM4-40GB MIG 4g.20gb (0),1,,13,cupy_copy__complex64_complex64
3079553271,250525,46412,1,1,1,32,32,1,30,0.000,0.000,,,,,NVIDIA A100-SXM4-40GB MIG 4g.20gb (0),1,,13,"void convert_kernel<__half2, float2>(tensor_layout_any, T1 *, tensor_layout_any, const T2 *)"
3079836211,5344,46415,,,,,,,,,,0.094,17532.864,Pinned,Device,NVIDIA A100-SXM4-40GB MIG 4g.20gb (0),1,,13,[CUDA memcpy Host-to-Device]
3079858451,61951,46416,,,,,,,,,,35.810,578007.919,Device,,NVIDIA A100-SXM4-40GB MIG 4g.20gb (0),1,,13,[CUDA memset]
3079927762,1888,46418,,,,,,,,,,0.000,42.373,Pinned,Device,NVIDIA A100-SXM4-40GB MIG 4g.20gb (0),1,,13,[CUDA memcpy Host-to-Device]
3079932146,9376,46419,,,,,,,,,,0.197,20969.226,Pinned,Device,NVIDIA A100-SXM4-40GB MIG 4g.20gb (0),1,,13,[CUDA memcpy Host-to-Device]
3080080081,43839,46420,273,1,1,48,1,1,40,0.000,0.001,,,,,NVIDIA A100-SXM4-40GB MIG 4g.20gb (0),1,,13,"void pusch_noise_intf_est::noiseIntfEstNoDftSOfdmKernel<float, __half, float, float, (unsigned int)2, (unsigned int)1, (unsigned char)4, (unsigned char)4>(pusch_noise_intf_est::puschRxNoiseIntfEstDynDescr)"
3080221327,16224,46431,35,1,1,128,1,1,16,0.000,0.000,,,,,NVIDIA A100-SXM4-40GB MIG 4g.20gb (0),1,,13,cupy_copy__complex64_complex64
3080243503,2400,46440,1,1,1,1,1,1,18,0.000,0.000,,,,,NVIDIA A100-SXM4-40GB MIG 4g.20gb (0),1,,13,cupy_copy__float32_float32
3080248847,1600,46446,,,,,,,,,,0.000,2.500,Device,Pageable,NVIDIA A100-SXM4-40GB MIG 4g.20gb (0),1,,7,[CUDA memcpy Device-to-Host]
3080421357,19743,46457,1434,1,1,128,1,1,16,0.000,0.000,,,,,NVIDIA A100-SXM4-40GB MIG 4g.20gb (0),1,,13,cupy_copy__complex64_complex64
3080443276,3136,46464,103,1,1,128,1,1,16,0.000,0.000,,,,,NVIDIA A100-SXM4-40GB MIG 4g.20gb (0),1,,13,cupy_copy__complex64_complex64
3080587627,17056,46471,35,1,1,128,1,1,16,0.000,0.000,,,,,NVIDIA A100-SXM4-40GB MIG 4g.20gb (0),1,,13,cupy_copy__complex64_complex64
3080721993,2944,46478,1,1,1,1,1,1,18,0.000,0.000,,,,,NVIDIA A100-SXM4-40GB MIG 4g.20gb (0),1,,13,cupy_copy__float32_float32
3080747145,253181,46489,1,1,1,32,32,1,30,0.000,0.000,,,,,NVIDIA A100-SXM4-40GB MIG 4g.20gb (0),1,,13,"void convert_kernel<__half2, float2>(tensor_layout_any, T1 *, tensor_layout_any, const T2 *)"
3081030598,5408,46492,,,,,,,,,,0.094,17325.421,Pinned,Device,NVIDIA A100-SXM4-40GB MIG 4g.20gb (0),1,,13,[CUDA memcpy Host-to-Device]
3081070821,10208,46493,,,,,,,,,,1.547,151510.380,Device,,NVIDIA A100-SXM4-40GB MIG 4g.20gb (0),1,,13,[CUDA memset]
3081088869,3008,46498,,,,,,,,,,0.031,10404.230,Pinned,Device,NVIDIA A100-SXM4-40GB MIG 4g.20gb (0),1,,13,[CUDA memcpy Host-to-Device]
3081095333,9728,46499,,,,,,,,,,0.197,20210.516,Pinned,Device,NVIDIA A100-SXM4-40GB MIG 4g.20gb (0),1,,13,[CUDA memcpy Host-to-Device]
3081224867,29216,46500,273,1,1,8,4,1,39,0.002,0.000,,,,,NVIDIA A100-SXM4-40GB MIG 4g.20gb (0),1,,13,"void channel_eq::eqMmseCoefCompLowMimoKernel<float, float, float, (unsigned int)4, (unsigned int)1, (unsigned int)4>(const channel_eq::_puschRxChEqStatDescr *, channel_eq::_puschRxChEqCoefCompDynDescr)"
3081257731,44512,46501,273,1,1,12,11,1,51,0.002,0.000,,,,,NVIDIA A100-SXM4-40GB MIG 4g.20gb (0),1,,13,"void channel_eq::eqMmseSoftDemapKernel<float, __half, __half, float, (unsigned int)4, (unsigned short)16383>(channel_eq::_puschRxChEqStatDescr *, channel_eq::_puschRxChEqSoftDemapDynDescr)"
3081394338,589433,46502,1,1,1,32,32,1,30,0.000,0.000,,,,,NVIDIA A100-SXM4-40GB MIG 4g.20gb (0),1,,13,"void convert_kernel<float2, __half2>(tensor_layout_any, T1 *, tensor_layout_any, const T2 *)"
3082001499,15167,46514,2253,1,1,128,1,1,16,0.000,0.000,,,,,NVIDIA A100-SXM4-40GB MIG 4g.20gb (0),1,,13,cupy_copy__float16_float16
3082147481,6240,46523,282,1,1,128,1,1,16,0.000,0.000,,,,,NVIDIA A100-SXM4-40GB MIG 4g.20gb (0),1,,13,cupy_copy__complex64_complex64
3082174297,6527,46532,26,1,1,128,1,1,16,0.000,0.000,,,,,NVIDIA A100-SXM4-40GB MIG 4g.20gb (0),1,,13,cupy_copy__float32_float32
3082182328,6816,46541,103,1,1,128,1,1,16,0.000,0.000,,,,,NVIDIA A100-SXM4-40GB MIG 4g.20gb (0),1,,13,cupy_copy__complex64_complex64
3082339927,16191,46551,1434,1,1,128,1,1,16,0.000,0.000,,,,,NVIDIA A100-SXM4-40GB MIG 4g.20gb (0),1,,13,cupy_copy__complex64_complex64
3082369782,214302,46556,1,1,1,32,32,1,30,0.000,0.000,,,,,NVIDIA A100-SXM4-40GB MIG 4g.20gb (0),1,,13,"void convert_kernel<__half2, float2>(tensor_layout_any, T1 *, tensor_layout_any, const T2 *)"
3082613844,5375,46559,,,,,,,,,,0.094,17431.766,Pinned,Device,NVIDIA A100-SXM4-40GB MIG 4g.20gb (0),1,,13,[CUDA memcpy Host-to-Device]
3082675699,630233,46560,,,,,,,,,,456.561,724106.444,Device,,NVIDIA A100-SXM4-40GB MIG 4g.20gb (0),1,,13,[CUDA memset]
3083312907,50496,46565,,,,,,,,,,1.235,24455.596,Pinned,Device,NVIDIA A100-SXM4-40GB MIG 4g.20gb (0),1,,13,[CUDA memcpy Host-to-Device]
3083366155,9664,46566,,,,,,,,,,0.197,20344.209,Pinned,Device,NVIDIA A100-SXM4-40GB MIG 4g.20gb (0),1,,13,[CUDA memcpy Host-to-Device]
3083473546,40799,46567,69,4,1,48,1,1,76,0.002,0.000,,,,,NVIDIA A100-SXM4-40GB MIG 4g.20gb (0),1,,13,"void ch_est::windowedChEstPreNoDftSOfdmKernel<float, __half, float, (unsigned int)2, (unsigned int)1, (unsigned short)4>(ch_est::puschRxChEstStatDescr_t *, ch_est::puschRxChEstDynDescr_t *)"
3083602824,28224,46568,137,2,1,24,2,1,44,0.001,0.001,,,,,NVIDIA A100-SXM4-40GB MIG 4g.20gb (0),1,,13,"void ch_est::chEstFilterNoDftSOfdmDispatchKernel<float, __half, float, (unsigned int)2>(ch_est::puschRxChEstStatDescr_t *, ch_est::puschRxChEstDynDescr_t *)"
3083633992,39071,46569,137,2,1,24,2,1,44,0.001,0.001,,,,,NVIDIA A100-SXM4-40GB MIG 4g.20gb (0),1,,13,"void ch_est::chEstFilterNoDftSOfdmDispatchKernel<float, __half, float, (unsigned int)2>(ch_est::puschRxChEstStatDescr_t *, ch_est::puschRxChEstDynDescr_t *)"
3083768582,13152,46580,103,1,1,128,1,1,16,0.000,0.000,,,,,NVIDIA A100-SXM4-40GB MIG 4g.20gb (0),1,,13,cupy_copy__complex64_complex64
3083793318,16576,46590,1434,1,1,128,1,1,16,0.000,0.000,,,,,NVIDIA A100-SXM4-40GB MIG 4g.20gb (0),1,,13,cupy_copy__complex64_complex64
3083920068,13952,46597,103,1,1,128,1,1,16,0.000,0.000,,,,,NVIDIA A100-SXM4-40GB MIG 4g.20gb (0),1,,13,cupy_copy__complex64_complex64
3083944036,251933,46604,1,1,1,32,32,1,30,0.000,0.000,,,,,NVIDIA A100-SXM4-40GB MIG 4g.20gb (0),1,,13,"void convert_kernel<__half2, float2>(tensor_layout_any, T1 *, tensor_layout_any, const T2 *)"
3084225505,5376,46607,,,,,,,,,,0.094,17428.487,Pinned,Device,NVIDIA A100-SXM4-40GB MIG 4g.20gb (0),1,,13,[CUDA memcpy Host-to-Device]
3084283168,60608,46608,,,,,,,,,,35.810,590827.870,Device,,NVIDIA A100-SXM4-40GB MIG 4g.20gb (0),1,,13,[CUDA memset]
3084344160,1888,46610,,,,,,,,,,0.000,42.373,Pinned,Device,NVIDIA A100-SXM4-40GB MIG 4g.20gb (0),1,,13,[CUDA memcpy Host-to-Device]
3084348480,9343,46611,,,,,,,,,,0.197,21043.347,Pinned,Device,NVIDIA A100-SXM4-40GB MIG 4g.20gb (0),1,,13,[CUDA memcpy Host-to-Device]
3084485054,40288,46612,273,1,1,48,1,1,40,0.000,0.001,,,,,NVIDIA A100-SXM4-40GB MIG 4g.20gb (0),1,,13,"void pusch_noise_intf_est::noiseIntfEstNoDftSOfdmKernel<float, __half, float, float, (unsigned int)2, (unsigned int)1, (unsigned char)4, (unsigned char)4>(pusch_noise_intf_est::puschRxNoiseIntfEstDynDescr)"
3084615996,6144,46623,35,1,1,128,1,1,16,0.000,0.000,,,,,NVIDIA A100-SXM4-40GB MIG 4g.20gb (0),1,,13,cupy_copy__complex64_complex64
3084642812,2400,46632,1,1,1,1,1,1,18,0.000,0.000,,,,,NVIDIA A100-SXM4-40GB MIG 4g.20gb (0),1,,13,cupy_copy__float32_float32
3084651420,1696,46638,,,,,,,,,,0.000,2.358,Device,Pageable,NVIDIA A100-SXM4-40GB MIG 4g.20gb (0),1,,7,[CUDA memcpy Device-to-Host]
3084817690,21632,46649,1434,1,1,128,1,1,16,0.000,0.000,,,,,NVIDIA A100-SXM4-40GB MIG 4g.20gb (0),1,,13,cupy_copy__complex64_complex64
3084969528,12928,46656,103,1,1,128,1,1,16,0.000,0.000,,,,,NVIDIA A100-SXM4-40GB MIG 4g.20gb (0),1,,13,cupy_copy__complex64_complex64
3084993592,23328,46663,35,1,1,128,1,1,16,0.000,0.000,,,,,NVIDIA A100-SXM4-40GB MIG 4g.20gb (0),1,,13,cupy_copy__complex64_complex64
3085122071,3776,46670,1,1,1,1,1,1,18,0.000,0.000,,,,,NVIDIA A100-SXM4-40GB MIG 4g.20gb (0),1,,13,cupy_copy__float32_float32
3085147894,263517,46681,1,1,1,32,32,1,30,0.000,0.000,,,,,NVIDIA A100-SXM4-40GB MIG 4g.20gb (0),1,,13,"void convert_kernel<__half2, float2>(tensor_layout_any, T1 *, tensor_layout_any, const T2 *)"
3085441811,7296,46684,,,,,,,,,,0.094,12842.067,Pinned,Device,NVIDIA A100-SXM4-40GB MIG 4g.20gb (0),1,,13,[CUDA memcpy Host-to-Device]
3085490450,9472,46685,,,,,,,,,,1.547,163283.282,Device,,NVIDIA A100-SXM4-40GB MIG 4g.20gb (0),1,,13,[CUDA memset]
3085507474,3168,46690,,,,,,,,,,0.031,9878.770,Pinned,Device,NVIDIA A100-SXM4-40GB MIG 4g.20gb (0),1,,13,[CUDA memcpy Host-to-Device]
3085513074,9472,46691,,,,,,,,,,0.197,20756.693,Pinned,Device,NVIDIA A100-SXM4-40GB MIG 4g.20gb (0),1,,13,[CUDA memcpy Host-to-Device]
3085627697,30272,46692,273,1,1,8,4,1,39,0.002,0.000,,,,,NVIDIA A100-SXM4-40GB MIG 4g.20gb (0),1,,13,"void channel_eq::eqMmseCoefCompLowMimoKernel<float, float, float, (unsigned int)4, (unsigned int)1, (unsigned int)4>(const channel_eq::_puschRxChEqStatDescr *, channel_eq::_puschRxChEqCoefCompDynDescr)"
3085661328,46112,46693,273,1,1,12,11,1,51,0.002,0.000,,,,,NVIDIA A100-SXM4-40GB MIG 4g.20gb (0),1,,13,"void channel_eq::eqMmseSoftDemapKernel<float, __half, __half, float, (unsigned int)4, (unsigned short)16383>(channel_eq::_puschRxChEqStatDescr *, channel_eq::_puschRxChEqSoftDemapDynDescr)"
3085796303,583865,46694,1,1,1,32,32,1,30,0.000,0.000,,,,,NVIDIA A100-SXM4-40GB MIG 4g.20gb (0),1,,13,"void convert_kernel<float2, __half2>(tensor_layout_any, T1 *, tensor_layout_any, const T2 *)"
3086416424,15104,46706,2253,1,1,128,1,1,16,0.000,0.000,,,,,NVIDIA A100-SXM4-40GB MIG 4g.20gb (0),1,,13,cupy_copy__float16_float16
3086561894,15936,46715,282,1,1,128,1,1,16,0.000,0.000,,,,,NVIDIA A100-SXM4-40GB MIG 4g.20gb (0),1,,13,cupy_copy__complex64_complex64
3086584038,6752,46724,26,1,1,128,1,1,16,0.000,0.000,,,,,NVIDIA A100-SXM4-40GB MIG 4g.20gb (0),1,,13,cupy_copy__float32_float32
3086713316,7488,46733,103,1,1,128,1,1,16,0.000,0.000,,,,,NVIDIA A100-SXM4-40GB MIG 4g.20gb (0),1,,13,cupy_copy__complex64_complex64
3086740132,18240,46743,1434,1,1,128,1,1,16,0.000,0.000,,,,,NVIDIA A100-SXM4-40GB MIG 4g.20gb (0),1,,13,cupy_copy__complex64_complex64
3086759876,81375,46748,1,1,1,32,32,1,30,0.000,0.000,,,,,NVIDIA A100-SXM4-40GB MIG 4g.20gb (0),1,,13,"void convert_kernel<__half2, float2>(tensor_layout_any, T1 *, tensor_layout_any, const T2 *)"
3086870851,5408,46751,,,,,,,,,,0.094,17325.421,Pinned,Device,NVIDIA A100-SXM4-40GB MIG 4g.20gb (0),1,,13,[CUDA memcpy Host-to-Device]
3086909250,629753,46752,,,,,,,,,,456.561,724563.005,Device,,NVIDIA A100-SXM4-40GB MIG 4g.20gb (0),1,,13,[CUDA memset]
3087543611,50239,46757,,,,,,,,,,1.235,24580.325,Pinned,Device,NVIDIA A100-SXM4-40GB MIG 4g.20gb (0),1,,13,[CUDA memcpy Host-to-Device]
3087596378,9344,46758,,,,,,,,,,0.197,21040.988,Pinned,Device,NVIDIA A100-SXM4-40GB MIG 4g.20gb (0),1,,13,[CUDA memcpy Host-to-Device]
3087697945,39392,46759,69,4,1,48,1,1,76,0.002,0.000,,,,,NVIDIA A100-SXM4-40GB MIG 4g.20gb (0),1,,13,"void ch_est::windowedChEstPreNoDftSOfdmKernel<float, __half, float, (unsigned int)2, (unsigned int)1, (unsigned short)4>(ch_est::puschRxChEstStatDescr_t *, ch_est::puschRxChEstDynDescr_t *)"
3087838199,27008,46760,137,2,1,24,2,1,44,0.001,0.001,,,,,NVIDIA A100-SXM4-40GB MIG 4g.20gb (0),1,,13,"void ch_est::chEstFilterNoDftSOfdmDispatchKernel<float, __half, float, (unsigned int)2>(ch_est::puschRxChEstStatDescr_t *, ch_est::puschRxChEstDynDescr_t *)"
3087867095,29184,46761,137,2,1,24,2,1,44,0.001,0.001,,,,,NVIDIA A100-SXM4-40GB MIG 4g.20gb (0),1,,13,"void ch_est::chEstFilterNoDftSOfdmDispatchKernel<float, __half, float, (unsigned int)2>(ch_est::puschRxChEstStatDescr_t *, ch_est::puschRxChEstDynDescr_t *)"
3087994070,11872,46772,103,1,1,128,1,1,16,0.000,0.000,,,,,NVIDIA A100-SXM4-40GB MIG 4g.20gb (0),1,,13,cupy_copy__complex64_complex64
3088017653,17056,46782,1434,1,1,128,1,1,16,0.000,0.000,,,,,NVIDIA A100-SXM4-40GB MIG 4g.20gb (0),1,,13,cupy_copy__complex64_complex64
3088145524,11072,46789,103,1,1,128,1,1,16,0.000,0.000,,,,,NVIDIA A100-SXM4-40GB MIG 4g.20gb (0),1,,13,cupy_copy__complex64_complex64
3088174196,243165,46796,1,1,1,32,32,1,30,0.000,0.000,,,,,NVIDIA A100-SXM4-40GB MIG 4g.20gb (0),1,,13,"void convert_kernel<__half2, float2>(tensor_layout_any, T1 *, tensor_layout_any, const T2 *)"
3088448848,5376,46799,,,,,,,,,,0.094,17428.487,Pinned,Device,NVIDIA A100-SXM4-40GB MIG 4g.20gb (0),1,,13,[CUDA memcpy Host-to-Device]
3088469424,60896,46800,,,,,,,,,,35.810,588034.696,Device,,NVIDIA A100-SXM4-40GB MIG 4g.20gb (0),1,,13,[CUDA memset]
3088534063,2144,46802,,,,,,,,,,0.000,37.313,Pinned,Device,NVIDIA A100-SXM4-40GB MIG 4g.20gb (0),1,,13,[CUDA memcpy Host-to-Device]
3088538671,9312,46803,,,,,,,,,,0.197,21113.340,Pinned,Device,NVIDIA A100-SXM4-40GB MIG 4g.20gb (0),1,,13,[CUDA memcpy Host-to-Device]
3088692718,28671,46804,273,1,1,48,1,1,40,0.000,0.001,,,,,NVIDIA A100-SXM4-40GB MIG 4g.20gb (0),1,,13,"void pusch_noise_intf_est::noiseIntfEstNoDftSOfdmKernel<float, __half, float, float, (unsigned int)2, (unsigned int)1, (unsigned char)4, (unsigned char)4>(pusch_noise_intf_est::puschRxNoiseIntfEstDynDescr)"
3088727629,32576,46815,35,1,1,128,1,1,16,0.000,0.000,,,,,NVIDIA A100-SXM4-40GB MIG 4g.20gb (0),1,,13,cupy_copy__complex64_complex64
3088761453,2048,46824,1,1,1,1,1,1,18,0.000,0.000,,,,,NVIDIA A100-SXM4-40GB MIG 4g.20gb (0),1,,13,cupy_copy__float32_float32
3088770605,1856,46830,,,,,,,,,,0.000,2.155,Device,Pageable,NVIDIA A100-SXM4-40GB MIG 4g.20gb (0),1,,7,[CUDA memcpy Device-to-Host]
3088837644,27008,46841,1434,1,1,128,1,1,16,0.000,0.000,,,,,NVIDIA A100-SXM4-40GB MIG 4g.20gb (0),1,,13,cupy_copy__complex64_complex64
3088866892,2752,46848,103,1,1,128,1,1,16,0.000,0.000,,,,,NVIDIA A100-SXM4-40GB MIG 4g.20gb (0),1,,13,cupy_copy__complex64_complex64
3088884779,10752,46855,35,1,1,128,1,1,16,0.000,0.000,,,,,NVIDIA A100-SXM4-40GB MIG 4g.20gb (0),1,,13,cupy_copy__complex64_complex64
3088902923,1920,46862,1,1,1,1,1,1,18,0.000,0.000,,,,,NVIDIA A100-SXM4-40GB MIG 4g.20gb (0),1,,13,cupy_copy__float32_float32
3089045994,135870,46873,1,1,1,32,32,1,30,0.000,0.000,,,,,NVIDIA A100-SXM4-40GB MIG 4g.20gb (0),1,,13,"void convert_kernel<__half2, float2>(tensor_layout_any, T1 *, tensor_layout_any, const T2 *)"
3089212168,5568,46876,,,,,,,,,,0.094,16827.521,Pinned,Device,NVIDIA A100-SXM4-40GB MIG 4g.20gb (0),1,,13,[CUDA memcpy Host-to-Device]
3089230279,18208,46877,,,,,,,,,,1.547,84940.590,Device,,NVIDIA A100-SXM4-40GB MIG 4g.20gb (0),1,,13,[CUDA memset]
3089255271,3040,46882,,,,,,,,,,0.031,10294.725,Pinned,Device,NVIDIA A100-SXM4-40GB MIG 4g.20gb (0),1,,13,[CUDA memcpy Host-to-Device]
3089261031,10016,46883,,,,,,,,,,0.197,19629.343,Pinned,Device,NVIDIA A100-SXM4-40GB MIG 4g.20gb (0),1,,13,[CUDA memcpy Host-to-Device]
3089282055,6528,46884,273,1,1,8,4,1,39,0.002,0.000,,,,,NVIDIA A100-SXM4-40GB MIG 4g.20gb (0),1,,13,"void channel_eq::eqMmseCoefCompLowMimoKernel<float, float, float, (unsigned int)4, (unsigned int)1, (unsigned int)4>(const channel_eq::_puschRxChEqStatDescr *, channel_eq::_puschRxChEqCoefCompDynDescr)"
3089290567,5792,46885,273,1,1,12,11,1,51,0.002,0.000,,,,,NVIDIA A100-SXM4-40GB MIG 4g.20gb (0),1,,13,"void channel_eq::eqMmseSoftDemapKernel<float, __half, __half, float, (unsigned int)4, (unsigned short)16383>(channel_eq::_puschRxChEqStatDescr *, channel_eq::_puschRxChEqSoftDemapDynDescr)"
3089298311,288444,46886,1,1,1,32,32,1,30,0.000,0.000,,,,,NVIDIA A100-SXM4-40GB MIG 4g.20gb (0),1,,13,"void convert_kernel<float2, __half2>(tensor_layout_any, T1 *, tensor_layout_any, const T2 *)"
3089588963,16928,46898,2253,1,1,128,1,1,16,0.000,0.000,,,,,NVIDIA A100-SXM4-40GB MIG 4g.20gb (0),1,,13,cupy_copy__float16_float16
3089607555,2880,46907,282,1,1,128,1,1,16,0.000,0.000,,,,,NVIDIA A100-SXM4-40GB MIG 4g.20gb (0),1,,13,cupy_copy__complex64_complex64
3089612227,1984,46916,26,1,1,128,1,1,16,0.000,0.000,,,,,NVIDIA A100-SXM4-40GB MIG 4g.20gb (0),1,,13,cupy_copy__float32_float32
3089615811,29792,46925,103,1,1,128,1,1,16,0.000,0.000,,,,,NVIDIA A100-SXM4-40GB MIG 4g.20gb (0),1,,13,cupy_copy__complex64_complex64
3089646915,12992,46935,1434,1,1,128,1,1,16,0.000,0.000,,,,,NVIDIA A100-SXM4-40GB MIG 4g.20gb (0),1,,13,cupy_copy__complex64_complex64
3089661858,90143,46940,1,1,1,32,32,1,30,0.000,0.000,,,,,NVIDIA A100-SXM4-40GB MIG 4g.20gb (0),1,,13,"void convert_kernel<__half2, float2>(tensor_layout_any, T1 *, tensor_layout_any, const T2 *)"
3089781281,5472,46943,,,,,,,,,,0.094,17122.757,Pinned,Device,NVIDIA A100-SXM4-40GB MIG 4g.20gb (0),1,,13,[CUDA memcpy Host-to-Device]
3089792353,633049,46944,,,,,,,,,,456.561,720910.514,Device,,NVIDIA A100-SXM4-40GB MIG 4g.20gb (0),1,,13,[CUDA memset]
3090428346,51199,46949,,,,,,,,,,1.235,24119.691,Pinned,Device,NVIDIA A100-SXM4-40GB MIG 4g.20gb (0),1,,13,[CUDA memcpy Host-to-Device]
3090481977,9952,46950,,,,,,,,,,0.197,19755.565,Pinned,Device,NVIDIA A100-SXM4-40GB MIG 4g.20gb (0),1,,13,[CUDA memcpy Host-to-Device]
3090496409,20448,46951,69,4,1,48,1,1,76,0.002,0.000,,,,,NVIDIA A100-SXM4-40GB MIG 4g.20gb (0),1,,13,"void ch_est::windowedChEstPreNoDftSOfdmKernel<float, __half, float, (unsigned int)2, (unsigned int)1, (unsigned short)4>(ch_est::puschRxChEstStatDescr_t *, ch_est::puschRxChEstDynDescr_t *)"
3090518873,11552,46952,137,2,1,24,2,1,44,0.001,0.001,,,,,NVIDIA A100-SXM4-40GB MIG 4g.20gb (0),1,,13,"void ch_est::chEstFilterNoDftSOfdmDispatchKernel<float, __half, float, (unsigned int)2>(ch_est::puschRxChEstStatDescr_t *, ch_est::puschRxChEstDynDescr_t *)"
3090532504,25344,46953,137,2,1,24,2,1,44,0.001,0.001,,,,,NVIDIA A100-SXM4-40GB MIG 4g.20gb (0),1,,13,"void ch_est::chEstFilterNoDftSOfdmDispatchKernel<float, __half, float, (unsigned int)2>(ch_est::puschRxChEstStatDescr_t *, ch_est::puschRxChEstDynDescr_t *)"
3090559992,2496,46964,103,1,1,128,1,1,16,0.000,0.000,,,,,NVIDIA A100-SXM4-40GB MIG 4g.20gb (0),1,,13,cupy_copy__complex64_complex64
3090564760,27360,46974,1434,1,1,128,1,1,16,0.000,0.000,,,,,NVIDIA A100-SXM4-40GB MIG 4g.20gb (0),1,,13,cupy_copy__complex64_complex64
3090594264,2304,46981,103,1,1,128,1,1,16,0.000,0.000,,,,,NVIDIA A100-SXM4-40GB MIG 4g.20gb (0),1,,13,cupy_copy__complex64_complex64
3090616600,126366,46988,1,1,1,32,32,1,30,0.000,0.000,,,,,NVIDIA A100-SXM4-40GB MIG 4g.20gb (0),1,,13,"void convert_kernel<__half2, float2>(tensor_layout_any, T1 *, tensor_layout_any, const T2 *)"
3090780566,5344,46991,,,,,,,,,,0.094,17532.864,Pinned,Device,NVIDIA A100-SXM4-40GB MIG 4g.20gb (0),1,,13,[CUDA memcpy Host-to-Device]
3090797877,57088,46992,,,,,,,,,,35.810,627246.559,Device,,NVIDIA A100-SXM4-40GB MIG 4g.20gb (0),1,,13,[CUDA memset]
3090861077,2944,46994,,,,,,,,,,0.000,27.174,Pinned,Device,NVIDIA A100-SXM4-40GB MIG 4g.20gb (0),1,,13,[CUDA memcpy Host-to-Device]
3090866837,9344,46995,,,,,,,,,,0.197,21040.988,Pinned,Device,NVIDIA A100-SXM4-40GB MIG 4g.20gb (0),1,,13,[CUDA memcpy Host-to-Device]
3090880756,14048,46996,273,1,1,48,1,1,40,0.000,0.001,,,,,NVIDIA A100-SXM4-40GB MIG 4g.20gb (0),1,,13,"void pusch_noise_intf_est::noiseIntfEstNoDftSOfdmKernel<float, __half, float, float, (unsigned int)2, (unsigned int)1, (unsigned char)4, (unsigned char)4>(pusch_noise_intf_est::puschRxNoiseIntfEstDynDescr)"
3090905140,3200,47007,35,1,1,128,1,1,16,0.000,0.000,,,,,NVIDIA A100-SXM4-40GB MIG 4g.20gb (0),1,,13,cupy_copy__complex64_complex64
3090941108,2080,47016,1,1,1,1,1,1,18,0.000,0.000,,,,,NVIDIA A100-SXM4-40GB MIG 4g.20gb (0),1,,13,cupy_copy__float32_float32
3090976179,1568,47022,,,,,,,,,,0.000,2.551,Device,Pageable,NVIDIA A100-SXM4-40GB MIG 4g.20gb (0),1,,7,[CUDA memcpy Device-to-Host]
3091036787,12192,47033,1434,1,1,128,1,1,16,0.000,0.000,,,,,NVIDIA A100-SXM4-40GB MIG 4g.20gb (0),1,,13,cupy_copy__complex64_complex64
3091062866,5408,47040,103,1,1,128,1,1,16,0.000,0.000,,,,,NVIDIA A100-SXM4-40GB MIG 4g.20gb (0),1,,13,cupy_copy__complex64_complex64
3091084178,27264,47047,35,1,1,128,1,1,16,0.000,0.000,,,,,NVIDIA A100-SXM4-40GB MIG 4g.20gb (0),1,,13,cupy_copy__complex64_complex64
3091112818,2080,47054,1,1,1,1,1,1,18,0.000,0.000,,,,,NVIDIA A100-SXM4-40GB MIG 4g.20gb (0),1,,13,cupy_copy__float32_float32
3091241840,111423,47065,1,1,1,32,32,1,30,0.000,0.000,,,,,NVIDIA A100-SXM4-40GB MIG 4g.20gb (0),1,,13,"void convert_kernel<__half2, float2>(tensor_layout_any, T1 *, tensor_layout_any, const T2 *)"
3091383535,6048,47068,,,,,,,,,,0.094,15491.978,Pinned,Device,NVIDIA A100-SXM4-40GB MIG 4g.20gb (0),1,,13,[CUDA memcpy Host-to-Device]
3091421550,23712,47069,,,,,,,,,,1.547,65224.227,Device,,NVIDIA A100-SXM4-40GB MIG 4g.20gb (0),1,,13,[CUDA memset]
3091453262,3424,47074,,,,,,,,,,0.031,9140.185,Pinned,Device,NVIDIA A100-SXM4-40GB MIG 4g.20gb (0),1,,13,[CUDA memcpy Host-to-Device]
3091459758,9440,47075,,,,,,,,,,0.197,20827.079,Pinned,Device,NVIDIA A100-SXM4-40GB MIG 4g.20gb (0),1,,13,[CUDA memcpy Host-to-Device]
3091539789,34080,47076,273,1,1,8,4,1,39,0.002,0.000,,,,,NVIDIA A100-SXM4-40GB MIG 4g.20gb (0),1,,13,"void channel_eq::eqMmseCoefCompLowMimoKernel<float, float, float, (unsigned int)4, (unsigned int)1, (unsigned int)4>(const channel_eq::_puschRxChEqStatDescr *, channel_eq::_puschRxChEqCoefCompDynDescr)"
3091626092,39679,47077,273,1,1,12,11,1,51,0.002,0.000,,,,,NVIDIA A100-SXM4-40GB MIG 4g.20gb (0),1,,13,"void channel_eq::eqMmseSoftDemapKernel<float, __half, __half, float, (unsigned int)4, (unsigned short)16383>(channel_eq::_puschRxChEqStatDescr *, channel_eq::_puschRxChEqSoftDemapDynDescr)"
3091711307,459483,47078,1,1,1,32,32,1,30,0.000,0.000,,,,,NVIDIA A100-SXM4-40GB MIG 4g.20gb (0),1,,13,"void convert_kernel<float2, __half2>(tensor_layout_any, T1 *, tensor_layout_any, const T2 *)"
3092216869,20800,47090,2253,1,1,128,1,1,16,0.000,0.000,,,,,NVIDIA A100-SXM4-40GB MIG 4g.20gb (0),1,,13,cupy_copy__float16_float16
3092240453,12032,47099,282,1,1,128,1,1,16,0.000,0.000,,,,,NVIDIA A100-SXM4-40GB MIG 4g.20gb (0),1,,13,cupy_copy__complex64_complex64
3092304772,5856,47108,26,1,1,128,1,1,16,0.000,0.000,,,,,NVIDIA A100-SXM4-40GB MIG 4g.20gb (0),1,,13,cupy_copy__float32_float32
3092330308,33631,47117,103,1,1,128,1,1,16,0.000,0.000,,,,,NVIDIA A100-SXM4-40GB MIG 4g.20gb (0),1,,13,cupy_copy__complex64_complex64
3092417955,17568,47127,1434,1,1,128,1,1,16,0.000,0.000,,,,,NVIDIA A100-SXM4-40GB MIG 4g.20gb (0),1,,13,cupy_copy__complex64_complex64
3092448450,248254,47132,1,1,1,32,32,1,30,0.000,0.000,,,,,NVIDIA A100-SXM4-40GB MIG 4g.20gb (0),1,,13,"void convert_kernel<__half2, float2>(tensor_layout_any, T1 *, tensor_layout_any, const T2 *)"
3092726495,5408,47135,,,,,,,,,,0.094,17325.421,Pinned,Device,NVIDIA A100-SXM4-40GB MIG 4g.20gb (0),1,,13,[CUDA memcpy Host-to-Device]
3092737823,627961,47136,,,,,,,,,,456.561,726845.812,Device,,NVIDIA A100-SXM4-40GB MIG 4g.20gb (0),1,,13,[CUDA memset]
3093372792,51711,47141,,,,,,,,,,1.235,23881.347,Pinned,Device,NVIDIA A100-SXM4-40GB MIG 4g.20gb (0),1,,13,[CUDA memcpy Host-to-Device]
3093426967,9344,47142,,,,,,,,,,0.197,21040.988,Pinned,Device,NVIDIA A100-SXM4-40GB MIG 4g.20gb (0),1,,13,[CUDA memcpy Host-to-Device]
3093468919,43199,47143,69,4,1,48,1,1,76,0.002,0.000,,,,,NVIDIA A100-SXM4-40GB MIG 4g.20gb (0),1,,13,"void ch_est::windowedChEstPreNoDftSOfdmKernel<float, __half, float, (unsigned int)2, (unsigned int)1, (unsigned short)4>(ch_est::puschRxChEstStatDescr_t *, ch_est::puschRxChEstDynDescr_t *)"
3093533462,27552,47144,137,2,1,24,2,1,44,0.001,0.001,,,,,NVIDIA A100-SXM4-40GB MIG 4g.20gb (0),1,,13,"void ch_est::chEstFilterNoDftSOfdmDispatchKernel<float, __half, float, (unsigned int)2>(ch_est::puschRxChEstStatDescr_t *, ch_est::puschRxChEstDynDescr_t *)"
3093565078,42559,47145,137,2,1,24,2,1,44,0.001,0.001,,,,,NVIDIA A100-SXM4-40GB MIG 4g.20gb (0),1,,13,"void ch_est::chEstFilterNoDftSOfdmDispatchKernel<float, __half, float, (unsigned int)2>(ch_est::puschRxChEstStatDescr_t *, ch_est::puschRxChEstDynDescr_t *)"
3093639765,6528,47156,103,1,1,128,1,1,16,0.000,0.000,,,,,NVIDIA A100-SXM4-40GB MIG 4g.20gb (0),1,,13,cupy_copy__complex64_complex64
3093668148,17184,47166,1434,1,1,128,1,1,16,0.000,0.000,,,,,NVIDIA A100-SXM4-40GB MIG 4g.20gb (0),1,,13,cupy_copy__complex64_complex64
3093748372,9311,47173,103,1,1,128,1,1,16,0.000,0.000,,,,,NVIDIA A100-SXM4-40GB MIG 4g.20gb (0),1,,13,cupy_copy__complex64_complex64
3093775859,257085,47180,1,1,1,32,32,1,30,0.000,0.000,,,,,NVIDIA A100-SXM4-40GB MIG 4g.20gb (0),1,,13,"void convert_kernel<__half2, float2>(tensor_layout_any, T1 *, tensor_layout_any, const T2 *)"
3094062416,5376,47183,,,,,,,,,,0.094,17428.487,Pinned,Device,NVIDIA A100-SXM4-40GB MIG 4g.20gb (0),1,,13,[CUDA memcpy Host-to-Device]
3094108655,62848,47184,,,,,,,,,,35.810,569771.637,Device,,NVIDIA A100-SXM4-40GB MIG 4g.20gb (0),1,,13,[CUDA memset]
3094172751,3104,47186,,,,,,,,,,0.000,25.773,Pinned,Device,NVIDIA A100-SXM4-40GB MIG 4g.20gb (0),1,,13,[CUDA memcpy Host-to-Device]
3094178959,9855,47187,,,,,,,,,,0.197,19950.010,Pinned,Device,NVIDIA A100-SXM4-40GB MIG 4g.20gb (0),1,,13,[CUDA memcpy Host-to-Device]
3094258062,34879,47188,273,1,1,48,1,1,40,0.000,0.001,,,,,NVIDIA A100-SXM4-40GB MIG 4g.20gb (0),1,,13,"void pusch_noise_intf_est::noiseIntfEstNoDftSOfdmKernel<float, __half, float, float, (unsigned int)2, (unsigned int)1, (unsigned char)4, (unsigned char)4>(pusch_noise_intf_est::puschRxNoiseIntfEstDynDescr)"
3094294797,21376,47199,35,1,1,128,1,1,16,0.000,0.000,,,,,NVIDIA A100-SXM4-40GB MIG 4g.20gb (0),1,,13,cupy_copy__complex64_complex64
3094372460,2464,47208,1,1,1,1,1,1,18,0.000,0.000,,,,,NVIDIA A100-SXM4-40GB MIG 4g.20gb (0),1,,13,cupy_copy__float32_float32
3094380044,2400,47214,,,,,,,,,,0.000,1.667,Device,Pageable,NVIDIA A100-SXM4-40GB MIG 4g.20gb (0),1,,7,[CUDA memcpy Device-to-Host]
3094506923,22560,47225,1434,1,1,128,1,1,16,0.000,0.000,,,,,NVIDIA A100-SXM4-40GB MIG 4g.20gb (0),1,,13,cupy_copy__complex64_complex64
3094531403,2719,47232,103,1,1,128,1,1,16,0.000,0.000,,,,,NVIDIA A100-SXM4-40GB MIG 4g.20gb (0),1,,13,cupy_copy__complex64_complex64
3094617642,26079,47239,35,1,1,128,1,1,16,0.000,0.000,,,,,NVIDIA A100-SXM4-40GB MIG 4g.20gb (0),1,,13,cupy_copy__complex64_complex64
3094686825,3520,47246,1,1,1,1,1,1,18,0.000,0.000,,,,,NVIDIA A100-SXM4-40GB MIG 4g.20gb (0),1,,13,cupy_copy__float32_float32
3094709640,252798,47257,1,1,1,32,32,1,30,0.000,0.000,,,,,NVIDIA A100-SXM4-40GB MIG 4g.20gb (0),1,,13,"void convert_kernel<__half2, float2>(tensor_layout_any, T1 *, tensor_layout_any, const T2 *)"
3094999461,5376,47260,,,,,,,,,,0.094,17428.487,Pinned,Device,NVIDIA A100-SXM4-40GB MIG 4g.20gb (0),1,,13,[CUDA memcpy Host-to-Device]
3095026949,11808,47261,,,,,,,,,,1.547,130980.493,Device,,NVIDIA A100-SXM4-40GB MIG 4g.20gb (0),1,,13,[CUDA memset]
3095042405,3040,47266,,,,,,,,,,0.031,10294.725,Pinned,Device,NVIDIA A100-SXM4-40GB MIG 4g.20gb (0),1,,13,[CUDA memcpy Host-to-Device]
3095047877,9791,47267,,,,,,,,,,0.197,20080.361,Pinned,Device,NVIDIA A100-SXM4-40GB MIG 4g.20gb (0),1,,13,[CUDA memcpy Host-to-Device]
3095112420,32031,47268,273,1,1,8,4,1,39,0.002,0.000,,,,,NVIDIA A100-SXM4-40GB MIG 4g.20gb (0),1,,13,"void channel_eq::eqMmseCoefCompLowMimoKernel<float, float, float, (unsigned int)4, (unsigned int)1, (unsigned int)4>(const channel_eq::_puschRxChEqStatDescr *, channel_eq::_puschRxChEqCoefCompDynDescr)"
3095150243,42656,47269,273,1,1,12,11,1,51,0.002,0.000,,,,,NVIDIA A100-SXM4-40GB MIG 4g.20gb (0),1,,13,"void channel_eq::eqMmseSoftDemapKernel<float, __half, __half, float, (unsigned int)4, (unsigned short)16383>(channel_eq::_puschRxChEqStatDescr *, channel_eq::_puschRxChEqSoftDemapDynDescr)"
3095226403,584441,47270,1,1,1,32,32,1,30,0.000,0.000,,,,,NVIDIA A100-SXM4-40GB MIG 4g.20gb (0),1,,13,"void convert_kernel<float2, __half2>(tensor_layout_any, T1 *, tensor_layout_any, const T2 *)"
3095865243,15008,47282,2253,1,1,128,1,1,16,0.000,0.000,,,,,NVIDIA A100-SXM4-40GB MIG 4g.20gb (0),1,,13,cupy_copy__float16_float16
3095926906,16800,47291,282,1,1,128,1,1,16,0.000,0.000,,,,,NVIDIA A100-SXM4-40GB MIG 4g.20gb (0),1,,13,cupy_copy__complex64_complex64
3095953114,7904,47300,26,1,1,128,1,1,16,0.000,0.000,,,,,NVIDIA A100-SXM4-40GB MIG 4g.20gb (0),1,,13,cupy_copy__float32_float32
3096012249,15680,47309,103,1,1,128,1,1,16,0.000,0.000,,,,,NVIDIA A100-SXM4-40GB MIG 4g.20gb (0),1,,13,cupy_copy__complex64_complex64
3096050105,20416,47319,1434,1,1,128,1,1,16,0.000,0.000,,,,,NVIDIA A100-SXM4-40GB MIG 4g.20gb (0),1,,13,cupy_copy__complex64_complex64
3096144792,213854,47324,1,1,1,32,32,1,30,0.000,0.000,,,,,NVIDIA A100-SXM4-40GB MIG 4g.20gb (0),1,,13,"void convert_kernel<__half2, float2>(tensor_layout_any, T1 *, tensor_layout_any, const T2 *)"
3096403573,8544,47327,,,,,,,,,,0.094,10966.274,Pinned,Device,NVIDIA A100-SXM4-40GB MIG 4g.20gb (0),1,,13,[CUDA memcpy Host-to-Device]
3096452980,632985,47328,,,,,,,,,,456.561,720910.514,Device,,NVIDIA A100-SXM4-40GB MIG 4g.20gb (0),1,,13,[CUDA memset]
3097087373,51360,47333,,,,,,,,,,1.235,24044.360,Pinned,Device,NVIDIA A100-SXM4-40GB MIG 4g.20gb (0),1,,13,[CUDA memcpy Host-to-Device]
3097142061,10335,47334,,,,,,,,,,0.197,19023.397,Pinned,Device,NVIDIA A100-SXM4-40GB MIG 4g.20gb (0),1,,13,[CUDA memcpy Host-to-Device]
3097194764,47967,47335,69,4,1,48,1,1,76,0.002,0.000,,,,,NVIDIA A100-SXM4-40GB MIG 4g.20gb (0),1,,13,"void ch_est::windowedChEstPreNoDftSOfdmKernel<float, __half, float, (unsigned int)2, (unsigned int)1, (unsigned short)4>(ch_est::puschRxChEstStatDescr_t *, ch_est::puschRxChEstDynDescr_t *)"
3097279659,26848,47336,137,2,1,24,2,1,44,0.001,0.001,,,,,NVIDIA A100-SXM4-40GB MIG 4g.20gb (0),1,,13,"void ch_est::chEstFilterNoDftSOfdmDispatchKernel<float, __half, float, (unsigned int)2>(ch_est::puschRxChEstStatDescr_t *, ch_est::puschRxChEstDynDescr_t *)"
3097308523,16415,47337,137,2,1,24,2,1,44,0.001,0.001,,,,,NVIDIA A100-SXM4-40GB MIG 4g.20gb (0),1,,13,"void ch_est::chEstFilterNoDftSOfdmDispatchKernel<float, __half, float, (unsigned int)2>(ch_est::puschRxChEstStatDescr_t *, ch_est::puschRxChEstDynDescr_t *)"
3097397098,9439,47348,103,1,1,128,1,1,16,0.000,0.000,,,,,NVIDIA A100-SXM4-40GB MIG 4g.20gb (0),1,,13,cupy_copy__complex64_complex64
3097457673,17984,47358,1434,1,1,128,1,1,16,0.000,0.000,,,,,NVIDIA A100-SXM4-40GB MIG 4g.20gb (0),1,,13,cupy_copy__complex64_complex64
3097492424,7360,47365,103,1,1,128,1,1,16,0.000,0.000,,,,,NVIDIA A100-SXM4-40GB MIG 4g.20gb (0),1,,13,cupy_copy__complex64_complex64
3097556936,272253,47372,1,1,1,32,32,1,30,0.000,0.000,,,,,NVIDIA A100-SXM4-40GB MIG 4g.20gb (0),1,,13,"void convert_kernel<__half2, float2>(tensor_layout_any, T1 *, tensor_layout_any, const T2 *)"
3097859716,5376,47375,,,,,,,,,,0.094,17428.487,Pinned,Device,NVIDIA A100-SXM4-40GB MIG 4g.20gb (0),1,,13,[CUDA memcpy Host-to-Device]
3097929923,61984,47376,,,,,,,,,,35.810,577721.439,Device,,NVIDIA A100-SXM4-40GB MIG 4g.20gb (0),1,,13,[CUDA memset]
3097999011,2368,47378,,,,,,,,,,0.000,33.784,Pinned,Device,NVIDIA A100-SXM4-40GB MIG 4g.20gb (0),1,,13,[CUDA memcpy Host-to-Device]
3098003779,11199,47379,,,,,,,,,,0.197,17555.718,Pinned,Device,NVIDIA A100-SXM4-40GB MIG 4g.20gb (0),1,,13,[CUDA memcpy Host-to-Device]
3098081474,33887,47380,273,1,1,48,1,1,40,0.000,0.001,,,,,NVIDIA A100-SXM4-40GB MIG 4g.20gb (0),1,,13,"void pusch_noise_intf_est::noiseIntfEstNoDftSOfdmKernel<float, __half, float, float, (unsigned int)2, (unsigned int)1, (unsigned char)4, (unsigned char)4>(pusch_noise_intf_est::puschRxNoiseIntfEstDynDescr)"
3098117473,6944,47391,35,1,1,128,1,1,16,0.000,0.000,,,,,NVIDIA A100-SXM4-40GB MIG 4g.20gb (0),1,,13,cupy_copy__complex64_complex64
3098189376,2496,47400,1,1,1,1,1,1,18,0.000,0.000,,,,,NVIDIA A100-SXM4-40GB MIG 4g.20gb (0),1,,13,cupy_copy__float32_float32
3098194688,1600,47406,,,,,,,,,,0.000,2.500,Device,Pageable,NVIDIA A100-SXM4-40GB MIG 4g.20gb (0),1,,7,[CUDA memcpy Device-to-Host]
3098283615,19296,47417,1434,1,1,128,1,1,16,0.000,0.000,,,,,NVIDIA A100-SXM4-40GB MIG 4g.20gb (0),1,,13,cupy_copy__complex64_complex64
3098315647,10368,47424,103,1,1,128,1,1,16,0.000,0.000,,,,,NVIDIA A100-SXM4-40GB MIG 4g.20gb (0),1,,13,cupy_copy__complex64_complex64
3098381982,7936,47431,35,1,1,128,1,1,16,0.000,0.000,,,,,NVIDIA A100-SXM4-40GB MIG 4g.20gb (0),1,,13,cupy_copy__complex64_complex64
3098414430,5216,47438,1,1,1,1,1,1,18,0.000,0.000,,,,,NVIDIA A100-SXM4-40GB MIG 4g.20gb (0),1,,13,cupy_copy__float32_float32
3098515677,203613,47449,1,1,1,32,32,1,30,0.000,0.000,,,,,NVIDIA A100-SXM4-40GB MIG 4g.20gb (0),1,,13,"void convert_kernel<__half2, float2>(tensor_layout_any, T1 *, tensor_layout_any, const T2 *)"
3098752186,5376,47452,,,,,,,,,,0.094,17428.487,Pinned,Device,NVIDIA A100-SXM4-40GB MIG 4g.20gb (0),1,,13,[CUDA memcpy Host-to-Device]
3098782074,10976,47453,,,,,,,,,,1.547,140908.273,Device,,NVIDIA A100-SXM4-40GB MIG 4g.20gb (0),1,,13,[CUDA memset]
3098797817,3040,47458,,,,,,,,,,0.031,10294.725,Pinned,Device,NVIDIA A100-SXM4-40GB MIG 4g.20gb (0),1,,13,[CUDA memcpy Host-to-Device]
3098803609,10752,47459,,,,,,,,,,0.197,18285.527,Pinned,Device,NVIDIA A100-SXM4-40GB MIG 4g.20gb (0),1,,13,[CUDA memcpy Host-to-Device]
3098890648,33376,47460,273,1,1,8,4,1,39,0.002,0.000,,,,,NVIDIA A100-SXM4-40GB MIG 4g.20gb (0),1,,13,"void channel_eq::eqMmseCoefCompLowMimoKernel<float, float, float, (unsigned int)4, (unsigned int)1, (unsigned int)4>(const channel_eq::_puschRxChEqStatDescr *, channel_eq::_puschRxChEqCoefCompDynDescr)"
3098926456,30976,47461,273,1,1,12,11,1,51,0.002,0.000,,,,,NVIDIA A100-SXM4-40GB MIG 4g.20gb (0),1,,13,"void channel_eq::eqMmseSoftDemapKernel<float, __half, __half, float, (unsigned int)4, (unsigned short)16383>(channel_eq::_puschRxChEqStatDescr *, channel_eq::_puschRxChEqSoftDemapDynDescr)"
3098990519,595449,47462,1,1,1,32,32,1,30,0.000,0.000,,,,,NVIDIA A100-SXM4-40GB MIG 4g.20gb (0),1,,13,"void convert_kernel<float2, __half2>(tensor_layout_any, T1 *, tensor_layout_any, const T2 *)"
3099620464,20160,47474,2253,1,1,128,1,1,16,0.000,0.000,,,,,NVIDIA A100-SXM4-40GB MIG 4g.20gb (0),1,,13,cupy_copy__float16_float16
3099697327,5408,47483,282,1,1,128,1,1,16,0.000,0.000,,,,,NVIDIA A100-SXM4-40GB MIG 4g.20gb (0),1,,13,cupy_copy__complex64_complex64
3099729711,5056,47492,26,1,1,128,1,1,16,0.000,0.000,,,,,NVIDIA A100-SXM4-40GB MIG 4g.20gb (0),1,,13,cupy_copy__float32_float32
3099787406,7360,47501,103,1,1,128,1,1,16,0.000,0.000,,,,,NVIDIA A100-SXM4-40GB MIG 4g.20gb (0),1,,13,cupy_copy__complex64_complex64
3099817934,24159,47511,1434,1,1,128,1,1,16,0.000,0.000,,,,,NVIDIA A100-SXM4-40GB MIG 4g.20gb (0),1,,13,cupy_copy__complex64_complex64
3099843757,178046,47516,1,1,1,32,32,1,30,0.000,0.000,,,,,NVIDIA A100-SXM4-40GB MIG 4g.20gb (0),1,,13,"void convert_kernel<__half2, float2>(tensor_layout_any, T1 *, tensor_layout_any, const T2 *)"
3100052779,6432,47519,,,,,,,,,,0.094,14567.105,Pinned,Device,NVIDIA A100-SXM4-40GB MIG 4g.20gb (0),1,,13,[CUDA memcpy Host-to-Device]
3100063915,622009,47520,,,,,,,,,,456.561,733694.234,Device,,NVIDIA A100-SXM4-40GB MIG 4g.20gb (0),1,,13,[CUDA memset]
3100689732,51199,47525,,,,,,,,,,1.235,24119.691,Pinned,Device,NVIDIA A100-SXM4-40GB MIG 4g.20gb (0),1,,13,[CUDA memcpy Host-to-Device]
3100743395,9984,47526,,,,,,,,,,0.197,19692.257,Pinned,Device,NVIDIA A100-SXM4-40GB MIG 4g.20gb (0),1,,13,[CUDA memcpy Host-to-Device]
3100801954,36000,47527,69,4,1,48,1,1,76,0.002,0.000,,,,,NVIDIA A100-SXM4-40GB MIG 4g.20gb (0),1,,13,"void ch_est::windowedChEstPreNoDftSOfdmKernel<float, __half, float, (unsigned int)2, (unsigned int)1, (unsigned short)4>(ch_est::puschRxChEstStatDescr_t *, ch_est::puschRxChEstDynDescr_t *)"
3100875202,34719,47528,137,2,1,24,2,1,44,0.001,0.001,,,,,NVIDIA A100-SXM4-40GB MIG 4g.20gb (0),1,,13,"void ch_est::chEstFilterNoDftSOfdmDispatchKernel<float, __half, float, (unsigned int)2>(ch_est::puschRxChEstStatDescr_t *, ch_est::puschRxChEstDynDescr_t *)"
3100912449,44864,47529,137,2,1,24,2,1,44,0.001,0.001,,,,,NVIDIA A100-SXM4-40GB MIG 4g.20gb (0),1,,13,"void ch_est::chEstFilterNoDftSOfdmDispatchKernel<float, __half, float, (unsigned int)2>(ch_est::puschRxChEstStatDescr_t *, ch_est::puschRxChEstDynDescr_t *)"
3100983712,8672,47540,103,1,1,128,1,1,16,0.000,0.000,,,,,NVIDIA A100-SXM4-40GB MIG 4g.20gb (0),1,,13,cupy_copy__complex64_complex64
3101006016,18432,47550,1434,1,1,128,1,1,16,0.000,0.000,,,,,NVIDIA A100-SXM4-40GB MIG 4g.20gb (0),1,,13,cupy_copy__complex64_complex64
3101031776,2944,47557,103,1,1,128,1,1,16,0.000,0.000,,,,,NVIDIA A100-SXM4-40GB MIG 4g.20gb (0),1,,13,cupy_copy__complex64_complex64
3101120383,267709,47564,1,1,1,32,32,1,30,0.000,0.000,,,,,NVIDIA A100-SXM4-40GB MIG 4g.20gb (0),1,,13,"void convert_kernel<__half2, float2>(tensor_layout_any, T1 *, tensor_layout_any, const T2 *)"
3101417883,5504,47567,,,,,,,,,,0.094,17023.251,Pinned,Device,NVIDIA A100-SXM4-40GB MIG 4g.20gb (0),1,,13,[CUDA memcpy Host-to-Device]
3101489371,64991,47568,,,,,,,,,,35.810,550971.429,Device,,NVIDIA A100-SXM4-40GB MIG 4g.20gb (0),1,,13,[CUDA memset]
3101557146,1888,47570,,,,,,,,,,0.000,42.373,Pinned,Device,NVIDIA A100-SXM4-40GB MIG 4g.20gb (0),1,,13,[CUDA memcpy Host-to-Device]
3101561466,9376,47571,,,,,,,,,,0.197,20969.226,Pinned,Device,NVIDIA A100-SXM4-40GB MIG 4g.20gb (0),1,,13,[CUDA memcpy Host-to-Device]
3101658233,44031,47572,273,1,1,48,1,1,40,0.000,0.001,,,,,NVIDIA A100-SXM4-40GB MIG 4g.20gb (0),1,,13,"void pusch_noise_intf_est::noiseIntfEstNoDftSOfdmKernel<float, __half, float, float, (unsigned int)2, (unsigned int)1, (unsigned char)4, (unsigned char)4>(pusch_noise_intf_est::puschRxNoiseIntfEstDynDescr)"
3101747896,9183,47583,35,1,1,128,1,1,16,0.000,0.000,,,,,NVIDIA A100-SXM4-40GB MIG 4g.20gb (0),1,,13,cupy_copy__complex64_complex64
3101811959,4544,47592,1,1,1,1,1,1,18,0.000,0.000,,,,,NVIDIA A100-SXM4-40GB MIG 4g.20gb (0),1,,13,cupy_copy__float32_float32
3101821655,1600,47598,,,,,,,,,,0.000,2.500,Device,Pageable,NVIDIA A100-SXM4-40GB MIG 4g.20gb (0),1,,7,[CUDA memcpy Device-to-Host]
3101928565,20032,47609,1434,1,1,128,1,1,16,0.000,0.000,,,,,NVIDIA A100-SXM4-40GB MIG 4g.20gb (0),1,,13,cupy_copy__complex64_complex64
3101960661,8032,47616,103,1,1,128,1,1,16,0.000,0.000,,,,,NVIDIA A100-SXM4-40GB MIG 4g.20gb (0),1,,13,cupy_copy__complex64_complex64
3102035732,4640,47623,35,1,1,128,1,1,16,0.000,0.000,,,,,NVIDIA A100-SXM4-40GB MIG 4g.20gb (0),1,,13,cupy_copy__complex64_complex64
3102073172,3648,47630,1,1,1,1,1,1,18,0.000,0.000,,,,,NVIDIA A100-SXM4-40GB MIG 4g.20gb (0),1,,13,cupy_copy__float32_float32
3102093204,201949,47641,1,1,1,32,32,1,30,0.000,0.000,,,,,NVIDIA A100-SXM4-40GB MIG 4g.20gb (0),1,,13,"void convert_kernel<__half2, float2>(tensor_layout_any, T1 *, tensor_layout_any, const T2 *)"
3102325425,5376,47644,,,,,,,,,,0.094,17428.487,Pinned,Device,NVIDIA A100-SXM4-40GB MIG 4g.20gb (0),1,,13,[CUDA memcpy Host-to-Device]
3102340209,3776,47645,,,,,,,,,,1.547,409592.434,Device,,NVIDIA A100-SXM4-40GB MIG 4g.20gb (0),1,,13,[CUDA memset]
3102346865,4160,47650,,,,,,,,,,0.031,7523.058,Pinned,Device,NVIDIA A100-SXM4-40GB MIG 4g.20gb (0),1,,13,[CUDA memcpy Host-to-Device]
3102353489,9376,47651,,,,,,,,,,0.197,20969.226,Pinned,Device,NVIDIA A100-SXM4-40GB MIG 4g.20gb (0),1,,13,[CUDA memcpy Host-to-Device]
3102423536,36927,47652,273,1,1,8,4,1,39,0.002,0.000,,,,,NVIDIA A100-SXM4-40GB MIG 4g.20gb (0),1,,13,"void channel_eq::eqMmseCoefCompLowMimoKernel<float, float, float, (unsigned int)4, (unsigned int)1, (unsigned int)4>(const channel_eq::_puschRxChEqStatDescr *, channel_eq::_puschRxChEqCoefCompDynDescr)"
3102494255,28512,47653,273,1,1,12,11,1,51,0.002,0.000,,,,,NVIDIA A100-SXM4-40GB MIG 4g.20gb (0),1,,13,"void channel_eq::eqMmseSoftDemapKernel<float, __half, __half, float, (unsigned int)4, (unsigned short)16383>(channel_eq::_puschRxChEqStatDescr *, channel_eq::_puschRxChEqSoftDemapDynDescr)"
3102525039,569465,47654,1,1,1,32,32,1,30,0.000,0.000,,,,,NVIDIA A100-SXM4-40GB MIG 4g.20gb (0),1,,13,"void convert_kernel<float2, __half2>(tensor_layout_any, T1 *, tensor_layout_any, const T2 *)"
3103125096,16704,47666,2253,1,1,128,1,1,16,0.000,0.000,,,,,NVIDIA A100-SXM4-40GB MIG 4g.20gb (0),1,,13,cupy_copy__float16_float16
3103206247,6400,47675,282,1,1,128,1,1,16,0.000,0.000,,,,,NVIDIA A100-SXM4-40GB MIG 4g.20gb (0),1,,13,cupy_copy__complex64_complex64
3103234086,7232,47684,26,1,1,128,1,1,16,0.000,0.000,,,,,NVIDIA A100-SXM4-40GB MIG 4g.20gb (0),1,,13,cupy_copy__float32_float32
3103291686,18976,47693,103,1,1,128,1,1,16,0.000,0.000,,,,,NVIDIA A100-SXM4-40GB MIG 4g.20gb (0),1,,13,cupy_copy__complex64_complex64
3103338885,20992,47703,1434,1,1,128,1,1,16,0.000,0.000,,,,,NVIDIA A100-SXM4-40GB MIG 4g.20gb (0),1,,13,cupy_copy__complex64_complex64
3103416804,257373,47708,1,1,1,32,32,1,30,0.000,0.000,,,,,NVIDIA A100-SXM4-40GB MIG 4g.20gb (0),1,,13,"void convert_kernel<__half2, float2>(tensor_layout_any, T1 *, tensor_layout_any, const T2 *)"
3103703393,6272,47711,,,,,,,,,,0.094,14938.703,Pinned,Device,NVIDIA A100-SXM4-40GB MIG 4g.20gb (0),1,,13,[CUDA memcpy Host-to-Device]
3103715201,629817,47712,,,,,,,,,,456.561,724563.005,Device,,NVIDIA A100-SXM4-40GB MIG 4g.20gb (0),1,,13,[CUDA memset]
3104349338,51935,47717,,,,,,,,,,1.235,23777.612,Pinned,Device,NVIDIA A100-SXM4-40GB MIG 4g.20gb (0),1,,13,[CUDA memcpy Host-to-Device]
3104403705,9440,47718,,,,,,,,,,0.197,20827.079,Pinned,Device,NVIDIA A100-SXM4-40GB MIG 4g.20gb (0),1,,13,[CUDA memcpy Host-to-Device]
3104445433,40927,47719,69,4,1,48,1,1,76,0.002,0.000,,,,,NVIDIA A100-SXM4-40GB MIG 4g.20gb (0),1,,13,"void ch_est::windowedChEstPreNoDftSOfdmKernel<float, __half, float, (unsigned int)2, (unsigned int)1, (unsigned short)4>(ch_est::puschRxChEstStatDescr_t *, ch_est::puschRxChEstDynDescr_t *)"
3104515416,29951,47720,137,2,1,24,2,1,44,0.001,0.001,,,,,NVIDIA A100-SXM4-40GB MIG 4g.20gb (0),1,,13,"void ch_est::chEstFilterNoDftSOfdmDispatchKernel<float, __half, float, (unsigned int)2>(ch_est::puschRxChEstStatDescr_t *, ch_est::puschRxChEstDynDescr_t *)"
3104547863,32480,47721,137,2,1,24,2,1,44,0.001,0.001,,,,,NVIDIA A100-SXM4-40GB MIG 4g.20gb (0),1,,13,"void ch_est::chEstFilterNoDftSOfdmDispatchKernel<float, __half, float, (unsigned int)2>(ch_est::puschRxChEstStatDescr_t *, ch_est::puschRxChEstDynDescr_t *)"
3104618071,7775,47732,103,1,1,128,1,1,16,0.000,0.000,,,,,NVIDIA A100-SXM4-40GB MIG 4g.20gb (0),1,,13,cupy_copy__complex64_complex64
3104638262,18432,47742,1434,1,1,128,1,1,16,0.000,0.000,,,,,NVIDIA A100-SXM4-40GB MIG 4g.20gb (0),1,,13,cupy_copy__complex64_complex64
3104725205,6336,47749,103,1,1,128,1,1,16,0.000,0.000,,,,,NVIDIA A100-SXM4-40GB MIG 4g.20gb (0),1,,13,cupy_copy__complex64_complex64
3104758197,267613,47756,1,1,1,32,32,1,30,0.000,0.000,,,,,NVIDIA A100-SXM4-40GB MIG 4g.20gb (0),1,,13,"void convert_kernel<__half2, float2>(tensor_layout_any, T1 *, tensor_layout_any, const T2 *)"
3105056114,5375,47759,,,,,,,,,,0.094,17431.766,Pinned,Device,NVIDIA A100-SXM4-40GB MIG 4g.20gb (0),1,,13,[CUDA memcpy Host-to-Device]
3105117745,61951,47760,,,,,,,,,,35.810,578007.919,Device,,NVIDIA A100-SXM4-40GB MIG 4g.20gb (0),1,,13,[CUDA memset]
3105184016,1888,47762,,,,,,,,,,0.000,42.373,Pinned,Device,NVIDIA A100-SXM4-40GB MIG 4g.20gb (0),1,,13,[CUDA memcpy Host-to-Device]
3105188336,9440,47763,,,,,,,,,,0.197,20827.079,Pinned,Device,NVIDIA A100-SXM4-40GB MIG 4g.20gb (0),1,,13,[CUDA memcpy Host-to-Device]
3105279151,36256,47764,273,1,1,48,1,1,40,0.000,0.001,,,,,NVIDIA A100-SXM4-40GB MIG 4g.20gb (0),1,,13,"void pusch_noise_intf_est::noiseIntfEstNoDftSOfdmKernel<float, __half, float, float, (unsigned int)2, (unsigned int)1, (unsigned char)4, (unsigned char)4>(pusch_noise_intf_est::puschRxNoiseIntfEstDynDescr)"
3105343630,7648,47775,35,1,1,128,1,1,16,0.000,0.000,,,,,NVIDIA A100-SXM4-40GB MIG 4g.20gb (0),1,,13,cupy_copy__complex64_complex64
3105368846,2560,47784,1,1,1,1,1,1,18,0.000,0.000,,,,,NVIDIA A100-SXM4-40GB MIG 4g.20gb (0),1,,13,cupy_copy__float32_float32
3105373870,1632,47790,,,,,,,,,,0.000,2.451,Device,Pageable,NVIDIA A100-SXM4-40GB MIG 4g.20gb (0),1,,7,[CUDA memcpy Device-to-Host]
3105493293,17727,47801,1434,1,1,128,1,1,16,0.000,0.000,,,,,NVIDIA A100-SXM4-40GB MIG 4g.20gb (0),1,,13,cupy_copy__complex64_complex64
3105578124,7903,47808,103,1,1,128,1,1,16,0.000,0.000,,,,,NVIDIA A100-SXM4-40GB MIG 4g.20gb (0),1,,13,cupy_copy__complex64_complex64
3105605643,9280,47815,35,1,1,128,1,1,16,0.000,0.000,,,,,NVIDIA A100-SXM4-40GB MIG 4g.20gb (0),1,,13,cupy_copy__complex64_complex64
3105679370,4224,47822,1,1,1,1,1,1,18,0.000,0.000,,,,,NVIDIA A100-SXM4-40GB MIG 4g.20gb (0),1,,13,cupy_copy__float32_float32
3105710634,261437,47833,1,1,1,32,32,1,30,0.000,0.000,,,,,NVIDIA A100-SXM4-40GB MIG 4g.20gb (0),1,,13,"void convert_kernel<__half2, float2>(tensor_layout_any, T1 *, tensor_layout_any, const T2 *)"
3106001863,7904,47836,,,,,,,,,,0.094,11854.231,Pinned,Device,NVIDIA A100-SXM4-40GB MIG 4g.20gb (0),1,,13,[CUDA memcpy Host-to-Device]
3106033478,6432,47837,,,,,,,,,,1.547,240456.727,Device,,NVIDIA A100-SXM4-40GB MIG 4g.20gb (0),1,,13,[CUDA memset]
3106043814,4416,47842,,,,,,,,,,0.031,7086.948,Pinned,Device,NVIDIA A100-SXM4-40GB MIG 4g.20gb (0),1,,13,[CUDA memcpy Host-to-Device]
3106051686,9440,47843,,,,,,,,,,0.197,20827.079,Pinned,Device,NVIDIA A100-SXM4-40GB MIG 4g.20gb (0),1,,13,[CUDA memcpy Host-to-Device]
3106130629,50048,47844,273,1,1,8,4,1,39,0.002,0.000,,,,,NVIDIA A100-SXM4-40GB MIG 4g.20gb (0),1,,13,"void channel_eq::eqMmseCoefCompLowMimoKernel<float, float, float, (unsigned int)4, (unsigned int)1, (unsigned int)4>(const channel_eq::_puschRxChEqStatDescr *, channel_eq::_puschRxChEqCoefCompDynDescr)"
3106224964,42400,47845,273,1,1,12,11,1,51,0.002,0.000,,,,,NVIDIA A100-SXM4-40GB MIG 4g.20gb (0),1,,13,"void channel_eq::eqMmseSoftDemapKernel<float, __half, __half, float, (unsigned int)4, (unsigned short)16383>(channel_eq::_puschRxChEqStatDescr *, channel_eq::_puschRxChEqSoftDemapDynDescr)"
3106301795,616985,47846,1,1,1,32,32,1,30,0.000,0.000,,,,,NVIDIA A100-SXM4-40GB MIG 4g.20gb (0),1,,13,"void convert_kernel<float2, __half2>(tensor_layout_any, T1 *, tensor_layout_any, const T2 *)"
3106954748,15520,47858,2253,1,1,128,1,1,16,0.000,0.000,,,,,NVIDIA A100-SXM4-40GB MIG 4g.20gb (0),1,,13,cupy_copy__float16_float16
3107018171,5664,47867,282,1,1,128,1,1,16,0.000,0.000,,,,,NVIDIA A100-SXM4-40GB MIG 4g.20gb (0),1,,13,cupy_copy__complex64_complex64
3107047867,4704,47876,26,1,1,128,1,1,16,0.000,0.000,,,,,NVIDIA A100-SXM4-40GB MIG 4g.20gb (0),1,,13,cupy_copy__float32_float32
3107054619,14751,47885,103,1,1,128,1,1,16,0.000,0.000,,,,,NVIDIA A100-SXM4-40GB MIG 4g.20gb (0),1,,13,cupy_copy__complex64_complex64
3107130618,15168,47895,1434,1,1,128,1,1,16,0.000,0.000,,,,,NVIDIA A100-SXM4-40GB MIG 4g.20gb (0),1,,13,cupy_copy__complex64_complex64
3107158553,233758,47900,1,1,1,32,32,1,30,0.000,0.000,,,,,NVIDIA A100-SXM4-40GB MIG 4g.20gb (0),1,,13,"void convert_kernel<__half2, float2>(tensor_layout_any, T1 *, tensor_layout_any, const T2 *)"
3107423030,5376,47903,,,,,,,,,,0.094,17428.487,Pinned,Device,NVIDIA A100-SXM4-40GB MIG 4g.20gb (0),1,,13,[CUDA memcpy Host-to-Device]
3107467030,625369,47904,,,,,,,,,,456.561,730041.743,Device,,NVIDIA A100-SXM4-40GB MIG 4g.20gb (0),1,,13,[CUDA memset]
3108100431,51263,47909,,,,,,,,,,1.235,24090.053,Pinned,Device,NVIDIA A100-SXM4-40GB MIG 4g.20gb (0),1,,13,[CUDA memcpy Host-to-Device]
3108154638,10528,47910,,,,,,,,,,0.197,18674.614,Pinned,Device,NVIDIA A100-SXM4-40GB MIG 4g.20gb (0),1,,13,[CUDA memcpy Host-to-Device]
3108204909,43744,47911,69,4,1,48,1,1,76,0.002,0.000,,,,,NVIDIA A100-SXM4-40GB MIG 4g.20gb (0),1,,13,"void ch_est::windowedChEstPreNoDftSOfdmKernel<float, __half, float, (unsigned int)2, (unsigned int)1, (unsigned short)4>(ch_est::puschRxChEstStatDescr_t *, ch_est::puschRxChEstDynDescr_t *)"
3108271949,30111,47912,137,2,1,24,2,1,44,0.001,0.001,,,,,NVIDIA A100-SXM4-40GB MIG 4g.20gb (0),1,,13,"void ch_est::chEstFilterNoDftSOfdmDispatchKernel<float, __half, float, (unsigned int)2>(ch_est::puschRxChEstStatDescr_t *, ch_est::puschRxChEstDynDescr_t *)"
3108304460,33248,47913,137,2,1,24,2,1,44,0.001,0.001,,,,,NVIDIA A100-SXM4-40GB MIG 4g.20gb (0),1,,13,"void ch_est::chEstFilterNoDftSOfdmDispatchKernel<float, __half, float, (unsigned int)2>(ch_est::puschRxChEstStatDescr_t *, ch_est::puschRxChEstDynDescr_t *)"
3108380139,10208,47924,103,1,1,128,1,1,16,0.000,0.000,,,,,NVIDIA A100-SXM4-40GB MIG 4g.20gb (0),1,,13,cupy_copy__complex64_complex64
3108405995,17120,47934,1434,1,1,128,1,1,16,0.000,0.000,,,,,NVIDIA A100-SXM4-40GB MIG 4g.20gb (0),1,,13,cupy_copy__complex64_complex64
3108472970,9824,47941,103,1,1,128,1,1,16,0.000,0.000,,,,,NVIDIA A100-SXM4-40GB MIG 4g.20gb (0),1,,13,cupy_copy__complex64_complex64
3108500010,260029,47948,1,1,1,32,32,1,30,0.000,0.000,,,,,NVIDIA A100-SXM4-40GB MIG 4g.20gb (0),1,,13,"void convert_kernel<__half2, float2>(tensor_layout_any, T1 *, tensor_layout_any, const T2 *)"
3108789767,5376,47951,,,,,,,,,,0.094,17428.487,Pinned,Device,NVIDIA A100-SXM4-40GB MIG 4g.20gb (0),1,,13,[CUDA memcpy Host-to-Device]
3108855270,64415,47952,,,,,,,,,,35.810,555913.198,Device,,NVIDIA A100-SXM4-40GB MIG 4g.20gb (0),1,,13,[CUDA memset]
3108928549,1920,47954,,,,,,,,,,0.000,41.667,Pinned,Device,NVIDIA A100-SXM4-40GB MIG 4g.20gb (0),1,,13,[CUDA memcpy Host-to-Device]
3108933509,11168,47955,,,,,,,,,,0.197,17604.477,Pinned,Device,NVIDIA A100-SXM4-40GB MIG 4g.20gb (0),1,,13,[CUDA memcpy Host-to-Device]
3109010980,35712,47956,273,1,1,48,1,1,40,0.000,0.001,,,,,NVIDIA A100-SXM4-40GB MIG 4g.20gb (0),1,,13,"void pusch_noise_intf_est::noiseIntfEstNoDftSOfdmKernel<float, __half, float, float, (unsigned int)2, (unsigned int)1, (unsigned char)4, (unsigned char)4>(pusch_noise_intf_est::puschRxNoiseIntfEstDynDescr)"
3109049060,20991,47967,35,1,1,128,1,1,16,0.000,0.000,,,,,NVIDIA A100-SXM4-40GB MIG 4g.20gb (0),1,,13,cupy_copy__complex64_complex64
3109122307,2624,47976,1,1,1,1,1,1,18,0.000,0.000,,,,,NVIDIA A100-SXM4-40GB MIG 4g.20gb (0),1,,13,cupy_copy__float32_float32
3109128547,2112,47982,,,,,,,,,,0.000,1.894,Device,Pageable,NVIDIA A100-SXM4-40GB MIG 4g.20gb (0),1,,7,[CUDA memcpy Device-to-Host]
3109234786,18463,47993,1434,1,1,128,1,1,16,0.000,0.000,,,,,NVIDIA A100-SXM4-40GB MIG 4g.20gb (0),1,,13,cupy_copy__complex64_complex64
3109265121,14752,48000,103,1,1,128,1,1,16,0.000,0.000,,,,,NVIDIA A100-SXM4-40GB MIG 4g.20gb (0),1,,13,cupy_copy__complex64_complex64
3109344000,3584,48007,35,1,1,128,1,1,16,0.000,0.000,,,,,NVIDIA A100-SXM4-40GB MIG 4g.20gb (0),1,,13,cupy_copy__complex64_complex64
3109381568,8448,48014,1,1,1,1,1,1,18,0.000,0.000,,,,,NVIDIA A100-SXM4-40GB MIG 4g.20gb (0),1,,13,cupy_copy__float32_float32
3109481919,257469,48025,1,1,1,32,32,1,30,0.000,0.000,,,,,NVIDIA A100-SXM4-40GB MIG 4g.20gb (0),1,,13,"void convert_kernel<__half2, float2>(tensor_layout_any, T1 *, tensor_layout_any, const T2 *)"
3109769051,5376,48028,,,,,,,,,,0.094,17428.487,Pinned,Device,NVIDIA A100-SXM4-40GB MIG 4g.20gb (0),1,,13,[CUDA memcpy Host-to-Device]
3109783963,15040,48029,,,,,,,,,,1.547,102833.483,Device,,NVIDIA A100-SXM4-40GB MIG 4g.20gb (0),1,,13,[CUDA memset]
3109802171,3296,48034,,,,,,,,,,0.031,9495.144,Pinned,Device,NVIDIA A100-SXM4-40GB MIG 4g.20gb (0),1,,13,[CUDA memcpy Host-to-Device]
3109807995,10112,48035,,,,,,,,,,0.197,19442.958,Pinned,Device,NVIDIA A100-SXM4-40GB MIG 4g.20gb (0),1,,13,[CUDA memcpy Host-to-Device]
3109899354,43743,48036,273,1,1,8,4,1,39,0.002,0.000,,,,,NVIDIA A100-SXM4-40GB MIG 4g.20gb (0),1,,13,"void channel_eq::eqMmseCoefCompLowMimoKernel<float, float, float, (unsigned int)4, (unsigned int)1, (unsigned int)4>(const channel_eq::_puschRxChEqStatDescr *, channel_eq::_puschRxChEqCoefCompDynDescr)"
3109986137,37311,48037,273,1,1,12,11,1,51,0.002,0.000,,,,,NVIDIA A100-SXM4-40GB MIG 4g.20gb (0),1,,13,"void channel_eq::eqMmseSoftDemapKernel<float, __half, __half, float, (unsigned int)4, (unsigned short)16383>(channel_eq::_puschRxChEqStatDescr *, channel_eq::_puschRxChEqSoftDemapDynDescr)"
3110070520,476282,48038,1,1,1,32,32,1,30,0.000,0.000,,,,,NVIDIA A100-SXM4-40GB MIG 4g.20gb (0),1,,13,"void convert_kernel<float2, __half2>(tensor_layout_any, T1 *, tensor_layout_any, const T2 *)"
3110571762,17088,48050,2253,1,1,128,1,1,16,0.000,0.000,,,,,NVIDIA A100-SXM4-40GB MIG 4g.20gb (0),1,,13,cupy_copy__float16_float16
3110642257,5120,48059,282,1,1,128,1,1,16,0.000,0.000,,,,,NVIDIA A100-SXM4-40GB MIG 4g.20gb (0),1,,13,cupy_copy__complex64_complex64
3110674193,10624,48068,26,1,1,128,1,1,16,0.000,0.000,,,,,NVIDIA A100-SXM4-40GB MIG 4g.20gb (0),1,,13,cupy_copy__float32_float32
3110740208,16096,48077,103,1,1,128,1,1,16,0.000,0.000,,,,,NVIDIA A100-SXM4-40GB MIG 4g.20gb (0),1,,13,cupy_copy__complex64_complex64
3110785488,21919,48087,1434,1,1,128,1,1,16,0.000,0.000,,,,,NVIDIA A100-SXM4-40GB MIG 4g.20gb (0),1,,13,cupy_copy__complex64_complex64
3110867503,264061,48092,1,1,1,32,32,1,30,0.000,0.000,,,,,NVIDIA A100-SXM4-40GB MIG 4g.20gb (0),1,,13,"void convert_kernel<__half2, float2>(tensor_layout_any, T1 *, tensor_layout_any, const T2 *)"
3111164107,6560,48095,,,,,,,,,,0.094,14282.925,Pinned,Device,NVIDIA A100-SXM4-40GB MIG 4g.20gb (0),1,,13,[CUDA memcpy Host-to-Device]
3111180171,622617,48096,,,,,,,,,,456.561,733237.673,Device,,NVIDIA A100-SXM4-40GB MIG 4g.20gb (0),1,,13,[CUDA memset]
3111810724,49439,48101,,,,,,,,,,1.235,24977.977,Pinned,Device,NVIDIA A100-SXM4-40GB MIG 4g.20gb (0),1,,13,[CUDA memcpy Host-to-Device]
3111862627,9344,48102,,,,,,,,,,0.197,21040.988,Pinned,Device,NVIDIA A100-SXM4-40GB MIG 4g.20gb (0),1,,13,[CUDA memcpy Host-to-Device]
3111907587,47519,48103,69,4,1,48,1,1,76,0.002,0.000,,,,,NVIDIA A100-SXM4-40GB MIG 4g.20gb (0),1,,13,"void ch_est::windowedChEstPreNoDftSOfdmKernel<float, __half, float, (unsigned int)2, (unsigned int)1, (unsigned short)4>(ch_est::puschRxChEstStatDescr_t *, ch_est::puschRxChEstDynDescr_t *)"
3111974114,28576,48104,137,2,1,24,2,1,44,0.001,0.001,,,,,NVIDIA A100-SXM4-40GB MIG 4g.20gb (0),1,,13,"void ch_est::chEstFilterNoDftSOfdmDispatchKernel<float, __half, float, (unsigned int)2>(ch_est::puschRxChEstStatDescr_t *, ch_est::puschRxChEstDynDescr_t *)"
3112010402,41215,48105,137,2,1,24,2,1,44,0.001,0.001,,,,,NVIDIA A100-SXM4-40GB MIG 4g.20gb (0),1,,13,"void ch_est::chEstFilterNoDftSOfdmDispatchKernel<float, __half, float, (unsigned int)2>(ch_est::puschRxChEstStatDescr_t *, ch_est::puschRxChEstDynDescr_t *)"
3112089505,7872,48116,103,1,1,128,1,1,16,0.000,0.000,,,,,NVIDIA A100-SXM4-40GB MIG 4g.20gb (0),1,,13,cupy_copy__complex64_complex64
3112108096,19296,48126,1434,1,1,128,1,1,16,0.000,0.000,,,,,NVIDIA A100-SXM4-40GB MIG 4g.20gb (0),1,,13,cupy_copy__complex64_complex64
3112181184,8576,48133,103,1,1,128,1,1,16,0.000,0.000,,,,,NVIDIA A100-SXM4-40GB MIG 4g.20gb (0),1,,13,cupy_copy__complex64_complex64
3112208703,258557,48140,1,1,1,32,32,1,30,0.000,0.000,,,,,NVIDIA A100-SXM4-40GB MIG 4g.20gb (0),1,,13,"void convert_kernel<__half2, float2>(tensor_layout_any, T1 *, tensor_layout_any, const T2 *)"
3112498076,5376,48143,,,,,,,,,,0.094,17428.487,Pinned,Device,NVIDIA A100-SXM4-40GB MIG 4g.20gb (0),1,,13,[CUDA memcpy Host-to-Device]
3112554139,63200,48144,,,,,,,,,,35.810,566584.554,Device,,NVIDIA A100-SXM4-40GB MIG 4g.20gb (0),1,,13,[CUDA memset]
3112625243,1856,48146,,,,,,,,,,0.000,43.103,Pinned,Device,NVIDIA A100-SXM4-40GB MIG 4g.20gb (0),1,,13,[CUDA memcpy Host-to-Device]
3112630874,11072,48147,,,,,,,,,,0.197,17757.045,Pinned,Device,NVIDIA A100-SXM4-40GB MIG 4g.20gb (0),1,,13,[CUDA memcpy Host-to-Device]
3112705402,34527,48148,273,1,1,48,1,1,40,0.000,0.001,,,,,NVIDIA A100-SXM4-40GB MIG 4g.20gb (0),1,,13,"void pusch_noise_intf_est::noiseIntfEstNoDftSOfdmKernel<float, __half, float, float, (unsigned int)2, (unsigned int)1, (unsigned char)4, (unsigned char)4>(pusch_noise_intf_est::puschRxNoiseIntfEstDynDescr)"
3112741849,4736,48159,35,1,1,128,1,1,16,0.000,0.000,,,,,NVIDIA A100-SXM4-40GB MIG 4g.20gb (0),1,,13,cupy_copy__complex64_complex64
3112813656,4992,48168,1,1,1,1,1,1,18,0.000,0.000,,,,,NVIDIA A100-SXM4-40GB MIG 4g.20gb (0),1,,13,cupy_copy__float32_float32
3112821336,1888,48174,,,,,,,,,,0.000,2.119,Device,Pageable,NVIDIA A100-SXM4-40GB MIG 4g.20gb (0),1,,7,[CUDA memcpy Device-to-Host]
3112936023,23136,48185,1434,1,1,128,1,1,16,0.000,0.000,,,,,NVIDIA A100-SXM4-40GB MIG 4g.20gb (0),1,,13,cupy_copy__complex64_complex64
3112961271,2816,48192,103,1,1,128,1,1,16,0.000,0.000,,,,,NVIDIA A100-SXM4-40GB MIG 4g.20gb (0),1,,13,cupy_copy__complex64_complex64
3113051542,19103,48199,35,1,1,128,1,1,16,0.000,0.000,,,,,NVIDIA A100-SXM4-40GB MIG 4g.20gb (0),1,,13,cupy_copy__complex64_complex64
3113122677,4000,48206,1,1,1,1,1,1,18,0.000,0.000,,,,,NVIDIA A100-SXM4-40GB MIG 4g.20gb (0),1,,13,cupy_copy__float32_float32
3113145301,262877,48217,1,1,1,32,32,1,30,0.000,0.000,,,,,NVIDIA A100-SXM4-40GB MIG 4g.20gb (0),1,,13,"void convert_kernel<__half2, float2>(tensor_layout_any, T1 *, tensor_layout_any, const T2 *)"
3113436753,5376,48220,,,,,,,,,,0.094,17428.487,Pinned,Device,NVIDIA A100-SXM4-40GB MIG 4g.20gb (0),1,,13,[CUDA memcpy Host-to-Device]
3113465681,11424,48221,,,,,,,,,,1.547,135383.732,Device,,NVIDIA A100-SXM4-40GB MIG 4g.20gb (0),1,,13,[CUDA memset]
3113478641,5024,48226,,,,,,,,,,0.031,6229.281,Pinned,Device,NVIDIA A100-SXM4-40GB MIG 4g.20gb (0),1,,13,[CUDA memcpy Host-to-Device]
3113487473,11072,48227,,,,,,,,,,0.197,17757.045,Pinned,Device,NVIDIA A100-SXM4-40GB MIG 4g.20gb (0),1,,13,[CUDA memcpy Host-to-Device]
3113552912,38015,48228,273,1,1,8,4,1,39,0.002,0.000,,,,,NVIDIA A100-SXM4-40GB MIG 4g.20gb (0),1,,13,"void channel_eq::eqMmseCoefCompLowMimoKernel<float, float, float, (unsigned int)4, (unsigned int)1, (unsigned int)4>(const channel_eq::_puschRxChEqStatDescr *, channel_eq::_puschRxChEqCoefCompDynDescr)"
3113592303,40832,48229,273,1,1,12,11,1,51,0.002,0.000,,,,,NVIDIA A100-SXM4-40GB MIG 4g.20gb (0),1,,13,"void channel_eq::eqMmseSoftDemapKernel<float, __half, __half, float, (unsigned int)4, (unsigned short)16383>(channel_eq::_puschRxChEqStatDescr *, channel_eq::_puschRxChEqSoftDemapDynDescr)"
3113668047,604729,48230,1,1,1,32,32,1,30,0.000,0.000,,,,,NVIDIA A100-SXM4-40GB MIG 4g.20gb (0),1,,13,"void convert_kernel<float2, __half2>(tensor_layout_any, T1 *, tensor_layout_any, const T2 *)"
3114287527,15584,48242,2253,1,1,128,1,1,16,0.000,0.000,,,,,NVIDIA A100-SXM4-40GB MIG 4g.20gb (0),1,,13,cupy_copy__float16_float16
3114352007,5536,48251,282,1,1,128,1,1,16,0.000,0.000,,,,,NVIDIA A100-SXM4-40GB MIG 4g.20gb (0),1,,13,cupy_copy__complex64_complex64
3114380486,13088,48260,26,1,1,128,1,1,16,0.000,0.000,,,,,NVIDIA A100-SXM4-40GB MIG 4g.20gb (0),1,,13,cupy_copy__float32_float32
3114451526,4447,48269,103,1,1,128,1,1,16,0.000,0.000,,,,,NVIDIA A100-SXM4-40GB MIG 4g.20gb (0),1,,13,cupy_copy__complex64_complex64
3114504709,26976,48279,1434,1,1,128,1,1,16,0.000,0.000,,,,,NVIDIA A100-SXM4-40GB MIG 4g.20gb (0),1,,13,cupy_copy__complex64_complex64
3114584644,267805,48284,1,1,1,32,32,1,30,0.000,0.000,,,,,NVIDIA A100-SXM4-40GB MIG 4g.20gb (0),1,,13,"void convert_kernel<__half2, float2>(tensor_layout_any, T1 *, tensor_layout_any, const T2 *)"
3114881921,5376,48287,,,,,,,,,,0.094,17428.487,Pinned,Device,NVIDIA A100-SXM4-40GB MIG 4g.20gb (0),1,,13,[CUDA memcpy Host-to-Device]
3114940128,627705,48288,,,,,,,,,,456.561,727302.374,Device,,NVIDIA A100-SXM4-40GB MIG 4g.20gb (0),1,,13,[CUDA memset]
3115570265,52767,48293,,,,,,,,,,1.235,23403.424,Pinned,Device,NVIDIA A100-SXM4-40GB MIG 4g.20gb (0),1,,13,[CUDA memcpy Host-to-Device]
3115625464,9408,48294,,,,,,,,,,0.197,20897.858,Pinned,Device,NVIDIA A100-SXM4-40GB MIG 4g.20gb (0),1,,13,[CUDA memcpy Host-to-Device]
3115691927,36160,48295,69,4,1,48,1,1,76,0.002,0.000,,,,,NVIDIA A100-SXM4-40GB MIG 4g.20gb (0),1,,13,"void ch_est::windowedChEstPreNoDftSOfdmKernel<float, __half, float, (unsigned int)2, (unsigned int)1, (unsigned short)4>(ch_est::puschRxChEstStatDescr_t *, ch_est::puschRxChEstDynDescr_t *)"
3115755991,26943,48296,137,2,1,24,2,1,44,0.001,0.001,,,,,NVIDIA A100-SXM4-40GB MIG 4g.20gb (0),1,,13,"void ch_est::chEstFilterNoDftSOfdmDispatchKernel<float, __half, float, (unsigned int)2>(ch_est::puschRxChEstStatDescr_t *, ch_est::puschRxChEstDynDescr_t *)"
3115785014,35744,48297,137,2,1,24,2,1,44,0.001,0.001,,,,,NVIDIA A100-SXM4-40GB MIG 4g.20gb (0),1,,13,"void ch_est::chEstFilterNoDftSOfdmDispatchKernel<float, __half, float, (unsigned int)2>(ch_est::puschRxChEstStatDescr_t *, ch_est::puschRxChEstDynDescr_t *)"
3115863509,6496,48308,103,1,1,128,1,1,16,0.000,0.000,,,,,NVIDIA A100-SXM4-40GB MIG 4g.20gb (0),1,,13,cupy_copy__complex64_complex64
3115890709,17792,48318,1434,1,1,128,1,1,16,0.000,0.000,,,,,NVIDIA A100-SXM4-40GB MIG 4g.20gb (0),1,,13,cupy_copy__complex64_complex64
3115955700,13984,48325,103,1,1,128,1,1,16,0.000,0.000,,,,,NVIDIA A100-SXM4-40GB MIG 4g.20gb (0),1,,13,cupy_copy__complex64_complex64
3115982932,266813,48332,1,1,1,32,32,1,30,0.000,0.000,,,,,NVIDIA A100-SXM4-40GB MIG 4g.20gb (0),1,,13,"void convert_kernel<__half2, float2>(tensor_layout_any, T1 *, tensor_layout_any, const T2 *)"
3116279857,5375,48335,,,,,,,,,,0.094,17431.766,Pinned,Device,NVIDIA A100-SXM4-40GB MIG 4g.20gb (0),1,,13,[CUDA memcpy Host-to-Device]
3116329456,62399,48336,,,,,,,,,,35.810,573853.968,Device,,NVIDIA A100-SXM4-40GB MIG 4g.20gb (0),1,,13,[CUDA memset]
3116400079,1824,48338,,,,,,,,,,0.000,43.860,Pinned,Device,NVIDIA A100-SXM4-40GB MIG 4g.20gb (0),1,,13,[CUDA memcpy Host-to-Device]
3116404399,9504,48339,,,,,,,,,,0.197,20686.701,Pinned,Device,NVIDIA A100-SXM4-40GB MIG 4g.20gb (0),1,,13,[CUDA memcpy Host-to-Device]
3116481710,35232,48340,273,1,1,48,1,1,40,0.000,0.001,,,,,NVIDIA A100-SXM4-40GB MIG 4g.20gb (0),1,,13,"void pusch_noise_intf_est::noiseIntfEstNoDftSOfdmKernel<float, __half, float, float, (unsigned int)2, (unsigned int)1, (unsigned char)4, (unsigned char)4>(pusch_noise_intf_est::puschRxNoiseIntfEstDynDescr)"
3116523598,13152,48351,35,1,1,128,1,1,16,0.000,0.000,,,,,NVIDIA A100-SXM4-40GB MIG 4g.20gb (0),1,,13,cupy_copy__complex64_complex64
3116593229,7392,48360,1,1,1,1,1,1,18,0.000,0.000,,,,,NVIDIA A100-SXM4-40GB MIG 4g.20gb (0),1,,13,cupy_copy__float32_float32
3116606029,1600,48366,,,,,,,,,,0.000,2.500,Device,Pageable,NVIDIA A100-SXM4-40GB MIG 4g.20gb (0),1,,7,[CUDA memcpy Device-to-Host]
3116719371,22336,48377,1434,1,1,128,1,1,16,0.000,0.000,,,,,NVIDIA A100-SXM4-40GB MIG 4g.20gb (0),1,,13,cupy_copy__complex64_complex64
3116797995,7807,48384,103,1,1,128,1,1,16,0.000,0.000,,,,,NVIDIA A100-SXM4-40GB MIG 4g.20gb (0),1,,13,cupy_copy__complex64_complex64
3116825226,24032,48391,35,1,1,128,1,1,16,0.000,0.000,,,,,NVIDIA A100-SXM4-40GB MIG 4g.20gb (0),1,,13,cupy_copy__complex64_complex64
3116895241,7264,48398,1,1,1,1,1,1,18,0.000,0.000,,,,,NVIDIA A100-SXM4-40GB MIG 4g.20gb (0),1,,13,cupy_copy__float32_float32
3116920809,251581,48409,1,1,1,32,32,1,30,0.000,0.000,,,,,NVIDIA A100-SXM4-40GB MIG 4g.20gb (0),1,,13,"void convert_kernel<__half2, float2>(tensor_layout_any, T1 *, tensor_layout_any, const T2 *)"
3117202566,5376,48412,,,,,,,,,,0.094,17428.487,Pinned,Device,NVIDIA A100-SXM4-40GB MIG 4g.20gb (0),1,,13,[CUDA memcpy Host-to-Device]
3117245349,10336,48413,,,,,,,,,,1.547,149634.325,Device,,NVIDIA A100-SXM4-40GB MIG 4g.20gb (0),1,,13,[CUDA memset]
3117260325,3072,48418,,,,,,,,,,0.031,10187.474,Pinned,Device,NVIDIA A100-SXM4-40GB MIG 4g.20gb (0),1,,13,[CUDA memcpy Host-to-Device]
3117265829,10688,48419,,,,,,,,,,0.197,18395.038,Pinned,Device,NVIDIA A100-SXM4-40GB MIG 4g.20gb (0),1,,13,[CUDA memcpy Host-to-Device]
3117342084,32480,48420,273,1,1,8,4,1,39,0.002,0.000,,,,,NVIDIA A100-SXM4-40GB MIG 4g.20gb (0),1,,13,"void channel_eq::eqMmseCoefCompLowMimoKernel<float, float, float, (unsigned int)4, (unsigned int)1, (unsigned int)4>(const channel_eq::_puschRxChEqStatDescr *, channel_eq::_puschRxChEqCoefCompDynDescr)"
3117377732,41279,48421,273,1,1,12,11,1,51,0.002,0.000,,,,,NVIDIA A100-SXM4-40GB MIG 4g.20gb (0),1,,13,"void channel_eq::eqMmseSoftDemapKernel<float, __half, __half, float, (unsigned int)4, (unsigned short)16383>(channel_eq::_puschRxChEqStatDescr *, channel_eq::_puschRxChEqSoftDemapDynDescr)"
3117462691,610201,48422,1,1,1,32,32,1,30,0.000,0.000,,,,,NVIDIA A100-SXM4-40GB MIG 4g.20gb (0),1,,13,"void convert_kernel<float2, __half2>(tensor_layout_any, T1 *, tensor_layout_any, const T2 *)"
3118101340,21503,48434,2253,1,1,128,1,1,16,0.000,0.000,,,,,NVIDIA A100-SXM4-40GB MIG 4g.20gb (0),1,,13,cupy_copy__float16_float16
3118130555,11264,48443,282,1,1,128,1,1,16,0.000,0.000,,,,,NVIDIA A100-SXM4-40GB MIG 4g.20gb (0),1,,13,cupy_copy__complex64_complex64
3118190203,3488,48452,26,1,1,128,1,1,16,0.000,0.000,,,,,NVIDIA A100-SXM4-40GB MIG 4g.20gb (0),1,,13,cupy_copy__float32_float32
3118214874,29696,48461,103,1,1,128,1,1,16,0.000,0.000,,,,,NVIDIA A100-SXM4-40GB MIG 4g.20gb (0),1,,13,cupy_copy__complex64_complex64
3118304985,16608,48471,1434,1,1,128,1,1,16,0.000,0.000,,,,,NVIDIA A100-SXM4-40GB MIG 4g.20gb (0),1,,13,cupy_copy__complex64_complex64
3118338777,241981,48476,1,1,1,32,32,1,30,0.000,0.000,,,,,NVIDIA A100-SXM4-40GB MIG 4g.20gb (0),1,,13,"void convert_kernel<__half2, float2>(tensor_layout_any, T1 *, tensor_layout_any, const T2 *)"
3118610998,5344,48479,,,,,,,,,,0.094,17532.864,Pinned,Device,NVIDIA A100-SXM4-40GB MIG 4g.20gb (0),1,,13,[CUDA memcpy Host-to-Device]
3118663125,627609,48480,,,,,,,,,,456.561,727302.374,Device,,NVIDIA A100-SXM4-40GB MIG 4g.20gb (0),1,,13,[CUDA memset]
3119293646,52191,48485,,,,,,,,,,1.235,23661.527,Pinned,Device,NVIDIA A100-SXM4-40GB MIG 4g.20gb (0),1,,13,[CUDA memcpy Host-to-Device]
3119348845,9984,48486,,,,,,,,,,0.197,19692.257,Pinned,Device,NVIDIA A100-SXM4-40GB MIG 4g.20gb (0),1,,13,[CUDA memcpy Host-to-Device]
3119421100,20064,48487,69,4,1,48,1,1,76,0.002,0.000,,,,,NVIDIA A100-SXM4-40GB MIG 4g.20gb (0),1,,13,"void ch_est::windowedChEstPreNoDftSOfdmKernel<float, __half, float, (unsigned int)2, (unsigned int)1, (unsigned short)4>(ch_est::puschRxChEstStatDescr_t *, ch_est::puschRxChEstDynDescr_t *)"
3119483180,27999,48488,137,2,1,24,2,1,44,0.001,0.001,,,,,NVIDIA A100-SXM4-40GB MIG 4g.20gb (0),1,,13,"void ch_est::chEstFilterNoDftSOfdmDispatchKernel<float, __half, float, (unsigned int)2>(ch_est::puschRxChEstStatDescr_t *, ch_est::puschRxChEstDynDescr_t *)"
3119513867,39584,48489,137,2,1,24,2,1,44,0.001,0.001,,,,,NVIDIA A100-SXM4-40GB MIG 4g.20gb (0),1,,13,"void ch_est::chEstFilterNoDftSOfdmDispatchKernel<float, __half, float, (unsigned int)2>(ch_est::puschRxChEstStatDescr_t *, ch_est::puschRxChEstDynDescr_t *)"
3119590122,10912,48500,103,1,1,128,1,1,16,0.000,0.000,,,,,NVIDIA A100-SXM4-40GB MIG 4g.20gb (0),1,,13,cupy_copy__complex64_complex64
3119613194,19616,48510,1434,1,1,128,1,1,16,0.000,0.000,,,,,NVIDIA A100-SXM4-40GB MIG 4g.20gb (0),1,,13,cupy_copy__complex64_complex64
3119705545,5216,48517,103,1,1,128,1,1,16,0.000,0.000,,,,,NVIDIA A100-SXM4-40GB MIG 4g.20gb (0),1,,13,cupy_copy__complex64_complex64
3119734377,264861,48524,1,1,1,32,32,1,30,0.000,0.000,,,,,NVIDIA A100-SXM4-40GB MIG 4g.20gb (0),1,,13,"void convert_kernel<__half2, float2>(tensor_layout_any, T1 *, tensor_layout_any, const T2 *)"
3120030085,5568,48527,,,,,,,,,,0.094,16827.521,Pinned,Device,NVIDIA A100-SXM4-40GB MIG 4g.20gb (0),1,,13,[CUDA memcpy Host-to-Device]
3120077605,64159,48528,,,,,,,,,,35.810,558133.413,Device,,NVIDIA A100-SXM4-40GB MIG 4g.20gb (0),1,,13,[CUDA memset]
3120145604,1856,48530,,,,,,,,,,0.000,43.103,Pinned,Device,NVIDIA A100-SXM4-40GB MIG 4g.20gb (0),1,,13,[CUDA memcpy Host-to-Device]
3120152036,10624,48531,,,,,,,,,,0.197,18505.925,Pinned,Device,NVIDIA A100-SXM4-40GB MIG 4g.20gb (0),1,,13,[CUDA memcpy Host-to-Device]
3120230979,28384,48532,273,1,1,48,1,1,40,0.000,0.001,,,,,NVIDIA A100-SXM4-40GB MIG 4g.20gb (0),1,,13,"void pusch_noise_intf_est::noiseIntfEstNoDftSOfdmKernel<float, __half, float, float, (unsigned int)2, (unsigned int)1, (unsigned char)4, (unsigned char)4>(pusch_noise_intf_est::puschRxNoiseIntfEstDynDescr)"
3120261859,11904,48543,35,1,1,128,1,1,16,0.000,0.000,,,,,NVIDIA A100-SXM4-40GB MIG 4g.20gb (0),1,,13,cupy_copy__complex64_complex64
3120321602,2432,48552,1,1,1,1,1,1,18,0.000,0.000,,,,,NVIDIA A100-SXM4-40GB MIG 4g.20gb (0),1,,13,cupy_copy__float32_float32
3120327170,1632,48558,,,,,,,,,,0.000,2.451,Device,Pageable,NVIDIA A100-SXM4-40GB MIG 4g.20gb (0),1,,7,[CUDA memcpy Device-to-Host]
3120427233,17152,48569,1434,1,1,128,1,1,16,0.000,0.000,,,,,NVIDIA A100-SXM4-40GB MIG 4g.20gb (0),1,,13,cupy_copy__complex64_complex64
3120463168,10848,48576,103,1,1,128,1,1,16,0.000,0.000,,,,,NVIDIA A100-SXM4-40GB MIG 4g.20gb (0),1,,13,cupy_copy__complex64_complex64
3120538528,7615,48583,35,1,1,128,1,1,16,0.000,0.000,,,,,NVIDIA A100-SXM4-40GB MIG 4g.20gb (0),1,,13,cupy_copy__complex64_complex64
3120581279,7648,48590,1,1,1,1,1,1,18,0.000,0.000,,,,,NVIDIA A100-SXM4-40GB MIG 4g.20gb (0),1,,13,cupy_copy__float32_float32
3120594047,250173,48601,1,1,1,32,32,1,30,0.000,0.000,,,,,NVIDIA A100-SXM4-40GB MIG 4g.20gb (0),1,,13,"void convert_kernel<__half2, float2>(tensor_layout_any, T1 *, tensor_layout_any, const T2 *)"
3120872956,5376,48604,,,,,,,,,,0.094,17428.487,Pinned,Device,NVIDIA A100-SXM4-40GB MIG 4g.20gb (0),1,,13,[CUDA memcpy Host-to-Device]
3120943387,15008,48605,,,,,,,,,,1.547,103053.104,Device,,NVIDIA A100-SXM4-40GB MIG 4g.20gb (0),1,,13,[CUDA memset]
3120965115,3392,48610,,,,,,,,,,0.031,9226.405,Pinned,Device,NVIDIA A100-SXM4-40GB MIG 4g.20gb (0),1,,13,[CUDA memcpy Host-to-Device]
3120971099,10751,48611,,,,,,,,,,0.197,18287.297,Pinned,Device,NVIDIA A100-SXM4-40GB MIG 4g.20gb (0),1,,13,[CUDA memcpy Host-to-Device]
3121054554,35839,48612,273,1,1,8,4,1,39,0.002,0.000,,,,,NVIDIA A100-SXM4-40GB MIG 4g.20gb (0),1,,13,"void channel_eq::eqMmseCoefCompLowMimoKernel<float, float, float, (unsigned int)4, (unsigned int)1, (unsigned int)4>(const channel_eq::_puschRxChEqStatDescr *, channel_eq::_puschRxChEqCoefCompDynDescr)"
3121091993,33376,48613,273,1,1,12,11,1,51,0.002,0.000,,,,,NVIDIA A100-SXM4-40GB MIG 4g.20gb (0),1,,13,"void channel_eq::eqMmseSoftDemapKernel<float, __half, __half, float, (unsigned int)4, (unsigned short)16383>(channel_eq::_puschRxChEqStatDescr *, channel_eq::_puschRxChEqSoftDemapDynDescr)"
3121163128,618169,48614,1,1,1,32,32,1,30,0.000,0.000,,,,,NVIDIA A100-SXM4-40GB MIG 4g.20gb (0),1,,13,"void convert_kernel<float2, __half2>(tensor_layout_any, T1 *, tensor_layout_any, const T2 *)"
3121823217,17440,48626,2253,1,1,128,1,1,16,0.000,0.000,,,,,NVIDIA A100-SXM4-40GB MIG 4g.20gb (0),1,,13,cupy_copy__float16_float16
3121895440,4896,48635,282,1,1,128,1,1,16,0.000,0.000,,,,,NVIDIA A100-SXM4-40GB MIG 4g.20gb (0),1,,13,cupy_copy__complex64_complex64
3121926832,10304,48644,26,1,1,128,1,1,16,0.000,0.000,,,,,NVIDIA A100-SXM4-40GB MIG 4g.20gb (0),1,,13,cupy_copy__float32_float32
3121984271,16512,48653,103,1,1,128,1,1,16,0.000,0.000,,,,,NVIDIA A100-SXM4-40GB MIG 4g.20gb (0),1,,13,cupy_copy__complex64_complex64
3122029678,21536,48663,1434,1,1,128,1,1,16,0.000,0.000,,,,,NVIDIA A100-SXM4-40GB MIG 4g.20gb (0),1,,13,cupy_copy__complex64_complex64
3122116301,266781,48668,1,1,1,32,32,1,30,0.000,0.000,,,,,NVIDIA A100-SXM4-40GB MIG 4g.20gb (0),1,,13,"void convert_kernel<__half2, float2>(tensor_layout_any, T1 *, tensor_layout_any, const T2 *)"
3122412970,5792,48671,,,,,,,,,,0.094,16176.708,Pinned,Device,NVIDIA A100-SXM4-40GB MIG 4g.20gb (0),1,,13,[CUDA memcpy Host-to-Device]
3122424810,615289,48672,,,,,,,,,,456.561,741912.340,Device,,NVIDIA A100-SXM4-40GB MIG 4g.20gb (0),1,,13,[CUDA memset]
3123045859,53599,48677,,,,,,,,,,1.235,23040.350,Pinned,Device,NVIDIA A100-SXM4-40GB MIG 4g.20gb (0),1,,13,[CUDA memcpy Host-to-Device]
3123101890,9408,48678,,,,,,,,,,0.197,20897.858,Pinned,Device,NVIDIA A100-SXM4-40GB MIG 4g.20gb (0),1,,13,[CUDA memcpy Host-to-Device]
3123148898,44895,48679,69,4,1,48,1,1,76,0.002,0.000,,,,,NVIDIA A100-SXM4-40GB MIG 4g.20gb (0),1,,13,"void ch_est::windowedChEstPreNoDftSOfdmKernel<float, __half, float, (unsigned int)2, (unsigned int)1, (unsigned short)4>(ch_est::puschRxChEstStatDescr_t *, ch_est::puschRxChEstDynDescr_t *)"
3123224961,22655,48680,137,2,1,24,2,1,44,0.001,0.001,,,,,NVIDIA A100-SXM4-40GB MIG 4g.20gb (0),1,,13,"void ch_est::chEstFilterNoDftSOfdmDispatchKernel<float, __half, float, (unsigned int)2>(ch_est::puschRxChEstStatDescr_t *, ch_est::puschRxChEstDynDescr_t *)"
3123251936,38720,48681,137,2,1,24,2,1,44,0.001,0.001,,,,,NVIDIA A100-SXM4-40GB MIG 4g.20gb (0),1,,13,"void ch_est::chEstFilterNoDftSOfdmDispatchKernel<float, __half, float, (unsigned int)2>(ch_est::puschRxChEstStatDescr_t *, ch_est::puschRxChEstDynDescr_t *)"
3123319552,9919,48692,103,1,1,128,1,1,16,0.000,0.000,,,,,NVIDIA A100-SXM4-40GB MIG 4g.20gb (0),1,,13,cupy_copy__complex64_complex64
3123342399,20064,48702,1434,1,1,128,1,1,16,0.000,0.000,,,,,NVIDIA A100-SXM4-40GB MIG 4g.20gb (0),1,,13,cupy_copy__complex64_complex64
3123364319,2560,48709,103,1,1,128,1,1,16,0.000,0.000,,,,,NVIDIA A100-SXM4-40GB MIG 4g.20gb (0),1,,13,cupy_copy__complex64_complex64
3123369599,91455,48716,1,1,1,32,32,1,30,0.000,0.000,,,,,NVIDIA A100-SXM4-40GB MIG 4g.20gb (0),1,,13,"void convert_kernel<__half2, float2>(tensor_layout_any, T1 *, tensor_layout_any, const T2 *)"
3123491518,5792,48719,,,,,,,,,,0.094,16176.708,Pinned,Device,NVIDIA A100-SXM4-40GB MIG 4g.20gb (0),1,,13,[CUDA memcpy Host-to-Device]
3123546845,62207,48720,,,,,,,,,,35.810,575644.464,Device,,NVIDIA A100-SXM4-40GB MIG 4g.20gb (0),1,,13,[CUDA memset]
3123614172,1824,48722,,,,,,,,,,0.000,43.860,Pinned,Device,NVIDIA A100-SXM4-40GB MIG 4g.20gb (0),1,,13,[CUDA memcpy Host-to-Device]
3123621020,10528,48723,,,,,,,,,,0.197,18674.614,Pinned,Device,NVIDIA A100-SXM4-40GB MIG 4g.20gb (0),1,,13,[CUDA memcpy Host-to-Device]
3123695131,30400,48724,273,1,1,48,1,1,40,0.000,0.001,,,,,NVIDIA A100-SXM4-40GB MIG 4g.20gb (0),1,,13,"void pusch_noise_intf_est::noiseIntfEstNoDftSOfdmKernel<float, __half, float, float, (unsigned int)2, (unsigned int)1, (unsigned char)4, (unsigned char)4>(pusch_noise_intf_est::puschRxNoiseIntfEstDynDescr)"
3123727963,13984,48735,35,1,1,128,1,1,16,0.000,0.000,,,,,NVIDIA A100-SXM4-40GB MIG 4g.20gb (0),1,,13,cupy_copy__complex64_complex64
3123799354,4768,48744,1,1,1,1,1,1,18,0.000,0.000,,,,,NVIDIA A100-SXM4-40GB MIG 4g.20gb (0),1,,13,cupy_copy__float32_float32
3123808410,1824,48750,,,,,,,,,,0.000,2.193,Device,Pageable,NVIDIA A100-SXM4-40GB MIG 4g.20gb (0),1,,7,[CUDA memcpy Device-to-Host]
3123925689,19679,48761,1434,1,1,128,1,1,16,0.000,0.000,,,,,NVIDIA A100-SXM4-40GB MIG 4g.20gb (0),1,,13,cupy_copy__complex64_complex64
3124023608,8319,48768,103,1,1,128,1,1,16,0.000,0.000,,,,,NVIDIA A100-SXM4-40GB MIG 4g.20gb (0),1,,13,cupy_copy__complex64_complex64
3124059671,25056,48775,35,1,1,128,1,1,16,0.000,0.000,,,,,NVIDIA A100-SXM4-40GB MIG 4g.20gb (0),1,,13,cupy_copy__complex64_complex64
3124131350,4256,48782,1,1,1,1,1,1,18,0.000,0.000,,,,,NVIDIA A100-SXM4-40GB MIG 4g.20gb (0),1,,13,cupy_copy__float32_float32
3124151894,265149,48793,1,1,1,32,32,1,30,0.000,0.000,,,,,NVIDIA A100-SXM4-40GB MIG 4g.20gb (0),1,,13,"void convert_kernel<__half2, float2>(tensor_layout_any, T1 *, tensor_layout_any, const T2 *)"
3124447347,5408,48796,,,,,,,,,,0.094,17325.421,Pinned,Device,NVIDIA A100-SXM4-40GB MIG 4g.20gb (0),1,,13,[CUDA memcpy Host-to-Device]
3124483634,11456,48797,,,,,,,,,,1.547,135004.809,Device,,NVIDIA A100-SXM4-40GB MIG 4g.20gb (0),1,,13,[CUDA memset]
3124496530,3040,48802,,,,,,,,,,0.031,10294.725,Pinned,Device,NVIDIA A100-SXM4-40GB MIG 4g.20gb (0),1,,13,[CUDA memcpy Host-to-Device]
3124502290,9920,48803,,,,,,,,,,0.197,19819.266,Pinned,Device,NVIDIA A100-SXM4-40GB MIG 4g.20gb (0),1,,13,[CUDA memcpy Host-to-Device]
3124589169,51999,48804,273,1,1,8,4,1,39,0.002,0.000,,,,,NVIDIA A100-SXM4-40GB MIG 4g.20gb (0),1,,13,"void channel_eq::eqMmseCoefCompLowMimoKernel<float, float, float, (unsigned int)4, (unsigned int)1, (unsigned int)4>(const channel_eq::_puschRxChEqStatDescr *, channel_eq::_puschRxChEqCoefCompDynDescr)"
3124696464,43327,48805,273,1,1,12,11,1,51,0.002,0.000,,,,,NVIDIA A100-SXM4-40GB MIG 4g.20gb (0),1,,13,"void channel_eq::eqMmseSoftDemapKernel<float, __half, __half, float, (unsigned int)4, (unsigned short)16383>(channel_eq::_puschRxChEqStatDescr *, channel_eq::_puschRxChEqSoftDemapDynDescr)"
3124782575,573849,48806,1,1,1,32,32,1,30,0.000,0.000,,,,,NVIDIA A100-SXM4-40GB MIG 4g.20gb (0),1,,13,"void convert_kernel<float2, __half2>(tensor_layout_any, T1 *, tensor_layout_any, const T2 *)"
3125383720,19168,48818,2253,1,1,128,1,1,16,0.000,0.000,,,,,NVIDIA A100-SXM4-40GB MIG 4g.20gb (0),1,,13,cupy_copy__float16_float16
3125403752,3584,48827,282,1,1,128,1,1,16,0.000,0.000,,,,,NVIDIA A100-SXM4-40GB MIG 4g.20gb (0),1,,13,cupy_copy__complex64_complex64
3125507110,6880,48836,26,1,1,128,1,1,16,0.000,0.000,,,,,NVIDIA A100-SXM4-40GB MIG 4g.20gb (0),1,,13,cupy_copy__float32_float32
3125571494,6048,48845,103,1,1,128,1,1,16,0.000,0.000,,,,,NVIDIA A100-SXM4-40GB MIG 4g.20gb (0),1,,13,cupy_copy__complex64_complex64
3125604325,26336,48855,1434,1,1,128,1,1,16,0.000,0.000,,,,,NVIDIA A100-SXM4-40GB MIG 4g.20gb (0),1,,13,cupy_copy__complex64_complex64
3125710052,254237,48860,1,1,1,32,32,1,30,0.000,0.000,,,,,NVIDIA A100-SXM4-40GB MIG 4g.20gb (0),1,,13,"void convert_kernel<__half2, float2>(tensor_layout_any, T1 *, tensor_layout_any, const T2 *)"
3125992161,5376,48863,,,,,,,,,,0.094,17428.487,Pinned,Device,NVIDIA A100-SXM4-40GB MIG 4g.20gb (0),1,,13,[CUDA memcpy Host-to-Device]
3126063488,619673,48864,,,,,,,,,,456.561,736433.603,Device,,NVIDIA A100-SXM4-40GB MIG 4g.20gb (0),1,,13,[CUDA memset]
3126691449,54751,48869,,,,,,,,,,1.235,22555.017,Pinned,Device,NVIDIA A100-SXM4-40GB MIG 4g.20gb (0),1,,13,[CUDA memcpy Host-to-Device]
3126750264,9952,48870,,,,,,,,,,0.197,19755.565,Pinned,Device,NVIDIA A100-SXM4-40GB MIG 4g.20gb (0),1,,13,[CUDA memcpy Host-to-Device]
3126810775,18368,48871,69,4,1,48,1,1,76,0.002,0.000,,,,,NVIDIA A100-SXM4-40GB MIG 4g.20gb (0),1,,13,"void ch_est::windowedChEstPreNoDftSOfdmKernel<float, __half, float, (unsigned int)2, (unsigned int)1, (unsigned short)4>(ch_est::puschRxChEstStatDescr_t *, ch_est::puschRxChEstDynDescr_t *)"
3126872887,28895,48872,137,2,1,24,2,1,44,0.001,0.001,,,,,NVIDIA A100-SXM4-40GB MIG 4g.20gb (0),1,,13,"void ch_est::chEstFilterNoDftSOfdmDispatchKernel<float, __half, float, (unsigned int)2>(ch_est::puschRxChEstStatDescr_t *, ch_est::puschRxChEstDynDescr_t *)"
3126904886,35968,48873,137,2,1,24,2,1,44,0.001,0.001,,,,,NVIDIA A100-SXM4-40GB MIG 4g.20gb (0),1,,13,"void ch_est::chEstFilterNoDftSOfdmDispatchKernel<float, __half, float, (unsigned int)2>(ch_est::puschRxChEstStatDescr_t *, ch_est::puschRxChEstDynDescr_t *)"
3126973846,9855,48884,103,1,1,128,1,1,16,0.000,0.000,,,,,NVIDIA A100-SXM4-40GB MIG 4g.20gb (0),1,,13,cupy_copy__complex64_complex64
3126999669,17984,48894,1434,1,1,128,1,1,16,0.000,0.000,,,,,NVIDIA A100-SXM4-40GB MIG 4g.20gb (0),1,,13,cupy_copy__complex64_complex64
3127078932,12640,48901,103,1,1,128,1,1,16,0.000,0.000,,,,,NVIDIA A100-SXM4-40GB MIG 4g.20gb (0),1,,13,cupy_copy__complex64_complex64
3127105876,265629,48908,1,1,1,32,32,1,30,0.000,0.000,,,,,NVIDIA A100-SXM4-40GB MIG 4g.20gb (0),1,,13,"void convert_kernel<__half2, float2>(tensor_layout_any, T1 *, tensor_layout_any, const T2 *)"
3127400497,7680,48911,,,,,,,,,,0.094,12199.969,Pinned,Device,NVIDIA A100-SXM4-40GB MIG 4g.20gb (0),1,,13,[CUDA memcpy Host-to-Device]
3127467472,62335,48912,,,,,,,,,,35.810,574462.737,Device,,NVIDIA A100-SXM4-40GB MIG 4g.20gb (0),1,,13,[CUDA memset]
3127529231,2336,48914,,,,,,,,,,0.000,34.247,Pinned,Device,NVIDIA A100-SXM4-40GB MIG 4g.20gb (0),1,,13,[CUDA memcpy Host-to-Device]
3127534095,10208,48915,,,,,,,,,,0.197,19260.113,Pinned,Device,NVIDIA A100-SXM4-40GB MIG 4g.20gb (0),1,,13,[CUDA memcpy Host-to-Device]
3127633614,46655,48916,273,1,1,48,1,1,40,0.000,0.001,,,,,NVIDIA A100-SXM4-40GB MIG 4g.20gb (0),1,,13,"void pusch_noise_intf_est::noiseIntfEstNoDftSOfdmKernel<float, __half, float, float, (unsigned int)2, (unsigned int)1, (unsigned char)4, (unsigned char)4>(pusch_noise_intf_est::puschRxNoiseIntfEstDynDescr)"
3127697837,12640,48927,35,1,1,128,1,1,16,0.000,0.000,,,,,NVIDIA A100-SXM4-40GB MIG 4g.20gb (0),1,,13,cupy_copy__complex64_complex64
3127724813,3744,48936,1,1,1,1,1,1,18,0.000,0.000,,,,,NVIDIA A100-SXM4-40GB MIG 4g.20gb (0),1,,13,cupy_copy__float32_float32
3127729677,1696,48942,,,,,,,,,,0.000,2.358,Device,Pageable,NVIDIA A100-SXM4-40GB MIG 4g.20gb (0),1,,7,[CUDA memcpy Device-to-Host]
3127845836,20287,48953,1434,1,1,128,1,1,16,0.000,0.000,,,,,NVIDIA A100-SXM4-40GB MIG 4g.20gb (0),1,,13,cupy_copy__complex64_complex64
3127926923,4224,48960,103,1,1,128,1,1,16,0.000,0.000,,,,,NVIDIA A100-SXM4-40GB MIG 4g.20gb (0),1,,13,cupy_copy__complex64_complex64
3127960746,17152,48967,35,1,1,128,1,1,16,0.000,0.000,,,,,NVIDIA A100-SXM4-40GB MIG 4g.20gb (0),1,,13,cupy_copy__complex64_complex64
3128021770,5024,48974,1,1,1,1,1,1,18,0.000,0.000,,,,,NVIDIA A100-SXM4-40GB MIG 4g.20gb (0),1,,13,cupy_copy__float32_float32
3128047881,246973,48985,1,1,1,32,32,1,30,0.000,0.000,,,,,NVIDIA A100-SXM4-40GB MIG 4g.20gb (0),1,,13,"void convert_kernel<__half2, float2>(tensor_layout_any, T1 *, tensor_layout_any, const T2 *)"
3128324326,5408,48988,,,,,,,,,,0.094,17325.421,Pinned,Device,NVIDIA A100-SXM4-40GB MIG 4g.20gb (0),1,,13,[CUDA memcpy Host-to-Device]
3128368934,15871,48989,,,,,,,,,,1.547,97449.685,Device,,NVIDIA A100-SXM4-40GB MIG 4g.20gb (0),1,,13,[CUDA memset]
3128386181,3008,48994,,,,,,,,,,0.031,10404.230,Pinned,Device,NVIDIA A100-SXM4-40GB MIG 4g.20gb (0),1,,13,[CUDA memcpy Host-to-Device]
3128391621,10208,48995,,,,,,,,,,0.197,19260.113,Pinned,Device,NVIDIA A100-SXM4-40GB MIG 4g.20gb (0),1,,13,[CUDA memcpy Host-to-Device]
3128444549,34655,48996,273,1,1,8,4,1,39,0.002,0.000,,,,,NVIDIA A100-SXM4-40GB MIG 4g.20gb (0),1,,13,"void channel_eq::eqMmseCoefCompLowMimoKernel<float, float, float, (unsigned int)4, (unsigned int)1, (unsigned int)4>(const channel_eq::_puschRxChEqStatDescr *, channel_eq::_puschRxChEqCoefCompDynDescr)"
3128481124,42848,48997,273,1,1,12,11,1,51,0.002,0.000,,,,,NVIDIA A100-SXM4-40GB MIG 4g.20gb (0),1,,13,"void channel_eq::eqMmseSoftDemapKernel<float, __half, __half, float, (unsigned int)4, (unsigned short)16383>(channel_eq::_puschRxChEqStatDescr *, channel_eq::_puschRxChEqSoftDemapDynDescr)"
3128561539,606201,48998,1,1,1,32,32,1,30,0.000,0.000,,,,,NVIDIA A100-SXM4-40GB MIG 4g.20gb (0),1,,13,"void convert_kernel<float2, __half2>(tensor_layout_any, T1 *, tensor_layout_any, const T2 *)"
3129203228,15392,49010,2253,1,1,128,1,1,16,0.000,0.000,,,,,NVIDIA A100-SXM4-40GB MIG 4g.20gb (0),1,,13,cupy_copy__float16_float16
3129267003,5504,49019,282,1,1,128,1,1,16,0.000,0.000,,,,,NVIDIA A100-SXM4-40GB MIG 4g.20gb (0),1,,13,cupy_copy__complex64_complex64
3129300827,5344,49028,26,1,1,128,1,1,16,0.000,0.000,,,,,NVIDIA A100-SXM4-40GB MIG 4g.20gb (0),1,,13,cupy_copy__float32_float32
3129307707,4928,49037,103,1,1,128,1,1,16,0.000,0.000,,,,,NVIDIA A100-SXM4-40GB MIG 4g.20gb (0),1,,13,cupy_copy__complex64_complex64
3129389626,14880,49047,1434,1,1,128,1,1,16,0.000,0.000,,,,,NVIDIA A100-SXM4-40GB MIG 4g.20gb (0),1,,13,cupy_copy__complex64_complex64
3129422457,252990,49052,1,1,1,32,32,1,30,0.000,0.000,,,,,NVIDIA A100-SXM4-40GB MIG 4g.20gb (0),1,,13,"void convert_kernel<__half2, float2>(tensor_layout_any, T1 *, tensor_layout_any, const T2 *)"
3129703510,5600,49055,,,,,,,,,,0.094,16731.388,Pinned,Device,NVIDIA A100-SXM4-40GB MIG 4g.20gb (0),1,,13,[CUDA memcpy Host-to-Device]
3129759030,619032,49056,,,,,,,,,,456.561,737346.726,Device,,NVIDIA A100-SXM4-40GB MIG 4g.20gb (0),1,,13,[CUDA memset]
3130386190,52064,49061,,,,,,,,,,1.235,23719.569,Pinned,Device,NVIDIA A100-SXM4-40GB MIG 4g.20gb (0),1,,13,[CUDA memcpy Host-to-Device]
3130442222,11360,49062,,,,,,,,,,0.197,17307.009,Pinned,Device,NVIDIA A100-SXM4-40GB MIG 4g.20gb (0),1,,13,[CUDA memcpy Host-to-Device]
3130501133,43424,49063,69,4,1,48,1,1,76,0.002,0.000,,,,,NVIDIA A100-SXM4-40GB MIG 4g.20gb (0),1,,13,"void ch_est::windowedChEstPreNoDftSOfdmKernel<float, __half, float, (unsigned int)2, (unsigned int)1, (unsigned short)4>(ch_est::puschRxChEstStatDescr_t *, ch_est::puschRxChEstDynDescr_t *)"
3130584556,30656,49064,137,2,1,24,2,1,44,0.001,0.001,,,,,NVIDIA A100-SXM4-40GB MIG 4g.20gb (0),1,,13,"void ch_est::chEstFilterNoDftSOfdmDispatchKernel<float, __half, float, (unsigned int)2>(ch_est::puschRxChEstStatDescr_t *, ch_est::puschRxChEstDynDescr_t *)"
3130617388,5376,49065,137,2,1,24,2,1,44,0.001,0.001,,,,,NVIDIA A100-SXM4-40GB MIG 4g.20gb (0),1,,13,"void ch_est::chEstFilterNoDftSOfdmDispatchKernel<float, __half, float, (unsigned int)2>(ch_est::puschRxChEstStatDescr_t *, ch_est::puschRxChEstDynDescr_t *)"
3130681259,4352,49076,103,1,1,128,1,1,16,0.000,0.000,,,,,NVIDIA A100-SXM4-40GB MIG 4g.20gb (0),1,,13,cupy_copy__complex64_complex64
3130712395,16831,49086,1434,1,1,128,1,1,16,0.000,0.000,,,,,NVIDIA A100-SXM4-40GB MIG 4g.20gb (0),1,,13,cupy_copy__complex64_complex64
3130778090,7008,49093,103,1,1,128,1,1,16,0.000,0.000,,,,,NVIDIA A100-SXM4-40GB MIG 4g.20gb (0),1,,13,cupy_copy__complex64_complex64
3130814601,260349,49100,1,1,1,32,32,1,30,0.000,0.000,,,,,NVIDIA A100-SXM4-40GB MIG 4g.20gb (0),1,,13,"void convert_kernel<__half2, float2>(tensor_layout_any, T1 *, tensor_layout_any, const T2 *)"
3131103494,5568,49103,,,,,,,,,,0.094,16827.521,Pinned,Device,NVIDIA A100-SXM4-40GB MIG 4g.20gb (0),1,,13,[CUDA memcpy Host-to-Device]
3131166085,62304,49104,,,,,,,,,,35.810,574749.216,Device,,NVIDIA A100-SXM4-40GB MIG 4g.20gb (0),1,,13,[CUDA memset]
3131232133,5088,49106,,,,,,,,,,0.000,15.723,Pinned,Device,NVIDIA A100-SXM4-40GB MIG 4g.20gb (0),1,,13,[CUDA memcpy Host-to-Device]
3131241349,13727,49107,,,,,,,,,,0.197,14322.696,Pinned,Device,NVIDIA A100-SXM4-40GB MIG 4g.20gb (0),1,,13,[CUDA memcpy Host-to-Device]
3131324452,34047,49108,273,1,1,48,1,1,40,0.000,0.001,,,,,NVIDIA A100-SXM4-40GB MIG 4g.20gb (0),1,,13,"void pusch_noise_intf_est::noiseIntfEstNoDftSOfdmKernel<float, __half, float, float, (unsigned int)2, (unsigned int)1, (unsigned char)4, (unsigned char)4>(pusch_noise_intf_est::puschRxNoiseIntfEstDynDescr)"
3131359971,7200,49119,35,1,1,128,1,1,16,0.000,0.000,,,,,NVIDIA A100-SXM4-40GB MIG 4g.20gb (0),1,,13,cupy_copy__complex64_complex64
3131438946,2560,49128,1,1,1,1,1,1,18,0.000,0.000,,,,,NVIDIA A100-SXM4-40GB MIG 4g.20gb (0),1,,13,cupy_copy__float32_float32
3131444610,1600,49134,,,,,,,,,,0.000,2.500,Device,Pageable,NVIDIA A100-SXM4-40GB MIG 4g.20gb (0),1,,7,[CUDA memcpy Device-to-Host]
3131508961,17472,49145,1434,1,1,128,1,1,16,0.000,0.000,,,,,NVIDIA A100-SXM4-40GB MIG 4g.20gb (0),1,,13,cupy_copy__complex64_complex64
3131536449,2528,49152,103,1,1,128,1,1,16,0.000,0.000,,,,,NVIDIA A100-SXM4-40GB MIG 4g.20gb (0),1,,13,cupy_copy__complex64_complex64
3131595616,4832,49159,35,1,1,128,1,1,16,0.000,0.000,,,,,NVIDIA A100-SXM4-40GB MIG 4g.20gb (0),1,,13,cupy_copy__complex64_complex64
3131601504,2016,49166,1,1,1,1,1,1,18,0.000,0.000,,,,,NVIDIA A100-SXM4-40GB MIG 4g.20gb (0),1,,13,cupy_copy__float32_float32
3131757183,141310,49177,1,1,1,32,32,1,30,0.000,0.000,,,,,NVIDIA A100-SXM4-40GB MIG 4g.20gb (0),1,,13,"void convert_kernel<__half2, float2>(tensor_layout_any, T1 *, tensor_layout_any, const T2 *)"
3131928797,5376,49180,,,,,,,,,,0.094,17428.487,Pinned,Device,NVIDIA A100-SXM4-40GB MIG 4g.20gb (0),1,,13,[CUDA memcpy Host-to-Device]
3131944028,3584,49181,,,,,,,,,,1.547,431534.389,Device,,NVIDIA A100-SXM4-40GB MIG 4g.20gb (0),1,,13,[CUDA memset]
3131950844,3328,49186,,,,,,,,,,0.031,9403.822,Pinned,Device,NVIDIA A100-SXM4-40GB MIG 4g.20gb (0),1,,13,[CUDA memcpy Host-to-Device]
3131956284,9824,49187,,,,,,,,,,0.197,20012.925,Pinned,Device,NVIDIA A100-SXM4-40GB MIG 4g.20gb (0),1,,13,[CUDA memcpy Host-to-Device]
3132010300,32959,49188,273,1,1,8,4,1,39,0.002,0.000,,,,,NVIDIA A100-SXM4-40GB MIG 4g.20gb (0),1,,13,"void channel_eq::eqMmseCoefCompLowMimoKernel<float, float, float, (unsigned int)4, (unsigned int)1, (unsigned int)4>(const channel_eq::_puschRxChEqStatDescr *, channel_eq::_puschRxChEqCoefCompDynDescr)"
3132044411,5856,49189,273,1,1,12,11,1,51,0.002,0.000,,,,,NVIDIA A100-SXM4-40GB MIG 4g.20gb (0),1,,13,"void channel_eq::eqMmseSoftDemapKernel<float, __half, __half, float, (unsigned int)4, (unsigned short)16383>(channel_eq::_puschRxChEqStatDescr *, channel_eq::_puschRxChEqSoftDemapDynDescr)"
3132103131,372187,49190,1,1,1,32,32,1,30,0.000,0.000,,,,,NVIDIA A100-SXM4-40GB MIG 4g.20gb (0),1,,13,"void convert_kernel<float2, __half2>(tensor_layout_any, T1 *, tensor_layout_any, const T2 *)"
3132476630,19968,49202,2253,1,1,128,1,1,16,0.000,0.000,,,,,NVIDIA A100-SXM4-40GB MIG 4g.20gb (0),1,,13,cupy_copy__float16_float16
3132497718,3616,49211,282,1,1,128,1,1,16,0.000,0.000,,,,,NVIDIA A100-SXM4-40GB MIG 4g.20gb (0),1,,13,cupy_copy__complex64_complex64
3132502294,1984,49220,26,1,1,128,1,1,16,0.000,0.000,,,,,NVIDIA A100-SXM4-40GB MIG 4g.20gb (0),1,,13,cupy_copy__float32_float32
3132550006,8191,49229,103,1,1,128,1,1,16,0.000,0.000,,,,,NVIDIA A100-SXM4-40GB MIG 4g.20gb (0),1,,13,cupy_copy__complex64_complex64
3132560405,14080,49239,1434,1,1,128,1,1,16,0.000,0.000,,,,,NVIDIA A100-SXM4-40GB MIG 4g.20gb (0),1,,13,cupy_copy__complex64_complex64
3132575509,117471,49244,1,1,1,32,32,1,30,0.000,0.000,,,,,NVIDIA A100-SXM4-40GB MIG 4g.20gb (0),1,,13,"void convert_kernel<__half2, float2>(tensor_layout_any, T1 *, tensor_layout_any, const T2 *)"
3132721332,5375,49247,,,,,,,,,,0.094,17431.766,Pinned,Device,NVIDIA A100-SXM4-40GB MIG 4g.20gb (0),1,,13,[CUDA memcpy Host-to-Device]
3132731987,628313,49248,,,,,,,,,,456.561,726389.251,Device,,NVIDIA A100-SXM4-40GB MIG 4g.20gb (0),1,,13,[CUDA memset]
3133361324,55744,49253,,,,,,,,,,1.235,22153.660,Pinned,Device,NVIDIA A100-SXM4-40GB MIG 4g.20gb (0),1,,13,[CUDA memcpy Host-to-Device]
3133421195,9376,49254,,,,,,,,,,0.197,20969.226,Pinned,Device,NVIDIA A100-SXM4-40GB MIG 4g.20gb (0),1,,13,[CUDA memcpy Host-to-Device]
3133570122,23200,49255,69,4,1,48,1,1,76,0.002,0.000,,,,,NVIDIA A100-SXM4-40GB MIG 4g.20gb (0),1,,13,"void ch_est::windowedChEstPreNoDftSOfdmKernel<float, __half, float, (unsigned int)2, (unsigned int)1, (unsigned short)4>(ch_est::puschRxChEstStatDescr_t *, ch_est::puschRxChEstDynDescr_t *)"
3133652969,16480,49256,137,2,1,24,2,1,44,0.001,0.001,,,,,NVIDIA A100-SXM4-40GB MIG 4g.20gb (0),1,,13,"void ch_est::chEstFilterNoDftSOfdmDispatchKernel<float, __half, float, (unsigned int)2>(ch_est::puschRxChEstStatDescr_t *, ch_est::puschRxChEstDynDescr_t *)"
3133694664,37568,49257,137,2,1,24,2,1,44,0.001,0.001,,,,,NVIDIA A100-SXM4-40GB MIG 4g.20gb (0),1,,13,"void ch_est::chEstFilterNoDftSOfdmDispatchKernel<float, __half, float, (unsigned int)2>(ch_est::puschRxChEstStatDescr_t *, ch_est::puschRxChEstDynDescr_t *)"
3133772295,8000,49268,103,1,1,128,1,1,16,0.000,0.000,,,,,NVIDIA A100-SXM4-40GB MIG 4g.20gb (0),1,,13,cupy_copy__complex64_complex64
3133815655,20160,49278,1434,1,1,128,1,1,16,0.000,0.000,,,,,NVIDIA A100-SXM4-40GB MIG 4g.20gb (0),1,,13,cupy_copy__complex64_complex64
3133899014,6336,49285,103,1,1,128,1,1,16,0.000,0.000,,,,,NVIDIA A100-SXM4-40GB MIG 4g.20gb (0),1,,13,cupy_copy__complex64_complex64
3133944005,248958,49292,1,1,1,32,32,1,30,0.000,0.000,,,,,NVIDIA A100-SXM4-40GB MIG 4g.20gb (0),1,,13,"void convert_kernel<__half2, float2>(tensor_layout_any, T1 *, tensor_layout_any, const T2 *)"
3134222626,5792,49295,,,,,,,,,,0.094,16176.708,Pinned,Device,NVIDIA A100-SXM4-40GB MIG 4g.20gb (0),1,,13,[CUDA memcpy Host-to-Device]
3134313985,62048,49296,,,,,,,,,,35.810,577112.671,Device,,NVIDIA A100-SXM4-40GB MIG 4g.20gb (0),1,,13,[CUDA memset]
3134378624,1824,49298,,,,,,,,,,0.000,43.860,Pinned,Device,NVIDIA A100-SXM4-40GB MIG 4g.20gb (0),1,,13,[CUDA memcpy Host-to-Device]
3134382880,10208,49299,,,,,,,,,,0.197,19260.113,Pinned,Device,NVIDIA A100-SXM4-40GB MIG 4g.20gb (0),1,,13,[CUDA memcpy Host-to-Device]
3134510431,40704,49300,273,1,1,48,1,1,40,0.000,0.001,,,,,NVIDIA A100-SXM4-40GB MIG 4g.20gb (0),1,,13,"void pusch_noise_intf_est::noiseIntfEstNoDftSOfdmKernel<float, __half, float, float, (unsigned int)2, (unsigned int)1, (unsigned char)4, (unsigned char)4>(pusch_noise_intf_est::puschRxNoiseIntfEstDynDescr)"
3134620766,16896,49311,35,1,1,128,1,1,16,0.000,0.000,,,,,NVIDIA A100-SXM4-40GB MIG 4g.20gb (0),1,,13,cupy_copy__complex64_complex64
3134695197,3328,49320,1,1,1,1,1,1,18,0.000,0.000,,,,,NVIDIA A100-SXM4-40GB MIG 4g.20gb (0),1,,13,cupy_copy__float32_float32
3134703677,1600,49326,,,,,,,,,,0.000,2.500,Device,Pageable,NVIDIA A100-SXM4-40GB MIG 4g.20gb (0),1,,7,[CUDA memcpy Device-to-Host]
3134804092,17535,49337,1434,1,1,128,1,1,16,0.000,0.000,,,,,NVIDIA A100-SXM4-40GB MIG 4g.20gb (0),1,,13,cupy_copy__complex64_complex64
3134859195,7136,49344,103,1,1,128,1,1,16,0.000,0.000,,,,,NVIDIA A100-SXM4-40GB MIG 4g.20gb (0),1,,13,cupy_copy__complex64_complex64
3134935002,8224,49351,35,1,1,128,1,1,16,0.000,0.000,,,,,NVIDIA A100-SXM4-40GB MIG 4g.20gb (0),1,,13,cupy_copy__complex64_complex64
3134978586,3232,49358,1,1,1,1,1,1,18,0.000,0.000,,,,,NVIDIA A100-SXM4-40GB MIG 4g.20gb (0),1,,13,cupy_copy__float32_float32
3135078296,253950,49369,1,1,1,32,32,1,30,0.000,0.000,,,,,NVIDIA A100-SXM4-40GB MIG 4g.20gb (0),1,,13,"void convert_kernel<__half2, float2>(tensor_layout_any, T1 *, tensor_layout_any, const T2 *)"
3135362325,5696,49372,,,,,,,,,,0.094,16449.363,Pinned,Device,NVIDIA A100-SXM4-40GB MIG 4g.20gb (0),1,,13,[CUDA memcpy Host-to-Device]
3135415477,10175,49373,,,,,,,,,,1.547,152002.207,Device,,NVIDIA A100-SXM4-40GB MIG 4g.20gb (0),1,,13,[CUDA memset]
3135428724,3040,49378,,,,,,,,,,0.031,10294.725,Pinned,Device,NVIDIA A100-SXM4-40GB MIG 4g.20gb (0),1,,13,[CUDA memcpy Host-to-Device]
3135434260,9920,49379,,,,,,,,,,0.197,19819.266,Pinned,Device,NVIDIA A100-SXM4-40GB MIG 4g.20gb (0),1,,13,[CUDA memcpy Host-to-Device]
3135509683,24832,49380,273,1,1,8,4,1,39,0.002,0.000,,,,,NVIDIA A100-SXM4-40GB MIG 4g.20gb (0),1,,13,"void channel_eq::eqMmseCoefCompLowMimoKernel<float, float, float, (unsigned int)4, (unsigned int)1, (unsigned int)4>(const channel_eq::_puschRxChEqStatDescr *, channel_eq::_puschRxChEqCoefCompDynDescr)"
3135582739,44223,49381,273,1,1,12,11,1,51,0.002,0.000,,,,,NVIDIA A100-SXM4-40GB MIG 4g.20gb (0),1,,13,"void channel_eq::eqMmseSoftDemapKernel<float, __half, __half, float, (unsigned int)4, (unsigned short)16383>(channel_eq::_puschRxChEqStatDescr *, channel_eq::_puschRxChEqSoftDemapDynDescr)"
3135670322,589369,49382,1,1,1,32,32,1,30,0.000,0.000,,,,,NVIDIA A100-SXM4-40GB MIG 4g.20gb (0),1,,13,"void convert_kernel<float2, __half2>(tensor_layout_any, T1 *, tensor_layout_any, const T2 *)"
3136274667,23391,49394,2253,1,1,128,1,1,16,0.000,0.000,,,,,NVIDIA A100-SXM4-40GB MIG 4g.20gb (0),1,,13,cupy_copy__float16_float16
3136353802,15744,49403,282,1,1,128,1,1,16,0.000,0.000,,,,,NVIDIA A100-SXM4-40GB MIG 4g.20gb (0),1,,13,cupy_copy__complex64_complex64
3136404873,4576,49412,26,1,1,128,1,1,16,0.000,0.000,,,,,NVIDIA A100-SXM4-40GB MIG 4g.20gb (0),1,,13,cupy_copy__float32_float32
3136467816,11808,49421,103,1,1,128,1,1,16,0.000,0.000,,,,,NVIDIA A100-SXM4-40GB MIG 4g.20gb (0),1,,13,cupy_copy__complex64_complex64
3136576231,29920,49431,1434,1,1,128,1,1,16,0.000,0.000,,,,,NVIDIA A100-SXM4-40GB MIG 4g.20gb (0),1,,13,cupy_copy__complex64_complex64
3136677990,260797,49436,1,1,1,32,32,1,30,0.000,0.000,,,,,NVIDIA A100-SXM4-40GB MIG 4g.20gb (0),1,,13,"void convert_kernel<__half2, float2>(tensor_layout_any, T1 *, tensor_layout_any, const T2 *)"
3136969379,6016,49439,,,,,,,,,,0.094,15574.430,Pinned,Device,NVIDIA A100-SXM4-40GB MIG 4g.20gb (0),1,,13,[CUDA memcpy Host-to-Device]
3137079553,636569,49440,,,,,,,,,,456.561,716801.461,Device,,NVIDIA A100-SXM4-40GB MIG 4g.20gb (0),1,,13,[CUDA memset]
3137723258,50943,49445,,,,,,,,,,1.235,24240.716,Pinned,Device,NVIDIA A100-SXM4-40GB MIG 4g.20gb (0),1,,13,[CUDA memcpy Host-to-Device]
3137776665,9920,49446,,,,,,,,,,0.197,19819.266,Pinned,Device,NVIDIA A100-SXM4-40GB MIG 4g.20gb (0),1,,13,[CUDA memcpy Host-to-Device]
3137845177,27743,49447,69,4,1,48,1,1,76,0.002,0.000,,,,,NVIDIA A100-SXM4-40GB MIG 4g.20gb (0),1,,13,"void ch_est::windowedChEstPreNoDftSOfdmKernel<float, __half, float, (unsigned int)2, (unsigned int)1, (unsigned short)4>(ch_est::puschRxChEstStatDescr_t *, ch_est::puschRxChEstDynDescr_t *)"
3137914456,32383,49448,137,2,1,24,2,1,44,0.001,0.001,,,,,NVIDIA A100-SXM4-40GB MIG 4g.20gb (0),1,,13,"void ch_est::chEstFilterNoDftSOfdmDispatchKernel<float, __half, float, (unsigned int)2>(ch_est::puschRxChEstStatDescr_t *, ch_est::puschRxChEstDynDescr_t *)"
3137983095,26048,49449,137,2,1,24,2,1,44,0.001,0.001,,,,,NVIDIA A100-SXM4-40GB MIG 4g.20gb (0),1,,13,"void ch_est::chEstFilterNoDftSOfdmDispatchKernel<float, __half, float, (unsigned int)2>(ch_est::puschRxChEstStatDescr_t *, ch_est::puschRxChEstDynDescr_t *)"
3138036598,7552,49460,103,1,1,128,1,1,16,0.000,0.000,,,,,NVIDIA A100-SXM4-40GB MIG 4g.20gb (0),1,,13,cupy_copy__complex64_complex64
3138108182,17407,49470,1434,1,1,128,1,1,16,0.000,0.000,,,,,NVIDIA A100-SXM4-40GB MIG 4g.20gb (0),1,,13,cupy_copy__complex64_complex64
3138166325,8128,49477,103,1,1,128,1,1,16,0.000,0.000,,,,,NVIDIA A100-SXM4-40GB MIG 4g.20gb (0),1,,13,cupy_copy__complex64_complex64
3138249812,252157,49484,1,1,1,32,32,1,30,0.000,0.000,,,,,NVIDIA A100-SXM4-40GB MIG 4g.20gb (0),1,,13,"void convert_kernel<__half2, float2>(tensor_layout_any, T1 *, tensor_layout_any, const T2 *)"
3138530097,6464,49487,,,,,,,,,,0.094,14494.959,Pinned,Device,NVIDIA A100-SXM4-40GB MIG 4g.20gb (0),1,,13,[CUDA memcpy Host-to-Device]
3138617680,55359,49488,,,,,,,,,,35.810,646834.585,Device,,NVIDIA A100-SXM4-40GB MIG 4g.20gb (0),1,,13,[CUDA memset]
3138674991,1856,49490,,,,,,,,,,0.000,43.103,Pinned,Device,NVIDIA A100-SXM4-40GB MIG 4g.20gb (0),1,,13,[CUDA memcpy Host-to-Device]
3138679279,10336,49491,,,,,,,,,,0.197,19021.627,Pinned,Device,NVIDIA A100-SXM4-40GB MIG 4g.20gb (0),1,,13,[CUDA memcpy Host-to-Device]
3138811950,33695,49492,273,1,1,48,1,1,40,0.000,0.001,,,,,NVIDIA A100-SXM4-40GB MIG 4g.20gb (0),1,,13,"void pusch_noise_intf_est::noiseIntfEstNoDftSOfdmKernel<float, __half, float, float, (unsigned int)2, (unsigned int)1, (unsigned char)4, (unsigned char)4>(pusch_noise_intf_est::puschRxNoiseIntfEstDynDescr)"
3138871373,16256,49503,35,1,1,128,1,1,16,0.000,0.000,,,,,NVIDIA A100-SXM4-40GB MIG 4g.20gb (0),1,,13,cupy_copy__complex64_complex64
3138937004,2624,49512,1,1,1,1,1,1,18,0.000,0.000,,,,,NVIDIA A100-SXM4-40GB MIG 4g.20gb (0),1,,13,cupy_copy__float32_float32
3138941836,1824,49518,,,,,,,,,,0.000,2.193,Device,Pageable,NVIDIA A100-SXM4-40GB MIG 4g.20gb (0),1,,7,[CUDA memcpy Device-to-Host]
3139055883,16384,49529,1434,1,1,128,1,1,16,0.000,0.000,,,,,NVIDIA A100-SXM4-40GB MIG 4g.20gb (0),1,,13,cupy_copy__complex64_complex64
3139105322,9664,49536,103,1,1,128,1,1,16,0.000,0.000,,,,,NVIDIA A100-SXM4-40GB MIG 4g.20gb (0),1,,13,cupy_copy__complex64_complex64
3139185705,10208,49543,35,1,1,128,1,1,16,0.000,0.000,,,,,NVIDIA A100-SXM4-40GB MIG 4g.20gb (0),1,,13,cupy_copy__complex64_complex64
3139236361,7136,49550,1,1,1,1,1,1,18,0.000,0.000,,,,,NVIDIA A100-SXM4-40GB MIG 4g.20gb (0),1,,13,cupy_copy__float32_float32
3139341543,256957,49561,1,1,1,32,32,1,30,0.000,0.000,,,,,NVIDIA A100-SXM4-40GB MIG 4g.20gb (0),1,,13,"void convert_kernel<__half2, float2>(tensor_layout_any, T1 *, tensor_layout_any, const T2 *)"
3139628356,6880,49564,,,,,,,,,,0.094,13618.526,Pinned,Device,NVIDIA A100-SXM4-40GB MIG 4g.20gb (0),1,,13,[CUDA memcpy Host-to-Device]
3139676676,11199,49565,,,,,,,,,,1.547,138102.697,Device,,NVIDIA A100-SXM4-40GB MIG 4g.20gb (0),1,,13,[CUDA memset]
3139695907,3104,49570,,,,,,,,,,0.031,10082.445,Pinned,Device,NVIDIA A100-SXM4-40GB MIG 4g.20gb (0),1,,13,[CUDA memcpy Host-to-Device]
3139701443,9824,49571,,,,,,,,,,0.197,20012.925,Pinned,Device,NVIDIA A100-SXM4-40GB MIG 4g.20gb (0),1,,13,[CUDA memcpy Host-to-Device]
3139785570,30176,49572,273,1,1,8,4,1,39,0.002,0.000,,,,,NVIDIA A100-SXM4-40GB MIG 4g.20gb (0),1,,13,"void channel_eq::eqMmseCoefCompLowMimoKernel<float, float, float, (unsigned int)4, (unsigned int)1, (unsigned int)4>(const channel_eq::_puschRxChEqStatDescr *, channel_eq::_puschRxChEqCoefCompDynDescr)"
3139856450,45951,49573,273,1,1,12,11,1,51,0.002,0.000,,,,,NVIDIA A100-SXM4-40GB MIG 4g.20gb (0),1,,13,"void channel_eq::eqMmseSoftDemapKernel<float, __half, __half, float, (unsigned int)4, (unsigned short)16383>(channel_eq::_puschRxChEqStatDescr *, channel_eq::_puschRxChEqSoftDemapDynDescr)"
3139942561,576345,49574,1,1,1,32,32,1,30,0.000,0.000,,,,,NVIDIA A100-SXM4-40GB MIG 4g.20gb (0),1,,13,"void convert_kernel<float2, __half2>(tensor_layout_any, T1 *, tensor_layout_any, const T2 *)"
3140594905,18528,49586,2253,1,1,128,1,1,16,0.000,0.000,,,,,NVIDIA A100-SXM4-40GB MIG 4g.20gb (0),1,,13,cupy_copy__float16_float16
3140651032,8800,49595,282,1,1,128,1,1,16,0.000,0.000,,,,,NVIDIA A100-SXM4-40GB MIG 4g.20gb (0),1,,13,cupy_copy__complex64_complex64
3140722840,5248,49604,26,1,1,128,1,1,16,0.000,0.000,,,,,NVIDIA A100-SXM4-40GB MIG 4g.20gb (0),1,,13,cupy_copy__float32_float32
3140762295,14016,49613,103,1,1,128,1,1,16,0.000,0.000,,,,,NVIDIA A100-SXM4-40GB MIG 4g.20gb (0),1,,13,cupy_copy__complex64_complex64
3140845590,16576,49623,1434,1,1,128,1,1,16,0.000,0.000,,,,,NVIDIA A100-SXM4-40GB MIG 4g.20gb (0),1,,13,cupy_copy__complex64_complex64
3140897910,235485,49628,1,1,1,32,32,1,30,0.000,0.000,,,,,NVIDIA A100-SXM4-40GB MIG 4g.20gb (0),1,,13,"void convert_kernel<__half2, float2>(tensor_layout_any, T1 *, tensor_layout_any, const T2 *)"
3141164690,6592,49631,,,,,,,,,,0.094,14213.590,Pinned,Device,NVIDIA A100-SXM4-40GB MIG 4g.20gb (0),1,,13,[CUDA memcpy Host-to-Device]
3141224210,625785,49632,,,,,,,,,,456.561,729128.620,Device,,NVIDIA A100-SXM4-40GB MIG 4g.20gb (0),1,,13,[CUDA memset]
3141857547,54047,49637,,,,,,,,,,1.235,22848.934,Pinned,Device,NVIDIA A100-SXM4-40GB MIG 4g.20gb (0),1,,13,[CUDA memcpy Host-to-Device]
3141914698,10656,49638,,,,,,,,,,0.197,18450.285,Pinned,Device,NVIDIA A100-SXM4-40GB MIG 4g.20gb (0),1,,13,[CUDA memcpy Host-to-Device]
3141988361,28576,49639,69,4,1,48,1,1,76,0.002,0.000,,,,,NVIDIA A100-SXM4-40GB MIG 4g.20gb (0),1,,13,"void ch_est::windowedChEstPreNoDftSOfdmKernel<float, __half, float, (unsigned int)2, (unsigned int)1, (unsigned short)4>(ch_est::puschRxChEstStatDescr_t *, ch_est::puschRxChEstDynDescr_t *)"
3142060584,30144,49640,137,2,1,24,2,1,44,0.001,0.001,,,,,NVIDIA A100-SXM4-40GB MIG 4g.20gb (0),1,,13,"void ch_est::chEstFilterNoDftSOfdmDispatchKernel<float, __half, float, (unsigned int)2>(ch_est::puschRxChEstStatDescr_t *, ch_est::puschRxChEstDynDescr_t *)"
3142139047,28640,49641,137,2,1,24,2,1,44,0.001,0.001,,,,,NVIDIA A100-SXM4-40GB MIG 4g.20gb (0),1,,13,"void ch_est::chEstFilterNoDftSOfdmDispatchKernel<float, __half, float, (unsigned int)2>(ch_est::puschRxChEstStatDescr_t *, ch_est::puschRxChEstDynDescr_t *)"
3142180071,5344,49652,103,1,1,128,1,1,16,0.000,0.000,,,,,NVIDIA A100-SXM4-40GB MIG 4g.20gb (0),1,,13,cupy_copy__complex64_complex64
3142257574,16352,49662,1434,1,1,128,1,1,16,0.000,0.000,,,,,NVIDIA A100-SXM4-40GB MIG 4g.20gb (0),1,,13,cupy_copy__complex64_complex64
3142307589,6112,49669,103,1,1,128,1,1,16,0.000,0.000,,,,,NVIDIA A100-SXM4-40GB MIG 4g.20gb (0),1,,13,cupy_copy__complex64_complex64
3142384196,261949,49676,1,1,1,32,32,1,30,0.000,0.000,,,,,NVIDIA A100-SXM4-40GB MIG 4g.20gb (0),1,,13,"void convert_kernel<__half2, float2>(tensor_layout_any, T1 *, tensor_layout_any, const T2 *)"
3142675169,5408,49679,,,,,,,,,,0.094,17325.421,Pinned,Device,NVIDIA A100-SXM4-40GB MIG 4g.20gb (0),1,,13,[CUDA memcpy Host-to-Device]
3142743488,57344,49680,,,,,,,,,,35.810,624453.385,Device,,NVIDIA A100-SXM4-40GB MIG 4g.20gb (0),1,,13,[CUDA memset]
3142805760,1824,49682,,,,,,,,,,0.000,43.860,Pinned,Device,NVIDIA A100-SXM4-40GB MIG 4g.20gb (0),1,,13,[CUDA memcpy Host-to-Device]
3142811968,9471,49683,,,,,,,,,,0.197,20758.856,Pinned,Device,NVIDIA A100-SXM4-40GB MIG 4g.20gb (0),1,,13,[CUDA memcpy Host-to-Device]
3142945470,28544,49684,273,1,1,48,1,1,40,0.000,0.001,,,,,NVIDIA A100-SXM4-40GB MIG 4g.20gb (0),1,,13,"void pusch_noise_intf_est::noiseIntfEstNoDftSOfdmKernel<float, __half, float, float, (unsigned int)2, (unsigned int)1, (unsigned char)4, (unsigned char)4>(pusch_noise_intf_est::puschRxNoiseIntfEstDynDescr)"
3142988510,10783,49695,35,1,1,128,1,1,16,0.000,0.000,,,,,NVIDIA A100-SXM4-40GB MIG 4g.20gb (0),1,,13,cupy_copy__complex64_complex64
3143060413,2720,49704,1,1,1,1,1,1,18,0.000,0.000,,,,,NVIDIA A100-SXM4-40GB MIG 4g.20gb (0),1,,13,cupy_copy__float32_float32
3143065437,1568,49710,,,,,,,,,,0.000,2.551,Device,Pageable,NVIDIA A100-SXM4-40GB MIG 4g.20gb (0),1,,7,[CUDA memcpy Device-to-Host]
3143168411,18720,49721,1434,1,1,128,1,1,16,0.000,0.000,,,,,NVIDIA A100-SXM4-40GB MIG 4g.20gb (0),1,,13,cupy_copy__complex64_complex64
3143229083,6880,49728,103,1,1,128,1,1,16,0.000,0.000,,,,,NVIDIA A100-SXM4-40GB MIG 4g.20gb (0),1,,13,cupy_copy__complex64_complex64
3143305914,6784,49735,35,1,1,128,1,1,16,0.000,0.000,,,,,NVIDIA A100-SXM4-40GB MIG 4g.20gb (0),1,,13,cupy_copy__complex64_complex64
3143353721,3744,49742,1,1,1,1,1,1,18,0.000,0.000,,,,,NVIDIA A100-SXM4-40GB MIG 4g.20gb (0),1,,13,cupy_copy__float32_float32
3143458072,255741,49753,1,1,1,32,32,1,30,0.000,0.000,,,,,NVIDIA A100-SXM4-40GB MIG 4g.20gb (0),1,,13,"void convert_kernel<__half2, float2>(tensor_layout_any, T1 *, tensor_layout_any, const T2 *)"
3143742485,5376,49756,,,,,,,,,,0.094,17428.487,Pinned,Device,NVIDIA A100-SXM4-40GB MIG 4g.20gb (0),1,,13,[CUDA memcpy Host-to-Device]
3143812404,11328,49757,,,,,,,,,,1.547,136529.780,Device,,NVIDIA A100-SXM4-40GB MIG 4g.20gb (0),1,,13,[CUDA memset]
3143824916,3264,49762,,,,,,,,,,0.031,9588.218,Pinned,Device,NVIDIA A100-SXM4-40GB MIG 4g.20gb (0),1,,13,[CUDA memcpy Host-to-Device]
3143831604,9344,49763,,,,,,,,,,0.197,21040.988,Pinned,Device,NVIDIA A100-SXM4-40GB MIG 4g.20gb (0),1,,13,[CUDA memcpy Host-to-Device]
3143909779,27072,49764,273,1,1,8,4,1,39,0.002,0.000,,,,,NVIDIA A100-SXM4-40GB MIG 4g.20gb (0),1,,13,"void channel_eq::eqMmseCoefCompLowMimoKernel<float, float, float, (unsigned int)4, (unsigned int)1, (unsigned int)4>(const channel_eq::_puschRxChEqStatDescr *, channel_eq::_puschRxChEqCoefCompDynDescr)"
3143981458,40288,49765,273,1,1,12,11,1,51,0.002,0.000,,,,,NVIDIA A100-SXM4-40GB MIG 4g.20gb (0),1,,13,"void channel_eq::eqMmseSoftDemapKernel<float, __half, __half, float, (unsigned int)4, (unsigned short)16383>(channel_eq::_puschRxChEqStatDescr *, channel_eq::_puschRxChEqSoftDemapDynDescr)"
3144064049,592185,49766,1,1,1,32,32,1,30,0.000,0.000,,,,,NVIDIA A100-SXM4-40GB MIG 4g.20gb (0),1,,13,"void convert_kernel<float2, __half2>(tensor_layout_any, T1 *, tensor_layout_any, const T2 *)"
3144730250,19391,49778,2253,1,1,128,1,1,16,0.000,0.000,,,,,NVIDIA A100-SXM4-40GB MIG 4g.20gb (0),1,,13,cupy_copy__float16_float16
3144782697,7968,49787,282,1,1,128,1,1,16,0.000,0.000,,,,,NVIDIA A100-SXM4-40GB MIG 4g.20gb (0),1,,13,cupy_copy__complex64_complex64
3144856072,6368,49796,26,1,1,128,1,1,16,0.000,0.000,,,,,NVIDIA A100-SXM4-40GB MIG 4g.20gb (0),1,,13,cupy_copy__float32_float32
3144895784,21311,49805,103,1,1,128,1,1,16,0.000,0.000,,,,,NVIDIA A100-SXM4-40GB MIG 4g.20gb (0),1,,13,cupy_copy__complex64_complex64
3144970087,17280,49815,1434,1,1,128,1,1,16,0.000,0.000,,,,,NVIDIA A100-SXM4-40GB MIG 4g.20gb (0),1,,13,cupy_copy__complex64_complex64
3145021606,238813,49820,1,1,1,32,32,1,30,0.000,0.000,,,,,NVIDIA A100-SXM4-40GB MIG 4g.20gb (0),1,,13,"void convert_kernel<__half2, float2>(tensor_layout_any, T1 *, tensor_layout_any, const T2 *)"
3145290563,5824,49823,,,,,,,,,,0.094,16087.884,Pinned,Device,NVIDIA A100-SXM4-40GB MIG 4g.20gb (0),1,,13,[CUDA memcpy Host-to-Device]
3145350466,630009,49824,,,,,,,,,,456.561,724563.005,Device,,NVIDIA A100-SXM4-40GB MIG 4g.20gb (0),1,,13,[CUDA memset]
3145984635,51231,49829,,,,,,,,,,1.235,24104.872,Pinned,Device,NVIDIA A100-SXM4-40GB MIG 4g.20gb (0),1,,13,[CUDA memcpy Host-to-Device]
3146038394,9888,49830,,,,,,,,,,0.197,19883.360,Pinned,Device,NVIDIA A100-SXM4-40GB MIG 4g.20gb (0),1,,13,[CUDA memcpy Host-to-Device]
3146111514,28191,49831,69,4,1,48,1,1,76,0.002,0.000,,,,,NVIDIA A100-SXM4-40GB MIG 4g.20gb (0),1,,13,"void ch_est::windowedChEstPreNoDftSOfdmKernel<float, __half, float, (unsigned int)2, (unsigned int)1, (unsigned short)4>(ch_est::puschRxChEstStatDescr_t *, ch_est::puschRxChEstDynDescr_t *)"
3146179481,37439,49832,137,2,1,24,2,1,44,0.001,0.001,,,,,NVIDIA A100-SXM4-40GB MIG 4g.20gb (0),1,,13,"void ch_est::chEstFilterNoDftSOfdmDispatchKernel<float, __half, float, (unsigned int)2>(ch_est::puschRxChEstStatDescr_t *, ch_est::puschRxChEstDynDescr_t *)"
3146253080,18816,49833,137,2,1,24,2,1,44,0.001,0.001,,,,,NVIDIA A100-SXM4-40GB MIG 4g.20gb (0),1,,13,"void ch_est::chEstFilterNoDftSOfdmDispatchKernel<float, __half, float, (unsigned int)2>(ch_est::puschRxChEstStatDescr_t *, ch_est::puschRxChEstDynDescr_t *)"
3146299607,7776,49844,103,1,1,128,1,1,16,0.000,0.000,,,,,NVIDIA A100-SXM4-40GB MIG 4g.20gb (0),1,,13,cupy_copy__complex64_complex64
3146373271,16383,49854,1434,1,1,128,1,1,16,0.000,0.000,,,,,NVIDIA A100-SXM4-40GB MIG 4g.20gb (0),1,,13,cupy_copy__complex64_complex64
3146432054,7104,49861,103,1,1,128,1,1,16,0.000,0.000,,,,,NVIDIA A100-SXM4-40GB MIG 4g.20gb (0),1,,13,cupy_copy__complex64_complex64
3146511221,249309,49868,1,1,1,32,32,1,30,0.000,0.000,,,,,NVIDIA A100-SXM4-40GB MIG 4g.20gb (0),1,,13,"void convert_kernel<__half2, float2>(tensor_layout_any, T1 *, tensor_layout_any, const T2 *)"
3146790354,5376,49871,,,,,,,,,,0.094,17428.487,Pinned,Device,NVIDIA A100-SXM4-40GB MIG 4g.20gb (0),1,,13,[CUDA memcpy Host-to-Device]
3146883985,56543,49872,,,,,,,,,,35.810,633298.435,Device,,NVIDIA A100-SXM4-40GB MIG 4g.20gb (0),1,,13,[CUDA memset]
3146947632,1824,49874,,,,,,,,,,0.000,43.860,Pinned,Device,NVIDIA A100-SXM4-40GB MIG 4g.20gb (0),1,,13,[CUDA memcpy Host-to-Device]
3146951984,9696,49875,,,,,,,,,,0.197,20277.166,Pinned,Device,NVIDIA A100-SXM4-40GB MIG 4g.20gb (0),1,,13,[CUDA memcpy Host-to-Device]
3147082030,30144,49876,273,1,1,48,1,1,40,0.000,0.001,,,,,NVIDIA A100-SXM4-40GB MIG 4g.20gb (0),1,,13,"void pusch_noise_intf_est::noiseIntfEstNoDftSOfdmKernel<float, __half, float, float, (unsigned int)2, (unsigned int)1, (unsigned char)4, (unsigned char)4>(pusch_noise_intf_est::puschRxNoiseIntfEstDynDescr)"
3147138990,15168,49887,35,1,1,128,1,1,16,0.000,0.000,,,,,NVIDIA A100-SXM4-40GB MIG 4g.20gb (0),1,,13,cupy_copy__complex64_complex64
3147203565,3008,49896,1,1,1,1,1,1,18,0.000,0.000,,,,,NVIDIA A100-SXM4-40GB MIG 4g.20gb (0),1,,13,cupy_copy__float32_float32
3147210957,1600,49902,,,,,,,,,,0.000,2.500,Device,Pageable,NVIDIA A100-SXM4-40GB MIG 4g.20gb (0),1,,7,[CUDA memcpy Device-to-Host]
3147317260,16736,49913,1434,1,1,128,1,1,16,0.000,0.000,,,,,NVIDIA A100-SXM4-40GB MIG 4g.20gb (0),1,,13,cupy_copy__complex64_complex64
3147376267,5792,49920,103,1,1,128,1,1,16,0.000,0.000,,,,,NVIDIA A100-SXM4-40GB MIG 4g.20gb (0),1,,13,cupy_copy__complex64_complex64
3147456746,9248,49927,35,1,1,128,1,1,16,0.000,0.000,,,,,NVIDIA A100-SXM4-40GB MIG 4g.20gb (0),1,,13,cupy_copy__complex64_complex64
3147505066,3360,49934,1,1,1,1,1,1,18,0.000,0.000,,,,,NVIDIA A100-SXM4-40GB MIG 4g.20gb (0),1,,13,cupy_copy__float32_float32
3147615496,253181,49945,1,1,1,32,32,1,30,0.000,0.000,,,,,NVIDIA A100-SXM4-40GB MIG 4g.20gb (0),1,,13,"void convert_kernel<__half2, float2>(tensor_layout_any, T1 *, tensor_layout_any, const T2 *)"
3147898917,6240,49948,,,,,,,,,,0.094,15015.346,Pinned,Device,NVIDIA A100-SXM4-40GB MIG 4g.20gb (0),1,,13,[CUDA memcpy Host-to-Device]
3147935781,15775,49949,,,,,,,,,,1.547,98042.042,Device,,NVIDIA A100-SXM4-40GB MIG 4g.20gb (0),1,,13,[CUDA memset]
3147956996,3040,49954,,,,,,,,,,0.031,10294.725,Pinned,Device,NVIDIA A100-SXM4-40GB MIG 4g.20gb (0),1,,13,[CUDA memcpy Host-to-Device]
3147962500,9728,49955,,,,,,,,,,0.197,20210.516,Pinned,Device,NVIDIA A100-SXM4-40GB MIG 4g.20gb (0),1,,13,[CUDA memcpy Host-to-Device]
3148041955,25600,49956,273,1,1,8,4,1,39,0.002,0.000,,,,,NVIDIA A100-SXM4-40GB MIG 4g.20gb (0),1,,13,"void channel_eq::eqMmseCoefCompLowMimoKernel<float, float, float, (unsigned int)4, (unsigned int)1, (unsigned int)4>(const channel_eq::_puschRxChEqStatDescr *, channel_eq::_puschRxChEqCoefCompDynDescr)"
3148107907,44479,49957,273,1,1,12,11,1,51,0.002,0.000,,,,,NVIDIA A100-SXM4-40GB MIG 4g.20gb (0),1,,13,"void channel_eq::eqMmseSoftDemapKernel<float, __half, __half, float, (unsigned int)4, (unsigned short)16383>(channel_eq::_puschRxChEqStatDescr *, channel_eq::_puschRxChEqSoftDemapDynDescr)"
3148198498,587065,49958,1,1,1,32,32,1,30,0.000,0.000,,,,,NVIDIA A100-SXM4-40GB MIG 4g.20gb (0),1,,13,"void convert_kernel<float2, __half2>(tensor_layout_any, T1 *, tensor_layout_any, const T2 *)"
3148868634,15776,49970,2253,1,1,128,1,1,16,0.000,0.000,,,,,NVIDIA A100-SXM4-40GB MIG 4g.20gb (0),1,,13,cupy_copy__float16_float16
3148922873,8800,49979,282,1,1,128,1,1,16,0.000,0.000,,,,,NVIDIA A100-SXM4-40GB MIG 4g.20gb (0),1,,13,cupy_copy__complex64_complex64
3149001016,6272,49988,26,1,1,128,1,1,16,0.000,0.000,,,,,NVIDIA A100-SXM4-40GB MIG 4g.20gb (0),1,,13,cupy_copy__float32_float32
3149036952,21056,49997,103,1,1,128,1,1,16,0.000,0.000,,,,,NVIDIA A100-SXM4-40GB MIG 4g.20gb (0),1,,13,cupy_copy__complex64_complex64
3149113335,16768,50007,1434,1,1,128,1,1,16,0.000,0.000,,,,,NVIDIA A100-SXM4-40GB MIG 4g.20gb (0),1,,13,cupy_copy__complex64_complex64
3149163991,235389,50012,1,1,1,32,32,1,30,0.000,0.000,,,,,NVIDIA A100-SXM4-40GB MIG 4g.20gb (0),1,,13,"void convert_kernel<__half2, float2>(tensor_layout_any, T1 *, tensor_layout_any, const T2 *)"
3149428212,5407,50015,,,,,,,,,,0.094,17328.607,Pinned,Device,NVIDIA A100-SXM4-40GB MIG 4g.20gb (0),1,,13,[CUDA memcpy Host-to-Device]
3149486931,628537,50016,,,,,,,,,,456.561,725932.690,Device,,NVIDIA A100-SXM4-40GB MIG 4g.20gb (0),1,,13,[CUDA memset]
3150123180,51615,50021,,,,,,,,,,1.235,23925.805,Pinned,Device,NVIDIA A100-SXM4-40GB MIG 4g.20gb (0),1,,13,[CUDA memcpy Host-to-Device]
3150178251,11200,50022,,,,,,,,,,0.197,17554.145,Pinned,Device,NVIDIA A100-SXM4-40GB MIG 4g.20gb (0),1,,13,[CUDA memcpy Host-to-Device]
3150250282,26976,50023,69,4,1,48,1,1,76,0.002,0.000,,,,,NVIDIA A100-SXM4-40GB MIG 4g.20gb (0),1,,13,"void ch_est::windowedChEstPreNoDftSOfdmKernel<float, __half, float, (unsigned int)2, (unsigned int)1, (unsigned short)4>(ch_est::puschRxChEstStatDescr_t *, ch_est::puschRxChEstDynDescr_t *)"
3150316713,14080,50024,137,2,1,24,2,1,44,0.001,0.001,,,,,NVIDIA A100-SXM4-40GB MIG 4g.20gb (0),1,,13,"void ch_est::chEstFilterNoDftSOfdmDispatchKernel<float, __half, float, (unsigned int)2>(ch_est::puschRxChEstStatDescr_t *, ch_est::puschRxChEstDynDescr_t *)"
3150387784,28512,50025,137,2,1,24,2,1,44,0.001,0.001,,,,,NVIDIA A100-SXM4-40GB MIG 4g.20gb (0),1,,13,"void ch_est::chEstFilterNoDftSOfdmDispatchKernel<float, __half, float, (unsigned int)2>(ch_est::puschRxChEstStatDescr_t *, ch_est::puschRxChEstDynDescr_t *)"
3150439176,6208,50036,103,1,1,128,1,1,16,0.000,0.000,,,,,NVIDIA A100-SXM4-40GB MIG 4g.20gb (0),1,,13,cupy_copy__complex64_complex64
3150516231,15968,50046,1434,1,1,128,1,1,16,0.000,0.000,,,,,NVIDIA A100-SXM4-40GB MIG 4g.20gb (0),1,,13,cupy_copy__complex64_complex64
3150566278,6688,50053,103,1,1,128,1,1,16,0.000,0.000,,,,,NVIDIA A100-SXM4-40GB MIG 4g.20gb (0),1,,13,cupy_copy__complex64_complex64
3150647653,255518,50060,1,1,1,32,32,1,30,0.000,0.000,,,,,NVIDIA A100-SXM4-40GB MIG 4g.20gb (0),1,,13,"void convert_kernel<__half2, float2>(tensor_layout_any, T1 *, tensor_layout_any, const T2 *)"
3150932226,5376,50063,,,,,,,,,,0.094,17428.487,Pinned,Device,NVIDIA A100-SXM4-40GB MIG 4g.20gb (0),1,,13,[CUDA memcpy Host-to-Device]
3151013665,57088,50064,,,,,,,,,,35.810,627246.559,Device,,NVIDIA A100-SXM4-40GB MIG 4g.20gb (0),1,,13,[CUDA memset]
3151078401,1824,50066,,,,,,,,,,0.000,43.860,Pinned,Device,NVIDIA A100-SXM4-40GB MIG 4g.20gb (0),1,,13,[CUDA memcpy Host-to-Device]
3151082656,9408,50067,,,,,,,,,,0.197,20897.858,Pinned,Device,NVIDIA A100-SXM4-40GB MIG 4g.20gb (0),1,,13,[CUDA memcpy Host-to-Device]
3151193887,32992,50068,273,1,1,48,1,1,40,0.000,0.001,,,,,NVIDIA A100-SXM4-40GB MIG 4g.20gb (0),1,,13,"void pusch_noise_intf_est::noiseIntfEstNoDftSOfdmKernel<float, __half, float, float, (unsigned int)2, (unsigned int)1, (unsigned char)4, (unsigned char)4>(pusch_noise_intf_est::puschRxNoiseIntfEstDynDescr)"
3151245055,15295,50079,35,1,1,128,1,1,16,0.000,0.000,,,,,NVIDIA A100-SXM4-40GB MIG 4g.20gb (0),1,,13,cupy_copy__complex64_complex64
3151316862,2656,50088,1,1,1,1,1,1,18,0.000,0.000,,,,,NVIDIA A100-SXM4-40GB MIG 4g.20gb (0),1,,13,cupy_copy__float32_float32
3151325342,1600,50094,,,,,,,,,,0.000,2.500,Device,Pageable,NVIDIA A100-SXM4-40GB MIG 4g.20gb (0),1,,7,[CUDA memcpy Device-to-Host]
3151424189,16735,50105,1434,1,1,128,1,1,16,0.000,0.000,,,,,NVIDIA A100-SXM4-40GB MIG 4g.20gb (0),1,,13,cupy_copy__complex64_complex64
3151442748,3328,50112,103,1,1,128,1,1,16,0.000,0.000,,,,,NVIDIA A100-SXM4-40GB MIG 4g.20gb (0),1,,13,cupy_copy__complex64_complex64
3151486684,6944,50119,35,1,1,128,1,1,16,0.000,0.000,,,,,NVIDIA A100-SXM4-40GB MIG 4g.20gb (0),1,,13,cupy_copy__complex64_complex64
3151576379,3296,50126,1,1,1,1,1,1,18,0.000,0.000,,,,,NVIDIA A100-SXM4-40GB MIG 4g.20gb (0),1,,13,cupy_copy__float32_float32
3151620858,263229,50137,1,1,1,32,32,1,30,0.000,0.000,,,,,NVIDIA A100-SXM4-40GB MIG 4g.20gb (0),1,,13,"void convert_kernel<__half2, float2>(tensor_layout_any, T1 *, tensor_layout_any, const T2 *)"
3151914807,5632,50140,,,,,,,,,,0.094,16636.287,Pinned,Device,NVIDIA A100-SXM4-40GB MIG 4g.20gb (0),1,,13,[CUDA memcpy Host-to-Device]
3151949975,10111,50141,,,,,,,,,,1.547,152964.207,Device,,NVIDIA A100-SXM4-40GB MIG 4g.20gb (0),1,,13,[CUDA memset]
3151965334,3040,50146,,,,,,,,,,0.031,10294.725,Pinned,Device,NVIDIA A100-SXM4-40GB MIG 4g.20gb (0),1,,13,[CUDA memcpy Host-to-Device]
3151971734,9664,50147,,,,,,,,,,0.197,20344.209,Pinned,Device,NVIDIA A100-SXM4-40GB MIG 4g.20gb (0),1,,13,[CUDA memcpy Host-to-Device]
3152070581,26752,50148,273,1,1,8,4,1,39,0.002,0.000,,,,,NVIDIA A100-SXM4-40GB MIG 4g.20gb (0),1,,13,"void channel_eq::eqMmseCoefCompLowMimoKernel<float, float, float, (unsigned int)4, (unsigned int)1, (unsigned int)4>(const channel_eq::_puschRxChEqStatDescr *, channel_eq::_puschRxChEqCoefCompDynDescr)"
3152139796,46208,50149,273,1,1,12,11,1,51,0.002,0.000,,,,,NVIDIA A100-SXM4-40GB MIG 4g.20gb (0),1,,13,"void channel_eq::eqMmseSoftDemapKernel<float, __half, __half, float, (unsigned int)4, (unsigned short)16383>(channel_eq::_puschRxChEqStatDescr *, channel_eq::_puschRxChEqSoftDemapDynDescr)"
3152217523,603162,50150,1,1,1,32,32,1,30,0.000,0.000,,,,,NVIDIA A100-SXM4-40GB MIG 4g.20gb (0),1,,13,"void convert_kernel<float2, __half2>(tensor_layout_any, T1 *, tensor_layout_any, const T2 *)"
3152866124,18784,50162,2253,1,1,128,1,1,16,0.000,0.000,,,,,NVIDIA A100-SXM4-40GB MIG 4g.20gb (0),1,,13,cupy_copy__float16_float16
3152922763,7840,50171,282,1,1,128,1,1,16,0.000,0.000,,,,,NVIDIA A100-SXM4-40GB MIG 4g.20gb (0),1,,13,cupy_copy__complex64_complex64
3153000234,3872,50180,26,1,1,128,1,1,16,0.000,0.000,,,,,NVIDIA A100-SXM4-40GB MIG 4g.20gb (0),1,,13,cupy_copy__float32_float32
3153038858,22464,50189,103,1,1,128,1,1,16,0.000,0.000,,,,,NVIDIA A100-SXM4-40GB MIG 4g.20gb (0),1,,13,cupy_copy__complex64_complex64
3153117097,17440,50199,1434,1,1,128,1,1,16,0.000,0.000,,,,,NVIDIA A100-SXM4-40GB MIG 4g.20gb (0),1,,13,cupy_copy__complex64_complex64
3153171944,243774,50204,1,1,1,32,32,1,30,0.000,0.000,,,,,NVIDIA A100-SXM4-40GB MIG 4g.20gb (0),1,,13,"void convert_kernel<__half2, float2>(tensor_layout_any, T1 *, tensor_layout_any, const T2 *)"
3153445509,6304,50207,,,,,,,,,,0.094,14862.903,Pinned,Device,NVIDIA A100-SXM4-40GB MIG 4g.20gb (0),1,,13,[CUDA memcpy Host-to-Device]
3153525924,633753,50208,,,,,,,,,,456.561,719997.391,Device,,NVIDIA A100-SXM4-40GB MIG 4g.20gb (0),1,,13,[CUDA memset]
3154165469,51423,50213,,,,,,,,,,1.235,24014.721,Pinned,Device,NVIDIA A100-SXM4-40GB MIG 4g.20gb (0),1,,13,[CUDA memcpy Host-to-Device]
3154219356,9408,50214,,,,,,,,,,0.197,20897.858,Pinned,Device,NVIDIA A100-SXM4-40GB MIG 4g.20gb (0),1,,13,[CUDA memcpy Host-to-Device]
3154289756,27711,50215,69,4,1,48,1,1,76,0.002,0.000,,,,,NVIDIA A100-SXM4-40GB MIG 4g.20gb (0),1,,13,"void ch_est::windowedChEstPreNoDftSOfdmKernel<float, __half, float, (unsigned int)2, (unsigned int)1, (unsigned short)4>(ch_est::puschRxChEstStatDescr_t *, ch_est::puschRxChEstDynDescr_t *)"
3154366555,30879,50216,137,2,1,24,2,1,44,0.001,0.001,,,,,NVIDIA A100-SXM4-40GB MIG 4g.20gb (0),1,,13,"void ch_est::chEstFilterNoDftSOfdmDispatchKernel<float, __half, float, (unsigned int)2>(ch_est::puschRxChEstStatDescr_t *, ch_est::puschRxChEstDynDescr_t *)"
3154429466,36960,50217,137,2,1,24,2,1,44,0.001,0.001,,,,,NVIDIA A100-SXM4-40GB MIG 4g.20gb (0),1,,13,"void ch_est::chEstFilterNoDftSOfdmDispatchKernel<float, __half, float, (unsigned int)2>(ch_est::puschRxChEstStatDescr_t *, ch_est::puschRxChEstDynDescr_t *)"
3154493209,5792,50228,103,1,1,128,1,1,16,0.000,0.000,,,,,NVIDIA A100-SXM4-40GB MIG 4g.20gb (0),1,,13,cupy_copy__complex64_complex64
3154552953,20511,50238,1434,1,1,128,1,1,16,0.000,0.000,,,,,NVIDIA A100-SXM4-40GB MIG 4g.20gb (0),1,,13,cupy_copy__complex64_complex64
3154631128,8352,50245,103,1,1,128,1,1,16,0.000,0.000,,,,,NVIDIA A100-SXM4-40GB MIG 4g.20gb (0),1,,13,cupy_copy__complex64_complex64
3154692439,265501,50252,1,1,1,32,32,1,30,0.000,0.000,,,,,NVIDIA A100-SXM4-40GB MIG 4g.20gb (0),1,,13,"void convert_kernel<__half2, float2>(tensor_layout_any, T1 *, tensor_layout_any, const T2 *)"
3154986996,5504,50255,,,,,,,,,,0.094,17023.251,Pinned,Device,NVIDIA A100-SXM4-40GB MIG 4g.20gb (0),1,,13,[CUDA memcpy Host-to-Device]
3155053651,62175,50256,,,,,,,,,,35.810,575930.943,Device,,NVIDIA A100-SXM4-40GB MIG 4g.20gb (0),1,,13,[CUDA memset]
3155118770,1856,50258,,,,,,,,,,0.000,43.103,Pinned,Device,NVIDIA A100-SXM4-40GB MIG 4g.20gb (0),1,,13,[CUDA memcpy Host-to-Device]
3155124498,9408,50259,,,,,,,,,,0.197,20897.858,Pinned,Device,NVIDIA A100-SXM4-40GB MIG 4g.20gb (0),1,,13,[CUDA memcpy Host-to-Device]
3155240721,18687,50260,273,1,1,48,1,1,40,0.000,0.001,,,,,NVIDIA A100-SXM4-40GB MIG 4g.20gb (0),1,,13,"void pusch_noise_intf_est::noiseIntfEstNoDftSOfdmKernel<float, __half, float, float, (unsigned int)2, (unsigned int)1, (unsigned char)4, (unsigned char)4>(pusch_noise_intf_est::puschRxNoiseIntfEstDynDescr)"
3155316496,8864,50271,35,1,1,128,1,1,16,0.000,0.000,,,,,NVIDIA A100-SXM4-40GB MIG 4g.20gb (0),1,,13,cupy_copy__complex64_complex64
3155356495,2656,50280,1,1,1,1,1,1,18,0.000,0.000,,,,,NVIDIA A100-SXM4-40GB MIG 4g.20gb (0),1,,13,cupy_copy__float32_float32
3155363951,1600,50286,,,,,,,,,,0.000,2.500,Device,Pageable,NVIDIA A100-SXM4-40GB MIG 4g.20gb (0),1,,7,[CUDA memcpy Device-to-Host]
3155435534,16640,50297,1434,1,1,128,1,1,16,0.000,0.000,,,,,NVIDIA A100-SXM4-40GB MIG 4g.20gb (0),1,,13,cupy_copy__complex64_complex64
3155489486,7200,50304,103,1,1,128,1,1,16,0.000,0.000,,,,,NVIDIA A100-SXM4-40GB MIG 4g.20gb (0),1,,13,cupy_copy__complex64_complex64
3155567213,7424,50311,35,1,1,128,1,1,16,0.000,0.000,,,,,NVIDIA A100-SXM4-40GB MIG 4g.20gb (0),1,,13,cupy_copy__complex64_complex64
3155615436,8384,50318,1,1,1,1,1,1,18,0.000,0.000,,,,,NVIDIA A100-SXM4-40GB MIG 4g.20gb (0),1,,13,cupy_copy__float32_float32
3155720619,253501,50329,1,1,1,32,32,1,30,0.000,0.000,,,,,NVIDIA A100-SXM4-40GB MIG 4g.20gb (0),1,,13,"void convert_kernel<__half2, float2>(tensor_layout_any, T1 *, tensor_layout_any, const T2 *)"
3156004136,5376,50332,,,,,,,,,,0.094,17428.487,Pinned,Device,NVIDIA A100-SXM4-40GB MIG 4g.20gb (0),1,,13,[CUDA memcpy Host-to-Device]
3156082247,13248,50333,,,,,,,,,,1.547,116743.819,Device,,NVIDIA A100-SXM4-40GB MIG 4g.20gb (0),1,,13,[CUDA memset]
3156103271,3008,50338,,,,,,,,,,0.031,10404.230,Pinned,Device,NVIDIA A100-SXM4-40GB MIG 4g.20gb (0),1,,13,[CUDA memcpy Host-to-Device]
3156108711,9440,50339,,,,,,,,,,0.197,20827.079,Pinned,Device,NVIDIA A100-SXM4-40GB MIG 4g.20gb (0),1,,13,[CUDA memcpy Host-to-Device]
3156188710,25248,50340,273,1,1,8,4,1,39,0.002,0.000,,,,,NVIDIA A100-SXM4-40GB MIG 4g.20gb (0),1,,13,"void channel_eq::eqMmseCoefCompLowMimoKernel<float, float, float, (unsigned int)4, (unsigned int)1, (unsigned int)4>(const channel_eq::_puschRxChEqStatDescr *, channel_eq::_puschRxChEqCoefCompDynDescr)"
3156255077,44352,50341,273,1,1,12,11,1,51,0.002,0.000,,,,,NVIDIA A100-SXM4-40GB MIG 4g.20gb (0),1,,13,"void channel_eq::eqMmseSoftDemapKernel<float, __half, __half, float, (unsigned int)4, (unsigned short)16383>(channel_eq::_puschRxChEqStatDescr *, channel_eq::_puschRxChEqSoftDemapDynDescr)"
3156341028,585113,50342,1,1,1,32,32,1,30,0.000,0.000,,,,,NVIDIA A100-SXM4-40GB MIG 4g.20gb (0),1,,13,"void convert_kernel<float2, __half2>(tensor_layout_any, T1 *, tensor_layout_any, const T2 *)"
3156978557,19711,50354,2253,1,1,128,1,1,16,0.000,0.000,,,,,NVIDIA A100-SXM4-40GB MIG 4g.20gb (0),1,,13,cupy_copy__float16_float16
3157038108,7552,50363,282,1,1,128,1,1,16,0.000,0.000,,,,,NVIDIA A100-SXM4-40GB MIG 4g.20gb (0),1,,13,cupy_copy__complex64_complex64
3157111931,6208,50372,26,1,1,128,1,1,16,0.000,0.000,,,,,NVIDIA A100-SXM4-40GB MIG 4g.20gb (0),1,,13,cupy_copy__float32_float32
3157150843,21055,50381,103,1,1,128,1,1,16,0.000,0.000,,,,,NVIDIA A100-SXM4-40GB MIG 4g.20gb (0),1,,13,cupy_copy__complex64_complex64
3157227546,16320,50391,1434,1,1,128,1,1,16,0.000,0.000,,,,,NVIDIA A100-SXM4-40GB MIG 4g.20gb (0),1,,13,cupy_copy__complex64_complex64
3157280377,237118,50396,1,1,1,32,32,1,30,0.000,0.000,,,,,NVIDIA A100-SXM4-40GB MIG 4g.20gb (0),1,,13,"void convert_kernel<__half2, float2>(tensor_layout_any, T1 *, tensor_layout_any, const T2 *)"
3157546806,5376,50399,,,,,,,,,,0.094,17428.487,Pinned,Device,NVIDIA A100-SXM4-40GB MIG 4g.20gb (0),1,,13,[CUDA memcpy Host-to-Device]
3157599158,629080,50400,,,,,,,,,,456.561,725476.128,Device,,NVIDIA A100-SXM4-40GB MIG 4g.20gb (0),1,,13,[CUDA memset]
3158234126,51200,50405,,,,,,,,,,1.235,24119.691,Pinned,Device,NVIDIA A100-SXM4-40GB MIG 4g.20gb (0),1,,13,[CUDA memcpy Host-to-Device]
3158288846,9536,50406,,,,,,,,,,0.197,20617.298,Pinned,Device,NVIDIA A100-SXM4-40GB MIG 4g.20gb (0),1,,13,[CUDA memcpy Host-to-Device]
3158359245,27552,50407,69,4,1,48,1,1,76,0.002,0.000,,,,,NVIDIA A100-SXM4-40GB MIG 4g.20gb (0),1,,13,"void ch_est::windowedChEstPreNoDftSOfdmKernel<float, __half, float, (unsigned int)2, (unsigned int)1, (unsigned short)4>(ch_est::puschRxChEstStatDescr_t *, ch_est::puschRxChEstDynDescr_t *)"
3158420076,41504,50408,137,2,1,24,2,1,44,0.001,0.001,,,,,NVIDIA A100-SXM4-40GB MIG 4g.20gb (0),1,,13,"void ch_est::chEstFilterNoDftSOfdmDispatchKernel<float, __half, float, (unsigned int)2>(ch_est::puschRxChEstStatDescr_t *, ch_est::puschRxChEstDynDescr_t *)"
3158503851,26240,50409,137,2,1,24,2,1,44,0.001,0.001,,,,,NVIDIA A100-SXM4-40GB MIG 4g.20gb (0),1,,13,"void ch_est::chEstFilterNoDftSOfdmDispatchKernel<float, __half, float, (unsigned int)2>(ch_est::puschRxChEstStatDescr_t *, ch_est::puschRxChEstDynDescr_t *)"
3158546859,7648,50420,103,1,1,128,1,1,16,0.000,0.000,,,,,NVIDIA A100-SXM4-40GB MIG 4g.20gb (0),1,,13,cupy_copy__complex64_complex64
3158622922,16736,50430,1434,1,1,128,1,1,16,0.000,0.000,,,,,NVIDIA A100-SXM4-40GB MIG 4g.20gb (0),1,,13,cupy_copy__complex64_complex64
3158679977,7296,50437,103,1,1,128,1,1,16,0.000,0.000,,,,,NVIDIA A100-SXM4-40GB MIG 4g.20gb (0),1,,13,cupy_copy__complex64_complex64
3158755112,258045,50444,1,1,1,32,32,1,30,0.000,0.000,,,,,NVIDIA A100-SXM4-40GB MIG 4g.20gb (0),1,,13,"void convert_kernel<__half2, float2>(tensor_layout_any, T1 *, tensor_layout_any, const T2 *)"
3159041541,5856,50447,,,,,,,,,,0.094,15999.997,Pinned,Device,NVIDIA A100-SXM4-40GB MIG 4g.20gb (0),1,,13,[CUDA memcpy Host-to-Device]
3159116708,57663,50448,,,,,,,,,,35.810,621015.633,Device,,NVIDIA A100-SXM4-40GB MIG 4g.20gb (0),1,,13,[CUDA memset]
3159179907,1824,50450,,,,,,,,,,0.000,43.860,Pinned,Device,NVIDIA A100-SXM4-40GB MIG 4g.20gb (0),1,,13,[CUDA memcpy Host-to-Device]
3159185379,9792,50451,,,,,,,,,,0.197,20078.395,Pinned,Device,NVIDIA A100-SXM4-40GB MIG 4g.20gb (0),1,,13,[CUDA memcpy Host-to-Device]
3159295298,30624,50452,273,1,1,48,1,1,40,0.000,0.001,,,,,NVIDIA A100-SXM4-40GB MIG 4g.20gb (0),1,,13,"void pusch_noise_intf_est::noiseIntfEstNoDftSOfdmKernel<float, __half, float, float, (unsigned int)2, (unsigned int)1, (unsigned char)4, (unsigned char)4>(pusch_noise_intf_est::puschRxNoiseIntfEstDynDescr)"
3159347361,8864,50463,35,1,1,128,1,1,16,0.000,0.000,,,,,NVIDIA A100-SXM4-40GB MIG 4g.20gb (0),1,,13,cupy_copy__complex64_complex64
3159412385,6464,50472,1,1,1,1,1,1,18,0.000,0.000,,,,,NVIDIA A100-SXM4-40GB MIG 4g.20gb (0),1,,13,cupy_copy__float32_float32
3159421697,3104,50478,,,,,,,,,,0.000,1.289,Device,Pageable,NVIDIA A100-SXM4-40GB MIG 4g.20gb (0),1,,7,[CUDA memcpy Device-to-Host]
3159526623,16672,50489,1434,1,1,128,1,1,16,0.000,0.000,,,,,NVIDIA A100-SXM4-40GB MIG 4g.20gb (0),1,,13,cupy_copy__complex64_complex64
3159585375,7104,50496,103,1,1,128,1,1,16,0.000,0.000,,,,,NVIDIA A100-SXM4-40GB MIG 4g.20gb (0),1,,13,cupy_copy__complex64_complex64
3159663710,11808,50503,35,1,1,128,1,1,16,0.000,0.000,,,,,NVIDIA A100-SXM4-40GB MIG 4g.20gb (0),1,,13,cupy_copy__complex64_complex64
3159722301,2944,50510,1,1,1,1,1,1,18,0.000,0.000,,,,,NVIDIA A100-SXM4-40GB MIG 4g.20gb (0),1,,13,cupy_copy__float32_float32
3159828764,254877,50521,1,1,1,32,32,1,30,0.000,0.000,,,,,NVIDIA A100-SXM4-40GB MIG 4g.20gb (0),1,,13,"void convert_kernel<__half2, float2>(tensor_layout_any, T1 *, tensor_layout_any, const T2 *)"
3160114201,5376,50524,,,,,,,,,,0.094,17428.487,Pinned,Device,NVIDIA A100-SXM4-40GB MIG 4g.20gb (0),1,,13,[CUDA memcpy Host-to-Device]
3160166328,12960,50525,,,,,,,,,,1.547,119337.508,Device,,NVIDIA A100-SXM4-40GB MIG 4g.20gb (0),1,,13,[CUDA memset]
3160184472,3136,50530,,,,,,,,,,0.031,9979.575,Pinned,Device,NVIDIA A100-SXM4-40GB MIG 4g.20gb (0),1,,13,[CUDA memcpy Host-to-Device]
3160190520,9504,50531,,,,,,,,,,0.197,20686.701,Pinned,Device,NVIDIA A100-SXM4-40GB MIG 4g.20gb (0),1,,13,[CUDA memcpy Host-to-Device]
3160273911,32351,50532,273,1,1,8,4,1,39,0.002,0.000,,,,,NVIDIA A100-SXM4-40GB MIG 4g.20gb (0),1,,13,"void channel_eq::eqMmseCoefCompLowMimoKernel<float, float, float, (unsigned int)4, (unsigned int)1, (unsigned int)4>(const channel_eq::_puschRxChEqStatDescr *, channel_eq::_puschRxChEqCoefCompDynDescr)"
3160336918,45600,50533,273,1,1,12,11,1,51,0.002,0.000,,,,,NVIDIA A100-SXM4-40GB MIG 4g.20gb (0),1,,13,"void channel_eq::eqMmseSoftDemapKernel<float, __half, __half, float, (unsigned int)4, (unsigned short)16383>(channel_eq::_puschRxChEqStatDescr *, channel_eq::_puschRxChEqSoftDemapDynDescr)"
3160425973,603897,50534,1,1,1,32,32,1,30,0.000,0.000,,,,,NVIDIA A100-SXM4-40GB MIG 4g.20gb (0),1,,13,"void convert_kernel<float2, __half2>(tensor_layout_any, T1 *, tensor_layout_any, const T2 *)"
3161075534,19039,50546,2253,1,1,128,1,1,16,0.000,0.000,,,,,NVIDIA A100-SXM4-40GB MIG 4g.20gb (0),1,,13,cupy_copy__float16_float16
3161129421,6976,50555,282,1,1,128,1,1,16,0.000,0.000,,,,,NVIDIA A100-SXM4-40GB MIG 4g.20gb (0),1,,13,cupy_copy__complex64_complex64
3161208044,5472,50564,26,1,1,128,1,1,16,0.000,0.000,,,,,NVIDIA A100-SXM4-40GB MIG 4g.20gb (0),1,,13,cupy_copy__float32_float32
3161248940,18239,50573,103,1,1,128,1,1,16,0.000,0.000,,,,,NVIDIA A100-SXM4-40GB MIG 4g.20gb (0),1,,13,cupy_copy__complex64_complex64
3161325771,16384,50583,1434,1,1,128,1,1,16,0.000,0.000,,,,,NVIDIA A100-SXM4-40GB MIG 4g.20gb (0),1,,13,cupy_copy__complex64_complex64
3161376938,243933,50588,1,1,1,32,32,1,30,0.000,0.000,,,,,NVIDIA A100-SXM4-40GB MIG 4g.20gb (0),1,,13,"void convert_kernel<__half2, float2>(tensor_layout_any, T1 *, tensor_layout_any, const T2 *)"
3161650343,5376,50591,,,,,,,,,,0.094,17428.487,Pinned,Device,NVIDIA A100-SXM4-40GB MIG 4g.20gb (0),1,,13,[CUDA memcpy Host-to-Device]
3161733542,630681,50592,,,,,,,,,,456.561,723649.882,Device,,NVIDIA A100-SXM4-40GB MIG 4g.20gb (0),1,,13,[CUDA memset]
3162371167,53087,50597,,,,,,,,,,1.235,23262.640,Pinned,Device,NVIDIA A100-SXM4-40GB MIG 4g.20gb (0),1,,13,[CUDA memcpy Host-to-Device]
3162427582,10624,50598,,,,,,,,,,0.197,18505.925,Pinned,Device,NVIDIA A100-SXM4-40GB MIG 4g.20gb (0),1,,13,[CUDA memcpy Host-to-Device]
3162507101,27776,50599,69,4,1,48,1,1,76,0.002,0.000,,,,,NVIDIA A100-SXM4-40GB MIG 4g.20gb (0),1,,13,"void ch_est::windowedChEstPreNoDftSOfdmKernel<float, __half, float, (unsigned int)2, (unsigned int)1, (unsigned short)4>(ch_est::puschRxChEstStatDescr_t *, ch_est::puschRxChEstDynDescr_t *)"
3162583228,22528,50600,137,2,1,24,2,1,44,0.001,0.001,,,,,NVIDIA A100-SXM4-40GB MIG 4g.20gb (0),1,,13,"void ch_est::chEstFilterNoDftSOfdmDispatchKernel<float, __half, float, (unsigned int)2>(ch_est::puschRxChEstStatDescr_t *, ch_est::puschRxChEstDynDescr_t *)"
3162628124,31263,50601,137,2,1,24,2,1,44,0.001,0.001,,,,,NVIDIA A100-SXM4-40GB MIG 4g.20gb (0),1,,13,"void ch_est::chEstFilterNoDftSOfdmDispatchKernel<float, __half, float, (unsigned int)2>(ch_est::puschRxChEstStatDescr_t *, ch_est::puschRxChEstDynDescr_t *)"
3162703099,11136,50612,103,1,1,128,1,1,16,0.000,0.000,,,,,NVIDIA A100-SXM4-40GB MIG 4g.20gb (0),1,,13,cupy_copy__complex64_complex64
3162747258,19840,50622,1434,1,1,128,1,1,16,0.000,0.000,,,,,NVIDIA A100-SXM4-40GB MIG 4g.20gb (0),1,,13,cupy_copy__complex64_complex64
3162827897,8192,50629,103,1,1,128,1,1,16,0.000,0.000,,,,,NVIDIA A100-SXM4-40GB MIG 4g.20gb (0),1,,13,cupy_copy__complex64_complex64
3162883353,265245,50636,1,1,1,32,32,1,30,0.000,0.000,,,,,NVIDIA A100-SXM4-40GB MIG 4g.20gb (0),1,,13,"void convert_kernel<__half2, float2>(tensor_layout_any, T1 *, tensor_layout_any, const T2 *)"
3163177493,5440,50639,,,,,,,,,,0.094,17223.480,Pinned,Device,NVIDIA A100-SXM4-40GB MIG 4g.20gb (0),1,,13,[CUDA memcpy Host-to-Device]
3163245909,63775,50640,,,,,,,,,,35.810,561499.546,Device,,NVIDIA A100-SXM4-40GB MIG 4g.20gb (0),1,,13,[CUDA memset]
3163315924,3264,50642,,,,,,,,,,0.000,24.510,Pinned,Device,NVIDIA A100-SXM4-40GB MIG 4g.20gb (0),1,,13,[CUDA memcpy Host-to-Device]
3163321620,9664,50643,,,,,,,,,,0.197,20344.209,Pinned,Device,NVIDIA A100-SXM4-40GB MIG 4g.20gb (0),1,,13,[CUDA memcpy Host-to-Device]
3163437106,30336,50644,273,1,1,48,1,1,40,0.000,0.001,,,,,NVIDIA A100-SXM4-40GB MIG 4g.20gb (0),1,,13,"void pusch_noise_intf_est::noiseIntfEstNoDftSOfdmKernel<float, __half, float, float, (unsigned int)2, (unsigned int)1, (unsigned char)4, (unsigned char)4>(pusch_noise_intf_est::puschRxNoiseIntfEstDynDescr)"
3163515730,15647,50655,35,1,1,128,1,1,16,0.000,0.000,,,,,NVIDIA A100-SXM4-40GB MIG 4g.20gb (0),1,,13,cupy_copy__complex64_complex64
3163554961,2080,50664,1,1,1,1,1,1,18,0.000,0.000,,,,,NVIDIA A100-SXM4-40GB MIG 4g.20gb (0),1,,13,cupy_copy__float32_float32
3163561553,1600,50670,,,,,,,,,,0.000,2.500,Device,Pageable,NVIDIA A100-SXM4-40GB MIG 4g.20gb (0),1,,7,[CUDA memcpy Device-to-Host]
3163648624,18144,50681,1434,1,1,128,1,1,16,0.000,0.000,,,,,NVIDIA A100-SXM4-40GB MIG 4g.20gb (0),1,,13,cupy_copy__complex64_complex64
3163705455,6432,50688,103,1,1,128,1,1,16,0.000,0.000,,,,,NVIDIA A100-SXM4-40GB MIG 4g.20gb (0),1,,13,cupy_copy__complex64_complex64
3163778479,10687,50695,35,1,1,128,1,1,16,0.000,0.000,,,,,NVIDIA A100-SXM4-40GB MIG 4g.20gb (0),1,,13,cupy_copy__complex64_complex64
3163831054,3136,50702,1,1,1,1,1,1,18,0.000,0.000,,,,,NVIDIA A100-SXM4-40GB MIG 4g.20gb (0),1,,13,cupy_copy__float32_float32
3163945357,257693,50713,1,1,1,32,32,1,30,0.000,0.000,,,,,NVIDIA A100-SXM4-40GB MIG 4g.20gb (0),1,,13,"void convert_kernel<__half2, float2>(tensor_layout_any, T1 *, tensor_layout_any, const T2 *)"
3164233385,5376,50716,,,,,,,,,,0.094,17428.487,Pinned,Device,NVIDIA A100-SXM4-40GB MIG 4g.20gb (0),1,,13,[CUDA memcpy Host-to-Device]
3164336872,17952,50717,,,,,,,,,,1.547,86153.143,Device,,NVIDIA A100-SXM4-40GB MIG 4g.20gb (0),1,,13,[CUDA memset]
3164360712,3008,50722,,,,,,,,,,0.031,10404.230,Pinned,Device,NVIDIA A100-SXM4-40GB MIG 4g.20gb (0),1,,13,[CUDA memcpy Host-to-Device]
3164366152,9504,50723,,,,,,,,,,0.197,20686.701,Pinned,Device,NVIDIA A100-SXM4-40GB MIG 4g.20gb (0),1,,13,[CUDA memcpy Host-to-Device]
3164445127,24832,50724,273,1,1,8,4,1,39,0.002,0.000,,,,,NVIDIA A100-SXM4-40GB MIG 4g.20gb (0),1,,13,"void channel_eq::eqMmseCoefCompLowMimoKernel<float, float, float, (unsigned int)4, (unsigned int)1, (unsigned int)4>(const channel_eq::_puschRxChEqStatDescr *, channel_eq::_puschRxChEqCoefCompDynDescr)"
3164513094,45504,50725,273,1,1,12,11,1,51,0.002,0.000,,,,,NVIDIA A100-SXM4-40GB MIG 4g.20gb (0),1,,13,"void channel_eq::eqMmseSoftDemapKernel<float, __half, __half, float, (unsigned int)4, (unsigned short)16383>(channel_eq::_puschRxChEqStatDescr *, channel_eq::_puschRxChEqSoftDemapDynDescr)"
3164597669,593049,50726,1,1,1,32,32,1,30,0.000,0.000,,,,,NVIDIA A100-SXM4-40GB MIG 4g.20gb (0),1,,13,"void convert_kernel<float2, __half2>(tensor_layout_any, T1 *, tensor_layout_any, const T2 *)"
3165248958,20159,50738,2253,1,1,128,1,1,16,0.000,0.000,,,,,NVIDIA A100-SXM4-40GB MIG 4g.20gb (0),1,,13,cupy_copy__float16_float16
3165306077,9504,50747,282,1,1,128,1,1,16,0.000,0.000,,,,,NVIDIA A100-SXM4-40GB MIG 4g.20gb (0),1,,13,cupy_copy__complex64_complex64
3165383836,8512,50756,26,1,1,128,1,1,16,0.000,0.000,,,,,NVIDIA A100-SXM4-40GB MIG 4g.20gb (0),1,,13,cupy_copy__float32_float32
3165419708,21119,50765,103,1,1,128,1,1,16,0.000,0.000,,,,,NVIDIA A100-SXM4-40GB MIG 4g.20gb (0),1,,13,cupy_copy__complex64_complex64
3165499483,16544,50775,1434,1,1,128,1,1,16,0.000,0.000,,,,,NVIDIA A100-SXM4-40GB MIG 4g.20gb (0),1,,13,cupy_copy__complex64_complex64
3165549882,241053,50780,1,1,1,32,32,1,30,0.000,0.000,,,,,NVIDIA A100-SXM4-40GB MIG 4g.20gb (0),1,,13,"void convert_kernel<__half2, float2>(tensor_layout_any, T1 *, tensor_layout_any, const T2 *)"
3165822167,6464,50783,,,,,,,,,,0.094,14494.959,Pinned,Device,NVIDIA A100-SXM4-40GB MIG 4g.20gb (0),1,,13,[CUDA memcpy Host-to-Device]
3165903606,630841,50784,,,,,,,,,,456.561,723649.882,Device,,NVIDIA A100-SXM4-40GB MIG 4g.20gb (0),1,,13,[CUDA memset]
3166537359,49759,50789,,,,,,,,,,1.235,24817.435,Pinned,Device,NVIDIA A100-SXM4-40GB MIG 4g.20gb (0),1,,13,[CUDA memcpy Host-to-Device]
3166589646,9344,50790,,,,,,,,,,0.197,21040.988,Pinned,Device,NVIDIA A100-SXM4-40GB MIG 4g.20gb (0),1,,13,[CUDA memcpy Host-to-Device]
3166664973,30496,50791,69,4,1,48,1,1,76,0.002,0.000,,,,,NVIDIA A100-SXM4-40GB MIG 4g.20gb (0),1,,13,"void ch_est::windowedChEstPreNoDftSOfdmKernel<float, __half, float, (unsigned int)2, (unsigned int)1, (unsigned short)4>(ch_est::puschRxChEstStatDescr_t *, ch_est::puschRxChEstDynDescr_t *)"
3166743788,28384,50792,137,2,1,24,2,1,44,0.001,0.001,,,,,NVIDIA A100-SXM4-40GB MIG 4g.20gb (0),1,,13,"void ch_est::chEstFilterNoDftSOfdmDispatchKernel<float, __half, float, (unsigned int)2>(ch_est::puschRxChEstStatDescr_t *, ch_est::puschRxChEstDynDescr_t *)"
3166805804,33951,50793,137,2,1,24,2,1,44,0.001,0.001,,,,,NVIDIA A100-SXM4-40GB MIG 4g.20gb (0),1,,13,"void ch_est::chEstFilterNoDftSOfdmDispatchKernel<float, __half, float, (unsigned int)2>(ch_est::puschRxChEstStatDescr_t *, ch_est::puschRxChEstDynDescr_t *)"
3166875883,8544,50804,103,1,1,128,1,1,16,0.000,0.000,,,,,NVIDIA A100-SXM4-40GB MIG 4g.20gb (0),1,,13,cupy_copy__complex64_complex64
3166935210,19552,50814,1434,1,1,128,1,1,16,0.000,0.000,,,,,NVIDIA A100-SXM4-40GB MIG 4g.20gb (0),1,,13,cupy_copy__complex64_complex64
3167011241,10112,50821,103,1,1,128,1,1,16,0.000,0.000,,,,,NVIDIA A100-SXM4-40GB MIG 4g.20gb (0),1,,13,cupy_copy__complex64_complex64
3167068329,259805,50828,1,1,1,32,32,1,30,0.000,0.000,,,,,NVIDIA A100-SXM4-40GB MIG 4g.20gb (0),1,,13,"void convert_kernel<__half2, float2>(tensor_layout_any, T1 *, tensor_layout_any, const T2 *)"
3167356869,5408,50831,,,,,,,,,,0.094,17325.421,Pinned,Device,NVIDIA A100-SXM4-40GB MIG 4g.20gb (0),1,,13,[CUDA memcpy Host-to-Device]
3167431493,61951,50832,,,,,,,,,,35.810,578007.919,Device,,NVIDIA A100-SXM4-40GB MIG 4g.20gb (0),1,,13,[CUDA memset]
3167496740,1824,50834,,,,,,,,,,0.000,43.860,Pinned,Device,NVIDIA A100-SXM4-40GB MIG 4g.20gb (0),1,,13,[CUDA memcpy Host-to-Device]
3167502596,9472,50835,,,,,,,,,,0.197,20756.693,Pinned,Device,NVIDIA A100-SXM4-40GB MIG 4g.20gb (0),1,,13,[CUDA memcpy Host-to-Device]
3167617858,39392,50836,273,1,1,48,1,1,40,0.000,0.001,,,,,NVIDIA A100-SXM4-40GB MIG 4g.20gb (0),1,,13,"void pusch_noise_intf_est::noiseIntfEstNoDftSOfdmKernel<float, __half, float, float, (unsigned int)2, (unsigned int)1, (unsigned char)4, (unsigned char)4>(pusch_noise_intf_est::puschRxNoiseIntfEstDynDescr)"
3167695234,12095,50847,35,1,1,128,1,1,16,0.000,0.000,,,,,NVIDIA A100-SXM4-40GB MIG 4g.20gb (0),1,,13,cupy_copy__complex64_complex64
3167738337,2880,50856,1,1,1,1,1,1,18,0.000,0.000,,,,,NVIDIA A100-SXM4-40GB MIG 4g.20gb (0),1,,13,cupy_copy__float32_float32
3167745601,1600,50862,,,,,,,,,,0.000,2.500,Device,Pageable,NVIDIA A100-SXM4-40GB MIG 4g.20gb (0),1,,7,[CUDA memcpy Device-to-Host]
3167829504,17568,50873,1434,1,1,128,1,1,16,0.000,0.000,,,,,NVIDIA A100-SXM4-40GB MIG 4g.20gb (0),1,,13,cupy_copy__complex64_complex64
3167879839,8256,50880,103,1,1,128,1,1,16,0.000,0.000,,,,,NVIDIA A100-SXM4-40GB MIG 4g.20gb (0),1,,13,cupy_copy__complex64_complex64
3167950687,7904,50887,35,1,1,128,1,1,16,0.000,0.000,,,,,NVIDIA A100-SXM4-40GB MIG 4g.20gb (0),1,,13,cupy_copy__complex64_complex64
3168004318,4352,50894,1,1,1,1,1,1,18,0.000,0.000,,,,,NVIDIA A100-SXM4-40GB MIG 4g.20gb (0),1,,13,cupy_copy__float32_float32
3168107741,264061,50905,1,1,1,32,32,1,30,0.000,0.000,,,,,NVIDIA A100-SXM4-40GB MIG 4g.20gb (0),1,,13,"void convert_kernel<__half2, float2>(tensor_layout_any, T1 *, tensor_layout_any, const T2 *)"
3168401305,5376,50908,,,,,,,,,,0.094,17428.487,Pinned,Device,NVIDIA A100-SXM4-40GB MIG 4g.20gb (0),1,,13,[CUDA memcpy Host-to-Device]
3168475097,12639,50909,,,,,,,,,,1.547,122368.891,Device,,NVIDIA A100-SXM4-40GB MIG 4g.20gb (0),1,,13,[CUDA memset]
3168495256,3392,50914,,,,,,,,,,0.031,9226.405,Pinned,Device,NVIDIA A100-SXM4-40GB MIG 4g.20gb (0),1,,13,[CUDA memcpy Host-to-Device]
3168502904,10528,50915,,,,,,,,,,0.197,18674.614,Pinned,Device,NVIDIA A100-SXM4-40GB MIG 4g.20gb (0),1,,13,[CUDA memcpy Host-to-Device]
3168578423,26496,50916,273,1,1,8,4,1,39,0.002,0.000,,,,,NVIDIA A100-SXM4-40GB MIG 4g.20gb (0),1,,13,"void channel_eq::eqMmseCoefCompLowMimoKernel<float, float, float, (unsigned int)4, (unsigned int)1, (unsigned int)4>(const channel_eq::_puschRxChEqStatDescr *, channel_eq::_puschRxChEqCoefCompDynDescr)"
3168649623,42751,50917,273,1,1,12,11,1,51,0.002,0.000,,,,,NVIDIA A100-SXM4-40GB MIG 4g.20gb (0),1,,13,"void channel_eq::eqMmseSoftDemapKernel<float, __half, __half, float, (unsigned int)4, (unsigned short)16383>(channel_eq::_puschRxChEqStatDescr *, channel_eq::_puschRxChEqSoftDemapDynDescr)"
3168734678,578905,50918,1,1,1,32,32,1,30,0.000,0.000,,,,,NVIDIA A100-SXM4-40GB MIG 4g.20gb (0),1,,13,"void convert_kernel<float2, __half2>(tensor_layout_any, T1 *, tensor_layout_any, const T2 *)"
3169394350,19584,50930,2253,1,1,128,1,1,16,0.000,0.000,,,,,NVIDIA A100-SXM4-40GB MIG 4g.20gb (0),1,,13,cupy_copy__float16_float16
3169450637,9408,50939,282,1,1,128,1,1,16,0.000,0.000,,,,,NVIDIA A100-SXM4-40GB MIG 4g.20gb (0),1,,13,cupy_copy__complex64_complex64
3169526220,6272,50948,26,1,1,128,1,1,16,0.000,0.000,,,,,NVIDIA A100-SXM4-40GB MIG 4g.20gb (0),1,,13,cupy_copy__float32_float32
3169569548,13696,50957,103,1,1,128,1,1,16,0.000,0.000,,,,,NVIDIA A100-SXM4-40GB MIG 4g.20gb (0),1,,13,cupy_copy__complex64_complex64
3169647051,15744,50967,1434,1,1,128,1,1,16,0.000,0.000,,,,,NVIDIA A100-SXM4-40GB MIG 4g.20gb (0),1,,13,cupy_copy__complex64_complex64
3169698251,245949,50972,1,1,1,32,32,1,30,0.000,0.000,,,,,NVIDIA A100-SXM4-40GB MIG 4g.20gb (0),1,,13,"void convert_kernel<__half2, float2>(tensor_layout_any, T1 *, tensor_layout_any, const T2 *)"
3169973063,5376,50975,,,,,,,,,,0.094,17428.487,Pinned,Device,NVIDIA A100-SXM4-40GB MIG 4g.20gb (0),1,,13,[CUDA memcpy Host-to-Device]
3170046471,628472,50976,,,,,,,,,,456.561,726389.251,Device,,NVIDIA A100-SXM4-40GB MIG 4g.20gb (0),1,,13,[CUDA memset]
3170677279,51200,50981,,,,,,,,,,1.235,24119.691,Pinned,Device,NVIDIA A100-SXM4-40GB MIG 4g.20gb (0),1,,13,[CUDA memcpy Host-to-Device]
3170730911,9344,50982,,,,,,,,,,0.197,21040.988,Pinned,Device,NVIDIA A100-SXM4-40GB MIG 4g.20gb (0),1,,13,[CUDA memcpy Host-to-Device]
3170807550,10272,50983,69,4,1,48,1,1,76,0.002,0.000,,,,,NVIDIA A100-SXM4-40GB MIG 4g.20gb (0),1,,13,"void ch_est::windowedChEstPreNoDftSOfdmKernel<float, __half, float, (unsigned int)2, (unsigned int)1, (unsigned short)4>(ch_est::puschRxChEstStatDescr_t *, ch_est::puschRxChEstDynDescr_t *)"
3170898493,25503,50984,137,2,1,24,2,1,44,0.001,0.001,,,,,NVIDIA A100-SXM4-40GB MIG 4g.20gb (0),1,,13,"void ch_est::chEstFilterNoDftSOfdmDispatchKernel<float, __half, float, (unsigned int)2>(ch_est::puschRxChEstStatDescr_t *, ch_est::puschRxChEstDynDescr_t *)"
3170946940,37472,50985,137,2,1,24,2,1,44,0.001,0.001,,,,,NVIDIA A100-SXM4-40GB MIG 4g.20gb (0),1,,13,"void ch_est::chEstFilterNoDftSOfdmDispatchKernel<float, __half, float, (unsigned int)2>(ch_est::puschRxChEstStatDescr_t *, ch_est::puschRxChEstDynDescr_t *)"
3171020795,8448,50996,103,1,1,128,1,1,16,0.000,0.000,,,,,NVIDIA A100-SXM4-40GB MIG 4g.20gb (0),1,,13,cupy_copy__complex64_complex64
3171067739,20320,51006,1434,1,1,128,1,1,16,0.000,0.000,,,,,NVIDIA A100-SXM4-40GB MIG 4g.20gb (0),1,,13,cupy_copy__complex64_complex64
3171154778,4672,51013,103,1,1,128,1,1,16,0.000,0.000,,,,,NVIDIA A100-SXM4-40GB MIG 4g.20gb (0),1,,13,cupy_copy__complex64_complex64
3171202809,246845,51020,1,1,1,32,32,1,30,0.000,0.000,,,,,NVIDIA A100-SXM4-40GB MIG 4g.20gb (0),1,,13,"void convert_kernel<__half2, float2>(tensor_layout_any, T1 *, tensor_layout_any, const T2 *)"
3171480086,5376,51023,,,,,,,,,,0.094,17428.487,Pinned,Device,NVIDIA A100-SXM4-40GB MIG 4g.20gb (0),1,,13,[CUDA memcpy Host-to-Device]
3171572693,65375,51024,,,,,,,,,,35.810,547748.536,Device,,NVIDIA A100-SXM4-40GB MIG 4g.20gb (0),1,,13,[CUDA memset]
3171640564,3392,51026,,,,,,,,,,0.000,23.585,Pinned,Device,NVIDIA A100-SXM4-40GB MIG 4g.20gb (0),1,,13,[CUDA memcpy Host-to-Device]
3171649876,10496,51027,,,,,,,,,,0.197,18731.631,Pinned,Device,NVIDIA A100-SXM4-40GB MIG 4g.20gb (0),1,,13,[CUDA memcpy Host-to-Device]
3171768051,38751,51028,273,1,1,48,1,1,40,0.000,0.001,,,,,NVIDIA A100-SXM4-40GB MIG 4g.20gb (0),1,,13,"void pusch_noise_intf_est::noiseIntfEstNoDftSOfdmKernel<float, __half, float, float, (unsigned int)2, (unsigned int)1, (unsigned char)4, (unsigned char)4>(pusch_noise_intf_est::puschRxNoiseIntfEstDynDescr)"
3171840530,4032,51039,35,1,1,128,1,1,16,0.000,0.000,,,,,NVIDIA A100-SXM4-40GB MIG 4g.20gb (0),1,,13,cupy_copy__complex64_complex64
3171886673,1792,51048,1,1,1,1,1,1,18,0.000,0.000,,,,,NVIDIA A100-SXM4-40GB MIG 4g.20gb (0),1,,13,cupy_copy__float32_float32
3171892753,1824,51054,,,,,,,,,,0.000,2.193,Device,Pageable,NVIDIA A100-SXM4-40GB MIG 4g.20gb (0),1,,7,[CUDA memcpy Device-to-Host]
3171967568,16800,51065,1434,1,1,128,1,1,16,0.000,0.000,,,,,NVIDIA A100-SXM4-40GB MIG 4g.20gb (0),1,,13,cupy_copy__complex64_complex64
3172019216,7328,51072,103,1,1,128,1,1,16,0.000,0.000,,,,,NVIDIA A100-SXM4-40GB MIG 4g.20gb (0),1,,13,cupy_copy__complex64_complex64
3172093967,11712,51079,35,1,1,128,1,1,16,0.000,0.000,,,,,NVIDIA A100-SXM4-40GB MIG 4g.20gb (0),1,,13,cupy_copy__complex64_complex64
3172153326,4896,51086,1,1,1,1,1,1,18,0.000,0.000,,,,,NVIDIA A100-SXM4-40GB MIG 4g.20gb (0),1,,13,cupy_copy__float32_float32
3172258317,253853,51097,1,1,1,32,32,1,30,0.000,0.000,,,,,NVIDIA A100-SXM4-40GB MIG 4g.20gb (0),1,,13,"void convert_kernel<__half2, float2>(tensor_layout_any, T1 *, tensor_layout_any, const T2 *)"
3172542090,5376,51100,,,,,,,,,,0.094,17428.487,Pinned,Device,NVIDIA A100-SXM4-40GB MIG 4g.20gb (0),1,,13,[CUDA memcpy Host-to-Device]
3172595209,10560,51101,,,,,,,,,,1.547,146459.106,Device,,NVIDIA A100-SXM4-40GB MIG 4g.20gb (0),1,,13,[CUDA memset]
3172609961,3008,51106,,,,,,,,,,0.031,10404.230,Pinned,Device,NVIDIA A100-SXM4-40GB MIG 4g.20gb (0),1,,13,[CUDA memcpy Host-to-Device]
3172615369,9760,51107,,,,,,,,,,0.197,20144.259,Pinned,Device,NVIDIA A100-SXM4-40GB MIG 4g.20gb (0),1,,13,[CUDA memcpy Host-to-Device]
3172707848,28672,51108,273,1,1,8,4,1,39,0.002,0.000,,,,,NVIDIA A100-SXM4-40GB MIG 4g.20gb (0),1,,13,"void channel_eq::eqMmseCoefCompLowMimoKernel<float, float, float, (unsigned int)4, (unsigned int)1, (unsigned int)4>(const channel_eq::_puschRxChEqStatDescr *, channel_eq::_puschRxChEqCoefCompDynDescr)"
3172774919,45120,51109,273,1,1,12,11,1,51,0.002,0.000,,,,,NVIDIA A100-SXM4-40GB MIG 4g.20gb (0),1,,13,"void channel_eq::eqMmseSoftDemapKernel<float, __half, __half, float, (unsigned int)4, (unsigned short)16383>(channel_eq::_puschRxChEqStatDescr *, channel_eq::_puschRxChEqSoftDemapDynDescr)"
3172862694,579609,51110,1,1,1,32,32,1,30,0.000,0.000,,,,,NVIDIA A100-SXM4-40GB MIG 4g.20gb (0),1,,13,"void convert_kernel<float2, __half2>(tensor_layout_any, T1 *, tensor_layout_any, const T2 *)"
3173487839,18368,51122,2253,1,1,128,1,1,16,0.000,0.000,,,,,NVIDIA A100-SXM4-40GB MIG 4g.20gb (0),1,,13,cupy_copy__float16_float16
3173540542,10336,51131,282,1,1,128,1,1,16,0.000,0.000,,,,,NVIDIA A100-SXM4-40GB MIG 4g.20gb (0),1,,13,cupy_copy__complex64_complex64
3173620669,4192,51140,26,1,1,128,1,1,16,0.000,0.000,,,,,NVIDIA A100-SXM4-40GB MIG 4g.20gb (0),1,,13,cupy_copy__float32_float32
3173661309,19232,51149,103,1,1,128,1,1,16,0.000,0.000,,,,,NVIDIA A100-SXM4-40GB MIG 4g.20gb (0),1,,13,cupy_copy__complex64_complex64
3173736732,17120,51159,1434,1,1,128,1,1,16,0.000,0.000,,,,,NVIDIA A100-SXM4-40GB MIG 4g.20gb (0),1,,13,cupy_copy__complex64_complex64
3173790683,241022,51164,1,1,1,32,32,1,30,0.000,0.000,,,,,NVIDIA A100-SXM4-40GB MIG 4g.20gb (0),1,,13,"void convert_kernel<__half2, float2>(tensor_layout_any, T1 *, tensor_layout_any, const T2 *)"
3174061688,5408,51167,,,,,,,,,,0.094,17325.421,Pinned,Device,NVIDIA A100-SXM4-40GB MIG 4g.20gb (0),1,,13,[CUDA memcpy Host-to-Device]
3174116184,623001,51168,,,,,,,,,,456.561,732781.111,Device,,NVIDIA A100-SXM4-40GB MIG 4g.20gb (0),1,,13,[CUDA memset]
3174745360,51232,51173,,,,,,,,,,1.235,24104.872,Pinned,Device,NVIDIA A100-SXM4-40GB MIG 4g.20gb (0),1,,13,[CUDA memcpy Host-to-Device]
3174799280,9824,51174,,,,,,,,,,0.197,20012.925,Pinned,Device,NVIDIA A100-SXM4-40GB MIG 4g.20gb (0),1,,13,[CUDA memcpy Host-to-Device]
3174871247,28640,51175,69,4,1,48,1,1,76,0.002,0.000,,,,,NVIDIA A100-SXM4-40GB MIG 4g.20gb (0),1,,13,"void ch_est::windowedChEstPreNoDftSOfdmKernel<float, __half, float, (unsigned int)2, (unsigned int)1, (unsigned short)4>(ch_est::puschRxChEstStatDescr_t *, ch_est::puschRxChEstDynDescr_t *)"
3174940110,11392,51176,137,2,1,24,2,1,44,0.001,0.001,,,,,NVIDIA A100-SXM4-40GB MIG 4g.20gb (0),1,,13,"void ch_est::chEstFilterNoDftSOfdmDispatchKernel<float, __half, float, (unsigned int)2>(ch_est::puschRxChEstStatDescr_t *, ch_est::puschRxChEstDynDescr_t *)"
3175015757,22624,51177,137,2,1,24,2,1,44,0.001,0.001,,,,,NVIDIA A100-SXM4-40GB MIG 4g.20gb (0),1,,13,"void ch_est::chEstFilterNoDftSOfdmDispatchKernel<float, __half, float, (unsigned int)2>(ch_est::puschRxChEstStatDescr_t *, ch_est::puschRxChEstDynDescr_t *)"
3175070989,5792,51188,103,1,1,128,1,1,16,0.000,0.000,,,,,NVIDIA A100-SXM4-40GB MIG 4g.20gb (0),1,,13,cupy_copy__complex64_complex64
3175137900,17248,51198,1434,1,1,128,1,1,16,0.000,0.000,,,,,NVIDIA A100-SXM4-40GB MIG 4g.20gb (0),1,,13,cupy_copy__complex64_complex64
3175190251,8192,51205,103,1,1,128,1,1,16,0.000,0.000,,,,,NVIDIA A100-SXM4-40GB MIG 4g.20gb (0),1,,13,cupy_copy__complex64_complex64
3175267370,266397,51212,1,1,1,32,32,1,30,0.000,0.000,,,,,NVIDIA A100-SXM4-40GB MIG 4g.20gb (0),1,,13,"void convert_kernel<__half2, float2>(tensor_layout_any, T1 *, tensor_layout_any, const T2 *)"
3175563495,5376,51215,,,,,,,,,,0.094,17428.487,Pinned,Device,NVIDIA A100-SXM4-40GB MIG 4g.20gb (0),1,,13,[CUDA memcpy Host-to-Device]
3175628710,55328,51216,,,,,,,,,,35.810,647228.494,Device,,NVIDIA A100-SXM4-40GB MIG 4g.20gb (0),1,,13,[CUDA memset]
3175687302,1888,51218,,,,,,,,,,0.000,42.373,Pinned,Device,NVIDIA A100-SXM4-40GB MIG 4g.20gb (0),1,,13,[CUDA memcpy Host-to-Device]
3175691686,10623,51219,,,,,,,,,,0.197,18507.694,Pinned,Device,NVIDIA A100-SXM4-40GB MIG 4g.20gb (0),1,,13,[CUDA memcpy Host-to-Device]
3175810468,25408,51220,273,1,1,48,1,1,40,0.000,0.001,,,,,NVIDIA A100-SXM4-40GB MIG 4g.20gb (0),1,,13,"void pusch_noise_intf_est::noiseIntfEstNoDftSOfdmKernel<float, __half, float, float, (unsigned int)2, (unsigned int)1, (unsigned char)4, (unsigned char)4>(pusch_noise_intf_est::puschRxNoiseIntfEstDynDescr)"
3175849988,9376,51231,35,1,1,128,1,1,16,0.000,0.000,,,,,NVIDIA A100-SXM4-40GB MIG 4g.20gb (0),1,,13,cupy_copy__complex64_complex64
3175918915,3680,51240,1,1,1,1,1,1,18,0.000,0.000,,,,,NVIDIA A100-SXM4-40GB MIG 4g.20gb (0),1,,13,cupy_copy__float32_float32
3175929763,1632,51246,,,,,,,,,,0.000,2.451,Device,Pageable,NVIDIA A100-SXM4-40GB MIG 4g.20gb (0),1,,7,[CUDA memcpy Device-to-Host]
3176032930,17791,51257,1434,1,1,128,1,1,16,0.000,0.000,,,,,NVIDIA A100-SXM4-40GB MIG 4g.20gb (0),1,,13,cupy_copy__complex64_complex64
3176098593,7584,51264,103,1,1,128,1,1,16,0.000,0.000,,,,,NVIDIA A100-SXM4-40GB MIG 4g.20gb (0),1,,13,cupy_copy__complex64_complex64
3176177152,10432,51271,35,1,1,128,1,1,16,0.000,0.000,,,,,NVIDIA A100-SXM4-40GB MIG 4g.20gb (0),1,,13,cupy_copy__complex64_complex64
3176232831,6688,51278,1,1,1,1,1,1,18,0.000,0.000,,,,,NVIDIA A100-SXM4-40GB MIG 4g.20gb (0),1,,13,cupy_copy__float32_float32
3176349598,253981,51289,1,1,1,32,32,1,30,0.000,0.000,,,,,NVIDIA A100-SXM4-40GB MIG 4g.20gb (0),1,,13,"void convert_kernel<__half2, float2>(tensor_layout_any, T1 *, tensor_layout_any, const T2 *)"
3176633179,5376,51292,,,,,,,,,,0.094,17428.487,Pinned,Device,NVIDIA A100-SXM4-40GB MIG 4g.20gb (0),1,,13,[CUDA memcpy Host-to-Device]
3176743290,18047,51293,,,,,,,,,,1.547,85698.436,Device,,NVIDIA A100-SXM4-40GB MIG 4g.20gb (0),1,,13,[CUDA memset]
3176762521,3168,51298,,,,,,,,,,0.031,9878.770,Pinned,Device,NVIDIA A100-SXM4-40GB MIG 4g.20gb (0),1,,13,[CUDA memcpy Host-to-Device]
3176769113,10496,51299,,,,,,,,,,0.197,18731.631,Pinned,Device,NVIDIA A100-SXM4-40GB MIG 4g.20gb (0),1,,13,[CUDA memcpy Host-to-Device]
3176849272,25280,51300,273,1,1,8,4,1,39,0.002,0.000,,,,,NVIDIA A100-SXM4-40GB MIG 4g.20gb (0),1,,13,"void channel_eq::eqMmseCoefCompLowMimoKernel<float, float, float, (unsigned int)4, (unsigned int)1, (unsigned int)4>(const channel_eq::_puschRxChEqStatDescr *, channel_eq::_puschRxChEqCoefCompDynDescr)"
3176924151,41536,51301,273,1,1,12,11,1,51,0.002,0.000,,,,,NVIDIA A100-SXM4-40GB MIG 4g.20gb (0),1,,13,"void channel_eq::eqMmseSoftDemapKernel<float, __half, __half, float, (unsigned int)4, (unsigned short)16383>(channel_eq::_puschRxChEqStatDescr *, channel_eq::_puschRxChEqSoftDemapDynDescr)"
3177011126,692600,51302,1,1,1,32,32,1,30,0.000,0.000,,,,,NVIDIA A100-SXM4-40GB MIG 4g.20gb (0),1,,13,"void convert_kernel<float2, __half2>(tensor_layout_any, T1 *, tensor_layout_any, const T2 *)"
3177749070,23808,51314,2253,1,1,128,1,1,16,0.000,0.000,,,,,NVIDIA A100-SXM4-40GB MIG 4g.20gb (0),1,,13,cupy_copy__float16_float16
3177835405,9408,51323,282,1,1,128,1,1,16,0.000,0.000,,,,,NVIDIA A100-SXM4-40GB MIG 4g.20gb (0),1,,13,cupy_copy__complex64_complex64
3177889324,5120,51332,26,1,1,128,1,1,16,0.000,0.000,,,,,NVIDIA A100-SXM4-40GB MIG 4g.20gb (0),1,,13,cupy_copy__float32_float32
3177956556,9311,51341,103,1,1,128,1,1,16,0.000,0.000,,,,,NVIDIA A100-SXM4-40GB MIG 4g.20gb (0),1,,13,cupy_copy__complex64_complex64
3178063562,32768,51351,1434,1,1,128,1,1,16,0.000,0.000,,,,,NVIDIA A100-SXM4-40GB MIG 4g.20gb (0),1,,13,cupy_copy__complex64_complex64
3178171305,256701,51356,1,1,1,32,32,1,30,0.000,0.000,,,,,NVIDIA A100-SXM4-40GB MIG 4g.20gb (0),1,,13,"void convert_kernel<__half2, float2>(tensor_layout_any, T1 *, tensor_layout_any, const T2 *)"
3178460550,5504,51359,,,,,,,,,,0.094,17023.251,Pinned,Device,NVIDIA A100-SXM4-40GB MIG 4g.20gb (0),1,,13,[CUDA memcpy Host-to-Device]
3178559109,627224,51360,,,,,,,,,,456.561,727758.935,Device,,NVIDIA A100-SXM4-40GB MIG 4g.20gb (0),1,,13,[CUDA memset]
3179189501,50112,51365,,,,,,,,,,1.235,24643.308,Pinned,Device,NVIDIA A100-SXM4-40GB MIG 4g.20gb (0),1,,13,[CUDA memcpy Host-to-Device]
3179242301,10048,51366,,,,,,,,,,0.197,19566.821,Pinned,Device,NVIDIA A100-SXM4-40GB MIG 4g.20gb (0),1,,13,[CUDA memcpy Host-to-Device]
3179318972,27360,51367,69,4,1,48,1,1,76,0.002,0.000,,,,,NVIDIA A100-SXM4-40GB MIG 4g.20gb (0),1,,13,"void ch_est::windowedChEstPreNoDftSOfdmKernel<float, __half, float, (unsigned int)2, (unsigned int)1, (unsigned short)4>(ch_est::puschRxChEstStatDescr_t *, ch_est::puschRxChEstDynDescr_t *)"
3179387707,43040,51368,137,2,1,24,2,1,44,0.001,0.001,,,,,NVIDIA A100-SXM4-40GB MIG 4g.20gb (0),1,,13,"void ch_est::chEstFilterNoDftSOfdmDispatchKernel<float, __half, float, (unsigned int)2>(ch_est::puschRxChEstStatDescr_t *, ch_est::puschRxChEstDynDescr_t *)"
3179463514,27712,51369,137,2,1,24,2,1,44,0.001,0.001,,,,,NVIDIA A100-SXM4-40GB MIG 4g.20gb (0),1,,13,"void ch_est::chEstFilterNoDftSOfdmDispatchKernel<float, __half, float, (unsigned int)2>(ch_est::puschRxChEstStatDescr_t *, ch_est::puschRxChEstDynDescr_t *)"
3179511290,7936,51380,103,1,1,128,1,1,16,0.000,0.000,,,,,NVIDIA A100-SXM4-40GB MIG 4g.20gb (0),1,,13,cupy_copy__complex64_complex64
3179586361,16160,51390,1434,1,1,128,1,1,16,0.000,0.000,,,,,NVIDIA A100-SXM4-40GB MIG 4g.20gb (0),1,,13,cupy_copy__complex64_complex64
3179642424,5120,51397,103,1,1,128,1,1,16,0.000,0.000,,,,,NVIDIA A100-SXM4-40GB MIG 4g.20gb (0),1,,13,cupy_copy__complex64_complex64
3179721079,253245,51404,1,1,1,32,32,1,30,0.000,0.000,,,,,NVIDIA A100-SXM4-40GB MIG 4g.20gb (0),1,,13,"void convert_kernel<__half2, float2>(tensor_layout_any, T1 *, tensor_layout_any, const T2 *)"
3180003732,5696,51407,,,,,,,,,,0.094,16449.363,Pinned,Device,NVIDIA A100-SXM4-40GB MIG 4g.20gb (0),1,,13,[CUDA memcpy Host-to-Device]
3180077395,57216,51408,,,,,,,,,,35.810,625849.972,Device,,NVIDIA A100-SXM4-40GB MIG 4g.20gb (0),1,,13,[CUDA memset]
3180142418,3104,51410,,,,,,,,,,0.000,25.773,Pinned,Device,NVIDIA A100-SXM4-40GB MIG 4g.20gb (0),1,,13,[CUDA memcpy Host-to-Device]
3180147954,9888,51411,,,,,,,,,,0.197,19883.360,Pinned,Device,NVIDIA A100-SXM4-40GB MIG 4g.20gb (0),1,,13,[CUDA memcpy Host-to-Device]
3180256177,32608,51412,273,1,1,48,1,1,40,0.000,0.001,,,,,NVIDIA A100-SXM4-40GB MIG 4g.20gb (0),1,,13,"void pusch_noise_intf_est::noiseIntfEstNoDftSOfdmKernel<float, __half, float, float, (unsigned int)2, (unsigned int)1, (unsigned char)4, (unsigned char)4>(pusch_noise_intf_est::puschRxNoiseIntfEstDynDescr)"
3180314576,9120,51423,35,1,1,128,1,1,16,0.000,0.000,,,,,NVIDIA A100-SXM4-40GB MIG 4g.20gb (0),1,,13,cupy_copy__complex64_complex64
3180374960,4608,51432,1,1,1,1,1,1,18,0.000,0.000,,,,,NVIDIA A100-SXM4-40GB MIG 4g.20gb (0),1,,13,cupy_copy__float32_float32
3180381104,1568,51438,,,,,,,,,,0.000,2.551,Device,Pageable,NVIDIA A100-SXM4-40GB MIG 4g.20gb (0),1,,7,[CUDA memcpy Device-to-Host]
3180492302,17248,51449,1434,1,1,128,1,1,16,0.000,0.000,,,,,NVIDIA A100-SXM4-40GB MIG 4g.20gb (0),1,,13,cupy_copy__complex64_complex64
3180511502,3680,51456,103,1,1,128,1,1,16,0.000,0.000,,,,,NVIDIA A100-SXM4-40GB MIG 4g.20gb (0),1,,13,cupy_copy__complex64_complex64
3180552910,9408,51463,35,1,1,128,1,1,16,0.000,0.000,,,,,NVIDIA A100-SXM4-40GB MIG 4g.20gb (0),1,,13,cupy_copy__complex64_complex64
3180634349,3776,51470,1,1,1,1,1,1,18,0.000,0.000,,,,,NVIDIA A100-SXM4-40GB MIG 4g.20gb (0),1,,13,cupy_copy__float32_float32
3180676428,255869,51481,1,1,1,32,32,1,30,0.000,0.000,,,,,NVIDIA A100-SXM4-40GB MIG 4g.20gb (0),1,,13,"void convert_kernel<__half2, float2>(tensor_layout_any, T1 *, tensor_layout_any, const T2 *)"
3180965993,5824,51484,,,,,,,,,,0.094,16087.884,Pinned,Device,NVIDIA A100-SXM4-40GB MIG 4g.20gb (0),1,,13,[CUDA memcpy Host-to-Device]
3181025480,12320,51485,,,,,,,,,,1.547,125536.377,Device,,NVIDIA A100-SXM4-40GB MIG 4g.20gb (0),1,,13,[CUDA memset]
3181041768,3008,51490,,,,,,,,,,0.031,10404.230,Pinned,Device,NVIDIA A100-SXM4-40GB MIG 4g.20gb (0),1,,13,[CUDA memcpy Host-to-Device]
3181047368,9408,51491,,,,,,,,,,0.197,20897.858,Pinned,Device,NVIDIA A100-SXM4-40GB MIG 4g.20gb (0),1,,13,[CUDA memcpy Host-to-Device]
3181131015,28384,51492,273,1,1,8,4,1,39,0.002,0.000,,,,,NVIDIA A100-SXM4-40GB MIG 4g.20gb (0),1,,13,"void channel_eq::eqMmseCoefCompLowMimoKernel<float, float, float, (unsigned int)4, (unsigned int)1, (unsigned int)4>(const channel_eq::_puschRxChEqStatDescr *, channel_eq::_puschRxChEqCoefCompDynDescr)"
3181199622,43136,51493,273,1,1,12,11,1,51,0.002,0.000,,,,,NVIDIA A100-SXM4-40GB MIG 4g.20gb (0),1,,13,"void channel_eq::eqMmseSoftDemapKernel<float, __half, __half, float, (unsigned int)4, (unsigned short)16383>(channel_eq::_puschRxChEqStatDescr *, channel_eq::_puschRxChEqSoftDemapDynDescr)"
3181287301,601465,51494,1,1,1,32,32,1,30,0.000,0.000,,,,,NVIDIA A100-SXM4-40GB MIG 4g.20gb (0),1,,13,"void convert_kernel<float2, __half2>(tensor_layout_any, T1 *, tensor_layout_any, const T2 *)"
3181967293,18208,51506,2253,1,1,128,1,1,16,0.000,0.000,,,,,NVIDIA A100-SXM4-40GB MIG 4g.20gb (0),1,,13,cupy_copy__float16_float16
3182025565,5664,51515,282,1,1,128,1,1,16,0.000,0.000,,,,,NVIDIA A100-SXM4-40GB MIG 4g.20gb (0),1,,13,cupy_copy__complex64_complex64
3182104860,5504,51524,26,1,1,128,1,1,16,0.000,0.000,,,,,NVIDIA A100-SXM4-40GB MIG 4g.20gb (0),1,,13,cupy_copy__float32_float32
3182143899,18112,51533,103,1,1,128,1,1,16,0.000,0.000,,,,,NVIDIA A100-SXM4-40GB MIG 4g.20gb (0),1,,13,cupy_copy__complex64_complex64
3182217019,16319,51543,1434,1,1,128,1,1,16,0.000,0.000,,,,,NVIDIA A100-SXM4-40GB MIG 4g.20gb (0),1,,13,cupy_copy__complex64_complex64
3182267354,250077,51548,1,1,1,32,32,1,30,0.000,0.000,,,,,NVIDIA A100-SXM4-40GB MIG 4g.20gb (0),1,,13,"void convert_kernel<__half2, float2>(tensor_layout_any, T1 *, tensor_layout_any, const T2 *)"
3182547991,5376,51551,,,,,,,,,,0.094,17428.487,Pinned,Device,NVIDIA A100-SXM4-40GB MIG 4g.20gb (0),1,,13,[CUDA memcpy Host-to-Device]
3182613334,634521,51552,,,,,,,,,,456.561,719084.268,Device,,NVIDIA A100-SXM4-40GB MIG 4g.20gb (0),1,,13,[CUDA memset]
3183257039,50591,51557,,,,,,,,,,1.235,24409.903,Pinned,Device,NVIDIA A100-SXM4-40GB MIG 4g.20gb (0),1,,13,[CUDA memcpy Host-to-Device]
3183311182,9504,51558,,,,,,,,,,0.197,20686.701,Pinned,Device,NVIDIA A100-SXM4-40GB MIG 4g.20gb (0),1,,13,[CUDA memcpy Host-to-Device]
3183380813,9920,51559,69,4,1,48,1,1,76,0.002,0.000,,,,,NVIDIA A100-SXM4-40GB MIG 4g.20gb (0),1,,13,"void ch_est::windowedChEstPreNoDftSOfdmKernel<float, __half, float, (unsigned int)2, (unsigned int)1, (unsigned short)4>(ch_est::puschRxChEstStatDescr_t *, ch_est::puschRxChEstDynDescr_t *)"
3183463788,28448,51560,137,2,1,24,2,1,44,0.001,0.001,,,,,NVIDIA A100-SXM4-40GB MIG 4g.20gb (0),1,,13,"void ch_est::chEstFilterNoDftSOfdmDispatchKernel<float, __half, float, (unsigned int)2>(ch_est::puschRxChEstStatDescr_t *, ch_est::puschRxChEstDynDescr_t *)"
3183517420,28127,51561,137,2,1,24,2,1,44,0.001,0.001,,,,,NVIDIA A100-SXM4-40GB MIG 4g.20gb (0),1,,13,"void ch_est::chEstFilterNoDftSOfdmDispatchKernel<float, __half, float, (unsigned int)2>(ch_est::puschRxChEstStatDescr_t *, ch_est::puschRxChEstDynDescr_t *)"
3183587051,8896,51572,103,1,1,128,1,1,16,0.000,0.000,,,,,NVIDIA A100-SXM4-40GB MIG 4g.20gb (0),1,,13,cupy_copy__complex64_complex64
3183643914,21216,51582,1434,1,1,128,1,1,16,0.000,0.000,,,,,NVIDIA A100-SXM4-40GB MIG 4g.20gb (0),1,,13,cupy_copy__complex64_complex64
3183716041,10848,51589,103,1,1,128,1,1,16,0.000,0.000,,,,,NVIDIA A100-SXM4-40GB MIG 4g.20gb (0),1,,13,cupy_copy__complex64_complex64
3183778153,253405,51596,1,1,1,32,32,1,30,0.000,0.000,,,,,NVIDIA A100-SXM4-40GB MIG 4g.20gb (0),1,,13,"void convert_kernel<__half2, float2>(tensor_layout_any, T1 *, tensor_layout_any, const T2 *)"
3184065829,5376,51599,,,,,,,,,,0.094,17428.487,Pinned,Device,NVIDIA A100-SXM4-40GB MIG 4g.20gb (0),1,,13,[CUDA memcpy Host-to-Device]
3184143908,63552,51600,,,,,,,,,,35.810,563469.091,Device,,NVIDIA A100-SXM4-40GB MIG 4g.20gb (0),1,,13,[CUDA memset]
3184213412,2752,51602,,,,,,,,,,0.000,29.070,Pinned,Device,NVIDIA A100-SXM4-40GB MIG 4g.20gb (0),1,,13,[CUDA memcpy Host-to-Device]
3184218980,9567,51603,,,,,,,,,,0.197,20550.451,Pinned,Device,NVIDIA A100-SXM4-40GB MIG 4g.20gb (0),1,,13,[CUDA memcpy Host-to-Device]
3184323842,39552,51604,273,1,1,48,1,1,40,0.000,0.001,,,,,NVIDIA A100-SXM4-40GB MIG 4g.20gb (0),1,,13,"void pusch_noise_intf_est::noiseIntfEstNoDftSOfdmKernel<float, __half, float, float, (unsigned int)2, (unsigned int)1, (unsigned char)4, (unsigned char)4>(pusch_noise_intf_est::puschRxNoiseIntfEstDynDescr)"
3184398626,6591,51615,35,1,1,128,1,1,16,0.000,0.000,,,,,NVIDIA A100-SXM4-40GB MIG 4g.20gb (0),1,,13,cupy_copy__complex64_complex64
3184449953,2432,51624,1,1,1,1,1,1,18,0.000,0.000,,,,,NVIDIA A100-SXM4-40GB MIG 4g.20gb (0),1,,13,cupy_copy__float32_float32
3184453441,1664,51630,,,,,,,,,,0.000,2.404,Device,Pageable,NVIDIA A100-SXM4-40GB MIG 4g.20gb (0),1,,7,[CUDA memcpy Device-to-Host]
3184528032,18400,51641,1434,1,1,128,1,1,16,0.000,0.000,,,,,NVIDIA A100-SXM4-40GB MIG 4g.20gb (0),1,,13,cupy_copy__complex64_complex64
3184580031,8256,51648,103,1,1,128,1,1,16,0.000,0.000,,,,,NVIDIA A100-SXM4-40GB MIG 4g.20gb (0),1,,13,cupy_copy__complex64_complex64
3184656959,8607,51655,35,1,1,128,1,1,16,0.000,0.000,,,,,NVIDIA A100-SXM4-40GB MIG 4g.20gb (0),1,,13,cupy_copy__complex64_complex64
3184715614,2624,51662,1,1,1,1,1,1,18,0.000,0.000,,,,,NVIDIA A100-SXM4-40GB MIG 4g.20gb (0),1,,13,cupy_copy__float32_float32
3184818653,249373,51673,1,1,1,32,32,1,30,0.000,0.000,,,,,NVIDIA A100-SXM4-40GB MIG 4g.20gb (0),1,,13,"void convert_kernel<__half2, float2>(tensor_layout_any, T1 *, tensor_layout_any, const T2 *)"
3185097753,5920,51676,,,,,,,,,,0.094,15826.941,Pinned,Device,NVIDIA A100-SXM4-40GB MIG 4g.20gb (0),1,,13,[CUDA memcpy Host-to-Device]
3185154041,12320,51677,,,,,,,,,,1.547,125536.377,Device,,NVIDIA A100-SXM4-40GB MIG 4g.20gb (0),1,,13,[CUDA memset]
3185174297,3232,51682,,,,,,,,,,0.031,9683.139,Pinned,Device,NVIDIA A100-SXM4-40GB MIG 4g.20gb (0),1,,13,[CUDA memcpy Host-to-Device]
3185180281,9407,51683,,,,,,,,,,0.197,20900.020,Pinned,Device,NVIDIA A100-SXM4-40GB MIG 4g.20gb (0),1,,13,[CUDA memcpy Host-to-Device]
3185259768,30335,51684,273,1,1,8,4,1,39,0.002,0.000,,,,,NVIDIA A100-SXM4-40GB MIG 4g.20gb (0),1,,13,"void channel_eq::eqMmseCoefCompLowMimoKernel<float, float, float, (unsigned int)4, (unsigned int)1, (unsigned int)4>(const channel_eq::_puschRxChEqStatDescr *, channel_eq::_puschRxChEqCoefCompDynDescr)"
3185324311,44959,51685,273,1,1,12,11,1,51,0.002,0.000,,,,,NVIDIA A100-SXM4-40GB MIG 4g.20gb (0),1,,13,"void channel_eq::eqMmseSoftDemapKernel<float, __half, __half, float, (unsigned int)4, (unsigned short)16383>(channel_eq::_puschRxChEqStatDescr *, channel_eq::_puschRxChEqSoftDemapDynDescr)"
3185414262,600377,51686,1,1,1,32,32,1,30,0.000,0.000,,,,,NVIDIA A100-SXM4-40GB MIG 4g.20gb (0),1,,13,"void convert_kernel<float2, __half2>(tensor_layout_any, T1 *, tensor_layout_any, const T2 *)"
3186097710,17920,51698,2253,1,1,128,1,1,16,0.000,0.000,,,,,NVIDIA A100-SXM4-40GB MIG 4g.20gb (0),1,,13,cupy_copy__float16_float16
3186152525,9344,51707,282,1,1,128,1,1,16,0.000,0.000,,,,,NVIDIA A100-SXM4-40GB MIG 4g.20gb (0),1,,13,cupy_copy__complex64_complex64
3186228013,4287,51716,26,1,1,128,1,1,16,0.000,0.000,,,,,NVIDIA A100-SXM4-40GB MIG 4g.20gb (0),1,,13,cupy_copy__float32_float32
3186268172,19776,51725,103,1,1,128,1,1,16,0.000,0.000,,,,,NVIDIA A100-SXM4-40GB MIG 4g.20gb (0),1,,13,cupy_copy__complex64_complex64
3186345515,16000,51735,1434,1,1,128,1,1,16,0.000,0.000,,,,,NVIDIA A100-SXM4-40GB MIG 4g.20gb (0),1,,13,cupy_copy__complex64_complex64
3186397739,249693,51740,1,1,1,32,32,1,30,0.000,0.000,,,,,NVIDIA A100-SXM4-40GB MIG 4g.20gb (0),1,,13,"void convert_kernel<__half2, float2>(tensor_layout_any, T1 *, tensor_layout_any, const T2 *)"
3186676999,5568,51743,,,,,,,,,,0.094,16827.521,Pinned,Device,NVIDIA A100-SXM4-40GB MIG 4g.20gb (0),1,,13,[CUDA memcpy Host-to-Device]
3186748615,630520,51744,,,,,,,,,,456.561,723649.882,Device,,NVIDIA A100-SXM4-40GB MIG 4g.20gb (0),1,,13,[CUDA memset]
3187386399,51456,51749,,,,,,,,,,1.235,23999.902,Pinned,Device,NVIDIA A100-SXM4-40GB MIG 4g.20gb (0),1,,13,[CUDA memcpy Host-to-Device]
3187440351,9407,51750,,,,,,,,,,0.197,20900.020,Pinned,Device,NVIDIA A100-SXM4-40GB MIG 4g.20gb (0),1,,13,[CUDA memcpy Host-to-Device]
3187511262,22687,51751,69,4,1,48,1,1,76,0.002,0.000,,,,,NVIDIA A100-SXM4-40GB MIG 4g.20gb (0),1,,13,"void ch_est::windowedChEstPreNoDftSOfdmKernel<float, __half, float, (unsigned int)2, (unsigned int)1, (unsigned short)4>(ch_est::puschRxChEstStatDescr_t *, ch_est::puschRxChEstDynDescr_t *)"
3187591197,30367,51752,137,2,1,24,2,1,44,0.001,0.001,,,,,NVIDIA A100-SXM4-40GB MIG 4g.20gb (0),1,,13,"void ch_est::chEstFilterNoDftSOfdmDispatchKernel<float, __half, float, (unsigned int)2>(ch_est::puschRxChEstStatDescr_t *, ch_est::puschRxChEstDynDescr_t *)"
3187634940,34304,51753,137,2,1,24,2,1,44,0.001,0.001,,,,,NVIDIA A100-SXM4-40GB MIG 4g.20gb (0),1,,13,"void ch_est::chEstFilterNoDftSOfdmDispatchKernel<float, __half, float, (unsigned int)2>(ch_est::puschRxChEstStatDescr_t *, ch_est::puschRxChEstDynDescr_t *)"
3187715291,6400,51764,103,1,1,128,1,1,16,0.000,0.000,,,,,NVIDIA A100-SXM4-40GB MIG 4g.20gb (0),1,,13,cupy_copy__complex64_complex64
3187759355,21312,51774,1434,1,1,128,1,1,16,0.000,0.000,,,,,NVIDIA A100-SXM4-40GB MIG 4g.20gb (0),1,,13,cupy_copy__complex64_complex64
3187839098,7520,51781,103,1,1,128,1,1,16,0.000,0.000,,,,,NVIDIA A100-SXM4-40GB MIG 4g.20gb (0),1,,13,cupy_copy__complex64_complex64
3187892793,261053,51788,1,1,1,32,32,1,30,0.000,0.000,,,,,NVIDIA A100-SXM4-40GB MIG 4g.20gb (0),1,,13,"void convert_kernel<__half2, float2>(tensor_layout_any, T1 *, tensor_layout_any, const T2 *)"
3188184374,6208,51791,,,,,,,,,,0.094,15092.739,Pinned,Device,NVIDIA A100-SXM4-40GB MIG 4g.20gb (0),1,,13,[CUDA memcpy Host-to-Device]
3188273205,63775,51792,,,,,,,,,,35.810,561499.546,Device,,NVIDIA A100-SXM4-40GB MIG 4g.20gb (0),1,,13,[CUDA memset]
3188339124,2976,51794,,,,,,,,,,0.000,26.882,Pinned,Device,NVIDIA A100-SXM4-40GB MIG 4g.20gb (0),1,,13,[CUDA memcpy Host-to-Device]
3188346228,10400,51795,,,,,,,,,,0.197,18904.449,Pinned,Device,NVIDIA A100-SXM4-40GB MIG 4g.20gb (0),1,,13,[CUDA memcpy Host-to-Device]
3188465267,39071,51796,273,1,1,48,1,1,40,0.000,0.001,,,,,NVIDIA A100-SXM4-40GB MIG 4g.20gb (0),1,,13,"void pusch_noise_intf_est::noiseIntfEstNoDftSOfdmKernel<float, __half, float, float, (unsigned int)2, (unsigned int)1, (unsigned char)4, (unsigned char)4>(pusch_noise_intf_est::puschRxNoiseIntfEstDynDescr)"
3188545490,4384,51807,35,1,1,128,1,1,16,0.000,0.000,,,,,NVIDIA A100-SXM4-40GB MIG 4g.20gb (0),1,,13,cupy_copy__complex64_complex64
3188593137,2304,51816,1,1,1,1,1,1,18,0.000,0.000,,,,,NVIDIA A100-SXM4-40GB MIG 4g.20gb (0),1,,13,cupy_copy__float32_float32
3188596561,1760,51822,,,,,,,,,,0.000,2.273,Device,Pageable,NVIDIA A100-SXM4-40GB MIG 4g.20gb (0),1,,7,[CUDA memcpy Device-to-Host]
3188677616,15968,51833,1434,1,1,128,1,1,16,0.000,0.000,,,,,NVIDIA A100-SXM4-40GB MIG 4g.20gb (0),1,,13,cupy_copy__complex64_complex64
3188727728,7200,51840,103,1,1,128,1,1,16,0.000,0.000,,,,,NVIDIA A100-SXM4-40GB MIG 4g.20gb (0),1,,13,cupy_copy__complex64_complex64
3188800591,8640,51847,35,1,1,128,1,1,16,0.000,0.000,,,,,NVIDIA A100-SXM4-40GB MIG 4g.20gb (0),1,,13,cupy_copy__complex64_complex64
3188852558,4768,51854,1,1,1,1,1,1,18,0.000,0.000,,,,,NVIDIA A100-SXM4-40GB MIG 4g.20gb (0),1,,13,cupy_copy__float32_float32
3188960557,252349,51865,1,1,1,32,32,1,30,0.000,0.000,,,,,NVIDIA A100-SXM4-40GB MIG 4g.20gb (0),1,,13,"void convert_kernel<__half2, float2>(tensor_layout_any, T1 *, tensor_layout_any, const T2 *)"
3189243018,5376,51868,,,,,,,,,,0.094,17428.487,Pinned,Device,NVIDIA A100-SXM4-40GB MIG 4g.20gb (0),1,,13,[CUDA memcpy Host-to-Device]
3189335113,10880,51869,,,,,,,,,,1.547,142151.758,Device,,NVIDIA A100-SXM4-40GB MIG 4g.20gb (0),1,,13,[CUDA memset]
3189350121,3008,51874,,,,,,,,,,0.031,10404.230,Pinned,Device,NVIDIA A100-SXM4-40GB MIG 4g.20gb (0),1,,13,[CUDA memcpy Host-to-Device]
3189355689,9919,51875,,,,,,,,,,0.197,19821.232,Pinned,Device,NVIDIA A100-SXM4-40GB MIG 4g.20gb (0),1,,13,[CUDA memcpy Host-to-Device]
3189431912,26975,51876,273,1,1,8,4,1,39,0.002,0.000,,,,,NVIDIA A100-SXM4-40GB MIG 4g.20gb (0),1,,13,"void channel_eq::eqMmseCoefCompLowMimoKernel<float, float, float, (unsigned int)4, (unsigned int)1, (unsigned int)4>(const channel_eq::_puschRxChEqStatDescr *, channel_eq::_puschRxChEqCoefCompDynDescr)"
3189502983,46367,51877,273,1,1,12,11,1,51,0.002,0.000,,,,,NVIDIA A100-SXM4-40GB MIG 4g.20gb (0),1,,13,"void channel_eq::eqMmseSoftDemapKernel<float, __half, __half, float, (unsigned int)4, (unsigned short)16383>(channel_eq::_puschRxChEqStatDescr *, channel_eq::_puschRxChEqSoftDemapDynDescr)"
3189587718,600441,51878,1,1,1,32,32,1,30,0.000,0.000,,,,,NVIDIA A100-SXM4-40GB MIG 4g.20gb (0),1,,13,"void convert_kernel<float2, __half2>(tensor_layout_any, T1 *, tensor_layout_any, const T2 *)"
3190248382,19136,51890,2253,1,1,128,1,1,16,0.000,0.000,,,,,NVIDIA A100-SXM4-40GB MIG 4g.20gb (0),1,,13,cupy_copy__float16_float16
3190302110,8288,51899,282,1,1,128,1,1,16,0.000,0.000,,,,,NVIDIA A100-SXM4-40GB MIG 4g.20gb (0),1,,13,cupy_copy__complex64_complex64
3190380317,3840,51908,26,1,1,128,1,1,16,0.000,0.000,,,,,NVIDIA A100-SXM4-40GB MIG 4g.20gb (0),1,,13,cupy_copy__float32_float32
3190422908,21760,51917,103,1,1,128,1,1,16,0.000,0.000,,,,,NVIDIA A100-SXM4-40GB MIG 4g.20gb (0),1,,13,cupy_copy__complex64_complex64
3190502459,16672,51927,1434,1,1,128,1,1,16,0.000,0.000,,,,,NVIDIA A100-SXM4-40GB MIG 4g.20gb (0),1,,13,cupy_copy__complex64_complex64
3190556027,226141,51932,1,1,1,32,32,1,30,0.000,0.000,,,,,NVIDIA A100-SXM4-40GB MIG 4g.20gb (0),1,,13,"void convert_kernel<__half2, float2>(tensor_layout_any, T1 *, tensor_layout_any, const T2 *)"
3190811128,5504,51935,,,,,,,,,,0.094,17023.251,Pinned,Device,NVIDIA A100-SXM4-40GB MIG 4g.20gb (0),1,,13,[CUDA memcpy Host-to-Device]
3190872215,625145,51936,,,,,,,,,,456.561,730041.743,Device,,NVIDIA A100-SXM4-40GB MIG 4g.20gb (0),1,,13,[CUDA memset]
3191502544,51231,51941,,,,,,,,,,1.235,24104.872,Pinned,Device,NVIDIA A100-SXM4-40GB MIG 4g.20gb (0),1,,13,[CUDA memcpy Host-to-Device]
3191556367,9824,51942,,,,,,,,,,0.197,20012.925,Pinned,Device,NVIDIA A100-SXM4-40GB MIG 4g.20gb (0),1,,13,[CUDA memcpy Host-to-Device]
3191633870,30336,51943,69,4,1,48,1,1,76,0.002,0.000,,,,,NVIDIA A100-SXM4-40GB MIG 4g.20gb (0),1,,13,"void ch_est::windowedChEstPreNoDftSOfdmKernel<float, __half, float, (unsigned int)2, (unsigned int)1, (unsigned short)4>(ch_est::puschRxChEstStatDescr_t *, ch_est::puschRxChEstDynDescr_t *)"
3191705454,37887,51944,137,2,1,24,2,1,44,0.001,0.001,,,,,NVIDIA A100-SXM4-40GB MIG 4g.20gb (0),1,,13,"void ch_est::chEstFilterNoDftSOfdmDispatchKernel<float, __half, float, (unsigned int)2>(ch_est::puschRxChEstStatDescr_t *, ch_est::puschRxChEstDynDescr_t *)"
3191777261,26079,51945,137,2,1,24,2,1,44,0.001,0.001,,,,,NVIDIA A100-SXM4-40GB MIG 4g.20gb (0),1,,13,"void ch_est::chEstFilterNoDftSOfdmDispatchKernel<float, __half, float, (unsigned int)2>(ch_est::puschRxChEstStatDescr_t *, ch_est::puschRxChEstDynDescr_t *)"
3191825292,7872,51956,103,1,1,128,1,1,16,0.000,0.000,,,,,NVIDIA A100-SXM4-40GB MIG 4g.20gb (0),1,,13,cupy_copy__complex64_complex64
3191900459,15936,51966,1434,1,1,128,1,1,16,0.000,0.000,,,,,NVIDIA A100-SXM4-40GB MIG 4g.20gb (0),1,,13,cupy_copy__complex64_complex64
3191954891,6880,51973,103,1,1,128,1,1,16,0.000,0.000,,,,,NVIDIA A100-SXM4-40GB MIG 4g.20gb (0),1,,13,cupy_copy__complex64_complex64
3192030698,259965,51980,1,1,1,32,32,1,30,0.000,0.000,,,,,NVIDIA A100-SXM4-40GB MIG 4g.20gb (0),1,,13,"void convert_kernel<__half2, float2>(tensor_layout_any, T1 *, tensor_layout_any, const T2 *)"
3192320550,5600,51983,,,,,,,,,,0.094,16731.388,Pinned,Device,NVIDIA A100-SXM4-40GB MIG 4g.20gb (0),1,,13,[CUDA memcpy Host-to-Device]
3192393862,57503,51984,,,,,,,,,,35.810,622734.509,Device,,NVIDIA A100-SXM4-40GB MIG 4g.20gb (0),1,,13,[CUDA memset]
3192455877,1824,51986,,,,,,,,,,0.000,43.860,Pinned,Device,NVIDIA A100-SXM4-40GB MIG 4g.20gb (0),1,,13,[CUDA memcpy Host-to-Device]
3192460133,9952,51987,,,,,,,,,,0.197,19755.565,Pinned,Device,NVIDIA A100-SXM4-40GB MIG 4g.20gb (0),1,,13,[CUDA memcpy Host-to-Device]
3192580707,35040,51988,273,1,1,48,1,1,40,0.000,0.001,,,,,NVIDIA A100-SXM4-40GB MIG 4g.20gb (0),1,,13,"void pusch_noise_intf_est::noiseIntfEstNoDftSOfdmKernel<float, __half, float, float, (unsigned int)2, (unsigned int)1, (unsigned char)4, (unsigned char)4>(pusch_noise_intf_est::puschRxNoiseIntfEstDynDescr)"
3192641283,12672,51999,35,1,1,128,1,1,16,0.000,0.000,,,,,NVIDIA A100-SXM4-40GB MIG 4g.20gb (0),1,,13,cupy_copy__complex64_complex64
3192709442,3104,52008,1,1,1,1,1,1,18,0.000,0.000,,,,,NVIDIA A100-SXM4-40GB MIG 4g.20gb (0),1,,13,cupy_copy__float32_float32
3192713442,1792,52014,,,,,,,,,,0.000,2.232,Device,Pageable,NVIDIA A100-SXM4-40GB MIG 4g.20gb (0),1,,7,[CUDA memcpy Device-to-Host]
3192817505,16096,52025,1434,1,1,128,1,1,16,0.000,0.000,,,,,NVIDIA A100-SXM4-40GB MIG 4g.20gb (0),1,,13,cupy_copy__complex64_complex64
3192835329,3552,52032,103,1,1,128,1,1,16,0.000,0.000,,,,,NVIDIA A100-SXM4-40GB MIG 4g.20gb (0),1,,13,cupy_copy__complex64_complex64
3192877760,6400,52039,35,1,1,128,1,1,16,0.000,0.000,,,,,NVIDIA A100-SXM4-40GB MIG 4g.20gb (0),1,,13,cupy_copy__complex64_complex64
3192963423,2880,52046,1,1,1,1,1,1,18,0.000,0.000,,,,,NVIDIA A100-SXM4-40GB MIG 4g.20gb (0),1,,13,cupy_copy__float32_float32
3193007711,244669,52057,1,1,1,32,32,1,30,0.000,0.000,,,,,NVIDIA A100-SXM4-40GB MIG 4g.20gb (0),1,,13,"void convert_kernel<__half2, float2>(tensor_layout_any, T1 *, tensor_layout_any, const T2 *)"
3193284507,5376,52060,,,,,,,,,,0.094,17428.487,Pinned,Device,NVIDIA A100-SXM4-40GB MIG 4g.20gb (0),1,,13,[CUDA memcpy Host-to-Device]
3193347451,10144,52061,,,,,,,,,,1.547,152466.194,Device,,NVIDIA A100-SXM4-40GB MIG 4g.20gb (0),1,,13,[CUDA memset]
3193359035,3391,52066,,,,,,,,,,0.031,9229.128,Pinned,Device,NVIDIA A100-SXM4-40GB MIG 4g.20gb (0),1,,13,[CUDA memcpy Host-to-Device]
3193364986,10080,52067,,,,,,,,,,0.197,19504.693,Pinned,Device,NVIDIA A100-SXM4-40GB MIG 4g.20gb (0),1,,13,[CUDA memcpy Host-to-Device]
3193470649,25664,52068,273,1,1,8,4,1,39,0.002,0.000,,,,,NVIDIA A100-SXM4-40GB MIG 4g.20gb (0),1,,13,"void channel_eq::eqMmseCoefCompLowMimoKernel<float, float, float, (unsigned int)4, (unsigned int)1, (unsigned int)4>(const channel_eq::_puschRxChEqStatDescr *, channel_eq::_puschRxChEqCoefCompDynDescr)"
3193545304,39872,52069,273,1,1,12,11,1,51,0.002,0.000,,,,,NVIDIA A100-SXM4-40GB MIG 4g.20gb (0),1,,13,"void channel_eq::eqMmseSoftDemapKernel<float, __half, __half, float, (unsigned int)4, (unsigned short)16383>(channel_eq::_puschRxChEqStatDescr *, channel_eq::_puschRxChEqSoftDemapDynDescr)"
3193638263,434395,52070,1,1,1,32,32,1,30,0.000,0.000,,,,,NVIDIA A100-SXM4-40GB MIG 4g.20gb (0),1,,13,"void convert_kernel<float2, __half2>(tensor_layout_any, T1 *, tensor_layout_any, const T2 *)"
3194125778,16992,52082,2253,1,1,128,1,1,16,0.000,0.000,,,,,NVIDIA A100-SXM4-40GB MIG 4g.20gb (0),1,,13,cupy_copy__float16_float16
3194181297,7360,52091,282,1,1,128,1,1,16,0.000,0.000,,,,,NVIDIA A100-SXM4-40GB MIG 4g.20gb (0),1,,13,cupy_copy__complex64_complex64
3194261904,5536,52100,26,1,1,128,1,1,16,0.000,0.000,,,,,NVIDIA A100-SXM4-40GB MIG 4g.20gb (0),1,,13,cupy_copy__float32_float32
3194301168,18367,52109,103,1,1,128,1,1,16,0.000,0.000,,,,,NVIDIA A100-SXM4-40GB MIG 4g.20gb (0),1,,13,cupy_copy__complex64_complex64
3194377967,16224,52119,1434,1,1,128,1,1,16,0.000,0.000,,,,,NVIDIA A100-SXM4-40GB MIG 4g.20gb (0),1,,13,cupy_copy__complex64_complex64
3194429102,242877,52124,1,1,1,32,32,1,30,0.000,0.000,,,,,NVIDIA A100-SXM4-40GB MIG 4g.20gb (0),1,,13,"void convert_kernel<__half2, float2>(tensor_layout_any, T1 *, tensor_layout_any, const T2 *)"
3194701067,5376,52127,,,,,,,,,,0.094,17428.487,Pinned,Device,NVIDIA A100-SXM4-40GB MIG 4g.20gb (0),1,,13,[CUDA memcpy Host-to-Device]
3194783050,630329,52128,,,,,,,,,,456.561,724106.444,Device,,NVIDIA A100-SXM4-40GB MIG 4g.20gb (0),1,,13,[CUDA memset]
3195414403,51167,52133,,,,,,,,,,1.235,24134.511,Pinned,Device,NVIDIA A100-SXM4-40GB MIG 4g.20gb (0),1,,13,[CUDA memcpy Host-to-Device]
3195469154,10304,52134,,,,,,,,,,0.197,19080.610,Pinned,Device,NVIDIA A100-SXM4-40GB MIG 4g.20gb (0),1,,13,[CUDA memcpy Host-to-Device]
3195545825,28512,52135,69,4,1,48,1,1,76,0.002,0.000,,,,,NVIDIA A100-SXM4-40GB MIG 4g.20gb (0),1,,13,"void ch_est::windowedChEstPreNoDftSOfdmKernel<float, __half, float, (unsigned int)2, (unsigned int)1, (unsigned short)4>(ch_est::puschRxChEstStatDescr_t *, ch_est::puschRxChEstDynDescr_t *)"
3195628128,27328,52136,137,2,1,24,2,1,44,0.001,0.001,,,,,NVIDIA A100-SXM4-40GB MIG 4g.20gb (0),1,,13,"void ch_est::chEstFilterNoDftSOfdmDispatchKernel<float, __half, float, (unsigned int)2>(ch_est::puschRxChEstStatDescr_t *, ch_est::puschRxChEstDynDescr_t *)"
3195670656,35680,52137,137,2,1,24,2,1,44,0.001,0.001,,,,,NVIDIA A100-SXM4-40GB MIG 4g.20gb (0),1,,13,"void ch_est::chEstFilterNoDftSOfdmDispatchKernel<float, __half, float, (unsigned int)2>(ch_est::puschRxChEstStatDescr_t *, ch_est::puschRxChEstDynDescr_t *)"
3195748607,6912,52148,103,1,1,128,1,1,16,0.000,0.000,,,,,NVIDIA A100-SXM4-40GB MIG 4g.20gb (0),1,,13,cupy_copy__complex64_complex64
3195792287,24191,52158,1434,1,1,128,1,1,16,0.000,0.000,,,,,NVIDIA A100-SXM4-40GB MIG 4g.20gb (0),1,,13,cupy_copy__complex64_complex64
3195872926,9184,52165,103,1,1,128,1,1,16,0.000,0.000,,,,,NVIDIA A100-SXM4-40GB MIG 4g.20gb (0),1,,13,cupy_copy__complex64_complex64
3195931613,252605,52172,1,1,1,32,32,1,30,0.000,0.000,,,,,NVIDIA A100-SXM4-40GB MIG 4g.20gb (0),1,,13,"void convert_kernel<__half2, float2>(tensor_layout_any, T1 *, tensor_layout_any, const T2 *)"
3196214554,5376,52175,,,,,,,,,,0.094,17428.487,Pinned,Device,NVIDIA A100-SXM4-40GB MIG 4g.20gb (0),1,,13,[CUDA memcpy Host-to-Device]
3196305657,63647,52176,,,,,,,,,,35.810,562609.653,Device,,NVIDIA A100-SXM4-40GB MIG 4g.20gb (0),1,,13,[CUDA memset]
3196374488,1856,52178,,,,,,,,,,0.000,43.103,Pinned,Device,NVIDIA A100-SXM4-40GB MIG 4g.20gb (0),1,,13,[CUDA memcpy Host-to-Device]
3196380472,11168,52179,,,,,,,,,,0.197,17604.477,Pinned,Device,NVIDIA A100-SXM4-40GB MIG 4g.20gb (0),1,,13,[CUDA memcpy Host-to-Device]
3196501142,28384,52180,273,1,1,48,1,1,40,0.000,0.001,,,,,NVIDIA A100-SXM4-40GB MIG 4g.20gb (0),1,,13,"void pusch_noise_intf_est::noiseIntfEstNoDftSOfdmKernel<float, __half, float, float, (unsigned int)2, (unsigned int)1, (unsigned char)4, (unsigned char)4>(pusch_noise_intf_est::puschRxNoiseIntfEstDynDescr)"
3196579670,13727,52191,35,1,1,128,1,1,16,0.000,0.000,,,,,NVIDIA A100-SXM4-40GB MIG 4g.20gb (0),1,,13,cupy_copy__complex64_complex64
3196617941,2560,52200,1,1,1,1,1,1,18,0.000,0.000,,,,,NVIDIA A100-SXM4-40GB MIG 4g.20gb (0),1,,13,cupy_copy__float32_float32
3196624533,1600,52206,,,,,,,,,,0.000,2.500,Device,Pageable,NVIDIA A100-SXM4-40GB MIG 4g.20gb (0),1,,7,[CUDA memcpy Device-to-Host]
3196713716,16448,52217,1434,1,1,128,1,1,16,0.000,0.000,,,,,NVIDIA A100-SXM4-40GB MIG 4g.20gb (0),1,,13,cupy_copy__complex64_complex64
3196781043,5728,52224,103,1,1,128,1,1,16,0.000,0.000,,,,,NVIDIA A100-SXM4-40GB MIG 4g.20gb (0),1,,13,cupy_copy__complex64_complex64
3196855218,7808,52231,35,1,1,128,1,1,16,0.000,0.000,,,,,NVIDIA A100-SXM4-40GB MIG 4g.20gb (0),1,,13,cupy_copy__complex64_complex64
3196903762,10624,52238,1,1,1,1,1,1,18,0.000,0.000,,,,,NVIDIA A100-SXM4-40GB MIG 4g.20gb (0),1,,13,cupy_copy__float32_float32
3197007121,263645,52249,1,1,1,32,32,1,30,0.000,0.000,,,,,NVIDIA A100-SXM4-40GB MIG 4g.20gb (0),1,,13,"void convert_kernel<__half2, float2>(tensor_layout_any, T1 *, tensor_layout_any, const T2 *)"
3197300333,5856,52252,,,,,,,,,,0.094,15999.997,Pinned,Device,NVIDIA A100-SXM4-40GB MIG 4g.20gb (0),1,,13,[CUDA memcpy Host-to-Device]
3197352237,15231,52253,,,,,,,,,,1.547,101543.599,Device,,NVIDIA A100-SXM4-40GB MIG 4g.20gb (0),1,,13,[CUDA memset]
3197374956,4064,52258,,,,,,,,,,0.031,7700.756,Pinned,Device,NVIDIA A100-SXM4-40GB MIG 4g.20gb (0),1,,13,[CUDA memcpy Host-to-Device]
3197382700,11648,52259,,,,,,,,,,0.197,16878.993,Pinned,Device,NVIDIA A100-SXM4-40GB MIG 4g.20gb (0),1,,13,[CUDA memcpy Host-to-Device]
3197455787,24288,52260,273,1,1,8,4,1,39,0.002,0.000,,,,,NVIDIA A100-SXM4-40GB MIG 4g.20gb (0),1,,13,"void channel_eq::eqMmseCoefCompLowMimoKernel<float, float, float, (unsigned int)4, (unsigned int)1, (unsigned int)4>(const channel_eq::_puschRxChEqStatDescr *, channel_eq::_puschRxChEqCoefCompDynDescr)"
3197527435,43359,52261,273,1,1,12,11,1,51,0.002,0.000,,,,,NVIDIA A100-SXM4-40GB MIG 4g.20gb (0),1,,13,"void channel_eq::eqMmseSoftDemapKernel<float, __half, __half, float, (unsigned int)4, (unsigned short)16383>(channel_eq::_puschRxChEqStatDescr *, channel_eq::_puschRxChEqSoftDemapDynDescr)"
3197611402,573593,52262,1,1,1,32,32,1,30,0.000,0.000,,,,,NVIDIA A100-SXM4-40GB MIG 4g.20gb (0),1,,13,"void convert_kernel<float2, __half2>(tensor_layout_any, T1 *, tensor_layout_any, const T2 *)"
3198255874,18816,52274,2253,1,1,128,1,1,16,0.000,0.000,,,,,NVIDIA A100-SXM4-40GB MIG 4g.20gb (0),1,,13,cupy_copy__float16_float16
3198312354,8192,52283,282,1,1,128,1,1,16,0.000,0.000,,,,,NVIDIA A100-SXM4-40GB MIG 4g.20gb (0),1,,13,cupy_copy__complex64_complex64
3198392865,7840,52292,26,1,1,128,1,1,16,0.000,0.000,,,,,NVIDIA A100-SXM4-40GB MIG 4g.20gb (0),1,,13,cupy_copy__float32_float32
3198431200,17696,52301,103,1,1,128,1,1,16,0.000,0.000,,,,,NVIDIA A100-SXM4-40GB MIG 4g.20gb (0),1,,13,cupy_copy__complex64_complex64
3198506719,17216,52311,1434,1,1,128,1,1,16,0.000,0.000,,,,,NVIDIA A100-SXM4-40GB MIG 4g.20gb (0),1,,13,cupy_copy__complex64_complex64
3198558623,230205,52316,1,1,1,32,32,1,30,0.000,0.000,,,,,NVIDIA A100-SXM4-40GB MIG 4g.20gb (0),1,,13,"void convert_kernel<__half2, float2>(tensor_layout_any, T1 *, tensor_layout_any, const T2 *)"
3198818780,5408,52319,,,,,,,,,,0.094,17325.421,Pinned,Device,NVIDIA A100-SXM4-40GB MIG 4g.20gb (0),1,,13,[CUDA memcpy Host-to-Device]
3198885979,631609,52320,,,,,,,,,,456.561,722736.760,Device,,NVIDIA A100-SXM4-40GB MIG 4g.20gb (0),1,,13,[CUDA memset]
3199525492,51359,52325,,,,,,,,,,1.235,24044.360,Pinned,Device,NVIDIA A100-SXM4-40GB MIG 4g.20gb (0),1,,13,[CUDA memcpy Host-to-Device]
3199579283,9856,52326,,,,,,,,,,0.197,19948.044,Pinned,Device,NVIDIA A100-SXM4-40GB MIG 4g.20gb (0),1,,13,[CUDA memcpy Host-to-Device]
3199648018,28832,52327,69,4,1,48,1,1,76,0.002,0.000,,,,,NVIDIA A100-SXM4-40GB MIG 4g.20gb (0),1,,13,"void ch_est::windowedChEstPreNoDftSOfdmKernel<float, __half, float, (unsigned int)2, (unsigned int)1, (unsigned short)4>(ch_est::puschRxChEstStatDescr_t *, ch_est::puschRxChEstDynDescr_t *)"
3199718225,13888,52328,137,2,1,24,2,1,44,0.001,0.001,,,,,NVIDIA A100-SXM4-40GB MIG 4g.20gb (0),1,,13,"void ch_est::chEstFilterNoDftSOfdmDispatchKernel<float, __half, float, (unsigned int)2>(ch_est::puschRxChEstStatDescr_t *, ch_est::puschRxChEstDynDescr_t *)"
3199792753,25151,52329,137,2,1,24,2,1,44,0.001,0.001,,,,,NVIDIA A100-SXM4-40GB MIG 4g.20gb (0),1,,13,"void ch_est::chEstFilterNoDftSOfdmDispatchKernel<float, __half, float, (unsigned int)2>(ch_est::puschRxChEstStatDescr_t *, ch_est::puschRxChEstDynDescr_t *)"
3199848048,7936,52340,103,1,1,128,1,1,16,0.000,0.000,,,,,NVIDIA A100-SXM4-40GB MIG 4g.20gb (0),1,,13,cupy_copy__complex64_complex64
3199910511,17952,52350,1434,1,1,128,1,1,16,0.000,0.000,,,,,NVIDIA A100-SXM4-40GB MIG 4g.20gb (0),1,,13,cupy_copy__complex64_complex64
3199965199,8544,52357,103,1,1,128,1,1,16,0.000,0.000,,,,,NVIDIA A100-SXM4-40GB MIG 4g.20gb (0),1,,13,cupy_copy__complex64_complex64
3200039694,262589,52364,1,1,1,32,32,1,30,0.000,0.000,,,,,NVIDIA A100-SXM4-40GB MIG 4g.20gb (0),1,,13,"void convert_kernel<__half2, float2>(tensor_layout_any, T1 *, tensor_layout_any, const T2 *)"
3200343594,5376,52367,,,,,,,,,,0.094,17428.487,Pinned,Device,NVIDIA A100-SXM4-40GB MIG 4g.20gb (0),1,,13,[CUDA memcpy Host-to-Device]
3200401610,58175,52368,,,,,,,,,,35.810,615536.715,Device,,NVIDIA A100-SXM4-40GB MIG 4g.20gb (0),1,,13,[CUDA memset]
3200465513,1920,52370,,,,,,,,,,0.000,41.667,Pinned,Device,NVIDIA A100-SXM4-40GB MIG 4g.20gb (0),1,,13,[CUDA memcpy Host-to-Device]
3200470953,10176,52371,,,,,,,,,,0.197,19320.668,Pinned,Device,NVIDIA A100-SXM4-40GB MIG 4g.20gb (0),1,,13,[CUDA memcpy Host-to-Device]
3200579112,30879,52372,273,1,1,48,1,1,40,0.000,0.001,,,,,NVIDIA A100-SXM4-40GB MIG 4g.20gb (0),1,,13,"void pusch_noise_intf_est::noiseIntfEstNoDftSOfdmKernel<float, __half, float, float, (unsigned int)2, (unsigned int)1, (unsigned char)4, (unsigned char)4>(pusch_noise_intf_est::puschRxNoiseIntfEstDynDescr)"
3200637351,9856,52383,35,1,1,128,1,1,16,0.000,0.000,,,,,NVIDIA A100-SXM4-40GB MIG 4g.20gb (0),1,,13,cupy_copy__complex64_complex64
3200710470,2656,52392,1,1,1,1,1,1,18,0.000,0.000,,,,,NVIDIA A100-SXM4-40GB MIG 4g.20gb (0),1,,13,cupy_copy__float32_float32
3200720486,1600,52398,,,,,,,,,,0.000,2.500,Device,Pageable,NVIDIA A100-SXM4-40GB MIG 4g.20gb (0),1,,7,[CUDA memcpy Device-to-Host]
3200820421,15552,52409,1434,1,1,128,1,1,16,0.000,0.000,,,,,NVIDIA A100-SXM4-40GB MIG 4g.20gb (0),1,,13,cupy_copy__complex64_complex64
3200889028,6240,52416,103,1,1,128,1,1,16,0.000,0.000,,,,,NVIDIA A100-SXM4-40GB MIG 4g.20gb (0),1,,13,cupy_copy__complex64_complex64
3200968227,6720,52423,35,1,1,128,1,1,16,0.000,0.000,,,,,NVIDIA A100-SXM4-40GB MIG 4g.20gb (0),1,,13,cupy_copy__complex64_complex64
3201013987,3552,52430,1,1,1,1,1,1,18,0.000,0.000,,,,,NVIDIA A100-SXM4-40GB MIG 4g.20gb (0),1,,13,cupy_copy__float32_float32
3201098402,258077,52441,1,1,1,32,32,1,30,0.000,0.000,,,,,NVIDIA A100-SXM4-40GB MIG 4g.20gb (0),1,,13,"void convert_kernel<__half2, float2>(tensor_layout_any, T1 *, tensor_layout_any, const T2 *)"
3201387326,5760,52444,,,,,,,,,,0.094,16266.656,Pinned,Device,NVIDIA A100-SXM4-40GB MIG 4g.20gb (0),1,,13,[CUDA memcpy Host-to-Device]
3201499357,14016,52445,,,,,,,,,,1.547,110346.983,Device,,NVIDIA A100-SXM4-40GB MIG 4g.20gb (0),1,,13,[CUDA memset]
3201516413,3808,52450,,,,,,,,,,0.031,8218.486,Pinned,Device,NVIDIA A100-SXM4-40GB MIG 4g.20gb (0),1,,13,[CUDA memcpy Host-to-Device]
3201523741,11744,52451,,,,,,,,,,0.197,16740.975,Pinned,Device,NVIDIA A100-SXM4-40GB MIG 4g.20gb (0),1,,13,[CUDA memcpy Host-to-Device]
3201609084,30175,52452,273,1,1,8,4,1,39,0.002,0.000,,,,,NVIDIA A100-SXM4-40GB MIG 4g.20gb (0),1,,13,"void channel_eq::eqMmseCoefCompLowMimoKernel<float, float, float, (unsigned int)4, (unsigned int)1, (unsigned int)4>(const channel_eq::_puschRxChEqStatDescr *, channel_eq::_puschRxChEqCoefCompDynDescr)"
3201670779,45023,52453,273,1,1,12,11,1,51,0.002,0.000,,,,,NVIDIA A100-SXM4-40GB MIG 4g.20gb (0),1,,13,"void channel_eq::eqMmseSoftDemapKernel<float, __half, __half, float, (unsigned int)4, (unsigned short)16383>(channel_eq::_puschRxChEqStatDescr *, channel_eq::_puschRxChEqSoftDemapDynDescr)"
3201760762,608345,52454,1,1,1,32,32,1,30,0.000,0.000,,,,,NVIDIA A100-SXM4-40GB MIG 4g.20gb (0),1,,13,"void convert_kernel<float2, __half2>(tensor_layout_any, T1 *, tensor_layout_any, const T2 *)"
3202423570,19040,52466,2253,1,1,128,1,1,16,0.000,0.000,,,,,NVIDIA A100-SXM4-40GB MIG 4g.20gb (0),1,,13,cupy_copy__float16_float16
3202479922,8320,52475,282,1,1,128,1,1,16,0.000,0.000,,,,,NVIDIA A100-SXM4-40GB MIG 4g.20gb (0),1,,13,cupy_copy__complex64_complex64
3202557745,5472,52484,26,1,1,128,1,1,16,0.000,0.000,,,,,NVIDIA A100-SXM4-40GB MIG 4g.20gb (0),1,,13,cupy_copy__float32_float32
3202596464,18016,52493,103,1,1,128,1,1,16,0.000,0.000,,,,,NVIDIA A100-SXM4-40GB MIG 4g.20gb (0),1,,13,cupy_copy__complex64_complex64
3202673615,16160,52503,1434,1,1,128,1,1,16,0.000,0.000,,,,,NVIDIA A100-SXM4-40GB MIG 4g.20gb (0),1,,13,cupy_copy__complex64_complex64
3202725487,243069,52508,1,1,1,32,32,1,30,0.000,0.000,,,,,NVIDIA A100-SXM4-40GB MIG 4g.20gb (0),1,,13,"void convert_kernel<__half2, float2>(tensor_layout_any, T1 *, tensor_layout_any, const T2 *)"
3202997484,5376,52511,,,,,,,,,,0.094,17428.487,Pinned,Device,NVIDIA A100-SXM4-40GB MIG 4g.20gb (0),1,,13,[CUDA memcpy Host-to-Device]
3203047307,623033,52512,,,,,,,,,,456.561,732781.111,Device,,NVIDIA A100-SXM4-40GB MIG 4g.20gb (0),1,,13,[CUDA memset]
3203677796,53343,52517,,,,,,,,,,1.235,23150.260,Pinned,Device,NVIDIA A100-SXM4-40GB MIG 4g.20gb (0),1,,13,[CUDA memcpy Host-to-Device]
3203734147,9568,52518,,,,,,,,,,0.197,20548.485,Pinned,Device,NVIDIA A100-SXM4-40GB MIG 4g.20gb (0),1,,13,[CUDA memcpy Host-to-Device]
3203812322,31328,52519,69,4,1,48,1,1,76,0.002,0.000,,,,,NVIDIA A100-SXM4-40GB MIG 4g.20gb (0),1,,13,"void ch_est::windowedChEstPreNoDftSOfdmKernel<float, __half, float, (unsigned int)2, (unsigned int)1, (unsigned short)4>(ch_est::puschRxChEstStatDescr_t *, ch_est::puschRxChEstDynDescr_t *)"
3203869826,37599,52520,137,2,1,24,2,1,44,0.001,0.001,,,,,NVIDIA A100-SXM4-40GB MIG 4g.20gb (0),1,,13,"void ch_est::chEstFilterNoDftSOfdmDispatchKernel<float, __half, float, (unsigned int)2>(ch_est::puschRxChEstStatDescr_t *, ch_est::puschRxChEstDynDescr_t *)"
3203949793,27935,52521,137,2,1,24,2,1,44,0.001,0.001,,,,,NVIDIA A100-SXM4-40GB MIG 4g.20gb (0),1,,13,"void ch_est::chEstFilterNoDftSOfdmDispatchKernel<float, __half, float, (unsigned int)2>(ch_est::puschRxChEstStatDescr_t *, ch_est::puschRxChEstDynDescr_t *)"
3203988640,7168,52532,103,1,1,128,1,1,16,0.000,0.000,,,,,NVIDIA A100-SXM4-40GB MIG 4g.20gb (0),1,,13,cupy_copy__complex64_complex64
3204066271,16320,52542,1434,1,1,128,1,1,16,0.000,0.000,,,,,NVIDIA A100-SXM4-40GB MIG 4g.20gb (0),1,,13,cupy_copy__complex64_complex64
3204120479,7200,52549,103,1,1,128,1,1,16,0.000,0.000,,,,,NVIDIA A100-SXM4-40GB MIG 4g.20gb (0),1,,13,cupy_copy__complex64_complex64
3204192414,261693,52556,1,1,1,32,32,1,30,0.000,0.000,,,,,NVIDIA A100-SXM4-40GB MIG 4g.20gb (0),1,,13,"void convert_kernel<__half2, float2>(tensor_layout_any, T1 *, tensor_layout_any, const T2 *)"
3204485595,5376,52559,,,,,,,,,,0.094,17428.487,Pinned,Device,NVIDIA A100-SXM4-40GB MIG 4g.20gb (0),1,,13,[CUDA memcpy Host-to-Device]
3204558202,56127,52560,,,,,,,,,,35.810,637989.535,Device,,NVIDIA A100-SXM4-40GB MIG 4g.20gb (0),1,,13,[CUDA memset]
3204621881,1824,52562,,,,,,,,,,0.000,43.860,Pinned,Device,NVIDIA A100-SXM4-40GB MIG 4g.20gb (0),1,,13,[CUDA memcpy Host-to-Device]
3204626137,12320,52563,,,,,,,,,,0.197,15958.278,Pinned,Device,NVIDIA A100-SXM4-40GB MIG 4g.20gb (0),1,,13,[CUDA memcpy Host-to-Device]
3204752920,30527,52564,273,1,1,48,1,1,40,0.000,0.001,,,,,NVIDIA A100-SXM4-40GB MIG 4g.20gb (0),1,,13,"void pusch_noise_intf_est::noiseIntfEstNoDftSOfdmKernel<float, __half, float, float, (unsigned int)2, (unsigned int)1, (unsigned char)4, (unsigned char)4>(pusch_noise_intf_est::puschRxNoiseIntfEstDynDescr)"
3204794199,4832,52575,35,1,1,128,1,1,16,0.000,0.000,,,,,NVIDIA A100-SXM4-40GB MIG 4g.20gb (0),1,,13,cupy_copy__complex64_complex64
3204872310,4928,52584,1,1,1,1,1,1,18,0.000,0.000,,,,,NVIDIA A100-SXM4-40GB MIG 4g.20gb (0),1,,13,cupy_copy__float32_float32
3204885078,1984,52590,,,,,,,,,,0.000,2.016,Device,Pageable,NVIDIA A100-SXM4-40GB MIG 4g.20gb (0),1,,7,[CUDA memcpy Device-to-Host]
3204999541,19776,52601,1434,1,1,128,1,1,16,0.000,0.000,,,,,NVIDIA A100-SXM4-40GB MIG 4g.20gb (0),1,,13,cupy_copy__complex64_complex64
3205062516,6624,52608,103,1,1,128,1,1,16,0.000,0.000,,,,,NVIDIA A100-SXM4-40GB MIG 4g.20gb (0),1,,13,cupy_copy__complex64_complex64
3205135987,7936,52615,35,1,1,128,1,1,16,0.000,0.000,,,,,NVIDIA A100-SXM4-40GB MIG 4g.20gb (0),1,,13,cupy_copy__complex64_complex64
3205191379,2943,52622,1,1,1,1,1,1,18,0.000,0.000,,,,,NVIDIA A100-SXM4-40GB MIG 4g.20gb (0),1,,13,cupy_copy__float32_float32
3205290385,248990,52633,1,1,1,32,32,1,30,0.000,0.000,,,,,NVIDIA A100-SXM4-40GB MIG 4g.20gb (0),1,,13,"void convert_kernel<__half2, float2>(tensor_layout_any, T1 *, tensor_layout_any, const T2 *)"
3205569518,5408,52636,,,,,,,,,,0.094,17325.421,Pinned,Device,NVIDIA A100-SXM4-40GB MIG 4g.20gb (0),1,,13,[CUDA memcpy Host-to-Device]
3205630829,15296,52637,,,,,,,,,,1.547,101112.091,Device,,NVIDIA A100-SXM4-40GB MIG 4g.20gb (0),1,,13,[CUDA memset]
3205652589,3072,52642,,,,,,,,,,0.031,10187.474,Pinned,Device,NVIDIA A100-SXM4-40GB MIG 4g.20gb (0),1,,13,[CUDA memcpy Host-to-Device]
3205659117,9408,52643,,,,,,,,,,0.197,20897.858,Pinned,Device,NVIDIA A100-SXM4-40GB MIG 4g.20gb (0),1,,13,[CUDA memcpy Host-to-Device]
3205732780,26592,52644,273,1,1,8,4,1,39,0.002,0.000,,,,,NVIDIA A100-SXM4-40GB MIG 4g.20gb (0),1,,13,"void channel_eq::eqMmseCoefCompLowMimoKernel<float, float, float, (unsigned int)4, (unsigned int)1, (unsigned int)4>(const channel_eq::_puschRxChEqStatDescr *, channel_eq::_puschRxChEqCoefCompDynDescr)"
3205802859,42944,52645,273,1,1,12,11,1,51,0.002,0.000,,,,,NVIDIA A100-SXM4-40GB MIG 4g.20gb (0),1,,13,"void channel_eq::eqMmseSoftDemapKernel<float, __half, __half, float, (unsigned int)4, (unsigned short)16383>(channel_eq::_puschRxChEqStatDescr *, channel_eq::_puschRxChEqSoftDemapDynDescr)"
3205887275,588953,52646,1,1,1,32,32,1,30,0.000,0.000,,,,,NVIDIA A100-SXM4-40GB MIG 4g.20gb (0),1,,13,"void convert_kernel<float2, __half2>(tensor_layout_any, T1 *, tensor_layout_any, const T2 *)"
3206524771,16256,52658,2253,1,1,128,1,1,16,0.000,0.000,,,,,NVIDIA A100-SXM4-40GB MIG 4g.20gb (0),1,,13,cupy_copy__float16_float16
3206582243,8287,52667,282,1,1,128,1,1,16,0.000,0.000,,,,,NVIDIA A100-SXM4-40GB MIG 4g.20gb (0),1,,13,cupy_copy__complex64_complex64
3206658786,7840,52676,26,1,1,128,1,1,16,0.000,0.000,,,,,NVIDIA A100-SXM4-40GB MIG 4g.20gb (0),1,,13,cupy_copy__float32_float32
3206697697,21856,52685,103,1,1,128,1,1,16,0.000,0.000,,,,,NVIDIA A100-SXM4-40GB MIG 4g.20gb (0),1,,13,cupy_copy__complex64_complex64
3206775744,18624,52695,1434,1,1,128,1,1,16,0.000,0.000,,,,,NVIDIA A100-SXM4-40GB MIG 4g.20gb (0),1,,13,cupy_copy__complex64_complex64
3206825440,245053,52700,1,1,1,32,32,1,30,0.000,0.000,,,,,NVIDIA A100-SXM4-40GB MIG 4g.20gb (0),1,,13,"void convert_kernel<__half2, float2>(tensor_layout_any, T1 *, tensor_layout_any, const T2 *)"
3207103869,5375,52703,,,,,,,,,,0.094,17431.766,Pinned,Device,NVIDIA A100-SXM4-40GB MIG 4g.20gb (0),1,,13,[CUDA memcpy Host-to-Device]
3207147932,622905,52704,,,,,,,,,,456.561,732781.111,Device,,NVIDIA A100-SXM4-40GB MIG 4g.20gb (0),1,,13,[CUDA memset]
3207776629,51167,52709,,,,,,,,,,1.235,24134.511,Pinned,Device,NVIDIA A100-SXM4-40GB MIG 4g.20gb (0),1,,13,[CUDA memcpy Host-to-Device]
3207830772,9344,52710,,,,,,,,,,0.197,21040.988,Pinned,Device,NVIDIA A100-SXM4-40GB MIG 4g.20gb (0),1,,13,[CUDA memcpy Host-to-Device]
3207904051,28224,52711,69,4,1,48,1,1,76,0.002,0.000,,,,,NVIDIA A100-SXM4-40GB MIG 4g.20gb (0),1,,13,"void ch_est::windowedChEstPreNoDftSOfdmKernel<float, __half, float, (unsigned int)2, (unsigned int)1, (unsigned short)4>(ch_est::puschRxChEstStatDescr_t *, ch_est::puschRxChEstDynDescr_t *)"
3207978994,32192,52712,137,2,1,24,2,1,44,0.001,0.001,,,,,NVIDIA A100-SXM4-40GB MIG 4g.20gb (0),1,,13,"void ch_est::chEstFilterNoDftSOfdmDispatchKernel<float, __half, float, (unsigned int)2>(ch_est::puschRxChEstStatDescr_t *, ch_est::puschRxChEstDynDescr_t *)"
3208055794,30367,52713,137,2,1,24,2,1,44,0.001,0.001,,,,,NVIDIA A100-SXM4-40GB MIG 4g.20gb (0),1,,13,"void ch_est::chEstFilterNoDftSOfdmDispatchKernel<float, __half, float, (unsigned int)2>(ch_est::puschRxChEstStatDescr_t *, ch_est::puschRxChEstDynDescr_t *)"
3208101137,6752,52724,103,1,1,128,1,1,16,0.000,0.000,,,,,NVIDIA A100-SXM4-40GB MIG 4g.20gb (0),1,,13,cupy_copy__complex64_complex64
3208179568,15744,52734,1434,1,1,128,1,1,16,0.000,0.000,,,,,NVIDIA A100-SXM4-40GB MIG 4g.20gb (0),1,,13,cupy_copy__complex64_complex64
3208229712,6592,52741,103,1,1,128,1,1,16,0.000,0.000,,,,,NVIDIA A100-SXM4-40GB MIG 4g.20gb (0),1,,13,cupy_copy__complex64_complex64
3208301903,259357,52748,1,1,1,32,32,1,30,0.000,0.000,,,,,NVIDIA A100-SXM4-40GB MIG 4g.20gb (0),1,,13,"void convert_kernel<__half2, float2>(tensor_layout_any, T1 *, tensor_layout_any, const T2 *)"
3208590827,5408,52751,,,,,,,,,,0.094,17325.421,Pinned,Device,NVIDIA A100-SXM4-40GB MIG 4g.20gb (0),1,,13,[CUDA memcpy Host-to-Device]
3208654827,55615,52752,,,,,,,,,,35.810,643862.362,Device,,NVIDIA A100-SXM4-40GB MIG 4g.20gb (0),1,,13,[CUDA memset]
3208718858,2240,52754,,,,,,,,,,0.000,35.714,Pinned,Device,NVIDIA A100-SXM4-40GB MIG 4g.20gb (0),1,,13,[CUDA memcpy Host-to-Device]
3208724522,10208,52755,,,,,,,,,,0.197,19260.113,Pinned,Device,NVIDIA A100-SXM4-40GB MIG 4g.20gb (0),1,,13,[CUDA memcpy Host-to-Device]
3208832521,33695,52756,273,1,1,48,1,1,40,0.000,0.001,,,,,NVIDIA A100-SXM4-40GB MIG 4g.20gb (0),1,,13,"void pusch_noise_intf_est::noiseIntfEstNoDftSOfdmKernel<float, __half, float, float, (unsigned int)2, (unsigned int)1, (unsigned char)4, (unsigned char)4>(pusch_noise_intf_est::puschRxNoiseIntfEstDynDescr)"
3208907336,3904,52767,35,1,1,128,1,1,16,0.000,0.000,,,,,NVIDIA A100-SXM4-40GB MIG 4g.20gb (0),1,,13,cupy_copy__complex64_complex64
3209006119,2784,52776,1,1,1,1,1,1,18,0.000,0.000,,,,,NVIDIA A100-SXM4-40GB MIG 4g.20gb (0),1,,13,cupy_copy__float32_float32
3209013767,1888,52782,,,,,,,,,,0.000,2.119,Device,Pageable,NVIDIA A100-SXM4-40GB MIG 4g.20gb (0),1,,7,[CUDA memcpy Device-to-Host]
3209162213,16736,52793,1434,1,1,128,1,1,16,0.000,0.000,,,,,NVIDIA A100-SXM4-40GB MIG 4g.20gb (0),1,,13,cupy_copy__complex64_complex64
3209214596,6784,52800,103,1,1,128,1,1,16,0.000,0.000,,,,,NVIDIA A100-SXM4-40GB MIG 4g.20gb (0),1,,13,cupy_copy__complex64_complex64
3209286787,7424,52807,35,1,1,128,1,1,16,0.000,0.000,,,,,NVIDIA A100-SXM4-40GB MIG 4g.20gb (0),1,,13,cupy_copy__complex64_complex64
3209340387,4416,52814,1,1,1,1,1,1,18,0.000,0.000,,,,,NVIDIA A100-SXM4-40GB MIG 4g.20gb (0),1,,13,cupy_copy__float32_float32
3209442562,262333,52825,1,1,1,32,32,1,30,0.000,0.000,,,,,NVIDIA A100-SXM4-40GB MIG 4g.20gb (0),1,,13,"void convert_kernel<__half2, float2>(tensor_layout_any, T1 *, tensor_layout_any, const T2 *)"
3209734814,5376,52828,,,,,,,,,,0.094,17428.487,Pinned,Device,NVIDIA A100-SXM4-40GB MIG 4g.20gb (0),1,,13,[CUDA memcpy Host-to-Device]
3209774558,10304,52829,,,,,,,,,,1.547,150098.313,Device,,NVIDIA A100-SXM4-40GB MIG 4g.20gb (0),1,,13,[CUDA memset]
3209790654,3008,52834,,,,,,,,,,0.031,10404.230,Pinned,Device,NVIDIA A100-SXM4-40GB MIG 4g.20gb (0),1,,13,[CUDA memcpy Host-to-Device]
3209796094,9567,52835,,,,,,,,,,0.197,20550.451,Pinned,Device,NVIDIA A100-SXM4-40GB MIG 4g.20gb (0),1,,13,[CUDA memcpy Host-to-Device]
3209866589,31487,52836,273,1,1,8,4,1,39,0.002,0.000,,,,,NVIDIA A100-SXM4-40GB MIG 4g.20gb (0),1,,13,"void channel_eq::eqMmseCoefCompLowMimoKernel<float, float, float, (unsigned int)4, (unsigned int)1, (unsigned int)4>(const channel_eq::_puschRxChEqStatDescr *, channel_eq::_puschRxChEqCoefCompDynDescr)"
3209934620,42784,52837,273,1,1,12,11,1,51,0.002,0.000,,,,,NVIDIA A100-SXM4-40GB MIG 4g.20gb (0),1,,13,"void channel_eq::eqMmseSoftDemapKernel<float, __half, __half, float, (unsigned int)4, (unsigned short)16383>(channel_eq::_puschRxChEqStatDescr *, channel_eq::_puschRxChEqSoftDemapDynDescr)"
3210022491,607769,52838,1,1,1,32,32,1,30,0.000,0.000,,,,,NVIDIA A100-SXM4-40GB MIG 4g.20gb (0),1,,13,"void convert_kernel<float2, __half2>(tensor_layout_any, T1 *, tensor_layout_any, const T2 *)"
3210672500,18751,52850,2253,1,1,128,1,1,16,0.000,0.000,,,,,NVIDIA A100-SXM4-40GB MIG 4g.20gb (0),1,,13,cupy_copy__float16_float16
3210728339,8544,52859,282,1,1,128,1,1,16,0.000,0.000,,,,,NVIDIA A100-SXM4-40GB MIG 4g.20gb (0),1,,13,cupy_copy__complex64_complex64
3210802034,4512,52868,26,1,1,128,1,1,16,0.000,0.000,,,,,NVIDIA A100-SXM4-40GB MIG 4g.20gb (0),1,,13,cupy_copy__float32_float32
3210841490,20159,52877,103,1,1,128,1,1,16,0.000,0.000,,,,,NVIDIA A100-SXM4-40GB MIG 4g.20gb (0),1,,13,cupy_copy__complex64_complex64
3210916881,16128,52887,1434,1,1,128,1,1,16,0.000,0.000,,,,,NVIDIA A100-SXM4-40GB MIG 4g.20gb (0),1,,13,cupy_copy__complex64_complex64
3210966896,235485,52892,1,1,1,32,32,1,30,0.000,0.000,,,,,NVIDIA A100-SXM4-40GB MIG 4g.20gb (0),1,,13,"void convert_kernel<__half2, float2>(tensor_layout_any, T1 *, tensor_layout_any, const T2 *)"
3211234253,5376,52895,,,,,,,,,,0.094,17428.487,Pinned,Device,NVIDIA A100-SXM4-40GB MIG 4g.20gb (0),1,,13,[CUDA memcpy Host-to-Device]
3211279853,625048,52896,,,,,,,,,,456.561,730041.743,Device,,NVIDIA A100-SXM4-40GB MIG 4g.20gb (0),1,,13,[CUDA memset]
3211907973,50784,52901,,,,,,,,,,1.235,24317.282,Pinned,Device,NVIDIA A100-SXM4-40GB MIG 4g.20gb (0),1,,13,[CUDA memcpy Host-to-Device]
3211961253,9888,52902,,,,,,,,,,0.197,19883.360,Pinned,Device,NVIDIA A100-SXM4-40GB MIG 4g.20gb (0),1,,13,[CUDA memcpy Host-to-Device]
3212034116,28928,52903,69,4,1,48,1,1,76,0.002,0.000,,,,,NVIDIA A100-SXM4-40GB MIG 4g.20gb (0),1,,13,"void ch_est::windowedChEstPreNoDftSOfdmKernel<float, __half, float, (unsigned int)2, (unsigned int)1, (unsigned short)4>(ch_est::puschRxChEstStatDescr_t *, ch_est::puschRxChEstDynDescr_t *)"
3212099811,11392,52904,137,2,1,24,2,1,44,0.001,0.001,,,,,NVIDIA A100-SXM4-40GB MIG 4g.20gb (0),1,,13,"void ch_est::chEstFilterNoDftSOfdmDispatchKernel<float, __half, float, (unsigned int)2>(ch_est::puschRxChEstStatDescr_t *, ch_est::puschRxChEstDynDescr_t *)"
3212180450,26560,52905,137,2,1,24,2,1,44,0.001,0.001,,,,,NVIDIA A100-SXM4-40GB MIG 4g.20gb (0),1,,13,"void ch_est::chEstFilterNoDftSOfdmDispatchKernel<float, __half, float, (unsigned int)2>(ch_est::puschRxChEstStatDescr_t *, ch_est::puschRxChEstDynDescr_t *)"
3212221698,6624,52916,103,1,1,128,1,1,16,0.000,0.000,,,,,NVIDIA A100-SXM4-40GB MIG 4g.20gb (0),1,,13,cupy_copy__complex64_complex64
3212299009,15712,52926,1434,1,1,128,1,1,16,0.000,0.000,,,,,NVIDIA A100-SXM4-40GB MIG 4g.20gb (0),1,,13,cupy_copy__complex64_complex64
3212349056,7328,52933,103,1,1,128,1,1,16,0.000,0.000,,,,,NVIDIA A100-SXM4-40GB MIG 4g.20gb (0),1,,13,cupy_copy__complex64_complex64
3212424511,254717,52940,1,1,1,32,32,1,30,0.000,0.000,,,,,NVIDIA A100-SXM4-40GB MIG 4g.20gb (0),1,,13,"void convert_kernel<__half2, float2>(tensor_layout_any, T1 *, tensor_layout_any, const T2 *)"
3212708796,6048,52943,,,,,,,,,,0.094,15491.978,Pinned,Device,NVIDIA A100-SXM4-40GB MIG 4g.20gb (0),1,,13,[CUDA memcpy Host-to-Device]
3212791451,58239,52944,,,,,,,,,,35.810,614856.326,Device,,NVIDIA A100-SXM4-40GB MIG 4g.20gb (0),1,,13,[CUDA memset]
3212850906,1856,52946,,,,,,,,,,0.000,43.103,Pinned,Device,NVIDIA A100-SXM4-40GB MIG 4g.20gb (0),1,,13,[CUDA memcpy Host-to-Device]
3212855162,9344,52947,,,,,,,,,,0.197,21040.988,Pinned,Device,NVIDIA A100-SXM4-40GB MIG 4g.20gb (0),1,,13,[CUDA memcpy Host-to-Device]
3212981657,26304,52948,273,1,1,48,1,1,40,0.000,0.001,,,,,NVIDIA A100-SXM4-40GB MIG 4g.20gb (0),1,,13,"void pusch_noise_intf_est::noiseIntfEstNoDftSOfdmKernel<float, __half, float, float, (unsigned int)2, (unsigned int)1, (unsigned char)4, (unsigned char)4>(pusch_noise_intf_est::puschRxNoiseIntfEstDynDescr)"
3213020409,8927,52959,35,1,1,128,1,1,16,0.000,0.000,,,,,NVIDIA A100-SXM4-40GB MIG 4g.20gb (0),1,,13,cupy_copy__complex64_complex64
3213095512,4224,52968,1,1,1,1,1,1,18,0.000,0.000,,,,,NVIDIA A100-SXM4-40GB MIG 4g.20gb (0),1,,13,cupy_copy__float32_float32
3213101560,1600,52974,,,,,,,,,,0.000,2.500,Device,Pageable,NVIDIA A100-SXM4-40GB MIG 4g.20gb (0),1,,7,[CUDA memcpy Device-to-Host]
3213199382,17536,52985,1434,1,1,128,1,1,16,0.000,0.000,,,,,NVIDIA A100-SXM4-40GB MIG 4g.20gb (0),1,,13,cupy_copy__complex64_complex64
3213259606,8416,52992,103,1,1,128,1,1,16,0.000,0.000,,,,,NVIDIA A100-SXM4-40GB MIG 4g.20gb (0),1,,13,cupy_copy__complex64_complex64
3213340053,8608,52999,35,1,1,128,1,1,16,0.000,0.000,,,,,NVIDIA A100-SXM4-40GB MIG 4g.20gb (0),1,,13,cupy_copy__complex64_complex64
3213386420,4768,53006,1,1,1,1,1,1,18,0.000,0.000,,,,,NVIDIA A100-SXM4-40GB MIG 4g.20gb (0),1,,13,cupy_copy__float32_float32
3213492979,258109,53017,1,1,1,32,32,1,30,0.000,0.000,,,,,NVIDIA A100-SXM4-40GB MIG 4g.20gb (0),1,,13,"void convert_kernel<__half2, float2>(tensor_layout_any, T1 *, tensor_layout_any, const T2 *)"
3213781040,5760,53020,,,,,,,,,,0.094,16266.656,Pinned,Device,NVIDIA A100-SXM4-40GB MIG 4g.20gb (0),1,,13,[CUDA memcpy Host-to-Device]
3213840079,12096,53021,,,,,,,,,,1.547,127860.953,Device,,NVIDIA A100-SXM4-40GB MIG 4g.20gb (0),1,,13,[CUDA memset]
3213854767,3840,53026,,,,,,,,,,0.031,8149.979,Pinned,Device,NVIDIA A100-SXM4-40GB MIG 4g.20gb (0),1,,13,[CUDA memcpy Host-to-Device]
3213861391,9408,53027,,,,,,,,,,0.197,20897.858,Pinned,Device,NVIDIA A100-SXM4-40GB MIG 4g.20gb (0),1,,13,[CUDA memcpy Host-to-Device]
3213939534,31264,53028,273,1,1,8,4,1,39,0.002,0.000,,,,,NVIDIA A100-SXM4-40GB MIG 4g.20gb (0),1,,13,"void channel_eq::eqMmseCoefCompLowMimoKernel<float, float, float, (unsigned int)4, (unsigned int)1, (unsigned int)4>(const channel_eq::_puschRxChEqStatDescr *, channel_eq::_puschRxChEqCoefCompDynDescr)"
3214003853,44704,53029,273,1,1,12,11,1,51,0.002,0.000,,,,,NVIDIA A100-SXM4-40GB MIG 4g.20gb (0),1,,13,"void channel_eq::eqMmseSoftDemapKernel<float, __half, __half, float, (unsigned int)4, (unsigned short)16383>(channel_eq::_puschRxChEqStatDescr *, channel_eq::_puschRxChEqSoftDemapDynDescr)"
3214091500,591225,53030,1,1,1,32,32,1,30,0.000,0.000,,,,,NVIDIA A100-SXM4-40GB MIG 4g.20gb (0),1,,13,"void convert_kernel<float2, __half2>(tensor_layout_any, T1 *, tensor_layout_any, const T2 *)"
3214738949,19168,53042,2253,1,1,128,1,1,16,0.000,0.000,,,,,NVIDIA A100-SXM4-40GB MIG 4g.20gb (0),1,,13,cupy_copy__float16_float16
3214792196,7040,53051,282,1,1,128,1,1,16,0.000,0.000,,,,,NVIDIA A100-SXM4-40GB MIG 4g.20gb (0),1,,13,cupy_copy__complex64_complex64
3214864067,5248,53060,26,1,1,128,1,1,16,0.000,0.000,,,,,NVIDIA A100-SXM4-40GB MIG 4g.20gb (0),1,,13,cupy_copy__float32_float32
3214905571,12224,53069,103,1,1,128,1,1,16,0.000,0.000,,,,,NVIDIA A100-SXM4-40GB MIG 4g.20gb (0),1,,13,cupy_copy__complex64_complex64
3214984418,16928,53079,1434,1,1,128,1,1,16,0.000,0.000,,,,,NVIDIA A100-SXM4-40GB MIG 4g.20gb (0),1,,13,cupy_copy__complex64_complex64
3215035553,247806,53084,1,1,1,32,32,1,30,0.000,0.000,,,,,NVIDIA A100-SXM4-40GB MIG 4g.20gb (0),1,,13,"void convert_kernel<__half2, float2>(tensor_layout_any, T1 *, tensor_layout_any, const T2 *)"
3215313598,5600,53087,,,,,,,,,,0.094,16731.388,Pinned,Device,NVIDIA A100-SXM4-40GB MIG 4g.20gb (0),1,,13,[CUDA memcpy Host-to-Device]
3215384253,630809,53088,,,,,,,,,,456.561,723649.882,Device,,NVIDIA A100-SXM4-40GB MIG 4g.20gb (0),1,,13,[CUDA memset]
3216018294,50463,53093,,,,,,,,,,1.235,24471.650,Pinned,Device,NVIDIA A100-SXM4-40GB MIG 4g.20gb (0),1,,13,[CUDA memcpy Host-to-Device]
3216071189,10400,53094,,,,,,,,,,0.197,18904.449,Pinned,Device,NVIDIA A100-SXM4-40GB MIG 4g.20gb (0),1,,13,[CUDA memcpy Host-to-Device]
3216147541,15583,53095,69,4,1,48,1,1,76,0.002,0.000,,,,,NVIDIA A100-SXM4-40GB MIG 4g.20gb (0),1,,13,"void ch_est::windowedChEstPreNoDftSOfdmKernel<float, __half, float, (unsigned int)2, (unsigned int)1, (unsigned short)4>(ch_est::puschRxChEstStatDescr_t *, ch_est::puschRxChEstDynDescr_t *)"
3216228948,28319,53096,137,2,1,24,2,1,44,0.001,0.001,,,,,NVIDIA A100-SXM4-40GB MIG 4g.20gb (0),1,,13,"void ch_est::chEstFilterNoDftSOfdmDispatchKernel<float, __half, float, (unsigned int)2>(ch_est::puschRxChEstStatDescr_t *, ch_est::puschRxChEstDynDescr_t *)"
3216269907,35456,53097,137,2,1,24,2,1,44,0.001,0.001,,,,,NVIDIA A100-SXM4-40GB MIG 4g.20gb (0),1,,13,"void ch_est::chEstFilterNoDftSOfdmDispatchKernel<float, __half, float, (unsigned int)2>(ch_est::puschRxChEstStatDescr_t *, ch_est::puschRxChEstDynDescr_t *)"
3216346642,6496,53108,103,1,1,128,1,1,16,0.000,0.000,,,,,NVIDIA A100-SXM4-40GB MIG 4g.20gb (0),1,,13,cupy_copy__complex64_complex64
3216392658,26239,53118,1434,1,1,128,1,1,16,0.000,0.000,,,,,NVIDIA A100-SXM4-40GB MIG 4g.20gb (0),1,,13,cupy_copy__complex64_complex64
3216473553,12544,53125,103,1,1,128,1,1,16,0.000,0.000,,,,,NVIDIA A100-SXM4-40GB MIG 4g.20gb (0),1,,13,cupy_copy__complex64_complex64
3216529808,258205,53132,1,1,1,32,32,1,30,0.000,0.000,,,,,NVIDIA A100-SXM4-40GB MIG 4g.20gb (0),1,,13,"void convert_kernel<__half2, float2>(tensor_layout_any, T1 *, tensor_layout_any, const T2 *)"
3216818157,5760,53135,,,,,,,,,,0.094,16266.656,Pinned,Device,NVIDIA A100-SXM4-40GB MIG 4g.20gb (0),1,,13,[CUDA memcpy Host-to-Device]
3216897740,65023,53136,,,,,,,,,,35.810,550720.760,Device,,NVIDIA A100-SXM4-40GB MIG 4g.20gb (0),1,,13,[CUDA memset]
3216964715,1920,53138,,,,,,,,,,0.000,41.667,Pinned,Device,NVIDIA A100-SXM4-40GB MIG 4g.20gb (0),1,,13,[CUDA memcpy Host-to-Device]
3216969419,9536,53139,,,,,,,,,,0.197,20617.298,Pinned,Device,NVIDIA A100-SXM4-40GB MIG 4g.20gb (0),1,,13,[CUDA memcpy Host-to-Device]
3217085898,26687,53140,273,1,1,48,1,1,40,0.000,0.001,,,,,NVIDIA A100-SXM4-40GB MIG 4g.20gb (0),1,,13,"void pusch_noise_intf_est::noiseIntfEstNoDftSOfdmKernel<float, __half, float, float, (unsigned int)2, (unsigned int)1, (unsigned char)4, (unsigned char)4>(pusch_noise_intf_est::puschRxNoiseIntfEstDynDescr)"
3217165641,8576,53151,35,1,1,128,1,1,16,0.000,0.000,,,,,NVIDIA A100-SXM4-40GB MIG 4g.20gb (0),1,,13,cupy_copy__complex64_complex64
3217197129,2783,53160,1,1,1,1,1,1,18,0.000,0.000,,,,,NVIDIA A100-SXM4-40GB MIG 4g.20gb (0),1,,13,cupy_copy__float32_float32
3217203304,1728,53166,,,,,,,,,,0.000,2.315,Device,Pageable,NVIDIA A100-SXM4-40GB MIG 4g.20gb (0),1,,7,[CUDA memcpy Device-to-Host]
3217283464,16095,53177,1434,1,1,128,1,1,16,0.000,0.000,,,,,NVIDIA A100-SXM4-40GB MIG 4g.20gb (0),1,,13,cupy_copy__complex64_complex64
3217333095,8224,53184,103,1,1,128,1,1,16,0.000,0.000,,,,,NVIDIA A100-SXM4-40GB MIG 4g.20gb (0),1,,13,cupy_copy__complex64_complex64
3217407878,9856,53191,35,1,1,128,1,1,16,0.000,0.000,,,,,NVIDIA A100-SXM4-40GB MIG 4g.20gb (0),1,,13,cupy_copy__complex64_complex64
3217457350,4159,53198,1,1,1,1,1,1,18,0.000,0.000,,,,,NVIDIA A100-SXM4-40GB MIG 4g.20gb (0),1,,13,cupy_copy__float32_float32
3217559524,256029,53209,1,1,1,32,32,1,30,0.000,0.000,,,,,NVIDIA A100-SXM4-40GB MIG 4g.20gb (0),1,,13,"void convert_kernel<__half2, float2>(tensor_layout_any, T1 *, tensor_layout_any, const T2 *)"
3217844737,5984,53212,,,,,,,,,,0.094,15657.726,Pinned,Device,NVIDIA A100-SXM4-40GB MIG 4g.20gb (0),1,,13,[CUDA memcpy Host-to-Device]
3217909088,11776,53213,,,,,,,,,,1.547,131336.217,Device,,NVIDIA A100-SXM4-40GB MIG 4g.20gb (0),1,,13,[CUDA memset]
3217923040,3040,53218,,,,,,,,,,0.031,10294.725,Pinned,Device,NVIDIA A100-SXM4-40GB MIG 4g.20gb (0),1,,13,[CUDA memcpy Host-to-Device]
3217928512,9920,53219,,,,,,,,,,0.197,19819.266,Pinned,Device,NVIDIA A100-SXM4-40GB MIG 4g.20gb (0),1,,13,[CUDA memcpy Host-to-Device]
3218008639,26976,53220,273,1,1,8,4,1,39,0.002,0.000,,,,,NVIDIA A100-SXM4-40GB MIG 4g.20gb (0),1,,13,"void channel_eq::eqMmseCoefCompLowMimoKernel<float, float, float, (unsigned int)4, (unsigned int)1, (unsigned int)4>(const channel_eq::_puschRxChEqStatDescr *, channel_eq::_puschRxChEqCoefCompDynDescr)"
3218076382,45920,53221,273,1,1,12,11,1,51,0.002,0.000,,,,,NVIDIA A100-SXM4-40GB MIG 4g.20gb (0),1,,13,"void channel_eq::eqMmseSoftDemapKernel<float, __half, __half, float, (unsigned int)4, (unsigned short)16383>(channel_eq::_puschRxChEqStatDescr *, channel_eq::_puschRxChEqSoftDemapDynDescr)"
3218164477,624825,53222,1,1,1,32,32,1,30,0.000,0.000,,,,,NVIDIA A100-SXM4-40GB MIG 4g.20gb (0),1,,13,"void convert_kernel<float2, __half2>(tensor_layout_any, T1 *, tensor_layout_any, const T2 *)"
3218829366,17664,53234,2253,1,1,128,1,1,16,0.000,0.000,,,,,NVIDIA A100-SXM4-40GB MIG 4g.20gb (0),1,,13,cupy_copy__float16_float16
3218884501,8224,53243,282,1,1,128,1,1,16,0.000,0.000,,,,,NVIDIA A100-SXM4-40GB MIG 4g.20gb (0),1,,13,cupy_copy__complex64_complex64
3218961716,5728,53252,26,1,1,128,1,1,16,0.000,0.000,,,,,NVIDIA A100-SXM4-40GB MIG 4g.20gb (0),1,,13,cupy_copy__float32_float32
3219003604,21632,53261,103,1,1,128,1,1,16,0.000,0.000,,,,,NVIDIA A100-SXM4-40GB MIG 4g.20gb (0),1,,13,cupy_copy__complex64_complex64
3219081171,17792,53271,1434,1,1,128,1,1,16,0.000,0.000,,,,,NVIDIA A100-SXM4-40GB MIG 4g.20gb (0),1,,13,cupy_copy__complex64_complex64
3219132722,236670,53276,1,1,1,32,32,1,30,0.000,0.000,,,,,NVIDIA A100-SXM4-40GB MIG 4g.20gb (0),1,,13,"void convert_kernel<__half2, float2>(tensor_layout_any, T1 *, tensor_layout_any, const T2 *)"
3219399247,5568,53279,,,,,,,,,,0.094,16827.521,Pinned,Device,NVIDIA A100-SXM4-40GB MIG 4g.20gb (0),1,,13,[CUDA memcpy Host-to-Device]
3219447343,624760,53280,,,,,,,,,,456.561,730498.304,Device,,NVIDIA A100-SXM4-40GB MIG 4g.20gb (0),1,,13,[CUDA memset]
3220073895,50848,53285,,,,,,,,,,1.235,24286.409,Pinned,Device,NVIDIA A100-SXM4-40GB MIG 4g.20gb (0),1,,13,[CUDA memcpy Host-to-Device]
3220127431,9856,53286,,,,,,,,,,0.197,19948.044,Pinned,Device,NVIDIA A100-SXM4-40GB MIG 4g.20gb (0),1,,13,[CUDA memcpy Host-to-Device]
3220204486,29472,53287,69,4,1,48,1,1,76,0.002,0.000,,,,,NVIDIA A100-SXM4-40GB MIG 4g.20gb (0),1,,13,"void ch_est::windowedChEstPreNoDftSOfdmKernel<float, __half, float, (unsigned int)2, (unsigned int)1, (unsigned short)4>(ch_est::puschRxChEstStatDescr_t *, ch_est::puschRxChEstDynDescr_t *)"
3220272069,12448,53288,137,2,1,24,2,1,44,0.001,0.001,,,,,NVIDIA A100-SXM4-40GB MIG 4g.20gb (0),1,,13,"void ch_est::chEstFilterNoDftSOfdmDispatchKernel<float, __half, float, (unsigned int)2>(ch_est::puschRxChEstStatDescr_t *, ch_est::puschRxChEstDynDescr_t *)"
3220343428,28480,53289,137,2,1,24,2,1,44,0.001,0.001,,,,,NVIDIA A100-SXM4-40GB MIG 4g.20gb (0),1,,13,"void ch_est::chEstFilterNoDftSOfdmDispatchKernel<float, __half, float, (unsigned int)2>(ch_est::puschRxChEstStatDescr_t *, ch_est::puschRxChEstDynDescr_t *)"
3220407012,7648,53300,103,1,1,128,1,1,16,0.000,0.000,,,,,NVIDIA A100-SXM4-40GB MIG 4g.20gb (0),1,,13,cupy_copy__complex64_complex64
3220465379,18560,53310,1434,1,1,128,1,1,16,0.000,0.000,,,,,NVIDIA A100-SXM4-40GB MIG 4g.20gb (0),1,,13,cupy_copy__complex64_complex64
3220524674,6752,53317,103,1,1,128,1,1,16,0.000,0.000,,,,,NVIDIA A100-SXM4-40GB MIG 4g.20gb (0),1,,13,cupy_copy__complex64_complex64
3220597441,258205,53324,1,1,1,32,32,1,30,0.000,0.000,,,,,NVIDIA A100-SXM4-40GB MIG 4g.20gb (0),1,,13,"void convert_kernel<__half2, float2>(tensor_layout_any, T1 *, tensor_layout_any, const T2 *)"
3220885726,5376,53327,,,,,,,,,,0.094,17428.487,Pinned,Device,NVIDIA A100-SXM4-40GB MIG 4g.20gb (0),1,,13,[CUDA memcpy Host-to-Device]
3220957757,57664,53328,,,,,,,,,,35.810,620979.823,Device,,NVIDIA A100-SXM4-40GB MIG 4g.20gb (0),1,,13,[CUDA memset]
3221017117,1856,53330,,,,,,,,,,0.000,43.103,Pinned,Device,NVIDIA A100-SXM4-40GB MIG 4g.20gb (0),1,,13,[CUDA memcpy Host-to-Device]
3221021565,9343,53331,,,,,,,,,,0.197,21043.347,Pinned,Device,NVIDIA A100-SXM4-40GB MIG 4g.20gb (0),1,,13,[CUDA memcpy Host-to-Device]
3221147355,29632,53332,273,1,1,48,1,1,40,0.000,0.001,,,,,NVIDIA A100-SXM4-40GB MIG 4g.20gb (0),1,,13,"void pusch_noise_intf_est::noiseIntfEstNoDftSOfdmKernel<float, __half, float, float, (unsigned int)2, (unsigned int)1, (unsigned char)4, (unsigned char)4>(pusch_noise_intf_est::puschRxNoiseIntfEstDynDescr)"
3221204954,19584,53343,35,1,1,128,1,1,16,0.000,0.000,,,,,NVIDIA A100-SXM4-40GB MIG 4g.20gb (0),1,,13,cupy_copy__complex64_complex64
3221264186,2912,53352,1,1,1,1,1,1,18,0.000,0.000,,,,,NVIDIA A100-SXM4-40GB MIG 4g.20gb (0),1,,13,cupy_copy__float32_float32
3221267930,1600,53358,,,,,,,,,,0.000,2.500,Device,Pageable,NVIDIA A100-SXM4-40GB MIG 4g.20gb (0),1,,7,[CUDA memcpy Device-to-Host]
3221394840,16800,53369,1434,1,1,128,1,1,16,0.000,0.000,,,,,NVIDIA A100-SXM4-40GB MIG 4g.20gb (0),1,,13,cupy_copy__complex64_complex64
3221447960,8864,53376,103,1,1,128,1,1,16,0.000,0.000,,,,,NVIDIA A100-SXM4-40GB MIG 4g.20gb (0),1,,13,cupy_copy__complex64_complex64
3221519159,10400,53383,35,1,1,128,1,1,16,0.000,0.000,,,,,NVIDIA A100-SXM4-40GB MIG 4g.20gb (0),1,,13,cupy_copy__complex64_complex64
3221580854,4224,53390,1,1,1,1,1,1,18,0.000,0.000,,,,,NVIDIA A100-SXM4-40GB MIG 4g.20gb (0),1,,13,cupy_copy__float32_float32
3221686357,257245,53401,1,1,1,32,32,1,30,0.000,0.000,,,,,NVIDIA A100-SXM4-40GB MIG 4g.20gb (0),1,,13,"void convert_kernel<__half2, float2>(tensor_layout_any, T1 *, tensor_layout_any, const T2 *)"
3221973362,5664,53404,,,,,,,,,,0.094,16542.310,Pinned,Device,NVIDIA A100-SXM4-40GB MIG 4g.20gb (0),1,,13,[CUDA memcpy Host-to-Device]
3222076432,14112,53405,,,,,,,,,,1.547,109595.323,Device,,NVIDIA A100-SXM4-40GB MIG 4g.20gb (0),1,,13,[CUDA memset]
3222093424,3040,53410,,,,,,,,,,0.031,10294.725,Pinned,Device,NVIDIA A100-SXM4-40GB MIG 4g.20gb (0),1,,13,[CUDA memcpy Host-to-Device]
3222100720,10592,53411,,,,,,,,,,0.197,18561.761,Pinned,Device,NVIDIA A100-SXM4-40GB MIG 4g.20gb (0),1,,13,[CUDA memcpy Host-to-Device]
3222179855,29472,53412,273,1,1,8,4,1,39,0.002,0.000,,,,,NVIDIA A100-SXM4-40GB MIG 4g.20gb (0),1,,13,"void channel_eq::eqMmseCoefCompLowMimoKernel<float, float, float, (unsigned int)4, (unsigned int)1, (unsigned int)4>(const channel_eq::_puschRxChEqStatDescr *, channel_eq::_puschRxChEqCoefCompDynDescr)"
3222252302,44928,53413,273,1,1,12,11,1,51,0.002,0.000,,,,,NVIDIA A100-SXM4-40GB MIG 4g.20gb (0),1,,13,"void channel_eq::eqMmseSoftDemapKernel<float, __half, __half, float, (unsigned int)4, (unsigned short)16383>(channel_eq::_puschRxChEqStatDescr *, channel_eq::_puschRxChEqSoftDemapDynDescr)"
3222339757,599514,53414,1,1,1,32,32,1,30,0.000,0.000,,,,,NVIDIA A100-SXM4-40GB MIG 4g.20gb (0),1,,13,"void convert_kernel<float2, __half2>(tensor_layout_any, T1 *, tensor_layout_any, const T2 *)"
3222988038,21664,53426,2253,1,1,128,1,1,16,0.000,0.000,,,,,NVIDIA A100-SXM4-40GB MIG 4g.20gb (0),1,,13,cupy_copy__float16_float16
3223046213,9248,53435,282,1,1,128,1,1,16,0.000,0.000,,,,,NVIDIA A100-SXM4-40GB MIG 4g.20gb (0),1,,13,cupy_copy__complex64_complex64
3223121732,8736,53444,26,1,1,128,1,1,16,0.000,0.000,,,,,NVIDIA A100-SXM4-40GB MIG 4g.20gb (0),1,,13,cupy_copy__float32_float32
3223157508,20512,53453,103,1,1,128,1,1,16,0.000,0.000,,,,,NVIDIA A100-SXM4-40GB MIG 4g.20gb (0),1,,13,cupy_copy__complex64_complex64
3223231971,17248,53463,1434,1,1,128,1,1,16,0.000,0.000,,,,,NVIDIA A100-SXM4-40GB MIG 4g.20gb (0),1,,13,cupy_copy__complex64_complex64
3223285923,249533,53468,1,1,1,32,32,1,30,0.000,0.000,,,,,NVIDIA A100-SXM4-40GB MIG 4g.20gb (0),1,,13,"void convert_kernel<__half2, float2>(tensor_layout_any, T1 *, tensor_layout_any, const T2 *)"
3223563871,5376,53471,,,,,,,,,,0.094,17428.487,Pinned,Device,NVIDIA A100-SXM4-40GB MIG 4g.20gb (0),1,,13,[CUDA memcpy Host-to-Device]
3223651966,632249,53472,,,,,,,,,,456.561,721823.637,Device,,NVIDIA A100-SXM4-40GB MIG 4g.20gb (0),1,,13,[CUDA memset]
3224286487,52831,53477,,,,,,,,,,1.235,23375.020,Pinned,Device,NVIDIA A100-SXM4-40GB MIG 4g.20gb (0),1,,13,[CUDA memcpy Host-to-Device]
3224341910,9440,53478,,,,,,,,,,0.197,20827.079,Pinned,Device,NVIDIA A100-SXM4-40GB MIG 4g.20gb (0),1,,13,[CUDA memcpy Host-to-Device]
3224426869,41248,53479,69,4,1,48,1,1,76,0.002,0.000,,,,,NVIDIA A100-SXM4-40GB MIG 4g.20gb (0),1,,13,"void ch_est::windowedChEstPreNoDftSOfdmKernel<float, __half, float, (unsigned int)2, (unsigned int)1, (unsigned short)4>(ch_est::puschRxChEstStatDescr_t *, ch_est::puschRxChEstDynDescr_t *)"
3224504213,27007,53480,137,2,1,24,2,1,44,0.001,0.001,,,,,NVIDIA A100-SXM4-40GB MIG 4g.20gb (0),1,,13,"void ch_est::chEstFilterNoDftSOfdmDispatchKernel<float, __half, float, (unsigned int)2>(ch_est::puschRxChEstStatDescr_t *, ch_est::puschRxChEstDynDescr_t *)"
3224546036,30432,53481,137,2,1,24,2,1,44,0.001,0.001,,,,,NVIDIA A100-SXM4-40GB MIG 4g.20gb (0),1,,13,"void ch_est::chEstFilterNoDftSOfdmDispatchKernel<float, __half, float, (unsigned int)2>(ch_est::puschRxChEstStatDescr_t *, ch_est::puschRxChEstDynDescr_t *)"
3224630195,7072,53492,103,1,1,128,1,1,16,0.000,0.000,,,,,NVIDIA A100-SXM4-40GB MIG 4g.20gb (0),1,,13,cupy_copy__complex64_complex64
3224672147,20735,53502,1434,1,1,128,1,1,16,0.000,0.000,,,,,NVIDIA A100-SXM4-40GB MIG 4g.20gb (0),1,,13,cupy_copy__complex64_complex64
3224757490,6176,53509,103,1,1,128,1,1,16,0.000,0.000,,,,,NVIDIA A100-SXM4-40GB MIG 4g.20gb (0),1,,13,cupy_copy__complex64_complex64
3224809425,256893,53516,1,1,1,32,32,1,30,0.000,0.000,,,,,NVIDIA A100-SXM4-40GB MIG 4g.20gb (0),1,,13,"void convert_kernel<__half2, float2>(tensor_layout_any, T1 *, tensor_layout_any, const T2 *)"
3225098446,5632,53519,,,,,,,,,,0.094,16636.287,Pinned,Device,NVIDIA A100-SXM4-40GB MIG 4g.20gb (0),1,,13,[CUDA memcpy Host-to-Device]
3225182093,61215,53520,,,,,,,,,,35.810,584955.043,Device,,NVIDIA A100-SXM4-40GB MIG 4g.20gb (0),1,,13,[CUDA memset]
3225250124,2208,53522,,,,,,,,,,0.000,36.232,Pinned,Device,NVIDIA A100-SXM4-40GB MIG 4g.20gb (0),1,,13,[CUDA memcpy Host-to-Device]
3225254764,9600,53523,,,,,,,,,,0.197,20479.869,Pinned,Device,NVIDIA A100-SXM4-40GB MIG 4g.20gb (0),1,,13,[CUDA memcpy Host-to-Device]
3225388362,36736,53524,273,1,1,48,1,1,40,0.000,0.001,,,,,NVIDIA A100-SXM4-40GB MIG 4g.20gb (0),1,,13,"void pusch_noise_intf_est::noiseIntfEstNoDftSOfdmKernel<float, __half, float, float, (unsigned int)2, (unsigned int)1, (unsigned char)4, (unsigned char)4>(pusch_noise_intf_est::puschRxNoiseIntfEstDynDescr)"
3225459626,5951,53535,35,1,1,128,1,1,16,0.000,0.000,,,,,NVIDIA A100-SXM4-40GB MIG 4g.20gb (0),1,,13,cupy_copy__complex64_complex64
3225497193,3744,53544,1,1,1,1,1,1,18,0.000,0.000,,,,,NVIDIA A100-SXM4-40GB MIG 4g.20gb (0),1,,13,cupy_copy__float32_float32
3225504809,1856,53550,,,,,,,,,,0.000,2.155,Device,Pageable,NVIDIA A100-SXM4-40GB MIG 4g.20gb (0),1,,7,[CUDA memcpy Device-to-Host]
3225581096,19040,53561,1434,1,1,128,1,1,16,0.000,0.000,,,,,NVIDIA A100-SXM4-40GB MIG 4g.20gb (0),1,,13,cupy_copy__complex64_complex64
3225638951,6336,53568,103,1,1,128,1,1,16,0.000,0.000,,,,,NVIDIA A100-SXM4-40GB MIG 4g.20gb (0),1,,13,cupy_copy__complex64_complex64
3225712999,11999,53575,35,1,1,128,1,1,16,0.000,0.000,,,,,NVIDIA A100-SXM4-40GB MIG 4g.20gb (0),1,,13,cupy_copy__complex64_complex64
3225770438,4288,53582,1,1,1,1,1,1,18,0.000,0.000,,,,,NVIDIA A100-SXM4-40GB MIG 4g.20gb (0),1,,13,cupy_copy__float32_float32
3225876037,255901,53593,1,1,1,32,32,1,30,0.000,0.000,,,,,NVIDIA A100-SXM4-40GB MIG 4g.20gb (0),1,,13,"void convert_kernel<__half2, float2>(tensor_layout_any, T1 *, tensor_layout_any, const T2 *)"
3226162305,5408,53596,,,,,,,,,,0.094,17325.421,Pinned,Device,NVIDIA A100-SXM4-40GB MIG 4g.20gb (0),1,,13,[CUDA memcpy Host-to-Device]
3226218081,8160,53597,,,,,,,,,,1.547,189537.225,Device,,NVIDIA A100-SXM4-40GB MIG 4g.20gb (0),1,,13,[CUDA memset]
3226227585,3008,53602,,,,,,,,,,0.031,10404.230,Pinned,Device,NVIDIA A100-SXM4-40GB MIG 4g.20gb (0),1,,13,[CUDA memcpy Host-to-Device]
3226233185,9568,53603,,,,,,,,,,0.197,20548.485,Pinned,Device,NVIDIA A100-SXM4-40GB MIG 4g.20gb (0),1,,13,[CUDA memcpy Host-to-Device]
3226342719,31456,53604,273,1,1,8,4,1,39,0.002,0.000,,,,,NVIDIA A100-SXM4-40GB MIG 4g.20gb (0),1,,13,"void channel_eq::eqMmseCoefCompLowMimoKernel<float, float, float, (unsigned int)4, (unsigned int)1, (unsigned int)4>(const channel_eq::_puschRxChEqStatDescr *, channel_eq::_puschRxChEqCoefCompDynDescr)"
3226397727,31775,53605,273,1,1,12,11,1,51,0.002,0.000,,,,,NVIDIA A100-SXM4-40GB MIG 4g.20gb (0),1,,13,"void channel_eq::eqMmseSoftDemapKernel<float, __half, __half, float, (unsigned int)4, (unsigned short)16383>(channel_eq::_puschRxChEqStatDescr *, channel_eq::_puschRxChEqSoftDemapDynDescr)"
3226471742,595321,53606,1,1,1,32,32,1,30,0.000,0.000,,,,,NVIDIA A100-SXM4-40GB MIG 4g.20gb (0),1,,13,"void convert_kernel<float2, __half2>(tensor_layout_any, T1 *, tensor_layout_any, const T2 *)"
3227137782,18496,53618,2253,1,1,128,1,1,16,0.000,0.000,,,,,NVIDIA A100-SXM4-40GB MIG 4g.20gb (0),1,,13,cupy_copy__float16_float16
3227192790,8608,53627,282,1,1,128,1,1,16,0.000,0.000,,,,,NVIDIA A100-SXM4-40GB MIG 4g.20gb (0),1,,13,cupy_copy__complex64_complex64
3227266997,7936,53636,26,1,1,128,1,1,16,0.000,0.000,,,,,NVIDIA A100-SXM4-40GB MIG 4g.20gb (0),1,,13,cupy_copy__float32_float32
3227305652,14464,53645,103,1,1,128,1,1,16,0.000,0.000,,,,,NVIDIA A100-SXM4-40GB MIG 4g.20gb (0),1,,13,cupy_copy__complex64_complex64
3227376596,16223,53655,1434,1,1,128,1,1,16,0.000,0.000,,,,,NVIDIA A100-SXM4-40GB MIG 4g.20gb (0),1,,13,cupy_copy__complex64_complex64
3227427667,390715,53660,1,1,1,32,32,1,30,0.000,0.000,,,,,NVIDIA A100-SXM4-40GB MIG 4g.20gb (0),1,,13,"void convert_kernel<__half2, float2>(tensor_layout_any, T1 *, tensor_layout_any, const T2 *)"
3227947437,33856,53663,,,,,,,,,,0.094,2767.405,Pinned,Device,NVIDIA A100-SXM4-40GB MIG 4g.20gb (0),1,,13,[CUDA memcpy Host-to-Device]
3228054668,621753,53664,,,,,,,,,,456.561,734150.796,Device,,NVIDIA A100-SXM4-40GB MIG 4g.20gb (0),1,,13,[CUDA memset]
3228815491,51935,53669,,,,,,,,,,1.235,23777.612,Pinned,Device,NVIDIA A100-SXM4-40GB MIG 4g.20gb (0),1,,13,[CUDA memcpy Host-to-Device]
3228869858,9824,53670,,,,,,,,,,0.197,20012.925,Pinned,Device,NVIDIA A100-SXM4-40GB MIG 4g.20gb (0),1,,13,[CUDA memcpy Host-to-Device]
3228935586,25983,53671,69,4,1,48,1,1,76,0.002,0.000,,,,,NVIDIA A100-SXM4-40GB MIG 4g.20gb (0),1,,13,"void ch_est::windowedChEstPreNoDftSOfdmKernel<float, __half, float, (unsigned int)2, (unsigned int)1, (unsigned short)4>(ch_est::puschRxChEstStatDescr_t *, ch_est::puschRxChEstDynDescr_t *)"
3229011105,28415,53672,137,2,1,24,2,1,44,0.001,0.001,,,,,NVIDIA A100-SXM4-40GB MIG 4g.20gb (0),1,,13,"void ch_est::chEstFilterNoDftSOfdmDispatchKernel<float, __half, float, (unsigned int)2>(ch_est::puschRxChEstStatDescr_t *, ch_est::puschRxChEstDynDescr_t *)"
3229069696,42048,53673,137,2,1,24,2,1,44,0.001,0.001,,,,,NVIDIA A100-SXM4-40GB MIG 4g.20gb (0),1,,13,"void ch_est::chEstFilterNoDftSOfdmDispatchKernel<float, __half, float, (unsigned int)2>(ch_est::puschRxChEstStatDescr_t *, ch_est::puschRxChEstDynDescr_t *)"
3229142751,9472,53684,103,1,1,128,1,1,16,0.000,0.000,,,,,NVIDIA A100-SXM4-40GB MIG 4g.20gb (0),1,,13,cupy_copy__complex64_complex64
3229192991,19615,53694,1434,1,1,128,1,1,16,0.000,0.000,,,,,NVIDIA A100-SXM4-40GB MIG 4g.20gb (0),1,,13,cupy_copy__complex64_complex64
3229275550,8320,53701,103,1,1,128,1,1,16,0.000,0.000,,,,,NVIDIA A100-SXM4-40GB MIG 4g.20gb (0),1,,13,cupy_copy__complex64_complex64
3229323517,247805,53708,1,1,1,32,32,1,30,0.000,0.000,,,,,NVIDIA A100-SXM4-40GB MIG 4g.20gb (0),1,,13,"void convert_kernel<__half2, float2>(tensor_layout_any, T1 *, tensor_layout_any, const T2 *)"
3229620922,5408,53711,,,,,,,,,,0.094,17325.421,Pinned,Device,NVIDIA A100-SXM4-40GB MIG 4g.20gb (0),1,,13,[CUDA memcpy Host-to-Device]
3229693369,63487,53712,,,,,,,,,,35.810,564042.050,Device,,NVIDIA A100-SXM4-40GB MIG 4g.20gb (0),1,,13,[CUDA memset]
3229761080,1824,53714,,,,,,,,,,0.000,43.860,Pinned,Device,NVIDIA A100-SXM4-40GB MIG 4g.20gb (0),1,,13,[CUDA memcpy Host-to-Device]
3229767224,9376,53715,,,,,,,,,,0.197,20969.226,Pinned,Device,NVIDIA A100-SXM4-40GB MIG 4g.20gb (0),1,,13,[CUDA memcpy Host-to-Device]
3229886487,43327,53716,273,1,1,48,1,1,40,0.000,0.001,,,,,NVIDIA A100-SXM4-40GB MIG 4g.20gb (0),1,,13,"void pusch_noise_intf_est::noiseIntfEstNoDftSOfdmKernel<float, __half, float, float, (unsigned int)2, (unsigned int)1, (unsigned char)4, (unsigned char)4>(pusch_noise_intf_est::puschRxNoiseIntfEstDynDescr)"
3229949078,14432,53727,35,1,1,128,1,1,16,0.000,0.000,,,,,NVIDIA A100-SXM4-40GB MIG 4g.20gb (0),1,,13,cupy_copy__complex64_complex64
3229999317,2560,53736,1,1,1,1,1,1,18,0.000,0.000,,,,,NVIDIA A100-SXM4-40GB MIG 4g.20gb (0),1,,13,cupy_copy__float32_float32
3230009333,1600,53742,,,,,,,,,,0.000,2.500,Device,Pageable,NVIDIA A100-SXM4-40GB MIG 4g.20gb (0),1,,7,[CUDA memcpy Device-to-Host]
3230087380,17824,53753,1434,1,1,128,1,1,16,0.000,0.000,,,,,NVIDIA A100-SXM4-40GB MIG 4g.20gb (0),1,,13,cupy_copy__complex64_complex64
3230228819,13312,53760,103,1,1,128,1,1,16,0.000,0.000,,,,,NVIDIA A100-SXM4-40GB MIG 4g.20gb (0),1,,13,cupy_copy__complex64_complex64
3230277010,5216,53767,35,1,1,128,1,1,16,0.000,0.000,,,,,NVIDIA A100-SXM4-40GB MIG 4g.20gb (0),1,,13,cupy_copy__complex64_complex64
3230367537,2912,53774,1,1,1,1,1,1,18,0.000,0.000,,,,,NVIDIA A100-SXM4-40GB MIG 4g.20gb (0),1,,13,cupy_copy__float32_float32
3230429616,256541,53785,1,1,1,32,32,1,30,0.000,0.000,,,,,NVIDIA A100-SXM4-40GB MIG 4g.20gb (0),1,,13,"void convert_kernel<__half2, float2>(tensor_layout_any, T1 *, tensor_layout_any, const T2 *)"
3230722637,5568,53788,,,,,,,,,,0.094,16827.521,Pinned,Device,NVIDIA A100-SXM4-40GB MIG 4g.20gb (0),1,,13,[CUDA memcpy Host-to-Device]
3230836140,8032,53789,,,,,,,,,,1.547,192556.235,Device,,NVIDIA A100-SXM4-40GB MIG 4g.20gb (0),1,,13,[CUDA memset]
3230851020,3200,53794,,,,,,,,,,0.031,9780.000,Pinned,Device,NVIDIA A100-SXM4-40GB MIG 4g.20gb (0),1,,13,[CUDA memcpy Host-to-Device]
3230857036,9759,53795,,,,,,,,,,0.197,20146.225,Pinned,Device,NVIDIA A100-SXM4-40GB MIG 4g.20gb (0),1,,13,[CUDA memcpy Host-to-Device]
3230956330,26912,53796,273,1,1,8,4,1,39,0.002,0.000,,,,,NVIDIA A100-SXM4-40GB MIG 4g.20gb (0),1,,13,"void channel_eq::eqMmseCoefCompLowMimoKernel<float, float, float, (unsigned int)4, (unsigned int)1, (unsigned int)4>(const channel_eq::_puschRxChEqStatDescr *, channel_eq::_puschRxChEqCoefCompDynDescr)"
3231024746,44191,53797,273,1,1,12,11,1,51,0.002,0.000,,,,,NVIDIA A100-SXM4-40GB MIG 4g.20gb (0),1,,13,"void channel_eq::eqMmseSoftDemapKernel<float, __half, __half, float, (unsigned int)4, (unsigned short)16383>(channel_eq::_puschRxChEqStatDescr *, channel_eq::_puschRxChEqSoftDemapDynDescr)"
3231110185,605721,53798,1,1,1,32,32,1,30,0.000,0.000,,,,,NVIDIA A100-SXM4-40GB MIG 4g.20gb (0),1,,13,"void convert_kernel<float2, __half2>(tensor_layout_any, T1 *, tensor_layout_any, const T2 *)"
3231763713,21024,53810,2253,1,1,128,1,1,16,0.000,0.000,,,,,NVIDIA A100-SXM4-40GB MIG 4g.20gb (0),1,,13,cupy_copy__float16_float16
3231823008,9472,53819,282,1,1,128,1,1,16,0.000,0.000,,,,,NVIDIA A100-SXM4-40GB MIG 4g.20gb (0),1,,13,cupy_copy__complex64_complex64
3231902495,4384,53828,26,1,1,128,1,1,16,0.000,0.000,,,,,NVIDIA A100-SXM4-40GB MIG 4g.20gb (0),1,,13,cupy_copy__float32_float32
3231938175,16064,53837,103,1,1,128,1,1,16,0.000,0.000,,,,,NVIDIA A100-SXM4-40GB MIG 4g.20gb (0),1,,13,cupy_copy__complex64_complex64
3232010366,16704,53847,1434,1,1,128,1,1,16,0.000,0.000,,,,,NVIDIA A100-SXM4-40GB MIG 4g.20gb (0),1,,13,cupy_copy__complex64_complex64
3232063230,243069,53852,1,1,1,32,32,1,30,0.000,0.000,,,,,NVIDIA A100-SXM4-40GB MIG 4g.20gb (0),1,,13,"void convert_kernel<__half2, float2>(tensor_layout_any, T1 *, tensor_layout_any, const T2 *)"
3232337594,5888,53855,,,,,,,,,,0.094,15912.954,Pinned,Device,NVIDIA A100-SXM4-40GB MIG 4g.20gb (0),1,,13,[CUDA memcpy Host-to-Device]
3232414138,632536,53856,,,,,,,,,,456.561,721367.075,Device,,NVIDIA A100-SXM4-40GB MIG 4g.20gb (0),1,,13,[CUDA memset]
3233051890,50208,53861,,,,,,,,,,1.235,24596.380,Pinned,Device,NVIDIA A100-SXM4-40GB MIG 4g.20gb (0),1,,13,[CUDA memcpy Host-to-Device]
3233104530,9376,53862,,,,,,,,,,0.197,20969.226,Pinned,Device,NVIDIA A100-SXM4-40GB MIG 4g.20gb (0),1,,13,[CUDA memcpy Host-to-Device]
3233178001,24960,53863,69,4,1,48,1,1,76,0.002,0.000,,,,,NVIDIA A100-SXM4-40GB MIG 4g.20gb (0),1,,13,"void ch_est::windowedChEstPreNoDftSOfdmKernel<float, __half, float, (unsigned int)2, (unsigned int)1, (unsigned short)4>(ch_est::puschRxChEstStatDescr_t *, ch_est::puschRxChEstDynDescr_t *)"
3233257424,29760,53864,137,2,1,24,2,1,44,0.001,0.001,,,,,NVIDIA A100-SXM4-40GB MIG 4g.20gb (0),1,,13,"void ch_est::chEstFilterNoDftSOfdmDispatchKernel<float, __half, float, (unsigned int)2>(ch_est::puschRxChEstStatDescr_t *, ch_est::puschRxChEstDynDescr_t *)"
3233314063,37216,53865,137,2,1,24,2,1,44,0.001,0.001,,,,,NVIDIA A100-SXM4-40GB MIG 4g.20gb (0),1,,13,"void ch_est::chEstFilterNoDftSOfdmDispatchKernel<float, __half, float, (unsigned int)2>(ch_est::puschRxChEstStatDescr_t *, ch_est::puschRxChEstDynDescr_t *)"
3233383278,8736,53876,103,1,1,128,1,1,16,0.000,0.000,,,,,NVIDIA A100-SXM4-40GB MIG 4g.20gb (0),1,,13,cupy_copy__complex64_complex64
3233436110,20384,53886,1434,1,1,128,1,1,16,0.000,0.000,,,,,NVIDIA A100-SXM4-40GB MIG 4g.20gb (0),1,,13,cupy_copy__complex64_complex64
3233515181,9664,53893,103,1,1,128,1,1,16,0.000,0.000,,,,,NVIDIA A100-SXM4-40GB MIG 4g.20gb (0),1,,13,cupy_copy__complex64_complex64
3233565580,250429,53900,1,1,1,32,32,1,30,0.000,0.000,,,,,NVIDIA A100-SXM4-40GB MIG 4g.20gb (0),1,,13,"void convert_kernel<__half2, float2>(tensor_layout_any, T1 *, tensor_layout_any, const T2 *)"
3233845289,5536,53903,,,,,,,,,,0.094,16924.777,Pinned,Device,NVIDIA A100-SXM4-40GB MIG 4g.20gb (0),1,,13,[CUDA memcpy Host-to-Device]
3233930440,64543,53904,,,,,,,,,,35.810,554803.091,Device,,NVIDIA A100-SXM4-40GB MIG 4g.20gb (0),1,,13,[CUDA memset]
3233997319,2976,53906,,,,,,,,,,0.000,26.882,Pinned,Device,NVIDIA A100-SXM4-40GB MIG 4g.20gb (0),1,,13,[CUDA memcpy Host-to-Device]
3234003239,9504,53907,,,,,,,,,,0.197,20686.701,Pinned,Device,NVIDIA A100-SXM4-40GB MIG 4g.20gb (0),1,,13,[CUDA memcpy Host-to-Device]
3234128518,30336,53908,273,1,1,48,1,1,40,0.000,0.001,,,,,NVIDIA A100-SXM4-40GB MIG 4g.20gb (0),1,,13,"void pusch_noise_intf_est::noiseIntfEstNoDftSOfdmKernel<float, __half, float, float, (unsigned int)2, (unsigned int)1, (unsigned char)4, (unsigned char)4>(pusch_noise_intf_est::puschRxNoiseIntfEstDynDescr)"
3234206949,10624,53919,35,1,1,128,1,1,16,0.000,0.000,,,,,NVIDIA A100-SXM4-40GB MIG 4g.20gb (0),1,,13,cupy_copy__complex64_complex64
3234257092,2944,53928,1,1,1,1,1,1,18,0.000,0.000,,,,,NVIDIA A100-SXM4-40GB MIG 4g.20gb (0),1,,13,cupy_copy__float32_float32
3234261220,1696,53934,,,,,,,,,,0.000,2.358,Device,Pageable,NVIDIA A100-SXM4-40GB MIG 4g.20gb (0),1,,7,[CUDA memcpy Device-to-Host]
3234333284,17663,53945,1434,1,1,128,1,1,16,0.000,0.000,,,,,NVIDIA A100-SXM4-40GB MIG 4g.20gb (0),1,,13,cupy_copy__complex64_complex64
3234352675,2912,53952,103,1,1,128,1,1,16,0.000,0.000,,,,,NVIDIA A100-SXM4-40GB MIG 4g.20gb (0),1,,13,cupy_copy__complex64_complex64
3234480642,9056,53959,35,1,1,128,1,1,16,0.000,0.000,,,,,NVIDIA A100-SXM4-40GB MIG 4g.20gb (0),1,,13,cupy_copy__complex64_complex64
3234527073,11168,53966,1,1,1,1,1,1,18,0.000,0.000,,,,,NVIDIA A100-SXM4-40GB MIG 4g.20gb (0),1,,13,cupy_copy__float32_float32
3234632544,252541,53977,1,1,1,32,32,1,30,0.000,0.000,,,,,NVIDIA A100-SXM4-40GB MIG 4g.20gb (0),1,,13,"void convert_kernel<__half2, float2>(tensor_layout_any, T1 *, tensor_layout_any, const T2 *)"
3234915197,5376,53980,,,,,,,,,,0.094,17428.487,Pinned,Device,NVIDIA A100-SXM4-40GB MIG 4g.20gb (0),1,,13,[CUDA memcpy Host-to-Device]
3235009980,11072,53981,,,,,,,,,,1.547,139686.440,Device,,NVIDIA A100-SXM4-40GB MIG 4g.20gb (0),1,,13,[CUDA memset]
3235022268,3040,53986,,,,,,,,,,0.031,10294.725,Pinned,Device,NVIDIA A100-SXM4-40GB MIG 4g.20gb (0),1,,13,[CUDA memcpy Host-to-Device]
3235027740,9855,53987,,,,,,,,,,0.197,19950.010,Pinned,Device,NVIDIA A100-SXM4-40GB MIG 4g.20gb (0),1,,13,[CUDA memcpy Host-to-Device]
3235108443,26751,53988,273,1,1,8,4,1,39,0.002,0.000,,,,,NVIDIA A100-SXM4-40GB MIG 4g.20gb (0),1,,13,"void channel_eq::eqMmseCoefCompLowMimoKernel<float, float, float, (unsigned int)4, (unsigned int)1, (unsigned int)4>(const channel_eq::_puschRxChEqStatDescr *, channel_eq::_puschRxChEqCoefCompDynDescr)"
3235178394,45503,53989,273,1,1,12,11,1,51,0.002,0.000,,,,,NVIDIA A100-SXM4-40GB MIG 4g.20gb (0),1,,13,"void channel_eq::eqMmseSoftDemapKernel<float, __half, __half, float, (unsigned int)4, (unsigned short)16383>(channel_eq::_puschRxChEqStatDescr *, channel_eq::_puschRxChEqSoftDemapDynDescr)"
3235260953,609209,53990,1,1,1,32,32,1,30,0.000,0.000,,,,,NVIDIA A100-SXM4-40GB MIG 4g.20gb (0),1,,13,"void convert_kernel<float2, __half2>(tensor_layout_any, T1 *, tensor_layout_any, const T2 *)"
3235904465,18944,54002,2253,1,1,128,1,1,16,0.000,0.000,,,,,NVIDIA A100-SXM4-40GB MIG 4g.20gb (0),1,,13,cupy_copy__float16_float16
3235959729,8288,54011,282,1,1,128,1,1,16,0.000,0.000,,,,,NVIDIA A100-SXM4-40GB MIG 4g.20gb (0),1,,13,cupy_copy__complex64_complex64
3236040112,7136,54020,26,1,1,128,1,1,16,0.000,0.000,,,,,NVIDIA A100-SXM4-40GB MIG 4g.20gb (0),1,,13,cupy_copy__float32_float32
3236079535,22272,54029,103,1,1,128,1,1,16,0.000,0.000,,,,,NVIDIA A100-SXM4-40GB MIG 4g.20gb (0),1,,13,cupy_copy__complex64_complex64
3236156335,16319,54039,1434,1,1,128,1,1,16,0.000,0.000,,,,,NVIDIA A100-SXM4-40GB MIG 4g.20gb (0),1,,13,cupy_copy__complex64_complex64
3236208878,238909,54044,1,1,1,32,32,1,30,0.000,0.000,,,,,NVIDIA A100-SXM4-40GB MIG 4g.20gb (0),1,,13,"void convert_kernel<__half2, float2>(tensor_layout_any, T1 *, tensor_layout_any, const T2 *)"
3236477899,5376,54047,,,,,,,,,,0.094,17428.487,Pinned,Device,NVIDIA A100-SXM4-40GB MIG 4g.20gb (0),1,,13,[CUDA memcpy Host-to-Device]
3236568554,630905,54048,,,,,,,,,,456.561,723649.882,Device,,NVIDIA A100-SXM4-40GB MIG 4g.20gb (0),1,,13,[CUDA memset]
3237202147,49727,54053,,,,,,,,,,1.235,24833.489,Pinned,Device,NVIDIA A100-SXM4-40GB MIG 4g.20gb (0),1,,13,[CUDA memcpy Host-to-Device]
3237254498,9344,54054,,,,,,,,,,0.197,21040.988,Pinned,Device,NVIDIA A100-SXM4-40GB MIG 4g.20gb (0),1,,13,[CUDA memcpy Host-to-Device]
3237331681,27872,54055,69,4,1,48,1,1,76,0.002,0.000,,,,,NVIDIA A100-SXM4-40GB MIG 4g.20gb (0),1,,13,"void ch_est::windowedChEstPreNoDftSOfdmKernel<float, __half, float, (unsigned int)2, (unsigned int)1, (unsigned short)4>(ch_est::puschRxChEstStatDescr_t *, ch_est::puschRxChEstDynDescr_t *)"
3237411040,29792,54056,137,2,1,24,2,1,44,0.001,0.001,,,,,NVIDIA A100-SXM4-40GB MIG 4g.20gb (0),1,,13,"void ch_est::chEstFilterNoDftSOfdmDispatchKernel<float, __half, float, (unsigned int)2>(ch_est::puschRxChEstStatDescr_t *, ch_est::puschRxChEstDynDescr_t *)"
3237472191,36448,54057,137,2,1,24,2,1,44,0.001,0.001,,,,,NVIDIA A100-SXM4-40GB MIG 4g.20gb (0),1,,13,"void ch_est::chEstFilterNoDftSOfdmDispatchKernel<float, __half, float, (unsigned int)2>(ch_est::puschRxChEstStatDescr_t *, ch_est::puschRxChEstDynDescr_t *)"
3237538367,8800,54068,103,1,1,128,1,1,16,0.000,0.000,,,,,NVIDIA A100-SXM4-40GB MIG 4g.20gb (0),1,,13,cupy_copy__complex64_complex64
3237592766,19040,54078,1434,1,1,128,1,1,16,0.000,0.000,,,,,NVIDIA A100-SXM4-40GB MIG 4g.20gb (0),1,,13,cupy_copy__complex64_complex64
3237669085,11488,54085,103,1,1,128,1,1,16,0.000,0.000,,,,,NVIDIA A100-SXM4-40GB MIG 4g.20gb (0),1,,13,cupy_copy__complex64_complex64
3237726557,264573,54092,1,1,1,32,32,1,30,0.000,0.000,,,,,NVIDIA A100-SXM4-40GB MIG 4g.20gb (0),1,,13,"void convert_kernel<__half2, float2>(tensor_layout_any, T1 *, tensor_layout_any, const T2 *)"
3238020857,5376,54095,,,,,,,,,,0.094,17428.487,Pinned,Device,NVIDIA A100-SXM4-40GB MIG 4g.20gb (0),1,,13,[CUDA memcpy Host-to-Device]
3238098328,64608,54096,,,,,,,,,,35.810,554230.132,Device,,NVIDIA A100-SXM4-40GB MIG 4g.20gb (0),1,,13,[CUDA memset]
3238168759,1824,54098,,,,,,,,,,0.000,43.860,Pinned,Device,NVIDIA A100-SXM4-40GB MIG 4g.20gb (0),1,,13,[CUDA memcpy Host-to-Device]
3238173015,9504,54099,,,,,,,,,,0.197,20686.701,Pinned,Device,NVIDIA A100-SXM4-40GB MIG 4g.20gb (0),1,,13,[CUDA memcpy Host-to-Device]
3238292662,35360,54100,273,1,1,48,1,1,40,0.000,0.001,,,,,NVIDIA A100-SXM4-40GB MIG 4g.20gb (0),1,,13,"void pusch_noise_intf_est::noiseIntfEstNoDftSOfdmKernel<float, __half, float, float, (unsigned int)2, (unsigned int)1, (unsigned char)4, (unsigned char)4>(pusch_noise_intf_est::puschRxNoiseIntfEstDynDescr)"
3238370389,6240,54111,35,1,1,128,1,1,16,0.000,0.000,,,,,NVIDIA A100-SXM4-40GB MIG 4g.20gb (0),1,,13,cupy_copy__complex64_complex64
3238422357,2560,54120,1,1,1,1,1,1,18,0.000,0.000,,,,,NVIDIA A100-SXM4-40GB MIG 4g.20gb (0),1,,13,cupy_copy__float32_float32
3238429876,1600,54126,,,,,,,,,,0.000,2.500,Device,Pageable,NVIDIA A100-SXM4-40GB MIG 4g.20gb (0),1,,7,[CUDA memcpy Device-to-Host]
3238498932,17887,54137,1434,1,1,128,1,1,16,0.000,0.000,,,,,NVIDIA A100-SXM4-40GB MIG 4g.20gb (0),1,,13,cupy_copy__complex64_complex64
3238550099,6816,54144,103,1,1,128,1,1,16,0.000,0.000,,,,,NVIDIA A100-SXM4-40GB MIG 4g.20gb (0),1,,13,cupy_copy__complex64_complex64
3238626194,11136,54151,35,1,1,128,1,1,16,0.000,0.000,,,,,NVIDIA A100-SXM4-40GB MIG 4g.20gb (0),1,,13,cupy_copy__complex64_complex64
3238674450,4288,54158,1,1,1,1,1,1,18,0.000,0.000,,,,,NVIDIA A100-SXM4-40GB MIG 4g.20gb (0),1,,13,cupy_copy__float32_float32
3238787312,251261,54169,1,1,1,32,32,1,30,0.000,0.000,,,,,NVIDIA A100-SXM4-40GB MIG 4g.20gb (0),1,,13,"void convert_kernel<__half2, float2>(tensor_layout_any, T1 *, tensor_layout_any, const T2 *)"
3239067501,5376,54172,,,,,,,,,,0.094,17428.487,Pinned,Device,NVIDIA A100-SXM4-40GB MIG 4g.20gb (0),1,,13,[CUDA memcpy Host-to-Device]
3239109997,14559,54173,,,,,,,,,,1.547,106231.416,Device,,NVIDIA A100-SXM4-40GB MIG 4g.20gb (0),1,,13,[CUDA memset]
3239129068,3392,54178,,,,,,,,,,0.031,9226.405,Pinned,Device,NVIDIA A100-SXM4-40GB MIG 4g.20gb (0),1,,13,[CUDA memcpy Host-to-Device]
3239134956,9696,54179,,,,,,,,,,0.197,20277.166,Pinned,Device,NVIDIA A100-SXM4-40GB MIG 4g.20gb (0),1,,13,[CUDA memcpy Host-to-Device]
3239219883,25632,54180,273,1,1,8,4,1,39,0.002,0.000,,,,,NVIDIA A100-SXM4-40GB MIG 4g.20gb (0),1,,13,"void channel_eq::eqMmseCoefCompLowMimoKernel<float, float, float, (unsigned int)4, (unsigned int)1, (unsigned int)4>(const channel_eq::_puschRxChEqStatDescr *, channel_eq::_puschRxChEqCoefCompDynDescr)"
3239285739,44767,54181,273,1,1,12,11,1,51,0.002,0.000,,,,,NVIDIA A100-SXM4-40GB MIG 4g.20gb (0),1,,13,"void channel_eq::eqMmseSoftDemapKernel<float, __half, __half, float, (unsigned int)4, (unsigned short)16383>(channel_eq::_puschRxChEqStatDescr *, channel_eq::_puschRxChEqSoftDemapDynDescr)"
3239377418,591449,54182,1,1,1,32,32,1,30,0.000,0.000,,,,,NVIDIA A100-SXM4-40GB MIG 4g.20gb (0),1,,13,"void convert_kernel<float2, __half2>(tensor_layout_any, T1 *, tensor_layout_any, const T2 *)"
3240052642,21440,54194,2253,1,1,128,1,1,16,0.000,0.000,,,,,NVIDIA A100-SXM4-40GB MIG 4g.20gb (0),1,,13,cupy_copy__float16_float16
3240112801,8704,54203,282,1,1,128,1,1,16,0.000,0.000,,,,,NVIDIA A100-SXM4-40GB MIG 4g.20gb (0),1,,13,cupy_copy__complex64_complex64
3240189952,5408,54212,26,1,1,128,1,1,16,0.000,0.000,,,,,NVIDIA A100-SXM4-40GB MIG 4g.20gb (0),1,,13,cupy_copy__float32_float32
3240230176,17440,54221,103,1,1,128,1,1,16,0.000,0.000,,,,,NVIDIA A100-SXM4-40GB MIG 4g.20gb (0),1,,13,cupy_copy__complex64_complex64
3240303839,16608,54231,1434,1,1,128,1,1,16,0.000,0.000,,,,,NVIDIA A100-SXM4-40GB MIG 4g.20gb (0),1,,13,cupy_copy__complex64_complex64
3240361438,230622,54236,1,1,1,32,32,1,30,0.000,0.000,,,,,NVIDIA A100-SXM4-40GB MIG 4g.20gb (0),1,,13,"void convert_kernel<__half2, float2>(tensor_layout_any, T1 *, tensor_layout_any, const T2 *)"
3240622875,5504,54239,,,,,,,,,,0.094,17023.251,Pinned,Device,NVIDIA A100-SXM4-40GB MIG 4g.20gb (0),1,,13,[CUDA memcpy Host-to-Device]
3240679643,624760,54240,,,,,,,,,,456.561,730498.304,Device,,NVIDIA A100-SXM4-40GB MIG 4g.20gb (0),1,,13,[CUDA memset]
3241313267,51680,54245,,,,,,,,,,1.235,23894.931,Pinned,Device,NVIDIA A100-SXM4-40GB MIG 4g.20gb (0),1,,13,[CUDA memcpy Host-to-Device]
3241367827,11008,54246,,,,,,,,,,0.197,17860.461,Pinned,Device,NVIDIA A100-SXM4-40GB MIG 4g.20gb (0),1,,13,[CUDA memcpy Host-to-Device]
3241440370,28640,54247,69,4,1,48,1,1,76,0.002,0.000,,,,,NVIDIA A100-SXM4-40GB MIG 4g.20gb (0),1,,13,"void ch_est::windowedChEstPreNoDftSOfdmKernel<float, __half, float, (unsigned int)2, (unsigned int)1, (unsigned short)4>(ch_est::puschRxChEstStatDescr_t *, ch_est::puschRxChEstDynDescr_t *)"
3241505041,41248,54248,137,2,1,24,2,1,44,0.001,0.001,,,,,NVIDIA A100-SXM4-40GB MIG 4g.20gb (0),1,,13,"void ch_est::chEstFilterNoDftSOfdmDispatchKernel<float, __half, float, (unsigned int)2>(ch_est::puschRxChEstStatDescr_t *, ch_est::puschRxChEstDynDescr_t *)"
3241585200,28832,54249,137,2,1,24,2,1,44,0.001,0.001,,,,,NVIDIA A100-SXM4-40GB MIG 4g.20gb (0),1,,13,"void ch_est::chEstFilterNoDftSOfdmDispatchKernel<float, __half, float, (unsigned int)2>(ch_est::puschRxChEstStatDescr_t *, ch_est::puschRxChEstDynDescr_t *)"
3241630416,9824,54260,103,1,1,128,1,1,16,0.000,0.000,,,,,NVIDIA A100-SXM4-40GB MIG 4g.20gb (0),1,,13,cupy_copy__complex64_complex64
3241711727,16960,54270,1434,1,1,128,1,1,16,0.000,0.000,,,,,NVIDIA A100-SXM4-40GB MIG 4g.20gb (0),1,,13,cupy_copy__complex64_complex64
3241762286,5984,54277,103,1,1,128,1,1,16,0.000,0.000,,,,,NVIDIA A100-SXM4-40GB MIG 4g.20gb (0),1,,13,cupy_copy__complex64_complex64
3241833997,259517,54284,1,1,1,32,32,1,30,0.000,0.000,,,,,NVIDIA A100-SXM4-40GB MIG 4g.20gb (0),1,,13,"void convert_kernel<__half2, float2>(tensor_layout_any, T1 *, tensor_layout_any, const T2 *)"
3242124522,5376,54287,,,,,,,,,,0.094,17428.487,Pinned,Device,NVIDIA A100-SXM4-40GB MIG 4g.20gb (0),1,,13,[CUDA memcpy Host-to-Device]
3242189289,55712,54288,,,,,,,,,,35.810,642752.254,Device,,NVIDIA A100-SXM4-40GB MIG 4g.20gb (0),1,,13,[CUDA memset]
3242246505,1856,54290,,,,,,,,,,0.000,43.103,Pinned,Device,NVIDIA A100-SXM4-40GB MIG 4g.20gb (0),1,,13,[CUDA memcpy Host-to-Device]
3242250793,9983,54291,,,,,,,,,,0.197,19694.223,Pinned,Device,NVIDIA A100-SXM4-40GB MIG 4g.20gb (0),1,,13,[CUDA memcpy Host-to-Device]
3242360679,28896,54292,273,1,1,48,1,1,40,0.000,0.001,,,,,NVIDIA A100-SXM4-40GB MIG 4g.20gb (0),1,,13,"void pusch_noise_intf_est::noiseIntfEstNoDftSOfdmKernel<float, __half, float, float, (unsigned int)2, (unsigned int)1, (unsigned char)4, (unsigned char)4>(pusch_noise_intf_est::puschRxNoiseIntfEstDynDescr)"
3242417799,8672,54303,35,1,1,128,1,1,16,0.000,0.000,,,,,NVIDIA A100-SXM4-40GB MIG 4g.20gb (0),1,,13,cupy_copy__complex64_complex64
3242476870,3520,54312,1,1,1,1,1,1,18,0.000,0.000,,,,,NVIDIA A100-SXM4-40GB MIG 4g.20gb (0),1,,13,cupy_copy__float32_float32
3242485478,1600,54318,,,,,,,,,,0.000,2.500,Device,Pageable,NVIDIA A100-SXM4-40GB MIG 4g.20gb (0),1,,7,[CUDA memcpy Device-to-Host]
3242598181,17439,54329,1434,1,1,128,1,1,16,0.000,0.000,,,,,NVIDIA A100-SXM4-40GB MIG 4g.20gb (0),1,,13,cupy_copy__complex64_complex64
3242662276,7456,54336,103,1,1,128,1,1,16,0.000,0.000,,,,,NVIDIA A100-SXM4-40GB MIG 4g.20gb (0),1,,13,cupy_copy__complex64_complex64
3242738467,7968,54343,35,1,1,128,1,1,16,0.000,0.000,,,,,NVIDIA A100-SXM4-40GB MIG 4g.20gb (0),1,,13,cupy_copy__complex64_complex64
3242790050,2752,54350,1,1,1,1,1,1,18,0.000,0.000,,,,,NVIDIA A100-SXM4-40GB MIG 4g.20gb (0),1,,13,cupy_copy__float32_float32
3242892641,254525,54361,1,1,1,32,32,1,30,0.000,0.000,,,,,NVIDIA A100-SXM4-40GB MIG 4g.20gb (0),1,,13,"void convert_kernel<__half2, float2>(tensor_layout_any, T1 *, tensor_layout_any, const T2 *)"
3243176766,5376,54364,,,,,,,,,,0.094,17428.487,Pinned,Device,NVIDIA A100-SXM4-40GB MIG 4g.20gb (0),1,,13,[CUDA memcpy Host-to-Device]
3243267997,15680,54365,,,,,,,,,,1.547,98635.946,Device,,NVIDIA A100-SXM4-40GB MIG 4g.20gb (0),1,,13,[CUDA memset]
3243286685,2976,54370,,,,,,,,,,0.031,10516.113,Pinned,Device,NVIDIA A100-SXM4-40GB MIG 4g.20gb (0),1,,13,[CUDA memcpy Host-to-Device]
3243292093,9567,54371,,,,,,,,,,0.197,20550.451,Pinned,Device,NVIDIA A100-SXM4-40GB MIG 4g.20gb (0),1,,13,[CUDA memcpy Host-to-Device]
3243366684,30303,54372,273,1,1,8,4,1,39,0.002,0.000,,,,,NVIDIA A100-SXM4-40GB MIG 4g.20gb (0),1,,13,"void channel_eq::eqMmseCoefCompLowMimoKernel<float, float, float, (unsigned int)4, (unsigned int)1, (unsigned int)4>(const channel_eq::_puschRxChEqStatDescr *, channel_eq::_puschRxChEqCoefCompDynDescr)"
3243439643,44511,54373,273,1,1,12,11,1,51,0.002,0.000,,,,,NVIDIA A100-SXM4-40GB MIG 4g.20gb (0),1,,13,"void channel_eq::eqMmseSoftDemapKernel<float, __half, __half, float, (unsigned int)4, (unsigned short)16383>(channel_eq::_puschRxChEqStatDescr *, channel_eq::_puschRxChEqSoftDemapDynDescr)"
3243522458,624761,54374,1,1,1,32,32,1,30,0.000,0.000,,,,,NVIDIA A100-SXM4-40GB MIG 4g.20gb (0),1,,13,"void convert_kernel<float2, __half2>(tensor_layout_any, T1 *, tensor_layout_any, const T2 *)"
3244200978,19808,54386,2253,1,1,128,1,1,16,0.000,0.000,,,,,NVIDIA A100-SXM4-40GB MIG 4g.20gb (0),1,,13,cupy_copy__float16_float16
3244274865,15328,54395,282,1,1,128,1,1,16,0.000,0.000,,,,,NVIDIA A100-SXM4-40GB MIG 4g.20gb (0),1,,13,cupy_copy__complex64_complex64
3244326705,4480,54404,26,1,1,128,1,1,16,0.000,0.000,,,,,NVIDIA A100-SXM4-40GB MIG 4g.20gb (0),1,,13,cupy_copy__float32_float32
3244387440,13184,54413,103,1,1,128,1,1,16,0.000,0.000,,,,,NVIDIA A100-SXM4-40GB MIG 4g.20gb (0),1,,13,cupy_copy__complex64_complex64
3244495023,30463,54423,1434,1,1,128,1,1,16,0.000,0.000,,,,,NVIDIA A100-SXM4-40GB MIG 4g.20gb (0),1,,13,cupy_copy__complex64_complex64
3244608749,261693,54428,1,1,1,32,32,1,30,0.000,0.000,,,,,NVIDIA A100-SXM4-40GB MIG 4g.20gb (0),1,,13,"void convert_kernel<__half2, float2>(tensor_layout_any, T1 *, tensor_layout_any, const T2 *)"
3244901578,5664,54431,,,,,,,,,,0.094,16542.310,Pinned,Device,NVIDIA A100-SXM4-40GB MIG 4g.20gb (0),1,,13,[CUDA memcpy Host-to-Device]
3244932810,640664,54432,,,,,,,,,,456.561,712235.846,Device,,NVIDIA A100-SXM4-40GB MIG 4g.20gb (0),1,,13,[CUDA memset]
3245579394,51136,54437,,,,,,,,,,1.235,24149.330,Pinned,Device,NVIDIA A100-SXM4-40GB MIG 4g.20gb (0),1,,13,[CUDA memcpy Host-to-Device]
3245632962,9344,54438,,,,,,,,,,0.197,21040.988,Pinned,Device,NVIDIA A100-SXM4-40GB MIG 4g.20gb (0),1,,13,[CUDA memcpy Host-to-Device]
3245705761,34527,54439,69,4,1,48,1,1,76,0.002,0.000,,,,,NVIDIA A100-SXM4-40GB MIG 4g.20gb (0),1,,13,"void ch_est::windowedChEstPreNoDftSOfdmKernel<float, __half, float, (unsigned int)2, (unsigned int)1, (unsigned short)4>(ch_est::puschRxChEstStatDescr_t *, ch_est::puschRxChEstDynDescr_t *)"
3245794016,27359,54440,137,2,1,24,2,1,44,0.001,0.001,,,,,NVIDIA A100-SXM4-40GB MIG 4g.20gb (0),1,,13,"void ch_est::chEstFilterNoDftSOfdmDispatchKernel<float, __half, float, (unsigned int)2>(ch_est::puschRxChEstStatDescr_t *, ch_est::puschRxChEstDynDescr_t *)"
3245843167,35872,54441,137,2,1,24,2,1,44,0.001,0.001,,,,,NVIDIA A100-SXM4-40GB MIG 4g.20gb (0),1,,13,"void ch_est::chEstFilterNoDftSOfdmDispatchKernel<float, __half, float, (unsigned int)2>(ch_est::puschRxChEstStatDescr_t *, ch_est::puschRxChEstDynDescr_t *)"
3245919710,7136,54452,103,1,1,128,1,1,16,0.000,0.000,,,,,NVIDIA A100-SXM4-40GB MIG 4g.20gb (0),1,,13,cupy_copy__complex64_complex64
3245963486,20544,54462,1434,1,1,128,1,1,16,0.000,0.000,,,,,NVIDIA A100-SXM4-40GB MIG 4g.20gb (0),1,,13,cupy_copy__complex64_complex64
3246041437,9440,54469,103,1,1,128,1,1,16,0.000,0.000,,,,,NVIDIA A100-SXM4-40GB MIG 4g.20gb (0),1,,13,cupy_copy__complex64_complex64
3246099132,263421,54476,1,1,1,32,32,1,30,0.000,0.000,,,,,NVIDIA A100-SXM4-40GB MIG 4g.20gb (0),1,,13,"void convert_kernel<__half2, float2>(tensor_layout_any, T1 *, tensor_layout_any, const T2 *)"
3246390617,5376,54479,,,,,,,,,,0.094,17428.487,Pinned,Device,NVIDIA A100-SXM4-40GB MIG 4g.20gb (0),1,,13,[CUDA memcpy Host-to-Device]
3246466072,62239,54480,,,,,,,,,,35.810,575357.985,Device,,NVIDIA A100-SXM4-40GB MIG 4g.20gb (0),1,,13,[CUDA memset]
3246534423,1824,54482,,,,,,,,,,0.000,43.860,Pinned,Device,NVIDIA A100-SXM4-40GB MIG 4g.20gb (0),1,,13,[CUDA memcpy Host-to-Device]
3246540567,9376,54483,,,,,,,,,,0.197,20969.226,Pinned,Device,NVIDIA A100-SXM4-40GB MIG 4g.20gb (0),1,,13,[CUDA memcpy Host-to-Device]
3246659190,48991,54484,273,1,1,48,1,1,40,0.000,0.001,,,,,NVIDIA A100-SXM4-40GB MIG 4g.20gb (0),1,,13,"void pusch_noise_intf_est::noiseIntfEstNoDftSOfdmKernel<float, __half, float, float, (unsigned int)2, (unsigned int)1, (unsigned char)4, (unsigned char)4>(pusch_noise_intf_est::puschRxNoiseIntfEstDynDescr)"
3246738901,6400,54495,35,1,1,128,1,1,16,0.000,0.000,,,,,NVIDIA A100-SXM4-40GB MIG 4g.20gb (0),1,,13,cupy_copy__complex64_complex64
3246786420,6624,54504,1,1,1,1,1,1,18,0.000,0.000,,,,,NVIDIA A100-SXM4-40GB MIG 4g.20gb (0),1,,13,cupy_copy__float32_float32
3246796500,1600,54510,,,,,,,,,,0.000,2.500,Device,Pageable,NVIDIA A100-SXM4-40GB MIG 4g.20gb (0),1,,7,[CUDA memcpy Device-to-Host]
3246861396,18015,54521,1434,1,1,128,1,1,16,0.000,0.000,,,,,NVIDIA A100-SXM4-40GB MIG 4g.20gb (0),1,,13,cupy_copy__complex64_complex64
3246915763,7168,54528,103,1,1,128,1,1,16,0.000,0.000,,,,,NVIDIA A100-SXM4-40GB MIG 4g.20gb (0),1,,13,cupy_copy__complex64_complex64
3246988018,10880,54535,35,1,1,128,1,1,16,0.000,0.000,,,,,NVIDIA A100-SXM4-40GB MIG 4g.20gb (0),1,,13,cupy_copy__complex64_complex64
3247042193,3360,54542,1,1,1,1,1,1,18,0.000,0.000,,,,,NVIDIA A100-SXM4-40GB MIG 4g.20gb (0),1,,13,cupy_copy__float32_float32
3247147312,249469,54553,1,1,1,32,32,1,30,0.000,0.000,,,,,NVIDIA A100-SXM4-40GB MIG 4g.20gb (0),1,,13,"void convert_kernel<__half2, float2>(tensor_layout_any, T1 *, tensor_layout_any, const T2 *)"
3247426477,5472,54556,,,,,,,,,,0.094,17122.757,Pinned,Device,NVIDIA A100-SXM4-40GB MIG 4g.20gb (0),1,,13,[CUDA memcpy Host-to-Device]
3247475308,13920,54557,,,,,,,,,,1.547,111107.922,Device,,NVIDIA A100-SXM4-40GB MIG 4g.20gb (0),1,,13,[CUDA memset]
3247492172,3040,54562,,,,,,,,,,0.031,10294.725,Pinned,Device,NVIDIA A100-SXM4-40GB MIG 4g.20gb (0),1,,13,[CUDA memcpy Host-to-Device]
3247498764,9696,54563,,,,,,,,,,0.197,20277.166,Pinned,Device,NVIDIA A100-SXM4-40GB MIG 4g.20gb (0),1,,13,[CUDA memcpy Host-to-Device]
3247585163,22208,54564,273,1,1,8,4,1,39,0.002,0.000,,,,,NVIDIA A100-SXM4-40GB MIG 4g.20gb (0),1,,13,"void channel_eq::eqMmseCoefCompLowMimoKernel<float, float, float, (unsigned int)4, (unsigned int)1, (unsigned int)4>(const channel_eq::_puschRxChEqStatDescr *, channel_eq::_puschRxChEqCoefCompDynDescr)"
3247655306,43616,54565,273,1,1,12,11,1,51,0.002,0.000,,,,,NVIDIA A100-SXM4-40GB MIG 4g.20gb (0),1,,13,"void channel_eq::eqMmseSoftDemapKernel<float, __half, __half, float, (unsigned int)4, (unsigned short)16383>(channel_eq::_puschRxChEqStatDescr *, channel_eq::_puschRxChEqSoftDemapDynDescr)"
3247740041,590810,54566,1,1,1,32,32,1,30,0.000,0.000,,,,,NVIDIA A100-SXM4-40GB MIG 4g.20gb (0),1,,13,"void convert_kernel<float2, __half2>(tensor_layout_any, T1 *, tensor_layout_any, const T2 *)"
3248400162,19552,54578,2253,1,1,128,1,1,16,0.000,0.000,,,,,NVIDIA A100-SXM4-40GB MIG 4g.20gb (0),1,,13,cupy_copy__float16_float16
3248454945,8672,54587,282,1,1,128,1,1,16,0.000,0.000,,,,,NVIDIA A100-SXM4-40GB MIG 4g.20gb (0),1,,13,cupy_copy__complex64_complex64
3248527232,4096,54596,26,1,1,128,1,1,16,0.000,0.000,,,,,NVIDIA A100-SXM4-40GB MIG 4g.20gb (0),1,,13,cupy_copy__float32_float32
3248565056,21376,54605,103,1,1,128,1,1,16,0.000,0.000,,,,,NVIDIA A100-SXM4-40GB MIG 4g.20gb (0),1,,13,cupy_copy__complex64_complex64
3248639519,16288,54615,1434,1,1,128,1,1,16,0.000,0.000,,,,,NVIDIA A100-SXM4-40GB MIG 4g.20gb (0),1,,13,cupy_copy__complex64_complex64
3248689823,256093,54620,1,1,1,32,32,1,30,0.000,0.000,,,,,NVIDIA A100-SXM4-40GB MIG 4g.20gb (0),1,,13,"void convert_kernel<__half2, float2>(tensor_layout_any, T1 *, tensor_layout_any, const T2 *)"
3248976571,5408,54623,,,,,,,,,,0.094,17325.421,Pinned,Device,NVIDIA A100-SXM4-40GB MIG 4g.20gb (0),1,,13,[CUDA memcpy Host-to-Device]
3249035387,631192,54624,,,,,,,,,,456.561,723193.321,Device,,NVIDIA A100-SXM4-40GB MIG 4g.20gb (0),1,,13,[CUDA memset]
3249676051,50464,54629,,,,,,,,,,1.235,24471.650,Pinned,Device,NVIDIA A100-SXM4-40GB MIG 4g.20gb (0),1,,13,[CUDA memcpy Host-to-Device]
3249729011,9375,54630,,,,,,,,,,0.197,20971.389,Pinned,Device,NVIDIA A100-SXM4-40GB MIG 4g.20gb (0),1,,13,[CUDA memcpy Host-to-Device]
3249798322,26495,54631,69,4,1,48,1,1,76,0.002,0.000,,,,,NVIDIA A100-SXM4-40GB MIG 4g.20gb (0),1,,13,"void ch_est::windowedChEstPreNoDftSOfdmKernel<float, __half, float, (unsigned int)2, (unsigned int)1, (unsigned short)4>(ch_est::puschRxChEstStatDescr_t *, ch_est::puschRxChEstDynDescr_t *)"
3249879153,17504,54632,137,2,1,24,2,1,44,0.001,0.001,,,,,NVIDIA A100-SXM4-40GB MIG 4g.20gb (0),1,,13,"void ch_est::chEstFilterNoDftSOfdmDispatchKernel<float, __half, float, (unsigned int)2>(ch_est::puschRxChEstStatDescr_t *, ch_est::puschRxChEstDynDescr_t *)"
3249921168,38176,54633,137,2,1,24,2,1,44,0.001,0.001,,,,,NVIDIA A100-SXM4-40GB MIG 4g.20gb (0),1,,13,"void ch_est::chEstFilterNoDftSOfdmDispatchKernel<float, __half, float, (unsigned int)2>(ch_est::puschRxChEstStatDescr_t *, ch_est::puschRxChEstDynDescr_t *)"
3249998479,8864,54644,103,1,1,128,1,1,16,0.000,0.000,,,,,NVIDIA A100-SXM4-40GB MIG 4g.20gb (0),1,,13,cupy_copy__complex64_complex64
3250044975,21632,54654,1434,1,1,128,1,1,16,0.000,0.000,,,,,NVIDIA A100-SXM4-40GB MIG 4g.20gb (0),1,,13,cupy_copy__complex64_complex64
3250123022,10624,54661,103,1,1,128,1,1,16,0.000,0.000,,,,,NVIDIA A100-SXM4-40GB MIG 4g.20gb (0),1,,13,cupy_copy__complex64_complex64
3250176813,267325,54668,1,1,1,32,32,1,30,0.000,0.000,,,,,NVIDIA A100-SXM4-40GB MIG 4g.20gb (0),1,,13,"void convert_kernel<__half2, float2>(tensor_layout_any, T1 *, tensor_layout_any, const T2 *)"
3250473450,6528,54671,,,,,,,,,,0.094,14352.915,Pinned,Device,NVIDIA A100-SXM4-40GB MIG 4g.20gb (0),1,,13,[CUDA memcpy Host-to-Device]
3250547657,63135,54672,,,,,,,,,,35.810,567193.323,Device,,NVIDIA A100-SXM4-40GB MIG 4g.20gb (0),1,,13,[CUDA memset]
3250612552,2464,54674,,,,,,,,,,0.000,32.468,Pinned,Device,NVIDIA A100-SXM4-40GB MIG 4g.20gb (0),1,,13,[CUDA memcpy Host-to-Device]
3250617448,9344,54675,,,,,,,,,,0.197,21040.988,Pinned,Device,NVIDIA A100-SXM4-40GB MIG 4g.20gb (0),1,,13,[CUDA memcpy Host-to-Device]
3250737287,38720,54676,273,1,1,48,1,1,40,0.000,0.001,,,,,NVIDIA A100-SXM4-40GB MIG 4g.20gb (0),1,,13,"void pusch_noise_intf_est::noiseIntfEstNoDftSOfdmKernel<float, __half, float, float, (unsigned int)2, (unsigned int)1, (unsigned char)4, (unsigned char)4>(pusch_noise_intf_est::puschRxNoiseIntfEstDynDescr)"
3250828678,5568,54687,35,1,1,128,1,1,16,0.000,0.000,,,,,NVIDIA A100-SXM4-40GB MIG 4g.20gb (0),1,,13,cupy_copy__complex64_complex64
3250869701,2400,54696,1,1,1,1,1,1,18,0.000,0.000,,,,,NVIDIA A100-SXM4-40GB MIG 4g.20gb (0),1,,13,cupy_copy__float32_float32
3250878501,1600,54702,,,,,,,,,,0.000,2.500,Device,Pageable,NVIDIA A100-SXM4-40GB MIG 4g.20gb (0),1,,7,[CUDA memcpy Device-to-Host]
3250948613,17343,54713,1434,1,1,128,1,1,16,0.000,0.000,,,,,NVIDIA A100-SXM4-40GB MIG 4g.20gb (0),1,,13,cupy_copy__complex64_complex64
3251000676,6016,54720,103,1,1,128,1,1,16,0.000,0.000,,,,,NVIDIA A100-SXM4-40GB MIG 4g.20gb (0),1,,13,cupy_copy__complex64_complex64
3251073955,9664,54727,35,1,1,128,1,1,16,0.000,0.000,,,,,NVIDIA A100-SXM4-40GB MIG 4g.20gb (0),1,,13,cupy_copy__complex64_complex64
3251125123,4959,54734,1,1,1,1,1,1,18,0.000,0.000,,,,,NVIDIA A100-SXM4-40GB MIG 4g.20gb (0),1,,13,cupy_copy__float32_float32
3251232129,259741,54745,1,1,1,32,32,1,30,0.000,0.000,,,,,NVIDIA A100-SXM4-40GB MIG 4g.20gb (0),1,,13,"void convert_kernel<__half2, float2>(tensor_layout_any, T1 *, tensor_layout_any, const T2 *)"
3251521118,5568,54748,,,,,,,,,,0.094,16827.521,Pinned,Device,NVIDIA A100-SXM4-40GB MIG 4g.20gb (0),1,,13,[CUDA memcpy Host-to-Device]
3251606845,15584,54749,,,,,,,,,,1.547,99243.769,Device,,NVIDIA A100-SXM4-40GB MIG 4g.20gb (0),1,,13,[CUDA memset]
3251628061,3168,54754,,,,,,,,,,0.031,9878.770,Pinned,Device,NVIDIA A100-SXM4-40GB MIG 4g.20gb (0),1,,13,[CUDA memcpy Host-to-Device]
3251633661,10336,54755,,,,,,,,,,0.197,19021.627,Pinned,Device,NVIDIA A100-SXM4-40GB MIG 4g.20gb (0),1,,13,[CUDA memcpy Host-to-Device]
3251707548,27616,54756,273,1,1,8,4,1,39,0.002,0.000,,,,,NVIDIA A100-SXM4-40GB MIG 4g.20gb (0),1,,13,"void channel_eq::eqMmseCoefCompLowMimoKernel<float, float, float, (unsigned int)4, (unsigned int)1, (unsigned int)4>(const channel_eq::_puschRxChEqStatDescr *, channel_eq::_puschRxChEqCoefCompDynDescr)"
3251783003,43647,54757,273,1,1,12,11,1,51,0.002,0.000,,,,,NVIDIA A100-SXM4-40GB MIG 4g.20gb (0),1,,13,"void channel_eq::eqMmseSoftDemapKernel<float, __half, __half, float, (unsigned int)4, (unsigned short)16383>(channel_eq::_puschRxChEqStatDescr *, channel_eq::_puschRxChEqSoftDemapDynDescr)"
3251870938,604281,54758,1,1,1,32,32,1,30,0.000,0.000,,,,,NVIDIA A100-SXM4-40GB MIG 4g.20gb (0),1,,13,"void convert_kernel<float2, __half2>(tensor_layout_any, T1 *, tensor_layout_any, const T2 *)"
3252481459,21504,54770,2253,1,1,128,1,1,16,0.000,0.000,,,,,NVIDIA A100-SXM4-40GB MIG 4g.20gb (0),1,,13,cupy_copy__float16_float16
3252556658,16704,54779,282,1,1,128,1,1,16,0.000,0.000,,,,,NVIDIA A100-SXM4-40GB MIG 4g.20gb (0),1,,13,cupy_copy__complex64_complex64
3252606578,4895,54788,26,1,1,128,1,1,16,0.000,0.000,,,,,NVIDIA A100-SXM4-40GB MIG 4g.20gb (0),1,,13,cupy_copy__float32_float32
3252679825,11456,54797,103,1,1,128,1,1,16,0.000,0.000,,,,,NVIDIA A100-SXM4-40GB MIG 4g.20gb (0),1,,13,cupy_copy__complex64_complex64
3252780304,33119,54807,1434,1,1,128,1,1,16,0.000,0.000,,,,,NVIDIA A100-SXM4-40GB MIG 4g.20gb (0),1,,13,cupy_copy__complex64_complex64
3252887502,257725,54812,1,1,1,32,32,1,30,0.000,0.000,,,,,NVIDIA A100-SXM4-40GB MIG 4g.20gb (0),1,,13,"void convert_kernel<__half2, float2>(tensor_layout_any, T1 *, tensor_layout_any, const T2 *)"
3253174635,5376,54815,,,,,,,,,,0.094,17428.487,Pinned,Device,NVIDIA A100-SXM4-40GB MIG 4g.20gb (0),1,,13,[CUDA memcpy Host-to-Device]
3253196491,640856,54816,,,,,,,,,,456.561,712235.846,Device,,NVIDIA A100-SXM4-40GB MIG 4g.20gb (0),1,,13,[CUDA memset]
3253848323,50688,54821,,,,,,,,,,1.235,24362.975,Pinned,Device,NVIDIA A100-SXM4-40GB MIG 4g.20gb (0),1,,13,[CUDA memcpy Host-to-Device]
3253901443,9344,54822,,,,,,,,,,0.197,21040.988,Pinned,Device,NVIDIA A100-SXM4-40GB MIG 4g.20gb (0),1,,13,[CUDA memcpy Host-to-Device]
3253968034,43519,54823,69,4,1,48,1,1,76,0.002,0.000,,,,,NVIDIA A100-SXM4-40GB MIG 4g.20gb (0),1,,13,"void ch_est::windowedChEstPreNoDftSOfdmKernel<float, __half, float, (unsigned int)2, (unsigned int)1, (unsigned short)4>(ch_est::puschRxChEstStatDescr_t *, ch_est::puschRxChEstDynDescr_t *)"
3254047713,26432,54824,137,2,1,24,2,1,44,0.001,0.001,,,,,NVIDIA A100-SXM4-40GB MIG 4g.20gb (0),1,,13,"void ch_est::chEstFilterNoDftSOfdmDispatchKernel<float, __half, float, (unsigned int)2>(ch_est::puschRxChEstStatDescr_t *, ch_est::puschRxChEstDynDescr_t *)"
3254092832,43392,54825,137,2,1,24,2,1,44,0.001,0.001,,,,,NVIDIA A100-SXM4-40GB MIG 4g.20gb (0),1,,13,"void ch_est::chEstFilterNoDftSOfdmDispatchKernel<float, __half, float, (unsigned int)2>(ch_est::puschRxChEstStatDescr_t *, ch_est::puschRxChEstDynDescr_t *)"
3254169888,8415,54836,103,1,1,128,1,1,16,0.000,0.000,,,,,NVIDIA A100-SXM4-40GB MIG 4g.20gb (0),1,,13,cupy_copy__complex64_complex64
3254220351,22208,54846,1434,1,1,128,1,1,16,0.000,0.000,,,,,NVIDIA A100-SXM4-40GB MIG 4g.20gb (0),1,,13,cupy_copy__complex64_complex64
3254297950,9920,54853,103,1,1,128,1,1,16,0.000,0.000,,,,,NVIDIA A100-SXM4-40GB MIG 4g.20gb (0),1,,13,cupy_copy__complex64_complex64
3254351261,258781,54860,1,1,1,32,32,1,30,0.000,0.000,,,,,NVIDIA A100-SXM4-40GB MIG 4g.20gb (0),1,,13,"void convert_kernel<__half2, float2>(tensor_layout_any, T1 *, tensor_layout_any, const T2 *)"
3254642522,5408,54863,,,,,,,,,,0.094,17325.421,Pinned,Device,NVIDIA A100-SXM4-40GB MIG 4g.20gb (0),1,,13,[CUDA memcpy Host-to-Device]
3254715705,62976,54864,,,,,,,,,,35.810,568625.720,Device,,NVIDIA A100-SXM4-40GB MIG 4g.20gb (0),1,,13,[CUDA memset]
3254783256,1824,54866,,,,,,,,,,0.000,43.860,Pinned,Device,NVIDIA A100-SXM4-40GB MIG 4g.20gb (0),1,,13,[CUDA memcpy Host-to-Device]
3254787512,9536,54867,,,,,,,,,,0.197,20617.298,Pinned,Device,NVIDIA A100-SXM4-40GB MIG 4g.20gb (0),1,,13,[CUDA memcpy Host-to-Device]
3254897239,30624,54868,273,1,1,48,1,1,40,0.000,0.001,,,,,NVIDIA A100-SXM4-40GB MIG 4g.20gb (0),1,,13,"void pusch_noise_intf_est::noiseIntfEstNoDftSOfdmKernel<float, __half, float, float, (unsigned int)2, (unsigned int)1, (unsigned char)4, (unsigned char)4>(pusch_noise_intf_est::puschRxNoiseIntfEstDynDescr)"
3254976982,8512,54879,35,1,1,128,1,1,16,0.000,0.000,,,,,NVIDIA A100-SXM4-40GB MIG 4g.20gb (0),1,,13,cupy_copy__complex64_complex64
3255019798,9088,54888,1,1,1,1,1,1,18,0.000,0.000,,,,,NVIDIA A100-SXM4-40GB MIG 4g.20gb (0),1,,13,cupy_copy__float32_float32
3255032534,1568,54894,,,,,,,,,,0.000,2.551,Device,Pageable,NVIDIA A100-SXM4-40GB MIG 4g.20gb (0),1,,7,[CUDA memcpy Device-to-Host]
3255112117,17824,54905,1434,1,1,128,1,1,16,0.000,0.000,,,,,NVIDIA A100-SXM4-40GB MIG 4g.20gb (0),1,,13,cupy_copy__complex64_complex64
3255162612,6240,54912,103,1,1,128,1,1,16,0.000,0.000,,,,,NVIDIA A100-SXM4-40GB MIG 4g.20gb (0),1,,13,cupy_copy__complex64_complex64
3255234163,8384,54919,35,1,1,128,1,1,16,0.000,0.000,,,,,NVIDIA A100-SXM4-40GB MIG 4g.20gb (0),1,,13,cupy_copy__complex64_complex64
3255292851,4928,54926,1,1,1,1,1,1,18,0.000,0.000,,,,,NVIDIA A100-SXM4-40GB MIG 4g.20gb (0),1,,13,cupy_copy__float32_float32
3255401329,254173,54937,1,1,1,32,32,1,30,0.000,0.000,,,,,NVIDIA A100-SXM4-40GB MIG 4g.20gb (0),1,,13,"void convert_kernel<__half2, float2>(tensor_layout_any, T1 *, tensor_layout_any, const T2 *)"
3255684142,5376,54940,,,,,,,,,,0.094,17428.487,Pinned,Device,NVIDIA A100-SXM4-40GB MIG 4g.20gb (0),1,,13,[CUDA memcpy Host-to-Device]
3255735054,13247,54941,,,,,,,,,,1.547,116751.553,Device,,NVIDIA A100-SXM4-40GB MIG 4g.20gb (0),1,,13,[CUDA memset]
3255750317,3296,54946,,,,,,,,,,0.031,9495.144,Pinned,Device,NVIDIA A100-SXM4-40GB MIG 4g.20gb (0),1,,13,[CUDA memcpy Host-to-Device]
3255757197,11936,54947,,,,,,,,,,0.197,16471.818,Pinned,Device,NVIDIA A100-SXM4-40GB MIG 4g.20gb (0),1,,13,[CUDA memcpy Host-to-Device]
3255847852,32000,54948,273,1,1,8,4,1,39,0.002,0.000,,,,,NVIDIA A100-SXM4-40GB MIG 4g.20gb (0),1,,13,"void channel_eq::eqMmseCoefCompLowMimoKernel<float, float, float, (unsigned int)4, (unsigned int)1, (unsigned int)4>(const channel_eq::_puschRxChEqStatDescr *, channel_eq::_puschRxChEqCoefCompDynDescr)"
3255910668,42687,54949,273,1,1,12,11,1,51,0.002,0.000,,,,,NVIDIA A100-SXM4-40GB MIG 4g.20gb (0),1,,13,"void channel_eq::eqMmseSoftDemapKernel<float, __half, __half, float, (unsigned int)4, (unsigned short)16383>(channel_eq::_puschRxChEqStatDescr *, channel_eq::_puschRxChEqSoftDemapDynDescr)"
3255997675,586777,54950,1,1,1,32,32,1,30,0.000,0.000,,,,,NVIDIA A100-SXM4-40GB MIG 4g.20gb (0),1,,13,"void convert_kernel<float2, __half2>(tensor_layout_any, T1 *, tensor_layout_any, const T2 *)"
3256655427,19040,54962,2253,1,1,128,1,1,16,0.000,0.000,,,,,NVIDIA A100-SXM4-40GB MIG 4g.20gb (0),1,,13,cupy_copy__float16_float16
3256712642,7072,54971,282,1,1,128,1,1,16,0.000,0.000,,,,,NVIDIA A100-SXM4-40GB MIG 4g.20gb (0),1,,13,cupy_copy__complex64_complex64
3256790049,8992,54980,26,1,1,128,1,1,16,0.000,0.000,,,,,NVIDIA A100-SXM4-40GB MIG 4g.20gb (0),1,,13,cupy_copy__float32_float32
3256832097,20160,54989,103,1,1,128,1,1,16,0.000,0.000,,,,,NVIDIA A100-SXM4-40GB MIG 4g.20gb (0),1,,13,cupy_copy__complex64_complex64
3256904832,16800,54999,1434,1,1,128,1,1,16,0.000,0.000,,,,,NVIDIA A100-SXM4-40GB MIG 4g.20gb (0),1,,13,cupy_copy__complex64_complex64
3256956064,240797,55004,1,1,1,32,32,1,30,0.000,0.000,,,,,NVIDIA A100-SXM4-40GB MIG 4g.20gb (0),1,,13,"void convert_kernel<__half2, float2>(tensor_layout_any, T1 *, tensor_layout_any, const T2 *)"
3257226524,5664,55007,,,,,,,,,,0.094,16542.310,Pinned,Device,NVIDIA A100-SXM4-40GB MIG 4g.20gb (0),1,,13,[CUDA memcpy Host-to-Device]
3257317819,634745,55008,,,,,,,,,,456.561,719084.268,Device,,NVIDIA A100-SXM4-40GB MIG 4g.20gb (0),1,,13,[CUDA memset]
3257958420,52223,55013,,,,,,,,,,1.235,23646.708,Pinned,Device,NVIDIA A100-SXM4-40GB MIG 4g.20gb (0),1,,13,[CUDA memcpy Host-to-Device]
3258013075,9376,55014,,,,,,,,,,0.197,20969.226,Pinned,Device,NVIDIA A100-SXM4-40GB MIG 4g.20gb (0),1,,13,[CUDA memcpy Host-to-Device]
3258085203,30239,55015,69,4,1,48,1,1,76,0.002,0.000,,,,,NVIDIA A100-SXM4-40GB MIG 4g.20gb (0),1,,13,"void ch_est::windowedChEstPreNoDftSOfdmKernel<float, __half, float, (unsigned int)2, (unsigned int)1, (unsigned short)4>(ch_est::puschRxChEstStatDescr_t *, ch_est::puschRxChEstDynDescr_t *)"
3258162962,29567,55016,137,2,1,24,2,1,44,0.001,0.001,,,,,NVIDIA A100-SXM4-40GB MIG 4g.20gb (0),1,,13,"void ch_est::chEstFilterNoDftSOfdmDispatchKernel<float, __half, float, (unsigned int)2>(ch_est::puschRxChEstStatDescr_t *, ch_est::puschRxChEstDynDescr_t *)"
3258217713,36288,55017,137,2,1,24,2,1,44,0.001,0.001,,,,,NVIDIA A100-SXM4-40GB MIG 4g.20gb (0),1,,13,"void ch_est::chEstFilterNoDftSOfdmDispatchKernel<float, __half, float, (unsigned int)2>(ch_est::puschRxChEstStatDescr_t *, ch_est::puschRxChEstDynDescr_t *)"
3258289168,12352,55028,103,1,1,128,1,1,16,0.000,0.000,,,,,NVIDIA A100-SXM4-40GB MIG 4g.20gb (0),1,,13,cupy_copy__complex64_complex64
3258345872,19327,55038,1434,1,1,128,1,1,16,0.000,0.000,,,,,NVIDIA A100-SXM4-40GB MIG 4g.20gb (0),1,,13,cupy_copy__complex64_complex64
3258419407,6560,55045,103,1,1,128,1,1,16,0.000,0.000,,,,,NVIDIA A100-SXM4-40GB MIG 4g.20gb (0),1,,13,cupy_copy__complex64_complex64
3258478254,259453,55052,1,1,1,32,32,1,30,0.000,0.000,,,,,NVIDIA A100-SXM4-40GB MIG 4g.20gb (0),1,,13,"void convert_kernel<__half2, float2>(tensor_layout_any, T1 *, tensor_layout_any, const T2 *)"
3258767435,5440,55055,,,,,,,,,,0.094,17223.480,Pinned,Device,NVIDIA A100-SXM4-40GB MIG 4g.20gb (0),1,,13,[CUDA memcpy Host-to-Device]
3258841258,63391,55056,,,,,,,,,,35.810,564901.488,Device,,NVIDIA A100-SXM4-40GB MIG 4g.20gb (0),1,,13,[CUDA memset]
3258906153,1824,55058,,,,,,,,,,0.000,43.860,Pinned,Device,NVIDIA A100-SXM4-40GB MIG 4g.20gb (0),1,,13,[CUDA memcpy Host-to-Device]
3258911273,9440,55059,,,,,,,,,,0.197,20827.079,Pinned,Device,NVIDIA A100-SXM4-40GB MIG 4g.20gb (0),1,,13,[CUDA memcpy Host-to-Device]
3259028168,35455,55060,273,1,1,48,1,1,40,0.000,0.001,,,,,NVIDIA A100-SXM4-40GB MIG 4g.20gb (0),1,,13,"void pusch_noise_intf_est::noiseIntfEstNoDftSOfdmKernel<float, __half, float, float, (unsigned int)2, (unsigned int)1, (unsigned char)4, (unsigned char)4>(pusch_noise_intf_est::puschRxNoiseIntfEstDynDescr)"
3259105479,13984,55071,35,1,1,128,1,1,16,0.000,0.000,,,,,NVIDIA A100-SXM4-40GB MIG 4g.20gb (0),1,,13,cupy_copy__complex64_complex64
3259142790,9024,55080,1,1,1,1,1,1,18,0.000,0.000,,,,,NVIDIA A100-SXM4-40GB MIG 4g.20gb (0),1,,13,cupy_copy__float32_float32
3259158502,1952,55086,,,,,,,,,,0.000,2.049,Device,Pageable,NVIDIA A100-SXM4-40GB MIG 4g.20gb (0),1,,7,[CUDA memcpy Device-to-Host]
3259238309,18176,55097,1434,1,1,128,1,1,16,0.000,0.000,,,,,NVIDIA A100-SXM4-40GB MIG 4g.20gb (0),1,,13,cupy_copy__complex64_complex64
3259294309,7360,55104,103,1,1,128,1,1,16,0.000,0.000,,,,,NVIDIA A100-SXM4-40GB MIG 4g.20gb (0),1,,13,cupy_copy__complex64_complex64
3259365124,9664,55111,35,1,1,128,1,1,16,0.000,0.000,,,,,NVIDIA A100-SXM4-40GB MIG 4g.20gb (0),1,,13,cupy_copy__complex64_complex64
3259426851,4416,55118,1,1,1,1,1,1,18,0.000,0.000,,,,,NVIDIA A100-SXM4-40GB MIG 4g.20gb (0),1,,13,cupy_copy__float32_float32
3259538402,247773,55129,1,1,1,32,32,1,30,0.000,0.000,,,,,NVIDIA A100-SXM4-40GB MIG 4g.20gb (0),1,,13,"void convert_kernel<__half2, float2>(tensor_layout_any, T1 *, tensor_layout_any, const T2 *)"
3259815551,5600,55132,,,,,,,,,,0.094,16731.388,Pinned,Device,NVIDIA A100-SXM4-40GB MIG 4g.20gb (0),1,,13,[CUDA memcpy Host-to-Device]
3259940221,26336,55133,,,,,,,,,,1.547,58725.313,Device,,NVIDIA A100-SXM4-40GB MIG 4g.20gb (0),1,,13,[CUDA memset]
3259971197,3584,55138,,,,,,,,,,0.031,8732.116,Pinned,Device,NVIDIA A100-SXM4-40GB MIG 4g.20gb (0),1,,13,[CUDA memcpy Host-to-Device]
3259977245,9664,55139,,,,,,,,,,0.197,20344.209,Pinned,Device,NVIDIA A100-SXM4-40GB MIG 4g.20gb (0),1,,13,[CUDA memcpy Host-to-Device]
3260044860,29344,55140,273,1,1,8,4,1,39,0.002,0.000,,,,,NVIDIA A100-SXM4-40GB MIG 4g.20gb (0),1,,13,"void channel_eq::eqMmseCoefCompLowMimoKernel<float, float, float, (unsigned int)4, (unsigned int)1, (unsigned int)4>(const channel_eq::_puschRxChEqStatDescr *, channel_eq::_puschRxChEqCoefCompDynDescr)"
3260120827,38432,55141,273,1,1,12,11,1,51,0.002,0.000,,,,,NVIDIA A100-SXM4-40GB MIG 4g.20gb (0),1,,13,"void channel_eq::eqMmseSoftDemapKernel<float, __half, __half, float, (unsigned int)4, (unsigned short)16383>(channel_eq::_puschRxChEqStatDescr *, channel_eq::_puschRxChEqSoftDemapDynDescr)"
3260203578,588089,55142,1,1,1,32,32,1,30,0.000,0.000,,,,,NVIDIA A100-SXM4-40GB MIG 4g.20gb (0),1,,13,"void convert_kernel<float2, __half2>(tensor_layout_any, T1 *, tensor_layout_any, const T2 *)"
3260852851,17984,55154,2253,1,1,128,1,1,16,0.000,0.000,,,,,NVIDIA A100-SXM4-40GB MIG 4g.20gb (0),1,,13,cupy_copy__float16_float16
3260907314,9056,55163,282,1,1,128,1,1,16,0.000,0.000,,,,,NVIDIA A100-SXM4-40GB MIG 4g.20gb (0),1,,13,cupy_copy__complex64_complex64
3260982897,4608,55172,26,1,1,128,1,1,16,0.000,0.000,,,,,NVIDIA A100-SXM4-40GB MIG 4g.20gb (0),1,,13,cupy_copy__float32_float32
3261019569,18624,55181,103,1,1,128,1,1,16,0.000,0.000,,,,,NVIDIA A100-SXM4-40GB MIG 4g.20gb (0),1,,13,cupy_copy__complex64_complex64
3261095344,17056,55191,1434,1,1,128,1,1,16,0.000,0.000,,,,,NVIDIA A100-SXM4-40GB MIG 4g.20gb (0),1,,13,cupy_copy__complex64_complex64
3261150991,240126,55196,1,1,1,32,32,1,30,0.000,0.000,,,,,NVIDIA A100-SXM4-40GB MIG 4g.20gb (0),1,,13,"void convert_kernel<__half2, float2>(tensor_layout_any, T1 *, tensor_layout_any, const T2 *)"
3261420204,5376,55199,,,,,,,,,,0.094,17428.487,Pinned,Device,NVIDIA A100-SXM4-40GB MIG 4g.20gb (0),1,,13,[CUDA memcpy Host-to-Device]
3261464812,623705,55200,,,,,,,,,,456.561,731867.988,Device,,NVIDIA A100-SXM4-40GB MIG 4g.20gb (0),1,,13,[CUDA memset]
3262095236,54976,55205,,,,,,,,,,1.235,22462.396,Pinned,Device,NVIDIA A100-SXM4-40GB MIG 4g.20gb (0),1,,13,[CUDA memcpy Host-to-Device]
3262153252,9952,55206,,,,,,,,,,0.197,19755.565,Pinned,Device,NVIDIA A100-SXM4-40GB MIG 4g.20gb (0),1,,13,[CUDA memcpy Host-to-Device]
3262220739,27520,55207,69,4,1,48,1,1,76,0.002,0.000,,,,,NVIDIA A100-SXM4-40GB MIG 4g.20gb (0),1,,13,"void ch_est::windowedChEstPreNoDftSOfdmKernel<float, __half, float, (unsigned int)2, (unsigned int)1, (unsigned short)4>(ch_est::puschRxChEstStatDescr_t *, ch_est::puschRxChEstDynDescr_t *)"
3262288866,15008,55208,137,2,1,24,2,1,44,0.001,0.001,,,,,NVIDIA A100-SXM4-40GB MIG 4g.20gb (0),1,,13,"void ch_est::chEstFilterNoDftSOfdmDispatchKernel<float, __half, float, (unsigned int)2>(ch_est::puschRxChEstStatDescr_t *, ch_est::puschRxChEstDynDescr_t *)"
3262369185,27872,55209,137,2,1,24,2,1,44,0.001,0.001,,,,,NVIDIA A100-SXM4-40GB MIG 4g.20gb (0),1,,13,"void ch_est::chEstFilterNoDftSOfdmDispatchKernel<float, __half, float, (unsigned int)2>(ch_est::puschRxChEstStatDescr_t *, ch_est::puschRxChEstDynDescr_t *)"
3262413281,8256,55220,103,1,1,128,1,1,16,0.000,0.000,,,,,NVIDIA A100-SXM4-40GB MIG 4g.20gb (0),1,,13,cupy_copy__complex64_complex64
3262488768,17216,55230,1434,1,1,128,1,1,16,0.000,0.000,,,,,NVIDIA A100-SXM4-40GB MIG 4g.20gb (0),1,,13,cupy_copy__complex64_complex64
3262541855,6208,55237,103,1,1,128,1,1,16,0.000,0.000,,,,,NVIDIA A100-SXM4-40GB MIG 4g.20gb (0),1,,13,cupy_copy__complex64_complex64
3262619198,249694,55244,1,1,1,32,32,1,30,0.000,0.000,,,,,NVIDIA A100-SXM4-40GB MIG 4g.20gb (0),1,,13,"void convert_kernel<__half2, float2>(tensor_layout_any, T1 *, tensor_layout_any, const T2 *)"
3262898875,6368,55247,,,,,,,,,,0.094,14713.551,Pinned,Device,NVIDIA A100-SXM4-40GB MIG 4g.20gb (0),1,,13,[CUDA memcpy Host-to-Device]
3262991962,56703,55248,,,,,,,,,,35.810,631507.939,Device,,NVIDIA A100-SXM4-40GB MIG 4g.20gb (0),1,,13,[CUDA memset]
3263051353,2912,55250,,,,,,,,,,0.000,27.472,Pinned,Device,NVIDIA A100-SXM4-40GB MIG 4g.20gb (0),1,,13,[CUDA memcpy Host-to-Device]
3263056729,10400,55251,,,,,,,,,,0.197,18904.449,Pinned,Device,NVIDIA A100-SXM4-40GB MIG 4g.20gb (0),1,,13,[CUDA memcpy Host-to-Device]
3263177464,30976,55252,273,1,1,48,1,1,40,0.000,0.001,,,,,NVIDIA A100-SXM4-40GB MIG 4g.20gb (0),1,,13,"void pusch_noise_intf_est::noiseIntfEstNoDftSOfdmKernel<float, __half, float, float, (unsigned int)2, (unsigned int)1, (unsigned char)4, (unsigned char)4>(pusch_noise_intf_est::puschRxNoiseIntfEstDynDescr)"
3263237207,15328,55263,35,1,1,128,1,1,16,0.000,0.000,,,,,NVIDIA A100-SXM4-40GB MIG 4g.20gb (0),1,,13,cupy_copy__complex64_complex64
3263301559,4576,55272,1,1,1,1,1,1,18,0.000,0.000,,,,,NVIDIA A100-SXM4-40GB MIG 4g.20gb (0),1,,13,cupy_copy__float32_float32
3263311766,1600,55278,,,,,,,,,,0.000,2.500,Device,Pageable,NVIDIA A100-SXM4-40GB MIG 4g.20gb (0),1,,7,[CUDA memcpy Device-to-Host]
3263420277,17824,55289,1434,1,1,128,1,1,16,0.000,0.000,,,,,NVIDIA A100-SXM4-40GB MIG 4g.20gb (0),1,,13,cupy_copy__complex64_complex64
3263477941,8063,55296,103,1,1,128,1,1,16,0.000,0.000,,,,,NVIDIA A100-SXM4-40GB MIG 4g.20gb (0),1,,13,cupy_copy__complex64_complex64
3263550772,9536,55303,35,1,1,128,1,1,16,0.000,0.000,,,,,NVIDIA A100-SXM4-40GB MIG 4g.20gb (0),1,,13,cupy_copy__complex64_complex64
3263605971,4512,55310,1,1,1,1,1,1,18,0.000,0.000,,,,,NVIDIA A100-SXM4-40GB MIG 4g.20gb (0),1,,13,cupy_copy__float32_float32
3263714738,256989,55321,1,1,1,32,32,1,30,0.000,0.000,,,,,NVIDIA A100-SXM4-40GB MIG 4g.20gb (0),1,,13,"void convert_kernel<__half2, float2>(tensor_layout_any, T1 *, tensor_layout_any, const T2 *)"
3264003503,5407,55324,,,,,,,,,,0.094,17328.607,Pinned,Device,NVIDIA A100-SXM4-40GB MIG 4g.20gb (0),1,,13,[CUDA memcpy Host-to-Device]
3264041486,10208,55325,,,,,,,,,,1.547,151510.380,Device,,NVIDIA A100-SXM4-40GB MIG 4g.20gb (0),1,,13,[CUDA memset]
3264054158,3424,55330,,,,,,,,,,0.031,9140.185,Pinned,Device,NVIDIA A100-SXM4-40GB MIG 4g.20gb (0),1,,13,[CUDA memcpy Host-to-Device]
3264060046,9536,55331,,,,,,,,,,0.197,20617.298,Pinned,Device,NVIDIA A100-SXM4-40GB MIG 4g.20gb (0),1,,13,[CUDA memcpy Host-to-Device]
3264148237,26208,55332,273,1,1,8,4,1,39,0.002,0.000,,,,,NVIDIA A100-SXM4-40GB MIG 4g.20gb (0),1,,13,"void channel_eq::eqMmseCoefCompLowMimoKernel<float, float, float, (unsigned int)4, (unsigned int)1, (unsigned int)4>(const channel_eq::_puschRxChEqStatDescr *, channel_eq::_puschRxChEqCoefCompDynDescr)"
3264214700,43104,55333,273,1,1,12,11,1,51,0.002,0.000,,,,,NVIDIA A100-SXM4-40GB MIG 4g.20gb (0),1,,13,"void channel_eq::eqMmseSoftDemapKernel<float, __half, __half, float, (unsigned int)4, (unsigned short)16383>(channel_eq::_puschRxChEqStatDescr *, channel_eq::_puschRxChEqSoftDemapDynDescr)"
3264302859,591833,55334,1,1,1,32,32,1,30,0.000,0.000,,,,,NVIDIA A100-SXM4-40GB MIG 4g.20gb (0),1,,13,"void convert_kernel<float2, __half2>(tensor_layout_any, T1 *, tensor_layout_any, const T2 *)"
3264917892,20352,55346,2253,1,1,128,1,1,16,0.000,0.000,,,,,NVIDIA A100-SXM4-40GB MIG 4g.20gb (0),1,,13,cupy_copy__float16_float16
3264988003,16704,55355,282,1,1,128,1,1,16,0.000,0.000,,,,,NVIDIA A100-SXM4-40GB MIG 4g.20gb (0),1,,13,cupy_copy__complex64_complex64
3265038691,7072,55364,26,1,1,128,1,1,16,0.000,0.000,,,,,NVIDIA A100-SXM4-40GB MIG 4g.20gb (0),1,,13,cupy_copy__float32_float32
3265105378,13280,55373,103,1,1,128,1,1,16,0.000,0.000,,,,,NVIDIA A100-SXM4-40GB MIG 4g.20gb (0),1,,13,cupy_copy__complex64_complex64
3265225664,27808,55383,1434,1,1,128,1,1,16,0.000,0.000,,,,,NVIDIA A100-SXM4-40GB MIG 4g.20gb (0),1,,13,cupy_copy__complex64_complex64
3265328639,257533,55388,1,1,1,32,32,1,30,0.000,0.000,,,,,NVIDIA A100-SXM4-40GB MIG 4g.20gb (0),1,,13,"void convert_kernel<__half2, float2>(tensor_layout_any, T1 *, tensor_layout_any, const T2 *)"
3265615228,5408,55391,,,,,,,,,,0.094,17325.421,Pinned,Device,NVIDIA A100-SXM4-40GB MIG 4g.20gb (0),1,,13,[CUDA memcpy Host-to-Device]
3265718619,627097,55392,,,,,,,,,,456.561,727758.935,Device,,NVIDIA A100-SXM4-40GB MIG 4g.20gb (0),1,,13,[CUDA memset]
3266349588,50815,55397,,,,,,,,,,1.235,24302.463,Pinned,Device,NVIDIA A100-SXM4-40GB MIG 4g.20gb (0),1,,13,[CUDA memcpy Host-to-Device]
3266402835,10656,55398,,,,,,,,,,0.197,18450.285,Pinned,Device,NVIDIA A100-SXM4-40GB MIG 4g.20gb (0),1,,13,[CUDA memcpy Host-to-Device]
3266477234,28608,55399,69,4,1,48,1,1,76,0.002,0.000,,,,,NVIDIA A100-SXM4-40GB MIG 4g.20gb (0),1,,13,"void ch_est::windowedChEstPreNoDftSOfdmKernel<float, __half, float, (unsigned int)2, (unsigned int)1, (unsigned short)4>(ch_est::puschRxChEstStatDescr_t *, ch_est::puschRxChEstDynDescr_t *)"
3266544497,13984,55400,137,2,1,24,2,1,44,0.001,0.001,,,,,NVIDIA A100-SXM4-40GB MIG 4g.20gb (0),1,,13,"void ch_est::chEstFilterNoDftSOfdmDispatchKernel<float, __half, float, (unsigned int)2>(ch_est::puschRxChEstStatDescr_t *, ch_est::puschRxChEstDynDescr_t *)"
3266629616,23552,55401,137,2,1,24,2,1,44,0.001,0.001,,,,,NVIDIA A100-SXM4-40GB MIG 4g.20gb (0),1,,13,"void ch_est::chEstFilterNoDftSOfdmDispatchKernel<float, __half, float, (unsigned int)2>(ch_est::puschRxChEstStatDescr_t *, ch_est::puschRxChEstDynDescr_t *)"
3266668080,5920,55412,103,1,1,128,1,1,16,0.000,0.000,,,,,NVIDIA A100-SXM4-40GB MIG 4g.20gb (0),1,,13,cupy_copy__complex64_complex64
3266746447,15648,55422,1434,1,1,128,1,1,16,0.000,0.000,,,,,NVIDIA A100-SXM4-40GB MIG 4g.20gb (0),1,,13,cupy_copy__complex64_complex64
3266799182,5600,55429,103,1,1,128,1,1,16,0.000,0.000,,,,,NVIDIA A100-SXM4-40GB MIG 4g.20gb (0),1,,13,cupy_copy__complex64_complex64
3266872110,249565,55436,1,1,1,32,32,1,30,0.000,0.000,,,,,NVIDIA A100-SXM4-40GB MIG 4g.20gb (0),1,,13,"void convert_kernel<__half2, float2>(tensor_layout_any, T1 *, tensor_layout_any, const T2 *)"
3267153770,6592,55439,,,,,,,,,,0.094,14213.590,Pinned,Device,NVIDIA A100-SXM4-40GB MIG 4g.20gb (0),1,,13,[CUDA memcpy Host-to-Device]
3267232585,60736,55440,,,,,,,,,,35.810,589574.523,Device,,NVIDIA A100-SXM4-40GB MIG 4g.20gb (0),1,,13,[CUDA memset]
3267299177,1824,55442,,,,,,,,,,0.000,43.860,Pinned,Device,NVIDIA A100-SXM4-40GB MIG 4g.20gb (0),1,,13,[CUDA memcpy Host-to-Device]
3267303945,10143,55443,,,,,,,,,,0.197,19383.583,Pinned,Device,NVIDIA A100-SXM4-40GB MIG 4g.20gb (0),1,,13,[CUDA memcpy Host-to-Device]
3267411655,34528,55444,273,1,1,48,1,1,40,0.000,0.001,,,,,NVIDIA A100-SXM4-40GB MIG 4g.20gb (0),1,,13,"void pusch_noise_intf_est::noiseIntfEstNoDftSOfdmKernel<float, __half, float, float, (unsigned int)2, (unsigned int)1, (unsigned char)4, (unsigned char)4>(pusch_noise_intf_est::puschRxNoiseIntfEstDynDescr)"
3267478887,3776,55455,35,1,1,128,1,1,16,0.000,0.000,,,,,NVIDIA A100-SXM4-40GB MIG 4g.20gb (0),1,,13,cupy_copy__complex64_complex64
3267559686,6112,55464,1,1,1,1,1,1,18,0.000,0.000,,,,,NVIDIA A100-SXM4-40GB MIG 4g.20gb (0),1,,13,cupy_copy__float32_float32
3267568486,1600,55470,,,,,,,,,,0.000,2.500,Device,Pageable,NVIDIA A100-SXM4-40GB MIG 4g.20gb (0),1,,7,[CUDA memcpy Device-to-Host]
3267701604,18560,55481,1434,1,1,128,1,1,16,0.000,0.000,,,,,NVIDIA A100-SXM4-40GB MIG 4g.20gb (0),1,,13,cupy_copy__complex64_complex64
3267751107,6208,55488,103,1,1,128,1,1,16,0.000,0.000,,,,,NVIDIA A100-SXM4-40GB MIG 4g.20gb (0),1,,13,cupy_copy__complex64_complex64
3267823971,8767,55495,35,1,1,128,1,1,16,0.000,0.000,,,,,NVIDIA A100-SXM4-40GB MIG 4g.20gb (0),1,,13,cupy_copy__complex64_complex64
3267880962,4576,55502,1,1,1,1,1,1,18,0.000,0.000,,,,,NVIDIA A100-SXM4-40GB MIG 4g.20gb (0),1,,13,cupy_copy__float32_float32
3267986881,253757,55513,1,1,1,32,32,1,30,0.000,0.000,,,,,NVIDIA A100-SXM4-40GB MIG 4g.20gb (0),1,,13,"void convert_kernel<__half2, float2>(tensor_layout_any, T1 *, tensor_layout_any, const T2 *)"
3268271805,5888,55516,,,,,,,,,,0.094,15912.954,Pinned,Device,NVIDIA A100-SXM4-40GB MIG 4g.20gb (0),1,,13,[CUDA memcpy Host-to-Device]
3268320893,13344,55517,,,,,,,,,,1.547,115904.003,Device,,NVIDIA A100-SXM4-40GB MIG 4g.20gb (0),1,,13,[CUDA memset]
3268340573,3040,55522,,,,,,,,,,0.031,10294.725,Pinned,Device,NVIDIA A100-SXM4-40GB MIG 4g.20gb (0),1,,13,[CUDA memcpy Host-to-Device]
3268346269,9471,55523,,,,,,,,,,0.197,20758.856,Pinned,Device,NVIDIA A100-SXM4-40GB MIG 4g.20gb (0),1,,13,[CUDA memcpy Host-to-Device]
3268427996,25343,55524,273,1,1,8,4,1,39,0.002,0.000,,,,,NVIDIA A100-SXM4-40GB MIG 4g.20gb (0),1,,13,"void channel_eq::eqMmseCoefCompLowMimoKernel<float, float, float, (unsigned int)4, (unsigned int)1, (unsigned int)4>(const channel_eq::_puschRxChEqStatDescr *, channel_eq::_puschRxChEqCoefCompDynDescr)"
3268492187,43263,55525,273,1,1,12,11,1,51,0.002,0.000,,,,,NVIDIA A100-SXM4-40GB MIG 4g.20gb (0),1,,13,"void channel_eq::eqMmseSoftDemapKernel<float, __half, __half, float, (unsigned int)4, (unsigned short)16383>(channel_eq::_puschRxChEqStatDescr *, channel_eq::_puschRxChEqSoftDemapDynDescr)"
3268579706,677464,55526,1,1,1,32,32,1,30,0.000,0.000,,,,,NVIDIA A100-SXM4-40GB MIG 4g.20gb (0),1,,13,"void convert_kernel<float2, __half2>(tensor_layout_any, T1 *, tensor_layout_any, const T2 *)"
3269315057,19168,55538,2253,1,1,128,1,1,16,0.000,0.000,,,,,NVIDIA A100-SXM4-40GB MIG 4g.20gb (0),1,,13,cupy_copy__float16_float16
3269384273,16479,55547,282,1,1,128,1,1,16,0.000,0.000,,,,,NVIDIA A100-SXM4-40GB MIG 4g.20gb (0),1,,13,cupy_copy__complex64_complex64
3269436496,4896,55556,26,1,1,128,1,1,16,0.000,0.000,,,,,NVIDIA A100-SXM4-40GB MIG 4g.20gb (0),1,,13,cupy_copy__float32_float32
3269510511,13088,55565,103,1,1,128,1,1,16,0.000,0.000,,,,,NVIDIA A100-SXM4-40GB MIG 4g.20gb (0),1,,13,cupy_copy__complex64_complex64
3269611502,32864,55575,1434,1,1,128,1,1,16,0.000,0.000,,,,,NVIDIA A100-SXM4-40GB MIG 4g.20gb (0),1,,13,cupy_copy__complex64_complex64
3269705293,257277,55580,1,1,1,32,32,1,30,0.000,0.000,,,,,NVIDIA A100-SXM4-40GB MIG 4g.20gb (0),1,,13,"void convert_kernel<__half2, float2>(tensor_layout_any, T1 *, tensor_layout_any, const T2 *)"
3269991562,5376,55583,,,,,,,,,,0.094,17428.487,Pinned,Device,NVIDIA A100-SXM4-40GB MIG 4g.20gb (0),1,,13,[CUDA memcpy Host-to-Device]
3270013065,641561,55584,,,,,,,,,,456.561,711322.724,Device,,NVIDIA A100-SXM4-40GB MIG 4g.20gb (0),1,,13,[CUDA memset]
3270660034,52607,55589,,,,,,,,,,1.235,23473.816,Pinned,Device,NVIDIA A100-SXM4-40GB MIG 4g.20gb (0),1,,13,[CUDA memcpy Host-to-Device]
3270715073,9344,55590,,,,,,,,,,0.197,21040.988,Pinned,Device,NVIDIA A100-SXM4-40GB MIG 4g.20gb (0),1,,13,[CUDA memcpy Host-to-Device]
3270787681,19967,55591,69,4,1,48,1,1,76,0.002,0.000,,,,,NVIDIA A100-SXM4-40GB MIG 4g.20gb (0),1,,13,"void ch_est::windowedChEstPreNoDftSOfdmKernel<float, __half, float, (unsigned int)2, (unsigned int)1, (unsigned short)4>(ch_est::puschRxChEstStatDescr_t *, ch_est::puschRxChEstDynDescr_t *)"
3270868064,29951,55592,137,2,1,24,2,1,44,0.001,0.001,,,,,NVIDIA A100-SXM4-40GB MIG 4g.20gb (0),1,,13,"void ch_est::chEstFilterNoDftSOfdmDispatchKernel<float, __half, float, (unsigned int)2>(ch_est::puschRxChEstStatDescr_t *, ch_est::puschRxChEstDynDescr_t *)"
3270906943,40000,55593,137,2,1,24,2,1,44,0.001,0.001,,,,,NVIDIA A100-SXM4-40GB MIG 4g.20gb (0),1,,13,"void ch_est::chEstFilterNoDftSOfdmDispatchKernel<float, __half, float, (unsigned int)2>(ch_est::puschRxChEstStatDescr_t *, ch_est::puschRxChEstDynDescr_t *)"
3270989726,7808,55604,103,1,1,128,1,1,16,0.000,0.000,,,,,NVIDIA A100-SXM4-40GB MIG 4g.20gb (0),1,,13,cupy_copy__complex64_complex64
3271034718,25855,55614,1434,1,1,128,1,1,16,0.000,0.000,,,,,NVIDIA A100-SXM4-40GB MIG 4g.20gb (0),1,,13,cupy_copy__complex64_complex64
3271112797,8736,55621,103,1,1,128,1,1,16,0.000,0.000,,,,,NVIDIA A100-SXM4-40GB MIG 4g.20gb (0),1,,13,cupy_copy__complex64_complex64
3271168892,263101,55628,1,1,1,32,32,1,30,0.000,0.000,,,,,NVIDIA A100-SXM4-40GB MIG 4g.20gb (0),1,,13,"void convert_kernel<__half2, float2>(tensor_layout_any, T1 *, tensor_layout_any, const T2 *)"
3271461785,5408,55631,,,,,,,,,,0.094,17325.421,Pinned,Device,NVIDIA A100-SXM4-40GB MIG 4g.20gb (0),1,,13,[CUDA memcpy Host-to-Device]
3271528280,65087,55632,,,,,,,,,,35.810,550183.611,Device,,NVIDIA A100-SXM4-40GB MIG 4g.20gb (0),1,,13,[CUDA memset]
3271599895,2016,55634,,,,,,,,,,0.000,39.682,Pinned,Device,NVIDIA A100-SXM4-40GB MIG 4g.20gb (0),1,,13,[CUDA memcpy Host-to-Device]
3271604343,9344,55635,,,,,,,,,,0.197,21040.988,Pinned,Device,NVIDIA A100-SXM4-40GB MIG 4g.20gb (0),1,,13,[CUDA memcpy Host-to-Device]
3271706198,44223,55636,273,1,1,48,1,1,40,0.000,0.001,,,,,NVIDIA A100-SXM4-40GB MIG 4g.20gb (0),1,,13,"void pusch_noise_intf_est::noiseIntfEstNoDftSOfdmKernel<float, __half, float, float, (unsigned int)2, (unsigned int)1, (unsigned char)4, (unsigned char)4>(pusch_noise_intf_est::puschRxNoiseIntfEstDynDescr)"
3271781237,15616,55647,35,1,1,128,1,1,16,0.000,0.000,,,,,NVIDIA A100-SXM4-40GB MIG 4g.20gb (0),1,,13,cupy_copy__complex64_complex64
3271827285,2144,55656,1,1,1,1,1,1,18,0.000,0.000,,,,,NVIDIA A100-SXM4-40GB MIG 4g.20gb (0),1,,13,cupy_copy__float32_float32
3271832981,1599,55662,,,,,,,,,,0.000,2.502,Device,Pageable,NVIDIA A100-SXM4-40GB MIG 4g.20gb (0),1,,7,[CUDA memcpy Device-to-Host]
3271933331,16800,55673,1434,1,1,128,1,1,16,0.000,0.000,,,,,NVIDIA A100-SXM4-40GB MIG 4g.20gb (0),1,,13,cupy_copy__complex64_complex64
3271987155,6432,55680,103,1,1,128,1,1,16,0.000,0.000,,,,,NVIDIA A100-SXM4-40GB MIG 4g.20gb (0),1,,13,cupy_copy__complex64_complex64
3272063218,10944,55687,35,1,1,128,1,1,16,0.000,0.000,,,,,NVIDIA A100-SXM4-40GB MIG 4g.20gb (0),1,,13,cupy_copy__complex64_complex64
3272117393,4608,55694,1,1,1,1,1,1,18,0.000,0.000,,,,,NVIDIA A100-SXM4-40GB MIG 4g.20gb (0),1,,13,cupy_copy__float32_float32
3272233264,254557,55705,1,1,1,32,32,1,30,0.000,0.000,,,,,NVIDIA A100-SXM4-40GB MIG 4g.20gb (0),1,,13,"void convert_kernel<__half2, float2>(tensor_layout_any, T1 *, tensor_layout_any, const T2 *)"
3272517741,5376,55708,,,,,,,,,,0.094,17428.487,Pinned,Device,NVIDIA A100-SXM4-40GB MIG 4g.20gb (0),1,,13,[CUDA memcpy Host-to-Device]
3272628363,16288,55709,,,,,,,,,,1.547,94953.434,Device,,NVIDIA A100-SXM4-40GB MIG 4g.20gb (0),1,,13,[CUDA memset]
3272651243,3008,55714,,,,,,,,,,0.031,10404.230,Pinned,Device,NVIDIA A100-SXM4-40GB MIG 4g.20gb (0),1,,13,[CUDA memcpy Host-to-Device]
3272657099,10016,55715,,,,,,,,,,0.197,19629.343,Pinned,Device,NVIDIA A100-SXM4-40GB MIG 4g.20gb (0),1,,13,[CUDA memcpy Host-to-Device]
3272731274,24672,55716,273,1,1,8,4,1,39,0.002,0.000,,,,,NVIDIA A100-SXM4-40GB MIG 4g.20gb (0),1,,13,"void channel_eq::eqMmseCoefCompLowMimoKernel<float, float, float, (unsigned int)4, (unsigned int)1, (unsigned int)4>(const channel_eq::_puschRxChEqStatDescr *, channel_eq::_puschRxChEqCoefCompDynDescr)"
3272802057,44960,55717,273,1,1,12,11,1,51,0.002,0.000,,,,,NVIDIA A100-SXM4-40GB MIG 4g.20gb (0),1,,13,"void channel_eq::eqMmseSoftDemapKernel<float, __half, __half, float, (unsigned int)4, (unsigned short)16383>(channel_eq::_puschRxChEqStatDescr *, channel_eq::_puschRxChEqSoftDemapDynDescr)"
3272885032,589978,55718,1,1,1,32,32,1,30,0.000,0.000,,,,,NVIDIA A100-SXM4-40GB MIG 4g.20gb (0),1,,13,"void convert_kernel<float2, __half2>(tensor_layout_any, T1 *, tensor_layout_any, const T2 *)"
3273526721,17312,55730,2253,1,1,128,1,1,16,0.000,0.000,,,,,NVIDIA A100-SXM4-40GB MIG 4g.20gb (0),1,,13,cupy_copy__float16_float16
3273581024,8448,55739,282,1,1,128,1,1,16,0.000,0.000,,,,,NVIDIA A100-SXM4-40GB MIG 4g.20gb (0),1,,13,cupy_copy__complex64_complex64
3273655648,5183,55748,26,1,1,128,1,1,16,0.000,0.000,,,,,NVIDIA A100-SXM4-40GB MIG 4g.20gb (0),1,,13,cupy_copy__float32_float32
3273694815,16736,55757,103,1,1,128,1,1,16,0.000,0.000,,,,,NVIDIA A100-SXM4-40GB MIG 4g.20gb (0),1,,13,cupy_copy__complex64_complex64
3273765182,18368,55767,1434,1,1,128,1,1,16,0.000,0.000,,,,,NVIDIA A100-SXM4-40GB MIG 4g.20gb (0),1,,13,cupy_copy__complex64_complex64
3273817758,238205,55772,1,1,1,32,32,1,30,0.000,0.000,,,,,NVIDIA A100-SXM4-40GB MIG 4g.20gb (0),1,,13,"void convert_kernel<__half2, float2>(tensor_layout_any, T1 *, tensor_layout_any, const T2 *)"
3274085467,5376,55775,,,,,,,,,,0.094,17428.487,Pinned,Device,NVIDIA A100-SXM4-40GB MIG 4g.20gb (0),1,,13,[CUDA memcpy Host-to-Device]
3274135546,633433,55776,,,,,,,,,,456.561,720453.952,Device,,NVIDIA A100-SXM4-40GB MIG 4g.20gb (0),1,,13,[CUDA memset]
3274778259,54367,55781,,,,,,,,,,1.235,22714.325,Pinned,Device,NVIDIA A100-SXM4-40GB MIG 4g.20gb (0),1,,13,[CUDA memcpy Host-to-Device]
3274835090,9920,55782,,,,,,,,,,0.197,19819.266,Pinned,Device,NVIDIA A100-SXM4-40GB MIG 4g.20gb (0),1,,13,[CUDA memcpy Host-to-Device]
3274905937,26560,55783,69,4,1,48,1,1,76,0.002,0.000,,,,,NVIDIA A100-SXM4-40GB MIG 4g.20gb (0),1,,13,"void ch_est::windowedChEstPreNoDftSOfdmKernel<float, __half, float, (unsigned int)2, (unsigned int)1, (unsigned short)4>(ch_est::puschRxChEstStatDescr_t *, ch_est::puschRxChEstDynDescr_t *)"
3274971088,34560,55784,137,2,1,24,2,1,44,0.001,0.001,,,,,NVIDIA A100-SXM4-40GB MIG 4g.20gb (0),1,,13,"void ch_est::chEstFilterNoDftSOfdmDispatchKernel<float, __half, float, (unsigned int)2>(ch_est::puschRxChEstStatDescr_t *, ch_est::puschRxChEstDynDescr_t *)"
3275052687,26432,55785,137,2,1,24,2,1,44,0.001,0.001,,,,,NVIDIA A100-SXM4-40GB MIG 4g.20gb (0),1,,13,"void ch_est::chEstFilterNoDftSOfdmDispatchKernel<float, __half, float, (unsigned int)2>(ch_est::puschRxChEstStatDescr_t *, ch_est::puschRxChEstDynDescr_t *)"
3275091791,9280,55796,103,1,1,128,1,1,16,0.000,0.000,,,,,NVIDIA A100-SXM4-40GB MIG 4g.20gb (0),1,,13,cupy_copy__complex64_complex64
3275168654,16128,55806,1434,1,1,128,1,1,16,0.000,0.000,,,,,NVIDIA A100-SXM4-40GB MIG 4g.20gb (0),1,,13,cupy_copy__complex64_complex64
3275224942,5855,55813,103,1,1,128,1,1,16,0.000,0.000,,,,,NVIDIA A100-SXM4-40GB MIG 4g.20gb (0),1,,13,cupy_copy__complex64_complex64
3275302861,269277,55820,1,1,1,32,32,1,30,0.000,0.000,,,,,NVIDIA A100-SXM4-40GB MIG 4g.20gb (0),1,,13,"void convert_kernel<__half2, float2>(tensor_layout_any, T1 *, tensor_layout_any, const T2 *)"
3275602857,5952,55823,,,,,,,,,,0.094,15741.865,Pinned,Device,NVIDIA A100-SXM4-40GB MIG 4g.20gb (0),1,,13,[CUDA memcpy Host-to-Device]
3275673032,56704,55824,,,,,,,,,,35.810,631507.939,Device,,NVIDIA A100-SXM4-40GB MIG 4g.20gb (0),1,,13,[CUDA memset]
3275730664,2624,55826,,,,,,,,,,0.000,30.488,Pinned,Device,NVIDIA A100-SXM4-40GB MIG 4g.20gb (0),1,,13,[CUDA memcpy Host-to-Device]
3275737128,12127,55827,,,,,,,,,,0.197,16212.296,Pinned,Device,NVIDIA A100-SXM4-40GB MIG 4g.20gb (0),1,,13,[CUDA memcpy Host-to-Device]
3275861286,21344,55828,273,1,1,48,1,1,40,0.000,0.001,,,,,NVIDIA A100-SXM4-40GB MIG 4g.20gb (0),1,,13,"void pusch_noise_intf_est::noiseIntfEstNoDftSOfdmKernel<float, __half, float, float, (unsigned int)2, (unsigned int)1, (unsigned char)4, (unsigned char)4>(pusch_noise_intf_est::puschRxNoiseIntfEstDynDescr)"
3275895334,10400,55839,35,1,1,128,1,1,16,0.000,0.000,,,,,NVIDIA A100-SXM4-40GB MIG 4g.20gb (0),1,,13,cupy_copy__complex64_complex64
3275965829,3520,55848,1,1,1,1,1,1,18,0.000,0.000,,,,,NVIDIA A100-SXM4-40GB MIG 4g.20gb (0),1,,13,cupy_copy__float32_float32
3275971333,1664,55854,,,,,,,,,,0.000,2.404,Device,Pageable,NVIDIA A100-SXM4-40GB MIG 4g.20gb (0),1,,7,[CUDA memcpy Device-to-Host]
3276069252,16480,55865,1434,1,1,128,1,1,16,0.000,0.000,,,,,NVIDIA A100-SXM4-40GB MIG 4g.20gb (0),1,,13,cupy_copy__complex64_complex64
3276088068,3520,55872,103,1,1,128,1,1,16,0.000,0.000,,,,,NVIDIA A100-SXM4-40GB MIG 4g.20gb (0),1,,13,cupy_copy__complex64_complex64
3276130243,5120,55879,35,1,1,128,1,1,16,0.000,0.000,,,,,NVIDIA A100-SXM4-40GB MIG 4g.20gb (0),1,,13,cupy_copy__complex64_complex64
3276210210,3008,55886,1,1,1,1,1,1,18,0.000,0.000,,,,,NVIDIA A100-SXM4-40GB MIG 4g.20gb (0),1,,13,cupy_copy__float32_float32
3276328929,258333,55897,1,1,1,32,32,1,30,0.000,0.000,,,,,NVIDIA A100-SXM4-40GB MIG 4g.20gb (0),1,,13,"void convert_kernel<__half2, float2>(tensor_layout_any, T1 *, tensor_layout_any, const T2 *)"
3276617086,5375,55900,,,,,,,,,,0.094,17431.766,Pinned,Device,NVIDIA A100-SXM4-40GB MIG 4g.20gb (0),1,,13,[CUDA memcpy Host-to-Device]
3276708060,13184,55901,,,,,,,,,,1.547,117309.884,Device,,NVIDIA A100-SXM4-40GB MIG 4g.20gb (0),1,,13,[CUDA memset]
3276721916,3168,55906,,,,,,,,,,0.031,9878.770,Pinned,Device,NVIDIA A100-SXM4-40GB MIG 4g.20gb (0),1,,13,[CUDA memcpy Host-to-Device]
3276728188,10048,55907,,,,,,,,,,0.197,19566.821,Pinned,Device,NVIDIA A100-SXM4-40GB MIG 4g.20gb (0),1,,13,[CUDA memcpy Host-to-Device]
3276815675,32288,55908,273,1,1,8,4,1,39,0.002,0.000,,,,,NVIDIA A100-SXM4-40GB MIG 4g.20gb (0),1,,13,"void channel_eq::eqMmseCoefCompLowMimoKernel<float, float, float, (unsigned int)4, (unsigned int)1, (unsigned int)4>(const channel_eq::_puschRxChEqStatDescr *, channel_eq::_puschRxChEqCoefCompDynDescr)"
3276879099,44191,55909,273,1,1,12,11,1,51,0.002,0.000,,,,,NVIDIA A100-SXM4-40GB MIG 4g.20gb (0),1,,13,"void channel_eq::eqMmseSoftDemapKernel<float, __half, __half, float, (unsigned int)4, (unsigned short)16383>(channel_eq::_puschRxChEqStatDescr *, channel_eq::_puschRxChEqSoftDemapDynDescr)"
3276968313,684633,55910,1,1,1,32,32,1,30,0.000,0.000,,,,,NVIDIA A100-SXM4-40GB MIG 4g.20gb (0),1,,13,"void convert_kernel<float2, __half2>(tensor_layout_any, T1 *, tensor_layout_any, const T2 *)"
3277697329,24064,55922,2253,1,1,128,1,1,16,0.000,0.000,,,,,NVIDIA A100-SXM4-40GB MIG 4g.20gb (0),1,,13,cupy_copy__float16_float16
3277777200,11040,55931,282,1,1,128,1,1,16,0.000,0.000,,,,,NVIDIA A100-SXM4-40GB MIG 4g.20gb (0),1,,13,cupy_copy__complex64_complex64
3277822256,6624,55940,26,1,1,128,1,1,16,0.000,0.000,,,,,NVIDIA A100-SXM4-40GB MIG 4g.20gb (0),1,,13,cupy_copy__float32_float32
3277892623,10688,55949,103,1,1,128,1,1,16,0.000,0.000,,,,,NVIDIA A100-SXM4-40GB MIG 4g.20gb (0),1,,13,cupy_copy__complex64_complex64
3277990830,34335,55959,1434,1,1,128,1,1,16,0.000,0.000,,,,,NVIDIA A100-SXM4-40GB MIG 4g.20gb (0),1,,13,cupy_copy__complex64_complex64
3278100172,261213,55964,1,1,1,32,32,1,30,0.000,0.000,,,,,NVIDIA A100-SXM4-40GB MIG 4g.20gb (0),1,,13,"void convert_kernel<__half2, float2>(tensor_layout_any, T1 *, tensor_layout_any, const T2 *)"
3278389673,6432,55967,,,,,,,,,,0.094,14567.105,Pinned,Device,NVIDIA A100-SXM4-40GB MIG 4g.20gb (0),1,,13,[CUDA memcpy Host-to-Device]
3278419529,640920,55968,,,,,,,,,,456.561,712235.846,Device,,NVIDIA A100-SXM4-40GB MIG 4g.20gb (0),1,,13,[CUDA memset]
3279064385,52928,55973,,,,,,,,,,1.235,23331.797,Pinned,Device,NVIDIA A100-SXM4-40GB MIG 4g.20gb (0),1,,13,[CUDA memcpy Host-to-Device]
3279120161,10816,55974,,,,,,,,,,0.197,18177.393,Pinned,Device,NVIDIA A100-SXM4-40GB MIG 4g.20gb (0),1,,13,[CUDA memcpy Host-to-Device]
3279199008,32031,55975,69,4,1,48,1,1,76,0.002,0.000,,,,,NVIDIA A100-SXM4-40GB MIG 4g.20gb (0),1,,13,"void ch_est::windowedChEstPreNoDftSOfdmKernel<float, __half, float, (unsigned int)2, (unsigned int)1, (unsigned short)4>(ch_est::puschRxChEstStatDescr_t *, ch_est::puschRxChEstDynDescr_t *)"
3279279167,21408,55976,137,2,1,24,2,1,44,0.001,0.001,,,,,NVIDIA A100-SXM4-40GB MIG 4g.20gb (0),1,,13,"void ch_est::chEstFilterNoDftSOfdmDispatchKernel<float, __half, float, (unsigned int)2>(ch_est::puschRxChEstStatDescr_t *, ch_est::puschRxChEstDynDescr_t *)"
3279324798,31296,55977,137,2,1,24,2,1,44,0.001,0.001,,,,,NVIDIA A100-SXM4-40GB MIG 4g.20gb (0),1,,13,"void ch_est::chEstFilterNoDftSOfdmDispatchKernel<float, __half, float, (unsigned int)2>(ch_est::puschRxChEstStatDescr_t *, ch_est::puschRxChEstDynDescr_t *)"
3279404125,8224,55988,103,1,1,128,1,1,16,0.000,0.000,,,,,NVIDIA A100-SXM4-40GB MIG 4g.20gb (0),1,,13,cupy_copy__complex64_complex64
3279449021,22240,55998,1434,1,1,128,1,1,16,0.000,0.000,,,,,NVIDIA A100-SXM4-40GB MIG 4g.20gb (0),1,,13,cupy_copy__complex64_complex64
3279534844,6688,56005,103,1,1,128,1,1,16,0.000,0.000,,,,,NVIDIA A100-SXM4-40GB MIG 4g.20gb (0),1,,13,cupy_copy__complex64_complex64
3279580859,254174,56012,1,1,1,32,32,1,30,0.000,0.000,,,,,NVIDIA A100-SXM4-40GB MIG 4g.20gb (0),1,,13,"void convert_kernel<__half2, float2>(tensor_layout_any, T1 *, tensor_layout_any, const T2 *)"
3279874520,5376,56015,,,,,,,,,,0.094,17428.487,Pinned,Device,NVIDIA A100-SXM4-40GB MIG 4g.20gb (0),1,,13,[CUDA memcpy Host-to-Device]
3279955671,62687,56016,,,,,,,,,,35.810,571239.844,Device,,NVIDIA A100-SXM4-40GB MIG 4g.20gb (0),1,,13,[CUDA memset]
3280021782,1856,56018,,,,,,,,,,0.000,43.103,Pinned,Device,NVIDIA A100-SXM4-40GB MIG 4g.20gb (0),1,,13,[CUDA memcpy Host-to-Device]
3280027382,9376,56019,,,,,,,,,,0.197,20969.226,Pinned,Device,NVIDIA A100-SXM4-40GB MIG 4g.20gb (0),1,,13,[CUDA memcpy Host-to-Device]
3280161141,44959,56020,273,1,1,48,1,1,40,0.000,0.001,,,,,NVIDIA A100-SXM4-40GB MIG 4g.20gb (0),1,,13,"void pusch_noise_intf_est::noiseIntfEstNoDftSOfdmKernel<float, __half, float, float, (unsigned int)2, (unsigned int)1, (unsigned char)4, (unsigned char)4>(pusch_noise_intf_est::puschRxNoiseIntfEstDynDescr)"
3280231476,14304,56031,35,1,1,128,1,1,16,0.000,0.000,,,,,NVIDIA A100-SXM4-40GB MIG 4g.20gb (0),1,,13,cupy_copy__complex64_complex64
3280273011,2240,56040,1,1,1,1,1,1,18,0.000,0.000,,,,,NVIDIA A100-SXM4-40GB MIG 4g.20gb (0),1,,13,cupy_copy__float32_float32
3280282323,1600,56046,,,,,,,,,,0.000,2.500,Device,Pageable,NVIDIA A100-SXM4-40GB MIG 4g.20gb (0),1,,7,[CUDA memcpy Device-to-Host]
3280366866,16864,56057,1434,1,1,128,1,1,16,0.000,0.000,,,,,NVIDIA A100-SXM4-40GB MIG 4g.20gb (0),1,,13,cupy_copy__complex64_complex64
3280421714,8704,56064,103,1,1,128,1,1,16,0.000,0.000,,,,,NVIDIA A100-SXM4-40GB MIG 4g.20gb (0),1,,13,cupy_copy__complex64_complex64
3280493009,10080,56071,35,1,1,128,1,1,16,0.000,0.000,,,,,NVIDIA A100-SXM4-40GB MIG 4g.20gb (0),1,,13,cupy_copy__complex64_complex64
3280551216,4800,56078,1,1,1,1,1,1,18,0.000,0.000,,,,,NVIDIA A100-SXM4-40GB MIG 4g.20gb (0),1,,13,cupy_copy__float32_float32
3280571600,207678,56089,1,1,1,32,32,1,30,0.000,0.000,,,,,NVIDIA A100-SXM4-40GB MIG 4g.20gb (0),1,,13,"void convert_kernel<__half2, float2>(tensor_layout_any, T1 *, tensor_layout_any, const T2 *)"
3280809805,6400,56092,,,,,,,,,,0.094,14640.000,Pinned,Device,NVIDIA A100-SXM4-40GB MIG 4g.20gb (0),1,,13,[CUDA memcpy Host-to-Device]
3280824493,5152,56093,,,,,,,,,,1.547,300198.172,Device,,NVIDIA A100-SXM4-40GB MIG 4g.20gb (0),1,,13,[CUDA memset]
3280831757,3040,56098,,,,,,,,,,0.031,10294.725,Pinned,Device,NVIDIA A100-SXM4-40GB MIG 4g.20gb (0),1,,13,[CUDA memcpy Host-to-Device]
3280837229,10656,56099,,,,,,,,,,0.197,18450.285,Pinned,Device,NVIDIA A100-SXM4-40GB MIG 4g.20gb (0),1,,13,[CUDA memcpy Host-to-Device]
3280865197,7584,56100,273,1,1,8,4,1,39,0.002,0.000,,,,,NVIDIA A100-SXM4-40GB MIG 4g.20gb (0),1,,13,"void channel_eq::eqMmseCoefCompLowMimoKernel<float, float, float, (unsigned int)4, (unsigned int)1, (unsigned int)4>(const channel_eq::_puschRxChEqStatDescr *, channel_eq::_puschRxChEqCoefCompDynDescr)"
3280880269,29695,56101,273,1,1,12,11,1,51,0.002,0.000,,,,,NVIDIA A100-SXM4-40GB MIG 4g.20gb (0),1,,13,"void channel_eq::eqMmseSoftDemapKernel<float, __half, __half, float, (unsigned int)4, (unsigned short)16383>(channel_eq::_puschRxChEqStatDescr *, channel_eq::_puschRxChEqSoftDemapDynDescr)"
3280911564,285053,56102,1,1,1,32,32,1,30,0.000,0.000,,,,,NVIDIA A100-SXM4-40GB MIG 4g.20gb (0),1,,13,"void convert_kernel<float2, __half2>(tensor_layout_any, T1 *, tensor_layout_any, const T2 *)"
3281205065,13760,56114,2253,1,1,128,1,1,16,0.000,0.000,,,,,NVIDIA A100-SXM4-40GB MIG 4g.20gb (0),1,,13,cupy_copy__float16_float16
3281221065,2848,56123,282,1,1,128,1,1,16,0.000,0.000,,,,,NVIDIA A100-SXM4-40GB MIG 4g.20gb (0),1,,13,cupy_copy__complex64_complex64
3281225705,2176,56132,26,1,1,128,1,1,16,0.000,0.000,,,,,NVIDIA A100-SXM4-40GB MIG 4g.20gb (0),1,,13,cupy_copy__float32_float32
3281229192,3008,56141,103,1,1,128,1,1,16,0.000,0.000,,,,,NVIDIA A100-SXM4-40GB MIG 4g.20gb (0),1,,13,cupy_copy__complex64_complex64
3281234376,11936,56151,1434,1,1,128,1,1,16,0.000,0.000,,,,,NVIDIA A100-SXM4-40GB MIG 4g.20gb (0),1,,13,cupy_copy__complex64_complex64
3281248232,80159,56156,1,1,1,32,32,1,30,0.000,0.000,,,,,NVIDIA A100-SXM4-40GB MIG 4g.20gb (0),1,,13,"void convert_kernel<__half2, float2>(tensor_layout_any, T1 *, tensor_layout_any, const T2 *)"
3281358631,5440,56159,,,,,,,,,,0.094,17223.480,Pinned,Device,NVIDIA A100-SXM4-40GB MIG 4g.20gb (0),1,,13,[CUDA memcpy Host-to-Device]
3281370343,629561,56160,,,,,,,,,,456.561,725019.567,Device,,NVIDIA A100-SXM4-40GB MIG 4g.20gb (0),1,,13,[CUDA memset]
3282005344,50495,56165,,,,,,,,,,1.235,24455.596,Pinned,Device,NVIDIA A100-SXM4-40GB MIG 4g.20gb (0),1,,13,[CUDA memcpy Host-to-Device]
3282058335,9440,56166,,,,,,,,,,0.197,20827.079,Pinned,Device,NVIDIA A100-SXM4-40GB MIG 4g.20gb (0),1,,13,[CUDA memcpy Host-to-Device]
3282072447,9248,56167,69,4,1,48,1,1,76,0.002,0.000,,,,,NVIDIA A100-SXM4-40GB MIG 4g.20gb (0),1,,13,"void ch_est::windowedChEstPreNoDftSOfdmKernel<float, __half, float, (unsigned int)2, (unsigned int)1, (unsigned short)4>(ch_est::puschRxChEstStatDescr_t *, ch_est::puschRxChEstDynDescr_t *)"
3282084191,6720,56168,137,2,1,24,2,1,44,0.001,0.001,,,,,NVIDIA A100-SXM4-40GB MIG 4g.20gb (0),1,,13,"void ch_est::chEstFilterNoDftSOfdmDispatchKernel<float, __half, float, (unsigned int)2>(ch_est::puschRxChEstStatDescr_t *, ch_est::puschRxChEstDynDescr_t *)"
3282128030,17216,56169,137,2,1,24,2,1,44,0.001,0.001,,,,,NVIDIA A100-SXM4-40GB MIG 4g.20gb (0),1,,13,"void ch_est::chEstFilterNoDftSOfdmDispatchKernel<float, __half, float, (unsigned int)2>(ch_est::puschRxChEstStatDescr_t *, ch_est::puschRxChEstDynDescr_t *)"
3282146846,3104,56180,103,1,1,128,1,1,16,0.000,0.000,,,,,NVIDIA A100-SXM4-40GB MIG 4g.20gb (0),1,,13,cupy_copy__complex64_complex64
3282151518,13664,56190,1434,1,1,128,1,1,16,0.000,0.000,,,,,NVIDIA A100-SXM4-40GB MIG 4g.20gb (0),1,,13,cupy_copy__complex64_complex64
3282202813,4832,56197,103,1,1,128,1,1,16,0.000,0.000,,,,,NVIDIA A100-SXM4-40GB MIG 4g.20gb (0),1,,13,cupy_copy__complex64_complex64
3282209053,123487,56204,1,1,1,32,32,1,30,0.000,0.000,,,,,NVIDIA A100-SXM4-40GB MIG 4g.20gb (0),1,,13,"void convert_kernel<__half2, float2>(tensor_layout_any, T1 *, tensor_layout_any, const T2 *)"
3282361435,5376,56207,,,,,,,,,,0.094,17428.487,Pinned,Device,NVIDIA A100-SXM4-40GB MIG 4g.20gb (0),1,,13,[CUDA memcpy Host-to-Device]
3282378619,52480,56208,,,,,,,,,,35.810,682322.216,Device,,NVIDIA A100-SXM4-40GB MIG 4g.20gb (0),1,,13,[CUDA memset]
3282435323,1824,56210,,,,,,,,,,0.000,43.860,Pinned,Device,NVIDIA A100-SXM4-40GB MIG 4g.20gb (0),1,,13,[CUDA memcpy Host-to-Device]
3282439579,10335,56211,,,,,,,,,,0.197,19023.397,Pinned,Device,NVIDIA A100-SXM4-40GB MIG 4g.20gb (0),1,,13,[CUDA memcpy Host-to-Device]
3282486106,9952,56212,273,1,1,48,1,1,40,0.000,0.001,,,,,NVIDIA A100-SXM4-40GB MIG 4g.20gb (0),1,,13,"void pusch_noise_intf_est::noiseIntfEstNoDftSOfdmKernel<float, __half, float, float, (unsigned int)2, (unsigned int)1, (unsigned char)4, (unsigned char)4>(pusch_noise_intf_est::puschRxNoiseIntfEstDynDescr)"
3282498138,4512,56223,35,1,1,128,1,1,16,0.000,0.000,,,,,NVIDIA A100-SXM4-40GB MIG 4g.20gb (0),1,,13,cupy_copy__complex64_complex64
3282503866,2016,56232,1,1,1,1,1,1,18,0.000,0.000,,,,,NVIDIA A100-SXM4-40GB MIG 4g.20gb (0),1,,13,cupy_copy__float32_float32
3282513978,1600,56238,,,,,,,,,,0.000,2.500,Device,Pageable,NVIDIA A100-SXM4-40GB MIG 4g.20gb (0),1,,7,[CUDA memcpy Device-to-Host]
3282584857,19040,56249,1434,1,1,128,1,1,16,0.000,0.000,,,,,NVIDIA A100-SXM4-40GB MIG 4g.20gb (0),1,,13,cupy_copy__complex64_complex64
3282611801,3072,56256,103,1,1,128,1,1,16,0.000,0.000,,,,,NVIDIA A100-SXM4-40GB MIG 4g.20gb (0),1,,13,cupy_copy__complex64_complex64
3282670648,12224,56263,35,1,1,128,1,1,16,0.000,0.000,,,,,NVIDIA A100-SXM4-40GB MIG 4g.20gb (0),1,,13,cupy_copy__complex64_complex64
3282685240,3104,56270,1,1,1,1,1,1,18,0.000,0.000,,,,,NVIDIA A100-SXM4-40GB MIG 4g.20gb (0),1,,13,cupy_copy__float32_float32
3282789751,114846,56281,1,1,1,32,32,1,30,0.000,0.000,,,,,NVIDIA A100-SXM4-40GB MIG 4g.20gb (0),1,,13,"void convert_kernel<__half2, float2>(tensor_layout_any, T1 *, tensor_layout_any, const T2 *)"
3282933717,5536,56284,,,,,,,,,,0.094,16924.777,Pinned,Device,NVIDIA A100-SXM4-40GB MIG 4g.20gb (0),1,,13,[CUDA memcpy Host-to-Device]
3282948533,3456,56285,,,,,,,,,,1.547,447517.201,Device,,NVIDIA A100-SXM4-40GB MIG 4g.20gb (0),1,,13,[CUDA memset]
3282956213,3136,56290,,,,,,,,,,0.031,9979.575,Pinned,Device,NVIDIA A100-SXM4-40GB MIG 4g.20gb (0),1,,13,[CUDA memcpy Host-to-Device]
3282961429,9375,56291,,,,,,,,,,0.197,20971.389,Pinned,Device,NVIDIA A100-SXM4-40GB MIG 4g.20gb (0),1,,13,[CUDA memcpy Host-to-Device]
3282980884,37568,56292,273,1,1,8,4,1,39,0.002,0.000,,,,,NVIDIA A100-SXM4-40GB MIG 4g.20gb (0),1,,13,"void channel_eq::eqMmseCoefCompLowMimoKernel<float, float, float, (unsigned int)4, (unsigned int)1, (unsigned int)4>(const channel_eq::_puschRxChEqStatDescr *, channel_eq::_puschRxChEqCoefCompDynDescr)"
3283020404,5760,56293,273,1,1,12,11,1,51,0.002,0.000,,,,,NVIDIA A100-SXM4-40GB MIG 4g.20gb (0),1,,13,"void channel_eq::eqMmseSoftDemapKernel<float, __half, __half, float, (unsigned int)4, (unsigned short)16383>(channel_eq::_puschRxChEqStatDescr *, channel_eq::_puschRxChEqSoftDemapDynDescr)"
3283053524,398651,56294,1,1,1,32,32,1,30,0.000,0.000,,,,,NVIDIA A100-SXM4-40GB MIG 4g.20gb (0),1,,13,"void convert_kernel<float2, __half2>(tensor_layout_any, T1 *, tensor_layout_any, const T2 *)"
3283453775,13600,56306,2253,1,1,128,1,1,16,0.000,0.000,,,,,NVIDIA A100-SXM4-40GB MIG 4g.20gb (0),1,,13,cupy_copy__float16_float16
3283468847,2848,56315,282,1,1,128,1,1,16,0.000,0.000,,,,,NVIDIA A100-SXM4-40GB MIG 4g.20gb (0),1,,13,cupy_copy__complex64_complex64
3283503278,3136,56324,26,1,1,128,1,1,16,0.000,0.000,,,,,NVIDIA A100-SXM4-40GB MIG 4g.20gb (0),1,,13,cupy_copy__float32_float32
3283509230,9248,56333,103,1,1,128,1,1,16,0.000,0.000,,,,,NVIDIA A100-SXM4-40GB MIG 4g.20gb (0),1,,13,cupy_copy__complex64_complex64
3283520590,14816,56343,1434,1,1,128,1,1,16,0.000,0.000,,,,,NVIDIA A100-SXM4-40GB MIG 4g.20gb (0),1,,13,cupy_copy__complex64_complex64
3283537262,85407,56348,1,1,1,32,32,1,30,0.000,0.000,,,,,NVIDIA A100-SXM4-40GB MIG 4g.20gb (0),1,,13,"void convert_kernel<__half2, float2>(tensor_layout_any, T1 *, tensor_layout_any, const T2 *)"
3283651757,6720,56351,,,,,,,,,,0.094,13942.808,Pinned,Device,NVIDIA A100-SXM4-40GB MIG 4g.20gb (0),1,,13,[CUDA memcpy Host-to-Device]
3283664461,635448,56352,,,,,,,,,,456.561,718171.145,Device,,NVIDIA A100-SXM4-40GB MIG 4g.20gb (0),1,,13,[CUDA memset]
3284304645,51424,56357,,,,,,,,,,1.235,24014.721,Pinned,Device,NVIDIA A100-SXM4-40GB MIG 4g.20gb (0),1,,13,[CUDA memcpy Host-to-Device]
3284362276,11136,56358,,,,,,,,,,0.197,17655.005,Pinned,Device,NVIDIA A100-SXM4-40GB MIG 4g.20gb (0),1,,13,[CUDA memcpy Host-to-Device]
3284418980,22592,56359,69,4,1,48,1,1,76,0.002,0.000,,,,,NVIDIA A100-SXM4-40GB MIG 4g.20gb (0),1,,13,"void ch_est::windowedChEstPreNoDftSOfdmKernel<float, __half, float, (unsigned int)2, (unsigned int)1, (unsigned short)4>(ch_est::puschRxChEstStatDescr_t *, ch_est::puschRxChEstDynDescr_t *)"
3284704929,26047,56360,137,2,1,24,2,1,44,0.001,0.001,,,,,NVIDIA A100-SXM4-40GB MIG 4g.20gb (0),1,,13,"void ch_est::chEstFilterNoDftSOfdmDispatchKernel<float, __half, float, (unsigned int)2>(ch_est::puschRxChEstStatDescr_t *, ch_est::puschRxChEstDynDescr_t *)"
3284753856,40448,56361,137,2,1,24,2,1,44,0.001,0.001,,,,,NVIDIA A100-SXM4-40GB MIG 4g.20gb (0),1,,13,"void ch_est::chEstFilterNoDftSOfdmDispatchKernel<float, __half, float, (unsigned int)2>(ch_est::puschRxChEstStatDescr_t *, ch_est::puschRxChEstDynDescr_t *)"
3284983933,8800,56372,103,1,1,128,1,1,16,0.000,0.000,,,,,NVIDIA A100-SXM4-40GB MIG 4g.20gb (0),1,,13,cupy_copy__complex64_complex64
3285033949,29663,56382,1434,1,1,128,1,1,16,0.000,0.000,,,,,NVIDIA A100-SXM4-40GB MIG 4g.20gb (0),1,,13,cupy_copy__complex64_complex64
3285278234,6752,56389,103,1,1,128,1,1,16,0.000,0.000,,,,,NVIDIA A100-SXM4-40GB MIG 4g.20gb (0),1,,13,cupy_copy__complex64_complex64
3285327801,251677,56396,1,1,1,32,32,1,30,0.000,0.000,,,,,NVIDIA A100-SXM4-40GB MIG 4g.20gb (0),1,,13,"void convert_kernel<__half2, float2>(tensor_layout_any, T1 *, tensor_layout_any, const T2 *)"
3285612662,5376,56399,,,,,,,,,,0.094,17428.487,Pinned,Device,NVIDIA A100-SXM4-40GB MIG 4g.20gb (0),1,,13,[CUDA memcpy Host-to-Device]
3285840787,67328,56400,,,,,,,,,,35.810,531848.932,Device,,NVIDIA A100-SXM4-40GB MIG 4g.20gb (0),1,,13,[CUDA memset]
3285909523,1792,56402,,,,,,,,,,0.000,44.643,Pinned,Device,NVIDIA A100-SXM4-40GB MIG 4g.20gb (0),1,,13,[CUDA memcpy Host-to-Device]
3285913747,9504,56403,,,,,,,,,,0.197,20686.701,Pinned,Device,NVIDIA A100-SXM4-40GB MIG 4g.20gb (0),1,,13,[CUDA memcpy Host-to-Device]
3286202671,26944,56404,273,1,1,48,1,1,40,0.000,0.001,,,,,NVIDIA A100-SXM4-40GB MIG 4g.20gb (0),1,,13,"void pusch_noise_intf_est::noiseIntfEstNoDftSOfdmKernel<float, __half, float, float, (unsigned int)2, (unsigned int)1, (unsigned char)4, (unsigned char)4>(pusch_noise_intf_est::puschRxNoiseIntfEstDynDescr)"
3286247311,11712,56415,35,1,1,128,1,1,16,0.000,0.000,,,,,NVIDIA A100-SXM4-40GB MIG 4g.20gb (0),1,,13,cupy_copy__complex64_complex64
3286468492,3168,56424,1,1,1,1,1,1,18,0.000,0.000,,,,,NVIDIA A100-SXM4-40GB MIG 4g.20gb (0),1,,13,cupy_copy__float32_float32
3286478476,1600,56430,,,,,,,,,,0.000,2.500,Device,Pageable,NVIDIA A100-SXM4-40GB MIG 4g.20gb (0),1,,7,[CUDA memcpy Device-to-Host]
3286756713,21920,56441,1434,1,1,128,1,1,16,0.000,0.000,,,,,NVIDIA A100-SXM4-40GB MIG 4g.20gb (0),1,,13,cupy_copy__complex64_complex64
3286818408,7168,56448,103,1,1,128,1,1,16,0.000,0.000,,,,,NVIDIA A100-SXM4-40GB MIG 4g.20gb (0),1,,13,cupy_copy__complex64_complex64
3287042982,8384,56455,35,1,1,128,1,1,16,0.000,0.000,,,,,NVIDIA A100-SXM4-40GB MIG 4g.20gb (0),1,,13,cupy_copy__complex64_complex64
3287095877,3008,56462,1,1,1,1,1,1,18,0.000,0.000,,,,,NVIDIA A100-SXM4-40GB MIG 4g.20gb (0),1,,13,cupy_copy__float32_float32
3287317763,247677,56473,1,1,1,32,32,1,30,0.000,0.000,,,,,NVIDIA A100-SXM4-40GB MIG 4g.20gb (0),1,,13,"void convert_kernel<__half2, float2>(tensor_layout_any, T1 *, tensor_layout_any, const T2 *)"
3287595583,5440,56476,,,,,,,,,,0.094,17223.480,Pinned,Device,NVIDIA A100-SXM4-40GB MIG 4g.20gb (0),1,,13,[CUDA memcpy Host-to-Device]
3287659903,8671,56477,,,,,,,,,,1.547,178365.959,Device,,NVIDIA A100-SXM4-40GB MIG 4g.20gb (0),1,,13,[CUDA memset]
3287670974,3040,56482,,,,,,,,,,0.031,10294.725,Pinned,Device,NVIDIA A100-SXM4-40GB MIG 4g.20gb (0),1,,13,[CUDA memcpy Host-to-Device]
3287676478,9408,56483,,,,,,,,,,0.197,20897.858,Pinned,Device,NVIDIA A100-SXM4-40GB MIG 4g.20gb (0),1,,13,[CUDA memcpy Host-to-Device]
3287873884,28800,56484,273,1,1,8,4,1,39,0.002,0.000,,,,,NVIDIA A100-SXM4-40GB MIG 4g.20gb (0),1,,13,"void channel_eq::eqMmseCoefCompLowMimoKernel<float, float, float, (unsigned int)4, (unsigned int)1, (unsigned int)4>(const channel_eq::_puschRxChEqStatDescr *, channel_eq::_puschRxChEqCoefCompDynDescr)"
3287934747,43328,56485,273,1,1,12,11,1,51,0.002,0.000,,,,,NVIDIA A100-SXM4-40GB MIG 4g.20gb (0),1,,13,"void channel_eq::eqMmseSoftDemapKernel<float, __half, __half, float, (unsigned int)4, (unsigned short)16383>(channel_eq::_puschRxChEqStatDescr *, channel_eq::_puschRxChEqSoftDemapDynDescr)"
3288158425,643992,56486,1,1,1,32,32,1,30,0.000,0.000,,,,,NVIDIA A100-SXM4-40GB MIG 4g.20gb (0),1,,13,"void convert_kernel<float2, __half2>(tensor_layout_any, T1 *, tensor_layout_any, const T2 *)"
3288981455,25472,56498,2253,1,1,128,1,1,16,0.000,0.000,,,,,NVIDIA A100-SXM4-40GB MIG 4g.20gb (0),1,,13,cupy_copy__float16_float16
3289042639,9344,56507,282,1,1,128,1,1,16,0.000,0.000,,,,,NVIDIA A100-SXM4-40GB MIG 4g.20gb (0),1,,13,cupy_copy__complex64_complex64
3289268396,4000,56516,26,1,1,128,1,1,16,0.000,0.000,,,,,NVIDIA A100-SXM4-40GB MIG 4g.20gb (0),1,,13,cupy_copy__float32_float32
3289317900,20511,56525,103,1,1,128,1,1,16,0.000,0.000,,,,,NVIDIA A100-SXM4-40GB MIG 4g.20gb (0),1,,13,cupy_copy__complex64_complex64
3289553353,25024,56535,1434,1,1,128,1,1,16,0.000,0.000,,,,,NVIDIA A100-SXM4-40GB MIG 4g.20gb (0),1,,13,cupy_copy__complex64_complex64
3289615112,195902,56540,1,1,1,32,32,1,30,0.000,0.000,,,,,NVIDIA A100-SXM4-40GB MIG 4g.20gb (0),1,,13,"void convert_kernel<__half2, float2>(tensor_layout_any, T1 *, tensor_layout_any, const T2 *)"
3289840806,5407,56543,,,,,,,,,,0.094,17328.607,Pinned,Device,NVIDIA A100-SXM4-40GB MIG 4g.20gb (0),1,,13,[CUDA memcpy Host-to-Device]
3289910373,636472,56544,,,,,,,,,,456.561,717258.022,Device,,NVIDIA A100-SXM4-40GB MIG 4g.20gb (0),1,,13,[CUDA memset]
3290549437,49600,56549,,,,,,,,,,1.235,24897.706,Pinned,Device,NVIDIA A100-SXM4-40GB MIG 4g.20gb (0),1,,13,[CUDA memcpy Host-to-Device]
3290601693,9728,56550,,,,,,,,,,0.197,20210.516,Pinned,Device,NVIDIA A100-SXM4-40GB MIG 4g.20gb (0),1,,13,[CUDA memcpy Host-to-Device]
3290850234,30080,56551,69,4,1,48,1,1,76,0.002,0.000,,,,,NVIDIA A100-SXM4-40GB MIG 4g.20gb (0),1,,13,"void ch_est::windowedChEstPreNoDftSOfdmKernel<float, __half, float, (unsigned int)2, (unsigned int)1, (unsigned short)4>(ch_est::puschRxChEstStatDescr_t *, ch_est::puschRxChEstDynDescr_t *)"
3291089047,18816,56552,137,2,1,24,2,1,44,0.001,0.001,,,,,NVIDIA A100-SXM4-40GB MIG 4g.20gb (0),1,,13,"void ch_est::chEstFilterNoDftSOfdmDispatchKernel<float, __half, float, (unsigned int)2>(ch_est::puschRxChEstStatDescr_t *, ch_est::puschRxChEstDynDescr_t *)"
3291144247,29119,56553,137,2,1,24,2,1,44,0.001,0.001,,,,,NVIDIA A100-SXM4-40GB MIG 4g.20gb (0),1,,13,"void ch_est::chEstFilterNoDftSOfdmDispatchKernel<float, __half, float, (unsigned int)2>(ch_est::puschRxChEstStatDescr_t *, ch_est::puschRxChEstDynDescr_t *)"
3291379188,7552,56564,103,1,1,128,1,1,16,0.000,0.000,,,,,NVIDIA A100-SXM4-40GB MIG 4g.20gb (0),1,,13,cupy_copy__complex64_complex64
3291437875,24864,56574,1434,1,1,128,1,1,16,0.000,0.000,,,,,NVIDIA A100-SXM4-40GB MIG 4g.20gb (0),1,,13,cupy_copy__complex64_complex64
3291672368,7328,56581,103,1,1,128,1,1,16,0.000,0.000,,,,,NVIDIA A100-SXM4-40GB MIG 4g.20gb (0),1,,13,cupy_copy__complex64_complex64
3291723376,248605,56588,1,1,1,32,32,1,30,0.000,0.000,,,,,NVIDIA A100-SXM4-40GB MIG 4g.20gb (0),1,,13,"void convert_kernel<__half2, float2>(tensor_layout_any, T1 *, tensor_layout_any, const T2 *)"
3292005421,5376,56591,,,,,,,,,,0.094,17428.487,Pinned,Device,NVIDIA A100-SXM4-40GB MIG 4g.20gb (0),1,,13,[CUDA memcpy Host-to-Device]
3292239338,69247,56592,,,,,,,,,,35.810,517131.055,Device,,NVIDIA A100-SXM4-40GB MIG 4g.20gb (0),1,,13,[CUDA memset]
3292314217,1824,56594,,,,,,,,,,0.000,43.860,Pinned,Device,NVIDIA A100-SXM4-40GB MIG 4g.20gb (0),1,,13,[CUDA memcpy Host-to-Device]
3292318473,9472,56595,,,,,,,,,,0.197,20756.693,Pinned,Device,NVIDIA A100-SXM4-40GB MIG 4g.20gb (0),1,,13,[CUDA memcpy Host-to-Device]
3292604710,27391,56596,273,1,1,48,1,1,40,0.000,0.001,,,,,NVIDIA A100-SXM4-40GB MIG 4g.20gb (0),1,,13,"void pusch_noise_intf_est::noiseIntfEstNoDftSOfdmKernel<float, __half, float, float, (unsigned int)2, (unsigned int)1, (unsigned char)4, (unsigned char)4>(pusch_noise_intf_est::puschRxNoiseIntfEstDynDescr)"
3292652325,11488,56607,35,1,1,128,1,1,16,0.000,0.000,,,,,NVIDIA A100-SXM4-40GB MIG 4g.20gb (0),1,,13,cupy_copy__complex64_complex64
3292875139,3040,56616,1,1,1,1,1,1,18,0.000,0.000,,,,,NVIDIA A100-SXM4-40GB MIG 4g.20gb (0),1,,13,cupy_copy__float32_float32
3292881475,1600,56622,,,,,,,,,,0.000,2.500,Device,Pageable,NVIDIA A100-SXM4-40GB MIG 4g.20gb (0),1,,7,[CUDA memcpy Device-to-Host]
3293146368,29151,56633,1434,1,1,128,1,1,16,0.000,0.000,,,,,NVIDIA A100-SXM4-40GB MIG 4g.20gb (0),1,,13,cupy_copy__complex64_complex64
3293211359,8352,56640,103,1,1,128,1,1,16,0.000,0.000,,,,,NVIDIA A100-SXM4-40GB MIG 4g.20gb (0),1,,13,cupy_copy__complex64_complex64
3293428796,7008,56647,35,1,1,128,1,1,16,0.000,0.000,,,,,NVIDIA A100-SXM4-40GB MIG 4g.20gb (0),1,,13,cupy_copy__complex64_complex64
3293483740,2720,56654,1,1,1,1,1,1,18,0.000,0.000,,,,,NVIDIA A100-SXM4-40GB MIG 4g.20gb (0),1,,13,cupy_copy__float32_float32
3293489372,186621,56665,1,1,1,32,32,1,30,0.000,0.000,,,,,NVIDIA A100-SXM4-40GB MIG 4g.20gb (0),1,,13,"void convert_kernel<__half2, float2>(tensor_layout_any, T1 *, tensor_layout_any, const T2 *)"
3293705369,5376,56668,,,,,,,,,,0.094,17428.487,Pinned,Device,NVIDIA A100-SXM4-40GB MIG 4g.20gb (0),1,,13,[CUDA memcpy Host-to-Device]
3293783128,7744,56669,,,,,,,,,,1.547,199718.650,Device,,NVIDIA A100-SXM4-40GB MIG 4g.20gb (0),1,,13,[CUDA memset]
3293792600,3008,56674,,,,,,,,,,0.031,10404.230,Pinned,Device,NVIDIA A100-SXM4-40GB MIG 4g.20gb (0),1,,13,[CUDA memcpy Host-to-Device]
3293798200,9408,56675,,,,,,,,,,0.197,20897.858,Pinned,Device,NVIDIA A100-SXM4-40GB MIG 4g.20gb (0),1,,13,[CUDA memcpy Host-to-Device]
3294000150,27423,56676,273,1,1,8,4,1,39,0.002,0.000,,,,,NVIDIA A100-SXM4-40GB MIG 4g.20gb (0),1,,13,"void channel_eq::eqMmseCoefCompLowMimoKernel<float, float, float, (unsigned int)4, (unsigned int)1, (unsigned int)4>(const channel_eq::_puschRxChEqStatDescr *, channel_eq::_puschRxChEqCoefCompDynDescr)"
3294064053,32576,56677,273,1,1,12,11,1,51,0.002,0.000,,,,,NVIDIA A100-SXM4-40GB MIG 4g.20gb (0),1,,13,"void channel_eq::eqMmseSoftDemapKernel<float, __half, __half, float, (unsigned int)4, (unsigned short)16383>(channel_eq::_puschRxChEqStatDescr *, channel_eq::_puschRxChEqSoftDemapDynDescr)"
3294289842,634713,56678,1,1,1,32,32,1,30,0.000,0.000,,,,,NVIDIA A100-SXM4-40GB MIG 4g.20gb (0),1,,13,"void convert_kernel<float2, __half2>(tensor_layout_any, T1 *, tensor_layout_any, const T2 *)"
3295135337,22943,56690,2253,1,1,128,1,1,16,0.000,0.000,,,,,NVIDIA A100-SXM4-40GB MIG 4g.20gb (0),1,,13,cupy_copy__float16_float16
3295197448,8864,56699,282,1,1,128,1,1,16,0.000,0.000,,,,,NVIDIA A100-SXM4-40GB MIG 4g.20gb (0),1,,13,cupy_copy__complex64_complex64
3295414533,5088,56708,26,1,1,128,1,1,16,0.000,0.000,,,,,NVIDIA A100-SXM4-40GB MIG 4g.20gb (0),1,,13,cupy_copy__float32_float32
3295470629,20224,56717,103,1,1,128,1,1,16,0.000,0.000,,,,,NVIDIA A100-SXM4-40GB MIG 4g.20gb (0),1,,13,cupy_copy__complex64_complex64
3295689506,35744,56727,1434,1,1,128,1,1,16,0.000,0.000,,,,,NVIDIA A100-SXM4-40GB MIG 4g.20gb (0),1,,13,cupy_copy__complex64_complex64
3295761633,210270,56732,1,1,1,32,32,1,30,0.000,0.000,,,,,NVIDIA A100-SXM4-40GB MIG 4g.20gb (0),1,,13,"void convert_kernel<__half2, float2>(tensor_layout_any, T1 *, tensor_layout_any, const T2 *)"
3296007167,7040,56735,,,,,,,,,,0.094,13309.048,Pinned,Device,NVIDIA A100-SXM4-40GB MIG 4g.20gb (0),1,,13,[CUDA memcpy Host-to-Device]
3296057822,646361,56736,,,,,,,,,,456.561,706300.548,Device,,NVIDIA A100-SXM4-40GB MIG 4g.20gb (0),1,,13,[CUDA memset]
3296710167,53151,56741,,,,,,,,,,1.235,23234.236,Pinned,Device,NVIDIA A100-SXM4-40GB MIG 4g.20gb (0),1,,13,[CUDA memcpy Host-to-Device]
3296765782,9344,56742,,,,,,,,,,0.197,21040.988,Pinned,Device,NVIDIA A100-SXM4-40GB MIG 4g.20gb (0),1,,13,[CUDA memcpy Host-to-Device]
3296994739,31872,56743,69,4,1,48,1,1,76,0.002,0.000,,,,,NVIDIA A100-SXM4-40GB MIG 4g.20gb (0),1,,13,"void ch_est::windowedChEstPreNoDftSOfdmKernel<float, __half, float, (unsigned int)2, (unsigned int)1, (unsigned short)4>(ch_est::puschRxChEstStatDescr_t *, ch_est::puschRxChEstDynDescr_t *)"
3297239312,24896,56744,137,2,1,24,2,1,44,0.001,0.001,,,,,NVIDIA A100-SXM4-40GB MIG 4g.20gb (0),1,,13,"void ch_est::chEstFilterNoDftSOfdmDispatchKernel<float, __half, float, (unsigned int)2>(ch_est::puschRxChEstStatDescr_t *, ch_est::puschRxChEstDynDescr_t *)"
3297284720,42015,56745,137,2,1,24,2,1,44,0.001,0.001,,,,,NVIDIA A100-SXM4-40GB MIG 4g.20gb (0),1,,13,"void ch_est::chEstFilterNoDftSOfdmDispatchKernel<float, __half, float, (unsigned int)2>(ch_est::puschRxChEstStatDescr_t *, ch_est::puschRxChEstDynDescr_t *)"
3297525133,4352,56756,103,1,1,128,1,1,16,0.000,0.000,,,,,NVIDIA A100-SXM4-40GB MIG 4g.20gb (0),1,,13,cupy_copy__complex64_complex64
3297573485,36575,56766,1434,1,1,128,1,1,16,0.000,0.000,,,,,NVIDIA A100-SXM4-40GB MIG 4g.20gb (0),1,,13,cupy_copy__complex64_complex64
3297818730,6336,56773,103,1,1,128,1,1,16,0.000,0.000,,,,,NVIDIA A100-SXM4-40GB MIG 4g.20gb (0),1,,13,cupy_copy__complex64_complex64
3297869385,246557,56780,1,1,1,32,32,1,30,0.000,0.000,,,,,NVIDIA A100-SXM4-40GB MIG 4g.20gb (0),1,,13,"void convert_kernel<__half2, float2>(tensor_layout_any, T1 *, tensor_layout_any, const T2 *)"
3298145158,5472,56783,,,,,,,,,,0.094,17122.757,Pinned,Device,NVIDIA A100-SXM4-40GB MIG 4g.20gb (0),1,,13,[CUDA memcpy Host-to-Device]
3298388195,68767,56784,,,,,,,,,,35.810,520712.047,Device,,NVIDIA A100-SXM4-40GB MIG 4g.20gb (0),1,,13,[CUDA memset]
3298459170,1792,56786,,,,,,,,,,0.000,44.643,Pinned,Device,NVIDIA A100-SXM4-40GB MIG 4g.20gb (0),1,,13,[CUDA memcpy Host-to-Device]
3298463394,9344,56787,,,,,,,,,,0.197,21040.988,Pinned,Device,NVIDIA A100-SXM4-40GB MIG 4g.20gb (0),1,,13,[CUDA memcpy Host-to-Device]
3298757247,27584,56788,273,1,1,48,1,1,40,0.000,0.001,,,,,NVIDIA A100-SXM4-40GB MIG 4g.20gb (0),1,,13,"void pusch_noise_intf_est::noiseIntfEstNoDftSOfdmKernel<float, __half, float, float, (unsigned int)2, (unsigned int)1, (unsigned char)4, (unsigned char)4>(pusch_noise_intf_est::puschRxNoiseIntfEstDynDescr)"
3298804350,18624,56799,35,1,1,128,1,1,16,0.000,0.000,,,,,NVIDIA A100-SXM4-40GB MIG 4g.20gb (0),1,,13,cupy_copy__complex64_complex64
3299018524,2656,56808,1,1,1,1,1,1,18,0.000,0.000,,,,,NVIDIA A100-SXM4-40GB MIG 4g.20gb (0),1,,13,cupy_copy__float32_float32
3299026428,1600,56814,,,,,,,,,,0.000,2.500,Device,Pageable,NVIDIA A100-SXM4-40GB MIG 4g.20gb (0),1,,7,[CUDA memcpy Device-to-Host]
3299308121,36287,56825,1434,1,1,128,1,1,16,0.000,0.000,,,,,NVIDIA A100-SXM4-40GB MIG 4g.20gb (0),1,,13,cupy_copy__complex64_complex64
3299378264,6368,56832,103,1,1,128,1,1,16,0.000,0.000,,,,,NVIDIA A100-SXM4-40GB MIG 4g.20gb (0),1,,13,cupy_copy__complex64_complex64
3299596309,8000,56839,35,1,1,128,1,1,16,0.000,0.000,,,,,NVIDIA A100-SXM4-40GB MIG 4g.20gb (0),1,,13,cupy_copy__complex64_complex64
3299650325,3808,56846,1,1,1,1,1,1,18,0.000,0.000,,,,,NVIDIA A100-SXM4-40GB MIG 4g.20gb (0),1,,13,cupy_copy__float32_float32
3299656181,242877,56857,1,1,1,32,32,1,30,0.000,0.000,,,,,NVIDIA A100-SXM4-40GB MIG 4g.20gb (0),1,,13,"void convert_kernel<__half2, float2>(tensor_layout_any, T1 *, tensor_layout_any, const T2 *)"
3299929234,5503,56860,,,,,,,,,,0.094,17026.343,Pinned,Device,NVIDIA A100-SXM4-40GB MIG 4g.20gb (0),1,,13,[CUDA memcpy Host-to-Device]
3299958353,8032,56861,,,,,,,,,,1.547,192556.235,Device,,NVIDIA A100-SXM4-40GB MIG 4g.20gb (0),1,,13,[CUDA memset]
3299973617,3040,56866,,,,,,,,,,0.031,10294.725,Pinned,Device,NVIDIA A100-SXM4-40GB MIG 4g.20gb (0),1,,13,[CUDA memcpy Host-to-Device]
3299979089,9472,56867,,,,,,,,,,0.197,20756.693,Pinned,Device,NVIDIA A100-SXM4-40GB MIG 4g.20gb (0),1,,13,[CUDA memcpy Host-to-Device]
3300181583,22111,56868,273,1,1,8,4,1,39,0.002,0.000,,,,,NVIDIA A100-SXM4-40GB MIG 4g.20gb (0),1,,13,"void channel_eq::eqMmseCoefCompLowMimoKernel<float, float, float, (unsigned int)4, (unsigned int)1, (unsigned int)4>(const channel_eq::_puschRxChEqStatDescr *, channel_eq::_puschRxChEqCoefCompDynDescr)"
3300242158,28992,56869,273,1,1,12,11,1,51,0.002,0.000,,,,,NVIDIA A100-SXM4-40GB MIG 4g.20gb (0),1,,13,"void channel_eq::eqMmseSoftDemapKernel<float, __half, __half, float, (unsigned int)4, (unsigned short)16383>(channel_eq::_puschRxChEqStatDescr *, channel_eq::_puschRxChEqSoftDemapDynDescr)"
3300478219,602969,56870,1,1,1,32,32,1,30,0.000,0.000,,,,,NVIDIA A100-SXM4-40GB MIG 4g.20gb (0),1,,13,"void convert_kernel<float2, __half2>(tensor_layout_any, T1 *, tensor_layout_any, const T2 *)"
3301083588,13312,56882,2253,1,1,128,1,1,16,0.000,0.000,,,,,NVIDIA A100-SXM4-40GB MIG 4g.20gb (0),1,,13,cupy_copy__float16_float16
3301310658,14656,56891,282,1,1,128,1,1,16,0.000,0.000,,,,,NVIDIA A100-SXM4-40GB MIG 4g.20gb (0),1,,13,cupy_copy__complex64_complex64
3301362625,6688,56900,26,1,1,128,1,1,16,0.000,0.000,,,,,NVIDIA A100-SXM4-40GB MIG 4g.20gb (0),1,,13,cupy_copy__float32_float32
3301591518,11040,56909,103,1,1,128,1,1,16,0.000,0.000,,,,,NVIDIA A100-SXM4-40GB MIG 4g.20gb (0),1,,13,cupy_copy__complex64_complex64
3301659806,25439,56919,1434,1,1,128,1,1,16,0.000,0.000,,,,,NVIDIA A100-SXM4-40GB MIG 4g.20gb (0),1,,13,cupy_copy__complex64_complex64
3301912859,225629,56924,1,1,1,32,32,1,30,0.000,0.000,,,,,NVIDIA A100-SXM4-40GB MIG 4g.20gb (0),1,,13,"void convert_kernel<__half2, float2>(tensor_layout_any, T1 *, tensor_layout_any, const T2 *)"
3302167672,5376,56927,,,,,,,,,,0.094,17428.487,Pinned,Device,NVIDIA A100-SXM4-40GB MIG 4g.20gb (0),1,,13,[CUDA memcpy Host-to-Device]
3302273911,643704,56928,,,,,,,,,,456.561,709039.916,Device,,NVIDIA A100-SXM4-40GB MIG 4g.20gb (0),1,,13,[CUDA memset]
3302923503,49856,56933,,,,,,,,,,1.235,24769.272,Pinned,Device,NVIDIA A100-SXM4-40GB MIG 4g.20gb (0),1,,13,[CUDA memcpy Host-to-Device]
3302976015,9343,56934,,,,,,,,,,0.197,21043.347,Pinned,Device,NVIDIA A100-SXM4-40GB MIG 4g.20gb (0),1,,13,[CUDA memcpy Host-to-Device]
3303213228,38367,56935,69,4,1,48,1,1,76,0.002,0.000,,,,,NVIDIA A100-SXM4-40GB MIG 4g.20gb (0),1,,13,"void ch_est::windowedChEstPreNoDftSOfdmKernel<float, __half, float, (unsigned int)2, (unsigned int)1, (unsigned short)4>(ch_est::puschRxChEstStatDescr_t *, ch_est::puschRxChEstDynDescr_t *)"
3303446825,26784,56936,137,2,1,24,2,1,44,0.001,0.001,,,,,NVIDIA A100-SXM4-40GB MIG 4g.20gb (0),1,,13,"void ch_est::chEstFilterNoDftSOfdmDispatchKernel<float, __half, float, (unsigned int)2>(ch_est::puschRxChEstStatDescr_t *, ch_est::puschRxChEstDynDescr_t *)"
3303502824,39968,56937,137,2,1,24,2,1,44,0.001,0.001,,,,,NVIDIA A100-SXM4-40GB MIG 4g.20gb (0),1,,13,"void ch_est::chEstFilterNoDftSOfdmDispatchKernel<float, __half, float, (unsigned int)2>(ch_est::puschRxChEstStatDescr_t *, ch_est::puschRxChEstDynDescr_t *)"
3303729638,10464,56948,103,1,1,128,1,1,16,0.000,0.000,,,,,NVIDIA A100-SXM4-40GB MIG 4g.20gb (0),1,,13,cupy_copy__complex64_complex64
3303789413,26048,56958,1434,1,1,128,1,1,16,0.000,0.000,,,,,NVIDIA A100-SXM4-40GB MIG 4g.20gb (0),1,,13,cupy_copy__complex64_complex64
3304024994,5760,56965,103,1,1,128,1,1,16,0.000,0.000,,,,,NVIDIA A100-SXM4-40GB MIG 4g.20gb (0),1,,13,cupy_copy__complex64_complex64
3304074562,258077,56972,1,1,1,32,32,1,30,0.000,0.000,,,,,NVIDIA A100-SXM4-40GB MIG 4g.20gb (0),1,,13,"void convert_kernel<__half2, float2>(tensor_layout_any, T1 *, tensor_layout_any, const T2 *)"
3305888621,5888,56975,,,,,,,,,,0.094,15912.954,Pinned,Device,NVIDIA A100-SXM4-40GB MIG 4g.20gb (0),1,,13,[CUDA memcpy Host-to-Device]
3306128042,64704,56976,,,,,,,,,,35.810,553406.504,Device,,NVIDIA A100-SXM4-40GB MIG 4g.20gb (0),1,,13,[CUDA memset]
3306197673,2112,56978,,,,,,,,,,0.000,37.879,Pinned,Device,NVIDIA A100-SXM4-40GB MIG 4g.20gb (0),1,,13,[CUDA memcpy Host-to-Device]
3306202217,9312,56979,,,,,,,,,,0.197,21113.340,Pinned,Device,NVIDIA A100-SXM4-40GB MIG 4g.20gb (0),1,,13,[CUDA memcpy Host-to-Device]
3306505446,38464,56980,273,1,1,48,1,1,40,0.000,0.001,,,,,NVIDIA A100-SXM4-40GB MIG 4g.20gb (0),1,,13,"void pusch_noise_intf_est::noiseIntfEstNoDftSOfdmKernel<float, __half, float, float, (unsigned int)2, (unsigned int)1, (unsigned char)4, (unsigned char)4>(pusch_noise_intf_est::puschRxNoiseIntfEstDynDescr)"
3306728387,7072,56991,35,1,1,128,1,1,16,0.000,0.000,,,,,NVIDIA A100-SXM4-40GB MIG 4g.20gb (0),1,,13,cupy_copy__complex64_complex64
3306786403,3104,57000,1,1,1,1,1,1,18,0.000,0.000,,,,,NVIDIA A100-SXM4-40GB MIG 4g.20gb (0),1,,13,cupy_copy__float32_float32
3306792067,1632,57006,,,,,,,,,,0.000,2.451,Device,Pageable,NVIDIA A100-SXM4-40GB MIG 4g.20gb (0),1,,7,[CUDA memcpy Device-to-Host]
3307094079,24352,57017,1434,1,1,128,1,1,16,0.000,0.000,,,,,NVIDIA A100-SXM4-40GB MIG 4g.20gb (0),1,,13,cupy_copy__complex64_complex64
3307348028,7968,57024,103,1,1,128,1,1,16,0.000,0.000,,,,,NVIDIA A100-SXM4-40GB MIG 4g.20gb (0),1,,13,cupy_copy__complex64_complex64
3307404316,9344,57031,35,1,1,128,1,1,16,0.000,0.000,,,,,NVIDIA A100-SXM4-40GB MIG 4g.20gb (0),1,,13,cupy_copy__complex64_complex64
3307423867,3104,57038,1,1,1,1,1,1,18,0.000,0.000,,,,,NVIDIA A100-SXM4-40GB MIG 4g.20gb (0),1,,13,cupy_copy__float32_float32
3307652857,247453,57049,1,1,1,32,32,1,30,0.000,0.000,,,,,NVIDIA A100-SXM4-40GB MIG 4g.20gb (0),1,,13,"void convert_kernel<__half2, float2>(tensor_layout_any, T1 *, tensor_layout_any, const T2 *)"
3307937653,5376,57052,,,,,,,,,,0.094,17428.487,Pinned,Device,NVIDIA A100-SXM4-40GB MIG 4g.20gb (0),1,,13,[CUDA memcpy Host-to-Device]
3308014293,11711,57053,,,,,,,,,,1.547,132064.677,Device,,NVIDIA A100-SXM4-40GB MIG 4g.20gb (0),1,,13,[CUDA memset]
3308028884,3040,57058,,,,,,,,,,0.031,10294.725,Pinned,Device,NVIDIA A100-SXM4-40GB MIG 4g.20gb (0),1,,13,[CUDA memcpy Host-to-Device]
3308034356,10208,57059,,,,,,,,,,0.197,19260.113,Pinned,Device,NVIDIA A100-SXM4-40GB MIG 4g.20gb (0),1,,13,[CUDA memcpy Host-to-Device]
3308246482,28160,57060,273,1,1,8,4,1,39,0.002,0.000,,,,,NVIDIA A100-SXM4-40GB MIG 4g.20gb (0),1,,13,"void channel_eq::eqMmseCoefCompLowMimoKernel<float, float, float, (unsigned int)4, (unsigned int)1, (unsigned int)4>(const channel_eq::_puschRxChEqStatDescr *, channel_eq::_puschRxChEqCoefCompDynDescr)"
3308311313,30368,57061,273,1,1,12,11,1,51,0.002,0.000,,,,,NVIDIA A100-SXM4-40GB MIG 4g.20gb (0),1,,13,"void channel_eq::eqMmseSoftDemapKernel<float, __half, __half, float, (unsigned int)4, (unsigned short)16383>(channel_eq::_puschRxChEqStatDescr *, channel_eq::_puschRxChEqSoftDemapDynDescr)"
3308541263,430235,57062,1,1,1,32,32,1,30,0.000,0.000,,,,,NVIDIA A100-SXM4-40GB MIG 4g.20gb (0),1,,13,"void convert_kernel<float2, __half2>(tensor_layout_any, T1 *, tensor_layout_any, const T2 *)"
3309161191,17696,57074,2253,1,1,128,1,1,16,0.000,0.000,,,,,NVIDIA A100-SXM4-40GB MIG 4g.20gb (0),1,,13,cupy_copy__float16_float16
3309383781,15712,57083,282,1,1,128,1,1,16,0.000,0.000,,,,,NVIDIA A100-SXM4-40GB MIG 4g.20gb (0),1,,13,cupy_copy__complex64_complex64
3309437540,5824,57092,26,1,1,128,1,1,16,0.000,0.000,,,,,NVIDIA A100-SXM4-40GB MIG 4g.20gb (0),1,,13,cupy_copy__float32_float32
3309666690,13247,57101,103,1,1,128,1,1,16,0.000,0.000,,,,,NVIDIA A100-SXM4-40GB MIG 4g.20gb (0),1,,13,cupy_copy__complex64_complex64
3309724225,26816,57111,1434,1,1,128,1,1,16,0.000,0.000,,,,,NVIDIA A100-SXM4-40GB MIG 4g.20gb (0),1,,13,cupy_copy__complex64_complex64
3309968702,225118,57116,1,1,1,32,32,1,30,0.000,0.000,,,,,NVIDIA A100-SXM4-40GB MIG 4g.20gb (0),1,,13,"void convert_kernel<__half2, float2>(tensor_layout_any, T1 *, tensor_layout_any, const T2 *)"
3310229627,6592,57119,,,,,,,,,,0.094,14213.590,Pinned,Device,NVIDIA A100-SXM4-40GB MIG 4g.20gb (0),1,,13,[CUDA memcpy Host-to-Device]
3310330810,640729,57120,,,,,,,,,,456.561,712235.846,Device,,NVIDIA A100-SXM4-40GB MIG 4g.20gb (0),1,,13,[CUDA memset]
3310973587,50559,57125,,,,,,,,,,1.235,24424.722,Pinned,Device,NVIDIA A100-SXM4-40GB MIG 4g.20gb (0),1,,13,[CUDA memcpy Host-to-Device]
3311026610,9632,57126,,,,,,,,,,0.197,20411.843,Pinned,Device,NVIDIA A100-SXM4-40GB MIG 4g.20gb (0),1,,13,[CUDA memcpy Host-to-Device]
3311259279,31840,57127,69,4,1,48,1,1,76,0.002,0.000,,,,,NVIDIA A100-SXM4-40GB MIG 4g.20gb (0),1,,13,"void ch_est::windowedChEstPreNoDftSOfdmKernel<float, __half, float, (unsigned int)2, (unsigned int)1, (unsigned short)4>(ch_est::puschRxChEstStatDescr_t *, ch_est::puschRxChEstDynDescr_t *)"
3311495117,22527,57128,137,2,1,24,2,1,44,0.001,0.001,,,,,NVIDIA A100-SXM4-40GB MIG 4g.20gb (0),1,,13,"void ch_est::chEstFilterNoDftSOfdmDispatchKernel<float, __half, float, (unsigned int)2>(ch_est::puschRxChEstStatDescr_t *, ch_est::puschRxChEstDynDescr_t *)"
3311554860,37663,57129,137,2,1,24,2,1,44,0.001,0.001,,,,,NVIDIA A100-SXM4-40GB MIG 4g.20gb (0),1,,13,"void ch_est::chEstFilterNoDftSOfdmDispatchKernel<float, __half, float, (unsigned int)2>(ch_est::puschRxChEstStatDescr_t *, ch_est::puschRxChEstDynDescr_t *)"
3311785961,5888,57140,103,1,1,128,1,1,16,0.000,0.000,,,,,NVIDIA A100-SXM4-40GB MIG 4g.20gb (0),1,,13,cupy_copy__complex64_complex64
3311838249,28191,57150,1434,1,1,128,1,1,16,0.000,0.000,,,,,NVIDIA A100-SXM4-40GB MIG 4g.20gb (0),1,,13,cupy_copy__complex64_complex64
3312072486,6656,57157,103,1,1,128,1,1,16,0.000,0.000,,,,,NVIDIA A100-SXM4-40GB MIG 4g.20gb (0),1,,13,cupy_copy__complex64_complex64
3312121733,258973,57164,1,1,1,32,32,1,30,0.000,0.000,,,,,NVIDIA A100-SXM4-40GB MIG 4g.20gb (0),1,,13,"void convert_kernel<__half2, float2>(tensor_layout_any, T1 *, tensor_layout_any, const T2 *)"
3312414210,5440,57167,,,,,,,,,,0.094,17223.480,Pinned,Device,NVIDIA A100-SXM4-40GB MIG 4g.20gb (0),1,,13,[CUDA memcpy Host-to-Device]
3312639679,66272,57168,,,,,,,,,,35.810,540335.883,Device,,NVIDIA A100-SXM4-40GB MIG 4g.20gb (0),1,,13,[CUDA memset]
3312707487,1824,57170,,,,,,,,,,0.000,43.860,Pinned,Device,NVIDIA A100-SXM4-40GB MIG 4g.20gb (0),1,,13,[CUDA memcpy Host-to-Device]
3312711775,9536,57171,,,,,,,,,,0.197,20617.298,Pinned,Device,NVIDIA A100-SXM4-40GB MIG 4g.20gb (0),1,,13,[CUDA memcpy Host-to-Device]
3313014171,25600,57172,273,1,1,48,1,1,40,0.000,0.001,,,,,NVIDIA A100-SXM4-40GB MIG 4g.20gb (0),1,,13,"void pusch_noise_intf_est::noiseIntfEstNoDftSOfdmKernel<float, __half, float, float, (unsigned int)2, (unsigned int)1, (unsigned char)4, (unsigned char)4>(pusch_noise_intf_est::puschRxNoiseIntfEstDynDescr)"
3313060859,16607,57183,35,1,1,128,1,1,16,0.000,0.000,,,,,NVIDIA A100-SXM4-40GB MIG 4g.20gb (0),1,,13,cupy_copy__complex64_complex64
3313279512,3584,57192,1,1,1,1,1,1,18,0.000,0.000,,,,,NVIDIA A100-SXM4-40GB MIG 4g.20gb (0),1,,13,cupy_copy__float32_float32
3313289592,1600,57198,,,,,,,,,,0.000,2.500,Device,Pageable,NVIDIA A100-SXM4-40GB MIG 4g.20gb (0),1,,7,[CUDA memcpy Device-to-Host]
3313557205,29568,57209,1434,1,1,128,1,1,16,0.000,0.000,,,,,NVIDIA A100-SXM4-40GB MIG 4g.20gb (0),1,,13,cupy_copy__complex64_complex64
3313622420,6176,57216,103,1,1,128,1,1,16,0.000,0.000,,,,,NVIDIA A100-SXM4-40GB MIG 4g.20gb (0),1,,13,cupy_copy__complex64_complex64
3313844306,8160,57223,35,1,1,128,1,1,16,0.000,0.000,,,,,NVIDIA A100-SXM4-40GB MIG 4g.20gb (0),1,,13,cupy_copy__complex64_complex64
3313897873,3072,57230,1,1,1,1,1,1,18,0.000,0.000,,,,,NVIDIA A100-SXM4-40GB MIG 4g.20gb (0),1,,13,cupy_copy__float32_float32
3314128942,254525,57241,1,1,1,32,32,1,30,0.000,0.000,,,,,NVIDIA A100-SXM4-40GB MIG 4g.20gb (0),1,,13,"void convert_kernel<__half2, float2>(tensor_layout_any, T1 *, tensor_layout_any, const T2 *)"
3314415467,5632,57244,,,,,,,,,,0.094,16636.287,Pinned,Device,NVIDIA A100-SXM4-40GB MIG 4g.20gb (0),1,,13,[CUDA memcpy Host-to-Device]
3314462538,13472,57245,,,,,,,,,,1.547,114802.806,Device,,NVIDIA A100-SXM4-40GB MIG 4g.20gb (0),1,,13,[CUDA memset]
3314483530,4032,57250,,,,,,,,,,0.031,7761.877,Pinned,Device,NVIDIA A100-SXM4-40GB MIG 4g.20gb (0),1,,13,[CUDA memcpy Host-to-Device]
3314489994,10048,57251,,,,,,,,,,0.197,19566.821,Pinned,Device,NVIDIA A100-SXM4-40GB MIG 4g.20gb (0),1,,13,[CUDA memcpy Host-to-Device]
3314688936,16128,57252,273,1,1,8,4,1,39,0.002,0.000,,,,,NVIDIA A100-SXM4-40GB MIG 4g.20gb (0),1,,13,"void channel_eq::eqMmseCoefCompLowMimoKernel<float, float, float, (unsigned int)4, (unsigned int)1, (unsigned int)4>(const channel_eq::_puschRxChEqStatDescr *, channel_eq::_puschRxChEqCoefCompDynDescr)"
3314750055,41344,57253,273,1,1,12,11,1,51,0.002,0.000,,,,,NVIDIA A100-SXM4-40GB MIG 4g.20gb (0),1,,13,"void channel_eq::eqMmseSoftDemapKernel<float, __half, __half, float, (unsigned int)4, (unsigned short)16383>(channel_eq::_puschRxChEqStatDescr *, channel_eq::_puschRxChEqSoftDemapDynDescr)"
3314971525,655480,57254,1,1,1,32,32,1,30,0.000,0.000,,,,,NVIDIA A100-SXM4-40GB MIG 4g.20gb (0),1,,13,"void convert_kernel<float2, __half2>(tensor_layout_any, T1 *, tensor_layout_any, const T2 *)"
3315801851,28352,57266,2253,1,1,128,1,1,16,0.000,0.000,,,,,NVIDIA A100-SXM4-40GB MIG 4g.20gb (0),1,,13,cupy_copy__float16_float16
3315864666,7744,57275,282,1,1,128,1,1,16,0.000,0.000,,,,,NVIDIA A100-SXM4-40GB MIG 4g.20gb (0),1,,13,cupy_copy__complex64_complex64
3316080056,5888,57284,26,1,1,128,1,1,16,0.000,0.000,,,,,NVIDIA A100-SXM4-40GB MIG 4g.20gb (0),1,,13,cupy_copy__float32_float32
3316142839,10880,57293,103,1,1,128,1,1,16,0.000,0.000,,,,,NVIDIA A100-SXM4-40GB MIG 4g.20gb (0),1,,13,cupy_copy__complex64_complex64
3316155607,15200,57303,1434,1,1,128,1,1,16,0.000,0.000,,,,,NVIDIA A100-SXM4-40GB MIG 4g.20gb (0),1,,13,cupy_copy__complex64_complex64
3316380564,224958,57308,1,1,1,32,32,1,30,0.000,0.000,,,,,NVIDIA A100-SXM4-40GB MIG 4g.20gb (0),1,,13,"void convert_kernel<__half2, float2>(tensor_layout_any, T1 *, tensor_layout_any, const T2 *)"
3316640625,5376,57311,,,,,,,,,,0.094,17428.487,Pinned,Device,NVIDIA A100-SXM4-40GB MIG 4g.20gb (0),1,,13,[CUDA memcpy Host-to-Device]
3316727536,641177,57312,,,,,,,,,,456.561,711779.285,Device,,NVIDIA A100-SXM4-40GB MIG 4g.20gb (0),1,,13,[CUDA memset]
3317370377,49983,57317,,,,,,,,,,1.235,24706.290,Pinned,Device,NVIDIA A100-SXM4-40GB MIG 4g.20gb (0),1,,13,[CUDA memcpy Host-to-Device]
3317422824,9312,57318,,,,,,,,,,0.197,21113.340,Pinned,Device,NVIDIA A100-SXM4-40GB MIG 4g.20gb (0),1,,13,[CUDA memcpy Host-to-Device]
3317678374,24511,57319,69,4,1,48,1,1,76,0.002,0.000,,,,,NVIDIA A100-SXM4-40GB MIG 4g.20gb (0),1,,13,"void ch_est::windowedChEstPreNoDftSOfdmKernel<float, __half, float, (unsigned int)2, (unsigned int)1, (unsigned short)4>(ch_est::puschRxChEstStatDescr_t *, ch_est::puschRxChEstDynDescr_t *)"
3317916803,23168,57320,137,2,1,24,2,1,44,0.001,0.001,,,,,NVIDIA A100-SXM4-40GB MIG 4g.20gb (0),1,,13,"void ch_est::chEstFilterNoDftSOfdmDispatchKernel<float, __half, float, (unsigned int)2>(ch_est::puschRxChEstStatDescr_t *, ch_est::puschRxChEstDynDescr_t *)"
3317979746,35328,57321,137,2,1,24,2,1,44,0.001,0.001,,,,,NVIDIA A100-SXM4-40GB MIG 4g.20gb (0),1,,13,"void ch_est::chEstFilterNoDftSOfdmDispatchKernel<float, __half, float, (unsigned int)2>(ch_est::puschRxChEstStatDescr_t *, ch_est::puschRxChEstDynDescr_t *)"
3318204991,7616,57332,103,1,1,128,1,1,16,0.000,0.000,,,,,NVIDIA A100-SXM4-40GB MIG 4g.20gb (0),1,,13,cupy_copy__complex64_complex64
3318264223,25184,57342,1434,1,1,128,1,1,16,0.000,0.000,,,,,NVIDIA A100-SXM4-40GB MIG 4g.20gb (0),1,,13,cupy_copy__complex64_complex64
3318504956,4608,57349,103,1,1,128,1,1,16,0.000,0.000,,,,,NVIDIA A100-SXM4-40GB MIG 4g.20gb (0),1,,13,cupy_copy__complex64_complex64
3318553051,254622,57356,1,1,1,32,32,1,30,0.000,0.000,,,,,NVIDIA A100-SXM4-40GB MIG 4g.20gb (0),1,,13,"void convert_kernel<__half2, float2>(tensor_layout_any, T1 *, tensor_layout_any, const T2 *)"
3318840120,6112,57359,,,,,,,,,,0.094,15329.790,Pinned,Device,NVIDIA A100-SXM4-40GB MIG 4g.20gb (0),1,,13,[CUDA memcpy Host-to-Device]
3319074389,66240,57360,,,,,,,,,,35.810,540586.552,Device,,NVIDIA A100-SXM4-40GB MIG 4g.20gb (0),1,,13,[CUDA memset]
3319152757,3008,57362,,,,,,,,,,0.000,26.596,Pinned,Device,NVIDIA A100-SXM4-40GB MIG 4g.20gb (0),1,,13,[CUDA memcpy Host-to-Device]
3319158773,9791,57363,,,,,,,,,,0.197,20080.361,Pinned,Device,NVIDIA A100-SXM4-40GB MIG 4g.20gb (0),1,,13,[CUDA memcpy Host-to-Device]
3319434449,27104,57364,273,1,1,48,1,1,40,0.000,0.001,,,,,NVIDIA A100-SXM4-40GB MIG 4g.20gb (0),1,,13,"void pusch_noise_intf_est::noiseIntfEstNoDftSOfdmKernel<float, __half, float, float, (unsigned int)2, (unsigned int)1, (unsigned char)4, (unsigned char)4>(pusch_noise_intf_est::puschRxNoiseIntfEstDynDescr)"
3319476689,13760,57375,35,1,1,128,1,1,16,0.000,0.000,,,,,NVIDIA A100-SXM4-40GB MIG 4g.20gb (0),1,,13,cupy_copy__complex64_complex64
3319702510,2432,57384,1,1,1,1,1,1,18,0.000,0.000,,,,,NVIDIA A100-SXM4-40GB MIG 4g.20gb (0),1,,13,cupy_copy__float32_float32
3319713038,1632,57390,,,,,,,,,,0.000,2.451,Device,Pageable,NVIDIA A100-SXM4-40GB MIG 4g.20gb (0),1,,7,[CUDA memcpy Device-to-Host]
3319976715,31648,57401,1434,1,1,128,1,1,16,0.000,0.000,,,,,NVIDIA A100-SXM4-40GB MIG 4g.20gb (0),1,,13,cupy_copy__complex64_complex64
3320043722,5888,57408,103,1,1,128,1,1,16,0.000,0.000,,,,,NVIDIA A100-SXM4-40GB MIG 4g.20gb (0),1,,13,cupy_copy__complex64_complex64
3320272488,9216,57415,35,1,1,128,1,1,16,0.000,0.000,,,,,NVIDIA A100-SXM4-40GB MIG 4g.20gb (0),1,,13,cupy_copy__complex64_complex64
3320327399,3776,57422,1,1,1,1,1,1,18,0.000,0.000,,,,,NVIDIA A100-SXM4-40GB MIG 4g.20gb (0),1,,13,cupy_copy__float32_float32
3320332487,245597,57433,1,1,1,32,32,1,30,0.000,0.000,,,,,NVIDIA A100-SXM4-40GB MIG 4g.20gb (0),1,,13,"void convert_kernel<__half2, float2>(tensor_layout_any, T1 *, tensor_layout_any, const T2 *)"
3320607844,5376,57436,,,,,,,,,,0.094,17428.487,Pinned,Device,NVIDIA A100-SXM4-40GB MIG 4g.20gb (0),1,,13,[CUDA memcpy Host-to-Device]
3320623012,9728,57437,,,,,,,,,,1.547,158986.761,Device,,NVIDIA A100-SXM4-40GB MIG 4g.20gb (0),1,,13,[CUDA memset]
3320639459,3008,57442,,,,,,,,,,0.031,10404.230,Pinned,Device,NVIDIA A100-SXM4-40GB MIG 4g.20gb (0),1,,13,[CUDA memcpy Host-to-Device]
3320644899,9408,57443,,,,,,,,,,0.197,20897.858,Pinned,Device,NVIDIA A100-SXM4-40GB MIG 4g.20gb (0),1,,13,[CUDA memcpy Host-to-Device]
3320855713,12416,57444,273,1,1,8,4,1,39,0.002,0.000,,,,,NVIDIA A100-SXM4-40GB MIG 4g.20gb (0),1,,13,"void channel_eq::eqMmseCoefCompLowMimoKernel<float, float, float, (unsigned int)4, (unsigned int)1, (unsigned int)4>(const channel_eq::_puschRxChEqStatDescr *, channel_eq::_puschRxChEqCoefCompDynDescr)"
3320910336,41280,57445,273,1,1,12,11,1,51,0.002,0.000,,,,,NVIDIA A100-SXM4-40GB MIG 4g.20gb (0),1,,13,"void channel_eq::eqMmseSoftDemapKernel<float, __half, __half, float, (unsigned int)4, (unsigned short)16383>(channel_eq::_puschRxChEqStatDescr *, channel_eq::_puschRxChEqSoftDemapDynDescr)"
3321134270,611865,57446,1,1,1,32,32,1,30,0.000,0.000,,,,,NVIDIA A100-SXM4-40GB MIG 4g.20gb (0),1,,13,"void convert_kernel<float2, __half2>(tensor_layout_any, T1 *, tensor_layout_any, const T2 *)"
3321749911,16544,57458,2253,1,1,128,1,1,16,0.000,0.000,,,,,NVIDIA A100-SXM4-40GB MIG 4g.20gb (0),1,,13,cupy_copy__float16_float16
3321979220,13568,57467,282,1,1,128,1,1,16,0.000,0.000,,,,,NVIDIA A100-SXM4-40GB MIG 4g.20gb (0),1,,13,cupy_copy__complex64_complex64
3322031027,5824,57476,26,1,1,128,1,1,16,0.000,0.000,,,,,NVIDIA A100-SXM4-40GB MIG 4g.20gb (0),1,,13,cupy_copy__float32_float32
3322256241,12256,57485,103,1,1,128,1,1,16,0.000,0.000,,,,,NVIDIA A100-SXM4-40GB MIG 4g.20gb (0),1,,13,cupy_copy__complex64_complex64
3322319920,22880,57495,1434,1,1,128,1,1,16,0.000,0.000,,,,,NVIDIA A100-SXM4-40GB MIG 4g.20gb (0),1,,13,cupy_copy__complex64_complex64
3322553613,232862,57500,1,1,1,32,32,1,30,0.000,0.000,,,,,NVIDIA A100-SXM4-40GB MIG 4g.20gb (0),1,,13,"void convert_kernel<__half2, float2>(tensor_layout_any, T1 *, tensor_layout_any, const T2 *)"
3322816010,5440,57503,,,,,,,,,,0.094,17223.480,Pinned,Device,NVIDIA A100-SXM4-40GB MIG 4g.20gb (0),1,,13,[CUDA memcpy Host-to-Device]
3322899466,639512,57504,,,,,,,,,,456.561,713605.531,Device,,NVIDIA A100-SXM4-40GB MIG 4g.20gb (0),1,,13,[CUDA memset]
3323544738,49856,57509,,,,,,,,,,1.235,24769.272,Pinned,Device,NVIDIA A100-SXM4-40GB MIG 4g.20gb (0),1,,13,[CUDA memcpy Host-to-Device]
3323597057,9344,57510,,,,,,,,,,0.197,21040.988,Pinned,Device,NVIDIA A100-SXM4-40GB MIG 4g.20gb (0),1,,13,[CUDA memcpy Host-to-Device]
3323854975,26943,57511,69,4,1,48,1,1,76,0.002,0.000,,,,,NVIDIA A100-SXM4-40GB MIG 4g.20gb (0),1,,13,"void ch_est::windowedChEstPreNoDftSOfdmKernel<float, __half, float, (unsigned int)2, (unsigned int)1, (unsigned short)4>(ch_est::puschRxChEstStatDescr_t *, ch_est::puschRxChEstDynDescr_t *)"
3324103356,23871,57512,137,2,1,24,2,1,44,0.001,0.001,,,,,NVIDIA A100-SXM4-40GB MIG 4g.20gb (0),1,,13,"void ch_est::chEstFilterNoDftSOfdmDispatchKernel<float, __half, float, (unsigned int)2>(ch_est::puschRxChEstStatDescr_t *, ch_est::puschRxChEstDynDescr_t *)"
3324158491,32352,57513,137,2,1,24,2,1,44,0.001,0.001,,,,,NVIDIA A100-SXM4-40GB MIG 4g.20gb (0),1,,13,"void ch_est::chEstFilterNoDftSOfdmDispatchKernel<float, __half, float, (unsigned int)2>(ch_est::puschRxChEstStatDescr_t *, ch_est::puschRxChEstDynDescr_t *)"
3324388472,7040,57524,103,1,1,128,1,1,16,0.000,0.000,,,,,NVIDIA A100-SXM4-40GB MIG 4g.20gb (0),1,,13,cupy_copy__complex64_complex64
3324451704,21055,57534,1434,1,1,128,1,1,16,0.000,0.000,,,,,NVIDIA A100-SXM4-40GB MIG 4g.20gb (0),1,,13,cupy_copy__complex64_complex64
3324678869,7104,57541,103,1,1,128,1,1,16,0.000,0.000,,,,,NVIDIA A100-SXM4-40GB MIG 4g.20gb (0),1,,13,cupy_copy__complex64_complex64
3324729300,248510,57548,1,1,1,32,32,1,30,0.000,0.000,,,,,NVIDIA A100-SXM4-40GB MIG 4g.20gb (0),1,,13,"void convert_kernel<__half2, float2>(tensor_layout_any, T1 *, tensor_layout_any, const T2 *)"
3325009329,5440,57551,,,,,,,,,,0.094,17223.480,Pinned,Device,NVIDIA A100-SXM4-40GB MIG 4g.20gb (0),1,,13,[CUDA memcpy Host-to-Device]
3325031761,65439,57552,,,,,,,,,,35.810,547211.388,Device,,NVIDIA A100-SXM4-40GB MIG 4g.20gb (0),1,,13,[CUDA memset]
3325104016,1952,57554,,,,,,,,,,0.000,40.984,Pinned,Device,NVIDIA A100-SXM4-40GB MIG 4g.20gb (0),1,,13,[CUDA memcpy Host-to-Device]
3325108400,9664,57555,,,,,,,,,,0.197,20344.209,Pinned,Device,NVIDIA A100-SXM4-40GB MIG 4g.20gb (0),1,,13,[CUDA memcpy Host-to-Device]
3325390733,38815,57556,273,1,1,48,1,1,40,0.000,0.001,,,,,NVIDIA A100-SXM4-40GB MIG 4g.20gb (0),1,,13,"void pusch_noise_intf_est::noiseIntfEstNoDftSOfdmKernel<float, __half, float, float, (unsigned int)2, (unsigned int)1, (unsigned char)4, (unsigned char)4>(pusch_noise_intf_est::puschRxNoiseIntfEstDynDescr)"
3325622762,5888,57567,35,1,1,128,1,1,16,0.000,0.000,,,,,NVIDIA A100-SXM4-40GB MIG 4g.20gb (0),1,,13,cupy_copy__complex64_complex64
3325679114,2688,57576,1,1,1,1,1,1,18,0.000,0.000,,,,,NVIDIA A100-SXM4-40GB MIG 4g.20gb (0),1,,13,cupy_copy__float32_float32
3325685641,1984,57582,,,,,,,,,,0.000,2.016,Device,Pageable,NVIDIA A100-SXM4-40GB MIG 4g.20gb (0),1,,7,[CUDA memcpy Device-to-Host]
3326008134,21664,57593,1434,1,1,128,1,1,16,0.000,0.000,,,,,NVIDIA A100-SXM4-40GB MIG 4g.20gb (0),1,,13,cupy_copy__complex64_complex64
3326246371,11264,57600,103,1,1,128,1,1,16,0.000,0.000,,,,,NVIDIA A100-SXM4-40GB MIG 4g.20gb (0),1,,13,cupy_copy__complex64_complex64
3326306882,9024,57607,35,1,1,128,1,1,16,0.000,0.000,,,,,NVIDIA A100-SXM4-40GB MIG 4g.20gb (0),1,,13,cupy_copy__complex64_complex64
3326540896,4256,57614,1,1,1,1,1,1,18,0.000,0.000,,,,,NVIDIA A100-SXM4-40GB MIG 4g.20gb (0),1,,13,cupy_copy__float32_float32
3326604607,246717,57625,1,1,1,32,32,1,30,0.000,0.000,,,,,NVIDIA A100-SXM4-40GB MIG 4g.20gb (0),1,,13,"void convert_kernel<__half2, float2>(tensor_layout_any, T1 *, tensor_layout_any, const T2 *)"
3326885180,5600,57628,,,,,,,,,,0.094,16731.388,Pinned,Device,NVIDIA A100-SXM4-40GB MIG 4g.20gb (0),1,,13,[CUDA memcpy Host-to-Device]
3326900316,10047,57629,,,,,,,,,,1.547,153938.580,Device,,NVIDIA A100-SXM4-40GB MIG 4g.20gb (0),1,,13,[CUDA memset]
3326914843,3072,57634,,,,,,,,,,0.031,10187.474,Pinned,Device,NVIDIA A100-SXM4-40GB MIG 4g.20gb (0),1,,13,[CUDA memcpy Host-to-Device]
3326921403,9440,57635,,,,,,,,,,0.197,20827.079,Pinned,Device,NVIDIA A100-SXM4-40GB MIG 4g.20gb (0),1,,13,[CUDA memcpy Host-to-Device]
3327133081,21248,57636,273,1,1,8,4,1,39,0.002,0.000,,,,,NVIDIA A100-SXM4-40GB MIG 4g.20gb (0),1,,13,"void channel_eq::eqMmseCoefCompLowMimoKernel<float, float, float, (unsigned int)4, (unsigned int)1, (unsigned int)4>(const channel_eq::_puschRxChEqStatDescr *, channel_eq::_puschRxChEqCoefCompDynDescr)"
3327191512,36416,57637,273,1,1,12,11,1,51,0.002,0.000,,,,,NVIDIA A100-SXM4-40GB MIG 4g.20gb (0),1,,13,"void channel_eq::eqMmseSoftDemapKernel<float, __half, __half, float, (unsigned int)4, (unsigned short)16383>(channel_eq::_puschRxChEqStatDescr *, channel_eq::_puschRxChEqSoftDemapDynDescr)"
3327421110,636408,57638,1,1,1,32,32,1,30,0.000,0.000,,,,,NVIDIA A100-SXM4-40GB MIG 4g.20gb (0),1,,13,"void convert_kernel<float2, __half2>(tensor_layout_any, T1 *, tensor_layout_any, const T2 *)"
3328259404,28960,57650,2253,1,1,128,1,1,16,0.000,0.000,,,,,NVIDIA A100-SXM4-40GB MIG 4g.20gb (0),1,,13,cupy_copy__float16_float16
3328321035,6144,57659,282,1,1,128,1,1,16,0.000,0.000,,,,,NVIDIA A100-SXM4-40GB MIG 4g.20gb (0),1,,13,cupy_copy__complex64_complex64
3328553577,8287,57668,26,1,1,128,1,1,16,0.000,0.000,,,,,NVIDIA A100-SXM4-40GB MIG 4g.20gb (0),1,,13,cupy_copy__float32_float32
3328604648,15360,57677,103,1,1,128,1,1,16,0.000,0.000,,,,,NVIDIA A100-SXM4-40GB MIG 4g.20gb (0),1,,13,cupy_copy__complex64_complex64
3328830245,40096,57687,1434,1,1,128,1,1,16,0.000,0.000,,,,,NVIDIA A100-SXM4-40GB MIG 4g.20gb (0),1,,13,cupy_copy__complex64_complex64
3328907876,213022,57692,1,1,1,32,32,1,30,0.000,0.000,,,,,NVIDIA A100-SXM4-40GB MIG 4g.20gb (0),1,,13,"void convert_kernel<__half2, float2>(tensor_layout_any, T1 *, tensor_layout_any, const T2 *)"
3329151938,5408,57695,,,,,,,,,,0.094,17325.421,Pinned,Device,NVIDIA A100-SXM4-40GB MIG 4g.20gb (0),1,,13,[CUDA memcpy Host-to-Device]
3329202913,639545,57696,,,,,,,,,,456.561,713605.531,Device,,NVIDIA A100-SXM4-40GB MIG 4g.20gb (0),1,,13,[CUDA memset]
3329851418,49567,57701,,,,,,,,,,1.235,24913.760,Pinned,Device,NVIDIA A100-SXM4-40GB MIG 4g.20gb (0),1,,13,[CUDA memcpy Host-to-Device]
3329903449,9376,57702,,,,,,,,,,0.197,20969.226,Pinned,Device,NVIDIA A100-SXM4-40GB MIG 4g.20gb (0),1,,13,[CUDA memcpy Host-to-Device]
3330129654,36672,57703,69,4,1,48,1,1,76,0.002,0.000,,,,,NVIDIA A100-SXM4-40GB MIG 4g.20gb (0),1,,13,"void ch_est::windowedChEstPreNoDftSOfdmKernel<float, __half, float, (unsigned int)2, (unsigned int)1, (unsigned short)4>(ch_est::puschRxChEstStatDescr_t *, ch_est::puschRxChEstDynDescr_t *)"
3330373396,24511,57704,137,2,1,24,2,1,44,0.001,0.001,,,,,NVIDIA A100-SXM4-40GB MIG 4g.20gb (0),1,,13,"void ch_est::chEstFilterNoDftSOfdmDispatchKernel<float, __half, float, (unsigned int)2>(ch_est::puschRxChEstStatDescr_t *, ch_est::puschRxChEstDynDescr_t *)"
3330424339,36640,57705,137,2,1,24,2,1,44,0.001,0.001,,,,,NVIDIA A100-SXM4-40GB MIG 4g.20gb (0),1,,13,"void ch_est::chEstFilterNoDftSOfdmDispatchKernel<float, __half, float, (unsigned int)2>(ch_est::puschRxChEstStatDescr_t *, ch_est::puschRxChEstDynDescr_t *)"
3330658960,6944,57716,103,1,1,128,1,1,16,0.000,0.000,,,,,NVIDIA A100-SXM4-40GB MIG 4g.20gb (0),1,,13,cupy_copy__complex64_complex64
3330707824,33663,57726,1434,1,1,128,1,1,16,0.000,0.000,,,,,NVIDIA A100-SXM4-40GB MIG 4g.20gb (0),1,,13,cupy_copy__complex64_complex64
3330957453,5984,57733,103,1,1,128,1,1,16,0.000,0.000,,,,,NVIDIA A100-SXM4-40GB MIG 4g.20gb (0),1,,13,cupy_copy__complex64_complex64
3331004396,250653,57740,1,1,1,32,32,1,30,0.000,0.000,,,,,NVIDIA A100-SXM4-40GB MIG 4g.20gb (0),1,,13,"void convert_kernel<__half2, float2>(tensor_layout_any, T1 *, tensor_layout_any, const T2 *)"
3331284425,5408,57743,,,,,,,,,,0.094,17325.421,Pinned,Device,NVIDIA A100-SXM4-40GB MIG 4g.20gb (0),1,,13,[CUDA memcpy Host-to-Device]
3331308329,66527,57744,,,,,,,,,,35.810,538258.908,Device,,NVIDIA A100-SXM4-40GB MIG 4g.20gb (0),1,,13,[CUDA memset]
3331380360,1856,57746,,,,,,,,,,0.000,43.103,Pinned,Device,NVIDIA A100-SXM4-40GB MIG 4g.20gb (0),1,,13,[CUDA memcpy Host-to-Device]
3331384648,9344,57747,,,,,,,,,,0.197,21040.988,Pinned,Device,NVIDIA A100-SXM4-40GB MIG 4g.20gb (0),1,,13,[CUDA memcpy Host-to-Device]
3331680645,41375,57748,273,1,1,48,1,1,40,0.000,0.001,,,,,NVIDIA A100-SXM4-40GB MIG 4g.20gb (0),1,,13,"void pusch_noise_intf_est::noiseIntfEstNoDftSOfdmKernel<float, __half, float, float, (unsigned int)2, (unsigned int)1, (unsigned char)4, (unsigned char)4>(pusch_noise_intf_est::puschRxNoiseIntfEstDynDescr)"
3331916226,10208,57759,35,1,1,128,1,1,16,0.000,0.000,,,,,NVIDIA A100-SXM4-40GB MIG 4g.20gb (0),1,,13,cupy_copy__complex64_complex64
3331955617,2816,57768,1,1,1,1,1,1,18,0.000,0.000,,,,,NVIDIA A100-SXM4-40GB MIG 4g.20gb (0),1,,13,cupy_copy__float32_float32
3331965761,1952,57774,,,,,,,,,,0.000,2.049,Device,Pageable,NVIDIA A100-SXM4-40GB MIG 4g.20gb (0),1,,7,[CUDA memcpy Device-to-Host]
3332211678,23584,57785,1434,1,1,128,1,1,16,0.000,0.000,,,,,NVIDIA A100-SXM4-40GB MIG 4g.20gb (0),1,,13,cupy_copy__complex64_complex64
3332276382,6528,57792,103,1,1,128,1,1,16,0.000,0.000,,,,,NVIDIA A100-SXM4-40GB MIG 4g.20gb (0),1,,13,cupy_copy__complex64_complex64
3332510203,10880,57799,35,1,1,128,1,1,16,0.000,0.000,,,,,NVIDIA A100-SXM4-40GB MIG 4g.20gb (0),1,,13,cupy_copy__complex64_complex64
3332566074,3520,57806,1,1,1,1,1,1,18,0.000,0.000,,,,,NVIDIA A100-SXM4-40GB MIG 4g.20gb (0),1,,13,cupy_copy__float32_float32
3332571130,250205,57817,1,1,1,32,32,1,30,0.000,0.000,,,,,NVIDIA A100-SXM4-40GB MIG 4g.20gb (0),1,,13,"void convert_kernel<__half2, float2>(tensor_layout_any, T1 *, tensor_layout_any, const T2 *)"
3332853655,5376,57820,,,,,,,,,,0.094,17428.487,Pinned,Device,NVIDIA A100-SXM4-40GB MIG 4g.20gb (0),1,,13,[CUDA memcpy Host-to-Device]
3332868375,5408,57821,,,,,,,,,,1.547,285987.790,Device,,NVIDIA A100-SXM4-40GB MIG 4g.20gb (0),1,,13,[CUDA memset]
3332874967,3040,57826,,,,,,,,,,0.031,10294.725,Pinned,Device,NVIDIA A100-SXM4-40GB MIG 4g.20gb (0),1,,13,[CUDA memcpy Host-to-Device]
3332881687,9536,57827,,,,,,,,,,0.197,20617.298,Pinned,Device,NVIDIA A100-SXM4-40GB MIG 4g.20gb (0),1,,13,[CUDA memcpy Host-to-Device]
3333084756,26496,57828,273,1,1,8,4,1,39,0.002,0.000,,,,,NVIDIA A100-SXM4-40GB MIG 4g.20gb (0),1,,13,"void channel_eq::eqMmseCoefCompLowMimoKernel<float, float, float, (unsigned int)4, (unsigned int)1, (unsigned int)4>(const channel_eq::_puschRxChEqStatDescr *, channel_eq::_puschRxChEqCoefCompDynDescr)"
3333146996,37055,57829,273,1,1,12,11,1,51,0.002,0.000,,,,,NVIDIA A100-SXM4-40GB MIG 4g.20gb (0),1,,13,"void channel_eq::eqMmseSoftDemapKernel<float, __half, __half, float, (unsigned int)4, (unsigned short)16383>(channel_eq::_puschRxChEqStatDescr *, channel_eq::_puschRxChEqSoftDemapDynDescr)"
3333375089,663416,57830,1,1,1,32,32,1,30,0.000,0.000,,,,,NVIDIA A100-SXM4-40GB MIG 4g.20gb (0),1,,13,"void convert_kernel<float2, __half2>(tensor_layout_any, T1 *, tensor_layout_any, const T2 *)"
3334214407,33856,57842,2253,1,1,128,1,1,16,0.000,0.000,,,,,NVIDIA A100-SXM4-40GB MIG 4g.20gb (0),1,,13,cupy_copy__float16_float16
3334285127,7392,57851,282,1,1,128,1,1,16,0.000,0.000,,,,,NVIDIA A100-SXM4-40GB MIG 4g.20gb (0),1,,13,cupy_copy__complex64_complex64
3334505572,4768,57860,26,1,1,128,1,1,16,0.000,0.000,,,,,NVIDIA A100-SXM4-40GB MIG 4g.20gb (0),1,,13,cupy_copy__float32_float32
3334558340,16223,57869,103,1,1,128,1,1,16,0.000,0.000,,,,,NVIDIA A100-SXM4-40GB MIG 4g.20gb (0),1,,13,cupy_copy__complex64_complex64
3334784385,30080,57879,1434,1,1,128,1,1,16,0.000,0.000,,,,,NVIDIA A100-SXM4-40GB MIG 4g.20gb (0),1,,13,cupy_copy__complex64_complex64
3334851264,203998,57884,1,1,1,32,32,1,30,0.000,0.000,,,,,NVIDIA A100-SXM4-40GB MIG 4g.20gb (0),1,,13,"void convert_kernel<__half2, float2>(tensor_layout_any, T1 *, tensor_layout_any, const T2 *)"
3335084509,5376,57887,,,,,,,,,,0.094,17428.487,Pinned,Device,NVIDIA A100-SXM4-40GB MIG 4g.20gb (0),1,,13,[CUDA memcpy Host-to-Device]
3335140509,640440,57888,,,,,,,,,,456.561,712692.408,Device,,NVIDIA A100-SXM4-40GB MIG 4g.20gb (0),1,,13,[CUDA memset]
3335783925,51456,57893,,,,,,,,,,1.235,23999.902,Pinned,Device,NVIDIA A100-SXM4-40GB MIG 4g.20gb (0),1,,13,[CUDA memcpy Host-to-Device]
3335839093,10432,57894,,,,,,,,,,0.197,18846.450,Pinned,Device,NVIDIA A100-SXM4-40GB MIG 4g.20gb (0),1,,13,[CUDA memcpy Host-to-Device]
3336090034,30656,57895,69,4,1,48,1,1,76,0.002,0.000,,,,,NVIDIA A100-SXM4-40GB MIG 4g.20gb (0),1,,13,"void ch_est::windowedChEstPreNoDftSOfdmKernel<float, __half, float, (unsigned int)2, (unsigned int)1, (unsigned short)4>(ch_est::puschRxChEstStatDescr_t *, ch_est::puschRxChEstDynDescr_t *)"
3336319951,24480,57896,137,2,1,24,2,1,44,0.001,0.001,,,,,NVIDIA A100-SXM4-40GB MIG 4g.20gb (0),1,,13,"void ch_est::chEstFilterNoDftSOfdmDispatchKernel<float, __half, float, (unsigned int)2>(ch_est::puschRxChEstStatDescr_t *, ch_est::puschRxChEstDynDescr_t *)"
3336377199,31231,57897,137,2,1,24,2,1,44,0.001,0.001,,,,,NVIDIA A100-SXM4-40GB MIG 4g.20gb (0),1,,13,"void ch_est::chEstFilterNoDftSOfdmDispatchKernel<float, __half, float, (unsigned int)2>(ch_est::puschRxChEstStatDescr_t *, ch_est::puschRxChEstDynDescr_t *)"
3336606188,7008,57908,103,1,1,128,1,1,16,0.000,0.000,,,,,NVIDIA A100-SXM4-40GB MIG 4g.20gb (0),1,,13,cupy_copy__complex64_complex64
3336664843,24288,57918,1434,1,1,128,1,1,16,0.000,0.000,,,,,NVIDIA A100-SXM4-40GB MIG 4g.20gb (0),1,,13,cupy_copy__complex64_complex64
3336896809,5792,57925,103,1,1,128,1,1,16,0.000,0.000,,,,,NVIDIA A100-SXM4-40GB MIG 4g.20gb (0),1,,13,cupy_copy__complex64_complex64
3336943944,253149,57932,1,1,1,32,32,1,30,0.000,0.000,,,,,NVIDIA A100-SXM4-40GB MIG 4g.20gb (0),1,,13,"void convert_kernel<__half2, float2>(tensor_layout_any, T1 *, tensor_layout_any, const T2 *)"
3337228325,5504,57935,,,,,,,,,,0.094,17023.251,Pinned,Device,NVIDIA A100-SXM4-40GB MIG 4g.20gb (0),1,,13,[CUDA memcpy Host-to-Device]
3337453090,68799,57936,,,,,,,,,,35.810,520497.187,Device,,NVIDIA A100-SXM4-40GB MIG 4g.20gb (0),1,,13,[CUDA memset]
3337524417,2720,57938,,,,,,,,,,0.000,29.412,Pinned,Device,NVIDIA A100-SXM4-40GB MIG 4g.20gb (0),1,,13,[CUDA memcpy Host-to-Device]
3337529569,9632,57939,,,,,,,,,,0.197,20411.843,Pinned,Device,NVIDIA A100-SXM4-40GB MIG 4g.20gb (0),1,,13,[CUDA memcpy Host-to-Device]
3337798878,26528,57940,273,1,1,48,1,1,40,0.000,0.001,,,,,NVIDIA A100-SXM4-40GB MIG 4g.20gb (0),1,,13,"void pusch_noise_intf_est::noiseIntfEstNoDftSOfdmKernel<float, __half, float, float, (unsigned int)2, (unsigned int)1, (unsigned char)4, (unsigned char)4>(pusch_noise_intf_est::puschRxNoiseIntfEstDynDescr)"
3337843550,13216,57951,35,1,1,128,1,1,16,0.000,0.000,,,,,NVIDIA A100-SXM4-40GB MIG 4g.20gb (0),1,,13,cupy_copy__complex64_complex64
3338075771,2688,57960,1,1,1,1,1,1,18,0.000,0.000,,,,,NVIDIA A100-SXM4-40GB MIG 4g.20gb (0),1,,13,cupy_copy__float32_float32
3338079291,1600,57966,,,,,,,,,,0.000,2.500,Device,Pageable,NVIDIA A100-SXM4-40GB MIG 4g.20gb (0),1,,7,[CUDA memcpy Device-to-Host]
3338349720,22336,57977,1434,1,1,128,1,1,16,0.000,0.000,,,,,NVIDIA A100-SXM4-40GB MIG 4g.20gb (0),1,,13,cupy_copy__complex64_complex64
3338408407,5856,57984,103,1,1,128,1,1,16,0.000,0.000,,,,,NVIDIA A100-SXM4-40GB MIG 4g.20gb (0),1,,13,cupy_copy__complex64_complex64
3338633269,13088,57991,35,1,1,128,1,1,16,0.000,0.000,,,,,NVIDIA A100-SXM4-40GB MIG 4g.20gb (0),1,,13,cupy_copy__complex64_complex64
3338688852,2592,57998,1,1,1,1,1,1,18,0.000,0.000,,,,,NVIDIA A100-SXM4-40GB MIG 4g.20gb (0),1,,13,cupy_copy__float32_float32
3338918385,249246,58009,1,1,1,32,32,1,30,0.000,0.000,,,,,NVIDIA A100-SXM4-40GB MIG 4g.20gb (0),1,,13,"void convert_kernel<__half2, float2>(tensor_layout_any, T1 *, tensor_layout_any, const T2 *)"
3339197038,5376,58012,,,,,,,,,,0.094,17428.487,Pinned,Device,NVIDIA A100-SXM4-40GB MIG 4g.20gb (0),1,,13,[CUDA memcpy Host-to-Device]
3339255790,9023,58013,,,,,,,,,,1.547,171407.698,Device,,NVIDIA A100-SXM4-40GB MIG 4g.20gb (0),1,,13,[CUDA memset]
3339266317,3264,58018,,,,,,,,,,0.031,9588.218,Pinned,Device,NVIDIA A100-SXM4-40GB MIG 4g.20gb (0),1,,13,[CUDA memcpy Host-to-Device]
3339272109,9632,58019,,,,,,,,,,0.197,20411.843,Pinned,Device,NVIDIA A100-SXM4-40GB MIG 4g.20gb (0),1,,13,[CUDA memcpy Host-to-Device]
3339485419,25152,58020,273,1,1,8,4,1,39,0.002,0.000,,,,,NVIDIA A100-SXM4-40GB MIG 4g.20gb (0),1,,13,"void channel_eq::eqMmseCoefCompLowMimoKernel<float, float, float, (unsigned int)4, (unsigned int)1, (unsigned int)4>(const channel_eq::_puschRxChEqStatDescr *, channel_eq::_puschRxChEqCoefCompDynDescr)"
3339544170,34272,58021,273,1,1,12,11,1,51,0.002,0.000,,,,,NVIDIA A100-SXM4-40GB MIG 4g.20gb (0),1,,13,"void channel_eq::eqMmseSoftDemapKernel<float, __half, __half, float, (unsigned int)4, (unsigned short)16383>(channel_eq::_puschRxChEqStatDescr *, channel_eq::_puschRxChEqSoftDemapDynDescr)"
3339785223,655961,58022,1,1,1,32,32,1,30,0.000,0.000,,,,,NVIDIA A100-SXM4-40GB MIG 4g.20gb (0),1,,13,"void convert_kernel<float2, __half2>(tensor_layout_any, T1 *, tensor_layout_any, const T2 *)"
3340622014,30111,58034,2253,1,1,128,1,1,16,0.000,0.000,,,,,NVIDIA A100-SXM4-40GB MIG 4g.20gb (0),1,,13,cupy_copy__float16_float16
3340684797,5504,58043,282,1,1,128,1,1,16,0.000,0.000,,,,,NVIDIA A100-SXM4-40GB MIG 4g.20gb (0),1,,13,cupy_copy__complex64_complex64
3340902491,5888,58052,26,1,1,128,1,1,16,0.000,0.000,,,,,NVIDIA A100-SXM4-40GB MIG 4g.20gb (0),1,,13,cupy_copy__float32_float32
3340947674,13536,58061,103,1,1,128,1,1,16,0.000,0.000,,,,,NVIDIA A100-SXM4-40GB MIG 4g.20gb (0),1,,13,cupy_copy__complex64_complex64
3340962682,16960,58071,1434,1,1,128,1,1,16,0.000,0.000,,,,,NVIDIA A100-SXM4-40GB MIG 4g.20gb (0),1,,13,cupy_copy__complex64_complex64
3341191031,181054,58076,1,1,1,32,32,1,30,0.000,0.000,,,,,NVIDIA A100-SXM4-40GB MIG 4g.20gb (0),1,,13,"void convert_kernel<__half2, float2>(tensor_layout_any, T1 *, tensor_layout_any, const T2 *)"
3341405365,5504,58079,,,,,,,,,,0.094,17023.251,Pinned,Device,NVIDIA A100-SXM4-40GB MIG 4g.20gb (0),1,,13,[CUDA memcpy Host-to-Device]
3341552979,637593,58080,,,,,,,,,,456.561,715888.338,Device,,NVIDIA A100-SXM4-40GB MIG 4g.20gb (0),1,,13,[CUDA memset]
3342194284,49855,58085,,,,,,,,,,1.235,24770.507,Pinned,Device,NVIDIA A100-SXM4-40GB MIG 4g.20gb (0),1,,13,[CUDA memcpy Host-to-Device]
3342246571,9888,58086,,,,,,,,,,0.197,19883.360,Pinned,Device,NVIDIA A100-SXM4-40GB MIG 4g.20gb (0),1,,13,[CUDA memcpy Host-to-Device]
3342506184,29056,58087,69,4,1,48,1,1,76,0.002,0.000,,,,,NVIDIA A100-SXM4-40GB MIG 4g.20gb (0),1,,13,"void ch_est::windowedChEstPreNoDftSOfdmKernel<float, __half, float, (unsigned int)2, (unsigned int)1, (unsigned short)4>(ch_est::puschRxChEstStatDescr_t *, ch_est::puschRxChEstDynDescr_t *)"
3342742085,25792,58088,137,2,1,24,2,1,44,0.001,0.001,,,,,NVIDIA A100-SXM4-40GB MIG 4g.20gb (0),1,,13,"void ch_est::chEstFilterNoDftSOfdmDispatchKernel<float, __half, float, (unsigned int)2>(ch_est::puschRxChEstStatDescr_t *, ch_est::puschRxChEstDynDescr_t *)"
3342800805,18944,58089,137,2,1,24,2,1,44,0.001,0.001,,,,,NVIDIA A100-SXM4-40GB MIG 4g.20gb (0),1,,13,"void ch_est::chEstFilterNoDftSOfdmDispatchKernel<float, __half, float, (unsigned int)2>(ch_est::puschRxChEstStatDescr_t *, ch_est::puschRxChEstDynDescr_t *)"
3343027202,6720,58100,103,1,1,128,1,1,16,0.000,0.000,,,,,NVIDIA A100-SXM4-40GB MIG 4g.20gb (0),1,,13,cupy_copy__complex64_complex64
3343084641,29152,58110,1434,1,1,128,1,1,16,0.000,0.000,,,,,NVIDIA A100-SXM4-40GB MIG 4g.20gb (0),1,,13,cupy_copy__complex64_complex64
3343325951,6784,58117,103,1,1,128,1,1,16,0.000,0.000,,,,,NVIDIA A100-SXM4-40GB MIG 4g.20gb (0),1,,13,cupy_copy__complex64_complex64
3343378686,258365,58124,1,1,1,32,32,1,30,0.000,0.000,,,,,NVIDIA A100-SXM4-40GB MIG 4g.20gb (0),1,,13,"void convert_kernel<__half2, float2>(tensor_layout_any, T1 *, tensor_layout_any, const T2 *)"
3343671707,5376,58127,,,,,,,,,,0.094,17428.487,Pinned,Device,NVIDIA A100-SXM4-40GB MIG 4g.20gb (0),1,,13,[CUDA memcpy Host-to-Device]
3343907960,63455,58128,,,,,,,,,,35.810,564328.529,Device,,NVIDIA A100-SXM4-40GB MIG 4g.20gb (0),1,,13,[CUDA memset]
3343977463,1824,58130,,,,,,,,,,0.000,43.860,Pinned,Device,NVIDIA A100-SXM4-40GB MIG 4g.20gb (0),1,,13,[CUDA memcpy Host-to-Device]
3343981719,9440,58131,,,,,,,,,,0.197,20827.079,Pinned,Device,NVIDIA A100-SXM4-40GB MIG 4g.20gb (0),1,,13,[CUDA memcpy Host-to-Device]
3344258484,22592,58132,273,1,1,48,1,1,40,0.000,0.001,,,,,NVIDIA A100-SXM4-40GB MIG 4g.20gb (0),1,,13,"void pusch_noise_intf_est::noiseIntfEstNoDftSOfdmKernel<float, __half, float, float, (unsigned int)2, (unsigned int)1, (unsigned char)4, (unsigned char)4>(pusch_noise_intf_est::puschRxNoiseIntfEstDynDescr)"
3344301556,13887,58143,35,1,1,128,1,1,16,0.000,0.000,,,,,NVIDIA A100-SXM4-40GB MIG 4g.20gb (0),1,,13,cupy_copy__complex64_complex64
3344530353,5760,58152,1,1,1,1,1,1,18,0.000,0.000,,,,,NVIDIA A100-SXM4-40GB MIG 4g.20gb (0),1,,13,cupy_copy__float32_float32
3344539633,1600,58158,,,,,,,,,,0.000,2.500,Device,Pageable,NVIDIA A100-SXM4-40GB MIG 4g.20gb (0),1,,7,[CUDA memcpy Device-to-Host]
3344809038,31871,58169,1434,1,1,128,1,1,16,0.000,0.000,,,,,NVIDIA A100-SXM4-40GB MIG 4g.20gb (0),1,,13,cupy_copy__complex64_complex64
3344871501,4800,58176,103,1,1,128,1,1,16,0.000,0.000,,,,,NVIDIA A100-SXM4-40GB MIG 4g.20gb (0),1,,13,cupy_copy__complex64_complex64
3345095530,11072,58183,35,1,1,128,1,1,16,0.000,0.000,,,,,NVIDIA A100-SXM4-40GB MIG 4g.20gb (0),1,,13,cupy_copy__complex64_complex64
3345143082,3232,58190,1,1,1,1,1,1,18,0.000,0.000,,,,,NVIDIA A100-SXM4-40GB MIG 4g.20gb (0),1,,13,cupy_copy__float32_float32
3345148522,249629,58201,1,1,1,32,32,1,30,0.000,0.000,,,,,NVIDIA A100-SXM4-40GB MIG 4g.20gb (0),1,,13,"void convert_kernel<__half2, float2>(tensor_layout_any, T1 *, tensor_layout_any, const T2 *)"
3345428391,6047,58204,,,,,,,,,,0.094,15494.601,Pinned,Device,NVIDIA A100-SXM4-40GB MIG 4g.20gb (0),1,,13,[CUDA memcpy Host-to-Device]
3345655396,10816,58205,,,,,,,,,,1.547,142993.122,Device,,NVIDIA A100-SXM4-40GB MIG 4g.20gb (0),1,,13,[CUDA memset]
3345674212,3008,58210,,,,,,,,,,0.031,10404.230,Pinned,Device,NVIDIA A100-SXM4-40GB MIG 4g.20gb (0),1,,13,[CUDA memcpy Host-to-Device]
3345679652,10016,58211,,,,,,,,,,0.197,19629.343,Pinned,Device,NVIDIA A100-SXM4-40GB MIG 4g.20gb (0),1,,13,[CUDA memcpy Host-to-Device]
3345704803,42336,58212,273,1,1,8,4,1,39,0.002,0.000,,,,,NVIDIA A100-SXM4-40GB MIG 4g.20gb (0),1,,13,"void channel_eq::eqMmseCoefCompLowMimoKernel<float, float, float, (unsigned int)4, (unsigned int)1, (unsigned int)4>(const channel_eq::_puschRxChEqStatDescr *, channel_eq::_puschRxChEqCoefCompDynDescr)"
3345943137,27167,58213,273,1,1,12,11,1,51,0.002,0.000,,,,,NVIDIA A100-SXM4-40GB MIG 4g.20gb (0),1,,13,"void channel_eq::eqMmseSoftDemapKernel<float, __half, __half, float, (unsigned int)4, (unsigned short)16383>(channel_eq::_puschRxChEqStatDescr *, channel_eq::_puschRxChEqSoftDemapDynDescr)"
3346003936,620569,58214,1,1,1,32,32,1,30,0.000,0.000,,,,,NVIDIA A100-SXM4-40GB MIG 4g.20gb (0),1,,13,"void convert_kernel<float2, __half2>(tensor_layout_any, T1 *, tensor_layout_any, const T2 *)"
3346831638,17248,58226,2253,1,1,128,1,1,16,0.000,0.000,,,,,NVIDIA A100-SXM4-40GB MIG 4g.20gb (0),1,,13,cupy_copy__float16_float16
3347066740,12512,58235,282,1,1,128,1,1,16,0.000,0.000,,,,,NVIDIA A100-SXM4-40GB MIG 4g.20gb (0),1,,13,cupy_copy__complex64_complex64
3347122195,5984,58244,26,1,1,128,1,1,16,0.000,0.000,,,,,NVIDIA A100-SXM4-40GB MIG 4g.20gb (0),1,,13,cupy_copy__float32_float32
3347342513,12511,58253,103,1,1,128,1,1,16,0.000,0.000,,,,,NVIDIA A100-SXM4-40GB MIG 4g.20gb (0),1,,13,cupy_copy__complex64_complex64
3347407664,25504,58263,1434,1,1,128,1,1,16,0.000,0.000,,,,,NVIDIA A100-SXM4-40GB MIG 4g.20gb (0),1,,13,cupy_copy__complex64_complex64
3347661197,250813,58268,1,1,1,32,32,1,30,0.000,0.000,,,,,NVIDIA A100-SXM4-40GB MIG 4g.20gb (0),1,,13,"void convert_kernel<__half2, float2>(tensor_layout_any, T1 *, tensor_layout_any, const T2 *)"
3347944170,6272,58271,,,,,,,,,,0.094,14938.703,Pinned,Device,NVIDIA A100-SXM4-40GB MIG 4g.20gb (0),1,,13,[CUDA memcpy Host-to-Device]
3348017897,640440,58272,,,,,,,,,,456.561,712692.408,Device,,NVIDIA A100-SXM4-40GB MIG 4g.20gb (0),1,,13,[CUDA memset]
3348663009,51264,58277,,,,,,,,,,1.235,24088.818,Pinned,Device,NVIDIA A100-SXM4-40GB MIG 4g.20gb (0),1,,13,[CUDA memcpy Host-to-Device]
3348716737,9344,58278,,,,,,,,,,0.197,21040.988,Pinned,Device,NVIDIA A100-SXM4-40GB MIG 4g.20gb (0),1,,13,[CUDA memcpy Host-to-Device]
3348963678,42655,58279,69,4,1,48,1,1,76,0.002,0.000,,,,,NVIDIA A100-SXM4-40GB MIG 4g.20gb (0),1,,13,"void ch_est::windowedChEstPreNoDftSOfdmKernel<float, __half, float, (unsigned int)2, (unsigned int)1, (unsigned short)4>(ch_est::puschRxChEstStatDescr_t *, ch_est::puschRxChEstDynDescr_t *)"
3349219163,23808,58280,137,2,1,24,2,1,44,0.001,0.001,,,,,NVIDIA A100-SXM4-40GB MIG 4g.20gb (0),1,,13,"void ch_est::chEstFilterNoDftSOfdmDispatchKernel<float, __half, float, (unsigned int)2>(ch_est::puschRxChEstStatDescr_t *, ch_est::puschRxChEstDynDescr_t *)"
3349275802,35520,58281,137,2,1,24,2,1,44,0.001,0.001,,,,,NVIDIA A100-SXM4-40GB MIG 4g.20gb (0),1,,13,"void ch_est::chEstFilterNoDftSOfdmDispatchKernel<float, __half, float, (unsigned int)2>(ch_est::puschRxChEstStatDescr_t *, ch_est::puschRxChEstDynDescr_t *)"
3349506296,7648,58292,103,1,1,128,1,1,16,0.000,0.000,,,,,NVIDIA A100-SXM4-40GB MIG 4g.20gb (0),1,,13,cupy_copy__complex64_complex64
3349553015,33376,58302,1434,1,1,128,1,1,16,0.000,0.000,,,,,NVIDIA A100-SXM4-40GB MIG 4g.20gb (0),1,,13,cupy_copy__complex64_complex64
3349796212,5632,58309,103,1,1,128,1,1,16,0.000,0.000,,,,,NVIDIA A100-SXM4-40GB MIG 4g.20gb (0),1,,13,cupy_copy__complex64_complex64
3349845012,247549,58316,1,1,1,32,32,1,30,0.000,0.000,,,,,NVIDIA A100-SXM4-40GB MIG 4g.20gb (0),1,,13,"void convert_kernel<__half2, float2>(tensor_layout_any, T1 *, tensor_layout_any, const T2 *)"
3350126641,5407,58319,,,,,,,,,,0.094,17328.607,Pinned,Device,NVIDIA A100-SXM4-40GB MIG 4g.20gb (0),1,,13,[CUDA memcpy Host-to-Device]
3350139824,65472,58320,,,,,,,,,,35.810,546924.908,Device,,NVIDIA A100-SXM4-40GB MIG 4g.20gb (0),1,,13,[CUDA memset]
3350207408,2336,58322,,,,,,,,,,0.000,34.247,Pinned,Device,NVIDIA A100-SXM4-40GB MIG 4g.20gb (0),1,,13,[CUDA memcpy Host-to-Device]
3350212144,9343,58323,,,,,,,,,,0.197,21043.347,Pinned,Device,NVIDIA A100-SXM4-40GB MIG 4g.20gb (0),1,,13,[CUDA memcpy Host-to-Device]
3350526668,37536,58324,273,1,1,48,1,1,40,0.000,0.001,,,,,NVIDIA A100-SXM4-40GB MIG 4g.20gb (0),1,,13,"void pusch_noise_intf_est::noiseIntfEstNoDftSOfdmKernel<float, __half, float, float, (unsigned int)2, (unsigned int)1, (unsigned char)4, (unsigned char)4>(pusch_noise_intf_est::puschRxNoiseIntfEstDynDescr)"
3350761449,12576,58335,35,1,1,128,1,1,16,0.000,0.000,,,,,NVIDIA A100-SXM4-40GB MIG 4g.20gb (0),1,,13,cupy_copy__complex64_complex64
3350799177,2432,58344,1,1,1,1,1,1,18,0.000,0.000,,,,,NVIDIA A100-SXM4-40GB MIG 4g.20gb (0),1,,13,cupy_copy__float32_float32
3350803401,1952,58350,,,,,,,,,,0.000,2.049,Device,Pageable,NVIDIA A100-SXM4-40GB MIG 4g.20gb (0),1,,7,[CUDA memcpy Device-to-Host]
3351028614,25312,58361,1434,1,1,128,1,1,16,0.000,0.000,,,,,NVIDIA A100-SXM4-40GB MIG 4g.20gb (0),1,,13,cupy_copy__complex64_complex64
3351088517,6240,58368,103,1,1,128,1,1,16,0.000,0.000,,,,,NVIDIA A100-SXM4-40GB MIG 4g.20gb (0),1,,13,cupy_copy__complex64_complex64
3351325379,6496,58375,35,1,1,128,1,1,16,0.000,0.000,,,,,NVIDIA A100-SXM4-40GB MIG 4g.20gb (0),1,,13,cupy_copy__complex64_complex64
3351390050,3264,58382,1,1,1,1,1,1,18,0.000,0.000,,,,,NVIDIA A100-SXM4-40GB MIG 4g.20gb (0),1,,13,cupy_copy__float32_float32
3351394594,240989,58393,1,1,1,32,32,1,30,0.000,0.000,,,,,NVIDIA A100-SXM4-40GB MIG 4g.20gb (0),1,,13,"void convert_kernel<__half2, float2>(tensor_layout_any, T1 *, tensor_layout_any, const T2 *)"
3351666079,5376,58396,,,,,,,,,,0.094,17428.487,Pinned,Device,NVIDIA A100-SXM4-40GB MIG 4g.20gb (0),1,,13,[CUDA memcpy Host-to-Device]
3351689311,11135,58397,,,,,,,,,,1.547,138896.115,Device,,NVIDIA A100-SXM4-40GB MIG 4g.20gb (0),1,,13,[CUDA memset]
3351706206,3040,58402,,,,,,,,,,0.031,10294.725,Pinned,Device,NVIDIA A100-SXM4-40GB MIG 4g.20gb (0),1,,13,[CUDA memcpy Host-to-Device]
3351711710,9504,58403,,,,,,,,,,0.197,20686.701,Pinned,Device,NVIDIA A100-SXM4-40GB MIG 4g.20gb (0),1,,13,[CUDA memcpy Host-to-Device]
3351946140,27967,58404,273,1,1,8,4,1,39,0.002,0.000,,,,,NVIDIA A100-SXM4-40GB MIG 4g.20gb (0),1,,13,"void channel_eq::eqMmseCoefCompLowMimoKernel<float, float, float, (unsigned int)4, (unsigned int)1, (unsigned int)4>(const channel_eq::_puschRxChEqStatDescr *, channel_eq::_puschRxChEqCoefCompDynDescr)"
3352004667,32480,58405,273,1,1,12,11,1,51,0.002,0.000,,,,,NVIDIA A100-SXM4-40GB MIG 4g.20gb (0),1,,13,"void channel_eq::eqMmseSoftDemapKernel<float, __half, __half, float, (unsigned int)4, (unsigned short)16383>(channel_eq::_puschRxChEqStatDescr *, channel_eq::_puschRxChEqSoftDemapDynDescr)"
3352253080,649049,58406,1,1,1,32,32,1,30,0.000,0.000,,,,,NVIDIA A100-SXM4-40GB MIG 4g.20gb (0),1,,13,"void convert_kernel<float2, __half2>(tensor_layout_any, T1 *, tensor_layout_any, const T2 *)"
3353096974,25984,58418,2253,1,1,128,1,1,16,0.000,0.000,,,,,NVIDIA A100-SXM4-40GB MIG 4g.20gb (0),1,,13,cupy_copy__float16_float16
3353160014,8320,58427,282,1,1,128,1,1,16,0.000,0.000,,,,,NVIDIA A100-SXM4-40GB MIG 4g.20gb (0),1,,13,cupy_copy__complex64_complex64
3353379563,8736,58436,26,1,1,128,1,1,16,0.000,0.000,,,,,NVIDIA A100-SXM4-40GB MIG 4g.20gb (0),1,,13,cupy_copy__float32_float32
3353437898,9728,58445,103,1,1,128,1,1,16,0.000,0.000,,,,,NVIDIA A100-SXM4-40GB MIG 4g.20gb (0),1,,13,cupy_copy__complex64_complex64
3353668840,37183,58455,1434,1,1,128,1,1,16,0.000,0.000,,,,,NVIDIA A100-SXM4-40GB MIG 4g.20gb (0),1,,13,cupy_copy__complex64_complex64
3353740199,216126,58460,1,1,1,32,32,1,30,0.000,0.000,,,,,NVIDIA A100-SXM4-40GB MIG 4g.20gb (0),1,,13,"void convert_kernel<__half2, float2>(tensor_layout_any, T1 *, tensor_layout_any, const T2 *)"
3353985700,5408,58463,,,,,,,,,,0.094,17325.421,Pinned,Device,NVIDIA A100-SXM4-40GB MIG 4g.20gb (0),1,,13,[CUDA memcpy Host-to-Device]
3354033892,637432,58464,,,,,,,,,,456.561,715888.338,Device,,NVIDIA A100-SXM4-40GB MIG 4g.20gb (0),1,,13,[CUDA memset]
3354677692,51392,58469,,,,,,,,,,1.235,24029.540,Pinned,Device,NVIDIA A100-SXM4-40GB MIG 4g.20gb (0),1,,13,[CUDA memcpy Host-to-Device]
3354731548,9376,58470,,,,,,,,,,0.197,20969.226,Pinned,Device,NVIDIA A100-SXM4-40GB MIG 4g.20gb (0),1,,13,[CUDA memcpy Host-to-Device]
3354974649,26272,58471,69,4,1,48,1,1,76,0.002,0.000,,,,,NVIDIA A100-SXM4-40GB MIG 4g.20gb (0),1,,13,"void ch_est::windowedChEstPreNoDftSOfdmKernel<float, __half, float, (unsigned int)2, (unsigned int)1, (unsigned short)4>(ch_est::puschRxChEstStatDescr_t *, ch_est::puschRxChEstDynDescr_t *)"
3355208758,24096,58472,137,2,1,24,2,1,44,0.001,0.001,,,,,NVIDIA A100-SXM4-40GB MIG 4g.20gb (0),1,,13,"void ch_est::chEstFilterNoDftSOfdmDispatchKernel<float, __half, float, (unsigned int)2>(ch_est::puschRxChEstStatDescr_t *, ch_est::puschRxChEstDynDescr_t *)"
3355264853,37152,58473,137,2,1,24,2,1,44,0.001,0.001,,,,,NVIDIA A100-SXM4-40GB MIG 4g.20gb (0),1,,13,"void ch_est::chEstFilterNoDftSOfdmDispatchKernel<float, __half, float, (unsigned int)2>(ch_est::puschRxChEstStatDescr_t *, ch_est::puschRxChEstDynDescr_t *)"
3355491475,7552,58484,103,1,1,128,1,1,16,0.000,0.000,,,,,NVIDIA A100-SXM4-40GB MIG 4g.20gb (0),1,,13,cupy_copy__complex64_complex64
3355551218,25888,58494,1434,1,1,128,1,1,16,0.000,0.000,,,,,NVIDIA A100-SXM4-40GB MIG 4g.20gb (0),1,,13,cupy_copy__complex64_complex64
3355784880,10495,58501,103,1,1,128,1,1,16,0.000,0.000,,,,,NVIDIA A100-SXM4-40GB MIG 4g.20gb (0),1,,13,cupy_copy__complex64_complex64
3355843727,250301,58508,1,1,1,32,32,1,30,0.000,0.000,,,,,NVIDIA A100-SXM4-40GB MIG 4g.20gb (0),1,,13,"void convert_kernel<__half2, float2>(tensor_layout_any, T1 *, tensor_layout_any, const T2 *)"
3356125996,5408,58511,,,,,,,,,,0.094,17325.421,Pinned,Device,NVIDIA A100-SXM4-40GB MIG 4g.20gb (0),1,,13,[CUDA memcpy Host-to-Device]
3356359209,68127,58512,,,,,,,,,,35.810,525618.006,Device,,NVIDIA A100-SXM4-40GB MIG 4g.20gb (0),1,,13,[CUDA memset]
3356435304,1856,58514,,,,,,,,,,0.000,43.103,Pinned,Device,NVIDIA A100-SXM4-40GB MIG 4g.20gb (0),1,,13,[CUDA memcpy Host-to-Device]
3356439624,9792,58515,,,,,,,,,,0.197,20078.395,Pinned,Device,NVIDIA A100-SXM4-40GB MIG 4g.20gb (0),1,,13,[CUDA memcpy Host-to-Device]
3356725093,27615,58516,273,1,1,48,1,1,40,0.000,0.001,,,,,NVIDIA A100-SXM4-40GB MIG 4g.20gb (0),1,,13,"void pusch_noise_intf_est::noiseIntfEstNoDftSOfdmKernel<float, __half, float, float, (unsigned int)2, (unsigned int)1, (unsigned char)4, (unsigned char)4>(pusch_noise_intf_est::puschRxNoiseIntfEstDynDescr)"
3356769860,16224,58527,35,1,1,128,1,1,16,0.000,0.000,,,,,NVIDIA A100-SXM4-40GB MIG 4g.20gb (0),1,,13,cupy_copy__complex64_complex64
3356991842,2944,58536,1,1,1,1,1,1,18,0.000,0.000,,,,,NVIDIA A100-SXM4-40GB MIG 4g.20gb (0),1,,13,cupy_copy__float32_float32
3356997154,3520,58542,,,,,,,,,,0.000,1.136,Device,Pageable,NVIDIA A100-SXM4-40GB MIG 4g.20gb (0),1,,7,[CUDA memcpy Device-to-Host]
3357263743,29087,58553,1434,1,1,128,1,1,16,0.000,0.000,,,,,NVIDIA A100-SXM4-40GB MIG 4g.20gb (0),1,,13,cupy_copy__complex64_complex64
3357326590,8704,58560,103,1,1,128,1,1,16,0.000,0.000,,,,,NVIDIA A100-SXM4-40GB MIG 4g.20gb (0),1,,13,cupy_copy__complex64_complex64
3357552731,10880,58567,35,1,1,128,1,1,16,0.000,0.000,,,,,NVIDIA A100-SXM4-40GB MIG 4g.20gb (0),1,,13,cupy_copy__complex64_complex64
3357610171,3007,58574,1,1,1,1,1,1,18,0.000,0.000,,,,,NVIDIA A100-SXM4-40GB MIG 4g.20gb (0),1,,13,cupy_copy__float32_float32
3357615866,193950,58585,1,1,1,32,32,1,30,0.000,0.000,,,,,NVIDIA A100-SXM4-40GB MIG 4g.20gb (0),1,,13,"void convert_kernel<__half2, float2>(tensor_layout_any, T1 *, tensor_layout_any, const T2 *)"
3357840728,5376,58588,,,,,,,,,,0.094,17428.487,Pinned,Device,NVIDIA A100-SXM4-40GB MIG 4g.20gb (0),1,,13,[CUDA memcpy Host-to-Device]
3357912151,10656,58589,,,,,,,,,,1.547,145139.836,Device,,NVIDIA A100-SXM4-40GB MIG 4g.20gb (0),1,,13,[CUDA memset]
3357928279,3392,58594,,,,,,,,,,0.031,9226.405,Pinned,Device,NVIDIA A100-SXM4-40GB MIG 4g.20gb (0),1,,13,[CUDA memcpy Host-to-Device]
3357934071,11456,58595,,,,,,,,,,0.197,17161.912,Pinned,Device,NVIDIA A100-SXM4-40GB MIG 4g.20gb (0),1,,13,[CUDA memcpy Host-to-Device]
3358140212,26816,58596,273,1,1,8,4,1,39,0.002,0.000,,,,,NVIDIA A100-SXM4-40GB MIG 4g.20gb (0),1,,13,"void channel_eq::eqMmseCoefCompLowMimoKernel<float, float, float, (unsigned int)4, (unsigned int)1, (unsigned int)4>(const channel_eq::_puschRxChEqStatDescr *, channel_eq::_puschRxChEqCoefCompDynDescr)"
3358200884,37503,58597,273,1,1,12,11,1,51,0.002,0.000,,,,,NVIDIA A100-SXM4-40GB MIG 4g.20gb (0),1,,13,"void channel_eq::eqMmseSoftDemapKernel<float, __half, __half, float, (unsigned int)4, (unsigned short)16383>(channel_eq::_puschRxChEqStatDescr *, channel_eq::_puschRxChEqSoftDemapDynDescr)"
3358434769,619609,58598,1,1,1,32,32,1,30,0.000,0.000,,,,,NVIDIA A100-SXM4-40GB MIG 4g.20gb (0),1,,13,"void convert_kernel<float2, __half2>(tensor_layout_any, T1 *, tensor_layout_any, const T2 *)"
3359059562,20832,58610,2253,1,1,128,1,1,16,0.000,0.000,,,,,NVIDIA A100-SXM4-40GB MIG 4g.20gb (0),1,,13,cupy_copy__float16_float16
3359289479,15456,58619,282,1,1,128,1,1,16,0.000,0.000,,,,,NVIDIA A100-SXM4-40GB MIG 4g.20gb (0),1,,13,cupy_copy__complex64_complex64
3359355974,4352,58628,26,1,1,128,1,1,16,0.000,0.000,,,,,NVIDIA A100-SXM4-40GB MIG 4g.20gb (0),1,,13,cupy_copy__float32_float32
3359577860,15136,58637,103,1,1,128,1,1,16,0.000,0.000,,,,,NVIDIA A100-SXM4-40GB MIG 4g.20gb (0),1,,13,cupy_copy__complex64_complex64
3359644387,26752,58647,1434,1,1,128,1,1,16,0.000,0.000,,,,,NVIDIA A100-SXM4-40GB MIG 4g.20gb (0),1,,13,cupy_copy__complex64_complex64
3359907328,238333,58652,1,1,1,32,32,1,30,0.000,0.000,,,,,NVIDIA A100-SXM4-40GB MIG 4g.20gb (0),1,,13,"void convert_kernel<__half2, float2>(tensor_layout_any, T1 *, tensor_layout_any, const T2 *)"
3360176701,5376,58655,,,,,,,,,,0.094,17428.487,Pinned,Device,NVIDIA A100-SXM4-40GB MIG 4g.20gb (0),1,,13,[CUDA memcpy Host-to-Device]
3360272508,638393,58656,,,,,,,,,,456.561,714975.215,Device,,NVIDIA A100-SXM4-40GB MIG 4g.20gb (0),1,,13,[CUDA memset]
3360916981,50879,58661,,,,,,,,,,1.235,24271.589,Pinned,Device,NVIDIA A100-SXM4-40GB MIG 4g.20gb (0),1,,13,[CUDA memcpy Host-to-Device]
3360970292,9344,58662,,,,,,,,,,0.197,21040.988,Pinned,Device,NVIDIA A100-SXM4-40GB MIG 4g.20gb (0),1,,13,[CUDA memcpy Host-to-Device]
3361201137,34016,58663,69,4,1,48,1,1,76,0.002,0.000,,,,,NVIDIA A100-SXM4-40GB MIG 4g.20gb (0),1,,13,"void ch_est::windowedChEstPreNoDftSOfdmKernel<float, __half, float, (unsigned int)2, (unsigned int)1, (unsigned short)4>(ch_est::puschRxChEstStatDescr_t *, ch_est::puschRxChEstDynDescr_t *)"
3361435631,20959,58664,137,2,1,24,2,1,44,0.001,0.001,,,,,NVIDIA A100-SXM4-40GB MIG 4g.20gb (0),1,,13,"void ch_est::chEstFilterNoDftSOfdmDispatchKernel<float, __half, float, (unsigned int)2>(ch_est::puschRxChEstStatDescr_t *, ch_est::puschRxChEstDynDescr_t *)"
3361492366,39551,58665,137,2,1,24,2,1,44,0.001,0.001,,,,,NVIDIA A100-SXM4-40GB MIG 4g.20gb (0),1,,13,"void ch_est::chEstFilterNoDftSOfdmDispatchKernel<float, __half, float, (unsigned int)2>(ch_est::puschRxChEstStatDescr_t *, ch_est::puschRxChEstDynDescr_t *)"
3361717003,7328,58676,103,1,1,128,1,1,16,0.000,0.000,,,,,NVIDIA A100-SXM4-40GB MIG 4g.20gb (0),1,,13,cupy_copy__complex64_complex64
3361776171,24095,58686,1434,1,1,128,1,1,16,0.000,0.000,,,,,NVIDIA A100-SXM4-40GB MIG 4g.20gb (0),1,,13,cupy_copy__complex64_complex64
3362012040,7136,58693,103,1,1,128,1,1,16,0.000,0.000,,,,,NVIDIA A100-SXM4-40GB MIG 4g.20gb (0),1,,13,cupy_copy__complex64_complex64
3362062791,245502,58700,1,1,1,32,32,1,30,0.000,0.000,,,,,NVIDIA A100-SXM4-40GB MIG 4g.20gb (0),1,,13,"void convert_kernel<__half2, float2>(tensor_layout_any, T1 *, tensor_layout_any, const T2 *)"
3362338884,5632,58703,,,,,,,,,,0.094,16636.287,Pinned,Device,NVIDIA A100-SXM4-40GB MIG 4g.20gb (0),1,,13,[CUDA memcpy Host-to-Device]
3362586529,69184,58704,,,,,,,,,,35.810,517596.584,Device,,NVIDIA A100-SXM4-40GB MIG 4g.20gb (0),1,,13,[CUDA memset]
3362657377,1823,58706,,,,,,,,,,0.000,43.884,Pinned,Device,NVIDIA A100-SXM4-40GB MIG 4g.20gb (0),1,,13,[CUDA memcpy Host-to-Device]
3362661600,9312,58707,,,,,,,,,,0.197,21113.340,Pinned,Device,NVIDIA A100-SXM4-40GB MIG 4g.20gb (0),1,,13,[CUDA memcpy Host-to-Device]
3362951581,27360,58708,273,1,1,48,1,1,40,0.000,0.001,,,,,NVIDIA A100-SXM4-40GB MIG 4g.20gb (0),1,,13,"void pusch_noise_intf_est::noiseIntfEstNoDftSOfdmKernel<float, __half, float, float, (unsigned int)2, (unsigned int)1, (unsigned char)4, (unsigned char)4>(pusch_noise_intf_est::puschRxNoiseIntfEstDynDescr)"
3362993309,19327,58719,35,1,1,128,1,1,16,0.000,0.000,,,,,NVIDIA A100-SXM4-40GB MIG 4g.20gb (0),1,,13,cupy_copy__complex64_complex64
3363214138,3072,58728,1,1,1,1,1,1,18,0.000,0.000,,,,,NVIDIA A100-SXM4-40GB MIG 4g.20gb (0),1,,13,cupy_copy__float32_float32
3363224378,1632,58734,,,,,,,,,,0.000,2.451,Device,Pageable,NVIDIA A100-SXM4-40GB MIG 4g.20gb (0),1,,7,[CUDA memcpy Device-to-Host]
3363496695,27584,58745,1434,1,1,128,1,1,16,0.000,0.000,,,,,NVIDIA A100-SXM4-40GB MIG 4g.20gb (0),1,,13,cupy_copy__complex64_complex64
3363560630,6624,58752,103,1,1,128,1,1,16,0.000,0.000,,,,,NVIDIA A100-SXM4-40GB MIG 4g.20gb (0),1,,13,cupy_copy__complex64_complex64
3363785780,10719,58759,35,1,1,128,1,1,16,0.000,0.000,,,,,NVIDIA A100-SXM4-40GB MIG 4g.20gb (0),1,,13,cupy_copy__complex64_complex64
3363841875,3616,58766,1,1,1,1,1,1,18,0.000,0.000,,,,,NVIDIA A100-SXM4-40GB MIG 4g.20gb (0),1,,13,cupy_copy__float32_float32
3364073328,251581,58777,1,1,1,32,32,1,30,0.000,0.000,,,,,NVIDIA A100-SXM4-40GB MIG 4g.20gb (0),1,,13,"void convert_kernel<__half2, float2>(tensor_layout_any, T1 *, tensor_layout_any, const T2 *)"
3364359405,5568,58780,,,,,,,,,,0.094,16827.521,Pinned,Device,NVIDIA A100-SXM4-40GB MIG 4g.20gb (0),1,,13,[CUDA memcpy Host-to-Device]
3364413516,8672,58781,,,,,,,,,,1.547,178345.853,Device,,NVIDIA A100-SXM4-40GB MIG 4g.20gb (0),1,,13,[CUDA memset]
3364424556,3104,58786,,,,,,,,,,0.031,10082.445,Pinned,Device,NVIDIA A100-SXM4-40GB MIG 4g.20gb (0),1,,13,[CUDA memcpy Host-to-Device]
3364430124,10848,58787,,,,,,,,,,0.197,18123.719,Pinned,Device,NVIDIA A100-SXM4-40GB MIG 4g.20gb (0),1,,13,[CUDA memcpy Host-to-Device]
3364640682,30143,58788,273,1,1,8,4,1,39,0.002,0.000,,,,,NVIDIA A100-SXM4-40GB MIG 4g.20gb (0),1,,13,"void channel_eq::eqMmseCoefCompLowMimoKernel<float, float, float, (unsigned int)4, (unsigned int)1, (unsigned int)4>(const channel_eq::_puschRxChEqStatDescr *, channel_eq::_puschRxChEqCoefCompDynDescr)"
3364702409,34592,58789,273,1,1,12,11,1,51,0.002,0.000,,,,,NVIDIA A100-SXM4-40GB MIG 4g.20gb (0),1,,13,"void channel_eq::eqMmseSoftDemapKernel<float, __half, __half, float, (unsigned int)4, (unsigned short)16383>(channel_eq::_puschRxChEqStatDescr *, channel_eq::_puschRxChEqSoftDemapDynDescr)"
3364926246,614329,58790,1,1,1,32,32,1,30,0.000,0.000,,,,,NVIDIA A100-SXM4-40GB MIG 4g.20gb (0),1,,13,"void convert_kernel<float2, __half2>(tensor_layout_any, T1 *, tensor_layout_any, const T2 *)"
3365560543,17440,58802,2253,1,1,128,1,1,16,0.000,0.000,,,,,NVIDIA A100-SXM4-40GB MIG 4g.20gb (0),1,,13,cupy_copy__float16_float16
3365807516,7648,58811,282,1,1,128,1,1,16,0.000,0.000,,,,,NVIDIA A100-SXM4-40GB MIG 4g.20gb (0),1,,13,cupy_copy__complex64_complex64
3365867228,6112,58820,26,1,1,128,1,1,16,0.000,0.000,,,,,NVIDIA A100-SXM4-40GB MIG 4g.20gb (0),1,,13,cupy_copy__float32_float32
3365874780,8671,58829,103,1,1,128,1,1,16,0.000,0.000,,,,,NVIDIA A100-SXM4-40GB MIG 4g.20gb (0),1,,13,cupy_copy__complex64_complex64
3366128697,21087,58839,1434,1,1,128,1,1,16,0.000,0.000,,,,,NVIDIA A100-SXM4-40GB MIG 4g.20gb (0),1,,13,cupy_copy__complex64_complex64
3366189752,185566,58844,1,1,1,32,32,1,30,0.000,0.000,,,,,NVIDIA A100-SXM4-40GB MIG 4g.20gb (0),1,,13,"void convert_kernel<__half2, float2>(tensor_layout_any, T1 *, tensor_layout_any, const T2 *)"
3366405301,5600,58847,,,,,,,,,,0.094,16731.388,Pinned,Device,NVIDIA A100-SXM4-40GB MIG 4g.20gb (0),1,,13,[CUDA memcpy Host-to-Device]
3366495828,632281,58848,,,,,,,,,,456.561,721823.637,Device,,NVIDIA A100-SXM4-40GB MIG 4g.20gb (0),1,,13,[CUDA memset]
3367134957,49791,58853,,,,,,,,,,1.235,24801.380,Pinned,Device,NVIDIA A100-SXM4-40GB MIG 4g.20gb (0),1,,13,[CUDA memcpy Host-to-Device]
3367187180,9344,58854,,,,,,,,,,0.197,21040.988,Pinned,Device,NVIDIA A100-SXM4-40GB MIG 4g.20gb (0),1,,13,[CUDA memcpy Host-to-Device]
3367432202,28447,58855,69,4,1,48,1,1,76,0.002,0.000,,,,,NVIDIA A100-SXM4-40GB MIG 4g.20gb (0),1,,13,"void ch_est::windowedChEstPreNoDftSOfdmKernel<float, __half, float, (unsigned int)2, (unsigned int)1, (unsigned short)4>(ch_est::puschRxChEstStatDescr_t *, ch_est::puschRxChEstDynDescr_t *)"
3367672487,25536,58856,137,2,1,24,2,1,44,0.001,0.001,,,,,NVIDIA A100-SXM4-40GB MIG 4g.20gb (0),1,,13,"void ch_est::chEstFilterNoDftSOfdmDispatchKernel<float, __half, float, (unsigned int)2>(ch_est::puschRxChEstStatDescr_t *, ch_est::puschRxChEstDynDescr_t *)"
3367727910,38720,58857,137,2,1,24,2,1,44,0.001,0.001,,,,,NVIDIA A100-SXM4-40GB MIG 4g.20gb (0),1,,13,"void ch_est::chEstFilterNoDftSOfdmDispatchKernel<float, __half, float, (unsigned int)2>(ch_est::puschRxChEstStatDescr_t *, ch_est::puschRxChEstDynDescr_t *)"
3367960420,9599,58868,103,1,1,128,1,1,16,0.000,0.000,,,,,NVIDIA A100-SXM4-40GB MIG 4g.20gb (0),1,,13,cupy_copy__complex64_complex64
3368018563,25568,58878,1434,1,1,128,1,1,16,0.000,0.000,,,,,NVIDIA A100-SXM4-40GB MIG 4g.20gb (0),1,,13,cupy_copy__complex64_complex64
3368255648,7872,58885,103,1,1,128,1,1,16,0.000,0.000,,,,,NVIDIA A100-SXM4-40GB MIG 4g.20gb (0),1,,13,cupy_copy__complex64_complex64
3368301152,252509,58892,1,1,1,32,32,1,30,0.000,0.000,,,,,NVIDIA A100-SXM4-40GB MIG 4g.20gb (0),1,,13,"void convert_kernel<__half2, float2>(tensor_layout_any, T1 *, tensor_layout_any, const T2 *)"
3368587452,5408,58895,,,,,,,,,,0.094,17325.421,Pinned,Device,NVIDIA A100-SXM4-40GB MIG 4g.20gb (0),1,,13,[CUDA memcpy Host-to-Device]
3368817082,66495,58896,,,,,,,,,,35.810,538509.577,Device,,NVIDIA A100-SXM4-40GB MIG 4g.20gb (0),1,,13,[CUDA memset]
3368889753,1856,58898,,,,,,,,,,0.000,43.103,Pinned,Device,NVIDIA A100-SXM4-40GB MIG 4g.20gb (0),1,,13,[CUDA memcpy Host-to-Device]
3368895897,10880,58899,,,,,,,,,,0.197,18070.438,Pinned,Device,NVIDIA A100-SXM4-40GB MIG 4g.20gb (0),1,,13,[CUDA memcpy Host-to-Device]
3368936376,10304,58900,273,1,1,48,1,1,40,0.000,0.001,,,,,NVIDIA A100-SXM4-40GB MIG 4g.20gb (0),1,,13,"void pusch_noise_intf_est::noiseIntfEstNoDftSOfdmKernel<float, __half, float, float, (unsigned int)2, (unsigned int)1, (unsigned char)4, (unsigned char)4>(pusch_noise_intf_est::puschRxNoiseIntfEstDynDescr)"
3368948504,3296,58911,35,1,1,128,1,1,16,0.000,0.000,,,,,NVIDIA A100-SXM4-40GB MIG 4g.20gb (0),1,,13,cupy_copy__complex64_complex64
3368953112,2048,58920,1,1,1,1,1,1,18,0.000,0.000,,,,,NVIDIA A100-SXM4-40GB MIG 4g.20gb (0),1,,13,cupy_copy__float32_float32
3368958680,1792,58926,,,,,,,,,,0.000,2.232,Device,Pageable,NVIDIA A100-SXM4-40GB MIG 4g.20gb (0),1,,7,[CUDA memcpy Device-to-Host]
3369021687,21408,58937,1434,1,1,128,1,1,16,0.000,0.000,,,,,NVIDIA A100-SXM4-40GB MIG 4g.20gb (0),1,,13,cupy_copy__complex64_complex64
3369047991,2848,58944,103,1,1,128,1,1,16,0.000,0.000,,,,,NVIDIA A100-SXM4-40GB MIG 4g.20gb (0),1,,13,cupy_copy__complex64_complex64
3369068695,2368,58951,35,1,1,128,1,1,16,0.000,0.000,,,,,NVIDIA A100-SXM4-40GB MIG 4g.20gb (0),1,,13,cupy_copy__complex64_complex64
3369177718,5440,58958,1,1,1,1,1,1,18,0.000,0.000,,,,,NVIDIA A100-SXM4-40GB MIG 4g.20gb (0),1,,13,cupy_copy__float32_float32
3369338164,139166,58969,1,1,1,32,32,1,30,0.000,0.000,,,,,NVIDIA A100-SXM4-40GB MIG 4g.20gb (0),1,,13,"void convert_kernel<__half2, float2>(tensor_layout_any, T1 *, tensor_layout_any, const T2 *)"
3369506482,5376,58972,,,,,,,,,,0.094,17428.487,Pinned,Device,NVIDIA A100-SXM4-40GB MIG 4g.20gb (0),1,,13,[CUDA memcpy Host-to-Device]
3369521842,5952,58973,,,,,,,,,,1.547,259848.298,Device,,NVIDIA A100-SXM4-40GB MIG 4g.20gb (0),1,,13,[CUDA memset]
3369529010,3039,58978,,,,,,,,,,0.031,10298.105,Pinned,Device,NVIDIA A100-SXM4-40GB MIG 4g.20gb (0),1,,13,[CUDA memcpy Host-to-Device]
3369535697,10336,58979,,,,,,,,,,0.197,19021.627,Pinned,Device,NVIDIA A100-SXM4-40GB MIG 4g.20gb (0),1,,13,[CUDA memcpy Host-to-Device]
3369551217,6304,58980,273,1,1,8,4,1,39,0.002,0.000,,,,,NVIDIA A100-SXM4-40GB MIG 4g.20gb (0),1,,13,"void channel_eq::eqMmseCoefCompLowMimoKernel<float, float, float, (unsigned int)4, (unsigned int)1, (unsigned int)4>(const channel_eq::_puschRxChEqStatDescr *, channel_eq::_puschRxChEqCoefCompDynDescr)"
3369559281,8224,58981,273,1,1,12,11,1,51,0.002,0.000,,,,,NVIDIA A100-SXM4-40GB MIG 4g.20gb (0),1,,13,"void channel_eq::eqMmseSoftDemapKernel<float, __half, __half, float, (unsigned int)4, (unsigned short)16383>(channel_eq::_puschRxChEqStatDescr *, channel_eq::_puschRxChEqSoftDemapDynDescr)"
3369569009,286461,58982,1,1,1,32,32,1,30,0.000,0.000,,,,,NVIDIA A100-SXM4-40GB MIG 4g.20gb (0),1,,13,"void convert_kernel<float2, __half2>(tensor_layout_any, T1 *, tensor_layout_any, const T2 *)"
3369866670,15135,58994,2253,1,1,128,1,1,16,0.000,0.000,,,,,NVIDIA A100-SXM4-40GB MIG 4g.20gb (0),1,,13,cupy_copy__float16_float16
3369883469,4960,59003,282,1,1,128,1,1,16,0.000,0.000,,,,,NVIDIA A100-SXM4-40GB MIG 4g.20gb (0),1,,13,cupy_copy__complex64_complex64
3369889773,2144,59012,26,1,1,128,1,1,16,0.000,0.000,,,,,NVIDIA A100-SXM4-40GB MIG 4g.20gb (0),1,,13,cupy_copy__float32_float32
3369893869,2976,59021,103,1,1,128,1,1,16,0.000,0.000,,,,,NVIDIA A100-SXM4-40GB MIG 4g.20gb (0),1,,13,cupy_copy__complex64_complex64
3369990092,32992,59031,1434,1,1,128,1,1,16,0.000,0.000,,,,,NVIDIA A100-SXM4-40GB MIG 4g.20gb (0),1,,13,cupy_copy__complex64_complex64
3370024652,104063,59036,1,1,1,32,32,1,30,0.000,0.000,,,,,NVIDIA A100-SXM4-40GB MIG 4g.20gb (0),1,,13,"void convert_kernel<__half2, float2>(tensor_layout_any, T1 *, tensor_layout_any, const T2 *)"
3370158666,5760,59039,,,,,,,,,,0.094,16266.656,Pinned,Device,NVIDIA A100-SXM4-40GB MIG 4g.20gb (0),1,,13,[CUDA memcpy Host-to-Device]
3370168714,617497,59040,,,,,,,,,,456.561,739172.971,Device,,NVIDIA A100-SXM4-40GB MIG 4g.20gb (0),1,,13,[CUDA memset]
3370792163,51007,59045,,,,,,,,,,1.235,24211.077,Pinned,Device,NVIDIA A100-SXM4-40GB MIG 4g.20gb (0),1,,13,[CUDA memcpy Host-to-Device]
3370845602,9536,59046,,,,,,,,,,0.197,20617.298,Pinned,Device,NVIDIA A100-SXM4-40GB MIG 4g.20gb (0),1,,13,[CUDA memcpy Host-to-Device]
3370860738,15232,59047,69,4,1,48,1,1,76,0.002,0.000,,,,,NVIDIA A100-SXM4-40GB MIG 4g.20gb (0),1,,13,"void ch_est::windowedChEstPreNoDftSOfdmKernel<float, __half, float, (unsigned int)2, (unsigned int)1, (unsigned short)4>(ch_est::puschRxChEstStatDescr_t *, ch_est::puschRxChEstDynDescr_t *)"
3370877634,6720,59048,137,2,1,24,2,1,44,0.001,0.001,,,,,NVIDIA A100-SXM4-40GB MIG 4g.20gb (0),1,,13,"void ch_est::chEstFilterNoDftSOfdmDispatchKernel<float, __half, float, (unsigned int)2>(ch_est::puschRxChEstStatDescr_t *, ch_est::puschRxChEstDynDescr_t *)"
3370920770,30527,59049,137,2,1,24,2,1,44,0.001,0.001,,,,,NVIDIA A100-SXM4-40GB MIG 4g.20gb (0),1,,13,"void ch_est::chEstFilterNoDftSOfdmDispatchKernel<float, __half, float, (unsigned int)2>(ch_est::puschRxChEstStatDescr_t *, ch_est::puschRxChEstDynDescr_t *)"
3370953665,2496,59060,103,1,1,128,1,1,16,0.000,0.000,,,,,NVIDIA A100-SXM4-40GB MIG 4g.20gb (0),1,,13,cupy_copy__complex64_complex64
3370957601,12448,59070,1434,1,1,128,1,1,16,0.000,0.000,,,,,NVIDIA A100-SXM4-40GB MIG 4g.20gb (0),1,,13,cupy_copy__complex64_complex64
3371004289,4736,59077,103,1,1,128,1,1,16,0.000,0.000,,,,,NVIDIA A100-SXM4-40GB MIG 4g.20gb (0),1,,13,cupy_copy__complex64_complex64
3371011264,91167,59084,1,1,1,32,32,1,30,0.000,0.000,,,,,NVIDIA A100-SXM4-40GB MIG 4g.20gb (0),1,,13,"void convert_kernel<__half2, float2>(tensor_layout_any, T1 *, tensor_layout_any, const T2 *)"
3371132031,5376,59087,,,,,,,,,,0.094,17428.487,Pinned,Device,NVIDIA A100-SXM4-40GB MIG 4g.20gb (0),1,,13,[CUDA memcpy Host-to-Device]
3371148991,54047,59088,,,,,,,,,,35.810,662555.140,Device,,NVIDIA A100-SXM4-40GB MIG 4g.20gb (0),1,,13,[CUDA memset]
3371208062,2688,59090,,,,,,,,,,0.000,29.762,Pinned,Device,NVIDIA A100-SXM4-40GB MIG 4g.20gb (0),1,,13,[CUDA memcpy Host-to-Device]
3371213150,9920,59091,,,,,,,,,,0.197,19819.266,Pinned,Device,NVIDIA A100-SXM4-40GB MIG 4g.20gb (0),1,,13,[CUDA memcpy Host-to-Device]
3371239870,11136,59092,273,1,1,48,1,1,40,0.000,0.001,,,,,NVIDIA A100-SXM4-40GB MIG 4g.20gb (0),1,,13,"void pusch_noise_intf_est::noiseIntfEstNoDftSOfdmKernel<float, __half, float, float, (unsigned int)2, (unsigned int)1, (unsigned char)4, (unsigned char)4>(pusch_noise_intf_est::puschRxNoiseIntfEstDynDescr)"
3371253470,5152,59103,35,1,1,128,1,1,16,0.000,0.000,,,,,NVIDIA A100-SXM4-40GB MIG 4g.20gb (0),1,,13,cupy_copy__complex64_complex64
3371259934,2112,59112,1,1,1,1,1,1,18,0.000,0.000,,,,,NVIDIA A100-SXM4-40GB MIG 4g.20gb (0),1,,13,cupy_copy__float32_float32
3371290237,1664,59118,,,,,,,,,,0.000,2.404,Device,Pageable,NVIDIA A100-SXM4-40GB MIG 4g.20gb (0),1,,7,[CUDA memcpy Device-to-Host]
3371423868,17376,59129,1434,1,1,128,1,1,16,0.000,0.000,,,,,NVIDIA A100-SXM4-40GB MIG 4g.20gb (0),1,,13,cupy_copy__complex64_complex64
3371553050,7200,59136,103,1,1,128,1,1,16,0.000,0.000,,,,,NVIDIA A100-SXM4-40GB MIG 4g.20gb (0),1,,13,cupy_copy__complex64_complex64
3371601370,16672,59143,35,1,1,128,1,1,16,0.000,0.000,,,,,NVIDIA A100-SXM4-40GB MIG 4g.20gb (0),1,,13,cupy_copy__complex64_complex64
3371681593,3904,59150,1,1,1,1,1,1,18,0.000,0.000,,,,,NVIDIA A100-SXM4-40GB MIG 4g.20gb (0),1,,13,cupy_copy__float32_float32
3371722392,268061,59161,1,1,1,32,32,1,30,0.000,0.000,,,,,NVIDIA A100-SXM4-40GB MIG 4g.20gb (0),1,,13,"void convert_kernel<__half2, float2>(tensor_layout_any, T1 *, tensor_layout_any, const T2 *)"
3372020949,5376,59164,,,,,,,,,,0.094,17428.487,Pinned,Device,NVIDIA A100-SXM4-40GB MIG 4g.20gb (0),1,,13,[CUDA memcpy Host-to-Device]
3372052053,15007,59165,,,,,,,,,,1.547,103059.290,Device,,NVIDIA A100-SXM4-40GB MIG 4g.20gb (0),1,,13,[CUDA memset]
3372070260,3104,59170,,,,,,,,,,0.031,10082.445,Pinned,Device,NVIDIA A100-SXM4-40GB MIG 4g.20gb (0),1,,13,[CUDA memcpy Host-to-Device]
3372075796,10080,59171,,,,,,,,,,0.197,19504.693,Pinned,Device,NVIDIA A100-SXM4-40GB MIG 4g.20gb (0),1,,13,[CUDA memcpy Host-to-Device]
3372167667,27808,59172,273,1,1,8,4,1,39,0.002,0.000,,,,,NVIDIA A100-SXM4-40GB MIG 4g.20gb (0),1,,13,"void channel_eq::eqMmseCoefCompLowMimoKernel<float, float, float, (unsigned int)4, (unsigned int)1, (unsigned int)4>(const channel_eq::_puschRxChEqStatDescr *, channel_eq::_puschRxChEqCoefCompDynDescr)"
3372238226,42176,59173,273,1,1,12,11,1,51,0.002,0.000,,,,,NVIDIA A100-SXM4-40GB MIG 4g.20gb (0),1,,13,"void channel_eq::eqMmseSoftDemapKernel<float, __half, __half, float, (unsigned int)4, (unsigned short)16383>(channel_eq::_puschRxChEqStatDescr *, channel_eq::_puschRxChEqSoftDemapDynDescr)"
3372319569,595098,59174,1,1,1,32,32,1,30,0.000,0.000,,,,,NVIDIA A100-SXM4-40GB MIG 4g.20gb (0),1,,13,"void convert_kernel<float2, __half2>(tensor_layout_any, T1 *, tensor_layout_any, const T2 *)"
3372955850,24672,59186,2253,1,1,128,1,1,16,0.000,0.000,,,,,NVIDIA A100-SXM4-40GB MIG 4g.20gb (0),1,,13,cupy_copy__float16_float16
3373014633,8448,59195,282,1,1,128,1,1,16,0.000,0.000,,,,,NVIDIA A100-SXM4-40GB MIG 4g.20gb (0),1,,13,cupy_copy__complex64_complex64
3373089065,4256,59204,26,1,1,128,1,1,16,0.000,0.000,,,,,NVIDIA A100-SXM4-40GB MIG 4g.20gb (0),1,,13,cupy_copy__float32_float32
3373126856,18912,59213,103,1,1,128,1,1,16,0.000,0.000,,,,,NVIDIA A100-SXM4-40GB MIG 4g.20gb (0),1,,13,cupy_copy__complex64_complex64
3373201671,19776,59223,1434,1,1,128,1,1,16,0.000,0.000,,,,,NVIDIA A100-SXM4-40GB MIG 4g.20gb (0),1,,13,cupy_copy__complex64_complex64
3373252327,259293,59228,1,1,1,32,32,1,30,0.000,0.000,,,,,NVIDIA A100-SXM4-40GB MIG 4g.20gb (0),1,,13,"void convert_kernel<__half2, float2>(tensor_layout_any, T1 *, tensor_layout_any, const T2 *)"
3373541091,5408,59231,,,,,,,,,,0.094,17325.421,Pinned,Device,NVIDIA A100-SXM4-40GB MIG 4g.20gb (0),1,,13,[CUDA memcpy Host-to-Device]
3373596355,623065,59232,,,,,,,,,,456.561,732324.550,Device,,NVIDIA A100-SXM4-40GB MIG 4g.20gb (0),1,,13,[CUDA memset]
3374221564,50367,59237,,,,,,,,,,1.235,24518.578,Pinned,Device,NVIDIA A100-SXM4-40GB MIG 4g.20gb (0),1,,13,[CUDA memcpy Host-to-Device]
3374274395,9408,59238,,,,,,,,,,0.197,20897.858,Pinned,Device,NVIDIA A100-SXM4-40GB MIG 4g.20gb (0),1,,13,[CUDA memcpy Host-to-Device]
3374349722,26656,59239,69,4,1,48,1,1,76,0.002,0.000,,,,,NVIDIA A100-SXM4-40GB MIG 4g.20gb (0),1,,13,"void ch_est::windowedChEstPreNoDftSOfdmKernel<float, __half, float, (unsigned int)2, (unsigned int)1, (unsigned short)4>(ch_est::puschRxChEstStatDescr_t *, ch_est::puschRxChEstDynDescr_t *)"
3374429817,26144,59240,137,2,1,24,2,1,44,0.001,0.001,,,,,NVIDIA A100-SXM4-40GB MIG 4g.20gb (0),1,,13,"void ch_est::chEstFilterNoDftSOfdmDispatchKernel<float, __half, float, (unsigned int)2>(ch_est::puschRxChEstStatDescr_t *, ch_est::puschRxChEstDynDescr_t *)"
3374487993,44351,59241,137,2,1,24,2,1,44,0.001,0.001,,,,,NVIDIA A100-SXM4-40GB MIG 4g.20gb (0),1,,13,"void ch_est::chEstFilterNoDftSOfdmDispatchKernel<float, __half, float, (unsigned int)2>(ch_est::puschRxChEstStatDescr_t *, ch_est::puschRxChEstDynDescr_t *)"
3374561816,7968,59252,103,1,1,128,1,1,16,0.000,0.000,,,,,NVIDIA A100-SXM4-40GB MIG 4g.20gb (0),1,,13,cupy_copy__complex64_complex64
3374603479,20064,59262,1434,1,1,128,1,1,16,0.000,0.000,,,,,NVIDIA A100-SXM4-40GB MIG 4g.20gb (0),1,,13,cupy_copy__complex64_complex64
3374680982,12544,59269,103,1,1,128,1,1,16,0.000,0.000,,,,,NVIDIA A100-SXM4-40GB MIG 4g.20gb (0),1,,13,cupy_copy__complex64_complex64
3374735990,267293,59276,1,1,1,32,32,1,30,0.000,0.000,,,,,NVIDIA A100-SXM4-40GB MIG 4g.20gb (0),1,,13,"void convert_kernel<__half2, float2>(tensor_layout_any, T1 *, tensor_layout_any, const T2 *)"
3375033394,5440,59279,,,,,,,,,,0.094,17223.480,Pinned,Device,NVIDIA A100-SXM4-40GB MIG 4g.20gb (0),1,,13,[CUDA memcpy Host-to-Device]
3375094866,64159,59280,,,,,,,,,,35.810,558133.413,Device,,NVIDIA A100-SXM4-40GB MIG 4g.20gb (0),1,,13,[CUDA memset]
3375161553,1856,59282,,,,,,,,,,0.000,43.103,Pinned,Device,NVIDIA A100-SXM4-40GB MIG 4g.20gb (0),1,,13,[CUDA memcpy Host-to-Device]
3375167249,10848,59283,,,,,,,,,,0.197,18123.719,Pinned,Device,NVIDIA A100-SXM4-40GB MIG 4g.20gb (0),1,,13,[CUDA memcpy Host-to-Device]
3375288719,36576,59284,273,1,1,48,1,1,40,0.000,0.001,,,,,NVIDIA A100-SXM4-40GB MIG 4g.20gb (0),1,,13,"void pusch_noise_intf_est::noiseIntfEstNoDftSOfdmKernel<float, __half, float, float, (unsigned int)2, (unsigned int)1, (unsigned char)4, (unsigned char)4>(pusch_noise_intf_est::puschRxNoiseIntfEstDynDescr)"
3375360526,6368,59295,35,1,1,128,1,1,16,0.000,0.000,,,,,NVIDIA A100-SXM4-40GB MIG 4g.20gb (0),1,,13,cupy_copy__complex64_complex64
3375409902,2784,59304,1,1,1,1,1,1,18,0.000,0.000,,,,,NVIDIA A100-SXM4-40GB MIG 4g.20gb (0),1,,13,cupy_copy__float32_float32
3375415950,3584,59310,,,,,,,,,,0.000,1.116,Device,Pageable,NVIDIA A100-SXM4-40GB MIG 4g.20gb (0),1,,7,[CUDA memcpy Device-to-Host]
3375494573,14816,59321,1434,1,1,128,1,1,16,0.000,0.000,,,,,NVIDIA A100-SXM4-40GB MIG 4g.20gb (0),1,,13,cupy_copy__complex64_complex64
3375543756,6112,59328,103,1,1,128,1,1,16,0.000,0.000,,,,,NVIDIA A100-SXM4-40GB MIG 4g.20gb (0),1,,13,cupy_copy__complex64_complex64
3375617100,10399,59335,35,1,1,128,1,1,16,0.000,0.000,,,,,NVIDIA A100-SXM4-40GB MIG 4g.20gb (0),1,,13,cupy_copy__complex64_complex64
3375676459,4384,59342,1,1,1,1,1,1,18,0.000,0.000,,,,,NVIDIA A100-SXM4-40GB MIG 4g.20gb (0),1,,13,cupy_copy__float32_float32
3375783786,249053,59353,1,1,1,32,32,1,30,0.000,0.000,,,,,NVIDIA A100-SXM4-40GB MIG 4g.20gb (0),1,,13,"void convert_kernel<__half2, float2>(tensor_layout_any, T1 *, tensor_layout_any, const T2 *)"
3376063206,5376,59356,,,,,,,,,,0.094,17428.487,Pinned,Device,NVIDIA A100-SXM4-40GB MIG 4g.20gb (0),1,,13,[CUDA memcpy Host-to-Device]
3376109510,8064,59357,,,,,,,,,,1.547,191792.202,Device,,NVIDIA A100-SXM4-40GB MIG 4g.20gb (0),1,,13,[CUDA memset]
3376121478,3104,59362,,,,,,,,,,0.031,10082.445,Pinned,Device,NVIDIA A100-SXM4-40GB MIG 4g.20gb (0),1,,13,[CUDA memcpy Host-to-Device]
3376126662,9344,59363,,,,,,,,,,0.197,21040.988,Pinned,Device,NVIDIA A100-SXM4-40GB MIG 4g.20gb (0),1,,13,[CUDA memcpy Host-to-Device]
3376178757,17536,59364,273,1,1,8,4,1,39,0.002,0.000,,,,,NVIDIA A100-SXM4-40GB MIG 4g.20gb (0),1,,13,"void channel_eq::eqMmseCoefCompLowMimoKernel<float, float, float, (unsigned int)4, (unsigned int)1, (unsigned int)4>(const channel_eq::_puschRxChEqStatDescr *, channel_eq::_puschRxChEqCoefCompDynDescr)"
3376197317,7040,59365,273,1,1,12,11,1,51,0.002,0.000,,,,,NVIDIA A100-SXM4-40GB MIG 4g.20gb (0),1,,13,"void channel_eq::eqMmseSoftDemapKernel<float, __half, __half, float, (unsigned int)4, (unsigned short)16383>(channel_eq::_puschRxChEqStatDescr *, channel_eq::_puschRxChEqSoftDemapDynDescr)"
3376246500,404156,59366,1,1,1,32,32,1,30,0.000,0.000,,,,,NVIDIA A100-SXM4-40GB MIG 4g.20gb (0),1,,13,"void convert_kernel<float2, __half2>(tensor_layout_any, T1 *, tensor_layout_any, const T2 *)"
3376674239,19040,59378,2253,1,1,128,1,1,16,0.000,0.000,,,,,NVIDIA A100-SXM4-40GB MIG 4g.20gb (0),1,,13,cupy_copy__float16_float16
3376694271,2816,59387,282,1,1,128,1,1,16,0.000,0.000,,,,,NVIDIA A100-SXM4-40GB MIG 4g.20gb (0),1,,13,cupy_copy__complex64_complex64
3376749151,2688,59396,26,1,1,128,1,1,16,0.000,0.000,,,,,NVIDIA A100-SXM4-40GB MIG 4g.20gb (0),1,,13,cupy_copy__float32_float32
3376752990,8160,59405,103,1,1,128,1,1,16,0.000,0.000,,,,,NVIDIA A100-SXM4-40GB MIG 4g.20gb (0),1,,13,cupy_copy__complex64_complex64
3376762206,13248,59415,1434,1,1,128,1,1,16,0.000,0.000,,,,,NVIDIA A100-SXM4-40GB MIG 4g.20gb (0),1,,13,cupy_copy__complex64_complex64
3376776510,83871,59420,1,1,1,32,32,1,30,0.000,0.000,,,,,NVIDIA A100-SXM4-40GB MIG 4g.20gb (0),1,,13,"void convert_kernel<__half2, float2>(tensor_layout_any, T1 *, tensor_layout_any, const T2 *)"
3376899645,5440,59423,,,,,,,,,,0.094,17223.480,Pinned,Device,NVIDIA A100-SXM4-40GB MIG 4g.20gb (0),1,,13,[CUDA memcpy Host-to-Device]
3376915901,598905,59424,,,,,,,,,,456.561,762001.043,Device,,NVIDIA A100-SXM4-40GB MIG 4g.20gb (0),1,,13,[CUDA memset]
3377519446,50239,59429,,,,,,,,,,1.235,24580.325,Pinned,Device,NVIDIA A100-SXM4-40GB MIG 4g.20gb (0),1,,13,[CUDA memcpy Host-to-Device]
3377571797,9184,59430,,,,,,,,,,0.197,21407.662,Pinned,Device,NVIDIA A100-SXM4-40GB MIG 4g.20gb (0),1,,13,[CUDA memcpy Host-to-Device]
3377592245,32703,59431,69,4,1,48,1,1,76,0.002,0.000,,,,,NVIDIA A100-SXM4-40GB MIG 4g.20gb (0),1,,13,"void ch_est::windowedChEstPreNoDftSOfdmKernel<float, __half, float, (unsigned int)2, (unsigned int)1, (unsigned short)4>(ch_est::puschRxChEstStatDescr_t *, ch_est::puschRxChEstDynDescr_t *)"
3377672756,23392,59432,137,2,1,24,2,1,44,0.001,0.001,,,,,NVIDIA A100-SXM4-40GB MIG 4g.20gb (0),1,,13,"void ch_est::chEstFilterNoDftSOfdmDispatchKernel<float, __half, float, (unsigned int)2>(ch_est::puschRxChEstStatDescr_t *, ch_est::puschRxChEstDynDescr_t *)"
3377809074,23104,59433,137,2,1,24,2,1,44,0.001,0.001,,,,,NVIDIA A100-SXM4-40GB MIG 4g.20gb (0),1,,13,"void ch_est::chEstFilterNoDftSOfdmDispatchKernel<float, __half, float, (unsigned int)2>(ch_est::puschRxChEstStatDescr_t *, ch_est::puschRxChEstDynDescr_t *)"
3377885713,3744,59444,103,1,1,128,1,1,16,0.000,0.000,,,,,NVIDIA A100-SXM4-40GB MIG 4g.20gb (0),1,,13,cupy_copy__complex64_complex64
3377949073,19616,59454,1434,1,1,128,1,1,16,0.000,0.000,,,,,NVIDIA A100-SXM4-40GB MIG 4g.20gb (0),1,,13,cupy_copy__complex64_complex64
3378027632,7680,59461,103,1,1,128,1,1,16,0.000,0.000,,,,,NVIDIA A100-SXM4-40GB MIG 4g.20gb (0),1,,13,cupy_copy__complex64_complex64
3378093839,256349,59468,1,1,1,32,32,1,30,0.000,0.000,,,,,NVIDIA A100-SXM4-40GB MIG 4g.20gb (0),1,,13,"void convert_kernel<__half2, float2>(tensor_layout_any, T1 *, tensor_layout_any, const T2 *)"
3378379468,6912,59471,,,,,,,,,,0.094,13555.469,Pinned,Device,NVIDIA A100-SXM4-40GB MIG 4g.20gb (0),1,,13,[CUDA memcpy Host-to-Device]
3378470379,63487,59472,,,,,,,,,,35.810,564042.050,Device,,NVIDIA A100-SXM4-40GB MIG 4g.20gb (0),1,,13,[CUDA memset]
3378538634,1856,59474,,,,,,,,,,0.000,43.103,Pinned,Device,NVIDIA A100-SXM4-40GB MIG 4g.20gb (0),1,,13,[CUDA memcpy Host-to-Device]
3378542922,9408,59475,,,,,,,,,,0.197,20897.858,Pinned,Device,NVIDIA A100-SXM4-40GB MIG 4g.20gb (0),1,,13,[CUDA memcpy Host-to-Device]
3378659881,28863,59476,273,1,1,48,1,1,40,0.000,0.001,,,,,NVIDIA A100-SXM4-40GB MIG 4g.20gb (0),1,,13,"void pusch_noise_intf_est::noiseIntfEstNoDftSOfdmKernel<float, __half, float, float, (unsigned int)2, (unsigned int)1, (unsigned char)4, (unsigned char)4>(pusch_noise_intf_est::puschRxNoiseIntfEstDynDescr)"
3378724360,5312,59487,35,1,1,128,1,1,16,0.000,0.000,,,,,NVIDIA A100-SXM4-40GB MIG 4g.20gb (0),1,,13,cupy_copy__complex64_complex64
3378788071,4864,59496,1,1,1,1,1,1,18,0.000,0.000,,,,,NVIDIA A100-SXM4-40GB MIG 4g.20gb (0),1,,13,cupy_copy__float32_float32
3378801255,1600,59502,,,,,,,,,,0.000,2.500,Device,Pageable,NVIDIA A100-SXM4-40GB MIG 4g.20gb (0),1,,7,[CUDA memcpy Device-to-Host]
3378923782,21343,59513,1434,1,1,128,1,1,16,0.000,0.000,,,,,NVIDIA A100-SXM4-40GB MIG 4g.20gb (0),1,,13,cupy_copy__complex64_complex64
3378998885,10080,59520,103,1,1,128,1,1,16,0.000,0.000,,,,,NVIDIA A100-SXM4-40GB MIG 4g.20gb (0),1,,13,cupy_copy__complex64_complex64
3379056676,10464,59527,35,1,1,128,1,1,16,0.000,0.000,,,,,NVIDIA A100-SXM4-40GB MIG 4g.20gb (0),1,,13,cupy_copy__complex64_complex64
3379145475,3520,59534,1,1,1,1,1,1,18,0.000,0.000,,,,,NVIDIA A100-SXM4-40GB MIG 4g.20gb (0),1,,13,cupy_copy__float32_float32
3379228930,266269,59545,1,1,1,32,32,1,30,0.000,0.000,,,,,NVIDIA A100-SXM4-40GB MIG 4g.20gb (0),1,,13,"void convert_kernel<__half2, float2>(tensor_layout_any, T1 *, tensor_layout_any, const T2 *)"
3379525023,5376,59548,,,,,,,,,,0.094,17428.487,Pinned,Device,NVIDIA A100-SXM4-40GB MIG 4g.20gb (0),1,,13,[CUDA memcpy Host-to-Device]
3379624541,13824,59549,,,,,,,,,,1.547,111878.140,Device,,NVIDIA A100-SXM4-40GB MIG 4g.20gb (0),1,,13,[CUDA memset]
3379639901,3072,59554,,,,,,,,,,0.031,10187.474,Pinned,Device,NVIDIA A100-SXM4-40GB MIG 4g.20gb (0),1,,13,[CUDA memcpy Host-to-Device]
3379645405,9888,59555,,,,,,,,,,0.197,19883.360,Pinned,Device,NVIDIA A100-SXM4-40GB MIG 4g.20gb (0),1,,13,[CUDA memcpy Host-to-Device]
3379742204,32960,59556,273,1,1,8,4,1,39,0.002,0.000,,,,,NVIDIA A100-SXM4-40GB MIG 4g.20gb (0),1,,13,"void channel_eq::eqMmseCoefCompLowMimoKernel<float, float, float, (unsigned int)4, (unsigned int)1, (unsigned int)4>(const channel_eq::_puschRxChEqStatDescr *, channel_eq::_puschRxChEqCoefCompDynDescr)"
3379818587,25280,59557,273,1,1,12,11,1,51,0.002,0.000,,,,,NVIDIA A100-SXM4-40GB MIG 4g.20gb (0),1,,13,"void channel_eq::eqMmseSoftDemapKernel<float, __half, __half, float, (unsigned int)4, (unsigned short)16383>(channel_eq::_puschRxChEqStatDescr *, channel_eq::_puschRxChEqSoftDemapDynDescr)"
3379887482,440315,59558,1,1,1,32,32,1,30,0.000,0.000,,,,,NVIDIA A100-SXM4-40GB MIG 4g.20gb (0),1,,13,"void convert_kernel<float2, __half2>(tensor_layout_any, T1 *, tensor_layout_any, const T2 *)"
3380382453,18880,59570,2253,1,1,128,1,1,16,0.000,0.000,,,,,NVIDIA A100-SXM4-40GB MIG 4g.20gb (0),1,,13,cupy_copy__float16_float16
3380443668,11168,59579,282,1,1,128,1,1,16,0.000,0.000,,,,,NVIDIA A100-SXM4-40GB MIG 4g.20gb (0),1,,13,cupy_copy__complex64_complex64
3380523859,5312,59588,26,1,1,128,1,1,16,0.000,0.000,,,,,NVIDIA A100-SXM4-40GB MIG 4g.20gb (0),1,,13,cupy_copy__float32_float32
3380580690,14880,59597,103,1,1,128,1,1,16,0.000,0.000,,,,,NVIDIA A100-SXM4-40GB MIG 4g.20gb (0),1,,13,cupy_copy__complex64_complex64
3380679377,16672,59607,1434,1,1,128,1,1,16,0.000,0.000,,,,,NVIDIA A100-SXM4-40GB MIG 4g.20gb (0),1,,13,cupy_copy__complex64_complex64
3380751121,253917,59612,1,1,1,32,32,1,30,0.000,0.000,,,,,NVIDIA A100-SXM4-40GB MIG 4g.20gb (0),1,,13,"void convert_kernel<__half2, float2>(tensor_layout_any, T1 *, tensor_layout_any, const T2 *)"
3381035885,5472,59615,,,,,,,,,,0.094,17122.757,Pinned,Device,NVIDIA A100-SXM4-40GB MIG 4g.20gb (0),1,,13,[CUDA memcpy Host-to-Device]
3381134188,633817,59616,,,,,,,,,,456.561,719997.391,Device,,NVIDIA A100-SXM4-40GB MIG 4g.20gb (0),1,,13,[CUDA memset]
3381774917,50431,59621,,,,,,,,,,1.235,24487.705,Pinned,Device,NVIDIA A100-SXM4-40GB MIG 4g.20gb (0),1,,13,[CUDA memcpy Host-to-Device]
3381827780,9632,59622,,,,,,,,,,0.197,20411.843,Pinned,Device,NVIDIA A100-SXM4-40GB MIG 4g.20gb (0),1,,13,[CUDA memcpy Host-to-Device]
3381897571,24576,59623,69,4,1,48,1,1,76,0.002,0.000,,,,,NVIDIA A100-SXM4-40GB MIG 4g.20gb (0),1,,13,"void ch_est::windowedChEstPreNoDftSOfdmKernel<float, __half, float, (unsigned int)2, (unsigned int)1, (unsigned short)4>(ch_est::puschRxChEstStatDescr_t *, ch_est::puschRxChEstDynDescr_t *)"
3381988002,31168,59624,137,2,1,24,2,1,44,0.001,0.001,,,,,NVIDIA A100-SXM4-40GB MIG 4g.20gb (0),1,,13,"void ch_est::chEstFilterNoDftSOfdmDispatchKernel<float, __half, float, (unsigned int)2>(ch_est::puschRxChEstStatDescr_t *, ch_est::puschRxChEstDynDescr_t *)"
3382053442,23519,59625,137,2,1,24,2,1,44,0.001,0.001,,,,,NVIDIA A100-SXM4-40GB MIG 4g.20gb (0),1,,13,"void ch_est::chEstFilterNoDftSOfdmDispatchKernel<float, __half, float, (unsigned int)2>(ch_est::puschRxChEstStatDescr_t *, ch_est::puschRxChEstDynDescr_t *)"
3382127969,4576,59636,103,1,1,128,1,1,16,0.000,0.000,,,,,NVIDIA A100-SXM4-40GB MIG 4g.20gb (0),1,,13,cupy_copy__complex64_complex64
3382185216,19456,59646,1434,1,1,128,1,1,16,0.000,0.000,,,,,NVIDIA A100-SXM4-40GB MIG 4g.20gb (0),1,,13,cupy_copy__complex64_complex64
3382254143,8992,59653,103,1,1,128,1,1,16,0.000,0.000,,,,,NVIDIA A100-SXM4-40GB MIG 4g.20gb (0),1,,13,cupy_copy__complex64_complex64
3382322334,262749,59660,1,1,1,32,32,1,30,0.000,0.000,,,,,NVIDIA A100-SXM4-40GB MIG 4g.20gb (0),1,,13,"void convert_kernel<__half2, float2>(tensor_layout_any, T1 *, tensor_layout_any, const T2 *)"
3382614715,5376,59663,,,,,,,,,,0.094,17428.487,Pinned,Device,NVIDIA A100-SXM4-40GB MIG 4g.20gb (0),1,,13,[CUDA memcpy Host-to-Device]
3382683610,63776,59664,,,,,,,,,,35.810,561463.736,Device,,NVIDIA A100-SXM4-40GB MIG 4g.20gb (0),1,,13,[CUDA memset]
3382752826,1856,59666,,,,,,,,,,0.000,43.103,Pinned,Device,NVIDIA A100-SXM4-40GB MIG 4g.20gb (0),1,,13,[CUDA memcpy Host-to-Device]
3382757081,9632,59667,,,,,,,,,,0.197,20411.843,Pinned,Device,NVIDIA A100-SXM4-40GB MIG 4g.20gb (0),1,,13,[CUDA memcpy Host-to-Device]
3382867768,30528,59668,273,1,1,48,1,1,40,0.000,0.001,,,,,NVIDIA A100-SXM4-40GB MIG 4g.20gb (0),1,,13,"void pusch_noise_intf_est::noiseIntfEstNoDftSOfdmKernel<float, __half, float, float, (unsigned int)2, (unsigned int)1, (unsigned char)4, (unsigned char)4>(pusch_noise_intf_est::puschRxNoiseIntfEstDynDescr)"
3382941015,6368,59679,35,1,1,128,1,1,16,0.000,0.000,,,,,NVIDIA A100-SXM4-40GB MIG 4g.20gb (0),1,,13,cupy_copy__complex64_complex64
3383007255,4896,59688,1,1,1,1,1,1,18,0.000,0.000,,,,,NVIDIA A100-SXM4-40GB MIG 4g.20gb (0),1,,13,cupy_copy__float32_float32
3383018646,1824,59694,,,,,,,,,,0.000,2.193,Device,Pageable,NVIDIA A100-SXM4-40GB MIG 4g.20gb (0),1,,7,[CUDA memcpy Device-to-Host]
3383144981,19136,59705,1434,1,1,128,1,1,16,0.000,0.000,,,,,NVIDIA A100-SXM4-40GB MIG 4g.20gb (0),1,,13,cupy_copy__complex64_complex64
3383220212,10720,59712,103,1,1,128,1,1,16,0.000,0.000,,,,,NVIDIA A100-SXM4-40GB MIG 4g.20gb (0),1,,13,cupy_copy__complex64_complex64
3383278771,11264,59719,35,1,1,128,1,1,16,0.000,0.000,,,,,NVIDIA A100-SXM4-40GB MIG 4g.20gb (0),1,,13,cupy_copy__complex64_complex64
3383359955,3808,59726,1,1,1,1,1,1,18,0.000,0.000,,,,,NVIDIA A100-SXM4-40GB MIG 4g.20gb (0),1,,13,cupy_copy__float32_float32
3383432946,254205,59737,1,1,1,32,32,1,30,0.000,0.000,,,,,NVIDIA A100-SXM4-40GB MIG 4g.20gb (0),1,,13,"void convert_kernel<__half2, float2>(tensor_layout_any, T1 *, tensor_layout_any, const T2 *)"
3383717262,5344,59740,,,,,,,,,,0.094,17532.864,Pinned,Device,NVIDIA A100-SXM4-40GB MIG 4g.20gb (0),1,,13,[CUDA memcpy Host-to-Device]
3383798829,14784,59741,,,,,,,,,,1.547,104613.647,Device,,NVIDIA A100-SXM4-40GB MIG 4g.20gb (0),1,,13,[CUDA memset]
3383820781,3168,59746,,,,,,,,,,0.031,9878.770,Pinned,Device,NVIDIA A100-SXM4-40GB MIG 4g.20gb (0),1,,13,[CUDA memcpy Host-to-Device]
3383826381,10048,59747,,,,,,,,,,0.197,19566.821,Pinned,Device,NVIDIA A100-SXM4-40GB MIG 4g.20gb (0),1,,13,[CUDA memcpy Host-to-Device]
3383916492,28512,59748,273,1,1,8,4,1,39,0.002,0.000,,,,,NVIDIA A100-SXM4-40GB MIG 4g.20gb (0),1,,13,"void channel_eq::eqMmseCoefCompLowMimoKernel<float, float, float, (unsigned int)4, (unsigned int)1, (unsigned int)4>(const channel_eq::_puschRxChEqStatDescr *, channel_eq::_puschRxChEqCoefCompDynDescr)"
3383985675,23680,59749,273,1,1,12,11,1,51,0.002,0.000,,,,,NVIDIA A100-SXM4-40GB MIG 4g.20gb (0),1,,13,"void channel_eq::eqMmseSoftDemapKernel<float, __half, __half, float, (unsigned int)4, (unsigned short)16383>(channel_eq::_puschRxChEqStatDescr *, channel_eq::_puschRxChEqSoftDemapDynDescr)"
3384060586,558426,59750,1,1,1,32,32,1,30,0.000,0.000,,,,,NVIDIA A100-SXM4-40GB MIG 4g.20gb (0),1,,13,"void convert_kernel<float2, __half2>(tensor_layout_any, T1 *, tensor_layout_any, const T2 *)"
3384702787,21152,59762,2253,1,1,128,1,1,16,0.000,0.000,,,,,NVIDIA A100-SXM4-40GB MIG 4g.20gb (0),1,,13,cupy_copy__float16_float16
3384790242,5888,59771,282,1,1,128,1,1,16,0.000,0.000,,,,,NVIDIA A100-SXM4-40GB MIG 4g.20gb (0),1,,13,cupy_copy__complex64_complex64
3384850081,12640,59780,26,1,1,128,1,1,16,0.000,0.000,,,,,NVIDIA A100-SXM4-40GB MIG 4g.20gb (0),1,,13,cupy_copy__float32_float32
3384909793,8704,59789,103,1,1,128,1,1,16,0.000,0.000,,,,,NVIDIA A100-SXM4-40GB MIG 4g.20gb (0),1,,13,cupy_copy__complex64_complex64
3384986400,18880,59799,1434,1,1,128,1,1,16,0.000,0.000,,,,,NVIDIA A100-SXM4-40GB MIG 4g.20gb (0),1,,13,cupy_copy__complex64_complex64
3385051519,239613,59804,1,1,1,32,32,1,30,0.000,0.000,,,,,NVIDIA A100-SXM4-40GB MIG 4g.20gb (0),1,,13,"void convert_kernel<__half2, float2>(tensor_layout_any, T1 *, tensor_layout_any, const T2 *)"
3385321788,5408,59807,,,,,,,,,,0.094,17325.421,Pinned,Device,NVIDIA A100-SXM4-40GB MIG 4g.20gb (0),1,,13,[CUDA memcpy Host-to-Device]
3385358460,630328,59808,,,,,,,,,,456.561,724106.444,Device,,NVIDIA A100-SXM4-40GB MIG 4g.20gb (0),1,,13,[CUDA memset]
3385996724,53408,59813,,,,,,,,,,1.235,23121.857,Pinned,Device,NVIDIA A100-SXM4-40GB MIG 4g.20gb (0),1,,13,[CUDA memcpy Host-to-Device]
3386052564,9823,59814,,,,,,,,,,0.197,20014.891,Pinned,Device,NVIDIA A100-SXM4-40GB MIG 4g.20gb (0),1,,13,[CUDA memcpy Host-to-Device]
3386130867,26751,59815,69,4,1,48,1,1,76,0.002,0.000,,,,,NVIDIA A100-SXM4-40GB MIG 4g.20gb (0),1,,13,"void ch_est::windowedChEstPreNoDftSOfdmKernel<float, __half, float, (unsigned int)2, (unsigned int)1, (unsigned short)4>(ch_est::puschRxChEstStatDescr_t *, ch_est::puschRxChEstDynDescr_t *)"
3386213202,32991,59816,137,2,1,24,2,1,44,0.001,0.001,,,,,NVIDIA A100-SXM4-40GB MIG 4g.20gb (0),1,,13,"void ch_est::chEstFilterNoDftSOfdmDispatchKernel<float, __half, float, (unsigned int)2>(ch_est::puschRxChEstStatDescr_t *, ch_est::puschRxChEstDynDescr_t *)"
3386277585,25536,59817,137,2,1,24,2,1,44,0.001,0.001,,,,,NVIDIA A100-SXM4-40GB MIG 4g.20gb (0),1,,13,"void ch_est::chEstFilterNoDftSOfdmDispatchKernel<float, __half, float, (unsigned int)2>(ch_est::puschRxChEstStatDescr_t *, ch_est::puschRxChEstDynDescr_t *)"
3386344560,12640,59828,103,1,1,128,1,1,16,0.000,0.000,,,,,NVIDIA A100-SXM4-40GB MIG 4g.20gb (0),1,,13,cupy_copy__complex64_complex64
3386402512,19679,59838,1434,1,1,128,1,1,16,0.000,0.000,,,,,NVIDIA A100-SXM4-40GB MIG 4g.20gb (0),1,,13,cupy_copy__complex64_complex64
3386470767,9344,59845,103,1,1,128,1,1,16,0.000,0.000,,,,,NVIDIA A100-SXM4-40GB MIG 4g.20gb (0),1,,13,cupy_copy__complex64_complex64
3386537998,248349,59852,1,1,1,32,32,1,30,0.000,0.000,,,,,NVIDIA A100-SXM4-40GB MIG 4g.20gb (0),1,,13,"void convert_kernel<__half2, float2>(tensor_layout_any, T1 *, tensor_layout_any, const T2 *)"
3386815627,5376,59855,,,,,,,,,,0.094,17428.487,Pinned,Device,NVIDIA A100-SXM4-40GB MIG 4g.20gb (0),1,,13,[CUDA memcpy Host-to-Device]
3386910954,64255,59856,,,,,,,,,,35.810,557273.975,Device,,NVIDIA A100-SXM4-40GB MIG 4g.20gb (0),1,,13,[CUDA memset]
3386980521,4224,59858,,,,,,,,,,0.000,18.939,Pinned,Device,NVIDIA A100-SXM4-40GB MIG 4g.20gb (0),1,,13,[CUDA memcpy Host-to-Device]
3386987337,9856,59859,,,,,,,,,,0.197,19948.044,Pinned,Device,NVIDIA A100-SXM4-40GB MIG 4g.20gb (0),1,,13,[CUDA memcpy Host-to-Device]
3387112231,29984,59860,273,1,1,48,1,1,40,0.000,0.001,,,,,NVIDIA A100-SXM4-40GB MIG 4g.20gb (0),1,,13,"void pusch_noise_intf_est::noiseIntfEstNoDftSOfdmKernel<float, __half, float, float, (unsigned int)2, (unsigned int)1, (unsigned char)4, (unsigned char)4>(pusch_noise_intf_est::puschRxNoiseIntfEstDynDescr)"
3387177127,15263,59871,35,1,1,128,1,1,16,0.000,0.000,,,,,NVIDIA A100-SXM4-40GB MIG 4g.20gb (0),1,,13,cupy_copy__complex64_complex64
3387246374,3712,59880,1,1,1,1,1,1,18,0.000,0.000,,,,,NVIDIA A100-SXM4-40GB MIG 4g.20gb (0),1,,13,cupy_copy__float32_float32
3387257382,2304,59886,,,,,,,,,,0.000,1.736,Device,Pageable,NVIDIA A100-SXM4-40GB MIG 4g.20gb (0),1,,7,[CUDA memcpy Device-to-Host]
3387381220,20768,59897,1434,1,1,128,1,1,16,0.000,0.000,,,,,NVIDIA A100-SXM4-40GB MIG 4g.20gb (0),1,,13,cupy_copy__complex64_complex64
3387461667,11616,59904,103,1,1,128,1,1,16,0.000,0.000,,,,,NVIDIA A100-SXM4-40GB MIG 4g.20gb (0),1,,13,cupy_copy__complex64_complex64
3387523235,9312,59911,35,1,1,128,1,1,16,0.000,0.000,,,,,NVIDIA A100-SXM4-40GB MIG 4g.20gb (0),1,,13,cupy_copy__complex64_complex64
3387614978,3776,59918,1,1,1,1,1,1,18,0.000,0.000,,,,,NVIDIA A100-SXM4-40GB MIG 4g.20gb (0),1,,13,cupy_copy__float32_float32
3387681089,254557,59929,1,1,1,32,32,1,30,0.000,0.000,,,,,NVIDIA A100-SXM4-40GB MIG 4g.20gb (0),1,,13,"void convert_kernel<__half2, float2>(tensor_layout_any, T1 *, tensor_layout_any, const T2 *)"
3387966494,5408,59932,,,,,,,,,,0.094,17325.421,Pinned,Device,NVIDIA A100-SXM4-40GB MIG 4g.20gb (0),1,,13,[CUDA memcpy Host-to-Device]
3388059613,16191,59933,,,,,,,,,,1.547,95522.591,Device,,NVIDIA A100-SXM4-40GB MIG 4g.20gb (0),1,,13,[CUDA memset]
3388082684,3040,59938,,,,,,,,,,0.031,10294.725,Pinned,Device,NVIDIA A100-SXM4-40GB MIG 4g.20gb (0),1,,13,[CUDA memcpy Host-to-Device]
3388088700,9408,59939,,,,,,,,,,0.197,20897.858,Pinned,Device,NVIDIA A100-SXM4-40GB MIG 4g.20gb (0),1,,13,[CUDA memcpy Host-to-Device]
3388179227,26432,59940,273,1,1,8,4,1,39,0.002,0.000,,,,,NVIDIA A100-SXM4-40GB MIG 4g.20gb (0),1,,13,"void channel_eq::eqMmseCoefCompLowMimoKernel<float, float, float, (unsigned int)4, (unsigned int)1, (unsigned int)4>(const channel_eq::_puschRxChEqStatDescr *, channel_eq::_puschRxChEqCoefCompDynDescr)"
3388248538,23072,59941,273,1,1,12,11,1,51,0.002,0.000,,,,,NVIDIA A100-SXM4-40GB MIG 4g.20gb (0),1,,13,"void channel_eq::eqMmseSoftDemapKernel<float, __half, __half, float, (unsigned int)4, (unsigned short)16383>(channel_eq::_puschRxChEqStatDescr *, channel_eq::_puschRxChEqSoftDemapDynDescr)"
3388330233,571834,59942,1,1,1,32,32,1,30,0.000,0.000,,,,,NVIDIA A100-SXM4-40GB MIG 4g.20gb (0),1,,13,"void convert_kernel<float2, __half2>(tensor_layout_any, T1 *, tensor_layout_any, const T2 *)"
3388935378,20064,59954,2253,1,1,128,1,1,16,0.000,0.000,,,,,NVIDIA A100-SXM4-40GB MIG 4g.20gb (0),1,,13,cupy_copy__float16_float16
3388996946,15424,59963,282,1,1,128,1,1,16,0.000,0.000,,,,,NVIDIA A100-SXM4-40GB MIG 4g.20gb (0),1,,13,cupy_copy__complex64_complex64
3389069329,5216,59972,26,1,1,128,1,1,16,0.000,0.000,,,,,NVIDIA A100-SXM4-40GB MIG 4g.20gb (0),1,,13,cupy_copy__float32_float32
3389131632,14368,59981,103,1,1,128,1,1,16,0.000,0.000,,,,,NVIDIA A100-SXM4-40GB MIG 4g.20gb (0),1,,13,cupy_copy__complex64_complex64
3389230991,16384,59991,1434,1,1,128,1,1,16,0.000,0.000,,,,,NVIDIA A100-SXM4-40GB MIG 4g.20gb (0),1,,13,cupy_copy__complex64_complex64
3389301742,257437,59996,1,1,1,32,32,1,30,0.000,0.000,,,,,NVIDIA A100-SXM4-40GB MIG 4g.20gb (0),1,,13,"void convert_kernel<__half2, float2>(tensor_layout_any, T1 *, tensor_layout_any, const T2 *)"
3389591659,5408,59999,,,,,,,,,,0.094,17325.421,Pinned,Device,NVIDIA A100-SXM4-40GB MIG 4g.20gb (0),1,,13,[CUDA memcpy Host-to-Device]
3389678218,630457,60000,,,,,,,,,,456.561,724106.444,Device,,NVIDIA A100-SXM4-40GB MIG 4g.20gb (0),1,,13,[CUDA memset]
3390316963,50655,60005,,,,,,,,,,1.235,24379.030,Pinned,Device,NVIDIA A100-SXM4-40GB MIG 4g.20gb (0),1,,13,[CUDA memcpy Host-to-Device]
3390370050,10208,60006,,,,,,,,,,0.197,19260.113,Pinned,Device,NVIDIA A100-SXM4-40GB MIG 4g.20gb (0),1,,13,[CUDA memcpy Host-to-Device]
3390440001,26848,60007,69,4,1,48,1,1,76,0.002,0.000,,,,,NVIDIA A100-SXM4-40GB MIG 4g.20gb (0),1,,13,"void ch_est::windowedChEstPreNoDftSOfdmKernel<float, __half, float, (unsigned int)2, (unsigned int)1, (unsigned short)4>(ch_est::puschRxChEstStatDescr_t *, ch_est::puschRxChEstDynDescr_t *)"
3390526336,34176,60008,137,2,1,24,2,1,44,0.001,0.001,,,,,NVIDIA A100-SXM4-40GB MIG 4g.20gb (0),1,,13,"void ch_est::chEstFilterNoDftSOfdmDispatchKernel<float, __half, float, (unsigned int)2>(ch_est::puschRxChEstStatDescr_t *, ch_est::puschRxChEstDynDescr_t *)"
3390592223,27424,60009,137,2,1,24,2,1,44,0.001,0.001,,,,,NVIDIA A100-SXM4-40GB MIG 4g.20gb (0),1,,13,"void ch_est::chEstFilterNoDftSOfdmDispatchKernel<float, __half, float, (unsigned int)2>(ch_est::puschRxChEstStatDescr_t *, ch_est::puschRxChEstDynDescr_t *)"
3390659295,11200,60020,103,1,1,128,1,1,16,0.000,0.000,,,,,NVIDIA A100-SXM4-40GB MIG 4g.20gb (0),1,,13,cupy_copy__complex64_complex64
3390715710,20064,60030,1434,1,1,128,1,1,16,0.000,0.000,,,,,NVIDIA A100-SXM4-40GB MIG 4g.20gb (0),1,,13,cupy_copy__complex64_complex64
3390781885,10752,60037,103,1,1,128,1,1,16,0.000,0.000,,,,,NVIDIA A100-SXM4-40GB MIG 4g.20gb (0),1,,13,cupy_copy__complex64_complex64
3390856092,254301,60044,1,1,1,32,32,1,30,0.000,0.000,,,,,NVIDIA A100-SXM4-40GB MIG 4g.20gb (0),1,,13,"void convert_kernel<__half2, float2>(tensor_layout_any, T1 *, tensor_layout_any, const T2 *)"
3391140281,5376,60047,,,,,,,,,,0.094,17428.487,Pinned,Device,NVIDIA A100-SXM4-40GB MIG 4g.20gb (0),1,,13,[CUDA memcpy Host-to-Device]
3391208856,66304,60048,,,,,,,,,,35.810,540085.213,Device,,NVIDIA A100-SXM4-40GB MIG 4g.20gb (0),1,,13,[CUDA memset]
3391280567,4064,60050,,,,,,,,,,0.000,19.685,Pinned,Device,NVIDIA A100-SXM4-40GB MIG 4g.20gb (0),1,,13,[CUDA memcpy Host-to-Device]
3391287127,9856,60051,,,,,,,,,,0.197,19948.044,Pinned,Device,NVIDIA A100-SXM4-40GB MIG 4g.20gb (0),1,,13,[CUDA memcpy Host-to-Device]
3391413078,29568,60052,273,1,1,48,1,1,40,0.000,0.001,,,,,NVIDIA A100-SXM4-40GB MIG 4g.20gb (0),1,,13,"void pusch_noise_intf_est::noiseIntfEstNoDftSOfdmKernel<float, __half, float, float, (unsigned int)2, (unsigned int)1, (unsigned char)4, (unsigned char)4>(pusch_noise_intf_est::puschRxNoiseIntfEstDynDescr)"
3391485973,4992,60063,35,1,1,128,1,1,16,0.000,0.000,,,,,NVIDIA A100-SXM4-40GB MIG 4g.20gb (0),1,,13,cupy_copy__complex64_complex64
3391557812,10816,60072,1,1,1,1,1,1,18,0.000,0.000,,,,,NVIDIA A100-SXM4-40GB MIG 4g.20gb (0),1,,13,cupy_copy__float32_float32
3391569652,1568,60078,,,,,,,,,,0.000,2.551,Device,Pageable,NVIDIA A100-SXM4-40GB MIG 4g.20gb (0),1,,7,[CUDA memcpy Device-to-Host]
3391697523,18911,60089,1434,1,1,128,1,1,16,0.000,0.000,,,,,NVIDIA A100-SXM4-40GB MIG 4g.20gb (0),1,,13,cupy_copy__complex64_complex64
3391762066,14496,60096,103,1,1,128,1,1,16,0.000,0.000,,,,,NVIDIA A100-SXM4-40GB MIG 4g.20gb (0),1,,13,cupy_copy__complex64_complex64
3391820881,12640,60103,35,1,1,128,1,1,16,0.000,0.000,,,,,NVIDIA A100-SXM4-40GB MIG 4g.20gb (0),1,,13,cupy_copy__complex64_complex64
3391907440,3680,60110,1,1,1,1,1,1,18,0.000,0.000,,,,,NVIDIA A100-SXM4-40GB MIG 4g.20gb (0),1,,13,cupy_copy__float32_float32
3391983279,255037,60121,1,1,1,32,32,1,30,0.000,0.000,,,,,NVIDIA A100-SXM4-40GB MIG 4g.20gb (0),1,,13,"void convert_kernel<__half2, float2>(tensor_layout_any, T1 *, tensor_layout_any, const T2 *)"
3392268844,5376,60124,,,,,,,,,,0.094,17428.487,Pinned,Device,NVIDIA A100-SXM4-40GB MIG 4g.20gb (0),1,,13,[CUDA memcpy Host-to-Device]
3392364843,15424,60125,,,,,,,,,,1.547,100273.820,Device,,NVIDIA A100-SXM4-40GB MIG 4g.20gb (0),1,,13,[CUDA memset]
3392382091,3680,60130,,,,,,,,,,0.031,8504.344,Pinned,Device,NVIDIA A100-SXM4-40GB MIG 4g.20gb (0),1,,13,[CUDA memcpy Host-to-Device]
3392388523,11776,60131,,,,,,,,,,0.197,16695.558,Pinned,Device,NVIDIA A100-SXM4-40GB MIG 4g.20gb (0),1,,13,[CUDA memcpy Host-to-Device]
3392481962,32959,60132,273,1,1,8,4,1,39,0.002,0.000,,,,,NVIDIA A100-SXM4-40GB MIG 4g.20gb (0),1,,13,"void channel_eq::eqMmseCoefCompLowMimoKernel<float, float, float, (unsigned int)4, (unsigned int)1, (unsigned int)4>(const channel_eq::_puschRxChEqStatDescr *, channel_eq::_puschRxChEqCoefCompDynDescr)"
3392556873,28224,60133,273,1,1,12,11,1,51,0.002,0.000,,,,,NVIDIA A100-SXM4-40GB MIG 4g.20gb (0),1,,13,"void channel_eq::eqMmseSoftDemapKernel<float, __half, __half, float, (unsigned int)4, (unsigned short)16383>(channel_eq::_puschRxChEqStatDescr *, channel_eq::_puschRxChEqSoftDemapDynDescr)"
3392643272,449371,60134,1,1,1,32,32,1,30,0.000,0.000,,,,,NVIDIA A100-SXM4-40GB MIG 4g.20gb (0),1,,13,"void convert_kernel<float2, __half2>(tensor_layout_any, T1 *, tensor_layout_any, const T2 *)"
3393151362,19552,60146,2253,1,1,128,1,1,16,0.000,0.000,,,,,NVIDIA A100-SXM4-40GB MIG 4g.20gb (0),1,,13,cupy_copy__float16_float16
3393213217,15392,60155,282,1,1,128,1,1,16,0.000,0.000,,,,,NVIDIA A100-SXM4-40GB MIG 4g.20gb (0),1,,13,cupy_copy__complex64_complex64
3393291136,6592,60164,26,1,1,128,1,1,16,0.000,0.000,,,,,NVIDIA A100-SXM4-40GB MIG 4g.20gb (0),1,,13,cupy_copy__float32_float32
3393347424,13728,60173,103,1,1,128,1,1,16,0.000,0.000,,,,,NVIDIA A100-SXM4-40GB MIG 4g.20gb (0),1,,13,cupy_copy__complex64_complex64
3393443775,17951,60183,1434,1,1,128,1,1,16,0.000,0.000,,,,,NVIDIA A100-SXM4-40GB MIG 4g.20gb (0),1,,13,cupy_copy__complex64_complex64
3393515550,245629,60188,1,1,1,32,32,1,30,0.000,0.000,,,,,NVIDIA A100-SXM4-40GB MIG 4g.20gb (0),1,,13,"void convert_kernel<__half2, float2>(tensor_layout_any, T1 *, tensor_layout_any, const T2 *)"
3393790395,5376,60191,,,,,,,,,,0.094,17428.487,Pinned,Device,NVIDIA A100-SXM4-40GB MIG 4g.20gb (0),1,,13,[CUDA memcpy Host-to-Device]
3393879354,630936,60192,,,,,,,,,,456.561,723193.321,Device,,NVIDIA A100-SXM4-40GB MIG 4g.20gb (0),1,,13,[CUDA memset]
3394514866,54016,60197,,,,,,,,,,1.235,22862.518,Pinned,Device,NVIDIA A100-SXM4-40GB MIG 4g.20gb (0),1,,13,[CUDA memcpy Host-to-Device]
3394571314,9344,60198,,,,,,,,,,0.197,21040.988,Pinned,Device,NVIDIA A100-SXM4-40GB MIG 4g.20gb (0),1,,13,[CUDA memcpy Host-to-Device]
3394649457,23616,60199,69,4,1,48,1,1,76,0.002,0.000,,,,,NVIDIA A100-SXM4-40GB MIG 4g.20gb (0),1,,13,"void ch_est::windowedChEstPreNoDftSOfdmKernel<float, __half, float, (unsigned int)2, (unsigned int)1, (unsigned short)4>(ch_est::puschRxChEstStatDescr_t *, ch_est::puschRxChEstDynDescr_t *)"
3394724688,32608,60200,137,2,1,24,2,1,44,0.001,0.001,,,,,NVIDIA A100-SXM4-40GB MIG 4g.20gb (0),1,,13,"void ch_est::chEstFilterNoDftSOfdmDispatchKernel<float, __half, float, (unsigned int)2>(ch_est::puschRxChEstStatDescr_t *, ch_est::puschRxChEstDynDescr_t *)"
3394789231,25696,60201,137,2,1,24,2,1,44,0.001,0.001,,,,,NVIDIA A100-SXM4-40GB MIG 4g.20gb (0),1,,13,"void ch_est::chEstFilterNoDftSOfdmDispatchKernel<float, __half, float, (unsigned int)2>(ch_est::puschRxChEstStatDescr_t *, ch_est::puschRxChEstDynDescr_t *)"
3394856302,5376,60212,103,1,1,128,1,1,16,0.000,0.000,,,,,NVIDIA A100-SXM4-40GB MIG 4g.20gb (0),1,,13,cupy_copy__complex64_complex64
3394914958,19168,60222,1434,1,1,128,1,1,16,0.000,0.000,,,,,NVIDIA A100-SXM4-40GB MIG 4g.20gb (0),1,,13,cupy_copy__complex64_complex64
3394979949,5600,60229,103,1,1,128,1,1,16,0.000,0.000,,,,,NVIDIA A100-SXM4-40GB MIG 4g.20gb (0),1,,13,cupy_copy__complex64_complex64
3395053676,255389,60236,1,1,1,32,32,1,30,0.000,0.000,,,,,NVIDIA A100-SXM4-40GB MIG 4g.20gb (0),1,,13,"void convert_kernel<__half2, float2>(tensor_layout_any, T1 *, tensor_layout_any, const T2 *)"
3395338153,5408,60239,,,,,,,,,,0.094,17325.421,Pinned,Device,NVIDIA A100-SXM4-40GB MIG 4g.20gb (0),1,,13,[CUDA memcpy Host-to-Device]
3395424904,63615,60240,,,,,,,,,,35.810,562896.132,Device,,NVIDIA A100-SXM4-40GB MIG 4g.20gb (0),1,,13,[CUDA memset]
3395492839,1856,60242,,,,,,,,,,0.000,43.103,Pinned,Device,NVIDIA A100-SXM4-40GB MIG 4g.20gb (0),1,,13,[CUDA memcpy Host-to-Device]
3395497095,9376,60243,,,,,,,,,,0.197,20969.226,Pinned,Device,NVIDIA A100-SXM4-40GB MIG 4g.20gb (0),1,,13,[CUDA memcpy Host-to-Device]
3395608614,28895,60244,273,1,1,48,1,1,40,0.000,0.001,,,,,NVIDIA A100-SXM4-40GB MIG 4g.20gb (0),1,,13,"void pusch_noise_intf_est::noiseIntfEstNoDftSOfdmKernel<float, __half, float, float, (unsigned int)2, (unsigned int)1, (unsigned char)4, (unsigned char)4>(pusch_noise_intf_est::puschRxNoiseIntfEstDynDescr)"
3395673061,8704,60255,35,1,1,128,1,1,16,0.000,0.000,,,,,NVIDIA A100-SXM4-40GB MIG 4g.20gb (0),1,,13,cupy_copy__complex64_complex64
3395735908,7328,60264,1,1,1,1,1,1,18,0.000,0.000,,,,,NVIDIA A100-SXM4-40GB MIG 4g.20gb (0),1,,13,cupy_copy__float32_float32
3395750596,1952,60270,,,,,,,,,,0.000,2.049,Device,Pageable,NVIDIA A100-SXM4-40GB MIG 4g.20gb (0),1,,7,[CUDA memcpy Device-to-Host]
3395868099,18912,60281,1434,1,1,128,1,1,16,0.000,0.000,,,,,NVIDIA A100-SXM4-40GB MIG 4g.20gb (0),1,,13,cupy_copy__complex64_complex64
3395932770,10400,60288,103,1,1,128,1,1,16,0.000,0.000,,,,,NVIDIA A100-SXM4-40GB MIG 4g.20gb (0),1,,13,cupy_copy__complex64_complex64
3395996545,10112,60295,35,1,1,128,1,1,16,0.000,0.000,,,,,NVIDIA A100-SXM4-40GB MIG 4g.20gb (0),1,,13,cupy_copy__complex64_complex64
3396085696,3008,60302,1,1,1,1,1,1,18,0.000,0.000,,,,,NVIDIA A100-SXM4-40GB MIG 4g.20gb (0),1,,13,cupy_copy__float32_float32
3396153407,255262,60313,1,1,1,32,32,1,30,0.000,0.000,,,,,NVIDIA A100-SXM4-40GB MIG 4g.20gb (0),1,,13,"void convert_kernel<__half2, float2>(tensor_layout_any, T1 *, tensor_layout_any, const T2 *)"
3396438076,5376,60316,,,,,,,,,,0.094,17428.487,Pinned,Device,NVIDIA A100-SXM4-40GB MIG 4g.20gb (0),1,,13,[CUDA memcpy Host-to-Device]
3396528859,15168,60317,,,,,,,,,,1.547,101965.827,Device,,NVIDIA A100-SXM4-40GB MIG 4g.20gb (0),1,,13,[CUDA memset]
3396545179,3360,60322,,,,,,,,,,0.031,9314.284,Pinned,Device,NVIDIA A100-SXM4-40GB MIG 4g.20gb (0),1,,13,[CUDA memcpy Host-to-Device]
3396551003,9920,60323,,,,,,,,,,0.197,19819.266,Pinned,Device,NVIDIA A100-SXM4-40GB MIG 4g.20gb (0),1,,13,[CUDA memcpy Host-to-Device]
3396639034,31584,60324,273,1,1,8,4,1,39,0.002,0.000,,,,,NVIDIA A100-SXM4-40GB MIG 4g.20gb (0),1,,13,"void channel_eq::eqMmseCoefCompLowMimoKernel<float, float, float, (unsigned int)4, (unsigned int)1, (unsigned int)4>(const channel_eq::_puschRxChEqStatDescr *, channel_eq::_puschRxChEqCoefCompDynDescr)"
3396714233,25504,60325,273,1,1,12,11,1,51,0.002,0.000,,,,,NVIDIA A100-SXM4-40GB MIG 4g.20gb (0),1,,13,"void channel_eq::eqMmseSoftDemapKernel<float, __half, __half, float, (unsigned int)4, (unsigned short)16383>(channel_eq::_puschRxChEqStatDescr *, channel_eq::_puschRxChEqSoftDemapDynDescr)"
3396782456,443803,60326,1,1,1,32,32,1,30,0.000,0.000,,,,,NVIDIA A100-SXM4-40GB MIG 4g.20gb (0),1,,13,"void convert_kernel<float2, __half2>(tensor_layout_any, T1 *, tensor_layout_any, const T2 *)"
3397271379,21343,60338,2253,1,1,128,1,1,16,0.000,0.000,,,,,NVIDIA A100-SXM4-40GB MIG 4g.20gb (0),1,,13,cupy_copy__float16_float16
3397334642,14176,60347,282,1,1,128,1,1,16,0.000,0.000,,,,,NVIDIA A100-SXM4-40GB MIG 4g.20gb (0),1,,13,cupy_copy__complex64_complex64
3397395377,10400,60356,26,1,1,128,1,1,16,0.000,0.000,,,,,NVIDIA A100-SXM4-40GB MIG 4g.20gb (0),1,,13,cupy_copy__float32_float32
3397455537,9695,60365,103,1,1,128,1,1,16,0.000,0.000,,,,,NVIDIA A100-SXM4-40GB MIG 4g.20gb (0),1,,13,cupy_copy__complex64_complex64
3397557423,14944,60375,1434,1,1,128,1,1,16,0.000,0.000,,,,,NVIDIA A100-SXM4-40GB MIG 4g.20gb (0),1,,13,cupy_copy__complex64_complex64
3397624911,248221,60380,1,1,1,32,32,1,30,0.000,0.000,,,,,NVIDIA A100-SXM4-40GB MIG 4g.20gb (0),1,,13,"void convert_kernel<__half2, float2>(tensor_layout_any, T1 *, tensor_layout_any, const T2 *)"
3397908299,6368,60383,,,,,,,,,,0.094,14713.551,Pinned,Device,NVIDIA A100-SXM4-40GB MIG 4g.20gb (0),1,,13,[CUDA memcpy Host-to-Device]
3397998698,629977,60384,,,,,,,,,,456.561,724563.005,Device,,NVIDIA A100-SXM4-40GB MIG 4g.20gb (0),1,,13,[CUDA memset]
3398630851,51167,60389,,,,,,,,,,1.235,24134.511,Pinned,Device,NVIDIA A100-SXM4-40GB MIG 4g.20gb (0),1,,13,[CUDA memcpy Host-to-Device]
3398684482,9536,60390,,,,,,,,,,0.197,20617.298,Pinned,Device,NVIDIA A100-SXM4-40GB MIG 4g.20gb (0),1,,13,[CUDA memcpy Host-to-Device]
3398764193,22112,60391,69,4,1,48,1,1,76,0.002,0.000,,,,,NVIDIA A100-SXM4-40GB MIG 4g.20gb (0),1,,13,"void ch_est::windowedChEstPreNoDftSOfdmKernel<float, __half, float, (unsigned int)2, (unsigned int)1, (unsigned short)4>(ch_est::puschRxChEstStatDescr_t *, ch_est::puschRxChEstDynDescr_t *)"
3398834913,29759,60392,137,2,1,24,2,1,44,0.001,0.001,,,,,NVIDIA A100-SXM4-40GB MIG 4g.20gb (0),1,,13,"void ch_est::chEstFilterNoDftSOfdmDispatchKernel<float, __half, float, (unsigned int)2>(ch_est::puschRxChEstStatDescr_t *, ch_est::puschRxChEstDynDescr_t *)"
3398899680,25024,60393,137,2,1,24,2,1,44,0.001,0.001,,,,,NVIDIA A100-SXM4-40GB MIG 4g.20gb (0),1,,13,"void ch_est::chEstFilterNoDftSOfdmDispatchKernel<float, __half, float, (unsigned int)2>(ch_est::puschRxChEstStatDescr_t *, ch_est::puschRxChEstDynDescr_t *)"
3398964959,8000,60404,103,1,1,128,1,1,16,0.000,0.000,,,,,NVIDIA A100-SXM4-40GB MIG 4g.20gb (0),1,,13,cupy_copy__complex64_complex64
3399023231,20063,60414,1434,1,1,128,1,1,16,0.000,0.000,,,,,NVIDIA A100-SXM4-40GB MIG 4g.20gb (0),1,,13,cupy_copy__complex64_complex64
3399091294,10976,60421,103,1,1,128,1,1,16,0.000,0.000,,,,,NVIDIA A100-SXM4-40GB MIG 4g.20gb (0),1,,13,cupy_copy__complex64_complex64
3399159261,254333,60428,1,1,1,32,32,1,30,0.000,0.000,,,,,NVIDIA A100-SXM4-40GB MIG 4g.20gb (0),1,,13,"void convert_kernel<__half2, float2>(tensor_layout_any, T1 *, tensor_layout_any, const T2 *)"
3399443258,5376,60431,,,,,,,,,,0.094,17428.487,Pinned,Device,NVIDIA A100-SXM4-40GB MIG 4g.20gb (0),1,,13,[CUDA memcpy Host-to-Device]
3399486009,62367,60432,,,,,,,,,,35.810,574176.257,Device,,NVIDIA A100-SXM4-40GB MIG 4g.20gb (0),1,,13,[CUDA memset]
3399550936,1792,60434,,,,,,,,,,0.000,44.643,Pinned,Device,NVIDIA A100-SXM4-40GB MIG 4g.20gb (0),1,,13,[CUDA memcpy Host-to-Device]
3399556568,9344,60435,,,,,,,,,,0.197,21040.988,Pinned,Device,NVIDIA A100-SXM4-40GB MIG 4g.20gb (0),1,,13,[CUDA memcpy Host-to-Device]
3399676567,34528,60436,273,1,1,48,1,1,40,0.000,0.001,,,,,NVIDIA A100-SXM4-40GB MIG 4g.20gb (0),1,,13,"void pusch_noise_intf_est::noiseIntfEstNoDftSOfdmKernel<float, __half, float, float, (unsigned int)2, (unsigned int)1, (unsigned char)4, (unsigned char)4>(pusch_noise_intf_est::puschRxNoiseIntfEstDynDescr)"
3399745654,12800,60447,35,1,1,128,1,1,16,0.000,0.000,,,,,NVIDIA A100-SXM4-40GB MIG 4g.20gb (0),1,,13,cupy_copy__complex64_complex64
3399822613,2784,60456,1,1,1,1,1,1,18,0.000,0.000,,,,,NVIDIA A100-SXM4-40GB MIG 4g.20gb (0),1,,13,cupy_copy__float32_float32
3399832949,1664,60462,,,,,,,,,,0.000,2.404,Device,Pageable,NVIDIA A100-SXM4-40GB MIG 4g.20gb (0),1,,7,[CUDA memcpy Device-to-Host]
3399971956,12671,60473,1434,1,1,128,1,1,16,0.000,0.000,,,,,NVIDIA A100-SXM4-40GB MIG 4g.20gb (0),1,,13,cupy_copy__complex64_complex64
3400027443,9920,60480,103,1,1,128,1,1,16,0.000,0.000,,,,,NVIDIA A100-SXM4-40GB MIG 4g.20gb (0),1,,13,cupy_copy__complex64_complex64
3400097426,7328,60487,35,1,1,128,1,1,16,0.000,0.000,,,,,NVIDIA A100-SXM4-40GB MIG 4g.20gb (0),1,,13,cupy_copy__complex64_complex64
3400164145,5152,60494,1,1,1,1,1,1,18,0.000,0.000,,,,,NVIDIA A100-SXM4-40GB MIG 4g.20gb (0),1,,13,cupy_copy__float32_float32
3400240657,255133,60505,1,1,1,32,32,1,30,0.000,0.000,,,,,NVIDIA A100-SXM4-40GB MIG 4g.20gb (0),1,,13,"void convert_kernel<__half2, float2>(tensor_layout_any, T1 *, tensor_layout_any, const T2 *)"
3400526253,5408,60508,,,,,,,,,,0.094,17325.421,Pinned,Device,NVIDIA A100-SXM4-40GB MIG 4g.20gb (0),1,,13,[CUDA memcpy Host-to-Device]
3400564813,13056,60509,,,,,,,,,,1.547,118460.572,Device,,NVIDIA A100-SXM4-40GB MIG 4g.20gb (0),1,,13,[CUDA memset]
3400585581,3328,60514,,,,,,,,,,0.031,9403.822,Pinned,Device,NVIDIA A100-SXM4-40GB MIG 4g.20gb (0),1,,13,[CUDA memcpy Host-to-Device]
3400591372,10112,60515,,,,,,,,,,0.197,19442.958,Pinned,Device,NVIDIA A100-SXM4-40GB MIG 4g.20gb (0),1,,13,[CUDA memcpy Host-to-Device]
3400631916,26368,60516,273,1,1,8,4,1,39,0.002,0.000,,,,,NVIDIA A100-SXM4-40GB MIG 4g.20gb (0),1,,13,"void channel_eq::eqMmseCoefCompLowMimoKernel<float, float, float, (unsigned int)4, (unsigned int)1, (unsigned int)4>(const channel_eq::_puschRxChEqStatDescr *, channel_eq::_puschRxChEqCoefCompDynDescr)"
3400704491,24800,60517,273,1,1,12,11,1,51,0.002,0.000,,,,,NVIDIA A100-SXM4-40GB MIG 4g.20gb (0),1,,13,"void channel_eq::eqMmseSoftDemapKernel<float, __half, __half, float, (unsigned int)4, (unsigned short)16383>(channel_eq::_puschRxChEqStatDescr *, channel_eq::_puschRxChEqSoftDemapDynDescr)"
3400772714,431867,60518,1,1,1,32,32,1,30,0.000,0.000,,,,,NVIDIA A100-SXM4-40GB MIG 4g.20gb (0),1,,13,"void convert_kernel<float2, __half2>(tensor_layout_any, T1 *, tensor_layout_any, const T2 *)"
3401273125,19647,60530,2253,1,1,128,1,1,16,0.000,0.000,,,,,NVIDIA A100-SXM4-40GB MIG 4g.20gb (0),1,,13,cupy_copy__float16_float16
3401337220,10304,60539,282,1,1,128,1,1,16,0.000,0.000,,,,,NVIDIA A100-SXM4-40GB MIG 4g.20gb (0),1,,13,cupy_copy__complex64_complex64
3401414307,7104,60548,26,1,1,128,1,1,16,0.000,0.000,,,,,NVIDIA A100-SXM4-40GB MIG 4g.20gb (0),1,,13,cupy_copy__float32_float32
3401476738,13408,60557,103,1,1,128,1,1,16,0.000,0.000,,,,,NVIDIA A100-SXM4-40GB MIG 4g.20gb (0),1,,13,cupy_copy__complex64_complex64
3401575425,17536,60567,1434,1,1,128,1,1,16,0.000,0.000,,,,,NVIDIA A100-SXM4-40GB MIG 4g.20gb (0),1,,13,cupy_copy__complex64_complex64
3401643520,266813,60572,1,1,1,32,32,1,30,0.000,0.000,,,,,NVIDIA A100-SXM4-40GB MIG 4g.20gb (0),1,,13,"void convert_kernel<__half2, float2>(tensor_layout_any, T1 *, tensor_layout_any, const T2 *)"
3401944893,5376,60575,,,,,,,,,,0.094,17428.487,Pinned,Device,NVIDIA A100-SXM4-40GB MIG 4g.20gb (0),1,,13,[CUDA memcpy Host-to-Device]
3402011836,626681,60576,,,,,,,,,,456.561,728215.497,Device,,NVIDIA A100-SXM4-40GB MIG 4g.20gb (0),1,,13,[CUDA memset]
3402641141,51999,60581,,,,,,,,,,1.235,23749.208,Pinned,Device,NVIDIA A100-SXM4-40GB MIG 4g.20gb (0),1,,13,[CUDA memcpy Host-to-Device]
3402695572,9344,60582,,,,,,,,,,0.197,21040.988,Pinned,Device,NVIDIA A100-SXM4-40GB MIG 4g.20gb (0),1,,13,[CUDA memcpy Host-to-Device]
3402776691,28992,60583,69,4,1,48,1,1,76,0.002,0.000,,,,,NVIDIA A100-SXM4-40GB MIG 4g.20gb (0),1,,13,"void ch_est::windowedChEstPreNoDftSOfdmKernel<float, __half, float, (unsigned int)2, (unsigned int)1, (unsigned short)4>(ch_est::puschRxChEstStatDescr_t *, ch_est::puschRxChEstDynDescr_t *)"
3402856178,26880,60584,137,2,1,24,2,1,44,0.001,0.001,,,,,NVIDIA A100-SXM4-40GB MIG 4g.20gb (0),1,,13,"void ch_est::chEstFilterNoDftSOfdmDispatchKernel<float, __half, float, (unsigned int)2>(ch_est::puschRxChEstStatDescr_t *, ch_est::puschRxChEstDynDescr_t *)"
3402919890,24063,60585,137,2,1,24,2,1,44,0.001,0.001,,,,,NVIDIA A100-SXM4-40GB MIG 4g.20gb (0),1,,13,"void ch_est::chEstFilterNoDftSOfdmDispatchKernel<float, __half, float, (unsigned int)2>(ch_est::puschRxChEstStatDescr_t *, ch_est::puschRxChEstDynDescr_t *)"
3402986897,11968,60596,103,1,1,128,1,1,16,0.000,0.000,,,,,NVIDIA A100-SXM4-40GB MIG 4g.20gb (0),1,,13,cupy_copy__complex64_complex64
3403046096,18528,60606,1434,1,1,128,1,1,16,0.000,0.000,,,,,NVIDIA A100-SXM4-40GB MIG 4g.20gb (0),1,,13,cupy_copy__complex64_complex64
3403113327,6016,60613,103,1,1,128,1,1,16,0.000,0.000,,,,,NVIDIA A100-SXM4-40GB MIG 4g.20gb (0),1,,13,cupy_copy__complex64_complex64
3403178927,263421,60620,1,1,1,32,32,1,30,0.000,0.000,,,,,NVIDIA A100-SXM4-40GB MIG 4g.20gb (0),1,,13,"void convert_kernel<__half2, float2>(tensor_layout_any, T1 *, tensor_layout_any, const T2 *)"
3403473707,5376,60623,,,,,,,,,,0.094,17428.487,Pinned,Device,NVIDIA A100-SXM4-40GB MIG 4g.20gb (0),1,,13,[CUDA memcpy Host-to-Device]
3403538955,63263,60624,,,,,,,,,,35.810,566047.405,Device,,NVIDIA A100-SXM4-40GB MIG 4g.20gb (0),1,,13,[CUDA memset]
3403606890,1920,60626,,,,,,,,,,0.000,41.667,Pinned,Device,NVIDIA A100-SXM4-40GB MIG 4g.20gb (0),1,,13,[CUDA memcpy Host-to-Device]
3403612618,9824,60627,,,,,,,,,,0.197,20012.925,Pinned,Device,NVIDIA A100-SXM4-40GB MIG 4g.20gb (0),1,,13,[CUDA memcpy Host-to-Device]
3403742152,27776,60628,273,1,1,48,1,1,40,0.000,0.001,,,,,NVIDIA A100-SXM4-40GB MIG 4g.20gb (0),1,,13,"void pusch_noise_intf_est::noiseIntfEstNoDftSOfdmKernel<float, __half, float, float, (unsigned int)2, (unsigned int)1, (unsigned char)4, (unsigned char)4>(pusch_noise_intf_est::puschRxNoiseIntfEstDynDescr)"
3403819719,6816,60639,35,1,1,128,1,1,16,0.000,0.000,,,,,NVIDIA A100-SXM4-40GB MIG 4g.20gb (0),1,,13,cupy_copy__complex64_complex64
3403884775,6720,60648,1,1,1,1,1,1,18,0.000,0.000,,,,,NVIDIA A100-SXM4-40GB MIG 4g.20gb (0),1,,13,cupy_copy__float32_float32
3403895718,1600,60654,,,,,,,,,,0.000,2.500,Device,Pageable,NVIDIA A100-SXM4-40GB MIG 4g.20gb (0),1,,7,[CUDA memcpy Device-to-Host]
3404017317,20416,60665,1434,1,1,128,1,1,16,0.000,0.000,,,,,NVIDIA A100-SXM4-40GB MIG 4g.20gb (0),1,,13,cupy_copy__complex64_complex64
3404087908,8448,60672,103,1,1,128,1,1,16,0.000,0.000,,,,,NVIDIA A100-SXM4-40GB MIG 4g.20gb (0),1,,13,cupy_copy__complex64_complex64
3404146724,9535,60679,35,1,1,128,1,1,16,0.000,0.000,,,,,NVIDIA A100-SXM4-40GB MIG 4g.20gb (0),1,,13,cupy_copy__complex64_complex64
3404227683,3328,60686,1,1,1,1,1,1,18,0.000,0.000,,,,,NVIDIA A100-SXM4-40GB MIG 4g.20gb (0),1,,13,cupy_copy__float32_float32
3404298274,261245,60697,1,1,1,32,32,1,30,0.000,0.000,,,,,NVIDIA A100-SXM4-40GB MIG 4g.20gb (0),1,,13,"void convert_kernel<__half2, float2>(tensor_layout_any, T1 *, tensor_layout_any, const T2 *)"
3404593342,6624,60700,,,,,,,,,,0.094,14144.910,Pinned,Device,NVIDIA A100-SXM4-40GB MIG 4g.20gb (0),1,,13,[CUDA memcpy Host-to-Device]
3404671422,16063,60701,,,,,,,,,,1.547,96283.530,Device,,NVIDIA A100-SXM4-40GB MIG 4g.20gb (0),1,,13,[CUDA memset]
3404688925,3360,60706,,,,,,,,,,0.031,9314.284,Pinned,Device,NVIDIA A100-SXM4-40GB MIG 4g.20gb (0),1,,13,[CUDA memcpy Host-to-Device]
3404694717,10240,60707,,,,,,,,,,0.197,19199.951,Pinned,Device,NVIDIA A100-SXM4-40GB MIG 4g.20gb (0),1,,13,[CUDA memcpy Host-to-Device]
3404785756,28032,60708,273,1,1,8,4,1,39,0.002,0.000,,,,,NVIDIA A100-SXM4-40GB MIG 4g.20gb (0),1,,13,"void channel_eq::eqMmseCoefCompLowMimoKernel<float, float, float, (unsigned int)4, (unsigned int)1, (unsigned int)4>(const channel_eq::_puschRxChEqStatDescr *, channel_eq::_puschRxChEqCoefCompDynDescr)"
3404866331,26528,60709,273,1,1,12,11,1,51,0.002,0.000,,,,,NVIDIA A100-SXM4-40GB MIG 4g.20gb (0),1,,13,"void channel_eq::eqMmseSoftDemapKernel<float, __half, __half, float, (unsigned int)4, (unsigned short)16383>(channel_eq::_puschRxChEqStatDescr *, channel_eq::_puschRxChEqSoftDemapDynDescr)"
3404940346,435739,60710,1,1,1,32,32,1,30,0.000,0.000,,,,,NVIDIA A100-SXM4-40GB MIG 4g.20gb (0),1,,13,"void convert_kernel<float2, __half2>(tensor_layout_any, T1 *, tensor_layout_any, const T2 *)"
3405446197,20127,60722,2253,1,1,128,1,1,16,0.000,0.000,,,,,NVIDIA A100-SXM4-40GB MIG 4g.20gb (0),1,,13,cupy_copy__float16_float16
3405507636,14400,60731,282,1,1,128,1,1,16,0.000,0.000,,,,,NVIDIA A100-SXM4-40GB MIG 4g.20gb (0),1,,13,cupy_copy__complex64_complex64
3405568819,3744,60740,26,1,1,128,1,1,16,0.000,0.000,,,,,NVIDIA A100-SXM4-40GB MIG 4g.20gb (0),1,,13,cupy_copy__float32_float32
3405627859,16735,60749,103,1,1,128,1,1,16,0.000,0.000,,,,,NVIDIA A100-SXM4-40GB MIG 4g.20gb (0),1,,13,cupy_copy__complex64_complex64
3405721778,14847,60759,1434,1,1,128,1,1,16,0.000,0.000,,,,,NVIDIA A100-SXM4-40GB MIG 4g.20gb (0),1,,13,cupy_copy__complex64_complex64
3405786577,247965,60764,1,1,1,32,32,1,30,0.000,0.000,,,,,NVIDIA A100-SXM4-40GB MIG 4g.20gb (0),1,,13,"void convert_kernel<__half2, float2>(tensor_layout_any, T1 *, tensor_layout_any, const T2 *)"
3406064078,5376,60767,,,,,,,,,,0.094,17428.487,Pinned,Device,NVIDIA A100-SXM4-40GB MIG 4g.20gb (0),1,,13,[CUDA memcpy Host-to-Device]
3406141997,623001,60768,,,,,,,,,,456.561,732781.111,Device,,NVIDIA A100-SXM4-40GB MIG 4g.20gb (0),1,,13,[CUDA memset]
3406767941,53728,60773,,,,,,,,,,1.235,22984.778,Pinned,Device,NVIDIA A100-SXM4-40GB MIG 4g.20gb (0),1,,13,[CUDA memcpy Host-to-Device]
3406825157,9344,60774,,,,,,,,,,0.197,21040.988,Pinned,Device,NVIDIA A100-SXM4-40GB MIG 4g.20gb (0),1,,13,[CUDA memcpy Host-to-Device]
3406904772,22688,60775,69,4,1,48,1,1,76,0.002,0.000,,,,,NVIDIA A100-SXM4-40GB MIG 4g.20gb (0),1,,13,"void ch_est::windowedChEstPreNoDftSOfdmKernel<float, __half, float, (unsigned int)2, (unsigned int)1, (unsigned short)4>(ch_est::puschRxChEstStatDescr_t *, ch_est::puschRxChEstDynDescr_t *)"
3406977795,29824,60776,137,2,1,24,2,1,44,0.001,0.001,,,,,NVIDIA A100-SXM4-40GB MIG 4g.20gb (0),1,,13,"void ch_est::chEstFilterNoDftSOfdmDispatchKernel<float, __half, float, (unsigned int)2>(ch_est::puschRxChEstStatDescr_t *, ch_est::puschRxChEstDynDescr_t *)"
3407043938,24448,60777,137,2,1,24,2,1,44,0.001,0.001,,,,,NVIDIA A100-SXM4-40GB MIG 4g.20gb (0),1,,13,"void ch_est::chEstFilterNoDftSOfdmDispatchKernel<float, __half, float, (unsigned int)2>(ch_est::puschRxChEstStatDescr_t *, ch_est::puschRxChEstDynDescr_t *)"
3407110178,7391,60788,103,1,1,128,1,1,16,0.000,0.000,,,,,NVIDIA A100-SXM4-40GB MIG 4g.20gb (0),1,,13,cupy_copy__complex64_complex64
3407170049,18528,60798,1434,1,1,128,1,1,16,0.000,0.000,,,,,NVIDIA A100-SXM4-40GB MIG 4g.20gb (0),1,,13,cupy_copy__complex64_complex64
3407250368,9568,60805,103,1,1,128,1,1,16,0.000,0.000,,,,,NVIDIA A100-SXM4-40GB MIG 4g.20gb (0),1,,13,cupy_copy__complex64_complex64
3407320031,252605,60812,1,1,1,32,32,1,30,0.000,0.000,,,,,NVIDIA A100-SXM4-40GB MIG 4g.20gb (0),1,,13,"void convert_kernel<__half2, float2>(tensor_layout_any, T1 *, tensor_layout_any, const T2 *)"
3407604540,6208,60815,,,,,,,,,,0.094,15092.739,Pinned,Device,NVIDIA A100-SXM4-40GB MIG 4g.20gb (0),1,,13,[CUDA memcpy Host-to-Device]
3407691739,64671,60816,,,,,,,,,,35.810,553692.983,Device,,NVIDIA A100-SXM4-40GB MIG 4g.20gb (0),1,,13,[CUDA memset]
3407760666,1920,60818,,,,,,,,,,0.000,41.667,Pinned,Device,NVIDIA A100-SXM4-40GB MIG 4g.20gb (0),1,,13,[CUDA memcpy Host-to-Device]
3407766746,9824,60819,,,,,,,,,,0.197,20012.925,Pinned,Device,NVIDIA A100-SXM4-40GB MIG 4g.20gb (0),1,,13,[CUDA memcpy Host-to-Device]
3407893497,27455,60820,273,1,1,48,1,1,40,0.000,0.001,,,,,NVIDIA A100-SXM4-40GB MIG 4g.20gb (0),1,,13,"void pusch_noise_intf_est::noiseIntfEstNoDftSOfdmKernel<float, __half, float, float, (unsigned int)2, (unsigned int)1, (unsigned char)4, (unsigned char)4>(pusch_noise_intf_est::puschRxNoiseIntfEstDynDescr)"
3407974584,3616,60831,35,1,1,128,1,1,16,0.000,0.000,,,,,NVIDIA A100-SXM4-40GB MIG 4g.20gb (0),1,,13,cupy_copy__complex64_complex64
3408061847,4544,60840,1,1,1,1,1,1,18,0.000,0.000,,,,,NVIDIA A100-SXM4-40GB MIG 4g.20gb (0),1,,13,cupy_copy__float32_float32
3408073718,1632,60846,,,,,,,,,,0.000,2.451,Device,Pageable,NVIDIA A100-SXM4-40GB MIG 4g.20gb (0),1,,7,[CUDA memcpy Device-to-Host]
3408224213,21215,60857,1434,1,1,128,1,1,16,0.000,0.000,,,,,NVIDIA A100-SXM4-40GB MIG 4g.20gb (0),1,,13,cupy_copy__complex64_complex64
3408290292,9088,60864,103,1,1,128,1,1,16,0.000,0.000,,,,,NVIDIA A100-SXM4-40GB MIG 4g.20gb (0),1,,13,cupy_copy__complex64_complex64
3408350355,10912,60871,35,1,1,128,1,1,16,0.000,0.000,,,,,NVIDIA A100-SXM4-40GB MIG 4g.20gb (0),1,,13,cupy_copy__complex64_complex64
3408434930,3744,60878,1,1,1,1,1,1,18,0.000,0.000,,,,,NVIDIA A100-SXM4-40GB MIG 4g.20gb (0),1,,13,cupy_copy__float32_float32
3408518865,250365,60889,1,1,1,32,32,1,30,0.000,0.000,,,,,NVIDIA A100-SXM4-40GB MIG 4g.20gb (0),1,,13,"void convert_kernel<__half2, float2>(tensor_layout_any, T1 *, tensor_layout_any, const T2 *)"
3408799790,5568,60892,,,,,,,,,,0.094,16827.521,Pinned,Device,NVIDIA A100-SXM4-40GB MIG 4g.20gb (0),1,,13,[CUDA memcpy Host-to-Device]
3408917677,15808,60893,,,,,,,,,,1.547,97837.888,Device,,NVIDIA A100-SXM4-40GB MIG 4g.20gb (0),1,,13,[CUDA memset]
3408940301,3647,60898,,,,,,,,,,0.031,8581.269,Pinned,Device,NVIDIA A100-SXM4-40GB MIG 4g.20gb (0),1,,13,[CUDA memcpy Host-to-Device]
3408946412,9952,60899,,,,,,,,,,0.197,19755.565,Pinned,Device,NVIDIA A100-SXM4-40GB MIG 4g.20gb (0),1,,13,[CUDA memcpy Host-to-Device]
3409032299,26272,60900,273,1,1,8,4,1,39,0.002,0.000,,,,,NVIDIA A100-SXM4-40GB MIG 4g.20gb (0),1,,13,"void channel_eq::eqMmseCoefCompLowMimoKernel<float, float, float, (unsigned int)4, (unsigned int)1, (unsigned int)4>(const channel_eq::_puschRxChEqStatDescr *, channel_eq::_puschRxChEqCoefCompDynDescr)"
3409100171,21983,60901,273,1,1,12,11,1,51,0.002,0.000,,,,,NVIDIA A100-SXM4-40GB MIG 4g.20gb (0),1,,13,"void channel_eq::eqMmseSoftDemapKernel<float, __half, __half, float, (unsigned int)4, (unsigned short)16383>(channel_eq::_puschRxChEqStatDescr *, channel_eq::_puschRxChEqSoftDemapDynDescr)"
3409181194,554841,60902,1,1,1,32,32,1,30,0.000,0.000,,,,,NVIDIA A100-SXM4-40GB MIG 4g.20gb (0),1,,13,"void convert_kernel<float2, __half2>(tensor_layout_any, T1 *, tensor_layout_any, const T2 *)"
3409776163,20512,60914,2253,1,1,128,1,1,16,0.000,0.000,,,,,NVIDIA A100-SXM4-40GB MIG 4g.20gb (0),1,,13,cupy_copy__float16_float16
3409838434,14400,60923,282,1,1,128,1,1,16,0.000,0.000,,,,,NVIDIA A100-SXM4-40GB MIG 4g.20gb (0),1,,13,cupy_copy__complex64_complex64
3409911137,3328,60932,26,1,1,128,1,1,16,0.000,0.000,,,,,NVIDIA A100-SXM4-40GB MIG 4g.20gb (0),1,,13,cupy_copy__float32_float32
3409968417,14176,60941,103,1,1,128,1,1,16,0.000,0.000,,,,,NVIDIA A100-SXM4-40GB MIG 4g.20gb (0),1,,13,cupy_copy__complex64_complex64
3410066816,15231,60951,1434,1,1,128,1,1,16,0.000,0.000,,,,,NVIDIA A100-SXM4-40GB MIG 4g.20gb (0),1,,13,cupy_copy__complex64_complex64
3410134303,252957,60956,1,1,1,32,32,1,30,0.000,0.000,,,,,NVIDIA A100-SXM4-40GB MIG 4g.20gb (0),1,,13,"void convert_kernel<__half2, float2>(tensor_layout_any, T1 *, tensor_layout_any, const T2 *)"
3410416700,5407,60959,,,,,,,,,,0.094,17328.607,Pinned,Device,NVIDIA A100-SXM4-40GB MIG 4g.20gb (0),1,,13,[CUDA memcpy Host-to-Device]
3410491547,622425,60960,,,,,,,,,,456.561,733237.673,Device,,NVIDIA A100-SXM4-40GB MIG 4g.20gb (0),1,,13,[CUDA memset]
3411119571,53152,60965,,,,,,,,,,1.235,23233.001,Pinned,Device,NVIDIA A100-SXM4-40GB MIG 4g.20gb (0),1,,13,[CUDA memcpy Host-to-Device]
3411175155,9344,60966,,,,,,,,,,0.197,21040.988,Pinned,Device,NVIDIA A100-SXM4-40GB MIG 4g.20gb (0),1,,13,[CUDA memcpy Host-to-Device]
3411254130,23040,60967,69,4,1,48,1,1,76,0.002,0.000,,,,,NVIDIA A100-SXM4-40GB MIG 4g.20gb (0),1,,13,"void ch_est::windowedChEstPreNoDftSOfdmKernel<float, __half, float, (unsigned int)2, (unsigned int)1, (unsigned short)4>(ch_est::puschRxChEstStatDescr_t *, ch_est::puschRxChEstDynDescr_t *)"
3411334417,33088,60968,137,2,1,24,2,1,44,0.001,0.001,,,,,NVIDIA A100-SXM4-40GB MIG 4g.20gb (0),1,,13,"void ch_est::chEstFilterNoDftSOfdmDispatchKernel<float, __half, float, (unsigned int)2>(ch_est::puschRxChEstStatDescr_t *, ch_est::puschRxChEstDynDescr_t *)"
3411399024,22720,60969,137,2,1,24,2,1,44,0.001,0.001,,,,,NVIDIA A100-SXM4-40GB MIG 4g.20gb (0),1,,13,"void ch_est::chEstFilterNoDftSOfdmDispatchKernel<float, __half, float, (unsigned int)2>(ch_est::puschRxChEstStatDescr_t *, ch_est::puschRxChEstDynDescr_t *)"
3411473743,3936,60980,103,1,1,128,1,1,16,0.000,0.000,,,,,NVIDIA A100-SXM4-40GB MIG 4g.20gb (0),1,,13,cupy_copy__complex64_complex64
3411531311,19200,60990,1434,1,1,128,1,1,16,0.000,0.000,,,,,NVIDIA A100-SXM4-40GB MIG 4g.20gb (0),1,,13,cupy_copy__complex64_complex64
3411598446,5504,60997,103,1,1,128,1,1,16,0.000,0.000,,,,,NVIDIA A100-SXM4-40GB MIG 4g.20gb (0),1,,13,cupy_copy__complex64_complex64
3411672045,250397,61004,1,1,1,32,32,1,30,0.000,0.000,,,,,NVIDIA A100-SXM4-40GB MIG 4g.20gb (0),1,,13,"void convert_kernel<__half2, float2>(tensor_layout_any, T1 *, tensor_layout_any, const T2 *)"
3411953450,5472,61007,,,,,,,,,,0.094,17122.757,Pinned,Device,NVIDIA A100-SXM4-40GB MIG 4g.20gb (0),1,,13,[CUDA memcpy Host-to-Device]
3412052809,63967,61008,,,,,,,,,,35.810,559816.479,Device,,NVIDIA A100-SXM4-40GB MIG 4g.20gb (0),1,,13,[CUDA memset]
3412125832,1824,61010,,,,,,,,,,0.000,43.860,Pinned,Device,NVIDIA A100-SXM4-40GB MIG 4g.20gb (0),1,,13,[CUDA memcpy Host-to-Device]
3412130088,10048,61011,,,,,,,,,,0.197,19566.821,Pinned,Device,NVIDIA A100-SXM4-40GB MIG 4g.20gb (0),1,,13,[CUDA memcpy Host-to-Device]
3412222471,33343,61012,273,1,1,48,1,1,40,0.000,0.001,,,,,NVIDIA A100-SXM4-40GB MIG 4g.20gb (0),1,,13,"void pusch_noise_intf_est::noiseIntfEstNoDftSOfdmKernel<float, __half, float, float, (unsigned int)2, (unsigned int)1, (unsigned char)4, (unsigned char)4>(pusch_noise_intf_est::puschRxNoiseIntfEstDynDescr)"
3412290918,12448,61023,35,1,1,128,1,1,16,0.000,0.000,,,,,NVIDIA A100-SXM4-40GB MIG 4g.20gb (0),1,,13,cupy_copy__complex64_complex64
3412381893,3488,61032,1,1,1,1,1,1,18,0.000,0.000,,,,,NVIDIA A100-SXM4-40GB MIG 4g.20gb (0),1,,13,cupy_copy__float32_float32
3412387781,1568,61038,,,,,,,,,,0.000,2.551,Device,Pageable,NVIDIA A100-SXM4-40GB MIG 4g.20gb (0),1,,7,[CUDA memcpy Device-to-Host]
3412538499,16448,61049,1434,1,1,128,1,1,16,0.000,0.000,,,,,NVIDIA A100-SXM4-40GB MIG 4g.20gb (0),1,,13,cupy_copy__complex64_complex64
3412599682,11488,61056,103,1,1,128,1,1,16,0.000,0.000,,,,,NVIDIA A100-SXM4-40GB MIG 4g.20gb (0),1,,13,cupy_copy__complex64_complex64
3412659970,13888,61063,35,1,1,128,1,1,16,0.000,0.000,,,,,NVIDIA A100-SXM4-40GB MIG 4g.20gb (0),1,,13,cupy_copy__complex64_complex64
3412733217,3296,61070,1,1,1,1,1,1,18,0.000,0.000,,,,,NVIDIA A100-SXM4-40GB MIG 4g.20gb (0),1,,13,cupy_copy__float32_float32
3412815328,255773,61081,1,1,1,32,32,1,30,0.000,0.000,,,,,NVIDIA A100-SXM4-40GB MIG 4g.20gb (0),1,,13,"void convert_kernel<__half2, float2>(tensor_layout_any, T1 *, tensor_layout_any, const T2 *)"
3413100381,5376,61084,,,,,,,,,,0.094,17428.487,Pinned,Device,NVIDIA A100-SXM4-40GB MIG 4g.20gb (0),1,,13,[CUDA memcpy Host-to-Device]
3413173212,18720,61085,,,,,,,,,,1.547,82617.561,Device,,NVIDIA A100-SXM4-40GB MIG 4g.20gb (0),1,,13,[CUDA memset]
3413194556,3040,61090,,,,,,,,,,0.031,10294.725,Pinned,Device,NVIDIA A100-SXM4-40GB MIG 4g.20gb (0),1,,13,[CUDA memcpy Host-to-Device]
3413200124,9439,61091,,,,,,,,,,0.197,20829.241,Pinned,Device,NVIDIA A100-SXM4-40GB MIG 4g.20gb (0),1,,13,[CUDA memcpy Host-to-Device]
3413237211,28480,61092,273,1,1,8,4,1,39,0.002,0.000,,,,,NVIDIA A100-SXM4-40GB MIG 4g.20gb (0),1,,13,"void channel_eq::eqMmseCoefCompLowMimoKernel<float, float, float, (unsigned int)4, (unsigned int)1, (unsigned int)4>(const channel_eq::_puschRxChEqStatDescr *, channel_eq::_puschRxChEqCoefCompDynDescr)"
3413315098,25888,61093,273,1,1,12,11,1,51,0.002,0.000,,,,,NVIDIA A100-SXM4-40GB MIG 4g.20gb (0),1,,13,"void channel_eq::eqMmseSoftDemapKernel<float, __half, __half, float, (unsigned int)4, (unsigned short)16383>(channel_eq::_puschRxChEqStatDescr *, channel_eq::_puschRxChEqSoftDemapDynDescr)"
3413399609,589817,61094,1,1,1,32,32,1,30,0.000,0.000,,,,,NVIDIA A100-SXM4-40GB MIG 4g.20gb (0),1,,13,"void convert_kernel<float2, __half2>(tensor_layout_any, T1 *, tensor_layout_any, const T2 *)"
3414074289,21088,61106,2253,1,1,128,1,1,16,0.000,0.000,,,,,NVIDIA A100-SXM4-40GB MIG 4g.20gb (0),1,,13,cupy_copy__float16_float16
3414204912,10816,61115,282,1,1,128,1,1,16,0.000,0.000,,,,,NVIDIA A100-SXM4-40GB MIG 4g.20gb (0),1,,13,cupy_copy__complex64_complex64
3414266415,5184,61124,26,1,1,128,1,1,16,0.000,0.000,,,,,NVIDIA A100-SXM4-40GB MIG 4g.20gb (0),1,,13,cupy_copy__float32_float32
3414322031,15679,61133,103,1,1,128,1,1,16,0.000,0.000,,,,,NVIDIA A100-SXM4-40GB MIG 4g.20gb (0),1,,13,cupy_copy__complex64_complex64
3414421486,17791,61143,1434,1,1,128,1,1,16,0.000,0.000,,,,,NVIDIA A100-SXM4-40GB MIG 4g.20gb (0),1,,13,cupy_copy__complex64_complex64
3414489261,255197,61148,1,1,1,32,32,1,30,0.000,0.000,,,,,NVIDIA A100-SXM4-40GB MIG 4g.20gb (0),1,,13,"void convert_kernel<__half2, float2>(tensor_layout_any, T1 *, tensor_layout_any, const T2 *)"
3414775881,5408,61151,,,,,,,,,,0.094,17325.421,Pinned,Device,NVIDIA A100-SXM4-40GB MIG 4g.20gb (0),1,,13,[CUDA memcpy Host-to-Device]
3414858376,618553,61152,,,,,,,,,,456.561,737803.287,Device,,NVIDIA A100-SXM4-40GB MIG 4g.20gb (0),1,,13,[CUDA memset]
3415483649,50784,61157,,,,,,,,,,1.235,24317.282,Pinned,Device,NVIDIA A100-SXM4-40GB MIG 4g.20gb (0),1,,13,[CUDA memcpy Host-to-Device]
3415536897,9376,61158,,,,,,,,,,0.197,20969.226,Pinned,Device,NVIDIA A100-SXM4-40GB MIG 4g.20gb (0),1,,13,[CUDA memcpy Host-to-Device]
3415609824,24832,61159,69,4,1,48,1,1,76,0.002,0.000,,,,,NVIDIA A100-SXM4-40GB MIG 4g.20gb (0),1,,13,"void ch_est::windowedChEstPreNoDftSOfdmKernel<float, __half, float, (unsigned int)2, (unsigned int)1, (unsigned short)4>(ch_est::puschRxChEstStatDescr_t *, ch_est::puschRxChEstDynDescr_t *)"
3415681183,31232,61160,137,2,1,24,2,1,44,0.001,0.001,,,,,NVIDIA A100-SXM4-40GB MIG 4g.20gb (0),1,,13,"void ch_est::chEstFilterNoDftSOfdmDispatchKernel<float, __half, float, (unsigned int)2>(ch_est::puschRxChEstStatDescr_t *, ch_est::puschRxChEstDynDescr_t *)"
3415751038,25472,61161,137,2,1,24,2,1,44,0.001,0.001,,,,,NVIDIA A100-SXM4-40GB MIG 4g.20gb (0),1,,13,"void ch_est::chEstFilterNoDftSOfdmDispatchKernel<float, __half, float, (unsigned int)2>(ch_est::puschRxChEstStatDescr_t *, ch_est::puschRxChEstDynDescr_t *)"
3415817629,10080,61172,103,1,1,128,1,1,16,0.000,0.000,,,,,NVIDIA A100-SXM4-40GB MIG 4g.20gb (0),1,,13,cupy_copy__complex64_complex64
3415878109,19072,61182,1434,1,1,128,1,1,16,0.000,0.000,,,,,NVIDIA A100-SXM4-40GB MIG 4g.20gb (0),1,,13,cupy_copy__complex64_complex64
3415965276,9664,61189,103,1,1,128,1,1,16,0.000,0.000,,,,,NVIDIA A100-SXM4-40GB MIG 4g.20gb (0),1,,13,cupy_copy__complex64_complex64
3416032795,262269,61196,1,1,1,32,32,1,30,0.000,0.000,,,,,NVIDIA A100-SXM4-40GB MIG 4g.20gb (0),1,,13,"void convert_kernel<__half2, float2>(tensor_layout_any, T1 *, tensor_layout_any, const T2 *)"
3416325240,5440,61199,,,,,,,,,,0.094,17223.480,Pinned,Device,NVIDIA A100-SXM4-40GB MIG 4g.20gb (0),1,,13,[CUDA memcpy Host-to-Device]
3416396855,63839,61200,,,,,,,,,,35.810,560926.587,Device,,NVIDIA A100-SXM4-40GB MIG 4g.20gb (0),1,,13,[CUDA memset]
3416464150,2752,61202,,,,,,,,,,0.000,29.070,Pinned,Device,NVIDIA A100-SXM4-40GB MIG 4g.20gb (0),1,,13,[CUDA memcpy Host-to-Device]
3416469302,9344,61203,,,,,,,,,,0.197,21040.988,Pinned,Device,NVIDIA A100-SXM4-40GB MIG 4g.20gb (0),1,,13,[CUDA memcpy Host-to-Device]
3416588885,28287,61204,273,1,1,48,1,1,40,0.000,0.001,,,,,NVIDIA A100-SXM4-40GB MIG 4g.20gb (0),1,,13,"void pusch_noise_intf_est::noiseIntfEstNoDftSOfdmKernel<float, __half, float, float, (unsigned int)2, (unsigned int)1, (unsigned char)4, (unsigned char)4>(pusch_noise_intf_est::puschRxNoiseIntfEstDynDescr)"
3416658772,5024,61215,35,1,1,128,1,1,16,0.000,0.000,,,,,NVIDIA A100-SXM4-40GB MIG 4g.20gb (0),1,,13,cupy_copy__complex64_complex64
3416726067,8352,61224,1,1,1,1,1,1,18,0.000,0.000,,,,,NVIDIA A100-SXM4-40GB MIG 4g.20gb (0),1,,13,cupy_copy__float32_float32
3416743091,1600,61230,,,,,,,,,,0.000,2.500,Device,Pageable,NVIDIA A100-SXM4-40GB MIG 4g.20gb (0),1,,7,[CUDA memcpy Device-to-Host]
3416865425,20960,61241,1434,1,1,128,1,1,16,0.000,0.000,,,,,NVIDIA A100-SXM4-40GB MIG 4g.20gb (0),1,,13,cupy_copy__complex64_complex64
3416930865,7968,61248,103,1,1,128,1,1,16,0.000,0.000,,,,,NVIDIA A100-SXM4-40GB MIG 4g.20gb (0),1,,13,cupy_copy__complex64_complex64
3416989296,11040,61255,35,1,1,128,1,1,16,0.000,0.000,,,,,NVIDIA A100-SXM4-40GB MIG 4g.20gb (0),1,,13,cupy_copy__complex64_complex64
3417074927,3072,61262,1,1,1,1,1,1,18,0.000,0.000,,,,,NVIDIA A100-SXM4-40GB MIG 4g.20gb (0),1,,13,cupy_copy__float32_float32
3417151694,259389,61273,1,1,1,32,32,1,30,0.000,0.000,,,,,NVIDIA A100-SXM4-40GB MIG 4g.20gb (0),1,,13,"void convert_kernel<__half2, float2>(tensor_layout_any, T1 *, tensor_layout_any, const T2 *)"
3417440331,5376,61276,,,,,,,,,,0.094,17428.487,Pinned,Device,NVIDIA A100-SXM4-40GB MIG 4g.20gb (0),1,,13,[CUDA memcpy Host-to-Device]
3417541962,15519,61277,,,,,,,,,,1.547,99659.811,Device,,NVIDIA A100-SXM4-40GB MIG 4g.20gb (0),1,,13,[CUDA memset]
3417564905,3008,61282,,,,,,,,,,0.031,10404.230,Pinned,Device,NVIDIA A100-SXM4-40GB MIG 4g.20gb (0),1,,13,[CUDA memcpy Host-to-Device]
3417570345,9408,61283,,,,,,,,,,0.197,20897.858,Pinned,Device,NVIDIA A100-SXM4-40GB MIG 4g.20gb (0),1,,13,[CUDA memcpy Host-to-Device]
3417657736,26176,61284,273,1,1,8,4,1,39,0.002,0.000,,,,,NVIDIA A100-SXM4-40GB MIG 4g.20gb (0),1,,13,"void channel_eq::eqMmseCoefCompLowMimoKernel<float, float, float, (unsigned int)4, (unsigned int)1, (unsigned int)4>(const channel_eq::_puschRxChEqStatDescr *, channel_eq::_puschRxChEqCoefCompDynDescr)"
3417723080,24319,61285,273,1,1,12,11,1,51,0.002,0.000,,,,,NVIDIA A100-SXM4-40GB MIG 4g.20gb (0),1,,13,"void channel_eq::eqMmseSoftDemapKernel<float, __half, __half, float, (unsigned int)4, (unsigned short)16383>(channel_eq::_puschRxChEqStatDescr *, channel_eq::_puschRxChEqSoftDemapDynDescr)"
3417793927,568313,61286,1,1,1,32,32,1,30,0.000,0.000,,,,,NVIDIA A100-SXM4-40GB MIG 4g.20gb (0),1,,13,"void convert_kernel<float2, __half2>(tensor_layout_any, T1 *, tensor_layout_any, const T2 *)"
3418454591,20896,61298,2253,1,1,128,1,1,16,0.000,0.000,,,,,NVIDIA A100-SXM4-40GB MIG 4g.20gb (0),1,,13,cupy_copy__float16_float16
3418545150,16608,61307,282,1,1,128,1,1,16,0.000,0.000,,,,,NVIDIA A100-SXM4-40GB MIG 4g.20gb (0),1,,13,cupy_copy__complex64_complex64
3418602845,12384,61316,26,1,1,128,1,1,16,0.000,0.000,,,,,NVIDIA A100-SXM4-40GB MIG 4g.20gb (0),1,,13,cupy_copy__float32_float32
3418660285,16320,61325,103,1,1,128,1,1,16,0.000,0.000,,,,,NVIDIA A100-SXM4-40GB MIG 4g.20gb (0),1,,13,cupy_copy__complex64_complex64
3418677629,13119,61335,1434,1,1,128,1,1,16,0.000,0.000,,,,,NVIDIA A100-SXM4-40GB MIG 4g.20gb (0),1,,13,cupy_copy__complex64_complex64
3418691932,81791,61340,1,1,1,32,32,1,30,0.000,0.000,,,,,NVIDIA A100-SXM4-40GB MIG 4g.20gb (0),1,,13,"void convert_kernel<__half2, float2>(tensor_layout_any, T1 *, tensor_layout_any, const T2 *)"
3418805435,5408,61343,,,,,,,,,,0.094,17325.421,Pinned,Device,NVIDIA A100-SXM4-40GB MIG 4g.20gb (0),1,,13,[CUDA memcpy Host-to-Device]
3418871226,622329,61344,,,,,,,,,,456.561,733237.673,Device,,NVIDIA A100-SXM4-40GB MIG 4g.20gb (0),1,,13,[CUDA memset]
3419498259,55648,61349,,,,,,,,,,1.235,22191.944,Pinned,Device,NVIDIA A100-SXM4-40GB MIG 4g.20gb (0),1,,13,[CUDA memcpy Host-to-Device]
3419556338,10240,61350,,,,,,,,,,0.197,19199.951,Pinned,Device,NVIDIA A100-SXM4-40GB MIG 4g.20gb (0),1,,13,[CUDA memcpy Host-to-Device]
3419625170,26207,61351,69,4,1,48,1,1,76,0.002,0.000,,,,,NVIDIA A100-SXM4-40GB MIG 4g.20gb (0),1,,13,"void ch_est::windowedChEstPreNoDftSOfdmKernel<float, __half, float, (unsigned int)2, (unsigned int)1, (unsigned short)4>(ch_est::puschRxChEstStatDescr_t *, ch_est::puschRxChEstDynDescr_t *)"
3419694865,22976,61352,137,2,1,24,2,1,44,0.001,0.001,,,,,NVIDIA A100-SXM4-40GB MIG 4g.20gb (0),1,,13,"void ch_est::chEstFilterNoDftSOfdmDispatchKernel<float, __half, float, (unsigned int)2>(ch_est::puschRxChEstStatDescr_t *, ch_est::puschRxChEstDynDescr_t *)"
3419759792,26880,61353,137,2,1,24,2,1,44,0.001,0.001,,,,,NVIDIA A100-SXM4-40GB MIG 4g.20gb (0),1,,13,"void ch_est::chEstFilterNoDftSOfdmDispatchKernel<float, __half, float, (unsigned int)2>(ch_est::puschRxChEstStatDescr_t *, ch_est::puschRxChEstDynDescr_t *)"
3419822159,11936,61364,103,1,1,128,1,1,16,0.000,0.000,,,,,NVIDIA A100-SXM4-40GB MIG 4g.20gb (0),1,,13,cupy_copy__complex64_complex64
3419883823,17088,61374,1434,1,1,128,1,1,16,0.000,0.000,,,,,NVIDIA A100-SXM4-40GB MIG 4g.20gb (0),1,,13,cupy_copy__complex64_complex64
3419948302,8000,61381,103,1,1,128,1,1,16,0.000,0.000,,,,,NVIDIA A100-SXM4-40GB MIG 4g.20gb (0),1,,13,cupy_copy__complex64_complex64
3420025133,202366,61388,1,1,1,32,32,1,30,0.000,0.000,,,,,NVIDIA A100-SXM4-40GB MIG 4g.20gb (0),1,,13,"void convert_kernel<__half2, float2>(tensor_layout_any, T1 *, tensor_layout_any, const T2 *)"
3420257834,5920,61391,,,,,,,,,,0.094,15826.941,Pinned,Device,NVIDIA A100-SXM4-40GB MIG 4g.20gb (0),1,,13,[CUDA memcpy Host-to-Device]
3420343785,64640,61392,,,,,,,,,,35.810,553979.462,Device,,NVIDIA A100-SXM4-40GB MIG 4g.20gb (0),1,,13,[CUDA memset]
3420409897,1856,61394,,,,,,,,,,0.000,43.103,Pinned,Device,NVIDIA A100-SXM4-40GB MIG 4g.20gb (0),1,,13,[CUDA memcpy Host-to-Device]
3420414153,12287,61395,,,,,,,,,,0.197,16001.139,Pinned,Device,NVIDIA A100-SXM4-40GB MIG 4g.20gb (0),1,,13,[CUDA memcpy Host-to-Device]
3420549575,27936,61396,273,1,1,48,1,1,40,0.000,0.001,,,,,NVIDIA A100-SXM4-40GB MIG 4g.20gb (0),1,,13,"void pusch_noise_intf_est::noiseIntfEstNoDftSOfdmKernel<float, __half, float, float, (unsigned int)2, (unsigned int)1, (unsigned char)4, (unsigned char)4>(pusch_noise_intf_est::puschRxNoiseIntfEstDynDescr)"
3420619622,8480,61407,35,1,1,128,1,1,16,0.000,0.000,,,,,NVIDIA A100-SXM4-40GB MIG 4g.20gb (0),1,,13,cupy_copy__complex64_complex64
3420680646,9695,61416,1,1,1,1,1,1,18,0.000,0.000,,,,,NVIDIA A100-SXM4-40GB MIG 4g.20gb (0),1,,13,cupy_copy__float32_float32
3420693349,1568,61422,,,,,,,,,,0.000,2.551,Device,Pageable,NVIDIA A100-SXM4-40GB MIG 4g.20gb (0),1,,7,[CUDA memcpy Device-to-Host]
3420816548,20000,61433,1434,1,1,128,1,1,16,0.000,0.000,,,,,NVIDIA A100-SXM4-40GB MIG 4g.20gb (0),1,,13,cupy_copy__complex64_complex64
3420890339,10400,61440,103,1,1,128,1,1,16,0.000,0.000,,,,,NVIDIA A100-SXM4-40GB MIG 4g.20gb (0),1,,13,cupy_copy__complex64_complex64
3420948770,8864,61447,35,1,1,128,1,1,16,0.000,0.000,,,,,NVIDIA A100-SXM4-40GB MIG 4g.20gb (0),1,,13,cupy_copy__complex64_complex64
3421042369,5216,61454,1,1,1,1,1,1,18,0.000,0.000,,,,,NVIDIA A100-SXM4-40GB MIG 4g.20gb (0),1,,13,cupy_copy__float32_float32
3421104705,256669,61465,1,1,1,32,32,1,30,0.000,0.000,,,,,NVIDIA A100-SXM4-40GB MIG 4g.20gb (0),1,,13,"void convert_kernel<__half2, float2>(tensor_layout_any, T1 *, tensor_layout_any, const T2 *)"
3421391357,5408,61468,,,,,,,,,,0.094,17325.421,Pinned,Device,NVIDIA A100-SXM4-40GB MIG 4g.20gb (0),1,,13,[CUDA memcpy Host-to-Device]
3421452765,8960,61469,,,,,,,,,,1.547,172614.065,Device,,NVIDIA A100-SXM4-40GB MIG 4g.20gb (0),1,,13,[CUDA memset]
3421467773,3071,61474,,,,,,,,,,0.031,10190.791,Pinned,Device,NVIDIA A100-SXM4-40GB MIG 4g.20gb (0),1,,13,[CUDA memcpy Host-to-Device]
3421473276,9984,61475,,,,,,,,,,0.197,19692.257,Pinned,Device,NVIDIA A100-SXM4-40GB MIG 4g.20gb (0),1,,13,[CUDA memcpy Host-to-Device]
3421567707,28640,61476,273,1,1,8,4,1,39,0.002,0.000,,,,,NVIDIA A100-SXM4-40GB MIG 4g.20gb (0),1,,13,"void channel_eq::eqMmseCoefCompLowMimoKernel<float, float, float, (unsigned int)4, (unsigned int)1, (unsigned int)4>(const channel_eq::_puschRxChEqStatDescr *, channel_eq::_puschRxChEqCoefCompDynDescr)"
3421631579,28095,61477,273,1,1,12,11,1,51,0.002,0.000,,,,,NVIDIA A100-SXM4-40GB MIG 4g.20gb (0),1,,13,"void channel_eq::eqMmseSoftDemapKernel<float, __half, __half, float, (unsigned int)4, (unsigned short)16383>(channel_eq::_puschRxChEqStatDescr *, channel_eq::_puschRxChEqSoftDemapDynDescr)"
3421720634,566649,61478,1,1,1,32,32,1,30,0.000,0.000,,,,,NVIDIA A100-SXM4-40GB MIG 4g.20gb (0),1,,13,"void convert_kernel<float2, __half2>(tensor_layout_any, T1 *, tensor_layout_any, const T2 *)"
3422381618,21984,61490,2253,1,1,128,1,1,16,0.000,0.000,,,,,NVIDIA A100-SXM4-40GB MIG 4g.20gb (0),1,,13,cupy_copy__float16_float16
3422454737,16992,61499,282,1,1,128,1,1,16,0.000,0.000,,,,,NVIDIA A100-SXM4-40GB MIG 4g.20gb (0),1,,13,cupy_copy__complex64_complex64
3422511505,12511,61508,26,1,1,128,1,1,16,0.000,0.000,,,,,NVIDIA A100-SXM4-40GB MIG 4g.20gb (0),1,,13,cupy_copy__float32_float32
3422571792,6560,61517,103,1,1,128,1,1,16,0.000,0.000,,,,,NVIDIA A100-SXM4-40GB MIG 4g.20gb (0),1,,13,cupy_copy__complex64_complex64
3422644335,18880,61527,1434,1,1,128,1,1,16,0.000,0.000,,,,,NVIDIA A100-SXM4-40GB MIG 4g.20gb (0),1,,13,cupy_copy__complex64_complex64
3422712814,234334,61532,1,1,1,32,32,1,30,0.000,0.000,,,,,NVIDIA A100-SXM4-40GB MIG 4g.20gb (0),1,,13,"void convert_kernel<__half2, float2>(tensor_layout_any, T1 *, tensor_layout_any, const T2 *)"
3422976459,5600,61535,,,,,,,,,,0.094,16731.388,Pinned,Device,NVIDIA A100-SXM4-40GB MIG 4g.20gb (0),1,,13,[CUDA memcpy Host-to-Device]
3423069098,628889,61536,,,,,,,,,,456.561,725932.690,Device,,NVIDIA A100-SXM4-40GB MIG 4g.20gb (0),1,,13,[CUDA memset]
3423705027,51391,61541,,,,,,,,,,1.235,24029.540,Pinned,Device,NVIDIA A100-SXM4-40GB MIG 4g.20gb (0),1,,13,[CUDA memcpy Host-to-Device]
3423758882,10528,61542,,,,,,,,,,0.197,18674.614,Pinned,Device,NVIDIA A100-SXM4-40GB MIG 4g.20gb (0),1,,13,[CUDA memcpy Host-to-Device]
3423883969,22367,61543,69,4,1,48,1,1,76,0.002,0.000,,,,,NVIDIA A100-SXM4-40GB MIG 4g.20gb (0),1,,13,"void ch_est::windowedChEstPreNoDftSOfdmKernel<float, __half, float, (unsigned int)2, (unsigned int)1, (unsigned short)4>(ch_est::puschRxChEstStatDescr_t *, ch_est::puschRxChEstDynDescr_t *)"
3423959264,27584,61544,137,2,1,24,2,1,44,0.001,0.001,,,,,NVIDIA A100-SXM4-40GB MIG 4g.20gb (0),1,,13,"void ch_est::chEstFilterNoDftSOfdmDispatchKernel<float, __half, float, (unsigned int)2>(ch_est::puschRxChEstStatDescr_t *, ch_est::puschRxChEstDynDescr_t *)"
3424022911,25888,61545,137,2,1,24,2,1,44,0.001,0.001,,,,,NVIDIA A100-SXM4-40GB MIG 4g.20gb (0),1,,13,"void ch_est::chEstFilterNoDftSOfdmDispatchKernel<float, __half, float, (unsigned int)2>(ch_est::puschRxChEstStatDescr_t *, ch_est::puschRxChEstDynDescr_t *)"
3424089246,6592,61556,103,1,1,128,1,1,16,0.000,0.000,,,,,NVIDIA A100-SXM4-40GB MIG 4g.20gb (0),1,,13,cupy_copy__complex64_complex64
3424150558,19775,61566,1434,1,1,128,1,1,16,0.000,0.000,,,,,NVIDIA A100-SXM4-40GB MIG 4g.20gb (0),1,,13,cupy_copy__complex64_complex64
3424227965,8608,61573,103,1,1,128,1,1,16,0.000,0.000,,,,,NVIDIA A100-SXM4-40GB MIG 4g.20gb (0),1,,13,cupy_copy__complex64_complex64
3424296156,259485,61580,1,1,1,32,32,1,30,0.000,0.000,,,,,NVIDIA A100-SXM4-40GB MIG 4g.20gb (0),1,,13,"void convert_kernel<__half2, float2>(tensor_layout_any, T1 *, tensor_layout_any, const T2 *)"
3424586457,5536,61583,,,,,,,,,,0.094,16924.777,Pinned,Device,NVIDIA A100-SXM4-40GB MIG 4g.20gb (0),1,,13,[CUDA memcpy Host-to-Device]
3424685496,63679,61584,,,,,,,,,,35.810,562323.174,Device,,NVIDIA A100-SXM4-40GB MIG 4g.20gb (0),1,,13,[CUDA memset]
3424751255,1920,61586,,,,,,,,,,0.000,41.667,Pinned,Device,NVIDIA A100-SXM4-40GB MIG 4g.20gb (0),1,,13,[CUDA memcpy Host-to-Device]
3424758551,9856,61587,,,,,,,,,,0.197,19948.044,Pinned,Device,NVIDIA A100-SXM4-40GB MIG 4g.20gb (0),1,,13,[CUDA memcpy Host-to-Device]
3424885653,25952,61588,273,1,1,48,1,1,40,0.000,0.001,,,,,NVIDIA A100-SXM4-40GB MIG 4g.20gb (0),1,,13,"void pusch_noise_intf_est::noiseIntfEstNoDftSOfdmKernel<float, __half, float, float, (unsigned int)2, (unsigned int)1, (unsigned char)4, (unsigned char)4>(pusch_noise_intf_est::puschRxNoiseIntfEstDynDescr)"
3424964468,6656,61599,35,1,1,128,1,1,16,0.000,0.000,,,,,NVIDIA A100-SXM4-40GB MIG 4g.20gb (0),1,,13,cupy_copy__complex64_complex64
3425031156,4895,61608,1,1,1,1,1,1,18,0.000,0.000,,,,,NVIDIA A100-SXM4-40GB MIG 4g.20gb (0),1,,13,cupy_copy__float32_float32
3425038675,1600,61614,,,,,,,,,,0.000,2.500,Device,Pageable,NVIDIA A100-SXM4-40GB MIG 4g.20gb (0),1,,7,[CUDA memcpy Device-to-Host]
3425153490,22848,61625,1434,1,1,128,1,1,16,0.000,0.000,,,,,NVIDIA A100-SXM4-40GB MIG 4g.20gb (0),1,,13,cupy_copy__complex64_complex64
3425221105,7616,61632,103,1,1,128,1,1,16,0.000,0.000,,,,,NVIDIA A100-SXM4-40GB MIG 4g.20gb (0),1,,13,cupy_copy__complex64_complex64
3425281393,10688,61639,35,1,1,128,1,1,16,0.000,0.000,,,,,NVIDIA A100-SXM4-40GB MIG 4g.20gb (0),1,,13,cupy_copy__complex64_complex64
3425364400,5024,61646,1,1,1,1,1,1,18,0.000,0.000,,,,,NVIDIA A100-SXM4-40GB MIG 4g.20gb (0),1,,13,cupy_copy__float32_float32
3425435823,255901,61657,1,1,1,32,32,1,30,0.000,0.000,,,,,NVIDIA A100-SXM4-40GB MIG 4g.20gb (0),1,,13,"void convert_kernel<__half2, float2>(tensor_layout_any, T1 *, tensor_layout_any, const T2 *)"
3425721196,5376,61660,,,,,,,,,,0.094,17428.487,Pinned,Device,NVIDIA A100-SXM4-40GB MIG 4g.20gb (0),1,,13,[CUDA memcpy Host-to-Device]
3425799563,5536,61661,,,,,,,,,,1.547,279374.426,Device,,NVIDIA A100-SXM4-40GB MIG 4g.20gb (0),1,,13,[CUDA memset]
3425806987,3040,61666,,,,,,,,,,0.031,10294.725,Pinned,Device,NVIDIA A100-SXM4-40GB MIG 4g.20gb (0),1,,13,[CUDA memcpy Host-to-Device]
3425812459,9439,61667,,,,,,,,,,0.197,20829.241,Pinned,Device,NVIDIA A100-SXM4-40GB MIG 4g.20gb (0),1,,13,[CUDA memcpy Host-to-Device]
3425848362,27712,61668,273,1,1,8,4,1,39,0.002,0.000,,,,,NVIDIA A100-SXM4-40GB MIG 4g.20gb (0),1,,13,"void channel_eq::eqMmseCoefCompLowMimoKernel<float, float, float, (unsigned int)4, (unsigned int)1, (unsigned int)4>(const channel_eq::_puschRxChEqStatDescr *, channel_eq::_puschRxChEqCoefCompDynDescr)"
3425921609,19008,61669,273,1,1,12,11,1,51,0.002,0.000,,,,,NVIDIA A100-SXM4-40GB MIG 4g.20gb (0),1,,13,"void channel_eq::eqMmseSoftDemapKernel<float, __half, __half, float, (unsigned int)4, (unsigned short)16383>(channel_eq::_puschRxChEqStatDescr *, channel_eq::_puschRxChEqSoftDemapDynDescr)"
3425986153,591801,61670,1,1,1,32,32,1,30,0.000,0.000,,,,,NVIDIA A100-SXM4-40GB MIG 4g.20gb (0),1,,13,"void convert_kernel<float2, __half2>(tensor_layout_any, T1 *, tensor_layout_any, const T2 *)"
3426624097,21312,61682,2253,1,1,128,1,1,16,0.000,0.000,,,,,NVIDIA A100-SXM4-40GB MIG 4g.20gb (0),1,,13,cupy_copy__float16_float16
3426691488,12544,61691,282,1,1,128,1,1,16,0.000,0.000,,,,,NVIDIA A100-SXM4-40GB MIG 4g.20gb (0),1,,13,cupy_copy__complex64_complex64
3426764640,4320,61700,26,1,1,128,1,1,16,0.000,0.000,,,,,NVIDIA A100-SXM4-40GB MIG 4g.20gb (0),1,,13,cupy_copy__float32_float32
3426821919,17600,61709,103,1,1,128,1,1,16,0.000,0.000,,,,,NVIDIA A100-SXM4-40GB MIG 4g.20gb (0),1,,13,cupy_copy__complex64_complex64
3426918686,16256,61719,1434,1,1,128,1,1,16,0.000,0.000,,,,,NVIDIA A100-SXM4-40GB MIG 4g.20gb (0),1,,13,cupy_copy__complex64_complex64
3426991069,246429,61724,1,1,1,32,32,1,30,0.000,0.000,,,,,NVIDIA A100-SXM4-40GB MIG 4g.20gb (0),1,,13,"void convert_kernel<__half2, float2>(tensor_layout_any, T1 *, tensor_layout_any, const T2 *)"
3427274074,5664,61727,,,,,,,,,,0.094,16542.310,Pinned,Device,NVIDIA A100-SXM4-40GB MIG 4g.20gb (0),1,,13,[CUDA memcpy Host-to-Device]
3427343225,628857,61728,,,,,,,,,,456.561,725932.690,Device,,NVIDIA A100-SXM4-40GB MIG 4g.20gb (0),1,,13,[CUDA memset]
3427978450,51647,61733,,,,,,,,,,1.235,23910.986,Pinned,Device,NVIDIA A100-SXM4-40GB MIG 4g.20gb (0),1,,13,[CUDA memcpy Host-to-Device]
3428032849,10848,61734,,,,,,,,,,0.197,18123.719,Pinned,Device,NVIDIA A100-SXM4-40GB MIG 4g.20gb (0),1,,13,[CUDA memcpy Host-to-Device]
3428114160,23040,61735,69,4,1,48,1,1,76,0.002,0.000,,,,,NVIDIA A100-SXM4-40GB MIG 4g.20gb (0),1,,13,"void ch_est::windowedChEstPreNoDftSOfdmKernel<float, __half, float, (unsigned int)2, (unsigned int)1, (unsigned short)4>(ch_est::puschRxChEstStatDescr_t *, ch_est::puschRxChEstDynDescr_t *)"
3428182575,30464,61736,137,2,1,24,2,1,44,0.001,0.001,,,,,NVIDIA A100-SXM4-40GB MIG 4g.20gb (0),1,,13,"void ch_est::chEstFilterNoDftSOfdmDispatchKernel<float, __half, float, (unsigned int)2>(ch_est::puschRxChEstStatDescr_t *, ch_est::puschRxChEstDynDescr_t *)"
3428246511,24543,61737,137,2,1,24,2,1,44,0.001,0.001,,,,,NVIDIA A100-SXM4-40GB MIG 4g.20gb (0),1,,13,"void ch_est::chEstFilterNoDftSOfdmDispatchKernel<float, __half, float, (unsigned int)2>(ch_est::puschRxChEstStatDescr_t *, ch_est::puschRxChEstDynDescr_t *)"
3428321230,5952,61748,103,1,1,128,1,1,16,0.000,0.000,,,,,NVIDIA A100-SXM4-40GB MIG 4g.20gb (0),1,,13,cupy_copy__complex64_complex64
3428379309,18976,61758,1434,1,1,128,1,1,16,0.000,0.000,,,,,NVIDIA A100-SXM4-40GB MIG 4g.20gb (0),1,,13,cupy_copy__complex64_complex64
3428447084,6144,61765,103,1,1,128,1,1,16,0.000,0.000,,,,,NVIDIA A100-SXM4-40GB MIG 4g.20gb (0),1,,13,cupy_copy__complex64_complex64
3428515563,260350,61772,1,1,1,32,32,1,30,0.000,0.000,,,,,NVIDIA A100-SXM4-40GB MIG 4g.20gb (0),1,,13,"void convert_kernel<__half2, float2>(tensor_layout_any, T1 *, tensor_layout_any, const T2 *)"
3428806376,5440,61775,,,,,,,,,,0.094,17223.480,Pinned,Device,NVIDIA A100-SXM4-40GB MIG 4g.20gb (0),1,,13,[CUDA memcpy Host-to-Device]
3428882631,65856,61776,,,,,,,,,,35.810,543737.825,Device,,NVIDIA A100-SXM4-40GB MIG 4g.20gb (0),1,,13,[CUDA memset]
3428952102,4384,61778,,,,,,,,,,0.000,18.248,Pinned,Device,NVIDIA A100-SXM4-40GB MIG 4g.20gb (0),1,,13,[CUDA memcpy Host-to-Device]
3428958886,10144,61779,,,,,,,,,,0.197,19381.617,Pinned,Device,NVIDIA A100-SXM4-40GB MIG 4g.20gb (0),1,,13,[CUDA memcpy Host-to-Device]
3429082309,30464,61780,273,1,1,48,1,1,40,0.000,0.001,,,,,NVIDIA A100-SXM4-40GB MIG 4g.20gb (0),1,,13,"void pusch_noise_intf_est::noiseIntfEstNoDftSOfdmKernel<float, __half, float, float, (unsigned int)2, (unsigned int)1, (unsigned char)4, (unsigned char)4>(pusch_noise_intf_est::puschRxNoiseIntfEstDynDescr)"
3429153156,7872,61791,35,1,1,128,1,1,16,0.000,0.000,,,,,NVIDIA A100-SXM4-40GB MIG 4g.20gb (0),1,,13,cupy_copy__complex64_complex64
3429219779,3200,61800,1,1,1,1,1,1,18,0.000,0.000,,,,,NVIDIA A100-SXM4-40GB MIG 4g.20gb (0),1,,13,cupy_copy__float32_float32
3429230627,1920,61806,,,,,,,,,,0.000,2.083,Device,Pageable,NVIDIA A100-SXM4-40GB MIG 4g.20gb (0),1,,7,[CUDA memcpy Device-to-Host]
3429349506,21120,61817,1434,1,1,128,1,1,16,0.000,0.000,,,,,NVIDIA A100-SXM4-40GB MIG 4g.20gb (0),1,,13,cupy_copy__complex64_complex64
3429420673,5472,61824,103,1,1,128,1,1,16,0.000,0.000,,,,,NVIDIA A100-SXM4-40GB MIG 4g.20gb (0),1,,13,cupy_copy__complex64_complex64
3429482784,10976,61831,35,1,1,128,1,1,16,0.000,0.000,,,,,NVIDIA A100-SXM4-40GB MIG 4g.20gb (0),1,,13,cupy_copy__complex64_complex64
3429564063,4704,61838,1,1,1,1,1,1,18,0.000,0.000,,,,,NVIDIA A100-SXM4-40GB MIG 4g.20gb (0),1,,13,cupy_copy__float32_float32
3429635295,261821,61849,1,1,1,32,32,1,30,0.000,0.000,,,,,NVIDIA A100-SXM4-40GB MIG 4g.20gb (0),1,,13,"void convert_kernel<__half2, float2>(tensor_layout_any, T1 *, tensor_layout_any, const T2 *)"
3429927643,5408,61852,,,,,,,,,,0.094,17325.421,Pinned,Device,NVIDIA A100-SXM4-40GB MIG 4g.20gb (0),1,,13,[CUDA memcpy Host-to-Device]
3430017626,16352,61853,,,,,,,,,,1.547,94582.244,Device,,NVIDIA A100-SXM4-40GB MIG 4g.20gb (0),1,,13,[CUDA memset]
3430036698,3008,61858,,,,,,,,,,0.031,10404.230,Pinned,Device,NVIDIA A100-SXM4-40GB MIG 4g.20gb (0),1,,13,[CUDA memcpy Host-to-Device]
3430042266,10656,61859,,,,,,,,,,0.197,18450.285,Pinned,Device,NVIDIA A100-SXM4-40GB MIG 4g.20gb (0),1,,13,[CUDA memcpy Host-to-Device]
3430141433,26144,61860,273,1,1,8,4,1,39,0.002,0.000,,,,,NVIDIA A100-SXM4-40GB MIG 4g.20gb (0),1,,13,"void channel_eq::eqMmseCoefCompLowMimoKernel<float, float, float, (unsigned int)4, (unsigned int)1, (unsigned int)4>(const channel_eq::_puschRxChEqStatDescr *, channel_eq::_puschRxChEqCoefCompDynDescr)"
3430208760,24160,61861,273,1,1,12,11,1,51,0.002,0.000,,,,,NVIDIA A100-SXM4-40GB MIG 4g.20gb (0),1,,13,"void channel_eq::eqMmseSoftDemapKernel<float, __half, __half, float, (unsigned int)4, (unsigned short)16383>(channel_eq::_puschRxChEqStatDescr *, channel_eq::_puschRxChEqSoftDemapDynDescr)"
3430293591,411643,61862,1,1,1,32,32,1,30,0.000,0.000,,,,,NVIDIA A100-SXM4-40GB MIG 4g.20gb (0),1,,13,"void convert_kernel<float2, __half2>(tensor_layout_any, T1 *, tensor_layout_any, const T2 *)"
3430794513,22208,61874,2253,1,1,128,1,1,16,0.000,0.000,,,,,NVIDIA A100-SXM4-40GB MIG 4g.20gb (0),1,,13,cupy_copy__float16_float16
3430859185,14175,61883,282,1,1,128,1,1,16,0.000,0.000,,,,,NVIDIA A100-SXM4-40GB MIG 4g.20gb (0),1,,13,cupy_copy__complex64_complex64
3430919984,4224,61892,26,1,1,128,1,1,16,0.000,0.000,,,,,NVIDIA A100-SXM4-40GB MIG 4g.20gb (0),1,,13,cupy_copy__float32_float32
3430980175,14976,61901,103,1,1,128,1,1,16,0.000,0.000,,,,,NVIDIA A100-SXM4-40GB MIG 4g.20gb (0),1,,13,cupy_copy__complex64_complex64
3431078734,14688,61911,1434,1,1,128,1,1,16,0.000,0.000,,,,,NVIDIA A100-SXM4-40GB MIG 4g.20gb (0),1,,13,cupy_copy__complex64_complex64
3431145005,252093,61916,1,1,1,32,32,1,30,0.000,0.000,,,,,NVIDIA A100-SXM4-40GB MIG 4g.20gb (0),1,,13,"void convert_kernel<__half2, float2>(tensor_layout_any, T1 *, tensor_layout_any, const T2 *)"
3431428906,5376,61919,,,,,,,,,,0.094,17428.487,Pinned,Device,NVIDIA A100-SXM4-40GB MIG 4g.20gb (0),1,,13,[CUDA memcpy Host-to-Device]
3431489737,631129,61920,,,,,,,,,,456.561,723193.321,Device,,NVIDIA A100-SXM4-40GB MIG 4g.20gb (0),1,,13,[CUDA memset]
3432127522,52223,61925,,,,,,,,,,1.235,23646.708,Pinned,Device,NVIDIA A100-SXM4-40GB MIG 4g.20gb (0),1,,13,[CUDA memcpy Host-to-Device]
3432184001,10848,61926,,,,,,,,,,0.197,18123.719,Pinned,Device,NVIDIA A100-SXM4-40GB MIG 4g.20gb (0),1,,13,[CUDA memcpy Host-to-Device]
3432263040,25696,61927,69,4,1,48,1,1,76,0.002,0.000,,,,,NVIDIA A100-SXM4-40GB MIG 4g.20gb (0),1,,13,"void ch_est::windowedChEstPreNoDftSOfdmKernel<float, __half, float, (unsigned int)2, (unsigned int)1, (unsigned short)4>(ch_est::puschRxChEstStatDescr_t *, ch_est::puschRxChEstDynDescr_t *)"
3432335744,28735,61928,137,2,1,24,2,1,44,0.001,0.001,,,,,NVIDIA A100-SXM4-40GB MIG 4g.20gb (0),1,,13,"void ch_est::chEstFilterNoDftSOfdmDispatchKernel<float, __half, float, (unsigned int)2>(ch_est::puschRxChEstStatDescr_t *, ch_est::puschRxChEstDynDescr_t *)"
3432401023,23840,61929,137,2,1,24,2,1,44,0.001,0.001,,,,,NVIDIA A100-SXM4-40GB MIG 4g.20gb (0),1,,13,"void ch_est::chEstFilterNoDftSOfdmDispatchKernel<float, __half, float, (unsigned int)2>(ch_est::puschRxChEstStatDescr_t *, ch_est::puschRxChEstDynDescr_t *)"
3432471294,3936,61940,103,1,1,128,1,1,16,0.000,0.000,,,,,NVIDIA A100-SXM4-40GB MIG 4g.20gb (0),1,,13,cupy_copy__complex64_complex64
3432529725,19552,61950,1434,1,1,128,1,1,16,0.000,0.000,,,,,NVIDIA A100-SXM4-40GB MIG 4g.20gb (0),1,,13,cupy_copy__complex64_complex64
3432611708,9216,61957,103,1,1,128,1,1,16,0.000,0.000,,,,,NVIDIA A100-SXM4-40GB MIG 4g.20gb (0),1,,13,cupy_copy__complex64_complex64
3432679612,252797,61964,1,1,1,32,32,1,30,0.000,0.000,,,,,NVIDIA A100-SXM4-40GB MIG 4g.20gb (0),1,,13,"void convert_kernel<__half2, float2>(tensor_layout_any, T1 *, tensor_layout_any, const T2 *)"
3432963192,5472,61967,,,,,,,,,,0.094,17122.757,Pinned,Device,NVIDIA A100-SXM4-40GB MIG 4g.20gb (0),1,,13,[CUDA memcpy Host-to-Device]
3433055351,64256,61968,,,,,,,,,,35.810,557273.975,Device,,NVIDIA A100-SXM4-40GB MIG 4g.20gb (0),1,,13,[CUDA memset]
3433127766,2112,61970,,,,,,,,,,0.000,37.879,Pinned,Device,NVIDIA A100-SXM4-40GB MIG 4g.20gb (0),1,,13,[CUDA memcpy Host-to-Device]
3433132342,9376,61971,,,,,,,,,,0.197,20969.226,Pinned,Device,NVIDIA A100-SXM4-40GB MIG 4g.20gb (0),1,,13,[CUDA memcpy Host-to-Device]
3433236213,28736,61972,273,1,1,48,1,1,40,0.000,0.001,,,,,NVIDIA A100-SXM4-40GB MIG 4g.20gb (0),1,,13,"void pusch_noise_intf_est::noiseIntfEstNoDftSOfdmKernel<float, __half, float, float, (unsigned int)2, (unsigned int)1, (unsigned char)4, (unsigned char)4>(pusch_noise_intf_est::puschRxNoiseIntfEstDynDescr)"
3433308308,8896,61983,35,1,1,128,1,1,16,0.000,0.000,,,,,NVIDIA A100-SXM4-40GB MIG 4g.20gb (0),1,,13,cupy_copy__complex64_complex64
3433373204,4832,61992,1,1,1,1,1,1,18,0.000,0.000,,,,,NVIDIA A100-SXM4-40GB MIG 4g.20gb (0),1,,13,cupy_copy__float32_float32
3433378804,4000,61998,,,,,,,,,,0.000,1.000,Device,Pageable,NVIDIA A100-SXM4-40GB MIG 4g.20gb (0),1,,7,[CUDA memcpy Device-to-Host]
3433515314,19648,62009,1434,1,1,128,1,1,16,0.000,0.000,,,,,NVIDIA A100-SXM4-40GB MIG 4g.20gb (0),1,,13,cupy_copy__complex64_complex64
3433580145,6208,62016,103,1,1,128,1,1,16,0.000,0.000,,,,,NVIDIA A100-SXM4-40GB MIG 4g.20gb (0),1,,13,cupy_copy__complex64_complex64
3433645649,9215,62023,35,1,1,128,1,1,16,0.000,0.000,,,,,NVIDIA A100-SXM4-40GB MIG 4g.20gb (0),1,,13,cupy_copy__complex64_complex64
3433737967,3008,62030,1,1,1,1,1,1,18,0.000,0.000,,,,,NVIDIA A100-SXM4-40GB MIG 4g.20gb (0),1,,13,cupy_copy__float32_float32
3433813199,254909,62041,1,1,1,32,32,1,30,0.000,0.000,,,,,NVIDIA A100-SXM4-40GB MIG 4g.20gb (0),1,,13,"void convert_kernel<__half2, float2>(tensor_layout_any, T1 *, tensor_layout_any, const T2 *)"
3434097419,5408,62044,,,,,,,,,,0.094,17325.421,Pinned,Device,NVIDIA A100-SXM4-40GB MIG 4g.20gb (0),1,,13,[CUDA memcpy Host-to-Device]
3434202730,15712,62045,,,,,,,,,,1.547,98434.884,Device,,NVIDIA A100-SXM4-40GB MIG 4g.20gb (0),1,,13,[CUDA memset]
3434219146,3008,62050,,,,,,,,,,0.031,10404.230,Pinned,Device,NVIDIA A100-SXM4-40GB MIG 4g.20gb (0),1,,13,[CUDA memcpy Host-to-Device]
3434224618,9472,62051,,,,,,,,,,0.197,20756.693,Pinned,Device,NVIDIA A100-SXM4-40GB MIG 4g.20gb (0),1,,13,[CUDA memcpy Host-to-Device]
3434317321,31359,62052,273,1,1,8,4,1,39,0.002,0.000,,,,,NVIDIA A100-SXM4-40GB MIG 4g.20gb (0),1,,13,"void channel_eq::eqMmseCoefCompLowMimoKernel<float, float, float, (unsigned int)4, (unsigned int)1, (unsigned int)4>(const channel_eq::_puschRxChEqStatDescr *, channel_eq::_puschRxChEqCoefCompDynDescr)"
3434398440,26656,62053,273,1,1,12,11,1,51,0.002,0.000,,,,,NVIDIA A100-SXM4-40GB MIG 4g.20gb (0),1,,13,"void channel_eq::eqMmseSoftDemapKernel<float, __half, __half, float, (unsigned int)4, (unsigned short)16383>(channel_eq::_puschRxChEqStatDescr *, channel_eq::_puschRxChEqSoftDemapDynDescr)"
3434476551,568921,62054,1,1,1,32,32,1,30,0.000,0.000,,,,,NVIDIA A100-SXM4-40GB MIG 4g.20gb (0),1,,13,"void convert_kernel<float2, __half2>(tensor_layout_any, T1 *, tensor_layout_any, const T2 *)"
3435133055,22048,62066,2253,1,1,128,1,1,16,0.000,0.000,,,,,NVIDIA A100-SXM4-40GB MIG 4g.20gb (0),1,,13,cupy_copy__float16_float16
3435261694,15072,62075,282,1,1,128,1,1,16,0.000,0.000,,,,,NVIDIA A100-SXM4-40GB MIG 4g.20gb (0),1,,13,cupy_copy__complex64_complex64
3435329661,3712,62084,26,1,1,128,1,1,16,0.000,0.000,,,,,NVIDIA A100-SXM4-40GB MIG 4g.20gb (0),1,,13,cupy_copy__float32_float32
3435389756,14720,62093,103,1,1,128,1,1,16,0.000,0.000,,,,,NVIDIA A100-SXM4-40GB MIG 4g.20gb (0),1,,13,cupy_copy__complex64_complex64
3435489947,17792,62103,1434,1,1,128,1,1,16,0.000,0.000,,,,,NVIDIA A100-SXM4-40GB MIG 4g.20gb (0),1,,13,cupy_copy__complex64_complex64
3435559035,252093,62108,1,1,1,32,32,1,30,0.000,0.000,,,,,NVIDIA A100-SXM4-40GB MIG 4g.20gb (0),1,,13,"void convert_kernel<__half2, float2>(tensor_layout_any, T1 *, tensor_layout_any, const T2 *)"
3435847927,5376,62111,,,,,,,,,,0.094,17428.487,Pinned,Device,NVIDIA A100-SXM4-40GB MIG 4g.20gb (0),1,,13,[CUDA memcpy Host-to-Device]
3435934742,635545,62112,,,,,,,,,,456.561,718171.145,Device,,NVIDIA A100-SXM4-40GB MIG 4g.20gb (0),1,,13,[CUDA memset]
3436576719,53279,62117,,,,,,,,,,1.235,23178.664,Pinned,Device,NVIDIA A100-SXM4-40GB MIG 4g.20gb (0),1,,13,[CUDA memcpy Host-to-Device]
3436633870,10784,62118,,,,,,,,,,0.197,18231.263,Pinned,Device,NVIDIA A100-SXM4-40GB MIG 4g.20gb (0),1,,13,[CUDA memcpy Host-to-Device]
3436711949,22752,62119,69,4,1,48,1,1,76,0.002,0.000,,,,,NVIDIA A100-SXM4-40GB MIG 4g.20gb (0),1,,13,"void ch_est::windowedChEstPreNoDftSOfdmKernel<float, __half, float, (unsigned int)2, (unsigned int)1, (unsigned short)4>(ch_est::puschRxChEstStatDescr_t *, ch_est::puschRxChEstDynDescr_t *)"
3436785548,27488,62120,137,2,1,24,2,1,44,0.001,0.001,,,,,NVIDIA A100-SXM4-40GB MIG 4g.20gb (0),1,,13,"void ch_est::chEstFilterNoDftSOfdmDispatchKernel<float, __half, float, (unsigned int)2>(ch_est::puschRxChEstStatDescr_t *, ch_est::puschRxChEstDynDescr_t *)"
3436849388,27103,62121,137,2,1,24,2,1,44,0.001,0.001,,,,,NVIDIA A100-SXM4-40GB MIG 4g.20gb (0),1,,13,"void ch_est::chEstFilterNoDftSOfdmDispatchKernel<float, __half, float, (unsigned int)2>(ch_est::puschRxChEstStatDescr_t *, ch_est::puschRxChEstDynDescr_t *)"
3436917867,11040,62132,103,1,1,128,1,1,16,0.000,0.000,,,,,NVIDIA A100-SXM4-40GB MIG 4g.20gb (0),1,,13,cupy_copy__complex64_complex64
3436976586,18368,62142,1434,1,1,128,1,1,16,0.000,0.000,,,,,NVIDIA A100-SXM4-40GB MIG 4g.20gb (0),1,,13,cupy_copy__complex64_complex64
3437042761,8096,62149,103,1,1,128,1,1,16,0.000,0.000,,,,,NVIDIA A100-SXM4-40GB MIG 4g.20gb (0),1,,13,cupy_copy__complex64_complex64
3437112937,257309,62156,1,1,1,32,32,1,30,0.000,0.000,,,,,NVIDIA A100-SXM4-40GB MIG 4g.20gb (0),1,,13,"void convert_kernel<__half2, float2>(tensor_layout_any, T1 *, tensor_layout_any, const T2 *)"
3437399493,5376,62159,,,,,,,,,,0.094,17428.487,Pinned,Device,NVIDIA A100-SXM4-40GB MIG 4g.20gb (0),1,,13,[CUDA memcpy Host-to-Device]
3437499716,65087,62160,,,,,,,,,,35.810,550183.611,Device,,NVIDIA A100-SXM4-40GB MIG 4g.20gb (0),1,,13,[CUDA memset]
3437572419,4064,62162,,,,,,,,,,0.000,19.685,Pinned,Device,NVIDIA A100-SXM4-40GB MIG 4g.20gb (0),1,,13,[CUDA memcpy Host-to-Device]
3437579939,9344,62163,,,,,,,,,,0.197,21040.988,Pinned,Device,NVIDIA A100-SXM4-40GB MIG 4g.20gb (0),1,,13,[CUDA memcpy Host-to-Device]
3437702658,29120,62164,273,1,1,48,1,1,40,0.000,0.001,,,,,NVIDIA A100-SXM4-40GB MIG 4g.20gb (0),1,,13,"void pusch_noise_intf_est::noiseIntfEstNoDftSOfdmKernel<float, __half, float, float, (unsigned int)2, (unsigned int)1, (unsigned char)4, (unsigned char)4>(pusch_noise_intf_est::puschRxNoiseIntfEstDynDescr)"
3437768993,5824,62175,35,1,1,128,1,1,16,0.000,0.000,,,,,NVIDIA A100-SXM4-40GB MIG 4g.20gb (0),1,,13,cupy_copy__complex64_complex64
3437834656,6240,62184,1,1,1,1,1,1,18,0.000,0.000,,,,,NVIDIA A100-SXM4-40GB MIG 4g.20gb (0),1,,13,cupy_copy__float32_float32
3437845440,1696,62190,,,,,,,,,,0.000,2.358,Device,Pageable,NVIDIA A100-SXM4-40GB MIG 4g.20gb (0),1,,7,[CUDA memcpy Device-to-Host]
3437971967,21312,62201,1434,1,1,128,1,1,16,0.000,0.000,,,,,NVIDIA A100-SXM4-40GB MIG 4g.20gb (0),1,,13,cupy_copy__complex64_complex64
3438038654,5856,62208,103,1,1,128,1,1,16,0.000,0.000,,,,,NVIDIA A100-SXM4-40GB MIG 4g.20gb (0),1,,13,cupy_copy__complex64_complex64
3438104445,9920,62215,35,1,1,128,1,1,16,0.000,0.000,,,,,NVIDIA A100-SXM4-40GB MIG 4g.20gb (0),1,,13,cupy_copy__complex64_complex64
3438192540,2976,62222,1,1,1,1,1,1,18,0.000,0.000,,,,,NVIDIA A100-SXM4-40GB MIG 4g.20gb (0),1,,13,cupy_copy__float32_float32
3438269275,256605,62233,1,1,1,32,32,1,30,0.000,0.000,,,,,NVIDIA A100-SXM4-40GB MIG 4g.20gb (0),1,,13,"void convert_kernel<__half2, float2>(tensor_layout_any, T1 *, tensor_layout_any, const T2 *)"
3438555896,5376,62236,,,,,,,,,,0.094,17428.487,Pinned,Device,NVIDIA A100-SXM4-40GB MIG 4g.20gb (0),1,,13,[CUDA memcpy Host-to-Device]
3438656471,14496,62237,,,,,,,,,,1.547,106692.310,Device,,NVIDIA A100-SXM4-40GB MIG 4g.20gb (0),1,,13,[CUDA memset]
3438675895,3040,62242,,,,,,,,,,0.031,10294.725,Pinned,Device,NVIDIA A100-SXM4-40GB MIG 4g.20gb (0),1,,13,[CUDA memcpy Host-to-Device]
3438681431,9344,62243,,,,,,,,,,0.197,21040.988,Pinned,Device,NVIDIA A100-SXM4-40GB MIG 4g.20gb (0),1,,13,[CUDA memcpy Host-to-Device]
3438782453,26048,62244,273,1,1,8,4,1,39,0.002,0.000,,,,,NVIDIA A100-SXM4-40GB MIG 4g.20gb (0),1,,13,"void channel_eq::eqMmseCoefCompLowMimoKernel<float, float, float, (unsigned int)4, (unsigned int)1, (unsigned int)4>(const channel_eq::_puschRxChEqStatDescr *, channel_eq::_puschRxChEqCoefCompDynDescr)"
3438848917,23167,62245,273,1,1,12,11,1,51,0.002,0.000,,,,,NVIDIA A100-SXM4-40GB MIG 4g.20gb (0),1,,13,"void channel_eq::eqMmseSoftDemapKernel<float, __half, __half, float, (unsigned int)4, (unsigned short)16383>(channel_eq::_puschRxChEqStatDescr *, channel_eq::_puschRxChEqSoftDemapDynDescr)"
3438935092,434875,62246,1,1,1,32,32,1,30,0.000,0.000,,,,,NVIDIA A100-SXM4-40GB MIG 4g.20gb (0),1,,13,"void convert_kernel<float2, __half2>(tensor_layout_any, T1 *, tensor_layout_any, const T2 *)"
3439438990,19520,62258,2253,1,1,128,1,1,16,0.000,0.000,,,,,NVIDIA A100-SXM4-40GB MIG 4g.20gb (0),1,,13,cupy_copy__float16_float16
3439506125,15968,62267,282,1,1,128,1,1,16,0.000,0.000,,,,,NVIDIA A100-SXM4-40GB MIG 4g.20gb (0),1,,13,cupy_copy__complex64_complex64
3439567948,3648,62276,26,1,1,128,1,1,16,0.000,0.000,,,,,NVIDIA A100-SXM4-40GB MIG 4g.20gb (0),1,,13,cupy_copy__float32_float32
3439627916,15232,62285,103,1,1,128,1,1,16,0.000,0.000,,,,,NVIDIA A100-SXM4-40GB MIG 4g.20gb (0),1,,13,cupy_copy__complex64_complex64
3439724843,14815,62295,1434,1,1,128,1,1,16,0.000,0.000,,,,,NVIDIA A100-SXM4-40GB MIG 4g.20gb (0),1,,13,cupy_copy__complex64_complex64
3439797546,251997,62300,1,1,1,32,32,1,30,0.000,0.000,,,,,NVIDIA A100-SXM4-40GB MIG 4g.20gb (0),1,,13,"void convert_kernel<__half2, float2>(tensor_layout_any, T1 *, tensor_layout_any, const T2 *)"
3440080103,5376,62303,,,,,,,,,,0.094,17428.487,Pinned,Device,NVIDIA A100-SXM4-40GB MIG 4g.20gb (0),1,,13,[CUDA memcpy Host-to-Device]
3440163654,631000,62304,,,,,,,,,,456.561,723193.321,Device,,NVIDIA A100-SXM4-40GB MIG 4g.20gb (0),1,,13,[CUDA memset]
3440796990,50208,62309,,,,,,,,,,1.235,24596.380,Pinned,Device,NVIDIA A100-SXM4-40GB MIG 4g.20gb (0),1,,13,[CUDA memcpy Host-to-Device]
3440849662,9472,62310,,,,,,,,,,0.197,20756.693,Pinned,Device,NVIDIA A100-SXM4-40GB MIG 4g.20gb (0),1,,13,[CUDA memcpy Host-to-Device]
3440935901,27135,62311,69,4,1,48,1,1,76,0.002,0.000,,,,,NVIDIA A100-SXM4-40GB MIG 4g.20gb (0),1,,13,"void ch_est::windowedChEstPreNoDftSOfdmKernel<float, __half, float, (unsigned int)2, (unsigned int)1, (unsigned short)4>(ch_est::puschRxChEstStatDescr_t *, ch_est::puschRxChEstDynDescr_t *)"
3441015900,31903,62312,137,2,1,24,2,1,44,0.001,0.001,,,,,NVIDIA A100-SXM4-40GB MIG 4g.20gb (0),1,,13,"void ch_est::chEstFilterNoDftSOfdmDispatchKernel<float, __half, float, (unsigned int)2>(ch_est::puschRxChEstStatDescr_t *, ch_est::puschRxChEstDynDescr_t *)"
3441085947,25568,62313,137,2,1,24,2,1,44,0.001,0.001,,,,,NVIDIA A100-SXM4-40GB MIG 4g.20gb (0),1,,13,"void ch_est::chEstFilterNoDftSOfdmDispatchKernel<float, __half, float, (unsigned int)2>(ch_est::puschRxChEstStatDescr_t *, ch_est::puschRxChEstDynDescr_t *)"
3441160506,4096,62324,103,1,1,128,1,1,16,0.000,0.000,,,,,NVIDIA A100-SXM4-40GB MIG 4g.20gb (0),1,,13,cupy_copy__complex64_complex64
3441219001,18912,62334,1434,1,1,128,1,1,16,0.000,0.000,,,,,NVIDIA A100-SXM4-40GB MIG 4g.20gb (0),1,,13,cupy_copy__complex64_complex64
3441284889,10528,62341,103,1,1,128,1,1,16,0.000,0.000,,,,,NVIDIA A100-SXM4-40GB MIG 4g.20gb (0),1,,13,cupy_copy__complex64_complex64
3441363896,252989,62348,1,1,1,32,32,1,30,0.000,0.000,,,,,NVIDIA A100-SXM4-40GB MIG 4g.20gb (0),1,,13,"void convert_kernel<__half2, float2>(tensor_layout_any, T1 *, tensor_layout_any, const T2 *)"
3441646933,5503,62351,,,,,,,,,,0.094,17026.343,Pinned,Device,NVIDIA A100-SXM4-40GB MIG 4g.20gb (0),1,,13,[CUDA memcpy Host-to-Device]
3441733236,65791,62352,,,,,,,,,,35.810,544274.974,Device,,NVIDIA A100-SXM4-40GB MIG 4g.20gb (0),1,,13,[CUDA memset]
3441801363,1888,62354,,,,,,,,,,0.000,42.373,Pinned,Device,NVIDIA A100-SXM4-40GB MIG 4g.20gb (0),1,,13,[CUDA memcpy Host-to-Device]
3441807699,10624,62355,,,,,,,,,,0.197,18505.925,Pinned,Device,NVIDIA A100-SXM4-40GB MIG 4g.20gb (0),1,,13,[CUDA memcpy Host-to-Device]
3441941105,30464,62356,273,1,1,48,1,1,40,0.000,0.001,,,,,NVIDIA A100-SXM4-40GB MIG 4g.20gb (0),1,,13,"void pusch_noise_intf_est::noiseIntfEstNoDftSOfdmKernel<float, __half, float, float, (unsigned int)2, (unsigned int)1, (unsigned char)4, (unsigned char)4>(pusch_noise_intf_est::puschRxNoiseIntfEstDynDescr)"
3442005680,16096,62367,35,1,1,128,1,1,16,0.000,0.000,,,,,NVIDIA A100-SXM4-40GB MIG 4g.20gb (0),1,,13,cupy_copy__complex64_complex64
3442068752,4352,62376,1,1,1,1,1,1,18,0.000,0.000,,,,,NVIDIA A100-SXM4-40GB MIG 4g.20gb (0),1,,13,cupy_copy__float32_float32
3442076592,2048,62382,,,,,,,,,,0.000,1.953,Device,Pageable,NVIDIA A100-SXM4-40GB MIG 4g.20gb (0),1,,7,[CUDA memcpy Device-to-Host]
3442203406,20064,62393,1434,1,1,128,1,1,16,0.000,0.000,,,,,NVIDIA A100-SXM4-40GB MIG 4g.20gb (0),1,,13,cupy_copy__complex64_complex64
3442268333,10496,62400,103,1,1,128,1,1,16,0.000,0.000,,,,,NVIDIA A100-SXM4-40GB MIG 4g.20gb (0),1,,13,cupy_copy__complex64_complex64
3442327597,12608,62407,35,1,1,128,1,1,16,0.000,0.000,,,,,NVIDIA A100-SXM4-40GB MIG 4g.20gb (0),1,,13,cupy_copy__complex64_complex64
3442423948,3488,62414,1,1,1,1,1,1,18,0.000,0.000,,,,,NVIDIA A100-SXM4-40GB MIG 4g.20gb (0),1,,13,cupy_copy__float32_float32
3442496139,259549,62425,1,1,1,32,32,1,30,0.000,0.000,,,,,NVIDIA A100-SXM4-40GB MIG 4g.20gb (0),1,,13,"void convert_kernel<__half2, float2>(tensor_layout_any, T1 *, tensor_layout_any, const T2 *)"
3442786375,5536,62428,,,,,,,,,,0.094,16924.777,Pinned,Device,NVIDIA A100-SXM4-40GB MIG 4g.20gb (0),1,,13,[CUDA memcpy Host-to-Device]
3442903302,13824,62429,,,,,,,,,,1.547,111878.140,Device,,NVIDIA A100-SXM4-40GB MIG 4g.20gb (0),1,,13,[CUDA memset]
3442917926,3072,62434,,,,,,,,,,0.031,10187.474,Pinned,Device,NVIDIA A100-SXM4-40GB MIG 4g.20gb (0),1,,13,[CUDA memcpy Host-to-Device]
3442923398,10016,62435,,,,,,,,,,0.197,19629.343,Pinned,Device,NVIDIA A100-SXM4-40GB MIG 4g.20gb (0),1,,13,[CUDA memcpy Host-to-Device]
3442958469,30880,62436,273,1,1,8,4,1,39,0.002,0.000,,,,,NVIDIA A100-SXM4-40GB MIG 4g.20gb (0),1,,13,"void channel_eq::eqMmseCoefCompLowMimoKernel<float, float, float, (unsigned int)4, (unsigned int)1, (unsigned int)4>(const channel_eq::_puschRxChEqStatDescr *, channel_eq::_puschRxChEqCoefCompDynDescr)"
3443090660,23616,62437,273,1,1,12,11,1,51,0.002,0.000,,,,,NVIDIA A100-SXM4-40GB MIG 4g.20gb (0),1,,13,"void channel_eq::eqMmseSoftDemapKernel<float, __half, __half, float, (unsigned int)4, (unsigned short)16383>(channel_eq::_puschRxChEqStatDescr *, channel_eq::_puschRxChEqSoftDemapDynDescr)"
3443177283,585785,62438,1,1,1,32,32,1,30,0.000,0.000,,,,,NVIDIA A100-SXM4-40GB MIG 4g.20gb (0),1,,13,"void convert_kernel<float2, __half2>(tensor_layout_any, T1 *, tensor_layout_any, const T2 *)"
3443824412,21599,62450,2253,1,1,128,1,1,16,0.000,0.000,,,,,NVIDIA A100-SXM4-40GB MIG 4g.20gb (0),1,,13,cupy_copy__float16_float16
3443976314,15968,62459,282,1,1,128,1,1,16,0.000,0.000,,,,,NVIDIA A100-SXM4-40GB MIG 4g.20gb (0),1,,13,cupy_copy__complex64_complex64
3444036761,3520,62468,26,1,1,128,1,1,16,0.000,0.000,,,,,NVIDIA A100-SXM4-40GB MIG 4g.20gb (0),1,,13,cupy_copy__float32_float32
3444093048,14336,62477,103,1,1,128,1,1,16,0.000,0.000,,,,,NVIDIA A100-SXM4-40GB MIG 4g.20gb (0),1,,13,cupy_copy__complex64_complex64
3444195991,14688,62487,1434,1,1,128,1,1,16,0.000,0.000,,,,,NVIDIA A100-SXM4-40GB MIG 4g.20gb (0),1,,13,cupy_copy__complex64_complex64
3444267158,248702,62492,1,1,1,32,32,1,30,0.000,0.000,,,,,NVIDIA A100-SXM4-40GB MIG 4g.20gb (0),1,,13,"void convert_kernel<__half2, float2>(tensor_layout_any, T1 *, tensor_layout_any, const T2 *)"
3444546355,5440,62495,,,,,,,,,,0.094,17223.480,Pinned,Device,NVIDIA A100-SXM4-40GB MIG 4g.20gb (0),1,,13,[CUDA memcpy Host-to-Device]
3444601907,630520,62496,,,,,,,,,,456.561,723649.882,Device,,NVIDIA A100-SXM4-40GB MIG 4g.20gb (0),1,,13,[CUDA memset]
3445235147,53280,62501,,,,,,,,,,1.235,23177.429,Pinned,Device,NVIDIA A100-SXM4-40GB MIG 4g.20gb (0),1,,13,[CUDA memcpy Host-to-Device]
3445291211,10912,62502,,,,,,,,,,0.197,18017.550,Pinned,Device,NVIDIA A100-SXM4-40GB MIG 4g.20gb (0),1,,13,[CUDA memcpy Host-to-Device]
3445361482,28352,62503,69,4,1,48,1,1,76,0.002,0.000,,,,,NVIDIA A100-SXM4-40GB MIG 4g.20gb (0),1,,13,"void ch_est::windowedChEstPreNoDftSOfdmKernel<float, __half, float, (unsigned int)2, (unsigned int)1, (unsigned short)4>(ch_est::puschRxChEstStatDescr_t *, ch_est::puschRxChEstDynDescr_t *)"
3445427209,25184,62504,137,2,1,24,2,1,44,0.001,0.001,,,,,NVIDIA A100-SXM4-40GB MIG 4g.20gb (0),1,,13,"void ch_est::chEstFilterNoDftSOfdmDispatchKernel<float, __half, float, (unsigned int)2>(ch_est::puschRxChEstStatDescr_t *, ch_est::puschRxChEstDynDescr_t *)"
3445495624,33024,62505,137,2,1,24,2,1,44,0.001,0.001,,,,,NVIDIA A100-SXM4-40GB MIG 4g.20gb (0),1,,13,"void ch_est::chEstFilterNoDftSOfdmDispatchKernel<float, __half, float, (unsigned int)2>(ch_est::puschRxChEstStatDescr_t *, ch_est::puschRxChEstDynDescr_t *)"
3445565448,11039,62516,103,1,1,128,1,1,16,0.000,0.000,,,,,NVIDIA A100-SXM4-40GB MIG 4g.20gb (0),1,,13,cupy_copy__complex64_complex64
3445628295,14848,62526,1434,1,1,128,1,1,16,0.000,0.000,,,,,NVIDIA A100-SXM4-40GB MIG 4g.20gb (0),1,,13,cupy_copy__complex64_complex64
3445692198,12736,62533,103,1,1,128,1,1,16,0.000,0.000,,,,,NVIDIA A100-SXM4-40GB MIG 4g.20gb (0),1,,13,cupy_copy__complex64_complex64
3445768709,239837,62540,1,1,1,32,32,1,30,0.000,0.000,,,,,NVIDIA A100-SXM4-40GB MIG 4g.20gb (0),1,,13,"void convert_kernel<__half2, float2>(tensor_layout_any, T1 *, tensor_layout_any, const T2 *)"
3446038242,6432,62543,,,,,,,,,,0.094,14567.105,Pinned,Device,NVIDIA A100-SXM4-40GB MIG 4g.20gb (0),1,,13,[CUDA memcpy Host-to-Device]
3446132609,64159,62544,,,,,,,,,,35.810,558133.413,Device,,NVIDIA A100-SXM4-40GB MIG 4g.20gb (0),1,,13,[CUDA memset]
3446203584,2848,62546,,,,,,,,,,0.000,28.090,Pinned,Device,NVIDIA A100-SXM4-40GB MIG 4g.20gb (0),1,,13,[CUDA memcpy Host-to-Device]
3446208896,9344,62547,,,,,,,,,,0.197,21040.988,Pinned,Device,NVIDIA A100-SXM4-40GB MIG 4g.20gb (0),1,,13,[CUDA memcpy Host-to-Device]
3446327583,35327,62548,273,1,1,48,1,1,40,0.000,0.001,,,,,NVIDIA A100-SXM4-40GB MIG 4g.20gb (0),1,,13,"void pusch_noise_intf_est::noiseIntfEstNoDftSOfdmKernel<float, __half, float, float, (unsigned int)2, (unsigned int)1, (unsigned char)4, (unsigned char)4>(pusch_noise_intf_est::puschRxNoiseIntfEstDynDescr)"
3446393150,13504,62559,35,1,1,128,1,1,16,0.000,0.000,,,,,NVIDIA A100-SXM4-40GB MIG 4g.20gb (0),1,,13,cupy_copy__complex64_complex64
3446480893,2656,62568,1,1,1,1,1,1,18,0.000,0.000,,,,,NVIDIA A100-SXM4-40GB MIG 4g.20gb (0),1,,13,cupy_copy__float32_float32
3446488925,1600,62574,,,,,,,,,,0.000,2.500,Device,Pageable,NVIDIA A100-SXM4-40GB MIG 4g.20gb (0),1,,7,[CUDA memcpy Device-to-Host]
3446625819,15520,62585,1434,1,1,128,1,1,16,0.000,0.000,,,,,NVIDIA A100-SXM4-40GB MIG 4g.20gb (0),1,,13,cupy_copy__complex64_complex64
3446681115,11424,62592,103,1,1,128,1,1,16,0.000,0.000,,,,,NVIDIA A100-SXM4-40GB MIG 4g.20gb (0),1,,13,cupy_copy__complex64_complex64
3446750490,4288,62599,35,1,1,128,1,1,16,0.000,0.000,,,,,NVIDIA A100-SXM4-40GB MIG 4g.20gb (0),1,,13,cupy_copy__complex64_complex64
3446833305,5440,62606,1,1,1,1,1,1,18,0.000,0.000,,,,,NVIDIA A100-SXM4-40GB MIG 4g.20gb (0),1,,13,cupy_copy__float32_float32
3446914328,255901,62617,1,1,1,32,32,1,30,0.000,0.000,,,,,NVIDIA A100-SXM4-40GB MIG 4g.20gb (0),1,,13,"void convert_kernel<__half2, float2>(tensor_layout_any, T1 *, tensor_layout_any, const T2 *)"
3447203413,5536,62620,,,,,,,,,,0.094,16924.777,Pinned,Device,NVIDIA A100-SXM4-40GB MIG 4g.20gb (0),1,,13,[CUDA memcpy Host-to-Device]
3447287188,17760,62621,,,,,,,,,,1.547,87084.211,Device,,NVIDIA A100-SXM4-40GB MIG 4g.20gb (0),1,,13,[CUDA memset]
3447307507,3072,62626,,,,,,,,,,0.031,10187.474,Pinned,Device,NVIDIA A100-SXM4-40GB MIG 4g.20gb (0),1,,13,[CUDA memcpy Host-to-Device]
3447313075,10240,62627,,,,,,,,,,0.197,19199.951,Pinned,Device,NVIDIA A100-SXM4-40GB MIG 4g.20gb (0),1,,13,[CUDA memcpy Host-to-Device]
3447352275,29152,62628,273,1,1,8,4,1,39,0.002,0.000,,,,,NVIDIA A100-SXM4-40GB MIG 4g.20gb (0),1,,13,"void channel_eq::eqMmseCoefCompLowMimoKernel<float, float, float, (unsigned int)4, (unsigned int)1, (unsigned int)4>(const channel_eq::_puschRxChEqStatDescr *, channel_eq::_puschRxChEqCoefCompDynDescr)"
3447429362,26208,62629,273,1,1,12,11,1,51,0.002,0.000,,,,,NVIDIA A100-SXM4-40GB MIG 4g.20gb (0),1,,13,"void channel_eq::eqMmseSoftDemapKernel<float, __half, __half, float, (unsigned int)4, (unsigned short)16383>(channel_eq::_puschRxChEqStatDescr *, channel_eq::_puschRxChEqSoftDemapDynDescr)"
3447503665,584954,62630,1,1,1,32,32,1,30,0.000,0.000,,,,,NVIDIA A100-SXM4-40GB MIG 4g.20gb (0),1,,13,"void convert_kernel<float2, __half2>(tensor_layout_any, T1 *, tensor_layout_any, const T2 *)"
3448138282,20768,62642,2253,1,1,128,1,1,16,0.000,0.000,,,,,NVIDIA A100-SXM4-40GB MIG 4g.20gb (0),1,,13,cupy_copy__float16_float16
3448227529,16448,62651,282,1,1,128,1,1,16,0.000,0.000,,,,,NVIDIA A100-SXM4-40GB MIG 4g.20gb (0),1,,13,cupy_copy__complex64_complex64
3448286408,8384,62660,26,1,1,128,1,1,16,0.000,0.000,,,,,NVIDIA A100-SXM4-40GB MIG 4g.20gb (0),1,,13,cupy_copy__float32_float32
3448357223,9888,62669,103,1,1,128,1,1,16,0.000,0.000,,,,,NVIDIA A100-SXM4-40GB MIG 4g.20gb (0),1,,13,cupy_copy__complex64_complex64
3448425063,20735,62679,1434,1,1,128,1,1,16,0.000,0.000,,,,,NVIDIA A100-SXM4-40GB MIG 4g.20gb (0),1,,13,cupy_copy__complex64_complex64
3448503558,247677,62684,1,1,1,32,32,1,30,0.000,0.000,,,,,NVIDIA A100-SXM4-40GB MIG 4g.20gb (0),1,,13,"void convert_kernel<__half2, float2>(tensor_layout_any, T1 *, tensor_layout_any, const T2 *)"
3448789570,5472,62687,,,,,,,,,,0.094,17122.757,Pinned,Device,NVIDIA A100-SXM4-40GB MIG 4g.20gb (0),1,,13,[CUDA memcpy Host-to-Device]
3448875873,630585,62688,,,,,,,,,,456.561,723649.882,Device,,NVIDIA A100-SXM4-40GB MIG 4g.20gb (0),1,,13,[CUDA memset]
3449512858,50944,62693,,,,,,,,,,1.235,24240.716,Pinned,Device,NVIDIA A100-SXM4-40GB MIG 4g.20gb (0),1,,13,[CUDA memcpy Host-to-Device]
3449566234,10527,62694,,,,,,,,,,0.197,18676.384,Pinned,Device,NVIDIA A100-SXM4-40GB MIG 4g.20gb (0),1,,13,[CUDA memcpy Host-to-Device]
3449633145,26591,62695,69,4,1,48,1,1,76,0.002,0.000,,,,,NVIDIA A100-SXM4-40GB MIG 4g.20gb (0),1,,13,"void ch_est::windowedChEstPreNoDftSOfdmKernel<float, __half, float, (unsigned int)2, (unsigned int)1, (unsigned short)4>(ch_est::puschRxChEstStatDescr_t *, ch_est::puschRxChEstDynDescr_t *)"
3449699800,22464,62696,137,2,1,24,2,1,44,0.001,0.001,,,,,NVIDIA A100-SXM4-40GB MIG 4g.20gb (0),1,,13,"void ch_est::chEstFilterNoDftSOfdmDispatchKernel<float, __half, float, (unsigned int)2>(ch_est::puschRxChEstStatDescr_t *, ch_est::puschRxChEstDynDescr_t *)"
3449777751,35552,62697,137,2,1,24,2,1,44,0.001,0.001,,,,,NVIDIA A100-SXM4-40GB MIG 4g.20gb (0),1,,13,"void ch_est::chEstFilterNoDftSOfdmDispatchKernel<float, __half, float, (unsigned int)2>(ch_est::puschRxChEstStatDescr_t *, ch_est::puschRxChEstDynDescr_t *)"
3449843062,11680,62708,103,1,1,128,1,1,16,0.000,0.000,,,,,NVIDIA A100-SXM4-40GB MIG 4g.20gb (0),1,,13,cupy_copy__complex64_complex64
3449906646,16223,62718,1434,1,1,128,1,1,16,0.000,0.000,,,,,NVIDIA A100-SXM4-40GB MIG 4g.20gb (0),1,,13,cupy_copy__complex64_complex64
3449967957,11904,62725,103,1,1,128,1,1,16,0.000,0.000,,,,,NVIDIA A100-SXM4-40GB MIG 4g.20gb (0),1,,13,cupy_copy__complex64_complex64
3450030004,252605,62732,1,1,1,32,32,1,30,0.000,0.000,,,,,NVIDIA A100-SXM4-40GB MIG 4g.20gb (0),1,,13,"void convert_kernel<__half2, float2>(tensor_layout_any, T1 *, tensor_layout_any, const T2 *)"
3450310897,5408,62735,,,,,,,,,,0.094,17325.421,Pinned,Device,NVIDIA A100-SXM4-40GB MIG 4g.20gb (0),1,,13,[CUDA memcpy Host-to-Device]
3450349969,67423,62736,,,,,,,,,,35.810,531096.924,Device,,NVIDIA A100-SXM4-40GB MIG 4g.20gb (0),1,,13,[CUDA memset]
3450418256,5568,62738,,,,,,,,,,0.000,14.368,Pinned,Device,NVIDIA A100-SXM4-40GB MIG 4g.20gb (0),1,,13,[CUDA memcpy Host-to-Device]
3450427024,9824,62739,,,,,,,,,,0.197,20012.925,Pinned,Device,NVIDIA A100-SXM4-40GB MIG 4g.20gb (0),1,,13,[CUDA memcpy Host-to-Device]
3450551278,30528,62740,273,1,1,48,1,1,40,0.000,0.001,,,,,NVIDIA A100-SXM4-40GB MIG 4g.20gb (0),1,,13,"void pusch_noise_intf_est::noiseIntfEstNoDftSOfdmKernel<float, __half, float, float, (unsigned int)2, (unsigned int)1, (unsigned char)4, (unsigned char)4>(pusch_noise_intf_est::puschRxNoiseIntfEstDynDescr)"
3450619757,6336,62751,35,1,1,128,1,1,16,0.000,0.000,,,,,NVIDIA A100-SXM4-40GB MIG 4g.20gb (0),1,,13,cupy_copy__complex64_complex64
3450680461,5216,62760,1,1,1,1,1,1,18,0.000,0.000,,,,,NVIDIA A100-SXM4-40GB MIG 4g.20gb (0),1,,13,cupy_copy__float32_float32
3450691373,1600,62766,,,,,,,,,,0.000,2.500,Device,Pageable,NVIDIA A100-SXM4-40GB MIG 4g.20gb (0),1,,7,[CUDA memcpy Device-to-Host]
3450801387,20544,62777,1434,1,1,128,1,1,16,0.000,0.000,,,,,NVIDIA A100-SXM4-40GB MIG 4g.20gb (0),1,,13,cupy_copy__complex64_complex64
3450868779,10495,62784,103,1,1,128,1,1,16,0.000,0.000,,,,,NVIDIA A100-SXM4-40GB MIG 4g.20gb (0),1,,13,cupy_copy__complex64_complex64
3450932138,10944,62791,35,1,1,128,1,1,16,0.000,0.000,,,,,NVIDIA A100-SXM4-40GB MIG 4g.20gb (0),1,,13,cupy_copy__complex64_complex64
3451022345,4160,62798,1,1,1,1,1,1,18,0.000,0.000,,,,,NVIDIA A100-SXM4-40GB MIG 4g.20gb (0),1,,13,cupy_copy__float32_float32
3451100872,253597,62809,1,1,1,32,32,1,30,0.000,0.000,,,,,NVIDIA A100-SXM4-40GB MIG 4g.20gb (0),1,,13,"void convert_kernel<__half2, float2>(tensor_layout_any, T1 *, tensor_layout_any, const T2 *)"
3451385669,5376,62812,,,,,,,,,,0.094,17428.487,Pinned,Device,NVIDIA A100-SXM4-40GB MIG 4g.20gb (0),1,,13,[CUDA memcpy Host-to-Device]
3451486243,13536,62813,,,,,,,,,,1.547,114259.941,Device,,NVIDIA A100-SXM4-40GB MIG 4g.20gb (0),1,,13,[CUDA memset]
3451501347,3648,62818,,,,,,,,,,0.031,8578.922,Pinned,Device,NVIDIA A100-SXM4-40GB MIG 4g.20gb (0),1,,13,[CUDA memcpy Host-to-Device]
3451507459,9888,62819,,,,,,,,,,0.197,19883.360,Pinned,Device,NVIDIA A100-SXM4-40GB MIG 4g.20gb (0),1,,13,[CUDA memcpy Host-to-Device]
3451600770,27936,62820,273,1,1,8,4,1,39,0.002,0.000,,,,,NVIDIA A100-SXM4-40GB MIG 4g.20gb (0),1,,13,"void channel_eq::eqMmseCoefCompLowMimoKernel<float, float, float, (unsigned int)4, (unsigned int)1, (unsigned int)4>(const channel_eq::_puschRxChEqStatDescr *, channel_eq::_puschRxChEqCoefCompDynDescr)"
3451671329,24128,62821,273,1,1,12,11,1,51,0.002,0.000,,,,,NVIDIA A100-SXM4-40GB MIG 4g.20gb (0),1,,13,"void channel_eq::eqMmseSoftDemapKernel<float, __half, __half, float, (unsigned int)4, (unsigned short)16383>(channel_eq::_puschRxChEqStatDescr *, channel_eq::_puschRxChEqSoftDemapDynDescr)"
3451749344,559066,62822,1,1,1,32,32,1,30,0.000,0.000,,,,,NVIDIA A100-SXM4-40GB MIG 4g.20gb (0),1,,13,"void convert_kernel<float2, __half2>(tensor_layout_any, T1 *, tensor_layout_any, const T2 *)"
3452364665,19904,62834,2253,1,1,128,1,1,16,0.000,0.000,,,,,NVIDIA A100-SXM4-40GB MIG 4g.20gb (0),1,,13,cupy_copy__float16_float16
3452425817,14719,62843,282,1,1,128,1,1,16,0.000,0.000,,,,,NVIDIA A100-SXM4-40GB MIG 4g.20gb (0),1,,13,cupy_copy__complex64_complex64
3452497336,4416,62852,26,1,1,128,1,1,16,0.000,0.000,,,,,NVIDIA A100-SXM4-40GB MIG 4g.20gb (0),1,,13,cupy_copy__float32_float32
3452560119,16480,62861,103,1,1,128,1,1,16,0.000,0.000,,,,,NVIDIA A100-SXM4-40GB MIG 4g.20gb (0),1,,13,cupy_copy__complex64_complex64
3452661270,18016,62871,1434,1,1,128,1,1,16,0.000,0.000,,,,,NVIDIA A100-SXM4-40GB MIG 4g.20gb (0),1,,13,cupy_copy__complex64_complex64
3452731253,243293,62876,1,1,1,32,32,1,30,0.000,0.000,,,,,NVIDIA A100-SXM4-40GB MIG 4g.20gb (0),1,,13,"void convert_kernel<__half2, float2>(tensor_layout_any, T1 *, tensor_layout_any, const T2 *)"
3453005554,5408,62879,,,,,,,,,,0.094,17325.421,Pinned,Device,NVIDIA A100-SXM4-40GB MIG 4g.20gb (0),1,,13,[CUDA memcpy Host-to-Device]
3453104401,631449,62880,,,,,,,,,,456.561,722736.760,Device,,NVIDIA A100-SXM4-40GB MIG 4g.20gb (0),1,,13,[CUDA memset]
3453737898,50719,62885,,,,,,,,,,1.235,24348.156,Pinned,Device,NVIDIA A100-SXM4-40GB MIG 4g.20gb (0),1,,13,[CUDA memcpy Host-to-Device]
3453792073,10432,62886,,,,,,,,,,0.197,18846.450,Pinned,Device,NVIDIA A100-SXM4-40GB MIG 4g.20gb (0),1,,13,[CUDA memcpy Host-to-Device]
3453874696,22656,62887,69,4,1,48,1,1,76,0.002,0.000,,,,,NVIDIA A100-SXM4-40GB MIG 4g.20gb (0),1,,13,"void ch_est::windowedChEstPreNoDftSOfdmKernel<float, __half, float, (unsigned int)2, (unsigned int)1, (unsigned short)4>(ch_est::puschRxChEstStatDescr_t *, ch_est::puschRxChEstDynDescr_t *)"
3453943399,28000,62888,137,2,1,24,2,1,44,0.001,0.001,,,,,NVIDIA A100-SXM4-40GB MIG 4g.20gb (0),1,,13,"void ch_est::chEstFilterNoDftSOfdmDispatchKernel<float, __half, float, (unsigned int)2>(ch_est::puschRxChEstStatDescr_t *, ch_est::puschRxChEstDynDescr_t *)"
3454009414,25216,62889,137,2,1,24,2,1,44,0.001,0.001,,,,,NVIDIA A100-SXM4-40GB MIG 4g.20gb (0),1,,13,"void ch_est::chEstFilterNoDftSOfdmDispatchKernel<float, __half, float, (unsigned int)2>(ch_est::puschRxChEstStatDescr_t *, ch_est::puschRxChEstDynDescr_t *)"
3454081510,3680,62900,103,1,1,128,1,1,16,0.000,0.000,,,,,NVIDIA A100-SXM4-40GB MIG 4g.20gb (0),1,,13,cupy_copy__complex64_complex64
3454140517,19392,62910,1434,1,1,128,1,1,16,0.000,0.000,,,,,NVIDIA A100-SXM4-40GB MIG 4g.20gb (0),1,,13,cupy_copy__complex64_complex64
3454224548,10784,62917,103,1,1,128,1,1,16,0.000,0.000,,,,,NVIDIA A100-SXM4-40GB MIG 4g.20gb (0),1,,13,cupy_copy__complex64_complex64
3454292355,254397,62924,1,1,1,32,32,1,30,0.000,0.000,,,,,NVIDIA A100-SXM4-40GB MIG 4g.20gb (0),1,,13,"void convert_kernel<__half2, float2>(tensor_layout_any, T1 *, tensor_layout_any, const T2 *)"
3454576768,5408,62927,,,,,,,,,,0.094,17325.421,Pinned,Device,NVIDIA A100-SXM4-40GB MIG 4g.20gb (0),1,,13,[CUDA memcpy Host-to-Device]
3454657567,68287,62928,,,,,,,,,,35.810,524400.468,Device,,NVIDIA A100-SXM4-40GB MIG 4g.20gb (0),1,,13,[CUDA memset]
3454726110,3424,62930,,,,,,,,,,0.000,23.364,Pinned,Device,NVIDIA A100-SXM4-40GB MIG 4g.20gb (0),1,,13,[CUDA memcpy Host-to-Device]
3454733310,9824,62931,,,,,,,,,,0.197,20012.925,Pinned,Device,NVIDIA A100-SXM4-40GB MIG 4g.20gb (0),1,,13,[CUDA memcpy Host-to-Device]
3454853181,28799,62932,273,1,1,48,1,1,40,0.000,0.001,,,,,NVIDIA A100-SXM4-40GB MIG 4g.20gb (0),1,,13,"void pusch_noise_intf_est::noiseIntfEstNoDftSOfdmKernel<float, __half, float, float, (unsigned int)2, (unsigned int)1, (unsigned char)4, (unsigned char)4>(pusch_noise_intf_est::puschRxNoiseIntfEstDynDescr)"
3454920956,4992,62943,35,1,1,128,1,1,16,0.000,0.000,,,,,NVIDIA A100-SXM4-40GB MIG 4g.20gb (0),1,,13,cupy_copy__complex64_complex64
3454991739,4032,62952,1,1,1,1,1,1,18,0.000,0.000,,,,,NVIDIA A100-SXM4-40GB MIG 4g.20gb (0),1,,13,cupy_copy__float32_float32
3455001915,1760,62958,,,,,,,,,,0.000,2.273,Device,Pageable,NVIDIA A100-SXM4-40GB MIG 4g.20gb (0),1,,7,[CUDA memcpy Device-to-Host]
3455138969,18048,62969,1434,1,1,128,1,1,16,0.000,0.000,,,,,NVIDIA A100-SXM4-40GB MIG 4g.20gb (0),1,,13,cupy_copy__complex64_complex64
3455220729,15295,62976,103,1,1,128,1,1,16,0.000,0.000,,,,,NVIDIA A100-SXM4-40GB MIG 4g.20gb (0),1,,13,cupy_copy__complex64_complex64
3455279448,9344,62983,35,1,1,128,1,1,16,0.000,0.000,,,,,NVIDIA A100-SXM4-40GB MIG 4g.20gb (0),1,,13,cupy_copy__complex64_complex64
3455362839,4448,62990,1,1,1,1,1,1,18,0.000,0.000,,,,,NVIDIA A100-SXM4-40GB MIG 4g.20gb (0),1,,13,cupy_copy__float32_float32
3455441974,259709,63001,1,1,1,32,32,1,30,0.000,0.000,,,,,NVIDIA A100-SXM4-40GB MIG 4g.20gb (0),1,,13,"void convert_kernel<__half2, float2>(tensor_layout_any, T1 *, tensor_layout_any, const T2 *)"
3455730547,5440,63004,,,,,,,,,,0.094,17223.480,Pinned,Device,NVIDIA A100-SXM4-40GB MIG 4g.20gb (0),1,,13,[CUDA memcpy Host-to-Device]
3455830002,15327,63005,,,,,,,,,,1.547,100907.936,Device,,NVIDIA A100-SXM4-40GB MIG 4g.20gb (0),1,,13,[CUDA memset]
3455853297,3040,63010,,,,,,,,,,0.031,10294.725,Pinned,Device,NVIDIA A100-SXM4-40GB MIG 4g.20gb (0),1,,13,[CUDA memcpy Host-to-Device]
3455858769,9568,63011,,,,,,,,,,0.197,20548.485,Pinned,Device,NVIDIA A100-SXM4-40GB MIG 4g.20gb (0),1,,13,[CUDA memcpy Host-to-Device]
3455950032,25408,63012,273,1,1,8,4,1,39,0.002,0.000,,,,,NVIDIA A100-SXM4-40GB MIG 4g.20gb (0),1,,13,"void channel_eq::eqMmseCoefCompLowMimoKernel<float, float, float, (unsigned int)4, (unsigned int)1, (unsigned int)4>(const channel_eq::_puschRxChEqStatDescr *, channel_eq::_puschRxChEqCoefCompDynDescr)"
3456015887,25056,63013,273,1,1,12,11,1,51,0.002,0.000,,,,,NVIDIA A100-SXM4-40GB MIG 4g.20gb (0),1,,13,"void channel_eq::eqMmseSoftDemapKernel<float, __half, __half, float, (unsigned int)4, (unsigned short)16383>(channel_eq::_puschRxChEqStatDescr *, channel_eq::_puschRxChEqSoftDemapDynDescr)"
3456086895,600601,63014,1,1,1,32,32,1,30,0.000,0.000,,,,,NVIDIA A100-SXM4-40GB MIG 4g.20gb (0),1,,13,"void convert_kernel<float2, __half2>(tensor_layout_any, T1 *, tensor_layout_any, const T2 *)"
3456731335,21440,63026,2253,1,1,128,1,1,16,0.000,0.000,,,,,NVIDIA A100-SXM4-40GB MIG 4g.20gb (0),1,,13,cupy_copy__float16_float16
3456860230,16479,63035,282,1,1,128,1,1,16,0.000,0.000,,,,,NVIDIA A100-SXM4-40GB MIG 4g.20gb (0),1,,13,cupy_copy__complex64_complex64
3456935013,3712,63044,26,1,1,128,1,1,16,0.000,0.000,,,,,NVIDIA A100-SXM4-40GB MIG 4g.20gb (0),1,,13,cupy_copy__float32_float32
3456992292,15200,63053,103,1,1,128,1,1,16,0.000,0.000,,,,,NVIDIA A100-SXM4-40GB MIG 4g.20gb (0),1,,13,cupy_copy__complex64_complex64
3457090627,15488,63063,1434,1,1,128,1,1,16,0.000,0.000,,,,,NVIDIA A100-SXM4-40GB MIG 4g.20gb (0),1,,13,cupy_copy__complex64_complex64
3457163234,253885,63068,1,1,1,32,32,1,30,0.000,0.000,,,,,NVIDIA A100-SXM4-40GB MIG 4g.20gb (0),1,,13,"void convert_kernel<__half2, float2>(tensor_layout_any, T1 *, tensor_layout_any, const T2 *)"
3457447423,5376,63071,,,,,,,,,,0.094,17428.487,Pinned,Device,NVIDIA A100-SXM4-40GB MIG 4g.20gb (0),1,,13,[CUDA memcpy Host-to-Device]
3457537566,630905,63072,,,,,,,,,,456.561,723649.882,Device,,NVIDIA A100-SXM4-40GB MIG 4g.20gb (0),1,,13,[CUDA memset]
3458170775,50335,63077,,,,,,,,,,1.235,24533.398,Pinned,Device,NVIDIA A100-SXM4-40GB MIG 4g.20gb (0),1,,13,[CUDA memcpy Host-to-Device]
3458223574,9536,63078,,,,,,,,,,0.197,20617.298,Pinned,Device,NVIDIA A100-SXM4-40GB MIG 4g.20gb (0),1,,13,[CUDA memcpy Host-to-Device]
3458298453,25952,63079,69,4,1,48,1,1,76,0.002,0.000,,,,,NVIDIA A100-SXM4-40GB MIG 4g.20gb (0),1,,13,"void ch_est::windowedChEstPreNoDftSOfdmKernel<float, __half, float, (unsigned int)2, (unsigned int)1, (unsigned short)4>(ch_est::puschRxChEstStatDescr_t *, ch_est::puschRxChEstDynDescr_t *)"
3458387988,32576,63080,137,2,1,24,2,1,44,0.001,0.001,,,,,NVIDIA A100-SXM4-40GB MIG 4g.20gb (0),1,,13,"void ch_est::chEstFilterNoDftSOfdmDispatchKernel<float, __half, float, (unsigned int)2>(ch_est::puschRxChEstStatDescr_t *, ch_est::puschRxChEstDynDescr_t *)"
3458453267,26080,63081,137,2,1,24,2,1,44,0.001,0.001,,,,,NVIDIA A100-SXM4-40GB MIG 4g.20gb (0),1,,13,"void ch_est::chEstFilterNoDftSOfdmDispatchKernel<float, __half, float, (unsigned int)2>(ch_est::puschRxChEstStatDescr_t *, ch_est::puschRxChEstDynDescr_t *)"
3458519923,13983,63092,103,1,1,128,1,1,16,0.000,0.000,,,,,NVIDIA A100-SXM4-40GB MIG 4g.20gb (0),1,,13,cupy_copy__complex64_complex64
3458577490,19264,63102,1434,1,1,128,1,1,16,0.000,0.000,,,,,NVIDIA A100-SXM4-40GB MIG 4g.20gb (0),1,,13,cupy_copy__complex64_complex64
3458645393,8288,63109,103,1,1,128,1,1,16,0.000,0.000,,,,,NVIDIA A100-SXM4-40GB MIG 4g.20gb (0),1,,13,cupy_copy__complex64_complex64
3458719920,261341,63116,1,1,1,32,32,1,30,0.000,0.000,,,,,NVIDIA A100-SXM4-40GB MIG 4g.20gb (0),1,,13,"void convert_kernel<__half2, float2>(tensor_layout_any, T1 *, tensor_layout_any, const T2 *)"
3459009805,5376,63119,,,,,,,,,,0.094,17428.487,Pinned,Device,NVIDIA A100-SXM4-40GB MIG 4g.20gb (0),1,,13,[CUDA memcpy Host-to-Device]
3459072460,63360,63120,,,,,,,,,,35.810,565152.157,Device,,NVIDIA A100-SXM4-40GB MIG 4g.20gb (0),1,,13,[CUDA memset]
3459140299,1856,63122,,,,,,,,,,0.000,43.103,Pinned,Device,NVIDIA A100-SXM4-40GB MIG 4g.20gb (0),1,,13,[CUDA memcpy Host-to-Device]
3459144587,9536,63123,,,,,,,,,,0.197,20617.298,Pinned,Device,NVIDIA A100-SXM4-40GB MIG 4g.20gb (0),1,,13,[CUDA memcpy Host-to-Device]
3459255082,29632,63124,273,1,1,48,1,1,40,0.000,0.001,,,,,NVIDIA A100-SXM4-40GB MIG 4g.20gb (0),1,,13,"void pusch_noise_intf_est::noiseIntfEstNoDftSOfdmKernel<float, __half, float, float, (unsigned int)2, (unsigned int)1, (unsigned char)4, (unsigned char)4>(pusch_noise_intf_est::puschRxNoiseIntfEstDynDescr)"
3459323753,6624,63135,35,1,1,128,1,1,16,0.000,0.000,,,,,NVIDIA A100-SXM4-40GB MIG 4g.20gb (0),1,,13,cupy_copy__complex64_complex64
3459387849,4096,63144,1,1,1,1,1,1,18,0.000,0.000,,,,,NVIDIA A100-SXM4-40GB MIG 4g.20gb (0),1,,13,cupy_copy__float32_float32
3459398377,1663,63150,,,,,,,,,,0.000,2.405,Device,Pageable,NVIDIA A100-SXM4-40GB MIG 4g.20gb (0),1,,7,[CUDA memcpy Device-to-Host]
3459509575,21472,63161,1434,1,1,128,1,1,16,0.000,0.000,,,,,NVIDIA A100-SXM4-40GB MIG 4g.20gb (0),1,,13,cupy_copy__complex64_complex64
3459586854,4544,63168,103,1,1,128,1,1,16,0.000,0.000,,,,,NVIDIA A100-SXM4-40GB MIG 4g.20gb (0),1,,13,cupy_copy__complex64_complex64
3459647302,12928,63175,35,1,1,128,1,1,16,0.000,0.000,,,,,NVIDIA A100-SXM4-40GB MIG 4g.20gb (0),1,,13,cupy_copy__complex64_complex64
3459732165,3200,63182,1,1,1,1,1,1,18,0.000,0.000,,,,,NVIDIA A100-SXM4-40GB MIG 4g.20gb (0),1,,13,cupy_copy__float32_float32
3459806852,261341,63193,1,1,1,32,32,1,30,0.000,0.000,,,,,NVIDIA A100-SXM4-40GB MIG 4g.20gb (0),1,,13,"void convert_kernel<__half2, float2>(tensor_layout_any, T1 *, tensor_layout_any, const T2 *)"
3460098336,5376,63196,,,,,,,,,,0.094,17428.487,Pinned,Device,NVIDIA A100-SXM4-40GB MIG 4g.20gb (0),1,,13,[CUDA memcpy Host-to-Device]
3460187615,14816,63197,,,,,,,,,,1.547,104387.840,Device,,NVIDIA A100-SXM4-40GB MIG 4g.20gb (0),1,,13,[CUDA memset]
3460205247,3072,63202,,,,,,,,,,0.031,10187.474,Pinned,Device,NVIDIA A100-SXM4-40GB MIG 4g.20gb (0),1,,13,[CUDA memcpy Host-to-Device]
3460210815,9472,63203,,,,,,,,,,0.197,20756.693,Pinned,Device,NVIDIA A100-SXM4-40GB MIG 4g.20gb (0),1,,13,[CUDA memcpy Host-to-Device]
3460303966,24064,63204,273,1,1,8,4,1,39,0.002,0.000,,,,,NVIDIA A100-SXM4-40GB MIG 4g.20gb (0),1,,13,"void channel_eq::eqMmseCoefCompLowMimoKernel<float, float, float, (unsigned int)4, (unsigned int)1, (unsigned int)4>(const channel_eq::_puschRxChEqStatDescr *, channel_eq::_puschRxChEqCoefCompDynDescr)"
3460372925,26176,63205,273,1,1,12,11,1,51,0.002,0.000,,,,,NVIDIA A100-SXM4-40GB MIG 4g.20gb (0),1,,13,"void channel_eq::eqMmseSoftDemapKernel<float, __half, __half, float, (unsigned int)4, (unsigned short)16383>(channel_eq::_puschRxChEqStatDescr *, channel_eq::_puschRxChEqSoftDemapDynDescr)"
3460451932,571322,63206,1,1,1,32,32,1,30,0.000,0.000,,,,,NVIDIA A100-SXM4-40GB MIG 4g.20gb (0),1,,13,"void convert_kernel<float2, __half2>(tensor_layout_any, T1 *, tensor_layout_any, const T2 *)"
3461078485,20288,63218,2253,1,1,128,1,1,16,0.000,0.000,,,,,NVIDIA A100-SXM4-40GB MIG 4g.20gb (0),1,,13,cupy_copy__float16_float16
3461143540,10976,63227,282,1,1,128,1,1,16,0.000,0.000,,,,,NVIDIA A100-SXM4-40GB MIG 4g.20gb (0),1,,13,cupy_copy__complex64_complex64
3461213108,3328,63236,26,1,1,128,1,1,16,0.000,0.000,,,,,NVIDIA A100-SXM4-40GB MIG 4g.20gb (0),1,,13,cupy_copy__float32_float32
3461269907,15424,63245,103,1,1,128,1,1,16,0.000,0.000,,,,,NVIDIA A100-SXM4-40GB MIG 4g.20gb (0),1,,13,cupy_copy__complex64_complex64
3461369042,15296,63255,1434,1,1,128,1,1,16,0.000,0.000,,,,,NVIDIA A100-SXM4-40GB MIG 4g.20gb (0),1,,13,cupy_copy__complex64_complex64
3461437073,251869,63260,1,1,1,32,32,1,30,0.000,0.000,,,,,NVIDIA A100-SXM4-40GB MIG 4g.20gb (0),1,,13,"void convert_kernel<__half2, float2>(tensor_layout_any, T1 *, tensor_layout_any, const T2 *)"
3461719150,5376,63263,,,,,,,,,,0.094,17428.487,Pinned,Device,NVIDIA A100-SXM4-40GB MIG 4g.20gb (0),1,,13,[CUDA memcpy Host-to-Device]
3461801517,629817,63264,,,,,,,,,,456.561,724563.005,Device,,NVIDIA A100-SXM4-40GB MIG 4g.20gb (0),1,,13,[CUDA memset]
3462440550,50559,63269,,,,,,,,,,1.235,24424.722,Pinned,Device,NVIDIA A100-SXM4-40GB MIG 4g.20gb (0),1,,13,[CUDA memcpy Host-to-Device]
3462493573,9600,63270,,,,,,,,,,0.197,20479.869,Pinned,Device,NVIDIA A100-SXM4-40GB MIG 4g.20gb (0),1,,13,[CUDA memcpy Host-to-Device]
3462563652,22048,63271,69,4,1,48,1,1,76,0.002,0.000,,,,,NVIDIA A100-SXM4-40GB MIG 4g.20gb (0),1,,13,"void ch_est::windowedChEstPreNoDftSOfdmKernel<float, __half, float, (unsigned int)2, (unsigned int)1, (unsigned short)4>(ch_est::puschRxChEstStatDescr_t *, ch_est::puschRxChEstDynDescr_t *)"
3462645795,30816,63272,137,2,1,24,2,1,44,0.001,0.001,,,,,NVIDIA A100-SXM4-40GB MIG 4g.20gb (0),1,,13,"void ch_est::chEstFilterNoDftSOfdmDispatchKernel<float, __half, float, (unsigned int)2>(ch_est::puschRxChEstStatDescr_t *, ch_est::puschRxChEstDynDescr_t *)"
3462710466,23744,63273,137,2,1,24,2,1,44,0.001,0.001,,,,,NVIDIA A100-SXM4-40GB MIG 4g.20gb (0),1,,13,"void ch_est::chEstFilterNoDftSOfdmDispatchKernel<float, __half, float, (unsigned int)2>(ch_est::puschRxChEstStatDescr_t *, ch_est::puschRxChEstDynDescr_t *)"
3462776642,8000,63284,103,1,1,128,1,1,16,0.000,0.000,,,,,NVIDIA A100-SXM4-40GB MIG 4g.20gb (0),1,,13,cupy_copy__complex64_complex64
3462835361,19360,63294,1434,1,1,128,1,1,16,0.000,0.000,,,,,NVIDIA A100-SXM4-40GB MIG 4g.20gb (0),1,,13,cupy_copy__complex64_complex64
3462904096,8608,63301,103,1,1,128,1,1,16,0.000,0.000,,,,,NVIDIA A100-SXM4-40GB MIG 4g.20gb (0),1,,13,cupy_copy__complex64_complex64
3462973567,257533,63308,1,1,1,32,32,1,30,0.000,0.000,,,,,NVIDIA A100-SXM4-40GB MIG 4g.20gb (0),1,,13,"void convert_kernel<__half2, float2>(tensor_layout_any, T1 *, tensor_layout_any, const T2 *)"
3463262332,5376,63311,,,,,,,,,,0.094,17428.487,Pinned,Device,NVIDIA A100-SXM4-40GB MIG 4g.20gb (0),1,,13,[CUDA memcpy Host-to-Device]
3463341691,65311,63312,,,,,,,,,,35.810,548285.685,Device,,NVIDIA A100-SXM4-40GB MIG 4g.20gb (0),1,,13,[CUDA memset]
3463410906,1920,63314,,,,,,,,,,0.000,41.667,Pinned,Device,NVIDIA A100-SXM4-40GB MIG 4g.20gb (0),1,,13,[CUDA memcpy Host-to-Device]
3463416986,9856,63315,,,,,,,,,,0.197,19948.044,Pinned,Device,NVIDIA A100-SXM4-40GB MIG 4g.20gb (0),1,,13,[CUDA memcpy Host-to-Device]
3463537273,29440,63316,273,1,1,48,1,1,40,0.000,0.001,,,,,NVIDIA A100-SXM4-40GB MIG 4g.20gb (0),1,,13,"void pusch_noise_intf_est::noiseIntfEstNoDftSOfdmKernel<float, __half, float, float, (unsigned int)2, (unsigned int)1, (unsigned char)4, (unsigned char)4>(pusch_noise_intf_est::puschRxNoiseIntfEstDynDescr)"
3463615864,5344,63327,35,1,1,128,1,1,16,0.000,0.000,,,,,NVIDIA A100-SXM4-40GB MIG 4g.20gb (0),1,,13,cupy_copy__complex64_complex64
3463683767,7040,63336,1,1,1,1,1,1,18,0.000,0.000,,,,,NVIDIA A100-SXM4-40GB MIG 4g.20gb (0),1,,13,cupy_copy__float32_float32
3463696023,1664,63342,,,,,,,,,,0.000,2.404,Device,Pageable,NVIDIA A100-SXM4-40GB MIG 4g.20gb (0),1,,7,[CUDA memcpy Device-to-Host]
3463822486,19135,63353,1434,1,1,128,1,1,16,0.000,0.000,,,,,NVIDIA A100-SXM4-40GB MIG 4g.20gb (0),1,,13,cupy_copy__complex64_complex64
3463890677,8512,63360,103,1,1,128,1,1,16,0.000,0.000,,,,,NVIDIA A100-SXM4-40GB MIG 4g.20gb (0),1,,13,cupy_copy__complex64_complex64
3463949460,10112,63367,35,1,1,128,1,1,16,0.000,0.000,,,,,NVIDIA A100-SXM4-40GB MIG 4g.20gb (0),1,,13,cupy_copy__complex64_complex64
3464036275,5120,63374,1,1,1,1,1,1,18,0.000,0.000,,,,,NVIDIA A100-SXM4-40GB MIG 4g.20gb (0),1,,13,cupy_copy__float32_float32
3464113010,263453,63385,1,1,1,32,32,1,30,0.000,0.000,,,,,NVIDIA A100-SXM4-40GB MIG 4g.20gb (0),1,,13,"void convert_kernel<__half2, float2>(tensor_layout_any, T1 *, tensor_layout_any, const T2 *)"
3464406671,5376,63388,,,,,,,,,,0.094,17428.487,Pinned,Device,NVIDIA A100-SXM4-40GB MIG 4g.20gb (0),1,,13,[CUDA memcpy Host-to-Device]
3464507374,15360,63389,,,,,,,,,,1.547,100691.409,Device,,NVIDIA A100-SXM4-40GB MIG 4g.20gb (0),1,,13,[CUDA memset]
3464523406,3328,63394,,,,,,,,,,0.031,9403.822,Pinned,Device,NVIDIA A100-SXM4-40GB MIG 4g.20gb (0),1,,13,[CUDA memcpy Host-to-Device]
3464530638,11711,63395,,,,,,,,,,0.197,16788.161,Pinned,Device,NVIDIA A100-SXM4-40GB MIG 4g.20gb (0),1,,13,[CUDA memcpy Host-to-Device]
3464630988,23872,63396,273,1,1,8,4,1,39,0.002,0.000,,,,,NVIDIA A100-SXM4-40GB MIG 4g.20gb (0),1,,13,"void channel_eq::eqMmseCoefCompLowMimoKernel<float, float, float, (unsigned int)4, (unsigned int)1, (unsigned int)4>(const channel_eq::_puschRxChEqStatDescr *, channel_eq::_puschRxChEqCoefCompDynDescr)"
3464696844,23999,63397,273,1,1,12,11,1,51,0.002,0.000,,,,,NVIDIA A100-SXM4-40GB MIG 4g.20gb (0),1,,13,"void channel_eq::eqMmseSoftDemapKernel<float, __half, __half, float, (unsigned int)4, (unsigned short)16383>(channel_eq::_puschRxChEqStatDescr *, channel_eq::_puschRxChEqSoftDemapDynDescr)"
3464781131,591097,63398,1,1,1,32,32,1,30,0.000,0.000,,,,,NVIDIA A100-SXM4-40GB MIG 4g.20gb (0),1,,13,"void convert_kernel<float2, __half2>(tensor_layout_any, T1 *, tensor_layout_any, const T2 *)"
3465428547,21280,63410,2253,1,1,128,1,1,16,0.000,0.000,,,,,NVIDIA A100-SXM4-40GB MIG 4g.20gb (0),1,,13,cupy_copy__float16_float16
3465560066,13024,63419,282,1,1,128,1,1,16,0.000,0.000,,,,,NVIDIA A100-SXM4-40GB MIG 4g.20gb (0),1,,13,cupy_copy__complex64_complex64
3465627329,4416,63428,26,1,1,128,1,1,16,0.000,0.000,,,,,NVIDIA A100-SXM4-40GB MIG 4g.20gb (0),1,,13,cupy_copy__float32_float32
3465683392,14176,63437,103,1,1,128,1,1,16,0.000,0.000,,,,,NVIDIA A100-SXM4-40GB MIG 4g.20gb (0),1,,13,cupy_copy__complex64_complex64
3465779999,16928,63447,1434,1,1,128,1,1,16,0.000,0.000,,,,,NVIDIA A100-SXM4-40GB MIG 4g.20gb (0),1,,13,cupy_copy__complex64_complex64
3465853470,257437,63452,1,1,1,32,32,1,30,0.000,0.000,,,,,NVIDIA A100-SXM4-40GB MIG 4g.20gb (0),1,,13,"void convert_kernel<__half2, float2>(tensor_layout_any, T1 *, tensor_layout_any, const T2 *)"
3466142811,5408,63455,,,,,,,,,,0.094,17325.421,Pinned,Device,NVIDIA A100-SXM4-40GB MIG 4g.20gb (0),1,,13,[CUDA memcpy Host-to-Device]
3466211674,631225,63456,,,,,,,,,,456.561,723193.321,Device,,NVIDIA A100-SXM4-40GB MIG 4g.20gb (0),1,,13,[CUDA memset]
3466848563,51743,63461,,,,,,,,,,1.235,23866.528,Pinned,Device,NVIDIA A100-SXM4-40GB MIG 4g.20gb (0),1,,13,[CUDA memcpy Host-to-Device]
3466902706,9376,63462,,,,,,,,,,0.197,20969.226,Pinned,Device,NVIDIA A100-SXM4-40GB MIG 4g.20gb (0),1,,13,[CUDA memcpy Host-to-Device]
3466978993,29344,63463,69,4,1,48,1,1,76,0.002,0.000,,,,,NVIDIA A100-SXM4-40GB MIG 4g.20gb (0),1,,13,"void ch_est::windowedChEstPreNoDftSOfdmKernel<float, __half, float, (unsigned int)2, (unsigned int)1, (unsigned short)4>(ch_est::puschRxChEstStatDescr_t *, ch_est::puschRxChEstDynDescr_t *)"
3467062416,31200,63464,137,2,1,24,2,1,44,0.001,0.001,,,,,NVIDIA A100-SXM4-40GB MIG 4g.20gb (0),1,,13,"void ch_est::chEstFilterNoDftSOfdmDispatchKernel<float, __half, float, (unsigned int)2>(ch_est::puschRxChEstStatDescr_t *, ch_est::puschRxChEstDynDescr_t *)"
3467126832,23327,63465,137,2,1,24,2,1,44,0.001,0.001,,,,,NVIDIA A100-SXM4-40GB MIG 4g.20gb (0),1,,13,"void ch_est::chEstFilterNoDftSOfdmDispatchKernel<float, __half, float, (unsigned int)2>(ch_est::puschRxChEstStatDescr_t *, ch_est::puschRxChEstDynDescr_t *)"
3467200815,5184,63476,103,1,1,128,1,1,16,0.000,0.000,,,,,NVIDIA A100-SXM4-40GB MIG 4g.20gb (0),1,,13,cupy_copy__complex64_complex64
3467262318,19264,63486,1434,1,1,128,1,1,16,0.000,0.000,,,,,NVIDIA A100-SXM4-40GB MIG 4g.20gb (0),1,,13,cupy_copy__complex64_complex64
3467328621,5792,63493,103,1,1,128,1,1,16,0.000,0.000,,,,,NVIDIA A100-SXM4-40GB MIG 4g.20gb (0),1,,13,cupy_copy__complex64_complex64
3467398061,250589,63500,1,1,1,32,32,1,30,0.000,0.000,,,,,NVIDIA A100-SXM4-40GB MIG 4g.20gb (0),1,,13,"void convert_kernel<__half2, float2>(tensor_layout_any, T1 *, tensor_layout_any, const T2 *)"
3467678889,5376,63503,,,,,,,,,,0.094,17428.487,Pinned,Device,NVIDIA A100-SXM4-40GB MIG 4g.20gb (0),1,,13,[CUDA memcpy Host-to-Device]
3467733225,63903,63504,,,,,,,,,,35.810,560353.628,Device,,NVIDIA A100-SXM4-40GB MIG 4g.20gb (0),1,,13,[CUDA memset]
3467800168,3424,63506,,,,,,,,,,0.000,23.364,Pinned,Device,NVIDIA A100-SXM4-40GB MIG 4g.20gb (0),1,,13,[CUDA memcpy Host-to-Device]
3467806056,9344,63507,,,,,,,,,,0.197,21040.988,Pinned,Device,NVIDIA A100-SXM4-40GB MIG 4g.20gb (0),1,,13,[CUDA memcpy Host-to-Device]
3467920999,35071,63508,273,1,1,48,1,1,40,0.000,0.001,,,,,NVIDIA A100-SXM4-40GB MIG 4g.20gb (0),1,,13,"void pusch_noise_intf_est::noiseIntfEstNoDftSOfdmKernel<float, __half, float, float, (unsigned int)2, (unsigned int)1, (unsigned char)4, (unsigned char)4>(pusch_noise_intf_est::puschRxNoiseIntfEstDynDescr)"
3467989382,13312,63519,35,1,1,128,1,1,16,0.000,0.000,,,,,NVIDIA A100-SXM4-40GB MIG 4g.20gb (0),1,,13,cupy_copy__complex64_complex64
3468072101,3808,63528,1,1,1,1,1,1,18,0.000,0.000,,,,,NVIDIA A100-SXM4-40GB MIG 4g.20gb (0),1,,13,cupy_copy__float32_float32
3468077669,1632,63534,,,,,,,,,,0.000,2.451,Device,Pageable,NVIDIA A100-SXM4-40GB MIG 4g.20gb (0),1,,7,[CUDA memcpy Device-to-Host]
3468227843,16128,63545,1434,1,1,128,1,1,16,0.000,0.000,,,,,NVIDIA A100-SXM4-40GB MIG 4g.20gb (0),1,,13,cupy_copy__complex64_complex64
3468291586,12096,63552,103,1,1,128,1,1,16,0.000,0.000,,,,,NVIDIA A100-SXM4-40GB MIG 4g.20gb (0),1,,13,cupy_copy__complex64_complex64
3468354562,4864,63559,35,1,1,128,1,1,16,0.000,0.000,,,,,NVIDIA A100-SXM4-40GB MIG 4g.20gb (0),1,,13,cupy_copy__complex64_complex64
3468423329,5344,63566,1,1,1,1,1,1,18,0.000,0.000,,,,,NVIDIA A100-SXM4-40GB MIG 4g.20gb (0),1,,13,cupy_copy__float32_float32
3468499872,257053,63577,1,1,1,32,32,1,30,0.000,0.000,,,,,NVIDIA A100-SXM4-40GB MIG 4g.20gb (0),1,,13,"void convert_kernel<__half2, float2>(tensor_layout_any, T1 *, tensor_layout_any, const T2 *)"
3468786621,5376,63580,,,,,,,,,,0.094,17428.487,Pinned,Device,NVIDIA A100-SXM4-40GB MIG 4g.20gb (0),1,,13,[CUDA memcpy Host-to-Device]
3468828988,17888,63581,,,,,,,,,,1.547,86460.921,Device,,NVIDIA A100-SXM4-40GB MIG 4g.20gb (0),1,,13,[CUDA memset]
3468853852,3072,63586,,,,,,,,,,0.031,10187.474,Pinned,Device,NVIDIA A100-SXM4-40GB MIG 4g.20gb (0),1,,13,[CUDA memcpy Host-to-Device]
3468859420,9440,63587,,,,,,,,,,0.197,20827.079,Pinned,Device,NVIDIA A100-SXM4-40GB MIG 4g.20gb (0),1,,13,[CUDA memcpy Host-to-Device]
3468893819,36512,63588,273,1,1,8,4,1,39,0.002,0.000,,,,,NVIDIA A100-SXM4-40GB MIG 4g.20gb (0),1,,13,"void channel_eq::eqMmseCoefCompLowMimoKernel<float, float, float, (unsigned int)4, (unsigned int)1, (unsigned int)4>(const channel_eq::_puschRxChEqStatDescr *, channel_eq::_puschRxChEqCoefCompDynDescr)"
3468977338,27968,63589,273,1,1,12,11,1,51,0.002,0.000,,,,,NVIDIA A100-SXM4-40GB MIG 4g.20gb (0),1,,13,"void channel_eq::eqMmseSoftDemapKernel<float, __half, __half, float, (unsigned int)4, (unsigned short)16383>(channel_eq::_puschRxChEqStatDescr *, channel_eq::_puschRxChEqSoftDemapDynDescr)"
3469063833,585690,63590,1,1,1,32,32,1,30,0.000,0.000,,,,,NVIDIA A100-SXM4-40GB MIG 4g.20gb (0),1,,13,"void convert_kernel<float2, __half2>(tensor_layout_any, T1 *, tensor_layout_any, const T2 *)"
3469723570,23392,63602,2253,1,1,128,1,1,16,0.000,0.000,,,,,NVIDIA A100-SXM4-40GB MIG 4g.20gb (0),1,,13,cupy_copy__float16_float16
3469810737,16448,63611,282,1,1,128,1,1,16,0.000,0.000,,,,,NVIDIA A100-SXM4-40GB MIG 4g.20gb (0),1,,13,cupy_copy__complex64_complex64
3469866992,11968,63620,26,1,1,128,1,1,16,0.000,0.000,,,,,NVIDIA A100-SXM4-40GB MIG 4g.20gb (0),1,,13,cupy_copy__float32_float32
3469927375,7328,63629,103,1,1,128,1,1,16,0.000,0.000,,,,,NVIDIA A100-SXM4-40GB MIG 4g.20gb (0),1,,13,cupy_copy__complex64_complex64
3470000367,19679,63639,1434,1,1,128,1,1,16,0.000,0.000,,,,,NVIDIA A100-SXM4-40GB MIG 4g.20gb (0),1,,13,cupy_copy__complex64_complex64
3470076430,225405,63644,1,1,1,32,32,1,30,0.000,0.000,,,,,NVIDIA A100-SXM4-40GB MIG 4g.20gb (0),1,,13,"void convert_kernel<__half2, float2>(tensor_layout_any, T1 *, tensor_layout_any, const T2 *)"
3470330731,5408,63647,,,,,,,,,,0.094,17325.421,Pinned,Device,NVIDIA A100-SXM4-40GB MIG 4g.20gb (0),1,,13,[CUDA memcpy Host-to-Device]
3470395050,632761,63648,,,,,,,,,,456.561,721367.075,Device,,NVIDIA A100-SXM4-40GB MIG 4g.20gb (0),1,,13,[CUDA memset]
3471035811,52319,63653,,,,,,,,,,1.235,23603.485,Pinned,Device,NVIDIA A100-SXM4-40GB MIG 4g.20gb (0),1,,13,[CUDA memcpy Host-to-Device]
3471090594,9888,63654,,,,,,,,,,0.197,19883.360,Pinned,Device,NVIDIA A100-SXM4-40GB MIG 4g.20gb (0),1,,13,[CUDA memcpy Host-to-Device]
3471166081,22912,63655,69,4,1,48,1,1,76,0.002,0.000,,,,,NVIDIA A100-SXM4-40GB MIG 4g.20gb (0),1,,13,"void ch_est::windowedChEstPreNoDftSOfdmKernel<float, __half, float, (unsigned int)2, (unsigned int)1, (unsigned short)4>(ch_est::puschRxChEstStatDescr_t *, ch_est::puschRxChEstDynDescr_t *)"
3471248832,29984,63656,137,2,1,24,2,1,44,0.001,0.001,,,,,NVIDIA A100-SXM4-40GB MIG 4g.20gb (0),1,,13,"void ch_est::chEstFilterNoDftSOfdmDispatchKernel<float, __half, float, (unsigned int)2>(ch_est::puschRxChEstStatDescr_t *, ch_est::puschRxChEstDynDescr_t *)"
3471312608,24703,63657,137,2,1,24,2,1,44,0.001,0.001,,,,,NVIDIA A100-SXM4-40GB MIG 4g.20gb (0),1,,13,"void ch_est::chEstFilterNoDftSOfdmDispatchKernel<float, __half, float, (unsigned int)2>(ch_est::puschRxChEstStatDescr_t *, ch_est::puschRxChEstDynDescr_t *)"
3471385503,4160,63668,103,1,1,128,1,1,16,0.000,0.000,,,,,NVIDIA A100-SXM4-40GB MIG 4g.20gb (0),1,,13,cupy_copy__complex64_complex64
3471452542,19360,63678,1434,1,1,128,1,1,16,0.000,0.000,,,,,NVIDIA A100-SXM4-40GB MIG 4g.20gb (0),1,,13,cupy_copy__complex64_complex64
3471532989,10112,63685,103,1,1,128,1,1,16,0.000,0.000,,,,,NVIDIA A100-SXM4-40GB MIG 4g.20gb (0),1,,13,cupy_copy__complex64_complex64
3471601212,254781,63692,1,1,1,32,32,1,30,0.000,0.000,,,,,NVIDIA A100-SXM4-40GB MIG 4g.20gb (0),1,,13,"void convert_kernel<__half2, float2>(tensor_layout_any, T1 *, tensor_layout_any, const T2 *)"
3471885625,5568,63695,,,,,,,,,,0.094,16827.521,Pinned,Device,NVIDIA A100-SXM4-40GB MIG 4g.20gb (0),1,,13,[CUDA memcpy Host-to-Device]
3471983512,65855,63696,,,,,,,,,,35.810,543737.825,Device,,NVIDIA A100-SXM4-40GB MIG 4g.20gb (0),1,,13,[CUDA memset]
3472054551,3648,63698,,,,,,,,,,0.000,21.930,Pinned,Device,NVIDIA A100-SXM4-40GB MIG 4g.20gb (0),1,,13,[CUDA memcpy Host-to-Device]
3472060855,9888,63699,,,,,,,,,,0.197,19883.360,Pinned,Device,NVIDIA A100-SXM4-40GB MIG 4g.20gb (0),1,,13,[CUDA memcpy Host-to-Device]
3472188181,28224,63700,273,1,1,48,1,1,40,0.000,0.001,,,,,NVIDIA A100-SXM4-40GB MIG 4g.20gb (0),1,,13,"void pusch_noise_intf_est::noiseIntfEstNoDftSOfdmKernel<float, __half, float, float, (unsigned int)2, (unsigned int)1, (unsigned char)4, (unsigned char)4>(pusch_noise_intf_est::puschRxNoiseIntfEstDynDescr)"
3472253333,8512,63711,35,1,1,128,1,1,16,0.000,0.000,,,,,NVIDIA A100-SXM4-40GB MIG 4g.20gb (0),1,,13,cupy_copy__complex64_complex64
3472326580,4832,63720,1,1,1,1,1,1,18,0.000,0.000,,,,,NVIDIA A100-SXM4-40GB MIG 4g.20gb (0),1,,13,cupy_copy__float32_float32
3472338164,1664,63726,,,,,,,,,,0.000,2.404,Device,Pageable,NVIDIA A100-SXM4-40GB MIG 4g.20gb (0),1,,7,[CUDA memcpy Device-to-Host]
3472465522,21056,63737,1434,1,1,128,1,1,16,0.000,0.000,,,,,NVIDIA A100-SXM4-40GB MIG 4g.20gb (0),1,,13,cupy_copy__complex64_complex64
3472536849,10912,63744,103,1,1,128,1,1,16,0.000,0.000,,,,,NVIDIA A100-SXM4-40GB MIG 4g.20gb (0),1,,13,cupy_copy__complex64_complex64
3472595633,9248,63751,35,1,1,128,1,1,16,0.000,0.000,,,,,NVIDIA A100-SXM4-40GB MIG 4g.20gb (0),1,,13,cupy_copy__complex64_complex64
3472680944,4800,63758,1,1,1,1,1,1,18,0.000,0.000,,,,,NVIDIA A100-SXM4-40GB MIG 4g.20gb (0),1,,13,cupy_copy__float32_float32
3472752207,257149,63769,1,1,1,32,32,1,30,0.000,0.000,,,,,NVIDIA A100-SXM4-40GB MIG 4g.20gb (0),1,,13,"void convert_kernel<__half2, float2>(tensor_layout_any, T1 *, tensor_layout_any, const T2 *)"
3473038124,5824,63772,,,,,,,,,,0.094,16087.884,Pinned,Device,NVIDIA A100-SXM4-40GB MIG 4g.20gb (0),1,,13,[CUDA memcpy Host-to-Device]
3473128171,15904,63773,,,,,,,,,,1.547,97247.077,Device,,NVIDIA A100-SXM4-40GB MIG 4g.20gb (0),1,,13,[CUDA memset]
3473145002,3072,63778,,,,,,,,,,0.031,10187.474,Pinned,Device,NVIDIA A100-SXM4-40GB MIG 4g.20gb (0),1,,13,[CUDA memcpy Host-to-Device]
3473150634,9600,63779,,,,,,,,,,0.197,20479.869,Pinned,Device,NVIDIA A100-SXM4-40GB MIG 4g.20gb (0),1,,13,[CUDA memcpy Host-to-Device]
3473248361,28800,63780,273,1,1,8,4,1,39,0.002,0.000,,,,,NVIDIA A100-SXM4-40GB MIG 4g.20gb (0),1,,13,"void channel_eq::eqMmseCoefCompLowMimoKernel<float, float, float, (unsigned int)4, (unsigned int)1, (unsigned int)4>(const channel_eq::_puschRxChEqStatDescr *, channel_eq::_puschRxChEqCoefCompDynDescr)"
3473319432,23392,63781,273,1,1,12,11,1,51,0.002,0.000,,,,,NVIDIA A100-SXM4-40GB MIG 4g.20gb (0),1,,13,"void channel_eq::eqMmseSoftDemapKernel<float, __half, __half, float, (unsigned int)4, (unsigned short)16383>(channel_eq::_puschRxChEqStatDescr *, channel_eq::_puschRxChEqSoftDemapDynDescr)"
3473404584,436538,63782,1,1,1,32,32,1,30,0.000,0.000,,,,,NVIDIA A100-SXM4-40GB MIG 4g.20gb (0),1,,13,"void convert_kernel<float2, __half2>(tensor_layout_any, T1 *, tensor_layout_any, const T2 *)"
3473905378,20064,63794,2253,1,1,128,1,1,16,0.000,0.000,,,,,NVIDIA A100-SXM4-40GB MIG 4g.20gb (0),1,,13,cupy_copy__float16_float16
3473966817,13952,63803,282,1,1,128,1,1,16,0.000,0.000,,,,,NVIDIA A100-SXM4-40GB MIG 4g.20gb (0),1,,13,cupy_copy__complex64_complex64
3474027808,15840,63812,26,1,1,128,1,1,16,0.000,0.000,,,,,NVIDIA A100-SXM4-40GB MIG 4g.20gb (0),1,,13,cupy_copy__float32_float32
3474083968,15648,63821,103,1,1,128,1,1,16,0.000,0.000,,,,,NVIDIA A100-SXM4-40GB MIG 4g.20gb (0),1,,13,cupy_copy__complex64_complex64
3474184927,15103,63831,1434,1,1,128,1,1,16,0.000,0.000,,,,,NVIDIA A100-SXM4-40GB MIG 4g.20gb (0),1,,13,cupy_copy__complex64_complex64
3474252446,252157,63836,1,1,1,32,32,1,30,0.000,0.000,,,,,NVIDIA A100-SXM4-40GB MIG 4g.20gb (0),1,,13,"void convert_kernel<__half2, float2>(tensor_layout_any, T1 *, tensor_layout_any, const T2 *)"
3474534555,5375,63839,,,,,,,,,,0.094,17431.766,Pinned,Device,NVIDIA A100-SXM4-40GB MIG 4g.20gb (0),1,,13,[CUDA memcpy Host-to-Device]
3474630713,635609,63840,,,,,,,,,,456.561,718171.145,Device,,NVIDIA A100-SXM4-40GB MIG 4g.20gb (0),1,,13,[CUDA memset]
3475272210,52927,63845,,,,,,,,,,1.235,23331.797,Pinned,Device,NVIDIA A100-SXM4-40GB MIG 4g.20gb (0),1,,13,[CUDA memcpy Host-to-Device]
3475327601,9408,63846,,,,,,,,,,0.197,20897.858,Pinned,Device,NVIDIA A100-SXM4-40GB MIG 4g.20gb (0),1,,13,[CUDA memcpy Host-to-Device]
3475399985,25631,63847,69,4,1,48,1,1,76,0.002,0.000,,,,,NVIDIA A100-SXM4-40GB MIG 4g.20gb (0),1,,13,"void ch_est::windowedChEstPreNoDftSOfdmKernel<float, __half, float, (unsigned int)2, (unsigned int)1, (unsigned short)4>(ch_est::puschRxChEstStatDescr_t *, ch_est::puschRxChEstDynDescr_t *)"
3475489424,30911,63848,137,2,1,24,2,1,44,0.001,0.001,,,,,NVIDIA A100-SXM4-40GB MIG 4g.20gb (0),1,,13,"void ch_est::chEstFilterNoDftSOfdmDispatchKernel<float, __half, float, (unsigned int)2>(ch_est::puschRxChEstStatDescr_t *, ch_est::puschRxChEstDynDescr_t *)"
3475554383,24768,63849,137,2,1,24,2,1,44,0.001,0.001,,,,,NVIDIA A100-SXM4-40GB MIG 4g.20gb (0),1,,13,"void ch_est::chEstFilterNoDftSOfdmDispatchKernel<float, __half, float, (unsigned int)2>(ch_est::puschRxChEstStatDescr_t *, ch_est::puschRxChEstDynDescr_t *)"
3475621198,10368,63860,103,1,1,128,1,1,16,0.000,0.000,,,,,NVIDIA A100-SXM4-40GB MIG 4g.20gb (0),1,,13,cupy_copy__complex64_complex64
3475679725,18848,63870,1434,1,1,128,1,1,16,0.000,0.000,,,,,NVIDIA A100-SXM4-40GB MIG 4g.20gb (0),1,,13,cupy_copy__complex64_complex64
3475761484,8448,63877,103,1,1,128,1,1,16,0.000,0.000,,,,,NVIDIA A100-SXM4-40GB MIG 4g.20gb (0),1,,13,cupy_copy__complex64_complex64
3475828236,265277,63884,1,1,1,32,32,1,30,0.000,0.000,,,,,NVIDIA A100-SXM4-40GB MIG 4g.20gb (0),1,,13,"void convert_kernel<__half2, float2>(tensor_layout_any, T1 *, tensor_layout_any, const T2 *)"
3476124392,5376,63887,,,,,,,,,,0.094,17428.487,Pinned,Device,NVIDIA A100-SXM4-40GB MIG 4g.20gb (0),1,,13,[CUDA memcpy Host-to-Device]
3476181448,65663,63888,,,,,,,,,,35.810,545349.272,Device,,NVIDIA A100-SXM4-40GB MIG 4g.20gb (0),1,,13,[CUDA memset]
3476251559,1824,63890,,,,,,,,,,0.000,43.860,Pinned,Device,NVIDIA A100-SXM4-40GB MIG 4g.20gb (0),1,,13,[CUDA memcpy Host-to-Device]
3476257831,9792,63891,,,,,,,,,,0.197,20078.395,Pinned,Device,NVIDIA A100-SXM4-40GB MIG 4g.20gb (0),1,,13,[CUDA memcpy Host-to-Device]
3476385125,29952,63892,273,1,1,48,1,1,40,0.000,0.001,,,,,NVIDIA A100-SXM4-40GB MIG 4g.20gb (0),1,,13,"void pusch_noise_intf_est::noiseIntfEstNoDftSOfdmKernel<float, __half, float, float, (unsigned int)2, (unsigned int)1, (unsigned char)4, (unsigned char)4>(pusch_noise_intf_est::puschRxNoiseIntfEstDynDescr)"
3476454372,6464,63903,35,1,1,128,1,1,16,0.000,0.000,,,,,NVIDIA A100-SXM4-40GB MIG 4g.20gb (0),1,,13,cupy_copy__complex64_complex64
3476521828,4000,63912,1,1,1,1,1,1,18,0.000,0.000,,,,,NVIDIA A100-SXM4-40GB MIG 4g.20gb (0),1,,13,cupy_copy__float32_float32
3476533348,1600,63918,,,,,,,,,,0.000,2.500,Device,Pageable,NVIDIA A100-SXM4-40GB MIG 4g.20gb (0),1,,7,[CUDA memcpy Device-to-Host]
3476647746,20480,63929,1434,1,1,128,1,1,16,0.000,0.000,,,,,NVIDIA A100-SXM4-40GB MIG 4g.20gb (0),1,,13,cupy_copy__complex64_complex64
3476725153,9408,63936,103,1,1,128,1,1,16,0.000,0.000,,,,,NVIDIA A100-SXM4-40GB MIG 4g.20gb (0),1,,13,cupy_copy__complex64_complex64
3476785249,10528,63943,35,1,1,128,1,1,16,0.000,0.000,,,,,NVIDIA A100-SXM4-40GB MIG 4g.20gb (0),1,,13,cupy_copy__complex64_complex64
3476882048,3296,63950,1,1,1,1,1,1,18,0.000,0.000,,,,,NVIDIA A100-SXM4-40GB MIG 4g.20gb (0),1,,13,cupy_copy__float32_float32
3476953919,255549,63961,1,1,1,32,32,1,30,0.000,0.000,,,,,NVIDIA A100-SXM4-40GB MIG 4g.20gb (0),1,,13,"void convert_kernel<__half2, float2>(tensor_layout_any, T1 *, tensor_layout_any, const T2 *)"
3477238907,5376,63964,,,,,,,,,,0.094,17428.487,Pinned,Device,NVIDIA A100-SXM4-40GB MIG 4g.20gb (0),1,,13,[CUDA memcpy Host-to-Device]
3477342906,13184,63965,,,,,,,,,,1.547,117309.884,Device,,NVIDIA A100-SXM4-40GB MIG 4g.20gb (0),1,,13,[CUDA memset]
3477361146,3040,63970,,,,,,,,,,0.031,10294.725,Pinned,Device,NVIDIA A100-SXM4-40GB MIG 4g.20gb (0),1,,13,[CUDA memcpy Host-to-Device]
3477366682,9376,63971,,,,,,,,,,0.197,20969.226,Pinned,Device,NVIDIA A100-SXM4-40GB MIG 4g.20gb (0),1,,13,[CUDA memcpy Host-to-Device]
3477472153,32959,63972,273,1,1,8,4,1,39,0.002,0.000,,,,,NVIDIA A100-SXM4-40GB MIG 4g.20gb (0),1,,13,"void channel_eq::eqMmseCoefCompLowMimoKernel<float, float, float, (unsigned int)4, (unsigned int)1, (unsigned int)4>(const channel_eq::_puschRxChEqStatDescr *, channel_eq::_puschRxChEqCoefCompDynDescr)"
3477547000,26112,63973,273,1,1,12,11,1,51,0.002,0.000,,,,,NVIDIA A100-SXM4-40GB MIG 4g.20gb (0),1,,13,"void channel_eq::eqMmseSoftDemapKernel<float, __half, __half, float, (unsigned int)4, (unsigned short)16383>(channel_eq::_puschRxChEqStatDescr *, channel_eq::_puschRxChEqSoftDemapDynDescr)"
3477615095,578041,63974,1,1,1,32,32,1,30,0.000,0.000,,,,,NVIDIA A100-SXM4-40GB MIG 4g.20gb (0),1,,13,"void convert_kernel<float2, __half2>(tensor_layout_any, T1 *, tensor_layout_any, const T2 *)"
3478240112,21216,63986,2253,1,1,128,1,1,16,0.000,0.000,,,,,NVIDIA A100-SXM4-40GB MIG 4g.20gb (0),1,,13,cupy_copy__float16_float16
3478390446,15776,63995,282,1,1,128,1,1,16,0.000,0.000,,,,,NVIDIA A100-SXM4-40GB MIG 4g.20gb (0),1,,13,cupy_copy__complex64_complex64
3478456813,3584,64004,26,1,1,128,1,1,16,0.000,0.000,,,,,NVIDIA A100-SXM4-40GB MIG 4g.20gb (0),1,,13,cupy_copy__float32_float32
3478512621,16096,64013,103,1,1,128,1,1,16,0.000,0.000,,,,,NVIDIA A100-SXM4-40GB MIG 4g.20gb (0),1,,13,cupy_copy__complex64_complex64
3478610764,15167,64023,1434,1,1,128,1,1,16,0.000,0.000,,,,,NVIDIA A100-SXM4-40GB MIG 4g.20gb (0),1,,13,cupy_copy__complex64_complex64
3478677547,245757,64028,1,1,1,32,32,1,30,0.000,0.000,,,,,NVIDIA A100-SXM4-40GB MIG 4g.20gb (0),1,,13,"void convert_kernel<__half2, float2>(tensor_layout_any, T1 *, tensor_layout_any, const T2 *)"
3478956008,5632,64031,,,,,,,,,,0.094,16636.287,Pinned,Device,NVIDIA A100-SXM4-40GB MIG 4g.20gb (0),1,,13,[CUDA memcpy Host-to-Device]
3479004679,636825,64032,,,,,,,,,,456.561,716801.461,Device,,NVIDIA A100-SXM4-40GB MIG 4g.20gb (0),1,,13,[CUDA memset]
3479650752,51359,64037,,,,,,,,,,1.235,24044.360,Pinned,Device,NVIDIA A100-SXM4-40GB MIG 4g.20gb (0),1,,13,[CUDA memcpy Host-to-Device]
3479704543,9824,64038,,,,,,,,,,0.197,20012.925,Pinned,Device,NVIDIA A100-SXM4-40GB MIG 4g.20gb (0),1,,13,[CUDA memcpy Host-to-Device]
3479832382,23935,64039,69,4,1,48,1,1,76,0.002,0.000,,,,,NVIDIA A100-SXM4-40GB MIG 4g.20gb (0),1,,13,"void ch_est::windowedChEstPreNoDftSOfdmKernel<float, __half, float, (unsigned int)2, (unsigned int)1, (unsigned short)4>(ch_est::puschRxChEstStatDescr_t *, ch_est::puschRxChEstDynDescr_t *)"
3479909213,32319,64040,137,2,1,24,2,1,44,0.001,0.001,,,,,NVIDIA A100-SXM4-40GB MIG 4g.20gb (0),1,,13,"void ch_est::chEstFilterNoDftSOfdmDispatchKernel<float, __half, float, (unsigned int)2>(ch_est::puschRxChEstStatDescr_t *, ch_est::puschRxChEstDynDescr_t *)"
3479974204,27008,64041,137,2,1,24,2,1,44,0.001,0.001,,,,,NVIDIA A100-SXM4-40GB MIG 4g.20gb (0),1,,13,"void ch_est::chEstFilterNoDftSOfdmDispatchKernel<float, __half, float, (unsigned int)2>(ch_est::puschRxChEstStatDescr_t *, ch_est::puschRxChEstDynDescr_t *)"
3480053275,7360,64052,103,1,1,128,1,1,16,0.000,0.000,,,,,NVIDIA A100-SXM4-40GB MIG 4g.20gb (0),1,,13,cupy_copy__complex64_complex64
3480112218,18880,64062,1434,1,1,128,1,1,16,0.000,0.000,,,,,NVIDIA A100-SXM4-40GB MIG 4g.20gb (0),1,,13,cupy_copy__complex64_complex64
3480195801,5248,64069,103,1,1,128,1,1,16,0.000,0.000,,,,,NVIDIA A100-SXM4-40GB MIG 4g.20gb (0),1,,13,cupy_copy__complex64_complex64
3480267513,255229,64076,1,1,1,32,32,1,30,0.000,0.000,,,,,NVIDIA A100-SXM4-40GB MIG 4g.20gb (0),1,,13,"void convert_kernel<__half2, float2>(tensor_layout_any, T1 *, tensor_layout_any, const T2 *)"
3480553941,5376,64079,,,,,,,,,,0.094,17428.487,Pinned,Device,NVIDIA A100-SXM4-40GB MIG 4g.20gb (0),1,,13,[CUDA memcpy Host-to-Device]
3480638260,64352,64080,,,,,,,,,,35.810,556450.347,Device,,NVIDIA A100-SXM4-40GB MIG 4g.20gb (0),1,,13,[CUDA memset]
3480704756,1856,64082,,,,,,,,,,0.000,43.103,Pinned,Device,NVIDIA A100-SXM4-40GB MIG 4g.20gb (0),1,,13,[CUDA memcpy Host-to-Device]
3480709140,9311,64083,,,,,,,,,,0.197,21115.503,Pinned,Device,NVIDIA A100-SXM4-40GB MIG 4g.20gb (0),1,,13,[CUDA memcpy Host-to-Device]
3480841458,29984,64084,273,1,1,48,1,1,40,0.000,0.001,,,,,NVIDIA A100-SXM4-40GB MIG 4g.20gb (0),1,,13,"void pusch_noise_intf_est::noiseIntfEstNoDftSOfdmKernel<float, __half, float, float, (unsigned int)2, (unsigned int)1, (unsigned char)4, (unsigned char)4>(pusch_noise_intf_est::puschRxNoiseIntfEstDynDescr)"
3480915985,7648,64095,35,1,1,128,1,1,16,0.000,0.000,,,,,NVIDIA A100-SXM4-40GB MIG 4g.20gb (0),1,,13,cupy_copy__complex64_complex64
3480981616,3296,64104,1,1,1,1,1,1,18,0.000,0.000,,,,,NVIDIA A100-SXM4-40GB MIG 4g.20gb (0),1,,13,cupy_copy__float32_float32
3480991184,2048,64110,,,,,,,,,,0.000,1.953,Device,Pageable,NVIDIA A100-SXM4-40GB MIG 4g.20gb (0),1,,7,[CUDA memcpy Device-to-Host]
3481127823,19104,64121,1434,1,1,128,1,1,16,0.000,0.000,,,,,NVIDIA A100-SXM4-40GB MIG 4g.20gb (0),1,,13,cupy_copy__complex64_complex64
3481192494,9280,64128,103,1,1,128,1,1,16,0.000,0.000,,,,,NVIDIA A100-SXM4-40GB MIG 4g.20gb (0),1,,13,cupy_copy__complex64_complex64
3481251117,11072,64135,35,1,1,128,1,1,16,0.000,0.000,,,,,NVIDIA A100-SXM4-40GB MIG 4g.20gb (0),1,,13,cupy_copy__complex64_complex64
3481336780,3040,64142,1,1,1,1,1,1,18,0.000,0.000,,,,,NVIDIA A100-SXM4-40GB MIG 4g.20gb (0),1,,13,cupy_copy__float32_float32
3481406252,261405,64153,1,1,1,32,32,1,30,0.000,0.000,,,,,NVIDIA A100-SXM4-40GB MIG 4g.20gb (0),1,,13,"void convert_kernel<__half2, float2>(tensor_layout_any, T1 *, tensor_layout_any, const T2 *)"
3481696840,5376,64156,,,,,,,,,,0.094,17428.487,Pinned,Device,NVIDIA A100-SXM4-40GB MIG 4g.20gb (0),1,,13,[CUDA memcpy Host-to-Device]
3481768455,14880,64157,,,,,,,,,,1.547,103939.319,Device,,NVIDIA A100-SXM4-40GB MIG 4g.20gb (0),1,,13,[CUDA memset]
3481785799,3008,64162,,,,,,,,,,0.031,10404.230,Pinned,Device,NVIDIA A100-SXM4-40GB MIG 4g.20gb (0),1,,13,[CUDA memcpy Host-to-Device]
3481791335,9408,64163,,,,,,,,,,0.197,20897.858,Pinned,Device,NVIDIA A100-SXM4-40GB MIG 4g.20gb (0),1,,13,[CUDA memcpy Host-to-Device]
3481892934,26336,64164,273,1,1,8,4,1,39,0.002,0.000,,,,,NVIDIA A100-SXM4-40GB MIG 4g.20gb (0),1,,13,"void channel_eq::eqMmseCoefCompLowMimoKernel<float, float, float, (unsigned int)4, (unsigned int)1, (unsigned int)4>(const channel_eq::_puschRxChEqStatDescr *, channel_eq::_puschRxChEqCoefCompDynDescr)"
3481959173,23904,64165,273,1,1,12,11,1,51,0.002,0.000,,,,,NVIDIA A100-SXM4-40GB MIG 4g.20gb (0),1,,13,"void channel_eq::eqMmseSoftDemapKernel<float, __half, __half, float, (unsigned int)4, (unsigned short)16383>(channel_eq::_puschRxChEqStatDescr *, channel_eq::_puschRxChEqSoftDemapDynDescr)"
3482030468,567098,64166,1,1,1,32,32,1,30,0.000,0.000,,,,,NVIDIA A100-SXM4-40GB MIG 4g.20gb (0),1,,13,"void convert_kernel<float2, __half2>(tensor_layout_any, T1 *, tensor_layout_any, const T2 *)"
3482640797,20032,64178,2253,1,1,128,1,1,16,0.000,0.000,,,,,NVIDIA A100-SXM4-40GB MIG 4g.20gb (0),1,,13,cupy_copy__float16_float16
3482702845,13343,64187,282,1,1,128,1,1,16,0.000,0.000,,,,,NVIDIA A100-SXM4-40GB MIG 4g.20gb (0),1,,13,cupy_copy__complex64_complex64
3482763132,11680,64196,26,1,1,128,1,1,16,0.000,0.000,,,,,NVIDIA A100-SXM4-40GB MIG 4g.20gb (0),1,,13,cupy_copy__float32_float32
3482823803,14336,64205,103,1,1,128,1,1,16,0.000,0.000,,,,,NVIDIA A100-SXM4-40GB MIG 4g.20gb (0),1,,13,cupy_copy__complex64_complex64
3482918202,15680,64215,1434,1,1,128,1,1,16,0.000,0.000,,,,,NVIDIA A100-SXM4-40GB MIG 4g.20gb (0),1,,13,cupy_copy__complex64_complex64
3482989849,249821,64220,1,1,1,32,32,1,30,0.000,0.000,,,,,NVIDIA A100-SXM4-40GB MIG 4g.20gb (0),1,,13,"void convert_kernel<__half2, float2>(tensor_layout_any, T1 *, tensor_layout_any, const T2 *)"
3483269110,5952,64223,,,,,,,,,,0.094,15741.865,Pinned,Device,NVIDIA A100-SXM4-40GB MIG 4g.20gb (0),1,,13,[CUDA memcpy Host-to-Device]
3483352629,639321,64224,,,,,,,,,,456.561,714062.092,Device,,NVIDIA A100-SXM4-40GB MIG 4g.20gb (0),1,,13,[CUDA memset]
3483998286,52575,64229,,,,,,,,,,1.235,23488.635,Pinned,Device,NVIDIA A100-SXM4-40GB MIG 4g.20gb (0),1,,13,[CUDA memcpy Host-to-Device]
3484053325,10240,64230,,,,,,,,,,0.197,19199.951,Pinned,Device,NVIDIA A100-SXM4-40GB MIG 4g.20gb (0),1,,13,[CUDA memcpy Host-to-Device]
3484129068,25504,64231,69,4,1,48,1,1,76,0.002,0.000,,,,,NVIDIA A100-SXM4-40GB MIG 4g.20gb (0),1,,13,"void ch_est::windowedChEstPreNoDftSOfdmKernel<float, __half, float, (unsigned int)2, (unsigned int)1, (unsigned short)4>(ch_est::puschRxChEstStatDescr_t *, ch_est::puschRxChEstDynDescr_t *)"
3484203275,32000,64232,137,2,1,24,2,1,44,0.001,0.001,,,,,NVIDIA A100-SXM4-40GB MIG 4g.20gb (0),1,,13,"void ch_est::chEstFilterNoDftSOfdmDispatchKernel<float, __half, float, (unsigned int)2>(ch_est::puschRxChEstStatDescr_t *, ch_est::puschRxChEstDynDescr_t *)"
3484267467,22591,64233,137,2,1,24,2,1,44,0.001,0.001,,,,,NVIDIA A100-SXM4-40GB MIG 4g.20gb (0),1,,13,"void ch_est::chEstFilterNoDftSOfdmDispatchKernel<float, __half, float, (unsigned int)2>(ch_est::puschRxChEstStatDescr_t *, ch_est::puschRxChEstDynDescr_t *)"
3484339242,3808,64244,103,1,1,128,1,1,16,0.000,0.000,,,,,NVIDIA A100-SXM4-40GB MIG 4g.20gb (0),1,,13,cupy_copy__complex64_complex64
3484398985,20768,64254,1434,1,1,128,1,1,16,0.000,0.000,,,,,NVIDIA A100-SXM4-40GB MIG 4g.20gb (0),1,,13,cupy_copy__complex64_complex64
3484467240,9216,64261,103,1,1,128,1,1,16,0.000,0.000,,,,,NVIDIA A100-SXM4-40GB MIG 4g.20gb (0),1,,13,cupy_copy__complex64_complex64
3484541607,256990,64268,1,1,1,32,32,1,30,0.000,0.000,,,,,NVIDIA A100-SXM4-40GB MIG 4g.20gb (0),1,,13,"void convert_kernel<__half2, float2>(tensor_layout_any, T1 *, tensor_layout_any, const T2 *)"
3484829860,5376,64271,,,,,,,,,,0.094,17428.487,Pinned,Device,NVIDIA A100-SXM4-40GB MIG 4g.20gb (0),1,,13,[CUDA memcpy Host-to-Device]
3484913507,63903,64272,,,,,,,,,,35.810,560353.628,Device,,NVIDIA A100-SXM4-40GB MIG 4g.20gb (0),1,,13,[CUDA memset]
3484983266,4640,64274,,,,,,,,,,0.000,17.241,Pinned,Device,NVIDIA A100-SXM4-40GB MIG 4g.20gb (0),1,,13,[CUDA memcpy Host-to-Device]
3484990306,9888,64275,,,,,,,,,,0.197,19883.360,Pinned,Device,NVIDIA A100-SXM4-40GB MIG 4g.20gb (0),1,,13,[CUDA memcpy Host-to-Device]
3485108705,29216,64276,273,1,1,48,1,1,40,0.000,0.001,,,,,NVIDIA A100-SXM4-40GB MIG 4g.20gb (0),1,,13,"void pusch_noise_intf_est::noiseIntfEstNoDftSOfdmKernel<float, __half, float, float, (unsigned int)2, (unsigned int)1, (unsigned char)4, (unsigned char)4>(pusch_noise_intf_est::puschRxNoiseIntfEstDynDescr)"
3485177600,5120,64287,35,1,1,128,1,1,16,0.000,0.000,,,,,NVIDIA A100-SXM4-40GB MIG 4g.20gb (0),1,,13,cupy_copy__complex64_complex64
3485244735,5280,64296,1,1,1,1,1,1,18,0.000,0.000,,,,,NVIDIA A100-SXM4-40GB MIG 4g.20gb (0),1,,13,cupy_copy__float32_float32
3485251743,1600,64302,,,,,,,,,,0.000,2.500,Device,Pageable,NVIDIA A100-SXM4-40GB MIG 4g.20gb (0),1,,7,[CUDA memcpy Device-to-Host]
3485392414,19679,64313,1434,1,1,128,1,1,16,0.000,0.000,,,,,NVIDIA A100-SXM4-40GB MIG 4g.20gb (0),1,,13,cupy_copy__complex64_complex64
3485457053,13280,64320,103,1,1,128,1,1,16,0.000,0.000,,,,,NVIDIA A100-SXM4-40GB MIG 4g.20gb (0),1,,13,cupy_copy__complex64_complex64
3485516764,9216,64327,35,1,1,128,1,1,16,0.000,0.000,,,,,NVIDIA A100-SXM4-40GB MIG 4g.20gb (0),1,,13,cupy_copy__complex64_complex64
3485600795,3040,64334,1,1,1,1,1,1,18,0.000,0.000,,,,,NVIDIA A100-SXM4-40GB MIG 4g.20gb (0),1,,13,cupy_copy__float32_float32
3485668795,262621,64345,1,1,1,32,32,1,30,0.000,0.000,,,,,NVIDIA A100-SXM4-40GB MIG 4g.20gb (0),1,,13,"void convert_kernel<__half2, float2>(tensor_layout_any, T1 *, tensor_layout_any, const T2 *)"
3485961367,5376,64348,,,,,,,,,,0.094,17428.487,Pinned,Device,NVIDIA A100-SXM4-40GB MIG 4g.20gb (0),1,,13,[CUDA memcpy Host-to-Device]
3486035030,18048,64349,,,,,,,,,,1.547,85693.796,Device,,NVIDIA A100-SXM4-40GB MIG 4g.20gb (0),1,,13,[CUDA memset]
3486055670,3072,64354,,,,,,,,,,0.031,10187.474,Pinned,Device,NVIDIA A100-SXM4-40GB MIG 4g.20gb (0),1,,13,[CUDA memcpy Host-to-Device]
3486063766,10592,64355,,,,,,,,,,0.197,18561.761,Pinned,Device,NVIDIA A100-SXM4-40GB MIG 4g.20gb (0),1,,13,[CUDA memcpy Host-to-Device]
3486152853,32768,64356,273,1,1,8,4,1,39,0.002,0.000,,,,,NVIDIA A100-SXM4-40GB MIG 4g.20gb (0),1,,13,"void channel_eq::eqMmseCoefCompLowMimoKernel<float, float, float, (unsigned int)4, (unsigned int)1, (unsigned int)4>(const channel_eq::_puschRxChEqStatDescr *, channel_eq::_puschRxChEqCoefCompDynDescr)"
3486229620,25280,64357,273,1,1,12,11,1,51,0.002,0.000,,,,,NVIDIA A100-SXM4-40GB MIG 4g.20gb (0),1,,13,"void channel_eq::eqMmseSoftDemapKernel<float, __half, __half, float, (unsigned int)4, (unsigned short)16383>(channel_eq::_puschRxChEqStatDescr *, channel_eq::_puschRxChEqSoftDemapDynDescr)"
3486305331,433659,64358,1,1,1,32,32,1,30,0.000,0.000,,,,,NVIDIA A100-SXM4-40GB MIG 4g.20gb (0),1,,13,"void convert_kernel<float2, __half2>(tensor_layout_any, T1 *, tensor_layout_any, const T2 *)"
3486796078,18751,64370,2253,1,1,128,1,1,16,0.000,0.000,,,,,NVIDIA A100-SXM4-40GB MIG 4g.20gb (0),1,,13,cupy_copy__float16_float16
3486862093,14592,64379,282,1,1,128,1,1,16,0.000,0.000,,,,,NVIDIA A100-SXM4-40GB MIG 4g.20gb (0),1,,13,cupy_copy__complex64_complex64
3486936652,3936,64388,26,1,1,128,1,1,16,0.000,0.000,,,,,NVIDIA A100-SXM4-40GB MIG 4g.20gb (0),1,,13,cupy_copy__float32_float32
3486994411,15648,64397,103,1,1,128,1,1,16,0.000,0.000,,,,,NVIDIA A100-SXM4-40GB MIG 4g.20gb (0),1,,13,cupy_copy__complex64_complex64
3487092714,18112,64407,1434,1,1,128,1,1,16,0.000,0.000,,,,,NVIDIA A100-SXM4-40GB MIG 4g.20gb (0),1,,13,cupy_copy__complex64_complex64
3487160841,246558,64412,1,1,1,32,32,1,30,0.000,0.000,,,,,NVIDIA A100-SXM4-40GB MIG 4g.20gb (0),1,,13,"void convert_kernel<__half2, float2>(tensor_layout_any, T1 *, tensor_layout_any, const T2 *)"
3487437542,5376,64415,,,,,,,,,,0.094,17428.487,Pinned,Device,NVIDIA A100-SXM4-40GB MIG 4g.20gb (0),1,,13,[CUDA memcpy Host-to-Device]
3487530181,641337,64416,,,,,,,,,,456.561,711779.285,Device,,NVIDIA A100-SXM4-40GB MIG 4g.20gb (0),1,,13,[CUDA memset]
3488180510,51231,64421,,,,,,,,,,1.235,24104.872,Pinned,Device,NVIDIA A100-SXM4-40GB MIG 4g.20gb (0),1,,13,[CUDA memcpy Host-to-Device]
3488234205,9952,64422,,,,,,,,,,0.197,19755.565,Pinned,Device,NVIDIA A100-SXM4-40GB MIG 4g.20gb (0),1,,13,[CUDA memcpy Host-to-Device]
3488304508,25120,64423,69,4,1,48,1,1,76,0.002,0.000,,,,,NVIDIA A100-SXM4-40GB MIG 4g.20gb (0),1,,13,"void ch_est::windowedChEstPreNoDftSOfdmKernel<float, __half, float, (unsigned int)2, (unsigned int)1, (unsigned short)4>(ch_est::puschRxChEstStatDescr_t *, ch_est::puschRxChEstDynDescr_t *)"
3488394491,32768,64424,137,2,1,24,2,1,44,0.001,0.001,,,,,NVIDIA A100-SXM4-40GB MIG 4g.20gb (0),1,,13,"void ch_est::chEstFilterNoDftSOfdmDispatchKernel<float, __half, float, (unsigned int)2>(ch_est::puschRxChEstStatDescr_t *, ch_est::puschRxChEstDynDescr_t *)"
3488459354,24640,64425,137,2,1,24,2,1,44,0.001,0.001,,,,,NVIDIA A100-SXM4-40GB MIG 4g.20gb (0),1,,13,"void ch_est::chEstFilterNoDftSOfdmDispatchKernel<float, __half, float, (unsigned int)2>(ch_est::puschRxChEstStatDescr_t *, ch_est::puschRxChEstDynDescr_t *)"
3488525754,9376,64436,103,1,1,128,1,1,16,0.000,0.000,,,,,NVIDIA A100-SXM4-40GB MIG 4g.20gb (0),1,,13,cupy_copy__complex64_complex64
3488582873,20736,64446,1434,1,1,128,1,1,16,0.000,0.000,,,,,NVIDIA A100-SXM4-40GB MIG 4g.20gb (0),1,,13,cupy_copy__complex64_complex64
3488661528,8800,64453,103,1,1,128,1,1,16,0.000,0.000,,,,,NVIDIA A100-SXM4-40GB MIG 4g.20gb (0),1,,13,cupy_copy__complex64_complex64
3488729175,254269,64460,1,1,1,32,32,1,30,0.000,0.000,,,,,NVIDIA A100-SXM4-40GB MIG 4g.20gb (0),1,,13,"void convert_kernel<__half2, float2>(tensor_layout_any, T1 *, tensor_layout_any, const T2 *)"
3489013236,5440,64463,,,,,,,,,,0.094,17223.480,Pinned,Device,NVIDIA A100-SXM4-40GB MIG 4g.20gb (0),1,,13,[CUDA memcpy Host-to-Device]
3489111987,63871,64464,,,,,,,,,,35.810,560640.108,Device,,NVIDIA A100-SXM4-40GB MIG 4g.20gb (0),1,,13,[CUDA memset]
3489179890,1984,64466,,,,,,,,,,0.000,40.323,Pinned,Device,NVIDIA A100-SXM4-40GB MIG 4g.20gb (0),1,,13,[CUDA memcpy Host-to-Device]
3489184306,12800,64467,,,,,,,,,,0.197,15360.000,Pinned,Device,NVIDIA A100-SXM4-40GB MIG 4g.20gb (0),1,,13,[CUDA memcpy Host-to-Device]
3489298545,29375,64468,273,1,1,48,1,1,40,0.000,0.001,,,,,NVIDIA A100-SXM4-40GB MIG 4g.20gb (0),1,,13,"void pusch_noise_intf_est::noiseIntfEstNoDftSOfdmKernel<float, __half, float, float, (unsigned int)2, (unsigned int)1, (unsigned char)4, (unsigned char)4>(pusch_noise_intf_est::puschRxNoiseIntfEstDynDescr)"
3489372944,5632,64479,35,1,1,128,1,1,16,0.000,0.000,,,,,NVIDIA A100-SXM4-40GB MIG 4g.20gb (0),1,,13,cupy_copy__complex64_complex64
3489440463,5888,64488,1,1,1,1,1,1,18,0.000,0.000,,,,,NVIDIA A100-SXM4-40GB MIG 4g.20gb (0),1,,13,cupy_copy__float32_float32
3489450351,2368,64494,,,,,,,,,,0.000,1.689,Device,Pageable,NVIDIA A100-SXM4-40GB MIG 4g.20gb (0),1,,7,[CUDA memcpy Device-to-Host]
3489578190,20063,64505,1434,1,1,128,1,1,16,0.000,0.000,,,,,NVIDIA A100-SXM4-40GB MIG 4g.20gb (0),1,,13,cupy_copy__complex64_complex64
3489655085,4096,64512,103,1,1,128,1,1,16,0.000,0.000,,,,,NVIDIA A100-SXM4-40GB MIG 4g.20gb (0),1,,13,cupy_copy__complex64_complex64
3489724108,9824,64519,35,1,1,128,1,1,16,0.000,0.000,,,,,NVIDIA A100-SXM4-40GB MIG 4g.20gb (0),1,,13,cupy_copy__complex64_complex64
3489811467,3520,64526,1,1,1,1,1,1,18,0.000,0.000,,,,,NVIDIA A100-SXM4-40GB MIG 4g.20gb (0),1,,13,cupy_copy__float32_float32
3489893514,247165,64537,1,1,1,32,32,1,30,0.000,0.000,,,,,NVIDIA A100-SXM4-40GB MIG 4g.20gb (0),1,,13,"void convert_kernel<__half2, float2>(tensor_layout_any, T1 *, tensor_layout_any, const T2 *)"
3490170919,5568,64540,,,,,,,,,,0.094,16827.521,Pinned,Device,NVIDIA A100-SXM4-40GB MIG 4g.20gb (0),1,,13,[CUDA memcpy Host-to-Device]
3490300229,12768,64541,,,,,,,,,,1.547,121131.592,Device,,NVIDIA A100-SXM4-40GB MIG 4g.20gb (0),1,,13,[CUDA memset]
3490320741,3200,64546,,,,,,,,,,0.031,9780.000,Pinned,Device,NVIDIA A100-SXM4-40GB MIG 4g.20gb (0),1,,13,[CUDA memcpy Host-to-Device]
3490327269,9824,64547,,,,,,,,,,0.197,20012.925,Pinned,Device,NVIDIA A100-SXM4-40GB MIG 4g.20gb (0),1,,13,[CUDA memcpy Host-to-Device]
3490423268,26048,64548,273,1,1,8,4,1,39,0.002,0.000,,,,,NVIDIA A100-SXM4-40GB MIG 4g.20gb (0),1,,13,"void channel_eq::eqMmseCoefCompLowMimoKernel<float, float, float, (unsigned int)4, (unsigned int)1, (unsigned int)4>(const channel_eq::_puschRxChEqStatDescr *, channel_eq::_puschRxChEqCoefCompDynDescr)"
3490490019,23840,64549,273,1,1,12,11,1,51,0.002,0.000,,,,,NVIDIA A100-SXM4-40GB MIG 4g.20gb (0),1,,13,"void channel_eq::eqMmseSoftDemapKernel<float, __half, __half, float, (unsigned int)4, (unsigned short)16383>(channel_eq::_puschRxChEqStatDescr *, channel_eq::_puschRxChEqSoftDemapDynDescr)"
3490569826,446907,64550,1,1,1,32,32,1,30,0.000,0.000,,,,,NVIDIA A100-SXM4-40GB MIG 4g.20gb (0),1,,13,"void convert_kernel<float2, __half2>(tensor_layout_any, T1 *, tensor_layout_any, const T2 *)"
3491064605,22303,64562,2253,1,1,128,1,1,16,0.000,0.000,,,,,NVIDIA A100-SXM4-40GB MIG 4g.20gb (0),1,,13,cupy_copy__float16_float16
3491134172,12480,64571,282,1,1,128,1,1,16,0.000,0.000,,,,,NVIDIA A100-SXM4-40GB MIG 4g.20gb (0),1,,13,cupy_copy__complex64_complex64
3491209371,4160,64580,26,1,1,128,1,1,16,0.000,0.000,,,,,NVIDIA A100-SXM4-40GB MIG 4g.20gb (0),1,,13,cupy_copy__float32_float32
3491269946,15744,64589,103,1,1,128,1,1,16,0.000,0.000,,,,,NVIDIA A100-SXM4-40GB MIG 4g.20gb (0),1,,13,cupy_copy__complex64_complex64
3491368953,15840,64599,1434,1,1,128,1,1,16,0.000,0.000,,,,,NVIDIA A100-SXM4-40GB MIG 4g.20gb (0),1,,13,cupy_copy__complex64_complex64
3491434776,241245,64604,1,1,1,32,32,1,30,0.000,0.000,,,,,NVIDIA A100-SXM4-40GB MIG 4g.20gb (0),1,,13,"void convert_kernel<__half2, float2>(tensor_layout_any, T1 *, tensor_layout_any, const T2 *)"
3491706261,5472,64607,,,,,,,,,,0.094,17122.757,Pinned,Device,NVIDIA A100-SXM4-40GB MIG 4g.20gb (0),1,,13,[CUDA memcpy Host-to-Device]
3491760021,636824,64608,,,,,,,,,,456.561,716801.461,Device,,NVIDIA A100-SXM4-40GB MIG 4g.20gb (0),1,,13,[CUDA memset]
3492404397,50784,64613,,,,,,,,,,1.235,24317.282,Pinned,Device,NVIDIA A100-SXM4-40GB MIG 4g.20gb (0),1,,13,[CUDA memcpy Host-to-Device]
3492457677,10111,64614,,,,,,,,,,0.197,19444.924,Pinned,Device,NVIDIA A100-SXM4-40GB MIG 4g.20gb (0),1,,13,[CUDA memcpy Host-to-Device]
3492587371,21024,64615,69,4,1,48,1,1,76,0.002,0.000,,,,,NVIDIA A100-SXM4-40GB MIG 4g.20gb (0),1,,13,"void ch_est::windowedChEstPreNoDftSOfdmKernel<float, __half, float, (unsigned int)2, (unsigned int)1, (unsigned short)4>(ch_est::puschRxChEstStatDescr_t *, ch_est::puschRxChEstDynDescr_t *)"
3492660426,31296,64616,137,2,1,24,2,1,44,0.001,0.001,,,,,NVIDIA A100-SXM4-40GB MIG 4g.20gb (0),1,,13,"void ch_est::chEstFilterNoDftSOfdmDispatchKernel<float, __half, float, (unsigned int)2>(ch_est::puschRxChEstStatDescr_t *, ch_est::puschRxChEstDynDescr_t *)"
3492724745,24928,64617,137,2,1,24,2,1,44,0.001,0.001,,,,,NVIDIA A100-SXM4-40GB MIG 4g.20gb (0),1,,13,"void ch_est::chEstFilterNoDftSOfdmDispatchKernel<float, __half, float, (unsigned int)2>(ch_est::puschRxChEstStatDescr_t *, ch_est::puschRxChEstDynDescr_t *)"
3492790921,8896,64628,103,1,1,128,1,1,16,0.000,0.000,,,,,NVIDIA A100-SXM4-40GB MIG 4g.20gb (0),1,,13,cupy_copy__complex64_complex64
3492853416,19808,64638,1434,1,1,128,1,1,16,0.000,0.000,,,,,NVIDIA A100-SXM4-40GB MIG 4g.20gb (0),1,,13,cupy_copy__complex64_complex64
3492930503,5024,64645,103,1,1,128,1,1,16,0.000,0.000,,,,,NVIDIA A100-SXM4-40GB MIG 4g.20gb (0),1,,13,cupy_copy__complex64_complex64
3493000230,252829,64652,1,1,1,32,32,1,30,0.000,0.000,,,,,NVIDIA A100-SXM4-40GB MIG 4g.20gb (0),1,,13,"void convert_kernel<__half2, float2>(tensor_layout_any, T1 *, tensor_layout_any, const T2 *)"
3493282435,5408,64655,,,,,,,,,,0.094,17325.421,Pinned,Device,NVIDIA A100-SXM4-40GB MIG 4g.20gb (0),1,,13,[CUDA memcpy Host-to-Device]
3493378850,66527,64656,,,,,,,,,,35.810,538258.908,Device,,NVIDIA A100-SXM4-40GB MIG 4g.20gb (0),1,,13,[CUDA memset]
3493447105,3936,64658,,,,,,,,,,0.000,20.325,Pinned,Device,NVIDIA A100-SXM4-40GB MIG 4g.20gb (0),1,,13,[CUDA memcpy Host-to-Device]
3493456417,9344,64659,,,,,,,,,,0.197,21040.988,Pinned,Device,NVIDIA A100-SXM4-40GB MIG 4g.20gb (0),1,,13,[CUDA memcpy Host-to-Device]
3493579584,31551,64660,273,1,1,48,1,1,40,0.000,0.001,,,,,NVIDIA A100-SXM4-40GB MIG 4g.20gb (0),1,,13,"void pusch_noise_intf_est::noiseIntfEstNoDftSOfdmKernel<float, __half, float, float, (unsigned int)2, (unsigned int)1, (unsigned char)4, (unsigned char)4>(pusch_noise_intf_est::puschRxNoiseIntfEstDynDescr)"
3493652639,9504,64671,35,1,1,128,1,1,16,0.000,0.000,,,,,NVIDIA A100-SXM4-40GB MIG 4g.20gb (0),1,,13,cupy_copy__complex64_complex64
3493724094,4896,64680,1,1,1,1,1,1,18,0.000,0.000,,,,,NVIDIA A100-SXM4-40GB MIG 4g.20gb (0),1,,13,cupy_copy__float32_float32
3493733694,1632,64686,,,,,,,,,,0.000,2.451,Device,Pageable,NVIDIA A100-SXM4-40GB MIG 4g.20gb (0),1,,7,[CUDA memcpy Device-to-Host]
3493859388,18720,64697,1434,1,1,128,1,1,16,0.000,0.000,,,,,NVIDIA A100-SXM4-40GB MIG 4g.20gb (0),1,,13,cupy_copy__complex64_complex64
3493929660,5664,64704,103,1,1,128,1,1,16,0.000,0.000,,,,,NVIDIA A100-SXM4-40GB MIG 4g.20gb (0),1,,13,cupy_copy__complex64_complex64
3493990331,12320,64711,35,1,1,128,1,1,16,0.000,0.000,,,,,NVIDIA A100-SXM4-40GB MIG 4g.20gb (0),1,,13,cupy_copy__complex64_complex64
3494077690,3680,64718,1,1,1,1,1,1,18,0.000,0.000,,,,,NVIDIA A100-SXM4-40GB MIG 4g.20gb (0),1,,13,cupy_copy__float32_float32
3494152153,253821,64729,1,1,1,32,32,1,30,0.000,0.000,,,,,NVIDIA A100-SXM4-40GB MIG 4g.20gb (0),1,,13,"void convert_kernel<__half2, float2>(tensor_layout_any, T1 *, tensor_layout_any, const T2 *)"
3494435702,5376,64732,,,,,,,,,,0.094,17428.487,Pinned,Device,NVIDIA A100-SXM4-40GB MIG 4g.20gb (0),1,,13,[CUDA memcpy Host-to-Device]
3494544181,15263,64733,,,,,,,,,,1.547,101330.165,Device,,NVIDIA A100-SXM4-40GB MIG 4g.20gb (0),1,,13,[CUDA memset]
3494560692,3072,64738,,,,,,,,,,0.031,10187.474,Pinned,Device,NVIDIA A100-SXM4-40GB MIG 4g.20gb (0),1,,13,[CUDA memcpy Host-to-Device]
3494566516,9728,64739,,,,,,,,,,0.197,20210.516,Pinned,Device,NVIDIA A100-SXM4-40GB MIG 4g.20gb (0),1,,13,[CUDA memcpy Host-to-Device]
3494660339,34656,64740,273,1,1,8,4,1,39,0.002,0.000,,,,,NVIDIA A100-SXM4-40GB MIG 4g.20gb (0),1,,13,"void channel_eq::eqMmseCoefCompLowMimoKernel<float, float, float, (unsigned int)4, (unsigned int)1, (unsigned int)4>(const channel_eq::_puschRxChEqStatDescr *, channel_eq::_puschRxChEqCoefCompDynDescr)"
3494744882,25856,64741,273,1,1,12,11,1,51,0.002,0.000,,,,,NVIDIA A100-SXM4-40GB MIG 4g.20gb (0),1,,13,"void channel_eq::eqMmseSoftDemapKernel<float, __half, __half, float, (unsigned int)4, (unsigned short)16383>(channel_eq::_puschRxChEqStatDescr *, channel_eq::_puschRxChEqSoftDemapDynDescr)"
3494815729,588538,64742,1,1,1,32,32,1,30,0.000,0.000,,,,,NVIDIA A100-SXM4-40GB MIG 4g.20gb (0),1,,13,"void convert_kernel<float2, __half2>(tensor_layout_any, T1 *, tensor_layout_any, const T2 *)"
3495473610,21696,64754,2253,1,1,128,1,1,16,0.000,0.000,,,,,NVIDIA A100-SXM4-40GB MIG 4g.20gb (0),1,,13,cupy_copy__float16_float16
3495602088,15456,64763,282,1,1,128,1,1,16,0.000,0.000,,,,,NVIDIA A100-SXM4-40GB MIG 4g.20gb (0),1,,13,cupy_copy__complex64_complex64
3495663080,3968,64772,26,1,1,128,1,1,16,0.000,0.000,,,,,NVIDIA A100-SXM4-40GB MIG 4g.20gb (0),1,,13,cupy_copy__float32_float32
3495722151,16320,64781,103,1,1,128,1,1,16,0.000,0.000,,,,,NVIDIA A100-SXM4-40GB MIG 4g.20gb (0),1,,13,cupy_copy__complex64_complex64
3495818502,16544,64791,1434,1,1,128,1,1,16,0.000,0.000,,,,,NVIDIA A100-SXM4-40GB MIG 4g.20gb (0),1,,13,cupy_copy__complex64_complex64
3495886085,248061,64796,1,1,1,32,32,1,30,0.000,0.000,,,,,NVIDIA A100-SXM4-40GB MIG 4g.20gb (0),1,,13,"void convert_kernel<__half2, float2>(tensor_layout_any, T1 *, tensor_layout_any, const T2 *)"
3496163138,5376,64799,,,,,,,,,,0.094,17428.487,Pinned,Device,NVIDIA A100-SXM4-40GB MIG 4g.20gb (0),1,,13,[CUDA memcpy Host-to-Device]
3496233185,637305,64800,,,,,,,,,,456.561,716344.899,Device,,NVIDIA A100-SXM4-40GB MIG 4g.20gb (0),1,,13,[CUDA memset]
3496874906,54175,64805,,,,,,,,,,1.235,22794.596,Pinned,Device,NVIDIA A100-SXM4-40GB MIG 4g.20gb (0),1,,13,[CUDA memcpy Host-to-Device]
3496931513,9632,64806,,,,,,,,,,0.197,20411.843,Pinned,Device,NVIDIA A100-SXM4-40GB MIG 4g.20gb (0),1,,13,[CUDA memcpy Host-to-Device]
3497005880,26560,64807,69,4,1,48,1,1,76,0.002,0.000,,,,,NVIDIA A100-SXM4-40GB MIG 4g.20gb (0),1,,13,"void ch_est::windowedChEstPreNoDftSOfdmKernel<float, __half, float, (unsigned int)2, (unsigned int)1, (unsigned short)4>(ch_est::puschRxChEstStatDescr_t *, ch_est::puschRxChEstDynDescr_t *)"
3497076311,29376,64808,137,2,1,24,2,1,44,0.001,0.001,,,,,NVIDIA A100-SXM4-40GB MIG 4g.20gb (0),1,,13,"void ch_est::chEstFilterNoDftSOfdmDispatchKernel<float, __half, float, (unsigned int)2>(ch_est::puschRxChEstStatDescr_t *, ch_est::puschRxChEstDynDescr_t *)"
3497141463,23711,64809,137,2,1,24,2,1,44,0.001,0.001,,,,,NVIDIA A100-SXM4-40GB MIG 4g.20gb (0),1,,13,"void ch_est::chEstFilterNoDftSOfdmDispatchKernel<float, __half, float, (unsigned int)2>(ch_est::puschRxChEstStatDescr_t *, ch_est::puschRxChEstDynDescr_t *)"
3497212374,5184,64820,103,1,1,128,1,1,16,0.000,0.000,,,,,NVIDIA A100-SXM4-40GB MIG 4g.20gb (0),1,,13,cupy_copy__complex64_complex64
3497272981,19264,64830,1434,1,1,128,1,1,16,0.000,0.000,,,,,NVIDIA A100-SXM4-40GB MIG 4g.20gb (0),1,,13,cupy_copy__complex64_complex64
3497338644,5248,64837,103,1,1,128,1,1,16,0.000,0.000,,,,,NVIDIA A100-SXM4-40GB MIG 4g.20gb (0),1,,13,cupy_copy__complex64_complex64
3497415188,249149,64844,1,1,1,32,32,1,30,0.000,0.000,,,,,NVIDIA A100-SXM4-40GB MIG 4g.20gb (0),1,,13,"void convert_kernel<__half2, float2>(tensor_layout_any, T1 *, tensor_layout_any, const T2 *)"
3497693968,5376,64847,,,,,,,,,,0.094,17428.487,Pinned,Device,NVIDIA A100-SXM4-40GB MIG 4g.20gb (0),1,,13,[CUDA memcpy Host-to-Device]
3497744048,63007,64848,,,,,,,,,,35.810,568339.240,Device,,NVIDIA A100-SXM4-40GB MIG 4g.20gb (0),1,,13,[CUDA memset]
3497811407,4128,64850,,,,,,,,,,0.000,19.380,Pinned,Device,NVIDIA A100-SXM4-40GB MIG 4g.20gb (0),1,,13,[CUDA memcpy Host-to-Device]
3497818287,9344,64851,,,,,,,,,,0.197,21040.988,Pinned,Device,NVIDIA A100-SXM4-40GB MIG 4g.20gb (0),1,,13,[CUDA memcpy Host-to-Device]
3497918766,33759,64852,273,1,1,48,1,1,40,0.000,0.001,,,,,NVIDIA A100-SXM4-40GB MIG 4g.20gb (0),1,,13,"void pusch_noise_intf_est::noiseIntfEstNoDftSOfdmKernel<float, __half, float, float, (unsigned int)2, (unsigned int)1, (unsigned char)4, (unsigned char)4>(pusch_noise_intf_est::puschRxNoiseIntfEstDynDescr)"
3497984909,13536,64863,35,1,1,128,1,1,16,0.000,0.000,,,,,NVIDIA A100-SXM4-40GB MIG 4g.20gb (0),1,,13,cupy_copy__complex64_complex64
3498071436,3072,64872,1,1,1,1,1,1,18,0.000,0.000,,,,,NVIDIA A100-SXM4-40GB MIG 4g.20gb (0),1,,13,cupy_copy__float32_float32
3498081132,1632,64878,,,,,,,,,,0.000,2.451,Device,Pageable,NVIDIA A100-SXM4-40GB MIG 4g.20gb (0),1,,7,[CUDA memcpy Device-to-Host]
3498223082,17216,64889,1434,1,1,128,1,1,16,0.000,0.000,,,,,NVIDIA A100-SXM4-40GB MIG 4g.20gb (0),1,,13,cupy_copy__complex64_complex64
3498285034,9343,64896,103,1,1,128,1,1,16,0.000,0.000,,,,,NVIDIA A100-SXM4-40GB MIG 4g.20gb (0),1,,13,cupy_copy__complex64_complex64
3498355657,5152,64903,35,1,1,128,1,1,16,0.000,0.000,,,,,NVIDIA A100-SXM4-40GB MIG 4g.20gb (0),1,,13,cupy_copy__complex64_complex64
3498433704,3424,64910,1,1,1,1,1,1,18,0.000,0.000,,,,,NVIDIA A100-SXM4-40GB MIG 4g.20gb (0),1,,13,cupy_copy__float32_float32
3498513991,251421,64921,1,1,1,32,32,1,30,0.000,0.000,,,,,NVIDIA A100-SXM4-40GB MIG 4g.20gb (0),1,,13,"void convert_kernel<__half2, float2>(tensor_layout_any, T1 *, tensor_layout_any, const T2 *)"
3498796676,5376,64924,,,,,,,,,,0.094,17428.487,Pinned,Device,NVIDIA A100-SXM4-40GB MIG 4g.20gb (0),1,,13,[CUDA memcpy Host-to-Device]
3498857827,18880,64925,,,,,,,,,,1.547,81918.487,Device,,NVIDIA A100-SXM4-40GB MIG 4g.20gb (0),1,,13,[CUDA memset]
3498884355,3008,64930,,,,,,,,,,0.031,10404.230,Pinned,Device,NVIDIA A100-SXM4-40GB MIG 4g.20gb (0),1,,13,[CUDA memcpy Host-to-Device]
3498889827,9503,64931,,,,,,,,,,0.197,20688.863,Pinned,Device,NVIDIA A100-SXM4-40GB MIG 4g.20gb (0),1,,13,[CUDA memcpy Host-to-Device]
3498919554,33216,64932,273,1,1,8,4,1,39,0.002,0.000,,,,,NVIDIA A100-SXM4-40GB MIG 4g.20gb (0),1,,13,"void channel_eq::eqMmseCoefCompLowMimoKernel<float, float, float, (unsigned int)4, (unsigned int)1, (unsigned int)4>(const channel_eq::_puschRxChEqStatDescr *, channel_eq::_puschRxChEqCoefCompDynDescr)"
3499002849,26880,64933,273,1,1,12,11,1,51,0.002,0.000,,,,,NVIDIA A100-SXM4-40GB MIG 4g.20gb (0),1,,13,"void channel_eq::eqMmseSoftDemapKernel<float, __half, __half, float, (unsigned int)4, (unsigned short)16383>(channel_eq::_puschRxChEqStatDescr *, channel_eq::_puschRxChEqSoftDemapDynDescr)"
3499086400,573754,64934,1,1,1,32,32,1,30,0.000,0.000,,,,,NVIDIA A100-SXM4-40GB MIG 4g.20gb (0),1,,13,"void convert_kernel<float2, __half2>(tensor_layout_any, T1 *, tensor_layout_any, const T2 *)"
3499704761,20416,64946,2253,1,1,128,1,1,16,0.000,0.000,,,,,NVIDIA A100-SXM4-40GB MIG 4g.20gb (0),1,,13,cupy_copy__float16_float16
3499770456,15168,64955,282,1,1,128,1,1,16,0.000,0.000,,,,,NVIDIA A100-SXM4-40GB MIG 4g.20gb (0),1,,13,cupy_copy__complex64_complex64
3499850232,4351,64964,26,1,1,128,1,1,16,0.000,0.000,,,,,NVIDIA A100-SXM4-40GB MIG 4g.20gb (0),1,,13,cupy_copy__float32_float32
3499913847,12704,64973,103,1,1,128,1,1,16,0.000,0.000,,,,,NVIDIA A100-SXM4-40GB MIG 4g.20gb (0),1,,13,cupy_copy__complex64_complex64
3500008598,15040,64983,1434,1,1,128,1,1,16,0.000,0.000,,,,,NVIDIA A100-SXM4-40GB MIG 4g.20gb (0),1,,13,cupy_copy__complex64_complex64
3500079061,247965,64988,1,1,1,32,32,1,30,0.000,0.000,,,,,NVIDIA A100-SXM4-40GB MIG 4g.20gb (0),1,,13,"void convert_kernel<__half2, float2>(tensor_layout_any, T1 *, tensor_layout_any, const T2 *)"
3500356690,5408,64991,,,,,,,,,,0.094,17325.421,Pinned,Device,NVIDIA A100-SXM4-40GB MIG 4g.20gb (0),1,,13,[CUDA memcpy Host-to-Device]
3500438609,635192,64992,,,,,,,,,,456.561,718627.707,Device,,NVIDIA A100-SXM4-40GB MIG 4g.20gb (0),1,,13,[CUDA memset]
3501079561,53056,64997,,,,,,,,,,1.235,23276.225,Pinned,Device,NVIDIA A100-SXM4-40GB MIG 4g.20gb (0),1,,13,[CUDA memcpy Host-to-Device]
3501135017,9440,64998,,,,,,,,,,0.197,20827.079,Pinned,Device,NVIDIA A100-SXM4-40GB MIG 4g.20gb (0),1,,13,[CUDA memcpy Host-to-Device]
3501214248,23008,64999,69,4,1,48,1,1,76,0.002,0.000,,,,,NVIDIA A100-SXM4-40GB MIG 4g.20gb (0),1,,13,"void ch_est::windowedChEstPreNoDftSOfdmKernel<float, __half, float, (unsigned int)2, (unsigned int)1, (unsigned short)4>(ch_est::puschRxChEstStatDescr_t *, ch_est::puschRxChEstDynDescr_t *)"
3501290791,28896,65000,137,2,1,24,2,1,44,0.001,0.001,,,,,NVIDIA A100-SXM4-40GB MIG 4g.20gb (0),1,,13,"void ch_est::chEstFilterNoDftSOfdmDispatchKernel<float, __half, float, (unsigned int)2>(ch_est::puschRxChEstStatDescr_t *, ch_est::puschRxChEstDynDescr_t *)"
3501356294,23552,65001,137,2,1,24,2,1,44,0.001,0.001,,,,,NVIDIA A100-SXM4-40GB MIG 4g.20gb (0),1,,13,"void ch_est::chEstFilterNoDftSOfdmDispatchKernel<float, __half, float, (unsigned int)2>(ch_est::puschRxChEstStatDescr_t *, ch_est::puschRxChEstDynDescr_t *)"
3501425797,3744,65012,103,1,1,128,1,1,16,0.000,0.000,,,,,NVIDIA A100-SXM4-40GB MIG 4g.20gb (0),1,,13,cupy_copy__complex64_complex64
3501487589,20895,65022,1434,1,1,128,1,1,16,0.000,0.000,,,,,NVIDIA A100-SXM4-40GB MIG 4g.20gb (0),1,,13,cupy_copy__complex64_complex64
3501568676,6624,65029,103,1,1,128,1,1,16,0.000,0.000,,,,,NVIDIA A100-SXM4-40GB MIG 4g.20gb (0),1,,13,cupy_copy__complex64_complex64
3501641187,259837,65036,1,1,1,32,32,1,30,0.000,0.000,,,,,NVIDIA A100-SXM4-40GB MIG 4g.20gb (0),1,,13,"void convert_kernel<__half2, float2>(tensor_layout_any, T1 *, tensor_layout_any, const T2 *)"
3501930848,5696,65039,,,,,,,,,,0.094,16449.363,Pinned,Device,NVIDIA A100-SXM4-40GB MIG 4g.20gb (0),1,,13,[CUDA memcpy Host-to-Device]
3502007423,64351,65040,,,,,,,,,,35.810,556450.347,Device,,NVIDIA A100-SXM4-40GB MIG 4g.20gb (0),1,,13,[CUDA memset]
3502080254,1792,65042,,,,,,,,,,0.000,44.643,Pinned,Device,NVIDIA A100-SXM4-40GB MIG 4g.20gb (0),1,,13,[CUDA memcpy Host-to-Device]
3502084478,9408,65043,,,,,,,,,,0.197,20897.858,Pinned,Device,NVIDIA A100-SXM4-40GB MIG 4g.20gb (0),1,,13,[CUDA memcpy Host-to-Device]
3502188541,27391,65044,273,1,1,48,1,1,40,0.000,0.001,,,,,NVIDIA A100-SXM4-40GB MIG 4g.20gb (0),1,,13,"void pusch_noise_intf_est::noiseIntfEstNoDftSOfdmKernel<float, __half, float, float, (unsigned int)2, (unsigned int)1, (unsigned char)4, (unsigned char)4>(pusch_noise_intf_est::puschRxNoiseIntfEstDynDescr)"
3502255068,6752,65055,35,1,1,128,1,1,16,0.000,0.000,,,,,NVIDIA A100-SXM4-40GB MIG 4g.20gb (0),1,,13,cupy_copy__complex64_complex64
3502313915,5792,65064,1,1,1,1,1,1,18,0.000,0.000,,,,,NVIDIA A100-SXM4-40GB MIG 4g.20gb (0),1,,13,cupy_copy__float32_float32
3502325979,1632,65070,,,,,,,,,,0.000,2.451,Device,Pageable,NVIDIA A100-SXM4-40GB MIG 4g.20gb (0),1,,7,[CUDA memcpy Device-to-Host]
3502435578,20256,65081,1434,1,1,128,1,1,16,0.000,0.000,,,,,NVIDIA A100-SXM4-40GB MIG 4g.20gb (0),1,,13,cupy_copy__complex64_complex64
3502505593,8000,65088,103,1,1,128,1,1,16,0.000,0.000,,,,,NVIDIA A100-SXM4-40GB MIG 4g.20gb (0),1,,13,cupy_copy__complex64_complex64
3502564888,12288,65095,35,1,1,128,1,1,16,0.000,0.000,,,,,NVIDIA A100-SXM4-40GB MIG 4g.20gb (0),1,,13,cupy_copy__complex64_complex64
3502653879,3168,65102,1,1,1,1,1,1,18,0.000,0.000,,,,,NVIDIA A100-SXM4-40GB MIG 4g.20gb (0),1,,13,cupy_copy__float32_float32
3502722487,258333,65113,1,1,1,32,32,1,30,0.000,0.000,,,,,NVIDIA A100-SXM4-40GB MIG 4g.20gb (0),1,,13,"void convert_kernel<__half2, float2>(tensor_layout_any, T1 *, tensor_layout_any, const T2 *)"
3503011891,6016,65116,,,,,,,,,,0.094,15574.430,Pinned,Device,NVIDIA A100-SXM4-40GB MIG 4g.20gb (0),1,,13,[CUDA memcpy Host-to-Device]
3503104754,10528,65117,,,,,,,,,,1.547,146904.534,Device,,NVIDIA A100-SXM4-40GB MIG 4g.20gb (0),1,,13,[CUDA memset]
3503119570,3040,65122,,,,,,,,,,0.031,10294.725,Pinned,Device,NVIDIA A100-SXM4-40GB MIG 4g.20gb (0),1,,13,[CUDA memcpy Host-to-Device]
3503125074,9920,65123,,,,,,,,,,0.197,19819.266,Pinned,Device,NVIDIA A100-SXM4-40GB MIG 4g.20gb (0),1,,13,[CUDA memcpy Host-to-Device]
3503159953,32512,65124,273,1,1,8,4,1,39,0.002,0.000,,,,,NVIDIA A100-SXM4-40GB MIG 4g.20gb (0),1,,13,"void channel_eq::eqMmseCoefCompLowMimoKernel<float, float, float, (unsigned int)4, (unsigned int)1, (unsigned int)4>(const channel_eq::_puschRxChEqStatDescr *, channel_eq::_puschRxChEqCoefCompDynDescr)"
3503238769,22527,65125,273,1,1,12,11,1,51,0.002,0.000,,,,,NVIDIA A100-SXM4-40GB MIG 4g.20gb (0),1,,13,"void channel_eq::eqMmseSoftDemapKernel<float, __half, __half, float, (unsigned int)4, (unsigned short)16383>(channel_eq::_puschRxChEqStatDescr *, channel_eq::_puschRxChEqSoftDemapDynDescr)"
3503305872,559001,65126,1,1,1,32,32,1,30,0.000,0.000,,,,,NVIDIA A100-SXM4-40GB MIG 4g.20gb (0),1,,13,"void convert_kernel<float2, __half2>(tensor_layout_any, T1 *, tensor_layout_any, const T2 *)"
3503903337,20768,65138,2253,1,1,128,1,1,16,0.000,0.000,,,,,NVIDIA A100-SXM4-40GB MIG 4g.20gb (0),1,,13,cupy_copy__float16_float16
3503973832,7136,65147,282,1,1,128,1,1,16,0.000,0.000,,,,,NVIDIA A100-SXM4-40GB MIG 4g.20gb (0),1,,13,cupy_copy__complex64_complex64
3504036551,12736,65156,26,1,1,128,1,1,16,0.000,0.000,,,,,NVIDIA A100-SXM4-40GB MIG 4g.20gb (0),1,,13,cupy_copy__float32_float32
3504095399,18048,65165,103,1,1,128,1,1,16,0.000,0.000,,,,,NVIDIA A100-SXM4-40GB MIG 4g.20gb (0),1,,13,cupy_copy__complex64_complex64
3504176358,18944,65175,1434,1,1,128,1,1,16,0.000,0.000,,,,,NVIDIA A100-SXM4-40GB MIG 4g.20gb (0),1,,13,cupy_copy__complex64_complex64
3504242725,226877,65180,1,1,1,32,32,1,30,0.000,0.000,,,,,NVIDIA A100-SXM4-40GB MIG 4g.20gb (0),1,,13,"void convert_kernel<__half2, float2>(tensor_layout_any, T1 *, tensor_layout_any, const T2 *)"
3504500098,5408,65183,,,,,,,,,,0.094,17325.421,Pinned,Device,NVIDIA A100-SXM4-40GB MIG 4g.20gb (0),1,,13,[CUDA memcpy Host-to-Device]
3504553409,636441,65184,,,,,,,,,,456.561,717258.022,Device,,NVIDIA A100-SXM4-40GB MIG 4g.20gb (0),1,,13,[CUDA memset]
3505197242,50527,65189,,,,,,,,,,1.235,24440.777,Pinned,Device,NVIDIA A100-SXM4-40GB MIG 4g.20gb (0),1,,13,[CUDA memcpy Host-to-Device]
3505250233,9440,65190,,,,,,,,,,0.197,20827.079,Pinned,Device,NVIDIA A100-SXM4-40GB MIG 4g.20gb (0),1,,13,[CUDA memcpy Host-to-Device]
3505322393,22783,65191,69,4,1,48,1,1,76,0.002,0.000,,,,,NVIDIA A100-SXM4-40GB MIG 4g.20gb (0),1,,13,"void ch_est::windowedChEstPreNoDftSOfdmKernel<float, __half, float, (unsigned int)2, (unsigned int)1, (unsigned short)4>(ch_est::puschRxChEstStatDescr_t *, ch_est::puschRxChEstDynDescr_t *)"
3505413496,32223,65192,137,2,1,24,2,1,44,0.001,0.001,,,,,NVIDIA A100-SXM4-40GB MIG 4g.20gb (0),1,,13,"void ch_est::chEstFilterNoDftSOfdmDispatchKernel<float, __half, float, (unsigned int)2>(ch_est::puschRxChEstStatDescr_t *, ch_est::puschRxChEstDynDescr_t *)"
3505483543,24703,65193,137,2,1,24,2,1,44,0.001,0.001,,,,,NVIDIA A100-SXM4-40GB MIG 4g.20gb (0),1,,13,"void ch_est::chEstFilterNoDftSOfdmDispatchKernel<float, __half, float, (unsigned int)2>(ch_est::puschRxChEstStatDescr_t *, ch_est::puschRxChEstDynDescr_t *)"
3505548694,11104,65204,103,1,1,128,1,1,16,0.000,0.000,,,,,NVIDIA A100-SXM4-40GB MIG 4g.20gb (0),1,,13,cupy_copy__complex64_complex64
3505610101,21120,65214,1434,1,1,128,1,1,16,0.000,0.000,,,,,NVIDIA A100-SXM4-40GB MIG 4g.20gb (0),1,,13,cupy_copy__complex64_complex64
3505677173,6495,65221,103,1,1,128,1,1,16,0.000,0.000,,,,,NVIDIA A100-SXM4-40GB MIG 4g.20gb (0),1,,13,cupy_copy__complex64_complex64
3505749332,251389,65228,1,1,1,32,32,1,30,0.000,0.000,,,,,NVIDIA A100-SXM4-40GB MIG 4g.20gb (0),1,,13,"void convert_kernel<__half2, float2>(tensor_layout_any, T1 *, tensor_layout_any, const T2 *)"
3506030192,5568,65231,,,,,,,,,,0.094,16827.521,Pinned,Device,NVIDIA A100-SXM4-40GB MIG 4g.20gb (0),1,,13,[CUDA memcpy Host-to-Device]
3506130031,64512,65232,,,,,,,,,,35.810,555053.760,Device,,NVIDIA A100-SXM4-40GB MIG 4g.20gb (0),1,,13,[CUDA memset]
3506197679,1824,65234,,,,,,,,,,0.000,43.860,Pinned,Device,NVIDIA A100-SXM4-40GB MIG 4g.20gb (0),1,,13,[CUDA memcpy Host-to-Device]
3506203695,9951,65235,,,,,,,,,,0.197,19757.531,Pinned,Device,NVIDIA A100-SXM4-40GB MIG 4g.20gb (0),1,,13,[CUDA memcpy Host-to-Device]
3506326829,29440,65236,273,1,1,48,1,1,40,0.000,0.001,,,,,NVIDIA A100-SXM4-40GB MIG 4g.20gb (0),1,,13,"void pusch_noise_intf_est::noiseIntfEstNoDftSOfdmKernel<float, __half, float, float, (unsigned int)2, (unsigned int)1, (unsigned char)4, (unsigned char)4>(pusch_noise_intf_est::puschRxNoiseIntfEstDynDescr)"
3506390348,17344,65247,35,1,1,128,1,1,16,0.000,0.000,,,,,NVIDIA A100-SXM4-40GB MIG 4g.20gb (0),1,,13,cupy_copy__complex64_complex64
3506457068,4224,65256,1,1,1,1,1,1,18,0.000,0.000,,,,,NVIDIA A100-SXM4-40GB MIG 4g.20gb (0),1,,13,cupy_copy__float32_float32
3506462892,1951,65262,,,,,,,,,,0.000,2.050,Device,Pageable,NVIDIA A100-SXM4-40GB MIG 4g.20gb (0),1,,7,[CUDA memcpy Device-to-Host]
3506609738,21120,65273,1434,1,1,128,1,1,16,0.000,0.000,,,,,NVIDIA A100-SXM4-40GB MIG 4g.20gb (0),1,,13,cupy_copy__complex64_complex64
3506694377,4352,65280,103,1,1,128,1,1,16,0.000,0.000,,,,,NVIDIA A100-SXM4-40GB MIG 4g.20gb (0),1,,13,cupy_copy__complex64_complex64
3506752424,11296,65287,35,1,1,128,1,1,16,0.000,0.000,,,,,NVIDIA A100-SXM4-40GB MIG 4g.20gb (0),1,,13,cupy_copy__complex64_complex64
3506836135,3424,65294,1,1,1,1,1,1,18,0.000,0.000,,,,,NVIDIA A100-SXM4-40GB MIG 4g.20gb (0),1,,13,cupy_copy__float32_float32
3506906662,254333,65305,1,1,1,32,32,1,30,0.000,0.000,,,,,NVIDIA A100-SXM4-40GB MIG 4g.20gb (0),1,,13,"void convert_kernel<__half2, float2>(tensor_layout_any, T1 *, tensor_layout_any, const T2 *)"
3507191555,5792,65308,,,,,,,,,,0.094,16176.708,Pinned,Device,NVIDIA A100-SXM4-40GB MIG 4g.20gb (0),1,,13,[CUDA memcpy Host-to-Device]
3507281410,6976,65309,,,,,,,,,,1.547,221705.457,Device,,NVIDIA A100-SXM4-40GB MIG 4g.20gb (0),1,,13,[CUDA memset]
3507294946,3104,65314,,,,,,,,,,0.031,10082.445,Pinned,Device,NVIDIA A100-SXM4-40GB MIG 4g.20gb (0),1,,13,[CUDA memcpy Host-to-Device]
3507300706,9984,65315,,,,,,,,,,0.197,19692.257,Pinned,Device,NVIDIA A100-SXM4-40GB MIG 4g.20gb (0),1,,13,[CUDA memcpy Host-to-Device]
3507331522,31775,65316,273,1,1,8,4,1,39,0.002,0.000,,,,,NVIDIA A100-SXM4-40GB MIG 4g.20gb (0),1,,13,"void channel_eq::eqMmseCoefCompLowMimoKernel<float, float, float, (unsigned int)4, (unsigned int)1, (unsigned int)4>(const channel_eq::_puschRxChEqStatDescr *, channel_eq::_puschRxChEqCoefCompDynDescr)"
3507406465,26335,65317,273,1,1,12,11,1,51,0.002,0.000,,,,,NVIDIA A100-SXM4-40GB MIG 4g.20gb (0),1,,13,"void channel_eq::eqMmseSoftDemapKernel<float, __half, __half, float, (unsigned int)4, (unsigned short)16383>(channel_eq::_puschRxChEqStatDescr *, channel_eq::_puschRxChEqSoftDemapDynDescr)"
3507468576,580185,65318,1,1,1,32,32,1,30,0.000,0.000,,,,,NVIDIA A100-SXM4-40GB MIG 4g.20gb (0),1,,13,"void convert_kernel<float2, __half2>(tensor_layout_any, T1 *, tensor_layout_any, const T2 *)"
3508111769,21087,65330,2253,1,1,128,1,1,16,0.000,0.000,,,,,NVIDIA A100-SXM4-40GB MIG 4g.20gb (0),1,,13,cupy_copy__float16_float16
3508173496,14240,65339,282,1,1,128,1,1,16,0.000,0.000,,,,,NVIDIA A100-SXM4-40GB MIG 4g.20gb (0),1,,13,cupy_copy__complex64_complex64
3508234551,16384,65348,26,1,1,128,1,1,16,0.000,0.000,,,,,NVIDIA A100-SXM4-40GB MIG 4g.20gb (0),1,,13,cupy_copy__float32_float32
3508290647,12159,65357,103,1,1,128,1,1,16,0.000,0.000,,,,,NVIDIA A100-SXM4-40GB MIG 4g.20gb (0),1,,13,cupy_copy__complex64_complex64
3508392181,15392,65367,1434,1,1,128,1,1,16,0.000,0.000,,,,,NVIDIA A100-SXM4-40GB MIG 4g.20gb (0),1,,13,cupy_copy__complex64_complex64
3508460629,247165,65372,1,1,1,32,32,1,30,0.000,0.000,,,,,NVIDIA A100-SXM4-40GB MIG 4g.20gb (0),1,,13,"void convert_kernel<__half2, float2>(tensor_layout_any, T1 *, tensor_layout_any, const T2 *)"
3508738225,5536,65375,,,,,,,,,,0.094,16924.777,Pinned,Device,NVIDIA A100-SXM4-40GB MIG 4g.20gb (0),1,,13,[CUDA memcpy Host-to-Device]
3508831536,638713,65376,,,,,,,,,,456.561,714518.654,Device,,NVIDIA A100-SXM4-40GB MIG 4g.20gb (0),1,,13,[CUDA memset]
3509476457,50271,65381,,,,,,,,,,1.235,24565.506,Pinned,Device,NVIDIA A100-SXM4-40GB MIG 4g.20gb (0),1,,13,[CUDA memcpy Host-to-Device]
3509529160,9344,65382,,,,,,,,,,0.197,21040.988,Pinned,Device,NVIDIA A100-SXM4-40GB MIG 4g.20gb (0),1,,13,[CUDA memcpy Host-to-Device]
3509605863,23808,65383,69,4,1,48,1,1,76,0.002,0.000,,,,,NVIDIA A100-SXM4-40GB MIG 4g.20gb (0),1,,13,"void ch_est::windowedChEstPreNoDftSOfdmKernel<float, __half, float, (unsigned int)2, (unsigned int)1, (unsigned short)4>(ch_est::puschRxChEstStatDescr_t *, ch_est::puschRxChEstDynDescr_t *)"
3509750758,22783,65384,137,2,1,24,2,1,44,0.001,0.001,,,,,NVIDIA A100-SXM4-40GB MIG 4g.20gb (0),1,,13,"void ch_est::chEstFilterNoDftSOfdmDispatchKernel<float, __half, float, (unsigned int)2>(ch_est::puschRxChEstStatDescr_t *, ch_est::puschRxChEstDynDescr_t *)"
3509825637,26176,65385,137,2,1,24,2,1,44,0.001,0.001,,,,,NVIDIA A100-SXM4-40GB MIG 4g.20gb (0),1,,13,"void ch_est::chEstFilterNoDftSOfdmDispatchKernel<float, __half, float, (unsigned int)2>(ch_est::puschRxChEstStatDescr_t *, ch_est::puschRxChEstDynDescr_t *)"
3509888388,11232,65396,103,1,1,128,1,1,16,0.000,0.000,,,,,NVIDIA A100-SXM4-40GB MIG 4g.20gb (0),1,,13,cupy_copy__complex64_complex64
3509950787,17120,65406,1434,1,1,128,1,1,16,0.000,0.000,,,,,NVIDIA A100-SXM4-40GB MIG 4g.20gb (0),1,,13,cupy_copy__complex64_complex64
3510018595,11424,65413,103,1,1,128,1,1,16,0.000,0.000,,,,,NVIDIA A100-SXM4-40GB MIG 4g.20gb (0),1,,13,cupy_copy__complex64_complex64
3510086434,255261,65420,1,1,1,32,32,1,30,0.000,0.000,,,,,NVIDIA A100-SXM4-40GB MIG 4g.20gb (0),1,,13,"void convert_kernel<__half2, float2>(tensor_layout_any, T1 *, tensor_layout_any, const T2 *)"
3510370463,5344,65423,,,,,,,,,,0.094,17532.864,Pinned,Device,NVIDIA A100-SXM4-40GB MIG 4g.20gb (0),1,,13,[CUDA memcpy Host-to-Device]
3510450750,64159,65424,,,,,,,,,,35.810,558133.413,Device,,NVIDIA A100-SXM4-40GB MIG 4g.20gb (0),1,,13,[CUDA memset]
3510515997,3872,65426,,,,,,,,,,0.000,20.661,Pinned,Device,NVIDIA A100-SXM4-40GB MIG 4g.20gb (0),1,,13,[CUDA memcpy Host-to-Device]
3510523709,9376,65427,,,,,,,,,,0.197,20969.226,Pinned,Device,NVIDIA A100-SXM4-40GB MIG 4g.20gb (0),1,,13,[CUDA memcpy Host-to-Device]
3510644443,37472,65428,273,1,1,48,1,1,40,0.000,0.001,,,,,NVIDIA A100-SXM4-40GB MIG 4g.20gb (0),1,,13,"void pusch_noise_intf_est::noiseIntfEstNoDftSOfdmKernel<float, __half, float, float, (unsigned int)2, (unsigned int)1, (unsigned char)4, (unsigned char)4>(pusch_noise_intf_est::puschRxNoiseIntfEstDynDescr)"
3510713947,10912,65439,35,1,1,128,1,1,16,0.000,0.000,,,,,NVIDIA A100-SXM4-40GB MIG 4g.20gb (0),1,,13,cupy_copy__complex64_complex64
3510778394,3712,65448,1,1,1,1,1,1,18,0.000,0.000,,,,,NVIDIA A100-SXM4-40GB MIG 4g.20gb (0),1,,13,cupy_copy__float32_float32
3510789274,1664,65454,,,,,,,,,,0.000,2.404,Device,Pageable,NVIDIA A100-SXM4-40GB MIG 4g.20gb (0),1,,7,[CUDA memcpy Device-to-Host]
3510913976,14304,65465,1434,1,1,128,1,1,16,0.000,0.000,,,,,NVIDIA A100-SXM4-40GB MIG 4g.20gb (0),1,,13,cupy_copy__complex64_complex64
3510969560,11520,65472,103,1,1,128,1,1,16,0.000,0.000,,,,,NVIDIA A100-SXM4-40GB MIG 4g.20gb (0),1,,13,cupy_copy__complex64_complex64
3511029303,7392,65479,35,1,1,128,1,1,16,0.000,0.000,,,,,NVIDIA A100-SXM4-40GB MIG 4g.20gb (0),1,,13,cupy_copy__complex64_complex64
3511107542,4064,65486,1,1,1,1,1,1,18,0.000,0.000,,,,,NVIDIA A100-SXM4-40GB MIG 4g.20gb (0),1,,13,cupy_copy__float32_float32
3511191317,252189,65497,1,1,1,32,32,1,30,0.000,0.000,,,,,NVIDIA A100-SXM4-40GB MIG 4g.20gb (0),1,,13,"void convert_kernel<__half2, float2>(tensor_layout_any, T1 *, tensor_layout_any, const T2 *)"
3511473394,5376,65500,,,,,,,,,,0.094,17428.487,Pinned,Device,NVIDIA A100-SXM4-40GB MIG 4g.20gb (0),1,,13,[CUDA memcpy Host-to-Device]
3511573265,20448,65501,,,,,,,,,,1.547,75636.100,Device,,NVIDIA A100-SXM4-40GB MIG 4g.20gb (0),1,,13,[CUDA memset]
3511598224,3040,65506,,,,,,,,,,0.031,10294.725,Pinned,Device,NVIDIA A100-SXM4-40GB MIG 4g.20gb (0),1,,13,[CUDA memcpy Host-to-Device]
3511603664,9472,65507,,,,,,,,,,0.197,20756.693,Pinned,Device,NVIDIA A100-SXM4-40GB MIG 4g.20gb (0),1,,13,[CUDA memcpy Host-to-Device]
3511643600,35328,65508,273,1,1,8,4,1,39,0.002,0.000,,,,,NVIDIA A100-SXM4-40GB MIG 4g.20gb (0),1,,13,"void channel_eq::eqMmseCoefCompLowMimoKernel<float, float, float, (unsigned int)4, (unsigned int)1, (unsigned int)4>(const channel_eq::_puschRxChEqStatDescr *, channel_eq::_puschRxChEqCoefCompDynDescr)"
3511725423,29120,65509,273,1,1,12,11,1,51,0.002,0.000,,,,,NVIDIA A100-SXM4-40GB MIG 4g.20gb (0),1,,13,"void channel_eq::eqMmseSoftDemapKernel<float, __half, __half, float, (unsigned int)4, (unsigned short)16383>(channel_eq::_puschRxChEqStatDescr *, channel_eq::_puschRxChEqSoftDemapDynDescr)"
3511820014,406747,65510,1,1,1,32,32,1,30,0.000,0.000,,,,,NVIDIA A100-SXM4-40GB MIG 4g.20gb (0),1,,13,"void convert_kernel<float2, __half2>(tensor_layout_any, T1 *, tensor_layout_any, const T2 *)"
3512264681,20832,65522,2253,1,1,128,1,1,16,0.000,0.000,,,,,NVIDIA A100-SXM4-40GB MIG 4g.20gb (0),1,,13,cupy_copy__float16_float16
3512333448,8480,65531,282,1,1,128,1,1,16,0.000,0.000,,,,,NVIDIA A100-SXM4-40GB MIG 4g.20gb (0),1,,13,cupy_copy__complex64_complex64
3512390887,13120,65540,26,1,1,128,1,1,16,0.000,0.000,,,,,NVIDIA A100-SXM4-40GB MIG 4g.20gb (0),1,,13,cupy_copy__float32_float32
3512462439,9759,65549,103,1,1,128,1,1,16,0.000,0.000,,,,,NVIDIA A100-SXM4-40GB MIG 4g.20gb (0),1,,13,cupy_copy__complex64_complex64
3512530118,22336,65559,1434,1,1,128,1,1,16,0.000,0.000,,,,,NVIDIA A100-SXM4-40GB MIG 4g.20gb (0),1,,13,cupy_copy__complex64_complex64
3512611813,230525,65564,1,1,1,32,32,1,30,0.000,0.000,,,,,NVIDIA A100-SXM4-40GB MIG 4g.20gb (0),1,,13,"void convert_kernel<__half2, float2>(tensor_layout_any, T1 *, tensor_layout_any, const T2 *)"
3512872130,5728,65567,,,,,,,,,,0.094,16357.541,Pinned,Device,NVIDIA A100-SXM4-40GB MIG 4g.20gb (0),1,,13,[CUDA memcpy Host-to-Device]
3512939169,635513,65568,,,,,,,,,,456.561,718171.145,Device,,NVIDIA A100-SXM4-40GB MIG 4g.20gb (0),1,,13,[CUDA memset]
3513577018,50783,65573,,,,,,,,,,1.235,24317.282,Pinned,Device,NVIDIA A100-SXM4-40GB MIG 4g.20gb (0),1,,13,[CUDA memcpy Host-to-Device]
3513630457,9344,65574,,,,,,,,,,0.197,21040.988,Pinned,Device,NVIDIA A100-SXM4-40GB MIG 4g.20gb (0),1,,13,[CUDA memcpy Host-to-Device]
3513706840,24384,65575,69,4,1,48,1,1,76,0.002,0.000,,,,,NVIDIA A100-SXM4-40GB MIG 4g.20gb (0),1,,13,"void ch_est::windowedChEstPreNoDftSOfdmKernel<float, __half, float, (unsigned int)2, (unsigned int)1, (unsigned short)4>(ch_est::puschRxChEstStatDescr_t *, ch_est::puschRxChEstDynDescr_t *)"
3513801655,28384,65576,137,2,1,24,2,1,44,0.001,0.001,,,,,NVIDIA A100-SXM4-40GB MIG 4g.20gb (0),1,,13,"void ch_est::chEstFilterNoDftSOfdmDispatchKernel<float, __half, float, (unsigned int)2>(ch_est::puschRxChEstStatDescr_t *, ch_est::puschRxChEstDynDescr_t *)"
3513865974,22912,65577,137,2,1,24,2,1,44,0.001,0.001,,,,,NVIDIA A100-SXM4-40GB MIG 4g.20gb (0),1,,13,"void ch_est::chEstFilterNoDftSOfdmDispatchKernel<float, __half, float, (unsigned int)2>(ch_est::puschRxChEstStatDescr_t *, ch_est::puschRxChEstDynDescr_t *)"
3513931030,8320,65588,103,1,1,128,1,1,16,0.000,0.000,,,,,NVIDIA A100-SXM4-40GB MIG 4g.20gb (0),1,,13,cupy_copy__complex64_complex64
3513988437,20416,65598,1434,1,1,128,1,1,16,0.000,0.000,,,,,NVIDIA A100-SXM4-40GB MIG 4g.20gb (0),1,,13,cupy_copy__complex64_complex64
3514063284,7168,65605,103,1,1,128,1,1,16,0.000,0.000,,,,,NVIDIA A100-SXM4-40GB MIG 4g.20gb (0),1,,13,cupy_copy__complex64_complex64
3514131539,255389,65612,1,1,1,32,32,1,30,0.000,0.000,,,,,NVIDIA A100-SXM4-40GB MIG 4g.20gb (0),1,,13,"void convert_kernel<__half2, float2>(tensor_layout_any, T1 *, tensor_layout_any, const T2 *)"
3514415536,6112,65615,,,,,,,,,,0.094,15329.790,Pinned,Device,NVIDIA A100-SXM4-40GB MIG 4g.20gb (0),1,,13,[CUDA memcpy Host-to-Device]
3514502607,63551,65616,,,,,,,,,,35.810,563469.091,Device,,NVIDIA A100-SXM4-40GB MIG 4g.20gb (0),1,,13,[CUDA memset]
3514566958,1856,65618,,,,,,,,,,0.000,43.103,Pinned,Device,NVIDIA A100-SXM4-40GB MIG 4g.20gb (0),1,,13,[CUDA memcpy Host-to-Device]
3514572622,9472,65619,,,,,,,,,,0.197,20756.693,Pinned,Device,NVIDIA A100-SXM4-40GB MIG 4g.20gb (0),1,,13,[CUDA memcpy Host-to-Device]
3514693805,26720,65620,273,1,1,48,1,1,40,0.000,0.001,,,,,NVIDIA A100-SXM4-40GB MIG 4g.20gb (0),1,,13,"void pusch_noise_intf_est::noiseIntfEstNoDftSOfdmKernel<float, __half, float, float, (unsigned int)2, (unsigned int)1, (unsigned char)4, (unsigned char)4>(pusch_noise_intf_est::puschRxNoiseIntfEstDynDescr)"
3514767820,6720,65631,35,1,1,128,1,1,16,0.000,0.000,,,,,NVIDIA A100-SXM4-40GB MIG 4g.20gb (0),1,,13,cupy_copy__complex64_complex64
3514835243,4160,65640,1,1,1,1,1,1,18,0.000,0.000,,,,,NVIDIA A100-SXM4-40GB MIG 4g.20gb (0),1,,13,cupy_copy__float32_float32
3514846283,1600,65646,,,,,,,,,,0.000,2.500,Device,Pageable,NVIDIA A100-SXM4-40GB MIG 4g.20gb (0),1,,7,[CUDA memcpy Device-to-Host]
3514963882,19200,65657,1434,1,1,128,1,1,16,0.000,0.000,,,,,NVIDIA A100-SXM4-40GB MIG 4g.20gb (0),1,,13,cupy_copy__complex64_complex64
3515028201,9696,65664,103,1,1,128,1,1,16,0.000,0.000,,,,,NVIDIA A100-SXM4-40GB MIG 4g.20gb (0),1,,13,cupy_copy__complex64_complex64
3515086248,10912,65671,35,1,1,128,1,1,16,0.000,0.000,,,,,NVIDIA A100-SXM4-40GB MIG 4g.20gb (0),1,,13,cupy_copy__complex64_complex64
3515173031,3648,65678,1,1,1,1,1,1,18,0.000,0.000,,,,,NVIDIA A100-SXM4-40GB MIG 4g.20gb (0),1,,13,cupy_copy__float32_float32
3515247079,258269,65689,1,1,1,32,32,1,30,0.000,0.000,,,,,NVIDIA A100-SXM4-40GB MIG 4g.20gb (0),1,,13,"void convert_kernel<__half2, float2>(tensor_layout_any, T1 *, tensor_layout_any, const T2 *)"
3515534627,5408,65692,,,,,,,,,,0.094,17325.421,Pinned,Device,NVIDIA A100-SXM4-40GB MIG 4g.20gb (0),1,,13,[CUDA memcpy Host-to-Device]
3515624802,16576,65693,,,,,,,,,,1.547,93304.733,Device,,NVIDIA A100-SXM4-40GB MIG 4g.20gb (0),1,,13,[CUDA memset]
3515644674,3008,65698,,,,,,,,,,0.031,10404.230,Pinned,Device,NVIDIA A100-SXM4-40GB MIG 4g.20gb (0),1,,13,[CUDA memcpy Host-to-Device]
3515650530,9536,65699,,,,,,,,,,0.197,20617.298,Pinned,Device,NVIDIA A100-SXM4-40GB MIG 4g.20gb (0),1,,13,[CUDA memcpy Host-to-Device]
3515736481,29728,65700,273,1,1,8,4,1,39,0.002,0.000,,,,,NVIDIA A100-SXM4-40GB MIG 4g.20gb (0),1,,13,"void channel_eq::eqMmseCoefCompLowMimoKernel<float, float, float, (unsigned int)4, (unsigned int)1, (unsigned int)4>(const channel_eq::_puschRxChEqStatDescr *, channel_eq::_puschRxChEqCoefCompDynDescr)"
3515806176,25856,65701,273,1,1,12,11,1,51,0.002,0.000,,,,,NVIDIA A100-SXM4-40GB MIG 4g.20gb (0),1,,13,"void channel_eq::eqMmseSoftDemapKernel<float, __half, __half, float, (unsigned int)4, (unsigned short)16383>(channel_eq::_puschRxChEqStatDescr *, channel_eq::_puschRxChEqSoftDemapDynDescr)"
3515879039,575866,65702,1,1,1,32,32,1,30,0.000,0.000,,,,,NVIDIA A100-SXM4-40GB MIG 4g.20gb (0),1,,13,"void convert_kernel<float2, __half2>(tensor_layout_any, T1 *, tensor_layout_any, const T2 *)"
3516492472,24288,65714,2253,1,1,128,1,1,16,0.000,0.000,,,,,NVIDIA A100-SXM4-40GB MIG 4g.20gb (0),1,,13,cupy_copy__float16_float16
3516559223,14048,65723,282,1,1,128,1,1,16,0.000,0.000,,,,,NVIDIA A100-SXM4-40GB MIG 4g.20gb (0),1,,13,cupy_copy__complex64_complex64
3516626135,3424,65732,26,1,1,128,1,1,16,0.000,0.000,,,,,NVIDIA A100-SXM4-40GB MIG 4g.20gb (0),1,,13,cupy_copy__float32_float32
3516682422,14592,65741,103,1,1,128,1,1,16,0.000,0.000,,,,,NVIDIA A100-SXM4-40GB MIG 4g.20gb (0),1,,13,cupy_copy__complex64_complex64
3516782069,15904,65751,1434,1,1,128,1,1,16,0.000,0.000,,,,,NVIDIA A100-SXM4-40GB MIG 4g.20gb (0),1,,13,cupy_copy__complex64_complex64
3516851092,258205,65756,1,1,1,32,32,1,30,0.000,0.000,,,,,NVIDIA A100-SXM4-40GB MIG 4g.20gb (0),1,,13,"void convert_kernel<__half2, float2>(tensor_layout_any, T1 *, tensor_layout_any, const T2 *)"
3517139121,5472,65759,,,,,,,,,,0.094,17122.757,Pinned,Device,NVIDIA A100-SXM4-40GB MIG 4g.20gb (0),1,,13,[CUDA memcpy Host-to-Device]
3517219376,638073,65760,,,,,,,,,,456.561,715431.776,Device,,NVIDIA A100-SXM4-40GB MIG 4g.20gb (0),1,,13,[CUDA memset]
3517860073,52255,65765,,,,,,,,,,1.235,23631.888,Pinned,Device,NVIDIA A100-SXM4-40GB MIG 4g.20gb (0),1,,13,[CUDA memcpy Host-to-Device]
3517914824,9344,65766,,,,,,,,,,0.197,21040.988,Pinned,Device,NVIDIA A100-SXM4-40GB MIG 4g.20gb (0),1,,13,[CUDA memcpy Host-to-Device]
3517993063,24544,65767,69,4,1,48,1,1,76,0.002,0.000,,,,,NVIDIA A100-SXM4-40GB MIG 4g.20gb (0),1,,13,"void ch_est::windowedChEstPreNoDftSOfdmKernel<float, __half, float, (unsigned int)2, (unsigned int)1, (unsigned short)4>(ch_est::puschRxChEstStatDescr_t *, ch_est::puschRxChEstDynDescr_t *)"
3518083238,35456,65768,137,2,1,24,2,1,44,0.001,0.001,,,,,NVIDIA A100-SXM4-40GB MIG 4g.20gb (0),1,,13,"void ch_est::chEstFilterNoDftSOfdmDispatchKernel<float, __half, float, (unsigned int)2>(ch_est::puschRxChEstStatDescr_t *, ch_est::puschRxChEstDynDescr_t *)"
3518149989,25600,65769,137,2,1,24,2,1,44,0.001,0.001,,,,,NVIDIA A100-SXM4-40GB MIG 4g.20gb (0),1,,13,"void ch_est::chEstFilterNoDftSOfdmDispatchKernel<float, __half, float, (unsigned int)2>(ch_est::puschRxChEstStatDescr_t *, ch_est::puschRxChEstDynDescr_t *)"
3518226564,5280,65780,103,1,1,128,1,1,16,0.000,0.000,,,,,NVIDIA A100-SXM4-40GB MIG 4g.20gb (0),1,,13,cupy_copy__complex64_complex64
3518286820,20127,65790,1434,1,1,128,1,1,16,0.000,0.000,,,,,NVIDIA A100-SXM4-40GB MIG 4g.20gb (0),1,,13,cupy_copy__complex64_complex64
3518354883,8832,65797,103,1,1,128,1,1,16,0.000,0.000,,,,,NVIDIA A100-SXM4-40GB MIG 4g.20gb (0),1,,13,cupy_copy__complex64_complex64
3518425890,252157,65804,1,1,1,32,32,1,30,0.000,0.000,,,,,NVIDIA A100-SXM4-40GB MIG 4g.20gb (0),1,,13,"void convert_kernel<__half2, float2>(tensor_layout_any, T1 *, tensor_layout_any, const T2 *)"
3518708703,5376,65807,,,,,,,,,,0.094,17428.487,Pinned,Device,NVIDIA A100-SXM4-40GB MIG 4g.20gb (0),1,,13,[CUDA memcpy Host-to-Device]
3518791934,64735,65808,,,,,,,,,,35.810,553155.834,Device,,NVIDIA A100-SXM4-40GB MIG 4g.20gb (0),1,,13,[CUDA memset]
3518863901,2080,65810,,,,,,,,,,0.000,38.462,Pinned,Device,NVIDIA A100-SXM4-40GB MIG 4g.20gb (0),1,,13,[CUDA memcpy Host-to-Device]
3518869885,10720,65811,,,,,,,,,,0.197,18340.184,Pinned,Device,NVIDIA A100-SXM4-40GB MIG 4g.20gb (0),1,,13,[CUDA memcpy Host-to-Device]
3518992795,29664,65812,273,1,1,48,1,1,40,0.000,0.001,,,,,NVIDIA A100-SXM4-40GB MIG 4g.20gb (0),1,,13,"void pusch_noise_intf_est::noiseIntfEstNoDftSOfdmKernel<float, __half, float, float, (unsigned int)2, (unsigned int)1, (unsigned char)4, (unsigned char)4>(pusch_noise_intf_est::puschRxNoiseIntfEstDynDescr)"
3519058299,8416,65823,35,1,1,128,1,1,16,0.000,0.000,,,,,NVIDIA A100-SXM4-40GB MIG 4g.20gb (0),1,,13,cupy_copy__complex64_complex64
3519116666,4288,65832,1,1,1,1,1,1,18,0.000,0.000,,,,,NVIDIA A100-SXM4-40GB MIG 4g.20gb (0),1,,13,cupy_copy__float32_float32
3519127578,1600,65838,,,,,,,,,,0.000,2.500,Device,Pageable,NVIDIA A100-SXM4-40GB MIG 4g.20gb (0),1,,7,[CUDA memcpy Device-to-Host]
3519238425,20415,65849,1434,1,1,128,1,1,16,0.000,0.000,,,,,NVIDIA A100-SXM4-40GB MIG 4g.20gb (0),1,,13,cupy_copy__complex64_complex64
3519317432,5824,65856,103,1,1,128,1,1,16,0.000,0.000,,,,,NVIDIA A100-SXM4-40GB MIG 4g.20gb (0),1,,13,cupy_copy__complex64_complex64
3519380439,11776,65863,35,1,1,128,1,1,16,0.000,0.000,,,,,NVIDIA A100-SXM4-40GB MIG 4g.20gb (0),1,,13,cupy_copy__complex64_complex64
3519465302,3616,65870,1,1,1,1,1,1,18,0.000,0.000,,,,,NVIDIA A100-SXM4-40GB MIG 4g.20gb (0),1,,13,cupy_copy__float32_float32
3519541333,256157,65881,1,1,1,32,32,1,30,0.000,0.000,,,,,NVIDIA A100-SXM4-40GB MIG 4g.20gb (0),1,,13,"void convert_kernel<__half2, float2>(tensor_layout_any, T1 *, tensor_layout_any, const T2 *)"
3519827410,5408,65884,,,,,,,,,,0.094,17325.421,Pinned,Device,NVIDIA A100-SXM4-40GB MIG 4g.20gb (0),1,,13,[CUDA memcpy Host-to-Device]
3519937681,15071,65885,,,,,,,,,,1.547,102621.596,Device,,NVIDIA A100-SXM4-40GB MIG 4g.20gb (0),1,,13,[CUDA memset]
3519956560,3232,65890,,,,,,,,,,0.031,9683.139,Pinned,Device,NVIDIA A100-SXM4-40GB MIG 4g.20gb (0),1,,13,[CUDA memcpy Host-to-Device]
3519962224,9408,65891,,,,,,,,,,0.197,20897.858,Pinned,Device,NVIDIA A100-SXM4-40GB MIG 4g.20gb (0),1,,13,[CUDA memcpy Host-to-Device]
3520053807,26944,65892,273,1,1,8,4,1,39,0.002,0.000,,,,,NVIDIA A100-SXM4-40GB MIG 4g.20gb (0),1,,13,"void channel_eq::eqMmseCoefCompLowMimoKernel<float, float, float, (unsigned int)4, (unsigned int)1, (unsigned int)4>(const channel_eq::_puschRxChEqStatDescr *, channel_eq::_puschRxChEqCoefCompDynDescr)"
3520121263,23199,65893,273,1,1,12,11,1,51,0.002,0.000,,,,,NVIDIA A100-SXM4-40GB MIG 4g.20gb (0),1,,13,"void channel_eq::eqMmseSoftDemapKernel<float, __half, __half, float, (unsigned int)4, (unsigned short)16383>(channel_eq::_puschRxChEqStatDescr *, channel_eq::_puschRxChEqSoftDemapDynDescr)"
3520366700,446299,65894,1,1,1,32,32,1,30,0.000,0.000,,,,,NVIDIA A100-SXM4-40GB MIG 4g.20gb (0),1,,13,"void convert_kernel<float2, __half2>(tensor_layout_any, T1 *, tensor_layout_any, const T2 *)"
3520849286,19520,65906,2253,1,1,128,1,1,16,0.000,0.000,,,,,NVIDIA A100-SXM4-40GB MIG 4g.20gb (0),1,,13,cupy_copy__float16_float16
3520910917,13600,65915,282,1,1,128,1,1,16,0.000,0.000,,,,,NVIDIA A100-SXM4-40GB MIG 4g.20gb (0),1,,13,cupy_copy__complex64_complex64
3520973445,3552,65924,26,1,1,128,1,1,16,0.000,0.000,,,,,NVIDIA A100-SXM4-40GB MIG 4g.20gb (0),1,,13,cupy_copy__float32_float32
3521030852,13984,65933,103,1,1,128,1,1,16,0.000,0.000,,,,,NVIDIA A100-SXM4-40GB MIG 4g.20gb (0),1,,13,cupy_copy__complex64_complex64
3521127107,14592,65943,1434,1,1,128,1,1,16,0.000,0.000,,,,,NVIDIA A100-SXM4-40GB MIG 4g.20gb (0),1,,13,cupy_copy__complex64_complex64
3521269569,247133,65948,1,1,1,32,32,1,30,0.000,0.000,,,,,NVIDIA A100-SXM4-40GB MIG 4g.20gb (0),1,,13,"void convert_kernel<__half2, float2>(tensor_layout_any, T1 *, tensor_layout_any, const T2 *)"
3521545918,5376,65951,,,,,,,,,,0.094,17428.487,Pinned,Device,NVIDIA A100-SXM4-40GB MIG 4g.20gb (0),1,,13,[CUDA memcpy Host-to-Device]
3521633437,639609,65952,,,,,,,,,,456.561,713605.531,Device,,NVIDIA A100-SXM4-40GB MIG 4g.20gb (0),1,,13,[CUDA memset]
3522280598,51487,65957,,,,,,,,,,1.235,23985.082,Pinned,Device,NVIDIA A100-SXM4-40GB MIG 4g.20gb (0),1,,13,[CUDA memcpy Host-to-Device]
3522334549,9344,65958,,,,,,,,,,0.197,21040.988,Pinned,Device,NVIDIA A100-SXM4-40GB MIG 4g.20gb (0),1,,13,[CUDA memcpy Host-to-Device]
3522408116,23136,65959,69,4,1,48,1,1,76,0.002,0.000,,,,,NVIDIA A100-SXM4-40GB MIG 4g.20gb (0),1,,13,"void ch_est::windowedChEstPreNoDftSOfdmKernel<float, __half, float, (unsigned int)2, (unsigned int)1, (unsigned short)4>(ch_est::puschRxChEstStatDescr_t *, ch_est::puschRxChEstDynDescr_t *)"
3522499379,29184,65960,137,2,1,24,2,1,44,0.001,0.001,,,,,NVIDIA A100-SXM4-40GB MIG 4g.20gb (0),1,,13,"void ch_est::chEstFilterNoDftSOfdmDispatchKernel<float, __half, float, (unsigned int)2>(ch_est::puschRxChEstStatDescr_t *, ch_est::puschRxChEstDynDescr_t *)"
3522562994,23872,65961,137,2,1,24,2,1,44,0.001,0.001,,,,,NVIDIA A100-SXM4-40GB MIG 4g.20gb (0),1,,13,"void ch_est::chEstFilterNoDftSOfdmDispatchKernel<float, __half, float, (unsigned int)2>(ch_est::puschRxChEstStatDescr_t *, ch_est::puschRxChEstDynDescr_t *)"
3522638770,3840,65972,103,1,1,128,1,1,16,0.000,0.000,,,,,NVIDIA A100-SXM4-40GB MIG 4g.20gb (0),1,,13,cupy_copy__complex64_complex64
3522705041,19168,65982,1434,1,1,128,1,1,16,0.000,0.000,,,,,NVIDIA A100-SXM4-40GB MIG 4g.20gb (0),1,,13,cupy_copy__complex64_complex64
3522779696,10656,65989,103,1,1,128,1,1,16,0.000,0.000,,,,,NVIDIA A100-SXM4-40GB MIG 4g.20gb (0),1,,13,cupy_copy__complex64_complex64
3522849551,248349,65996,1,1,1,32,32,1,30,0.000,0.000,,,,,NVIDIA A100-SXM4-40GB MIG 4g.20gb (0),1,,13,"void convert_kernel<__half2, float2>(tensor_layout_any, T1 *, tensor_layout_any, const T2 *)"
3523127148,5472,65999,,,,,,,,,,0.094,17122.757,Pinned,Device,NVIDIA A100-SXM4-40GB MIG 4g.20gb (0),1,,13,[CUDA memcpy Host-to-Device]
3523231467,64959,66000,,,,,,,,,,35.810,551257.908,Device,,NVIDIA A100-SXM4-40GB MIG 4g.20gb (0),1,,13,[CUDA memset]
3523299882,1856,66002,,,,,,,,,,0.000,43.103,Pinned,Device,NVIDIA A100-SXM4-40GB MIG 4g.20gb (0),1,,13,[CUDA memcpy Host-to-Device]
3523305994,10368,66003,,,,,,,,,,0.197,18962.842,Pinned,Device,NVIDIA A100-SXM4-40GB MIG 4g.20gb (0),1,,13,[CUDA memcpy Host-to-Device]
3523437672,30464,66004,273,1,1,48,1,1,40,0.000,0.001,,,,,NVIDIA A100-SXM4-40GB MIG 4g.20gb (0),1,,13,"void pusch_noise_intf_est::noiseIntfEstNoDftSOfdmKernel<float, __half, float, float, (unsigned int)2, (unsigned int)1, (unsigned char)4, (unsigned char)4>(pusch_noise_intf_est::puschRxNoiseIntfEstDynDescr)"
3523506184,4192,66015,35,1,1,128,1,1,16,0.000,0.000,,,,,NVIDIA A100-SXM4-40GB MIG 4g.20gb (0),1,,13,cupy_copy__complex64_complex64
3523572359,3520,66024,1,1,1,1,1,1,18,0.000,0.000,,,,,NVIDIA A100-SXM4-40GB MIG 4g.20gb (0),1,,13,cupy_copy__float32_float32
3523580903,1600,66030,,,,,,,,,,0.000,2.500,Device,Pageable,NVIDIA A100-SXM4-40GB MIG 4g.20gb (0),1,,7,[CUDA memcpy Device-to-Host]
3523702757,20064,66041,1434,1,1,128,1,1,16,0.000,0.000,,,,,NVIDIA A100-SXM4-40GB MIG 4g.20gb (0),1,,13,cupy_copy__complex64_complex64
3523780452,11808,66048,103,1,1,128,1,1,16,0.000,0.000,,,,,NVIDIA A100-SXM4-40GB MIG 4g.20gb (0),1,,13,cupy_copy__complex64_complex64
3523841412,9312,66055,35,1,1,128,1,1,16,0.000,0.000,,,,,NVIDIA A100-SXM4-40GB MIG 4g.20gb (0),1,,13,cupy_copy__complex64_complex64
3523935171,2752,66062,1,1,1,1,1,1,18,0.000,0.000,,,,,NVIDIA A100-SXM4-40GB MIG 4g.20gb (0),1,,13,cupy_copy__float32_float32
3524002082,259421,66073,1,1,1,32,32,1,30,0.000,0.000,,,,,NVIDIA A100-SXM4-40GB MIG 4g.20gb (0),1,,13,"void convert_kernel<__half2, float2>(tensor_layout_any, T1 *, tensor_layout_any, const T2 *)"
3524290751,5408,66076,,,,,,,,,,0.094,17325.421,Pinned,Device,NVIDIA A100-SXM4-40GB MIG 4g.20gb (0),1,,13,[CUDA memcpy Host-to-Device]
3524381726,9119,66077,,,,,,,,,,1.547,169604.334,Device,,NVIDIA A100-SXM4-40GB MIG 4g.20gb (0),1,,13,[CUDA memset]
3524398045,3232,66082,,,,,,,,,,0.031,9683.139,Pinned,Device,NVIDIA A100-SXM4-40GB MIG 4g.20gb (0),1,,13,[CUDA memcpy Host-to-Device]
3524403677,9376,66083,,,,,,,,,,0.197,20969.226,Pinned,Device,NVIDIA A100-SXM4-40GB MIG 4g.20gb (0),1,,13,[CUDA memcpy Host-to-Device]
3524430749,28672,66084,273,1,1,8,4,1,39,0.002,0.000,,,,,NVIDIA A100-SXM4-40GB MIG 4g.20gb (0),1,,13,"void channel_eq::eqMmseCoefCompLowMimoKernel<float, float, float, (unsigned int)4, (unsigned int)1, (unsigned int)4>(const channel_eq::_puschRxChEqStatDescr *, channel_eq::_puschRxChEqCoefCompDynDescr)"
3524503164,20128,66085,273,1,1,12,11,1,51,0.002,0.000,,,,,NVIDIA A100-SXM4-40GB MIG 4g.20gb (0),1,,13,"void channel_eq::eqMmseSoftDemapKernel<float, __half, __half, float, (unsigned int)4, (unsigned short)16383>(channel_eq::_puschRxChEqStatDescr *, channel_eq::_puschRxChEqSoftDemapDynDescr)"
3524568443,586266,66086,1,1,1,32,32,1,30,0.000,0.000,,,,,NVIDIA A100-SXM4-40GB MIG 4g.20gb (0),1,,13,"void convert_kernel<float2, __half2>(tensor_layout_any, T1 *, tensor_layout_any, const T2 *)"
3525220500,21600,66098,2253,1,1,128,1,1,16,0.000,0.000,,,,,NVIDIA A100-SXM4-40GB MIG 4g.20gb (0),1,,13,cupy_copy__float16_float16
3525284979,13248,66107,282,1,1,128,1,1,16,0.000,0.000,,,,,NVIDIA A100-SXM4-40GB MIG 4g.20gb (0),1,,13,cupy_copy__complex64_complex64
3525369458,3296,66116,26,1,1,128,1,1,16,0.000,0.000,,,,,NVIDIA A100-SXM4-40GB MIG 4g.20gb (0),1,,13,cupy_copy__float32_float32
3525429202,13375,66125,103,1,1,128,1,1,16,0.000,0.000,,,,,NVIDIA A100-SXM4-40GB MIG 4g.20gb (0),1,,13,cupy_copy__complex64_complex64
3525528112,15680,66135,1434,1,1,128,1,1,16,0.000,0.000,,,,,NVIDIA A100-SXM4-40GB MIG 4g.20gb (0),1,,13,cupy_copy__complex64_complex64
3525595376,252797,66140,1,1,1,32,32,1,30,0.000,0.000,,,,,NVIDIA A100-SXM4-40GB MIG 4g.20gb (0),1,,13,"void convert_kernel<__half2, float2>(tensor_layout_any, T1 *, tensor_layout_any, const T2 *)"
3525884812,5376,66143,,,,,,,,,,0.094,17428.487,Pinned,Device,NVIDIA A100-SXM4-40GB MIG 4g.20gb (0),1,,13,[CUDA memcpy Host-to-Device]
3525970571,629401,66144,,,,,,,,,,456.561,725019.567,Device,,NVIDIA A100-SXM4-40GB MIG 4g.20gb (0),1,,13,[CUDA memset]
3526604068,55263,66149,,,,,,,,,,1.235,22346.312,Pinned,Device,NVIDIA A100-SXM4-40GB MIG 4g.20gb (0),1,,13,[CUDA memcpy Host-to-Device]
3526661795,9376,66150,,,,,,,,,,0.197,20969.226,Pinned,Device,NVIDIA A100-SXM4-40GB MIG 4g.20gb (0),1,,13,[CUDA memcpy Host-to-Device]
3526734083,24831,66151,69,4,1,48,1,1,76,0.002,0.000,,,,,NVIDIA A100-SXM4-40GB MIG 4g.20gb (0),1,,13,"void ch_est::windowedChEstPreNoDftSOfdmKernel<float, __half, float, (unsigned int)2, (unsigned int)1, (unsigned short)4>(ch_est::puschRxChEstStatDescr_t *, ch_est::puschRxChEstDynDescr_t *)"
3526824225,34272,66152,137,2,1,24,2,1,44,0.001,0.001,,,,,NVIDIA A100-SXM4-40GB MIG 4g.20gb (0),1,,13,"void ch_est::chEstFilterNoDftSOfdmDispatchKernel<float, __half, float, (unsigned int)2>(ch_est::puschRxChEstStatDescr_t *, ch_est::puschRxChEstDynDescr_t *)"
3526892097,23583,66153,137,2,1,24,2,1,44,0.001,0.001,,,,,NVIDIA A100-SXM4-40GB MIG 4g.20gb (0),1,,13,"void ch_est::chEstFilterNoDftSOfdmDispatchKernel<float, __half, float, (unsigned int)2>(ch_est::puschRxChEstStatDescr_t *, ch_est::puschRxChEstDynDescr_t *)"
3526958080,8704,66164,103,1,1,128,1,1,16,0.000,0.000,,,,,NVIDIA A100-SXM4-40GB MIG 4g.20gb (0),1,,13,cupy_copy__complex64_complex64
3527016255,19040,66174,1434,1,1,128,1,1,16,0.000,0.000,,,,,NVIDIA A100-SXM4-40GB MIG 4g.20gb (0),1,,13,cupy_copy__complex64_complex64
3527083838,6624,66181,103,1,1,128,1,1,16,0.000,0.000,,,,,NVIDIA A100-SXM4-40GB MIG 4g.20gb (0),1,,13,cupy_copy__complex64_complex64
3527149438,253181,66188,1,1,1,32,32,1,30,0.000,0.000,,,,,NVIDIA A100-SXM4-40GB MIG 4g.20gb (0),1,,13,"void convert_kernel<__half2, float2>(tensor_layout_any, T1 *, tensor_layout_any, const T2 *)"
3527432186,5376,66191,,,,,,,,,,0.094,17428.487,Pinned,Device,NVIDIA A100-SXM4-40GB MIG 4g.20gb (0),1,,13,[CUDA memcpy Host-to-Device]
3527513498,64639,66192,,,,,,,,,,35.810,553979.462,Device,,NVIDIA A100-SXM4-40GB MIG 4g.20gb (0),1,,13,[CUDA memset]
3527580857,2720,66194,,,,,,,,,,0.000,29.412,Pinned,Device,NVIDIA A100-SXM4-40GB MIG 4g.20gb (0),1,,13,[CUDA memcpy Host-to-Device]
3527588313,10432,66195,,,,,,,,,,0.197,18846.450,Pinned,Device,NVIDIA A100-SXM4-40GB MIG 4g.20gb (0),1,,13,[CUDA memcpy Host-to-Device]
3527710807,28928,66196,273,1,1,48,1,1,40,0.000,0.001,,,,,NVIDIA A100-SXM4-40GB MIG 4g.20gb (0),1,,13,"void pusch_noise_intf_est::noiseIntfEstNoDftSOfdmKernel<float, __half, float, float, (unsigned int)2, (unsigned int)1, (unsigned char)4, (unsigned char)4>(pusch_noise_intf_est::puschRxNoiseIntfEstDynDescr)"
3527777143,8063,66207,35,1,1,128,1,1,16,0.000,0.000,,,,,NVIDIA A100-SXM4-40GB MIG 4g.20gb (0),1,,13,cupy_copy__complex64_complex64
3527836502,3040,66216,1,1,1,1,1,1,18,0.000,0.000,,,,,NVIDIA A100-SXM4-40GB MIG 4g.20gb (0),1,,13,cupy_copy__float32_float32
3527844374,2176,66222,,,,,,,,,,0.000,1.838,Device,Pageable,NVIDIA A100-SXM4-40GB MIG 4g.20gb (0),1,,7,[CUDA memcpy Device-to-Host]
3527958964,20640,66233,1434,1,1,128,1,1,16,0.000,0.000,,,,,NVIDIA A100-SXM4-40GB MIG 4g.20gb (0),1,,13,cupy_copy__complex64_complex64
3528023540,7968,66240,103,1,1,128,1,1,16,0.000,0.000,,,,,NVIDIA A100-SXM4-40GB MIG 4g.20gb (0),1,,13,cupy_copy__complex64_complex64
3528086131,11040,66247,35,1,1,128,1,1,16,0.000,0.000,,,,,NVIDIA A100-SXM4-40GB MIG 4g.20gb (0),1,,13,cupy_copy__complex64_complex64
3528163698,5472,66254,1,1,1,1,1,1,18,0.000,0.000,,,,,NVIDIA A100-SXM4-40GB MIG 4g.20gb (0),1,,13,cupy_copy__float32_float32
3528245457,255613,66265,1,1,1,32,32,1,30,0.000,0.000,,,,,NVIDIA A100-SXM4-40GB MIG 4g.20gb (0),1,,13,"void convert_kernel<__half2, float2>(tensor_layout_any, T1 *, tensor_layout_any, const T2 *)"
3528532078,5376,66268,,,,,,,,,,0.094,17428.487,Pinned,Device,NVIDIA A100-SXM4-40GB MIG 4g.20gb (0),1,,13,[CUDA memcpy Host-to-Device]
3528586157,9888,66269,,,,,,,,,,1.547,156413.178,Device,,NVIDIA A100-SXM4-40GB MIG 4g.20gb (0),1,,13,[CUDA memset]
3528603021,3552,66274,,,,,,,,,,0.031,8810.794,Pinned,Device,NVIDIA A100-SXM4-40GB MIG 4g.20gb (0),1,,13,[CUDA memcpy Host-to-Device]
3528609005,10112,66275,,,,,,,,,,0.197,19442.958,Pinned,Device,NVIDIA A100-SXM4-40GB MIG 4g.20gb (0),1,,13,[CUDA memcpy Host-to-Device]
3528704300,34271,66276,273,1,1,8,4,1,39,0.002,0.000,,,,,NVIDIA A100-SXM4-40GB MIG 4g.20gb (0),1,,13,"void channel_eq::eqMmseCoefCompLowMimoKernel<float, float, float, (unsigned int)4, (unsigned int)1, (unsigned int)4>(const channel_eq::_puschRxChEqStatDescr *, channel_eq::_puschRxChEqCoefCompDynDescr)"
3528781227,26592,66277,273,1,1,12,11,1,51,0.002,0.000,,,,,NVIDIA A100-SXM4-40GB MIG 4g.20gb (0),1,,13,"void channel_eq::eqMmseSoftDemapKernel<float, __half, __half, float, (unsigned int)4, (unsigned short)16383>(channel_eq::_puschRxChEqStatDescr *, channel_eq::_puschRxChEqSoftDemapDynDescr)"
3528853578,590681,66278,1,1,1,32,32,1,30,0.000,0.000,,,,,NVIDIA A100-SXM4-40GB MIG 4g.20gb (0),1,,13,"void convert_kernel<float2, __half2>(tensor_layout_any, T1 *, tensor_layout_any, const T2 *)"
3529515651,21375,66290,2253,1,1,128,1,1,16,0.000,0.000,,,,,NVIDIA A100-SXM4-40GB MIG 4g.20gb (0),1,,13,cupy_copy__float16_float16
3529643393,13984,66299,282,1,1,128,1,1,16,0.000,0.000,,,,,NVIDIA A100-SXM4-40GB MIG 4g.20gb (0),1,,13,cupy_copy__complex64_complex64
3529703328,4128,66308,26,1,1,128,1,1,16,0.000,0.000,,,,,NVIDIA A100-SXM4-40GB MIG 4g.20gb (0),1,,13,cupy_copy__float32_float32
3529759712,14752,66317,103,1,1,128,1,1,16,0.000,0.000,,,,,NVIDIA A100-SXM4-40GB MIG 4g.20gb (0),1,,13,cupy_copy__complex64_complex64
3529860127,15807,66327,1434,1,1,128,1,1,16,0.000,0.000,,,,,NVIDIA A100-SXM4-40GB MIG 4g.20gb (0),1,,13,cupy_copy__complex64_complex64
3529927582,240989,66332,1,1,1,32,32,1,30,0.000,0.000,,,,,NVIDIA A100-SXM4-40GB MIG 4g.20gb (0),1,,13,"void convert_kernel<__half2, float2>(tensor_layout_any, T1 *, tensor_layout_any, const T2 *)"
3530198203,5376,66335,,,,,,,,,,0.094,17428.487,Pinned,Device,NVIDIA A100-SXM4-40GB MIG 4g.20gb (0),1,,13,[CUDA memcpy Host-to-Device]
3530264858,629689,66336,,,,,,,,,,456.561,725019.567,Device,,NVIDIA A100-SXM4-40GB MIG 4g.20gb (0),1,,13,[CUDA memset]
3530901747,51551,66341,,,,,,,,,,1.235,23955.444,Pinned,Device,NVIDIA A100-SXM4-40GB MIG 4g.20gb (0),1,,13,[CUDA memcpy Host-to-Device]
3530956498,10496,66342,,,,,,,,,,0.197,18731.631,Pinned,Device,NVIDIA A100-SXM4-40GB MIG 4g.20gb (0),1,,13,[CUDA memcpy Host-to-Device]
3531020689,28576,66343,69,4,1,48,1,1,76,0.002,0.000,,,,,NVIDIA A100-SXM4-40GB MIG 4g.20gb (0),1,,13,"void ch_est::windowedChEstPreNoDftSOfdmKernel<float, __half, float, (unsigned int)2, (unsigned int)1, (unsigned short)4>(ch_est::puschRxChEstStatDescr_t *, ch_est::puschRxChEstDynDescr_t *)"
3531092432,22336,66344,137,2,1,24,2,1,44,0.001,0.001,,,,,NVIDIA A100-SXM4-40GB MIG 4g.20gb (0),1,,13,"void ch_est::chEstFilterNoDftSOfdmDispatchKernel<float, __half, float, (unsigned int)2>(ch_est::puschRxChEstStatDescr_t *, ch_est::puschRxChEstDynDescr_t *)"
3531161392,31391,66345,137,2,1,24,2,1,44,0.001,0.001,,,,,NVIDIA A100-SXM4-40GB MIG 4g.20gb (0),1,,13,"void ch_est::chEstFilterNoDftSOfdmDispatchKernel<float, __half, float, (unsigned int)2>(ch_est::puschRxChEstStatDescr_t *, ch_est::puschRxChEstDynDescr_t *)"
3531224495,12896,66356,103,1,1,128,1,1,16,0.000,0.000,,,,,NVIDIA A100-SXM4-40GB MIG 4g.20gb (0),1,,13,cupy_copy__complex64_complex64
3531286862,15008,66366,1434,1,1,128,1,1,16,0.000,0.000,,,,,NVIDIA A100-SXM4-40GB MIG 4g.20gb (0),1,,13,cupy_copy__complex64_complex64
3531352717,12544,66373,103,1,1,128,1,1,16,0.000,0.000,,,,,NVIDIA A100-SXM4-40GB MIG 4g.20gb (0),1,,13,cupy_copy__complex64_complex64
3531427341,251229,66380,1,1,1,32,32,1,30,0.000,0.000,,,,,NVIDIA A100-SXM4-40GB MIG 4g.20gb (0),1,,13,"void convert_kernel<__half2, float2>(tensor_layout_any, T1 *, tensor_layout_any, const T2 *)"
3531707593,5376,66383,,,,,,,,,,0.094,17428.487,Pinned,Device,NVIDIA A100-SXM4-40GB MIG 4g.20gb (0),1,,13,[CUDA memcpy Host-to-Device]
3531803432,63296,66384,,,,,,,,,,35.810,565725.116,Device,,NVIDIA A100-SXM4-40GB MIG 4g.20gb (0),1,,13,[CUDA memset]
3531871399,2016,66386,,,,,,,,,,0.000,39.682,Pinned,Device,NVIDIA A100-SXM4-40GB MIG 4g.20gb (0),1,,13,[CUDA memcpy Host-to-Device]
3531875847,9344,66387,,,,,,,,,,0.197,21040.988,Pinned,Device,NVIDIA A100-SXM4-40GB MIG 4g.20gb (0),1,,13,[CUDA memcpy Host-to-Device]
3531979110,37888,66388,273,1,1,48,1,1,40,0.000,0.001,,,,,NVIDIA A100-SXM4-40GB MIG 4g.20gb (0),1,,13,"void pusch_noise_intf_est::noiseIntfEstNoDftSOfdmKernel<float, __half, float, float, (unsigned int)2, (unsigned int)1, (unsigned char)4, (unsigned char)4>(pusch_noise_intf_est::puschRxNoiseIntfEstDynDescr)"
3532050341,13984,66399,35,1,1,128,1,1,16,0.000,0.000,,,,,NVIDIA A100-SXM4-40GB MIG 4g.20gb (0),1,,13,cupy_copy__complex64_complex64
3532133892,3360,66408,1,1,1,1,1,1,18,0.000,0.000,,,,,NVIDIA A100-SXM4-40GB MIG 4g.20gb (0),1,,13,cupy_copy__float32_float32
3532138052,1600,66414,,,,,,,,,,0.000,2.500,Device,Pageable,NVIDIA A100-SXM4-40GB MIG 4g.20gb (0),1,,7,[CUDA memcpy Device-to-Host]
3532293635,14783,66425,1434,1,1,128,1,1,16,0.000,0.000,,,,,NVIDIA A100-SXM4-40GB MIG 4g.20gb (0),1,,13,cupy_copy__complex64_complex64
3532350722,9888,66432,103,1,1,128,1,1,16,0.000,0.000,,,,,NVIDIA A100-SXM4-40GB MIG 4g.20gb (0),1,,13,cupy_copy__complex64_complex64
3532411937,6528,66439,35,1,1,128,1,1,16,0.000,0.000,,,,,NVIDIA A100-SXM4-40GB MIG 4g.20gb (0),1,,13,cupy_copy__complex64_complex64
3532478080,8000,66446,1,1,1,1,1,1,18,0.000,0.000,,,,,NVIDIA A100-SXM4-40GB MIG 4g.20gb (0),1,,13,cupy_copy__float32_float32
3532548064,261853,66457,1,1,1,32,32,1,30,0.000,0.000,,,,,NVIDIA A100-SXM4-40GB MIG 4g.20gb (0),1,,13,"void convert_kernel<__half2, float2>(tensor_layout_any, T1 *, tensor_layout_any, const T2 *)"
3532841628,5856,66460,,,,,,,,,,0.094,15999.997,Pinned,Device,NVIDIA A100-SXM4-40GB MIG 4g.20gb (0),1,,13,[CUDA memcpy Host-to-Device]
3532874428,17184,66461,,,,,,,,,,1.547,90002.690,Device,,NVIDIA A100-SXM4-40GB MIG 4g.20gb (0),1,,13,[CUDA memset]
3532899196,3104,66466,,,,,,,,,,0.031,10082.445,Pinned,Device,NVIDIA A100-SXM4-40GB MIG 4g.20gb (0),1,,13,[CUDA memcpy Host-to-Device]
3532905020,10335,66467,,,,,,,,,,0.197,19023.397,Pinned,Device,NVIDIA A100-SXM4-40GB MIG 4g.20gb (0),1,,13,[CUDA memcpy Host-to-Device]
3532935803,27040,66468,273,1,1,8,4,1,39,0.002,0.000,,,,,NVIDIA A100-SXM4-40GB MIG 4g.20gb (0),1,,13,"void channel_eq::eqMmseCoefCompLowMimoKernel<float, float, float, (unsigned int)4, (unsigned int)1, (unsigned int)4>(const channel_eq::_puschRxChEqStatDescr *, channel_eq::_puschRxChEqCoefCompDynDescr)"
3533013594,26368,66469,273,1,1,12,11,1,51,0.002,0.000,,,,,NVIDIA A100-SXM4-40GB MIG 4g.20gb (0),1,,13,"void channel_eq::eqMmseSoftDemapKernel<float, __half, __half, float, (unsigned int)4, (unsigned short)16383>(channel_eq::_puschRxChEqStatDescr *, channel_eq::_puschRxChEqSoftDemapDynDescr)"
3533098713,409884,66470,1,1,1,32,32,1,30,0.000,0.000,,,,,NVIDIA A100-SXM4-40GB MIG 4g.20gb (0),1,,13,"void convert_kernel<float2, __half2>(tensor_layout_any, T1 *, tensor_layout_any, const T2 *)"
3533546292,20800,66482,2253,1,1,128,1,1,16,0.000,0.000,,,,,NVIDIA A100-SXM4-40GB MIG 4g.20gb (0),1,,13,cupy_copy__float16_float16
3533617235,5440,66491,282,1,1,128,1,1,16,0.000,0.000,,,,,NVIDIA A100-SXM4-40GB MIG 4g.20gb (0),1,,13,cupy_copy__complex64_complex64
3533678419,12288,66500,26,1,1,128,1,1,16,0.000,0.000,,,,,NVIDIA A100-SXM4-40GB MIG 4g.20gb (0),1,,13,cupy_copy__float32_float32
3533742418,7936,66509,103,1,1,128,1,1,16,0.000,0.000,,,,,NVIDIA A100-SXM4-40GB MIG 4g.20gb (0),1,,13,cupy_copy__complex64_complex64
3533810577,20256,66519,1434,1,1,128,1,1,16,0.000,0.000,,,,,NVIDIA A100-SXM4-40GB MIG 4g.20gb (0),1,,13,cupy_copy__complex64_complex64
3533876080,245310,66524,1,1,1,32,32,1,30,0.000,0.000,,,,,NVIDIA A100-SXM4-40GB MIG 4g.20gb (0),1,,13,"void convert_kernel<__half2, float2>(tensor_layout_any, T1 *, tensor_layout_any, const T2 *)"
3534155117,5408,66527,,,,,,,,,,0.094,17325.421,Pinned,Device,NVIDIA A100-SXM4-40GB MIG 4g.20gb (0),1,,13,[CUDA memcpy Host-to-Device]
3534199693,629240,66528,,,,,,,,,,456.561,725476.128,Device,,NVIDIA A100-SXM4-40GB MIG 4g.20gb (0),1,,13,[CUDA memset]
3534833509,52576,66533,,,,,,,,,,1.235,23488.635,Pinned,Device,NVIDIA A100-SXM4-40GB MIG 4g.20gb (0),1,,13,[CUDA memcpy Host-to-Device]
3534888581,10112,66534,,,,,,,,,,0.197,19442.958,Pinned,Device,NVIDIA A100-SXM4-40GB MIG 4g.20gb (0),1,,13,[CUDA memcpy Host-to-Device]
3534965604,24672,66535,69,4,1,48,1,1,76,0.002,0.000,,,,,NVIDIA A100-SXM4-40GB MIG 4g.20gb (0),1,,13,"void ch_est::windowedChEstPreNoDftSOfdmKernel<float, __half, float, (unsigned int)2, (unsigned int)1, (unsigned short)4>(ch_est::puschRxChEstStatDescr_t *, ch_est::puschRxChEstDynDescr_t *)"
3535046275,34368,66536,137,2,1,24,2,1,44,0.001,0.001,,,,,NVIDIA A100-SXM4-40GB MIG 4g.20gb (0),1,,13,"void ch_est::chEstFilterNoDftSOfdmDispatchKernel<float, __half, float, (unsigned int)2>(ch_est::puschRxChEstStatDescr_t *, ch_est::puschRxChEstDynDescr_t *)"
3535117122,25216,66537,137,2,1,24,2,1,44,0.001,0.001,,,,,NVIDIA A100-SXM4-40GB MIG 4g.20gb (0),1,,13,"void ch_est::chEstFilterNoDftSOfdmDispatchKernel<float, __half, float, (unsigned int)2>(ch_est::puschRxChEstStatDescr_t *, ch_est::puschRxChEstDynDescr_t *)"
3535185377,3872,66548,103,1,1,128,1,1,16,0.000,0.000,,,,,NVIDIA A100-SXM4-40GB MIG 4g.20gb (0),1,,13,cupy_copy__complex64_complex64
3535243585,18911,66558,1434,1,1,128,1,1,16,0.000,0.000,,,,,NVIDIA A100-SXM4-40GB MIG 4g.20gb (0),1,,13,cupy_copy__complex64_complex64
3535319776,5632,66565,103,1,1,128,1,1,16,0.000,0.000,,,,,NVIDIA A100-SXM4-40GB MIG 4g.20gb (0),1,,13,cupy_copy__complex64_complex64
3535392095,254877,66572,1,1,1,32,32,1,30,0.000,0.000,,,,,NVIDIA A100-SXM4-40GB MIG 4g.20gb (0),1,,13,"void convert_kernel<__half2, float2>(tensor_layout_any, T1 *, tensor_layout_any, const T2 *)"
3535676604,5376,66575,,,,,,,,,,0.094,17428.487,Pinned,Device,NVIDIA A100-SXM4-40GB MIG 4g.20gb (0),1,,13,[CUDA memcpy Host-to-Device]
3535768987,65343,66576,,,,,,,,,,35.810,547999.206,Device,,NVIDIA A100-SXM4-40GB MIG 4g.20gb (0),1,,13,[CUDA memset]
3535840634,2848,66578,,,,,,,,,,0.000,28.090,Pinned,Device,NVIDIA A100-SXM4-40GB MIG 4g.20gb (0),1,,13,[CUDA memcpy Host-to-Device]
3535845914,10112,66579,,,,,,,,,,0.197,19442.958,Pinned,Device,NVIDIA A100-SXM4-40GB MIG 4g.20gb (0),1,,13,[CUDA memcpy Host-to-Device]
3535970968,29728,66580,273,1,1,48,1,1,40,0.000,0.001,,,,,NVIDIA A100-SXM4-40GB MIG 4g.20gb (0),1,,13,"void pusch_noise_intf_est::noiseIntfEstNoDftSOfdmKernel<float, __half, float, float, (unsigned int)2, (unsigned int)1, (unsigned char)4, (unsigned char)4>(pusch_noise_intf_est::puschRxNoiseIntfEstDynDescr)"
3536039320,18527,66591,35,1,1,128,1,1,16,0.000,0.000,,,,,NVIDIA A100-SXM4-40GB MIG 4g.20gb (0),1,,13,cupy_copy__complex64_complex64
3536114839,3936,66600,1,1,1,1,1,1,18,0.000,0.000,,,,,NVIDIA A100-SXM4-40GB MIG 4g.20gb (0),1,,13,cupy_copy__float32_float32
3536124759,1696,66606,,,,,,,,,,0.000,2.358,Device,Pageable,NVIDIA A100-SXM4-40GB MIG 4g.20gb (0),1,,7,[CUDA memcpy Device-to-Host]
3536276757,21056,66617,1434,1,1,128,1,1,16,0.000,0.000,,,,,NVIDIA A100-SXM4-40GB MIG 4g.20gb (0),1,,13,cupy_copy__complex64_complex64
3536347540,12736,66624,103,1,1,128,1,1,16,0.000,0.000,,,,,NVIDIA A100-SXM4-40GB MIG 4g.20gb (0),1,,13,cupy_copy__complex64_complex64
3536407763,11680,66631,35,1,1,128,1,1,16,0.000,0.000,,,,,NVIDIA A100-SXM4-40GB MIG 4g.20gb (0),1,,13,cupy_copy__complex64_complex64
3536502514,3168,66638,1,1,1,1,1,1,18,0.000,0.000,,,,,NVIDIA A100-SXM4-40GB MIG 4g.20gb (0),1,,13,cupy_copy__float32_float32
3536568273,261053,66649,1,1,1,32,32,1,30,0.000,0.000,,,,,NVIDIA A100-SXM4-40GB MIG 4g.20gb (0),1,,13,"void convert_kernel<__half2, float2>(tensor_layout_any, T1 *, tensor_layout_any, const T2 *)"
3536863150,5376,66652,,,,,,,,,,0.094,17428.487,Pinned,Device,NVIDIA A100-SXM4-40GB MIG 4g.20gb (0),1,,13,[CUDA memcpy Host-to-Device]
3536930925,15968,66653,,,,,,,,,,1.547,96857.328,Device,,NVIDIA A100-SXM4-40GB MIG 4g.20gb (0),1,,13,[CUDA memset]
3536951821,3360,66658,,,,,,,,,,0.031,9314.284,Pinned,Device,NVIDIA A100-SXM4-40GB MIG 4g.20gb (0),1,,13,[CUDA memcpy Host-to-Device]
3536958765,10880,66659,,,,,,,,,,0.197,18070.438,Pinned,Device,NVIDIA A100-SXM4-40GB MIG 4g.20gb (0),1,,13,[CUDA memcpy Host-to-Device]
3537045164,34496,66660,273,1,1,8,4,1,39,0.002,0.000,,,,,NVIDIA A100-SXM4-40GB MIG 4g.20gb (0),1,,13,"void channel_eq::eqMmseCoefCompLowMimoKernel<float, float, float, (unsigned int)4, (unsigned int)1, (unsigned int)4>(const channel_eq::_puschRxChEqStatDescr *, channel_eq::_puschRxChEqCoefCompDynDescr)"
3537127723,26176,66661,273,1,1,12,11,1,51,0.002,0.000,,,,,NVIDIA A100-SXM4-40GB MIG 4g.20gb (0),1,,13,"void channel_eq::eqMmseSoftDemapKernel<float, __half, __half, float, (unsigned int)4, (unsigned short)16383>(channel_eq::_puschRxChEqStatDescr *, channel_eq::_puschRxChEqSoftDemapDynDescr)"
3537202954,454779,66662,1,1,1,32,32,1,30,0.000,0.000,,,,,NVIDIA A100-SXM4-40GB MIG 4g.20gb (0),1,,13,"void convert_kernel<float2, __half2>(tensor_layout_any, T1 *, tensor_layout_any, const T2 *)"
3537710884,22944,66674,2253,1,1,128,1,1,16,0.000,0.000,,,,,NVIDIA A100-SXM4-40GB MIG 4g.20gb (0),1,,13,cupy_copy__float16_float16
3537777892,12671,66683,282,1,1,128,1,1,16,0.000,0.000,,,,,NVIDIA A100-SXM4-40GB MIG 4g.20gb (0),1,,13,cupy_copy__complex64_complex64
3537852675,3808,66692,26,1,1,128,1,1,16,0.000,0.000,,,,,NVIDIA A100-SXM4-40GB MIG 4g.20gb (0),1,,13,cupy_copy__float32_float32
3537910690,14784,66701,103,1,1,128,1,1,16,0.000,0.000,,,,,NVIDIA A100-SXM4-40GB MIG 4g.20gb (0),1,,13,cupy_copy__complex64_complex64
3538007265,16736,66711,1434,1,1,128,1,1,16,0.000,0.000,,,,,NVIDIA A100-SXM4-40GB MIG 4g.20gb (0),1,,13,cupy_copy__complex64_complex64
3538080096,246429,66716,1,1,1,32,32,1,30,0.000,0.000,,,,,NVIDIA A100-SXM4-40GB MIG 4g.20gb (0),1,,13,"void convert_kernel<__half2, float2>(tensor_layout_any, T1 *, tensor_layout_any, const T2 *)"
3538358685,6048,66719,,,,,,,,,,0.094,15491.978,Pinned,Device,NVIDIA A100-SXM4-40GB MIG 4g.20gb (0),1,,13,[CUDA memcpy Host-to-Device]
3538445404,632281,66720,,,,,,,,,,456.561,721823.637,Device,,NVIDIA A100-SXM4-40GB MIG 4g.20gb (0),1,,13,[CUDA memset]
3539087189,51583,66725,,,,,,,,,,1.235,23940.624,Pinned,Device,NVIDIA A100-SXM4-40GB MIG 4g.20gb (0),1,,13,[CUDA memcpy Host-to-Device]
3539141236,9312,66726,,,,,,,,,,0.197,21113.340,Pinned,Device,NVIDIA A100-SXM4-40GB MIG 4g.20gb (0),1,,13,[CUDA memcpy Host-to-Device]
3539213235,23872,66727,69,4,1,48,1,1,76,0.002,0.000,,,,,NVIDIA A100-SXM4-40GB MIG 4g.20gb (0),1,,13,"void ch_est::windowedChEstPreNoDftSOfdmKernel<float, __half, float, (unsigned int)2, (unsigned int)1, (unsigned short)4>(ch_est::puschRxChEstStatDescr_t *, ch_est::puschRxChEstDynDescr_t *)"
3539300402,31936,66728,137,2,1,24,2,1,44,0.001,0.001,,,,,NVIDIA A100-SXM4-40GB MIG 4g.20gb (0),1,,13,"void ch_est::chEstFilterNoDftSOfdmDispatchKernel<float, __half, float, (unsigned int)2>(ch_est::puschRxChEstStatDescr_t *, ch_est::puschRxChEstDynDescr_t *)"
3539365201,24896,66729,137,2,1,24,2,1,44,0.001,0.001,,,,,NVIDIA A100-SXM4-40GB MIG 4g.20gb (0),1,,13,"void ch_est::chEstFilterNoDftSOfdmDispatchKernel<float, __half, float, (unsigned int)2>(ch_est::puschRxChEstStatDescr_t *, ch_est::puschRxChEstDynDescr_t *)"
3539446256,4288,66740,103,1,1,128,1,1,16,0.000,0.000,,,,,NVIDIA A100-SXM4-40GB MIG 4g.20gb (0),1,,13,cupy_copy__complex64_complex64
3539506992,19327,66750,1434,1,1,128,1,1,16,0.000,0.000,,,,,NVIDIA A100-SXM4-40GB MIG 4g.20gb (0),1,,13,cupy_copy__complex64_complex64
3539573999,6624,66757,103,1,1,128,1,1,16,0.000,0.000,,,,,NVIDIA A100-SXM4-40GB MIG 4g.20gb (0),1,,13,cupy_copy__complex64_complex64
3539639886,257981,66764,1,1,1,32,32,1,30,0.000,0.000,,,,,NVIDIA A100-SXM4-40GB MIG 4g.20gb (0),1,,13,"void convert_kernel<__half2, float2>(tensor_layout_any, T1 *, tensor_layout_any, const T2 *)"
3539926763,5888,66767,,,,,,,,,,0.094,15912.954,Pinned,Device,NVIDIA A100-SXM4-40GB MIG 4g.20gb (0),1,,13,[CUDA memcpy Host-to-Device]
3540018858,68383,66768,,,,,,,,,,35.810,523648.460,Device,,NVIDIA A100-SXM4-40GB MIG 4g.20gb (0),1,,13,[CUDA memset]
3540093737,1856,66770,,,,,,,,,,0.000,43.103,Pinned,Device,NVIDIA A100-SXM4-40GB MIG 4g.20gb (0),1,,13,[CUDA memcpy Host-to-Device]
3540098473,9312,66771,,,,,,,,,,0.197,21113.340,Pinned,Device,NVIDIA A100-SXM4-40GB MIG 4g.20gb (0),1,,13,[CUDA memcpy Host-to-Device]
3540222951,29920,66772,273,1,1,48,1,1,40,0.000,0.001,,,,,NVIDIA A100-SXM4-40GB MIG 4g.20gb (0),1,,13,"void pusch_noise_intf_est::noiseIntfEstNoDftSOfdmKernel<float, __half, float, float, (unsigned int)2, (unsigned int)1, (unsigned char)4, (unsigned char)4>(pusch_noise_intf_est::puschRxNoiseIntfEstDynDescr)"
3540288167,6368,66783,35,1,1,128,1,1,16,0.000,0.000,,,,,NVIDIA A100-SXM4-40GB MIG 4g.20gb (0),1,,13,cupy_copy__complex64_complex64
3540344742,5504,66792,1,1,1,1,1,1,18,0.000,0.000,,,,,NVIDIA A100-SXM4-40GB MIG 4g.20gb (0),1,,13,cupy_copy__float32_float32
3540357926,1600,66798,,,,,,,,,,0.000,2.500,Device,Pageable,NVIDIA A100-SXM4-40GB MIG 4g.20gb (0),1,,7,[CUDA memcpy Device-to-Host]
3540466885,19615,66809,1434,1,1,128,1,1,16,0.000,0.000,,,,,NVIDIA A100-SXM4-40GB MIG 4g.20gb (0),1,,13,cupy_copy__complex64_complex64
3540530980,11680,66816,103,1,1,128,1,1,16,0.000,0.000,,,,,NVIDIA A100-SXM4-40GB MIG 4g.20gb (0),1,,13,cupy_copy__complex64_complex64
3540590403,9312,66823,35,1,1,128,1,1,16,0.000,0.000,,,,,NVIDIA A100-SXM4-40GB MIG 4g.20gb (0),1,,13,cupy_copy__complex64_complex64
3540685826,5696,66830,1,1,1,1,1,1,18,0.000,0.000,,,,,NVIDIA A100-SXM4-40GB MIG 4g.20gb (0),1,,13,cupy_copy__float32_float32
3540767329,262109,66841,1,1,1,32,32,1,30,0.000,0.000,,,,,NVIDIA A100-SXM4-40GB MIG 4g.20gb (0),1,,13,"void convert_kernel<__half2, float2>(tensor_layout_any, T1 *, tensor_layout_any, const T2 *)"
3541058366,5376,66844,,,,,,,,,,0.094,17428.487,Pinned,Device,NVIDIA A100-SXM4-40GB MIG 4g.20gb (0),1,,13,[CUDA memcpy Host-to-Device]
3541179516,16416,66845,,,,,,,,,,1.547,94214.148,Device,,NVIDIA A100-SXM4-40GB MIG 4g.20gb (0),1,,13,[CUDA memset]
3541197212,3040,66850,,,,,,,,,,0.031,10294.725,Pinned,Device,NVIDIA A100-SXM4-40GB MIG 4g.20gb (0),1,,13,[CUDA memcpy Host-to-Device]
3541202684,9568,66851,,,,,,,,,,0.197,20548.485,Pinned,Device,NVIDIA A100-SXM4-40GB MIG 4g.20gb (0),1,,13,[CUDA memcpy Host-to-Device]
3541292795,23456,66852,273,1,1,8,4,1,39,0.002,0.000,,,,,NVIDIA A100-SXM4-40GB MIG 4g.20gb (0),1,,13,"void channel_eq::eqMmseCoefCompLowMimoKernel<float, float, float, (unsigned int)4, (unsigned int)1, (unsigned int)4>(const channel_eq::_puschRxChEqStatDescr *, channel_eq::_puschRxChEqCoefCompDynDescr)"
3541361210,25088,66853,273,1,1,12,11,1,51,0.002,0.000,,,,,NVIDIA A100-SXM4-40GB MIG 4g.20gb (0),1,,13,"void channel_eq::eqMmseSoftDemapKernel<float, __half, __half, float, (unsigned int)4, (unsigned short)16383>(channel_eq::_puschRxChEqStatDescr *, channel_eq::_puschRxChEqSoftDemapDynDescr)"
3541426554,561849,66854,1,1,1,32,32,1,30,0.000,0.000,,,,,NVIDIA A100-SXM4-40GB MIG 4g.20gb (0),1,,13,"void convert_kernel<float2, __half2>(tensor_layout_any, T1 *, tensor_layout_any, const T2 *)"
3542068786,21952,66866,2253,1,1,128,1,1,16,0.000,0.000,,,,,NVIDIA A100-SXM4-40GB MIG 4g.20gb (0),1,,13,cupy_copy__float16_float16
3542142001,12768,66875,282,1,1,128,1,1,16,0.000,0.000,,,,,NVIDIA A100-SXM4-40GB MIG 4g.20gb (0),1,,13,cupy_copy__complex64_complex64
3542203217,12640,66884,26,1,1,128,1,1,16,0.000,0.000,,,,,NVIDIA A100-SXM4-40GB MIG 4g.20gb (0),1,,13,cupy_copy__float32_float32
3542261328,16992,66893,103,1,1,128,1,1,16,0.000,0.000,,,,,NVIDIA A100-SXM4-40GB MIG 4g.20gb (0),1,,13,cupy_copy__complex64_complex64
3542341967,19424,66903,1434,1,1,128,1,1,16,0.000,0.000,,,,,NVIDIA A100-SXM4-40GB MIG 4g.20gb (0),1,,13,cupy_copy__complex64_complex64
3542421326,224670,66908,1,1,1,32,32,1,30,0.000,0.000,,,,,NVIDIA A100-SXM4-40GB MIG 4g.20gb (0),1,,13,"void convert_kernel<__half2, float2>(tensor_layout_any, T1 *, tensor_layout_any, const T2 *)"
3542675659,5728,66911,,,,,,,,,,0.094,16357.541,Pinned,Device,NVIDIA A100-SXM4-40GB MIG 4g.20gb (0),1,,13,[CUDA memcpy Host-to-Device]
3542740331,629848,66912,,,,,,,,,,456.561,724563.005,Device,,NVIDIA A100-SXM4-40GB MIG 4g.20gb (0),1,,13,[CUDA memset]
3543376035,52224,66917,,,,,,,,,,1.235,23646.708,Pinned,Device,NVIDIA A100-SXM4-40GB MIG 4g.20gb (0),1,,13,[CUDA memcpy Host-to-Device]
3543430691,9375,66918,,,,,,,,,,0.197,20971.389,Pinned,Device,NVIDIA A100-SXM4-40GB MIG 4g.20gb (0),1,,13,[CUDA memcpy Host-to-Device]
3543501154,21280,66919,69,4,1,48,1,1,76,0.002,0.000,,,,,NVIDIA A100-SXM4-40GB MIG 4g.20gb (0),1,,13,"void ch_est::windowedChEstPreNoDftSOfdmKernel<float, __half, float, (unsigned int)2, (unsigned int)1, (unsigned short)4>(ch_est::puschRxChEstStatDescr_t *, ch_est::puschRxChEstDynDescr_t *)"
3543586849,30975,66920,137,2,1,24,2,1,44,0.001,0.001,,,,,NVIDIA A100-SXM4-40GB MIG 4g.20gb (0),1,,13,"void ch_est::chEstFilterNoDftSOfdmDispatchKernel<float, __half, float, (unsigned int)2>(ch_est::puschRxChEstStatDescr_t *, ch_est::puschRxChEstDynDescr_t *)"
3543651488,24928,66921,137,2,1,24,2,1,44,0.001,0.001,,,,,NVIDIA A100-SXM4-40GB MIG 4g.20gb (0),1,,13,"void ch_est::chEstFilterNoDftSOfdmDispatchKernel<float, __half, float, (unsigned int)2>(ch_est::puschRxChEstStatDescr_t *, ch_est::puschRxChEstDynDescr_t *)"
3543728287,4704,66932,103,1,1,128,1,1,16,0.000,0.000,,,,,NVIDIA A100-SXM4-40GB MIG 4g.20gb (0),1,,13,cupy_copy__complex64_complex64
3543785919,19679,66942,1434,1,1,128,1,1,16,0.000,0.000,,,,,NVIDIA A100-SXM4-40GB MIG 4g.20gb (0),1,,13,cupy_copy__complex64_complex64
3543851294,7808,66949,103,1,1,128,1,1,16,0.000,0.000,,,,,NVIDIA A100-SXM4-40GB MIG 4g.20gb (0),1,,13,cupy_copy__complex64_complex64
3543918653,251869,66956,1,1,1,32,32,1,30,0.000,0.000,,,,,NVIDIA A100-SXM4-40GB MIG 4g.20gb (0),1,,13,"void convert_kernel<__half2, float2>(tensor_layout_any, T1 *, tensor_layout_any, const T2 *)"
3544200218,5440,66959,,,,,,,,,,0.094,17223.480,Pinned,Device,NVIDIA A100-SXM4-40GB MIG 4g.20gb (0),1,,13,[CUDA memcpy Host-to-Device]
3544277177,62847,66960,,,,,,,,,,35.810,569771.637,Device,,NVIDIA A100-SXM4-40GB MIG 4g.20gb (0),1,,13,[CUDA memset]
3544341816,2112,66962,,,,,,,,,,0.000,37.879,Pinned,Device,NVIDIA A100-SXM4-40GB MIG 4g.20gb (0),1,,13,[CUDA memcpy Host-to-Device]
3544348696,9984,66963,,,,,,,,,,0.197,19692.257,Pinned,Device,NVIDIA A100-SXM4-40GB MIG 4g.20gb (0),1,,13,[CUDA memcpy Host-to-Device]
3544470519,30015,66964,273,1,1,48,1,1,40,0.000,0.001,,,,,NVIDIA A100-SXM4-40GB MIG 4g.20gb (0),1,,13,"void pusch_noise_intf_est::noiseIntfEstNoDftSOfdmKernel<float, __half, float, float, (unsigned int)2, (unsigned int)1, (unsigned char)4, (unsigned char)4>(pusch_noise_intf_est::puschRxNoiseIntfEstDynDescr)"
3544545270,6112,66975,35,1,1,128,1,1,16,0.000,0.000,,,,,NVIDIA A100-SXM4-40GB MIG 4g.20gb (0),1,,13,cupy_copy__complex64_complex64
3544611797,6304,66984,1,1,1,1,1,1,18,0.000,0.000,,,,,NVIDIA A100-SXM4-40GB MIG 4g.20gb (0),1,,13,cupy_copy__float32_float32
3544622837,1632,66990,,,,,,,,,,0.000,2.451,Device,Pageable,NVIDIA A100-SXM4-40GB MIG 4g.20gb (0),1,,7,[CUDA memcpy Device-to-Host]
3544739444,20031,67001,1434,1,1,128,1,1,16,0.000,0.000,,,,,NVIDIA A100-SXM4-40GB MIG 4g.20gb (0),1,,13,cupy_copy__complex64_complex64
3544818387,4544,67008,103,1,1,128,1,1,16,0.000,0.000,,,,,NVIDIA A100-SXM4-40GB MIG 4g.20gb (0),1,,13,cupy_copy__complex64_complex64
3544878290,12928,67015,35,1,1,128,1,1,16,0.000,0.000,,,,,NVIDIA A100-SXM4-40GB MIG 4g.20gb (0),1,,13,cupy_copy__complex64_complex64
3544961105,3488,67022,1,1,1,1,1,1,18,0.000,0.000,,,,,NVIDIA A100-SXM4-40GB MIG 4g.20gb (0),1,,13,cupy_copy__float32_float32
3545038832,255069,67033,1,1,1,32,32,1,30,0.000,0.000,,,,,NVIDIA A100-SXM4-40GB MIG 4g.20gb (0),1,,13,"void convert_kernel<__half2, float2>(tensor_layout_any, T1 *, tensor_layout_any, const T2 *)"
3545322957,5408,67036,,,,,,,,,,0.094,17325.421,Pinned,Device,NVIDIA A100-SXM4-40GB MIG 4g.20gb (0),1,,13,[CUDA memcpy Host-to-Device]
3545442379,15520,67037,,,,,,,,,,1.547,99652.078,Device,,NVIDIA A100-SXM4-40GB MIG 4g.20gb (0),1,,13,[CUDA memset]
3545465227,3232,67042,,,,,,,,,,0.031,9683.139,Pinned,Device,NVIDIA A100-SXM4-40GB MIG 4g.20gb (0),1,,13,[CUDA memcpy Host-to-Device]
3545470891,9664,67043,,,,,,,,,,0.197,20344.209,Pinned,Device,NVIDIA A100-SXM4-40GB MIG 4g.20gb (0),1,,13,[CUDA memcpy Host-to-Device]
3545567818,27328,67044,273,1,1,8,4,1,39,0.002,0.000,,,,,NVIDIA A100-SXM4-40GB MIG 4g.20gb (0),1,,13,"void channel_eq::eqMmseCoefCompLowMimoKernel<float, float, float, (unsigned int)4, (unsigned int)1, (unsigned int)4>(const channel_eq::_puschRxChEqStatDescr *, channel_eq::_puschRxChEqCoefCompDynDescr)"
3545635753,25600,67045,273,1,1,12,11,1,51,0.002,0.000,,,,,NVIDIA A100-SXM4-40GB MIG 4g.20gb (0),1,,13,"void channel_eq::eqMmseSoftDemapKernel<float, __half, __half, float, (unsigned int)4, (unsigned short)16383>(channel_eq::_puschRxChEqStatDescr *, channel_eq::_puschRxChEqSoftDemapDynDescr)"
3545710408,588154,67046,1,1,1,32,32,1,30,0.000,0.000,,,,,NVIDIA A100-SXM4-40GB MIG 4g.20gb (0),1,,13,"void convert_kernel<float2, __half2>(tensor_layout_any, T1 *, tensor_layout_any, const T2 *)"
3546367905,21152,67058,2253,1,1,128,1,1,16,0.000,0.000,,,,,NVIDIA A100-SXM4-40GB MIG 4g.20gb (0),1,,13,cupy_copy__float16_float16
3546456384,17760,67067,282,1,1,128,1,1,16,0.000,0.000,,,,,NVIDIA A100-SXM4-40GB MIG 4g.20gb (0),1,,13,cupy_copy__complex64_complex64
3546519519,8896,67076,26,1,1,128,1,1,16,0.000,0.000,,,,,NVIDIA A100-SXM4-40GB MIG 4g.20gb (0),1,,13,cupy_copy__float32_float32
3546584574,8544,67085,103,1,1,128,1,1,16,0.000,0.000,,,,,NVIDIA A100-SXM4-40GB MIG 4g.20gb (0),1,,13,cupy_copy__complex64_complex64
3546667357,18624,67095,1434,1,1,128,1,1,16,0.000,0.000,,,,,NVIDIA A100-SXM4-40GB MIG 4g.20gb (0),1,,13,cupy_copy__complex64_complex64
3546739357,230269,67100,1,1,1,32,32,1,30,0.000,0.000,,,,,NVIDIA A100-SXM4-40GB MIG 4g.20gb (0),1,,13,"void convert_kernel<__half2, float2>(tensor_layout_any, T1 *, tensor_layout_any, const T2 *)"
3547011385,5600,67103,,,,,,,,,,0.094,16731.388,Pinned,Device,NVIDIA A100-SXM4-40GB MIG 4g.20gb (0),1,,13,[CUDA memcpy Host-to-Device]
3547102136,631609,67104,,,,,,,,,,456.561,722736.760,Device,,NVIDIA A100-SXM4-40GB MIG 4g.20gb (0),1,,13,[CUDA memset]
3547740081,50975,67109,,,,,,,,,,1.235,24225.896,Pinned,Device,NVIDIA A100-SXM4-40GB MIG 4g.20gb (0),1,,13,[CUDA memcpy Host-to-Device]
3547793648,10400,67110,,,,,,,,,,0.197,18904.449,Pinned,Device,NVIDIA A100-SXM4-40GB MIG 4g.20gb (0),1,,13,[CUDA memcpy Host-to-Device]
3547931919,25472,67111,69,4,1,48,1,1,76,0.002,0.000,,,,,NVIDIA A100-SXM4-40GB MIG 4g.20gb (0),1,,13,"void ch_est::windowedChEstPreNoDftSOfdmKernel<float, __half, float, (unsigned int)2, (unsigned int)1, (unsigned short)4>(ch_est::puschRxChEstStatDescr_t *, ch_est::puschRxChEstDynDescr_t *)"
3548003662,29952,67112,137,2,1,24,2,1,44,0.001,0.001,,,,,NVIDIA A100-SXM4-40GB MIG 4g.20gb (0),1,,13,"void ch_est::chEstFilterNoDftSOfdmDispatchKernel<float, __half, float, (unsigned int)2>(ch_est::puschRxChEstStatDescr_t *, ch_est::puschRxChEstDynDescr_t *)"
3548068429,26272,67113,137,2,1,24,2,1,44,0.001,0.001,,,,,NVIDIA A100-SXM4-40GB MIG 4g.20gb (0),1,,13,"void ch_est::chEstFilterNoDftSOfdmDispatchKernel<float, __half, float, (unsigned int)2>(ch_est::puschRxChEstStatDescr_t *, ch_est::puschRxChEstDynDescr_t *)"
3548139660,3552,67124,103,1,1,128,1,1,16,0.000,0.000,,,,,NVIDIA A100-SXM4-40GB MIG 4g.20gb (0),1,,13,cupy_copy__complex64_complex64
3548201164,20096,67134,1434,1,1,128,1,1,16,0.000,0.000,,,,,NVIDIA A100-SXM4-40GB MIG 4g.20gb (0),1,,13,cupy_copy__complex64_complex64
3548267531,10912,67141,103,1,1,128,1,1,16,0.000,0.000,,,,,NVIDIA A100-SXM4-40GB MIG 4g.20gb (0),1,,13,cupy_copy__complex64_complex64
3548338666,256285,67148,1,1,1,32,32,1,30,0.000,0.000,,,,,NVIDIA A100-SXM4-40GB MIG 4g.20gb (0),1,,13,"void convert_kernel<__half2, float2>(tensor_layout_any, T1 *, tensor_layout_any, const T2 *)"
3548627975,5376,67151,,,,,,,,,,0.094,17428.487,Pinned,Device,NVIDIA A100-SXM4-40GB MIG 4g.20gb (0),1,,13,[CUDA memcpy Host-to-Device]
3548701798,64959,67152,,,,,,,,,,35.810,551257.908,Device,,NVIDIA A100-SXM4-40GB MIG 4g.20gb (0),1,,13,[CUDA memset]
3548775109,1824,67154,,,,,,,,,,0.000,43.860,Pinned,Device,NVIDIA A100-SXM4-40GB MIG 4g.20gb (0),1,,13,[CUDA memcpy Host-to-Device]
3548779365,10976,67155,,,,,,,,,,0.197,17912.365,Pinned,Device,NVIDIA A100-SXM4-40GB MIG 4g.20gb (0),1,,13,[CUDA memcpy Host-to-Device]
3548899684,29343,67156,273,1,1,48,1,1,40,0.000,0.001,,,,,NVIDIA A100-SXM4-40GB MIG 4g.20gb (0),1,,13,"void pusch_noise_intf_est::noiseIntfEstNoDftSOfdmKernel<float, __half, float, float, (unsigned int)2, (unsigned int)1, (unsigned char)4, (unsigned char)4>(pusch_noise_intf_est::puschRxNoiseIntfEstDynDescr)"
3548965699,6304,67167,35,1,1,128,1,1,16,0.000,0.000,,,,,NVIDIA A100-SXM4-40GB MIG 4g.20gb (0),1,,13,cupy_copy__complex64_complex64
3549031490,4768,67176,1,1,1,1,1,1,18,0.000,0.000,,,,,NVIDIA A100-SXM4-40GB MIG 4g.20gb (0),1,,13,cupy_copy__float32_float32
3549044130,2112,67182,,,,,,,,,,0.000,1.894,Device,Pageable,NVIDIA A100-SXM4-40GB MIG 4g.20gb (0),1,,7,[CUDA memcpy Device-to-Host]
3549161953,22015,67193,1434,1,1,128,1,1,16,0.000,0.000,,,,,NVIDIA A100-SXM4-40GB MIG 4g.20gb (0),1,,13,cupy_copy__complex64_complex64
3549230560,8704,67200,103,1,1,128,1,1,16,0.000,0.000,,,,,NVIDIA A100-SXM4-40GB MIG 4g.20gb (0),1,,13,cupy_copy__complex64_complex64
3549288767,11488,67207,35,1,1,128,1,1,16,0.000,0.000,,,,,NVIDIA A100-SXM4-40GB MIG 4g.20gb (0),1,,13,cupy_copy__complex64_complex64
3549373342,3808,67214,1,1,1,1,1,1,18,0.000,0.000,,,,,NVIDIA A100-SXM4-40GB MIG 4g.20gb (0),1,,13,cupy_copy__float32_float32
3549438910,261629,67225,1,1,1,32,32,1,30,0.000,0.000,,,,,NVIDIA A100-SXM4-40GB MIG 4g.20gb (0),1,,13,"void convert_kernel<__half2, float2>(tensor_layout_any, T1 *, tensor_layout_any, const T2 *)"
3549731098,5376,67228,,,,,,,,,,0.094,17428.487,Pinned,Device,NVIDIA A100-SXM4-40GB MIG 4g.20gb (0),1,,13,[CUDA memcpy Host-to-Device]
3549795001,8544,67229,,,,,,,,,,1.547,181018.420,Device,,NVIDIA A100-SXM4-40GB MIG 4g.20gb (0),1,,13,[CUDA memset]
3549805817,3008,67234,,,,,,,,,,0.031,10404.230,Pinned,Device,NVIDIA A100-SXM4-40GB MIG 4g.20gb (0),1,,13,[CUDA memcpy Host-to-Device]
3549811257,9664,67235,,,,,,,,,,0.197,20344.209,Pinned,Device,NVIDIA A100-SXM4-40GB MIG 4g.20gb (0),1,,13,[CUDA memcpy Host-to-Device]
3549845401,28640,67236,273,1,1,8,4,1,39,0.002,0.000,,,,,NVIDIA A100-SXM4-40GB MIG 4g.20gb (0),1,,13,"void channel_eq::eqMmseCoefCompLowMimoKernel<float, float, float, (unsigned int)4, (unsigned int)1, (unsigned int)4>(const channel_eq::_puschRxChEqStatDescr *, channel_eq::_puschRxChEqCoefCompDynDescr)"
3549918008,19520,67237,273,1,1,12,11,1,51,0.002,0.000,,,,,NVIDIA A100-SXM4-40GB MIG 4g.20gb (0),1,,13,"void channel_eq::eqMmseSoftDemapKernel<float, __half, __half, float, (unsigned int)4, (unsigned short)16383>(channel_eq::_puschRxChEqStatDescr *, channel_eq::_puschRxChEqSoftDemapDynDescr)"
3549981527,587002,67238,1,1,1,32,32,1,30,0.000,0.000,,,,,NVIDIA A100-SXM4-40GB MIG 4g.20gb (0),1,,13,"void convert_kernel<float2, __half2>(tensor_layout_any, T1 *, tensor_layout_any, const T2 *)"
3550630576,19808,67250,2253,1,1,128,1,1,16,0.000,0.000,,,,,NVIDIA A100-SXM4-40GB MIG 4g.20gb (0),1,,13,cupy_copy__float16_float16
3550694607,11904,67259,282,1,1,128,1,1,16,0.000,0.000,,,,,NVIDIA A100-SXM4-40GB MIG 4g.20gb (0),1,,13,cupy_copy__complex64_complex64
3550776206,3360,67268,26,1,1,128,1,1,16,0.000,0.000,,,,,NVIDIA A100-SXM4-40GB MIG 4g.20gb (0),1,,13,cupy_copy__float32_float32
3550835533,15328,67277,103,1,1,128,1,1,16,0.000,0.000,,,,,NVIDIA A100-SXM4-40GB MIG 4g.20gb (0),1,,13,cupy_copy__complex64_complex64
3550936908,15104,67287,1434,1,1,128,1,1,16,0.000,0.000,,,,,NVIDIA A100-SXM4-40GB MIG 4g.20gb (0),1,,13,cupy_copy__complex64_complex64
3551002924,250109,67292,1,1,1,32,32,1,30,0.000,0.000,,,,,NVIDIA A100-SXM4-40GB MIG 4g.20gb (0),1,,13,"void convert_kernel<__half2, float2>(tensor_layout_any, T1 *, tensor_layout_any, const T2 *)"
3551282120,5504,67295,,,,,,,,,,0.094,17023.251,Pinned,Device,NVIDIA A100-SXM4-40GB MIG 4g.20gb (0),1,,13,[CUDA memcpy Host-to-Device]
3551376839,630169,67296,,,,,,,,,,456.561,724106.444,Device,,NVIDIA A100-SXM4-40GB MIG 4g.20gb (0),1,,13,[CUDA memset]
3552011296,53535,67301,,,,,,,,,,1.235,23067.519,Pinned,Device,NVIDIA A100-SXM4-40GB MIG 4g.20gb (0),1,,13,[CUDA memcpy Host-to-Device]
3552068575,9440,67302,,,,,,,,,,0.197,20827.079,Pinned,Device,NVIDIA A100-SXM4-40GB MIG 4g.20gb (0),1,,13,[CUDA memcpy Host-to-Device]
3552147870,21472,67303,69,4,1,48,1,1,76,0.002,0.000,,,,,NVIDIA A100-SXM4-40GB MIG 4g.20gb (0),1,,13,"void ch_est::windowedChEstPreNoDftSOfdmKernel<float, __half, float, (unsigned int)2, (unsigned int)1, (unsigned short)4>(ch_est::puschRxChEstStatDescr_t *, ch_est::puschRxChEstDynDescr_t *)"
3552241853,30272,67304,137,2,1,24,2,1,44,0.001,0.001,,,,,NVIDIA A100-SXM4-40GB MIG 4g.20gb (0),1,,13,"void ch_est::chEstFilterNoDftSOfdmDispatchKernel<float, __half, float, (unsigned int)2>(ch_est::puschRxChEstStatDescr_t *, ch_est::puschRxChEstDynDescr_t *)"
3552305469,26143,67305,137,2,1,24,2,1,44,0.001,0.001,,,,,NVIDIA A100-SXM4-40GB MIG 4g.20gb (0),1,,13,"void ch_est::chEstFilterNoDftSOfdmDispatchKernel<float, __half, float, (unsigned int)2>(ch_est::puschRxChEstStatDescr_t *, ch_est::puschRxChEstDynDescr_t *)"
3552372604,6784,67316,103,1,1,128,1,1,16,0.000,0.000,,,,,NVIDIA A100-SXM4-40GB MIG 4g.20gb (0),1,,13,cupy_copy__complex64_complex64
3552431131,18912,67326,1434,1,1,128,1,1,16,0.000,0.000,,,,,NVIDIA A100-SXM4-40GB MIG 4g.20gb (0),1,,13,cupy_copy__complex64_complex64
3552497338,7424,67333,103,1,1,128,1,1,16,0.000,0.000,,,,,NVIDIA A100-SXM4-40GB MIG 4g.20gb (0),1,,13,cupy_copy__complex64_complex64
3552564058,255613,67340,1,1,1,32,32,1,30,0.000,0.000,,,,,NVIDIA A100-SXM4-40GB MIG 4g.20gb (0),1,,13,"void convert_kernel<__half2, float2>(tensor_layout_any, T1 *, tensor_layout_any, const T2 *)"
3552851510,5504,67343,,,,,,,,,,0.094,17023.251,Pinned,Device,NVIDIA A100-SXM4-40GB MIG 4g.20gb (0),1,,13,[CUDA memcpy Host-to-Device]
3552970613,64799,67344,,,,,,,,,,35.810,552618.685,Device,,NVIDIA A100-SXM4-40GB MIG 4g.20gb (0),1,,13,[CUDA memset]
3553037204,1888,67346,,,,,,,,,,0.000,42.373,Pinned,Device,NVIDIA A100-SXM4-40GB MIG 4g.20gb (0),1,,13,[CUDA memcpy Host-to-Device]
3553043316,9824,67347,,,,,,,,,,0.197,20012.925,Pinned,Device,NVIDIA A100-SXM4-40GB MIG 4g.20gb (0),1,,13,[CUDA memcpy Host-to-Device]
3553176531,29023,67348,273,1,1,48,1,1,40,0.000,0.001,,,,,NVIDIA A100-SXM4-40GB MIG 4g.20gb (0),1,,13,"void pusch_noise_intf_est::noiseIntfEstNoDftSOfdmKernel<float, __half, float, float, (unsigned int)2, (unsigned int)1, (unsigned char)4, (unsigned char)4>(pusch_noise_intf_est::puschRxNoiseIntfEstDynDescr)"
3553241266,7168,67359,35,1,1,128,1,1,16,0.000,0.000,,,,,NVIDIA A100-SXM4-40GB MIG 4g.20gb (0),1,,13,cupy_copy__complex64_complex64
3553310929,3328,67368,1,1,1,1,1,1,18,0.000,0.000,,,,,NVIDIA A100-SXM4-40GB MIG 4g.20gb (0),1,,13,cupy_copy__float32_float32
3553314961,1760,67374,,,,,,,,,,0.000,2.273,Device,Pageable,NVIDIA A100-SXM4-40GB MIG 4g.20gb (0),1,,7,[CUDA memcpy Device-to-Host]
3553441328,21151,67385,1434,1,1,128,1,1,16,0.000,0.000,,,,,NVIDIA A100-SXM4-40GB MIG 4g.20gb (0),1,,13,cupy_copy__complex64_complex64
3553523183,4640,67392,103,1,1,128,1,1,16,0.000,0.000,,,,,NVIDIA A100-SXM4-40GB MIG 4g.20gb (0),1,,13,cupy_copy__complex64_complex64
3553589006,10496,67399,35,1,1,128,1,1,16,0.000,0.000,,,,,NVIDIA A100-SXM4-40GB MIG 4g.20gb (0),1,,13,cupy_copy__complex64_complex64
3553673421,3424,67406,1,1,1,1,1,1,18,0.000,0.000,,,,,NVIDIA A100-SXM4-40GB MIG 4g.20gb (0),1,,13,cupy_copy__float32_float32
3553749484,258525,67417,1,1,1,32,32,1,30,0.000,0.000,,,,,NVIDIA A100-SXM4-40GB MIG 4g.20gb (0),1,,13,"void convert_kernel<__half2, float2>(tensor_layout_any, T1 *, tensor_layout_any, const T2 *)"
3554038601,5728,67420,,,,,,,,,,0.094,16357.541,Pinned,Device,NVIDIA A100-SXM4-40GB MIG 4g.20gb (0),1,,13,[CUDA memcpy Host-to-Device]
3554145191,13536,67421,,,,,,,,,,1.547,114259.941,Device,,NVIDIA A100-SXM4-40GB MIG 4g.20gb (0),1,,13,[CUDA memset]
3554164359,4064,67426,,,,,,,,,,0.031,7700.756,Pinned,Device,NVIDIA A100-SXM4-40GB MIG 4g.20gb (0),1,,13,[CUDA memcpy Host-to-Device]
3554170887,10112,67427,,,,,,,,,,0.197,19442.958,Pinned,Device,NVIDIA A100-SXM4-40GB MIG 4g.20gb (0),1,,13,[CUDA memcpy Host-to-Device]
3554266886,24608,67428,273,1,1,8,4,1,39,0.002,0.000,,,,,NVIDIA A100-SXM4-40GB MIG 4g.20gb (0),1,,13,"void channel_eq::eqMmseCoefCompLowMimoKernel<float, float, float, (unsigned int)4, (unsigned int)1, (unsigned int)4>(const channel_eq::_puschRxChEqStatDescr *, channel_eq::_puschRxChEqCoefCompDynDescr)"
3554331205,24864,67429,273,1,1,12,11,1,51,0.002,0.000,,,,,NVIDIA A100-SXM4-40GB MIG 4g.20gb (0),1,,13,"void channel_eq::eqMmseSoftDemapKernel<float, __half, __half, float, (unsigned int)4, (unsigned short)16383>(channel_eq::_puschRxChEqStatDescr *, channel_eq::_puschRxChEqSoftDemapDynDescr)"
3554400228,430556,67430,1,1,1,32,32,1,30,0.000,0.000,,,,,NVIDIA A100-SXM4-40GB MIG 4g.20gb (0),1,,13,"void convert_kernel<float2, __half2>(tensor_layout_any, T1 *, tensor_layout_any, const T2 *)"
3554906591,20095,67442,2253,1,1,128,1,1,16,0.000,0.000,,,,,NVIDIA A100-SXM4-40GB MIG 4g.20gb (0),1,,13,cupy_copy__float16_float16
3554977278,17376,67451,282,1,1,128,1,1,16,0.000,0.000,,,,,NVIDIA A100-SXM4-40GB MIG 4g.20gb (0),1,,13,cupy_copy__complex64_complex64
3555046525,3648,67460,26,1,1,128,1,1,16,0.000,0.000,,,,,NVIDIA A100-SXM4-40GB MIG 4g.20gb (0),1,,13,cupy_copy__float32_float32
3555112188,14336,67469,103,1,1,128,1,1,16,0.000,0.000,,,,,NVIDIA A100-SXM4-40GB MIG 4g.20gb (0),1,,13,cupy_copy__complex64_complex64
3555209115,17536,67479,1434,1,1,128,1,1,16,0.000,0.000,,,,,NVIDIA A100-SXM4-40GB MIG 4g.20gb (0),1,,13,cupy_copy__complex64_complex64
3555285466,249181,67484,1,1,1,32,32,1,30,0.000,0.000,,,,,NVIDIA A100-SXM4-40GB MIG 4g.20gb (0),1,,13,"void convert_kernel<__half2, float2>(tensor_layout_any, T1 *, tensor_layout_any, const T2 *)"
3555563991,5408,67487,,,,,,,,,,0.094,17325.421,Pinned,Device,NVIDIA A100-SXM4-40GB MIG 4g.20gb (0),1,,13,[CUDA memcpy Host-to-Device]
3555649046,631417,67488,,,,,,,,,,456.561,722736.760,Device,,NVIDIA A100-SXM4-40GB MIG 4g.20gb (0),1,,13,[CUDA memset]
3556282255,50943,67493,,,,,,,,,,1.235,24240.716,Pinned,Device,NVIDIA A100-SXM4-40GB MIG 4g.20gb (0),1,,13,[CUDA memcpy Host-to-Device]
3556335662,9728,67494,,,,,,,,,,0.197,20210.516,Pinned,Device,NVIDIA A100-SXM4-40GB MIG 4g.20gb (0),1,,13,[CUDA memcpy Host-to-Device]
3556428557,23840,67495,69,4,1,48,1,1,76,0.002,0.000,,,,,NVIDIA A100-SXM4-40GB MIG 4g.20gb (0),1,,13,"void ch_est::windowedChEstPreNoDftSOfdmKernel<float, __half, float, (unsigned int)2, (unsigned int)1, (unsigned short)4>(ch_est::puschRxChEstStatDescr_t *, ch_est::puschRxChEstDynDescr_t *)"
3556501580,27712,67496,137,2,1,24,2,1,44,0.001,0.001,,,,,NVIDIA A100-SXM4-40GB MIG 4g.20gb (0),1,,13,"void ch_est::chEstFilterNoDftSOfdmDispatchKernel<float, __half, float, (unsigned int)2>(ch_est::puschRxChEstStatDescr_t *, ch_est::puschRxChEstDynDescr_t *)"
3556567692,24799,67497,137,2,1,24,2,1,44,0.001,0.001,,,,,NVIDIA A100-SXM4-40GB MIG 4g.20gb (0),1,,13,"void ch_est::chEstFilterNoDftSOfdmDispatchKernel<float, __half, float, (unsigned int)2>(ch_est::puschRxChEstStatDescr_t *, ch_est::puschRxChEstDynDescr_t *)"
3556633643,4000,67508,103,1,1,128,1,1,16,0.000,0.000,,,,,NVIDIA A100-SXM4-40GB MIG 4g.20gb (0),1,,13,cupy_copy__complex64_complex64
3556692010,20768,67518,1434,1,1,128,1,1,16,0.000,0.000,,,,,NVIDIA A100-SXM4-40GB MIG 4g.20gb (0),1,,13,cupy_copy__complex64_complex64
3556777033,12736,67525,103,1,1,128,1,1,16,0.000,0.000,,,,,NVIDIA A100-SXM4-40GB MIG 4g.20gb (0),1,,13,cupy_copy__complex64_complex64
3556844232,258653,67532,1,1,1,32,32,1,30,0.000,0.000,,,,,NVIDIA A100-SXM4-40GB MIG 4g.20gb (0),1,,13,"void convert_kernel<__half2, float2>(tensor_layout_any, T1 *, tensor_layout_any, const T2 *)"
3557131909,5376,67535,,,,,,,,,,0.094,17428.487,Pinned,Device,NVIDIA A100-SXM4-40GB MIG 4g.20gb (0),1,,13,[CUDA memcpy Host-to-Device]
3557226244,65055,67536,,,,,,,,,,35.810,550434.280,Device,,NVIDIA A100-SXM4-40GB MIG 4g.20gb (0),1,,13,[CUDA memset]
3557293955,1824,67538,,,,,,,,,,0.000,43.860,Pinned,Device,NVIDIA A100-SXM4-40GB MIG 4g.20gb (0),1,,13,[CUDA memcpy Host-to-Device]
3557299843,9856,67539,,,,,,,,,,0.197,19948.044,Pinned,Device,NVIDIA A100-SXM4-40GB MIG 4g.20gb (0),1,,13,[CUDA memcpy Host-to-Device]
3557425666,27071,67540,273,1,1,48,1,1,40,0.000,0.001,,,,,NVIDIA A100-SXM4-40GB MIG 4g.20gb (0),1,,13,"void pusch_noise_intf_est::noiseIntfEstNoDftSOfdmKernel<float, __half, float, float, (unsigned int)2, (unsigned int)1, (unsigned char)4, (unsigned char)4>(pusch_noise_intf_est::puschRxNoiseIntfEstDynDescr)"
3557497857,7040,67551,35,1,1,128,1,1,16,0.000,0.000,,,,,NVIDIA A100-SXM4-40GB MIG 4g.20gb (0),1,,13,cupy_copy__complex64_complex64
3557562944,8256,67560,1,1,1,1,1,1,18,0.000,0.000,,,,,NVIDIA A100-SXM4-40GB MIG 4g.20gb (0),1,,13,cupy_copy__float32_float32
3557579072,1888,67566,,,,,,,,,,0.000,2.119,Device,Pageable,NVIDIA A100-SXM4-40GB MIG 4g.20gb (0),1,,7,[CUDA memcpy Device-to-Host]
3557696287,19743,67577,1434,1,1,128,1,1,16,0.000,0.000,,,,,NVIDIA A100-SXM4-40GB MIG 4g.20gb (0),1,,13,cupy_copy__complex64_complex64
3557762110,8160,67584,103,1,1,128,1,1,16,0.000,0.000,,,,,NVIDIA A100-SXM4-40GB MIG 4g.20gb (0),1,,13,cupy_copy__complex64_complex64
3557821053,10496,67591,35,1,1,128,1,1,16,0.000,0.000,,,,,NVIDIA A100-SXM4-40GB MIG 4g.20gb (0),1,,13,cupy_copy__complex64_complex64
3557907388,3392,67598,1,1,1,1,1,1,18,0.000,0.000,,,,,NVIDIA A100-SXM4-40GB MIG 4g.20gb (0),1,,13,cupy_copy__float32_float32
3557980219,253437,67609,1,1,1,32,32,1,30,0.000,0.000,,,,,NVIDIA A100-SXM4-40GB MIG 4g.20gb (0),1,,13,"void convert_kernel<__half2, float2>(tensor_layout_any, T1 *, tensor_layout_any, const T2 *)"
3558263832,5344,67612,,,,,,,,,,0.094,17532.864,Pinned,Device,NVIDIA A100-SXM4-40GB MIG 4g.20gb (0),1,,13,[CUDA memcpy Host-to-Device]
3558352439,6432,67613,,,,,,,,,,1.547,240456.727,Device,,NVIDIA A100-SXM4-40GB MIG 4g.20gb (0),1,,13,[CUDA memset]
3558359863,3040,67618,,,,,,,,,,0.031,10294.725,Pinned,Device,NVIDIA A100-SXM4-40GB MIG 4g.20gb (0),1,,13,[CUDA memcpy Host-to-Device]
3558365335,9408,67619,,,,,,,,,,0.197,20897.858,Pinned,Device,NVIDIA A100-SXM4-40GB MIG 4g.20gb (0),1,,13,[CUDA memcpy Host-to-Device]
3558401079,28863,67620,273,1,1,8,4,1,39,0.002,0.000,,,,,NVIDIA A100-SXM4-40GB MIG 4g.20gb (0),1,,13,"void channel_eq::eqMmseCoefCompLowMimoKernel<float, float, float, (unsigned int)4, (unsigned int)1, (unsigned int)4>(const channel_eq::_puschRxChEqStatDescr *, channel_eq::_puschRxChEqCoefCompDynDescr)"
3558476470,26847,67621,273,1,1,12,11,1,51,0.002,0.000,,,,,NVIDIA A100-SXM4-40GB MIG 4g.20gb (0),1,,13,"void channel_eq::eqMmseSoftDemapKernel<float, __half, __half, float, (unsigned int)4, (unsigned short)16383>(channel_eq::_puschRxChEqStatDescr *, channel_eq::_puschRxChEqSoftDemapDynDescr)"
3558540693,597401,67622,1,1,1,32,32,1,30,0.000,0.000,,,,,NVIDIA A100-SXM4-40GB MIG 4g.20gb (0),1,,13,"void convert_kernel<float2, __half2>(tensor_layout_any, T1 *, tensor_layout_any, const T2 *)"
3559223981,21088,67634,2253,1,1,128,1,1,16,0.000,0.000,,,,,NVIDIA A100-SXM4-40GB MIG 4g.20gb (0),1,,13,cupy_copy__float16_float16
3559296524,9664,67643,282,1,1,128,1,1,16,0.000,0.000,,,,,NVIDIA A100-SXM4-40GB MIG 4g.20gb (0),1,,13,cupy_copy__complex64_complex64
3559363371,12128,67652,26,1,1,128,1,1,16,0.000,0.000,,,,,NVIDIA A100-SXM4-40GB MIG 4g.20gb (0),1,,13,cupy_copy__float32_float32
3559424171,13824,67661,103,1,1,128,1,1,16,0.000,0.000,,,,,NVIDIA A100-SXM4-40GB MIG 4g.20gb (0),1,,13,cupy_copy__complex64_complex64
3559490218,21152,67671,1434,1,1,128,1,1,16,0.000,0.000,,,,,NVIDIA A100-SXM4-40GB MIG 4g.20gb (0),1,,13,cupy_copy__complex64_complex64
3559557289,244541,67676,1,1,1,32,32,1,30,0.000,0.000,,,,,NVIDIA A100-SXM4-40GB MIG 4g.20gb (0),1,,13,"void convert_kernel<__half2, float2>(tensor_layout_any, T1 *, tensor_layout_any, const T2 *)"
3559831814,5408,67679,,,,,,,,,,0.094,17325.421,Pinned,Device,NVIDIA A100-SXM4-40GB MIG 4g.20gb (0),1,,13,[CUDA memcpy Host-to-Device]
3559926661,628057,67680,,,,,,,,,,456.561,726845.812,Device,,NVIDIA A100-SXM4-40GB MIG 4g.20gb (0),1,,13,[CUDA memset]
3560563166,55455,67685,,,,,,,,,,1.235,22268.510,Pinned,Device,NVIDIA A100-SXM4-40GB MIG 4g.20gb (0),1,,13,[CUDA memcpy Host-to-Device]
3560621821,12416,67686,,,,,,,,,,0.197,15835.005,Pinned,Device,NVIDIA A100-SXM4-40GB MIG 4g.20gb (0),1,,13,[CUDA memcpy Host-to-Device]
3560751195,22304,67687,69,4,1,48,1,1,76,0.002,0.000,,,,,NVIDIA A100-SXM4-40GB MIG 4g.20gb (0),1,,13,"void ch_est::windowedChEstPreNoDftSOfdmKernel<float, __half, float, (unsigned int)2, (unsigned int)1, (unsigned short)4>(ch_est::puschRxChEstStatDescr_t *, ch_est::puschRxChEstDynDescr_t *)"
3560835355,33727,67688,137,2,1,24,2,1,44,0.001,0.001,,,,,NVIDIA A100-SXM4-40GB MIG 4g.20gb (0),1,,13,"void ch_est::chEstFilterNoDftSOfdmDispatchKernel<float, __half, float, (unsigned int)2>(ch_est::puschRxChEstStatDescr_t *, ch_est::puschRxChEstDynDescr_t *)"
3560901114,26111,67689,137,2,1,24,2,1,44,0.001,0.001,,,,,NVIDIA A100-SXM4-40GB MIG 4g.20gb (0),1,,13,"void ch_est::chEstFilterNoDftSOfdmDispatchKernel<float, __half, float, (unsigned int)2>(ch_est::puschRxChEstStatDescr_t *, ch_est::puschRxChEstDynDescr_t *)"
3560973657,4800,67700,103,1,1,128,1,1,16,0.000,0.000,,,,,NVIDIA A100-SXM4-40GB MIG 4g.20gb (0),1,,13,cupy_copy__complex64_complex64
3561038520,19328,67710,1434,1,1,128,1,1,16,0.000,0.000,,,,,NVIDIA A100-SXM4-40GB MIG 4g.20gb (0),1,,13,cupy_copy__complex64_complex64
3561113975,8768,67717,103,1,1,128,1,1,16,0.000,0.000,,,,,NVIDIA A100-SXM4-40GB MIG 4g.20gb (0),1,,13,cupy_copy__complex64_complex64
3561179703,255389,67724,1,1,1,32,32,1,30,0.000,0.000,,,,,NVIDIA A100-SXM4-40GB MIG 4g.20gb (0),1,,13,"void convert_kernel<__half2, float2>(tensor_layout_any, T1 *, tensor_layout_any, const T2 *)"
3561464499,5504,67727,,,,,,,,,,0.094,17023.251,Pinned,Device,NVIDIA A100-SXM4-40GB MIG 4g.20gb (0),1,,13,[CUDA memcpy Host-to-Device]
3561517875,63391,67728,,,,,,,,,,35.810,564901.488,Device,,NVIDIA A100-SXM4-40GB MIG 4g.20gb (0),1,,13,[CUDA memset]
3561584786,1824,67730,,,,,,,,,,0.000,43.860,Pinned,Device,NVIDIA A100-SXM4-40GB MIG 4g.20gb (0),1,,13,[CUDA memcpy Host-to-Device]
3561589074,9536,67731,,,,,,,,,,0.197,20617.298,Pinned,Device,NVIDIA A100-SXM4-40GB MIG 4g.20gb (0),1,,13,[CUDA memcpy Host-to-Device]
3561716240,35808,67732,273,1,1,48,1,1,40,0.000,0.001,,,,,NVIDIA A100-SXM4-40GB MIG 4g.20gb (0),1,,13,"void pusch_noise_intf_est::noiseIntfEstNoDftSOfdmKernel<float, __half, float, float, (unsigned int)2, (unsigned int)1, (unsigned char)4, (unsigned char)4>(pusch_noise_intf_est::puschRxNoiseIntfEstDynDescr)"
3561784240,13631,67743,35,1,1,128,1,1,16,0.000,0.000,,,,,NVIDIA A100-SXM4-40GB MIG 4g.20gb (0),1,,13,cupy_copy__complex64_complex64
3561863023,3264,67752,1,1,1,1,1,1,18,0.000,0.000,,,,,NVIDIA A100-SXM4-40GB MIG 4g.20gb (0),1,,13,cupy_copy__float32_float32
3561873967,1632,67758,,,,,,,,,,0.000,2.451,Device,Pageable,NVIDIA A100-SXM4-40GB MIG 4g.20gb (0),1,,7,[CUDA memcpy Device-to-Host]
3562003949,14624,67769,1434,1,1,128,1,1,16,0.000,0.000,,,,,NVIDIA A100-SXM4-40GB MIG 4g.20gb (0),1,,13,cupy_copy__complex64_complex64
3562062252,11520,67776,103,1,1,128,1,1,16,0.000,0.000,,,,,NVIDIA A100-SXM4-40GB MIG 4g.20gb (0),1,,13,cupy_copy__complex64_complex64
3562137772,5215,67783,35,1,1,128,1,1,16,0.000,0.000,,,,,NVIDIA A100-SXM4-40GB MIG 4g.20gb (0),1,,13,cupy_copy__complex64_complex64
3562211499,4480,67790,1,1,1,1,1,1,18,0.000,0.000,,,,,NVIDIA A100-SXM4-40GB MIG 4g.20gb (0),1,,13,cupy_copy__float32_float32
3562294890,259165,67801,1,1,1,32,32,1,30,0.000,0.000,,,,,NVIDIA A100-SXM4-40GB MIG 4g.20gb (0),1,,13,"void convert_kernel<__half2, float2>(tensor_layout_any, T1 *, tensor_layout_any, const T2 *)"
3562583430,5408,67804,,,,,,,,,,0.094,17325.421,Pinned,Device,NVIDIA A100-SXM4-40GB MIG 4g.20gb (0),1,,13,[CUDA memcpy Host-to-Device]
3562623686,16768,67805,,,,,,,,,,1.547,92236.015,Device,,NVIDIA A100-SXM4-40GB MIG 4g.20gb (0),1,,13,[CUDA memset]
3562641958,3040,67810,,,,,,,,,,0.031,10294.725,Pinned,Device,NVIDIA A100-SXM4-40GB MIG 4g.20gb (0),1,,13,[CUDA memcpy Host-to-Device]
3562647430,9408,67811,,,,,,,,,,0.197,20897.858,Pinned,Device,NVIDIA A100-SXM4-40GB MIG 4g.20gb (0),1,,13,[CUDA memcpy Host-to-Device]
3562683397,37248,67812,273,1,1,8,4,1,39,0.002,0.000,,,,,NVIDIA A100-SXM4-40GB MIG 4g.20gb (0),1,,13,"void channel_eq::eqMmseCoefCompLowMimoKernel<float, float, float, (unsigned int)4, (unsigned int)1, (unsigned int)4>(const channel_eq::_puschRxChEqStatDescr *, channel_eq::_puschRxChEqCoefCompDynDescr)"
3562771364,25952,67813,273,1,1,12,11,1,51,0.002,0.000,,,,,NVIDIA A100-SXM4-40GB MIG 4g.20gb (0),1,,13,"void channel_eq::eqMmseSoftDemapKernel<float, __half, __half, float, (unsigned int)4, (unsigned short)16383>(channel_eq::_puschRxChEqStatDescr *, channel_eq::_puschRxChEqSoftDemapDynDescr)"
3562852451,570266,67814,1,1,1,32,32,1,30,0.000,0.000,,,,,NVIDIA A100-SXM4-40GB MIG 4g.20gb (0),1,,13,"void convert_kernel<float2, __half2>(tensor_layout_any, T1 *, tensor_layout_any, const T2 *)"
3563512444,22208,67826,2253,1,1,128,1,1,16,0.000,0.000,,,,,NVIDIA A100-SXM4-40GB MIG 4g.20gb (0),1,,13,cupy_copy__float16_float16
3563661178,14880,67835,282,1,1,128,1,1,16,0.000,0.000,,,,,NVIDIA A100-SXM4-40GB MIG 4g.20gb (0),1,,13,cupy_copy__complex64_complex64
3563720537,3456,67844,26,1,1,128,1,1,16,0.000,0.000,,,,,NVIDIA A100-SXM4-40GB MIG 4g.20gb (0),1,,13,cupy_copy__float32_float32
3563779641,13696,67853,103,1,1,128,1,1,16,0.000,0.000,,,,,NVIDIA A100-SXM4-40GB MIG 4g.20gb (0),1,,13,cupy_copy__complex64_complex64
3563881592,16799,67863,1434,1,1,128,1,1,16,0.000,0.000,,,,,NVIDIA A100-SXM4-40GB MIG 4g.20gb (0),1,,13,cupy_copy__complex64_complex64
3563949175,245789,67868,1,1,1,32,32,1,30,0.000,0.000,,,,,NVIDIA A100-SXM4-40GB MIG 4g.20gb (0),1,,13,"void convert_kernel<__half2, float2>(tensor_layout_any, T1 *, tensor_layout_any, const T2 *)"
3564226484,5471,67871,,,,,,,,,,0.094,17125.849,Pinned,Device,NVIDIA A100-SXM4-40GB MIG 4g.20gb (0),1,,13,[CUDA memcpy Host-to-Device]
3564328178,628025,67872,,,,,,,,,,456.561,726845.812,Device,,NVIDIA A100-SXM4-40GB MIG 4g.20gb (0),1,,13,[CUDA memset]
3564958923,50880,67877,,,,,,,,,,1.235,24271.589,Pinned,Device,NVIDIA A100-SXM4-40GB MIG 4g.20gb (0),1,,13,[CUDA memcpy Host-to-Device]
3565012235,9439,67878,,,,,,,,,,0.197,20829.241,Pinned,Device,NVIDIA A100-SXM4-40GB MIG 4g.20gb (0),1,,13,[CUDA memcpy Host-to-Device]
3565086858,22335,67879,69,4,1,48,1,1,76,0.002,0.000,,,,,NVIDIA A100-SXM4-40GB MIG 4g.20gb (0),1,,13,"void ch_est::windowedChEstPreNoDftSOfdmKernel<float, __half, float, (unsigned int)2, (unsigned int)1, (unsigned short)4>(ch_est::puschRxChEstStatDescr_t *, ch_est::puschRxChEstDynDescr_t *)"
3565171785,34623,67880,137,2,1,24,2,1,44,0.001,0.001,,,,,NVIDIA A100-SXM4-40GB MIG 4g.20gb (0),1,,13,"void ch_est::chEstFilterNoDftSOfdmDispatchKernel<float, __half, float, (unsigned int)2>(ch_est::puschRxChEstStatDescr_t *, ch_est::puschRxChEstDynDescr_t *)"
3565237832,26144,67881,137,2,1,24,2,1,44,0.001,0.001,,,,,NVIDIA A100-SXM4-40GB MIG 4g.20gb (0),1,,13,"void ch_est::chEstFilterNoDftSOfdmDispatchKernel<float, __half, float, (unsigned int)2>(ch_est::puschRxChEstStatDescr_t *, ch_est::puschRxChEstDynDescr_t *)"
3565325191,4608,67892,103,1,1,128,1,1,16,0.000,0.000,,,,,NVIDIA A100-SXM4-40GB MIG 4g.20gb (0),1,,13,cupy_copy__complex64_complex64
3565390374,19360,67902,1434,1,1,128,1,1,16,0.000,0.000,,,,,NVIDIA A100-SXM4-40GB MIG 4g.20gb (0),1,,13,cupy_copy__complex64_complex64
3565464037,8000,67909,103,1,1,128,1,1,16,0.000,0.000,,,,,NVIDIA A100-SXM4-40GB MIG 4g.20gb (0),1,,13,cupy_copy__complex64_complex64
3565531493,247997,67916,1,1,1,32,32,1,30,0.000,0.000,,,,,NVIDIA A100-SXM4-40GB MIG 4g.20gb (0),1,,13,"void convert_kernel<__half2, float2>(tensor_layout_any, T1 *, tensor_layout_any, const T2 *)"
3565808513,5632,67919,,,,,,,,,,0.094,16636.287,Pinned,Device,NVIDIA A100-SXM4-40GB MIG 4g.20gb (0),1,,13,[CUDA memcpy Host-to-Device]
3565870753,62975,67920,,,,,,,,,,35.810,568625.720,Device,,NVIDIA A100-SXM4-40GB MIG 4g.20gb (0),1,,13,[CUDA memset]
3565942272,1888,67922,,,,,,,,,,0.000,42.373,Pinned,Device,NVIDIA A100-SXM4-40GB MIG 4g.20gb (0),1,,13,[CUDA memcpy Host-to-Device]
3565946592,9312,67923,,,,,,,,,,0.197,21113.340,Pinned,Device,NVIDIA A100-SXM4-40GB MIG 4g.20gb (0),1,,13,[CUDA memcpy Host-to-Device]
3566069502,36512,67924,273,1,1,48,1,1,40,0.000,0.001,,,,,NVIDIA A100-SXM4-40GB MIG 4g.20gb (0),1,,13,"void pusch_noise_intf_est::noiseIntfEstNoDftSOfdmKernel<float, __half, float, float, (unsigned int)2, (unsigned int)1, (unsigned char)4, (unsigned char)4>(pusch_noise_intf_est::puschRxNoiseIntfEstDynDescr)"
3566137566,11423,67935,35,1,1,128,1,1,16,0.000,0.000,,,,,NVIDIA A100-SXM4-40GB MIG 4g.20gb (0),1,,13,cupy_copy__complex64_complex64
3566226397,2560,67944,1,1,1,1,1,1,18,0.000,0.000,,,,,NVIDIA A100-SXM4-40GB MIG 4g.20gb (0),1,,13,cupy_copy__float32_float32
3566230045,1664,67950,,,,,,,,,,0.000,2.404,Device,Pageable,NVIDIA A100-SXM4-40GB MIG 4g.20gb (0),1,,7,[CUDA memcpy Device-to-Host]
3566369851,16512,67961,1434,1,1,128,1,1,16,0.000,0.000,,,,,NVIDIA A100-SXM4-40GB MIG 4g.20gb (0),1,,13,cupy_copy__complex64_complex64
3566429658,11968,67968,103,1,1,128,1,1,16,0.000,0.000,,,,,NVIDIA A100-SXM4-40GB MIG 4g.20gb (0),1,,13,cupy_copy__complex64_complex64
3566493273,7328,67975,35,1,1,128,1,1,16,0.000,0.000,,,,,NVIDIA A100-SXM4-40GB MIG 4g.20gb (0),1,,13,cupy_copy__complex64_complex64
3566559673,5024,67982,1,1,1,1,1,1,18,0.000,0.000,,,,,NVIDIA A100-SXM4-40GB MIG 4g.20gb (0),1,,13,cupy_copy__float32_float32
3566634744,268285,67993,1,1,1,32,32,1,30,0.000,0.000,,,,,NVIDIA A100-SXM4-40GB MIG 4g.20gb (0),1,,13,"void convert_kernel<__half2, float2>(tensor_layout_any, T1 *, tensor_layout_any, const T2 *)"
3566931444,5376,67996,,,,,,,,,,0.094,17428.487,Pinned,Device,NVIDIA A100-SXM4-40GB MIG 4g.20gb (0),1,,13,[CUDA memcpy Host-to-Device]
3566980340,13632,67997,,,,,,,,,,1.547,113454.150,Device,,NVIDIA A100-SXM4-40GB MIG 4g.20gb (0),1,,13,[CUDA memset]
3567001076,3040,68002,,,,,,,,,,0.031,10294.725,Pinned,Device,NVIDIA A100-SXM4-40GB MIG 4g.20gb (0),1,,13,[CUDA memcpy Host-to-Device]
3567006548,9919,68003,,,,,,,,,,0.197,19821.232,Pinned,Device,NVIDIA A100-SXM4-40GB MIG 4g.20gb (0),1,,13,[CUDA memcpy Host-to-Device]
3567039507,28128,68004,273,1,1,8,4,1,39,0.002,0.000,,,,,NVIDIA A100-SXM4-40GB MIG 4g.20gb (0),1,,13,"void channel_eq::eqMmseCoefCompLowMimoKernel<float, float, float, (unsigned int)4, (unsigned int)1, (unsigned int)4>(const channel_eq::_puschRxChEqStatDescr *, channel_eq::_puschRxChEqCoefCompDynDescr)"
3567121586,26176,68005,273,1,1,12,11,1,51,0.002,0.000,,,,,NVIDIA A100-SXM4-40GB MIG 4g.20gb (0),1,,13,"void channel_eq::eqMmseSoftDemapKernel<float, __half, __half, float, (unsigned int)4, (unsigned short)16383>(channel_eq::_puschRxChEqStatDescr *, channel_eq::_puschRxChEqSoftDemapDynDescr)"
3567204465,595609,68006,1,1,1,32,32,1,30,0.000,0.000,,,,,NVIDIA A100-SXM4-40GB MIG 4g.20gb (0),1,,13,"void convert_kernel<float2, __half2>(tensor_layout_any, T1 *, tensor_layout_any, const T2 *)"
3567869770,20959,68018,2253,1,1,128,1,1,16,0.000,0.000,,,,,NVIDIA A100-SXM4-40GB MIG 4g.20gb (0),1,,13,cupy_copy__float16_float16
3568025480,11904,68027,282,1,1,128,1,1,16,0.000,0.000,,,,,NVIDIA A100-SXM4-40GB MIG 4g.20gb (0),1,,13,cupy_copy__complex64_complex64
3568095879,4544,68036,26,1,1,128,1,1,16,0.000,0.000,,,,,NVIDIA A100-SXM4-40GB MIG 4g.20gb (0),1,,13,cupy_copy__float32_float32
3568160038,15744,68045,103,1,1,128,1,1,16,0.000,0.000,,,,,NVIDIA A100-SXM4-40GB MIG 4g.20gb (0),1,,13,cupy_copy__complex64_complex64
3568259109,19744,68055,1434,1,1,128,1,1,16,0.000,0.000,,,,,NVIDIA A100-SXM4-40GB MIG 4g.20gb (0),1,,13,cupy_copy__complex64_complex64
3568329956,243262,68060,1,1,1,32,32,1,30,0.000,0.000,,,,,NVIDIA A100-SXM4-40GB MIG 4g.20gb (0),1,,13,"void convert_kernel<__half2, float2>(tensor_layout_any, T1 *, tensor_layout_any, const T2 *)"
3568603713,5856,68063,,,,,,,,,,0.094,15999.997,Pinned,Device,NVIDIA A100-SXM4-40GB MIG 4g.20gb (0),1,,13,[CUDA memcpy Host-to-Device]
3568657249,625784,68064,,,,,,,,,,456.561,729128.620,Device,,NVIDIA A100-SXM4-40GB MIG 4g.20gb (0),1,,13,[CUDA memset]
3569287641,52192,68069,,,,,,,,,,1.235,23661.527,Pinned,Device,NVIDIA A100-SXM4-40GB MIG 4g.20gb (0),1,,13,[CUDA memcpy Host-to-Device]
3569342873,10304,68070,,,,,,,,,,0.197,19080.610,Pinned,Device,NVIDIA A100-SXM4-40GB MIG 4g.20gb (0),1,,13,[CUDA memcpy Host-to-Device]
3569417688,29504,68071,69,4,1,48,1,1,76,0.002,0.000,,,,,NVIDIA A100-SXM4-40GB MIG 4g.20gb (0),1,,13,"void ch_est::windowedChEstPreNoDftSOfdmKernel<float, __half, float, (unsigned int)2, (unsigned int)1, (unsigned short)4>(ch_est::puschRxChEstStatDescr_t *, ch_est::puschRxChEstDynDescr_t *)"
3569484919,23168,68072,137,2,1,24,2,1,44,0.001,0.001,,,,,NVIDIA A100-SXM4-40GB MIG 4g.20gb (0),1,,13,"void ch_est::chEstFilterNoDftSOfdmDispatchKernel<float, __half, float, (unsigned int)2>(ch_est::puschRxChEstStatDescr_t *, ch_est::puschRxChEstDynDescr_t *)"
3569557654,32064,68073,137,2,1,24,2,1,44,0.001,0.001,,,,,NVIDIA A100-SXM4-40GB MIG 4g.20gb (0),1,,13,"void ch_est::chEstFilterNoDftSOfdmDispatchKernel<float, __half, float, (unsigned int)2>(ch_est::puschRxChEstStatDescr_t *, ch_est::puschRxChEstDynDescr_t *)"
3569621686,12639,68084,103,1,1,128,1,1,16,0.000,0.000,,,,,NVIDIA A100-SXM4-40GB MIG 4g.20gb (0),1,,13,cupy_copy__complex64_complex64
3569684661,15424,68094,1434,1,1,128,1,1,16,0.000,0.000,,,,,NVIDIA A100-SXM4-40GB MIG 4g.20gb (0),1,,13,cupy_copy__complex64_complex64
3569749108,7904,68101,103,1,1,128,1,1,16,0.000,0.000,,,,,NVIDIA A100-SXM4-40GB MIG 4g.20gb (0),1,,13,cupy_copy__complex64_complex64
3569824115,255005,68108,1,1,1,32,32,1,30,0.000,0.000,,,,,NVIDIA A100-SXM4-40GB MIG 4g.20gb (0),1,,13,"void convert_kernel<__half2, float2>(tensor_layout_any, T1 *, tensor_layout_any, const T2 *)"
3570107536,5344,68111,,,,,,,,,,0.094,17532.864,Pinned,Device,NVIDIA A100-SXM4-40GB MIG 4g.20gb (0),1,,13,[CUDA memcpy Host-to-Device]
3570223471,64351,68112,,,,,,,,,,35.810,556450.347,Device,,NVIDIA A100-SXM4-40GB MIG 4g.20gb (0),1,,13,[CUDA memset]
3570295822,1856,68114,,,,,,,,,,0.000,43.103,Pinned,Device,NVIDIA A100-SXM4-40GB MIG 4g.20gb (0),1,,13,[CUDA memcpy Host-to-Device]
3570300270,9344,68115,,,,,,,,,,0.197,21040.988,Pinned,Device,NVIDIA A100-SXM4-40GB MIG 4g.20gb (0),1,,13,[CUDA memcpy Host-to-Device]
3570417164,34912,68116,273,1,1,48,1,1,40,0.000,0.001,,,,,NVIDIA A100-SXM4-40GB MIG 4g.20gb (0),1,,13,"void pusch_noise_intf_est::noiseIntfEstNoDftSOfdmKernel<float, __half, float, float, (unsigned int)2, (unsigned int)1, (unsigned char)4, (unsigned char)4>(pusch_noise_intf_est::puschRxNoiseIntfEstDynDescr)"
3570489868,12127,68127,35,1,1,128,1,1,16,0.000,0.000,,,,,NVIDIA A100-SXM4-40GB MIG 4g.20gb (0),1,,13,cupy_copy__complex64_complex64
3570574347,2816,68136,1,1,1,1,1,1,18,0.000,0.000,,,,,NVIDIA A100-SXM4-40GB MIG 4g.20gb (0),1,,13,cupy_copy__float32_float32
3570582666,1600,68142,,,,,,,,,,0.000,2.500,Device,Pageable,NVIDIA A100-SXM4-40GB MIG 4g.20gb (0),1,,7,[CUDA memcpy Device-to-Host]
3570716745,14208,68153,1434,1,1,128,1,1,16,0.000,0.000,,,,,NVIDIA A100-SXM4-40GB MIG 4g.20gb (0),1,,13,cupy_copy__complex64_complex64
3570773672,11776,68160,103,1,1,128,1,1,16,0.000,0.000,,,,,NVIDIA A100-SXM4-40GB MIG 4g.20gb (0),1,,13,cupy_copy__complex64_complex64
3570836424,7583,68167,35,1,1,128,1,1,16,0.000,0.000,,,,,NVIDIA A100-SXM4-40GB MIG 4g.20gb (0),1,,13,cupy_copy__complex64_complex64
3570908743,4128,68174,1,1,1,1,1,1,18,0.000,0.000,,,,,NVIDIA A100-SXM4-40GB MIG 4g.20gb (0),1,,13,cupy_copy__float32_float32
3570979334,250749,68185,1,1,1,32,32,1,30,0.000,0.000,,,,,NVIDIA A100-SXM4-40GB MIG 4g.20gb (0),1,,13,"void convert_kernel<__half2, float2>(tensor_layout_any, T1 *, tensor_layout_any, const T2 *)"
3571268163,6016,68188,,,,,,,,,,0.094,15574.430,Pinned,Device,NVIDIA A100-SXM4-40GB MIG 4g.20gb (0),1,,13,[CUDA memcpy Host-to-Device]
3571304450,14176,68189,,,,,,,,,,1.547,109100.404,Device,,NVIDIA A100-SXM4-40GB MIG 4g.20gb (0),1,,13,[CUDA memset]
3571321442,3712,68194,,,,,,,,,,0.031,8431.017,Pinned,Device,NVIDIA A100-SXM4-40GB MIG 4g.20gb (0),1,,13,[CUDA memcpy Host-to-Device]
3571327842,9408,68195,,,,,,,,,,0.197,20897.858,Pinned,Device,NVIDIA A100-SXM4-40GB MIG 4g.20gb (0),1,,13,[CUDA memcpy Host-to-Device]
3571364865,32672,68196,273,1,1,8,4,1,39,0.002,0.000,,,,,NVIDIA A100-SXM4-40GB MIG 4g.20gb (0),1,,13,"void channel_eq::eqMmseCoefCompLowMimoKernel<float, float, float, (unsigned int)4, (unsigned int)1, (unsigned int)4>(const channel_eq::_puschRxChEqStatDescr *, channel_eq::_puschRxChEqCoefCompDynDescr)"
3571452320,26560,68197,273,1,1,12,11,1,51,0.002,0.000,,,,,NVIDIA A100-SXM4-40GB MIG 4g.20gb (0),1,,13,"void channel_eq::eqMmseSoftDemapKernel<float, __half, __half, float, (unsigned int)4, (unsigned short)16383>(channel_eq::_puschRxChEqStatDescr *, channel_eq::_puschRxChEqSoftDemapDynDescr)"
3571525920,432187,68198,1,1,1,32,32,1,30,0.000,0.000,,,,,NVIDIA A100-SXM4-40GB MIG 4g.20gb (0),1,,13,"void convert_kernel<float2, __half2>(tensor_layout_any, T1 *, tensor_layout_any, const T2 *)"
3572011802,18560,68210,2253,1,1,128,1,1,16,0.000,0.000,,,,,NVIDIA A100-SXM4-40GB MIG 4g.20gb (0),1,,13,cupy_copy__float16_float16
3572076153,13248,68219,282,1,1,128,1,1,16,0.000,0.000,,,,,NVIDIA A100-SXM4-40GB MIG 4g.20gb (0),1,,13,cupy_copy__complex64_complex64
3572133817,3360,68228,26,1,1,128,1,1,16,0.000,0.000,,,,,NVIDIA A100-SXM4-40GB MIG 4g.20gb (0),1,,13,cupy_copy__float32_float32
3572190104,14656,68237,103,1,1,128,1,1,16,0.000,0.000,,,,,NVIDIA A100-SXM4-40GB MIG 4g.20gb (0),1,,13,cupy_copy__complex64_complex64
3572287255,14976,68247,1434,1,1,128,1,1,16,0.000,0.000,,,,,NVIDIA A100-SXM4-40GB MIG 4g.20gb (0),1,,13,cupy_copy__complex64_complex64
3572353878,256861,68252,1,1,1,32,32,1,30,0.000,0.000,,,,,NVIDIA A100-SXM4-40GB MIG 4g.20gb (0),1,,13,"void convert_kernel<__half2, float2>(tensor_layout_any, T1 *, tensor_layout_any, const T2 *)"
3572642195,5440,68255,,,,,,,,,,0.094,17223.480,Pinned,Device,NVIDIA A100-SXM4-40GB MIG 4g.20gb (0),1,,13,[CUDA memcpy Host-to-Device]
3572745170,619641,68256,,,,,,,,,,456.561,736433.603,Device,,NVIDIA A100-SXM4-40GB MIG 4g.20gb (0),1,,13,[CUDA memset]
3573366410,52416,68261,,,,,,,,,,1.235,23560.262,Pinned,Device,NVIDIA A100-SXM4-40GB MIG 4g.20gb (0),1,,13,[CUDA memcpy Host-to-Device]
3573423082,10400,68262,,,,,,,,,,0.197,18904.449,Pinned,Device,NVIDIA A100-SXM4-40GB MIG 4g.20gb (0),1,,13,[CUDA memcpy Host-to-Device]
3573511497,24128,68263,69,4,1,48,1,1,76,0.002,0.000,,,,,NVIDIA A100-SXM4-40GB MIG 4g.20gb (0),1,,13,"void ch_est::windowedChEstPreNoDftSOfdmKernel<float, __half, float, (unsigned int)2, (unsigned int)1, (unsigned short)4>(ch_est::puschRxChEstStatDescr_t *, ch_est::puschRxChEstDynDescr_t *)"
3573589448,31776,68264,137,2,1,24,2,1,44,0.001,0.001,,,,,NVIDIA A100-SXM4-40GB MIG 4g.20gb (0),1,,13,"void ch_est::chEstFilterNoDftSOfdmDispatchKernel<float, __half, float, (unsigned int)2>(ch_est::puschRxChEstStatDescr_t *, ch_est::puschRxChEstDynDescr_t *)"
3573657351,25376,68265,137,2,1,24,2,1,44,0.001,0.001,,,,,NVIDIA A100-SXM4-40GB MIG 4g.20gb (0),1,,13,"void ch_est::chEstFilterNoDftSOfdmDispatchKernel<float, __half, float, (unsigned int)2>(ch_est::puschRxChEstStatDescr_t *, ch_est::puschRxChEstDynDescr_t *)"
3573731334,3872,68276,103,1,1,128,1,1,16,0.000,0.000,,,,,NVIDIA A100-SXM4-40GB MIG 4g.20gb (0),1,,13,cupy_copy__complex64_complex64
3573794086,19455,68286,1434,1,1,128,1,1,16,0.000,0.000,,,,,NVIDIA A100-SXM4-40GB MIG 4g.20gb (0),1,,13,cupy_copy__complex64_complex64
3573874277,4928,68293,103,1,1,128,1,1,16,0.000,0.000,,,,,NVIDIA A100-SXM4-40GB MIG 4g.20gb (0),1,,13,cupy_copy__complex64_complex64
3573945156,261469,68300,1,1,1,32,32,1,30,0.000,0.000,,,,,NVIDIA A100-SXM4-40GB MIG 4g.20gb (0),1,,13,"void convert_kernel<__half2, float2>(tensor_layout_any, T1 *, tensor_layout_any, const T2 *)"
3574236640,5952,68303,,,,,,,,,,0.094,15741.865,Pinned,Device,NVIDIA A100-SXM4-40GB MIG 4g.20gb (0),1,,13,[CUDA memcpy Host-to-Device]
3574324223,63232,68304,,,,,,,,,,35.810,566298.075,Device,,NVIDIA A100-SXM4-40GB MIG 4g.20gb (0),1,,13,[CUDA memset]
3574388735,1824,68306,,,,,,,,,,0.000,43.860,Pinned,Device,NVIDIA A100-SXM4-40GB MIG 4g.20gb (0),1,,13,[CUDA memcpy Host-to-Device]
3574393919,11072,68307,,,,,,,,,,0.197,17757.045,Pinned,Device,NVIDIA A100-SXM4-40GB MIG 4g.20gb (0),1,,13,[CUDA memcpy Host-to-Device]
3574522077,24992,68308,273,1,1,48,1,1,40,0.000,0.001,,,,,NVIDIA A100-SXM4-40GB MIG 4g.20gb (0),1,,13,"void pusch_noise_intf_est::noiseIntfEstNoDftSOfdmKernel<float, __half, float, float, (unsigned int)2, (unsigned int)1, (unsigned char)4, (unsigned char)4>(pusch_noise_intf_est::puschRxNoiseIntfEstDynDescr)"
3574610396,4480,68319,35,1,1,128,1,1,16,0.000,0.000,,,,,NVIDIA A100-SXM4-40GB MIG 4g.20gb (0),1,,13,cupy_copy__complex64_complex64
3574684443,4480,68328,1,1,1,1,1,1,18,0.000,0.000,,,,,NVIDIA A100-SXM4-40GB MIG 4g.20gb (0),1,,13,cupy_copy__float32_float32
3574691931,1632,68334,,,,,,,,,,0.000,2.451,Device,Pageable,NVIDIA A100-SXM4-40GB MIG 4g.20gb (0),1,,7,[CUDA memcpy Device-to-Host]
3574813722,19840,68345,1434,1,1,128,1,1,16,0.000,0.000,,,,,NVIDIA A100-SXM4-40GB MIG 4g.20gb (0),1,,13,cupy_copy__complex64_complex64
3574892921,12736,68352,103,1,1,128,1,1,16,0.000,0.000,,,,,NVIDIA A100-SXM4-40GB MIG 4g.20gb (0),1,,13,cupy_copy__complex64_complex64
3574951736,8928,68359,35,1,1,128,1,1,16,0.000,0.000,,,,,NVIDIA A100-SXM4-40GB MIG 4g.20gb (0),1,,13,cupy_copy__complex64_complex64
3575044663,5376,68366,1,1,1,1,1,1,18,0.000,0.000,,,,,NVIDIA A100-SXM4-40GB MIG 4g.20gb (0),1,,13,cupy_copy__float32_float32
3575119062,258749,68377,1,1,1,32,32,1,30,0.000,0.000,,,,,NVIDIA A100-SXM4-40GB MIG 4g.20gb (0),1,,13,"void convert_kernel<__half2, float2>(tensor_layout_any, T1 *, tensor_layout_any, const T2 *)"
3575408403,5376,68380,,,,,,,,,,0.094,17428.487,Pinned,Device,NVIDIA A100-SXM4-40GB MIG 4g.20gb (0),1,,13,[CUDA memcpy Host-to-Device]
3575500498,15104,68381,,,,,,,,,,1.547,102397.335,Device,,NVIDIA A100-SXM4-40GB MIG 4g.20gb (0),1,,13,[CUDA memset]
3575516562,3200,68386,,,,,,,,,,0.031,9780.000,Pinned,Device,NVIDIA A100-SXM4-40GB MIG 4g.20gb (0),1,,13,[CUDA memcpy Host-to-Device]
3575522194,10432,68387,,,,,,,,,,0.197,18846.450,Pinned,Device,NVIDIA A100-SXM4-40GB MIG 4g.20gb (0),1,,13,[CUDA memcpy Host-to-Device]
3575621201,26687,68388,273,1,1,8,4,1,39,0.002,0.000,,,,,NVIDIA A100-SXM4-40GB MIG 4g.20gb (0),1,,13,"void channel_eq::eqMmseCoefCompLowMimoKernel<float, float, float, (unsigned int)4, (unsigned int)1, (unsigned int)4>(const channel_eq::_puschRxChEqStatDescr *, channel_eq::_puschRxChEqCoefCompDynDescr)"
3575693872,24895,68389,273,1,1,12,11,1,51,0.002,0.000,,,,,NVIDIA A100-SXM4-40GB MIG 4g.20gb (0),1,,13,"void channel_eq::eqMmseSoftDemapKernel<float, __half, __half, float, (unsigned int)4, (unsigned short)16383>(channel_eq::_puschRxChEqStatDescr *, channel_eq::_puschRxChEqSoftDemapDynDescr)"
3575775343,459707,68390,1,1,1,32,32,1,30,0.000,0.000,,,,,NVIDIA A100-SXM4-40GB MIG 4g.20gb (0),1,,13,"void convert_kernel<float2, __half2>(tensor_layout_any, T1 *, tensor_layout_any, const T2 *)"
3576279753,19232,68402,2253,1,1,128,1,1,16,0.000,0.000,,,,,NVIDIA A100-SXM4-40GB MIG 4g.20gb (0),1,,13,cupy_copy__float16_float16
3576341032,13504,68411,282,1,1,128,1,1,16,0.000,0.000,,,,,NVIDIA A100-SXM4-40GB MIG 4g.20gb (0),1,,13,cupy_copy__complex64_complex64
3576413383,6560,68420,26,1,1,128,1,1,16,0.000,0.000,,,,,NVIDIA A100-SXM4-40GB MIG 4g.20gb (0),1,,13,cupy_copy__float32_float32
3576469575,14336,68429,103,1,1,128,1,1,16,0.000,0.000,,,,,NVIDIA A100-SXM4-40GB MIG 4g.20gb (0),1,,13,cupy_copy__complex64_complex64
3576566950,15296,68439,1434,1,1,128,1,1,16,0.000,0.000,,,,,NVIDIA A100-SXM4-40GB MIG 4g.20gb (0),1,,13,cupy_copy__complex64_complex64
3576637029,247453,68444,1,1,1,32,32,1,30,0.000,0.000,,,,,NVIDIA A100-SXM4-40GB MIG 4g.20gb (0),1,,13,"void convert_kernel<__half2, float2>(tensor_layout_any, T1 *, tensor_layout_any, const T2 *)"
3576917154,5344,68447,,,,,,,,,,0.094,17532.864,Pinned,Device,NVIDIA A100-SXM4-40GB MIG 4g.20gb (0),1,,13,[CUDA memcpy Host-to-Device]
3576961473,619449,68448,,,,,,,,,,456.561,736890.164,Device,,NVIDIA A100-SXM4-40GB MIG 4g.20gb (0),1,,13,[CUDA memset]
3577587066,53823,68453,,,,,,,,,,1.235,22944.025,Pinned,Device,NVIDIA A100-SXM4-40GB MIG 4g.20gb (0),1,,13,[CUDA memcpy Host-to-Device]
3577644281,10144,68454,,,,,,,,,,0.197,19381.617,Pinned,Device,NVIDIA A100-SXM4-40GB MIG 4g.20gb (0),1,,13,[CUDA memcpy Host-to-Device]
3577778680,22592,68455,69,4,1,48,1,1,76,0.002,0.000,,,,,NVIDIA A100-SXM4-40GB MIG 4g.20gb (0),1,,13,"void ch_est::windowedChEstPreNoDftSOfdmKernel<float, __half, float, (unsigned int)2, (unsigned int)1, (unsigned short)4>(ch_est::puschRxChEstStatDescr_t *, ch_est::puschRxChEstDynDescr_t *)"
3577848919,35552,68456,137,2,1,24,2,1,44,0.001,0.001,,,,,NVIDIA A100-SXM4-40GB MIG 4g.20gb (0),1,,13,"void ch_est::chEstFilterNoDftSOfdmDispatchKernel<float, __half, float, (unsigned int)2>(ch_est::puschRxChEstStatDescr_t *, ch_est::puschRxChEstDynDescr_t *)"
3577916438,23904,68457,137,2,1,24,2,1,44,0.001,0.001,,,,,NVIDIA A100-SXM4-40GB MIG 4g.20gb (0),1,,13,"void ch_est::chEstFilterNoDftSOfdmDispatchKernel<float, __half, float, (unsigned int)2>(ch_est::puschRxChEstStatDescr_t *, ch_est::puschRxChEstDynDescr_t *)"
3577982005,10944,68468,103,1,1,128,1,1,16,0.000,0.000,,,,,NVIDIA A100-SXM4-40GB MIG 4g.20gb (0),1,,13,cupy_copy__complex64_complex64
3578045013,22047,68478,1434,1,1,128,1,1,16,0.000,0.000,,,,,NVIDIA A100-SXM4-40GB MIG 4g.20gb (0),1,,13,cupy_copy__complex64_complex64
3578125556,4864,68485,103,1,1,128,1,1,16,0.000,0.000,,,,,NVIDIA A100-SXM4-40GB MIG 4g.20gb (0),1,,13,cupy_copy__complex64_complex64
3578198739,237501,68492,1,1,1,32,32,1,30,0.000,0.000,,,,,NVIDIA A100-SXM4-40GB MIG 4g.20gb (0),1,,13,"void convert_kernel<__half2, float2>(tensor_layout_any, T1 *, tensor_layout_any, const T2 *)"
3578467856,5472,68495,,,,,,,,,,0.094,17122.757,Pinned,Device,NVIDIA A100-SXM4-40GB MIG 4g.20gb (0),1,,13,[CUDA memcpy Host-to-Device]
3578515023,62368,68496,,,,,,,,,,35.810,574140.447,Device,,NVIDIA A100-SXM4-40GB MIG 4g.20gb (0),1,,13,[CUDA memset]
3578585486,1824,68498,,,,,,,,,,0.000,43.860,Pinned,Device,NVIDIA A100-SXM4-40GB MIG 4g.20gb (0),1,,13,[CUDA memcpy Host-to-Device]
3578590030,9312,68499,,,,,,,,,,0.197,21113.340,Pinned,Device,NVIDIA A100-SXM4-40GB MIG 4g.20gb (0),1,,13,[CUDA memcpy Host-to-Device]
3578622446,23808,68500,273,1,1,48,1,1,40,0.000,0.001,,,,,NVIDIA A100-SXM4-40GB MIG 4g.20gb (0),1,,13,"void pusch_noise_intf_est::noiseIntfEstNoDftSOfdmKernel<float, __half, float, float, (unsigned int)2, (unsigned int)1, (unsigned char)4, (unsigned char)4>(pusch_noise_intf_est::puschRxNoiseIntfEstDynDescr)"
3578691853,11584,68511,35,1,1,128,1,1,16,0.000,0.000,,,,,NVIDIA A100-SXM4-40GB MIG 4g.20gb (0),1,,13,cupy_copy__complex64_complex64
3578710829,2048,68520,1,1,1,1,1,1,18,0.000,0.000,,,,,NVIDIA A100-SXM4-40GB MIG 4g.20gb (0),1,,13,cupy_copy__float32_float32
3578717229,2688,68526,,,,,,,,,,0.000,1.488,Device,Pageable,NVIDIA A100-SXM4-40GB MIG 4g.20gb (0),1,,7,[CUDA memcpy Device-to-Host]
3578784524,18368,68537,1434,1,1,128,1,1,16,0.000,0.000,,,,,NVIDIA A100-SXM4-40GB MIG 4g.20gb (0),1,,13,cupy_copy__complex64_complex64
3578807596,4896,68544,103,1,1,128,1,1,16,0.000,0.000,,,,,NVIDIA A100-SXM4-40GB MIG 4g.20gb (0),1,,13,cupy_copy__complex64_complex64
3578862827,8320,68551,35,1,1,128,1,1,16,0.000,0.000,,,,,NVIDIA A100-SXM4-40GB MIG 4g.20gb (0),1,,13,cupy_copy__complex64_complex64
3578872907,2176,68558,1,1,1,1,1,1,18,0.000,0.000,,,,,NVIDIA A100-SXM4-40GB MIG 4g.20gb (0),1,,13,cupy_copy__float32_float32
3579053481,132671,68569,1,1,1,32,32,1,30,0.000,0.000,,,,,NVIDIA A100-SXM4-40GB MIG 4g.20gb (0),1,,13,"void convert_kernel<__half2, float2>(tensor_layout_any, T1 *, tensor_layout_any, const T2 *)"
3579214695,5920,68572,,,,,,,,,,0.094,15826.941,Pinned,Device,NVIDIA A100-SXM4-40GB MIG 4g.20gb (0),1,,13,[CUDA memcpy Host-to-Device]
3579242215,20480,68573,,,,,,,,,,1.547,75518.557,Device,,NVIDIA A100-SXM4-40GB MIG 4g.20gb (0),1,,13,[CUDA memset]
3579264359,3040,68578,,,,,,,,,,0.031,10294.725,Pinned,Device,NVIDIA A100-SXM4-40GB MIG 4g.20gb (0),1,,13,[CUDA memcpy Host-to-Device]
3579269927,10016,68579,,,,,,,,,,0.197,19629.343,Pinned,Device,NVIDIA A100-SXM4-40GB MIG 4g.20gb (0),1,,13,[CUDA memcpy Host-to-Device]
3579322438,20224,68580,273,1,1,8,4,1,39,0.002,0.000,,,,,NVIDIA A100-SXM4-40GB MIG 4g.20gb (0),1,,13,"void channel_eq::eqMmseCoefCompLowMimoKernel<float, float, float, (unsigned int)4, (unsigned int)1, (unsigned int)4>(const channel_eq::_puschRxChEqStatDescr *, channel_eq::_puschRxChEqCoefCompDynDescr)"
3579344262,9024,68581,273,1,1,12,11,1,51,0.002,0.000,,,,,NVIDIA A100-SXM4-40GB MIG 4g.20gb (0),1,,13,"void channel_eq::eqMmseSoftDemapKernel<float, __half, __half, float, (unsigned int)4, (unsigned short)16383>(channel_eq::_puschRxChEqStatDescr *, channel_eq::_puschRxChEqSoftDemapDynDescr)"
3579355014,288348,68582,1,1,1,32,32,1,30,0.000,0.000,,,,,NVIDIA A100-SXM4-40GB MIG 4g.20gb (0),1,,13,"void convert_kernel<float2, __half2>(tensor_layout_any, T1 *, tensor_layout_any, const T2 *)"
3579664994,23648,68594,2253,1,1,128,1,1,16,0.000,0.000,,,,,NVIDIA A100-SXM4-40GB MIG 4g.20gb (0),1,,13,cupy_copy__float16_float16
3579690690,2976,68603,282,1,1,128,1,1,16,0.000,0.000,,,,,NVIDIA A100-SXM4-40GB MIG 4g.20gb (0),1,,13,cupy_copy__complex64_complex64
3579733057,12704,68612,26,1,1,128,1,1,16,0.000,0.000,,,,,NVIDIA A100-SXM4-40GB MIG 4g.20gb (0),1,,13,cupy_copy__float32_float32
3579747201,2944,68621,103,1,1,128,1,1,16,0.000,0.000,,,,,NVIDIA A100-SXM4-40GB MIG 4g.20gb (0),1,,13,cupy_copy__complex64_complex64
3579836032,21184,68631,1434,1,1,128,1,1,16,0.000,0.000,,,,,NVIDIA A100-SXM4-40GB MIG 4g.20gb (0),1,,13,cupy_copy__complex64_complex64
3579859392,86111,68636,1,1,1,32,32,1,30,0.000,0.000,,,,,NVIDIA A100-SXM4-40GB MIG 4g.20gb (0),1,,13,"void convert_kernel<__half2, float2>(tensor_layout_any, T1 *, tensor_layout_any, const T2 *)"
3579975263,5375,68639,,,,,,,,,,0.094,17431.766,Pinned,Device,NVIDIA A100-SXM4-40GB MIG 4g.20gb (0),1,,13,[CUDA memcpy Host-to-Device]
3579986686,608057,68640,,,,,,,,,,456.561,750587.007,Device,,NVIDIA A100-SXM4-40GB MIG 4g.20gb (0),1,,13,[CUDA memset]
3580596119,50176,68645,,,,,,,,,,1.235,24611.199,Pinned,Device,NVIDIA A100-SXM4-40GB MIG 4g.20gb (0),1,,13,[CUDA memcpy Host-to-Device]
3580648855,10336,68646,,,,,,,,,,0.197,19021.627,Pinned,Device,NVIDIA A100-SXM4-40GB MIG 4g.20gb (0),1,,13,[CUDA memcpy Host-to-Device]
3580709910,21408,68647,69,4,1,48,1,1,76,0.002,0.000,,,,,NVIDIA A100-SXM4-40GB MIG 4g.20gb (0),1,,13,"void ch_est::windowedChEstPreNoDftSOfdmKernel<float, __half, float, (unsigned int)2, (unsigned int)1, (unsigned short)4>(ch_est::puschRxChEstStatDescr_t *, ch_est::puschRxChEstDynDescr_t *)"
3580732918,11744,68648,137,2,1,24,2,1,44,0.001,0.001,,,,,NVIDIA A100-SXM4-40GB MIG 4g.20gb (0),1,,13,"void ch_est::chEstFilterNoDftSOfdmDispatchKernel<float, __half, float, (unsigned int)2>(ch_est::puschRxChEstStatDescr_t *, ch_est::puschRxChEstDynDescr_t *)"
3580780533,20576,68649,137,2,1,24,2,1,44,0.001,0.001,,,,,NVIDIA A100-SXM4-40GB MIG 4g.20gb (0),1,,13,"void ch_est::chEstFilterNoDftSOfdmDispatchKernel<float, __half, float, (unsigned int)2>(ch_est::puschRxChEstStatDescr_t *, ch_est::puschRxChEstDynDescr_t *)"
3580802357,2464,68660,103,1,1,128,1,1,16,0.000,0.000,,,,,NVIDIA A100-SXM4-40GB MIG 4g.20gb (0),1,,13,cupy_copy__complex64_complex64
3580853972,16192,68670,1434,1,1,128,1,1,16,0.000,0.000,,,,,NVIDIA A100-SXM4-40GB MIG 4g.20gb (0),1,,13,cupy_copy__complex64_complex64
3580876788,2464,68677,103,1,1,128,1,1,16,0.000,0.000,,,,,NVIDIA A100-SXM4-40GB MIG 4g.20gb (0),1,,13,cupy_copy__complex64_complex64
3580932724,135902,68684,1,1,1,32,32,1,30,0.000,0.000,,,,,NVIDIA A100-SXM4-40GB MIG 4g.20gb (0),1,,13,"void convert_kernel<__half2, float2>(tensor_layout_any, T1 *, tensor_layout_any, const T2 *)"
3581097874,5408,68687,,,,,,,,,,0.094,17325.421,Pinned,Device,NVIDIA A100-SXM4-40GB MIG 4g.20gb (0),1,,13,[CUDA memcpy Host-to-Device]
3581114641,64288,68688,,,,,,,,,,35.810,557023.306,Device,,NVIDIA A100-SXM4-40GB MIG 4g.20gb (0),1,,13,[CUDA memset]
3581187249,1824,68690,,,,,,,,,,0.000,43.860,Pinned,Device,NVIDIA A100-SXM4-40GB MIG 4g.20gb (0),1,,13,[CUDA memcpy Host-to-Device]
3581191601,9823,68691,,,,,,,,,,0.197,20014.891,Pinned,Device,NVIDIA A100-SXM4-40GB MIG 4g.20gb (0),1,,13,[CUDA memcpy Host-to-Device]
3581294095,26816,68692,273,1,1,48,1,1,40,0.000,0.001,,,,,NVIDIA A100-SXM4-40GB MIG 4g.20gb (0),1,,13,"void pusch_noise_intf_est::noiseIntfEstNoDftSOfdmKernel<float, __half, float, float, (unsigned int)2, (unsigned int)1, (unsigned char)4, (unsigned char)4>(pusch_noise_intf_est::puschRxNoiseIntfEstDynDescr)"
3581591692,5632,68703,35,1,1,128,1,1,16,0.000,0.000,,,,,NVIDIA A100-SXM4-40GB MIG 4g.20gb (0),1,,13,cupy_copy__complex64_complex64
3581708779,7328,68712,1,1,1,1,1,1,18,0.000,0.000,,,,,NVIDIA A100-SXM4-40GB MIG 4g.20gb (0),1,,13,cupy_copy__float32_float32
3581722666,1792,68718,,,,,,,,,,0.000,2.232,Device,Pageable,NVIDIA A100-SXM4-40GB MIG 4g.20gb (0),1,,7,[CUDA memcpy Device-to-Host]
3582028551,21600,68729,1434,1,1,128,1,1,16,0.000,0.000,,,,,NVIDIA A100-SXM4-40GB MIG 4g.20gb (0),1,,13,cupy_copy__complex64_complex64
3582259492,6336,68736,103,1,1,128,1,1,16,0.000,0.000,,,,,NVIDIA A100-SXM4-40GB MIG 4g.20gb (0),1,,13,cupy_copy__complex64_complex64
3582376099,9728,68743,35,1,1,128,1,1,16,0.000,0.000,,,,,NVIDIA A100-SXM4-40GB MIG 4g.20gb (0),1,,13,cupy_copy__complex64_complex64
3582586369,4223,68750,1,1,1,1,1,1,18,0.000,0.000,,,,,NVIDIA A100-SXM4-40GB MIG 4g.20gb (0),1,,13,cupy_copy__float32_float32
3582701631,257693,68761,1,1,1,32,32,1,30,0.000,0.000,,,,,NVIDIA A100-SXM4-40GB MIG 4g.20gb (0),1,,13,"void convert_kernel<__half2, float2>(tensor_layout_any, T1 *, tensor_layout_any, const T2 *)"
3582990908,5600,68764,,,,,,,,,,0.094,16731.388,Pinned,Device,NVIDIA A100-SXM4-40GB MIG 4g.20gb (0),1,,13,[CUDA memcpy Host-to-Device]
3583040347,17152,68765,,,,,,,,,,1.547,90171.272,Device,,NVIDIA A100-SXM4-40GB MIG 4g.20gb (0),1,,13,[CUDA memset]
3583059259,3968,68770,,,,,,,,,,0.031,7887.093,Pinned,Device,NVIDIA A100-SXM4-40GB MIG 4g.20gb (0),1,,13,[CUDA memcpy Host-to-Device]
3583065691,10080,68771,,,,,,,,,,0.197,19504.693,Pinned,Device,NVIDIA A100-SXM4-40GB MIG 4g.20gb (0),1,,13,[CUDA memcpy Host-to-Device]
3583370200,17887,68772,273,1,1,8,4,1,39,0.002,0.000,,,,,NVIDIA A100-SXM4-40GB MIG 4g.20gb (0),1,,13,"void channel_eq::eqMmseCoefCompLowMimoKernel<float, float, float, (unsigned int)4, (unsigned int)1, (unsigned int)4>(const channel_eq::_puschRxChEqStatDescr *, channel_eq::_puschRxChEqCoefCompDynDescr)"
3583587349,21888,68773,273,1,1,12,11,1,51,0.002,0.000,,,,,NVIDIA A100-SXM4-40GB MIG 4g.20gb (0),1,,13,"void channel_eq::eqMmseSoftDemapKernel<float, __half, __half, float, (unsigned int)4, (unsigned short)16383>(channel_eq::_puschRxChEqStatDescr *, channel_eq::_puschRxChEqSoftDemapDynDescr)"
3583706004,712247,68774,1,1,1,32,32,1,30,0.000,0.000,,,,,NVIDIA A100-SXM4-40GB MIG 4g.20gb (0),1,,13,"void convert_kernel<float2, __half2>(tensor_layout_any, T1 *, tensor_layout_any, const T2 *)"
3584697160,25632,68786,2253,1,1,128,1,1,16,0.000,0.000,,,,,NVIDIA A100-SXM4-40GB MIG 4g.20gb (0),1,,13,cupy_copy__float16_float16
3584927366,5888,68795,282,1,1,128,1,1,16,0.000,0.000,,,,,NVIDIA A100-SXM4-40GB MIG 4g.20gb (0),1,,13,cupy_copy__complex64_complex64
3585048644,12352,68804,26,1,1,128,1,1,16,0.000,0.000,,,,,NVIDIA A100-SXM4-40GB MIG 4g.20gb (0),1,,13,cupy_copy__float32_float32
3585258178,5952,68813,103,1,1,128,1,1,16,0.000,0.000,,,,,NVIDIA A100-SXM4-40GB MIG 4g.20gb (0),1,,13,cupy_copy__complex64_complex64
3585372448,25280,68823,1434,1,1,128,1,1,16,0.000,0.000,,,,,NVIDIA A100-SXM4-40GB MIG 4g.20gb (0),1,,13,cupy_copy__complex64_complex64
3585612062,260061,68828,1,1,1,32,32,1,30,0.000,0.000,,,,,NVIDIA A100-SXM4-40GB MIG 4g.20gb (0),1,,13,"void convert_kernel<__half2, float2>(tensor_layout_any, T1 *, tensor_layout_any, const T2 *)"
3585902810,5376,68831,,,,,,,,,,0.094,17428.487,Pinned,Device,NVIDIA A100-SXM4-40GB MIG 4g.20gb (0),1,,13,[CUDA memcpy Host-to-Device]
3585949498,704568,68832,,,,,,,,,,456.561,647860.683,Device,,NVIDIA A100-SXM4-40GB MIG 4g.20gb (0),1,,13,[CUDA memset]
3586658066,48575,68837,,,,,,,,,,1.235,25422.557,Pinned,Device,NVIDIA A100-SXM4-40GB MIG 4g.20gb (0),1,,13,[CUDA memcpy Host-to-Device]
3586709137,9184,68838,,,,,,,,,,0.197,21407.662,Pinned,Device,NVIDIA A100-SXM4-40GB MIG 4g.20gb (0),1,,13,[CUDA memcpy Host-to-Device]
3586890575,14688,68839,69,4,1,48,1,1,76,0.002,0.000,,,,,NVIDIA A100-SXM4-40GB MIG 4g.20gb (0),1,,13,"void ch_est::windowedChEstPreNoDftSOfdmKernel<float, __half, float, (unsigned int)2, (unsigned int)1, (unsigned short)4>(ch_est::puschRxChEstStatDescr_t *, ch_est::puschRxChEstDynDescr_t *)"
3586906319,9600,68840,137,2,1,24,2,1,44,0.001,0.001,,,,,NVIDIA A100-SXM4-40GB MIG 4g.20gb (0),1,,13,"void ch_est::chEstFilterNoDftSOfdmDispatchKernel<float, __half, float, (unsigned int)2>(ch_est::puschRxChEstStatDescr_t *, ch_est::puschRxChEstDynDescr_t *)"
3586917039,13344,68841,137,2,1,24,2,1,44,0.001,0.001,,,,,NVIDIA A100-SXM4-40GB MIG 4g.20gb (0),1,,13,"void ch_est::chEstFilterNoDftSOfdmDispatchKernel<float, __half, float, (unsigned int)2>(ch_est::puschRxChEstStatDescr_t *, ch_est::puschRxChEstDynDescr_t *)"
3586931343,3456,68852,103,1,1,128,1,1,16,0.000,0.000,,,,,NVIDIA A100-SXM4-40GB MIG 4g.20gb (0),1,,13,cupy_copy__complex64_complex64
3586935791,15455,68862,1434,1,1,128,1,1,16,0.000,0.000,,,,,NVIDIA A100-SXM4-40GB MIG 4g.20gb (0),1,,13,cupy_copy__complex64_complex64
3586952334,4000,68869,103,1,1,128,1,1,16,0.000,0.000,,,,,NVIDIA A100-SXM4-40GB MIG 4g.20gb (0),1,,13,cupy_copy__complex64_complex64
3586957390,126815,68876,1,1,1,32,32,1,30,0.000,0.000,,,,,NVIDIA A100-SXM4-40GB MIG 4g.20gb (0),1,,13,"void convert_kernel<__half2, float2>(tensor_layout_any, T1 *, tensor_layout_any, const T2 *)"
3587112940,5376,68879,,,,,,,,,,0.094,17428.487,Pinned,Device,NVIDIA A100-SXM4-40GB MIG 4g.20gb (0),1,,13,[CUDA memcpy Host-to-Device]
3587172908,73759,68880,,,,,,,,,,35.810,485475.085,Device,,NVIDIA A100-SXM4-40GB MIG 4g.20gb (0),1,,13,[CUDA memset]
3587252491,1856,68882,,,,,,,,,,0.000,43.103,Pinned,Device,NVIDIA A100-SXM4-40GB MIG 4g.20gb (0),1,,13,[CUDA memcpy Host-to-Device]
3587256427,9216,68883,,,,,,,,,,0.197,21333.148,Pinned,Device,NVIDIA A100-SXM4-40GB MIG 4g.20gb (0),1,,13,[CUDA memcpy Host-to-Device]
3587268619,12576,68884,273,1,1,48,1,1,40,0.000,0.001,,,,,NVIDIA A100-SXM4-40GB MIG 4g.20gb (0),1,,13,"void pusch_noise_intf_est::noiseIntfEstNoDftSOfdmKernel<float, __half, float, float, (unsigned int)2, (unsigned int)1, (unsigned char)4, (unsigned char)4>(pusch_noise_intf_est::puschRxNoiseIntfEstDynDescr)"
3587282155,3231,68895,35,1,1,128,1,1,16,0.000,0.000,,,,,NVIDIA A100-SXM4-40GB MIG 4g.20gb (0),1,,13,cupy_copy__complex64_complex64
3587286442,1920,68904,1,1,1,1,1,1,18,0.000,0.000,,,,,NVIDIA A100-SXM4-40GB MIG 4g.20gb (0),1,,13,cupy_copy__float32_float32
3587294282,1600,68910,,,,,,,,,,0.000,2.500,Device,Pageable,NVIDIA A100-SXM4-40GB MIG 4g.20gb (0),1,,7,[CUDA memcpy Device-to-Host]
3587525992,19680,68921,1434,1,1,128,1,1,16,0.000,0.000,,,,,NVIDIA A100-SXM4-40GB MIG 4g.20gb (0),1,,13,cupy_copy__complex64_complex64
3587552551,4128,68928,103,1,1,128,1,1,16,0.000,0.000,,,,,NVIDIA A100-SXM4-40GB MIG 4g.20gb (0),1,,13,cupy_copy__complex64_complex64
3587557703,7232,68935,35,1,1,128,1,1,16,0.000,0.000,,,,,NVIDIA A100-SXM4-40GB MIG 4g.20gb (0),1,,13,cupy_copy__complex64_complex64
3587567015,1856,68942,1,1,1,1,1,1,18,0.000,0.000,,,,,NVIDIA A100-SXM4-40GB MIG 4g.20gb (0),1,,13,cupy_copy__float32_float32
3587591591,137214,68953,1,1,1,32,32,1,30,0.000,0.000,,,,,NVIDIA A100-SXM4-40GB MIG 4g.20gb (0),1,,13,"void convert_kernel<__half2, float2>(tensor_layout_any, T1 *, tensor_layout_any, const T2 *)"
3587758949,5376,68956,,,,,,,,,,0.094,17428.487,Pinned,Device,NVIDIA A100-SXM4-40GB MIG 4g.20gb (0),1,,13,[CUDA memcpy Host-to-Device]
3587881892,7936,68957,,,,,,,,,,1.547,194886.997,Device,,NVIDIA A100-SXM4-40GB MIG 4g.20gb (0),1,,13,[CUDA memset]
3587892740,3039,68962,,,,,,,,,,0.031,10298.105,Pinned,Device,NVIDIA A100-SXM4-40GB MIG 4g.20gb (0),1,,13,[CUDA memcpy Host-to-Device]
3587898723,9312,68963,,,,,,,,,,0.197,21113.340,Pinned,Device,NVIDIA A100-SXM4-40GB MIG 4g.20gb (0),1,,13,[CUDA memcpy Host-to-Device]
3588012738,21440,68964,273,1,1,8,4,1,39,0.002,0.000,,,,,NVIDIA A100-SXM4-40GB MIG 4g.20gb (0),1,,13,"void channel_eq::eqMmseCoefCompLowMimoKernel<float, float, float, (unsigned int)4, (unsigned int)1, (unsigned int)4>(const channel_eq::_puschRxChEqStatDescr *, channel_eq::_puschRxChEqCoefCompDynDescr)"
3588243263,16032,68965,273,1,1,12,11,1,51,0.002,0.000,,,,,NVIDIA A100-SXM4-40GB MIG 4g.20gb (0),1,,13,"void channel_eq::eqMmseSoftDemapKernel<float, __half, __half, float, (unsigned int)4, (unsigned short)16383>(channel_eq::_puschRxChEqStatDescr *, channel_eq::_puschRxChEqSoftDemapDynDescr)"
3588361246,663289,68966,1,1,1,32,32,1,30,0.000,0.000,,,,,NVIDIA A100-SXM4-40GB MIG 4g.20gb (0),1,,13,"void convert_kernel<float2, __half2>(tensor_layout_any, T1 *, tensor_layout_any, const T2 *)"
3589043446,22816,68978,2253,1,1,128,1,1,16,0.000,0.000,,,,,NVIDIA A100-SXM4-40GB MIG 4g.20gb (0),1,,13,cupy_copy__float16_float16
3589287091,5888,68987,282,1,1,128,1,1,16,0.000,0.000,,,,,NVIDIA A100-SXM4-40GB MIG 4g.20gb (0),1,,13,cupy_copy__complex64_complex64
3589413778,10528,68996,26,1,1,128,1,1,16,0.000,0.000,,,,,NVIDIA A100-SXM4-40GB MIG 4g.20gb (0),1,,13,cupy_copy__float32_float32
3589627024,6560,69005,103,1,1,128,1,1,16,0.000,0.000,,,,,NVIDIA A100-SXM4-40GB MIG 4g.20gb (0),1,,13,cupy_copy__complex64_complex64
3589750318,21024,69015,1434,1,1,128,1,1,16,0.000,0.000,,,,,NVIDIA A100-SXM4-40GB MIG 4g.20gb (0),1,,13,cupy_copy__complex64_complex64
3589982699,263485,69020,1,1,1,32,32,1,30,0.000,0.000,,,,,NVIDIA A100-SXM4-40GB MIG 4g.20gb (0),1,,13,"void convert_kernel<__half2, float2>(tensor_layout_any, T1 *, tensor_layout_any, const T2 *)"
3590275912,6080,69023,,,,,,,,,,0.094,15410.462,Pinned,Device,NVIDIA A100-SXM4-40GB MIG 4g.20gb (0),1,,13,[CUDA memcpy Host-to-Device]
3590441574,627993,69024,,,,,,,,,,456.561,726845.812,Device,,NVIDIA A100-SXM4-40GB MIG 4g.20gb (0),1,,13,[CUDA memset]
3591077503,51071,69029,,,,,,,,,,1.235,24180.204,Pinned,Device,NVIDIA A100-SXM4-40GB MIG 4g.20gb (0),1,,13,[CUDA memcpy Host-to-Device]
3591131166,10592,69030,,,,,,,,,,0.197,18561.761,Pinned,Device,NVIDIA A100-SXM4-40GB MIG 4g.20gb (0),1,,13,[CUDA memcpy Host-to-Device]
3591435419,19520,69031,69,4,1,48,1,1,76,0.002,0.000,,,,,NVIDIA A100-SXM4-40GB MIG 4g.20gb (0),1,,13,"void ch_est::windowedChEstPreNoDftSOfdmKernel<float, __half, float, (unsigned int)2, (unsigned int)1, (unsigned short)4>(ch_est::puschRxChEstStatDescr_t *, ch_est::puschRxChEstDynDescr_t *)"
3591670200,14400,69032,137,2,1,24,2,1,44,0.001,0.001,,,,,NVIDIA A100-SXM4-40GB MIG 4g.20gb (0),1,,13,"void ch_est::chEstFilterNoDftSOfdmDispatchKernel<float, __half, float, (unsigned int)2>(ch_est::puschRxChEstStatDescr_t *, ch_est::puschRxChEstDynDescr_t *)"
3591807703,21151,69033,137,2,1,24,2,1,44,0.001,0.001,,,,,NVIDIA A100-SXM4-40GB MIG 4g.20gb (0),1,,13,"void ch_est::chEstFilterNoDftSOfdmDispatchKernel<float, __half, float, (unsigned int)2>(ch_est::puschRxChEstStatDescr_t *, ch_est::puschRxChEstDynDescr_t *)"
3592031060,6304,69044,103,1,1,128,1,1,16,0.000,0.000,,,,,NVIDIA A100-SXM4-40GB MIG 4g.20gb (0),1,,13,cupy_copy__complex64_complex64
3592147539,19071,69054,1434,1,1,128,1,1,16,0.000,0.000,,,,,NVIDIA A100-SXM4-40GB MIG 4g.20gb (0),1,,13,cupy_copy__complex64_complex64
3592168018,5024,69061,103,1,1,128,1,1,16,0.000,0.000,,,,,NVIDIA A100-SXM4-40GB MIG 4g.20gb (0),1,,13,cupy_copy__complex64_complex64
3592404464,259581,69068,1,1,1,32,32,1,30,0.000,0.000,,,,,NVIDIA A100-SXM4-40GB MIG 4g.20gb (0),1,,13,"void convert_kernel<__half2, float2>(tensor_layout_any, T1 *, tensor_layout_any, const T2 *)"
3592694828,5600,69071,,,,,,,,,,0.094,16731.388,Pinned,Device,NVIDIA A100-SXM4-40GB MIG 4g.20gb (0),1,,13,[CUDA memcpy Host-to-Device]
3592866666,61888,69072,,,,,,,,,,35.810,578616.687,Device,,NVIDIA A100-SXM4-40GB MIG 4g.20gb (0),1,,13,[CUDA memset]
3592931338,1984,69074,,,,,,,,,,0.000,40.323,Pinned,Device,NVIDIA A100-SXM4-40GB MIG 4g.20gb (0),1,,13,[CUDA memcpy Host-to-Device]
3592935786,12255,69075,,,,,,,,,,0.197,16043.016,Pinned,Device,NVIDIA A100-SXM4-40GB MIG 4g.20gb (0),1,,13,[CUDA memcpy Host-to-Device]
3593272070,26111,69076,273,1,1,48,1,1,40,0.000,0.001,,,,,NVIDIA A100-SXM4-40GB MIG 4g.20gb (0),1,,13,"void pusch_noise_intf_est::noiseIntfEstNoDftSOfdmKernel<float, __half, float, float, (unsigned int)2, (unsigned int)1, (unsigned char)4, (unsigned char)4>(pusch_noise_intf_est::puschRxNoiseIntfEstDynDescr)"
3593601954,9952,69087,35,1,1,128,1,1,16,0.000,0.000,,,,,NVIDIA A100-SXM4-40GB MIG 4g.20gb (0),1,,13,cupy_copy__complex64_complex64
3593820959,3872,69096,1,1,1,1,1,1,18,0.000,0.000,,,,,NVIDIA A100-SXM4-40GB MIG 4g.20gb (0),1,,13,cupy_copy__float32_float32
3593826495,1824,69102,,,,,,,,,,0.000,2.193,Device,Pageable,NVIDIA A100-SXM4-40GB MIG 4g.20gb (0),1,,7,[CUDA memcpy Device-to-Host]
3593937310,20928,69113,1434,1,1,128,1,1,16,0.000,0.000,,,,,NVIDIA A100-SXM4-40GB MIG 4g.20gb (0),1,,13,cupy_copy__complex64_complex64
3594170683,6368,69120,103,1,1,128,1,1,16,0.000,0.000,,,,,NVIDIA A100-SXM4-40GB MIG 4g.20gb (0),1,,13,cupy_copy__complex64_complex64
3594287738,9760,69127,35,1,1,128,1,1,16,0.000,0.000,,,,,NVIDIA A100-SXM4-40GB MIG 4g.20gb (0),1,,13,cupy_copy__complex64_complex64
3594499064,4128,69134,1,1,1,1,1,1,18,0.000,0.000,,,,,NVIDIA A100-SXM4-40GB MIG 4g.20gb (0),1,,13,cupy_copy__float32_float32
3594629814,261469,69145,1,1,1,32,32,1,30,0.000,0.000,,,,,NVIDIA A100-SXM4-40GB MIG 4g.20gb (0),1,,13,"void convert_kernel<__half2, float2>(tensor_layout_any, T1 *, tensor_layout_any, const T2 *)"
3594921779,5376,69148,,,,,,,,,,0.094,17428.487,Pinned,Device,NVIDIA A100-SXM4-40GB MIG 4g.20gb (0),1,,13,[CUDA memcpy Host-to-Device]
3594958546,7808,69149,,,,,,,,,,1.547,198080.776,Device,,NVIDIA A100-SXM4-40GB MIG 4g.20gb (0),1,,13,[CUDA memset]
3594971314,3040,69154,,,,,,,,,,0.031,10294.725,Pinned,Device,NVIDIA A100-SXM4-40GB MIG 4g.20gb (0),1,,13,[CUDA memcpy Host-to-Device]
3594977298,10176,69155,,,,,,,,,,0.197,19320.668,Pinned,Device,NVIDIA A100-SXM4-40GB MIG 4g.20gb (0),1,,13,[CUDA memcpy Host-to-Device]
3595317102,23584,69156,273,1,1,8,4,1,39,0.002,0.000,,,,,NVIDIA A100-SXM4-40GB MIG 4g.20gb (0),1,,13,"void channel_eq::eqMmseCoefCompLowMimoKernel<float, float, float, (unsigned int)4, (unsigned int)1, (unsigned int)4>(const channel_eq::_puschRxChEqStatDescr *, channel_eq::_puschRxChEqCoefCompDynDescr)"
3595536620,15391,69157,273,1,1,12,11,1,51,0.002,0.000,,,,,NVIDIA A100-SXM4-40GB MIG 4g.20gb (0),1,,13,"void channel_eq::eqMmseSoftDemapKernel<float, __half, __half, float, (unsigned int)4, (unsigned short)16383>(channel_eq::_puschRxChEqStatDescr *, channel_eq::_puschRxChEqSoftDemapDynDescr)"
3595652938,691960,69158,1,1,1,32,32,1,30,0.000,0.000,,,,,NVIDIA A100-SXM4-40GB MIG 4g.20gb (0),1,,13,"void convert_kernel<float2, __half2>(tensor_layout_any, T1 *, tensor_layout_any, const T2 *)"
3596654847,21728,69170,2253,1,1,128,1,1,16,0.000,0.000,,,,,NVIDIA A100-SXM4-40GB MIG 4g.20gb (0),1,,13,cupy_copy__float16_float16
3596890108,6240,69179,282,1,1,128,1,1,16,0.000,0.000,,,,,NVIDIA A100-SXM4-40GB MIG 4g.20gb (0),1,,13,cupy_copy__complex64_complex64
3597001979,7936,69188,26,1,1,128,1,1,16,0.000,0.000,,,,,NVIDIA A100-SXM4-40GB MIG 4g.20gb (0),1,,13,cupy_copy__float32_float32
3597222616,8832,69197,103,1,1,128,1,1,16,0.000,0.000,,,,,NVIDIA A100-SXM4-40GB MIG 4g.20gb (0),1,,13,cupy_copy__complex64_complex64
3597335895,21600,69207,1434,1,1,128,1,1,16,0.000,0.000,,,,,NVIDIA A100-SXM4-40GB MIG 4g.20gb (0),1,,13,cupy_copy__complex64_complex64
3597584820,246717,69212,1,1,1,32,32,1,30,0.000,0.000,,,,,NVIDIA A100-SXM4-40GB MIG 4g.20gb (0),1,,13,"void convert_kernel<__half2, float2>(tensor_layout_any, T1 *, tensor_layout_any, const T2 *)"
3597863505,5376,69215,,,,,,,,,,0.094,17428.487,Pinned,Device,NVIDIA A100-SXM4-40GB MIG 4g.20gb (0),1,,13,[CUDA memcpy Host-to-Device]
3598058223,630680,69216,,,,,,,,,,456.561,723649.882,Device,,NVIDIA A100-SXM4-40GB MIG 4g.20gb (0),1,,13,[CUDA memset]
3598695495,51168,69221,,,,,,,,,,1.235,24134.511,Pinned,Device,NVIDIA A100-SXM4-40GB MIG 4g.20gb (0),1,,13,[CUDA memcpy Host-to-Device]
3598749223,11136,69222,,,,,,,,,,0.197,17655.005,Pinned,Device,NVIDIA A100-SXM4-40GB MIG 4g.20gb (0),1,,13,[CUDA memcpy Host-to-Device]
3599039363,21280,69223,69,4,1,48,1,1,76,0.002,0.000,,,,,NVIDIA A100-SXM4-40GB MIG 4g.20gb (0),1,,13,"void ch_est::windowedChEstPreNoDftSOfdmKernel<float, __half, float, (unsigned int)2, (unsigned int)1, (unsigned short)4>(ch_est::puschRxChEstStatDescr_t *, ch_est::puschRxChEstDynDescr_t *)"
3599266369,11968,69224,137,2,1,24,2,1,44,0.001,0.001,,,,,NVIDIA A100-SXM4-40GB MIG 4g.20gb (0),1,,13,"void ch_est::chEstFilterNoDftSOfdmDispatchKernel<float, __half, float, (unsigned int)2>(ch_est::puschRxChEstStatDescr_t *, ch_est::puschRxChEstDynDescr_t *)"
3599381215,21920,69225,137,2,1,24,2,1,44,0.001,0.001,,,,,NVIDIA A100-SXM4-40GB MIG 4g.20gb (0),1,,13,"void ch_est::chEstFilterNoDftSOfdmDispatchKernel<float, __half, float, (unsigned int)2>(ch_est::puschRxChEstStatDescr_t *, ch_est::puschRxChEstDynDescr_t *)"
3599603773,4448,69236,103,1,1,128,1,1,16,0.000,0.000,,,,,NVIDIA A100-SXM4-40GB MIG 4g.20gb (0),1,,13,cupy_copy__complex64_complex64
3599714460,20351,69246,1434,1,1,128,1,1,16,0.000,0.000,,,,,NVIDIA A100-SXM4-40GB MIG 4g.20gb (0),1,,13,cupy_copy__complex64_complex64
3599930681,5760,69253,103,1,1,128,1,1,16,0.000,0.000,,,,,NVIDIA A100-SXM4-40GB MIG 4g.20gb (0),1,,13,cupy_copy__complex64_complex64
3600054360,262717,69260,1,1,1,32,32,1,30,0.000,0.000,,,,,NVIDIA A100-SXM4-40GB MIG 4g.20gb (0),1,,13,"void convert_kernel<__half2, float2>(tensor_layout_any, T1 *, tensor_layout_any, const T2 *)"
3600348116,5344,69263,,,,,,,,,,0.094,17532.864,Pinned,Device,NVIDIA A100-SXM4-40GB MIG 4g.20gb (0),1,,13,[CUDA memcpy Host-to-Device]
3600388308,64639,69264,,,,,,,,,,35.810,553979.462,Device,,NVIDIA A100-SXM4-40GB MIG 4g.20gb (0),1,,13,[CUDA memset]
3600460947,1888,69266,,,,,,,,,,0.000,42.373,Pinned,Device,NVIDIA A100-SXM4-40GB MIG 4g.20gb (0),1,,13,[CUDA memcpy Host-to-Device]
3600465971,10400,69267,,,,,,,,,,0.197,18904.449,Pinned,Device,NVIDIA A100-SXM4-40GB MIG 4g.20gb (0),1,,13,[CUDA memcpy Host-to-Device]
3600785551,24416,69268,273,1,1,48,1,1,40,0.000,0.001,,,,,NVIDIA A100-SXM4-40GB MIG 4g.20gb (0),1,,13,"void pusch_noise_intf_est::noiseIntfEstNoDftSOfdmKernel<float, __half, float, float, (unsigned int)2, (unsigned int)1, (unsigned char)4, (unsigned char)4>(pusch_noise_intf_est::puschRxNoiseIntfEstDynDescr)"
3601007757,5184,69279,35,1,1,128,1,1,16,0.000,0.000,,,,,NVIDIA A100-SXM4-40GB MIG 4g.20gb (0),1,,13,cupy_copy__complex64_complex64
3601132491,4640,69288,1,1,1,1,1,1,18,0.000,0.000,,,,,NVIDIA A100-SXM4-40GB MIG 4g.20gb (0),1,,13,cupy_copy__float32_float32
3601142475,2016,69294,,,,,,,,,,0.000,1.984,Device,Pageable,NVIDIA A100-SXM4-40GB MIG 4g.20gb (0),1,,7,[CUDA memcpy Device-to-Host]
3601459944,20831,69305,1434,1,1,128,1,1,16,0.000,0.000,,,,,NVIDIA A100-SXM4-40GB MIG 4g.20gb (0),1,,13,cupy_copy__complex64_complex64
3601693765,5344,69312,103,1,1,128,1,1,16,0.000,0.000,,,,,NVIDIA A100-SXM4-40GB MIG 4g.20gb (0),1,,13,cupy_copy__complex64_complex64
3601811332,14399,69319,35,1,1,128,1,1,16,0.000,0.000,,,,,NVIDIA A100-SXM4-40GB MIG 4g.20gb (0),1,,13,cupy_copy__complex64_complex64
3602025697,6208,69326,1,1,1,1,1,1,18,0.000,0.000,,,,,NVIDIA A100-SXM4-40GB MIG 4g.20gb (0),1,,13,cupy_copy__float32_float32
3602138912,258141,69337,1,1,1,32,32,1,30,0.000,0.000,,,,,NVIDIA A100-SXM4-40GB MIG 4g.20gb (0),1,,13,"void convert_kernel<__half2, float2>(tensor_layout_any, T1 *, tensor_layout_any, const T2 *)"
3602426972,5376,69340,,,,,,,,,,0.094,17428.487,Pinned,Device,NVIDIA A100-SXM4-40GB MIG 4g.20gb (0),1,,13,[CUDA memcpy Host-to-Device]
3602469148,10432,69341,,,,,,,,,,1.547,148256.283,Device,,NVIDIA A100-SXM4-40GB MIG 4g.20gb (0),1,,13,[CUDA memset]
3602488444,3520,69346,,,,,,,,,,0.031,8890.881,Pinned,Device,NVIDIA A100-SXM4-40GB MIG 4g.20gb (0),1,,13,[CUDA memcpy Host-to-Device]
3602494396,9504,69347,,,,,,,,,,0.197,20686.701,Pinned,Device,NVIDIA A100-SXM4-40GB MIG 4g.20gb (0),1,,13,[CUDA memcpy Host-to-Device]
3602803160,17920,69348,273,1,1,8,4,1,39,0.002,0.000,,,,,NVIDIA A100-SXM4-40GB MIG 4g.20gb (0),1,,13,"void channel_eq::eqMmseCoefCompLowMimoKernel<float, float, float, (unsigned int)4, (unsigned int)1, (unsigned int)4>(const channel_eq::_puschRxChEqStatDescr *, channel_eq::_puschRxChEqCoefCompDynDescr)"
3603015670,18047,69349,273,1,1,12,11,1,51,0.002,0.000,,,,,NVIDIA A100-SXM4-40GB MIG 4g.20gb (0),1,,13,"void channel_eq::eqMmseSoftDemapKernel<float, __half, __half, float, (unsigned int)4, (unsigned short)16383>(channel_eq::_puschRxChEqStatDescr *, channel_eq::_puschRxChEqSoftDemapDynDescr)"
3603148180,693016,69350,1,1,1,32,32,1,30,0.000,0.000,,,,,NVIDIA A100-SXM4-40GB MIG 4g.20gb (0),1,,13,"void convert_kernel<float2, __half2>(tensor_layout_any, T1 *, tensor_layout_any, const T2 *)"
3604147465,20927,69362,2253,1,1,128,1,1,16,0.000,0.000,,,,,NVIDIA A100-SXM4-40GB MIG 4g.20gb (0),1,,13,cupy_copy__float16_float16
3604371078,6304,69371,282,1,1,128,1,1,16,0.000,0.000,,,,,NVIDIA A100-SXM4-40GB MIG 4g.20gb (0),1,,13,cupy_copy__complex64_complex64
3604493541,6176,69380,26,1,1,128,1,1,16,0.000,0.000,,,,,NVIDIA A100-SXM4-40GB MIG 4g.20gb (0),1,,13,cupy_copy__float32_float32
3604715586,9248,69389,103,1,1,128,1,1,16,0.000,0.000,,,,,NVIDIA A100-SXM4-40GB MIG 4g.20gb (0),1,,13,cupy_copy__complex64_complex64
3604831841,21184,69399,1434,1,1,128,1,1,16,0.000,0.000,,,,,NVIDIA A100-SXM4-40GB MIG 4g.20gb (0),1,,13,cupy_copy__complex64_complex64
3605069406,251709,69404,1,1,1,32,32,1,30,0.000,0.000,,,,,NVIDIA A100-SXM4-40GB MIG 4g.20gb (0),1,,13,"void convert_kernel<__half2, float2>(tensor_layout_any, T1 *, tensor_layout_any, const T2 *)"
3605353819,6848,69407,,,,,,,,,,0.094,13682.239,Pinned,Device,NVIDIA A100-SXM4-40GB MIG 4g.20gb (0),1,,13,[CUDA memcpy Host-to-Device]
3605530937,632600,69408,,,,,,,,,,456.561,721367.075,Device,,NVIDIA A100-SXM4-40GB MIG 4g.20gb (0),1,,13,[CUDA memset]
3606167313,52480,69413,,,,,,,,,,1.235,23530.623,Pinned,Device,NVIDIA A100-SXM4-40GB MIG 4g.20gb (0),1,,13,[CUDA memcpy Host-to-Device]
3606222225,9376,69414,,,,,,,,,,0.197,20969.226,Pinned,Device,NVIDIA A100-SXM4-40GB MIG 4g.20gb (0),1,,13,[CUDA memcpy Host-to-Device]
3606524493,17696,69415,69,4,1,48,1,1,76,0.002,0.000,,,,,NVIDIA A100-SXM4-40GB MIG 4g.20gb (0),1,,13,"void ch_est::windowedChEstPreNoDftSOfdmKernel<float, __half, float, (unsigned int)2, (unsigned int)1, (unsigned short)4>(ch_est::puschRxChEstStatDescr_t *, ch_est::puschRxChEstDynDescr_t *)"
3606740779,13472,69416,137,2,1,24,2,1,44,0.001,0.001,,,,,NVIDIA A100-SXM4-40GB MIG 4g.20gb (0),1,,13,"void ch_est::chEstFilterNoDftSOfdmDispatchKernel<float, __half, float, (unsigned int)2>(ch_est::puschRxChEstStatDescr_t *, ch_est::puschRxChEstDynDescr_t *)"
3606872521,19808,69417,137,2,1,24,2,1,44,0.001,0.001,,,,,NVIDIA A100-SXM4-40GB MIG 4g.20gb (0),1,,13,"void ch_est::chEstFilterNoDftSOfdmDispatchKernel<float, __half, float, (unsigned int)2>(ch_est::puschRxChEstStatDescr_t *, ch_est::puschRxChEstDynDescr_t *)"
3607085959,7904,69428,103,1,1,128,1,1,16,0.000,0.000,,,,,NVIDIA A100-SXM4-40GB MIG 4g.20gb (0),1,,13,cupy_copy__complex64_complex64
3607204454,21471,69438,1434,1,1,128,1,1,16,0.000,0.000,,,,,NVIDIA A100-SXM4-40GB MIG 4g.20gb (0),1,,13,cupy_copy__complex64_complex64
3607429731,5312,69445,103,1,1,128,1,1,16,0.000,0.000,,,,,NVIDIA A100-SXM4-40GB MIG 4g.20gb (0),1,,13,cupy_copy__complex64_complex64
3607550114,256381,69452,1,1,1,32,32,1,30,0.000,0.000,,,,,NVIDIA A100-SXM4-40GB MIG 4g.20gb (0),1,,13,"void convert_kernel<__half2, float2>(tensor_layout_any, T1 *, tensor_layout_any, const T2 *)"
3607836670,5344,69455,,,,,,,,,,0.094,17532.864,Pinned,Device,NVIDIA A100-SXM4-40GB MIG 4g.20gb (0),1,,13,[CUDA memcpy Host-to-Device]
3607885822,62687,69456,,,,,,,,,,35.810,571239.844,Device,,NVIDIA A100-SXM4-40GB MIG 4g.20gb (0),1,,13,[CUDA memset]
3607950333,1824,69458,,,,,,,,,,0.000,43.860,Pinned,Device,NVIDIA A100-SXM4-40GB MIG 4g.20gb (0),1,,13,[CUDA memcpy Host-to-Device]
3607955261,9920,69459,,,,,,,,,,0.197,19819.266,Pinned,Device,NVIDIA A100-SXM4-40GB MIG 4g.20gb (0),1,,13,[CUDA memcpy Host-to-Device]
3608295033,21664,69460,273,1,1,48,1,1,40,0.000,0.001,,,,,NVIDIA A100-SXM4-40GB MIG 4g.20gb (0),1,,13,"void pusch_noise_intf_est::noiseIntfEstNoDftSOfdmKernel<float, __half, float, float, (unsigned int)2, (unsigned int)1, (unsigned char)4, (unsigned char)4>(pusch_noise_intf_est::puschRxNoiseIntfEstDynDescr)"
3608523446,5344,69471,35,1,1,128,1,1,16,0.000,0.000,,,,,NVIDIA A100-SXM4-40GB MIG 4g.20gb (0),1,,13,cupy_copy__complex64_complex64
3608639989,4992,69480,1,1,1,1,1,1,18,0.000,0.000,,,,,NVIDIA A100-SXM4-40GB MIG 4g.20gb (0),1,,13,cupy_copy__float32_float32
3608648437,2560,69486,,,,,,,,,,0.000,1.562,Device,Pageable,NVIDIA A100-SXM4-40GB MIG 4g.20gb (0),1,,7,[CUDA memcpy Device-to-Host]
3608991921,20672,69497,1434,1,1,128,1,1,16,0.000,0.000,,,,,NVIDIA A100-SXM4-40GB MIG 4g.20gb (0),1,,13,cupy_copy__complex64_complex64
3609221198,5600,69504,103,1,1,128,1,1,16,0.000,0.000,,,,,NVIDIA A100-SXM4-40GB MIG 4g.20gb (0),1,,13,cupy_copy__complex64_complex64
3609347021,10816,69511,35,1,1,128,1,1,16,0.000,0.000,,,,,NVIDIA A100-SXM4-40GB MIG 4g.20gb (0),1,,13,cupy_copy__complex64_complex64
3609560650,3488,69518,1,1,1,1,1,1,18,0.000,0.000,,,,,NVIDIA A100-SXM4-40GB MIG 4g.20gb (0),1,,13,cupy_copy__float32_float32
3609682569,256029,69529,1,1,1,32,32,1,30,0.000,0.000,,,,,NVIDIA A100-SXM4-40GB MIG 4g.20gb (0),1,,13,"void convert_kernel<__half2, float2>(tensor_layout_any, T1 *, tensor_layout_any, const T2 *)"
3609973222,5632,69532,,,,,,,,,,0.094,16636.287,Pinned,Device,NVIDIA A100-SXM4-40GB MIG 4g.20gb (0),1,,13,[CUDA memcpy Host-to-Device]
3610015781,11456,69533,,,,,,,,,,1.547,135004.809,Device,,NVIDIA A100-SXM4-40GB MIG 4g.20gb (0),1,,13,[CUDA memset]
3610031685,3264,69538,,,,,,,,,,0.031,9588.218,Pinned,Device,NVIDIA A100-SXM4-40GB MIG 4g.20gb (0),1,,13,[CUDA memcpy Host-to-Device]
3610037989,10208,69539,,,,,,,,,,0.197,19260.113,Pinned,Device,NVIDIA A100-SXM4-40GB MIG 4g.20gb (0),1,,13,[CUDA memcpy Host-to-Device]
3610350689,21536,69540,273,1,1,8,4,1,39,0.002,0.000,,,,,NVIDIA A100-SXM4-40GB MIG 4g.20gb (0),1,,13,"void channel_eq::eqMmseCoefCompLowMimoKernel<float, float, float, (unsigned int)4, (unsigned int)1, (unsigned int)4>(const channel_eq::_puschRxChEqStatDescr *, channel_eq::_puschRxChEqCoefCompDynDescr)"
3610550943,17120,69541,273,1,1,12,11,1,51,0.002,0.000,,,,,NVIDIA A100-SXM4-40GB MIG 4g.20gb (0),1,,13,"void channel_eq::eqMmseSoftDemapKernel<float, __half, __half, float, (unsigned int)4, (unsigned short)16383>(channel_eq::_puschRxChEqStatDescr *, channel_eq::_puschRxChEqSoftDemapDynDescr)"
3610683102,688664,69542,1,1,1,32,32,1,30,0.000,0.000,,,,,NVIDIA A100-SXM4-40GB MIG 4g.20gb (0),1,,13,"void convert_kernel<float2, __half2>(tensor_layout_any, T1 *, tensor_layout_any, const T2 *)"
3611687090,22304,69554,2253,1,1,128,1,1,16,0.000,0.000,,,,,NVIDIA A100-SXM4-40GB MIG 4g.20gb (0),1,,13,cupy_copy__float16_float16
3612050126,12448,69563,282,1,1,128,1,1,16,0.000,0.000,,,,,NVIDIA A100-SXM4-40GB MIG 4g.20gb (0),1,,13,cupy_copy__complex64_complex64
3612260107,4416,69572,26,1,1,128,1,1,16,0.000,0.000,,,,,NVIDIA A100-SXM4-40GB MIG 4g.20gb (0),1,,13,cupy_copy__float32_float32
3612388554,15872,69581,103,1,1,128,1,1,16,0.000,0.000,,,,,NVIDIA A100-SXM4-40GB MIG 4g.20gb (0),1,,13,cupy_copy__complex64_complex64
3612603143,19776,69591,1434,1,1,128,1,1,16,0.000,0.000,,,,,NVIDIA A100-SXM4-40GB MIG 4g.20gb (0),1,,13,cupy_copy__complex64_complex64
3612740358,265053,69596,1,1,1,32,32,1,30,0.000,0.000,,,,,NVIDIA A100-SXM4-40GB MIG 4g.20gb (0),1,,13,"void convert_kernel<__half2, float2>(tensor_layout_any, T1 *, tensor_layout_any, const T2 *)"
3613036131,5887,69599,,,,,,,,,,0.094,15915.671,Pinned,Device,NVIDIA A100-SXM4-40GB MIG 4g.20gb (0),1,,13,[CUDA memcpy Host-to-Device]
3613062466,632505,69600,,,,,,,,,,456.561,721823.637,Device,,NVIDIA A100-SXM4-40GB MIG 4g.20gb (0),1,,13,[CUDA memset]
3613701979,52991,69605,,,,,,,,,,1.235,23304.628,Pinned,Device,NVIDIA A100-SXM4-40GB MIG 4g.20gb (0),1,,13,[CUDA memcpy Host-to-Device]
3613759226,10496,69606,,,,,,,,,,0.197,18731.631,Pinned,Device,NVIDIA A100-SXM4-40GB MIG 4g.20gb (0),1,,13,[CUDA memcpy Host-to-Device]
3614049559,24512,69607,69,4,1,48,1,1,76,0.002,0.000,,,,,NVIDIA A100-SXM4-40GB MIG 4g.20gb (0),1,,13,"void ch_est::windowedChEstPreNoDftSOfdmKernel<float, __half, float, (unsigned int)2, (unsigned int)1, (unsigned short)4>(ch_est::puschRxChEstStatDescr_t *, ch_est::puschRxChEstDynDescr_t *)"
3614276148,9920,69608,137,2,1,24,2,1,44,0.001,0.001,,,,,NVIDIA A100-SXM4-40GB MIG 4g.20gb (0),1,,13,"void ch_est::chEstFilterNoDftSOfdmDispatchKernel<float, __half, float, (unsigned int)2>(ch_est::puschRxChEstStatDescr_t *, ch_est::puschRxChEstDynDescr_t *)"
3614404243,19296,69609,137,2,1,24,2,1,44,0.001,0.001,,,,,NVIDIA A100-SXM4-40GB MIG 4g.20gb (0),1,,13,"void ch_est::chEstFilterNoDftSOfdmDispatchKernel<float, __half, float, (unsigned int)2>(ch_est::puschRxChEstStatDescr_t *, ch_est::puschRxChEstDynDescr_t *)"
3614638512,5440,69620,103,1,1,128,1,1,16,0.000,0.000,,,,,NVIDIA A100-SXM4-40GB MIG 4g.20gb (0),1,,13,cupy_copy__complex64_complex64
3614759119,20255,69630,1434,1,1,128,1,1,16,0.000,0.000,,,,,NVIDIA A100-SXM4-40GB MIG 4g.20gb (0),1,,13,cupy_copy__complex64_complex64
3614988812,4896,69637,103,1,1,128,1,1,16,0.000,0.000,,,,,NVIDIA A100-SXM4-40GB MIG 4g.20gb (0),1,,13,cupy_copy__complex64_complex64
3615110795,259389,69644,1,1,1,32,32,1,30,0.000,0.000,,,,,NVIDIA A100-SXM4-40GB MIG 4g.20gb (0),1,,13,"void convert_kernel<__half2, float2>(tensor_layout_any, T1 *, tensor_layout_any, const T2 *)"
3615399815,5920,69647,,,,,,,,,,0.094,15826.941,Pinned,Device,NVIDIA A100-SXM4-40GB MIG 4g.20gb (0),1,,13,[CUDA memcpy Host-to-Device]
3615443303,63583,69648,,,,,,,,,,35.810,563182.612,Device,,NVIDIA A100-SXM4-40GB MIG 4g.20gb (0),1,,13,[CUDA memset]
3615510406,1856,69650,,,,,,,,,,0.000,43.103,Pinned,Device,NVIDIA A100-SXM4-40GB MIG 4g.20gb (0),1,,13,[CUDA memcpy Host-to-Device]
3615514694,9312,69651,,,,,,,,,,0.197,21113.340,Pinned,Device,NVIDIA A100-SXM4-40GB MIG 4g.20gb (0),1,,13,[CUDA memcpy Host-to-Device]
3615848994,22944,69652,273,1,1,48,1,1,40,0.000,0.001,,,,,NVIDIA A100-SXM4-40GB MIG 4g.20gb (0),1,,13,"void pusch_noise_intf_est::noiseIntfEstNoDftSOfdmKernel<float, __half, float, float, (unsigned int)2, (unsigned int)1, (unsigned char)4, (unsigned char)4>(pusch_noise_intf_est::puschRxNoiseIntfEstDynDescr)"
3616188542,6752,69663,35,1,1,128,1,1,16,0.000,0.000,,,,,NVIDIA A100-SXM4-40GB MIG 4g.20gb (0),1,,13,cupy_copy__complex64_complex64
3616398812,4128,69672,1,1,1,1,1,1,18,0.000,0.000,,,,,NVIDIA A100-SXM4-40GB MIG 4g.20gb (0),1,,13,cupy_copy__float32_float32
3616407484,1728,69678,,,,,,,,,,0.000,2.315,Device,Pageable,NVIDIA A100-SXM4-40GB MIG 4g.20gb (0),1,,7,[CUDA memcpy Device-to-Host]
3616513307,20639,69689,1434,1,1,128,1,1,16,0.000,0.000,,,,,NVIDIA A100-SXM4-40GB MIG 4g.20gb (0),1,,13,cupy_copy__complex64_complex64
3616735576,4800,69696,103,1,1,128,1,1,16,0.000,0.000,,,,,NVIDIA A100-SXM4-40GB MIG 4g.20gb (0),1,,13,cupy_copy__complex64_complex64
3616860503,9119,69703,35,1,1,128,1,1,16,0.000,0.000,,,,,NVIDIA A100-SXM4-40GB MIG 4g.20gb (0),1,,13,cupy_copy__complex64_complex64
3617083860,4224,69710,1,1,1,1,1,1,18,0.000,0.000,,,,,NVIDIA A100-SXM4-40GB MIG 4g.20gb (0),1,,13,cupy_copy__float32_float32
3617203379,265277,69721,1,1,1,32,32,1,30,0.000,0.000,,,,,NVIDIA A100-SXM4-40GB MIG 4g.20gb (0),1,,13,"void convert_kernel<__half2, float2>(tensor_layout_any, T1 *, tensor_layout_any, const T2 *)"
3617500975,5952,69724,,,,,,,,,,0.094,15741.865,Pinned,Device,NVIDIA A100-SXM4-40GB MIG 4g.20gb (0),1,,13,[CUDA memcpy Host-to-Device]
3617536911,9952,69725,,,,,,,,,,1.547,155407.873,Device,,NVIDIA A100-SXM4-40GB MIG 4g.20gb (0),1,,13,[CUDA memset]
3617549231,3136,69730,,,,,,,,,,0.031,9979.575,Pinned,Device,NVIDIA A100-SXM4-40GB MIG 4g.20gb (0),1,,13,[CUDA memcpy Host-to-Device]
3617555439,10591,69731,,,,,,,,,,0.197,18563.531,Pinned,Device,NVIDIA A100-SXM4-40GB MIG 4g.20gb (0),1,,13,[CUDA memcpy Host-to-Device]
3617880235,21312,69732,273,1,1,8,4,1,39,0.002,0.000,,,,,NVIDIA A100-SXM4-40GB MIG 4g.20gb (0),1,,13,"void channel_eq::eqMmseCoefCompLowMimoKernel<float, float, float, (unsigned int)4, (unsigned int)1, (unsigned int)4>(const channel_eq::_puschRxChEqStatDescr *, channel_eq::_puschRxChEqCoefCompDynDescr)"
3618104200,15936,69733,273,1,1,12,11,1,51,0.002,0.000,,,,,NVIDIA A100-SXM4-40GB MIG 4g.20gb (0),1,,13,"void channel_eq::eqMmseSoftDemapKernel<float, __half, __half, float, (unsigned int)4, (unsigned short)16383>(channel_eq::_puschRxChEqStatDescr *, channel_eq::_puschRxChEqSoftDemapDynDescr)"
3618229447,677304,69734,1,1,1,32,32,1,30,0.000,0.000,,,,,NVIDIA A100-SXM4-40GB MIG 4g.20gb (0),1,,13,"void convert_kernel<float2, __half2>(tensor_layout_any, T1 *, tensor_layout_any, const T2 *)"
3618909279,19264,69746,2253,1,1,128,1,1,16,0.000,0.000,,,,,NVIDIA A100-SXM4-40GB MIG 4g.20gb (0),1,,13,cupy_copy__float16_float16
3619146044,5952,69755,282,1,1,128,1,1,16,0.000,0.000,,,,,NVIDIA A100-SXM4-40GB MIG 4g.20gb (0),1,,13,cupy_copy__complex64_complex64
3619258747,9216,69764,26,1,1,128,1,1,16,0.000,0.000,,,,,NVIDIA A100-SXM4-40GB MIG 4g.20gb (0),1,,13,cupy_copy__float32_float32
3619485304,6656,69773,103,1,1,128,1,1,16,0.000,0.000,,,,,NVIDIA A100-SXM4-40GB MIG 4g.20gb (0),1,,13,cupy_copy__complex64_complex64
3619604183,21376,69783,1434,1,1,128,1,1,16,0.000,0.000,,,,,NVIDIA A100-SXM4-40GB MIG 4g.20gb (0),1,,13,cupy_copy__complex64_complex64
3619842516,257341,69788,1,1,1,32,32,1,30,0.000,0.000,,,,,NVIDIA A100-SXM4-40GB MIG 4g.20gb (0),1,,13,"void convert_kernel<__half2, float2>(tensor_layout_any, T1 *, tensor_layout_any, const T2 *)"
3620131665,5376,69791,,,,,,,,,,0.094,17428.487,Pinned,Device,NVIDIA A100-SXM4-40GB MIG 4g.20gb (0),1,,13,[CUDA memcpy Host-to-Device]
3620305327,628281,69792,,,,,,,,,,456.561,726389.251,Device,,NVIDIA A100-SXM4-40GB MIG 4g.20gb (0),1,,13,[CUDA memset]
3620934440,51839,69797,,,,,,,,,,1.235,23822.070,Pinned,Device,NVIDIA A100-SXM4-40GB MIG 4g.20gb (0),1,,13,[CUDA memcpy Host-to-Device]
3620989863,9312,69798,,,,,,,,,,0.197,21113.340,Pinned,Device,NVIDIA A100-SXM4-40GB MIG 4g.20gb (0),1,,13,[CUDA memcpy Host-to-Device]
3621283748,18111,69799,69,4,1,48,1,1,76,0.002,0.000,,,,,NVIDIA A100-SXM4-40GB MIG 4g.20gb (0),1,,13,"void ch_est::windowedChEstPreNoDftSOfdmKernel<float, __half, float, (unsigned int)2, (unsigned int)1, (unsigned short)4>(ch_est::puschRxChEstStatDescr_t *, ch_est::puschRxChEstDynDescr_t *)"
3621494913,12512,69800,137,2,1,24,2,1,44,0.001,0.001,,,,,NVIDIA A100-SXM4-40GB MIG 4g.20gb (0),1,,13,"void ch_est::chEstFilterNoDftSOfdmDispatchKernel<float, __half, float, (unsigned int)2>(ch_est::puschRxChEstStatDescr_t *, ch_est::puschRxChEstDynDescr_t *)"
3621615136,24832,69801,137,2,1,24,2,1,44,0.001,0.001,,,,,NVIDIA A100-SXM4-40GB MIG 4g.20gb (0),1,,13,"void ch_est::chEstFilterNoDftSOfdmDispatchKernel<float, __half, float, (unsigned int)2>(ch_est::puschRxChEstStatDescr_t *, ch_est::puschRxChEstDynDescr_t *)"
3621839357,6432,69812,103,1,1,128,1,1,16,0.000,0.000,,,,,NVIDIA A100-SXM4-40GB MIG 4g.20gb (0),1,,13,cupy_copy__complex64_complex64
3621959612,22048,69822,1434,1,1,128,1,1,16,0.000,0.000,,,,,NVIDIA A100-SXM4-40GB MIG 4g.20gb (0),1,,13,cupy_copy__complex64_complex64
3622180729,5184,69829,103,1,1,128,1,1,16,0.000,0.000,,,,,NVIDIA A100-SXM4-40GB MIG 4g.20gb (0),1,,13,cupy_copy__complex64_complex64
3622299320,253245,69836,1,1,1,32,32,1,30,0.000,0.000,,,,,NVIDIA A100-SXM4-40GB MIG 4g.20gb (0),1,,13,"void convert_kernel<__half2, float2>(tensor_layout_any, T1 *, tensor_layout_any, const T2 *)"
3622581813,5408,69839,,,,,,,,,,0.094,17325.421,Pinned,Device,NVIDIA A100-SXM4-40GB MIG 4g.20gb (0),1,,13,[CUDA memcpy Host-to-Device]
3622645524,63647,69840,,,,,,,,,,35.810,562609.653,Device,,NVIDIA A100-SXM4-40GB MIG 4g.20gb (0),1,,13,[CUDA memset]
3622711763,1856,69842,,,,,,,,,,0.000,43.103,Pinned,Device,NVIDIA A100-SXM4-40GB MIG 4g.20gb (0),1,,13,[CUDA memcpy Host-to-Device]
3622716051,9920,69843,,,,,,,,,,0.197,19819.266,Pinned,Device,NVIDIA A100-SXM4-40GB MIG 4g.20gb (0),1,,13,[CUDA memcpy Host-to-Device]
3623046895,29248,69844,273,1,1,48,1,1,40,0.000,0.001,,,,,NVIDIA A100-SXM4-40GB MIG 4g.20gb (0),1,,13,"void pusch_noise_intf_est::noiseIntfEstNoDftSOfdmKernel<float, __half, float, float, (unsigned int)2, (unsigned int)1, (unsigned char)4, (unsigned char)4>(pusch_noise_intf_est::puschRxNoiseIntfEstDynDescr)"
3623268397,4736,69855,35,1,1,128,1,1,16,0.000,0.000,,,,,NVIDIA A100-SXM4-40GB MIG 4g.20gb (0),1,,13,cupy_copy__complex64_complex64
3623382796,6783,69864,1,1,1,1,1,1,18,0.000,0.000,,,,,NVIDIA A100-SXM4-40GB MIG 4g.20gb (0),1,,13,cupy_copy__float32_float32
3623391659,1888,69870,,,,,,,,,,0.000,2.119,Device,Pageable,NVIDIA A100-SXM4-40GB MIG 4g.20gb (0),1,,7,[CUDA memcpy Device-to-Host]
3623719560,24639,69881,1434,1,1,128,1,1,16,0.000,0.000,,,,,NVIDIA A100-SXM4-40GB MIG 4g.20gb (0),1,,13,cupy_copy__complex64_complex64
3623940933,4992,69888,103,1,1,128,1,1,16,0.000,0.000,,,,,NVIDIA A100-SXM4-40GB MIG 4g.20gb (0),1,,13,cupy_copy__complex64_complex64
3624055620,10048,69895,35,1,1,128,1,1,16,0.000,0.000,,,,,NVIDIA A100-SXM4-40GB MIG 4g.20gb (0),1,,13,cupy_copy__complex64_complex64
3624282625,3936,69902,1,1,1,1,1,1,18,0.000,0.000,,,,,NVIDIA A100-SXM4-40GB MIG 4g.20gb (0),1,,13,cupy_copy__float32_float32
3624398880,262333,69913,1,1,1,32,32,1,30,0.000,0.000,,,,,NVIDIA A100-SXM4-40GB MIG 4g.20gb (0),1,,13,"void convert_kernel<__half2, float2>(tensor_layout_any, T1 *, tensor_layout_any, const T2 *)"
3624692797,7039,69916,,,,,,,,,,0.094,13310.922,Pinned,Device,NVIDIA A100-SXM4-40GB MIG 4g.20gb (0),1,,13,[CUDA memcpy Host-to-Device]
3624737692,9248,69917,,,,,,,,,,1.547,167238.000,Device,,NVIDIA A100-SXM4-40GB MIG 4g.20gb (0),1,,13,[CUDA memset]
3624753596,3456,69922,,,,,,,,,,0.031,9055.529,Pinned,Device,NVIDIA A100-SXM4-40GB MIG 4g.20gb (0),1,,13,[CUDA memcpy Host-to-Device]
3624759676,10336,69923,,,,,,,,,,0.197,19021.627,Pinned,Device,NVIDIA A100-SXM4-40GB MIG 4g.20gb (0),1,,13,[CUDA memcpy Host-to-Device]
3625086520,19648,69924,273,1,1,8,4,1,39,0.002,0.000,,,,,NVIDIA A100-SXM4-40GB MIG 4g.20gb (0),1,,13,"void channel_eq::eqMmseCoefCompLowMimoKernel<float, float, float, (unsigned int)4, (unsigned int)1, (unsigned int)4>(const channel_eq::_puschRxChEqStatDescr *, channel_eq::_puschRxChEqCoefCompDynDescr)"
3625294614,20831,69925,273,1,1,12,11,1,51,0.002,0.000,,,,,NVIDIA A100-SXM4-40GB MIG 4g.20gb (0),1,,13,"void channel_eq::eqMmseSoftDemapKernel<float, __half, __half, float, (unsigned int)4, (unsigned short)16383>(channel_eq::_puschRxChEqStatDescr *, channel_eq::_puschRxChEqSoftDemapDynDescr)"
3625437268,696216,69926,1,1,1,32,32,1,30,0.000,0.000,,,,,NVIDIA A100-SXM4-40GB MIG 4g.20gb (0),1,,13,"void convert_kernel<float2, __half2>(tensor_layout_any, T1 *, tensor_layout_any, const T2 *)"
3626324426,17920,69938,2253,1,1,128,1,1,16,0.000,0.000,,,,,NVIDIA A100-SXM4-40GB MIG 4g.20gb (0),1,,13,cupy_copy__float16_float16
3626456072,13472,69947,282,1,1,128,1,1,16,0.000,0.000,,,,,NVIDIA A100-SXM4-40GB MIG 4g.20gb (0),1,,13,cupy_copy__complex64_complex64
3626682694,4480,69956,26,1,1,128,1,1,16,0.000,0.000,,,,,NVIDIA A100-SXM4-40GB MIG 4g.20gb (0),1,,13,cupy_copy__float32_float32
3626798468,11104,69965,103,1,1,128,1,1,16,0.000,0.000,,,,,NVIDIA A100-SXM4-40GB MIG 4g.20gb (0),1,,13,cupy_copy__complex64_complex64
3627023010,19807,69975,1434,1,1,128,1,1,16,0.000,0.000,,,,,NVIDIA A100-SXM4-40GB MIG 4g.20gb (0),1,,13,cupy_copy__complex64_complex64
3627168064,252861,69980,1,1,1,32,32,1,30,0.000,0.000,,,,,NVIDIA A100-SXM4-40GB MIG 4g.20gb (0),1,,13,"void convert_kernel<__half2, float2>(tensor_layout_any, T1 *, tensor_layout_any, const T2 *)"
3627451549,5472,69983,,,,,,,,,,0.094,17122.757,Pinned,Device,NVIDIA A100-SXM4-40GB MIG 4g.20gb (0),1,,13,[CUDA memcpy Host-to-Device]
3627487260,630745,69984,,,,,,,,,,456.561,723649.882,Device,,NVIDIA A100-SXM4-40GB MIG 4g.20gb (0),1,,13,[CUDA memset]
3628120149,52608,69989,,,,,,,,,,1.235,23473.816,Pinned,Device,NVIDIA A100-SXM4-40GB MIG 4g.20gb (0),1,,13,[CUDA memcpy Host-to-Device]
3628175796,9696,69990,,,,,,,,,,0.197,20277.166,Pinned,Device,NVIDIA A100-SXM4-40GB MIG 4g.20gb (0),1,,13,[CUDA memcpy Host-to-Device]
3628462929,17856,69991,69,4,1,48,1,1,76,0.002,0.000,,,,,NVIDIA A100-SXM4-40GB MIG 4g.20gb (0),1,,13,"void ch_est::windowedChEstPreNoDftSOfdmKernel<float, __half, float, (unsigned int)2, (unsigned int)1, (unsigned short)4>(ch_est::puschRxChEstStatDescr_t *, ch_est::puschRxChEstDynDescr_t *)"
3628679247,12384,69992,137,2,1,24,2,1,44,0.001,0.001,,,,,NVIDIA A100-SXM4-40GB MIG 4g.20gb (0),1,,13,"void ch_est::chEstFilterNoDftSOfdmDispatchKernel<float, __half, float, (unsigned int)2>(ch_est::puschRxChEstStatDescr_t *, ch_est::puschRxChEstDynDescr_t *)"
3628798861,24672,69993,137,2,1,24,2,1,44,0.001,0.001,,,,,NVIDIA A100-SXM4-40GB MIG 4g.20gb (0),1,,13,"void ch_est::chEstFilterNoDftSOfdmDispatchKernel<float, __half, float, (unsigned int)2>(ch_est::puschRxChEstStatDescr_t *, ch_est::puschRxChEstDynDescr_t *)"
3629020139,7840,70004,103,1,1,128,1,1,16,0.000,0.000,,,,,NVIDIA A100-SXM4-40GB MIG 4g.20gb (0),1,,13,cupy_copy__complex64_complex64
3629139529,21152,70014,1434,1,1,128,1,1,16,0.000,0.000,,,,,NVIDIA A100-SXM4-40GB MIG 4g.20gb (0),1,,13,cupy_copy__complex64_complex64
3629362919,6528,70021,103,1,1,128,1,1,16,0.000,0.000,,,,,NVIDIA A100-SXM4-40GB MIG 4g.20gb (0),1,,13,cupy_copy__complex64_complex64
3629487141,256317,70028,1,1,1,32,32,1,30,0.000,0.000,,,,,NVIDIA A100-SXM4-40GB MIG 4g.20gb (0),1,,13,"void convert_kernel<__half2, float2>(tensor_layout_any, T1 *, tensor_layout_any, const T2 *)"
3629774434,5408,70031,,,,,,,,,,0.094,17325.421,Pinned,Device,NVIDIA A100-SXM4-40GB MIG 4g.20gb (0),1,,13,[CUDA memcpy Host-to-Device]
3629818946,69471,70032,,,,,,,,,,35.810,515447.988,Device,,NVIDIA A100-SXM4-40GB MIG 4g.20gb (0),1,,13,[CUDA memset]
3629896065,2752,70034,,,,,,,,,,0.000,29.070,Pinned,Device,NVIDIA A100-SXM4-40GB MIG 4g.20gb (0),1,,13,[CUDA memcpy Host-to-Device]
3629901249,9376,70035,,,,,,,,,,0.197,20969.226,Pinned,Device,NVIDIA A100-SXM4-40GB MIG 4g.20gb (0),1,,13,[CUDA memcpy Host-to-Device]
3630229117,27616,70036,273,1,1,48,1,1,40,0.000,0.001,,,,,NVIDIA A100-SXM4-40GB MIG 4g.20gb (0),1,,13,"void pusch_noise_intf_est::noiseIntfEstNoDftSOfdmKernel<float, __half, float, float, (unsigned int)2, (unsigned int)1, (unsigned char)4, (unsigned char)4>(pusch_noise_intf_est::puschRxNoiseIntfEstDynDescr)"
3630439130,7296,70047,35,1,1,128,1,1,16,0.000,0.000,,,,,NVIDIA A100-SXM4-40GB MIG 4g.20gb (0),1,,13,cupy_copy__complex64_complex64
3630557433,5088,70056,1,1,1,1,1,1,18,0.000,0.000,,,,,NVIDIA A100-SXM4-40GB MIG 4g.20gb (0),1,,13,cupy_copy__float32_float32
3630569529,1888,70062,,,,,,,,,,0.000,2.119,Device,Pageable,NVIDIA A100-SXM4-40GB MIG 4g.20gb (0),1,,7,[CUDA memcpy Device-to-Host]
3630883253,21792,70073,1434,1,1,128,1,1,16,0.000,0.000,,,,,NVIDIA A100-SXM4-40GB MIG 4g.20gb (0),1,,13,cupy_copy__complex64_complex64
3631111571,6592,70080,103,1,1,128,1,1,16,0.000,0.000,,,,,NVIDIA A100-SXM4-40GB MIG 4g.20gb (0),1,,13,cupy_copy__complex64_complex64
3631234865,10912,70087,35,1,1,128,1,1,16,0.000,0.000,,,,,NVIDIA A100-SXM4-40GB MIG 4g.20gb (0),1,,13,cupy_copy__complex64_complex64
3631445455,3968,70094,1,1,1,1,1,1,18,0.000,0.000,,,,,NVIDIA A100-SXM4-40GB MIG 4g.20gb (0),1,,13,cupy_copy__float32_float32
3631562286,258173,70105,1,1,1,32,32,1,30,0.000,0.000,,,,,NVIDIA A100-SXM4-40GB MIG 4g.20gb (0),1,,13,"void convert_kernel<__half2, float2>(tensor_layout_any, T1 *, tensor_layout_any, const T2 *)"
3631857322,5408,70108,,,,,,,,,,0.094,17325.421,Pinned,Device,NVIDIA A100-SXM4-40GB MIG 4g.20gb (0),1,,13,[CUDA memcpy Host-to-Device]
3631903914,12319,70109,,,,,,,,,,1.547,125547.203,Device,,NVIDIA A100-SXM4-40GB MIG 4g.20gb (0),1,,13,[CUDA memset]
3631917993,3040,70114,,,,,,,,,,0.031,10294.725,Pinned,Device,NVIDIA A100-SXM4-40GB MIG 4g.20gb (0),1,,13,[CUDA memcpy Host-to-Device]
3631923689,10720,70115,,,,,,,,,,0.197,18340.184,Pinned,Device,NVIDIA A100-SXM4-40GB MIG 4g.20gb (0),1,,13,[CUDA memcpy Host-to-Device]
3632251238,22303,70116,273,1,1,8,4,1,39,0.002,0.000,,,,,NVIDIA A100-SXM4-40GB MIG 4g.20gb (0),1,,13,"void channel_eq::eqMmseCoefCompLowMimoKernel<float, float, float, (unsigned int)4, (unsigned int)1, (unsigned int)4>(const channel_eq::_puschRxChEqStatDescr *, channel_eq::_puschRxChEqCoefCompDynDescr)"
3632460579,17600,70117,273,1,1,12,11,1,51,0.002,0.000,,,,,NVIDIA A100-SXM4-40GB MIG 4g.20gb (0),1,,13,"void channel_eq::eqMmseSoftDemapKernel<float, __half, __half, float, (unsigned int)4, (unsigned short)16383>(channel_eq::_puschRxChEqStatDescr *, channel_eq::_puschRxChEqSoftDemapDynDescr)"
3632585026,702616,70118,1,1,1,32,32,1,30,0.000,0.000,,,,,NVIDIA A100-SXM4-40GB MIG 4g.20gb (0),1,,13,"void convert_kernel<float2, __half2>(tensor_layout_any, T1 *, tensor_layout_any, const T2 *)"
3633568374,23136,70130,2253,1,1,128,1,1,16,0.000,0.000,,,,,NVIDIA A100-SXM4-40GB MIG 4g.20gb (0),1,,13,cupy_copy__float16_float16
3633810164,6272,70139,282,1,1,128,1,1,16,0.000,0.000,,,,,NVIDIA A100-SXM4-40GB MIG 4g.20gb (0),1,,13,cupy_copy__complex64_complex64
3633928562,10848,70148,26,1,1,128,1,1,16,0.000,0.000,,,,,NVIDIA A100-SXM4-40GB MIG 4g.20gb (0),1,,13,cupy_copy__float32_float32
3634146672,8992,70157,103,1,1,128,1,1,16,0.000,0.000,,,,,NVIDIA A100-SXM4-40GB MIG 4g.20gb (0),1,,13,cupy_copy__complex64_complex64
3634270702,22240,70167,1434,1,1,128,1,1,16,0.000,0.000,,,,,NVIDIA A100-SXM4-40GB MIG 4g.20gb (0),1,,13,cupy_copy__complex64_complex64
3634506284,256445,70172,1,1,1,32,32,1,30,0.000,0.000,,,,,NVIDIA A100-SXM4-40GB MIG 4g.20gb (0),1,,13,"void convert_kernel<__half2, float2>(tensor_layout_any, T1 *, tensor_layout_any, const T2 *)"
3634793384,5376,70175,,,,,,,,,,0.094,17428.487,Pinned,Device,NVIDIA A100-SXM4-40GB MIG 4g.20gb (0),1,,13,[CUDA memcpy Host-to-Device]
3634961766,626585,70176,,,,,,,,,,456.561,728215.497,Device,,NVIDIA A100-SXM4-40GB MIG 4g.20gb (0),1,,13,[CUDA memset]
3635592511,54528,70181,,,,,,,,,,1.235,22647.638,Pinned,Device,NVIDIA A100-SXM4-40GB MIG 4g.20gb (0),1,,13,[CUDA memcpy Host-to-Device]
3635651071,9375,70182,,,,,,,,,,0.197,20971.389,Pinned,Device,NVIDIA A100-SXM4-40GB MIG 4g.20gb (0),1,,13,[CUDA memcpy Host-to-Device]
3635940827,18368,70183,69,4,1,48,1,1,76,0.002,0.000,,,,,NVIDIA A100-SXM4-40GB MIG 4g.20gb (0),1,,13,"void ch_est::windowedChEstPreNoDftSOfdmKernel<float, __half, float, (unsigned int)2, (unsigned int)1, (unsigned short)4>(ch_est::puschRxChEstStatDescr_t *, ch_est::puschRxChEstDynDescr_t *)"
3636155865,9376,70184,137,2,1,24,2,1,44,0.001,0.001,,,,,NVIDIA A100-SXM4-40GB MIG 4g.20gb (0),1,,13,"void ch_est::chEstFilterNoDftSOfdmDispatchKernel<float, __half, float, (unsigned int)2>(ch_est::puschRxChEstStatDescr_t *, ch_est::puschRxChEstDynDescr_t *)"
3636276855,22016,70185,137,2,1,24,2,1,44,0.001,0.001,,,,,NVIDIA A100-SXM4-40GB MIG 4g.20gb (0),1,,13,"void ch_est::chEstFilterNoDftSOfdmDispatchKernel<float, __half, float, (unsigned int)2>(ch_est::puschRxChEstStatDescr_t *, ch_est::puschRxChEstDynDescr_t *)"
3636488629,4448,70196,103,1,1,128,1,1,16,0.000,0.000,,,,,NVIDIA A100-SXM4-40GB MIG 4g.20gb (0),1,,13,cupy_copy__complex64_complex64
3636602356,20543,70206,1434,1,1,128,1,1,16,0.000,0.000,,,,,NVIDIA A100-SXM4-40GB MIG 4g.20gb (0),1,,13,cupy_copy__complex64_complex64
3636832209,5632,70213,103,1,1,128,1,1,16,0.000,0.000,,,,,NVIDIA A100-SXM4-40GB MIG 4g.20gb (0),1,,13,cupy_copy__complex64_complex64
3636956656,259229,70220,1,1,1,32,32,1,30,0.000,0.000,,,,,NVIDIA A100-SXM4-40GB MIG 4g.20gb (0),1,,13,"void convert_kernel<__half2, float2>(tensor_layout_any, T1 *, tensor_layout_any, const T2 *)"
3637247276,5376,70223,,,,,,,,,,0.094,17428.487,Pinned,Device,NVIDIA A100-SXM4-40GB MIG 4g.20gb (0),1,,13,[CUDA memcpy Host-to-Device]
3637288524,62303,70224,,,,,,,,,,35.810,574749.216,Device,,NVIDIA A100-SXM4-40GB MIG 4g.20gb (0),1,,13,[CUDA memset]
3637359307,1824,70226,,,,,,,,,,0.000,43.860,Pinned,Device,NVIDIA A100-SXM4-40GB MIG 4g.20gb (0),1,,13,[CUDA memcpy Host-to-Device]
3637363563,9824,70227,,,,,,,,,,0.197,20012.925,Pinned,Device,NVIDIA A100-SXM4-40GB MIG 4g.20gb (0),1,,13,[CUDA memcpy Host-to-Device]
3637691271,27296,70228,273,1,1,48,1,1,40,0.000,0.001,,,,,NVIDIA A100-SXM4-40GB MIG 4g.20gb (0),1,,13,"void pusch_noise_intf_est::noiseIntfEstNoDftSOfdmKernel<float, __half, float, float, (unsigned int)2, (unsigned int)1, (unsigned char)4, (unsigned char)4>(pusch_noise_intf_est::puschRxNoiseIntfEstDynDescr)"
3638039427,16288,70239,35,1,1,128,1,1,16,0.000,0.000,,,,,NVIDIA A100-SXM4-40GB MIG 4g.20gb (0),1,,13,cupy_copy__complex64_complex64
3638252929,4224,70248,1,1,1,1,1,1,18,0.000,0.000,,,,,NVIDIA A100-SXM4-40GB MIG 4g.20gb (0),1,,13,cupy_copy__float32_float32
3638264513,1695,70254,,,,,,,,,,0.000,2.360,Device,Pageable,NVIDIA A100-SXM4-40GB MIG 4g.20gb (0),1,,7,[CUDA memcpy Device-to-Host]
3638367839,23008,70265,1434,1,1,128,1,1,16,0.000,0.000,,,,,NVIDIA A100-SXM4-40GB MIG 4g.20gb (0),1,,13,cupy_copy__complex64_complex64
3638602845,5760,70272,103,1,1,128,1,1,16,0.000,0.000,,,,,NVIDIA A100-SXM4-40GB MIG 4g.20gb (0),1,,13,cupy_copy__complex64_complex64
3638726427,9664,70279,35,1,1,128,1,1,16,0.000,0.000,,,,,NVIDIA A100-SXM4-40GB MIG 4g.20gb (0),1,,13,cupy_copy__complex64_complex64
3638949177,4032,70286,1,1,1,1,1,1,18,0.000,0.000,,,,,NVIDIA A100-SXM4-40GB MIG 4g.20gb (0),1,,13,cupy_copy__float32_float32
3639067351,264573,70297,1,1,1,32,32,1,30,0.000,0.000,,,,,NVIDIA A100-SXM4-40GB MIG 4g.20gb (0),1,,13,"void convert_kernel<__half2, float2>(tensor_layout_any, T1 *, tensor_layout_any, const T2 *)"
3639363860,5376,70300,,,,,,,,,,0.094,17428.487,Pinned,Device,NVIDIA A100-SXM4-40GB MIG 4g.20gb (0),1,,13,[CUDA memcpy Host-to-Device]
3639407923,11904,70301,,,,,,,,,,1.547,129924.149,Device,,NVIDIA A100-SXM4-40GB MIG 4g.20gb (0),1,,13,[CUDA memset]
3639422643,3520,70306,,,,,,,,,,0.031,8890.881,Pinned,Device,NVIDIA A100-SXM4-40GB MIG 4g.20gb (0),1,,13,[CUDA memcpy Host-to-Device]
3639428979,10080,70307,,,,,,,,,,0.197,19504.693,Pinned,Device,NVIDIA A100-SXM4-40GB MIG 4g.20gb (0),1,,13,[CUDA memcpy Host-to-Device]
3639753007,23872,70308,273,1,1,8,4,1,39,0.002,0.000,,,,,NVIDIA A100-SXM4-40GB MIG 4g.20gb (0),1,,13,"void channel_eq::eqMmseCoefCompLowMimoKernel<float, float, float, (unsigned int)4, (unsigned int)1, (unsigned int)4>(const channel_eq::_puschRxChEqStatDescr *, channel_eq::_puschRxChEqCoefCompDynDescr)"
3639948365,17536,70309,273,1,1,12,11,1,51,0.002,0.000,,,,,NVIDIA A100-SXM4-40GB MIG 4g.20gb (0),1,,13,"void channel_eq::eqMmseSoftDemapKernel<float, __half, __half, float, (unsigned int)4, (unsigned short)16383>(channel_eq::_puschRxChEqStatDescr *, channel_eq::_puschRxChEqSoftDemapDynDescr)"
3640077516,690680,70310,1,1,1,32,32,1,30,0.000,0.000,,,,,NVIDIA A100-SXM4-40GB MIG 4g.20gb (0),1,,13,"void convert_kernel<float2, __half2>(tensor_layout_any, T1 *, tensor_layout_any, const T2 *)"
3640972993,17920,70322,2253,1,1,128,1,1,16,0.000,0.000,,,,,NVIDIA A100-SXM4-40GB MIG 4g.20gb (0),1,,13,cupy_copy__float16_float16
3641092544,15008,70331,282,1,1,128,1,1,16,0.000,0.000,,,,,NVIDIA A100-SXM4-40GB MIG 4g.20gb (0),1,,13,cupy_copy__complex64_complex64
3641331965,4576,70340,26,1,1,128,1,1,16,0.000,0.000,,,,,NVIDIA A100-SXM4-40GB MIG 4g.20gb (0),1,,13,cupy_copy__float32_float32
3641448124,12384,70349,103,1,1,128,1,1,16,0.000,0.000,,,,,NVIDIA A100-SXM4-40GB MIG 4g.20gb (0),1,,13,cupy_copy__complex64_complex64
3641659001,20640,70359,1434,1,1,128,1,1,16,0.000,0.000,,,,,NVIDIA A100-SXM4-40GB MIG 4g.20gb (0),1,,13,cupy_copy__complex64_complex64
3641800216,259869,70364,1,1,1,32,32,1,30,0.000,0.000,,,,,NVIDIA A100-SXM4-40GB MIG 4g.20gb (0),1,,13,"void convert_kernel<__half2, float2>(tensor_layout_any, T1 *, tensor_layout_any, const T2 *)"
3642108340,5408,70367,,,,,,,,,,0.094,17325.421,Pinned,Device,NVIDIA A100-SXM4-40GB MIG 4g.20gb (0),1,,13,[CUDA memcpy Host-to-Device]
3642145844,624601,70368,,,,,,,,,,456.561,730954.865,Device,,NVIDIA A100-SXM4-40GB MIG 4g.20gb (0),1,,13,[CUDA memset]
3642778093,51807,70373,,,,,,,,,,1.235,23836.889,Pinned,Device,NVIDIA A100-SXM4-40GB MIG 4g.20gb (0),1,,13,[CUDA memcpy Host-to-Device]
3642832396,9440,70374,,,,,,,,,,0.197,20827.079,Pinned,Device,NVIDIA A100-SXM4-40GB MIG 4g.20gb (0),1,,13,[CUDA memcpy Host-to-Device]
3643124105,18783,70375,69,4,1,48,1,1,76,0.002,0.000,,,,,NVIDIA A100-SXM4-40GB MIG 4g.20gb (0),1,,13,"void ch_est::windowedChEstPreNoDftSOfdmKernel<float, __half, float, (unsigned int)2, (unsigned int)1, (unsigned short)4>(ch_est::puschRxChEstStatDescr_t *, ch_est::puschRxChEstDynDescr_t *)"
3643346886,12864,70376,137,2,1,24,2,1,44,0.001,0.001,,,,,NVIDIA A100-SXM4-40GB MIG 4g.20gb (0),1,,13,"void ch_est::chEstFilterNoDftSOfdmDispatchKernel<float, __half, float, (unsigned int)2>(ch_est::puschRxChEstStatDescr_t *, ch_est::puschRxChEstDynDescr_t *)"
3643466597,23295,70377,137,2,1,24,2,1,44,0.001,0.001,,,,,NVIDIA A100-SXM4-40GB MIG 4g.20gb (0),1,,13,"void ch_est::chEstFilterNoDftSOfdmDispatchKernel<float, __half, float, (unsigned int)2>(ch_est::puschRxChEstStatDescr_t *, ch_est::puschRxChEstDynDescr_t *)"
3643683746,5888,70388,103,1,1,128,1,1,16,0.000,0.000,,,,,NVIDIA A100-SXM4-40GB MIG 4g.20gb (0),1,,13,cupy_copy__complex64_complex64
3643799361,21376,70398,1434,1,1,128,1,1,16,0.000,0.000,,,,,NVIDIA A100-SXM4-40GB MIG 4g.20gb (0),1,,13,cupy_copy__complex64_complex64
3644035486,4768,70405,103,1,1,128,1,1,16,0.000,0.000,,,,,NVIDIA A100-SXM4-40GB MIG 4g.20gb (0),1,,13,cupy_copy__complex64_complex64
3644157565,262525,70412,1,1,1,32,32,1,30,0.000,0.000,,,,,NVIDIA A100-SXM4-40GB MIG 4g.20gb (0),1,,13,"void convert_kernel<__half2, float2>(tensor_layout_any, T1 *, tensor_layout_any, const T2 *)"
3644450585,6048,70415,,,,,,,,,,0.094,15491.978,Pinned,Device,NVIDIA A100-SXM4-40GB MIG 4g.20gb (0),1,,13,[CUDA memcpy Host-to-Device]
3644495097,63231,70416,,,,,,,,,,35.810,566333.885,Device,,NVIDIA A100-SXM4-40GB MIG 4g.20gb (0),1,,13,[CUDA memset]
3644558872,2304,70418,,,,,,,,,,0.000,34.722,Pinned,Device,NVIDIA A100-SXM4-40GB MIG 4g.20gb (0),1,,13,[CUDA memcpy Host-to-Device]
3644563800,9792,70419,,,,,,,,,,0.197,20078.395,Pinned,Device,NVIDIA A100-SXM4-40GB MIG 4g.20gb (0),1,,13,[CUDA memcpy Host-to-Device]
3644905396,28448,70420,273,1,1,48,1,1,40,0.000,0.001,,,,,NVIDIA A100-SXM4-40GB MIG 4g.20gb (0),1,,13,"void pusch_noise_intf_est::noiseIntfEstNoDftSOfdmKernel<float, __half, float, float, (unsigned int)2, (unsigned int)1, (unsigned char)4, (unsigned char)4>(pusch_noise_intf_est::puschRxNoiseIntfEstDynDescr)"
3645112210,7936,70431,35,1,1,128,1,1,16,0.000,0.000,,,,,NVIDIA A100-SXM4-40GB MIG 4g.20gb (0),1,,13,cupy_copy__complex64_complex64
3645241104,4672,70440,1,1,1,1,1,1,18,0.000,0.000,,,,,NVIDIA A100-SXM4-40GB MIG 4g.20gb (0),1,,13,cupy_copy__float32_float32
3645254256,1440,70446,,,,,,,,,,0.000,2.778,Device,Pageable,NVIDIA A100-SXM4-40GB MIG 4g.20gb (0),1,,7,[CUDA memcpy Device-to-Host]
3645563949,21279,70457,1434,1,1,128,1,1,16,0.000,0.000,,,,,NVIDIA A100-SXM4-40GB MIG 4g.20gb (0),1,,13,cupy_copy__complex64_complex64
3645796234,6464,70464,103,1,1,128,1,1,16,0.000,0.000,,,,,NVIDIA A100-SXM4-40GB MIG 4g.20gb (0),1,,13,cupy_copy__complex64_complex64
3645911721,11391,70471,35,1,1,128,1,1,16,0.000,0.000,,,,,NVIDIA A100-SXM4-40GB MIG 4g.20gb (0),1,,13,cupy_copy__complex64_complex64
3646126534,5984,70478,1,1,1,1,1,1,18,0.000,0.000,,,,,NVIDIA A100-SXM4-40GB MIG 4g.20gb (0),1,,13,cupy_copy__float32_float32
3646245829,255133,70489,1,1,1,32,32,1,30,0.000,0.000,,,,,NVIDIA A100-SXM4-40GB MIG 4g.20gb (0),1,,13,"void convert_kernel<__half2, float2>(tensor_layout_any, T1 *, tensor_layout_any, const T2 *)"
3646530881,5440,70492,,,,,,,,,,0.094,17223.480,Pinned,Device,NVIDIA A100-SXM4-40GB MIG 4g.20gb (0),1,,13,[CUDA memcpy Host-to-Device]
3646578113,9056,70493,,,,,,,,,,1.547,170784.409,Device,,NVIDIA A100-SXM4-40GB MIG 4g.20gb (0),1,,13,[CUDA memset]
3646587969,3040,70498,,,,,,,,,,0.031,10294.725,Pinned,Device,NVIDIA A100-SXM4-40GB MIG 4g.20gb (0),1,,13,[CUDA memcpy Host-to-Device]
3646594017,10016,70499,,,,,,,,,,0.197,19629.343,Pinned,Device,NVIDIA A100-SXM4-40GB MIG 4g.20gb (0),1,,13,[CUDA memcpy Host-to-Device]
3646907421,20896,70500,273,1,1,8,4,1,39,0.002,0.000,,,,,NVIDIA A100-SXM4-40GB MIG 4g.20gb (0),1,,13,"void channel_eq::eqMmseCoefCompLowMimoKernel<float, float, float, (unsigned int)4, (unsigned int)1, (unsigned int)4>(const channel_eq::_puschRxChEqStatDescr *, channel_eq::_puschRxChEqCoefCompDynDescr)"
3647130235,18527,70501,273,1,1,12,11,1,51,0.002,0.000,,,,,NVIDIA A100-SXM4-40GB MIG 4g.20gb (0),1,,13,"void channel_eq::eqMmseSoftDemapKernel<float, __half, __half, float, (unsigned int)4, (unsigned short)16383>(channel_eq::_puschRxChEqStatDescr *, channel_eq::_puschRxChEqSoftDemapDynDescr)"
3647261497,707544,70502,1,1,1,32,32,1,30,0.000,0.000,,,,,NVIDIA A100-SXM4-40GB MIG 4g.20gb (0),1,,13,"void convert_kernel<float2, __half2>(tensor_layout_any, T1 *, tensor_layout_any, const T2 *)"
3648286157,22144,70514,2253,1,1,128,1,1,16,0.000,0.000,,,,,NVIDIA A100-SXM4-40GB MIG 4g.20gb (0),1,,13,cupy_copy__float16_float16
3648517547,6304,70523,282,1,1,128,1,1,16,0.000,0.000,,,,,NVIDIA A100-SXM4-40GB MIG 4g.20gb (0),1,,13,cupy_copy__complex64_complex64
3648636585,8320,70532,26,1,1,128,1,1,16,0.000,0.000,,,,,NVIDIA A100-SXM4-40GB MIG 4g.20gb (0),1,,13,cupy_copy__float32_float32
3648833607,6208,70541,103,1,1,128,1,1,16,0.000,0.000,,,,,NVIDIA A100-SXM4-40GB MIG 4g.20gb (0),1,,13,cupy_copy__complex64_complex64
3648948774,22815,70551,1434,1,1,128,1,1,16,0.000,0.000,,,,,NVIDIA A100-SXM4-40GB MIG 4g.20gb (0),1,,13,cupy_copy__complex64_complex64
3649176131,256541,70556,1,1,1,32,32,1,30,0.000,0.000,,,,,NVIDIA A100-SXM4-40GB MIG 4g.20gb (0),1,,13,"void convert_kernel<__half2, float2>(tensor_layout_any, T1 *, tensor_layout_any, const T2 *)"
3649465632,5344,70559,,,,,,,,,,0.094,17532.864,Pinned,Device,NVIDIA A100-SXM4-40GB MIG 4g.20gb (0),1,,13,[CUDA memcpy Host-to-Device]
3649627422,626009,70560,,,,,,,,,,456.561,729128.620,Device,,NVIDIA A100-SXM4-40GB MIG 4g.20gb (0),1,,13,[CUDA memset]
3650260151,51711,70565,,,,,,,,,,1.235,23881.347,Pinned,Device,NVIDIA A100-SXM4-40GB MIG 4g.20gb (0),1,,13,[CUDA memcpy Host-to-Device]
3650314294,9344,70566,,,,,,,,,,0.197,21040.988,Pinned,Device,NVIDIA A100-SXM4-40GB MIG 4g.20gb (0),1,,13,[CUDA memcpy Host-to-Device]
3650582547,21344,70567,69,4,1,48,1,1,76,0.002,0.000,,,,,NVIDIA A100-SXM4-40GB MIG 4g.20gb (0),1,,13,"void ch_est::windowedChEstPreNoDftSOfdmKernel<float, __half, float, (unsigned int)2, (unsigned int)1, (unsigned short)4>(ch_est::puschRxChEstStatDescr_t *, ch_est::puschRxChEstDynDescr_t *)"
3650803120,10112,70568,137,2,1,24,2,1,44,0.001,0.001,,,,,NVIDIA A100-SXM4-40GB MIG 4g.20gb (0),1,,13,"void ch_est::chEstFilterNoDftSOfdmDispatchKernel<float, __half, float, (unsigned int)2>(ch_est::puschRxChEstStatDescr_t *, ch_est::puschRxChEstDynDescr_t *)"
3650928303,20928,70569,137,2,1,24,2,1,44,0.001,0.001,,,,,NVIDIA A100-SXM4-40GB MIG 4g.20gb (0),1,,13,"void ch_est::chEstFilterNoDftSOfdmDispatchKernel<float, __half, float, (unsigned int)2>(ch_est::puschRxChEstStatDescr_t *, ch_est::puschRxChEstDynDescr_t *)"
3651159116,4544,70580,103,1,1,128,1,1,16,0.000,0.000,,,,,NVIDIA A100-SXM4-40GB MIG 4g.20gb (0),1,,13,cupy_copy__complex64_complex64
3651276235,22752,70590,1434,1,1,128,1,1,16,0.000,0.000,,,,,NVIDIA A100-SXM4-40GB MIG 4g.20gb (0),1,,13,cupy_copy__complex64_complex64
3651507976,6720,70597,103,1,1,128,1,1,16,0.000,0.000,,,,,NVIDIA A100-SXM4-40GB MIG 4g.20gb (0),1,,13,cupy_copy__complex64_complex64
3651625351,255037,70604,1,1,1,32,32,1,30,0.000,0.000,,,,,NVIDIA A100-SXM4-40GB MIG 4g.20gb (0),1,,13,"void convert_kernel<__half2, float2>(tensor_layout_any, T1 *, tensor_layout_any, const T2 *)"
3651912900,5344,70607,,,,,,,,,,0.094,17532.864,Pinned,Device,NVIDIA A100-SXM4-40GB MIG 4g.20gb (0),1,,13,[CUDA memcpy Host-to-Device]
3651958371,62271,70608,,,,,,,,,,35.810,575035.695,Device,,NVIDIA A100-SXM4-40GB MIG 4g.20gb (0),1,,13,[CUDA memset]
3652023394,2432,70610,,,,,,,,,,0.000,32.895,Pinned,Device,NVIDIA A100-SXM4-40GB MIG 4g.20gb (0),1,,13,[CUDA memcpy Host-to-Device]
3652028514,9408,70611,,,,,,,,,,0.197,20897.858,Pinned,Device,NVIDIA A100-SXM4-40GB MIG 4g.20gb (0),1,,13,[CUDA memcpy Host-to-Device]
3652375870,23296,70612,273,1,1,48,1,1,40,0.000,0.001,,,,,NVIDIA A100-SXM4-40GB MIG 4g.20gb (0),1,,13,"void pusch_noise_intf_est::noiseIntfEstNoDftSOfdmKernel<float, __half, float, float, (unsigned int)2, (unsigned int)1, (unsigned char)4, (unsigned char)4>(pusch_noise_intf_est::puschRxNoiseIntfEstDynDescr)"
3652586684,5728,70623,35,1,1,128,1,1,16,0.000,0.000,,,,,NVIDIA A100-SXM4-40GB MIG 4g.20gb (0),1,,13,cupy_copy__complex64_complex64
3652701915,4448,70632,1,1,1,1,1,1,18,0.000,0.000,,,,,NVIDIA A100-SXM4-40GB MIG 4g.20gb (0),1,,13,cupy_copy__float32_float32
3652711962,1920,70638,,,,,,,,,,0.000,2.083,Device,Pageable,NVIDIA A100-SXM4-40GB MIG 4g.20gb (0),1,,7,[CUDA memcpy Device-to-Host]
3653056758,22592,70649,1434,1,1,128,1,1,16,0.000,0.000,,,,,NVIDIA A100-SXM4-40GB MIG 4g.20gb (0),1,,13,cupy_copy__complex64_complex64
3653290388,5152,70656,103,1,1,128,1,1,16,0.000,0.000,,,,,NVIDIA A100-SXM4-40GB MIG 4g.20gb (0),1,,13,cupy_copy__complex64_complex64
3653404466,11808,70663,35,1,1,128,1,1,16,0.000,0.000,,,,,NVIDIA A100-SXM4-40GB MIG 4g.20gb (0),1,,13,cupy_copy__complex64_complex64
3653611568,4288,70670,1,1,1,1,1,1,18,0.000,0.000,,,,,NVIDIA A100-SXM4-40GB MIG 4g.20gb (0),1,,13,cupy_copy__float32_float32
3653733167,264637,70681,1,1,1,32,32,1,30,0.000,0.000,,,,,NVIDIA A100-SXM4-40GB MIG 4g.20gb (0),1,,13,"void convert_kernel<__half2, float2>(tensor_layout_any, T1 *, tensor_layout_any, const T2 *)"
3654027403,5440,70684,,,,,,,,,,0.094,17223.480,Pinned,Device,NVIDIA A100-SXM4-40GB MIG 4g.20gb (0),1,,13,[CUDA memcpy Host-to-Device]
3654065163,9856,70685,,,,,,,,,,1.547,156922.018,Device,,NVIDIA A100-SXM4-40GB MIG 4g.20gb (0),1,,13,[CUDA memset]
3654079019,3616,70690,,,,,,,,,,0.031,8654.846,Pinned,Device,NVIDIA A100-SXM4-40GB MIG 4g.20gb (0),1,,13,[CUDA memcpy Host-to-Device]
3654085771,10784,70691,,,,,,,,,,0.197,18231.263,Pinned,Device,NVIDIA A100-SXM4-40GB MIG 4g.20gb (0),1,,13,[CUDA memcpy Host-to-Device]
3654402567,21760,70692,273,1,1,8,4,1,39,0.002,0.000,,,,,NVIDIA A100-SXM4-40GB MIG 4g.20gb (0),1,,13,"void channel_eq::eqMmseCoefCompLowMimoKernel<float, float, float, (unsigned int)4, (unsigned int)1, (unsigned int)4>(const channel_eq::_puschRxChEqStatDescr *, channel_eq::_puschRxChEqCoefCompDynDescr)"
3654624292,17536,70693,273,1,1,12,11,1,51,0.002,0.000,,,,,NVIDIA A100-SXM4-40GB MIG 4g.20gb (0),1,,13,"void channel_eq::eqMmseSoftDemapKernel<float, __half, __half, float, (unsigned int)4, (unsigned short)16383>(channel_eq::_puschRxChEqStatDescr *, channel_eq::_puschRxChEqSoftDemapDynDescr)"
3654745795,678360,70694,1,1,1,32,32,1,30,0.000,0.000,,,,,NVIDIA A100-SXM4-40GB MIG 4g.20gb (0),1,,13,"void convert_kernel<float2, __half2>(tensor_layout_any, T1 *, tensor_layout_any, const T2 *)"
3655625113,17760,70706,2253,1,1,128,1,1,16,0.000,0.000,,,,,NVIDIA A100-SXM4-40GB MIG 4g.20gb (0),1,,13,cupy_copy__float16_float16
3655756791,13984,70715,282,1,1,128,1,1,16,0.000,0.000,,,,,NVIDIA A100-SXM4-40GB MIG 4g.20gb (0),1,,13,cupy_copy__complex64_complex64
3655975061,5184,70724,26,1,1,128,1,1,16,0.000,0.000,,,,,NVIDIA A100-SXM4-40GB MIG 4g.20gb (0),1,,13,cupy_copy__float32_float32
3656102003,14048,70733,103,1,1,128,1,1,16,0.000,0.000,,,,,NVIDIA A100-SXM4-40GB MIG 4g.20gb (0),1,,13,cupy_copy__complex64_complex64
3656316721,20448,70743,1434,1,1,128,1,1,16,0.000,0.000,,,,,NVIDIA A100-SXM4-40GB MIG 4g.20gb (0),1,,13,cupy_copy__complex64_complex64
3656455471,245022,70748,1,1,1,32,32,1,30,0.000,0.000,,,,,NVIDIA A100-SXM4-40GB MIG 4g.20gb (0),1,,13,"void convert_kernel<__half2, float2>(tensor_layout_any, T1 *, tensor_layout_any, const T2 *)"
3656735212,5376,70751,,,,,,,,,,0.094,17428.487,Pinned,Device,NVIDIA A100-SXM4-40GB MIG 4g.20gb (0),1,,13,[CUDA memcpy Host-to-Device]
3656801195,618137,70752,,,,,,,,,,456.561,738259.848,Device,,NVIDIA A100-SXM4-40GB MIG 4g.20gb (0),1,,13,[CUDA memset]
3657426084,52064,70757,,,,,,,,,,1.235,23719.569,Pinned,Device,NVIDIA A100-SXM4-40GB MIG 4g.20gb (0),1,,13,[CUDA memcpy Host-to-Device]
3657480580,9600,70758,,,,,,,,,,0.197,20479.869,Pinned,Device,NVIDIA A100-SXM4-40GB MIG 4g.20gb (0),1,,13,[CUDA memcpy Host-to-Device]
3657782368,20064,70759,69,4,1,48,1,1,76,0.002,0.000,,,,,NVIDIA A100-SXM4-40GB MIG 4g.20gb (0),1,,13,"void ch_est::windowedChEstPreNoDftSOfdmKernel<float, __half, float, (unsigned int)2, (unsigned int)1, (unsigned short)4>(ch_est::puschRxChEstStatDescr_t *, ch_est::puschRxChEstDynDescr_t *)"
3658006974,15935,70760,137,2,1,24,2,1,44,0.001,0.001,,,,,NVIDIA A100-SXM4-40GB MIG 4g.20gb (0),1,,13,"void ch_est::chEstFilterNoDftSOfdmDispatchKernel<float, __half, float, (unsigned int)2>(ch_est::puschRxChEstStatDescr_t *, ch_est::puschRxChEstDynDescr_t *)"
3658121308,20608,70761,137,2,1,24,2,1,44,0.001,0.001,,,,,NVIDIA A100-SXM4-40GB MIG 4g.20gb (0),1,,13,"void ch_est::chEstFilterNoDftSOfdmDispatchKernel<float, __half, float, (unsigned int)2>(ch_est::puschRxChEstStatDescr_t *, ch_est::puschRxChEstDynDescr_t *)"
3658337050,4736,70772,103,1,1,128,1,1,16,0.000,0.000,,,,,NVIDIA A100-SXM4-40GB MIG 4g.20gb (0),1,,13,cupy_copy__complex64_complex64
3658461624,20544,70782,1434,1,1,128,1,1,16,0.000,0.000,,,,,NVIDIA A100-SXM4-40GB MIG 4g.20gb (0),1,,13,cupy_copy__complex64_complex64
3658676918,6432,70789,103,1,1,128,1,1,16,0.000,0.000,,,,,NVIDIA A100-SXM4-40GB MIG 4g.20gb (0),1,,13,cupy_copy__complex64_complex64
3658797364,260605,70796,1,1,1,32,32,1,30,0.000,0.000,,,,,NVIDIA A100-SXM4-40GB MIG 4g.20gb (0),1,,13,"void convert_kernel<__half2, float2>(tensor_layout_any, T1 *, tensor_layout_any, const T2 *)"
3659088497,5408,70799,,,,,,,,,,0.094,17325.421,Pinned,Device,NVIDIA A100-SXM4-40GB MIG 4g.20gb (0),1,,13,[CUDA memcpy Host-to-Device]
3659140337,64031,70800,,,,,,,,,,35.810,559243.521,Device,,NVIDIA A100-SXM4-40GB MIG 4g.20gb (0),1,,13,[CUDA memset]
3659206832,2560,70802,,,,,,,,,,0.000,31.250,Pinned,Device,NVIDIA A100-SXM4-40GB MIG 4g.20gb (0),1,,13,[CUDA memcpy Host-to-Device]
3659212272,9312,70803,,,,,,,,,,0.197,21113.340,Pinned,Device,NVIDIA A100-SXM4-40GB MIG 4g.20gb (0),1,,13,[CUDA memcpy Host-to-Device]
3659542796,21504,70804,273,1,1,48,1,1,40,0.000,0.001,,,,,NVIDIA A100-SXM4-40GB MIG 4g.20gb (0),1,,13,"void pusch_noise_intf_est::noiseIntfEstNoDftSOfdmKernel<float, __half, float, float, (unsigned int)2, (unsigned int)1, (unsigned char)4, (unsigned char)4>(pusch_noise_intf_est::puschRxNoiseIntfEstDynDescr)"
3659766505,4928,70815,35,1,1,128,1,1,16,0.000,0.000,,,,,NVIDIA A100-SXM4-40GB MIG 4g.20gb (0),1,,13,cupy_copy__complex64_complex64
3659884424,7360,70824,1,1,1,1,1,1,18,0.000,0.000,,,,,NVIDIA A100-SXM4-40GB MIG 4g.20gb (0),1,,13,cupy_copy__float32_float32
3659896264,1856,70830,,,,,,,,,,0.000,2.155,Device,Pageable,NVIDIA A100-SXM4-40GB MIG 4g.20gb (0),1,,7,[CUDA memcpy Device-to-Host]
3660213092,21632,70841,1434,1,1,128,1,1,16,0.000,0.000,,,,,NVIDIA A100-SXM4-40GB MIG 4g.20gb (0),1,,13,cupy_copy__complex64_complex64
3660434402,5856,70848,103,1,1,128,1,1,16,0.000,0.000,,,,,NVIDIA A100-SXM4-40GB MIG 4g.20gb (0),1,,13,cupy_copy__complex64_complex64
3660562016,12384,70855,35,1,1,128,1,1,16,0.000,0.000,,,,,NVIDIA A100-SXM4-40GB MIG 4g.20gb (0),1,,13,cupy_copy__complex64_complex64
3660774270,3872,70862,1,1,1,1,1,1,18,0.000,0.000,,,,,NVIDIA A100-SXM4-40GB MIG 4g.20gb (0),1,,13,cupy_copy__float32_float32
3660890172,251934,70873,1,1,1,32,32,1,30,0.000,0.000,,,,,NVIDIA A100-SXM4-40GB MIG 4g.20gb (0),1,,13,"void convert_kernel<__half2, float2>(tensor_layout_any, T1 *, tensor_layout_any, const T2 *)"
3661171609,5696,70876,,,,,,,,,,0.094,16449.363,Pinned,Device,NVIDIA A100-SXM4-40GB MIG 4g.20gb (0),1,,13,[CUDA memcpy Host-to-Device]
3661219705,9728,70877,,,,,,,,,,1.547,158986.761,Device,,NVIDIA A100-SXM4-40GB MIG 4g.20gb (0),1,,13,[CUDA memset]
3661230521,3935,70882,,,,,,,,,,0.031,7953.221,Pinned,Device,NVIDIA A100-SXM4-40GB MIG 4g.20gb (0),1,,13,[CUDA memcpy Host-to-Device]
3661239000,11552,70883,,,,,,,,,,0.197,17019.372,Pinned,Device,NVIDIA A100-SXM4-40GB MIG 4g.20gb (0),1,,13,[CUDA memcpy Host-to-Device]
3661546325,19552,70884,273,1,1,8,4,1,39,0.002,0.000,,,,,NVIDIA A100-SXM4-40GB MIG 4g.20gb (0),1,,13,"void channel_eq::eqMmseCoefCompLowMimoKernel<float, float, float, (unsigned int)4, (unsigned int)1, (unsigned int)4>(const channel_eq::_puschRxChEqStatDescr *, channel_eq::_puschRxChEqCoefCompDynDescr)"
3661742131,17567,70885,273,1,1,12,11,1,51,0.002,0.000,,,,,NVIDIA A100-SXM4-40GB MIG 4g.20gb (0),1,,13,"void channel_eq::eqMmseSoftDemapKernel<float, __half, __half, float, (unsigned int)4, (unsigned short)16383>(channel_eq::_puschRxChEqStatDescr *, channel_eq::_puschRxChEqSoftDemapDynDescr)"
3661885521,688120,70886,1,1,1,32,32,1,30,0.000,0.000,,,,,NVIDIA A100-SXM4-40GB MIG 4g.20gb (0),1,,13,"void convert_kernel<float2, __half2>(tensor_layout_any, T1 *, tensor_layout_any, const T2 *)"
3662889893,21472,70898,2253,1,1,128,1,1,16,0.000,0.000,,,,,NVIDIA A100-SXM4-40GB MIG 4g.20gb (0),1,,13,cupy_copy__float16_float16
3663131747,6080,70907,282,1,1,128,1,1,16,0.000,0.000,,,,,NVIDIA A100-SXM4-40GB MIG 4g.20gb (0),1,,13,cupy_copy__complex64_complex64
3663247393,5888,70916,26,1,1,128,1,1,16,0.000,0.000,,,,,NVIDIA A100-SXM4-40GB MIG 4g.20gb (0),1,,13,cupy_copy__float32_float32
3663462335,7936,70925,103,1,1,128,1,1,16,0.000,0.000,,,,,NVIDIA A100-SXM4-40GB MIG 4g.20gb (0),1,,13,cupy_copy__complex64_complex64
3663577182,22495,70935,1434,1,1,128,1,1,16,0.000,0.000,,,,,NVIDIA A100-SXM4-40GB MIG 4g.20gb (0),1,,13,cupy_copy__complex64_complex64
3663809755,256925,70940,1,1,1,32,32,1,30,0.000,0.000,,,,,NVIDIA A100-SXM4-40GB MIG 4g.20gb (0),1,,13,"void convert_kernel<__half2, float2>(tensor_layout_any, T1 *, tensor_layout_any, const T2 *)"
3664097112,5376,70943,,,,,,,,,,0.094,17428.487,Pinned,Device,NVIDIA A100-SXM4-40GB MIG 4g.20gb (0),1,,13,[CUDA memcpy Host-to-Device]
3664243894,619705,70944,,,,,,,,,,456.561,736433.603,Device,,NVIDIA A100-SXM4-40GB MIG 4g.20gb (0),1,,13,[CUDA memset]
3664869263,51199,70949,,,,,,,,,,1.235,24119.691,Pinned,Device,NVIDIA A100-SXM4-40GB MIG 4g.20gb (0),1,,13,[CUDA memcpy Host-to-Device]
3664922894,10720,70950,,,,,,,,,,0.197,18340.184,Pinned,Device,NVIDIA A100-SXM4-40GB MIG 4g.20gb (0),1,,13,[CUDA memcpy Host-to-Device]
3665207851,19936,70951,69,4,1,48,1,1,76,0.002,0.000,,,,,NVIDIA A100-SXM4-40GB MIG 4g.20gb (0),1,,13,"void ch_est::windowedChEstPreNoDftSOfdmKernel<float, __half, float, (unsigned int)2, (unsigned int)1, (unsigned short)4>(ch_est::puschRxChEstStatDescr_t *, ch_est::puschRxChEstDynDescr_t *)"
3665428936,13216,70952,137,2,1,24,2,1,44,0.001,0.001,,,,,NVIDIA A100-SXM4-40GB MIG 4g.20gb (0),1,,13,"void ch_est::chEstFilterNoDftSOfdmDispatchKernel<float, __half, float, (unsigned int)2>(ch_est::puschRxChEstStatDescr_t *, ch_est::puschRxChEstDynDescr_t *)"
3665549287,24672,70953,137,2,1,24,2,1,44,0.001,0.001,,,,,NVIDIA A100-SXM4-40GB MIG 4g.20gb (0),1,,13,"void ch_est::chEstFilterNoDftSOfdmDispatchKernel<float, __half, float, (unsigned int)2>(ch_est::puschRxChEstStatDescr_t *, ch_est::puschRxChEstDynDescr_t *)"
3665774308,8320,70964,103,1,1,128,1,1,16,0.000,0.000,,,,,NVIDIA A100-SXM4-40GB MIG 4g.20gb (0),1,,13,cupy_copy__complex64_complex64
3665900963,20352,70974,1434,1,1,128,1,1,16,0.000,0.000,,,,,NVIDIA A100-SXM4-40GB MIG 4g.20gb (0),1,,13,cupy_copy__complex64_complex64
3666117312,6240,70981,103,1,1,128,1,1,16,0.000,0.000,,,,,NVIDIA A100-SXM4-40GB MIG 4g.20gb (0),1,,13,cupy_copy__complex64_complex64
3666243487,253597,70988,1,1,1,32,32,1,30,0.000,0.000,,,,,NVIDIA A100-SXM4-40GB MIG 4g.20gb (0),1,,13,"void convert_kernel<__half2, float2>(tensor_layout_any, T1 *, tensor_layout_any, const T2 *)"
3666526780,5568,70991,,,,,,,,,,0.094,16827.521,Pinned,Device,NVIDIA A100-SXM4-40GB MIG 4g.20gb (0),1,,13,[CUDA memcpy Host-to-Device]
3666585659,62495,70992,,,,,,,,,,35.810,572994.530,Device,,NVIDIA A100-SXM4-40GB MIG 4g.20gb (0),1,,13,[CUDA memset]
3666656282,2112,70994,,,,,,,,,,0.000,37.879,Pinned,Device,NVIDIA A100-SXM4-40GB MIG 4g.20gb (0),1,,13,[CUDA memcpy Host-to-Device]
3666660826,9888,70995,,,,,,,,,,0.197,19883.360,Pinned,Device,NVIDIA A100-SXM4-40GB MIG 4g.20gb (0),1,,13,[CUDA memcpy Host-to-Device]
3667003030,25152,70996,273,1,1,48,1,1,40,0.000,0.001,,,,,NVIDIA A100-SXM4-40GB MIG 4g.20gb (0),1,,13,"void pusch_noise_intf_est::noiseIntfEstNoDftSOfdmKernel<float, __half, float, float, (unsigned int)2, (unsigned int)1, (unsigned char)4, (unsigned char)4>(pusch_noise_intf_est::puschRxNoiseIntfEstDynDescr)"
3667226516,5376,71007,35,1,1,128,1,1,16,0.000,0.000,,,,,NVIDIA A100-SXM4-40GB MIG 4g.20gb (0),1,,13,cupy_copy__complex64_complex64
3667344690,4096,71016,1,1,1,1,1,1,18,0.000,0.000,,,,,NVIDIA A100-SXM4-40GB MIG 4g.20gb (0),1,,13,cupy_copy__float32_float32
3667356722,1984,71022,,,,,,,,,,0.000,2.016,Device,Pageable,NVIDIA A100-SXM4-40GB MIG 4g.20gb (0),1,,7,[CUDA memcpy Device-to-Host]
3667674734,20896,71033,1434,1,1,128,1,1,16,0.000,0.000,,,,,NVIDIA A100-SXM4-40GB MIG 4g.20gb (0),1,,13,cupy_copy__complex64_complex64
3667893644,4608,71040,103,1,1,128,1,1,16,0.000,0.000,,,,,NVIDIA A100-SXM4-40GB MIG 4g.20gb (0),1,,13,cupy_copy__complex64_complex64
3668006827,7744,71047,35,1,1,128,1,1,16,0.000,0.000,,,,,NVIDIA A100-SXM4-40GB MIG 4g.20gb (0),1,,13,cupy_copy__complex64_complex64
3668228584,4544,71054,1,1,1,1,1,1,18,0.000,0.000,,,,,NVIDIA A100-SXM4-40GB MIG 4g.20gb (0),1,,13,cupy_copy__float32_float32
3668341159,261021,71065,1,1,1,32,32,1,30,0.000,0.000,,,,,NVIDIA A100-SXM4-40GB MIG 4g.20gb (0),1,,13,"void convert_kernel<__half2, float2>(tensor_layout_any, T1 *, tensor_layout_any, const T2 *)"
3668632835,5376,71068,,,,,,,,,,0.094,17428.487,Pinned,Device,NVIDIA A100-SXM4-40GB MIG 4g.20gb (0),1,,13,[CUDA memcpy Host-to-Device]
3668686275,6496,71069,,,,,,,,,,1.547,238087.299,Device,,NVIDIA A100-SXM4-40GB MIG 4g.20gb (0),1,,13,[CUDA memset]
3668694883,3168,71074,,,,,,,,,,0.031,9878.770,Pinned,Device,NVIDIA A100-SXM4-40GB MIG 4g.20gb (0),1,,13,[CUDA memcpy Host-to-Device]
3668700579,10496,71075,,,,,,,,,,0.197,18731.631,Pinned,Device,NVIDIA A100-SXM4-40GB MIG 4g.20gb (0),1,,13,[CUDA memcpy Host-to-Device]
3669044223,24959,71076,273,1,1,8,4,1,39,0.002,0.000,,,,,NVIDIA A100-SXM4-40GB MIG 4g.20gb (0),1,,13,"void channel_eq::eqMmseCoefCompLowMimoKernel<float, float, float, (unsigned int)4, (unsigned int)1, (unsigned int)4>(const channel_eq::_puschRxChEqStatDescr *, channel_eq::_puschRxChEqCoefCompDynDescr)"
3669248796,18176,71077,273,1,1,12,11,1,51,0.002,0.000,,,,,NVIDIA A100-SXM4-40GB MIG 4g.20gb (0),1,,13,"void channel_eq::eqMmseSoftDemapKernel<float, __half, __half, float, (unsigned int)4, (unsigned short)16383>(channel_eq::_puschRxChEqStatDescr *, channel_eq::_puschRxChEqSoftDemapDynDescr)"
3669378427,701656,71078,1,1,1,32,32,1,30,0.000,0.000,,,,,NVIDIA A100-SXM4-40GB MIG 4g.20gb (0),1,,13,"void convert_kernel<float2, __half2>(tensor_layout_any, T1 *, tensor_layout_any, const T2 *)"
3670366032,20319,71090,2253,1,1,128,1,1,16,0.000,0.000,,,,,NVIDIA A100-SXM4-40GB MIG 4g.20gb (0),1,,13,cupy_copy__float16_float16
3670582829,6016,71099,282,1,1,128,1,1,16,0.000,0.000,,,,,NVIDIA A100-SXM4-40GB MIG 4g.20gb (0),1,,13,cupy_copy__complex64_complex64
3670702988,12447,71108,26,1,1,128,1,1,16,0.000,0.000,,,,,NVIDIA A100-SXM4-40GB MIG 4g.20gb (0),1,,13,cupy_copy__float32_float32
3670922537,6912,71117,103,1,1,128,1,1,16,0.000,0.000,,,,,NVIDIA A100-SXM4-40GB MIG 4g.20gb (0),1,,13,cupy_copy__complex64_complex64
3671033608,21120,71127,1434,1,1,128,1,1,16,0.000,0.000,,,,,NVIDIA A100-SXM4-40GB MIG 4g.20gb (0),1,,13,cupy_copy__complex64_complex64
3671266149,259997,71132,1,1,1,32,32,1,30,0.000,0.000,,,,,NVIDIA A100-SXM4-40GB MIG 4g.20gb (0),1,,13,"void convert_kernel<__half2, float2>(tensor_layout_any, T1 *, tensor_layout_any, const T2 *)"
3671556002,5408,71135,,,,,,,,,,0.094,17325.421,Pinned,Device,NVIDIA A100-SXM4-40GB MIG 4g.20gb (0),1,,13,[CUDA memcpy Host-to-Device]
3671711936,620185,71136,,,,,,,,,,456.561,735977.041,Device,,NVIDIA A100-SXM4-40GB MIG 4g.20gb (0),1,,13,[CUDA memset]
3672336377,51967,71141,,,,,,,,,,1.235,23762.792,Pinned,Device,NVIDIA A100-SXM4-40GB MIG 4g.20gb (0),1,,13,[CUDA memcpy Host-to-Device]
3672390776,9408,71142,,,,,,,,,,0.197,20897.858,Pinned,Device,NVIDIA A100-SXM4-40GB MIG 4g.20gb (0),1,,13,[CUDA memcpy Host-to-Device]
3672682325,20928,71143,69,4,1,48,1,1,76,0.002,0.000,,,,,NVIDIA A100-SXM4-40GB MIG 4g.20gb (0),1,,13,"void ch_est::windowedChEstPreNoDftSOfdmKernel<float, __half, float, (unsigned int)2, (unsigned int)1, (unsigned short)4>(ch_est::puschRxChEstStatDescr_t *, ch_est::puschRxChEstDynDescr_t *)"
3672903538,10272,71144,137,2,1,24,2,1,44,0.001,0.001,,,,,NVIDIA A100-SXM4-40GB MIG 4g.20gb (0),1,,13,"void ch_est::chEstFilterNoDftSOfdmDispatchKernel<float, __half, float, (unsigned int)2>(ch_est::puschRxChEstStatDescr_t *, ch_est::puschRxChEstDynDescr_t *)"
3673022161,27232,71145,137,2,1,24,2,1,44,0.001,0.001,,,,,NVIDIA A100-SXM4-40GB MIG 4g.20gb (0),1,,13,"void ch_est::chEstFilterNoDftSOfdmDispatchKernel<float, __half, float, (unsigned int)2>(ch_est::puschRxChEstStatDescr_t *, ch_est::puschRxChEstDynDescr_t *)"
3673253166,5952,71156,103,1,1,128,1,1,16,0.000,0.000,,,,,NVIDIA A100-SXM4-40GB MIG 4g.20gb (0),1,,13,cupy_copy__complex64_complex64
3673368429,21728,71166,1434,1,1,128,1,1,16,0.000,0.000,,,,,NVIDIA A100-SXM4-40GB MIG 4g.20gb (0),1,,13,cupy_copy__complex64_complex64
3673602282,4928,71173,103,1,1,128,1,1,16,0.000,0.000,,,,,NVIDIA A100-SXM4-40GB MIG 4g.20gb (0),1,,13,cupy_copy__complex64_complex64
3673717001,255869,71180,1,1,1,32,32,1,30,0.000,0.000,,,,,NVIDIA A100-SXM4-40GB MIG 4g.20gb (0),1,,13,"void convert_kernel<__half2, float2>(tensor_layout_any, T1 *, tensor_layout_any, const T2 *)"
3674003526,5408,71183,,,,,,,,,,0.094,17325.421,Pinned,Device,NVIDIA A100-SXM4-40GB MIG 4g.20gb (0),1,,13,[CUDA memcpy Host-to-Device]
3674052453,64447,71184,,,,,,,,,,35.810,555626.719,Device,,NVIDIA A100-SXM4-40GB MIG 4g.20gb (0),1,,13,[CUDA memset]
3674124292,2144,71186,,,,,,,,,,0.000,37.313,Pinned,Device,NVIDIA A100-SXM4-40GB MIG 4g.20gb (0),1,,13,[CUDA memcpy Host-to-Device]
3674129316,9792,71187,,,,,,,,,,0.197,20078.395,Pinned,Device,NVIDIA A100-SXM4-40GB MIG 4g.20gb (0),1,,13,[CUDA memcpy Host-to-Device]
3674454465,21727,71188,273,1,1,48,1,1,40,0.000,0.001,,,,,NVIDIA A100-SXM4-40GB MIG 4g.20gb (0),1,,13,"void pusch_noise_intf_est::noiseIntfEstNoDftSOfdmKernel<float, __half, float, float, (unsigned int)2, (unsigned int)1, (unsigned char)4, (unsigned char)4>(pusch_noise_intf_est::puschRxNoiseIntfEstDynDescr)"
3674665150,6304,71199,35,1,1,128,1,1,16,0.000,0.000,,,,,NVIDIA A100-SXM4-40GB MIG 4g.20gb (0),1,,13,cupy_copy__complex64_complex64
3674781085,5664,71208,1,1,1,1,1,1,18,0.000,0.000,,,,,NVIDIA A100-SXM4-40GB MIG 4g.20gb (0),1,,13,cupy_copy__float32_float32
3674792221,1824,71214,,,,,,,,,,0.000,2.193,Device,Pageable,NVIDIA A100-SXM4-40GB MIG 4g.20gb (0),1,,7,[CUDA memcpy Device-to-Host]
3675114489,21696,71225,1434,1,1,128,1,1,16,0.000,0.000,,,,,NVIDIA A100-SXM4-40GB MIG 4g.20gb (0),1,,13,cupy_copy__complex64_complex64
3675326550,5824,71232,103,1,1,128,1,1,16,0.000,0.000,,,,,NVIDIA A100-SXM4-40GB MIG 4g.20gb (0),1,,13,cupy_copy__complex64_complex64
3675445205,11104,71239,35,1,1,128,1,1,16,0.000,0.000,,,,,NVIDIA A100-SXM4-40GB MIG 4g.20gb (0),1,,13,cupy_copy__complex64_complex64
3675670803,4223,71246,1,1,1,1,1,1,18,0.000,0.000,,,,,NVIDIA A100-SXM4-40GB MIG 4g.20gb (0),1,,13,cupy_copy__float32_float32
3675790193,249789,71257,1,1,1,32,32,1,30,0.000,0.000,,,,,NVIDIA A100-SXM4-40GB MIG 4g.20gb (0),1,,13,"void convert_kernel<__half2, float2>(tensor_layout_any, T1 *, tensor_layout_any, const T2 *)"
3676070318,5408,71260,,,,,,,,,,0.094,17325.421,Pinned,Device,NVIDIA A100-SXM4-40GB MIG 4g.20gb (0),1,,13,[CUDA memcpy Host-to-Device]
3676129133,8480,71261,,,,,,,,,,1.547,182384.089,Device,,NVIDIA A100-SXM4-40GB MIG 4g.20gb (0),1,,13,[CUDA memset]
3676144461,3648,71266,,,,,,,,,,0.031,8578.922,Pinned,Device,NVIDIA A100-SXM4-40GB MIG 4g.20gb (0),1,,13,[CUDA memcpy Host-to-Device]
3676151213,12928,71267,,,,,,,,,,0.197,15207.825,Pinned,Device,NVIDIA A100-SXM4-40GB MIG 4g.20gb (0),1,,13,[CUDA memcpy Host-to-Device]
3676461289,16128,71268,273,1,1,8,4,1,39,0.002,0.000,,,,,NVIDIA A100-SXM4-40GB MIG 4g.20gb (0),1,,13,"void channel_eq::eqMmseCoefCompLowMimoKernel<float, float, float, (unsigned int)4, (unsigned int)1, (unsigned int)4>(const channel_eq::_puschRxChEqStatDescr *, channel_eq::_puschRxChEqCoefCompDynDescr)"
3676666055,19072,71269,273,1,1,12,11,1,51,0.002,0.000,,,,,NVIDIA A100-SXM4-40GB MIG 4g.20gb (0),1,,13,"void channel_eq::eqMmseSoftDemapKernel<float, __half, __half, float, (unsigned int)4, (unsigned short)16383>(channel_eq::_puschRxChEqStatDescr *, channel_eq::_puschRxChEqSoftDemapDynDescr)"
3676804230,700983,71270,1,1,1,32,32,1,30,0.000,0.000,,,,,NVIDIA A100-SXM4-40GB MIG 4g.20gb (0),1,,13,"void convert_kernel<float2, __half2>(tensor_layout_any, T1 *, tensor_layout_any, const T2 *)"
3677791514,20832,71282,2253,1,1,128,1,1,16,0.000,0.000,,,,,NVIDIA A100-SXM4-40GB MIG 4g.20gb (0),1,,13,cupy_copy__float16_float16
3678017368,6271,71291,282,1,1,128,1,1,16,0.000,0.000,,,,,NVIDIA A100-SXM4-40GB MIG 4g.20gb (0),1,,13,cupy_copy__complex64_complex64
3678128598,10400,71300,26,1,1,128,1,1,16,0.000,0.000,,,,,NVIDIA A100-SXM4-40GB MIG 4g.20gb (0),1,,13,cupy_copy__float32_float32
3678352308,9696,71309,103,1,1,128,1,1,16,0.000,0.000,,,,,NVIDIA A100-SXM4-40GB MIG 4g.20gb (0),1,,13,cupy_copy__complex64_complex64
3678473618,20992,71319,1434,1,1,128,1,1,16,0.000,0.000,,,,,NVIDIA A100-SXM4-40GB MIG 4g.20gb (0),1,,13,cupy_copy__complex64_complex64
3678698384,248829,71324,1,1,1,32,32,1,30,0.000,0.000,,,,,NVIDIA A100-SXM4-40GB MIG 4g.20gb (0),1,,13,"void convert_kernel<__half2, float2>(tensor_layout_any, T1 *, tensor_layout_any, const T2 *)"
3678976205,5375,71327,,,,,,,,,,0.094,17431.766,Pinned,Device,NVIDIA A100-SXM4-40GB MIG 4g.20gb (0),1,,13,[CUDA memcpy Host-to-Device]
3679010284,615993,71328,,,,,,,,,,456.561,740999.217,Device,,NVIDIA A100-SXM4-40GB MIG 4g.20gb (0),1,,13,[CUDA memset]
3679629349,52351,71333,,,,,,,,,,1.235,23588.665,Pinned,Device,NVIDIA A100-SXM4-40GB MIG 4g.20gb (0),1,,13,[CUDA memcpy Host-to-Device]
3679684356,9376,71334,,,,,,,,,,0.197,20969.226,Pinned,Device,NVIDIA A100-SXM4-40GB MIG 4g.20gb (0),1,,13,[CUDA memcpy Host-to-Device]
3679744388,18751,71335,69,4,1,48,1,1,76,0.002,0.000,,,,,NVIDIA A100-SXM4-40GB MIG 4g.20gb (0),1,,13,"void ch_est::windowedChEstPreNoDftSOfdmKernel<float, __half, float, (unsigned int)2, (unsigned int)1, (unsigned short)4>(ch_est::puschRxChEstStatDescr_t *, ch_est::puschRxChEstDynDescr_t *)"
3679765315,12128,71336,137,2,1,24,2,1,44,0.001,0.001,,,,,NVIDIA A100-SXM4-40GB MIG 4g.20gb (0),1,,13,"void ch_est::chEstFilterNoDftSOfdmDispatchKernel<float, __half, float, (unsigned int)2>(ch_est::puschRxChEstStatDescr_t *, ch_est::puschRxChEstDynDescr_t *)"
3679819939,21504,71337,137,2,1,24,2,1,44,0.001,0.001,,,,,NVIDIA A100-SXM4-40GB MIG 4g.20gb (0),1,,13,"void ch_est::chEstFilterNoDftSOfdmDispatchKernel<float, __half, float, (unsigned int)2>(ch_est::puschRxChEstStatDescr_t *, ch_est::puschRxChEstDynDescr_t *)"
3679843363,2528,71348,103,1,1,128,1,1,16,0.000,0.000,,,,,NVIDIA A100-SXM4-40GB MIG 4g.20gb (0),1,,13,cupy_copy__complex64_complex64
3679892354,17728,71358,1434,1,1,128,1,1,16,0.000,0.000,,,,,NVIDIA A100-SXM4-40GB MIG 4g.20gb (0),1,,13,cupy_copy__complex64_complex64
3679912258,2464,71365,103,1,1,128,1,1,16,0.000,0.000,,,,,NVIDIA A100-SXM4-40GB MIG 4g.20gb (0),1,,13,cupy_copy__complex64_complex64
3679916226,86431,71372,1,1,1,32,32,1,30,0.000,0.000,,,,,NVIDIA A100-SXM4-40GB MIG 4g.20gb (0),1,,13,"void convert_kernel<__half2, float2>(tensor_layout_any, T1 *, tensor_layout_any, const T2 *)"
3680038496,5696,71375,,,,,,,,,,0.094,16449.363,Pinned,Device,NVIDIA A100-SXM4-40GB MIG 4g.20gb (0),1,,13,[CUDA memcpy Host-to-Device]
3680050848,56640,71376,,,,,,,,,,35.810,632224.138,Device,,NVIDIA A100-SXM4-40GB MIG 4g.20gb (0),1,,13,[CUDA memset]
3680114911,1824,71378,,,,,,,,,,0.000,43.860,Pinned,Device,NVIDIA A100-SXM4-40GB MIG 4g.20gb (0),1,,13,[CUDA memcpy Host-to-Device]
3680119391,9376,71379,,,,,,,,,,0.197,20969.226,Pinned,Device,NVIDIA A100-SXM4-40GB MIG 4g.20gb (0),1,,13,[CUDA memcpy Host-to-Device]
3680160767,23520,71380,273,1,1,48,1,1,40,0.000,0.001,,,,,NVIDIA A100-SXM4-40GB MIG 4g.20gb (0),1,,13,"void pusch_noise_intf_est::noiseIntfEstNoDftSOfdmKernel<float, __half, float, float, (unsigned int)2, (unsigned int)1, (unsigned char)4, (unsigned char)4>(pusch_noise_intf_est::puschRxNoiseIntfEstDynDescr)"
3680233438,8960,71391,35,1,1,128,1,1,16,0.000,0.000,,,,,NVIDIA A100-SXM4-40GB MIG 4g.20gb (0),1,,13,cupy_copy__complex64_complex64
3680244318,2272,71400,1,1,1,1,1,1,18,0.000,0.000,,,,,NVIDIA A100-SXM4-40GB MIG 4g.20gb (0),1,,13,cupy_copy__float32_float32
3680248030,1632,71406,,,,,,,,,,0.000,2.451,Device,Pageable,NVIDIA A100-SXM4-40GB MIG 4g.20gb (0),1,,7,[CUDA memcpy Device-to-Host]
3680320221,17568,71417,1434,1,1,128,1,1,16,0.000,0.000,,,,,NVIDIA A100-SXM4-40GB MIG 4g.20gb (0),1,,13,cupy_copy__complex64_complex64
3680343069,2784,71424,103,1,1,128,1,1,16,0.000,0.000,,,,,NVIDIA A100-SXM4-40GB MIG 4g.20gb (0),1,,13,cupy_copy__complex64_complex64
3680394684,10272,71431,35,1,1,128,1,1,16,0.000,0.000,,,,,NVIDIA A100-SXM4-40GB MIG 4g.20gb (0),1,,13,cupy_copy__complex64_complex64
3680407132,3456,71438,1,1,1,1,1,1,18,0.000,0.000,,,,,NVIDIA A100-SXM4-40GB MIG 4g.20gb (0),1,,13,cupy_copy__float32_float32
3680579162,142078,71449,1,1,1,32,32,1,30,0.000,0.000,,,,,NVIDIA A100-SXM4-40GB MIG 4g.20gb (0),1,,13,"void convert_kernel<__half2, float2>(tensor_layout_any, T1 *, tensor_layout_any, const T2 *)"
3680750328,5920,71452,,,,,,,,,,0.094,15826.941,Pinned,Device,NVIDIA A100-SXM4-40GB MIG 4g.20gb (0),1,,13,[CUDA memcpy Host-to-Device]
3680765688,7424,71453,,,,,,,,,,1.547,208327.160,Device,,NVIDIA A100-SXM4-40GB MIG 4g.20gb (0),1,,13,[CUDA memset]
3680783416,5120,71458,,,,,,,,,,0.031,6112.484,Pinned,Device,NVIDIA A100-SXM4-40GB MIG 4g.20gb (0),1,,13,[CUDA memcpy Host-to-Device]
3680793144,10240,71459,,,,,,,,,,0.197,19199.951,Pinned,Device,NVIDIA A100-SXM4-40GB MIG 4g.20gb (0),1,,13,[CUDA memcpy Host-to-Device]
3680826839,21312,71460,273,1,1,8,4,1,39,0.002,0.000,,,,,NVIDIA A100-SXM4-40GB MIG 4g.20gb (0),1,,13,"void channel_eq::eqMmseCoefCompLowMimoKernel<float, float, float, (unsigned int)4, (unsigned int)1, (unsigned int)4>(const channel_eq::_puschRxChEqStatDescr *, channel_eq::_puschRxChEqCoefCompDynDescr)"
3680873399,29055,71461,273,1,1,12,11,1,51,0.002,0.000,,,,,NVIDIA A100-SXM4-40GB MIG 4g.20gb (0),1,,13,"void channel_eq::eqMmseSoftDemapKernel<float, __half, __half, float, (unsigned int)4, (unsigned short)16383>(channel_eq::_puschRxChEqStatDescr *, channel_eq::_puschRxChEqSoftDemapDynDescr)"
3680903478,283549,71462,1,1,1,32,32,1,30,0.000,0.000,,,,,NVIDIA A100-SXM4-40GB MIG 4g.20gb (0),1,,13,"void convert_kernel<float2, __half2>(tensor_layout_any, T1 *, tensor_layout_any, const T2 *)"
3681188307,10272,71474,2253,1,1,128,1,1,16,0.000,0.000,,,,,NVIDIA A100-SXM4-40GB MIG 4g.20gb (0),1,,13,cupy_copy__float16_float16
3681228307,9376,71483,282,1,1,128,1,1,16,0.000,0.000,,,,,NVIDIA A100-SXM4-40GB MIG 4g.20gb (0),1,,13,cupy_copy__complex64_complex64
3681238771,2176,71492,26,1,1,128,1,1,16,0.000,0.000,,,,,NVIDIA A100-SXM4-40GB MIG 4g.20gb (0),1,,13,cupy_copy__float32_float32
3681267218,11296,71501,103,1,1,128,1,1,16,0.000,0.000,,,,,NVIDIA A100-SXM4-40GB MIG 4g.20gb (0),1,,13,cupy_copy__complex64_complex64
3681279506,12448,71511,1434,1,1,128,1,1,16,0.000,0.000,,,,,NVIDIA A100-SXM4-40GB MIG 4g.20gb (0),1,,13,cupy_copy__complex64_complex64
3681292978,83423,71516,1,1,1,32,32,1,30,0.000,0.000,,,,,NVIDIA A100-SXM4-40GB MIG 4g.20gb (0),1,,13,"void convert_kernel<__half2, float2>(tensor_layout_any, T1 *, tensor_layout_any, const T2 *)"
3681405553,5728,71519,,,,,,,,,,0.094,16357.541,Pinned,Device,NVIDIA A100-SXM4-40GB MIG 4g.20gb (0),1,,13,[CUDA memcpy Host-to-Device]
3681429136,602585,71520,,,,,,,,,,456.561,757435.429,Device,,NVIDIA A100-SXM4-40GB MIG 4g.20gb (0),1,,13,[CUDA memset]
3682040873,48640,71525,,,,,,,,,,1.235,25389.214,Pinned,Device,NVIDIA A100-SXM4-40GB MIG 4g.20gb (0),1,,13,[CUDA memcpy Host-to-Device]
3682091625,9248,71526,,,,,,,,,,0.197,21259.420,Pinned,Device,NVIDIA A100-SXM4-40GB MIG 4g.20gb (0),1,,13,[CUDA memcpy Host-to-Device]
3682171592,18400,71527,69,4,1,48,1,1,76,0.002,0.000,,,,,NVIDIA A100-SXM4-40GB MIG 4g.20gb (0),1,,13,"void ch_est::windowedChEstPreNoDftSOfdmKernel<float, __half, float, (unsigned int)2, (unsigned int)1, (unsigned short)4>(ch_est::puschRxChEstStatDescr_t *, ch_est::puschRxChEstDynDescr_t *)"
3682235335,19808,71528,137,2,1,24,2,1,44,0.001,0.001,,,,,NVIDIA A100-SXM4-40GB MIG 4g.20gb (0),1,,13,"void ch_est::chEstFilterNoDftSOfdmDispatchKernel<float, __half, float, (unsigned int)2>(ch_est::puschRxChEstStatDescr_t *, ch_est::puschRxChEstDynDescr_t *)"
3682278887,29151,71529,137,2,1,24,2,1,44,0.001,0.001,,,,,NVIDIA A100-SXM4-40GB MIG 4g.20gb (0),1,,13,"void ch_est::chEstFilterNoDftSOfdmDispatchKernel<float, __half, float, (unsigned int)2>(ch_est::puschRxChEstStatDescr_t *, ch_est::puschRxChEstDynDescr_t *)"
3682312326,5088,71540,103,1,1,128,1,1,16,0.000,0.000,,,,,NVIDIA A100-SXM4-40GB MIG 4g.20gb (0),1,,13,cupy_copy__complex64_complex64
3682353286,14976,71550,1434,1,1,128,1,1,16,0.000,0.000,,,,,NVIDIA A100-SXM4-40GB MIG 4g.20gb (0),1,,13,cupy_copy__complex64_complex64
3682385509,5088,71557,103,1,1,128,1,1,16,0.000,0.000,,,,,NVIDIA A100-SXM4-40GB MIG 4g.20gb (0),1,,13,cupy_copy__complex64_complex64
3682433125,264541,71564,1,1,1,32,32,1,30,0.000,0.000,,,,,NVIDIA A100-SXM4-40GB MIG 4g.20gb (0),1,,13,"void convert_kernel<__half2, float2>(tensor_layout_any, T1 *, tensor_layout_any, const T2 *)"
3682727073,5632,71567,,,,,,,,,,0.094,16636.287,Pinned,Device,NVIDIA A100-SXM4-40GB MIG 4g.20gb (0),1,,13,[CUDA memcpy Host-to-Device]
3682775489,59615,71568,,,,,,,,,,35.810,600675.598,Device,,NVIDIA A100-SXM4-40GB MIG 4g.20gb (0),1,,13,[CUDA memset]
3682835872,4800,71570,,,,,,,,,,0.000,16.667,Pinned,Device,NVIDIA A100-SXM4-40GB MIG 4g.20gb (0),1,,13,[CUDA memcpy Host-to-Device]
3682843552,10208,71571,,,,,,,,,,0.197,19260.113,Pinned,Device,NVIDIA A100-SXM4-40GB MIG 4g.20gb (0),1,,13,[CUDA memcpy Host-to-Device]
3682888608,36575,71572,273,1,1,48,1,1,40,0.000,0.001,,,,,NVIDIA A100-SXM4-40GB MIG 4g.20gb (0),1,,13,"void pusch_noise_intf_est::noiseIntfEstNoDftSOfdmKernel<float, __half, float, float, (unsigned int)2, (unsigned int)1, (unsigned char)4, (unsigned char)4>(pusch_noise_intf_est::puschRxNoiseIntfEstDynDescr)"
3682958879,9696,71583,35,1,1,128,1,1,16,0.000,0.000,,,,,NVIDIA A100-SXM4-40GB MIG 4g.20gb (0),1,,13,cupy_copy__complex64_complex64
3682982846,3424,71592,1,1,1,1,1,1,18,0.000,0.000,,,,,NVIDIA A100-SXM4-40GB MIG 4g.20gb (0),1,,13,cupy_copy__float32_float32
3682989246,1632,71598,,,,,,,,,,0.000,2.451,Device,Pageable,NVIDIA A100-SXM4-40GB MIG 4g.20gb (0),1,,7,[CUDA memcpy Device-to-Host]
3683052638,12064,71609,1434,1,1,128,1,1,16,0.000,0.000,,,,,NVIDIA A100-SXM4-40GB MIG 4g.20gb (0),1,,13,cupy_copy__complex64_complex64
3683120637,6912,71616,103,1,1,128,1,1,16,0.000,0.000,,,,,NVIDIA A100-SXM4-40GB MIG 4g.20gb (0),1,,13,cupy_copy__complex64_complex64
3683147837,7840,71623,35,1,1,128,1,1,16,0.000,0.000,,,,,NVIDIA A100-SXM4-40GB MIG 4g.20gb (0),1,,13,cupy_copy__complex64_complex64
3683194908,4640,71630,1,1,1,1,1,1,18,0.000,0.000,,,,,NVIDIA A100-SXM4-40GB MIG 4g.20gb (0),1,,13,cupy_copy__float32_float32
3683286523,253501,71641,1,1,1,32,32,1,30,0.000,0.000,,,,,NVIDIA A100-SXM4-40GB MIG 4g.20gb (0),1,,13,"void convert_kernel<__half2, float2>(tensor_layout_any, T1 *, tensor_layout_any, const T2 *)"
3683570552,5600,71644,,,,,,,,,,0.094,16731.388,Pinned,Device,NVIDIA A100-SXM4-40GB MIG 4g.20gb (0),1,,13,[CUDA memcpy Host-to-Device]
3683586264,4959,71645,,,,,,,,,,1.547,311881.369,Device,,NVIDIA A100-SXM4-40GB MIG 4g.20gb (0),1,,13,[CUDA memset]
3683593431,3072,71650,,,,,,,,,,0.031,10187.474,Pinned,Device,NVIDIA A100-SXM4-40GB MIG 4g.20gb (0),1,,13,[CUDA memcpy Host-to-Device]
3683598615,9408,71651,,,,,,,,,,0.197,20897.858,Pinned,Device,NVIDIA A100-SXM4-40GB MIG 4g.20gb (0),1,,13,[CUDA memcpy Host-to-Device]
3683617015,33120,71652,273,1,1,8,4,1,39,0.002,0.000,,,,,NVIDIA A100-SXM4-40GB MIG 4g.20gb (0),1,,13,"void channel_eq::eqMmseCoefCompLowMimoKernel<float, float, float, (unsigned int)4, (unsigned int)1, (unsigned int)4>(const channel_eq::_puschRxChEqStatDescr *, channel_eq::_puschRxChEqCoefCompDynDescr)"
3683734934,33311,71653,273,1,1,12,11,1,51,0.002,0.000,,,,,NVIDIA A100-SXM4-40GB MIG 4g.20gb (0),1,,13,"void channel_eq::eqMmseSoftDemapKernel<float, __half, __half, float, (unsigned int)4, (unsigned short)16383>(channel_eq::_puschRxChEqStatDescr *, channel_eq::_puschRxChEqSoftDemapDynDescr)"
3683814709,607993,71654,1,1,1,32,32,1,30,0.000,0.000,,,,,NVIDIA A100-SXM4-40GB MIG 4g.20gb (0),1,,13,"void convert_kernel<float2, __half2>(tensor_layout_any, T1 *, tensor_layout_any, const T2 *)"
3684437998,14016,71666,2253,1,1,128,1,1,16,0.000,0.000,,,,,NVIDIA A100-SXM4-40GB MIG 4g.20gb (0),1,,13,cupy_copy__float16_float16
3684482893,11072,71675,282,1,1,128,1,1,16,0.000,0.000,,,,,NVIDIA A100-SXM4-40GB MIG 4g.20gb (0),1,,13,cupy_copy__complex64_complex64
3684505805,4096,71684,26,1,1,128,1,1,16,0.000,0.000,,,,,NVIDIA A100-SXM4-40GB MIG 4g.20gb (0),1,,13,cupy_copy__float32_float32
3684537357,18431,71693,103,1,1,128,1,1,16,0.000,0.000,,,,,NVIDIA A100-SXM4-40GB MIG 4g.20gb (0),1,,13,cupy_copy__complex64_complex64
3684598636,16544,71703,1434,1,1,128,1,1,16,0.000,0.000,,,,,NVIDIA A100-SXM4-40GB MIG 4g.20gb (0),1,,13,cupy_copy__complex64_complex64
3684650251,260829,71708,1,1,1,32,32,1,30,0.000,0.000,,,,,NVIDIA A100-SXM4-40GB MIG 4g.20gb (0),1,,13,"void convert_kernel<__half2, float2>(tensor_layout_any, T1 *, tensor_layout_any, const T2 *)"
3684940168,5376,71711,,,,,,,,,,0.094,17428.487,Pinned,Device,NVIDIA A100-SXM4-40GB MIG 4g.20gb (0),1,,13,[CUDA memcpy Host-to-Device]
3684978216,628056,71712,,,,,,,,,,456.561,726845.812,Device,,NVIDIA A100-SXM4-40GB MIG 4g.20gb (0),1,,13,[CUDA memset]
3685615328,51616,71717,,,,,,,,,,1.235,23924.570,Pinned,Device,NVIDIA A100-SXM4-40GB MIG 4g.20gb (0),1,,13,[CUDA memcpy Host-to-Device]
3685669600,10047,71718,,,,,,,,,,0.197,19568.787,Pinned,Device,NVIDIA A100-SXM4-40GB MIG 4g.20gb (0),1,,13,[CUDA memcpy Host-to-Device]
3685698175,20384,71719,69,4,1,48,1,1,76,0.002,0.000,,,,,NVIDIA A100-SXM4-40GB MIG 4g.20gb (0),1,,13,"void ch_est::windowedChEstPreNoDftSOfdmKernel<float, __half, float, (unsigned int)2, (unsigned int)1, (unsigned short)4>(ch_est::puschRxChEstStatDescr_t *, ch_est::puschRxChEstDynDescr_t *)"
3685743231,22751,71720,137,2,1,24,2,1,44,0.001,0.001,,,,,NVIDIA A100-SXM4-40GB MIG 4g.20gb (0),1,,13,"void ch_est::chEstFilterNoDftSOfdmDispatchKernel<float, __half, float, (unsigned int)2>(ch_est::puschRxChEstStatDescr_t *, ch_est::puschRxChEstDynDescr_t *)"
3685775614,20032,71721,137,2,1,24,2,1,44,0.001,0.001,,,,,NVIDIA A100-SXM4-40GB MIG 4g.20gb (0),1,,13,"void ch_est::chEstFilterNoDftSOfdmDispatchKernel<float, __half, float, (unsigned int)2>(ch_est::puschRxChEstStatDescr_t *, ch_est::puschRxChEstDynDescr_t *)"
3685818462,6720,71732,103,1,1,128,1,1,16,0.000,0.000,,,,,NVIDIA A100-SXM4-40GB MIG 4g.20gb (0),1,,13,cupy_copy__complex64_complex64
3685844062,14975,71742,1434,1,1,128,1,1,16,0.000,0.000,,,,,NVIDIA A100-SXM4-40GB MIG 4g.20gb (0),1,,13,cupy_copy__complex64_complex64
3685889437,6688,71749,103,1,1,128,1,1,16,0.000,0.000,,,,,NVIDIA A100-SXM4-40GB MIG 4g.20gb (0),1,,13,cupy_copy__complex64_complex64
3685921245,260413,71756,1,1,1,32,32,1,30,0.000,0.000,,,,,NVIDIA A100-SXM4-40GB MIG 4g.20gb (0),1,,13,"void convert_kernel<__half2, float2>(tensor_layout_any, T1 *, tensor_layout_any, const T2 *)"
3686211001,5344,71759,,,,,,,,,,0.094,17532.864,Pinned,Device,NVIDIA A100-SXM4-40GB MIG 4g.20gb (0),1,,13,[CUDA memcpy Host-to-Device]
3686239641,58783,71760,,,,,,,,,,35.810,609162.549,Device,,NVIDIA A100-SXM4-40GB MIG 4g.20gb (0),1,,13,[CUDA memset]
3686303320,2752,71762,,,,,,,,,,0.000,29.070,Pinned,Device,NVIDIA A100-SXM4-40GB MIG 4g.20gb (0),1,,13,[CUDA memcpy Host-to-Device]
3686308504,9376,71763,,,,,,,,,,0.197,20969.226,Pinned,Device,NVIDIA A100-SXM4-40GB MIG 4g.20gb (0),1,,13,[CUDA memcpy Host-to-Device]
3686358712,33247,71764,273,1,1,48,1,1,40,0.000,0.001,,,,,NVIDIA A100-SXM4-40GB MIG 4g.20gb (0),1,,13,"void pusch_noise_intf_est::noiseIntfEstNoDftSOfdmKernel<float, __half, float, float, (unsigned int)2, (unsigned int)1, (unsigned char)4, (unsigned char)4>(pusch_noise_intf_est::puschRxNoiseIntfEstDynDescr)"
3686422103,12672,71775,35,1,1,128,1,1,16,0.000,0.000,,,,,NVIDIA A100-SXM4-40GB MIG 4g.20gb (0),1,,13,cupy_copy__complex64_complex64
3686444535,3552,71784,1,1,1,1,1,1,18,0.000,0.000,,,,,NVIDIA A100-SXM4-40GB MIG 4g.20gb (0),1,,13,cupy_copy__float32_float32
3686452983,1568,71790,,,,,,,,,,0.000,2.551,Device,Pageable,NVIDIA A100-SXM4-40GB MIG 4g.20gb (0),1,,7,[CUDA memcpy Device-to-Host]
3686531606,14656,71801,1434,1,1,128,1,1,16,0.000,0.000,,,,,NVIDIA A100-SXM4-40GB MIG 4g.20gb (0),1,,13,cupy_copy__complex64_complex64
3686577781,6720,71808,103,1,1,128,1,1,16,0.000,0.000,,,,,NVIDIA A100-SXM4-40GB MIG 4g.20gb (0),1,,13,cupy_copy__complex64_complex64
3686604661,7488,71815,35,1,1,128,1,1,16,0.000,0.000,,,,,NVIDIA A100-SXM4-40GB MIG 4g.20gb (0),1,,13,cupy_copy__complex64_complex64
3686651156,4256,71822,1,1,1,1,1,1,18,0.000,0.000,,,,,NVIDIA A100-SXM4-40GB MIG 4g.20gb (0),1,,13,cupy_copy__float32_float32
3686741587,245725,71833,1,1,1,32,32,1,30,0.000,0.000,,,,,NVIDIA A100-SXM4-40GB MIG 4g.20gb (0),1,,13,"void convert_kernel<__half2, float2>(tensor_layout_any, T1 *, tensor_layout_any, const T2 *)"
3687017744,5632,71836,,,,,,,,,,0.094,16636.287,Pinned,Device,NVIDIA A100-SXM4-40GB MIG 4g.20gb (0),1,,13,[CUDA memcpy Host-to-Device]
3687039952,7808,71837,,,,,,,,,,1.547,198080.776,Device,,NVIDIA A100-SXM4-40GB MIG 4g.20gb (0),1,,13,[CUDA memset]
3687050736,3104,71842,,,,,,,,,,0.031,10082.445,Pinned,Device,NVIDIA A100-SXM4-40GB MIG 4g.20gb (0),1,,13,[CUDA memcpy Host-to-Device]
3687056304,10016,71843,,,,,,,,,,0.197,19629.343,Pinned,Device,NVIDIA A100-SXM4-40GB MIG 4g.20gb (0),1,,13,[CUDA memcpy Host-to-Device]
3687075759,29408,71844,273,1,1,8,4,1,39,0.002,0.000,,,,,NVIDIA A100-SXM4-40GB MIG 4g.20gb (0),1,,13,"void channel_eq::eqMmseCoefCompLowMimoKernel<float, float, float, (unsigned int)4, (unsigned int)1, (unsigned int)4>(const channel_eq::_puschRxChEqStatDescr *, channel_eq::_puschRxChEqCoefCompDynDescr)"
3687192270,32160,71845,273,1,1,12,11,1,51,0.002,0.000,,,,,NVIDIA A100-SXM4-40GB MIG 4g.20gb (0),1,,13,"void channel_eq::eqMmseSoftDemapKernel<float, __half, __half, float, (unsigned int)4, (unsigned short)16383>(channel_eq::_puschRxChEqStatDescr *, channel_eq::_puschRxChEqSoftDemapDynDescr)"
3687266061,634233,71846,1,1,1,32,32,1,30,0.000,0.000,,,,,NVIDIA A100-SXM4-40GB MIG 4g.20gb (0),1,,13,"void convert_kernel<float2, __half2>(tensor_layout_any, T1 *, tensor_layout_any, const T2 *)"
3687912774,16064,71858,2253,1,1,128,1,1,16,0.000,0.000,,,,,NVIDIA A100-SXM4-40GB MIG 4g.20gb (0),1,,13,cupy_copy__float16_float16
3687954341,5312,71867,282,1,1,128,1,1,16,0.000,0.000,,,,,NVIDIA A100-SXM4-40GB MIG 4g.20gb (0),1,,13,cupy_copy__complex64_complex64
3687992005,7104,71876,26,1,1,128,1,1,16,0.000,0.000,,,,,NVIDIA A100-SXM4-40GB MIG 4g.20gb (0),1,,13,cupy_copy__float32_float32
3688013829,9216,71885,103,1,1,128,1,1,16,0.000,0.000,,,,,NVIDIA A100-SXM4-40GB MIG 4g.20gb (0),1,,13,cupy_copy__complex64_complex64
3688054116,16320,71895,1434,1,1,128,1,1,16,0.000,0.000,,,,,NVIDIA A100-SXM4-40GB MIG 4g.20gb (0),1,,13,cupy_copy__complex64_complex64
3688089316,252765,71900,1,1,1,32,32,1,30,0.000,0.000,,,,,NVIDIA A100-SXM4-40GB MIG 4g.20gb (0),1,,13,"void convert_kernel<__half2, float2>(tensor_layout_any, T1 *, tensor_layout_any, const T2 *)"
3688372673,5695,71903,,,,,,,,,,0.094,16452.268,Pinned,Device,NVIDIA A100-SXM4-40GB MIG 4g.20gb (0),1,,13,[CUDA memcpy Host-to-Device]
3688411776,628601,71904,,,,,,,,,,456.561,725932.690,Device,,NVIDIA A100-SXM4-40GB MIG 4g.20gb (0),1,,13,[CUDA memset]
3689047129,53343,71909,,,,,,,,,,1.235,23150.260,Pinned,Device,NVIDIA A100-SXM4-40GB MIG 4g.20gb (0),1,,13,[CUDA memcpy Host-to-Device]
3689103800,10496,71910,,,,,,,,,,0.197,18731.631,Pinned,Device,NVIDIA A100-SXM4-40GB MIG 4g.20gb (0),1,,13,[CUDA memcpy Host-to-Device]
3689137144,24607,71911,69,4,1,48,1,1,76,0.002,0.000,,,,,NVIDIA A100-SXM4-40GB MIG 4g.20gb (0),1,,13,"void ch_est::windowedChEstPreNoDftSOfdmKernel<float, __half, float, (unsigned int)2, (unsigned int)1, (unsigned short)4>(ch_est::puschRxChEstStatDescr_t *, ch_est::puschRxChEstDynDescr_t *)"
3689169751,18688,71912,137,2,1,24,2,1,44,0.001,0.001,,,,,NVIDIA A100-SXM4-40GB MIG 4g.20gb (0),1,,13,"void ch_est::chEstFilterNoDftSOfdmDispatchKernel<float, __half, float, (unsigned int)2>(ch_est::puschRxChEstStatDescr_t *, ch_est::puschRxChEstDynDescr_t *)"
3689212663,27584,71913,137,2,1,24,2,1,44,0.001,0.001,,,,,NVIDIA A100-SXM4-40GB MIG 4g.20gb (0),1,,13,"void ch_est::chEstFilterNoDftSOfdmDispatchKernel<float, __half, float, (unsigned int)2>(ch_est::puschRxChEstStatDescr_t *, ch_est::puschRxChEstDynDescr_t *)"
3689249078,8032,71924,103,1,1,128,1,1,16,0.000,0.000,,,,,NVIDIA A100-SXM4-40GB MIG 4g.20gb (0),1,,13,cupy_copy__complex64_complex64
3689289462,15456,71934,1434,1,1,128,1,1,16,0.000,0.000,,,,,NVIDIA A100-SXM4-40GB MIG 4g.20gb (0),1,,13,cupy_copy__complex64_complex64
3689323158,6336,71941,103,1,1,128,1,1,16,0.000,0.000,,,,,NVIDIA A100-SXM4-40GB MIG 4g.20gb (0),1,,13,cupy_copy__complex64_complex64
3689369973,265597,71948,1,1,1,32,32,1,30,0.000,0.000,,,,,NVIDIA A100-SXM4-40GB MIG 4g.20gb (0),1,,13,"void convert_kernel<__half2, float2>(tensor_layout_any, T1 *, tensor_layout_any, const T2 *)"
3689665074,5344,71951,,,,,,,,,,0.094,17532.864,Pinned,Device,NVIDIA A100-SXM4-40GB MIG 4g.20gb (0),1,,13,[CUDA memcpy Host-to-Device]
3689712913,60223,71952,,,,,,,,,,35.810,594587.912,Device,,NVIDIA A100-SXM4-40GB MIG 4g.20gb (0),1,,13,[CUDA memset]
3689774416,4288,71954,,,,,,,,,,0.000,18.657,Pinned,Device,NVIDIA A100-SXM4-40GB MIG 4g.20gb (0),1,,13,[CUDA memcpy Host-to-Device]
3689782800,10944,71955,,,,,,,,,,0.197,17964.859,Pinned,Device,NVIDIA A100-SXM4-40GB MIG 4g.20gb (0),1,,13,[CUDA memcpy Host-to-Device]
3689841200,29087,71956,273,1,1,48,1,1,40,0.000,0.001,,,,,NVIDIA A100-SXM4-40GB MIG 4g.20gb (0),1,,13,"void pusch_noise_intf_est::noiseIntfEstNoDftSOfdmKernel<float, __half, float, float, (unsigned int)2, (unsigned int)1, (unsigned char)4, (unsigned char)4>(pusch_noise_intf_est::puschRxNoiseIntfEstDynDescr)"
3689906127,10592,71967,35,1,1,128,1,1,16,0.000,0.000,,,,,NVIDIA A100-SXM4-40GB MIG 4g.20gb (0),1,,13,cupy_copy__complex64_complex64
3689928751,3040,71976,1,1,1,1,1,1,18,0.000,0.000,,,,,NVIDIA A100-SXM4-40GB MIG 4g.20gb (0),1,,13,cupy_copy__float32_float32
3689938415,1632,71982,,,,,,,,,,0.000,2.451,Device,Pageable,NVIDIA A100-SXM4-40GB MIG 4g.20gb (0),1,,7,[CUDA memcpy Device-to-Host]
3690021294,15679,71993,1434,1,1,128,1,1,16,0.000,0.000,,,,,NVIDIA A100-SXM4-40GB MIG 4g.20gb (0),1,,13,cupy_copy__complex64_complex64
3690067853,6400,72000,103,1,1,128,1,1,16,0.000,0.000,,,,,NVIDIA A100-SXM4-40GB MIG 4g.20gb (0),1,,13,cupy_copy__complex64_complex64
3690094797,6784,72007,35,1,1,128,1,1,16,0.000,0.000,,,,,NVIDIA A100-SXM4-40GB MIG 4g.20gb (0),1,,13,cupy_copy__complex64_complex64
3690138956,4288,72014,1,1,1,1,1,1,18,0.000,0.000,,,,,NVIDIA A100-SXM4-40GB MIG 4g.20gb (0),1,,13,cupy_copy__float32_float32
3690231787,245213,72025,1,1,1,32,32,1,30,0.000,0.000,,,,,NVIDIA A100-SXM4-40GB MIG 4g.20gb (0),1,,13,"void convert_kernel<__half2, float2>(tensor_layout_any, T1 *, tensor_layout_any, const T2 *)"
3690505960,5536,72028,,,,,,,,,,0.094,16924.777,Pinned,Device,NVIDIA A100-SXM4-40GB MIG 4g.20gb (0),1,,13,[CUDA memcpy Host-to-Device]
3690534280,6944,72029,,,,,,,,,,1.547,222727.776,Device,,NVIDIA A100-SXM4-40GB MIG 4g.20gb (0),1,,13,[CUDA memset]
3690548008,3039,72034,,,,,,,,,,0.031,10298.105,Pinned,Device,NVIDIA A100-SXM4-40GB MIG 4g.20gb (0),1,,13,[CUDA memcpy Host-to-Device]
3690553479,9984,72035,,,,,,,,,,0.197,19692.257,Pinned,Device,NVIDIA A100-SXM4-40GB MIG 4g.20gb (0),1,,13,[CUDA memcpy Host-to-Device]
3690573927,33280,72036,273,1,1,8,4,1,39,0.002,0.000,,,,,NVIDIA A100-SXM4-40GB MIG 4g.20gb (0),1,,13,"void channel_eq::eqMmseCoefCompLowMimoKernel<float, float, float, (unsigned int)4, (unsigned int)1, (unsigned int)4>(const channel_eq::_puschRxChEqStatDescr *, channel_eq::_puschRxChEqCoefCompDynDescr)"
3690685638,32064,72037,273,1,1,12,11,1,51,0.002,0.000,,,,,NVIDIA A100-SXM4-40GB MIG 4g.20gb (0),1,,13,"void channel_eq::eqMmseSoftDemapKernel<float, __half, __half, float, (unsigned int)4, (unsigned short)16383>(channel_eq::_puschRxChEqStatDescr *, channel_eq::_puschRxChEqSoftDemapDynDescr)"
3690760805,605049,72038,1,1,1,32,32,1,30,0.000,0.000,,,,,NVIDIA A100-SXM4-40GB MIG 4g.20gb (0),1,,13,"void convert_kernel<float2, __half2>(tensor_layout_any, T1 *, tensor_layout_any, const T2 *)"
3691376382,14720,72050,2253,1,1,128,1,1,16,0.000,0.000,,,,,NVIDIA A100-SXM4-40GB MIG 4g.20gb (0),1,,13,cupy_copy__float16_float16
3691423325,6784,72059,282,1,1,128,1,1,16,0.000,0.000,,,,,NVIDIA A100-SXM4-40GB MIG 4g.20gb (0),1,,13,cupy_copy__complex64_complex64
3691446557,6400,72068,26,1,1,128,1,1,16,0.000,0.000,,,,,NVIDIA A100-SXM4-40GB MIG 4g.20gb (0),1,,13,cupy_copy__float32_float32
3691480093,13632,72077,103,1,1,128,1,1,16,0.000,0.000,,,,,NVIDIA A100-SXM4-40GB MIG 4g.20gb (0),1,,13,cupy_copy__complex64_complex64
3691535100,16736,72087,1434,1,1,128,1,1,16,0.000,0.000,,,,,NVIDIA A100-SXM4-40GB MIG 4g.20gb (0),1,,13,cupy_copy__complex64_complex64
3691586140,261917,72092,1,1,1,32,32,1,30,0.000,0.000,,,,,NVIDIA A100-SXM4-40GB MIG 4g.20gb (0),1,,13,"void convert_kernel<__half2, float2>(tensor_layout_any, T1 *, tensor_layout_any, const T2 *)"
3691878968,5568,72095,,,,,,,,,,0.094,16827.521,Pinned,Device,NVIDIA A100-SXM4-40GB MIG 4g.20gb (0),1,,13,[CUDA memcpy Host-to-Device]
3691919704,625625,72096,,,,,,,,,,456.561,729585.181,Device,,NVIDIA A100-SXM4-40GB MIG 4g.20gb (0),1,,13,[CUDA memset]
3692547761,51391,72101,,,,,,,,,,1.235,24029.540,Pinned,Device,NVIDIA A100-SXM4-40GB MIG 4g.20gb (0),1,,13,[CUDA memcpy Host-to-Device]
3692601936,10176,72102,,,,,,,,,,0.197,19320.668,Pinned,Device,NVIDIA A100-SXM4-40GB MIG 4g.20gb (0),1,,13,[CUDA memcpy Host-to-Device]
3692644399,21120,72103,69,4,1,48,1,1,76,0.002,0.000,,,,,NVIDIA A100-SXM4-40GB MIG 4g.20gb (0),1,,13,"void ch_est::windowedChEstPreNoDftSOfdmKernel<float, __half, float, (unsigned int)2, (unsigned int)1, (unsigned short)4>(ch_est::puschRxChEstStatDescr_t *, ch_est::puschRxChEstDynDescr_t *)"
3692677423,17184,72104,137,2,1,24,2,1,44,0.001,0.001,,,,,NVIDIA A100-SXM4-40GB MIG 4g.20gb (0),1,,13,"void ch_est::chEstFilterNoDftSOfdmDispatchKernel<float, __half, float, (unsigned int)2>(ch_est::puschRxChEstStatDescr_t *, ch_est::puschRxChEstDynDescr_t *)"
3692720463,26847,72105,137,2,1,24,2,1,44,0.001,0.001,,,,,NVIDIA A100-SXM4-40GB MIG 4g.20gb (0),1,,13,"void ch_est::chEstFilterNoDftSOfdmDispatchKernel<float, __half, float, (unsigned int)2>(ch_est::puschRxChEstStatDescr_t *, ch_est::puschRxChEstDynDescr_t *)"
3692752302,4992,72116,103,1,1,128,1,1,16,0.000,0.000,,,,,NVIDIA A100-SXM4-40GB MIG 4g.20gb (0),1,,13,cupy_copy__complex64_complex64
3692795406,15136,72126,1434,1,1,128,1,1,16,0.000,0.000,,,,,NVIDIA A100-SXM4-40GB MIG 4g.20gb (0),1,,13,cupy_copy__complex64_complex64
3692827949,5184,72133,103,1,1,128,1,1,16,0.000,0.000,,,,,NVIDIA A100-SXM4-40GB MIG 4g.20gb (0),1,,13,cupy_copy__complex64_complex64
3692875501,262269,72140,1,1,1,32,32,1,30,0.000,0.000,,,,,NVIDIA A100-SXM4-40GB MIG 4g.20gb (0),1,,13,"void convert_kernel<__half2, float2>(tensor_layout_any, T1 *, tensor_layout_any, const T2 *)"
3693167017,5376,72143,,,,,,,,,,0.094,17428.487,Pinned,Device,NVIDIA A100-SXM4-40GB MIG 4g.20gb (0),1,,13,[CUDA memcpy Host-to-Device]
3693221609,58783,72144,,,,,,,,,,35.810,609162.549,Device,,NVIDIA A100-SXM4-40GB MIG 4g.20gb (0),1,,13,[CUDA memset]
3693281928,5280,72146,,,,,,,,,,0.000,15.151,Pinned,Device,NVIDIA A100-SXM4-40GB MIG 4g.20gb (0),1,,13,[CUDA memcpy Host-to-Device]
3693289640,10976,72147,,,,,,,,,,0.197,17912.365,Pinned,Device,NVIDIA A100-SXM4-40GB MIG 4g.20gb (0),1,,13,[CUDA memcpy Host-to-Device]
3693337159,32128,72148,273,1,1,48,1,1,40,0.000,0.001,,,,,NVIDIA A100-SXM4-40GB MIG 4g.20gb (0),1,,13,"void pusch_noise_intf_est::noiseIntfEstNoDftSOfdmKernel<float, __half, float, float, (unsigned int)2, (unsigned int)1, (unsigned char)4, (unsigned char)4>(pusch_noise_intf_est::puschRxNoiseIntfEstDynDescr)"
3693406119,10272,72159,35,1,1,128,1,1,16,0.000,0.000,,,,,NVIDIA A100-SXM4-40GB MIG 4g.20gb (0),1,,13,cupy_copy__complex64_complex64
3693429766,4448,72168,1,1,1,1,1,1,18,0.000,0.000,,,,,NVIDIA A100-SXM4-40GB MIG 4g.20gb (0),1,,13,cupy_copy__float32_float32
3693439750,1600,72174,,,,,,,,,,0.000,2.500,Device,Pageable,NVIDIA A100-SXM4-40GB MIG 4g.20gb (0),1,,7,[CUDA memcpy Device-to-Host]
3693513253,15552,72185,1434,1,1,128,1,1,16,0.000,0.000,,,,,NVIDIA A100-SXM4-40GB MIG 4g.20gb (0),1,,13,cupy_copy__complex64_complex64
3693561157,9088,72192,103,1,1,128,1,1,16,0.000,0.000,,,,,NVIDIA A100-SXM4-40GB MIG 4g.20gb (0),1,,13,cupy_copy__complex64_complex64
3693588165,9439,72199,35,1,1,128,1,1,16,0.000,0.000,,,,,NVIDIA A100-SXM4-40GB MIG 4g.20gb (0),1,,13,cupy_copy__complex64_complex64
3693635908,3840,72206,1,1,1,1,1,1,18,0.000,0.000,,,,,NVIDIA A100-SXM4-40GB MIG 4g.20gb (0),1,,13,cupy_copy__float32_float32
3693726915,256381,72217,1,1,1,32,32,1,30,0.000,0.000,,,,,NVIDIA A100-SXM4-40GB MIG 4g.20gb (0),1,,13,"void convert_kernel<__half2, float2>(tensor_layout_any, T1 *, tensor_layout_any, const T2 *)"
3694012192,5376,72220,,,,,,,,,,0.094,17428.487,Pinned,Device,NVIDIA A100-SXM4-40GB MIG 4g.20gb (0),1,,13,[CUDA memcpy Host-to-Device]
3694068031,13632,72221,,,,,,,,,,1.547,113454.150,Device,,NVIDIA A100-SXM4-40GB MIG 4g.20gb (0),1,,13,[CUDA memset]
3694089151,3072,72226,,,,,,,,,,0.031,10187.474,Pinned,Device,NVIDIA A100-SXM4-40GB MIG 4g.20gb (0),1,,13,[CUDA memcpy Host-to-Device]
3694094751,9632,72227,,,,,,,,,,0.197,20411.843,Pinned,Device,NVIDIA A100-SXM4-40GB MIG 4g.20gb (0),1,,13,[CUDA memcpy Host-to-Device]
3694149278,32448,72228,273,1,1,8,4,1,39,0.002,0.000,,,,,NVIDIA A100-SXM4-40GB MIG 4g.20gb (0),1,,13,"void channel_eq::eqMmseCoefCompLowMimoKernel<float, float, float, (unsigned int)4, (unsigned int)1, (unsigned int)4>(const channel_eq::_puschRxChEqStatDescr *, channel_eq::_puschRxChEqCoefCompDynDescr)"
3694263741,30751,72229,273,1,1,12,11,1,51,0.002,0.000,,,,,NVIDIA A100-SXM4-40GB MIG 4g.20gb (0),1,,13,"void channel_eq::eqMmseSoftDemapKernel<float, __half, __half, float, (unsigned int)4, (unsigned short)16383>(channel_eq::_puschRxChEqStatDescr *, channel_eq::_puschRxChEqSoftDemapDynDescr)"
3694305980,587418,72230,1,1,1,32,32,1,30,0.000,0.000,,,,,NVIDIA A100-SXM4-40GB MIG 4g.20gb (0),1,,13,"void convert_kernel<float2, __half2>(tensor_layout_any, T1 *, tensor_layout_any, const T2 *)"
3694930453,15904,72242,2253,1,1,128,1,1,16,0.000,0.000,,,,,NVIDIA A100-SXM4-40GB MIG 4g.20gb (0),1,,13,cupy_copy__float16_float16
3694973045,5280,72251,282,1,1,128,1,1,16,0.000,0.000,,,,,NVIDIA A100-SXM4-40GB MIG 4g.20gb (0),1,,13,cupy_copy__complex64_complex64
3695006996,5856,72260,26,1,1,128,1,1,16,0.000,0.000,,,,,NVIDIA A100-SXM4-40GB MIG 4g.20gb (0),1,,13,cupy_copy__float32_float32
3695028852,8672,72269,103,1,1,128,1,1,16,0.000,0.000,,,,,NVIDIA A100-SXM4-40GB MIG 4g.20gb (0),1,,13,cupy_copy__complex64_complex64
3695079155,18656,72279,1434,1,1,128,1,1,16,0.000,0.000,,,,,NVIDIA A100-SXM4-40GB MIG 4g.20gb (0),1,,13,cupy_copy__complex64_complex64
3695116083,248317,72284,1,1,1,32,32,1,30,0.000,0.000,,,,,NVIDIA A100-SXM4-40GB MIG 4g.20gb (0),1,,13,"void convert_kernel<__half2, float2>(tensor_layout_any, T1 *, tensor_layout_any, const T2 *)"
3695393840,5440,72287,,,,,,,,,,0.094,17223.480,Pinned,Device,NVIDIA A100-SXM4-40GB MIG 4g.20gb (0),1,,13,[CUDA memcpy Host-to-Device]
3695436271,619385,72288,,,,,,,,,,456.561,736890.164,Device,,NVIDIA A100-SXM4-40GB MIG 4g.20gb (0),1,,13,[CUDA memset]
3696062792,52480,72293,,,,,,,,,,1.235,23530.623,Pinned,Device,NVIDIA A100-SXM4-40GB MIG 4g.20gb (0),1,,13,[CUDA memcpy Host-to-Device]
3696118184,11007,72294,,,,,,,,,,0.197,17862.033,Pinned,Device,NVIDIA A100-SXM4-40GB MIG 4g.20gb (0),1,,13,[CUDA memcpy Host-to-Device]
3696160199,22336,72295,69,4,1,48,1,1,76,0.002,0.000,,,,,NVIDIA A100-SXM4-40GB MIG 4g.20gb (0),1,,13,"void ch_est::windowedChEstPreNoDftSOfdmKernel<float, __half, float, (unsigned int)2, (unsigned int)1, (unsigned short)4>(ch_est::puschRxChEstStatDescr_t *, ch_est::puschRxChEstDynDescr_t *)"
3696230342,25568,72296,137,2,1,24,2,1,44,0.001,0.001,,,,,NVIDIA A100-SXM4-40GB MIG 4g.20gb (0),1,,13,"void ch_est::chEstFilterNoDftSOfdmDispatchKernel<float, __half, float, (unsigned int)2>(ch_est::puschRxChEstStatDescr_t *, ch_est::puschRxChEstDynDescr_t *)"
3696265990,20736,72297,137,2,1,24,2,1,44,0.001,0.001,,,,,NVIDIA A100-SXM4-40GB MIG 4g.20gb (0),1,,13,"void ch_est::chEstFilterNoDftSOfdmDispatchKernel<float, __half, float, (unsigned int)2>(ch_est::puschRxChEstStatDescr_t *, ch_est::puschRxChEstDynDescr_t *)"
3696308357,7296,72308,103,1,1,128,1,1,16,0.000,0.000,,,,,NVIDIA A100-SXM4-40GB MIG 4g.20gb (0),1,,13,cupy_copy__complex64_complex64
3696334437,15584,72318,1434,1,1,128,1,1,16,0.000,0.000,,,,,NVIDIA A100-SXM4-40GB MIG 4g.20gb (0),1,,13,cupy_copy__complex64_complex64
3696380036,7808,72325,103,1,1,128,1,1,16,0.000,0.000,,,,,NVIDIA A100-SXM4-40GB MIG 4g.20gb (0),1,,13,cupy_copy__complex64_complex64
3696411268,261277,72332,1,1,1,32,32,1,30,0.000,0.000,,,,,NVIDIA A100-SXM4-40GB MIG 4g.20gb (0),1,,13,"void convert_kernel<__half2, float2>(tensor_layout_any, T1 *, tensor_layout_any, const T2 *)"
3696702785,5408,72335,,,,,,,,,,0.094,17325.421,Pinned,Device,NVIDIA A100-SXM4-40GB MIG 4g.20gb (0),1,,13,[CUDA memcpy Host-to-Device]
3696754944,60415,72336,,,,,,,,,,35.810,592725.796,Device,,NVIDIA A100-SXM4-40GB MIG 4g.20gb (0),1,,13,[CUDA memset]
3696822143,2656,72338,,,,,,,,,,0.000,30.120,Pinned,Device,NVIDIA A100-SXM4-40GB MIG 4g.20gb (0),1,,13,[CUDA memcpy Host-to-Device]
3696827519,10368,72339,,,,,,,,,,0.197,18962.842,Pinned,Device,NVIDIA A100-SXM4-40GB MIG 4g.20gb (0),1,,13,[CUDA memcpy Host-to-Device]
3696870783,26144,72340,273,1,1,48,1,1,40,0.000,0.001,,,,,NVIDIA A100-SXM4-40GB MIG 4g.20gb (0),1,,13,"void pusch_noise_intf_est::noiseIntfEstNoDftSOfdmKernel<float, __half, float, float, (unsigned int)2, (unsigned int)1, (unsigned char)4, (unsigned char)4>(pusch_noise_intf_est::puschRxNoiseIntfEstDynDescr)"
3696908798,11264,72351,35,1,1,128,1,1,16,0.000,0.000,,,,,NVIDIA A100-SXM4-40GB MIG 4g.20gb (0),1,,13,cupy_copy__complex64_complex64
3696933182,5120,72360,1,1,1,1,1,1,18,0.000,0.000,,,,,NVIDIA A100-SXM4-40GB MIG 4g.20gb (0),1,,13,cupy_copy__float32_float32
3696942110,1696,72366,,,,,,,,,,0.000,2.358,Device,Pageable,NVIDIA A100-SXM4-40GB MIG 4g.20gb (0),1,,7,[CUDA memcpy Device-to-Host]
3697003389,15264,72377,1434,1,1,128,1,1,16,0.000,0.000,,,,,NVIDIA A100-SXM4-40GB MIG 4g.20gb (0),1,,13,cupy_copy__complex64_complex64
3697072253,6527,72384,103,1,1,128,1,1,16,0.000,0.000,,,,,NVIDIA A100-SXM4-40GB MIG 4g.20gb (0),1,,13,cupy_copy__complex64_complex64
3697102076,7872,72391,35,1,1,128,1,1,16,0.000,0.000,,,,,NVIDIA A100-SXM4-40GB MIG 4g.20gb (0),1,,13,cupy_copy__complex64_complex64
3697150076,4224,72398,1,1,1,1,1,1,18,0.000,0.000,,,,,NVIDIA A100-SXM4-40GB MIG 4g.20gb (0),1,,13,cupy_copy__float32_float32
3697278362,246365,72409,1,1,1,32,32,1,30,0.000,0.000,,,,,NVIDIA A100-SXM4-40GB MIG 4g.20gb (0),1,,13,"void convert_kernel<__half2, float2>(tensor_layout_any, T1 *, tensor_layout_any, const T2 *)"
3697554455,6208,72412,,,,,,,,,,0.094,15092.739,Pinned,Device,NVIDIA A100-SXM4-40GB MIG 4g.20gb (0),1,,13,[CUDA memcpy Host-to-Device]
3697616630,16352,72413,,,,,,,,,,1.547,94582.244,Device,,NVIDIA A100-SXM4-40GB MIG 4g.20gb (0),1,,13,[CUDA memset]
3697637814,3264,72418,,,,,,,,,,0.031,9588.218,Pinned,Device,NVIDIA A100-SXM4-40GB MIG 4g.20gb (0),1,,13,[CUDA memcpy Host-to-Device]
3697644118,10368,72419,,,,,,,,,,0.197,18962.842,Pinned,Device,NVIDIA A100-SXM4-40GB MIG 4g.20gb (0),1,,13,[CUDA memcpy Host-to-Device]
3697673526,33663,72420,273,1,1,8,4,1,39,0.002,0.000,,,,,NVIDIA A100-SXM4-40GB MIG 4g.20gb (0),1,,13,"void channel_eq::eqMmseCoefCompLowMimoKernel<float, float, float, (unsigned int)4, (unsigned int)1, (unsigned int)4>(const channel_eq::_puschRxChEqStatDescr *, channel_eq::_puschRxChEqCoefCompDynDescr)"
3697721685,26464,72421,273,1,1,12,11,1,51,0.002,0.000,,,,,NVIDIA A100-SXM4-40GB MIG 4g.20gb (0),1,,13,"void channel_eq::eqMmseSoftDemapKernel<float, __half, __half, float, (unsigned int)4, (unsigned short)16383>(channel_eq::_puschRxChEqStatDescr *, channel_eq::_puschRxChEqSoftDemapDynDescr)"
3697769365,612440,72422,1,1,1,32,32,1,30,0.000,0.000,,,,,NVIDIA A100-SXM4-40GB MIG 4g.20gb (0),1,,13,"void convert_kernel<float2, __half2>(tensor_layout_any, T1 *, tensor_layout_any, const T2 *)"
3698418605,16000,72434,2253,1,1,128,1,1,16,0.000,0.000,,,,,NVIDIA A100-SXM4-40GB MIG 4g.20gb (0),1,,13,cupy_copy__float16_float16
3698454573,5024,72443,282,1,1,128,1,1,16,0.000,0.000,,,,,NVIDIA A100-SXM4-40GB MIG 4g.20gb (0),1,,13,cupy_copy__complex64_complex64
3698489548,8224,72452,26,1,1,128,1,1,16,0.000,0.000,,,,,NVIDIA A100-SXM4-40GB MIG 4g.20gb (0),1,,13,cupy_copy__float32_float32
3698513164,9280,72461,103,1,1,128,1,1,16,0.000,0.000,,,,,NVIDIA A100-SXM4-40GB MIG 4g.20gb (0),1,,13,cupy_copy__complex64_complex64
3698578955,17856,72471,1434,1,1,128,1,1,16,0.000,0.000,,,,,NVIDIA A100-SXM4-40GB MIG 4g.20gb (0),1,,13,cupy_copy__complex64_complex64
3698615179,259325,72476,1,1,1,32,32,1,30,0.000,0.000,,,,,NVIDIA A100-SXM4-40GB MIG 4g.20gb (0),1,,13,"void convert_kernel<__half2, float2>(tensor_layout_any, T1 *, tensor_layout_any, const T2 *)"
3698903815,6112,72479,,,,,,,,,,0.094,15329.790,Pinned,Device,NVIDIA A100-SXM4-40GB MIG 4g.20gb (0),1,,13,[CUDA memcpy Host-to-Device]
3698939879,622009,72480,,,,,,,,,,456.561,733694.234,Device,,NVIDIA A100-SXM4-40GB MIG 4g.20gb (0),1,,13,[CUDA memset]
3699565280,52831,72485,,,,,,,,,,1.235,23375.020,Pinned,Device,NVIDIA A100-SXM4-40GB MIG 4g.20gb (0),1,,13,[CUDA memcpy Host-to-Device]
3699620639,10048,72486,,,,,,,,,,0.197,19566.821,Pinned,Device,NVIDIA A100-SXM4-40GB MIG 4g.20gb (0),1,,13,[CUDA memcpy Host-to-Device]
3699665247,21567,72487,69,4,1,48,1,1,76,0.002,0.000,,,,,NVIDIA A100-SXM4-40GB MIG 4g.20gb (0),1,,13,"void ch_est::windowedChEstPreNoDftSOfdmKernel<float, __half, float, (unsigned int)2, (unsigned int)1, (unsigned short)4>(ch_est::puschRxChEstStatDescr_t *, ch_est::puschRxChEstDynDescr_t *)"
3699698974,20000,72488,137,2,1,24,2,1,44,0.001,0.001,,,,,NVIDIA A100-SXM4-40GB MIG 4g.20gb (0),1,,13,"void ch_est::chEstFilterNoDftSOfdmDispatchKernel<float, __half, float, (unsigned int)2>(ch_est::puschRxChEstStatDescr_t *, ch_est::puschRxChEstDynDescr_t *)"
3699741246,24992,72489,137,2,1,24,2,1,44,0.001,0.001,,,,,NVIDIA A100-SXM4-40GB MIG 4g.20gb (0),1,,13,"void ch_est::chEstFilterNoDftSOfdmDispatchKernel<float, __half, float, (unsigned int)2>(ch_est::puschRxChEstStatDescr_t *, ch_est::puschRxChEstDynDescr_t *)"
3699773501,5536,72500,103,1,1,128,1,1,16,0.000,0.000,,,,,NVIDIA A100-SXM4-40GB MIG 4g.20gb (0),1,,13,cupy_copy__complex64_complex64
3699817117,15104,72510,1434,1,1,128,1,1,16,0.000,0.000,,,,,NVIDIA A100-SXM4-40GB MIG 4g.20gb (0),1,,13,cupy_copy__complex64_complex64
3699850365,6304,72517,103,1,1,128,1,1,16,0.000,0.000,,,,,NVIDIA A100-SXM4-40GB MIG 4g.20gb (0),1,,13,cupy_copy__complex64_complex64
3699899452,255933,72524,1,1,1,32,32,1,30,0.000,0.000,,,,,NVIDIA A100-SXM4-40GB MIG 4g.20gb (0),1,,13,"void convert_kernel<__half2, float2>(tensor_layout_any, T1 *, tensor_layout_any, const T2 *)"
3700186425,5376,72527,,,,,,,,,,0.094,17428.487,Pinned,Device,NVIDIA A100-SXM4-40GB MIG 4g.20gb (0),1,,13,[CUDA memcpy Host-to-Device]
3700242584,58847,72528,,,,,,,,,,35.810,608517.971,Device,,NVIDIA A100-SXM4-40GB MIG 4g.20gb (0),1,,13,[CUDA memset]
3700306615,3552,72530,,,,,,,,,,0.000,22.522,Pinned,Device,NVIDIA A100-SXM4-40GB MIG 4g.20gb (0),1,,13,[CUDA memcpy Host-to-Device]
3700312759,9824,72531,,,,,,,,,,0.197,20012.925,Pinned,Device,NVIDIA A100-SXM4-40GB MIG 4g.20gb (0),1,,13,[CUDA memcpy Host-to-Device]
3700368439,30175,72532,273,1,1,48,1,1,40,0.000,0.001,,,,,NVIDIA A100-SXM4-40GB MIG 4g.20gb (0),1,,13,"void pusch_noise_intf_est::noiseIntfEstNoDftSOfdmKernel<float, __half, float, float, (unsigned int)2, (unsigned int)1, (unsigned char)4, (unsigned char)4>(pusch_noise_intf_est::puschRxNoiseIntfEstDynDescr)"
3700431926,10528,72543,35,1,1,128,1,1,16,0.000,0.000,,,,,NVIDIA A100-SXM4-40GB MIG 4g.20gb (0),1,,13,cupy_copy__complex64_complex64
3700456598,4448,72552,1,1,1,1,1,1,18,0.000,0.000,,,,,NVIDIA A100-SXM4-40GB MIG 4g.20gb (0),1,,13,cupy_copy__float32_float32
3700463190,1600,72558,,,,,,,,,,0.000,2.500,Device,Pageable,NVIDIA A100-SXM4-40GB MIG 4g.20gb (0),1,,7,[CUDA memcpy Device-to-Host]
3700549461,16351,72569,1434,1,1,128,1,1,16,0.000,0.000,,,,,NVIDIA A100-SXM4-40GB MIG 4g.20gb (0),1,,13,cupy_copy__complex64_complex64
3700599732,6848,72576,103,1,1,128,1,1,16,0.000,0.000,,,,,NVIDIA A100-SXM4-40GB MIG 4g.20gb (0),1,,13,cupy_copy__complex64_complex64
3700629300,6624,72583,35,1,1,128,1,1,16,0.000,0.000,,,,,NVIDIA A100-SXM4-40GB MIG 4g.20gb (0),1,,13,cupy_copy__complex64_complex64
3700684659,5856,72590,1,1,1,1,1,1,18,0.000,0.000,,,,,NVIDIA A100-SXM4-40GB MIG 4g.20gb (0),1,,13,cupy_copy__float32_float32
3700788530,249437,72601,1,1,1,32,32,1,30,0.000,0.000,,,,,NVIDIA A100-SXM4-40GB MIG 4g.20gb (0),1,,13,"void convert_kernel<__half2, float2>(tensor_layout_any, T1 *, tensor_layout_any, const T2 *)"
3701067919,5408,72604,,,,,,,,,,0.094,17325.421,Pinned,Device,NVIDIA A100-SXM4-40GB MIG 4g.20gb (0),1,,13,[CUDA memcpy Host-to-Device]
3701086318,15808,72605,,,,,,,,,,1.547,97837.888,Device,,NVIDIA A100-SXM4-40GB MIG 4g.20gb (0),1,,13,[CUDA memset]
3701108398,3168,72610,,,,,,,,,,0.031,9878.770,Pinned,Device,NVIDIA A100-SXM4-40GB MIG 4g.20gb (0),1,,13,[CUDA memcpy Host-to-Device]
3701113998,10304,72611,,,,,,,,,,0.197,19080.610,Pinned,Device,NVIDIA A100-SXM4-40GB MIG 4g.20gb (0),1,,13,[CUDA memcpy Host-to-Device]
3701143438,32511,72612,273,1,1,8,4,1,39,0.002,0.000,,,,,NVIDIA A100-SXM4-40GB MIG 4g.20gb (0),1,,13,"void channel_eq::eqMmseCoefCompLowMimoKernel<float, float, float, (unsigned int)4, (unsigned int)1, (unsigned int)4>(const channel_eq::_puschRxChEqStatDescr *, channel_eq::_puschRxChEqCoefCompDynDescr)"
3701253644,33376,72613,273,1,1,12,11,1,51,0.002,0.000,,,,,NVIDIA A100-SXM4-40GB MIG 4g.20gb (0),1,,13,"void channel_eq::eqMmseSoftDemapKernel<float, __half, __half, float, (unsigned int)4, (unsigned short)16383>(channel_eq::_puschRxChEqStatDescr *, channel_eq::_puschRxChEqSoftDemapDynDescr)"
3701295596,618457,72614,1,1,1,32,32,1,30,0.000,0.000,,,,,NVIDIA A100-SXM4-40GB MIG 4g.20gb (0),1,,13,"void convert_kernel<float2, __half2>(tensor_layout_any, T1 *, tensor_layout_any, const T2 *)"
3701926949,16640,72626,2253,1,1,128,1,1,16,0.000,0.000,,,,,NVIDIA A100-SXM4-40GB MIG 4g.20gb (0),1,,13,cupy_copy__float16_float16
3701963652,5120,72635,282,1,1,128,1,1,16,0.000,0.000,,,,,NVIDIA A100-SXM4-40GB MIG 4g.20gb (0),1,,13,cupy_copy__complex64_complex64
3701999716,5056,72644,26,1,1,128,1,1,16,0.000,0.000,,,,,NVIDIA A100-SXM4-40GB MIG 4g.20gb (0),1,,13,cupy_copy__float32_float32
3702021060,9568,72653,103,1,1,128,1,1,16,0.000,0.000,,,,,NVIDIA A100-SXM4-40GB MIG 4g.20gb (0),1,,13,cupy_copy__complex64_complex64
3702102883,17216,72663,1434,1,1,128,1,1,16,0.000,0.000,,,,,NVIDIA A100-SXM4-40GB MIG 4g.20gb (0),1,,13,cupy_copy__complex64_complex64
3702139394,256861,72668,1,1,1,32,32,1,30,0.000,0.000,,,,,NVIDIA A100-SXM4-40GB MIG 4g.20gb (0),1,,13,"void convert_kernel<__half2, float2>(tensor_layout_any, T1 *, tensor_layout_any, const T2 *)"
3702434623,5376,72671,,,,,,,,,,0.094,17428.487,Pinned,Device,NVIDIA A100-SXM4-40GB MIG 4g.20gb (0),1,,13,[CUDA memcpy Host-to-Device]
3702461631,615641,72672,,,,,,,,,,456.561,741455.779,Device,,NVIDIA A100-SXM4-40GB MIG 4g.20gb (0),1,,13,[CUDA memset]
3703081463,53248,72677,,,,,,,,,,1.235,23192.248,Pinned,Device,NVIDIA A100-SXM4-40GB MIG 4g.20gb (0),1,,13,[CUDA memcpy Host-to-Device]
3703137143,9984,72678,,,,,,,,,,0.197,19692.257,Pinned,Device,NVIDIA A100-SXM4-40GB MIG 4g.20gb (0),1,,13,[CUDA memcpy Host-to-Device]
3703175702,23520,72679,69,4,1,48,1,1,76,0.002,0.000,,,,,NVIDIA A100-SXM4-40GB MIG 4g.20gb (0),1,,13,"void ch_est::windowedChEstPreNoDftSOfdmKernel<float, __half, float, (unsigned int)2, (unsigned int)1, (unsigned short)4>(ch_est::puschRxChEstStatDescr_t *, ch_est::puschRxChEstDynDescr_t *)"
3703208598,17120,72680,137,2,1,24,2,1,44,0.001,0.001,,,,,NVIDIA A100-SXM4-40GB MIG 4g.20gb (0),1,,13,"void ch_est::chEstFilterNoDftSOfdmDispatchKernel<float, __half, float, (unsigned int)2>(ch_est::puschRxChEstStatDescr_t *, ch_est::puschRxChEstDynDescr_t *)"
3703227446,5152,72681,137,2,1,24,2,1,44,0.001,0.001,,,,,NVIDIA A100-SXM4-40GB MIG 4g.20gb (0),1,,13,"void ch_est::chEstFilterNoDftSOfdmDispatchKernel<float, __half, float, (unsigned int)2>(ch_est::puschRxChEstStatDescr_t *, ch_est::puschRxChEstDynDescr_t *)"
3703253717,4160,72692,103,1,1,128,1,1,16,0.000,0.000,,,,,NVIDIA A100-SXM4-40GB MIG 4g.20gb (0),1,,13,cupy_copy__complex64_complex64
3703259509,12416,72702,1434,1,1,128,1,1,16,0.000,0.000,,,,,NVIDIA A100-SXM4-40GB MIG 4g.20gb (0),1,,13,cupy_copy__complex64_complex64
3703273685,2304,72709,103,1,1,128,1,1,16,0.000,0.000,,,,,NVIDIA A100-SXM4-40GB MIG 4g.20gb (0),1,,13,cupy_copy__complex64_complex64
3703277237,150686,72716,1,1,1,32,32,1,30,0.000,0.000,,,,,NVIDIA A100-SXM4-40GB MIG 4g.20gb (0),1,,13,"void convert_kernel<__half2, float2>(tensor_layout_any, T1 *, tensor_layout_any, const T2 *)"
3703457683,5376,72719,,,,,,,,,,0.094,17428.487,Pinned,Device,NVIDIA A100-SXM4-40GB MIG 4g.20gb (0),1,,13,[CUDA memcpy Host-to-Device]
3703485043,58143,72720,,,,,,,,,,35.810,615859.004,Device,,NVIDIA A100-SXM4-40GB MIG 4g.20gb (0),1,,13,[CUDA memset]
3703550610,2080,72722,,,,,,,,,,0.000,38.462,Pinned,Device,NVIDIA A100-SXM4-40GB MIG 4g.20gb (0),1,,13,[CUDA memcpy Host-to-Device]
3703555122,9984,72723,,,,,,,,,,0.197,19692.257,Pinned,Device,NVIDIA A100-SXM4-40GB MIG 4g.20gb (0),1,,13,[CUDA memcpy Host-to-Device]
3703599634,34815,72724,273,1,1,48,1,1,40,0.000,0.001,,,,,NVIDIA A100-SXM4-40GB MIG 4g.20gb (0),1,,13,"void pusch_noise_intf_est::noiseIntfEstNoDftSOfdmKernel<float, __half, float, float, (unsigned int)2, (unsigned int)1, (unsigned char)4, (unsigned char)4>(pusch_noise_intf_est::puschRxNoiseIntfEstDynDescr)"
3703666513,11360,72735,35,1,1,128,1,1,16,0.000,0.000,,,,,NVIDIA A100-SXM4-40GB MIG 4g.20gb (0),1,,13,cupy_copy__complex64_complex64
3703689744,4416,72744,1,1,1,1,1,1,18,0.000,0.000,,,,,NVIDIA A100-SXM4-40GB MIG 4g.20gb (0),1,,13,cupy_copy__float32_float32
3703695088,1600,72750,,,,,,,,,,0.000,2.500,Device,Pageable,NVIDIA A100-SXM4-40GB MIG 4g.20gb (0),1,,7,[CUDA memcpy Device-to-Host]
3703782255,15616,72761,1434,1,1,128,1,1,16,0.000,0.000,,,,,NVIDIA A100-SXM4-40GB MIG 4g.20gb (0),1,,13,cupy_copy__complex64_complex64
3703831823,7744,72768,103,1,1,128,1,1,16,0.000,0.000,,,,,NVIDIA A100-SXM4-40GB MIG 4g.20gb (0),1,,13,cupy_copy__complex64_complex64
3703862062,6272,72775,35,1,1,128,1,1,16,0.000,0.000,,,,,NVIDIA A100-SXM4-40GB MIG 4g.20gb (0),1,,13,cupy_copy__complex64_complex64
3703910286,12000,72782,1,1,1,1,1,1,18,0.000,0.000,,,,,NVIDIA A100-SXM4-40GB MIG 4g.20gb (0),1,,13,cupy_copy__float32_float32
3704011757,245725,72793,1,1,1,32,32,1,30,0.000,0.000,,,,,NVIDIA A100-SXM4-40GB MIG 4g.20gb (0),1,,13,"void convert_kernel<__half2, float2>(tensor_layout_any, T1 *, tensor_layout_any, const T2 *)"
3704288426,5504,72796,,,,,,,,,,0.094,17023.251,Pinned,Device,NVIDIA A100-SXM4-40GB MIG 4g.20gb (0),1,,13,[CUDA memcpy Host-to-Device]
3704323497,9920,72797,,,,,,,,,,1.547,155908.979,Device,,NVIDIA A100-SXM4-40GB MIG 4g.20gb (0),1,,13,[CUDA memset]
3704335913,3008,72802,,,,,,,,,,0.031,10404.230,Pinned,Device,NVIDIA A100-SXM4-40GB MIG 4g.20gb (0),1,,13,[CUDA memcpy Host-to-Device]
3704341705,9376,72803,,,,,,,,,,0.197,20969.226,Pinned,Device,NVIDIA A100-SXM4-40GB MIG 4g.20gb (0),1,,13,[CUDA memcpy Host-to-Device]
3704372681,34367,72804,273,1,1,8,4,1,39,0.002,0.000,,,,,NVIDIA A100-SXM4-40GB MIG 4g.20gb (0),1,,13,"void channel_eq::eqMmseCoefCompLowMimoKernel<float, float, float, (unsigned int)4, (unsigned int)1, (unsigned int)4>(const channel_eq::_puschRxChEqStatDescr *, channel_eq::_puschRxChEqCoefCompDynDescr)"
3704483655,27744,72805,273,1,1,12,11,1,51,0.002,0.000,,,,,NVIDIA A100-SXM4-40GB MIG 4g.20gb (0),1,,13,"void channel_eq::eqMmseSoftDemapKernel<float, __half, __half, float, (unsigned int)4, (unsigned short)16383>(channel_eq::_puschRxChEqStatDescr *, channel_eq::_puschRxChEqSoftDemapDynDescr)"
3704512519,457755,72806,1,1,1,32,32,1,30,0.000,0.000,,,,,NVIDIA A100-SXM4-40GB MIG 4g.20gb (0),1,,13,"void convert_kernel<float2, __half2>(tensor_layout_any, T1 *, tensor_layout_any, const T2 *)"
3704986658,15711,72818,2253,1,1,128,1,1,16,0.000,0.000,,,,,NVIDIA A100-SXM4-40GB MIG 4g.20gb (0),1,,13,cupy_copy__float16_float16
3705025281,7328,72827,282,1,1,128,1,1,16,0.000,0.000,,,,,NVIDIA A100-SXM4-40GB MIG 4g.20gb (0),1,,13,cupy_copy__complex64_complex64
3705066177,5664,72836,26,1,1,128,1,1,16,0.000,0.000,,,,,NVIDIA A100-SXM4-40GB MIG 4g.20gb (0),1,,13,cupy_copy__float32_float32
3705087392,9152,72845,103,1,1,128,1,1,16,0.000,0.000,,,,,NVIDIA A100-SXM4-40GB MIG 4g.20gb (0),1,,13,cupy_copy__complex64_complex64
3705142272,16896,72855,1434,1,1,128,1,1,16,0.000,0.000,,,,,NVIDIA A100-SXM4-40GB MIG 4g.20gb (0),1,,13,cupy_copy__complex64_complex64
3705180095,259389,72860,1,1,1,32,32,1,30,0.000,0.000,,,,,NVIDIA A100-SXM4-40GB MIG 4g.20gb (0),1,,13,"void convert_kernel<__half2, float2>(tensor_layout_any, T1 *, tensor_layout_any, const T2 *)"
3705469148,5632,72863,,,,,,,,,,0.094,16636.287,Pinned,Device,NVIDIA A100-SXM4-40GB MIG 4g.20gb (0),1,,13,[CUDA memcpy Host-to-Device]
3705499900,632792,72864,,,,,,,,,,456.561,721367.075,Device,,NVIDIA A100-SXM4-40GB MIG 4g.20gb (0),1,,13,[CUDA memset]
3706135892,53056,72869,,,,,,,,,,1.235,23276.225,Pinned,Device,NVIDIA A100-SXM4-40GB MIG 4g.20gb (0),1,,13,[CUDA memcpy Host-to-Device]
3706191476,9888,72870,,,,,,,,,,0.197,19883.360,Pinned,Device,NVIDIA A100-SXM4-40GB MIG 4g.20gb (0),1,,13,[CUDA memcpy Host-to-Device]
3706232915,21984,72871,69,4,1,48,1,1,76,0.002,0.000,,,,,NVIDIA A100-SXM4-40GB MIG 4g.20gb (0),1,,13,"void ch_est::windowedChEstPreNoDftSOfdmKernel<float, __half, float, (unsigned int)2, (unsigned int)1, (unsigned short)4>(ch_est::puschRxChEstStatDescr_t *, ch_est::puschRxChEstDynDescr_t *)"
3706264723,20864,72872,137,2,1,24,2,1,44,0.001,0.001,,,,,NVIDIA A100-SXM4-40GB MIG 4g.20gb (0),1,,13,"void ch_est::chEstFilterNoDftSOfdmDispatchKernel<float, __half, float, (unsigned int)2>(ch_est::puschRxChEstStatDescr_t *, ch_est::puschRxChEstDynDescr_t *)"
3706313394,23616,72873,137,2,1,24,2,1,44,0.001,0.001,,,,,NVIDIA A100-SXM4-40GB MIG 4g.20gb (0),1,,13,"void ch_est::chEstFilterNoDftSOfdmDispatchKernel<float, __half, float, (unsigned int)2>(ch_est::puschRxChEstStatDescr_t *, ch_est::puschRxChEstDynDescr_t *)"
3706341906,4928,72884,103,1,1,128,1,1,16,0.000,0.000,,,,,NVIDIA A100-SXM4-40GB MIG 4g.20gb (0),1,,13,cupy_copy__complex64_complex64
3706379026,15327,72894,1434,1,1,128,1,1,16,0.000,0.000,,,,,NVIDIA A100-SXM4-40GB MIG 4g.20gb (0),1,,13,cupy_copy__complex64_complex64
3706411377,4768,72901,103,1,1,128,1,1,16,0.000,0.000,,,,,NVIDIA A100-SXM4-40GB MIG 4g.20gb (0),1,,13,cupy_copy__complex64_complex64
3706458321,256157,72908,1,1,1,32,32,1,30,0.000,0.000,,,,,NVIDIA A100-SXM4-40GB MIG 4g.20gb (0),1,,13,"void convert_kernel<__half2, float2>(tensor_layout_any, T1 *, tensor_layout_any, const T2 *)"
3706743309,5376,72911,,,,,,,,,,0.094,17428.487,Pinned,Device,NVIDIA A100-SXM4-40GB MIG 4g.20gb (0),1,,13,[CUDA memcpy Host-to-Device]
3706761005,60959,72912,,,,,,,,,,35.810,587425.928,Device,,NVIDIA A100-SXM4-40GB MIG 4g.20gb (0),1,,13,[CUDA memset]
3706826380,1984,72914,,,,,,,,,,0.000,40.323,Pinned,Device,NVIDIA A100-SXM4-40GB MIG 4g.20gb (0),1,,13,[CUDA memcpy Host-to-Device]
3706832460,9504,72915,,,,,,,,,,0.197,20686.701,Pinned,Device,NVIDIA A100-SXM4-40GB MIG 4g.20gb (0),1,,13,[CUDA memcpy Host-to-Device]
3706878764,27423,72916,273,1,1,48,1,1,40,0.000,0.001,,,,,NVIDIA A100-SXM4-40GB MIG 4g.20gb (0),1,,13,"void pusch_noise_intf_est::noiseIntfEstNoDftSOfdmKernel<float, __half, float, float, (unsigned int)2, (unsigned int)1, (unsigned char)4, (unsigned char)4>(pusch_noise_intf_est::puschRxNoiseIntfEstDynDescr)"
3706918571,10688,72927,35,1,1,128,1,1,16,0.000,0.000,,,,,NVIDIA A100-SXM4-40GB MIG 4g.20gb (0),1,,13,cupy_copy__complex64_complex64
3706942859,4512,72936,1,1,1,1,1,1,18,0.000,0.000,,,,,NVIDIA A100-SXM4-40GB MIG 4g.20gb (0),1,,13,cupy_copy__float32_float32
3706950251,1600,72942,,,,,,,,,,0.000,2.500,Device,Pageable,NVIDIA A100-SXM4-40GB MIG 4g.20gb (0),1,,7,[CUDA memcpy Device-to-Host]
3707023658,16192,72953,1434,1,1,128,1,1,16,0.000,0.000,,,,,NVIDIA A100-SXM4-40GB MIG 4g.20gb (0),1,,13,cupy_copy__complex64_complex64
3707077194,6079,72960,103,1,1,128,1,1,16,0.000,0.000,,,,,NVIDIA A100-SXM4-40GB MIG 4g.20gb (0),1,,13,cupy_copy__complex64_complex64
3707106729,6688,72967,35,1,1,128,1,1,16,0.000,0.000,,,,,NVIDIA A100-SXM4-40GB MIG 4g.20gb (0),1,,13,cupy_copy__complex64_complex64
3707156553,10432,72974,1,1,1,1,1,1,18,0.000,0.000,,,,,NVIDIA A100-SXM4-40GB MIG 4g.20gb (0),1,,13,cupy_copy__float32_float32
3707261991,243838,72985,1,1,1,32,32,1,30,0.000,0.000,,,,,NVIDIA A100-SXM4-40GB MIG 4g.20gb (0),1,,13,"void convert_kernel<__half2, float2>(tensor_layout_any, T1 *, tensor_layout_any, const T2 *)"
3707536580,7488,72988,,,,,,,,,,0.094,12512.820,Pinned,Device,NVIDIA A100-SXM4-40GB MIG 4g.20gb (0),1,,13,[CUDA memcpy Host-to-Device]
3707581444,9920,72989,,,,,,,,,,1.547,155908.979,Device,,NVIDIA A100-SXM4-40GB MIG 4g.20gb (0),1,,13,[CUDA memset]
3707593188,3264,72994,,,,,,,,,,0.031,9588.218,Pinned,Device,NVIDIA A100-SXM4-40GB MIG 4g.20gb (0),1,,13,[CUDA memcpy Host-to-Device]
3707599716,9311,72995,,,,,,,,,,0.197,21115.503,Pinned,Device,NVIDIA A100-SXM4-40GB MIG 4g.20gb (0),1,,13,[CUDA memcpy Host-to-Device]
3707629347,30208,72996,273,1,1,8,4,1,39,0.002,0.000,,,,,NVIDIA A100-SXM4-40GB MIG 4g.20gb (0),1,,13,"void channel_eq::eqMmseCoefCompLowMimoKernel<float, float, float, (unsigned int)4, (unsigned int)1, (unsigned int)4>(const channel_eq::_puschRxChEqStatDescr *, channel_eq::_puschRxChEqCoefCompDynDescr)"
3707738850,32288,72997,273,1,1,12,11,1,51,0.002,0.000,,,,,NVIDIA A100-SXM4-40GB MIG 4g.20gb (0),1,,13,"void channel_eq::eqMmseSoftDemapKernel<float, __half, __half, float, (unsigned int)4, (unsigned short)16383>(channel_eq::_puschRxChEqStatDescr *, channel_eq::_puschRxChEqSoftDemapDynDescr)"
3707813761,625753,72998,1,1,1,32,32,1,30,0.000,0.000,,,,,NVIDIA A100-SXM4-40GB MIG 4g.20gb (0),1,,13,"void convert_kernel<float2, __half2>(tensor_layout_any, T1 *, tensor_layout_any, const T2 *)"
3708456538,16287,73010,2253,1,1,128,1,1,16,0.000,0.000,,,,,NVIDIA A100-SXM4-40GB MIG 4g.20gb (0),1,,13,cupy_copy__float16_float16
3708497401,4832,73019,282,1,1,128,1,1,16,0.000,0.000,,,,,NVIDIA A100-SXM4-40GB MIG 4g.20gb (0),1,,13,cupy_copy__complex64_complex64
3708531193,5728,73028,26,1,1,128,1,1,16,0.000,0.000,,,,,NVIDIA A100-SXM4-40GB MIG 4g.20gb (0),1,,13,cupy_copy__float32_float32
3708558905,8735,73037,103,1,1,128,1,1,16,0.000,0.000,,,,,NVIDIA A100-SXM4-40GB MIG 4g.20gb (0),1,,13,cupy_copy__complex64_complex64
3708616504,16544,73047,1434,1,1,128,1,1,16,0.000,0.000,,,,,NVIDIA A100-SXM4-40GB MIG 4g.20gb (0),1,,13,cupy_copy__complex64_complex64
3708653399,266237,73052,1,1,1,32,32,1,30,0.000,0.000,,,,,NVIDIA A100-SXM4-40GB MIG 4g.20gb (0),1,,13,"void convert_kernel<__half2, float2>(tensor_layout_any, T1 *, tensor_layout_any, const T2 *)"
3708949044,5920,73055,,,,,,,,,,0.094,15826.941,Pinned,Device,NVIDIA A100-SXM4-40GB MIG 4g.20gb (0),1,,13,[CUDA memcpy Host-to-Device]
3708973428,633272,73056,,,,,,,,,,456.561,720910.514,Device,,NVIDIA A100-SXM4-40GB MIG 4g.20gb (0),1,,13,[CUDA memset]
3709608620,54656,73061,,,,,,,,,,1.235,22594.535,Pinned,Device,NVIDIA A100-SXM4-40GB MIG 4g.20gb (0),1,,13,[CUDA memcpy Host-to-Device]
3709667116,10048,73062,,,,,,,,,,0.197,19566.821,Pinned,Device,NVIDIA A100-SXM4-40GB MIG 4g.20gb (0),1,,13,[CUDA memcpy Host-to-Device]
3709704331,24896,73063,69,4,1,48,1,1,76,0.002,0.000,,,,,NVIDIA A100-SXM4-40GB MIG 4g.20gb (0),1,,13,"void ch_est::windowedChEstPreNoDftSOfdmKernel<float, __half, float, (unsigned int)2, (unsigned int)1, (unsigned short)4>(ch_est::puschRxChEstStatDescr_t *, ch_est::puschRxChEstDynDescr_t *)"
3709741867,19168,73064,137,2,1,24,2,1,44,0.001,0.001,,,,,NVIDIA A100-SXM4-40GB MIG 4g.20gb (0),1,,13,"void ch_est::chEstFilterNoDftSOfdmDispatchKernel<float, __half, float, (unsigned int)2>(ch_est::puschRxChEstStatDescr_t *, ch_est::puschRxChEstDynDescr_t *)"
3709782890,27936,73065,137,2,1,24,2,1,44,0.001,0.001,,,,,NVIDIA A100-SXM4-40GB MIG 4g.20gb (0),1,,13,"void ch_est::chEstFilterNoDftSOfdmDispatchKernel<float, __half, float, (unsigned int)2>(ch_est::puschRxChEstStatDescr_t *, ch_est::puschRxChEstDynDescr_t *)"
3709815594,6368,73076,103,1,1,128,1,1,16,0.000,0.000,,,,,NVIDIA A100-SXM4-40GB MIG 4g.20gb (0),1,,13,cupy_copy__complex64_complex64
3709858794,15935,73086,1434,1,1,128,1,1,16,0.000,0.000,,,,,NVIDIA A100-SXM4-40GB MIG 4g.20gb (0),1,,13,cupy_copy__complex64_complex64
3709892585,5184,73093,103,1,1,128,1,1,16,0.000,0.000,,,,,NVIDIA A100-SXM4-40GB MIG 4g.20gb (0),1,,13,cupy_copy__complex64_complex64
3709937961,259197,73100,1,1,1,32,32,1,30,0.000,0.000,,,,,NVIDIA A100-SXM4-40GB MIG 4g.20gb (0),1,,13,"void convert_kernel<__half2, float2>(tensor_layout_any, T1 *, tensor_layout_any, const T2 *)"
3710226053,5568,73103,,,,,,,,,,0.094,16827.521,Pinned,Device,NVIDIA A100-SXM4-40GB MIG 4g.20gb (0),1,,13,[CUDA memcpy Host-to-Device]
3710273317,58783,73104,,,,,,,,,,35.810,609162.549,Device,,NVIDIA A100-SXM4-40GB MIG 4g.20gb (0),1,,13,[CUDA memset]
3710337476,3648,73106,,,,,,,,,,0.000,21.930,Pinned,Device,NVIDIA A100-SXM4-40GB MIG 4g.20gb (0),1,,13,[CUDA memcpy Host-to-Device]
3710344196,9312,73107,,,,,,,,,,0.197,21113.340,Pinned,Device,NVIDIA A100-SXM4-40GB MIG 4g.20gb (0),1,,13,[CUDA memcpy Host-to-Device]
3710392195,31392,73108,273,1,1,48,1,1,40,0.000,0.001,,,,,NVIDIA A100-SXM4-40GB MIG 4g.20gb (0),1,,13,"void pusch_noise_intf_est::noiseIntfEstNoDftSOfdmKernel<float, __half, float, float, (unsigned int)2, (unsigned int)1, (unsigned char)4, (unsigned char)4>(pusch_noise_intf_est::puschRxNoiseIntfEstDynDescr)"
3710455747,11232,73119,35,1,1,128,1,1,16,0.000,0.000,,,,,NVIDIA A100-SXM4-40GB MIG 4g.20gb (0),1,,13,cupy_copy__complex64_complex64
3710478978,5600,73128,1,1,1,1,1,1,18,0.000,0.000,,,,,NVIDIA A100-SXM4-40GB MIG 4g.20gb (0),1,,13,cupy_copy__float32_float32
3710489506,1568,73134,,,,,,,,,,0.000,2.551,Device,Pageable,NVIDIA A100-SXM4-40GB MIG 4g.20gb (0),1,,7,[CUDA memcpy Device-to-Host]
3710564673,14336,73145,1434,1,1,128,1,1,16,0.000,0.000,,,,,NVIDIA A100-SXM4-40GB MIG 4g.20gb (0),1,,13,cupy_copy__complex64_complex64
3710611009,7136,73152,103,1,1,128,1,1,16,0.000,0.000,,,,,NVIDIA A100-SXM4-40GB MIG 4g.20gb (0),1,,13,cupy_copy__complex64_complex64
3710637889,8672,73159,35,1,1,128,1,1,16,0.000,0.000,,,,,NVIDIA A100-SXM4-40GB MIG 4g.20gb (0),1,,13,cupy_copy__complex64_complex64
3710688000,4608,73166,1,1,1,1,1,1,18,0.000,0.000,,,,,NVIDIA A100-SXM4-40GB MIG 4g.20gb (0),1,,13,cupy_copy__float32_float32
3710782847,247549,73177,1,1,1,32,32,1,30,0.000,0.000,,,,,NVIDIA A100-SXM4-40GB MIG 4g.20gb (0),1,,13,"void convert_kernel<__half2, float2>(tensor_layout_any, T1 *, tensor_layout_any, const T2 *)"
3711059644,6400,73180,,,,,,,,,,0.094,14640.000,Pinned,Device,NVIDIA A100-SXM4-40GB MIG 4g.20gb (0),1,,13,[CUDA memcpy Host-to-Device]
3711094491,7424,73181,,,,,,,,,,1.547,208327.160,Device,,NVIDIA A100-SXM4-40GB MIG 4g.20gb (0),1,,13,[CUDA memset]
3711110011,3008,73186,,,,,,,,,,0.031,10404.230,Pinned,Device,NVIDIA A100-SXM4-40GB MIG 4g.20gb (0),1,,13,[CUDA memcpy Host-to-Device]
3711116091,9952,73187,,,,,,,,,,0.197,19755.565,Pinned,Device,NVIDIA A100-SXM4-40GB MIG 4g.20gb (0),1,,13,[CUDA memcpy Host-to-Device]
3711134107,32384,73188,273,1,1,8,4,1,39,0.002,0.000,,,,,NVIDIA A100-SXM4-40GB MIG 4g.20gb (0),1,,13,"void channel_eq::eqMmseCoefCompLowMimoKernel<float, float, float, (unsigned int)4, (unsigned int)1, (unsigned int)4>(const channel_eq::_puschRxChEqStatDescr *, channel_eq::_puschRxChEqCoefCompDynDescr)"
3711251386,32767,73189,273,1,1,12,11,1,51,0.002,0.000,,,,,NVIDIA A100-SXM4-40GB MIG 4g.20gb (0),1,,13,"void channel_eq::eqMmseSoftDemapKernel<float, __half, __half, float, (unsigned int)4, (unsigned short)16383>(channel_eq::_puschRxChEqStatDescr *, channel_eq::_puschRxChEqSoftDemapDynDescr)"
3711326137,612825,73190,1,1,1,32,32,1,30,0.000,0.000,,,,,NVIDIA A100-SXM4-40GB MIG 4g.20gb (0),1,,13,"void convert_kernel<float2, __half2>(tensor_layout_any, T1 *, tensor_layout_any, const T2 *)"
3711969937,15840,73202,2253,1,1,128,1,1,16,0.000,0.000,,,,,NVIDIA A100-SXM4-40GB MIG 4g.20gb (0),1,,13,cupy_copy__float16_float16
3712005457,5344,73211,282,1,1,128,1,1,16,0.000,0.000,,,,,NVIDIA A100-SXM4-40GB MIG 4g.20gb (0),1,,13,cupy_copy__complex64_complex64
3712037489,5759,73220,26,1,1,128,1,1,16,0.000,0.000,,,,,NVIDIA A100-SXM4-40GB MIG 4g.20gb (0),1,,13,cupy_copy__float32_float32
3712063984,8320,73229,103,1,1,128,1,1,16,0.000,0.000,,,,,NVIDIA A100-SXM4-40GB MIG 4g.20gb (0),1,,13,cupy_copy__complex64_complex64
3712103536,17888,73239,1434,1,1,128,1,1,16,0.000,0.000,,,,,NVIDIA A100-SXM4-40GB MIG 4g.20gb (0),1,,13,cupy_copy__complex64_complex64
3712140015,253693,73244,1,1,1,32,32,1,30,0.000,0.000,,,,,NVIDIA A100-SXM4-40GB MIG 4g.20gb (0),1,,13,"void convert_kernel<__half2, float2>(tensor_layout_any, T1 *, tensor_layout_any, const T2 *)"
3712423276,5696,73247,,,,,,,,,,0.094,16449.363,Pinned,Device,NVIDIA A100-SXM4-40GB MIG 4g.20gb (0),1,,13,[CUDA memcpy Host-to-Device]
3712461708,629592,73248,,,,,,,,,,456.561,725019.567,Device,,NVIDIA A100-SXM4-40GB MIG 4g.20gb (0),1,,13,[CUDA memset]
3713098052,51680,73253,,,,,,,,,,1.235,23894.931,Pinned,Device,NVIDIA A100-SXM4-40GB MIG 4g.20gb (0),1,,13,[CUDA memcpy Host-to-Device]
3713152164,10272,73254,,,,,,,,,,0.197,19140.182,Pinned,Device,NVIDIA A100-SXM4-40GB MIG 4g.20gb (0),1,,13,[CUDA memcpy Host-to-Device]
3713188035,22656,73255,69,4,1,48,1,1,76,0.002,0.000,,,,,NVIDIA A100-SXM4-40GB MIG 4g.20gb (0),1,,13,"void ch_est::windowedChEstPreNoDftSOfdmKernel<float, __half, float, (unsigned int)2, (unsigned int)1, (unsigned short)4>(ch_est::puschRxChEstStatDescr_t *, ch_est::puschRxChEstDynDescr_t *)"
3713222435,18592,73256,137,2,1,24,2,1,44,0.001,0.001,,,,,NVIDIA A100-SXM4-40GB MIG 4g.20gb (0),1,,13,"void ch_est::chEstFilterNoDftSOfdmDispatchKernel<float, __half, float, (unsigned int)2>(ch_est::puschRxChEstStatDescr_t *, ch_est::puschRxChEstDynDescr_t *)"
3713267298,25440,73257,137,2,1,24,2,1,44,0.001,0.001,,,,,NVIDIA A100-SXM4-40GB MIG 4g.20gb (0),1,,13,"void ch_est::chEstFilterNoDftSOfdmDispatchKernel<float, __half, float, (unsigned int)2>(ch_est::puschRxChEstStatDescr_t *, ch_est::puschRxChEstDynDescr_t *)"
3713300130,5024,73268,103,1,1,128,1,1,16,0.000,0.000,,,,,NVIDIA A100-SXM4-40GB MIG 4g.20gb (0),1,,13,cupy_copy__complex64_complex64
3713340386,20223,73278,1434,1,1,128,1,1,16,0.000,0.000,,,,,NVIDIA A100-SXM4-40GB MIG 4g.20gb (0),1,,13,cupy_copy__complex64_complex64
3713377281,7392,73285,103,1,1,128,1,1,16,0.000,0.000,,,,,NVIDIA A100-SXM4-40GB MIG 4g.20gb (0),1,,13,cupy_copy__complex64_complex64
3713422593,259517,73292,1,1,1,32,32,1,30,0.000,0.000,,,,,NVIDIA A100-SXM4-40GB MIG 4g.20gb (0),1,,13,"void convert_kernel<__half2, float2>(tensor_layout_any, T1 *, tensor_layout_any, const T2 *)"
3713710589,5376,73295,,,,,,,,,,0.094,17428.487,Pinned,Device,NVIDIA A100-SXM4-40GB MIG 4g.20gb (0),1,,13,[CUDA memcpy Host-to-Device]
3713758365,60639,73296,,,,,,,,,,35.810,590541.391,Device,,NVIDIA A100-SXM4-40GB MIG 4g.20gb (0),1,,13,[CUDA memset]
3713824156,3328,73298,,,,,,,,,,0.000,24.038,Pinned,Device,NVIDIA A100-SXM4-40GB MIG 4g.20gb (0),1,,13,[CUDA memcpy Host-to-Device]
3713829916,9536,73299,,,,,,,,,,0.197,20617.298,Pinned,Device,NVIDIA A100-SXM4-40GB MIG 4g.20gb (0),1,,13,[CUDA memcpy Host-to-Device]
3713888507,31456,73300,273,1,1,48,1,1,40,0.000,0.001,,,,,NVIDIA A100-SXM4-40GB MIG 4g.20gb (0),1,,13,"void pusch_noise_intf_est::noiseIntfEstNoDftSOfdmKernel<float, __half, float, float, (unsigned int)2, (unsigned int)1, (unsigned char)4, (unsigned char)4>(pusch_noise_intf_est::puschRxNoiseIntfEstDynDescr)"
3713954330,11744,73311,35,1,1,128,1,1,16,0.000,0.000,,,,,NVIDIA A100-SXM4-40GB MIG 4g.20gb (0),1,,13,cupy_copy__complex64_complex64
3713978522,3232,73320,1,1,1,1,1,1,18,0.000,0.000,,,,,NVIDIA A100-SXM4-40GB MIG 4g.20gb (0),1,,13,cupy_copy__float32_float32
3713983930,1824,73326,,,,,,,,,,0.000,2.193,Device,Pageable,NVIDIA A100-SXM4-40GB MIG 4g.20gb (0),1,,7,[CUDA memcpy Device-to-Host]
3714061049,15424,73337,1434,1,1,128,1,1,16,0.000,0.000,,,,,NVIDIA A100-SXM4-40GB MIG 4g.20gb (0),1,,13,cupy_copy__complex64_complex64
3714113049,6880,73344,103,1,1,128,1,1,16,0.000,0.000,,,,,NVIDIA A100-SXM4-40GB MIG 4g.20gb (0),1,,13,cupy_copy__complex64_complex64
3714145496,5664,73351,35,1,1,128,1,1,16,0.000,0.000,,,,,NVIDIA A100-SXM4-40GB MIG 4g.20gb (0),1,,13,cupy_copy__complex64_complex64
3714198200,4672,73358,1,1,1,1,1,1,18,0.000,0.000,,,,,NVIDIA A100-SXM4-40GB MIG 4g.20gb (0),1,,13,cupy_copy__float32_float32
3714311574,245822,73369,1,1,1,32,32,1,30,0.000,0.000,,,,,NVIDIA A100-SXM4-40GB MIG 4g.20gb (0),1,,13,"void convert_kernel<__half2, float2>(tensor_layout_any, T1 *, tensor_layout_any, const T2 *)"
3714586227,5440,73372,,,,,,,,,,0.094,17223.480,Pinned,Device,NVIDIA A100-SXM4-40GB MIG 4g.20gb (0),1,,13,[CUDA memcpy Host-to-Device]
3714620979,15616,73373,,,,,,,,,,1.547,99039.614,Device,,NVIDIA A100-SXM4-40GB MIG 4g.20gb (0),1,,13,[CUDA memset]
3714644819,4511,73378,,,,,,,,,,0.031,6937.697,Pinned,Device,NVIDIA A100-SXM4-40GB MIG 4g.20gb (0),1,,13,[CUDA memcpy Host-to-Device]
3714651762,9632,73379,,,,,,,,,,0.197,20411.843,Pinned,Device,NVIDIA A100-SXM4-40GB MIG 4g.20gb (0),1,,13,[CUDA memcpy Host-to-Device]
3714698130,28288,73380,273,1,1,8,4,1,39,0.002,0.000,,,,,NVIDIA A100-SXM4-40GB MIG 4g.20gb (0),1,,13,"void channel_eq::eqMmseCoefCompLowMimoKernel<float, float, float, (unsigned int)4, (unsigned int)1, (unsigned int)4>(const channel_eq::_puschRxChEqStatDescr *, channel_eq::_puschRxChEqCoefCompDynDescr)"
3714741041,29696,73381,273,1,1,12,11,1,51,0.002,0.000,,,,,NVIDIA A100-SXM4-40GB MIG 4g.20gb (0),1,,13,"void channel_eq::eqMmseSoftDemapKernel<float, __half, __half, float, (unsigned int)4, (unsigned short)16383>(channel_eq::_puschRxChEqStatDescr *, channel_eq::_puschRxChEqSoftDemapDynDescr)"
3714779473,594073,73382,1,1,1,32,32,1,30,0.000,0.000,,,,,NVIDIA A100-SXM4-40GB MIG 4g.20gb (0),1,,13,"void convert_kernel<float2, __half2>(tensor_layout_any, T1 *, tensor_layout_any, const T2 *)"
3715407914,16160,73394,2253,1,1,128,1,1,16,0.000,0.000,,,,,NVIDIA A100-SXM4-40GB MIG 4g.20gb (0),1,,13,cupy_copy__float16_float16
3715443433,4960,73403,282,1,1,128,1,1,16,0.000,0.000,,,,,NVIDIA A100-SXM4-40GB MIG 4g.20gb (0),1,,13,cupy_copy__complex64_complex64
3715474761,5184,73412,26,1,1,128,1,1,16,0.000,0.000,,,,,NVIDIA A100-SXM4-40GB MIG 4g.20gb (0),1,,13,cupy_copy__float32_float32
3715496649,8960,73421,103,1,1,128,1,1,16,0.000,0.000,,,,,NVIDIA A100-SXM4-40GB MIG 4g.20gb (0),1,,13,cupy_copy__complex64_complex64
3715536328,16224,73431,1434,1,1,128,1,1,16,0.000,0.000,,,,,NVIDIA A100-SXM4-40GB MIG 4g.20gb (0),1,,13,cupy_copy__complex64_complex64
3715571688,259549,73436,1,1,1,32,32,1,30,0.000,0.000,,,,,NVIDIA A100-SXM4-40GB MIG 4g.20gb (0),1,,13,"void convert_kernel<__half2, float2>(tensor_layout_any, T1 *, tensor_layout_any, const T2 *)"
3715870436,5376,73439,,,,,,,,,,0.094,17428.487,Pinned,Device,NVIDIA A100-SXM4-40GB MIG 4g.20gb (0),1,,13,[CUDA memcpy Host-to-Device]
3715896324,627897,73440,,,,,,,,,,456.561,726845.812,Device,,NVIDIA A100-SXM4-40GB MIG 4g.20gb (0),1,,13,[CUDA memset]
3716527357,57375,73445,,,,,,,,,,1.235,21523.839,Pinned,Device,NVIDIA A100-SXM4-40GB MIG 4g.20gb (0),1,,13,[CUDA memcpy Host-to-Device]
3716587164,12736,73446,,,,,,,,,,0.197,15437.070,Pinned,Device,NVIDIA A100-SXM4-40GB MIG 4g.20gb (0),1,,13,[CUDA memcpy Host-to-Device]
3716625212,24480,73447,69,4,1,48,1,1,76,0.002,0.000,,,,,NVIDIA A100-SXM4-40GB MIG 4g.20gb (0),1,,13,"void ch_est::windowedChEstPreNoDftSOfdmKernel<float, __half, float, (unsigned int)2, (unsigned int)1, (unsigned short)4>(ch_est::puschRxChEstStatDescr_t *, ch_est::puschRxChEstDynDescr_t *)"
3716697179,25312,73448,137,2,1,24,2,1,44,0.001,0.001,,,,,NVIDIA A100-SXM4-40GB MIG 4g.20gb (0),1,,13,"void ch_est::chEstFilterNoDftSOfdmDispatchKernel<float, __half, float, (unsigned int)2>(ch_est::puschRxChEstStatDescr_t *, ch_est::puschRxChEstDynDescr_t *)"
3716730043,20607,73449,137,2,1,24,2,1,44,0.001,0.001,,,,,NVIDIA A100-SXM4-40GB MIG 4g.20gb (0),1,,13,"void ch_est::chEstFilterNoDftSOfdmDispatchKernel<float, __half, float, (unsigned int)2>(ch_est::puschRxChEstStatDescr_t *, ch_est::puschRxChEstDynDescr_t *)"
3716775834,5536,73460,103,1,1,128,1,1,16,0.000,0.000,,,,,NVIDIA A100-SXM4-40GB MIG 4g.20gb (0),1,,13,cupy_copy__complex64_complex64
3716802106,15904,73470,1434,1,1,128,1,1,16,0.000,0.000,,,,,NVIDIA A100-SXM4-40GB MIG 4g.20gb (0),1,,13,cupy_copy__complex64_complex64
3716847193,9760,73477,103,1,1,128,1,1,16,0.000,0.000,,,,,NVIDIA A100-SXM4-40GB MIG 4g.20gb (0),1,,13,cupy_copy__complex64_complex64
3716878649,267261,73484,1,1,1,32,32,1,30,0.000,0.000,,,,,NVIDIA A100-SXM4-40GB MIG 4g.20gb (0),1,,13,"void convert_kernel<__half2, float2>(tensor_layout_any, T1 *, tensor_layout_any, const T2 *)"
3717174901,5408,73487,,,,,,,,,,0.094,17325.421,Pinned,Device,NVIDIA A100-SXM4-40GB MIG 4g.20gb (0),1,,13,[CUDA memcpy Host-to-Device]
3717223605,60927,73488,,,,,,,,,,35.810,587748.217,Device,,NVIDIA A100-SXM4-40GB MIG 4g.20gb (0),1,,13,[CUDA memset]
3717286548,2688,73490,,,,,,,,,,0.000,29.762,Pinned,Device,NVIDIA A100-SXM4-40GB MIG 4g.20gb (0),1,,13,[CUDA memcpy Host-to-Device]
3717291668,9888,73491,,,,,,,,,,0.197,19883.360,Pinned,Device,NVIDIA A100-SXM4-40GB MIG 4g.20gb (0),1,,13,[CUDA memcpy Host-to-Device]
3717336532,25887,73492,273,1,1,48,1,1,40,0.000,0.001,,,,,NVIDIA A100-SXM4-40GB MIG 4g.20gb (0),1,,13,"void pusch_noise_intf_est::noiseIntfEstNoDftSOfdmKernel<float, __half, float, float, (unsigned int)2, (unsigned int)1, (unsigned char)4, (unsigned char)4>(pusch_noise_intf_est::puschRxNoiseIntfEstDynDescr)"
3717374931,10784,73503,35,1,1,128,1,1,16,0.000,0.000,,,,,NVIDIA A100-SXM4-40GB MIG 4g.20gb (0),1,,13,cupy_copy__complex64_complex64
3717406707,3328,73512,1,1,1,1,1,1,18,0.000,0.000,,,,,NVIDIA A100-SXM4-40GB MIG 4g.20gb (0),1,,13,cupy_copy__float32_float32
3717413683,1600,73518,,,,,,,,,,0.000,2.500,Device,Pageable,NVIDIA A100-SXM4-40GB MIG 4g.20gb (0),1,,7,[CUDA memcpy Device-to-Host]
3717488882,14944,73529,1434,1,1,128,1,1,16,0.000,0.000,,,,,NVIDIA A100-SXM4-40GB MIG 4g.20gb (0),1,,13,cupy_copy__complex64_complex64
3717536145,8608,73536,103,1,1,128,1,1,16,0.000,0.000,,,,,NVIDIA A100-SXM4-40GB MIG 4g.20gb (0),1,,13,cupy_copy__complex64_complex64
3717568593,7424,73543,35,1,1,128,1,1,16,0.000,0.000,,,,,NVIDIA A100-SXM4-40GB MIG 4g.20gb (0),1,,13,cupy_copy__complex64_complex64
3717618640,8416,73550,1,1,1,1,1,1,18,0.000,0.000,,,,,NVIDIA A100-SXM4-40GB MIG 4g.20gb (0),1,,13,cupy_copy__float32_float32
3717718607,249053,73561,1,1,1,32,32,1,30,0.000,0.000,,,,,NVIDIA A100-SXM4-40GB MIG 4g.20gb (0),1,,13,"void convert_kernel<__half2, float2>(tensor_layout_any, T1 *, tensor_layout_any, const T2 *)"
3717997420,5408,73564,,,,,,,,,,0.094,17325.421,Pinned,Device,NVIDIA A100-SXM4-40GB MIG 4g.20gb (0),1,,13,[CUDA memcpy Host-to-Device]
3718029740,10048,73565,,,,,,,,,,1.547,153923.114,Device,,NVIDIA A100-SXM4-40GB MIG 4g.20gb (0),1,,13,[CUDA memset]
3718046539,3040,73570,,,,,,,,,,0.031,10294.725,Pinned,Device,NVIDIA A100-SXM4-40GB MIG 4g.20gb (0),1,,13,[CUDA memcpy Host-to-Device]
3718052011,9504,73571,,,,,,,,,,0.197,20686.701,Pinned,Device,NVIDIA A100-SXM4-40GB MIG 4g.20gb (0),1,,13,[CUDA memcpy Host-to-Device]
3718075435,32896,73572,273,1,1,8,4,1,39,0.002,0.000,,,,,NVIDIA A100-SXM4-40GB MIG 4g.20gb (0),1,,13,"void channel_eq::eqMmseCoefCompLowMimoKernel<float, float, float, (unsigned int)4, (unsigned int)1, (unsigned int)4>(const channel_eq::_puschRxChEqStatDescr *, channel_eq::_puschRxChEqCoefCompDynDescr)"
3718190346,32927,73573,273,1,1,12,11,1,51,0.002,0.000,,,,,NVIDIA A100-SXM4-40GB MIG 4g.20gb (0),1,,13,"void channel_eq::eqMmseSoftDemapKernel<float, __half, __half, float, (unsigned int)4, (unsigned short)16383>(channel_eq::_puschRxChEqStatDescr *, channel_eq::_puschRxChEqSoftDemapDynDescr)"
3718266313,613977,73574,1,1,1,32,32,1,30,0.000,0.000,,,,,NVIDIA A100-SXM4-40GB MIG 4g.20gb (0),1,,13,"void convert_kernel<float2, __half2>(tensor_layout_any, T1 *, tensor_layout_any, const T2 *)"
3718923361,15744,73586,2253,1,1,128,1,1,16,0.000,0.000,,,,,NVIDIA A100-SXM4-40GB MIG 4g.20gb (0),1,,13,cupy_copy__float16_float16
3718960129,5504,73595,282,1,1,128,1,1,16,0.000,0.000,,,,,NVIDIA A100-SXM4-40GB MIG 4g.20gb (0),1,,13,cupy_copy__complex64_complex64
3718996225,8287,73604,26,1,1,128,1,1,16,0.000,0.000,,,,,NVIDIA A100-SXM4-40GB MIG 4g.20gb (0),1,,13,cupy_copy__float32_float32
3719018592,9792,73613,103,1,1,128,1,1,16,0.000,0.000,,,,,NVIDIA A100-SXM4-40GB MIG 4g.20gb (0),1,,13,cupy_copy__complex64_complex64
3719105215,18624,73623,1434,1,1,128,1,1,16,0.000,0.000,,,,,NVIDIA A100-SXM4-40GB MIG 4g.20gb (0),1,,13,cupy_copy__complex64_complex64
3719141695,256349,73628,1,1,1,32,32,1,30,0.000,0.000,,,,,NVIDIA A100-SXM4-40GB MIG 4g.20gb (0),1,,13,"void convert_kernel<__half2, float2>(tensor_layout_any, T1 *, tensor_layout_any, const T2 *)"
3719427388,6176,73631,,,,,,,,,,0.094,15170.975,Pinned,Device,NVIDIA A100-SXM4-40GB MIG 4g.20gb (0),1,,13,[CUDA memcpy Host-to-Device]
3719463483,624505,73632,,,,,,,,,,456.561,730954.865,Device,,NVIDIA A100-SXM4-40GB MIG 4g.20gb (0),1,,13,[CUDA memset]
3720094004,52991,73637,,,,,,,,,,1.235,23304.628,Pinned,Device,NVIDIA A100-SXM4-40GB MIG 4g.20gb (0),1,,13,[CUDA memcpy Host-to-Device]
3720149715,10592,73638,,,,,,,,,,0.197,18561.761,Pinned,Device,NVIDIA A100-SXM4-40GB MIG 4g.20gb (0),1,,13,[CUDA memcpy Host-to-Device]
3720185491,22720,73639,69,4,1,48,1,1,76,0.002,0.000,,,,,NVIDIA A100-SXM4-40GB MIG 4g.20gb (0),1,,13,"void ch_est::windowedChEstPreNoDftSOfdmKernel<float, __half, float, (unsigned int)2, (unsigned int)1, (unsigned short)4>(ch_est::puschRxChEstStatDescr_t *, ch_est::puschRxChEstDynDescr_t *)"
3720217970,20608,73640,137,2,1,24,2,1,44,0.001,0.001,,,,,NVIDIA A100-SXM4-40GB MIG 4g.20gb (0),1,,13,"void ch_est::chEstFilterNoDftSOfdmDispatchKernel<float, __half, float, (unsigned int)2>(ch_est::puschRxChEstStatDescr_t *, ch_est::puschRxChEstDynDescr_t *)"
3720264562,25600,73641,137,2,1,24,2,1,44,0.001,0.001,,,,,NVIDIA A100-SXM4-40GB MIG 4g.20gb (0),1,,13,"void ch_est::chEstFilterNoDftSOfdmDispatchKernel<float, __half, float, (unsigned int)2>(ch_est::puschRxChEstStatDescr_t *, ch_est::puschRxChEstDynDescr_t *)"
3720298066,5536,73652,103,1,1,128,1,1,16,0.000,0.000,,,,,NVIDIA A100-SXM4-40GB MIG 4g.20gb (0),1,,13,cupy_copy__complex64_complex64
3720337585,14848,73662,1434,1,1,128,1,1,16,0.000,0.000,,,,,NVIDIA A100-SXM4-40GB MIG 4g.20gb (0),1,,13,cupy_copy__complex64_complex64
3720371665,5504,73669,103,1,1,128,1,1,16,0.000,0.000,,,,,NVIDIA A100-SXM4-40GB MIG 4g.20gb (0),1,,13,cupy_copy__complex64_complex64
3720417136,261117,73676,1,1,1,32,32,1,30,0.000,0.000,,,,,NVIDIA A100-SXM4-40GB MIG 4g.20gb (0),1,,13,"void convert_kernel<__half2, float2>(tensor_layout_any, T1 *, tensor_layout_any, const T2 *)"
3720707917,5504,73679,,,,,,,,,,0.094,17023.251,Pinned,Device,NVIDIA A100-SXM4-40GB MIG 4g.20gb (0),1,,13,[CUDA memcpy Host-to-Device]
3720754604,59520,73680,,,,,,,,,,35.810,601642.466,Device,,NVIDIA A100-SXM4-40GB MIG 4g.20gb (0),1,,13,[CUDA memset]
3720819020,3776,73682,,,,,,,,,,0.000,21.186,Pinned,Device,NVIDIA A100-SXM4-40GB MIG 4g.20gb (0),1,,13,[CUDA memcpy Host-to-Device]
3720825228,9503,73683,,,,,,,,,,0.197,20688.863,Pinned,Device,NVIDIA A100-SXM4-40GB MIG 4g.20gb (0),1,,13,[CUDA memcpy Host-to-Device]
3720868651,38720,73684,273,1,1,48,1,1,40,0.000,0.001,,,,,NVIDIA A100-SXM4-40GB MIG 4g.20gb (0),1,,13,"void pusch_noise_intf_est::noiseIntfEstNoDftSOfdmKernel<float, __half, float, float, (unsigned int)2, (unsigned int)1, (unsigned char)4, (unsigned char)4>(pusch_noise_intf_est::puschRxNoiseIntfEstDynDescr)"
3720937098,9920,73695,35,1,1,128,1,1,16,0.000,0.000,,,,,NVIDIA A100-SXM4-40GB MIG 4g.20gb (0),1,,13,cupy_copy__complex64_complex64
3720958506,2816,73704,1,1,1,1,1,1,18,0.000,0.000,,,,,NVIDIA A100-SXM4-40GB MIG 4g.20gb (0),1,,13,cupy_copy__float32_float32
3720962890,1600,73710,,,,,,,,,,0.000,2.500,Device,Pageable,NVIDIA A100-SXM4-40GB MIG 4g.20gb (0),1,,7,[CUDA memcpy Device-to-Host]
3721034409,14880,73721,1434,1,1,128,1,1,16,0.000,0.000,,,,,NVIDIA A100-SXM4-40GB MIG 4g.20gb (0),1,,13,cupy_copy__complex64_complex64
3721079145,6464,73728,103,1,1,128,1,1,16,0.000,0.000,,,,,NVIDIA A100-SXM4-40GB MIG 4g.20gb (0),1,,13,cupy_copy__complex64_complex64
3721106024,9184,73735,35,1,1,128,1,1,16,0.000,0.000,,,,,NVIDIA A100-SXM4-40GB MIG 4g.20gb (0),1,,13,cupy_copy__complex64_complex64
3721155240,4608,73742,1,1,1,1,1,1,18,0.000,0.000,,,,,NVIDIA A100-SXM4-40GB MIG 4g.20gb (0),1,,13,cupy_copy__float32_float32
3721246727,244413,73753,1,1,1,32,32,1,30,0.000,0.000,,,,,NVIDIA A100-SXM4-40GB MIG 4g.20gb (0),1,,13,"void convert_kernel<__half2, float2>(tensor_layout_any, T1 *, tensor_layout_any, const T2 *)"
3721520452,5407,73756,,,,,,,,,,0.094,17328.607,Pinned,Device,NVIDIA A100-SXM4-40GB MIG 4g.20gb (0),1,,13,[CUDA memcpy Host-to-Device]
3721560195,6880,73757,,,,,,,,,,1.547,224798.705,Device,,NVIDIA A100-SXM4-40GB MIG 4g.20gb (0),1,,13,[CUDA memset]
3721569603,3136,73762,,,,,,,,,,0.031,9979.575,Pinned,Device,NVIDIA A100-SXM4-40GB MIG 4g.20gb (0),1,,13,[CUDA memcpy Host-to-Device]
3721575171,9984,73763,,,,,,,,,,0.197,19692.257,Pinned,Device,NVIDIA A100-SXM4-40GB MIG 4g.20gb (0),1,,13,[CUDA memcpy Host-to-Device]
3721597379,36351,73764,273,1,1,8,4,1,39,0.002,0.000,,,,,NVIDIA A100-SXM4-40GB MIG 4g.20gb (0),1,,13,"void channel_eq::eqMmseCoefCompLowMimoKernel<float, float, float, (unsigned int)4, (unsigned int)1, (unsigned int)4>(const channel_eq::_puschRxChEqStatDescr *, channel_eq::_puschRxChEqCoefCompDynDescr)"
3721713793,37184,73765,273,1,1,12,11,1,51,0.002,0.000,,,,,NVIDIA A100-SXM4-40GB MIG 4g.20gb (0),1,,13,"void channel_eq::eqMmseSoftDemapKernel<float, __half, __half, float, (unsigned int)4, (unsigned short)16383>(channel_eq::_puschRxChEqStatDescr *, channel_eq::_puschRxChEqSoftDemapDynDescr)"
3721791040,605273,73766,1,1,1,32,32,1,30,0.000,0.000,,,,,NVIDIA A100-SXM4-40GB MIG 4g.20gb (0),1,,13,"void convert_kernel<float2, __half2>(tensor_layout_any, T1 *, tensor_layout_any, const T2 *)"
3722410201,14464,73778,2253,1,1,128,1,1,16,0.000,0.000,,,,,NVIDIA A100-SXM4-40GB MIG 4g.20gb (0),1,,13,cupy_copy__float16_float16
3722455545,9056,73787,282,1,1,128,1,1,16,0.000,0.000,,,,,NVIDIA A100-SXM4-40GB MIG 4g.20gb (0),1,,13,cupy_copy__complex64_complex64
3722476825,3967,73796,26,1,1,128,1,1,16,0.000,0.000,,,,,NVIDIA A100-SXM4-40GB MIG 4g.20gb (0),1,,13,cupy_copy__float32_float32
3722507672,11008,73805,103,1,1,128,1,1,16,0.000,0.000,,,,,NVIDIA A100-SXM4-40GB MIG 4g.20gb (0),1,,13,cupy_copy__complex64_complex64
3722561432,15967,73815,1434,1,1,128,1,1,16,0.000,0.000,,,,,NVIDIA A100-SXM4-40GB MIG 4g.20gb (0),1,,13,cupy_copy__complex64_complex64
3722612663,265885,73820,1,1,1,32,32,1,30,0.000,0.000,,,,,NVIDIA A100-SXM4-40GB MIG 4g.20gb (0),1,,13,"void convert_kernel<__half2, float2>(tensor_layout_any, T1 *, tensor_layout_any, const T2 *)"
3722907764,5408,73823,,,,,,,,,,0.094,17325.421,Pinned,Device,NVIDIA A100-SXM4-40GB MIG 4g.20gb (0),1,,13,[CUDA memcpy Host-to-Device]
3722939219,629881,73824,,,,,,,,,,456.561,724563.005,Device,,NVIDIA A100-SXM4-40GB MIG 4g.20gb (0),1,,13,[CUDA memset]
3723576972,51391,73829,,,,,,,,,,1.235,24029.540,Pinned,Device,NVIDIA A100-SXM4-40GB MIG 4g.20gb (0),1,,13,[CUDA memcpy Host-to-Device]
3723630827,9888,73830,,,,,,,,,,0.197,19883.360,Pinned,Device,NVIDIA A100-SXM4-40GB MIG 4g.20gb (0),1,,13,[CUDA memcpy Host-to-Device]
3723659819,20160,73831,69,4,1,48,1,1,76,0.002,0.000,,,,,NVIDIA A100-SXM4-40GB MIG 4g.20gb (0),1,,13,"void ch_est::windowedChEstPreNoDftSOfdmKernel<float, __half, float, (unsigned int)2, (unsigned int)1, (unsigned short)4>(ch_est::puschRxChEstStatDescr_t *, ch_est::puschRxChEstDynDescr_t *)"
3723702698,27840,73832,137,2,1,24,2,1,44,0.001,0.001,,,,,NVIDIA A100-SXM4-40GB MIG 4g.20gb (0),1,,13,"void ch_est::chEstFilterNoDftSOfdmDispatchKernel<float, __half, float, (unsigned int)2>(ch_est::puschRxChEstStatDescr_t *, ch_est::puschRxChEstDynDescr_t *)"
3723735818,19680,73833,137,2,1,24,2,1,44,0.001,0.001,,,,,NVIDIA A100-SXM4-40GB MIG 4g.20gb (0),1,,13,"void ch_est::chEstFilterNoDftSOfdmDispatchKernel<float, __half, float, (unsigned int)2>(ch_est::puschRxChEstStatDescr_t *, ch_est::puschRxChEstDynDescr_t *)"
3723778506,6751,73844,103,1,1,128,1,1,16,0.000,0.000,,,,,NVIDIA A100-SXM4-40GB MIG 4g.20gb (0),1,,13,cupy_copy__complex64_complex64
3723804073,14336,73854,1434,1,1,128,1,1,16,0.000,0.000,,,,,NVIDIA A100-SXM4-40GB MIG 4g.20gb (0),1,,13,cupy_copy__complex64_complex64
3723850377,8256,73861,103,1,1,128,1,1,16,0.000,0.000,,,,,NVIDIA A100-SXM4-40GB MIG 4g.20gb (0),1,,13,cupy_copy__complex64_complex64
3723881768,256093,73868,1,1,1,32,32,1,30,0.000,0.000,,,,,NVIDIA A100-SXM4-40GB MIG 4g.20gb (0),1,,13,"void convert_kernel<__half2, float2>(tensor_layout_any, T1 *, tensor_layout_any, const T2 *)"
3724169669,5408,73871,,,,,,,,,,0.094,17325.421,Pinned,Device,NVIDIA A100-SXM4-40GB MIG 4g.20gb (0),1,,13,[CUDA memcpy Host-to-Device]
3724201733,59775,73872,,,,,,,,,,35.810,599064.152,Device,,NVIDIA A100-SXM4-40GB MIG 4g.20gb (0),1,,13,[CUDA memset]
3724264452,3744,73874,,,,,,,,,,0.000,21.368,Pinned,Device,NVIDIA A100-SXM4-40GB MIG 4g.20gb (0),1,,13,[CUDA memcpy Host-to-Device]
3724270660,9824,73875,,,,,,,,,,0.197,20012.925,Pinned,Device,NVIDIA A100-SXM4-40GB MIG 4g.20gb (0),1,,13,[CUDA memcpy Host-to-Device]
3724326723,32384,73876,273,1,1,48,1,1,40,0.000,0.001,,,,,NVIDIA A100-SXM4-40GB MIG 4g.20gb (0),1,,13,"void pusch_noise_intf_est::noiseIntfEstNoDftSOfdmKernel<float, __half, float, float, (unsigned int)2, (unsigned int)1, (unsigned char)4, (unsigned char)4>(pusch_noise_intf_est::puschRxNoiseIntfEstDynDescr)"
3724392035,11487,73887,35,1,1,128,1,1,16,0.000,0.000,,,,,NVIDIA A100-SXM4-40GB MIG 4g.20gb (0),1,,13,cupy_copy__complex64_complex64
3724415106,4000,73896,1,1,1,1,1,1,18,0.000,0.000,,,,,NVIDIA A100-SXM4-40GB MIG 4g.20gb (0),1,,13,cupy_copy__float32_float32
3724421442,1568,73902,,,,,,,,,,0.000,2.551,Device,Pageable,NVIDIA A100-SXM4-40GB MIG 4g.20gb (0),1,,7,[CUDA memcpy Device-to-Host]
3724500801,15840,73913,1434,1,1,128,1,1,16,0.000,0.000,,,,,NVIDIA A100-SXM4-40GB MIG 4g.20gb (0),1,,13,cupy_copy__complex64_complex64
3724550913,7392,73920,103,1,1,128,1,1,16,0.000,0.000,,,,,NVIDIA A100-SXM4-40GB MIG 4g.20gb (0),1,,13,cupy_copy__complex64_complex64
3724576928,7584,73927,35,1,1,128,1,1,16,0.000,0.000,,,,,NVIDIA A100-SXM4-40GB MIG 4g.20gb (0),1,,13,cupy_copy__complex64_complex64
3724621792,2976,73934,1,1,1,1,1,1,18,0.000,0.000,,,,,NVIDIA A100-SXM4-40GB MIG 4g.20gb (0),1,,13,cupy_copy__float32_float32
3724708639,246365,73945,1,1,1,32,32,1,30,0.000,0.000,,,,,NVIDIA A100-SXM4-40GB MIG 4g.20gb (0),1,,13,"void convert_kernel<__half2, float2>(tensor_layout_any, T1 *, tensor_layout_any, const T2 *)"
3724984380,5504,73948,,,,,,,,,,0.094,17023.251,Pinned,Device,NVIDIA A100-SXM4-40GB MIG 4g.20gb (0),1,,13,[CUDA memcpy Host-to-Device]
3725017403,9024,73949,,,,,,,,,,1.547,171389.139,Device,,NVIDIA A100-SXM4-40GB MIG 4g.20gb (0),1,,13,[CUDA memset]
3725034203,3072,73954,,,,,,,,,,0.031,10187.474,Pinned,Device,NVIDIA A100-SXM4-40GB MIG 4g.20gb (0),1,,13,[CUDA memcpy Host-to-Device]
3725039675,9408,73955,,,,,,,,,,0.197,20897.858,Pinned,Device,NVIDIA A100-SXM4-40GB MIG 4g.20gb (0),1,,13,[CUDA memcpy Host-to-Device]
3725054331,24544,73956,273,1,1,8,4,1,39,0.002,0.000,,,,,NVIDIA A100-SXM4-40GB MIG 4g.20gb (0),1,,13,"void channel_eq::eqMmseCoefCompLowMimoKernel<float, float, float, (unsigned int)4, (unsigned int)1, (unsigned int)4>(const channel_eq::_puschRxChEqStatDescr *, channel_eq::_puschRxChEqCoefCompDynDescr)"
3725098842,26272,73957,273,1,1,12,11,1,51,0.002,0.000,,,,,NVIDIA A100-SXM4-40GB MIG 4g.20gb (0),1,,13,"void channel_eq::eqMmseSoftDemapKernel<float, __half, __half, float, (unsigned int)4, (unsigned short)16383>(channel_eq::_puschRxChEqStatDescr *, channel_eq::_puschRxChEqSoftDemapDynDescr)"
3725150650,529050,73958,1,1,1,32,32,1,30,0.000,0.000,,,,,NVIDIA A100-SXM4-40GB MIG 4g.20gb (0),1,,13,"void convert_kernel<float2, __half2>(tensor_layout_any, T1 *, tensor_layout_any, const T2 *)"
3725699987,16000,73970,2253,1,1,128,1,1,16,0.000,0.000,,,,,NVIDIA A100-SXM4-40GB MIG 4g.20gb (0),1,,13,cupy_copy__float16_float16
3725717587,3392,73979,282,1,1,128,1,1,16,0.000,0.000,,,,,NVIDIA A100-SXM4-40GB MIG 4g.20gb (0),1,,13,cupy_copy__complex64_complex64
3725775443,3488,73988,26,1,1,128,1,1,16,0.000,0.000,,,,,NVIDIA A100-SXM4-40GB MIG 4g.20gb (0),1,,13,cupy_copy__float32_float32
3725806514,11520,73997,103,1,1,128,1,1,16,0.000,0.000,,,,,NVIDIA A100-SXM4-40GB MIG 4g.20gb (0),1,,13,cupy_copy__complex64_complex64
3725860850,15999,74007,1434,1,1,128,1,1,16,0.000,0.000,,,,,NVIDIA A100-SXM4-40GB MIG 4g.20gb (0),1,,13,cupy_copy__complex64_complex64
3725912369,265917,74012,1,1,1,32,32,1,30,0.000,0.000,,,,,NVIDIA A100-SXM4-40GB MIG 4g.20gb (0),1,,13,"void convert_kernel<__half2, float2>(tensor_layout_any, T1 *, tensor_layout_any, const T2 *)"
3726207278,5376,74015,,,,,,,,,,0.094,17428.487,Pinned,Device,NVIDIA A100-SXM4-40GB MIG 4g.20gb (0),1,,13,[CUDA memcpy Host-to-Device]
3726231565,626041,74016,,,,,,,,,,456.561,729128.620,Device,,NVIDIA A100-SXM4-40GB MIG 4g.20gb (0),1,,13,[CUDA memset]
3726863302,53791,74021,,,,,,,,,,1.235,22957.609,Pinned,Device,NVIDIA A100-SXM4-40GB MIG 4g.20gb (0),1,,13,[CUDA memcpy Host-to-Device]
3726921989,10944,74022,,,,,,,,,,0.197,17964.859,Pinned,Device,NVIDIA A100-SXM4-40GB MIG 4g.20gb (0),1,,13,[CUDA memcpy Host-to-Device]
3726951525,18496,74023,69,4,1,48,1,1,76,0.002,0.000,,,,,NVIDIA A100-SXM4-40GB MIG 4g.20gb (0),1,,13,"void ch_est::windowedChEstPreNoDftSOfdmKernel<float, __half, float, (unsigned int)2, (unsigned int)1, (unsigned short)4>(ch_est::puschRxChEstStatDescr_t *, ch_est::puschRxChEstDynDescr_t *)"
3726997221,26687,74024,137,2,1,24,2,1,44,0.001,0.001,,,,,NVIDIA A100-SXM4-40GB MIG 4g.20gb (0),1,,13,"void ch_est::chEstFilterNoDftSOfdmDispatchKernel<float, __half, float, (unsigned int)2>(ch_est::puschRxChEstStatDescr_t *, ch_est::puschRxChEstDynDescr_t *)"
3727030788,21568,74025,137,2,1,24,2,1,44,0.001,0.001,,,,,NVIDIA A100-SXM4-40GB MIG 4g.20gb (0),1,,13,"void ch_est::chEstFilterNoDftSOfdmDispatchKernel<float, __half, float, (unsigned int)2>(ch_est::puschRxChEstStatDescr_t *, ch_est::puschRxChEstDynDescr_t *)"
3727077124,6400,74036,103,1,1,128,1,1,16,0.000,0.000,,,,,NVIDIA A100-SXM4-40GB MIG 4g.20gb (0),1,,13,cupy_copy__complex64_complex64
3727102787,17024,74046,1434,1,1,128,1,1,16,0.000,0.000,,,,,NVIDIA A100-SXM4-40GB MIG 4g.20gb (0),1,,13,cupy_copy__complex64_complex64
3727151075,8576,74053,103,1,1,128,1,1,16,0.000,0.000,,,,,NVIDIA A100-SXM4-40GB MIG 4g.20gb (0),1,,13,cupy_copy__complex64_complex64
3727182210,260221,74060,1,1,1,32,32,1,30,0.000,0.000,,,,,NVIDIA A100-SXM4-40GB MIG 4g.20gb (0),1,,13,"void convert_kernel<__half2, float2>(tensor_layout_any, T1 *, tensor_layout_any, const T2 *)"
3727472511,5376,74063,,,,,,,,,,0.094,17428.487,Pinned,Device,NVIDIA A100-SXM4-40GB MIG 4g.20gb (0),1,,13,[CUDA memcpy Host-to-Device]
3727500287,59103,74064,,,,,,,,,,35.810,605868.036,Device,,NVIDIA A100-SXM4-40GB MIG 4g.20gb (0),1,,13,[CUDA memset]
3727566526,2080,74066,,,,,,,,,,0.000,38.462,Pinned,Device,NVIDIA A100-SXM4-40GB MIG 4g.20gb (0),1,,13,[CUDA memcpy Host-to-Device]
3727571038,10848,74067,,,,,,,,,,0.197,18123.719,Pinned,Device,NVIDIA A100-SXM4-40GB MIG 4g.20gb (0),1,,13,[CUDA memcpy Host-to-Device]
3727621405,30880,74068,273,1,1,48,1,1,40,0.000,0.001,,,,,NVIDIA A100-SXM4-40GB MIG 4g.20gb (0),1,,13,"void pusch_noise_intf_est::noiseIntfEstNoDftSOfdmKernel<float, __half, float, float, (unsigned int)2, (unsigned int)1, (unsigned char)4, (unsigned char)4>(pusch_noise_intf_est::puschRxNoiseIntfEstDynDescr)"
3727686461,10816,74079,35,1,1,128,1,1,16,0.000,0.000,,,,,NVIDIA A100-SXM4-40GB MIG 4g.20gb (0),1,,13,cupy_copy__complex64_complex64
3727714972,3136,74088,1,1,1,1,1,1,18,0.000,0.000,,,,,NVIDIA A100-SXM4-40GB MIG 4g.20gb (0),1,,13,cupy_copy__float32_float32
3727726268,1632,74094,,,,,,,,,,0.000,2.451,Device,Pageable,NVIDIA A100-SXM4-40GB MIG 4g.20gb (0),1,,7,[CUDA memcpy Device-to-Host]
3727801499,15616,74105,1434,1,1,128,1,1,16,0.000,0.000,,,,,NVIDIA A100-SXM4-40GB MIG 4g.20gb (0),1,,13,cupy_copy__complex64_complex64
3727852987,6240,74112,103,1,1,128,1,1,16,0.000,0.000,,,,,NVIDIA A100-SXM4-40GB MIG 4g.20gb (0),1,,13,cupy_copy__complex64_complex64
3727880026,6240,74119,35,1,1,128,1,1,16,0.000,0.000,,,,,NVIDIA A100-SXM4-40GB MIG 4g.20gb (0),1,,13,cupy_copy__complex64_complex64
3727927290,3936,74126,1,1,1,1,1,1,18,0.000,0.000,,,,,NVIDIA A100-SXM4-40GB MIG 4g.20gb (0),1,,13,cupy_copy__float32_float32
3728026873,250493,74137,1,1,1,32,32,1,30,0.000,0.000,,,,,NVIDIA A100-SXM4-40GB MIG 4g.20gb (0),1,,13,"void convert_kernel<__half2, float2>(tensor_layout_any, T1 *, tensor_layout_any, const T2 *)"
3728306678,5407,74140,,,,,,,,,,0.094,17328.607,Pinned,Device,NVIDIA A100-SXM4-40GB MIG 4g.20gb (0),1,,13,[CUDA memcpy Host-to-Device]
3728333781,7424,74141,,,,,,,,,,1.547,208327.160,Device,,NVIDIA A100-SXM4-40GB MIG 4g.20gb (0),1,,13,[CUDA memset]
3728346485,3584,74146,,,,,,,,,,0.031,8732.116,Pinned,Device,NVIDIA A100-SXM4-40GB MIG 4g.20gb (0),1,,13,[CUDA memcpy Host-to-Device]
3728352597,10496,74147,,,,,,,,,,0.197,18731.631,Pinned,Device,NVIDIA A100-SXM4-40GB MIG 4g.20gb (0),1,,13,[CUDA memcpy Host-to-Device]
3728376117,30111,74148,273,1,1,8,4,1,39,0.002,0.000,,,,,NVIDIA A100-SXM4-40GB MIG 4g.20gb (0),1,,13,"void channel_eq::eqMmseCoefCompLowMimoKernel<float, float, float, (unsigned int)4, (unsigned int)1, (unsigned int)4>(const channel_eq::_puschRxChEqStatDescr *, channel_eq::_puschRxChEqCoefCompDynDescr)"
3728490291,30624,74149,273,1,1,12,11,1,51,0.002,0.000,,,,,NVIDIA A100-SXM4-40GB MIG 4g.20gb (0),1,,13,"void channel_eq::eqMmseSoftDemapKernel<float, __half, __half, float, (unsigned int)4, (unsigned short)16383>(channel_eq::_puschRxChEqStatDescr *, channel_eq::_puschRxChEqSoftDemapDynDescr)"
3728535539,591929,74150,1,1,1,32,32,1,30,0.000,0.000,,,,,NVIDIA A100-SXM4-40GB MIG 4g.20gb (0),1,,13,"void convert_kernel<float2, __half2>(tensor_layout_any, T1 *, tensor_layout_any, const T2 *)"
3729165548,15455,74162,2253,1,1,128,1,1,16,0.000,0.000,,,,,NVIDIA A100-SXM4-40GB MIG 4g.20gb (0),1,,13,cupy_copy__float16_float16
3729204331,7808,74171,282,1,1,128,1,1,16,0.000,0.000,,,,,NVIDIA A100-SXM4-40GB MIG 4g.20gb (0),1,,13,cupy_copy__complex64_complex64
3729241579,5696,74180,26,1,1,128,1,1,16,0.000,0.000,,,,,NVIDIA A100-SXM4-40GB MIG 4g.20gb (0),1,,13,cupy_copy__float32_float32
3729262315,10303,74189,103,1,1,128,1,1,16,0.000,0.000,,,,,NVIDIA A100-SXM4-40GB MIG 4g.20gb (0),1,,13,cupy_copy__complex64_complex64
3729320170,16480,74199,1434,1,1,128,1,1,16,0.000,0.000,,,,,NVIDIA A100-SXM4-40GB MIG 4g.20gb (0),1,,13,cupy_copy__complex64_complex64
3729356745,263293,74204,1,1,1,32,32,1,30,0.000,0.000,,,,,NVIDIA A100-SXM4-40GB MIG 4g.20gb (0),1,,13,"void convert_kernel<__half2, float2>(tensor_layout_any, T1 *, tensor_layout_any, const T2 *)"
3729649094,5600,74207,,,,,,,,,,0.094,16731.388,Pinned,Device,NVIDIA A100-SXM4-40GB MIG 4g.20gb (0),1,,13,[CUDA memcpy Host-to-Device]
3729688326,626616,74208,,,,,,,,,,456.561,728215.497,Device,,NVIDIA A100-SXM4-40GB MIG 4g.20gb (0),1,,13,[CUDA memset]
3730321534,51392,74213,,,,,,,,,,1.235,24029.540,Pinned,Device,NVIDIA A100-SXM4-40GB MIG 4g.20gb (0),1,,13,[CUDA memcpy Host-to-Device]
3730375934,10720,74214,,,,,,,,,,0.197,18340.184,Pinned,Device,NVIDIA A100-SXM4-40GB MIG 4g.20gb (0),1,,13,[CUDA memcpy Host-to-Device]
3730415933,24512,74215,69,4,1,48,1,1,76,0.002,0.000,,,,,NVIDIA A100-SXM4-40GB MIG 4g.20gb (0),1,,13,"void ch_est::windowedChEstPreNoDftSOfdmKernel<float, __half, float, (unsigned int)2, (unsigned int)1, (unsigned short)4>(ch_est::puschRxChEstStatDescr_t *, ch_est::puschRxChEstDynDescr_t *)"
3730488060,24992,74216,137,2,1,24,2,1,44,0.001,0.001,,,,,NVIDIA A100-SXM4-40GB MIG 4g.20gb (0),1,,13,"void ch_est::chEstFilterNoDftSOfdmDispatchKernel<float, __half, float, (unsigned int)2>(ch_est::puschRxChEstStatDescr_t *, ch_est::puschRxChEstDynDescr_t *)"
3730521692,19936,74217,137,2,1,24,2,1,44,0.001,0.001,,,,,NVIDIA A100-SXM4-40GB MIG 4g.20gb (0),1,,13,"void ch_est::chEstFilterNoDftSOfdmDispatchKernel<float, __half, float, (unsigned int)2>(ch_est::puschRxChEstStatDescr_t *, ch_est::puschRxChEstDynDescr_t *)"
3730568476,5727,74228,103,1,1,128,1,1,16,0.000,0.000,,,,,NVIDIA A100-SXM4-40GB MIG 4g.20gb (0),1,,13,cupy_copy__complex64_complex64
3730593979,15232,74238,1434,1,1,128,1,1,16,0.000,0.000,,,,,NVIDIA A100-SXM4-40GB MIG 4g.20gb (0),1,,13,cupy_copy__complex64_complex64
3730638267,6912,74245,103,1,1,128,1,1,16,0.000,0.000,,,,,NVIDIA A100-SXM4-40GB MIG 4g.20gb (0),1,,13,cupy_copy__complex64_complex64
3730667354,258909,74252,1,1,1,32,32,1,30,0.000,0.000,,,,,NVIDIA A100-SXM4-40GB MIG 4g.20gb (0),1,,13,"void convert_kernel<__half2, float2>(tensor_layout_any, T1 *, tensor_layout_any, const T2 *)"
3730955383,6656,74255,,,,,,,,,,0.094,14076.887,Pinned,Device,NVIDIA A100-SXM4-40GB MIG 4g.20gb (0),1,,13,[CUDA memcpy Host-to-Device]
3730991095,57727,74256,,,,,,,,,,35.810,620299.434,Device,,NVIDIA A100-SXM4-40GB MIG 4g.20gb (0),1,,13,[CUDA memset]
3731051510,4800,74258,,,,,,,,,,0.000,16.667,Pinned,Device,NVIDIA A100-SXM4-40GB MIG 4g.20gb (0),1,,13,[CUDA memcpy Host-to-Device]
3731061078,9408,74259,,,,,,,,,,0.197,20897.858,Pinned,Device,NVIDIA A100-SXM4-40GB MIG 4g.20gb (0),1,,13,[CUDA memcpy Host-to-Device]
3731116213,28160,74260,273,1,1,48,1,1,40,0.000,0.001,,,,,NVIDIA A100-SXM4-40GB MIG 4g.20gb (0),1,,13,"void pusch_noise_intf_est::noiseIntfEstNoDftSOfdmKernel<float, __half, float, float, (unsigned int)2, (unsigned int)1, (unsigned char)4, (unsigned char)4>(pusch_noise_intf_est::puschRxNoiseIntfEstDynDescr)"
3731178325,13471,74271,35,1,1,128,1,1,16,0.000,0.000,,,,,NVIDIA A100-SXM4-40GB MIG 4g.20gb (0),1,,13,cupy_copy__complex64_complex64
3731205812,5568,74280,1,1,1,1,1,1,18,0.000,0.000,,,,,NVIDIA A100-SXM4-40GB MIG 4g.20gb (0),1,,13,cupy_copy__float32_float32
3731210068,2880,74286,,,,,,,,,,0.000,1.389,Device,Pageable,NVIDIA A100-SXM4-40GB MIG 4g.20gb (0),1,,7,[CUDA memcpy Device-to-Host]
3731291539,15744,74297,1434,1,1,128,1,1,16,0.000,0.000,,,,,NVIDIA A100-SXM4-40GB MIG 4g.20gb (0),1,,13,cupy_copy__complex64_complex64
3731340115,7008,74304,103,1,1,128,1,1,16,0.000,0.000,,,,,NVIDIA A100-SXM4-40GB MIG 4g.20gb (0),1,,13,cupy_copy__complex64_complex64
3731367058,8800,74311,35,1,1,128,1,1,16,0.000,0.000,,,,,NVIDIA A100-SXM4-40GB MIG 4g.20gb (0),1,,13,cupy_copy__complex64_complex64
3731421554,12480,74318,1,1,1,1,1,1,18,0.000,0.000,,,,,NVIDIA A100-SXM4-40GB MIG 4g.20gb (0),1,,13,cupy_copy__float32_float32
3731527312,241598,74329,1,1,1,32,32,1,30,0.000,0.000,,,,,NVIDIA A100-SXM4-40GB MIG 4g.20gb (0),1,,13,"void convert_kernel<__half2, float2>(tensor_layout_any, T1 *, tensor_layout_any, const T2 *)"
3731798797,5600,74332,,,,,,,,,,0.094,16731.388,Pinned,Device,NVIDIA A100-SXM4-40GB MIG 4g.20gb (0),1,,13,[CUDA memcpy Host-to-Device]
3731847821,11136,74333,,,,,,,,,,1.547,138883.742,Device,,NVIDIA A100-SXM4-40GB MIG 4g.20gb (0),1,,13,[CUDA memset]
3731869325,3104,74338,,,,,,,,,,0.031,10082.445,Pinned,Device,NVIDIA A100-SXM4-40GB MIG 4g.20gb (0),1,,13,[CUDA memcpy Host-to-Device]
3731874956,9920,74339,,,,,,,,,,0.197,19819.266,Pinned,Device,NVIDIA A100-SXM4-40GB MIG 4g.20gb (0),1,,13,[CUDA memcpy Host-to-Device]
3731897868,38688,74340,273,1,1,8,4,1,39,0.002,0.000,,,,,NVIDIA A100-SXM4-40GB MIG 4g.20gb (0),1,,13,"void channel_eq::eqMmseCoefCompLowMimoKernel<float, float, float, (unsigned int)4, (unsigned int)1, (unsigned int)4>(const channel_eq::_puschRxChEqStatDescr *, channel_eq::_puschRxChEqCoefCompDynDescr)"
3732006827,31104,74341,273,1,1,12,11,1,51,0.002,0.000,,,,,NVIDIA A100-SXM4-40GB MIG 4g.20gb (0),1,,13,"void channel_eq::eqMmseSoftDemapKernel<float, __half, __half, float, (unsigned int)4, (unsigned short)16383>(channel_eq::_puschRxChEqStatDescr *, channel_eq::_puschRxChEqSoftDemapDynDescr)"
3732046763,595033,74342,1,1,1,32,32,1,30,0.000,0.000,,,,,NVIDIA A100-SXM4-40GB MIG 4g.20gb (0),1,,13,"void convert_kernel<float2, __half2>(tensor_layout_any, T1 *, tensor_layout_any, const T2 *)"
3732649828,15007,74354,2253,1,1,128,1,1,16,0.000,0.000,,,,,NVIDIA A100-SXM4-40GB MIG 4g.20gb (0),1,,13,cupy_copy__float16_float16
3732698723,8160,74363,282,1,1,128,1,1,16,0.000,0.000,,,,,NVIDIA A100-SXM4-40GB MIG 4g.20gb (0),1,,13,cupy_copy__complex64_complex64
3732720355,4096,74372,26,1,1,128,1,1,16,0.000,0.000,,,,,NVIDIA A100-SXM4-40GB MIG 4g.20gb (0),1,,13,cupy_copy__float32_float32
3732751618,11328,74381,103,1,1,128,1,1,16,0.000,0.000,,,,,NVIDIA A100-SXM4-40GB MIG 4g.20gb (0),1,,13,cupy_copy__complex64_complex64
3732807298,15552,74391,1434,1,1,128,1,1,16,0.000,0.000,,,,,NVIDIA A100-SXM4-40GB MIG 4g.20gb (0),1,,13,cupy_copy__complex64_complex64
3732859361,262845,74396,1,1,1,32,32,1,30,0.000,0.000,,,,,NVIDIA A100-SXM4-40GB MIG 4g.20gb (0),1,,13,"void convert_kernel<__half2, float2>(tensor_layout_any, T1 *, tensor_layout_any, const T2 *)"
3733152094,5408,74399,,,,,,,,,,0.094,17325.421,Pinned,Device,NVIDIA A100-SXM4-40GB MIG 4g.20gb (0),1,,13,[CUDA memcpy Host-to-Device]
3733184765,625849,74400,,,,,,,,,,456.561,729128.620,Device,,NVIDIA A100-SXM4-40GB MIG 4g.20gb (0),1,,13,[CUDA memset]
3733818486,52544,74405,,,,,,,,,,1.235,23502.219,Pinned,Device,NVIDIA A100-SXM4-40GB MIG 4g.20gb (0),1,,13,[CUDA memcpy Host-to-Device]
3733873558,9887,74406,,,,,,,,,,0.197,19885.326,Pinned,Device,NVIDIA A100-SXM4-40GB MIG 4g.20gb (0),1,,13,[CUDA memcpy Host-to-Device]
3733902421,16736,74407,69,4,1,48,1,1,76,0.002,0.000,,,,,NVIDIA A100-SXM4-40GB MIG 4g.20gb (0),1,,13,"void ch_est::windowedChEstPreNoDftSOfdmKernel<float, __half, float, (unsigned int)2, (unsigned int)1, (unsigned short)4>(ch_est::puschRxChEstStatDescr_t *, ch_est::puschRxChEstDynDescr_t *)"
3733945621,26463,74408,137,2,1,24,2,1,44,0.001,0.001,,,,,NVIDIA A100-SXM4-40GB MIG 4g.20gb (0),1,,13,"void ch_est::chEstFilterNoDftSOfdmDispatchKernel<float, __half, float, (unsigned int)2>(ch_est::puschRxChEstStatDescr_t *, ch_est::puschRxChEstDynDescr_t *)"
3733978260,21056,74409,137,2,1,24,2,1,44,0.001,0.001,,,,,NVIDIA A100-SXM4-40GB MIG 4g.20gb (0),1,,13,"void ch_est::chEstFilterNoDftSOfdmDispatchKernel<float, __half, float, (unsigned int)2>(ch_est::puschRxChEstStatDescr_t *, ch_est::puschRxChEstDynDescr_t *)"
3734022516,5344,74420,103,1,1,128,1,1,16,0.000,0.000,,,,,NVIDIA A100-SXM4-40GB MIG 4g.20gb (0),1,,13,cupy_copy__complex64_complex64
3734049172,14911,74430,1434,1,1,128,1,1,16,0.000,0.000,,,,,NVIDIA A100-SXM4-40GB MIG 4g.20gb (0),1,,13,cupy_copy__complex64_complex64
3734095091,6656,74437,103,1,1,128,1,1,16,0.000,0.000,,,,,NVIDIA A100-SXM4-40GB MIG 4g.20gb (0),1,,13,cupy_copy__complex64_complex64
3734125715,265149,74444,1,1,1,32,32,1,30,0.000,0.000,,,,,NVIDIA A100-SXM4-40GB MIG 4g.20gb (0),1,,13,"void convert_kernel<__half2, float2>(tensor_layout_any, T1 *, tensor_layout_any, const T2 *)"
3734420431,5440,74447,,,,,,,,,,0.094,17223.480,Pinned,Device,NVIDIA A100-SXM4-40GB MIG 4g.20gb (0),1,,13,[CUDA memcpy Host-to-Device]
3734468591,60831,74448,,,,,,,,,,35.810,588643.465,Device,,NVIDIA A100-SXM4-40GB MIG 4g.20gb (0),1,,13,[CUDA memset]
3734534766,2496,74450,,,,,,,,,,0.000,32.051,Pinned,Device,NVIDIA A100-SXM4-40GB MIG 4g.20gb (0),1,,13,[CUDA memcpy Host-to-Device]
3734539662,9344,74451,,,,,,,,,,0.197,21040.988,Pinned,Device,NVIDIA A100-SXM4-40GB MIG 4g.20gb (0),1,,13,[CUDA memcpy Host-to-Device]
3734584717,27872,74452,273,1,1,48,1,1,40,0.000,0.001,,,,,NVIDIA A100-SXM4-40GB MIG 4g.20gb (0),1,,13,"void pusch_noise_intf_est::noiseIntfEstNoDftSOfdmKernel<float, __half, float, float, (unsigned int)2, (unsigned int)1, (unsigned char)4, (unsigned char)4>(pusch_noise_intf_est::puschRxNoiseIntfEstDynDescr)"
3734625901,11616,74463,35,1,1,128,1,1,16,0.000,0.000,,,,,NVIDIA A100-SXM4-40GB MIG 4g.20gb (0),1,,13,cupy_copy__complex64_complex64
3734650509,3040,74472,1,1,1,1,1,1,18,0.000,0.000,,,,,NVIDIA A100-SXM4-40GB MIG 4g.20gb (0),1,,13,cupy_copy__float32_float32
3734658221,1759,74478,,,,,,,,,,0.000,2.274,Device,Pageable,NVIDIA A100-SXM4-40GB MIG 4g.20gb (0),1,,7,[CUDA memcpy Device-to-Host]
3734738796,15807,74489,1434,1,1,128,1,1,16,0.000,0.000,,,,,NVIDIA A100-SXM4-40GB MIG 4g.20gb (0),1,,13,cupy_copy__complex64_complex64
3734786475,7136,74496,103,1,1,128,1,1,16,0.000,0.000,,,,,NVIDIA A100-SXM4-40GB MIG 4g.20gb (0),1,,13,cupy_copy__complex64_complex64
3734813995,8768,74503,35,1,1,128,1,1,16,0.000,0.000,,,,,NVIDIA A100-SXM4-40GB MIG 4g.20gb (0),1,,13,cupy_copy__complex64_complex64
3734865066,6528,74510,1,1,1,1,1,1,18,0.000,0.000,,,,,NVIDIA A100-SXM4-40GB MIG 4g.20gb (0),1,,13,cupy_copy__float32_float32
3734959785,245245,74521,1,1,1,32,32,1,30,0.000,0.000,,,,,NVIDIA A100-SXM4-40GB MIG 4g.20gb (0),1,,13,"void convert_kernel<__half2, float2>(tensor_layout_any, T1 *, tensor_layout_any, const T2 *)"
3735235014,5376,74524,,,,,,,,,,0.094,17428.487,Pinned,Device,NVIDIA A100-SXM4-40GB MIG 4g.20gb (0),1,,13,[CUDA memcpy Host-to-Device]
3735264742,7327,74525,,,,,,,,,,1.547,211084.790,Device,,NVIDIA A100-SXM4-40GB MIG 4g.20gb (0),1,,13,[CUDA memset]
3735276837,3040,74530,,,,,,,,,,0.031,10294.725,Pinned,Device,NVIDIA A100-SXM4-40GB MIG 4g.20gb (0),1,,13,[CUDA memcpy Host-to-Device]
3735282341,10464,74531,,,,,,,,,,0.197,18788.844,Pinned,Device,NVIDIA A100-SXM4-40GB MIG 4g.20gb (0),1,,13,[CUDA memcpy Host-to-Device]
3735302661,39840,74532,273,1,1,8,4,1,39,0.002,0.000,,,,,NVIDIA A100-SXM4-40GB MIG 4g.20gb (0),1,,13,"void channel_eq::eqMmseCoefCompLowMimoKernel<float, float, float, (unsigned int)4, (unsigned int)1, (unsigned int)4>(const channel_eq::_puschRxChEqStatDescr *, channel_eq::_puschRxChEqCoefCompDynDescr)"
3735361348,19872,74533,273,1,1,12,11,1,51,0.002,0.000,,,,,NVIDIA A100-SXM4-40GB MIG 4g.20gb (0),1,,13,"void channel_eq::eqMmseSoftDemapKernel<float, __half, __half, float, (unsigned int)4, (unsigned short)16383>(channel_eq::_puschRxChEqStatDescr *, channel_eq::_puschRxChEqSoftDemapDynDescr)"
3735406500,591193,74534,1,1,1,32,32,1,30,0.000,0.000,,,,,NVIDIA A100-SXM4-40GB MIG 4g.20gb (0),1,,13,"void convert_kernel<float2, __half2>(tensor_layout_any, T1 *, tensor_layout_any, const T2 *)"
3736025213,15552,74546,2253,1,1,128,1,1,16,0.000,0.000,,,,,NVIDIA A100-SXM4-40GB MIG 4g.20gb (0),1,,13,cupy_copy__float16_float16
3736069980,7584,74555,282,1,1,128,1,1,16,0.000,0.000,,,,,NVIDIA A100-SXM4-40GB MIG 4g.20gb (0),1,,13,cupy_copy__complex64_complex64
3736099132,3712,74564,26,1,1,128,1,1,16,0.000,0.000,,,,,NVIDIA A100-SXM4-40GB MIG 4g.20gb (0),1,,13,cupy_copy__float32_float32
3736130396,12287,74573,103,1,1,128,1,1,16,0.000,0.000,,,,,NVIDIA A100-SXM4-40GB MIG 4g.20gb (0),1,,13,cupy_copy__complex64_complex64
3736162619,19712,74583,1434,1,1,128,1,1,16,0.000,0.000,,,,,NVIDIA A100-SXM4-40GB MIG 4g.20gb (0),1,,13,cupy_copy__complex64_complex64
3736218267,258045,74588,1,1,1,32,32,1,30,0.000,0.000,,,,,NVIDIA A100-SXM4-40GB MIG 4g.20gb (0),1,,13,"void convert_kernel<__half2, float2>(tensor_layout_any, T1 *, tensor_layout_any, const T2 *)"
3736506359,5376,74591,,,,,,,,,,0.094,17428.487,Pinned,Device,NVIDIA A100-SXM4-40GB MIG 4g.20gb (0),1,,13,[CUDA memcpy Host-to-Device]
3736534167,626265,74592,,,,,,,,,,456.561,728672.058,Device,,NVIDIA A100-SXM4-40GB MIG 4g.20gb (0),1,,13,[CUDA memset]
3737165488,52127,74597,,,,,,,,,,1.235,23689.931,Pinned,Device,NVIDIA A100-SXM4-40GB MIG 4g.20gb (0),1,,13,[CUDA memcpy Host-to-Device]
3737220495,9344,74598,,,,,,,,,,0.197,21040.988,Pinned,Device,NVIDIA A100-SXM4-40GB MIG 4g.20gb (0),1,,13,[CUDA memcpy Host-to-Device]
3737249455,19231,74599,69,4,1,48,1,1,76,0.002,0.000,,,,,NVIDIA A100-SXM4-40GB MIG 4g.20gb (0),1,,13,"void ch_est::windowedChEstPreNoDftSOfdmKernel<float, __half, float, (unsigned int)2, (unsigned int)1, (unsigned short)4>(ch_est::puschRxChEstStatDescr_t *, ch_est::puschRxChEstDynDescr_t *)"
3737293326,24960,74600,137,2,1,24,2,1,44,0.001,0.001,,,,,NVIDIA A100-SXM4-40GB MIG 4g.20gb (0),1,,13,"void ch_est::chEstFilterNoDftSOfdmDispatchKernel<float, __half, float, (unsigned int)2>(ch_est::puschRxChEstStatDescr_t *, ch_est::puschRxChEstDynDescr_t *)"
3737327022,19744,74601,137,2,1,24,2,1,44,0.001,0.001,,,,,NVIDIA A100-SXM4-40GB MIG 4g.20gb (0),1,,13,"void ch_est::chEstFilterNoDftSOfdmDispatchKernel<float, __half, float, (unsigned int)2>(ch_est::puschRxChEstStatDescr_t *, ch_est::puschRxChEstDynDescr_t *)"
3737375437,7616,74612,103,1,1,128,1,1,16,0.000,0.000,,,,,NVIDIA A100-SXM4-40GB MIG 4g.20gb (0),1,,13,cupy_copy__complex64_complex64
3737401965,14784,74622,1434,1,1,128,1,1,16,0.000,0.000,,,,,NVIDIA A100-SXM4-40GB MIG 4g.20gb (0),1,,13,cupy_copy__complex64_complex64
3737446604,6528,74629,103,1,1,128,1,1,16,0.000,0.000,,,,,NVIDIA A100-SXM4-40GB MIG 4g.20gb (0),1,,13,cupy_copy__complex64_complex64
3737479948,260061,74636,1,1,1,32,32,1,30,0.000,0.000,,,,,NVIDIA A100-SXM4-40GB MIG 4g.20gb (0),1,,13,"void convert_kernel<__half2, float2>(tensor_layout_any, T1 *, tensor_layout_any, const T2 *)"
3737772393,5376,74639,,,,,,,,,,0.094,17428.487,Pinned,Device,NVIDIA A100-SXM4-40GB MIG 4g.20gb (0),1,,13,[CUDA memcpy Host-to-Device]
3737820008,59359,74640,,,,,,,,,,35.810,603253.912,Device,,NVIDIA A100-SXM4-40GB MIG 4g.20gb (0),1,,13,[CUDA memset]
3737885255,1824,74642,,,,,,,,,,0.000,43.860,Pinned,Device,NVIDIA A100-SXM4-40GB MIG 4g.20gb (0),1,,13,[CUDA memcpy Host-to-Device]
3737889543,9920,74643,,,,,,,,,,0.197,19819.266,Pinned,Device,NVIDIA A100-SXM4-40GB MIG 4g.20gb (0),1,,13,[CUDA memcpy Host-to-Device]
3737932615,26592,74644,273,1,1,48,1,1,40,0.000,0.001,,,,,NVIDIA A100-SXM4-40GB MIG 4g.20gb (0),1,,13,"void pusch_noise_intf_est::noiseIntfEstNoDftSOfdmKernel<float, __half, float, float, (unsigned int)2, (unsigned int)1, (unsigned char)4, (unsigned char)4>(pusch_noise_intf_est::puschRxNoiseIntfEstDynDescr)"
3737973254,9952,74655,35,1,1,128,1,1,16,0.000,0.000,,,,,NVIDIA A100-SXM4-40GB MIG 4g.20gb (0),1,,13,cupy_copy__complex64_complex64
3737999206,2656,74664,1,1,1,1,1,1,18,0.000,0.000,,,,,NVIDIA A100-SXM4-40GB MIG 4g.20gb (0),1,,13,cupy_copy__float32_float32
3738009190,1600,74670,,,,,,,,,,0.000,2.500,Device,Pageable,NVIDIA A100-SXM4-40GB MIG 4g.20gb (0),1,,7,[CUDA memcpy Device-to-Host]
3738077573,14880,74681,1434,1,1,128,1,1,16,0.000,0.000,,,,,NVIDIA A100-SXM4-40GB MIG 4g.20gb (0),1,,13,cupy_copy__complex64_complex64
3738123269,5984,74688,103,1,1,128,1,1,16,0.000,0.000,,,,,NVIDIA A100-SXM4-40GB MIG 4g.20gb (0),1,,13,cupy_copy__complex64_complex64
3738150020,9056,74695,35,1,1,128,1,1,16,0.000,0.000,,,,,NVIDIA A100-SXM4-40GB MIG 4g.20gb (0),1,,13,cupy_copy__complex64_complex64
3738195908,3200,74702,1,1,1,1,1,1,18,0.000,0.000,,,,,NVIDIA A100-SXM4-40GB MIG 4g.20gb (0),1,,13,cupy_copy__float32_float32
3738297059,241213,74713,1,1,1,32,32,1,30,0.000,0.000,,,,,NVIDIA A100-SXM4-40GB MIG 4g.20gb (0),1,,13,"void convert_kernel<__half2, float2>(tensor_layout_any, T1 *, tensor_layout_any, const T2 *)"
3738568192,6527,74716,,,,,,,,,,0.094,14355.070,Pinned,Device,NVIDIA A100-SXM4-40GB MIG 4g.20gb (0),1,,13,[CUDA memcpy Host-to-Device]
3738602303,6912,74717,,,,,,,,,,1.547,223757.827,Device,,NVIDIA A100-SXM4-40GB MIG 4g.20gb (0),1,,13,[CUDA memset]
3738611551,3456,74722,,,,,,,,,,0.031,9055.529,Pinned,Device,NVIDIA A100-SXM4-40GB MIG 4g.20gb (0),1,,13,[CUDA memcpy Host-to-Device]
3738617471,9504,74723,,,,,,,,,,0.197,20686.701,Pinned,Device,NVIDIA A100-SXM4-40GB MIG 4g.20gb (0),1,,13,[CUDA memcpy Host-to-Device]
3738640767,34399,74724,273,1,1,8,4,1,39,0.002,0.000,,,,,NVIDIA A100-SXM4-40GB MIG 4g.20gb (0),1,,13,"void channel_eq::eqMmseCoefCompLowMimoKernel<float, float, float, (unsigned int)4, (unsigned int)1, (unsigned int)4>(const channel_eq::_puschRxChEqStatDescr *, channel_eq::_puschRxChEqCoefCompDynDescr)"
3738757949,30080,74725,273,1,1,12,11,1,51,0.002,0.000,,,,,NVIDIA A100-SXM4-40GB MIG 4g.20gb (0),1,,13,"void channel_eq::eqMmseSoftDemapKernel<float, __half, __half, float, (unsigned int)4, (unsigned short)16383>(channel_eq::_puschRxChEqStatDescr *, channel_eq::_puschRxChEqSoftDemapDynDescr)"
3738796797,561913,74726,1,1,1,32,32,1,30,0.000,0.000,,,,,NVIDIA A100-SXM4-40GB MIG 4g.20gb (0),1,,13,"void convert_kernel<float2, __half2>(tensor_layout_any, T1 *, tensor_layout_any, const T2 *)"
3739387062,14432,74738,2253,1,1,128,1,1,16,0.000,0.000,,,,,NVIDIA A100-SXM4-40GB MIG 4g.20gb (0),1,,13,cupy_copy__float16_float16
3739432374,10144,74747,282,1,1,128,1,1,16,0.000,0.000,,,,,NVIDIA A100-SXM4-40GB MIG 4g.20gb (0),1,,13,cupy_copy__complex64_complex64
3739456437,4256,74756,26,1,1,128,1,1,16,0.000,0.000,,,,,NVIDIA A100-SXM4-40GB MIG 4g.20gb (0),1,,13,cupy_copy__float32_float32
3739494421,10560,74765,103,1,1,128,1,1,16,0.000,0.000,,,,,NVIDIA A100-SXM4-40GB MIG 4g.20gb (0),1,,13,cupy_copy__complex64_complex64
3739516789,15839,74775,1434,1,1,128,1,1,16,0.000,0.000,,,,,NVIDIA A100-SXM4-40GB MIG 4g.20gb (0),1,,13,cupy_copy__complex64_complex64
3739568148,261821,74780,1,1,1,32,32,1,30,0.000,0.000,,,,,NVIDIA A100-SXM4-40GB MIG 4g.20gb (0),1,,13,"void convert_kernel<__half2, float2>(tensor_layout_any, T1 *, tensor_layout_any, const T2 *)"
3739868753,5376,74783,,,,,,,,,,0.094,17428.487,Pinned,Device,NVIDIA A100-SXM4-40GB MIG 4g.20gb (0),1,,13,[CUDA memcpy Host-to-Device]
3739914928,625209,74784,,,,,,,,,,456.561,730041.743,Device,,NVIDIA A100-SXM4-40GB MIG 4g.20gb (0),1,,13,[CUDA memset]
3740544137,54591,74789,,,,,,,,,,1.235,22621.704,Pinned,Device,NVIDIA A100-SXM4-40GB MIG 4g.20gb (0),1,,13,[CUDA memcpy Host-to-Device]
3740601800,10848,74790,,,,,,,,,,0.197,18123.719,Pinned,Device,NVIDIA A100-SXM4-40GB MIG 4g.20gb (0),1,,13,[CUDA memcpy Host-to-Device]
3740635336,23456,74791,69,4,1,48,1,1,76,0.002,0.000,,,,,NVIDIA A100-SXM4-40GB MIG 4g.20gb (0),1,,13,"void ch_est::windowedChEstPreNoDftSOfdmKernel<float, __half, float, (unsigned int)2, (unsigned int)1, (unsigned short)4>(ch_est::puschRxChEstStatDescr_t *, ch_est::puschRxChEstDynDescr_t *)"
3740669031,20288,74792,137,2,1,24,2,1,44,0.001,0.001,,,,,NVIDIA A100-SXM4-40GB MIG 4g.20gb (0),1,,13,"void ch_est::chEstFilterNoDftSOfdmDispatchKernel<float, __half, float, (unsigned int)2>(ch_est::puschRxChEstStatDescr_t *, ch_est::puschRxChEstDynDescr_t *)"
3740712775,24480,74793,137,2,1,24,2,1,44,0.001,0.001,,,,,NVIDIA A100-SXM4-40GB MIG 4g.20gb (0),1,,13,"void ch_est::chEstFilterNoDftSOfdmDispatchKernel<float, __half, float, (unsigned int)2>(ch_est::puschRxChEstStatDescr_t *, ch_est::puschRxChEstDynDescr_t *)"
3740747399,6943,74804,103,1,1,128,1,1,16,0.000,0.000,,,,,NVIDIA A100-SXM4-40GB MIG 4g.20gb (0),1,,13,cupy_copy__complex64_complex64
3740788838,15584,74814,1434,1,1,128,1,1,16,0.000,0.000,,,,,NVIDIA A100-SXM4-40GB MIG 4g.20gb (0),1,,13,cupy_copy__complex64_complex64
3740823750,5440,74821,103,1,1,128,1,1,16,0.000,0.000,,,,,NVIDIA A100-SXM4-40GB MIG 4g.20gb (0),1,,13,cupy_copy__complex64_complex64
3740867813,255933,74828,1,1,1,32,32,1,30,0.000,0.000,,,,,NVIDIA A100-SXM4-40GB MIG 4g.20gb (0),1,,13,"void convert_kernel<__half2, float2>(tensor_layout_any, T1 *, tensor_layout_any, const T2 *)"
3741153218,5376,74831,,,,,,,,,,0.094,17428.487,Pinned,Device,NVIDIA A100-SXM4-40GB MIG 4g.20gb (0),1,,13,[CUDA memcpy Host-to-Device]
3741201377,60832,74832,,,,,,,,,,35.810,588643.465,Device,,NVIDIA A100-SXM4-40GB MIG 4g.20gb (0),1,,13,[CUDA memset]
3741261569,2400,74834,,,,,,,,,,0.000,33.333,Pinned,Device,NVIDIA A100-SXM4-40GB MIG 4g.20gb (0),1,,13,[CUDA memcpy Host-to-Device]
3741269953,9823,74835,,,,,,,,,,0.197,20014.891,Pinned,Device,NVIDIA A100-SXM4-40GB MIG 4g.20gb (0),1,,13,[CUDA memcpy Host-to-Device]
3741328512,29343,74836,273,1,1,48,1,1,40,0.000,0.001,,,,,NVIDIA A100-SXM4-40GB MIG 4g.20gb (0),1,,13,"void pusch_noise_intf_est::noiseIntfEstNoDftSOfdmKernel<float, __half, float, float, (unsigned int)2, (unsigned int)1, (unsigned char)4, (unsigned char)4>(pusch_noise_intf_est::puschRxNoiseIntfEstDynDescr)"
3741392319,11264,74847,35,1,1,128,1,1,16,0.000,0.000,,,,,NVIDIA A100-SXM4-40GB MIG 4g.20gb (0),1,,13,cupy_copy__complex64_complex64
3741415967,8192,74856,1,1,1,1,1,1,18,0.000,0.000,,,,,NVIDIA A100-SXM4-40GB MIG 4g.20gb (0),1,,13,cupy_copy__float32_float32
3741425183,1824,74862,,,,,,,,,,0.000,2.193,Device,Pageable,NVIDIA A100-SXM4-40GB MIG 4g.20gb (0),1,,7,[CUDA memcpy Device-to-Host]
3741502686,15168,74873,1434,1,1,128,1,1,16,0.000,0.000,,,,,NVIDIA A100-SXM4-40GB MIG 4g.20gb (0),1,,13,cupy_copy__complex64_complex64
3741552413,6176,74880,103,1,1,128,1,1,16,0.000,0.000,,,,,NVIDIA A100-SXM4-40GB MIG 4g.20gb (0),1,,13,cupy_copy__complex64_complex64
3741578781,7744,74887,35,1,1,128,1,1,16,0.000,0.000,,,,,NVIDIA A100-SXM4-40GB MIG 4g.20gb (0),1,,13,cupy_copy__complex64_complex64
3741625084,3968,74894,1,1,1,1,1,1,18,0.000,0.000,,,,,NVIDIA A100-SXM4-40GB MIG 4g.20gb (0),1,,13,cupy_copy__float32_float32
3741750939,245789,74905,1,1,1,32,32,1,30,0.000,0.000,,,,,NVIDIA A100-SXM4-40GB MIG 4g.20gb (0),1,,13,"void convert_kernel<__half2, float2>(tensor_layout_any, T1 *, tensor_layout_any, const T2 *)"
3742026904,5728,74908,,,,,,,,,,0.094,16357.541,Pinned,Device,NVIDIA A100-SXM4-40GB MIG 4g.20gb (0),1,,13,[CUDA memcpy Host-to-Device]
3742073527,11520,74909,,,,,,,,,,1.547,134254.696,Device,,NVIDIA A100-SXM4-40GB MIG 4g.20gb (0),1,,13,[CUDA memset]
3742086295,3200,74914,,,,,,,,,,0.031,9780.000,Pinned,Device,NVIDIA A100-SXM4-40GB MIG 4g.20gb (0),1,,13,[CUDA memcpy Host-to-Device]
3742091959,11104,74915,,,,,,,,,,0.197,17705.927,Pinned,Device,NVIDIA A100-SXM4-40GB MIG 4g.20gb (0),1,,13,[CUDA memcpy Host-to-Device]
3742115255,29279,74916,273,1,1,8,4,1,39,0.002,0.000,,,,,NVIDIA A100-SXM4-40GB MIG 4g.20gb (0),1,,13,"void channel_eq::eqMmseCoefCompLowMimoKernel<float, float, float, (unsigned int)4, (unsigned int)1, (unsigned int)4>(const channel_eq::_puschRxChEqStatDescr *, channel_eq::_puschRxChEqCoefCompDynDescr)"
3742157590,36096,74917,273,1,1,12,11,1,51,0.002,0.000,,,,,NVIDIA A100-SXM4-40GB MIG 4g.20gb (0),1,,13,"void channel_eq::eqMmseSoftDemapKernel<float, __half, __half, float, (unsigned int)4, (unsigned short)16383>(channel_eq::_puschRxChEqStatDescr *, channel_eq::_puschRxChEqSoftDemapDynDescr)"
3742198870,601177,74918,1,1,1,32,32,1,30,0.000,0.000,,,,,NVIDIA A100-SXM4-40GB MIG 4g.20gb (0),1,,13,"void convert_kernel<float2, __half2>(tensor_layout_any, T1 *, tensor_layout_any, const T2 *)"
3742828591,16927,74930,2253,1,1,128,1,1,16,0.000,0.000,,,,,NVIDIA A100-SXM4-40GB MIG 4g.20gb (0),1,,13,cupy_copy__float16_float16
3742868750,5984,74939,282,1,1,128,1,1,16,0.000,0.000,,,,,NVIDIA A100-SXM4-40GB MIG 4g.20gb (0),1,,13,cupy_copy__complex64_complex64
3742905966,7744,74948,26,1,1,128,1,1,16,0.000,0.000,,,,,NVIDIA A100-SXM4-40GB MIG 4g.20gb (0),1,,13,cupy_copy__float32_float32
3742926477,9632,74957,103,1,1,128,1,1,16,0.000,0.000,,,,,NVIDIA A100-SXM4-40GB MIG 4g.20gb (0),1,,13,cupy_copy__complex64_complex64
3742986285,18304,74967,1434,1,1,128,1,1,16,0.000,0.000,,,,,NVIDIA A100-SXM4-40GB MIG 4g.20gb (0),1,,13,cupy_copy__complex64_complex64
3743023788,256669,74972,1,1,1,32,32,1,30,0.000,0.000,,,,,NVIDIA A100-SXM4-40GB MIG 4g.20gb (0),1,,13,"void convert_kernel<__half2, float2>(tensor_layout_any, T1 *, tensor_layout_any, const T2 *)"
3743309833,8128,74975,,,,,,,,,,0.094,11527.513,Pinned,Device,NVIDIA A100-SXM4-40GB MIG 4g.20gb (0),1,,13,[CUDA memcpy Host-to-Device]
3743346441,631032,74976,,,,,,,,,,456.561,723193.321,Device,,NVIDIA A100-SXM4-40GB MIG 4g.20gb (0),1,,13,[CUDA memset]
3743983137,54688,74981,,,,,,,,,,1.235,22580.951,Pinned,Device,NVIDIA A100-SXM4-40GB MIG 4g.20gb (0),1,,13,[CUDA memcpy Host-to-Device]
3744044737,10751,74982,,,,,,,,,,0.197,18287.297,Pinned,Device,NVIDIA A100-SXM4-40GB MIG 4g.20gb (0),1,,13,[CUDA memcpy Host-to-Device]
3744076640,23840,74983,69,4,1,48,1,1,76,0.002,0.000,,,,,NVIDIA A100-SXM4-40GB MIG 4g.20gb (0),1,,13,"void ch_est::windowedChEstPreNoDftSOfdmKernel<float, __half, float, (unsigned int)2, (unsigned int)1, (unsigned short)4>(ch_est::puschRxChEstStatDescr_t *, ch_est::puschRxChEstDynDescr_t *)"
3744111040,19584,74984,137,2,1,24,2,1,44,0.001,0.001,,,,,NVIDIA A100-SXM4-40GB MIG 4g.20gb (0),1,,13,"void ch_est::chEstFilterNoDftSOfdmDispatchKernel<float, __half, float, (unsigned int)2>(ch_est::puschRxChEstStatDescr_t *, ch_est::puschRxChEstDynDescr_t *)"
3744150591,25280,74985,137,2,1,24,2,1,44,0.001,0.001,,,,,NVIDIA A100-SXM4-40GB MIG 4g.20gb (0),1,,13,"void ch_est::chEstFilterNoDftSOfdmDispatchKernel<float, __half, float, (unsigned int)2>(ch_est::puschRxChEstStatDescr_t *, ch_est::puschRxChEstDynDescr_t *)"
3744184255,8448,74996,103,1,1,128,1,1,16,0.000,0.000,,,,,NVIDIA A100-SXM4-40GB MIG 4g.20gb (0),1,,13,cupy_copy__complex64_complex64
3744228062,15040,75006,1434,1,1,128,1,1,16,0.000,0.000,,,,,NVIDIA A100-SXM4-40GB MIG 4g.20gb (0),1,,13,cupy_copy__complex64_complex64
3744260894,5344,75013,103,1,1,128,1,1,16,0.000,0.000,,,,,NVIDIA A100-SXM4-40GB MIG 4g.20gb (0),1,,13,cupy_copy__complex64_complex64
3744305502,264957,75020,1,1,1,32,32,1,30,0.000,0.000,,,,,NVIDIA A100-SXM4-40GB MIG 4g.20gb (0),1,,13,"void convert_kernel<__half2, float2>(tensor_layout_any, T1 *, tensor_layout_any, const T2 *)"
3744600890,6528,75023,,,,,,,,,,0.094,14352.915,Pinned,Device,NVIDIA A100-SXM4-40GB MIG 4g.20gb (0),1,,13,[CUDA memcpy Host-to-Device]
3744654490,60607,75024,,,,,,,,,,35.810,590827.870,Device,,NVIDIA A100-SXM4-40GB MIG 4g.20gb (0),1,,13,[CUDA memset]
3744723609,1888,75026,,,,,,,,,,0.000,42.373,Pinned,Device,NVIDIA A100-SXM4-40GB MIG 4g.20gb (0),1,,13,[CUDA memcpy Host-to-Device]
3744727961,9408,75027,,,,,,,,,,0.197,20897.858,Pinned,Device,NVIDIA A100-SXM4-40GB MIG 4g.20gb (0),1,,13,[CUDA memcpy Host-to-Device]
3744779000,36160,75028,273,1,1,48,1,1,40,0.000,0.001,,,,,NVIDIA A100-SXM4-40GB MIG 4g.20gb (0),1,,13,"void pusch_noise_intf_est::noiseIntfEstNoDftSOfdmKernel<float, __half, float, float, (unsigned int)2, (unsigned int)1, (unsigned char)4, (unsigned char)4>(pusch_noise_intf_est::puschRxNoiseIntfEstDynDescr)"
3744847735,10400,75039,35,1,1,128,1,1,16,0.000,0.000,,,,,NVIDIA A100-SXM4-40GB MIG 4g.20gb (0),1,,13,cupy_copy__complex64_complex64
3744869303,3872,75048,1,1,1,1,1,1,18,0.000,0.000,,,,,NVIDIA A100-SXM4-40GB MIG 4g.20gb (0),1,,13,cupy_copy__float32_float32
3744881143,1696,75054,,,,,,,,,,0.000,2.358,Device,Pageable,NVIDIA A100-SXM4-40GB MIG 4g.20gb (0),1,,7,[CUDA memcpy Device-to-Host]
3744956982,14976,75065,1434,1,1,128,1,1,16,0.000,0.000,,,,,NVIDIA A100-SXM4-40GB MIG 4g.20gb (0),1,,13,cupy_copy__complex64_complex64
3745003126,7328,75072,103,1,1,128,1,1,16,0.000,0.000,,,,,NVIDIA A100-SXM4-40GB MIG 4g.20gb (0),1,,13,cupy_copy__complex64_complex64
3745029813,7520,75079,35,1,1,128,1,1,16,0.000,0.000,,,,,NVIDIA A100-SXM4-40GB MIG 4g.20gb (0),1,,13,cupy_copy__complex64_complex64
3745075125,5024,75086,1,1,1,1,1,1,18,0.000,0.000,,,,,NVIDIA A100-SXM4-40GB MIG 4g.20gb (0),1,,13,cupy_copy__float32_float32
3745191475,242750,75097,1,1,1,32,32,1,30,0.000,0.000,,,,,NVIDIA A100-SXM4-40GB MIG 4g.20gb (0),1,,13,"void convert_kernel<__half2, float2>(tensor_layout_any, T1 *, tensor_layout_any, const T2 *)"
3745465232,5376,75100,,,,,,,,,,0.094,17428.487,Pinned,Device,NVIDIA A100-SXM4-40GB MIG 4g.20gb (0),1,,13,[CUDA memcpy Host-to-Device]
3745515920,12096,75101,,,,,,,,,,1.547,127860.953,Device,,NVIDIA A100-SXM4-40GB MIG 4g.20gb (0),1,,13,[CUDA memset]
3745530928,3327,75106,,,,,,,,,,0.031,9406.670,Pinned,Device,NVIDIA A100-SXM4-40GB MIG 4g.20gb (0),1,,13,[CUDA memcpy Host-to-Device]
3745537583,9344,75107,,,,,,,,,,0.197,21040.988,Pinned,Device,NVIDIA A100-SXM4-40GB MIG 4g.20gb (0),1,,13,[CUDA memcpy Host-to-Device]
3745576495,33632,75108,273,1,1,8,4,1,39,0.002,0.000,,,,,NVIDIA A100-SXM4-40GB MIG 4g.20gb (0),1,,13,"void channel_eq::eqMmseCoefCompLowMimoKernel<float, float, float, (unsigned int)4, (unsigned int)1, (unsigned int)4>(const channel_eq::_puschRxChEqStatDescr *, channel_eq::_puschRxChEqCoefCompDynDescr)"
3745686414,33951,75109,273,1,1,12,11,1,51,0.002,0.000,,,,,NVIDIA A100-SXM4-40GB MIG 4g.20gb (0),1,,13,"void channel_eq::eqMmseSoftDemapKernel<float, __half, __half, float, (unsigned int)4, (unsigned short)16383>(channel_eq::_puschRxChEqStatDescr *, channel_eq::_puschRxChEqSoftDemapDynDescr)"
3745771181,612473,75110,1,1,1,32,32,1,30,0.000,0.000,,,,,NVIDIA A100-SXM4-40GB MIG 4g.20gb (0),1,,13,"void convert_kernel<float2, __half2>(tensor_layout_any, T1 *, tensor_layout_any, const T2 *)"
3746413029,16704,75122,2253,1,1,128,1,1,16,0.000,0.000,,,,,NVIDIA A100-SXM4-40GB MIG 4g.20gb (0),1,,13,cupy_copy__float16_float16
3746492068,9792,75131,282,1,1,128,1,1,16,0.000,0.000,,,,,NVIDIA A100-SXM4-40GB MIG 4g.20gb (0),1,,13,cupy_copy__complex64_complex64
3746513508,4800,75140,26,1,1,128,1,1,16,0.000,0.000,,,,,NVIDIA A100-SXM4-40GB MIG 4g.20gb (0),1,,13,cupy_copy__float32_float32
3746544836,11872,75149,103,1,1,128,1,1,16,0.000,0.000,,,,,NVIDIA A100-SXM4-40GB MIG 4g.20gb (0),1,,13,cupy_copy__complex64_complex64
3746599427,16000,75159,1434,1,1,128,1,1,16,0.000,0.000,,,,,NVIDIA A100-SXM4-40GB MIG 4g.20gb (0),1,,13,cupy_copy__complex64_complex64
3746652003,260413,75164,1,1,1,32,32,1,30,0.000,0.000,,,,,NVIDIA A100-SXM4-40GB MIG 4g.20gb (0),1,,13,"void convert_kernel<__half2, float2>(tensor_layout_any, T1 *, tensor_layout_any, const T2 *)"
3746941439,5344,75167,,,,,,,,,,0.094,17532.864,Pinned,Device,NVIDIA A100-SXM4-40GB MIG 4g.20gb (0),1,,13,[CUDA memcpy Host-to-Device]
3746973631,625497,75168,,,,,,,,,,456.561,729585.181,Device,,NVIDIA A100-SXM4-40GB MIG 4g.20gb (0),1,,13,[CUDA memset]
3747608024,51743,75173,,,,,,,,,,1.235,23866.528,Pinned,Device,NVIDIA A100-SXM4-40GB MIG 4g.20gb (0),1,,13,[CUDA memcpy Host-to-Device]
3747662199,9824,75174,,,,,,,,,,0.197,20012.925,Pinned,Device,NVIDIA A100-SXM4-40GB MIG 4g.20gb (0),1,,13,[CUDA memcpy Host-to-Device]
3747692599,18079,75175,69,4,1,48,1,1,76,0.002,0.000,,,,,NVIDIA A100-SXM4-40GB MIG 4g.20gb (0),1,,13,"void ch_est::windowedChEstPreNoDftSOfdmKernel<float, __half, float, (unsigned int)2, (unsigned int)1, (unsigned short)4>(ch_est::puschRxChEstStatDescr_t *, ch_est::puschRxChEstDynDescr_t *)"
3747732854,26592,75176,137,2,1,24,2,1,44,0.001,0.001,,,,,NVIDIA A100-SXM4-40GB MIG 4g.20gb (0),1,,13,"void ch_est::chEstFilterNoDftSOfdmDispatchKernel<float, __half, float, (unsigned int)2>(ch_est::puschRxChEstStatDescr_t *, ch_est::puschRxChEstDynDescr_t *)"
3747765398,20064,75177,137,2,1,24,2,1,44,0.001,0.001,,,,,NVIDIA A100-SXM4-40GB MIG 4g.20gb (0),1,,13,"void ch_est::chEstFilterNoDftSOfdmDispatchKernel<float, __half, float, (unsigned int)2>(ch_est::puschRxChEstStatDescr_t *, ch_est::puschRxChEstDynDescr_t *)"
3747809301,6496,75188,103,1,1,128,1,1,16,0.000,0.000,,,,,NVIDIA A100-SXM4-40GB MIG 4g.20gb (0),1,,13,cupy_copy__complex64_complex64
3747835221,15744,75198,1434,1,1,128,1,1,16,0.000,0.000,,,,,NVIDIA A100-SXM4-40GB MIG 4g.20gb (0),1,,13,cupy_copy__complex64_complex64
3747880277,6687,75205,103,1,1,128,1,1,16,0.000,0.000,,,,,NVIDIA A100-SXM4-40GB MIG 4g.20gb (0),1,,13,cupy_copy__complex64_complex64
3747911508,261405,75212,1,1,1,32,32,1,30,0.000,0.000,,,,,NVIDIA A100-SXM4-40GB MIG 4g.20gb (0),1,,13,"void convert_kernel<__half2, float2>(tensor_layout_any, T1 *, tensor_layout_any, const T2 *)"
3748203473,5408,75215,,,,,,,,,,0.094,17325.421,Pinned,Device,NVIDIA A100-SXM4-40GB MIG 4g.20gb (0),1,,13,[CUDA memcpy Host-to-Device]
3748255216,59648,75216,,,,,,,,,,35.810,600353.309,Device,,NVIDIA A100-SXM4-40GB MIG 4g.20gb (0),1,,13,[CUDA memset]
3748321775,1824,75218,,,,,,,,,,0.000,43.860,Pinned,Device,NVIDIA A100-SXM4-40GB MIG 4g.20gb (0),1,,13,[CUDA memcpy Host-to-Device]
3748326031,9920,75219,,,,,,,,,,0.197,19819.266,Pinned,Device,NVIDIA A100-SXM4-40GB MIG 4g.20gb (0),1,,13,[CUDA memcpy Host-to-Device]
3748366895,24512,75220,273,1,1,48,1,1,40,0.000,0.001,,,,,NVIDIA A100-SXM4-40GB MIG 4g.20gb (0),1,,13,"void pusch_noise_intf_est::noiseIntfEstNoDftSOfdmKernel<float, __half, float, float, (unsigned int)2, (unsigned int)1, (unsigned char)4, (unsigned char)4>(pusch_noise_intf_est::puschRxNoiseIntfEstDynDescr)"
3748404526,12000,75231,35,1,1,128,1,1,16,0.000,0.000,,,,,NVIDIA A100-SXM4-40GB MIG 4g.20gb (0),1,,13,cupy_copy__complex64_complex64
3748428110,2624,75240,1,1,1,1,1,1,18,0.000,0.000,,,,,NVIDIA A100-SXM4-40GB MIG 4g.20gb (0),1,,13,cupy_copy__float32_float32
3748433358,1600,75246,,,,,,,,,,0.000,2.500,Device,Pageable,NVIDIA A100-SXM4-40GB MIG 4g.20gb (0),1,,7,[CUDA memcpy Device-to-Host]
3748513133,14112,75257,1434,1,1,128,1,1,16,0.000,0.000,,,,,NVIDIA A100-SXM4-40GB MIG 4g.20gb (0),1,,13,cupy_copy__complex64_complex64
3748560589,6880,75264,103,1,1,128,1,1,16,0.000,0.000,,,,,NVIDIA A100-SXM4-40GB MIG 4g.20gb (0),1,,13,cupy_copy__complex64_complex64
3748587372,7744,75271,35,1,1,128,1,1,16,0.000,0.000,,,,,NVIDIA A100-SXM4-40GB MIG 4g.20gb (0),1,,13,cupy_copy__complex64_complex64
3748634092,3968,75278,1,1,1,1,1,1,18,0.000,0.000,,,,,NVIDIA A100-SXM4-40GB MIG 4g.20gb (0),1,,13,cupy_copy__float32_float32
3748763722,247902,75289,1,1,1,32,32,1,30,0.000,0.000,,,,,NVIDIA A100-SXM4-40GB MIG 4g.20gb (0),1,,13,"void convert_kernel<__half2, float2>(tensor_layout_any, T1 *, tensor_layout_any, const T2 *)"
3749041351,5376,75292,,,,,,,,,,0.094,17428.487,Pinned,Device,NVIDIA A100-SXM4-40GB MIG 4g.20gb (0),1,,13,[CUDA memcpy Host-to-Device]
3749075175,12736,75293,,,,,,,,,,1.547,121436.277,Device,,NVIDIA A100-SXM4-40GB MIG 4g.20gb (0),1,,13,[CUDA memset]
3749091335,3040,75298,,,,,,,,,,0.031,10294.725,Pinned,Device,NVIDIA A100-SXM4-40GB MIG 4g.20gb (0),1,,13,[CUDA memcpy Host-to-Device]
3749096775,9695,75299,,,,,,,,,,0.197,20279.132,Pinned,Device,NVIDIA A100-SXM4-40GB MIG 4g.20gb (0),1,,13,[CUDA memcpy Host-to-Device]
3749120134,28640,75300,273,1,1,8,4,1,39,0.002,0.000,,,,,NVIDIA A100-SXM4-40GB MIG 4g.20gb (0),1,,13,"void channel_eq::eqMmseCoefCompLowMimoKernel<float, float, float, (unsigned int)4, (unsigned int)1, (unsigned int)4>(const channel_eq::_puschRxChEqStatDescr *, channel_eq::_puschRxChEqCoefCompDynDescr)"
3749164998,30527,75301,273,1,1,12,11,1,51,0.002,0.000,,,,,NVIDIA A100-SXM4-40GB MIG 4g.20gb (0),1,,13,"void channel_eq::eqMmseSoftDemapKernel<float, __half, __half, float, (unsigned int)4, (unsigned short)16383>(channel_eq::_puschRxChEqStatDescr *, channel_eq::_puschRxChEqSoftDemapDynDescr)"
3749240805,624121,75302,1,1,1,32,32,1,30,0.000,0.000,,,,,NVIDIA A100-SXM4-40GB MIG 4g.20gb (0),1,,13,"void convert_kernel<float2, __half2>(tensor_layout_any, T1 *, tensor_layout_any, const T2 *)"
3749890525,16640,75314,2253,1,1,128,1,1,16,0.000,0.000,,,,,NVIDIA A100-SXM4-40GB MIG 4g.20gb (0),1,,13,cupy_copy__float16_float16
3749926749,5632,75323,282,1,1,128,1,1,16,0.000,0.000,,,,,NVIDIA A100-SXM4-40GB MIG 4g.20gb (0),1,,13,cupy_copy__complex64_complex64
3749962813,5504,75332,26,1,1,128,1,1,16,0.000,0.000,,,,,NVIDIA A100-SXM4-40GB MIG 4g.20gb (0),1,,13,cupy_copy__float32_float32
3749984284,8960,75341,103,1,1,128,1,1,16,0.000,0.000,,,,,NVIDIA A100-SXM4-40GB MIG 4g.20gb (0),1,,13,cupy_copy__complex64_complex64
3750075739,16672,75351,1434,1,1,128,1,1,16,0.000,0.000,,,,,NVIDIA A100-SXM4-40GB MIG 4g.20gb (0),1,,13,cupy_copy__complex64_complex64
3750112443,261565,75356,1,1,1,32,32,1,30,0.000,0.000,,,,,NVIDIA A100-SXM4-40GB MIG 4g.20gb (0),1,,13,"void convert_kernel<__half2, float2>(tensor_layout_any, T1 *, tensor_layout_any, const T2 *)"
3750404504,5375,75359,,,,,,,,,,0.094,17431.766,Pinned,Device,NVIDIA A100-SXM4-40GB MIG 4g.20gb (0),1,,13,[CUDA memcpy Host-to-Device]
3750439127,629689,75360,,,,,,,,,,456.561,725019.567,Device,,NVIDIA A100-SXM4-40GB MIG 4g.20gb (0),1,,13,[CUDA memset]
3751071408,55615,75365,,,,,,,,,,1.235,22204.293,Pinned,Device,NVIDIA A100-SXM4-40GB MIG 4g.20gb (0),1,,13,[CUDA memcpy Host-to-Device]
3751129455,9568,75366,,,,,,,,,,0.197,20548.485,Pinned,Device,NVIDIA A100-SXM4-40GB MIG 4g.20gb (0),1,,13,[CUDA memcpy Host-to-Device]
3751169103,22783,75367,69,4,1,48,1,1,76,0.002,0.000,,,,,NVIDIA A100-SXM4-40GB MIG 4g.20gb (0),1,,13,"void ch_est::windowedChEstPreNoDftSOfdmKernel<float, __half, float, (unsigned int)2, (unsigned int)1, (unsigned short)4>(ch_est::puschRxChEstStatDescr_t *, ch_est::puschRxChEstDynDescr_t *)"
3751201454,20160,75368,137,2,1,24,2,1,44,0.001,0.001,,,,,NVIDIA A100-SXM4-40GB MIG 4g.20gb (0),1,,13,"void ch_est::chEstFilterNoDftSOfdmDispatchKernel<float, __half, float, (unsigned int)2>(ch_est::puschRxChEstStatDescr_t *, ch_est::puschRxChEstDynDescr_t *)"
3751245518,24608,75369,137,2,1,24,2,1,44,0.001,0.001,,,,,NVIDIA A100-SXM4-40GB MIG 4g.20gb (0),1,,13,"void ch_est::chEstFilterNoDftSOfdmDispatchKernel<float, __half, float, (unsigned int)2>(ch_est::puschRxChEstStatDescr_t *, ch_est::puschRxChEstDynDescr_t *)"
3751277613,6048,75380,103,1,1,128,1,1,16,0.000,0.000,,,,,NVIDIA A100-SXM4-40GB MIG 4g.20gb (0),1,,13,cupy_copy__complex64_complex64
3751321037,15424,75390,1434,1,1,128,1,1,16,0.000,0.000,,,,,NVIDIA A100-SXM4-40GB MIG 4g.20gb (0),1,,13,cupy_copy__complex64_complex64
3751353101,5888,75397,103,1,1,128,1,1,16,0.000,0.000,,,,,NVIDIA A100-SXM4-40GB MIG 4g.20gb (0),1,,13,cupy_copy__complex64_complex64
3751399660,259965,75404,1,1,1,32,32,1,30,0.000,0.000,,,,,NVIDIA A100-SXM4-40GB MIG 4g.20gb (0),1,,13,"void convert_kernel<__half2, float2>(tensor_layout_any, T1 *, tensor_layout_any, const T2 *)"
3751688553,5600,75407,,,,,,,,,,0.094,16731.388,Pinned,Device,NVIDIA A100-SXM4-40GB MIG 4g.20gb (0),1,,13,[CUDA memcpy Host-to-Device]
3751737736,58528,75408,,,,,,,,,,35.810,611812.483,Device,,NVIDIA A100-SXM4-40GB MIG 4g.20gb (0),1,,13,[CUDA memset]
3751803303,1856,75410,,,,,,,,,,0.000,43.103,Pinned,Device,NVIDIA A100-SXM4-40GB MIG 4g.20gb (0),1,,13,[CUDA memcpy Host-to-Device]
3751807591,9344,75411,,,,,,,,,,0.197,21040.988,Pinned,Device,NVIDIA A100-SXM4-40GB MIG 4g.20gb (0),1,,13,[CUDA memcpy Host-to-Device]
3751849191,35711,75412,273,1,1,48,1,1,40,0.000,0.001,,,,,NVIDIA A100-SXM4-40GB MIG 4g.20gb (0),1,,13,"void pusch_noise_intf_est::noiseIntfEstNoDftSOfdmKernel<float, __half, float, float, (unsigned int)2, (unsigned int)1, (unsigned char)4, (unsigned char)4>(pusch_noise_intf_est::puschRxNoiseIntfEstDynDescr)"
3751916422,9952,75423,35,1,1,128,1,1,16,0.000,0.000,,,,,NVIDIA A100-SXM4-40GB MIG 4g.20gb (0),1,,13,cupy_copy__complex64_complex64
3751940806,3680,75432,1,1,1,1,1,1,18,0.000,0.000,,,,,NVIDIA A100-SXM4-40GB MIG 4g.20gb (0),1,,13,cupy_copy__float32_float32
3751951782,1632,75438,,,,,,,,,,0.000,2.451,Device,Pageable,NVIDIA A100-SXM4-40GB MIG 4g.20gb (0),1,,7,[CUDA memcpy Device-to-Host]
3752032773,14944,75449,1434,1,1,128,1,1,16,0.000,0.000,,,,,NVIDIA A100-SXM4-40GB MIG 4g.20gb (0),1,,13,cupy_copy__complex64_complex64
3752077668,7776,75456,103,1,1,128,1,1,16,0.000,0.000,,,,,NVIDIA A100-SXM4-40GB MIG 4g.20gb (0),1,,13,cupy_copy__complex64_complex64
3752107780,6016,75463,35,1,1,128,1,1,16,0.000,0.000,,,,,NVIDIA A100-SXM4-40GB MIG 4g.20gb (0),1,,13,cupy_copy__complex64_complex64
3752154275,3488,75470,1,1,1,1,1,1,18,0.000,0.000,,,,,NVIDIA A100-SXM4-40GB MIG 4g.20gb (0),1,,13,cupy_copy__float32_float32
3752250658,252189,75481,1,1,1,32,32,1,30,0.000,0.000,,,,,NVIDIA A100-SXM4-40GB MIG 4g.20gb (0),1,,13,"void convert_kernel<__half2, float2>(tensor_layout_any, T1 *, tensor_layout_any, const T2 *)"
3752532543,5568,75484,,,,,,,,,,0.094,16827.521,Pinned,Device,NVIDIA A100-SXM4-40GB MIG 4g.20gb (0),1,,13,[CUDA memcpy Host-to-Device]
3752547423,7520,75485,,,,,,,,,,1.547,205666.966,Device,,NVIDIA A100-SXM4-40GB MIG 4g.20gb (0),1,,13,[CUDA memset]
3752555423,3072,75490,,,,,,,,,,0.031,10187.474,Pinned,Device,NVIDIA A100-SXM4-40GB MIG 4g.20gb (0),1,,13,[CUDA memcpy Host-to-Device]
3752561151,9376,75491,,,,,,,,,,0.197,20969.226,Pinned,Device,NVIDIA A100-SXM4-40GB MIG 4g.20gb (0),1,,13,[CUDA memcpy Host-to-Device]
3752590430,34048,75492,273,1,1,8,4,1,39,0.002,0.000,,,,,NVIDIA A100-SXM4-40GB MIG 4g.20gb (0),1,,13,"void channel_eq::eqMmseCoefCompLowMimoKernel<float, float, float, (unsigned int)4, (unsigned int)1, (unsigned int)4>(const channel_eq::_puschRxChEqStatDescr *, channel_eq::_puschRxChEqCoefCompDynDescr)"
3752702173,30944,75493,273,1,1,12,11,1,51,0.002,0.000,,,,,NVIDIA A100-SXM4-40GB MIG 4g.20gb (0),1,,13,"void channel_eq::eqMmseSoftDemapKernel<float, __half, __half, float, (unsigned int)4, (unsigned short)16383>(channel_eq::_puschRxChEqStatDescr *, channel_eq::_puschRxChEqSoftDemapDynDescr)"
3752743517,602969,75494,1,1,1,32,32,1,30,0.000,0.000,,,,,NVIDIA A100-SXM4-40GB MIG 4g.20gb (0),1,,13,"void convert_kernel<float2, __half2>(tensor_layout_any, T1 *, tensor_layout_any, const T2 *)"
3753368693,16032,75506,2253,1,1,128,1,1,16,0.000,0.000,,,,,NVIDIA A100-SXM4-40GB MIG 4g.20gb (0),1,,13,cupy_copy__float16_float16
3753409333,4640,75515,282,1,1,128,1,1,16,0.000,0.000,,,,,NVIDIA A100-SXM4-40GB MIG 4g.20gb (0),1,,13,cupy_copy__complex64_complex64
3753440277,6688,75524,26,1,1,128,1,1,16,0.000,0.000,,,,,NVIDIA A100-SXM4-40GB MIG 4g.20gb (0),1,,13,cupy_copy__float32_float32
3753462772,9152,75533,103,1,1,128,1,1,16,0.000,0.000,,,,,NVIDIA A100-SXM4-40GB MIG 4g.20gb (0),1,,13,cupy_copy__complex64_complex64
3753535668,16895,75543,1434,1,1,128,1,1,16,0.000,0.000,,,,,NVIDIA A100-SXM4-40GB MIG 4g.20gb (0),1,,13,cupy_copy__complex64_complex64
3753576019,247869,75548,1,1,1,32,32,1,30,0.000,0.000,,,,,NVIDIA A100-SXM4-40GB MIG 4g.20gb (0),1,,13,"void convert_kernel<__half2, float2>(tensor_layout_any, T1 *, tensor_layout_any, const T2 *)"
3753853360,5408,75551,,,,,,,,,,0.094,17325.421,Pinned,Device,NVIDIA A100-SXM4-40GB MIG 4g.20gb (0),1,,13,[CUDA memcpy Host-to-Device]
3753880368,627544,75552,,,,,,,,,,456.561,727302.374,Device,,NVIDIA A100-SXM4-40GB MIG 4g.20gb (0),1,,13,[CUDA memset]
3754515528,51296,75557,,,,,,,,,,1.235,24073.998,Pinned,Device,NVIDIA A100-SXM4-40GB MIG 4g.20gb (0),1,,13,[CUDA memcpy Host-to-Device]
3754569384,10048,75558,,,,,,,,,,0.197,19566.821,Pinned,Device,NVIDIA A100-SXM4-40GB MIG 4g.20gb (0),1,,13,[CUDA memcpy Host-to-Device]
3754597159,18112,75559,69,4,1,48,1,1,76,0.002,0.000,,,,,NVIDIA A100-SXM4-40GB MIG 4g.20gb (0),1,,13,"void ch_est::windowedChEstPreNoDftSOfdmKernel<float, __half, float, (unsigned int)2, (unsigned int)1, (unsigned short)4>(ch_est::puschRxChEstStatDescr_t *, ch_est::puschRxChEstDynDescr_t *)"
3754643943,24351,75560,137,2,1,24,2,1,44,0.001,0.001,,,,,NVIDIA A100-SXM4-40GB MIG 4g.20gb (0),1,,13,"void ch_est::chEstFilterNoDftSOfdmDispatchKernel<float, __half, float, (unsigned int)2>(ch_est::puschRxChEstStatDescr_t *, ch_est::puschRxChEstDynDescr_t *)"
3754674566,20064,75561,137,2,1,24,2,1,44,0.001,0.001,,,,,NVIDIA A100-SXM4-40GB MIG 4g.20gb (0),1,,13,"void ch_est::chEstFilterNoDftSOfdmDispatchKernel<float, __half, float, (unsigned int)2>(ch_est::puschRxChEstStatDescr_t *, ch_est::puschRxChEstDynDescr_t *)"
3754719782,5600,75572,103,1,1,128,1,1,16,0.000,0.000,,,,,NVIDIA A100-SXM4-40GB MIG 4g.20gb (0),1,,13,cupy_copy__complex64_complex64
3754747622,14239,75582,1434,1,1,128,1,1,16,0.000,0.000,,,,,NVIDIA A100-SXM4-40GB MIG 4g.20gb (0),1,,13,cupy_copy__complex64_complex64
3754794405,6816,75589,103,1,1,128,1,1,16,0.000,0.000,,,,,NVIDIA A100-SXM4-40GB MIG 4g.20gb (0),1,,13,cupy_copy__complex64_complex64
3754823909,259133,75596,1,1,1,32,32,1,30,0.000,0.000,,,,,NVIDIA A100-SXM4-40GB MIG 4g.20gb (0),1,,13,"void convert_kernel<__half2, float2>(tensor_layout_any, T1 *, tensor_layout_any, const T2 *)"
3755120417,6912,75599,,,,,,,,,,0.094,13555.469,Pinned,Device,NVIDIA A100-SXM4-40GB MIG 4g.20gb (0),1,,13,[CUDA memcpy Host-to-Device]
3755164225,59743,75600,,,,,,,,,,35.810,599386.441,Device,,NVIDIA A100-SXM4-40GB MIG 4g.20gb (0),1,,13,[CUDA memset]
3755230624,1824,75602,,,,,,,,,,0.000,43.860,Pinned,Device,NVIDIA A100-SXM4-40GB MIG 4g.20gb (0),1,,13,[CUDA memcpy Host-to-Device]
3755234880,10720,75603,,,,,,,,,,0.197,18340.184,Pinned,Device,NVIDIA A100-SXM4-40GB MIG 4g.20gb (0),1,,13,[CUDA memcpy Host-to-Device]
3755286111,26048,75604,273,1,1,48,1,1,40,0.000,0.001,,,,,NVIDIA A100-SXM4-40GB MIG 4g.20gb (0),1,,13,"void pusch_noise_intf_est::noiseIntfEstNoDftSOfdmKernel<float, __half, float, float, (unsigned int)2, (unsigned int)1, (unsigned char)4, (unsigned char)4>(pusch_noise_intf_est::puschRxNoiseIntfEstDynDescr)"
3755324415,12608,75615,35,1,1,128,1,1,16,0.000,0.000,,,,,NVIDIA A100-SXM4-40GB MIG 4g.20gb (0),1,,13,cupy_copy__complex64_complex64
3755350335,2528,75624,1,1,1,1,1,1,18,0.000,0.000,,,,,NVIDIA A100-SXM4-40GB MIG 4g.20gb (0),1,,13,cupy_copy__float32_float32
3755357279,1568,75630,,,,,,,,,,0.000,2.551,Device,Pageable,NVIDIA A100-SXM4-40GB MIG 4g.20gb (0),1,,7,[CUDA memcpy Device-to-Host]
3755433054,15072,75641,1434,1,1,128,1,1,16,0.000,0.000,,,,,NVIDIA A100-SXM4-40GB MIG 4g.20gb (0),1,,13,cupy_copy__complex64_complex64
3755482589,6848,75648,103,1,1,128,1,1,16,0.000,0.000,,,,,NVIDIA A100-SXM4-40GB MIG 4g.20gb (0),1,,13,cupy_copy__complex64_complex64
3755511965,8896,75655,35,1,1,128,1,1,16,0.000,0.000,,,,,NVIDIA A100-SXM4-40GB MIG 4g.20gb (0),1,,13,cupy_copy__complex64_complex64
3755560220,5504,75662,1,1,1,1,1,1,18,0.000,0.000,,,,,NVIDIA A100-SXM4-40GB MIG 4g.20gb (0),1,,13,cupy_copy__float32_float32
3755659995,249277,75673,1,1,1,32,32,1,30,0.000,0.000,,,,,NVIDIA A100-SXM4-40GB MIG 4g.20gb (0),1,,13,"void convert_kernel<__half2, float2>(tensor_layout_any, T1 *, tensor_layout_any, const T2 *)"
3755939704,6688,75676,,,,,,,,,,0.094,14009.520,Pinned,Device,NVIDIA A100-SXM4-40GB MIG 4g.20gb (0),1,,13,[CUDA memcpy Host-to-Device]
3755964440,7872,75677,,,,,,,,,,1.547,196470.740,Device,,NVIDIA A100-SXM4-40GB MIG 4g.20gb (0),1,,13,[CUDA memset]
3755975127,3040,75682,,,,,,,,,,0.031,10294.725,Pinned,Device,NVIDIA A100-SXM4-40GB MIG 4g.20gb (0),1,,13,[CUDA memcpy Host-to-Device]
3755980695,9376,75683,,,,,,,,,,0.197,20969.226,Pinned,Device,NVIDIA A100-SXM4-40GB MIG 4g.20gb (0),1,,13,[CUDA memcpy Host-to-Device]
3756003223,34560,75684,273,1,1,8,4,1,39,0.002,0.000,,,,,NVIDIA A100-SXM4-40GB MIG 4g.20gb (0),1,,13,"void channel_eq::eqMmseCoefCompLowMimoKernel<float, float, float, (unsigned int)4, (unsigned int)1, (unsigned int)4>(const channel_eq::_puschRxChEqStatDescr *, channel_eq::_puschRxChEqCoefCompDynDescr)"
3756113334,32032,75685,273,1,1,12,11,1,51,0.002,0.000,,,,,NVIDIA A100-SXM4-40GB MIG 4g.20gb (0),1,,13,"void channel_eq::eqMmseSoftDemapKernel<float, __half, __half, float, (unsigned int)4, (unsigned short)16383>(channel_eq::_puschRxChEqStatDescr *, channel_eq::_puschRxChEqSoftDemapDynDescr)"
3756196181,596953,75686,1,1,1,32,32,1,30,0.000,0.000,,,,,NVIDIA A100-SXM4-40GB MIG 4g.20gb (0),1,,13,"void convert_kernel<float2, __half2>(tensor_layout_any, T1 *, tensor_layout_any, const T2 *)"
3756808238,16544,75698,2253,1,1,128,1,1,16,0.000,0.000,,,,,NVIDIA A100-SXM4-40GB MIG 4g.20gb (0),1,,13,cupy_copy__float16_float16
3756857741,8160,75707,282,1,1,128,1,1,16,0.000,0.000,,,,,NVIDIA A100-SXM4-40GB MIG 4g.20gb (0),1,,13,cupy_copy__complex64_complex64
3756878669,4576,75716,26,1,1,128,1,1,16,0.000,0.000,,,,,NVIDIA A100-SXM4-40GB MIG 4g.20gb (0),1,,13,cupy_copy__float32_float32
3756909901,14080,75725,103,1,1,128,1,1,16,0.000,0.000,,,,,NVIDIA A100-SXM4-40GB MIG 4g.20gb (0),1,,13,cupy_copy__complex64_complex64
3756964620,15808,75735,1434,1,1,128,1,1,16,0.000,0.000,,,,,NVIDIA A100-SXM4-40GB MIG 4g.20gb (0),1,,13,cupy_copy__complex64_complex64
3757016715,260254,75740,1,1,1,32,32,1,30,0.000,0.000,,,,,NVIDIA A100-SXM4-40GB MIG 4g.20gb (0),1,,13,"void convert_kernel<__half2, float2>(tensor_layout_any, T1 *, tensor_layout_any, const T2 *)"
3757309256,5664,75743,,,,,,,,,,0.094,16542.310,Pinned,Device,NVIDIA A100-SXM4-40GB MIG 4g.20gb (0),1,,13,[CUDA memcpy Host-to-Device]
3757363496,631352,75744,,,,,,,,,,456.561,722736.760,Device,,NVIDIA A100-SXM4-40GB MIG 4g.20gb (0),1,,13,[CUDA memset]
3758001952,53952,75749,,,,,,,,,,1.235,22888.452,Pinned,Device,NVIDIA A100-SXM4-40GB MIG 4g.20gb (0),1,,13,[CUDA memcpy Host-to-Device]
3758060799,10560,75750,,,,,,,,,,0.197,18617.991,Pinned,Device,NVIDIA A100-SXM4-40GB MIG 4g.20gb (0),1,,13,[CUDA memcpy Host-to-Device]
3758091615,23904,75751,69,4,1,48,1,1,76,0.002,0.000,,,,,NVIDIA A100-SXM4-40GB MIG 4g.20gb (0),1,,13,"void ch_est::windowedChEstPreNoDftSOfdmKernel<float, __half, float, (unsigned int)2, (unsigned int)1, (unsigned short)4>(ch_est::puschRxChEstStatDescr_t *, ch_est::puschRxChEstDynDescr_t *)"
3758163262,26144,75752,137,2,1,24,2,1,44,0.001,0.001,,,,,NVIDIA A100-SXM4-40GB MIG 4g.20gb (0),1,,13,"void ch_est::chEstFilterNoDftSOfdmDispatchKernel<float, __half, float, (unsigned int)2>(ch_est::puschRxChEstStatDescr_t *, ch_est::puschRxChEstDynDescr_t *)"
3758199966,27744,75753,137,2,1,24,2,1,44,0.001,0.001,,,,,NVIDIA A100-SXM4-40GB MIG 4g.20gb (0),1,,13,"void ch_est::chEstFilterNoDftSOfdmDispatchKernel<float, __half, float, (unsigned int)2>(ch_est::puschRxChEstStatDescr_t *, ch_est::puschRxChEstDynDescr_t *)"
3758240573,6336,75764,103,1,1,128,1,1,16,0.000,0.000,,,,,NVIDIA A100-SXM4-40GB MIG 4g.20gb (0),1,,13,cupy_copy__complex64_complex64
3758266365,14528,75774,1434,1,1,128,1,1,16,0.000,0.000,,,,,NVIDIA A100-SXM4-40GB MIG 4g.20gb (0),1,,13,cupy_copy__complex64_complex64
3758312765,6176,75781,103,1,1,128,1,1,16,0.000,0.000,,,,,NVIDIA A100-SXM4-40GB MIG 4g.20gb (0),1,,13,cupy_copy__complex64_complex64
3758342108,263965,75788,1,1,1,32,32,1,30,0.000,0.000,,,,,NVIDIA A100-SXM4-40GB MIG 4g.20gb (0),1,,13,"void convert_kernel<__half2, float2>(tensor_layout_any, T1 *, tensor_layout_any, const T2 *)"
3758634105,5376,75791,,,,,,,,,,0.094,17428.487,Pinned,Device,NVIDIA A100-SXM4-40GB MIG 4g.20gb (0),1,,13,[CUDA memcpy Host-to-Device]
3758684312,61056,75792,,,,,,,,,,35.810,586494.870,Device,,NVIDIA A100-SXM4-40GB MIG 4g.20gb (0),1,,13,[CUDA memset]
3758748568,4224,75794,,,,,,,,,,0.000,18.939,Pinned,Device,NVIDIA A100-SXM4-40GB MIG 4g.20gb (0),1,,13,[CUDA memcpy Host-to-Device]
3758755928,9343,75795,,,,,,,,,,0.197,21043.347,Pinned,Device,NVIDIA A100-SXM4-40GB MIG 4g.20gb (0),1,,13,[CUDA memcpy Host-to-Device]
3758811959,25504,75796,273,1,1,48,1,1,40,0.000,0.001,,,,,NVIDIA A100-SXM4-40GB MIG 4g.20gb (0),1,,13,"void pusch_noise_intf_est::noiseIntfEstNoDftSOfdmKernel<float, __half, float, float, (unsigned int)2, (unsigned int)1, (unsigned char)4, (unsigned char)4>(pusch_noise_intf_est::puschRxNoiseIntfEstDynDescr)"
3758848118,9632,75807,35,1,1,128,1,1,16,0.000,0.000,,,,,NVIDIA A100-SXM4-40GB MIG 4g.20gb (0),1,,13,cupy_copy__complex64_complex64
3758870134,2720,75816,1,1,1,1,1,1,18,0.000,0.000,,,,,NVIDIA A100-SXM4-40GB MIG 4g.20gb (0),1,,13,cupy_copy__float32_float32
3758879350,1568,75822,,,,,,,,,,0.000,2.551,Device,Pageable,NVIDIA A100-SXM4-40GB MIG 4g.20gb (0),1,,7,[CUDA memcpy Device-to-Host]
3758945109,14976,75833,1434,1,1,128,1,1,16,0.000,0.000,,,,,NVIDIA A100-SXM4-40GB MIG 4g.20gb (0),1,,13,cupy_copy__complex64_complex64
3758993205,6528,75840,103,1,1,128,1,1,16,0.000,0.000,,,,,NVIDIA A100-SXM4-40GB MIG 4g.20gb (0),1,,13,cupy_copy__complex64_complex64
3759020116,6688,75847,35,1,1,128,1,1,16,0.000,0.000,,,,,NVIDIA A100-SXM4-40GB MIG 4g.20gb (0),1,,13,cupy_copy__complex64_complex64
3759067092,9312,75854,1,1,1,1,1,1,18,0.000,0.000,,,,,NVIDIA A100-SXM4-40GB MIG 4g.20gb (0),1,,13,cupy_copy__float32_float32
3759194130,244222,75865,1,1,1,32,32,1,30,0.000,0.000,,,,,NVIDIA A100-SXM4-40GB MIG 4g.20gb (0),1,,13,"void convert_kernel<__half2, float2>(tensor_layout_any, T1 *, tensor_layout_any, const T2 *)"
3759469711,6112,75868,,,,,,,,,,0.094,15329.790,Pinned,Device,NVIDIA A100-SXM4-40GB MIG 4g.20gb (0),1,,13,[CUDA memcpy Host-to-Device]
3759509647,13376,75869,,,,,,,,,,1.547,115625.610,Device,,NVIDIA A100-SXM4-40GB MIG 4g.20gb (0),1,,13,[CUDA memset]
3759524879,3872,75874,,,,,,,,,,0.031,8082.630,Pinned,Device,NVIDIA A100-SXM4-40GB MIG 4g.20gb (0),1,,13,[CUDA memcpy Host-to-Device]
3759531407,9439,75875,,,,,,,,,,0.197,20829.241,Pinned,Device,NVIDIA A100-SXM4-40GB MIG 4g.20gb (0),1,,13,[CUDA memcpy Host-to-Device]
3759584654,27072,75876,273,1,1,8,4,1,39,0.002,0.000,,,,,NVIDIA A100-SXM4-40GB MIG 4g.20gb (0),1,,13,"void channel_eq::eqMmseCoefCompLowMimoKernel<float, float, float, (unsigned int)4, (unsigned int)1, (unsigned int)4>(const channel_eq::_puschRxChEqStatDescr *, channel_eq::_puschRxChEqCoefCompDynDescr)"
3759703661,31263,75877,273,1,1,12,11,1,51,0.002,0.000,,,,,NVIDIA A100-SXM4-40GB MIG 4g.20gb (0),1,,13,"void channel_eq::eqMmseSoftDemapKernel<float, __half, __half, float, (unsigned int)4, (unsigned short)16383>(channel_eq::_puschRxChEqStatDescr *, channel_eq::_puschRxChEqSoftDemapDynDescr)"
3759743820,594585,75878,1,1,1,32,32,1,30,0.000,0.000,,,,,NVIDIA A100-SXM4-40GB MIG 4g.20gb (0),1,,13,"void convert_kernel<float2, __half2>(tensor_layout_any, T1 *, tensor_layout_any, const T2 *)"
3760346437,14912,75890,2253,1,1,128,1,1,16,0.000,0.000,,,,,NVIDIA A100-SXM4-40GB MIG 4g.20gb (0),1,,13,cupy_copy__float16_float16
3760395557,8736,75899,282,1,1,128,1,1,16,0.000,0.000,,,,,NVIDIA A100-SXM4-40GB MIG 4g.20gb (0),1,,13,cupy_copy__complex64_complex64
3760417156,4064,75908,26,1,1,128,1,1,16,0.000,0.000,,,,,NVIDIA A100-SXM4-40GB MIG 4g.20gb (0),1,,13,cupy_copy__float32_float32
3760448260,12704,75917,103,1,1,128,1,1,16,0.000,0.000,,,,,NVIDIA A100-SXM4-40GB MIG 4g.20gb (0),1,,13,cupy_copy__complex64_complex64
3760503267,15648,75927,1434,1,1,128,1,1,16,0.000,0.000,,,,,NVIDIA A100-SXM4-40GB MIG 4g.20gb (0),1,,13,cupy_copy__complex64_complex64
3760554947,264189,75932,1,1,1,32,32,1,30,0.000,0.000,,,,,NVIDIA A100-SXM4-40GB MIG 4g.20gb (0),1,,13,"void convert_kernel<__half2, float2>(tensor_layout_any, T1 *, tensor_layout_any, const T2 *)"
3760848991,7008,75935,,,,,,,,,,0.094,13369.857,Pinned,Device,NVIDIA A100-SXM4-40GB MIG 4g.20gb (0),1,,13,[CUDA memcpy Host-to-Device]
3760886559,627609,75936,,,,,,,,,,456.561,727302.374,Device,,NVIDIA A100-SXM4-40GB MIG 4g.20gb (0),1,,13,[CUDA memset]
3761515032,52543,75941,,,,,,,,,,1.235,23503.454,Pinned,Device,NVIDIA A100-SXM4-40GB MIG 4g.20gb (0),1,,13,[CUDA memcpy Host-to-Device]
3761570231,12096,75942,,,,,,,,,,0.197,16253.780,Pinned,Device,NVIDIA A100-SXM4-40GB MIG 4g.20gb (0),1,,13,[CUDA memcpy Host-to-Device]
3761613527,20511,75943,69,4,1,48,1,1,76,0.002,0.000,,,,,NVIDIA A100-SXM4-40GB MIG 4g.20gb (0),1,,13,"void ch_est::windowedChEstPreNoDftSOfdmKernel<float, __half, float, (unsigned int)2, (unsigned int)1, (unsigned short)4>(ch_est::puschRxChEstStatDescr_t *, ch_est::puschRxChEstDynDescr_t *)"
3761654998,25984,75944,137,2,1,24,2,1,44,0.001,0.001,,,,,NVIDIA A100-SXM4-40GB MIG 4g.20gb (0),1,,13,"void ch_est::chEstFilterNoDftSOfdmDispatchKernel<float, __half, float, (unsigned int)2>(ch_est::puschRxChEstStatDescr_t *, ch_est::puschRxChEstDynDescr_t *)"
3761688214,18784,75945,137,2,1,24,2,1,44,0.001,0.001,,,,,NVIDIA A100-SXM4-40GB MIG 4g.20gb (0),1,,13,"void ch_est::chEstFilterNoDftSOfdmDispatchKernel<float, __half, float, (unsigned int)2>(ch_est::puschRxChEstStatDescr_t *, ch_est::puschRxChEstDynDescr_t *)"
3761730357,6816,75956,103,1,1,128,1,1,16,0.000,0.000,,,,,NVIDIA A100-SXM4-40GB MIG 4g.20gb (0),1,,13,cupy_copy__complex64_complex64
3761756757,14400,75966,1434,1,1,128,1,1,16,0.000,0.000,,,,,NVIDIA A100-SXM4-40GB MIG 4g.20gb (0),1,,13,cupy_copy__complex64_complex64
3761805204,7264,75973,103,1,1,128,1,1,16,0.000,0.000,,,,,NVIDIA A100-SXM4-40GB MIG 4g.20gb (0),1,,13,cupy_copy__complex64_complex64
3761832948,263325,75980,1,1,1,32,32,1,30,0.000,0.000,,,,,NVIDIA A100-SXM4-40GB MIG 4g.20gb (0),1,,13,"void convert_kernel<__half2, float2>(tensor_layout_any, T1 *, tensor_layout_any, const T2 *)"
3762125297,5376,75983,,,,,,,,,,0.094,17428.487,Pinned,Device,NVIDIA A100-SXM4-40GB MIG 4g.20gb (0),1,,13,[CUDA memcpy Host-to-Device]
3762173136,60960,75984,,,,,,,,,,35.810,587425.928,Device,,NVIDIA A100-SXM4-40GB MIG 4g.20gb (0),1,,13,[CUDA memset]
3762239311,3360,75986,,,,,,,,,,0.000,23.810,Pinned,Device,NVIDIA A100-SXM4-40GB MIG 4g.20gb (0),1,,13,[CUDA memcpy Host-to-Device]
3762245135,10368,75987,,,,,,,,,,0.197,18962.842,Pinned,Device,NVIDIA A100-SXM4-40GB MIG 4g.20gb (0),1,,13,[CUDA memcpy Host-to-Device]
3762297967,26239,75988,273,1,1,48,1,1,40,0.000,0.001,,,,,NVIDIA A100-SXM4-40GB MIG 4g.20gb (0),1,,13,"void pusch_noise_intf_est::noiseIntfEstNoDftSOfdmKernel<float, __half, float, float, (unsigned int)2, (unsigned int)1, (unsigned char)4, (unsigned char)4>(pusch_noise_intf_est::puschRxNoiseIntfEstDynDescr)"
3762336942,9952,75999,35,1,1,128,1,1,16,0.000,0.000,,,,,NVIDIA A100-SXM4-40GB MIG 4g.20gb (0),1,,13,cupy_copy__complex64_complex64
3762359214,3296,76008,1,1,1,1,1,1,18,0.000,0.000,,,,,NVIDIA A100-SXM4-40GB MIG 4g.20gb (0),1,,13,cupy_copy__float32_float32
3762363726,1632,76014,,,,,,,,,,0.000,2.451,Device,Pageable,NVIDIA A100-SXM4-40GB MIG 4g.20gb (0),1,,7,[CUDA memcpy Device-to-Host]
3762440845,16704,76025,1434,1,1,128,1,1,16,0.000,0.000,,,,,NVIDIA A100-SXM4-40GB MIG 4g.20gb (0),1,,13,cupy_copy__complex64_complex64
3762492333,6463,76032,103,1,1,128,1,1,16,0.000,0.000,,,,,NVIDIA A100-SXM4-40GB MIG 4g.20gb (0),1,,13,cupy_copy__complex64_complex64
3762518188,7616,76039,35,1,1,128,1,1,16,0.000,0.000,,,,,NVIDIA A100-SXM4-40GB MIG 4g.20gb (0),1,,13,cupy_copy__complex64_complex64
3762563468,4832,76046,1,1,1,1,1,1,18,0.000,0.000,,,,,NVIDIA A100-SXM4-40GB MIG 4g.20gb (0),1,,13,cupy_copy__float32_float32
3762657867,248445,76057,1,1,1,32,32,1,30,0.000,0.000,,,,,NVIDIA A100-SXM4-40GB MIG 4g.20gb (0),1,,13,"void convert_kernel<__half2, float2>(tensor_layout_any, T1 *, tensor_layout_any, const T2 *)"
3762936071,5696,76060,,,,,,,,,,0.094,16449.363,Pinned,Device,NVIDIA A100-SXM4-40GB MIG 4g.20gb (0),1,,13,[CUDA memcpy Host-to-Device]
3762988743,9504,76061,,,,,,,,,,1.547,162732.684,Device,,NVIDIA A100-SXM4-40GB MIG 4g.20gb (0),1,,13,[CUDA memset]
3763000199,3104,76066,,,,,,,,,,0.031,10082.445,Pinned,Device,NVIDIA A100-SXM4-40GB MIG 4g.20gb (0),1,,13,[CUDA memcpy Host-to-Device]
3763006791,9408,76067,,,,,,,,,,0.197,20897.858,Pinned,Device,NVIDIA A100-SXM4-40GB MIG 4g.20gb (0),1,,13,[CUDA memcpy Host-to-Device]
3763051014,32736,76068,273,1,1,8,4,1,39,0.002,0.000,,,,,NVIDIA A100-SXM4-40GB MIG 4g.20gb (0),1,,13,"void channel_eq::eqMmseCoefCompLowMimoKernel<float, float, float, (unsigned int)4, (unsigned int)1, (unsigned int)4>(const channel_eq::_puschRxChEqStatDescr *, channel_eq::_puschRxChEqCoefCompDynDescr)"
3763161413,33823,76069,273,1,1,12,11,1,51,0.002,0.000,,,,,NVIDIA A100-SXM4-40GB MIG 4g.20gb (0),1,,13,"void channel_eq::eqMmseSoftDemapKernel<float, __half, __half, float, (unsigned int)4, (unsigned short)16383>(channel_eq::_puschRxChEqStatDescr *, channel_eq::_puschRxChEqSoftDemapDynDescr)"
3763239684,605081,76070,1,1,1,32,32,1,30,0.000,0.000,,,,,NVIDIA A100-SXM4-40GB MIG 4g.20gb (0),1,,13,"void convert_kernel<float2, __half2>(tensor_layout_any, T1 *, tensor_layout_any, const T2 *)"
3763879389,16703,76082,2253,1,1,128,1,1,16,0.000,0.000,,,,,NVIDIA A100-SXM4-40GB MIG 4g.20gb (0),1,,13,cupy_copy__float16_float16
3763922044,4768,76091,282,1,1,128,1,1,16,0.000,0.000,,,,,NVIDIA A100-SXM4-40GB MIG 4g.20gb (0),1,,13,cupy_copy__complex64_complex64
3763956700,5152,76100,26,1,1,128,1,1,16,0.000,0.000,,,,,NVIDIA A100-SXM4-40GB MIG 4g.20gb (0),1,,13,cupy_copy__float32_float32
3763977563,9248,76109,103,1,1,128,1,1,16,0.000,0.000,,,,,NVIDIA A100-SXM4-40GB MIG 4g.20gb (0),1,,13,cupy_copy__complex64_complex64
3764071258,17344,76119,1434,1,1,128,1,1,16,0.000,0.000,,,,,NVIDIA A100-SXM4-40GB MIG 4g.20gb (0),1,,13,cupy_copy__complex64_complex64
3764109178,258525,76124,1,1,1,32,32,1,30,0.000,0.000,,,,,NVIDIA A100-SXM4-40GB MIG 4g.20gb (0),1,,13,"void convert_kernel<__half2, float2>(tensor_layout_any, T1 *, tensor_layout_any, const T2 *)"
3764400695,5408,76127,,,,,,,,,,0.094,17325.421,Pinned,Device,NVIDIA A100-SXM4-40GB MIG 4g.20gb (0),1,,13,[CUDA memcpy Host-to-Device]
3764428982,626393,76128,,,,,,,,,,456.561,728672.058,Device,,NVIDIA A100-SXM4-40GB MIG 4g.20gb (0),1,,13,[CUDA memset]
3765063663,52319,76133,,,,,,,,,,1.235,23603.485,Pinned,Device,NVIDIA A100-SXM4-40GB MIG 4g.20gb (0),1,,13,[CUDA memcpy Host-to-Device]
3765118414,10656,76134,,,,,,,,,,0.197,18450.285,Pinned,Device,NVIDIA A100-SXM4-40GB MIG 4g.20gb (0),1,,13,[CUDA memcpy Host-to-Device]
3765155310,23744,76135,69,4,1,48,1,1,76,0.002,0.000,,,,,NVIDIA A100-SXM4-40GB MIG 4g.20gb (0),1,,13,"void ch_est::windowedChEstPreNoDftSOfdmKernel<float, __half, float, (unsigned int)2, (unsigned int)1, (unsigned short)4>(ch_est::puschRxChEstStatDescr_t *, ch_est::puschRxChEstDynDescr_t *)"
3765189934,18015,76136,137,2,1,24,2,1,44,0.001,0.001,,,,,NVIDIA A100-SXM4-40GB MIG 4g.20gb (0),1,,13,"void ch_est::chEstFilterNoDftSOfdmDispatchKernel<float, __half, float, (unsigned int)2>(ch_est::puschRxChEstStatDescr_t *, ch_est::puschRxChEstDynDescr_t *)"
3765232621,25856,76137,137,2,1,24,2,1,44,0.001,0.001,,,,,NVIDIA A100-SXM4-40GB MIG 4g.20gb (0),1,,13,"void ch_est::chEstFilterNoDftSOfdmDispatchKernel<float, __half, float, (unsigned int)2>(ch_est::puschRxChEstStatDescr_t *, ch_est::puschRxChEstDynDescr_t *)"
3765266445,5056,76148,103,1,1,128,1,1,16,0.000,0.000,,,,,NVIDIA A100-SXM4-40GB MIG 4g.20gb (0),1,,13,cupy_copy__complex64_complex64
3765305836,16224,76158,1434,1,1,128,1,1,16,0.000,0.000,,,,,NVIDIA A100-SXM4-40GB MIG 4g.20gb (0),1,,13,cupy_copy__complex64_complex64
3765338668,5664,76165,103,1,1,128,1,1,16,0.000,0.000,,,,,NVIDIA A100-SXM4-40GB MIG 4g.20gb (0),1,,13,cupy_copy__complex64_complex64
3765388299,263869,76172,1,1,1,32,32,1,30,0.000,0.000,,,,,NVIDIA A100-SXM4-40GB MIG 4g.20gb (0),1,,13,"void convert_kernel<__half2, float2>(tensor_layout_any, T1 *, tensor_layout_any, const T2 *)"
3765681416,5376,76175,,,,,,,,,,0.094,17428.487,Pinned,Device,NVIDIA A100-SXM4-40GB MIG 4g.20gb (0),1,,13,[CUDA memcpy Host-to-Device]
3765725767,58592,76176,,,,,,,,,,35.810,611167.905,Device,,NVIDIA A100-SXM4-40GB MIG 4g.20gb (0),1,,13,[CUDA memset]
3765789447,3616,76178,,,,,,,,,,0.000,22.124,Pinned,Device,NVIDIA A100-SXM4-40GB MIG 4g.20gb (0),1,,13,[CUDA memcpy Host-to-Device]
3765795623,9631,76179,,,,,,,,,,0.197,20414.005,Pinned,Device,NVIDIA A100-SXM4-40GB MIG 4g.20gb (0),1,,13,[CUDA memcpy Host-to-Device]
3765840742,36416,76180,273,1,1,48,1,1,40,0.000,0.001,,,,,NVIDIA A100-SXM4-40GB MIG 4g.20gb (0),1,,13,"void pusch_noise_intf_est::noiseIntfEstNoDftSOfdmKernel<float, __half, float, float, (unsigned int)2, (unsigned int)1, (unsigned char)4, (unsigned char)4>(pusch_noise_intf_est::puschRxNoiseIntfEstDynDescr)"
3765911397,10496,76191,35,1,1,128,1,1,16,0.000,0.000,,,,,NVIDIA A100-SXM4-40GB MIG 4g.20gb (0),1,,13,cupy_copy__complex64_complex64
3765936357,3392,76200,1,1,1,1,1,1,18,0.000,0.000,,,,,NVIDIA A100-SXM4-40GB MIG 4g.20gb (0),1,,13,cupy_copy__float32_float32
3765942533,1760,76206,,,,,,,,,,0.000,2.273,Device,Pageable,NVIDIA A100-SXM4-40GB MIG 4g.20gb (0),1,,7,[CUDA memcpy Device-to-Host]
3766020036,15552,76217,1434,1,1,128,1,1,16,0.000,0.000,,,,,NVIDIA A100-SXM4-40GB MIG 4g.20gb (0),1,,13,cupy_copy__complex64_complex64
3766067939,7168,76224,103,1,1,128,1,1,16,0.000,0.000,,,,,NVIDIA A100-SXM4-40GB MIG 4g.20gb (0),1,,13,cupy_copy__complex64_complex64
3766095171,7488,76231,35,1,1,128,1,1,16,0.000,0.000,,,,,NVIDIA A100-SXM4-40GB MIG 4g.20gb (0),1,,13,cupy_copy__complex64_complex64
3766146371,4736,76238,1,1,1,1,1,1,18,0.000,0.000,,,,,NVIDIA A100-SXM4-40GB MIG 4g.20gb (0),1,,13,cupy_copy__float32_float32
3766245409,243102,76249,1,1,1,32,32,1,30,0.000,0.000,,,,,NVIDIA A100-SXM4-40GB MIG 4g.20gb (0),1,,13,"void convert_kernel<__half2, float2>(tensor_layout_any, T1 *, tensor_layout_any, const T2 *)"
3766517758,5408,76252,,,,,,,,,,0.094,17325.421,Pinned,Device,NVIDIA A100-SXM4-40GB MIG 4g.20gb (0),1,,13,[CUDA memcpy Host-to-Device]
3766556478,8736,76253,,,,,,,,,,1.547,177038.956,Device,,NVIDIA A100-SXM4-40GB MIG 4g.20gb (0),1,,13,[CUDA memset]
3766566462,4576,76258,,,,,,,,,,0.031,6839.146,Pinned,Device,NVIDIA A100-SXM4-40GB MIG 4g.20gb (0),1,,13,[CUDA memcpy Host-to-Device]
3766575582,9696,76259,,,,,,,,,,0.197,20277.166,Pinned,Device,NVIDIA A100-SXM4-40GB MIG 4g.20gb (0),1,,13,[CUDA memcpy Host-to-Device]
3766609437,33696,76260,273,1,1,8,4,1,39,0.002,0.000,,,,,NVIDIA A100-SXM4-40GB MIG 4g.20gb (0),1,,13,"void channel_eq::eqMmseCoefCompLowMimoKernel<float, float, float, (unsigned int)4, (unsigned int)1, (unsigned int)4>(const channel_eq::_puschRxChEqStatDescr *, channel_eq::_puschRxChEqCoefCompDynDescr)"
3766723420,31616,76261,273,1,1,12,11,1,51,0.002,0.000,,,,,NVIDIA A100-SXM4-40GB MIG 4g.20gb (0),1,,13,"void channel_eq::eqMmseSoftDemapKernel<float, __half, __half, float, (unsigned int)4, (unsigned short)16383>(channel_eq::_puschRxChEqStatDescr *, channel_eq::_puschRxChEqSoftDemapDynDescr)"
3766796955,627865,76262,1,1,1,32,32,1,30,0.000,0.000,,,,,NVIDIA A100-SXM4-40GB MIG 4g.20gb (0),1,,13,"void convert_kernel<float2, __half2>(tensor_layout_any, T1 *, tensor_layout_any, const T2 *)"
3767445268,17919,76274,2253,1,1,128,1,1,16,0.000,0.000,,,,,NVIDIA A100-SXM4-40GB MIG 4g.20gb (0),1,,13,cupy_copy__float16_float16
3767486835,5504,76283,282,1,1,128,1,1,16,0.000,0.000,,,,,NVIDIA A100-SXM4-40GB MIG 4g.20gb (0),1,,13,cupy_copy__complex64_complex64
3767520403,5856,76292,26,1,1,128,1,1,16,0.000,0.000,,,,,NVIDIA A100-SXM4-40GB MIG 4g.20gb (0),1,,13,cupy_copy__float32_float32
3767543123,9247,76301,103,1,1,128,1,1,16,0.000,0.000,,,,,NVIDIA A100-SXM4-40GB MIG 4g.20gb (0),1,,13,cupy_copy__complex64_complex64
3767586162,15296,76311,1434,1,1,128,1,1,16,0.000,0.000,,,,,NVIDIA A100-SXM4-40GB MIG 4g.20gb (0),1,,13,cupy_copy__complex64_complex64
3767619602,256189,76316,1,1,1,32,32,1,30,0.000,0.000,,,,,NVIDIA A100-SXM4-40GB MIG 4g.20gb (0),1,,13,"void convert_kernel<__half2, float2>(tensor_layout_any, T1 *, tensor_layout_any, const T2 *)"
3767906446,5376,76319,,,,,,,,,,0.094,17428.487,Pinned,Device,NVIDIA A100-SXM4-40GB MIG 4g.20gb (0),1,,13,[CUDA memcpy Host-to-Device]
3767935790,630137,76320,,,,,,,,,,456.561,724106.444,Device,,NVIDIA A100-SXM4-40GB MIG 4g.20gb (0),1,,13,[CUDA memset]
3768575047,53151,76325,,,,,,,,,,1.235,23234.236,Pinned,Device,NVIDIA A100-SXM4-40GB MIG 4g.20gb (0),1,,13,[CUDA memcpy Host-to-Device]
3768634022,9888,76326,,,,,,,,,,0.197,19883.360,Pinned,Device,NVIDIA A100-SXM4-40GB MIG 4g.20gb (0),1,,13,[CUDA memcpy Host-to-Device]
3768666406,27871,76327,69,4,1,48,1,1,76,0.002,0.000,,,,,NVIDIA A100-SXM4-40GB MIG 4g.20gb (0),1,,13,"void ch_est::windowedChEstPreNoDftSOfdmKernel<float, __half, float, (unsigned int)2, (unsigned int)1, (unsigned short)4>(ch_est::puschRxChEstStatDescr_t *, ch_est::puschRxChEstDynDescr_t *)"
3768701893,19488,76328,137,2,1,24,2,1,44,0.001,0.001,,,,,NVIDIA A100-SXM4-40GB MIG 4g.20gb (0),1,,13,"void ch_est::chEstFilterNoDftSOfdmDispatchKernel<float, __half, float, (unsigned int)2>(ch_est::puschRxChEstStatDescr_t *, ch_est::puschRxChEstDynDescr_t *)"
3768743333,26399,76329,137,2,1,24,2,1,44,0.001,0.001,,,,,NVIDIA A100-SXM4-40GB MIG 4g.20gb (0),1,,13,"void ch_est::chEstFilterNoDftSOfdmDispatchKernel<float, __half, float, (unsigned int)2>(ch_est::puschRxChEstStatDescr_t *, ch_est::puschRxChEstDynDescr_t *)"
3768777476,5792,76340,103,1,1,128,1,1,16,0.000,0.000,,,,,NVIDIA A100-SXM4-40GB MIG 4g.20gb (0),1,,13,cupy_copy__complex64_complex64
3768820068,15680,76350,1434,1,1,128,1,1,16,0.000,0.000,,,,,NVIDIA A100-SXM4-40GB MIG 4g.20gb (0),1,,13,cupy_copy__complex64_complex64
3768852771,5280,76357,103,1,1,128,1,1,16,0.000,0.000,,,,,NVIDIA A100-SXM4-40GB MIG 4g.20gb (0),1,,13,cupy_copy__complex64_complex64
3768898243,254781,76364,1,1,1,32,32,1,30,0.000,0.000,,,,,NVIDIA A100-SXM4-40GB MIG 4g.20gb (0),1,,13,"void convert_kernel<__half2, float2>(tensor_layout_any, T1 *, tensor_layout_any, const T2 *)"
3769182080,5568,76367,,,,,,,,,,0.094,16827.521,Pinned,Device,NVIDIA A100-SXM4-40GB MIG 4g.20gb (0),1,,13,[CUDA memcpy Host-to-Device]
3769239487,58559,76368,,,,,,,,,,35.810,611490.194,Device,,NVIDIA A100-SXM4-40GB MIG 4g.20gb (0),1,,13,[CUDA memset]
3769299390,4448,76370,,,,,,,,,,0.000,17.986,Pinned,Device,NVIDIA A100-SXM4-40GB MIG 4g.20gb (0),1,,13,[CUDA memcpy Host-to-Device]
3769306302,9888,76371,,,,,,,,,,0.197,19883.360,Pinned,Device,NVIDIA A100-SXM4-40GB MIG 4g.20gb (0),1,,13,[CUDA memcpy Host-to-Device]
3769353470,35327,76372,273,1,1,48,1,1,40,0.000,0.001,,,,,NVIDIA A100-SXM4-40GB MIG 4g.20gb (0),1,,13,"void pusch_noise_intf_est::noiseIntfEstNoDftSOfdmKernel<float, __half, float, float, (unsigned int)2, (unsigned int)1, (unsigned char)4, (unsigned char)4>(pusch_noise_intf_est::puschRxNoiseIntfEstDynDescr)"
3769426045,9728,76383,35,1,1,128,1,1,16,0.000,0.000,,,,,NVIDIA A100-SXM4-40GB MIG 4g.20gb (0),1,,13,cupy_copy__complex64_complex64
3769450141,3552,76392,1,1,1,1,1,1,18,0.000,0.000,,,,,NVIDIA A100-SXM4-40GB MIG 4g.20gb (0),1,,13,cupy_copy__float32_float32
3769457564,1664,76398,,,,,,,,,,0.000,2.404,Device,Pageable,NVIDIA A100-SXM4-40GB MIG 4g.20gb (0),1,,7,[CUDA memcpy Device-to-Host]
3769533916,15039,76409,1434,1,1,128,1,1,16,0.000,0.000,,,,,NVIDIA A100-SXM4-40GB MIG 4g.20gb (0),1,,13,cupy_copy__complex64_complex64
3769580443,6592,76416,103,1,1,128,1,1,16,0.000,0.000,,,,,NVIDIA A100-SXM4-40GB MIG 4g.20gb (0),1,,13,cupy_copy__complex64_complex64
3769607259,9248,76423,35,1,1,128,1,1,16,0.000,0.000,,,,,NVIDIA A100-SXM4-40GB MIG 4g.20gb (0),1,,13,cupy_copy__complex64_complex64
3769651706,4544,76430,1,1,1,1,1,1,18,0.000,0.000,,,,,NVIDIA A100-SXM4-40GB MIG 4g.20gb (0),1,,13,cupy_copy__float32_float32
3769744633,246109,76441,1,1,1,32,32,1,30,0.000,0.000,,,,,NVIDIA A100-SXM4-40GB MIG 4g.20gb (0),1,,13,"void convert_kernel<__half2, float2>(tensor_layout_any, T1 *, tensor_layout_any, const T2 *)"
3770024822,6208,76444,,,,,,,,,,0.094,15092.739,Pinned,Device,NVIDIA A100-SXM4-40GB MIG 4g.20gb (0),1,,13,[CUDA memcpy Host-to-Device]
3770057846,6912,76445,,,,,,,,,,1.547,223757.827,Device,,NVIDIA A100-SXM4-40GB MIG 4g.20gb (0),1,,13,[CUDA memset]
3770069813,3008,76450,,,,,,,,,,0.031,10404.230,Pinned,Device,NVIDIA A100-SXM4-40GB MIG 4g.20gb (0),1,,13,[CUDA memcpy Host-to-Device]
3770075381,10240,76451,,,,,,,,,,0.197,19199.951,Pinned,Device,NVIDIA A100-SXM4-40GB MIG 4g.20gb (0),1,,13,[CUDA memcpy Host-to-Device]
3770094997,30048,76452,273,1,1,8,4,1,39,0.002,0.000,,,,,NVIDIA A100-SXM4-40GB MIG 4g.20gb (0),1,,13,"void channel_eq::eqMmseCoefCompLowMimoKernel<float, float, float, (unsigned int)4, (unsigned int)1, (unsigned int)4>(const channel_eq::_puschRxChEqStatDescr *, channel_eq::_puschRxChEqCoefCompDynDescr)"
3770207924,32575,76453,273,1,1,12,11,1,51,0.002,0.000,,,,,NVIDIA A100-SXM4-40GB MIG 4g.20gb (0),1,,13,"void channel_eq::eqMmseSoftDemapKernel<float, __half, __half, float, (unsigned int)4, (unsigned short)16383>(channel_eq::_puschRxChEqStatDescr *, channel_eq::_puschRxChEqSoftDemapDynDescr)"
3770286707,604473,76454,1,1,1,32,32,1,30,0.000,0.000,,,,,NVIDIA A100-SXM4-40GB MIG 4g.20gb (0),1,,13,"void convert_kernel<float2, __half2>(tensor_layout_any, T1 *, tensor_layout_any, const T2 *)"
3770900332,15296,76466,2253,1,1,128,1,1,16,0.000,0.000,,,,,NVIDIA A100-SXM4-40GB MIG 4g.20gb (0),1,,13,cupy_copy__float16_float16
3770947339,6784,76475,282,1,1,128,1,1,16,0.000,0.000,,,,,NVIDIA A100-SXM4-40GB MIG 4g.20gb (0),1,,13,cupy_copy__complex64_complex64
3770968267,4896,76484,26,1,1,128,1,1,16,0.000,0.000,,,,,NVIDIA A100-SXM4-40GB MIG 4g.20gb (0),1,,13,cupy_copy__float32_float32
3770998859,13536,76493,103,1,1,128,1,1,16,0.000,0.000,,,,,NVIDIA A100-SXM4-40GB MIG 4g.20gb (0),1,,13,cupy_copy__complex64_complex64
3771054506,15840,76503,1434,1,1,128,1,1,16,0.000,0.000,,,,,NVIDIA A100-SXM4-40GB MIG 4g.20gb (0),1,,13,cupy_copy__complex64_complex64
3771106410,268092,76508,1,1,1,32,32,1,30,0.000,0.000,,,,,NVIDIA A100-SXM4-40GB MIG 4g.20gb (0),1,,13,"void convert_kernel<__half2, float2>(tensor_layout_any, T1 *, tensor_layout_any, const T2 *)"
3771406470,5632,76511,,,,,,,,,,0.094,16636.287,Pinned,Device,NVIDIA A100-SXM4-40GB MIG 4g.20gb (0),1,,13,[CUDA memcpy Host-to-Device]
3771450918,626648,76512,,,,,,,,,,456.561,728215.497,Device,,NVIDIA A100-SXM4-40GB MIG 4g.20gb (0),1,,13,[CUDA memset]
3772081438,53696,76517,,,,,,,,,,1.235,22998.362,Pinned,Device,NVIDIA A100-SXM4-40GB MIG 4g.20gb (0),1,,13,[CUDA memcpy Host-to-Device]
3772138206,11104,76518,,,,,,,,,,0.197,17705.927,Pinned,Device,NVIDIA A100-SXM4-40GB MIG 4g.20gb (0),1,,13,[CUDA memcpy Host-to-Device]
3772171293,30624,76519,69,4,1,48,1,1,76,0.002,0.000,,,,,NVIDIA A100-SXM4-40GB MIG 4g.20gb (0),1,,13,"void ch_est::windowedChEstPreNoDftSOfdmKernel<float, __half, float, (unsigned int)2, (unsigned int)1, (unsigned short)4>(ch_est::puschRxChEstStatDescr_t *, ch_est::puschRxChEstDynDescr_t *)"
3772247708,24576,76520,137,2,1,24,2,1,44,0.001,0.001,,,,,NVIDIA A100-SXM4-40GB MIG 4g.20gb (0),1,,13,"void ch_est::chEstFilterNoDftSOfdmDispatchKernel<float, __half, float, (unsigned int)2>(ch_est::puschRxChEstStatDescr_t *, ch_est::puschRxChEstDynDescr_t *)"
3772280220,19456,76521,137,2,1,24,2,1,44,0.001,0.001,,,,,NVIDIA A100-SXM4-40GB MIG 4g.20gb (0),1,,13,"void ch_est::chEstFilterNoDftSOfdmDispatchKernel<float, __half, float, (unsigned int)2>(ch_est::puschRxChEstStatDescr_t *, ch_est::puschRxChEstDynDescr_t *)"
3772322460,6911,76532,103,1,1,128,1,1,16,0.000,0.000,,,,,NVIDIA A100-SXM4-40GB MIG 4g.20gb (0),1,,13,cupy_copy__complex64_complex64
3772352347,14688,76542,1434,1,1,128,1,1,16,0.000,0.000,,,,,NVIDIA A100-SXM4-40GB MIG 4g.20gb (0),1,,13,cupy_copy__complex64_complex64
3772400379,5920,76549,103,1,1,128,1,1,16,0.000,0.000,,,,,NVIDIA A100-SXM4-40GB MIG 4g.20gb (0),1,,13,cupy_copy__complex64_complex64
3772428762,253821,76556,1,1,1,32,32,1,30,0.000,0.000,,,,,NVIDIA A100-SXM4-40GB MIG 4g.20gb (0),1,,13,"void convert_kernel<__half2, float2>(tensor_layout_any, T1 *, tensor_layout_any, const T2 *)"
3772712151,5408,76559,,,,,,,,,,0.094,17325.421,Pinned,Device,NVIDIA A100-SXM4-40GB MIG 4g.20gb (0),1,,13,[CUDA memcpy Host-to-Device]
3772742487,59615,76560,,,,,,,,,,35.810,600675.598,Device,,NVIDIA A100-SXM4-40GB MIG 4g.20gb (0),1,,13,[CUDA memset]
3772803510,3104,76562,,,,,,,,,,0.000,25.773,Pinned,Device,NVIDIA A100-SXM4-40GB MIG 4g.20gb (0),1,,13,[CUDA memcpy Host-to-Device]
3772810934,9376,76563,,,,,,,,,,0.197,20969.226,Pinned,Device,NVIDIA A100-SXM4-40GB MIG 4g.20gb (0),1,,13,[CUDA memcpy Host-to-Device]
3772867637,29760,76564,273,1,1,48,1,1,40,0.000,0.001,,,,,NVIDIA A100-SXM4-40GB MIG 4g.20gb (0),1,,13,"void pusch_noise_intf_est::noiseIntfEstNoDftSOfdmKernel<float, __half, float, float, (unsigned int)2, (unsigned int)1, (unsigned char)4, (unsigned char)4>(pusch_noise_intf_est::puschRxNoiseIntfEstDynDescr)"
3772931733,12927,76575,35,1,1,128,1,1,16,0.000,0.000,,,,,NVIDIA A100-SXM4-40GB MIG 4g.20gb (0),1,,13,cupy_copy__complex64_complex64
3772957140,3296,76584,1,1,1,1,1,1,18,0.000,0.000,,,,,NVIDIA A100-SXM4-40GB MIG 4g.20gb (0),1,,13,cupy_copy__float32_float32
3772961460,1664,76590,,,,,,,,,,0.000,2.404,Device,Pageable,NVIDIA A100-SXM4-40GB MIG 4g.20gb (0),1,,7,[CUDA memcpy Device-to-Host]
3773024531,12768,76601,1434,1,1,128,1,1,16,0.000,0.000,,,,,NVIDIA A100-SXM4-40GB MIG 4g.20gb (0),1,,13,cupy_copy__complex64_complex64
3773091603,6432,76608,103,1,1,128,1,1,16,0.000,0.000,,,,,NVIDIA A100-SXM4-40GB MIG 4g.20gb (0),1,,13,cupy_copy__complex64_complex64
3773118866,7200,76615,35,1,1,128,1,1,16,0.000,0.000,,,,,NVIDIA A100-SXM4-40GB MIG 4g.20gb (0),1,,13,cupy_copy__complex64_complex64
3773168146,4768,76622,1,1,1,1,1,1,18,0.000,0.000,,,,,NVIDIA A100-SXM4-40GB MIG 4g.20gb (0),1,,13,cupy_copy__float32_float32
3773258545,250397,76633,1,1,1,32,32,1,30,0.000,0.000,,,,,NVIDIA A100-SXM4-40GB MIG 4g.20gb (0),1,,13,"void convert_kernel<__half2, float2>(tensor_layout_any, T1 *, tensor_layout_any, const T2 *)"
3773537454,6432,76636,,,,,,,,,,0.094,14567.105,Pinned,Device,NVIDIA A100-SXM4-40GB MIG 4g.20gb (0),1,,13,[CUDA memcpy Host-to-Device]
3773553869,7328,76637,,,,,,,,,,1.547,211055.404,Device,,NVIDIA A100-SXM4-40GB MIG 4g.20gb (0),1,,13,[CUDA memset]
3773568877,3040,76642,,,,,,,,,,0.031,10294.725,Pinned,Device,NVIDIA A100-SXM4-40GB MIG 4g.20gb (0),1,,13,[CUDA memcpy Host-to-Device]
3773574381,9472,76643,,,,,,,,,,0.197,20756.693,Pinned,Device,NVIDIA A100-SXM4-40GB MIG 4g.20gb (0),1,,13,[CUDA memcpy Host-to-Device]
3773588205,19392,76644,273,1,1,8,4,1,39,0.002,0.000,,,,,NVIDIA A100-SXM4-40GB MIG 4g.20gb (0),1,,13,"void channel_eq::eqMmseCoefCompLowMimoKernel<float, float, float, (unsigned int)4, (unsigned int)1, (unsigned int)4>(const channel_eq::_puschRxChEqStatDescr *, channel_eq::_puschRxChEqCoefCompDynDescr)"
3773608941,10272,76645,273,1,1,12,11,1,51,0.002,0.000,,,,,NVIDIA A100-SXM4-40GB MIG 4g.20gb (0),1,,13,"void channel_eq::eqMmseSoftDemapKernel<float, __half, __half, float, (unsigned int)4, (unsigned short)16383>(channel_eq::_puschRxChEqStatDescr *, channel_eq::_puschRxChEqSoftDemapDynDescr)"
3773637100,572250,76646,1,1,1,32,32,1,30,0.000,0.000,,,,,NVIDIA A100-SXM4-40GB MIG 4g.20gb (0),1,,13,"void convert_kernel<float2, __half2>(tensor_layout_any, T1 *, tensor_layout_any, const T2 *)"
3774229894,14751,76658,2253,1,1,128,1,1,16,0.000,0.000,,,,,NVIDIA A100-SXM4-40GB MIG 4g.20gb (0),1,,13,cupy_copy__float16_float16
3774275013,9696,76667,282,1,1,128,1,1,16,0.000,0.000,,,,,NVIDIA A100-SXM4-40GB MIG 4g.20gb (0),1,,13,cupy_copy__complex64_complex64
3774297189,4416,76676,26,1,1,128,1,1,16,0.000,0.000,,,,,NVIDIA A100-SXM4-40GB MIG 4g.20gb (0),1,,13,cupy_copy__float32_float32
3774327845,12127,76685,103,1,1,128,1,1,16,0.000,0.000,,,,,NVIDIA A100-SXM4-40GB MIG 4g.20gb (0),1,,13,cupy_copy__complex64_complex64
3774382980,16352,76695,1434,1,1,128,1,1,16,0.000,0.000,,,,,NVIDIA A100-SXM4-40GB MIG 4g.20gb (0),1,,13,cupy_copy__complex64_complex64
3774436419,263389,76700,1,1,1,32,32,1,30,0.000,0.000,,,,,NVIDIA A100-SXM4-40GB MIG 4g.20gb (0),1,,13,"void convert_kernel<__half2, float2>(tensor_layout_any, T1 *, tensor_layout_any, const T2 *)"
3774730336,5408,76703,,,,,,,,,,0.094,17325.421,Pinned,Device,NVIDIA A100-SXM4-40GB MIG 4g.20gb (0),1,,13,[CUDA memcpy Host-to-Device]
3774778879,627481,76704,,,,,,,,,,456.561,727302.374,Device,,NVIDIA A100-SXM4-40GB MIG 4g.20gb (0),1,,13,[CUDA memset]
3775408216,54175,76709,,,,,,,,,,1.235,22794.596,Pinned,Device,NVIDIA A100-SXM4-40GB MIG 4g.20gb (0),1,,13,[CUDA memcpy Host-to-Device]
3775464823,9824,76710,,,,,,,,,,0.197,20012.925,Pinned,Device,NVIDIA A100-SXM4-40GB MIG 4g.20gb (0),1,,13,[CUDA memcpy Host-to-Device]
3775504823,22560,76711,69,4,1,48,1,1,76,0.002,0.000,,,,,NVIDIA A100-SXM4-40GB MIG 4g.20gb (0),1,,13,"void ch_est::windowedChEstPreNoDftSOfdmKernel<float, __half, float, (unsigned int)2, (unsigned int)1, (unsigned short)4>(ch_est::puschRxChEstStatDescr_t *, ch_est::puschRxChEstDynDescr_t *)"
3775536343,19071,76712,137,2,1,24,2,1,44,0.001,0.001,,,,,NVIDIA A100-SXM4-40GB MIG 4g.20gb (0),1,,13,"void ch_est::chEstFilterNoDftSOfdmDispatchKernel<float, __half, float, (unsigned int)2>(ch_est::puschRxChEstStatDescr_t *, ch_est::puschRxChEstDynDescr_t *)"
3775578870,25440,76713,137,2,1,24,2,1,44,0.001,0.001,,,,,NVIDIA A100-SXM4-40GB MIG 4g.20gb (0),1,,13,"void ch_est::chEstFilterNoDftSOfdmDispatchKernel<float, __half, float, (unsigned int)2>(ch_est::puschRxChEstStatDescr_t *, ch_est::puschRxChEstDynDescr_t *)"
3775612406,5760,76724,103,1,1,128,1,1,16,0.000,0.000,,,,,NVIDIA A100-SXM4-40GB MIG 4g.20gb (0),1,,13,cupy_copy__complex64_complex64
3775654421,16512,76734,1434,1,1,128,1,1,16,0.000,0.000,,,,,NVIDIA A100-SXM4-40GB MIG 4g.20gb (0),1,,13,cupy_copy__complex64_complex64
3775692629,4896,76741,103,1,1,128,1,1,16,0.000,0.000,,,,,NVIDIA A100-SXM4-40GB MIG 4g.20gb (0),1,,13,cupy_copy__complex64_complex64
3775736340,266941,76748,1,1,1,32,32,1,30,0.000,0.000,,,,,NVIDIA A100-SXM4-40GB MIG 4g.20gb (0),1,,13,"void convert_kernel<__half2, float2>(tensor_layout_any, T1 *, tensor_layout_any, const T2 *)"
3776040401,5472,76751,,,,,,,,,,0.094,17122.757,Pinned,Device,NVIDIA A100-SXM4-40GB MIG 4g.20gb (0),1,,13,[CUDA memcpy Host-to-Device]
3776072976,59488,76752,,,,,,,,,,35.810,601964.755,Device,,NVIDIA A100-SXM4-40GB MIG 4g.20gb (0),1,,13,[CUDA memset]
3776133744,6464,76754,,,,,,,,,,0.000,12.376,Pinned,Device,NVIDIA A100-SXM4-40GB MIG 4g.20gb (0),1,,13,[CUDA memcpy Host-to-Device]
3776144336,9408,76755,,,,,,,,,,0.197,20897.858,Pinned,Device,NVIDIA A100-SXM4-40GB MIG 4g.20gb (0),1,,13,[CUDA memcpy Host-to-Device]
3776200079,29056,76756,273,1,1,48,1,1,40,0.000,0.001,,,,,NVIDIA A100-SXM4-40GB MIG 4g.20gb (0),1,,13,"void pusch_noise_intf_est::noiseIntfEstNoDftSOfdmKernel<float, __half, float, float, (unsigned int)2, (unsigned int)1, (unsigned char)4, (unsigned char)4>(pusch_noise_intf_est::puschRxNoiseIntfEstDynDescr)"
3776231471,8544,76767,35,1,1,128,1,1,16,0.000,0.000,,,,,NVIDIA A100-SXM4-40GB MIG 4g.20gb (0),1,,13,cupy_copy__complex64_complex64
3776266094,4352,76776,1,1,1,1,1,1,18,0.000,0.000,,,,,NVIDIA A100-SXM4-40GB MIG 4g.20gb (0),1,,13,cupy_copy__float32_float32
3776273550,1600,76782,,,,,,,,,,0.000,2.500,Device,Pageable,NVIDIA A100-SXM4-40GB MIG 4g.20gb (0),1,,7,[CUDA memcpy Device-to-Host]
3776334861,16416,76793,1434,1,1,128,1,1,16,0.000,0.000,,,,,NVIDIA A100-SXM4-40GB MIG 4g.20gb (0),1,,13,cupy_copy__complex64_complex64
3776415981,6399,76800,103,1,1,128,1,1,16,0.000,0.000,,,,,NVIDIA A100-SXM4-40GB MIG 4g.20gb (0),1,,13,cupy_copy__complex64_complex64
3776444396,8992,76807,35,1,1,128,1,1,16,0.000,0.000,,,,,NVIDIA A100-SXM4-40GB MIG 4g.20gb (0),1,,13,cupy_copy__complex64_complex64
3776490220,3200,76814,1,1,1,1,1,1,18,0.000,0.000,,,,,NVIDIA A100-SXM4-40GB MIG 4g.20gb (0),1,,13,cupy_copy__float32_float32
3776755209,257341,76825,1,1,1,32,32,1,30,0.000,0.000,,,,,NVIDIA A100-SXM4-40GB MIG 4g.20gb (0),1,,13,"void convert_kernel<__half2, float2>(tensor_layout_any, T1 *, tensor_layout_any, const T2 *)"
3777041989,5664,76828,,,,,,,,,,0.094,16542.310,Pinned,Device,NVIDIA A100-SXM4-40GB MIG 4g.20gb (0),1,,13,[CUDA memcpy Host-to-Device]
3777068421,8320,76829,,,,,,,,,,1.547,185891.832,Device,,NVIDIA A100-SXM4-40GB MIG 4g.20gb (0),1,,13,[CUDA memset]
3777083077,3328,76834,,,,,,,,,,0.031,9403.822,Pinned,Device,NVIDIA A100-SXM4-40GB MIG 4g.20gb (0),1,,13,[CUDA memcpy Host-to-Device]
3777089573,9920,76835,,,,,,,,,,0.197,19819.266,Pinned,Device,NVIDIA A100-SXM4-40GB MIG 4g.20gb (0),1,,13,[CUDA memcpy Host-to-Device]
3777104869,28479,76836,273,1,1,8,4,1,39,0.002,0.000,,,,,NVIDIA A100-SXM4-40GB MIG 4g.20gb (0),1,,13,"void channel_eq::eqMmseCoefCompLowMimoKernel<float, float, float, (unsigned int)4, (unsigned int)1, (unsigned int)4>(const channel_eq::_puschRxChEqStatDescr *, channel_eq::_puschRxChEqCoefCompDynDescr)"
3777162084,19776,76837,273,1,1,12,11,1,51,0.002,0.000,,,,,NVIDIA A100-SXM4-40GB MIG 4g.20gb (0),1,,13,"void channel_eq::eqMmseSoftDemapKernel<float, __half, __half, float, (unsigned int)4, (unsigned short)16383>(channel_eq::_puschRxChEqStatDescr *, channel_eq::_puschRxChEqSoftDemapDynDescr)"
3777205475,526778,76838,1,1,1,32,32,1,30,0.000,0.000,,,,,NVIDIA A100-SXM4-40GB MIG 4g.20gb (0),1,,13,"void convert_kernel<float2, __half2>(tensor_layout_any, T1 *, tensor_layout_any, const T2 *)"
3777747869,15040,76850,2253,1,1,128,1,1,16,0.000,0.000,,,,,NVIDIA A100-SXM4-40GB MIG 4g.20gb (0),1,,13,cupy_copy__float16_float16
3777783773,5024,76859,282,1,1,128,1,1,16,0.000,0.000,,,,,NVIDIA A100-SXM4-40GB MIG 4g.20gb (0),1,,13,cupy_copy__complex64_complex64
3777817788,6304,76868,26,1,1,128,1,1,16,0.000,0.000,,,,,NVIDIA A100-SXM4-40GB MIG 4g.20gb (0),1,,13,cupy_copy__float32_float32
3777839548,9024,76877,103,1,1,128,1,1,16,0.000,0.000,,,,,NVIDIA A100-SXM4-40GB MIG 4g.20gb (0),1,,13,cupy_copy__complex64_complex64
3777890556,16479,76887,1434,1,1,128,1,1,16,0.000,0.000,,,,,NVIDIA A100-SXM4-40GB MIG 4g.20gb (0),1,,13,cupy_copy__complex64_complex64
3777926459,257245,76892,1,1,1,32,32,1,30,0.000,0.000,,,,,NVIDIA A100-SXM4-40GB MIG 4g.20gb (0),1,,13,"void convert_kernel<__half2, float2>(tensor_layout_any, T1 *, tensor_layout_any, const T2 *)"
3778213208,5376,76895,,,,,,,,,,0.094,17428.487,Pinned,Device,NVIDIA A100-SXM4-40GB MIG 4g.20gb (0),1,,13,[CUDA memcpy Host-to-Device]
3778243224,626712,76896,,,,,,,,,,456.561,728215.497,Device,,NVIDIA A100-SXM4-40GB MIG 4g.20gb (0),1,,13,[CUDA memset]
3778872720,54848,76901,,,,,,,,,,1.235,22515.499,Pinned,Device,NVIDIA A100-SXM4-40GB MIG 4g.20gb (0),1,,13,[CUDA memcpy Host-to-Device]
3778929968,9855,76902,,,,,,,,,,0.197,19950.010,Pinned,Device,NVIDIA A100-SXM4-40GB MIG 4g.20gb (0),1,,13,[CUDA memcpy Host-to-Device]
3778968175,25312,76903,69,4,1,48,1,1,76,0.002,0.000,,,,,NVIDIA A100-SXM4-40GB MIG 4g.20gb (0),1,,13,"void ch_est::windowedChEstPreNoDftSOfdmKernel<float, __half, float, (unsigned int)2, (unsigned int)1, (unsigned short)4>(ch_est::puschRxChEstStatDescr_t *, ch_est::puschRxChEstDynDescr_t *)"
3779045678,24608,76904,137,2,1,24,2,1,44,0.001,0.001,,,,,NVIDIA A100-SXM4-40GB MIG 4g.20gb (0),1,,13,"void ch_est::chEstFilterNoDftSOfdmDispatchKernel<float, __half, float, (unsigned int)2>(ch_est::puschRxChEstStatDescr_t *, ch_est::puschRxChEstDynDescr_t *)"
3779077230,18976,76905,137,2,1,24,2,1,44,0.001,0.001,,,,,NVIDIA A100-SXM4-40GB MIG 4g.20gb (0),1,,13,"void ch_est::chEstFilterNoDftSOfdmDispatchKernel<float, __half, float, (unsigned int)2>(ch_est::puschRxChEstStatDescr_t *, ch_est::puschRxChEstDynDescr_t *)"
3779121133,6112,76916,103,1,1,128,1,1,16,0.000,0.000,,,,,NVIDIA A100-SXM4-40GB MIG 4g.20gb (0),1,,13,cupy_copy__complex64_complex64
3779147181,14720,76926,1434,1,1,128,1,1,16,0.000,0.000,,,,,NVIDIA A100-SXM4-40GB MIG 4g.20gb (0),1,,13,cupy_copy__complex64_complex64
3779193261,5984,76933,103,1,1,128,1,1,16,0.000,0.000,,,,,NVIDIA A100-SXM4-40GB MIG 4g.20gb (0),1,,13,cupy_copy__complex64_complex64
3779224172,255261,76940,1,1,1,32,32,1,30,0.000,0.000,,,,,NVIDIA A100-SXM4-40GB MIG 4g.20gb (0),1,,13,"void convert_kernel<__half2, float2>(tensor_layout_any, T1 *, tensor_layout_any, const T2 *)"
3779507753,7168,76943,,,,,,,,,,0.094,13071.342,Pinned,Device,NVIDIA A100-SXM4-40GB MIG 4g.20gb (0),1,,13,[CUDA memcpy Host-to-Device]
3779543433,59039,76944,,,,,,,,,,35.810,606512.615,Device,,NVIDIA A100-SXM4-40GB MIG 4g.20gb (0),1,,13,[CUDA memset]
3779606632,3776,76946,,,,,,,,,,0.000,21.186,Pinned,Device,NVIDIA A100-SXM4-40GB MIG 4g.20gb (0),1,,13,[CUDA memcpy Host-to-Device]
3779612872,12032,76947,,,,,,,,,,0.197,16340.287,Pinned,Device,NVIDIA A100-SXM4-40GB MIG 4g.20gb (0),1,,13,[CUDA memcpy Host-to-Device]
3779655943,34240,76948,273,1,1,48,1,1,40,0.000,0.001,,,,,NVIDIA A100-SXM4-40GB MIG 4g.20gb (0),1,,13,"void pusch_noise_intf_est::noiseIntfEstNoDftSOfdmKernel<float, __half, float, float, (unsigned int)2, (unsigned int)1, (unsigned char)4, (unsigned char)4>(pusch_noise_intf_est::puschRxNoiseIntfEstDynDescr)"
3779692903,8832,76959,35,1,1,128,1,1,16,0.000,0.000,,,,,NVIDIA A100-SXM4-40GB MIG 4g.20gb (0),1,,13,cupy_copy__complex64_complex64
3779736166,5088,76968,1,1,1,1,1,1,18,0.000,0.000,,,,,NVIDIA A100-SXM4-40GB MIG 4g.20gb (0),1,,13,cupy_copy__float32_float32
3779748998,2016,76974,,,,,,,,,,0.000,1.984,Device,Pageable,NVIDIA A100-SXM4-40GB MIG 4g.20gb (0),1,,7,[CUDA memcpy Device-to-Host]
3779825061,16544,76985,1434,1,1,128,1,1,16,0.000,0.000,,,,,NVIDIA A100-SXM4-40GB MIG 4g.20gb (0),1,,13,cupy_copy__complex64_complex64
3779861029,5248,76992,103,1,1,128,1,1,16,0.000,0.000,,,,,NVIDIA A100-SXM4-40GB MIG 4g.20gb (0),1,,13,cupy_copy__complex64_complex64
3779899684,10944,76999,35,1,1,128,1,1,16,0.000,0.000,,,,,NVIDIA A100-SXM4-40GB MIG 4g.20gb (0),1,,13,cupy_copy__complex64_complex64
3779929156,3424,77006,1,1,1,1,1,1,18,0.000,0.000,,,,,NVIDIA A100-SXM4-40GB MIG 4g.20gb (0),1,,13,cupy_copy__float32_float32
3780026339,246525,77017,1,1,1,32,32,1,30,0.000,0.000,,,,,NVIDIA A100-SXM4-40GB MIG 4g.20gb (0),1,,13,"void convert_kernel<__half2, float2>(tensor_layout_any, T1 *, tensor_layout_any, const T2 *)"
3780303040,5344,77020,,,,,,,,,,0.094,17532.864,Pinned,Device,NVIDIA A100-SXM4-40GB MIG 4g.20gb (0),1,,13,[CUDA memcpy Host-to-Device]
3780332959,16736,77021,,,,,,,,,,1.547,92412.331,Device,,NVIDIA A100-SXM4-40GB MIG 4g.20gb (0),1,,13,[CUDA memset]
3780353503,3648,77026,,,,,,,,,,0.031,8578.922,Pinned,Device,NVIDIA A100-SXM4-40GB MIG 4g.20gb (0),1,,13,[CUDA memcpy Host-to-Device]
3780361119,11104,77027,,,,,,,,,,0.197,17705.927,Pinned,Device,NVIDIA A100-SXM4-40GB MIG 4g.20gb (0),1,,13,[CUDA memcpy Host-to-Device]
3780424926,29792,77028,273,1,1,8,4,1,39,0.002,0.000,,,,,NVIDIA A100-SXM4-40GB MIG 4g.20gb (0),1,,13,"void channel_eq::eqMmseCoefCompLowMimoKernel<float, float, float, (unsigned int)4, (unsigned int)1, (unsigned int)4>(const channel_eq::_puschRxChEqStatDescr *, channel_eq::_puschRxChEqCoefCompDynDescr)"
3780466910,30656,77029,273,1,1,12,11,1,51,0.002,0.000,,,,,NVIDIA A100-SXM4-40GB MIG 4g.20gb (0),1,,13,"void channel_eq::eqMmseSoftDemapKernel<float, __half, __half, float, (unsigned int)4, (unsigned short)16383>(channel_eq::_puschRxChEqStatDescr *, channel_eq::_puschRxChEqSoftDemapDynDescr)"
3780511005,600730,77030,1,1,1,32,32,1,30,0.000,0.000,,,,,NVIDIA A100-SXM4-40GB MIG 4g.20gb (0),1,,13,"void convert_kernel<float2, __half2>(tensor_layout_any, T1 *, tensor_layout_any, const T2 *)"
3781142134,16096,77042,2253,1,1,128,1,1,16,0.000,0.000,,,,,NVIDIA A100-SXM4-40GB MIG 4g.20gb (0),1,,13,cupy_copy__float16_float16
3781178518,5120,77051,282,1,1,128,1,1,16,0.000,0.000,,,,,NVIDIA A100-SXM4-40GB MIG 4g.20gb (0),1,,13,cupy_copy__complex64_complex64
3781208597,5856,77060,26,1,1,128,1,1,16,0.000,0.000,,,,,NVIDIA A100-SXM4-40GB MIG 4g.20gb (0),1,,13,cupy_copy__float32_float32
3781230933,8416,77069,103,1,1,128,1,1,16,0.000,0.000,,,,,NVIDIA A100-SXM4-40GB MIG 4g.20gb (0),1,,13,cupy_copy__complex64_complex64
3781323380,16480,77079,1434,1,1,128,1,1,16,0.000,0.000,,,,,NVIDIA A100-SXM4-40GB MIG 4g.20gb (0),1,,13,cupy_copy__complex64_complex64
3781359764,253501,77084,1,1,1,32,32,1,30,0.000,0.000,,,,,NVIDIA A100-SXM4-40GB MIG 4g.20gb (0),1,,13,"void convert_kernel<__half2, float2>(tensor_layout_any, T1 *, tensor_layout_any, const T2 *)"
3781642960,5504,77087,,,,,,,,,,0.094,17023.251,Pinned,Device,NVIDIA A100-SXM4-40GB MIG 4g.20gb (0),1,,13,[CUDA memcpy Host-to-Device]
3781685040,623321,77088,,,,,,,,,,456.561,732324.550,Device,,NVIDIA A100-SXM4-40GB MIG 4g.20gb (0),1,,13,[CUDA memset]
3782312553,53727,77093,,,,,,,,,,1.235,22984.778,Pinned,Device,NVIDIA A100-SXM4-40GB MIG 4g.20gb (0),1,,13,[CUDA memcpy Host-to-Device]
3782371144,11040,77094,,,,,,,,,,0.197,17808.556,Pinned,Device,NVIDIA A100-SXM4-40GB MIG 4g.20gb (0),1,,13,[CUDA memcpy Host-to-Device]
3782409736,21727,77095,69,4,1,48,1,1,76,0.002,0.000,,,,,NVIDIA A100-SXM4-40GB MIG 4g.20gb (0),1,,13,"void ch_est::windowedChEstPreNoDftSOfdmKernel<float, __half, float, (unsigned int)2, (unsigned int)1, (unsigned short)4>(ch_est::puschRxChEstStatDescr_t *, ch_est::puschRxChEstDynDescr_t *)"
3782442567,19200,77096,137,2,1,24,2,1,44,0.001,0.001,,,,,NVIDIA A100-SXM4-40GB MIG 4g.20gb (0),1,,13,"void ch_est::chEstFilterNoDftSOfdmDispatchKernel<float, __half, float, (unsigned int)2>(ch_est::puschRxChEstStatDescr_t *, ch_est::puschRxChEstDynDescr_t *)"
3782488391,24383,77097,137,2,1,24,2,1,44,0.001,0.001,,,,,NVIDIA A100-SXM4-40GB MIG 4g.20gb (0),1,,13,"void ch_est::chEstFilterNoDftSOfdmDispatchKernel<float, __half, float, (unsigned int)2>(ch_est::puschRxChEstStatDescr_t *, ch_est::puschRxChEstDynDescr_t *)"
3782520678,5120,77108,103,1,1,128,1,1,16,0.000,0.000,,,,,NVIDIA A100-SXM4-40GB MIG 4g.20gb (0),1,,13,cupy_copy__complex64_complex64
3782562886,15776,77118,1434,1,1,128,1,1,16,0.000,0.000,,,,,NVIDIA A100-SXM4-40GB MIG 4g.20gb (0),1,,13,cupy_copy__complex64_complex64
3782601253,4832,77125,103,1,1,128,1,1,16,0.000,0.000,,,,,NVIDIA A100-SXM4-40GB MIG 4g.20gb (0),1,,13,cupy_copy__complex64_complex64
3782649029,262653,77132,1,1,1,32,32,1,30,0.000,0.000,,,,,NVIDIA A100-SXM4-40GB MIG 4g.20gb (0),1,,13,"void convert_kernel<__half2, float2>(tensor_layout_any, T1 *, tensor_layout_any, const T2 *)"
3782942145,5376,77135,,,,,,,,,,0.094,17428.487,Pinned,Device,NVIDIA A100-SXM4-40GB MIG 4g.20gb (0),1,,13,[CUDA memcpy Host-to-Device]
3782981761,58623,77136,,,,,,,,,,35.810,610845.615,Device,,NVIDIA A100-SXM4-40GB MIG 4g.20gb (0),1,,13,[CUDA memset]
3783045504,4000,77138,,,,,,,,,,0.000,20.000,Pinned,Device,NVIDIA A100-SXM4-40GB MIG 4g.20gb (0),1,,13,[CUDA memcpy Host-to-Device]
3783051584,10720,77139,,,,,,,,,,0.197,18340.184,Pinned,Device,NVIDIA A100-SXM4-40GB MIG 4g.20gb (0),1,,13,[CUDA memcpy Host-to-Device]
3783101888,33247,77140,273,1,1,48,1,1,40,0.000,0.001,,,,,NVIDIA A100-SXM4-40GB MIG 4g.20gb (0),1,,13,"void pusch_noise_intf_est::noiseIntfEstNoDftSOfdmKernel<float, __half, float, float, (unsigned int)2, (unsigned int)1, (unsigned char)4, (unsigned char)4>(pusch_noise_intf_est::puschRxNoiseIntfEstDynDescr)"
3783168031,11008,77151,35,1,1,128,1,1,16,0.000,0.000,,,,,NVIDIA A100-SXM4-40GB MIG 4g.20gb (0),1,,13,cupy_copy__complex64_complex64
3783190975,3840,77160,1,1,1,1,1,1,18,0.000,0.000,,,,,NVIDIA A100-SXM4-40GB MIG 4g.20gb (0),1,,13,cupy_copy__float32_float32
3783197343,1952,77166,,,,,,,,,,0.000,2.049,Device,Pageable,NVIDIA A100-SXM4-40GB MIG 4g.20gb (0),1,,7,[CUDA memcpy Device-to-Host]
3783275134,14400,77177,1434,1,1,128,1,1,16,0.000,0.000,,,,,NVIDIA A100-SXM4-40GB MIG 4g.20gb (0),1,,13,cupy_copy__complex64_complex64
3783321405,7040,77184,103,1,1,128,1,1,16,0.000,0.000,,,,,NVIDIA A100-SXM4-40GB MIG 4g.20gb (0),1,,13,cupy_copy__complex64_complex64
3783348413,9344,77191,35,1,1,128,1,1,16,0.000,0.000,,,,,NVIDIA A100-SXM4-40GB MIG 4g.20gb (0),1,,13,cupy_copy__complex64_complex64
3783395548,4960,77198,1,1,1,1,1,1,18,0.000,0.000,,,,,NVIDIA A100-SXM4-40GB MIG 4g.20gb (0),1,,13,cupy_copy__float32_float32
3783487771,253309,77209,1,1,1,32,32,1,30,0.000,0.000,,,,,NVIDIA A100-SXM4-40GB MIG 4g.20gb (0),1,,13,"void convert_kernel<__half2, float2>(tensor_layout_any, T1 *, tensor_layout_any, const T2 *)"
3783770648,5472,77212,,,,,,,,,,0.094,17122.757,Pinned,Device,NVIDIA A100-SXM4-40GB MIG 4g.20gb (0),1,,13,[CUDA memcpy Host-to-Device]
3783833879,12160,77213,,,,,,,,,,1.547,127188.171,Device,,NVIDIA A100-SXM4-40GB MIG 4g.20gb (0),1,,13,[CUDA memset]
3783852087,3040,77218,,,,,,,,,,0.031,10294.725,Pinned,Device,NVIDIA A100-SXM4-40GB MIG 4g.20gb (0),1,,13,[CUDA memcpy Host-to-Device]
3783857591,9728,77219,,,,,,,,,,0.197,20210.516,Pinned,Device,NVIDIA A100-SXM4-40GB MIG 4g.20gb (0),1,,13,[CUDA memcpy Host-to-Device]
3783899958,32384,77220,273,1,1,8,4,1,39,0.002,0.000,,,,,NVIDIA A100-SXM4-40GB MIG 4g.20gb (0),1,,13,"void channel_eq::eqMmseCoefCompLowMimoKernel<float, float, float, (unsigned int)4, (unsigned int)1, (unsigned int)4>(const channel_eq::_puschRxChEqStatDescr *, channel_eq::_puschRxChEqCoefCompDynDescr)"
3784008757,32608,77221,273,1,1,12,11,1,51,0.002,0.000,,,,,NVIDIA A100-SXM4-40GB MIG 4g.20gb (0),1,,13,"void channel_eq::eqMmseSoftDemapKernel<float, __half, __half, float, (unsigned int)4, (unsigned short)16383>(channel_eq::_puschRxChEqStatDescr *, channel_eq::_puschRxChEqSoftDemapDynDescr)"
3784053429,600825,77222,1,1,1,32,32,1,30,0.000,0.000,,,,,NVIDIA A100-SXM4-40GB MIG 4g.20gb (0),1,,13,"void convert_kernel<float2, __half2>(tensor_layout_any, T1 *, tensor_layout_any, const T2 *)"
3784689421,16640,77234,2253,1,1,128,1,1,16,0.000,0.000,,,,,NVIDIA A100-SXM4-40GB MIG 4g.20gb (0),1,,13,cupy_copy__float16_float16
3784725389,5568,77243,282,1,1,128,1,1,16,0.000,0.000,,,,,NVIDIA A100-SXM4-40GB MIG 4g.20gb (0),1,,13,cupy_copy__complex64_complex64
3784757933,8064,77252,26,1,1,128,1,1,16,0.000,0.000,,,,,NVIDIA A100-SXM4-40GB MIG 4g.20gb (0),1,,13,cupy_copy__float32_float32
3784780236,9632,77261,103,1,1,128,1,1,16,0.000,0.000,,,,,NVIDIA A100-SXM4-40GB MIG 4g.20gb (0),1,,13,cupy_copy__complex64_complex64
3784876491,19424,77271,1434,1,1,128,1,1,16,0.000,0.000,,,,,NVIDIA A100-SXM4-40GB MIG 4g.20gb (0),1,,13,cupy_copy__complex64_complex64
3784912811,251837,77276,1,1,1,32,32,1,30,0.000,0.000,,,,,NVIDIA A100-SXM4-40GB MIG 4g.20gb (0),1,,13,"void convert_kernel<__half2, float2>(tensor_layout_any, T1 *, tensor_layout_any, const T2 *)"
3785193544,5792,77279,,,,,,,,,,0.094,16176.708,Pinned,Device,NVIDIA A100-SXM4-40GB MIG 4g.20gb (0),1,,13,[CUDA memcpy Host-to-Device]
3785236839,623289,77280,,,,,,,,,,456.561,732324.550,Device,,NVIDIA A100-SXM4-40GB MIG 4g.20gb (0),1,,13,[CUDA memset]
3785860192,54527,77285,,,,,,,,,,1.235,22647.638,Pinned,Device,NVIDIA A100-SXM4-40GB MIG 4g.20gb (0),1,,13,[CUDA memcpy Host-to-Device]
3785917151,9536,77286,,,,,,,,,,0.197,20617.298,Pinned,Device,NVIDIA A100-SXM4-40GB MIG 4g.20gb (0),1,,13,[CUDA memcpy Host-to-Device]
3785955775,22912,77287,69,4,1,48,1,1,76,0.002,0.000,,,,,NVIDIA A100-SXM4-40GB MIG 4g.20gb (0),1,,13,"void ch_est::windowedChEstPreNoDftSOfdmKernel<float, __half, float, (unsigned int)2, (unsigned int)1, (unsigned short)4>(ch_est::puschRxChEstStatDescr_t *, ch_est::puschRxChEstDynDescr_t *)"
3785987070,19936,77288,137,2,1,24,2,1,44,0.001,0.001,,,,,NVIDIA A100-SXM4-40GB MIG 4g.20gb (0),1,,13,"void ch_est::chEstFilterNoDftSOfdmDispatchKernel<float, __half, float, (unsigned int)2>(ch_est::puschRxChEstStatDescr_t *, ch_est::puschRxChEstDynDescr_t *)"
3786030750,22848,77289,137,2,1,24,2,1,44,0.001,0.001,,,,,NVIDIA A100-SXM4-40GB MIG 4g.20gb (0),1,,13,"void ch_est::chEstFilterNoDftSOfdmDispatchKernel<float, __half, float, (unsigned int)2>(ch_est::puschRxChEstStatDescr_t *, ch_est::puschRxChEstDynDescr_t *)"
3786063998,5792,77300,103,1,1,128,1,1,16,0.000,0.000,,,,,NVIDIA A100-SXM4-40GB MIG 4g.20gb (0),1,,13,cupy_copy__complex64_complex64
3786106109,15648,77310,1434,1,1,128,1,1,16,0.000,0.000,,,,,NVIDIA A100-SXM4-40GB MIG 4g.20gb (0),1,,13,cupy_copy__complex64_complex64
3786138749,5504,77317,103,1,1,128,1,1,16,0.000,0.000,,,,,NVIDIA A100-SXM4-40GB MIG 4g.20gb (0),1,,13,cupy_copy__complex64_complex64
3786184348,259837,77324,1,1,1,32,32,1,30,0.000,0.000,,,,,NVIDIA A100-SXM4-40GB MIG 4g.20gb (0),1,,13,"void convert_kernel<__half2, float2>(tensor_layout_any, T1 *, tensor_layout_any, const T2 *)"
3786479673,5376,77327,,,,,,,,,,0.094,17428.487,Pinned,Device,NVIDIA A100-SXM4-40GB MIG 4g.20gb (0),1,,13,[CUDA memcpy Host-to-Device]
3786524856,59968,77328,,,,,,,,,,35.810,597130.416,Device,,NVIDIA A100-SXM4-40GB MIG 4g.20gb (0),1,,13,[CUDA memset]
3786588312,4448,77330,,,,,,,,,,0.000,17.986,Pinned,Device,NVIDIA A100-SXM4-40GB MIG 4g.20gb (0),1,,13,[CUDA memcpy Host-to-Device]
3786598263,11808,77331,,,,,,,,,,0.197,16650.338,Pinned,Device,NVIDIA A100-SXM4-40GB MIG 4g.20gb (0),1,,13,[CUDA memcpy Host-to-Device]
3786655351,31039,77332,273,1,1,48,1,1,40,0.000,0.001,,,,,NVIDIA A100-SXM4-40GB MIG 4g.20gb (0),1,,13,"void pusch_noise_intf_est::noiseIntfEstNoDftSOfdmKernel<float, __half, float, float, (unsigned int)2, (unsigned int)1, (unsigned char)4, (unsigned char)4>(pusch_noise_intf_est::puschRxNoiseIntfEstDynDescr)"
3786718614,10400,77343,35,1,1,128,1,1,16,0.000,0.000,,,,,NVIDIA A100-SXM4-40GB MIG 4g.20gb (0),1,,13,cupy_copy__complex64_complex64
3786741558,6016,77352,1,1,1,1,1,1,18,0.000,0.000,,,,,NVIDIA A100-SXM4-40GB MIG 4g.20gb (0),1,,13,cupy_copy__float32_float32
3786751606,1600,77358,,,,,,,,,,0.000,2.500,Device,Pageable,NVIDIA A100-SXM4-40GB MIG 4g.20gb (0),1,,7,[CUDA memcpy Device-to-Host]
3786826389,14624,77369,1434,1,1,128,1,1,16,0.000,0.000,,,,,NVIDIA A100-SXM4-40GB MIG 4g.20gb (0),1,,13,cupy_copy__complex64_complex64
3786872404,5856,77376,103,1,1,128,1,1,16,0.000,0.000,,,,,NVIDIA A100-SXM4-40GB MIG 4g.20gb (0),1,,13,cupy_copy__complex64_complex64
3786899220,6816,77383,35,1,1,128,1,1,16,0.000,0.000,,,,,NVIDIA A100-SXM4-40GB MIG 4g.20gb (0),1,,13,cupy_copy__complex64_complex64
3786943380,4063,77390,1,1,1,1,1,1,18,0.000,0.000,,,,,NVIDIA A100-SXM4-40GB MIG 4g.20gb (0),1,,13,cupy_copy__float32_float32
3787034834,252062,77401,1,1,1,32,32,1,30,0.000,0.000,,,,,NVIDIA A100-SXM4-40GB MIG 4g.20gb (0),1,,13,"void convert_kernel<__half2, float2>(tensor_layout_any, T1 *, tensor_layout_any, const T2 *)"
3787316463,5376,77404,,,,,,,,,,0.094,17428.487,Pinned,Device,NVIDIA A100-SXM4-40GB MIG 4g.20gb (0),1,,13,[CUDA memcpy Host-to-Device]
3787371087,12415,77405,,,,,,,,,,1.547,124575.923,Device,,NVIDIA A100-SXM4-40GB MIG 4g.20gb (0),1,,13,[CUDA memset]
3787391022,3072,77410,,,,,,,,,,0.031,10187.474,Pinned,Device,NVIDIA A100-SXM4-40GB MIG 4g.20gb (0),1,,13,[CUDA memcpy Host-to-Device]
3787396846,9600,77411,,,,,,,,,,0.197,20479.869,Pinned,Device,NVIDIA A100-SXM4-40GB MIG 4g.20gb (0),1,,13,[CUDA memcpy Host-to-Device]
3787438606,24224,77412,273,1,1,8,4,1,39,0.002,0.000,,,,,NVIDIA A100-SXM4-40GB MIG 4g.20gb (0),1,,13,"void channel_eq::eqMmseCoefCompLowMimoKernel<float, float, float, (unsigned int)4, (unsigned int)1, (unsigned int)4>(const channel_eq::_puschRxChEqStatDescr *, channel_eq::_puschRxChEqCoefCompDynDescr)"
3787554188,32128,77413,273,1,1,12,11,1,51,0.002,0.000,,,,,NVIDIA A100-SXM4-40GB MIG 4g.20gb (0),1,,13,"void channel_eq::eqMmseSoftDemapKernel<float, __half, __half, float, (unsigned int)4, (unsigned short)16383>(channel_eq::_puschRxChEqStatDescr *, channel_eq::_puschRxChEqSoftDemapDynDescr)"
3787595308,623033,77414,1,1,1,32,32,1,30,0.000,0.000,,,,,NVIDIA A100-SXM4-40GB MIG 4g.20gb (0),1,,13,"void convert_kernel<float2, __half2>(tensor_layout_any, T1 *, tensor_layout_any, const T2 *)"
3788245957,13439,77426,2253,1,1,128,1,1,16,0.000,0.000,,,,,NVIDIA A100-SXM4-40GB MIG 4g.20gb (0),1,,13,cupy_copy__float16_float16
3788289668,9344,77435,282,1,1,128,1,1,16,0.000,0.000,,,,,NVIDIA A100-SXM4-40GB MIG 4g.20gb (0),1,,13,cupy_copy__complex64_complex64
3788312548,3776,77444,26,1,1,128,1,1,16,0.000,0.000,,,,,NVIDIA A100-SXM4-40GB MIG 4g.20gb (0),1,,13,cupy_copy__float32_float32
3788345123,14176,77453,103,1,1,128,1,1,16,0.000,0.000,,,,,NVIDIA A100-SXM4-40GB MIG 4g.20gb (0),1,,13,cupy_copy__complex64_complex64
3788376899,19520,77463,1434,1,1,128,1,1,16,0.000,0.000,,,,,NVIDIA A100-SXM4-40GB MIG 4g.20gb (0),1,,13,cupy_copy__complex64_complex64
3788431970,259069,77468,1,1,1,32,32,1,30,0.000,0.000,,,,,NVIDIA A100-SXM4-40GB MIG 4g.20gb (0),1,,13,"void convert_kernel<__half2, float2>(tensor_layout_any, T1 *, tensor_layout_any, const T2 *)"
3788724255,5760,77471,,,,,,,,,,0.094,16266.656,Pinned,Device,NVIDIA A100-SXM4-40GB MIG 4g.20gb (0),1,,13,[CUDA memcpy Host-to-Device]
3788752607,622745,77472,,,,,,,,,,456.561,732781.111,Device,,NVIDIA A100-SXM4-40GB MIG 4g.20gb (0),1,,13,[CUDA memset]
3789379320,53855,77477,,,,,,,,,,1.235,22930.440,Pinned,Device,NVIDIA A100-SXM4-40GB MIG 4g.20gb (0),1,,13,[CUDA memcpy Host-to-Device]
3789435607,9824,77478,,,,,,,,,,0.197,20012.925,Pinned,Device,NVIDIA A100-SXM4-40GB MIG 4g.20gb (0),1,,13,[CUDA memcpy Host-to-Device]
3789466007,22111,77479,69,4,1,48,1,1,76,0.002,0.000,,,,,NVIDIA A100-SXM4-40GB MIG 4g.20gb (0),1,,13,"void ch_est::windowedChEstPreNoDftSOfdmKernel<float, __half, float, (unsigned int)2, (unsigned int)1, (unsigned short)4>(ch_est::puschRxChEstStatDescr_t *, ch_est::puschRxChEstDynDescr_t *)"
3789515094,24064,77480,137,2,1,24,2,1,44,0.001,0.001,,,,,NVIDIA A100-SXM4-40GB MIG 4g.20gb (0),1,,13,"void ch_est::chEstFilterNoDftSOfdmDispatchKernel<float, __half, float, (unsigned int)2>(ch_est::puschRxChEstStatDescr_t *, ch_est::puschRxChEstDynDescr_t *)"
3789546550,19487,77481,137,2,1,24,2,1,44,0.001,0.001,,,,,NVIDIA A100-SXM4-40GB MIG 4g.20gb (0),1,,13,"void ch_est::chEstFilterNoDftSOfdmDispatchKernel<float, __half, float, (unsigned int)2>(ch_est::puschRxChEstStatDescr_t *, ch_est::puschRxChEstDynDescr_t *)"
3789588789,6080,77492,103,1,1,128,1,1,16,0.000,0.000,,,,,NVIDIA A100-SXM4-40GB MIG 4g.20gb (0),1,,13,cupy_copy__complex64_complex64
3789615189,14464,77502,1434,1,1,128,1,1,16,0.000,0.000,,,,,NVIDIA A100-SXM4-40GB MIG 4g.20gb (0),1,,13,cupy_copy__complex64_complex64
3789661428,6880,77509,103,1,1,128,1,1,16,0.000,0.000,,,,,NVIDIA A100-SXM4-40GB MIG 4g.20gb (0),1,,13,cupy_copy__complex64_complex64
3789693428,255773,77516,1,1,1,32,32,1,30,0.000,0.000,,,,,NVIDIA A100-SXM4-40GB MIG 4g.20gb (0),1,,13,"void convert_kernel<__half2, float2>(tensor_layout_any, T1 *, tensor_layout_any, const T2 *)"
3789978737,5536,77519,,,,,,,,,,0.094,16924.777,Pinned,Device,NVIDIA A100-SXM4-40GB MIG 4g.20gb (0),1,,13,[CUDA memcpy Host-to-Device]
3790010224,58272,77520,,,,,,,,,,35.810,614498.227,Device,,NVIDIA A100-SXM4-40GB MIG 4g.20gb (0),1,,13,[CUDA memset]
3790070256,2496,77522,,,,,,,,,,0.000,32.051,Pinned,Device,NVIDIA A100-SXM4-40GB MIG 4g.20gb (0),1,,13,[CUDA memcpy Host-to-Device]
3790078735,10144,77523,,,,,,,,,,0.197,19381.617,Pinned,Device,NVIDIA A100-SXM4-40GB MIG 4g.20gb (0),1,,13,[CUDA memcpy Host-to-Device]
3790137711,32287,77524,273,1,1,48,1,1,40,0.000,0.001,,,,,NVIDIA A100-SXM4-40GB MIG 4g.20gb (0),1,,13,"void pusch_noise_intf_est::noiseIntfEstNoDftSOfdmKernel<float, __half, float, float, (unsigned int)2, (unsigned int)1, (unsigned char)4, (unsigned char)4>(pusch_noise_intf_est::puschRxNoiseIntfEstDynDescr)"
3790173454,5472,77535,35,1,1,128,1,1,16,0.000,0.000,,,,,NVIDIA A100-SXM4-40GB MIG 4g.20gb (0),1,,13,cupy_copy__complex64_complex64
3790213678,9440,77544,1,1,1,1,1,1,18,0.000,0.000,,,,,NVIDIA A100-SXM4-40GB MIG 4g.20gb (0),1,,13,cupy_copy__float32_float32
3790229518,1568,77550,,,,,,,,,,0.000,2.551,Device,Pageable,NVIDIA A100-SXM4-40GB MIG 4g.20gb (0),1,,7,[CUDA memcpy Device-to-Host]
3790298669,16736,77561,1434,1,1,128,1,1,16,0.000,0.000,,,,,NVIDIA A100-SXM4-40GB MIG 4g.20gb (0),1,,13,cupy_copy__complex64_complex64
3790333741,4799,77568,103,1,1,128,1,1,16,0.000,0.000,,,,,NVIDIA A100-SXM4-40GB MIG 4g.20gb (0),1,,13,cupy_copy__complex64_complex64
3790374988,9856,77575,35,1,1,128,1,1,16,0.000,0.000,,,,,NVIDIA A100-SXM4-40GB MIG 4g.20gb (0),1,,13,cupy_copy__complex64_complex64
3790402604,6304,77582,1,1,1,1,1,1,18,0.000,0.000,,,,,NVIDIA A100-SXM4-40GB MIG 4g.20gb (0),1,,13,cupy_copy__float32_float32
3790497035,242973,77593,1,1,1,32,32,1,30,0.000,0.000,,,,,NVIDIA A100-SXM4-40GB MIG 4g.20gb (0),1,,13,"void convert_kernel<__half2, float2>(tensor_layout_any, T1 *, tensor_layout_any, const T2 *)"
3790769800,6591,77596,,,,,,,,,,0.094,14215.745,Pinned,Device,NVIDIA A100-SXM4-40GB MIG 4g.20gb (0),1,,13,[CUDA memcpy Host-to-Device]
3790822919,9248,77597,,,,,,,,,,1.547,167238.000,Device,,NVIDIA A100-SXM4-40GB MIG 4g.20gb (0),1,,13,[CUDA memset]
3790837735,3584,77602,,,,,,,,,,0.031,8732.116,Pinned,Device,NVIDIA A100-SXM4-40GB MIG 4g.20gb (0),1,,13,[CUDA memcpy Host-to-Device]
3790844231,10080,77603,,,,,,,,,,0.197,19504.693,Pinned,Device,NVIDIA A100-SXM4-40GB MIG 4g.20gb (0),1,,13,[CUDA memcpy Host-to-Device]
3790888710,33728,77604,273,1,1,8,4,1,39,0.002,0.000,,,,,NVIDIA A100-SXM4-40GB MIG 4g.20gb (0),1,,13,"void channel_eq::eqMmseCoefCompLowMimoKernel<float, float, float, (unsigned int)4, (unsigned int)1, (unsigned int)4>(const channel_eq::_puschRxChEqStatDescr *, channel_eq::_puschRxChEqCoefCompDynDescr)"
3790999205,33311,77605,273,1,1,12,11,1,51,0.002,0.000,,,,,NVIDIA A100-SXM4-40GB MIG 4g.20gb (0),1,,13,"void channel_eq::eqMmseSoftDemapKernel<float, __half, __half, float, (unsigned int)4, (unsigned short)16383>(channel_eq::_puschRxChEqStatDescr *, channel_eq::_puschRxChEqSoftDemapDynDescr)"
3791044996,578202,77606,1,1,1,32,32,1,30,0.000,0.000,,,,,NVIDIA A100-SXM4-40GB MIG 4g.20gb (0),1,,13,"void convert_kernel<float2, __half2>(tensor_layout_any, T1 *, tensor_layout_any, const T2 *)"
3791639390,15007,77618,2253,1,1,128,1,1,16,0.000,0.000,,,,,NVIDIA A100-SXM4-40GB MIG 4g.20gb (0),1,,13,cupy_copy__float16_float16
3791687517,6592,77627,282,1,1,128,1,1,16,0.000,0.000,,,,,NVIDIA A100-SXM4-40GB MIG 4g.20gb (0),1,,13,cupy_copy__complex64_complex64
3791711101,4672,77636,26,1,1,128,1,1,16,0.000,0.000,,,,,NVIDIA A100-SXM4-40GB MIG 4g.20gb (0),1,,13,cupy_copy__float32_float32
3791742428,11072,77645,103,1,1,128,1,1,16,0.000,0.000,,,,,NVIDIA A100-SXM4-40GB MIG 4g.20gb (0),1,,13,cupy_copy__complex64_complex64
3791797340,16096,77655,1434,1,1,128,1,1,16,0.000,0.000,,,,,NVIDIA A100-SXM4-40GB MIG 4g.20gb (0),1,,13,cupy_copy__complex64_complex64
3791850747,263869,77660,1,1,1,32,32,1,30,0.000,0.000,,,,,NVIDIA A100-SXM4-40GB MIG 4g.20gb (0),1,,13,"void convert_kernel<__half2, float2>(tensor_layout_any, T1 *, tensor_layout_any, const T2 *)"
3792145752,5408,77663,,,,,,,,,,0.094,17325.421,Pinned,Device,NVIDIA A100-SXM4-40GB MIG 4g.20gb (0),1,,13,[CUDA memcpy Host-to-Device]
3792173495,615737,77664,,,,,,,,,,456.561,741455.779,Device,,NVIDIA A100-SXM4-40GB MIG 4g.20gb (0),1,,13,[CUDA memset]
3792798576,52544,77669,,,,,,,,,,1.235,23502.219,Pinned,Device,NVIDIA A100-SXM4-40GB MIG 4g.20gb (0),1,,13,[CUDA memcpy Host-to-Device]
3792853904,10815,77670,,,,,,,,,,0.197,18179.162,Pinned,Device,NVIDIA A100-SXM4-40GB MIG 4g.20gb (0),1,,13,[CUDA memcpy Host-to-Device]
3792885647,18784,77671,69,4,1,48,1,1,76,0.002,0.000,,,,,NVIDIA A100-SXM4-40GB MIG 4g.20gb (0),1,,13,"void ch_est::windowedChEstPreNoDftSOfdmKernel<float, __half, float, (unsigned int)2, (unsigned int)1, (unsigned short)4>(ch_est::puschRxChEstStatDescr_t *, ch_est::puschRxChEstDynDescr_t *)"
3792925327,26559,77672,137,2,1,24,2,1,44,0.001,0.001,,,,,NVIDIA A100-SXM4-40GB MIG 4g.20gb (0),1,,13,"void ch_est::chEstFilterNoDftSOfdmDispatchKernel<float, __half, float, (unsigned int)2>(ch_est::puschRxChEstStatDescr_t *, ch_est::puschRxChEstDynDescr_t *)"
3792957454,25440,77673,137,2,1,24,2,1,44,0.001,0.001,,,,,NVIDIA A100-SXM4-40GB MIG 4g.20gb (0),1,,13,"void ch_est::chEstFilterNoDftSOfdmDispatchKernel<float, __half, float, (unsigned int)2>(ch_est::puschRxChEstStatDescr_t *, ch_est::puschRxChEstDynDescr_t *)"
3793001198,5792,77684,103,1,1,128,1,1,16,0.000,0.000,,,,,NVIDIA A100-SXM4-40GB MIG 4g.20gb (0),1,,13,cupy_copy__complex64_complex64
3793027534,15647,77694,1434,1,1,128,1,1,16,0.000,0.000,,,,,NVIDIA A100-SXM4-40GB MIG 4g.20gb (0),1,,13,cupy_copy__complex64_complex64
3793079117,6208,77701,103,1,1,128,1,1,16,0.000,0.000,,,,,NVIDIA A100-SXM4-40GB MIG 4g.20gb (0),1,,13,cupy_copy__complex64_complex64
3793109165,260061,77708,1,1,1,32,32,1,30,0.000,0.000,,,,,NVIDIA A100-SXM4-40GB MIG 4g.20gb (0),1,,13,"void convert_kernel<__half2, float2>(tensor_layout_any, T1 *, tensor_layout_any, const T2 *)"
3793399081,5408,77711,,,,,,,,,,0.094,17325.421,Pinned,Device,NVIDIA A100-SXM4-40GB MIG 4g.20gb (0),1,,13,[CUDA memcpy Host-to-Device]
3793427433,59743,77712,,,,,,,,,,35.810,599386.441,Device,,NVIDIA A100-SXM4-40GB MIG 4g.20gb (0),1,,13,[CUDA memset]
3793490888,4320,77714,,,,,,,,,,0.000,18.518,Pinned,Device,NVIDIA A100-SXM4-40GB MIG 4g.20gb (0),1,,13,[CUDA memcpy Host-to-Device]
3793500904,10912,77715,,,,,,,,,,0.197,18017.550,Pinned,Device,NVIDIA A100-SXM4-40GB MIG 4g.20gb (0),1,,13,[CUDA memcpy Host-to-Device]
3793556583,29952,77716,273,1,1,48,1,1,40,0.000,0.001,,,,,NVIDIA A100-SXM4-40GB MIG 4g.20gb (0),1,,13,"void pusch_noise_intf_est::noiseIntfEstNoDftSOfdmKernel<float, __half, float, float, (unsigned int)2, (unsigned int)1, (unsigned char)4, (unsigned char)4>(pusch_noise_intf_est::puschRxNoiseIntfEstDynDescr)"
3793619143,10688,77727,35,1,1,128,1,1,16,0.000,0.000,,,,,NVIDIA A100-SXM4-40GB MIG 4g.20gb (0),1,,13,cupy_copy__complex64_complex64
3793641415,3999,77736,1,1,1,1,1,1,18,0.000,0.000,,,,,NVIDIA A100-SXM4-40GB MIG 4g.20gb (0),1,,13,cupy_copy__float32_float32
3793646534,1600,77742,,,,,,,,,,0.000,2.500,Device,Pageable,NVIDIA A100-SXM4-40GB MIG 4g.20gb (0),1,,7,[CUDA memcpy Device-to-Host]
3793724838,15135,77753,1434,1,1,128,1,1,16,0.000,0.000,,,,,NVIDIA A100-SXM4-40GB MIG 4g.20gb (0),1,,13,cupy_copy__complex64_complex64
3793741349,3168,77760,103,1,1,128,1,1,16,0.000,0.000,,,,,NVIDIA A100-SXM4-40GB MIG 4g.20gb (0),1,,13,cupy_copy__complex64_complex64
3793770277,4768,77767,35,1,1,128,1,1,16,0.000,0.000,,,,,NVIDIA A100-SXM4-40GB MIG 4g.20gb (0),1,,13,cupy_copy__complex64_complex64
3793805477,2816,77774,1,1,1,1,1,1,18,0.000,0.000,,,,,NVIDIA A100-SXM4-40GB MIG 4g.20gb (0),1,,13,cupy_copy__float32_float32
3793929731,123999,77785,1,1,1,32,32,1,30,0.000,0.000,,,,,NVIDIA A100-SXM4-40GB MIG 4g.20gb (0),1,,13,"void convert_kernel<__half2, float2>(tensor_layout_any, T1 *, tensor_layout_any, const T2 *)"
3794085889,5408,77788,,,,,,,,,,0.094,17325.421,Pinned,Device,NVIDIA A100-SXM4-40GB MIG 4g.20gb (0),1,,13,[CUDA memcpy Host-to-Device]
3794110369,6464,77789,,,,,,,,,,1.547,239265.826,Device,,NVIDIA A100-SXM4-40GB MIG 4g.20gb (0),1,,13,[CUDA memset]
3794117217,3040,77794,,,,,,,,,,0.031,10294.725,Pinned,Device,NVIDIA A100-SXM4-40GB MIG 4g.20gb (0),1,,13,[CUDA memcpy Host-to-Device]
3794122337,9408,77795,,,,,,,,,,0.197,20897.858,Pinned,Device,NVIDIA A100-SXM4-40GB MIG 4g.20gb (0),1,,13,[CUDA memcpy Host-to-Device]
3794136161,6176,77796,273,1,1,8,4,1,39,0.002,0.000,,,,,NVIDIA A100-SXM4-40GB MIG 4g.20gb (0),1,,13,"void channel_eq::eqMmseCoefCompLowMimoKernel<float, float, float, (unsigned int)4, (unsigned int)1, (unsigned int)4>(const channel_eq::_puschRxChEqStatDescr *, channel_eq::_puschRxChEqCoefCompDynDescr)"
3794145121,5728,77797,273,1,1,12,11,1,51,0.002,0.000,,,,,NVIDIA A100-SXM4-40GB MIG 4g.20gb (0),1,,13,"void channel_eq::eqMmseSoftDemapKernel<float, __half, __half, float, (unsigned int)4, (unsigned short)16383>(channel_eq::_puschRxChEqStatDescr *, channel_eq::_puschRxChEqSoftDemapDynDescr)"
3794169120,328765,77798,1,1,1,32,32,1,30,0.000,0.000,,,,,NVIDIA A100-SXM4-40GB MIG 4g.20gb (0),1,,13,"void convert_kernel<float2, __half2>(tensor_layout_any, T1 *, tensor_layout_any, const T2 *)"
3794499293,10400,77810,2253,1,1,128,1,1,16,0.000,0.000,,,,,NVIDIA A100-SXM4-40GB MIG 4g.20gb (0),1,,13,cupy_copy__float16_float16
3794510909,2815,77819,282,1,1,128,1,1,16,0.000,0.000,,,,,NVIDIA A100-SXM4-40GB MIG 4g.20gb (0),1,,13,cupy_copy__complex64_complex64
3794514780,2080,77828,26,1,1,128,1,1,16,0.000,0.000,,,,,NVIDIA A100-SXM4-40GB MIG 4g.20gb (0),1,,13,cupy_copy__float32_float32
3794517852,2912,77837,103,1,1,128,1,1,16,0.000,0.000,,,,,NVIDIA A100-SXM4-40GB MIG 4g.20gb (0),1,,13,cupy_copy__complex64_complex64
3794521788,11712,77847,1434,1,1,128,1,1,16,0.000,0.000,,,,,NVIDIA A100-SXM4-40GB MIG 4g.20gb (0),1,,13,cupy_copy__complex64_complex64
3794534716,79999,77852,1,1,1,32,32,1,30,0.000,0.000,,,,,NVIDIA A100-SXM4-40GB MIG 4g.20gb (0),1,,13,"void convert_kernel<__half2, float2>(tensor_layout_any, T1 *, tensor_layout_any, const T2 *)"
3794643931,5376,77855,,,,,,,,,,0.094,17428.487,Pinned,Device,NVIDIA A100-SXM4-40GB MIG 4g.20gb (0),1,,13,[CUDA memcpy Host-to-Device]
3794654139,593625,77856,,,,,,,,,,456.561,768849.465,Device,,NVIDIA A100-SXM4-40GB MIG 4g.20gb (0),1,,13,[CUDA memset]
3795254036,49311,77861,,,,,,,,,,1.235,25043.429,Pinned,Device,NVIDIA A100-SXM4-40GB MIG 4g.20gb (0),1,,13,[CUDA memcpy Host-to-Device]
3795305459,9184,77862,,,,,,,,,,0.197,21407.662,Pinned,Device,NVIDIA A100-SXM4-40GB MIG 4g.20gb (0),1,,13,[CUDA memcpy Host-to-Device]
3795320243,6592,77863,69,4,1,48,1,1,76,0.002,0.000,,,,,NVIDIA A100-SXM4-40GB MIG 4g.20gb (0),1,,13,"void ch_est::windowedChEstPreNoDftSOfdmKernel<float, __half, float, (unsigned int)2, (unsigned int)1, (unsigned short)4>(ch_est::puschRxChEstStatDescr_t *, ch_est::puschRxChEstDynDescr_t *)"
3795327795,6144,77864,137,2,1,24,2,1,44,0.001,0.001,,,,,NVIDIA A100-SXM4-40GB MIG 4g.20gb (0),1,,13,"void ch_est::chEstFilterNoDftSOfdmDispatchKernel<float, __half, float, (unsigned int)2>(ch_est::puschRxChEstStatDescr_t *, ch_est::puschRxChEstDynDescr_t *)"
3795334995,4736,77865,137,2,1,24,2,1,44,0.001,0.001,,,,,NVIDIA A100-SXM4-40GB MIG 4g.20gb (0),1,,13,"void ch_est::chEstFilterNoDftSOfdmDispatchKernel<float, __half, float, (unsigned int)2>(ch_est::puschRxChEstStatDescr_t *, ch_est::puschRxChEstDynDescr_t *)"
3795340819,2464,77876,103,1,1,128,1,1,16,0.000,0.000,,,,,NVIDIA A100-SXM4-40GB MIG 4g.20gb (0),1,,13,cupy_copy__complex64_complex64
3795344275,13664,77886,1434,1,1,128,1,1,16,0.000,0.000,,,,,NVIDIA A100-SXM4-40GB MIG 4g.20gb (0),1,,13,cupy_copy__complex64_complex64
3795359827,2368,77893,103,1,1,128,1,1,16,0.000,0.000,,,,,NVIDIA A100-SXM4-40GB MIG 4g.20gb (0),1,,13,cupy_copy__complex64_complex64
3795363379,80511,77900,1,1,1,32,32,1,30,0.000,0.000,,,,,NVIDIA A100-SXM4-40GB MIG 4g.20gb (0),1,,13,"void convert_kernel<__half2, float2>(tensor_layout_any, T1 *, tensor_layout_any, const T2 *)"
3795475889,5472,77903,,,,,,,,,,0.094,17122.757,Pinned,Device,NVIDIA A100-SXM4-40GB MIG 4g.20gb (0),1,,13,[CUDA memcpy Host-to-Device]
3795488273,46016,77904,,,,,,,,,,35.810,778185.372,Device,,NVIDIA A100-SXM4-40GB MIG 4g.20gb (0),1,,13,[CUDA memset]
3795534737,1856,77906,,,,,,,,,,0.000,43.103,Pinned,Device,NVIDIA A100-SXM4-40GB MIG 4g.20gb (0),1,,13,[CUDA memcpy Host-to-Device]
3795538673,9248,77907,,,,,,,,,,0.197,21259.420,Pinned,Device,NVIDIA A100-SXM4-40GB MIG 4g.20gb (0),1,,13,[CUDA memcpy Host-to-Device]
3795557648,8704,77908,273,1,1,48,1,1,40,0.000,0.001,,,,,NVIDIA A100-SXM4-40GB MIG 4g.20gb (0),1,,13,"void pusch_noise_intf_est::noiseIntfEstNoDftSOfdmKernel<float, __half, float, float, (unsigned int)2, (unsigned int)1, (unsigned char)4, (unsigned char)4>(pusch_noise_intf_est::puschRxNoiseIntfEstDynDescr)"
3795567472,2848,77919,35,1,1,128,1,1,16,0.000,0.000,,,,,NVIDIA A100-SXM4-40GB MIG 4g.20gb (0),1,,13,cupy_copy__complex64_complex64
3795598096,1792,77928,1,1,1,1,1,1,18,0.000,0.000,,,,,NVIDIA A100-SXM4-40GB MIG 4g.20gb (0),1,,13,cupy_copy__float32_float32
3795632944,1600,77934,,,,,,,,,,0.000,2.500,Device,Pageable,NVIDIA A100-SXM4-40GB MIG 4g.20gb (0),1,,7,[CUDA memcpy Device-to-Host]
3795694511,13312,77945,1434,1,1,128,1,1,16,0.000,0.000,,,,,NVIDIA A100-SXM4-40GB MIG 4g.20gb (0),1,,13,cupy_copy__complex64_complex64
3795729999,2655,77952,103,1,1,128,1,1,16,0.000,0.000,,,,,NVIDIA A100-SXM4-40GB MIG 4g.20gb (0),1,,13,cupy_copy__complex64_complex64
3795765038,2176,77959,35,1,1,128,1,1,16,0.000,0.000,,,,,NVIDIA A100-SXM4-40GB MIG 4g.20gb (0),1,,13,cupy_copy__complex64_complex64
3795783022,1760,77966,1,1,1,1,1,1,18,0.000,0.000,,,,,NVIDIA A100-SXM4-40GB MIG 4g.20gb (0),1,,13,cupy_copy__float32_float32
3795929516,81375,77977,1,1,1,32,32,1,30,0.000,0.000,,,,,NVIDIA A100-SXM4-40GB MIG 4g.20gb (0),1,,13,"void convert_kernel<__half2, float2>(tensor_layout_any, T1 *, tensor_layout_any, const T2 *)"
3796040011,5376,77980,,,,,,,,,,0.094,17428.487,Pinned,Device,NVIDIA A100-SXM4-40GB MIG 4g.20gb (0),1,,13,[CUDA memcpy Host-to-Device]
3796057835,3200,77981,,,,,,,,,,1.547,483320.000,Device,,NVIDIA A100-SXM4-40GB MIG 4g.20gb (0),1,,13,[CUDA memset]
3796072011,3040,77986,,,,,,,,,,0.031,10294.725,Pinned,Device,NVIDIA A100-SXM4-40GB MIG 4g.20gb (0),1,,13,[CUDA memcpy Host-to-Device]
3796077131,9375,77987,,,,,,,,,,0.197,20971.389,Pinned,Device,NVIDIA A100-SXM4-40GB MIG 4g.20gb (0),1,,13,[CUDA memcpy Host-to-Device]
3796140330,17664,77988,273,1,1,8,4,1,39,0.002,0.000,,,,,NVIDIA A100-SXM4-40GB MIG 4g.20gb (0),1,,13,"void channel_eq::eqMmseCoefCompLowMimoKernel<float, float, float, (unsigned int)4, (unsigned int)1, (unsigned int)4>(const channel_eq::_puschRxChEqStatDescr *, channel_eq::_puschRxChEqCoefCompDynDescr)"
3796164138,23551,77989,273,1,1,12,11,1,51,0.002,0.000,,,,,NVIDIA A100-SXM4-40GB MIG 4g.20gb (0),1,,13,"void channel_eq::eqMmseSoftDemapKernel<float, __half, __half, float, (unsigned int)4, (unsigned short)16383>(channel_eq::_puschRxChEqStatDescr *, channel_eq::_puschRxChEqSoftDemapDynDescr)"
3796189577,292893,77990,1,1,1,32,32,1,30,0.000,0.000,,,,,NVIDIA A100-SXM4-40GB MIG 4g.20gb (0),1,,13,"void convert_kernel<float2, __half2>(tensor_layout_any, T1 *, tensor_layout_any, const T2 *)"
3796487942,13024,78002,2253,1,1,128,1,1,16,0.000,0.000,,,,,NVIDIA A100-SXM4-40GB MIG 4g.20gb (0),1,,13,cupy_copy__float16_float16
3796502982,4320,78011,282,1,1,128,1,1,16,0.000,0.000,,,,,NVIDIA A100-SXM4-40GB MIG 4g.20gb (0),1,,13,cupy_copy__complex64_complex64
3796522597,3104,78020,26,1,1,128,1,1,16,0.000,0.000,,,,,NVIDIA A100-SXM4-40GB MIG 4g.20gb (0),1,,13,cupy_copy__float32_float32
3796527845,4512,78029,103,1,1,128,1,1,16,0.000,0.000,,,,,NVIDIA A100-SXM4-40GB MIG 4g.20gb (0),1,,13,cupy_copy__complex64_complex64
3796534053,12480,78039,1434,1,1,128,1,1,16,0.000,0.000,,,,,NVIDIA A100-SXM4-40GB MIG 4g.20gb (0),1,,13,cupy_copy__complex64_complex64
3796563205,119071,78044,1,1,1,32,32,1,30,0.000,0.000,,,,,NVIDIA A100-SXM4-40GB MIG 4g.20gb (0),1,,13,"void convert_kernel<__half2, float2>(tensor_layout_any, T1 *, tensor_layout_any, const T2 *)"
3796711523,5344,78047,,,,,,,,,,0.094,17532.864,Pinned,Device,NVIDIA A100-SXM4-40GB MIG 4g.20gb (0),1,,13,[CUDA memcpy Host-to-Device]
3796721379,631737,78048,,,,,,,,,,456.561,722280.198,Device,,NVIDIA A100-SXM4-40GB MIG 4g.20gb (0),1,,13,[CUDA memset]
3797356572,51999,78053,,,,,,,,,,1.235,23749.208,Pinned,Device,NVIDIA A100-SXM4-40GB MIG 4g.20gb (0),1,,13,[CUDA memcpy Host-to-Device]
3797412603,10848,78054,,,,,,,,,,0.197,18123.719,Pinned,Device,NVIDIA A100-SXM4-40GB MIG 4g.20gb (0),1,,13,[CUDA memcpy Host-to-Device]
3797479994,15328,78055,69,4,1,48,1,1,76,0.002,0.000,,,,,NVIDIA A100-SXM4-40GB MIG 4g.20gb (0),1,,13,"void ch_est::windowedChEstPreNoDftSOfdmKernel<float, __half, float, (unsigned int)2, (unsigned int)1, (unsigned short)4>(ch_est::puschRxChEstStatDescr_t *, ch_est::puschRxChEstDynDescr_t *)"
3797584025,8704,78056,137,2,1,24,2,1,44,0.001,0.001,,,,,NVIDIA A100-SXM4-40GB MIG 4g.20gb (0),1,,13,"void ch_est::chEstFilterNoDftSOfdmDispatchKernel<float, __half, float, (unsigned int)2>(ch_est::puschRxChEstStatDescr_t *, ch_est::puschRxChEstDynDescr_t *)"
3797626105,13472,78057,137,2,1,24,2,1,44,0.001,0.001,,,,,NVIDIA A100-SXM4-40GB MIG 4g.20gb (0),1,,13,"void ch_est::chEstFilterNoDftSOfdmDispatchKernel<float, __half, float, (unsigned int)2>(ch_est::puschRxChEstStatDescr_t *, ch_est::puschRxChEstDynDescr_t *)"
3797641689,2719,78068,103,1,1,128,1,1,16,0.000,0.000,,,,,NVIDIA A100-SXM4-40GB MIG 4g.20gb (0),1,,13,cupy_copy__complex64_complex64
3797736311,17824,78078,1434,1,1,128,1,1,16,0.000,0.000,,,,,NVIDIA A100-SXM4-40GB MIG 4g.20gb (0),1,,13,cupy_copy__complex64_complex64
3797818390,3840,78085,103,1,1,128,1,1,16,0.000,0.000,,,,,NVIDIA A100-SXM4-40GB MIG 4g.20gb (0),1,,13,cupy_copy__complex64_complex64
3797863606,242589,78092,1,1,1,32,32,1,30,0.000,0.000,,,,,NVIDIA A100-SXM4-40GB MIG 4g.20gb (0),1,,13,"void convert_kernel<__half2, float2>(tensor_layout_any, T1 *, tensor_layout_any, const T2 *)"
3798135059,5376,78095,,,,,,,,,,0.094,17428.487,Pinned,Device,NVIDIA A100-SXM4-40GB MIG 4g.20gb (0),1,,13,[CUDA memcpy Host-to-Device]
3798190354,58016,78096,,,,,,,,,,35.810,617219.781,Device,,NVIDIA A100-SXM4-40GB MIG 4g.20gb (0),1,,13,[CUDA memset]
3798253457,4032,78098,,,,,,,,,,0.000,19.841,Pinned,Device,NVIDIA A100-SXM4-40GB MIG 4g.20gb (0),1,,13,[CUDA memcpy Host-to-Device]
3798260753,9760,78099,,,,,,,,,,0.197,20144.259,Pinned,Device,NVIDIA A100-SXM4-40GB MIG 4g.20gb (0),1,,13,[CUDA memcpy Host-to-Device]
3798352016,19712,78100,273,1,1,48,1,1,40,0.000,0.001,,,,,NVIDIA A100-SXM4-40GB MIG 4g.20gb (0),1,,13,"void pusch_noise_intf_est::noiseIntfEstNoDftSOfdmKernel<float, __half, float, float, (unsigned int)2, (unsigned int)1, (unsigned char)4, (unsigned char)4>(pusch_noise_intf_est::puschRxNoiseIntfEstDynDescr)"
3798391664,7584,78111,35,1,1,128,1,1,16,0.000,0.000,,,,,NVIDIA A100-SXM4-40GB MIG 4g.20gb (0),1,,13,cupy_copy__complex64_complex64
3798406704,4032,78120,1,1,1,1,1,1,18,0.000,0.000,,,,,NVIDIA A100-SXM4-40GB MIG 4g.20gb (0),1,,13,cupy_copy__float32_float32
3798414224,1600,78126,,,,,,,,,,0.000,2.500,Device,Pageable,NVIDIA A100-SXM4-40GB MIG 4g.20gb (0),1,,7,[CUDA memcpy Device-to-Host]
3798519982,17408,78137,1434,1,1,128,1,1,16,0.000,0.000,,,,,NVIDIA A100-SXM4-40GB MIG 4g.20gb (0),1,,13,cupy_copy__complex64_complex64
3798539662,3200,78144,103,1,1,128,1,1,16,0.000,0.000,,,,,NVIDIA A100-SXM4-40GB MIG 4g.20gb (0),1,,13,cupy_copy__complex64_complex64
3798635245,5856,78151,35,1,1,128,1,1,16,0.000,0.000,,,,,NVIDIA A100-SXM4-40GB MIG 4g.20gb (0),1,,13,cupy_copy__complex64_complex64
3798643501,2688,78158,1,1,1,1,1,1,18,0.000,0.000,,,,,NVIDIA A100-SXM4-40GB MIG 4g.20gb (0),1,,13,cupy_copy__float32_float32
3798750796,248221,78169,1,1,1,32,32,1,30,0.000,0.000,,,,,NVIDIA A100-SXM4-40GB MIG 4g.20gb (0),1,,13,"void convert_kernel<__half2, float2>(tensor_layout_any, T1 *, tensor_layout_any, const T2 *)"
3799031689,5439,78172,,,,,,,,,,0.094,17226.665,Pinned,Device,NVIDIA A100-SXM4-40GB MIG 4g.20gb (0),1,,13,[CUDA memcpy Host-to-Device]
3799073032,6784,78173,,,,,,,,,,1.547,227980.111,Device,,NVIDIA A100-SXM4-40GB MIG 4g.20gb (0),1,,13,[CUDA memset]
3799083464,3584,78178,,,,,,,,,,0.031,8732.116,Pinned,Device,NVIDIA A100-SXM4-40GB MIG 4g.20gb (0),1,,13,[CUDA memcpy Host-to-Device]
3799090536,10624,78179,,,,,,,,,,0.197,18505.925,Pinned,Device,NVIDIA A100-SXM4-40GB MIG 4g.20gb (0),1,,13,[CUDA memcpy Host-to-Device]
3799143975,15872,78180,273,1,1,8,4,1,39,0.002,0.000,,,,,NVIDIA A100-SXM4-40GB MIG 4g.20gb (0),1,,13,"void channel_eq::eqMmseCoefCompLowMimoKernel<float, float, float, (unsigned int)4, (unsigned int)1, (unsigned int)4>(const channel_eq::_puschRxChEqStatDescr *, channel_eq::_puschRxChEqCoefCompDynDescr)"
3799196487,19679,78181,273,1,1,12,11,1,51,0.002,0.000,,,,,NVIDIA A100-SXM4-40GB MIG 4g.20gb (0),1,,13,"void channel_eq::eqMmseSoftDemapKernel<float, __half, __half, float, (unsigned int)4, (unsigned short)16383>(channel_eq::_puschRxChEqStatDescr *, channel_eq::_puschRxChEqSoftDemapDynDescr)"
3799254310,618553,78182,1,1,1,32,32,1,30,0.000,0.000,,,,,NVIDIA A100-SXM4-40GB MIG 4g.20gb (0),1,,13,"void convert_kernel<float2, __half2>(tensor_layout_any, T1 *, tensor_layout_any, const T2 *)"
3799911646,17440,78194,2253,1,1,128,1,1,16,0.000,0.000,,,,,NVIDIA A100-SXM4-40GB MIG 4g.20gb (0),1,,13,cupy_copy__float16_float16
3799987518,5823,78203,282,1,1,128,1,1,16,0.000,0.000,,,,,NVIDIA A100-SXM4-40GB MIG 4g.20gb (0),1,,13,cupy_copy__complex64_complex64
3800023741,4160,78212,26,1,1,128,1,1,16,0.000,0.000,,,,,NVIDIA A100-SXM4-40GB MIG 4g.20gb (0),1,,13,cupy_copy__float32_float32
3800030429,3616,78221,103,1,1,128,1,1,16,0.000,0.000,,,,,NVIDIA A100-SXM4-40GB MIG 4g.20gb (0),1,,13,cupy_copy__complex64_complex64
3800067325,15071,78231,1434,1,1,128,1,1,16,0.000,0.000,,,,,NVIDIA A100-SXM4-40GB MIG 4g.20gb (0),1,,13,cupy_copy__complex64_complex64
3800155164,189373,78236,1,1,1,32,32,1,30,0.000,0.000,,,,,NVIDIA A100-SXM4-40GB MIG 4g.20gb (0),1,,13,"void convert_kernel<__half2, float2>(tensor_layout_any, T1 *, tensor_layout_any, const T2 *)"
3800374617,5376,78239,,,,,,,,,,0.094,17428.487,Pinned,Device,NVIDIA A100-SXM4-40GB MIG 4g.20gb (0),1,,13,[CUDA memcpy Host-to-Device]
3800413881,627704,78240,,,,,,,,,,456.561,727302.374,Device,,NVIDIA A100-SXM4-40GB MIG 4g.20gb (0),1,,13,[CUDA memset]
3801050833,50688,78245,,,,,,,,,,1.235,24362.975,Pinned,Device,NVIDIA A100-SXM4-40GB MIG 4g.20gb (0),1,,13,[CUDA memcpy Host-to-Device]
3801103953,9600,78246,,,,,,,,,,0.197,20479.869,Pinned,Device,NVIDIA A100-SXM4-40GB MIG 4g.20gb (0),1,,13,[CUDA memcpy Host-to-Device]
3801176944,15168,78247,69,4,1,48,1,1,76,0.002,0.000,,,,,NVIDIA A100-SXM4-40GB MIG 4g.20gb (0),1,,13,"void ch_est::windowedChEstPreNoDftSOfdmKernel<float, __half, float, (unsigned int)2, (unsigned int)1, (unsigned short)4>(ch_est::puschRxChEstStatDescr_t *, ch_est::puschRxChEstDynDescr_t *)"
3801194032,7104,78248,137,2,1,24,2,1,44,0.001,0.001,,,,,NVIDIA A100-SXM4-40GB MIG 4g.20gb (0),1,,13,"void ch_est::chEstFilterNoDftSOfdmDispatchKernel<float, __half, float, (unsigned int)2>(ch_est::puschRxChEstStatDescr_t *, ch_est::puschRxChEstDynDescr_t *)"
3801217263,24992,78249,137,2,1,24,2,1,44,0.001,0.001,,,,,NVIDIA A100-SXM4-40GB MIG 4g.20gb (0),1,,13,"void ch_est::chEstFilterNoDftSOfdmDispatchKernel<float, __half, float, (unsigned int)2>(ch_est::puschRxChEstStatDescr_t *, ch_est::puschRxChEstDynDescr_t *)"
3801280303,4576,78260,103,1,1,128,1,1,16,0.000,0.000,,,,,NVIDIA A100-SXM4-40GB MIG 4g.20gb (0),1,,13,cupy_copy__complex64_complex64
3801319310,15392,78270,1434,1,1,128,1,1,16,0.000,0.000,,,,,NVIDIA A100-SXM4-40GB MIG 4g.20gb (0),1,,13,cupy_copy__complex64_complex64
3801336238,2592,78277,103,1,1,128,1,1,16,0.000,0.000,,,,,NVIDIA A100-SXM4-40GB MIG 4g.20gb (0),1,,13,cupy_copy__complex64_complex64
3801340654,155966,78284,1,1,1,32,32,1,30,0.000,0.000,,,,,NVIDIA A100-SXM4-40GB MIG 4g.20gb (0),1,,13,"void convert_kernel<__half2, float2>(tensor_layout_any, T1 *, tensor_layout_any, const T2 *)"
3801526572,5536,78287,,,,,,,,,,0.094,16924.777,Pinned,Device,NVIDIA A100-SXM4-40GB MIG 4g.20gb (0),1,,13,[CUDA memcpy Host-to-Device]
3801590059,62559,78288,,,,,,,,,,35.810,572385.761,Device,,NVIDIA A100-SXM4-40GB MIG 4g.20gb (0),1,,13,[CUDA memset]
3801657546,4672,78290,,,,,,,,,,0.000,17.123,Pinned,Device,NVIDIA A100-SXM4-40GB MIG 4g.20gb (0),1,,13,[CUDA memcpy Host-to-Device]
3801666634,9408,78291,,,,,,,,,,0.197,20897.858,Pinned,Device,NVIDIA A100-SXM4-40GB MIG 4g.20gb (0),1,,13,[CUDA memcpy Host-to-Device]
3801776585,19264,78292,273,1,1,48,1,1,40,0.000,0.001,,,,,NVIDIA A100-SXM4-40GB MIG 4g.20gb (0),1,,13,"void pusch_noise_intf_est::noiseIntfEstNoDftSOfdmKernel<float, __half, float, float, (unsigned int)2, (unsigned int)1, (unsigned char)4, (unsigned char)4>(pusch_noise_intf_est::puschRxNoiseIntfEstDynDescr)"
3801811561,13951,78303,35,1,1,128,1,1,16,0.000,0.000,,,,,NVIDIA A100-SXM4-40GB MIG 4g.20gb (0),1,,13,cupy_copy__complex64_complex64
3801828040,1856,78312,1,1,1,1,1,1,18,0.000,0.000,,,,,NVIDIA A100-SXM4-40GB MIG 4g.20gb (0),1,,13,cupy_copy__float32_float32
3801831272,1600,78318,,,,,,,,,,0.000,2.500,Device,Pageable,NVIDIA A100-SXM4-40GB MIG 4g.20gb (0),1,,7,[CUDA memcpy Device-to-Host]
3801919399,23232,78329,1434,1,1,128,1,1,16,0.000,0.000,,,,,NVIDIA A100-SXM4-40GB MIG 4g.20gb (0),1,,13,cupy_copy__complex64_complex64
3802019718,3488,78336,103,1,1,128,1,1,16,0.000,0.000,,,,,NVIDIA A100-SXM4-40GB MIG 4g.20gb (0),1,,13,cupy_copy__complex64_complex64
3802061158,8192,78343,35,1,1,128,1,1,16,0.000,0.000,,,,,NVIDIA A100-SXM4-40GB MIG 4g.20gb (0),1,,13,cupy_copy__complex64_complex64
3802070758,2016,78350,1,1,1,1,1,1,18,0.000,0.000,,,,,NVIDIA A100-SXM4-40GB MIG 4g.20gb (0),1,,13,cupy_copy__float32_float32
3802178948,252029,78361,1,1,1,32,32,1,30,0.000,0.000,,,,,NVIDIA A100-SXM4-40GB MIG 4g.20gb (0),1,,13,"void convert_kernel<__half2, float2>(tensor_layout_any, T1 *, tensor_layout_any, const T2 *)"
3802462785,5888,78364,,,,,,,,,,0.094,15912.954,Pinned,Device,NVIDIA A100-SXM4-40GB MIG 4g.20gb (0),1,,13,[CUDA memcpy Host-to-Device]
3802508161,9215,78365,,,,,,,,,,1.547,167836.543,Device,,NVIDIA A100-SXM4-40GB MIG 4g.20gb (0),1,,13,[CUDA memset]
3802525792,3008,78370,,,,,,,,,,0.031,10404.230,Pinned,Device,NVIDIA A100-SXM4-40GB MIG 4g.20gb (0),1,,13,[CUDA memcpy Host-to-Device]
3802531456,10080,78371,,,,,,,,,,0.197,19504.693,Pinned,Device,NVIDIA A100-SXM4-40GB MIG 4g.20gb (0),1,,13,[CUDA memcpy Host-to-Device]
3802625311,24000,78372,273,1,1,8,4,1,39,0.002,0.000,,,,,NVIDIA A100-SXM4-40GB MIG 4g.20gb (0),1,,13,"void channel_eq::eqMmseCoefCompLowMimoKernel<float, float, float, (unsigned int)4, (unsigned int)1, (unsigned int)4>(const channel_eq::_puschRxChEqStatDescr *, channel_eq::_puschRxChEqCoefCompDynDescr)"
3802735358,22176,78373,273,1,1,12,11,1,51,0.002,0.000,,,,,NVIDIA A100-SXM4-40GB MIG 4g.20gb (0),1,,13,"void channel_eq::eqMmseSoftDemapKernel<float, __half, __half, float, (unsigned int)4, (unsigned short)16383>(channel_eq::_puschRxChEqStatDescr *, channel_eq::_puschRxChEqSoftDemapDynDescr)"
3802812925,433243,78374,1,1,1,32,32,1,30,0.000,0.000,,,,,NVIDIA A100-SXM4-40GB MIG 4g.20gb (0),1,,13,"void convert_kernel<float2, __half2>(tensor_layout_any, T1 *, tensor_layout_any, const T2 *)"
3803282808,17151,78386,2253,1,1,128,1,1,16,0.000,0.000,,,,,NVIDIA A100-SXM4-40GB MIG 4g.20gb (0),1,,13,cupy_copy__float16_float16
3803302295,3712,78395,282,1,1,128,1,1,16,0.000,0.000,,,,,NVIDIA A100-SXM4-40GB MIG 4g.20gb (0),1,,13,cupy_copy__complex64_complex64
3803321527,3072,78404,26,1,1,128,1,1,16,0.000,0.000,,,,,NVIDIA A100-SXM4-40GB MIG 4g.20gb (0),1,,13,cupy_copy__float32_float32
3803377015,3712,78413,103,1,1,128,1,1,16,0.000,0.000,,,,,NVIDIA A100-SXM4-40GB MIG 4g.20gb (0),1,,13,cupy_copy__complex64_complex64
3803430966,17632,78423,1434,1,1,128,1,1,16,0.000,0.000,,,,,NVIDIA A100-SXM4-40GB MIG 4g.20gb (0),1,,13,cupy_copy__complex64_complex64
3803527125,206973,78428,1,1,1,32,32,1,30,0.000,0.000,,,,,NVIDIA A100-SXM4-40GB MIG 4g.20gb (0),1,,13,"void convert_kernel<__half2, float2>(tensor_layout_any, T1 *, tensor_layout_any, const T2 *)"
3803763538,5696,78431,,,,,,,,,,0.094,16449.363,Pinned,Device,NVIDIA A100-SXM4-40GB MIG 4g.20gb (0),1,,13,[CUDA memcpy Host-to-Device]
3803789906,625945,78432,,,,,,,,,,456.561,729128.620,Device,,NVIDIA A100-SXM4-40GB MIG 4g.20gb (0),1,,13,[CUDA memset]
3804424011,50015,78437,,,,,,,,,,1.235,24691.470,Pinned,Device,NVIDIA A100-SXM4-40GB MIG 4g.20gb (0),1,,13,[CUDA memcpy Host-to-Device]
3804476810,9888,78438,,,,,,,,,,0.197,19883.360,Pinned,Device,NVIDIA A100-SXM4-40GB MIG 4g.20gb (0),1,,13,[CUDA memcpy Host-to-Device]
3804548425,17632,78439,69,4,1,48,1,1,76,0.002,0.000,,,,,NVIDIA A100-SXM4-40GB MIG 4g.20gb (0),1,,13,"void ch_est::windowedChEstPreNoDftSOfdmKernel<float, __half, float, (unsigned int)2, (unsigned int)1, (unsigned short)4>(ch_est::puschRxChEstStatDescr_t *, ch_est::puschRxChEstDynDescr_t *)"
3804567977,7328,78440,137,2,1,24,2,1,44,0.001,0.001,,,,,NVIDIA A100-SXM4-40GB MIG 4g.20gb (0),1,,13,"void ch_est::chEstFilterNoDftSOfdmDispatchKernel<float, __half, float, (unsigned int)2>(ch_est::puschRxChEstStatDescr_t *, ch_est::puschRxChEstDynDescr_t *)"
3804683912,14367,78441,137,2,1,24,2,1,44,0.001,0.001,,,,,NVIDIA A100-SXM4-40GB MIG 4g.20gb (0),1,,13,"void ch_est::chEstFilterNoDftSOfdmDispatchKernel<float, __half, float, (unsigned int)2>(ch_est::puschRxChEstStatDescr_t *, ch_est::puschRxChEstDynDescr_t *)"
3804795238,5248,78452,103,1,1,128,1,1,16,0.000,0.000,,,,,NVIDIA A100-SXM4-40GB MIG 4g.20gb (0),1,,13,cupy_copy__complex64_complex64
3804802246,13280,78462,1434,1,1,128,1,1,16,0.000,0.000,,,,,NVIDIA A100-SXM4-40GB MIG 4g.20gb (0),1,,13,cupy_copy__complex64_complex64
3804908069,4896,78469,103,1,1,128,1,1,16,0.000,0.000,,,,,NVIDIA A100-SXM4-40GB MIG 4g.20gb (0),1,,13,cupy_copy__complex64_complex64
3804915013,200446,78476,1,1,1,32,32,1,30,0.000,0.000,,,,,NVIDIA A100-SXM4-40GB MIG 4g.20gb (0),1,,13,"void convert_kernel<__half2, float2>(tensor_layout_any, T1 *, tensor_layout_any, const T2 *)"
3805144354,5536,78479,,,,,,,,,,0.094,16924.777,Pinned,Device,NVIDIA A100-SXM4-40GB MIG 4g.20gb (0),1,,13,[CUDA memcpy Host-to-Device]
3805241505,60543,78480,,,,,,,,,,35.810,591472.449,Device,,NVIDIA A100-SXM4-40GB MIG 4g.20gb (0),1,,13,[CUDA memset]
3805309760,2464,78482,,,,,,,,,,0.000,32.468,Pinned,Device,NVIDIA A100-SXM4-40GB MIG 4g.20gb (0),1,,13,[CUDA memcpy Host-to-Device]
3805314656,9824,78483,,,,,,,,,,0.197,20012.925,Pinned,Device,NVIDIA A100-SXM4-40GB MIG 4g.20gb (0),1,,13,[CUDA memcpy Host-to-Device]
3805391551,16928,78484,273,1,1,48,1,1,40,0.000,0.001,,,,,NVIDIA A100-SXM4-40GB MIG 4g.20gb (0),1,,13,"void pusch_noise_intf_est::noiseIntfEstNoDftSOfdmKernel<float, __half, float, float, (unsigned int)2, (unsigned int)1, (unsigned char)4, (unsigned char)4>(pusch_noise_intf_est::puschRxNoiseIntfEstDynDescr)"
3805430815,11616,78495,35,1,1,128,1,1,16,0.000,0.000,,,,,NVIDIA A100-SXM4-40GB MIG 4g.20gb (0),1,,13,cupy_copy__complex64_complex64
3805444479,1760,78504,1,1,1,1,1,1,18,0.000,0.000,,,,,NVIDIA A100-SXM4-40GB MIG 4g.20gb (0),1,,13,cupy_copy__float32_float32
3805452127,2592,78510,,,,,,,,,,0.000,1.543,Device,Pageable,NVIDIA A100-SXM4-40GB MIG 4g.20gb (0),1,,7,[CUDA memcpy Device-to-Host]
3805571293,19520,78521,1434,1,1,128,1,1,16,0.000,0.000,,,,,NVIDIA A100-SXM4-40GB MIG 4g.20gb (0),1,,13,cupy_copy__complex64_complex64
3805652476,3584,78528,103,1,1,128,1,1,16,0.000,0.000,,,,,NVIDIA A100-SXM4-40GB MIG 4g.20gb (0),1,,13,cupy_copy__complex64_complex64
3805691356,7296,78535,35,1,1,128,1,1,16,0.000,0.000,,,,,NVIDIA A100-SXM4-40GB MIG 4g.20gb (0),1,,13,cupy_copy__complex64_complex64
3805700412,1952,78542,1,1,1,1,1,1,18,0.000,0.000,,,,,NVIDIA A100-SXM4-40GB MIG 4g.20gb (0),1,,13,cupy_copy__float32_float32
3805816827,208157,78553,1,1,1,32,32,1,30,0.000,0.000,,,,,NVIDIA A100-SXM4-40GB MIG 4g.20gb (0),1,,13,"void convert_kernel<__half2, float2>(tensor_layout_any, T1 *, tensor_layout_any, const T2 *)"
3806055640,5376,78556,,,,,,,,,,0.094,17428.487,Pinned,Device,NVIDIA A100-SXM4-40GB MIG 4g.20gb (0),1,,13,[CUDA memcpy Host-to-Device]
3806125079,5504,78557,,,,,,,,,,1.547,280999.928,Device,,NVIDIA A100-SXM4-40GB MIG 4g.20gb (0),1,,13,[CUDA memset]
3806135319,3136,78562,,,,,,,,,,0.031,9979.575,Pinned,Device,NVIDIA A100-SXM4-40GB MIG 4g.20gb (0),1,,13,[CUDA memcpy Host-to-Device]
3806141207,9920,78563,,,,,,,,,,0.197,19819.266,Pinned,Device,NVIDIA A100-SXM4-40GB MIG 4g.20gb (0),1,,13,[CUDA memcpy Host-to-Device]
3806172278,32224,78564,273,1,1,8,4,1,39,0.002,0.000,,,,,NVIDIA A100-SXM4-40GB MIG 4g.20gb (0),1,,13,"void channel_eq::eqMmseCoefCompLowMimoKernel<float, float, float, (unsigned int)4, (unsigned int)1, (unsigned int)4>(const channel_eq::_puschRxChEqStatDescr *, channel_eq::_puschRxChEqCoefCompDynDescr)"
3806231478,19936,78565,273,1,1,12,11,1,51,0.002,0.000,,,,,NVIDIA A100-SXM4-40GB MIG 4g.20gb (0),1,,13,"void channel_eq::eqMmseSoftDemapKernel<float, __half, __half, float, (unsigned int)4, (unsigned short)16383>(channel_eq::_puschRxChEqStatDescr *, channel_eq::_puschRxChEqSoftDemapDynDescr)"
3806283125,616825,78566,1,1,1,32,32,1,30,0.000,0.000,,,,,NVIDIA A100-SXM4-40GB MIG 4g.20gb (0),1,,13,"void convert_kernel<float2, __half2>(tensor_layout_any, T1 *, tensor_layout_any, const T2 *)"
3806902574,14080,78578,2253,1,1,128,1,1,16,0.000,0.000,,,,,NVIDIA A100-SXM4-40GB MIG 4g.20gb (0),1,,13,cupy_copy__float16_float16
3806980429,3968,78587,282,1,1,128,1,1,16,0.000,0.000,,,,,NVIDIA A100-SXM4-40GB MIG 4g.20gb (0),1,,13,cupy_copy__complex64_complex64
3807017549,4128,78596,26,1,1,128,1,1,16,0.000,0.000,,,,,NVIDIA A100-SXM4-40GB MIG 4g.20gb (0),1,,13,cupy_copy__float32_float32
3807023405,6752,78605,103,1,1,128,1,1,16,0.000,0.000,,,,,NVIDIA A100-SXM4-40GB MIG 4g.20gb (0),1,,13,cupy_copy__complex64_complex64
3807031821,15071,78615,1434,1,1,128,1,1,16,0.000,0.000,,,,,NVIDIA A100-SXM4-40GB MIG 4g.20gb (0),1,,13,cupy_copy__complex64_complex64
3807125356,208285,78620,1,1,1,32,32,1,30,0.000,0.000,,,,,NVIDIA A100-SXM4-40GB MIG 4g.20gb (0),1,,13,"void convert_kernel<__half2, float2>(tensor_layout_any, T1 *, tensor_layout_any, const T2 *)"
3807363849,5376,78623,,,,,,,,,,0.094,17428.487,Pinned,Device,NVIDIA A100-SXM4-40GB MIG 4g.20gb (0),1,,13,[CUDA memcpy Host-to-Device]
3807431976,633113,78624,,,,,,,,,,456.561,720910.514,Device,,NVIDIA A100-SXM4-40GB MIG 4g.20gb (0),1,,13,[CUDA memset]
3808067777,52063,78629,,,,,,,,,,1.235,23719.569,Pinned,Device,NVIDIA A100-SXM4-40GB MIG 4g.20gb (0),1,,13,[CUDA memcpy Host-to-Device]
3808124000,11072,78630,,,,,,,,,,0.197,17757.045,Pinned,Device,NVIDIA A100-SXM4-40GB MIG 4g.20gb (0),1,,13,[CUDA memcpy Host-to-Device]
3808239167,17216,78631,69,4,1,48,1,1,76,0.002,0.000,,,,,NVIDIA A100-SXM4-40GB MIG 4g.20gb (0),1,,13,"void ch_est::windowedChEstPreNoDftSOfdmKernel<float, __half, float, (unsigned int)2, (unsigned int)1, (unsigned short)4>(ch_est::puschRxChEstStatDescr_t *, ch_est::puschRxChEstDynDescr_t *)"
3808307774,7360,78632,137,2,1,24,2,1,44,0.001,0.001,,,,,NVIDIA A100-SXM4-40GB MIG 4g.20gb (0),1,,13,"void ch_est::chEstFilterNoDftSOfdmDispatchKernel<float, __half, float, (unsigned int)2>(ch_est::puschRxChEstStatDescr_t *, ch_est::puschRxChEstDynDescr_t *)"
3808342846,15135,78633,137,2,1,24,2,1,44,0.001,0.001,,,,,NVIDIA A100-SXM4-40GB MIG 4g.20gb (0),1,,13,"void ch_est::chEstFilterNoDftSOfdmDispatchKernel<float, __half, float, (unsigned int)2>(ch_est::puschRxChEstStatDescr_t *, ch_est::puschRxChEstDynDescr_t *)"
3808359709,3232,78644,103,1,1,128,1,1,16,0.000,0.000,,,,,NVIDIA A100-SXM4-40GB MIG 4g.20gb (0),1,,13,cupy_copy__complex64_complex64
3808457468,15744,78654,1434,1,1,128,1,1,16,0.000,0.000,,,,,NVIDIA A100-SXM4-40GB MIG 4g.20gb (0),1,,13,cupy_copy__complex64_complex64
3808505788,5120,78661,103,1,1,128,1,1,16,0.000,0.000,,,,,NVIDIA A100-SXM4-40GB MIG 4g.20gb (0),1,,13,cupy_copy__complex64_complex64
3808513404,233149,78668,1,1,1,32,32,1,30,0.000,0.000,,,,,NVIDIA A100-SXM4-40GB MIG 4g.20gb (0),1,,13,"void convert_kernel<__half2, float2>(tensor_layout_any, T1 *, tensor_layout_any, const T2 *)"
3808777497,5375,78671,,,,,,,,,,0.094,17431.766,Pinned,Device,NVIDIA A100-SXM4-40GB MIG 4g.20gb (0),1,,13,[CUDA memcpy Host-to-Device]
3808845784,59359,78672,,,,,,,,,,35.810,603253.912,Device,,NVIDIA A100-SXM4-40GB MIG 4g.20gb (0),1,,13,[CUDA memset]
3808912855,1824,78674,,,,,,,,,,0.000,43.860,Pinned,Device,NVIDIA A100-SXM4-40GB MIG 4g.20gb (0),1,,13,[CUDA memcpy Host-to-Device]
3808918135,12448,78675,,,,,,,,,,0.197,15794.307,Pinned,Device,NVIDIA A100-SXM4-40GB MIG 4g.20gb (0),1,,13,[CUDA memcpy Host-to-Device]
3809025398,18367,78676,273,1,1,48,1,1,40,0.000,0.001,,,,,NVIDIA A100-SXM4-40GB MIG 4g.20gb (0),1,,13,"void pusch_noise_intf_est::noiseIntfEstNoDftSOfdmKernel<float, __half, float, float, (unsigned int)2, (unsigned int)1, (unsigned char)4, (unsigned char)4>(pusch_noise_intf_est::puschRxNoiseIntfEstDynDescr)"
3809066133,6976,78687,35,1,1,128,1,1,16,0.000,0.000,,,,,NVIDIA A100-SXM4-40GB MIG 4g.20gb (0),1,,13,cupy_copy__complex64_complex64
3809075925,1984,78696,1,1,1,1,1,1,18,0.000,0.000,,,,,NVIDIA A100-SXM4-40GB MIG 4g.20gb (0),1,,13,cupy_copy__float32_float32
3809084181,2016,78702,,,,,,,,,,0.000,1.984,Device,Pageable,NVIDIA A100-SXM4-40GB MIG 4g.20gb (0),1,,7,[CUDA memcpy Device-to-Host]
3809192756,18112,78713,1434,1,1,128,1,1,16,0.000,0.000,,,,,NVIDIA A100-SXM4-40GB MIG 4g.20gb (0),1,,13,cupy_copy__complex64_complex64
3809266643,4096,78720,103,1,1,128,1,1,16,0.000,0.000,,,,,NVIDIA A100-SXM4-40GB MIG 4g.20gb (0),1,,13,cupy_copy__complex64_complex64
3809308242,8000,78727,35,1,1,128,1,1,16,0.000,0.000,,,,,NVIDIA A100-SXM4-40GB MIG 4g.20gb (0),1,,13,cupy_copy__complex64_complex64
3809319186,2240,78734,1,1,1,1,1,1,18,0.000,0.000,,,,,NVIDIA A100-SXM4-40GB MIG 4g.20gb (0),1,,13,cupy_copy__float32_float32
3809437105,263453,78745,1,1,1,32,32,1,30,0.000,0.000,,,,,NVIDIA A100-SXM4-40GB MIG 4g.20gb (0),1,,13,"void convert_kernel<__half2, float2>(tensor_layout_any, T1 *, tensor_layout_any, const T2 *)"
3809730958,5728,78748,,,,,,,,,,0.094,16357.541,Pinned,Device,NVIDIA A100-SXM4-40GB MIG 4g.20gb (0),1,,13,[CUDA memcpy Host-to-Device]
3809773709,10752,78749,,,,,,,,,,1.547,143843.765,Device,,NVIDIA A100-SXM4-40GB MIG 4g.20gb (0),1,,13,[CUDA memset]
3809786413,4160,78754,,,,,,,,,,0.031,7523.058,Pinned,Device,NVIDIA A100-SXM4-40GB MIG 4g.20gb (0),1,,13,[CUDA memcpy Host-to-Device]
3809793645,9344,78755,,,,,,,,,,0.197,21040.988,Pinned,Device,NVIDIA A100-SXM4-40GB MIG 4g.20gb (0),1,,13,[CUDA memcpy Host-to-Device]
3809841580,13664,78756,273,1,1,8,4,1,39,0.002,0.000,,,,,NVIDIA A100-SXM4-40GB MIG 4g.20gb (0),1,,13,"void channel_eq::eqMmseCoefCompLowMimoKernel<float, float, float, (unsigned int)4, (unsigned int)1, (unsigned int)4>(const channel_eq::_puschRxChEqStatDescr *, channel_eq::_puschRxChEqCoefCompDynDescr)"
3809893132,25343,78757,273,1,1,12,11,1,51,0.002,0.000,,,,,NVIDIA A100-SXM4-40GB MIG 4g.20gb (0),1,,13,"void channel_eq::eqMmseSoftDemapKernel<float, __half, __half, float, (unsigned int)4, (unsigned short)16383>(channel_eq::_puschRxChEqStatDescr *, channel_eq::_puschRxChEqSoftDemapDynDescr)"
3809956619,585561,78758,1,1,1,32,32,1,30,0.000,0.000,,,,,NVIDIA A100-SXM4-40GB MIG 4g.20gb (0),1,,13,"void convert_kernel<float2, __half2>(tensor_layout_any, T1 *, tensor_layout_any, const T2 *)"
3810597124,16511,78770,2253,1,1,128,1,1,16,0.000,0.000,,,,,NVIDIA A100-SXM4-40GB MIG 4g.20gb (0),1,,13,cupy_copy__float16_float16
3810644003,6272,78779,282,1,1,128,1,1,16,0.000,0.000,,,,,NVIDIA A100-SXM4-40GB MIG 4g.20gb (0),1,,13,cupy_copy__complex64_complex64
3810717218,3296,78788,26,1,1,128,1,1,16,0.000,0.000,,,,,NVIDIA A100-SXM4-40GB MIG 4g.20gb (0),1,,13,cupy_copy__float32_float32
3810756578,7584,78797,103,1,1,128,1,1,16,0.000,0.000,,,,,NVIDIA A100-SXM4-40GB MIG 4g.20gb (0),1,,13,cupy_copy__complex64_complex64
3810765954,14432,78807,1434,1,1,128,1,1,16,0.000,0.000,,,,,NVIDIA A100-SXM4-40GB MIG 4g.20gb (0),1,,13,cupy_copy__complex64_complex64
3810840001,175166,78812,1,1,1,32,32,1,30,0.000,0.000,,,,,NVIDIA A100-SXM4-40GB MIG 4g.20gb (0),1,,13,"void convert_kernel<__half2, float2>(tensor_layout_any, T1 *, tensor_layout_any, const T2 *)"
3811044766,5376,78815,,,,,,,,,,0.094,17428.487,Pinned,Device,NVIDIA A100-SXM4-40GB MIG 4g.20gb (0),1,,13,[CUDA memcpy Host-to-Device]
3811123774,624088,78816,,,,,,,,,,456.561,731411.427,Device,,NVIDIA A100-SXM4-40GB MIG 4g.20gb (0),1,,13,[CUDA memset]
3811751094,51552,78821,,,,,,,,,,1.235,23954.209,Pinned,Device,NVIDIA A100-SXM4-40GB MIG 4g.20gb (0),1,,13,[CUDA memcpy Host-to-Device]
3811805110,10336,78822,,,,,,,,,,0.197,19021.627,Pinned,Device,NVIDIA A100-SXM4-40GB MIG 4g.20gb (0),1,,13,[CUDA memcpy Host-to-Device]
3811918804,17952,78823,69,4,1,48,1,1,76,0.002,0.000,,,,,NVIDIA A100-SXM4-40GB MIG 4g.20gb (0),1,,13,"void ch_est::windowedChEstPreNoDftSOfdmKernel<float, __half, float, (unsigned int)2, (unsigned int)1, (unsigned short)4>(ch_est::puschRxChEstStatDescr_t *, ch_est::puschRxChEstDynDescr_t *)"
3811996500,8351,78824,137,2,1,24,2,1,44,0.001,0.001,,,,,NVIDIA A100-SXM4-40GB MIG 4g.20gb (0),1,,13,"void ch_est::chEstFilterNoDftSOfdmDispatchKernel<float, __half, float, (unsigned int)2>(ch_est::puschRxChEstStatDescr_t *, ch_est::puschRxChEstDynDescr_t *)"
3812029523,15936,78825,137,2,1,24,2,1,44,0.001,0.001,,,,,NVIDIA A100-SXM4-40GB MIG 4g.20gb (0),1,,13,"void ch_est::chEstFilterNoDftSOfdmDispatchKernel<float, __half, float, (unsigned int)2>(ch_est::puschRxChEstStatDescr_t *, ch_est::puschRxChEstDynDescr_t *)"
3812047443,2560,78836,103,1,1,128,1,1,16,0.000,0.000,,,,,NVIDIA A100-SXM4-40GB MIG 4g.20gb (0),1,,13,cupy_copy__complex64_complex64
3812140210,18848,78846,1434,1,1,128,1,1,16,0.000,0.000,,,,,NVIDIA A100-SXM4-40GB MIG 4g.20gb (0),1,,13,cupy_copy__complex64_complex64
3812161938,3904,78853,103,1,1,128,1,1,16,0.000,0.000,,,,,NVIDIA A100-SXM4-40GB MIG 4g.20gb (0),1,,13,cupy_copy__complex64_complex64
3812262704,235070,78860,1,1,1,32,32,1,30,0.000,0.000,,,,,NVIDIA A100-SXM4-40GB MIG 4g.20gb (0),1,,13,"void convert_kernel<__half2, float2>(tensor_layout_any, T1 *, tensor_layout_any, const T2 *)"
3812528845,5728,78863,,,,,,,,,,0.094,16357.541,Pinned,Device,NVIDIA A100-SXM4-40GB MIG 4g.20gb (0),1,,13,[CUDA memcpy Host-to-Device]
3812544237,56032,78864,,,,,,,,,,35.810,639063.832,Device,,NVIDIA A100-SXM4-40GB MIG 4g.20gb (0),1,,13,[CUDA memset]
3812606701,1823,78866,,,,,,,,,,0.000,43.884,Pinned,Device,NVIDIA A100-SXM4-40GB MIG 4g.20gb (0),1,,13,[CUDA memcpy Host-to-Device]
3812610956,9920,78867,,,,,,,,,,0.197,19819.266,Pinned,Device,NVIDIA A100-SXM4-40GB MIG 4g.20gb (0),1,,13,[CUDA memcpy Host-to-Device]
3812732427,17760,78868,273,1,1,48,1,1,40,0.000,0.001,,,,,NVIDIA A100-SXM4-40GB MIG 4g.20gb (0),1,,13,"void pusch_noise_intf_est::noiseIntfEstNoDftSOfdmKernel<float, __half, float, float, (unsigned int)2, (unsigned int)1, (unsigned char)4, (unsigned char)4>(pusch_noise_intf_est::puschRxNoiseIntfEstDynDescr)"
3812769899,5056,78879,35,1,1,128,1,1,16,0.000,0.000,,,,,NVIDIA A100-SXM4-40GB MIG 4g.20gb (0),1,,13,cupy_copy__complex64_complex64
3812829322,2944,78888,1,1,1,1,1,1,18,0.000,0.000,,,,,NVIDIA A100-SXM4-40GB MIG 4g.20gb (0),1,,13,cupy_copy__float32_float32
3812839146,1856,78894,,,,,,,,,,0.000,2.155,Device,Pageable,NVIDIA A100-SXM4-40GB MIG 4g.20gb (0),1,,7,[CUDA memcpy Device-to-Host]
3812951369,20319,78905,1434,1,1,128,1,1,16,0.000,0.000,,,,,NVIDIA A100-SXM4-40GB MIG 4g.20gb (0),1,,13,cupy_copy__complex64_complex64
3813004872,8512,78912,103,1,1,128,1,1,16,0.000,0.000,,,,,NVIDIA A100-SXM4-40GB MIG 4g.20gb (0),1,,13,cupy_copy__complex64_complex64
3813015176,3040,78919,35,1,1,128,1,1,16,0.000,0.000,,,,,NVIDIA A100-SXM4-40GB MIG 4g.20gb (0),1,,13,cupy_copy__complex64_complex64
3813083399,2048,78926,1,1,1,1,1,1,18,0.000,0.000,,,,,NVIDIA A100-SXM4-40GB MIG 4g.20gb (0),1,,13,cupy_copy__float32_float32
3813135494,236286,78937,1,1,1,32,32,1,30,0.000,0.000,,,,,NVIDIA A100-SXM4-40GB MIG 4g.20gb (0),1,,13,"void convert_kernel<__half2, float2>(tensor_layout_any, T1 *, tensor_layout_any, const T2 *)"
3813401123,5376,78940,,,,,,,,,,0.094,17428.487,Pinned,Device,NVIDIA A100-SXM4-40GB MIG 4g.20gb (0),1,,13,[CUDA memcpy Host-to-Device]
3813415555,6976,78941,,,,,,,,,,1.547,221705.457,Device,,NVIDIA A100-SXM4-40GB MIG 4g.20gb (0),1,,13,[CUDA memset]
3813423491,3200,78946,,,,,,,,,,0.031,9780.000,Pinned,Device,NVIDIA A100-SXM4-40GB MIG 4g.20gb (0),1,,13,[CUDA memcpy Host-to-Device]
3813428835,10240,78947,,,,,,,,,,0.197,19199.951,Pinned,Device,NVIDIA A100-SXM4-40GB MIG 4g.20gb (0),1,,13,[CUDA memcpy Host-to-Device]
3813521634,21824,78948,273,1,1,8,4,1,39,0.002,0.000,,,,,NVIDIA A100-SXM4-40GB MIG 4g.20gb (0),1,,13,"void channel_eq::eqMmseCoefCompLowMimoKernel<float, float, float, (unsigned int)4, (unsigned int)1, (unsigned int)4>(const channel_eq::_puschRxChEqStatDescr *, channel_eq::_puschRxChEqCoefCompDynDescr)"
3813637089,21823,78949,273,1,1,12,11,1,51,0.002,0.000,,,,,NVIDIA A100-SXM4-40GB MIG 4g.20gb (0),1,,13,"void channel_eq::eqMmseSoftDemapKernel<float, __half, __half, float, (unsigned int)4, (unsigned short)16383>(channel_eq::_puschRxChEqStatDescr *, channel_eq::_puschRxChEqSoftDemapDynDescr)"
3813703872,477562,78950,1,1,1,32,32,1,30,0.000,0.000,,,,,NVIDIA A100-SXM4-40GB MIG 4g.20gb (0),1,,13,"void convert_kernel<float2, __half2>(tensor_layout_any, T1 *, tensor_layout_any, const T2 *)"
3814230714,17536,78962,2253,1,1,128,1,1,16,0.000,0.000,,,,,NVIDIA A100-SXM4-40GB MIG 4g.20gb (0),1,,13,cupy_copy__float16_float16
3814250042,3616,78971,282,1,1,128,1,1,16,0.000,0.000,,,,,NVIDIA A100-SXM4-40GB MIG 4g.20gb (0),1,,13,cupy_copy__complex64_complex64
3814337017,4096,78980,26,1,1,128,1,1,16,0.000,0.000,,,,,NVIDIA A100-SXM4-40GB MIG 4g.20gb (0),1,,13,cupy_copy__float32_float32
3814347960,6112,78989,103,1,1,128,1,1,16,0.000,0.000,,,,,NVIDIA A100-SXM4-40GB MIG 4g.20gb (0),1,,13,cupy_copy__complex64_complex64
3814542294,16448,79004,1434,1,1,128,1,1,16,0.000,0.000,,,,,NVIDIA A100-SXM4-40GB MIG 4g.20gb (0),1,,13,cupy_copy__complex64_complex64
3814651125,234525,79009,1,1,1,32,32,1,30,0.000,0.000,,,,,NVIDIA A100-SXM4-40GB MIG 4g.20gb (0),1,,13,"void convert_kernel<__half2, float2>(tensor_layout_any, T1 *, tensor_layout_any, const T2 *)"
3814916882,6208,79012,,,,,,,,,,0.094,15092.739,Pinned,Device,NVIDIA A100-SXM4-40GB MIG 4g.20gb (0),1,,13,[CUDA memcpy Host-to-Device]
3815005361,624025,79013,,,,,,,,,,456.561,731411.427,Device,,NVIDIA A100-SXM4-40GB MIG 4g.20gb (0),1,,13,[CUDA memset]
3815635242,56415,79018,,,,,,,,,,1.235,21889.382,Pinned,Device,NVIDIA A100-SXM4-40GB MIG 4g.20gb (0),1,,13,[CUDA memcpy Host-to-Device]
3815696233,9952,79019,,,,,,,,,,0.197,19755.565,Pinned,Device,NVIDIA A100-SXM4-40GB MIG 4g.20gb (0),1,,13,[CUDA memcpy Host-to-Device]
3815804616,16672,79020,69,4,1,48,1,1,76,0.002,0.000,,,,,NVIDIA A100-SXM4-40GB MIG 4g.20gb (0),1,,13,"void ch_est::windowedChEstPreNoDftSOfdmKernel<float, __half, float, (unsigned int)2, (unsigned int)1, (unsigned short)4>(ch_est::puschRxChEstStatDescr_t *, ch_est::puschRxChEstDynDescr_t *)"
3815879079,8032,79021,137,2,1,24,2,1,44,0.001,0.001,,,,,NVIDIA A100-SXM4-40GB MIG 4g.20gb (0),1,,13,"void ch_est::chEstFilterNoDftSOfdmDispatchKernel<float, __half, float, (unsigned int)2>(ch_est::puschRxChEstStatDescr_t *, ch_est::puschRxChEstDynDescr_t *)"
3815916326,19392,79022,137,2,1,24,2,1,44,0.001,0.001,,,,,NVIDIA A100-SXM4-40GB MIG 4g.20gb (0),1,,13,"void ch_est::chEstFilterNoDftSOfdmDispatchKernel<float, __half, float, (unsigned int)2>(ch_est::puschRxChEstStatDescr_t *, ch_est::puschRxChEstDynDescr_t *)"
3815985094,4544,79033,103,1,1,128,1,1,16,0.000,0.000,,,,,NVIDIA A100-SXM4-40GB MIG 4g.20gb (0),1,,13,cupy_copy__complex64_complex64
3816021317,19040,79043,1434,1,1,128,1,1,16,0.000,0.000,,,,,NVIDIA A100-SXM4-40GB MIG 4g.20gb (0),1,,13,cupy_copy__complex64_complex64
3816041637,3136,79050,103,1,1,128,1,1,16,0.000,0.000,,,,,NVIDIA A100-SXM4-40GB MIG 4g.20gb (0),1,,13,cupy_copy__complex64_complex64
3816126884,210046,79057,1,1,1,32,32,1,30,0.000,0.000,,,,,NVIDIA A100-SXM4-40GB MIG 4g.20gb (0),1,,13,"void convert_kernel<__half2, float2>(tensor_layout_any, T1 *, tensor_layout_any, const T2 *)"
3816366785,5376,79060,,,,,,,,,,0.094,17428.487,Pinned,Device,NVIDIA A100-SXM4-40GB MIG 4g.20gb (0),1,,13,[CUDA memcpy Host-to-Device]
3816430081,58175,79061,,,,,,,,,,35.810,615536.715,Device,,NVIDIA A100-SXM4-40GB MIG 4g.20gb (0),1,,13,[CUDA memset]
3816490880,1824,79063,,,,,,,,,,0.000,43.860,Pinned,Device,NVIDIA A100-SXM4-40GB MIG 4g.20gb (0),1,,13,[CUDA memcpy Host-to-Device]
3816495136,9824,79064,,,,,,,,,,0.197,20012.925,Pinned,Device,NVIDIA A100-SXM4-40GB MIG 4g.20gb (0),1,,13,[CUDA memcpy Host-to-Device]
3816622206,16320,79065,273,1,1,48,1,1,40,0.000,0.001,,,,,NVIDIA A100-SXM4-40GB MIG 4g.20gb (0),1,,13,"void pusch_noise_intf_est::noiseIntfEstNoDftSOfdmKernel<float, __half, float, float, (unsigned int)2, (unsigned int)1, (unsigned char)4, (unsigned char)4>(pusch_noise_intf_est::puschRxNoiseIntfEstDynDescr)"
3816656478,5952,79076,35,1,1,128,1,1,16,0.000,0.000,,,,,NVIDIA A100-SXM4-40GB MIG 4g.20gb (0),1,,13,cupy_copy__complex64_complex64
3816715293,2976,79085,1,1,1,1,1,1,18,0.000,0.000,,,,,NVIDIA A100-SXM4-40GB MIG 4g.20gb (0),1,,13,cupy_copy__float32_float32
3816721085,1792,79091,,,,,,,,,,0.000,2.232,Device,Pageable,NVIDIA A100-SXM4-40GB MIG 4g.20gb (0),1,,7,[CUDA memcpy Device-to-Host]
3816825756,19104,79102,1434,1,1,128,1,1,16,0.000,0.000,,,,,NVIDIA A100-SXM4-40GB MIG 4g.20gb (0),1,,13,cupy_copy__complex64_complex64
3816874459,8160,79109,103,1,1,128,1,1,16,0.000,0.000,,,,,NVIDIA A100-SXM4-40GB MIG 4g.20gb (0),1,,13,cupy_copy__complex64_complex64
3816940091,3424,79116,35,1,1,128,1,1,16,0.000,0.000,,,,,NVIDIA A100-SXM4-40GB MIG 4g.20gb (0),1,,13,cupy_copy__complex64_complex64
3816991354,3648,79123,1,1,1,1,1,1,18,0.000,0.000,,,,,NVIDIA A100-SXM4-40GB MIG 4g.20gb (0),1,,13,cupy_copy__float32_float32
3817005882,239613,79134,1,1,1,32,32,1,30,0.000,0.000,,,,,NVIDIA A100-SXM4-40GB MIG 4g.20gb (0),1,,13,"void convert_kernel<__half2, float2>(tensor_layout_any, T1 *, tensor_layout_any, const T2 *)"
3817276087,5376,79137,,,,,,,,,,0.094,17428.487,Pinned,Device,NVIDIA A100-SXM4-40GB MIG 4g.20gb (0),1,,13,[CUDA memcpy Host-to-Device]
3817356342,11520,79138,,,,,,,,,,1.547,134254.696,Device,,NVIDIA A100-SXM4-40GB MIG 4g.20gb (0),1,,13,[CUDA memset]
3817370870,3776,79143,,,,,,,,,,0.031,8288.120,Pinned,Device,NVIDIA A100-SXM4-40GB MIG 4g.20gb (0),1,,13,[CUDA memcpy Host-to-Device]
3817377174,9888,79144,,,,,,,,,,0.197,19883.360,Pinned,Device,NVIDIA A100-SXM4-40GB MIG 4g.20gb (0),1,,13,[CUDA memcpy Host-to-Device]
3817425621,27136,79145,273,1,1,8,4,1,39,0.002,0.000,,,,,NVIDIA A100-SXM4-40GB MIG 4g.20gb (0),1,,13,"void channel_eq::eqMmseCoefCompLowMimoKernel<float, float, float, (unsigned int)4, (unsigned int)1, (unsigned int)4>(const channel_eq::_puschRxChEqStatDescr *, channel_eq::_puschRxChEqCoefCompDynDescr)"
3817476533,24991,79146,273,1,1,12,11,1,51,0.002,0.000,,,,,NVIDIA A100-SXM4-40GB MIG 4g.20gb (0),1,,13,"void channel_eq::eqMmseSoftDemapKernel<float, __half, __half, float, (unsigned int)4, (unsigned short)16383>(channel_eq::_puschRxChEqStatDescr *, channel_eq::_puschRxChEqSoftDemapDynDescr)"
3817555124,464666,79147,1,1,1,32,32,1,30,0.000,0.000,,,,,NVIDIA A100-SXM4-40GB MIG 4g.20gb (0),1,,13,"void convert_kernel<float2, __half2>(tensor_layout_any, T1 *, tensor_layout_any, const T2 *)"
3818064942,13600,79159,2253,1,1,128,1,1,16,0.000,0.000,,,,,NVIDIA A100-SXM4-40GB MIG 4g.20gb (0),1,,13,cupy_copy__float16_float16
3818116045,6048,79168,282,1,1,128,1,1,16,0.000,0.000,,,,,NVIDIA A100-SXM4-40GB MIG 4g.20gb (0),1,,13,cupy_copy__complex64_complex64
3818177100,2592,79177,26,1,1,128,1,1,16,0.000,0.000,,,,,NVIDIA A100-SXM4-40GB MIG 4g.20gb (0),1,,13,cupy_copy__float32_float32
3818213068,8416,79186,103,1,1,128,1,1,16,0.000,0.000,,,,,NVIDIA A100-SXM4-40GB MIG 4g.20gb (0),1,,13,cupy_copy__complex64_complex64
3818223276,13984,79196,1434,1,1,128,1,1,16,0.000,0.000,,,,,NVIDIA A100-SXM4-40GB MIG 4g.20gb (0),1,,13,cupy_copy__complex64_complex64
3818294059,181022,79201,1,1,1,32,32,1,30,0.000,0.000,,,,,NVIDIA A100-SXM4-40GB MIG 4g.20gb (0),1,,13,"void convert_kernel<__half2, float2>(tensor_layout_any, T1 *, tensor_layout_any, const T2 *)"
3818504233,5408,79204,,,,,,,,,,0.094,17325.421,Pinned,Device,NVIDIA A100-SXM4-40GB MIG 4g.20gb (0),1,,13,[CUDA memcpy Host-to-Device]
3818551080,619129,79205,,,,,,,,,,456.561,737346.726,Device,,NVIDIA A100-SXM4-40GB MIG 4g.20gb (0),1,,13,[CUDA memset]
3819176129,55167,79210,,,,,,,,,,1.235,22384.595,Pinned,Device,NVIDIA A100-SXM4-40GB MIG 4g.20gb (0),1,,13,[CUDA memcpy Host-to-Device]
3819233792,9376,79211,,,,,,,,,,0.197,20969.226,Pinned,Device,NVIDIA A100-SXM4-40GB MIG 4g.20gb (0),1,,13,[CUDA memcpy Host-to-Device]
3819343935,16768,79212,69,4,1,48,1,1,76,0.002,0.000,,,,,NVIDIA A100-SXM4-40GB MIG 4g.20gb (0),1,,13,"void ch_est::windowedChEstPreNoDftSOfdmKernel<float, __half, float, (unsigned int)2, (unsigned int)1, (unsigned short)4>(ch_est::puschRxChEstStatDescr_t *, ch_est::puschRxChEstDynDescr_t *)"
3819363455,8800,79213,137,2,1,24,2,1,44,0.001,0.001,,,,,NVIDIA A100-SXM4-40GB MIG 4g.20gb (0),1,,13,"void ch_est::chEstFilterNoDftSOfdmDispatchKernel<float, __half, float, (unsigned int)2>(ch_est::puschRxChEstStatDescr_t *, ch_est::puschRxChEstDynDescr_t *)"
3819452542,8352,79214,137,2,1,24,2,1,44,0.001,0.001,,,,,NVIDIA A100-SXM4-40GB MIG 4g.20gb (0),1,,13,"void ch_est::chEstFilterNoDftSOfdmDispatchKernel<float, __half, float, (unsigned int)2>(ch_est::puschRxChEstStatDescr_t *, ch_est::puschRxChEstDynDescr_t *)"
3819485053,6880,79225,103,1,1,128,1,1,16,0.000,0.000,,,,,NVIDIA A100-SXM4-40GB MIG 4g.20gb (0),1,,13,cupy_copy__complex64_complex64
3819501949,13376,79235,1434,1,1,128,1,1,16,0.000,0.000,,,,,NVIDIA A100-SXM4-40GB MIG 4g.20gb (0),1,,13,cupy_copy__complex64_complex64
3819587580,4000,79242,103,1,1,128,1,1,16,0.000,0.000,,,,,NVIDIA A100-SXM4-40GB MIG 4g.20gb (0),1,,13,cupy_copy__complex64_complex64
3819631612,246045,79249,1,1,1,32,32,1,30,0.000,0.000,,,,,NVIDIA A100-SXM4-40GB MIG 4g.20gb (0),1,,13,"void convert_kernel<__half2, float2>(tensor_layout_any, T1 *, tensor_layout_any, const T2 *)"
3819907673,5408,79252,,,,,,,,,,0.094,17325.421,Pinned,Device,NVIDIA A100-SXM4-40GB MIG 4g.20gb (0),1,,13,[CUDA memcpy Host-to-Device]
3819979992,59743,79253,,,,,,,,,,35.810,599386.441,Device,,NVIDIA A100-SXM4-40GB MIG 4g.20gb (0),1,,13,[CUDA memset]
3820046999,2112,79255,,,,,,,,,,0.000,37.879,Pinned,Device,NVIDIA A100-SXM4-40GB MIG 4g.20gb (0),1,,13,[CUDA memcpy Host-to-Device]
3820051799,9376,79256,,,,,,,,,,0.197,20969.226,Pinned,Device,NVIDIA A100-SXM4-40GB MIG 4g.20gb (0),1,,13,[CUDA memcpy Host-to-Device]
3820153366,20640,79257,273,1,1,48,1,1,40,0.000,0.001,,,,,NVIDIA A100-SXM4-40GB MIG 4g.20gb (0),1,,13,"void pusch_noise_intf_est::noiseIntfEstNoDftSOfdmKernel<float, __half, float, float, (unsigned int)2, (unsigned int)1, (unsigned char)4, (unsigned char)4>(pusch_noise_intf_est::puschRxNoiseIntfEstDynDescr)"
3820190645,12896,79268,35,1,1,128,1,1,16,0.000,0.000,,,,,NVIDIA A100-SXM4-40GB MIG 4g.20gb (0),1,,13,cupy_copy__complex64_complex64
3820205845,1984,79277,1,1,1,1,1,1,18,0.000,0.000,,,,,NVIDIA A100-SXM4-40GB MIG 4g.20gb (0),1,,13,cupy_copy__float32_float32
3820215957,1824,79283,,,,,,,,,,0.000,2.193,Device,Pageable,NVIDIA A100-SXM4-40GB MIG 4g.20gb (0),1,,7,[CUDA memcpy Device-to-Host]
3820296628,22080,79294,1434,1,1,128,1,1,16,0.000,0.000,,,,,NVIDIA A100-SXM4-40GB MIG 4g.20gb (0),1,,13,cupy_copy__complex64_complex64
3820320724,3328,79301,103,1,1,128,1,1,16,0.000,0.000,,,,,NVIDIA A100-SXM4-40GB MIG 4g.20gb (0),1,,13,cupy_copy__complex64_complex64
3820419027,3712,79308,35,1,1,128,1,1,16,0.000,0.000,,,,,NVIDIA A100-SXM4-40GB MIG 4g.20gb (0),1,,13,cupy_copy__complex64_complex64
3820470226,3040,79315,1,1,1,1,1,1,18,0.000,0.000,,,,,NVIDIA A100-SXM4-40GB MIG 4g.20gb (0),1,,13,cupy_copy__float32_float32
3820545809,254269,79326,1,1,1,32,32,1,30,0.000,0.000,,,,,NVIDIA A100-SXM4-40GB MIG 4g.20gb (0),1,,13,"void convert_kernel<__half2, float2>(tensor_layout_any, T1 *, tensor_layout_any, const T2 *)"
3820830222,5856,79329,,,,,,,,,,0.094,15999.997,Pinned,Device,NVIDIA A100-SXM4-40GB MIG 4g.20gb (0),1,,13,[CUDA memcpy Host-to-Device]
3820853710,9952,79330,,,,,,,,,,1.547,155407.873,Device,,NVIDIA A100-SXM4-40GB MIG 4g.20gb (0),1,,13,[CUDA memset]
3820869966,3327,79335,,,,,,,,,,0.031,9406.670,Pinned,Device,NVIDIA A100-SXM4-40GB MIG 4g.20gb (0),1,,13,[CUDA memcpy Host-to-Device]
3820877389,9440,79336,,,,,,,,,,0.197,20827.079,Pinned,Device,NVIDIA A100-SXM4-40GB MIG 4g.20gb (0),1,,13,[CUDA memcpy Host-to-Device]
3820921133,27104,79337,273,1,1,8,4,1,39,0.002,0.000,,,,,NVIDIA A100-SXM4-40GB MIG 4g.20gb (0),1,,13,"void channel_eq::eqMmseCoefCompLowMimoKernel<float, float, float, (unsigned int)4, (unsigned int)1, (unsigned int)4>(const channel_eq::_puschRxChEqStatDescr *, channel_eq::_puschRxChEqCoefCompDynDescr)"
3820974572,25504,79338,273,1,1,12,11,1,51,0.002,0.000,,,,,NVIDIA A100-SXM4-40GB MIG 4g.20gb (0),1,,13,"void channel_eq::eqMmseSoftDemapKernel<float, __half, __half, float, (unsigned int)4, (unsigned short)16383>(channel_eq::_puschRxChEqStatDescr *, channel_eq::_puschRxChEqSoftDemapDynDescr)"
3821047115,443067,79339,1,1,1,32,32,1,30,0.000,0.000,,,,,NVIDIA A100-SXM4-40GB MIG 4g.20gb (0),1,,13,"void convert_kernel<float2, __half2>(tensor_layout_any, T1 *, tensor_layout_any, const T2 *)"
3821496870,18944,79351,2253,1,1,128,1,1,16,0.000,0.000,,,,,NVIDIA A100-SXM4-40GB MIG 4g.20gb (0),1,,13,cupy_copy__float16_float16
3821517414,4224,79360,282,1,1,128,1,1,16,0.000,0.000,,,,,NVIDIA A100-SXM4-40GB MIG 4g.20gb (0),1,,13,cupy_copy__complex64_complex64
3821603301,4288,79369,26,1,1,128,1,1,16,0.000,0.000,,,,,NVIDIA A100-SXM4-40GB MIG 4g.20gb (0),1,,13,cupy_copy__float32_float32
3821609413,4160,79378,103,1,1,128,1,1,16,0.000,0.000,,,,,NVIDIA A100-SXM4-40GB MIG 4g.20gb (0),1,,13,cupy_copy__complex64_complex64
3821642181,16223,79388,1434,1,1,128,1,1,16,0.000,0.000,,,,,NVIDIA A100-SXM4-40GB MIG 4g.20gb (0),1,,13,cupy_copy__complex64_complex64
3821718180,188862,79393,1,1,1,32,32,1,30,0.000,0.000,,,,,NVIDIA A100-SXM4-40GB MIG 4g.20gb (0),1,,13,"void convert_kernel<__half2, float2>(tensor_layout_any, T1 *, tensor_layout_any, const T2 *)"
3821936225,5376,79396,,,,,,,,,,0.094,17428.487,Pinned,Device,NVIDIA A100-SXM4-40GB MIG 4g.20gb (0),1,,13,[CUDA memcpy Host-to-Device]
3821983681,615673,79397,,,,,,,,,,456.561,741455.779,Device,,NVIDIA A100-SXM4-40GB MIG 4g.20gb (0),1,,13,[CUDA memset]
3822603418,51263,79402,,,,,,,,,,1.235,24090.053,Pinned,Device,NVIDIA A100-SXM4-40GB MIG 4g.20gb (0),1,,13,[CUDA memcpy Host-to-Device]
3822657113,9312,79403,,,,,,,,,,0.197,21113.340,Pinned,Device,NVIDIA A100-SXM4-40GB MIG 4g.20gb (0),1,,13,[CUDA memcpy Host-to-Device]
3822765976,16672,79404,69,4,1,48,1,1,76,0.002,0.000,,,,,NVIDIA A100-SXM4-40GB MIG 4g.20gb (0),1,,13,"void ch_est::windowedChEstPreNoDftSOfdmKernel<float, __half, float, (unsigned int)2, (unsigned int)1, (unsigned short)4>(ch_est::puschRxChEstStatDescr_t *, ch_est::puschRxChEstDynDescr_t *)"
3822835447,10752,79405,137,2,1,24,2,1,44,0.001,0.001,,,,,NVIDIA A100-SXM4-40GB MIG 4g.20gb (0),1,,13,"void ch_est::chEstFilterNoDftSOfdmDispatchKernel<float, __half, float, (unsigned int)2>(ch_est::puschRxChEstStatDescr_t *, ch_est::puschRxChEstDynDescr_t *)"
3822872951,13087,79406,137,2,1,24,2,1,44,0.001,0.001,,,,,NVIDIA A100-SXM4-40GB MIG 4g.20gb (0),1,,13,"void ch_est::chEstFilterNoDftSOfdmDispatchKernel<float, __half, float, (unsigned int)2>(ch_est::puschRxChEstStatDescr_t *, ch_est::puschRxChEstDynDescr_t *)"
3822906038,4384,79417,103,1,1,128,1,1,16,0.000,0.000,,,,,NVIDIA A100-SXM4-40GB MIG 4g.20gb (0),1,,13,cupy_copy__complex64_complex64
3822961621,15104,79427,1434,1,1,128,1,1,16,0.000,0.000,,,,,NVIDIA A100-SXM4-40GB MIG 4g.20gb (0),1,,13,cupy_copy__complex64_complex64
3823011189,5344,79434,103,1,1,128,1,1,16,0.000,0.000,,,,,NVIDIA A100-SXM4-40GB MIG 4g.20gb (0),1,,13,cupy_copy__complex64_complex64
3823020213,194110,79441,1,1,1,32,32,1,30,0.000,0.000,,,,,NVIDIA A100-SXM4-40GB MIG 4g.20gb (0),1,,13,"void convert_kernel<__half2, float2>(tensor_layout_any, T1 *, tensor_layout_any, const T2 *)"
3823243698,6432,79444,,,,,,,,,,0.094,14567.105,Pinned,Device,NVIDIA A100-SXM4-40GB MIG 4g.20gb (0),1,,13,[CUDA memcpy Host-to-Device]
3823264658,59967,79445,,,,,,,,,,35.810,597130.416,Device,,NVIDIA A100-SXM4-40GB MIG 4g.20gb (0),1,,13,[CUDA memset]
3823327121,1888,79447,,,,,,,,,,0.000,42.373,Pinned,Device,NVIDIA A100-SXM4-40GB MIG 4g.20gb (0),1,,13,[CUDA memcpy Host-to-Device]
3823334033,9824,79448,,,,,,,,,,0.197,20012.925,Pinned,Device,NVIDIA A100-SXM4-40GB MIG 4g.20gb (0),1,,13,[CUDA memcpy Host-to-Device]
3823439152,20352,79449,273,1,1,48,1,1,40,0.000,0.001,,,,,NVIDIA A100-SXM4-40GB MIG 4g.20gb (0),1,,13,"void pusch_noise_intf_est::noiseIntfEstNoDftSOfdmKernel<float, __half, float, float, (unsigned int)2, (unsigned int)1, (unsigned char)4, (unsigned char)4>(pusch_noise_intf_est::puschRxNoiseIntfEstDynDescr)"
3823485871,4032,79460,35,1,1,128,1,1,16,0.000,0.000,,,,,NVIDIA A100-SXM4-40GB MIG 4g.20gb (0),1,,13,cupy_copy__complex64_complex64
3823549199,2336,79469,1,1,1,1,1,1,18,0.000,0.000,,,,,NVIDIA A100-SXM4-40GB MIG 4g.20gb (0),1,,13,cupy_copy__float32_float32
3823554191,1856,79475,,,,,,,,,,0.000,2.155,Device,Pageable,NVIDIA A100-SXM4-40GB MIG 4g.20gb (0),1,,7,[CUDA memcpy Device-to-Host]
3823670413,18272,79486,1434,1,1,128,1,1,16,0.000,0.000,,,,,NVIDIA A100-SXM4-40GB MIG 4g.20gb (0),1,,13,cupy_copy__complex64_complex64
3823723213,5088,79493,103,1,1,128,1,1,16,0.000,0.000,,,,,NVIDIA A100-SXM4-40GB MIG 4g.20gb (0),1,,13,cupy_copy__complex64_complex64
3823730413,2528,79500,35,1,1,128,1,1,16,0.000,0.000,,,,,NVIDIA A100-SXM4-40GB MIG 4g.20gb (0),1,,13,cupy_copy__complex64_complex64
3823741613,2655,79507,1,1,1,1,1,1,18,0.000,0.000,,,,,NVIDIA A100-SXM4-40GB MIG 4g.20gb (0),1,,13,cupy_copy__float32_float32
3823859211,250461,79518,1,1,1,32,32,1,30,0.000,0.000,,,,,NVIDIA A100-SXM4-40GB MIG 4g.20gb (0),1,,13,"void convert_kernel<__half2, float2>(tensor_layout_any, T1 *, tensor_layout_any, const T2 *)"
3824139976,6048,79521,,,,,,,,,,0.094,15491.978,Pinned,Device,NVIDIA A100-SXM4-40GB MIG 4g.20gb (0),1,,13,[CUDA memcpy Host-to-Device]
3824222791,8832,79522,,,,,,,,,,1.547,175114.956,Device,,NVIDIA A100-SXM4-40GB MIG 4g.20gb (0),1,,13,[CUDA memset]
3824236871,3008,79527,,,,,,,,,,0.031,10404.230,Pinned,Device,NVIDIA A100-SXM4-40GB MIG 4g.20gb (0),1,,13,[CUDA memcpy Host-to-Device]
3824242631,10432,79528,,,,,,,,,,0.197,18846.450,Pinned,Device,NVIDIA A100-SXM4-40GB MIG 4g.20gb (0),1,,13,[CUDA memcpy Host-to-Device]
3824296838,20992,79529,273,1,1,8,4,1,39,0.002,0.000,,,,,NVIDIA A100-SXM4-40GB MIG 4g.20gb (0),1,,13,"void channel_eq::eqMmseCoefCompLowMimoKernel<float, float, float, (unsigned int)4, (unsigned int)1, (unsigned int)4>(const channel_eq::_puschRxChEqStatDescr *, channel_eq::_puschRxChEqCoefCompDynDescr)"
3824349830,27871,79530,273,1,1,12,11,1,51,0.002,0.000,,,,,NVIDIA A100-SXM4-40GB MIG 4g.20gb (0),1,,13,"void channel_eq::eqMmseSoftDemapKernel<float, __half, __half, float, (unsigned int)4, (unsigned short)16383>(channel_eq::_puschRxChEqStatDescr *, channel_eq::_puschRxChEqSoftDemapDynDescr)"
3824414917,447323,79531,1,1,1,32,32,1,30,0.000,0.000,,,,,NVIDIA A100-SXM4-40GB MIG 4g.20gb (0),1,,13,"void convert_kernel<float2, __half2>(tensor_layout_any, T1 *, tensor_layout_any, const T2 *)"
3824923583,15552,79543,2253,1,1,128,1,1,16,0.000,0.000,,,,,NVIDIA A100-SXM4-40GB MIG 4g.20gb (0),1,,13,cupy_copy__float16_float16
3824940671,5152,79552,282,1,1,128,1,1,16,0.000,0.000,,,,,NVIDIA A100-SXM4-40GB MIG 4g.20gb (0),1,,13,cupy_copy__complex64_complex64
3824993310,3136,79561,26,1,1,128,1,1,16,0.000,0.000,,,,,NVIDIA A100-SXM4-40GB MIG 4g.20gb (0),1,,13,cupy_copy__float32_float32
3824997758,3296,79570,103,1,1,128,1,1,16,0.000,0.000,,,,,NVIDIA A100-SXM4-40GB MIG 4g.20gb (0),1,,13,cupy_copy__complex64_complex64
3825002014,15360,79580,1434,1,1,128,1,1,16,0.000,0.000,,,,,NVIDIA A100-SXM4-40GB MIG 4g.20gb (0),1,,13,cupy_copy__complex64_complex64
3825022558,127198,79585,1,1,1,32,32,1,30,0.000,0.000,,,,,NVIDIA A100-SXM4-40GB MIG 4g.20gb (0),1,,13,"void convert_kernel<__half2, float2>(tensor_layout_any, T1 *, tensor_layout_any, const T2 *)"
3825179676,5728,79588,,,,,,,,,,0.094,16357.541,Pinned,Device,NVIDIA A100-SXM4-40GB MIG 4g.20gb (0),1,,13,[CUDA memcpy Host-to-Device]
3825260283,627961,79589,,,,,,,,,,456.561,726845.812,Device,,NVIDIA A100-SXM4-40GB MIG 4g.20gb (0),1,,13,[CUDA memset]
3825897652,52639,79594,,,,,,,,,,1.235,23460.231,Pinned,Device,NVIDIA A100-SXM4-40GB MIG 4g.20gb (0),1,,13,[CUDA memcpy Host-to-Device]
3825952947,10048,79595,,,,,,,,,,0.197,19566.821,Pinned,Device,NVIDIA A100-SXM4-40GB MIG 4g.20gb (0),1,,13,[CUDA memcpy Host-to-Device]
3826057362,11680,79596,69,4,1,48,1,1,76,0.002,0.000,,,,,NVIDIA A100-SXM4-40GB MIG 4g.20gb (0),1,,13,"void ch_est::windowedChEstPreNoDftSOfdmKernel<float, __half, float, (unsigned int)2, (unsigned int)1, (unsigned short)4>(ch_est::puschRxChEstStatDescr_t *, ch_est::puschRxChEstDynDescr_t *)"
3826071058,7808,79597,137,2,1,24,2,1,44,0.001,0.001,,,,,NVIDIA A100-SXM4-40GB MIG 4g.20gb (0),1,,13,"void ch_est::chEstFilterNoDftSOfdmDispatchKernel<float, __half, float, (unsigned int)2>(ch_est::puschRxChEstStatDescr_t *, ch_est::puschRxChEstDynDescr_t *)"
3826169009,24895,79598,137,2,1,24,2,1,44,0.001,0.001,,,,,NVIDIA A100-SXM4-40GB MIG 4g.20gb (0),1,,13,"void ch_est::chEstFilterNoDftSOfdmDispatchKernel<float, __half, float, (unsigned int)2>(ch_est::puschRxChEstStatDescr_t *, ch_est::puschRxChEstDynDescr_t *)"
3826239728,3424,79609,103,1,1,128,1,1,16,0.000,0.000,,,,,NVIDIA A100-SXM4-40GB MIG 4g.20gb (0),1,,13,cupy_copy__complex64_complex64
3826282863,15968,79619,1434,1,1,128,1,1,16,0.000,0.000,,,,,NVIDIA A100-SXM4-40GB MIG 4g.20gb (0),1,,13,cupy_copy__complex64_complex64
3826300239,3328,79626,103,1,1,128,1,1,16,0.000,0.000,,,,,NVIDIA A100-SXM4-40GB MIG 4g.20gb (0),1,,13,cupy_copy__complex64_complex64
3826362350,195166,79633,1,1,1,32,32,1,30,0.000,0.000,,,,,NVIDIA A100-SXM4-40GB MIG 4g.20gb (0),1,,13,"void convert_kernel<__half2, float2>(tensor_layout_any, T1 *, tensor_layout_any, const T2 *)"
3826586380,5376,79636,,,,,,,,,,0.094,17428.487,Pinned,Device,NVIDIA A100-SXM4-40GB MIG 4g.20gb (0),1,,13,[CUDA memcpy Host-to-Device]
3826643403,59647,79637,,,,,,,,,,35.810,600353.309,Device,,NVIDIA A100-SXM4-40GB MIG 4g.20gb (0),1,,13,[CUDA memset]
3826708778,3296,79639,,,,,,,,,,0.000,24.272,Pinned,Device,NVIDIA A100-SXM4-40GB MIG 4g.20gb (0),1,,13,[CUDA memcpy Host-to-Device]
3826715946,9440,79640,,,,,,,,,,0.197,20827.079,Pinned,Device,NVIDIA A100-SXM4-40GB MIG 4g.20gb (0),1,,13,[CUDA memcpy Host-to-Device]
3826832585,18112,79641,273,1,1,48,1,1,40,0.000,0.001,,,,,NVIDIA A100-SXM4-40GB MIG 4g.20gb (0),1,,13,"void pusch_noise_intf_est::noiseIntfEstNoDftSOfdmKernel<float, __half, float, float, (unsigned int)2, (unsigned int)1, (unsigned char)4, (unsigned char)4>(pusch_noise_intf_est::puschRxNoiseIntfEstDynDescr)"
3826875336,6048,79652,35,1,1,128,1,1,16,0.000,0.000,,,,,NVIDIA A100-SXM4-40GB MIG 4g.20gb (0),1,,13,cupy_copy__complex64_complex64
3826884232,1760,79661,1,1,1,1,1,1,18,0.000,0.000,,,,,NVIDIA A100-SXM4-40GB MIG 4g.20gb (0),1,,13,cupy_copy__float32_float32
3826893096,1568,79667,,,,,,,,,,0.000,2.551,Device,Pageable,NVIDIA A100-SXM4-40GB MIG 4g.20gb (0),1,,7,[CUDA memcpy Device-to-Host]
3826979879,20864,79678,1434,1,1,128,1,1,16,0.000,0.000,,,,,NVIDIA A100-SXM4-40GB MIG 4g.20gb (0),1,,13,cupy_copy__complex64_complex64
3827079974,3328,79685,103,1,1,128,1,1,16,0.000,0.000,,,,,NVIDIA A100-SXM4-40GB MIG 4g.20gb (0),1,,13,cupy_copy__complex64_complex64
3827121606,9024,79692,35,1,1,128,1,1,16,0.000,0.000,,,,,NVIDIA A100-SXM4-40GB MIG 4g.20gb (0),1,,13,cupy_copy__complex64_complex64
3827132934,2880,79699,1,1,1,1,1,1,18,0.000,0.000,,,,,NVIDIA A100-SXM4-40GB MIG 4g.20gb (0),1,,13,cupy_copy__float32_float32
3827193349,243389,79710,1,1,1,32,32,1,30,0.000,0.000,,,,,NVIDIA A100-SXM4-40GB MIG 4g.20gb (0),1,,13,"void convert_kernel<__half2, float2>(tensor_layout_any, T1 *, tensor_layout_any, const T2 *)"
3827466146,5344,79713,,,,,,,,,,0.094,17532.864,Pinned,Device,NVIDIA A100-SXM4-40GB MIG 4g.20gb (0),1,,13,[CUDA memcpy Host-to-Device]
3827480450,9439,79714,,,,,,,,,,1.547,163853.986,Device,,NVIDIA A100-SXM4-40GB MIG 4g.20gb (0),1,,13,[CUDA memset]
3827493025,3584,79719,,,,,,,,,,0.031,8732.116,Pinned,Device,NVIDIA A100-SXM4-40GB MIG 4g.20gb (0),1,,13,[CUDA memcpy Host-to-Device]
3827499233,9856,79720,,,,,,,,,,0.197,19948.044,Pinned,Device,NVIDIA A100-SXM4-40GB MIG 4g.20gb (0),1,,13,[CUDA memcpy Host-to-Device]
3827552769,13152,79721,273,1,1,8,4,1,39,0.002,0.000,,,,,NVIDIA A100-SXM4-40GB MIG 4g.20gb (0),1,,13,"void channel_eq::eqMmseCoefCompLowMimoKernel<float, float, float, (unsigned int)4, (unsigned int)1, (unsigned int)4>(const channel_eq::_puschRxChEqStatDescr *, channel_eq::_puschRxChEqCoefCompDynDescr)"
3827604000,29056,79722,273,1,1,12,11,1,51,0.002,0.000,,,,,NVIDIA A100-SXM4-40GB MIG 4g.20gb (0),1,,13,"void channel_eq::eqMmseSoftDemapKernel<float, __half, __half, float, (unsigned int)4, (unsigned short)16383>(channel_eq::_puschRxChEqStatDescr *, channel_eq::_puschRxChEqSoftDemapDynDescr)"
3827671327,473275,79723,1,1,1,32,32,1,30,0.000,0.000,,,,,NVIDIA A100-SXM4-40GB MIG 4g.20gb (0),1,,13,"void convert_kernel<float2, __half2>(tensor_layout_any, T1 *, tensor_layout_any, const T2 *)"
3828201753,17088,79735,2253,1,1,128,1,1,16,0.000,0.000,,,,,NVIDIA A100-SXM4-40GB MIG 4g.20gb (0),1,,13,cupy_copy__float16_float16
3828220153,3968,79744,282,1,1,128,1,1,16,0.000,0.000,,,,,NVIDIA A100-SXM4-40GB MIG 4g.20gb (0),1,,13,cupy_copy__complex64_complex64
3828225497,2400,79753,26,1,1,128,1,1,16,0.000,0.000,,,,,NVIDIA A100-SXM4-40GB MIG 4g.20gb (0),1,,13,cupy_copy__float32_float32
3828311640,7776,79762,103,1,1,128,1,1,16,0.000,0.000,,,,,NVIDIA A100-SXM4-40GB MIG 4g.20gb (0),1,,13,cupy_copy__complex64_complex64
3828321176,13024,79772,1434,1,1,128,1,1,16,0.000,0.000,,,,,NVIDIA A100-SXM4-40GB MIG 4g.20gb (0),1,,13,cupy_copy__complex64_complex64
3828381559,179550,79777,1,1,1,32,32,1,30,0.000,0.000,,,,,NVIDIA A100-SXM4-40GB MIG 4g.20gb (0),1,,13,"void convert_kernel<__half2, float2>(tensor_layout_any, T1 *, tensor_layout_any, const T2 *)"
3828590741,5408,79780,,,,,,,,,,0.094,17325.421,Pinned,Device,NVIDIA A100-SXM4-40GB MIG 4g.20gb (0),1,,13,[CUDA memcpy Host-to-Device]
3828630228,625881,79781,,,,,,,,,,456.561,729128.620,Device,,NVIDIA A100-SXM4-40GB MIG 4g.20gb (0),1,,13,[CUDA memset]
3829260973,53727,79786,,,,,,,,,,1.235,22984.778,Pinned,Device,NVIDIA A100-SXM4-40GB MIG 4g.20gb (0),1,,13,[CUDA memcpy Host-to-Device]
3829317164,9344,79787,,,,,,,,,,0.197,21040.988,Pinned,Device,NVIDIA A100-SXM4-40GB MIG 4g.20gb (0),1,,13,[CUDA memcpy Host-to-Device]
3829424747,16512,79788,69,4,1,48,1,1,76,0.002,0.000,,,,,NVIDIA A100-SXM4-40GB MIG 4g.20gb (0),1,,13,"void ch_est::windowedChEstPreNoDftSOfdmKernel<float, __half, float, (unsigned int)2, (unsigned int)1, (unsigned short)4>(ch_est::puschRxChEstStatDescr_t *, ch_est::puschRxChEstDynDescr_t *)"
3829443947,9312,79789,137,2,1,24,2,1,44,0.001,0.001,,,,,NVIDIA A100-SXM4-40GB MIG 4g.20gb (0),1,,13,"void ch_est::chEstFilterNoDftSOfdmDispatchKernel<float, __half, float, (unsigned int)2>(ch_est::puschRxChEstStatDescr_t *, ch_est::puschRxChEstDynDescr_t *)"
3829529962,8352,79790,137,2,1,24,2,1,44,0.001,0.001,,,,,NVIDIA A100-SXM4-40GB MIG 4g.20gb (0),1,,13,"void ch_est::chEstFilterNoDftSOfdmDispatchKernel<float, __half, float, (unsigned int)2>(ch_est::puschRxChEstStatDescr_t *, ch_est::puschRxChEstDynDescr_t *)"
3829570922,5023,79801,103,1,1,128,1,1,16,0.000,0.000,,,,,NVIDIA A100-SXM4-40GB MIG 4g.20gb (0),1,,13,cupy_copy__complex64_complex64
3829577385,13152,79811,1434,1,1,128,1,1,16,0.000,0.000,,,,,NVIDIA A100-SXM4-40GB MIG 4g.20gb (0),1,,13,cupy_copy__complex64_complex64
3829653417,3136,79818,103,1,1,128,1,1,16,0.000,0.000,,,,,NVIDIA A100-SXM4-40GB MIG 4g.20gb (0),1,,13,cupy_copy__complex64_complex64
3829696936,241725,79825,1,1,1,32,32,1,30,0.000,0.000,,,,,NVIDIA A100-SXM4-40GB MIG 4g.20gb (0),1,,13,"void convert_kernel<__half2, float2>(tensor_layout_any, T1 *, tensor_layout_any, const T2 *)"
3829968133,5536,79828,,,,,,,,,,0.094,16924.777,Pinned,Device,NVIDIA A100-SXM4-40GB MIG 4g.20gb (0),1,,13,[CUDA memcpy Host-to-Device]
3830041060,60959,79829,,,,,,,,,,35.810,587425.928,Device,,NVIDIA A100-SXM4-40GB MIG 4g.20gb (0),1,,13,[CUDA memset]
3830105891,1824,79831,,,,,,,,,,0.000,43.860,Pinned,Device,NVIDIA A100-SXM4-40GB MIG 4g.20gb (0),1,,13,[CUDA memcpy Host-to-Device]
3830113443,9376,79832,,,,,,,,,,0.197,20969.226,Pinned,Device,NVIDIA A100-SXM4-40GB MIG 4g.20gb (0),1,,13,[CUDA memcpy Host-to-Device]
3830224130,18400,79833,273,1,1,48,1,1,40,0.000,0.001,,,,,NVIDIA A100-SXM4-40GB MIG 4g.20gb (0),1,,13,"void pusch_noise_intf_est::noiseIntfEstNoDftSOfdmKernel<float, __half, float, float, (unsigned int)2, (unsigned int)1, (unsigned char)4, (unsigned char)4>(pusch_noise_intf_est::puschRxNoiseIntfEstDynDescr)"
3830265762,6559,79844,35,1,1,128,1,1,16,0.000,0.000,,,,,NVIDIA A100-SXM4-40GB MIG 4g.20gb (0),1,,13,cupy_copy__complex64_complex64
3830277537,1824,79853,1,1,1,1,1,1,18,0.000,0.000,,,,,NVIDIA A100-SXM4-40GB MIG 4g.20gb (0),1,,13,cupy_copy__float32_float32
3830282817,1600,79859,,,,,,,,,,0.000,2.500,Device,Pageable,NVIDIA A100-SXM4-40GB MIG 4g.20gb (0),1,,7,[CUDA memcpy Device-to-Host]
3830368640,20896,79870,1434,1,1,128,1,1,16,0.000,0.000,,,,,NVIDIA A100-SXM4-40GB MIG 4g.20gb (0),1,,13,cupy_copy__complex64_complex64
3830452991,3712,79877,103,1,1,128,1,1,16,0.000,0.000,,,,,NVIDIA A100-SXM4-40GB MIG 4g.20gb (0),1,,13,cupy_copy__complex64_complex64
3830492575,6720,79884,35,1,1,128,1,1,16,0.000,0.000,,,,,NVIDIA A100-SXM4-40GB MIG 4g.20gb (0),1,,13,cupy_copy__complex64_complex64
3830501663,3808,79891,1,1,1,1,1,1,18,0.000,0.000,,,,,NVIDIA A100-SXM4-40GB MIG 4g.20gb (0),1,,13,cupy_copy__float32_float32
3830607230,249501,79902,1,1,1,32,32,1,30,0.000,0.000,,,,,NVIDIA A100-SXM4-40GB MIG 4g.20gb (0),1,,13,"void convert_kernel<__half2, float2>(tensor_layout_any, T1 *, tensor_layout_any, const T2 *)"
3830887130,5408,79905,,,,,,,,,,0.094,17325.421,Pinned,Device,NVIDIA A100-SXM4-40GB MIG 4g.20gb (0),1,,13,[CUDA memcpy Host-to-Device]
3830922586,9216,79906,,,,,,,,,,1.547,167817.984,Device,,NVIDIA A100-SXM4-40GB MIG 4g.20gb (0),1,,13,[CUDA memset]
3830937850,3872,79911,,,,,,,,,,0.031,8082.630,Pinned,Device,NVIDIA A100-SXM4-40GB MIG 4g.20gb (0),1,,13,[CUDA memcpy Host-to-Device]
3830944218,9600,79912,,,,,,,,,,0.197,20479.869,Pinned,Device,NVIDIA A100-SXM4-40GB MIG 4g.20gb (0),1,,13,[CUDA memcpy Host-to-Device]
3830992761,25184,79913,273,1,1,8,4,1,39,0.002,0.000,,,,,NVIDIA A100-SXM4-40GB MIG 4g.20gb (0),1,,13,"void channel_eq::eqMmseCoefCompLowMimoKernel<float, float, float, (unsigned int)4, (unsigned int)1, (unsigned int)4>(const channel_eq::_puschRxChEqStatDescr *, channel_eq::_puschRxChEqCoefCompDynDescr)"
3831045145,20479,79914,273,1,1,12,11,1,51,0.002,0.000,,,,,NVIDIA A100-SXM4-40GB MIG 4g.20gb (0),1,,13,"void channel_eq::eqMmseSoftDemapKernel<float, __half, __half, float, (unsigned int)4, (unsigned short)16383>(channel_eq::_puschRxChEqStatDescr *, channel_eq::_puschRxChEqSoftDemapDynDescr)"
3831107224,440187,79915,1,1,1,32,32,1,30,0.000,0.000,,,,,NVIDIA A100-SXM4-40GB MIG 4g.20gb (0),1,,13,"void convert_kernel<float2, __half2>(tensor_layout_any, T1 *, tensor_layout_any, const T2 *)"
3831617938,16704,79927,2253,1,1,128,1,1,16,0.000,0.000,,,,,NVIDIA A100-SXM4-40GB MIG 4g.20gb (0),1,,13,cupy_copy__float16_float16
3831662641,5632,79936,282,1,1,128,1,1,16,0.000,0.000,,,,,NVIDIA A100-SXM4-40GB MIG 4g.20gb (0),1,,13,cupy_copy__complex64_complex64
3831722897,2944,79945,26,1,1,128,1,1,16,0.000,0.000,,,,,NVIDIA A100-SXM4-40GB MIG 4g.20gb (0),1,,13,cupy_copy__float32_float32
3831759920,10496,79954,103,1,1,128,1,1,16,0.000,0.000,,,,,NVIDIA A100-SXM4-40GB MIG 4g.20gb (0),1,,13,cupy_copy__complex64_complex64
3831772688,12896,79964,1434,1,1,128,1,1,16,0.000,0.000,,,,,NVIDIA A100-SXM4-40GB MIG 4g.20gb (0),1,,13,cupy_copy__complex64_complex64
3831837263,189342,79969,1,1,1,32,32,1,30,0.000,0.000,,,,,NVIDIA A100-SXM4-40GB MIG 4g.20gb (0),1,,13,"void convert_kernel<__half2, float2>(tensor_layout_any, T1 *, tensor_layout_any, const T2 *)"
3832057677,5408,79972,,,,,,,,,,0.094,17325.421,Pinned,Device,NVIDIA A100-SXM4-40GB MIG 4g.20gb (0),1,,13,[CUDA memcpy Host-to-Device]
3832103756,637273,79973,,,,,,,,,,456.561,716344.899,Device,,NVIDIA A100-SXM4-40GB MIG 4g.20gb (0),1,,13,[CUDA memset]
3832748741,53823,79978,,,,,,,,,,1.235,22944.025,Pinned,Device,NVIDIA A100-SXM4-40GB MIG 4g.20gb (0),1,,13,[CUDA memcpy Host-to-Device]
3832806084,9344,79979,,,,,,,,,,0.197,21040.988,Pinned,Device,NVIDIA A100-SXM4-40GB MIG 4g.20gb (0),1,,13,[CUDA memcpy Host-to-Device]
3832910339,18816,79980,69,4,1,48,1,1,76,0.002,0.000,,,,,NVIDIA A100-SXM4-40GB MIG 4g.20gb (0),1,,13,"void ch_est::windowedChEstPreNoDftSOfdmKernel<float, __half, float, (unsigned int)2, (unsigned int)1, (unsigned short)4>(ch_est::puschRxChEstStatDescr_t *, ch_est::puschRxChEstDynDescr_t *)"
3832991426,7168,79981,137,2,1,24,2,1,44,0.001,0.001,,,,,NVIDIA A100-SXM4-40GB MIG 4g.20gb (0),1,,13,"void ch_est::chEstFilterNoDftSOfdmDispatchKernel<float, __half, float, (unsigned int)2>(ch_est::puschRxChEstStatDescr_t *, ch_est::puschRxChEstDynDescr_t *)"
3833028770,14432,79982,137,2,1,24,2,1,44,0.001,0.001,,,,,NVIDIA A100-SXM4-40GB MIG 4g.20gb (0),1,,13,"void ch_est::chEstFilterNoDftSOfdmDispatchKernel<float, __half, float, (unsigned int)2>(ch_est::puschRxChEstStatDescr_t *, ch_est::puschRxChEstDynDescr_t *)"
3833139040,5792,79993,103,1,1,128,1,1,16,0.000,0.000,,,,,NVIDIA A100-SXM4-40GB MIG 4g.20gb (0),1,,13,cupy_copy__complex64_complex64
3833147552,14048,80003,1434,1,1,128,1,1,16,0.000,0.000,,,,,NVIDIA A100-SXM4-40GB MIG 4g.20gb (0),1,,13,cupy_copy__complex64_complex64
3833253247,5664,80010,103,1,1,128,1,1,16,0.000,0.000,,,,,NVIDIA A100-SXM4-40GB MIG 4g.20gb (0),1,,13,cupy_copy__complex64_complex64
3833260479,242237,80017,1,1,1,32,32,1,30,0.000,0.000,,,,,NVIDIA A100-SXM4-40GB MIG 4g.20gb (0),1,,13,"void convert_kernel<__half2, float2>(tensor_layout_any, T1 *, tensor_layout_any, const T2 *)"
3833534940,6080,80020,,,,,,,,,,0.094,15410.462,Pinned,Device,NVIDIA A100-SXM4-40GB MIG 4g.20gb (0),1,,13,[CUDA memcpy Host-to-Device]
3833605019,61023,80021,,,,,,,,,,35.810,586817.159,Device,,NVIDIA A100-SXM4-40GB MIG 4g.20gb (0),1,,13,[CUDA memset]
3833672250,3680,80023,,,,,,,,,,0.000,21.739,Pinned,Device,NVIDIA A100-SXM4-40GB MIG 4g.20gb (0),1,,13,[CUDA memcpy Host-to-Device]
3833678330,9408,80024,,,,,,,,,,0.197,20897.858,Pinned,Device,NVIDIA A100-SXM4-40GB MIG 4g.20gb (0),1,,13,[CUDA memcpy Host-to-Device]
3833791353,17408,80025,273,1,1,48,1,1,40,0.000,0.001,,,,,NVIDIA A100-SXM4-40GB MIG 4g.20gb (0),1,,13,"void pusch_noise_intf_est::noiseIntfEstNoDftSOfdmKernel<float, __half, float, float, (unsigned int)2, (unsigned int)1, (unsigned char)4, (unsigned char)4>(pusch_noise_intf_est::puschRxNoiseIntfEstDynDescr)"
3833834713,8927,80036,35,1,1,128,1,1,16,0.000,0.000,,,,,NVIDIA A100-SXM4-40GB MIG 4g.20gb (0),1,,13,cupy_copy__complex64_complex64
3833850424,2240,80045,1,1,1,1,1,1,18,0.000,0.000,,,,,NVIDIA A100-SXM4-40GB MIG 4g.20gb (0),1,,13,cupy_copy__float32_float32
3833856504,3072,80051,,,,,,,,,,0.000,1.302,Device,Pageable,NVIDIA A100-SXM4-40GB MIG 4g.20gb (0),1,,7,[CUDA memcpy Device-to-Host]
3833940151,19520,80062,1434,1,1,128,1,1,16,0.000,0.000,,,,,NVIDIA A100-SXM4-40GB MIG 4g.20gb (0),1,,13,cupy_copy__complex64_complex64
3834024086,3168,80069,103,1,1,128,1,1,16,0.000,0.000,,,,,NVIDIA A100-SXM4-40GB MIG 4g.20gb (0),1,,13,cupy_copy__complex64_complex64
3834070838,9248,80076,35,1,1,128,1,1,16,0.000,0.000,,,,,NVIDIA A100-SXM4-40GB MIG 4g.20gb (0),1,,13,cupy_copy__complex64_complex64
3834082326,2112,80083,1,1,1,1,1,1,18,0.000,0.000,,,,,NVIDIA A100-SXM4-40GB MIG 4g.20gb (0),1,,13,cupy_copy__float32_float32
3834195092,245790,80094,1,1,1,32,32,1,30,0.000,0.000,,,,,NVIDIA A100-SXM4-40GB MIG 4g.20gb (0),1,,13,"void convert_kernel<__half2, float2>(tensor_layout_any, T1 *, tensor_layout_any, const T2 *)"
3834470545,5376,80097,,,,,,,,,,0.094,17428.487,Pinned,Device,NVIDIA A100-SXM4-40GB MIG 4g.20gb (0),1,,13,[CUDA memcpy Host-to-Device]
3834523537,9023,80098,,,,,,,,,,1.547,171407.698,Device,,NVIDIA A100-SXM4-40GB MIG 4g.20gb (0),1,,13,[CUDA memset]
3834534640,3424,80103,,,,,,,,,,0.031,9140.185,Pinned,Device,NVIDIA A100-SXM4-40GB MIG 4g.20gb (0),1,,13,[CUDA memcpy Host-to-Device]
3834540496,10784,80104,,,,,,,,,,0.197,18231.263,Pinned,Device,NVIDIA A100-SXM4-40GB MIG 4g.20gb (0),1,,13,[CUDA memcpy Host-to-Device]
3834593840,12032,80105,273,1,1,8,4,1,39,0.002,0.000,,,,,NVIDIA A100-SXM4-40GB MIG 4g.20gb (0),1,,13,"void channel_eq::eqMmseCoefCompLowMimoKernel<float, float, float, (unsigned int)4, (unsigned int)1, (unsigned int)4>(const channel_eq::_puschRxChEqStatDescr *, channel_eq::_puschRxChEqCoefCompDynDescr)"
3834646671,22688,80106,273,1,1,12,11,1,51,0.002,0.000,,,,,NVIDIA A100-SXM4-40GB MIG 4g.20gb (0),1,,13,"void channel_eq::eqMmseSoftDemapKernel<float, __half, __half, float, (unsigned int)4, (unsigned short)16383>(channel_eq::_puschRxChEqStatDescr *, channel_eq::_puschRxChEqSoftDemapDynDescr)"
3834710254,444411,80107,1,1,1,32,32,1,30,0.000,0.000,,,,,NVIDIA A100-SXM4-40GB MIG 4g.20gb (0),1,,13,"void convert_kernel<float2, __half2>(tensor_layout_any, T1 *, tensor_layout_any, const T2 *)"
3835176841,24320,80119,2253,1,1,128,1,1,16,0.000,0.000,,,,,NVIDIA A100-SXM4-40GB MIG 4g.20gb (0),1,,13,cupy_copy__float16_float16
3835220329,5216,80128,282,1,1,128,1,1,16,0.000,0.000,,,,,NVIDIA A100-SXM4-40GB MIG 4g.20gb (0),1,,13,cupy_copy__complex64_complex64
3835227848,2368,80137,26,1,1,128,1,1,16,0.000,0.000,,,,,NVIDIA A100-SXM4-40GB MIG 4g.20gb (0),1,,13,cupy_copy__float32_float32
3835284008,3808,80146,103,1,1,128,1,1,16,0.000,0.000,,,,,NVIDIA A100-SXM4-40GB MIG 4g.20gb (0),1,,13,cupy_copy__complex64_complex64
3835338535,19520,80156,1434,1,1,128,1,1,16,0.000,0.000,,,,,NVIDIA A100-SXM4-40GB MIG 4g.20gb (0),1,,13,cupy_copy__complex64_complex64
3835429510,209022,80161,1,1,1,32,32,1,30,0.000,0.000,,,,,NVIDIA A100-SXM4-40GB MIG 4g.20gb (0),1,,13,"void convert_kernel<__half2, float2>(tensor_layout_any, T1 *, tensor_layout_any, const T2 *)"
3835669699,5376,80164,,,,,,,,,,0.094,17428.487,Pinned,Device,NVIDIA A100-SXM4-40GB MIG 4g.20gb (0),1,,13,[CUDA memcpy Host-to-Device]
3835723715,629369,80165,,,,,,,,,,456.561,725019.567,Device,,NVIDIA A100-SXM4-40GB MIG 4g.20gb (0),1,,13,[CUDA memset]
3836359899,54944,80170,,,,,,,,,,1.235,22475.981,Pinned,Device,NVIDIA A100-SXM4-40GB MIG 4g.20gb (0),1,,13,[CUDA memcpy Host-to-Device]
3836417659,9344,80171,,,,,,,,,,0.197,21040.988,Pinned,Device,NVIDIA A100-SXM4-40GB MIG 4g.20gb (0),1,,13,[CUDA memcpy Host-to-Device]
3836523130,19519,80172,69,4,1,48,1,1,76,0.002,0.000,,,,,NVIDIA A100-SXM4-40GB MIG 4g.20gb (0),1,,13,"void ch_est::windowedChEstPreNoDftSOfdmKernel<float, __half, float, (unsigned int)2, (unsigned int)1, (unsigned short)4>(ch_est::puschRxChEstStatDescr_t *, ch_est::puschRxChEstDynDescr_t *)"
3836564089,17696,80173,137,2,1,24,2,1,44,0.001,0.001,,,,,NVIDIA A100-SXM4-40GB MIG 4g.20gb (0),1,,13,"void ch_est::chEstFilterNoDftSOfdmDispatchKernel<float, __half, float, (unsigned int)2>(ch_est::puschRxChEstStatDescr_t *, ch_est::puschRxChEstDynDescr_t *)"
3836632472,6976,80174,137,2,1,24,2,1,44,0.001,0.001,,,,,NVIDIA A100-SXM4-40GB MIG 4g.20gb (0),1,,13,"void ch_est::chEstFilterNoDftSOfdmDispatchKernel<float, __half, float, (unsigned int)2>(ch_est::puschRxChEstStatDescr_t *, ch_est::puschRxChEstDynDescr_t *)"
3836671352,4576,80185,103,1,1,128,1,1,16,0.000,0.000,,,,,NVIDIA A100-SXM4-40GB MIG 4g.20gb (0),1,,13,cupy_copy__complex64_complex64
3836677528,14112,80195,1434,1,1,128,1,1,16,0.000,0.000,,,,,NVIDIA A100-SXM4-40GB MIG 4g.20gb (0),1,,13,cupy_copy__complex64_complex64
3836693368,2496,80202,103,1,1,128,1,1,16,0.000,0.000,,,,,NVIDIA A100-SXM4-40GB MIG 4g.20gb (0),1,,13,cupy_copy__complex64_complex64
3836715895,210430,80209,1,1,1,32,32,1,30,0.000,0.000,,,,,NVIDIA A100-SXM4-40GB MIG 4g.20gb (0),1,,13,"void convert_kernel<__half2, float2>(tensor_layout_any, T1 *, tensor_layout_any, const T2 *)"
3836964565,5759,80212,,,,,,,,,,0.094,16269.467,Pinned,Device,NVIDIA A100-SXM4-40GB MIG 4g.20gb (0),1,,13,[CUDA memcpy Host-to-Device]
3837058227,64224,80213,,,,,,,,,,35.810,557560.454,Device,,NVIDIA A100-SXM4-40GB MIG 4g.20gb (0),1,,13,[CUDA memset]
3837123283,2208,80215,,,,,,,,,,0.000,36.232,Pinned,Device,NVIDIA A100-SXM4-40GB MIG 4g.20gb (0),1,,13,[CUDA memcpy Host-to-Device]
3837127923,12704,80216,,,,,,,,,,0.197,15475.999,Pinned,Device,NVIDIA A100-SXM4-40GB MIG 4g.20gb (0),1,,13,[CUDA memcpy Host-to-Device]
3837251537,17088,80217,273,1,1,48,1,1,40,0.000,0.001,,,,,NVIDIA A100-SXM4-40GB MIG 4g.20gb (0),1,,13,"void pusch_noise_intf_est::noiseIntfEstNoDftSOfdmKernel<float, __half, float, float, (unsigned int)2, (unsigned int)1, (unsigned char)4, (unsigned char)4>(pusch_noise_intf_est::puschRxNoiseIntfEstDynDescr)"
3837292689,7648,80228,35,1,1,128,1,1,16,0.000,0.000,,,,,NVIDIA A100-SXM4-40GB MIG 4g.20gb (0),1,,13,cupy_copy__complex64_complex64
3837302321,1952,80237,1,1,1,1,1,1,18,0.000,0.000,,,,,NVIDIA A100-SXM4-40GB MIG 4g.20gb (0),1,,13,cupy_copy__float32_float32
3837307025,2016,80243,,,,,,,,,,0.000,1.984,Device,Pageable,NVIDIA A100-SXM4-40GB MIG 4g.20gb (0),1,,7,[CUDA memcpy Device-to-Host]
3837411343,14528,80254,1434,1,1,128,1,1,16,0.000,0.000,,,,,NVIDIA A100-SXM4-40GB MIG 4g.20gb (0),1,,13,cupy_copy__complex64_complex64
3837499246,3488,80261,103,1,1,128,1,1,16,0.000,0.000,,,,,NVIDIA A100-SXM4-40GB MIG 4g.20gb (0),1,,13,cupy_copy__complex64_complex64
3837539214,7776,80268,35,1,1,128,1,1,16,0.000,0.000,,,,,NVIDIA A100-SXM4-40GB MIG 4g.20gb (0),1,,13,cupy_copy__complex64_complex64
3837549710,1920,80275,1,1,1,1,1,1,18,0.000,0.000,,,,,NVIDIA A100-SXM4-40GB MIG 4g.20gb (0),1,,13,cupy_copy__float32_float32
3837665260,251102,80286,1,1,1,32,32,1,30,0.000,0.000,,,,,NVIDIA A100-SXM4-40GB MIG 4g.20gb (0),1,,13,"void convert_kernel<__half2, float2>(tensor_layout_any, T1 *, tensor_layout_any, const T2 *)"
3837945193,5376,80289,,,,,,,,,,0.094,17428.487,Pinned,Device,NVIDIA A100-SXM4-40GB MIG 4g.20gb (0),1,,13,[CUDA memcpy Host-to-Device]
3838013480,9824,80290,,,,,,,,,,1.547,157432.404,Device,,NVIDIA A100-SXM4-40GB MIG 4g.20gb (0),1,,13,[CUDA memset]
3838029960,3680,80295,,,,,,,,,,0.031,8504.344,Pinned,Device,NVIDIA A100-SXM4-40GB MIG 4g.20gb (0),1,,13,[CUDA memcpy Host-to-Device]
3838036104,9472,80296,,,,,,,,,,0.197,20756.693,Pinned,Device,NVIDIA A100-SXM4-40GB MIG 4g.20gb (0),1,,13,[CUDA memcpy Host-to-Device]
3838083880,23423,80297,273,1,1,8,4,1,39,0.002,0.000,,,,,NVIDIA A100-SXM4-40GB MIG 4g.20gb (0),1,,13,"void channel_eq::eqMmseCoefCompLowMimoKernel<float, float, float, (unsigned int)4, (unsigned int)1, (unsigned int)4>(const channel_eq::_puschRxChEqStatDescr *, channel_eq::_puschRxChEqCoefCompDynDescr)"
3838136679,26848,80298,273,1,1,12,11,1,51,0.002,0.000,,,,,NVIDIA A100-SXM4-40GB MIG 4g.20gb (0),1,,13,"void channel_eq::eqMmseSoftDemapKernel<float, __half, __half, float, (unsigned int)4, (unsigned short)16383>(channel_eq::_puschRxChEqStatDescr *, channel_eq::_puschRxChEqSoftDemapDynDescr)"
3838212550,466683,80299,1,1,1,32,32,1,30,0.000,0.000,,,,,NVIDIA A100-SXM4-40GB MIG 4g.20gb (0),1,,13,"void convert_kernel<float2, __half2>(tensor_layout_any, T1 *, tensor_layout_any, const T2 *)"
3838747424,16032,80311,2253,1,1,128,1,1,16,0.000,0.000,,,,,NVIDIA A100-SXM4-40GB MIG 4g.20gb (0),1,,13,cupy_copy__float16_float16
3838765568,4160,80320,282,1,1,128,1,1,16,0.000,0.000,,,,,NVIDIA A100-SXM4-40GB MIG 4g.20gb (0),1,,13,cupy_copy__complex64_complex64
3838786784,4160,80329,26,1,1,128,1,1,16,0.000,0.000,,,,,NVIDIA A100-SXM4-40GB MIG 4g.20gb (0),1,,13,cupy_copy__float32_float32
3838847295,4416,80338,103,1,1,128,1,1,16,0.000,0.000,,,,,NVIDIA A100-SXM4-40GB MIG 4g.20gb (0),1,,13,cupy_copy__complex64_complex64
3838912318,17280,80348,1434,1,1,128,1,1,16,0.000,0.000,,,,,NVIDIA A100-SXM4-40GB MIG 4g.20gb (0),1,,13,cupy_copy__complex64_complex64
3838986429,203198,80353,1,1,1,32,32,1,30,0.000,0.000,,,,,NVIDIA A100-SXM4-40GB MIG 4g.20gb (0),1,,13,"void convert_kernel<__half2, float2>(tensor_layout_any, T1 *, tensor_layout_any, const T2 *)"
3839218555,5408,80356,,,,,,,,,,0.094,17325.421,Pinned,Device,NVIDIA A100-SXM4-40GB MIG 4g.20gb (0),1,,13,[CUDA memcpy Host-to-Device]
3839309370,630904,80357,,,,,,,,,,456.561,723649.882,Device,,NVIDIA A100-SXM4-40GB MIG 4g.20gb (0),1,,13,[CUDA memset]
3839946610,53760,80362,,,,,,,,,,1.235,22971.193,Pinned,Device,NVIDIA A100-SXM4-40GB MIG 4g.20gb (0),1,,13,[CUDA memcpy Host-to-Device]
3840003890,9311,80363,,,,,,,,,,0.197,21115.503,Pinned,Device,NVIDIA A100-SXM4-40GB MIG 4g.20gb (0),1,,13,[CUDA memcpy Host-to-Device]
3840107856,16416,80364,69,4,1,48,1,1,76,0.002,0.000,,,,,NVIDIA A100-SXM4-40GB MIG 4g.20gb (0),1,,13,"void ch_est::windowedChEstPreNoDftSOfdmKernel<float, __half, float, (unsigned int)2, (unsigned int)1, (unsigned short)4>(ch_est::puschRxChEstStatDescr_t *, ch_est::puschRxChEstDynDescr_t *)"
3840126352,8576,80365,137,2,1,24,2,1,44,0.001,0.001,,,,,NVIDIA A100-SXM4-40GB MIG 4g.20gb (0),1,,13,"void ch_est::chEstFilterNoDftSOfdmDispatchKernel<float, __half, float, (unsigned int)2>(ch_est::puschRxChEstStatDescr_t *, ch_est::puschRxChEstDynDescr_t *)"
3840144944,21120,80366,137,2,1,24,2,1,44,0.001,0.001,,,,,NVIDIA A100-SXM4-40GB MIG 4g.20gb (0),1,,13,"void ch_est::chEstFilterNoDftSOfdmDispatchKernel<float, __half, float, (unsigned int)2>(ch_est::puschRxChEstStatDescr_t *, ch_est::puschRxChEstDynDescr_t *)"
3840225135,3168,80377,103,1,1,128,1,1,16,0.000,0.000,,,,,NVIDIA A100-SXM4-40GB MIG 4g.20gb (0),1,,13,cupy_copy__complex64_complex64
3840267855,17215,80387,1434,1,1,128,1,1,16,0.000,0.000,,,,,NVIDIA A100-SXM4-40GB MIG 4g.20gb (0),1,,13,cupy_copy__complex64_complex64
3840343822,3872,80394,103,1,1,128,1,1,16,0.000,0.000,,,,,NVIDIA A100-SXM4-40GB MIG 4g.20gb (0),1,,13,cupy_copy__complex64_complex64
3840386509,246109,80401,1,1,1,32,32,1,30,0.000,0.000,,,,,NVIDIA A100-SXM4-40GB MIG 4g.20gb (0),1,,13,"void convert_kernel<__half2, float2>(tensor_layout_any, T1 *, tensor_layout_any, const T2 *)"
3840663530,5376,80404,,,,,,,,,,0.094,17428.487,Pinned,Device,NVIDIA A100-SXM4-40GB MIG 4g.20gb (0),1,,13,[CUDA memcpy Host-to-Device]
3840738953,61375,80405,,,,,,,,,,35.810,583451.027,Device,,NVIDIA A100-SXM4-40GB MIG 4g.20gb (0),1,,13,[CUDA memset]
3840802024,3168,80407,,,,,,,,,,0.000,25.252,Pinned,Device,NVIDIA A100-SXM4-40GB MIG 4g.20gb (0),1,,13,[CUDA memcpy Host-to-Device]
3840809256,9440,80408,,,,,,,,,,0.197,20827.079,Pinned,Device,NVIDIA A100-SXM4-40GB MIG 4g.20gb (0),1,,13,[CUDA memcpy Host-to-Device]
3840912551,16288,80409,273,1,1,48,1,1,40,0.000,0.001,,,,,NVIDIA A100-SXM4-40GB MIG 4g.20gb (0),1,,13,"void pusch_noise_intf_est::noiseIntfEstNoDftSOfdmKernel<float, __half, float, float, (unsigned int)2, (unsigned int)1, (unsigned char)4, (unsigned char)4>(pusch_noise_intf_est::puschRxNoiseIntfEstDynDescr)"
3840952871,6560,80420,35,1,1,128,1,1,16,0.000,0.000,,,,,NVIDIA A100-SXM4-40GB MIG 4g.20gb (0),1,,13,cupy_copy__complex64_complex64
3840961127,1984,80429,1,1,1,1,1,1,18,0.000,0.000,,,,,NVIDIA A100-SXM4-40GB MIG 4g.20gb (0),1,,13,cupy_copy__float32_float32
3840966759,2111,80435,,,,,,,,,,0.000,1.895,Device,Pageable,NVIDIA A100-SXM4-40GB MIG 4g.20gb (0),1,,7,[CUDA memcpy Device-to-Host]
3841064549,17728,80446,1434,1,1,128,1,1,16,0.000,0.000,,,,,NVIDIA A100-SXM4-40GB MIG 4g.20gb (0),1,,13,cupy_copy__complex64_complex64
3841084261,3200,80453,103,1,1,128,1,1,16,0.000,0.000,,,,,NVIDIA A100-SXM4-40GB MIG 4g.20gb (0),1,,13,cupy_copy__complex64_complex64
3841160196,5952,80460,35,1,1,128,1,1,16,0.000,0.000,,,,,NVIDIA A100-SXM4-40GB MIG 4g.20gb (0),1,,13,cupy_copy__complex64_complex64
3841196356,3712,80467,1,1,1,1,1,1,18,0.000,0.000,,,,,NVIDIA A100-SXM4-40GB MIG 4g.20gb (0),1,,13,cupy_copy__float32_float32
3841299299,247357,80478,1,1,1,32,32,1,30,0.000,0.000,,,,,NVIDIA A100-SXM4-40GB MIG 4g.20gb (0),1,,13,"void convert_kernel<__half2, float2>(tensor_layout_any, T1 *, tensor_layout_any, const T2 *)"
3841576704,5375,80481,,,,,,,,,,0.094,17431.766,Pinned,Device,NVIDIA A100-SXM4-40GB MIG 4g.20gb (0),1,,13,[CUDA memcpy Host-to-Device]
3841681150,11296,80482,,,,,,,,,,1.547,136916.436,Device,,NVIDIA A100-SXM4-40GB MIG 4g.20gb (0),1,,13,[CUDA memset]
3841700286,3264,80487,,,,,,,,,,0.031,9588.218,Pinned,Device,NVIDIA A100-SXM4-40GB MIG 4g.20gb (0),1,,13,[CUDA memcpy Host-to-Device]
3841705950,10048,80488,,,,,,,,,,0.197,19566.821,Pinned,Device,NVIDIA A100-SXM4-40GB MIG 4g.20gb (0),1,,13,[CUDA memcpy Host-to-Device]
3841776861,23328,80489,273,1,1,8,4,1,39,0.002,0.000,,,,,NVIDIA A100-SXM4-40GB MIG 4g.20gb (0),1,,13,"void channel_eq::eqMmseCoefCompLowMimoKernel<float, float, float, (unsigned int)4, (unsigned int)1, (unsigned int)4>(const channel_eq::_puschRxChEqStatDescr *, channel_eq::_puschRxChEqCoefCompDynDescr)"
3841801437,8384,80490,273,1,1,12,11,1,51,0.002,0.000,,,,,NVIDIA A100-SXM4-40GB MIG 4g.20gb (0),1,,13,"void channel_eq::eqMmseSoftDemapKernel<float, __half, __half, float, (unsigned int)4, (unsigned short)16383>(channel_eq::_puschRxChEqStatDescr *, channel_eq::_puschRxChEqSoftDemapDynDescr)"
3841892060,591577,80491,1,1,1,32,32,1,30,0.000,0.000,,,,,NVIDIA A100-SXM4-40GB MIG 4g.20gb (0),1,,13,"void convert_kernel<float2, __half2>(tensor_layout_any, T1 *, tensor_layout_any, const T2 *)"
3842497333,16896,80503,2253,1,1,128,1,1,16,0.000,0.000,,,,,NVIDIA A100-SXM4-40GB MIG 4g.20gb (0),1,,13,cupy_copy__float16_float16
3842517173,3456,80512,282,1,1,128,1,1,16,0.000,0.000,,,,,NVIDIA A100-SXM4-40GB MIG 4g.20gb (0),1,,13,cupy_copy__complex64_complex64
3842609556,3424,80521,26,1,1,128,1,1,16,0.000,0.000,,,,,NVIDIA A100-SXM4-40GB MIG 4g.20gb (0),1,,13,cupy_copy__float32_float32
3842643443,8448,80530,103,1,1,128,1,1,16,0.000,0.000,,,,,NVIDIA A100-SXM4-40GB MIG 4g.20gb (0),1,,13,cupy_copy__complex64_complex64
3842662003,14400,80540,1434,1,1,128,1,1,16,0.000,0.000,,,,,NVIDIA A100-SXM4-40GB MIG 4g.20gb (0),1,,13,cupy_copy__complex64_complex64
3842766386,247613,80545,1,1,1,32,32,1,30,0.000,0.000,,,,,NVIDIA A100-SXM4-40GB MIG 4g.20gb (0),1,,13,"void convert_kernel<__half2, float2>(tensor_layout_any, T1 *, tensor_layout_any, const T2 *)"
3843042799,5728,80548,,,,,,,,,,0.094,16357.541,Pinned,Device,NVIDIA A100-SXM4-40GB MIG 4g.20gb (0),1,,13,[CUDA memcpy Host-to-Device]
3843134862,628280,80549,,,,,,,,,,456.561,726389.251,Device,,NVIDIA A100-SXM4-40GB MIG 4g.20gb (0),1,,13,[CUDA memset]
3843765862,50528,80554,,,,,,,,,,1.235,24440.777,Pinned,Device,NVIDIA A100-SXM4-40GB MIG 4g.20gb (0),1,,13,[CUDA memcpy Host-to-Device]
3843820294,9536,80555,,,,,,,,,,0.197,20617.298,Pinned,Device,NVIDIA A100-SXM4-40GB MIG 4g.20gb (0),1,,13,[CUDA memcpy Host-to-Device]
3843898565,18912,80556,69,4,1,48,1,1,76,0.002,0.000,,,,,NVIDIA A100-SXM4-40GB MIG 4g.20gb (0),1,,13,"void ch_est::windowedChEstPreNoDftSOfdmKernel<float, __half, float, (unsigned int)2, (unsigned int)1, (unsigned short)4>(ch_est::puschRxChEstStatDescr_t *, ch_est::puschRxChEstDynDescr_t *)"
3843918949,10015,80557,137,2,1,24,2,1,44,0.001,0.001,,,,,NVIDIA A100-SXM4-40GB MIG 4g.20gb (0),1,,13,"void ch_est::chEstFilterNoDftSOfdmDispatchKernel<float, __half, float, (unsigned int)2>(ch_est::puschRxChEstStatDescr_t *, ch_est::puschRxChEstDynDescr_t *)"
3844012388,11871,80558,137,2,1,24,2,1,44,0.001,0.001,,,,,NVIDIA A100-SXM4-40GB MIG 4g.20gb (0),1,,13,"void ch_est::chEstFilterNoDftSOfdmDispatchKernel<float, __half, float, (unsigned int)2>(ch_est::puschRxChEstStatDescr_t *, ch_est::puschRxChEstDynDescr_t *)"
3844044643,5888,80569,103,1,1,128,1,1,16,0.000,0.000,,,,,NVIDIA A100-SXM4-40GB MIG 4g.20gb (0),1,,13,cupy_copy__complex64_complex64
3844052483,14336,80579,1434,1,1,128,1,1,16,0.000,0.000,,,,,NVIDIA A100-SXM4-40GB MIG 4g.20gb (0),1,,13,cupy_copy__complex64_complex64
3844123778,3232,80586,103,1,1,128,1,1,16,0.000,0.000,,,,,NVIDIA A100-SXM4-40GB MIG 4g.20gb (0),1,,13,cupy_copy__complex64_complex64
3844167138,244477,80593,1,1,1,32,32,1,30,0.000,0.000,,,,,NVIDIA A100-SXM4-40GB MIG 4g.20gb (0),1,,13,"void convert_kernel<__half2, float2>(tensor_layout_any, T1 *, tensor_layout_any, const T2 *)"
3844445503,6207,80596,,,,,,,,,,0.094,15095.175,Pinned,Device,NVIDIA A100-SXM4-40GB MIG 4g.20gb (0),1,,13,[CUDA memcpy Host-to-Device]
3844515422,58207,80597,,,,,,,,,,35.810,615214.426,Device,,NVIDIA A100-SXM4-40GB MIG 4g.20gb (0),1,,13,[CUDA memset]
3844576189,2080,80599,,,,,,,,,,0.000,38.462,Pinned,Device,NVIDIA A100-SXM4-40GB MIG 4g.20gb (0),1,,13,[CUDA memcpy Host-to-Device]
3844582941,9312,80600,,,,,,,,,,0.197,21113.340,Pinned,Device,NVIDIA A100-SXM4-40GB MIG 4g.20gb (0),1,,13,[CUDA memcpy Host-to-Device]
3844709659,23008,80601,273,1,1,48,1,1,40,0.000,0.001,,,,,NVIDIA A100-SXM4-40GB MIG 4g.20gb (0),1,,13,"void pusch_noise_intf_est::noiseIntfEstNoDftSOfdmKernel<float, __half, float, float, (unsigned int)2, (unsigned int)1, (unsigned char)4, (unsigned char)4>(pusch_noise_intf_est::puschRxNoiseIntfEstDynDescr)"
3844811066,7200,80612,35,1,1,128,1,1,16,0.000,0.000,,,,,NVIDIA A100-SXM4-40GB MIG 4g.20gb (0),1,,13,cupy_copy__complex64_complex64
3844819866,2496,80621,1,1,1,1,1,1,18,0.000,0.000,,,,,NVIDIA A100-SXM4-40GB MIG 4g.20gb (0),1,,13,cupy_copy__float32_float32
3844827546,1600,80627,,,,,,,,,,0.000,2.500,Device,Pageable,NVIDIA A100-SXM4-40GB MIG 4g.20gb (0),1,,7,[CUDA memcpy Device-to-Host]
3844908793,17440,80638,1434,1,1,128,1,1,16,0.000,0.000,,,,,NVIDIA A100-SXM4-40GB MIG 4g.20gb (0),1,,13,cupy_copy__complex64_complex64
3844934425,4768,80645,103,1,1,128,1,1,16,0.000,0.000,,,,,NVIDIA A100-SXM4-40GB MIG 4g.20gb (0),1,,13,cupy_copy__complex64_complex64
3845045144,6112,80652,35,1,1,128,1,1,16,0.000,0.000,,,,,NVIDIA A100-SXM4-40GB MIG 4g.20gb (0),1,,13,cupy_copy__complex64_complex64
3845111063,2784,80659,1,1,1,1,1,1,18,0.000,0.000,,,,,NVIDIA A100-SXM4-40GB MIG 4g.20gb (0),1,,13,cupy_copy__float32_float32
3845152118,251870,80670,1,1,1,32,32,1,30,0.000,0.000,,,,,NVIDIA A100-SXM4-40GB MIG 4g.20gb (0),1,,13,"void convert_kernel<__half2, float2>(tensor_layout_any, T1 *, tensor_layout_any, const T2 *)"
3845434035,6112,80673,,,,,,,,,,0.094,15329.790,Pinned,Device,NVIDIA A100-SXM4-40GB MIG 4g.20gb (0),1,,13,[CUDA memcpy Host-to-Device]
3845471059,6144,80674,,,,,,,,,,1.547,251728.522,Device,,NVIDIA A100-SXM4-40GB MIG 4g.20gb (0),1,,13,[CUDA memset]
3845482867,3296,80679,,,,,,,,,,0.031,9495.144,Pinned,Device,NVIDIA A100-SXM4-40GB MIG 4g.20gb (0),1,,13,[CUDA memcpy Host-to-Device]
3845488851,10111,80680,,,,,,,,,,0.197,19444.924,Pinned,Device,NVIDIA A100-SXM4-40GB MIG 4g.20gb (0),1,,13,[CUDA memcpy Host-to-Device]
3845534418,16096,80681,273,1,1,8,4,1,39,0.002,0.000,,,,,NVIDIA A100-SXM4-40GB MIG 4g.20gb (0),1,,13,"void channel_eq::eqMmseCoefCompLowMimoKernel<float, float, float, (unsigned int)4, (unsigned int)1, (unsigned int)4>(const channel_eq::_puschRxChEqStatDescr *, channel_eq::_puschRxChEqCoefCompDynDescr)"
3845583825,22656,80682,273,1,1,12,11,1,51,0.002,0.000,,,,,NVIDIA A100-SXM4-40GB MIG 4g.20gb (0),1,,13,"void channel_eq::eqMmseSoftDemapKernel<float, __half, __half, float, (unsigned int)4, (unsigned short)16383>(channel_eq::_puschRxChEqStatDescr *, channel_eq::_puschRxChEqSoftDemapDynDescr)"
3845652433,438683,80683,1,1,1,32,32,1,30,0.000,0.000,,,,,NVIDIA A100-SXM4-40GB MIG 4g.20gb (0),1,,13,"void convert_kernel<float2, __half2>(tensor_layout_any, T1 *, tensor_layout_any, const T2 *)"
3846153387,13120,80695,2253,1,1,128,1,1,16,0.000,0.000,,,,,NVIDIA A100-SXM4-40GB MIG 4g.20gb (0),1,,13,cupy_copy__float16_float16
3846197706,6752,80704,282,1,1,128,1,1,16,0.000,0.000,,,,,NVIDIA A100-SXM4-40GB MIG 4g.20gb (0),1,,13,cupy_copy__complex64_complex64
3846267114,5952,80713,26,1,1,128,1,1,16,0.000,0.000,,,,,NVIDIA A100-SXM4-40GB MIG 4g.20gb (0),1,,13,cupy_copy__float32_float32
3846305577,7520,80722,103,1,1,128,1,1,16,0.000,0.000,,,,,NVIDIA A100-SXM4-40GB MIG 4g.20gb (0),1,,13,cupy_copy__complex64_complex64
3846314665,15264,80732,1434,1,1,128,1,1,16,0.000,0.000,,,,,NVIDIA A100-SXM4-40GB MIG 4g.20gb (0),1,,13,cupy_copy__complex64_complex64
3846391112,183006,80737,1,1,1,32,32,1,30,0.000,0.000,,,,,NVIDIA A100-SXM4-40GB MIG 4g.20gb (0),1,,13,"void convert_kernel<__half2, float2>(tensor_layout_any, T1 *, tensor_layout_any, const T2 *)"
3846607910,5536,80740,,,,,,,,,,0.094,16924.777,Pinned,Device,NVIDIA A100-SXM4-40GB MIG 4g.20gb (0),1,,13,[CUDA memcpy Host-to-Device]
3846656069,627929,80741,,,,,,,,,,456.561,726845.812,Device,,NVIDIA A100-SXM4-40GB MIG 4g.20gb (0),1,,13,[CUDA memset]
3847293374,53279,80746,,,,,,,,,,1.235,23178.664,Pinned,Device,NVIDIA A100-SXM4-40GB MIG 4g.20gb (0),1,,13,[CUDA memcpy Host-to-Device]
3847349149,10048,80747,,,,,,,,,,0.197,19566.821,Pinned,Device,NVIDIA A100-SXM4-40GB MIG 4g.20gb (0),1,,13,[CUDA memcpy Host-to-Device]
3847455036,20288,80748,69,4,1,48,1,1,76,0.002,0.000,,,,,NVIDIA A100-SXM4-40GB MIG 4g.20gb (0),1,,13,"void ch_est::windowedChEstPreNoDftSOfdmKernel<float, __half, float, (unsigned int)2, (unsigned int)1, (unsigned short)4>(ch_est::puschRxChEstStatDescr_t *, ch_est::puschRxChEstDynDescr_t *)"
3847533819,7584,80749,137,2,1,24,2,1,44,0.001,0.001,,,,,NVIDIA A100-SXM4-40GB MIG 4g.20gb (0),1,,13,"void ch_est::chEstFilterNoDftSOfdmDispatchKernel<float, __half, float, (unsigned int)2>(ch_est::puschRxChEstStatDescr_t *, ch_est::puschRxChEstDynDescr_t *)"
3847571195,13759,80750,137,2,1,24,2,1,44,0.001,0.001,,,,,NVIDIA A100-SXM4-40GB MIG 4g.20gb (0),1,,13,"void ch_est::chEstFilterNoDftSOfdmDispatchKernel<float, __half, float, (unsigned int)2>(ch_est::puschRxChEstStatDescr_t *, ch_est::puschRxChEstDynDescr_t *)"
3847586938,2752,80761,103,1,1,128,1,1,16,0.000,0.000,,,,,NVIDIA A100-SXM4-40GB MIG 4g.20gb (0),1,,13,cupy_copy__complex64_complex64
3847608410,14208,80771,1434,1,1,128,1,1,16,0.000,0.000,,,,,NVIDIA A100-SXM4-40GB MIG 4g.20gb (0),1,,13,cupy_copy__complex64_complex64
3847679961,3904,80778,103,1,1,128,1,1,16,0.000,0.000,,,,,NVIDIA A100-SXM4-40GB MIG 4g.20gb (0),1,,13,cupy_copy__complex64_complex64
3847726713,244605,80785,1,1,1,32,32,1,30,0.000,0.000,,,,,NVIDIA A100-SXM4-40GB MIG 4g.20gb (0),1,,13,"void convert_kernel<__half2, float2>(tensor_layout_any, T1 *, tensor_layout_any, const T2 *)"
3848000438,5376,80788,,,,,,,,,,0.094,17428.487,Pinned,Device,NVIDIA A100-SXM4-40GB MIG 4g.20gb (0),1,,13,[CUDA memcpy Host-to-Device]
3848081845,57311,80789,,,,,,,,,,35.810,624811.484,Device,,NVIDIA A100-SXM4-40GB MIG 4g.20gb (0),1,,13,[CUDA memset]
3848145172,1824,80791,,,,,,,,,,0.000,43.860,Pinned,Device,NVIDIA A100-SXM4-40GB MIG 4g.20gb (0),1,,13,[CUDA memcpy Host-to-Device]
3848151412,9344,80792,,,,,,,,,,0.197,21040.988,Pinned,Device,NVIDIA A100-SXM4-40GB MIG 4g.20gb (0),1,,13,[CUDA memcpy Host-to-Device]
3848178452,10592,80793,273,1,1,48,1,1,40,0.000,0.001,,,,,NVIDIA A100-SXM4-40GB MIG 4g.20gb (0),1,,13,"void pusch_noise_intf_est::noiseIntfEstNoDftSOfdmKernel<float, __half, float, float, (unsigned int)2, (unsigned int)1, (unsigned char)4, (unsigned char)4>(pusch_noise_intf_est::puschRxNoiseIntfEstDynDescr)"
3848312274,5920,80804,35,1,1,128,1,1,16,0.000,0.000,,,,,NVIDIA A100-SXM4-40GB MIG 4g.20gb (0),1,,13,cupy_copy__complex64_complex64
3848320114,2240,80813,1,1,1,1,1,1,18,0.000,0.000,,,,,NVIDIA A100-SXM4-40GB MIG 4g.20gb (0),1,,13,cupy_copy__float32_float32
3848323506,1568,80819,,,,,,,,,,0.000,2.551,Device,Pageable,NVIDIA A100-SXM4-40GB MIG 4g.20gb (0),1,,7,[CUDA memcpy Device-to-Host]
3848428145,18688,80830,1434,1,1,128,1,1,16,0.000,0.000,,,,,NVIDIA A100-SXM4-40GB MIG 4g.20gb (0),1,,13,cupy_copy__complex64_complex64
3848505872,4032,80837,103,1,1,128,1,1,16,0.000,0.000,,,,,NVIDIA A100-SXM4-40GB MIG 4g.20gb (0),1,,13,cupy_copy__complex64_complex64
3848548687,6464,80844,35,1,1,128,1,1,16,0.000,0.000,,,,,NVIDIA A100-SXM4-40GB MIG 4g.20gb (0),1,,13,cupy_copy__complex64_complex64
3848556687,2080,80851,1,1,1,1,1,1,18,0.000,0.000,,,,,NVIDIA A100-SXM4-40GB MIG 4g.20gb (0),1,,13,cupy_copy__float32_float32
3848657966,235421,80862,1,1,1,32,32,1,30,0.000,0.000,,,,,NVIDIA A100-SXM4-40GB MIG 4g.20gb (0),1,,13,"void convert_kernel<__half2, float2>(tensor_layout_any, T1 *, tensor_layout_any, const T2 *)"
3848922507,7072,80865,,,,,,,,,,0.094,13248.802,Pinned,Device,NVIDIA A100-SXM4-40GB MIG 4g.20gb (0),1,,13,[CUDA memcpy Host-to-Device]
3848984586,6944,80866,,,,,,,,,,1.547,222727.776,Device,,NVIDIA A100-SXM4-40GB MIG 4g.20gb (0),1,,13,[CUDA memset]
3848999242,3008,80871,,,,,,,,,,0.031,10404.230,Pinned,Device,NVIDIA A100-SXM4-40GB MIG 4g.20gb (0),1,,13,[CUDA memcpy Host-to-Device]
3849004874,9440,80872,,,,,,,,,,0.197,20827.079,Pinned,Device,NVIDIA A100-SXM4-40GB MIG 4g.20gb (0),1,,13,[CUDA memcpy Host-to-Device]
3849056810,15935,80873,273,1,1,8,4,1,39,0.002,0.000,,,,,NVIDIA A100-SXM4-40GB MIG 4g.20gb (0),1,,13,"void channel_eq::eqMmseCoefCompLowMimoKernel<float, float, float, (unsigned int)4, (unsigned int)1, (unsigned int)4>(const channel_eq::_puschRxChEqStatDescr *, channel_eq::_puschRxChEqCoefCompDynDescr)"
3849108233,20160,80874,273,1,1,12,11,1,51,0.002,0.000,,,,,NVIDIA A100-SXM4-40GB MIG 4g.20gb (0),1,,13,"void channel_eq::eqMmseSoftDemapKernel<float, __half, __half, float, (unsigned int)4, (unsigned short)16383>(channel_eq::_puschRxChEqStatDescr *, channel_eq::_puschRxChEqSoftDemapDynDescr)"
3849172392,616761,80875,1,1,1,32,32,1,30,0.000,0.000,,,,,NVIDIA A100-SXM4-40GB MIG 4g.20gb (0),1,,13,"void convert_kernel<float2, __half2>(tensor_layout_any, T1 *, tensor_layout_any, const T2 *)"
3849826145,16320,80887,2253,1,1,128,1,1,16,0.000,0.000,,,,,NVIDIA A100-SXM4-40GB MIG 4g.20gb (0),1,,13,cupy_copy__float16_float16
3849844032,3488,80896,282,1,1,128,1,1,16,0.000,0.000,,,,,NVIDIA A100-SXM4-40GB MIG 4g.20gb (0),1,,13,cupy_copy__complex64_complex64
3849928064,3071,80905,26,1,1,128,1,1,16,0.000,0.000,,,,,NVIDIA A100-SXM4-40GB MIG 4g.20gb (0),1,,13,cupy_copy__float32_float32
3849964191,8576,80914,103,1,1,128,1,1,16,0.000,0.000,,,,,NVIDIA A100-SXM4-40GB MIG 4g.20gb (0),1,,13,cupy_copy__complex64_complex64
3849974527,15360,80924,1434,1,1,128,1,1,16,0.000,0.000,,,,,NVIDIA A100-SXM4-40GB MIG 4g.20gb (0),1,,13,cupy_copy__complex64_complex64
3850042814,184286,80929,1,1,1,32,32,1,30,0.000,0.000,,,,,NVIDIA A100-SXM4-40GB MIG 4g.20gb (0),1,,13,"void convert_kernel<__half2, float2>(tensor_layout_any, T1 *, tensor_layout_any, const T2 *)"
3850257180,5888,80932,,,,,,,,,,0.094,15912.954,Pinned,Device,NVIDIA A100-SXM4-40GB MIG 4g.20gb (0),1,,13,[CUDA memcpy Host-to-Device]
3850306971,632249,80933,,,,,,,,,,456.561,721823.637,Device,,NVIDIA A100-SXM4-40GB MIG 4g.20gb (0),1,,13,[CUDA memset]
3850947700,52959,80938,,,,,,,,,,1.235,23318.213,Pinned,Device,NVIDIA A100-SXM4-40GB MIG 4g.20gb (0),1,,13,[CUDA memcpy Host-to-Device]
3851003123,9344,80939,,,,,,,,,,0.197,21040.988,Pinned,Device,NVIDIA A100-SXM4-40GB MIG 4g.20gb (0),1,,13,[CUDA memcpy Host-to-Device]
3851104018,18304,80940,69,4,1,48,1,1,76,0.002,0.000,,,,,NVIDIA A100-SXM4-40GB MIG 4g.20gb (0),1,,13,"void ch_est::windowedChEstPreNoDftSOfdmKernel<float, __half, float, (unsigned int)2, (unsigned int)1, (unsigned short)4>(ch_est::puschRxChEstStatDescr_t *, ch_est::puschRxChEstDynDescr_t *)"
3851188753,8448,80941,137,2,1,24,2,1,44,0.001,0.001,,,,,NVIDIA A100-SXM4-40GB MIG 4g.20gb (0),1,,13,"void ch_est::chEstFilterNoDftSOfdmDispatchKernel<float, __half, float, (unsigned int)2>(ch_est::puschRxChEstStatDescr_t *, ch_est::puschRxChEstDynDescr_t *)"
3851225329,14335,80942,137,2,1,24,2,1,44,0.001,0.001,,,,,NVIDIA A100-SXM4-40GB MIG 4g.20gb (0),1,,13,"void ch_est::chEstFilterNoDftSOfdmDispatchKernel<float, __half, float, (unsigned int)2>(ch_est::puschRxChEstStatDescr_t *, ch_est::puschRxChEstDynDescr_t *)"
3851240528,2528,80953,103,1,1,128,1,1,16,0.000,0.000,,,,,NVIDIA A100-SXM4-40GB MIG 4g.20gb (0),1,,13,cupy_copy__complex64_complex64
3851327535,16768,80963,1434,1,1,128,1,1,16,0.000,0.000,,,,,NVIDIA A100-SXM4-40GB MIG 4g.20gb (0),1,,13,cupy_copy__complex64_complex64
3851378575,5312,80970,103,1,1,128,1,1,16,0.000,0.000,,,,,NVIDIA A100-SXM4-40GB MIG 4g.20gb (0),1,,13,cupy_copy__complex64_complex64
3851439822,203518,80977,1,1,1,32,32,1,30,0.000,0.000,,,,,NVIDIA A100-SXM4-40GB MIG 4g.20gb (0),1,,13,"void convert_kernel<__half2, float2>(tensor_layout_any, T1 *, tensor_layout_any, const T2 *)"
3851671787,6624,80980,,,,,,,,,,0.094,14144.910,Pinned,Device,NVIDIA A100-SXM4-40GB MIG 4g.20gb (0),1,,13,[CUDA memcpy Host-to-Device]
3851721227,63135,80981,,,,,,,,,,35.810,567193.323,Device,,NVIDIA A100-SXM4-40GB MIG 4g.20gb (0),1,,13,[CUDA memset]
3851791018,1824,80983,,,,,,,,,,0.000,43.860,Pinned,Device,NVIDIA A100-SXM4-40GB MIG 4g.20gb (0),1,,13,[CUDA memcpy Host-to-Device]
3851796138,9760,80984,,,,,,,,,,0.197,20144.259,Pinned,Device,NVIDIA A100-SXM4-40GB MIG 4g.20gb (0),1,,13,[CUDA memcpy Host-to-Device]
3851908041,21152,80985,273,1,1,48,1,1,40,0.000,0.001,,,,,NVIDIA A100-SXM4-40GB MIG 4g.20gb (0),1,,13,"void pusch_noise_intf_est::noiseIntfEstNoDftSOfdmKernel<float, __half, float, float, (unsigned int)2, (unsigned int)1, (unsigned char)4, (unsigned char)4>(pusch_noise_intf_est::puschRxNoiseIntfEstDynDescr)"
3851944680,12640,80996,35,1,1,128,1,1,16,0.000,0.000,,,,,NVIDIA A100-SXM4-40GB MIG 4g.20gb (0),1,,13,cupy_copy__complex64_complex64
3851958888,1728,81005,1,1,1,1,1,1,18,0.000,0.000,,,,,NVIDIA A100-SXM4-40GB MIG 4g.20gb (0),1,,13,cupy_copy__float32_float32
3851966760,1632,81011,,,,,,,,,,0.000,2.451,Device,Pageable,NVIDIA A100-SXM4-40GB MIG 4g.20gb (0),1,,7,[CUDA memcpy Device-to-Host]
3852052999,20384,81022,1434,1,1,128,1,1,16,0.000,0.000,,,,,NVIDIA A100-SXM4-40GB MIG 4g.20gb (0),1,,13,cupy_copy__complex64_complex64
3852075719,3328,81029,103,1,1,128,1,1,16,0.000,0.000,,,,,NVIDIA A100-SXM4-40GB MIG 4g.20gb (0),1,,13,cupy_copy__complex64_complex64
3852168838,4128,81036,35,1,1,128,1,1,16,0.000,0.000,,,,,NVIDIA A100-SXM4-40GB MIG 4g.20gb (0),1,,13,cupy_copy__complex64_complex64
3852222789,3232,81043,1,1,1,1,1,1,18,0.000,0.000,,,,,NVIDIA A100-SXM4-40GB MIG 4g.20gb (0),1,,13,cupy_copy__float32_float32
3852292324,252061,81054,1,1,1,32,32,1,30,0.000,0.000,,,,,NVIDIA A100-SXM4-40GB MIG 4g.20gb (0),1,,13,"void convert_kernel<__half2, float2>(tensor_layout_any, T1 *, tensor_layout_any, const T2 *)"
3852573857,5376,81057,,,,,,,,,,0.094,17428.487,Pinned,Device,NVIDIA A100-SXM4-40GB MIG 4g.20gb (0),1,,13,[CUDA memcpy Host-to-Device]
3852594337,7968,81058,,,,,,,,,,1.547,194104.405,Device,,NVIDIA A100-SXM4-40GB MIG 4g.20gb (0),1,,13,[CUDA memset]
3852608641,6816,81063,,,,,,,,,,0.031,4591.530,Pinned,Device,NVIDIA A100-SXM4-40GB MIG 4g.20gb (0),1,,13,[CUDA memcpy Host-to-Device]
3852618273,9439,81064,,,,,,,,,,0.197,20829.241,Pinned,Device,NVIDIA A100-SXM4-40GB MIG 4g.20gb (0),1,,13,[CUDA memcpy Host-to-Device]
3852663360,27872,81065,273,1,1,8,4,1,39,0.002,0.000,,,,,NVIDIA A100-SXM4-40GB MIG 4g.20gb (0),1,,13,"void channel_eq::eqMmseCoefCompLowMimoKernel<float, float, float, (unsigned int)4, (unsigned int)1, (unsigned int)4>(const channel_eq::_puschRxChEqStatDescr *, channel_eq::_puschRxChEqCoefCompDynDescr)"
3852715167,30080,81066,273,1,1,12,11,1,51,0.002,0.000,,,,,NVIDIA A100-SXM4-40GB MIG 4g.20gb (0),1,,13,"void channel_eq::eqMmseSoftDemapKernel<float, __half, __half, float, (unsigned int)4, (unsigned short)16383>(channel_eq::_puschRxChEqStatDescr *, channel_eq::_puschRxChEqSoftDemapDynDescr)"
3852795487,464890,81067,1,1,1,32,32,1,30,0.000,0.000,,,,,NVIDIA A100-SXM4-40GB MIG 4g.20gb (0),1,,13,"void convert_kernel<float2, __half2>(tensor_layout_any, T1 *, tensor_layout_any, const T2 *)"
3853299129,20512,81079,2253,1,1,128,1,1,16,0.000,0.000,,,,,NVIDIA A100-SXM4-40GB MIG 4g.20gb (0),1,,13,cupy_copy__float16_float16
3853321785,3263,81088,282,1,1,128,1,1,16,0.000,0.000,,,,,NVIDIA A100-SXM4-40GB MIG 4g.20gb (0),1,,13,cupy_copy__complex64_complex64
3853403832,3136,81097,26,1,1,128,1,1,16,0.000,0.000,,,,,NVIDIA A100-SXM4-40GB MIG 4g.20gb (0),1,,13,cupy_copy__float32_float32
3853439639,8992,81106,103,1,1,128,1,1,16,0.000,0.000,,,,,NVIDIA A100-SXM4-40GB MIG 4g.20gb (0),1,,13,cupy_copy__complex64_complex64
3853450967,13056,81116,1434,1,1,128,1,1,16,0.000,0.000,,,,,NVIDIA A100-SXM4-40GB MIG 4g.20gb (0),1,,13,cupy_copy__complex64_complex64
3853515094,232574,81121,1,1,1,32,32,1,30,0.000,0.000,,,,,NVIDIA A100-SXM4-40GB MIG 4g.20gb (0),1,,13,"void convert_kernel<__half2, float2>(tensor_layout_any, T1 *, tensor_layout_any, const T2 *)"
3853776467,5376,81124,,,,,,,,,,0.094,17428.487,Pinned,Device,NVIDIA A100-SXM4-40GB MIG 4g.20gb (0),1,,13,[CUDA memcpy Host-to-Device]
3853790995,628825,81125,,,,,,,,,,456.561,725932.690,Device,,NVIDIA A100-SXM4-40GB MIG 4g.20gb (0),1,,13,[CUDA memset]
3854424748,54495,81130,,,,,,,,,,1.235,22661.222,Pinned,Device,NVIDIA A100-SXM4-40GB MIG 4g.20gb (0),1,,13,[CUDA memcpy Host-to-Device]
3854482763,10368,81131,,,,,,,,,,0.197,18962.842,Pinned,Device,NVIDIA A100-SXM4-40GB MIG 4g.20gb (0),1,,13,[CUDA memcpy Host-to-Device]
3854593482,16288,81132,69,4,1,48,1,1,76,0.002,0.000,,,,,NVIDIA A100-SXM4-40GB MIG 4g.20gb (0),1,,13,"void ch_est::windowedChEstPreNoDftSOfdmKernel<float, __half, float, (unsigned int)2, (unsigned int)1, (unsigned short)4>(ch_est::puschRxChEstStatDescr_t *, ch_est::puschRxChEstDynDescr_t *)"
3854663785,9120,81133,137,2,1,24,2,1,44,0.001,0.001,,,,,NVIDIA A100-SXM4-40GB MIG 4g.20gb (0),1,,13,"void ch_est::chEstFilterNoDftSOfdmDispatchKernel<float, __half, float, (unsigned int)2>(ch_est::puschRxChEstStatDescr_t *, ch_est::puschRxChEstDynDescr_t *)"
3854702857,13727,81134,137,2,1,24,2,1,44,0.001,0.001,,,,,NVIDIA A100-SXM4-40GB MIG 4g.20gb (0),1,,13,"void ch_est::chEstFilterNoDftSOfdmDispatchKernel<float, __half, float, (unsigned int)2>(ch_est::puschRxChEstStatDescr_t *, ch_est::puschRxChEstDynDescr_t *)"
3854768008,5664,81145,103,1,1,128,1,1,16,0.000,0.000,,,,,NVIDIA A100-SXM4-40GB MIG 4g.20gb (0),1,,13,cupy_copy__complex64_complex64
3854809991,17344,81155,1434,1,1,128,1,1,16,0.000,0.000,,,,,NVIDIA A100-SXM4-40GB MIG 4g.20gb (0),1,,13,cupy_copy__complex64_complex64
3854887847,6527,81162,103,1,1,128,1,1,16,0.000,0.000,,,,,NVIDIA A100-SXM4-40GB MIG 4g.20gb (0),1,,13,cupy_copy__complex64_complex64
3854931110,245181,81169,1,1,1,32,32,1,30,0.000,0.000,,,,,NVIDIA A100-SXM4-40GB MIG 4g.20gb (0),1,,13,"void convert_kernel<__half2, float2>(tensor_layout_any, T1 *, tensor_layout_any, const T2 *)"
3855206307,5376,81172,,,,,,,,,,0.094,17428.487,Pinned,Device,NVIDIA A100-SXM4-40GB MIG 4g.20gb (0),1,,13,[CUDA memcpy Host-to-Device]
3855289314,60767,81173,,,,,,,,,,35.810,589288.044,Device,,NVIDIA A100-SXM4-40GB MIG 4g.20gb (0),1,,13,[CUDA memset]
3855354817,1856,81175,,,,,,,,,,0.000,43.103,Pinned,Device,NVIDIA A100-SXM4-40GB MIG 4g.20gb (0),1,,13,[CUDA memcpy Host-to-Device]
3855362241,9888,81176,,,,,,,,,,0.197,19883.360,Pinned,Device,NVIDIA A100-SXM4-40GB MIG 4g.20gb (0),1,,13,[CUDA memcpy Host-to-Device]
3855462944,19616,81177,273,1,1,48,1,1,40,0.000,0.001,,,,,NVIDIA A100-SXM4-40GB MIG 4g.20gb (0),1,,13,"void pusch_noise_intf_est::noiseIntfEstNoDftSOfdmKernel<float, __half, float, float, (unsigned int)2, (unsigned int)1, (unsigned char)4, (unsigned char)4>(pusch_noise_intf_est::puschRxNoiseIntfEstDynDescr)"
3855500223,13376,81188,35,1,1,128,1,1,16,0.000,0.000,,,,,NVIDIA A100-SXM4-40GB MIG 4g.20gb (0),1,,13,cupy_copy__complex64_complex64
3855515263,1696,81197,1,1,1,1,1,1,18,0.000,0.000,,,,,NVIDIA A100-SXM4-40GB MIG 4g.20gb (0),1,,13,cupy_copy__float32_float32
3855524095,1600,81203,,,,,,,,,,0.000,2.500,Device,Pageable,NVIDIA A100-SXM4-40GB MIG 4g.20gb (0),1,,7,[CUDA memcpy Device-to-Host]
3855629214,15584,81214,1434,1,1,128,1,1,16,0.000,0.000,,,,,NVIDIA A100-SXM4-40GB MIG 4g.20gb (0),1,,13,cupy_copy__complex64_complex64
3855695293,3328,81221,103,1,1,128,1,1,16,0.000,0.000,,,,,NVIDIA A100-SXM4-40GB MIG 4g.20gb (0),1,,13,cupy_copy__complex64_complex64
3855735869,9088,81228,35,1,1,128,1,1,16,0.000,0.000,,,,,NVIDIA A100-SXM4-40GB MIG 4g.20gb (0),1,,13,cupy_copy__complex64_complex64
3855747165,3136,81235,1,1,1,1,1,1,18,0.000,0.000,,,,,NVIDIA A100-SXM4-40GB MIG 4g.20gb (0),1,,13,cupy_copy__float32_float32
3855849883,247998,81246,1,1,1,32,32,1,30,0.000,0.000,,,,,NVIDIA A100-SXM4-40GB MIG 4g.20gb (0),1,,13,"void convert_kernel<__half2, float2>(tensor_layout_any, T1 *, tensor_layout_any, const T2 *)"
3856137624,5696,81249,,,,,,,,,,0.094,16449.363,Pinned,Device,NVIDIA A100-SXM4-40GB MIG 4g.20gb (0),1,,13,[CUDA memcpy Host-to-Device]
3856168088,6016,81250,,,,,,,,,,1.547,257084.481,Device,,NVIDIA A100-SXM4-40GB MIG 4g.20gb (0),1,,13,[CUDA memset]
3856181496,6592,81255,,,,,,,,,,0.031,4747.572,Pinned,Device,NVIDIA A100-SXM4-40GB MIG 4g.20gb (0),1,,13,[CUDA memcpy Host-to-Device]
3856194039,12000,81256,,,,,,,,,,0.197,16383.934,Pinned,Device,NVIDIA A100-SXM4-40GB MIG 4g.20gb (0),1,,13,[CUDA memcpy Host-to-Device]
3856293014,21312,81257,273,1,1,8,4,1,39,0.002,0.000,,,,,NVIDIA A100-SXM4-40GB MIG 4g.20gb (0),1,,13,"void channel_eq::eqMmseCoefCompLowMimoKernel<float, float, float, (unsigned int)4, (unsigned int)1, (unsigned int)4>(const channel_eq::_puschRxChEqStatDescr *, channel_eq::_puschRxChEqCoefCompDynDescr)"
3856368629,11360,81258,273,1,1,12,11,1,51,0.002,0.000,,,,,NVIDIA A100-SXM4-40GB MIG 4g.20gb (0),1,,13,"void channel_eq::eqMmseSoftDemapKernel<float, __half, __half, float, (unsigned int)4, (unsigned short)16383>(channel_eq::_puschRxChEqStatDescr *, channel_eq::_puschRxChEqSoftDemapDynDescr)"
3856407733,605721,81259,1,1,1,32,32,1,30,0.000,0.000,,,,,NVIDIA A100-SXM4-40GB MIG 4g.20gb (0),1,,13,"void convert_kernel<float2, __half2>(tensor_layout_any, T1 *, tensor_layout_any, const T2 *)"
3857054638,22591,81271,2253,1,1,128,1,1,16,0.000,0.000,,,,,NVIDIA A100-SXM4-40GB MIG 4g.20gb (0),1,,13,cupy_copy__float16_float16
3857099565,5952,81280,282,1,1,128,1,1,16,0.000,0.000,,,,,NVIDIA A100-SXM4-40GB MIG 4g.20gb (0),1,,13,cupy_copy__complex64_complex64
3857162188,3168,81289,26,1,1,128,1,1,16,0.000,0.000,,,,,NVIDIA A100-SXM4-40GB MIG 4g.20gb (0),1,,13,cupy_copy__float32_float32
3857200108,10176,81298,103,1,1,128,1,1,16,0.000,0.000,,,,,NVIDIA A100-SXM4-40GB MIG 4g.20gb (0),1,,13,cupy_copy__complex64_complex64
3857212364,13472,81308,1434,1,1,128,1,1,16,0.000,0.000,,,,,NVIDIA A100-SXM4-40GB MIG 4g.20gb (0),1,,13,cupy_copy__complex64_complex64
3857285003,173470,81313,1,1,1,32,32,1,30,0.000,0.000,,,,,NVIDIA A100-SXM4-40GB MIG 4g.20gb (0),1,,13,"void convert_kernel<__half2, float2>(tensor_layout_any, T1 *, tensor_layout_any, const T2 *)"
3857487881,5408,81316,,,,,,,,,,0.094,17325.421,Pinned,Device,NVIDIA A100-SXM4-40GB MIG 4g.20gb (0),1,,13,[CUDA memcpy Host-to-Device]
3857561448,629177,81317,,,,,,,,,,456.561,725476.128,Device,,NVIDIA A100-SXM4-40GB MIG 4g.20gb (0),1,,13,[CUDA memset]
3858192801,50303,81322,,,,,,,,,,1.235,24549.452,Pinned,Device,NVIDIA A100-SXM4-40GB MIG 4g.20gb (0),1,,13,[CUDA memcpy Host-to-Device]
3858246016,9472,81323,,,,,,,,,,0.197,20756.693,Pinned,Device,NVIDIA A100-SXM4-40GB MIG 4g.20gb (0),1,,13,[CUDA memcpy Host-to-Device]
3858366623,17087,81324,69,4,1,48,1,1,76,0.002,0.000,,,,,NVIDIA A100-SXM4-40GB MIG 4g.20gb (0),1,,13,"void ch_est::windowedChEstPreNoDftSOfdmKernel<float, __half, float, (unsigned int)2, (unsigned int)1, (unsigned short)4>(ch_est::puschRxChEstStatDescr_t *, ch_est::puschRxChEstDynDescr_t *)"
3858441150,8416,81325,137,2,1,24,2,1,44,0.001,0.001,,,,,NVIDIA A100-SXM4-40GB MIG 4g.20gb (0),1,,13,"void ch_est::chEstFilterNoDftSOfdmDispatchKernel<float, __half, float, (unsigned int)2>(ch_est::puschRxChEstStatDescr_t *, ch_est::puschRxChEstDynDescr_t *)"
3858476893,15136,81326,137,2,1,24,2,1,44,0.001,0.001,,,,,NVIDIA A100-SXM4-40GB MIG 4g.20gb (0),1,,13,"void ch_est::chEstFilterNoDftSOfdmDispatchKernel<float, __half, float, (unsigned int)2>(ch_est::puschRxChEstStatDescr_t *, ch_est::puschRxChEstDynDescr_t *)"
3858581372,3680,81337,103,1,1,128,1,1,16,0.000,0.000,,,,,NVIDIA A100-SXM4-40GB MIG 4g.20gb (0),1,,13,cupy_copy__complex64_complex64
3858619964,16383,81347,1434,1,1,128,1,1,16,0.000,0.000,,,,,NVIDIA A100-SXM4-40GB MIG 4g.20gb (0),1,,13,cupy_copy__complex64_complex64
3858710171,3552,81354,103,1,1,128,1,1,16,0.000,0.000,,,,,NVIDIA A100-SXM4-40GB MIG 4g.20gb (0),1,,13,cupy_copy__complex64_complex64
3858754586,238749,81361,1,1,1,32,32,1,30,0.000,0.000,,,,,NVIDIA A100-SXM4-40GB MIG 4g.20gb (0),1,,13,"void convert_kernel<__half2, float2>(tensor_layout_any, T1 *, tensor_layout_any, const T2 *)"
3859022423,5376,81364,,,,,,,,,,0.094,17428.487,Pinned,Device,NVIDIA A100-SXM4-40GB MIG 4g.20gb (0),1,,13,[CUDA memcpy Host-to-Device]
3859034935,53055,81365,,,,,,,,,,35.810,674945.372,Device,,NVIDIA A100-SXM4-40GB MIG 4g.20gb (0),1,,13,[CUDA memset]
3859095734,2880,81367,,,,,,,,,,0.000,27.778,Pinned,Device,NVIDIA A100-SXM4-40GB MIG 4g.20gb (0),1,,13,[CUDA memcpy Host-to-Device]
3859101078,9408,81368,,,,,,,,,,0.197,20897.858,Pinned,Device,NVIDIA A100-SXM4-40GB MIG 4g.20gb (0),1,,13,[CUDA memcpy Host-to-Device]
3859213269,18336,81369,273,1,1,48,1,1,40,0.000,0.001,,,,,NVIDIA A100-SXM4-40GB MIG 4g.20gb (0),1,,13,"void pusch_noise_intf_est::noiseIntfEstNoDftSOfdmKernel<float, __half, float, float, (unsigned int)2, (unsigned int)1, (unsigned char)4, (unsigned char)4>(pusch_noise_intf_est::puschRxNoiseIntfEstDynDescr)"
3859255700,6912,81380,35,1,1,128,1,1,16,0.000,0.000,,,,,NVIDIA A100-SXM4-40GB MIG 4g.20gb (0),1,,13,cupy_copy__complex64_complex64
3859264340,2112,81389,1,1,1,1,1,1,18,0.000,0.000,,,,,NVIDIA A100-SXM4-40GB MIG 4g.20gb (0),1,,13,cupy_copy__float32_float32
3859269108,1600,81395,,,,,,,,,,0.000,2.500,Device,Pageable,NVIDIA A100-SXM4-40GB MIG 4g.20gb (0),1,,7,[CUDA memcpy Device-to-Host]
3859359795,20384,81406,1434,1,1,128,1,1,16,0.000,0.000,,,,,NVIDIA A100-SXM4-40GB MIG 4g.20gb (0),1,,13,cupy_copy__complex64_complex64
3859382035,3104,81413,103,1,1,128,1,1,16,0.000,0.000,,,,,NVIDIA A100-SXM4-40GB MIG 4g.20gb (0),1,,13,cupy_copy__complex64_complex64
3859486738,5696,81420,35,1,1,128,1,1,16,0.000,0.000,,,,,NVIDIA A100-SXM4-40GB MIG 4g.20gb (0),1,,13,cupy_copy__complex64_complex64
3859495090,2464,81427,1,1,1,1,1,1,18,0.000,0.000,,,,,NVIDIA A100-SXM4-40GB MIG 4g.20gb (0),1,,13,cupy_copy__float32_float32
3859581841,242973,81438,1,1,1,32,32,1,30,0.000,0.000,,,,,NVIDIA A100-SXM4-40GB MIG 4g.20gb (0),1,,13,"void convert_kernel<__half2, float2>(tensor_layout_any, T1 *, tensor_layout_any, const T2 *)"
3859866093,6656,81441,,,,,,,,,,0.094,14076.887,Pinned,Device,NVIDIA A100-SXM4-40GB MIG 4g.20gb (0),1,,13,[CUDA memcpy Host-to-Device]
3859921773,5216,81442,,,,,,,,,,1.547,296514.113,Device,,NVIDIA A100-SXM4-40GB MIG 4g.20gb (0),1,,13,[CUDA memset]
3859934572,3008,81447,,,,,,,,,,0.031,10404.230,Pinned,Device,NVIDIA A100-SXM4-40GB MIG 4g.20gb (0),1,,13,[CUDA memcpy Host-to-Device]
3859940012,9568,81448,,,,,,,,,,0.197,20548.485,Pinned,Device,NVIDIA A100-SXM4-40GB MIG 4g.20gb (0),1,,13,[CUDA memcpy Host-to-Device]
3859958508,27776,81449,273,1,1,8,4,1,39,0.002,0.000,,,,,NVIDIA A100-SXM4-40GB MIG 4g.20gb (0),1,,13,"void channel_eq::eqMmseCoefCompLowMimoKernel<float, float, float, (unsigned int)4, (unsigned int)1, (unsigned int)4>(const channel_eq::_puschRxChEqStatDescr *, channel_eq::_puschRxChEqCoefCompDynDescr)"
3860028331,27520,81450,273,1,1,12,11,1,51,0.002,0.000,,,,,NVIDIA A100-SXM4-40GB MIG 4g.20gb (0),1,,13,"void channel_eq::eqMmseSoftDemapKernel<float, __half, __half, float, (unsigned int)4, (unsigned short)16383>(channel_eq::_puschRxChEqStatDescr *, channel_eq::_puschRxChEqSoftDemapDynDescr)"
3860069803,615641,81451,1,1,1,32,32,1,30,0.000,0.000,,,,,NVIDIA A100-SXM4-40GB MIG 4g.20gb (0),1,,13,"void convert_kernel<float2, __half2>(tensor_layout_any, T1 *, tensor_layout_any, const T2 *)"
3860704868,18879,81463,2253,1,1,128,1,1,16,0.000,0.000,,,,,NVIDIA A100-SXM4-40GB MIG 4g.20gb (0),1,,13,cupy_copy__float16_float16
3860778787,4256,81472,282,1,1,128,1,1,16,0.000,0.000,,,,,NVIDIA A100-SXM4-40GB MIG 4g.20gb (0),1,,13,cupy_copy__complex64_complex64
3860814050,3456,81481,26,1,1,128,1,1,16,0.000,0.000,,,,,NVIDIA A100-SXM4-40GB MIG 4g.20gb (0),1,,13,cupy_copy__float32_float32
3860820130,3584,81490,103,1,1,128,1,1,16,0.000,0.000,,,,,NVIDIA A100-SXM4-40GB MIG 4g.20gb (0),1,,13,cupy_copy__complex64_complex64
3860825826,12672,81500,1434,1,1,128,1,1,16,0.000,0.000,,,,,NVIDIA A100-SXM4-40GB MIG 4g.20gb (0),1,,13,cupy_copy__complex64_complex64
3860923393,207934,81505,1,1,1,32,32,1,30,0.000,0.000,,,,,NVIDIA A100-SXM4-40GB MIG 4g.20gb (0),1,,13,"void convert_kernel<__half2, float2>(tensor_layout_any, T1 *, tensor_layout_any, const T2 *)"
3861160702,5344,81508,,,,,,,,,,0.094,17532.864,Pinned,Device,NVIDIA A100-SXM4-40GB MIG 4g.20gb (0),1,,13,[CUDA memcpy Host-to-Device]
3861228094,628184,81509,,,,,,,,,,456.561,726389.251,Device,,NVIDIA A100-SXM4-40GB MIG 4g.20gb (0),1,,13,[CUDA memset]
3861863446,50528,81514,,,,,,,,,,1.235,24440.777,Pinned,Device,NVIDIA A100-SXM4-40GB MIG 4g.20gb (0),1,,13,[CUDA memcpy Host-to-Device]
3861917174,10176,81515,,,,,,,,,,0.197,19320.668,Pinned,Device,NVIDIA A100-SXM4-40GB MIG 4g.20gb (0),1,,13,[CUDA memcpy Host-to-Device]
3861993013,12864,81516,69,4,1,48,1,1,76,0.002,0.000,,,,,NVIDIA A100-SXM4-40GB MIG 4g.20gb (0),1,,13,"void ch_est::windowedChEstPreNoDftSOfdmKernel<float, __half, float, (unsigned int)2, (unsigned int)1, (unsigned short)4>(ch_est::puschRxChEstStatDescr_t *, ch_est::puschRxChEstDynDescr_t *)"
3862029108,24928,81517,137,2,1,24,2,1,44,0.001,0.001,,,,,NVIDIA A100-SXM4-40GB MIG 4g.20gb (0),1,,13,"void ch_est::chEstFilterNoDftSOfdmDispatchKernel<float, __half, float, (unsigned int)2>(ch_est::puschRxChEstStatDescr_t *, ch_est::puschRxChEstDynDescr_t *)"
3862092244,6336,81518,137,2,1,24,2,1,44,0.001,0.001,,,,,NVIDIA A100-SXM4-40GB MIG 4g.20gb (0),1,,13,"void ch_est::chEstFilterNoDftSOfdmDispatchKernel<float, __half, float, (unsigned int)2>(ch_est::puschRxChEstStatDescr_t *, ch_est::puschRxChEstDynDescr_t *)"
3862130451,4768,81529,103,1,1,128,1,1,16,0.000,0.000,,,,,NVIDIA A100-SXM4-40GB MIG 4g.20gb (0),1,,13,cupy_copy__complex64_complex64
3862136883,13824,81539,1434,1,1,128,1,1,16,0.000,0.000,,,,,NVIDIA A100-SXM4-40GB MIG 4g.20gb (0),1,,13,cupy_copy__complex64_complex64
3862153235,2688,81546,103,1,1,128,1,1,16,0.000,0.000,,,,,NVIDIA A100-SXM4-40GB MIG 4g.20gb (0),1,,13,cupy_copy__complex64_complex64
3862176531,234301,81553,1,1,1,32,32,1,30,0.000,0.000,,,,,NVIDIA A100-SXM4-40GB MIG 4g.20gb (0),1,,13,"void convert_kernel<__half2, float2>(tensor_layout_any, T1 *, tensor_layout_any, const T2 *)"
3862441136,5376,81556,,,,,,,,,,0.094,17428.487,Pinned,Device,NVIDIA A100-SXM4-40GB MIG 4g.20gb (0),1,,13,[CUDA memcpy Host-to-Device]
3862539599,61759,81557,,,,,,,,,,35.810,579798.415,Device,,NVIDIA A100-SXM4-40GB MIG 4g.20gb (0),1,,13,[CUDA memset]
3862607022,5056,81559,,,,,,,,,,0.000,15.823,Pinned,Device,NVIDIA A100-SXM4-40GB MIG 4g.20gb (0),1,,13,[CUDA memcpy Host-to-Device]
3862614958,9312,81560,,,,,,,,,,0.197,21113.340,Pinned,Device,NVIDIA A100-SXM4-40GB MIG 4g.20gb (0),1,,13,[CUDA memcpy Host-to-Device]
3862729740,16992,81561,273,1,1,48,1,1,40,0.000,0.001,,,,,NVIDIA A100-SXM4-40GB MIG 4g.20gb (0),1,,13,"void pusch_noise_intf_est::noiseIntfEstNoDftSOfdmKernel<float, __half, float, float, (unsigned int)2, (unsigned int)1, (unsigned char)4, (unsigned char)4>(pusch_noise_intf_est::puschRxNoiseIntfEstDynDescr)"
3862771692,7136,81572,35,1,1,128,1,1,16,0.000,0.000,,,,,NVIDIA A100-SXM4-40GB MIG 4g.20gb (0),1,,13,cupy_copy__complex64_complex64
3862780652,1728,81581,1,1,1,1,1,1,18,0.000,0.000,,,,,NVIDIA A100-SXM4-40GB MIG 4g.20gb (0),1,,13,cupy_copy__float32_float32
3862789292,2176,81587,,,,,,,,,,0.000,1.838,Device,Pageable,NVIDIA A100-SXM4-40GB MIG 4g.20gb (0),1,,7,[CUDA memcpy Device-to-Host]
3862877003,20863,81598,1434,1,1,128,1,1,16,0.000,0.000,,,,,NVIDIA A100-SXM4-40GB MIG 4g.20gb (0),1,,13,cupy_copy__complex64_complex64
3862956842,3264,81605,103,1,1,128,1,1,16,0.000,0.000,,,,,NVIDIA A100-SXM4-40GB MIG 4g.20gb (0),1,,13,cupy_copy__complex64_complex64
3862999081,5376,81612,35,1,1,128,1,1,16,0.000,0.000,,,,,NVIDIA A100-SXM4-40GB MIG 4g.20gb (0),1,,13,cupy_copy__complex64_complex64
3863005801,2336,81619,1,1,1,1,1,1,18,0.000,0.000,,,,,NVIDIA A100-SXM4-40GB MIG 4g.20gb (0),1,,13,cupy_copy__float32_float32
3863117608,248733,81630,1,1,1,32,32,1,30,0.000,0.000,,,,,NVIDIA A100-SXM4-40GB MIG 4g.20gb (0),1,,13,"void convert_kernel<__half2, float2>(tensor_layout_any, T1 *, tensor_layout_any, const T2 *)"
3863395653,5376,81633,,,,,,,,,,0.094,17428.487,Pinned,Device,NVIDIA A100-SXM4-40GB MIG 4g.20gb (0),1,,13,[CUDA memcpy Host-to-Device]
3863455236,7328,81634,,,,,,,,,,1.547,211055.404,Device,,NVIDIA A100-SXM4-40GB MIG 4g.20gb (0),1,,13,[CUDA memset]
3863469220,3040,81639,,,,,,,,,,0.031,10294.725,Pinned,Device,NVIDIA A100-SXM4-40GB MIG 4g.20gb (0),1,,13,[CUDA memcpy Host-to-Device]
3863474692,9472,81640,,,,,,,,,,0.197,20756.693,Pinned,Device,NVIDIA A100-SXM4-40GB MIG 4g.20gb (0),1,,13,[CUDA memcpy Host-to-Device]
3863537251,21632,81641,273,1,1,8,4,1,39,0.002,0.000,,,,,NVIDIA A100-SXM4-40GB MIG 4g.20gb (0),1,,13,"void channel_eq::eqMmseCoefCompLowMimoKernel<float, float, float, (unsigned int)4, (unsigned int)1, (unsigned int)4>(const channel_eq::_puschRxChEqStatDescr *, channel_eq::_puschRxChEqCoefCompDynDescr)"
3863589730,21472,81642,273,1,1,12,11,1,51,0.002,0.000,,,,,NVIDIA A100-SXM4-40GB MIG 4g.20gb (0),1,,13,"void channel_eq::eqMmseSoftDemapKernel<float, __half, __half, float, (unsigned int)4, (unsigned short)16383>(channel_eq::_puschRxChEqStatDescr *, channel_eq::_puschRxChEqSoftDemapDynDescr)"
3863652386,621081,81643,1,1,1,32,32,1,30,0.000,0.000,,,,,NVIDIA A100-SXM4-40GB MIG 4g.20gb (0),1,,13,"void convert_kernel<float2, __half2>(tensor_layout_any, T1 *, tensor_layout_any, const T2 *)"
3864316154,17472,81655,2253,1,1,128,1,1,16,0.000,0.000,,,,,NVIDIA A100-SXM4-40GB MIG 4g.20gb (0),1,,13,cupy_copy__float16_float16
3864334458,4608,81664,282,1,1,128,1,1,16,0.000,0.000,,,,,NVIDIA A100-SXM4-40GB MIG 4g.20gb (0),1,,13,cupy_copy__complex64_complex64
3864357466,4128,81673,26,1,1,128,1,1,16,0.000,0.000,,,,,NVIDIA A100-SXM4-40GB MIG 4g.20gb (0),1,,13,cupy_copy__float32_float32
3864423609,4480,81682,103,1,1,128,1,1,16,0.000,0.000,,,,,NVIDIA A100-SXM4-40GB MIG 4g.20gb (0),1,,13,cupy_copy__complex64_complex64
3864478808,19488,81692,1434,1,1,128,1,1,16,0.000,0.000,,,,,NVIDIA A100-SXM4-40GB MIG 4g.20gb (0),1,,13,cupy_copy__complex64_complex64
3864500984,112095,81697,1,1,1,32,32,1,30,0.000,0.000,,,,,NVIDIA A100-SXM4-40GB MIG 4g.20gb (0),1,,13,"void convert_kernel<__half2, float2>(tensor_layout_any, T1 *, tensor_layout_any, const T2 *)"
3864643382,6176,81700,,,,,,,,,,0.094,15170.975,Pinned,Device,NVIDIA A100-SXM4-40GB MIG 4g.20gb (0),1,,13,[CUDA memcpy Host-to-Device]
3864737109,627897,81701,,,,,,,,,,456.561,726845.812,Device,,NVIDIA A100-SXM4-40GB MIG 4g.20gb (0),1,,13,[CUDA memset]
3865372302,55807,81706,,,,,,,,,,1.235,22127.727,Pinned,Device,NVIDIA A100-SXM4-40GB MIG 4g.20gb (0),1,,13,[CUDA memcpy Host-to-Device]
3865430541,9344,81707,,,,,,,,,,0.197,21040.988,Pinned,Device,NVIDIA A100-SXM4-40GB MIG 4g.20gb (0),1,,13,[CUDA memcpy Host-to-Device]
3865534796,16032,81708,69,4,1,48,1,1,76,0.002,0.000,,,,,NVIDIA A100-SXM4-40GB MIG 4g.20gb (0),1,,13,"void ch_est::windowedChEstPreNoDftSOfdmKernel<float, __half, float, (unsigned int)2, (unsigned int)1, (unsigned short)4>(ch_est::puschRxChEstStatDescr_t *, ch_est::puschRxChEstDynDescr_t *)"
3865552588,6944,81709,137,2,1,24,2,1,44,0.001,0.001,,,,,NVIDIA A100-SXM4-40GB MIG 4g.20gb (0),1,,13,"void ch_est::chEstFilterNoDftSOfdmDispatchKernel<float, __half, float, (unsigned int)2>(ch_est::puschRxChEstStatDescr_t *, ch_est::puschRxChEstDynDescr_t *)"
3865662539,18463,81710,137,2,1,24,2,1,44,0.001,0.001,,,,,NVIDIA A100-SXM4-40GB MIG 4g.20gb (0),1,,13,"void ch_est::chEstFilterNoDftSOfdmDispatchKernel<float, __half, float, (unsigned int)2>(ch_est::puschRxChEstStatDescr_t *, ch_est::puschRxChEstDynDescr_t *)"
3865733354,3168,81721,103,1,1,128,1,1,16,0.000,0.000,,,,,NVIDIA A100-SXM4-40GB MIG 4g.20gb (0),1,,13,cupy_copy__complex64_complex64
3865771401,18848,81731,1434,1,1,128,1,1,16,0.000,0.000,,,,,NVIDIA A100-SXM4-40GB MIG 4g.20gb (0),1,,13,cupy_copy__complex64_complex64
3865852424,3584,81738,103,1,1,128,1,1,16,0.000,0.000,,,,,NVIDIA A100-SXM4-40GB MIG 4g.20gb (0),1,,13,cupy_copy__complex64_complex64
3865899016,250781,81745,1,1,1,32,32,1,30,0.000,0.000,,,,,NVIDIA A100-SXM4-40GB MIG 4g.20gb (0),1,,13,"void convert_kernel<__half2, float2>(tensor_layout_any, T1 *, tensor_layout_any, const T2 *)"
3866178853,5376,81748,,,,,,,,,,0.094,17428.487,Pinned,Device,NVIDIA A100-SXM4-40GB MIG 4g.20gb (0),1,,13,[CUDA memcpy Host-to-Device]
3866254660,59103,81749,,,,,,,,,,35.810,605868.036,Device,,NVIDIA A100-SXM4-40GB MIG 4g.20gb (0),1,,13,[CUDA memset]
3866316387,1920,81751,,,,,,,,,,0.000,41.667,Pinned,Device,NVIDIA A100-SXM4-40GB MIG 4g.20gb (0),1,,13,[CUDA memcpy Host-to-Device]
3866323299,11712,81752,,,,,,,,,,0.197,16786.784,Pinned,Device,NVIDIA A100-SXM4-40GB MIG 4g.20gb (0),1,,13,[CUDA memcpy Host-to-Device]
3866440930,18431,81753,273,1,1,48,1,1,40,0.000,0.001,,,,,NVIDIA A100-SXM4-40GB MIG 4g.20gb (0),1,,13,"void pusch_noise_intf_est::noiseIntfEstNoDftSOfdmKernel<float, __half, float, float, (unsigned int)2, (unsigned int)1, (unsigned char)4, (unsigned char)4>(pusch_noise_intf_est::puschRxNoiseIntfEstDynDescr)"
3866483169,6304,81764,35,1,1,128,1,1,16,0.000,0.000,,,,,NVIDIA A100-SXM4-40GB MIG 4g.20gb (0),1,,13,cupy_copy__complex64_complex64
3866492929,1856,81773,1,1,1,1,1,1,18,0.000,0.000,,,,,NVIDIA A100-SXM4-40GB MIG 4g.20gb (0),1,,13,cupy_copy__float32_float32
3866495297,1600,81779,,,,,,,,,,0.000,2.500,Device,Pageable,NVIDIA A100-SXM4-40GB MIG 4g.20gb (0),1,,7,[CUDA memcpy Device-to-Host]
3866594464,20352,81790,1434,1,1,128,1,1,16,0.000,0.000,,,,,NVIDIA A100-SXM4-40GB MIG 4g.20gb (0),1,,13,cupy_copy__complex64_complex64
3866670431,3264,81797,103,1,1,128,1,1,16,0.000,0.000,,,,,NVIDIA A100-SXM4-40GB MIG 4g.20gb (0),1,,13,cupy_copy__complex64_complex64
3866711167,6368,81804,35,1,1,128,1,1,16,0.000,0.000,,,,,NVIDIA A100-SXM4-40GB MIG 4g.20gb (0),1,,13,cupy_copy__complex64_complex64
3866786782,3360,81811,1,1,1,1,1,1,18,0.000,0.000,,,,,NVIDIA A100-SXM4-40GB MIG 4g.20gb (0),1,,13,cupy_copy__float32_float32
3866839357,244157,81822,1,1,1,32,32,1,30,0.000,0.000,,,,,NVIDIA A100-SXM4-40GB MIG 4g.20gb (0),1,,13,"void convert_kernel<__half2, float2>(tensor_layout_any, T1 *, tensor_layout_any, const T2 *)"
3867114234,5728,81825,,,,,,,,,,0.094,16357.541,Pinned,Device,NVIDIA A100-SXM4-40GB MIG 4g.20gb (0),1,,13,[CUDA memcpy Host-to-Device]
3867195929,10336,81826,,,,,,,,,,1.547,149634.325,Device,,NVIDIA A100-SXM4-40GB MIG 4g.20gb (0),1,,13,[CUDA memset]
3867213657,3488,81831,,,,,,,,,,0.031,8972.469,Pinned,Device,NVIDIA A100-SXM4-40GB MIG 4g.20gb (0),1,,13,[CUDA memcpy Host-to-Device]
3867219577,9984,81832,,,,,,,,,,0.197,19692.257,Pinned,Device,NVIDIA A100-SXM4-40GB MIG 4g.20gb (0),1,,13,[CUDA memcpy Host-to-Device]
3867258968,15136,81833,273,1,1,8,4,1,39,0.002,0.000,,,,,NVIDIA A100-SXM4-40GB MIG 4g.20gb (0),1,,13,"void channel_eq::eqMmseCoefCompLowMimoKernel<float, float, float, (unsigned int)4, (unsigned int)1, (unsigned int)4>(const channel_eq::_puschRxChEqStatDescr *, channel_eq::_puschRxChEqCoefCompDynDescr)"
3867313720,26047,81834,273,1,1,12,11,1,51,0.002,0.000,,,,,NVIDIA A100-SXM4-40GB MIG 4g.20gb (0),1,,13,"void channel_eq::eqMmseSoftDemapKernel<float, __half, __half, float, (unsigned int)4, (unsigned short)16383>(channel_eq::_puschRxChEqStatDescr *, channel_eq::_puschRxChEqSoftDemapDynDescr)"
3867382999,434011,81835,1,1,1,32,32,1,30,0.000,0.000,,,,,NVIDIA A100-SXM4-40GB MIG 4g.20gb (0),1,,13,"void convert_kernel<float2, __half2>(tensor_layout_any, T1 *, tensor_layout_any, const T2 *)"
3867841906,22367,81847,2253,1,1,128,1,1,16,0.000,0.000,,,,,NVIDIA A100-SXM4-40GB MIG 4g.20gb (0),1,,13,cupy_copy__float16_float16
3867885617,8288,81856,282,1,1,128,1,1,16,0.000,0.000,,,,,NVIDIA A100-SXM4-40GB MIG 4g.20gb (0),1,,13,cupy_copy__complex64_complex64
3867895985,2528,81865,26,1,1,128,1,1,16,0.000,0.000,,,,,NVIDIA A100-SXM4-40GB MIG 4g.20gb (0),1,,13,cupy_copy__float32_float32
3867961104,3712,81874,103,1,1,128,1,1,16,0.000,0.000,,,,,NVIDIA A100-SXM4-40GB MIG 4g.20gb (0),1,,13,cupy_copy__complex64_complex64
3868016976,17535,81884,1434,1,1,128,1,1,16,0.000,0.000,,,,,NVIDIA A100-SXM4-40GB MIG 4g.20gb (0),1,,13,cupy_copy__complex64_complex64
3868107375,204381,81889,1,1,1,32,32,1,30,0.000,0.000,,,,,NVIDIA A100-SXM4-40GB MIG 4g.20gb (0),1,,13,"void convert_kernel<__half2, float2>(tensor_layout_any, T1 *, tensor_layout_any, const T2 *)"
3868340620,5472,81892,,,,,,,,,,0.094,17122.757,Pinned,Device,NVIDIA A100-SXM4-40GB MIG 4g.20gb (0),1,,13,[CUDA memcpy Host-to-Device]
3868376843,625849,81893,,,,,,,,,,456.561,729128.620,Device,,NVIDIA A100-SXM4-40GB MIG 4g.20gb (0),1,,13,[CUDA memset]
3869010308,53792,81898,,,,,,,,,,1.235,22957.609,Pinned,Device,NVIDIA A100-SXM4-40GB MIG 4g.20gb (0),1,,13,[CUDA memcpy Host-to-Device]
3869066532,9407,81899,,,,,,,,,,0.197,20900.020,Pinned,Device,NVIDIA A100-SXM4-40GB MIG 4g.20gb (0),1,,13,[CUDA memcpy Host-to-Device]
3869173730,18144,81900,69,4,1,48,1,1,76,0.002,0.000,,,,,NVIDIA A100-SXM4-40GB MIG 4g.20gb (0),1,,13,"void ch_est::windowedChEstPreNoDftSOfdmKernel<float, __half, float, (unsigned int)2, (unsigned int)1, (unsigned short)4>(ch_est::puschRxChEstStatDescr_t *, ch_est::puschRxChEstDynDescr_t *)"
3869194178,7360,81901,137,2,1,24,2,1,44,0.001,0.001,,,,,NVIDIA A100-SXM4-40GB MIG 4g.20gb (0),1,,13,"void ch_est::chEstFilterNoDftSOfdmDispatchKernel<float, __half, float, (unsigned int)2>(ch_est::puschRxChEstStatDescr_t *, ch_est::puschRxChEstDynDescr_t *)"
3869277217,12768,81902,137,2,1,24,2,1,44,0.001,0.001,,,,,NVIDIA A100-SXM4-40GB MIG 4g.20gb (0),1,,13,"void ch_est::chEstFilterNoDftSOfdmDispatchKernel<float, __half, float, (unsigned int)2>(ch_est::puschRxChEstStatDescr_t *, ch_est::puschRxChEstDynDescr_t *)"
3869317089,5760,81913,103,1,1,128,1,1,16,0.000,0.000,,,,,NVIDIA A100-SXM4-40GB MIG 4g.20gb (0),1,,13,cupy_copy__complex64_complex64
3869325057,15263,81923,1434,1,1,128,1,1,16,0.000,0.000,,,,,NVIDIA A100-SXM4-40GB MIG 4g.20gb (0),1,,13,cupy_copy__complex64_complex64
3869360480,4384,81930,103,1,1,128,1,1,16,0.000,0.000,,,,,NVIDIA A100-SXM4-40GB MIG 4g.20gb (0),1,,13,cupy_copy__complex64_complex64
3869425471,210590,81937,1,1,1,32,32,1,30,0.000,0.000,,,,,NVIDIA A100-SXM4-40GB MIG 4g.20gb (0),1,,13,"void convert_kernel<__half2, float2>(tensor_layout_any, T1 *, tensor_layout_any, const T2 *)"
3869664573,5376,81940,,,,,,,,,,0.094,17428.487,Pinned,Device,NVIDIA A100-SXM4-40GB MIG 4g.20gb (0),1,,13,[CUDA memcpy Host-to-Device]
3869684284,61408,81941,,,,,,,,,,35.810,583128.737,Device,,NVIDIA A100-SXM4-40GB MIG 4g.20gb (0),1,,13,[CUDA memset]
3869749340,1856,81943,,,,,,,,,,0.000,43.103,Pinned,Device,NVIDIA A100-SXM4-40GB MIG 4g.20gb (0),1,,13,[CUDA memcpy Host-to-Device]
3869753660,10272,81944,,,,,,,,,,0.197,19140.182,Pinned,Device,NVIDIA A100-SXM4-40GB MIG 4g.20gb (0),1,,13,[CUDA memcpy Host-to-Device]
3869876890,19520,81945,273,1,1,48,1,1,40,0.000,0.001,,,,,NVIDIA A100-SXM4-40GB MIG 4g.20gb (0),1,,13,"void pusch_noise_intf_est::noiseIntfEstNoDftSOfdmKernel<float, __half, float, float, (unsigned int)2, (unsigned int)1, (unsigned char)4, (unsigned char)4>(pusch_noise_intf_est::puschRxNoiseIntfEstDynDescr)"
3869914842,8576,81956,35,1,1,128,1,1,16,0.000,0.000,,,,,NVIDIA A100-SXM4-40GB MIG 4g.20gb (0),1,,13,cupy_copy__complex64_complex64
3869975193,2880,81965,1,1,1,1,1,1,18,0.000,0.000,,,,,NVIDIA A100-SXM4-40GB MIG 4g.20gb (0),1,,13,cupy_copy__float32_float32
3869985913,2592,81971,,,,,,,,,,0.000,1.543,Device,Pageable,NVIDIA A100-SXM4-40GB MIG 4g.20gb (0),1,,7,[CUDA memcpy Device-to-Host]
3870085784,38463,81982,1434,1,1,128,1,1,16,0.000,0.000,,,,,NVIDIA A100-SXM4-40GB MIG 4g.20gb (0),1,,13,cupy_copy__complex64_complex64
3870149207,7936,81989,103,1,1,128,1,1,16,0.000,0.000,,,,,NVIDIA A100-SXM4-40GB MIG 4g.20gb (0),1,,13,cupy_copy__complex64_complex64
3870211510,3840,81996,35,1,1,128,1,1,16,0.000,0.000,,,,,NVIDIA A100-SXM4-40GB MIG 4g.20gb (0),1,,13,cupy_copy__complex64_complex64
3870256790,3136,82003,1,1,1,1,1,1,18,0.000,0.000,,,,,NVIDIA A100-SXM4-40GB MIG 4g.20gb (0),1,,13,cupy_copy__float32_float32
3870380980,244222,82014,1,1,1,32,32,1,30,0.000,0.000,,,,,NVIDIA A100-SXM4-40GB MIG 4g.20gb (0),1,,13,"void convert_kernel<__half2, float2>(tensor_layout_any, T1 *, tensor_layout_any, const T2 *)"
3870653809,5536,82017,,,,,,,,,,0.094,16924.777,Pinned,Device,NVIDIA A100-SXM4-40GB MIG 4g.20gb (0),1,,13,[CUDA memcpy Host-to-Device]
3870716017,8927,82018,,,,,,,,,,1.547,173251.274,Device,,NVIDIA A100-SXM4-40GB MIG 4g.20gb (0),1,,13,[CUDA memset]
3870726832,3968,82023,,,,,,,,,,0.031,7887.093,Pinned,Device,NVIDIA A100-SXM4-40GB MIG 4g.20gb (0),1,,13,[CUDA memcpy Host-to-Device]
3870733232,9888,82024,,,,,,,,,,0.197,19883.360,Pinned,Device,NVIDIA A100-SXM4-40GB MIG 4g.20gb (0),1,,13,[CUDA memcpy Host-to-Device]
3870779440,27360,82025,273,1,1,8,4,1,39,0.002,0.000,,,,,NVIDIA A100-SXM4-40GB MIG 4g.20gb (0),1,,13,"void channel_eq::eqMmseCoefCompLowMimoKernel<float, float, float, (unsigned int)4, (unsigned int)1, (unsigned int)4>(const channel_eq::_puschRxChEqStatDescr *, channel_eq::_puschRxChEqCoefCompDynDescr)"
3870834671,28096,82026,273,1,1,12,11,1,51,0.002,0.000,,,,,NVIDIA A100-SXM4-40GB MIG 4g.20gb (0),1,,13,"void channel_eq::eqMmseSoftDemapKernel<float, __half, __half, float, (unsigned int)4, (unsigned short)16383>(channel_eq::_puschRxChEqStatDescr *, channel_eq::_puschRxChEqSoftDemapDynDescr)"
3870909902,478075,82027,1,1,1,32,32,1,30,0.000,0.000,,,,,NVIDIA A100-SXM4-40GB MIG 4g.20gb (0),1,,13,"void convert_kernel<float2, __half2>(tensor_layout_any, T1 *, tensor_layout_any, const T2 *)"
3871461064,15744,82039,2253,1,1,128,1,1,16,0.000,0.000,,,,,NVIDIA A100-SXM4-40GB MIG 4g.20gb (0),1,,13,cupy_copy__float16_float16
3871478952,3680,82048,282,1,1,128,1,1,16,0.000,0.000,,,,,NVIDIA A100-SXM4-40GB MIG 4g.20gb (0),1,,13,cupy_copy__complex64_complex64
3871581159,5728,82057,26,1,1,128,1,1,16,0.000,0.000,,,,,NVIDIA A100-SXM4-40GB MIG 4g.20gb (0),1,,13,cupy_copy__float32_float32
3871621862,10880,82066,103,1,1,128,1,1,16,0.000,0.000,,,,,NVIDIA A100-SXM4-40GB MIG 4g.20gb (0),1,,13,cupy_copy__complex64_complex64
3871635110,14176,82076,1434,1,1,128,1,1,16,0.000,0.000,,,,,NVIDIA A100-SXM4-40GB MIG 4g.20gb (0),1,,13,cupy_copy__complex64_complex64
3871709541,186046,82081,1,1,1,32,32,1,30,0.000,0.000,,,,,NVIDIA A100-SXM4-40GB MIG 4g.20gb (0),1,,13,"void convert_kernel<__half2, float2>(tensor_layout_any, T1 *, tensor_layout_any, const T2 *)"
3871926691,7264,82084,,,,,,,,,,0.094,12898.660,Pinned,Device,NVIDIA A100-SXM4-40GB MIG 4g.20gb (0),1,,13,[CUDA memcpy Host-to-Device]
3871965570,631961,82085,,,,,,,,,,456.561,722280.198,Device,,NVIDIA A100-SXM4-40GB MIG 4g.20gb (0),1,,13,[CUDA memset]
3872602747,57823,82090,,,,,,,,,,1.235,21357.122,Pinned,Device,NVIDIA A100-SXM4-40GB MIG 4g.20gb (0),1,,13,[CUDA memcpy Host-to-Device]
3872663034,9728,82091,,,,,,,,,,0.197,20210.516,Pinned,Device,NVIDIA A100-SXM4-40GB MIG 4g.20gb (0),1,,13,[CUDA memcpy Host-to-Device]
3872764793,18144,82092,69,4,1,48,1,1,76,0.002,0.000,,,,,NVIDIA A100-SXM4-40GB MIG 4g.20gb (0),1,,13,"void ch_est::windowedChEstPreNoDftSOfdmKernel<float, __half, float, (unsigned int)2, (unsigned int)1, (unsigned short)4>(ch_est::puschRxChEstStatDescr_t *, ch_est::puschRxChEstDynDescr_t *)"
3872845976,7296,82093,137,2,1,24,2,1,44,0.001,0.001,,,,,NVIDIA A100-SXM4-40GB MIG 4g.20gb (0),1,,13,"void ch_est::chEstFilterNoDftSOfdmDispatchKernel<float, __half, float, (unsigned int)2>(ch_est::puschRxChEstStatDescr_t *, ch_est::puschRxChEstDynDescr_t *)"
3872883544,19711,82094,137,2,1,24,2,1,44,0.001,0.001,,,,,NVIDIA A100-SXM4-40GB MIG 4g.20gb (0),1,,13,"void ch_est::chEstFilterNoDftSOfdmDispatchKernel<float, __half, float, (unsigned int)2>(ch_est::puschRxChEstStatDescr_t *, ch_est::puschRxChEstDynDescr_t *)"
3872904791,3424,82105,103,1,1,128,1,1,16,0.000,0.000,,,,,NVIDIA A100-SXM4-40GB MIG 4g.20gb (0),1,,13,cupy_copy__complex64_complex64
3873000566,18464,82115,1434,1,1,128,1,1,16,0.000,0.000,,,,,NVIDIA A100-SXM4-40GB MIG 4g.20gb (0),1,,13,cupy_copy__complex64_complex64
3873084629,3936,82122,103,1,1,128,1,1,16,0.000,0.000,,,,,NVIDIA A100-SXM4-40GB MIG 4g.20gb (0),1,,13,cupy_copy__complex64_complex64
3873126997,243037,82129,1,1,1,32,32,1,30,0.000,0.000,,,,,NVIDIA A100-SXM4-40GB MIG 4g.20gb (0),1,,13,"void convert_kernel<__half2, float2>(tensor_layout_any, T1 *, tensor_layout_any, const T2 *)"
3873399602,6176,82132,,,,,,,,,,0.094,15170.975,Pinned,Device,NVIDIA A100-SXM4-40GB MIG 4g.20gb (0),1,,13,[CUDA memcpy Host-to-Device]
3873483345,57279,82133,,,,,,,,,,35.810,625169.583,Device,,NVIDIA A100-SXM4-40GB MIG 4g.20gb (0),1,,13,[CUDA memset]
3873544944,1856,82135,,,,,,,,,,0.000,43.103,Pinned,Device,NVIDIA A100-SXM4-40GB MIG 4g.20gb (0),1,,13,[CUDA memcpy Host-to-Device]
3873550864,11168,82136,,,,,,,,,,0.197,17604.477,Pinned,Device,NVIDIA A100-SXM4-40GB MIG 4g.20gb (0),1,,13,[CUDA memcpy Host-to-Device]
3873652047,19200,82137,273,1,1,48,1,1,40,0.000,0.001,,,,,NVIDIA A100-SXM4-40GB MIG 4g.20gb (0),1,,13,"void pusch_noise_intf_est::noiseIntfEstNoDftSOfdmKernel<float, __half, float, float, (unsigned int)2, (unsigned int)1, (unsigned char)4, (unsigned char)4>(pusch_noise_intf_est::puschRxNoiseIntfEstDynDescr)"
3873687534,11776,82148,35,1,1,128,1,1,16,0.000,0.000,,,,,NVIDIA A100-SXM4-40GB MIG 4g.20gb (0),1,,13,cupy_copy__complex64_complex64
3873701582,1760,82157,1,1,1,1,1,1,18,0.000,0.000,,,,,NVIDIA A100-SXM4-40GB MIG 4g.20gb (0),1,,13,cupy_copy__float32_float32
3873709102,1600,82163,,,,,,,,,,0.000,2.500,Device,Pageable,NVIDIA A100-SXM4-40GB MIG 4g.20gb (0),1,,7,[CUDA memcpy Device-to-Host]
3873797517,22208,82174,1434,1,1,128,1,1,16,0.000,0.000,,,,,NVIDIA A100-SXM4-40GB MIG 4g.20gb (0),1,,13,cupy_copy__complex64_complex64
3873875692,3424,82181,103,1,1,128,1,1,16,0.000,0.000,,,,,NVIDIA A100-SXM4-40GB MIG 4g.20gb (0),1,,13,cupy_copy__complex64_complex64
3873919148,6176,82188,35,1,1,128,1,1,16,0.000,0.000,,,,,NVIDIA A100-SXM4-40GB MIG 4g.20gb (0),1,,13,cupy_copy__complex64_complex64
3873927564,2048,82195,1,1,1,1,1,1,18,0.000,0.000,,,,,NVIDIA A100-SXM4-40GB MIG 4g.20gb (0),1,,13,cupy_copy__float32_float32
3874041930,256861,82206,1,1,1,32,32,1,30,0.000,0.000,,,,,NVIDIA A100-SXM4-40GB MIG 4g.20gb (0),1,,13,"void convert_kernel<__half2, float2>(tensor_layout_any, T1 *, tensor_layout_any, const T2 *)"
3874327943,5600,82209,,,,,,,,,,0.094,16731.388,Pinned,Device,NVIDIA A100-SXM4-40GB MIG 4g.20gb (0),1,,13,[CUDA memcpy Host-to-Device]
3874374983,8767,82210,,,,,,,,,,1.547,176414.120,Device,,NVIDIA A100-SXM4-40GB MIG 4g.20gb (0),1,,13,[CUDA memset]
3874385702,3200,82215,,,,,,,,,,0.031,9780.000,Pinned,Device,NVIDIA A100-SXM4-40GB MIG 4g.20gb (0),1,,13,[CUDA memcpy Host-to-Device]
3874391334,9568,82216,,,,,,,,,,0.197,20548.485,Pinned,Device,NVIDIA A100-SXM4-40GB MIG 4g.20gb (0),1,,13,[CUDA memcpy Host-to-Device]
3874447558,13248,82217,273,1,1,8,4,1,39,0.002,0.000,,,,,NVIDIA A100-SXM4-40GB MIG 4g.20gb (0),1,,13,"void channel_eq::eqMmseCoefCompLowMimoKernel<float, float, float, (unsigned int)4, (unsigned int)1, (unsigned int)4>(const channel_eq::_puschRxChEqStatDescr *, channel_eq::_puschRxChEqCoefCompDynDescr)"
3874500709,22720,82218,273,1,1,12,11,1,51,0.002,0.000,,,,,NVIDIA A100-SXM4-40GB MIG 4g.20gb (0),1,,13,"void channel_eq::eqMmseSoftDemapKernel<float, __half, __half, float, (unsigned int)4, (unsigned short)16383>(channel_eq::_puschRxChEqStatDescr *, channel_eq::_puschRxChEqSoftDemapDynDescr)"
3874559908,586170,82219,1,1,1,32,32,1,30,0.000,0.000,,,,,NVIDIA A100-SXM4-40GB MIG 4g.20gb (0),1,,13,"void convert_kernel<float2, __half2>(tensor_layout_any, T1 *, tensor_layout_any, const T2 *)"
3875181725,15296,82231,2253,1,1,128,1,1,16,0.000,0.000,,,,,NVIDIA A100-SXM4-40GB MIG 4g.20gb (0),1,,13,cupy_copy__float16_float16
3875198845,3552,82240,282,1,1,128,1,1,16,0.000,0.000,,,,,NVIDIA A100-SXM4-40GB MIG 4g.20gb (0),1,,13,cupy_copy__complex64_complex64
3875218845,3104,82249,26,1,1,128,1,1,16,0.000,0.000,,,,,NVIDIA A100-SXM4-40GB MIG 4g.20gb (0),1,,13,cupy_copy__float32_float32
3875281852,4160,82258,103,1,1,128,1,1,16,0.000,0.000,,,,,NVIDIA A100-SXM4-40GB MIG 4g.20gb (0),1,,13,cupy_copy__complex64_complex64
3875343355,18880,82268,1434,1,1,128,1,1,16,0.000,0.000,,,,,NVIDIA A100-SXM4-40GB MIG 4g.20gb (0),1,,13,cupy_copy__complex64_complex64
3875421946,203326,82273,1,1,1,32,32,1,30,0.000,0.000,,,,,NVIDIA A100-SXM4-40GB MIG 4g.20gb (0),1,,13,"void convert_kernel<__half2, float2>(tensor_layout_any, T1 *, tensor_layout_any, const T2 *)"
3875657080,5760,82276,,,,,,,,,,0.094,16266.656,Pinned,Device,NVIDIA A100-SXM4-40GB MIG 4g.20gb (0),1,,13,[CUDA memcpy Host-to-Device]
3875720087,634105,82277,,,,,,,,,,456.561,719997.391,Device,,NVIDIA A100-SXM4-40GB MIG 4g.20gb (0),1,,13,[CUDA memset]
3876356720,52607,82282,,,,,,,,,,1.235,23473.816,Pinned,Device,NVIDIA A100-SXM4-40GB MIG 4g.20gb (0),1,,13,[CUDA memcpy Host-to-Device]
3876411759,9888,82283,,,,,,,,,,0.197,19883.360,Pinned,Device,NVIDIA A100-SXM4-40GB MIG 4g.20gb (0),1,,13,[CUDA memcpy Host-to-Device]
3876527822,18400,82284,69,4,1,48,1,1,76,0.002,0.000,,,,,NVIDIA A100-SXM4-40GB MIG 4g.20gb (0),1,,13,"void ch_est::windowedChEstPreNoDftSOfdmKernel<float, __half, float, (unsigned int)2, (unsigned int)1, (unsigned short)4>(ch_est::puschRxChEstStatDescr_t *, ch_est::puschRxChEstDynDescr_t *)"
3876548174,6527,82285,137,2,1,24,2,1,44,0.001,0.001,,,,,NVIDIA A100-SXM4-40GB MIG 4g.20gb (0),1,,13,"void ch_est::chEstFilterNoDftSOfdmDispatchKernel<float, __half, float, (unsigned int)2>(ch_est::puschRxChEstStatDescr_t *, ch_est::puschRxChEstDynDescr_t *)"
3876646764,19008,82286,137,2,1,24,2,1,44,0.001,0.001,,,,,NVIDIA A100-SXM4-40GB MIG 4g.20gb (0),1,,13,"void ch_est::chEstFilterNoDftSOfdmDispatchKernel<float, __half, float, (unsigned int)2>(ch_est::puschRxChEstStatDescr_t *, ch_est::puschRxChEstDynDescr_t *)"
3876716108,3840,82297,103,1,1,128,1,1,16,0.000,0.000,,,,,NVIDIA A100-SXM4-40GB MIG 4g.20gb (0),1,,13,cupy_copy__complex64_complex64
3876754763,18368,82307,1434,1,1,128,1,1,16,0.000,0.000,,,,,NVIDIA A100-SXM4-40GB MIG 4g.20gb (0),1,,13,cupy_copy__complex64_complex64
3876775051,3232,82314,103,1,1,128,1,1,16,0.000,0.000,,,,,NVIDIA A100-SXM4-40GB MIG 4g.20gb (0),1,,13,cupy_copy__complex64_complex64
3876873866,252957,82321,1,1,1,32,32,1,30,0.000,0.000,,,,,NVIDIA A100-SXM4-40GB MIG 4g.20gb (0),1,,13,"void convert_kernel<__half2, float2>(tensor_layout_any, T1 *, tensor_layout_any, const T2 *)"
3877154983,5375,82324,,,,,,,,,,0.094,17431.766,Pinned,Device,NVIDIA A100-SXM4-40GB MIG 4g.20gb (0),1,,13,[CUDA memcpy Host-to-Device]
3877185638,59040,82325,,,,,,,,,,35.810,606512.615,Device,,NVIDIA A100-SXM4-40GB MIG 4g.20gb (0),1,,13,[CUDA memset]
3877251941,1824,82327,,,,,,,,,,0.000,43.860,Pinned,Device,NVIDIA A100-SXM4-40GB MIG 4g.20gb (0),1,,13,[CUDA memcpy Host-to-Device]
3877256485,9920,82328,,,,,,,,,,0.197,19819.266,Pinned,Device,NVIDIA A100-SXM4-40GB MIG 4g.20gb (0),1,,13,[CUDA memcpy Host-to-Device]
3877380100,16544,82329,273,1,1,48,1,1,40,0.000,0.001,,,,,NVIDIA A100-SXM4-40GB MIG 4g.20gb (0),1,,13,"void pusch_noise_intf_est::noiseIntfEstNoDftSOfdmKernel<float, __half, float, float, (unsigned int)2, (unsigned int)1, (unsigned char)4, (unsigned char)4>(pusch_noise_intf_est::puschRxNoiseIntfEstDynDescr)"
3877416292,6655,82340,35,1,1,128,1,1,16,0.000,0.000,,,,,NVIDIA A100-SXM4-40GB MIG 4g.20gb (0),1,,13,cupy_copy__complex64_complex64
3877475491,2464,82349,1,1,1,1,1,1,18,0.000,0.000,,,,,NVIDIA A100-SXM4-40GB MIG 4g.20gb (0),1,,13,cupy_copy__float32_float32
3877479459,1600,82355,,,,,,,,,,0.000,2.500,Device,Pageable,NVIDIA A100-SXM4-40GB MIG 4g.20gb (0),1,,7,[CUDA memcpy Device-to-Host]
3877586690,18015,82366,1434,1,1,128,1,1,16,0.000,0.000,,,,,NVIDIA A100-SXM4-40GB MIG 4g.20gb (0),1,,13,cupy_copy__complex64_complex64
3877635297,7648,82373,103,1,1,128,1,1,16,0.000,0.000,,,,,NVIDIA A100-SXM4-40GB MIG 4g.20gb (0),1,,13,cupy_copy__complex64_complex64
3877644513,2976,82380,35,1,1,128,1,1,16,0.000,0.000,,,,,NVIDIA A100-SXM4-40GB MIG 4g.20gb (0),1,,13,cupy_copy__complex64_complex64
3877705056,2688,82387,1,1,1,1,1,1,18,0.000,0.000,,,,,NVIDIA A100-SXM4-40GB MIG 4g.20gb (0),1,,13,cupy_copy__float32_float32
3877760512,251517,82398,1,1,1,32,32,1,30,0.000,0.000,,,,,NVIDIA A100-SXM4-40GB MIG 4g.20gb (0),1,,13,"void convert_kernel<__half2, float2>(tensor_layout_any, T1 *, tensor_layout_any, const T2 *)"
3878042460,5408,82401,,,,,,,,,,0.094,17325.421,Pinned,Device,NVIDIA A100-SXM4-40GB MIG 4g.20gb (0),1,,13,[CUDA memcpy Host-to-Device]
3878122363,11200,82402,,,,,,,,,,1.547,138090.324,Device,,NVIDIA A100-SXM4-40GB MIG 4g.20gb (0),1,,13,[CUDA memset]
3878135387,3328,82407,,,,,,,,,,0.031,9403.822,Pinned,Device,NVIDIA A100-SXM4-40GB MIG 4g.20gb (0),1,,13,[CUDA memcpy Host-to-Device]
3878141179,9696,82408,,,,,,,,,,0.197,20277.166,Pinned,Device,NVIDIA A100-SXM4-40GB MIG 4g.20gb (0),1,,13,[CUDA memcpy Host-to-Device]
3878190107,21567,82409,273,1,1,8,4,1,39,0.002,0.000,,,,,NVIDIA A100-SXM4-40GB MIG 4g.20gb (0),1,,13,"void channel_eq::eqMmseCoefCompLowMimoKernel<float, float, float, (unsigned int)4, (unsigned int)1, (unsigned int)4>(const channel_eq::_puschRxChEqStatDescr *, channel_eq::_puschRxChEqCoefCompDynDescr)"
3878241818,21536,82410,273,1,1,12,11,1,51,0.002,0.000,,,,,NVIDIA A100-SXM4-40GB MIG 4g.20gb (0),1,,13,"void channel_eq::eqMmseSoftDemapKernel<float, __half, __half, float, (unsigned int)4, (unsigned short)16383>(channel_eq::_puschRxChEqStatDescr *, channel_eq::_puschRxChEqSoftDemapDynDescr)"
3878317721,465371,82411,1,1,1,32,32,1,30,0.000,0.000,,,,,NVIDIA A100-SXM4-40GB MIG 4g.20gb (0),1,,13,"void convert_kernel<float2, __half2>(tensor_layout_any, T1 *, tensor_layout_any, const T2 *)"
3878856019,14848,82423,2253,1,1,128,1,1,16,0.000,0.000,,,,,NVIDIA A100-SXM4-40GB MIG 4g.20gb (0),1,,13,cupy_copy__float16_float16
3878872211,3680,82432,282,1,1,128,1,1,16,0.000,0.000,,,,,NVIDIA A100-SXM4-40GB MIG 4g.20gb (0),1,,13,cupy_copy__complex64_complex64
3878967570,4064,82441,26,1,1,128,1,1,16,0.000,0.000,,,,,NVIDIA A100-SXM4-40GB MIG 4g.20gb (0),1,,13,cupy_copy__float32_float32
3878973138,3968,82450,103,1,1,128,1,1,16,0.000,0.000,,,,,NVIDIA A100-SXM4-40GB MIG 4g.20gb (0),1,,13,cupy_copy__complex64_complex64
3878981554,12159,82460,1434,1,1,128,1,1,16,0.000,0.000,,,,,NVIDIA A100-SXM4-40GB MIG 4g.20gb (0),1,,13,cupy_copy__complex64_complex64
3879101808,238781,82465,1,1,1,32,32,1,30,0.000,0.000,,,,,NVIDIA A100-SXM4-40GB MIG 4g.20gb (0),1,,13,"void convert_kernel<__half2, float2>(tensor_layout_any, T1 *, tensor_layout_any, const T2 *)"
3879371373,5344,82468,,,,,,,,,,0.094,17532.864,Pinned,Device,NVIDIA A100-SXM4-40GB MIG 4g.20gb (0),1,,13,[CUDA memcpy Host-to-Device]
3879436716,631193,82469,,,,,,,,,,456.561,723193.321,Device,,NVIDIA A100-SXM4-40GB MIG 4g.20gb (0),1,,13,[CUDA memset]
3880071557,52895,82474,,,,,,,,,,1.235,23346.616,Pinned,Device,NVIDIA A100-SXM4-40GB MIG 4g.20gb (0),1,,13,[CUDA memcpy Host-to-Device]
3880126916,9600,82475,,,,,,,,,,0.197,20479.869,Pinned,Device,NVIDIA A100-SXM4-40GB MIG 4g.20gb (0),1,,13,[CUDA memcpy Host-to-Device]
3880241859,17824,82476,69,4,1,48,1,1,76,0.002,0.000,,,,,NVIDIA A100-SXM4-40GB MIG 4g.20gb (0),1,,13,"void ch_est::windowedChEstPreNoDftSOfdmKernel<float, __half, float, (unsigned int)2, (unsigned int)1, (unsigned short)4>(ch_est::puschRxChEstStatDescr_t *, ch_est::puschRxChEstDynDescr_t *)"
3880266147,7040,82477,137,2,1,24,2,1,44,0.001,0.001,,,,,NVIDIA A100-SXM4-40GB MIG 4g.20gb (0),1,,13,"void ch_est::chEstFilterNoDftSOfdmDispatchKernel<float, __half, float, (unsigned int)2>(ch_est::puschRxChEstStatDescr_t *, ch_est::puschRxChEstDynDescr_t *)"
3880355426,19104,82478,137,2,1,24,2,1,44,0.001,0.001,,,,,NVIDIA A100-SXM4-40GB MIG 4g.20gb (0),1,,13,"void ch_est::chEstFilterNoDftSOfdmDispatchKernel<float, __half, float, (unsigned int)2>(ch_est::puschRxChEstStatDescr_t *, ch_est::puschRxChEstDynDescr_t *)"
3880449313,4384,82489,103,1,1,128,1,1,16,0.000,0.000,,,,,NVIDIA A100-SXM4-40GB MIG 4g.20gb (0),1,,13,cupy_copy__complex64_complex64
3880493024,17344,82499,1434,1,1,128,1,1,16,0.000,0.000,,,,,NVIDIA A100-SXM4-40GB MIG 4g.20gb (0),1,,13,cupy_copy__complex64_complex64
3880571647,4128,82506,103,1,1,128,1,1,16,0.000,0.000,,,,,NVIDIA A100-SXM4-40GB MIG 4g.20gb (0),1,,13,cupy_copy__complex64_complex64
3880614815,237437,82513,1,1,1,32,32,1,30,0.000,0.000,,,,,NVIDIA A100-SXM4-40GB MIG 4g.20gb (0),1,,13,"void convert_kernel<__half2, float2>(tensor_layout_any, T1 *, tensor_layout_any, const T2 *)"
3880882012,5376,82516,,,,,,,,,,0.094,17428.487,Pinned,Device,NVIDIA A100-SXM4-40GB MIG 4g.20gb (0),1,,13,[CUDA memcpy Host-to-Device]
3880961403,57023,82517,,,,,,,,,,35.810,627962.757,Device,,NVIDIA A100-SXM4-40GB MIG 4g.20gb (0),1,,13,[CUDA memset]
3881026234,3552,82519,,,,,,,,,,0.000,22.522,Pinned,Device,NVIDIA A100-SXM4-40GB MIG 4g.20gb (0),1,,13,[CUDA memcpy Host-to-Device]
3881034234,11264,82520,,,,,,,,,,0.197,17454.465,Pinned,Device,NVIDIA A100-SXM4-40GB MIG 4g.20gb (0),1,,13,[CUDA memcpy Host-to-Device]
3881144537,19551,82521,273,1,1,48,1,1,40,0.000,0.001,,,,,NVIDIA A100-SXM4-40GB MIG 4g.20gb (0),1,,13,"void pusch_noise_intf_est::noiseIntfEstNoDftSOfdmKernel<float, __half, float, float, (unsigned int)2, (unsigned int)1, (unsigned char)4, (unsigned char)4>(pusch_noise_intf_est::puschRxNoiseIntfEstDynDescr)"
3881182680,6432,82532,35,1,1,128,1,1,16,0.000,0.000,,,,,NVIDIA A100-SXM4-40GB MIG 4g.20gb (0),1,,13,cupy_copy__complex64_complex64
3881190424,2176,82541,1,1,1,1,1,1,18,0.000,0.000,,,,,NVIDIA A100-SXM4-40GB MIG 4g.20gb (0),1,,13,cupy_copy__float32_float32
3881196536,1568,82547,,,,,,,,,,0.000,2.551,Device,Pageable,NVIDIA A100-SXM4-40GB MIG 4g.20gb (0),1,,7,[CUDA memcpy Device-to-Host]
3881292311,19264,82558,1434,1,1,128,1,1,16,0.000,0.000,,,,,NVIDIA A100-SXM4-40GB MIG 4g.20gb (0),1,,13,cupy_copy__complex64_complex64
3881313783,3136,82565,103,1,1,128,1,1,16,0.000,0.000,,,,,NVIDIA A100-SXM4-40GB MIG 4g.20gb (0),1,,13,cupy_copy__complex64_complex64
3881406134,7520,82572,35,1,1,128,1,1,16,0.000,0.000,,,,,NVIDIA A100-SXM4-40GB MIG 4g.20gb (0),1,,13,cupy_copy__complex64_complex64
3881415638,2304,82579,1,1,1,1,1,1,18,0.000,0.000,,,,,NVIDIA A100-SXM4-40GB MIG 4g.20gb (0),1,,13,cupy_copy__float32_float32
3881538708,251709,82590,1,1,1,32,32,1,30,0.000,0.000,,,,,NVIDIA A100-SXM4-40GB MIG 4g.20gb (0),1,,13,"void convert_kernel<__half2, float2>(tensor_layout_any, T1 *, tensor_layout_any, const T2 *)"
3881824017,5376,82593,,,,,,,,,,0.094,17428.487,Pinned,Device,NVIDIA A100-SXM4-40GB MIG 4g.20gb (0),1,,13,[CUDA memcpy Host-to-Device]
3881907504,11296,82594,,,,,,,,,,1.547,136916.436,Device,,NVIDIA A100-SXM4-40GB MIG 4g.20gb (0),1,,13,[CUDA memset]
3881924144,3008,82599,,,,,,,,,,0.031,10404.230,Pinned,Device,NVIDIA A100-SXM4-40GB MIG 4g.20gb (0),1,,13,[CUDA memcpy Host-to-Device]
3881929648,9472,82600,,,,,,,,,,0.197,20756.693,Pinned,Device,NVIDIA A100-SXM4-40GB MIG 4g.20gb (0),1,,13,[CUDA memcpy Host-to-Device]
3881976143,11872,82601,273,1,1,8,4,1,39,0.002,0.000,,,,,NVIDIA A100-SXM4-40GB MIG 4g.20gb (0),1,,13,"void channel_eq::eqMmseCoefCompLowMimoKernel<float, float, float, (unsigned int)4, (unsigned int)1, (unsigned int)4>(const channel_eq::_puschRxChEqStatDescr *, channel_eq::_puschRxChEqCoefCompDynDescr)"
3882032046,28448,82602,273,1,1,12,11,1,51,0.002,0.000,,,,,NVIDIA A100-SXM4-40GB MIG 4g.20gb (0),1,,13,"void channel_eq::eqMmseSoftDemapKernel<float, __half, __half, float, (unsigned int)4, (unsigned short)16383>(channel_eq::_puschRxChEqStatDescr *, channel_eq::_puschRxChEqSoftDemapDynDescr)"
3882101038,617177,82603,1,1,1,32,32,1,30,0.000,0.000,,,,,NVIDIA A100-SXM4-40GB MIG 4g.20gb (0),1,,13,"void convert_kernel<float2, __half2>(tensor_layout_any, T1 *, tensor_layout_any, const T2 *)"
3882771686,21280,82615,2253,1,1,128,1,1,16,0.000,0.000,,,,,NVIDIA A100-SXM4-40GB MIG 4g.20gb (0),1,,13,cupy_copy__float16_float16
3882815333,6880,82624,282,1,1,128,1,1,16,0.000,0.000,,,,,NVIDIA A100-SXM4-40GB MIG 4g.20gb (0),1,,13,cupy_copy__complex64_complex64
3882887397,2752,82633,26,1,1,128,1,1,16,0.000,0.000,,,,,NVIDIA A100-SXM4-40GB MIG 4g.20gb (0),1,,13,cupy_copy__float32_float32
3882925220,7712,82642,103,1,1,128,1,1,16,0.000,0.000,,,,,NVIDIA A100-SXM4-40GB MIG 4g.20gb (0),1,,13,cupy_copy__complex64_complex64
3882935460,13472,82652,1434,1,1,128,1,1,16,0.000,0.000,,,,,NVIDIA A100-SXM4-40GB MIG 4g.20gb (0),1,,13,cupy_copy__complex64_complex64
3883013379,184286,82657,1,1,1,32,32,1,30,0.000,0.000,,,,,NVIDIA A100-SXM4-40GB MIG 4g.20gb (0),1,,13,"void convert_kernel<__half2, float2>(tensor_layout_any, T1 *, tensor_layout_any, const T2 *)"
3883226817,5408,82660,,,,,,,,,,0.094,17325.421,Pinned,Device,NVIDIA A100-SXM4-40GB MIG 4g.20gb (0),1,,13,[CUDA memcpy Host-to-Device]
3883288416,632889,82661,,,,,,,,,,456.561,721367.075,Device,,NVIDIA A100-SXM4-40GB MIG 4g.20gb (0),1,,13,[CUDA memset]
3883922073,54943,82666,,,,,,,,,,1.235,22475.981,Pinned,Device,NVIDIA A100-SXM4-40GB MIG 4g.20gb (0),1,,13,[CUDA memcpy Host-to-Device]
3883982072,10496,82667,,,,,,,,,,0.197,18731.631,Pinned,Device,NVIDIA A100-SXM4-40GB MIG 4g.20gb (0),1,,13,[CUDA memcpy Host-to-Device]
3884091159,15264,82668,69,4,1,48,1,1,76,0.002,0.000,,,,,NVIDIA A100-SXM4-40GB MIG 4g.20gb (0),1,,13,"void ch_est::windowedChEstPreNoDftSOfdmKernel<float, __half, float, (unsigned int)2, (unsigned int)1, (unsigned short)4>(ch_est::puschRxChEstStatDescr_t *, ch_est::puschRxChEstDynDescr_t *)"
3884163254,8928,82669,137,2,1,24,2,1,44,0.001,0.001,,,,,NVIDIA A100-SXM4-40GB MIG 4g.20gb (0),1,,13,"void ch_est::chEstFilterNoDftSOfdmDispatchKernel<float, __half, float, (unsigned int)2>(ch_est::puschRxChEstStatDescr_t *, ch_est::puschRxChEstDynDescr_t *)"
3884199798,19679,82670,137,2,1,24,2,1,44,0.001,0.001,,,,,NVIDIA A100-SXM4-40GB MIG 4g.20gb (0),1,,13,"void ch_est::chEstFilterNoDftSOfdmDispatchKernel<float, __half, float, (unsigned int)2>(ch_est::puschRxChEstStatDescr_t *, ch_est::puschRxChEstDynDescr_t *)"
3884317908,5408,82681,103,1,1,128,1,1,16,0.000,0.000,,,,,NVIDIA A100-SXM4-40GB MIG 4g.20gb (0),1,,13,cupy_copy__complex64_complex64
3884324756,13472,82691,1434,1,1,128,1,1,16,0.000,0.000,,,,,NVIDIA A100-SXM4-40GB MIG 4g.20gb (0),1,,13,cupy_copy__complex64_complex64
3884423059,3808,82698,103,1,1,128,1,1,16,0.000,0.000,,,,,NVIDIA A100-SXM4-40GB MIG 4g.20gb (0),1,,13,cupy_copy__complex64_complex64
3884467219,240509,82705,1,1,1,32,32,1,30,0.000,0.000,,,,,NVIDIA A100-SXM4-40GB MIG 4g.20gb (0),1,,13,"void convert_kernel<__half2, float2>(tensor_layout_any, T1 *, tensor_layout_any, const T2 *)"
3884738607,5632,82708,,,,,,,,,,0.094,16636.287,Pinned,Device,NVIDIA A100-SXM4-40GB MIG 4g.20gb (0),1,,13,[CUDA memcpy Host-to-Device]
3884792975,56351,82709,,,,,,,,,,35.810,635447.030,Device,,NVIDIA A100-SXM4-40GB MIG 4g.20gb (0),1,,13,[CUDA memset]
3884857582,2112,82711,,,,,,,,,,0.000,37.879,Pinned,Device,NVIDIA A100-SXM4-40GB MIG 4g.20gb (0),1,,13,[CUDA memcpy Host-to-Device]
3884865166,9408,82712,,,,,,,,,,0.197,20897.858,Pinned,Device,NVIDIA A100-SXM4-40GB MIG 4g.20gb (0),1,,13,[CUDA memcpy Host-to-Device]
3884892494,20479,82713,273,1,1,48,1,1,40,0.000,0.001,,,,,NVIDIA A100-SXM4-40GB MIG 4g.20gb (0),1,,13,"void pusch_noise_intf_est::noiseIntfEstNoDftSOfdmKernel<float, __half, float, float, (unsigned int)2, (unsigned int)1, (unsigned char)4, (unsigned char)4>(pusch_noise_intf_est::puschRxNoiseIntfEstDynDescr)"
3884965293,3040,82724,35,1,1,128,1,1,16,0.000,0.000,,,,,NVIDIA A100-SXM4-40GB MIG 4g.20gb (0),1,,13,cupy_copy__complex64_complex64
3885018828,2208,82733,1,1,1,1,1,1,18,0.000,0.000,,,,,NVIDIA A100-SXM4-40GB MIG 4g.20gb (0),1,,13,cupy_copy__float32_float32
3885026220,1632,82739,,,,,,,,,,0.000,2.451,Device,Pageable,NVIDIA A100-SXM4-40GB MIG 4g.20gb (0),1,,7,[CUDA memcpy Device-to-Host]
3885152651,19263,82750,1434,1,1,128,1,1,16,0.000,0.000,,,,,NVIDIA A100-SXM4-40GB MIG 4g.20gb (0),1,,13,cupy_copy__complex64_complex64
3885234954,3744,82757,103,1,1,128,1,1,16,0.000,0.000,,,,,NVIDIA A100-SXM4-40GB MIG 4g.20gb (0),1,,13,cupy_copy__complex64_complex64
3885279433,5888,82764,35,1,1,128,1,1,16,0.000,0.000,,,,,NVIDIA A100-SXM4-40GB MIG 4g.20gb (0),1,,13,cupy_copy__complex64_complex64
3885287849,1984,82771,1,1,1,1,1,1,18,0.000,0.000,,,,,NVIDIA A100-SXM4-40GB MIG 4g.20gb (0),1,,13,cupy_copy__float32_float32
3885346120,206078,82782,1,1,1,32,32,1,30,0.000,0.000,,,,,NVIDIA A100-SXM4-40GB MIG 4g.20gb (0),1,,13,"void convert_kernel<__half2, float2>(tensor_layout_any, T1 *, tensor_layout_any, const T2 *)"
3885581126,5440,82785,,,,,,,,,,0.094,17223.480,Pinned,Device,NVIDIA A100-SXM4-40GB MIG 4g.20gb (0),1,,13,[CUDA memcpy Host-to-Device]
3885612357,6624,82786,,,,,,,,,,1.547,233487.639,Device,,NVIDIA A100-SXM4-40GB MIG 4g.20gb (0),1,,13,[CUDA memset]
3885622309,3872,82791,,,,,,,,,,0.031,8082.630,Pinned,Device,NVIDIA A100-SXM4-40GB MIG 4g.20gb (0),1,,13,[CUDA memcpy Host-to-Device]
3885628645,11840,82792,,,,,,,,,,0.197,16605.315,Pinned,Device,NVIDIA A100-SXM4-40GB MIG 4g.20gb (0),1,,13,[CUDA memcpy Host-to-Device]
3885684133,18015,82793,273,1,1,8,4,1,39,0.002,0.000,,,,,NVIDIA A100-SXM4-40GB MIG 4g.20gb (0),1,,13,"void channel_eq::eqMmseCoefCompLowMimoKernel<float, float, float, (unsigned int)4, (unsigned int)1, (unsigned int)4>(const channel_eq::_puschRxChEqStatDescr *, channel_eq::_puschRxChEqCoefCompDynDescr)"
3885737316,29088,82794,273,1,1,12,11,1,51,0.002,0.000,,,,,NVIDIA A100-SXM4-40GB MIG 4g.20gb (0),1,,13,"void channel_eq::eqMmseSoftDemapKernel<float, __half, __half, float, (unsigned int)4, (unsigned short)16383>(channel_eq::_puschRxChEqStatDescr *, channel_eq::_puschRxChEqSoftDemapDynDescr)"
3885795907,448315,82795,1,1,1,32,32,1,30,0.000,0.000,,,,,NVIDIA A100-SXM4-40GB MIG 4g.20gb (0),1,,13,"void convert_kernel<float2, __half2>(tensor_layout_any, T1 *, tensor_layout_any, const T2 *)"
3886263838,18400,82807,2253,1,1,128,1,1,16,0.000,0.000,,,,,NVIDIA A100-SXM4-40GB MIG 4g.20gb (0),1,,13,cupy_copy__float16_float16
3886346141,4096,82816,282,1,1,128,1,1,16,0.000,0.000,,,,,NVIDIA A100-SXM4-40GB MIG 4g.20gb (0),1,,13,cupy_copy__complex64_complex64
3886382940,4064,82825,26,1,1,128,1,1,16,0.000,0.000,,,,,NVIDIA A100-SXM4-40GB MIG 4g.20gb (0),1,,13,cupy_copy__float32_float32
3886389244,3936,82834,103,1,1,128,1,1,16,0.000,0.000,,,,,NVIDIA A100-SXM4-40GB MIG 4g.20gb (0),1,,13,cupy_copy__complex64_complex64
3886501723,15040,82850,1434,1,1,128,1,1,16,0.000,0.000,,,,,NVIDIA A100-SXM4-40GB MIG 4g.20gb (0),1,,13,cupy_copy__complex64_complex64
3886581338,241405,82855,1,1,1,32,32,1,30,0.000,0.000,,,,,NVIDIA A100-SXM4-40GB MIG 4g.20gb (0),1,,13,"void convert_kernel<__half2, float2>(tensor_layout_any, T1 *, tensor_layout_any, const T2 *)"
3886851223,6976,82858,,,,,,,,,,0.094,13431.134,Pinned,Device,NVIDIA A100-SXM4-40GB MIG 4g.20gb (0),1,,13,[CUDA memcpy Host-to-Device]
3886911958,634041,82859,,,,,,,,,,456.561,719997.391,Device,,NVIDIA A100-SXM4-40GB MIG 4g.20gb (0),1,,13,[CUDA memset]
3887551631,51263,82864,,,,,,,,,,1.235,24090.053,Pinned,Device,NVIDIA A100-SXM4-40GB MIG 4g.20gb (0),1,,13,[CUDA memcpy Host-to-Device]
3887607662,9376,82865,,,,,,,,,,0.197,20969.226,Pinned,Device,NVIDIA A100-SXM4-40GB MIG 4g.20gb (0),1,,13,[CUDA memcpy Host-to-Device]
3887686765,13408,82866,69,4,1,48,1,1,76,0.002,0.000,,,,,NVIDIA A100-SXM4-40GB MIG 4g.20gb (0),1,,13,"void ch_est::windowedChEstPreNoDftSOfdmKernel<float, __half, float, (unsigned int)2, (unsigned int)1, (unsigned short)4>(ch_est::puschRxChEstStatDescr_t *, ch_est::puschRxChEstDynDescr_t *)"
3887701645,7072,82867,137,2,1,24,2,1,44,0.001,0.001,,,,,NVIDIA A100-SXM4-40GB MIG 4g.20gb (0),1,,13,"void ch_est::chEstFilterNoDftSOfdmDispatchKernel<float, __half, float, (unsigned int)2>(ch_est::puschRxChEstStatDescr_t *, ch_est::puschRxChEstDynDescr_t *)"
3887724301,23712,82868,137,2,1,24,2,1,44,0.001,0.001,,,,,NVIDIA A100-SXM4-40GB MIG 4g.20gb (0),1,,13,"void ch_est::chEstFilterNoDftSOfdmDispatchKernel<float, __half, float, (unsigned int)2>(ch_est::puschRxChEstStatDescr_t *, ch_est::puschRxChEstDynDescr_t *)"
3887792972,3136,82879,103,1,1,128,1,1,16,0.000,0.000,,,,,NVIDIA A100-SXM4-40GB MIG 4g.20gb (0),1,,13,cupy_copy__complex64_complex64
3887834476,15424,82889,1434,1,1,128,1,1,16,0.000,0.000,,,,,NVIDIA A100-SXM4-40GB MIG 4g.20gb (0),1,,13,cupy_copy__complex64_complex64
3887917931,4576,82896,103,1,1,128,1,1,16,0.000,0.000,,,,,NVIDIA A100-SXM4-40GB MIG 4g.20gb (0),1,,13,cupy_copy__complex64_complex64
3887966730,231678,82903,1,1,1,32,32,1,30,0.000,0.000,,,,,NVIDIA A100-SXM4-40GB MIG 4g.20gb (0),1,,13,"void convert_kernel<__half2, float2>(tensor_layout_any, T1 *, tensor_layout_any, const T2 *)"
3888227751,7456,82906,,,,,,,,,,0.094,12566.508,Pinned,Device,NVIDIA A100-SXM4-40GB MIG 4g.20gb (0),1,,13,[CUDA memcpy Host-to-Device]
3888333702,57503,82907,,,,,,,,,,35.810,622734.509,Device,,NVIDIA A100-SXM4-40GB MIG 4g.20gb (0),1,,13,[CUDA memset]
3888399909,3648,82909,,,,,,,,,,0.000,21.930,Pinned,Device,NVIDIA A100-SXM4-40GB MIG 4g.20gb (0),1,,13,[CUDA memcpy Host-to-Device]
3888406117,11712,82910,,,,,,,,,,0.197,16786.784,Pinned,Device,NVIDIA A100-SXM4-40GB MIG 4g.20gb (0),1,,13,[CUDA memcpy Host-to-Device]
3888520388,18944,82911,273,1,1,48,1,1,40,0.000,0.001,,,,,NVIDIA A100-SXM4-40GB MIG 4g.20gb (0),1,,13,"void pusch_noise_intf_est::noiseIntfEstNoDftSOfdmKernel<float, __half, float, float, (unsigned int)2, (unsigned int)1, (unsigned char)4, (unsigned char)4>(pusch_noise_intf_est::puschRxNoiseIntfEstDynDescr)"
3888560547,6368,82922,35,1,1,128,1,1,16,0.000,0.000,,,,,NVIDIA A100-SXM4-40GB MIG 4g.20gb (0),1,,13,cupy_copy__complex64_complex64
3888569187,1984,82931,1,1,1,1,1,1,18,0.000,0.000,,,,,NVIDIA A100-SXM4-40GB MIG 4g.20gb (0),1,,13,cupy_copy__float32_float32
3888572291,1600,82937,,,,,,,,,,0.000,2.500,Device,Pageable,NVIDIA A100-SXM4-40GB MIG 4g.20gb (0),1,,7,[CUDA memcpy Device-to-Host]
3888661634,18912,82948,1434,1,1,128,1,1,16,0.000,0.000,,,,,NVIDIA A100-SXM4-40GB MIG 4g.20gb (0),1,,13,cupy_copy__complex64_complex64
3888747553,3456,82955,103,1,1,128,1,1,16,0.000,0.000,,,,,NVIDIA A100-SXM4-40GB MIG 4g.20gb (0),1,,13,cupy_copy__complex64_complex64
3888793601,6976,82962,35,1,1,128,1,1,16,0.000,0.000,,,,,NVIDIA A100-SXM4-40GB MIG 4g.20gb (0),1,,13,cupy_copy__complex64_complex64
3888802465,2400,82969,1,1,1,1,1,1,18,0.000,0.000,,,,,NVIDIA A100-SXM4-40GB MIG 4g.20gb (0),1,,13,cupy_copy__float32_float32
3888904255,246654,82980,1,1,1,32,32,1,30,0.000,0.000,,,,,NVIDIA A100-SXM4-40GB MIG 4g.20gb (0),1,,13,"void convert_kernel<__half2, float2>(tensor_layout_any, T1 *, tensor_layout_any, const T2 *)"
3889180508,5536,82983,,,,,,,,,,0.094,16924.777,Pinned,Device,NVIDIA A100-SXM4-40GB MIG 4g.20gb (0),1,,13,[CUDA memcpy Host-to-Device]
3889228156,8704,82984,,,,,,,,,,1.547,177690.085,Device,,NVIDIA A100-SXM4-40GB MIG 4g.20gb (0),1,,13,[CUDA memset]
3889245628,3168,82989,,,,,,,,,,0.031,9878.770,Pinned,Device,NVIDIA A100-SXM4-40GB MIG 4g.20gb (0),1,,13,[CUDA memcpy Host-to-Device]
3889251804,9631,82990,,,,,,,,,,0.197,20414.005,Pinned,Device,NVIDIA A100-SXM4-40GB MIG 4g.20gb (0),1,,13,[CUDA memcpy Host-to-Device]
3889298267,18112,82991,273,1,1,8,4,1,39,0.002,0.000,,,,,NVIDIA A100-SXM4-40GB MIG 4g.20gb (0),1,,13,"void channel_eq::eqMmseCoefCompLowMimoKernel<float, float, float, (unsigned int)4, (unsigned int)1, (unsigned int)4>(const channel_eq::_puschRxChEqStatDescr *, channel_eq::_puschRxChEqCoefCompDynDescr)"
3889350522,24064,82992,273,1,1,12,11,1,51,0.002,0.000,,,,,NVIDIA A100-SXM4-40GB MIG 4g.20gb (0),1,,13,"void channel_eq::eqMmseSoftDemapKernel<float, __half, __half, float, (unsigned int)4, (unsigned short)16383>(channel_eq::_puschRxChEqStatDescr *, channel_eq::_puschRxChEqSoftDemapDynDescr)"
3889415226,606073,82993,1,1,1,32,32,1,30,0.000,0.000,,,,,NVIDIA A100-SXM4-40GB MIG 4g.20gb (0),1,,13,"void convert_kernel<float2, __half2>(tensor_layout_any, T1 *, tensor_layout_any, const T2 *)"
3890055666,15392,83005,2253,1,1,128,1,1,16,0.000,0.000,,,,,NVIDIA A100-SXM4-40GB MIG 4g.20gb (0),1,,13,cupy_copy__float16_float16
3890073810,3520,83014,282,1,1,128,1,1,16,0.000,0.000,,,,,NVIDIA A100-SXM4-40GB MIG 4g.20gb (0),1,,13,cupy_copy__complex64_complex64
3890173329,3136,83023,26,1,1,128,1,1,16,0.000,0.000,,,,,NVIDIA A100-SXM4-40GB MIG 4g.20gb (0),1,,13,cupy_copy__float32_float32
3890214672,7840,83032,103,1,1,128,1,1,16,0.000,0.000,,,,,NVIDIA A100-SXM4-40GB MIG 4g.20gb (0),1,,13,cupy_copy__complex64_complex64
3890223984,12416,83042,1434,1,1,128,1,1,16,0.000,0.000,,,,,NVIDIA A100-SXM4-40GB MIG 4g.20gb (0),1,,13,cupy_copy__complex64_complex64
3890281584,186782,83047,1,1,1,32,32,1,30,0.000,0.000,,,,,NVIDIA A100-SXM4-40GB MIG 4g.20gb (0),1,,13,"void convert_kernel<__half2, float2>(tensor_layout_any, T1 *, tensor_layout_any, const T2 *)"
3890498317,5376,83050,,,,,,,,,,0.094,17428.487,Pinned,Device,NVIDIA A100-SXM4-40GB MIG 4g.20gb (0),1,,13,[CUDA memcpy Host-to-Device]
3890566444,633241,83051,,,,,,,,,,456.561,720910.514,Device,,NVIDIA A100-SXM4-40GB MIG 4g.20gb (0),1,,13,[CUDA memset]
3891203205,51999,83056,,,,,,,,,,1.235,23749.208,Pinned,Device,NVIDIA A100-SXM4-40GB MIG 4g.20gb (0),1,,13,[CUDA memcpy Host-to-Device]
3891257668,10464,83057,,,,,,,,,,0.197,18788.844,Pinned,Device,NVIDIA A100-SXM4-40GB MIG 4g.20gb (0),1,,13,[CUDA memcpy Host-to-Device]
3891367299,17472,83058,69,4,1,48,1,1,76,0.002,0.000,,,,,NVIDIA A100-SXM4-40GB MIG 4g.20gb (0),1,,13,"void ch_est::windowedChEstPreNoDftSOfdmKernel<float, __half, float, (unsigned int)2, (unsigned int)1, (unsigned short)4>(ch_est::puschRxChEstStatDescr_t *, ch_est::puschRxChEstDynDescr_t *)"
3891444290,7296,83059,137,2,1,24,2,1,44,0.001,0.001,,,,,NVIDIA A100-SXM4-40GB MIG 4g.20gb (0),1,,13,"void ch_est::chEstFilterNoDftSOfdmDispatchKernel<float, __half, float, (unsigned int)2>(ch_est::puschRxChEstStatDescr_t *, ch_est::puschRxChEstDynDescr_t *)"
3891480834,19648,83060,137,2,1,24,2,1,44,0.001,0.001,,,,,NVIDIA A100-SXM4-40GB MIG 4g.20gb (0),1,,13,"void ch_est::chEstFilterNoDftSOfdmDispatchKernel<float, __half, float, (unsigned int)2>(ch_est::puschRxChEstStatDescr_t *, ch_est::puschRxChEstDynDescr_t *)"
3891552065,3232,83071,103,1,1,128,1,1,16,0.000,0.000,,,,,NVIDIA A100-SXM4-40GB MIG 4g.20gb (0),1,,13,cupy_copy__complex64_complex64
3891594049,17023,83081,1434,1,1,128,1,1,16,0.000,0.000,,,,,NVIDIA A100-SXM4-40GB MIG 4g.20gb (0),1,,13,cupy_copy__complex64_complex64
3891666720,4704,83088,103,1,1,128,1,1,16,0.000,0.000,,,,,NVIDIA A100-SXM4-40GB MIG 4g.20gb (0),1,,13,cupy_copy__complex64_complex64
3891708031,247261,83095,1,1,1,32,32,1,30,0.000,0.000,,,,,NVIDIA A100-SXM4-40GB MIG 4g.20gb (0),1,,13,"void convert_kernel<__half2, float2>(tensor_layout_any, T1 *, tensor_layout_any, const T2 *)"
3891986012,5408,83098,,,,,,,,,,0.094,17325.421,Pinned,Device,NVIDIA A100-SXM4-40GB MIG 4g.20gb (0),1,,13,[CUDA memcpy Host-to-Device]
3892074043,60735,83099,,,,,,,,,,35.810,589574.523,Device,,NVIDIA A100-SXM4-40GB MIG 4g.20gb (0),1,,13,[CUDA memset]
3892139130,2912,83101,,,,,,,,,,0.000,27.472,Pinned,Device,NVIDIA A100-SXM4-40GB MIG 4g.20gb (0),1,,13,[CUDA memcpy Host-to-Device]
3892149466,9344,83102,,,,,,,,,,0.197,21040.988,Pinned,Device,NVIDIA A100-SXM4-40GB MIG 4g.20gb (0),1,,13,[CUDA memcpy Host-to-Device]
3892267193,19008,83103,273,1,1,48,1,1,40,0.000,0.001,,,,,NVIDIA A100-SXM4-40GB MIG 4g.20gb (0),1,,13,"void pusch_noise_intf_est::noiseIntfEstNoDftSOfdmKernel<float, __half, float, float, (unsigned int)2, (unsigned int)1, (unsigned char)4, (unsigned char)4>(pusch_noise_intf_est::puschRxNoiseIntfEstDynDescr)"
3892303544,8512,83114,35,1,1,128,1,1,16,0.000,0.000,,,,,NVIDIA A100-SXM4-40GB MIG 4g.20gb (0),1,,13,cupy_copy__complex64_complex64
3892313912,1888,83123,1,1,1,1,1,1,18,0.000,0.000,,,,,NVIDIA A100-SXM4-40GB MIG 4g.20gb (0),1,,13,cupy_copy__float32_float32
3892322136,1600,83129,,,,,,,,,,0.000,2.500,Device,Pageable,NVIDIA A100-SXM4-40GB MIG 4g.20gb (0),1,,7,[CUDA memcpy Device-to-Host]
3892416183,17152,83140,1434,1,1,128,1,1,16,0.000,0.000,,,,,NVIDIA A100-SXM4-40GB MIG 4g.20gb (0),1,,13,cupy_copy__complex64_complex64
3892491062,3264,83147,103,1,1,128,1,1,16,0.000,0.000,,,,,NVIDIA A100-SXM4-40GB MIG 4g.20gb (0),1,,13,cupy_copy__complex64_complex64
3892532790,11808,83154,35,1,1,128,1,1,16,0.000,0.000,,,,,NVIDIA A100-SXM4-40GB MIG 4g.20gb (0),1,,13,cupy_copy__complex64_complex64
3892545558,2176,83161,1,1,1,1,1,1,18,0.000,0.000,,,,,NVIDIA A100-SXM4-40GB MIG 4g.20gb (0),1,,13,cupy_copy__float32_float32
3892653044,241374,83172,1,1,1,32,32,1,30,0.000,0.000,,,,,NVIDIA A100-SXM4-40GB MIG 4g.20gb (0),1,,13,"void convert_kernel<__half2, float2>(tensor_layout_any, T1 *, tensor_layout_any, const T2 *)"
3892922001,5408,83175,,,,,,,,,,0.094,17325.421,Pinned,Device,NVIDIA A100-SXM4-40GB MIG 4g.20gb (0),1,,13,[CUDA memcpy Host-to-Device]
3892988433,8607,83176,,,,,,,,,,1.547,179692.963,Device,,NVIDIA A100-SXM4-40GB MIG 4g.20gb (0),1,,13,[CUDA memset]
3893002064,3040,83181,,,,,,,,,,0.031,10294.725,Pinned,Device,NVIDIA A100-SXM4-40GB MIG 4g.20gb (0),1,,13,[CUDA memcpy Host-to-Device]
3893007568,9952,83182,,,,,,,,,,0.197,19755.565,Pinned,Device,NVIDIA A100-SXM4-40GB MIG 4g.20gb (0),1,,13,[CUDA memcpy Host-to-Device]
3893058192,15968,83183,273,1,1,8,4,1,39,0.002,0.000,,,,,NVIDIA A100-SXM4-40GB MIG 4g.20gb (0),1,,13,"void channel_eq::eqMmseCoefCompLowMimoKernel<float, float, float, (unsigned int)4, (unsigned int)1, (unsigned int)4>(const channel_eq::_puschRxChEqStatDescr *, channel_eq::_puschRxChEqCoefCompDynDescr)"
3893114767,24000,83184,273,1,1,12,11,1,51,0.002,0.000,,,,,NVIDIA A100-SXM4-40GB MIG 4g.20gb (0),1,,13,"void channel_eq::eqMmseSoftDemapKernel<float, __half, __half, float, (unsigned int)4, (unsigned short)16383>(channel_eq::_puschRxChEqStatDescr *, channel_eq::_puschRxChEqSoftDemapDynDescr)"
3893173998,641529,83185,1,1,1,32,32,1,30,0.000,0.000,,,,,NVIDIA A100-SXM4-40GB MIG 4g.20gb (0),1,,13,"void convert_kernel<float2, __half2>(tensor_layout_any, T1 *, tensor_layout_any, const T2 *)"
3893817639,14400,83197,2253,1,1,128,1,1,16,0.000,0.000,,,,,NVIDIA A100-SXM4-40GB MIG 4g.20gb (0),1,,13,cupy_copy__float16_float16
3893889798,6368,83206,282,1,1,128,1,1,16,0.000,0.000,,,,,NVIDIA A100-SXM4-40GB MIG 4g.20gb (0),1,,13,cupy_copy__complex64_complex64
3893925606,7008,83215,26,1,1,128,1,1,16,0.000,0.000,,,,,NVIDIA A100-SXM4-40GB MIG 4g.20gb (0),1,,13,cupy_copy__float32_float32
3893933510,4032,83224,103,1,1,128,1,1,16,0.000,0.000,,,,,NVIDIA A100-SXM4-40GB MIG 4g.20gb (0),1,,13,cupy_copy__complex64_complex64
3893939430,14975,83234,1434,1,1,128,1,1,16,0.000,0.000,,,,,NVIDIA A100-SXM4-40GB MIG 4g.20gb (0),1,,13,cupy_copy__complex64_complex64
3894034341,208989,83239,1,1,1,32,32,1,30,0.000,0.000,,,,,NVIDIA A100-SXM4-40GB MIG 4g.20gb (0),1,,13,"void convert_kernel<__half2, float2>(tensor_layout_any, T1 *, tensor_layout_any, const T2 *)"
3894273634,6624,83242,,,,,,,,,,0.094,14144.910,Pinned,Device,NVIDIA A100-SXM4-40GB MIG 4g.20gb (0),1,,13,[CUDA memcpy Host-to-Device]
3894317569,642073,83243,,,,,,,,,,456.561,710866.162,Device,,NVIDIA A100-SXM4-40GB MIG 4g.20gb (0),1,,13,[CUDA memset]
3894968154,52831,83248,,,,,,,,,,1.235,23375.020,Pinned,Device,NVIDIA A100-SXM4-40GB MIG 4g.20gb (0),1,,13,[CUDA memcpy Host-to-Device]
3895023417,9472,83249,,,,,,,,,,0.197,20756.693,Pinned,Device,NVIDIA A100-SXM4-40GB MIG 4g.20gb (0),1,,13,[CUDA memcpy Host-to-Device]
3895131352,17792,83250,69,4,1,48,1,1,76,0.002,0.000,,,,,NVIDIA A100-SXM4-40GB MIG 4g.20gb (0),1,,13,"void ch_est::windowedChEstPreNoDftSOfdmKernel<float, __half, float, (unsigned int)2, (unsigned int)1, (unsigned short)4>(ch_est::puschRxChEstStatDescr_t *, ch_est::puschRxChEstDynDescr_t *)"
3895203767,8704,83251,137,2,1,24,2,1,44,0.001,0.001,,,,,NVIDIA A100-SXM4-40GB MIG 4g.20gb (0),1,,13,"void ch_est::chEstFilterNoDftSOfdmDispatchKernel<float, __half, float, (unsigned int)2>(ch_est::puschRxChEstStatDescr_t *, ch_est::puschRxChEstDynDescr_t *)"
3895247511,19807,83252,137,2,1,24,2,1,44,0.001,0.001,,,,,NVIDIA A100-SXM4-40GB MIG 4g.20gb (0),1,,13,"void ch_est::chEstFilterNoDftSOfdmDispatchKernel<float, __half, float, (unsigned int)2>(ch_est::puschRxChEstStatDescr_t *, ch_est::puschRxChEstDynDescr_t *)"
3895317302,3232,83263,103,1,1,128,1,1,16,0.000,0.000,,,,,NVIDIA A100-SXM4-40GB MIG 4g.20gb (0),1,,13,cupy_copy__complex64_complex64
3895354837,17120,83273,1434,1,1,128,1,1,16,0.000,0.000,,,,,NVIDIA A100-SXM4-40GB MIG 4g.20gb (0),1,,13,cupy_copy__complex64_complex64
3895437428,3680,83280,103,1,1,128,1,1,16,0.000,0.000,,,,,NVIDIA A100-SXM4-40GB MIG 4g.20gb (0),1,,13,cupy_copy__complex64_complex64
3895481556,246141,83287,1,1,1,32,32,1,30,0.000,0.000,,,,,NVIDIA A100-SXM4-40GB MIG 4g.20gb (0),1,,13,"void convert_kernel<__half2, float2>(tensor_layout_any, T1 *, tensor_layout_any, const T2 *)"
3895759281,5664,83290,,,,,,,,,,0.094,16542.310,Pinned,Device,NVIDIA A100-SXM4-40GB MIG 4g.20gb (0),1,,13,[CUDA memcpy Host-to-Device]
3895820368,59551,83291,,,,,,,,,,35.810,601320.177,Device,,NVIDIA A100-SXM4-40GB MIG 4g.20gb (0),1,,13,[CUDA memset]
3895881423,2080,83293,,,,,,,,,,0.000,38.462,Pinned,Device,NVIDIA A100-SXM4-40GB MIG 4g.20gb (0),1,,13,[CUDA memcpy Host-to-Device]
3895890575,13536,83294,,,,,,,,,,0.197,14524.809,Pinned,Device,NVIDIA A100-SXM4-40GB MIG 4g.20gb (0),1,,13,[CUDA memcpy Host-to-Device]
3896009774,17280,83295,273,1,1,48,1,1,40,0.000,0.001,,,,,NVIDIA A100-SXM4-40GB MIG 4g.20gb (0),1,,13,"void pusch_noise_intf_est::noiseIntfEstNoDftSOfdmKernel<float, __half, float, float, (unsigned int)2, (unsigned int)1, (unsigned char)4, (unsigned char)4>(pusch_noise_intf_est::puschRxNoiseIntfEstDynDescr)"
3896050285,5952,83306,35,1,1,128,1,1,16,0.000,0.000,,,,,NVIDIA A100-SXM4-40GB MIG 4g.20gb (0),1,,13,cupy_copy__complex64_complex64
3896058541,1920,83315,1,1,1,1,1,1,18,0.000,0.000,,,,,NVIDIA A100-SXM4-40GB MIG 4g.20gb (0),1,,13,cupy_copy__float32_float32
3896064813,1600,83321,,,,,,,,,,0.000,2.500,Device,Pageable,NVIDIA A100-SXM4-40GB MIG 4g.20gb (0),1,,7,[CUDA memcpy Device-to-Host]
3896156588,21248,83332,1434,1,1,128,1,1,16,0.000,0.000,,,,,NVIDIA A100-SXM4-40GB MIG 4g.20gb (0),1,,13,cupy_copy__complex64_complex64
3896179724,3008,83339,103,1,1,128,1,1,16,0.000,0.000,,,,,NVIDIA A100-SXM4-40GB MIG 4g.20gb (0),1,,13,cupy_copy__complex64_complex64
3896201676,4256,83346,35,1,1,128,1,1,16,0.000,0.000,,,,,NVIDIA A100-SXM4-40GB MIG 4g.20gb (0),1,,13,cupy_copy__complex64_complex64
3896268971,2400,83353,1,1,1,1,1,1,18,0.000,0.000,,,,,NVIDIA A100-SXM4-40GB MIG 4g.20gb (0),1,,13,cupy_copy__float32_float32
3896384426,247453,83364,1,1,1,32,32,1,30,0.000,0.000,,,,,NVIDIA A100-SXM4-40GB MIG 4g.20gb (0),1,,13,"void convert_kernel<__half2, float2>(tensor_layout_any, T1 *, tensor_layout_any, const T2 *)"
3896662086,5408,83367,,,,,,,,,,0.094,17325.421,Pinned,Device,NVIDIA A100-SXM4-40GB MIG 4g.20gb (0),1,,13,[CUDA memcpy Host-to-Device]
3896698726,6528,83368,,,,,,,,,,1.547,236921.144,Device,,NVIDIA A100-SXM4-40GB MIG 4g.20gb (0),1,,13,[CUDA memset]
3896709478,3040,83373,,,,,,,,,,0.031,10294.725,Pinned,Device,NVIDIA A100-SXM4-40GB MIG 4g.20gb (0),1,,13,[CUDA memcpy Host-to-Device]
3896715046,13728,83374,,,,,,,,,,0.197,14321.517,Pinned,Device,NVIDIA A100-SXM4-40GB MIG 4g.20gb (0),1,,13,[CUDA memcpy Host-to-Device]
3896747877,19424,83375,273,1,1,8,4,1,39,0.002,0.000,,,,,NVIDIA A100-SXM4-40GB MIG 4g.20gb (0),1,,13,"void channel_eq::eqMmseCoefCompLowMimoKernel<float, float, float, (unsigned int)4, (unsigned int)1, (unsigned int)4>(const channel_eq::_puschRxChEqStatDescr *, channel_eq::_puschRxChEqCoefCompDynDescr)"
3896820133,10175,83376,273,1,1,12,11,1,51,0.002,0.000,,,,,NVIDIA A100-SXM4-40GB MIG 4g.20gb (0),1,,13,"void channel_eq::eqMmseSoftDemapKernel<float, __half, __half, float, (unsigned int)4, (unsigned short)16383>(channel_eq::_puschRxChEqStatDescr *, channel_eq::_puschRxChEqSoftDemapDynDescr)"
3896862500,619545,83377,1,1,1,32,32,1,30,0.000,0.000,,,,,NVIDIA A100-SXM4-40GB MIG 4g.20gb (0),1,,13,"void convert_kernel<float2, __half2>(tensor_layout_any, T1 *, tensor_layout_any, const T2 *)"
3897500637,15232,83389,2253,1,1,128,1,1,16,0.000,0.000,,,,,NVIDIA A100-SXM4-40GB MIG 4g.20gb (0),1,,13,cupy_copy__float16_float16
3897573628,4576,83398,282,1,1,128,1,1,16,0.000,0.000,,,,,NVIDIA A100-SXM4-40GB MIG 4g.20gb (0),1,,13,cupy_copy__complex64_complex64
3897609819,3712,83407,26,1,1,128,1,1,16,0.000,0.000,,,,,NVIDIA A100-SXM4-40GB MIG 4g.20gb (0),1,,13,cupy_copy__float32_float32
3897615419,5056,83416,103,1,1,128,1,1,16,0.000,0.000,,,,,NVIDIA A100-SXM4-40GB MIG 4g.20gb (0),1,,13,cupy_copy__complex64_complex64
3897621755,14272,83426,1434,1,1,128,1,1,16,0.000,0.000,,,,,NVIDIA A100-SXM4-40GB MIG 4g.20gb (0),1,,13,cupy_copy__complex64_complex64
3897651515,232957,83431,1,1,1,32,32,1,30,0.000,0.000,,,,,NVIDIA A100-SXM4-40GB MIG 4g.20gb (0),1,,13,"void convert_kernel<__half2, float2>(tensor_layout_any, T1 *, tensor_layout_any, const T2 *)"
3897914136,5536,83434,,,,,,,,,,0.094,16924.777,Pinned,Device,NVIDIA A100-SXM4-40GB MIG 4g.20gb (0),1,,13,[CUDA memcpy Host-to-Device]
3897990775,635225,83435,,,,,,,,,,456.561,718627.707,Device,,NVIDIA A100-SXM4-40GB MIG 4g.20gb (0),1,,13,[CUDA memset]
3898629296,53919,83440,,,,,,,,,,1.235,22903.271,Pinned,Device,NVIDIA A100-SXM4-40GB MIG 4g.20gb (0),1,,13,[CUDA memcpy Host-to-Device]
3898686127,9376,83441,,,,,,,,,,0.197,20969.226,Pinned,Device,NVIDIA A100-SXM4-40GB MIG 4g.20gb (0),1,,13,[CUDA memcpy Host-to-Device]
3898789518,21856,83442,69,4,1,48,1,1,76,0.002,0.000,,,,,NVIDIA A100-SXM4-40GB MIG 4g.20gb (0),1,,13,"void ch_est::windowedChEstPreNoDftSOfdmKernel<float, __half, float, (unsigned int)2, (unsigned int)1, (unsigned short)4>(ch_est::puschRxChEstStatDescr_t *, ch_est::puschRxChEstDynDescr_t *)"
3898813806,7008,83443,137,2,1,24,2,1,44,0.001,0.001,,,,,NVIDIA A100-SXM4-40GB MIG 4g.20gb (0),1,,13,"void ch_est::chEstFilterNoDftSOfdmDispatchKernel<float, __half, float, (unsigned int)2>(ch_est::puschRxChEstStatDescr_t *, ch_est::puschRxChEstDynDescr_t *)"
3898835149,19424,83444,137,2,1,24,2,1,44,0.001,0.001,,,,,NVIDIA A100-SXM4-40GB MIG 4g.20gb (0),1,,13,"void ch_est::chEstFilterNoDftSOfdmDispatchKernel<float, __half, float, (unsigned int)2>(ch_est::puschRxChEstStatDescr_t *, ch_est::puschRxChEstDynDescr_t *)"
3898903597,4256,83455,103,1,1,128,1,1,16,0.000,0.000,,,,,NVIDIA A100-SXM4-40GB MIG 4g.20gb (0),1,,13,cupy_copy__complex64_complex64
3898943724,16736,83465,1434,1,1,128,1,1,16,0.000,0.000,,,,,NVIDIA A100-SXM4-40GB MIG 4g.20gb (0),1,,13,cupy_copy__complex64_complex64
3898961932,3136,83472,103,1,1,128,1,1,16,0.000,0.000,,,,,NVIDIA A100-SXM4-40GB MIG 4g.20gb (0),1,,13,cupy_copy__complex64_complex64
3898966412,160382,83479,1,1,1,32,32,1,30,0.000,0.000,,,,,NVIDIA A100-SXM4-40GB MIG 4g.20gb (0),1,,13,"void convert_kernel<__half2, float2>(tensor_layout_any, T1 *, tensor_layout_any, const T2 *)"
3899156874,5376,83482,,,,,,,,,,0.094,17428.487,Pinned,Device,NVIDIA A100-SXM4-40GB MIG 4g.20gb (0),1,,13,[CUDA memcpy Host-to-Device]
3899204969,59871,83483,,,,,,,,,,35.810,598097.284,Device,,NVIDIA A100-SXM4-40GB MIG 4g.20gb (0),1,,13,[CUDA memset]
3899266376,1952,83485,,,,,,,,,,0.000,40.984,Pinned,Device,NVIDIA A100-SXM4-40GB MIG 4g.20gb (0),1,,13,[CUDA memcpy Host-to-Device]
3899270728,11936,83486,,,,,,,,,,0.197,16471.818,Pinned,Device,NVIDIA A100-SXM4-40GB MIG 4g.20gb (0),1,,13,[CUDA memcpy Host-to-Device]
3899394055,18880,83487,273,1,1,48,1,1,40,0.000,0.001,,,,,NVIDIA A100-SXM4-40GB MIG 4g.20gb (0),1,,13,"void pusch_noise_intf_est::noiseIntfEstNoDftSOfdmKernel<float, __half, float, float, (unsigned int)2, (unsigned int)1, (unsigned char)4, (unsigned char)4>(pusch_noise_intf_est::puschRxNoiseIntfEstDynDescr)"
3899438502,4416,83498,35,1,1,128,1,1,16,0.000,0.000,,,,,NVIDIA A100-SXM4-40GB MIG 4g.20gb (0),1,,13,cupy_copy__complex64_complex64
3899444966,1664,83507,1,1,1,1,1,1,18,0.000,0.000,,,,,NVIDIA A100-SXM4-40GB MIG 4g.20gb (0),1,,13,cupy_copy__float32_float32
3899454534,1408,83513,,,,,,,,,,0.000,2.841,Device,Pageable,NVIDIA A100-SXM4-40GB MIG 4g.20gb (0),1,,7,[CUDA memcpy Device-to-Host]
3899565093,17120,83524,1434,1,1,128,1,1,16,0.000,0.000,,,,,NVIDIA A100-SXM4-40GB MIG 4g.20gb (0),1,,13,cupy_copy__complex64_complex64
3899584101,3040,83531,103,1,1,128,1,1,16,0.000,0.000,,,,,NVIDIA A100-SXM4-40GB MIG 4g.20gb (0),1,,13,cupy_copy__complex64_complex64
3899589317,2880,83538,35,1,1,128,1,1,16,0.000,0.000,,,,,NVIDIA A100-SXM4-40GB MIG 4g.20gb (0),1,,13,cupy_copy__complex64_complex64
3899707843,6400,83545,1,1,1,1,1,1,18,0.000,0.000,,,,,NVIDIA A100-SXM4-40GB MIG 4g.20gb (0),1,,13,cupy_copy__float32_float32
3899776707,241117,83556,1,1,1,32,32,1,30,0.000,0.000,,,,,NVIDIA A100-SXM4-40GB MIG 4g.20gb (0),1,,13,"void convert_kernel<__half2, float2>(tensor_layout_any, T1 *, tensor_layout_any, const T2 *)"
3900049951,5664,83559,,,,,,,,,,0.094,16542.310,Pinned,Device,NVIDIA A100-SXM4-40GB MIG 4g.20gb (0),1,,13,[CUDA memcpy Host-to-Device]
3900082207,9408,83560,,,,,,,,,,1.547,164393.758,Device,,NVIDIA A100-SXM4-40GB MIG 4g.20gb (0),1,,13,[CUDA memset]
3900098591,3008,83565,,,,,,,,,,0.031,10404.230,Pinned,Device,NVIDIA A100-SXM4-40GB MIG 4g.20gb (0),1,,13,[CUDA memcpy Host-to-Device]
3900106527,10848,83566,,,,,,,,,,0.197,18123.719,Pinned,Device,NVIDIA A100-SXM4-40GB MIG 4g.20gb (0),1,,13,[CUDA memcpy Host-to-Device]
3900157278,19584,83567,273,1,1,8,4,1,39,0.002,0.000,,,,,NVIDIA A100-SXM4-40GB MIG 4g.20gb (0),1,,13,"void channel_eq::eqMmseCoefCompLowMimoKernel<float, float, float, (unsigned int)4, (unsigned int)1, (unsigned int)4>(const channel_eq::_puschRxChEqStatDescr *, channel_eq::_puschRxChEqCoefCompDynDescr)"
3900209310,25023,83568,273,1,1,12,11,1,51,0.002,0.000,,,,,NVIDIA A100-SXM4-40GB MIG 4g.20gb (0),1,,13,"void channel_eq::eqMmseSoftDemapKernel<float, __half, __half, float, (unsigned int)4, (unsigned short)16383>(channel_eq::_puschRxChEqStatDescr *, channel_eq::_puschRxChEqSoftDemapDynDescr)"
3900281117,460442,83569,1,1,1,32,32,1,30,0.000,0.000,,,,,NVIDIA A100-SXM4-40GB MIG 4g.20gb (0),1,,13,"void convert_kernel<float2, __half2>(tensor_layout_any, T1 *, tensor_layout_any, const T2 *)"
3900751479,16576,83581,2253,1,1,128,1,1,16,0.000,0.000,,,,,NVIDIA A100-SXM4-40GB MIG 4g.20gb (0),1,,13,cupy_copy__float16_float16
3900769463,3872,83590,282,1,1,128,1,1,16,0.000,0.000,,,,,NVIDIA A100-SXM4-40GB MIG 4g.20gb (0),1,,13,cupy_copy__complex64_complex64
3900872118,5312,83599,26,1,1,128,1,1,16,0.000,0.000,,,,,NVIDIA A100-SXM4-40GB MIG 4g.20gb (0),1,,13,cupy_copy__float32_float32
3900908534,8319,83608,103,1,1,128,1,1,16,0.000,0.000,,,,,NVIDIA A100-SXM4-40GB MIG 4g.20gb (0),1,,13,cupy_copy__complex64_complex64
3900919093,13088,83618,1434,1,1,128,1,1,16,0.000,0.000,,,,,NVIDIA A100-SXM4-40GB MIG 4g.20gb (0),1,,13,cupy_copy__complex64_complex64
3900979477,225021,83623,1,1,1,32,32,1,30,0.000,0.000,,,,,NVIDIA A100-SXM4-40GB MIG 4g.20gb (0),1,,13,"void convert_kernel<__half2, float2>(tensor_layout_any, T1 *, tensor_layout_any, const T2 *)"
3901234898,5760,83626,,,,,,,,,,0.094,16266.656,Pinned,Device,NVIDIA A100-SXM4-40GB MIG 4g.20gb (0),1,,13,[CUDA memcpy Host-to-Device]
3901246738,637432,83627,,,,,,,,,,456.561,715888.338,Device,,NVIDIA A100-SXM4-40GB MIG 4g.20gb (0),1,,13,[CUDA memset]
3901886378,52512,83632,,,,,,,,,,1.235,23517.039,Pinned,Device,NVIDIA A100-SXM4-40GB MIG 4g.20gb (0),1,,13,[CUDA memcpy Host-to-Device]
3901941674,10848,83633,,,,,,,,,,0.197,18123.719,Pinned,Device,NVIDIA A100-SXM4-40GB MIG 4g.20gb (0),1,,13,[CUDA memcpy Host-to-Device]
3902057448,15040,83634,69,4,1,48,1,1,76,0.002,0.000,,,,,NVIDIA A100-SXM4-40GB MIG 4g.20gb (0),1,,13,"void ch_est::windowedChEstPreNoDftSOfdmKernel<float, __half, float, (unsigned int)2, (unsigned int)1, (unsigned short)4>(ch_est::puschRxChEstStatDescr_t *, ch_est::puschRxChEstDynDescr_t *)"
3902124616,7743,83635,137,2,1,24,2,1,44,0.001,0.001,,,,,NVIDIA A100-SXM4-40GB MIG 4g.20gb (0),1,,13,"void ch_est::chEstFilterNoDftSOfdmDispatchKernel<float, __half, float, (unsigned int)2>(ch_est::puschRxChEstStatDescr_t *, ch_est::puschRxChEstDynDescr_t *)"
3902166439,21824,83636,137,2,1,24,2,1,44,0.001,0.001,,,,,NVIDIA A100-SXM4-40GB MIG 4g.20gb (0),1,,13,"void ch_est::chEstFilterNoDftSOfdmDispatchKernel<float, __half, float, (unsigned int)2>(ch_est::puschRxChEstStatDescr_t *, ch_est::puschRxChEstDynDescr_t *)"
3902234822,3808,83647,103,1,1,128,1,1,16,0.000,0.000,,,,,NVIDIA A100-SXM4-40GB MIG 4g.20gb (0),1,,13,cupy_copy__complex64_complex64
3902274118,17408,83657,1434,1,1,128,1,1,16,0.000,0.000,,,,,NVIDIA A100-SXM4-40GB MIG 4g.20gb (0),1,,13,cupy_copy__complex64_complex64
3902347461,4064,83664,103,1,1,128,1,1,16,0.000,0.000,,,,,NVIDIA A100-SXM4-40GB MIG 4g.20gb (0),1,,13,cupy_copy__complex64_complex64
3902390756,242462,83671,1,1,1,32,32,1,30,0.000,0.000,,,,,NVIDIA A100-SXM4-40GB MIG 4g.20gb (0),1,,13,"void convert_kernel<__half2, float2>(tensor_layout_any, T1 *, tensor_layout_any, const T2 *)"
3902661665,6464,83674,,,,,,,,,,0.094,14494.959,Pinned,Device,NVIDIA A100-SXM4-40GB MIG 4g.20gb (0),1,,13,[CUDA memcpy Host-to-Device]
3902730593,60063,83675,,,,,,,,,,35.810,596199.358,Device,,NVIDIA A100-SXM4-40GB MIG 4g.20gb (0),1,,13,[CUDA memset]
3902791968,1792,83677,,,,,,,,,,0.000,44.643,Pinned,Device,NVIDIA A100-SXM4-40GB MIG 4g.20gb (0),1,,13,[CUDA memcpy Host-to-Device]
3902796224,11808,83678,,,,,,,,,,0.197,16650.338,Pinned,Device,NVIDIA A100-SXM4-40GB MIG 4g.20gb (0),1,,13,[CUDA memcpy Host-to-Device]
3902918334,21312,83679,273,1,1,48,1,1,40,0.000,0.001,,,,,NVIDIA A100-SXM4-40GB MIG 4g.20gb (0),1,,13,"void pusch_noise_intf_est::noiseIntfEstNoDftSOfdmKernel<float, __half, float, float, (unsigned int)2, (unsigned int)1, (unsigned char)4, (unsigned char)4>(pusch_noise_intf_est::puschRxNoiseIntfEstDynDescr)"
3902956894,9664,83690,35,1,1,128,1,1,16,0.000,0.000,,,,,NVIDIA A100-SXM4-40GB MIG 4g.20gb (0),1,,13,cupy_copy__complex64_complex64
3902968318,1920,83699,1,1,1,1,1,1,18,0.000,0.000,,,,,NVIDIA A100-SXM4-40GB MIG 4g.20gb (0),1,,13,cupy_copy__float32_float32
3902977630,1600,83705,,,,,,,,,,0.000,2.500,Device,Pageable,NVIDIA A100-SXM4-40GB MIG 4g.20gb (0),1,,7,[CUDA memcpy Device-to-Host]
3903083101,15135,83716,1434,1,1,128,1,1,16,0.000,0.000,,,,,NVIDIA A100-SXM4-40GB MIG 4g.20gb (0),1,,13,cupy_copy__complex64_complex64
3903146652,3360,83723,103,1,1,128,1,1,16,0.000,0.000,,,,,NVIDIA A100-SXM4-40GB MIG 4g.20gb (0),1,,13,cupy_copy__complex64_complex64
3903191387,6496,83730,35,1,1,128,1,1,16,0.000,0.000,,,,,NVIDIA A100-SXM4-40GB MIG 4g.20gb (0),1,,13,cupy_copy__complex64_complex64
3903201275,2176,83737,1,1,1,1,1,1,18,0.000,0.000,,,,,NVIDIA A100-SXM4-40GB MIG 4g.20gb (0),1,,13,cupy_copy__float32_float32
3903306426,251741,83748,1,1,1,32,32,1,30,0.000,0.000,,,,,NVIDIA A100-SXM4-40GB MIG 4g.20gb (0),1,,13,"void convert_kernel<__half2, float2>(tensor_layout_any, T1 *, tensor_layout_any, const T2 *)"
3903587383,5376,83751,,,,,,,,,,0.094,17428.487,Pinned,Device,NVIDIA A100-SXM4-40GB MIG 4g.20gb (0),1,,13,[CUDA memcpy Host-to-Device]
3903619190,7456,83752,,,,,,,,,,1.547,207433.211,Device,,NVIDIA A100-SXM4-40GB MIG 4g.20gb (0),1,,13,[CUDA memset]
3903629302,4160,83757,,,,,,,,,,0.031,7523.058,Pinned,Device,NVIDIA A100-SXM4-40GB MIG 4g.20gb (0),1,,13,[CUDA memcpy Host-to-Device]
3903636758,9536,83758,,,,,,,,,,0.197,20617.298,Pinned,Device,NVIDIA A100-SXM4-40GB MIG 4g.20gb (0),1,,13,[CUDA memcpy Host-to-Device]
3903699285,14336,83759,273,1,1,8,4,1,39,0.002,0.000,,,,,NVIDIA A100-SXM4-40GB MIG 4g.20gb (0),1,,13,"void channel_eq::eqMmseCoefCompLowMimoKernel<float, float, float, (unsigned int)4, (unsigned int)1, (unsigned int)4>(const channel_eq::_puschRxChEqStatDescr *, channel_eq::_puschRxChEqCoefCompDynDescr)"
3903758805,22463,83760,273,1,1,12,11,1,51,0.002,0.000,,,,,NVIDIA A100-SXM4-40GB MIG 4g.20gb (0),1,,13,"void channel_eq::eqMmseSoftDemapKernel<float, __half, __half, float, (unsigned int)4, (unsigned short)16383>(channel_eq::_puschRxChEqStatDescr *, channel_eq::_puschRxChEqSoftDemapDynDescr)"
3903821652,451195,83761,1,1,1,32,32,1,30,0.000,0.000,,,,,NVIDIA A100-SXM4-40GB MIG 4g.20gb (0),1,,13,"void convert_kernel<float2, __half2>(tensor_layout_any, T1 *, tensor_layout_any, const T2 *)"
3904301711,26143,83773,2253,1,1,128,1,1,16,0.000,0.000,,,,,NVIDIA A100-SXM4-40GB MIG 4g.20gb (0),1,,13,cupy_copy__float16_float16
3904349102,5376,83782,282,1,1,128,1,1,16,0.000,0.000,,,,,NVIDIA A100-SXM4-40GB MIG 4g.20gb (0),1,,13,cupy_copy__complex64_complex64
3904415469,2816,83791,26,1,1,128,1,1,16,0.000,0.000,,,,,NVIDIA A100-SXM4-40GB MIG 4g.20gb (0),1,,13,cupy_copy__float32_float32
3904453165,7648,83800,103,1,1,128,1,1,16,0.000,0.000,,,,,NVIDIA A100-SXM4-40GB MIG 4g.20gb (0),1,,13,cupy_copy__complex64_complex64
3904463053,15455,83810,1434,1,1,128,1,1,16,0.000,0.000,,,,,NVIDIA A100-SXM4-40GB MIG 4g.20gb (0),1,,13,cupy_copy__complex64_complex64
3904568267,239102,83815,1,1,1,32,32,1,30,0.000,0.000,,,,,NVIDIA A100-SXM4-40GB MIG 4g.20gb (0),1,,13,"void convert_kernel<__half2, float2>(tensor_layout_any, T1 *, tensor_layout_any, const T2 *)"
3904835560,5344,83818,,,,,,,,,,0.094,17532.864,Pinned,Device,NVIDIA A100-SXM4-40GB MIG 4g.20gb (0),1,,13,[CUDA memcpy Host-to-Device]
3904906856,635448,83819,,,,,,,,,,456.561,718171.145,Device,,NVIDIA A100-SXM4-40GB MIG 4g.20gb (0),1,,13,[CUDA memset]
3905551040,51936,83824,,,,,,,,,,1.235,23777.612,Pinned,Device,NVIDIA A100-SXM4-40GB MIG 4g.20gb (0),1,,13,[CUDA memcpy Host-to-Device]
3905605440,9951,83825,,,,,,,,,,0.197,19757.531,Pinned,Device,NVIDIA A100-SXM4-40GB MIG 4g.20gb (0),1,,13,[CUDA memcpy Host-to-Device]
3905716798,18208,83826,69,4,1,48,1,1,76,0.002,0.000,,,,,NVIDIA A100-SXM4-40GB MIG 4g.20gb (0),1,,13,"void ch_est::windowedChEstPreNoDftSOfdmKernel<float, __half, float, (unsigned int)2, (unsigned int)1, (unsigned short)4>(ch_est::puschRxChEstStatDescr_t *, ch_est::puschRxChEstDynDescr_t *)"
3905786877,9152,83827,137,2,1,24,2,1,44,0.001,0.001,,,,,NVIDIA A100-SXM4-40GB MIG 4g.20gb (0),1,,13,"void ch_est::chEstFilterNoDftSOfdmDispatchKernel<float, __half, float, (unsigned int)2>(ch_est::puschRxChEstStatDescr_t *, ch_est::puschRxChEstDynDescr_t *)"
3905820637,16864,83828,137,2,1,24,2,1,44,0.001,0.001,,,,,NVIDIA A100-SXM4-40GB MIG 4g.20gb (0),1,,13,"void ch_est::chEstFilterNoDftSOfdmDispatchKernel<float, __half, float, (unsigned int)2>(ch_est::puschRxChEstStatDescr_t *, ch_est::puschRxChEstDynDescr_t *)"
3905838749,3136,83839,103,1,1,128,1,1,16,0.000,0.000,,,,,NVIDIA A100-SXM4-40GB MIG 4g.20gb (0),1,,13,cupy_copy__complex64_complex64
3905916988,16704,83849,1434,1,1,128,1,1,16,0.000,0.000,,,,,NVIDIA A100-SXM4-40GB MIG 4g.20gb (0),1,,13,cupy_copy__complex64_complex64
3905969211,4640,83856,103,1,1,128,1,1,16,0.000,0.000,,,,,NVIDIA A100-SXM4-40GB MIG 4g.20gb (0),1,,13,cupy_copy__complex64_complex64
3905975163,222878,83863,1,1,1,32,32,1,30,0.000,0.000,,,,,NVIDIA A100-SXM4-40GB MIG 4g.20gb (0),1,,13,"void convert_kernel<__half2, float2>(tensor_layout_any, T1 *, tensor_layout_any, const T2 *)"
3906226584,5376,83866,,,,,,,,,,0.094,17428.487,Pinned,Device,NVIDIA A100-SXM4-40GB MIG 4g.20gb (0),1,,13,[CUDA memcpy Host-to-Device]
3906245400,57312,83867,,,,,,,,,,35.810,624811.484,Device,,NVIDIA A100-SXM4-40GB MIG 4g.20gb (0),1,,13,[CUDA memset]
3906310519,2368,83869,,,,,,,,,,0.000,33.784,Pinned,Device,NVIDIA A100-SXM4-40GB MIG 4g.20gb (0),1,,13,[CUDA memcpy Host-to-Device]
3906315415,9952,83870,,,,,,,,,,0.197,19755.565,Pinned,Device,NVIDIA A100-SXM4-40GB MIG 4g.20gb (0),1,,13,[CUDA memcpy Host-to-Device]
3906434422,22272,83871,273,1,1,48,1,1,40,0.000,0.001,,,,,NVIDIA A100-SXM4-40GB MIG 4g.20gb (0),1,,13,"void pusch_noise_intf_est::noiseIntfEstNoDftSOfdmKernel<float, __half, float, float, (unsigned int)2, (unsigned int)1, (unsigned char)4, (unsigned char)4>(pusch_noise_intf_est::puschRxNoiseIntfEstDynDescr)"
3906477078,10879,83882,35,1,1,128,1,1,16,0.000,0.000,,,,,NVIDIA A100-SXM4-40GB MIG 4g.20gb (0),1,,13,cupy_copy__complex64_complex64
3906490645,2464,83891,1,1,1,1,1,1,18,0.000,0.000,,,,,NVIDIA A100-SXM4-40GB MIG 4g.20gb (0),1,,13,cupy_copy__float32_float32
3906499253,1632,83897,,,,,,,,,,0.000,2.451,Device,Pageable,NVIDIA A100-SXM4-40GB MIG 4g.20gb (0),1,,7,[CUDA memcpy Device-to-Host]
3906596788,16224,83908,1434,1,1,128,1,1,16,0.000,0.000,,,,,NVIDIA A100-SXM4-40GB MIG 4g.20gb (0),1,,13,cupy_copy__complex64_complex64
3906614516,2592,83915,103,1,1,128,1,1,16,0.000,0.000,,,,,NVIDIA A100-SXM4-40GB MIG 4g.20gb (0),1,,13,cupy_copy__complex64_complex64
3906675379,3136,83922,35,1,1,128,1,1,16,0.000,0.000,,,,,NVIDIA A100-SXM4-40GB MIG 4g.20gb (0),1,,13,cupy_copy__complex64_complex64
3906724211,2432,83929,1,1,1,1,1,1,18,0.000,0.000,,,,,NVIDIA A100-SXM4-40GB MIG 4g.20gb (0),1,,13,cupy_copy__float32_float32
3906858065,254621,83940,1,1,1,32,32,1,30,0.000,0.000,,,,,NVIDIA A100-SXM4-40GB MIG 4g.20gb (0),1,,13,"void convert_kernel<__half2, float2>(tensor_layout_any, T1 *, tensor_layout_any, const T2 *)"
3907142126,5440,83943,,,,,,,,,,0.094,17223.480,Pinned,Device,NVIDIA A100-SXM4-40GB MIG 4g.20gb (0),1,,13,[CUDA memcpy Host-to-Device]
3907190829,11840,83944,,,,,,,,,,1.547,130626.316,Device,,NVIDIA A100-SXM4-40GB MIG 4g.20gb (0),1,,13,[CUDA memset]
3907205677,3456,83949,,,,,,,,,,0.031,9055.529,Pinned,Device,NVIDIA A100-SXM4-40GB MIG 4g.20gb (0),1,,13,[CUDA memcpy Host-to-Device]
3907212589,10304,83950,,,,,,,,,,0.197,19080.610,Pinned,Device,NVIDIA A100-SXM4-40GB MIG 4g.20gb (0),1,,13,[CUDA memcpy Host-to-Device]
3907261004,19872,83951,273,1,1,8,4,1,39,0.002,0.000,,,,,NVIDIA A100-SXM4-40GB MIG 4g.20gb (0),1,,13,"void channel_eq::eqMmseCoefCompLowMimoKernel<float, float, float, (unsigned int)4, (unsigned int)1, (unsigned int)4>(const channel_eq::_puschRxChEqStatDescr *, channel_eq::_puschRxChEqCoefCompDynDescr)"
3907311116,21440,83952,273,1,1,12,11,1,51,0.002,0.000,,,,,NVIDIA A100-SXM4-40GB MIG 4g.20gb (0),1,,13,"void channel_eq::eqMmseSoftDemapKernel<float, __half, __half, float, (unsigned int)4, (unsigned short)16383>(channel_eq::_puschRxChEqStatDescr *, channel_eq::_puschRxChEqSoftDemapDynDescr)"
3907377035,452603,83953,1,1,1,32,32,1,30,0.000,0.000,,,,,NVIDIA A100-SXM4-40GB MIG 4g.20gb (0),1,,13,"void convert_kernel<float2, __half2>(tensor_layout_any, T1 *, tensor_layout_any, const T2 *)"
3907868966,17599,83965,2253,1,1,128,1,1,16,0.000,0.000,,,,,NVIDIA A100-SXM4-40GB MIG 4g.20gb (0),1,,13,cupy_copy__float16_float16
3907887845,4160,83974,282,1,1,128,1,1,16,0.000,0.000,,,,,NVIDIA A100-SXM4-40GB MIG 4g.20gb (0),1,,13,cupy_copy__complex64_complex64
3907985316,2912,83983,26,1,1,128,1,1,16,0.000,0.000,,,,,NVIDIA A100-SXM4-40GB MIG 4g.20gb (0),1,,13,cupy_copy__float32_float32
3908021828,8640,83992,103,1,1,128,1,1,16,0.000,0.000,,,,,NVIDIA A100-SXM4-40GB MIG 4g.20gb (0),1,,13,cupy_copy__complex64_complex64
3908032484,14143,84002,1434,1,1,128,1,1,16,0.000,0.000,,,,,NVIDIA A100-SXM4-40GB MIG 4g.20gb (0),1,,13,cupy_copy__complex64_complex64
3908101923,180094,84007,1,1,1,32,32,1,30,0.000,0.000,,,,,NVIDIA A100-SXM4-40GB MIG 4g.20gb (0),1,,13,"void convert_kernel<__half2, float2>(tensor_layout_any, T1 *, tensor_layout_any, const T2 *)"
3908314400,5376,84010,,,,,,,,,,0.094,17428.487,Pinned,Device,NVIDIA A100-SXM4-40GB MIG 4g.20gb (0),1,,13,[CUDA memcpy Host-to-Device]
3908394175,636345,84011,,,,,,,,,,456.561,717258.022,Device,,NVIDIA A100-SXM4-40GB MIG 4g.20gb (0),1,,13,[CUDA memset]
3909031800,53184,84016,,,,,,,,,,1.235,23219.417,Pinned,Device,NVIDIA A100-SXM4-40GB MIG 4g.20gb (0),1,,13,[CUDA memcpy Host-to-Device]
3909088151,10688,84017,,,,,,,,,,0.197,18395.038,Pinned,Device,NVIDIA A100-SXM4-40GB MIG 4g.20gb (0),1,,13,[CUDA memcpy Host-to-Device]
3909207126,17728,84018,69,4,1,48,1,1,76,0.002,0.000,,,,,NVIDIA A100-SXM4-40GB MIG 4g.20gb (0),1,,13,"void ch_est::windowedChEstPreNoDftSOfdmKernel<float, __half, float, (unsigned int)2, (unsigned int)1, (unsigned short)4>(ch_est::puschRxChEstStatDescr_t *, ch_est::puschRxChEstDynDescr_t *)"
3909283317,9472,84019,137,2,1,24,2,1,44,0.001,0.001,,,,,NVIDIA A100-SXM4-40GB MIG 4g.20gb (0),1,,13,"void ch_est::chEstFilterNoDftSOfdmDispatchKernel<float, __half, float, (unsigned int)2>(ch_est::puschRxChEstStatDescr_t *, ch_est::puschRxChEstDynDescr_t *)"
3909316309,18880,84020,137,2,1,24,2,1,44,0.001,0.001,,,,,NVIDIA A100-SXM4-40GB MIG 4g.20gb (0),1,,13,"void ch_est::chEstFilterNoDftSOfdmDispatchKernel<float, __half, float, (unsigned int)2>(ch_est::puschRxChEstStatDescr_t *, ch_est::puschRxChEstDynDescr_t *)"
3909426036,5280,84031,103,1,1,128,1,1,16,0.000,0.000,,,,,NVIDIA A100-SXM4-40GB MIG 4g.20gb (0),1,,13,cupy_copy__complex64_complex64
3909433844,14207,84041,1434,1,1,128,1,1,16,0.000,0.000,,,,,NVIDIA A100-SXM4-40GB MIG 4g.20gb (0),1,,13,cupy_copy__complex64_complex64
3909542866,5280,84048,103,1,1,128,1,1,16,0.000,0.000,,,,,NVIDIA A100-SXM4-40GB MIG 4g.20gb (0),1,,13,cupy_copy__complex64_complex64
3909551026,208254,84055,1,1,1,32,32,1,30,0.000,0.000,,,,,NVIDIA A100-SXM4-40GB MIG 4g.20gb (0),1,,13,"void convert_kernel<__half2, float2>(tensor_layout_any, T1 *, tensor_layout_any, const T2 *)"
3909787151,7008,84058,,,,,,,,,,0.094,13369.857,Pinned,Device,NVIDIA A100-SXM4-40GB MIG 4g.20gb (0),1,,13,[CUDA memcpy Host-to-Device]
3909800559,56096,84059,,,,,,,,,,35.810,638347.634,Device,,NVIDIA A100-SXM4-40GB MIG 4g.20gb (0),1,,13,[CUDA memset]
3909862607,3904,84061,,,,,,,,,,0.000,20.492,Pinned,Device,NVIDIA A100-SXM4-40GB MIG 4g.20gb (0),1,,13,[CUDA memcpy Host-to-Device]
3909868975,9375,84062,,,,,,,,,,0.197,20971.389,Pinned,Device,NVIDIA A100-SXM4-40GB MIG 4g.20gb (0),1,,13,[CUDA memcpy Host-to-Device]
3909982989,18304,84063,273,1,1,48,1,1,40,0.000,0.001,,,,,NVIDIA A100-SXM4-40GB MIG 4g.20gb (0),1,,13,"void pusch_noise_intf_est::noiseIntfEstNoDftSOfdmKernel<float, __half, float, float, (unsigned int)2, (unsigned int)1, (unsigned char)4, (unsigned char)4>(pusch_noise_intf_est::puschRxNoiseIntfEstDynDescr)"
3910027661,6528,84074,35,1,1,128,1,1,16,0.000,0.000,,,,,NVIDIA A100-SXM4-40GB MIG 4g.20gb (0),1,,13,cupy_copy__complex64_complex64
3910036717,1696,84083,1,1,1,1,1,1,18,0.000,0.000,,,,,NVIDIA A100-SXM4-40GB MIG 4g.20gb (0),1,,13,cupy_copy__float32_float32
3910046380,3424,84089,,,,,,,,,,0.000,1.168,Device,Pageable,NVIDIA A100-SXM4-40GB MIG 4g.20gb (0),1,,7,[CUDA memcpy Device-to-Host]
3910130284,17855,84100,1434,1,1,128,1,1,16,0.000,0.000,,,,,NVIDIA A100-SXM4-40GB MIG 4g.20gb (0),1,,13,cupy_copy__complex64_complex64
3910215883,3551,84107,103,1,1,128,1,1,16,0.000,0.000,,,,,NVIDIA A100-SXM4-40GB MIG 4g.20gb (0),1,,13,cupy_copy__complex64_complex64
3910260298,8896,84114,35,1,1,128,1,1,16,0.000,0.000,,,,,NVIDIA A100-SXM4-40GB MIG 4g.20gb (0),1,,13,cupy_copy__complex64_complex64
3910272842,3648,84121,1,1,1,1,1,1,18,0.000,0.000,,,,,NVIDIA A100-SXM4-40GB MIG 4g.20gb (0),1,,13,cupy_copy__float32_float32
3910379273,252829,84132,1,1,1,32,32,1,30,0.000,0.000,,,,,NVIDIA A100-SXM4-40GB MIG 4g.20gb (0),1,,13,"void convert_kernel<__half2, float2>(tensor_layout_any, T1 *, tensor_layout_any, const T2 *)"
3910661061,6144,84135,,,,,,,,,,0.094,15249.961,Pinned,Device,NVIDIA A100-SXM4-40GB MIG 4g.20gb (0),1,,13,[CUDA memcpy Host-to-Device]
3910688805,6432,84136,,,,,,,,,,1.547,240456.727,Device,,NVIDIA A100-SXM4-40GB MIG 4g.20gb (0),1,,13,[CUDA memset]
3910703429,3072,84141,,,,,,,,,,0.031,10187.474,Pinned,Device,NVIDIA A100-SXM4-40GB MIG 4g.20gb (0),1,,13,[CUDA memcpy Host-to-Device]
3910709093,9664,84142,,,,,,,,,,0.197,20344.209,Pinned,Device,NVIDIA A100-SXM4-40GB MIG 4g.20gb (0),1,,13,[CUDA memcpy Host-to-Device]
3910756964,10304,84143,273,1,1,8,4,1,39,0.002,0.000,,,,,NVIDIA A100-SXM4-40GB MIG 4g.20gb (0),1,,13,"void channel_eq::eqMmseCoefCompLowMimoKernel<float, float, float, (unsigned int)4, (unsigned int)1, (unsigned int)4>(const channel_eq::_puschRxChEqStatDescr *, channel_eq::_puschRxChEqCoefCompDynDescr)"
3910814884,22367,84144,273,1,1,12,11,1,51,0.002,0.000,,,,,NVIDIA A100-SXM4-40GB MIG 4g.20gb (0),1,,13,"void channel_eq::eqMmseSoftDemapKernel<float, __half, __half, float, (unsigned int)4, (unsigned short)16383>(channel_eq::_puschRxChEqStatDescr *, channel_eq::_puschRxChEqSoftDemapDynDescr)"
3910878691,617593,84145,1,1,1,32,32,1,30,0.000,0.000,,,,,NVIDIA A100-SXM4-40GB MIG 4g.20gb (0),1,,13,"void convert_kernel<float2, __half2>(tensor_layout_any, T1 *, tensor_layout_any, const T2 *)"
3911543259,15360,84157,2253,1,1,128,1,1,16,0.000,0.000,,,,,NVIDIA A100-SXM4-40GB MIG 4g.20gb (0),1,,13,cupy_copy__float16_float16
3911589435,6752,84166,282,1,1,128,1,1,16,0.000,0.000,,,,,NVIDIA A100-SXM4-40GB MIG 4g.20gb (0),1,,13,cupy_copy__complex64_complex64
3911664154,2752,84175,26,1,1,128,1,1,16,0.000,0.000,,,,,NVIDIA A100-SXM4-40GB MIG 4g.20gb (0),1,,13,cupy_copy__float32_float32
3911703289,7648,84184,103,1,1,128,1,1,16,0.000,0.000,,,,,NVIDIA A100-SXM4-40GB MIG 4g.20gb (0),1,,13,cupy_copy__complex64_complex64
3911714649,14080,84194,1434,1,1,128,1,1,16,0.000,0.000,,,,,NVIDIA A100-SXM4-40GB MIG 4g.20gb (0),1,,13,cupy_copy__complex64_complex64
3911774393,179806,84199,1,1,1,32,32,1,30,0.000,0.000,,,,,NVIDIA A100-SXM4-40GB MIG 4g.20gb (0),1,,13,"void convert_kernel<__half2, float2>(tensor_layout_any, T1 *, tensor_layout_any, const T2 *)"
3911984694,5792,84202,,,,,,,,,,0.094,16176.708,Pinned,Device,NVIDIA A100-SXM4-40GB MIG 4g.20gb (0),1,,13,[CUDA memcpy Host-to-Device]
3912028598,633880,84203,,,,,,,,,,456.561,719997.391,Device,,NVIDIA A100-SXM4-40GB MIG 4g.20gb (0),1,,13,[CUDA memset]
3912671214,52768,84208,,,,,,,,,,1.235,23402.189,Pinned,Device,NVIDIA A100-SXM4-40GB MIG 4g.20gb (0),1,,13,[CUDA memcpy Host-to-Device]
3912727598,9344,84209,,,,,,,,,,0.197,21040.988,Pinned,Device,NVIDIA A100-SXM4-40GB MIG 4g.20gb (0),1,,13,[CUDA memcpy Host-to-Device]
3912834220,19392,84210,69,4,1,48,1,1,76,0.002,0.000,,,,,NVIDIA A100-SXM4-40GB MIG 4g.20gb (0),1,,13,"void ch_est::windowedChEstPreNoDftSOfdmKernel<float, __half, float, (unsigned int)2, (unsigned int)1, (unsigned short)4>(ch_est::puschRxChEstStatDescr_t *, ch_est::puschRxChEstDynDescr_t *)"
3912909804,9919,84211,137,2,1,24,2,1,44,0.001,0.001,,,,,NVIDIA A100-SXM4-40GB MIG 4g.20gb (0),1,,13,"void ch_est::chEstFilterNoDftSOfdmDispatchKernel<float, __half, float, (unsigned int)2>(ch_est::puschRxChEstStatDescr_t *, ch_est::puschRxChEstDynDescr_t *)"
3912943019,15872,84212,137,2,1,24,2,1,44,0.001,0.001,,,,,NVIDIA A100-SXM4-40GB MIG 4g.20gb (0),1,,13,"void ch_est::chEstFilterNoDftSOfdmDispatchKernel<float, __half, float, (unsigned int)2>(ch_est::puschRxChEstStatDescr_t *, ch_est::puschRxChEstDynDescr_t *)"
3912960395,2848,84223,103,1,1,128,1,1,16,0.000,0.000,,,,,NVIDIA A100-SXM4-40GB MIG 4g.20gb (0),1,,13,cupy_copy__complex64_complex64
3913047754,16352,84233,1434,1,1,128,1,1,16,0.000,0.000,,,,,NVIDIA A100-SXM4-40GB MIG 4g.20gb (0),1,,13,cupy_copy__complex64_complex64
3913099465,4768,84240,103,1,1,128,1,1,16,0.000,0.000,,,,,NVIDIA A100-SXM4-40GB MIG 4g.20gb (0),1,,13,cupy_copy__complex64_complex64
3913105481,239230,84247,1,1,1,32,32,1,30,0.000,0.000,,,,,NVIDIA A100-SXM4-40GB MIG 4g.20gb (0),1,,13,"void convert_kernel<__half2, float2>(tensor_layout_any, T1 *, tensor_layout_any, const T2 *)"
3913374566,5408,84250,,,,,,,,,,0.094,17325.421,Pinned,Device,NVIDIA A100-SXM4-40GB MIG 4g.20gb (0),1,,13,[CUDA memcpy Host-to-Device]
3913453733,59200,84251,,,,,,,,,,35.810,604865.359,Device,,NVIDIA A100-SXM4-40GB MIG 4g.20gb (0),1,,13,[CUDA memset]
3913514181,1888,84253,,,,,,,,,,0.000,42.373,Pinned,Device,NVIDIA A100-SXM4-40GB MIG 4g.20gb (0),1,,13,[CUDA memcpy Host-to-Device]
3913518501,13247,84254,,,,,,,,,,0.197,14841.545,Pinned,Device,NVIDIA A100-SXM4-40GB MIG 4g.20gb (0),1,,13,[CUDA memcpy Host-to-Device]
3913640835,20480,84255,273,1,1,48,1,1,40,0.000,0.001,,,,,NVIDIA A100-SXM4-40GB MIG 4g.20gb (0),1,,13,"void pusch_noise_intf_est::noiseIntfEstNoDftSOfdmKernel<float, __half, float, float, (unsigned int)2, (unsigned int)1, (unsigned char)4, (unsigned char)4>(pusch_noise_intf_est::puschRxNoiseIntfEstDynDescr)"
3913677123,9824,84266,35,1,1,128,1,1,16,0.000,0.000,,,,,NVIDIA A100-SXM4-40GB MIG 4g.20gb (0),1,,13,cupy_copy__complex64_complex64
3913688451,2080,84275,1,1,1,1,1,1,18,0.000,0.000,,,,,NVIDIA A100-SXM4-40GB MIG 4g.20gb (0),1,,13,cupy_copy__float32_float32
3913693795,1600,84281,,,,,,,,,,0.000,2.500,Device,Pageable,NVIDIA A100-SXM4-40GB MIG 4g.20gb (0),1,,7,[CUDA memcpy Device-to-Host]
3913794529,15008,84292,1434,1,1,128,1,1,16,0.000,0.000,,,,,NVIDIA A100-SXM4-40GB MIG 4g.20gb (0),1,,13,cupy_copy__complex64_complex64
3913874848,3072,84299,103,1,1,128,1,1,16,0.000,0.000,,,,,NVIDIA A100-SXM4-40GB MIG 4g.20gb (0),1,,13,cupy_copy__complex64_complex64
3913919040,6528,84306,35,1,1,128,1,1,16,0.000,0.000,,,,,NVIDIA A100-SXM4-40GB MIG 4g.20gb (0),1,,13,cupy_copy__complex64_complex64
3913926912,1792,84313,1,1,1,1,1,1,18,0.000,0.000,,,,,NVIDIA A100-SXM4-40GB MIG 4g.20gb (0),1,,13,cupy_copy__float32_float32
3914023103,251677,84324,1,1,1,32,32,1,30,0.000,0.000,,,,,NVIDIA A100-SXM4-40GB MIG 4g.20gb (0),1,,13,"void convert_kernel<__half2, float2>(tensor_layout_any, T1 *, tensor_layout_any, const T2 *)"
3914304316,5951,84327,,,,,,,,,,0.094,15744.488,Pinned,Device,NVIDIA A100-SXM4-40GB MIG 4g.20gb (0),1,,13,[CUDA memcpy Host-to-Device]
3914347579,8256,84328,,,,,,,,,,1.547,187333.285,Device,,NVIDIA A100-SXM4-40GB MIG 4g.20gb (0),1,,13,[CUDA memset]
3914363515,3040,84333,,,,,,,,,,0.031,10294.725,Pinned,Device,NVIDIA A100-SXM4-40GB MIG 4g.20gb (0),1,,13,[CUDA memcpy Host-to-Device]
3914369339,9888,84334,,,,,,,,,,0.197,19883.360,Pinned,Device,NVIDIA A100-SXM4-40GB MIG 4g.20gb (0),1,,13,[CUDA memcpy Host-to-Device]
3914451354,25504,84335,273,1,1,8,4,1,39,0.002,0.000,,,,,NVIDIA A100-SXM4-40GB MIG 4g.20gb (0),1,,13,"void channel_eq::eqMmseCoefCompLowMimoKernel<float, float, float, (unsigned int)4, (unsigned int)1, (unsigned int)4>(const channel_eq::_puschRxChEqStatDescr *, channel_eq::_puschRxChEqCoefCompDynDescr)"
3914520697,11328,84336,273,1,1,12,11,1,51,0.002,0.000,,,,,NVIDIA A100-SXM4-40GB MIG 4g.20gb (0),1,,13,"void channel_eq::eqMmseSoftDemapKernel<float, __half, __half, float, (unsigned int)4, (unsigned short)16383>(channel_eq::_puschRxChEqStatDescr *, channel_eq::_puschRxChEqSoftDemapDynDescr)"
3914561177,629656,84337,1,1,1,32,32,1,30,0.000,0.000,,,,,NVIDIA A100-SXM4-40GB MIG 4g.20gb (0),1,,13,"void convert_kernel<float2, __half2>(tensor_layout_any, T1 *, tensor_layout_any, const T2 *)"
3915193041,11712,84349,2253,1,1,128,1,1,16,0.000,0.000,,,,,NVIDIA A100-SXM4-40GB MIG 4g.20gb (0),1,,13,cupy_copy__float16_float16
3915274032,3904,84358,282,1,1,128,1,1,16,0.000,0.000,,,,,NVIDIA A100-SXM4-40GB MIG 4g.20gb (0),1,,13,cupy_copy__complex64_complex64
3915310928,3552,84367,26,1,1,128,1,1,16,0.000,0.000,,,,,NVIDIA A100-SXM4-40GB MIG 4g.20gb (0),1,,13,cupy_copy__float32_float32
3915316624,6816,84376,103,1,1,128,1,1,16,0.000,0.000,,,,,NVIDIA A100-SXM4-40GB MIG 4g.20gb (0),1,,13,cupy_copy__complex64_complex64
3915324496,13408,84386,1434,1,1,128,1,1,16,0.000,0.000,,,,,NVIDIA A100-SXM4-40GB MIG 4g.20gb (0),1,,13,cupy_copy__complex64_complex64
3915410255,237917,84391,1,1,1,32,32,1,30,0.000,0.000,,,,,NVIDIA A100-SXM4-40GB MIG 4g.20gb (0),1,,13,"void convert_kernel<__half2, float2>(tensor_layout_any, T1 *, tensor_layout_any, const T2 *)"
3915676972,5376,84394,,,,,,,,,,0.094,17428.487,Pinned,Device,NVIDIA A100-SXM4-40GB MIG 4g.20gb (0),1,,13,[CUDA memcpy Host-to-Device]
3915696556,634936,84395,,,,,,,,,,456.561,718627.707,Device,,NVIDIA A100-SXM4-40GB MIG 4g.20gb (0),1,,13,[CUDA memset]
3916335076,53280,84400,,,,,,,,,,1.235,23177.429,Pinned,Device,NVIDIA A100-SXM4-40GB MIG 4g.20gb (0),1,,13,[CUDA memcpy Host-to-Device]
3916392324,9407,84401,,,,,,,,,,0.197,20900.020,Pinned,Device,NVIDIA A100-SXM4-40GB MIG 4g.20gb (0),1,,13,[CUDA memcpy Host-to-Device]
3916501538,18944,84402,69,4,1,48,1,1,76,0.002,0.000,,,,,NVIDIA A100-SXM4-40GB MIG 4g.20gb (0),1,,13,"void ch_est::windowedChEstPreNoDftSOfdmKernel<float, __half, float, (unsigned int)2, (unsigned int)1, (unsigned short)4>(ch_est::puschRxChEstStatDescr_t *, ch_est::puschRxChEstDynDescr_t *)"
3916540834,21920,84403,137,2,1,24,2,1,44,0.001,0.001,,,,,NVIDIA A100-SXM4-40GB MIG 4g.20gb (0),1,,13,"void ch_est::chEstFilterNoDftSOfdmDispatchKernel<float, __half, float, (unsigned int)2>(ch_est::puschRxChEstStatDescr_t *, ch_est::puschRxChEstDynDescr_t *)"
3916607201,6336,84404,137,2,1,24,2,1,44,0.001,0.001,,,,,NVIDIA A100-SXM4-40GB MIG 4g.20gb (0),1,,13,"void ch_est::chEstFilterNoDftSOfdmDispatchKernel<float, __half, float, (unsigned int)2>(ch_est::puschRxChEstStatDescr_t *, ch_est::puschRxChEstDynDescr_t *)"
3916642977,5344,84415,103,1,1,128,1,1,16,0.000,0.000,,,,,NVIDIA A100-SXM4-40GB MIG 4g.20gb (0),1,,13,cupy_copy__complex64_complex64
3916650881,15103,84425,1434,1,1,128,1,1,16,0.000,0.000,,,,,NVIDIA A100-SXM4-40GB MIG 4g.20gb (0),1,,13,cupy_copy__complex64_complex64
3916760223,5344,84432,103,1,1,128,1,1,16,0.000,0.000,,,,,NVIDIA A100-SXM4-40GB MIG 4g.20gb (0),1,,13,cupy_copy__complex64_complex64
3916766911,244285,84439,1,1,1,32,32,1,30,0.000,0.000,,,,,NVIDIA A100-SXM4-40GB MIG 4g.20gb (0),1,,13,"void convert_kernel<__half2, float2>(tensor_layout_any, T1 *, tensor_layout_any, const T2 *)"
3917039996,5600,84442,,,,,,,,,,0.094,16731.388,Pinned,Device,NVIDIA A100-SXM4-40GB MIG 4g.20gb (0),1,,13,[CUDA memcpy Host-to-Device]
3917106011,62304,84443,,,,,,,,,,35.810,574749.216,Device,,NVIDIA A100-SXM4-40GB MIG 4g.20gb (0),1,,13,[CUDA memset]
3917174171,1888,84445,,,,,,,,,,0.000,42.373,Pinned,Device,NVIDIA A100-SXM4-40GB MIG 4g.20gb (0),1,,13,[CUDA memcpy Host-to-Device]
3917180506,9888,84446,,,,,,,,,,0.197,19883.360,Pinned,Device,NVIDIA A100-SXM4-40GB MIG 4g.20gb (0),1,,13,[CUDA memcpy Host-to-Device]
3917288857,19968,84447,273,1,1,48,1,1,40,0.000,0.001,,,,,NVIDIA A100-SXM4-40GB MIG 4g.20gb (0),1,,13,"void pusch_noise_intf_est::noiseIntfEstNoDftSOfdmKernel<float, __half, float, float, (unsigned int)2, (unsigned int)1, (unsigned char)4, (unsigned char)4>(pusch_noise_intf_est::puschRxNoiseIntfEstDynDescr)"
3917331065,6208,84458,35,1,1,128,1,1,16,0.000,0.000,,,,,NVIDIA A100-SXM4-40GB MIG 4g.20gb (0),1,,13,cupy_copy__complex64_complex64
3917338585,2016,84467,1,1,1,1,1,1,18,0.000,0.000,,,,,NVIDIA A100-SXM4-40GB MIG 4g.20gb (0),1,,13,cupy_copy__float32_float32
3917346361,1728,84473,,,,,,,,,,0.000,2.315,Device,Pageable,NVIDIA A100-SXM4-40GB MIG 4g.20gb (0),1,,7,[CUDA memcpy Device-to-Host]
3917443799,17344,84484,1434,1,1,128,1,1,16,0.000,0.000,,,,,NVIDIA A100-SXM4-40GB MIG 4g.20gb (0),1,,13,cupy_copy__complex64_complex64
3917531574,3424,84491,103,1,1,128,1,1,16,0.000,0.000,,,,,NVIDIA A100-SXM4-40GB MIG 4g.20gb (0),1,,13,cupy_copy__complex64_complex64
3917574454,13696,84498,35,1,1,128,1,1,16,0.000,0.000,,,,,NVIDIA A100-SXM4-40GB MIG 4g.20gb (0),1,,13,cupy_copy__complex64_complex64
3917649013,3296,84505,1,1,1,1,1,1,18,0.000,0.000,,,,,NVIDIA A100-SXM4-40GB MIG 4g.20gb (0),1,,13,cupy_copy__float32_float32
3917706132,251806,84516,1,1,1,32,32,1,30,0.000,0.000,,,,,NVIDIA A100-SXM4-40GB MIG 4g.20gb (0),1,,13,"void convert_kernel<__half2, float2>(tensor_layout_any, T1 *, tensor_layout_any, const T2 *)"
3917987793,5536,84519,,,,,,,,,,0.094,16924.777,Pinned,Device,NVIDIA A100-SXM4-40GB MIG 4g.20gb (0),1,,13,[CUDA memcpy Host-to-Device]
3918074384,11104,84520,,,,,,,,,,1.547,139284.318,Device,,NVIDIA A100-SXM4-40GB MIG 4g.20gb (0),1,,13,[CUDA memset]
3918089776,3008,84525,,,,,,,,,,0.031,10404.230,Pinned,Device,NVIDIA A100-SXM4-40GB MIG 4g.20gb (0),1,,13,[CUDA memcpy Host-to-Device]
3918095280,9952,84526,,,,,,,,,,0.197,19755.565,Pinned,Device,NVIDIA A100-SXM4-40GB MIG 4g.20gb (0),1,,13,[CUDA memcpy Host-to-Device]
3918152975,16448,84527,273,1,1,8,4,1,39,0.002,0.000,,,,,NVIDIA A100-SXM4-40GB MIG 4g.20gb (0),1,,13,"void channel_eq::eqMmseCoefCompLowMimoKernel<float, float, float, (unsigned int)4, (unsigned int)1, (unsigned int)4>(const channel_eq::_puschRxChEqStatDescr *, channel_eq::_puschRxChEqCoefCompDynDescr)"
3918202799,25823,84528,273,1,1,12,11,1,51,0.002,0.000,,,,,NVIDIA A100-SXM4-40GB MIG 4g.20gb (0),1,,13,"void channel_eq::eqMmseSoftDemapKernel<float, __half, __half, float, (unsigned int)4, (unsigned short)16383>(channel_eq::_puschRxChEqStatDescr *, channel_eq::_puschRxChEqSoftDemapDynDescr)"
3918274254,463227,84529,1,1,1,32,32,1,30,0.000,0.000,,,,,NVIDIA A100-SXM4-40GB MIG 4g.20gb (0),1,,13,"void convert_kernel<float2, __half2>(tensor_layout_any, T1 *, tensor_layout_any, const T2 *)"
3918740201,16735,84541,2253,1,1,128,1,1,16,0.000,0.000,,,,,NVIDIA A100-SXM4-40GB MIG 4g.20gb (0),1,,13,cupy_copy__float16_float16
3918758472,4064,84550,282,1,1,128,1,1,16,0.000,0.000,,,,,NVIDIA A100-SXM4-40GB MIG 4g.20gb (0),1,,13,cupy_copy__complex64_complex64
3918856519,4192,84559,26,1,1,128,1,1,16,0.000,0.000,,,,,NVIDIA A100-SXM4-40GB MIG 4g.20gb (0),1,,13,cupy_copy__float32_float32
3918861991,4128,84568,103,1,1,128,1,1,16,0.000,0.000,,,,,NVIDIA A100-SXM4-40GB MIG 4g.20gb (0),1,,13,cupy_copy__complex64_complex64
3918867719,12032,84578,1434,1,1,128,1,1,16,0.000,0.000,,,,,NVIDIA A100-SXM4-40GB MIG 4g.20gb (0),1,,13,cupy_copy__complex64_complex64
3918982054,247645,84583,1,1,1,32,32,1,30,0.000,0.000,,,,,NVIDIA A100-SXM4-40GB MIG 4g.20gb (0),1,,13,"void convert_kernel<__half2, float2>(tensor_layout_any, T1 *, tensor_layout_any, const T2 *)"
3919258467,5632,84586,,,,,,,,,,0.094,16636.287,Pinned,Device,NVIDIA A100-SXM4-40GB MIG 4g.20gb (0),1,,13,[CUDA memcpy Host-to-Device]
3919335170,633592,84587,,,,,,,,,,456.561,720453.952,Device,,NVIDIA A100-SXM4-40GB MIG 4g.20gb (0),1,,13,[CUDA memset]
3919973498,51872,84592,,,,,,,,,,1.235,23807.250,Pinned,Device,NVIDIA A100-SXM4-40GB MIG 4g.20gb (0),1,,13,[CUDA memcpy Host-to-Device]
3920027834,9312,84593,,,,,,,,,,0.197,21113.340,Pinned,Device,NVIDIA A100-SXM4-40GB MIG 4g.20gb (0),1,,13,[CUDA memcpy Host-to-Device]
3920138104,16416,84594,69,4,1,48,1,1,76,0.002,0.000,,,,,NVIDIA A100-SXM4-40GB MIG 4g.20gb (0),1,,13,"void ch_est::windowedChEstPreNoDftSOfdmKernel<float, __half, float, (unsigned int)2, (unsigned int)1, (unsigned short)4>(ch_est::puschRxChEstStatDescr_t *, ch_est::puschRxChEstDynDescr_t *)"
3920213400,10207,84595,137,2,1,24,2,1,44,0.001,0.001,,,,,NVIDIA A100-SXM4-40GB MIG 4g.20gb (0),1,,13,"void ch_est::chEstFilterNoDftSOfdmDispatchKernel<float, __half, float, (unsigned int)2>(ch_est::puschRxChEstStatDescr_t *, ch_est::puschRxChEstDynDescr_t *)"
3920249719,15200,84596,137,2,1,24,2,1,44,0.001,0.001,,,,,NVIDIA A100-SXM4-40GB MIG 4g.20gb (0),1,,13,"void ch_est::chEstFilterNoDftSOfdmDispatchKernel<float, __half, float, (unsigned int)2>(ch_est::puschRxChEstStatDescr_t *, ch_est::puschRxChEstDynDescr_t *)"
3920271639,2656,84607,103,1,1,128,1,1,16,0.000,0.000,,,,,NVIDIA A100-SXM4-40GB MIG 4g.20gb (0),1,,13,cupy_copy__complex64_complex64
3920366134,16672,84617,1434,1,1,128,1,1,16,0.000,0.000,,,,,NVIDIA A100-SXM4-40GB MIG 4g.20gb (0),1,,13,cupy_copy__complex64_complex64
3920448917,4160,84624,103,1,1,128,1,1,16,0.000,0.000,,,,,NVIDIA A100-SXM4-40GB MIG 4g.20gb (0),1,,13,cupy_copy__complex64_complex64
3920494708,244958,84631,1,1,1,32,32,1,30,0.000,0.000,,,,,NVIDIA A100-SXM4-40GB MIG 4g.20gb (0),1,,13,"void convert_kernel<__half2, float2>(tensor_layout_any, T1 *, tensor_layout_any, const T2 *)"
3920769809,5728,84634,,,,,,,,,,0.094,16357.541,Pinned,Device,NVIDIA A100-SXM4-40GB MIG 4g.20gb (0),1,,13,[CUDA memcpy Host-to-Device]
3920819121,57919,84635,,,,,,,,,,35.810,618258.269,Device,,NVIDIA A100-SXM4-40GB MIG 4g.20gb (0),1,,13,[CUDA memset]
3920880432,1824,84637,,,,,,,,,,0.000,43.860,Pinned,Device,NVIDIA A100-SXM4-40GB MIG 4g.20gb (0),1,,13,[CUDA memcpy Host-to-Device]
3920889520,10336,84638,,,,,,,,,,0.197,19021.627,Pinned,Device,NVIDIA A100-SXM4-40GB MIG 4g.20gb (0),1,,13,[CUDA memcpy Host-to-Device]
3921003791,17855,84639,273,1,1,48,1,1,40,0.000,0.001,,,,,NVIDIA A100-SXM4-40GB MIG 4g.20gb (0),1,,13,"void pusch_noise_intf_est::noiseIntfEstNoDftSOfdmKernel<float, __half, float, float, (unsigned int)2, (unsigned int)1, (unsigned char)4, (unsigned char)4>(pusch_noise_intf_est::puschRxNoiseIntfEstDynDescr)"
3921045006,6304,84650,35,1,1,128,1,1,16,0.000,0.000,,,,,NVIDIA A100-SXM4-40GB MIG 4g.20gb (0),1,,13,cupy_copy__complex64_complex64
3921053550,2048,84659,1,1,1,1,1,1,18,0.000,0.000,,,,,NVIDIA A100-SXM4-40GB MIG 4g.20gb (0),1,,13,cupy_copy__float32_float32
3921062414,3328,84665,,,,,,,,,,0.000,1.202,Device,Pageable,NVIDIA A100-SXM4-40GB MIG 4g.20gb (0),1,,7,[CUDA memcpy Device-to-Host]
3921148749,20704,84676,1434,1,1,128,1,1,16,0.000,0.000,,,,,NVIDIA A100-SXM4-40GB MIG 4g.20gb (0),1,,13,cupy_copy__complex64_complex64
3921230828,3104,84683,103,1,1,128,1,1,16,0.000,0.000,,,,,NVIDIA A100-SXM4-40GB MIG 4g.20gb (0),1,,13,cupy_copy__complex64_complex64
3921272267,7968,84690,35,1,1,128,1,1,16,0.000,0.000,,,,,NVIDIA A100-SXM4-40GB MIG 4g.20gb (0),1,,13,cupy_copy__complex64_complex64
3921281451,2016,84697,1,1,1,1,1,1,18,0.000,0.000,,,,,NVIDIA A100-SXM4-40GB MIG 4g.20gb (0),1,,13,cupy_copy__float32_float32
3921400362,243325,84708,1,1,1,32,32,1,30,0.000,0.000,,,,,NVIDIA A100-SXM4-40GB MIG 4g.20gb (0),1,,13,"void convert_kernel<__half2, float2>(tensor_layout_any, T1 *, tensor_layout_any, const T2 *)"
3921672871,6144,84711,,,,,,,,,,0.094,15249.961,Pinned,Device,NVIDIA A100-SXM4-40GB MIG 4g.20gb (0),1,,13,[CUDA memcpy Host-to-Device]
3921751654,10848,84712,,,,,,,,,,1.547,142570.894,Device,,NVIDIA A100-SXM4-40GB MIG 4g.20gb (0),1,,13,[CUDA memset]
3921764902,3008,84717,,,,,,,,,,0.031,10404.230,Pinned,Device,NVIDIA A100-SXM4-40GB MIG 4g.20gb (0),1,,13,[CUDA memcpy Host-to-Device]
3921770438,10048,84718,,,,,,,,,,0.197,19566.821,Pinned,Device,NVIDIA A100-SXM4-40GB MIG 4g.20gb (0),1,,13,[CUDA memcpy Host-to-Device]
3921821413,30176,84719,273,1,1,8,4,1,39,0.002,0.000,,,,,NVIDIA A100-SXM4-40GB MIG 4g.20gb (0),1,,13,"void channel_eq::eqMmseCoefCompLowMimoKernel<float, float, float, (unsigned int)4, (unsigned int)1, (unsigned int)4>(const channel_eq::_puschRxChEqStatDescr *, channel_eq::_puschRxChEqCoefCompDynDescr)"
3921874917,26975,84720,273,1,1,12,11,1,51,0.002,0.000,,,,,NVIDIA A100-SXM4-40GB MIG 4g.20gb (0),1,,13,"void channel_eq::eqMmseSoftDemapKernel<float, __half, __half, float, (unsigned int)4, (unsigned short)16383>(channel_eq::_puschRxChEqStatDescr *, channel_eq::_puschRxChEqSoftDemapDynDescr)"
3921939300,454331,84721,1,1,1,32,32,1,30,0.000,0.000,,,,,NVIDIA A100-SXM4-40GB MIG 4g.20gb (0),1,,13,"void convert_kernel<float2, __half2>(tensor_layout_any, T1 *, tensor_layout_any, const T2 *)"
3922404382,16320,84733,2253,1,1,128,1,1,16,0.000,0.000,,,,,NVIDIA A100-SXM4-40GB MIG 4g.20gb (0),1,,13,cupy_copy__float16_float16
3922473086,4896,84742,282,1,1,128,1,1,16,0.000,0.000,,,,,NVIDIA A100-SXM4-40GB MIG 4g.20gb (0),1,,13,cupy_copy__complex64_complex64
3922507197,4000,84751,26,1,1,128,1,1,16,0.000,0.000,,,,,NVIDIA A100-SXM4-40GB MIG 4g.20gb (0),1,,13,cupy_copy__float32_float32
3922513117,4704,84760,103,1,1,128,1,1,16,0.000,0.000,,,,,NVIDIA A100-SXM4-40GB MIG 4g.20gb (0),1,,13,cupy_copy__complex64_complex64
3922519709,12704,84770,1434,1,1,128,1,1,16,0.000,0.000,,,,,NVIDIA A100-SXM4-40GB MIG 4g.20gb (0),1,,13,cupy_copy__complex64_complex64
3922615644,205790,84775,1,1,1,32,32,1,30,0.000,0.000,,,,,NVIDIA A100-SXM4-40GB MIG 4g.20gb (0),1,,13,"void convert_kernel<__half2, float2>(tensor_layout_any, T1 *, tensor_layout_any, const T2 *)"
3922851289,5376,84778,,,,,,,,,,0.094,17428.487,Pinned,Device,NVIDIA A100-SXM4-40GB MIG 4g.20gb (0),1,,13,[CUDA memcpy Host-to-Device]
3922915257,637560,84779,,,,,,,,,,456.561,715888.338,Device,,NVIDIA A100-SXM4-40GB MIG 4g.20gb (0),1,,13,[CUDA memset]
3923561425,53856,84784,,,,,,,,,,1.235,22930.440,Pinned,Device,NVIDIA A100-SXM4-40GB MIG 4g.20gb (0),1,,13,[CUDA memcpy Host-to-Device]
3923617712,9344,84785,,,,,,,,,,0.197,21040.988,Pinned,Device,NVIDIA A100-SXM4-40GB MIG 4g.20gb (0),1,,13,[CUDA memcpy Host-to-Device]
3923718159,16256,84786,69,4,1,48,1,1,76,0.002,0.000,,,,,NVIDIA A100-SXM4-40GB MIG 4g.20gb (0),1,,13,"void ch_est::windowedChEstPreNoDftSOfdmKernel<float, __half, float, (unsigned int)2, (unsigned int)1, (unsigned short)4>(ch_est::puschRxChEstStatDescr_t *, ch_est::puschRxChEstDynDescr_t *)"
3923736399,6880,84787,137,2,1,24,2,1,44,0.001,0.001,,,,,NVIDIA A100-SXM4-40GB MIG 4g.20gb (0),1,,13,"void ch_est::chEstFilterNoDftSOfdmDispatchKernel<float, __half, float, (unsigned int)2>(ch_est::puschRxChEstStatDescr_t *, ch_est::puschRxChEstDynDescr_t *)"
3923834030,19072,84788,137,2,1,24,2,1,44,0.001,0.001,,,,,NVIDIA A100-SXM4-40GB MIG 4g.20gb (0),1,,13,"void ch_est::chEstFilterNoDftSOfdmDispatchKernel<float, __half, float, (unsigned int)2>(ch_est::puschRxChEstStatDescr_t *, ch_est::puschRxChEstDynDescr_t *)"
3923893101,3616,84799,103,1,1,128,1,1,16,0.000,0.000,,,,,NVIDIA A100-SXM4-40GB MIG 4g.20gb (0),1,,13,cupy_copy__complex64_complex64
3923929997,16832,84809,1434,1,1,128,1,1,16,0.000,0.000,,,,,NVIDIA A100-SXM4-40GB MIG 4g.20gb (0),1,,13,cupy_copy__complex64_complex64
3924013676,3872,84816,103,1,1,128,1,1,16,0.000,0.000,,,,,NVIDIA A100-SXM4-40GB MIG 4g.20gb (0),1,,13,cupy_copy__complex64_complex64
3924056395,237534,84823,1,1,1,32,32,1,30,0.000,0.000,,,,,NVIDIA A100-SXM4-40GB MIG 4g.20gb (0),1,,13,"void convert_kernel<__half2, float2>(tensor_layout_any, T1 *, tensor_layout_any, const T2 *)"
3924324328,6080,84826,,,,,,,,,,0.094,15410.462,Pinned,Device,NVIDIA A100-SXM4-40GB MIG 4g.20gb (0),1,,13,[CUDA memcpy Host-to-Device]
3924419079,56736,84827,,,,,,,,,,35.810,631149.840,Device,,NVIDIA A100-SXM4-40GB MIG 4g.20gb (0),1,,13,[CUDA memset]
3924479047,1824,84829,,,,,,,,,,0.000,43.860,Pinned,Device,NVIDIA A100-SXM4-40GB MIG 4g.20gb (0),1,,13,[CUDA memcpy Host-to-Device]
3924484455,9823,84830,,,,,,,,,,0.197,20014.891,Pinned,Device,NVIDIA A100-SXM4-40GB MIG 4g.20gb (0),1,,13,[CUDA memcpy Host-to-Device]
3924514054,21600,84831,273,1,1,48,1,1,40,0.000,0.001,,,,,NVIDIA A100-SXM4-40GB MIG 4g.20gb (0),1,,13,"void pusch_noise_intf_est::noiseIntfEstNoDftSOfdmKernel<float, __half, float, float, (unsigned int)2, (unsigned int)1, (unsigned char)4, (unsigned char)4>(pusch_noise_intf_est::puschRxNoiseIntfEstDynDescr)"
3924584325,4128,84842,35,1,1,128,1,1,16,0.000,0.000,,,,,NVIDIA A100-SXM4-40GB MIG 4g.20gb (0),1,,13,cupy_copy__complex64_complex64
3924643397,3264,84851,1,1,1,1,1,1,18,0.000,0.000,,,,,NVIDIA A100-SXM4-40GB MIG 4g.20gb (0),1,,13,cupy_copy__float32_float32
3924650053,1568,84857,,,,,,,,,,0.000,2.551,Device,Pageable,NVIDIA A100-SXM4-40GB MIG 4g.20gb (0),1,,7,[CUDA memcpy Device-to-Host]
3924767075,16352,84868,1434,1,1,128,1,1,16,0.000,0.000,,,,,NVIDIA A100-SXM4-40GB MIG 4g.20gb (0),1,,13,cupy_copy__complex64_complex64
3924853826,4000,84875,103,1,1,128,1,1,16,0.000,0.000,,,,,NVIDIA A100-SXM4-40GB MIG 4g.20gb (0),1,,13,cupy_copy__complex64_complex64
3924896578,7168,84882,35,1,1,128,1,1,16,0.000,0.000,,,,,NVIDIA A100-SXM4-40GB MIG 4g.20gb (0),1,,13,cupy_copy__complex64_complex64
3924905154,1952,84889,1,1,1,1,1,1,18,0.000,0.000,,,,,NVIDIA A100-SXM4-40GB MIG 4g.20gb (0),1,,13,cupy_copy__float32_float32
3925010336,252126,84900,1,1,1,32,32,1,30,0.000,0.000,,,,,NVIDIA A100-SXM4-40GB MIG 4g.20gb (0),1,,13,"void convert_kernel<__half2, float2>(tensor_layout_any, T1 *, tensor_layout_any, const T2 *)"
3925292861,5408,84903,,,,,,,,,,0.094,17325.421,Pinned,Device,NVIDIA A100-SXM4-40GB MIG 4g.20gb (0),1,,13,[CUDA memcpy Host-to-Device]
3925336893,8864,84904,,,,,,,,,,1.547,174482.387,Device,,NVIDIA A100-SXM4-40GB MIG 4g.20gb (0),1,,13,[CUDA memset]
3925347677,3008,84909,,,,,,,,,,0.031,10404.230,Pinned,Device,NVIDIA A100-SXM4-40GB MIG 4g.20gb (0),1,,13,[CUDA memcpy Host-to-Device]
3925353117,10143,84910,,,,,,,,,,0.197,19383.583,Pinned,Device,NVIDIA A100-SXM4-40GB MIG 4g.20gb (0),1,,13,[CUDA memcpy Host-to-Device]
3925413500,10976,84911,273,1,1,8,4,1,39,0.002,0.000,,,,,NVIDIA A100-SXM4-40GB MIG 4g.20gb (0),1,,13,"void channel_eq::eqMmseCoefCompLowMimoKernel<float, float, float, (unsigned int)4, (unsigned int)1, (unsigned int)4>(const channel_eq::_puschRxChEqStatDescr *, channel_eq::_puschRxChEqCoefCompDynDescr)"
3925465563,17632,84912,273,1,1,12,11,1,51,0.002,0.000,,,,,NVIDIA A100-SXM4-40GB MIG 4g.20gb (0),1,,13,"void channel_eq::eqMmseSoftDemapKernel<float, __half, __half, float, (unsigned int)4, (unsigned short)16383>(channel_eq::_puschRxChEqStatDescr *, channel_eq::_puschRxChEqSoftDemapDynDescr)"
3925523675,610905,84913,1,1,1,32,32,1,30,0.000,0.000,,,,,NVIDIA A100-SXM4-40GB MIG 4g.20gb (0),1,,13,"void convert_kernel<float2, __half2>(tensor_layout_any, T1 *, tensor_layout_any, const T2 *)"
3926138100,15967,84925,2253,1,1,128,1,1,16,0.000,0.000,,,,,NVIDIA A100-SXM4-40GB MIG 4g.20gb (0),1,,13,cupy_copy__float16_float16
3926156339,3904,84934,282,1,1,128,1,1,16,0.000,0.000,,,,,NVIDIA A100-SXM4-40GB MIG 4g.20gb (0),1,,13,cupy_copy__complex64_complex64
3926174739,4512,84943,26,1,1,128,1,1,16,0.000,0.000,,,,,NVIDIA A100-SXM4-40GB MIG 4g.20gb (0),1,,13,cupy_copy__float32_float32
3926235698,3936,84952,103,1,1,128,1,1,16,0.000,0.000,,,,,NVIDIA A100-SXM4-40GB MIG 4g.20gb (0),1,,13,cupy_copy__complex64_complex64
3926299730,18111,84962,1434,1,1,128,1,1,16,0.000,0.000,,,,,NVIDIA A100-SXM4-40GB MIG 4g.20gb (0),1,,13,cupy_copy__complex64_complex64
3926387953,207485,84967,1,1,1,32,32,1,30,0.000,0.000,,,,,NVIDIA A100-SXM4-40GB MIG 4g.20gb (0),1,,13,"void convert_kernel<__half2, float2>(tensor_layout_any, T1 *, tensor_layout_any, const T2 *)"
3926624846,5408,84970,,,,,,,,,,0.094,17325.421,Pinned,Device,NVIDIA A100-SXM4-40GB MIG 4g.20gb (0),1,,13,[CUDA memcpy Host-to-Device]
3926667373,620409,84971,,,,,,,,,,456.561,735520.480,Device,,NVIDIA A100-SXM4-40GB MIG 4g.20gb (0),1,,13,[CUDA memset]
3927297702,55456,84976,,,,,,,,,,1.235,22268.510,Pinned,Device,NVIDIA A100-SXM4-40GB MIG 4g.20gb (0),1,,13,[CUDA memcpy Host-to-Device]
3927355590,9311,84977,,,,,,,,,,0.197,21115.503,Pinned,Device,NVIDIA A100-SXM4-40GB MIG 4g.20gb (0),1,,13,[CUDA memcpy Host-to-Device]
3927454724,17728,84978,69,4,1,48,1,1,76,0.002,0.000,,,,,NVIDIA A100-SXM4-40GB MIG 4g.20gb (0),1,,13,"void ch_est::windowedChEstPreNoDftSOfdmKernel<float, __half, float, (unsigned int)2, (unsigned int)1, (unsigned short)4>(ch_est::puschRxChEstStatDescr_t *, ch_est::puschRxChEstDynDescr_t *)"
3927476388,7072,84979,137,2,1,24,2,1,44,0.001,0.001,,,,,NVIDIA A100-SXM4-40GB MIG 4g.20gb (0),1,,13,"void ch_est::chEstFilterNoDftSOfdmDispatchKernel<float, __half, float, (unsigned int)2>(ch_est::puschRxChEstStatDescr_t *, ch_est::puschRxChEstDynDescr_t *)"
3927577443,12768,84980,137,2,1,24,2,1,44,0.001,0.001,,,,,NVIDIA A100-SXM4-40GB MIG 4g.20gb (0),1,,13,"void ch_est::chEstFilterNoDftSOfdmDispatchKernel<float, __half, float, (unsigned int)2>(ch_est::puschRxChEstStatDescr_t *, ch_est::puschRxChEstDynDescr_t *)"
3927645858,3488,84991,103,1,1,128,1,1,16,0.000,0.000,,,,,NVIDIA A100-SXM4-40GB MIG 4g.20gb (0),1,,13,cupy_copy__complex64_complex64
3927682306,18880,85001,1434,1,1,128,1,1,16,0.000,0.000,,,,,NVIDIA A100-SXM4-40GB MIG 4g.20gb (0),1,,13,cupy_copy__complex64_complex64
3927765953,3968,85008,103,1,1,128,1,1,16,0.000,0.000,,,,,NVIDIA A100-SXM4-40GB MIG 4g.20gb (0),1,,13,cupy_copy__complex64_complex64
3927810560,244797,85015,1,1,1,32,32,1,30,0.000,0.000,,,,,NVIDIA A100-SXM4-40GB MIG 4g.20gb (0),1,,13,"void convert_kernel<__half2, float2>(tensor_layout_any, T1 *, tensor_layout_any, const T2 *)"
3928085277,5920,85018,,,,,,,,,,0.094,15826.941,Pinned,Device,NVIDIA A100-SXM4-40GB MIG 4g.20gb (0),1,,13,[CUDA memcpy Host-to-Device]
3928125565,59519,85019,,,,,,,,,,35.810,601642.466,Device,,NVIDIA A100-SXM4-40GB MIG 4g.20gb (0),1,,13,[CUDA memset]
3928192764,4096,85021,,,,,,,,,,0.000,19.531,Pinned,Device,NVIDIA A100-SXM4-40GB MIG 4g.20gb (0),1,,13,[CUDA memcpy Host-to-Device]
3928199324,10048,85022,,,,,,,,,,0.197,19566.821,Pinned,Device,NVIDIA A100-SXM4-40GB MIG 4g.20gb (0),1,,13,[CUDA memcpy Host-to-Device]
3928298331,15935,85023,273,1,1,48,1,1,40,0.000,0.001,,,,,NVIDIA A100-SXM4-40GB MIG 4g.20gb (0),1,,13,"void pusch_noise_intf_est::noiseIntfEstNoDftSOfdmKernel<float, __half, float, float, (unsigned int)2, (unsigned int)1, (unsigned char)4, (unsigned char)4>(pusch_noise_intf_est::puschRxNoiseIntfEstDynDescr)"
3928339898,6112,85034,35,1,1,128,1,1,16,0.000,0.000,,,,,NVIDIA A100-SXM4-40GB MIG 4g.20gb (0),1,,13,cupy_copy__complex64_complex64
3928347418,1984,85043,1,1,1,1,1,1,18,0.000,0.000,,,,,NVIDIA A100-SXM4-40GB MIG 4g.20gb (0),1,,13,cupy_copy__float32_float32
3928353242,1600,85049,,,,,,,,,,0.000,2.500,Device,Pageable,NVIDIA A100-SXM4-40GB MIG 4g.20gb (0),1,,7,[CUDA memcpy Device-to-Host]
3928441625,18272,85060,1434,1,1,128,1,1,16,0.000,0.000,,,,,NVIDIA A100-SXM4-40GB MIG 4g.20gb (0),1,,13,cupy_copy__complex64_complex64
3928533176,5504,85067,103,1,1,128,1,1,16,0.000,0.000,,,,,NVIDIA A100-SXM4-40GB MIG 4g.20gb (0),1,,13,cupy_copy__complex64_complex64
3928578231,6464,85074,35,1,1,128,1,1,16,0.000,0.000,,,,,NVIDIA A100-SXM4-40GB MIG 4g.20gb (0),1,,13,cupy_copy__complex64_complex64
3928586935,2144,85081,1,1,1,1,1,1,18,0.000,0.000,,,,,NVIDIA A100-SXM4-40GB MIG 4g.20gb (0),1,,13,cupy_copy__float32_float32
3928687574,249821,85092,1,1,1,32,32,1,30,0.000,0.000,,,,,NVIDIA A100-SXM4-40GB MIG 4g.20gb (0),1,,13,"void convert_kernel<__half2, float2>(tensor_layout_any, T1 *, tensor_layout_any, const T2 *)"
3928967059,5408,85095,,,,,,,,,,0.094,17325.421,Pinned,Device,NVIDIA A100-SXM4-40GB MIG 4g.20gb (0),1,,13,[CUDA memcpy Host-to-Device]
3928991283,6528,85096,,,,,,,,,,1.547,236921.144,Device,,NVIDIA A100-SXM4-40GB MIG 4g.20gb (0),1,,13,[CUDA memset]
3928999251,3072,85101,,,,,,,,,,0.031,10187.474,Pinned,Device,NVIDIA A100-SXM4-40GB MIG 4g.20gb (0),1,,13,[CUDA memcpy Host-to-Device]
3929004723,10399,85102,,,,,,,,,,0.197,18906.415,Pinned,Device,NVIDIA A100-SXM4-40GB MIG 4g.20gb (0),1,,13,[CUDA memcpy Host-to-Device]
3929062962,13280,85103,273,1,1,8,4,1,39,0.002,0.000,,,,,NVIDIA A100-SXM4-40GB MIG 4g.20gb (0),1,,13,"void channel_eq::eqMmseCoefCompLowMimoKernel<float, float, float, (unsigned int)4, (unsigned int)1, (unsigned int)4>(const channel_eq::_puschRxChEqStatDescr *, channel_eq::_puschRxChEqCoefCompDynDescr)"
3929113841,22720,85104,273,1,1,12,11,1,51,0.002,0.000,,,,,NVIDIA A100-SXM4-40GB MIG 4g.20gb (0),1,,13,"void channel_eq::eqMmseSoftDemapKernel<float, __half, __half, float, (unsigned int)4, (unsigned short)16383>(channel_eq::_puschRxChEqStatDescr *, channel_eq::_puschRxChEqSoftDemapDynDescr)"
3929177169,629080,85105,1,1,1,32,32,1,30,0.000,0.000,,,,,NVIDIA A100-SXM4-40GB MIG 4g.20gb (0),1,,13,"void convert_kernel<float2, __half2>(tensor_layout_any, T1 *, tensor_layout_any, const T2 *)"
3929808617,14752,85117,2253,1,1,128,1,1,16,0.000,0.000,,,,,NVIDIA A100-SXM4-40GB MIG 4g.20gb (0),1,,13,cupy_copy__float16_float16
3929838089,6944,85126,282,1,1,128,1,1,16,0.000,0.000,,,,,NVIDIA A100-SXM4-40GB MIG 4g.20gb (0),1,,13,cupy_copy__complex64_complex64
3929904808,3104,85135,26,1,1,128,1,1,16,0.000,0.000,,,,,NVIDIA A100-SXM4-40GB MIG 4g.20gb (0),1,,13,cupy_copy__float32_float32
3929942824,7744,85144,103,1,1,128,1,1,16,0.000,0.000,,,,,NVIDIA A100-SXM4-40GB MIG 4g.20gb (0),1,,13,cupy_copy__complex64_complex64
3929952072,13632,85154,1434,1,1,128,1,1,16,0.000,0.000,,,,,NVIDIA A100-SXM4-40GB MIG 4g.20gb (0),1,,13,cupy_copy__complex64_complex64
3930017063,187454,85159,1,1,1,32,32,1,30,0.000,0.000,,,,,NVIDIA A100-SXM4-40GB MIG 4g.20gb (0),1,,13,"void convert_kernel<__half2, float2>(tensor_layout_any, T1 *, tensor_layout_any, const T2 *)"
3930234340,5376,85162,,,,,,,,,,0.094,17428.487,Pinned,Device,NVIDIA A100-SXM4-40GB MIG 4g.20gb (0),1,,13,[CUDA memcpy Host-to-Device]
3930298340,622521,85163,,,,,,,,,,456.561,733237.673,Device,,NVIDIA A100-SXM4-40GB MIG 4g.20gb (0),1,,13,[CUDA memset]
3930921597,51391,85168,,,,,,,,,,1.235,24029.540,Pinned,Device,NVIDIA A100-SXM4-40GB MIG 4g.20gb (0),1,,13,[CUDA memcpy Host-to-Device]
3930975740,9696,85169,,,,,,,,,,0.197,20277.166,Pinned,Device,NVIDIA A100-SXM4-40GB MIG 4g.20gb (0),1,,13,[CUDA memcpy Host-to-Device]
3931093307,16159,85170,69,4,1,48,1,1,76,0.002,0.000,,,,,NVIDIA A100-SXM4-40GB MIG 4g.20gb (0),1,,13,"void ch_est::windowedChEstPreNoDftSOfdmKernel<float, __half, float, (unsigned int)2, (unsigned int)1, (unsigned short)4>(ch_est::puschRxChEstStatDescr_t *, ch_est::puschRxChEstDynDescr_t *)"
3931166042,8288,85171,137,2,1,24,2,1,44,0.001,0.001,,,,,NVIDIA A100-SXM4-40GB MIG 4g.20gb (0),1,,13,"void ch_est::chEstFilterNoDftSOfdmDispatchKernel<float, __half, float, (unsigned int)2>(ch_est::puschRxChEstStatDescr_t *, ch_est::puschRxChEstDynDescr_t *)"
3931210041,17952,85172,137,2,1,24,2,1,44,0.001,0.001,,,,,NVIDIA A100-SXM4-40GB MIG 4g.20gb (0),1,,13,"void ch_est::chEstFilterNoDftSOfdmDispatchKernel<float, __half, float, (unsigned int)2>(ch_est::puschRxChEstStatDescr_t *, ch_est::puschRxChEstDynDescr_t *)"
3931229593,2752,85183,103,1,1,128,1,1,16,0.000,0.000,,,,,NVIDIA A100-SXM4-40GB MIG 4g.20gb (0),1,,13,cupy_copy__complex64_complex64
3931250137,14592,85193,1434,1,1,128,1,1,16,0.000,0.000,,,,,NVIDIA A100-SXM4-40GB MIG 4g.20gb (0),1,,13,cupy_copy__complex64_complex64
3931319672,3936,85200,103,1,1,128,1,1,16,0.000,0.000,,,,,NVIDIA A100-SXM4-40GB MIG 4g.20gb (0),1,,13,cupy_copy__complex64_complex64
3931364279,254302,85207,1,1,1,32,32,1,30,0.000,0.000,,,,,NVIDIA A100-SXM4-40GB MIG 4g.20gb (0),1,,13,"void convert_kernel<__half2, float2>(tensor_layout_any, T1 *, tensor_layout_any, const T2 *)"
3931647860,5504,85210,,,,,,,,,,0.094,17023.251,Pinned,Device,NVIDIA A100-SXM4-40GB MIG 4g.20gb (0),1,,13,[CUDA memcpy Host-to-Device]
3931687988,57535,85211,,,,,,,,,,35.810,622376.410,Device,,NVIDIA A100-SXM4-40GB MIG 4g.20gb (0),1,,13,[CUDA memset]
3931746931,1856,85213,,,,,,,,,,0.000,43.103,Pinned,Device,NVIDIA A100-SXM4-40GB MIG 4g.20gb (0),1,,13,[CUDA memcpy Host-to-Device]
3931751763,10016,85214,,,,,,,,,,0.197,19629.343,Pinned,Device,NVIDIA A100-SXM4-40GB MIG 4g.20gb (0),1,,13,[CUDA memcpy Host-to-Device]
3931882929,16736,85215,273,1,1,48,1,1,40,0.000,0.001,,,,,NVIDIA A100-SXM4-40GB MIG 4g.20gb (0),1,,13,"void pusch_noise_intf_est::noiseIntfEstNoDftSOfdmKernel<float, __half, float, float, (unsigned int)2, (unsigned int)1, (unsigned char)4, (unsigned char)4>(pusch_noise_intf_est::puschRxNoiseIntfEstDynDescr)"
3931918289,6208,85226,35,1,1,128,1,1,16,0.000,0.000,,,,,NVIDIA A100-SXM4-40GB MIG 4g.20gb (0),1,,13,cupy_copy__complex64_complex64
3931977776,2368,85235,1,1,1,1,1,1,18,0.000,0.000,,,,,NVIDIA A100-SXM4-40GB MIG 4g.20gb (0),1,,13,cupy_copy__float32_float32
3931987376,1664,85241,,,,,,,,,,0.000,2.404,Device,Pageable,NVIDIA A100-SXM4-40GB MIG 4g.20gb (0),1,,7,[CUDA memcpy Device-to-Host]
3932086479,19296,85252,1434,1,1,128,1,1,16,0.000,0.000,,,,,NVIDIA A100-SXM4-40GB MIG 4g.20gb (0),1,,13,cupy_copy__complex64_complex64
3932139919,8095,85259,103,1,1,128,1,1,16,0.000,0.000,,,,,NVIDIA A100-SXM4-40GB MIG 4g.20gb (0),1,,13,cupy_copy__complex64_complex64
3932149646,3008,85266,35,1,1,128,1,1,16,0.000,0.000,,,,,NVIDIA A100-SXM4-40GB MIG 4g.20gb (0),1,,13,cupy_copy__complex64_complex64
3932208622,2560,85273,1,1,1,1,1,1,18,0.000,0.000,,,,,NVIDIA A100-SXM4-40GB MIG 4g.20gb (0),1,,13,cupy_copy__float32_float32
3932318988,248094,85284,1,1,1,32,32,1,30,0.000,0.000,,,,,NVIDIA A100-SXM4-40GB MIG 4g.20gb (0),1,,13,"void convert_kernel<__half2, float2>(tensor_layout_any, T1 *, tensor_layout_any, const T2 *)"
3932596425,5408,85287,,,,,,,,,,0.094,17325.421,Pinned,Device,NVIDIA A100-SXM4-40GB MIG 4g.20gb (0),1,,13,[CUDA memcpy Host-to-Device]
3932650505,7616,85288,,,,,,,,,,1.547,203074.824,Device,,NVIDIA A100-SXM4-40GB MIG 4g.20gb (0),1,,13,[CUDA memset]
3932661705,3071,85293,,,,,,,,,,0.031,10190.791,Pinned,Device,NVIDIA A100-SXM4-40GB MIG 4g.20gb (0),1,,13,[CUDA memcpy Host-to-Device]
3932667208,10912,85294,,,,,,,,,,0.197,18017.550,Pinned,Device,NVIDIA A100-SXM4-40GB MIG 4g.20gb (0),1,,13,[CUDA memcpy Host-to-Device]
3932699560,32704,85295,273,1,1,8,4,1,39,0.002,0.000,,,,,NVIDIA A100-SXM4-40GB MIG 4g.20gb (0),1,,13,"void channel_eq::eqMmseCoefCompLowMimoKernel<float, float, float, (unsigned int)4, (unsigned int)1, (unsigned int)4>(const channel_eq::_puschRxChEqStatDescr *, channel_eq::_puschRxChEqCoefCompDynDescr)"
3932760903,28960,85296,273,1,1,12,11,1,51,0.002,0.000,,,,,NVIDIA A100-SXM4-40GB MIG 4g.20gb (0),1,,13,"void channel_eq::eqMmseSoftDemapKernel<float, __half, __half, float, (unsigned int)4, (unsigned short)16383>(channel_eq::_puschRxChEqStatDescr *, channel_eq::_puschRxChEqSoftDemapDynDescr)"
3932807015,618297,85297,1,1,1,32,32,1,30,0.000,0.000,,,,,NVIDIA A100-SXM4-40GB MIG 4g.20gb (0),1,,13,"void convert_kernel<float2, __half2>(tensor_layout_any, T1 *, tensor_layout_any, const T2 *)"
3933448383,16416,85309,2253,1,1,128,1,1,16,0.000,0.000,,,,,NVIDIA A100-SXM4-40GB MIG 4g.20gb (0),1,,13,cupy_copy__float16_float16
3933524959,4576,85318,282,1,1,128,1,1,16,0.000,0.000,,,,,NVIDIA A100-SXM4-40GB MIG 4g.20gb (0),1,,13,cupy_copy__complex64_complex64
3933562110,3808,85327,26,1,1,128,1,1,16,0.000,0.000,,,,,NVIDIA A100-SXM4-40GB MIG 4g.20gb (0),1,,13,cupy_copy__float32_float32
3933568446,3776,85336,103,1,1,128,1,1,16,0.000,0.000,,,,,NVIDIA A100-SXM4-40GB MIG 4g.20gb (0),1,,13,cupy_copy__complex64_complex64
3933574174,13440,85346,1434,1,1,128,1,1,16,0.000,0.000,,,,,NVIDIA A100-SXM4-40GB MIG 4g.20gb (0),1,,13,cupy_copy__complex64_complex64
3933664317,207262,85351,1,1,1,32,32,1,30,0.000,0.000,,,,,NVIDIA A100-SXM4-40GB MIG 4g.20gb (0),1,,13,"void convert_kernel<__half2, float2>(tensor_layout_any, T1 *, tensor_layout_any, const T2 *)"
3933902106,5376,85354,,,,,,,,,,0.094,17428.487,Pinned,Device,NVIDIA A100-SXM4-40GB MIG 4g.20gb (0),1,,13,[CUDA memcpy Host-to-Device]
3933948986,621945,85355,,,,,,,,,,456.561,733694.234,Device,,NVIDIA A100-SXM4-40GB MIG 4g.20gb (0),1,,13,[CUDA memset]
3934574355,51391,85360,,,,,,,,,,1.235,24029.540,Pinned,Device,NVIDIA A100-SXM4-40GB MIG 4g.20gb (0),1,,13,[CUDA memcpy Host-to-Device]
3934628210,9376,85361,,,,,,,,,,0.197,20969.226,Pinned,Device,NVIDIA A100-SXM4-40GB MIG 4g.20gb (0),1,,13,[CUDA memcpy Host-to-Device]
3934739185,16447,85362,69,4,1,48,1,1,76,0.002,0.000,,,,,NVIDIA A100-SXM4-40GB MIG 4g.20gb (0),1,,13,"void ch_est::windowedChEstPreNoDftSOfdmKernel<float, __half, float, (unsigned int)2, (unsigned int)1, (unsigned short)4>(ch_est::puschRxChEstStatDescr_t *, ch_est::puschRxChEstDynDescr_t *)"
3934814992,7968,85363,137,2,1,24,2,1,44,0.001,0.001,,,,,NVIDIA A100-SXM4-40GB MIG 4g.20gb (0),1,,13,"void ch_est::chEstFilterNoDftSOfdmDispatchKernel<float, __half, float, (unsigned int)2>(ch_est::puschRxChEstStatDescr_t *, ch_est::puschRxChEstDynDescr_t *)"
3934851599,14272,85364,137,2,1,24,2,1,44,0.001,0.001,,,,,NVIDIA A100-SXM4-40GB MIG 4g.20gb (0),1,,13,"void ch_est::chEstFilterNoDftSOfdmDispatchKernel<float, __half, float, (unsigned int)2>(ch_est::puschRxChEstStatDescr_t *, ch_est::puschRxChEstDynDescr_t *)"
3934918543,3648,85375,103,1,1,128,1,1,16,0.000,0.000,,,,,NVIDIA A100-SXM4-40GB MIG 4g.20gb (0),1,,13,cupy_copy__complex64_complex64
3934959054,16768,85385,1434,1,1,128,1,1,16,0.000,0.000,,,,,NVIDIA A100-SXM4-40GB MIG 4g.20gb (0),1,,13,cupy_copy__complex64_complex64
3934977678,2752,85392,103,1,1,128,1,1,16,0.000,0.000,,,,,NVIDIA A100-SXM4-40GB MIG 4g.20gb (0),1,,13,cupy_copy__complex64_complex64
3934982158,144478,85399,1,1,1,32,32,1,30,0.000,0.000,,,,,NVIDIA A100-SXM4-40GB MIG 4g.20gb (0),1,,13,"void convert_kernel<__half2, float2>(tensor_layout_any, T1 *, tensor_layout_any, const T2 *)"
3935156300,5536,85402,,,,,,,,,,0.094,16924.777,Pinned,Device,NVIDIA A100-SXM4-40GB MIG 4g.20gb (0),1,,13,[CUDA memcpy Host-to-Device]
3935251691,58495,85403,,,,,,,,,,35.810,612170.582,Device,,NVIDIA A100-SXM4-40GB MIG 4g.20gb (0),1,,13,[CUDA memset]
3935313226,2144,85405,,,,,,,,,,0.000,37.313,Pinned,Device,NVIDIA A100-SXM4-40GB MIG 4g.20gb (0),1,,13,[CUDA memcpy Host-to-Device]
3935320362,10144,85406,,,,,,,,,,0.197,19381.617,Pinned,Device,NVIDIA A100-SXM4-40GB MIG 4g.20gb (0),1,,13,[CUDA memcpy Host-to-Device]
3935419273,16096,85407,273,1,1,48,1,1,40,0.000,0.001,,,,,NVIDIA A100-SXM4-40GB MIG 4g.20gb (0),1,,13,"void pusch_noise_intf_est::noiseIntfEstNoDftSOfdmKernel<float, __half, float, float, (unsigned int)2, (unsigned int)1, (unsigned char)4, (unsigned char)4>(pusch_noise_intf_est::puschRxNoiseIntfEstDynDescr)"
3935458984,5600,85418,35,1,1,128,1,1,16,0.000,0.000,,,,,NVIDIA A100-SXM4-40GB MIG 4g.20gb (0),1,,13,cupy_copy__complex64_complex64
3935466856,1760,85427,1,1,1,1,1,1,18,0.000,0.000,,,,,NVIDIA A100-SXM4-40GB MIG 4g.20gb (0),1,,13,cupy_copy__float32_float32
3935470632,1632,85433,,,,,,,,,,0.000,2.451,Device,Pageable,NVIDIA A100-SXM4-40GB MIG 4g.20gb (0),1,,7,[CUDA memcpy Device-to-Host]
3935601319,17696,85444,1434,1,1,128,1,1,16,0.000,0.000,,,,,NVIDIA A100-SXM4-40GB MIG 4g.20gb (0),1,,13,cupy_copy__complex64_complex64
3935686566,5408,85451,103,1,1,128,1,1,16,0.000,0.000,,,,,NVIDIA A100-SXM4-40GB MIG 4g.20gb (0),1,,13,cupy_copy__complex64_complex64
3935733029,4416,85458,35,1,1,128,1,1,16,0.000,0.000,,,,,NVIDIA A100-SXM4-40GB MIG 4g.20gb (0),1,,13,cupy_copy__complex64_complex64
3935739717,1888,85465,1,1,1,1,1,1,18,0.000,0.000,,,,,NVIDIA A100-SXM4-40GB MIG 4g.20gb (0),1,,13,cupy_copy__float32_float32
3935842788,254269,85476,1,1,1,32,32,1,30,0.000,0.000,,,,,NVIDIA A100-SXM4-40GB MIG 4g.20gb (0),1,,13,"void convert_kernel<__half2, float2>(tensor_layout_any, T1 *, tensor_layout_any, const T2 *)"
3936126497,5408,85479,,,,,,,,,,0.094,17325.421,Pinned,Device,NVIDIA A100-SXM4-40GB MIG 4g.20gb (0),1,,13,[CUDA memcpy Host-to-Device]
3936158752,6240,85480,,,,,,,,,,1.547,247855.776,Device,,NVIDIA A100-SXM4-40GB MIG 4g.20gb (0),1,,13,[CUDA memset]
3936168960,3040,85485,,,,,,,,,,0.031,10294.725,Pinned,Device,NVIDIA A100-SXM4-40GB MIG 4g.20gb (0),1,,13,[CUDA memcpy Host-to-Device]
3936174432,9952,85486,,,,,,,,,,0.197,19755.565,Pinned,Device,NVIDIA A100-SXM4-40GB MIG 4g.20gb (0),1,,13,[CUDA memcpy Host-to-Device]
3936221728,26207,85487,273,1,1,8,4,1,39,0.002,0.000,,,,,NVIDIA A100-SXM4-40GB MIG 4g.20gb (0),1,,13,"void channel_eq::eqMmseCoefCompLowMimoKernel<float, float, float, (unsigned int)4, (unsigned int)1, (unsigned int)4>(const channel_eq::_puschRxChEqStatDescr *, channel_eq::_puschRxChEqCoefCompDynDescr)"
3936275231,24096,85488,273,1,1,12,11,1,51,0.002,0.000,,,,,NVIDIA A100-SXM4-40GB MIG 4g.20gb (0),1,,13,"void channel_eq::eqMmseSoftDemapKernel<float, __half, __half, float, (unsigned int)4, (unsigned short)16383>(channel_eq::_puschRxChEqStatDescr *, channel_eq::_puschRxChEqSoftDemapDynDescr)"
3936347838,475035,85489,1,1,1,32,32,1,30,0.000,0.000,,,,,NVIDIA A100-SXM4-40GB MIG 4g.20gb (0),1,,13,"void convert_kernel<float2, __half2>(tensor_layout_any, T1 *, tensor_layout_any, const T2 *)"
3936877848,15328,85501,2253,1,1,128,1,1,16,0.000,0.000,,,,,NVIDIA A100-SXM4-40GB MIG 4g.20gb (0),1,,13,cupy_copy__float16_float16
3936957655,4096,85510,282,1,1,128,1,1,16,0.000,0.000,,,,,NVIDIA A100-SXM4-40GB MIG 4g.20gb (0),1,,13,cupy_copy__complex64_complex64
3936996823,3264,85519,26,1,1,128,1,1,16,0.000,0.000,,,,,NVIDIA A100-SXM4-40GB MIG 4g.20gb (0),1,,13,cupy_copy__float32_float32
3937002871,4640,85528,103,1,1,128,1,1,16,0.000,0.000,,,,,NVIDIA A100-SXM4-40GB MIG 4g.20gb (0),1,,13,cupy_copy__complex64_complex64
3937008951,12287,85538,1434,1,1,128,1,1,16,0.000,0.000,,,,,NVIDIA A100-SXM4-40GB MIG 4g.20gb (0),1,,13,cupy_copy__complex64_complex64
3937127509,249373,85543,1,1,1,32,32,1,30,0.000,0.000,,,,,NVIDIA A100-SXM4-40GB MIG 4g.20gb (0),1,,13,"void convert_kernel<__half2, float2>(tensor_layout_any, T1 *, tensor_layout_any, const T2 *)"
3937407698,6208,85546,,,,,,,,,,0.094,15092.739,Pinned,Device,NVIDIA A100-SXM4-40GB MIG 4g.20gb (0),1,,13,[CUDA memcpy Host-to-Device]
3937471377,619065,85547,,,,,,,,,,456.561,737346.726,Device,,NVIDIA A100-SXM4-40GB MIG 4g.20gb (0),1,,13,[CUDA memset]
3938097706,54431,85552,,,,,,,,,,1.235,22687.156,Pinned,Device,NVIDIA A100-SXM4-40GB MIG 4g.20gb (0),1,,13,[CUDA memcpy Host-to-Device]
3938154569,9312,85553,,,,,,,,,,0.197,21113.340,Pinned,Device,NVIDIA A100-SXM4-40GB MIG 4g.20gb (0),1,,13,[CUDA memcpy Host-to-Device]
3938258856,17152,85554,69,4,1,48,1,1,76,0.002,0.000,,,,,NVIDIA A100-SXM4-40GB MIG 4g.20gb (0),1,,13,"void ch_est::windowedChEstPreNoDftSOfdmKernel<float, __half, float, (unsigned int)2, (unsigned int)1, (unsigned short)4>(ch_est::puschRxChEstStatDescr_t *, ch_est::puschRxChEstDynDescr_t *)"
3938322247,9344,85555,137,2,1,24,2,1,44,0.001,0.001,,,,,NVIDIA A100-SXM4-40GB MIG 4g.20gb (0),1,,13,"void ch_est::chEstFilterNoDftSOfdmDispatchKernel<float, __half, float, (unsigned int)2>(ch_est::puschRxChEstStatDescr_t *, ch_est::puschRxChEstDynDescr_t *)"
3938355527,16480,85556,137,2,1,24,2,1,44,0.001,0.001,,,,,NVIDIA A100-SXM4-40GB MIG 4g.20gb (0),1,,13,"void ch_est::chEstFilterNoDftSOfdmDispatchKernel<float, __half, float, (unsigned int)2>(ch_est::puschRxChEstStatDescr_t *, ch_est::puschRxChEstDynDescr_t *)"
3938391367,4192,85567,103,1,1,128,1,1,16,0.000,0.000,,,,,NVIDIA A100-SXM4-40GB MIG 4g.20gb (0),1,,13,cupy_copy__complex64_complex64
3938450694,13984,85577,1434,1,1,128,1,1,16,0.000,0.000,,,,,NVIDIA A100-SXM4-40GB MIG 4g.20gb (0),1,,13,cupy_copy__complex64_complex64
3938501189,4960,85584,103,1,1,128,1,1,16,0.000,0.000,,,,,NVIDIA A100-SXM4-40GB MIG 4g.20gb (0),1,,13,cupy_copy__complex64_complex64
3938508293,231774,85591,1,1,1,32,32,1,30,0.000,0.000,,,,,NVIDIA A100-SXM4-40GB MIG 4g.20gb (0),1,,13,"void convert_kernel<__half2, float2>(tensor_layout_any, T1 *, tensor_layout_any, const T2 *)"
3938768354,7296,85594,,,,,,,,,,0.094,12842.067,Pinned,Device,NVIDIA A100-SXM4-40GB MIG 4g.20gb (0),1,,13,[CUDA memcpy Host-to-Device]
3938847777,56256,85595,,,,,,,,,,35.810,636521.328,Device,,NVIDIA A100-SXM4-40GB MIG 4g.20gb (0),1,,13,[CUDA memset]
3938909537,3168,85597,,,,,,,,,,0.000,25.252,Pinned,Device,NVIDIA A100-SXM4-40GB MIG 4g.20gb (0),1,,13,[CUDA memcpy Host-to-Device]
3938915137,9344,85598,,,,,,,,,,0.197,21040.988,Pinned,Device,NVIDIA A100-SXM4-40GB MIG 4g.20gb (0),1,,13,[CUDA memcpy Host-to-Device]
3939018335,21952,85599,273,1,1,48,1,1,40,0.000,0.001,,,,,NVIDIA A100-SXM4-40GB MIG 4g.20gb (0),1,,13,"void pusch_noise_intf_est::noiseIntfEstNoDftSOfdmKernel<float, __half, float, float, (unsigned int)2, (unsigned int)1, (unsigned char)4, (unsigned char)4>(pusch_noise_intf_est::puschRxNoiseIntfEstDynDescr)"
3939064767,7040,85610,35,1,1,128,1,1,16,0.000,0.000,,,,,NVIDIA A100-SXM4-40GB MIG 4g.20gb (0),1,,13,cupy_copy__complex64_complex64
3939122878,2464,85619,1,1,1,1,1,1,18,0.000,0.000,,,,,NVIDIA A100-SXM4-40GB MIG 4g.20gb (0),1,,13,cupy_copy__float32_float32
3939127902,1888,85625,,,,,,,,,,0.000,2.119,Device,Pageable,NVIDIA A100-SXM4-40GB MIG 4g.20gb (0),1,,7,[CUDA memcpy Device-to-Host]
3939225245,25920,85636,1434,1,1,128,1,1,16,0.000,0.000,,,,,NVIDIA A100-SXM4-40GB MIG 4g.20gb (0),1,,13,cupy_copy__complex64_complex64
3939271389,7359,85643,103,1,1,128,1,1,16,0.000,0.000,,,,,NVIDIA A100-SXM4-40GB MIG 4g.20gb (0),1,,13,cupy_copy__complex64_complex64
3939281084,3264,85650,35,1,1,128,1,1,16,0.000,0.000,,,,,NVIDIA A100-SXM4-40GB MIG 4g.20gb (0),1,,13,cupy_copy__complex64_complex64
3939351356,2752,85657,1,1,1,1,1,1,18,0.000,0.000,,,,,NVIDIA A100-SXM4-40GB MIG 4g.20gb (0),1,,13,cupy_copy__float32_float32
3939460218,213342,85668,1,1,1,32,32,1,30,0.000,0.000,,,,,NVIDIA A100-SXM4-40GB MIG 4g.20gb (0),1,,13,"void convert_kernel<__half2, float2>(tensor_layout_any, T1 *, tensor_layout_any, const T2 *)"
3939704248,5504,85671,,,,,,,,,,0.094,17023.251,Pinned,Device,NVIDIA A100-SXM4-40GB MIG 4g.20gb (0),1,,13,[CUDA memcpy Host-to-Device]
3939733847,13280,85672,,,,,,,,,,1.547,116462.334,Device,,NVIDIA A100-SXM4-40GB MIG 4g.20gb (0),1,,13,[CUDA memset]
3939754295,3232,85677,,,,,,,,,,0.031,9683.139,Pinned,Device,NVIDIA A100-SXM4-40GB MIG 4g.20gb (0),1,,13,[CUDA memcpy Host-to-Device]
3939760215,9536,85678,,,,,,,,,,0.197,20617.298,Pinned,Device,NVIDIA A100-SXM4-40GB MIG 4g.20gb (0),1,,13,[CUDA memcpy Host-to-Device]
3939815286,17344,85679,273,1,1,8,4,1,39,0.002,0.000,,,,,NVIDIA A100-SXM4-40GB MIG 4g.20gb (0),1,,13,"void channel_eq::eqMmseCoefCompLowMimoKernel<float, float, float, (unsigned int)4, (unsigned int)1, (unsigned int)4>(const channel_eq::_puschRxChEqStatDescr *, channel_eq::_puschRxChEqCoefCompDynDescr)"
3939865558,22303,85680,273,1,1,12,11,1,51,0.002,0.000,,,,,NVIDIA A100-SXM4-40GB MIG 4g.20gb (0),1,,13,"void channel_eq::eqMmseSoftDemapKernel<float, __half, __half, float, (unsigned int)4, (unsigned short)16383>(channel_eq::_puschRxChEqStatDescr *, channel_eq::_puschRxChEqSoftDemapDynDescr)"
3939929653,441627,85681,1,1,1,32,32,1,30,0.000,0.000,,,,,NVIDIA A100-SXM4-40GB MIG 4g.20gb (0),1,,13,"void convert_kernel<float2, __half2>(tensor_layout_any, T1 *, tensor_layout_any, const T2 *)"
3940445519,16224,85693,2253,1,1,128,1,1,16,0.000,0.000,,,,,NVIDIA A100-SXM4-40GB MIG 4g.20gb (0),1,,13,cupy_copy__float16_float16
3940463599,3904,85702,282,1,1,128,1,1,16,0.000,0.000,,,,,NVIDIA A100-SXM4-40GB MIG 4g.20gb (0),1,,13,cupy_copy__complex64_complex64
3940539086,3040,85711,26,1,1,128,1,1,16,0.000,0.000,,,,,NVIDIA A100-SXM4-40GB MIG 4g.20gb (0),1,,13,cupy_copy__float32_float32
3940575182,9407,85720,103,1,1,128,1,1,16,0.000,0.000,,,,,NVIDIA A100-SXM4-40GB MIG 4g.20gb (0),1,,13,cupy_copy__complex64_complex64
3940585677,14432,85730,1434,1,1,128,1,1,16,0.000,0.000,,,,,NVIDIA A100-SXM4-40GB MIG 4g.20gb (0),1,,13,cupy_copy__complex64_complex64
3940657517,179454,85735,1,1,1,32,32,1,30,0.000,0.000,,,,,NVIDIA A100-SXM4-40GB MIG 4g.20gb (0),1,,13,"void convert_kernel<__half2, float2>(tensor_layout_any, T1 *, tensor_layout_any, const T2 *)"
3940866794,5440,85738,,,,,,,,,,0.094,17223.480,Pinned,Device,NVIDIA A100-SXM4-40GB MIG 4g.20gb (0),1,,13,[CUDA memcpy Host-to-Device]
3940919626,619544,85739,,,,,,,,,,456.561,736890.164,Device,,NVIDIA A100-SXM4-40GB MIG 4g.20gb (0),1,,13,[CUDA memset]
3941542594,53248,85744,,,,,,,,,,1.235,23192.248,Pinned,Device,NVIDIA A100-SXM4-40GB MIG 4g.20gb (0),1,,13,[CUDA memcpy Host-to-Device]
3941599618,9344,85745,,,,,,,,,,0.197,21040.988,Pinned,Device,NVIDIA A100-SXM4-40GB MIG 4g.20gb (0),1,,13,[CUDA memcpy Host-to-Device]
3941702049,18047,85746,69,4,1,48,1,1,76,0.002,0.000,,,,,NVIDIA A100-SXM4-40GB MIG 4g.20gb (0),1,,13,"void ch_est::windowedChEstPreNoDftSOfdmKernel<float, __half, float, (unsigned int)2, (unsigned int)1, (unsigned short)4>(ch_est::puschRxChEstStatDescr_t *, ch_est::puschRxChEstDynDescr_t *)"
3941721952,7744,85747,137,2,1,24,2,1,44,0.001,0.001,,,,,NVIDIA A100-SXM4-40GB MIG 4g.20gb (0),1,,13,"void ch_est::chEstFilterNoDftSOfdmDispatchKernel<float, __half, float, (unsigned int)2>(ch_est::puschRxChEstStatDescr_t *, ch_est::puschRxChEstDynDescr_t *)"
3941807903,7648,85748,137,2,1,24,2,1,44,0.001,0.001,,,,,NVIDIA A100-SXM4-40GB MIG 4g.20gb (0),1,,13,"void ch_est::chEstFilterNoDftSOfdmDispatchKernel<float, __half, float, (unsigned int)2>(ch_est::puschRxChEstStatDescr_t *, ch_est::puschRxChEstDynDescr_t *)"
3941849023,5280,85759,103,1,1,128,1,1,16,0.000,0.000,,,,,NVIDIA A100-SXM4-40GB MIG 4g.20gb (0),1,,13,cupy_copy__complex64_complex64
3941856287,14432,85769,1434,1,1,128,1,1,16,0.000,0.000,,,,,NVIDIA A100-SXM4-40GB MIG 4g.20gb (0),1,,13,cupy_copy__complex64_complex64
3941872543,2784,85776,103,1,1,128,1,1,16,0.000,0.000,,,,,NVIDIA A100-SXM4-40GB MIG 4g.20gb (0),1,,13,cupy_copy__complex64_complex64
3941894398,201406,85783,1,1,1,32,32,1,30,0.000,0.000,,,,,NVIDIA A100-SXM4-40GB MIG 4g.20gb (0),1,,13,"void convert_kernel<__half2, float2>(tensor_layout_any, T1 *, tensor_layout_any, const T2 *)"
3942125660,5408,85786,,,,,,,,,,0.094,17325.421,Pinned,Device,NVIDIA A100-SXM4-40GB MIG 4g.20gb (0),1,,13,[CUDA memcpy Host-to-Device]
3942143164,54143,85787,,,,,,,,,,35.810,661373.412,Device,,NVIDIA A100-SXM4-40GB MIG 4g.20gb (0),1,,13,[CUDA memset]
3942201019,1856,85789,,,,,,,,,,0.000,43.103,Pinned,Device,NVIDIA A100-SXM4-40GB MIG 4g.20gb (0),1,,13,[CUDA memcpy Host-to-Device]
3942206363,9248,85790,,,,,,,,,,0.197,21259.420,Pinned,Device,NVIDIA A100-SXM4-40GB MIG 4g.20gb (0),1,,13,[CUDA memcpy Host-to-Device]
3942218747,9984,85791,273,1,1,48,1,1,40,0.000,0.001,,,,,NVIDIA A100-SXM4-40GB MIG 4g.20gb (0),1,,13,"void pusch_noise_intf_est::noiseIntfEstNoDftSOfdmKernel<float, __half, float, float, (unsigned int)2, (unsigned int)1, (unsigned char)4, (unsigned char)4>(pusch_noise_intf_est::puschRxNoiseIntfEstDynDescr)"
3942283802,2848,85802,35,1,1,128,1,1,16,0.000,0.000,,,,,NVIDIA A100-SXM4-40GB MIG 4g.20gb (0),1,,13,cupy_copy__complex64_complex64
3942287802,1824,85811,1,1,1,1,1,1,18,0.000,0.000,,,,,NVIDIA A100-SXM4-40GB MIG 4g.20gb (0),1,,13,cupy_copy__float32_float32
3942293914,1600,85817,,,,,,,,,,0.000,2.500,Device,Pageable,NVIDIA A100-SXM4-40GB MIG 4g.20gb (0),1,,7,[CUDA memcpy Device-to-Host]
3942387129,28159,85828,1434,1,1,128,1,1,16,0.000,0.000,,,,,NVIDIA A100-SXM4-40GB MIG 4g.20gb (0),1,,13,cupy_copy__complex64_complex64
3942416344,2880,85835,103,1,1,128,1,1,16,0.000,0.000,,,,,NVIDIA A100-SXM4-40GB MIG 4g.20gb (0),1,,13,cupy_copy__complex64_complex64
3942420312,2304,85842,35,1,1,128,1,1,16,0.000,0.000,,,,,NVIDIA A100-SXM4-40GB MIG 4g.20gb (0),1,,13,cupy_copy__complex64_complex64
3942427256,1824,85849,1,1,1,1,1,1,18,0.000,0.000,,,,,NVIDIA A100-SXM4-40GB MIG 4g.20gb (0),1,,13,cupy_copy__float32_float32
3942577399,119358,85860,1,1,1,32,32,1,30,0.000,0.000,,,,,NVIDIA A100-SXM4-40GB MIG 4g.20gb (0),1,,13,"void convert_kernel<__half2, float2>(tensor_layout_any, T1 *, tensor_layout_any, const T2 *)"
3942725973,5408,85863,,,,,,,,,,0.094,17325.421,Pinned,Device,NVIDIA A100-SXM4-40GB MIG 4g.20gb (0),1,,13,[CUDA memcpy Host-to-Device]
3942772340,20384,85864,,,,,,,,,,1.547,75874.280,Device,,NVIDIA A100-SXM4-40GB MIG 4g.20gb (0),1,,13,[CUDA memset]
3942798644,3296,85869,,,,,,,,,,0.031,9495.144,Pinned,Device,NVIDIA A100-SXM4-40GB MIG 4g.20gb (0),1,,13,[CUDA memcpy Host-to-Device]
3942804020,9760,85870,,,,,,,,,,0.197,20144.259,Pinned,Device,NVIDIA A100-SXM4-40GB MIG 4g.20gb (0),1,,13,[CUDA memcpy Host-to-Device]
3942859155,6816,85871,273,1,1,8,4,1,39,0.002,0.000,,,,,NVIDIA A100-SXM4-40GB MIG 4g.20gb (0),1,,13,"void channel_eq::eqMmseCoefCompLowMimoKernel<float, float, float, (unsigned int)4, (unsigned int)1, (unsigned int)4>(const channel_eq::_puschRxChEqStatDescr *, channel_eq::_puschRxChEqCoefCompDynDescr)"
3942867123,8448,85872,273,1,1,12,11,1,51,0.002,0.000,,,,,NVIDIA A100-SXM4-40GB MIG 4g.20gb (0),1,,13,"void channel_eq::eqMmseSoftDemapKernel<float, __half, __half, float, (unsigned int)4, (unsigned short)16383>(channel_eq::_puschRxChEqStatDescr *, channel_eq::_puschRxChEqSoftDemapDynDescr)"
3942876627,403195,85873,1,1,1,32,32,1,30,0.000,0.000,,,,,NVIDIA A100-SXM4-40GB MIG 4g.20gb (0),1,,13,"void convert_kernel<float2, __half2>(tensor_layout_any, T1 *, tensor_layout_any, const T2 *)"
3943281262,11072,85885,2253,1,1,128,1,1,16,0.000,0.000,,,,,NVIDIA A100-SXM4-40GB MIG 4g.20gb (0),1,,13,cupy_copy__float16_float16
3943332814,4352,85894,282,1,1,128,1,1,16,0.000,0.000,,,,,NVIDIA A100-SXM4-40GB MIG 4g.20gb (0),1,,13,cupy_copy__complex64_complex64
3943338286,2336,85903,26,1,1,128,1,1,16,0.000,0.000,,,,,NVIDIA A100-SXM4-40GB MIG 4g.20gb (0),1,,13,cupy_copy__float32_float32
3943341774,6304,85912,103,1,1,128,1,1,16,0.000,0.000,,,,,NVIDIA A100-SXM4-40GB MIG 4g.20gb (0),1,,13,cupy_copy__complex64_complex64
3943353902,16127,85922,1434,1,1,128,1,1,16,0.000,0.000,,,,,NVIDIA A100-SXM4-40GB MIG 4g.20gb (0),1,,13,cupy_copy__complex64_complex64
3943371053,81311,85927,1,1,1,32,32,1,30,0.000,0.000,,,,,NVIDIA A100-SXM4-40GB MIG 4g.20gb (0),1,,13,"void convert_kernel<__half2, float2>(tensor_layout_any, T1 *, tensor_layout_any, const T2 *)"
3943481228,6176,85930,,,,,,,,,,0.094,15170.975,Pinned,Device,NVIDIA A100-SXM4-40GB MIG 4g.20gb (0),1,,13,[CUDA memcpy Host-to-Device]
3943616043,630808,85931,,,,,,,,,,456.561,723649.882,Device,,NVIDIA A100-SXM4-40GB MIG 4g.20gb (0),1,,13,[CUDA memset]
3944253539,50336,85936,,,,,,,,,,1.235,24533.398,Pinned,Device,NVIDIA A100-SXM4-40GB MIG 4g.20gb (0),1,,13,[CUDA memcpy Host-to-Device]
3944306339,10112,85937,,,,,,,,,,0.197,19442.958,Pinned,Device,NVIDIA A100-SXM4-40GB MIG 4g.20gb (0),1,,13,[CUDA memcpy Host-to-Device]
3944401122,13215,85938,69,4,1,48,1,1,76,0.002,0.000,,,,,NVIDIA A100-SXM4-40GB MIG 4g.20gb (0),1,,13,"void ch_est::windowedChEstPreNoDftSOfdmKernel<float, __half, float, (unsigned int)2, (unsigned int)1, (unsigned short)4>(ch_est::puschRxChEstStatDescr_t *, ch_est::puschRxChEstDynDescr_t *)"
3944467937,40191,85939,137,2,1,24,2,1,44,0.001,0.001,,,,,NVIDIA A100-SXM4-40GB MIG 4g.20gb (0),1,,13,"void ch_est::chEstFilterNoDftSOfdmDispatchKernel<float, __half, float, (unsigned int)2>(ch_est::puschRxChEstStatDescr_t *, ch_est::puschRxChEstDynDescr_t *)"
3944535392,28224,85940,137,2,1,24,2,1,44,0.001,0.001,,,,,NVIDIA A100-SXM4-40GB MIG 4g.20gb (0),1,,13,"void ch_est::chEstFilterNoDftSOfdmDispatchKernel<float, __half, float, (unsigned int)2>(ch_est::puschRxChEstStatDescr_t *, ch_est::puschRxChEstDynDescr_t *)"
3944591263,9536,85951,103,1,1,128,1,1,16,0.000,0.000,,,,,NVIDIA A100-SXM4-40GB MIG 4g.20gb (0),1,,13,cupy_copy__complex64_complex64
3944662463,21535,85961,1434,1,1,128,1,1,16,0.000,0.000,,,,,NVIDIA A100-SXM4-40GB MIG 4g.20gb (0),1,,13,cupy_copy__complex64_complex64
3944721662,8672,85968,103,1,1,128,1,1,16,0.000,0.000,,,,,NVIDIA A100-SXM4-40GB MIG 4g.20gb (0),1,,13,cupy_copy__complex64_complex64
3944782973,250781,85975,1,1,1,32,32,1,30,0.000,0.000,,,,,NVIDIA A100-SXM4-40GB MIG 4g.20gb (0),1,,13,"void convert_kernel<__half2, float2>(tensor_layout_any, T1 *, tensor_layout_any, const T2 *)"
3945062746,5408,85978,,,,,,,,,,0.094,17325.421,Pinned,Device,NVIDIA A100-SXM4-40GB MIG 4g.20gb (0),1,,13,[CUDA memcpy Host-to-Device]
3945139481,61567,85979,,,,,,,,,,35.810,581624.721,Device,,NVIDIA A100-SXM4-40GB MIG 4g.20gb (0),1,,13,[CUDA memset]
3945207896,1792,85981,,,,,,,,,,0.000,44.643,Pinned,Device,NVIDIA A100-SXM4-40GB MIG 4g.20gb (0),1,,13,[CUDA memcpy Host-to-Device]
3945212120,9856,85982,,,,,,,,,,0.197,19948.044,Pinned,Device,NVIDIA A100-SXM4-40GB MIG 4g.20gb (0),1,,13,[CUDA memcpy Host-to-Device]
3945337719,24192,85983,273,1,1,48,1,1,40,0.000,0.001,,,,,NVIDIA A100-SXM4-40GB MIG 4g.20gb (0),1,,13,"void pusch_noise_intf_est::noiseIntfEstNoDftSOfdmKernel<float, __half, float, float, (unsigned int)2, (unsigned int)1, (unsigned char)4, (unsigned char)4>(pusch_noise_intf_est::puschRxNoiseIntfEstDynDescr)"
3945388214,10752,85994,35,1,1,128,1,1,16,0.000,0.000,,,,,NVIDIA A100-SXM4-40GB MIG 4g.20gb (0),1,,13,cupy_copy__complex64_complex64
3945464213,3168,86003,1,1,1,1,1,1,18,0.000,0.000,,,,,NVIDIA A100-SXM4-40GB MIG 4g.20gb (0),1,,13,cupy_copy__float32_float32
3945475317,1888,86009,,,,,,,,,,0.000,2.119,Device,Pageable,NVIDIA A100-SXM4-40GB MIG 4g.20gb (0),1,,7,[CUDA memcpy Device-to-Host]
3945537685,13247,86020,1434,1,1,128,1,1,16,0.000,0.000,,,,,NVIDIA A100-SXM4-40GB MIG 4g.20gb (0),1,,13,cupy_copy__complex64_complex64
3945605844,3424,86027,103,1,1,128,1,1,16,0.000,0.000,,,,,NVIDIA A100-SXM4-40GB MIG 4g.20gb (0),1,,13,cupy_copy__complex64_complex64
3945689203,9120,86034,35,1,1,128,1,1,16,0.000,0.000,,,,,NVIDIA A100-SXM4-40GB MIG 4g.20gb (0),1,,13,cupy_copy__complex64_complex64
3945741266,2784,86041,1,1,1,1,1,1,18,0.000,0.000,,,,,NVIDIA A100-SXM4-40GB MIG 4g.20gb (0),1,,13,cupy_copy__float32_float32
3945745490,241277,86052,1,1,1,32,32,1,30,0.000,0.000,,,,,NVIDIA A100-SXM4-40GB MIG 4g.20gb (0),1,,13,"void convert_kernel<__half2, float2>(tensor_layout_any, T1 *, tensor_layout_any, const T2 *)"
3946015023,5344,86055,,,,,,,,,,0.094,17532.864,Pinned,Device,NVIDIA A100-SXM4-40GB MIG 4g.20gb (0),1,,13,[CUDA memcpy Host-to-Device]
3946049807,14751,86056,,,,,,,,,,1.547,104848.734,Device,,NVIDIA A100-SXM4-40GB MIG 4g.20gb (0),1,,13,[CUDA memset]
3946072302,3200,86061,,,,,,,,,,0.031,9780.000,Pinned,Device,NVIDIA A100-SXM4-40GB MIG 4g.20gb (0),1,,13,[CUDA memcpy Host-to-Device]
3946078190,10336,86062,,,,,,,,,,0.197,19021.627,Pinned,Device,NVIDIA A100-SXM4-40GB MIG 4g.20gb (0),1,,13,[CUDA memcpy Host-to-Device]
3946126094,21824,86063,273,1,1,8,4,1,39,0.002,0.000,,,,,NVIDIA A100-SXM4-40GB MIG 4g.20gb (0),1,,13,"void channel_eq::eqMmseCoefCompLowMimoKernel<float, float, float, (unsigned int)4, (unsigned int)1, (unsigned int)4>(const channel_eq::_puschRxChEqStatDescr *, channel_eq::_puschRxChEqCoefCompDynDescr)"
3946211213,36447,86064,273,1,1,12,11,1,51,0.002,0.000,,,,,NVIDIA A100-SXM4-40GB MIG 4g.20gb (0),1,,13,"void channel_eq::eqMmseSoftDemapKernel<float, __half, __half, float, (unsigned int)4, (unsigned short)16383>(channel_eq::_puschRxChEqStatDescr *, channel_eq::_puschRxChEqSoftDemapDynDescr)"
3946288940,710840,86065,1,1,1,32,32,1,30,0.000,0.000,,,,,NVIDIA A100-SXM4-40GB MIG 4g.20gb (0),1,,13,"void convert_kernel<float2, __half2>(tensor_layout_any, T1 *, tensor_layout_any, const T2 *)"
3947059843,25504,86077,2253,1,1,128,1,1,16,0.000,0.000,,,,,NVIDIA A100-SXM4-40GB MIG 4g.20gb (0),1,,13,cupy_copy__float16_float16
3947126882,6048,86086,282,1,1,128,1,1,16,0.000,0.000,,,,,NVIDIA A100-SXM4-40GB MIG 4g.20gb (0),1,,13,cupy_copy__complex64_complex64
3947183170,7680,86095,26,1,1,128,1,1,16,0.000,0.000,,,,,NVIDIA A100-SXM4-40GB MIG 4g.20gb (0),1,,13,cupy_copy__float32_float32
3947238113,15040,86104,103,1,1,128,1,1,16,0.000,0.000,,,,,NVIDIA A100-SXM4-40GB MIG 4g.20gb (0),1,,13,cupy_copy__complex64_complex64
3947303616,28000,86114,1434,1,1,128,1,1,16,0.000,0.000,,,,,NVIDIA A100-SXM4-40GB MIG 4g.20gb (0),1,,13,cupy_copy__complex64_complex64
3947369503,248446,86119,1,1,1,32,32,1,30,0.000,0.000,,,,,NVIDIA A100-SXM4-40GB MIG 4g.20gb (0),1,,13,"void convert_kernel<__half2, float2>(tensor_layout_any, T1 *, tensor_layout_any, const T2 *)"
3947647260,5376,86122,,,,,,,,,,0.094,17428.487,Pinned,Device,NVIDIA A100-SXM4-40GB MIG 4g.20gb (0),1,,13,[CUDA memcpy Host-to-Device]
3947677372,629113,86123,,,,,,,,,,456.561,725476.128,Device,,NVIDIA A100-SXM4-40GB MIG 4g.20gb (0),1,,13,[CUDA memset]
3948326132,53152,86128,,,,,,,,,,1.235,23233.001,Pinned,Device,NVIDIA A100-SXM4-40GB MIG 4g.20gb (0),1,,13,[CUDA memcpy Host-to-Device]
3948382548,11360,86129,,,,,,,,,,0.197,17307.009,Pinned,Device,NVIDIA A100-SXM4-40GB MIG 4g.20gb (0),1,,13,[CUDA memcpy Host-to-Device]
3948501010,25600,86130,69,4,1,48,1,1,76,0.002,0.000,,,,,NVIDIA A100-SXM4-40GB MIG 4g.20gb (0),1,,13,"void ch_est::windowedChEstPreNoDftSOfdmKernel<float, __half, float, (unsigned int)2, (unsigned int)1, (unsigned short)4>(ch_est::puschRxChEstStatDescr_t *, ch_est::puschRxChEstDynDescr_t *)"
3948574578,26847,86131,137,2,1,24,2,1,44,0.001,0.001,,,,,NVIDIA A100-SXM4-40GB MIG 4g.20gb (0),1,,13,"void ch_est::chEstFilterNoDftSOfdmDispatchKernel<float, __half, float, (unsigned int)2>(ch_est::puschRxChEstStatDescr_t *, ch_est::puschRxChEstDynDescr_t *)"
3948623633,34496,86132,137,2,1,24,2,1,44,0.001,0.001,,,,,NVIDIA A100-SXM4-40GB MIG 4g.20gb (0),1,,13,"void ch_est::chEstFilterNoDftSOfdmDispatchKernel<float, __half, float, (unsigned int)2>(ch_est::puschRxChEstStatDescr_t *, ch_est::puschRxChEstDynDescr_t *)"
3948690320,5056,86143,103,1,1,128,1,1,16,0.000,0.000,,,,,NVIDIA A100-SXM4-40GB MIG 4g.20gb (0),1,,13,cupy_copy__complex64_complex64
3948742832,33535,86153,1434,1,1,128,1,1,16,0.000,0.000,,,,,NVIDIA A100-SXM4-40GB MIG 4g.20gb (0),1,,13,cupy_copy__complex64_complex64
3948837007,3936,86160,103,1,1,128,1,1,16,0.000,0.000,,,,,NVIDIA A100-SXM4-40GB MIG 4g.20gb (0),1,,13,cupy_copy__complex64_complex64
3948887694,241149,86167,1,1,1,32,32,1,30,0.000,0.000,,,,,NVIDIA A100-SXM4-40GB MIG 4g.20gb (0),1,,13,"void convert_kernel<__half2, float2>(tensor_layout_any, T1 *, tensor_layout_any, const T2 *)"
3949157835,5376,86170,,,,,,,,,,0.094,17428.487,Pinned,Device,NVIDIA A100-SXM4-40GB MIG 4g.20gb (0),1,,13,[CUDA memcpy Host-to-Device]
3949215370,61024,86171,,,,,,,,,,35.810,586781.349,Device,,NVIDIA A100-SXM4-40GB MIG 4g.20gb (0),1,,13,[CUDA memset]
3949279722,1791,86173,,,,,,,,,,0.000,44.668,Pinned,Device,NVIDIA A100-SXM4-40GB MIG 4g.20gb (0),1,,13,[CUDA memcpy Host-to-Device]
3949284393,9664,86174,,,,,,,,,,0.197,20344.209,Pinned,Device,NVIDIA A100-SXM4-40GB MIG 4g.20gb (0),1,,13,[CUDA memcpy Host-to-Device]
3949428072,18464,86175,273,1,1,48,1,1,40,0.000,0.001,,,,,NVIDIA A100-SXM4-40GB MIG 4g.20gb (0),1,,13,"void pusch_noise_intf_est::noiseIntfEstNoDftSOfdmKernel<float, __half, float, float, (unsigned int)2, (unsigned int)1, (unsigned char)4, (unsigned char)4>(pusch_noise_intf_est::puschRxNoiseIntfEstDynDescr)"
3949482151,11616,86186,35,1,1,128,1,1,16,0.000,0.000,,,,,NVIDIA A100-SXM4-40GB MIG 4g.20gb (0),1,,13,cupy_copy__complex64_complex64
3949543174,3904,86195,1,1,1,1,1,1,18,0.000,0.000,,,,,NVIDIA A100-SXM4-40GB MIG 4g.20gb (0),1,,13,cupy_copy__float32_float32
3949550822,1568,86201,,,,,,,,,,0.000,2.551,Device,Pageable,NVIDIA A100-SXM4-40GB MIG 4g.20gb (0),1,,7,[CUDA memcpy Device-to-Host]
3949662821,18176,86212,1434,1,1,128,1,1,16,0.000,0.000,,,,,NVIDIA A100-SXM4-40GB MIG 4g.20gb (0),1,,13,cupy_copy__complex64_complex64
3949737092,6816,86219,103,1,1,128,1,1,16,0.000,0.000,,,,,NVIDIA A100-SXM4-40GB MIG 4g.20gb (0),1,,13,cupy_copy__complex64_complex64
3949798340,5407,86226,35,1,1,128,1,1,16,0.000,0.000,,,,,NVIDIA A100-SXM4-40GB MIG 4g.20gb (0),1,,13,cupy_copy__complex64_complex64
3949806019,2208,86233,1,1,1,1,1,1,18,0.000,0.000,,,,,NVIDIA A100-SXM4-40GB MIG 4g.20gb (0),1,,13,cupy_copy__float32_float32
3949856323,239869,86244,1,1,1,32,32,1,30,0.000,0.000,,,,,NVIDIA A100-SXM4-40GB MIG 4g.20gb (0),1,,13,"void convert_kernel<__half2, float2>(tensor_layout_any, T1 *, tensor_layout_any, const T2 *)"
3950128736,5600,86247,,,,,,,,,,0.094,16731.388,Pinned,Device,NVIDIA A100-SXM4-40GB MIG 4g.20gb (0),1,,13,[CUDA memcpy Host-to-Device]
3950146048,5535,86248,,,,,,,,,,1.547,279425.465,Device,,NVIDIA A100-SXM4-40GB MIG 4g.20gb (0),1,,13,[CUDA memset]
3950152703,3040,86253,,,,,,,,,,0.031,10294.725,Pinned,Device,NVIDIA A100-SXM4-40GB MIG 4g.20gb (0),1,,13,[CUDA memcpy Host-to-Device]
3950157855,10048,86254,,,,,,,,,,0.197,19566.821,Pinned,Device,NVIDIA A100-SXM4-40GB MIG 4g.20gb (0),1,,13,[CUDA memcpy Host-to-Device]
3950203199,33760,86255,273,1,1,8,4,1,39,0.002,0.000,,,,,NVIDIA A100-SXM4-40GB MIG 4g.20gb (0),1,,13,"void channel_eq::eqMmseCoefCompLowMimoKernel<float, float, float, (unsigned int)4, (unsigned int)1, (unsigned int)4>(const channel_eq::_puschRxChEqStatDescr *, channel_eq::_puschRxChEqCoefCompDynDescr)"
3950276702,29472,86256,273,1,1,12,11,1,51,0.002,0.000,,,,,NVIDIA A100-SXM4-40GB MIG 4g.20gb (0),1,,13,"void channel_eq::eqMmseSoftDemapKernel<float, __half, __half, float, (unsigned int)4, (unsigned short)16383>(channel_eq::_puschRxChEqStatDescr *, channel_eq::_puschRxChEqSoftDemapDynDescr)"
3950345053,590425,86257,1,1,1,32,32,1,30,0.000,0.000,,,,,NVIDIA A100-SXM4-40GB MIG 4g.20gb (0),1,,13,"void convert_kernel<float2, __half2>(tensor_layout_any, T1 *, tensor_layout_any, const T2 *)"
3950975510,23968,86269,2253,1,1,128,1,1,16,0.000,0.000,,,,,NVIDIA A100-SXM4-40GB MIG 4g.20gb (0),1,,13,cupy_copy__float16_float16
3951001494,4544,86278,282,1,1,128,1,1,16,0.000,0.000,,,,,NVIDIA A100-SXM4-40GB MIG 4g.20gb (0),1,,13,cupy_copy__complex64_complex64
3951047157,4032,86287,26,1,1,128,1,1,16,0.000,0.000,,,,,NVIDIA A100-SXM4-40GB MIG 4g.20gb (0),1,,13,cupy_copy__float32_float32
3951103253,13919,86296,103,1,1,128,1,1,16,0.000,0.000,,,,,NVIDIA A100-SXM4-40GB MIG 4g.20gb (0),1,,13,cupy_copy__complex64_complex64
3951119444,16736,86306,1434,1,1,128,1,1,16,0.000,0.000,,,,,NVIDIA A100-SXM4-40GB MIG 4g.20gb (0),1,,13,cupy_copy__complex64_complex64
3951172244,231261,86311,1,1,1,32,32,1,30,0.000,0.000,,,,,NVIDIA A100-SXM4-40GB MIG 4g.20gb (0),1,,13,"void convert_kernel<__half2, float2>(tensor_layout_any, T1 *, tensor_layout_any, const T2 *)"
3951434065,5696,86314,,,,,,,,,,0.094,16449.363,Pinned,Device,NVIDIA A100-SXM4-40GB MIG 4g.20gb (0),1,,13,[CUDA memcpy Host-to-Device]
3951509264,636409,86315,,,,,,,,,,456.561,717258.022,Device,,NVIDIA A100-SXM4-40GB MIG 4g.20gb (0),1,,13,[CUDA memset]
3952150249,50207,86320,,,,,,,,,,1.235,24596.380,Pinned,Device,NVIDIA A100-SXM4-40GB MIG 4g.20gb (0),1,,13,[CUDA memcpy Host-to-Device]
3952202888,9344,86321,,,,,,,,,,0.197,21040.988,Pinned,Device,NVIDIA A100-SXM4-40GB MIG 4g.20gb (0),1,,13,[CUDA memcpy Host-to-Device]
3952289415,46463,86322,69,4,1,48,1,1,76,0.002,0.000,,,,,NVIDIA A100-SXM4-40GB MIG 4g.20gb (0),1,,13,"void ch_est::windowedChEstPreNoDftSOfdmKernel<float, __half, float, (unsigned int)2, (unsigned int)1, (unsigned short)4>(ch_est::puschRxChEstStatDescr_t *, ch_est::puschRxChEstDynDescr_t *)"
3952391782,7872,86323,137,2,1,24,2,1,44,0.001,0.001,,,,,NVIDIA A100-SXM4-40GB MIG 4g.20gb (0),1,,13,"void ch_est::chEstFilterNoDftSOfdmDispatchKernel<float, __half, float, (unsigned int)2>(ch_est::puschRxChEstStatDescr_t *, ch_est::puschRxChEstDynDescr_t *)"
3952447077,29408,86324,137,2,1,24,2,1,44,0.001,0.001,,,,,NVIDIA A100-SXM4-40GB MIG 4g.20gb (0),1,,13,"void ch_est::chEstFilterNoDftSOfdmDispatchKernel<float, __half, float, (unsigned int)2>(ch_est::puschRxChEstStatDescr_t *, ch_est::puschRxChEstDynDescr_t *)"
3952517540,6272,86335,103,1,1,128,1,1,16,0.000,0.000,,,,,NVIDIA A100-SXM4-40GB MIG 4g.20gb (0),1,,13,cupy_copy__complex64_complex64
3952565444,31007,86345,1434,1,1,128,1,1,16,0.000,0.000,,,,,NVIDIA A100-SXM4-40GB MIG 4g.20gb (0),1,,13,cupy_copy__complex64_complex64
3952649091,3968,86352,103,1,1,128,1,1,16,0.000,0.000,,,,,NVIDIA A100-SXM4-40GB MIG 4g.20gb (0),1,,13,cupy_copy__complex64_complex64
3952706050,230909,86359,1,1,1,32,32,1,30,0.000,0.000,,,,,NVIDIA A100-SXM4-40GB MIG 4g.20gb (0),1,,13,"void convert_kernel<__half2, float2>(tensor_layout_any, T1 *, tensor_layout_any, const T2 *)"
3952967071,5600,86362,,,,,,,,,,0.094,16731.388,Pinned,Device,NVIDIA A100-SXM4-40GB MIG 4g.20gb (0),1,,13,[CUDA memcpy Host-to-Device]
3953023774,63168,86363,,,,,,,,,,35.810,566871.034,Device,,NVIDIA A100-SXM4-40GB MIG 4g.20gb (0),1,,13,[CUDA memset]
3953089950,1824,86365,,,,,,,,,,0.000,43.860,Pinned,Device,NVIDIA A100-SXM4-40GB MIG 4g.20gb (0),1,,13,[CUDA memcpy Host-to-Device]
3953094878,9344,86366,,,,,,,,,,0.197,21040.988,Pinned,Device,NVIDIA A100-SXM4-40GB MIG 4g.20gb (0),1,,13,[CUDA memcpy Host-to-Device]
3953229084,21088,86367,273,1,1,48,1,1,40,0.000,0.001,,,,,NVIDIA A100-SXM4-40GB MIG 4g.20gb (0),1,,13,"void pusch_noise_intf_est::noiseIntfEstNoDftSOfdmKernel<float, __half, float, float, (unsigned int)2, (unsigned int)1, (unsigned char)4, (unsigned char)4>(pusch_noise_intf_est::puschRxNoiseIntfEstDynDescr)"
3953288475,11712,86378,35,1,1,128,1,1,16,0.000,0.000,,,,,NVIDIA A100-SXM4-40GB MIG 4g.20gb (0),1,,13,cupy_copy__complex64_complex64
3953301659,2400,86387,1,1,1,1,1,1,18,0.000,0.000,,,,,NVIDIA A100-SXM4-40GB MIG 4g.20gb (0),1,,13,cupy_copy__float32_float32
3953305755,1664,86393,,,,,,,,,,0.000,2.404,Device,Pageable,NVIDIA A100-SXM4-40GB MIG 4g.20gb (0),1,,7,[CUDA memcpy Device-to-Host]
3953369178,18240,86404,1434,1,1,128,1,1,16,0.000,0.000,,,,,NVIDIA A100-SXM4-40GB MIG 4g.20gb (0),1,,13,cupy_copy__complex64_complex64
3953424474,7328,86411,103,1,1,128,1,1,16,0.000,0.000,,,,,NVIDIA A100-SXM4-40GB MIG 4g.20gb (0),1,,13,cupy_copy__complex64_complex64
3953481977,11328,86418,35,1,1,128,1,1,16,0.000,0.000,,,,,NVIDIA A100-SXM4-40GB MIG 4g.20gb (0),1,,13,cupy_copy__complex64_complex64
3953494937,2784,86425,1,1,1,1,1,1,18,0.000,0.000,,,,,NVIDIA A100-SXM4-40GB MIG 4g.20gb (0),1,,13,cupy_copy__float32_float32
3953623512,214461,86436,1,1,1,32,32,1,30,0.000,0.000,,,,,NVIDIA A100-SXM4-40GB MIG 4g.20gb (0),1,,13,"void convert_kernel<__half2, float2>(tensor_layout_any, T1 *, tensor_layout_any, const T2 *)"
3953871701,5376,86439,,,,,,,,,,0.094,17428.487,Pinned,Device,NVIDIA A100-SXM4-40GB MIG 4g.20gb (0),1,,13,[CUDA memcpy Host-to-Device]
3953944084,9088,86440,,,,,,,,,,1.547,170182.772,Device,,NVIDIA A100-SXM4-40GB MIG 4g.20gb (0),1,,13,[CUDA memset]
3953954516,3008,86445,,,,,,,,,,0.031,10404.230,Pinned,Device,NVIDIA A100-SXM4-40GB MIG 4g.20gb (0),1,,13,[CUDA memcpy Host-to-Device]
3953960308,9920,86446,,,,,,,,,,0.197,19819.266,Pinned,Device,NVIDIA A100-SXM4-40GB MIG 4g.20gb (0),1,,13,[CUDA memcpy Host-to-Device]
3954013523,22272,86447,273,1,1,8,4,1,39,0.002,0.000,,,,,NVIDIA A100-SXM4-40GB MIG 4g.20gb (0),1,,13,"void channel_eq::eqMmseCoefCompLowMimoKernel<float, float, float, (unsigned int)4, (unsigned int)1, (unsigned int)4>(const channel_eq::_puschRxChEqStatDescr *, channel_eq::_puschRxChEqCoefCompDynDescr)"
3954082578,26240,86448,273,1,1,12,11,1,51,0.002,0.000,,,,,NVIDIA A100-SXM4-40GB MIG 4g.20gb (0),1,,13,"void channel_eq::eqMmseSoftDemapKernel<float, __half, __half, float, (unsigned int)4, (unsigned short)16383>(channel_eq::_puschRxChEqStatDescr *, channel_eq::_puschRxChEqSoftDemapDynDescr)"
3954171729,448827,86449,1,1,1,32,32,1,30,0.000,0.000,,,,,NVIDIA A100-SXM4-40GB MIG 4g.20gb (0),1,,13,"void convert_kernel<float2, __half2>(tensor_layout_any, T1 *, tensor_layout_any, const T2 *)"
3954660588,22399,86461,2253,1,1,128,1,1,16,0.000,0.000,,,,,NVIDIA A100-SXM4-40GB MIG 4g.20gb (0),1,,13,cupy_copy__float16_float16
3954684747,4000,86470,282,1,1,128,1,1,16,0.000,0.000,,,,,NVIDIA A100-SXM4-40GB MIG 4g.20gb (0),1,,13,cupy_copy__complex64_complex64
3954726059,5472,86479,26,1,1,128,1,1,16,0.000,0.000,,,,,NVIDIA A100-SXM4-40GB MIG 4g.20gb (0),1,,13,cupy_copy__float32_float32
3954794506,6432,86488,103,1,1,128,1,1,16,0.000,0.000,,,,,NVIDIA A100-SXM4-40GB MIG 4g.20gb (0),1,,13,cupy_copy__complex64_complex64
3954859497,22368,86498,1434,1,1,128,1,1,16,0.000,0.000,,,,,NVIDIA A100-SXM4-40GB MIG 4g.20gb (0),1,,13,cupy_copy__complex64_complex64
3954925833,218941,86503,1,1,1,32,32,1,30,0.000,0.000,,,,,NVIDIA A100-SXM4-40GB MIG 4g.20gb (0),1,,13,"void convert_kernel<__half2, float2>(tensor_layout_any, T1 *, tensor_layout_any, const T2 *)"
3955173798,5408,86506,,,,,,,,,,0.094,17325.421,Pinned,Device,NVIDIA A100-SXM4-40GB MIG 4g.20gb (0),1,,13,[CUDA memcpy Host-to-Device]
3955194054,639384,86507,,,,,,,,,,456.561,714062.092,Device,,NVIDIA A100-SXM4-40GB MIG 4g.20gb (0),1,,13,[CUDA memset]
3955840958,52191,86512,,,,,,,,,,1.235,23661.527,Pinned,Device,NVIDIA A100-SXM4-40GB MIG 4g.20gb (0),1,,13,[CUDA memcpy Host-to-Device]
3955895613,9536,86513,,,,,,,,,,0.197,20617.298,Pinned,Device,NVIDIA A100-SXM4-40GB MIG 4g.20gb (0),1,,13,[CUDA memcpy Host-to-Device]
3955983004,12288,86514,69,4,1,48,1,1,76,0.002,0.000,,,,,NVIDIA A100-SXM4-40GB MIG 4g.20gb (0),1,,13,"void ch_est::windowedChEstPreNoDftSOfdmKernel<float, __half, float, (unsigned int)2, (unsigned int)1, (unsigned short)4>(ch_est::puschRxChEstStatDescr_t *, ch_est::puschRxChEstDynDescr_t *)"
3956043484,35359,86515,137,2,1,24,2,1,44,0.001,0.001,,,,,NVIDIA A100-SXM4-40GB MIG 4g.20gb (0),1,,13,"void ch_est::chEstFilterNoDftSOfdmDispatchKernel<float, __half, float, (unsigned int)2>(ch_est::puschRxChEstStatDescr_t *, ch_est::puschRxChEstDynDescr_t *)"
3956119643,19104,86516,137,2,1,24,2,1,44,0.001,0.001,,,,,NVIDIA A100-SXM4-40GB MIG 4g.20gb (0),1,,13,"void ch_est::chEstFilterNoDftSOfdmDispatchKernel<float, __half, float, (unsigned int)2>(ch_est::puschRxChEstStatDescr_t *, ch_est::puschRxChEstDynDescr_t *)"
3956170554,7968,86527,103,1,1,128,1,1,16,0.000,0.000,,,,,NVIDIA A100-SXM4-40GB MIG 4g.20gb (0),1,,13,cupy_copy__complex64_complex64
3956240729,22528,86537,1434,1,1,128,1,1,16,0.000,0.000,,,,,NVIDIA A100-SXM4-40GB MIG 4g.20gb (0),1,,13,cupy_copy__complex64_complex64
3956301177,8864,86544,103,1,1,128,1,1,16,0.000,0.000,,,,,NVIDIA A100-SXM4-40GB MIG 4g.20gb (0),1,,13,cupy_copy__complex64_complex64
3956361848,238173,86551,1,1,1,32,32,1,30,0.000,0.000,,,,,NVIDIA A100-SXM4-40GB MIG 4g.20gb (0),1,,13,"void convert_kernel<__half2, float2>(tensor_layout_any, T1 *, tensor_layout_any, const T2 *)"
3956635701,5376,86554,,,,,,,,,,0.094,17428.487,Pinned,Device,NVIDIA A100-SXM4-40GB MIG 4g.20gb (0),1,,13,[CUDA memcpy Host-to-Device]
3956657621,68735,86555,,,,,,,,,,35.810,520962.716,Device,,NVIDIA A100-SXM4-40GB MIG 4g.20gb (0),1,,13,[CUDA memset]
3956732724,1856,86557,,,,,,,,,,0.000,43.103,Pinned,Device,NVIDIA A100-SXM4-40GB MIG 4g.20gb (0),1,,13,[CUDA memcpy Host-to-Device]
3956737044,10112,86558,,,,,,,,,,0.197,19442.958,Pinned,Device,NVIDIA A100-SXM4-40GB MIG 4g.20gb (0),1,,13,[CUDA memcpy Host-to-Device]
3956870418,44416,86559,273,1,1,48,1,1,40,0.000,0.001,,,,,NVIDIA A100-SXM4-40GB MIG 4g.20gb (0),1,,13,"void pusch_noise_intf_est::noiseIntfEstNoDftSOfdmKernel<float, __half, float, float, (unsigned int)2, (unsigned int)1, (unsigned char)4, (unsigned char)4>(pusch_noise_intf_est::puschRxNoiseIntfEstDynDescr)"
3957010961,5984,86570,35,1,1,128,1,1,16,0.000,0.000,,,,,NVIDIA A100-SXM4-40GB MIG 4g.20gb (0),1,,13,cupy_copy__complex64_complex64
3957076560,3712,86579,1,1,1,1,1,1,18,0.000,0.000,,,,,NVIDIA A100-SXM4-40GB MIG 4g.20gb (0),1,,13,cupy_copy__float32_float32
3957081296,1600,86585,,,,,,,,,,0.000,2.500,Device,Pageable,NVIDIA A100-SXM4-40GB MIG 4g.20gb (0),1,,7,[CUDA memcpy Device-to-Host]
3957193647,23519,86596,1434,1,1,128,1,1,16,0.000,0.000,,,,,NVIDIA A100-SXM4-40GB MIG 4g.20gb (0),1,,13,cupy_copy__complex64_complex64
3957259406,8032,86603,103,1,1,128,1,1,16,0.000,0.000,,,,,NVIDIA A100-SXM4-40GB MIG 4g.20gb (0),1,,13,cupy_copy__complex64_complex64
3957274478,5472,86610,35,1,1,128,1,1,16,0.000,0.000,,,,,NVIDIA A100-SXM4-40GB MIG 4g.20gb (0),1,,13,cupy_copy__complex64_complex64
3957281998,2559,86617,1,1,1,1,1,1,18,0.000,0.000,,,,,NVIDIA A100-SXM4-40GB MIG 4g.20gb (0),1,,13,cupy_copy__float32_float32
3957418348,239805,86628,1,1,1,32,32,1,30,0.000,0.000,,,,,NVIDIA A100-SXM4-40GB MIG 4g.20gb (0),1,,13,"void convert_kernel<__half2, float2>(tensor_layout_any, T1 *, tensor_layout_any, const T2 *)"
3957687913,5376,86631,,,,,,,,,,0.094,17428.487,Pinned,Device,NVIDIA A100-SXM4-40GB MIG 4g.20gb (0),1,,13,[CUDA memcpy Host-to-Device]
3957710409,10527,86632,,,,,,,,,,1.547,146918.454,Device,,NVIDIA A100-SXM4-40GB MIG 4g.20gb (0),1,,13,[CUDA memset]
3957729384,3680,86637,,,,,,,,,,0.031,8504.344,Pinned,Device,NVIDIA A100-SXM4-40GB MIG 4g.20gb (0),1,,13,[CUDA memcpy Host-to-Device]
3957735656,9472,86638,,,,,,,,,,0.197,20756.693,Pinned,Device,NVIDIA A100-SXM4-40GB MIG 4g.20gb (0),1,,13,[CUDA memcpy Host-to-Device]
3957788424,27359,86639,273,1,1,8,4,1,39,0.002,0.000,,,,,NVIDIA A100-SXM4-40GB MIG 4g.20gb (0),1,,13,"void channel_eq::eqMmseCoefCompLowMimoKernel<float, float, float, (unsigned int)4, (unsigned int)1, (unsigned int)4>(const channel_eq::_puschRxChEqStatDescr *, channel_eq::_puschRxChEqCoefCompDynDescr)"
3957855303,38271,86640,273,1,1,12,11,1,51,0.002,0.000,,,,,NVIDIA A100-SXM4-40GB MIG 4g.20gb (0),1,,13,"void channel_eq::eqMmseSoftDemapKernel<float, __half, __half, float, (unsigned int)4, (unsigned short)16383>(channel_eq::_puschRxChEqStatDescr *, channel_eq::_puschRxChEqSoftDemapDynDescr)"
3957930374,433819,86641,1,1,1,32,32,1,30,0.000,0.000,,,,,NVIDIA A100-SXM4-40GB MIG 4g.20gb (0),1,,13,"void convert_kernel<float2, __half2>(tensor_layout_any, T1 *, tensor_layout_any, const T2 *)"
3958386657,19520,86653,2253,1,1,128,1,1,16,0.000,0.000,,,,,NVIDIA A100-SXM4-40GB MIG 4g.20gb (0),1,,13,cupy_copy__float16_float16
3958409665,3936,86662,282,1,1,128,1,1,16,0.000,0.000,,,,,NVIDIA A100-SXM4-40GB MIG 4g.20gb (0),1,,13,cupy_copy__complex64_complex64
3958475584,2624,86671,26,1,1,128,1,1,16,0.000,0.000,,,,,NVIDIA A100-SXM4-40GB MIG 4g.20gb (0),1,,13,cupy_copy__float32_float32
3958527199,16384,86680,103,1,1,128,1,1,16,0.000,0.000,,,,,NVIDIA A100-SXM4-40GB MIG 4g.20gb (0),1,,13,cupy_copy__complex64_complex64
3958607518,24608,86696,1434,1,1,128,1,1,16,0.000,0.000,,,,,NVIDIA A100-SXM4-40GB MIG 4g.20gb (0),1,,13,cupy_copy__complex64_complex64
3958786716,249597,86701,1,1,1,32,32,1,30,0.000,0.000,,,,,NVIDIA A100-SXM4-40GB MIG 4g.20gb (0),1,,13,"void convert_kernel<__half2, float2>(tensor_layout_any, T1 *, tensor_layout_any, const T2 *)"
3959064953,5344,86704,,,,,,,,,,0.094,17532.864,Pinned,Device,NVIDIA A100-SXM4-40GB MIG 4g.20gb (0),1,,13,[CUDA memcpy Host-to-Device]
3959127704,639129,86705,,,,,,,,,,456.561,714062.092,Device,,NVIDIA A100-SXM4-40GB MIG 4g.20gb (0),1,,13,[CUDA memset]
3959768785,49919,86710,,,,,,,,,,1.235,24738.398,Pinned,Device,NVIDIA A100-SXM4-40GB MIG 4g.20gb (0),1,,13,[CUDA memcpy Host-to-Device]
3959821136,10048,86711,,,,,,,,,,0.197,19566.821,Pinned,Device,NVIDIA A100-SXM4-40GB MIG 4g.20gb (0),1,,13,[CUDA memcpy Host-to-Device]
3959909487,195742,86712,69,4,1,48,1,1,76,0.002,0.000,,,,,NVIDIA A100-SXM4-40GB MIG 4g.20gb (0),1,,13,"void ch_est::windowedChEstPreNoDftSOfdmKernel<float, __half, float, (unsigned int)2, (unsigned int)1, (unsigned short)4>(ch_est::puschRxChEstStatDescr_t *, ch_est::puschRxChEstDynDescr_t *)"
3960181548,8192,86713,137,2,1,24,2,1,44,0.001,0.001,,,,,NVIDIA A100-SXM4-40GB MIG 4g.20gb (0),1,,13,"void ch_est::chEstFilterNoDftSOfdmDispatchKernel<float, __half, float, (unsigned int)2>(ch_est::puschRxChEstStatDescr_t *, ch_est::puschRxChEstDynDescr_t *)"
3960231020,26431,86714,137,2,1,24,2,1,44,0.001,0.001,,,,,NVIDIA A100-SXM4-40GB MIG 4g.20gb (0),1,,13,"void ch_est::chEstFilterNoDftSOfdmDispatchKernel<float, __half, float, (unsigned int)2>(ch_est::puschRxChEstStatDescr_t *, ch_est::puschRxChEstDynDescr_t *)"
3960314763,5760,86725,103,1,1,128,1,1,16,0.000,0.000,,,,,NVIDIA A100-SXM4-40GB MIG 4g.20gb (0),1,,13,cupy_copy__complex64_complex64
3960363658,31264,86735,1434,1,1,128,1,1,16,0.000,0.000,,,,,NVIDIA A100-SXM4-40GB MIG 4g.20gb (0),1,,13,cupy_copy__complex64_complex64
3960459689,3584,86742,103,1,1,128,1,1,16,0.000,0.000,,,,,NVIDIA A100-SXM4-40GB MIG 4g.20gb (0),1,,13,cupy_copy__complex64_complex64
3960512968,246366,86749,1,1,1,32,32,1,30,0.000,0.000,,,,,NVIDIA A100-SXM4-40GB MIG 4g.20gb (0),1,,13,"void convert_kernel<__half2, float2>(tensor_layout_any, T1 *, tensor_layout_any, const T2 *)"
3960804037,5344,86752,,,,,,,,,,0.094,17532.864,Pinned,Device,NVIDIA A100-SXM4-40GB MIG 4g.20gb (0),1,,13,[CUDA memcpy Host-to-Device]
3960875204,70911,86753,,,,,,,,,,35.810,504991.492,Device,,NVIDIA A100-SXM4-40GB MIG 4g.20gb (0),1,,13,[CUDA memset]
3961045794,2496,86755,,,,,,,,,,0.000,32.051,Pinned,Device,NVIDIA A100-SXM4-40GB MIG 4g.20gb (0),1,,13,[CUDA memcpy Host-to-Device]
3961050690,9664,86756,,,,,,,,,,0.197,20344.209,Pinned,Device,NVIDIA A100-SXM4-40GB MIG 4g.20gb (0),1,,13,[CUDA memcpy Host-to-Device]
3961160801,45247,86757,273,1,1,48,1,1,40,0.000,0.001,,,,,NVIDIA A100-SXM4-40GB MIG 4g.20gb (0),1,,13,"void pusch_noise_intf_est::noiseIntfEstNoDftSOfdmKernel<float, __half, float, float, (unsigned int)2, (unsigned int)1, (unsigned char)4, (unsigned char)4>(pusch_noise_intf_est::puschRxNoiseIntfEstDynDescr)"
3961296095,5184,86768,35,1,1,128,1,1,16,0.000,0.000,,,,,NVIDIA A100-SXM4-40GB MIG 4g.20gb (0),1,,13,cupy_copy__complex64_complex64
3961302527,2784,86777,1,1,1,1,1,1,18,0.000,0.000,,,,,NVIDIA A100-SXM4-40GB MIG 4g.20gb (0),1,,13,cupy_copy__float32_float32
3961312319,1664,86783,,,,,,,,,,0.000,2.404,Device,Pageable,NVIDIA A100-SXM4-40GB MIG 4g.20gb (0),1,,7,[CUDA memcpy Device-to-Host]
3961415806,26976,86794,1434,1,1,128,1,1,16,0.000,0.000,,,,,NVIDIA A100-SXM4-40GB MIG 4g.20gb (0),1,,13,cupy_copy__complex64_complex64
3961499325,3360,86801,103,1,1,128,1,1,16,0.000,0.000,,,,,NVIDIA A100-SXM4-40GB MIG 4g.20gb (0),1,,13,cupy_copy__complex64_complex64
3961554300,6144,86808,35,1,1,128,1,1,16,0.000,0.000,,,,,NVIDIA A100-SXM4-40GB MIG 4g.20gb (0),1,,13,cupy_copy__complex64_complex64
3961632412,3551,86815,1,1,1,1,1,1,18,0.000,0.000,,,,,NVIDIA A100-SXM4-40GB MIG 4g.20gb (0),1,,13,cupy_copy__float32_float32
3961637403,206974,86826,1,1,1,32,32,1,30,0.000,0.000,,,,,NVIDIA A100-SXM4-40GB MIG 4g.20gb (0),1,,13,"void convert_kernel<__half2, float2>(tensor_layout_any, T1 *, tensor_layout_any, const T2 *)"
3961874329,5376,86829,,,,,,,,,,0.094,17428.487,Pinned,Device,NVIDIA A100-SXM4-40GB MIG 4g.20gb (0),1,,13,[CUDA memcpy Host-to-Device]
3961899416,5952,86830,,,,,,,,,,1.547,259848.298,Device,,NVIDIA A100-SXM4-40GB MIG 4g.20gb (0),1,,13,[CUDA memset]
3961906456,3040,86835,,,,,,,,,,0.031,10294.725,Pinned,Device,NVIDIA A100-SXM4-40GB MIG 4g.20gb (0),1,,13,[CUDA memcpy Host-to-Device]
3961912248,9376,86836,,,,,,,,,,0.197,20969.226,Pinned,Device,NVIDIA A100-SXM4-40GB MIG 4g.20gb (0),1,,13,[CUDA memcpy Host-to-Device]
3961949272,37023,86837,273,1,1,8,4,1,39,0.002,0.000,,,,,NVIDIA A100-SXM4-40GB MIG 4g.20gb (0),1,,13,"void channel_eq::eqMmseCoefCompLowMimoKernel<float, float, float, (unsigned int)4, (unsigned int)1, (unsigned int)4>(const channel_eq::_puschRxChEqStatDescr *, channel_eq::_puschRxChEqCoefCompDynDescr)"
3962028951,15968,86838,273,1,1,12,11,1,51,0.002,0.000,,,,,NVIDIA A100-SXM4-40GB MIG 4g.20gb (0),1,,13,"void channel_eq::eqMmseSoftDemapKernel<float, __half, __half, float, (unsigned int)4, (unsigned short)16383>(channel_eq::_puschRxChEqStatDescr *, channel_eq::_puschRxChEqSoftDemapDynDescr)"
3962095062,615417,86839,1,1,1,32,32,1,30,0.000,0.000,,,,,NVIDIA A100-SXM4-40GB MIG 4g.20gb (0),1,,13,"void convert_kernel<float2, __half2>(tensor_layout_any, T1 *, tensor_layout_any, const T2 *)"
3962757903,18943,86851,2253,1,1,128,1,1,16,0.000,0.000,,,,,NVIDIA A100-SXM4-40GB MIG 4g.20gb (0),1,,13,cupy_copy__float16_float16
3962778318,5664,86860,282,1,1,128,1,1,16,0.000,0.000,,,,,NVIDIA A100-SXM4-40GB MIG 4g.20gb (0),1,,13,cupy_copy__complex64_complex64
3962816526,4128,86869,26,1,1,128,1,1,16,0.000,0.000,,,,,NVIDIA A100-SXM4-40GB MIG 4g.20gb (0),1,,13,cupy_copy__float32_float32
3962875949,13728,86878,103,1,1,128,1,1,16,0.000,0.000,,,,,NVIDIA A100-SXM4-40GB MIG 4g.20gb (0),1,,13,cupy_copy__complex64_complex64
3962925197,33503,86888,1434,1,1,128,1,1,16,0.000,0.000,,,,,NVIDIA A100-SXM4-40GB MIG 4g.20gb (0),1,,13,cupy_copy__complex64_complex64
3962959948,86879,86893,1,1,1,32,32,1,30,0.000,0.000,,,,,NVIDIA A100-SXM4-40GB MIG 4g.20gb (0),1,,13,"void convert_kernel<__half2, float2>(tensor_layout_any, T1 *, tensor_layout_any, const T2 *)"
3963077003,5440,86896,,,,,,,,,,0.094,17223.480,Pinned,Device,NVIDIA A100-SXM4-40GB MIG 4g.20gb (0),1,,13,[CUDA memcpy Host-to-Device]
3963154314,635481,86897,,,,,,,,,,456.561,718171.145,Device,,NVIDIA A100-SXM4-40GB MIG 4g.20gb (0),1,,13,[CUDA memset]
3963792835,50751,86902,,,,,,,,,,1.235,24333.337,Pinned,Device,NVIDIA A100-SXM4-40GB MIG 4g.20gb (0),1,,13,[CUDA memcpy Host-to-Device]
3963846050,9760,86903,,,,,,,,,,0.197,20144.259,Pinned,Device,NVIDIA A100-SXM4-40GB MIG 4g.20gb (0),1,,13,[CUDA memcpy Host-to-Device]
3963941121,12960,86904,69,4,1,48,1,1,76,0.002,0.000,,,,,NVIDIA A100-SXM4-40GB MIG 4g.20gb (0),1,,13,"void ch_est::windowedChEstPreNoDftSOfdmKernel<float, __half, float, (unsigned int)2, (unsigned int)1, (unsigned short)4>(ch_est::puschRxChEstStatDescr_t *, ch_est::puschRxChEstDynDescr_t *)"
3964004224,36416,86905,137,2,1,24,2,1,44,0.001,0.001,,,,,NVIDIA A100-SXM4-40GB MIG 4g.20gb (0),1,,13,"void ch_est::chEstFilterNoDftSOfdmDispatchKernel<float, __half, float, (unsigned int)2>(ch_est::puschRxChEstStatDescr_t *, ch_est::puschRxChEstDynDescr_t *)"
3964078847,20032,86906,137,2,1,24,2,1,44,0.001,0.001,,,,,NVIDIA A100-SXM4-40GB MIG 4g.20gb (0),1,,13,"void ch_est::chEstFilterNoDftSOfdmDispatchKernel<float, __half, float, (unsigned int)2>(ch_est::puschRxChEstStatDescr_t *, ch_est::puschRxChEstDynDescr_t *)"
3964125823,7840,86917,103,1,1,128,1,1,16,0.000,0.000,,,,,NVIDIA A100-SXM4-40GB MIG 4g.20gb (0),1,,13,cupy_copy__complex64_complex64
3964193182,21888,86927,1434,1,1,128,1,1,16,0.000,0.000,,,,,NVIDIA A100-SXM4-40GB MIG 4g.20gb (0),1,,13,cupy_copy__complex64_complex64
3964252925,7296,86934,103,1,1,128,1,1,16,0.000,0.000,,,,,NVIDIA A100-SXM4-40GB MIG 4g.20gb (0),1,,13,cupy_copy__complex64_complex64
3964317981,235773,86941,1,1,1,32,32,1,30,0.000,0.000,,,,,NVIDIA A100-SXM4-40GB MIG 4g.20gb (0),1,,13,"void convert_kernel<__half2, float2>(tensor_layout_any, T1 *, tensor_layout_any, const T2 *)"
3964584954,5376,86944,,,,,,,,,,0.094,17428.487,Pinned,Device,NVIDIA A100-SXM4-40GB MIG 4g.20gb (0),1,,13,[CUDA memcpy Host-to-Device]
3964606489,74975,86945,,,,,,,,,,35.810,477596.903,Device,,NVIDIA A100-SXM4-40GB MIG 4g.20gb (0),1,,13,[CUDA memset]
3964688120,1856,86947,,,,,,,,,,0.000,43.103,Pinned,Device,NVIDIA A100-SXM4-40GB MIG 4g.20gb (0),1,,13,[CUDA memcpy Host-to-Device]
3964692696,11168,86948,,,,,,,,,,0.197,17604.477,Pinned,Device,NVIDIA A100-SXM4-40GB MIG 4g.20gb (0),1,,13,[CUDA memcpy Host-to-Device]
3964822071,35871,86949,273,1,1,48,1,1,40,0.000,0.001,,,,,NVIDIA A100-SXM4-40GB MIG 4g.20gb (0),1,,13,"void pusch_noise_intf_est::noiseIntfEstNoDftSOfdmKernel<float, __half, float, float, (unsigned int)2, (unsigned int)1, (unsigned char)4, (unsigned char)4>(pusch_noise_intf_est::puschRxNoiseIntfEstDynDescr)"
3964901046,11680,86960,35,1,1,128,1,1,16,0.000,0.000,,,,,NVIDIA A100-SXM4-40GB MIG 4g.20gb (0),1,,13,cupy_copy__complex64_complex64
3964948981,2528,86969,1,1,1,1,1,1,18,0.000,0.000,,,,,NVIDIA A100-SXM4-40GB MIG 4g.20gb (0),1,,13,cupy_copy__float32_float32
3964957717,1600,86975,,,,,,,,,,0.000,2.500,Device,Pageable,NVIDIA A100-SXM4-40GB MIG 4g.20gb (0),1,,7,[CUDA memcpy Device-to-Host]
3965032756,16544,86986,1434,1,1,128,1,1,16,0.000,0.000,,,,,NVIDIA A100-SXM4-40GB MIG 4g.20gb (0),1,,13,cupy_copy__complex64_complex64
3965088564,8512,86993,103,1,1,128,1,1,16,0.000,0.000,,,,,NVIDIA A100-SXM4-40GB MIG 4g.20gb (0),1,,13,cupy_copy__complex64_complex64
3965158163,6656,87000,35,1,1,128,1,1,16,0.000,0.000,,,,,NVIDIA A100-SXM4-40GB MIG 4g.20gb (0),1,,13,cupy_copy__complex64_complex64
3965167411,2272,87007,1,1,1,1,1,1,18,0.000,0.000,,,,,NVIDIA A100-SXM4-40GB MIG 4g.20gb (0),1,,13,cupy_copy__float32_float32
3965222962,250109,87018,1,1,1,32,32,1,30,0.000,0.000,,,,,NVIDIA A100-SXM4-40GB MIG 4g.20gb (0),1,,13,"void convert_kernel<__half2, float2>(tensor_layout_any, T1 *, tensor_layout_any, const T2 *)"
3965501775,6432,87021,,,,,,,,,,0.094,14567.105,Pinned,Device,NVIDIA A100-SXM4-40GB MIG 4g.20gb (0),1,,13,[CUDA memcpy Host-to-Device]
3965553166,4064,87022,,,,,,,,,,1.547,380565.395,Device,,NVIDIA A100-SXM4-40GB MIG 4g.20gb (0),1,,13,[CUDA memset]
3965559406,3776,87027,,,,,,,,,,0.031,8288.120,Pinned,Device,NVIDIA A100-SXM4-40GB MIG 4g.20gb (0),1,,13,[CUDA memcpy Host-to-Device]
3965565614,9408,87028,,,,,,,,,,0.197,20897.858,Pinned,Device,NVIDIA A100-SXM4-40GB MIG 4g.20gb (0),1,,13,[CUDA memcpy Host-to-Device]
3965616750,29535,87029,273,1,1,8,4,1,39,0.002,0.000,,,,,NVIDIA A100-SXM4-40GB MIG 4g.20gb (0),1,,13,"void channel_eq::eqMmseCoefCompLowMimoKernel<float, float, float, (unsigned int)4, (unsigned int)1, (unsigned int)4>(const channel_eq::_puschRxChEqStatDescr *, channel_eq::_puschRxChEqCoefCompDynDescr)"
3965675437,27168,87030,273,1,1,12,11,1,51,0.002,0.000,,,,,NVIDIA A100-SXM4-40GB MIG 4g.20gb (0),1,,13,"void channel_eq::eqMmseSoftDemapKernel<float, __half, __half, float, (unsigned int)4, (unsigned short)16383>(channel_eq::_puschRxChEqStatDescr *, channel_eq::_puschRxChEqSoftDemapDynDescr)"
3965732844,583066,87031,1,1,1,32,32,1,30,0.000,0.000,,,,,NVIDIA A100-SXM4-40GB MIG 4g.20gb (0),1,,13,"void convert_kernel<float2, __half2>(tensor_layout_any, T1 *, tensor_layout_any, const T2 *)"
3966326534,24575,87043,2253,1,1,128,1,1,16,0.000,0.000,,,,,NVIDIA A100-SXM4-40GB MIG 4g.20gb (0),1,,13,cupy_copy__float16_float16
3966398725,4608,87052,282,1,1,128,1,1,16,0.000,0.000,,,,,NVIDIA A100-SXM4-40GB MIG 4g.20gb (0),1,,13,cupy_copy__complex64_complex64
3966454500,6464,87061,26,1,1,128,1,1,16,0.000,0.000,,,,,NVIDIA A100-SXM4-40GB MIG 4g.20gb (0),1,,13,cupy_copy__float32_float32
3966464164,9184,87070,103,1,1,128,1,1,16,0.000,0.000,,,,,NVIDIA A100-SXM4-40GB MIG 4g.20gb (0),1,,13,cupy_copy__complex64_complex64
3966524739,24800,87080,1434,1,1,128,1,1,16,0.000,0.000,,,,,NVIDIA A100-SXM4-40GB MIG 4g.20gb (0),1,,13,cupy_copy__complex64_complex64
3966587523,244765,87085,1,1,1,32,32,1,30,0.000,0.000,,,,,NVIDIA A100-SXM4-40GB MIG 4g.20gb (0),1,,13,"void convert_kernel<__half2, float2>(tensor_layout_any, T1 *, tensor_layout_any, const T2 *)"
3966861727,5760,87088,,,,,,,,,,0.094,16266.656,Pinned,Device,NVIDIA A100-SXM4-40GB MIG 4g.20gb (0),1,,13,[CUDA memcpy Host-to-Device]
3966886975,629785,87089,,,,,,,,,,456.561,724563.005,Device,,NVIDIA A100-SXM4-40GB MIG 4g.20gb (0),1,,13,[CUDA memset]
3967522808,50495,87094,,,,,,,,,,1.235,24455.596,Pinned,Device,NVIDIA A100-SXM4-40GB MIG 4g.20gb (0),1,,13,[CUDA memcpy Host-to-Device]
3967575735,9472,87095,,,,,,,,,,0.197,20756.693,Pinned,Device,NVIDIA A100-SXM4-40GB MIG 4g.20gb (0),1,,13,[CUDA memcpy Host-to-Device]
3967668438,13248,87096,69,4,1,48,1,1,76,0.002,0.000,,,,,NVIDIA A100-SXM4-40GB MIG 4g.20gb (0),1,,13,"void ch_est::windowedChEstPreNoDftSOfdmKernel<float, __half, float, (unsigned int)2, (unsigned int)1, (unsigned short)4>(ch_est::puschRxChEstStatDescr_t *, ch_est::puschRxChEstDynDescr_t *)"
3967729589,33280,87097,137,2,1,24,2,1,44,0.001,0.001,,,,,NVIDIA A100-SXM4-40GB MIG 4g.20gb (0),1,,13,"void ch_est::chEstFilterNoDftSOfdmDispatchKernel<float, __half, float, (unsigned int)2>(ch_est::puschRxChEstStatDescr_t *, ch_est::puschRxChEstDynDescr_t *)"
3967804021,8095,87098,137,2,1,24,2,1,44,0.001,0.001,,,,,NVIDIA A100-SXM4-40GB MIG 4g.20gb (0),1,,13,"void ch_est::chEstFilterNoDftSOfdmDispatchKernel<float, __half, float, (unsigned int)2>(ch_est::puschRxChEstStatDescr_t *, ch_est::puschRxChEstDynDescr_t *)"
3967848436,8480,87109,103,1,1,128,1,1,16,0.000,0.000,,,,,NVIDIA A100-SXM4-40GB MIG 4g.20gb (0),1,,13,cupy_copy__complex64_complex64
3967917011,23008,87119,1434,1,1,128,1,1,16,0.000,0.000,,,,,NVIDIA A100-SXM4-40GB MIG 4g.20gb (0),1,,13,cupy_copy__complex64_complex64
3967977555,8255,87126,103,1,1,128,1,1,16,0.000,0.000,,,,,NVIDIA A100-SXM4-40GB MIG 4g.20gb (0),1,,13,cupy_copy__complex64_complex64
3968046546,247901,87133,1,1,1,32,32,1,30,0.000,0.000,,,,,NVIDIA A100-SXM4-40GB MIG 4g.20gb (0),1,,13,"void convert_kernel<__half2, float2>(tensor_layout_any, T1 *, tensor_layout_any, const T2 *)"
3968324751,5600,87136,,,,,,,,,,0.094,16731.388,Pinned,Device,NVIDIA A100-SXM4-40GB MIG 4g.20gb (0),1,,13,[CUDA memcpy Host-to-Device]
3968338062,64480,87137,,,,,,,,,,35.810,555340.239,Device,,NVIDIA A100-SXM4-40GB MIG 4g.20gb (0),1,,13,[CUDA memset]
3968408238,1824,87139,,,,,,,,,,0.000,43.860,Pinned,Device,NVIDIA A100-SXM4-40GB MIG 4g.20gb (0),1,,13,[CUDA memcpy Host-to-Device]
3968412590,10143,87140,,,,,,,,,,0.197,19383.583,Pinned,Device,NVIDIA A100-SXM4-40GB MIG 4g.20gb (0),1,,13,[CUDA memcpy Host-to-Device]
3968548684,37920,87141,273,1,1,48,1,1,40,0.000,0.001,,,,,NVIDIA A100-SXM4-40GB MIG 4g.20gb (0),1,,13,"void pusch_noise_intf_est::noiseIntfEstNoDftSOfdmKernel<float, __half, float, float, (unsigned int)2, (unsigned int)1, (unsigned char)4, (unsigned char)4>(pusch_noise_intf_est::puschRxNoiseIntfEstDynDescr)"
3968632587,9216,87152,35,1,1,128,1,1,16,0.000,0.000,,,,,NVIDIA A100-SXM4-40GB MIG 4g.20gb (0),1,,13,cupy_copy__complex64_complex64
3968677963,2432,87161,1,1,1,1,1,1,18,0.000,0.000,,,,,NVIDIA A100-SXM4-40GB MIG 4g.20gb (0),1,,13,cupy_copy__float32_float32
3968681994,1568,87167,,,,,,,,,,0.000,2.551,Device,Pageable,NVIDIA A100-SXM4-40GB MIG 4g.20gb (0),1,,7,[CUDA memcpy Device-to-Host]
3968816393,34784,87178,1434,1,1,128,1,1,16,0.000,0.000,,,,,NVIDIA A100-SXM4-40GB MIG 4g.20gb (0),1,,13,cupy_copy__complex64_complex64
3968919304,3520,87185,103,1,1,128,1,1,16,0.000,0.000,,,,,NVIDIA A100-SXM4-40GB MIG 4g.20gb (0),1,,13,cupy_copy__complex64_complex64
3968970311,14976,87192,35,1,1,128,1,1,16,0.000,0.000,,,,,NVIDIA A100-SXM4-40GB MIG 4g.20gb (0),1,,13,cupy_copy__complex64_complex64
3969051270,3456,87199,1,1,1,1,1,1,18,0.000,0.000,,,,,NVIDIA A100-SXM4-40GB MIG 4g.20gb (0),1,,13,cupy_copy__float32_float32
3969056390,201502,87210,1,1,1,32,32,1,30,0.000,0.000,,,,,NVIDIA A100-SXM4-40GB MIG 4g.20gb (0),1,,13,"void convert_kernel<__half2, float2>(tensor_layout_any, T1 *, tensor_layout_any, const T2 *)"
3969287268,5375,87213,,,,,,,,,,0.094,17431.766,Pinned,Device,NVIDIA A100-SXM4-40GB MIG 4g.20gb (0),1,,13,[CUDA memcpy Host-to-Device]
3969307139,8864,87214,,,,,,,,,,1.547,174482.387,Device,,NVIDIA A100-SXM4-40GB MIG 4g.20gb (0),1,,13,[CUDA memset]
3969317507,3392,87219,,,,,,,,,,0.031,9226.405,Pinned,Device,NVIDIA A100-SXM4-40GB MIG 4g.20gb (0),1,,13,[CUDA memcpy Host-to-Device]
3969322979,10208,87220,,,,,,,,,,0.197,19260.113,Pinned,Device,NVIDIA A100-SXM4-40GB MIG 4g.20gb (0),1,,13,[CUDA memcpy Host-to-Device]
3969364611,44415,87221,273,1,1,8,4,1,39,0.002,0.000,,,,,NVIDIA A100-SXM4-40GB MIG 4g.20gb (0),1,,13,"void channel_eq::eqMmseCoefCompLowMimoKernel<float, float, float, (unsigned int)4, (unsigned int)1, (unsigned int)4>(const channel_eq::_puschRxChEqStatDescr *, channel_eq::_puschRxChEqCoefCompDynDescr)"
3969437826,22048,87222,273,1,1,12,11,1,51,0.002,0.000,,,,,NVIDIA A100-SXM4-40GB MIG 4g.20gb (0),1,,13,"void channel_eq::eqMmseSoftDemapKernel<float, __half, __half, float, (unsigned int)4, (unsigned short)16383>(channel_eq::_puschRxChEqStatDescr *, channel_eq::_puschRxChEqSoftDemapDynDescr)"
3969494529,651801,87223,1,1,1,32,32,1,30,0.000,0.000,,,,,NVIDIA A100-SXM4-40GB MIG 4g.20gb (0),1,,13,"void convert_kernel<float2, __half2>(tensor_layout_any, T1 *, tensor_layout_any, const T2 *)"
3970182233,21952,87235,2253,1,1,128,1,1,16,0.000,0.000,,,,,NVIDIA A100-SXM4-40GB MIG 4g.20gb (0),1,,13,cupy_copy__float16_float16
3970247544,9344,87244,282,1,1,128,1,1,16,0.000,0.000,,,,,NVIDIA A100-SXM4-40GB MIG 4g.20gb (0),1,,13,cupy_copy__complex64_complex64
3970307448,4160,87253,26,1,1,128,1,1,16,0.000,0.000,,,,,NVIDIA A100-SXM4-40GB MIG 4g.20gb (0),1,,13,cupy_copy__float32_float32
3970316920,9760,87262,103,1,1,128,1,1,16,0.000,0.000,,,,,NVIDIA A100-SXM4-40GB MIG 4g.20gb (0),1,,13,cupy_copy__complex64_complex64
3970382743,30688,87272,1434,1,1,128,1,1,16,0.000,0.000,,,,,NVIDIA A100-SXM4-40GB MIG 4g.20gb (0),1,,13,cupy_copy__complex64_complex64
3970465622,230941,87277,1,1,1,32,32,1,30,0.000,0.000,,,,,NVIDIA A100-SXM4-40GB MIG 4g.20gb (0),1,,13,"void convert_kernel<__half2, float2>(tensor_layout_any, T1 *, tensor_layout_any, const T2 *)"
3970726003,5376,87280,,,,,,,,,,0.094,17428.487,Pinned,Device,NVIDIA A100-SXM4-40GB MIG 4g.20gb (0),1,,13,[CUDA memcpy Host-to-Device]
3970752659,640088,87281,,,,,,,,,,456.561,713148.969,Device,,NVIDIA A100-SXM4-40GB MIG 4g.20gb (0),1,,13,[CUDA memset]
3971401515,50688,87286,,,,,,,,,,1.235,24362.975,Pinned,Device,NVIDIA A100-SXM4-40GB MIG 4g.20gb (0),1,,13,[CUDA memcpy Host-to-Device]
3971454667,9792,87287,,,,,,,,,,0.197,20078.395,Pinned,Device,NVIDIA A100-SXM4-40GB MIG 4g.20gb (0),1,,13,[CUDA memcpy Host-to-Device]
3971546090,13343,87288,69,4,1,48,1,1,76,0.002,0.000,,,,,NVIDIA A100-SXM4-40GB MIG 4g.20gb (0),1,,13,"void ch_est::windowedChEstPreNoDftSOfdmKernel<float, __half, float, (unsigned int)2, (unsigned int)1, (unsigned short)4>(ch_est::puschRxChEstStatDescr_t *, ch_est::puschRxChEstDynDescr_t *)"
3971615753,34879,87289,137,2,1,24,2,1,44,0.001,0.001,,,,,NVIDIA A100-SXM4-40GB MIG 4g.20gb (0),1,,13,"void ch_est::chEstFilterNoDftSOfdmDispatchKernel<float, __half, float, (unsigned int)2>(ch_est::puschRxChEstStatDescr_t *, ch_est::puschRxChEstDynDescr_t *)"
3971684744,21664,87290,137,2,1,24,2,1,44,0.001,0.001,,,,,NVIDIA A100-SXM4-40GB MIG 4g.20gb (0),1,,13,"void ch_est::chEstFilterNoDftSOfdmDispatchKernel<float, __half, float, (unsigned int)2>(ch_est::puschRxChEstStatDescr_t *, ch_est::puschRxChEstDynDescr_t *)"
3971741543,7744,87301,103,1,1,128,1,1,16,0.000,0.000,,,,,NVIDIA A100-SXM4-40GB MIG 4g.20gb (0),1,,13,cupy_copy__complex64_complex64
3971811847,22751,87311,1434,1,1,128,1,1,16,0.000,0.000,,,,,NVIDIA A100-SXM4-40GB MIG 4g.20gb (0),1,,13,cupy_copy__complex64_complex64
3971874790,8288,87318,103,1,1,128,1,1,16,0.000,0.000,,,,,NVIDIA A100-SXM4-40GB MIG 4g.20gb (0),1,,13,cupy_copy__complex64_complex64
3971937925,231805,87325,1,1,1,32,32,1,30,0.000,0.000,,,,,NVIDIA A100-SXM4-40GB MIG 4g.20gb (0),1,,13,"void convert_kernel<__half2, float2>(tensor_layout_any, T1 *, tensor_layout_any, const T2 *)"
3972234658,5408,87328,,,,,,,,,,0.094,17325.421,Pinned,Device,NVIDIA A100-SXM4-40GB MIG 4g.20gb (0),1,,13,[CUDA memcpy Host-to-Device]
3972296577,61951,87329,,,,,,,,,,35.810,578007.919,Device,,NVIDIA A100-SXM4-40GB MIG 4g.20gb (0),1,,13,[CUDA memset]
3972364224,1856,87331,,,,,,,,,,0.000,43.103,Pinned,Device,NVIDIA A100-SXM4-40GB MIG 4g.20gb (0),1,,13,[CUDA memcpy Host-to-Device]
3972368544,9344,87332,,,,,,,,,,0.197,21040.988,Pinned,Device,NVIDIA A100-SXM4-40GB MIG 4g.20gb (0),1,,13,[CUDA memcpy Host-to-Device]
3972497631,19615,87333,273,1,1,48,1,1,40,0.000,0.001,,,,,NVIDIA A100-SXM4-40GB MIG 4g.20gb (0),1,,13,"void pusch_noise_intf_est::noiseIntfEstNoDftSOfdmKernel<float, __half, float, float, (unsigned int)2, (unsigned int)1, (unsigned char)4, (unsigned char)4>(pusch_noise_intf_est::puschRxNoiseIntfEstDynDescr)"
3972551038,16832,87344,35,1,1,128,1,1,16,0.000,0.000,,,,,NVIDIA A100-SXM4-40GB MIG 4g.20gb (0),1,,13,cupy_copy__complex64_complex64
3972621533,3968,87353,1,1,1,1,1,1,18,0.000,0.000,,,,,NVIDIA A100-SXM4-40GB MIG 4g.20gb (0),1,,13,cupy_copy__float32_float32
3972633533,1600,87359,,,,,,,,,,0.000,2.500,Device,Pageable,NVIDIA A100-SXM4-40GB MIG 4g.20gb (0),1,,7,[CUDA memcpy Device-to-Host]
3972750268,18176,87370,1434,1,1,128,1,1,16,0.000,0.000,,,,,NVIDIA A100-SXM4-40GB MIG 4g.20gb (0),1,,13,cupy_copy__complex64_complex64
3972806427,9472,87377,103,1,1,128,1,1,16,0.000,0.000,,,,,NVIDIA A100-SXM4-40GB MIG 4g.20gb (0),1,,13,cupy_copy__complex64_complex64
3972863898,13248,87384,35,1,1,128,1,1,16,0.000,0.000,,,,,NVIDIA A100-SXM4-40GB MIG 4g.20gb (0),1,,13,cupy_copy__complex64_complex64
3972923546,4576,87391,1,1,1,1,1,1,18,0.000,0.000,,,,,NVIDIA A100-SXM4-40GB MIG 4g.20gb (0),1,,13,cupy_copy__float32_float32
3972998713,241341,87402,1,1,1,32,32,1,30,0.000,0.000,,,,,NVIDIA A100-SXM4-40GB MIG 4g.20gb (0),1,,13,"void convert_kernel<__half2, float2>(tensor_layout_any, T1 *, tensor_layout_any, const T2 *)"
3973275958,5376,87405,,,,,,,,,,0.094,17428.487,Pinned,Device,NVIDIA A100-SXM4-40GB MIG 4g.20gb (0),1,,13,[CUDA memcpy Host-to-Device]
3973312853,11328,87406,,,,,,,,,,1.547,136529.780,Device,,NVIDIA A100-SXM4-40GB MIG 4g.20gb (0),1,,13,[CUDA memset]
3973330869,3008,87411,,,,,,,,,,0.031,10404.230,Pinned,Device,NVIDIA A100-SXM4-40GB MIG 4g.20gb (0),1,,13,[CUDA memcpy Host-to-Device]
3973336629,10016,87412,,,,,,,,,,0.197,19629.343,Pinned,Device,NVIDIA A100-SXM4-40GB MIG 4g.20gb (0),1,,13,[CUDA memcpy Host-to-Device]
3973382356,32576,87413,273,1,1,8,4,1,39,0.002,0.000,,,,,NVIDIA A100-SXM4-40GB MIG 4g.20gb (0),1,,13,"void channel_eq::eqMmseCoefCompLowMimoKernel<float, float, float, (unsigned int)4, (unsigned int)1, (unsigned int)4>(const channel_eq::_puschRxChEqStatDescr *, channel_eq::_puschRxChEqCoefCompDynDescr)"
3973461012,41183,87414,273,1,1,12,11,1,51,0.002,0.000,,,,,NVIDIA A100-SXM4-40GB MIG 4g.20gb (0),1,,13,"void channel_eq::eqMmseSoftDemapKernel<float, __half, __half, float, (unsigned int)4, (unsigned short)16383>(channel_eq::_puschRxChEqStatDescr *, channel_eq::_puschRxChEqSoftDemapDynDescr)"
3973537523,586617,87415,1,1,1,32,32,1,30,0.000,0.000,,,,,NVIDIA A100-SXM4-40GB MIG 4g.20gb (0),1,,13,"void convert_kernel<float2, __half2>(tensor_layout_any, T1 *, tensor_layout_any, const T2 *)"
3974162635,22912,87427,2253,1,1,128,1,1,16,0.000,0.000,,,,,NVIDIA A100-SXM4-40GB MIG 4g.20gb (0),1,,13,cupy_copy__float16_float16
3974229771,8704,87436,282,1,1,128,1,1,16,0.000,0.000,,,,,NVIDIA A100-SXM4-40GB MIG 4g.20gb (0),1,,13,cupy_copy__complex64_complex64
3974286314,7616,87445,26,1,1,128,1,1,16,0.000,0.000,,,,,NVIDIA A100-SXM4-40GB MIG 4g.20gb (0),1,,13,cupy_copy__float32_float32
3974296010,9056,87454,103,1,1,128,1,1,16,0.000,0.000,,,,,NVIDIA A100-SXM4-40GB MIG 4g.20gb (0),1,,13,cupy_copy__complex64_complex64
3974306858,16992,87464,1434,1,1,128,1,1,16,0.000,0.000,,,,,NVIDIA A100-SXM4-40GB MIG 4g.20gb (0),1,,13,cupy_copy__complex64_complex64
3974359113,243677,87469,1,1,1,32,32,1,30,0.000,0.000,,,,,NVIDIA A100-SXM4-40GB MIG 4g.20gb (0),1,,13,"void convert_kernel<__half2, float2>(tensor_layout_any, T1 *, tensor_layout_any, const T2 *)"
3974632358,5440,87472,,,,,,,,,,0.094,17223.480,Pinned,Device,NVIDIA A100-SXM4-40GB MIG 4g.20gb (0),1,,13,[CUDA memcpy Host-to-Device]
3974708869,630393,87473,,,,,,,,,,456.561,724106.444,Device,,NVIDIA A100-SXM4-40GB MIG 4g.20gb (0),1,,13,[CUDA memset]
3975342526,50655,87478,,,,,,,,,,1.235,24379.030,Pinned,Device,NVIDIA A100-SXM4-40GB MIG 4g.20gb (0),1,,13,[CUDA memcpy Host-to-Device]
3975395645,9920,87479,,,,,,,,,,0.197,19819.266,Pinned,Device,NVIDIA A100-SXM4-40GB MIG 4g.20gb (0),1,,13,[CUDA memcpy Host-to-Device]
3975488348,33600,87480,69,4,1,48,1,1,76,0.002,0.000,,,,,NVIDIA A100-SXM4-40GB MIG 4g.20gb (0),1,,13,"void ch_est::windowedChEstPreNoDftSOfdmKernel<float, __half, float, (unsigned int)2, (unsigned int)1, (unsigned short)4>(ch_est::puschRxChEstStatDescr_t *, ch_est::puschRxChEstDynDescr_t *)"
3975567931,27488,87481,137,2,1,24,2,1,44,0.001,0.001,,,,,NVIDIA A100-SXM4-40GB MIG 4g.20gb (0),1,,13,"void ch_est::chEstFilterNoDftSOfdmDispatchKernel<float, __half, float, (unsigned int)2>(ch_est::puschRxChEstStatDescr_t *, ch_est::puschRxChEstDynDescr_t *)"
3975616027,35679,87482,137,2,1,24,2,1,44,0.001,0.001,,,,,NVIDIA A100-SXM4-40GB MIG 4g.20gb (0),1,,13,"void ch_est::chEstFilterNoDftSOfdmDispatchKernel<float, __half, float, (unsigned int)2>(ch_est::puschRxChEstStatDescr_t *, ch_est::puschRxChEstDynDescr_t *)"
3975678842,9600,87493,103,1,1,128,1,1,16,0.000,0.000,,,,,NVIDIA A100-SXM4-40GB MIG 4g.20gb (0),1,,13,cupy_copy__complex64_complex64
3975738265,27264,87503,1434,1,1,128,1,1,16,0.000,0.000,,,,,NVIDIA A100-SXM4-40GB MIG 4g.20gb (0),1,,13,cupy_copy__complex64_complex64
3975823544,3616,87510,103,1,1,128,1,1,16,0.000,0.000,,,,,NVIDIA A100-SXM4-40GB MIG 4g.20gb (0),1,,13,cupy_copy__complex64_complex64
3975879864,232765,87517,1,1,1,32,32,1,30,0.000,0.000,,,,,NVIDIA A100-SXM4-40GB MIG 4g.20gb (0),1,,13,"void convert_kernel<__half2, float2>(tensor_layout_any, T1 *, tensor_layout_any, const T2 *)"
3976142965,5376,87520,,,,,,,,,,0.094,17428.487,Pinned,Device,NVIDIA A100-SXM4-40GB MIG 4g.20gb (0),1,,13,[CUDA memcpy Host-to-Device]
3976206772,64031,87521,,,,,,,,,,35.810,559243.521,Device,,NVIDIA A100-SXM4-40GB MIG 4g.20gb (0),1,,13,[CUDA memset]
3976275539,1824,87523,,,,,,,,,,0.000,43.860,Pinned,Device,NVIDIA A100-SXM4-40GB MIG 4g.20gb (0),1,,13,[CUDA memcpy Host-to-Device]
3976279795,9344,87524,,,,,,,,,,0.197,21040.988,Pinned,Device,NVIDIA A100-SXM4-40GB MIG 4g.20gb (0),1,,13,[CUDA memcpy Host-to-Device]
3976413426,16159,87525,273,1,1,48,1,1,40,0.000,0.001,,,,,NVIDIA A100-SXM4-40GB MIG 4g.20gb (0),1,,13,"void pusch_noise_intf_est::noiseIntfEstNoDftSOfdmKernel<float, __half, float, float, (unsigned int)2, (unsigned int)1, (unsigned char)4, (unsigned char)4>(pusch_noise_intf_est::puschRxNoiseIntfEstDynDescr)"
3976464209,8672,87536,35,1,1,128,1,1,16,0.000,0.000,,,,,NVIDIA A100-SXM4-40GB MIG 4g.20gb (0),1,,13,cupy_copy__complex64_complex64
3976538832,3520,87545,1,1,1,1,1,1,18,0.000,0.000,,,,,NVIDIA A100-SXM4-40GB MIG 4g.20gb (0),1,,13,cupy_copy__float32_float32
3976544880,1664,87551,,,,,,,,,,0.000,2.404,Device,Pageable,NVIDIA A100-SXM4-40GB MIG 4g.20gb (0),1,,7,[CUDA memcpy Device-to-Host]
3976606991,15552,87562,1434,1,1,128,1,1,16,0.000,0.000,,,,,NVIDIA A100-SXM4-40GB MIG 4g.20gb (0),1,,13,cupy_copy__complex64_complex64
3976675919,3648,87569,103,1,1,128,1,1,16,0.000,0.000,,,,,NVIDIA A100-SXM4-40GB MIG 4g.20gb (0),1,,13,cupy_copy__complex64_complex64
3976728782,16128,87576,35,1,1,128,1,1,16,0.000,0.000,,,,,NVIDIA A100-SXM4-40GB MIG 4g.20gb (0),1,,13,cupy_copy__complex64_complex64
3976807117,3936,87583,1,1,1,1,1,1,18,0.000,0.000,,,,,NVIDIA A100-SXM4-40GB MIG 4g.20gb (0),1,,13,cupy_copy__float32_float32
3976874028,257789,87594,1,1,1,32,32,1,30,0.000,0.000,,,,,NVIDIA A100-SXM4-40GB MIG 4g.20gb (0),1,,13,"void convert_kernel<__half2, float2>(tensor_layout_any, T1 *, tensor_layout_any, const T2 *)"
3977161961,5600,87597,,,,,,,,,,0.094,16731.388,Pinned,Device,NVIDIA A100-SXM4-40GB MIG 4g.20gb (0),1,,13,[CUDA memcpy Host-to-Device]
3977195337,8032,87598,,,,,,,,,,1.547,192556.235,Device,,NVIDIA A100-SXM4-40GB MIG 4g.20gb (0),1,,13,[CUDA memset]
3977204809,3039,87603,,,,,,,,,,0.031,10298.105,Pinned,Device,NVIDIA A100-SXM4-40GB MIG 4g.20gb (0),1,,13,[CUDA memcpy Host-to-Device]
3977210568,9408,87604,,,,,,,,,,0.197,20897.858,Pinned,Device,NVIDIA A100-SXM4-40GB MIG 4g.20gb (0),1,,13,[CUDA memcpy Host-to-Device]
3977254120,46751,87605,273,1,1,8,4,1,39,0.002,0.000,,,,,NVIDIA A100-SXM4-40GB MIG 4g.20gb (0),1,,13,"void channel_eq::eqMmseCoefCompLowMimoKernel<float, float, float, (unsigned int)4, (unsigned int)1, (unsigned int)4>(const channel_eq::_puschRxChEqStatDescr *, channel_eq::_puschRxChEqCoefCompDynDescr)"
3977321735,25216,87606,273,1,1,12,11,1,51,0.002,0.000,,,,,NVIDIA A100-SXM4-40GB MIG 4g.20gb (0),1,,13,"void channel_eq::eqMmseSoftDemapKernel<float, __half, __half, float, (unsigned int)4, (unsigned short)16383>(channel_eq::_puschRxChEqStatDescr *, channel_eq::_puschRxChEqSoftDemapDynDescr)"
3977374951,638008,87607,1,1,1,32,32,1,30,0.000,0.000,,,,,NVIDIA A100-SXM4-40GB MIG 4g.20gb (0),1,,13,"void convert_kernel<float2, __half2>(tensor_layout_any, T1 *, tensor_layout_any, const T2 *)"
3978037695,18112,87619,2253,1,1,128,1,1,16,0.000,0.000,,,,,NVIDIA A100-SXM4-40GB MIG 4g.20gb (0),1,,13,cupy_copy__float16_float16
3978101374,8480,87628,282,1,1,128,1,1,16,0.000,0.000,,,,,NVIDIA A100-SXM4-40GB MIG 4g.20gb (0),1,,13,cupy_copy__complex64_complex64
3978158206,4160,87637,26,1,1,128,1,1,16,0.000,0.000,,,,,NVIDIA A100-SXM4-40GB MIG 4g.20gb (0),1,,13,cupy_copy__float32_float32
3978164381,6560,87646,103,1,1,128,1,1,16,0.000,0.000,,,,,NVIDIA A100-SXM4-40GB MIG 4g.20gb (0),1,,13,cupy_copy__complex64_complex64
3978172829,17344,87656,1434,1,1,128,1,1,16,0.000,0.000,,,,,NVIDIA A100-SXM4-40GB MIG 4g.20gb (0),1,,13,cupy_copy__complex64_complex64
3978224605,227165,87661,1,1,1,32,32,1,30,0.000,0.000,,,,,NVIDIA A100-SXM4-40GB MIG 4g.20gb (0),1,,13,"void convert_kernel<__half2, float2>(tensor_layout_any, T1 *, tensor_layout_any, const T2 *)"
3978481594,5408,87664,,,,,,,,,,0.094,17325.421,Pinned,Device,NVIDIA A100-SXM4-40GB MIG 4g.20gb (0),1,,13,[CUDA memcpy Host-to-Device]
3978517017,624537,87665,,,,,,,,,,456.561,730954.865,Device,,NVIDIA A100-SXM4-40GB MIG 4g.20gb (0),1,,13,[CUDA memset]
3979143698,52608,87670,,,,,,,,,,1.235,23473.816,Pinned,Device,NVIDIA A100-SXM4-40GB MIG 4g.20gb (0),1,,13,[CUDA memcpy Host-to-Device]
3979199538,12447,87671,,,,,,,,,,0.197,15795.487,Pinned,Device,NVIDIA A100-SXM4-40GB MIG 4g.20gb (0),1,,13,[CUDA memcpy Host-to-Device]
3979288881,12671,87672,69,4,1,48,1,1,76,0.002,0.000,,,,,NVIDIA A100-SXM4-40GB MIG 4g.20gb (0),1,,13,"void ch_est::windowedChEstPreNoDftSOfdmKernel<float, __half, float, (unsigned int)2, (unsigned int)1, (unsigned short)4>(ch_est::puschRxChEstStatDescr_t *, ch_est::puschRxChEstDynDescr_t *)"
3979349936,36383,87673,137,2,1,24,2,1,44,0.001,0.001,,,,,NVIDIA A100-SXM4-40GB MIG 4g.20gb (0),1,,13,"void ch_est::chEstFilterNoDftSOfdmDispatchKernel<float, __half, float, (unsigned int)2>(ch_est::puschRxChEstStatDescr_t *, ch_est::puschRxChEstDynDescr_t *)"
3979425135,8992,87674,137,2,1,24,2,1,44,0.001,0.001,,,,,NVIDIA A100-SXM4-40GB MIG 4g.20gb (0),1,,13,"void ch_est::chEstFilterNoDftSOfdmDispatchKernel<float, __half, float, (unsigned int)2>(ch_est::puschRxChEstStatDescr_t *, ch_est::puschRxChEstDynDescr_t *)"
3979475630,6112,87685,103,1,1,128,1,1,16,0.000,0.000,,,,,NVIDIA A100-SXM4-40GB MIG 4g.20gb (0),1,,13,cupy_copy__complex64_complex64
3979548942,22175,87695,1434,1,1,128,1,1,16,0.000,0.000,,,,,NVIDIA A100-SXM4-40GB MIG 4g.20gb (0),1,,13,cupy_copy__complex64_complex64
3979608877,6176,87702,103,1,1,128,1,1,16,0.000,0.000,,,,,NVIDIA A100-SXM4-40GB MIG 4g.20gb (0),1,,13,cupy_copy__complex64_complex64
3979669836,237277,87709,1,1,1,32,32,1,30,0.000,0.000,,,,,NVIDIA A100-SXM4-40GB MIG 4g.20gb (0),1,,13,"void convert_kernel<__half2, float2>(tensor_layout_any, T1 *, tensor_layout_any, const T2 *)"
3979943017,5440,87712,,,,,,,,,,0.094,17223.480,Pinned,Device,NVIDIA A100-SXM4-40GB MIG 4g.20gb (0),1,,13,[CUDA memcpy Host-to-Device]
3980027080,59583,87713,,,,,,,,,,35.810,600997.887,Device,,NVIDIA A100-SXM4-40GB MIG 4g.20gb (0),1,,13,[CUDA memset]
3980095175,2144,87715,,,,,,,,,,0.000,37.313,Pinned,Device,NVIDIA A100-SXM4-40GB MIG 4g.20gb (0),1,,13,[CUDA memcpy Host-to-Device]
3980099751,9728,87716,,,,,,,,,,0.197,20210.516,Pinned,Device,NVIDIA A100-SXM4-40GB MIG 4g.20gb (0),1,,13,[CUDA memcpy Host-to-Device]
3980234758,16224,87717,273,1,1,48,1,1,40,0.000,0.001,,,,,NVIDIA A100-SXM4-40GB MIG 4g.20gb (0),1,,13,"void pusch_noise_intf_est::noiseIntfEstNoDftSOfdmKernel<float, __half, float, float, (unsigned int)2, (unsigned int)1, (unsigned char)4, (unsigned char)4>(pusch_noise_intf_est::puschRxNoiseIntfEstDynDescr)"
3980285541,8192,87728,35,1,1,128,1,1,16,0.000,0.000,,,,,NVIDIA A100-SXM4-40GB MIG 4g.20gb (0),1,,13,cupy_copy__complex64_complex64
3980356388,3904,87737,1,1,1,1,1,1,18,0.000,0.000,,,,,NVIDIA A100-SXM4-40GB MIG 4g.20gb (0),1,,13,cupy_copy__float32_float32
3980368740,1696,87743,,,,,,,,,,0.000,2.358,Device,Pageable,NVIDIA A100-SXM4-40GB MIG 4g.20gb (0),1,,7,[CUDA memcpy Device-to-Host]
3980477283,22912,87754,1434,1,1,128,1,1,16,0.000,0.000,,,,,NVIDIA A100-SXM4-40GB MIG 4g.20gb (0),1,,13,cupy_copy__complex64_complex64
3980534562,8384,87761,103,1,1,128,1,1,16,0.000,0.000,,,,,NVIDIA A100-SXM4-40GB MIG 4g.20gb (0),1,,13,cupy_copy__complex64_complex64
3980596258,12415,87768,35,1,1,128,1,1,16,0.000,0.000,,,,,NVIDIA A100-SXM4-40GB MIG 4g.20gb (0),1,,13,cupy_copy__complex64_complex64
3980610625,2208,87775,1,1,1,1,1,1,18,0.000,0.000,,,,,NVIDIA A100-SXM4-40GB MIG 4g.20gb (0),1,,13,cupy_copy__float32_float32
3980668513,248093,87786,1,1,1,32,32,1,30,0.000,0.000,,,,,NVIDIA A100-SXM4-40GB MIG 4g.20gb (0),1,,13,"void convert_kernel<__half2, float2>(tensor_layout_any, T1 *, tensor_layout_any, const T2 *)"
3980952381,6176,87789,,,,,,,,,,0.094,15170.975,Pinned,Device,NVIDIA A100-SXM4-40GB MIG 4g.20gb (0),1,,13,[CUDA memcpy Host-to-Device]
3980988093,8576,87790,,,,,,,,,,1.547,180342.545,Device,,NVIDIA A100-SXM4-40GB MIG 4g.20gb (0),1,,13,[CUDA memset]
3981002589,3296,87795,,,,,,,,,,0.031,9495.144,Pinned,Device,NVIDIA A100-SXM4-40GB MIG 4g.20gb (0),1,,13,[CUDA memcpy Host-to-Device]
3981008317,10048,87796,,,,,,,,,,0.197,19566.821,Pinned,Device,NVIDIA A100-SXM4-40GB MIG 4g.20gb (0),1,,13,[CUDA memcpy Host-to-Device]
3981037308,39904,87797,273,1,1,8,4,1,39,0.002,0.000,,,,,NVIDIA A100-SXM4-40GB MIG 4g.20gb (0),1,,13,"void channel_eq::eqMmseCoefCompLowMimoKernel<float, float, float, (unsigned int)4, (unsigned int)1, (unsigned int)4>(const channel_eq::_puschRxChEqStatDescr *, channel_eq::_puschRxChEqCoefCompDynDescr)"
3981113852,15903,87798,273,1,1,12,11,1,51,0.002,0.000,,,,,NVIDIA A100-SXM4-40GB MIG 4g.20gb (0),1,,13,"void channel_eq::eqMmseSoftDemapKernel<float, __half, __half, float, (unsigned int)4, (unsigned short)16383>(channel_eq::_puschRxChEqStatDescr *, channel_eq::_puschRxChEqSoftDemapDynDescr)"
3981168859,587417,87799,1,1,1,32,32,1,30,0.000,0.000,,,,,NVIDIA A100-SXM4-40GB MIG 4g.20gb (0),1,,13,"void convert_kernel<float2, __half2>(tensor_layout_any, T1 *, tensor_layout_any, const T2 *)"
3981812116,18879,87811,2253,1,1,128,1,1,16,0.000,0.000,,,,,NVIDIA A100-SXM4-40GB MIG 4g.20gb (0),1,,13,cupy_copy__float16_float16
3981870835,9440,87820,282,1,1,128,1,1,16,0.000,0.000,,,,,NVIDIA A100-SXM4-40GB MIG 4g.20gb (0),1,,13,cupy_copy__complex64_complex64
3981935794,3104,87829,26,1,1,128,1,1,16,0.000,0.000,,,,,NVIDIA A100-SXM4-40GB MIG 4g.20gb (0),1,,13,cupy_copy__float32_float32
3981940658,9568,87838,103,1,1,128,1,1,16,0.000,0.000,,,,,NVIDIA A100-SXM4-40GB MIG 4g.20gb (0),1,,13,cupy_copy__complex64_complex64
3982009681,27968,87848,1434,1,1,128,1,1,16,0.000,0.000,,,,,NVIDIA A100-SXM4-40GB MIG 4g.20gb (0),1,,13,cupy_copy__complex64_complex64
3982091728,227390,87853,1,1,1,32,32,1,30,0.000,0.000,,,,,NVIDIA A100-SXM4-40GB MIG 4g.20gb (0),1,,13,"void convert_kernel<__half2, float2>(tensor_layout_any, T1 *, tensor_layout_any, const T2 *)"
3982347821,5376,87856,,,,,,,,,,0.094,17428.487,Pinned,Device,NVIDIA A100-SXM4-40GB MIG 4g.20gb (0),1,,13,[CUDA memcpy Host-to-Device]
3982364813,628665,87857,,,,,,,,,,456.561,725932.690,Device,,NVIDIA A100-SXM4-40GB MIG 4g.20gb (0),1,,13,[CUDA memset]
3983000230,50847,87862,,,,,,,,,,1.235,24286.409,Pinned,Device,NVIDIA A100-SXM4-40GB MIG 4g.20gb (0),1,,13,[CUDA memcpy Host-to-Device]
3983053701,9344,87863,,,,,,,,,,0.197,21040.988,Pinned,Device,NVIDIA A100-SXM4-40GB MIG 4g.20gb (0),1,,13,[CUDA memcpy Host-to-Device]
3983143556,14240,87864,69,4,1,48,1,1,76,0.002,0.000,,,,,NVIDIA A100-SXM4-40GB MIG 4g.20gb (0),1,,13,"void ch_est::windowedChEstPreNoDftSOfdmKernel<float, __half, float, (unsigned int)2, (unsigned int)1, (unsigned short)4>(ch_est::puschRxChEstStatDescr_t *, ch_est::puschRxChEstDynDescr_t *)"
3983204612,38399,87865,137,2,1,24,2,1,44,0.001,0.001,,,,,NVIDIA A100-SXM4-40GB MIG 4g.20gb (0),1,,13,"void ch_est::chEstFilterNoDftSOfdmDispatchKernel<float, __half, float, (unsigned int)2>(ch_est::puschRxChEstStatDescr_t *, ch_est::puschRxChEstDynDescr_t *)"
3983280547,19423,87866,137,2,1,24,2,1,44,0.001,0.001,,,,,NVIDIA A100-SXM4-40GB MIG 4g.20gb (0),1,,13,"void ch_est::chEstFilterNoDftSOfdmDispatchKernel<float, __half, float, (unsigned int)2>(ch_est::puschRxChEstStatDescr_t *, ch_est::puschRxChEstDynDescr_t *)"
3983327362,8384,87877,103,1,1,128,1,1,16,0.000,0.000,,,,,NVIDIA A100-SXM4-40GB MIG 4g.20gb (0),1,,13,cupy_copy__complex64_complex64
3983398753,23264,87887,1434,1,1,128,1,1,16,0.000,0.000,,,,,NVIDIA A100-SXM4-40GB MIG 4g.20gb (0),1,,13,cupy_copy__complex64_complex64
3983458657,7776,87894,103,1,1,128,1,1,16,0.000,0.000,,,,,NVIDIA A100-SXM4-40GB MIG 4g.20gb (0),1,,13,cupy_copy__complex64_complex64
3983520192,239709,87901,1,1,1,32,32,1,30,0.000,0.000,,,,,NVIDIA A100-SXM4-40GB MIG 4g.20gb (0),1,,13,"void convert_kernel<__half2, float2>(tensor_layout_any, T1 *, tensor_layout_any, const T2 *)"
3983789693,5408,87904,,,,,,,,,,0.094,17325.421,Pinned,Device,NVIDIA A100-SXM4-40GB MIG 4g.20gb (0),1,,13,[CUDA memcpy Host-to-Device]
3983804413,71263,87905,,,,,,,,,,35.810,502484.797,Device,,NVIDIA A100-SXM4-40GB MIG 4g.20gb (0),1,,13,[CUDA memset]
3983881020,2624,87907,,,,,,,,,,0.000,30.488,Pinned,Device,NVIDIA A100-SXM4-40GB MIG 4g.20gb (0),1,,13,[CUDA memcpy Host-to-Device]
3983886300,9856,87908,,,,,,,,,,0.197,19948.044,Pinned,Device,NVIDIA A100-SXM4-40GB MIG 4g.20gb (0),1,,13,[CUDA memcpy Host-to-Device]
3984006842,41824,87909,273,1,1,48,1,1,40,0.000,0.001,,,,,NVIDIA A100-SXM4-40GB MIG 4g.20gb (0),1,,13,"void pusch_noise_intf_est::noiseIntfEstNoDftSOfdmKernel<float, __half, float, float, (unsigned int)2, (unsigned int)1, (unsigned char)4, (unsigned char)4>(pusch_noise_intf_est::puschRxNoiseIntfEstDynDescr)"
3984096569,3520,87920,35,1,1,128,1,1,16,0.000,0.000,,,,,NVIDIA A100-SXM4-40GB MIG 4g.20gb (0),1,,13,cupy_copy__complex64_complex64
3984174008,2528,87929,1,1,1,1,1,1,18,0.000,0.000,,,,,NVIDIA A100-SXM4-40GB MIG 4g.20gb (0),1,,13,cupy_copy__float32_float32
3984178008,1568,87935,,,,,,,,,,0.000,2.551,Device,Pageable,NVIDIA A100-SXM4-40GB MIG 4g.20gb (0),1,,7,[CUDA memcpy Device-to-Host]
3984318583,37759,87946,1434,1,1,128,1,1,16,0.000,0.000,,,,,NVIDIA A100-SXM4-40GB MIG 4g.20gb (0),1,,13,cupy_copy__complex64_complex64
3984412982,4384,87953,103,1,1,128,1,1,16,0.000,0.000,,,,,NVIDIA A100-SXM4-40GB MIG 4g.20gb (0),1,,13,cupy_copy__complex64_complex64
3984501173,13823,87960,35,1,1,128,1,1,16,0.000,0.000,,,,,NVIDIA A100-SXM4-40GB MIG 4g.20gb (0),1,,13,cupy_copy__complex64_complex64
3984576372,3168,87967,1,1,1,1,1,1,18,0.000,0.000,,,,,NVIDIA A100-SXM4-40GB MIG 4g.20gb (0),1,,13,cupy_copy__float32_float32
3984647283,249821,87978,1,1,1,32,32,1,30,0.000,0.000,,,,,NVIDIA A100-SXM4-40GB MIG 4g.20gb (0),1,,13,"void convert_kernel<__half2, float2>(tensor_layout_any, T1 *, tensor_layout_any, const T2 *)"
3984926064,5344,87981,,,,,,,,,,0.094,17532.864,Pinned,Device,NVIDIA A100-SXM4-40GB MIG 4g.20gb (0),1,,13,[CUDA memcpy Host-to-Device]
3984963279,15488,87982,,,,,,,,,,1.547,99859.325,Device,,NVIDIA A100-SXM4-40GB MIG 4g.20gb (0),1,,13,[CUDA memset]
3984983855,3136,87987,,,,,,,,,,0.031,9979.575,Pinned,Device,NVIDIA A100-SXM4-40GB MIG 4g.20gb (0),1,,13,[CUDA memcpy Host-to-Device]
3984989391,9408,87988,,,,,,,,,,0.197,20897.858,Pinned,Device,NVIDIA A100-SXM4-40GB MIG 4g.20gb (0),1,,13,[CUDA memcpy Host-to-Device]
3985035695,27551,87989,273,1,1,8,4,1,39,0.002,0.000,,,,,NVIDIA A100-SXM4-40GB MIG 4g.20gb (0),1,,13,"void channel_eq::eqMmseCoefCompLowMimoKernel<float, float, float, (unsigned int)4, (unsigned int)1, (unsigned int)4>(const channel_eq::_puschRxChEqStatDescr *, channel_eq::_puschRxChEqCoefCompDynDescr)"
3985111566,41119,87990,273,1,1,12,11,1,51,0.002,0.000,,,,,NVIDIA A100-SXM4-40GB MIG 4g.20gb (0),1,,13,"void channel_eq::eqMmseSoftDemapKernel<float, __half, __half, float, (unsigned int)4, (unsigned short)16383>(channel_eq::_puschRxChEqStatDescr *, channel_eq::_puschRxChEqSoftDemapDynDescr)"
3985187693,558521,87991,1,1,1,32,32,1,30,0.000,0.000,,,,,NVIDIA A100-SXM4-40GB MIG 4g.20gb (0),1,,13,"void convert_kernel<float2, __half2>(tensor_layout_any, T1 *, tensor_layout_any, const T2 *)"
3985766342,23360,88003,2253,1,1,128,1,1,16,0.000,0.000,,,,,NVIDIA A100-SXM4-40GB MIG 4g.20gb (0),1,,13,cupy_copy__float16_float16
3985840965,4896,88012,282,1,1,128,1,1,16,0.000,0.000,,,,,NVIDIA A100-SXM4-40GB MIG 4g.20gb (0),1,,13,cupy_copy__complex64_complex64
3985848069,3712,88021,26,1,1,128,1,1,16,0.000,0.000,,,,,NVIDIA A100-SXM4-40GB MIG 4g.20gb (0),1,,13,cupy_copy__float32_float32
3985913124,16384,88030,103,1,1,128,1,1,16,0.000,0.000,,,,,NVIDIA A100-SXM4-40GB MIG 4g.20gb (0),1,,13,cupy_copy__complex64_complex64
3985985028,28319,88040,1434,1,1,128,1,1,16,0.000,0.000,,,,,NVIDIA A100-SXM4-40GB MIG 4g.20gb (0),1,,13,cupy_copy__complex64_complex64
3986055971,242013,88045,1,1,1,32,32,1,30,0.000,0.000,,,,,NVIDIA A100-SXM4-40GB MIG 4g.20gb (0),1,,13,"void convert_kernel<__half2, float2>(tensor_layout_any, T1 *, tensor_layout_any, const T2 *)"
3986326976,5376,88048,,,,,,,,,,0.094,17428.487,Pinned,Device,NVIDIA A100-SXM4-40GB MIG 4g.20gb (0),1,,13,[CUDA memcpy Host-to-Device]
3986368607,640505,88049,,,,,,,,,,456.561,712692.408,Device,,NVIDIA A100-SXM4-40GB MIG 4g.20gb (0),1,,13,[CUDA memset]
3987014904,51135,88054,,,,,,,,,,1.235,24150.565,Pinned,Device,NVIDIA A100-SXM4-40GB MIG 4g.20gb (0),1,,13,[CUDA memcpy Host-to-Device]
3987068503,9344,88055,,,,,,,,,,0.197,21040.988,Pinned,Device,NVIDIA A100-SXM4-40GB MIG 4g.20gb (0),1,,13,[CUDA memcpy Host-to-Device]
3987162134,14848,88056,69,4,1,48,1,1,76,0.002,0.000,,,,,NVIDIA A100-SXM4-40GB MIG 4g.20gb (0),1,,13,"void ch_est::windowedChEstPreNoDftSOfdmKernel<float, __half, float, (unsigned int)2, (unsigned int)1, (unsigned short)4>(ch_est::puschRxChEstStatDescr_t *, ch_est::puschRxChEstDynDescr_t *)"
3987233557,34496,88057,137,2,1,24,2,1,44,0.001,0.001,,,,,NVIDIA A100-SXM4-40GB MIG 4g.20gb (0),1,,13,"void ch_est::chEstFilterNoDftSOfdmDispatchKernel<float, __half, float, (unsigned int)2>(ch_est::puschRxChEstStatDescr_t *, ch_est::puschRxChEstDynDescr_t *)"
3987308532,13088,88058,137,2,1,24,2,1,44,0.001,0.001,,,,,NVIDIA A100-SXM4-40GB MIG 4g.20gb (0),1,,13,"void ch_est::chEstFilterNoDftSOfdmDispatchKernel<float, __half, float, (unsigned int)2>(ch_est::puschRxChEstStatDescr_t *, ch_est::puschRxChEstDynDescr_t *)"
3987362132,6720,88069,103,1,1,128,1,1,16,0.000,0.000,,,,,NVIDIA A100-SXM4-40GB MIG 4g.20gb (0),1,,13,cupy_copy__complex64_complex64
3987430355,24608,88079,1434,1,1,128,1,1,16,0.000,0.000,,,,,NVIDIA A100-SXM4-40GB MIG 4g.20gb (0),1,,13,cupy_copy__complex64_complex64
3987492434,8160,88086,103,1,1,128,1,1,16,0.000,0.000,,,,,NVIDIA A100-SXM4-40GB MIG 4g.20gb (0),1,,13,cupy_copy__complex64_complex64
3987558962,249501,88093,1,1,1,32,32,1,30,0.000,0.000,,,,,NVIDIA A100-SXM4-40GB MIG 4g.20gb (0),1,,13,"void convert_kernel<__half2, float2>(tensor_layout_any, T1 *, tensor_layout_any, const T2 *)"
3987838574,5408,88096,,,,,,,,,,0.094,17325.421,Pinned,Device,NVIDIA A100-SXM4-40GB MIG 4g.20gb (0),1,,13,[CUDA memcpy Host-to-Device]
3987909645,64000,88097,,,,,,,,,,35.810,559530.000,Device,,NVIDIA A100-SXM4-40GB MIG 4g.20gb (0),1,,13,[CUDA memset]
3987980045,1856,88099,,,,,,,,,,0.000,43.103,Pinned,Device,NVIDIA A100-SXM4-40GB MIG 4g.20gb (0),1,,13,[CUDA memcpy Host-to-Device]
3987984333,9855,88100,,,,,,,,,,0.197,19950.010,Pinned,Device,NVIDIA A100-SXM4-40GB MIG 4g.20gb (0),1,,13,[CUDA memcpy Host-to-Device]
3988115915,16352,88101,273,1,1,48,1,1,40,0.000,0.001,,,,,NVIDIA A100-SXM4-40GB MIG 4g.20gb (0),1,,13,"void pusch_noise_intf_est::noiseIntfEstNoDftSOfdmKernel<float, __half, float, float, (unsigned int)2, (unsigned int)1, (unsigned char)4, (unsigned char)4>(pusch_noise_intf_est::puschRxNoiseIntfEstDynDescr)"
3988167051,12063,88112,35,1,1,128,1,1,16,0.000,0.000,,,,,NVIDIA A100-SXM4-40GB MIG 4g.20gb (0),1,,13,cupy_copy__complex64_complex64
3988243882,3264,88121,1,1,1,1,1,1,18,0.000,0.000,,,,,NVIDIA A100-SXM4-40GB MIG 4g.20gb (0),1,,13,cupy_copy__float32_float32
3988250378,1600,88127,,,,,,,,,,0.000,2.500,Device,Pageable,NVIDIA A100-SXM4-40GB MIG 4g.20gb (0),1,,7,[CUDA memcpy Device-to-Host]
3988312489,13568,88138,1434,1,1,128,1,1,16,0.000,0.000,,,,,NVIDIA A100-SXM4-40GB MIG 4g.20gb (0),1,,13,cupy_copy__complex64_complex64
3988385768,3264,88145,103,1,1,128,1,1,16,0.000,0.000,,,,,NVIDIA A100-SXM4-40GB MIG 4g.20gb (0),1,,13,cupy_copy__complex64_complex64
3988465159,10432,88152,35,1,1,128,1,1,16,0.000,0.000,,,,,NVIDIA A100-SXM4-40GB MIG 4g.20gb (0),1,,13,cupy_copy__complex64_complex64
3988519462,3488,88159,1,1,1,1,1,1,18,0.000,0.000,,,,,NVIDIA A100-SXM4-40GB MIG 4g.20gb (0),1,,13,cupy_copy__float32_float32
3988581766,236989,88170,1,1,1,32,32,1,30,0.000,0.000,,,,,NVIDIA A100-SXM4-40GB MIG 4g.20gb (0),1,,13,"void convert_kernel<__half2, float2>(tensor_layout_any, T1 *, tensor_layout_any, const T2 *)"
3988848163,5376,88173,,,,,,,,,,0.094,17428.487,Pinned,Device,NVIDIA A100-SXM4-40GB MIG 4g.20gb (0),1,,13,[CUDA memcpy Host-to-Device]
3988921250,9088,88174,,,,,,,,,,1.547,170182.772,Device,,NVIDIA A100-SXM4-40GB MIG 4g.20gb (0),1,,13,[CUDA memset]
3988933282,3008,88179,,,,,,,,,,0.031,10404.230,Pinned,Device,NVIDIA A100-SXM4-40GB MIG 4g.20gb (0),1,,13,[CUDA memcpy Host-to-Device]
3988938754,9440,88180,,,,,,,,,,0.197,20827.079,Pinned,Device,NVIDIA A100-SXM4-40GB MIG 4g.20gb (0),1,,13,[CUDA memcpy Host-to-Device]
3988976705,42528,88181,273,1,1,8,4,1,39,0.002,0.000,,,,,NVIDIA A100-SXM4-40GB MIG 4g.20gb (0),1,,13,"void channel_eq::eqMmseCoefCompLowMimoKernel<float, float, float, (unsigned int)4, (unsigned int)1, (unsigned int)4>(const channel_eq::_puschRxChEqStatDescr *, channel_eq::_puschRxChEqCoefCompDynDescr)"
3989056128,23648,88182,273,1,1,12,11,1,51,0.002,0.000,,,,,NVIDIA A100-SXM4-40GB MIG 4g.20gb (0),1,,13,"void channel_eq::eqMmseSoftDemapKernel<float, __half, __half, float, (unsigned int)4, (unsigned short)16383>(channel_eq::_puschRxChEqStatDescr *, channel_eq::_puschRxChEqSoftDemapDynDescr)"
3989109792,584665,88183,1,1,1,32,32,1,30,0.000,0.000,,,,,NVIDIA A100-SXM4-40GB MIG 4g.20gb (0),1,,13,"void convert_kernel<float2, __half2>(tensor_layout_any, T1 *, tensor_layout_any, const T2 *)"
3989697049,18784,88195,2253,1,1,128,1,1,16,0.000,0.000,,,,,NVIDIA A100-SXM4-40GB MIG 4g.20gb (0),1,,13,cupy_copy__float16_float16
3989752760,6912,88204,282,1,1,128,1,1,16,0.000,0.000,,,,,NVIDIA A100-SXM4-40GB MIG 4g.20gb (0),1,,13,cupy_copy__complex64_complex64
3989814008,3104,88213,26,1,1,128,1,1,16,0.000,0.000,,,,,NVIDIA A100-SXM4-40GB MIG 4g.20gb (0),1,,13,cupy_copy__float32_float32
3989867703,19456,88222,103,1,1,128,1,1,16,0.000,0.000,,,,,NVIDIA A100-SXM4-40GB MIG 4g.20gb (0),1,,13,cupy_copy__complex64_complex64
3989934454,25760,88232,1434,1,1,128,1,1,16,0.000,0.000,,,,,NVIDIA A100-SXM4-40GB MIG 4g.20gb (0),1,,13,cupy_copy__complex64_complex64
3989999541,245694,88237,1,1,1,32,32,1,30,0.000,0.000,,,,,NVIDIA A100-SXM4-40GB MIG 4g.20gb (0),1,,13,"void convert_kernel<__half2, float2>(tensor_layout_any, T1 *, tensor_layout_any, const T2 *)"
3990274354,6368,88240,,,,,,,,,,0.094,14713.551,Pinned,Device,NVIDIA A100-SXM4-40GB MIG 4g.20gb (0),1,,13,[CUDA memcpy Host-to-Device]
3990319442,637240,88241,,,,,,,,,,456.561,716344.899,Device,,NVIDIA A100-SXM4-40GB MIG 4g.20gb (0),1,,13,[CUDA memset]
3990965834,51328,88246,,,,,,,,,,1.235,24059.179,Pinned,Device,NVIDIA A100-SXM4-40GB MIG 4g.20gb (0),1,,13,[CUDA memcpy Host-to-Device]
3991019626,10432,88247,,,,,,,,,,0.197,18846.450,Pinned,Device,NVIDIA A100-SXM4-40GB MIG 4g.20gb (0),1,,13,[CUDA memcpy Host-to-Device]
3991107561,15456,88248,69,4,1,48,1,1,76,0.002,0.000,,,,,NVIDIA A100-SXM4-40GB MIG 4g.20gb (0),1,,13,"void ch_est::windowedChEstPreNoDftSOfdmKernel<float, __half, float, (unsigned int)2, (unsigned int)1, (unsigned short)4>(ch_est::puschRxChEstStatDescr_t *, ch_est::puschRxChEstDynDescr_t *)"
3991172968,33696,88249,137,2,1,24,2,1,44,0.001,0.001,,,,,NVIDIA A100-SXM4-40GB MIG 4g.20gb (0),1,,13,"void ch_est::chEstFilterNoDftSOfdmDispatchKernel<float, __half, float, (unsigned int)2>(ch_est::puschRxChEstStatDescr_t *, ch_est::puschRxChEstDynDescr_t *)"
3991247047,9216,88250,137,2,1,24,2,1,44,0.001,0.001,,,,,NVIDIA A100-SXM4-40GB MIG 4g.20gb (0),1,,13,"void ch_est::chEstFilterNoDftSOfdmDispatchKernel<float, __half, float, (unsigned int)2>(ch_est::puschRxChEstStatDescr_t *, ch_est::puschRxChEstDynDescr_t *)"
3991302278,4960,88261,103,1,1,128,1,1,16,0.000,0.000,,,,,NVIDIA A100-SXM4-40GB MIG 4g.20gb (0),1,,13,cupy_copy__complex64_complex64
3991308966,26496,88271,1434,1,1,128,1,1,16,0.000,0.000,,,,,NVIDIA A100-SXM4-40GB MIG 4g.20gb (0),1,,13,cupy_copy__complex64_complex64
3991390501,3232,88278,103,1,1,128,1,1,16,0.000,0.000,,,,,NVIDIA A100-SXM4-40GB MIG 4g.20gb (0),1,,13,cupy_copy__complex64_complex64
3991446533,244509,88285,1,1,1,32,32,1,30,0.000,0.000,,,,,NVIDIA A100-SXM4-40GB MIG 4g.20gb (0),1,,13,"void convert_kernel<__half2, float2>(tensor_layout_any, T1 *, tensor_layout_any, const T2 *)"
3991720930,6176,88288,,,,,,,,,,0.094,15170.975,Pinned,Device,NVIDIA A100-SXM4-40GB MIG 4g.20gb (0),1,,13,[CUDA memcpy Host-to-Device]
3991767329,58719,88289,,,,,,,,,,35.810,609842.938,Device,,NVIDIA A100-SXM4-40GB MIG 4g.20gb (0),1,,13,[CUDA memset]
3991829760,1856,88291,,,,,,,,,,0.000,43.103,Pinned,Device,NVIDIA A100-SXM4-40GB MIG 4g.20gb (0),1,,13,[CUDA memcpy Host-to-Device]
3991834048,9536,88292,,,,,,,,,,0.197,20617.298,Pinned,Device,NVIDIA A100-SXM4-40GB MIG 4g.20gb (0),1,,13,[CUDA memcpy Host-to-Device]
3991964575,19136,88293,273,1,1,48,1,1,40,0.000,0.001,,,,,NVIDIA A100-SXM4-40GB MIG 4g.20gb (0),1,,13,"void pusch_noise_intf_est::noiseIntfEstNoDftSOfdmKernel<float, __half, float, float, (unsigned int)2, (unsigned int)1, (unsigned char)4, (unsigned char)4>(pusch_noise_intf_est::puschRxNoiseIntfEstDynDescr)"
3992015774,13280,88304,35,1,1,128,1,1,16,0.000,0.000,,,,,NVIDIA A100-SXM4-40GB MIG 4g.20gb (0),1,,13,cupy_copy__complex64_complex64
3992091997,2976,88313,1,1,1,1,1,1,18,0.000,0.000,,,,,NVIDIA A100-SXM4-40GB MIG 4g.20gb (0),1,,13,cupy_copy__float32_float32
3992097501,1664,88319,,,,,,,,,,0.000,2.404,Device,Pageable,NVIDIA A100-SXM4-40GB MIG 4g.20gb (0),1,,7,[CUDA memcpy Device-to-Host]
3992159453,16703,88330,1434,1,1,128,1,1,16,0.000,0.000,,,,,NVIDIA A100-SXM4-40GB MIG 4g.20gb (0),1,,13,cupy_copy__complex64_complex64
3992238876,3584,88337,103,1,1,128,1,1,16,0.000,0.000,,,,,NVIDIA A100-SXM4-40GB MIG 4g.20gb (0),1,,13,cupy_copy__complex64_complex64
3992319963,7936,88344,35,1,1,128,1,1,16,0.000,0.000,,,,,NVIDIA A100-SXM4-40GB MIG 4g.20gb (0),1,,13,cupy_copy__complex64_complex64
3992378458,2624,88351,1,1,1,1,1,1,18,0.000,0.000,,,,,NVIDIA A100-SXM4-40GB MIG 4g.20gb (0),1,,13,cupy_copy__float32_float32
3992432761,239358,88362,1,1,1,32,32,1,30,0.000,0.000,,,,,NVIDIA A100-SXM4-40GB MIG 4g.20gb (0),1,,13,"void convert_kernel<__half2, float2>(tensor_layout_any, T1 *, tensor_layout_any, const T2 *)"
3992701846,7392,88365,,,,,,,,,,0.094,12675.289,Pinned,Device,NVIDIA A100-SXM4-40GB MIG 4g.20gb (0),1,,13,[CUDA memcpy Host-to-Device]
3992718102,5920,88366,,,,,,,,,,1.547,261252.633,Device,,NVIDIA A100-SXM4-40GB MIG 4g.20gb (0),1,,13,[CUDA memset]
3992724438,3232,88371,,,,,,,,,,0.031,9683.139,Pinned,Device,NVIDIA A100-SXM4-40GB MIG 4g.20gb (0),1,,13,[CUDA memcpy Host-to-Device]
3992730326,10560,88372,,,,,,,,,,0.197,18617.991,Pinned,Device,NVIDIA A100-SXM4-40GB MIG 4g.20gb (0),1,,13,[CUDA memcpy Host-to-Device]
3992777718,29183,88373,273,1,1,8,4,1,39,0.002,0.000,,,,,NVIDIA A100-SXM4-40GB MIG 4g.20gb (0),1,,13,"void channel_eq::eqMmseCoefCompLowMimoKernel<float, float, float, (unsigned int)4, (unsigned int)1, (unsigned int)4>(const channel_eq::_puschRxChEqStatDescr *, channel_eq::_puschRxChEqCoefCompDynDescr)"
3992852469,40479,88374,273,1,1,12,11,1,51,0.002,0.000,,,,,NVIDIA A100-SXM4-40GB MIG 4g.20gb (0),1,,13,"void channel_eq::eqMmseSoftDemapKernel<float, __half, __half, float, (unsigned int)4, (unsigned short)16383>(channel_eq::_puschRxChEqStatDescr *, channel_eq::_puschRxChEqSoftDemapDynDescr)"
3992930004,596249,88375,1,1,1,32,32,1,30,0.000,0.000,,,,,NVIDIA A100-SXM4-40GB MIG 4g.20gb (0),1,,13,"void convert_kernel<float2, __half2>(tensor_layout_any, T1 *, tensor_layout_any, const T2 *)"
3993543725,20703,88387,2253,1,1,128,1,1,16,0.000,0.000,,,,,NVIDIA A100-SXM4-40GB MIG 4g.20gb (0),1,,13,cupy_copy__float16_float16
3993614668,6848,88396,282,1,1,128,1,1,16,0.000,0.000,,,,,NVIDIA A100-SXM4-40GB MIG 4g.20gb (0),1,,13,cupy_copy__complex64_complex64
3993671435,5728,88405,26,1,1,128,1,1,16,0.000,0.000,,,,,NVIDIA A100-SXM4-40GB MIG 4g.20gb (0),1,,13,cupy_copy__float32_float32
3993679371,11360,88414,103,1,1,128,1,1,16,0.000,0.000,,,,,NVIDIA A100-SXM4-40GB MIG 4g.20gb (0),1,,13,cupy_copy__complex64_complex64
3993740714,30368,88424,1434,1,1,128,1,1,16,0.000,0.000,,,,,NVIDIA A100-SXM4-40GB MIG 4g.20gb (0),1,,13,cupy_copy__complex64_complex64
3993810986,246013,88429,1,1,1,32,32,1,30,0.000,0.000,,,,,NVIDIA A100-SXM4-40GB MIG 4g.20gb (0),1,,13,"void convert_kernel<__half2, float2>(tensor_layout_any, T1 *, tensor_layout_any, const T2 *)"
3994086502,6080,88432,,,,,,,,,,0.094,15410.462,Pinned,Device,NVIDIA A100-SXM4-40GB MIG 4g.20gb (0),1,,13,[CUDA memcpy Host-to-Device]
3994133894,635865,88433,,,,,,,,,,456.561,717714.584,Device,,NVIDIA A100-SXM4-40GB MIG 4g.20gb (0),1,,13,[CUDA memset]
3994772415,51871,88438,,,,,,,,,,1.235,23807.250,Pinned,Device,NVIDIA A100-SXM4-40GB MIG 4g.20gb (0),1,,13,[CUDA memcpy Host-to-Device]
3994826718,9376,88439,,,,,,,,,,0.197,20969.226,Pinned,Device,NVIDIA A100-SXM4-40GB MIG 4g.20gb (0),1,,13,[CUDA memcpy Host-to-Device]
3994920797,11936,88440,69,4,1,48,1,1,76,0.002,0.000,,,,,NVIDIA A100-SXM4-40GB MIG 4g.20gb (0),1,,13,"void ch_est::windowedChEstPreNoDftSOfdmKernel<float, __half, float, (unsigned int)2, (unsigned int)1, (unsigned short)4>(ch_est::puschRxChEstStatDescr_t *, ch_est::puschRxChEstDynDescr_t *)"
3994981052,37792,88441,137,2,1,24,2,1,44,0.001,0.001,,,,,NVIDIA A100-SXM4-40GB MIG 4g.20gb (0),1,,13,"void ch_est::chEstFilterNoDftSOfdmDispatchKernel<float, __half, float, (unsigned int)2>(ch_est::puschRxChEstStatDescr_t *, ch_est::puschRxChEstDynDescr_t *)"
3995062523,7520,88442,137,2,1,24,2,1,44,0.001,0.001,,,,,NVIDIA A100-SXM4-40GB MIG 4g.20gb (0),1,,13,"void ch_est::chEstFilterNoDftSOfdmDispatchKernel<float, __half, float, (unsigned int)2>(ch_est::puschRxChEstStatDescr_t *, ch_est::puschRxChEstDynDescr_t *)"
3995112251,7072,88453,103,1,1,128,1,1,16,0.000,0.000,,,,,NVIDIA A100-SXM4-40GB MIG 4g.20gb (0),1,,13,cupy_copy__complex64_complex64
3995192058,22432,88463,1434,1,1,128,1,1,16,0.000,0.000,,,,,NVIDIA A100-SXM4-40GB MIG 4g.20gb (0),1,,13,cupy_copy__complex64_complex64
3995252441,11776,88470,103,1,1,128,1,1,16,0.000,0.000,,,,,NVIDIA A100-SXM4-40GB MIG 4g.20gb (0),1,,13,cupy_copy__complex64_complex64
3995318648,241502,88477,1,1,1,32,32,1,30,0.000,0.000,,,,,NVIDIA A100-SXM4-40GB MIG 4g.20gb (0),1,,13,"void convert_kernel<__half2, float2>(tensor_layout_any, T1 *, tensor_layout_any, const T2 *)"
3995590101,5376,88480,,,,,,,,,,0.094,17428.487,Pinned,Device,NVIDIA A100-SXM4-40GB MIG 4g.20gb (0),1,,13,[CUDA memcpy Host-to-Device]
3995608981,70495,88481,,,,,,,,,,35.810,507963.715,Device,,NVIDIA A100-SXM4-40GB MIG 4g.20gb (0),1,,13,[CUDA memset]
3995684212,2400,88483,,,,,,,,,,0.000,33.333,Pinned,Device,NVIDIA A100-SXM4-40GB MIG 4g.20gb (0),1,,13,[CUDA memcpy Host-to-Device]
3995689492,9440,88484,,,,,,,,,,0.197,20827.079,Pinned,Device,NVIDIA A100-SXM4-40GB MIG 4g.20gb (0),1,,13,[CUDA memcpy Host-to-Device]
3995814899,37023,88485,273,1,1,48,1,1,40,0.000,0.001,,,,,NVIDIA A100-SXM4-40GB MIG 4g.20gb (0),1,,13,"void pusch_noise_intf_est::noiseIntfEstNoDftSOfdmKernel<float, __half, float, float, (unsigned int)2, (unsigned int)1, (unsigned char)4, (unsigned char)4>(pusch_noise_intf_est::puschRxNoiseIntfEstDynDescr)"
3995895314,6848,88496,35,1,1,128,1,1,16,0.000,0.000,,,,,NVIDIA A100-SXM4-40GB MIG 4g.20gb (0),1,,13,cupy_copy__complex64_complex64
3995939761,2496,88505,1,1,1,1,1,1,18,0.000,0.000,,,,,NVIDIA A100-SXM4-40GB MIG 4g.20gb (0),1,,13,cupy_copy__float32_float32
3995948721,1600,88511,,,,,,,,,,0.000,2.500,Device,Pageable,NVIDIA A100-SXM4-40GB MIG 4g.20gb (0),1,,7,[CUDA memcpy Device-to-Host]
3996029744,18336,88522,1434,1,1,128,1,1,16,0.000,0.000,,,,,NVIDIA A100-SXM4-40GB MIG 4g.20gb (0),1,,13,cupy_copy__complex64_complex64
3996108175,7872,88529,103,1,1,128,1,1,16,0.000,0.000,,,,,NVIDIA A100-SXM4-40GB MIG 4g.20gb (0),1,,13,cupy_copy__complex64_complex64
3996168847,3871,88536,35,1,1,128,1,1,16,0.000,0.000,,,,,NVIDIA A100-SXM4-40GB MIG 4g.20gb (0),1,,13,cupy_copy__complex64_complex64
3996174574,2336,88543,1,1,1,1,1,1,18,0.000,0.000,,,,,NVIDIA A100-SXM4-40GB MIG 4g.20gb (0),1,,13,cupy_copy__float32_float32
3996317933,213917,88554,1,1,1,32,32,1,30,0.000,0.000,,,,,NVIDIA A100-SXM4-40GB MIG 4g.20gb (0),1,,13,"void convert_kernel<__half2, float2>(tensor_layout_any, T1 *, tensor_layout_any, const T2 *)"
3996562506,5376,88557,,,,,,,,,,0.094,17428.487,Pinned,Device,NVIDIA A100-SXM4-40GB MIG 4g.20gb (0),1,,13,[CUDA memcpy Host-to-Device]
3996610089,8128,88558,,,,,,,,,,1.547,190282.697,Device,,NVIDIA A100-SXM4-40GB MIG 4g.20gb (0),1,,13,[CUDA memset]
3996619337,3040,88563,,,,,,,,,,0.031,10294.725,Pinned,Device,NVIDIA A100-SXM4-40GB MIG 4g.20gb (0),1,,13,[CUDA memcpy Host-to-Device]
3996624809,9504,88564,,,,,,,,,,0.197,20686.701,Pinned,Device,NVIDIA A100-SXM4-40GB MIG 4g.20gb (0),1,,13,[CUDA memcpy Host-to-Device]
3996638569,6848,88565,273,1,1,8,4,1,39,0.002,0.000,,,,,NVIDIA A100-SXM4-40GB MIG 4g.20gb (0),1,,13,"void channel_eq::eqMmseCoefCompLowMimoKernel<float, float, float, (unsigned int)4, (unsigned int)1, (unsigned int)4>(const channel_eq::_puschRxChEqStatDescr *, channel_eq::_puschRxChEqCoefCompDynDescr)"
3996647145,8064,88566,273,1,1,12,11,1,51,0.002,0.000,,,,,NVIDIA A100-SXM4-40GB MIG 4g.20gb (0),1,,13,"void channel_eq::eqMmseSoftDemapKernel<float, __half, __half, float, (unsigned int)4, (unsigned short)16383>(channel_eq::_puschRxChEqStatDescr *, channel_eq::_puschRxChEqSoftDemapDynDescr)"
3996656841,285629,88567,1,1,1,32,32,1,30,0.000,0.000,,,,,NVIDIA A100-SXM4-40GB MIG 4g.20gb (0),1,,13,"void convert_kernel<float2, __half2>(tensor_layout_any, T1 *, tensor_layout_any, const T2 *)"
3996944742,11615,88579,2253,1,1,128,1,1,16,0.000,0.000,,,,,NVIDIA A100-SXM4-40GB MIG 4g.20gb (0),1,,13,cupy_copy__float16_float16
3996957861,2784,88588,282,1,1,128,1,1,16,0.000,0.000,,,,,NVIDIA A100-SXM4-40GB MIG 4g.20gb (0),1,,13,cupy_copy__complex64_complex64
3996962469,2272,88597,26,1,1,128,1,1,16,0.000,0.000,,,,,NVIDIA A100-SXM4-40GB MIG 4g.20gb (0),1,,13,cupy_copy__float32_float32
3996966501,4352,88606,103,1,1,128,1,1,16,0.000,0.000,,,,,NVIDIA A100-SXM4-40GB MIG 4g.20gb (0),1,,13,cupy_copy__complex64_complex64
3996972485,13312,88616,1434,1,1,128,1,1,16,0.000,0.000,,,,,NVIDIA A100-SXM4-40GB MIG 4g.20gb (0),1,,13,cupy_copy__complex64_complex64
3996987557,86335,88621,1,1,1,32,32,1,30,0.000,0.000,,,,,NVIDIA A100-SXM4-40GB MIG 4g.20gb (0),1,,13,"void convert_kernel<__half2, float2>(tensor_layout_any, T1 *, tensor_layout_any, const T2 *)"
3997108900,6240,88624,,,,,,,,,,0.094,15015.346,Pinned,Device,NVIDIA A100-SXM4-40GB MIG 4g.20gb (0),1,,13,[CUDA memcpy Host-to-Device]
3997119460,620248,88625,,,,,,,,,,456.561,735977.041,Device,,NVIDIA A100-SXM4-40GB MIG 4g.20gb (0),1,,13,[CUDA memset]
3997742428,50304,88630,,,,,,,,,,1.235,24549.452,Pinned,Device,NVIDIA A100-SXM4-40GB MIG 4g.20gb (0),1,,13,[CUDA memcpy Host-to-Device]
3997795388,10016,88631,,,,,,,,,,0.197,19629.343,Pinned,Device,NVIDIA A100-SXM4-40GB MIG 4g.20gb (0),1,,13,[CUDA memcpy Host-to-Device]
3997809884,8320,88632,69,4,1,48,1,1,76,0.002,0.000,,,,,NVIDIA A100-SXM4-40GB MIG 4g.20gb (0),1,,13,"void ch_est::windowedChEstPreNoDftSOfdmKernel<float, __half, float, (unsigned int)2, (unsigned int)1, (unsigned short)4>(ch_est::puschRxChEstStatDescr_t *, ch_est::puschRxChEstDynDescr_t *)"
3997820508,6623,88633,137,2,1,24,2,1,44,0.001,0.001,,,,,NVIDIA A100-SXM4-40GB MIG 4g.20gb (0),1,,13,"void ch_est::chEstFilterNoDftSOfdmDispatchKernel<float, __half, float, (unsigned int)2>(ch_est::puschRxChEstStatDescr_t *, ch_est::puschRxChEstDynDescr_t *)"
3997863675,30176,88634,137,2,1,24,2,1,44,0.001,0.001,,,,,NVIDIA A100-SXM4-40GB MIG 4g.20gb (0),1,,13,"void ch_est::chEstFilterNoDftSOfdmDispatchKernel<float, __half, float, (unsigned int)2>(ch_est::puschRxChEstStatDescr_t *, ch_est::puschRxChEstDynDescr_t *)"
3997895131,2496,88645,103,1,1,128,1,1,16,0.000,0.000,,,,,NVIDIA A100-SXM4-40GB MIG 4g.20gb (0),1,,13,cupy_copy__complex64_complex64
3997899163,12384,88655,1434,1,1,128,1,1,16,0.000,0.000,,,,,NVIDIA A100-SXM4-40GB MIG 4g.20gb (0),1,,13,cupy_copy__complex64_complex64
3997946298,4672,88662,103,1,1,128,1,1,16,0.000,0.000,,,,,NVIDIA A100-SXM4-40GB MIG 4g.20gb (0),1,,13,cupy_copy__complex64_complex64
3997953306,96511,88669,1,1,1,32,32,1,30,0.000,0.000,,,,,NVIDIA A100-SXM4-40GB MIG 4g.20gb (0),1,,13,"void convert_kernel<__half2, float2>(tensor_layout_any, T1 *, tensor_layout_any, const T2 *)"
3998078713,5536,88672,,,,,,,,,,0.094,16924.777,Pinned,Device,NVIDIA A100-SXM4-40GB MIG 4g.20gb (0),1,,13,[CUDA memcpy Host-to-Device]
3998090488,57504,88673,,,,,,,,,,35.810,622734.509,Device,,NVIDIA A100-SXM4-40GB MIG 4g.20gb (0),1,,13,[CUDA memset]
3998153368,1824,88675,,,,,,,,,,0.000,43.860,Pinned,Device,NVIDIA A100-SXM4-40GB MIG 4g.20gb (0),1,,13,[CUDA memcpy Host-to-Device]
3998157816,9728,88676,,,,,,,,,,0.197,20210.516,Pinned,Device,NVIDIA A100-SXM4-40GB MIG 4g.20gb (0),1,,13,[CUDA memcpy Host-to-Device]
3998202423,27488,88677,273,1,1,48,1,1,40,0.000,0.001,,,,,NVIDIA A100-SXM4-40GB MIG 4g.20gb (0),1,,13,"void pusch_noise_intf_est::noiseIntfEstNoDftSOfdmKernel<float, __half, float, float, (unsigned int)2, (unsigned int)1, (unsigned char)4, (unsigned char)4>(pusch_noise_intf_est::puschRxNoiseIntfEstDynDescr)"
3998231191,3200,88688,35,1,1,128,1,1,16,0.000,0.000,,,,,NVIDIA A100-SXM4-40GB MIG 4g.20gb (0),1,,13,cupy_copy__complex64_complex64
3998235831,1760,88697,1,1,1,1,1,1,18,0.000,0.000,,,,,NVIDIA A100-SXM4-40GB MIG 4g.20gb (0),1,,13,cupy_copy__float32_float32
3998241431,1664,88703,,,,,,,,,,0.000,2.404,Device,Pageable,NVIDIA A100-SXM4-40GB MIG 4g.20gb (0),1,,7,[CUDA memcpy Device-to-Host]
3998313878,24160,88714,1434,1,1,128,1,1,16,0.000,0.000,,,,,NVIDIA A100-SXM4-40GB MIG 4g.20gb (0),1,,13,cupy_copy__complex64_complex64
3998341078,2976,88721,103,1,1,128,1,1,16,0.000,0.000,,,,,NVIDIA A100-SXM4-40GB MIG 4g.20gb (0),1,,13,cupy_copy__complex64_complex64
3998383253,7488,88728,35,1,1,128,1,1,16,0.000,0.000,,,,,NVIDIA A100-SXM4-40GB MIG 4g.20gb (0),1,,13,cupy_copy__complex64_complex64
3998392341,2048,88735,1,1,1,1,1,1,18,0.000,0.000,,,,,NVIDIA A100-SXM4-40GB MIG 4g.20gb (0),1,,13,cupy_copy__float32_float32
3998515604,119614,88746,1,1,1,32,32,1,30,0.000,0.000,,,,,NVIDIA A100-SXM4-40GB MIG 4g.20gb (0),1,,13,"void convert_kernel<__half2, float2>(tensor_layout_any, T1 *, tensor_layout_any, const T2 *)"
3998664242,5376,88749,,,,,,,,,,0.094,17428.487,Pinned,Device,NVIDIA A100-SXM4-40GB MIG 4g.20gb (0),1,,13,[CUDA memcpy Host-to-Device]
3998679378,4192,88750,,,,,,,,,,1.547,368945.609,Device,,NVIDIA A100-SXM4-40GB MIG 4g.20gb (0),1,,13,[CUDA memset]
3998685810,3008,88755,,,,,,,,,,0.031,10404.230,Pinned,Device,NVIDIA A100-SXM4-40GB MIG 4g.20gb (0),1,,13,[CUDA memcpy Host-to-Device]
3998690930,9311,88756,,,,,,,,,,0.197,21115.503,Pinned,Device,NVIDIA A100-SXM4-40GB MIG 4g.20gb (0),1,,13,[CUDA memcpy Host-to-Device]
3998713841,6400,88757,273,1,1,8,4,1,39,0.002,0.000,,,,,NVIDIA A100-SXM4-40GB MIG 4g.20gb (0),1,,13,"void channel_eq::eqMmseCoefCompLowMimoKernel<float, float, float, (unsigned int)4, (unsigned int)1, (unsigned int)4>(const channel_eq::_puschRxChEqStatDescr *, channel_eq::_puschRxChEqCoefCompDynDescr)"
3998722001,10080,88758,273,1,1,12,11,1,51,0.002,0.000,,,,,NVIDIA A100-SXM4-40GB MIG 4g.20gb (0),1,,13,"void channel_eq::eqMmseSoftDemapKernel<float, __half, __half, float, (unsigned int)4, (unsigned short)16383>(channel_eq::_puschRxChEqStatDescr *, channel_eq::_puschRxChEqSoftDemapDynDescr)"
3998733713,287645,88759,1,1,1,32,32,1,30,0.000,0.000,,,,,NVIDIA A100-SXM4-40GB MIG 4g.20gb (0),1,,13,"void convert_kernel<float2, __half2>(tensor_layout_any, T1 *, tensor_layout_any, const T2 *)"
3999022958,10752,88771,2253,1,1,128,1,1,16,0.000,0.000,,,,,NVIDIA A100-SXM4-40GB MIG 4g.20gb (0),1,,13,cupy_copy__float16_float16
3999035534,2848,88780,282,1,1,128,1,1,16,0.000,0.000,,,,,NVIDIA A100-SXM4-40GB MIG 4g.20gb (0),1,,13,cupy_copy__complex64_complex64
3999040174,2080,88789,26,1,1,128,1,1,16,0.000,0.000,,,,,NVIDIA A100-SXM4-40GB MIG 4g.20gb (0),1,,13,cupy_copy__float32_float32
3999044237,2944,88798,103,1,1,128,1,1,16,0.000,0.000,,,,,NVIDIA A100-SXM4-40GB MIG 4g.20gb (0),1,,13,cupy_copy__complex64_complex64
3999049357,11712,88808,1434,1,1,128,1,1,16,0.000,0.000,,,,,NVIDIA A100-SXM4-40GB MIG 4g.20gb (0),1,,13,cupy_copy__complex64_complex64
3999103373,127134,88813,1,1,1,32,32,1,30,0.000,0.000,,,,,NVIDIA A100-SXM4-40GB MIG 4g.20gb (0),1,,13,"void convert_kernel<__half2, float2>(tensor_layout_any, T1 *, tensor_layout_any, const T2 *)"
3999259435,6112,88816,,,,,,,,,,0.094,15329.790,Pinned,Device,NVIDIA A100-SXM4-40GB MIG 4g.20gb (0),1,,13,[CUDA memcpy Host-to-Device]
3999360074,618809,88817,,,,,,,,,,456.561,737803.287,Device,,NVIDIA A100-SXM4-40GB MIG 4g.20gb (0),1,,13,[CUDA memset]
3999982691,53855,88822,,,,,,,,,,1.235,22930.440,Pinned,Device,NVIDIA A100-SXM4-40GB MIG 4g.20gb (0),1,,13,[CUDA memcpy Host-to-Device]
4000039042,9824,88823,,,,,,,,,,0.197,20012.925,Pinned,Device,NVIDIA A100-SXM4-40GB MIG 4g.20gb (0),1,,13,[CUDA memcpy Host-to-Device]
4000271199,15200,88824,69,4,1,48,1,1,76,0.002,0.000,,,,,NVIDIA A100-SXM4-40GB MIG 4g.20gb (0),1,,13,"void ch_est::windowedChEstPreNoDftSOfdmKernel<float, __half, float, (unsigned int)2, (unsigned int)1, (unsigned short)4>(ch_est::puschRxChEstStatDescr_t *, ch_est::puschRxChEstDynDescr_t *)"
4000405214,17760,88825,137,2,1,24,2,1,44,0.001,0.001,,,,,NVIDIA A100-SXM4-40GB MIG 4g.20gb (0),1,,13,"void ch_est::chEstFilterNoDftSOfdmDispatchKernel<float, __half, float, (unsigned int)2>(ch_est::puschRxChEstStatDescr_t *, ch_est::puschRxChEstDynDescr_t *)"
4000625403,9568,88826,137,2,1,24,2,1,44,0.001,0.001,,,,,NVIDIA A100-SXM4-40GB MIG 4g.20gb (0),1,,13,"void ch_est::chEstFilterNoDftSOfdmDispatchKernel<float, __half, float, (unsigned int)2>(ch_est::puschRxChEstStatDescr_t *, ch_est::puschRxChEstDynDescr_t *)"
4000732858,6784,88837,103,1,1,128,1,1,16,0.000,0.000,,,,,NVIDIA A100-SXM4-40GB MIG 4g.20gb (0),1,,13,cupy_copy__complex64_complex64
4000741402,19232,88847,1434,1,1,128,1,1,16,0.000,0.000,,,,,NVIDIA A100-SXM4-40GB MIG 4g.20gb (0),1,,13,cupy_copy__complex64_complex64
4000763066,2496,88854,103,1,1,128,1,1,16,0.000,0.000,,,,,NVIDIA A100-SXM4-40GB MIG 4g.20gb (0),1,,13,cupy_copy__complex64_complex64
4000767578,118302,88861,1,1,1,32,32,1,30,0.000,0.000,,,,,NVIDIA A100-SXM4-40GB MIG 4g.20gb (0),1,,13,"void convert_kernel<__half2, float2>(tensor_layout_any, T1 *, tensor_layout_any, const T2 *)"
4000915736,5376,88864,,,,,,,,,,0.094,17428.487,Pinned,Device,NVIDIA A100-SXM4-40GB MIG 4g.20gb (0),1,,13,[CUDA memcpy Host-to-Device]
4001118518,70335,88865,,,,,,,,,,35.810,509109.633,Device,,NVIDIA A100-SXM4-40GB MIG 4g.20gb (0),1,,13,[CUDA memset]
4001191477,1856,88867,,,,,,,,,,0.000,43.103,Pinned,Device,NVIDIA A100-SXM4-40GB MIG 4g.20gb (0),1,,13,[CUDA memcpy Host-to-Device]
4001197205,9984,88868,,,,,,,,,,0.197,19692.257,Pinned,Device,NVIDIA A100-SXM4-40GB MIG 4g.20gb (0),1,,13,[CUDA memcpy Host-to-Device]
4001222708,12704,88869,273,1,1,48,1,1,40,0.000,0.001,,,,,NVIDIA A100-SXM4-40GB MIG 4g.20gb (0),1,,13,"void pusch_noise_intf_est::noiseIntfEstNoDftSOfdmKernel<float, __half, float, float, (unsigned int)2, (unsigned int)1, (unsigned char)4, (unsigned char)4>(pusch_noise_intf_est::puschRxNoiseIntfEstDynDescr)"
4001444914,6080,88880,35,1,1,128,1,1,16,0.000,0.000,,,,,NVIDIA A100-SXM4-40GB MIG 4g.20gb (0),1,,13,cupy_copy__complex64_complex64
4001543985,4096,88889,1,1,1,1,1,1,18,0.000,0.000,,,,,NVIDIA A100-SXM4-40GB MIG 4g.20gb (0),1,,13,cupy_copy__float32_float32
4001548689,1824,88895,,,,,,,,,,0.000,2.193,Device,Pageable,NVIDIA A100-SXM4-40GB MIG 4g.20gb (0),1,,7,[CUDA memcpy Device-to-Host]
4001885965,34751,88906,1434,1,1,128,1,1,16,0.000,0.000,,,,,NVIDIA A100-SXM4-40GB MIG 4g.20gb (0),1,,13,cupy_copy__complex64_complex64
4001926156,3456,88913,103,1,1,128,1,1,16,0.000,0.000,,,,,NVIDIA A100-SXM4-40GB MIG 4g.20gb (0),1,,13,cupy_copy__complex64_complex64
4001970156,8896,88920,35,1,1,128,1,1,16,0.000,0.000,,,,,NVIDIA A100-SXM4-40GB MIG 4g.20gb (0),1,,13,cupy_copy__complex64_complex64
4002175657,4672,88927,1,1,1,1,1,1,18,0.000,0.000,,,,,NVIDIA A100-SXM4-40GB MIG 4g.20gb (0),1,,13,cupy_copy__float32_float32
4002270632,232798,88938,1,1,1,32,32,1,30,0.000,0.000,,,,,NVIDIA A100-SXM4-40GB MIG 4g.20gb (0),1,,13,"void convert_kernel<__half2, float2>(tensor_layout_any, T1 *, tensor_layout_any, const T2 *)"
4002533637,5376,88941,,,,,,,,,,0.094,17428.487,Pinned,Device,NVIDIA A100-SXM4-40GB MIG 4g.20gb (0),1,,13,[CUDA memcpy Host-to-Device]
4002604453,10175,88942,,,,,,,,,,1.547,152002.207,Device,,NVIDIA A100-SXM4-40GB MIG 4g.20gb (0),1,,13,[CUDA memset]
4002620708,3008,88947,,,,,,,,,,0.031,10404.230,Pinned,Device,NVIDIA A100-SXM4-40GB MIG 4g.20gb (0),1,,13,[CUDA memcpy Host-to-Device]
4002626212,9440,88948,,,,,,,,,,0.197,20827.079,Pinned,Device,NVIDIA A100-SXM4-40GB MIG 4g.20gb (0),1,,13,[CUDA memcpy Host-to-Device]
4002938433,40959,88949,273,1,1,8,4,1,39,0.002,0.000,,,,,NVIDIA A100-SXM4-40GB MIG 4g.20gb (0),1,,13,"void channel_eq::eqMmseCoefCompLowMimoKernel<float, float, float, (unsigned int)4, (unsigned int)1, (unsigned int)4>(const channel_eq::_puschRxChEqStatDescr *, channel_eq::_puschRxChEqCoefCompDynDescr)"
4002981888,8448,88950,273,1,1,12,11,1,51,0.002,0.000,,,,,NVIDIA A100-SXM4-40GB MIG 4g.20gb (0),1,,13,"void channel_eq::eqMmseSoftDemapKernel<float, __half, __half, float, (unsigned int)4, (unsigned short)16383>(channel_eq::_puschRxChEqStatDescr *, channel_eq::_puschRxChEqSoftDemapDynDescr)"
4003180062,607833,88951,1,1,1,32,32,1,30,0.000,0.000,,,,,NVIDIA A100-SXM4-40GB MIG 4g.20gb (0),1,,13,"void convert_kernel<float2, __half2>(tensor_layout_any, T1 *, tensor_layout_any, const T2 *)"
4003962133,31808,88963,2253,1,1,128,1,1,16,0.000,0.000,,,,,NVIDIA A100-SXM4-40GB MIG 4g.20gb (0),1,,13,cupy_copy__float16_float16
4003996789,4032,88972,282,1,1,128,1,1,16,0.000,0.000,,,,,NVIDIA A100-SXM4-40GB MIG 4g.20gb (0),1,,13,cupy_copy__complex64_complex64
4004035732,4768,88981,26,1,1,128,1,1,16,0.000,0.000,,,,,NVIDIA A100-SXM4-40GB MIG 4g.20gb (0),1,,13,cupy_copy__float32_float32
4004244914,9856,88990,103,1,1,128,1,1,16,0.000,0.000,,,,,NVIDIA A100-SXM4-40GB MIG 4g.20gb (0),1,,13,cupy_copy__complex64_complex64
4004353392,34912,89000,1434,1,1,128,1,1,16,0.000,0.000,,,,,NVIDIA A100-SXM4-40GB MIG 4g.20gb (0),1,,13,cupy_copy__complex64_complex64
4004389744,118463,89005,1,1,1,32,32,1,30,0.000,0.000,,,,,NVIDIA A100-SXM4-40GB MIG 4g.20gb (0),1,,13,"void convert_kernel<__half2, float2>(tensor_layout_any, T1 *, tensor_layout_any, const T2 *)"
4004538734,5376,89008,,,,,,,,,,0.094,17428.487,Pinned,Device,NVIDIA A100-SXM4-40GB MIG 4g.20gb (0),1,,13,[CUDA memcpy Host-to-Device]
4004758892,641432,89009,,,,,,,,,,456.561,711779.285,Device,,NVIDIA A100-SXM4-40GB MIG 4g.20gb (0),1,,13,[CUDA memset]
4005406852,50912,89014,,,,,,,,,,1.235,24255.535,Pinned,Device,NVIDIA A100-SXM4-40GB MIG 4g.20gb (0),1,,13,[CUDA memcpy Host-to-Device]
4005460228,9600,89015,,,,,,,,,,0.197,20479.869,Pinned,Device,NVIDIA A100-SXM4-40GB MIG 4g.20gb (0),1,,13,[CUDA memcpy Host-to-Device]
4005703585,16256,89016,69,4,1,48,1,1,76,0.002,0.000,,,,,NVIDIA A100-SXM4-40GB MIG 4g.20gb (0),1,,13,"void ch_est::windowedChEstPreNoDftSOfdmKernel<float, __half, float, (unsigned int)2, (unsigned int)1, (unsigned short)4>(ch_est::puschRxChEstStatDescr_t *, ch_est::puschRxChEstDynDescr_t *)"
4005824544,19071,89017,137,2,1,24,2,1,44,0.001,0.001,,,,,NVIDIA A100-SXM4-40GB MIG 4g.20gb (0),1,,13,"void ch_est::chEstFilterNoDftSOfdmDispatchKernel<float, __half, float, (unsigned int)2>(ch_est::puschRxChEstStatDescr_t *, ch_est::puschRxChEstDynDescr_t *)"
4006032349,12128,89018,137,2,1,24,2,1,44,0.001,0.001,,,,,NVIDIA A100-SXM4-40GB MIG 4g.20gb (0),1,,13,"void ch_est::chEstFilterNoDftSOfdmDispatchKernel<float, __half, float, (unsigned int)2>(ch_est::puschRxChEstStatDescr_t *, ch_est::puschRxChEstDynDescr_t *)"
4006131004,8640,89029,103,1,1,128,1,1,16,0.000,0.000,,,,,NVIDIA A100-SXM4-40GB MIG 4g.20gb (0),1,,13,cupy_copy__complex64_complex64
4006142364,24224,89039,1434,1,1,128,1,1,16,0.000,0.000,,,,,NVIDIA A100-SXM4-40GB MIG 4g.20gb (0),1,,13,cupy_copy__complex64_complex64
4006167964,2592,89046,103,1,1,128,1,1,16,0.000,0.000,,,,,NVIDIA A100-SXM4-40GB MIG 4g.20gb (0),1,,13,cupy_copy__complex64_complex64
4006172092,121694,89053,1,1,1,32,32,1,30,0.000,0.000,,,,,NVIDIA A100-SXM4-40GB MIG 4g.20gb (0),1,,13,"void convert_kernel<__half2, float2>(tensor_layout_any, T1 *, tensor_layout_any, const T2 *)"
4006323610,5600,89056,,,,,,,,,,0.094,16731.388,Pinned,Device,NVIDIA A100-SXM4-40GB MIG 4g.20gb (0),1,,13,[CUDA memcpy Host-to-Device]
4006529175,68320,89057,,,,,,,,,,35.810,524149.799,Device,,NVIDIA A100-SXM4-40GB MIG 4g.20gb (0),1,,13,[CUDA memset]
4006601975,1824,89059,,,,,,,,,,0.000,43.860,Pinned,Device,NVIDIA A100-SXM4-40GB MIG 4g.20gb (0),1,,13,[CUDA memcpy Host-to-Device]
4006606679,10975,89060,,,,,,,,,,0.197,17914.135,Pinned,Device,NVIDIA A100-SXM4-40GB MIG 4g.20gb (0),1,,13,[CUDA memcpy Host-to-Device]
4006639542,16640,89061,273,1,1,48,1,1,40,0.000,0.001,,,,,NVIDIA A100-SXM4-40GB MIG 4g.20gb (0),1,,13,"void pusch_noise_intf_est::noiseIntfEstNoDftSOfdmKernel<float, __half, float, float, (unsigned int)2, (unsigned int)1, (unsigned char)4, (unsigned char)4>(pusch_noise_intf_est::puschRxNoiseIntfEstDynDescr)"
4006855476,5568,89072,35,1,1,128,1,1,16,0.000,0.000,,,,,NVIDIA A100-SXM4-40GB MIG 4g.20gb (0),1,,13,cupy_copy__complex64_complex64
4006952339,3200,89081,1,1,1,1,1,1,18,0.000,0.000,,,,,NVIDIA A100-SXM4-40GB MIG 4g.20gb (0),1,,13,cupy_copy__float32_float32
4006957619,1951,89087,,,,,,,,,,0.000,2.050,Device,Pageable,NVIDIA A100-SXM4-40GB MIG 4g.20gb (0),1,,7,[CUDA memcpy Device-to-Host]
4007289199,34815,89098,1434,1,1,128,1,1,16,0.000,0.000,,,,,NVIDIA A100-SXM4-40GB MIG 4g.20gb (0),1,,13,cupy_copy__complex64_complex64
4007325774,4288,89105,103,1,1,128,1,1,16,0.000,0.000,,,,,NVIDIA A100-SXM4-40GB MIG 4g.20gb (0),1,,13,cupy_copy__complex64_complex64
4007331918,3072,89112,35,1,1,128,1,1,16,0.000,0.000,,,,,NVIDIA A100-SXM4-40GB MIG 4g.20gb (0),1,,13,cupy_copy__complex64_complex64
4007339598,2048,89119,1,1,1,1,1,1,18,0.000,0.000,,,,,NVIDIA A100-SXM4-40GB MIG 4g.20gb (0),1,,13,cupy_copy__float32_float32
4007396845,219646,89130,1,1,1,32,32,1,30,0.000,0.000,,,,,NVIDIA A100-SXM4-40GB MIG 4g.20gb (0),1,,13,"void convert_kernel<__half2, float2>(tensor_layout_any, T1 *, tensor_layout_any, const T2 *)"
4007646315,5376,89133,,,,,,,,,,0.094,17428.487,Pinned,Device,NVIDIA A100-SXM4-40GB MIG 4g.20gb (0),1,,13,[CUDA memcpy Host-to-Device]
4007712554,5824,89134,,,,,,,,,,1.547,265559.981,Device,,NVIDIA A100-SXM4-40GB MIG 4g.20gb (0),1,,13,[CUDA memset]
4007722090,3232,89139,,,,,,,,,,0.031,9683.139,Pinned,Device,NVIDIA A100-SXM4-40GB MIG 4g.20gb (0),1,,13,[CUDA memcpy Host-to-Device]
4007727754,10208,89140,,,,,,,,,,0.197,19260.113,Pinned,Device,NVIDIA A100-SXM4-40GB MIG 4g.20gb (0),1,,13,[CUDA memcpy Host-to-Device]
4007921543,13184,89141,273,1,1,8,4,1,39,0.002,0.000,,,,,NVIDIA A100-SXM4-40GB MIG 4g.20gb (0),1,,13,"void channel_eq::eqMmseCoefCompLowMimoKernel<float, float, float, (unsigned int)4, (unsigned int)1, (unsigned int)4>(const channel_eq::_puschRxChEqStatDescr *, channel_eq::_puschRxChEqCoefCompDynDescr)"
4008017158,23424,89142,273,1,1,12,11,1,51,0.002,0.000,,,,,NVIDIA A100-SXM4-40GB MIG 4g.20gb (0),1,,13,"void channel_eq::eqMmseSoftDemapKernel<float, __half, __half, float, (unsigned int)4, (unsigned short)16383>(channel_eq::_puschRxChEqStatDescr *, channel_eq::_puschRxChEqSoftDemapDynDescr)"
4008043110,535194,89143,1,1,1,32,32,1,30,0.000,0.000,,,,,NVIDIA A100-SXM4-40GB MIG 4g.20gb (0),1,,13,"void convert_kernel<float2, __half2>(tensor_layout_any, T1 *, tensor_layout_any, const T2 *)"
4008686047,24959,89155,2253,1,1,128,1,1,16,0.000,0.000,,,,,NVIDIA A100-SXM4-40GB MIG 4g.20gb (0),1,,13,cupy_copy__float16_float16
4008713310,4096,89164,282,1,1,128,1,1,16,0.000,0.000,,,,,NVIDIA A100-SXM4-40GB MIG 4g.20gb (0),1,,13,cupy_copy__complex64_complex64
4008756062,4096,89173,26,1,1,128,1,1,16,0.000,0.000,,,,,NVIDIA A100-SXM4-40GB MIG 4g.20gb (0),1,,13,cupy_copy__float32_float32
4008974203,9184,89182,103,1,1,128,1,1,16,0.000,0.000,,,,,NVIDIA A100-SXM4-40GB MIG 4g.20gb (0),1,,13,cupy_copy__complex64_complex64
4009069850,36256,89192,1434,1,1,128,1,1,16,0.000,0.000,,,,,NVIDIA A100-SXM4-40GB MIG 4g.20gb (0),1,,13,cupy_copy__complex64_complex64
4009108602,130654,89197,1,1,1,32,32,1,30,0.000,0.000,,,,,NVIDIA A100-SXM4-40GB MIG 4g.20gb (0),1,,13,"void convert_kernel<__half2, float2>(tensor_layout_any, T1 *, tensor_layout_any, const T2 *)"
4009269208,5376,89200,,,,,,,,,,0.094,17428.487,Pinned,Device,NVIDIA A100-SXM4-40GB MIG 4g.20gb (0),1,,13,[CUDA memcpy Host-to-Device]
4009446518,639833,89201,,,,,,,,,,456.561,713148.969,Device,,NVIDIA A100-SXM4-40GB MIG 4g.20gb (0),1,,13,[CUDA memset]
4010089327,52479,89206,,,,,,,,,,1.235,23531.858,Pinned,Device,NVIDIA A100-SXM4-40GB MIG 4g.20gb (0),1,,13,[CUDA memcpy Host-to-Device]
4010144238,9312,89207,,,,,,,,,,0.197,21113.340,Pinned,Device,NVIDIA A100-SXM4-40GB MIG 4g.20gb (0),1,,13,[CUDA memcpy Host-to-Device]
4010421611,21887,89208,69,4,1,48,1,1,76,0.002,0.000,,,,,NVIDIA A100-SXM4-40GB MIG 4g.20gb (0),1,,13,"void ch_est::windowedChEstPreNoDftSOfdmKernel<float, __half, float, (unsigned int)2, (unsigned int)1, (unsigned short)4>(ch_est::puschRxChEstStatDescr_t *, ch_est::puschRxChEstDynDescr_t *)"
4010634312,13824,89209,137,2,1,24,2,1,44,0.001,0.001,,,,,NVIDIA A100-SXM4-40GB MIG 4g.20gb (0),1,,13,"void ch_est::chEstFilterNoDftSOfdmDispatchKernel<float, __half, float, (unsigned int)2>(ch_est::puschRxChEstStatDescr_t *, ch_est::puschRxChEstDynDescr_t *)"
4010739943,28096,89210,137,2,1,24,2,1,44,0.001,0.001,,,,,NVIDIA A100-SXM4-40GB MIG 4g.20gb (0),1,,13,"void ch_est::chEstFilterNoDftSOfdmDispatchKernel<float, __half, float, (unsigned int)2>(ch_est::puschRxChEstStatDescr_t *, ch_est::puschRxChEstDynDescr_t *)"
4010971108,6624,89221,103,1,1,128,1,1,16,0.000,0.000,,,,,NVIDIA A100-SXM4-40GB MIG 4g.20gb (0),1,,13,cupy_copy__complex64_complex64
4011072195,38816,89231,1434,1,1,128,1,1,16,0.000,0.000,,,,,NVIDIA A100-SXM4-40GB MIG 4g.20gb (0),1,,13,cupy_copy__complex64_complex64
4011112675,3488,89238,103,1,1,128,1,1,16,0.000,0.000,,,,,NVIDIA A100-SXM4-40GB MIG 4g.20gb (0),1,,13,cupy_copy__complex64_complex64
4011154914,231550,89245,1,1,1,32,32,1,30,0.000,0.000,,,,,NVIDIA A100-SXM4-40GB MIG 4g.20gb (0),1,,13,"void convert_kernel<__half2, float2>(tensor_layout_any, T1 *, tensor_layout_any, const T2 *)"
4011415519,5376,89248,,,,,,,,,,0.094,17428.487,Pinned,Device,NVIDIA A100-SXM4-40GB MIG 4g.20gb (0),1,,13,[CUDA memcpy Host-to-Device]
4011466687,72735,89249,,,,,,,,,,35.810,492314.780,Device,,NVIDIA A100-SXM4-40GB MIG 4g.20gb (0),1,,13,[CUDA memset]
4011543038,1952,89251,,,,,,,,,,0.000,40.984,Pinned,Device,NVIDIA A100-SXM4-40GB MIG 4g.20gb (0),1,,13,[CUDA memcpy Host-to-Device]
4011547422,9888,89252,,,,,,,,,,0.197,19883.360,Pinned,Device,NVIDIA A100-SXM4-40GB MIG 4g.20gb (0),1,,13,[CUDA memcpy Host-to-Device]
4011587869,20192,89253,273,1,1,48,1,1,40,0.000,0.001,,,,,NVIDIA A100-SXM4-40GB MIG 4g.20gb (0),1,,13,"void pusch_noise_intf_est::noiseIntfEstNoDftSOfdmKernel<float, __half, float, float, (unsigned int)2, (unsigned int)1, (unsigned char)4, (unsigned char)4>(pusch_noise_intf_est::puschRxNoiseIntfEstDynDescr)"
4011801851,8000,89264,35,1,1,128,1,1,16,0.000,0.000,,,,,NVIDIA A100-SXM4-40GB MIG 4g.20gb (0),1,,13,cupy_copy__complex64_complex64
4011914106,3200,89273,1,1,1,1,1,1,18,0.000,0.000,,,,,NVIDIA A100-SXM4-40GB MIG 4g.20gb (0),1,,13,cupy_copy__float32_float32
4011918329,1856,89279,,,,,,,,,,0.000,2.155,Device,Pageable,NVIDIA A100-SXM4-40GB MIG 4g.20gb (0),1,,7,[CUDA memcpy Device-to-Host]
4012212630,34368,89290,1434,1,1,128,1,1,16,0.000,0.000,,,,,NVIDIA A100-SXM4-40GB MIG 4g.20gb (0),1,,13,cupy_copy__complex64_complex64
4012249206,3616,89297,103,1,1,128,1,1,16,0.000,0.000,,,,,NVIDIA A100-SXM4-40GB MIG 4g.20gb (0),1,,13,cupy_copy__complex64_complex64
4012290389,7424,89304,35,1,1,128,1,1,16,0.000,0.000,,,,,NVIDIA A100-SXM4-40GB MIG 4g.20gb (0),1,,13,cupy_copy__complex64_complex64
4012503155,4384,89311,1,1,1,1,1,1,18,0.000,0.000,,,,,NVIDIA A100-SXM4-40GB MIG 4g.20gb (0),1,,13,cupy_copy__float32_float32
4012596562,240509,89322,1,1,1,32,32,1,30,0.000,0.000,,,,,NVIDIA A100-SXM4-40GB MIG 4g.20gb (0),1,,13,"void convert_kernel<__half2, float2>(tensor_layout_any, T1 *, tensor_layout_any, const T2 *)"
4012867854,5376,89325,,,,,,,,,,0.094,17428.487,Pinned,Device,NVIDIA A100-SXM4-40GB MIG 4g.20gb (0),1,,13,[CUDA memcpy Host-to-Device]
4012930765,11552,89326,,,,,,,,,,1.547,133883.507,Device,,NVIDIA A100-SXM4-40GB MIG 4g.20gb (0),1,,13,[CUDA memset]
4012945901,3040,89331,,,,,,,,,,0.031,10294.725,Pinned,Device,NVIDIA A100-SXM4-40GB MIG 4g.20gb (0),1,,13,[CUDA memcpy Host-to-Device]
4012951373,9472,89332,,,,,,,,,,0.197,20756.693,Pinned,Device,NVIDIA A100-SXM4-40GB MIG 4g.20gb (0),1,,13,[CUDA memcpy Host-to-Device]
4012965485,7712,89333,273,1,1,8,4,1,39,0.002,0.000,,,,,NVIDIA A100-SXM4-40GB MIG 4g.20gb (0),1,,13,"void channel_eq::eqMmseCoefCompLowMimoKernel<float, float, float, (unsigned int)4, (unsigned int)1, (unsigned int)4>(const channel_eq::_puschRxChEqStatDescr *, channel_eq::_puschRxChEqCoefCompDynDescr)"
4013253578,18783,89334,273,1,1,12,11,1,51,0.002,0.000,,,,,NVIDIA A100-SXM4-40GB MIG 4g.20gb (0),1,,13,"void channel_eq::eqMmseSoftDemapKernel<float, __half, __half, float, (unsigned int)4, (unsigned short)16383>(channel_eq::_puschRxChEqStatDescr *, channel_eq::_puschRxChEqSoftDemapDynDescr)"
4013369992,626777,89335,1,1,1,32,32,1,30,0.000,0.000,,,,,NVIDIA A100-SXM4-40GB MIG 4g.20gb (0),1,,13,"void convert_kernel<float2, __half2>(tensor_layout_any, T1 *, tensor_layout_any, const T2 *)"
4014034401,32031,89347,2253,1,1,128,1,1,16,0.000,0.000,,,,,NVIDIA A100-SXM4-40GB MIG 4g.20gb (0),1,,13,cupy_copy__float16_float16
4014316541,6464,89356,282,1,1,128,1,1,16,0.000,0.000,,,,,NVIDIA A100-SXM4-40GB MIG 4g.20gb (0),1,,13,cupy_copy__complex64_complex64
4014412476,6816,89365,26,1,1,128,1,1,16,0.000,0.000,,,,,NVIDIA A100-SXM4-40GB MIG 4g.20gb (0),1,,13,cupy_copy__float32_float32
4014420572,8672,89374,103,1,1,128,1,1,16,0.000,0.000,,,,,NVIDIA A100-SXM4-40GB MIG 4g.20gb (0),1,,13,cupy_copy__complex64_complex64
4014430876,20416,89384,1434,1,1,128,1,1,16,0.000,0.000,,,,,NVIDIA A100-SXM4-40GB MIG 4g.20gb (0),1,,13,cupy_copy__complex64_complex64
4014453052,128094,89389,1,1,1,32,32,1,30,0.000,0.000,,,,,NVIDIA A100-SXM4-40GB MIG 4g.20gb (0),1,,13,"void convert_kernel<__half2, float2>(tensor_layout_any, T1 *, tensor_layout_any, const T2 *)"
4014611482,5408,89392,,,,,,,,,,0.094,17325.421,Pinned,Device,NVIDIA A100-SXM4-40GB MIG 4g.20gb (0),1,,13,[CUDA memcpy Host-to-Device]
4014815096,639096,89393,,,,,,,,,,456.561,714062.092,Device,,NVIDIA A100-SXM4-40GB MIG 4g.20gb (0),1,,13,[CUDA memset]
4015456112,50496,89398,,,,,,,,,,1.235,24455.596,Pinned,Device,NVIDIA A100-SXM4-40GB MIG 4g.20gb (0),1,,13,[CUDA memcpy Host-to-Device]
4015509072,11488,89399,,,,,,,,,,0.197,17114.137,Pinned,Device,NVIDIA A100-SXM4-40GB MIG 4g.20gb (0),1,,13,[CUDA memcpy Host-to-Device]
4015745357,17984,89400,69,4,1,48,1,1,76,0.002,0.000,,,,,NVIDIA A100-SXM4-40GB MIG 4g.20gb (0),1,,13,"void ch_est::windowedChEstPreNoDftSOfdmKernel<float, __half, float, (unsigned int)2, (unsigned int)1, (unsigned short)4>(ch_est::puschRxChEstStatDescr_t *, ch_est::puschRxChEstDynDescr_t *)"
4015858028,30911,89401,137,2,1,24,2,1,44,0.001,0.001,,,,,NVIDIA A100-SXM4-40GB MIG 4g.20gb (0),1,,13,"void ch_est::chEstFilterNoDftSOfdmDispatchKernel<float, __half, float, (unsigned int)2>(ch_est::puschRxChEstStatDescr_t *, ch_est::puschRxChEstDynDescr_t *)"
4016070697,12576,89402,137,2,1,24,2,1,44,0.001,0.001,,,,,NVIDIA A100-SXM4-40GB MIG 4g.20gb (0),1,,13,"void ch_est::chEstFilterNoDftSOfdmDispatchKernel<float, __half, float, (unsigned int)2>(ch_est::puschRxChEstStatDescr_t *, ch_est::puschRxChEstDynDescr_t *)"
4016173704,8928,89413,103,1,1,128,1,1,16,0.000,0.000,,,,,NVIDIA A100-SXM4-40GB MIG 4g.20gb (0),1,,13,cupy_copy__complex64_complex64
4016184584,24576,89423,1434,1,1,128,1,1,16,0.000,0.000,,,,,NVIDIA A100-SXM4-40GB MIG 4g.20gb (0),1,,13,cupy_copy__complex64_complex64
4016210152,2368,89430,103,1,1,128,1,1,16,0.000,0.000,,,,,NVIDIA A100-SXM4-40GB MIG 4g.20gb (0),1,,13,cupy_copy__complex64_complex64
4016214312,119838,89437,1,1,1,32,32,1,30,0.000,0.000,,,,,NVIDIA A100-SXM4-40GB MIG 4g.20gb (0),1,,13,"void convert_kernel<__half2, float2>(tensor_layout_any, T1 *, tensor_layout_any, const T2 *)"
4016364838,5952,89440,,,,,,,,,,0.094,15741.865,Pinned,Device,NVIDIA A100-SXM4-40GB MIG 4g.20gb (0),1,,13,[CUDA memcpy Host-to-Device]
4016571395,73120,89441,,,,,,,,,,35.810,489736.466,Device,,NVIDIA A100-SXM4-40GB MIG 4g.20gb (0),1,,13,[CUDA memset]
4016653474,1824,89443,,,,,,,,,,0.000,43.860,Pinned,Device,NVIDIA A100-SXM4-40GB MIG 4g.20gb (0),1,,13,[CUDA memcpy Host-to-Device]
4016657986,9888,89444,,,,,,,,,,0.197,19883.360,Pinned,Device,NVIDIA A100-SXM4-40GB MIG 4g.20gb (0),1,,13,[CUDA memcpy Host-to-Device]
4016952831,29440,89445,273,1,1,48,1,1,40,0.000,0.001,,,,,NVIDIA A100-SXM4-40GB MIG 4g.20gb (0),1,,13,"void pusch_noise_intf_est::noiseIntfEstNoDftSOfdmKernel<float, __half, float, float, (unsigned int)2, (unsigned int)1, (unsigned char)4, (unsigned char)4>(pusch_noise_intf_est::puschRxNoiseIntfEstDynDescr)"
4017167965,6207,89456,35,1,1,128,1,1,16,0.000,0.000,,,,,NVIDIA A100-SXM4-40GB MIG 4g.20gb (0),1,,13,cupy_copy__complex64_complex64
4017263931,4672,89465,1,1,1,1,1,1,18,0.000,0.000,,,,,NVIDIA A100-SXM4-40GB MIG 4g.20gb (0),1,,13,cupy_copy__float32_float32
4017270779,1632,89471,,,,,,,,,,0.000,2.451,Device,Pageable,NVIDIA A100-SXM4-40GB MIG 4g.20gb (0),1,,7,[CUDA memcpy Device-to-Host]
4017575096,38239,89482,1434,1,1,128,1,1,16,0.000,0.000,,,,,NVIDIA A100-SXM4-40GB MIG 4g.20gb (0),1,,13,cupy_copy__complex64_complex64
4017615863,3712,89489,103,1,1,128,1,1,16,0.000,0.000,,,,,NVIDIA A100-SXM4-40GB MIG 4g.20gb (0),1,,13,cupy_copy__complex64_complex64
4017665463,8224,89496,35,1,1,128,1,1,16,0.000,0.000,,,,,NVIDIA A100-SXM4-40GB MIG 4g.20gb (0),1,,13,cupy_copy__complex64_complex64
4017880340,4704,89503,1,1,1,1,1,1,18,0.000,0.000,,,,,NVIDIA A100-SXM4-40GB MIG 4g.20gb (0),1,,13,cupy_copy__float32_float32
4017987283,236573,89514,1,1,1,32,32,1,30,0.000,0.000,,,,,NVIDIA A100-SXM4-40GB MIG 4g.20gb (0),1,,13,"void convert_kernel<__half2, float2>(tensor_layout_any, T1 *, tensor_layout_any, const T2 *)"
4018253360,5376,89517,,,,,,,,,,0.094,17428.487,Pinned,Device,NVIDIA A100-SXM4-40GB MIG 4g.20gb (0),1,,13,[CUDA memcpy Host-to-Device]
4018308879,10752,89518,,,,,,,,,,1.547,143843.765,Device,,NVIDIA A100-SXM4-40GB MIG 4g.20gb (0),1,,13,[CUDA memset]
4018322895,2976,89523,,,,,,,,,,0.031,10516.113,Pinned,Device,NVIDIA A100-SXM4-40GB MIG 4g.20gb (0),1,,13,[CUDA memcpy Host-to-Device]
4018328367,9600,89524,,,,,,,,,,0.197,20479.869,Pinned,Device,NVIDIA A100-SXM4-40GB MIG 4g.20gb (0),1,,13,[CUDA memcpy Host-to-Device]
4018621996,42687,89525,273,1,1,8,4,1,39,0.002,0.000,,,,,NVIDIA A100-SXM4-40GB MIG 4g.20gb (0),1,,13,"void channel_eq::eqMmseCoefCompLowMimoKernel<float, float, float, (unsigned int)4, (unsigned int)1, (unsigned int)4>(const channel_eq::_puschRxChEqStatDescr *, channel_eq::_puschRxChEqCoefCompDynDescr)"
4018855305,17952,89526,273,1,1,12,11,1,51,0.002,0.000,,,,,NVIDIA A100-SXM4-40GB MIG 4g.20gb (0),1,,13,"void channel_eq::eqMmseSoftDemapKernel<float, __half, __half, float, (unsigned int)4, (unsigned short)16383>(channel_eq::_puschRxChEqStatDescr *, channel_eq::_puschRxChEqSoftDemapDynDescr)"
4018955432,583705,89527,1,1,1,32,32,1,30,0.000,0.000,,,,,NVIDIA A100-SXM4-40GB MIG 4g.20gb (0),1,,13,"void convert_kernel<float2, __half2>(tensor_layout_any, T1 *, tensor_layout_any, const T2 *)"
4019646400,26048,89539,2253,1,1,128,1,1,16,0.000,0.000,,,,,NVIDIA A100-SXM4-40GB MIG 4g.20gb (0),1,,13,cupy_copy__float16_float16
4019674976,4480,89548,282,1,1,128,1,1,16,0.000,0.000,,,,,NVIDIA A100-SXM4-40GB MIG 4g.20gb (0),1,,13,cupy_copy__complex64_complex64
4019712959,4928,89557,26,1,1,128,1,1,16,0.000,0.000,,,,,NVIDIA A100-SXM4-40GB MIG 4g.20gb (0),1,,13,cupy_copy__float32_float32
4019923133,9312,89566,103,1,1,128,1,1,16,0.000,0.000,,,,,NVIDIA A100-SXM4-40GB MIG 4g.20gb (0),1,,13,cupy_copy__complex64_complex64
4020017596,34047,89576,1434,1,1,128,1,1,16,0.000,0.000,,,,,NVIDIA A100-SXM4-40GB MIG 4g.20gb (0),1,,13,cupy_copy__complex64_complex64
4020053595,116255,89581,1,1,1,32,32,1,30,0.000,0.000,,,,,NVIDIA A100-SXM4-40GB MIG 4g.20gb (0),1,,13,"void convert_kernel<__half2, float2>(tensor_layout_any, T1 *, tensor_layout_any, const T2 *)"
4020202138,5375,89584,,,,,,,,,,0.094,17431.766,Pinned,Device,NVIDIA A100-SXM4-40GB MIG 4g.20gb (0),1,,13,[CUDA memcpy Host-to-Device]
4020407991,635609,89585,,,,,,,,,,456.561,718171.145,Device,,NVIDIA A100-SXM4-40GB MIG 4g.20gb (0),1,,13,[CUDA memset]
4021049680,50719,89590,,,,,,,,,,1.235,24348.156,Pinned,Device,NVIDIA A100-SXM4-40GB MIG 4g.20gb (0),1,,13,[CUDA memcpy Host-to-Device]
4021103215,10336,89591,,,,,,,,,,0.197,19021.627,Pinned,Device,NVIDIA A100-SXM4-40GB MIG 4g.20gb (0),1,,13,[CUDA memcpy Host-to-Device]
4021338092,15904,89592,69,4,1,48,1,1,76,0.002,0.000,,,,,NVIDIA A100-SXM4-40GB MIG 4g.20gb (0),1,,13,"void ch_est::windowedChEstPreNoDftSOfdmKernel<float, __half, float, (unsigned int)2, (unsigned int)1, (unsigned short)4>(ch_est::puschRxChEstStatDescr_t *, ch_est::puschRxChEstDynDescr_t *)"
4021458283,18592,89593,137,2,1,24,2,1,44,0.001,0.001,,,,,NVIDIA A100-SXM4-40GB MIG 4g.20gb (0),1,,13,"void ch_est::chEstFilterNoDftSOfdmDispatchKernel<float, __half, float, (unsigned int)2>(ch_est::puschRxChEstStatDescr_t *, ch_est::puschRxChEstDynDescr_t *)"
4021478795,5056,89594,137,2,1,24,2,1,44,0.001,0.001,,,,,NVIDIA A100-SXM4-40GB MIG 4g.20gb (0),1,,13,"void ch_est::chEstFilterNoDftSOfdmDispatchKernel<float, __half, float, (unsigned int)2>(ch_est::puschRxChEstStatDescr_t *, ch_est::puschRxChEstDynDescr_t *)"
4021665577,6688,89605,103,1,1,128,1,1,16,0.000,0.000,,,,,NVIDIA A100-SXM4-40GB MIG 4g.20gb (0),1,,13,cupy_copy__complex64_complex64
4021759816,36287,89615,1434,1,1,128,1,1,16,0.000,0.000,,,,,NVIDIA A100-SXM4-40GB MIG 4g.20gb (0),1,,13,cupy_copy__complex64_complex64
4021797703,3488,89622,103,1,1,128,1,1,16,0.000,0.000,,,,,NVIDIA A100-SXM4-40GB MIG 4g.20gb (0),1,,13,cupy_copy__complex64_complex64
4021803495,128991,89629,1,1,1,32,32,1,30,0.000,0.000,,,,,NVIDIA A100-SXM4-40GB MIG 4g.20gb (0),1,,13,"void convert_kernel<__half2, float2>(tensor_layout_any, T1 *, tensor_layout_any, const T2 *)"
4021967493,5376,89632,,,,,,,,,,0.094,17428.487,Pinned,Device,NVIDIA A100-SXM4-40GB MIG 4g.20gb (0),1,,13,[CUDA memcpy Host-to-Device]
4022167779,68031,89633,,,,,,,,,,35.810,526370.014,Device,,NVIDIA A100-SXM4-40GB MIG 4g.20gb (0),1,,13,[CUDA memset]
4022241218,2080,89635,,,,,,,,,,0.000,38.462,Pinned,Device,NVIDIA A100-SXM4-40GB MIG 4g.20gb (0),1,,13,[CUDA memcpy Host-to-Device]
4022246306,9824,89636,,,,,,,,,,0.197,20012.925,Pinned,Device,NVIDIA A100-SXM4-40GB MIG 4g.20gb (0),1,,13,[CUDA memcpy Host-to-Device]
4022495231,15424,89637,273,1,1,48,1,1,40,0.000,0.001,,,,,NVIDIA A100-SXM4-40GB MIG 4g.20gb (0),1,,13,"void pusch_noise_intf_est::noiseIntfEstNoDftSOfdmKernel<float, __half, float, float, (unsigned int)2, (unsigned int)1, (unsigned char)4, (unsigned char)4>(pusch_noise_intf_est::puschRxNoiseIntfEstDynDescr)"
4022586718,9376,89648,35,1,1,128,1,1,16,0.000,0.000,,,,,NVIDIA A100-SXM4-40GB MIG 4g.20gb (0),1,,13,cupy_copy__complex64_complex64
4022598078,2112,89657,1,1,1,1,1,1,18,0.000,0.000,,,,,NVIDIA A100-SXM4-40GB MIG 4g.20gb (0),1,,13,cupy_copy__float32_float32
4022604158,1600,89663,,,,,,,,,,0.000,2.500,Device,Pageable,NVIDIA A100-SXM4-40GB MIG 4g.20gb (0),1,,7,[CUDA memcpy Device-to-Host]
4022867259,23007,89674,1434,1,1,128,1,1,16,0.000,0.000,,,,,NVIDIA A100-SXM4-40GB MIG 4g.20gb (0),1,,13,cupy_copy__complex64_complex64
4022977849,8256,89681,103,1,1,128,1,1,16,0.000,0.000,,,,,NVIDIA A100-SXM4-40GB MIG 4g.20gb (0),1,,13,cupy_copy__complex64_complex64
4022988377,6048,89688,35,1,1,128,1,1,16,0.000,0.000,,,,,NVIDIA A100-SXM4-40GB MIG 4g.20gb (0),1,,13,cupy_copy__complex64_complex64
4022996857,2528,89695,1,1,1,1,1,1,18,0.000,0.000,,,,,NVIDIA A100-SXM4-40GB MIG 4g.20gb (0),1,,13,cupy_copy__float32_float32
4023001017,192222,89706,1,1,1,32,32,1,30,0.000,0.000,,,,,NVIDIA A100-SXM4-40GB MIG 4g.20gb (0),1,,13,"void convert_kernel<__half2, float2>(tensor_layout_any, T1 *, tensor_layout_any, const T2 *)"
4023228343,5376,89709,,,,,,,,,,0.094,17428.487,Pinned,Device,NVIDIA A100-SXM4-40GB MIG 4g.20gb (0),1,,13,[CUDA memcpy Host-to-Device]
4023304406,15712,89710,,,,,,,,,,1.547,98434.884,Device,,NVIDIA A100-SXM4-40GB MIG 4g.20gb (0),1,,13,[CUDA memset]
4023327061,3136,89715,,,,,,,,,,0.031,9979.575,Pinned,Device,NVIDIA A100-SXM4-40GB MIG 4g.20gb (0),1,,13,[CUDA memcpy Host-to-Device]
4023333173,10144,89716,,,,,,,,,,0.197,19381.617,Pinned,Device,NVIDIA A100-SXM4-40GB MIG 4g.20gb (0),1,,13,[CUDA memcpy Host-to-Device]
4023634674,36927,89717,273,1,1,8,4,1,39,0.002,0.000,,,,,NVIDIA A100-SXM4-40GB MIG 4g.20gb (0),1,,13,"void channel_eq::eqMmseCoefCompLowMimoKernel<float, float, float, (unsigned int)4, (unsigned int)1, (unsigned int)4>(const channel_eq::_puschRxChEqStatDescr *, channel_eq::_puschRxChEqCoefCompDynDescr)"
4023880879,18080,89718,273,1,1,12,11,1,51,0.002,0.000,,,,,NVIDIA A100-SXM4-40GB MIG 4g.20gb (0),1,,13,"void channel_eq::eqMmseSoftDemapKernel<float, __half, __half, float, (unsigned int)4, (unsigned short)16383>(channel_eq::_puschRxChEqStatDescr *, channel_eq::_puschRxChEqSoftDemapDynDescr)"
4023985774,627865,89719,1,1,1,32,32,1,30,0.000,0.000,,,,,NVIDIA A100-SXM4-40GB MIG 4g.20gb (0),1,,13,"void convert_kernel<float2, __half2>(tensor_layout_any, T1 *, tensor_layout_any, const T2 *)"
4024673766,28256,89731,2253,1,1,128,1,1,16,0.000,0.000,,,,,NVIDIA A100-SXM4-40GB MIG 4g.20gb (0),1,,13,cupy_copy__float16_float16
4024901059,6560,89740,282,1,1,128,1,1,16,0.000,0.000,,,,,NVIDIA A100-SXM4-40GB MIG 4g.20gb (0),1,,13,cupy_copy__complex64_complex64
4024995714,5952,89749,26,1,1,128,1,1,16,0.000,0.000,,,,,NVIDIA A100-SXM4-40GB MIG 4g.20gb (0),1,,13,cupy_copy__float32_float32
4025004514,7008,89758,103,1,1,128,1,1,16,0.000,0.000,,,,,NVIDIA A100-SXM4-40GB MIG 4g.20gb (0),1,,13,cupy_copy__complex64_complex64
4025013154,19808,89768,1434,1,1,128,1,1,16,0.000,0.000,,,,,NVIDIA A100-SXM4-40GB MIG 4g.20gb (0),1,,13,cupy_copy__complex64_complex64
4025067681,235358,89773,1,1,1,32,32,1,30,0.000,0.000,,,,,NVIDIA A100-SXM4-40GB MIG 4g.20gb (0),1,,13,"void convert_kernel<__half2, float2>(tensor_layout_any, T1 *, tensor_layout_any, const T2 *)"
4025335838,9024,89776,,,,,,,,,,0.094,10382.922,Pinned,Device,NVIDIA A100-SXM4-40GB MIG 4g.20gb (0),1,,13,[CUDA memcpy Host-to-Device]
4025384414,641944,89777,,,,,,,,,,456.561,710866.162,Device,,NVIDIA A100-SXM4-40GB MIG 4g.20gb (0),1,,13,[CUDA memset]
4026028438,50944,89782,,,,,,,,,,1.235,24240.716,Pinned,Device,NVIDIA A100-SXM4-40GB MIG 4g.20gb (0),1,,13,[CUDA memcpy Host-to-Device]
4026082230,9504,89783,,,,,,,,,,0.197,20686.701,Pinned,Device,NVIDIA A100-SXM4-40GB MIG 4g.20gb (0),1,,13,[CUDA memcpy Host-to-Device]
4026323027,16544,89784,69,4,1,48,1,1,76,0.002,0.000,,,,,NVIDIA A100-SXM4-40GB MIG 4g.20gb (0),1,,13,"void ch_est::windowedChEstPreNoDftSOfdmKernel<float, __half, float, (unsigned int)2, (unsigned int)1, (unsigned short)4>(ch_est::puschRxChEstStatDescr_t *, ch_est::puschRxChEstDynDescr_t *)"
4026439250,34783,89785,137,2,1,24,2,1,44,0.001,0.001,,,,,NVIDIA A100-SXM4-40GB MIG 4g.20gb (0),1,,13,"void ch_est::chEstFilterNoDftSOfdmDispatchKernel<float, __half, float, (unsigned int)2>(ch_est::puschRxChEstStatDescr_t *, ch_est::puschRxChEstDynDescr_t *)"
4026644559,14752,89786,137,2,1,24,2,1,44,0.001,0.001,,,,,NVIDIA A100-SXM4-40GB MIG 4g.20gb (0),1,,13,"void ch_est::chEstFilterNoDftSOfdmDispatchKernel<float, __half, float, (unsigned int)2>(ch_est::puschRxChEstStatDescr_t *, ch_est::puschRxChEstDynDescr_t *)"
4026744494,8416,89797,103,1,1,128,1,1,16,0.000,0.000,,,,,NVIDIA A100-SXM4-40GB MIG 4g.20gb (0),1,,13,cupy_copy__complex64_complex64
4026754894,18720,89807,1434,1,1,128,1,1,16,0.000,0.000,,,,,NVIDIA A100-SXM4-40GB MIG 4g.20gb (0),1,,13,cupy_copy__complex64_complex64
4026775374,2720,89814,103,1,1,128,1,1,16,0.000,0.000,,,,,NVIDIA A100-SXM4-40GB MIG 4g.20gb (0),1,,13,cupy_copy__complex64_complex64
4026977515,229566,89821,1,1,1,32,32,1,30,0.000,0.000,,,,,NVIDIA A100-SXM4-40GB MIG 4g.20gb (0),1,,13,"void convert_kernel<__half2, float2>(tensor_layout_any, T1 *, tensor_layout_any, const T2 *)"
4027238344,5408,89824,,,,,,,,,,0.094,17325.421,Pinned,Device,NVIDIA A100-SXM4-40GB MIG 4g.20gb (0),1,,13,[CUDA memcpy Host-to-Device]
4027413670,72671,89825,,,,,,,,,,35.810,492744.499,Device,,NVIDIA A100-SXM4-40GB MIG 4g.20gb (0),1,,13,[CUDA memset]
4027492517,1824,89827,,,,,,,,,,0.000,43.860,Pinned,Device,NVIDIA A100-SXM4-40GB MIG 4g.20gb (0),1,,13,[CUDA memcpy Host-to-Device]
4027496933,9824,89828,,,,,,,,,,0.197,20012.925,Pinned,Device,NVIDIA A100-SXM4-40GB MIG 4g.20gb (0),1,,13,[CUDA memcpy Host-to-Device]
4027533125,14528,89829,273,1,1,48,1,1,40,0.000,0.001,,,,,NVIDIA A100-SXM4-40GB MIG 4g.20gb (0),1,,13,"void pusch_noise_intf_est::noiseIntfEstNoDftSOfdmKernel<float, __half, float, float, (unsigned int)2, (unsigned int)1, (unsigned char)4, (unsigned char)4>(pusch_noise_intf_est::puschRxNoiseIntfEstDynDescr)"
4027749442,6976,89840,35,1,1,128,1,1,16,0.000,0.000,,,,,NVIDIA A100-SXM4-40GB MIG 4g.20gb (0),1,,13,cupy_copy__complex64_complex64
4027850497,3456,89849,1,1,1,1,1,1,18,0.000,0.000,,,,,NVIDIA A100-SXM4-40GB MIG 4g.20gb (0),1,,13,cupy_copy__float32_float32
4027855201,2304,89855,,,,,,,,,,0.000,1.736,Device,Pageable,NVIDIA A100-SXM4-40GB MIG 4g.20gb (0),1,,7,[CUDA memcpy Device-to-Host]
4028160926,38719,89866,1434,1,1,128,1,1,16,0.000,0.000,,,,,NVIDIA A100-SXM4-40GB MIG 4g.20gb (0),1,,13,cupy_copy__complex64_complex64
4028203229,3712,89873,103,1,1,128,1,1,16,0.000,0.000,,,,,NVIDIA A100-SXM4-40GB MIG 4g.20gb (0),1,,13,cupy_copy__complex64_complex64
4028215805,3008,89880,35,1,1,128,1,1,16,0.000,0.000,,,,,NVIDIA A100-SXM4-40GB MIG 4g.20gb (0),1,,13,cupy_copy__complex64_complex64
4028263260,3328,89887,1,1,1,1,1,1,18,0.000,0.000,,,,,NVIDIA A100-SXM4-40GB MIG 4g.20gb (0),1,,13,cupy_copy__float32_float32
4028494170,205693,89898,1,1,1,32,32,1,30,0.000,0.000,,,,,NVIDIA A100-SXM4-40GB MIG 4g.20gb (0),1,,13,"void convert_kernel<__half2, float2>(tensor_layout_any, T1 *, tensor_layout_any, const T2 *)"
4028729367,5408,89901,,,,,,,,,,0.094,17325.421,Pinned,Device,NVIDIA A100-SXM4-40GB MIG 4g.20gb (0),1,,13,[CUDA memcpy Host-to-Device]
4028902805,9280,89902,,,,,,,,,,1.547,166661.109,Device,,NVIDIA A100-SXM4-40GB MIG 4g.20gb (0),1,,13,[CUDA memset]
4028916725,3008,89907,,,,,,,,,,0.031,10404.230,Pinned,Device,NVIDIA A100-SXM4-40GB MIG 4g.20gb (0),1,,13,[CUDA memcpy Host-to-Device]
4028922229,10304,89908,,,,,,,,,,0.197,19080.610,Pinned,Device,NVIDIA A100-SXM4-40GB MIG 4g.20gb (0),1,,13,[CUDA memcpy Host-to-Device]
4029232817,24480,89909,273,1,1,8,4,1,39,0.002,0.000,,,,,NVIDIA A100-SXM4-40GB MIG 4g.20gb (0),1,,13,"void channel_eq::eqMmseCoefCompLowMimoKernel<float, float, float, (unsigned int)4, (unsigned int)1, (unsigned int)4>(const channel_eq::_puschRxChEqStatDescr *, channel_eq::_puschRxChEqCoefCompDynDescr)"
4029258769,11936,89910,273,1,1,12,11,1,51,0.002,0.000,,,,,NVIDIA A100-SXM4-40GB MIG 4g.20gb (0),1,,13,"void channel_eq::eqMmseSoftDemapKernel<float, __half, __half, float, (unsigned int)4, (unsigned short)16383>(channel_eq::_puschRxChEqStatDescr *, channel_eq::_puschRxChEqSoftDemapDynDescr)"
4029300017,631320,89911,1,1,1,32,32,1,30,0.000,0.000,,,,,NVIDIA A100-SXM4-40GB MIG 4g.20gb (0),1,,13,"void convert_kernel<float2, __half2>(tensor_layout_any, T1 *, tensor_layout_any, const T2 *)"
4029982825,31007,89923,2253,1,1,128,1,1,16,0.000,0.000,,,,,NVIDIA A100-SXM4-40GB MIG 4g.20gb (0),1,,13,cupy_copy__float16_float16
4030016040,3616,89932,282,1,1,128,1,1,16,0.000,0.000,,,,,NVIDIA A100-SXM4-40GB MIG 4g.20gb (0),1,,13,cupy_copy__complex64_complex64
4030055144,4096,89941,26,1,1,128,1,1,16,0.000,0.000,,,,,NVIDIA A100-SXM4-40GB MIG 4g.20gb (0),1,,13,cupy_copy__float32_float32
4030263717,9152,89950,103,1,1,128,1,1,16,0.000,0.000,,,,,NVIDIA A100-SXM4-40GB MIG 4g.20gb (0),1,,13,cupy_copy__complex64_complex64
4030361636,36320,89960,1434,1,1,128,1,1,16,0.000,0.000,,,,,NVIDIA A100-SXM4-40GB MIG 4g.20gb (0),1,,13,cupy_copy__complex64_complex64
4030399396,131646,89965,1,1,1,32,32,1,30,0.000,0.000,,,,,NVIDIA A100-SXM4-40GB MIG 4g.20gb (0),1,,13,"void convert_kernel<__half2, float2>(tensor_layout_any, T1 *, tensor_layout_any, const T2 *)"
4030561154,6016,89968,,,,,,,,,,0.094,15574.430,Pinned,Device,NVIDIA A100-SXM4-40GB MIG 4g.20gb (0),1,,13,[CUDA memcpy Host-to-Device]
4030735264,641145,89969,,,,,,,,,,456.561,711779.285,Device,,NVIDIA A100-SXM4-40GB MIG 4g.20gb (0),1,,13,[CUDA memset]
4031379129,52447,89974,,,,,,,,,,1.235,23545.442,Pinned,Device,NVIDIA A100-SXM4-40GB MIG 4g.20gb (0),1,,13,[CUDA memcpy Host-to-Device]
4031436056,10976,89975,,,,,,,,,,0.197,17912.365,Pinned,Device,NVIDIA A100-SXM4-40GB MIG 4g.20gb (0),1,,13,[CUDA memcpy Host-to-Device]
4031671157,16128,89976,69,4,1,48,1,1,76,0.002,0.000,,,,,NVIDIA A100-SXM4-40GB MIG 4g.20gb (0),1,,13,"void ch_est::windowedChEstPreNoDftSOfdmKernel<float, __half, float, (unsigned int)2, (unsigned int)1, (unsigned short)4>(ch_est::puschRxChEstStatDescr_t *, ch_est::puschRxChEstDynDescr_t *)"
4031782580,40927,89977,137,2,1,24,2,1,44,0.001,0.001,,,,,NVIDIA A100-SXM4-40GB MIG 4g.20gb (0),1,,13,"void ch_est::chEstFilterNoDftSOfdmDispatchKernel<float, __half, float, (unsigned int)2>(ch_est::puschRxChEstStatDescr_t *, ch_est::puschRxChEstDynDescr_t *)"
4032023985,9856,89978,137,2,1,24,2,1,44,0.001,0.001,,,,,NVIDIA A100-SXM4-40GB MIG 4g.20gb (0),1,,13,"void ch_est::chEstFilterNoDftSOfdmDispatchKernel<float, __half, float, (unsigned int)2>(ch_est::puschRxChEstStatDescr_t *, ch_est::puschRxChEstDynDescr_t *)"
4032120816,8448,89989,103,1,1,128,1,1,16,0.000,0.000,,,,,NVIDIA A100-SXM4-40GB MIG 4g.20gb (0),1,,13,cupy_copy__complex64_complex64
4032131728,24224,89999,1434,1,1,128,1,1,16,0.000,0.000,,,,,NVIDIA A100-SXM4-40GB MIG 4g.20gb (0),1,,13,cupy_copy__complex64_complex64
4032157488,2528,90006,103,1,1,128,1,1,16,0.000,0.000,,,,,NVIDIA A100-SXM4-40GB MIG 4g.20gb (0),1,,13,cupy_copy__complex64_complex64
4032161615,90719,90013,1,1,1,32,32,1,30,0.000,0.000,,,,,NVIDIA A100-SXM4-40GB MIG 4g.20gb (0),1,,13,"void convert_kernel<__half2, float2>(tensor_layout_any, T1 *, tensor_layout_any, const T2 *)"
4032283598,5376,90016,,,,,,,,,,0.094,17428.487,Pinned,Device,NVIDIA A100-SXM4-40GB MIG 4g.20gb (0),1,,13,[CUDA memcpy Host-to-Device]
4032459628,67935,90017,,,,,,,,,,35.810,527086.212,Device,,NVIDIA A100-SXM4-40GB MIG 4g.20gb (0),1,,13,[CUDA memset]
4032528875,2944,90019,,,,,,,,,,0.000,27.174,Pinned,Device,NVIDIA A100-SXM4-40GB MIG 4g.20gb (0),1,,13,[CUDA memcpy Host-to-Device]
4032534699,10432,90020,,,,,,,,,,0.197,18846.450,Pinned,Device,NVIDIA A100-SXM4-40GB MIG 4g.20gb (0),1,,13,[CUDA memcpy Host-to-Device]
4032805032,24800,90021,273,1,1,48,1,1,40,0.000,0.001,,,,,NVIDIA A100-SXM4-40GB MIG 4g.20gb (0),1,,13,"void pusch_noise_intf_est::noiseIntfEstNoDftSOfdmKernel<float, __half, float, float, (unsigned int)2, (unsigned int)1, (unsigned char)4, (unsigned char)4>(pusch_noise_intf_est::puschRxNoiseIntfEstDynDescr)"
4032913703,13440,90032,35,1,1,128,1,1,16,0.000,0.000,,,,,NVIDIA A100-SXM4-40GB MIG 4g.20gb (0),1,,13,cupy_copy__complex64_complex64
4033148964,4448,90041,1,1,1,1,1,1,18,0.000,0.000,,,,,NVIDIA A100-SXM4-40GB MIG 4g.20gb (0),1,,13,cupy_copy__float32_float32
4033154884,1728,90047,,,,,,,,,,0.000,2.315,Device,Pageable,NVIDIA A100-SXM4-40GB MIG 4g.20gb (0),1,,7,[CUDA memcpy Device-to-Host]
4033245187,36160,90058,1434,1,1,128,1,1,16,0.000,0.000,,,,,NVIDIA A100-SXM4-40GB MIG 4g.20gb (0),1,,13,cupy_copy__complex64_complex64
4033282307,2912,90065,103,1,1,128,1,1,16,0.000,0.000,,,,,NVIDIA A100-SXM4-40GB MIG 4g.20gb (0),1,,13,cupy_copy__complex64_complex64
4033287490,2656,90072,35,1,1,128,1,1,16,0.000,0.000,,,,,NVIDIA A100-SXM4-40GB MIG 4g.20gb (0),1,,13,cupy_copy__complex64_complex64
4033338594,2112,90079,1,1,1,1,1,1,18,0.000,0.000,,,,,NVIDIA A100-SXM4-40GB MIG 4g.20gb (0),1,,13,cupy_copy__float32_float32
4033655454,240285,90090,1,1,1,32,32,1,30,0.000,0.000,,,,,NVIDIA A100-SXM4-40GB MIG 4g.20gb (0),1,,13,"void convert_kernel<__half2, float2>(tensor_layout_any, T1 *, tensor_layout_any, const T2 *)"
4033924539,6272,90093,,,,,,,,,,0.094,14938.703,Pinned,Device,NVIDIA A100-SXM4-40GB MIG 4g.20gb (0),1,,13,[CUDA memcpy Host-to-Device]
4033968795,12063,90094,,,,,,,,,,1.547,128212.036,Device,,NVIDIA A100-SXM4-40GB MIG 4g.20gb (0),1,,13,[CUDA memset]
4033986810,3616,90099,,,,,,,,,,0.031,8654.846,Pinned,Device,NVIDIA A100-SXM4-40GB MIG 4g.20gb (0),1,,13,[CUDA memcpy Host-to-Device]
4033993018,10592,90100,,,,,,,,,,0.197,18561.761,Pinned,Device,NVIDIA A100-SXM4-40GB MIG 4g.20gb (0),1,,13,[CUDA memcpy Host-to-Device]
4034304791,42783,90101,273,1,1,8,4,1,39,0.002,0.000,,,,,NVIDIA A100-SXM4-40GB MIG 4g.20gb (0),1,,13,"void channel_eq::eqMmseCoefCompLowMimoKernel<float, float, float, (unsigned int)4, (unsigned int)1, (unsigned int)4>(const channel_eq::_puschRxChEqStatDescr *, channel_eq::_puschRxChEqCoefCompDynDescr)"
4034545684,20576,90102,273,1,1,12,11,1,51,0.002,0.000,,,,,NVIDIA A100-SXM4-40GB MIG 4g.20gb (0),1,,13,"void channel_eq::eqMmseSoftDemapKernel<float, __half, __half, float, (unsigned int)4, (unsigned short)16383>(channel_eq::_puschRxChEqStatDescr *, channel_eq::_puschRxChEqSoftDemapDynDescr)"
4034639603,596889,90103,1,1,1,32,32,1,30,0.000,0.000,,,,,NVIDIA A100-SXM4-40GB MIG 4g.20gb (0),1,,13,"void convert_kernel<float2, __half2>(tensor_layout_any, T1 *, tensor_layout_any, const T2 *)"
4035338667,28479,90115,2253,1,1,128,1,1,16,0.000,0.000,,,,,NVIDIA A100-SXM4-40GB MIG 4g.20gb (0),1,,13,cupy_copy__float16_float16
4035368458,4800,90124,282,1,1,128,1,1,16,0.000,0.000,,,,,NVIDIA A100-SXM4-40GB MIG 4g.20gb (0),1,,13,cupy_copy__complex64_complex64
4035578472,5024,90133,26,1,1,128,1,1,16,0.000,0.000,,,,,NVIDIA A100-SXM4-40GB MIG 4g.20gb (0),1,,13,cupy_copy__float32_float32
4035673703,13632,90142,103,1,1,128,1,1,16,0.000,0.000,,,,,NVIDIA A100-SXM4-40GB MIG 4g.20gb (0),1,,13,cupy_copy__complex64_complex64
4035689287,20736,90152,1434,1,1,128,1,1,16,0.000,0.000,,,,,NVIDIA A100-SXM4-40GB MIG 4g.20gb (0),1,,13,cupy_copy__complex64_complex64
4035751014,219422,90157,1,1,1,32,32,1,30,0.000,0.000,,,,,NVIDIA A100-SXM4-40GB MIG 4g.20gb (0),1,,13,"void convert_kernel<__half2, float2>(tensor_layout_any, T1 *, tensor_layout_any, const T2 *)"
4036012707,7456,90160,,,,,,,,,,0.094,12566.508,Pinned,Device,NVIDIA A100-SXM4-40GB MIG 4g.20gb (0),1,,13,[CUDA memcpy Host-to-Device]
4036071522,645177,90161,,,,,,,,,,456.561,707213.671,Device,,NVIDIA A100-SXM4-40GB MIG 4g.20gb (0),1,,13,[CUDA memset]
4036719995,50911,90166,,,,,,,,,,1.235,24256.770,Pinned,Device,NVIDIA A100-SXM4-40GB MIG 4g.20gb (0),1,,13,[CUDA memcpy Host-to-Device]
4036773786,10176,90167,,,,,,,,,,0.197,19320.668,Pinned,Device,NVIDIA A100-SXM4-40GB MIG 4g.20gb (0),1,,13,[CUDA memcpy Host-to-Device]
4037017047,15392,90168,69,4,1,48,1,1,76,0.002,0.000,,,,,NVIDIA A100-SXM4-40GB MIG 4g.20gb (0),1,,13,"void ch_est::windowedChEstPreNoDftSOfdmKernel<float, __half, float, (unsigned int)2, (unsigned int)1, (unsigned short)4>(ch_est::puschRxChEstStatDescr_t *, ch_est::puschRxChEstDynDescr_t *)"
4037131862,24640,90169,137,2,1,24,2,1,44,0.001,0.001,,,,,NVIDIA A100-SXM4-40GB MIG 4g.20gb (0),1,,13,"void ch_est::chEstFilterNoDftSOfdmDispatchKernel<float, __half, float, (unsigned int)2>(ch_est::puschRxChEstStatDescr_t *, ch_est::puschRxChEstDynDescr_t *)"
4037348212,12063,90170,137,2,1,24,2,1,44,0.001,0.001,,,,,NVIDIA A100-SXM4-40GB MIG 4g.20gb (0),1,,13,"void ch_est::chEstFilterNoDftSOfdmDispatchKernel<float, __half, float, (unsigned int)2>(ch_est::puschRxChEstStatDescr_t *, ch_est::puschRxChEstDynDescr_t *)"
4037446994,7680,90181,103,1,1,128,1,1,16,0.000,0.000,,,,,NVIDIA A100-SXM4-40GB MIG 4g.20gb (0),1,,13,cupy_copy__complex64_complex64
4037462354,20288,90191,1434,1,1,128,1,1,16,0.000,0.000,,,,,NVIDIA A100-SXM4-40GB MIG 4g.20gb (0),1,,13,cupy_copy__complex64_complex64
4037733295,6560,90198,103,1,1,128,1,1,16,0.000,0.000,,,,,NVIDIA A100-SXM4-40GB MIG 4g.20gb (0),1,,13,cupy_copy__complex64_complex64
4037841326,242109,90205,1,1,1,32,32,1,30,0.000,0.000,,,,,NVIDIA A100-SXM4-40GB MIG 4g.20gb (0),1,,13,"void convert_kernel<__half2, float2>(tensor_layout_any, T1 *, tensor_layout_any, const T2 *)"
4038114187,5376,90208,,,,,,,,,,0.094,17428.487,Pinned,Device,NVIDIA A100-SXM4-40GB MIG 4g.20gb (0),1,,13,[CUDA memcpy Host-to-Device]
4038163850,77055,90209,,,,,,,,,,35.810,464705.332,Device,,NVIDIA A100-SXM4-40GB MIG 4g.20gb (0),1,,13,[CUDA memset]
4038246153,1824,90211,,,,,,,,,,0.000,43.860,Pinned,Device,NVIDIA A100-SXM4-40GB MIG 4g.20gb (0),1,,13,[CUDA memcpy Host-to-Device]
4038251081,9824,90212,,,,,,,,,,0.197,20012.925,Pinned,Device,NVIDIA A100-SXM4-40GB MIG 4g.20gb (0),1,,13,[CUDA memcpy Host-to-Device]
4038558406,33375,90213,273,1,1,48,1,1,40,0.000,0.001,,,,,NVIDIA A100-SXM4-40GB MIG 4g.20gb (0),1,,13,"void pusch_noise_intf_est::noiseIntfEstNoDftSOfdmKernel<float, __half, float, float, (unsigned int)2, (unsigned int)1, (unsigned char)4, (unsigned char)4>(pusch_noise_intf_est::puschRxNoiseIntfEstDynDescr)"
4038778083,5984,90224,35,1,1,128,1,1,16,0.000,0.000,,,,,NVIDIA A100-SXM4-40GB MIG 4g.20gb (0),1,,13,cupy_copy__complex64_complex64
4038869602,3360,90233,1,1,1,1,1,1,18,0.000,0.000,,,,,NVIDIA A100-SXM4-40GB MIG 4g.20gb (0),1,,13,cupy_copy__float32_float32
4038880034,1792,90239,,,,,,,,,,0.000,2.232,Device,Pageable,NVIDIA A100-SXM4-40GB MIG 4g.20gb (0),1,,7,[CUDA memcpy Device-to-Host]
4039185182,32128,90250,1434,1,1,128,1,1,16,0.000,0.000,,,,,NVIDIA A100-SXM4-40GB MIG 4g.20gb (0),1,,13,cupy_copy__complex64_complex64
4039219838,3552,90257,103,1,1,128,1,1,16,0.000,0.000,,,,,NVIDIA A100-SXM4-40GB MIG 4g.20gb (0),1,,13,cupy_copy__complex64_complex64
4039225694,2688,90264,35,1,1,128,1,1,16,0.000,0.000,,,,,NVIDIA A100-SXM4-40GB MIG 4g.20gb (0),1,,13,cupy_copy__complex64_complex64
4039270653,3584,90271,1,1,1,1,1,1,18,0.000,0.000,,,,,NVIDIA A100-SXM4-40GB MIG 4g.20gb (0),1,,13,cupy_copy__float32_float32
4039497211,243421,90282,1,1,1,32,32,1,30,0.000,0.000,,,,,NVIDIA A100-SXM4-40GB MIG 4g.20gb (0),1,,13,"void convert_kernel<__half2, float2>(tensor_layout_any, T1 *, tensor_layout_any, const T2 *)"
4039770744,5472,90285,,,,,,,,,,0.094,17122.757,Pinned,Device,NVIDIA A100-SXM4-40GB MIG 4g.20gb (0),1,,13,[CUDA memcpy Host-to-Device]
4039950006,11423,90286,,,,,,,,,,1.547,135394.558,Device,,NVIDIA A100-SXM4-40GB MIG 4g.20gb (0),1,,13,[CUDA memset]
4039966901,3104,90291,,,,,,,,,,0.031,10082.445,Pinned,Device,NVIDIA A100-SXM4-40GB MIG 4g.20gb (0),1,,13,[CUDA memcpy Host-to-Device]
4039972949,11872,90292,,,,,,,,,,0.197,16560.488,Pinned,Device,NVIDIA A100-SXM4-40GB MIG 4g.20gb (0),1,,13,[CUDA memcpy Host-to-Device]
4040258450,12032,90293,273,1,1,8,4,1,39,0.002,0.000,,,,,NVIDIA A100-SXM4-40GB MIG 4g.20gb (0),1,,13,"void channel_eq::eqMmseCoefCompLowMimoKernel<float, float, float, (unsigned int)4, (unsigned int)1, (unsigned int)4>(const channel_eq::_puschRxChEqStatDescr *, channel_eq::_puschRxChEqCoefCompDynDescr)"
4040366097,36607,90294,273,1,1,12,11,1,51,0.002,0.000,,,,,NVIDIA A100-SXM4-40GB MIG 4g.20gb (0),1,,13,"void channel_eq::eqMmseSoftDemapKernel<float, __half, __half, float, (unsigned int)4, (unsigned short)16383>(channel_eq::_puschRxChEqStatDescr *, channel_eq::_puschRxChEqSoftDemapDynDescr)"
4040611918,616473,90295,1,1,1,32,32,1,30,0.000,0.000,,,,,NVIDIA A100-SXM4-40GB MIG 4g.20gb (0),1,,13,"void convert_kernel<float2, __half2>(tensor_layout_any, T1 *, tensor_layout_any, const T2 *)"
4041345222,31199,90307,2253,1,1,128,1,1,16,0.000,0.000,,,,,NVIDIA A100-SXM4-40GB MIG 4g.20gb (0),1,,13,cupy_copy__float16_float16
4041378405,4288,90316,282,1,1,128,1,1,16,0.000,0.000,,,,,NVIDIA A100-SXM4-40GB MIG 4g.20gb (0),1,,13,cupy_copy__complex64_complex64
4041417637,4256,90325,26,1,1,128,1,1,16,0.000,0.000,,,,,NVIDIA A100-SXM4-40GB MIG 4g.20gb (0),1,,13,cupy_copy__float32_float32
4041624802,9152,90334,103,1,1,128,1,1,16,0.000,0.000,,,,,NVIDIA A100-SXM4-40GB MIG 4g.20gb (0),1,,13,cupy_copy__complex64_complex64
4041723233,36384,90344,1434,1,1,128,1,1,16,0.000,0.000,,,,,NVIDIA A100-SXM4-40GB MIG 4g.20gb (0),1,,13,cupy_copy__complex64_complex64
4041794432,231390,90349,1,1,1,32,32,1,30,0.000,0.000,,,,,NVIDIA A100-SXM4-40GB MIG 4g.20gb (0),1,,13,"void convert_kernel<__half2, float2>(tensor_layout_any, T1 *, tensor_layout_any, const T2 *)"
4042056381,5376,90352,,,,,,,,,,0.094,17428.487,Pinned,Device,NVIDIA A100-SXM4-40GB MIG 4g.20gb (0),1,,13,[CUDA memcpy Host-to-Device]
4042084797,648280,90353,,,,,,,,,,456.561,704017.740,Device,,NVIDIA A100-SXM4-40GB MIG 4g.20gb (0),1,,13,[CUDA memset]
4042742069,52384,90358,,,,,,,,,,1.235,23573.846,Pinned,Device,NVIDIA A100-SXM4-40GB MIG 4g.20gb (0),1,,13,[CUDA memcpy Host-to-Device]
4042796885,9344,90359,,,,,,,,,,0.197,21040.988,Pinned,Device,NVIDIA A100-SXM4-40GB MIG 4g.20gb (0),1,,13,[CUDA memcpy Host-to-Device]
4043142033,15456,90360,69,4,1,48,1,1,76,0.002,0.000,,,,,NVIDIA A100-SXM4-40GB MIG 4g.20gb (0),1,,13,"void ch_est::windowedChEstPreNoDftSOfdmKernel<float, __half, float, (unsigned int)2, (unsigned int)1, (unsigned short)4>(ch_est::puschRxChEstStatDescr_t *, ch_est::puschRxChEstDynDescr_t *)"
4043456589,18816,90361,137,2,1,24,2,1,44,0.001,0.001,,,,,NVIDIA A100-SXM4-40GB MIG 4g.20gb (0),1,,13,"void ch_est::chEstFilterNoDftSOfdmDispatchKernel<float, __half, float, (unsigned int)2>(ch_est::puschRxChEstStatDescr_t *, ch_est::puschRxChEstDynDescr_t *)"
4043477389,7648,90362,137,2,1,24,2,1,44,0.001,0.001,,,,,NVIDIA A100-SXM4-40GB MIG 4g.20gb (0),1,,13,"void ch_est::chEstFilterNoDftSOfdmDispatchKernel<float, __half, float, (unsigned int)2>(ch_est::puschRxChEstStatDescr_t *, ch_est::puschRxChEstDynDescr_t *)"
4043487501,3328,90373,103,1,1,128,1,1,16,0.000,0.000,,,,,NVIDIA A100-SXM4-40GB MIG 4g.20gb (0),1,,13,cupy_copy__complex64_complex64
4043698026,20064,90383,1434,1,1,128,1,1,16,0.000,0.000,,,,,NVIDIA A100-SXM4-40GB MIG 4g.20gb (0),1,,13,cupy_copy__complex64_complex64
4043818409,12928,90390,103,1,1,128,1,1,16,0.000,0.000,,,,,NVIDIA A100-SXM4-40GB MIG 4g.20gb (0),1,,13,cupy_copy__complex64_complex64
4044043238,242494,90397,1,1,1,32,32,1,30,0.000,0.000,,,,,NVIDIA A100-SXM4-40GB MIG 4g.20gb (0),1,,13,"void convert_kernel<__half2, float2>(tensor_layout_any, T1 *, tensor_layout_any, const T2 *)"
4044318019,5408,90400,,,,,,,,,,0.094,17325.421,Pinned,Device,NVIDIA A100-SXM4-40GB MIG 4g.20gb (0),1,,13,[CUDA memcpy Host-to-Device]
4044527425,73951,90401,,,,,,,,,,35.810,484221.738,Device,,NVIDIA A100-SXM4-40GB MIG 4g.20gb (0),1,,13,[CUDA memset]
4044610464,1824,90403,,,,,,,,,,0.000,43.860,Pinned,Device,NVIDIA A100-SXM4-40GB MIG 4g.20gb (0),1,,13,[CUDA memcpy Host-to-Device]
4044615008,10016,90404,,,,,,,,,,0.197,19629.343,Pinned,Device,NVIDIA A100-SXM4-40GB MIG 4g.20gb (0),1,,13,[CUDA memcpy Host-to-Device]
4044920188,17536,90405,273,1,1,48,1,1,40,0.000,0.001,,,,,NVIDIA A100-SXM4-40GB MIG 4g.20gb (0),1,,13,"void pusch_noise_intf_est::noiseIntfEstNoDftSOfdmKernel<float, __half, float, float, (unsigned int)2, (unsigned int)1, (unsigned char)4, (unsigned char)4>(pusch_noise_intf_est::puschRxNoiseIntfEstDynDescr)"
4044939004,5056,90416,35,1,1,128,1,1,16,0.000,0.000,,,,,NVIDIA A100-SXM4-40GB MIG 4g.20gb (0),1,,13,cupy_copy__complex64_complex64
4044946460,1984,90425,1,1,1,1,1,1,18,0.000,0.000,,,,,NVIDIA A100-SXM4-40GB MIG 4g.20gb (0),1,,13,cupy_copy__float32_float32
4044952700,1984,90431,,,,,,,,,,0.000,2.016,Device,Pageable,NVIDIA A100-SXM4-40GB MIG 4g.20gb (0),1,,7,[CUDA memcpy Device-to-Host]
4045235417,36831,90442,1434,1,1,128,1,1,16,0.000,0.000,,,,,NVIDIA A100-SXM4-40GB MIG 4g.20gb (0),1,,13,cupy_copy__complex64_complex64
4045273560,3232,90449,103,1,1,128,1,1,16,0.000,0.000,,,,,NVIDIA A100-SXM4-40GB MIG 4g.20gb (0),1,,13,cupy_copy__complex64_complex64
4045278840,2688,90456,35,1,1,128,1,1,16,0.000,0.000,,,,,NVIDIA A100-SXM4-40GB MIG 4g.20gb (0),1,,13,cupy_copy__complex64_complex64
4045323800,3488,90463,1,1,1,1,1,1,18,0.000,0.000,,,,,NVIDIA A100-SXM4-40GB MIG 4g.20gb (0),1,,13,cupy_copy__float32_float32
4045550549,225917,90474,1,1,1,32,32,1,30,0.000,0.000,,,,,NVIDIA A100-SXM4-40GB MIG 4g.20gb (0),1,,13,"void convert_kernel<__half2, float2>(tensor_layout_any, T1 *, tensor_layout_any, const T2 *)"
4045807250,5440,90477,,,,,,,,,,0.094,17223.480,Pinned,Device,NVIDIA A100-SXM4-40GB MIG 4g.20gb (0),1,,13,[CUDA memcpy Host-to-Device]
4046008880,12096,90478,,,,,,,,,,1.547,127860.953,Device,,NVIDIA A100-SXM4-40GB MIG 4g.20gb (0),1,,13,[CUDA memset]
4046027919,3072,90483,,,,,,,,,,0.031,10187.474,Pinned,Device,NVIDIA A100-SXM4-40GB MIG 4g.20gb (0),1,,13,[CUDA memcpy Host-to-Device]
4046033583,10400,90484,,,,,,,,,,0.197,18904.449,Pinned,Device,NVIDIA A100-SXM4-40GB MIG 4g.20gb (0),1,,13,[CUDA memcpy Host-to-Device]
4046280461,14623,90485,273,1,1,8,4,1,39,0.002,0.000,,,,,NVIDIA A100-SXM4-40GB MIG 4g.20gb (0),1,,13,"void channel_eq::eqMmseCoefCompLowMimoKernel<float, float, float, (unsigned int)4, (unsigned int)1, (unsigned int)4>(const channel_eq::_puschRxChEqStatDescr *, channel_eq::_puschRxChEqCoefCompDynDescr)"
4046392235,15072,90486,273,1,1,12,11,1,51,0.002,0.000,,,,,NVIDIA A100-SXM4-40GB MIG 4g.20gb (0),1,,13,"void channel_eq::eqMmseSoftDemapKernel<float, __half, __half, float, (unsigned int)4, (unsigned short)16383>(channel_eq::_puschRxChEqStatDescr *, channel_eq::_puschRxChEqSoftDemapDynDescr)"
4046617097,597881,90487,1,1,1,32,32,1,30,0.000,0.000,,,,,NVIDIA A100-SXM4-40GB MIG 4g.20gb (0),1,,13,"void convert_kernel<float2, __half2>(tensor_layout_any, T1 *, tensor_layout_any, const T2 *)"
4047341600,29248,90499,2253,1,1,128,1,1,16,0.000,0.000,,,,,NVIDIA A100-SXM4-40GB MIG 4g.20gb (0),1,,13,cupy_copy__float16_float16
4047372864,4064,90508,282,1,1,128,1,1,16,0.000,0.000,,,,,NVIDIA A100-SXM4-40GB MIG 4g.20gb (0),1,,13,cupy_copy__complex64_complex64
4047412319,6848,90517,26,1,1,128,1,1,16,0.000,0.000,,,,,NVIDIA A100-SXM4-40GB MIG 4g.20gb (0),1,,13,cupy_copy__float32_float32
4047616157,9280,90526,103,1,1,128,1,1,16,0.000,0.000,,,,,NVIDIA A100-SXM4-40GB MIG 4g.20gb (0),1,,13,cupy_copy__complex64_complex64
4047714492,31872,90542,1434,1,1,128,1,1,16,0.000,0.000,,,,,NVIDIA A100-SXM4-40GB MIG 4g.20gb (0),1,,13,cupy_copy__complex64_complex64
4048092792,230397,90547,1,1,1,32,32,1,30,0.000,0.000,,,,,NVIDIA A100-SXM4-40GB MIG 4g.20gb (0),1,,13,"void convert_kernel<__half2, float2>(tensor_layout_any, T1 *, tensor_layout_any, const T2 *)"
4048354869,5376,90550,,,,,,,,,,0.094,17428.487,Pinned,Device,NVIDIA A100-SXM4-40GB MIG 4g.20gb (0),1,,13,[CUDA memcpy Host-to-Device]
4048400436,650905,90551,,,,,,,,,,456.561,701278.372,Device,,NVIDIA A100-SXM4-40GB MIG 4g.20gb (0),1,,13,[CUDA memset]
4049052973,50559,90556,,,,,,,,,,1.235,24424.722,Pinned,Device,NVIDIA A100-SXM4-40GB MIG 4g.20gb (0),1,,13,[CUDA memcpy Host-to-Device]
4049106188,10080,90557,,,,,,,,,,0.197,19504.693,Pinned,Device,NVIDIA A100-SXM4-40GB MIG 4g.20gb (0),1,,13,[CUDA memcpy Host-to-Device]
4049341449,15648,90558,69,4,1,48,1,1,76,0.002,0.000,,,,,NVIDIA A100-SXM4-40GB MIG 4g.20gb (0),1,,13,"void ch_est::windowedChEstPreNoDftSOfdmKernel<float, __half, float, (unsigned int)2, (unsigned int)1, (unsigned short)4>(ch_est::puschRxChEstStatDescr_t *, ch_est::puschRxChEstDynDescr_t *)"
4049457672,25664,90559,137,2,1,24,2,1,44,0.001,0.001,,,,,NVIDIA A100-SXM4-40GB MIG 4g.20gb (0),1,,13,"void ch_est::chEstFilterNoDftSOfdmDispatchKernel<float, __half, float, (unsigned int)2>(ch_est::puschRxChEstStatDescr_t *, ch_est::puschRxChEstDynDescr_t *)"
4049659494,17759,90560,137,2,1,24,2,1,44,0.001,0.001,,,,,NVIDIA A100-SXM4-40GB MIG 4g.20gb (0),1,,13,"void ch_est::chEstFilterNoDftSOfdmDispatchKernel<float, __half, float, (unsigned int)2>(ch_est::puschRxChEstStatDescr_t *, ch_est::puschRxChEstDynDescr_t *)"
4049755332,7136,90571,103,1,1,128,1,1,16,0.000,0.000,,,,,NVIDIA A100-SXM4-40GB MIG 4g.20gb (0),1,,13,cupy_copy__complex64_complex64
4049764132,21472,90581,1434,1,1,128,1,1,16,0.000,0.000,,,,,NVIDIA A100-SXM4-40GB MIG 4g.20gb (0),1,,13,cupy_copy__complex64_complex64
4049787556,2784,90588,103,1,1,128,1,1,16,0.000,0.000,,,,,NVIDIA A100-SXM4-40GB MIG 4g.20gb (0),1,,13,cupy_copy__complex64_complex64
4049829572,223869,90595,1,1,1,32,32,1,30,0.000,0.000,,,,,NVIDIA A100-SXM4-40GB MIG 4g.20gb (0),1,,13,"void convert_kernel<__half2, float2>(tensor_layout_any, T1 *, tensor_layout_any, const T2 *)"
4050096961,6527,90598,,,,,,,,,,0.094,14355.070,Pinned,Device,NVIDIA A100-SXM4-40GB MIG 4g.20gb (0),1,,13,[CUDA memcpy Host-to-Device]
4050134880,72255,90599,,,,,,,,,,35.810,495573.483,Device,,NVIDIA A100-SXM4-40GB MIG 4g.20gb (0),1,,13,[CUDA memset]
4050214655,2208,90601,,,,,,,,,,0.000,36.232,Pinned,Device,NVIDIA A100-SXM4-40GB MIG 4g.20gb (0),1,,13,[CUDA memcpy Host-to-Device]
4050219295,9824,90602,,,,,,,,,,0.197,20012.925,Pinned,Device,NVIDIA A100-SXM4-40GB MIG 4g.20gb (0),1,,13,[CUDA memcpy Host-to-Device]
4050471772,17184,90603,273,1,1,48,1,1,40,0.000,0.001,,,,,NVIDIA A100-SXM4-40GB MIG 4g.20gb (0),1,,13,"void pusch_noise_intf_est::noiseIntfEstNoDftSOfdmKernel<float, __half, float, float, (unsigned int)2, (unsigned int)1, (unsigned char)4, (unsigned char)4>(pusch_noise_intf_est::puschRxNoiseIntfEstDynDescr)"
4050579291,8704,90614,35,1,1,128,1,1,16,0.000,0.000,,,,,NVIDIA A100-SXM4-40GB MIG 4g.20gb (0),1,,13,cupy_copy__complex64_complex64
4050590459,2080,90623,1,1,1,1,1,1,18,0.000,0.000,,,,,NVIDIA A100-SXM4-40GB MIG 4g.20gb (0),1,,13,cupy_copy__float32_float32
4050595611,1568,90629,,,,,,,,,,0.000,2.551,Device,Pageable,NVIDIA A100-SXM4-40GB MIG 4g.20gb (0),1,,7,[CUDA memcpy Device-to-Host]
4050889271,36128,90640,1434,1,1,128,1,1,16,0.000,0.000,,,,,NVIDIA A100-SXM4-40GB MIG 4g.20gb (0),1,,13,cupy_copy__complex64_complex64
4050927319,3648,90647,103,1,1,128,1,1,16,0.000,0.000,,,,,NVIDIA A100-SXM4-40GB MIG 4g.20gb (0),1,,13,cupy_copy__complex64_complex64
4050932663,2624,90654,35,1,1,128,1,1,16,0.000,0.000,,,,,NVIDIA A100-SXM4-40GB MIG 4g.20gb (0),1,,13,cupy_copy__complex64_complex64
4050978998,3712,90661,1,1,1,1,1,1,18,0.000,0.000,,,,,NVIDIA A100-SXM4-40GB MIG 4g.20gb (0),1,,13,cupy_copy__float32_float32
4051210772,208509,90672,1,1,1,32,32,1,30,0.000,0.000,,,,,NVIDIA A100-SXM4-40GB MIG 4g.20gb (0),1,,13,"void convert_kernel<__half2, float2>(tensor_layout_any, T1 *, tensor_layout_any, const T2 *)"
4051457041,5376,90675,,,,,,,,,,0.094,17428.487,Pinned,Device,NVIDIA A100-SXM4-40GB MIG 4g.20gb (0),1,,13,[CUDA memcpy Host-to-Device]
4051607471,12000,90676,,,,,,,,,,1.547,128884.818,Device,,NVIDIA A100-SXM4-40GB MIG 4g.20gb (0),1,,13,[CUDA memset]
4051620239,3168,90681,,,,,,,,,,0.031,9878.770,Pinned,Device,NVIDIA A100-SXM4-40GB MIG 4g.20gb (0),1,,13,[CUDA memcpy Host-to-Device]
4051625871,9472,90682,,,,,,,,,,0.197,20756.693,Pinned,Device,NVIDIA A100-SXM4-40GB MIG 4g.20gb (0),1,,13,[CUDA memcpy Host-to-Device]
4051668046,30528,90683,273,1,1,8,4,1,39,0.002,0.000,,,,,NVIDIA A100-SXM4-40GB MIG 4g.20gb (0),1,,13,"void channel_eq::eqMmseCoefCompLowMimoKernel<float, float, float, (unsigned int)4, (unsigned int)1, (unsigned int)4>(const channel_eq::_puschRxChEqStatDescr *, channel_eq::_puschRxChEqCoefCompDynDescr)"
4051868876,18272,90684,273,1,1,12,11,1,51,0.002,0.000,,,,,NVIDIA A100-SXM4-40GB MIG 4g.20gb (0),1,,13,"void channel_eq::eqMmseSoftDemapKernel<float, __half, __half, float, (unsigned int)4, (unsigned short)16383>(channel_eq::_puschRxChEqStatDescr *, channel_eq::_puschRxChEqSoftDemapDynDescr)"
4051961835,584345,90685,1,1,1,32,32,1,30,0.000,0.000,,,,,NVIDIA A100-SXM4-40GB MIG 4g.20gb (0),1,,13,"void convert_kernel<float2, __half2>(tensor_layout_any, T1 *, tensor_layout_any, const T2 *)"
4052606276,30687,90697,2253,1,1,128,1,1,16,0.000,0.000,,,,,NVIDIA A100-SXM4-40GB MIG 4g.20gb (0),1,,13,cupy_copy__float16_float16
4052638819,3872,90706,282,1,1,128,1,1,16,0.000,0.000,,,,,NVIDIA A100-SXM4-40GB MIG 4g.20gb (0),1,,13,cupy_copy__complex64_complex64
4052644643,2560,90715,26,1,1,128,1,1,16,0.000,0.000,,,,,NVIDIA A100-SXM4-40GB MIG 4g.20gb (0),1,,13,cupy_copy__float32_float32
4052679011,15904,90724,103,1,1,128,1,1,16,0.000,0.000,,,,,NVIDIA A100-SXM4-40GB MIG 4g.20gb (0),1,,13,cupy_copy__complex64_complex64
4052883392,21664,90734,1434,1,1,128,1,1,16,0.000,0.000,,,,,NVIDIA A100-SXM4-40GB MIG 4g.20gb (0),1,,13,cupy_copy__complex64_complex64
4052992383,229789,90739,1,1,1,32,32,1,30,0.000,0.000,,,,,NVIDIA A100-SXM4-40GB MIG 4g.20gb (0),1,,13,"void convert_kernel<__half2, float2>(tensor_layout_any, T1 *, tensor_layout_any, const T2 *)"
4053259324,5312,90742,,,,,,,,,,0.094,17638.553,Pinned,Device,NVIDIA A100-SXM4-40GB MIG 4g.20gb (0),1,,13,[CUDA memcpy Host-to-Device]
4053317275,648793,90743,,,,,,,,,,456.561,703561.179,Device,,NVIDIA A100-SXM4-40GB MIG 4g.20gb (0),1,,13,[CUDA memset]
4053967476,50975,90748,,,,,,,,,,1.235,24225.896,Pinned,Device,NVIDIA A100-SXM4-40GB MIG 4g.20gb (0),1,,13,[CUDA memcpy Host-to-Device]
4054021075,9568,90749,,,,,,,,,,0.197,20548.485,Pinned,Device,NVIDIA A100-SXM4-40GB MIG 4g.20gb (0),1,,13,[CUDA memcpy Host-to-Device]
4054317264,25024,90750,69,4,1,48,1,1,76,0.002,0.000,,,,,NVIDIA A100-SXM4-40GB MIG 4g.20gb (0),1,,13,"void ch_est::windowedChEstPreNoDftSOfdmKernel<float, __half, float, (unsigned int)2, (unsigned int)1, (unsigned short)4>(ch_est::puschRxChEstStatDescr_t *, ch_est::puschRxChEstDynDescr_t *)"
4054344207,7744,90751,137,2,1,24,2,1,44,0.001,0.001,,,,,NVIDIA A100-SXM4-40GB MIG 4g.20gb (0),1,,13,"void ch_est::chEstFilterNoDftSOfdmDispatchKernel<float, __half, float, (unsigned int)2>(ch_est::puschRxChEstStatDescr_t *, ch_est::puschRxChEstDynDescr_t *)"
4054354063,5408,90752,137,2,1,24,2,1,44,0.001,0.001,,,,,NVIDIA A100-SXM4-40GB MIG 4g.20gb (0),1,,13,"void ch_est::chEstFilterNoDftSOfdmDispatchKernel<float, __half, float, (unsigned int)2>(ch_est::puschRxChEstStatDescr_t *, ch_est::puschRxChEstDynDescr_t *)"
4054546893,6656,90763,103,1,1,128,1,1,16,0.000,0.000,,,,,NVIDIA A100-SXM4-40GB MIG 4g.20gb (0),1,,13,cupy_copy__complex64_complex64
4054641100,38560,90773,1434,1,1,128,1,1,16,0.000,0.000,,,,,NVIDIA A100-SXM4-40GB MIG 4g.20gb (0),1,,13,cupy_copy__complex64_complex64
4054681772,3648,90780,103,1,1,128,1,1,16,0.000,0.000,,,,,NVIDIA A100-SXM4-40GB MIG 4g.20gb (0),1,,13,cupy_copy__complex64_complex64
4054687788,130814,90787,1,1,1,32,32,1,30,0.000,0.000,,,,,NVIDIA A100-SXM4-40GB MIG 4g.20gb (0),1,,13,"void convert_kernel<__half2, float2>(tensor_layout_any, T1 *, tensor_layout_any, const T2 *)"
4054848138,5504,90790,,,,,,,,,,0.094,17023.251,Pinned,Device,NVIDIA A100-SXM4-40GB MIG 4g.20gb (0),1,,13,[CUDA memcpy Host-to-Device]
4055030888,68383,90791,,,,,,,,,,35.810,523648.460,Device,,NVIDIA A100-SXM4-40GB MIG 4g.20gb (0),1,,13,[CUDA memset]
4055103175,2112,90793,,,,,,,,,,0.000,37.879,Pinned,Device,NVIDIA A100-SXM4-40GB MIG 4g.20gb (0),1,,13,[CUDA memcpy Host-to-Device]
4055107847,9792,90794,,,,,,,,,,0.197,20078.395,Pinned,Device,NVIDIA A100-SXM4-40GB MIG 4g.20gb (0),1,,13,[CUDA memcpy Host-to-Device]
4055360772,15968,90795,273,1,1,48,1,1,40,0.000,0.001,,,,,NVIDIA A100-SXM4-40GB MIG 4g.20gb (0),1,,13,"void pusch_noise_intf_est::noiseIntfEstNoDftSOfdmKernel<float, __half, float, float, (unsigned int)2, (unsigned int)1, (unsigned char)4, (unsigned char)4>(pusch_noise_intf_est::puschRxNoiseIntfEstDynDescr)"
4055458627,20319,90806,35,1,1,128,1,1,16,0.000,0.000,,,,,NVIDIA A100-SXM4-40GB MIG 4g.20gb (0),1,,13,cupy_copy__complex64_complex64
4055671712,4320,90815,1,1,1,1,1,1,18,0.000,0.000,,,,,NVIDIA A100-SXM4-40GB MIG 4g.20gb (0),1,,13,cupy_copy__float32_float32
4055683072,1600,90821,,,,,,,,,,0.000,2.500,Device,Pageable,NVIDIA A100-SXM4-40GB MIG 4g.20gb (0),1,,7,[CUDA memcpy Device-to-Host]
4055843358,19712,90832,1434,1,1,128,1,1,16,0.000,0.000,,,,,NVIDIA A100-SXM4-40GB MIG 4g.20gb (0),1,,13,cupy_copy__complex64_complex64
4056113275,7264,90839,103,1,1,128,1,1,16,0.000,0.000,,,,,NVIDIA A100-SXM4-40GB MIG 4g.20gb (0),1,,13,cupy_copy__complex64_complex64
4056211066,8288,90846,35,1,1,128,1,1,16,0.000,0.000,,,,,NVIDIA A100-SXM4-40GB MIG 4g.20gb (0),1,,13,cupy_copy__complex64_complex64
4056221466,2528,90853,1,1,1,1,1,1,18,0.000,0.000,,,,,NVIDIA A100-SXM4-40GB MIG 4g.20gb (0),1,,13,cupy_copy__float32_float32
4056225530,212509,90864,1,1,1,32,32,1,30,0.000,0.000,,,,,NVIDIA A100-SXM4-40GB MIG 4g.20gb (0),1,,13,"void convert_kernel<__half2, float2>(tensor_layout_any, T1 *, tensor_layout_any, const T2 *)"
4056469143,5376,90867,,,,,,,,,,0.094,17428.487,Pinned,Device,NVIDIA A100-SXM4-40GB MIG 4g.20gb (0),1,,13,[CUDA memcpy Host-to-Device]
4056581270,8928,90868,,,,,,,,,,1.547,173232.714,Device,,NVIDIA A100-SXM4-40GB MIG 4g.20gb (0),1,,13,[CUDA memset]
4056591254,3072,90873,,,,,,,,,,0.031,10187.474,Pinned,Device,NVIDIA A100-SXM4-40GB MIG 4g.20gb (0),1,,13,[CUDA memcpy Host-to-Device]
4056596725,9440,90874,,,,,,,,,,0.197,20827.079,Pinned,Device,NVIDIA A100-SXM4-40GB MIG 4g.20gb (0),1,,13,[CUDA memcpy Host-to-Device]
4056902866,46719,90875,273,1,1,8,4,1,39,0.002,0.000,,,,,NVIDIA A100-SXM4-40GB MIG 4g.20gb (0),1,,13,"void channel_eq::eqMmseCoefCompLowMimoKernel<float, float, float, (unsigned int)4, (unsigned int)1, (unsigned int)4>(const channel_eq::_puschRxChEqStatDescr *, channel_eq::_puschRxChEqCoefCompDynDescr)"
4057136879,18272,90876,273,1,1,12,11,1,51,0.002,0.000,,,,,NVIDIA A100-SXM4-40GB MIG 4g.20gb (0),1,,13,"void channel_eq::eqMmseSoftDemapKernel<float, __half, __half, float, (unsigned int)4, (unsigned short)16383>(channel_eq::_puschRxChEqStatDescr *, channel_eq::_puschRxChEqSoftDemapDynDescr)"
4057229582,598329,90877,1,1,1,32,32,1,30,0.000,0.000,,,,,NVIDIA A100-SXM4-40GB MIG 4g.20gb (0),1,,13,"void convert_kernel<float2, __half2>(tensor_layout_any, T1 *, tensor_layout_any, const T2 *)"
4057912390,27648,90889,2253,1,1,128,1,1,16,0.000,0.000,,,,,NVIDIA A100-SXM4-40GB MIG 4g.20gb (0),1,,13,cupy_copy__float16_float16
4057977894,9791,90898,282,1,1,128,1,1,16,0.000,0.000,,,,,NVIDIA A100-SXM4-40GB MIG 4g.20gb (0),1,,13,cupy_copy__complex64_complex64
4058192835,4416,90907,26,1,1,128,1,1,16,0.000,0.000,,,,,NVIDIA A100-SXM4-40GB MIG 4g.20gb (0),1,,13,cupy_copy__float32_float32
4058295906,14272,90916,103,1,1,128,1,1,16,0.000,0.000,,,,,NVIDIA A100-SXM4-40GB MIG 4g.20gb (0),1,,13,cupy_copy__complex64_complex64
4058312482,22271,90926,1434,1,1,128,1,1,16,0.000,0.000,,,,,NVIDIA A100-SXM4-40GB MIG 4g.20gb (0),1,,13,cupy_copy__complex64_complex64
4058540511,241629,90931,1,1,1,32,32,1,30,0.000,0.000,,,,,NVIDIA A100-SXM4-40GB MIG 4g.20gb (0),1,,13,"void convert_kernel<__half2, float2>(tensor_layout_any, T1 *, tensor_layout_any, const T2 *)"
4058813340,5408,90934,,,,,,,,,,0.094,17325.421,Pinned,Device,NVIDIA A100-SXM4-40GB MIG 4g.20gb (0),1,,13,[CUDA memcpy Host-to-Device]
4058953658,652121,90935,,,,,,,,,,456.561,699908.688,Device,,NVIDIA A100-SXM4-40GB MIG 4g.20gb (0),1,,13,[CUDA memset]
4059608627,50367,90940,,,,,,,,,,1.235,24518.578,Pinned,Device,NVIDIA A100-SXM4-40GB MIG 4g.20gb (0),1,,13,[CUDA memcpy Host-to-Device]
4059661426,9664,90941,,,,,,,,,,0.197,20344.209,Pinned,Device,NVIDIA A100-SXM4-40GB MIG 4g.20gb (0),1,,13,[CUDA memcpy Host-to-Device]
4059917263,26336,90942,69,4,1,48,1,1,76,0.002,0.000,,,,,NVIDIA A100-SXM4-40GB MIG 4g.20gb (0),1,,13,"void ch_est::windowedChEstPreNoDftSOfdmKernel<float, __half, float, (unsigned int)2, (unsigned int)1, (unsigned short)4>(ch_est::puschRxChEstStatDescr_t *, ch_est::puschRxChEstDynDescr_t *)"
4059946863,7136,90943,137,2,1,24,2,1,44,0.001,0.001,,,,,NVIDIA A100-SXM4-40GB MIG 4g.20gb (0),1,,13,"void ch_est::chEstFilterNoDftSOfdmDispatchKernel<float, __half, float, (unsigned int)2>(ch_est::puschRxChEstStatDescr_t *, ch_est::puschRxChEstDynDescr_t *)"
4060258635,18752,90944,137,2,1,24,2,1,44,0.001,0.001,,,,,NVIDIA A100-SXM4-40GB MIG 4g.20gb (0),1,,13,"void ch_est::chEstFilterNoDftSOfdmDispatchKernel<float, __half, float, (unsigned int)2>(ch_est::puschRxChEstStatDescr_t *, ch_est::puschRxChEstDynDescr_t *)"
4060278987,3616,90955,103,1,1,128,1,1,16,0.000,0.000,,,,,NVIDIA A100-SXM4-40GB MIG 4g.20gb (0),1,,13,cupy_copy__complex64_complex64
4060284171,16192,90965,1434,1,1,128,1,1,16,0.000,0.000,,,,,NVIDIA A100-SXM4-40GB MIG 4g.20gb (0),1,,13,cupy_copy__complex64_complex64
4060332234,5952,90972,103,1,1,128,1,1,16,0.000,0.000,,,,,NVIDIA A100-SXM4-40GB MIG 4g.20gb (0),1,,13,cupy_copy__complex64_complex64
4060541832,233501,90979,1,1,1,32,32,1,30,0.000,0.000,,,,,NVIDIA A100-SXM4-40GB MIG 4g.20gb (0),1,,13,"void convert_kernel<__half2, float2>(tensor_layout_any, T1 *, tensor_layout_any, const T2 *)"
4060806885,5408,90982,,,,,,,,,,0.094,17325.421,Pinned,Device,NVIDIA A100-SXM4-40GB MIG 4g.20gb (0),1,,13,[CUDA memcpy Host-to-Device]
4061010051,250301,90983,,,,,,,,,,35.810,143060.630,Device,,NVIDIA A100-SXM4-40GB MIG 4g.20gb (0),1,,13,[CUDA memset]
4061267616,1824,90985,,,,,,,,,,0.000,43.860,Pinned,Device,NVIDIA A100-SXM4-40GB MIG 4g.20gb (0),1,,13,[CUDA memcpy Host-to-Device]
4061272672,9535,90986,,,,,,,,,,0.197,20619.461,Pinned,Device,NVIDIA A100-SXM4-40GB MIG 4g.20gb (0),1,,13,[CUDA memcpy Host-to-Device]
4061535772,15584,90987,273,1,1,48,1,1,40,0.000,0.001,,,,,NVIDIA A100-SXM4-40GB MIG 4g.20gb (0),1,,13,"void pusch_noise_intf_est::noiseIntfEstNoDftSOfdmKernel<float, __half, float, float, (unsigned int)2, (unsigned int)1, (unsigned char)4, (unsigned char)4>(pusch_noise_intf_est::puschRxNoiseIntfEstDynDescr)"
4061643803,8544,90998,35,1,1,128,1,1,16,0.000,0.000,,,,,NVIDIA A100-SXM4-40GB MIG 4g.20gb (0),1,,13,cupy_copy__complex64_complex64
4061654555,2688,91007,1,1,1,1,1,1,18,0.000,0.000,,,,,NVIDIA A100-SXM4-40GB MIG 4g.20gb (0),1,,13,cupy_copy__float32_float32
4061659099,1568,91013,,,,,,,,,,0.000,2.551,Device,Pageable,NVIDIA A100-SXM4-40GB MIG 4g.20gb (0),1,,7,[CUDA memcpy Device-to-Host]
4061942200,33055,91024,1434,1,1,128,1,1,16,0.000,0.000,,,,,NVIDIA A100-SXM4-40GB MIG 4g.20gb (0),1,,13,cupy_copy__complex64_complex64
4061977335,3456,91031,103,1,1,128,1,1,16,0.000,0.000,,,,,NVIDIA A100-SXM4-40GB MIG 4g.20gb (0),1,,13,cupy_copy__complex64_complex64
4061983575,2784,91038,35,1,1,128,1,1,16,0.000,0.000,,,,,NVIDIA A100-SXM4-40GB MIG 4g.20gb (0),1,,13,cupy_copy__complex64_complex64
4062037463,2528,91045,1,1,1,1,1,1,18,0.000,0.000,,,,,NVIDIA A100-SXM4-40GB MIG 4g.20gb (0),1,,13,cupy_copy__float32_float32
4062255572,242077,91056,1,1,1,32,32,1,30,0.000,0.000,,,,,NVIDIA A100-SXM4-40GB MIG 4g.20gb (0),1,,13,"void convert_kernel<__half2, float2>(tensor_layout_any, T1 *, tensor_layout_any, const T2 *)"
4062527281,5408,91059,,,,,,,,,,0.094,17325.421,Pinned,Device,NVIDIA A100-SXM4-40GB MIG 4g.20gb (0),1,,13,[CUDA memcpy Host-to-Device]
4062704367,12384,91060,,,,,,,,,,1.547,124888.341,Device,,NVIDIA A100-SXM4-40GB MIG 4g.20gb (0),1,,13,[CUDA memset]
4062722991,3008,91065,,,,,,,,,,0.031,10404.230,Pinned,Device,NVIDIA A100-SXM4-40GB MIG 4g.20gb (0),1,,13,[CUDA memcpy Host-to-Device]
4062729039,10112,91066,,,,,,,,,,0.197,19442.958,Pinned,Device,NVIDIA A100-SXM4-40GB MIG 4g.20gb (0),1,,13,[CUDA memcpy Host-to-Device]
4062974860,13024,91067,273,1,1,8,4,1,39,0.002,0.000,,,,,NVIDIA A100-SXM4-40GB MIG 4g.20gb (0),1,,13,"void channel_eq::eqMmseCoefCompLowMimoKernel<float, float, float, (unsigned int)4, (unsigned int)1, (unsigned int)4>(const channel_eq::_puschRxChEqStatDescr *, channel_eq::_puschRxChEqCoefCompDynDescr)"
4063094827,27391,91068,273,1,1,12,11,1,51,0.002,0.000,,,,,NVIDIA A100-SXM4-40GB MIG 4g.20gb (0),1,,13,"void channel_eq::eqMmseSoftDemapKernel<float, __half, __half, float, (unsigned int)4, (unsigned short)16383>(channel_eq::_puschRxChEqStatDescr *, channel_eq::_puschRxChEqSoftDemapDynDescr)"
4063310696,589657,91069,1,1,1,32,32,1,30,0.000,0.000,,,,,NVIDIA A100-SXM4-40GB MIG 4g.20gb (0),1,,13,"void convert_kernel<float2, __half2>(tensor_layout_any, T1 *, tensor_layout_any, const T2 *)"
4064131647,32191,91081,2253,1,1,128,1,1,16,0.000,0.000,,,,,NVIDIA A100-SXM4-40GB MIG 4g.20gb (0),1,,13,cupy_copy__float16_float16
4064165790,4064,91090,282,1,1,128,1,1,16,0.000,0.000,,,,,NVIDIA A100-SXM4-40GB MIG 4g.20gb (0),1,,13,cupy_copy__complex64_complex64
4064205502,6080,91099,26,1,1,128,1,1,16,0.000,0.000,,,,,NVIDIA A100-SXM4-40GB MIG 4g.20gb (0),1,,13,cupy_copy__float32_float32
4064409531,9184,91108,103,1,1,128,1,1,16,0.000,0.000,,,,,NVIDIA A100-SXM4-40GB MIG 4g.20gb (0),1,,13,cupy_copy__complex64_complex64
4064506586,33888,91118,1434,1,1,128,1,1,16,0.000,0.000,,,,,NVIDIA A100-SXM4-40GB MIG 4g.20gb (0),1,,13,cupy_copy__complex64_complex64
4064542490,125342,91123,1,1,1,32,32,1,30,0.000,0.000,,,,,NVIDIA A100-SXM4-40GB MIG 4g.20gb (0),1,,13,"void convert_kernel<__half2, float2>(tensor_layout_any, T1 *, tensor_layout_any, const T2 *)"
4064716856,5376,91126,,,,,,,,,,0.094,17428.487,Pinned,Device,NVIDIA A100-SXM4-40GB MIG 4g.20gb (0),1,,13,[CUDA memcpy Host-to-Device]
4064886870,643544,91127,,,,,,,,,,456.561,709039.916,Device,,NVIDIA A100-SXM4-40GB MIG 4g.20gb (0),1,,13,[CUDA memset]
4065532846,50560,91132,,,,,,,,,,1.235,24424.722,Pinned,Device,NVIDIA A100-SXM4-40GB MIG 4g.20gb (0),1,,13,[CUDA memcpy Host-to-Device]
4065585870,9568,91133,,,,,,,,,,0.197,20548.485,Pinned,Device,NVIDIA A100-SXM4-40GB MIG 4g.20gb (0),1,,13,[CUDA memcpy Host-to-Device]
4065825515,16128,91134,69,4,1,48,1,1,76,0.002,0.000,,,,,NVIDIA A100-SXM4-40GB MIG 4g.20gb (0),1,,13,"void ch_est::windowedChEstPreNoDftSOfdmKernel<float, __half, float, (unsigned int)2, (unsigned int)1, (unsigned short)4>(ch_est::puschRxChEstStatDescr_t *, ch_est::puschRxChEstDynDescr_t *)"
4065932874,36383,91135,137,2,1,24,2,1,44,0.001,0.001,,,,,NVIDIA A100-SXM4-40GB MIG 4g.20gb (0),1,,13,"void ch_est::chEstFilterNoDftSOfdmDispatchKernel<float, __half, float, (unsigned int)2>(ch_est::puschRxChEstStatDescr_t *, ch_est::puschRxChEstDynDescr_t *)"
4066148583,11200,91136,137,2,1,24,2,1,44,0.001,0.001,,,,,NVIDIA A100-SXM4-40GB MIG 4g.20gb (0),1,,13,"void ch_est::chEstFilterNoDftSOfdmDispatchKernel<float, __half, float, (unsigned int)2>(ch_est::puschRxChEstStatDescr_t *, ch_est::puschRxChEstDynDescr_t *)"
4066241926,6144,91147,103,1,1,128,1,1,16,0.000,0.000,,,,,NVIDIA A100-SXM4-40GB MIG 4g.20gb (0),1,,13,cupy_copy__complex64_complex64
4066252166,28576,91157,1434,1,1,128,1,1,16,0.000,0.000,,,,,NVIDIA A100-SXM4-40GB MIG 4g.20gb (0),1,,13,cupy_copy__complex64_complex64
4066282054,2880,91164,103,1,1,128,1,1,16,0.000,0.000,,,,,NVIDIA A100-SXM4-40GB MIG 4g.20gb (0),1,,13,cupy_copy__complex64_complex64
4066501987,238525,91171,1,1,1,32,32,1,30,0.000,0.000,,,,,NVIDIA A100-SXM4-40GB MIG 4g.20gb (0),1,,13,"void convert_kernel<__half2, float2>(tensor_layout_any, T1 *, tensor_layout_any, const T2 *)"
4066777568,5376,91174,,,,,,,,,,0.094,17428.487,Pinned,Device,NVIDIA A100-SXM4-40GB MIG 4g.20gb (0),1,,13,[CUDA memcpy Host-to-Device]
4066913726,74336,91175,,,,,,,,,,35.810,481715.044,Device,,NVIDIA A100-SXM4-40GB MIG 4g.20gb (0),1,,13,[CUDA memset]
4066992318,2048,91177,,,,,,,,,,0.000,39.062,Pinned,Device,NVIDIA A100-SXM4-40GB MIG 4g.20gb (0),1,,13,[CUDA memcpy Host-to-Device]
4066997373,9408,91178,,,,,,,,,,0.197,20897.858,Pinned,Device,NVIDIA A100-SXM4-40GB MIG 4g.20gb (0),1,,13,[CUDA memcpy Host-to-Device]
4067304346,23040,91179,273,1,1,48,1,1,40,0.000,0.001,,,,,NVIDIA A100-SXM4-40GB MIG 4g.20gb (0),1,,13,"void pusch_noise_intf_est::noiseIntfEstNoDftSOfdmKernel<float, __half, float, float, (unsigned int)2, (unsigned int)1, (unsigned char)4, (unsigned char)4>(pusch_noise_intf_est::puschRxNoiseIntfEstDynDescr)"
4067328858,3904,91190,35,1,1,128,1,1,16,0.000,0.000,,,,,NVIDIA A100-SXM4-40GB MIG 4g.20gb (0),1,,13,cupy_copy__complex64_complex64
4067334970,2176,91199,1,1,1,1,1,1,18,0.000,0.000,,,,,NVIDIA A100-SXM4-40GB MIG 4g.20gb (0),1,,13,cupy_copy__float32_float32
4067343225,2304,91205,,,,,,,,,,0.000,1.736,Device,Pageable,NVIDIA A100-SXM4-40GB MIG 4g.20gb (0),1,,7,[CUDA memcpy Device-to-Host]
4067606006,18560,91216,1434,1,1,128,1,1,16,0.000,0.000,,,,,NVIDIA A100-SXM4-40GB MIG 4g.20gb (0),1,,13,cupy_copy__complex64_complex64
4067683254,8575,91223,103,1,1,128,1,1,16,0.000,0.000,,,,,NVIDIA A100-SXM4-40GB MIG 4g.20gb (0),1,,13,cupy_copy__complex64_complex64
4067693205,5248,91230,35,1,1,128,1,1,16,0.000,0.000,,,,,NVIDIA A100-SXM4-40GB MIG 4g.20gb (0),1,,13,cupy_copy__complex64_complex64
4067700789,2208,91237,1,1,1,1,1,1,18,0.000,0.000,,,,,NVIDIA A100-SXM4-40GB MIG 4g.20gb (0),1,,13,cupy_copy__float32_float32
4067704821,190110,91248,1,1,1,32,32,1,30,0.000,0.000,,,,,NVIDIA A100-SXM4-40GB MIG 4g.20gb (0),1,,13,"void convert_kernel<__half2, float2>(tensor_layout_any, T1 *, tensor_layout_any, const T2 *)"
4067932211,5376,91251,,,,,,,,,,0.094,17428.487,Pinned,Device,NVIDIA A100-SXM4-40GB MIG 4g.20gb (0),1,,13,[CUDA memcpy Host-to-Device]
4067998418,15680,91252,,,,,,,,,,1.547,98635.946,Device,,NVIDIA A100-SXM4-40GB MIG 4g.20gb (0),1,,13,[CUDA memset]
4068015986,3008,91257,,,,,,,,,,0.031,10404.230,Pinned,Device,NVIDIA A100-SXM4-40GB MIG 4g.20gb (0),1,,13,[CUDA memcpy Host-to-Device]
4068021458,10016,91258,,,,,,,,,,0.197,19629.343,Pinned,Device,NVIDIA A100-SXM4-40GB MIG 4g.20gb (0),1,,13,[CUDA memcpy Host-to-Device]
4068325390,36000,91259,273,1,1,8,4,1,39,0.002,0.000,,,,,NVIDIA A100-SXM4-40GB MIG 4g.20gb (0),1,,13,"void channel_eq::eqMmseCoefCompLowMimoKernel<float, float, float, (unsigned int)4, (unsigned int)1, (unsigned int)4>(const channel_eq::_puschRxChEqStatDescr *, channel_eq::_puschRxChEqCoefCompDynDescr)"
4068362670,10720,91260,273,1,1,12,11,1,51,0.002,0.000,,,,,NVIDIA A100-SXM4-40GB MIG 4g.20gb (0),1,,13,"void channel_eq::eqMmseSoftDemapKernel<float, __half, __half, float, (unsigned int)4, (unsigned short)16383>(channel_eq::_puschRxChEqStatDescr *, channel_eq::_puschRxChEqSoftDemapDynDescr)"
4068568747,581082,91261,1,1,1,32,32,1,30,0.000,0.000,,,,,NVIDIA A100-SXM4-40GB MIG 4g.20gb (0),1,,13,"void convert_kernel<float2, __half2>(tensor_layout_any, T1 *, tensor_layout_any, const T2 *)"
4069316515,29919,91273,2253,1,1,128,1,1,16,0.000,0.000,,,,,NVIDIA A100-SXM4-40GB MIG 4g.20gb (0),1,,13,cupy_copy__float16_float16
4069347746,4064,91282,282,1,1,128,1,1,16,0.000,0.000,,,,,NVIDIA A100-SXM4-40GB MIG 4g.20gb (0),1,,13,cupy_copy__complex64_complex64
4069384066,5376,91291,26,1,1,128,1,1,16,0.000,0.000,,,,,NVIDIA A100-SXM4-40GB MIG 4g.20gb (0),1,,13,cupy_copy__float32_float32
4069594943,9152,91300,103,1,1,128,1,1,16,0.000,0.000,,,,,NVIDIA A100-SXM4-40GB MIG 4g.20gb (0),1,,13,cupy_copy__complex64_complex64
4069692542,33344,91310,1434,1,1,128,1,1,16,0.000,0.000,,,,,NVIDIA A100-SXM4-40GB MIG 4g.20gb (0),1,,13,cupy_copy__complex64_complex64
4069728030,123903,91315,1,1,1,32,32,1,30,0.000,0.000,,,,,NVIDIA A100-SXM4-40GB MIG 4g.20gb (0),1,,13,"void convert_kernel<__half2, float2>(tensor_layout_any, T1 *, tensor_layout_any, const T2 *)"
4069881148,5344,91318,,,,,,,,,,0.094,17532.864,Pinned,Device,NVIDIA A100-SXM4-40GB MIG 4g.20gb (0),1,,13,[CUDA memcpy Host-to-Device]
4070073850,643673,91319,,,,,,,,,,456.561,709039.916,Device,,NVIDIA A100-SXM4-40GB MIG 4g.20gb (0),1,,13,[CUDA memset]
4070723474,51360,91324,,,,,,,,,,1.235,24044.360,Pinned,Device,NVIDIA A100-SXM4-40GB MIG 4g.20gb (0),1,,13,[CUDA memcpy Host-to-Device]
4070777298,9824,91325,,,,,,,,,,0.197,20012.925,Pinned,Device,NVIDIA A100-SXM4-40GB MIG 4g.20gb (0),1,,13,[CUDA memcpy Host-to-Device]
4070975280,14847,91326,69,4,1,48,1,1,76,0.002,0.000,,,,,NVIDIA A100-SXM4-40GB MIG 4g.20gb (0),1,,13,"void ch_est::windowedChEstPreNoDftSOfdmKernel<float, __half, float, (unsigned int)2, (unsigned int)1, (unsigned short)4>(ch_est::puschRxChEstStatDescr_t *, ch_est::puschRxChEstDynDescr_t *)"
4071081966,34816,91327,137,2,1,24,2,1,44,0.001,0.001,,,,,NVIDIA A100-SXM4-40GB MIG 4g.20gb (0),1,,13,"void ch_est::chEstFilterNoDftSOfdmDispatchKernel<float, __half, float, (unsigned int)2>(ch_est::puschRxChEstStatDescr_t *, ch_est::puschRxChEstDynDescr_t *)"
4071298444,11392,91328,137,2,1,24,2,1,44,0.001,0.001,,,,,NVIDIA A100-SXM4-40GB MIG 4g.20gb (0),1,,13,"void ch_est::chEstFilterNoDftSOfdmDispatchKernel<float, __half, float, (unsigned int)2>(ch_est::puschRxChEstStatDescr_t *, ch_est::puschRxChEstDynDescr_t *)"
4071391051,10656,91339,103,1,1,128,1,1,16,0.000,0.000,,,,,NVIDIA A100-SXM4-40GB MIG 4g.20gb (0),1,,13,cupy_copy__complex64_complex64
4071403115,26335,91349,1434,1,1,128,1,1,16,0.000,0.000,,,,,NVIDIA A100-SXM4-40GB MIG 4g.20gb (0),1,,13,cupy_copy__complex64_complex64
4071633768,6528,91356,103,1,1,128,1,1,16,0.000,0.000,,,,,NVIDIA A100-SXM4-40GB MIG 4g.20gb (0),1,,13,cupy_copy__complex64_complex64
4071723815,244477,91363,1,1,1,32,32,1,30,0.000,0.000,,,,,NVIDIA A100-SXM4-40GB MIG 4g.20gb (0),1,,13,"void convert_kernel<__half2, float2>(tensor_layout_any, T1 *, tensor_layout_any, const T2 *)"
4071998948,5376,91366,,,,,,,,,,0.094,17428.487,Pinned,Device,NVIDIA A100-SXM4-40GB MIG 4g.20gb (0),1,,13,[CUDA memcpy Host-to-Device]
4072054403,69279,91367,,,,,,,,,,35.810,516880.385,Device,,NVIDIA A100-SXM4-40GB MIG 4g.20gb (0),1,,13,[CUDA memset]
4072126978,1856,91369,,,,,,,,,,0.000,43.103,Pinned,Device,NVIDIA A100-SXM4-40GB MIG 4g.20gb (0),1,,13,[CUDA memcpy Host-to-Device]
4072131362,10368,91370,,,,,,,,,,0.197,18962.842,Pinned,Device,NVIDIA A100-SXM4-40GB MIG 4g.20gb (0),1,,13,[CUDA memcpy Host-to-Device]
4072391039,16608,91371,273,1,1,48,1,1,40,0.000,0.001,,,,,NVIDIA A100-SXM4-40GB MIG 4g.20gb (0),1,,13,"void pusch_noise_intf_est::noiseIntfEstNoDftSOfdmKernel<float, __half, float, float, (unsigned int)2, (unsigned int)1, (unsigned char)4, (unsigned char)4>(pusch_noise_intf_est::puschRxNoiseIntfEstDynDescr)"
4072495870,12832,91382,35,1,1,128,1,1,16,0.000,0.000,,,,,NVIDIA A100-SXM4-40GB MIG 4g.20gb (0),1,,13,cupy_copy__complex64_complex64
4072510398,2752,91391,1,1,1,1,1,1,18,0.000,0.000,,,,,NVIDIA A100-SXM4-40GB MIG 4g.20gb (0),1,,13,cupy_copy__float32_float32
4072515390,1952,91397,,,,,,,,,,0.000,2.049,Device,Pageable,NVIDIA A100-SXM4-40GB MIG 4g.20gb (0),1,,7,[CUDA memcpy Device-to-Host]
4072802522,35168,91408,1434,1,1,128,1,1,16,0.000,0.000,,,,,NVIDIA A100-SXM4-40GB MIG 4g.20gb (0),1,,13,cupy_copy__complex64_complex64
4072839290,3584,91415,103,1,1,128,1,1,16,0.000,0.000,,,,,NVIDIA A100-SXM4-40GB MIG 4g.20gb (0),1,,13,cupy_copy__complex64_complex64
4072844506,2720,91422,35,1,1,128,1,1,16,0.000,0.000,,,,,NVIDIA A100-SXM4-40GB MIG 4g.20gb (0),1,,13,cupy_copy__complex64_complex64
4072889337,3520,91429,1,1,1,1,1,1,18,0.000,0.000,,,,,NVIDIA A100-SXM4-40GB MIG 4g.20gb (0),1,,13,cupy_copy__float32_float32
4073117207,248701,91440,1,1,1,32,32,1,30,0.000,0.000,,,,,NVIDIA A100-SXM4-40GB MIG 4g.20gb (0),1,,13,"void convert_kernel<__half2, float2>(tensor_layout_any, T1 *, tensor_layout_any, const T2 *)"
4073396916,5408,91443,,,,,,,,,,0.094,17325.421,Pinned,Device,NVIDIA A100-SXM4-40GB MIG 4g.20gb (0),1,,13,[CUDA memcpy Host-to-Device]
4073532242,11552,91444,,,,,,,,,,1.547,133883.507,Device,,NVIDIA A100-SXM4-40GB MIG 4g.20gb (0),1,,13,[CUDA memset]
4073544786,6240,91449,,,,,,,,,,0.031,5015.372,Pinned,Device,NVIDIA A100-SXM4-40GB MIG 4g.20gb (0),1,,13,[CUDA memcpy Host-to-Device]
4073554354,9920,91450,,,,,,,,,,0.197,19819.266,Pinned,Device,NVIDIA A100-SXM4-40GB MIG 4g.20gb (0),1,,13,[CUDA memcpy Host-to-Device]
4073859918,41344,91451,273,1,1,8,4,1,39,0.002,0.000,,,,,NVIDIA A100-SXM4-40GB MIG 4g.20gb (0),1,,13,"void channel_eq::eqMmseCoefCompLowMimoKernel<float, float, float, (unsigned int)4, (unsigned int)1, (unsigned int)4>(const channel_eq::_puschRxChEqStatDescr *, channel_eq::_puschRxChEqCoefCompDynDescr)"
4074102091,18016,91452,273,1,1,12,11,1,51,0.002,0.000,,,,,NVIDIA A100-SXM4-40GB MIG 4g.20gb (0),1,,13,"void channel_eq::eqMmseSoftDemapKernel<float, __half, __half, float, (unsigned int)4, (unsigned short)16383>(channel_eq::_puschRxChEqStatDescr *, channel_eq::_puschRxChEqSoftDemapDynDescr)"
4074204330,617561,91453,1,1,1,32,32,1,30,0.000,0.000,,,,,NVIDIA A100-SXM4-40GB MIG 4g.20gb (0),1,,13,"void convert_kernel<float2, __half2>(tensor_layout_any, T1 *, tensor_layout_any, const T2 *)"
4074876259,29055,91465,2253,1,1,128,1,1,16,0.000,0.000,,,,,NVIDIA A100-SXM4-40GB MIG 4g.20gb (0),1,,13,cupy_copy__float16_float16
4074907362,3520,91474,282,1,1,128,1,1,16,0.000,0.000,,,,,NVIDIA A100-SXM4-40GB MIG 4g.20gb (0),1,,13,cupy_copy__complex64_complex64
4074946498,5856,91483,26,1,1,128,1,1,16,0.000,0.000,,,,,NVIDIA A100-SXM4-40GB MIG 4g.20gb (0),1,,13,cupy_copy__float32_float32
4075156063,9600,91492,103,1,1,128,1,1,16,0.000,0.000,,,,,NVIDIA A100-SXM4-40GB MIG 4g.20gb (0),1,,13,cupy_copy__complex64_complex64
4075252798,37376,91502,1434,1,1,128,1,1,16,0.000,0.000,,,,,NVIDIA A100-SXM4-40GB MIG 4g.20gb (0),1,,13,cupy_copy__complex64_complex64
4075297118,124702,91507,1,1,1,32,32,1,30,0.000,0.000,,,,,NVIDIA A100-SXM4-40GB MIG 4g.20gb (0),1,,13,"void convert_kernel<__half2, float2>(tensor_layout_any, T1 *, tensor_layout_any, const T2 *)"
4075453052,5408,91510,,,,,,,,,,0.094,17325.421,Pinned,Device,NVIDIA A100-SXM4-40GB MIG 4g.20gb (0),1,,13,[CUDA memcpy Host-to-Device]
4075637018,625305,91511,,,,,,,,,,456.561,730041.743,Device,,NVIDIA A100-SXM4-40GB MIG 4g.20gb (0),1,,13,[CUDA memset]
4076265971,62271,91516,,,,,,,,,,1.235,19830.731,Pinned,Device,NVIDIA A100-SXM4-40GB MIG 4g.20gb (0),1,,13,[CUDA memcpy Host-to-Device]
4076330674,11968,91517,,,,,,,,,,0.197,16427.778,Pinned,Device,NVIDIA A100-SXM4-40GB MIG 4g.20gb (0),1,,13,[CUDA memcpy Host-to-Device]
4076616430,24576,91518,69,4,1,48,1,1,76,0.002,0.000,,,,,NVIDIA A100-SXM4-40GB MIG 4g.20gb (0),1,,13,"void ch_est::windowedChEstPreNoDftSOfdmKernel<float, __half, float, (unsigned int)2, (unsigned int)1, (unsigned short)4>(ch_est::puschRxChEstStatDescr_t *, ch_est::puschRxChEstDynDescr_t *)"
4076642862,7584,91519,137,2,1,24,2,1,44,0.001,0.001,,,,,NVIDIA A100-SXM4-40GB MIG 4g.20gb (0),1,,13,"void ch_est::chEstFilterNoDftSOfdmDispatchKernel<float, __half, float, (unsigned int)2>(ch_est::puschRxChEstStatDescr_t *, ch_est::puschRxChEstDynDescr_t *)"
4076654478,4928,91520,137,2,1,24,2,1,44,0.001,0.001,,,,,NVIDIA A100-SXM4-40GB MIG 4g.20gb (0),1,,13,"void ch_est::chEstFilterNoDftSOfdmDispatchKernel<float, __half, float, (unsigned int)2>(ch_est::puschRxChEstStatDescr_t *, ch_est::puschRxChEstDynDescr_t *)"
4076850316,6368,91531,103,1,1,128,1,1,16,0.000,0.000,,,,,NVIDIA A100-SXM4-40GB MIG 4g.20gb (0),1,,13,cupy_copy__complex64_complex64
4076940107,36319,91541,1434,1,1,128,1,1,16,0.000,0.000,,,,,NVIDIA A100-SXM4-40GB MIG 4g.20gb (0),1,,13,cupy_copy__complex64_complex64
4076980106,4224,91548,103,1,1,128,1,1,16,0.000,0.000,,,,,NVIDIA A100-SXM4-40GB MIG 4g.20gb (0),1,,13,cupy_copy__complex64_complex64
4076986410,131487,91555,1,1,1,32,32,1,30,0.000,0.000,,,,,NVIDIA A100-SXM4-40GB MIG 4g.20gb (0),1,,13,"void convert_kernel<__half2, float2>(tensor_layout_any, T1 *, tensor_layout_any, const T2 *)"
4077276071,5376,91558,,,,,,,,,,0.094,17428.487,Pinned,Device,NVIDIA A100-SXM4-40GB MIG 4g.20gb (0),1,,13,[CUDA memcpy Host-to-Device]
4077332070,67711,91559,,,,,,,,,,35.810,528840.899,Device,,NVIDIA A100-SXM4-40GB MIG 4g.20gb (0),1,,13,[CUDA memset]
4077404997,2080,91561,,,,,,,,,,0.000,38.462,Pinned,Device,NVIDIA A100-SXM4-40GB MIG 4g.20gb (0),1,,13,[CUDA memcpy Host-to-Device]
4077409605,10016,91562,,,,,,,,,,0.197,19629.343,Pinned,Device,NVIDIA A100-SXM4-40GB MIG 4g.20gb (0),1,,13,[CUDA memcpy Host-to-Device]
4077663970,13984,91563,273,1,1,48,1,1,40,0.000,0.001,,,,,NVIDIA A100-SXM4-40GB MIG 4g.20gb (0),1,,13,"void pusch_noise_intf_est::noiseIntfEstNoDftSOfdmKernel<float, __half, float, float, (unsigned int)2, (unsigned int)1, (unsigned char)4, (unsigned char)4>(pusch_noise_intf_est::puschRxNoiseIntfEstDynDescr)"
4077755041,8928,91574,35,1,1,128,1,1,16,0.000,0.000,,,,,NVIDIA A100-SXM4-40GB MIG 4g.20gb (0),1,,13,cupy_copy__complex64_complex64
4077766273,2112,91583,1,1,1,1,1,1,18,0.000,0.000,,,,,NVIDIA A100-SXM4-40GB MIG 4g.20gb (0),1,,13,cupy_copy__float32_float32
4077775617,1888,91589,,,,,,,,,,0.000,2.119,Device,Pageable,NVIDIA A100-SXM4-40GB MIG 4g.20gb (0),1,,7,[CUDA memcpy Device-to-Host]
4078087165,38432,91600,1434,1,1,128,1,1,16,0.000,0.000,,,,,NVIDIA A100-SXM4-40GB MIG 4g.20gb (0),1,,13,cupy_copy__complex64_complex64
4078359194,6592,91607,103,1,1,128,1,1,16,0.000,0.000,,,,,NVIDIA A100-SXM4-40GB MIG 4g.20gb (0),1,,13,cupy_copy__complex64_complex64
4078455321,17184,91614,35,1,1,128,1,1,16,0.000,0.000,,,,,NVIDIA A100-SXM4-40GB MIG 4g.20gb (0),1,,13,cupy_copy__complex64_complex64
4078474745,2048,91621,1,1,1,1,1,1,18,0.000,0.000,,,,,NVIDIA A100-SXM4-40GB MIG 4g.20gb (0),1,,13,cupy_copy__float32_float32
4078478617,202206,91632,1,1,1,32,32,1,30,0.000,0.000,,,,,NVIDIA A100-SXM4-40GB MIG 4g.20gb (0),1,,13,"void convert_kernel<__half2, float2>(tensor_layout_any, T1 *, tensor_layout_any, const T2 *)"
4078710166,5376,91635,,,,,,,,,,0.094,17428.487,Pinned,Device,NVIDIA A100-SXM4-40GB MIG 4g.20gb (0),1,,13,[CUDA memcpy Host-to-Device]
4078786549,16928,91636,,,,,,,,,,1.547,91363.720,Device,,NVIDIA A100-SXM4-40GB MIG 4g.20gb (0),1,,13,[CUDA memset]
4078804725,3264,91641,,,,,,,,,,0.031,9588.218,Pinned,Device,NVIDIA A100-SXM4-40GB MIG 4g.20gb (0),1,,13,[CUDA memcpy Host-to-Device]
4078810581,10304,91642,,,,,,,,,,0.197,19080.610,Pinned,Device,NVIDIA A100-SXM4-40GB MIG 4g.20gb (0),1,,13,[CUDA memcpy Host-to-Device]
4079059122,14400,91643,273,1,1,8,4,1,39,0.002,0.000,,,,,NVIDIA A100-SXM4-40GB MIG 4g.20gb (0),1,,13,"void channel_eq::eqMmseCoefCompLowMimoKernel<float, float, float, (unsigned int)4, (unsigned int)1, (unsigned int)4>(const channel_eq::_puschRxChEqStatDescr *, channel_eq::_puschRxChEqCoefCompDynDescr)"
4079153073,28192,91644,273,1,1,12,11,1,51,0.002,0.000,,,,,NVIDIA A100-SXM4-40GB MIG 4g.20gb (0),1,,13,"void channel_eq::eqMmseSoftDemapKernel<float, __half, __half, float, (unsigned int)4, (unsigned short)16383>(channel_eq::_puschRxChEqStatDescr *, channel_eq::_puschRxChEqSoftDemapDynDescr)"
4079182673,422651,91645,1,1,1,32,32,1,30,0.000,0.000,,,,,NVIDIA A100-SXM4-40GB MIG 4g.20gb (0),1,,13,"void convert_kernel<float2, __half2>(tensor_layout_any, T1 *, tensor_layout_any, const T2 *)"
4079794698,40543,91657,2253,1,1,128,1,1,16,0.000,0.000,,,,,NVIDIA A100-SXM4-40GB MIG 4g.20gb (0),1,,13,cupy_copy__float16_float16
4080044263,6688,91666,282,1,1,128,1,1,16,0.000,0.000,,,,,NVIDIA A100-SXM4-40GB MIG 4g.20gb (0),1,,13,cupy_copy__complex64_complex64
4080145030,3552,91675,26,1,1,128,1,1,16,0.000,0.000,,,,,NVIDIA A100-SXM4-40GB MIG 4g.20gb (0),1,,13,cupy_copy__float32_float32
4080151302,11168,91684,103,1,1,128,1,1,16,0.000,0.000,,,,,NVIDIA A100-SXM4-40GB MIG 4g.20gb (0),1,,13,cupy_copy__complex64_complex64
4080164422,18719,91694,1434,1,1,128,1,1,16,0.000,0.000,,,,,NVIDIA A100-SXM4-40GB MIG 4g.20gb (0),1,,13,cupy_copy__complex64_complex64
4080184997,120223,91699,1,1,1,32,32,1,30,0.000,0.000,,,,,NVIDIA A100-SXM4-40GB MIG 4g.20gb (0),1,,13,"void convert_kernel<__half2, float2>(tensor_layout_any, T1 *, tensor_layout_any, const T2 *)"
4080336964,5343,91702,,,,,,,,,,0.094,17536.143,Pinned,Device,NVIDIA A100-SXM4-40GB MIG 4g.20gb (0),1,,13,[CUDA memcpy Host-to-Device]
4080525601,644377,91703,,,,,,,,,,456.561,708126.793,Device,,NVIDIA A100-SXM4-40GB MIG 4g.20gb (0),1,,13,[CUDA memset]
4081173050,49759,91708,,,,,,,,,,1.235,24817.435,Pinned,Device,NVIDIA A100-SXM4-40GB MIG 4g.20gb (0),1,,13,[CUDA memcpy Host-to-Device]
4081225401,9952,91709,,,,,,,,,,0.197,19755.565,Pinned,Device,NVIDIA A100-SXM4-40GB MIG 4g.20gb (0),1,,13,[CUDA memcpy Host-to-Device]
4081462327,15967,91710,69,4,1,48,1,1,76,0.002,0.000,,,,,NVIDIA A100-SXM4-40GB MIG 4g.20gb (0),1,,13,"void ch_est::windowedChEstPreNoDftSOfdmKernel<float, __half, float, (unsigned int)2, (unsigned int)1, (unsigned short)4>(ch_est::puschRxChEstStatDescr_t *, ch_est::puschRxChEstDynDescr_t *)"
4081576597,33120,91711,137,2,1,24,2,1,44,0.001,0.001,,,,,NVIDIA A100-SXM4-40GB MIG 4g.20gb (0),1,,13,"void ch_est::chEstFilterNoDftSOfdmDispatchKernel<float, __half, float, (unsigned int)2>(ch_est::puschRxChEstStatDescr_t *, ch_est::puschRxChEstDynDescr_t *)"
4081799603,9952,91712,137,2,1,24,2,1,44,0.001,0.001,,,,,NVIDIA A100-SXM4-40GB MIG 4g.20gb (0),1,,13,"void ch_est::chEstFilterNoDftSOfdmDispatchKernel<float, __half, float, (unsigned int)2>(ch_est::puschRxChEstStatDescr_t *, ch_est::puschRxChEstDynDescr_t *)"
4081907729,8480,91723,103,1,1,128,1,1,16,0.000,0.000,,,,,NVIDIA A100-SXM4-40GB MIG 4g.20gb (0),1,,13,cupy_copy__complex64_complex64
4081918321,17952,91733,1434,1,1,128,1,1,16,0.000,0.000,,,,,NVIDIA A100-SXM4-40GB MIG 4g.20gb (0),1,,13,cupy_copy__complex64_complex64
4082147567,5664,91740,103,1,1,128,1,1,16,0.000,0.000,,,,,NVIDIA A100-SXM4-40GB MIG 4g.20gb (0),1,,13,cupy_copy__complex64_complex64
4082243790,228381,91747,1,1,1,32,32,1,30,0.000,0.000,,,,,NVIDIA A100-SXM4-40GB MIG 4g.20gb (0),1,,13,"void convert_kernel<__half2, float2>(tensor_layout_any, T1 *, tensor_layout_any, const T2 *)"
4082501899,5439,91750,,,,,,,,,,0.094,17226.665,Pinned,Device,NVIDIA A100-SXM4-40GB MIG 4g.20gb (0),1,,13,[CUDA memcpy Host-to-Device]
4082552522,74271,91751,,,,,,,,,,35.810,482144.763,Device,,NVIDIA A100-SXM4-40GB MIG 4g.20gb (0),1,,13,[CUDA memset]
4082630921,1856,91753,,,,,,,,,,0.000,43.103,Pinned,Device,NVIDIA A100-SXM4-40GB MIG 4g.20gb (0),1,,13,[CUDA memcpy Host-to-Device]
4082636169,9376,91754,,,,,,,,,,0.197,20969.226,Pinned,Device,NVIDIA A100-SXM4-40GB MIG 4g.20gb (0),1,,13,[CUDA memcpy Host-to-Device]
4082888230,15712,91755,273,1,1,48,1,1,40,0.000,0.001,,,,,NVIDIA A100-SXM4-40GB MIG 4g.20gb (0),1,,13,"void pusch_noise_intf_est::noiseIntfEstNoDftSOfdmKernel<float, __half, float, float, (unsigned int)2, (unsigned int)1, (unsigned char)4, (unsigned char)4>(pusch_noise_intf_est::puschRxNoiseIntfEstDynDescr)"
4082990373,9056,91766,35,1,1,128,1,1,16,0.000,0.000,,,,,NVIDIA A100-SXM4-40GB MIG 4g.20gb (0),1,,13,cupy_copy__complex64_complex64
4083004101,2304,91775,1,1,1,1,1,1,18,0.000,0.000,,,,,NVIDIA A100-SXM4-40GB MIG 4g.20gb (0),1,,13,cupy_copy__float32_float32
4083012325,1568,91781,,,,,,,,,,0.000,2.551,Device,Pageable,NVIDIA A100-SXM4-40GB MIG 4g.20gb (0),1,,7,[CUDA memcpy Device-to-Host]
4083306113,35616,91792,1434,1,1,128,1,1,16,0.000,0.000,,,,,NVIDIA A100-SXM4-40GB MIG 4g.20gb (0),1,,13,cupy_copy__complex64_complex64
4083370241,5567,91799,103,1,1,128,1,1,16,0.000,0.000,,,,,NVIDIA A100-SXM4-40GB MIG 4g.20gb (0),1,,13,cupy_copy__complex64_complex64
4083577534,6592,91806,35,1,1,128,1,1,16,0.000,0.000,,,,,NVIDIA A100-SXM4-40GB MIG 4g.20gb (0),1,,13,cupy_copy__complex64_complex64
4083678461,4736,91813,1,1,1,1,1,1,18,0.000,0.000,,,,,NVIDIA A100-SXM4-40GB MIG 4g.20gb (0),1,,13,cupy_copy__float32_float32
4083685213,199582,91824,1,1,1,32,32,1,30,0.000,0.000,,,,,NVIDIA A100-SXM4-40GB MIG 4g.20gb (0),1,,13,"void convert_kernel<__half2, float2>(tensor_layout_any, T1 *, tensor_layout_any, const T2 *)"
4083916122,5376,91827,,,,,,,,,,0.094,17428.487,Pinned,Device,NVIDIA A100-SXM4-40GB MIG 4g.20gb (0),1,,13,[CUDA memcpy Host-to-Device]
4083993945,11776,91828,,,,,,,,,,1.547,131336.217,Device,,NVIDIA A100-SXM4-40GB MIG 4g.20gb (0),1,,13,[CUDA memset]
4084008633,3680,91833,,,,,,,,,,0.031,8504.344,Pinned,Device,NVIDIA A100-SXM4-40GB MIG 4g.20gb (0),1,,13,[CUDA memcpy Host-to-Device]
4084014809,10656,91834,,,,,,,,,,0.197,18450.285,Pinned,Device,NVIDIA A100-SXM4-40GB MIG 4g.20gb (0),1,,13,[CUDA memcpy Host-to-Device]
4084331701,35936,91835,273,1,1,8,4,1,39,0.002,0.000,,,,,NVIDIA A100-SXM4-40GB MIG 4g.20gb (0),1,,13,"void channel_eq::eqMmseCoefCompLowMimoKernel<float, float, float, (unsigned int)4, (unsigned int)1, (unsigned int)4>(const channel_eq::_puschRxChEqStatDescr *, channel_eq::_puschRxChEqCoefCompDynDescr)"
4084575347,17471,91836,273,1,1,12,11,1,51,0.002,0.000,,,,,NVIDIA A100-SXM4-40GB MIG 4g.20gb (0),1,,13,"void channel_eq::eqMmseSoftDemapKernel<float, __half, __half, float, (unsigned int)4, (unsigned short)16383>(channel_eq::_puschRxChEqStatDescr *, channel_eq::_puschRxChEqSoftDemapDynDescr)"
4084678161,611705,91837,1,1,1,32,32,1,30,0.000,0.000,,,,,NVIDIA A100-SXM4-40GB MIG 4g.20gb (0),1,,13,"void convert_kernel<float2, __half2>(tensor_layout_any, T1 *, tensor_layout_any, const T2 *)"
4085347690,29215,91849,2253,1,1,128,1,1,16,0.000,0.000,,,,,NVIDIA A100-SXM4-40GB MIG 4g.20gb (0),1,,13,cupy_copy__float16_float16
4085378761,3776,91858,282,1,1,128,1,1,16,0.000,0.000,,,,,NVIDIA A100-SXM4-40GB MIG 4g.20gb (0),1,,13,cupy_copy__complex64_complex64
4085579495,4768,91867,26,1,1,128,1,1,16,0.000,0.000,,,,,NVIDIA A100-SXM4-40GB MIG 4g.20gb (0),1,,13,cupy_copy__float32_float32
4085668870,14624,91876,103,1,1,128,1,1,16,0.000,0.000,,,,,NVIDIA A100-SXM4-40GB MIG 4g.20gb (0),1,,13,cupy_copy__complex64_complex64
4085686150,22016,91886,1434,1,1,128,1,1,16,0.000,0.000,,,,,NVIDIA A100-SXM4-40GB MIG 4g.20gb (0),1,,13,cupy_copy__complex64_complex64
4085710310,116574,91891,1,1,1,32,32,1,30,0.000,0.000,,,,,NVIDIA A100-SXM4-40GB MIG 4g.20gb (0),1,,13,"void convert_kernel<__half2, float2>(tensor_layout_any, T1 *, tensor_layout_any, const T2 *)"
4085855812,5408,91894,,,,,,,,,,0.094,17325.421,Pinned,Device,NVIDIA A100-SXM4-40GB MIG 4g.20gb (0),1,,13,[CUDA memcpy Host-to-Device]
4086063329,636505,91895,,,,,,,,,,456.561,717258.022,Device,,NVIDIA A100-SXM4-40GB MIG 4g.20gb (0),1,,13,[CUDA memset]
4086703866,50623,91900,,,,,,,,,,1.235,24393.849,Pinned,Device,NVIDIA A100-SXM4-40GB MIG 4g.20gb (0),1,,13,[CUDA memcpy Host-to-Device]
4086756953,9824,91901,,,,,,,,,,0.197,20012.925,Pinned,Device,NVIDIA A100-SXM4-40GB MIG 4g.20gb (0),1,,13,[CUDA memcpy Host-to-Device]
4086990295,15968,91902,69,4,1,48,1,1,76,0.002,0.000,,,,,NVIDIA A100-SXM4-40GB MIG 4g.20gb (0),1,,13,"void ch_est::windowedChEstPreNoDftSOfdmKernel<float, __half, float, (unsigned int)2, (unsigned int)1, (unsigned short)4>(ch_est::puschRxChEstStatDescr_t *, ch_est::puschRxChEstDynDescr_t *)"
4087096854,36895,91903,137,2,1,24,2,1,44,0.001,0.001,,,,,NVIDIA A100-SXM4-40GB MIG 4g.20gb (0),1,,13,"void ch_est::chEstFilterNoDftSOfdmDispatchKernel<float, __half, float, (unsigned int)2>(ch_est::puschRxChEstStatDescr_t *, ch_est::puschRxChEstDynDescr_t *)"
4087327507,11776,91904,137,2,1,24,2,1,44,0.001,0.001,,,,,NVIDIA A100-SXM4-40GB MIG 4g.20gb (0),1,,13,"void ch_est::chEstFilterNoDftSOfdmDispatchKernel<float, __half, float, (unsigned int)2>(ch_est::puschRxChEstStatDescr_t *, ch_est::puschRxChEstDynDescr_t *)"
4087430034,9088,91915,103,1,1,128,1,1,16,0.000,0.000,,,,,NVIDIA A100-SXM4-40GB MIG 4g.20gb (0),1,,13,cupy_copy__complex64_complex64
4087440978,22527,91925,1434,1,1,128,1,1,16,0.000,0.000,,,,,NVIDIA A100-SXM4-40GB MIG 4g.20gb (0),1,,13,cupy_copy__complex64_complex64
4087465489,2784,91932,103,1,1,128,1,1,16,0.000,0.000,,,,,NVIDIA A100-SXM4-40GB MIG 4g.20gb (0),1,,13,cupy_copy__complex64_complex64
4087675823,244733,91939,1,1,1,32,32,1,30,0.000,0.000,,,,,NVIDIA A100-SXM4-40GB MIG 4g.20gb (0),1,,13,"void convert_kernel<__half2, float2>(tensor_layout_any, T1 *, tensor_layout_any, const T2 *)"
4087950860,5376,91942,,,,,,,,,,0.094,17428.487,Pinned,Device,NVIDIA A100-SXM4-40GB MIG 4g.20gb (0),1,,13,[CUDA memcpy Host-to-Device]
4088093802,74943,91943,,,,,,,,,,35.810,477811.763,Device,,NVIDIA A100-SXM4-40GB MIG 4g.20gb (0),1,,13,[CUDA memset]
4088172169,2752,91945,,,,,,,,,,0.000,29.070,Pinned,Device,NVIDIA A100-SXM4-40GB MIG 4g.20gb (0),1,,13,[CUDA memcpy Host-to-Device]
4088177737,10624,91946,,,,,,,,,,0.197,18505.925,Pinned,Device,NVIDIA A100-SXM4-40GB MIG 4g.20gb (0),1,,13,[CUDA memcpy Host-to-Device]
4088203113,15968,91947,273,1,1,48,1,1,40,0.000,0.001,,,,,NVIDIA A100-SXM4-40GB MIG 4g.20gb (0),1,,13,"void pusch_noise_intf_est::noiseIntfEstNoDftSOfdmKernel<float, __half, float, float, (unsigned int)2, (unsigned int)1, (unsigned char)4, (unsigned char)4>(pusch_noise_intf_est::puschRxNoiseIntfEstDynDescr)"
4088419910,8224,91958,35,1,1,128,1,1,16,0.000,0.000,,,,,NVIDIA A100-SXM4-40GB MIG 4g.20gb (0),1,,13,cupy_copy__complex64_complex64
4088520997,4864,91967,1,1,1,1,1,1,18,0.000,0.000,,,,,NVIDIA A100-SXM4-40GB MIG 4g.20gb (0),1,,13,cupy_copy__float32_float32
4088529125,1568,91973,,,,,,,,,,0.000,2.551,Device,Pageable,NVIDIA A100-SXM4-40GB MIG 4g.20gb (0),1,,7,[CUDA memcpy Device-to-Host]
4088838401,32288,91984,1434,1,1,128,1,1,16,0.000,0.000,,,,,NVIDIA A100-SXM4-40GB MIG 4g.20gb (0),1,,13,cupy_copy__complex64_complex64
4088872321,3840,91991,103,1,1,128,1,1,16,0.000,0.000,,,,,NVIDIA A100-SXM4-40GB MIG 4g.20gb (0),1,,13,cupy_copy__complex64_complex64
4089080511,5600,91998,35,1,1,128,1,1,16,0.000,0.000,,,,,NVIDIA A100-SXM4-40GB MIG 4g.20gb (0),1,,13,cupy_copy__complex64_complex64
4089170526,2976,92005,1,1,1,1,1,1,18,0.000,0.000,,,,,NVIDIA A100-SXM4-40GB MIG 4g.20gb (0),1,,13,cupy_copy__float32_float32
4089175422,239037,92016,1,1,1,32,32,1,30,0.000,0.000,,,,,NVIDIA A100-SXM4-40GB MIG 4g.20gb (0),1,,13,"void convert_kernel<__half2, float2>(tensor_layout_any, T1 *, tensor_layout_any, const T2 *)"
4089445178,5440,92019,,,,,,,,,,0.094,17223.480,Pinned,Device,NVIDIA A100-SXM4-40GB MIG 4g.20gb (0),1,,13,[CUDA memcpy Host-to-Device]
4089488634,11616,92020,,,,,,,,,,1.547,133145.767,Device,,NVIDIA A100-SXM4-40GB MIG 4g.20gb (0),1,,13,[CUDA memset]
4089506010,3136,92025,,,,,,,,,,0.031,9979.575,Pinned,Device,NVIDIA A100-SXM4-40GB MIG 4g.20gb (0),1,,13,[CUDA memcpy Host-to-Device]
4089511610,9408,92026,,,,,,,,,,0.197,20897.858,Pinned,Device,NVIDIA A100-SXM4-40GB MIG 4g.20gb (0),1,,13,[CUDA memcpy Host-to-Device]
4089815190,45440,92027,273,1,1,8,4,1,39,0.002,0.000,,,,,NVIDIA A100-SXM4-40GB MIG 4g.20gb (0),1,,13,"void channel_eq::eqMmseCoefCompLowMimoKernel<float, float, float, (unsigned int)4, (unsigned int)1, (unsigned int)4>(const channel_eq::_puschRxChEqStatDescr *, channel_eq::_puschRxChEqCoefCompDynDescr)"
4090049779,18112,92028,273,1,1,12,11,1,51,0.002,0.000,,,,,NVIDIA A100-SXM4-40GB MIG 4g.20gb (0),1,,13,"void channel_eq::eqMmseSoftDemapKernel<float, __half, __half, float, (unsigned int)4, (unsigned short)16383>(channel_eq::_puschRxChEqStatDescr *, channel_eq::_puschRxChEqSoftDemapDynDescr)"
4090160562,618937,92029,1,1,1,32,32,1,30,0.000,0.000,,,,,NVIDIA A100-SXM4-40GB MIG 4g.20gb (0),1,,13,"void convert_kernel<float2, __half2>(tensor_layout_any, T1 *, tensor_layout_any, const T2 *)"
4090787019,28160,92041,2253,1,1,128,1,1,16,0.000,0.000,,,,,NVIDIA A100-SXM4-40GB MIG 4g.20gb (0),1,,13,cupy_copy__float16_float16
4090817227,3648,92050,282,1,1,128,1,1,16,0.000,0.000,,,,,NVIDIA A100-SXM4-40GB MIG 4g.20gb (0),1,,13,cupy_copy__complex64_complex64
4090822603,2367,92059,26,1,1,128,1,1,16,0.000,0.000,,,,,NVIDIA A100-SXM4-40GB MIG 4g.20gb (0),1,,13,cupy_copy__float32_float32
4090857578,15296,92068,103,1,1,128,1,1,16,0.000,0.000,,,,,NVIDIA A100-SXM4-40GB MIG 4g.20gb (0),1,,13,cupy_copy__complex64_complex64
4091068424,20959,92078,1434,1,1,128,1,1,16,0.000,0.000,,,,,NVIDIA A100-SXM4-40GB MIG 4g.20gb (0),1,,13,cupy_copy__complex64_complex64
4091177958,230878,92083,1,1,1,32,32,1,30,0.000,0.000,,,,,NVIDIA A100-SXM4-40GB MIG 4g.20gb (0),1,,13,"void convert_kernel<__half2, float2>(tensor_layout_any, T1 *, tensor_layout_any, const T2 *)"
4091443043,5408,92086,,,,,,,,,,0.094,17325.421,Pinned,Device,NVIDIA A100-SXM4-40GB MIG 4g.20gb (0),1,,13,[CUDA memcpy Host-to-Device]
4091501347,648760,92087,,,,,,,,,,456.561,703561.179,Device,,NVIDIA A100-SXM4-40GB MIG 4g.20gb (0),1,,13,[CUDA memset]
4092158555,52095,92092,,,,,,,,,,1.235,23704.750,Pinned,Device,NVIDIA A100-SXM4-40GB MIG 4g.20gb (0),1,,13,[CUDA memcpy Host-to-Device]
4092213274,10144,92093,,,,,,,,,,0.197,19381.617,Pinned,Device,NVIDIA A100-SXM4-40GB MIG 4g.20gb (0),1,,13,[CUDA memcpy Host-to-Device]
4092507031,22496,92094,69,4,1,48,1,1,76,0.002,0.000,,,,,NVIDIA A100-SXM4-40GB MIG 4g.20gb (0),1,,13,"void ch_est::windowedChEstPreNoDftSOfdmKernel<float, __half, float, (unsigned int)2, (unsigned int)1, (unsigned short)4>(ch_est::puschRxChEstStatDescr_t *, ch_est::puschRxChEstDynDescr_t *)"
4092530839,8192,92095,137,2,1,24,2,1,44,0.001,0.001,,,,,NVIDIA A100-SXM4-40GB MIG 4g.20gb (0),1,,13,"void ch_est::chEstFilterNoDftSOfdmDispatchKernel<float, __half, float, (unsigned int)2>(ch_est::puschRxChEstStatDescr_t *, ch_est::puschRxChEstDynDescr_t *)"
4092571478,6912,92096,137,2,1,24,2,1,44,0.001,0.001,,,,,NVIDIA A100-SXM4-40GB MIG 4g.20gb (0),1,,13,"void ch_est::chEstFilterNoDftSOfdmDispatchKernel<float, __half, float, (unsigned int)2>(ch_est::puschRxChEstStatDescr_t *, ch_est::puschRxChEstDynDescr_t *)"
4092775700,6208,92107,103,1,1,128,1,1,16,0.000,0.000,,,,,NVIDIA A100-SXM4-40GB MIG 4g.20gb (0),1,,13,cupy_copy__complex64_complex64
4092877299,34271,92117,1434,1,1,128,1,1,16,0.000,0.000,,,,,NVIDIA A100-SXM4-40GB MIG 4g.20gb (0),1,,13,cupy_copy__complex64_complex64
4092913266,3424,92124,103,1,1,128,1,1,16,0.000,0.000,,,,,NVIDIA A100-SXM4-40GB MIG 4g.20gb (0),1,,13,cupy_copy__complex64_complex64
4092918386,121567,92131,1,1,1,32,32,1,30,0.000,0.000,,,,,NVIDIA A100-SXM4-40GB MIG 4g.20gb (0),1,,13,"void convert_kernel<__half2, float2>(tensor_layout_any, T1 *, tensor_layout_any, const T2 *)"
4093072817,5567,92134,,,,,,,,,,0.094,16830.519,Pinned,Device,NVIDIA A100-SXM4-40GB MIG 4g.20gb (0),1,,13,[CUDA memcpy Host-to-Device]
4093262414,71936,92135,,,,,,,,,,35.810,497793.698,Device,,NVIDIA A100-SXM4-40GB MIG 4g.20gb (0),1,,13,[CUDA memset]
4093340205,3200,92137,,,,,,,,,,0.000,25.000,Pinned,Device,NVIDIA A100-SXM4-40GB MIG 4g.20gb (0),1,,13,[CUDA memcpy Host-to-Device]
4093345837,9664,92138,,,,,,,,,,0.197,20344.209,Pinned,Device,NVIDIA A100-SXM4-40GB MIG 4g.20gb (0),1,,13,[CUDA memcpy Host-to-Device]
4093701513,23872,92139,273,1,1,48,1,1,40,0.000,0.001,,,,,NVIDIA A100-SXM4-40GB MIG 4g.20gb (0),1,,13,"void pusch_noise_intf_est::noiseIntfEstNoDftSOfdmKernel<float, __half, float, float, (unsigned int)2, (unsigned int)1, (unsigned char)4, (unsigned char)4>(pusch_noise_intf_est::puschRxNoiseIntfEstDynDescr)"
4094018086,5120,92150,35,1,1,128,1,1,16,0.000,0.000,,,,,NVIDIA A100-SXM4-40GB MIG 4g.20gb (0),1,,13,cupy_copy__complex64_complex64
4094305730,5024,92159,1,1,1,1,1,1,18,0.000,0.000,,,,,NVIDIA A100-SXM4-40GB MIG 4g.20gb (0),1,,13,cupy_copy__float32_float32
4094317154,1600,92165,,,,,,,,,,0.000,2.500,Device,Pageable,NVIDIA A100-SXM4-40GB MIG 4g.20gb (0),1,,7,[CUDA memcpy Device-to-Host]
4094470816,25376,92176,1434,1,1,128,1,1,16,0.000,0.000,,,,,NVIDIA A100-SXM4-40GB MIG 4g.20gb (0),1,,13,cupy_copy__complex64_complex64
4094830236,6848,92183,103,1,1,128,1,1,16,0.000,0.000,,,,,NVIDIA A100-SXM4-40GB MIG 4g.20gb (0),1,,13,cupy_copy__complex64_complex64
4095123321,7648,92190,35,1,1,128,1,1,16,0.000,0.000,,,,,NVIDIA A100-SXM4-40GB MIG 4g.20gb (0),1,,13,cupy_copy__complex64_complex64
4095292791,3520,92197,1,1,1,1,1,1,18,0.000,0.000,,,,,NVIDIA A100-SXM4-40GB MIG 4g.20gb (0),1,,13,cupy_copy__float32_float32
4095630323,249597,92208,1,1,1,32,32,1,30,0.000,0.000,,,,,NVIDIA A100-SXM4-40GB MIG 4g.20gb (0),1,,13,"void convert_kernel<__half2, float2>(tensor_layout_any, T1 *, tensor_layout_any, const T2 *)"
4095911824,5568,92211,,,,,,,,,,0.094,16827.521,Pinned,Device,NVIDIA A100-SXM4-40GB MIG 4g.20gb (0),1,,13,[CUDA memcpy Host-to-Device]
4096084846,4448,92212,,,,,,,,,,1.547,347712.008,Device,,NVIDIA A100-SXM4-40GB MIG 4g.20gb (0),1,,13,[CUDA memset]
4096096814,3040,92217,,,,,,,,,,0.031,10294.725,Pinned,Device,NVIDIA A100-SXM4-40GB MIG 4g.20gb (0),1,,13,[CUDA memcpy Host-to-Device]
4096102670,10015,92218,,,,,,,,,,0.197,19631.309,Pinned,Device,NVIDIA A100-SXM4-40GB MIG 4g.20gb (0),1,,13,[CUDA memcpy Host-to-Device]
4096433770,14016,92219,273,1,1,8,4,1,39,0.002,0.000,,,,,NVIDIA A100-SXM4-40GB MIG 4g.20gb (0),1,,13,"void channel_eq::eqMmseCoefCompLowMimoKernel<float, float, float, (unsigned int)4, (unsigned int)1, (unsigned int)4>(const channel_eq::_puschRxChEqStatDescr *, channel_eq::_puschRxChEqCoefCompDynDescr)"
4096834181,23296,92220,273,1,1,12,11,1,51,0.002,0.000,,,,,NVIDIA A100-SXM4-40GB MIG 4g.20gb (0),1,,13,"void channel_eq::eqMmseSoftDemapKernel<float, __half, __half, float, (unsigned int)4, (unsigned short)16383>(channel_eq::_puschRxChEqStatDescr *, channel_eq::_puschRxChEqSoftDemapDynDescr)"
4097256000,622489,92221,1,1,1,32,32,1,30,0.000,0.000,,,,,NVIDIA A100-SXM4-40GB MIG 4g.20gb (0),1,,13,"void convert_kernel<float2, __half2>(tensor_layout_any, T1 *, tensor_layout_any, const T2 *)"
4098018583,30688,92233,2253,1,1,128,1,1,16,0.000,0.000,,,,,NVIDIA A100-SXM4-40GB MIG 4g.20gb (0),1,,13,cupy_copy__float16_float16
4098050871,4576,92242,282,1,1,128,1,1,16,0.000,0.000,,,,,NVIDIA A100-SXM4-40GB MIG 4g.20gb (0),1,,13,cupy_copy__complex64_complex64
4098057655,2304,92251,26,1,1,128,1,1,16,0.000,0.000,,,,,NVIDIA A100-SXM4-40GB MIG 4g.20gb (0),1,,13,cupy_copy__float32_float32
4098299380,9056,92260,103,1,1,128,1,1,16,0.000,0.000,,,,,NVIDIA A100-SXM4-40GB MIG 4g.20gb (0),1,,13,cupy_copy__complex64_complex64
4098393811,38304,92270,1434,1,1,128,1,1,16,0.000,0.000,,,,,NVIDIA A100-SXM4-40GB MIG 4g.20gb (0),1,,13,cupy_copy__complex64_complex64
4098434547,126206,92275,1,1,1,32,32,1,30,0.000,0.000,,,,,NVIDIA A100-SXM4-40GB MIG 4g.20gb (0),1,,13,"void convert_kernel<__half2, float2>(tensor_layout_any, T1 *, tensor_layout_any, const T2 *)"
4098597073,5504,92278,,,,,,,,,,0.094,17023.251,Pinned,Device,NVIDIA A100-SXM4-40GB MIG 4g.20gb (0),1,,13,[CUDA memcpy Host-to-Device]
4098782159,647736,92279,,,,,,,,,,456.561,704474.302,Device,,NVIDIA A100-SXM4-40GB MIG 4g.20gb (0),1,,13,[CUDA memset]
4099431527,50976,92284,,,,,,,,,,1.235,24225.896,Pinned,Device,NVIDIA A100-SXM4-40GB MIG 4g.20gb (0),1,,13,[CUDA memcpy Host-to-Device]
4099487847,9791,92285,,,,,,,,,,0.197,20080.361,Pinned,Device,NVIDIA A100-SXM4-40GB MIG 4g.20gb (0),1,,13,[CUDA memcpy Host-to-Device]
4099723620,16256,92286,69,4,1,48,1,1,76,0.002,0.000,,,,,NVIDIA A100-SXM4-40GB MIG 4g.20gb (0),1,,13,"void ch_est::windowedChEstPreNoDftSOfdmKernel<float, __half, float, (unsigned int)2, (unsigned int)1, (unsigned short)4>(ch_est::puschRxChEstStatDescr_t *, ch_est::puschRxChEstDynDescr_t *)"
4099834179,34655,92287,137,2,1,24,2,1,44,0.001,0.001,,,,,NVIDIA A100-SXM4-40GB MIG 4g.20gb (0),1,,13,"void ch_est::chEstFilterNoDftSOfdmDispatchKernel<float, __half, float, (unsigned int)2>(ch_est::puschRxChEstStatDescr_t *, ch_est::puschRxChEstDynDescr_t *)"
4100056064,11456,92288,137,2,1,24,2,1,44,0.001,0.001,,,,,NVIDIA A100-SXM4-40GB MIG 4g.20gb (0),1,,13,"void ch_est::chEstFilterNoDftSOfdmDispatchKernel<float, __half, float, (unsigned int)2>(ch_est::puschRxChEstStatDescr_t *, ch_est::puschRxChEstDynDescr_t *)"
4100152031,7616,92299,103,1,1,128,1,1,16,0.000,0.000,,,,,NVIDIA A100-SXM4-40GB MIG 4g.20gb (0),1,,13,cupy_copy__complex64_complex64
4100161599,29087,92309,1434,1,1,128,1,1,16,0.000,0.000,,,,,NVIDIA A100-SXM4-40GB MIG 4g.20gb (0),1,,13,cupy_copy__complex64_complex64
4100191966,2784,92316,103,1,1,128,1,1,16,0.000,0.000,,,,,NVIDIA A100-SXM4-40GB MIG 4g.20gb (0),1,,13,cupy_copy__complex64_complex64
4100485659,232189,92323,1,1,1,32,32,1,30,0.000,0.000,,,,,NVIDIA A100-SXM4-40GB MIG 4g.20gb (0),1,,13,"void convert_kernel<__half2, float2>(tensor_layout_any, T1 *, tensor_layout_any, const T2 *)"
4100753112,5920,92326,,,,,,,,,,0.094,15826.941,Pinned,Device,NVIDIA A100-SXM4-40GB MIG 4g.20gb (0),1,,13,[CUDA memcpy Host-to-Device]
4100807479,76671,92327,,,,,,,,,,35.810,467032.977,Device,,NVIDIA A100-SXM4-40GB MIG 4g.20gb (0),1,,13,[CUDA memset]
4100893238,1824,92329,,,,,,,,,,0.000,43.860,Pinned,Device,NVIDIA A100-SXM4-40GB MIG 4g.20gb (0),1,,13,[CUDA memcpy Host-to-Device]
4100897494,10016,92330,,,,,,,,,,0.197,19629.343,Pinned,Device,NVIDIA A100-SXM4-40GB MIG 4g.20gb (0),1,,13,[CUDA memcpy Host-to-Device]
4101202163,18848,92331,273,1,1,48,1,1,40,0.000,0.001,,,,,NVIDIA A100-SXM4-40GB MIG 4g.20gb (0),1,,13,"void pusch_noise_intf_est::noiseIntfEstNoDftSOfdmKernel<float, __half, float, float, (unsigned int)2, (unsigned int)1, (unsigned char)4, (unsigned char)4>(pusch_noise_intf_est::puschRxNoiseIntfEstDynDescr)"
4101222610,3584,92342,35,1,1,128,1,1,16,0.000,0.000,,,,,NVIDIA A100-SXM4-40GB MIG 4g.20gb (0),1,,13,cupy_copy__complex64_complex64
4101228370,2016,92351,1,1,1,1,1,1,18,0.000,0.000,,,,,NVIDIA A100-SXM4-40GB MIG 4g.20gb (0),1,,13,cupy_copy__float32_float32
4101232114,1696,92357,,,,,,,,,,0.000,2.358,Device,Pageable,NVIDIA A100-SXM4-40GB MIG 4g.20gb (0),1,,7,[CUDA memcpy Device-to-Host]
4101500879,19584,92368,1434,1,1,128,1,1,16,0.000,0.000,,,,,NVIDIA A100-SXM4-40GB MIG 4g.20gb (0),1,,13,cupy_copy__complex64_complex64
4101585326,10464,92375,103,1,1,128,1,1,16,0.000,0.000,,,,,NVIDIA A100-SXM4-40GB MIG 4g.20gb (0),1,,13,cupy_copy__complex64_complex64
4101622030,5344,92382,35,1,1,128,1,1,16,0.000,0.000,,,,,NVIDIA A100-SXM4-40GB MIG 4g.20gb (0),1,,13,cupy_copy__complex64_complex64
4101658605,5600,92389,1,1,1,1,1,1,18,0.000,0.000,,,,,NVIDIA A100-SXM4-40GB MIG 4g.20gb (0),1,,13,cupy_copy__float32_float32
4101944810,239357,92400,1,1,1,32,32,1,30,0.000,0.000,,,,,NVIDIA A100-SXM4-40GB MIG 4g.20gb (0),1,,13,"void convert_kernel<__half2, float2>(tensor_layout_any, T1 *, tensor_layout_any, const T2 *)"
4102218279,5408,92403,,,,,,,,,,0.094,17325.421,Pinned,Device,NVIDIA A100-SXM4-40GB MIG 4g.20gb (0),1,,13,[CUDA memcpy Host-to-Device]
4102387813,5152,92404,,,,,,,,,,1.547,300198.172,Device,,NVIDIA A100-SXM4-40GB MIG 4g.20gb (0),1,,13,[CUDA memset]
4102398213,3456,92409,,,,,,,,,,0.031,9055.529,Pinned,Device,NVIDIA A100-SXM4-40GB MIG 4g.20gb (0),1,,13,[CUDA memcpy Host-to-Device]
4102405157,9920,92410,,,,,,,,,,0.197,19819.266,Pinned,Device,NVIDIA A100-SXM4-40GB MIG 4g.20gb (0),1,,13,[CUDA memcpy Host-to-Device]
4102722689,13600,92411,273,1,1,8,4,1,39,0.002,0.000,,,,,NVIDIA A100-SXM4-40GB MIG 4g.20gb (0),1,,13,"void channel_eq::eqMmseCoefCompLowMimoKernel<float, float, float, (unsigned int)4, (unsigned int)1, (unsigned int)4>(const channel_eq::_puschRxChEqStatDescr *, channel_eq::_puschRxChEqCoefCompDynDescr)"
4103067037,19904,92412,273,1,1,12,11,1,51,0.002,0.000,,,,,NVIDIA A100-SXM4-40GB MIG 4g.20gb (0),1,,13,"void channel_eq::eqMmseSoftDemapKernel<float, __half, __half, float, (unsigned int)4, (unsigned short)16383>(channel_eq::_puschRxChEqStatDescr *, channel_eq::_puschRxChEqSoftDemapDynDescr)"
4103214588,676568,92413,1,1,1,32,32,1,30,0.000,0.000,,,,,NVIDIA A100-SXM4-40GB MIG 4g.20gb (0),1,,13,"void convert_kernel<float2, __half2>(tensor_layout_any, T1 *, tensor_layout_any, const T2 *)"
4104032274,18080,92425,2253,1,1,128,1,1,16,0.000,0.000,,,,,NVIDIA A100-SXM4-40GB MIG 4g.20gb (0),1,,13,cupy_copy__float16_float16
4104314735,6048,92434,282,1,1,128,1,1,16,0.000,0.000,,,,,NVIDIA A100-SXM4-40GB MIG 4g.20gb (0),1,,13,cupy_copy__complex64_complex64
4104453901,4576,92443,26,1,1,128,1,1,16,0.000,0.000,,,,,NVIDIA A100-SXM4-40GB MIG 4g.20gb (0),1,,13,cupy_copy__float32_float32
4104532396,6720,92452,103,1,1,128,1,1,16,0.000,0.000,,,,,NVIDIA A100-SXM4-40GB MIG 4g.20gb (0),1,,13,cupy_copy__complex64_complex64
4104855497,43871,92462,1434,1,1,128,1,1,16,0.000,0.000,,,,,NVIDIA A100-SXM4-40GB MIG 4g.20gb (0),1,,13,cupy_copy__complex64_complex64
4104922440,242941,92467,1,1,1,32,32,1,30,0.000,0.000,,,,,NVIDIA A100-SXM4-40GB MIG 4g.20gb (0),1,,13,"void convert_kernel<__half2, float2>(tensor_layout_any, T1 *, tensor_layout_any, const T2 *)"
4105196325,5408,92470,,,,,,,,,,0.094,17325.421,Pinned,Device,NVIDIA A100-SXM4-40GB MIG 4g.20gb (0),1,,13,[CUDA memcpy Host-to-Device]
4105283684,649304,92471,,,,,,,,,,456.561,703104.618,Device,,NVIDIA A100-SXM4-40GB MIG 4g.20gb (0),1,,13,[CUDA memset]
4105939228,51743,92476,,,,,,,,,,1.235,23866.528,Pinned,Device,NVIDIA A100-SXM4-40GB MIG 4g.20gb (0),1,,13,[CUDA memcpy Host-to-Device]
4105993435,9728,92477,,,,,,,,,,0.197,20210.516,Pinned,Device,NVIDIA A100-SXM4-40GB MIG 4g.20gb (0),1,,13,[CUDA memcpy Host-to-Device]
4106226233,15840,92478,69,4,1,48,1,1,76,0.002,0.000,,,,,NVIDIA A100-SXM4-40GB MIG 4g.20gb (0),1,,13,"void ch_est::windowedChEstPreNoDftSOfdmKernel<float, __half, float, (unsigned int)2, (unsigned int)1, (unsigned short)4>(ch_est::puschRxChEstStatDescr_t *, ch_est::puschRxChEstDynDescr_t *)"
4106346199,29120,92479,137,2,1,24,2,1,44,0.001,0.001,,,,,NVIDIA A100-SXM4-40GB MIG 4g.20gb (0),1,,13,"void ch_est::chEstFilterNoDftSOfdmDispatchKernel<float, __half, float, (unsigned int)2>(ch_est::puschRxChEstStatDescr_t *, ch_est::puschRxChEstDynDescr_t *)"
4106377623,5024,92480,137,2,1,24,2,1,44,0.001,0.001,,,,,NVIDIA A100-SXM4-40GB MIG 4g.20gb (0),1,,13,"void ch_est::chEstFilterNoDftSOfdmDispatchKernel<float, __half, float, (unsigned int)2>(ch_est::puschRxChEstStatDescr_t *, ch_est::puschRxChEstDynDescr_t *)"
4106383927,2624,92491,103,1,1,128,1,1,16,0.000,0.000,,,,,NVIDIA A100-SXM4-40GB MIG 4g.20gb (0),1,,13,cupy_copy__complex64_complex64
4106426934,17728,92501,1434,1,1,128,1,1,16,0.000,0.000,,,,,NVIDIA A100-SXM4-40GB MIG 4g.20gb (0),1,,13,cupy_copy__complex64_complex64
4106446870,4256,92508,103,1,1,128,1,1,16,0.000,0.000,,,,,NVIDIA A100-SXM4-40GB MIG 4g.20gb (0),1,,13,cupy_copy__complex64_complex64
4106453270,89311,92515,1,1,1,32,32,1,30,0.000,0.000,,,,,NVIDIA A100-SXM4-40GB MIG 4g.20gb (0),1,,13,"void convert_kernel<__half2, float2>(tensor_layout_any, T1 *, tensor_layout_any, const T2 *)"
4106572405,5376,92518,,,,,,,,,,0.094,17428.487,Pinned,Device,NVIDIA A100-SXM4-40GB MIG 4g.20gb (0),1,,13,[CUDA memcpy Host-to-Device]
4106585589,52127,92519,,,,,,,,,,35.810,686941.695,Device,,NVIDIA A100-SXM4-40GB MIG 4g.20gb (0),1,,13,[CUDA memset]
4106639348,1888,92521,,,,,,,,,,0.000,42.373,Pinned,Device,NVIDIA A100-SXM4-40GB MIG 4g.20gb (0),1,,13,[CUDA memcpy Host-to-Device]
4106643700,9408,92522,,,,,,,,,,0.197,20897.858,Pinned,Device,NVIDIA A100-SXM4-40GB MIG 4g.20gb (0),1,,13,[CUDA memcpy Host-to-Device]
4106692179,10112,92523,273,1,1,48,1,1,40,0.000,0.001,,,,,NVIDIA A100-SXM4-40GB MIG 4g.20gb (0),1,,13,"void pusch_noise_intf_est::noiseIntfEstNoDftSOfdmKernel<float, __half, float, float, (unsigned int)2, (unsigned int)1, (unsigned char)4, (unsigned char)4>(pusch_noise_intf_est::puschRxNoiseIntfEstDynDescr)"
4106705427,4640,92534,35,1,1,128,1,1,16,0.000,0.000,,,,,NVIDIA A100-SXM4-40GB MIG 4g.20gb (0),1,,13,cupy_copy__complex64_complex64
4106712179,1952,92543,1,1,1,1,1,1,18,0.000,0.000,,,,,NVIDIA A100-SXM4-40GB MIG 4g.20gb (0),1,,13,cupy_copy__float32_float32
4106751219,1792,92549,,,,,,,,,,0.000,2.232,Device,Pageable,NVIDIA A100-SXM4-40GB MIG 4g.20gb (0),1,,7,[CUDA memcpy Device-to-Host]
4106814002,17280,92560,1434,1,1,128,1,1,16,0.000,0.000,,,,,NVIDIA A100-SXM4-40GB MIG 4g.20gb (0),1,,13,cupy_copy__complex64_complex64
4106840402,3488,92567,103,1,1,128,1,1,16,0.000,0.000,,,,,NVIDIA A100-SXM4-40GB MIG 4g.20gb (0),1,,13,cupy_copy__complex64_complex64
4106885201,4160,92574,35,1,1,128,1,1,16,0.000,0.000,,,,,NVIDIA A100-SXM4-40GB MIG 4g.20gb (0),1,,13,cupy_copy__complex64_complex64
4106891793,2048,92581,1,1,1,1,1,1,18,0.000,0.000,,,,,NVIDIA A100-SXM4-40GB MIG 4g.20gb (0),1,,13,cupy_copy__float32_float32
4107054959,135391,92592,1,1,1,32,32,1,30,0.000,0.000,,,,,NVIDIA A100-SXM4-40GB MIG 4g.20gb (0),1,,13,"void convert_kernel<__half2, float2>(tensor_layout_any, T1 *, tensor_layout_any, const T2 *)"
4107220109,5376,92595,,,,,,,,,,0.094,17428.487,Pinned,Device,NVIDIA A100-SXM4-40GB MIG 4g.20gb (0),1,,13,[CUDA memcpy Host-to-Device]
4107272333,6912,92596,,,,,,,,,,1.547,223757.827,Device,,NVIDIA A100-SXM4-40GB MIG 4g.20gb (0),1,,13,[CUDA memset]
4107286957,3007,92601,,,,,,,,,,0.031,10407.704,Pinned,Device,NVIDIA A100-SXM4-40GB MIG 4g.20gb (0),1,,13,[CUDA memcpy Host-to-Device]
4107292396,9408,92602,,,,,,,,,,0.197,20897.858,Pinned,Device,NVIDIA A100-SXM4-40GB MIG 4g.20gb (0),1,,13,[CUDA memcpy Host-to-Device]
4107305420,6528,92603,273,1,1,8,4,1,39,0.002,0.000,,,,,NVIDIA A100-SXM4-40GB MIG 4g.20gb (0),1,,13,"void channel_eq::eqMmseCoefCompLowMimoKernel<float, float, float, (unsigned int)4, (unsigned int)1, (unsigned int)4>(const channel_eq::_puschRxChEqStatDescr *, channel_eq::_puschRxChEqCoefCompDynDescr)"
4107313836,6272,92604,273,1,1,12,11,1,51,0.002,0.000,,,,,NVIDIA A100-SXM4-40GB MIG 4g.20gb (0),1,,13,"void channel_eq::eqMmseSoftDemapKernel<float, __half, __half, float, (unsigned int)4, (unsigned short)16383>(channel_eq::_puschRxChEqStatDescr *, channel_eq::_puschRxChEqSoftDemapDynDescr)"
4107322220,284893,92605,1,1,1,32,32,1,30,0.000,0.000,,,,,NVIDIA A100-SXM4-40GB MIG 4g.20gb (0),1,,13,"void convert_kernel<float2, __half2>(tensor_layout_any, T1 *, tensor_layout_any, const T2 *)"
4107608649,12608,92617,2253,1,1,128,1,1,16,0.000,0.000,,,,,NVIDIA A100-SXM4-40GB MIG 4g.20gb (0),1,,13,cupy_copy__float16_float16
4107623273,2816,92626,282,1,1,128,1,1,16,0.000,0.000,,,,,NVIDIA A100-SXM4-40GB MIG 4g.20gb (0),1,,13,cupy_copy__complex64_complex64
4107627913,2080,92635,26,1,1,128,1,1,16,0.000,0.000,,,,,NVIDIA A100-SXM4-40GB MIG 4g.20gb (0),1,,13,cupy_copy__float32_float32
4107632009,2943,92644,103,1,1,128,1,1,16,0.000,0.000,,,,,NVIDIA A100-SXM4-40GB MIG 4g.20gb (0),1,,13,cupy_copy__complex64_complex64
4107637160,12384,92654,1434,1,1,128,1,1,16,0.000,0.000,,,,,NVIDIA A100-SXM4-40GB MIG 4g.20gb (0),1,,13,cupy_copy__complex64_complex64
4107651464,82591,92659,1,1,1,32,32,1,30,0.000,0.000,,,,,NVIDIA A100-SXM4-40GB MIG 4g.20gb (0),1,,13,"void convert_kernel<__half2, float2>(tensor_layout_any, T1 *, tensor_layout_any, const T2 *)"
4107764231,6656,92662,,,,,,,,,,0.094,14076.887,Pinned,Device,NVIDIA A100-SXM4-40GB MIG 4g.20gb (0),1,,13,[CUDA memcpy Host-to-Device]
4107780007,628825,92663,,,,,,,,,,456.561,725932.690,Device,,NVIDIA A100-SXM4-40GB MIG 4g.20gb (0),1,,13,[CUDA memset]
4108414751,50464,92668,,,,,,,,,,1.235,24471.650,Pinned,Device,NVIDIA A100-SXM4-40GB MIG 4g.20gb (0),1,,13,[CUDA memcpy Host-to-Device]
4108468799,10688,92669,,,,,,,,,,0.197,18395.038,Pinned,Device,NVIDIA A100-SXM4-40GB MIG 4g.20gb (0),1,,13,[CUDA memcpy Host-to-Device]
4108582046,22239,92670,69,4,1,48,1,1,76,0.002,0.000,,,,,NVIDIA A100-SXM4-40GB MIG 4g.20gb (0),1,,13,"void ch_est::windowedChEstPreNoDftSOfdmKernel<float, __half, float, (unsigned int)2, (unsigned int)1, (unsigned short)4>(ch_est::puschRxChEstStatDescr_t *, ch_est::puschRxChEstDynDescr_t *)"
4108684604,46400,92671,137,2,1,24,2,1,44,0.001,0.001,,,,,NVIDIA A100-SXM4-40GB MIG 4g.20gb (0),1,,13,"void ch_est::chEstFilterNoDftSOfdmDispatchKernel<float, __half, float, (unsigned int)2>(ch_est::puschRxChEstStatDescr_t *, ch_est::puschRxChEstDynDescr_t *)"
4108820731,47487,92672,137,2,1,24,2,1,44,0.001,0.001,,,,,NVIDIA A100-SXM4-40GB MIG 4g.20gb (0),1,,13,"void ch_est::chEstFilterNoDftSOfdmDispatchKernel<float, __half, float, (unsigned int)2>(ch_est::puschRxChEstStatDescr_t *, ch_est::puschRxChEstDynDescr_t *)"
4108933178,4063,92683,103,1,1,128,1,1,16,0.000,0.000,,,,,NVIDIA A100-SXM4-40GB MIG 4g.20gb (0),1,,13,cupy_copy__complex64_complex64
4109015289,17279,92693,1434,1,1,128,1,1,16,0.000,0.000,,,,,NVIDIA A100-SXM4-40GB MIG 4g.20gb (0),1,,13,cupy_copy__complex64_complex64
4109107831,9536,92700,103,1,1,128,1,1,16,0.000,0.000,,,,,NVIDIA A100-SXM4-40GB MIG 4g.20gb (0),1,,13,cupy_copy__complex64_complex64
4109157207,303228,92707,1,1,1,32,32,1,30,0.000,0.000,,,,,NVIDIA A100-SXM4-40GB MIG 4g.20gb (0),1,,13,"void convert_kernel<__half2, float2>(tensor_layout_any, T1 *, tensor_layout_any, const T2 *)"
4109490419,5568,92710,,,,,,,,,,0.094,16827.521,Pinned,Device,NVIDIA A100-SXM4-40GB MIG 4g.20gb (0),1,,13,[CUDA memcpy Host-to-Device]
4109545458,54368,92711,,,,,,,,,,35.810,658651.859,Device,,NVIDIA A100-SXM4-40GB MIG 4g.20gb (0),1,,13,[CUDA memset]
4109604242,2112,92713,,,,,,,,,,0.000,37.879,Pinned,Device,NVIDIA A100-SXM4-40GB MIG 4g.20gb (0),1,,13,[CUDA memcpy Host-to-Device]
4109608786,10016,92714,,,,,,,,,,0.197,19629.343,Pinned,Device,NVIDIA A100-SXM4-40GB MIG 4g.20gb (0),1,,13,[CUDA memcpy Host-to-Device]
4109734544,24224,92715,273,1,1,48,1,1,40,0.000,0.001,,,,,NVIDIA A100-SXM4-40GB MIG 4g.20gb (0),1,,13,"void pusch_noise_intf_est::noiseIntfEstNoDftSOfdmKernel<float, __half, float, float, (unsigned int)2, (unsigned int)1, (unsigned char)4, (unsigned char)4>(pusch_noise_intf_est::puschRxNoiseIntfEstDynDescr)"
4109868399,6976,92726,35,1,1,128,1,1,16,0.000,0.000,,,,,NVIDIA A100-SXM4-40GB MIG 4g.20gb (0),1,,13,cupy_copy__complex64_complex64
4109945358,7616,92735,1,1,1,1,1,1,18,0.000,0.000,,,,,NVIDIA A100-SXM4-40GB MIG 4g.20gb (0),1,,13,cupy_copy__float32_float32
4109954190,2048,92741,,,,,,,,,,0.000,1.953,Device,Pageable,NVIDIA A100-SXM4-40GB MIG 4g.20gb (0),1,,7,[CUDA memcpy Device-to-Host]
4110101196,21920,92752,1434,1,1,128,1,1,16,0.000,0.000,,,,,NVIDIA A100-SXM4-40GB MIG 4g.20gb (0),1,,13,cupy_copy__complex64_complex64
4110179787,4992,92759,103,1,1,128,1,1,16,0.000,0.000,,,,,NVIDIA A100-SXM4-40GB MIG 4g.20gb (0),1,,13,cupy_copy__complex64_complex64
4110210027,16416,92766,35,1,1,128,1,1,16,0.000,0.000,,,,,NVIDIA A100-SXM4-40GB MIG 4g.20gb (0),1,,13,cupy_copy__complex64_complex64
4110263786,3712,92773,1,1,1,1,1,1,18,0.000,0.000,,,,,NVIDIA A100-SXM4-40GB MIG 4g.20gb (0),1,,13,cupy_copy__float32_float32
4110291626,235677,92784,1,1,1,32,32,1,30,0.000,0.000,,,,,NVIDIA A100-SXM4-40GB MIG 4g.20gb (0),1,,13,"void convert_kernel<__half2, float2>(tensor_layout_any, T1 *, tensor_layout_any, const T2 *)"
4110557191,5376,92787,,,,,,,,,,0.094,17428.487,Pinned,Device,NVIDIA A100-SXM4-40GB MIG 4g.20gb (0),1,,13,[CUDA memcpy Host-to-Device]
4110572487,9951,92788,,,,,,,,,,1.547,155423.339,Device,,NVIDIA A100-SXM4-40GB MIG 4g.20gb (0),1,,13,[CUDA memset]
4110588998,3264,92793,,,,,,,,,,0.031,9588.218,Pinned,Device,NVIDIA A100-SXM4-40GB MIG 4g.20gb (0),1,,13,[CUDA memcpy Host-to-Device]
4110594694,9728,92794,,,,,,,,,,0.197,20210.516,Pinned,Device,NVIDIA A100-SXM4-40GB MIG 4g.20gb (0),1,,13,[CUDA memcpy Host-to-Device]
4110608678,25984,92795,273,1,1,8,4,1,39,0.002,0.000,,,,,NVIDIA A100-SXM4-40GB MIG 4g.20gb (0),1,,13,"void channel_eq::eqMmseCoefCompLowMimoKernel<float, float, float, (unsigned int)4, (unsigned int)1, (unsigned int)4>(const channel_eq::_puschRxChEqStatDescr *, channel_eq::_puschRxChEqCoefCompDynDescr)"
4110661350,45439,92796,273,1,1,12,11,1,51,0.002,0.000,,,,,NVIDIA A100-SXM4-40GB MIG 4g.20gb (0),1,,13,"void channel_eq::eqMmseSoftDemapKernel<float, __half, __half, float, (unsigned int)4, (unsigned short)16383>(channel_eq::_puschRxChEqStatDescr *, channel_eq::_puschRxChEqSoftDemapDynDescr)"
4110708389,507258,92797,1,1,1,32,32,1,30,0.000,0.000,,,,,NVIDIA A100-SXM4-40GB MIG 4g.20gb (0),1,,13,"void convert_kernel<float2, __half2>(tensor_layout_any, T1 *, tensor_layout_any, const T2 *)"
4111217663,12256,92809,2253,1,1,128,1,1,16,0.000,0.000,,,,,NVIDIA A100-SXM4-40GB MIG 4g.20gb (0),1,,13,cupy_copy__float16_float16
4111277630,5952,92818,282,1,1,128,1,1,16,0.000,0.000,,,,,NVIDIA A100-SXM4-40GB MIG 4g.20gb (0),1,,13,cupy_copy__complex64_complex64
4111307358,13408,92827,26,1,1,128,1,1,16,0.000,0.000,,,,,NVIDIA A100-SXM4-40GB MIG 4g.20gb (0),1,,13,cupy_copy__float32_float32
4111352766,16063,92836,103,1,1,128,1,1,16,0.000,0.000,,,,,NVIDIA A100-SXM4-40GB MIG 4g.20gb (0),1,,13,cupy_copy__complex64_complex64
4111378973,24992,92846,1434,1,1,128,1,1,16,0.000,0.000,,,,,NVIDIA A100-SXM4-40GB MIG 4g.20gb (0),1,,13,cupy_copy__complex64_complex64
4111406397,160574,92851,1,1,1,32,32,1,30,0.000,0.000,,,,,NVIDIA A100-SXM4-40GB MIG 4g.20gb (0),1,,13,"void convert_kernel<__half2, float2>(tensor_layout_any, T1 *, tensor_layout_any, const T2 *)"
4111596667,5408,92854,,,,,,,,,,0.094,17325.421,Pinned,Device,NVIDIA A100-SXM4-40GB MIG 4g.20gb (0),1,,13,[CUDA memcpy Host-to-Device]
4111643514,635705,92855,,,,,,,,,,456.561,718171.145,Device,,NVIDIA A100-SXM4-40GB MIG 4g.20gb (0),1,,13,[CUDA memset]
4112286771,52095,92860,,,,,,,,,,1.235,23704.750,Pinned,Device,NVIDIA A100-SXM4-40GB MIG 4g.20gb (0),1,,13,[CUDA memcpy Host-to-Device]
4112341810,10016,92861,,,,,,,,,,0.197,19629.343,Pinned,Device,NVIDIA A100-SXM4-40GB MIG 4g.20gb (0),1,,13,[CUDA memcpy Host-to-Device]
4112363570,40959,92862,69,4,1,48,1,1,76,0.002,0.000,,,,,NVIDIA A100-SXM4-40GB MIG 4g.20gb (0),1,,13,"void ch_est::windowedChEstPreNoDftSOfdmKernel<float, __half, float, (unsigned int)2, (unsigned int)1, (unsigned short)4>(ch_est::puschRxChEstStatDescr_t *, ch_est::puschRxChEstDynDescr_t *)"
4112418257,42080,92863,137,2,1,24,2,1,44,0.001,0.001,,,,,NVIDIA A100-SXM4-40GB MIG 4g.20gb (0),1,,13,"void ch_est::chEstFilterNoDftSOfdmDispatchKernel<float, __half, float, (unsigned int)2>(ch_est::puschRxChEstStatDescr_t *, ch_est::puschRxChEstDynDescr_t *)"
4112461809,11488,92864,137,2,1,24,2,1,44,0.001,0.001,,,,,NVIDIA A100-SXM4-40GB MIG 4g.20gb (0),1,,13,"void ch_est::chEstFilterNoDftSOfdmDispatchKernel<float, __half, float, (unsigned int)2>(ch_est::puschRxChEstStatDescr_t *, ch_est::puschRxChEstDynDescr_t *)"
4112545392,16288,92875,103,1,1,128,1,1,16,0.000,0.000,,,,,NVIDIA A100-SXM4-40GB MIG 4g.20gb (0),1,,13,cupy_copy__complex64_complex64
4112598031,18688,92885,1434,1,1,128,1,1,16,0.000,0.000,,,,,NVIDIA A100-SXM4-40GB MIG 4g.20gb (0),1,,13,cupy_copy__complex64_complex64
4112634927,15392,92892,103,1,1,128,1,1,16,0.000,0.000,,,,,NVIDIA A100-SXM4-40GB MIG 4g.20gb (0),1,,13,cupy_copy__complex64_complex64
4112686062,256733,92899,1,1,1,32,32,1,30,0.000,0.000,,,,,NVIDIA A100-SXM4-40GB MIG 4g.20gb (0),1,,13,"void convert_kernel<__half2, float2>(tensor_layout_any, T1 *, tensor_layout_any, const T2 *)"
4112972907,5728,92902,,,,,,,,,,0.094,16357.541,Pinned,Device,NVIDIA A100-SXM4-40GB MIG 4g.20gb (0),1,,13,[CUDA memcpy Host-to-Device]
4113041098,56863,92903,,,,,,,,,,35.810,629753.253,Device,,NVIDIA A100-SXM4-40GB MIG 4g.20gb (0),1,,13,[CUDA memset]
4113102185,1824,92905,,,,,,,,,,0.000,43.860,Pinned,Device,NVIDIA A100-SXM4-40GB MIG 4g.20gb (0),1,,13,[CUDA memcpy Host-to-Device]
4113106441,9376,92906,,,,,,,,,,0.197,20969.226,Pinned,Device,NVIDIA A100-SXM4-40GB MIG 4g.20gb (0),1,,13,[CUDA memcpy Host-to-Device]
4113186568,44576,92907,273,1,1,48,1,1,40,0.000,0.001,,,,,NVIDIA A100-SXM4-40GB MIG 4g.20gb (0),1,,13,"void pusch_noise_intf_est::noiseIntfEstNoDftSOfdmKernel<float, __half, float, float, (unsigned int)2, (unsigned int)1, (unsigned char)4, (unsigned char)4>(pusch_noise_intf_est::puschRxNoiseIntfEstDynDescr)"
4113333095,34367,92918,35,1,1,128,1,1,16,0.000,0.000,,,,,NVIDIA A100-SXM4-40GB MIG 4g.20gb (0),1,,13,cupy_copy__complex64_complex64
4113451301,3936,92927,1,1,1,1,1,1,18,0.000,0.000,,,,,NVIDIA A100-SXM4-40GB MIG 4g.20gb (0),1,,13,cupy_copy__float32_float32
4113457189,2688,92933,,,,,,,,,,0.000,1.488,Device,Pageable,NVIDIA A100-SXM4-40GB MIG 4g.20gb (0),1,,7,[CUDA memcpy Device-to-Host]
4113639523,26624,92944,1434,1,1,128,1,1,16,0.000,0.000,,,,,NVIDIA A100-SXM4-40GB MIG 4g.20gb (0),1,,13,cupy_copy__complex64_complex64
4113776514,4288,92951,103,1,1,128,1,1,16,0.000,0.000,,,,,NVIDIA A100-SXM4-40GB MIG 4g.20gb (0),1,,13,cupy_copy__complex64_complex64
4113868801,11135,92958,35,1,1,128,1,1,16,0.000,0.000,,,,,NVIDIA A100-SXM4-40GB MIG 4g.20gb (0),1,,13,cupy_copy__complex64_complex64
4113959200,7487,92965,1,1,1,1,1,1,18,0.000,0.000,,,,,NVIDIA A100-SXM4-40GB MIG 4g.20gb (0),1,,13,cupy_copy__float32_float32
4114020543,298012,92976,1,1,1,32,32,1,30,0.000,0.000,,,,,NVIDIA A100-SXM4-40GB MIG 4g.20gb (0),1,,13,"void convert_kernel<__half2, float2>(tensor_layout_any, T1 *, tensor_layout_any, const T2 *)"
4114352155,5408,92979,,,,,,,,,,0.094,17325.421,Pinned,Device,NVIDIA A100-SXM4-40GB MIG 4g.20gb (0),1,,13,[CUDA memcpy Host-to-Device]
4114435738,7424,92980,,,,,,,,,,1.547,208327.160,Device,,NVIDIA A100-SXM4-40GB MIG 4g.20gb (0),1,,13,[CUDA memset]
4114447322,3840,92985,,,,,,,,,,0.031,8149.979,Pinned,Device,NVIDIA A100-SXM4-40GB MIG 4g.20gb (0),1,,13,[CUDA memcpy Host-to-Device]
4114453690,9600,92986,,,,,,,,,,0.197,20479.869,Pinned,Device,NVIDIA A100-SXM4-40GB MIG 4g.20gb (0),1,,13,[CUDA memcpy Host-to-Device]
4114593208,13728,92987,273,1,1,8,4,1,39,0.002,0.000,,,,,NVIDIA A100-SXM4-40GB MIG 4g.20gb (0),1,,13,"void channel_eq::eqMmseCoefCompLowMimoKernel<float, float, float, (unsigned int)4, (unsigned int)1, (unsigned int)4>(const channel_eq::_puschRxChEqStatDescr *, channel_eq::_puschRxChEqCoefCompDynDescr)"
4114692663,48671,92988,273,1,1,12,11,1,51,0.002,0.000,,,,,NVIDIA A100-SXM4-40GB MIG 4g.20gb (0),1,,13,"void channel_eq::eqMmseSoftDemapKernel<float, __half, __half, float, (unsigned int)4, (unsigned short)16383>(channel_eq::_puschRxChEqStatDescr *, channel_eq::_puschRxChEqSoftDemapDynDescr)"
4114828789,683897,92989,1,1,1,32,32,1,30,0.000,0.000,,,,,NVIDIA A100-SXM4-40GB MIG 4g.20gb (0),1,,13,"void convert_kernel<float2, __half2>(tensor_layout_any, T1 *, tensor_layout_any, const T2 *)"
4115522637,18016,93001,2253,1,1,128,1,1,16,0.000,0.000,,,,,NVIDIA A100-SXM4-40GB MIG 4g.20gb (0),1,,13,cupy_copy__float16_float16
4115578477,5824,93010,282,1,1,128,1,1,16,0.000,0.000,,,,,NVIDIA A100-SXM4-40GB MIG 4g.20gb (0),1,,13,cupy_copy__complex64_complex64
4115611436,11616,93019,26,1,1,128,1,1,16,0.000,0.000,,,,,NVIDIA A100-SXM4-40GB MIG 4g.20gb (0),1,,13,cupy_copy__float32_float32
4115625260,3296,93028,103,1,1,128,1,1,16,0.000,0.000,,,,,NVIDIA A100-SXM4-40GB MIG 4g.20gb (0),1,,13,cupy_copy__complex64_complex64
4115696971,36000,93038,1434,1,1,128,1,1,16,0.000,0.000,,,,,NVIDIA A100-SXM4-40GB MIG 4g.20gb (0),1,,13,cupy_copy__complex64_complex64
4115737003,662040,93043,1,1,1,32,32,1,30,0.000,0.000,,,,,NVIDIA A100-SXM4-40GB MIG 4g.20gb (0),1,,13,"void convert_kernel<__half2, float2>(tensor_layout_any, T1 *, tensor_layout_any, const T2 *)"
4116438531,6144,93046,,,,,,,,,,0.094,15249.961,Pinned,Device,NVIDIA A100-SXM4-40GB MIG 4g.20gb (0),1,,13,[CUDA memcpy Host-to-Device]
4116512386,650169,93047,,,,,,,,,,456.561,702191.495,Device,,NVIDIA A100-SXM4-40GB MIG 4g.20gb (0),1,,13,[CUDA memset]
4117169146,58144,93052,,,,,,,,,,1.235,21238.567,Pinned,Device,NVIDIA A100-SXM4-40GB MIG 4g.20gb (0),1,,13,[CUDA memcpy Host-to-Device]
4117230714,10336,93053,,,,,,,,,,0.197,19021.627,Pinned,Device,NVIDIA A100-SXM4-40GB MIG 4g.20gb (0),1,,13,[CUDA memcpy Host-to-Device]
4117308985,42719,93054,69,4,1,48,1,1,76,0.002,0.000,,,,,NVIDIA A100-SXM4-40GB MIG 4g.20gb (0),1,,13,"void ch_est::windowedChEstPreNoDftSOfdmKernel<float, __half, float, (unsigned int)2, (unsigned int)1, (unsigned short)4>(ch_est::puschRxChEstStatDescr_t *, ch_est::puschRxChEstDynDescr_t *)"
4117455767,18496,93055,137,2,1,24,2,1,44,0.001,0.001,,,,,NVIDIA A100-SXM4-40GB MIG 4g.20gb (0),1,,13,"void ch_est::chEstFilterNoDftSOfdmDispatchKernel<float, __half, float, (unsigned int)2>(ch_est::puschRxChEstStatDescr_t *, ch_est::puschRxChEstDynDescr_t *)"
4117584470,12768,93056,137,2,1,24,2,1,44,0.001,0.001,,,,,NVIDIA A100-SXM4-40GB MIG 4g.20gb (0),1,,13,"void ch_est::chEstFilterNoDftSOfdmDispatchKernel<float, __half, float, (unsigned int)2>(ch_est::puschRxChEstStatDescr_t *, ch_est::puschRxChEstDynDescr_t *)"
4117706996,6016,93067,103,1,1,128,1,1,16,0.000,0.000,,,,,NVIDIA A100-SXM4-40GB MIG 4g.20gb (0),1,,13,cupy_copy__complex64_complex64
4117779059,21440,93077,1434,1,1,128,1,1,16,0.000,0.000,,,,,NVIDIA A100-SXM4-40GB MIG 4g.20gb (0),1,,13,cupy_copy__complex64_complex64
4117841395,24607,93084,103,1,1,128,1,1,16,0.000,0.000,,,,,NVIDIA A100-SXM4-40GB MIG 4g.20gb (0),1,,13,cupy_copy__complex64_complex64
4117949681,335389,93091,1,1,1,32,32,1,30,0.000,0.000,,,,,NVIDIA A100-SXM4-40GB MIG 4g.20gb (0),1,,13,"void convert_kernel<__half2, float2>(tensor_layout_any, T1 *, tensor_layout_any, const T2 *)"
4118317293,5696,93094,,,,,,,,,,0.094,16449.363,Pinned,Device,NVIDIA A100-SXM4-40GB MIG 4g.20gb (0),1,,13,[CUDA memcpy Host-to-Device]
4118404428,53888,93095,,,,,,,,,,35.810,664524.685,Device,,NVIDIA A100-SXM4-40GB MIG 4g.20gb (0),1,,13,[CUDA memset]
4118465068,3391,93097,,,,,,,,,,0.000,23.592,Pinned,Device,NVIDIA A100-SXM4-40GB MIG 4g.20gb (0),1,,13,[CUDA memcpy Host-to-Device]
4118471019,10432,93098,,,,,,,,,,0.197,18846.450,Pinned,Device,NVIDIA A100-SXM4-40GB MIG 4g.20gb (0),1,,13,[CUDA memcpy Host-to-Device]
4118546475,21855,93099,273,1,1,48,1,1,40,0.000,0.001,,,,,NVIDIA A100-SXM4-40GB MIG 4g.20gb (0),1,,13,"void pusch_noise_intf_est::noiseIntfEstNoDftSOfdmKernel<float, __half, float, float, (unsigned int)2, (unsigned int)1, (unsigned char)4, (unsigned char)4>(pusch_noise_intf_est::puschRxNoiseIntfEstDynDescr)"
4118616106,8096,93110,35,1,1,128,1,1,16,0.000,0.000,,,,,NVIDIA A100-SXM4-40GB MIG 4g.20gb (0),1,,13,cupy_copy__complex64_complex64
4118704137,8736,93119,1,1,1,1,1,1,18,0.000,0.000,,,,,NVIDIA A100-SXM4-40GB MIG 4g.20gb (0),1,,13,cupy_copy__float32_float32
4118714665,1664,93125,,,,,,,,,,0.000,2.404,Device,Pageable,NVIDIA A100-SXM4-40GB MIG 4g.20gb (0),1,,7,[CUDA memcpy Device-to-Host]
4118818503,23616,93136,1434,1,1,128,1,1,16,0.000,0.000,,,,,NVIDIA A100-SXM4-40GB MIG 4g.20gb (0),1,,13,cupy_copy__complex64_complex64
4118915654,3968,93143,103,1,1,128,1,1,16,0.000,0.000,,,,,NVIDIA A100-SXM4-40GB MIG 4g.20gb (0),1,,13,cupy_copy__complex64_complex64
4118952102,29216,93150,35,1,1,128,1,1,16,0.000,0.000,,,,,NVIDIA A100-SXM4-40GB MIG 4g.20gb (0),1,,13,cupy_copy__complex64_complex64
4119052613,3712,93157,1,1,1,1,1,1,18,0.000,0.000,,,,,NVIDIA A100-SXM4-40GB MIG 4g.20gb (0),1,,13,cupy_copy__float32_float32
4119123780,316572,93168,1,1,1,32,32,1,30,0.000,0.000,,,,,NVIDIA A100-SXM4-40GB MIG 4g.20gb (0),1,,13,"void convert_kernel<__half2, float2>(tensor_layout_any, T1 *, tensor_layout_any, const T2 *)"
4119470784,6144,93171,,,,,,,,,,0.094,15249.961,Pinned,Device,NVIDIA A100-SXM4-40GB MIG 4g.20gb (0),1,,13,[CUDA memcpy Host-to-Device]
4119552831,4576,93172,,,,,,,,,,1.547,337985.289,Device,,NVIDIA A100-SXM4-40GB MIG 4g.20gb (0),1,,13,[CUDA memset]
4119565599,3264,93177,,,,,,,,,,0.031,9588.218,Pinned,Device,NVIDIA A100-SXM4-40GB MIG 4g.20gb (0),1,,13,[CUDA memcpy Host-to-Device]
4119571519,9920,93178,,,,,,,,,,0.197,19819.266,Pinned,Device,NVIDIA A100-SXM4-40GB MIG 4g.20gb (0),1,,13,[CUDA memcpy Host-to-Device]
4119628350,14144,93179,273,1,1,8,4,1,39,0.002,0.000,,,,,NVIDIA A100-SXM4-40GB MIG 4g.20gb (0),1,,13,"void channel_eq::eqMmseCoefCompLowMimoKernel<float, float, float, (unsigned int)4, (unsigned int)1, (unsigned int)4>(const channel_eq::_puschRxChEqStatDescr *, channel_eq::_puschRxChEqCoefCompDynDescr)"
4119765021,11327,93180,273,1,1,12,11,1,51,0.002,0.000,,,,,NVIDIA A100-SXM4-40GB MIG 4g.20gb (0),1,,13,"void channel_eq::eqMmseSoftDemapKernel<float, __half, __half, float, (unsigned int)4, (unsigned short)16383>(channel_eq::_puschRxChEqStatDescr *, channel_eq::_puschRxChEqSoftDemapDynDescr)"
4119890331,735384,93181,1,1,1,32,32,1,30,0.000,0.000,,,,,NVIDIA A100-SXM4-40GB MIG 4g.20gb (0),1,,13,"void convert_kernel<float2, __half2>(tensor_layout_any, T1 *, tensor_layout_any, const T2 *)"
4120671058,16640,93193,2253,1,1,128,1,1,16,0.000,0.000,,,,,NVIDIA A100-SXM4-40GB MIG 4g.20gb (0),1,,13,cupy_copy__float16_float16
4120724977,5728,93202,282,1,1,128,1,1,16,0.000,0.000,,,,,NVIDIA A100-SXM4-40GB MIG 4g.20gb (0),1,,13,cupy_copy__complex64_complex64
4120757841,9920,93211,26,1,1,128,1,1,16,0.000,0.000,,,,,NVIDIA A100-SXM4-40GB MIG 4g.20gb (0),1,,13,cupy_copy__float32_float32
4120807088,20096,93220,103,1,1,128,1,1,16,0.000,0.000,,,,,NVIDIA A100-SXM4-40GB MIG 4g.20gb (0),1,,13,cupy_copy__complex64_complex64
4120832944,22656,93230,1434,1,1,128,1,1,16,0.000,0.000,,,,,NVIDIA A100-SXM4-40GB MIG 4g.20gb (0),1,,13,cupy_copy__complex64_complex64
4120857200,200638,93235,1,1,1,32,32,1,30,0.000,0.000,,,,,NVIDIA A100-SXM4-40GB MIG 4g.20gb (0),1,,13,"void convert_kernel<__half2, float2>(tensor_layout_any, T1 *, tensor_layout_any, const T2 *)"
4121088909,5376,93238,,,,,,,,,,0.094,17428.487,Pinned,Device,NVIDIA A100-SXM4-40GB MIG 4g.20gb (0),1,,13,[CUDA memcpy Host-to-Device]
4121100813,626649,93239,,,,,,,,,,456.561,728215.497,Device,,NVIDIA A100-SXM4-40GB MIG 4g.20gb (0),1,,13,[CUDA memset]
4121732998,50975,93244,,,,,,,,,,1.235,24225.896,Pinned,Device,NVIDIA A100-SXM4-40GB MIG 4g.20gb (0),1,,13,[CUDA memcpy Host-to-Device]
4121786821,10112,93245,,,,,,,,,,0.197,19442.958,Pinned,Device,NVIDIA A100-SXM4-40GB MIG 4g.20gb (0),1,,13,[CUDA memcpy Host-to-Device]
4121809989,30112,93246,69,4,1,48,1,1,76,0.002,0.000,,,,,NVIDIA A100-SXM4-40GB MIG 4g.20gb (0),1,,13,"void ch_est::windowedChEstPreNoDftSOfdmKernel<float, __half, float, (unsigned int)2, (unsigned int)1, (unsigned short)4>(ch_est::puschRxChEstStatDescr_t *, ch_est::puschRxChEstDynDescr_t *)"
4121890020,42271,93247,137,2,1,24,2,1,44,0.001,0.001,,,,,NVIDIA A100-SXM4-40GB MIG 4g.20gb (0),1,,13,"void ch_est::chEstFilterNoDftSOfdmDispatchKernel<float, __half, float, (unsigned int)2>(ch_est::puschRxChEstStatDescr_t *, ch_est::puschRxChEstDynDescr_t *)"
4121976355,42335,93248,137,2,1,24,2,1,44,0.001,0.001,,,,,NVIDIA A100-SXM4-40GB MIG 4g.20gb (0),1,,13,"void ch_est::chEstFilterNoDftSOfdmDispatchKernel<float, __half, float, (unsigned int)2>(ch_est::puschRxChEstStatDescr_t *, ch_est::puschRxChEstDynDescr_t *)"
4122028770,8768,93259,103,1,1,128,1,1,16,0.000,0.000,,,,,NVIDIA A100-SXM4-40GB MIG 4g.20gb (0),1,,13,cupy_copy__complex64_complex64
4122058242,20096,93269,1434,1,1,128,1,1,16,0.000,0.000,,,,,NVIDIA A100-SXM4-40GB MIG 4g.20gb (0),1,,13,cupy_copy__complex64_complex64
4122119617,11040,93276,103,1,1,128,1,1,16,0.000,0.000,,,,,NVIDIA A100-SXM4-40GB MIG 4g.20gb (0),1,,13,cupy_copy__complex64_complex64
4122148481,339196,93283,1,1,1,32,32,1,30,0.000,0.000,,,,,NVIDIA A100-SXM4-40GB MIG 4g.20gb (0),1,,13,"void convert_kernel<__half2, float2>(tensor_layout_any, T1 *, tensor_layout_any, const T2 *)"
4122518717,6656,93286,,,,,,,,,,0.094,14076.887,Pinned,Device,NVIDIA A100-SXM4-40GB MIG 4g.20gb (0),1,,13,[CUDA memcpy Host-to-Device]
4122614684,60703,93287,,,,,,,,,,35.810,589896.812,Device,,NVIDIA A100-SXM4-40GB MIG 4g.20gb (0),1,,13,[CUDA memset]
4122683099,2080,93289,,,,,,,,,,0.000,38.462,Pinned,Device,NVIDIA A100-SXM4-40GB MIG 4g.20gb (0),1,,13,[CUDA memcpy Host-to-Device]
4122688251,10496,93290,,,,,,,,,,0.197,18731.631,Pinned,Device,NVIDIA A100-SXM4-40GB MIG 4g.20gb (0),1,,13,[CUDA memcpy Host-to-Device]
4122834553,30816,93291,273,1,1,48,1,1,40,0.000,0.001,,,,,NVIDIA A100-SXM4-40GB MIG 4g.20gb (0),1,,13,"void pusch_noise_intf_est::noiseIntfEstNoDftSOfdmKernel<float, __half, float, float, (unsigned int)2, (unsigned int)1, (unsigned char)4, (unsigned char)4>(pusch_noise_intf_est::puschRxNoiseIntfEstDynDescr)"
4122999223,5312,93302,35,1,1,128,1,1,16,0.000,0.000,,,,,NVIDIA A100-SXM4-40GB MIG 4g.20gb (0),1,,13,cupy_copy__complex64_complex64
4123132822,3680,93311,1,1,1,1,1,1,18,0.000,0.000,,,,,NVIDIA A100-SXM4-40GB MIG 4g.20gb (0),1,,13,cupy_copy__float32_float32
4123141974,1696,93317,,,,,,,,,,0.000,2.358,Device,Pageable,NVIDIA A100-SXM4-40GB MIG 4g.20gb (0),1,,7,[CUDA memcpy Device-to-Host]
4123391155,19359,93328,1434,1,1,128,1,1,16,0.000,0.000,,,,,NVIDIA A100-SXM4-40GB MIG 4g.20gb (0),1,,13,cupy_copy__complex64_complex64
4123562801,5600,93335,103,1,1,128,1,1,16,0.000,0.000,,,,,NVIDIA A100-SXM4-40GB MIG 4g.20gb (0),1,,13,cupy_copy__complex64_complex64
4123672207,35840,93342,35,1,1,128,1,1,16,0.000,0.000,,,,,NVIDIA A100-SXM4-40GB MIG 4g.20gb (0),1,,13,cupy_copy__complex64_complex64
4123825998,5376,93349,1,1,1,1,1,1,18,0.000,0.000,,,,,NVIDIA A100-SXM4-40GB MIG 4g.20gb (0),1,,13,cupy_copy__float32_float32
4123947692,351644,93360,1,1,1,32,32,1,30,0.000,0.000,,,,,NVIDIA A100-SXM4-40GB MIG 4g.20gb (0),1,,13,"void convert_kernel<__half2, float2>(tensor_layout_any, T1 *, tensor_layout_any, const T2 *)"
4124331560,5408,93363,,,,,,,,,,0.094,17325.421,Pinned,Device,NVIDIA A100-SXM4-40GB MIG 4g.20gb (0),1,,13,[CUDA memcpy Host-to-Device]
4124436903,6784,93364,,,,,,,,,,1.547,227980.111,Device,,NVIDIA A100-SXM4-40GB MIG 4g.20gb (0),1,,13,[CUDA memset]
4124464806,3040,93369,,,,,,,,,,0.031,10294.725,Pinned,Device,NVIDIA A100-SXM4-40GB MIG 4g.20gb (0),1,,13,[CUDA memcpy Host-to-Device]
4124470470,11104,93370,,,,,,,,,,0.197,17705.927,Pinned,Device,NVIDIA A100-SXM4-40GB MIG 4g.20gb (0),1,,13,[CUDA memcpy Host-to-Device]
4124534917,45568,93371,273,1,1,8,4,1,39,0.002,0.000,,,,,NVIDIA A100-SXM4-40GB MIG 4g.20gb (0),1,,13,"void channel_eq::eqMmseCoefCompLowMimoKernel<float, float, float, (unsigned int)4, (unsigned int)1, (unsigned int)4>(const channel_eq::_puschRxChEqStatDescr *, channel_eq::_puschRxChEqCoefCompDynDescr)"
4124623716,41952,93372,273,1,1,12,11,1,51,0.002,0.000,,,,,NVIDIA A100-SXM4-40GB MIG 4g.20gb (0),1,,13,"void channel_eq::eqMmseSoftDemapKernel<float, __half, __half, float, (unsigned int)4, (unsigned short)16383>(channel_eq::_puschRxChEqStatDescr *, channel_eq::_puschRxChEqSoftDemapDynDescr)"
4124675844,619993,93373,1,1,1,32,32,1,30,0.000,0.000,,,,,NVIDIA A100-SXM4-40GB MIG 4g.20gb (0),1,,13,"void convert_kernel<float2, __half2>(tensor_layout_any, T1 *, tensor_layout_any, const T2 *)"
4125323708,18048,93385,2253,1,1,128,1,1,16,0.000,0.000,,,,,NVIDIA A100-SXM4-40GB MIG 4g.20gb (0),1,,13,cupy_copy__float16_float16
4125379388,9472,93394,282,1,1,128,1,1,16,0.000,0.000,,,,,NVIDIA A100-SXM4-40GB MIG 4g.20gb (0),1,,13,cupy_copy__complex64_complex64
4125406747,8512,93403,26,1,1,128,1,1,16,0.000,0.000,,,,,NVIDIA A100-SXM4-40GB MIG 4g.20gb (0),1,,13,cupy_copy__float32_float32
4125417147,4480,93412,103,1,1,128,1,1,16,0.000,0.000,,,,,NVIDIA A100-SXM4-40GB MIG 4g.20gb (0),1,,13,cupy_copy__complex64_complex64
4125499226,27776,93422,1434,1,1,128,1,1,16,0.000,0.000,,,,,NVIDIA A100-SXM4-40GB MIG 4g.20gb (0),1,,13,cupy_copy__complex64_complex64
4125530074,231005,93427,1,1,1,32,32,1,30,0.000,0.000,,,,,NVIDIA A100-SXM4-40GB MIG 4g.20gb (0),1,,13,"void convert_kernel<__half2, float2>(tensor_layout_any, T1 *, tensor_layout_any, const T2 *)"
4125790999,5504,93430,,,,,,,,,,0.094,17023.251,Pinned,Device,NVIDIA A100-SXM4-40GB MIG 4g.20gb (0),1,,13,[CUDA memcpy Host-to-Device]
4125835062,627225,93431,,,,,,,,,,456.561,727758.935,Device,,NVIDIA A100-SXM4-40GB MIG 4g.20gb (0),1,,13,[CUDA memset]
4126464399,51776,93436,,,,,,,,,,1.235,23850.473,Pinned,Device,NVIDIA A100-SXM4-40GB MIG 4g.20gb (0),1,,13,[CUDA memcpy Host-to-Device]
4126518639,9663,93437,,,,,,,,,,0.197,20346.372,Pinned,Device,NVIDIA A100-SXM4-40GB MIG 4g.20gb (0),1,,13,[CUDA memcpy Host-to-Device]
4126556078,46368,93438,69,4,1,48,1,1,76,0.002,0.000,,,,,NVIDIA A100-SXM4-40GB MIG 4g.20gb (0),1,,13,"void ch_est::windowedChEstPreNoDftSOfdmKernel<float, __half, float, (unsigned int)2, (unsigned int)1, (unsigned short)4>(ch_est::puschRxChEstStatDescr_t *, ch_est::puschRxChEstDynDescr_t *)"
4126609454,35487,93439,137,2,1,24,2,1,44,0.001,0.001,,,,,NVIDIA A100-SXM4-40GB MIG 4g.20gb (0),1,,13,"void ch_est::chEstFilterNoDftSOfdmDispatchKernel<float, __half, float, (unsigned int)2>(ch_est::puschRxChEstStatDescr_t *, ch_est::puschRxChEstDynDescr_t *)"
4126647789,29216,93440,137,2,1,24,2,1,44,0.001,0.001,,,,,NVIDIA A100-SXM4-40GB MIG 4g.20gb (0),1,,13,"void ch_est::chEstFilterNoDftSOfdmDispatchKernel<float, __half, float, (unsigned int)2>(ch_est::puschRxChEstStatDescr_t *, ch_est::puschRxChEstDynDescr_t *)"
4126696717,6079,93451,103,1,1,128,1,1,16,0.000,0.000,,,,,NVIDIA A100-SXM4-40GB MIG 4g.20gb (0),1,,13,cupy_copy__complex64_complex64
4126725580,19136,93461,1434,1,1,128,1,1,16,0.000,0.000,,,,,NVIDIA A100-SXM4-40GB MIG 4g.20gb (0),1,,13,cupy_copy__complex64_complex64
4126788427,9696,93468,103,1,1,128,1,1,16,0.000,0.000,,,,,NVIDIA A100-SXM4-40GB MIG 4g.20gb (0),1,,13,cupy_copy__complex64_complex64
4126830475,290493,93475,1,1,1,32,32,1,30,0.000,0.000,,,,,NVIDIA A100-SXM4-40GB MIG 4g.20gb (0),1,,13,"void convert_kernel<__half2, float2>(tensor_layout_any, T1 *, tensor_layout_any, const T2 *)"
4127149287,5440,93478,,,,,,,,,,0.094,17223.480,Pinned,Device,NVIDIA A100-SXM4-40GB MIG 4g.20gb (0),1,,13,[CUDA memcpy Host-to-Device]
4127183527,64159,93479,,,,,,,,,,35.810,558133.413,Device,,NVIDIA A100-SXM4-40GB MIG 4g.20gb (0),1,,13,[CUDA memset]
4127252710,3360,93481,,,,,,,,,,0.000,23.810,Pinned,Device,NVIDIA A100-SXM4-40GB MIG 4g.20gb (0),1,,13,[CUDA memcpy Host-to-Device]
4127258886,10624,93482,,,,,,,,,,0.197,18505.925,Pinned,Device,NVIDIA A100-SXM4-40GB MIG 4g.20gb (0),1,,13,[CUDA memcpy Host-to-Device]
4127433156,35168,93483,273,1,1,48,1,1,40,0.000,0.001,,,,,NVIDIA A100-SXM4-40GB MIG 4g.20gb (0),1,,13,"void pusch_noise_intf_est::noiseIntfEstNoDftSOfdmKernel<float, __half, float, float, (unsigned int)2, (unsigned int)1, (unsigned char)4, (unsigned char)4>(pusch_noise_intf_est::puschRxNoiseIntfEstDynDescr)"
4127573410,35520,93494,35,1,1,128,1,1,16,0.000,0.000,,,,,NVIDIA A100-SXM4-40GB MIG 4g.20gb (0),1,,13,cupy_copy__complex64_complex64
4127753696,4128,93503,1,1,1,1,1,1,18,0.000,0.000,,,,,NVIDIA A100-SXM4-40GB MIG 4g.20gb (0),1,,13,cupy_copy__float32_float32
4127758944,2016,93509,,,,,,,,,,0.000,1.984,Device,Pageable,NVIDIA A100-SXM4-40GB MIG 4g.20gb (0),1,,7,[CUDA memcpy Device-to-Host]
4127953470,36320,93520,1434,1,1,128,1,1,16,0.000,0.000,,,,,NVIDIA A100-SXM4-40GB MIG 4g.20gb (0),1,,13,cupy_copy__complex64_complex64
4128147228,6176,93527,103,1,1,128,1,1,16,0.000,0.000,,,,,NVIDIA A100-SXM4-40GB MIG 4g.20gb (0),1,,13,cupy_copy__complex64_complex64
4128292570,7776,93534,35,1,1,128,1,1,16,0.000,0.000,,,,,NVIDIA A100-SXM4-40GB MIG 4g.20gb (0),1,,13,cupy_copy__complex64_complex64
4128428409,3327,93541,1,1,1,1,1,1,18,0.000,0.000,,,,,NVIDIA A100-SXM4-40GB MIG 4g.20gb (0),1,,13,cupy_copy__float32_float32
4128564055,307484,93552,1,1,1,32,32,1,30,0.000,0.000,,,,,NVIDIA A100-SXM4-40GB MIG 4g.20gb (0),1,,13,"void convert_kernel<__half2, float2>(tensor_layout_any, T1 *, tensor_layout_any, const T2 *)"
4128902675,6880,93555,,,,,,,,,,0.094,13618.526,Pinned,Device,NVIDIA A100-SXM4-40GB MIG 4g.20gb (0),1,,13,[CUDA memcpy Host-to-Device]
4129055121,5504,93556,,,,,,,,,,1.547,280999.928,Device,,NVIDIA A100-SXM4-40GB MIG 4g.20gb (0),1,,13,[CUDA memset]
4129068497,3424,93561,,,,,,,,,,0.031,9140.185,Pinned,Device,NVIDIA A100-SXM4-40GB MIG 4g.20gb (0),1,,13,[CUDA memcpy Host-to-Device]
4129074385,10368,93562,,,,,,,,,,0.197,18962.842,Pinned,Device,NVIDIA A100-SXM4-40GB MIG 4g.20gb (0),1,,13,[CUDA memcpy Host-to-Device]
4129253935,26112,93563,273,1,1,8,4,1,39,0.002,0.000,,,,,NVIDIA A100-SXM4-40GB MIG 4g.20gb (0),1,,13,"void channel_eq::eqMmseCoefCompLowMimoKernel<float, float, float, (unsigned int)4, (unsigned int)1, (unsigned int)4>(const channel_eq::_puschRxChEqStatDescr *, channel_eq::_puschRxChEqCoefCompDynDescr)"
4129387501,40128,93564,273,1,1,12,11,1,51,0.002,0.000,,,,,NVIDIA A100-SXM4-40GB MIG 4g.20gb (0),1,,13,"void channel_eq::eqMmseSoftDemapKernel<float, __half, __half, float, (unsigned int)4, (unsigned short)16383>(channel_eq::_puschRxChEqStatDescr *, channel_eq::_puschRxChEqSoftDemapDynDescr)"
4129473612,720792,93565,1,1,1,32,32,1,30,0.000,0.000,,,,,NVIDIA A100-SXM4-40GB MIG 4g.20gb (0),1,,13,"void convert_kernel<float2, __half2>(tensor_layout_any, T1 *, tensor_layout_any, const T2 *)"
4130216900,15584,93577,2253,1,1,128,1,1,16,0.000,0.000,,,,,NVIDIA A100-SXM4-40GB MIG 4g.20gb (0),1,,13,cupy_copy__float16_float16
4130247684,11231,93586,282,1,1,128,1,1,16,0.000,0.000,,,,,NVIDIA A100-SXM4-40GB MIG 4g.20gb (0),1,,13,cupy_copy__complex64_complex64
4130293219,4864,93595,26,1,1,128,1,1,16,0.000,0.000,,,,,NVIDIA A100-SXM4-40GB MIG 4g.20gb (0),1,,13,cupy_copy__float32_float32
4130317027,29599,93604,103,1,1,128,1,1,16,0.000,0.000,,,,,NVIDIA A100-SXM4-40GB MIG 4g.20gb (0),1,,13,cupy_copy__complex64_complex64
4130391042,40415,93614,1434,1,1,128,1,1,16,0.000,0.000,,,,,NVIDIA A100-SXM4-40GB MIG 4g.20gb (0),1,,13,cupy_copy__complex64_complex64
4130449473,219198,93619,1,1,1,32,32,1,30,0.000,0.000,,,,,NVIDIA A100-SXM4-40GB MIG 4g.20gb (0),1,,13,"void convert_kernel<__half2, float2>(tensor_layout_any, T1 *, tensor_layout_any, const T2 *)"
4130699550,5376,93622,,,,,,,,,,0.094,17428.487,Pinned,Device,NVIDIA A100-SXM4-40GB MIG 4g.20gb (0),1,,13,[CUDA memcpy Host-to-Device]
4130710046,627129,93623,,,,,,,,,,456.561,727758.935,Device,,NVIDIA A100-SXM4-40GB MIG 4g.20gb (0),1,,13,[CUDA memset]
4131344215,51231,93628,,,,,,,,,,1.235,24104.872,Pinned,Device,NVIDIA A100-SXM4-40GB MIG 4g.20gb (0),1,,13,[CUDA memcpy Host-to-Device]
4131400086,10144,93629,,,,,,,,,,0.197,19381.617,Pinned,Device,NVIDIA A100-SXM4-40GB MIG 4g.20gb (0),1,,13,[CUDA memcpy Host-to-Device]
4131440118,17920,93630,69,4,1,48,1,1,76,0.002,0.000,,,,,NVIDIA A100-SXM4-40GB MIG 4g.20gb (0),1,,13,"void ch_est::windowedChEstPreNoDftSOfdmKernel<float, __half, float, (unsigned int)2, (unsigned int)1, (unsigned short)4>(ch_est::puschRxChEstStatDescr_t *, ch_est::puschRxChEstDynDescr_t *)"
4131465237,38368,93631,137,2,1,24,2,1,44,0.001,0.001,,,,,NVIDIA A100-SXM4-40GB MIG 4g.20gb (0),1,,13,"void ch_est::chEstFilterNoDftSOfdmDispatchKernel<float, __half, float, (unsigned int)2>(ch_est::puschRxChEstStatDescr_t *, ch_est::puschRxChEstDynDescr_t *)"
4131520373,33759,93632,137,2,1,24,2,1,44,0.001,0.001,,,,,NVIDIA A100-SXM4-40GB MIG 4g.20gb (0),1,,13,"void ch_est::chEstFilterNoDftSOfdmDispatchKernel<float, __half, float, (unsigned int)2>(ch_est::puschRxChEstStatDescr_t *, ch_est::puschRxChEstDynDescr_t *)"
4131555668,4224,93643,103,1,1,128,1,1,16,0.000,0.000,,,,,NVIDIA A100-SXM4-40GB MIG 4g.20gb (0),1,,13,cupy_copy__complex64_complex64
4131598484,20192,93653,1434,1,1,128,1,1,16,0.000,0.000,,,,,NVIDIA A100-SXM4-40GB MIG 4g.20gb (0),1,,13,cupy_copy__complex64_complex64
4131636307,16288,93660,103,1,1,128,1,1,16,0.000,0.000,,,,,NVIDIA A100-SXM4-40GB MIG 4g.20gb (0),1,,13,cupy_copy__complex64_complex64
4131688883,260221,93667,1,1,1,32,32,1,30,0.000,0.000,,,,,NVIDIA A100-SXM4-40GB MIG 4g.20gb (0),1,,13,"void convert_kernel<__half2, float2>(tensor_layout_any, T1 *, tensor_layout_any, const T2 *)"
4131981072,5407,93670,,,,,,,,,,0.094,17328.607,Pinned,Device,NVIDIA A100-SXM4-40GB MIG 4g.20gb (0),1,,13,[CUDA memcpy Host-to-Device]
4132028335,58303,93671,,,,,,,,,,35.810,614175.938,Device,,NVIDIA A100-SXM4-40GB MIG 4g.20gb (0),1,,13,[CUDA memset]
4132092046,2624,93673,,,,,,,,,,0.000,30.488,Pinned,Device,NVIDIA A100-SXM4-40GB MIG 4g.20gb (0),1,,13,[CUDA memcpy Host-to-Device]
4132097198,9920,93674,,,,,,,,,,0.197,19819.266,Pinned,Device,NVIDIA A100-SXM4-40GB MIG 4g.20gb (0),1,,13,[CUDA memcpy Host-to-Device]
4132238989,38943,93675,273,1,1,48,1,1,40,0.000,0.001,,,,,NVIDIA A100-SXM4-40GB MIG 4g.20gb (0),1,,13,"void pusch_noise_intf_est::noiseIntfEstNoDftSOfdmKernel<float, __half, float, float, (unsigned int)2, (unsigned int)1, (unsigned char)4, (unsigned char)4>(pusch_noise_intf_est::puschRxNoiseIntfEstDynDescr)"
4132341771,12288,93686,35,1,1,128,1,1,16,0.000,0.000,,,,,NVIDIA A100-SXM4-40GB MIG 4g.20gb (0),1,,13,cupy_copy__complex64_complex64
4132430442,5536,93695,1,1,1,1,1,1,18,0.000,0.000,,,,,NVIDIA A100-SXM4-40GB MIG 4g.20gb (0),1,,13,cupy_copy__float32_float32
4132436906,1696,93701,,,,,,,,,,0.000,2.358,Device,Pageable,NVIDIA A100-SXM4-40GB MIG 4g.20gb (0),1,,7,[CUDA memcpy Device-to-Host]
4132569993,25823,93712,1434,1,1,128,1,1,16,0.000,0.000,,,,,NVIDIA A100-SXM4-40GB MIG 4g.20gb (0),1,,13,cupy_copy__complex64_complex64
4132692679,6400,93719,103,1,1,128,1,1,16,0.000,0.000,,,,,NVIDIA A100-SXM4-40GB MIG 4g.20gb (0),1,,13,cupy_copy__complex64_complex64
4132765126,4512,93726,35,1,1,128,1,1,16,0.000,0.000,,,,,NVIDIA A100-SXM4-40GB MIG 4g.20gb (0),1,,13,cupy_copy__complex64_complex64
4132846374,12127,93733,1,1,1,1,1,1,18,0.000,0.000,,,,,NVIDIA A100-SXM4-40GB MIG 4g.20gb (0),1,,13,cupy_copy__float32_float32
4132967108,291069,93744,1,1,1,32,32,1,30,0.000,0.000,,,,,NVIDIA A100-SXM4-40GB MIG 4g.20gb (0),1,,13,"void convert_kernel<__half2, float2>(tensor_layout_any, T1 *, tensor_layout_any, const T2 *)"
4133288928,6080,93747,,,,,,,,,,0.094,15410.462,Pinned,Device,NVIDIA A100-SXM4-40GB MIG 4g.20gb (0),1,,13,[CUDA memcpy Host-to-Device]
4133491966,15232,93748,,,,,,,,,,1.547,101537.412,Device,,NVIDIA A100-SXM4-40GB MIG 4g.20gb (0),1,,13,[CUDA memset]
4133512894,3200,93753,,,,,,,,,,0.031,9780.000,Pinned,Device,NVIDIA A100-SXM4-40GB MIG 4g.20gb (0),1,,13,[CUDA memcpy Host-to-Device]
4133518814,10592,93754,,,,,,,,,,0.197,18561.761,Pinned,Device,NVIDIA A100-SXM4-40GB MIG 4g.20gb (0),1,,13,[CUDA memcpy Host-to-Device]
4133648604,41504,93755,273,1,1,8,4,1,39,0.002,0.000,,,,,NVIDIA A100-SXM4-40GB MIG 4g.20gb (0),1,,13,"void channel_eq::eqMmseCoefCompLowMimoKernel<float, float, float, (unsigned int)4, (unsigned int)1, (unsigned int)4>(const channel_eq::_puschRxChEqStatDescr *, channel_eq::_puschRxChEqCoefCompDynDescr)"
4133862874,38271,93756,273,1,1,12,11,1,51,0.002,0.000,,,,,NVIDIA A100-SXM4-40GB MIG 4g.20gb (0),1,,13,"void channel_eq::eqMmseSoftDemapKernel<float, __half, __half, float, (unsigned int)4, (unsigned short)16383>(channel_eq::_puschRxChEqStatDescr *, channel_eq::_puschRxChEqSoftDemapDynDescr)"
4134067927,733848,93757,1,1,1,32,32,1,30,0.000,0.000,,,,,NVIDIA A100-SXM4-40GB MIG 4g.20gb (0),1,,13,"void convert_kernel<float2, __half2>(tensor_layout_any, T1 *, tensor_layout_any, const T2 *)"
4134885582,18048,93769,2253,1,1,128,1,1,16,0.000,0.000,,,,,NVIDIA A100-SXM4-40GB MIG 4g.20gb (0),1,,13,cupy_copy__float16_float16
4134971661,20480,93778,282,1,1,128,1,1,16,0.000,0.000,,,,,NVIDIA A100-SXM4-40GB MIG 4g.20gb (0),1,,13,cupy_copy__complex64_complex64
4134993229,3552,93787,26,1,1,128,1,1,16,0.000,0.000,,,,,NVIDIA A100-SXM4-40GB MIG 4g.20gb (0),1,,13,cupy_copy__float32_float32
4135447720,3711,93796,103,1,1,128,1,1,16,0.000,0.000,,,,,NVIDIA A100-SXM4-40GB MIG 4g.20gb (0),1,,13,cupy_copy__complex64_complex64
4135595782,24416,93806,1434,1,1,128,1,1,16,0.000,0.000,,,,,NVIDIA A100-SXM4-40GB MIG 4g.20gb (0),1,,13,cupy_copy__complex64_complex64
4135726148,286365,93811,1,1,1,32,32,1,30,0.000,0.000,,,,,NVIDIA A100-SXM4-40GB MIG 4g.20gb (0),1,,13,"void convert_kernel<__half2, float2>(tensor_layout_any, T1 *, tensor_layout_any, const T2 *)"
4136044769,5408,93814,,,,,,,,,,0.094,17325.421,Pinned,Device,NVIDIA A100-SXM4-40GB MIG 4g.20gb (0),1,,13,[CUDA memcpy Host-to-Device]
4136075712,627033,93815,,,,,,,,,,456.561,727758.935,Device,,NVIDIA A100-SXM4-40GB MIG 4g.20gb (0),1,,13,[CUDA memset]
4136707737,59711,93820,,,,,,,,,,1.235,20681.607,Pinned,Device,NVIDIA A100-SXM4-40GB MIG 4g.20gb (0),1,,13,[CUDA memcpy Host-to-Device]
4136770648,9664,93821,,,,,,,,,,0.197,20344.209,Pinned,Device,NVIDIA A100-SXM4-40GB MIG 4g.20gb (0),1,,13,[CUDA memcpy Host-to-Device]
4137259763,26655,93822,69,4,1,48,1,1,76,0.002,0.000,,,,,NVIDIA A100-SXM4-40GB MIG 4g.20gb (0),1,,13,"void ch_est::windowedChEstPreNoDftSOfdmKernel<float, __half, float, (unsigned int)2, (unsigned int)1, (unsigned short)4>(ch_est::puschRxChEstStatDescr_t *, ch_est::puschRxChEstDynDescr_t *)"
4137296018,41472,93823,137,2,1,24,2,1,44,0.001,0.001,,,,,NVIDIA A100-SXM4-40GB MIG 4g.20gb (0),1,,13,"void ch_est::chEstFilterNoDftSOfdmDispatchKernel<float, __half, float, (unsigned int)2>(ch_est::puschRxChEstStatDescr_t *, ch_est::puschRxChEstDynDescr_t *)"
4137346482,34303,93824,137,2,1,24,2,1,44,0.001,0.001,,,,,NVIDIA A100-SXM4-40GB MIG 4g.20gb (0),1,,13,"void ch_est::chEstFilterNoDftSOfdmDispatchKernel<float, __half, float, (unsigned int)2>(ch_est::puschRxChEstStatDescr_t *, ch_est::puschRxChEstDynDescr_t *)"
4137383601,4288,93835,103,1,1,128,1,1,16,0.000,0.000,,,,,NVIDIA A100-SXM4-40GB MIG 4g.20gb (0),1,,13,cupy_copy__complex64_complex64
4137429137,21791,93845,1434,1,1,128,1,1,16,0.000,0.000,,,,,NVIDIA A100-SXM4-40GB MIG 4g.20gb (0),1,,13,cupy_copy__complex64_complex64
4137469232,17440,93852,103,1,1,128,1,1,16,0.000,0.000,,,,,NVIDIA A100-SXM4-40GB MIG 4g.20gb (0),1,,13,cupy_copy__complex64_complex64
4137521296,260957,93859,1,1,1,32,32,1,30,0.000,0.000,,,,,NVIDIA A100-SXM4-40GB MIG 4g.20gb (0),1,,13,"void convert_kernel<__half2, float2>(tensor_layout_any, T1 *, tensor_layout_any, const T2 *)"
4137812620,5472,93862,,,,,,,,,,0.094,17122.757,Pinned,Device,NVIDIA A100-SXM4-40GB MIG 4g.20gb (0),1,,13,[CUDA memcpy Host-to-Device]
4137862476,60927,93863,,,,,,,,,,35.810,587748.217,Device,,NVIDIA A100-SXM4-40GB MIG 4g.20gb (0),1,,13,[CUDA memset]
4137924939,1952,93865,,,,,,,,,,0.000,40.984,Pinned,Device,NVIDIA A100-SXM4-40GB MIG 4g.20gb (0),1,,13,[CUDA memcpy Host-to-Device]
4137929355,10816,93866,,,,,,,,,,0.197,18177.393,Pinned,Device,NVIDIA A100-SXM4-40GB MIG 4g.20gb (0),1,,13,[CUDA memcpy Host-to-Device]
4138056425,28512,93867,273,1,1,48,1,1,40,0.000,0.001,,,,,NVIDIA A100-SXM4-40GB MIG 4g.20gb (0),1,,13,"void pusch_noise_intf_est::noiseIntfEstNoDftSOfdmKernel<float, __half, float, float, (unsigned int)2, (unsigned int)1, (unsigned char)4, (unsigned char)4>(pusch_noise_intf_est::puschRxNoiseIntfEstDynDescr)"
4138132553,4767,93878,35,1,1,128,1,1,16,0.000,0.000,,,,,NVIDIA A100-SXM4-40GB MIG 4g.20gb (0),1,,13,cupy_copy__complex64_complex64
4138202824,3936,93887,1,1,1,1,1,1,18,0.000,0.000,,,,,NVIDIA A100-SXM4-40GB MIG 4g.20gb (0),1,,13,cupy_copy__float32_float32
4138213224,1664,93893,,,,,,,,,,0.000,2.404,Device,Pageable,NVIDIA A100-SXM4-40GB MIG 4g.20gb (0),1,,7,[CUDA memcpy Device-to-Host]
4138326758,16672,93904,1434,1,1,128,1,1,16,0.000,0.000,,,,,NVIDIA A100-SXM4-40GB MIG 4g.20gb (0),1,,13,cupy_copy__complex64_complex64
4138408549,18976,93911,103,1,1,128,1,1,16,0.000,0.000,,,,,NVIDIA A100-SXM4-40GB MIG 4g.20gb (0),1,,13,cupy_copy__complex64_complex64
4138496836,7776,93918,35,1,1,128,1,1,16,0.000,0.000,,,,,NVIDIA A100-SXM4-40GB MIG 4g.20gb (0),1,,13,cupy_copy__complex64_complex64
4138569315,3488,93925,1,1,1,1,1,1,18,0.000,0.000,,,,,NVIDIA A100-SXM4-40GB MIG 4g.20gb (0),1,,13,cupy_copy__float32_float32
4138645443,310524,93936,1,1,1,32,32,1,30,0.000,0.000,,,,,NVIDIA A100-SXM4-40GB MIG 4g.20gb (0),1,,13,"void convert_kernel<__half2, float2>(tensor_layout_any, T1 *, tensor_layout_any, const T2 *)"
4138995295,5984,93939,,,,,,,,,,0.094,15657.726,Pinned,Device,NVIDIA A100-SXM4-40GB MIG 4g.20gb (0),1,,13,[CUDA memcpy Host-to-Device]
4139088637,22784,93940,,,,,,,,,,1.547,67881.327,Device,,NVIDIA A100-SXM4-40GB MIG 4g.20gb (0),1,,13,[CUDA memset]
4139112797,3616,93945,,,,,,,,,,0.031,8654.846,Pinned,Device,NVIDIA A100-SXM4-40GB MIG 4g.20gb (0),1,,13,[CUDA memcpy Host-to-Device]
4139118845,10304,93946,,,,,,,,,,0.197,19080.610,Pinned,Device,NVIDIA A100-SXM4-40GB MIG 4g.20gb (0),1,,13,[CUDA memcpy Host-to-Device]
4139217980,46527,93947,273,1,1,8,4,1,39,0.002,0.000,,,,,NVIDIA A100-SXM4-40GB MIG 4g.20gb (0),1,,13,"void channel_eq::eqMmseCoefCompLowMimoKernel<float, float, float, (unsigned int)4, (unsigned int)1, (unsigned int)4>(const channel_eq::_puschRxChEqStatDescr *, channel_eq::_puschRxChEqCoefCompDynDescr)"
4139362426,48480,93948,273,1,1,12,11,1,51,0.002,0.000,,,,,NVIDIA A100-SXM4-40GB MIG 4g.20gb (0),1,,13,"void channel_eq::eqMmseSoftDemapKernel<float, __half, __half, float, (unsigned int)4, (unsigned short)16383>(channel_eq::_puschRxChEqStatDescr *, channel_eq::_puschRxChEqSoftDemapDynDescr)"
4139530584,756472,93949,1,1,1,32,32,1,30,0.000,0.000,,,,,NVIDIA A100-SXM4-40GB MIG 4g.20gb (0),1,,13,"void convert_kernel<float2, __half2>(tensor_layout_any, T1 *, tensor_layout_any, const T2 *)"
4140336623,21152,93961,2253,1,1,128,1,1,16,0.000,0.000,,,,,NVIDIA A100-SXM4-40GB MIG 4g.20gb (0),1,,13,cupy_copy__float16_float16
4140438766,6816,93970,282,1,1,128,1,1,16,0.000,0.000,,,,,NVIDIA A100-SXM4-40GB MIG 4g.20gb (0),1,,13,cupy_copy__complex64_complex64
4140469454,12319,93979,26,1,1,128,1,1,16,0.000,0.000,,,,,NVIDIA A100-SXM4-40GB MIG 4g.20gb (0),1,,13,cupy_copy__float32_float32
4140573228,5344,93988,103,1,1,128,1,1,16,0.000,0.000,,,,,NVIDIA A100-SXM4-40GB MIG 4g.20gb (0),1,,13,cupy_copy__complex64_complex64
4140665611,17376,93998,1434,1,1,128,1,1,16,0.000,0.000,,,,,NVIDIA A100-SXM4-40GB MIG 4g.20gb (0),1,,13,cupy_copy__complex64_complex64
4140758666,328700,94003,1,1,1,32,32,1,30,0.000,0.000,,,,,NVIDIA A100-SXM4-40GB MIG 4g.20gb (0),1,,13,"void convert_kernel<__half2, float2>(tensor_layout_any, T1 *, tensor_layout_any, const T2 *)"
4141120902,5792,94006,,,,,,,,,,0.094,16176.708,Pinned,Device,NVIDIA A100-SXM4-40GB MIG 4g.20gb (0),1,,13,[CUDA memcpy Host-to-Device]
4141177093,633081,94007,,,,,,,,,,456.561,720910.514,Device,,NVIDIA A100-SXM4-40GB MIG 4g.20gb (0),1,,13,[CUDA memset]
4141816862,53663,94012,,,,,,,,,,1.235,23011.946,Pinned,Device,NVIDIA A100-SXM4-40GB MIG 4g.20gb (0),1,,13,[CUDA memcpy Host-to-Device]
4141873373,10848,94013,,,,,,,,,,0.197,18123.719,Pinned,Device,NVIDIA A100-SXM4-40GB MIG 4g.20gb (0),1,,13,[CUDA memcpy Host-to-Device]
4141939965,11263,94014,69,4,1,48,1,1,76,0.002,0.000,,,,,NVIDIA A100-SXM4-40GB MIG 4g.20gb (0),1,,13,"void ch_est::windowedChEstPreNoDftSOfdmKernel<float, __half, float, (unsigned int)2, (unsigned int)1, (unsigned short)4>(ch_est::puschRxChEstStatDescr_t *, ch_est::puschRxChEstDynDescr_t *)"
4142084251,10336,94015,137,2,1,24,2,1,44,0.001,0.001,,,,,NVIDIA A100-SXM4-40GB MIG 4g.20gb (0),1,,13,"void ch_est::chEstFilterNoDftSOfdmDispatchKernel<float, __half, float, (unsigned int)2>(ch_est::puschRxChEstStatDescr_t *, ch_est::puschRxChEstDynDescr_t *)"
4142218649,10464,94016,137,2,1,24,2,1,44,0.001,0.001,,,,,NVIDIA A100-SXM4-40GB MIG 4g.20gb (0),1,,13,"void ch_est::chEstFilterNoDftSOfdmDispatchKernel<float, __half, float, (unsigned int)2>(ch_est::puschRxChEstStatDescr_t *, ch_est::puschRxChEstDynDescr_t *)"
4142346392,6432,94027,103,1,1,128,1,1,16,0.000,0.000,,,,,NVIDIA A100-SXM4-40GB MIG 4g.20gb (0),1,,13,cupy_copy__complex64_complex64
4142428631,24704,94037,1434,1,1,128,1,1,16,0.000,0.000,,,,,NVIDIA A100-SXM4-40GB MIG 4g.20gb (0),1,,13,cupy_copy__complex64_complex64
4142490230,6080,94044,103,1,1,128,1,1,16,0.000,0.000,,,,,NVIDIA A100-SXM4-40GB MIG 4g.20gb (0),1,,13,cupy_copy__complex64_complex64
4142526134,262749,94051,1,1,1,32,32,1,30,0.000,0.000,,,,,NVIDIA A100-SXM4-40GB MIG 4g.20gb (0),1,,13,"void convert_kernel<__half2, float2>(tensor_layout_any, T1 *, tensor_layout_any, const T2 *)"
4142826962,5408,94054,,,,,,,,,,0.094,17325.421,Pinned,Device,NVIDIA A100-SXM4-40GB MIG 4g.20gb (0),1,,13,[CUDA memcpy Host-to-Device]
4142881362,65791,94055,,,,,,,,,,35.810,544274.974,Device,,NVIDIA A100-SXM4-40GB MIG 4g.20gb (0),1,,13,[CUDA memset]
4142951857,2016,94057,,,,,,,,,,0.000,39.682,Pinned,Device,NVIDIA A100-SXM4-40GB MIG 4g.20gb (0),1,,13,[CUDA memcpy Host-to-Device]
4142956273,9824,94058,,,,,,,,,,0.197,20012.925,Pinned,Device,NVIDIA A100-SXM4-40GB MIG 4g.20gb (0),1,,13,[CUDA memcpy Host-to-Device]
4143080719,37216,94059,273,1,1,48,1,1,40,0.000,0.001,,,,,NVIDIA A100-SXM4-40GB MIG 4g.20gb (0),1,,13,"void pusch_noise_intf_est::noiseIntfEstNoDftSOfdmKernel<float, __half, float, float, (unsigned int)2, (unsigned int)1, (unsigned char)4, (unsigned char)4>(pusch_noise_intf_est::puschRxNoiseIntfEstDynDescr)"
4143206990,9600,94070,35,1,1,128,1,1,16,0.000,0.000,,,,,NVIDIA A100-SXM4-40GB MIG 4g.20gb (0),1,,13,cupy_copy__complex64_complex64
4143246414,4159,94079,1,1,1,1,1,1,18,0.000,0.000,,,,,NVIDIA A100-SXM4-40GB MIG 4g.20gb (0),1,,13,cupy_copy__float32_float32
4143257229,1920,94085,,,,,,,,,,0.000,2.083,Device,Pageable,NVIDIA A100-SXM4-40GB MIG 4g.20gb (0),1,,7,[CUDA memcpy Device-to-Host]
4143370412,16640,94096,1434,1,1,128,1,1,16,0.000,0.000,,,,,NVIDIA A100-SXM4-40GB MIG 4g.20gb (0),1,,13,cupy_copy__complex64_complex64
4143500907,5792,94103,103,1,1,128,1,1,16,0.000,0.000,,,,,NVIDIA A100-SXM4-40GB MIG 4g.20gb (0),1,,13,cupy_copy__complex64_complex64
4143631689,5792,94110,35,1,1,128,1,1,16,0.000,0.000,,,,,NVIDIA A100-SXM4-40GB MIG 4g.20gb (0),1,,13,cupy_copy__complex64_complex64
4143755752,3648,94117,1,1,1,1,1,1,18,0.000,0.000,,,,,NVIDIA A100-SXM4-40GB MIG 4g.20gb (0),1,,13,cupy_copy__float32_float32
4143833511,312092,94128,1,1,1,32,32,1,30,0.000,0.000,,,,,NVIDIA A100-SXM4-40GB MIG 4g.20gb (0),1,,13,"void convert_kernel<__half2, float2>(tensor_layout_any, T1 *, tensor_layout_any, const T2 *)"
4144177795,6048,94131,,,,,,,,,,0.094,15491.978,Pinned,Device,NVIDIA A100-SXM4-40GB MIG 4g.20gb (0),1,,13,[CUDA memcpy Host-to-Device]
4144281090,11935,94132,,,,,,,,,,1.547,129586.985,Device,,NVIDIA A100-SXM4-40GB MIG 4g.20gb (0),1,,13,[CUDA memset]
4144300737,3296,94137,,,,,,,,,,0.031,9495.144,Pinned,Device,NVIDIA A100-SXM4-40GB MIG 4g.20gb (0),1,,13,[CUDA memcpy Host-to-Device]
4144306497,9472,94138,,,,,,,,,,0.197,20756.693,Pinned,Device,NVIDIA A100-SXM4-40GB MIG 4g.20gb (0),1,,13,[CUDA memcpy Host-to-Device]
4144414048,45824,94139,273,1,1,8,4,1,39,0.002,0.000,,,,,NVIDIA A100-SXM4-40GB MIG 4g.20gb (0),1,,13,"void channel_eq::eqMmseCoefCompLowMimoKernel<float, float, float, (unsigned int)4, (unsigned int)1, (unsigned int)4>(const channel_eq::_puschRxChEqStatDescr *, channel_eq::_puschRxChEqCoefCompDynDescr)"
4144519295,39103,94140,273,1,1,12,11,1,51,0.002,0.000,,,,,NVIDIA A100-SXM4-40GB MIG 4g.20gb (0),1,,13,"void channel_eq::eqMmseSoftDemapKernel<float, __half, __half, float, (unsigned int)4, (unsigned short)16383>(channel_eq::_puschRxChEqStatDescr *, channel_eq::_puschRxChEqSoftDemapDynDescr)"
4144581406,647161,94141,1,1,1,32,32,1,30,0.000,0.000,,,,,NVIDIA A100-SXM4-40GB MIG 4g.20gb (0),1,,13,"void convert_kernel<float2, __half2>(tensor_layout_any, T1 *, tensor_layout_any, const T2 *)"
4145279382,14816,94153,2253,1,1,128,1,1,16,0.000,0.000,,,,,NVIDIA A100-SXM4-40GB MIG 4g.20gb (0),1,,13,cupy_copy__float16_float16
4145364373,14624,94162,282,1,1,128,1,1,16,0.000,0.000,,,,,NVIDIA A100-SXM4-40GB MIG 4g.20gb (0),1,,13,cupy_copy__complex64_complex64
4145452180,3744,94171,26,1,1,128,1,1,16,0.000,0.000,,,,,NVIDIA A100-SXM4-40GB MIG 4g.20gb (0),1,,13,cupy_copy__float32_float32
4145520915,5952,94180,103,1,1,128,1,1,16,0.000,0.000,,,,,NVIDIA A100-SXM4-40GB MIG 4g.20gb (0),1,,13,cupy_copy__complex64_complex64
4145564595,54623,94190,1434,1,1,128,1,1,16,0.000,0.000,,,,,NVIDIA A100-SXM4-40GB MIG 4g.20gb (0),1,,13,cupy_copy__complex64_complex64
4145673809,345501,94195,1,1,1,32,32,1,30,0.000,0.000,,,,,NVIDIA A100-SXM4-40GB MIG 4g.20gb (0),1,,13,"void convert_kernel<__half2, float2>(tensor_layout_any, T1 *, tensor_layout_any, const T2 *)"
4146049645,5952,94198,,,,,,,,,,0.094,15741.865,Pinned,Device,NVIDIA A100-SXM4-40GB MIG 4g.20gb (0),1,,13,[CUDA memcpy Host-to-Device]
4146100717,642904,94199,,,,,,,,,,456.561,709953.039,Device,,NVIDIA A100-SXM4-40GB MIG 4g.20gb (0),1,,13,[CUDA memset]
4146747909,53311,94204,,,,,,,,,,1.235,23163.845,Pinned,Device,NVIDIA A100-SXM4-40GB MIG 4g.20gb (0),1,,13,[CUDA memcpy Host-to-Device]
4146804196,10720,94205,,,,,,,,,,0.197,18340.184,Pinned,Device,NVIDIA A100-SXM4-40GB MIG 4g.20gb (0),1,,13,[CUDA memcpy Host-to-Device]
4146865924,12064,94206,69,4,1,48,1,1,76,0.002,0.000,,,,,NVIDIA A100-SXM4-40GB MIG 4g.20gb (0),1,,13,"void ch_est::windowedChEstPreNoDftSOfdmKernel<float, __half, float, (unsigned int)2, (unsigned int)1, (unsigned short)4>(ch_est::puschRxChEstStatDescr_t *, ch_est::puschRxChEstDynDescr_t *)"
4147008994,9024,94207,137,2,1,24,2,1,44,0.001,0.001,,,,,NVIDIA A100-SXM4-40GB MIG 4g.20gb (0),1,,13,"void ch_est::chEstFilterNoDftSOfdmDispatchKernel<float, __half, float, (unsigned int)2>(ch_est::puschRxChEstStatDescr_t *, ch_est::puschRxChEstDynDescr_t *)"
4147137217,11487,94208,137,2,1,24,2,1,44,0.001,0.001,,,,,NVIDIA A100-SXM4-40GB MIG 4g.20gb (0),1,,13,"void ch_est::chEstFilterNoDftSOfdmDispatchKernel<float, __half, float, (unsigned int)2>(ch_est::puschRxChEstStatDescr_t *, ch_est::puschRxChEstDynDescr_t *)"
4147235359,13632,94219,103,1,1,128,1,1,16,0.000,0.000,,,,,NVIDIA A100-SXM4-40GB MIG 4g.20gb (0),1,,13,cupy_copy__complex64_complex64
4147292319,19616,94229,1434,1,1,128,1,1,16,0.000,0.000,,,,,NVIDIA A100-SXM4-40GB MIG 4g.20gb (0),1,,13,cupy_copy__complex64_complex64
4147388062,17024,94236,103,1,1,128,1,1,16,0.000,0.000,,,,,NVIDIA A100-SXM4-40GB MIG 4g.20gb (0),1,,13,cupy_copy__complex64_complex64
4147452733,292125,94243,1,1,1,32,32,1,30,0.000,0.000,,,,,NVIDIA A100-SXM4-40GB MIG 4g.20gb (0),1,,13,"void convert_kernel<__half2, float2>(tensor_layout_any, T1 *, tensor_layout_any, const T2 *)"
4147778905,5728,94246,,,,,,,,,,0.094,16357.541,Pinned,Device,NVIDIA A100-SXM4-40GB MIG 4g.20gb (0),1,,13,[CUDA memcpy Host-to-Device]
4147884536,51615,94247,,,,,,,,,,35.810,693781.390,Device,,NVIDIA A100-SXM4-40GB MIG 4g.20gb (0),1,,13,[CUDA memset]
4147944087,1856,94249,,,,,,,,,,0.000,43.103,Pinned,Device,NVIDIA A100-SXM4-40GB MIG 4g.20gb (0),1,,13,[CUDA memcpy Host-to-Device]
4147949879,10208,94250,,,,,,,,,,0.197,19260.113,Pinned,Device,NVIDIA A100-SXM4-40GB MIG 4g.20gb (0),1,,13,[CUDA memcpy Host-to-Device]
4148096534,32383,94251,273,1,1,48,1,1,40,0.000,0.001,,,,,NVIDIA A100-SXM4-40GB MIG 4g.20gb (0),1,,13,"void pusch_noise_intf_est::noiseIntfEstNoDftSOfdmKernel<float, __half, float, float, (unsigned int)2, (unsigned int)1, (unsigned char)4, (unsigned char)4>(pusch_noise_intf_est::puschRxNoiseIntfEstDynDescr)"
4148253908,8000,94262,35,1,1,128,1,1,16,0.000,0.000,,,,,NVIDIA A100-SXM4-40GB MIG 4g.20gb (0),1,,13,cupy_copy__complex64_complex64
4148335155,3392,94271,1,1,1,1,1,1,18,0.000,0.000,,,,,NVIDIA A100-SXM4-40GB MIG 4g.20gb (0),1,,13,cupy_copy__float32_float32
4148339763,2272,94277,,,,,,,,,,0.000,1.761,Device,Pageable,NVIDIA A100-SXM4-40GB MIG 4g.20gb (0),1,,7,[CUDA memcpy Device-to-Host]
4148490321,21376,94288,1434,1,1,128,1,1,16,0.000,0.000,,,,,NVIDIA A100-SXM4-40GB MIG 4g.20gb (0),1,,13,cupy_copy__complex64_complex64
4148586000,21280,94295,103,1,1,128,1,1,16,0.000,0.000,,,,,NVIDIA A100-SXM4-40GB MIG 4g.20gb (0),1,,13,cupy_copy__complex64_complex64
4148737806,6432,94302,35,1,1,128,1,1,16,0.000,0.000,,,,,NVIDIA A100-SXM4-40GB MIG 4g.20gb (0),1,,13,cupy_copy__complex64_complex64
4148808013,4896,94309,1,1,1,1,1,1,18,0.000,0.000,,,,,NVIDIA A100-SXM4-40GB MIG 4g.20gb (0),1,,13,cupy_copy__float32_float32
4148884332,297501,94320,1,1,1,32,32,1,30,0.000,0.000,,,,,NVIDIA A100-SXM4-40GB MIG 4g.20gb (0),1,,13,"void convert_kernel<__half2, float2>(tensor_layout_any, T1 *, tensor_layout_any, const T2 *)"
4149212009,5440,94323,,,,,,,,,,0.094,17223.480,Pinned,Device,NVIDIA A100-SXM4-40GB MIG 4g.20gb (0),1,,13,[CUDA memcpy Host-to-Device]
4149340999,22208,94324,,,,,,,,,,1.547,69641.385,Device,,NVIDIA A100-SXM4-40GB MIG 4g.20gb (0),1,,13,[CUDA memset]
4149363559,3168,94329,,,,,,,,,,0.031,9878.770,Pinned,Device,NVIDIA A100-SXM4-40GB MIG 4g.20gb (0),1,,13,[CUDA memcpy Host-to-Device]
4149369511,9600,94330,,,,,,,,,,0.197,20479.869,Pinned,Device,NVIDIA A100-SXM4-40GB MIG 4g.20gb (0),1,,13,[CUDA memcpy Host-to-Device]
4149447398,49247,94331,273,1,1,8,4,1,39,0.002,0.000,,,,,NVIDIA A100-SXM4-40GB MIG 4g.20gb (0),1,,13,"void channel_eq::eqMmseCoefCompLowMimoKernel<float, float, float, (unsigned int)4, (unsigned int)1, (unsigned int)4>(const channel_eq::_puschRxChEqStatDescr *, channel_eq::_puschRxChEqCoefCompDynDescr)"
4149528613,40512,94332,273,1,1,12,11,1,51,0.002,0.000,,,,,NVIDIA A100-SXM4-40GB MIG 4g.20gb (0),1,,13,"void channel_eq::eqMmseSoftDemapKernel<float, __half, __half, float, (unsigned int)4, (unsigned short)16383>(channel_eq::_puschRxChEqStatDescr *, channel_eq::_puschRxChEqSoftDemapDynDescr)"
4149586404,575130,94333,1,1,1,32,32,1,30,0.000,0.000,,,,,NVIDIA A100-SXM4-40GB MIG 4g.20gb (0),1,,13,"void convert_kernel<float2, __half2>(tensor_layout_any, T1 *, tensor_layout_any, const T2 *)"
4150205213,17920,94345,2253,1,1,128,1,1,16,0.000,0.000,,,,,NVIDIA A100-SXM4-40GB MIG 4g.20gb (0),1,,13,cupy_copy__float16_float16
4150300764,5408,94354,282,1,1,128,1,1,16,0.000,0.000,,,,,NVIDIA A100-SXM4-40GB MIG 4g.20gb (0),1,,13,cupy_copy__complex64_complex64
4150330204,11872,94363,26,1,1,128,1,1,16,0.000,0.000,,,,,NVIDIA A100-SXM4-40GB MIG 4g.20gb (0),1,,13,cupy_copy__float32_float32
4150434491,5439,94372,103,1,1,128,1,1,16,0.000,0.000,,,,,NVIDIA A100-SXM4-40GB MIG 4g.20gb (0),1,,13,cupy_copy__complex64_complex64
4150528601,17472,94388,1434,1,1,128,1,1,16,0.000,0.000,,,,,NVIDIA A100-SXM4-40GB MIG 4g.20gb (0),1,,13,cupy_copy__complex64_complex64
4150712023,326045,94393,1,1,1,32,32,1,30,0.000,0.000,,,,,NVIDIA A100-SXM4-40GB MIG 4g.20gb (0),1,,13,"void convert_kernel<__half2, float2>(tensor_layout_any, T1 *, tensor_layout_any, const T2 *)"
4151069459,5952,94396,,,,,,,,,,0.094,15741.865,Pinned,Device,NVIDIA A100-SXM4-40GB MIG 4g.20gb (0),1,,13,[CUDA memcpy Host-to-Device]
4151198418,643832,94397,,,,,,,,,,456.561,709039.916,Device,,NVIDIA A100-SXM4-40GB MIG 4g.20gb (0),1,,13,[CUDA memset]
4151845098,53280,94402,,,,,,,,,,1.235,23177.429,Pinned,Device,NVIDIA A100-SXM4-40GB MIG 4g.20gb (0),1,,13,[CUDA memcpy Host-to-Device]
4151900906,10368,94403,,,,,,,,,,0.197,18962.842,Pinned,Device,NVIDIA A100-SXM4-40GB MIG 4g.20gb (0),1,,13,[CUDA memcpy Host-to-Device]
4151974121,17184,94404,69,4,1,48,1,1,76,0.002,0.000,,,,,NVIDIA A100-SXM4-40GB MIG 4g.20gb (0),1,,13,"void ch_est::windowedChEstPreNoDftSOfdmKernel<float, __half, float, (unsigned int)2, (unsigned int)1, (unsigned short)4>(ch_est::puschRxChEstStatDescr_t *, ch_est::puschRxChEstDynDescr_t *)"
4152068744,37567,94405,137,2,1,24,2,1,44,0.001,0.001,,,,,NVIDIA A100-SXM4-40GB MIG 4g.20gb (0),1,,13,"void ch_est::chEstFilterNoDftSOfdmDispatchKernel<float, __half, float, (unsigned int)2>(ch_est::puschRxChEstStatDescr_t *, ch_est::puschRxChEstDynDescr_t *)"
4152204934,50848,94406,137,2,1,24,2,1,44,0.001,0.001,,,,,NVIDIA A100-SXM4-40GB MIG 4g.20gb (0),1,,13,"void ch_est::chEstFilterNoDftSOfdmDispatchKernel<float, __half, float, (unsigned int)2>(ch_est::puschRxChEstStatDescr_t *, ch_est::puschRxChEstDynDescr_t *)"
4152323205,4000,94417,103,1,1,128,1,1,16,0.000,0.000,,,,,NVIDIA A100-SXM4-40GB MIG 4g.20gb (0),1,,13,cupy_copy__complex64_complex64
4152413700,17856,94427,1434,1,1,128,1,1,16,0.000,0.000,,,,,NVIDIA A100-SXM4-40GB MIG 4g.20gb (0),1,,13,cupy_copy__complex64_complex64
4152594018,16255,94434,103,1,1,128,1,1,16,0.000,0.000,,,,,NVIDIA A100-SXM4-40GB MIG 4g.20gb (0),1,,13,cupy_copy__complex64_complex64
4152693760,305405,94441,1,1,1,32,32,1,30,0.000,0.000,,,,,NVIDIA A100-SXM4-40GB MIG 4g.20gb (0),1,,13,"void convert_kernel<__half2, float2>(tensor_layout_any, T1 *, tensor_layout_any, const T2 *)"
4153031645,6048,94444,,,,,,,,,,0.094,15491.978,Pinned,Device,NVIDIA A100-SXM4-40GB MIG 4g.20gb (0),1,,13,[CUDA memcpy Host-to-Device]
4153100124,61919,94445,,,,,,,,,,35.810,578330.208,Device,,NVIDIA A100-SXM4-40GB MIG 4g.20gb (0),1,,13,[CUDA memset]
4153162875,1920,94447,,,,,,,,,,0.000,41.667,Pinned,Device,NVIDIA A100-SXM4-40GB MIG 4g.20gb (0),1,,13,[CUDA memcpy Host-to-Device]
4153168187,9632,94448,,,,,,,,,,0.197,20411.843,Pinned,Device,NVIDIA A100-SXM4-40GB MIG 4g.20gb (0),1,,13,[CUDA memcpy Host-to-Device]
4153325273,40544,94449,273,1,1,48,1,1,40,0.000,0.001,,,,,NVIDIA A100-SXM4-40GB MIG 4g.20gb (0),1,,13,"void pusch_noise_intf_est::noiseIntfEstNoDftSOfdmKernel<float, __half, float, float, (unsigned int)2, (unsigned int)1, (unsigned char)4, (unsigned char)4>(pusch_noise_intf_est::puschRxNoiseIntfEstDynDescr)"
4153493975,10112,94460,35,1,1,128,1,1,16,0.000,0.000,,,,,NVIDIA A100-SXM4-40GB MIG 4g.20gb (0),1,,13,cupy_copy__complex64_complex64
4153623766,3648,94469,1,1,1,1,1,1,18,0.000,0.000,,,,,NVIDIA A100-SXM4-40GB MIG 4g.20gb (0),1,,13,cupy_copy__float32_float32
4153632662,1952,94475,,,,,,,,,,0.000,2.049,Device,Pageable,NVIDIA A100-SXM4-40GB MIG 4g.20gb (0),1,,7,[CUDA memcpy Device-to-Host]
4153825011,23424,94486,1434,1,1,128,1,1,16,0.000,0.000,,,,,NVIDIA A100-SXM4-40GB MIG 4g.20gb (0),1,,13,cupy_copy__complex64_complex64
4153968082,4064,94493,103,1,1,128,1,1,16,0.000,0.000,,,,,NVIDIA A100-SXM4-40GB MIG 4g.20gb (0),1,,13,cupy_copy__complex64_complex64
4154087824,6752,94500,35,1,1,128,1,1,16,0.000,0.000,,,,,NVIDIA A100-SXM4-40GB MIG 4g.20gb (0),1,,13,cupy_copy__complex64_complex64
4154171343,8384,94507,1,1,1,1,1,1,18,0.000,0.000,,,,,NVIDIA A100-SXM4-40GB MIG 4g.20gb (0),1,,13,cupy_copy__float32_float32
4154256558,304509,94518,1,1,1,32,32,1,30,0.000,0.000,,,,,NVIDIA A100-SXM4-40GB MIG 4g.20gb (0),1,,13,"void convert_kernel<__half2, float2>(tensor_layout_any, T1 *, tensor_layout_any, const T2 *)"
4154592747,5888,94521,,,,,,,,,,0.094,15912.954,Pinned,Device,NVIDIA A100-SXM4-40GB MIG 4g.20gb (0),1,,13,[CUDA memcpy Host-to-Device]
4154745481,5024,94522,,,,,,,,,,1.547,307846.227,Device,,NVIDIA A100-SXM4-40GB MIG 4g.20gb (0),1,,13,[CUDA memset]
4154755561,3104,94527,,,,,,,,,,0.031,10082.445,Pinned,Device,NVIDIA A100-SXM4-40GB MIG 4g.20gb (0),1,,13,[CUDA memcpy Host-to-Device]
4154763113,9503,94528,,,,,,,,,,0.197,20688.863,Pinned,Device,NVIDIA A100-SXM4-40GB MIG 4g.20gb (0),1,,13,[CUDA memcpy Host-to-Device]
4154824904,42527,94529,273,1,1,8,4,1,39,0.002,0.000,,,,,NVIDIA A100-SXM4-40GB MIG 4g.20gb (0),1,,13,"void channel_eq::eqMmseCoefCompLowMimoKernel<float, float, float, (unsigned int)4, (unsigned int)1, (unsigned int)4>(const channel_eq::_puschRxChEqStatDescr *, channel_eq::_puschRxChEqCoefCompDynDescr)"
4154895079,41024,94530,273,1,1,12,11,1,51,0.002,0.000,,,,,NVIDIA A100-SXM4-40GB MIG 4g.20gb (0),1,,13,"void channel_eq::eqMmseSoftDemapKernel<float, __half, __half, float, (unsigned int)4, (unsigned short)16383>(channel_eq::_puschRxChEqStatDescr *, channel_eq::_puschRxChEqSoftDemapDynDescr)"
4154954598,483227,94531,1,1,1,32,32,1,30,0.000,0.000,,,,,NVIDIA A100-SXM4-40GB MIG 4g.20gb (0),1,,13,"void convert_kernel<float2, __half2>(tensor_layout_any, T1 *, tensor_layout_any, const T2 *)"
4155471200,17600,94543,2253,1,1,128,1,1,16,0.000,0.000,,,,,NVIDIA A100-SXM4-40GB MIG 4g.20gb (0),1,,13,cupy_copy__float16_float16
4155526432,8288,94552,282,1,1,128,1,1,16,0.000,0.000,,,,,NVIDIA A100-SXM4-40GB MIG 4g.20gb (0),1,,13,cupy_copy__complex64_complex64
4155551999,6688,94561,26,1,1,128,1,1,16,0.000,0.000,,,,,NVIDIA A100-SXM4-40GB MIG 4g.20gb (0),1,,13,cupy_copy__float32_float32
4155561055,6560,94570,103,1,1,128,1,1,16,0.000,0.000,,,,,NVIDIA A100-SXM4-40GB MIG 4g.20gb (0),1,,13,cupy_copy__complex64_complex64
4155642046,26496,94580,1434,1,1,128,1,1,16,0.000,0.000,,,,,NVIDIA A100-SXM4-40GB MIG 4g.20gb (0),1,,13,cupy_copy__complex64_complex64
4155679902,238077,94585,1,1,1,32,32,1,30,0.000,0.000,,,,,NVIDIA A100-SXM4-40GB MIG 4g.20gb (0),1,,13,"void convert_kernel<__half2, float2>(tensor_layout_any, T1 *, tensor_layout_any, const T2 *)"
4155949179,5376,94588,,,,,,,,,,0.094,17428.487,Pinned,Device,NVIDIA A100-SXM4-40GB MIG 4g.20gb (0),1,,13,[CUDA memcpy Host-to-Device]
4155993754,640153,94589,,,,,,,,,,456.561,713148.969,Device,,NVIDIA A100-SXM4-40GB MIG 4g.20gb (0),1,,13,[CUDA memset]
4156637651,57823,94594,,,,,,,,,,1.235,21357.122,Pinned,Device,NVIDIA A100-SXM4-40GB MIG 4g.20gb (0),1,,13,[CUDA memcpy Host-to-Device]
4156697970,10080,94595,,,,,,,,,,0.197,19504.693,Pinned,Device,NVIDIA A100-SXM4-40GB MIG 4g.20gb (0),1,,13,[CUDA memcpy Host-to-Device]
4156809585,41568,94596,69,4,1,48,1,1,76,0.002,0.000,,,,,NVIDIA A100-SXM4-40GB MIG 4g.20gb (0),1,,13,"void ch_est::windowedChEstPreNoDftSOfdmKernel<float, __half, float, (unsigned int)2, (unsigned int)1, (unsigned short)4>(ch_est::puschRxChEstStatDescr_t *, ch_est::puschRxChEstDynDescr_t *)"
4156888752,16128,94597,137,2,1,24,2,1,44,0.001,0.001,,,,,NVIDIA A100-SXM4-40GB MIG 4g.20gb (0),1,,13,"void ch_est::chEstFilterNoDftSOfdmDispatchKernel<float, __half, float, (unsigned int)2>(ch_est::puschRxChEstStatDescr_t *, ch_est::puschRxChEstDynDescr_t *)"
4156971247,18016,94598,137,2,1,24,2,1,44,0.001,0.001,,,,,NVIDIA A100-SXM4-40GB MIG 4g.20gb (0),1,,13,"void ch_est::chEstFilterNoDftSOfdmDispatchKernel<float, __half, float, (unsigned int)2>(ch_est::puschRxChEstStatDescr_t *, ch_est::puschRxChEstDynDescr_t *)"
4157065870,19936,94609,103,1,1,128,1,1,16,0.000,0.000,,,,,NVIDIA A100-SXM4-40GB MIG 4g.20gb (0),1,,13,cupy_copy__complex64_complex64
4157175117,26815,94619,1434,1,1,128,1,1,16,0.000,0.000,,,,,NVIDIA A100-SXM4-40GB MIG 4g.20gb (0),1,,13,cupy_copy__complex64_complex64
4157217068,11072,94626,103,1,1,128,1,1,16,0.000,0.000,,,,,NVIDIA A100-SXM4-40GB MIG 4g.20gb (0),1,,13,cupy_copy__complex64_complex64
4157336939,288541,94633,1,1,1,32,32,1,30,0.000,0.000,,,,,NVIDIA A100-SXM4-40GB MIG 4g.20gb (0),1,,13,"void convert_kernel<__half2, float2>(tensor_layout_any, T1 *, tensor_layout_any, const T2 *)"
4157656711,5440,94636,,,,,,,,,,0.094,17223.480,Pinned,Device,NVIDIA A100-SXM4-40GB MIG 4g.20gb (0),1,,13,[CUDA memcpy Host-to-Device]
4157774374,63423,94637,,,,,,,,,,35.810,564615.009,Device,,NVIDIA A100-SXM4-40GB MIG 4g.20gb (0),1,,13,[CUDA memset]
4157839525,1952,94639,,,,,,,,,,0.000,40.984,Pinned,Device,NVIDIA A100-SXM4-40GB MIG 4g.20gb (0),1,,13,[CUDA memcpy Host-to-Device]
4157845733,11136,94640,,,,,,,,,,0.197,17655.005,Pinned,Device,NVIDIA A100-SXM4-40GB MIG 4g.20gb (0),1,,13,[CUDA memcpy Host-to-Device]
4158054851,29023,94641,273,1,1,48,1,1,40,0.000,0.001,,,,,NVIDIA A100-SXM4-40GB MIG 4g.20gb (0),1,,13,"void pusch_noise_intf_est::noiseIntfEstNoDftSOfdmKernel<float, __half, float, float, (unsigned int)2, (unsigned int)1, (unsigned char)4, (unsigned char)4>(pusch_noise_intf_est::puschRxNoiseIntfEstDynDescr)"
4158151809,9248,94652,35,1,1,128,1,1,16,0.000,0.000,,,,,NVIDIA A100-SXM4-40GB MIG 4g.20gb (0),1,,13,cupy_copy__complex64_complex64
4158295328,3296,94661,1,1,1,1,1,1,18,0.000,0.000,,,,,NVIDIA A100-SXM4-40GB MIG 4g.20gb (0),1,,13,cupy_copy__float32_float32
4158300096,3040,94667,,,,,,,,,,0.000,1.316,Device,Pageable,NVIDIA A100-SXM4-40GB MIG 4g.20gb (0),1,,7,[CUDA memcpy Device-to-Host]
4158511101,19616,94678,1434,1,1,128,1,1,16,0.000,0.000,,,,,NVIDIA A100-SXM4-40GB MIG 4g.20gb (0),1,,13,cupy_copy__complex64_complex64
4158674107,18176,94685,103,1,1,128,1,1,16,0.000,0.000,,,,,NVIDIA A100-SXM4-40GB MIG 4g.20gb (0),1,,13,cupy_copy__complex64_complex64
4158851993,4288,94692,35,1,1,128,1,1,16,0.000,0.000,,,,,NVIDIA A100-SXM4-40GB MIG 4g.20gb (0),1,,13,cupy_copy__complex64_complex64
4159021559,3328,94699,1,1,1,1,1,1,18,0.000,0.000,,,,,NVIDIA A100-SXM4-40GB MIG 4g.20gb (0),1,,13,cupy_copy__float32_float32
4159156566,303836,94710,1,1,1,32,32,1,30,0.000,0.000,,,,,NVIDIA A100-SXM4-40GB MIG 4g.20gb (0),1,,13,"void convert_kernel<__half2, float2>(tensor_layout_any, T1 *, tensor_layout_any, const T2 *)"
4159490450,5920,94713,,,,,,,,,,0.094,15826.941,Pinned,Device,NVIDIA A100-SXM4-40GB MIG 4g.20gb (0),1,,13,[CUDA memcpy Host-to-Device]
4159594769,15008,94714,,,,,,,,,,1.547,103053.104,Device,,NVIDIA A100-SXM4-40GB MIG 4g.20gb (0),1,,13,[CUDA memset]
4159613457,3296,94719,,,,,,,,,,0.031,9495.144,Pinned,Device,NVIDIA A100-SXM4-40GB MIG 4g.20gb (0),1,,13,[CUDA memcpy Host-to-Device]
4159619313,9663,94720,,,,,,,,,,0.197,20346.372,Pinned,Device,NVIDIA A100-SXM4-40GB MIG 4g.20gb (0),1,,13,[CUDA memcpy Host-to-Device]
4159651280,8640,94721,273,1,1,8,4,1,39,0.002,0.000,,,,,NVIDIA A100-SXM4-40GB MIG 4g.20gb (0),1,,13,"void channel_eq::eqMmseCoefCompLowMimoKernel<float, float, float, (unsigned int)4, (unsigned int)1, (unsigned int)4>(const channel_eq::_puschRxChEqStatDescr *, channel_eq::_puschRxChEqCoefCompDynDescr)"
4159661840,7744,94722,273,1,1,12,11,1,51,0.002,0.000,,,,,NVIDIA A100-SXM4-40GB MIG 4g.20gb (0),1,,13,"void channel_eq::eqMmseSoftDemapKernel<float, __half, __half, float, (unsigned int)4, (unsigned short)16383>(channel_eq::_puschRxChEqStatDescr *, channel_eq::_puschRxChEqSoftDemapDynDescr)"
4159670608,968085,94723,1,1,1,32,32,1,30,0.000,0.000,,,,,NVIDIA A100-SXM4-40GB MIG 4g.20gb (0),1,,13,"void convert_kernel<float2, __half2>(tensor_layout_any, T1 *, tensor_layout_any, const T2 *)"
4160647269,17599,94735,2253,1,1,128,1,1,16,0.000,0.000,,,,,NVIDIA A100-SXM4-40GB MIG 4g.20gb (0),1,,13,cupy_copy__float16_float16
4160702468,7360,94744,282,1,1,128,1,1,16,0.000,0.000,,,,,NVIDIA A100-SXM4-40GB MIG 4g.20gb (0),1,,13,cupy_copy__complex64_complex64
4160729284,7104,94753,26,1,1,128,1,1,16,0.000,0.000,,,,,NVIDIA A100-SXM4-40GB MIG 4g.20gb (0),1,,13,cupy_copy__float32_float32
4160743620,3392,94762,103,1,1,128,1,1,16,0.000,0.000,,,,,NVIDIA A100-SXM4-40GB MIG 4g.20gb (0),1,,13,cupy_copy__complex64_complex64
4160905250,24543,94772,1434,1,1,128,1,1,16,0.000,0.000,,,,,NVIDIA A100-SXM4-40GB MIG 4g.20gb (0),1,,13,cupy_copy__complex64_complex64
4160977889,263549,94777,1,1,1,32,32,1,30,0.000,0.000,,,,,NVIDIA A100-SXM4-40GB MIG 4g.20gb (0),1,,13,"void convert_kernel<__half2, float2>(tensor_layout_any, T1 *, tensor_layout_any, const T2 *)"
4161272733,5376,94780,,,,,,,,,,0.094,17428.487,Pinned,Device,NVIDIA A100-SXM4-40GB MIG 4g.20gb (0),1,,13,[CUDA memcpy Host-to-Device]
4161316349,633721,94781,,,,,,,,,,456.561,719997.391,Device,,NVIDIA A100-SXM4-40GB MIG 4g.20gb (0),1,,13,[CUDA memset]
4161957014,50399,94786,,,,,,,,,,1.235,24502.524,Pinned,Device,NVIDIA A100-SXM4-40GB MIG 4g.20gb (0),1,,13,[CUDA memcpy Host-to-Device]
4162010613,10112,94787,,,,,,,,,,0.197,19442.958,Pinned,Device,NVIDIA A100-SXM4-40GB MIG 4g.20gb (0),1,,13,[CUDA memcpy Host-to-Device]
4162029173,43327,94788,69,4,1,48,1,1,76,0.002,0.000,,,,,NVIDIA A100-SXM4-40GB MIG 4g.20gb (0),1,,13,"void ch_est::windowedChEstPreNoDftSOfdmKernel<float, __half, float, (unsigned int)2, (unsigned int)1, (unsigned short)4>(ch_est::puschRxChEstStatDescr_t *, ch_est::puschRxChEstDynDescr_t *)"
4162083124,11232,94789,137,2,1,24,2,1,44,0.001,0.001,,,,,NVIDIA A100-SXM4-40GB MIG 4g.20gb (0),1,,13,"void ch_est::chEstFilterNoDftSOfdmDispatchKernel<float, __half, float, (unsigned int)2>(ch_est::puschRxChEstStatDescr_t *, ch_est::puschRxChEstDynDescr_t *)"
4162116532,32319,94790,137,2,1,24,2,1,44,0.001,0.001,,,,,NVIDIA A100-SXM4-40GB MIG 4g.20gb (0),1,,13,"void ch_est::chEstFilterNoDftSOfdmDispatchKernel<float, __half, float, (unsigned int)2>(ch_est::puschRxChEstStatDescr_t *, ch_est::puschRxChEstDynDescr_t *)"
4162204083,19744,94801,103,1,1,128,1,1,16,0.000,0.000,,,,,NVIDIA A100-SXM4-40GB MIG 4g.20gb (0),1,,13,cupy_copy__complex64_complex64
4162256434,20576,94811,1434,1,1,128,1,1,16,0.000,0.000,,,,,NVIDIA A100-SXM4-40GB MIG 4g.20gb (0),1,,13,cupy_copy__complex64_complex64
4162298162,18239,94818,103,1,1,128,1,1,16,0.000,0.000,,,,,NVIDIA A100-SXM4-40GB MIG 4g.20gb (0),1,,13,cupy_copy__complex64_complex64
4162355953,312028,94825,1,1,1,32,32,1,30,0.000,0.000,,,,,NVIDIA A100-SXM4-40GB MIG 4g.20gb (0),1,,13,"void convert_kernel<__half2, float2>(tensor_layout_any, T1 *, tensor_layout_any, const T2 *)"
4162698797,6336,94828,,,,,,,,,,0.094,14787.852,Pinned,Device,NVIDIA A100-SXM4-40GB MIG 4g.20gb (0),1,,13,[CUDA memcpy Host-to-Device]
4162797772,62015,94829,,,,,,,,,,35.810,577434.960,Device,,NVIDIA A100-SXM4-40GB MIG 4g.20gb (0),1,,13,[CUDA memset]
4162864555,2048,94831,,,,,,,,,,0.000,39.062,Pinned,Device,NVIDIA A100-SXM4-40GB MIG 4g.20gb (0),1,,13,[CUDA memcpy Host-to-Device]
4162870571,10496,94832,,,,,,,,,,0.197,18731.631,Pinned,Device,NVIDIA A100-SXM4-40GB MIG 4g.20gb (0),1,,13,[CUDA memcpy Host-to-Device]
4162992394,15583,94833,273,1,1,48,1,1,40,0.000,0.001,,,,,NVIDIA A100-SXM4-40GB MIG 4g.20gb (0),1,,13,"void pusch_noise_intf_est::noiseIntfEstNoDftSOfdmKernel<float, __half, float, float, (unsigned int)2, (unsigned int)1, (unsigned char)4, (unsigned char)4>(pusch_noise_intf_est::puschRxNoiseIntfEstDynDescr)"
4163122760,6400,94844,35,1,1,128,1,1,16,0.000,0.000,,,,,NVIDIA A100-SXM4-40GB MIG 4g.20gb (0),1,,13,cupy_copy__complex64_complex64
4163207527,4608,94853,1,1,1,1,1,1,18,0.000,0.000,,,,,NVIDIA A100-SXM4-40GB MIG 4g.20gb (0),1,,13,cupy_copy__float32_float32
4163215879,1632,94859,,,,,,,,,,0.000,2.451,Device,Pageable,NVIDIA A100-SXM4-40GB MIG 4g.20gb (0),1,,7,[CUDA memcpy Device-to-Host]
4163378245,16576,94870,1434,1,1,128,1,1,16,0.000,0.000,,,,,NVIDIA A100-SXM4-40GB MIG 4g.20gb (0),1,,13,cupy_copy__complex64_complex64
4163611778,5248,94877,103,1,1,128,1,1,16,0.000,0.000,,,,,NVIDIA A100-SXM4-40GB MIG 4g.20gb (0),1,,13,cupy_copy__complex64_complex64
4163745473,5664,94884,35,1,1,128,1,1,16,0.000,0.000,,,,,NVIDIA A100-SXM4-40GB MIG 4g.20gb (0),1,,13,cupy_copy__complex64_complex64
4163955647,3743,94891,1,1,1,1,1,1,18,0.000,0.000,,,,,NVIDIA A100-SXM4-40GB MIG 4g.20gb (0),1,,13,cupy_copy__float32_float32
4164128637,309660,94902,1,1,1,32,32,1,30,0.000,0.000,,,,,NVIDIA A100-SXM4-40GB MIG 4g.20gb (0),1,,13,"void convert_kernel<__half2, float2>(tensor_layout_any, T1 *, tensor_layout_any, const T2 *)"
4164469049,6528,94905,,,,,,,,,,0.094,14352.915,Pinned,Device,NVIDIA A100-SXM4-40GB MIG 4g.20gb (0),1,,13,[CUDA memcpy Host-to-Device]
4164600695,4608,94906,,,,,,,,,,1.547,335637.514,Device,,NVIDIA A100-SXM4-40GB MIG 4g.20gb (0),1,,13,[CUDA memset]
4164612887,3008,94911,,,,,,,,,,0.031,10404.230,Pinned,Device,NVIDIA A100-SXM4-40GB MIG 4g.20gb (0),1,,13,[CUDA memcpy Host-to-Device]
4164618327,10176,94912,,,,,,,,,,0.197,19320.668,Pinned,Device,NVIDIA A100-SXM4-40GB MIG 4g.20gb (0),1,,13,[CUDA memcpy Host-to-Device]
4164784117,10432,94913,273,1,1,8,4,1,39,0.002,0.000,,,,,NVIDIA A100-SXM4-40GB MIG 4g.20gb (0),1,,13,"void channel_eq::eqMmseCoefCompLowMimoKernel<float, float, float, (unsigned int)4, (unsigned int)1, (unsigned int)4>(const channel_eq::_puschRxChEqStatDescr *, channel_eq::_puschRxChEqCoefCompDynDescr)"
4164957203,10208,94914,273,1,1,12,11,1,51,0.002,0.000,,,,,NVIDIA A100-SXM4-40GB MIG 4g.20gb (0),1,,13,"void channel_eq::eqMmseSoftDemapKernel<float, __half, __half, float, (unsigned int)4, (unsigned short)16383>(channel_eq::_puschRxChEqStatDescr *, channel_eq::_puschRxChEqSoftDemapDynDescr)"
4165141649,738391,94915,1,1,1,32,32,1,30,0.000,0.000,,,,,NVIDIA A100-SXM4-40GB MIG 4g.20gb (0),1,,13,"void convert_kernel<float2, __half2>(tensor_layout_any, T1 *, tensor_layout_any, const T2 *)"
4165990055,21536,94927,2253,1,1,128,1,1,16,0.000,0.000,,,,,NVIDIA A100-SXM4-40GB MIG 4g.20gb (0),1,,13,cupy_copy__float16_float16
4166049670,9792,94936,282,1,1,128,1,1,16,0.000,0.000,,,,,NVIDIA A100-SXM4-40GB MIG 4g.20gb (0),1,,13,cupy_copy__complex64_complex64
4166078182,10560,94945,26,1,1,128,1,1,16,0.000,0.000,,,,,NVIDIA A100-SXM4-40GB MIG 4g.20gb (0),1,,13,cupy_copy__float32_float32
4166090630,3680,94954,103,1,1,128,1,1,16,0.000,0.000,,,,,NVIDIA A100-SXM4-40GB MIG 4g.20gb (0),1,,13,cupy_copy__complex64_complex64
4166158277,37920,94964,1434,1,1,128,1,1,16,0.000,0.000,,,,,NVIDIA A100-SXM4-40GB MIG 4g.20gb (0),1,,13,cupy_copy__complex64_complex64
4166209125,238589,94969,1,1,1,32,32,1,30,0.000,0.000,,,,,NVIDIA A100-SXM4-40GB MIG 4g.20gb (0),1,,13,"void convert_kernel<__half2, float2>(tensor_layout_any, T1 *, tensor_layout_any, const T2 *)"
4166478433,5376,94972,,,,,,,,,,0.094,17428.487,Pinned,Device,NVIDIA A100-SXM4-40GB MIG 4g.20gb (0),1,,13,[CUDA memcpy Host-to-Device]
4166499425,639513,94973,,,,,,,,,,456.561,713605.531,Device,,NVIDIA A100-SXM4-40GB MIG 4g.20gb (0),1,,13,[CUDA memset]
4167146426,52383,94978,,,,,,,,,,1.235,23575.081,Pinned,Device,NVIDIA A100-SXM4-40GB MIG 4g.20gb (0),1,,13,[CUDA memcpy Host-to-Device]
4167201273,9344,94979,,,,,,,,,,0.197,21040.988,Pinned,Device,NVIDIA A100-SXM4-40GB MIG 4g.20gb (0),1,,13,[CUDA memcpy Host-to-Device]
4167258392,43648,94980,69,4,1,48,1,1,76,0.002,0.000,,,,,NVIDIA A100-SXM4-40GB MIG 4g.20gb (0),1,,13,"void ch_est::windowedChEstPreNoDftSOfdmKernel<float, __half, float, (unsigned int)2, (unsigned int)1, (unsigned short)4>(ch_est::puschRxChEstStatDescr_t *, ch_est::puschRxChEstDynDescr_t *)"
4167316184,26559,94981,137,2,1,24,2,1,44,0.001,0.001,,,,,NVIDIA A100-SXM4-40GB MIG 4g.20gb (0),1,,13,"void ch_est::chEstFilterNoDftSOfdmDispatchKernel<float, __half, float, (unsigned int)2>(ch_est::puschRxChEstStatDescr_t *, ch_est::puschRxChEstDynDescr_t *)"
4167350967,33664,94982,137,2,1,24,2,1,44,0.001,0.001,,,,,NVIDIA A100-SXM4-40GB MIG 4g.20gb (0),1,,13,"void ch_est::chEstFilterNoDftSOfdmDispatchKernel<float, __half, float, (unsigned int)2>(ch_est::puschRxChEstStatDescr_t *, ch_est::puschRxChEstDynDescr_t *)"
4167407479,7680,94993,103,1,1,128,1,1,16,0.000,0.000,,,,,NVIDIA A100-SXM4-40GB MIG 4g.20gb (0),1,,13,cupy_copy__complex64_complex64
4167436310,20288,95003,1434,1,1,128,1,1,16,0.000,0.000,,,,,NVIDIA A100-SXM4-40GB MIG 4g.20gb (0),1,,13,cupy_copy__complex64_complex64
4167499606,5888,95010,103,1,1,128,1,1,16,0.000,0.000,,,,,NVIDIA A100-SXM4-40GB MIG 4g.20gb (0),1,,13,cupy_copy__complex64_complex64
4167531477,296221,95017,1,1,1,32,32,1,30,0.000,0.000,,,,,NVIDIA A100-SXM4-40GB MIG 4g.20gb (0),1,,13,"void convert_kernel<__half2, float2>(tensor_layout_any, T1 *, tensor_layout_any, const T2 *)"
4167866481,6816,95020,,,,,,,,,,0.094,13746.421,Pinned,Device,NVIDIA A100-SXM4-40GB MIG 4g.20gb (0),1,,13,[CUDA memcpy Host-to-Device]
4167943952,63040,95021,,,,,,,,,,35.810,568016.951,Device,,NVIDIA A100-SXM4-40GB MIG 4g.20gb (0),1,,13,[CUDA memset]
4168008656,3456,95023,,,,,,,,,,0.000,23.148,Pinned,Device,NVIDIA A100-SXM4-40GB MIG 4g.20gb (0),1,,13,[CUDA memcpy Host-to-Device]
4168014992,10720,95024,,,,,,,,,,0.197,18340.184,Pinned,Device,NVIDIA A100-SXM4-40GB MIG 4g.20gb (0),1,,13,[CUDA memcpy Host-to-Device]
4168122254,14336,95025,273,1,1,48,1,1,40,0.000,0.001,,,,,NVIDIA A100-SXM4-40GB MIG 4g.20gb (0),1,,13,"void pusch_noise_intf_est::noiseIntfEstNoDftSOfdmKernel<float, __half, float, float, (unsigned int)2, (unsigned int)1, (unsigned char)4, (unsigned char)4>(pusch_noise_intf_est::puschRxNoiseIntfEstDynDescr)"
4168252909,6240,95036,35,1,1,128,1,1,16,0.000,0.000,,,,,NVIDIA A100-SXM4-40GB MIG 4g.20gb (0),1,,13,cupy_copy__complex64_complex64
4168347212,3712,95045,1,1,1,1,1,1,18,0.000,0.000,,,,,NVIDIA A100-SXM4-40GB MIG 4g.20gb (0),1,,13,cupy_copy__float32_float32
4168358636,1600,95051,,,,,,,,,,0.000,2.500,Device,Pageable,NVIDIA A100-SXM4-40GB MIG 4g.20gb (0),1,,7,[CUDA memcpy Device-to-Host]
4168506474,16480,95062,1434,1,1,128,1,1,16,0.000,0.000,,,,,NVIDIA A100-SXM4-40GB MIG 4g.20gb (0),1,,13,cupy_copy__complex64_complex64
4168645928,5312,95069,103,1,1,128,1,1,16,0.000,0.000,,,,,NVIDIA A100-SXM4-40GB MIG 4g.20gb (0),1,,13,cupy_copy__complex64_complex64
4168732743,39296,95076,35,1,1,128,1,1,16,0.000,0.000,,,,,NVIDIA A100-SXM4-40GB MIG 4g.20gb (0),1,,13,cupy_copy__complex64_complex64
4168821190,3328,95083,1,1,1,1,1,1,18,0.000,0.000,,,,,NVIDIA A100-SXM4-40GB MIG 4g.20gb (0),1,,13,cupy_copy__float32_float32
4168876838,314332,95094,1,1,1,32,32,1,30,0.000,0.000,,,,,NVIDIA A100-SXM4-40GB MIG 4g.20gb (0),1,,13,"void convert_kernel<__half2, float2>(tensor_layout_any, T1 *, tensor_layout_any, const T2 *)"
4169220994,5952,95097,,,,,,,,,,0.094,15741.865,Pinned,Device,NVIDIA A100-SXM4-40GB MIG 4g.20gb (0),1,,13,[CUDA memcpy Host-to-Device]
4169327137,19967,95098,,,,,,,,,,1.547,77458.023,Device,,NVIDIA A100-SXM4-40GB MIG 4g.20gb (0),1,,13,[CUDA memset]
4169347808,3008,95103,,,,,,,,,,0.031,10404.230,Pinned,Device,NVIDIA A100-SXM4-40GB MIG 4g.20gb (0),1,,13,[CUDA memcpy Host-to-Device]
4169353760,9472,95104,,,,,,,,,,0.197,20756.693,Pinned,Device,NVIDIA A100-SXM4-40GB MIG 4g.20gb (0),1,,13,[CUDA memcpy Host-to-Device]
4169419103,41408,95105,273,1,1,8,4,1,39,0.002,0.000,,,,,NVIDIA A100-SXM4-40GB MIG 4g.20gb (0),1,,13,"void channel_eq::eqMmseCoefCompLowMimoKernel<float, float, float, (unsigned int)4, (unsigned int)1, (unsigned int)4>(const channel_eq::_puschRxChEqStatDescr *, channel_eq::_puschRxChEqCoefCompDynDescr)"
4169544734,48735,95106,273,1,1,12,11,1,51,0.002,0.000,,,,,NVIDIA A100-SXM4-40GB MIG 4g.20gb (0),1,,13,"void channel_eq::eqMmseSoftDemapKernel<float, __half, __half, float, (unsigned int)4, (unsigned short)16383>(channel_eq::_puschRxChEqStatDescr *, channel_eq::_puschRxChEqSoftDemapDynDescr)"
4169645501,748663,95107,1,1,1,32,32,1,30,0.000,0.000,,,,,NVIDIA A100-SXM4-40GB MIG 4g.20gb (0),1,,13,"void convert_kernel<float2, __half2>(tensor_layout_any, T1 *, tensor_layout_any, const T2 *)"
4170503251,13120,95119,2253,1,1,128,1,1,16,0.000,0.000,,,,,NVIDIA A100-SXM4-40GB MIG 4g.20gb (0),1,,13,cupy_copy__float16_float16
4170649617,4736,95128,282,1,1,128,1,1,16,0.000,0.000,,,,,NVIDIA A100-SXM4-40GB MIG 4g.20gb (0),1,,13,cupy_copy__complex64_complex64
4170799664,5599,95137,26,1,1,128,1,1,16,0.000,0.000,,,,,NVIDIA A100-SXM4-40GB MIG 4g.20gb (0),1,,13,cupy_copy__float32_float32
4170866383,12544,95146,103,1,1,128,1,1,16,0.000,0.000,,,,,NVIDIA A100-SXM4-40GB MIG 4g.20gb (0),1,,13,cupy_copy__complex64_complex64
4170896814,23264,95156,1434,1,1,128,1,1,16,0.000,0.000,,,,,NVIDIA A100-SXM4-40GB MIG 4g.20gb (0),1,,13,cupy_copy__complex64_complex64
4170962286,259005,95161,1,1,1,32,32,1,30,0.000,0.000,,,,,NVIDIA A100-SXM4-40GB MIG 4g.20gb (0),1,,13,"void convert_kernel<__half2, float2>(tensor_layout_any, T1 *, tensor_layout_any, const T2 *)"
4171251818,5376,95164,,,,,,,,,,0.094,17428.487,Pinned,Device,NVIDIA A100-SXM4-40GB MIG 4g.20gb (0),1,,13,[CUDA memcpy Host-to-Device]
4171299658,629816,95165,,,,,,,,,,456.561,724563.005,Device,,NVIDIA A100-SXM4-40GB MIG 4g.20gb (0),1,,13,[CUDA memset]
4171934946,53568,95170,,,,,,,,,,1.235,23052.700,Pinned,Device,NVIDIA A100-SXM4-40GB MIG 4g.20gb (0),1,,13,[CUDA memcpy Host-to-Device]
4171990978,9984,95171,,,,,,,,,,0.197,19692.257,Pinned,Device,NVIDIA A100-SXM4-40GB MIG 4g.20gb (0),1,,13,[CUDA memcpy Host-to-Device]
4172050593,49120,95172,69,4,1,48,1,1,76,0.002,0.000,,,,,NVIDIA A100-SXM4-40GB MIG 4g.20gb (0),1,,13,"void ch_est::windowedChEstPreNoDftSOfdmKernel<float, __half, float, (unsigned int)2, (unsigned int)1, (unsigned short)4>(ch_est::puschRxChEstStatDescr_t *, ch_est::puschRxChEstDynDescr_t *)"
4172106720,33472,95173,137,2,1,24,2,1,44,0.001,0.001,,,,,NVIDIA A100-SXM4-40GB MIG 4g.20gb (0),1,,13,"void ch_est::chEstFilterNoDftSOfdmDispatchKernel<float, __half, float, (unsigned int)2>(ch_est::puschRxChEstStatDescr_t *, ch_est::puschRxChEstDynDescr_t *)"
4172142624,33440,95174,137,2,1,24,2,1,44,0.001,0.001,,,,,NVIDIA A100-SXM4-40GB MIG 4g.20gb (0),1,,13,"void ch_est::chEstFilterNoDftSOfdmDispatchKernel<float, __half, float, (unsigned int)2>(ch_est::puschRxChEstStatDescr_t *, ch_est::puschRxChEstDynDescr_t *)"
4172197951,6976,95185,103,1,1,128,1,1,16,0.000,0.000,,,,,NVIDIA A100-SXM4-40GB MIG 4g.20gb (0),1,,13,cupy_copy__complex64_complex64
4172227391,20224,95195,1434,1,1,128,1,1,16,0.000,0.000,,,,,NVIDIA A100-SXM4-40GB MIG 4g.20gb (0),1,,13,cupy_copy__complex64_complex64
4172290334,6432,95202,103,1,1,128,1,1,16,0.000,0.000,,,,,NVIDIA A100-SXM4-40GB MIG 4g.20gb (0),1,,13,cupy_copy__complex64_complex64
4172322302,262781,95209,1,1,1,32,32,1,30,0.000,0.000,,,,,NVIDIA A100-SXM4-40GB MIG 4g.20gb (0),1,,13,"void convert_kernel<__half2, float2>(tensor_layout_any, T1 *, tensor_layout_any, const T2 *)"
4172615515,6240,95212,,,,,,,,,,0.094,15015.346,Pinned,Device,NVIDIA A100-SXM4-40GB MIG 4g.20gb (0),1,,13,[CUDA memcpy Host-to-Device]
4172713113,65504,95213,,,,,,,,,,35.810,546674.239,Device,,NVIDIA A100-SXM4-40GB MIG 4g.20gb (0),1,,13,[CUDA memset]
4172781817,2592,95215,,,,,,,,,,0.000,30.864,Pinned,Device,NVIDIA A100-SXM4-40GB MIG 4g.20gb (0),1,,13,[CUDA memcpy Host-to-Device]
4172786873,9983,95216,,,,,,,,,,0.197,19694.223,Pinned,Device,NVIDIA A100-SXM4-40GB MIG 4g.20gb (0),1,,13,[CUDA memcpy Host-to-Device]
4172926263,21920,95217,273,1,1,48,1,1,40,0.000,0.001,,,,,NVIDIA A100-SXM4-40GB MIG 4g.20gb (0),1,,13,"void pusch_noise_intf_est::noiseIntfEstNoDftSOfdmKernel<float, __half, float, float, (unsigned int)2, (unsigned int)1, (unsigned char)4, (unsigned char)4>(pusch_noise_intf_est::puschRxNoiseIntfEstDynDescr)"
4173000246,33312,95228,35,1,1,128,1,1,16,0.000,0.000,,,,,NVIDIA A100-SXM4-40GB MIG 4g.20gb (0),1,,13,cupy_copy__complex64_complex64
4173119189,3520,95237,1,1,1,1,1,1,18,0.000,0.000,,,,,NVIDIA A100-SXM4-40GB MIG 4g.20gb (0),1,,13,cupy_copy__float32_float32
4173129397,1856,95243,,,,,,,,,,0.000,2.155,Device,Pageable,NVIDIA A100-SXM4-40GB MIG 4g.20gb (0),1,,7,[CUDA memcpy Device-to-Host]
4173285939,30687,95254,1434,1,1,128,1,1,16,0.000,0.000,,,,,NVIDIA A100-SXM4-40GB MIG 4g.20gb (0),1,,13,cupy_copy__complex64_complex64
4173443857,4544,95261,103,1,1,128,1,1,16,0.000,0.000,,,,,NVIDIA A100-SXM4-40GB MIG 4g.20gb (0),1,,13,cupy_copy__complex64_complex64
4173512720,5440,95268,35,1,1,128,1,1,16,0.000,0.000,,,,,NVIDIA A100-SXM4-40GB MIG 4g.20gb (0),1,,13,cupy_copy__complex64_complex64
4173599055,6752,95275,1,1,1,1,1,1,18,0.000,0.000,,,,,NVIDIA A100-SXM4-40GB MIG 4g.20gb (0),1,,13,cupy_copy__float32_float32
4173656015,301500,95286,1,1,1,32,32,1,30,0.000,0.000,,,,,NVIDIA A100-SXM4-40GB MIG 4g.20gb (0),1,,13,"void convert_kernel<__half2, float2>(tensor_layout_any, T1 *, tensor_layout_any, const T2 *)"
4173988427,6528,95289,,,,,,,,,,0.094,14352.915,Pinned,Device,NVIDIA A100-SXM4-40GB MIG 4g.20gb (0),1,,13,[CUDA memcpy Host-to-Device]
4174187880,4704,95290,,,,,,,,,,1.547,328789.063,Device,,NVIDIA A100-SXM4-40GB MIG 4g.20gb (0),1,,13,[CUDA memset]
4174194056,3616,95295,,,,,,,,,,0.031,8654.846,Pinned,Device,NVIDIA A100-SXM4-40GB MIG 4g.20gb (0),1,,13,[CUDA memcpy Host-to-Device]
4174200104,11232,95296,,,,,,,,,,0.197,17504.207,Pinned,Device,NVIDIA A100-SXM4-40GB MIG 4g.20gb (0),1,,13,[CUDA memcpy Host-to-Device]
4174369926,10752,95297,273,1,1,8,4,1,39,0.002,0.000,,,,,NVIDIA A100-SXM4-40GB MIG 4g.20gb (0),1,,13,"void channel_eq::eqMmseCoefCompLowMimoKernel<float, float, float, (unsigned int)4, (unsigned int)1, (unsigned int)4>(const channel_eq::_puschRxChEqStatDescr *, channel_eq::_puschRxChEqCoefCompDynDescr)"
4174520837,30143,95298,273,1,1,12,11,1,51,0.002,0.000,,,,,NVIDIA A100-SXM4-40GB MIG 4g.20gb (0),1,,13,"void channel_eq::eqMmseSoftDemapKernel<float, __half, __half, float, (unsigned int)4, (unsigned short)16383>(channel_eq::_puschRxChEqStatDescr *, channel_eq::_puschRxChEqSoftDemapDynDescr)"
4174676803,691800,95299,1,1,1,32,32,1,30,0.000,0.000,,,,,NVIDIA A100-SXM4-40GB MIG 4g.20gb (0),1,,13,"void convert_kernel<float2, __half2>(tensor_layout_any, T1 *, tensor_layout_any, const T2 *)"
4175398522,20320,95311,2253,1,1,128,1,1,16,0.000,0.000,,,,,NVIDIA A100-SXM4-40GB MIG 4g.20gb (0),1,,13,cupy_copy__float16_float16
4175454682,7552,95320,282,1,1,128,1,1,16,0.000,0.000,,,,,NVIDIA A100-SXM4-40GB MIG 4g.20gb (0),1,,13,cupy_copy__complex64_complex64
4175480154,10143,95329,26,1,1,128,1,1,16,0.000,0.000,,,,,NVIDIA A100-SXM4-40GB MIG 4g.20gb (0),1,,13,cupy_copy__float32_float32
4175527513,15488,95338,103,1,1,128,1,1,16,0.000,0.000,,,,,NVIDIA A100-SXM4-40GB MIG 4g.20gb (0),1,,13,cupy_copy__complex64_complex64
4175553241,22623,95348,1434,1,1,128,1,1,16,0.000,0.000,,,,,NVIDIA A100-SXM4-40GB MIG 4g.20gb (0),1,,13,cupy_copy__complex64_complex64
4175579352,144511,95353,1,1,1,32,32,1,30,0.000,0.000,,,,,NVIDIA A100-SXM4-40GB MIG 4g.20gb (0),1,,13,"void convert_kernel<__half2, float2>(tensor_layout_any, T1 *, tensor_layout_any, const T2 *)"
4175757782,5376,95356,,,,,,,,,,0.094,17428.487,Pinned,Device,NVIDIA A100-SXM4-40GB MIG 4g.20gb (0),1,,13,[CUDA memcpy Host-to-Device]
4175811702,626040,95357,,,,,,,,,,456.561,729128.620,Device,,NVIDIA A100-SXM4-40GB MIG 4g.20gb (0),1,,13,[CUDA memset]
4176444974,52288,95362,,,,,,,,,,1.235,23617.069,Pinned,Device,NVIDIA A100-SXM4-40GB MIG 4g.20gb (0),1,,13,[CUDA memcpy Host-to-Device]
4176501454,10976,95363,,,,,,,,,,0.197,17912.365,Pinned,Device,NVIDIA A100-SXM4-40GB MIG 4g.20gb (0),1,,13,[CUDA memcpy Host-to-Device]
4176539181,23008,95364,69,4,1,48,1,1,76,0.002,0.000,,,,,NVIDIA A100-SXM4-40GB MIG 4g.20gb (0),1,,13,"void ch_est::windowedChEstPreNoDftSOfdmKernel<float, __half, float, (unsigned int)2, (unsigned int)1, (unsigned short)4>(ch_est::puschRxChEstStatDescr_t *, ch_est::puschRxChEstDynDescr_t *)"
4176566253,47775,95365,137,2,1,24,2,1,44,0.001,0.001,,,,,NVIDIA A100-SXM4-40GB MIG 4g.20gb (0),1,,13,"void ch_est::chEstFilterNoDftSOfdmDispatchKernel<float, __half, float, (unsigned int)2>(ch_est::puschRxChEstStatDescr_t *, ch_est::puschRxChEstDynDescr_t *)"
4176650316,36256,95366,137,2,1,24,2,1,44,0.001,0.001,,,,,NVIDIA A100-SXM4-40GB MIG 4g.20gb (0),1,,13,"void ch_est::chEstFilterNoDftSOfdmDispatchKernel<float, __half, float, (unsigned int)2>(ch_est::puschRxChEstStatDescr_t *, ch_est::puschRxChEstDynDescr_t *)"
4176702187,8288,95377,103,1,1,128,1,1,16,0.000,0.000,,,,,NVIDIA A100-SXM4-40GB MIG 4g.20gb (0),1,,13,cupy_copy__complex64_complex64
4176729771,20512,95387,1434,1,1,128,1,1,16,0.000,0.000,,,,,NVIDIA A100-SXM4-40GB MIG 4g.20gb (0),1,,13,cupy_copy__complex64_complex64
4176796618,4544,95394,103,1,1,128,1,1,16,0.000,0.000,,,,,NVIDIA A100-SXM4-40GB MIG 4g.20gb (0),1,,13,cupy_copy__complex64_complex64
4176831946,325148,95401,1,1,1,32,32,1,30,0.000,0.000,,,,,NVIDIA A100-SXM4-40GB MIG 4g.20gb (0),1,,13,"void convert_kernel<__half2, float2>(tensor_layout_any, T1 *, tensor_layout_any, const T2 *)"
4177187974,5696,95404,,,,,,,,,,0.094,16449.363,Pinned,Device,NVIDIA A100-SXM4-40GB MIG 4g.20gb (0),1,,13,[CUDA memcpy Host-to-Device]
4177204486,55391,95405,,,,,,,,,,35.810,646476.486,Device,,NVIDIA A100-SXM4-40GB MIG 4g.20gb (0),1,,13,[CUDA memset]
4177263845,1824,95407,,,,,,,,,,0.000,43.860,Pinned,Device,NVIDIA A100-SXM4-40GB MIG 4g.20gb (0),1,,13,[CUDA memcpy Host-to-Device]
4177268229,9408,95408,,,,,,,,,,0.197,20897.858,Pinned,Device,NVIDIA A100-SXM4-40GB MIG 4g.20gb (0),1,,13,[CUDA memcpy Host-to-Device]
4177383364,49247,95409,273,1,1,48,1,1,40,0.000,0.001,,,,,NVIDIA A100-SXM4-40GB MIG 4g.20gb (0),1,,13,"void pusch_noise_intf_est::noiseIntfEstNoDftSOfdmKernel<float, __half, float, float, (unsigned int)2, (unsigned int)1, (unsigned char)4, (unsigned char)4>(pusch_noise_intf_est::puschRxNoiseIntfEstDynDescr)"
4177521282,37632,95420,35,1,1,128,1,1,16,0.000,0.000,,,,,NVIDIA A100-SXM4-40GB MIG 4g.20gb (0),1,,13,cupy_copy__complex64_complex64
4177612833,3232,95429,1,1,1,1,1,1,18,0.000,0.000,,,,,NVIDIA A100-SXM4-40GB MIG 4g.20gb (0),1,,13,cupy_copy__float32_float32
4177618849,2496,95435,,,,,,,,,,0.000,1.603,Device,Pageable,NVIDIA A100-SXM4-40GB MIG 4g.20gb (0),1,,7,[CUDA memcpy Device-to-Host]
4177725152,17855,95446,1434,1,1,128,1,1,16,0.000,0.000,,,,,NVIDIA A100-SXM4-40GB MIG 4g.20gb (0),1,,13,cupy_copy__complex64_complex64
4177821342,19648,95453,103,1,1,128,1,1,16,0.000,0.000,,,,,NVIDIA A100-SXM4-40GB MIG 4g.20gb (0),1,,13,cupy_copy__complex64_complex64
4177919581,4416,95460,35,1,1,128,1,1,16,0.000,0.000,,,,,NVIDIA A100-SXM4-40GB MIG 4g.20gb (0),1,,13,cupy_copy__complex64_complex64
4178003932,3648,95467,1,1,1,1,1,1,18,0.000,0.000,,,,,NVIDIA A100-SXM4-40GB MIG 4g.20gb (0),1,,13,cupy_copy__float32_float32
4178073820,307548,95478,1,1,1,32,32,1,30,0.000,0.000,,,,,NVIDIA A100-SXM4-40GB MIG 4g.20gb (0),1,,13,"void convert_kernel<__half2, float2>(tensor_layout_any, T1 *, tensor_layout_any, const T2 *)"
4178412184,5760,95481,,,,,,,,,,0.094,16266.656,Pinned,Device,NVIDIA A100-SXM4-40GB MIG 4g.20gb (0),1,,13,[CUDA memcpy Host-to-Device]
4178607061,4512,95482,,,,,,,,,,1.547,342779.824,Device,,NVIDIA A100-SXM4-40GB MIG 4g.20gb (0),1,,13,[CUDA memset]
4178614229,3168,95487,,,,,,,,,,0.031,9878.770,Pinned,Device,NVIDIA A100-SXM4-40GB MIG 4g.20gb (0),1,,13,[CUDA memcpy Host-to-Device]
4178620309,10880,95488,,,,,,,,,,0.197,18070.438,Pinned,Device,NVIDIA A100-SXM4-40GB MIG 4g.20gb (0),1,,13,[CUDA memcpy Host-to-Device]
4178720052,16416,95489,273,1,1,8,4,1,39,0.002,0.000,,,,,NVIDIA A100-SXM4-40GB MIG 4g.20gb (0),1,,13,"void channel_eq::eqMmseCoefCompLowMimoKernel<float, float, float, (unsigned int)4, (unsigned int)1, (unsigned int)4>(const channel_eq::_puschRxChEqStatDescr *, channel_eq::_puschRxChEqCoefCompDynDescr)"
4178799219,46784,95490,273,1,1,12,11,1,51,0.002,0.000,,,,,NVIDIA A100-SXM4-40GB MIG 4g.20gb (0),1,,13,"void channel_eq::eqMmseSoftDemapKernel<float, __half, __half, float, (unsigned int)4, (unsigned short)16383>(channel_eq::_puschRxChEqStatDescr *, channel_eq::_puschRxChEqSoftDemapDynDescr)"
4178936978,730615,95491,1,1,1,32,32,1,30,0.000,0.000,,,,,NVIDIA A100-SXM4-40GB MIG 4g.20gb (0),1,,13,"void convert_kernel<float2, __half2>(tensor_layout_any, T1 *, tensor_layout_any, const T2 *)"
4179764360,31072,95503,2253,1,1,128,1,1,16,0.000,0.000,,,,,NVIDIA A100-SXM4-40GB MIG 4g.20gb (0),1,,13,cupy_copy__float16_float16
4179942214,5664,95512,282,1,1,128,1,1,16,0.000,0.000,,,,,NVIDIA A100-SXM4-40GB MIG 4g.20gb (0),1,,13,cupy_copy__complex64_complex64
4180010437,4416,95521,26,1,1,128,1,1,16,0.000,0.000,,,,,NVIDIA A100-SXM4-40GB MIG 4g.20gb (0),1,,13,cupy_copy__float32_float32
4180104804,40032,95530,103,1,1,128,1,1,16,0.000,0.000,,,,,NVIDIA A100-SXM4-40GB MIG 4g.20gb (0),1,,13,cupy_copy__complex64_complex64
4180303362,16736,95540,1434,1,1,128,1,1,16,0.000,0.000,,,,,NVIDIA A100-SXM4-40GB MIG 4g.20gb (0),1,,13,cupy_copy__complex64_complex64
4180402561,296348,95545,1,1,1,32,32,1,30,0.000,0.000,,,,,NVIDIA A100-SXM4-40GB MIG 4g.20gb (0),1,,13,"void convert_kernel<__half2, float2>(tensor_layout_any, T1 *, tensor_layout_any, const T2 *)"
4180730397,5376,95548,,,,,,,,,,0.094,17428.487,Pinned,Device,NVIDIA A100-SXM4-40GB MIG 4g.20gb (0),1,,13,[CUDA memcpy Host-to-Device]
4180791036,623577,95549,,,,,,,,,,456.561,731867.988,Device,,NVIDIA A100-SXM4-40GB MIG 4g.20gb (0),1,,13,[CUDA memset]
4181417173,52031,95554,,,,,,,,,,1.235,23734.389,Pinned,Device,NVIDIA A100-SXM4-40GB MIG 4g.20gb (0),1,,13,[CUDA memcpy Host-to-Device]
4181471828,10528,95555,,,,,,,,,,0.197,18674.614,Pinned,Device,NVIDIA A100-SXM4-40GB MIG 4g.20gb (0),1,,13,[CUDA memcpy Host-to-Device]
4181528468,16960,95556,69,4,1,48,1,1,76,0.002,0.000,,,,,NVIDIA A100-SXM4-40GB MIG 4g.20gb (0),1,,13,"void ch_est::windowedChEstPreNoDftSOfdmKernel<float, __half, float, (unsigned int)2, (unsigned int)1, (unsigned short)4>(ch_est::puschRxChEstStatDescr_t *, ch_est::puschRxChEstDynDescr_t *)"
4181562163,49600,95557,137,2,1,24,2,1,44,0.001,0.001,,,,,NVIDIA A100-SXM4-40GB MIG 4g.20gb (0),1,,13,"void ch_est::chEstFilterNoDftSOfdmDispatchKernel<float, __half, float, (unsigned int)2>(ch_est::puschRxChEstStatDescr_t *, ch_est::puschRxChEstDynDescr_t *)"
4181615731,37983,95558,137,2,1,24,2,1,44,0.001,0.001,,,,,NVIDIA A100-SXM4-40GB MIG 4g.20gb (0),1,,13,"void ch_est::chEstFilterNoDftSOfdmDispatchKernel<float, __half, float, (unsigned int)2>(ch_est::puschRxChEstStatDescr_t *, ch_est::puschRxChEstDynDescr_t *)"
4181655794,3936,95569,103,1,1,128,1,1,16,0.000,0.000,,,,,NVIDIA A100-SXM4-40GB MIG 4g.20gb (0),1,,13,cupy_copy__complex64_complex64
4181661458,13376,95579,1434,1,1,128,1,1,16,0.000,0.000,,,,,NVIDIA A100-SXM4-40GB MIG 4g.20gb (0),1,,13,cupy_copy__complex64_complex64
4181708978,5920,95586,103,1,1,128,1,1,16,0.000,0.000,,,,,NVIDIA A100-SXM4-40GB MIG 4g.20gb (0),1,,13,cupy_copy__complex64_complex64
4181738929,263325,95593,1,1,1,32,32,1,30,0.000,0.000,,,,,NVIDIA A100-SXM4-40GB MIG 4g.20gb (0),1,,13,"void convert_kernel<__half2, float2>(tensor_layout_any, T1 *, tensor_layout_any, const T2 *)"
4182031502,5440,95596,,,,,,,,,,0.094,17223.480,Pinned,Device,NVIDIA A100-SXM4-40GB MIG 4g.20gb (0),1,,13,[CUDA memcpy Host-to-Device]
4182188652,67903,95597,,,,,,,,,,35.810,527336.882,Device,,NVIDIA A100-SXM4-40GB MIG 4g.20gb (0),1,,13,[CUDA memset]
4182262251,1824,95599,,,,,,,,,,0.000,43.860,Pinned,Device,NVIDIA A100-SXM4-40GB MIG 4g.20gb (0),1,,13,[CUDA memcpy Host-to-Device]
4182266507,9824,95600,,,,,,,,,,0.197,20012.925,Pinned,Device,NVIDIA A100-SXM4-40GB MIG 4g.20gb (0),1,,13,[CUDA memcpy Host-to-Device]
4182330538,44192,95601,273,1,1,48,1,1,40,0.000,0.001,,,,,NVIDIA A100-SXM4-40GB MIG 4g.20gb (0),1,,13,"void pusch_noise_intf_est::noiseIntfEstNoDftSOfdmKernel<float, __half, float, float, (unsigned int)2, (unsigned int)1, (unsigned char)4, (unsigned char)4>(pusch_noise_intf_est::puschRxNoiseIntfEstDynDescr)"
4182527176,5824,95612,35,1,1,128,1,1,16,0.000,0.000,,,,,NVIDIA A100-SXM4-40GB MIG 4g.20gb (0),1,,13,cupy_copy__complex64_complex64
4182581704,3552,95621,1,1,1,1,1,1,18,0.000,0.000,,,,,NVIDIA A100-SXM4-40GB MIG 4g.20gb (0),1,,13,cupy_copy__float32_float32
4182587527,1920,95627,,,,,,,,,,0.000,2.083,Device,Pageable,NVIDIA A100-SXM4-40GB MIG 4g.20gb (0),1,,7,[CUDA memcpy Device-to-Host]
4182680198,20320,95638,1434,1,1,128,1,1,16,0.000,0.000,,,,,NVIDIA A100-SXM4-40GB MIG 4g.20gb (0),1,,13,cupy_copy__complex64_complex64
4182732838,9632,95645,103,1,1,128,1,1,16,0.000,0.000,,,,,NVIDIA A100-SXM4-40GB MIG 4g.20gb (0),1,,13,cupy_copy__complex64_complex64
4182762597,22208,95652,35,1,1,128,1,1,16,0.000,0.000,,,,,NVIDIA A100-SXM4-40GB MIG 4g.20gb (0),1,,13,cupy_copy__complex64_complex64
4182816165,3424,95659,1,1,1,1,1,1,18,0.000,0.000,,,,,NVIDIA A100-SXM4-40GB MIG 4g.20gb (0),1,,13,cupy_copy__float32_float32
4182860036,246334,95670,1,1,1,32,32,1,30,0.000,0.000,,,,,NVIDIA A100-SXM4-40GB MIG 4g.20gb (0),1,,13,"void convert_kernel<__half2, float2>(tensor_layout_any, T1 *, tensor_layout_any, const T2 *)"
4183136577,5472,95673,,,,,,,,,,0.094,17122.757,Pinned,Device,NVIDIA A100-SXM4-40GB MIG 4g.20gb (0),1,,13,[CUDA memcpy Host-to-Device]
4183707707,4736,95674,,,,,,,,,,1.547,326566.564,Device,,NVIDIA A100-SXM4-40GB MIG 4g.20gb (0),1,,13,[CUDA memset]
4183747354,4256,95679,,,,,,,,,,0.031,7353.371,Pinned,Device,NVIDIA A100-SXM4-40GB MIG 4g.20gb (0),1,,13,[CUDA memcpy Host-to-Device]
4183753690,10496,95680,,,,,,,,,,0.197,18731.631,Pinned,Device,NVIDIA A100-SXM4-40GB MIG 4g.20gb (0),1,,13,[CUDA memcpy Host-to-Device]
4183827097,31872,95681,273,1,1,8,4,1,39,0.002,0.000,,,,,NVIDIA A100-SXM4-40GB MIG 4g.20gb (0),1,,13,"void channel_eq::eqMmseCoefCompLowMimoKernel<float, float, float, (unsigned int)4, (unsigned int)1, (unsigned int)4>(const channel_eq::_puschRxChEqStatDescr *, channel_eq::_puschRxChEqCoefCompDynDescr)"
4183964408,44383,95682,273,1,1,12,11,1,51,0.002,0.000,,,,,NVIDIA A100-SXM4-40GB MIG 4g.20gb (0),1,,13,"void channel_eq::eqMmseSoftDemapKernel<float, __half, __half, float, (unsigned int)4, (unsigned short)16383>(channel_eq::_puschRxChEqStatDescr *, channel_eq::_puschRxChEqSoftDemapDynDescr)"
4184065366,732088,95683,1,1,1,32,32,1,30,0.000,0.000,,,,,NVIDIA A100-SXM4-40GB MIG 4g.20gb (0),1,,13,"void convert_kernel<float2, __half2>(tensor_layout_any, T1 *, tensor_layout_any, const T2 *)"
4184834158,37919,95695,2253,1,1,128,1,1,16,0.000,0.000,,,,,NVIDIA A100-SXM4-40GB MIG 4g.20gb (0),1,,13,cupy_copy__float16_float16
4184974252,4320,95704,282,1,1,128,1,1,16,0.000,0.000,,,,,NVIDIA A100-SXM4-40GB MIG 4g.20gb (0),1,,13,cupy_copy__complex64_complex64
4185101610,3488,95713,26,1,1,128,1,1,16,0.000,0.000,,,,,NVIDIA A100-SXM4-40GB MIG 4g.20gb (0),1,,13,cupy_copy__float32_float32
4185231593,6912,95722,103,1,1,128,1,1,16,0.000,0.000,,,,,NVIDIA A100-SXM4-40GB MIG 4g.20gb (0),1,,13,cupy_copy__complex64_complex64
4185379207,37280,95732,1434,1,1,128,1,1,16,0.000,0.000,,,,,NVIDIA A100-SXM4-40GB MIG 4g.20gb (0),1,,13,cupy_copy__complex64_complex64
4185432711,232989,95737,1,1,1,32,32,1,30,0.000,0.000,,,,,NVIDIA A100-SXM4-40GB MIG 4g.20gb (0),1,,13,"void convert_kernel<__half2, float2>(tensor_layout_any, T1 *, tensor_layout_any, const T2 *)"
4185696900,5376,95740,,,,,,,,,,0.094,17428.487,Pinned,Device,NVIDIA A100-SXM4-40GB MIG 4g.20gb (0),1,,13,[CUDA memcpy Host-to-Device]
4185774147,615417,95741,,,,,,,,,,456.561,741455.779,Device,,NVIDIA A100-SXM4-40GB MIG 4g.20gb (0),1,,13,[CUDA memset]
4186395740,54623,95746,,,,,,,,,,1.235,22608.120,Pinned,Device,NVIDIA A100-SXM4-40GB MIG 4g.20gb (0),1,,13,[CUDA memcpy Host-to-Device]
4186452955,10880,95747,,,,,,,,,,0.197,18070.438,Pinned,Device,NVIDIA A100-SXM4-40GB MIG 4g.20gb (0),1,,13,[CUDA memcpy Host-to-Device]
4186534746,44255,95748,69,4,1,48,1,1,76,0.002,0.000,,,,,NVIDIA A100-SXM4-40GB MIG 4g.20gb (0),1,,13,"void ch_est::windowedChEstPreNoDftSOfdmKernel<float, __half, float, (unsigned int)2, (unsigned int)1, (unsigned short)4>(ch_est::puschRxChEstStatDescr_t *, ch_est::puschRxChEstDynDescr_t *)"
4186641369,21119,95749,137,2,1,24,2,1,44,0.001,0.001,,,,,NVIDIA A100-SXM4-40GB MIG 4g.20gb (0),1,,13,"void ch_est::chEstFilterNoDftSOfdmDispatchKernel<float, __half, float, (unsigned int)2>(ch_est::puschRxChEstStatDescr_t *, ch_est::puschRxChEstDynDescr_t *)"
4186707448,10144,95750,137,2,1,24,2,1,44,0.001,0.001,,,,,NVIDIA A100-SXM4-40GB MIG 4g.20gb (0),1,,13,"void ch_est::chEstFilterNoDftSOfdmDispatchKernel<float, __half, float, (unsigned int)2>(ch_est::puschRxChEstStatDescr_t *, ch_est::puschRxChEstDynDescr_t *)"
4186790743,21952,95761,103,1,1,128,1,1,16,0.000,0.000,,,,,NVIDIA A100-SXM4-40GB MIG 4g.20gb (0),1,,13,cupy_copy__complex64_complex64
4186896918,23231,95771,1434,1,1,128,1,1,16,0.000,0.000,,,,,NVIDIA A100-SXM4-40GB MIG 4g.20gb (0),1,,13,cupy_copy__complex64_complex64
4186981301,5440,95778,103,1,1,128,1,1,16,0.000,0.000,,,,,NVIDIA A100-SXM4-40GB MIG 4g.20gb (0),1,,13,cupy_copy__complex64_complex64
4187067188,328924,95785,1,1,1,32,32,1,30,0.000,0.000,,,,,NVIDIA A100-SXM4-40GB MIG 4g.20gb (0),1,,13,"void convert_kernel<__half2, float2>(tensor_layout_any, T1 *, tensor_layout_any, const T2 *)"
4187429776,5504,95788,,,,,,,,,,0.094,17023.251,Pinned,Device,NVIDIA A100-SXM4-40GB MIG 4g.20gb (0),1,,13,[CUDA memcpy Host-to-Device]
4187494895,51999,95789,,,,,,,,,,35.810,688660.572,Device,,NVIDIA A100-SXM4-40GB MIG 4g.20gb (0),1,,13,[CUDA memset]
4187550798,1824,95791,,,,,,,,,,0.000,43.860,Pinned,Device,NVIDIA A100-SXM4-40GB MIG 4g.20gb (0),1,,13,[CUDA memcpy Host-to-Device]
4187555438,9792,95792,,,,,,,,,,0.197,20078.395,Pinned,Device,NVIDIA A100-SXM4-40GB MIG 4g.20gb (0),1,,13,[CUDA memcpy Host-to-Device]
4187681773,15840,95793,273,1,1,48,1,1,40,0.000,0.001,,,,,NVIDIA A100-SXM4-40GB MIG 4g.20gb (0),1,,13,"void pusch_noise_intf_est::noiseIntfEstNoDftSOfdmKernel<float, __half, float, float, (unsigned int)2, (unsigned int)1, (unsigned char)4, (unsigned char)4>(pusch_noise_intf_est::puschRxNoiseIntfEstDynDescr)"
4187822955,4928,95804,35,1,1,128,1,1,16,0.000,0.000,,,,,NVIDIA A100-SXM4-40GB MIG 4g.20gb (0),1,,13,cupy_copy__complex64_complex64
4187988201,6400,95813,1,1,1,1,1,1,18,0.000,0.000,,,,,NVIDIA A100-SXM4-40GB MIG 4g.20gb (0),1,,13,cupy_copy__float32_float32
4187998281,2336,95819,,,,,,,,,,0.000,1.712,Device,Pageable,NVIDIA A100-SXM4-40GB MIG 4g.20gb (0),1,,7,[CUDA memcpy Device-to-Host]
4188173831,19296,95830,1434,1,1,128,1,1,16,0.000,0.000,,,,,NVIDIA A100-SXM4-40GB MIG 4g.20gb (0),1,,13,cupy_copy__complex64_complex64
4188352517,12768,95837,103,1,1,128,1,1,16,0.000,0.000,,,,,NVIDIA A100-SXM4-40GB MIG 4g.20gb (0),1,,13,cupy_copy__complex64_complex64
4188481475,4224,95844,35,1,1,128,1,1,16,0.000,0.000,,,,,NVIDIA A100-SXM4-40GB MIG 4g.20gb (0),1,,13,cupy_copy__complex64_complex64
4188510947,5408,95851,1,1,1,1,1,1,18,0.000,0.000,,,,,NVIDIA A100-SXM4-40GB MIG 4g.20gb (0),1,,13,cupy_copy__float32_float32
4188517763,316220,95862,1,1,1,32,32,1,30,0.000,0.000,,,,,NVIDIA A100-SXM4-40GB MIG 4g.20gb (0),1,,13,"void convert_kernel<__half2, float2>(tensor_layout_any, T1 *, tensor_layout_any, const T2 *)"
4188865119,5632,95865,,,,,,,,,,0.094,16636.287,Pinned,Device,NVIDIA A100-SXM4-40GB MIG 4g.20gb (0),1,,13,[CUDA memcpy Host-to-Device]
4188963006,7808,95866,,,,,,,,,,1.547,198080.776,Device,,NVIDIA A100-SXM4-40GB MIG 4g.20gb (0),1,,13,[CUDA memset]
4188972094,3168,95871,,,,,,,,,,0.031,9878.770,Pinned,Device,NVIDIA A100-SXM4-40GB MIG 4g.20gb (0),1,,13,[CUDA memcpy Host-to-Device]
4188977886,10560,95872,,,,,,,,,,0.197,18617.991,Pinned,Device,NVIDIA A100-SXM4-40GB MIG 4g.20gb (0),1,,13,[CUDA memcpy Host-to-Device]
4189057085,56319,95873,273,1,1,8,4,1,39,0.002,0.000,,,,,NVIDIA A100-SXM4-40GB MIG 4g.20gb (0),1,,13,"void channel_eq::eqMmseCoefCompLowMimoKernel<float, float, float, (unsigned int)4, (unsigned int)1, (unsigned int)4>(const channel_eq::_puschRxChEqStatDescr *, channel_eq::_puschRxChEqCoefCompDynDescr)"
4189165468,51903,95874,273,1,1,12,11,1,51,0.002,0.000,,,,,NVIDIA A100-SXM4-40GB MIG 4g.20gb (0),1,,13,"void channel_eq::eqMmseSoftDemapKernel<float, __half, __half, float, (unsigned int)4, (unsigned short)16383>(channel_eq::_puschRxChEqStatDescr *, channel_eq::_puschRxChEqSoftDemapDynDescr)"
4189278394,693208,95875,1,1,1,32,32,1,30,0.000,0.000,,,,,NVIDIA A100-SXM4-40GB MIG 4g.20gb (0),1,,13,"void convert_kernel<float2, __half2>(tensor_layout_any, T1 *, tensor_layout_any, const T2 *)"
4189973042,12672,95887,2253,1,1,128,1,1,16,0.000,0.000,,,,,NVIDIA A100-SXM4-40GB MIG 4g.20gb (0),1,,13,cupy_copy__float16_float16
4189986706,12704,95896,282,1,1,128,1,1,16,0.000,0.000,,,,,NVIDIA A100-SXM4-40GB MIG 4g.20gb (0),1,,13,cupy_copy__complex64_complex64
4190000434,3744,95905,26,1,1,128,1,1,16,0.000,0.000,,,,,NVIDIA A100-SXM4-40GB MIG 4g.20gb (0),1,,13,cupy_copy__float32_float32
4190005330,4096,95914,103,1,1,128,1,1,16,0.000,0.000,,,,,NVIDIA A100-SXM4-40GB MIG 4g.20gb (0),1,,13,cupy_copy__complex64_complex64
4190010450,12128,95924,1434,1,1,128,1,1,16,0.000,0.000,,,,,NVIDIA A100-SXM4-40GB MIG 4g.20gb (0),1,,13,cupy_copy__complex64_complex64
4190023634,97919,95929,1,1,1,32,32,1,30,0.000,0.000,,,,,NVIDIA A100-SXM4-40GB MIG 4g.20gb (0),1,,13,"void convert_kernel<__half2, float2>(tensor_layout_any, T1 *, tensor_layout_any, const T2 *)"
4190151568,5440,95932,,,,,,,,,,0.094,17223.480,Pinned,Device,NVIDIA A100-SXM4-40GB MIG 4g.20gb (0),1,,13,[CUDA memcpy Host-to-Device]
4190162288,602265,95933,,,,,,,,,,456.561,757891.990,Device,,NVIDIA A100-SXM4-40GB MIG 4g.20gb (0),1,,13,[CUDA memset]
4190766665,53087,95938,,,,,,,,,,1.235,23262.640,Pinned,Device,NVIDIA A100-SXM4-40GB MIG 4g.20gb (0),1,,13,[CUDA memcpy Host-to-Device]
4190823336,10464,95939,,,,,,,,,,0.197,18788.844,Pinned,Device,NVIDIA A100-SXM4-40GB MIG 4g.20gb (0),1,,13,[CUDA memcpy Host-to-Device]
4190856168,51103,95940,69,4,1,48,1,1,76,0.002,0.000,,,,,NVIDIA A100-SXM4-40GB MIG 4g.20gb (0),1,,13,"void ch_est::windowedChEstPreNoDftSOfdmKernel<float, __half, float, (unsigned int)2, (unsigned int)1, (unsigned short)4>(ch_est::puschRxChEstStatDescr_t *, ch_est::puschRxChEstDynDescr_t *)"
4190934407,25440,95941,137,2,1,24,2,1,44,0.001,0.001,,,,,NVIDIA A100-SXM4-40GB MIG 4g.20gb (0),1,,13,"void ch_est::chEstFilterNoDftSOfdmDispatchKernel<float, __half, float, (unsigned int)2>(ch_est::puschRxChEstStatDescr_t *, ch_est::puschRxChEstDynDescr_t *)"
4190962791,34271,95942,137,2,1,24,2,1,44,0.001,0.001,,,,,NVIDIA A100-SXM4-40GB MIG 4g.20gb (0),1,,13,"void ch_est::chEstFilterNoDftSOfdmDispatchKernel<float, __half, float, (unsigned int)2>(ch_est::puschRxChEstStatDescr_t *, ch_est::puschRxChEstDynDescr_t *)"
4191027750,8640,95953,103,1,1,128,1,1,16,0.000,0.000,,,,,NVIDIA A100-SXM4-40GB MIG 4g.20gb (0),1,,13,cupy_copy__complex64_complex64
4191050630,17888,95963,1434,1,1,128,1,1,16,0.000,0.000,,,,,NVIDIA A100-SXM4-40GB MIG 4g.20gb (0),1,,13,cupy_copy__complex64_complex64
4191113029,9792,95970,103,1,1,128,1,1,16,0.000,0.000,,,,,NVIDIA A100-SXM4-40GB MIG 4g.20gb (0),1,,13,cupy_copy__complex64_complex64
4191140165,253533,95977,1,1,1,32,32,1,30,0.000,0.000,,,,,NVIDIA A100-SXM4-40GB MIG 4g.20gb (0),1,,13,"void convert_kernel<__half2, float2>(tensor_layout_any, T1 *, tensor_layout_any, const T2 *)"
4191423330,5407,95980,,,,,,,,,,0.094,17328.607,Pinned,Device,NVIDIA A100-SXM4-40GB MIG 4g.20gb (0),1,,13,[CUDA memcpy Host-to-Device]
4191450817,63231,95981,,,,,,,,,,35.810,566333.885,Device,,NVIDIA A100-SXM4-40GB MIG 4g.20gb (0),1,,13,[CUDA memset]
4191517888,3872,95983,,,,,,,,,,0.000,20.661,Pinned,Device,NVIDIA A100-SXM4-40GB MIG 4g.20gb (0),1,,13,[CUDA memcpy Host-to-Device]
4191524864,9344,95984,,,,,,,,,,0.197,21040.988,Pinned,Device,NVIDIA A100-SXM4-40GB MIG 4g.20gb (0),1,,13,[CUDA memcpy Host-to-Device]
4191584384,26943,95985,273,1,1,48,1,1,40,0.000,0.001,,,,,NVIDIA A100-SXM4-40GB MIG 4g.20gb (0),1,,13,"void pusch_noise_intf_est::noiseIntfEstNoDftSOfdmKernel<float, __half, float, float, (unsigned int)2, (unsigned int)1, (unsigned char)4, (unsigned char)4>(pusch_noise_intf_est::puschRxNoiseIntfEstDynDescr)"
4191814077,25664,95996,35,1,1,128,1,1,16,0.000,0.000,,,,,NVIDIA A100-SXM4-40GB MIG 4g.20gb (0),1,,13,cupy_copy__complex64_complex64
4192014779,4352,96005,1,1,1,1,1,1,18,0.000,0.000,,,,,NVIDIA A100-SXM4-40GB MIG 4g.20gb (0),1,,13,cupy_copy__float32_float32
4192025051,1760,96011,,,,,,,,,,0.000,2.273,Device,Pageable,NVIDIA A100-SXM4-40GB MIG 4g.20gb (0),1,,7,[CUDA memcpy Device-to-Host]
4192135289,24160,96022,1434,1,1,128,1,1,16,0.000,0.000,,,,,NVIDIA A100-SXM4-40GB MIG 4g.20gb (0),1,,13,cupy_copy__complex64_complex64
4192253688,3808,96029,103,1,1,128,1,1,16,0.000,0.000,,,,,NVIDIA A100-SXM4-40GB MIG 4g.20gb (0),1,,13,cupy_copy__complex64_complex64
4192334199,10272,96036,35,1,1,128,1,1,16,0.000,0.000,,,,,NVIDIA A100-SXM4-40GB MIG 4g.20gb (0),1,,13,cupy_copy__complex64_complex64
4192408726,3072,96043,1,1,1,1,1,1,18,0.000,0.000,,,,,NVIDIA A100-SXM4-40GB MIG 4g.20gb (0),1,,13,cupy_copy__float32_float32
4192486581,633273,96054,1,1,1,32,32,1,30,0.000,0.000,,,,,NVIDIA A100-SXM4-40GB MIG 4g.20gb (0),1,,13,"void convert_kernel<__half2, float2>(tensor_layout_any, T1 *, tensor_layout_any, const T2 *)"
4193150702,6272,96057,,,,,,,,,,0.094,14938.703,Pinned,Device,NVIDIA A100-SXM4-40GB MIG 4g.20gb (0),1,,13,[CUDA memcpy Host-to-Device]
4193238893,24351,96058,,,,,,,,,,1.547,63513.661,Device,,NVIDIA A100-SXM4-40GB MIG 4g.20gb (0),1,,13,[CUDA memset]
4193267756,3360,96063,,,,,,,,,,0.031,9314.284,Pinned,Device,NVIDIA A100-SXM4-40GB MIG 4g.20gb (0),1,,13,[CUDA memcpy Host-to-Device]
4193273548,11360,96064,,,,,,,,,,0.197,17307.009,Pinned,Device,NVIDIA A100-SXM4-40GB MIG 4g.20gb (0),1,,13,[CUDA memcpy Host-to-Device]
4193362155,61183,96065,273,1,1,8,4,1,39,0.002,0.000,,,,,NVIDIA A100-SXM4-40GB MIG 4g.20gb (0),1,,13,"void channel_eq::eqMmseCoefCompLowMimoKernel<float, float, float, (unsigned int)4, (unsigned int)1, (unsigned int)4>(const channel_eq::_puschRxChEqStatDescr *, channel_eq::_puschRxChEqCoefCompDynDescr)"
4193495658,54815,96066,273,1,1,12,11,1,51,0.002,0.000,,,,,NVIDIA A100-SXM4-40GB MIG 4g.20gb (0),1,,13,"void channel_eq::eqMmseSoftDemapKernel<float, __half, __half, float, (unsigned int)4, (unsigned short)16383>(channel_eq::_puschRxChEqStatDescr *, channel_eq::_puschRxChEqSoftDemapDynDescr)"
4193632040,749687,96067,1,1,1,32,32,1,30,0.000,0.000,,,,,NVIDIA A100-SXM4-40GB MIG 4g.20gb (0),1,,13,"void convert_kernel<float2, __half2>(tensor_layout_any, T1 *, tensor_layout_any, const T2 *)"
4194421119,20128,96079,2253,1,1,128,1,1,16,0.000,0.000,,,,,NVIDIA A100-SXM4-40GB MIG 4g.20gb (0),1,,13,cupy_copy__float16_float16
4194482878,13888,96088,282,1,1,128,1,1,16,0.000,0.000,,,,,NVIDIA A100-SXM4-40GB MIG 4g.20gb (0),1,,13,cupy_copy__complex64_complex64
4194503262,9824,96097,26,1,1,128,1,1,16,0.000,0.000,,,,,NVIDIA A100-SXM4-40GB MIG 4g.20gb (0),1,,13,cupy_copy__float32_float32
4194558237,15616,96106,103,1,1,128,1,1,16,0.000,0.000,,,,,NVIDIA A100-SXM4-40GB MIG 4g.20gb (0),1,,13,cupy_copy__complex64_complex64
4194603293,22848,96116,1434,1,1,128,1,1,16,0.000,0.000,,,,,NVIDIA A100-SXM4-40GB MIG 4g.20gb (0),1,,13,cupy_copy__complex64_complex64
4194676220,269373,96121,1,1,1,32,32,1,30,0.000,0.000,,,,,NVIDIA A100-SXM4-40GB MIG 4g.20gb (0),1,,13,"void convert_kernel<__half2, float2>(tensor_layout_any, T1 *, tensor_layout_any, const T2 *)"
4194975897,5471,96124,,,,,,,,,,0.094,17125.849,Pinned,Device,NVIDIA A100-SXM4-40GB MIG 4g.20gb (0),1,,13,[CUDA memcpy Host-to-Device]
4195007864,625305,96125,,,,,,,,,,456.561,730041.743,Device,,NVIDIA A100-SXM4-40GB MIG 4g.20gb (0),1,,13,[CUDA memset]
4195638161,52127,96130,,,,,,,,,,1.235,23689.931,Pinned,Device,NVIDIA A100-SXM4-40GB MIG 4g.20gb (0),1,,13,[CUDA memcpy Host-to-Device]
4195693680,10080,96131,,,,,,,,,,0.197,19504.693,Pinned,Device,NVIDIA A100-SXM4-40GB MIG 4g.20gb (0),1,,13,[CUDA memcpy Host-to-Device]
4195760591,17504,96132,69,4,1,48,1,1,76,0.002,0.000,,,,,NVIDIA A100-SXM4-40GB MIG 4g.20gb (0),1,,13,"void ch_est::windowedChEstPreNoDftSOfdmKernel<float, __half, float, (unsigned int)2, (unsigned int)1, (unsigned short)4>(ch_est::puschRxChEstStatDescr_t *, ch_est::puschRxChEstDynDescr_t *)"
4195839695,30015,96133,137,2,1,24,2,1,44,0.001,0.001,,,,,NVIDIA A100-SXM4-40GB MIG 4g.20gb (0),1,,13,"void ch_est::chEstFilterNoDftSOfdmDispatchKernel<float, __half, float, (unsigned int)2>(ch_est::puschRxChEstStatDescr_t *, ch_est::puschRxChEstDynDescr_t *)"
4195960845,33408,96134,137,2,1,24,2,1,44,0.001,0.001,,,,,NVIDIA A100-SXM4-40GB MIG 4g.20gb (0),1,,13,"void ch_est::chEstFilterNoDftSOfdmDispatchKernel<float, __half, float, (unsigned int)2>(ch_est::puschRxChEstStatDescr_t *, ch_est::puschRxChEstDynDescr_t *)"
4196087820,9024,96145,103,1,1,128,1,1,16,0.000,0.000,,,,,NVIDIA A100-SXM4-40GB MIG 4g.20gb (0),1,,13,cupy_copy__complex64_complex64
4196127019,18496,96155,1434,1,1,128,1,1,16,0.000,0.000,,,,,NVIDIA A100-SXM4-40GB MIG 4g.20gb (0),1,,13,cupy_copy__complex64_complex64
4196262154,4640,96162,103,1,1,128,1,1,16,0.000,0.000,,,,,NVIDIA A100-SXM4-40GB MIG 4g.20gb (0),1,,13,cupy_copy__complex64_complex64
4196356905,323548,96169,1,1,1,32,32,1,30,0.000,0.000,,,,,NVIDIA A100-SXM4-40GB MIG 4g.20gb (0),1,,13,"void convert_kernel<__half2, float2>(tensor_layout_any, T1 *, tensor_layout_any, const T2 *)"
4196720580,5856,96172,,,,,,,,,,0.094,15999.997,Pinned,Device,NVIDIA A100-SXM4-40GB MIG 4g.20gb (0),1,,13,[CUDA memcpy Host-to-Device]
4196823139,62175,96173,,,,,,,,,,35.810,575930.943,Device,,NVIDIA A100-SXM4-40GB MIG 4g.20gb (0),1,,13,[CUDA memset]
4196887522,1824,96175,,,,,,,,,,0.000,43.860,Pinned,Device,NVIDIA A100-SXM4-40GB MIG 4g.20gb (0),1,,13,[CUDA memcpy Host-to-Device]
4196893922,10368,96176,,,,,,,,,,0.197,18962.842,Pinned,Device,NVIDIA A100-SXM4-40GB MIG 4g.20gb (0),1,,13,[CUDA memcpy Host-to-Device]
4197019329,33568,96177,273,1,1,48,1,1,40,0.000,0.001,,,,,NVIDIA A100-SXM4-40GB MIG 4g.20gb (0),1,,13,"void pusch_noise_intf_est::noiseIntfEstNoDftSOfdmKernel<float, __half, float, float, (unsigned int)2, (unsigned int)1, (unsigned char)4, (unsigned char)4>(pusch_noise_intf_est::puschRxNoiseIntfEstDynDescr)"
4197233118,14944,96188,35,1,1,128,1,1,16,0.000,0.000,,,,,NVIDIA A100-SXM4-40GB MIG 4g.20gb (0),1,,13,cupy_copy__complex64_complex64
4197308126,3712,96197,1,1,1,1,1,1,18,0.000,0.000,,,,,NVIDIA A100-SXM4-40GB MIG 4g.20gb (0),1,,13,cupy_copy__float32_float32
4197319645,1632,96203,,,,,,,,,,0.000,2.451,Device,Pageable,NVIDIA A100-SXM4-40GB MIG 4g.20gb (0),1,,7,[CUDA memcpy Device-to-Host]
4197506235,17344,96214,1434,1,1,128,1,1,16,0.000,0.000,,,,,NVIDIA A100-SXM4-40GB MIG 4g.20gb (0),1,,13,cupy_copy__complex64_complex64
4197597434,8544,96221,103,1,1,128,1,1,16,0.000,0.000,,,,,NVIDIA A100-SXM4-40GB MIG 4g.20gb (0),1,,13,cupy_copy__complex64_complex64
4197738521,14239,96228,35,1,1,128,1,1,16,0.000,0.000,,,,,NVIDIA A100-SXM4-40GB MIG 4g.20gb (0),1,,13,cupy_copy__complex64_complex64
4197762008,5568,96235,1,1,1,1,1,1,18,0.000,0.000,,,,,NVIDIA A100-SXM4-40GB MIG 4g.20gb (0),1,,13,cupy_copy__float32_float32
4197853303,300189,96246,1,1,1,32,32,1,30,0.000,0.000,,,,,NVIDIA A100-SXM4-40GB MIG 4g.20gb (0),1,,13,"void convert_kernel<__half2, float2>(tensor_layout_any, T1 *, tensor_layout_any, const T2 *)"
4198184787,5472,96249,,,,,,,,,,0.094,17122.757,Pinned,Device,NVIDIA A100-SXM4-40GB MIG 4g.20gb (0),1,,13,[CUDA memcpy Host-to-Device]
4198322898,4608,96250,,,,,,,,,,1.547,335637.514,Device,,NVIDIA A100-SXM4-40GB MIG 4g.20gb (0),1,,13,[CUDA memset]
4198329202,3616,96255,,,,,,,,,,0.031,8654.846,Pinned,Device,NVIDIA A100-SXM4-40GB MIG 4g.20gb (0),1,,13,[CUDA memcpy Host-to-Device]
4198335986,9600,96256,,,,,,,,,,0.197,20479.869,Pinned,Device,NVIDIA A100-SXM4-40GB MIG 4g.20gb (0),1,,13,[CUDA memcpy Host-to-Device]
4198482224,25152,96257,273,1,1,8,4,1,39,0.002,0.000,,,,,NVIDIA A100-SXM4-40GB MIG 4g.20gb (0),1,,13,"void channel_eq::eqMmseCoefCompLowMimoKernel<float, float, float, (unsigned int)4, (unsigned int)1, (unsigned int)4>(const channel_eq::_puschRxChEqStatDescr *, channel_eq::_puschRxChEqCoefCompDynDescr)"
4198647886,14208,96258,273,1,1,12,11,1,51,0.002,0.000,,,,,NVIDIA A100-SXM4-40GB MIG 4g.20gb (0),1,,13,"void channel_eq::eqMmseSoftDemapKernel<float, __half, __half, float, (unsigned int)4, (unsigned short)16383>(channel_eq::_puschRxChEqStatDescr *, channel_eq::_puschRxChEqSoftDemapDynDescr)"
4198803180,732408,96259,1,1,1,32,32,1,30,0.000,0.000,,,,,NVIDIA A100-SXM4-40GB MIG 4g.20gb (0),1,,13,"void convert_kernel<float2, __half2>(tensor_layout_any, T1 *, tensor_layout_any, const T2 *)"
4199563204,19775,96271,2253,1,1,128,1,1,16,0.000,0.000,,,,,NVIDIA A100-SXM4-40GB MIG 4g.20gb (0),1,,13,cupy_copy__float16_float16
4199625699,14304,96280,282,1,1,128,1,1,16,0.000,0.000,,,,,NVIDIA A100-SXM4-40GB MIG 4g.20gb (0),1,,13,cupy_copy__complex64_complex64
4199645283,10144,96289,26,1,1,128,1,1,16,0.000,0.000,,,,,NVIDIA A100-SXM4-40GB MIG 4g.20gb (0),1,,13,cupy_copy__float32_float32
4199701250,14176,96298,103,1,1,128,1,1,16,0.000,0.000,,,,,NVIDIA A100-SXM4-40GB MIG 4g.20gb (0),1,,13,cupy_copy__complex64_complex64
4199734882,25567,96308,1434,1,1,128,1,1,16,0.000,0.000,,,,,NVIDIA A100-SXM4-40GB MIG 4g.20gb (0),1,,13,cupy_copy__complex64_complex64
4199810977,309276,96313,1,1,1,32,32,1,30,0.000,0.000,,,,,NVIDIA A100-SXM4-40GB MIG 4g.20gb (0),1,,13,"void convert_kernel<__half2, float2>(tensor_layout_any, T1 *, tensor_layout_any, const T2 *)"
4200159229,5376,96316,,,,,,,,,,0.094,17428.487,Pinned,Device,NVIDIA A100-SXM4-40GB MIG 4g.20gb (0),1,,13,[CUDA memcpy Host-to-Device]
4200228220,609433,96317,,,,,,,,,,456.561,748760.762,Device,,NVIDIA A100-SXM4-40GB MIG 4g.20gb (0),1,,13,[CUDA memset]
4200846773,53151,96322,,,,,,,,,,1.235,23234.236,Pinned,Device,NVIDIA A100-SXM4-40GB MIG 4g.20gb (0),1,,13,[CUDA memcpy Host-to-Device]
4200902356,10048,96323,,,,,,,,,,0.197,19566.821,Pinned,Device,NVIDIA A100-SXM4-40GB MIG 4g.20gb (0),1,,13,[CUDA memcpy Host-to-Device]
4200918004,23744,96324,69,4,1,48,1,1,76,0.002,0.000,,,,,NVIDIA A100-SXM4-40GB MIG 4g.20gb (0),1,,13,"void ch_est::windowedChEstPreNoDftSOfdmKernel<float, __half, float, (unsigned int)2, (unsigned int)1, (unsigned short)4>(ch_est::puschRxChEstStatDescr_t *, ch_est::puschRxChEstDynDescr_t *)"
4201029747,21759,96325,137,2,1,24,2,1,44,0.001,0.001,,,,,NVIDIA A100-SXM4-40GB MIG 4g.20gb (0),1,,13,"void ch_est::chEstFilterNoDftSOfdmDispatchKernel<float, __half, float, (unsigned int)2>(ch_est::puschRxChEstStatDescr_t *, ch_est::puschRxChEstDynDescr_t *)"
4201167057,22208,96326,137,2,1,24,2,1,44,0.001,0.001,,,,,NVIDIA A100-SXM4-40GB MIG 4g.20gb (0),1,,13,"void ch_est::chEstFilterNoDftSOfdmDispatchKernel<float, __half, float, (unsigned int)2>(ch_est::puschRxChEstStatDescr_t *, ch_est::puschRxChEstDynDescr_t *)"
4201298128,4768,96337,103,1,1,128,1,1,16,0.000,0.000,,,,,NVIDIA A100-SXM4-40GB MIG 4g.20gb (0),1,,13,cupy_copy__complex64_complex64
4201375023,20799,96347,1434,1,1,128,1,1,16,0.000,0.000,,,,,NVIDIA A100-SXM4-40GB MIG 4g.20gb (0),1,,13,cupy_copy__complex64_complex64
4201450286,23456,96354,103,1,1,128,1,1,16,0.000,0.000,,,,,NVIDIA A100-SXM4-40GB MIG 4g.20gb (0),1,,13,cupy_copy__complex64_complex64
4201577004,264253,96361,1,1,1,32,32,1,30,0.000,0.000,,,,,NVIDIA A100-SXM4-40GB MIG 4g.20gb (0),1,,13,"void convert_kernel<__half2, float2>(tensor_layout_any, T1 *, tensor_layout_any, const T2 *)"
4201871689,5792,96364,,,,,,,,,,0.094,16176.708,Pinned,Device,NVIDIA A100-SXM4-40GB MIG 4g.20gb (0),1,,13,[CUDA memcpy Host-to-Device]
4201975240,50111,96365,,,,,,,,,,35.810,714586.954,Device,,NVIDIA A100-SXM4-40GB MIG 4g.20gb (0),1,,13,[CUDA memset]
4202033415,2528,96367,,,,,,,,,,0.000,31.646,Pinned,Device,NVIDIA A100-SXM4-40GB MIG 4g.20gb (0),1,,13,[CUDA memcpy Host-to-Device]
4202038055,10080,96368,,,,,,,,,,0.197,19504.693,Pinned,Device,NVIDIA A100-SXM4-40GB MIG 4g.20gb (0),1,,13,[CUDA memcpy Host-to-Device]
4202165190,27263,96369,273,1,1,48,1,1,40,0.000,0.001,,,,,NVIDIA A100-SXM4-40GB MIG 4g.20gb (0),1,,13,"void pusch_noise_intf_est::noiseIntfEstNoDftSOfdmKernel<float, __half, float, float, (unsigned int)2, (unsigned int)1, (unsigned char)4, (unsigned char)4>(pusch_noise_intf_est::puschRxNoiseIntfEstDynDescr)"
4202359267,7872,96380,35,1,1,128,1,1,16,0.000,0.000,,,,,NVIDIA A100-SXM4-40GB MIG 4g.20gb (0),1,,13,cupy_copy__complex64_complex64
4202450178,5216,96389,1,1,1,1,1,1,18,0.000,0.000,,,,,NVIDIA A100-SXM4-40GB MIG 4g.20gb (0),1,,13,cupy_copy__float32_float32
4202462562,1824,96395,,,,,,,,,,0.000,2.193,Device,Pageable,NVIDIA A100-SXM4-40GB MIG 4g.20gb (0),1,,7,[CUDA memcpy Device-to-Host]
4202562977,21696,96406,1434,1,1,128,1,1,16,0.000,0.000,,,,,NVIDIA A100-SXM4-40GB MIG 4g.20gb (0),1,,13,cupy_copy__complex64_complex64
4202596129,9599,96413,103,1,1,128,1,1,16,0.000,0.000,,,,,NVIDIA A100-SXM4-40GB MIG 4g.20gb (0),1,,13,cupy_copy__complex64_complex64
4202703071,10240,96420,35,1,1,128,1,1,16,0.000,0.000,,,,,NVIDIA A100-SXM4-40GB MIG 4g.20gb (0),1,,13,cupy_copy__complex64_complex64
4202725567,7136,96427,1,1,1,1,1,1,18,0.000,0.000,,,,,NVIDIA A100-SXM4-40GB MIG 4g.20gb (0),1,,13,cupy_copy__float32_float32
4202771999,275900,96438,1,1,1,32,32,1,30,0.000,0.000,,,,,NVIDIA A100-SXM4-40GB MIG 4g.20gb (0),1,,13,"void convert_kernel<__half2, float2>(tensor_layout_any, T1 *, tensor_layout_any, const T2 *)"
4203078235,5440,96441,,,,,,,,,,0.094,17223.480,Pinned,Device,NVIDIA A100-SXM4-40GB MIG 4g.20gb (0),1,,13,[CUDA memcpy Host-to-Device]
4203157178,5728,96442,,,,,,,,,,1.547,270011.165,Device,,NVIDIA A100-SXM4-40GB MIG 4g.20gb (0),1,,13,[CUDA memset]
4203168698,3360,96447,,,,,,,,,,0.031,9314.284,Pinned,Device,NVIDIA A100-SXM4-40GB MIG 4g.20gb (0),1,,13,[CUDA memcpy Host-to-Device]
4203174586,10880,96448,,,,,,,,,,0.197,18070.438,Pinned,Device,NVIDIA A100-SXM4-40GB MIG 4g.20gb (0),1,,13,[CUDA memcpy Host-to-Device]
4203289209,25663,96449,273,1,1,8,4,1,39,0.002,0.000,,,,,NVIDIA A100-SXM4-40GB MIG 4g.20gb (0),1,,13,"void channel_eq::eqMmseCoefCompLowMimoKernel<float, float, float, (unsigned int)4, (unsigned int)1, (unsigned int)4>(const channel_eq::_puschRxChEqStatDescr *, channel_eq::_puschRxChEqCoefCompDynDescr)"
4203447351,12000,96450,273,1,1,12,11,1,51,0.002,0.000,,,,,NVIDIA A100-SXM4-40GB MIG 4g.20gb (0),1,,13,"void channel_eq::eqMmseSoftDemapKernel<float, __half, __half, float, (unsigned int)4, (unsigned short)16383>(channel_eq::_puschRxChEqStatDescr *, channel_eq::_puschRxChEqSoftDemapDynDescr)"
4203576021,743640,96451,1,1,1,32,32,1,30,0.000,0.000,,,,,NVIDIA A100-SXM4-40GB MIG 4g.20gb (0),1,,13,"void convert_kernel<float2, __half2>(tensor_layout_any, T1 *, tensor_layout_any, const T2 *)"
4204321517,15359,96463,2253,1,1,128,1,1,16,0.000,0.000,,,,,NVIDIA A100-SXM4-40GB MIG 4g.20gb (0),1,,13,cupy_copy__float16_float16
4204381804,13472,96472,282,1,1,128,1,1,16,0.000,0.000,,,,,NVIDIA A100-SXM4-40GB MIG 4g.20gb (0),1,,13,cupy_copy__complex64_complex64
4204400396,6912,96481,26,1,1,128,1,1,16,0.000,0.000,,,,,NVIDIA A100-SXM4-40GB MIG 4g.20gb (0),1,,13,cupy_copy__float32_float32
4204455051,16928,96490,103,1,1,128,1,1,16,0.000,0.000,,,,,NVIDIA A100-SXM4-40GB MIG 4g.20gb (0),1,,13,cupy_copy__complex64_complex64
4204498731,23775,96500,1434,1,1,128,1,1,16,0.000,0.000,,,,,NVIDIA A100-SXM4-40GB MIG 4g.20gb (0),1,,13,cupy_copy__complex64_complex64
4204574058,269469,96505,1,1,1,32,32,1,30,0.000,0.000,,,,,NVIDIA A100-SXM4-40GB MIG 4g.20gb (0),1,,13,"void convert_kernel<__half2, float2>(tensor_layout_any, T1 *, tensor_layout_any, const T2 *)"
4204875718,5344,96508,,,,,,,,,,0.094,17532.864,Pinned,Device,NVIDIA A100-SXM4-40GB MIG 4g.20gb (0),1,,13,[CUDA memcpy Host-to-Device]
4204901126,631641,96509,,,,,,,,,,456.561,722736.760,Device,,NVIDIA A100-SXM4-40GB MIG 4g.20gb (0),1,,13,[CUDA memset]
4205541375,51615,96514,,,,,,,,,,1.235,23925.805,Pinned,Device,NVIDIA A100-SXM4-40GB MIG 4g.20gb (0),1,,13,[CUDA memcpy Host-to-Device]
4205595518,9888,96515,,,,,,,,,,0.197,19883.360,Pinned,Device,NVIDIA A100-SXM4-40GB MIG 4g.20gb (0),1,,13,[CUDA memcpy Host-to-Device]
4205609342,26048,96516,69,4,1,48,1,1,76,0.002,0.000,,,,,NVIDIA A100-SXM4-40GB MIG 4g.20gb (0),1,,13,"void ch_est::windowedChEstPreNoDftSOfdmKernel<float, __half, float, (unsigned int)2, (unsigned int)1, (unsigned short)4>(ch_est::puschRxChEstStatDescr_t *, ch_est::puschRxChEstDynDescr_t *)"
4205673757,26240,96517,137,2,1,24,2,1,44,0.001,0.001,,,,,NVIDIA A100-SXM4-40GB MIG 4g.20gb (0),1,,13,"void ch_est::chEstFilterNoDftSOfdmDispatchKernel<float, __half, float, (unsigned int)2>(ch_est::puschRxChEstStatDescr_t *, ch_est::puschRxChEstDynDescr_t *)"
4205702141,35519,96518,137,2,1,24,2,1,44,0.001,0.001,,,,,NVIDIA A100-SXM4-40GB MIG 4g.20gb (0),1,,13,"void ch_est::chEstFilterNoDftSOfdmDispatchKernel<float, __half, float, (unsigned int)2>(ch_est::puschRxChEstStatDescr_t *, ch_est::puschRxChEstDynDescr_t *)"
4205770332,9376,96529,103,1,1,128,1,1,16,0.000,0.000,,,,,NVIDIA A100-SXM4-40GB MIG 4g.20gb (0),1,,13,cupy_copy__complex64_complex64
4205794940,23007,96539,1434,1,1,128,1,1,16,0.000,0.000,,,,,NVIDIA A100-SXM4-40GB MIG 4g.20gb (0),1,,13,cupy_copy__complex64_complex64
4205864315,11200,96546,103,1,1,128,1,1,16,0.000,0.000,,,,,NVIDIA A100-SXM4-40GB MIG 4g.20gb (0),1,,13,cupy_copy__complex64_complex64
4205926906,332924,96553,1,1,1,32,32,1,30,0.000,0.000,,,,,NVIDIA A100-SXM4-40GB MIG 4g.20gb (0),1,,13,"void convert_kernel<__half2, float2>(tensor_layout_any, T1 *, tensor_layout_any, const T2 *)"
4206293590,5760,96556,,,,,,,,,,0.094,16266.656,Pinned,Device,NVIDIA A100-SXM4-40GB MIG 4g.20gb (0),1,,13,[CUDA memcpy Host-to-Device]
4206373077,228893,96557,,,,,,,,,,35.810,156417.731,Device,,NVIDIA A100-SXM4-40GB MIG 4g.20gb (0),1,,13,[CUDA memset]
4206609714,1824,96559,,,,,,,,,,0.000,43.860,Pinned,Device,NVIDIA A100-SXM4-40GB MIG 4g.20gb (0),1,,13,[CUDA memcpy Host-to-Device]
4206614194,9344,96560,,,,,,,,,,0.197,21040.988,Pinned,Device,NVIDIA A100-SXM4-40GB MIG 4g.20gb (0),1,,13,[CUDA memcpy Host-to-Device]
4206722577,28864,96561,273,1,1,48,1,1,40,0.000,0.001,,,,,NVIDIA A100-SXM4-40GB MIG 4g.20gb (0),1,,13,"void pusch_noise_intf_est::noiseIntfEstNoDftSOfdmKernel<float, __half, float, float, (unsigned int)2, (unsigned int)1, (unsigned char)4, (unsigned char)4>(pusch_noise_intf_est::puschRxNoiseIntfEstDynDescr)"
4206850255,4352,96572,35,1,1,128,1,1,16,0.000,0.000,,,,,NVIDIA A100-SXM4-40GB MIG 4g.20gb (0),1,,13,cupy_copy__complex64_complex64
4206990990,3808,96581,1,1,1,1,1,1,18,0.000,0.000,,,,,NVIDIA A100-SXM4-40GB MIG 4g.20gb (0),1,,13,cupy_copy__float32_float32
4206995950,3872,96587,,,,,,,,,,0.000,1.033,Device,Pageable,NVIDIA A100-SXM4-40GB MIG 4g.20gb (0),1,,7,[CUDA memcpy Device-to-Host]
4207111820,17952,96598,1434,1,1,128,1,1,16,0.000,0.000,,,,,NVIDIA A100-SXM4-40GB MIG 4g.20gb (0),1,,13,cupy_copy__complex64_complex64
4207194860,11455,96605,103,1,1,128,1,1,16,0.000,0.000,,,,,NVIDIA A100-SXM4-40GB MIG 4g.20gb (0),1,,13,cupy_copy__complex64_complex64
4207282379,12223,96612,35,1,1,128,1,1,16,0.000,0.000,,,,,NVIDIA A100-SXM4-40GB MIG 4g.20gb (0),1,,13,cupy_copy__complex64_complex64
4207357706,4096,96619,1,1,1,1,1,1,18,0.000,0.000,,,,,NVIDIA A100-SXM4-40GB MIG 4g.20gb (0),1,,13,cupy_copy__float32_float32
4207436233,448091,96630,1,1,1,32,32,1,30,0.000,0.000,,,,,NVIDIA A100-SXM4-40GB MIG 4g.20gb (0),1,,13,"void convert_kernel<__half2, float2>(tensor_layout_any, T1 *, tensor_layout_any, const T2 *)"
4207915875,6016,96633,,,,,,,,,,0.094,15574.430,Pinned,Device,NVIDIA A100-SXM4-40GB MIG 4g.20gb (0),1,,13,[CUDA memcpy Host-to-Device]
4207966275,13023,96634,,,,,,,,,,1.547,118760.617,Device,,NVIDIA A100-SXM4-40GB MIG 4g.20gb (0),1,,13,[CUDA memset]
4207995810,3008,96639,,,,,,,,,,0.031,10404.230,Pinned,Device,NVIDIA A100-SXM4-40GB MIG 4g.20gb (0),1,,13,[CUDA memcpy Host-to-Device]
4208001410,9824,96640,,,,,,,,,,0.197,20012.925,Pinned,Device,NVIDIA A100-SXM4-40GB MIG 4g.20gb (0),1,,13,[CUDA memcpy Host-to-Device]
4208042306,34847,96641,273,1,1,8,4,1,39,0.002,0.000,,,,,NVIDIA A100-SXM4-40GB MIG 4g.20gb (0),1,,13,"void channel_eq::eqMmseCoefCompLowMimoKernel<float, float, float, (unsigned int)4, (unsigned int)1, (unsigned int)4>(const channel_eq::_puschRxChEqStatDescr *, channel_eq::_puschRxChEqCoefCompDynDescr)"
4208254239,43872,96642,273,1,1,12,11,1,51,0.002,0.000,,,,,NVIDIA A100-SXM4-40GB MIG 4g.20gb (0),1,,13,"void channel_eq::eqMmseSoftDemapKernel<float, __half, __half, float, (unsigned int)4, (unsigned short)16383>(channel_eq::_puschRxChEqStatDescr *, channel_eq::_puschRxChEqSoftDemapDynDescr)"
4208478525,682520,96643,1,1,1,32,32,1,30,0.000,0.000,,,,,NVIDIA A100-SXM4-40GB MIG 4g.20gb (0),1,,13,"void convert_kernel<float2, __half2>(tensor_layout_any, T1 *, tensor_layout_any, const T2 *)"
4209162421,11712,96655,2253,1,1,128,1,1,16,0.000,0.000,,,,,NVIDIA A100-SXM4-40GB MIG 4g.20gb (0),1,,13,cupy_copy__float16_float16
4209175221,3392,96664,282,1,1,128,1,1,16,0.000,0.000,,,,,NVIDIA A100-SXM4-40GB MIG 4g.20gb (0),1,,13,cupy_copy__complex64_complex64
4209179701,2208,96673,26,1,1,128,1,1,16,0.000,0.000,,,,,NVIDIA A100-SXM4-40GB MIG 4g.20gb (0),1,,13,cupy_copy__float32_float32
4209182997,3232,96682,103,1,1,128,1,1,16,0.000,0.000,,,,,NVIDIA A100-SXM4-40GB MIG 4g.20gb (0),1,,13,cupy_copy__complex64_complex64
4209187221,11935,96692,1434,1,1,128,1,1,16,0.000,0.000,,,,,NVIDIA A100-SXM4-40GB MIG 4g.20gb (0),1,,13,cupy_copy__complex64_complex64
4209200116,530746,96697,1,1,1,32,32,1,30,0.000,0.000,,,,,NVIDIA A100-SXM4-40GB MIG 4g.20gb (0),1,,13,"void convert_kernel<__half2, float2>(tensor_layout_any, T1 *, tensor_layout_any, const T2 *)"
4209761838,5568,96700,,,,,,,,,,0.094,16827.521,Pinned,Device,NVIDIA A100-SXM4-40GB MIG 4g.20gb (0),1,,13,[CUDA memcpy Host-to-Device]
4209773390,625657,96701,,,,,,,,,,456.561,729585.181,Device,,NVIDIA A100-SXM4-40GB MIG 4g.20gb (0),1,,13,[CUDA memset]
4210400615,56863,96706,,,,,,,,,,1.235,21717.725,Pinned,Device,NVIDIA A100-SXM4-40GB MIG 4g.20gb (0),1,,13,[CUDA memcpy Host-to-Device]
4210460998,10528,96707,,,,,,,,,,0.197,18674.614,Pinned,Device,NVIDIA A100-SXM4-40GB MIG 4g.20gb (0),1,,13,[CUDA memcpy Host-to-Device]
4210529637,29728,96708,69,4,1,48,1,1,76,0.002,0.000,,,,,NVIDIA A100-SXM4-40GB MIG 4g.20gb (0),1,,13,"void ch_est::windowedChEstPreNoDftSOfdmKernel<float, __half, float, (unsigned int)2, (unsigned int)1, (unsigned short)4>(ch_est::puschRxChEstStatDescr_t *, ch_est::puschRxChEstDynDescr_t *)"
4210613252,29280,96709,137,2,1,24,2,1,44,0.001,0.001,,,,,NVIDIA A100-SXM4-40GB MIG 4g.20gb (0),1,,13,"void ch_est::chEstFilterNoDftSOfdmDispatchKernel<float, __half, float, (unsigned int)2>(ch_est::puschRxChEstStatDescr_t *, ch_est::puschRxChEstDynDescr_t *)"
4210645220,30175,96710,137,2,1,24,2,1,44,0.001,0.001,,,,,NVIDIA A100-SXM4-40GB MIG 4g.20gb (0),1,,13,"void ch_est::chEstFilterNoDftSOfdmDispatchKernel<float, __half, float, (unsigned int)2>(ch_est::puschRxChEstStatDescr_t *, ch_est::puschRxChEstDynDescr_t *)"
4210702403,8448,96721,103,1,1,128,1,1,16,0.000,0.000,,,,,NVIDIA A100-SXM4-40GB MIG 4g.20gb (0),1,,13,cupy_copy__complex64_complex64
4210725219,18336,96731,1434,1,1,128,1,1,16,0.000,0.000,,,,,NVIDIA A100-SXM4-40GB MIG 4g.20gb (0),1,,13,cupy_copy__complex64_complex64
4210788034,9120,96738,103,1,1,128,1,1,16,0.000,0.000,,,,,NVIDIA A100-SXM4-40GB MIG 4g.20gb (0),1,,13,cupy_copy__complex64_complex64
4210815586,272029,96745,1,1,1,32,32,1,30,0.000,0.000,,,,,NVIDIA A100-SXM4-40GB MIG 4g.20gb (0),1,,13,"void convert_kernel<__half2, float2>(tensor_layout_any, T1 *, tensor_layout_any, const T2 *)"
4211120510,6848,96748,,,,,,,,,,0.094,13682.239,Pinned,Device,NVIDIA A100-SXM4-40GB MIG 4g.20gb (0),1,,13,[CUDA memcpy Host-to-Device]
4211180286,61599,96749,,,,,,,,,,35.810,581338.241,Device,,NVIDIA A100-SXM4-40GB MIG 4g.20gb (0),1,,13,[CUDA memset]
4211248381,2752,96751,,,,,,,,,,0.000,29.070,Pinned,Device,NVIDIA A100-SXM4-40GB MIG 4g.20gb (0),1,,13,[CUDA memcpy Host-to-Device]
4211253789,10016,96752,,,,,,,,,,0.197,19629.343,Pinned,Device,NVIDIA A100-SXM4-40GB MIG 4g.20gb (0),1,,13,[CUDA memcpy Host-to-Device]
4211388251,32480,96753,273,1,1,48,1,1,40,0.000,0.001,,,,,NVIDIA A100-SXM4-40GB MIG 4g.20gb (0),1,,13,"void pusch_noise_intf_est::noiseIntfEstNoDftSOfdmKernel<float, __half, float, float, (unsigned int)2, (unsigned int)1, (unsigned char)4, (unsigned char)4>(pusch_noise_intf_est::puschRxNoiseIntfEstDynDescr)"
4211422267,7488,96764,35,1,1,128,1,1,16,0.000,0.000,,,,,NVIDIA A100-SXM4-40GB MIG 4g.20gb (0),1,,13,cupy_copy__complex64_complex64
4211526074,5247,96773,1,1,1,1,1,1,18,0.000,0.000,,,,,NVIDIA A100-SXM4-40GB MIG 4g.20gb (0),1,,13,cupy_copy__float32_float32
4211532025,1824,96779,,,,,,,,,,0.000,2.193,Device,Pageable,NVIDIA A100-SXM4-40GB MIG 4g.20gb (0),1,,7,[CUDA memcpy Device-to-Host]
4211695320,23647,96790,1434,1,1,128,1,1,16,0.000,0.000,,,,,NVIDIA A100-SXM4-40GB MIG 4g.20gb (0),1,,13,cupy_copy__complex64_complex64
4211833942,10592,96797,103,1,1,128,1,1,16,0.000,0.000,,,,,NVIDIA A100-SXM4-40GB MIG 4g.20gb (0),1,,13,cupy_copy__complex64_complex64
4211941301,11904,96804,35,1,1,128,1,1,16,0.000,0.000,,,,,NVIDIA A100-SXM4-40GB MIG 4g.20gb (0),1,,13,cupy_copy__complex64_complex64
4212030164,3808,96811,1,1,1,1,1,1,18,0.000,0.000,,,,,NVIDIA A100-SXM4-40GB MIG 4g.20gb (0),1,,13,cupy_copy__float32_float32
4212109299,311068,96822,1,1,1,32,32,1,30,0.000,0.000,,,,,NVIDIA A100-SXM4-40GB MIG 4g.20gb (0),1,,13,"void convert_kernel<__half2, float2>(tensor_layout_any, T1 *, tensor_layout_any, const T2 *)"
4212452559,6048,96825,,,,,,,,,,0.094,15491.978,Pinned,Device,NVIDIA A100-SXM4-40GB MIG 4g.20gb (0),1,,13,[CUDA memcpy Host-to-Device]
4212588109,4896,96826,,,,,,,,,,1.547,315894.859,Device,,NVIDIA A100-SXM4-40GB MIG 4g.20gb (0),1,,13,[CUDA memset]
4212601069,3168,96831,,,,,,,,,,0.031,9878.770,Pinned,Device,NVIDIA A100-SXM4-40GB MIG 4g.20gb (0),1,,13,[CUDA memcpy Host-to-Device]
4212606701,10368,96832,,,,,,,,,,0.197,18962.842,Pinned,Device,NVIDIA A100-SXM4-40GB MIG 4g.20gb (0),1,,13,[CUDA memcpy Host-to-Device]
4212786443,29184,96833,273,1,1,8,4,1,39,0.002,0.000,,,,,NVIDIA A100-SXM4-40GB MIG 4g.20gb (0),1,,13,"void channel_eq::eqMmseCoefCompLowMimoKernel<float, float, float, (unsigned int)4, (unsigned int)1, (unsigned int)4>(const channel_eq::_puschRxChEqStatDescr *, channel_eq::_puschRxChEqCoefCompDynDescr)"
4212917929,17600,96834,273,1,1,12,11,1,51,0.002,0.000,,,,,NVIDIA A100-SXM4-40GB MIG 4g.20gb (0),1,,13,"void channel_eq::eqMmseSoftDemapKernel<float, __half, __half, float, (unsigned int)4, (unsigned short)16383>(channel_eq::_puschRxChEqStatDescr *, channel_eq::_puschRxChEqSoftDemapDynDescr)"
4213001257,840598,96835,1,1,1,32,32,1,30,0.000,0.000,,,,,NVIDIA A100-SXM4-40GB MIG 4g.20gb (0),1,,13,"void convert_kernel<float2, __half2>(tensor_layout_any, T1 *, tensor_layout_any, const T2 *)"
4213910462,15968,96847,2253,1,1,128,1,1,16,0.000,0.000,,,,,NVIDIA A100-SXM4-40GB MIG 4g.20gb (0),1,,13,cupy_copy__float16_float16
4213993693,10560,96856,282,1,1,128,1,1,16,0.000,0.000,,,,,NVIDIA A100-SXM4-40GB MIG 4g.20gb (0),1,,13,cupy_copy__complex64_complex64
4214096956,7808,96865,26,1,1,128,1,1,16,0.000,0.000,,,,,NVIDIA A100-SXM4-40GB MIG 4g.20gb (0),1,,13,cupy_copy__float32_float32
4214168411,5312,96874,103,1,1,128,1,1,16,0.000,0.000,,,,,NVIDIA A100-SXM4-40GB MIG 4g.20gb (0),1,,13,cupy_copy__complex64_complex64
4214258298,20896,96884,1434,1,1,128,1,1,16,0.000,0.000,,,,,NVIDIA A100-SXM4-40GB MIG 4g.20gb (0),1,,13,cupy_copy__complex64_complex64
4214363193,283293,96889,1,1,1,32,32,1,30,0.000,0.000,,,,,NVIDIA A100-SXM4-40GB MIG 4g.20gb (0),1,,13,"void convert_kernel<__half2, float2>(tensor_layout_any, T1 *, tensor_layout_any, const T2 *)"
4214678421,5472,96892,,,,,,,,,,0.094,17122.757,Pinned,Device,NVIDIA A100-SXM4-40GB MIG 4g.20gb (0),1,,13,[CUDA memcpy Host-to-Device]
4214689621,617657,96893,,,,,,,,,,456.561,739172.971,Device,,NVIDIA A100-SXM4-40GB MIG 4g.20gb (0),1,,13,[CUDA memset]
4215312590,52351,96898,,,,,,,,,,1.235,23588.665,Pinned,Device,NVIDIA A100-SXM4-40GB MIG 4g.20gb (0),1,,13,[CUDA memcpy Host-to-Device]
4215374957,9504,96899,,,,,,,,,,0.197,20686.701,Pinned,Device,NVIDIA A100-SXM4-40GB MIG 4g.20gb (0),1,,13,[CUDA memcpy Host-to-Device]
4215389037,22016,96900,69,4,1,48,1,1,76,0.002,0.000,,,,,NVIDIA A100-SXM4-40GB MIG 4g.20gb (0),1,,13,"void ch_est::windowedChEstPreNoDftSOfdmKernel<float, __half, float, (unsigned int)2, (unsigned int)1, (unsigned short)4>(ch_est::puschRxChEstStatDescr_t *, ch_est::puschRxChEstDynDescr_t *)"
4215445164,25408,96901,137,2,1,24,2,1,44,0.001,0.001,,,,,NVIDIA A100-SXM4-40GB MIG 4g.20gb (0),1,,13,"void ch_est::chEstFilterNoDftSOfdmDispatchKernel<float, __half, float, (unsigned int)2>(ch_est::puschRxChEstStatDescr_t *, ch_est::puschRxChEstDynDescr_t *)"
4215472460,39392,96902,137,2,1,24,2,1,44,0.001,0.001,,,,,NVIDIA A100-SXM4-40GB MIG 4g.20gb (0),1,,13,"void ch_est::chEstFilterNoDftSOfdmDispatchKernel<float, __half, float, (unsigned int)2>(ch_est::puschRxChEstStatDescr_t *, ch_est::puschRxChEstDynDescr_t *)"
4215540075,8640,96913,103,1,1,128,1,1,16,0.000,0.000,,,,,NVIDIA A100-SXM4-40GB MIG 4g.20gb (0),1,,13,cupy_copy__complex64_complex64
4215562891,21920,96923,1434,1,1,128,1,1,16,0.000,0.000,,,,,NVIDIA A100-SXM4-40GB MIG 4g.20gb (0),1,,13,cupy_copy__complex64_complex64
4215631754,9696,96930,103,1,1,128,1,1,16,0.000,0.000,,,,,NVIDIA A100-SXM4-40GB MIG 4g.20gb (0),1,,13,cupy_copy__complex64_complex64
4215660298,295996,96937,1,1,1,32,32,1,30,0.000,0.000,,,,,NVIDIA A100-SXM4-40GB MIG 4g.20gb (0),1,,13,"void convert_kernel<__half2, float2>(tensor_layout_any, T1 *, tensor_layout_any, const T2 *)"
4215989990,7616,96940,,,,,,,,,,0.094,12302.472,Pinned,Device,NVIDIA A100-SXM4-40GB MIG 4g.20gb (0),1,,13,[CUDA memcpy Host-to-Device]
4216045029,62240,96941,,,,,,,,,,35.810,575322.175,Device,,NVIDIA A100-SXM4-40GB MIG 4g.20gb (0),1,,13,[CUDA memset]
4216112325,2912,96943,,,,,,,,,,0.000,27.472,Pinned,Device,NVIDIA A100-SXM4-40GB MIG 4g.20gb (0),1,,13,[CUDA memcpy Host-to-Device]
4216118533,12991,96944,,,,,,,,,,0.197,15134.097,Pinned,Device,NVIDIA A100-SXM4-40GB MIG 4g.20gb (0),1,,13,[CUDA memcpy Host-to-Device]
4216224163,40960,96945,273,1,1,48,1,1,40,0.000,0.001,,,,,NVIDIA A100-SXM4-40GB MIG 4g.20gb (0),1,,13,"void pusch_noise_intf_est::noiseIntfEstNoDftSOfdmKernel<float, __half, float, float, (unsigned int)2, (unsigned int)1, (unsigned char)4, (unsigned char)4>(pusch_noise_intf_est::puschRxNoiseIntfEstDynDescr)"
4216339426,16416,96956,35,1,1,128,1,1,16,0.000,0.000,,,,,NVIDIA A100-SXM4-40GB MIG 4g.20gb (0),1,,13,cupy_copy__complex64_complex64
4216459265,3552,96965,1,1,1,1,1,1,18,0.000,0.000,,,,,NVIDIA A100-SXM4-40GB MIG 4g.20gb (0),1,,13,cupy_copy__float32_float32
4216469248,3072,96971,,,,,,,,,,0.000,1.302,Device,Pageable,NVIDIA A100-SXM4-40GB MIG 4g.20gb (0),1,,7,[CUDA memcpy Device-to-Host]
4216582431,39584,96982,1434,1,1,128,1,1,16,0.000,0.000,,,,,NVIDIA A100-SXM4-40GB MIG 4g.20gb (0),1,,13,cupy_copy__complex64_complex64
4216709854,4288,96989,103,1,1,128,1,1,16,0.000,0.000,,,,,NVIDIA A100-SXM4-40GB MIG 4g.20gb (0),1,,13,cupy_copy__complex64_complex64
4216786941,11424,96996,35,1,1,128,1,1,16,0.000,0.000,,,,,NVIDIA A100-SXM4-40GB MIG 4g.20gb (0),1,,13,cupy_copy__complex64_complex64
4216838268,7520,97003,1,1,1,1,1,1,18,0.000,0.000,,,,,NVIDIA A100-SXM4-40GB MIG 4g.20gb (0),1,,13,cupy_copy__float32_float32
4216951035,337084,97014,1,1,1,32,32,1,30,0.000,0.000,,,,,NVIDIA A100-SXM4-40GB MIG 4g.20gb (0),1,,13,"void convert_kernel<__half2, float2>(tensor_layout_any, T1 *, tensor_layout_any, const T2 *)"
4217318871,5408,97017,,,,,,,,,,0.094,17325.421,Pinned,Device,NVIDIA A100-SXM4-40GB MIG 4g.20gb (0),1,,13,[CUDA memcpy Host-to-Device]
4217424021,4832,97018,,,,,,,,,,1.547,320078.477,Device,,NVIDIA A100-SXM4-40GB MIG 4g.20gb (0),1,,13,[CUDA memset]
4217437077,3040,97023,,,,,,,,,,0.031,10294.725,Pinned,Device,NVIDIA A100-SXM4-40GB MIG 4g.20gb (0),1,,13,[CUDA memcpy Host-to-Device]
4217443157,9888,97024,,,,,,,,,,0.197,19883.360,Pinned,Device,NVIDIA A100-SXM4-40GB MIG 4g.20gb (0),1,,13,[CUDA memcpy Host-to-Device]
4217497141,33695,97025,273,1,1,8,4,1,39,0.002,0.000,,,,,NVIDIA A100-SXM4-40GB MIG 4g.20gb (0),1,,13,"void channel_eq::eqMmseCoefCompLowMimoKernel<float, float, float, (unsigned int)4, (unsigned int)1, (unsigned int)4>(const channel_eq::_puschRxChEqStatDescr *, channel_eq::_puschRxChEqCoefCompDynDescr)"
4217532724,30784,97026,273,1,1,12,11,1,51,0.002,0.000,,,,,NVIDIA A100-SXM4-40GB MIG 4g.20gb (0),1,,13,"void channel_eq::eqMmseSoftDemapKernel<float, __half, __half, float, (unsigned int)4, (unsigned short)16383>(channel_eq::_puschRxChEqStatDescr *, channel_eq::_puschRxChEqSoftDemapDynDescr)"
4217595091,661881,97027,1,1,1,32,32,1,30,0.000,0.000,,,,,NVIDIA A100-SXM4-40GB MIG 4g.20gb (0),1,,13,"void convert_kernel<float2, __half2>(tensor_layout_any, T1 *, tensor_layout_any, const T2 *)"
4218267852,20031,97039,2253,1,1,128,1,1,16,0.000,0.000,,,,,NVIDIA A100-SXM4-40GB MIG 4g.20gb (0),1,,13,cupy_copy__float16_float16
4218330763,13952,97048,282,1,1,128,1,1,16,0.000,0.000,,,,,NVIDIA A100-SXM4-40GB MIG 4g.20gb (0),1,,13,cupy_copy__complex64_complex64
4218350987,7008,97057,26,1,1,128,1,1,16,0.000,0.000,,,,,NVIDIA A100-SXM4-40GB MIG 4g.20gb (0),1,,13,cupy_copy__float32_float32
4218405066,13408,97066,103,1,1,128,1,1,16,0.000,0.000,,,,,NVIDIA A100-SXM4-40GB MIG 4g.20gb (0),1,,13,cupy_copy__complex64_complex64
4218570984,22048,97076,1434,1,1,128,1,1,16,0.000,0.000,,,,,NVIDIA A100-SXM4-40GB MIG 4g.20gb (0),1,,13,cupy_copy__complex64_complex64
4218657895,259325,97081,1,1,1,32,32,1,30,0.000,0.000,,,,,NVIDIA A100-SXM4-40GB MIG 4g.20gb (0),1,,13,"void convert_kernel<__half2, float2>(tensor_layout_any, T1 *, tensor_layout_any, const T2 *)"
4218952004,9568,97084,,,,,,,,,,0.094,9792.637,Pinned,Device,NVIDIA A100-SXM4-40GB MIG 4g.20gb (0),1,,13,[CUDA memcpy Host-to-Device]
4218986275,620473,97085,,,,,,,,,,456.561,735520.480,Device,,NVIDIA A100-SXM4-40GB MIG 4g.20gb (0),1,,13,[CUDA memset]
4219615484,48448,97090,,,,,,,,,,1.235,25489.244,Pinned,Device,NVIDIA A100-SXM4-40GB MIG 4g.20gb (0),1,,13,[CUDA memcpy Host-to-Device]
4219666044,9471,97091,,,,,,,,,,0.197,20758.856,Pinned,Device,NVIDIA A100-SXM4-40GB MIG 4g.20gb (0),1,,13,[CUDA memcpy Host-to-Device]
4220168726,63935,97092,69,4,1,48,1,1,76,0.002,0.000,,,,,NVIDIA A100-SXM4-40GB MIG 4g.20gb (0),1,,13,"void ch_est::windowedChEstPreNoDftSOfdmKernel<float, __half, float, (unsigned int)2, (unsigned int)1, (unsigned short)4>(ch_est::puschRxChEstStatDescr_t *, ch_est::puschRxChEstDynDescr_t *)"
4220264917,24639,97093,137,2,1,24,2,1,44,0.001,0.001,,,,,NVIDIA A100-SXM4-40GB MIG 4g.20gb (0),1,,13,"void ch_est::chEstFilterNoDftSOfdmDispatchKernel<float, __half, float, (unsigned int)2>(ch_est::puschRxChEstStatDescr_t *, ch_est::puschRxChEstDynDescr_t *)"
4220292404,33696,97094,137,2,1,24,2,1,44,0.001,0.001,,,,,NVIDIA A100-SXM4-40GB MIG 4g.20gb (0),1,,13,"void ch_est::chEstFilterNoDftSOfdmDispatchKernel<float, __half, float, (unsigned int)2>(ch_est::puschRxChEstStatDescr_t *, ch_est::puschRxChEstDynDescr_t *)"
4220359316,7999,97105,103,1,1,128,1,1,16,0.000,0.000,,,,,NVIDIA A100-SXM4-40GB MIG 4g.20gb (0),1,,13,cupy_copy__complex64_complex64
4220384083,16608,97115,1434,1,1,128,1,1,16,0.000,0.000,,,,,NVIDIA A100-SXM4-40GB MIG 4g.20gb (0),1,,13,cupy_copy__complex64_complex64
4220509042,10432,97122,103,1,1,128,1,1,16,0.000,0.000,,,,,NVIDIA A100-SXM4-40GB MIG 4g.20gb (0),1,,13,cupy_copy__complex64_complex64
4220537714,289244,97129,1,1,1,32,32,1,30,0.000,0.000,,,,,NVIDIA A100-SXM4-40GB MIG 4g.20gb (0),1,,13,"void convert_kernel<__half2, float2>(tensor_layout_any, T1 *, tensor_layout_any, const T2 *)"
4220856910,6400,97132,,,,,,,,,,0.094,14640.000,Pinned,Device,NVIDIA A100-SXM4-40GB MIG 4g.20gb (0),1,,13,[CUDA memcpy Host-to-Device]
4220960717,60031,97133,,,,,,,,,,35.810,596521.647,Device,,NVIDIA A100-SXM4-40GB MIG 4g.20gb (0),1,,13,[CUDA memset]
4221027020,1888,97135,,,,,,,,,,0.000,42.373,Pinned,Device,NVIDIA A100-SXM4-40GB MIG 4g.20gb (0),1,,13,[CUDA memcpy Host-to-Device]
4221031468,9376,97136,,,,,,,,,,0.197,20969.226,Pinned,Device,NVIDIA A100-SXM4-40GB MIG 4g.20gb (0),1,,13,[CUDA memcpy Host-to-Device]
4221166218,32736,97137,273,1,1,48,1,1,40,0.000,0.001,,,,,NVIDIA A100-SXM4-40GB MIG 4g.20gb (0),1,,13,"void pusch_noise_intf_est::noiseIntfEstNoDftSOfdmKernel<float, __half, float, float, (unsigned int)2, (unsigned int)1, (unsigned char)4, (unsigned char)4>(pusch_noise_intf_est::puschRxNoiseIntfEstDynDescr)"
4221325576,14240,97148,35,1,1,128,1,1,16,0.000,0.000,,,,,NVIDIA A100-SXM4-40GB MIG 4g.20gb (0),1,,13,cupy_copy__complex64_complex64
4221455015,4864,97157,1,1,1,1,1,1,18,0.000,0.000,,,,,NVIDIA A100-SXM4-40GB MIG 4g.20gb (0),1,,13,cupy_copy__float32_float32
4221462215,2080,97163,,,,,,,,,,0.000,1.923,Device,Pageable,NVIDIA A100-SXM4-40GB MIG 4g.20gb (0),1,,7,[CUDA memcpy Device-to-Host]
4221627877,23456,97174,1434,1,1,128,1,1,16,0.000,0.000,,,,,NVIDIA A100-SXM4-40GB MIG 4g.20gb (0),1,,13,cupy_copy__complex64_complex64
4221765123,11392,97181,103,1,1,128,1,1,16,0.000,0.000,,,,,NVIDIA A100-SXM4-40GB MIG 4g.20gb (0),1,,13,cupy_copy__complex64_complex64
4221873858,9056,97188,35,1,1,128,1,1,16,0.000,0.000,,,,,NVIDIA A100-SXM4-40GB MIG 4g.20gb (0),1,,13,cupy_copy__complex64_complex64
4221964065,6400,97195,1,1,1,1,1,1,18,0.000,0.000,,,,,NVIDIA A100-SXM4-40GB MIG 4g.20gb (0),1,,13,cupy_copy__float32_float32
4222031648,239582,97206,1,1,1,32,32,1,30,0.000,0.000,,,,,NVIDIA A100-SXM4-40GB MIG 4g.20gb (0),1,,13,"void convert_kernel<__half2, float2>(tensor_layout_any, T1 *, tensor_layout_any, const T2 *)"
4222302301,6304,97209,,,,,,,,,,0.094,14862.903,Pinned,Device,NVIDIA A100-SXM4-40GB MIG 4g.20gb (0),1,,13,[CUDA memcpy Host-to-Device]
4222413308,12192,97210,,,,,,,,,,1.547,126854.100,Device,,NVIDIA A100-SXM4-40GB MIG 4g.20gb (0),1,,13,[CUDA memset]
4222429884,3040,97215,,,,,,,,,,0.031,10294.725,Pinned,Device,NVIDIA A100-SXM4-40GB MIG 4g.20gb (0),1,,13,[CUDA memcpy Host-to-Device]
4222435388,9856,97216,,,,,,,,,,0.197,19948.044,Pinned,Device,NVIDIA A100-SXM4-40GB MIG 4g.20gb (0),1,,13,[CUDA memcpy Host-to-Device]
4222491675,45983,97217,273,1,1,8,4,1,39,0.002,0.000,,,,,NVIDIA A100-SXM4-40GB MIG 4g.20gb (0),1,,13,"void channel_eq::eqMmseCoefCompLowMimoKernel<float, float, float, (unsigned int)4, (unsigned int)1, (unsigned int)4>(const channel_eq::_puschRxChEqStatDescr *, channel_eq::_puschRxChEqCoefCompDynDescr)"
4222602842,42655,97218,273,1,1,12,11,1,51,0.002,0.000,,,,,NVIDIA A100-SXM4-40GB MIG 4g.20gb (0),1,,13,"void channel_eq::eqMmseSoftDemapKernel<float, __half, __half, float, (unsigned int)4, (unsigned short)16383>(channel_eq::_puschRxChEqStatDescr *, channel_eq::_puschRxChEqSoftDemapDynDescr)"
4222716984,788023,97219,1,1,1,32,32,1,30,0.000,0.000,,,,,NVIDIA A100-SXM4-40GB MIG 4g.20gb (0),1,,13,"void convert_kernel<float2, __half2>(tensor_layout_any, T1 *, tensor_layout_any, const T2 *)"
4223594286,13952,97231,2253,1,1,128,1,1,16,0.000,0.000,,,,,NVIDIA A100-SXM4-40GB MIG 4g.20gb (0),1,,13,cupy_copy__float16_float16
4223716621,5056,97240,282,1,1,128,1,1,16,0.000,0.000,,,,,NVIDIA A100-SXM4-40GB MIG 4g.20gb (0),1,,13,cupy_copy__complex64_complex64
4223828364,4384,97249,26,1,1,128,1,1,16,0.000,0.000,,,,,NVIDIA A100-SXM4-40GB MIG 4g.20gb (0),1,,13,cupy_copy__float32_float32
4223939274,5184,97258,103,1,1,128,1,1,16,0.000,0.000,,,,,NVIDIA A100-SXM4-40GB MIG 4g.20gb (0),1,,13,cupy_copy__complex64_complex64
4224074857,23231,97268,1434,1,1,128,1,1,16,0.000,0.000,,,,,NVIDIA A100-SXM4-40GB MIG 4g.20gb (0),1,,13,cupy_copy__complex64_complex64
4224134472,305276,97273,1,1,1,32,32,1,30,0.000,0.000,,,,,NVIDIA A100-SXM4-40GB MIG 4g.20gb (0),1,,13,"void convert_kernel<__half2, float2>(tensor_layout_any, T1 *, tensor_layout_any, const T2 *)"
4224525796,5631,97276,,,,,,,,,,0.094,16639.285,Pinned,Device,NVIDIA A100-SXM4-40GB MIG 4g.20gb (0),1,,13,[CUDA memcpy Host-to-Device]
4224551267,618777,97277,,,,,,,,,,456.561,737803.287,Device,,NVIDIA A100-SXM4-40GB MIG 4g.20gb (0),1,,13,[CUDA memset]
4225175644,51359,97282,,,,,,,,,,1.235,24044.360,Pinned,Device,NVIDIA A100-SXM4-40GB MIG 4g.20gb (0),1,,13,[CUDA memcpy Host-to-Device]
4225230299,10464,97283,,,,,,,,,,0.197,18788.844,Pinned,Device,NVIDIA A100-SXM4-40GB MIG 4g.20gb (0),1,,13,[CUDA memcpy Host-to-Device]
4225293787,32863,97284,69,4,1,48,1,1,76,0.002,0.000,,,,,NVIDIA A100-SXM4-40GB MIG 4g.20gb (0),1,,13,"void ch_est::windowedChEstPreNoDftSOfdmKernel<float, __half, float, (unsigned int)2, (unsigned int)1, (unsigned short)4>(ch_est::puschRxChEstStatDescr_t *, ch_est::puschRxChEstDynDescr_t *)"
4225379802,27839,97285,137,2,1,24,2,1,44,0.001,0.001,,,,,NVIDIA A100-SXM4-40GB MIG 4g.20gb (0),1,,13,"void ch_est::chEstFilterNoDftSOfdmDispatchKernel<float, __half, float, (unsigned int)2>(ch_est::puschRxChEstStatDescr_t *, ch_est::puschRxChEstDynDescr_t *)"
4225410553,36672,97286,137,2,1,24,2,1,44,0.001,0.001,,,,,NVIDIA A100-SXM4-40GB MIG 4g.20gb (0),1,,13,"void ch_est::chEstFilterNoDftSOfdmDispatchKernel<float, __half, float, (unsigned int)2>(ch_est::puschRxChEstStatDescr_t *, ch_est::puschRxChEstDynDescr_t *)"
4225474393,9759,97297,103,1,1,128,1,1,16,0.000,0.000,,,,,NVIDIA A100-SXM4-40GB MIG 4g.20gb (0),1,,13,cupy_copy__complex64_complex64
4225496824,22496,97307,1434,1,1,128,1,1,16,0.000,0.000,,,,,NVIDIA A100-SXM4-40GB MIG 4g.20gb (0),1,,13,cupy_copy__complex64_complex64
4225561880,7871,97314,103,1,1,128,1,1,16,0.000,0.000,,,,,NVIDIA A100-SXM4-40GB MIG 4g.20gb (0),1,,13,cupy_copy__complex64_complex64
4225590103,260989,97321,1,1,1,32,32,1,30,0.000,0.000,,,,,NVIDIA A100-SXM4-40GB MIG 4g.20gb (0),1,,13,"void convert_kernel<__half2, float2>(tensor_layout_any, T1 *, tensor_layout_any, const T2 *)"
4225881236,5376,97324,,,,,,,,,,0.094,17428.487,Pinned,Device,NVIDIA A100-SXM4-40GB MIG 4g.20gb (0),1,,13,[CUDA memcpy Host-to-Device]
4225905140,62815,97325,,,,,,,,,,35.810,570058.116,Device,,NVIDIA A100-SXM4-40GB MIG 4g.20gb (0),1,,13,[CUDA memset]
4225975379,1824,97327,,,,,,,,,,0.000,43.860,Pinned,Device,NVIDIA A100-SXM4-40GB MIG 4g.20gb (0),1,,13,[CUDA memcpy Host-to-Device]
4225979635,9600,97328,,,,,,,,,,0.197,20479.869,Pinned,Device,NVIDIA A100-SXM4-40GB MIG 4g.20gb (0),1,,13,[CUDA memcpy Host-to-Device]
4226038706,40032,97329,273,1,1,48,1,1,40,0.000,0.001,,,,,NVIDIA A100-SXM4-40GB MIG 4g.20gb (0),1,,13,"void pusch_noise_intf_est::noiseIntfEstNoDftSOfdmKernel<float, __half, float, float, (unsigned int)2, (unsigned int)1, (unsigned char)4, (unsigned char)4>(pusch_noise_intf_est::puschRxNoiseIntfEstDynDescr)"
4226123537,20736,97340,35,1,1,128,1,1,16,0.000,0.000,,,,,NVIDIA A100-SXM4-40GB MIG 4g.20gb (0),1,,13,cupy_copy__complex64_complex64
4226187536,4448,97349,1,1,1,1,1,1,18,0.000,0.000,,,,,NVIDIA A100-SXM4-40GB MIG 4g.20gb (0),1,,13,cupy_copy__float32_float32
4226194512,1632,97355,,,,,,,,,,0.000,2.451,Device,Pageable,NVIDIA A100-SXM4-40GB MIG 4g.20gb (0),1,,7,[CUDA memcpy Device-to-Host]
4226288975,21408,97366,1434,1,1,128,1,1,16,0.000,0.000,,,,,NVIDIA A100-SXM4-40GB MIG 4g.20gb (0),1,,13,cupy_copy__complex64_complex64
4226315279,10624,97373,103,1,1,128,1,1,16,0.000,0.000,,,,,NVIDIA A100-SXM4-40GB MIG 4g.20gb (0),1,,13,cupy_copy__complex64_complex64
4226376750,10368,97380,35,1,1,128,1,1,16,0.000,0.000,,,,,NVIDIA A100-SXM4-40GB MIG 4g.20gb (0),1,,13,cupy_copy__complex64_complex64
4226405166,5952,97387,1,1,1,1,1,1,18,0.000,0.000,,,,,NVIDIA A100-SXM4-40GB MIG 4g.20gb (0),1,,13,cupy_copy__float32_float32
4226537580,245373,97398,1,1,1,32,32,1,30,0.000,0.000,,,,,NVIDIA A100-SXM4-40GB MIG 4g.20gb (0),1,,13,"void convert_kernel<__half2, float2>(tensor_layout_any, T1 *, tensor_layout_any, const T2 *)"
4226813513,5408,97401,,,,,,,,,,0.094,17325.421,Pinned,Device,NVIDIA A100-SXM4-40GB MIG 4g.20gb (0),1,,13,[CUDA memcpy Host-to-Device]
4226866664,20608,97402,,,,,,,,,,1.547,75048.383,Device,,NVIDIA A100-SXM4-40GB MIG 4g.20gb (0),1,,13,[CUDA memset]
4226888424,3200,97407,,,,,,,,,,0.031,9780.000,Pinned,Device,NVIDIA A100-SXM4-40GB MIG 4g.20gb (0),1,,13,[CUDA memcpy Host-to-Device]
4226894056,9664,97408,,,,,,,,,,0.197,20344.209,Pinned,Device,NVIDIA A100-SXM4-40GB MIG 4g.20gb (0),1,,13,[CUDA memcpy Host-to-Device]
4226908200,7104,97409,273,1,1,8,4,1,39,0.002,0.000,,,,,NVIDIA A100-SXM4-40GB MIG 4g.20gb (0),1,,13,"void channel_eq::eqMmseCoefCompLowMimoKernel<float, float, float, (unsigned int)4, (unsigned int)1, (unsigned int)4>(const channel_eq::_puschRxChEqStatDescr *, channel_eq::_puschRxChEqCoefCompDynDescr)"
4226917000,7328,97410,273,1,1,12,11,1,51,0.002,0.000,,,,,NVIDIA A100-SXM4-40GB MIG 4g.20gb (0),1,,13,"void channel_eq::eqMmseSoftDemapKernel<float, __half, __half, float, (unsigned int)4, (unsigned short)16383>(channel_eq::_puschRxChEqStatDescr *, channel_eq::_puschRxChEqSoftDemapDynDescr)"
4226992231,621657,97411,1,1,1,32,32,1,30,0.000,0.000,,,,,NVIDIA A100-SXM4-40GB MIG 4g.20gb (0),1,,13,"void convert_kernel<float2, __half2>(tensor_layout_any, T1 *, tensor_layout_any, const T2 *)"
4227695679,14848,97423,2253,1,1,128,1,1,16,0.000,0.000,,,,,NVIDIA A100-SXM4-40GB MIG 4g.20gb (0),1,,13,cupy_copy__float16_float16
4227780158,15488,97432,282,1,1,128,1,1,16,0.000,0.000,,,,,NVIDIA A100-SXM4-40GB MIG 4g.20gb (0),1,,13,cupy_copy__complex64_complex64
4227892285,4096,97441,26,1,1,128,1,1,16,0.000,0.000,,,,,NVIDIA A100-SXM4-40GB MIG 4g.20gb (0),1,,13,cupy_copy__float32_float32
4227965532,14016,97450,103,1,1,128,1,1,16,0.000,0.000,,,,,NVIDIA A100-SXM4-40GB MIG 4g.20gb (0),1,,13,cupy_copy__complex64_complex64
4228038651,37536,97460,1434,1,1,128,1,1,16,0.000,0.000,,,,,NVIDIA A100-SXM4-40GB MIG 4g.20gb (0),1,,13,cupy_copy__complex64_complex64
4228191737,273405,97465,1,1,1,32,32,1,30,0.000,0.000,,,,,NVIDIA A100-SXM4-40GB MIG 4g.20gb (0),1,,13,"void convert_kernel<__half2, float2>(tensor_layout_any, T1 *, tensor_layout_any, const T2 *)"
4228499830,11648,97468,,,,,,,,,,0.094,8043.895,Pinned,Device,NVIDIA A100-SXM4-40GB MIG 4g.20gb (0),1,,13,[CUDA memcpy Host-to-Device]
4228636692,626649,97469,,,,,,,,,,456.561,728215.497,Device,,NVIDIA A100-SXM4-40GB MIG 4g.20gb (0),1,,13,[CUDA memset]
4229269229,71967,97474,,,,,,,,,,1.235,17159.547,Pinned,Device,NVIDIA A100-SXM4-40GB MIG 4g.20gb (0),1,,13,[CUDA memcpy Host-to-Device]
4229348012,16128,97475,,,,,,,,,,0.197,12190.286,Pinned,Device,NVIDIA A100-SXM4-40GB MIG 4g.20gb (0),1,,13,[CUDA memcpy Host-to-Device]
4229527402,46655,97476,69,4,1,48,1,1,76,0.002,0.000,,,,,NVIDIA A100-SXM4-40GB MIG 4g.20gb (0),1,,13,"void ch_est::windowedChEstPreNoDftSOfdmKernel<float, __half, float, (unsigned int)2, (unsigned int)1, (unsigned short)4>(ch_est::puschRxChEstStatDescr_t *, ch_est::puschRxChEstDynDescr_t *)"
4229719944,43103,97477,137,2,1,24,2,1,44,0.001,0.001,,,,,NVIDIA A100-SXM4-40GB MIG 4g.20gb (0),1,,13,"void ch_est::chEstFilterNoDftSOfdmDispatchKernel<float, __half, float, (unsigned int)2>(ch_est::puschRxChEstStatDescr_t *, ch_est::puschRxChEstDynDescr_t *)"
4229917925,41536,97478,137,2,1,24,2,1,44,0.001,0.001,,,,,NVIDIA A100-SXM4-40GB MIG 4g.20gb (0),1,,13,"void ch_est::chEstFilterNoDftSOfdmDispatchKernel<float, __half, float, (unsigned int)2>(ch_est::puschRxChEstStatDescr_t *, ch_est::puschRxChEstDynDescr_t *)"
4230112227,9472,97489,103,1,1,128,1,1,16,0.000,0.000,,,,,NVIDIA A100-SXM4-40GB MIG 4g.20gb (0),1,,13,cupy_copy__complex64_complex64
4230232610,20895,97499,1434,1,1,128,1,1,16,0.000,0.000,,,,,NVIDIA A100-SXM4-40GB MIG 4g.20gb (0),1,,13,cupy_copy__complex64_complex64
4230361952,4416,97506,103,1,1,128,1,1,16,0.000,0.000,,,,,NVIDIA A100-SXM4-40GB MIG 4g.20gb (0),1,,13,cupy_copy__complex64_complex64
4230488543,331644,97513,1,1,1,32,32,1,30,0.000,0.000,,,,,NVIDIA A100-SXM4-40GB MIG 4g.20gb (0),1,,13,"void convert_kernel<__half2, float2>(tensor_layout_any, T1 *, tensor_layout_any, const T2 *)"
4230851035,6239,97516,,,,,,,,,,0.094,15017.782,Pinned,Device,NVIDIA A100-SXM4-40GB MIG 4g.20gb (0),1,,13,[CUDA memcpy Host-to-Device]
4230969433,49440,97517,,,,,,,,,,35.810,724291.442,Device,,NVIDIA A100-SXM4-40GB MIG 4g.20gb (0),1,,13,[CUDA memset]
4231024441,2943,97519,,,,,,,,,,0.000,27.183,Pinned,Device,NVIDIA A100-SXM4-40GB MIG 4g.20gb (0),1,,13,[CUDA memcpy Host-to-Device]
4231030104,9632,97520,,,,,,,,,,0.197,20411.843,Pinned,Device,NVIDIA A100-SXM4-40GB MIG 4g.20gb (0),1,,13,[CUDA memcpy Host-to-Device]
4231088216,32767,97521,273,1,1,48,1,1,40,0.000,0.001,,,,,NVIDIA A100-SXM4-40GB MIG 4g.20gb (0),1,,13,"void pusch_noise_intf_est::noiseIntfEstNoDftSOfdmKernel<float, __half, float, float, (unsigned int)2, (unsigned int)1, (unsigned char)4, (unsigned char)4>(pusch_noise_intf_est::puschRxNoiseIntfEstDynDescr)"
4231123031,6048,97532,35,1,1,128,1,1,16,0.000,0.000,,,,,NVIDIA A100-SXM4-40GB MIG 4g.20gb (0),1,,13,cupy_copy__complex64_complex64
4231181079,7968,97541,1,1,1,1,1,1,18,0.000,0.000,,,,,NVIDIA A100-SXM4-40GB MIG 4g.20gb (0),1,,13,cupy_copy__float32_float32
4231196695,1631,97547,,,,,,,,,,0.000,2.452,Device,Pageable,NVIDIA A100-SXM4-40GB MIG 4g.20gb (0),1,,7,[CUDA memcpy Device-to-Host]
4231290837,19456,97558,1434,1,1,128,1,1,16,0.000,0.000,,,,,NVIDIA A100-SXM4-40GB MIG 4g.20gb (0),1,,13,cupy_copy__complex64_complex64
4231317621,10464,97565,103,1,1,128,1,1,16,0.000,0.000,,,,,NVIDIA A100-SXM4-40GB MIG 4g.20gb (0),1,,13,cupy_copy__complex64_complex64
4231376212,10656,97572,35,1,1,128,1,1,16,0.000,0.000,,,,,NVIDIA A100-SXM4-40GB MIG 4g.20gb (0),1,,13,cupy_copy__complex64_complex64
4231400628,5920,97579,1,1,1,1,1,1,18,0.000,0.000,,,,,NVIDIA A100-SXM4-40GB MIG 4g.20gb (0),1,,13,cupy_copy__float32_float32
4231596370,247293,97590,1,1,1,32,32,1,30,0.000,0.000,,,,,NVIDIA A100-SXM4-40GB MIG 4g.20gb (0),1,,13,"void convert_kernel<__half2, float2>(tensor_layout_any, T1 *, tensor_layout_any, const T2 *)"
4231882671,5344,97593,,,,,,,,,,0.094,17532.864,Pinned,Device,NVIDIA A100-SXM4-40GB MIG 4g.20gb (0),1,,13,[CUDA memcpy Host-to-Device]
4231937038,14528,97594,,,,,,,,,,1.547,106457.223,Device,,NVIDIA A100-SXM4-40GB MIG 4g.20gb (0),1,,13,[CUDA memset]
4231954030,3232,97599,,,,,,,,,,0.031,9683.139,Pinned,Device,NVIDIA A100-SXM4-40GB MIG 4g.20gb (0),1,,13,[CUDA memcpy Host-to-Device]
4231959662,10176,97600,,,,,,,,,,0.197,19320.668,Pinned,Device,NVIDIA A100-SXM4-40GB MIG 4g.20gb (0),1,,13,[CUDA memcpy Host-to-Device]
4232012557,31360,97601,273,1,1,8,4,1,39,0.002,0.000,,,,,NVIDIA A100-SXM4-40GB MIG 4g.20gb (0),1,,13,"void channel_eq::eqMmseCoefCompLowMimoKernel<float, float, float, (unsigned int)4, (unsigned int)1, (unsigned int)4>(const channel_eq::_puschRxChEqStatDescr *, channel_eq::_puschRxChEqCoefCompDynDescr)"
4232045325,27647,97602,273,1,1,12,11,1,51,0.002,0.000,,,,,NVIDIA A100-SXM4-40GB MIG 4g.20gb (0),1,,13,"void channel_eq::eqMmseSoftDemapKernel<float, __half, __half, float, (unsigned int)4, (unsigned short)16383>(channel_eq::_puschRxChEqStatDescr *, channel_eq::_puschRxChEqSoftDemapDynDescr)"
4232117740,557945,97603,1,1,1,32,32,1,30,0.000,0.000,,,,,NVIDIA A100-SXM4-40GB MIG 4g.20gb (0),1,,13,"void convert_kernel<float2, __half2>(tensor_layout_any, T1 *, tensor_layout_any, const T2 *)"
4232678021,12992,97615,2253,1,1,128,1,1,16,0.000,0.000,,,,,NVIDIA A100-SXM4-40GB MIG 4g.20gb (0),1,,13,cupy_copy__float16_float16
4232734277,14720,97624,282,1,1,128,1,1,16,0.000,0.000,,,,,NVIDIA A100-SXM4-40GB MIG 4g.20gb (0),1,,13,cupy_copy__complex64_complex64
4232758404,7424,97633,26,1,1,128,1,1,16,0.000,0.000,,,,,NVIDIA A100-SXM4-40GB MIG 4g.20gb (0),1,,13,cupy_copy__float32_float32
4232809732,14112,97642,103,1,1,128,1,1,16,0.000,0.000,,,,,NVIDIA A100-SXM4-40GB MIG 4g.20gb (0),1,,13,cupy_copy__complex64_complex64
4232851907,20096,97652,1434,1,1,128,1,1,16,0.000,0.000,,,,,NVIDIA A100-SXM4-40GB MIG 4g.20gb (0),1,,13,cupy_copy__complex64_complex64
4232963138,330876,97657,1,1,1,32,32,1,30,0.000,0.000,,,,,NVIDIA A100-SXM4-40GB MIG 4g.20gb (0),1,,13,"void convert_kernel<__half2, float2>(tensor_layout_any, T1 *, tensor_layout_any, const T2 *)"
4233327646,11488,97660,,,,,,,,,,0.094,8155.956,Pinned,Device,NVIDIA A100-SXM4-40GB MIG 4g.20gb (0),1,,13,[CUDA memcpy Host-to-Device]
4233373885,645657,97661,,,,,,,,,,456.561,706757.109,Device,,NVIDIA A100-SXM4-40GB MIG 4g.20gb (0),1,,13,[CUDA memset]
4234026166,82367,97666,,,,,,,,,,1.235,14992.220,Pinned,Device,NVIDIA A100-SXM4-40GB MIG 4g.20gb (0),1,,13,[CUDA memcpy Host-to-Device]
4234115669,12576,97667,,,,,,,,,,0.197,15633.482,Pinned,Device,NVIDIA A100-SXM4-40GB MIG 4g.20gb (0),1,,13,[CUDA memcpy Host-to-Device]
4234232979,21120,97668,69,4,1,48,1,1,76,0.002,0.000,,,,,NVIDIA A100-SXM4-40GB MIG 4g.20gb (0),1,,13,"void ch_est::windowedChEstPreNoDftSOfdmKernel<float, __half, float, (unsigned int)2, (unsigned int)1, (unsigned short)4>(ch_est::puschRxChEstStatDescr_t *, ch_est::puschRxChEstDynDescr_t *)"
4234351666,30144,97669,137,2,1,24,2,1,44,0.001,0.001,,,,,NVIDIA A100-SXM4-40GB MIG 4g.20gb (0),1,,13,"void ch_est::chEstFilterNoDftSOfdmDispatchKernel<float, __half, float, (unsigned int)2>(ch_est::puschRxChEstStatDescr_t *, ch_est::puschRxChEstDynDescr_t *)"
4234474929,17439,97670,137,2,1,24,2,1,44,0.001,0.001,,,,,NVIDIA A100-SXM4-40GB MIG 4g.20gb (0),1,,13,"void ch_est::chEstFilterNoDftSOfdmDispatchKernel<float, __half, float, (unsigned int)2>(ch_est::puschRxChEstStatDescr_t *, ch_est::puschRxChEstDynDescr_t *)"
4234598511,4480,97681,103,1,1,128,1,1,16,0.000,0.000,,,,,NVIDIA A100-SXM4-40GB MIG 4g.20gb (0),1,,13,cupy_copy__complex64_complex64
4234789421,20320,97691,1434,1,1,128,1,1,16,0.000,0.000,,,,,NVIDIA A100-SXM4-40GB MIG 4g.20gb (0),1,,13,cupy_copy__complex64_complex64
4234922220,4479,97698,103,1,1,128,1,1,16,0.000,0.000,,,,,NVIDIA A100-SXM4-40GB MIG 4g.20gb (0),1,,13,cupy_copy__complex64_complex64
4235113321,312029,97705,1,1,1,32,32,1,30,0.000,0.000,,,,,NVIDIA A100-SXM4-40GB MIG 4g.20gb (0),1,,13,"void convert_kernel<__half2, float2>(tensor_layout_any, T1 *, tensor_layout_any, const T2 *)"
4235456069,6400,97708,,,,,,,,,,0.094,14640.000,Pinned,Device,NVIDIA A100-SXM4-40GB MIG 4g.20gb (0),1,,13,[CUDA memcpy Host-to-Device]
4235478245,65791,97709,,,,,,,,,,35.810,544274.974,Device,,NVIDIA A100-SXM4-40GB MIG 4g.20gb (0),1,,13,[CUDA memset]
4235550340,1856,97711,,,,,,,,,,0.000,43.103,Pinned,Device,NVIDIA A100-SXM4-40GB MIG 4g.20gb (0),1,,13,[CUDA memcpy Host-to-Device]
4235554628,9632,97712,,,,,,,,,,0.197,20411.843,Pinned,Device,NVIDIA A100-SXM4-40GB MIG 4g.20gb (0),1,,13,[CUDA memcpy Host-to-Device]
4235613668,38751,97713,273,1,1,48,1,1,40,0.000,0.001,,,,,NVIDIA A100-SXM4-40GB MIG 4g.20gb (0),1,,13,"void pusch_noise_intf_est::noiseIntfEstNoDftSOfdmKernel<float, __half, float, float, (unsigned int)2, (unsigned int)1, (unsigned char)4, (unsigned char)4>(pusch_noise_intf_est::puschRxNoiseIntfEstDynDescr)"
4235700963,21567,97724,35,1,1,128,1,1,16,0.000,0.000,,,,,NVIDIA A100-SXM4-40GB MIG 4g.20gb (0),1,,13,cupy_copy__complex64_complex64
4235771970,4640,97733,1,1,1,1,1,1,18,0.000,0.000,,,,,NVIDIA A100-SXM4-40GB MIG 4g.20gb (0),1,,13,cupy_copy__float32_float32
4235780098,1568,97739,,,,,,,,,,0.000,2.551,Device,Pageable,NVIDIA A100-SXM4-40GB MIG 4g.20gb (0),1,,7,[CUDA memcpy Device-to-Host]
4235933952,20448,97750,1434,1,1,128,1,1,16,0.000,0.000,,,,,NVIDIA A100-SXM4-40GB MIG 4g.20gb (0),1,,13,cupy_copy__complex64_complex64
4235956352,3136,97757,103,1,1,128,1,1,16,0.000,0.000,,,,,NVIDIA A100-SXM4-40GB MIG 4g.20gb (0),1,,13,cupy_copy__complex64_complex64
4236009951,9632,97764,35,1,1,128,1,1,16,0.000,0.000,,,,,NVIDIA A100-SXM4-40GB MIG 4g.20gb (0),1,,13,cupy_copy__complex64_complex64
4236033183,4800,97771,1,1,1,1,1,1,18,0.000,0.000,,,,,NVIDIA A100-SXM4-40GB MIG 4g.20gb (0),1,,13,cupy_copy__float32_float32
4236152925,240254,97782,1,1,1,32,32,1,30,0.000,0.000,,,,,NVIDIA A100-SXM4-40GB MIG 4g.20gb (0),1,,13,"void convert_kernel<__half2, float2>(tensor_layout_any, T1 *, tensor_layout_any, const T2 *)"
4236423066,5344,97785,,,,,,,,,,0.094,17532.864,Pinned,Device,NVIDIA A100-SXM4-40GB MIG 4g.20gb (0),1,,13,[CUDA memcpy Host-to-Device]
4236454938,17568,97786,,,,,,,,,,1.547,88035.385,Device,,NVIDIA A100-SXM4-40GB MIG 4g.20gb (0),1,,13,[CUDA memset]
4236478426,3040,97791,,,,,,,,,,0.031,10294.725,Pinned,Device,NVIDIA A100-SXM4-40GB MIG 4g.20gb (0),1,,13,[CUDA memcpy Host-to-Device]
4236483897,9792,97792,,,,,,,,,,0.197,20078.395,Pinned,Device,NVIDIA A100-SXM4-40GB MIG 4g.20gb (0),1,,13,[CUDA memcpy Host-to-Device]
4236524409,29600,97793,273,1,1,8,4,1,39,0.002,0.000,,,,,NVIDIA A100-SXM4-40GB MIG 4g.20gb (0),1,,13,"void channel_eq::eqMmseCoefCompLowMimoKernel<float, float, float, (unsigned int)4, (unsigned int)1, (unsigned int)4>(const channel_eq::_puschRxChEqStatDescr *, channel_eq::_puschRxChEqCoefCompDynDescr)"
4236555673,28351,97794,273,1,1,12,11,1,51,0.002,0.000,,,,,NVIDIA A100-SXM4-40GB MIG 4g.20gb (0),1,,13,"void channel_eq::eqMmseSoftDemapKernel<float, __half, __half, float, (unsigned int)4, (unsigned short)16383>(channel_eq::_puschRxChEqStatDescr *, channel_eq::_puschRxChEqSoftDemapDynDescr)"
4236622040,563929,97795,1,1,1,32,32,1,30,0.000,0.000,,,,,NVIDIA A100-SXM4-40GB MIG 4g.20gb (0),1,,13,"void convert_kernel<float2, __half2>(tensor_layout_any, T1 *, tensor_layout_any, const T2 *)"
4237187409,12896,97807,2253,1,1,128,1,1,16,0.000,0.000,,,,,NVIDIA A100-SXM4-40GB MIG 4g.20gb (0),1,,13,cupy_copy__float16_float16
4237244945,14208,97816,282,1,1,128,1,1,16,0.000,0.000,,,,,NVIDIA A100-SXM4-40GB MIG 4g.20gb (0),1,,13,cupy_copy__complex64_complex64
4237263377,7167,97825,26,1,1,128,1,1,16,0.000,0.000,,,,,NVIDIA A100-SXM4-40GB MIG 4g.20gb (0),1,,13,cupy_copy__float32_float32
4237316208,13952,97834,103,1,1,128,1,1,16,0.000,0.000,,,,,NVIDIA A100-SXM4-40GB MIG 4g.20gb (0),1,,13,cupy_copy__complex64_complex64
4237346576,24063,97844,1434,1,1,128,1,1,16,0.000,0.000,,,,,NVIDIA A100-SXM4-40GB MIG 4g.20gb (0),1,,13,cupy_copy__complex64_complex64
4237427375,293948,97849,1,1,1,32,32,1,30,0.000,0.000,,,,,NVIDIA A100-SXM4-40GB MIG 4g.20gb (0),1,,13,"void convert_kernel<__half2, float2>(tensor_layout_any, T1 *, tensor_layout_any, const T2 *)"
4237750731,5696,97852,,,,,,,,,,0.094,16449.363,Pinned,Device,NVIDIA A100-SXM4-40GB MIG 4g.20gb (0),1,,13,[CUDA memcpy Host-to-Device]
4237776139,631768,97853,,,,,,,,,,456.561,722280.198,Device,,NVIDIA A100-SXM4-40GB MIG 4g.20gb (0),1,,13,[CUDA memset]
4238421987,57631,97858,,,,,,,,,,1.235,21427.513,Pinned,Device,NVIDIA A100-SXM4-40GB MIG 4g.20gb (0),1,,13,[CUDA memcpy Host-to-Device]
4238482018,9952,97859,,,,,,,,,,0.197,19755.565,Pinned,Device,NVIDIA A100-SXM4-40GB MIG 4g.20gb (0),1,,13,[CUDA memcpy Host-to-Device]
4238534434,32895,97860,69,4,1,48,1,1,76,0.002,0.000,,,,,NVIDIA A100-SXM4-40GB MIG 4g.20gb (0),1,,13,"void ch_est::windowedChEstPreNoDftSOfdmKernel<float, __half, float, (unsigned int)2, (unsigned int)1, (unsigned short)4>(ch_est::puschRxChEstStatDescr_t *, ch_est::puschRxChEstDynDescr_t *)"
4238652960,12000,97861,137,2,1,24,2,1,44,0.001,0.001,,,,,NVIDIA A100-SXM4-40GB MIG 4g.20gb (0),1,,13,"void ch_est::chEstFilterNoDftSOfdmDispatchKernel<float, __half, float, (unsigned int)2>(ch_est::puschRxChEstStatDescr_t *, ch_est::puschRxChEstDynDescr_t *)"
4238791327,16704,97862,137,2,1,24,2,1,44,0.001,0.001,,,,,NVIDIA A100-SXM4-40GB MIG 4g.20gb (0),1,,13,"void ch_est::chEstFilterNoDftSOfdmDispatchKernel<float, __half, float, (unsigned int)2>(ch_est::puschRxChEstStatDescr_t *, ch_est::puschRxChEstDynDescr_t *)"
4238927965,7360,97873,103,1,1,128,1,1,16,0.000,0.000,,,,,NVIDIA A100-SXM4-40GB MIG 4g.20gb (0),1,,13,cupy_copy__complex64_complex64
4239007644,20640,97883,1434,1,1,128,1,1,16,0.000,0.000,,,,,NVIDIA A100-SXM4-40GB MIG 4g.20gb (0),1,,13,cupy_copy__complex64_complex64
4239081500,37375,97890,103,1,1,128,1,1,16,0.000,0.000,,,,,NVIDIA A100-SXM4-40GB MIG 4g.20gb (0),1,,13,cupy_copy__complex64_complex64
4239175962,325949,97897,1,1,1,32,32,1,30,0.000,0.000,,,,,NVIDIA A100-SXM4-40GB MIG 4g.20gb (0),1,,13,"void convert_kernel<__half2, float2>(tensor_layout_any, T1 *, tensor_layout_any, const T2 *)"
4239539478,24896,97900,,,,,,,,,,0.094,3763.487,Pinned,Device,NVIDIA A100-SXM4-40GB MIG 4g.20gb (0),1,,13,[CUDA memcpy Host-to-Device]
4239671413,59999,97901,,,,,,,,,,35.810,596808.127,Device,,NVIDIA A100-SXM4-40GB MIG 4g.20gb (0),1,,13,[CUDA memset]
4239740724,3264,97903,,,,,,,,,,0.000,24.510,Pinned,Device,NVIDIA A100-SXM4-40GB MIG 4g.20gb (0),1,,13,[CUDA memcpy Host-to-Device]
4239747124,9984,97904,,,,,,,,,,0.197,19692.257,Pinned,Device,NVIDIA A100-SXM4-40GB MIG 4g.20gb (0),1,,13,[CUDA memcpy Host-to-Device]
4239908018,24800,97905,273,1,1,48,1,1,40,0.000,0.001,,,,,NVIDIA A100-SXM4-40GB MIG 4g.20gb (0),1,,13,"void pusch_noise_intf_est::noiseIntfEstNoDftSOfdmKernel<float, __half, float, float, (unsigned int)2, (unsigned int)1, (unsigned char)4, (unsigned char)4>(pusch_noise_intf_est::puschRxNoiseIntfEstDynDescr)"
4239981041,18432,97916,35,1,1,128,1,1,16,0.000,0.000,,,,,NVIDIA A100-SXM4-40GB MIG 4g.20gb (0),1,,13,cupy_copy__complex64_complex64
4240169647,3872,97925,1,1,1,1,1,1,18,0.000,0.000,,,,,NVIDIA A100-SXM4-40GB MIG 4g.20gb (0),1,,13,cupy_copy__float32_float32
4240180847,2400,97931,,,,,,,,,,0.000,1.667,Device,Pageable,NVIDIA A100-SXM4-40GB MIG 4g.20gb (0),1,,7,[CUDA memcpy Device-to-Host]
4240309709,34848,97942,1434,1,1,128,1,1,16,0.000,0.000,,,,,NVIDIA A100-SXM4-40GB MIG 4g.20gb (0),1,,13,cupy_copy__complex64_complex64
4240447820,4512,97949,103,1,1,128,1,1,16,0.000,0.000,,,,,NVIDIA A100-SXM4-40GB MIG 4g.20gb (0),1,,13,cupy_copy__complex64_complex64
4240525387,10976,97956,35,1,1,128,1,1,16,0.000,0.000,,,,,NVIDIA A100-SXM4-40GB MIG 4g.20gb (0),1,,13,cupy_copy__complex64_complex64
4240589770,10848,97963,1,1,1,1,1,1,18,0.000,0.000,,,,,NVIDIA A100-SXM4-40GB MIG 4g.20gb (0),1,,13,cupy_copy__float32_float32
4240711817,316860,97974,1,1,1,32,32,1,30,0.000,0.000,,,,,NVIDIA A100-SXM4-40GB MIG 4g.20gb (0),1,,13,"void convert_kernel<__half2, float2>(tensor_layout_any, T1 *, tensor_layout_any, const T2 *)"
4241061349,8672,97977,,,,,,,,,,0.094,10804.367,Pinned,Device,NVIDIA A100-SXM4-40GB MIG 4g.20gb (0),1,,13,[CUDA memcpy Host-to-Device]
4241175875,12096,97978,,,,,,,,,,1.547,127860.953,Device,,NVIDIA A100-SXM4-40GB MIG 4g.20gb (0),1,,13,[CUDA memset]
4241193827,7392,97983,,,,,,,,,,0.031,4233.754,Pinned,Device,NVIDIA A100-SXM4-40GB MIG 4g.20gb (0),1,,13,[CUDA memcpy Host-to-Device]
4241209699,16960,97984,,,,,,,,,,0.197,11592.401,Pinned,Device,NVIDIA A100-SXM4-40GB MIG 4g.20gb (0),1,,13,[CUDA memcpy Host-to-Device]
4241309762,23840,97985,273,1,1,8,4,1,39,0.002,0.000,,,,,NVIDIA A100-SXM4-40GB MIG 4g.20gb (0),1,,13,"void channel_eq::eqMmseCoefCompLowMimoKernel<float, float, float, (unsigned int)4, (unsigned int)1, (unsigned int)4>(const channel_eq::_puschRxChEqStatDescr *, channel_eq::_puschRxChEqCoefCompDynDescr)"
4241444448,29600,97986,273,1,1,12,11,1,51,0.002,0.000,,,,,NVIDIA A100-SXM4-40GB MIG 4g.20gb (0),1,,13,"void channel_eq::eqMmseSoftDemapKernel<float, __half, __half, float, (unsigned int)4, (unsigned short)16383>(channel_eq::_puschRxChEqStatDescr *, channel_eq::_puschRxChEqSoftDemapDynDescr)"
4241476416,638553,97987,1,1,1,32,32,1,30,0.000,0.000,,,,,NVIDIA A100-SXM4-40GB MIG 4g.20gb (0),1,,13,"void convert_kernel<float2, __half2>(tensor_layout_any, T1 *, tensor_layout_any, const T2 *)"
4242123352,20448,97999,2253,1,1,128,1,1,16,0.000,0.000,,,,,NVIDIA A100-SXM4-40GB MIG 4g.20gb (0),1,,13,cupy_copy__float16_float16
4242184760,13920,98008,282,1,1,128,1,1,16,0.000,0.000,,,,,NVIDIA A100-SXM4-40GB MIG 4g.20gb (0),1,,13,cupy_copy__complex64_complex64
4242204023,8928,98017,26,1,1,128,1,1,16,0.000,0.000,,,,,NVIDIA A100-SXM4-40GB MIG 4g.20gb (0),1,,13,cupy_copy__float32_float32
4242258359,15776,98026,103,1,1,128,1,1,16,0.000,0.000,,,,,NVIDIA A100-SXM4-40GB MIG 4g.20gb (0),1,,13,cupy_copy__complex64_complex64
4242305846,22912,98036,1434,1,1,128,1,1,16,0.000,0.000,,,,,NVIDIA A100-SXM4-40GB MIG 4g.20gb (0),1,,13,cupy_copy__complex64_complex64
4242378773,272285,98041,1,1,1,32,32,1,30,0.000,0.000,,,,,NVIDIA A100-SXM4-40GB MIG 4g.20gb (0),1,,13,"void convert_kernel<__half2, float2>(tensor_layout_any, T1 *, tensor_layout_any, const T2 *)"
4242690034,5728,98044,,,,,,,,,,0.094,16357.541,Pinned,Device,NVIDIA A100-SXM4-40GB MIG 4g.20gb (0),1,,13,[CUDA memcpy Host-to-Device]
4242708210,631352,98045,,,,,,,,,,456.561,722736.760,Device,,NVIDIA A100-SXM4-40GB MIG 4g.20gb (0),1,,13,[CUDA memset]
4243343658,52288,98050,,,,,,,,,,1.235,23617.069,Pinned,Device,NVIDIA A100-SXM4-40GB MIG 4g.20gb (0),1,,13,[CUDA memcpy Host-to-Device]
4243398506,10368,98051,,,,,,,,,,0.197,18962.842,Pinned,Device,NVIDIA A100-SXM4-40GB MIG 4g.20gb (0),1,,13,[CUDA memcpy Host-to-Device]
4243491305,17215,98052,69,4,1,48,1,1,76,0.002,0.000,,,,,NVIDIA A100-SXM4-40GB MIG 4g.20gb (0),1,,13,"void ch_est::windowedChEstPreNoDftSOfdmKernel<float, __half, float, (unsigned int)2, (unsigned int)1, (unsigned short)4>(ch_est::puschRxChEstStatDescr_t *, ch_est::puschRxChEstDynDescr_t *)"
4243578728,36895,98053,137,2,1,24,2,1,44,0.001,0.001,,,,,NVIDIA A100-SXM4-40GB MIG 4g.20gb (0),1,,13,"void ch_est::chEstFilterNoDftSOfdmDispatchKernel<float, __half, float, (unsigned int)2>(ch_est::puschRxChEstStatDescr_t *, ch_est::puschRxChEstDynDescr_t *)"
4243738118,22048,98054,137,2,1,24,2,1,44,0.001,0.001,,,,,NVIDIA A100-SXM4-40GB MIG 4g.20gb (0),1,,13,"void ch_est::chEstFilterNoDftSOfdmDispatchKernel<float, __half, float, (unsigned int)2>(ch_est::puschRxChEstStatDescr_t *, ch_est::puschRxChEstDynDescr_t *)"
4243801925,10240,98065,103,1,1,128,1,1,16,0.000,0.000,,,,,NVIDIA A100-SXM4-40GB MIG 4g.20gb (0),1,,13,cupy_copy__complex64_complex64
4243824005,20992,98075,1434,1,1,128,1,1,16,0.000,0.000,,,,,NVIDIA A100-SXM4-40GB MIG 4g.20gb (0),1,,13,cupy_copy__complex64_complex64
4243969891,12704,98082,103,1,1,128,1,1,16,0.000,0.000,,,,,NVIDIA A100-SXM4-40GB MIG 4g.20gb (0),1,,13,cupy_copy__complex64_complex64
4244002467,288924,98089,1,1,1,32,32,1,30,0.000,0.000,,,,,NVIDIA A100-SXM4-40GB MIG 4g.20gb (0),1,,13,"void convert_kernel<__half2, float2>(tensor_layout_any, T1 *, tensor_layout_any, const T2 *)"
4244328063,6144,98092,,,,,,,,,,0.094,15249.961,Pinned,Device,NVIDIA A100-SXM4-40GB MIG 4g.20gb (0),1,,13,[CUDA memcpy Host-to-Device]
4244416606,60319,98093,,,,,,,,,,35.810,593656.854,Device,,NVIDIA A100-SXM4-40GB MIG 4g.20gb (0),1,,13,[CUDA memset]
4244485117,5888,98095,,,,,,,,,,0.000,13.587,Pinned,Device,NVIDIA A100-SXM4-40GB MIG 4g.20gb (0),1,,13,[CUDA memcpy Host-to-Device]
4244497757,9824,98096,,,,,,,,,,0.197,20012.925,Pinned,Device,NVIDIA A100-SXM4-40GB MIG 4g.20gb (0),1,,13,[CUDA memcpy Host-to-Device]
4244667483,22176,98097,273,1,1,48,1,1,40,0.000,0.001,,,,,NVIDIA A100-SXM4-40GB MIG 4g.20gb (0),1,,13,"void pusch_noise_intf_est::noiseIntfEstNoDftSOfdmKernel<float, __half, float, float, (unsigned int)2, (unsigned int)1, (unsigned char)4, (unsigned char)4>(pusch_noise_intf_est::puschRxNoiseIntfEstDynDescr)"
4244830297,12832,98108,35,1,1,128,1,1,16,0.000,0.000,,,,,NVIDIA A100-SXM4-40GB MIG 4g.20gb (0),1,,13,cupy_copy__complex64_complex64
4244921240,6304,98117,1,1,1,1,1,1,18,0.000,0.000,,,,,NVIDIA A100-SXM4-40GB MIG 4g.20gb (0),1,,13,cupy_copy__float32_float32
4244932024,1696,98123,,,,,,,,,,0.000,2.358,Device,Pageable,NVIDIA A100-SXM4-40GB MIG 4g.20gb (0),1,,7,[CUDA memcpy Device-to-Host]
4245148406,20351,98134,1434,1,1,128,1,1,16,0.000,0.000,,,,,NVIDIA A100-SXM4-40GB MIG 4g.20gb (0),1,,13,cupy_copy__complex64_complex64
4245247188,20864,98141,103,1,1,128,1,1,16,0.000,0.000,,,,,NVIDIA A100-SXM4-40GB MIG 4g.20gb (0),1,,13,cupy_copy__complex64_complex64
4245389779,7328,98148,35,1,1,128,1,1,16,0.000,0.000,,,,,NVIDIA A100-SXM4-40GB MIG 4g.20gb (0),1,,13,cupy_copy__complex64_complex64
4245476466,7456,98155,1,1,1,1,1,1,18,0.000,0.000,,,,,NVIDIA A100-SXM4-40GB MIG 4g.20gb (0),1,,13,cupy_copy__float32_float32
4245568337,254781,98166,1,1,1,32,32,1,30,0.000,0.000,,,,,NVIDIA A100-SXM4-40GB MIG 4g.20gb (0),1,,13,"void convert_kernel<__half2, float2>(tensor_layout_any, T1 *, tensor_layout_any, const T2 *)"
4245859245,5376,98169,,,,,,,,,,0.094,17428.487,Pinned,Device,NVIDIA A100-SXM4-40GB MIG 4g.20gb (0),1,,13,[CUDA memcpy Host-to-Device]
4245886285,12096,98170,,,,,,,,,,1.547,127860.953,Device,,NVIDIA A100-SXM4-40GB MIG 4g.20gb (0),1,,13,[CUDA memset]
4245903917,5760,98175,,,,,,,,,,0.031,5433.330,Pinned,Device,NVIDIA A100-SXM4-40GB MIG 4g.20gb (0),1,,13,[CUDA memcpy Host-to-Device]
4245927597,9791,98176,,,,,,,,,,0.197,20080.361,Pinned,Device,NVIDIA A100-SXM4-40GB MIG 4g.20gb (0),1,,13,[CUDA memcpy Host-to-Device]
4245959468,42432,98177,273,1,1,8,4,1,39,0.002,0.000,,,,,NVIDIA A100-SXM4-40GB MIG 4g.20gb (0),1,,13,"void channel_eq::eqMmseCoefCompLowMimoKernel<float, float, float, (unsigned int)4, (unsigned int)1, (unsigned int)4>(const channel_eq::_puschRxChEqStatDescr *, channel_eq::_puschRxChEqCoefCompDynDescr)"
4246052619,42656,98178,273,1,1,12,11,1,51,0.002,0.000,,,,,NVIDIA A100-SXM4-40GB MIG 4g.20gb (0),1,,13,"void channel_eq::eqMmseSoftDemapKernel<float, __half, __half, float, (unsigned int)4, (unsigned short)16383>(channel_eq::_puschRxChEqStatDescr *, channel_eq::_puschRxChEqSoftDemapDynDescr)"
4246131626,1072436,98179,1,1,1,32,32,1,30,0.000,0.000,,,,,NVIDIA A100-SXM4-40GB MIG 4g.20gb (0),1,,13,"void convert_kernel<float2, __half2>(tensor_layout_any, T1 *, tensor_layout_any, const T2 *)"
4247289533,20384,98191,2253,1,1,128,1,1,16,0.000,0.000,,,,,NVIDIA A100-SXM4-40GB MIG 4g.20gb (0),1,,13,cupy_copy__float16_float16
4247352476,13760,98200,282,1,1,128,1,1,16,0.000,0.000,,,,,NVIDIA A100-SXM4-40GB MIG 4g.20gb (0),1,,13,cupy_copy__complex64_complex64
4247370876,7680,98209,26,1,1,128,1,1,16,0.000,0.000,,,,,NVIDIA A100-SXM4-40GB MIG 4g.20gb (0),1,,13,cupy_copy__float32_float32
4247424251,13088,98218,103,1,1,128,1,1,16,0.000,0.000,,,,,NVIDIA A100-SXM4-40GB MIG 4g.20gb (0),1,,13,cupy_copy__complex64_complex64
4247581977,21408,98234,1434,1,1,128,1,1,16,0.000,0.000,,,,,NVIDIA A100-SXM4-40GB MIG 4g.20gb (0),1,,13,cupy_copy__complex64_complex64
4247671960,261181,98239,1,1,1,32,32,1,30,0.000,0.000,,,,,NVIDIA A100-SXM4-40GB MIG 4g.20gb (0),1,,13,"void convert_kernel<__half2, float2>(tensor_layout_any, T1 *, tensor_layout_any, const T2 *)"
4247963893,5376,98242,,,,,,,,,,0.094,17428.487,Pinned,Device,NVIDIA A100-SXM4-40GB MIG 4g.20gb (0),1,,13,[CUDA memcpy Host-to-Device]
4247986485,636376,98243,,,,,,,,,,456.561,717258.022,Device,,NVIDIA A100-SXM4-40GB MIG 4g.20gb (0),1,,13,[CUDA memset]
4248628653,50720,98248,,,,,,,,,,1.235,24348.156,Pinned,Device,NVIDIA A100-SXM4-40GB MIG 4g.20gb (0),1,,13,[CUDA memcpy Host-to-Device]
4248681869,10144,98249,,,,,,,,,,0.197,19381.617,Pinned,Device,NVIDIA A100-SXM4-40GB MIG 4g.20gb (0),1,,13,[CUDA memcpy Host-to-Device]
4248745836,29632,98250,69,4,1,48,1,1,76,0.002,0.000,,,,,NVIDIA A100-SXM4-40GB MIG 4g.20gb (0),1,,13,"void ch_est::windowedChEstPreNoDftSOfdmKernel<float, __half, float, (unsigned int)2, (unsigned int)1, (unsigned short)4>(ch_est::puschRxChEstStatDescr_t *, ch_est::puschRxChEstDynDescr_t *)"
4248777612,26879,98251,137,2,1,24,2,1,44,0.001,0.001,,,,,NVIDIA A100-SXM4-40GB MIG 4g.20gb (0),1,,13,"void ch_est::chEstFilterNoDftSOfdmDispatchKernel<float, __half, float, (unsigned int)2>(ch_est::puschRxChEstStatDescr_t *, ch_est::puschRxChEstDynDescr_t *)"
4248833547,25920,98252,137,2,1,24,2,1,44,0.001,0.001,,,,,NVIDIA A100-SXM4-40GB MIG 4g.20gb (0),1,,13,"void ch_est::chEstFilterNoDftSOfdmDispatchKernel<float, __half, float, (unsigned int)2>(ch_est::puschRxChEstStatDescr_t *, ch_est::puschRxChEstDynDescr_t *)"
4248862251,6720,98263,103,1,1,128,1,1,16,0.000,0.000,,,,,NVIDIA A100-SXM4-40GB MIG 4g.20gb (0),1,,13,cupy_copy__complex64_complex64
4248916874,17440,98273,1434,1,1,128,1,1,16,0.000,0.000,,,,,NVIDIA A100-SXM4-40GB MIG 4g.20gb (0),1,,13,cupy_copy__complex64_complex64
4248942314,9344,98280,103,1,1,128,1,1,16,0.000,0.000,,,,,NVIDIA A100-SXM4-40GB MIG 4g.20gb (0),1,,13,cupy_copy__complex64_complex64
4249011081,298972,98287,1,1,1,32,32,1,30,0.000,0.000,,,,,NVIDIA A100-SXM4-40GB MIG 4g.20gb (0),1,,13,"void convert_kernel<__half2, float2>(tensor_layout_any, T1 *, tensor_layout_any, const T2 *)"
4249339813,5472,98290,,,,,,,,,,0.094,17122.757,Pinned,Device,NVIDIA A100-SXM4-40GB MIG 4g.20gb (0),1,,13,[CUDA memcpy Host-to-Device]
4249393733,53663,98291,,,,,,,,,,35.810,667282.049,Device,,NVIDIA A100-SXM4-40GB MIG 4g.20gb (0),1,,13,[CUDA memset]
4249450884,3456,98293,,,,,,,,,,0.000,23.148,Pinned,Device,NVIDIA A100-SXM4-40GB MIG 4g.20gb (0),1,,13,[CUDA memcpy Host-to-Device]
4249457636,10880,98294,,,,,,,,,,0.197,18070.438,Pinned,Device,NVIDIA A100-SXM4-40GB MIG 4g.20gb (0),1,,13,[CUDA memcpy Host-to-Device]
4249519907,37280,98295,273,1,1,48,1,1,40,0.000,0.001,,,,,NVIDIA A100-SXM4-40GB MIG 4g.20gb (0),1,,13,"void pusch_noise_intf_est::noiseIntfEstNoDftSOfdmKernel<float, __half, float, float, (unsigned int)2, (unsigned int)1, (unsigned char)4, (unsigned char)4>(pusch_noise_intf_est::puschRxNoiseIntfEstDynDescr)"
4249642530,24095,98306,35,1,1,128,1,1,16,0.000,0.000,,,,,NVIDIA A100-SXM4-40GB MIG 4g.20gb (0),1,,13,cupy_copy__complex64_complex64
4249755328,4448,98315,1,1,1,1,1,1,18,0.000,0.000,,,,,NVIDIA A100-SXM4-40GB MIG 4g.20gb (0),1,,13,cupy_copy__float32_float32
4249761344,1984,98321,,,,,,,,,,0.000,2.016,Device,Pageable,NVIDIA A100-SXM4-40GB MIG 4g.20gb (0),1,,7,[CUDA memcpy Device-to-Host]
4249970462,24640,98332,1434,1,1,128,1,1,16,0.000,0.000,,,,,NVIDIA A100-SXM4-40GB MIG 4g.20gb (0),1,,13,cupy_copy__complex64_complex64
4250188347,9536,98339,103,1,1,128,1,1,16,0.000,0.000,,,,,NVIDIA A100-SXM4-40GB MIG 4g.20gb (0),1,,13,cupy_copy__complex64_complex64
4250389369,8992,98346,35,1,1,128,1,1,16,0.000,0.000,,,,,NVIDIA A100-SXM4-40GB MIG 4g.20gb (0),1,,13,cupy_copy__complex64_complex64
4250474456,7392,98353,1,1,1,1,1,1,18,0.000,0.000,,,,,NVIDIA A100-SXM4-40GB MIG 4g.20gb (0),1,,13,cupy_copy__float32_float32
4250535447,320637,98364,1,1,1,32,32,1,30,0.000,0.000,,,,,NVIDIA A100-SXM4-40GB MIG 4g.20gb (0),1,,13,"void convert_kernel<__half2, float2>(tensor_layout_any, T1 *, tensor_layout_any, const T2 *)"
4250931795,32095,98367,,,,,,,,,,0.094,2919.286,Pinned,Device,NVIDIA A100-SXM4-40GB MIG 4g.20gb (0),1,,13,[CUDA memcpy Host-to-Device]
4251158800,5536,98368,,,,,,,,,,1.547,279374.426,Device,,NVIDIA A100-SXM4-40GB MIG 4g.20gb (0),1,,13,[CUDA memset]
4251169776,3872,98373,,,,,,,,,,0.031,8082.630,Pinned,Device,NVIDIA A100-SXM4-40GB MIG 4g.20gb (0),1,,13,[CUDA memcpy Host-to-Device]
4251183792,10560,98374,,,,,,,,,,0.197,18617.991,Pinned,Device,NVIDIA A100-SXM4-40GB MIG 4g.20gb (0),1,,13,[CUDA memcpy Host-to-Device]
4251314286,27104,98375,273,1,1,8,4,1,39,0.002,0.000,,,,,NVIDIA A100-SXM4-40GB MIG 4g.20gb (0),1,,13,"void channel_eq::eqMmseCoefCompLowMimoKernel<float, float, float, (unsigned int)4, (unsigned int)1, (unsigned int)4>(const channel_eq::_puschRxChEqStatDescr *, channel_eq::_puschRxChEqCoefCompDynDescr)"
4251469581,17887,98376,273,1,1,12,11,1,51,0.002,0.000,,,,,NVIDIA A100-SXM4-40GB MIG 4g.20gb (0),1,,13,"void channel_eq::eqMmseSoftDemapKernel<float, __half, __half, float, (unsigned int)4, (unsigned short)16383>(channel_eq::_puschRxChEqStatDescr *, channel_eq::_puschRxChEqSoftDemapDynDescr)"
4251559628,693784,98377,1,1,1,32,32,1,30,0.000,0.000,,,,,NVIDIA A100-SXM4-40GB MIG 4g.20gb (0),1,,13,"void convert_kernel<float2, __half2>(tensor_layout_any, T1 *, tensor_layout_any, const T2 *)"
4252364738,14112,98389,2253,1,1,128,1,1,16,0.000,0.000,,,,,NVIDIA A100-SXM4-40GB MIG 4g.20gb (0),1,,13,cupy_copy__float16_float16
4252445697,11904,98398,282,1,1,128,1,1,16,0.000,0.000,,,,,NVIDIA A100-SXM4-40GB MIG 4g.20gb (0),1,,13,cupy_copy__complex64_complex64
4252498849,10688,98407,26,1,1,128,1,1,16,0.000,0.000,,,,,NVIDIA A100-SXM4-40GB MIG 4g.20gb (0),1,,13,cupy_copy__float32_float32
4252519072,22560,98416,103,1,1,128,1,1,16,0.000,0.000,,,,,NVIDIA A100-SXM4-40GB MIG 4g.20gb (0),1,,13,cupy_copy__complex64_complex64
4252613215,23008,98426,1434,1,1,128,1,1,16,0.000,0.000,,,,,NVIDIA A100-SXM4-40GB MIG 4g.20gb (0),1,,13,cupy_copy__complex64_complex64
4252645311,272189,98431,1,1,1,32,32,1,30,0.000,0.000,,,,,NVIDIA A100-SXM4-40GB MIG 4g.20gb (0),1,,13,"void convert_kernel<__half2, float2>(tensor_layout_any, T1 *, tensor_layout_any, const T2 *)"
4252949275,5760,98434,,,,,,,,,,0.094,16266.656,Pinned,Device,NVIDIA A100-SXM4-40GB MIG 4g.20gb (0),1,,13,[CUDA memcpy Host-to-Device]
4252961179,629913,98435,,,,,,,,,,456.561,724563.005,Device,,NVIDIA A100-SXM4-40GB MIG 4g.20gb (0),1,,13,[CUDA memset]
4253597492,51871,98440,,,,,,,,,,1.235,23807.250,Pinned,Device,NVIDIA A100-SXM4-40GB MIG 4g.20gb (0),1,,13,[CUDA memcpy Host-to-Device]
4253652371,10048,98441,,,,,,,,,,0.197,19566.821,Pinned,Device,NVIDIA A100-SXM4-40GB MIG 4g.20gb (0),1,,13,[CUDA memcpy Host-to-Device]
4253666227,27008,98442,69,4,1,48,1,1,76,0.002,0.000,,,,,NVIDIA A100-SXM4-40GB MIG 4g.20gb (0),1,,13,"void ch_est::windowedChEstPreNoDftSOfdmKernel<float, __half, float, (unsigned int)2, (unsigned int)1, (unsigned short)4>(ch_est::puschRxChEstStatDescr_t *, ch_est::puschRxChEstDynDescr_t *)"
4253741266,36384,98443,137,2,1,24,2,1,44,0.001,0.001,,,,,NVIDIA A100-SXM4-40GB MIG 4g.20gb (0),1,,13,"void ch_est::chEstFilterNoDftSOfdmDispatchKernel<float, __half, float, (unsigned int)2>(ch_est::puschRxChEstStatDescr_t *, ch_est::puschRxChEstDynDescr_t *)"
4253810514,26303,98444,137,2,1,24,2,1,44,0.001,0.001,,,,,NVIDIA A100-SXM4-40GB MIG 4g.20gb (0),1,,13,"void ch_est::chEstFilterNoDftSOfdmDispatchKernel<float, __half, float, (unsigned int)2>(ch_est::puschRxChEstStatDescr_t *, ch_est::puschRxChEstDynDescr_t *)"
4253838609,11296,98455,103,1,1,128,1,1,16,0.000,0.000,,,,,NVIDIA A100-SXM4-40GB MIG 4g.20gb (0),1,,13,cupy_copy__complex64_complex64
4253896785,19903,98465,1434,1,1,128,1,1,16,0.000,0.000,,,,,NVIDIA A100-SXM4-40GB MIG 4g.20gb (0),1,,13,cupy_copy__complex64_complex64
4253924016,10528,98472,103,1,1,128,1,1,16,0.000,0.000,,,,,NVIDIA A100-SXM4-40GB MIG 4g.20gb (0),1,,13,cupy_copy__complex64_complex64
4253990831,261341,98479,1,1,1,32,32,1,30,0.000,0.000,,,,,NVIDIA A100-SXM4-40GB MIG 4g.20gb (0),1,,13,"void convert_kernel<__half2, float2>(tensor_layout_any, T1 *, tensor_layout_any, const T2 *)"
4254281740,5472,98482,,,,,,,,,,0.094,17122.757,Pinned,Device,NVIDIA A100-SXM4-40GB MIG 4g.20gb (0),1,,13,[CUDA memcpy Host-to-Device]
4254328588,62655,98483,,,,,,,,,,35.810,571526.323,Device,,NVIDIA A100-SXM4-40GB MIG 4g.20gb (0),1,,13,[CUDA memset]
4254392651,1856,98485,,,,,,,,,,0.000,43.103,Pinned,Device,NVIDIA A100-SXM4-40GB MIG 4g.20gb (0),1,,13,[CUDA memcpy Host-to-Device]
4254398283,9856,98486,,,,,,,,,,0.197,19948.044,Pinned,Device,NVIDIA A100-SXM4-40GB MIG 4g.20gb (0),1,,13,[CUDA memcpy Host-to-Device]
4254464426,40096,98487,273,1,1,48,1,1,40,0.000,0.001,,,,,NVIDIA A100-SXM4-40GB MIG 4g.20gb (0),1,,13,"void pusch_noise_intf_est::noiseIntfEstNoDftSOfdmKernel<float, __half, float, float, (unsigned int)2, (unsigned int)1, (unsigned char)4, (unsigned char)4>(pusch_noise_intf_est::puschRxNoiseIntfEstDynDescr)"
4254550761,16032,98498,35,1,1,128,1,1,16,0.000,0.000,,,,,NVIDIA A100-SXM4-40GB MIG 4g.20gb (0),1,,13,cupy_copy__complex64_complex64
4254610856,4768,98507,1,1,1,1,1,1,18,0.000,0.000,,,,,NVIDIA A100-SXM4-40GB MIG 4g.20gb (0),1,,13,cupy_copy__float32_float32
4254621032,1664,98513,,,,,,,,,,0.000,2.404,Device,Pageable,NVIDIA A100-SXM4-40GB MIG 4g.20gb (0),1,,7,[CUDA memcpy Device-to-Host]
4254707687,18304,98524,1434,1,1,128,1,1,16,0.000,0.000,,,,,NVIDIA A100-SXM4-40GB MIG 4g.20gb (0),1,,13,cupy_copy__complex64_complex64
4254803526,20608,98531,103,1,1,128,1,1,16,0.000,0.000,,,,,NVIDIA A100-SXM4-40GB MIG 4g.20gb (0),1,,13,cupy_copy__complex64_complex64
4254871365,9920,98538,35,1,1,128,1,1,16,0.000,0.000,,,,,NVIDIA A100-SXM4-40GB MIG 4g.20gb (0),1,,13,cupy_copy__complex64_complex64
4254972868,4032,98545,1,1,1,1,1,1,18,0.000,0.000,,,,,NVIDIA A100-SXM4-40GB MIG 4g.20gb (0),1,,13,cupy_copy__float32_float32
4255058211,288381,98556,1,1,1,32,32,1,30,0.000,0.000,,,,,NVIDIA A100-SXM4-40GB MIG 4g.20gb (0),1,,13,"void convert_kernel<__half2, float2>(tensor_layout_any, T1 *, tensor_layout_any, const T2 *)"
4255377695,12000,98559,,,,,,,,,,0.094,7807.969,Pinned,Device,NVIDIA A100-SXM4-40GB MIG 4g.20gb (0),1,,13,[CUDA memcpy Host-to-Device]
4255524254,14496,98560,,,,,,,,,,1.547,106692.310,Device,,NVIDIA A100-SXM4-40GB MIG 4g.20gb (0),1,,13,[CUDA memset]
4255543902,7807,98565,,,,,,,,,,0.031,4008.705,Pinned,Device,NVIDIA A100-SXM4-40GB MIG 4g.20gb (0),1,,13,[CUDA memcpy Host-to-Device]
4255558493,14912,98566,,,,,,,,,,0.197,13184.532,Pinned,Device,NVIDIA A100-SXM4-40GB MIG 4g.20gb (0),1,,13,[CUDA memcpy Host-to-Device]
4255730907,34080,98567,273,1,1,8,4,1,39,0.002,0.000,,,,,NVIDIA A100-SXM4-40GB MIG 4g.20gb (0),1,,13,"void channel_eq::eqMmseCoefCompLowMimoKernel<float, float, float, (unsigned int)4, (unsigned int)1, (unsigned int)4>(const channel_eq::_puschRxChEqStatDescr *, channel_eq::_puschRxChEqCoefCompDynDescr)"
4255926425,17248,98568,273,1,1,12,11,1,51,0.002,0.000,,,,,NVIDIA A100-SXM4-40GB MIG 4g.20gb (0),1,,13,"void channel_eq::eqMmseSoftDemapKernel<float, __half, __half, float, (unsigned int)4, (unsigned short)16383>(channel_eq::_puschRxChEqStatDescr *, channel_eq::_puschRxChEqSoftDemapDynDescr)"
4256144631,719991,98569,1,1,1,32,32,1,30,0.000,0.000,,,,,NVIDIA A100-SXM4-40GB MIG 4g.20gb (0),1,,13,"void convert_kernel<float2, __half2>(tensor_layout_any, T1 *, tensor_layout_any, const T2 *)"
4256973389,38592,98581,2253,1,1,128,1,1,16,0.000,0.000,,,,,NVIDIA A100-SXM4-40GB MIG 4g.20gb (0),1,,13,cupy_copy__float16_float16
4257189291,5567,98590,282,1,1,128,1,1,16,0.000,0.000,,,,,NVIDIA A100-SXM4-40GB MIG 4g.20gb (0),1,,13,cupy_copy__complex64_complex64
4257382088,4064,98599,26,1,1,128,1,1,16,0.000,0.000,,,,,NVIDIA A100-SXM4-40GB MIG 4g.20gb (0),1,,13,cupy_copy__float32_float32
4257467591,12640,98608,103,1,1,128,1,1,16,0.000,0.000,,,,,NVIDIA A100-SXM4-40GB MIG 4g.20gb (0),1,,13,cupy_copy__complex64_complex64
4257516743,40255,98618,1434,1,1,128,1,1,16,0.000,0.000,,,,,NVIDIA A100-SXM4-40GB MIG 4g.20gb (0),1,,13,cupy_copy__complex64_complex64
4257646213,282813,98623,1,1,1,32,32,1,30,0.000,0.000,,,,,NVIDIA A100-SXM4-40GB MIG 4g.20gb (0),1,,13,"void convert_kernel<__half2, float2>(tensor_layout_any, T1 *, tensor_layout_any, const T2 *)"
4257959586,6720,98626,,,,,,,,,,0.094,13942.808,Pinned,Device,NVIDIA A100-SXM4-40GB MIG 4g.20gb (0),1,,13,[CUDA memcpy Host-to-Device]
4257970498,1155058,98627,,,,,,,,,,456.561,394925.646,Device,,NVIDIA A100-SXM4-40GB MIG 4g.20gb (0),1,,13,[CUDA memset]
4259133844,51072,98632,,,,,,,,,,1.235,24180.204,Pinned,Device,NVIDIA A100-SXM4-40GB MIG 4g.20gb (0),1,,13,[CUDA memcpy Host-to-Device]
4259187507,10752,98633,,,,,,,,,,0.197,18285.527,Pinned,Device,NVIDIA A100-SXM4-40GB MIG 4g.20gb (0),1,,13,[CUDA memcpy Host-to-Device]
4259202067,22784,98634,69,4,1,48,1,1,76,0.002,0.000,,,,,NVIDIA A100-SXM4-40GB MIG 4g.20gb (0),1,,13,"void ch_est::windowedChEstPreNoDftSOfdmKernel<float, __half, float, (unsigned int)2, (unsigned int)1, (unsigned short)4>(ch_est::puschRxChEstStatDescr_t *, ch_est::puschRxChEstDynDescr_t *)"
4259260403,28671,98635,137,2,1,24,2,1,44,0.001,0.001,,,,,NVIDIA A100-SXM4-40GB MIG 4g.20gb (0),1,,13,"void ch_est::chEstFilterNoDftSOfdmDispatchKernel<float, __half, float, (unsigned int)2>(ch_est::puschRxChEstStatDescr_t *, ch_est::puschRxChEstDynDescr_t *)"
4259290706,36320,98636,137,2,1,24,2,1,44,0.001,0.001,,,,,NVIDIA A100-SXM4-40GB MIG 4g.20gb (0),1,,13,"void ch_est::chEstFilterNoDftSOfdmDispatchKernel<float, __half, float, (unsigned int)2>(ch_est::puschRxChEstStatDescr_t *, ch_est::puschRxChEstDynDescr_t *)"
4259356690,4831,98647,103,1,1,128,1,1,16,0.000,0.000,,,,,NVIDIA A100-SXM4-40GB MIG 4g.20gb (0),1,,13,cupy_copy__complex64_complex64
4259381361,33536,98657,1434,1,1,128,1,1,16,0.000,0.000,,,,,NVIDIA A100-SXM4-40GB MIG 4g.20gb (0),1,,13,cupy_copy__complex64_complex64
4259456336,9536,98664,103,1,1,128,1,1,16,0.000,0.000,,,,,NVIDIA A100-SXM4-40GB MIG 4g.20gb (0),1,,13,cupy_copy__complex64_complex64
4259484592,272893,98671,1,1,1,32,32,1,30,0.000,0.000,,,,,NVIDIA A100-SXM4-40GB MIG 4g.20gb (0),1,,13,"void convert_kernel<__half2, float2>(tensor_layout_any, T1 *, tensor_layout_any, const T2 *)"
4259786029,5376,98674,,,,,,,,,,0.094,17428.487,Pinned,Device,NVIDIA A100-SXM4-40GB MIG 4g.20gb (0),1,,13,[CUDA memcpy Host-to-Device]
4259802924,64032,98675,,,,,,,,,,35.810,559243.521,Device,,NVIDIA A100-SXM4-40GB MIG 4g.20gb (0),1,,13,[CUDA memset]
4259870348,1952,98677,,,,,,,,,,0.000,40.984,Pinned,Device,NVIDIA A100-SXM4-40GB MIG 4g.20gb (0),1,,13,[CUDA memcpy Host-to-Device]
4259874860,9567,98678,,,,,,,,,,0.197,20550.451,Pinned,Device,NVIDIA A100-SXM4-40GB MIG 4g.20gb (0),1,,13,[CUDA memcpy Host-to-Device]
4259935627,43199,98679,273,1,1,48,1,1,40,0.000,0.001,,,,,NVIDIA A100-SXM4-40GB MIG 4g.20gb (0),1,,13,"void pusch_noise_intf_est::noiseIntfEstNoDftSOfdmKernel<float, __half, float, float, (unsigned int)2, (unsigned int)1, (unsigned char)4, (unsigned char)4>(pusch_noise_intf_est::puschRxNoiseIntfEstDynDescr)"
4260026378,12768,98690,35,1,1,128,1,1,16,0.000,0.000,,,,,NVIDIA A100-SXM4-40GB MIG 4g.20gb (0),1,,13,cupy_copy__complex64_complex64
4260095849,5216,98699,1,1,1,1,1,1,18,0.000,0.000,,,,,NVIDIA A100-SXM4-40GB MIG 4g.20gb (0),1,,13,cupy_copy__float32_float32
4260103465,1600,98705,,,,,,,,,,0.000,2.500,Device,Pageable,NVIDIA A100-SXM4-40GB MIG 4g.20gb (0),1,,7,[CUDA memcpy Device-to-Host]
4260209736,22111,98716,1434,1,1,128,1,1,16,0.000,0.000,,,,,NVIDIA A100-SXM4-40GB MIG 4g.20gb (0),1,,13,cupy_copy__complex64_complex64
4260239975,9536,98723,103,1,1,128,1,1,16,0.000,0.000,,,,,NVIDIA A100-SXM4-40GB MIG 4g.20gb (0),1,,13,cupy_copy__complex64_complex64
4260298599,9088,98730,35,1,1,128,1,1,16,0.000,0.000,,,,,NVIDIA A100-SXM4-40GB MIG 4g.20gb (0),1,,13,cupy_copy__complex64_complex64
4260322278,5824,98737,1,1,1,1,1,1,18,0.000,0.000,,,,,NVIDIA A100-SXM4-40GB MIG 4g.20gb (0),1,,13,cupy_copy__float32_float32
4260432965,247069,98748,1,1,1,32,32,1,30,0.000,0.000,,,,,NVIDIA A100-SXM4-40GB MIG 4g.20gb (0),1,,13,"void convert_kernel<__half2, float2>(tensor_layout_any, T1 *, tensor_layout_any, const T2 *)"
4260709954,5728,98751,,,,,,,,,,0.094,16357.541,Pinned,Device,NVIDIA A100-SXM4-40GB MIG 4g.20gb (0),1,,13,[CUDA memcpy Host-to-Device]
4260743458,14655,98752,,,,,,,,,,1.547,105535.435,Device,,NVIDIA A100-SXM4-40GB MIG 4g.20gb (0),1,,13,[CUDA memset]
4260764417,3040,98757,,,,,,,,,,0.031,10294.725,Pinned,Device,NVIDIA A100-SXM4-40GB MIG 4g.20gb (0),1,,13,[CUDA memcpy Host-to-Device]
4260769953,9792,98758,,,,,,,,,,0.197,20078.395,Pinned,Device,NVIDIA A100-SXM4-40GB MIG 4g.20gb (0),1,,13,[CUDA memcpy Host-to-Device]
4260817793,33631,98759,273,1,1,8,4,1,39,0.002,0.000,,,,,NVIDIA A100-SXM4-40GB MIG 4g.20gb (0),1,,13,"void channel_eq::eqMmseCoefCompLowMimoKernel<float, float, float, (unsigned int)4, (unsigned int)1, (unsigned int)4>(const channel_eq::_puschRxChEqStatDescr *, channel_eq::_puschRxChEqCoefCompDynDescr)"
4260936671,9504,98760,273,1,1,12,11,1,51,0.002,0.000,,,,,NVIDIA A100-SXM4-40GB MIG 4g.20gb (0),1,,13,"void channel_eq::eqMmseSoftDemapKernel<float, __half, __half, float, (unsigned int)4, (unsigned short)16383>(channel_eq::_puschRxChEqStatDescr *, channel_eq::_puschRxChEqSoftDemapDynDescr)"
4261018622,689336,98761,1,1,1,32,32,1,30,0.000,0.000,,,,,NVIDIA A100-SXM4-40GB MIG 4g.20gb (0),1,,13,"void convert_kernel<float2, __half2>(tensor_layout_any, T1 *, tensor_layout_any, const T2 *)"
4261821877,19552,98773,2253,1,1,128,1,1,16,0.000,0.000,,,,,NVIDIA A100-SXM4-40GB MIG 4g.20gb (0),1,,13,cupy_copy__float16_float16
4261938292,5824,98782,282,1,1,128,1,1,16,0.000,0.000,,,,,NVIDIA A100-SXM4-40GB MIG 4g.20gb (0),1,,13,cupy_copy__complex64_complex64
4262015315,12192,98791,26,1,1,128,1,1,16,0.000,0.000,,,,,NVIDIA A100-SXM4-40GB MIG 4g.20gb (0),1,,13,cupy_copy__float32_float32
4262152657,15200,98800,103,1,1,128,1,1,16,0.000,0.000,,,,,NVIDIA A100-SXM4-40GB MIG 4g.20gb (0),1,,13,cupy_copy__complex64_complex64
4262277104,14272,98810,1434,1,1,128,1,1,16,0.000,0.000,,,,,NVIDIA A100-SXM4-40GB MIG 4g.20gb (0),1,,13,cupy_copy__complex64_complex64
4262368591,259261,98815,1,1,1,32,32,1,30,0.000,0.000,,,,,NVIDIA A100-SXM4-40GB MIG 4g.20gb (0),1,,13,"void convert_kernel<__half2, float2>(tensor_layout_any, T1 *, tensor_layout_any, const T2 *)"
4262658955,8864,98818,,,,,,,,,,0.094,10570.314,Pinned,Device,NVIDIA A100-SXM4-40GB MIG 4g.20gb (0),1,,13,[CUDA memcpy Host-to-Device]
4262744490,622745,98819,,,,,,,,,,456.561,732781.111,Device,,NVIDIA A100-SXM4-40GB MIG 4g.20gb (0),1,,13,[CUDA memset]
4263371203,72735,98824,,,,,,,,,,1.235,16978.010,Pinned,Device,NVIDIA A100-SXM4-40GB MIG 4g.20gb (0),1,,13,[CUDA memcpy Host-to-Device]
4263446530,12544,98825,,,,,,,,,,0.197,15673.393,Pinned,Device,NVIDIA A100-SXM4-40GB MIG 4g.20gb (0),1,,13,[CUDA memcpy Host-to-Device]
4263590401,31071,98826,69,4,1,48,1,1,76,0.002,0.000,,,,,NVIDIA A100-SXM4-40GB MIG 4g.20gb (0),1,,13,"void ch_est::windowedChEstPreNoDftSOfdmKernel<float, __half, float, (unsigned int)2, (unsigned int)1, (unsigned short)4>(ch_est::puschRxChEstStatDescr_t *, ch_est::puschRxChEstDynDescr_t *)"
4263752735,36703,98827,137,2,1,24,2,1,44,0.001,0.001,,,,,NVIDIA A100-SXM4-40GB MIG 4g.20gb (0),1,,13,"void ch_est::chEstFilterNoDftSOfdmDispatchKernel<float, __half, float, (unsigned int)2>(ch_est::puschRxChEstStatDescr_t *, ch_est::puschRxChEstDynDescr_t *)"
4263841598,36703,98828,137,2,1,24,2,1,44,0.001,0.001,,,,,NVIDIA A100-SXM4-40GB MIG 4g.20gb (0),1,,13,"void ch_est::chEstFilterNoDftSOfdmDispatchKernel<float, __half, float, (unsigned int)2>(ch_est::puschRxChEstStatDescr_t *, ch_est::puschRxChEstDynDescr_t *)"
4263909181,9312,98839,103,1,1,128,1,1,16,0.000,0.000,,,,,NVIDIA A100-SXM4-40GB MIG 4g.20gb (0),1,,13,cupy_copy__complex64_complex64
4263931997,21727,98849,1434,1,1,128,1,1,16,0.000,0.000,,,,,NVIDIA A100-SXM4-40GB MIG 4g.20gb (0),1,,13,cupy_copy__complex64_complex64
4263996156,10080,98856,103,1,1,128,1,1,16,0.000,0.000,,,,,NVIDIA A100-SXM4-40GB MIG 4g.20gb (0),1,,13,cupy_copy__complex64_complex64
4264024636,268669,98863,1,1,1,32,32,1,30,0.000,0.000,,,,,NVIDIA A100-SXM4-40GB MIG 4g.20gb (0),1,,13,"void convert_kernel<__half2, float2>(tensor_layout_any, T1 *, tensor_layout_any, const T2 *)"
4264324792,5376,98866,,,,,,,,,,0.094,17428.487,Pinned,Device,NVIDIA A100-SXM4-40GB MIG 4g.20gb (0),1,,13,[CUDA memcpy Host-to-Device]
4264338904,62207,98867,,,,,,,,,,35.810,575644.464,Device,,NVIDIA A100-SXM4-40GB MIG 4g.20gb (0),1,,13,[CUDA memset]
4264407703,1856,98869,,,,,,,,,,0.000,43.103,Pinned,Device,NVIDIA A100-SXM4-40GB MIG 4g.20gb (0),1,,13,[CUDA memcpy Host-to-Device]
4264411991,9344,98870,,,,,,,,,,0.197,21040.988,Pinned,Device,NVIDIA A100-SXM4-40GB MIG 4g.20gb (0),1,,13,[CUDA memcpy Host-to-Device]
4264469719,44479,98871,273,1,1,48,1,1,40,0.000,0.001,,,,,NVIDIA A100-SXM4-40GB MIG 4g.20gb (0),1,,13,"void pusch_noise_intf_est::noiseIntfEstNoDftSOfdmKernel<float, __half, float, float, (unsigned int)2, (unsigned int)1, (unsigned char)4, (unsigned char)4>(pusch_noise_intf_est::puschRxNoiseIntfEstDynDescr)"
4264556246,18719,98882,35,1,1,128,1,1,16,0.000,0.000,,,,,NVIDIA A100-SXM4-40GB MIG 4g.20gb (0),1,,13,cupy_copy__complex64_complex64
4264619125,7200,98891,1,1,1,1,1,1,18,0.000,0.000,,,,,NVIDIA A100-SXM4-40GB MIG 4g.20gb (0),1,,13,cupy_copy__float32_float32
4264627861,1760,98897,,,,,,,,,,0.000,2.273,Device,Pageable,NVIDIA A100-SXM4-40GB MIG 4g.20gb (0),1,,7,[CUDA memcpy Device-to-Host]
4264746003,19552,98908,1434,1,1,128,1,1,16,0.000,0.000,,,,,NVIDIA A100-SXM4-40GB MIG 4g.20gb (0),1,,13,cupy_copy__complex64_complex64
4264767667,2848,98915,103,1,1,128,1,1,16,0.000,0.000,,,,,NVIDIA A100-SXM4-40GB MIG 4g.20gb (0),1,,13,cupy_copy__complex64_complex64
4264771827,2560,98922,35,1,1,128,1,1,16,0.000,0.000,,,,,NVIDIA A100-SXM4-40GB MIG 4g.20gb (0),1,,13,cupy_copy__complex64_complex64
4264837394,5760,98929,1,1,1,1,1,1,18,0.000,0.000,,,,,NVIDIA A100-SXM4-40GB MIG 4g.20gb (0),1,,13,cupy_copy__float32_float32
4265000080,242974,98940,1,1,1,32,32,1,30,0.000,0.000,,,,,NVIDIA A100-SXM4-40GB MIG 4g.20gb (0),1,,13,"void convert_kernel<__half2, float2>(tensor_layout_any, T1 *, tensor_layout_any, const T2 *)"
4265272941,5440,98943,,,,,,,,,,0.094,17223.480,Pinned,Device,NVIDIA A100-SXM4-40GB MIG 4g.20gb (0),1,,13,[CUDA memcpy Host-to-Device]
4265333133,17887,98944,,,,,,,,,,1.547,86465.561,Device,,NVIDIA A100-SXM4-40GB MIG 4g.20gb (0),1,,13,[CUDA memset]
4265354572,3296,98949,,,,,,,,,,0.031,9495.144,Pinned,Device,NVIDIA A100-SXM4-40GB MIG 4g.20gb (0),1,,13,[CUDA memcpy Host-to-Device]
4265360332,10496,98950,,,,,,,,,,0.197,18731.631,Pinned,Device,NVIDIA A100-SXM4-40GB MIG 4g.20gb (0),1,,13,[CUDA memcpy Host-to-Device]
4265375340,7136,98951,273,1,1,8,4,1,39,0.002,0.000,,,,,NVIDIA A100-SXM4-40GB MIG 4g.20gb (0),1,,13,"void channel_eq::eqMmseCoefCompLowMimoKernel<float, float, float, (unsigned int)4, (unsigned int)1, (unsigned int)4>(const channel_eq::_puschRxChEqStatDescr *, channel_eq::_puschRxChEqCoefCompDynDescr)"
4265489419,43071,98952,273,1,1,12,11,1,51,0.002,0.000,,,,,NVIDIA A100-SXM4-40GB MIG 4g.20gb (0),1,,13,"void channel_eq::eqMmseSoftDemapKernel<float, __half, __half, float, (unsigned int)4, (unsigned short)16383>(channel_eq::_puschRxChEqStatDescr *, channel_eq::_puschRxChEqSoftDemapDynDescr)"
4265570826,557305,98953,1,1,1,32,32,1,30,0.000,0.000,,,,,NVIDIA A100-SXM4-40GB MIG 4g.20gb (0),1,,13,"void convert_kernel<float2, __half2>(tensor_layout_any, T1 *, tensor_layout_any, const T2 *)"
4266130051,11360,98965,2253,1,1,128,1,1,16,0.000,0.000,,,,,NVIDIA A100-SXM4-40GB MIG 4g.20gb (0),1,,13,cupy_copy__float16_float16
4266203619,7359,98974,282,1,1,128,1,1,16,0.000,0.000,,,,,NVIDIA A100-SXM4-40GB MIG 4g.20gb (0),1,,13,cupy_copy__complex64_complex64
4266254882,12384,98983,26,1,1,128,1,1,16,0.000,0.000,,,,,NVIDIA A100-SXM4-40GB MIG 4g.20gb (0),1,,13,cupy_copy__float32_float32
4266274210,18527,98992,103,1,1,128,1,1,16,0.000,0.000,,,,,NVIDIA A100-SXM4-40GB MIG 4g.20gb (0),1,,13,cupy_copy__complex64_complex64
4266387104,19872,99002,1434,1,1,128,1,1,16,0.000,0.000,,,,,NVIDIA A100-SXM4-40GB MIG 4g.20gb (0),1,,13,cupy_copy__complex64_complex64
4266419968,242845,99007,1,1,1,32,32,1,30,0.000,0.000,,,,,NVIDIA A100-SXM4-40GB MIG 4g.20gb (0),1,,13,"void convert_kernel<__half2, float2>(tensor_layout_any, T1 *, tensor_layout_any, const T2 *)"
4266692733,5408,99010,,,,,,,,,,0.094,17325.421,Pinned,Device,NVIDIA A100-SXM4-40GB MIG 4g.20gb (0),1,,13,[CUDA memcpy Host-to-Device]
4266741884,623993,99011,,,,,,,,,,456.561,731411.427,Device,,NVIDIA A100-SXM4-40GB MIG 4g.20gb (0),1,,13,[CUDA memset]
4267381173,68863,99016,,,,,,,,,,1.235,17932.622,Pinned,Device,NVIDIA A100-SXM4-40GB MIG 4g.20gb (0),1,,13,[CUDA memcpy Host-to-Device]
4267459540,14336,99017,,,,,,,,,,0.197,13714.194,Pinned,Device,NVIDIA A100-SXM4-40GB MIG 4g.20gb (0),1,,13,[CUDA memcpy Host-to-Device]
4267574931,33631,99018,69,4,1,48,1,1,76,0.002,0.000,,,,,NVIDIA A100-SXM4-40GB MIG 4g.20gb (0),1,,13,"void ch_est::windowedChEstPreNoDftSOfdmKernel<float, __half, float, (unsigned int)2, (unsigned int)1, (unsigned short)4>(ch_est::puschRxChEstStatDescr_t *, ch_est::puschRxChEstDynDescr_t *)"
4267681905,24800,99019,137,2,1,24,2,1,44,0.001,0.001,,,,,NVIDIA A100-SXM4-40GB MIG 4g.20gb (0),1,,13,"void ch_est::chEstFilterNoDftSOfdmDispatchKernel<float, __half, float, (unsigned int)2>(ch_est::puschRxChEstStatDescr_t *, ch_est::puschRxChEstDynDescr_t *)"
4267760369,29823,99020,137,2,1,24,2,1,44,0.001,0.001,,,,,NVIDIA A100-SXM4-40GB MIG 4g.20gb (0),1,,13,"void ch_est::chEstFilterNoDftSOfdmDispatchKernel<float, __half, float, (unsigned int)2>(ch_est::puschRxChEstStatDescr_t *, ch_est::puschRxChEstDynDescr_t *)"
4267833712,8672,99031,103,1,1,128,1,1,16,0.000,0.000,,,,,NVIDIA A100-SXM4-40GB MIG 4g.20gb (0),1,,13,cupy_copy__complex64_complex64
4267909167,28416,99041,1434,1,1,128,1,1,16,0.000,0.000,,,,,NVIDIA A100-SXM4-40GB MIG 4g.20gb (0),1,,13,cupy_copy__complex64_complex64
4267976142,9184,99048,103,1,1,128,1,1,16,0.000,0.000,,,,,NVIDIA A100-SXM4-40GB MIG 4g.20gb (0),1,,13,cupy_copy__complex64_complex64
4268026029,321885,99055,1,1,1,32,32,1,30,0.000,0.000,,,,,NVIDIA A100-SXM4-40GB MIG 4g.20gb (0),1,,13,"void convert_kernel<__half2, float2>(tensor_layout_any, T1 *, tensor_layout_any, const T2 *)"
4268382153,10720,99058,,,,,,,,,,0.094,8740.244,Pinned,Device,NVIDIA A100-SXM4-40GB MIG 4g.20gb (0),1,,13,[CUDA memcpy Host-to-Device]
4268471400,60544,99059,,,,,,,,,,35.810,591436.639,Device,,NVIDIA A100-SXM4-40GB MIG 4g.20gb (0),1,,13,[CUDA memset]
4268539368,4064,99061,,,,,,,,,,0.000,19.685,Pinned,Device,NVIDIA A100-SXM4-40GB MIG 4g.20gb (0),1,,13,[CUDA memcpy Host-to-Device]
4268546023,10176,99062,,,,,,,,,,0.197,19320.668,Pinned,Device,NVIDIA A100-SXM4-40GB MIG 4g.20gb (0),1,,13,[CUDA memcpy Host-to-Device]
4268653478,28992,99063,273,1,1,48,1,1,40,0.000,0.001,,,,,NVIDIA A100-SXM4-40GB MIG 4g.20gb (0),1,,13,"void pusch_noise_intf_est::noiseIntfEstNoDftSOfdmKernel<float, __half, float, float, (unsigned int)2, (unsigned int)1, (unsigned char)4, (unsigned char)4>(pusch_noise_intf_est::puschRxNoiseIntfEstDynDescr)"
4268788517,8288,99074,35,1,1,128,1,1,16,0.000,0.000,,,,,NVIDIA A100-SXM4-40GB MIG 4g.20gb (0),1,,13,cupy_copy__complex64_complex64
4268854180,7136,99083,1,1,1,1,1,1,18,0.000,0.000,,,,,NVIDIA A100-SXM4-40GB MIG 4g.20gb (0),1,,13,cupy_copy__float32_float32
4268863460,5664,99089,,,,,,,,,,0.000,0.706,Device,Pageable,NVIDIA A100-SXM4-40GB MIG 4g.20gb (0),1,,7,[CUDA memcpy Device-to-Host]
4268986050,36160,99100,1434,1,1,128,1,1,16,0.000,0.000,,,,,NVIDIA A100-SXM4-40GB MIG 4g.20gb (0),1,,13,cupy_copy__complex64_complex64
4269121505,9216,99107,103,1,1,128,1,1,16,0.000,0.000,,,,,NVIDIA A100-SXM4-40GB MIG 4g.20gb (0),1,,13,cupy_copy__complex64_complex64
4269198848,10944,99114,35,1,1,128,1,1,16,0.000,0.000,,,,,NVIDIA A100-SXM4-40GB MIG 4g.20gb (0),1,,13,cupy_copy__complex64_complex64
4269258943,9536,99121,1,1,1,1,1,1,18,0.000,0.000,,,,,NVIDIA A100-SXM4-40GB MIG 4g.20gb (0),1,,13,cupy_copy__float32_float32
4269332510,271901,99132,1,1,1,32,32,1,30,0.000,0.000,,,,,NVIDIA A100-SXM4-40GB MIG 4g.20gb (0),1,,13,"void convert_kernel<__half2, float2>(tensor_layout_any, T1 *, tensor_layout_any, const T2 *)"
4269639259,8448,99135,,,,,,,,,,0.094,11090.889,Pinned,Device,NVIDIA A100-SXM4-40GB MIG 4g.20gb (0),1,,13,[CUDA memcpy Host-to-Device]
4269692506,10272,99136,,,,,,,,,,1.547,150566.940,Device,,NVIDIA A100-SXM4-40GB MIG 4g.20gb (0),1,,13,[CUDA memset]
4269707514,8224,99141,,,,,,,,,,0.031,3805.437,Pinned,Device,NVIDIA A100-SXM4-40GB MIG 4g.20gb (0),1,,13,[CUDA memcpy Host-to-Device]
4269718842,18720,99142,,,,,,,,,,0.197,10502.406,Pinned,Device,NVIDIA A100-SXM4-40GB MIG 4g.20gb (0),1,,13,[CUDA memcpy Host-to-Device]
4269789081,45152,99143,273,1,1,8,4,1,39,0.002,0.000,,,,,NVIDIA A100-SXM4-40GB MIG 4g.20gb (0),1,,13,"void channel_eq::eqMmseCoefCompLowMimoKernel<float, float, float, (unsigned int)4, (unsigned int)1, (unsigned int)4>(const channel_eq::_puschRxChEqStatDescr *, channel_eq::_puschRxChEqCoefCompDynDescr)"
4269881592,41152,99144,273,1,1,12,11,1,51,0.002,0.000,,,,,NVIDIA A100-SXM4-40GB MIG 4g.20gb (0),1,,13,"void channel_eq::eqMmseSoftDemapKernel<float, __half, __half, float, (unsigned int)4, (unsigned short)16383>(channel_eq::_puschRxChEqStatDescr *, channel_eq::_puschRxChEqSoftDemapDynDescr)"
4269979671,685272,99145,1,1,1,32,32,1,30,0.000,0.000,,,,,NVIDIA A100-SXM4-40GB MIG 4g.20gb (0),1,,13,"void convert_kernel<float2, __half2>(tensor_layout_any, T1 *, tensor_layout_any, const T2 *)"
4270731950,20128,99157,2253,1,1,128,1,1,16,0.000,0.000,,,,,NVIDIA A100-SXM4-40GB MIG 4g.20gb (0),1,,13,cupy_copy__float16_float16
4270845517,15744,99166,282,1,1,128,1,1,16,0.000,0.000,,,,,NVIDIA A100-SXM4-40GB MIG 4g.20gb (0),1,,13,cupy_copy__complex64_complex64
4270916492,12736,99175,26,1,1,128,1,1,16,0.000,0.000,,,,,NVIDIA A100-SXM4-40GB MIG 4g.20gb (0),1,,13,cupy_copy__float32_float32
4270980715,11072,99184,103,1,1,128,1,1,16,0.000,0.000,,,,,NVIDIA A100-SXM4-40GB MIG 4g.20gb (0),1,,13,cupy_copy__complex64_complex64
4271052875,22783,99194,1434,1,1,128,1,1,16,0.000,0.000,,,,,NVIDIA A100-SXM4-40GB MIG 4g.20gb (0),1,,13,cupy_copy__complex64_complex64
4271161865,322717,99199,1,1,1,32,32,1,30,0.000,0.000,,,,,NVIDIA A100-SXM4-40GB MIG 4g.20gb (0),1,,13,"void convert_kernel<__half2, float2>(tensor_layout_any, T1 *, tensor_layout_any, const T2 *)"
4271514789,5440,99202,,,,,,,,,,0.094,17223.480,Pinned,Device,NVIDIA A100-SXM4-40GB MIG 4g.20gb (0),1,,13,[CUDA memcpy Host-to-Device]
4271579908,618457,99203,,,,,,,,,,456.561,737803.287,Device,,NVIDIA A100-SXM4-40GB MIG 4g.20gb (0),1,,13,[CUDA memset]
4272200861,53664,99208,,,,,,,,,,1.235,23011.946,Pinned,Device,NVIDIA A100-SXM4-40GB MIG 4g.20gb (0),1,,13,[CUDA memcpy Host-to-Device]
4272257085,9952,99209,,,,,,,,,,0.197,19755.565,Pinned,Device,NVIDIA A100-SXM4-40GB MIG 4g.20gb (0),1,,13,[CUDA memcpy Host-to-Device]
4272313756,20384,99210,69,4,1,48,1,1,76,0.002,0.000,,,,,NVIDIA A100-SXM4-40GB MIG 4g.20gb (0),1,,13,"void ch_est::windowedChEstPreNoDftSOfdmKernel<float, __half, float, (unsigned int)2, (unsigned int)1, (unsigned short)4>(ch_est::puschRxChEstStatDescr_t *, ch_est::puschRxChEstDynDescr_t *)"
4272437147,18303,99211,137,2,1,24,2,1,44,0.001,0.001,,,,,NVIDIA A100-SXM4-40GB MIG 4g.20gb (0),1,,13,"void ch_est::chEstFilterNoDftSOfdmDispatchKernel<float, __half, float, (unsigned int)2>(ch_est::puschRxChEstStatDescr_t *, ch_est::puschRxChEstDynDescr_t *)"
4272556953,19424,99212,137,2,1,24,2,1,44,0.001,0.001,,,,,NVIDIA A100-SXM4-40GB MIG 4g.20gb (0),1,,13,"void ch_est::chEstFilterNoDftSOfdmDispatchKernel<float, __half, float, (unsigned int)2>(ch_est::puschRxChEstStatDescr_t *, ch_est::puschRxChEstDynDescr_t *)"
4272675768,9408,99223,103,1,1,128,1,1,16,0.000,0.000,,,,,NVIDIA A100-SXM4-40GB MIG 4g.20gb (0),1,,13,cupy_copy__complex64_complex64
4272748247,23136,99233,1434,1,1,128,1,1,16,0.000,0.000,,,,,NVIDIA A100-SXM4-40GB MIG 4g.20gb (0),1,,13,cupy_copy__complex64_complex64
4272812374,8608,99240,103,1,1,128,1,1,16,0.000,0.000,,,,,NVIDIA A100-SXM4-40GB MIG 4g.20gb (0),1,,13,cupy_copy__complex64_complex64
4272837974,257213,99247,1,1,1,32,32,1,30,0.000,0.000,,,,,NVIDIA A100-SXM4-40GB MIG 4g.20gb (0),1,,13,"void convert_kernel<__half2, float2>(tensor_layout_any, T1 *, tensor_layout_any, const T2 *)"
4273126451,5344,99250,,,,,,,,,,0.094,17532.864,Pinned,Device,NVIDIA A100-SXM4-40GB MIG 4g.20gb (0),1,,13,[CUDA memcpy Host-to-Device]
4273148050,61280,99251,,,,,,,,,,35.810,584346.275,Device,,NVIDIA A100-SXM4-40GB MIG 4g.20gb (0),1,,13,[CUDA memset]
4273212242,3328,99253,,,,,,,,,,0.000,24.038,Pinned,Device,NVIDIA A100-SXM4-40GB MIG 4g.20gb (0),1,,13,[CUDA memcpy Host-to-Device]
4273217650,9247,99254,,,,,,,,,,0.197,21261.779,Pinned,Device,NVIDIA A100-SXM4-40GB MIG 4g.20gb (0),1,,13,[CUDA memcpy Host-to-Device]
4273753035,67584,99255,273,1,1,48,1,1,40,0.000,0.001,,,,,NVIDIA A100-SXM4-40GB MIG 4g.20gb (0),1,,13,"void pusch_noise_intf_est::noiseIntfEstNoDftSOfdmKernel<float, __half, float, float, (unsigned int)2, (unsigned int)1, (unsigned char)4, (unsigned char)4>(pusch_noise_intf_est::puschRxNoiseIntfEstDynDescr)"
4273858890,11808,99266,35,1,1,128,1,1,16,0.000,0.000,,,,,NVIDIA A100-SXM4-40GB MIG 4g.20gb (0),1,,13,cupy_copy__complex64_complex64
4273884682,6944,99275,1,1,1,1,1,1,18,0.000,0.000,,,,,NVIDIA A100-SXM4-40GB MIG 4g.20gb (0),1,,13,cupy_copy__float32_float32
4273895978,1664,99281,,,,,,,,,,0.000,2.404,Device,Pageable,NVIDIA A100-SXM4-40GB MIG 4g.20gb (0),1,,7,[CUDA memcpy Device-to-Host]
4273996105,19327,99292,1434,1,1,128,1,1,16,0.000,0.000,,,,,NVIDIA A100-SXM4-40GB MIG 4g.20gb (0),1,,13,cupy_copy__complex64_complex64
4274064968,9120,99299,103,1,1,128,1,1,16,0.000,0.000,,,,,NVIDIA A100-SXM4-40GB MIG 4g.20gb (0),1,,13,cupy_copy__complex64_complex64
4274089896,13695,99306,35,1,1,128,1,1,16,0.000,0.000,,,,,NVIDIA A100-SXM4-40GB MIG 4g.20gb (0),1,,13,cupy_copy__complex64_complex64
4274155943,3840,99313,1,1,1,1,1,1,18,0.000,0.000,,,,,NVIDIA A100-SXM4-40GB MIG 4g.20gb (0),1,,13,cupy_copy__float32_float32
4274191238,265949,99324,1,1,1,32,32,1,30,0.000,0.000,,,,,NVIDIA A100-SXM4-40GB MIG 4g.20gb (0),1,,13,"void convert_kernel<__half2, float2>(tensor_layout_any, T1 *, tensor_layout_any, const T2 *)"
4274504739,8544,99327,,,,,,,,,,0.094,10966.274,Pinned,Device,NVIDIA A100-SXM4-40GB MIG 4g.20gb (0),1,,13,[CUDA memcpy Host-to-Device]
4274600482,13535,99328,,,,,,,,,,1.547,114267.674,Device,,NVIDIA A100-SXM4-40GB MIG 4g.20gb (0),1,,13,[CUDA memset]
4274618177,7232,99333,,,,,,,,,,0.031,4327.423,Pinned,Device,NVIDIA A100-SXM4-40GB MIG 4g.20gb (0),1,,13,[CUDA memcpy Host-to-Device]
4274627841,9664,99334,,,,,,,,,,0.197,20344.209,Pinned,Device,NVIDIA A100-SXM4-40GB MIG 4g.20gb (0),1,,13,[CUDA memcpy Host-to-Device]
4274756320,44639,99335,273,1,1,8,4,1,39,0.002,0.000,,,,,NVIDIA A100-SXM4-40GB MIG 4g.20gb (0),1,,13,"void channel_eq::eqMmseCoefCompLowMimoKernel<float, float, float, (unsigned int)4, (unsigned int)1, (unsigned int)4>(const channel_eq::_puschRxChEqStatDescr *, channel_eq::_puschRxChEqCoefCompDynDescr)"
4274917342,42847,99336,273,1,1,12,11,1,51,0.002,0.000,,,,,NVIDIA A100-SXM4-40GB MIG 4g.20gb (0),1,,13,"void channel_eq::eqMmseSoftDemapKernel<float, __half, __half, float, (unsigned int)4, (unsigned short)16383>(channel_eq::_puschRxChEqStatDescr *, channel_eq::_puschRxChEqSoftDemapDynDescr)"
4275058268,623929,99337,1,1,1,32,32,1,30,0.000,0.000,,,,,NVIDIA A100-SXM4-40GB MIG 4g.20gb (0),1,,13,"void convert_kernel<float2, __half2>(tensor_layout_any, T1 *, tensor_layout_any, const T2 *)"
4275767348,20608,99349,2253,1,1,128,1,1,16,0.000,0.000,,,,,NVIDIA A100-SXM4-40GB MIG 4g.20gb (0),1,,13,cupy_copy__float16_float16
4275926162,14272,99358,282,1,1,128,1,1,16,0.000,0.000,,,,,NVIDIA A100-SXM4-40GB MIG 4g.20gb (0),1,,13,cupy_copy__complex64_complex64
4276022385,18240,99367,26,1,1,128,1,1,16,0.000,0.000,,,,,NVIDIA A100-SXM4-40GB MIG 4g.20gb (0),1,,13,cupy_copy__float32_float32
4276157680,10080,99376,103,1,1,128,1,1,16,0.000,0.000,,,,,NVIDIA A100-SXM4-40GB MIG 4g.20gb (0),1,,13,cupy_copy__complex64_complex64
4276248207,22175,99386,1434,1,1,128,1,1,16,0.000,0.000,,,,,NVIDIA A100-SXM4-40GB MIG 4g.20gb (0),1,,13,cupy_copy__complex64_complex64
4276412941,320732,99391,1,1,1,32,32,1,30,0.000,0.000,,,,,NVIDIA A100-SXM4-40GB MIG 4g.20gb (0),1,,13,"void convert_kernel<__half2, float2>(tensor_layout_any, T1 *, tensor_layout_any, const T2 *)"
4276765193,7808,99394,,,,,,,,,,0.094,11999.928,Pinned,Device,NVIDIA A100-SXM4-40GB MIG 4g.20gb (0),1,,13,[CUDA memcpy Host-to-Device]
4276808616,1095763,99395,,,,,,,,,,456.561,416384.033,Device,,NVIDIA A100-SXM4-40GB MIG 4g.20gb (0),1,,13,[CUDA memset]
4277910555,53504,99400,,,,,,,,,,1.235,23081.103,Pinned,Device,NVIDIA A100-SXM4-40GB MIG 4g.20gb (0),1,,13,[CUDA memcpy Host-to-Device]
4277966555,9984,99401,,,,,,,,,,0.197,19692.257,Pinned,Device,NVIDIA A100-SXM4-40GB MIG 4g.20gb (0),1,,13,[CUDA memcpy Host-to-Device]
4278078489,22304,99402,69,4,1,48,1,1,76,0.002,0.000,,,,,NVIDIA A100-SXM4-40GB MIG 4g.20gb (0),1,,13,"void ch_est::windowedChEstPreNoDftSOfdmKernel<float, __half, float, (unsigned int)2, (unsigned int)1, (unsigned short)4>(ch_est::puschRxChEstStatDescr_t *, ch_est::puschRxChEstDynDescr_t *)"
4278210840,21312,99403,137,2,1,24,2,1,44,0.001,0.001,,,,,NVIDIA A100-SXM4-40GB MIG 4g.20gb (0),1,,13,"void ch_est::chEstFilterNoDftSOfdmDispatchKernel<float, __half, float, (unsigned int)2>(ch_est::puschRxChEstStatDescr_t *, ch_est::puschRxChEstDynDescr_t *)"
4278339670,19808,99404,137,2,1,24,2,1,44,0.001,0.001,,,,,NVIDIA A100-SXM4-40GB MIG 4g.20gb (0),1,,13,"void ch_est::chEstFilterNoDftSOfdmDispatchKernel<float, __half, float, (unsigned int)2>(ch_est::puschRxChEstStatDescr_t *, ch_est::puschRxChEstDynDescr_t *)"
4278465749,8544,99415,103,1,1,128,1,1,16,0.000,0.000,,,,,NVIDIA A100-SXM4-40GB MIG 4g.20gb (0),1,,13,cupy_copy__complex64_complex64
4278536788,25184,99425,1434,1,1,128,1,1,16,0.000,0.000,,,,,NVIDIA A100-SXM4-40GB MIG 4g.20gb (0),1,,13,cupy_copy__complex64_complex64
4278647475,10464,99432,103,1,1,128,1,1,16,0.000,0.000,,,,,NVIDIA A100-SXM4-40GB MIG 4g.20gb (0),1,,13,cupy_copy__complex64_complex64
4278725202,345884,99439,1,1,1,32,32,1,30,0.000,0.000,,,,,NVIDIA A100-SXM4-40GB MIG 4g.20gb (0),1,,13,"void convert_kernel<__half2, float2>(tensor_layout_any, T1 *, tensor_layout_any, const T2 *)"
4279103534,5792,99442,,,,,,,,,,0.094,16176.708,Pinned,Device,NVIDIA A100-SXM4-40GB MIG 4g.20gb (0),1,,13,[CUDA memcpy Host-to-Device]
4279193805,60991,99443,,,,,,,,,,35.810,587103.638,Device,,NVIDIA A100-SXM4-40GB MIG 4g.20gb (0),1,,13,[CUDA memset]
4279260332,2304,99445,,,,,,,,,,0.000,34.722,Pinned,Device,NVIDIA A100-SXM4-40GB MIG 4g.20gb (0),1,,13,[CUDA memcpy Host-to-Device]
4279265068,9600,99446,,,,,,,,,,0.197,20479.869,Pinned,Device,NVIDIA A100-SXM4-40GB MIG 4g.20gb (0),1,,13,[CUDA memcpy Host-to-Device]
4279323755,46144,99447,273,1,1,48,1,1,40,0.000,0.001,,,,,NVIDIA A100-SXM4-40GB MIG 4g.20gb (0),1,,13,"void pusch_noise_intf_est::noiseIntfEstNoDftSOfdmKernel<float, __half, float, float, (unsigned int)2, (unsigned int)1, (unsigned char)4, (unsigned char)4>(pusch_noise_intf_est::puschRxNoiseIntfEstDynDescr)"
4279412362,19200,99458,35,1,1,128,1,1,16,0.000,0.000,,,,,NVIDIA A100-SXM4-40GB MIG 4g.20gb (0),1,,13,cupy_copy__complex64_complex64
4279483209,5408,99467,1,1,1,1,1,1,18,0.000,0.000,,,,,NVIDIA A100-SXM4-40GB MIG 4g.20gb (0),1,,13,cupy_copy__float32_float32
4279500009,1664,99473,,,,,,,,,,0.000,2.404,Device,Pageable,NVIDIA A100-SXM4-40GB MIG 4g.20gb (0),1,,7,[CUDA memcpy Device-to-Host]
4279595976,19072,99484,1434,1,1,128,1,1,16,0.000,0.000,,,,,NVIDIA A100-SXM4-40GB MIG 4g.20gb (0),1,,13,cupy_copy__complex64_complex64
4279622952,12320,99491,103,1,1,128,1,1,16,0.000,0.000,,,,,NVIDIA A100-SXM4-40GB MIG 4g.20gb (0),1,,13,cupy_copy__complex64_complex64
4279688455,9728,99498,35,1,1,128,1,1,16,0.000,0.000,,,,,NVIDIA A100-SXM4-40GB MIG 4g.20gb (0),1,,13,cupy_copy__complex64_complex64
4279714567,5728,99505,1,1,1,1,1,1,18,0.000,0.000,,,,,NVIDIA A100-SXM4-40GB MIG 4g.20gb (0),1,,13,cupy_copy__float32_float32
4279836997,222430,99516,1,1,1,32,32,1,30,0.000,0.000,,,,,NVIDIA A100-SXM4-40GB MIG 4g.20gb (0),1,,13,"void convert_kernel<__half2, float2>(tensor_layout_any, T1 *, tensor_layout_any, const T2 *)"
4280089634,5408,99519,,,,,,,,,,0.094,17325.421,Pinned,Device,NVIDIA A100-SXM4-40GB MIG 4g.20gb (0),1,,13,[CUDA memcpy Host-to-Device]
4280520413,20576,99520,,,,,,,,,,1.547,75165.926,Device,,NVIDIA A100-SXM4-40GB MIG 4g.20gb (0),1,,13,[CUDA memset]
4280545341,3008,99525,,,,,,,,,,0.031,10404.230,Pinned,Device,NVIDIA A100-SXM4-40GB MIG 4g.20gb (0),1,,13,[CUDA memcpy Host-to-Device]
4280553053,12320,99526,,,,,,,,,,0.197,15958.278,Pinned,Device,NVIDIA A100-SXM4-40GB MIG 4g.20gb (0),1,,13,[CUDA memcpy Host-to-Device]
4280570845,14400,99527,273,1,1,8,4,1,39,0.002,0.000,,,,,NVIDIA A100-SXM4-40GB MIG 4g.20gb (0),1,,13,"void channel_eq::eqMmseCoefCompLowMimoKernel<float, float, float, (unsigned int)4, (unsigned int)1, (unsigned int)4>(const channel_eq::_puschRxChEqStatDescr *, channel_eq::_puschRxChEqCoefCompDynDescr)"
4280670844,35967,99528,273,1,1,12,11,1,51,0.002,0.000,,,,,NVIDIA A100-SXM4-40GB MIG 4g.20gb (0),1,,13,"void channel_eq::eqMmseSoftDemapKernel<float, __half, __half, float, (unsigned int)4, (unsigned short)16383>(channel_eq::_puschRxChEqStatDescr *, channel_eq::_puschRxChEqSoftDemapDynDescr)"
4280746907,619993,99529,1,1,1,32,32,1,30,0.000,0.000,,,,,NVIDIA A100-SXM4-40GB MIG 4g.20gb (0),1,,13,"void convert_kernel<float2, __half2>(tensor_layout_any, T1 *, tensor_layout_any, const T2 *)"
4281379603,17536,99541,2253,1,1,128,1,1,16,0.000,0.000,,,,,NVIDIA A100-SXM4-40GB MIG 4g.20gb (0),1,,13,cupy_copy__float16_float16
4281441747,12096,99550,282,1,1,128,1,1,16,0.000,0.000,,,,,NVIDIA A100-SXM4-40GB MIG 4g.20gb (0),1,,13,cupy_copy__complex64_complex64
4281563153,6656,99559,26,1,1,128,1,1,16,0.000,0.000,,,,,NVIDIA A100-SXM4-40GB MIG 4g.20gb (0),1,,13,cupy_copy__float32_float32
4281639056,25632,99568,103,1,1,128,1,1,16,0.000,0.000,,,,,NVIDIA A100-SXM4-40GB MIG 4g.20gb (0),1,,13,cupy_copy__complex64_complex64
4281753615,20608,99578,1434,1,1,128,1,1,16,0.000,0.000,,,,,NVIDIA A100-SXM4-40GB MIG 4g.20gb (0),1,,13,cupy_copy__complex64_complex64
4281790735,313980,99583,1,1,1,32,32,1,30,0.000,0.000,,,,,NVIDIA A100-SXM4-40GB MIG 4g.20gb (0),1,,13,"void convert_kernel<__half2, float2>(tensor_layout_any, T1 *, tensor_layout_any, const T2 *)"
4282138891,5664,99586,,,,,,,,,,0.094,16542.310,Pinned,Device,NVIDIA A100-SXM4-40GB MIG 4g.20gb (0),1,,13,[CUDA memcpy Host-to-Device]
4282204394,626489,99587,,,,,,,,,,456.561,728672.058,Device,,NVIDIA A100-SXM4-40GB MIG 4g.20gb (0),1,,13,[CUDA memset]
4282832323,63711,99592,,,,,,,,,,1.235,19382.446,Pinned,Device,NVIDIA A100-SXM4-40GB MIG 4g.20gb (0),1,,13,[CUDA memcpy Host-to-Device]
4282900994,15680,99593,,,,,,,,,,0.197,12538.675,Pinned,Device,NVIDIA A100-SXM4-40GB MIG 4g.20gb (0),1,,13,[CUDA memcpy Host-to-Device]
4283042144,44608,99594,69,4,1,48,1,1,76,0.002,0.000,,,,,NVIDIA A100-SXM4-40GB MIG 4g.20gb (0),1,,13,"void ch_est::windowedChEstPreNoDftSOfdmKernel<float, __half, float, (unsigned int)2, (unsigned int)1, (unsigned short)4>(ch_est::puschRxChEstStatDescr_t *, ch_est::puschRxChEstDynDescr_t *)"
4283170239,28383,99595,137,2,1,24,2,1,44,0.001,0.001,,,,,NVIDIA A100-SXM4-40GB MIG 4g.20gb (0),1,,13,"void ch_est::chEstFilterNoDftSOfdmDispatchKernel<float, __half, float, (unsigned int)2>(ch_est::puschRxChEstStatDescr_t *, ch_est::puschRxChEstDynDescr_t *)"
4283247678,18080,99596,137,2,1,24,2,1,44,0.001,0.001,,,,,NVIDIA A100-SXM4-40GB MIG 4g.20gb (0),1,,13,"void ch_est::chEstFilterNoDftSOfdmDispatchKernel<float, __half, float, (unsigned int)2>(ch_est::puschRxChEstStatDescr_t *, ch_est::puschRxChEstDynDescr_t *)"
4283389660,8288,99607,103,1,1,128,1,1,16,0.000,0.000,,,,,NVIDIA A100-SXM4-40GB MIG 4g.20gb (0),1,,13,cupy_copy__complex64_complex64
4283526619,22783,99617,1434,1,1,128,1,1,16,0.000,0.000,,,,,NVIDIA A100-SXM4-40GB MIG 4g.20gb (0),1,,13,cupy_copy__complex64_complex64
4283710584,13120,99624,103,1,1,128,1,1,16,0.000,0.000,,,,,NVIDIA A100-SXM4-40GB MIG 4g.20gb (0),1,,13,cupy_copy__complex64_complex64
4283794584,301180,99631,1,1,1,32,32,1,30,0.000,0.000,,,,,NVIDIA A100-SXM4-40GB MIG 4g.20gb (0),1,,13,"void convert_kernel<__half2, float2>(tensor_layout_any, T1 *, tensor_layout_any, const T2 *)"
4284143027,6688,99634,,,,,,,,,,0.094,14009.520,Pinned,Device,NVIDIA A100-SXM4-40GB MIG 4g.20gb (0),1,,13,[CUDA memcpy Host-to-Device]
4284191603,64127,99635,,,,,,,,,,35.810,558419.892,Device,,NVIDIA A100-SXM4-40GB MIG 4g.20gb (0),1,,13,[CUDA memset]
4284278674,1792,99637,,,,,,,,,,0.000,44.643,Pinned,Device,NVIDIA A100-SXM4-40GB MIG 4g.20gb (0),1,,13,[CUDA memcpy Host-to-Device]
4284282898,10752,99638,,,,,,,,,,0.197,18285.527,Pinned,Device,NVIDIA A100-SXM4-40GB MIG 4g.20gb (0),1,,13,[CUDA memcpy Host-to-Device]
4284324305,41952,99639,273,1,1,48,1,1,40,0.000,0.001,,,,,NVIDIA A100-SXM4-40GB MIG 4g.20gb (0),1,,13,"void pusch_noise_intf_est::noiseIntfEstNoDftSOfdmKernel<float, __half, float, float, (unsigned int)2, (unsigned int)1, (unsigned char)4, (unsigned char)4>(pusch_noise_intf_est::puschRxNoiseIntfEstDynDescr)"
4284413584,17952,99650,35,1,1,128,1,1,16,0.000,0.000,,,,,NVIDIA A100-SXM4-40GB MIG 4g.20gb (0),1,,13,cupy_copy__complex64_complex64
4284477264,4160,99659,1,1,1,1,1,1,18,0.000,0.000,,,,,NVIDIA A100-SXM4-40GB MIG 4g.20gb (0),1,,13,cupy_copy__float32_float32
4284483728,1728,99665,,,,,,,,,,0.000,2.315,Device,Pageable,NVIDIA A100-SXM4-40GB MIG 4g.20gb (0),1,,7,[CUDA memcpy Device-to-Host]
4284582286,19264,99676,1434,1,1,128,1,1,16,0.000,0.000,,,,,NVIDIA A100-SXM4-40GB MIG 4g.20gb (0),1,,13,cupy_copy__complex64_complex64
4284608302,11552,99683,103,1,1,128,1,1,16,0.000,0.000,,,,,NVIDIA A100-SXM4-40GB MIG 4g.20gb (0),1,,13,cupy_copy__complex64_complex64
4284631438,2720,99690,35,1,1,128,1,1,16,0.000,0.000,,,,,NVIDIA A100-SXM4-40GB MIG 4g.20gb (0),1,,13,cupy_copy__complex64_complex64
4284635214,1984,99697,1,1,1,1,1,1,18,0.000,0.000,,,,,NVIDIA A100-SXM4-40GB MIG 4g.20gb (0),1,,13,cupy_copy__float32_float32
4285173992,257245,99708,1,1,1,32,32,1,30,0.000,0.000,,,,,NVIDIA A100-SXM4-40GB MIG 4g.20gb (0),1,,13,"void convert_kernel<__half2, float2>(tensor_layout_any, T1 *, tensor_layout_any, const T2 *)"
4285461604,5344,99711,,,,,,,,,,0.094,17532.864,Pinned,Device,NVIDIA A100-SXM4-40GB MIG 4g.20gb (0),1,,13,[CUDA memcpy Host-to-Device]
4285486692,14080,99712,,,,,,,,,,1.547,109844.330,Device,,NVIDIA A100-SXM4-40GB MIG 4g.20gb (0),1,,13,[CUDA memset]
4285501540,3072,99717,,,,,,,,,,0.031,10187.474,Pinned,Device,NVIDIA A100-SXM4-40GB MIG 4g.20gb (0),1,,13,[CUDA memcpy Host-to-Device]
4285507204,9888,99718,,,,,,,,,,0.197,19883.360,Pinned,Device,NVIDIA A100-SXM4-40GB MIG 4g.20gb (0),1,,13,[CUDA memcpy Host-to-Device]
4285547427,32288,99719,273,1,1,8,4,1,39,0.002,0.000,,,,,NVIDIA A100-SXM4-40GB MIG 4g.20gb (0),1,,13,"void channel_eq::eqMmseCoefCompLowMimoKernel<float, float, float, (unsigned int)4, (unsigned int)1, (unsigned int)4>(const channel_eq::_puschRxChEqStatDescr *, channel_eq::_puschRxChEqCoefCompDynDescr)"
4285586243,34431,99720,273,1,1,12,11,1,51,0.002,0.000,,,,,NVIDIA A100-SXM4-40GB MIG 4g.20gb (0),1,,13,"void channel_eq::eqMmseSoftDemapKernel<float, __half, __half, float, (unsigned int)4, (unsigned short)16383>(channel_eq::_puschRxChEqStatDescr *, channel_eq::_puschRxChEqSoftDemapDynDescr)"
4285671938,563833,99721,1,1,1,32,32,1,30,0.000,0.000,,,,,NVIDIA A100-SXM4-40GB MIG 4g.20gb (0),1,,13,"void convert_kernel<float2, __half2>(tensor_layout_any, T1 *, tensor_layout_any, const T2 *)"
4286254747,18720,99733,2253,1,1,128,1,1,16,0.000,0.000,,,,,NVIDIA A100-SXM4-40GB MIG 4g.20gb (0),1,,13,cupy_copy__float16_float16
4286274747,3584,99742,282,1,1,128,1,1,16,0.000,0.000,,,,,NVIDIA A100-SXM4-40GB MIG 4g.20gb (0),1,,13,cupy_copy__complex64_complex64
4286321050,11808,99751,26,1,1,128,1,1,16,0.000,0.000,,,,,NVIDIA A100-SXM4-40GB MIG 4g.20gb (0),1,,13,cupy_copy__float32_float32
4286340890,20512,99760,103,1,1,128,1,1,16,0.000,0.000,,,,,NVIDIA A100-SXM4-40GB MIG 4g.20gb (0),1,,13,cupy_copy__complex64_complex64
4286423641,19488,99770,1434,1,1,128,1,1,16,0.000,0.000,,,,,NVIDIA A100-SXM4-40GB MIG 4g.20gb (0),1,,13,cupy_copy__complex64_complex64
4286454585,249789,99775,1,1,1,32,32,1,30,0.000,0.000,,,,,NVIDIA A100-SXM4-40GB MIG 4g.20gb (0),1,,13,"void convert_kernel<__half2, float2>(tensor_layout_any, T1 *, tensor_layout_any, const T2 *)"
4286734326,5376,99778,,,,,,,,,,0.094,17428.487,Pinned,Device,NVIDIA A100-SXM4-40GB MIG 4g.20gb (0),1,,13,[CUDA memcpy Host-to-Device]
4286755317,633369,99779,,,,,,,,,,456.561,720453.952,Device,,NVIDIA A100-SXM4-40GB MIG 4g.20gb (0),1,,13,[CUDA memset]
4287398414,50911,99784,,,,,,,,,,1.235,24256.770,Pinned,Device,NVIDIA A100-SXM4-40GB MIG 4g.20gb (0),1,,13,[CUDA memcpy Host-to-Device]
4287452013,10848,99785,,,,,,,,,,0.197,18123.719,Pinned,Device,NVIDIA A100-SXM4-40GB MIG 4g.20gb (0),1,,13,[CUDA memcpy Host-to-Device]
4287467821,18464,99786,69,4,1,48,1,1,76,0.002,0.000,,,,,NVIDIA A100-SXM4-40GB MIG 4g.20gb (0),1,,13,"void ch_est::windowedChEstPreNoDftSOfdmKernel<float, __half, float, (unsigned int)2, (unsigned int)1, (unsigned short)4>(ch_est::puschRxChEstStatDescr_t *, ch_est::puschRxChEstDynDescr_t *)"
4287521228,24896,99787,137,2,1,24,2,1,44,0.001,0.001,,,,,NVIDIA A100-SXM4-40GB MIG 4g.20gb (0),1,,13,"void ch_est::chEstFilterNoDftSOfdmDispatchKernel<float, __half, float, (unsigned int)2>(ch_est::puschRxChEstStatDescr_t *, ch_est::puschRxChEstDynDescr_t *)"
4287548684,36544,99788,137,2,1,24,2,1,44,0.001,0.001,,,,,NVIDIA A100-SXM4-40GB MIG 4g.20gb (0),1,,13,"void ch_est::chEstFilterNoDftSOfdmDispatchKernel<float, __half, float, (unsigned int)2>(ch_est::puschRxChEstStatDescr_t *, ch_est::puschRxChEstDynDescr_t *)"
4287616235,7520,99799,103,1,1,128,1,1,16,0.000,0.000,,,,,NVIDIA A100-SXM4-40GB MIG 4g.20gb (0),1,,13,cupy_copy__complex64_complex64
4287639531,18144,99809,1434,1,1,128,1,1,16,0.000,0.000,,,,,NVIDIA A100-SXM4-40GB MIG 4g.20gb (0),1,,13,cupy_copy__complex64_complex64
4287702090,10336,99816,103,1,1,128,1,1,16,0.000,0.000,,,,,NVIDIA A100-SXM4-40GB MIG 4g.20gb (0),1,,13,cupy_copy__complex64_complex64
4287729674,287037,99823,1,1,1,32,32,1,30,0.000,0.000,,,,,NVIDIA A100-SXM4-40GB MIG 4g.20gb (0),1,,13,"void convert_kernel<__half2, float2>(tensor_layout_any, T1 *, tensor_layout_any, const T2 *)"
4288047558,5824,99826,,,,,,,,,,0.094,16087.884,Pinned,Device,NVIDIA A100-SXM4-40GB MIG 4g.20gb (0),1,,13,[CUDA memcpy Host-to-Device]
4288101126,66719,99827,,,,,,,,,,35.810,536719.081,Device,,NVIDIA A100-SXM4-40GB MIG 4g.20gb (0),1,,13,[CUDA memset]
4288172837,1824,99829,,,,,,,,,,0.000,43.860,Pinned,Device,NVIDIA A100-SXM4-40GB MIG 4g.20gb (0),1,,13,[CUDA memcpy Host-to-Device]
4288177125,9856,99830,,,,,,,,,,0.197,19948.044,Pinned,Device,NVIDIA A100-SXM4-40GB MIG 4g.20gb (0),1,,13,[CUDA memcpy Host-to-Device]
4288296132,36671,99831,273,1,1,48,1,1,40,0.000,0.001,,,,,NVIDIA A100-SXM4-40GB MIG 4g.20gb (0),1,,13,"void pusch_noise_intf_est::noiseIntfEstNoDftSOfdmKernel<float, __half, float, float, (unsigned int)2, (unsigned int)1, (unsigned char)4, (unsigned char)4>(pusch_noise_intf_est::puschRxNoiseIntfEstDynDescr)"
4288447298,11360,99842,35,1,1,128,1,1,16,0.000,0.000,,,,,NVIDIA A100-SXM4-40GB MIG 4g.20gb (0),1,,13,cupy_copy__complex64_complex64
4288506945,7104,99851,1,1,1,1,1,1,18,0.000,0.000,,,,,NVIDIA A100-SXM4-40GB MIG 4g.20gb (0),1,,13,cupy_copy__float32_float32
4288516481,2816,99857,,,,,,,,,,0.000,1.420,Device,Pageable,NVIDIA A100-SXM4-40GB MIG 4g.20gb (0),1,,7,[CUDA memcpy Device-to-Host]
4288709599,23712,99868,1434,1,1,128,1,1,16,0.000,0.000,,,,,NVIDIA A100-SXM4-40GB MIG 4g.20gb (0),1,,13,cupy_copy__complex64_complex64
4288851581,7360,99875,103,1,1,128,1,1,16,0.000,0.000,,,,,NVIDIA A100-SXM4-40GB MIG 4g.20gb (0),1,,13,cupy_copy__complex64_complex64
4288967996,8736,99882,35,1,1,128,1,1,16,0.000,0.000,,,,,NVIDIA A100-SXM4-40GB MIG 4g.20gb (0),1,,13,cupy_copy__complex64_complex64
4289103226,8768,99889,1,1,1,1,1,1,18,0.000,0.000,,,,,NVIDIA A100-SXM4-40GB MIG 4g.20gb (0),1,,13,cupy_copy__float32_float32
4289159546,287004,99900,1,1,1,32,32,1,30,0.000,0.000,,,,,NVIDIA A100-SXM4-40GB MIG 4g.20gb (0),1,,13,"void convert_kernel<__half2, float2>(tensor_layout_any, T1 *, tensor_layout_any, const T2 *)"
4289475670,5408,99903,,,,,,,,,,0.094,17325.421,Pinned,Device,NVIDIA A100-SXM4-40GB MIG 4g.20gb (0),1,,13,[CUDA memcpy Host-to-Device]
4289658228,8608,99904,,,,,,,,,,1.547,179672.857,Device,,NVIDIA A100-SXM4-40GB MIG 4g.20gb (0),1,,13,[CUDA memset]
4289673300,3136,99909,,,,,,,,,,0.031,9979.575,Pinned,Device,NVIDIA A100-SXM4-40GB MIG 4g.20gb (0),1,,13,[CUDA memcpy Host-to-Device]
4289679092,9663,99910,,,,,,,,,,0.197,20346.372,Pinned,Device,NVIDIA A100-SXM4-40GB MIG 4g.20gb (0),1,,13,[CUDA memcpy Host-to-Device]
4289851858,19391,99911,273,1,1,8,4,1,39,0.002,0.000,,,,,NVIDIA A100-SXM4-40GB MIG 4g.20gb (0),1,,13,"void channel_eq::eqMmseCoefCompLowMimoKernel<float, float, float, (unsigned int)4, (unsigned int)1, (unsigned int)4>(const channel_eq::_puschRxChEqStatDescr *, channel_eq::_puschRxChEqCoefCompDynDescr)"
4289967056,25440,99912,273,1,1,12,11,1,51,0.002,0.000,,,,,NVIDIA A100-SXM4-40GB MIG 4g.20gb (0),1,,13,"void channel_eq::eqMmseSoftDemapKernel<float, __half, __half, float, (unsigned int)4, (unsigned short)16383>(channel_eq::_puschRxChEqStatDescr *, channel_eq::_puschRxChEqSoftDemapDynDescr)"
4290116463,710519,99913,1,1,1,32,32,1,30,0.000,0.000,,,,,NVIDIA A100-SXM4-40GB MIG 4g.20gb (0),1,,13,"void convert_kernel<float2, __half2>(tensor_layout_any, T1 *, tensor_layout_any, const T2 *)"
4290978117,22399,99925,2253,1,1,128,1,1,16,0.000,0.000,,,,,NVIDIA A100-SXM4-40GB MIG 4g.20gb (0),1,,13,cupy_copy__float16_float16
4291049124,13792,99934,282,1,1,128,1,1,16,0.000,0.000,,,,,NVIDIA A100-SXM4-40GB MIG 4g.20gb (0),1,,13,cupy_copy__complex64_complex64
4291092675,5216,99943,26,1,1,128,1,1,16,0.000,0.000,,,,,NVIDIA A100-SXM4-40GB MIG 4g.20gb (0),1,,13,cupy_copy__float32_float32
4291150435,14239,99952,103,1,1,128,1,1,16,0.000,0.000,,,,,NVIDIA A100-SXM4-40GB MIG 4g.20gb (0),1,,13,cupy_copy__complex64_complex64
4291165762,16128,99962,1434,1,1,128,1,1,16,0.000,0.000,,,,,NVIDIA A100-SXM4-40GB MIG 4g.20gb (0),1,,13,cupy_copy__complex64_complex64
4291183042,534522,99967,1,1,1,32,32,1,30,0.000,0.000,,,,,NVIDIA A100-SXM4-40GB MIG 4g.20gb (0),1,,13,"void convert_kernel<__half2, float2>(tensor_layout_any, T1 *, tensor_layout_any, const T2 *)"
4291747452,6240,99970,,,,,,,,,,0.094,15015.346,Pinned,Device,NVIDIA A100-SXM4-40GB MIG 4g.20gb (0),1,,13,[CUDA memcpy Host-to-Device]
4291853850,649625,99971,,,,,,,,,,456.561,702648.056,Device,,NVIDIA A100-SXM4-40GB MIG 4g.20gb (0),1,,13,[CUDA memset]
4292511955,50911,99976,,,,,,,,,,1.235,24256.770,Pinned,Device,NVIDIA A100-SXM4-40GB MIG 4g.20gb (0),1,,13,[CUDA memcpy Host-to-Device]
4292565682,10432,99977,,,,,,,,,,0.197,18846.450,Pinned,Device,NVIDIA A100-SXM4-40GB MIG 4g.20gb (0),1,,13,[CUDA memcpy Host-to-Device]
4292622226,22527,99978,69,4,1,48,1,1,76,0.002,0.000,,,,,NVIDIA A100-SXM4-40GB MIG 4g.20gb (0),1,,13,"void ch_est::windowedChEstPreNoDftSOfdmKernel<float, __half, float, (unsigned int)2, (unsigned int)1, (unsigned short)4>(ch_est::puschRxChEstStatDescr_t *, ch_est::puschRxChEstDynDescr_t *)"
4292685009,8608,99979,137,2,1,24,2,1,44,0.001,0.001,,,,,NVIDIA A100-SXM4-40GB MIG 4g.20gb (0),1,,13,"void ch_est::chEstFilterNoDftSOfdmDispatchKernel<float, __half, float, (unsigned int)2>(ch_est::puschRxChEstStatDescr_t *, ch_est::puschRxChEstDynDescr_t *)"
4292750448,26112,99980,137,2,1,24,2,1,44,0.001,0.001,,,,,NVIDIA A100-SXM4-40GB MIG 4g.20gb (0),1,,13,"void ch_est::chEstFilterNoDftSOfdmDispatchKernel<float, __half, float, (unsigned int)2>(ch_est::puschRxChEstStatDescr_t *, ch_est::puschRxChEstDynDescr_t *)"
4292806160,7743,99991,103,1,1,128,1,1,16,0.000,0.000,,,,,NVIDIA A100-SXM4-40GB MIG 4g.20gb (0),1,,13,cupy_copy__complex64_complex64
4292815023,16288,100001,1434,1,1,128,1,1,16,0.000,0.000,,,,,NVIDIA A100-SXM4-40GB MIG 4g.20gb (0),1,,13,cupy_copy__complex64_complex64
4292832399,3648,100008,103,1,1,128,1,1,16,0.000,0.000,,,,,NVIDIA A100-SXM4-40GB MIG 4g.20gb (0),1,,13,cupy_copy__complex64_complex64
4292837135,529146,100015,1,1,1,32,32,1,30,0.000,0.000,,,,,NVIDIA A100-SXM4-40GB MIG 4g.20gb (0),1,,13,"void convert_kernel<__half2, float2>(tensor_layout_any, T1 *, tensor_layout_any, const T2 *)"
4293394409,5440,100018,,,,,,,,,,0.094,17223.480,Pinned,Device,NVIDIA A100-SXM4-40GB MIG 4g.20gb (0),1,,13,[CUDA memcpy Host-to-Device]
4293465352,85119,100019,,,,,,,,,,35.810,420694.940,Device,,NVIDIA A100-SXM4-40GB MIG 4g.20gb (0),1,,13,[CUDA memset]
4293559815,1824,100021,,,,,,,,,,0.000,43.860,Pinned,Device,NVIDIA A100-SXM4-40GB MIG 4g.20gb (0),1,,13,[CUDA memcpy Host-to-Device]
4293564071,9600,100022,,,,,,,,,,0.197,20479.869,Pinned,Device,NVIDIA A100-SXM4-40GB MIG 4g.20gb (0),1,,13,[CUDA memcpy Host-to-Device]
4293657062,32575,100023,273,1,1,48,1,1,40,0.000,0.001,,,,,NVIDIA A100-SXM4-40GB MIG 4g.20gb (0),1,,13,"void pusch_noise_intf_est::noiseIntfEstNoDftSOfdmKernel<float, __half, float, float, (unsigned int)2, (unsigned int)1, (unsigned char)4, (unsigned char)4>(pusch_noise_intf_est::puschRxNoiseIntfEstDynDescr)"
4293721477,12320,100034,35,1,1,128,1,1,16,0.000,0.000,,,,,NVIDIA A100-SXM4-40GB MIG 4g.20gb (0),1,,13,cupy_copy__complex64_complex64
4293765412,2016,100043,1,1,1,1,1,1,18,0.000,0.000,,,,,NVIDIA A100-SXM4-40GB MIG 4g.20gb (0),1,,13,cupy_copy__float32_float32
4293776420,1600,100049,,,,,,,,,,0.000,2.500,Device,Pageable,NVIDIA A100-SXM4-40GB MIG 4g.20gb (0),1,,7,[CUDA memcpy Device-to-Host]
4293858563,20800,100060,1434,1,1,128,1,1,16,0.000,0.000,,,,,NVIDIA A100-SXM4-40GB MIG 4g.20gb (0),1,,13,cupy_copy__complex64_complex64
4293915235,7584,100067,103,1,1,128,1,1,16,0.000,0.000,,,,,NVIDIA A100-SXM4-40GB MIG 4g.20gb (0),1,,13,cupy_copy__complex64_complex64
4293973602,10400,100074,35,1,1,128,1,1,16,0.000,0.000,,,,,NVIDIA A100-SXM4-40GB MIG 4g.20gb (0),1,,13,cupy_copy__complex64_complex64
4294023169,3712,100081,1,1,1,1,1,1,18,0.000,0.000,,,,,NVIDIA A100-SXM4-40GB MIG 4g.20gb (0),1,,13,cupy_copy__float32_float32
4294096897,268381,100092,1,1,1,32,32,1,30,0.000,0.000,,,,,NVIDIA A100-SXM4-40GB MIG 4g.20gb (0),1,,13,"void convert_kernel<__half2, float2>(tensor_layout_any, T1 *, tensor_layout_any, const T2 *)"
4294396829,5440,100095,,,,,,,,,,0.094,17223.480,Pinned,Device,NVIDIA A100-SXM4-40GB MIG 4g.20gb (0),1,,13,[CUDA memcpy Host-to-Device]
4294504860,4256,100096,,,,,,,,,,1.547,363397.868,Device,,NVIDIA A100-SXM4-40GB MIG 4g.20gb (0),1,,13,[CUDA memset]
4294514140,3328,100101,,,,,,,,,,0.031,9403.822,Pinned,Device,NVIDIA A100-SXM4-40GB MIG 4g.20gb (0),1,,13,[CUDA memcpy Host-to-Device]
4294519900,9856,100102,,,,,,,,,,0.197,19948.044,Pinned,Device,NVIDIA A100-SXM4-40GB MIG 4g.20gb (0),1,,13,[CUDA memcpy Host-to-Device]
4294653626,10400,100103,273,1,1,8,4,1,39,0.002,0.000,,,,,NVIDIA A100-SXM4-40GB MIG 4g.20gb (0),1,,13,"void channel_eq::eqMmseCoefCompLowMimoKernel<float, float, float, (unsigned int)4, (unsigned int)1, (unsigned int)4>(const channel_eq::_puschRxChEqStatDescr *, channel_eq::_puschRxChEqCoefCompDynDescr)"
4294830424,28992,100104,273,1,1,12,11,1,51,0.002,0.000,,,,,NVIDIA A100-SXM4-40GB MIG 4g.20gb (0),1,,13,"void channel_eq::eqMmseSoftDemapKernel<float, __half, __half, float, (unsigned int)4, (unsigned short)16383>(channel_eq::_puschRxChEqStatDescr *, channel_eq::_puschRxChEqSoftDemapDynDescr)"
4294963991,679384,100105,1,1,1,32,32,1,30,0.000,0.000,,,,,NVIDIA A100-SXM4-40GB MIG 4g.20gb (0),1,,13,"void convert_kernel<float2, __half2>(tensor_layout_any, T1 *, tensor_layout_any, const T2 *)"
4295805229,21376,100117,2253,1,1,128,1,1,16,0.000,0.000,,,,,NVIDIA A100-SXM4-40GB MIG 4g.20gb (0),1,,13,cupy_copy__float16_float16
4295961739,6144,100126,282,1,1,128,1,1,16,0.000,0.000,,,,,NVIDIA A100-SXM4-40GB MIG 4g.20gb (0),1,,13,cupy_copy__complex64_complex64
4296078570,4320,100135,26,1,1,128,1,1,16,0.000,0.000,,,,,NVIDIA A100-SXM4-40GB MIG 4g.20gb (0),1,,13,cupy_copy__float32_float32
4296216808,14432,100144,103,1,1,128,1,1,16,0.000,0.000,,,,,NVIDIA A100-SXM4-40GB MIG 4g.20gb (0),1,,13,cupy_copy__complex64_complex64
4296491205,16064,100154,1434,1,1,128,1,1,16,0.000,0.000,,,,,NVIDIA A100-SXM4-40GB MIG 4g.20gb (0),1,,13,cupy_copy__complex64_complex64
4296688675,267325,100159,1,1,1,32,32,1,30,0.000,0.000,,,,,NVIDIA A100-SXM4-40GB MIG 4g.20gb (0),1,,13,"void convert_kernel<__half2, float2>(tensor_layout_any, T1 *, tensor_layout_any, const T2 *)"
4296988415,5376,100162,,,,,,,,,,0.094,17428.487,Pinned,Device,NVIDIA A100-SXM4-40GB MIG 4g.20gb (0),1,,13,[CUDA memcpy Host-to-Device]
4297049215,636248,100163,,,,,,,,,,456.561,717258.022,Device,,NVIDIA A100-SXM4-40GB MIG 4g.20gb (0),1,,13,[CUDA memset]
4297692279,53056,100168,,,,,,,,,,1.235,23276.225,Pinned,Device,NVIDIA A100-SXM4-40GB MIG 4g.20gb (0),1,,13,[CUDA memcpy Host-to-Device]
4297747766,10912,100169,,,,,,,,,,0.197,18017.550,Pinned,Device,NVIDIA A100-SXM4-40GB MIG 4g.20gb (0),1,,13,[CUDA memcpy Host-to-Device]
4297850549,23744,100170,69,4,1,48,1,1,76,0.002,0.000,,,,,NVIDIA A100-SXM4-40GB MIG 4g.20gb (0),1,,13,"void ch_est::windowedChEstPreNoDftSOfdmKernel<float, __half, float, (unsigned int)2, (unsigned int)1, (unsigned short)4>(ch_est::puschRxChEstStatDescr_t *, ch_est::puschRxChEstDynDescr_t *)"
4297912309,6720,100171,137,2,1,24,2,1,44,0.001,0.001,,,,,NVIDIA A100-SXM4-40GB MIG 4g.20gb (0),1,,13,"void ch_est::chEstFilterNoDftSOfdmDispatchKernel<float, __half, float, (unsigned int)2>(ch_est::puschRxChEstStatDescr_t *, ch_est::puschRxChEstDynDescr_t *)"
4297974644,24096,100172,137,2,1,24,2,1,44,0.001,0.001,,,,,NVIDIA A100-SXM4-40GB MIG 4g.20gb (0),1,,13,"void ch_est::chEstFilterNoDftSOfdmDispatchKernel<float, __half, float, (unsigned int)2>(ch_est::puschRxChEstStatDescr_t *, ch_est::puschRxChEstDynDescr_t *)"
4298028755,5216,100183,103,1,1,128,1,1,16,0.000,0.000,,,,,NVIDIA A100-SXM4-40GB MIG 4g.20gb (0),1,,13,cupy_copy__complex64_complex64
4298089203,19583,100193,1434,1,1,128,1,1,16,0.000,0.000,,,,,NVIDIA A100-SXM4-40GB MIG 4g.20gb (0),1,,13,cupy_copy__complex64_complex64
4298144626,5632,100200,103,1,1,128,1,1,16,0.000,0.000,,,,,NVIDIA A100-SXM4-40GB MIG 4g.20gb (0),1,,13,cupy_copy__complex64_complex64
4298212273,244861,100207,1,1,1,32,32,1,30,0.000,0.000,,,,,NVIDIA A100-SXM4-40GB MIG 4g.20gb (0),1,,13,"void convert_kernel<__half2, float2>(tensor_layout_any, T1 *, tensor_layout_any, const T2 *)"
4298496206,5408,100210,,,,,,,,,,0.094,17325.421,Pinned,Device,NVIDIA A100-SXM4-40GB MIG 4g.20gb (0),1,,13,[CUDA memcpy Host-to-Device]
4298585037,60799,100211,,,,,,,,,,35.810,588965.754,Device,,NVIDIA A100-SXM4-40GB MIG 4g.20gb (0),1,,13,[CUDA memset]
4298651628,14144,100213,,,,,,,,,,0.000,5.656,Pinned,Device,NVIDIA A100-SXM4-40GB MIG 4g.20gb (0),1,,13,[CUDA memcpy Host-to-Device]
4298668236,9920,100214,,,,,,,,,,0.197,19819.266,Pinned,Device,NVIDIA A100-SXM4-40GB MIG 4g.20gb (0),1,,13,[CUDA memcpy Host-to-Device]
4298749547,28576,100215,273,1,1,48,1,1,40,0.000,0.001,,,,,NVIDIA A100-SXM4-40GB MIG 4g.20gb (0),1,,13,"void pusch_noise_intf_est::noiseIntfEstNoDftSOfdmKernel<float, __half, float, float, (unsigned int)2, (unsigned int)1, (unsigned char)4, (unsigned char)4>(pusch_noise_intf_est::puschRxNoiseIntfEstDynDescr)"
4298815082,12768,100226,35,1,1,128,1,1,16,0.000,0.000,,,,,NVIDIA A100-SXM4-40GB MIG 4g.20gb (0),1,,13,cupy_copy__complex64_complex64
4298865610,2368,100235,1,1,1,1,1,1,18,0.000,0.000,,,,,NVIDIA A100-SXM4-40GB MIG 4g.20gb (0),1,,13,cupy_copy__float32_float32
4298869002,1632,100241,,,,,,,,,,0.000,2.451,Device,Pageable,NVIDIA A100-SXM4-40GB MIG 4g.20gb (0),1,,7,[CUDA memcpy Device-to-Host]
4298953833,25791,100252,1434,1,1,128,1,1,16,0.000,0.000,,,,,NVIDIA A100-SXM4-40GB MIG 4g.20gb (0),1,,13,cupy_copy__complex64_complex64
4299012520,9280,100259,103,1,1,128,1,1,16,0.000,0.000,,,,,NVIDIA A100-SXM4-40GB MIG 4g.20gb (0),1,,13,cupy_copy__complex64_complex64
4299122471,10239,100266,35,1,1,128,1,1,16,0.000,0.000,,,,,NVIDIA A100-SXM4-40GB MIG 4g.20gb (0),1,,13,cupy_copy__complex64_complex64
4299183590,4800,100273,1,1,1,1,1,1,18,0.000,0.000,,,,,NVIDIA A100-SXM4-40GB MIG 4g.20gb (0),1,,13,cupy_copy__float32_float32
4299379492,270397,100284,1,1,1,32,32,1,30,0.000,0.000,,,,,NVIDIA A100-SXM4-40GB MIG 4g.20gb (0),1,,13,"void convert_kernel<__half2, float2>(tensor_layout_any, T1 *, tensor_layout_any, const T2 *)"
4299680672,5760,100287,,,,,,,,,,0.094,16266.656,Pinned,Device,NVIDIA A100-SXM4-40GB MIG 4g.20gb (0),1,,13,[CUDA memcpy Host-to-Device]
4299835294,4256,100288,,,,,,,,,,1.547,363397.868,Device,,NVIDIA A100-SXM4-40GB MIG 4g.20gb (0),1,,13,[CUDA memset]
4299846942,3232,100293,,,,,,,,,,0.031,9683.139,Pinned,Device,NVIDIA A100-SXM4-40GB MIG 4g.20gb (0),1,,13,[CUDA memcpy Host-to-Device]
4299855902,9408,100294,,,,,,,,,,0.197,20897.858,Pinned,Device,NVIDIA A100-SXM4-40GB MIG 4g.20gb (0),1,,13,[CUDA memcpy Host-to-Device]
4299902942,22303,100295,273,1,1,8,4,1,39,0.002,0.000,,,,,NVIDIA A100-SXM4-40GB MIG 4g.20gb (0),1,,13,"void channel_eq::eqMmseCoefCompLowMimoKernel<float, float, float, (unsigned int)4, (unsigned int)1, (unsigned int)4>(const channel_eq::_puschRxChEqStatDescr *, channel_eq::_puschRxChEqCoefCompDynDescr)"
4300056188,10432,100296,273,1,1,12,11,1,51,0.002,0.000,,,,,NVIDIA A100-SXM4-40GB MIG 4g.20gb (0),1,,13,"void channel_eq::eqMmseSoftDemapKernel<float, __half, __half, float, (unsigned int)4, (unsigned short)16383>(channel_eq::_puschRxChEqStatDescr *, channel_eq::_puschRxChEqSoftDemapDynDescr)"
4300347064,664985,100297,1,1,1,32,32,1,30,0.000,0.000,,,,,NVIDIA A100-SXM4-40GB MIG 4g.20gb (0),1,,13,"void convert_kernel<float2, __half2>(tensor_layout_any, T1 *, tensor_layout_any, const T2 *)"
4301144271,20160,100309,2253,1,1,128,1,1,16,0.000,0.000,,,,,NVIDIA A100-SXM4-40GB MIG 4g.20gb (0),1,,13,cupy_copy__float16_float16
4301292942,13919,100318,282,1,1,128,1,1,16,0.000,0.000,,,,,NVIDIA A100-SXM4-40GB MIG 4g.20gb (0),1,,13,cupy_copy__complex64_complex64
4301445708,3744,100327,26,1,1,128,1,1,16,0.000,0.000,,,,,NVIDIA A100-SXM4-40GB MIG 4g.20gb (0),1,,13,cupy_copy__float32_float32
4301547851,5856,100336,103,1,1,128,1,1,16,0.000,0.000,,,,,NVIDIA A100-SXM4-40GB MIG 4g.20gb (0),1,,13,cupy_copy__complex64_complex64
4301690441,20544,100346,1434,1,1,128,1,1,16,0.000,0.000,,,,,NVIDIA A100-SXM4-40GB MIG 4g.20gb (0),1,,13,cupy_copy__complex64_complex64
4301843047,268541,100351,1,1,1,32,32,1,30,0.000,0.000,,,,,NVIDIA A100-SXM4-40GB MIG 4g.20gb (0),1,,13,"void convert_kernel<__half2, float2>(tensor_layout_any, T1 *, tensor_layout_any, const T2 *)"
4302177283,5408,100354,,,,,,,,,,0.094,17325.421,Pinned,Device,NVIDIA A100-SXM4-40GB MIG 4g.20gb (0),1,,13,[CUDA memcpy Host-to-Device]
4302216515,635417,100355,,,,,,,,,,456.561,718171.145,Device,,NVIDIA A100-SXM4-40GB MIG 4g.20gb (0),1,,13,[CUDA memset]
4302857276,50623,100360,,,,,,,,,,1.235,24393.849,Pinned,Device,NVIDIA A100-SXM4-40GB MIG 4g.20gb (0),1,,13,[CUDA memcpy Host-to-Device]
4302910395,9344,100361,,,,,,,,,,0.197,21040.988,Pinned,Device,NVIDIA A100-SXM4-40GB MIG 4g.20gb (0),1,,13,[CUDA memcpy Host-to-Device]
4302964122,23424,100362,69,4,1,48,1,1,76,0.002,0.000,,,,,NVIDIA A100-SXM4-40GB MIG 4g.20gb (0),1,,13,"void ch_est::windowedChEstPreNoDftSOfdmKernel<float, __half, float, (unsigned int)2, (unsigned int)1, (unsigned short)4>(ch_est::puschRxChEstStatDescr_t *, ch_est::puschRxChEstDynDescr_t *)"
4303027002,37183,100363,137,2,1,24,2,1,44,0.001,0.001,,,,,NVIDIA A100-SXM4-40GB MIG 4g.20gb (0),1,,13,"void ch_est::chEstFilterNoDftSOfdmDispatchKernel<float, __half, float, (unsigned int)2>(ch_est::puschRxChEstStatDescr_t *, ch_est::puschRxChEstDynDescr_t *)"
4303091449,25248,100364,137,2,1,24,2,1,44,0.001,0.001,,,,,NVIDIA A100-SXM4-40GB MIG 4g.20gb (0),1,,13,"void ch_est::chEstFilterNoDftSOfdmDispatchKernel<float, __half, float, (unsigned int)2>(ch_est::puschRxChEstStatDescr_t *, ch_est::puschRxChEstDynDescr_t *)"
4303147128,5440,100375,103,1,1,128,1,1,16,0.000,0.000,,,,,NVIDIA A100-SXM4-40GB MIG 4g.20gb (0),1,,13,cupy_copy__complex64_complex64
4303204504,19647,100385,1434,1,1,128,1,1,16,0.000,0.000,,,,,NVIDIA A100-SXM4-40GB MIG 4g.20gb (0),1,,13,cupy_copy__complex64_complex64
4303258903,7744,100392,103,1,1,128,1,1,16,0.000,0.000,,,,,NVIDIA A100-SXM4-40GB MIG 4g.20gb (0),1,,13,cupy_copy__complex64_complex64
4303333654,288285,100399,1,1,1,32,32,1,30,0.000,0.000,,,,,NVIDIA A100-SXM4-40GB MIG 4g.20gb (0),1,,13,"void convert_kernel<__half2, float2>(tensor_layout_any, T1 *, tensor_layout_any, const T2 *)"
4303683026,14528,100402,,,,,,,,,,0.094,6449.283,Pinned,Device,NVIDIA A100-SXM4-40GB MIG 4g.20gb (0),1,,13,[CUDA memcpy Host-to-Device]
4303798481,65055,100403,,,,,,,,,,35.810,550434.280,Device,,NVIDIA A100-SXM4-40GB MIG 4g.20gb (0),1,,13,[CUDA memset]
4303864208,1824,100405,,,,,,,,,,0.000,43.860,Pinned,Device,NVIDIA A100-SXM4-40GB MIG 4g.20gb (0),1,,13,[CUDA memcpy Host-to-Device]
4303868624,14400,100406,,,,,,,,,,0.197,13653.246,Pinned,Device,NVIDIA A100-SXM4-40GB MIG 4g.20gb (0),1,,13,[CUDA memcpy Host-to-Device]
4304036142,27712,100407,273,1,1,48,1,1,40,0.000,0.001,,,,,NVIDIA A100-SXM4-40GB MIG 4g.20gb (0),1,,13,"void pusch_noise_intf_est::noiseIntfEstNoDftSOfdmKernel<float, __half, float, float, (unsigned int)2, (unsigned int)1, (unsigned char)4, (unsigned char)4>(pusch_noise_intf_est::puschRxNoiseIntfEstDynDescr)"
4304146541,8096,100418,35,1,1,128,1,1,16,0.000,0.000,,,,,NVIDIA A100-SXM4-40GB MIG 4g.20gb (0),1,,13,cupy_copy__complex64_complex64
4304269323,5920,100427,1,1,1,1,1,1,18,0.000,0.000,,,,,NVIDIA A100-SXM4-40GB MIG 4g.20gb (0),1,,13,cupy_copy__float32_float32
4304284171,1600,100433,,,,,,,,,,0.000,2.500,Device,Pageable,NVIDIA A100-SXM4-40GB MIG 4g.20gb (0),1,,7,[CUDA memcpy Device-to-Host]
4304431369,18176,100444,1434,1,1,128,1,1,16,0.000,0.000,,,,,NVIDIA A100-SXM4-40GB MIG 4g.20gb (0),1,,13,cupy_copy__complex64_complex64
4304557256,11488,100451,103,1,1,128,1,1,16,0.000,0.000,,,,,NVIDIA A100-SXM4-40GB MIG 4g.20gb (0),1,,13,cupy_copy__complex64_complex64
4304658983,4160,100458,35,1,1,128,1,1,16,0.000,0.000,,,,,NVIDIA A100-SXM4-40GB MIG 4g.20gb (0),1,,13,cupy_copy__complex64_complex64
4304797477,4448,100465,1,1,1,1,1,1,18,0.000,0.000,,,,,NVIDIA A100-SXM4-40GB MIG 4g.20gb (0),1,,13,cupy_copy__float32_float32
4304922020,290012,100476,1,1,1,32,32,1,30,0.000,0.000,,,,,NVIDIA A100-SXM4-40GB MIG 4g.20gb (0),1,,13,"void convert_kernel<__half2, float2>(tensor_layout_any, T1 *, tensor_layout_any, const T2 *)"
4305243488,6368,100479,,,,,,,,,,0.094,14713.551,Pinned,Device,NVIDIA A100-SXM4-40GB MIG 4g.20gb (0),1,,13,[CUDA memcpy Host-to-Device]
4305392158,10208,100480,,,,,,,,,,1.547,151510.380,Device,,NVIDIA A100-SXM4-40GB MIG 4g.20gb (0),1,,13,[CUDA memset]
4305411262,3040,100485,,,,,,,,,,0.031,10294.725,Pinned,Device,NVIDIA A100-SXM4-40GB MIG 4g.20gb (0),1,,13,[CUDA memcpy Host-to-Device]
4305416958,10528,100486,,,,,,,,,,0.197,18674.614,Pinned,Device,NVIDIA A100-SXM4-40GB MIG 4g.20gb (0),1,,13,[CUDA memcpy Host-to-Device]
4305559484,28032,100487,273,1,1,8,4,1,39,0.002,0.000,,,,,NVIDIA A100-SXM4-40GB MIG 4g.20gb (0),1,,13,"void channel_eq::eqMmseCoefCompLowMimoKernel<float, float, float, (unsigned int)4, (unsigned int)1, (unsigned int)4>(const channel_eq::_puschRxChEqStatDescr *, channel_eq::_puschRxChEqCoefCompDynDescr)"
4305664379,44032,100488,273,1,1,12,11,1,51,0.002,0.000,,,,,NVIDIA A100-SXM4-40GB MIG 4g.20gb (0),1,,13,"void channel_eq::eqMmseSoftDemapKernel<float, __half, __half, float, (unsigned int)4, (unsigned short)16383>(channel_eq::_puschRxChEqStatDescr *, channel_eq::_puschRxChEqSoftDemapDynDescr)"
4305787034,685112,100489,1,1,1,32,32,1,30,0.000,0.000,,,,,NVIDIA A100-SXM4-40GB MIG 4g.20gb (0),1,,13,"void convert_kernel<float2, __half2>(tensor_layout_any, T1 *, tensor_layout_any, const T2 *)"
4306523057,19712,100501,2253,1,1,128,1,1,16,0.000,0.000,,,,,NVIDIA A100-SXM4-40GB MIG 4g.20gb (0),1,,13,cupy_copy__float16_float16
4306627792,13312,100510,282,1,1,128,1,1,16,0.000,0.000,,,,,NVIDIA A100-SXM4-40GB MIG 4g.20gb (0),1,,13,cupy_copy__complex64_complex64
4307219945,9760,100519,26,1,1,128,1,1,16,0.000,0.000,,,,,NVIDIA A100-SXM4-40GB MIG 4g.20gb (0),1,,13,cupy_copy__float32_float32
4307333256,7200,100528,103,1,1,128,1,1,16,0.000,0.000,,,,,NVIDIA A100-SXM4-40GB MIG 4g.20gb (0),1,,13,cupy_copy__complex64_complex64
4307438311,20159,100538,1434,1,1,128,1,1,16,0.000,0.000,,,,,NVIDIA A100-SXM4-40GB MIG 4g.20gb (0),1,,13,cupy_copy__complex64_complex64
4307556421,290077,100543,1,1,1,32,32,1,30,0.000,0.000,,,,,NVIDIA A100-SXM4-40GB MIG 4g.20gb (0),1,,13,"void convert_kernel<__half2, float2>(tensor_layout_any, T1 *, tensor_layout_any, const T2 *)"
4307880994,11935,100546,,,,,,,,,,0.094,7850.507,Pinned,Device,NVIDIA A100-SXM4-40GB MIG 4g.20gb (0),1,,13,[CUDA memcpy Host-to-Device]
4308038208,612761,100547,,,,,,,,,,456.561,744651.709,Device,,NVIDIA A100-SXM4-40GB MIG 4g.20gb (0),1,,13,[CUDA memset]
4308657721,63807,100552,,,,,,,,,,1.235,19354.042,Pinned,Device,NVIDIA A100-SXM4-40GB MIG 4g.20gb (0),1,,13,[CUDA memcpy Host-to-Device]
4308724184,12768,100553,,,,,,,,,,0.197,15398.339,Pinned,Device,NVIDIA A100-SXM4-40GB MIG 4g.20gb (0),1,,13,[CUDA memcpy Host-to-Device]
4308872598,21376,100554,69,4,1,48,1,1,76,0.002,0.000,,,,,NVIDIA A100-SXM4-40GB MIG 4g.20gb (0),1,,13,"void ch_est::windowedChEstPreNoDftSOfdmKernel<float, __half, float, (unsigned int)2, (unsigned int)1, (unsigned short)4>(ch_est::puschRxChEstStatDescr_t *, ch_est::puschRxChEstDynDescr_t *)"
4309001621,20959,100555,137,2,1,24,2,1,44,0.001,0.001,,,,,NVIDIA A100-SXM4-40GB MIG 4g.20gb (0),1,,13,"void ch_est::chEstFilterNoDftSOfdmDispatchKernel<float, __half, float, (unsigned int)2>(ch_est::puschRxChEstStatDescr_t *, ch_est::puschRxChEstDynDescr_t *)"
4309172371,27839,100556,137,2,1,24,2,1,44,0.001,0.001,,,,,NVIDIA A100-SXM4-40GB MIG 4g.20gb (0),1,,13,"void ch_est::chEstFilterNoDftSOfdmDispatchKernel<float, __half, float, (unsigned int)2>(ch_est::puschRxChEstStatDescr_t *, ch_est::puschRxChEstDynDescr_t *)"
4309281969,4896,100567,103,1,1,128,1,1,16,0.000,0.000,,,,,NVIDIA A100-SXM4-40GB MIG 4g.20gb (0),1,,13,cupy_copy__complex64_complex64
4309345489,23487,100577,1434,1,1,128,1,1,16,0.000,0.000,,,,,NVIDIA A100-SXM4-40GB MIG 4g.20gb (0),1,,13,cupy_copy__complex64_complex64
4309402352,7104,100584,103,1,1,128,1,1,16,0.000,0.000,,,,,NVIDIA A100-SXM4-40GB MIG 4g.20gb (0),1,,13,cupy_copy__complex64_complex64
4309467695,276701,100591,1,1,1,32,32,1,30,0.000,0.000,,,,,NVIDIA A100-SXM4-40GB MIG 4g.20gb (0),1,,13,"void convert_kernel<__half2, float2>(tensor_layout_any, T1 *, tensor_layout_any, const T2 *)"
4309775372,7520,100594,,,,,,,,,,0.094,12459.507,Pinned,Device,NVIDIA A100-SXM4-40GB MIG 4g.20gb (0),1,,13,[CUDA memcpy Host-to-Device]
4309885098,61312,100595,,,,,,,,,,35.810,584059.795,Device,,NVIDIA A100-SXM4-40GB MIG 4g.20gb (0),1,,13,[CUDA memset]
4309952330,1856,100597,,,,,,,,,,0.000,43.103,Pinned,Device,NVIDIA A100-SXM4-40GB MIG 4g.20gb (0),1,,13,[CUDA memcpy Host-to-Device]
4309956650,10015,100598,,,,,,,,,,0.197,19631.309,Pinned,Device,NVIDIA A100-SXM4-40GB MIG 4g.20gb (0),1,,13,[CUDA memcpy Host-to-Device]
4310587202,27424,100599,273,1,1,48,1,1,40,0.000,0.001,,,,,NVIDIA A100-SXM4-40GB MIG 4g.20gb (0),1,,13,"void pusch_noise_intf_est::noiseIntfEstNoDftSOfdmKernel<float, __half, float, float, (unsigned int)2, (unsigned int)1, (unsigned char)4, (unsigned char)4>(pusch_noise_intf_est::puschRxNoiseIntfEstDynDescr)"
4310706017,7200,100610,35,1,1,128,1,1,16,0.000,0.000,,,,,NVIDIA A100-SXM4-40GB MIG 4g.20gb (0),1,,13,cupy_copy__complex64_complex64
4310819264,3264,100619,1,1,1,1,1,1,18,0.000,0.000,,,,,NVIDIA A100-SXM4-40GB MIG 4g.20gb (0),1,,13,cupy_copy__float32_float32
4310831231,1632,100625,,,,,,,,,,0.000,2.451,Device,Pageable,NVIDIA A100-SXM4-40GB MIG 4g.20gb (0),1,,7,[CUDA memcpy Device-to-Host]
4310986046,20863,100636,1434,1,1,128,1,1,16,0.000,0.000,,,,,NVIDIA A100-SXM4-40GB MIG 4g.20gb (0),1,,13,cupy_copy__complex64_complex64
4311098684,10464,100643,103,1,1,128,1,1,16,0.000,0.000,,,,,NVIDIA A100-SXM4-40GB MIG 4g.20gb (0),1,,13,cupy_copy__complex64_complex64
4311218971,8192,100650,35,1,1,128,1,1,16,0.000,0.000,,,,,NVIDIA A100-SXM4-40GB MIG 4g.20gb (0),1,,13,cupy_copy__complex64_complex64
4311329402,4960,100657,1,1,1,1,1,1,18,0.000,0.000,,,,,NVIDIA A100-SXM4-40GB MIG 4g.20gb (0),1,,13,cupy_copy__float32_float32
4311441080,296701,100668,1,1,1,32,32,1,30,0.000,0.000,,,,,NVIDIA A100-SXM4-40GB MIG 4g.20gb (0),1,,13,"void convert_kernel<__half2, float2>(tensor_layout_any, T1 *, tensor_layout_any, const T2 *)"
4311768725,5568,100671,,,,,,,,,,0.094,16827.521,Pinned,Device,NVIDIA A100-SXM4-40GB MIG 4g.20gb (0),1,,13,[CUDA memcpy Host-to-Device]
4311917619,11072,100672,,,,,,,,,,1.547,139686.440,Device,,NVIDIA A100-SXM4-40GB MIG 4g.20gb (0),1,,13,[CUDA memset]
4311931283,3456,100677,,,,,,,,,,0.031,9055.529,Pinned,Device,NVIDIA A100-SXM4-40GB MIG 4g.20gb (0),1,,13,[CUDA memcpy Host-to-Device]
4311937171,9536,100678,,,,,,,,,,0.197,20617.298,Pinned,Device,NVIDIA A100-SXM4-40GB MIG 4g.20gb (0),1,,13,[CUDA memcpy Host-to-Device]
4312088977,20800,100679,273,1,1,8,4,1,39,0.002,0.000,,,,,NVIDIA A100-SXM4-40GB MIG 4g.20gb (0),1,,13,"void channel_eq::eqMmseCoefCompLowMimoKernel<float, float, float, (unsigned int)4, (unsigned int)1, (unsigned int)4>(const channel_eq::_puschRxChEqStatDescr *, channel_eq::_puschRxChEqCoefCompDynDescr)"
4312211792,14271,100680,273,1,1,12,11,1,51,0.002,0.000,,,,,NVIDIA A100-SXM4-40GB MIG 4g.20gb (0),1,,13,"void channel_eq::eqMmseSoftDemapKernel<float, __half, __half, float, (unsigned int)4, (unsigned short)16383>(channel_eq::_puschRxChEqStatDescr *, channel_eq::_puschRxChEqSoftDemapDynDescr)"
4312325934,617465,100681,1,1,1,32,32,1,30,0.000,0.000,,,,,NVIDIA A100-SXM4-40GB MIG 4g.20gb (0),1,,13,"void convert_kernel<float2, __half2>(tensor_layout_any, T1 *, tensor_layout_any, const T2 *)"
4313002758,20384,100693,2253,1,1,128,1,1,16,0.000,0.000,,,,,NVIDIA A100-SXM4-40GB MIG 4g.20gb (0),1,,13,cupy_copy__float16_float16
4313066662,13728,100702,282,1,1,128,1,1,16,0.000,0.000,,,,,NVIDIA A100-SXM4-40GB MIG 4g.20gb (0),1,,13,cupy_copy__complex64_complex64
4313110597,7552,100711,26,1,1,128,1,1,16,0.000,0.000,,,,,NVIDIA A100-SXM4-40GB MIG 4g.20gb (0),1,,13,cupy_copy__float32_float32
4313167461,13567,100720,103,1,1,128,1,1,16,0.000,0.000,,,,,NVIDIA A100-SXM4-40GB MIG 4g.20gb (0),1,,13,cupy_copy__complex64_complex64
4313262979,534618,100730,1434,1,1,128,1,1,16,0.000,0.000,,,,,NVIDIA A100-SXM4-40GB MIG 4g.20gb (0),1,,13,cupy_copy__complex64_complex64
4313847645,267485,100735,1,1,1,32,32,1,30,0.000,0.000,,,,,NVIDIA A100-SXM4-40GB MIG 4g.20gb (0),1,,13,"void convert_kernel<__half2, float2>(tensor_layout_any, T1 *, tensor_layout_any, const T2 *)"
4314149081,9088,100738,,,,,,,,,,0.094,10309.839,Pinned,Device,NVIDIA A100-SXM4-40GB MIG 4g.20gb (0),1,,13,[CUDA memcpy Host-to-Device]
4314246456,621049,100739,,,,,,,,,,456.561,735063.918,Device,,NVIDIA A100-SXM4-40GB MIG 4g.20gb (0),1,,13,[CUDA memset]
4314870001,61151,100744,,,,,,,,,,1.235,20193.804,Pinned,Device,NVIDIA A100-SXM4-40GB MIG 4g.20gb (0),1,,13,[CUDA memcpy Host-to-Device]
4314936752,18272,100745,,,,,,,,,,0.197,10759.963,Pinned,Device,NVIDIA A100-SXM4-40GB MIG 4g.20gb (0),1,,13,[CUDA memcpy Host-to-Device]
4315085966,21792,100746,69,4,1,48,1,1,76,0.002,0.000,,,,,NVIDIA A100-SXM4-40GB MIG 4g.20gb (0),1,,13,"void ch_est::windowedChEstPreNoDftSOfdmKernel<float, __half, float, (unsigned int)2, (unsigned int)1, (unsigned short)4>(ch_est::puschRxChEstStatDescr_t *, ch_est::puschRxChEstDynDescr_t *)"
4315145646,10912,100747,137,2,1,24,2,1,44,0.001,0.001,,,,,NVIDIA A100-SXM4-40GB MIG 4g.20gb (0),1,,13,"void ch_est::chEstFilterNoDftSOfdmDispatchKernel<float, __half, float, (unsigned int)2>(ch_est::puschRxChEstStatDescr_t *, ch_est::puschRxChEstDynDescr_t *)"
4315210861,25920,100748,137,2,1,24,2,1,44,0.001,0.001,,,,,NVIDIA A100-SXM4-40GB MIG 4g.20gb (0),1,,13,"void ch_est::chEstFilterNoDftSOfdmDispatchKernel<float, __half, float, (unsigned int)2>(ch_est::puschRxChEstStatDescr_t *, ch_est::puschRxChEstDynDescr_t *)"
4315266988,5440,100759,103,1,1,128,1,1,16,0.000,0.000,,,,,NVIDIA A100-SXM4-40GB MIG 4g.20gb (0),1,,13,cupy_copy__complex64_complex64
4315326412,20063,100769,1434,1,1,128,1,1,16,0.000,0.000,,,,,NVIDIA A100-SXM4-40GB MIG 4g.20gb (0),1,,13,cupy_copy__complex64_complex64
4315380491,6080,100776,103,1,1,128,1,1,16,0.000,0.000,,,,,NVIDIA A100-SXM4-40GB MIG 4g.20gb (0),1,,13,cupy_copy__complex64_complex64
4315444330,241469,100783,1,1,1,32,32,1,30,0.000,0.000,,,,,NVIDIA A100-SXM4-40GB MIG 4g.20gb (0),1,,13,"void convert_kernel<__half2, float2>(tensor_layout_any, T1 *, tensor_layout_any, const T2 *)"
4315716039,5376,100786,,,,,,,,,,0.094,17428.487,Pinned,Device,NVIDIA A100-SXM4-40GB MIG 4g.20gb (0),1,,13,[CUDA memcpy Host-to-Device]
4316228641,75551,100787,,,,,,,,,,35.810,473980.101,Device,,NVIDIA A100-SXM4-40GB MIG 4g.20gb (0),1,,13,[CUDA memset]
4316306432,3168,100789,,,,,,,,,,0.000,25.252,Pinned,Device,NVIDIA A100-SXM4-40GB MIG 4g.20gb (0),1,,13,[CUDA memcpy Host-to-Device]
4316312256,9344,100790,,,,,,,,,,0.197,21040.988,Pinned,Device,NVIDIA A100-SXM4-40GB MIG 4g.20gb (0),1,,13,[CUDA memcpy Host-to-Device]
4316411583,36800,100791,273,1,1,48,1,1,40,0.000,0.001,,,,,NVIDIA A100-SXM4-40GB MIG 4g.20gb (0),1,,13,"void pusch_noise_intf_est::noiseIntfEstNoDftSOfdmKernel<float, __half, float, float, (unsigned int)2, (unsigned int)1, (unsigned char)4, (unsigned char)4>(pusch_noise_intf_est::puschRxNoiseIntfEstDynDescr)"
4316477630,12800,100802,35,1,1,128,1,1,16,0.000,0.000,,,,,NVIDIA A100-SXM4-40GB MIG 4g.20gb (0),1,,13,cupy_copy__complex64_complex64
4316520382,2912,100811,1,1,1,1,1,1,18,0.000,0.000,,,,,NVIDIA A100-SXM4-40GB MIG 4g.20gb (0),1,,13,cupy_copy__float32_float32
4316524926,2752,100817,,,,,,,,,,0.000,1.453,Device,Pageable,NVIDIA A100-SXM4-40GB MIG 4g.20gb (0),1,,7,[CUDA memcpy Device-to-Host]
4316592381,19872,100828,1434,1,1,128,1,1,16,0.000,0.000,,,,,NVIDIA A100-SXM4-40GB MIG 4g.20gb (0),1,,13,cupy_copy__complex64_complex64
4316649660,6144,100835,103,1,1,128,1,1,16,0.000,0.000,,,,,NVIDIA A100-SXM4-40GB MIG 4g.20gb (0),1,,13,cupy_copy__complex64_complex64
4316711036,12607,100842,35,1,1,128,1,1,16,0.000,0.000,,,,,NVIDIA A100-SXM4-40GB MIG 4g.20gb (0),1,,13,cupy_copy__complex64_complex64
4316761979,3680,100849,1,1,1,1,1,1,18,0.000,0.000,,,,,NVIDIA A100-SXM4-40GB MIG 4g.20gb (0),1,,13,cupy_copy__float32_float32
4316838938,253085,100860,1,1,1,32,32,1,30,0.000,0.000,,,,,NVIDIA A100-SXM4-40GB MIG 4g.20gb (0),1,,13,"void convert_kernel<__half2, float2>(tensor_layout_any, T1 *, tensor_layout_any, const T2 *)"
4317132983,6016,100863,,,,,,,,,,0.094,15574.430,Pinned,Device,NVIDIA A100-SXM4-40GB MIG 4g.20gb (0),1,,13,[CUDA memcpy Host-to-Device]
4317191830,6624,100864,,,,,,,,,,1.547,233487.639,Device,,NVIDIA A100-SXM4-40GB MIG 4g.20gb (0),1,,13,[CUDA memset]
4317200086,3712,100869,,,,,,,,,,0.031,8431.017,Pinned,Device,NVIDIA A100-SXM4-40GB MIG 4g.20gb (0),1,,13,[CUDA memcpy Host-to-Device]
4317207190,9600,100870,,,,,,,,,,0.197,20479.869,Pinned,Device,NVIDIA A100-SXM4-40GB MIG 4g.20gb (0),1,,13,[CUDA memcpy Host-to-Device]
4317304181,13600,100871,273,1,1,8,4,1,39,0.002,0.000,,,,,NVIDIA A100-SXM4-40GB MIG 4g.20gb (0),1,,13,"void channel_eq::eqMmseCoefCompLowMimoKernel<float, float, float, (unsigned int)4, (unsigned int)1, (unsigned int)4>(const channel_eq::_puschRxChEqStatDescr *, channel_eq::_puschRxChEqCoefCompDynDescr)"
4317422675,28192,100872,273,1,1,12,11,1,51,0.002,0.000,,,,,NVIDIA A100-SXM4-40GB MIG 4g.20gb (0),1,,13,"void channel_eq::eqMmseSoftDemapKernel<float, __half, __half, float, (unsigned int)4, (unsigned short)16383>(channel_eq::_puschRxChEqStatDescr *, channel_eq::_puschRxChEqSoftDemapDynDescr)"
4317533362,711480,100873,1,1,1,32,32,1,30,0.000,0.000,,,,,NVIDIA A100-SXM4-40GB MIG 4g.20gb (0),1,,13,"void convert_kernel<float2, __half2>(tensor_layout_any, T1 *, tensor_layout_any, const T2 *)"
4318358665,16447,100885,2253,1,1,128,1,1,16,0.000,0.000,,,,,NVIDIA A100-SXM4-40GB MIG 4g.20gb (0),1,,13,cupy_copy__float16_float16
4318498535,14880,100894,282,1,1,128,1,1,16,0.000,0.000,,,,,NVIDIA A100-SXM4-40GB MIG 4g.20gb (0),1,,13,cupy_copy__complex64_complex64
4318612262,3840,100903,26,1,1,128,1,1,16,0.000,0.000,,,,,NVIDIA A100-SXM4-40GB MIG 4g.20gb (0),1,,13,cupy_copy__float32_float32
4318725252,9280,100912,103,1,1,128,1,1,16,0.000,0.000,,,,,NVIDIA A100-SXM4-40GB MIG 4g.20gb (0),1,,13,cupy_copy__complex64_complex64
4318844899,22208,100922,1434,1,1,128,1,1,16,0.000,0.000,,,,,NVIDIA A100-SXM4-40GB MIG 4g.20gb (0),1,,13,cupy_copy__complex64_complex64
4318963586,287804,100927,1,1,1,32,32,1,30,0.000,0.000,,,,,NVIDIA A100-SXM4-40GB MIG 4g.20gb (0),1,,13,"void convert_kernel<__half2, float2>(tensor_layout_any, T1 *, tensor_layout_any, const T2 *)"
4319281854,5440,100930,,,,,,,,,,0.094,17223.480,Pinned,Device,NVIDIA A100-SXM4-40GB MIG 4g.20gb (0),1,,13,[CUDA memcpy Host-to-Device]
4319355293,628921,100931,,,,,,,,,,456.561,725932.690,Device,,NVIDIA A100-SXM4-40GB MIG 4g.20gb (0),1,,13,[CUDA memset]
4319990902,58015,100936,,,,,,,,,,1.235,21285.495,Pinned,Device,NVIDIA A100-SXM4-40GB MIG 4g.20gb (0),1,,13,[CUDA memcpy Host-to-Device]
4320054741,12864,100937,,,,,,,,,,0.197,15283.519,Pinned,Device,NVIDIA A100-SXM4-40GB MIG 4g.20gb (0),1,,13,[CUDA memcpy Host-to-Device]
4320202579,17728,100938,69,4,1,48,1,1,76,0.002,0.000,,,,,NVIDIA A100-SXM4-40GB MIG 4g.20gb (0),1,,13,"void ch_est::windowedChEstPreNoDftSOfdmKernel<float, __half, float, (unsigned int)2, (unsigned int)1, (unsigned short)4>(ch_est::puschRxChEstStatDescr_t *, ch_est::puschRxChEstDynDescr_t *)"
4320271667,24927,100939,137,2,1,24,2,1,44,0.001,0.001,,,,,NVIDIA A100-SXM4-40GB MIG 4g.20gb (0),1,,13,"void ch_est::chEstFilterNoDftSOfdmDispatchKernel<float, __half, float, (unsigned int)2>(ch_est::puschRxChEstStatDescr_t *, ch_est::puschRxChEstDynDescr_t *)"
4320862028,16608,100940,137,2,1,24,2,1,44,0.001,0.001,,,,,NVIDIA A100-SXM4-40GB MIG 4g.20gb (0),1,,13,"void ch_est::chEstFilterNoDftSOfdmDispatchKernel<float, __half, float, (unsigned int)2>(ch_est::puschRxChEstStatDescr_t *, ch_est::puschRxChEstDynDescr_t *)"
4320981482,10240,100951,103,1,1,128,1,1,16,0.000,0.000,,,,,NVIDIA A100-SXM4-40GB MIG 4g.20gb (0),1,,13,cupy_copy__complex64_complex64
4321033482,19168,100961,1434,1,1,128,1,1,16,0.000,0.000,,,,,NVIDIA A100-SXM4-40GB MIG 4g.20gb (0),1,,13,cupy_copy__complex64_complex64
4321102377,8640,100968,103,1,1,128,1,1,16,0.000,0.000,,,,,NVIDIA A100-SXM4-40GB MIG 4g.20gb (0),1,,13,cupy_copy__complex64_complex64
4321152744,255165,100975,1,1,1,32,32,1,30,0.000,0.000,,,,,NVIDIA A100-SXM4-40GB MIG 4g.20gb (0),1,,13,"void convert_kernel<__half2, float2>(tensor_layout_any, T1 *, tensor_layout_any, const T2 *)"
4321461093,5728,100978,,,,,,,,,,0.094,16357.541,Pinned,Device,NVIDIA A100-SXM4-40GB MIG 4g.20gb (0),1,,13,[CUDA memcpy Host-to-Device]
4321503684,61184,100979,,,,,,,,,,35.810,585277.332,Device,,NVIDIA A100-SXM4-40GB MIG 4g.20gb (0),1,,13,[CUDA memset]
4321565604,1824,100981,,,,,,,,,,0.000,43.860,Pinned,Device,NVIDIA A100-SXM4-40GB MIG 4g.20gb (0),1,,13,[CUDA memcpy Host-to-Device]
4321569508,9439,100982,,,,,,,,,,0.197,20829.241,Pinned,Device,NVIDIA A100-SXM4-40GB MIG 4g.20gb (0),1,,13,[CUDA memcpy Host-to-Device]
4322054462,25472,100983,273,1,1,48,1,1,40,0.000,0.001,,,,,NVIDIA A100-SXM4-40GB MIG 4g.20gb (0),1,,13,"void pusch_noise_intf_est::noiseIntfEstNoDftSOfdmKernel<float, __half, float, float, (unsigned int)2, (unsigned int)1, (unsigned char)4, (unsigned char)4>(pusch_noise_intf_est::puschRxNoiseIntfEstDynDescr)"
4322127709,12896,100994,35,1,1,128,1,1,16,0.000,0.000,,,,,NVIDIA A100-SXM4-40GB MIG 4g.20gb (0),1,,13,cupy_copy__complex64_complex64
4322172701,5216,101003,1,1,1,1,1,1,18,0.000,0.000,,,,,NVIDIA A100-SXM4-40GB MIG 4g.20gb (0),1,,13,cupy_copy__float32_float32
4322178557,1632,101009,,,,,,,,,,0.000,2.451,Device,Pageable,NVIDIA A100-SXM4-40GB MIG 4g.20gb (0),1,,7,[CUDA memcpy Device-to-Host]
4322266812,19295,101020,1434,1,1,128,1,1,16,0.000,0.000,,,,,NVIDIA A100-SXM4-40GB MIG 4g.20gb (0),1,,13,cupy_copy__complex64_complex64
4322323835,7584,101027,103,1,1,128,1,1,16,0.000,0.000,,,,,NVIDIA A100-SXM4-40GB MIG 4g.20gb (0),1,,13,cupy_copy__complex64_complex64
4322381914,9120,101034,35,1,1,128,1,1,16,0.000,0.000,,,,,NVIDIA A100-SXM4-40GB MIG 4g.20gb (0),1,,13,cupy_copy__complex64_complex64
4322431258,3040,101041,1,1,1,1,1,1,18,0.000,0.000,,,,,NVIDIA A100-SXM4-40GB MIG 4g.20gb (0),1,,13,cupy_copy__float32_float32
4322506137,245469,101052,1,1,1,32,32,1,30,0.000,0.000,,,,,NVIDIA A100-SXM4-40GB MIG 4g.20gb (0),1,,13,"void convert_kernel<__half2, float2>(tensor_layout_any, T1 *, tensor_layout_any, const T2 *)"
4322781494,5440,101055,,,,,,,,,,0.094,17223.480,Pinned,Device,NVIDIA A100-SXM4-40GB MIG 4g.20gb (0),1,,13,[CUDA memcpy Host-to-Device]
4322850005,9216,101056,,,,,,,,,,1.547,167817.984,Device,,NVIDIA A100-SXM4-40GB MIG 4g.20gb (0),1,,13,[CUDA memset]
4322864501,8000,101061,,,,,,,,,,0.031,3912.000,Pinned,Device,NVIDIA A100-SXM4-40GB MIG 4g.20gb (0),1,,13,[CUDA memcpy Host-to-Device]
4322874964,10304,101062,,,,,,,,,,0.197,19080.610,Pinned,Device,NVIDIA A100-SXM4-40GB MIG 4g.20gb (0),1,,13,[CUDA memcpy Host-to-Device]
4322965459,24672,101063,273,1,1,8,4,1,39,0.002,0.000,,,,,NVIDIA A100-SXM4-40GB MIG 4g.20gb (0),1,,13,"void channel_eq::eqMmseCoefCompLowMimoKernel<float, float, float, (unsigned int)4, (unsigned int)1, (unsigned int)4>(const channel_eq::_puschRxChEqStatDescr *, channel_eq::_puschRxChEqCoefCompDynDescr)"
4323018643,43775,101064,273,1,1,12,11,1,51,0.002,0.000,,,,,NVIDIA A100-SXM4-40GB MIG 4g.20gb (0),1,,13,"void channel_eq::eqMmseSoftDemapKernel<float, __half, __half, float, (unsigned int)4, (unsigned short)16383>(channel_eq::_puschRxChEqStatDescr *, channel_eq::_puschRxChEqSoftDemapDynDescr)"
4323103250,702392,101065,1,1,1,32,32,1,30,0.000,0.000,,,,,NVIDIA A100-SXM4-40GB MIG 4g.20gb (0),1,,13,"void convert_kernel<float2, __half2>(tensor_layout_any, T1 *, tensor_layout_any, const T2 *)"
4323941992,18720,101077,2253,1,1,128,1,1,16,0.000,0.000,,,,,NVIDIA A100-SXM4-40GB MIG 4g.20gb (0),1,,13,cupy_copy__float16_float16
4324128678,9600,101086,282,1,1,128,1,1,16,0.000,0.000,,,,,NVIDIA A100-SXM4-40GB MIG 4g.20gb (0),1,,13,cupy_copy__complex64_complex64
4324236645,4224,101095,26,1,1,128,1,1,16,0.000,0.000,,,,,NVIDIA A100-SXM4-40GB MIG 4g.20gb (0),1,,13,cupy_copy__float32_float32
4324343012,12127,101104,103,1,1,128,1,1,16,0.000,0.000,,,,,NVIDIA A100-SXM4-40GB MIG 4g.20gb (0),1,,13,cupy_copy__complex64_complex64
4324547713,19392,101114,1434,1,1,128,1,1,16,0.000,0.000,,,,,NVIDIA A100-SXM4-40GB MIG 4g.20gb (0),1,,13,cupy_copy__complex64_complex64
4324674176,290812,101119,1,1,1,32,32,1,30,0.000,0.000,,,,,NVIDIA A100-SXM4-40GB MIG 4g.20gb (0),1,,13,"void convert_kernel<__half2, float2>(tensor_layout_any, T1 *, tensor_layout_any, const T2 *)"
4324996540,5760,101122,,,,,,,,,,0.094,16266.656,Pinned,Device,NVIDIA A100-SXM4-40GB MIG 4g.20gb (0),1,,13,[CUDA memcpy Host-to-Device]
4325121531,614712,101123,,,,,,,,,,456.561,742368.901,Device,,NVIDIA A100-SXM4-40GB MIG 4g.20gb (0),1,,13,[CUDA memset]
4325745523,58752,101128,,,,,,,,,,1.235,21018.747,Pinned,Device,NVIDIA A100-SXM4-40GB MIG 4g.20gb (0),1,,13,[CUDA memcpy Host-to-Device]
4325809139,12127,101129,,,,,,,,,,0.197,16212.296,Pinned,Device,NVIDIA A100-SXM4-40GB MIG 4g.20gb (0),1,,13,[CUDA memcpy Host-to-Device]
4326015696,29120,101130,69,4,1,48,1,1,76,0.002,0.000,,,,,NVIDIA A100-SXM4-40GB MIG 4g.20gb (0),1,,13,"void ch_est::windowedChEstPreNoDftSOfdmKernel<float, __half, float, (unsigned int)2, (unsigned int)1, (unsigned short)4>(ch_est::puschRxChEstStatDescr_t *, ch_est::puschRxChEstDynDescr_t *)"
4326128271,24224,101131,137,2,1,24,2,1,44,0.001,0.001,,,,,NVIDIA A100-SXM4-40GB MIG 4g.20gb (0),1,,13,"void ch_est::chEstFilterNoDftSOfdmDispatchKernel<float, __half, float, (unsigned int)2>(ch_est::puschRxChEstStatDescr_t *, ch_est::puschRxChEstDynDescr_t *)"
4326250350,24927,101132,137,2,1,24,2,1,44,0.001,0.001,,,,,NVIDIA A100-SXM4-40GB MIG 4g.20gb (0),1,,13,"void ch_est::chEstFilterNoDftSOfdmDispatchKernel<float, __half, float, (unsigned int)2>(ch_est::puschRxChEstStatDescr_t *, ch_est::puschRxChEstDynDescr_t *)"
4326359436,6752,101143,103,1,1,128,1,1,16,0.000,0.000,,,,,NVIDIA A100-SXM4-40GB MIG 4g.20gb (0),1,,13,cupy_copy__complex64_complex64
4326419084,18879,101153,1434,1,1,128,1,1,16,0.000,0.000,,,,,NVIDIA A100-SXM4-40GB MIG 4g.20gb (0),1,,13,cupy_copy__complex64_complex64
4326473803,7584,101160,103,1,1,128,1,1,16,0.000,0.000,,,,,NVIDIA A100-SXM4-40GB MIG 4g.20gb (0),1,,13,cupy_copy__complex64_complex64
4326540074,248573,101167,1,1,1,32,32,1,30,0.000,0.000,,,,,NVIDIA A100-SXM4-40GB MIG 4g.20gb (0),1,,13,"void convert_kernel<__half2, float2>(tensor_layout_any, T1 *, tensor_layout_any, const T2 *)"
4326822183,5856,101170,,,,,,,,,,0.094,15999.997,Pinned,Device,NVIDIA A100-SXM4-40GB MIG 4g.20gb (0),1,,13,[CUDA memcpy Host-to-Device]
4326860103,62143,101171,,,,,,,,,,35.810,576217.423,Device,,NVIDIA A100-SXM4-40GB MIG 4g.20gb (0),1,,13,[CUDA memset]
4326923110,1856,101173,,,,,,,,,,0.000,43.103,Pinned,Device,NVIDIA A100-SXM4-40GB MIG 4g.20gb (0),1,,13,[CUDA memcpy Host-to-Device]
4326927046,9312,101174,,,,,,,,,,0.197,21113.340,Pinned,Device,NVIDIA A100-SXM4-40GB MIG 4g.20gb (0),1,,13,[CUDA memcpy Host-to-Device]
4327414080,12128,101175,273,1,1,48,1,1,40,0.000,0.001,,,,,NVIDIA A100-SXM4-40GB MIG 4g.20gb (0),1,,13,"void pusch_noise_intf_est::noiseIntfEstNoDftSOfdmKernel<float, __half, float, float, (unsigned int)2, (unsigned int)1, (unsigned char)4, (unsigned char)4>(pusch_noise_intf_est::puschRxNoiseIntfEstDynDescr)"
4327471167,10816,101186,35,1,1,128,1,1,16,0.000,0.000,,,,,NVIDIA A100-SXM4-40GB MIG 4g.20gb (0),1,,13,cupy_copy__complex64_complex64
4327518623,2496,101195,1,1,1,1,1,1,18,0.000,0.000,,,,,NVIDIA A100-SXM4-40GB MIG 4g.20gb (0),1,,13,cupy_copy__float32_float32
4327522527,1824,101201,,,,,,,,,,0.000,2.193,Device,Pageable,NVIDIA A100-SXM4-40GB MIG 4g.20gb (0),1,,7,[CUDA memcpy Device-to-Host]
4327588190,18208,101212,1434,1,1,128,1,1,16,0.000,0.000,,,,,NVIDIA A100-SXM4-40GB MIG 4g.20gb (0),1,,13,cupy_copy__complex64_complex64
4327698653,10496,101219,103,1,1,128,1,1,16,0.000,0.000,,,,,NVIDIA A100-SXM4-40GB MIG 4g.20gb (0),1,,13,cupy_copy__complex64_complex64
4328280918,10080,101226,35,1,1,128,1,1,16,0.000,0.000,,,,,NVIDIA A100-SXM4-40GB MIG 4g.20gb (0),1,,13,cupy_copy__complex64_complex64
4328394965,6816,101233,1,1,1,1,1,1,18,0.000,0.000,,,,,NVIDIA A100-SXM4-40GB MIG 4g.20gb (0),1,,13,cupy_copy__float32_float32
4328532339,245949,101244,1,1,1,32,32,1,30,0.000,0.000,,,,,NVIDIA A100-SXM4-40GB MIG 4g.20gb (0),1,,13,"void convert_kernel<__half2, float2>(tensor_layout_any, T1 *, tensor_layout_any, const T2 *)"
4328813936,5376,101247,,,,,,,,,,0.094,17428.487,Pinned,Device,NVIDIA A100-SXM4-40GB MIG 4g.20gb (0),1,,13,[CUDA memcpy Host-to-Device]
4328992430,19712,101248,,,,,,,,,,1.547,78460.236,Device,,NVIDIA A100-SXM4-40GB MIG 4g.20gb (0),1,,13,[CUDA memset]
4329018894,3008,101253,,,,,,,,,,0.031,10404.230,Pinned,Device,NVIDIA A100-SXM4-40GB MIG 4g.20gb (0),1,,13,[CUDA memcpy Host-to-Device]
4329024334,12735,101254,,,,,,,,,,0.197,15438.250,Pinned,Device,NVIDIA A100-SXM4-40GB MIG 4g.20gb (0),1,,13,[CUDA memcpy Host-to-Device]
4329042829,25248,101255,273,1,1,8,4,1,39,0.002,0.000,,,,,NVIDIA A100-SXM4-40GB MIG 4g.20gb (0),1,,13,"void channel_eq::eqMmseCoefCompLowMimoKernel<float, float, float, (unsigned int)4, (unsigned int)1, (unsigned int)4>(const channel_eq::_puschRxChEqStatDescr *, channel_eq::_puschRxChEqCoefCompDynDescr)"
4329108109,25759,101256,273,1,1,12,11,1,51,0.002,0.000,,,,,NVIDIA A100-SXM4-40GB MIG 4g.20gb (0),1,,13,"void channel_eq::eqMmseSoftDemapKernel<float, __half, __half, float, (unsigned int)4, (unsigned short)16383>(channel_eq::_puschRxChEqStatDescr *, channel_eq::_puschRxChEqSoftDemapDynDescr)"
4329157196,580409,101257,1,1,1,32,32,1,30,0.000,0.000,,,,,NVIDIA A100-SXM4-40GB MIG 4g.20gb (0),1,,13,"void convert_kernel<float2, __half2>(tensor_layout_any, T1 *, tensor_layout_any, const T2 *)"
4329739493,13088,101269,2253,1,1,128,1,1,16,0.000,0.000,,,,,NVIDIA A100-SXM4-40GB MIG 4g.20gb (0),1,,13,cupy_copy__float16_float16
4329852132,13152,101278,282,1,1,128,1,1,16,0.000,0.000,,,,,NVIDIA A100-SXM4-40GB MIG 4g.20gb (0),1,,13,cupy_copy__complex64_complex64
4329896611,4928,101287,26,1,1,128,1,1,16,0.000,0.000,,,,,NVIDIA A100-SXM4-40GB MIG 4g.20gb (0),1,,13,cupy_copy__float32_float32
4329952131,14400,101296,103,1,1,128,1,1,16,0.000,0.000,,,,,NVIDIA A100-SXM4-40GB MIG 4g.20gb (0),1,,13,cupy_copy__complex64_complex64
4330049122,41023,101306,1434,1,1,128,1,1,16,0.000,0.000,,,,,NVIDIA A100-SXM4-40GB MIG 4g.20gb (0),1,,13,cupy_copy__complex64_complex64
4330153536,237694,101311,1,1,1,32,32,1,30,0.000,0.000,,,,,NVIDIA A100-SXM4-40GB MIG 4g.20gb (0),1,,13,"void convert_kernel<__half2, float2>(tensor_layout_any, T1 *, tensor_layout_any, const T2 *)"
4330422397,5376,101314,,,,,,,,,,0.094,17428.487,Pinned,Device,NVIDIA A100-SXM4-40GB MIG 4g.20gb (0),1,,13,[CUDA memcpy Host-to-Device]
4330467901,626329,101315,,,,,,,,,,456.561,728672.058,Device,,NVIDIA A100-SXM4-40GB MIG 4g.20gb (0),1,,13,[CUDA memset]
4331099990,59039,101320,,,,,,,,,,1.235,20916.247,Pinned,Device,NVIDIA A100-SXM4-40GB MIG 4g.20gb (0),1,,13,[CUDA memcpy Host-to-Device]
4331165205,15744,101321,,,,,,,,,,0.197,12487.754,Pinned,Device,NVIDIA A100-SXM4-40GB MIG 4g.20gb (0),1,,13,[CUDA memcpy Host-to-Device]
4331397106,20800,101322,69,4,1,48,1,1,76,0.002,0.000,,,,,NVIDIA A100-SXM4-40GB MIG 4g.20gb (0),1,,13,"void ch_est::windowedChEstPreNoDftSOfdmKernel<float, __half, float, (unsigned int)2, (unsigned int)1, (unsigned short)4>(ch_est::puschRxChEstStatDescr_t *, ch_est::puschRxChEstDynDescr_t *)"
4331562416,16576,101323,137,2,1,24,2,1,44,0.001,0.001,,,,,NVIDIA A100-SXM4-40GB MIG 4g.20gb (0),1,,13,"void ch_est::chEstFilterNoDftSOfdmDispatchKernel<float, __half, float, (unsigned int)2>(ch_est::puschRxChEstStatDescr_t *, ch_est::puschRxChEstDynDescr_t *)"
4331739438,21792,101324,137,2,1,24,2,1,44,0.001,0.001,,,,,NVIDIA A100-SXM4-40GB MIG 4g.20gb (0),1,,13,"void ch_est::chEstFilterNoDftSOfdmDispatchKernel<float, __half, float, (unsigned int)2>(ch_est::puschRxChEstStatDescr_t *, ch_est::puschRxChEstDynDescr_t *)"
4331879309,10367,101335,103,1,1,128,1,1,16,0.000,0.000,,,,,NVIDIA A100-SXM4-40GB MIG 4g.20gb (0),1,,13,cupy_copy__complex64_complex64
4331934988,31968,101345,1434,1,1,128,1,1,16,0.000,0.000,,,,,NVIDIA A100-SXM4-40GB MIG 4g.20gb (0),1,,13,cupy_copy__complex64_complex64
4332099050,4640,101352,103,1,1,128,1,1,16,0.000,0.000,,,,,NVIDIA A100-SXM4-40GB MIG 4g.20gb (0),1,,13,cupy_copy__complex64_complex64
4332215241,665912,101359,1,1,1,32,32,1,30,0.000,0.000,,,,,NVIDIA A100-SXM4-40GB MIG 4g.20gb (0),1,,13,"void convert_kernel<__half2, float2>(tensor_layout_any, T1 *, tensor_layout_any, const T2 *)"
4332946848,11392,101362,,,,,,,,,,0.094,8224.635,Pinned,Device,NVIDIA A100-SXM4-40GB MIG 4g.20gb (0),1,,13,[CUDA memcpy Host-to-Device]
4333104574,79040,101363,,,,,,,,,,35.810,453031.298,Device,,NVIDIA A100-SXM4-40GB MIG 4g.20gb (0),1,,13,[CUDA memset]
4333191037,5568,101365,,,,,,,,,,0.000,14.368,Pinned,Device,NVIDIA A100-SXM4-40GB MIG 4g.20gb (0),1,,13,[CUDA memcpy Host-to-Device]
4333201885,9632,101366,,,,,,,,,,0.197,20411.843,Pinned,Device,NVIDIA A100-SXM4-40GB MIG 4g.20gb (0),1,,13,[CUDA memcpy Host-to-Device]
4333371579,33856,101367,273,1,1,48,1,1,40,0.000,0.001,,,,,NVIDIA A100-SXM4-40GB MIG 4g.20gb (0),1,,13,"void pusch_noise_intf_est::noiseIntfEstNoDftSOfdmKernel<float, __half, float, float, (unsigned int)2, (unsigned int)1, (unsigned char)4, (unsigned char)4>(pusch_noise_intf_est::puschRxNoiseIntfEstDynDescr)"
4333516826,4864,101378,35,1,1,128,1,1,16,0.000,0.000,,,,,NVIDIA A100-SXM4-40GB MIG 4g.20gb (0),1,,13,cupy_copy__complex64_complex64
4333633976,5280,101387,1,1,1,1,1,1,18,0.000,0.000,,,,,NVIDIA A100-SXM4-40GB MIG 4g.20gb (0),1,,13,cupy_copy__float32_float32
4333645688,2240,101393,,,,,,,,,,0.000,1.786,Device,Pageable,NVIDIA A100-SXM4-40GB MIG 4g.20gb (0),1,,7,[CUDA memcpy Device-to-Host]
4333902101,15616,101404,1434,1,1,128,1,1,16,0.000,0.000,,,,,NVIDIA A100-SXM4-40GB MIG 4g.20gb (0),1,,13,cupy_copy__complex64_complex64
4334020948,11168,101411,103,1,1,128,1,1,16,0.000,0.000,,,,,NVIDIA A100-SXM4-40GB MIG 4g.20gb (0),1,,13,cupy_copy__complex64_complex64
4334147218,4032,101418,35,1,1,128,1,1,16,0.000,0.000,,,,,NVIDIA A100-SXM4-40GB MIG 4g.20gb (0),1,,13,cupy_copy__complex64_complex64
4334306641,3488,101425,1,1,1,1,1,1,18,0.000,0.000,,,,,NVIDIA A100-SXM4-40GB MIG 4g.20gb (0),1,,13,cupy_copy__float32_float32
4334421103,272189,101436,1,1,1,32,32,1,30,0.000,0.000,,,,,NVIDIA A100-SXM4-40GB MIG 4g.20gb (0),1,,13,"void convert_kernel<__half2, float2>(tensor_layout_any, T1 *, tensor_layout_any, const T2 *)"
4334724108,5408,101439,,,,,,,,,,0.094,17325.421,Pinned,Device,NVIDIA A100-SXM4-40GB MIG 4g.20gb (0),1,,13,[CUDA memcpy Host-to-Device]
4334794315,11328,101440,,,,,,,,,,1.547,136529.780,Device,,NVIDIA A100-SXM4-40GB MIG 4g.20gb (0),1,,13,[CUDA memset]
4334806539,3008,101445,,,,,,,,,,0.031,10404.230,Pinned,Device,NVIDIA A100-SXM4-40GB MIG 4g.20gb (0),1,,13,[CUDA memcpy Host-to-Device]
4334811979,10496,101446,,,,,,,,,,0.197,18731.631,Pinned,Device,NVIDIA A100-SXM4-40GB MIG 4g.20gb (0),1,,13,[CUDA memcpy Host-to-Device]
4334899754,21695,101447,273,1,1,8,4,1,39,0.002,0.000,,,,,NVIDIA A100-SXM4-40GB MIG 4g.20gb (0),1,,13,"void channel_eq::eqMmseCoefCompLowMimoKernel<float, float, float, (unsigned int)4, (unsigned int)1, (unsigned int)4>(const channel_eq::_puschRxChEqStatDescr *, channel_eq::_puschRxChEqCoefCompDynDescr)"
4334942313,43232,101448,273,1,1,12,11,1,51,0.002,0.000,,,,,NVIDIA A100-SXM4-40GB MIG 4g.20gb (0),1,,13,"void channel_eq::eqMmseSoftDemapKernel<float, __half, __half, float, (unsigned int)4, (unsigned short)16383>(channel_eq::_puschRxChEqStatDescr *, channel_eq::_puschRxChEqSoftDemapDynDescr)"
4335029032,607449,101449,1,1,1,32,32,1,30,0.000,0.000,,,,,NVIDIA A100-SXM4-40GB MIG 4g.20gb (0),1,,13,"void convert_kernel<float2, __half2>(tensor_layout_any, T1 *, tensor_layout_any, const T2 *)"
4335834655,27840,101461,2253,1,1,128,1,1,16,0.000,0.000,,,,,NVIDIA A100-SXM4-40GB MIG 4g.20gb (0),1,,13,cupy_copy__float16_float16
4336080284,4800,101470,282,1,1,128,1,1,16,0.000,0.000,,,,,NVIDIA A100-SXM4-40GB MIG 4g.20gb (0),1,,13,cupy_copy__complex64_complex64
4336187611,12544,101479,26,1,1,128,1,1,16,0.000,0.000,,,,,NVIDIA A100-SXM4-40GB MIG 4g.20gb (0),1,,13,cupy_copy__float32_float32
4336230106,16768,101488,103,1,1,128,1,1,16,0.000,0.000,,,,,NVIDIA A100-SXM4-40GB MIG 4g.20gb (0),1,,13,cupy_copy__complex64_complex64
4336289370,21631,101498,1434,1,1,128,1,1,16,0.000,0.000,,,,,NVIDIA A100-SXM4-40GB MIG 4g.20gb (0),1,,13,cupy_copy__complex64_complex64
4336343577,247389,101503,1,1,1,32,32,1,30,0.000,0.000,,,,,NVIDIA A100-SXM4-40GB MIG 4g.20gb (0),1,,13,"void convert_kernel<__half2, float2>(tensor_layout_any, T1 *, tensor_layout_any, const T2 *)"
4336626198,5408,101506,,,,,,,,,,0.094,17325.421,Pinned,Device,NVIDIA A100-SXM4-40GB MIG 4g.20gb (0),1,,13,[CUDA memcpy Host-to-Device]
4336676021,1114387,101507,,,,,,,,,,456.561,409535.612,Device,,NVIDIA A100-SXM4-40GB MIG 4g.20gb (0),1,,13,[CUDA memset]
4337793192,52128,101512,,,,,,,,,,1.235,23689.931,Pinned,Device,NVIDIA A100-SXM4-40GB MIG 4g.20gb (0),1,,13,[CUDA memcpy Host-to-Device]
4337848072,9568,101513,,,,,,,,,,0.197,20548.485,Pinned,Device,NVIDIA A100-SXM4-40GB MIG 4g.20gb (0),1,,13,[CUDA memcpy Host-to-Device]
4337965990,24224,101514,69,4,1,48,1,1,76,0.002,0.000,,,,,NVIDIA A100-SXM4-40GB MIG 4g.20gb (0),1,,13,"void ch_est::windowedChEstPreNoDftSOfdmKernel<float, __half, float, (unsigned int)2, (unsigned int)1, (unsigned short)4>(ch_est::puschRxChEstStatDescr_t *, ch_est::puschRxChEstDynDescr_t *)"
4338029446,7072,101515,137,2,1,24,2,1,44,0.001,0.001,,,,,NVIDIA A100-SXM4-40GB MIG 4g.20gb (0),1,,13,"void ch_est::chEstFilterNoDftSOfdmDispatchKernel<float, __half, float, (unsigned int)2>(ch_est::puschRxChEstStatDescr_t *, ch_est::puschRxChEstDynDescr_t *)"
4338184964,10272,101516,137,2,1,24,2,1,44,0.001,0.001,,,,,NVIDIA A100-SXM4-40GB MIG 4g.20gb (0),1,,13,"void ch_est::chEstFilterNoDftSOfdmDispatchKernel<float, __half, float, (unsigned int)2>(ch_est::puschRxChEstStatDescr_t *, ch_est::puschRxChEstDynDescr_t *)"
4338304770,10560,101527,103,1,1,128,1,1,16,0.000,0.000,,,,,NVIDIA A100-SXM4-40GB MIG 4g.20gb (0),1,,13,cupy_copy__complex64_complex64
4338440801,20384,101537,1434,1,1,128,1,1,16,0.000,0.000,,,,,NVIDIA A100-SXM4-40GB MIG 4g.20gb (0),1,,13,cupy_copy__complex64_complex64
4338552320,5056,101544,103,1,1,128,1,1,16,0.000,0.000,,,,,NVIDIA A100-SXM4-40GB MIG 4g.20gb (0),1,,13,cupy_copy__complex64_complex64
4338702846,277277,101551,1,1,1,32,32,1,30,0.000,0.000,,,,,NVIDIA A100-SXM4-40GB MIG 4g.20gb (0),1,,13,"void convert_kernel<__half2, float2>(tensor_layout_any, T1 *, tensor_layout_any, const T2 *)"
4339010298,5792,101554,,,,,,,,,,0.094,16176.708,Pinned,Device,NVIDIA A100-SXM4-40GB MIG 4g.20gb (0),1,,13,[CUDA memcpy Host-to-Device]
4339164409,61791,101555,,,,,,,,,,35.810,579511.935,Device,,NVIDIA A100-SXM4-40GB MIG 4g.20gb (0),1,,13,[CUDA memset]
4339229368,2112,101557,,,,,,,,,,0.000,37.879,Pinned,Device,NVIDIA A100-SXM4-40GB MIG 4g.20gb (0),1,,13,[CUDA memcpy Host-to-Device]
4339233912,11776,101558,,,,,,,,,,0.197,16695.558,Pinned,Device,NVIDIA A100-SXM4-40GB MIG 4g.20gb (0),1,,13,[CUDA memcpy Host-to-Device]
4339417622,25471,101559,273,1,1,48,1,1,40,0.000,0.001,,,,,NVIDIA A100-SXM4-40GB MIG 4g.20gb (0),1,,13,"void pusch_noise_intf_est::noiseIntfEstNoDftSOfdmKernel<float, __half, float, float, (unsigned int)2, (unsigned int)1, (unsigned char)4, (unsigned char)4>(pusch_noise_intf_est::puschRxNoiseIntfEstDynDescr)"
4339562196,5152,101570,35,1,1,128,1,1,16,0.000,0.000,,,,,NVIDIA A100-SXM4-40GB MIG 4g.20gb (0),1,,13,cupy_copy__complex64_complex64
4339686258,3712,101579,1,1,1,1,1,1,18,0.000,0.000,,,,,NVIDIA A100-SXM4-40GB MIG 4g.20gb (0),1,,13,cupy_copy__float32_float32
4339697170,4864,101585,,,,,,,,,,0.000,0.822,Device,Pageable,NVIDIA A100-SXM4-40GB MIG 4g.20gb (0),1,,7,[CUDA memcpy Device-to-Host]
4339903280,26624,101596,1434,1,1,128,1,1,16,0.000,0.000,,,,,NVIDIA A100-SXM4-40GB MIG 4g.20gb (0),1,,13,cupy_copy__complex64_complex64
4340121645,4160,101603,103,1,1,128,1,1,16,0.000,0.000,,,,,NVIDIA A100-SXM4-40GB MIG 4g.20gb (0),1,,13,cupy_copy__complex64_complex64
4340320267,14208,101610,35,1,1,128,1,1,16,0.000,0.000,,,,,NVIDIA A100-SXM4-40GB MIG 4g.20gb (0),1,,13,cupy_copy__complex64_complex64
4340517641,3328,101617,1,1,1,1,1,1,18,0.000,0.000,,,,,NVIDIA A100-SXM4-40GB MIG 4g.20gb (0),1,,13,cupy_copy__float32_float32
4340723143,266204,101628,1,1,1,32,32,1,30,0.000,0.000,,,,,NVIDIA A100-SXM4-40GB MIG 4g.20gb (0),1,,13,"void convert_kernel<__half2, float2>(tensor_layout_any, T1 *, tensor_layout_any, const T2 *)"
4341020099,5376,101631,,,,,,,,,,0.094,17428.487,Pinned,Device,NVIDIA A100-SXM4-40GB MIG 4g.20gb (0),1,,13,[CUDA memcpy Host-to-Device]
4341086338,9600,101632,,,,,,,,,,1.547,161105.636,Device,,NVIDIA A100-SXM4-40GB MIG 4g.20gb (0),1,,13,[CUDA memset]
4341098882,3072,101637,,,,,,,,,,0.031,10187.474,Pinned,Device,NVIDIA A100-SXM4-40GB MIG 4g.20gb (0),1,,13,[CUDA memcpy Host-to-Device]
4341104418,10112,101638,,,,,,,,,,0.197,19442.958,Pinned,Device,NVIDIA A100-SXM4-40GB MIG 4g.20gb (0),1,,13,[CUDA memcpy Host-to-Device]
4341182945,22848,101639,273,1,1,8,4,1,39,0.002,0.000,,,,,NVIDIA A100-SXM4-40GB MIG 4g.20gb (0),1,,13,"void channel_eq::eqMmseCoefCompLowMimoKernel<float, float, float, (unsigned int)4, (unsigned int)1, (unsigned int)4>(const channel_eq::_puschRxChEqStatDescr *, channel_eq::_puschRxChEqCoefCompDynDescr)"
4341225889,41183,101640,273,1,1,12,11,1,51,0.002,0.000,,,,,NVIDIA A100-SXM4-40GB MIG 4g.20gb (0),1,,13,"void channel_eq::eqMmseSoftDemapKernel<float, __half, __half, float, (unsigned int)4, (unsigned short)16383>(channel_eq::_puschRxChEqStatDescr *, channel_eq::_puschRxChEqSoftDemapDynDescr)"
4341313856,592345,101641,1,1,1,32,32,1,30,0.000,0.000,,,,,NVIDIA A100-SXM4-40GB MIG 4g.20gb (0),1,,13,"void convert_kernel<float2, __half2>(tensor_layout_any, T1 *, tensor_layout_any, const T2 *)"
4341935193,30015,101653,2253,1,1,128,1,1,16,0.000,0.000,,,,,NVIDIA A100-SXM4-40GB MIG 4g.20gb (0),1,,13,cupy_copy__float16_float16
4342015832,15007,101662,282,1,1,128,1,1,16,0.000,0.000,,,,,NVIDIA A100-SXM4-40GB MIG 4g.20gb (0),1,,13,cupy_copy__complex64_complex64
4342060919,6304,101671,26,1,1,128,1,1,16,0.000,0.000,,,,,NVIDIA A100-SXM4-40GB MIG 4g.20gb (0),1,,13,cupy_copy__float32_float32
4342118358,13984,101680,103,1,1,128,1,1,16,0.000,0.000,,,,,NVIDIA A100-SXM4-40GB MIG 4g.20gb (0),1,,13,cupy_copy__complex64_complex64
4342214933,38592,101690,1434,1,1,128,1,1,16,0.000,0.000,,,,,NVIDIA A100-SXM4-40GB MIG 4g.20gb (0),1,,13,cupy_copy__complex64_complex64
4342325268,191166,101695,1,1,1,32,32,1,30,0.000,0.000,,,,,NVIDIA A100-SXM4-40GB MIG 4g.20gb (0),1,,13,"void convert_kernel<__half2, float2>(tensor_layout_any, T1 *, tensor_layout_any, const T2 *)"
4342630353,5407,101698,,,,,,,,,,0.094,17328.607,Pinned,Device,NVIDIA A100-SXM4-40GB MIG 4g.20gb (0),1,,13,[CUDA memcpy Host-to-Device]
4342687248,633305,101699,,,,,,,,,,456.561,720910.514,Device,,NVIDIA A100-SXM4-40GB MIG 4g.20gb (0),1,,13,[CUDA memset]
4343329864,51360,101704,,,,,,,,,,1.235,24044.360,Pinned,Device,NVIDIA A100-SXM4-40GB MIG 4g.20gb (0),1,,13,[CUDA memcpy Host-to-Device]
4343383656,10144,101705,,,,,,,,,,0.197,19381.617,Pinned,Device,NVIDIA A100-SXM4-40GB MIG 4g.20gb (0),1,,13,[CUDA memcpy Host-to-Device]
4343605029,23648,101706,69,4,1,48,1,1,76,0.002,0.000,,,,,NVIDIA A100-SXM4-40GB MIG 4g.20gb (0),1,,13,"void ch_est::windowedChEstPreNoDftSOfdmKernel<float, __half, float, (unsigned int)2, (unsigned int)1, (unsigned short)4>(ch_est::puschRxChEstStatDescr_t *, ch_est::puschRxChEstDynDescr_t *)"
4343780323,16064,101707,137,2,1,24,2,1,44,0.001,0.001,,,,,NVIDIA A100-SXM4-40GB MIG 4g.20gb (0),1,,13,"void ch_est::chEstFilterNoDftSOfdmDispatchKernel<float, __half, float, (unsigned int)2>(ch_est::puschRxChEstStatDescr_t *, ch_est::puschRxChEstDynDescr_t *)"
4343835907,25407,101708,137,2,1,24,2,1,44,0.001,0.001,,,,,NVIDIA A100-SXM4-40GB MIG 4g.20gb (0),1,,13,"void ch_est::chEstFilterNoDftSOfdmDispatchKernel<float, __half, float, (unsigned int)2>(ch_est::puschRxChEstStatDescr_t *, ch_est::puschRxChEstDynDescr_t *)"
4343863362,2752,101719,103,1,1,128,1,1,16,0.000,0.000,,,,,NVIDIA A100-SXM4-40GB MIG 4g.20gb (0),1,,13,cupy_copy__complex64_complex64
4343911746,17376,101729,1434,1,1,128,1,1,16,0.000,0.000,,,,,NVIDIA A100-SXM4-40GB MIG 4g.20gb (0),1,,13,cupy_copy__complex64_complex64
4343931297,2432,101736,103,1,1,128,1,1,16,0.000,0.000,,,,,NVIDIA A100-SXM4-40GB MIG 4g.20gb (0),1,,13,cupy_copy__complex64_complex64
4343935265,82399,101743,1,1,1,32,32,1,30,0.000,0.000,,,,,NVIDIA A100-SXM4-40GB MIG 4g.20gb (0),1,,13,"void convert_kernel<__half2, float2>(tensor_layout_any, T1 *, tensor_layout_any, const T2 *)"
4344048320,5728,101746,,,,,,,,,,0.094,16357.541,Pinned,Device,NVIDIA A100-SXM4-40GB MIG 4g.20gb (0),1,,13,[CUDA memcpy Host-to-Device]
4344061504,55487,101747,,,,,,,,,,35.810,645366.378,Device,,NVIDIA A100-SXM4-40GB MIG 4g.20gb (0),1,,13,[CUDA memset]
4344151199,1824,101749,,,,,,,,,,0.000,43.860,Pinned,Device,NVIDIA A100-SXM4-40GB MIG 4g.20gb (0),1,,13,[CUDA memcpy Host-to-Device]
4344155583,9536,101750,,,,,,,,,,0.197,20617.298,Pinned,Device,NVIDIA A100-SXM4-40GB MIG 4g.20gb (0),1,,13,[CUDA memcpy Host-to-Device]
4344169343,12928,101751,273,1,1,48,1,1,40,0.000,0.001,,,,,NVIDIA A100-SXM4-40GB MIG 4g.20gb (0),1,,13,"void pusch_noise_intf_est::noiseIntfEstNoDftSOfdmKernel<float, __half, float, float, (unsigned int)2, (unsigned int)1, (unsigned char)4, (unsigned char)4>(pusch_noise_intf_est::puschRxNoiseIntfEstDynDescr)"
4344227518,11104,101762,35,1,1,128,1,1,16,0.000,0.000,,,,,NVIDIA A100-SXM4-40GB MIG 4g.20gb (0),1,,13,cupy_copy__complex64_complex64
4344240958,2912,101771,1,1,1,1,1,1,18,0.000,0.000,,,,,NVIDIA A100-SXM4-40GB MIG 4g.20gb (0),1,,13,cupy_copy__float32_float32
4344251134,1600,101777,,,,,,,,,,0.000,2.500,Device,Pageable,NVIDIA A100-SXM4-40GB MIG 4g.20gb (0),1,,7,[CUDA memcpy Device-to-Host]
4344328733,12832,101788,1434,1,1,128,1,1,16,0.000,0.000,,,,,NVIDIA A100-SXM4-40GB MIG 4g.20gb (0),1,,13,cupy_copy__complex64_complex64
4344389884,10112,101795,103,1,1,128,1,1,16,0.000,0.000,,,,,NVIDIA A100-SXM4-40GB MIG 4g.20gb (0),1,,13,cupy_copy__complex64_complex64
4344402140,2784,101802,35,1,1,128,1,1,16,0.000,0.000,,,,,NVIDIA A100-SXM4-40GB MIG 4g.20gb (0),1,,13,cupy_copy__complex64_complex64
4344408092,1760,101809,1,1,1,1,1,1,18,0.000,0.000,,,,,NVIDIA A100-SXM4-40GB MIG 4g.20gb (0),1,,13,cupy_copy__float32_float32
4344560538,123359,101820,1,1,1,32,32,1,30,0.000,0.000,,,,,NVIDIA A100-SXM4-40GB MIG 4g.20gb (0),1,,13,"void convert_kernel<__half2, float2>(tensor_layout_any, T1 *, tensor_layout_any, const T2 *)"
4344713784,5376,101823,,,,,,,,,,0.094,17428.487,Pinned,Device,NVIDIA A100-SXM4-40GB MIG 4g.20gb (0),1,,13,[CUDA memcpy Host-to-Device]
4344803959,6688,101824,,,,,,,,,,1.547,231252.767,Device,,NVIDIA A100-SXM4-40GB MIG 4g.20gb (0),1,,13,[CUDA memset]
4344811223,4000,101829,,,,,,,,,,0.031,7824.000,Pinned,Device,NVIDIA A100-SXM4-40GB MIG 4g.20gb (0),1,,13,[CUDA memcpy Host-to-Device]
4344819447,9472,101830,,,,,,,,,,0.197,20756.693,Pinned,Device,NVIDIA A100-SXM4-40GB MIG 4g.20gb (0),1,,13,[CUDA memcpy Host-to-Device]
4344914550,30656,101831,273,1,1,8,4,1,39,0.002,0.000,,,,,NVIDIA A100-SXM4-40GB MIG 4g.20gb (0),1,,13,"void channel_eq::eqMmseCoefCompLowMimoKernel<float, float, float, (unsigned int)4, (unsigned int)1, (unsigned int)4>(const channel_eq::_puschRxChEqStatDescr *, channel_eq::_puschRxChEqCoefCompDynDescr)"
4345021045,14240,101832,273,1,1,12,11,1,51,0.002,0.000,,,,,NVIDIA A100-SXM4-40GB MIG 4g.20gb (0),1,,13,"void channel_eq::eqMmseSoftDemapKernel<float, __half, __half, float, (unsigned int)4, (unsigned short)16383>(channel_eq::_puschRxChEqStatDescr *, channel_eq::_puschRxChEqSoftDemapDynDescr)"
4345139348,704183,101833,1,1,1,32,32,1,30,0.000,0.000,,,,,NVIDIA A100-SXM4-40GB MIG 4g.20gb (0),1,,13,"void convert_kernel<float2, __half2>(tensor_layout_any, T1 *, tensor_layout_any, const T2 *)"
4345943370,17056,101845,2253,1,1,128,1,1,16,0.000,0.000,,,,,NVIDIA A100-SXM4-40GB MIG 4g.20gb (0),1,,13,cupy_copy__float16_float16
4346105224,9888,101854,282,1,1,128,1,1,16,0.000,0.000,,,,,NVIDIA A100-SXM4-40GB MIG 4g.20gb (0),1,,13,cupy_copy__complex64_complex64
4346212551,12416,101863,26,1,1,128,1,1,16,0.000,0.000,,,,,NVIDIA A100-SXM4-40GB MIG 4g.20gb (0),1,,13,cupy_copy__float32_float32
4346313350,13760,101872,103,1,1,128,1,1,16,0.000,0.000,,,,,NVIDIA A100-SXM4-40GB MIG 4g.20gb (0),1,,13,cupy_copy__complex64_complex64
4346511236,16032,101882,1434,1,1,128,1,1,16,0.000,0.000,,,,,NVIDIA A100-SXM4-40GB MIG 4g.20gb (0),1,,13,cupy_copy__complex64_complex64
4346674914,321212,101887,1,1,1,32,32,1,30,0.000,0.000,,,,,NVIDIA A100-SXM4-40GB MIG 4g.20gb (0),1,,13,"void convert_kernel<__half2, float2>(tensor_layout_any, T1 *, tensor_layout_any, const T2 *)"
4347028254,5440,101890,,,,,,,,,,0.094,17223.480,Pinned,Device,NVIDIA A100-SXM4-40GB MIG 4g.20gb (0),1,,13,[CUDA memcpy Host-to-Device]
4347146460,615001,101891,,,,,,,,,,456.561,742368.901,Device,,NVIDIA A100-SXM4-40GB MIG 4g.20gb (0),1,,13,[CUDA memset]
4347767861,70047,101896,,,,,,,,,,1.235,17630.061,Pinned,Device,NVIDIA A100-SXM4-40GB MIG 4g.20gb (0),1,,13,[CUDA memcpy Host-to-Device]
4347842388,10336,101897,,,,,,,,,,0.197,19021.627,Pinned,Device,NVIDIA A100-SXM4-40GB MIG 4g.20gb (0),1,,13,[CUDA memcpy Host-to-Device]
4347915540,23391,101898,69,4,1,48,1,1,76,0.002,0.000,,,,,NVIDIA A100-SXM4-40GB MIG 4g.20gb (0),1,,13,"void ch_est::windowedChEstPreNoDftSOfdmKernel<float, __half, float, (unsigned int)2, (unsigned int)1, (unsigned short)4>(ch_est::puschRxChEstStatDescr_t *, ch_est::puschRxChEstDynDescr_t *)"
4347976915,26464,101899,137,2,1,24,2,1,44,0.001,0.001,,,,,NVIDIA A100-SXM4-40GB MIG 4g.20gb (0),1,,13,"void ch_est::chEstFilterNoDftSOfdmDispatchKernel<float, __half, float, (unsigned int)2>(ch_est::puschRxChEstStatDescr_t *, ch_est::puschRxChEstDynDescr_t *)"
4348036914,25696,101900,137,2,1,24,2,1,44,0.001,0.001,,,,,NVIDIA A100-SXM4-40GB MIG 4g.20gb (0),1,,13,"void ch_est::chEstFilterNoDftSOfdmDispatchKernel<float, __half, float, (unsigned int)2>(ch_est::puschRxChEstStatDescr_t *, ch_est::puschRxChEstDynDescr_t *)"
4348096465,9600,101911,103,1,1,128,1,1,16,0.000,0.000,,,,,NVIDIA A100-SXM4-40GB MIG 4g.20gb (0),1,,13,cupy_copy__complex64_complex64
4348151345,18112,101921,1434,1,1,128,1,1,16,0.000,0.000,,,,,NVIDIA A100-SXM4-40GB MIG 4g.20gb (0),1,,13,cupy_copy__complex64_complex64
4348211568,10272,101928,103,1,1,128,1,1,16,0.000,0.000,,,,,NVIDIA A100-SXM4-40GB MIG 4g.20gb (0),1,,13,cupy_copy__complex64_complex64
4348272879,258237,101935,1,1,1,32,32,1,30,0.000,0.000,,,,,NVIDIA A100-SXM4-40GB MIG 4g.20gb (0),1,,13,"void convert_kernel<__half2, float2>(tensor_layout_any, T1 *, tensor_layout_any, const T2 *)"
4348562636,5376,101938,,,,,,,,,,0.094,17428.487,Pinned,Device,NVIDIA A100-SXM4-40GB MIG 4g.20gb (0),1,,13,[CUDA memcpy Host-to-Device]
4349128806,70399,101939,,,,,,,,,,35.810,508644.104,Device,,NVIDIA A100-SXM4-40GB MIG 4g.20gb (0),1,,13,[CUDA memset]
4349205893,7008,101941,,,,,,,,,,0.000,11.416,Pinned,Device,NVIDIA A100-SXM4-40GB MIG 4g.20gb (0),1,,13,[CUDA memcpy Host-to-Device]
4349220548,10944,101942,,,,,,,,,,0.197,17964.859,Pinned,Device,NVIDIA A100-SXM4-40GB MIG 4g.20gb (0),1,,13,[CUDA memcpy Host-to-Device]
4349301732,28575,101943,273,1,1,48,1,1,40,0.000,0.001,,,,,NVIDIA A100-SXM4-40GB MIG 4g.20gb (0),1,,13,"void pusch_noise_intf_est::noiseIntfEstNoDftSOfdmKernel<float, __half, float, float, (unsigned int)2, (unsigned int)1, (unsigned char)4, (unsigned char)4>(pusch_noise_intf_est::puschRxNoiseIntfEstDynDescr)"
4349359139,12480,101954,35,1,1,128,1,1,16,0.000,0.000,,,,,NVIDIA A100-SXM4-40GB MIG 4g.20gb (0),1,,13,cupy_copy__complex64_complex64
4349420258,7360,101963,1,1,1,1,1,1,18,0.000,0.000,,,,,NVIDIA A100-SXM4-40GB MIG 4g.20gb (0),1,,13,cupy_copy__float32_float32
4349430754,1632,101969,,,,,,,,,,0.000,2.451,Device,Pageable,NVIDIA A100-SXM4-40GB MIG 4g.20gb (0),1,,7,[CUDA memcpy Device-to-Host]
4349544801,20191,101980,1434,1,1,128,1,1,16,0.000,0.000,,,,,NVIDIA A100-SXM4-40GB MIG 4g.20gb (0),1,,13,cupy_copy__complex64_complex64
4349606560,18272,101987,103,1,1,128,1,1,16,0.000,0.000,,,,,NVIDIA A100-SXM4-40GB MIG 4g.20gb (0),1,,13,cupy_copy__complex64_complex64
4349668959,12768,101994,35,1,1,128,1,1,16,0.000,0.000,,,,,NVIDIA A100-SXM4-40GB MIG 4g.20gb (0),1,,13,cupy_copy__complex64_complex64
4349726015,5664,102001,1,1,1,1,1,1,18,0.000,0.000,,,,,NVIDIA A100-SXM4-40GB MIG 4g.20gb (0),1,,13,cupy_copy__float32_float32
4349793406,291644,102012,1,1,1,32,32,1,30,0.000,0.000,,,,,NVIDIA A100-SXM4-40GB MIG 4g.20gb (0),1,,13,"void convert_kernel<__half2, float2>(tensor_layout_any, T1 *, tensor_layout_any, const T2 *)"
4350160218,5440,102015,,,,,,,,,,0.094,17223.480,Pinned,Device,NVIDIA A100-SXM4-40GB MIG 4g.20gb (0),1,,13,[CUDA memcpy Host-to-Device]
4350213017,10880,102016,,,,,,,,,,1.547,142151.758,Device,,NVIDIA A100-SXM4-40GB MIG 4g.20gb (0),1,,13,[CUDA memset]
4350229881,3264,102021,,,,,,,,,,0.031,9588.218,Pinned,Device,NVIDIA A100-SXM4-40GB MIG 4g.20gb (0),1,,13,[CUDA memcpy Host-to-Device]
4350235545,10016,102022,,,,,,,,,,0.197,19629.343,Pinned,Device,NVIDIA A100-SXM4-40GB MIG 4g.20gb (0),1,,13,[CUDA memcpy Host-to-Device]
4350371703,31200,102023,273,1,1,8,4,1,39,0.002,0.000,,,,,NVIDIA A100-SXM4-40GB MIG 4g.20gb (0),1,,13,"void channel_eq::eqMmseCoefCompLowMimoKernel<float, float, float, (unsigned int)4, (unsigned int)1, (unsigned int)4>(const channel_eq::_puschRxChEqStatDescr *, channel_eq::_puschRxChEqCoefCompDynDescr)"
4350433238,28896,102024,273,1,1,12,11,1,51,0.002,0.000,,,,,NVIDIA A100-SXM4-40GB MIG 4g.20gb (0),1,,13,"void channel_eq::eqMmseSoftDemapKernel<float, __half, __half, float, (unsigned int)4, (unsigned short)16383>(channel_eq::_puschRxChEqStatDescr *, channel_eq::_puschRxChEqSoftDemapDynDescr)"
4350569429,720088,102025,1,1,1,32,32,1,30,0.000,0.000,,,,,NVIDIA A100-SXM4-40GB MIG 4g.20gb (0),1,,13,"void convert_kernel<float2, __half2>(tensor_layout_any, T1 *, tensor_layout_any, const T2 *)"
4351430091,21248,102037,2253,1,1,128,1,1,16,0.000,0.000,,,,,NVIDIA A100-SXM4-40GB MIG 4g.20gb (0),1,,13,cupy_copy__float16_float16
4351552522,6719,102046,282,1,1,128,1,1,16,0.000,0.000,,,,,NVIDIA A100-SXM4-40GB MIG 4g.20gb (0),1,,13,cupy_copy__complex64_complex64
4351654536,12128,102055,26,1,1,128,1,1,16,0.000,0.000,,,,,NVIDIA A100-SXM4-40GB MIG 4g.20gb (0),1,,13,cupy_copy__float32_float32
4351760103,14368,102064,103,1,1,128,1,1,16,0.000,0.000,,,,,NVIDIA A100-SXM4-40GB MIG 4g.20gb (0),1,,13,cupy_copy__complex64_complex64
4351971205,19679,102080,1434,1,1,128,1,1,16,0.000,0.000,,,,,NVIDIA A100-SXM4-40GB MIG 4g.20gb (0),1,,13,cupy_copy__complex64_complex64
4352096291,266813,102085,1,1,1,32,32,1,30,0.000,0.000,,,,,NVIDIA A100-SXM4-40GB MIG 4g.20gb (0),1,,13,"void convert_kernel<__half2, float2>(tensor_layout_any, T1 *, tensor_layout_any, const T2 *)"
4352425471,5792,102088,,,,,,,,,,0.094,16176.708,Pinned,Device,NVIDIA A100-SXM4-40GB MIG 4g.20gb (0),1,,13,[CUDA memcpy Host-to-Device]
4352514302,625401,102089,,,,,,,,,,456.561,729585.181,Device,,NVIDIA A100-SXM4-40GB MIG 4g.20gb (0),1,,13,[CUDA memset]
4353143735,60703,102094,,,,,,,,,,1.235,20343.233,Pinned,Device,NVIDIA A100-SXM4-40GB MIG 4g.20gb (0),1,,13,[CUDA memcpy Host-to-Device]
4353214230,12736,102095,,,,,,,,,,0.197,15437.070,Pinned,Device,NVIDIA A100-SXM4-40GB MIG 4g.20gb (0),1,,13,[CUDA memcpy Host-to-Device]
4353341621,23776,102096,69,4,1,48,1,1,76,0.002,0.000,,,,,NVIDIA A100-SXM4-40GB MIG 4g.20gb (0),1,,13,"void ch_est::windowedChEstPreNoDftSOfdmKernel<float, __half, float, (unsigned int)2, (unsigned int)1, (unsigned short)4>(ch_est::puschRxChEstStatDescr_t *, ch_est::puschRxChEstDynDescr_t *)"
4353403412,26432,102097,137,2,1,24,2,1,44,0.001,0.001,,,,,NVIDIA A100-SXM4-40GB MIG 4g.20gb (0),1,,13,"void ch_est::chEstFilterNoDftSOfdmDispatchKernel<float, __half, float, (unsigned int)2>(ch_est::puschRxChEstStatDescr_t *, ch_est::puschRxChEstDynDescr_t *)"
4353507731,24864,102098,137,2,1,24,2,1,44,0.001,0.001,,,,,NVIDIA A100-SXM4-40GB MIG 4g.20gb (0),1,,13,"void ch_est::chEstFilterNoDftSOfdmDispatchKernel<float, __half, float, (unsigned int)2>(ch_est::puschRxChEstStatDescr_t *, ch_est::puschRxChEstDynDescr_t *)"
4353611090,9408,102109,103,1,1,128,1,1,16,0.000,0.000,,,,,NVIDIA A100-SXM4-40GB MIG 4g.20gb (0),1,,13,cupy_copy__complex64_complex64
4353711025,16159,102119,1434,1,1,128,1,1,16,0.000,0.000,,,,,NVIDIA A100-SXM4-40GB MIG 4g.20gb (0),1,,13,cupy_copy__complex64_complex64
4353822479,13632,102126,103,1,1,128,1,1,16,0.000,0.000,,,,,NVIDIA A100-SXM4-40GB MIG 4g.20gb (0),1,,13,cupy_copy__complex64_complex64
4353926638,293917,102133,1,1,1,32,32,1,30,0.000,0.000,,,,,NVIDIA A100-SXM4-40GB MIG 4g.20gb (0),1,,13,"void convert_kernel<__half2, float2>(tensor_layout_any, T1 *, tensor_layout_any, const T2 *)"
4354251146,5920,102136,,,,,,,,,,0.094,15826.941,Pinned,Device,NVIDIA A100-SXM4-40GB MIG 4g.20gb (0),1,,13,[CUDA memcpy Host-to-Device]
4354364809,54687,102137,,,,,,,,,,35.810,654784.387,Device,,NVIDIA A100-SXM4-40GB MIG 4g.20gb (0),1,,13,[CUDA memset]
4354425480,4608,102139,,,,,,,,,,0.000,17.361,Pinned,Device,NVIDIA A100-SXM4-40GB MIG 4g.20gb (0),1,,13,[CUDA memcpy Host-to-Device]
4354433064,10560,102140,,,,,,,,,,0.197,18617.991,Pinned,Device,NVIDIA A100-SXM4-40GB MIG 4g.20gb (0),1,,13,[CUDA memcpy Host-to-Device]
4354571079,22655,102141,273,1,1,48,1,1,40,0.000,0.001,,,,,NVIDIA A100-SXM4-40GB MIG 4g.20gb (0),1,,13,"void pusch_noise_intf_est::noiseIntfEstNoDftSOfdmKernel<float, __half, float, float, (unsigned int)2, (unsigned int)1, (unsigned char)4, (unsigned char)4>(pusch_noise_intf_est::puschRxNoiseIntfEstDynDescr)"
4354797028,9600,102152,35,1,1,128,1,1,16,0.000,0.000,,,,,NVIDIA A100-SXM4-40GB MIG 4g.20gb (0),1,,13,cupy_copy__complex64_complex64
4354900899,4096,102161,1,1,1,1,1,1,18,0.000,0.000,,,,,NVIDIA A100-SXM4-40GB MIG 4g.20gb (0),1,,13,cupy_copy__float32_float32
4354912899,5280,102167,,,,,,,,,,0.000,0.758,Device,Pageable,NVIDIA A100-SXM4-40GB MIG 4g.20gb (0),1,,7,[CUDA memcpy Device-to-Host]
4355161536,18528,102178,1434,1,1,128,1,1,16,0.000,0.000,,,,,NVIDIA A100-SXM4-40GB MIG 4g.20gb (0),1,,13,cupy_copy__complex64_complex64
4355380477,11296,102185,103,1,1,128,1,1,16,0.000,0.000,,,,,NVIDIA A100-SXM4-40GB MIG 4g.20gb (0),1,,13,cupy_copy__complex64_complex64
4355586587,10464,102192,35,1,1,128,1,1,16,0.000,0.000,,,,,NVIDIA A100-SXM4-40GB MIG 4g.20gb (0),1,,13,cupy_copy__complex64_complex64
4355746425,4000,102199,1,1,1,1,1,1,18,0.000,0.000,,,,,NVIDIA A100-SXM4-40GB MIG 4g.20gb (0),1,,13,cupy_copy__float32_float32
4355902487,291101,102210,1,1,1,32,32,1,30,0.000,0.000,,,,,NVIDIA A100-SXM4-40GB MIG 4g.20gb (0),1,,13,"void convert_kernel<__half2, float2>(tensor_layout_any, T1 *, tensor_layout_any, const T2 *)"
4356225268,5472,102213,,,,,,,,,,0.094,17122.757,Pinned,Device,NVIDIA A100-SXM4-40GB MIG 4g.20gb (0),1,,13,[CUDA memcpy Host-to-Device]
4356375858,4608,102214,,,,,,,,,,1.547,335637.514,Device,,NVIDIA A100-SXM4-40GB MIG 4g.20gb (0),1,,13,[CUDA memset]
4356385682,3264,102219,,,,,,,,,,0.031,9588.218,Pinned,Device,NVIDIA A100-SXM4-40GB MIG 4g.20gb (0),1,,13,[CUDA memcpy Host-to-Device]
4356391378,9472,102220,,,,,,,,,,0.197,20756.693,Pinned,Device,NVIDIA A100-SXM4-40GB MIG 4g.20gb (0),1,,13,[CUDA memcpy Host-to-Device]
4356536848,29664,102221,273,1,1,8,4,1,39,0.002,0.000,,,,,NVIDIA A100-SXM4-40GB MIG 4g.20gb (0),1,,13,"void channel_eq::eqMmseCoefCompLowMimoKernel<float, float, float, (unsigned int)4, (unsigned int)1, (unsigned int)4>(const channel_eq::_puschRxChEqStatDescr *, channel_eq::_puschRxChEqCoefCompDynDescr)"
4356603183,600985,102222,273,1,1,12,11,1,51,0.002,0.000,,,,,NVIDIA A100-SXM4-40GB MIG 4g.20gb (0),1,,13,"void channel_eq::eqMmseSoftDemapKernel<float, __half, __half, float, (unsigned int)4, (unsigned short)16383>(channel_eq::_puschRxChEqStatDescr *, channel_eq::_puschRxChEqSoftDemapDynDescr)"
4357304295,715864,102223,1,1,1,32,32,1,30,0.000,0.000,,,,,NVIDIA A100-SXM4-40GB MIG 4g.20gb (0),1,,13,"void convert_kernel<float2, __half2>(tensor_layout_any, T1 *, tensor_layout_any, const T2 *)"
4358099742,20800,102235,2253,1,1,128,1,1,16,0.000,0.000,,,,,NVIDIA A100-SXM4-40GB MIG 4g.20gb (0),1,,13,cupy_copy__float16_float16
4358215069,14591,102244,282,1,1,128,1,1,16,0.000,0.000,,,,,NVIDIA A100-SXM4-40GB MIG 4g.20gb (0),1,,13,cupy_copy__complex64_complex64
4358267516,11968,102253,26,1,1,128,1,1,16,0.000,0.000,,,,,NVIDIA A100-SXM4-40GB MIG 4g.20gb (0),1,,13,cupy_copy__float32_float32
4358320891,16512,102262,103,1,1,128,1,1,16,0.000,0.000,,,,,NVIDIA A100-SXM4-40GB MIG 4g.20gb (0),1,,13,cupy_copy__complex64_complex64
4358424506,21472,102272,1434,1,1,128,1,1,16,0.000,0.000,,,,,NVIDIA A100-SXM4-40GB MIG 4g.20gb (0),1,,13,cupy_copy__complex64_complex64
4358494617,255581,102277,1,1,1,32,32,1,30,0.000,0.000,,,,,NVIDIA A100-SXM4-40GB MIG 4g.20gb (0),1,,13,"void convert_kernel<__half2, float2>(tensor_layout_any, T1 *, tensor_layout_any, const T2 *)"
4358781366,5440,102280,,,,,,,,,,0.094,17223.480,Pinned,Device,NVIDIA A100-SXM4-40GB MIG 4g.20gb (0),1,,13,[CUDA memcpy Host-to-Device]
4358869429,627737,102281,,,,,,,,,,456.561,727302.374,Device,,NVIDIA A100-SXM4-40GB MIG 4g.20gb (0),1,,13,[CUDA memset]
4359504174,51007,102286,,,,,,,,,,1.235,24211.077,Pinned,Device,NVIDIA A100-SXM4-40GB MIG 4g.20gb (0),1,,13,[CUDA memcpy Host-to-Device]
4359557613,10528,102287,,,,,,,,,,0.197,18674.614,Pinned,Device,NVIDIA A100-SXM4-40GB MIG 4g.20gb (0),1,,13,[CUDA memcpy Host-to-Device]
4359646220,25568,102288,69,4,1,48,1,1,76,0.002,0.000,,,,,NVIDIA A100-SXM4-40GB MIG 4g.20gb (0),1,,13,"void ch_est::windowedChEstPreNoDftSOfdmKernel<float, __half, float, (unsigned int)2, (unsigned int)1, (unsigned short)4>(ch_est::puschRxChEstStatDescr_t *, ch_est::puschRxChEstDynDescr_t *)"
4359707915,27840,102289,137,2,1,24,2,1,44,0.001,0.001,,,,,NVIDIA A100-SXM4-40GB MIG 4g.20gb (0),1,,13,"void ch_est::chEstFilterNoDftSOfdmDispatchKernel<float, __half, float, (unsigned int)2>(ch_est::puschRxChEstStatDescr_t *, ch_est::puschRxChEstDynDescr_t *)"
4359768747,26335,102290,137,2,1,24,2,1,44,0.001,0.001,,,,,NVIDIA A100-SXM4-40GB MIG 4g.20gb (0),1,,13,"void ch_est::chEstFilterNoDftSOfdmDispatchKernel<float, __half, float, (unsigned int)2>(ch_est::puschRxChEstStatDescr_t *, ch_est::puschRxChEstDynDescr_t *)"
4359829130,9824,102301,103,1,1,128,1,1,16,0.000,0.000,,,,,NVIDIA A100-SXM4-40GB MIG 4g.20gb (0),1,,13,cupy_copy__complex64_complex64
4359883817,21472,102311,1434,1,1,128,1,1,16,0.000,0.000,,,,,NVIDIA A100-SXM4-40GB MIG 4g.20gb (0),1,,13,cupy_copy__complex64_complex64
4359946089,8960,102318,103,1,1,128,1,1,16,0.000,0.000,,,,,NVIDIA A100-SXM4-40GB MIG 4g.20gb (0),1,,13,cupy_copy__complex64_complex64
4360008776,253981,102325,1,1,1,32,32,1,30,0.000,0.000,,,,,NVIDIA A100-SXM4-40GB MIG 4g.20gb (0),1,,13,"void convert_kernel<__half2, float2>(tensor_layout_any, T1 *, tensor_layout_any, const T2 *)"
4360295077,5376,102328,,,,,,,,,,0.094,17428.487,Pinned,Device,NVIDIA A100-SXM4-40GB MIG 4g.20gb (0),1,,13,[CUDA memcpy Host-to-Device]
4360395587,61792,102329,,,,,,,,,,35.810,579511.935,Device,,NVIDIA A100-SXM4-40GB MIG 4g.20gb (0),1,,13,[CUDA memset]
4360461283,3776,102331,,,,,,,,,,0.000,21.186,Pinned,Device,NVIDIA A100-SXM4-40GB MIG 4g.20gb (0),1,,13,[CUDA memcpy Host-to-Device]
4360467523,9696,102332,,,,,,,,,,0.197,20277.166,Pinned,Device,NVIDIA A100-SXM4-40GB MIG 4g.20gb (0),1,,13,[CUDA memcpy Host-to-Device]
4360563234,29375,102333,273,1,1,48,1,1,40,0.000,0.001,,,,,NVIDIA A100-SXM4-40GB MIG 4g.20gb (0),1,,13,"void pusch_noise_intf_est::noiseIntfEstNoDftSOfdmKernel<float, __half, float, float, (unsigned int)2, (unsigned int)1, (unsigned char)4, (unsigned char)4>(pusch_noise_intf_est::puschRxNoiseIntfEstDynDescr)"
4360665184,11264,102344,35,1,1,128,1,1,16,0.000,0.000,,,,,NVIDIA A100-SXM4-40GB MIG 4g.20gb (0),1,,13,cupy_copy__complex64_complex64
4360723392,5632,102353,1,1,1,1,1,1,18,0.000,0.000,,,,,NVIDIA A100-SXM4-40GB MIG 4g.20gb (0),1,,13,cupy_copy__float32_float32
4360730464,5024,102359,,,,,,,,,,0.000,0.796,Device,Pageable,NVIDIA A100-SXM4-40GB MIG 4g.20gb (0),1,,7,[CUDA memcpy Device-to-Host]
4360878046,20352,102370,1434,1,1,128,1,1,16,0.000,0.000,,,,,NVIDIA A100-SXM4-40GB MIG 4g.20gb (0),1,,13,cupy_copy__complex64_complex64
4360940989,12576,102377,103,1,1,128,1,1,16,0.000,0.000,,,,,NVIDIA A100-SXM4-40GB MIG 4g.20gb (0),1,,13,cupy_copy__complex64_complex64
4361041148,14624,102384,35,1,1,128,1,1,16,0.000,0.000,,,,,NVIDIA A100-SXM4-40GB MIG 4g.20gb (0),1,,13,cupy_copy__complex64_complex64
4361112059,8576,102391,1,1,1,1,1,1,18,0.000,0.000,,,,,NVIDIA A100-SXM4-40GB MIG 4g.20gb (0),1,,13,cupy_copy__float32_float32
4361240954,292572,102402,1,1,1,32,32,1,30,0.000,0.000,,,,,NVIDIA A100-SXM4-40GB MIG 4g.20gb (0),1,,13,"void convert_kernel<__half2, float2>(tensor_layout_any, T1 *, tensor_layout_any, const T2 *)"
4361567638,13824,102405,,,,,,,,,,0.094,6777.688,Pinned,Device,NVIDIA A100-SXM4-40GB MIG 4g.20gb (0),1,,13,[CUDA memcpy Host-to-Device]
4361792595,11328,102406,,,,,,,,,,1.547,136529.780,Device,,NVIDIA A100-SXM4-40GB MIG 4g.20gb (0),1,,13,[CUDA memset]
4361804947,9856,102411,,,,,,,,,,0.031,3175.323,Pinned,Device,NVIDIA A100-SXM4-40GB MIG 4g.20gb (0),1,,13,[CUDA memcpy Host-to-Device]
4361820275,14144,102412,,,,,,,,,,0.197,13900.382,Pinned,Device,NVIDIA A100-SXM4-40GB MIG 4g.20gb (0),1,,13,[CUDA memcpy Host-to-Device]
4361949842,31391,102413,273,1,1,8,4,1,39,0.002,0.000,,,,,NVIDIA A100-SXM4-40GB MIG 4g.20gb (0),1,,13,"void channel_eq::eqMmseCoefCompLowMimoKernel<float, float, float, (unsigned int)4, (unsigned int)1, (unsigned int)4>(const channel_eq::_puschRxChEqStatDescr *, channel_eq::_puschRxChEqCoefCompDynDescr)"
4362060944,20864,102414,273,1,1,12,11,1,51,0.002,0.000,,,,,NVIDIA A100-SXM4-40GB MIG 4g.20gb (0),1,,13,"void channel_eq::eqMmseSoftDemapKernel<float, __half, __half, float, (unsigned int)4, (unsigned short)16383>(channel_eq::_puschRxChEqStatDescr *, channel_eq::_puschRxChEqSoftDemapDynDescr)"
4362226318,707672,102415,1,1,1,32,32,1,30,0.000,0.000,,,,,NVIDIA A100-SXM4-40GB MIG 4g.20gb (0),1,,13,"void convert_kernel<float2, __half2>(tensor_layout_any, T1 *, tensor_layout_any, const T2 *)"
4363053861,20576,102427,2253,1,1,128,1,1,16,0.000,0.000,,,,,NVIDIA A100-SXM4-40GB MIG 4g.20gb (0),1,,13,cupy_copy__float16_float16
4363169795,15200,102436,282,1,1,128,1,1,16,0.000,0.000,,,,,NVIDIA A100-SXM4-40GB MIG 4g.20gb (0),1,,13,cupy_copy__complex64_complex64
4363222947,11872,102445,26,1,1,128,1,1,16,0.000,0.000,,,,,NVIDIA A100-SXM4-40GB MIG 4g.20gb (0),1,,13,cupy_copy__float32_float32
4363275458,14464,102454,103,1,1,128,1,1,16,0.000,0.000,,,,,NVIDIA A100-SXM4-40GB MIG 4g.20gb (0),1,,13,cupy_copy__complex64_complex64
4363377249,20992,102464,1434,1,1,128,1,1,16,0.000,0.000,,,,,NVIDIA A100-SXM4-40GB MIG 4g.20gb (0),1,,13,cupy_copy__complex64_complex64
4363448736,577722,102469,1,1,1,32,32,1,30,0.000,0.000,,,,,NVIDIA A100-SXM4-40GB MIG 4g.20gb (0),1,,13,"void convert_kernel<__half2, float2>(tensor_layout_any, T1 *, tensor_layout_any, const T2 *)"
4364059065,5664,102472,,,,,,,,,,0.094,16542.310,Pinned,Device,NVIDIA A100-SXM4-40GB MIG 4g.20gb (0),1,,13,[CUDA memcpy Host-to-Device]
4364229271,636921,102473,,,,,,,,,,456.561,716801.461,Device,,NVIDIA A100-SXM4-40GB MIG 4g.20gb (0),1,,13,[CUDA memset]
4364868144,53247,102478,,,,,,,,,,1.235,23192.248,Pinned,Device,NVIDIA A100-SXM4-40GB MIG 4g.20gb (0),1,,13,[CUDA memcpy Host-to-Device]
4364924047,9696,102479,,,,,,,,,,0.197,20277.166,Pinned,Device,NVIDIA A100-SXM4-40GB MIG 4g.20gb (0),1,,13,[CUDA memcpy Host-to-Device]
4364963919,22976,102480,69,4,1,48,1,1,76,0.002,0.000,,,,,NVIDIA A100-SXM4-40GB MIG 4g.20gb (0),1,,13,"void ch_est::windowedChEstPreNoDftSOfdmKernel<float, __half, float, (unsigned int)2, (unsigned int)1, (unsigned short)4>(ch_est::puschRxChEstStatDescr_t *, ch_est::puschRxChEstDynDescr_t *)"
4365025454,24640,102481,137,2,1,24,2,1,44,0.001,0.001,,,,,NVIDIA A100-SXM4-40GB MIG 4g.20gb (0),1,,13,"void ch_est::chEstFilterNoDftSOfdmDispatchKernel<float, __half, float, (unsigned int)2>(ch_est::puschRxChEstStatDescr_t *, ch_est::puschRxChEstDynDescr_t *)"
4365084813,26016,102482,137,2,1,24,2,1,44,0.001,0.001,,,,,NVIDIA A100-SXM4-40GB MIG 4g.20gb (0),1,,13,"void ch_est::chEstFilterNoDftSOfdmDispatchKernel<float, __half, float, (unsigned int)2>(ch_est::puschRxChEstStatDescr_t *, ch_est::puschRxChEstDynDescr_t *)"
4365147053,11104,102493,103,1,1,128,1,1,16,0.000,0.000,,,,,NVIDIA A100-SXM4-40GB MIG 4g.20gb (0),1,,13,cupy_copy__complex64_complex64
4365205036,17696,102503,1434,1,1,128,1,1,16,0.000,0.000,,,,,NVIDIA A100-SXM4-40GB MIG 4g.20gb (0),1,,13,cupy_copy__complex64_complex64
4365267371,9248,102510,103,1,1,128,1,1,16,0.000,0.000,,,,,NVIDIA A100-SXM4-40GB MIG 4g.20gb (0),1,,13,cupy_copy__complex64_complex64
4365382954,285661,102517,1,1,1,32,32,1,30,0.000,0.000,,,,,NVIDIA A100-SXM4-40GB MIG 4g.20gb (0),1,,13,"void convert_kernel<__half2, float2>(tensor_layout_any, T1 *, tensor_layout_any, const T2 *)"
4365698822,5920,102520,,,,,,,,,,0.094,15826.941,Pinned,Device,NVIDIA A100-SXM4-40GB MIG 4g.20gb (0),1,,13,[CUDA memcpy Host-to-Device]
4365791205,61440,102521,,,,,,,,,,35.810,582842.258,Device,,NVIDIA A100-SXM4-40GB MIG 4g.20gb (0),1,,13,[CUDA memset]
4365857476,1984,102523,,,,,,,,,,0.000,40.323,Pinned,Device,NVIDIA A100-SXM4-40GB MIG 4g.20gb (0),1,,13,[CUDA memcpy Host-to-Device]
4365862212,9440,102524,,,,,,,,,,0.197,20827.079,Pinned,Device,NVIDIA A100-SXM4-40GB MIG 4g.20gb (0),1,,13,[CUDA memcpy Host-to-Device]
4365951139,26560,102525,273,1,1,48,1,1,40,0.000,0.001,,,,,NVIDIA A100-SXM4-40GB MIG 4g.20gb (0),1,,13,"void pusch_noise_intf_est::noiseIntfEstNoDftSOfdmKernel<float, __half, float, float, (unsigned int)2, (unsigned int)1, (unsigned char)4, (unsigned char)4>(pusch_noise_intf_est::puschRxNoiseIntfEstDynDescr)"
4366113090,12447,102536,35,1,1,128,1,1,16,0.000,0.000,,,,,NVIDIA A100-SXM4-40GB MIG 4g.20gb (0),1,,13,cupy_copy__complex64_complex64
4366220032,5216,102545,1,1,1,1,1,1,18,0.000,0.000,,,,,NVIDIA A100-SXM4-40GB MIG 4g.20gb (0),1,,13,cupy_copy__float32_float32
4366232064,1632,102551,,,,,,,,,,0.000,2.451,Device,Pageable,NVIDIA A100-SXM4-40GB MIG 4g.20gb (0),1,,7,[CUDA memcpy Device-to-Host]
4366424702,21856,102562,1434,1,1,128,1,1,16,0.000,0.000,,,,,NVIDIA A100-SXM4-40GB MIG 4g.20gb (0),1,,13,cupy_copy__complex64_complex64
4366540317,9375,102569,103,1,1,128,1,1,16,0.000,0.000,,,,,NVIDIA A100-SXM4-40GB MIG 4g.20gb (0),1,,13,cupy_copy__complex64_complex64
4366645819,4928,102576,35,1,1,128,1,1,16,0.000,0.000,,,,,NVIDIA A100-SXM4-40GB MIG 4g.20gb (0),1,,13,cupy_copy__complex64_complex64
4366848665,3616,102583,1,1,1,1,1,1,18,0.000,0.000,,,,,NVIDIA A100-SXM4-40GB MIG 4g.20gb (0),1,,13,cupy_copy__float32_float32
4366965528,294876,102594,1,1,1,32,32,1,30,0.000,0.000,,,,,NVIDIA A100-SXM4-40GB MIG 4g.20gb (0),1,,13,"void convert_kernel<__half2, float2>(tensor_layout_any, T1 *, tensor_layout_any, const T2 *)"
4367290932,6656,102597,,,,,,,,,,0.094,14076.887,Pinned,Device,NVIDIA A100-SXM4-40GB MIG 4g.20gb (0),1,,13,[CUDA memcpy Host-to-Device]
4367432754,9248,102598,,,,,,,,,,1.547,167238.000,Device,,NVIDIA A100-SXM4-40GB MIG 4g.20gb (0),1,,13,[CUDA memset]
4367447122,4512,102603,,,,,,,,,,0.031,6936.164,Pinned,Device,NVIDIA A100-SXM4-40GB MIG 4g.20gb (0),1,,13,[CUDA memcpy Host-to-Device]
4367454130,9920,102604,,,,,,,,,,0.197,19819.266,Pinned,Device,NVIDIA A100-SXM4-40GB MIG 4g.20gb (0),1,,13,[CUDA memcpy Host-to-Device]
4367598960,23232,102605,273,1,1,8,4,1,39,0.002,0.000,,,,,NVIDIA A100-SXM4-40GB MIG 4g.20gb (0),1,,13,"void channel_eq::eqMmseCoefCompLowMimoKernel<float, float, float, (unsigned int)4, (unsigned int)1, (unsigned int)4>(const channel_eq::_puschRxChEqStatDescr *, channel_eq::_puschRxChEqCoefCompDynDescr)"
4367748623,26943,102606,273,1,1,12,11,1,51,0.002,0.000,,,,,NVIDIA A100-SXM4-40GB MIG 4g.20gb (0),1,,13,"void channel_eq::eqMmseSoftDemapKernel<float, __half, __half, float, (unsigned int)4, (unsigned short)16383>(channel_eq::_puschRxChEqStatDescr *, channel_eq::_puschRxChEqSoftDemapDynDescr)"
4367865357,746808,102607,1,1,1,32,32,1,30,0.000,0.000,,,,,NVIDIA A100-SXM4-40GB MIG 4g.20gb (0),1,,13,"void convert_kernel<float2, __half2>(tensor_layout_any, T1 *, tensor_layout_any, const T2 *)"
4368731971,22400,102619,2253,1,1,128,1,1,16,0.000,0.000,,,,,NVIDIA A100-SXM4-40GB MIG 4g.20gb (0),1,,13,cupy_copy__float16_float16
4368839362,14464,102628,282,1,1,128,1,1,16,0.000,0.000,,,,,NVIDIA A100-SXM4-40GB MIG 4g.20gb (0),1,,13,cupy_copy__complex64_complex64
4368941057,9184,102637,26,1,1,128,1,1,16,0.000,0.000,,,,,NVIDIA A100-SXM4-40GB MIG 4g.20gb (0),1,,13,cupy_copy__float32_float32
4369043808,13728,102646,103,1,1,128,1,1,16,0.000,0.000,,,,,NVIDIA A100-SXM4-40GB MIG 4g.20gb (0),1,,13,cupy_copy__complex64_complex64
4369145055,21567,102656,1434,1,1,128,1,1,16,0.000,0.000,,,,,NVIDIA A100-SXM4-40GB MIG 4g.20gb (0),1,,13,cupy_copy__complex64_complex64
4369267037,283357,102661,1,1,1,32,32,1,30,0.000,0.000,,,,,NVIDIA A100-SXM4-40GB MIG 4g.20gb (0),1,,13,"void convert_kernel<__half2, float2>(tensor_layout_any, T1 *, tensor_layout_any, const T2 *)"
4369582009,5376,102664,,,,,,,,,,0.094,17428.487,Pinned,Device,NVIDIA A100-SXM4-40GB MIG 4g.20gb (0),1,,13,[CUDA memcpy Host-to-Device]
4369636025,1109139,102665,,,,,,,,,,456.561,411361.857,Device,,NVIDIA A100-SXM4-40GB MIG 4g.20gb (0),1,,13,[CUDA memset]
4370751180,52447,102670,,,,,,,,,,1.235,23545.442,Pinned,Device,NVIDIA A100-SXM4-40GB MIG 4g.20gb (0),1,,13,[CUDA memcpy Host-to-Device]
4370806283,10080,102671,,,,,,,,,,0.197,19504.693,Pinned,Device,NVIDIA A100-SXM4-40GB MIG 4g.20gb (0),1,,13,[CUDA memcpy Host-to-Device]
4370846187,30496,102672,69,4,1,48,1,1,76,0.002,0.000,,,,,NVIDIA A100-SXM4-40GB MIG 4g.20gb (0),1,,13,"void ch_est::windowedChEstPreNoDftSOfdmKernel<float, __half, float, (unsigned int)2, (unsigned int)1, (unsigned short)4>(ch_est::puschRxChEstStatDescr_t *, ch_est::puschRxChEstDynDescr_t *)"
4370961706,25279,102673,137,2,1,24,2,1,44,0.001,0.001,,,,,NVIDIA A100-SXM4-40GB MIG 4g.20gb (0),1,,13,"void ch_est::chEstFilterNoDftSOfdmDispatchKernel<float, __half, float, (unsigned int)2>(ch_est::puschRxChEstStatDescr_t *, ch_est::puschRxChEstDynDescr_t *)"
4371022793,27456,102674,137,2,1,24,2,1,44,0.001,0.001,,,,,NVIDIA A100-SXM4-40GB MIG 4g.20gb (0),1,,13,"void ch_est::chEstFilterNoDftSOfdmDispatchKernel<float, __half, float, (unsigned int)2>(ch_est::puschRxChEstStatDescr_t *, ch_est::puschRxChEstDynDescr_t *)"
4371085128,12512,102685,103,1,1,128,1,1,16,0.000,0.000,,,,,NVIDIA A100-SXM4-40GB MIG 4g.20gb (0),1,,13,cupy_copy__complex64_complex64
4371143111,18592,102695,1434,1,1,128,1,1,16,0.000,0.000,,,,,NVIDIA A100-SXM4-40GB MIG 4g.20gb (0),1,,13,cupy_copy__complex64_complex64
4371206599,9856,102702,103,1,1,128,1,1,16,0.000,0.000,,,,,NVIDIA A100-SXM4-40GB MIG 4g.20gb (0),1,,13,cupy_copy__complex64_complex64
4371351557,277917,102709,1,1,1,32,32,1,30,0.000,0.000,,,,,NVIDIA A100-SXM4-40GB MIG 4g.20gb (0),1,,13,"void convert_kernel<__half2, float2>(tensor_layout_any, T1 *, tensor_layout_any, const T2 *)"
4371660577,5568,102712,,,,,,,,,,0.094,16827.521,Pinned,Device,NVIDIA A100-SXM4-40GB MIG 4g.20gb (0),1,,13,[CUDA memcpy Host-to-Device]
4371791584,49055,102713,,,,,,,,,,35.810,729985.219,Device,,NVIDIA A100-SXM4-40GB MIG 4g.20gb (0),1,,13,[CUDA memset]
4371844191,3840,102715,,,,,,,,,,0.000,20.833,Pinned,Device,NVIDIA A100-SXM4-40GB MIG 4g.20gb (0),1,,13,[CUDA memcpy Host-to-Device]
4371850911,9696,102716,,,,,,,,,,0.197,20277.166,Pinned,Device,NVIDIA A100-SXM4-40GB MIG 4g.20gb (0),1,,13,[CUDA memcpy Host-to-Device]
4371940894,29920,102717,273,1,1,48,1,1,40,0.000,0.001,,,,,NVIDIA A100-SXM4-40GB MIG 4g.20gb (0),1,,13,"void pusch_noise_intf_est::noiseIntfEstNoDftSOfdmKernel<float, __half, float, float, (unsigned int)2, (unsigned int)1, (unsigned char)4, (unsigned char)4>(pusch_noise_intf_est::puschRxNoiseIntfEstDynDescr)"
4372092125,8543,102728,35,1,1,128,1,1,16,0.000,0.000,,,,,NVIDIA A100-SXM4-40GB MIG 4g.20gb (0),1,,13,cupy_copy__complex64_complex64
4372196123,5824,102737,1,1,1,1,1,1,18,0.000,0.000,,,,,NVIDIA A100-SXM4-40GB MIG 4g.20gb (0),1,,13,cupy_copy__float32_float32
4372203611,1696,102743,,,,,,,,,,0.000,2.358,Device,Pageable,NVIDIA A100-SXM4-40GB MIG 4g.20gb (0),1,,7,[CUDA memcpy Device-to-Host]
4372390489,20864,102754,1434,1,1,128,1,1,16,0.000,0.000,,,,,NVIDIA A100-SXM4-40GB MIG 4g.20gb (0),1,,13,cupy_copy__complex64_complex64
4372545015,11744,102761,103,1,1,128,1,1,16,0.000,0.000,,,,,NVIDIA A100-SXM4-40GB MIG 4g.20gb (0),1,,13,cupy_copy__complex64_complex64
4372695094,7295,102768,35,1,1,128,1,1,16,0.000,0.000,,,,,NVIDIA A100-SXM4-40GB MIG 4g.20gb (0),1,,13,cupy_copy__complex64_complex64
4372797300,6752,102775,1,1,1,1,1,1,18,0.000,0.000,,,,,NVIDIA A100-SXM4-40GB MIG 4g.20gb (0),1,,13,cupy_copy__float32_float32
4372947571,284540,102786,1,1,1,32,32,1,30,0.000,0.000,,,,,NVIDIA A100-SXM4-40GB MIG 4g.20gb (0),1,,13,"void convert_kernel<__half2, float2>(tensor_layout_any, T1 *, tensor_layout_any, const T2 *)"
4373262383,6016,102789,,,,,,,,,,0.094,15574.430,Pinned,Device,NVIDIA A100-SXM4-40GB MIG 4g.20gb (0),1,,13,[CUDA memcpy Host-to-Device]
4373460717,5024,102790,,,,,,,,,,1.547,307846.227,Device,,NVIDIA A100-SXM4-40GB MIG 4g.20gb (0),1,,13,[CUDA memset]
4373471213,3072,102795,,,,,,,,,,0.031,10187.474,Pinned,Device,NVIDIA A100-SXM4-40GB MIG 4g.20gb (0),1,,13,[CUDA memcpy Host-to-Device]
4373476685,9631,102796,,,,,,,,,,0.197,20414.005,Pinned,Device,NVIDIA A100-SXM4-40GB MIG 4g.20gb (0),1,,13,[CUDA memcpy Host-to-Device]
4373659690,22816,102797,273,1,1,8,4,1,39,0.002,0.000,,,,,NVIDIA A100-SXM4-40GB MIG 4g.20gb (0),1,,13,"void channel_eq::eqMmseCoefCompLowMimoKernel<float, float, float, (unsigned int)4, (unsigned int)1, (unsigned int)4>(const channel_eq::_puschRxChEqStatDescr *, channel_eq::_puschRxChEqCoefCompDynDescr)"
4373865448,13920,102798,273,1,1,12,11,1,51,0.002,0.000,,,,,NVIDIA A100-SXM4-40GB MIG 4g.20gb (0),1,,13,"void channel_eq::eqMmseSoftDemapKernel<float, __half, __half, float, (unsigned int)4, (unsigned short)16383>(channel_eq::_puschRxChEqStatDescr *, channel_eq::_puschRxChEqSoftDemapDynDescr)"
4374073350,1119795,102799,1,1,1,32,32,1,30,0.000,0.000,,,,,NVIDIA A100-SXM4-40GB MIG 4g.20gb (0),1,,13,"void convert_kernel<float2, __half2>(tensor_layout_any, T1 *, tensor_layout_any, const T2 *)"
4375274456,23328,102811,2253,1,1,128,1,1,16,0.000,0.000,,,,,NVIDIA A100-SXM4-40GB MIG 4g.20gb (0),1,,13,cupy_copy__float16_float16
4375391638,15360,102820,282,1,1,128,1,1,16,0.000,0.000,,,,,NVIDIA A100-SXM4-40GB MIG 4g.20gb (0),1,,13,cupy_copy__complex64_complex64
4375445334,14624,102829,26,1,1,128,1,1,16,0.000,0.000,,,,,NVIDIA A100-SXM4-40GB MIG 4g.20gb (0),1,,13,cupy_copy__float32_float32
4375497685,15328,102838,103,1,1,128,1,1,16,0.000,0.000,,,,,NVIDIA A100-SXM4-40GB MIG 4g.20gb (0),1,,13,cupy_copy__complex64_complex64
4375600148,20608,102848,1434,1,1,128,1,1,16,0.000,0.000,,,,,NVIDIA A100-SXM4-40GB MIG 4g.20gb (0),1,,13,cupy_copy__complex64_complex64
4375670195,246109,102853,1,1,1,32,32,1,30,0.000,0.000,,,,,NVIDIA A100-SXM4-40GB MIG 4g.20gb (0),1,,13,"void convert_kernel<__half2, float2>(tensor_layout_any, T1 *, tensor_layout_any, const T2 *)"
4375962896,5536,102856,,,,,,,,,,0.094,16924.777,Pinned,Device,NVIDIA A100-SXM4-40GB MIG 4g.20gb (0),1,,13,[CUDA memcpy Host-to-Device]
4376046703,633209,102857,,,,,,,,,,456.561,720910.514,Device,,NVIDIA A100-SXM4-40GB MIG 4g.20gb (0),1,,13,[CUDA memset]
4376680616,52031,102862,,,,,,,,,,1.235,23734.389,Pinned,Device,NVIDIA A100-SXM4-40GB MIG 4g.20gb (0),1,,13,[CUDA memcpy Host-to-Device]
4376735111,9664,102863,,,,,,,,,,0.197,20344.209,Pinned,Device,NVIDIA A100-SXM4-40GB MIG 4g.20gb (0),1,,13,[CUDA memcpy Host-to-Device]
4376784454,26368,102864,69,4,1,48,1,1,76,0.002,0.000,,,,,NVIDIA A100-SXM4-40GB MIG 4g.20gb (0),1,,13,"void ch_est::windowedChEstPreNoDftSOfdmKernel<float, __half, float, (unsigned int)2, (unsigned int)1, (unsigned short)4>(ch_est::puschRxChEstStatDescr_t *, ch_est::puschRxChEstDynDescr_t *)"
4376846950,24863,102865,137,2,1,24,2,1,44,0.001,0.001,,,,,NVIDIA A100-SXM4-40GB MIG 4g.20gb (0),1,,13,"void ch_est::chEstFilterNoDftSOfdmDispatchKernel<float, __half, float, (unsigned int)2>(ch_est::puschRxChEstStatDescr_t *, ch_est::puschRxChEstDynDescr_t *)"
4376906245,27552,102866,137,2,1,24,2,1,44,0.001,0.001,,,,,NVIDIA A100-SXM4-40GB MIG 4g.20gb (0),1,,13,"void ch_est::chEstFilterNoDftSOfdmDispatchKernel<float, __half, float, (unsigned int)2>(ch_est::puschRxChEstStatDescr_t *, ch_est::puschRxChEstDynDescr_t *)"
4376968452,8128,102877,103,1,1,128,1,1,16,0.000,0.000,,,,,NVIDIA A100-SXM4-40GB MIG 4g.20gb (0),1,,13,cupy_copy__complex64_complex64
4377022660,18079,102887,1434,1,1,128,1,1,16,0.000,0.000,,,,,NVIDIA A100-SXM4-40GB MIG 4g.20gb (0),1,,13,cupy_copy__complex64_complex64
4377082851,12960,102894,103,1,1,128,1,1,16,0.000,0.000,,,,,NVIDIA A100-SXM4-40GB MIG 4g.20gb (0),1,,13,cupy_copy__complex64_complex64
4377145666,258013,102901,1,1,1,32,32,1,30,0.000,0.000,,,,,NVIDIA A100-SXM4-40GB MIG 4g.20gb (0),1,,13,"void convert_kernel<__half2, float2>(tensor_layout_any, T1 *, tensor_layout_any, const T2 *)"
4377434175,5984,102904,,,,,,,,,,0.094,15657.726,Pinned,Device,NVIDIA A100-SXM4-40GB MIG 4g.20gb (0),1,,13,[CUDA memcpy Host-to-Device]
4377518910,63391,102905,,,,,,,,,,35.810,564901.488,Device,,NVIDIA A100-SXM4-40GB MIG 4g.20gb (0),1,,13,[CUDA memset]
4377583581,1824,102907,,,,,,,,,,0.000,43.860,Pinned,Device,NVIDIA A100-SXM4-40GB MIG 4g.20gb (0),1,,13,[CUDA memcpy Host-to-Device]
4377587805,11712,102908,,,,,,,,,,0.197,16786.784,Pinned,Device,NVIDIA A100-SXM4-40GB MIG 4g.20gb (0),1,,13,[CUDA memcpy Host-to-Device]
4377686812,32896,102909,273,1,1,48,1,1,40,0.000,0.001,,,,,NVIDIA A100-SXM4-40GB MIG 4g.20gb (0),1,,13,"void pusch_noise_intf_est::noiseIntfEstNoDftSOfdmKernel<float, __half, float, float, (unsigned int)2, (unsigned int)1, (unsigned char)4, (unsigned char)4>(pusch_noise_intf_est::puschRxNoiseIntfEstDynDescr)"
4377784347,13600,102920,35,1,1,128,1,1,16,0.000,0.000,,,,,NVIDIA A100-SXM4-40GB MIG 4g.20gb (0),1,,13,cupy_copy__complex64_complex64
4377853882,4352,102929,1,1,1,1,1,1,18,0.000,0.000,,,,,NVIDIA A100-SXM4-40GB MIG 4g.20gb (0),1,,13,cupy_copy__float32_float32
4377865274,1696,102935,,,,,,,,,,0.000,2.358,Device,Pageable,NVIDIA A100-SXM4-40GB MIG 4g.20gb (0),1,,7,[CUDA memcpy Device-to-Host]
4378008216,18528,102946,1434,1,1,128,1,1,16,0.000,0.000,,,,,NVIDIA A100-SXM4-40GB MIG 4g.20gb (0),1,,13,cupy_copy__complex64_complex64
4378116119,11104,102953,103,1,1,128,1,1,16,0.000,0.000,,,,,NVIDIA A100-SXM4-40GB MIG 4g.20gb (0),1,,13,cupy_copy__complex64_complex64
4378219286,11712,102960,35,1,1,128,1,1,16,0.000,0.000,,,,,NVIDIA A100-SXM4-40GB MIG 4g.20gb (0),1,,13,cupy_copy__complex64_complex64
4378312789,7136,102967,1,1,1,1,1,1,18,0.000,0.000,,,,,NVIDIA A100-SXM4-40GB MIG 4g.20gb (0),1,,13,cupy_copy__float32_float32
4378418387,257214,102978,1,1,1,32,32,1,30,0.000,0.000,,,,,NVIDIA A100-SXM4-40GB MIG 4g.20gb (0),1,,13,"void convert_kernel<__half2, float2>(tensor_layout_any, T1 *, tensor_layout_any, const T2 *)"
4378718672,6464,102981,,,,,,,,,,0.094,14494.959,Pinned,Device,NVIDIA A100-SXM4-40GB MIG 4g.20gb (0),1,,13,[CUDA memcpy Host-to-Device]
4378896686,15584,102982,,,,,,,,,,1.547,99243.769,Device,,NVIDIA A100-SXM4-40GB MIG 4g.20gb (0),1,,13,[CUDA memset]
4378913902,3968,102987,,,,,,,,,,0.031,7887.093,Pinned,Device,NVIDIA A100-SXM4-40GB MIG 4g.20gb (0),1,,13,[CUDA memcpy Host-to-Device]
4378920654,9632,102988,,,,,,,,,,0.197,20411.843,Pinned,Device,NVIDIA A100-SXM4-40GB MIG 4g.20gb (0),1,,13,[CUDA memcpy Host-to-Device]
4379227082,29216,102989,273,1,1,8,4,1,39,0.002,0.000,,,,,NVIDIA A100-SXM4-40GB MIG 4g.20gb (0),1,,13,"void channel_eq::eqMmseCoefCompLowMimoKernel<float, float, float, (unsigned int)4, (unsigned int)1, (unsigned int)4>(const channel_eq::_puschRxChEqStatDescr *, channel_eq::_puschRxChEqCoefCompDynDescr)"
4379380488,21408,102990,273,1,1,12,11,1,51,0.002,0.000,,,,,NVIDIA A100-SXM4-40GB MIG 4g.20gb (0),1,,13,"void channel_eq::eqMmseSoftDemapKernel<float, __half, __half, float, (unsigned int)4, (unsigned short)16383>(channel_eq::_puschRxChEqStatDescr *, channel_eq::_puschRxChEqSoftDemapDynDescr)"
4379541063,1168082,102991,1,1,1,32,32,1,30,0.000,0.000,,,,,NVIDIA A100-SXM4-40GB MIG 4g.20gb (0),1,,13,"void convert_kernel<float2, __half2>(tensor_layout_any, T1 *, tensor_layout_any, const T2 *)"
4380853463,22880,103003,2253,1,1,128,1,1,16,0.000,0.000,,,,,NVIDIA A100-SXM4-40GB MIG 4g.20gb (0),1,,13,cupy_copy__float16_float16
4380919063,13919,103012,282,1,1,128,1,1,16,0.000,0.000,,,,,NVIDIA A100-SXM4-40GB MIG 4g.20gb (0),1,,13,cupy_copy__complex64_complex64
4380971190,10528,103021,26,1,1,128,1,1,16,0.000,0.000,,,,,NVIDIA A100-SXM4-40GB MIG 4g.20gb (0),1,,13,cupy_copy__float32_float32
4381026901,14368,103030,103,1,1,128,1,1,16,0.000,0.000,,,,,NVIDIA A100-SXM4-40GB MIG 4g.20gb (0),1,,13,cupy_copy__complex64_complex64
4381128500,20448,103040,1434,1,1,128,1,1,16,0.000,0.000,,,,,NVIDIA A100-SXM4-40GB MIG 4g.20gb (0),1,,13,cupy_copy__complex64_complex64
4381196403,250590,103045,1,1,1,32,32,1,30,0.000,0.000,,,,,NVIDIA A100-SXM4-40GB MIG 4g.20gb (0),1,,13,"void convert_kernel<__half2, float2>(tensor_layout_any, T1 *, tensor_layout_any, const T2 *)"
4381479600,5408,103048,,,,,,,,,,0.094,17325.421,Pinned,Device,NVIDIA A100-SXM4-40GB MIG 4g.20gb (0),1,,13,[CUDA memcpy Host-to-Device]
4381519696,627352,103049,,,,,,,,,,456.561,727758.935,Device,,NVIDIA A100-SXM4-40GB MIG 4g.20gb (0),1,,13,[CUDA memset]
4382152424,53280,103054,,,,,,,,,,1.235,23177.429,Pinned,Device,NVIDIA A100-SXM4-40GB MIG 4g.20gb (0),1,,13,[CUDA memcpy Host-to-Device]
4382208136,9856,103055,,,,,,,,,,0.197,19948.044,Pinned,Device,NVIDIA A100-SXM4-40GB MIG 4g.20gb (0),1,,13,[CUDA memcpy Host-to-Device]
4382250695,25184,103056,69,4,1,48,1,1,76,0.002,0.000,,,,,NVIDIA A100-SXM4-40GB MIG 4g.20gb (0),1,,13,"void ch_est::windowedChEstPreNoDftSOfdmKernel<float, __half, float, (unsigned int)2, (unsigned int)1, (unsigned short)4>(ch_est::puschRxChEstStatDescr_t *, ch_est::puschRxChEstDynDescr_t *)"
4382311399,25439,103057,137,2,1,24,2,1,44,0.001,0.001,,,,,NVIDIA A100-SXM4-40GB MIG 4g.20gb (0),1,,13,"void ch_est::chEstFilterNoDftSOfdmDispatchKernel<float, __half, float, (unsigned int)2>(ch_est::puschRxChEstStatDescr_t *, ch_est::puschRxChEstDynDescr_t *)"
4382371750,21952,103058,137,2,1,24,2,1,44,0.001,0.001,,,,,NVIDIA A100-SXM4-40GB MIG 4g.20gb (0),1,,13,"void ch_est::chEstFilterNoDftSOfdmDispatchKernel<float, __half, float, (unsigned int)2>(ch_est::puschRxChEstStatDescr_t *, ch_est::puschRxChEstDynDescr_t *)"
4382432613,8800,103069,103,1,1,128,1,1,16,0.000,0.000,,,,,NVIDIA A100-SXM4-40GB MIG 4g.20gb (0),1,,13,cupy_copy__complex64_complex64
4382486405,18335,103079,1434,1,1,128,1,1,16,0.000,0.000,,,,,NVIDIA A100-SXM4-40GB MIG 4g.20gb (0),1,,13,cupy_copy__complex64_complex64
4382548420,9984,103086,103,1,1,128,1,1,16,0.000,0.000,,,,,NVIDIA A100-SXM4-40GB MIG 4g.20gb (0),1,,13,cupy_copy__complex64_complex64
4382612515,259165,103093,1,1,1,32,32,1,30,0.000,0.000,,,,,NVIDIA A100-SXM4-40GB MIG 4g.20gb (0),1,,13,"void convert_kernel<__half2, float2>(tensor_layout_any, T1 *, tensor_layout_any, const T2 *)"
4382901984,5376,103096,,,,,,,,,,0.094,17428.487,Pinned,Device,NVIDIA A100-SXM4-40GB MIG 4g.20gb (0),1,,13,[CUDA memcpy Host-to-Device]
4382945759,63168,103097,,,,,,,,,,35.810,566871.034,Device,,NVIDIA A100-SXM4-40GB MIG 4g.20gb (0),1,,13,[CUDA memset]
4383011742,1792,103099,,,,,,,,,,0.000,44.643,Pinned,Device,NVIDIA A100-SXM4-40GB MIG 4g.20gb (0),1,,13,[CUDA memcpy Host-to-Device]
4383018462,11360,103100,,,,,,,,,,0.197,17307.009,Pinned,Device,NVIDIA A100-SXM4-40GB MIG 4g.20gb (0),1,,13,[CUDA memcpy Host-to-Device]
4383118077,23424,103101,273,1,1,48,1,1,40,0.000,0.001,,,,,NVIDIA A100-SXM4-40GB MIG 4g.20gb (0),1,,13,"void pusch_noise_intf_est::noiseIntfEstNoDftSOfdmKernel<float, __half, float, float, (unsigned int)2, (unsigned int)1, (unsigned char)4, (unsigned char)4>(pusch_noise_intf_est::puschRxNoiseIntfEstDynDescr)"
4383238812,10208,103112,35,1,1,128,1,1,16,0.000,0.000,,,,,NVIDIA A100-SXM4-40GB MIG 4g.20gb (0),1,,13,cupy_copy__complex64_complex64
4383348987,4448,103121,1,1,1,1,1,1,18,0.000,0.000,,,,,NVIDIA A100-SXM4-40GB MIG 4g.20gb (0),1,,13,cupy_copy__float32_float32
4383356923,2623,103127,,,,,,,,,,0.000,1.525,Device,Pageable,NVIDIA A100-SXM4-40GB MIG 4g.20gb (0),1,,7,[CUDA memcpy Device-to-Host]
4383572984,19168,103138,1434,1,1,128,1,1,16,0.000,0.000,,,,,NVIDIA A100-SXM4-40GB MIG 4g.20gb (0),1,,13,cupy_copy__complex64_complex64
4383740470,13664,103145,103,1,1,128,1,1,16,0.000,0.000,,,,,NVIDIA A100-SXM4-40GB MIG 4g.20gb (0),1,,13,cupy_copy__complex64_complex64
4383850197,8224,103152,35,1,1,128,1,1,16,0.000,0.000,,,,,NVIDIA A100-SXM4-40GB MIG 4g.20gb (0),1,,13,cupy_copy__complex64_complex64
4384020947,5312,103159,1,1,1,1,1,1,18,0.000,0.000,,,,,NVIDIA A100-SXM4-40GB MIG 4g.20gb (0),1,,13,cupy_copy__float32_float32
4384188017,300060,103170,1,1,1,32,32,1,30,0.000,0.000,,,,,NVIDIA A100-SXM4-40GB MIG 4g.20gb (0),1,,13,"void convert_kernel<__half2, float2>(tensor_layout_any, T1 *, tensor_layout_any, const T2 *)"
4384519725,5600,103173,,,,,,,,,,0.094,16731.388,Pinned,Device,NVIDIA A100-SXM4-40GB MIG 4g.20gb (0),1,,13,[CUDA memcpy Host-to-Device]
4384681547,9888,103174,,,,,,,,,,1.547,156413.178,Device,,NVIDIA A100-SXM4-40GB MIG 4g.20gb (0),1,,13,[CUDA memset]
4384698667,3136,103179,,,,,,,,,,0.031,9979.575,Pinned,Device,NVIDIA A100-SXM4-40GB MIG 4g.20gb (0),1,,13,[CUDA memcpy Host-to-Device]
4384704491,10976,103180,,,,,,,,,,0.197,17912.365,Pinned,Device,NVIDIA A100-SXM4-40GB MIG 4g.20gb (0),1,,13,[CUDA memcpy Host-to-Device]
4384899465,35775,103181,273,1,1,8,4,1,39,0.002,0.000,,,,,NVIDIA A100-SXM4-40GB MIG 4g.20gb (0),1,,13,"void channel_eq::eqMmseCoefCompLowMimoKernel<float, float, float, (unsigned int)4, (unsigned int)1, (unsigned int)4>(const channel_eq::_puschRxChEqStatDescr *, channel_eq::_puschRxChEqCoefCompDynDescr)"
4385129094,31744,103182,273,1,1,12,11,1,51,0.002,0.000,,,,,NVIDIA A100-SXM4-40GB MIG 4g.20gb (0),1,,13,"void channel_eq::eqMmseSoftDemapKernel<float, __half, __half, float, (unsigned int)4, (unsigned short)16383>(channel_eq::_puschRxChEqStatDescr *, channel_eq::_puschRxChEqSoftDemapDynDescr)"
4385314404,724056,103183,1,1,1,32,32,1,30,0.000,0.000,,,,,NVIDIA A100-SXM4-40GB MIG 4g.20gb (0),1,,13,"void convert_kernel<float2, __half2>(tensor_layout_any, T1 *, tensor_layout_any, const T2 *)"
4386118427,17375,103195,2253,1,1,128,1,1,16,0.000,0.000,,,,,NVIDIA A100-SXM4-40GB MIG 4g.20gb (0),1,,13,cupy_copy__float16_float16
4386241145,13216,103204,282,1,1,128,1,1,16,0.000,0.000,,,,,NVIDIA A100-SXM4-40GB MIG 4g.20gb (0),1,,13,cupy_copy__complex64_complex64
4386293497,12703,103213,26,1,1,128,1,1,16,0.000,0.000,,,,,NVIDIA A100-SXM4-40GB MIG 4g.20gb (0),1,,13,cupy_copy__float32_float32
4386347000,14720,103222,103,1,1,128,1,1,16,0.000,0.000,,,,,NVIDIA A100-SXM4-40GB MIG 4g.20gb (0),1,,13,cupy_copy__complex64_complex64
4386450103,21824,103232,1434,1,1,128,1,1,16,0.000,0.000,,,,,NVIDIA A100-SXM4-40GB MIG 4g.20gb (0),1,,13,cupy_copy__complex64_complex64
4386521174,257341,103237,1,1,1,32,32,1,30,0.000,0.000,,,,,NVIDIA A100-SXM4-40GB MIG 4g.20gb (0),1,,13,"void convert_kernel<__half2, float2>(tensor_layout_any, T1 *, tensor_layout_any, const T2 *)"
4386811283,5504,103240,,,,,,,,,,0.094,17023.251,Pinned,Device,NVIDIA A100-SXM4-40GB MIG 4g.20gb (0),1,,13,[CUDA memcpy Host-to-Device]
4386898610,624024,103241,,,,,,,,,,456.561,731411.427,Device,,NVIDIA A100-SXM4-40GB MIG 4g.20gb (0),1,,13,[CUDA memset]
4387526922,51552,103246,,,,,,,,,,1.235,23954.209,Pinned,Device,NVIDIA A100-SXM4-40GB MIG 4g.20gb (0),1,,13,[CUDA memcpy Host-to-Device]
4387581002,10304,103247,,,,,,,,,,0.197,19080.610,Pinned,Device,NVIDIA A100-SXM4-40GB MIG 4g.20gb (0),1,,13,[CUDA memcpy Host-to-Device]
4387676329,24479,103248,69,4,1,48,1,1,76,0.002,0.000,,,,,NVIDIA A100-SXM4-40GB MIG 4g.20gb (0),1,,13,"void ch_est::windowedChEstPreNoDftSOfdmKernel<float, __half, float, (unsigned int)2, (unsigned int)1, (unsigned short)4>(ch_est::puschRxChEstStatDescr_t *, ch_est::puschRxChEstDynDescr_t *)"
4387738088,25760,103249,137,2,1,24,2,1,44,0.001,0.001,,,,,NVIDIA A100-SXM4-40GB MIG 4g.20gb (0),1,,13,"void ch_est::chEstFilterNoDftSOfdmDispatchKernel<float, __half, float, (unsigned int)2>(ch_est::puschRxChEstStatDescr_t *, ch_est::puschRxChEstDynDescr_t *)"
4387797927,25600,103250,137,2,1,24,2,1,44,0.001,0.001,,,,,NVIDIA A100-SXM4-40GB MIG 4g.20gb (0),1,,13,"void ch_est::chEstFilterNoDftSOfdmDispatchKernel<float, __half, float, (unsigned int)2>(ch_est::puschRxChEstStatDescr_t *, ch_est::puschRxChEstDynDescr_t *)"
4387862631,8543,103261,103,1,1,128,1,1,16,0.000,0.000,,,,,NVIDIA A100-SXM4-40GB MIG 4g.20gb (0),1,,13,cupy_copy__complex64_complex64
4387917766,19168,103271,1434,1,1,128,1,1,16,0.000,0.000,,,,,NVIDIA A100-SXM4-40GB MIG 4g.20gb (0),1,,13,cupy_copy__complex64_complex64
4387979589,8032,103278,103,1,1,128,1,1,16,0.000,0.000,,,,,NVIDIA A100-SXM4-40GB MIG 4g.20gb (0),1,,13,cupy_copy__complex64_complex64
4388041828,248158,103285,1,1,1,32,32,1,30,0.000,0.000,,,,,NVIDIA A100-SXM4-40GB MIG 4g.20gb (0),1,,13,"void convert_kernel<__half2, float2>(tensor_layout_any, T1 *, tensor_layout_any, const T2 *)"
4388320833,5376,103288,,,,,,,,,,0.094,17428.487,Pinned,Device,NVIDIA A100-SXM4-40GB MIG 4g.20gb (0),1,,13,[CUDA memcpy Host-to-Device]
4388370465,63647,103289,,,,,,,,,,35.810,562609.653,Device,,NVIDIA A100-SXM4-40GB MIG 4g.20gb (0),1,,13,[CUDA memset]
4388437504,1824,103291,,,,,,,,,,0.000,43.860,Pinned,Device,NVIDIA A100-SXM4-40GB MIG 4g.20gb (0),1,,13,[CUDA memcpy Host-to-Device]
4388443392,9344,103292,,,,,,,,,,0.197,21040.988,Pinned,Device,NVIDIA A100-SXM4-40GB MIG 4g.20gb (0),1,,13,[CUDA memcpy Host-to-Device]
4388543135,28447,103293,273,1,1,48,1,1,40,0.000,0.001,,,,,NVIDIA A100-SXM4-40GB MIG 4g.20gb (0),1,,13,"void pusch_noise_intf_est::noiseIntfEstNoDftSOfdmKernel<float, __half, float, float, (unsigned int)2, (unsigned int)1, (unsigned char)4, (unsigned char)4>(pusch_noise_intf_est::puschRxNoiseIntfEstDynDescr)"
4388600926,15360,103304,35,1,1,128,1,1,16,0.000,0.000,,,,,NVIDIA A100-SXM4-40GB MIG 4g.20gb (0),1,,13,cupy_copy__complex64_complex64
4388672477,5184,103313,1,1,1,1,1,1,18,0.000,0.000,,,,,NVIDIA A100-SXM4-40GB MIG 4g.20gb (0),1,,13,cupy_copy__float32_float32
4388680669,1600,103319,,,,,,,,,,0.000,2.500,Device,Pageable,NVIDIA A100-SXM4-40GB MIG 4g.20gb (0),1,,7,[CUDA memcpy Device-to-Host]
4388818587,21152,103330,1434,1,1,128,1,1,16,0.000,0.000,,,,,NVIDIA A100-SXM4-40GB MIG 4g.20gb (0),1,,13,cupy_copy__complex64_complex64
4388880507,9184,103337,103,1,1,128,1,1,16,0.000,0.000,,,,,NVIDIA A100-SXM4-40GB MIG 4g.20gb (0),1,,13,cupy_copy__complex64_complex64
4388935482,10464,103344,35,1,1,128,1,1,16,0.000,0.000,,,,,NVIDIA A100-SXM4-40GB MIG 4g.20gb (0),1,,13,cupy_copy__complex64_complex64
4388996281,7264,103351,1,1,1,1,1,1,18,0.000,0.000,,,,,NVIDIA A100-SXM4-40GB MIG 4g.20gb (0),1,,13,cupy_copy__float32_float32
4389066329,262173,103362,1,1,1,32,32,1,30,0.000,0.000,,,,,NVIDIA A100-SXM4-40GB MIG 4g.20gb (0),1,,13,"void convert_kernel<__half2, float2>(tensor_layout_any, T1 *, tensor_layout_any, const T2 *)"
4389369877,7456,103365,,,,,,,,,,0.094,12566.508,Pinned,Device,NVIDIA A100-SXM4-40GB MIG 4g.20gb (0),1,,13,[CUDA memcpy Host-to-Device]
4389674130,5344,103366,,,,,,,,,,1.547,289412.016,Device,,NVIDIA A100-SXM4-40GB MIG 4g.20gb (0),1,,13,[CUDA memset]
4389681746,3103,103371,,,,,,,,,,0.031,10085.699,Pinned,Device,NVIDIA A100-SXM4-40GB MIG 4g.20gb (0),1,,13,[CUDA memcpy Host-to-Device]
4389687729,10880,103372,,,,,,,,,,0.197,18070.438,Pinned,Device,NVIDIA A100-SXM4-40GB MIG 4g.20gb (0),1,,13,[CUDA memcpy Host-to-Device]
4389785296,22208,103373,273,1,1,8,4,1,39,0.002,0.000,,,,,NVIDIA A100-SXM4-40GB MIG 4g.20gb (0),1,,13,"void channel_eq::eqMmseCoefCompLowMimoKernel<float, float, float, (unsigned int)4, (unsigned int)1, (unsigned int)4>(const channel_eq::_puschRxChEqStatDescr *, channel_eq::_puschRxChEqCoefCompDynDescr)"
4390146412,25600,103374,273,1,1,12,11,1,51,0.002,0.000,,,,,NVIDIA A100-SXM4-40GB MIG 4g.20gb (0),1,,13,"void channel_eq::eqMmseSoftDemapKernel<float, __half, __half, float, (unsigned int)4, (unsigned short)16383>(channel_eq::_puschRxChEqStatDescr *, channel_eq::_puschRxChEqSoftDemapDynDescr)"
4390218731,636217,103375,1,1,1,32,32,1,30,0.000,0.000,,,,,NVIDIA A100-SXM4-40GB MIG 4g.20gb (0),1,,13,"void convert_kernel<float2, __half2>(tensor_layout_any, T1 *, tensor_layout_any, const T2 *)"
4390917795,21568,103387,2253,1,1,128,1,1,16,0.000,0.000,,,,,NVIDIA A100-SXM4-40GB MIG 4g.20gb (0),1,,13,cupy_copy__float16_float16
4391034146,17120,103396,282,1,1,128,1,1,16,0.000,0.000,,,,,NVIDIA A100-SXM4-40GB MIG 4g.20gb (0),1,,13,cupy_copy__complex64_complex64
4391089761,10368,103405,26,1,1,128,1,1,16,0.000,0.000,,,,,NVIDIA A100-SXM4-40GB MIG 4g.20gb (0),1,,13,cupy_copy__float32_float32
4391142593,14815,103414,103,1,1,128,1,1,16,0.000,0.000,,,,,NVIDIA A100-SXM4-40GB MIG 4g.20gb (0),1,,13,cupy_copy__complex64_complex64
4391245407,22848,103424,1434,1,1,128,1,1,16,0.000,0.000,,,,,NVIDIA A100-SXM4-40GB MIG 4g.20gb (0),1,,13,cupy_copy__complex64_complex64
4391315199,253789,103429,1,1,1,32,32,1,30,0.000,0.000,,,,,NVIDIA A100-SXM4-40GB MIG 4g.20gb (0),1,,13,"void convert_kernel<__half2, float2>(tensor_layout_any, T1 *, tensor_layout_any, const T2 *)"
4391599163,5408,103432,,,,,,,,,,0.094,17325.421,Pinned,Device,NVIDIA A100-SXM4-40GB MIG 4g.20gb (0),1,,13,[CUDA memcpy Host-to-Device]
4391645147,621625,103433,,,,,,,,,,456.561,734150.796,Device,,NVIDIA A100-SXM4-40GB MIG 4g.20gb (0),1,,13,[CUDA memset]
4392275508,52511,103438,,,,,,,,,,1.235,23517.039,Pinned,Device,NVIDIA A100-SXM4-40GB MIG 4g.20gb (0),1,,13,[CUDA memcpy Host-to-Device]
4392330451,10048,103439,,,,,,,,,,0.197,19566.821,Pinned,Device,NVIDIA A100-SXM4-40GB MIG 4g.20gb (0),1,,13,[CUDA memcpy Host-to-Device]
4392369554,26592,103440,69,4,1,48,1,1,76,0.002,0.000,,,,,NVIDIA A100-SXM4-40GB MIG 4g.20gb (0),1,,13,"void ch_est::windowedChEstPreNoDftSOfdmKernel<float, __half, float, (unsigned int)2, (unsigned int)1, (unsigned short)4>(ch_est::puschRxChEstStatDescr_t *, ch_est::puschRxChEstDynDescr_t *)"
4392431730,27167,103441,137,2,1,24,2,1,44,0.001,0.001,,,,,NVIDIA A100-SXM4-40GB MIG 4g.20gb (0),1,,13,"void ch_est::chEstFilterNoDftSOfdmDispatchKernel<float, __half, float, (unsigned int)2>(ch_est::puschRxChEstStatDescr_t *, ch_est::puschRxChEstDynDescr_t *)"
4392495825,25056,103442,137,2,1,24,2,1,44,0.001,0.001,,,,,NVIDIA A100-SXM4-40GB MIG 4g.20gb (0),1,,13,"void ch_est::chEstFilterNoDftSOfdmDispatchKernel<float, __half, float, (unsigned int)2>(ch_est::puschRxChEstStatDescr_t *, ch_est::puschRxChEstDynDescr_t *)"
4392557296,7744,103453,103,1,1,128,1,1,16,0.000,0.000,,,,,NVIDIA A100-SXM4-40GB MIG 4g.20gb (0),1,,13,cupy_copy__complex64_complex64
4392567504,15232,103463,1434,1,1,128,1,1,16,0.000,0.000,,,,,NVIDIA A100-SXM4-40GB MIG 4g.20gb (0),1,,13,cupy_copy__complex64_complex64
4392584528,2496,103470,103,1,1,128,1,1,16,0.000,0.000,,,,,NVIDIA A100-SXM4-40GB MIG 4g.20gb (0),1,,13,cupy_copy__complex64_complex64
4392642959,134143,103477,1,1,1,32,32,1,30,0.000,0.000,,,,,NVIDIA A100-SXM4-40GB MIG 4g.20gb (0),1,,13,"void convert_kernel<__half2, float2>(tensor_layout_any, T1 *, tensor_layout_any, const T2 *)"
4392806989,5472,103480,,,,,,,,,,0.094,17122.757,Pinned,Device,NVIDIA A100-SXM4-40GB MIG 4g.20gb (0),1,,13,[CUDA memcpy Host-to-Device]
4392879661,62655,103481,,,,,,,,,,35.810,571526.323,Device,,NVIDIA A100-SXM4-40GB MIG 4g.20gb (0),1,,13,[CUDA memset]
4392944044,4064,103483,,,,,,,,,,0.000,19.685,Pinned,Device,NVIDIA A100-SXM4-40GB MIG 4g.20gb (0),1,,13,[CUDA memcpy Host-to-Device]
4392950988,9344,103484,,,,,,,,,,0.197,21040.988,Pinned,Device,NVIDIA A100-SXM4-40GB MIG 4g.20gb (0),1,,13,[CUDA memcpy Host-to-Device]
4393170249,25024,103485,273,1,1,48,1,1,40,0.000,0.001,,,,,NVIDIA A100-SXM4-40GB MIG 4g.20gb (0),1,,13,"void pusch_noise_intf_est::noiseIntfEstNoDftSOfdmKernel<float, __half, float, float, (unsigned int)2, (unsigned int)1, (unsigned char)4, (unsigned char)4>(pusch_noise_intf_est::puschRxNoiseIntfEstDynDescr)"
4393336967,5952,103496,35,1,1,128,1,1,16,0.000,0.000,,,,,NVIDIA A100-SXM4-40GB MIG 4g.20gb (0),1,,13,cupy_copy__complex64_complex64
4393392551,3904,103505,1,1,1,1,1,1,18,0.000,0.000,,,,,NVIDIA A100-SXM4-40GB MIG 4g.20gb (0),1,,13,cupy_copy__float32_float32
4393399079,1664,103511,,,,,,,,,,0.000,2.404,Device,Pageable,NVIDIA A100-SXM4-40GB MIG 4g.20gb (0),1,,7,[CUDA memcpy Device-to-Host]
4393465958,18368,103522,1434,1,1,128,1,1,16,0.000,0.000,,,,,NVIDIA A100-SXM4-40GB MIG 4g.20gb (0),1,,13,cupy_copy__complex64_complex64
4393491398,2816,103529,103,1,1,128,1,1,16,0.000,0.000,,,,,NVIDIA A100-SXM4-40GB MIG 4g.20gb (0),1,,13,cupy_copy__complex64_complex64
4393542597,9248,103536,35,1,1,128,1,1,16,0.000,0.000,,,,,NVIDIA A100-SXM4-40GB MIG 4g.20gb (0),1,,13,cupy_copy__complex64_complex64
4393553509,2176,103543,1,1,1,1,1,1,18,0.000,0.000,,,,,NVIDIA A100-SXM4-40GB MIG 4g.20gb (0),1,,13,cupy_copy__float32_float32
4393744291,163390,103554,1,1,1,32,32,1,30,0.000,0.000,,,,,NVIDIA A100-SXM4-40GB MIG 4g.20gb (0),1,,13,"void convert_kernel<__half2, float2>(tensor_layout_any, T1 *, tensor_layout_any, const T2 *)"
4393938848,5408,103557,,,,,,,,,,0.094,17325.421,Pinned,Device,NVIDIA A100-SXM4-40GB MIG 4g.20gb (0),1,,13,[CUDA memcpy Host-to-Device]
4393955008,7264,103558,,,,,,,,,,1.547,212915.993,Device,,NVIDIA A100-SXM4-40GB MIG 4g.20gb (0),1,,13,[CUDA memset]
4393963168,3008,103563,,,,,,,,,,0.031,10404.230,Pinned,Device,NVIDIA A100-SXM4-40GB MIG 4g.20gb (0),1,,13,[CUDA memcpy Host-to-Device]
4393968288,10624,103564,,,,,,,,,,0.197,18505.925,Pinned,Device,NVIDIA A100-SXM4-40GB MIG 4g.20gb (0),1,,13,[CUDA memcpy Host-to-Device]
4394010528,24927,103565,273,1,1,8,4,1,39,0.002,0.000,,,,,NVIDIA A100-SXM4-40GB MIG 4g.20gb (0),1,,13,"void channel_eq::eqMmseCoefCompLowMimoKernel<float, float, float, (unsigned int)4, (unsigned int)1, (unsigned int)4>(const channel_eq::_puschRxChEqStatDescr *, channel_eq::_puschRxChEqCoefCompDynDescr)"
4394037439,5536,103566,273,1,1,12,11,1,51,0.002,0.000,,,,,NVIDIA A100-SXM4-40GB MIG 4g.20gb (0),1,,13,"void channel_eq::eqMmseSoftDemapKernel<float, __half, __half, float, (unsigned int)4, (unsigned short)16383>(channel_eq::_puschRxChEqStatDescr *, channel_eq::_puschRxChEqSoftDemapDynDescr)"
4394089503,391035,103567,1,1,1,32,32,1,30,0.000,0.000,,,,,NVIDIA A100-SXM4-40GB MIG 4g.20gb (0),1,,13,"void convert_kernel<float2, __half2>(tensor_layout_any, T1 *, tensor_layout_any, const T2 *)"
4394534362,13439,103579,2253,1,1,128,1,1,16,0.000,0.000,,,,,NVIDIA A100-SXM4-40GB MIG 4g.20gb (0),1,,13,cupy_copy__float16_float16
4394660728,12352,103588,282,1,1,128,1,1,16,0.000,0.000,,,,,NVIDIA A100-SXM4-40GB MIG 4g.20gb (0),1,,13,cupy_copy__complex64_complex64
4394710711,12736,103597,26,1,1,128,1,1,16,0.000,0.000,,,,,NVIDIA A100-SXM4-40GB MIG 4g.20gb (0),1,,13,cupy_copy__float32_float32
4394769975,11456,103606,103,1,1,128,1,1,16,0.000,0.000,,,,,NVIDIA A100-SXM4-40GB MIG 4g.20gb (0),1,,13,cupy_copy__complex64_complex64
4394869750,20799,103616,1434,1,1,128,1,1,16,0.000,0.000,,,,,NVIDIA A100-SXM4-40GB MIG 4g.20gb (0),1,,13,cupy_copy__complex64_complex64
4394943093,233277,103621,1,1,1,32,32,1,30,0.000,0.000,,,,,NVIDIA A100-SXM4-40GB MIG 4g.20gb (0),1,,13,"void convert_kernel<__half2, float2>(tensor_layout_any, T1 *, tensor_layout_any, const T2 *)"
4395208626,5376,103624,,,,,,,,,,0.094,17428.487,Pinned,Device,NVIDIA A100-SXM4-40GB MIG 4g.20gb (0),1,,13,[CUDA memcpy Host-to-Device]
4395293041,618809,103625,,,,,,,,,,456.561,737803.287,Device,,NVIDIA A100-SXM4-40GB MIG 4g.20gb (0),1,,13,[CUDA memset]
4395920554,55519,103630,,,,,,,,,,1.235,22242.576,Pinned,Device,NVIDIA A100-SXM4-40GB MIG 4g.20gb (0),1,,13,[CUDA memcpy Host-to-Device]
4395978857,9344,103631,,,,,,,,,,0.197,21040.988,Pinned,Device,NVIDIA A100-SXM4-40GB MIG 4g.20gb (0),1,,13,[CUDA memcpy Host-to-Device]
4396074728,26783,103632,69,4,1,48,1,1,76,0.002,0.000,,,,,NVIDIA A100-SXM4-40GB MIG 4g.20gb (0),1,,13,"void ch_est::windowedChEstPreNoDftSOfdmKernel<float, __half, float, (unsigned int)2, (unsigned int)1, (unsigned short)4>(ch_est::puschRxChEstStatDescr_t *, ch_est::puschRxChEstDynDescr_t *)"
4396142663,22528,103633,137,2,1,24,2,1,44,0.001,0.001,,,,,NVIDIA A100-SXM4-40GB MIG 4g.20gb (0),1,,13,"void ch_est::chEstFilterNoDftSOfdmDispatchKernel<float, __half, float, (unsigned int)2>(ch_est::puschRxChEstStatDescr_t *, ch_est::puschRxChEstDynDescr_t *)"
4396201478,26560,103634,137,2,1,24,2,1,44,0.001,0.001,,,,,NVIDIA A100-SXM4-40GB MIG 4g.20gb (0),1,,13,"void ch_est::chEstFilterNoDftSOfdmDispatchKernel<float, __half, float, (unsigned int)2>(ch_est::puschRxChEstStatDescr_t *, ch_est::puschRxChEstDynDescr_t *)"
4396275109,7648,103645,103,1,1,128,1,1,16,0.000,0.000,,,,,NVIDIA A100-SXM4-40GB MIG 4g.20gb (0),1,,13,cupy_copy__complex64_complex64
4396335589,16736,103655,1434,1,1,128,1,1,16,0.000,0.000,,,,,NVIDIA A100-SXM4-40GB MIG 4g.20gb (0),1,,13,cupy_copy__complex64_complex64
4396478275,7392,103662,103,1,1,128,1,1,16,0.000,0.000,,,,,NVIDIA A100-SXM4-40GB MIG 4g.20gb (0),1,,13,cupy_copy__complex64_complex64
4396656513,285117,103669,1,1,1,32,32,1,30,0.000,0.000,,,,,NVIDIA A100-SXM4-40GB MIG 4g.20gb (0),1,,13,"void convert_kernel<__half2, float2>(tensor_layout_any, T1 *, tensor_layout_any, const T2 *)"
4396977341,5600,103672,,,,,,,,,,0.094,16731.388,Pinned,Device,NVIDIA A100-SXM4-40GB MIG 4g.20gb (0),1,,13,[CUDA memcpy Host-to-Device]
4397135579,63904,103673,,,,,,,,,,35.810,560353.628,Device,,NVIDIA A100-SXM4-40GB MIG 4g.20gb (0),1,,13,[CUDA memset]
4397204603,2080,103675,,,,,,,,,,0.000,38.462,Pinned,Device,NVIDIA A100-SXM4-40GB MIG 4g.20gb (0),1,,13,[CUDA memcpy Host-to-Device]
4397209083,9376,103676,,,,,,,,,,0.197,20969.226,Pinned,Device,NVIDIA A100-SXM4-40GB MIG 4g.20gb (0),1,,13,[CUDA memcpy Host-to-Device]
4397377785,19103,103677,273,1,1,48,1,1,40,0.000,0.001,,,,,NVIDIA A100-SXM4-40GB MIG 4g.20gb (0),1,,13,"void pusch_noise_intf_est::noiseIntfEstNoDftSOfdmKernel<float, __half, float, float, (unsigned int)2, (unsigned int)1, (unsigned char)4, (unsigned char)4>(pusch_noise_intf_est::puschRxNoiseIntfEstDynDescr)"
4397568662,8320,103688,35,1,1,128,1,1,16,0.000,0.000,,,,,NVIDIA A100-SXM4-40GB MIG 4g.20gb (0),1,,13,cupy_copy__complex64_complex64
4397756052,3296,103697,1,1,1,1,1,1,18,0.000,0.000,,,,,NVIDIA A100-SXM4-40GB MIG 4g.20gb (0),1,,13,cupy_copy__float32_float32
4397765780,1600,103703,,,,,,,,,,0.000,2.500,Device,Pageable,NVIDIA A100-SXM4-40GB MIG 4g.20gb (0),1,,7,[CUDA memcpy Device-to-Host]
4397944466,19008,103714,1434,1,1,128,1,1,16,0.000,0.000,,,,,NVIDIA A100-SXM4-40GB MIG 4g.20gb (0),1,,13,cupy_copy__complex64_complex64
4398146224,4256,103721,103,1,1,128,1,1,16,0.000,0.000,,,,,NVIDIA A100-SXM4-40GB MIG 4g.20gb (0),1,,13,cupy_copy__complex64_complex64
4398266670,9472,103728,35,1,1,128,1,1,16,0.000,0.000,,,,,NVIDIA A100-SXM4-40GB MIG 4g.20gb (0),1,,13,cupy_copy__complex64_complex64
4398396909,6304,103735,1,1,1,1,1,1,18,0.000,0.000,,,,,NVIDIA A100-SXM4-40GB MIG 4g.20gb (0),1,,13,cupy_copy__float32_float32
4398529067,276349,103746,1,1,1,32,32,1,30,0.000,0.000,,,,,NVIDIA A100-SXM4-40GB MIG 4g.20gb (0),1,,13,"void convert_kernel<__half2, float2>(tensor_layout_any, T1 *, tensor_layout_any, const T2 *)"
4398834952,5440,103749,,,,,,,,,,0.094,17223.480,Pinned,Device,NVIDIA A100-SXM4-40GB MIG 4g.20gb (0),1,,13,[CUDA memcpy Host-to-Device]
4398961126,12160,103750,,,,,,,,,,1.547,127188.171,Device,,NVIDIA A100-SXM4-40GB MIG 4g.20gb (0),1,,13,[CUDA memset]
4398974086,3136,103755,,,,,,,,,,0.031,9979.575,Pinned,Device,NVIDIA A100-SXM4-40GB MIG 4g.20gb (0),1,,13,[CUDA memcpy Host-to-Device]
4398981702,9696,103756,,,,,,,,,,0.197,20277.166,Pinned,Device,NVIDIA A100-SXM4-40GB MIG 4g.20gb (0),1,,13,[CUDA memcpy Host-to-Device]
4399155780,28608,103757,273,1,1,8,4,1,39,0.002,0.000,,,,,NVIDIA A100-SXM4-40GB MIG 4g.20gb (0),1,,13,"void channel_eq::eqMmseCoefCompLowMimoKernel<float, float, float, (unsigned int)4, (unsigned int)1, (unsigned int)4>(const channel_eq::_puschRxChEqStatDescr *, channel_eq::_puschRxChEqCoefCompDynDescr)"
4399233219,29024,103758,273,1,1,12,11,1,51,0.002,0.000,,,,,NVIDIA A100-SXM4-40GB MIG 4g.20gb (0),1,,13,"void channel_eq::eqMmseSoftDemapKernel<float, __half, __half, float, (unsigned int)4, (unsigned short)16383>(channel_eq::_puschRxChEqStatDescr *, channel_eq::_puschRxChEqSoftDemapDynDescr)"
4399308386,664761,103759,1,1,1,32,32,1,30,0.000,0.000,,,,,NVIDIA A100-SXM4-40GB MIG 4g.20gb (0),1,,13,"void convert_kernel<float2, __half2>(tensor_layout_any, T1 *, tensor_layout_any, const T2 *)"
4400047994,17984,103771,2253,1,1,128,1,1,16,0.000,0.000,,,,,NVIDIA A100-SXM4-40GB MIG 4g.20gb (0),1,,13,cupy_copy__float16_float16
4400162969,5471,103780,282,1,1,128,1,1,16,0.000,0.000,,,,,NVIDIA A100-SXM4-40GB MIG 4g.20gb (0),1,,13,cupy_copy__complex64_complex64
4400335031,4032,103789,26,1,1,128,1,1,16,0.000,0.000,,,,,NVIDIA A100-SXM4-40GB MIG 4g.20gb (0),1,,13,cupy_copy__float32_float32
4400451285,13568,103798,103,1,1,128,1,1,16,0.000,0.000,,,,,NVIDIA A100-SXM4-40GB MIG 4g.20gb (0),1,,13,cupy_copy__complex64_complex64
4400569012,20032,103808,1434,1,1,128,1,1,16,0.000,0.000,,,,,NVIDIA A100-SXM4-40GB MIG 4g.20gb (0),1,,13,cupy_copy__complex64_complex64
4400694994,272285,103813,1,1,1,32,32,1,30,0.000,0.000,,,,,NVIDIA A100-SXM4-40GB MIG 4g.20gb (0),1,,13,"void convert_kernel<__half2, float2>(tensor_layout_any, T1 *, tensor_layout_any, const T2 *)"
4401000527,6720,103816,,,,,,,,,,0.094,13942.808,Pinned,Device,NVIDIA A100-SXM4-40GB MIG 4g.20gb (0),1,,13,[CUDA memcpy Host-to-Device]
4401151597,642361,103817,,,,,,,,,,456.561,710409.601,Device,,NVIDIA A100-SXM4-40GB MIG 4g.20gb (0),1,,13,[CUDA memset]
4401803654,55359,103822,,,,,,,,,,1.235,22306.793,Pinned,Device,NVIDIA A100-SXM4-40GB MIG 4g.20gb (0),1,,13,[CUDA memcpy Host-to-Device]
4401861477,10304,103823,,,,,,,,,,0.197,19080.610,Pinned,Device,NVIDIA A100-SXM4-40GB MIG 4g.20gb (0),1,,13,[CUDA memcpy Host-to-Device]
4402028259,16224,103824,69,4,1,48,1,1,76,0.002,0.000,,,,,NVIDIA A100-SXM4-40GB MIG 4g.20gb (0),1,,13,"void ch_est::windowedChEstPreNoDftSOfdmKernel<float, __half, float, (unsigned int)2, (unsigned int)1, (unsigned short)4>(ch_est::puschRxChEstStatDescr_t *, ch_est::puschRxChEstDynDescr_t *)"
4402198593,18432,103825,137,2,1,24,2,1,44,0.001,0.001,,,,,NVIDIA A100-SXM4-40GB MIG 4g.20gb (0),1,,13,"void ch_est::chEstFilterNoDftSOfdmDispatchKernel<float, __half, float, (unsigned int)2>(ch_est::puschRxChEstStatDescr_t *, ch_est::puschRxChEstDynDescr_t *)"
4402320928,18591,103826,137,2,1,24,2,1,44,0.001,0.001,,,,,NVIDIA A100-SXM4-40GB MIG 4g.20gb (0),1,,13,"void ch_est::chEstFilterNoDftSOfdmDispatchKernel<float, __half, float, (unsigned int)2>(ch_est::puschRxChEstStatDescr_t *, ch_est::puschRxChEstDynDescr_t *)"
4402377759,12640,103837,103,1,1,128,1,1,16,0.000,0.000,,,,,NVIDIA A100-SXM4-40GB MIG 4g.20gb (0),1,,13,cupy_copy__complex64_complex64
4402391743,15040,103847,1434,1,1,128,1,1,16,0.000,0.000,,,,,NVIDIA A100-SXM4-40GB MIG 4g.20gb (0),1,,13,cupy_copy__complex64_complex64
4402578621,8864,103854,103,1,1,128,1,1,16,0.000,0.000,,,,,NVIDIA A100-SXM4-40GB MIG 4g.20gb (0),1,,13,cupy_copy__complex64_complex64
4402695163,241310,103861,1,1,1,32,32,1,30,0.000,0.000,,,,,NVIDIA A100-SXM4-40GB MIG 4g.20gb (0),1,,13,"void convert_kernel<__half2, float2>(tensor_layout_any, T1 *, tensor_layout_any, const T2 *)"
4402967096,5376,103864,,,,,,,,,,0.094,17428.487,Pinned,Device,NVIDIA A100-SXM4-40GB MIG 4g.20gb (0),1,,13,[CUDA memcpy Host-to-Device]
4403016600,61983,103865,,,,,,,,,,35.810,577721.439,Device,,NVIDIA A100-SXM4-40GB MIG 4g.20gb (0),1,,13,[CUDA memset]
4403080855,1888,103867,,,,,,,,,,0.000,42.373,Pinned,Device,NVIDIA A100-SXM4-40GB MIG 4g.20gb (0),1,,13,[CUDA memcpy Host-to-Device]
4403086615,9376,103868,,,,,,,,,,0.197,20969.226,Pinned,Device,NVIDIA A100-SXM4-40GB MIG 4g.20gb (0),1,,13,[CUDA memcpy Host-to-Device]
4403253813,21152,103869,273,1,1,48,1,1,40,0.000,0.001,,,,,NVIDIA A100-SXM4-40GB MIG 4g.20gb (0),1,,13,"void pusch_noise_intf_est::noiseIntfEstNoDftSOfdmKernel<float, __half, float, float, (unsigned int)2, (unsigned int)1, (unsigned char)4, (unsigned char)4>(pusch_noise_intf_est::puschRxNoiseIntfEstDynDescr)"
4403445939,9792,103880,35,1,1,128,1,1,16,0.000,0.000,,,,,NVIDIA A100-SXM4-40GB MIG 4g.20gb (0),1,,13,cupy_copy__complex64_complex64
4403571025,4800,103889,1,1,1,1,1,1,18,0.000,0.000,,,,,NVIDIA A100-SXM4-40GB MIG 4g.20gb (0),1,,13,cupy_copy__float32_float32
4403580593,1600,103895,,,,,,,,,,0.000,2.500,Device,Pageable,NVIDIA A100-SXM4-40GB MIG 4g.20gb (0),1,,7,[CUDA memcpy Device-to-Host]
4403870830,20096,103906,1434,1,1,128,1,1,16,0.000,0.000,,,,,NVIDIA A100-SXM4-40GB MIG 4g.20gb (0),1,,13,cupy_copy__complex64_complex64
4404040940,8992,103913,103,1,1,128,1,1,16,0.000,0.000,,,,,NVIDIA A100-SXM4-40GB MIG 4g.20gb (0),1,,13,cupy_copy__complex64_complex64
4404230858,7328,103920,35,1,1,128,1,1,16,0.000,0.000,,,,,NVIDIA A100-SXM4-40GB MIG 4g.20gb (0),1,,13,cupy_copy__complex64_complex64
4404332392,5024,103927,1,1,1,1,1,1,18,0.000,0.000,,,,,NVIDIA A100-SXM4-40GB MIG 4g.20gb (0),1,,13,cupy_copy__float32_float32
4404492775,246941,103938,1,1,1,32,32,1,30,0.000,0.000,,,,,NVIDIA A100-SXM4-40GB MIG 4g.20gb (0),1,,13,"void convert_kernel<__half2, float2>(tensor_layout_any, T1 *, tensor_layout_any, const T2 *)"
4404791043,5984,103941,,,,,,,,,,0.094,15657.726,Pinned,Device,NVIDIA A100-SXM4-40GB MIG 4g.20gb (0),1,,13,[CUDA memcpy Host-to-Device]
4405001825,9024,103942,,,,,,,,,,1.547,171389.139,Device,,NVIDIA A100-SXM4-40GB MIG 4g.20gb (0),1,,13,[CUDA memset]
4405014209,3136,103947,,,,,,,,,,0.031,9979.575,Pinned,Device,NVIDIA A100-SXM4-40GB MIG 4g.20gb (0),1,,13,[CUDA memcpy Host-to-Device]
4405019904,9472,103948,,,,,,,,,,0.197,20756.693,Pinned,Device,NVIDIA A100-SXM4-40GB MIG 4g.20gb (0),1,,13,[CUDA memcpy Host-to-Device]
4405224606,29536,103949,273,1,1,8,4,1,39,0.002,0.000,,,,,NVIDIA A100-SXM4-40GB MIG 4g.20gb (0),1,,13,"void channel_eq::eqMmseCoefCompLowMimoKernel<float, float, float, (unsigned int)4, (unsigned int)1, (unsigned int)4>(const channel_eq::_puschRxChEqStatDescr *, channel_eq::_puschRxChEqCoefCompDynDescr)"
4405272030,30111,103950,273,1,1,12,11,1,51,0.002,0.000,,,,,NVIDIA A100-SXM4-40GB MIG 4g.20gb (0),1,,13,"void channel_eq::eqMmseSoftDemapKernel<float, __half, __half, float, (unsigned int)4, (unsigned short)16383>(channel_eq::_puschRxChEqStatDescr *, channel_eq::_puschRxChEqSoftDemapDynDescr)"
4405349885,627320,103951,1,1,1,32,32,1,30,0.000,0.000,,,,,NVIDIA A100-SXM4-40GB MIG 4g.20gb (0),1,,13,"void convert_kernel<float2, __half2>(tensor_layout_any, T1 *, tensor_layout_any, const T2 *)"
4406113460,19744,103963,2253,1,1,128,1,1,16,0.000,0.000,,,,,NVIDIA A100-SXM4-40GB MIG 4g.20gb (0),1,,13,cupy_copy__float16_float16
4406168243,7936,103972,282,1,1,128,1,1,16,0.000,0.000,,,,,NVIDIA A100-SXM4-40GB MIG 4g.20gb (0),1,,13,cupy_copy__complex64_complex64
4406227539,9311,103981,26,1,1,128,1,1,16,0.000,0.000,,,,,NVIDIA A100-SXM4-40GB MIG 4g.20gb (0),1,,13,cupy_copy__float32_float32
4406351025,13472,103990,103,1,1,128,1,1,16,0.000,0.000,,,,,NVIDIA A100-SXM4-40GB MIG 4g.20gb (0),1,,13,cupy_copy__complex64_complex64
4406535631,20640,104000,1434,1,1,128,1,1,16,0.000,0.000,,,,,NVIDIA A100-SXM4-40GB MIG 4g.20gb (0),1,,13,cupy_copy__complex64_complex64
4406745101,287132,104005,1,1,1,32,32,1,30,0.000,0.000,,,,,NVIDIA A100-SXM4-40GB MIG 4g.20gb (0),1,,13,"void convert_kernel<__half2, float2>(tensor_layout_any, T1 *, tensor_layout_any, const T2 *)"
4407072713,5920,104008,,,,,,,,,,0.094,15826.941,Pinned,Device,NVIDIA A100-SXM4-40GB MIG 4g.20gb (0),1,,13,[CUDA memcpy Host-to-Device]
4407248167,643320,104009,,,,,,,,,,456.561,709496.478,Device,,NVIDIA A100-SXM4-40GB MIG 4g.20gb (0),1,,13,[CUDA memset]
4407895679,58016,104014,,,,,,,,,,1.235,21285.495,Pinned,Device,NVIDIA A100-SXM4-40GB MIG 4g.20gb (0),1,,13,[CUDA memcpy Host-to-Device]
4407956639,11743,104015,,,,,,,,,,0.197,16742.547,Pinned,Device,NVIDIA A100-SXM4-40GB MIG 4g.20gb (0),1,,13,[CUDA memcpy Host-to-Device]
4408096157,18272,104016,69,4,1,48,1,1,76,0.002,0.000,,,,,NVIDIA A100-SXM4-40GB MIG 4g.20gb (0),1,,13,"void ch_est::windowedChEstPreNoDftSOfdmKernel<float, __half, float, (unsigned int)2, (unsigned int)1, (unsigned short)4>(ch_est::puschRxChEstStatDescr_t *, ch_est::puschRxChEstDynDescr_t *)"
4408237787,29408,104017,137,2,1,24,2,1,44,0.001,0.001,,,,,NVIDIA A100-SXM4-40GB MIG 4g.20gb (0),1,,13,"void ch_est::chEstFilterNoDftSOfdmDispatchKernel<float, __half, float, (unsigned int)2>(ch_est::puschRxChEstStatDescr_t *, ch_est::puschRxChEstDynDescr_t *)"
4408415065,19328,104018,137,2,1,24,2,1,44,0.001,0.001,,,,,NVIDIA A100-SXM4-40GB MIG 4g.20gb (0),1,,13,"void ch_est::chEstFilterNoDftSOfdmDispatchKernel<float, __half, float, (unsigned int)2>(ch_est::puschRxChEstStatDescr_t *, ch_est::puschRxChEstDynDescr_t *)"
4408612375,4832,104029,103,1,1,128,1,1,16,0.000,0.000,,,,,NVIDIA A100-SXM4-40GB MIG 4g.20gb (0),1,,13,cupy_copy__complex64_complex64
4408711126,17856,104039,1434,1,1,128,1,1,16,0.000,0.000,,,,,NVIDIA A100-SXM4-40GB MIG 4g.20gb (0),1,,13,cupy_copy__complex64_complex64
4408862836,10048,104046,103,1,1,128,1,1,16,0.000,0.000,,,,,NVIDIA A100-SXM4-40GB MIG 4g.20gb (0),1,,13,cupy_copy__complex64_complex64
4408931155,266333,104053,1,1,1,32,32,1,30,0.000,0.000,,,,,NVIDIA A100-SXM4-40GB MIG 4g.20gb (0),1,,13,"void convert_kernel<__half2, float2>(tensor_layout_any, T1 *, tensor_layout_any, const T2 *)"
4409229168,5472,104056,,,,,,,,,,0.094,17122.757,Pinned,Device,NVIDIA A100-SXM4-40GB MIG 4g.20gb (0),1,,13,[CUDA memcpy Host-to-Device]
4409304847,59967,104057,,,,,,,,,,35.810,597130.416,Device,,NVIDIA A100-SXM4-40GB MIG 4g.20gb (0),1,,13,[CUDA memset]
4409370798,2528,104059,,,,,,,,,,0.000,31.646,Pinned,Device,NVIDIA A100-SXM4-40GB MIG 4g.20gb (0),1,,13,[CUDA memcpy Host-to-Device]
4409375790,9376,104060,,,,,,,,,,0.197,20969.226,Pinned,Device,NVIDIA A100-SXM4-40GB MIG 4g.20gb (0),1,,13,[CUDA memcpy Host-to-Device]
4409455821,31200,104061,273,1,1,48,1,1,40,0.000,0.001,,,,,NVIDIA A100-SXM4-40GB MIG 4g.20gb (0),1,,13,"void pusch_noise_intf_est::noiseIntfEstNoDftSOfdmKernel<float, __half, float, float, (unsigned int)2, (unsigned int)1, (unsigned char)4, (unsigned char)4>(pusch_noise_intf_est::puschRxNoiseIntfEstDynDescr)"
4409554316,9856,104072,35,1,1,128,1,1,16,0.000,0.000,,,,,NVIDIA A100-SXM4-40GB MIG 4g.20gb (0),1,,13,cupy_copy__complex64_complex64
4409589548,4128,104081,1,1,1,1,1,1,18,0.000,0.000,,,,,NVIDIA A100-SXM4-40GB MIG 4g.20gb (0),1,,13,cupy_copy__float32_float32
4409598988,1728,104087,,,,,,,,,,0.000,2.315,Device,Pageable,NVIDIA A100-SXM4-40GB MIG 4g.20gb (0),1,,7,[CUDA memcpy Device-to-Host]
4409697835,18495,104098,1434,1,1,128,1,1,16,0.000,0.000,,,,,NVIDIA A100-SXM4-40GB MIG 4g.20gb (0),1,,13,cupy_copy__complex64_complex64
4409766442,8096,104105,103,1,1,128,1,1,16,0.000,0.000,,,,,NVIDIA A100-SXM4-40GB MIG 4g.20gb (0),1,,13,cupy_copy__complex64_complex64
4409799913,7232,104112,35,1,1,128,1,1,16,0.000,0.000,,,,,NVIDIA A100-SXM4-40GB MIG 4g.20gb (0),1,,13,cupy_copy__complex64_complex64
4409889384,3808,104119,1,1,1,1,1,1,18,0.000,0.000,,,,,NVIDIA A100-SXM4-40GB MIG 4g.20gb (0),1,,13,cupy_copy__float32_float32
4409942728,283996,104130,1,1,1,32,32,1,30,0.000,0.000,,,,,NVIDIA A100-SXM4-40GB MIG 4g.20gb (0),1,,13,"void convert_kernel<__half2, float2>(tensor_layout_any, T1 *, tensor_layout_any, const T2 *)"
4410982748,6080,104133,,,,,,,,,,0.094,15410.462,Pinned,Device,NVIDIA A100-SXM4-40GB MIG 4g.20gb (0),1,,13,[CUDA memcpy Host-to-Device]
4411007867,13280,104134,,,,,,,,,,1.547,116462.334,Device,,NVIDIA A100-SXM4-40GB MIG 4g.20gb (0),1,,13,[CUDA memset]
4411026875,3008,104139,,,,,,,,,,0.031,10404.230,Pinned,Device,NVIDIA A100-SXM4-40GB MIG 4g.20gb (0),1,,13,[CUDA memcpy Host-to-Device]
4411032315,12256,104140,,,,,,,,,,0.197,16041.640,Pinned,Device,NVIDIA A100-SXM4-40GB MIG 4g.20gb (0),1,,13,[CUDA memcpy Host-to-Device]
4411078363,28959,104141,273,1,1,8,4,1,39,0.002,0.000,,,,,NVIDIA A100-SXM4-40GB MIG 4g.20gb (0),1,,13,"void channel_eq::eqMmseCoefCompLowMimoKernel<float, float, float, (unsigned int)4, (unsigned int)1, (unsigned int)4>(const channel_eq::_puschRxChEqStatDescr *, channel_eq::_puschRxChEqCoefCompDynDescr)"
4411124346,30848,104142,273,1,1,12,11,1,51,0.002,0.000,,,,,NVIDIA A100-SXM4-40GB MIG 4g.20gb (0),1,,13,"void channel_eq::eqMmseSoftDemapKernel<float, __half, __half, float, (unsigned int)4, (unsigned short)16383>(channel_eq::_puschRxChEqStatDescr *, channel_eq::_puschRxChEqSoftDemapDynDescr)"
4411204281,715384,104143,1,1,1,32,32,1,30,0.000,0.000,,,,,NVIDIA A100-SXM4-40GB MIG 4g.20gb (0),1,,13,"void convert_kernel<float2, __half2>(tensor_layout_any, T1 *, tensor_layout_any, const T2 *)"
4411957808,20256,104155,2253,1,1,128,1,1,16,0.000,0.000,,,,,NVIDIA A100-SXM4-40GB MIG 4g.20gb (0),1,,13,cupy_copy__float16_float16
4412000304,9824,104164,282,1,1,128,1,1,16,0.000,0.000,,,,,NVIDIA A100-SXM4-40GB MIG 4g.20gb (0),1,,13,cupy_copy__complex64_complex64
4412068303,7712,104173,26,1,1,128,1,1,16,0.000,0.000,,,,,NVIDIA A100-SXM4-40GB MIG 4g.20gb (0),1,,13,cupy_copy__float32_float32
4412096527,12224,104182,103,1,1,128,1,1,16,0.000,0.000,,,,,NVIDIA A100-SXM4-40GB MIG 4g.20gb (0),1,,13,cupy_copy__complex64_complex64
4412210798,18911,104192,1434,1,1,128,1,1,16,0.000,0.000,,,,,NVIDIA A100-SXM4-40GB MIG 4g.20gb (0),1,,13,cupy_copy__complex64_complex64
4412258413,249405,104197,1,1,1,32,32,1,30,0.000,0.000,,,,,NVIDIA A100-SXM4-40GB MIG 4g.20gb (0),1,,13,"void convert_kernel<__half2, float2>(tensor_layout_any, T1 *, tensor_layout_any, const T2 *)"
4412540586,5792,104200,,,,,,,,,,0.094,16176.708,Pinned,Device,NVIDIA A100-SXM4-40GB MIG 4g.20gb (0),1,,13,[CUDA memcpy Host-to-Device]
4412605193,627737,104201,,,,,,,,,,456.561,727302.374,Device,,NVIDIA A100-SXM4-40GB MIG 4g.20gb (0),1,,13,[CUDA memset]
4413239682,54495,104206,,,,,,,,,,1.235,22661.222,Pinned,Device,NVIDIA A100-SXM4-40GB MIG 4g.20gb (0),1,,13,[CUDA memcpy Host-to-Device]
4413296609,9888,104207,,,,,,,,,,0.197,19883.360,Pinned,Device,NVIDIA A100-SXM4-40GB MIG 4g.20gb (0),1,,13,[CUDA memcpy Host-to-Device]
4413360608,23296,104208,69,4,1,48,1,1,76,0.002,0.000,,,,,NVIDIA A100-SXM4-40GB MIG 4g.20gb (0),1,,13,"void ch_est::windowedChEstPreNoDftSOfdmKernel<float, __half, float, (unsigned int)2, (unsigned int)1, (unsigned short)4>(ch_est::puschRxChEstStatDescr_t *, ch_est::puschRxChEstDynDescr_t *)"
4413425631,24000,104209,137,2,1,24,2,1,44,0.001,0.001,,,,,NVIDIA A100-SXM4-40GB MIG 4g.20gb (0),1,,13,"void ch_est::chEstFilterNoDftSOfdmDispatchKernel<float, __half, float, (unsigned int)2>(ch_est::puschRxChEstStatDescr_t *, ch_est::puschRxChEstDynDescr_t *)"
4413468191,27264,104210,137,2,1,24,2,1,44,0.001,0.001,,,,,NVIDIA A100-SXM4-40GB MIG 4g.20gb (0),1,,13,"void ch_est::chEstFilterNoDftSOfdmDispatchKernel<float, __half, float, (unsigned int)2>(ch_est::puschRxChEstStatDescr_t *, ch_est::puschRxChEstDynDescr_t *)"
4413531582,7008,104221,103,1,1,128,1,1,16,0.000,0.000,,,,,NVIDIA A100-SXM4-40GB MIG 4g.20gb (0),1,,13,cupy_copy__complex64_complex64
4413564382,18976,104231,1434,1,1,128,1,1,16,0.000,0.000,,,,,NVIDIA A100-SXM4-40GB MIG 4g.20gb (0),1,,13,cupy_copy__complex64_complex64
4413635965,8384,104238,103,1,1,128,1,1,16,0.000,0.000,,,,,NVIDIA A100-SXM4-40GB MIG 4g.20gb (0),1,,13,cupy_copy__complex64_complex64
4413672477,253629,104245,1,1,1,32,32,1,30,0.000,0.000,,,,,NVIDIA A100-SXM4-40GB MIG 4g.20gb (0),1,,13,"void convert_kernel<__half2, float2>(tensor_layout_any, T1 *, tensor_layout_any, const T2 *)"
4413955705,6048,104248,,,,,,,,,,0.094,15491.978,Pinned,Device,NVIDIA A100-SXM4-40GB MIG 4g.20gb (0),1,,13,[CUDA memcpy Host-to-Device]
4414021433,60447,104249,,,,,,,,,,35.810,592403.507,Device,,NVIDIA A100-SXM4-40GB MIG 4g.20gb (0),1,,13,[CUDA memset]
4414089880,1952,104251,,,,,,,,,,0.000,40.984,Pinned,Device,NVIDIA A100-SXM4-40GB MIG 4g.20gb (0),1,,13,[CUDA memcpy Host-to-Device]
4414094584,11008,104252,,,,,,,,,,0.197,17860.461,Pinned,Device,NVIDIA A100-SXM4-40GB MIG 4g.20gb (0),1,,13,[CUDA memcpy Host-to-Device]
4414174679,30271,104253,273,1,1,48,1,1,40,0.000,0.001,,,,,NVIDIA A100-SXM4-40GB MIG 4g.20gb (0),1,,13,"void pusch_noise_intf_est::noiseIntfEstNoDftSOfdmKernel<float, __half, float, float, (unsigned int)2, (unsigned int)1, (unsigned char)4, (unsigned char)4>(pusch_noise_intf_est::puschRxNoiseIntfEstDynDescr)"
4414211798,8864,104264,35,1,1,128,1,1,16,0.000,0.000,,,,,NVIDIA A100-SXM4-40GB MIG 4g.20gb (0),1,,13,cupy_copy__complex64_complex64
4414288406,6079,104273,1,1,1,1,1,1,18,0.000,0.000,,,,,NVIDIA A100-SXM4-40GB MIG 4g.20gb (0),1,,13,cupy_copy__float32_float32
4414298773,1824,104279,,,,,,,,,,0.000,2.193,Device,Pageable,NVIDIA A100-SXM4-40GB MIG 4g.20gb (0),1,,7,[CUDA memcpy Device-to-Host]
4414398452,19360,104290,1434,1,1,128,1,1,16,0.000,0.000,,,,,NVIDIA A100-SXM4-40GB MIG 4g.20gb (0),1,,13,cupy_copy__complex64_complex64
4414439092,6528,104297,103,1,1,128,1,1,16,0.000,0.000,,,,,NVIDIA A100-SXM4-40GB MIG 4g.20gb (0),1,,13,cupy_copy__complex64_complex64
4414501395,7776,104304,35,1,1,128,1,1,16,0.000,0.000,,,,,NVIDIA A100-SXM4-40GB MIG 4g.20gb (0),1,,13,cupy_copy__complex64_complex64
4414536147,3744,104311,1,1,1,1,1,1,18,0.000,0.000,,,,,NVIDIA A100-SXM4-40GB MIG 4g.20gb (0),1,,13,cupy_copy__float32_float32
4414640593,254558,104322,1,1,1,32,32,1,30,0.000,0.000,,,,,NVIDIA A100-SXM4-40GB MIG 4g.20gb (0),1,,13,"void convert_kernel<__half2, float2>(tensor_layout_any, T1 *, tensor_layout_any, const T2 *)"
4414926126,5984,104325,,,,,,,,,,0.094,15657.726,Pinned,Device,NVIDIA A100-SXM4-40GB MIG 4g.20gb (0),1,,13,[CUDA memcpy Host-to-Device]
4414948110,13024,104326,,,,,,,,,,1.547,118751.337,Device,,NVIDIA A100-SXM4-40GB MIG 4g.20gb (0),1,,13,[CUDA memset]
4414966414,3008,104331,,,,,,,,,,0.031,10404.230,Pinned,Device,NVIDIA A100-SXM4-40GB MIG 4g.20gb (0),1,,13,[CUDA memcpy Host-to-Device]
4414971854,11584,104332,,,,,,,,,,0.197,16972.186,Pinned,Device,NVIDIA A100-SXM4-40GB MIG 4g.20gb (0),1,,13,[CUDA memcpy Host-to-Device]
4415014797,30944,104333,273,1,1,8,4,1,39,0.002,0.000,,,,,NVIDIA A100-SXM4-40GB MIG 4g.20gb (0),1,,13,"void channel_eq::eqMmseCoefCompLowMimoKernel<float, float, float, (unsigned int)4, (unsigned int)1, (unsigned int)4>(const channel_eq::_puschRxChEqStatDescr *, channel_eq::_puschRxChEqCoefCompDynDescr)"
4415064397,27807,104334,273,1,1,12,11,1,51,0.002,0.000,,,,,NVIDIA A100-SXM4-40GB MIG 4g.20gb (0),1,,13,"void channel_eq::eqMmseSoftDemapKernel<float, __half, __half, float, (unsigned int)4, (unsigned short)16383>(channel_eq::_puschRxChEqStatDescr *, channel_eq::_puschRxChEqSoftDemapDynDescr)"
4415140108,637496,104335,1,1,1,32,32,1,30,0.000,0.000,,,,,NVIDIA A100-SXM4-40GB MIG 4g.20gb (0),1,,13,"void convert_kernel<float2, __half2>(tensor_layout_any, T1 *, tensor_layout_any, const T2 *)"
4415906755,14624,104347,2253,1,1,128,1,1,16,0.000,0.000,,,,,NVIDIA A100-SXM4-40GB MIG 4g.20gb (0),1,,13,cupy_copy__float16_float16
4416006050,13152,104356,282,1,1,128,1,1,16,0.000,0.000,,,,,NVIDIA A100-SXM4-40GB MIG 4g.20gb (0),1,,13,cupy_copy__complex64_complex64
4416153728,3904,104365,26,1,1,128,1,1,16,0.000,0.000,,,,,NVIDIA A100-SXM4-40GB MIG 4g.20gb (0),1,,13,cupy_copy__float32_float32
4416255967,11712,104374,103,1,1,128,1,1,16,0.000,0.000,,,,,NVIDIA A100-SXM4-40GB MIG 4g.20gb (0),1,,13,cupy_copy__complex64_complex64
4416391869,18080,104384,1434,1,1,128,1,1,16,0.000,0.000,,,,,NVIDIA A100-SXM4-40GB MIG 4g.20gb (0),1,,13,cupy_copy__complex64_complex64
4416491484,271421,104389,1,1,1,32,32,1,30,0.000,0.000,,,,,NVIDIA A100-SXM4-40GB MIG 4g.20gb (0),1,,13,"void convert_kernel<__half2, float2>(tensor_layout_any, T1 *, tensor_layout_any, const T2 *)"
4416794617,5760,104392,,,,,,,,,,0.094,16266.656,Pinned,Device,NVIDIA A100-SXM4-40GB MIG 4g.20gb (0),1,,13,[CUDA memcpy Host-to-Device]
4416949271,640312,104393,,,,,,,,,,456.561,712692.408,Device,,NVIDIA A100-SXM4-40GB MIG 4g.20gb (0),1,,13,[CUDA memset]
4417591823,58208,104398,,,,,,,,,,1.235,21215.103,Pinned,Device,NVIDIA A100-SXM4-40GB MIG 4g.20gb (0),1,,13,[CUDA memcpy Host-to-Device]
4417652591,11200,104399,,,,,,,,,,0.197,17554.145,Pinned,Device,NVIDIA A100-SXM4-40GB MIG 4g.20gb (0),1,,13,[CUDA memcpy Host-to-Device]
4417780045,19584,104400,69,4,1,48,1,1,76,0.002,0.000,,,,,NVIDIA A100-SXM4-40GB MIG 4g.20gb (0),1,,13,"void ch_est::windowedChEstPreNoDftSOfdmKernel<float, __half, float, (unsigned int)2, (unsigned int)1, (unsigned short)4>(ch_est::puschRxChEstStatDescr_t *, ch_est::puschRxChEstDynDescr_t *)"
4417918604,33919,104401,137,2,1,24,2,1,44,0.001,0.001,,,,,NVIDIA A100-SXM4-40GB MIG 4g.20gb (0),1,,13,"void ch_est::chEstFilterNoDftSOfdmDispatchKernel<float, __half, float, (unsigned int)2>(ch_est::puschRxChEstStatDescr_t *, ch_est::puschRxChEstDynDescr_t *)"
4418104105,20256,104402,137,2,1,24,2,1,44,0.001,0.001,,,,,NVIDIA A100-SXM4-40GB MIG 4g.20gb (0),1,,13,"void ch_est::chEstFilterNoDftSOfdmDispatchKernel<float, __half, float, (unsigned int)2>(ch_est::puschRxChEstStatDescr_t *, ch_est::puschRxChEstDynDescr_t *)"
4418297799,4832,104413,103,1,1,128,1,1,16,0.000,0.000,,,,,NVIDIA A100-SXM4-40GB MIG 4g.20gb (0),1,,13,cupy_copy__complex64_complex64
4418397478,18432,104423,1434,1,1,128,1,1,16,0.000,0.000,,,,,NVIDIA A100-SXM4-40GB MIG 4g.20gb (0),1,,13,cupy_copy__complex64_complex64
4418540420,10048,104430,103,1,1,128,1,1,16,0.000,0.000,,,,,NVIDIA A100-SXM4-40GB MIG 4g.20gb (0),1,,13,cupy_copy__complex64_complex64
4418711810,295165,104437,1,1,1,32,32,1,30,0.000,0.000,,,,,NVIDIA A100-SXM4-40GB MIG 4g.20gb (0),1,,13,"void convert_kernel<__half2, float2>(tensor_layout_any, T1 *, tensor_layout_any, const T2 *)"
4419576921,6591,104440,,,,,,,,,,0.094,14215.745,Pinned,Device,NVIDIA A100-SXM4-40GB MIG 4g.20gb (0),1,,13,[CUDA memcpy Host-to-Device]
4419615512,64927,104441,,,,,,,,,,35.810,551508.578,Device,,NVIDIA A100-SXM4-40GB MIG 4g.20gb (0),1,,13,[CUDA memset]
4419683351,2336,104443,,,,,,,,,,0.000,34.247,Pinned,Device,NVIDIA A100-SXM4-40GB MIG 4g.20gb (0),1,,13,[CUDA memcpy Host-to-Device]
4419691351,9568,104444,,,,,,,,,,0.197,20548.485,Pinned,Device,NVIDIA A100-SXM4-40GB MIG 4g.20gb (0),1,,13,[CUDA memcpy Host-to-Device]
4419768214,38656,104445,273,1,1,48,1,1,40,0.000,0.001,,,,,NVIDIA A100-SXM4-40GB MIG 4g.20gb (0),1,,13,"void pusch_noise_intf_est::noiseIntfEstNoDftSOfdmKernel<float, __half, float, float, (unsigned int)2, (unsigned int)1, (unsigned char)4, (unsigned char)4>(pusch_noise_intf_est::puschRxNoiseIntfEstDynDescr)"
4419832790,8575,104456,35,1,1,128,1,1,16,0.000,0.000,,,,,NVIDIA A100-SXM4-40GB MIG 4g.20gb (0),1,,13,cupy_copy__complex64_complex64
4419867605,3968,104465,1,1,1,1,1,1,18,0.000,0.000,,,,,NVIDIA A100-SXM4-40GB MIG 4g.20gb (0),1,,13,cupy_copy__float32_float32
4419872917,1632,104471,,,,,,,,,,0.000,2.451,Device,Pageable,NVIDIA A100-SXM4-40GB MIG 4g.20gb (0),1,,7,[CUDA memcpy Device-to-Host]
4419967028,18176,104482,1434,1,1,128,1,1,16,0.000,0.000,,,,,NVIDIA A100-SXM4-40GB MIG 4g.20gb (0),1,,13,cupy_copy__complex64_complex64
4420034387,8064,104489,103,1,1,128,1,1,16,0.000,0.000,,,,,NVIDIA A100-SXM4-40GB MIG 4g.20gb (0),1,,13,cupy_copy__complex64_complex64
4420067667,8832,104496,35,1,1,128,1,1,16,0.000,0.000,,,,,NVIDIA A100-SXM4-40GB MIG 4g.20gb (0),1,,13,cupy_copy__complex64_complex64
4420134482,4896,104503,1,1,1,1,1,1,18,0.000,0.000,,,,,NVIDIA A100-SXM4-40GB MIG 4g.20gb (0),1,,13,cupy_copy__float32_float32
4420176178,252157,104514,1,1,1,32,32,1,30,0.000,0.000,,,,,NVIDIA A100-SXM4-40GB MIG 4g.20gb (0),1,,13,"void convert_kernel<__half2, float2>(tensor_layout_any, T1 *, tensor_layout_any, const T2 *)"
4420459854,5376,104517,,,,,,,,,,0.094,17428.487,Pinned,Device,NVIDIA A100-SXM4-40GB MIG 4g.20gb (0),1,,13,[CUDA memcpy Host-to-Device]
4420486190,14752,104518,,,,,,,,,,1.547,104841.001,Device,,NVIDIA A100-SXM4-40GB MIG 4g.20gb (0),1,,13,[CUDA memset]
4420502318,3424,104523,,,,,,,,,,0.031,9140.185,Pinned,Device,NVIDIA A100-SXM4-40GB MIG 4g.20gb (0),1,,13,[CUDA memcpy Host-to-Device]
4420509646,9952,104524,,,,,,,,,,0.197,19755.565,Pinned,Device,NVIDIA A100-SXM4-40GB MIG 4g.20gb (0),1,,13,[CUDA memcpy Host-to-Device]
4420554093,27936,104525,273,1,1,8,4,1,39,0.002,0.000,,,,,NVIDIA A100-SXM4-40GB MIG 4g.20gb (0),1,,13,"void channel_eq::eqMmseCoefCompLowMimoKernel<float, float, float, (unsigned int)4, (unsigned int)1, (unsigned int)4>(const channel_eq::_puschRxChEqStatDescr *, channel_eq::_puschRxChEqCoefCompDynDescr)"
4420603245,29951,104526,273,1,1,12,11,1,51,0.002,0.000,,,,,NVIDIA A100-SXM4-40GB MIG 4g.20gb (0),1,,13,"void channel_eq::eqMmseSoftDemapKernel<float, __half, __half, float, (unsigned int)4, (unsigned short)16383>(channel_eq::_puschRxChEqStatDescr *, channel_eq::_puschRxChEqSoftDemapDynDescr)"
4420681100,606073,104527,1,1,1,32,32,1,30,0.000,0.000,,,,,NVIDIA A100-SXM4-40GB MIG 4g.20gb (0),1,,13,"void convert_kernel<float2, __half2>(tensor_layout_any, T1 *, tensor_layout_any, const T2 *)"
4421340228,21216,104539,2253,1,1,128,1,1,16,0.000,0.000,,,,,NVIDIA A100-SXM4-40GB MIG 4g.20gb (0),1,,13,cupy_copy__float16_float16
4421405859,15328,104548,282,1,1,128,1,1,16,0.000,0.000,,,,,NVIDIA A100-SXM4-40GB MIG 4g.20gb (0),1,,13,cupy_copy__complex64_complex64
4421439491,7168,104557,26,1,1,128,1,1,16,0.000,0.000,,,,,NVIDIA A100-SXM4-40GB MIG 4g.20gb (0),1,,13,cupy_copy__float32_float32
4421497250,11424,104566,103,1,1,128,1,1,16,0.000,0.000,,,,,NVIDIA A100-SXM4-40GB MIG 4g.20gb (0),1,,13,cupy_copy__complex64_complex64
4421548322,19680,104576,1434,1,1,128,1,1,16,0.000,0.000,,,,,NVIDIA A100-SXM4-40GB MIG 4g.20gb (0),1,,13,cupy_copy__complex64_complex64
4421625601,257117,104581,1,1,1,32,32,1,30,0.000,0.000,,,,,NVIDIA A100-SXM4-40GB MIG 4g.20gb (0),1,,13,"void convert_kernel<__half2, float2>(tensor_layout_any, T1 *, tensor_layout_any, const T2 *)"
4421912062,5567,104584,,,,,,,,,,0.094,16830.519,Pinned,Device,NVIDIA A100-SXM4-40GB MIG 4g.20gb (0),1,,13,[CUDA memcpy Host-to-Device]
4421938749,642297,104585,,,,,,,,,,456.561,710409.601,Device,,NVIDIA A100-SXM4-40GB MIG 4g.20gb (0),1,,13,[CUDA memset]
4422583254,54047,104590,,,,,,,,,,1.235,22848.934,Pinned,Device,NVIDIA A100-SXM4-40GB MIG 4g.20gb (0),1,,13,[CUDA memcpy Host-to-Device]
4422641397,9984,104591,,,,,,,,,,0.197,19692.257,Pinned,Device,NVIDIA A100-SXM4-40GB MIG 4g.20gb (0),1,,13,[CUDA memcpy Host-to-Device]
4422724756,20448,104592,69,4,1,48,1,1,76,0.002,0.000,,,,,NVIDIA A100-SXM4-40GB MIG 4g.20gb (0),1,,13,"void ch_est::windowedChEstPreNoDftSOfdmKernel<float, __half, float, (unsigned int)2, (unsigned int)1, (unsigned short)4>(ch_est::puschRxChEstStatDescr_t *, ch_est::puschRxChEstDynDescr_t *)"
4422825395,34848,104593,137,2,1,24,2,1,44,0.001,0.001,,,,,NVIDIA A100-SXM4-40GB MIG 4g.20gb (0),1,,13,"void ch_est::chEstFilterNoDftSOfdmDispatchKernel<float, __half, float, (unsigned int)2>(ch_est::puschRxChEstStatDescr_t *, ch_est::puschRxChEstDynDescr_t *)"
4422934834,26527,104594,137,2,1,24,2,1,44,0.001,0.001,,,,,NVIDIA A100-SXM4-40GB MIG 4g.20gb (0),1,,13,"void ch_est::chEstFilterNoDftSOfdmDispatchKernel<float, __half, float, (unsigned int)2>(ch_est::puschRxChEstStatDescr_t *, ch_est::puschRxChEstDynDescr_t *)"
4423030385,9312,104605,103,1,1,128,1,1,16,0.000,0.000,,,,,NVIDIA A100-SXM4-40GB MIG 4g.20gb (0),1,,13,cupy_copy__complex64_complex64
4423107536,19680,104615,1434,1,1,128,1,1,16,0.000,0.000,,,,,NVIDIA A100-SXM4-40GB MIG 4g.20gb (0),1,,13,cupy_copy__complex64_complex64
4423208751,10239,104622,103,1,1,128,1,1,16,0.000,0.000,,,,,NVIDIA A100-SXM4-40GB MIG 4g.20gb (0),1,,13,cupy_copy__complex64_complex64
4423320205,313405,104629,1,1,1,32,32,1,30,0.000,0.000,,,,,NVIDIA A100-SXM4-40GB MIG 4g.20gb (0),1,,13,"void convert_kernel<__half2, float2>(tensor_layout_any, T1 *, tensor_layout_any, const T2 *)"
4423664041,5600,104632,,,,,,,,,,0.094,16731.388,Pinned,Device,NVIDIA A100-SXM4-40GB MIG 4g.20gb (0),1,,13,[CUDA memcpy Host-to-Device]
4423750440,55360,104633,,,,,,,,,,35.810,646834.585,Device,,NVIDIA A100-SXM4-40GB MIG 4g.20gb (0),1,,13,[CUDA memset]
4423809704,3488,104635,,,,,,,,,,0.000,22.936,Pinned,Device,NVIDIA A100-SXM4-40GB MIG 4g.20gb (0),1,,13,[CUDA memcpy Host-to-Device]
4423815720,9599,104636,,,,,,,,,,0.197,20482.032,Pinned,Device,NVIDIA A100-SXM4-40GB MIG 4g.20gb (0),1,,13,[CUDA memcpy Host-to-Device]
4423942470,31968,104637,273,1,1,48,1,1,40,0.000,0.001,,,,,NVIDIA A100-SXM4-40GB MIG 4g.20gb (0),1,,13,"void pusch_noise_intf_est::noiseIntfEstNoDftSOfdmKernel<float, __half, float, float, (unsigned int)2, (unsigned int)1, (unsigned char)4, (unsigned char)4>(pusch_noise_intf_est::puschRxNoiseIntfEstDynDescr)"
4424087780,9312,104648,35,1,1,128,1,1,16,0.000,0.000,,,,,NVIDIA A100-SXM4-40GB MIG 4g.20gb (0),1,,13,cupy_copy__complex64_complex64
4424185347,5216,104657,1,1,1,1,1,1,18,0.000,0.000,,,,,NVIDIA A100-SXM4-40GB MIG 4g.20gb (0),1,,13,cupy_copy__float32_float32
4424195939,1888,104663,,,,,,,,,,0.000,2.119,Device,Pageable,NVIDIA A100-SXM4-40GB MIG 4g.20gb (0),1,,7,[CUDA memcpy Device-to-Host]
4424374785,21792,104674,1434,1,1,128,1,1,16,0.000,0.000,,,,,NVIDIA A100-SXM4-40GB MIG 4g.20gb (0),1,,13,cupy_copy__complex64_complex64
4424486112,9824,104681,103,1,1,128,1,1,16,0.000,0.000,,,,,NVIDIA A100-SXM4-40GB MIG 4g.20gb (0),1,,13,cupy_copy__complex64_complex64
4424564095,12128,104688,35,1,1,128,1,1,16,0.000,0.000,,,,,NVIDIA A100-SXM4-40GB MIG 4g.20gb (0),1,,13,cupy_copy__complex64_complex64
4424677950,4736,104695,1,1,1,1,1,1,18,0.000,0.000,,,,,NVIDIA A100-SXM4-40GB MIG 4g.20gb (0),1,,13,cupy_copy__float32_float32
4424780732,267261,104706,1,1,1,32,32,1,30,0.000,0.000,,,,,NVIDIA A100-SXM4-40GB MIG 4g.20gb (0),1,,13,"void convert_kernel<__half2, float2>(tensor_layout_any, T1 *, tensor_layout_any, const T2 *)"
4425077817,5376,104709,,,,,,,,,,0.094,17428.487,Pinned,Device,NVIDIA A100-SXM4-40GB MIG 4g.20gb (0),1,,13,[CUDA memcpy Host-to-Device]
4425135544,9280,104710,,,,,,,,,,1.547,166661.109,Device,,NVIDIA A100-SXM4-40GB MIG 4g.20gb (0),1,,13,[CUDA memset]
4425151320,3264,104715,,,,,,,,,,0.031,9588.218,Pinned,Device,NVIDIA A100-SXM4-40GB MIG 4g.20gb (0),1,,13,[CUDA memcpy Host-to-Device]
4425157016,9408,104716,,,,,,,,,,0.197,20897.858,Pinned,Device,NVIDIA A100-SXM4-40GB MIG 4g.20gb (0),1,,13,[CUDA memcpy Host-to-Device]
4425231639,30080,104717,273,1,1,8,4,1,39,0.002,0.000,,,,,NVIDIA A100-SXM4-40GB MIG 4g.20gb (0),1,,13,"void channel_eq::eqMmseCoefCompLowMimoKernel<float, float, float, (unsigned int)4, (unsigned int)1, (unsigned int)4>(const channel_eq::_puschRxChEqStatDescr *, channel_eq::_puschRxChEqCoefCompDynDescr)"
4425278327,27167,104718,273,1,1,12,11,1,51,0.002,0.000,,,,,NVIDIA A100-SXM4-40GB MIG 4g.20gb (0),1,,13,"void channel_eq::eqMmseSoftDemapKernel<float, __half, __half, float, (unsigned int)4, (unsigned short)16383>(channel_eq::_puschRxChEqStatDescr *, channel_eq::_puschRxChEqSoftDemapDynDescr)"
4425359382,622329,104719,1,1,1,32,32,1,30,0.000,0.000,,,,,NVIDIA A100-SXM4-40GB MIG 4g.20gb (0),1,,13,"void convert_kernel<float2, __half2>(tensor_layout_any, T1 *, tensor_layout_any, const T2 *)"
4426018958,19872,104731,2253,1,1,128,1,1,16,0.000,0.000,,,,,NVIDIA A100-SXM4-40GB MIG 4g.20gb (0),1,,13,cupy_copy__float16_float16
4426084429,15200,104740,282,1,1,128,1,1,16,0.000,0.000,,,,,NVIDIA A100-SXM4-40GB MIG 4g.20gb (0),1,,13,cupy_copy__complex64_complex64
4426117101,7072,104749,26,1,1,128,1,1,16,0.000,0.000,,,,,NVIDIA A100-SXM4-40GB MIG 4g.20gb (0),1,,13,cupy_copy__float32_float32
4426175020,11488,104758,103,1,1,128,1,1,16,0.000,0.000,,,,,NVIDIA A100-SXM4-40GB MIG 4g.20gb (0),1,,13,cupy_copy__complex64_complex64
4426227020,19008,104768,1434,1,1,128,1,1,16,0.000,0.000,,,,,NVIDIA A100-SXM4-40GB MIG 4g.20gb (0),1,,13,cupy_copy__complex64_complex64
4426300107,260829,104773,1,1,1,32,32,1,30,0.000,0.000,,,,,NVIDIA A100-SXM4-40GB MIG 4g.20gb (0),1,,13,"void convert_kernel<__half2, float2>(tensor_layout_any, T1 *, tensor_layout_any, const T2 *)"
4426591240,6047,104776,,,,,,,,,,0.094,15494.601,Pinned,Device,NVIDIA A100-SXM4-40GB MIG 4g.20gb (0),1,,13,[CUDA memcpy Host-to-Device]
4426617575,628089,104777,,,,,,,,,,456.561,726845.812,Device,,NVIDIA A100-SXM4-40GB MIG 4g.20gb (0),1,,13,[CUDA memset]
4427250464,55487,104782,,,,,,,,,,1.235,22256.161,Pinned,Device,NVIDIA A100-SXM4-40GB MIG 4g.20gb (0),1,,13,[CUDA memcpy Host-to-Device]
4427309119,9952,104783,,,,,,,,,,0.197,19755.565,Pinned,Device,NVIDIA A100-SXM4-40GB MIG 4g.20gb (0),1,,13,[CUDA memcpy Host-to-Device]
4427336031,24992,104784,69,4,1,48,1,1,76,0.002,0.000,,,,,NVIDIA A100-SXM4-40GB MIG 4g.20gb (0),1,,13,"void ch_est::windowedChEstPreNoDftSOfdmKernel<float, __half, float, (unsigned int)2, (unsigned int)1, (unsigned short)4>(ch_est::puschRxChEstStatDescr_t *, ch_est::puschRxChEstDynDescr_t *)"
4427400894,24736,104785,137,2,1,24,2,1,44,0.001,0.001,,,,,NVIDIA A100-SXM4-40GB MIG 4g.20gb (0),1,,13,"void ch_est::chEstFilterNoDftSOfdmDispatchKernel<float, __half, float, (unsigned int)2>(ch_est::puschRxChEstStatDescr_t *, ch_est::puschRxChEstDynDescr_t *)"
4427439934,26527,104786,137,2,1,24,2,1,44,0.001,0.001,,,,,NVIDIA A100-SXM4-40GB MIG 4g.20gb (0),1,,13,"void ch_est::chEstFilterNoDftSOfdmDispatchKernel<float, __half, float, (unsigned int)2>(ch_est::puschRxChEstStatDescr_t *, ch_est::puschRxChEstDynDescr_t *)"
4427505917,8096,104797,103,1,1,128,1,1,16,0.000,0.000,,,,,NVIDIA A100-SXM4-40GB MIG 4g.20gb (0),1,,13,cupy_copy__complex64_complex64
4427538813,20095,104807,1434,1,1,128,1,1,16,0.000,0.000,,,,,NVIDIA A100-SXM4-40GB MIG 4g.20gb (0),1,,13,cupy_copy__complex64_complex64
4427609468,6624,104814,103,1,1,128,1,1,16,0.000,0.000,,,,,NVIDIA A100-SXM4-40GB MIG 4g.20gb (0),1,,13,cupy_copy__complex64_complex64
4427646427,261853,104821,1,1,1,32,32,1,30,0.000,0.000,,,,,NVIDIA A100-SXM4-40GB MIG 4g.20gb (0),1,,13,"void convert_kernel<__half2, float2>(tensor_layout_any, T1 *, tensor_layout_any, const T2 *)"
4427941528,6656,104824,,,,,,,,,,0.094,14076.887,Pinned,Device,NVIDIA A100-SXM4-40GB MIG 4g.20gb (0),1,,13,[CUDA memcpy Host-to-Device]
4428042359,64927,104825,,,,,,,,,,35.810,551508.578,Device,,NVIDIA A100-SXM4-40GB MIG 4g.20gb (0),1,,13,[CUDA memset]
4428111990,2528,104827,,,,,,,,,,0.000,31.646,Pinned,Device,NVIDIA A100-SXM4-40GB MIG 4g.20gb (0),1,,13,[CUDA memcpy Host-to-Device]
4428116950,10880,104828,,,,,,,,,,0.197,18070.438,Pinned,Device,NVIDIA A100-SXM4-40GB MIG 4g.20gb (0),1,,13,[CUDA memcpy Host-to-Device]
4428200725,25792,104829,273,1,1,48,1,1,40,0.000,0.001,,,,,NVIDIA A100-SXM4-40GB MIG 4g.20gb (0),1,,13,"void pusch_noise_intf_est::noiseIntfEstNoDftSOfdmKernel<float, __half, float, float, (unsigned int)2, (unsigned int)1, (unsigned char)4, (unsigned char)4>(pusch_noise_intf_est::puschRxNoiseIntfEstDynDescr)"
4428282932,8832,104840,35,1,1,128,1,1,16,0.000,0.000,,,,,NVIDIA A100-SXM4-40GB MIG 4g.20gb (0),1,,13,cupy_copy__complex64_complex64
4428351283,4832,104849,1,1,1,1,1,1,18,0.000,0.000,,,,,NVIDIA A100-SXM4-40GB MIG 4g.20gb (0),1,,13,cupy_copy__float32_float32
4428360915,3008,104855,,,,,,,,,,0.000,1.330,Device,Pageable,NVIDIA A100-SXM4-40GB MIG 4g.20gb (0),1,,7,[CUDA memcpy Device-to-Host]
4428492562,18559,104866,1434,1,1,128,1,1,16,0.000,0.000,,,,,NVIDIA A100-SXM4-40GB MIG 4g.20gb (0),1,,13,cupy_copy__complex64_complex64
4428587793,14143,104873,103,1,1,128,1,1,16,0.000,0.000,,,,,NVIDIA A100-SXM4-40GB MIG 4g.20gb (0),1,,13,cupy_copy__complex64_complex64
4428679503,10848,104880,35,1,1,128,1,1,16,0.000,0.000,,,,,NVIDIA A100-SXM4-40GB MIG 4g.20gb (0),1,,13,cupy_copy__complex64_complex64
4428787118,4288,104887,1,1,1,1,1,1,18,0.000,0.000,,,,,NVIDIA A100-SXM4-40GB MIG 4g.20gb (0),1,,13,cupy_copy__float32_float32
4428879693,312765,104898,1,1,1,32,32,1,30,0.000,0.000,,,,,NVIDIA A100-SXM4-40GB MIG 4g.20gb (0),1,,13,"void convert_kernel<__half2, float2>(tensor_layout_any, T1 *, tensor_layout_any, const T2 *)"
4429223305,5760,104901,,,,,,,,,,0.094,16266.656,Pinned,Device,NVIDIA A100-SXM4-40GB MIG 4g.20gb (0),1,,13,[CUDA memcpy Host-to-Device]
4429306344,12032,104902,,,,,,,,,,1.547,128541.467,Device,,NVIDIA A100-SXM4-40GB MIG 4g.20gb (0),1,,13,[CUDA memset]
4429321192,3040,104907,,,,,,,,,,0.031,10294.725,Pinned,Device,NVIDIA A100-SXM4-40GB MIG 4g.20gb (0),1,,13,[CUDA memcpy Host-to-Device]
4429326664,11008,104908,,,,,,,,,,0.197,17860.461,Pinned,Device,NVIDIA A100-SXM4-40GB MIG 4g.20gb (0),1,,13,[CUDA memcpy Host-to-Device]
4429456326,24928,104909,273,1,1,8,4,1,39,0.002,0.000,,,,,NVIDIA A100-SXM4-40GB MIG 4g.20gb (0),1,,13,"void channel_eq::eqMmseCoefCompLowMimoKernel<float, float, float, (unsigned int)4, (unsigned int)1, (unsigned int)4>(const channel_eq::_puschRxChEqStatDescr *, channel_eq::_puschRxChEqCoefCompDynDescr)"
4429547621,31200,104910,273,1,1,12,11,1,51,0.002,0.000,,,,,NVIDIA A100-SXM4-40GB MIG 4g.20gb (0),1,,13,"void channel_eq::eqMmseSoftDemapKernel<float, __half, __half, float, (unsigned int)4, (unsigned short)16383>(channel_eq::_puschRxChEqStatDescr *, channel_eq::_puschRxChEqSoftDemapDynDescr)"
4429669092,744439,104911,1,1,1,32,32,1,30,0.000,0.000,,,,,NVIDIA A100-SXM4-40GB MIG 4g.20gb (0),1,,13,"void convert_kernel<float2, __half2>(tensor_layout_any, T1 *, tensor_layout_any, const T2 *)"
4430443995,18272,104923,2253,1,1,128,1,1,16,0.000,0.000,,,,,NVIDIA A100-SXM4-40GB MIG 4g.20gb (0),1,,13,cupy_copy__float16_float16
4430507898,13728,104932,282,1,1,128,1,1,16,0.000,0.000,,,,,NVIDIA A100-SXM4-40GB MIG 4g.20gb (0),1,,13,cupy_copy__complex64_complex64
4430539322,8096,104941,26,1,1,128,1,1,16,0.000,0.000,,,,,NVIDIA A100-SXM4-40GB MIG 4g.20gb (0),1,,13,cupy_copy__float32_float32
4430597209,12032,104950,103,1,1,128,1,1,16,0.000,0.000,,,,,NVIDIA A100-SXM4-40GB MIG 4g.20gb (0),1,,13,cupy_copy__complex64_complex64
4430635161,20896,104960,1434,1,1,128,1,1,16,0.000,0.000,,,,,NVIDIA A100-SXM4-40GB MIG 4g.20gb (0),1,,13,cupy_copy__complex64_complex64
4430711736,260093,104965,1,1,1,32,32,1,30,0.000,0.000,,,,,NVIDIA A100-SXM4-40GB MIG 4g.20gb (0),1,,13,"void convert_kernel<__half2, float2>(tensor_layout_any, T1 *, tensor_layout_any, const T2 *)"
4431002293,5664,104968,,,,,,,,,,0.094,16542.310,Pinned,Device,NVIDIA A100-SXM4-40GB MIG 4g.20gb (0),1,,13,[CUDA memcpy Host-to-Device]
4431025748,631321,104969,,,,,,,,,,456.561,722736.760,Device,,NVIDIA A100-SXM4-40GB MIG 4g.20gb (0),1,,13,[CUDA memset]
4431661613,51167,104974,,,,,,,,,,1.235,24134.511,Pinned,Device,NVIDIA A100-SXM4-40GB MIG 4g.20gb (0),1,,13,[CUDA memcpy Host-to-Device]
4431715212,10944,104975,,,,,,,,,,0.197,17964.859,Pinned,Device,NVIDIA A100-SXM4-40GB MIG 4g.20gb (0),1,,13,[CUDA memcpy Host-to-Device]
4431744652,25408,104976,69,4,1,48,1,1,76,0.002,0.000,,,,,NVIDIA A100-SXM4-40GB MIG 4g.20gb (0),1,,13,"void ch_est::windowedChEstPreNoDftSOfdmKernel<float, __half, float, (unsigned int)2, (unsigned int)1, (unsigned short)4>(ch_est::puschRxChEstStatDescr_t *, ch_est::puschRxChEstDynDescr_t *)"
4431809387,26400,104977,137,2,1,24,2,1,44,0.001,0.001,,,,,NVIDIA A100-SXM4-40GB MIG 4g.20gb (0),1,,13,"void ch_est::chEstFilterNoDftSOfdmDispatchKernel<float, __half, float, (unsigned int)2>(ch_est::puschRxChEstStatDescr_t *, ch_est::puschRxChEstDynDescr_t *)"
4431848331,23392,104978,137,2,1,24,2,1,44,0.001,0.001,,,,,NVIDIA A100-SXM4-40GB MIG 4g.20gb (0),1,,13,"void ch_est::chEstFilterNoDftSOfdmDispatchKernel<float, __half, float, (unsigned int)2>(ch_est::puschRxChEstStatDescr_t *, ch_est::puschRxChEstDynDescr_t *)"
4431912362,9056,104989,103,1,1,128,1,1,16,0.000,0.000,,,,,NVIDIA A100-SXM4-40GB MIG 4g.20gb (0),1,,13,cupy_copy__complex64_complex64
4431951594,20095,104999,1434,1,1,128,1,1,16,0.000,0.000,,,,,NVIDIA A100-SXM4-40GB MIG 4g.20gb (0),1,,13,cupy_copy__complex64_complex64
4432021225,7616,105006,103,1,1,128,1,1,16,0.000,0.000,,,,,NVIDIA A100-SXM4-40GB MIG 4g.20gb (0),1,,13,cupy_copy__complex64_complex64
4432057192,259101,105013,1,1,1,32,32,1,30,0.000,0.000,,,,,NVIDIA A100-SXM4-40GB MIG 4g.20gb (0),1,,13,"void convert_kernel<__half2, float2>(tensor_layout_any, T1 *, tensor_layout_any, const T2 *)"
4432347013,5536,105016,,,,,,,,,,0.094,16924.777,Pinned,Device,NVIDIA A100-SXM4-40GB MIG 4g.20gb (0),1,,13,[CUDA memcpy Host-to-Device]
4432410052,60672,105017,,,,,,,,,,35.810,590219.101,Device,,NVIDIA A100-SXM4-40GB MIG 4g.20gb (0),1,,13,[CUDA memset]
4432472036,1792,105019,,,,,,,,,,0.000,44.643,Pinned,Device,NVIDIA A100-SXM4-40GB MIG 4g.20gb (0),1,,13,[CUDA memcpy Host-to-Device]
4432478372,9728,105020,,,,,,,,,,0.197,20210.516,Pinned,Device,NVIDIA A100-SXM4-40GB MIG 4g.20gb (0),1,,13,[CUDA memcpy Host-to-Device]
4432642562,22079,105021,273,1,1,48,1,1,40,0.000,0.001,,,,,NVIDIA A100-SXM4-40GB MIG 4g.20gb (0),1,,13,"void pusch_noise_intf_est::noiseIntfEstNoDftSOfdmKernel<float, __half, float, float, (unsigned int)2, (unsigned int)1, (unsigned char)4, (unsigned char)4>(pusch_noise_intf_est::puschRxNoiseIntfEstDynDescr)"
4432741505,8095,105032,35,1,1,128,1,1,16,0.000,0.000,,,,,NVIDIA A100-SXM4-40GB MIG 4g.20gb (0),1,,13,cupy_copy__complex64_complex64
4432774336,4160,105041,1,1,1,1,1,1,18,0.000,0.000,,,,,NVIDIA A100-SXM4-40GB MIG 4g.20gb (0),1,,13,cupy_copy__float32_float32
4432784864,1792,105047,,,,,,,,,,0.000,2.232,Device,Pageable,NVIDIA A100-SXM4-40GB MIG 4g.20gb (0),1,,7,[CUDA memcpy Device-to-Host]
4432926910,19968,105058,1434,1,1,128,1,1,16,0.000,0.000,,,,,NVIDIA A100-SXM4-40GB MIG 4g.20gb (0),1,,13,cupy_copy__complex64_complex64
4433058141,8864,105065,103,1,1,128,1,1,16,0.000,0.000,,,,,NVIDIA A100-SXM4-40GB MIG 4g.20gb (0),1,,13,cupy_copy__complex64_complex64
4433094972,10048,105072,35,1,1,128,1,1,16,0.000,0.000,,,,,NVIDIA A100-SXM4-40GB MIG 4g.20gb (0),1,,13,cupy_copy__complex64_complex64
4433238459,3744,105079,1,1,1,1,1,1,18,0.000,0.000,,,,,NVIDIA A100-SXM4-40GB MIG 4g.20gb (0),1,,13,cupy_copy__float32_float32
4433341690,273308,105090,1,1,1,32,32,1,30,0.000,0.000,,,,,NVIDIA A100-SXM4-40GB MIG 4g.20gb (0),1,,13,"void convert_kernel<__half2, float2>(tensor_layout_any, T1 *, tensor_layout_any, const T2 *)"
4433644598,6400,105093,,,,,,,,,,0.094,14640.000,Pinned,Device,NVIDIA A100-SXM4-40GB MIG 4g.20gb (0),1,,13,[CUDA memcpy Host-to-Device]
4433757813,5280,105094,,,,,,,,,,1.547,292919.759,Device,,NVIDIA A100-SXM4-40GB MIG 4g.20gb (0),1,,13,[CUDA memset]
4433771253,3424,105099,,,,,,,,,,0.031,9140.185,Pinned,Device,NVIDIA A100-SXM4-40GB MIG 4g.20gb (0),1,,13,[CUDA memcpy Host-to-Device]
4433777173,9536,105100,,,,,,,,,,0.197,20617.298,Pinned,Device,NVIDIA A100-SXM4-40GB MIG 4g.20gb (0),1,,13,[CUDA memcpy Host-to-Device]
4433933523,20576,105101,273,1,1,8,4,1,39,0.002,0.000,,,,,NVIDIA A100-SXM4-40GB MIG 4g.20gb (0),1,,13,"void channel_eq::eqMmseCoefCompLowMimoKernel<float, float, float, (unsigned int)4, (unsigned int)1, (unsigned int)4>(const channel_eq::_puschRxChEqStatDescr *, channel_eq::_puschRxChEqCoefCompDynDescr)"
4434114833,16960,105102,273,1,1,12,11,1,51,0.002,0.000,,,,,NVIDIA A100-SXM4-40GB MIG 4g.20gb (0),1,,13,"void channel_eq::eqMmseSoftDemapKernel<float, __half, __half, float, (unsigned int)4, (unsigned short)16383>(channel_eq::_puschRxChEqStatDescr *, channel_eq::_puschRxChEqSoftDemapDynDescr)"
4434292527,695064,105103,1,1,1,32,32,1,30,0.000,0.000,,,,,NVIDIA A100-SXM4-40GB MIG 4g.20gb (0),1,,13,"void convert_kernel<float2, __half2>(tensor_layout_any, T1 *, tensor_layout_any, const T2 *)"
4435037318,16768,105115,2253,1,1,128,1,1,16,0.000,0.000,,,,,NVIDIA A100-SXM4-40GB MIG 4g.20gb (0),1,,13,cupy_copy__float16_float16
4435055878,3904,105124,282,1,1,128,1,1,16,0.000,0.000,,,,,NVIDIA A100-SXM4-40GB MIG 4g.20gb (0),1,,13,cupy_copy__complex64_complex64
4435061702,2464,105133,26,1,1,128,1,1,16,0.000,0.000,,,,,NVIDIA A100-SXM4-40GB MIG 4g.20gb (0),1,,13,cupy_copy__float32_float32
4435086054,8095,105142,103,1,1,128,1,1,16,0.000,0.000,,,,,NVIDIA A100-SXM4-40GB MIG 4g.20gb (0),1,,13,cupy_copy__complex64_complex64
4435096101,12608,105152,1434,1,1,128,1,1,16,0.000,0.000,,,,,NVIDIA A100-SXM4-40GB MIG 4g.20gb (0),1,,13,cupy_copy__complex64_complex64
4435110085,89887,105157,1,1,1,32,32,1,30,0.000,0.000,,,,,NVIDIA A100-SXM4-40GB MIG 4g.20gb (0),1,,13,"void convert_kernel<__half2, float2>(tensor_layout_any, T1 *, tensor_layout_any, const T2 *)"
4435229476,5600,105160,,,,,,,,,,0.094,16731.388,Pinned,Device,NVIDIA A100-SXM4-40GB MIG 4g.20gb (0),1,,13,[CUDA memcpy Host-to-Device]
4435292163,630841,105161,,,,,,,,,,456.561,723649.882,Device,,NVIDIA A100-SXM4-40GB MIG 4g.20gb (0),1,,13,[CUDA memset]
4435926428,51967,105166,,,,,,,,,,1.235,23762.792,Pinned,Device,NVIDIA A100-SXM4-40GB MIG 4g.20gb (0),1,,13,[CUDA memcpy Host-to-Device]
4435981147,10048,105167,,,,,,,,,,0.197,19566.821,Pinned,Device,NVIDIA A100-SXM4-40GB MIG 4g.20gb (0),1,,13,[CUDA memcpy Host-to-Device]
4436013371,26848,105168,69,4,1,48,1,1,76,0.002,0.000,,,,,NVIDIA A100-SXM4-40GB MIG 4g.20gb (0),1,,13,"void ch_est::windowedChEstPreNoDftSOfdmKernel<float, __half, float, (unsigned int)2, (unsigned int)1, (unsigned short)4>(ch_est::puschRxChEstStatDescr_t *, ch_est::puschRxChEstDynDescr_t *)"
4436078586,22400,105169,137,2,1,24,2,1,44,0.001,0.001,,,,,NVIDIA A100-SXM4-40GB MIG 4g.20gb (0),1,,13,"void ch_est::chEstFilterNoDftSOfdmDispatchKernel<float, __half, float, (unsigned int)2>(ch_est::puschRxChEstStatDescr_t *, ch_est::puschRxChEstDynDescr_t *)"
4436116058,23007,105170,137,2,1,24,2,1,44,0.001,0.001,,,,,NVIDIA A100-SXM4-40GB MIG 4g.20gb (0),1,,13,"void ch_est::chEstFilterNoDftSOfdmDispatchKernel<float, __half, float, (unsigned int)2>(ch_est::puschRxChEstStatDescr_t *, ch_est::puschRxChEstDynDescr_t *)"
4436179289,9056,105181,103,1,1,128,1,1,16,0.000,0.000,,,,,NVIDIA A100-SXM4-40GB MIG 4g.20gb (0),1,,13,cupy_copy__complex64_complex64
4436212537,16287,105191,1434,1,1,128,1,1,16,0.000,0.000,,,,,NVIDIA A100-SXM4-40GB MIG 4g.20gb (0),1,,13,cupy_copy__complex64_complex64
4436279832,8544,105198,103,1,1,128,1,1,16,0.000,0.000,,,,,NVIDIA A100-SXM4-40GB MIG 4g.20gb (0),1,,13,cupy_copy__complex64_complex64
4436314263,246941,105205,1,1,1,32,32,1,30,0.000,0.000,,,,,NVIDIA A100-SXM4-40GB MIG 4g.20gb (0),1,,13,"void convert_kernel<__half2, float2>(tensor_layout_any, T1 *, tensor_layout_any, const T2 *)"
4436590708,5568,105208,,,,,,,,,,0.094,16827.521,Pinned,Device,NVIDIA A100-SXM4-40GB MIG 4g.20gb (0),1,,13,[CUDA memcpy Host-to-Device]
4436662579,60480,105209,,,,,,,,,,35.810,592081.217,Device,,NVIDIA A100-SXM4-40GB MIG 4g.20gb (0),1,,13,[CUDA memset]
4436731283,2368,105211,,,,,,,,,,0.000,33.784,Pinned,Device,NVIDIA A100-SXM4-40GB MIG 4g.20gb (0),1,,13,[CUDA memcpy Host-to-Device]
4436736274,9376,105212,,,,,,,,,,0.197,20969.226,Pinned,Device,NVIDIA A100-SXM4-40GB MIG 4g.20gb (0),1,,13,[CUDA memcpy Host-to-Device]
4436819314,25279,105213,273,1,1,48,1,1,40,0.000,0.001,,,,,NVIDIA A100-SXM4-40GB MIG 4g.20gb (0),1,,13,"void pusch_noise_intf_est::noiseIntfEstNoDftSOfdmKernel<float, __half, float, float, (unsigned int)2, (unsigned int)1, (unsigned char)4, (unsigned char)4>(pusch_noise_intf_est::puschRxNoiseIntfEstDynDescr)"
4436852689,8640,105224,35,1,1,128,1,1,16,0.000,0.000,,,,,NVIDIA A100-SXM4-40GB MIG 4g.20gb (0),1,,13,cupy_copy__complex64_complex64
4436914992,6912,105233,1,1,1,1,1,1,18,0.000,0.000,,,,,NVIDIA A100-SXM4-40GB MIG 4g.20gb (0),1,,13,cupy_copy__float32_float32
4436926896,2304,105239,,,,,,,,,,0.000,1.736,Device,Pageable,NVIDIA A100-SXM4-40GB MIG 4g.20gb (0),1,,7,[CUDA memcpy Device-to-Host]
4437015023,17184,105250,1434,1,1,128,1,1,16,0.000,0.000,,,,,NVIDIA A100-SXM4-40GB MIG 4g.20gb (0),1,,13,cupy_copy__complex64_complex64
4437053327,5856,105257,103,1,1,128,1,1,16,0.000,0.000,,,,,NVIDIA A100-SXM4-40GB MIG 4g.20gb (0),1,,13,cupy_copy__complex64_complex64
4437113902,8544,105264,35,1,1,128,1,1,16,0.000,0.000,,,,,NVIDIA A100-SXM4-40GB MIG 4g.20gb (0),1,,13,cupy_copy__complex64_complex64
4437149486,4032,105271,1,1,1,1,1,1,18,0.000,0.000,,,,,NVIDIA A100-SXM4-40GB MIG 4g.20gb (0),1,,13,cupy_copy__float32_float32
4437264236,253245,105282,1,1,1,32,32,1,30,0.000,0.000,,,,,NVIDIA A100-SXM4-40GB MIG 4g.20gb (0),1,,13,"void convert_kernel<__half2, float2>(tensor_layout_any, T1 *, tensor_layout_any, const T2 *)"
4437547305,5376,105285,,,,,,,,,,0.094,17428.487,Pinned,Device,NVIDIA A100-SXM4-40GB MIG 4g.20gb (0),1,,13,[CUDA memcpy Host-to-Device]
4437592105,12479,105286,,,,,,,,,,1.547,123937.168,Device,,NVIDIA A100-SXM4-40GB MIG 4g.20gb (0),1,,13,[CUDA memset]
4437607816,4640,105291,,,,,,,,,,0.031,6744.820,Pinned,Device,NVIDIA A100-SXM4-40GB MIG 4g.20gb (0),1,,13,[CUDA memcpy Host-to-Device]
4437614920,9504,105292,,,,,,,,,,0.197,20686.701,Pinned,Device,NVIDIA A100-SXM4-40GB MIG 4g.20gb (0),1,,13,[CUDA memcpy Host-to-Device]
4437659272,27999,105293,273,1,1,8,4,1,39,0.002,0.000,,,,,NVIDIA A100-SXM4-40GB MIG 4g.20gb (0),1,,13,"void channel_eq::eqMmseCoefCompLowMimoKernel<float, float, float, (unsigned int)4, (unsigned int)1, (unsigned int)4>(const channel_eq::_puschRxChEqStatDescr *, channel_eq::_puschRxChEqCoefCompDynDescr)"
4437707591,26816,105294,273,1,1,12,11,1,51,0.002,0.000,,,,,NVIDIA A100-SXM4-40GB MIG 4g.20gb (0),1,,13,"void channel_eq::eqMmseSoftDemapKernel<float, __half, __half, float, (unsigned int)4, (unsigned short)16383>(channel_eq::_puschRxChEqStatDescr *, channel_eq::_puschRxChEqSoftDemapDynDescr)"
4437781286,603193,105295,1,1,1,32,32,1,30,0.000,0.000,,,,,NVIDIA A100-SXM4-40GB MIG 4g.20gb (0),1,,13,"void convert_kernel<float2, __half2>(tensor_layout_any, T1 *, tensor_layout_any, const T2 *)"
4438436895,17280,105307,2253,1,1,128,1,1,16,0.000,0.000,,,,,NVIDIA A100-SXM4-40GB MIG 4g.20gb (0),1,,13,cupy_copy__float16_float16
4438616125,14624,105316,282,1,1,128,1,1,16,0.000,0.000,,,,,NVIDIA A100-SXM4-40GB MIG 4g.20gb (0),1,,13,cupy_copy__complex64_complex64
4438653980,8992,105325,26,1,1,128,1,1,16,0.000,0.000,,,,,NVIDIA A100-SXM4-40GB MIG 4g.20gb (0),1,,13,cupy_copy__float32_float32
4438834266,11168,105334,103,1,1,128,1,1,16,0.000,0.000,,,,,NVIDIA A100-SXM4-40GB MIG 4g.20gb (0),1,,13,cupy_copy__complex64_complex64
4438939865,18688,105344,1434,1,1,128,1,1,16,0.000,0.000,,,,,NVIDIA A100-SXM4-40GB MIG 4g.20gb (0),1,,13,cupy_copy__complex64_complex64
4439102103,257085,105349,1,1,1,32,32,1,30,0.000,0.000,,,,,NVIDIA A100-SXM4-40GB MIG 4g.20gb (0),1,,13,"void convert_kernel<__half2, float2>(tensor_layout_any, T1 *, tensor_layout_any, const T2 *)"
4439394196,5824,105352,,,,,,,,,,0.094,16087.884,Pinned,Device,NVIDIA A100-SXM4-40GB MIG 4g.20gb (0),1,,13,[CUDA memcpy Host-to-Device]
4439547346,633273,105353,,,,,,,,,,456.561,720910.514,Device,,NVIDIA A100-SXM4-40GB MIG 4g.20gb (0),1,,13,[CUDA memset]
4440186571,53311,105358,,,,,,,,,,1.235,23163.845,Pinned,Device,NVIDIA A100-SXM4-40GB MIG 4g.20gb (0),1,,13,[CUDA memcpy Host-to-Device]
4440242378,10176,105359,,,,,,,,,,0.197,19320.668,Pinned,Device,NVIDIA A100-SXM4-40GB MIG 4g.20gb (0),1,,13,[CUDA memcpy Host-to-Device]
4440457576,17439,105360,69,4,1,48,1,1,76,0.002,0.000,,,,,NVIDIA A100-SXM4-40GB MIG 4g.20gb (0),1,,13,"void ch_est::windowedChEstPreNoDftSOfdmKernel<float, __half, float, (unsigned int)2, (unsigned int)1, (unsigned short)4>(ch_est::puschRxChEstStatDescr_t *, ch_est::puschRxChEstDynDescr_t *)"
4440624966,34463,105361,137,2,1,24,2,1,44,0.001,0.001,,,,,NVIDIA A100-SXM4-40GB MIG 4g.20gb (0),1,,13,"void ch_est::chEstFilterNoDftSOfdmDispatchKernel<float, __half, float, (unsigned int)2>(ch_est::puschRxChEstStatDescr_t *, ch_est::puschRxChEstDynDescr_t *)"
4440820707,10944,105362,137,2,1,24,2,1,44,0.001,0.001,,,,,NVIDIA A100-SXM4-40GB MIG 4g.20gb (0),1,,13,"void ch_est::chEstFilterNoDftSOfdmDispatchKernel<float, __half, float, (unsigned int)2>(ch_est::puschRxChEstStatDescr_t *, ch_est::puschRxChEstDynDescr_t *)"
4440917474,7840,105373,103,1,1,128,1,1,16,0.000,0.000,,,,,NVIDIA A100-SXM4-40GB MIG 4g.20gb (0),1,,13,cupy_copy__complex64_complex64
4441074976,28992,105383,1434,1,1,128,1,1,16,0.000,0.000,,,,,NVIDIA A100-SXM4-40GB MIG 4g.20gb (0),1,,13,cupy_copy__complex64_complex64
4441279230,4832,105390,103,1,1,128,1,1,16,0.000,0.000,,,,,NVIDIA A100-SXM4-40GB MIG 4g.20gb (0),1,,13,cupy_copy__complex64_complex64
4441383709,245853,105397,1,1,1,32,32,1,30,0.000,0.000,,,,,NVIDIA A100-SXM4-40GB MIG 4g.20gb (0),1,,13,"void convert_kernel<__half2, float2>(tensor_layout_any, T1 *, tensor_layout_any, const T2 *)"
4441659930,5408,105400,,,,,,,,,,0.094,17325.421,Pinned,Device,NVIDIA A100-SXM4-40GB MIG 4g.20gb (0),1,,13,[CUDA memcpy Host-to-Device]
4441723641,65183,105401,,,,,,,,,,35.810,549359.983,Device,,NVIDIA A100-SXM4-40GB MIG 4g.20gb (0),1,,13,[CUDA memset]
4441792152,2592,105403,,,,,,,,,,0.000,30.864,Pinned,Device,NVIDIA A100-SXM4-40GB MIG 4g.20gb (0),1,,13,[CUDA memcpy Host-to-Device]
4441797176,9312,105404,,,,,,,,,,0.197,21113.340,Pinned,Device,NVIDIA A100-SXM4-40GB MIG 4g.20gb (0),1,,13,[CUDA memcpy Host-to-Device]
4441875703,34112,105405,273,1,1,48,1,1,40,0.000,0.001,,,,,NVIDIA A100-SXM4-40GB MIG 4g.20gb (0),1,,13,"void pusch_noise_intf_est::noiseIntfEstNoDftSOfdmKernel<float, __half, float, float, (unsigned int)2, (unsigned int)1, (unsigned char)4, (unsigned char)4>(pusch_noise_intf_est::puschRxNoiseIntfEstDynDescr)"
4441948374,8224,105416,35,1,1,128,1,1,16,0.000,0.000,,,,,NVIDIA A100-SXM4-40GB MIG 4g.20gb (0),1,,13,cupy_copy__complex64_complex64
4441980790,4640,105425,1,1,1,1,1,1,18,0.000,0.000,,,,,NVIDIA A100-SXM4-40GB MIG 4g.20gb (0),1,,13,cupy_copy__float32_float32
4441986710,1600,105431,,,,,,,,,,0.000,2.500,Device,Pageable,NVIDIA A100-SXM4-40GB MIG 4g.20gb (0),1,,7,[CUDA memcpy Device-to-Host]
4442083829,19424,105442,1434,1,1,128,1,1,16,0.000,0.000,,,,,NVIDIA A100-SXM4-40GB MIG 4g.20gb (0),1,,13,cupy_copy__complex64_complex64
4442152692,7520,105449,103,1,1,128,1,1,16,0.000,0.000,,,,,NVIDIA A100-SXM4-40GB MIG 4g.20gb (0),1,,13,cupy_copy__complex64_complex64
4442186836,8415,105456,35,1,1,128,1,1,16,0.000,0.000,,,,,NVIDIA A100-SXM4-40GB MIG 4g.20gb (0),1,,13,cupy_copy__complex64_complex64
4442249907,4512,105463,1,1,1,1,1,1,18,0.000,0.000,,,,,NVIDIA A100-SXM4-40GB MIG 4g.20gb (0),1,,13,cupy_copy__float32_float32
4442289554,257405,105474,1,1,1,32,32,1,30,0.000,0.000,,,,,NVIDIA A100-SXM4-40GB MIG 4g.20gb (0),1,,13,"void convert_kernel<__half2, float2>(tensor_layout_any, T1 *, tensor_layout_any, const T2 *)"
4442578063,5408,105477,,,,,,,,,,0.094,17325.421,Pinned,Device,NVIDIA A100-SXM4-40GB MIG 4g.20gb (0),1,,13,[CUDA memcpy Host-to-Device]
4442593711,11424,105478,,,,,,,,,,1.547,135383.732,Device,,NVIDIA A100-SXM4-40GB MIG 4g.20gb (0),1,,13,[CUDA memset]
4442611023,3040,105483,,,,,,,,,,0.031,10294.725,Pinned,Device,NVIDIA A100-SXM4-40GB MIG 4g.20gb (0),1,,13,[CUDA memcpy Host-to-Device]
4442616495,9344,105484,,,,,,,,,,0.197,21040.988,Pinned,Device,NVIDIA A100-SXM4-40GB MIG 4g.20gb (0),1,,13,[CUDA memcpy Host-to-Device]
4442652398,29760,105485,273,1,1,8,4,1,39,0.002,0.000,,,,,NVIDIA A100-SXM4-40GB MIG 4g.20gb (0),1,,13,"void channel_eq::eqMmseCoefCompLowMimoKernel<float, float, float, (unsigned int)4, (unsigned int)1, (unsigned int)4>(const channel_eq::_puschRxChEqStatDescr *, channel_eq::_puschRxChEqCoefCompDynDescr)"
4442700270,30687,105486,273,1,1,12,11,1,51,0.002,0.000,,,,,NVIDIA A100-SXM4-40GB MIG 4g.20gb (0),1,,13,"void channel_eq::eqMmseSoftDemapKernel<float, __half, __half, float, (unsigned int)4, (unsigned short)16383>(channel_eq::_puschRxChEqStatDescr *, channel_eq::_puschRxChEqSoftDemapDynDescr)"
4442777965,564313,105487,1,1,1,32,32,1,30,0.000,0.000,,,,,NVIDIA A100-SXM4-40GB MIG 4g.20gb (0),1,,13,"void convert_kernel<float2, __half2>(tensor_layout_any, T1 *, tensor_layout_any, const T2 *)"
4443408389,18848,105499,2253,1,1,128,1,1,16,0.000,0.000,,,,,NVIDIA A100-SXM4-40GB MIG 4g.20gb (0),1,,13,cupy_copy__float16_float16
4443471717,13216,105508,282,1,1,128,1,1,16,0.000,0.000,,,,,NVIDIA A100-SXM4-40GB MIG 4g.20gb (0),1,,13,cupy_copy__complex64_complex64
4443502852,7104,105517,26,1,1,128,1,1,16,0.000,0.000,,,,,NVIDIA A100-SXM4-40GB MIG 4g.20gb (0),1,,13,cupy_copy__float32_float32
4443561252,11552,105526,103,1,1,128,1,1,16,0.000,0.000,,,,,NVIDIA A100-SXM4-40GB MIG 4g.20gb (0),1,,13,cupy_copy__complex64_complex64
4443593923,18400,105536,1434,1,1,128,1,1,16,0.000,0.000,,,,,NVIDIA A100-SXM4-40GB MIG 4g.20gb (0),1,,13,cupy_copy__complex64_complex64
4443664867,255325,105541,1,1,1,32,32,1,30,0.000,0.000,,,,,NVIDIA A100-SXM4-40GB MIG 4g.20gb (0),1,,13,"void convert_kernel<__half2, float2>(tensor_layout_any, T1 *, tensor_layout_any, const T2 *)"
4443952639,6752,105544,,,,,,,,,,0.094,13876.752,Pinned,Device,NVIDIA A100-SXM4-40GB MIG 4g.20gb (0),1,,13,[CUDA memcpy Host-to-Device]
4443970431,647961,105545,,,,,,,,,,456.561,704474.302,Device,,NVIDIA A100-SXM4-40GB MIG 4g.20gb (0),1,,13,[CUDA memset]
4444624119,55616,105550,,,,,,,,,,1.235,22204.293,Pinned,Device,NVIDIA A100-SXM4-40GB MIG 4g.20gb (0),1,,13,[CUDA memcpy Host-to-Device]
4444682967,11680,105551,,,,,,,,,,0.197,16832.791,Pinned,Device,NVIDIA A100-SXM4-40GB MIG 4g.20gb (0),1,,13,[CUDA memcpy Host-to-Device]
4444839445,27040,105552,69,4,1,48,1,1,76,0.002,0.000,,,,,NVIDIA A100-SXM4-40GB MIG 4g.20gb (0),1,,13,"void ch_est::windowedChEstPreNoDftSOfdmKernel<float, __half, float, (unsigned int)2, (unsigned int)1, (unsigned short)4>(ch_est::puschRxChEstStatDescr_t *, ch_est::puschRxChEstDynDescr_t *)"
4444883028,37024,105553,137,2,1,24,2,1,44,0.001,0.001,,,,,NVIDIA A100-SXM4-40GB MIG 4g.20gb (0),1,,13,"void ch_est::chEstFilterNoDftSOfdmDispatchKernel<float, __half, float, (unsigned int)2>(ch_est::puschRxChEstStatDescr_t *, ch_est::puschRxChEstDynDescr_t *)"
4445015315,15936,105554,137,2,1,24,2,1,44,0.001,0.001,,,,,NVIDIA A100-SXM4-40GB MIG 4g.20gb (0),1,,13,"void ch_est::chEstFilterNoDftSOfdmDispatchKernel<float, __half, float, (unsigned int)2>(ch_est::puschRxChEstStatDescr_t *, ch_est::puschRxChEstDynDescr_t *)"
4445113970,8576,105565,103,1,1,128,1,1,16,0.000,0.000,,,,,NVIDIA A100-SXM4-40GB MIG 4g.20gb (0),1,,13,cupy_copy__complex64_complex64
4445217265,21599,105575,1434,1,1,128,1,1,16,0.000,0.000,,,,,NVIDIA A100-SXM4-40GB MIG 4g.20gb (0),1,,13,cupy_copy__complex64_complex64
4445292592,9312,105582,103,1,1,128,1,1,16,0.000,0.000,,,,,NVIDIA A100-SXM4-40GB MIG 4g.20gb (0),1,,13,cupy_copy__complex64_complex64
4445384687,284860,105589,1,1,1,32,32,1,30,0.000,0.000,,,,,NVIDIA A100-SXM4-40GB MIG 4g.20gb (0),1,,13,"void convert_kernel<__half2, float2>(tensor_layout_any, T1 *, tensor_layout_any, const T2 *)"
4445699051,6272,105592,,,,,,,,,,0.094,14938.703,Pinned,Device,NVIDIA A100-SXM4-40GB MIG 4g.20gb (0),1,,13,[CUDA memcpy Host-to-Device]
4445849257,52384,105593,,,,,,,,,,35.810,683575.563,Device,,NVIDIA A100-SXM4-40GB MIG 4g.20gb (0),1,,13,[CUDA memset]
4445904905,3296,105595,,,,,,,,,,0.000,24.272,Pinned,Device,NVIDIA A100-SXM4-40GB MIG 4g.20gb (0),1,,13,[CUDA memcpy Host-to-Device]
4445910665,9535,105596,,,,,,,,,,0.197,20619.461,Pinned,Device,NVIDIA A100-SXM4-40GB MIG 4g.20gb (0),1,,13,[CUDA memcpy Host-to-Device]
4446060423,17312,105597,273,1,1,48,1,1,40,0.000,0.001,,,,,NVIDIA A100-SXM4-40GB MIG 4g.20gb (0),1,,13,"void pusch_noise_intf_est::noiseIntfEstNoDftSOfdmKernel<float, __half, float, float, (unsigned int)2, (unsigned int)1, (unsigned char)4, (unsigned char)4>(pusch_noise_intf_est::puschRxNoiseIntfEstDynDescr)"
4446223301,7072,105608,35,1,1,128,1,1,16,0.000,0.000,,,,,NVIDIA A100-SXM4-40GB MIG 4g.20gb (0),1,,13,cupy_copy__complex64_complex64
4446316196,5632,105617,1,1,1,1,1,1,18,0.000,0.000,,,,,NVIDIA A100-SXM4-40GB MIG 4g.20gb (0),1,,13,cupy_copy__float32_float32
4446323428,1760,105623,,,,,,,,,,0.000,2.273,Device,Pageable,NVIDIA A100-SXM4-40GB MIG 4g.20gb (0),1,,7,[CUDA memcpy Device-to-Host]
4446541697,19712,105634,1434,1,1,128,1,1,16,0.000,0.000,,,,,NVIDIA A100-SXM4-40GB MIG 4g.20gb (0),1,,13,cupy_copy__complex64_complex64
4446715359,6496,105641,103,1,1,128,1,1,16,0.000,0.000,,,,,NVIDIA A100-SXM4-40GB MIG 4g.20gb (0),1,,13,cupy_copy__complex64_complex64
4446807134,8416,105648,35,1,1,128,1,1,16,0.000,0.000,,,,,NVIDIA A100-SXM4-40GB MIG 4g.20gb (0),1,,13,cupy_copy__complex64_complex64
4446931005,5056,105655,1,1,1,1,1,1,18,0.000,0.000,,,,,NVIDIA A100-SXM4-40GB MIG 4g.20gb (0),1,,13,cupy_copy__float32_float32
4446964444,263421,105666,1,1,1,32,32,1,30,0.000,0.000,,,,,NVIDIA A100-SXM4-40GB MIG 4g.20gb (0),1,,13,"void convert_kernel<__half2, float2>(tensor_layout_any, T1 *, tensor_layout_any, const T2 *)"
4447260089,5408,105669,,,,,,,,,,0.094,17325.421,Pinned,Device,NVIDIA A100-SXM4-40GB MIG 4g.20gb (0),1,,13,[CUDA memcpy Host-to-Device]
4447323064,11712,105670,,,,,,,,,,1.547,132053.850,Device,,NVIDIA A100-SXM4-40GB MIG 4g.20gb (0),1,,13,[CUDA memset]
4447338360,3776,105675,,,,,,,,,,0.031,8288.120,Pinned,Device,NVIDIA A100-SXM4-40GB MIG 4g.20gb (0),1,,13,[CUDA memcpy Host-to-Device]
4447345880,9888,105676,,,,,,,,,,0.197,19883.360,Pinned,Device,NVIDIA A100-SXM4-40GB MIG 4g.20gb (0),1,,13,[CUDA memcpy Host-to-Device]
4447417495,27168,105677,273,1,1,8,4,1,39,0.002,0.000,,,,,NVIDIA A100-SXM4-40GB MIG 4g.20gb (0),1,,13,"void channel_eq::eqMmseCoefCompLowMimoKernel<float, float, float, (unsigned int)4, (unsigned int)1, (unsigned int)4>(const channel_eq::_puschRxChEqStatDescr *, channel_eq::_puschRxChEqCoefCompDynDescr)"
4447484406,22720,105678,273,1,1,12,11,1,51,0.002,0.000,,,,,NVIDIA A100-SXM4-40GB MIG 4g.20gb (0),1,,13,"void channel_eq::eqMmseSoftDemapKernel<float, __half, __half, float, (unsigned int)4, (unsigned short)16383>(channel_eq::_puschRxChEqStatDescr *, channel_eq::_puschRxChEqSoftDemapDynDescr)"
4447524566,610713,105679,1,1,1,32,32,1,30,0.000,0.000,,,,,NVIDIA A100-SXM4-40GB MIG 4g.20gb (0),1,,13,"void convert_kernel<float2, __half2>(tensor_layout_any, T1 *, tensor_layout_any, const T2 *)"
4448151247,18432,105691,2253,1,1,128,1,1,16,0.000,0.000,,,,,NVIDIA A100-SXM4-40GB MIG 4g.20gb (0),1,,13,cupy_copy__float16_float16
4448215758,13120,105700,282,1,1,128,1,1,16,0.000,0.000,,,,,NVIDIA A100-SXM4-40GB MIG 4g.20gb (0),1,,13,cupy_copy__complex64_complex64
4448246606,8256,105709,26,1,1,128,1,1,16,0.000,0.000,,,,,NVIDIA A100-SXM4-40GB MIG 4g.20gb (0),1,,13,cupy_copy__float32_float32
4448304525,11712,105718,103,1,1,128,1,1,16,0.000,0.000,,,,,NVIDIA A100-SXM4-40GB MIG 4g.20gb (0),1,,13,cupy_copy__complex64_complex64
4448354732,18496,105728,1434,1,1,128,1,1,16,0.000,0.000,,,,,NVIDIA A100-SXM4-40GB MIG 4g.20gb (0),1,,13,cupy_copy__complex64_complex64
4448428204,259837,105733,1,1,1,32,32,1,30,0.000,0.000,,,,,NVIDIA A100-SXM4-40GB MIG 4g.20gb (0),1,,13,"void convert_kernel<__half2, float2>(tensor_layout_any, T1 *, tensor_layout_any, const T2 *)"
4448718504,5376,105736,,,,,,,,,,0.094,17428.487,Pinned,Device,NVIDIA A100-SXM4-40GB MIG 4g.20gb (0),1,,13,[CUDA memcpy Host-to-Device]
4448740584,629849,105737,,,,,,,,,,456.561,724563.005,Device,,NVIDIA A100-SXM4-40GB MIG 4g.20gb (0),1,,13,[CUDA memset]
4449373281,51423,105742,,,,,,,,,,1.235,24014.721,Pinned,Device,NVIDIA A100-SXM4-40GB MIG 4g.20gb (0),1,,13,[CUDA memcpy Host-to-Device]
4449427200,10048,105743,,,,,,,,,,0.197,19566.821,Pinned,Device,NVIDIA A100-SXM4-40GB MIG 4g.20gb (0),1,,13,[CUDA memcpy Host-to-Device]
4449459424,29247,105744,69,4,1,48,1,1,76,0.002,0.000,,,,,NVIDIA A100-SXM4-40GB MIG 4g.20gb (0),1,,13,"void ch_est::windowedChEstPreNoDftSOfdmKernel<float, __half, float, (unsigned int)2, (unsigned int)1, (unsigned short)4>(ch_est::puschRxChEstStatDescr_t *, ch_est::puschRxChEstDynDescr_t *)"
4449525759,18880,105745,137,2,1,24,2,1,44,0.001,0.001,,,,,NVIDIA A100-SXM4-40GB MIG 4g.20gb (0),1,,13,"void ch_est::chEstFilterNoDftSOfdmDispatchKernel<float, __half, float, (unsigned int)2>(ch_est::puschRxChEstStatDescr_t *, ch_est::puschRxChEstDynDescr_t *)"
4449566366,29920,105746,137,2,1,24,2,1,44,0.001,0.001,,,,,NVIDIA A100-SXM4-40GB MIG 4g.20gb (0),1,,13,"void ch_est::chEstFilterNoDftSOfdmDispatchKernel<float, __half, float, (unsigned int)2>(ch_est::puschRxChEstStatDescr_t *, ch_est::puschRxChEstDynDescr_t *)"
4449631806,9824,105757,103,1,1,128,1,1,16,0.000,0.000,,,,,NVIDIA A100-SXM4-40GB MIG 4g.20gb (0),1,,13,cupy_copy__complex64_complex64
4449665981,18016,105767,1434,1,1,128,1,1,16,0.000,0.000,,,,,NVIDIA A100-SXM4-40GB MIG 4g.20gb (0),1,,13,cupy_copy__complex64_complex64
4449735740,7616,105774,103,1,1,128,1,1,16,0.000,0.000,,,,,NVIDIA A100-SXM4-40GB MIG 4g.20gb (0),1,,13,cupy_copy__complex64_complex64
4449772252,261885,105781,1,1,1,32,32,1,30,0.000,0.000,,,,,NVIDIA A100-SXM4-40GB MIG 4g.20gb (0),1,,13,"void convert_kernel<__half2, float2>(tensor_layout_any, T1 *, tensor_layout_any, const T2 *)"
4450067225,7424,105784,,,,,,,,,,0.094,12620.664,Pinned,Device,NVIDIA A100-SXM4-40GB MIG 4g.20gb (0),1,,13,[CUDA memcpy Host-to-Device]
4450129592,60063,105785,,,,,,,,,,35.810,596199.358,Device,,NVIDIA A100-SXM4-40GB MIG 4g.20gb (0),1,,13,[CUDA memset]
4450195287,2720,105787,,,,,,,,,,0.000,29.412,Pinned,Device,NVIDIA A100-SXM4-40GB MIG 4g.20gb (0),1,,13,[CUDA memcpy Host-to-Device]
4450201591,9472,105788,,,,,,,,,,0.197,20756.693,Pinned,Device,NVIDIA A100-SXM4-40GB MIG 4g.20gb (0),1,,13,[CUDA memcpy Host-to-Device]
4450413237,30271,105789,273,1,1,48,1,1,40,0.000,0.001,,,,,NVIDIA A100-SXM4-40GB MIG 4g.20gb (0),1,,13,"void pusch_noise_intf_est::noiseIntfEstNoDftSOfdmKernel<float, __half, float, float, (unsigned int)2, (unsigned int)1, (unsigned char)4, (unsigned char)4>(pusch_noise_intf_est::puschRxNoiseIntfEstDynDescr)"
4450450612,10656,105800,35,1,1,128,1,1,16,0.000,0.000,,,,,NVIDIA A100-SXM4-40GB MIG 4g.20gb (0),1,,13,cupy_copy__complex64_complex64
4450634578,4288,105809,1,1,1,1,1,1,18,0.000,0.000,,,,,NVIDIA A100-SXM4-40GB MIG 4g.20gb (0),1,,13,cupy_copy__float32_float32
4450644530,1728,105815,,,,,,,,,,0.000,2.315,Device,Pageable,NVIDIA A100-SXM4-40GB MIG 4g.20gb (0),1,,7,[CUDA memcpy Device-to-Host]
4450764689,19711,105826,1434,1,1,128,1,1,16,0.000,0.000,,,,,NVIDIA A100-SXM4-40GB MIG 4g.20gb (0),1,,13,cupy_copy__complex64_complex64
4450832016,8512,105833,103,1,1,128,1,1,16,0.000,0.000,,,,,NVIDIA A100-SXM4-40GB MIG 4g.20gb (0),1,,13,cupy_copy__complex64_complex64
4450865423,8032,105840,35,1,1,128,1,1,16,0.000,0.000,,,,,NVIDIA A100-SXM4-40GB MIG 4g.20gb (0),1,,13,cupy_copy__complex64_complex64
4450946094,4640,105847,1,1,1,1,1,1,18,0.000,0.000,,,,,NVIDIA A100-SXM4-40GB MIG 4g.20gb (0),1,,13,cupy_copy__float32_float32
4450995118,251805,105858,1,1,1,32,32,1,30,0.000,0.000,,,,,NVIDIA A100-SXM4-40GB MIG 4g.20gb (0),1,,13,"void convert_kernel<__half2, float2>(tensor_layout_any, T1 *, tensor_layout_any, const T2 *)"
4451278027,5408,105861,,,,,,,,,,0.094,17325.421,Pinned,Device,NVIDIA A100-SXM4-40GB MIG 4g.20gb (0),1,,13,[CUDA memcpy Host-to-Device]
4451325738,10528,105862,,,,,,,,,,1.547,146904.534,Device,,NVIDIA A100-SXM4-40GB MIG 4g.20gb (0),1,,13,[CUDA memset]
4451344938,3040,105867,,,,,,,,,,0.031,10294.725,Pinned,Device,NVIDIA A100-SXM4-40GB MIG 4g.20gb (0),1,,13,[CUDA memcpy Host-to-Device]
4451351914,10208,105868,,,,,,,,,,0.197,19260.113,Pinned,Device,NVIDIA A100-SXM4-40GB MIG 4g.20gb (0),1,,13,[CUDA memcpy Host-to-Device]
4451414665,25248,105869,273,1,1,8,4,1,39,0.002,0.000,,,,,NVIDIA A100-SXM4-40GB MIG 4g.20gb (0),1,,13,"void channel_eq::eqMmseCoefCompLowMimoKernel<float, float, float, (unsigned int)4, (unsigned int)1, (unsigned int)4>(const channel_eq::_puschRxChEqStatDescr *, channel_eq::_puschRxChEqCoefCompDynDescr)"
4451462985,28607,105870,273,1,1,12,11,1,51,0.002,0.000,,,,,NVIDIA A100-SXM4-40GB MIG 4g.20gb (0),1,,13,"void channel_eq::eqMmseSoftDemapKernel<float, __half, __half, float, (unsigned int)4, (unsigned short)16383>(channel_eq::_puschRxChEqStatDescr *, channel_eq::_puschRxChEqSoftDemapDynDescr)"
4451538952,609817,105871,1,1,1,32,32,1,30,0.000,0.000,,,,,NVIDIA A100-SXM4-40GB MIG 4g.20gb (0),1,,13,"void convert_kernel<float2, __half2>(tensor_layout_any, T1 *, tensor_layout_any, const T2 *)"
4452188448,18688,105883,2253,1,1,128,1,1,16,0.000,0.000,,,,,NVIDIA A100-SXM4-40GB MIG 4g.20gb (0),1,,13,cupy_copy__float16_float16
4452254879,13568,105892,282,1,1,128,1,1,16,0.000,0.000,,,,,NVIDIA A100-SXM4-40GB MIG 4g.20gb (0),1,,13,cupy_copy__complex64_complex64
4452287007,6688,105901,26,1,1,128,1,1,16,0.000,0.000,,,,,NVIDIA A100-SXM4-40GB MIG 4g.20gb (0),1,,13,cupy_copy__float32_float32
4452345278,12128,105910,103,1,1,128,1,1,16,0.000,0.000,,,,,NVIDIA A100-SXM4-40GB MIG 4g.20gb (0),1,,13,cupy_copy__complex64_complex64
4452467869,17920,105926,1434,1,1,128,1,1,16,0.000,0.000,,,,,NVIDIA A100-SXM4-40GB MIG 4g.20gb (0),1,,13,cupy_copy__complex64_complex64
4452604891,255229,105931,1,1,1,32,32,1,30,0.000,0.000,,,,,NVIDIA A100-SXM4-40GB MIG 4g.20gb (0),1,,13,"void convert_kernel<__half2, float2>(tensor_layout_any, T1 *, tensor_layout_any, const T2 *)"
4452890008,5376,105934,,,,,,,,,,0.094,17428.487,Pinned,Device,NVIDIA A100-SXM4-40GB MIG 4g.20gb (0),1,,13,[CUDA memcpy Host-to-Device]
4452943479,631225,105935,,,,,,,,,,456.561,723193.321,Device,,NVIDIA A100-SXM4-40GB MIG 4g.20gb (0),1,,13,[CUDA memset]
4453575408,51296,105940,,,,,,,,,,1.235,24073.998,Pinned,Device,NVIDIA A100-SXM4-40GB MIG 4g.20gb (0),1,,13,[CUDA memcpy Host-to-Device]
4453629456,10399,105941,,,,,,,,,,0.197,18906.415,Pinned,Device,NVIDIA A100-SXM4-40GB MIG 4g.20gb (0),1,,13,[CUDA memcpy Host-to-Device]
4453671247,22080,105942,69,4,1,48,1,1,76,0.002,0.000,,,,,NVIDIA A100-SXM4-40GB MIG 4g.20gb (0),1,,13,"void ch_est::windowedChEstPreNoDftSOfdmKernel<float, __half, float, (unsigned int)2, (unsigned int)1, (unsigned short)4>(ch_est::puschRxChEstStatDescr_t *, ch_est::puschRxChEstDynDescr_t *)"
4453707983,28895,105943,137,2,1,24,2,1,44,0.001,0.001,,,,,NVIDIA A100-SXM4-40GB MIG 4g.20gb (0),1,,13,"void ch_est::chEstFilterNoDftSOfdmDispatchKernel<float, __half, float, (unsigned int)2>(ch_est::puschRxChEstStatDescr_t *, ch_est::puschRxChEstDynDescr_t *)"
4453772462,25056,105944,137,2,1,24,2,1,44,0.001,0.001,,,,,NVIDIA A100-SXM4-40GB MIG 4g.20gb (0),1,,13,"void ch_est::chEstFilterNoDftSOfdmDispatchKernel<float, __half, float, (unsigned int)2>(ch_est::puschRxChEstStatDescr_t *, ch_est::puschRxChEstDynDescr_t *)"
4453812333,7168,105955,103,1,1,128,1,1,16,0.000,0.000,,,,,NVIDIA A100-SXM4-40GB MIG 4g.20gb (0),1,,13,cupy_copy__complex64_complex64
4453878189,17151,105965,1434,1,1,128,1,1,16,0.000,0.000,,,,,NVIDIA A100-SXM4-40GB MIG 4g.20gb (0),1,,13,cupy_copy__complex64_complex64
4453918508,6432,105972,103,1,1,128,1,1,16,0.000,0.000,,,,,NVIDIA A100-SXM4-40GB MIG 4g.20gb (0),1,,13,cupy_copy__complex64_complex64
4453985163,253181,105979,1,1,1,32,32,1,30,0.000,0.000,,,,,NVIDIA A100-SXM4-40GB MIG 4g.20gb (0),1,,13,"void convert_kernel<__half2, float2>(tensor_layout_any, T1 *, tensor_layout_any, const T2 *)"
4454271112,5408,105982,,,,,,,,,,0.094,17325.421,Pinned,Device,NVIDIA A100-SXM4-40GB MIG 4g.20gb (0),1,,13,[CUDA memcpy Host-to-Device]
4454297928,62911,105983,,,,,,,,,,35.810,569198.678,Device,,NVIDIA A100-SXM4-40GB MIG 4g.20gb (0),1,,13,[CUDA memset]
4454363431,3264,105985,,,,,,,,,,0.000,24.510,Pinned,Device,NVIDIA A100-SXM4-40GB MIG 4g.20gb (0),1,,13,[CUDA memcpy Host-to-Device]
4454369287,11744,105986,,,,,,,,,,0.197,16740.975,Pinned,Device,NVIDIA A100-SXM4-40GB MIG 4g.20gb (0),1,,13,[CUDA memcpy Host-to-Device]
4454447302,31168,105987,273,1,1,48,1,1,40,0.000,0.001,,,,,NVIDIA A100-SXM4-40GB MIG 4g.20gb (0),1,,13,"void pusch_noise_intf_est::noiseIntfEstNoDftSOfdmKernel<float, __half, float, float, (unsigned int)2, (unsigned int)1, (unsigned char)4, (unsigned char)4>(pusch_noise_intf_est::puschRxNoiseIntfEstDynDescr)"
4454516965,8096,105998,35,1,1,128,1,1,16,0.000,0.000,,,,,NVIDIA A100-SXM4-40GB MIG 4g.20gb (0),1,,13,cupy_copy__complex64_complex64
4454548741,3904,106007,1,1,1,1,1,1,18,0.000,0.000,,,,,NVIDIA A100-SXM4-40GB MIG 4g.20gb (0),1,,13,cupy_copy__float32_float32
4454557829,2784,106013,,,,,,,,,,0.000,1.437,Device,Pageable,NVIDIA A100-SXM4-40GB MIG 4g.20gb (0),1,,7,[CUDA memcpy Device-to-Host]
4454647332,20032,106024,1434,1,1,128,1,1,16,0.000,0.000,,,,,NVIDIA A100-SXM4-40GB MIG 4g.20gb (0),1,,13,cupy_copy__complex64_complex64
4454716387,9152,106031,103,1,1,128,1,1,16,0.000,0.000,,,,,NVIDIA A100-SXM4-40GB MIG 4g.20gb (0),1,,13,cupy_copy__complex64_complex64
4454749347,9695,106038,35,1,1,128,1,1,16,0.000,0.000,,,,,NVIDIA A100-SXM4-40GB MIG 4g.20gb (0),1,,13,cupy_copy__complex64_complex64
4454828802,5632,106045,1,1,1,1,1,1,18,0.000,0.000,,,,,NVIDIA A100-SXM4-40GB MIG 4g.20gb (0),1,,13,cupy_copy__float32_float32
4454874401,256509,106056,1,1,1,32,32,1,30,0.000,0.000,,,,,NVIDIA A100-SXM4-40GB MIG 4g.20gb (0),1,,13,"void convert_kernel<__half2, float2>(tensor_layout_any, T1 *, tensor_layout_any, const T2 *)"
4455161598,5376,106059,,,,,,,,,,0.094,17428.487,Pinned,Device,NVIDIA A100-SXM4-40GB MIG 4g.20gb (0),1,,13,[CUDA memcpy Host-to-Device]
4455207677,10496,106060,,,,,,,,,,1.547,147353.055,Device,,NVIDIA A100-SXM4-40GB MIG 4g.20gb (0),1,,13,[CUDA memset]
4455220733,3072,106065,,,,,,,,,,0.031,10187.474,Pinned,Device,NVIDIA A100-SXM4-40GB MIG 4g.20gb (0),1,,13,[CUDA memcpy Host-to-Device]
4455226237,9440,106066,,,,,,,,,,0.197,20827.079,Pinned,Device,NVIDIA A100-SXM4-40GB MIG 4g.20gb (0),1,,13,[CUDA memcpy Host-to-Device]
4455300284,29024,106067,273,1,1,8,4,1,39,0.002,0.000,,,,,NVIDIA A100-SXM4-40GB MIG 4g.20gb (0),1,,13,"void channel_eq::eqMmseCoefCompLowMimoKernel<float, float, float, (unsigned int)4, (unsigned int)1, (unsigned int)4>(const channel_eq::_puschRxChEqStatDescr *, channel_eq::_puschRxChEqCoefCompDynDescr)"
4455346268,28543,106068,273,1,1,12,11,1,51,0.002,0.000,,,,,NVIDIA A100-SXM4-40GB MIG 4g.20gb (0),1,,13,"void channel_eq::eqMmseSoftDemapKernel<float, __half, __half, float, (unsigned int)4, (unsigned short)16383>(channel_eq::_puschRxChEqStatDescr *, channel_eq::_puschRxChEqSoftDemapDynDescr)"
4455421275,684536,106069,1,1,1,32,32,1,30,0.000,0.000,,,,,NVIDIA A100-SXM4-40GB MIG 4g.20gb (0),1,,13,"void convert_kernel<float2, __half2>(tensor_layout_any, T1 *, tensor_layout_any, const T2 *)"
4456141651,20063,106081,2253,1,1,128,1,1,16,0.000,0.000,,,,,NVIDIA A100-SXM4-40GB MIG 4g.20gb (0),1,,13,cupy_copy__float16_float16
4456184978,11168,106090,282,1,1,128,1,1,16,0.000,0.000,,,,,NVIDIA A100-SXM4-40GB MIG 4g.20gb (0),1,,13,cupy_copy__complex64_complex64
4456242033,8096,106099,26,1,1,128,1,1,16,0.000,0.000,,,,,NVIDIA A100-SXM4-40GB MIG 4g.20gb (0),1,,13,cupy_copy__float32_float32
4456271665,12992,106108,103,1,1,128,1,1,16,0.000,0.000,,,,,NVIDIA A100-SXM4-40GB MIG 4g.20gb (0),1,,13,cupy_copy__complex64_complex64
4456384592,20799,106118,1434,1,1,128,1,1,16,0.000,0.000,,,,,NVIDIA A100-SXM4-40GB MIG 4g.20gb (0),1,,13,cupy_copy__complex64_complex64
4456429839,251453,106123,1,1,1,32,32,1,30,0.000,0.000,,,,,NVIDIA A100-SXM4-40GB MIG 4g.20gb (0),1,,13,"void convert_kernel<__half2, float2>(tensor_layout_any, T1 *, tensor_layout_any, const T2 *)"
4456712396,5440,106126,,,,,,,,,,0.094,17223.480,Pinned,Device,NVIDIA A100-SXM4-40GB MIG 4g.20gb (0),1,,13,[CUDA memcpy Host-to-Device]
4456771915,633945,106127,,,,,,,,,,456.561,719997.391,Device,,NVIDIA A100-SXM4-40GB MIG 4g.20gb (0),1,,13,[CUDA memset]
4457407716,55359,106132,,,,,,,,,,1.235,22306.793,Pinned,Device,NVIDIA A100-SXM4-40GB MIG 4g.20gb (0),1,,13,[CUDA memcpy Host-to-Device]
4457466851,11488,106133,,,,,,,,,,0.197,17114.137,Pinned,Device,NVIDIA A100-SXM4-40GB MIG 4g.20gb (0),1,,13,[CUDA memcpy Host-to-Device]
4457568226,17376,106134,69,4,1,48,1,1,76,0.002,0.000,,,,,NVIDIA A100-SXM4-40GB MIG 4g.20gb (0),1,,13,"void ch_est::windowedChEstPreNoDftSOfdmKernel<float, __half, float, (unsigned int)2, (unsigned int)1, (unsigned short)4>(ch_est::puschRxChEstStatDescr_t *, ch_est::puschRxChEstDynDescr_t *)"
4457665569,25728,106135,137,2,1,24,2,1,44,0.001,0.001,,,,,NVIDIA A100-SXM4-40GB MIG 4g.20gb (0),1,,13,"void ch_est::chEstFilterNoDftSOfdmDispatchKernel<float, __half, float, (unsigned int)2>(ch_est::puschRxChEstStatDescr_t *, ch_est::puschRxChEstDynDescr_t *)"
4457704224,25312,106136,137,2,1,24,2,1,44,0.001,0.001,,,,,NVIDIA A100-SXM4-40GB MIG 4g.20gb (0),1,,13,"void ch_est::chEstFilterNoDftSOfdmDispatchKernel<float, __half, float, (unsigned int)2>(ch_est::puschRxChEstStatDescr_t *, ch_est::puschRxChEstDynDescr_t *)"
4457769408,8640,106147,103,1,1,128,1,1,16,0.000,0.000,,,,,NVIDIA A100-SXM4-40GB MIG 4g.20gb (0),1,,13,cupy_copy__complex64_complex64
4457802495,18368,106157,1434,1,1,128,1,1,16,0.000,0.000,,,,,NVIDIA A100-SXM4-40GB MIG 4g.20gb (0),1,,13,cupy_copy__complex64_complex64
4457869823,6848,106164,103,1,1,128,1,1,16,0.000,0.000,,,,,NVIDIA A100-SXM4-40GB MIG 4g.20gb (0),1,,13,cupy_copy__complex64_complex64
4457910558,255773,106171,1,1,1,32,32,1,30,0.000,0.000,,,,,NVIDIA A100-SXM4-40GB MIG 4g.20gb (0),1,,13,"void convert_kernel<__half2, float2>(tensor_layout_any, T1 *, tensor_layout_any, const T2 *)"
4458196059,5376,106174,,,,,,,,,,0.094,17428.487,Pinned,Device,NVIDIA A100-SXM4-40GB MIG 4g.20gb (0),1,,13,[CUDA memcpy Host-to-Device]
4458255738,61119,106175,,,,,,,,,,35.810,585886.101,Device,,NVIDIA A100-SXM4-40GB MIG 4g.20gb (0),1,,13,[CUDA memset]
4458321209,2656,106177,,,,,,,,,,0.000,30.120,Pinned,Device,NVIDIA A100-SXM4-40GB MIG 4g.20gb (0),1,,13,[CUDA memcpy Host-to-Device]
4458326489,9856,106178,,,,,,,,,,0.197,19948.044,Pinned,Device,NVIDIA A100-SXM4-40GB MIG 4g.20gb (0),1,,13,[CUDA memcpy Host-to-Device]
4458405880,31392,106179,273,1,1,48,1,1,40,0.000,0.001,,,,,NVIDIA A100-SXM4-40GB MIG 4g.20gb (0),1,,13,"void pusch_noise_intf_est::noiseIntfEstNoDftSOfdmKernel<float, __half, float, float, (unsigned int)2, (unsigned int)1, (unsigned char)4, (unsigned char)4>(pusch_noise_intf_est::puschRxNoiseIntfEstDynDescr)"
4458445016,10944,106190,35,1,1,128,1,1,16,0.000,0.000,,,,,NVIDIA A100-SXM4-40GB MIG 4g.20gb (0),1,,13,cupy_copy__complex64_complex64
4458530583,4928,106199,1,1,1,1,1,1,18,0.000,0.000,,,,,NVIDIA A100-SXM4-40GB MIG 4g.20gb (0),1,,13,cupy_copy__float32_float32
4458539479,1632,106205,,,,,,,,,,0.000,2.451,Device,Pageable,NVIDIA A100-SXM4-40GB MIG 4g.20gb (0),1,,7,[CUDA memcpy Device-to-Host]
4458662037,18304,106216,1434,1,1,128,1,1,16,0.000,0.000,,,,,NVIDIA A100-SXM4-40GB MIG 4g.20gb (0),1,,13,cupy_copy__complex64_complex64
4458705621,5120,106223,103,1,1,128,1,1,16,0.000,0.000,,,,,NVIDIA A100-SXM4-40GB MIG 4g.20gb (0),1,,13,cupy_copy__complex64_complex64
4458767700,7360,106230,35,1,1,128,1,1,16,0.000,0.000,,,,,NVIDIA A100-SXM4-40GB MIG 4g.20gb (0),1,,13,cupy_copy__complex64_complex64
4458800692,3936,106237,1,1,1,1,1,1,18,0.000,0.000,,,,,NVIDIA A100-SXM4-40GB MIG 4g.20gb (0),1,,13,cupy_copy__float32_float32
4458871123,259901,106248,1,1,1,32,32,1,30,0.000,0.000,,,,,NVIDIA A100-SXM4-40GB MIG 4g.20gb (0),1,,13,"void convert_kernel<__half2, float2>(tensor_layout_any, T1 *, tensor_layout_any, const T2 *)"
4459161456,5408,106251,,,,,,,,,,0.094,17325.421,Pinned,Device,NVIDIA A100-SXM4-40GB MIG 4g.20gb (0),1,,13,[CUDA memcpy Host-to-Device]
4459205071,14752,106252,,,,,,,,,,1.547,104841.001,Device,,NVIDIA A100-SXM4-40GB MIG 4g.20gb (0),1,,13,[CUDA memset]
4459220431,3200,106257,,,,,,,,,,0.031,9780.000,Pinned,Device,NVIDIA A100-SXM4-40GB MIG 4g.20gb (0),1,,13,[CUDA memcpy Host-to-Device]
4459226127,9376,106258,,,,,,,,,,0.197,20969.226,Pinned,Device,NVIDIA A100-SXM4-40GB MIG 4g.20gb (0),1,,13,[CUDA memcpy Host-to-Device]
4459278958,32672,106259,273,1,1,8,4,1,39,0.002,0.000,,,,,NVIDIA A100-SXM4-40GB MIG 4g.20gb (0),1,,13,"void channel_eq::eqMmseCoefCompLowMimoKernel<float, float, float, (unsigned int)4, (unsigned int)1, (unsigned int)4>(const channel_eq::_puschRxChEqStatDescr *, channel_eq::_puschRxChEqCoefCompDynDescr)"
4459323790,28223,106260,273,1,1,12,11,1,51,0.002,0.000,,,,,NVIDIA A100-SXM4-40GB MIG 4g.20gb (0),1,,13,"void channel_eq::eqMmseSoftDemapKernel<float, __half, __half, float, (unsigned int)4, (unsigned short)16383>(channel_eq::_puschRxChEqStatDescr *, channel_eq::_puschRxChEqSoftDemapDynDescr)"
4459397741,626041,106261,1,1,1,32,32,1,30,0.000,0.000,,,,,NVIDIA A100-SXM4-40GB MIG 4g.20gb (0),1,,13,"void convert_kernel<float2, __half2>(tensor_layout_any, T1 *, tensor_layout_any, const T2 *)"
4460048677,18528,106273,2253,1,1,128,1,1,16,0.000,0.000,,,,,NVIDIA A100-SXM4-40GB MIG 4g.20gb (0),1,,13,cupy_copy__float16_float16
4460112229,14048,106282,282,1,1,128,1,1,16,0.000,0.000,,,,,NVIDIA A100-SXM4-40GB MIG 4g.20gb (0),1,,13,cupy_copy__complex64_complex64
4460144196,6368,106291,26,1,1,128,1,1,16,0.000,0.000,,,,,NVIDIA A100-SXM4-40GB MIG 4g.20gb (0),1,,13,cupy_copy__float32_float32
4460201988,11776,106300,103,1,1,128,1,1,16,0.000,0.000,,,,,NVIDIA A100-SXM4-40GB MIG 4g.20gb (0),1,,13,cupy_copy__complex64_complex64
4460241635,22112,106310,1434,1,1,128,1,1,16,0.000,0.000,,,,,NVIDIA A100-SXM4-40GB MIG 4g.20gb (0),1,,13,cupy_copy__complex64_complex64
4460319970,263165,106315,1,1,1,32,32,1,30,0.000,0.000,,,,,NVIDIA A100-SXM4-40GB MIG 4g.20gb (0),1,,13,"void convert_kernel<__half2, float2>(tensor_layout_any, T1 *, tensor_layout_any, const T2 *)"
4460613791,5536,106318,,,,,,,,,,0.094,16924.777,Pinned,Device,NVIDIA A100-SXM4-40GB MIG 4g.20gb (0),1,,13,[CUDA memcpy Host-to-Device]
4460684574,632633,106319,,,,,,,,,,456.561,721367.075,Device,,NVIDIA A100-SXM4-40GB MIG 4g.20gb (0),1,,13,[CUDA memset]
4461322391,52671,106324,,,,,,,,,,1.235,23445.412,Pinned,Device,NVIDIA A100-SXM4-40GB MIG 4g.20gb (0),1,,13,[CUDA memcpy Host-to-Device]
4461377526,9728,106325,,,,,,,,,,0.197,20210.516,Pinned,Device,NVIDIA A100-SXM4-40GB MIG 4g.20gb (0),1,,13,[CUDA memcpy Host-to-Device]
4461447221,25088,106326,69,4,1,48,1,1,76,0.002,0.000,,,,,NVIDIA A100-SXM4-40GB MIG 4g.20gb (0),1,,13,"void ch_est::windowedChEstPreNoDftSOfdmKernel<float, __half, float, (unsigned int)2, (unsigned int)1, (unsigned short)4>(ch_est::puschRxChEstStatDescr_t *, ch_est::puschRxChEstDynDescr_t *)"
4461509685,24735,106327,137,2,1,24,2,1,44,0.001,0.001,,,,,NVIDIA A100-SXM4-40GB MIG 4g.20gb (0),1,,13,"void ch_est::chEstFilterNoDftSOfdmDispatchKernel<float, __half, float, (unsigned int)2>(ch_est::puschRxChEstStatDescr_t *, ch_est::puschRxChEstDynDescr_t *)"
4461548596,26912,106328,137,2,1,24,2,1,44,0.001,0.001,,,,,NVIDIA A100-SXM4-40GB MIG 4g.20gb (0),1,,13,"void ch_est::chEstFilterNoDftSOfdmDispatchKernel<float, __half, float, (unsigned int)2>(ch_est::puschRxChEstStatDescr_t *, ch_est::puschRxChEstDynDescr_t *)"
4461612307,7808,106339,103,1,1,128,1,1,16,0.000,0.000,,,,,NVIDIA A100-SXM4-40GB MIG 4g.20gb (0),1,,13,cupy_copy__complex64_complex64
4461644915,17920,106349,1434,1,1,128,1,1,16,0.000,0.000,,,,,NVIDIA A100-SXM4-40GB MIG 4g.20gb (0),1,,13,cupy_copy__complex64_complex64
4461711410,9920,106356,103,1,1,128,1,1,16,0.000,0.000,,,,,NVIDIA A100-SXM4-40GB MIG 4g.20gb (0),1,,13,cupy_copy__complex64_complex64
4461749394,255933,106363,1,1,1,32,32,1,30,0.000,0.000,,,,,NVIDIA A100-SXM4-40GB MIG 4g.20gb (0),1,,13,"void convert_kernel<__half2, float2>(tensor_layout_any, T1 *, tensor_layout_any, const T2 *)"
4462032911,5663,106366,,,,,,,,,,0.094,16545.214,Pinned,Device,NVIDIA A100-SXM4-40GB MIG 4g.20gb (0),1,,13,[CUDA memcpy Host-to-Device]
4462095246,60031,106367,,,,,,,,,,35.810,596521.647,Device,,NVIDIA A100-SXM4-40GB MIG 4g.20gb (0),1,,13,[CUDA memset]
4462158509,3488,106369,,,,,,,,,,0.000,22.936,Pinned,Device,NVIDIA A100-SXM4-40GB MIG 4g.20gb (0),1,,13,[CUDA memcpy Host-to-Device]
4462165325,9504,106370,,,,,,,,,,0.197,20686.701,Pinned,Device,NVIDIA A100-SXM4-40GB MIG 4g.20gb (0),1,,13,[CUDA memcpy Host-to-Device]
4462252076,30400,106371,273,1,1,48,1,1,40,0.000,0.001,,,,,NVIDIA A100-SXM4-40GB MIG 4g.20gb (0),1,,13,"void pusch_noise_intf_est::noiseIntfEstNoDftSOfdmKernel<float, __half, float, float, (unsigned int)2, (unsigned int)1, (unsigned char)4, (unsigned char)4>(pusch_noise_intf_est::puschRxNoiseIntfEstDynDescr)"
4462287532,10175,106382,35,1,1,128,1,1,16,0.000,0.000,,,,,NVIDIA A100-SXM4-40GB MIG 4g.20gb (0),1,,13,cupy_copy__complex64_complex64
4462350603,7808,106391,1,1,1,1,1,1,18,0.000,0.000,,,,,NVIDIA A100-SXM4-40GB MIG 4g.20gb (0),1,,13,cupy_copy__float32_float32
4462363083,1600,106397,,,,,,,,,,0.000,2.500,Device,Pageable,NVIDIA A100-SXM4-40GB MIG 4g.20gb (0),1,,7,[CUDA memcpy Device-to-Host]
4462452138,20735,106408,1434,1,1,128,1,1,16,0.000,0.000,,,,,NVIDIA A100-SXM4-40GB MIG 4g.20gb (0),1,,13,cupy_copy__complex64_complex64
4462499497,5024,106415,103,1,1,128,1,1,16,0.000,0.000,,,,,NVIDIA A100-SXM4-40GB MIG 4g.20gb (0),1,,13,cupy_copy__complex64_complex64
4462560968,7232,106422,35,1,1,128,1,1,16,0.000,0.000,,,,,NVIDIA A100-SXM4-40GB MIG 4g.20gb (0),1,,13,cupy_copy__complex64_complex64
4462593256,4608,106429,1,1,1,1,1,1,18,0.000,0.000,,,,,NVIDIA A100-SXM4-40GB MIG 4g.20gb (0),1,,13,cupy_copy__float32_float32
4462660935,399068,106440,1,1,1,32,32,1,30,0.000,0.000,,,,,NVIDIA A100-SXM4-40GB MIG 4g.20gb (0),1,,13,"void convert_kernel<__half2, float2>(tensor_layout_any, T1 *, tensor_layout_any, const T2 *)"
4463096226,5472,106443,,,,,,,,,,0.094,17122.757,Pinned,Device,NVIDIA A100-SXM4-40GB MIG 4g.20gb (0),1,,13,[CUDA memcpy Host-to-Device]
4463130210,15392,106444,,,,,,,,,,1.547,100481.068,Device,,NVIDIA A100-SXM4-40GB MIG 4g.20gb (0),1,,13,[CUDA memset]
4463148450,4416,106449,,,,,,,,,,0.031,7086.948,Pinned,Device,NVIDIA A100-SXM4-40GB MIG 4g.20gb (0),1,,13,[CUDA memcpy Host-to-Device]
4463159746,9535,106450,,,,,,,,,,0.197,20619.461,Pinned,Device,NVIDIA A100-SXM4-40GB MIG 4g.20gb (0),1,,13,[CUDA memcpy Host-to-Device]
4463203457,27232,106451,273,1,1,8,4,1,39,0.002,0.000,,,,,NVIDIA A100-SXM4-40GB MIG 4g.20gb (0),1,,13,"void channel_eq::eqMmseCoefCompLowMimoKernel<float, float, float, (unsigned int)4, (unsigned int)1, (unsigned int)4>(const channel_eq::_puschRxChEqStatDescr *, channel_eq::_puschRxChEqCoefCompDynDescr)"
4463247745,26271,106452,273,1,1,12,11,1,51,0.002,0.000,,,,,NVIDIA A100-SXM4-40GB MIG 4g.20gb (0),1,,13,"void channel_eq::eqMmseSoftDemapKernel<float, __half, __half, float, (unsigned int)4, (unsigned short)16383>(channel_eq::_puschRxChEqStatDescr *, channel_eq::_puschRxChEqSoftDemapDynDescr)"
4463321568,616729,106453,1,1,1,32,32,1,30,0.000,0.000,,,,,NVIDIA A100-SXM4-40GB MIG 4g.20gb (0),1,,13,"void convert_kernel<float2, __half2>(tensor_layout_any, T1 *, tensor_layout_any, const T2 *)"
4463971096,20800,106465,2253,1,1,128,1,1,16,0.000,0.000,,,,,NVIDIA A100-SXM4-40GB MIG 4g.20gb (0),1,,13,cupy_copy__float16_float16
4464037815,14816,106474,282,1,1,128,1,1,16,0.000,0.000,,,,,NVIDIA A100-SXM4-40GB MIG 4g.20gb (0),1,,13,cupy_copy__complex64_complex64
4464070999,7488,106483,26,1,1,128,1,1,16,0.000,0.000,,,,,NVIDIA A100-SXM4-40GB MIG 4g.20gb (0),1,,13,cupy_copy__float32_float32
4464128470,11584,106492,103,1,1,128,1,1,16,0.000,0.000,,,,,NVIDIA A100-SXM4-40GB MIG 4g.20gb (0),1,,13,cupy_copy__complex64_complex64
4464167510,18272,106502,1434,1,1,128,1,1,16,0.000,0.000,,,,,NVIDIA A100-SXM4-40GB MIG 4g.20gb (0),1,,13,cupy_copy__complex64_complex64
4464240245,284989,106507,1,1,1,32,32,1,30,0.000,0.000,,,,,NVIDIA A100-SXM4-40GB MIG 4g.20gb (0),1,,13,"void convert_kernel<__half2, float2>(tensor_layout_any, T1 *, tensor_layout_any, const T2 *)"
4465050220,5920,106510,,,,,,,,,,0.094,15826.941,Pinned,Device,NVIDIA A100-SXM4-40GB MIG 4g.20gb (0),1,,13,[CUDA memcpy Host-to-Device]
4465111179,626937,106511,,,,,,,,,,456.561,728215.497,Device,,NVIDIA A100-SXM4-40GB MIG 4g.20gb (0),1,,13,[CUDA memset]
4465743012,50431,106516,,,,,,,,,,1.235,24487.705,Pinned,Device,NVIDIA A100-SXM4-40GB MIG 4g.20gb (0),1,,13,[CUDA memcpy Host-to-Device]
4465796771,9824,106517,,,,,,,,,,0.197,20012.925,Pinned,Device,NVIDIA A100-SXM4-40GB MIG 4g.20gb (0),1,,13,[CUDA memcpy Host-to-Device]
4465825795,26911,106518,69,4,1,48,1,1,76,0.002,0.000,,,,,NVIDIA A100-SXM4-40GB MIG 4g.20gb (0),1,,13,"void ch_est::windowedChEstPreNoDftSOfdmKernel<float, __half, float, (unsigned int)2, (unsigned int)1, (unsigned short)4>(ch_est::puschRxChEstStatDescr_t *, ch_est::puschRxChEstDynDescr_t *)"
4465892546,23328,106519,137,2,1,24,2,1,44,0.001,0.001,,,,,NVIDIA A100-SXM4-40GB MIG 4g.20gb (0),1,,13,"void ch_est::chEstFilterNoDftSOfdmDispatchKernel<float, __half, float, (unsigned int)2>(ch_est::puschRxChEstStatDescr_t *, ch_est::puschRxChEstDynDescr_t *)"
4465928898,23359,106520,137,2,1,24,2,1,44,0.001,0.001,,,,,NVIDIA A100-SXM4-40GB MIG 4g.20gb (0),1,,13,"void ch_est::chEstFilterNoDftSOfdmDispatchKernel<float, __half, float, (unsigned int)2>(ch_est::puschRxChEstStatDescr_t *, ch_est::puschRxChEstDynDescr_t *)"
4465992289,10080,106531,103,1,1,128,1,1,16,0.000,0.000,,,,,NVIDIA A100-SXM4-40GB MIG 4g.20gb (0),1,,13,cupy_copy__complex64_complex64
4466029536,16736,106541,1434,1,1,128,1,1,16,0.000,0.000,,,,,NVIDIA A100-SXM4-40GB MIG 4g.20gb (0),1,,13,cupy_copy__complex64_complex64
4466094848,7744,106548,103,1,1,128,1,1,16,0.000,0.000,,,,,NVIDIA A100-SXM4-40GB MIG 4g.20gb (0),1,,13,cupy_copy__complex64_complex64
4466132607,252669,106555,1,1,1,32,32,1,30,0.000,0.000,,,,,NVIDIA A100-SXM4-40GB MIG 4g.20gb (0),1,,13,"void convert_kernel<__half2, float2>(tensor_layout_any, T1 *, tensor_layout_any, const T2 *)"
4466413948,5792,106558,,,,,,,,,,0.094,16176.708,Pinned,Device,NVIDIA A100-SXM4-40GB MIG 4g.20gb (0),1,,13,[CUDA memcpy Host-to-Device]
4466473723,59872,106559,,,,,,,,,,35.810,598097.284,Device,,NVIDIA A100-SXM4-40GB MIG 4g.20gb (0),1,,13,[CUDA memset]
4466538267,3488,106561,,,,,,,,,,0.000,22.936,Pinned,Device,NVIDIA A100-SXM4-40GB MIG 4g.20gb (0),1,,13,[CUDA memcpy Host-to-Device]
4466544218,12288,106562,,,,,,,,,,0.197,15999.959,Pinned,Device,NVIDIA A100-SXM4-40GB MIG 4g.20gb (0),1,,13,[CUDA memcpy Host-to-Device]
4466619962,28767,106563,273,1,1,48,1,1,40,0.000,0.001,,,,,NVIDIA A100-SXM4-40GB MIG 4g.20gb (0),1,,13,"void pusch_noise_intf_est::noiseIntfEstNoDftSOfdmKernel<float, __half, float, float, (unsigned int)2, (unsigned int)1, (unsigned char)4, (unsigned char)4>(pusch_noise_intf_est::puschRxNoiseIntfEstDynDescr)"
4466659097,10144,106574,35,1,1,128,1,1,16,0.000,0.000,,,,,NVIDIA A100-SXM4-40GB MIG 4g.20gb (0),1,,13,cupy_copy__complex64_complex64
4466734872,5632,106583,1,1,1,1,1,1,18,0.000,0.000,,,,,NVIDIA A100-SXM4-40GB MIG 4g.20gb (0),1,,13,cupy_copy__float32_float32
4466745720,1440,106589,,,,,,,,,,0.000,2.778,Device,Pageable,NVIDIA A100-SXM4-40GB MIG 4g.20gb (0),1,,7,[CUDA memcpy Device-to-Host]
4466854071,16608,106600,1434,1,1,128,1,1,16,0.000,0.000,,,,,NVIDIA A100-SXM4-40GB MIG 4g.20gb (0),1,,13,cupy_copy__complex64_complex64
4466892406,8288,106607,103,1,1,128,1,1,16,0.000,0.000,,,,,NVIDIA A100-SXM4-40GB MIG 4g.20gb (0),1,,13,cupy_copy__complex64_complex64
4466956246,9152,106614,35,1,1,128,1,1,16,0.000,0.000,,,,,NVIDIA A100-SXM4-40GB MIG 4g.20gb (0),1,,13,cupy_copy__complex64_complex64
4466992565,5184,106621,1,1,1,1,1,1,18,0.000,0.000,,,,,NVIDIA A100-SXM4-40GB MIG 4g.20gb (0),1,,13,cupy_copy__float32_float32
4467069332,266973,106632,1,1,1,32,32,1,30,0.000,0.000,,,,,NVIDIA A100-SXM4-40GB MIG 4g.20gb (0),1,,13,"void convert_kernel<__half2, float2>(tensor_layout_any, T1 *, tensor_layout_any, const T2 *)"
4467369713,5888,106635,,,,,,,,,,0.094,15912.954,Pinned,Device,NVIDIA A100-SXM4-40GB MIG 4g.20gb (0),1,,13,[CUDA memcpy Host-to-Device]
4467410768,9344,106636,,,,,,,,,,1.547,165519.700,Device,,NVIDIA A100-SXM4-40GB MIG 4g.20gb (0),1,,13,[CUDA memset]
4467427728,3040,106641,,,,,,,,,,0.031,10294.725,Pinned,Device,NVIDIA A100-SXM4-40GB MIG 4g.20gb (0),1,,13,[CUDA memcpy Host-to-Device]
4467434128,10944,106642,,,,,,,,,,0.197,17964.859,Pinned,Device,NVIDIA A100-SXM4-40GB MIG 4g.20gb (0),1,,13,[CUDA memcpy Host-to-Device]
4467498927,27488,106643,273,1,1,8,4,1,39,0.002,0.000,,,,,NVIDIA A100-SXM4-40GB MIG 4g.20gb (0),1,,13,"void channel_eq::eqMmseCoefCompLowMimoKernel<float, float, float, (unsigned int)4, (unsigned int)1, (unsigned int)4>(const channel_eq::_puschRxChEqStatDescr *, channel_eq::_puschRxChEqCoefCompDynDescr)"
4467545423,26016,106644,273,1,1,12,11,1,51,0.002,0.000,,,,,NVIDIA A100-SXM4-40GB MIG 4g.20gb (0),1,,13,"void channel_eq::eqMmseSoftDemapKernel<float, __half, __half, float, (unsigned int)4, (unsigned short)16383>(channel_eq::_puschRxChEqStatDescr *, channel_eq::_puschRxChEqSoftDemapDynDescr)"
4467619214,610905,106645,1,1,1,32,32,1,30,0.000,0.000,,,,,NVIDIA A100-SXM4-40GB MIG 4g.20gb (0),1,,13,"void convert_kernel<float2, __half2>(tensor_layout_any, T1 *, tensor_layout_any, const T2 *)"
4468268519,18943,106657,2253,1,1,128,1,1,16,0.000,0.000,,,,,NVIDIA A100-SXM4-40GB MIG 4g.20gb (0),1,,13,cupy_copy__float16_float16
4468335590,14176,106666,282,1,1,128,1,1,16,0.000,0.000,,,,,NVIDIA A100-SXM4-40GB MIG 4g.20gb (0),1,,13,cupy_copy__complex64_complex64
4468413797,7488,106675,26,1,1,128,1,1,16,0.000,0.000,,,,,NVIDIA A100-SXM4-40GB MIG 4g.20gb (0),1,,13,cupy_copy__float32_float32
4468473668,11168,106684,103,1,1,128,1,1,16,0.000,0.000,,,,,NVIDIA A100-SXM4-40GB MIG 4g.20gb (0),1,,13,cupy_copy__complex64_complex64
4468532452,18687,106694,1434,1,1,128,1,1,16,0.000,0.000,,,,,NVIDIA A100-SXM4-40GB MIG 4g.20gb (0),1,,13,cupy_copy__complex64_complex64
4468602499,261309,106699,1,1,1,32,32,1,30,0.000,0.000,,,,,NVIDIA A100-SXM4-40GB MIG 4g.20gb (0),1,,13,"void convert_kernel<__half2, float2>(tensor_layout_any, T1 *, tensor_layout_any, const T2 *)"
4468894335,5536,106702,,,,,,,,,,0.094,16924.777,Pinned,Device,NVIDIA A100-SXM4-40GB MIG 4g.20gb (0),1,,13,[CUDA memcpy Host-to-Device]
4468915711,622297,106703,,,,,,,,,,456.561,733237.673,Device,,NVIDIA A100-SXM4-40GB MIG 4g.20gb (0),1,,13,[CUDA memset]
4469540248,93247,106708,,,,,,,,,,1.235,13243.539,Pinned,Device,NVIDIA A100-SXM4-40GB MIG 4g.20gb (0),1,,13,[CUDA memcpy Host-to-Device]
4469642711,28447,106709,,,,,,,,,,0.197,6911.361,Pinned,Device,NVIDIA A100-SXM4-40GB MIG 4g.20gb (0),1,,13,[CUDA memcpy Host-to-Device]
4469717654,23616,106710,69,4,1,48,1,1,76,0.002,0.000,,,,,NVIDIA A100-SXM4-40GB MIG 4g.20gb (0),1,,13,"void ch_est::windowedChEstPreNoDftSOfdmKernel<float, __half, float, (unsigned int)2, (unsigned int)1, (unsigned short)4>(ch_est::puschRxChEstStatDescr_t *, ch_est::puschRxChEstDynDescr_t *)"
4469782773,24704,106711,137,2,1,24,2,1,44,0.001,0.001,,,,,NVIDIA A100-SXM4-40GB MIG 4g.20gb (0),1,,13,"void ch_est::chEstFilterNoDftSOfdmDispatchKernel<float, __half, float, (unsigned int)2>(ch_est::puschRxChEstStatDescr_t *, ch_est::puschRxChEstDynDescr_t *)"
4469821077,25375,106712,137,2,1,24,2,1,44,0.001,0.001,,,,,NVIDIA A100-SXM4-40GB MIG 4g.20gb (0),1,,13,"void ch_est::chEstFilterNoDftSOfdmDispatchKernel<float, __half, float, (unsigned int)2>(ch_est::puschRxChEstStatDescr_t *, ch_est::puschRxChEstDynDescr_t *)"
4469883764,8320,106723,103,1,1,128,1,1,16,0.000,0.000,,,,,NVIDIA A100-SXM4-40GB MIG 4g.20gb (0),1,,13,cupy_copy__complex64_complex64
4469916404,16575,106733,1434,1,1,128,1,1,16,0.000,0.000,,,,,NVIDIA A100-SXM4-40GB MIG 4g.20gb (0),1,,13,cupy_copy__complex64_complex64
4469981075,9312,106740,103,1,1,128,1,1,16,0.000,0.000,,,,,NVIDIA A100-SXM4-40GB MIG 4g.20gb (0),1,,13,cupy_copy__complex64_complex64
4470019026,249373,106747,1,1,1,32,32,1,30,0.000,0.000,,,,,NVIDIA A100-SXM4-40GB MIG 4g.20gb (0),1,,13,"void convert_kernel<__half2, float2>(tensor_layout_any, T1 *, tensor_layout_any, const T2 *)"
4470310735,19296,106750,,,,,,,,,,0.094,4855.702,Pinned,Device,NVIDIA A100-SXM4-40GB MIG 4g.20gb (0),1,,13,[CUDA memcpy Host-to-Device]
4470397934,62783,106751,,,,,,,,,,35.810,570344.596,Device,,NVIDIA A100-SXM4-40GB MIG 4g.20gb (0),1,,13,[CUDA memset]
4470478669,1824,106753,,,,,,,,,,0.000,43.860,Pinned,Device,NVIDIA A100-SXM4-40GB MIG 4g.20gb (0),1,,13,[CUDA memcpy Host-to-Device]
4470482957,15008,106754,,,,,,,,,,0.197,13100.188,Pinned,Device,NVIDIA A100-SXM4-40GB MIG 4g.20gb (0),1,,13,[CUDA memcpy Host-to-Device]
4470547180,25440,106755,273,1,1,48,1,1,40,0.000,0.001,,,,,NVIDIA A100-SXM4-40GB MIG 4g.20gb (0),1,,13,"void pusch_noise_intf_est::noiseIntfEstNoDftSOfdmKernel<float, __half, float, float, (unsigned int)2, (unsigned int)1, (unsigned char)4, (unsigned char)4>(pusch_noise_intf_est::puschRxNoiseIntfEstDynDescr)"
4470609676,9791,106766,35,1,1,128,1,1,16,0.000,0.000,,,,,NVIDIA A100-SXM4-40GB MIG 4g.20gb (0),1,,13,cupy_copy__complex64_complex64
4470641451,2944,106775,1,1,1,1,1,1,18,0.000,0.000,,,,,NVIDIA A100-SXM4-40GB MIG 4g.20gb (0),1,,13,cupy_copy__float32_float32
4470652811,1696,106781,,,,,,,,,,0.000,2.358,Device,Pageable,NVIDIA A100-SXM4-40GB MIG 4g.20gb (0),1,,7,[CUDA memcpy Device-to-Host]
4470803753,17472,106792,1434,1,1,128,1,1,16,0.000,0.000,,,,,NVIDIA A100-SXM4-40GB MIG 4g.20gb (0),1,,13,cupy_copy__complex64_complex64
4470847337,5120,106799,103,1,1,128,1,1,16,0.000,0.000,,,,,NVIDIA A100-SXM4-40GB MIG 4g.20gb (0),1,,13,cupy_copy__complex64_complex64
4470911656,8864,106806,35,1,1,128,1,1,16,0.000,0.000,,,,,NVIDIA A100-SXM4-40GB MIG 4g.20gb (0),1,,13,cupy_copy__complex64_complex64
4470946440,8064,106813,1,1,1,1,1,1,18,0.000,0.000,,,,,NVIDIA A100-SXM4-40GB MIG 4g.20gb (0),1,,13,cupy_copy__float32_float32
4471026567,254397,106824,1,1,1,32,32,1,30,0.000,0.000,,,,,NVIDIA A100-SXM4-40GB MIG 4g.20gb (0),1,,13,"void convert_kernel<__half2, float2>(tensor_layout_any, T1 *, tensor_layout_any, const T2 *)"
4471309923,5408,106827,,,,,,,,,,0.094,17325.421,Pinned,Device,NVIDIA A100-SXM4-40GB MIG 4g.20gb (0),1,,13,[CUDA memcpy Host-to-Device]
4471363299,11904,106828,,,,,,,,,,1.547,129924.149,Device,,NVIDIA A100-SXM4-40GB MIG 4g.20gb (0),1,,13,[CUDA memset]
4471377347,3072,106833,,,,,,,,,,0.031,10187.474,Pinned,Device,NVIDIA A100-SXM4-40GB MIG 4g.20gb (0),1,,13,[CUDA memcpy Host-to-Device]
4471382819,13567,106834,,,,,,,,,,0.197,14491.582,Pinned,Device,NVIDIA A100-SXM4-40GB MIG 4g.20gb (0),1,,13,[CUDA memcpy Host-to-Device]
4471452098,26848,106835,273,1,1,8,4,1,39,0.002,0.000,,,,,NVIDIA A100-SXM4-40GB MIG 4g.20gb (0),1,,13,"void channel_eq::eqMmseCoefCompLowMimoKernel<float, float, float, (unsigned int)4, (unsigned int)1, (unsigned int)4>(const channel_eq::_puschRxChEqStatDescr *, channel_eq::_puschRxChEqCoefCompDynDescr)"
4471496961,27296,106836,273,1,1,12,11,1,51,0.002,0.000,,,,,NVIDIA A100-SXM4-40GB MIG 4g.20gb (0),1,,13,"void channel_eq::eqMmseSoftDemapKernel<float, __half, __half, float, (unsigned int)4, (unsigned short)16383>(channel_eq::_puschRxChEqStatDescr *, channel_eq::_puschRxChEqSoftDemapDynDescr)"
4471569984,617465,106837,1,1,1,32,32,1,30,0.000,0.000,,,,,NVIDIA A100-SXM4-40GB MIG 4g.20gb (0),1,,13,"void convert_kernel<float2, __half2>(tensor_layout_any, T1 *, tensor_layout_any, const T2 *)"
4472248345,19423,106849,2253,1,1,128,1,1,16,0.000,0.000,,,,,NVIDIA A100-SXM4-40GB MIG 4g.20gb (0),1,,13,cupy_copy__float16_float16
4472350295,11296,106858,282,1,1,128,1,1,16,0.000,0.000,,,,,NVIDIA A100-SXM4-40GB MIG 4g.20gb (0),1,,13,cupy_copy__complex64_complex64
4472378551,8640,106867,26,1,1,128,1,1,16,0.000,0.000,,,,,NVIDIA A100-SXM4-40GB MIG 4g.20gb (0),1,,13,cupy_copy__float32_float32
4472437206,11232,106876,103,1,1,128,1,1,16,0.000,0.000,,,,,NVIDIA A100-SXM4-40GB MIG 4g.20gb (0),1,,13,cupy_copy__complex64_complex64
4472497142,19040,106886,1434,1,1,128,1,1,16,0.000,0.000,,,,,NVIDIA A100-SXM4-40GB MIG 4g.20gb (0),1,,13,cupy_copy__complex64_complex64
4472568725,258973,106891,1,1,1,32,32,1,30,0.000,0.000,,,,,NVIDIA A100-SXM4-40GB MIG 4g.20gb (0),1,,13,"void convert_kernel<__half2, float2>(tensor_layout_any, T1 *, tensor_layout_any, const T2 *)"
4472861618,6431,106894,,,,,,,,,,0.094,14569.353,Pinned,Device,NVIDIA A100-SXM4-40GB MIG 4g.20gb (0),1,,13,[CUDA memcpy Host-to-Device]
4472930353,637272,106895,,,,,,,,,,456.561,716344.899,Device,,NVIDIA A100-SXM4-40GB MIG 4g.20gb (0),1,,13,[CUDA memset]
4473573609,52384,106900,,,,,,,,,,1.235,23573.846,Pinned,Device,NVIDIA A100-SXM4-40GB MIG 4g.20gb (0),1,,13,[CUDA memcpy Host-to-Device]
4473628457,9856,106901,,,,,,,,,,0.197,19948.044,Pinned,Device,NVIDIA A100-SXM4-40GB MIG 4g.20gb (0),1,,13,[CUDA memcpy Host-to-Device]
4473691240,24992,106902,69,4,1,48,1,1,76,0.002,0.000,,,,,NVIDIA A100-SXM4-40GB MIG 4g.20gb (0),1,,13,"void ch_est::windowedChEstPreNoDftSOfdmKernel<float, __half, float, (unsigned int)2, (unsigned int)1, (unsigned short)4>(ch_est::puschRxChEstStatDescr_t *, ch_est::puschRxChEstDynDescr_t *)"
4473756967,23392,106903,137,2,1,24,2,1,44,0.001,0.001,,,,,NVIDIA A100-SXM4-40GB MIG 4g.20gb (0),1,,13,"void ch_est::chEstFilterNoDftSOfdmDispatchKernel<float, __half, float, (unsigned int)2>(ch_est::puschRxChEstStatDescr_t *, ch_est::puschRxChEstDynDescr_t *)"
4473798311,27967,106904,137,2,1,24,2,1,44,0.001,0.001,,,,,NVIDIA A100-SXM4-40GB MIG 4g.20gb (0),1,,13,"void ch_est::chEstFilterNoDftSOfdmDispatchKernel<float, __half, float, (unsigned int)2>(ch_est::puschRxChEstStatDescr_t *, ch_est::puschRxChEstDynDescr_t *)"
4473864006,9024,106915,103,1,1,128,1,1,16,0.000,0.000,,,,,NVIDIA A100-SXM4-40GB MIG 4g.20gb (0),1,,13,cupy_copy__complex64_complex64
4473895270,17311,106925,1434,1,1,128,1,1,16,0.000,0.000,,,,,NVIDIA A100-SXM4-40GB MIG 4g.20gb (0),1,,13,cupy_copy__complex64_complex64
4473964389,8864,106932,103,1,1,128,1,1,16,0.000,0.000,,,,,NVIDIA A100-SXM4-40GB MIG 4g.20gb (0),1,,13,cupy_copy__complex64_complex64
4474002500,255709,106939,1,1,1,32,32,1,30,0.000,0.000,,,,,NVIDIA A100-SXM4-40GB MIG 4g.20gb (0),1,,13,"void convert_kernel<__half2, float2>(tensor_layout_any, T1 *, tensor_layout_any, const T2 *)"
4474288961,5696,106942,,,,,,,,,,0.094,16449.363,Pinned,Device,NVIDIA A100-SXM4-40GB MIG 4g.20gb (0),1,,13,[CUDA memcpy Host-to-Device]
4474343648,61376,106943,,,,,,,,,,35.810,583451.027,Device,,NVIDIA A100-SXM4-40GB MIG 4g.20gb (0),1,,13,[CUDA memset]
4474406464,1856,106945,,,,,,,,,,0.000,43.103,Pinned,Device,NVIDIA A100-SXM4-40GB MIG 4g.20gb (0),1,,13,[CUDA memcpy Host-to-Device]
4474413824,12416,106946,,,,,,,,,,0.197,15835.005,Pinned,Device,NVIDIA A100-SXM4-40GB MIG 4g.20gb (0),1,,13,[CUDA memcpy Host-to-Device]
4474504575,27135,106947,273,1,1,48,1,1,40,0.000,0.001,,,,,NVIDIA A100-SXM4-40GB MIG 4g.20gb (0),1,,13,"void pusch_noise_intf_est::noiseIntfEstNoDftSOfdmKernel<float, __half, float, float, (unsigned int)2, (unsigned int)1, (unsigned char)4, (unsigned char)4>(pusch_noise_intf_est::puschRxNoiseIntfEstDynDescr)"
4474541374,9088,106958,35,1,1,128,1,1,16,0.000,0.000,,,,,NVIDIA A100-SXM4-40GB MIG 4g.20gb (0),1,,13,cupy_copy__complex64_complex64
4474606045,3616,106967,1,1,1,1,1,1,18,0.000,0.000,,,,,NVIDIA A100-SXM4-40GB MIG 4g.20gb (0),1,,13,cupy_copy__float32_float32
4474610973,1856,106973,,,,,,,,,,0.000,2.155,Device,Pageable,NVIDIA A100-SXM4-40GB MIG 4g.20gb (0),1,,7,[CUDA memcpy Device-to-Host]
4474705500,17344,106984,1434,1,1,128,1,1,16,0.000,0.000,,,,,NVIDIA A100-SXM4-40GB MIG 4g.20gb (0),1,,13,cupy_copy__complex64_complex64
4474743516,6528,106991,103,1,1,128,1,1,16,0.000,0.000,,,,,NVIDIA A100-SXM4-40GB MIG 4g.20gb (0),1,,13,cupy_copy__complex64_complex64
4474805307,7360,106998,35,1,1,128,1,1,16,0.000,0.000,,,,,NVIDIA A100-SXM4-40GB MIG 4g.20gb (0),1,,13,cupy_copy__complex64_complex64
4474839419,4128,107005,1,1,1,1,1,1,18,0.000,0.000,,,,,NVIDIA A100-SXM4-40GB MIG 4g.20gb (0),1,,13,cupy_copy__float32_float32
4474942394,251005,107016,1,1,1,32,32,1,30,0.000,0.000,,,,,NVIDIA A100-SXM4-40GB MIG 4g.20gb (0),1,,13,"void convert_kernel<__half2, float2>(tensor_layout_any, T1 *, tensor_layout_any, const T2 *)"
4475221494,5664,107019,,,,,,,,,,0.094,16542.310,Pinned,Device,NVIDIA A100-SXM4-40GB MIG 4g.20gb (0),1,,13,[CUDA memcpy Host-to-Device]
4475247958,14816,107020,,,,,,,,,,1.547,104387.840,Device,,NVIDIA A100-SXM4-40GB MIG 4g.20gb (0),1,,13,[CUDA memset]
4475270422,3040,107025,,,,,,,,,,0.031,10294.725,Pinned,Device,NVIDIA A100-SXM4-40GB MIG 4g.20gb (0),1,,13,[CUDA memcpy Host-to-Device]
4475275862,9408,107026,,,,,,,,,,0.197,20897.858,Pinned,Device,NVIDIA A100-SXM4-40GB MIG 4g.20gb (0),1,,13,[CUDA memcpy Host-to-Device]
4475307317,27232,107027,273,1,1,8,4,1,39,0.002,0.000,,,,,NVIDIA A100-SXM4-40GB MIG 4g.20gb (0),1,,13,"void channel_eq::eqMmseCoefCompLowMimoKernel<float, float, float, (unsigned int)4, (unsigned int)1, (unsigned int)4>(const channel_eq::_puschRxChEqStatDescr *, channel_eq::_puschRxChEqCoefCompDynDescr)"
4475355573,26623,107028,273,1,1,12,11,1,51,0.002,0.000,,,,,NVIDIA A100-SXM4-40GB MIG 4g.20gb (0),1,,13,"void channel_eq::eqMmseSoftDemapKernel<float, __half, __half, float, (unsigned int)4, (unsigned short)16383>(channel_eq::_puschRxChEqStatDescr *, channel_eq::_puschRxChEqSoftDemapDynDescr)"
4475431828,596633,107029,1,1,1,32,32,1,30,0.000,0.000,,,,,NVIDIA A100-SXM4-40GB MIG 4g.20gb (0),1,,13,"void convert_kernel<float2, __half2>(tensor_layout_any, T1 *, tensor_layout_any, const T2 *)"
4476084620,18464,107041,2253,1,1,128,1,1,16,0.000,0.000,,,,,NVIDIA A100-SXM4-40GB MIG 4g.20gb (0),1,,13,cupy_copy__float16_float16
4476148332,14527,107050,282,1,1,128,1,1,16,0.000,0.000,,,,,NVIDIA A100-SXM4-40GB MIG 4g.20gb (0),1,,13,cupy_copy__complex64_complex64
4476182283,6176,107059,26,1,1,128,1,1,16,0.000,0.000,,,,,NVIDIA A100-SXM4-40GB MIG 4g.20gb (0),1,,13,cupy_copy__float32_float32
4476244843,11711,107068,103,1,1,128,1,1,16,0.000,0.000,,,,,NVIDIA A100-SXM4-40GB MIG 4g.20gb (0),1,,13,cupy_copy__complex64_complex64
4476293546,17088,107078,1434,1,1,128,1,1,16,0.000,0.000,,,,,NVIDIA A100-SXM4-40GB MIG 4g.20gb (0),1,,13,cupy_copy__complex64_complex64
4476362921,257469,107083,1,1,1,32,32,1,30,0.000,0.000,,,,,NVIDIA A100-SXM4-40GB MIG 4g.20gb (0),1,,13,"void convert_kernel<__half2, float2>(tensor_layout_any, T1 *, tensor_layout_any, const T2 *)"
4476650406,5376,107086,,,,,,,,,,0.094,17428.487,Pinned,Device,NVIDIA A100-SXM4-40GB MIG 4g.20gb (0),1,,13,[CUDA memcpy Host-to-Device]
4476668230,630904,107087,,,,,,,,,,456.561,723649.882,Device,,NVIDIA A100-SXM4-40GB MIG 4g.20gb (0),1,,13,[CUDA memset]
4477301598,55552,107092,,,,,,,,,,1.235,22230.227,Pinned,Device,NVIDIA A100-SXM4-40GB MIG 4g.20gb (0),1,,13,[CUDA memcpy Host-to-Device]
4477360638,9664,107093,,,,,,,,,,0.197,20344.209,Pinned,Device,NVIDIA A100-SXM4-40GB MIG 4g.20gb (0),1,,13,[CUDA memcpy Host-to-Device]
4477389405,26368,107094,69,4,1,48,1,1,76,0.002,0.000,,,,,NVIDIA A100-SXM4-40GB MIG 4g.20gb (0),1,,13,"void ch_est::windowedChEstPreNoDftSOfdmKernel<float, __half, float, (unsigned int)2, (unsigned int)1, (unsigned short)4>(ch_est::puschRxChEstStatDescr_t *, ch_est::puschRxChEstDynDescr_t *)"
4477453949,22303,107095,137,2,1,24,2,1,44,0.001,0.001,,,,,NVIDIA A100-SXM4-40GB MIG 4g.20gb (0),1,,13,"void ch_est::chEstFilterNoDftSOfdmDispatchKernel<float, __half, float, (unsigned int)2>(ch_est::puschRxChEstStatDescr_t *, ch_est::puschRxChEstDynDescr_t *)"
4477491452,23104,107096,137,2,1,24,2,1,44,0.001,0.001,,,,,NVIDIA A100-SXM4-40GB MIG 4g.20gb (0),1,,13,"void ch_est::chEstFilterNoDftSOfdmDispatchKernel<float, __half, float, (unsigned int)2>(ch_est::puschRxChEstStatDescr_t *, ch_est::puschRxChEstDynDescr_t *)"
4477560187,8320,107107,103,1,1,128,1,1,16,0.000,0.000,,,,,NVIDIA A100-SXM4-40GB MIG 4g.20gb (0),1,,13,cupy_copy__complex64_complex64
4477593243,16640,107117,1434,1,1,128,1,1,16,0.000,0.000,,,,,NVIDIA A100-SXM4-40GB MIG 4g.20gb (0),1,,13,cupy_copy__complex64_complex64
4477657530,8384,107124,103,1,1,128,1,1,16,0.000,0.000,,,,,NVIDIA A100-SXM4-40GB MIG 4g.20gb (0),1,,13,cupy_copy__complex64_complex64
4477694714,250493,107131,1,1,1,32,32,1,30,0.000,0.000,,,,,NVIDIA A100-SXM4-40GB MIG 4g.20gb (0),1,,13,"void convert_kernel<__half2, float2>(tensor_layout_any, T1 *, tensor_layout_any, const T2 *)"
4477974551,5375,107134,,,,,,,,,,0.094,17431.766,Pinned,Device,NVIDIA A100-SXM4-40GB MIG 4g.20gb (0),1,,13,[CUDA memcpy Host-to-Device]
4478035510,60831,107135,,,,,,,,,,35.810,588643.465,Device,,NVIDIA A100-SXM4-40GB MIG 4g.20gb (0),1,,13,[CUDA memset]
4478099413,5600,107137,,,,,,,,,,0.000,14.286,Pinned,Device,NVIDIA A100-SXM4-40GB MIG 4g.20gb (0),1,,13,[CUDA memcpy Host-to-Device]
4478107541,9312,107138,,,,,,,,,,0.197,21113.340,Pinned,Device,NVIDIA A100-SXM4-40GB MIG 4g.20gb (0),1,,13,[CUDA memcpy Host-to-Device]
4478193012,26272,107139,273,1,1,48,1,1,40,0.000,0.001,,,,,NVIDIA A100-SXM4-40GB MIG 4g.20gb (0),1,,13,"void pusch_noise_intf_est::noiseIntfEstNoDftSOfdmKernel<float, __half, float, float, (unsigned int)2, (unsigned int)1, (unsigned char)4, (unsigned char)4>(pusch_noise_intf_est::puschRxNoiseIntfEstDynDescr)"
4478230036,9536,107150,35,1,1,128,1,1,16,0.000,0.000,,,,,NVIDIA A100-SXM4-40GB MIG 4g.20gb (0),1,,13,cupy_copy__complex64_complex64
4478307507,3360,107159,1,1,1,1,1,1,18,0.000,0.000,,,,,NVIDIA A100-SXM4-40GB MIG 4g.20gb (0),1,,13,cupy_copy__float32_float32
4478314739,1600,107165,,,,,,,,,,0.000,2.500,Device,Pageable,NVIDIA A100-SXM4-40GB MIG 4g.20gb (0),1,,7,[CUDA memcpy Device-to-Host]
4478424625,17792,107176,1434,1,1,128,1,1,16,0.000,0.000,,,,,NVIDIA A100-SXM4-40GB MIG 4g.20gb (0),1,,13,cupy_copy__complex64_complex64
4478464241,5664,107183,103,1,1,128,1,1,16,0.000,0.000,,,,,NVIDIA A100-SXM4-40GB MIG 4g.20gb (0),1,,13,cupy_copy__complex64_complex64
4478529392,8448,107190,35,1,1,128,1,1,16,0.000,0.000,,,,,NVIDIA A100-SXM4-40GB MIG 4g.20gb (0),1,,13,cupy_copy__complex64_complex64
4478563376,4384,107197,1,1,1,1,1,1,18,0.000,0.000,,,,,NVIDIA A100-SXM4-40GB MIG 4g.20gb (0),1,,13,cupy_copy__float32_float32
4478670223,253501,107208,1,1,1,32,32,1,30,0.000,0.000,,,,,NVIDIA A100-SXM4-40GB MIG 4g.20gb (0),1,,13,"void convert_kernel<__half2, float2>(tensor_layout_any, T1 *, tensor_layout_any, const T2 *)"
4478954667,5344,107211,,,,,,,,,,0.094,17532.864,Pinned,Device,NVIDIA A100-SXM4-40GB MIG 4g.20gb (0),1,,13,[CUDA memcpy Host-to-Device]
4478984779,13024,107212,,,,,,,,,,1.547,118751.337,Device,,NVIDIA A100-SXM4-40GB MIG 4g.20gb (0),1,,13,[CUDA memset]
4479004907,3040,107217,,,,,,,,,,0.031,10294.725,Pinned,Device,NVIDIA A100-SXM4-40GB MIG 4g.20gb (0),1,,13,[CUDA memcpy Host-to-Device]
4479010443,10207,107218,,,,,,,,,,0.197,19261.882,Pinned,Device,NVIDIA A100-SXM4-40GB MIG 4g.20gb (0),1,,13,[CUDA memcpy Host-to-Device]
4479048298,27872,107219,273,1,1,8,4,1,39,0.002,0.000,,,,,NVIDIA A100-SXM4-40GB MIG 4g.20gb (0),1,,13,"void channel_eq::eqMmseCoefCompLowMimoKernel<float, float, float, (unsigned int)4, (unsigned int)1, (unsigned int)4>(const channel_eq::_puschRxChEqStatDescr *, channel_eq::_puschRxChEqCoefCompDynDescr)"
4479097482,26591,107220,273,1,1,12,11,1,51,0.002,0.000,,,,,NVIDIA A100-SXM4-40GB MIG 4g.20gb (0),1,,13,"void channel_eq::eqMmseSoftDemapKernel<float, __half, __half, float, (unsigned int)4, (unsigned short)16383>(channel_eq::_puschRxChEqStatDescr *, channel_eq::_puschRxChEqSoftDemapDynDescr)"
4479173577,621337,107221,1,1,1,32,32,1,30,0.000,0.000,,,,,NVIDIA A100-SXM4-40GB MIG 4g.20gb (0),1,,13,"void convert_kernel<float2, __half2>(tensor_layout_any, T1 *, tensor_layout_any, const T2 *)"
4479832897,19360,107233,2253,1,1,128,1,1,16,0.000,0.000,,,,,NVIDIA A100-SXM4-40GB MIG 4g.20gb (0),1,,13,cupy_copy__float16_float16
4479900032,13056,107242,282,1,1,128,1,1,16,0.000,0.000,,,,,NVIDIA A100-SXM4-40GB MIG 4g.20gb (0),1,,13,cupy_copy__complex64_complex64
4479935488,5504,107251,26,1,1,128,1,1,16,0.000,0.000,,,,,NVIDIA A100-SXM4-40GB MIG 4g.20gb (0),1,,13,cupy_copy__float32_float32
4479992063,10848,107260,103,1,1,128,1,1,16,0.000,0.000,,,,,NVIDIA A100-SXM4-40GB MIG 4g.20gb (0),1,,13,cupy_copy__complex64_complex64
4480044767,16799,107270,1434,1,1,128,1,1,16,0.000,0.000,,,,,NVIDIA A100-SXM4-40GB MIG 4g.20gb (0),1,,13,cupy_copy__complex64_complex64
4480119134,256669,107275,1,1,1,32,32,1,30,0.000,0.000,,,,,NVIDIA A100-SXM4-40GB MIG 4g.20gb (0),1,,13,"void convert_kernel<__half2, float2>(tensor_layout_any, T1 *, tensor_layout_any, const T2 *)"
4480404891,5375,107278,,,,,,,,,,0.094,17431.766,Pinned,Device,NVIDIA A100-SXM4-40GB MIG 4g.20gb (0),1,,13,[CUDA memcpy Host-to-Device]
4480422714,638681,107279,,,,,,,,,,456.561,714518.654,Device,,NVIDIA A100-SXM4-40GB MIG 4g.20gb (0),1,,13,[CUDA memset]
4481062931,54367,107284,,,,,,,,,,1.235,22714.325,Pinned,Device,NVIDIA A100-SXM4-40GB MIG 4g.20gb (0),1,,13,[CUDA memcpy Host-to-Device]
4481119730,9856,107285,,,,,,,,,,0.197,19948.044,Pinned,Device,NVIDIA A100-SXM4-40GB MIG 4g.20gb (0),1,,13,[CUDA memcpy Host-to-Device]
4481153490,26592,107286,69,4,1,48,1,1,76,0.002,0.000,,,,,NVIDIA A100-SXM4-40GB MIG 4g.20gb (0),1,,13,"void ch_est::windowedChEstPreNoDftSOfdmKernel<float, __half, float, (unsigned int)2, (unsigned int)1, (unsigned short)4>(ch_est::puschRxChEstStatDescr_t *, ch_est::puschRxChEstDynDescr_t *)"
4481218193,22432,107287,137,2,1,24,2,1,44,0.001,0.001,,,,,NVIDIA A100-SXM4-40GB MIG 4g.20gb (0),1,,13,"void ch_est::chEstFilterNoDftSOfdmDispatchKernel<float, __half, float, (unsigned int)2>(ch_est::puschRxChEstStatDescr_t *, ch_est::puschRxChEstDynDescr_t *)"
4481255025,23519,107288,137,2,1,24,2,1,44,0.001,0.001,,,,,NVIDIA A100-SXM4-40GB MIG 4g.20gb (0),1,,13,"void ch_est::chEstFilterNoDftSOfdmDispatchKernel<float, __half, float, (unsigned int)2>(ch_est::puschRxChEstStatDescr_t *, ch_est::puschRxChEstDynDescr_t *)"
4481317840,7680,107299,103,1,1,128,1,1,16,0.000,0.000,,,,,NVIDIA A100-SXM4-40GB MIG 4g.20gb (0),1,,13,cupy_copy__complex64_complex64
4481353424,17055,107309,1434,1,1,128,1,1,16,0.000,0.000,,,,,NVIDIA A100-SXM4-40GB MIG 4g.20gb (0),1,,13,cupy_copy__complex64_complex64
4481418095,6400,107316,103,1,1,128,1,1,16,0.000,0.000,,,,,NVIDIA A100-SXM4-40GB MIG 4g.20gb (0),1,,13,cupy_copy__complex64_complex64
4481459854,255261,107323,1,1,1,32,32,1,30,0.000,0.000,,,,,NVIDIA A100-SXM4-40GB MIG 4g.20gb (0),1,,13,"void convert_kernel<__half2, float2>(tensor_layout_any, T1 *, tensor_layout_any, const T2 *)"
4481743467,5792,107326,,,,,,,,,,0.094,16176.708,Pinned,Device,NVIDIA A100-SXM4-40GB MIG 4g.20gb (0),1,,13,[CUDA memcpy Host-to-Device]
4481804938,61120,107327,,,,,,,,,,35.810,585886.101,Device,,NVIDIA A100-SXM4-40GB MIG 4g.20gb (0),1,,13,[CUDA memset]
4481872970,2208,107329,,,,,,,,,,0.000,36.232,Pinned,Device,NVIDIA A100-SXM4-40GB MIG 4g.20gb (0),1,,13,[CUDA memcpy Host-to-Device]
4481879273,9632,107330,,,,,,,,,,0.197,20411.843,Pinned,Device,NVIDIA A100-SXM4-40GB MIG 4g.20gb (0),1,,13,[CUDA memcpy Host-to-Device]
4481954185,26847,107331,273,1,1,48,1,1,40,0.000,0.001,,,,,NVIDIA A100-SXM4-40GB MIG 4g.20gb (0),1,,13,"void pusch_noise_intf_est::noiseIntfEstNoDftSOfdmKernel<float, __half, float, float, (unsigned int)2, (unsigned int)1, (unsigned char)4, (unsigned char)4>(pusch_noise_intf_est::puschRxNoiseIntfEstDynDescr)"
4481988552,11200,107342,35,1,1,128,1,1,16,0.000,0.000,,,,,NVIDIA A100-SXM4-40GB MIG 4g.20gb (0),1,,13,cupy_copy__complex64_complex64
4482068423,4032,107351,1,1,1,1,1,1,18,0.000,0.000,,,,,NVIDIA A100-SXM4-40GB MIG 4g.20gb (0),1,,13,cupy_copy__float32_float32
4482079623,1696,107357,,,,,,,,,,0.000,2.358,Device,Pageable,NVIDIA A100-SXM4-40GB MIG 4g.20gb (0),1,,7,[CUDA memcpy Device-to-Host]
4482186470,17312,107368,1434,1,1,128,1,1,16,0.000,0.000,,,,,NVIDIA A100-SXM4-40GB MIG 4g.20gb (0),1,,13,cupy_copy__complex64_complex64
4482224550,9247,107375,103,1,1,128,1,1,16,0.000,0.000,,,,,NVIDIA A100-SXM4-40GB MIG 4g.20gb (0),1,,13,cupy_copy__complex64_complex64
4482289477,8576,107382,35,1,1,128,1,1,16,0.000,0.000,,,,,NVIDIA A100-SXM4-40GB MIG 4g.20gb (0),1,,13,cupy_copy__complex64_complex64
4482324644,2944,107389,1,1,1,1,1,1,18,0.000,0.000,,,,,NVIDIA A100-SXM4-40GB MIG 4g.20gb (0),1,,13,cupy_copy__float32_float32
4482395236,257181,107400,1,1,1,32,32,1,30,0.000,0.000,,,,,NVIDIA A100-SXM4-40GB MIG 4g.20gb (0),1,,13,"void convert_kernel<__half2, float2>(tensor_layout_any, T1 *, tensor_layout_any, const T2 *)"
4482682208,5376,107403,,,,,,,,,,0.094,17428.487,Pinned,Device,NVIDIA A100-SXM4-40GB MIG 4g.20gb (0),1,,13,[CUDA memcpy Host-to-Device]
4482744768,15615,107404,,,,,,,,,,1.547,99045.801,Device,,NVIDIA A100-SXM4-40GB MIG 4g.20gb (0),1,,13,[CUDA memset]
4482763647,3488,107409,,,,,,,,,,0.031,8972.469,Pinned,Device,NVIDIA A100-SXM4-40GB MIG 4g.20gb (0),1,,13,[CUDA memcpy Host-to-Device]
4482769535,9728,107410,,,,,,,,,,0.197,20210.516,Pinned,Device,NVIDIA A100-SXM4-40GB MIG 4g.20gb (0),1,,13,[CUDA memcpy Host-to-Device]
4482808959,27039,107411,273,1,1,8,4,1,39,0.002,0.000,,,,,NVIDIA A100-SXM4-40GB MIG 4g.20gb (0),1,,13,"void channel_eq::eqMmseCoefCompLowMimoKernel<float, float, float, (unsigned int)4, (unsigned int)1, (unsigned int)4>(const channel_eq::_puschRxChEqStatDescr *, channel_eq::_puschRxChEqCoefCompDynDescr)"
4482853566,27520,107412,273,1,1,12,11,1,51,0.002,0.000,,,,,NVIDIA A100-SXM4-40GB MIG 4g.20gb (0),1,,13,"void channel_eq::eqMmseSoftDemapKernel<float, __half, __half, float, (unsigned int)4, (unsigned short)16383>(channel_eq::_puschRxChEqStatDescr *, channel_eq::_puschRxChEqSoftDemapDynDescr)"
4482929405,607673,107413,1,1,1,32,32,1,30,0.000,0.000,,,,,NVIDIA A100-SXM4-40GB MIG 4g.20gb (0),1,,13,"void convert_kernel<float2, __half2>(tensor_layout_any, T1 *, tensor_layout_any, const T2 *)"
4483589814,19104,107425,2253,1,1,128,1,1,16,0.000,0.000,,,,,NVIDIA A100-SXM4-40GB MIG 4g.20gb (0),1,,13,cupy_copy__float16_float16
4483655605,13216,107434,282,1,1,128,1,1,16,0.000,0.000,,,,,NVIDIA A100-SXM4-40GB MIG 4g.20gb (0),1,,13,cupy_copy__complex64_complex64
4483692949,4000,107443,26,1,1,128,1,1,16,0.000,0.000,,,,,NVIDIA A100-SXM4-40GB MIG 4g.20gb (0),1,,13,cupy_copy__float32_float32
4483749524,11488,107452,103,1,1,128,1,1,16,0.000,0.000,,,,,NVIDIA A100-SXM4-40GB MIG 4g.20gb (0),1,,13,cupy_copy__complex64_complex64
4483798867,16608,107462,1434,1,1,128,1,1,16,0.000,0.000,,,,,NVIDIA A100-SXM4-40GB MIG 4g.20gb (0),1,,13,cupy_copy__complex64_complex64
4483870099,259517,107467,1,1,1,32,32,1,30,0.000,0.000,,,,,NVIDIA A100-SXM4-40GB MIG 4g.20gb (0),1,,13,"void convert_kernel<__half2, float2>(tensor_layout_any, T1 *, tensor_layout_any, const T2 *)"
4484167823,5536,107470,,,,,,,,,,0.094,16924.777,Pinned,Device,NVIDIA A100-SXM4-40GB MIG 4g.20gb (0),1,,13,[CUDA memcpy Host-to-Device]
4484238798,636793,107471,,,,,,,,,,456.561,716801.461,Device,,NVIDIA A100-SXM4-40GB MIG 4g.20gb (0),1,,13,[CUDA memset]
4484881287,53055,107476,,,,,,,,,,1.235,23276.225,Pinned,Device,NVIDIA A100-SXM4-40GB MIG 4g.20gb (0),1,,13,[CUDA memcpy Host-to-Device]
4484936806,10016,107477,,,,,,,,,,0.197,19629.343,Pinned,Device,NVIDIA A100-SXM4-40GB MIG 4g.20gb (0),1,,13,[CUDA memcpy Host-to-Device]
4485002277,22528,107478,69,4,1,48,1,1,76,0.002,0.000,,,,,NVIDIA A100-SXM4-40GB MIG 4g.20gb (0),1,,13,"void ch_est::windowedChEstPreNoDftSOfdmKernel<float, __half, float, (unsigned int)2, (unsigned int)1, (unsigned short)4>(ch_est::puschRxChEstStatDescr_t *, ch_est::puschRxChEstDynDescr_t *)"
4485069381,21791,107479,137,2,1,24,2,1,44,0.001,0.001,,,,,NVIDIA A100-SXM4-40GB MIG 4g.20gb (0),1,,13,"void ch_est::chEstFilterNoDftSOfdmDispatchKernel<float, __half, float, (unsigned int)2>(ch_est::puschRxChEstStatDescr_t *, ch_est::puschRxChEstDynDescr_t *)"
4485107076,28704,107480,137,2,1,24,2,1,44,0.001,0.001,,,,,NVIDIA A100-SXM4-40GB MIG 4g.20gb (0),1,,13,"void ch_est::chEstFilterNoDftSOfdmDispatchKernel<float, __half, float, (unsigned int)2>(ch_est::puschRxChEstStatDescr_t *, ch_est::puschRxChEstDynDescr_t *)"
4485170788,7487,107491,103,1,1,128,1,1,16,0.000,0.000,,,,,NVIDIA A100-SXM4-40GB MIG 4g.20gb (0),1,,13,cupy_copy__complex64_complex64
4485201891,17184,107501,1434,1,1,128,1,1,16,0.000,0.000,,,,,NVIDIA A100-SXM4-40GB MIG 4g.20gb (0),1,,13,cupy_copy__complex64_complex64
4485268930,9248,107508,103,1,1,128,1,1,16,0.000,0.000,,,,,NVIDIA A100-SXM4-40GB MIG 4g.20gb (0),1,,13,cupy_copy__complex64_complex64
4485306466,257629,107515,1,1,1,32,32,1,30,0.000,0.000,,,,,NVIDIA A100-SXM4-40GB MIG 4g.20gb (0),1,,13,"void convert_kernel<__half2, float2>(tensor_layout_any, T1 *, tensor_layout_any, const T2 *)"
4485592287,5472,107518,,,,,,,,,,0.094,17122.757,Pinned,Device,NVIDIA A100-SXM4-40GB MIG 4g.20gb (0),1,,13,[CUDA memcpy Host-to-Device]
4485647710,60927,107519,,,,,,,,,,35.810,587748.217,Device,,NVIDIA A100-SXM4-40GB MIG 4g.20gb (0),1,,13,[CUDA memset]
4485714781,3264,107521,,,,,,,,,,0.000,24.510,Pinned,Device,NVIDIA A100-SXM4-40GB MIG 4g.20gb (0),1,,13,[CUDA memcpy Host-to-Device]
4485720477,9376,107522,,,,,,,,,,0.197,20969.226,Pinned,Device,NVIDIA A100-SXM4-40GB MIG 4g.20gb (0),1,,13,[CUDA memcpy Host-to-Device]
4485805532,28512,107523,273,1,1,48,1,1,40,0.000,0.001,,,,,NVIDIA A100-SXM4-40GB MIG 4g.20gb (0),1,,13,"void pusch_noise_intf_est::noiseIntfEstNoDftSOfdmKernel<float, __half, float, float, (unsigned int)2, (unsigned int)1, (unsigned char)4, (unsigned char)4>(pusch_noise_intf_est::puschRxNoiseIntfEstDynDescr)"
4485841852,12224,107534,35,1,1,128,1,1,16,0.000,0.000,,,,,NVIDIA A100-SXM4-40GB MIG 4g.20gb (0),1,,13,cupy_copy__complex64_complex64
4485923291,3712,107543,1,1,1,1,1,1,18,0.000,0.000,,,,,NVIDIA A100-SXM4-40GB MIG 4g.20gb (0),1,,13,cupy_copy__float32_float32
4485933211,1696,107549,,,,,,,,,,0.000,2.358,Device,Pageable,NVIDIA A100-SXM4-40GB MIG 4g.20gb (0),1,,7,[CUDA memcpy Device-to-Host]
4486053497,16672,107560,1434,1,1,128,1,1,16,0.000,0.000,,,,,NVIDIA A100-SXM4-40GB MIG 4g.20gb (0),1,,13,cupy_copy__complex64_complex64
4486095833,5920,107567,103,1,1,128,1,1,16,0.000,0.000,,,,,NVIDIA A100-SXM4-40GB MIG 4g.20gb (0),1,,13,cupy_copy__complex64_complex64
4486158008,7392,107574,35,1,1,128,1,1,16,0.000,0.000,,,,,NVIDIA A100-SXM4-40GB MIG 4g.20gb (0),1,,13,cupy_copy__complex64_complex64
4486192088,3680,107581,1,1,1,1,1,1,18,0.000,0.000,,,,,NVIDIA A100-SXM4-40GB MIG 4g.20gb (0),1,,13,cupy_copy__float32_float32
4486304054,247838,107592,1,1,1,32,32,1,30,0.000,0.000,,,,,NVIDIA A100-SXM4-40GB MIG 4g.20gb (0),1,,13,"void convert_kernel<__half2, float2>(tensor_layout_any, T1 *, tensor_layout_any, const T2 *)"
4486580723,5408,107595,,,,,,,,,,0.094,17325.421,Pinned,Device,NVIDIA A100-SXM4-40GB MIG 4g.20gb (0),1,,13,[CUDA memcpy Host-to-Device]
4486613331,10592,107596,,,,,,,,,,1.547,146016.772,Device,,NVIDIA A100-SXM4-40GB MIG 4g.20gb (0),1,,13,[CUDA memset]
4486624627,3936,107601,,,,,,,,,,0.031,7951.218,Pinned,Device,NVIDIA A100-SXM4-40GB MIG 4g.20gb (0),1,,13,[CUDA memcpy Host-to-Device]
4486631027,10304,107602,,,,,,,,,,0.197,19080.610,Pinned,Device,NVIDIA A100-SXM4-40GB MIG 4g.20gb (0),1,,13,[CUDA memcpy Host-to-Device]
4486678674,29088,107603,273,1,1,8,4,1,39,0.002,0.000,,,,,NVIDIA A100-SXM4-40GB MIG 4g.20gb (0),1,,13,"void channel_eq::eqMmseCoefCompLowMimoKernel<float, float, float, (unsigned int)4, (unsigned int)1, (unsigned int)4>(const channel_eq::_puschRxChEqStatDescr *, channel_eq::_puschRxChEqCoefCompDynDescr)"
4486727186,26783,107604,273,1,1,12,11,1,51,0.002,0.000,,,,,NVIDIA A100-SXM4-40GB MIG 4g.20gb (0),1,,13,"void channel_eq::eqMmseSoftDemapKernel<float, __half, __half, float, (unsigned int)4, (unsigned short)16383>(channel_eq::_puschRxChEqStatDescr *, channel_eq::_puschRxChEqSoftDemapDynDescr)"
4486801681,619961,107605,1,1,1,32,32,1,30,0.000,0.000,,,,,NVIDIA A100-SXM4-40GB MIG 4g.20gb (0),1,,13,"void convert_kernel<float2, __half2>(tensor_layout_any, T1 *, tensor_layout_any, const T2 *)"
4487458537,19872,107617,2253,1,1,128,1,1,16,0.000,0.000,,,,,NVIDIA A100-SXM4-40GB MIG 4g.20gb (0),1,,13,cupy_copy__float16_float16
4487524328,12672,107626,282,1,1,128,1,1,16,0.000,0.000,,,,,NVIDIA A100-SXM4-40GB MIG 4g.20gb (0),1,,13,cupy_copy__complex64_complex64
4487560072,4192,107635,26,1,1,128,1,1,16,0.000,0.000,,,,,NVIDIA A100-SXM4-40GB MIG 4g.20gb (0),1,,13,cupy_copy__float32_float32
4487618855,12704,107644,103,1,1,128,1,1,16,0.000,0.000,,,,,NVIDIA A100-SXM4-40GB MIG 4g.20gb (0),1,,13,cupy_copy__complex64_complex64
4487669703,16735,107654,1434,1,1,128,1,1,16,0.000,0.000,,,,,NVIDIA A100-SXM4-40GB MIG 4g.20gb (0),1,,13,cupy_copy__complex64_complex64
4487739558,251453,107659,1,1,1,32,32,1,30,0.000,0.000,,,,,NVIDIA A100-SXM4-40GB MIG 4g.20gb (0),1,,13,"void convert_kernel<__half2, float2>(tensor_layout_any, T1 *, tensor_layout_any, const T2 *)"
4488021571,5696,107662,,,,,,,,,,0.094,16449.363,Pinned,Device,NVIDIA A100-SXM4-40GB MIG 4g.20gb (0),1,,13,[CUDA memcpy Host-to-Device]
4488047522,635865,107663,,,,,,,,,,456.561,717714.584,Device,,NVIDIA A100-SXM4-40GB MIG 4g.20gb (0),1,,13,[CUDA memset]
4488685019,53503,107668,,,,,,,,,,1.235,23081.103,Pinned,Device,NVIDIA A100-SXM4-40GB MIG 4g.20gb (0),1,,13,[CUDA memcpy Host-to-Device]
4488740954,9312,107669,,,,,,,,,,0.197,21113.340,Pinned,Device,NVIDIA A100-SXM4-40GB MIG 4g.20gb (0),1,,13,[CUDA memcpy Host-to-Device]
4488774234,23200,107670,69,4,1,48,1,1,76,0.002,0.000,,,,,NVIDIA A100-SXM4-40GB MIG 4g.20gb (0),1,,13,"void ch_est::windowedChEstPreNoDftSOfdmKernel<float, __half, float, (unsigned int)2, (unsigned int)1, (unsigned short)4>(ch_est::puschRxChEstStatDescr_t *, ch_est::puschRxChEstDynDescr_t *)"
4488842009,24736,107671,137,2,1,24,2,1,44,0.001,0.001,,,,,NVIDIA A100-SXM4-40GB MIG 4g.20gb (0),1,,13,"void ch_est::chEstFilterNoDftSOfdmDispatchKernel<float, __half, float, (unsigned int)2>(ch_est::puschRxChEstStatDescr_t *, ch_est::puschRxChEstDynDescr_t *)"
4488879961,23007,107672,137,2,1,24,2,1,44,0.001,0.001,,,,,NVIDIA A100-SXM4-40GB MIG 4g.20gb (0),1,,13,"void ch_est::chEstFilterNoDftSOfdmDispatchKernel<float, __half, float, (unsigned int)2>(ch_est::puschRxChEstStatDescr_t *, ch_est::puschRxChEstDynDescr_t *)"
4488943544,7904,107683,103,1,1,128,1,1,16,0.000,0.000,,,,,NVIDIA A100-SXM4-40GB MIG 4g.20gb (0),1,,13,cupy_copy__complex64_complex64
4488976472,16063,107693,1434,1,1,128,1,1,16,0.000,0.000,,,,,NVIDIA A100-SXM4-40GB MIG 4g.20gb (0),1,,13,cupy_copy__complex64_complex64
4489041175,8928,107700,103,1,1,128,1,1,16,0.000,0.000,,,,,NVIDIA A100-SXM4-40GB MIG 4g.20gb (0),1,,13,cupy_copy__complex64_complex64
4489076886,254333,107707,1,1,1,32,32,1,30,0.000,0.000,,,,,NVIDIA A100-SXM4-40GB MIG 4g.20gb (0),1,,13,"void convert_kernel<__half2, float2>(tensor_layout_any, T1 *, tensor_layout_any, const T2 *)"
4489361235,5408,107710,,,,,,,,,,0.094,17325.421,Pinned,Device,NVIDIA A100-SXM4-40GB MIG 4g.20gb (0),1,,13,[CUDA memcpy Host-to-Device]
4489424274,61632,107711,,,,,,,,,,35.810,581015.952,Device,,NVIDIA A100-SXM4-40GB MIG 4g.20gb (0),1,,13,[CUDA memset]
4489487730,1824,107713,,,,,,,,,,0.000,43.860,Pinned,Device,NVIDIA A100-SXM4-40GB MIG 4g.20gb (0),1,,13,[CUDA memcpy Host-to-Device]
4489494770,9823,107714,,,,,,,,,,0.197,20014.891,Pinned,Device,NVIDIA A100-SXM4-40GB MIG 4g.20gb (0),1,,13,[CUDA memcpy Host-to-Device]
4489577969,26271,107715,273,1,1,48,1,1,40,0.000,0.001,,,,,NVIDIA A100-SXM4-40GB MIG 4g.20gb (0),1,,13,"void pusch_noise_intf_est::noiseIntfEstNoDftSOfdmKernel<float, __half, float, float, (unsigned int)2, (unsigned int)1, (unsigned char)4, (unsigned char)4>(pusch_noise_intf_est::puschRxNoiseIntfEstDynDescr)"
4489615152,10560,107726,35,1,1,128,1,1,16,0.000,0.000,,,,,NVIDIA A100-SXM4-40GB MIG 4g.20gb (0),1,,13,cupy_copy__complex64_complex64
4489691023,4384,107735,1,1,1,1,1,1,18,0.000,0.000,,,,,NVIDIA A100-SXM4-40GB MIG 4g.20gb (0),1,,13,cupy_copy__float32_float32
4489698415,1600,107741,,,,,,,,,,0.000,2.500,Device,Pageable,NVIDIA A100-SXM4-40GB MIG 4g.20gb (0),1,,7,[CUDA memcpy Device-to-Host]
4489799694,17248,107752,1434,1,1,128,1,1,16,0.000,0.000,,,,,NVIDIA A100-SXM4-40GB MIG 4g.20gb (0),1,,13,cupy_copy__complex64_complex64
4489838030,7584,107759,103,1,1,128,1,1,16,0.000,0.000,,,,,NVIDIA A100-SXM4-40GB MIG 4g.20gb (0),1,,13,cupy_copy__complex64_complex64
4489898989,7232,107766,35,1,1,128,1,1,16,0.000,0.000,,,,,NVIDIA A100-SXM4-40GB MIG 4g.20gb (0),1,,13,cupy_copy__complex64_complex64
4489940076,3904,107773,1,1,1,1,1,1,18,0.000,0.000,,,,,NVIDIA A100-SXM4-40GB MIG 4g.20gb (0),1,,13,cupy_copy__float32_float32
4490025675,254238,107784,1,1,1,32,32,1,30,0.000,0.000,,,,,NVIDIA A100-SXM4-40GB MIG 4g.20gb (0),1,,13,"void convert_kernel<__half2, float2>(tensor_layout_any, T1 *, tensor_layout_any, const T2 *)"
4490309032,5440,107787,,,,,,,,,,0.094,17223.480,Pinned,Device,NVIDIA A100-SXM4-40GB MIG 4g.20gb (0),1,,13,[CUDA memcpy Host-to-Device]
4490388903,11328,107788,,,,,,,,,,1.547,136529.780,Device,,NVIDIA A100-SXM4-40GB MIG 4g.20gb (0),1,,13,[CUDA memset]
4490408039,3072,107793,,,,,,,,,,0.031,10187.474,Pinned,Device,NVIDIA A100-SXM4-40GB MIG 4g.20gb (0),1,,13,[CUDA memcpy Host-to-Device]
4490413543,9312,107794,,,,,,,,,,0.197,21113.340,Pinned,Device,NVIDIA A100-SXM4-40GB MIG 4g.20gb (0),1,,13,[CUDA memcpy Host-to-Device]
4490480838,26912,107795,273,1,1,8,4,1,39,0.002,0.000,,,,,NVIDIA A100-SXM4-40GB MIG 4g.20gb (0),1,,13,"void channel_eq::eqMmseCoefCompLowMimoKernel<float, float, float, (unsigned int)4, (unsigned int)1, (unsigned int)4>(const channel_eq::_puschRxChEqStatDescr *, channel_eq::_puschRxChEqCoefCompDynDescr)"
4490526502,27775,107796,273,1,1,12,11,1,51,0.002,0.000,,,,,NVIDIA A100-SXM4-40GB MIG 4g.20gb (0),1,,13,"void channel_eq::eqMmseSoftDemapKernel<float, __half, __half, float, (unsigned int)4, (unsigned short)16383>(channel_eq::_puschRxChEqStatDescr *, channel_eq::_puschRxChEqSoftDemapDynDescr)"
4490600293,634809,107797,1,1,1,32,32,1,30,0.000,0.000,,,,,NVIDIA A100-SXM4-40GB MIG 4g.20gb (0),1,,13,"void convert_kernel<float2, __half2>(tensor_layout_any, T1 *, tensor_layout_any, const T2 *)"
4491247901,19456,107809,2253,1,1,128,1,1,16,0.000,0.000,,,,,NVIDIA A100-SXM4-40GB MIG 4g.20gb (0),1,,13,cupy_copy__float16_float16
4491311581,14527,107818,282,1,1,128,1,1,16,0.000,0.000,,,,,NVIDIA A100-SXM4-40GB MIG 4g.20gb (0),1,,13,cupy_copy__complex64_complex64
4491343196,7488,107827,26,1,1,128,1,1,16,0.000,0.000,,,,,NVIDIA A100-SXM4-40GB MIG 4g.20gb (0),1,,13,cupy_copy__float32_float32
4491402620,10815,107836,103,1,1,128,1,1,16,0.000,0.000,,,,,NVIDIA A100-SXM4-40GB MIG 4g.20gb (0),1,,13,cupy_copy__complex64_complex64
4491442107,19008,107846,1434,1,1,128,1,1,16,0.000,0.000,,,,,NVIDIA A100-SXM4-40GB MIG 4g.20gb (0),1,,13,cupy_copy__complex64_complex64
4491514074,255229,107851,1,1,1,32,32,1,30,0.000,0.000,,,,,NVIDIA A100-SXM4-40GB MIG 4g.20gb (0),1,,13,"void convert_kernel<__half2, float2>(tensor_layout_any, T1 *, tensor_layout_any, const T2 *)"
4491800727,5344,107854,,,,,,,,,,0.094,17532.864,Pinned,Device,NVIDIA A100-SXM4-40GB MIG 4g.20gb (0),1,,13,[CUDA memcpy Host-to-Device]
4491876982,629337,107855,,,,,,,,,,456.561,725019.567,Device,,NVIDIA A100-SXM4-40GB MIG 4g.20gb (0),1,,13,[CUDA memset]
4492509903,53247,107860,,,,,,,,,,1.235,23192.248,Pinned,Device,NVIDIA A100-SXM4-40GB MIG 4g.20gb (0),1,,13,[CUDA memcpy Host-to-Device]
4492565614,10016,107861,,,,,,,,,,0.197,19629.343,Pinned,Device,NVIDIA A100-SXM4-40GB MIG 4g.20gb (0),1,,13,[CUDA memcpy Host-to-Device]
4492633677,23040,107862,69,4,1,48,1,1,76,0.002,0.000,,,,,NVIDIA A100-SXM4-40GB MIG 4g.20gb (0),1,,13,"void ch_est::windowedChEstPreNoDftSOfdmKernel<float, __half, float, (unsigned int)2, (unsigned int)1, (unsigned short)4>(ch_est::puschRxChEstStatDescr_t *, ch_est::puschRxChEstDynDescr_t *)"
4492697549,23071,107863,137,2,1,24,2,1,44,0.001,0.001,,,,,NVIDIA A100-SXM4-40GB MIG 4g.20gb (0),1,,13,"void ch_est::chEstFilterNoDftSOfdmDispatchKernel<float, __half, float, (unsigned int)2>(ch_est::puschRxChEstStatDescr_t *, ch_est::puschRxChEstDynDescr_t *)"
4492736172,23488,107864,137,2,1,24,2,1,44,0.001,0.001,,,,,NVIDIA A100-SXM4-40GB MIG 4g.20gb (0),1,,13,"void ch_est::chEstFilterNoDftSOfdmDispatchKernel<float, __half, float, (unsigned int)2>(ch_est::puschRxChEstStatDescr_t *, ch_est::puschRxChEstDynDescr_t *)"
4492802155,8128,107875,103,1,1,128,1,1,16,0.000,0.000,,,,,NVIDIA A100-SXM4-40GB MIG 4g.20gb (0),1,,13,cupy_copy__complex64_complex64
4492835371,17536,107885,1434,1,1,128,1,1,16,0.000,0.000,,,,,NVIDIA A100-SXM4-40GB MIG 4g.20gb (0),1,,13,cupy_copy__complex64_complex64
4492900522,8096,107892,103,1,1,128,1,1,16,0.000,0.000,,,,,NVIDIA A100-SXM4-40GB MIG 4g.20gb (0),1,,13,cupy_copy__complex64_complex64
4492936842,256765,107899,1,1,1,32,32,1,30,0.000,0.000,,,,,NVIDIA A100-SXM4-40GB MIG 4g.20gb (0),1,,13,"void convert_kernel<__half2, float2>(tensor_layout_any, T1 *, tensor_layout_any, const T2 *)"
4493230790,5440,107902,,,,,,,,,,0.094,17223.480,Pinned,Device,NVIDIA A100-SXM4-40GB MIG 4g.20gb (0),1,,13,[CUDA memcpy Host-to-Device]
4493309894,62879,107903,,,,,,,,,,35.810,569485.158,Device,,NVIDIA A100-SXM4-40GB MIG 4g.20gb (0),1,,13,[CUDA memset]
4493374053,2048,107905,,,,,,,,,,0.000,39.062,Pinned,Device,NVIDIA A100-SXM4-40GB MIG 4g.20gb (0),1,,13,[CUDA memcpy Host-to-Device]
4493378949,9600,107906,,,,,,,,,,0.197,20479.869,Pinned,Device,NVIDIA A100-SXM4-40GB MIG 4g.20gb (0),1,,13,[CUDA memcpy Host-to-Device]
4493459428,27264,107907,273,1,1,48,1,1,40,0.000,0.001,,,,,NVIDIA A100-SXM4-40GB MIG 4g.20gb (0),1,,13,"void pusch_noise_intf_est::noiseIntfEstNoDftSOfdmKernel<float, __half, float, float, (unsigned int)2, (unsigned int)1, (unsigned char)4, (unsigned char)4>(pusch_noise_intf_est::puschRxNoiseIntfEstDynDescr)"
4493521667,8576,107918,35,1,1,128,1,1,16,0.000,0.000,,,,,NVIDIA A100-SXM4-40GB MIG 4g.20gb (0),1,,13,cupy_copy__complex64_complex64
4493553603,5984,107927,1,1,1,1,1,1,18,0.000,0.000,,,,,NVIDIA A100-SXM4-40GB MIG 4g.20gb (0),1,,13,cupy_copy__float32_float32
4493564707,1664,107933,,,,,,,,,,0.000,2.404,Device,Pageable,NVIDIA A100-SXM4-40GB MIG 4g.20gb (0),1,,7,[CUDA memcpy Device-to-Host]
4493649250,17023,107944,1434,1,1,128,1,1,16,0.000,0.000,,,,,NVIDIA A100-SXM4-40GB MIG 4g.20gb (0),1,,13,cupy_copy__complex64_complex64
4493717185,8512,107951,103,1,1,128,1,1,16,0.000,0.000,,,,,NVIDIA A100-SXM4-40GB MIG 4g.20gb (0),1,,13,cupy_copy__complex64_complex64
4493749921,8447,107958,35,1,1,128,1,1,16,0.000,0.000,,,,,NVIDIA A100-SXM4-40GB MIG 4g.20gb (0),1,,13,cupy_copy__complex64_complex64
4493816096,4288,107965,1,1,1,1,1,1,18,0.000,0.000,,,,,NVIDIA A100-SXM4-40GB MIG 4g.20gb (0),1,,13,cupy_copy__float32_float32
4493856607,254269,107976,1,1,1,32,32,1,30,0.000,0.000,,,,,NVIDIA A100-SXM4-40GB MIG 4g.20gb (0),1,,13,"void convert_kernel<__half2, float2>(tensor_layout_any, T1 *, tensor_layout_any, const T2 *)"
4494140668,5600,107979,,,,,,,,,,0.094,16731.388,Pinned,Device,NVIDIA A100-SXM4-40GB MIG 4g.20gb (0),1,,13,[CUDA memcpy Host-to-Device]
4494159132,12704,107980,,,,,,,,,,1.547,121742.508,Device,,NVIDIA A100-SXM4-40GB MIG 4g.20gb (0),1,,13,[CUDA memset]
4494173980,3872,107985,,,,,,,,,,0.031,8082.630,Pinned,Device,NVIDIA A100-SXM4-40GB MIG 4g.20gb (0),1,,13,[CUDA memcpy Host-to-Device]
4494180284,9887,107986,,,,,,,,,,0.197,19885.326,Pinned,Device,NVIDIA A100-SXM4-40GB MIG 4g.20gb (0),1,,13,[CUDA memcpy Host-to-Device]
4494222971,28256,107987,273,1,1,8,4,1,39,0.002,0.000,,,,,NVIDIA A100-SXM4-40GB MIG 4g.20gb (0),1,,13,"void channel_eq::eqMmseCoefCompLowMimoKernel<float, float, float, (unsigned int)4, (unsigned int)1, (unsigned int)4>(const channel_eq::_puschRxChEqStatDescr *, channel_eq::_puschRxChEqCoefCompDynDescr)"
4494268315,27071,107988,273,1,1,12,11,1,51,0.002,0.000,,,,,NVIDIA A100-SXM4-40GB MIG 4g.20gb (0),1,,13,"void channel_eq::eqMmseSoftDemapKernel<float, __half, __half, float, (unsigned int)4, (unsigned short)16383>(channel_eq::_puschRxChEqStatDescr *, channel_eq::_puschRxChEqSoftDemapDynDescr)"
4494342906,639064,107989,1,1,1,32,32,1,30,0.000,0.000,,,,,NVIDIA A100-SXM4-40GB MIG 4g.20gb (0),1,,13,"void convert_kernel<float2, __half2>(tensor_layout_any, T1 *, tensor_layout_any, const T2 *)"
4494996178,19328,108001,2253,1,1,128,1,1,16,0.000,0.000,,,,,NVIDIA A100-SXM4-40GB MIG 4g.20gb (0),1,,13,cupy_copy__float16_float16
4495061329,13824,108010,282,1,1,128,1,1,16,0.000,0.000,,,,,NVIDIA A100-SXM4-40GB MIG 4g.20gb (0),1,,13,cupy_copy__complex64_complex64
4495095313,4672,108019,26,1,1,128,1,1,16,0.000,0.000,,,,,NVIDIA A100-SXM4-40GB MIG 4g.20gb (0),1,,13,cupy_copy__float32_float32
4495152272,10464,108028,103,1,1,128,1,1,16,0.000,0.000,,,,,NVIDIA A100-SXM4-40GB MIG 4g.20gb (0),1,,13,cupy_copy__complex64_complex64
4495189392,17632,108038,1434,1,1,128,1,1,16,0.000,0.000,,,,,NVIDIA A100-SXM4-40GB MIG 4g.20gb (0),1,,13,cupy_copy__complex64_complex64
4495262127,254589,108043,1,1,1,32,32,1,30,0.000,0.000,,,,,NVIDIA A100-SXM4-40GB MIG 4g.20gb (0),1,,13,"void convert_kernel<__half2, float2>(tensor_layout_any, T1 *, tensor_layout_any, const T2 *)"
4495545516,5376,108046,,,,,,,,,,0.094,17428.487,Pinned,Device,NVIDIA A100-SXM4-40GB MIG 4g.20gb (0),1,,13,[CUDA memcpy Host-to-Device]
4495575691,629497,108047,,,,,,,,,,456.561,725019.567,Device,,NVIDIA A100-SXM4-40GB MIG 4g.20gb (0),1,,13,[CUDA memset]
4496212004,53151,108052,,,,,,,,,,1.235,23234.236,Pinned,Device,NVIDIA A100-SXM4-40GB MIG 4g.20gb (0),1,,13,[CUDA memcpy Host-to-Device]
4496267619,12256,108053,,,,,,,,,,0.197,16041.640,Pinned,Device,NVIDIA A100-SXM4-40GB MIG 4g.20gb (0),1,,13,[CUDA memcpy Host-to-Device]
4496296003,27840,108054,69,4,1,48,1,1,76,0.002,0.000,,,,,NVIDIA A100-SXM4-40GB MIG 4g.20gb (0),1,,13,"void ch_est::windowedChEstPreNoDftSOfdmKernel<float, __half, float, (unsigned int)2, (unsigned int)1, (unsigned short)4>(ch_est::puschRxChEstStatDescr_t *, ch_est::puschRxChEstDynDescr_t *)"
4496364034,23616,108055,137,2,1,24,2,1,44,0.001,0.001,,,,,NVIDIA A100-SXM4-40GB MIG 4g.20gb (0),1,,13,"void ch_est::chEstFilterNoDftSOfdmDispatchKernel<float, __half, float, (unsigned int)2>(ch_est::puschRxChEstStatDescr_t *, ch_est::puschRxChEstDynDescr_t *)"
4496403906,24128,108056,137,2,1,24,2,1,44,0.001,0.001,,,,,NVIDIA A100-SXM4-40GB MIG 4g.20gb (0),1,,13,"void ch_est::chEstFilterNoDftSOfdmDispatchKernel<float, __half, float, (unsigned int)2>(ch_est::puschRxChEstStatDescr_t *, ch_est::puschRxChEstDynDescr_t *)"
4496466145,8928,108067,103,1,1,128,1,1,16,0.000,0.000,,,,,NVIDIA A100-SXM4-40GB MIG 4g.20gb (0),1,,13,cupy_copy__complex64_complex64
4496497921,16832,108077,1434,1,1,128,1,1,16,0.000,0.000,,,,,NVIDIA A100-SXM4-40GB MIG 4g.20gb (0),1,,13,cupy_copy__complex64_complex64
4496562944,7840,108084,103,1,1,128,1,1,16,0.000,0.000,,,,,NVIDIA A100-SXM4-40GB MIG 4g.20gb (0),1,,13,cupy_copy__complex64_complex64
4496598880,252829,108091,1,1,1,32,32,1,30,0.000,0.000,,,,,NVIDIA A100-SXM4-40GB MIG 4g.20gb (0),1,,13,"void convert_kernel<__half2, float2>(tensor_layout_any, T1 *, tensor_layout_any, const T2 *)"
4496882428,5408,108094,,,,,,,,,,0.094,17325.421,Pinned,Device,NVIDIA A100-SXM4-40GB MIG 4g.20gb (0),1,,13,[CUDA memcpy Host-to-Device]
4496944284,60671,108095,,,,,,,,,,35.810,590219.101,Device,,NVIDIA A100-SXM4-40GB MIG 4g.20gb (0),1,,13,[CUDA memset]
4497007195,1856,108097,,,,,,,,,,0.000,43.103,Pinned,Device,NVIDIA A100-SXM4-40GB MIG 4g.20gb (0),1,,13,[CUDA memcpy Host-to-Device]
4497014299,9344,108098,,,,,,,,,,0.197,21040.988,Pinned,Device,NVIDIA A100-SXM4-40GB MIG 4g.20gb (0),1,,13,[CUDA memcpy Host-to-Device]
4497104954,26175,108099,273,1,1,48,1,1,40,0.000,0.001,,,,,NVIDIA A100-SXM4-40GB MIG 4g.20gb (0),1,,13,"void pusch_noise_intf_est::noiseIntfEstNoDftSOfdmKernel<float, __half, float, float, (unsigned int)2, (unsigned int)1, (unsigned char)4, (unsigned char)4>(pusch_noise_intf_est::puschRxNoiseIntfEstDynDescr)"
4497139833,7072,108110,35,1,1,128,1,1,16,0.000,0.000,,,,,NVIDIA A100-SXM4-40GB MIG 4g.20gb (0),1,,13,cupy_copy__complex64_complex64
4497201945,3040,108119,1,1,1,1,1,1,18,0.000,0.000,,,,,NVIDIA A100-SXM4-40GB MIG 4g.20gb (0),1,,13,cupy_copy__float32_float32
4497212441,1920,108125,,,,,,,,,,0.000,2.083,Device,Pageable,NVIDIA A100-SXM4-40GB MIG 4g.20gb (0),1,,7,[CUDA memcpy Device-to-Host]
4497298968,16991,108136,1434,1,1,128,1,1,16,0.000,0.000,,,,,NVIDIA A100-SXM4-40GB MIG 4g.20gb (0),1,,13,cupy_copy__complex64_complex64
4497343703,4608,108143,103,1,1,128,1,1,16,0.000,0.000,,,,,NVIDIA A100-SXM4-40GB MIG 4g.20gb (0),1,,13,cupy_copy__complex64_complex64
4497404534,8320,108150,35,1,1,128,1,1,16,0.000,0.000,,,,,NVIDIA A100-SXM4-40GB MIG 4g.20gb (0),1,,13,cupy_copy__complex64_complex64
4497438166,5792,108157,1,1,1,1,1,1,18,0.000,0.000,,,,,NVIDIA A100-SXM4-40GB MIG 4g.20gb (0),1,,13,cupy_copy__float32_float32
4497508917,256829,108168,1,1,1,32,32,1,30,0.000,0.000,,,,,NVIDIA A100-SXM4-40GB MIG 4g.20gb (0),1,,13,"void convert_kernel<__half2, float2>(tensor_layout_any, T1 *, tensor_layout_any, const T2 *)"
4497795538,5472,108171,,,,,,,,,,0.094,17122.757,Pinned,Device,NVIDIA A100-SXM4-40GB MIG 4g.20gb (0),1,,13,[CUDA memcpy Host-to-Device]
4497847313,12128,108172,,,,,,,,,,1.547,127523.789,Device,,NVIDIA A100-SXM4-40GB MIG 4g.20gb (0),1,,13,[CUDA memset]
4497866769,3040,108177,,,,,,,,,,0.031,10294.725,Pinned,Device,NVIDIA A100-SXM4-40GB MIG 4g.20gb (0),1,,13,[CUDA memcpy Host-to-Device]
4497872305,9792,108178,,,,,,,,,,0.197,20078.395,Pinned,Device,NVIDIA A100-SXM4-40GB MIG 4g.20gb (0),1,,13,[CUDA memcpy Host-to-Device]
4497908753,27743,108179,273,1,1,8,4,1,39,0.002,0.000,,,,,NVIDIA A100-SXM4-40GB MIG 4g.20gb (0),1,,13,"void channel_eq::eqMmseCoefCompLowMimoKernel<float, float, float, (unsigned int)4, (unsigned int)1, (unsigned int)4>(const channel_eq::_puschRxChEqStatDescr *, channel_eq::_puschRxChEqCoefCompDynDescr)"
4497953744,29312,108180,273,1,1,12,11,1,51,0.002,0.000,,,,,NVIDIA A100-SXM4-40GB MIG 4g.20gb (0),1,,13,"void channel_eq::eqMmseSoftDemapKernel<float, __half, __half, float, (unsigned int)4, (unsigned short)16383>(channel_eq::_puschRxChEqStatDescr *, channel_eq::_puschRxChEqSoftDemapDynDescr)"
4498031823,591833,108181,1,1,1,32,32,1,30,0.000,0.000,,,,,NVIDIA A100-SXM4-40GB MIG 4g.20gb (0),1,,13,"void convert_kernel<float2, __half2>(tensor_layout_any, T1 *, tensor_layout_any, const T2 *)"
4498679880,18783,108193,2253,1,1,128,1,1,16,0.000,0.000,,,,,NVIDIA A100-SXM4-40GB MIG 4g.20gb (0),1,,13,cupy_copy__float16_float16
4498745255,14016,108202,282,1,1,128,1,1,16,0.000,0.000,,,,,NVIDIA A100-SXM4-40GB MIG 4g.20gb (0),1,,13,cupy_copy__complex64_complex64
4498782310,4256,108211,26,1,1,128,1,1,16,0.000,0.000,,,,,NVIDIA A100-SXM4-40GB MIG 4g.20gb (0),1,,13,cupy_copy__float32_float32
4498838726,11840,108220,103,1,1,128,1,1,16,0.000,0.000,,,,,NVIDIA A100-SXM4-40GB MIG 4g.20gb (0),1,,13,cupy_copy__complex64_complex64
4498896709,18368,108230,1434,1,1,128,1,1,16,0.000,0.000,,,,,NVIDIA A100-SXM4-40GB MIG 4g.20gb (0),1,,13,cupy_copy__complex64_complex64
4498968260,260381,108235,1,1,1,32,32,1,30,0.000,0.000,,,,,NVIDIA A100-SXM4-40GB MIG 4g.20gb (0),1,,13,"void convert_kernel<__half2, float2>(tensor_layout_any, T1 *, tensor_layout_any, const T2 *)"
4499257473,5344,108238,,,,,,,,,,0.094,17532.864,Pinned,Device,NVIDIA A100-SXM4-40GB MIG 4g.20gb (0),1,,13,[CUDA memcpy Host-to-Device]
4499282465,629752,108239,,,,,,,,,,456.561,724563.005,Device,,NVIDIA A100-SXM4-40GB MIG 4g.20gb (0),1,,13,[CUDA memset]
4499917401,50112,108244,,,,,,,,,,1.235,24643.308,Pinned,Device,NVIDIA A100-SXM4-40GB MIG 4g.20gb (0),1,,13,[CUDA memcpy Host-to-Device]
4499969945,10464,108245,,,,,,,,,,0.197,18788.844,Pinned,Device,NVIDIA A100-SXM4-40GB MIG 4g.20gb (0),1,,13,[CUDA memcpy Host-to-Device]
4500000056,23264,108246,69,4,1,48,1,1,76,0.002,0.000,,,,,NVIDIA A100-SXM4-40GB MIG 4g.20gb (0),1,,13,"void ch_est::windowedChEstPreNoDftSOfdmKernel<float, __half, float, (unsigned int)2, (unsigned int)1, (unsigned short)4>(ch_est::puschRxChEstStatDescr_t *, ch_est::puschRxChEstDynDescr_t *)"
4500066488,22271,108247,137,2,1,24,2,1,44,0.001,0.001,,,,,NVIDIA A100-SXM4-40GB MIG 4g.20gb (0),1,,13,"void ch_est::chEstFilterNoDftSOfdmDispatchKernel<float, __half, float, (unsigned int)2>(ch_est::puschRxChEstStatDescr_t *, ch_est::puschRxChEstDynDescr_t *)"
4500105239,22336,108248,137,2,1,24,2,1,44,0.001,0.001,,,,,NVIDIA A100-SXM4-40GB MIG 4g.20gb (0),1,,13,"void ch_est::chEstFilterNoDftSOfdmDispatchKernel<float, __half, float, (unsigned int)2>(ch_est::puschRxChEstStatDescr_t *, ch_est::puschRxChEstDynDescr_t *)"
4500168374,8096,108259,103,1,1,128,1,1,16,0.000,0.000,,,,,NVIDIA A100-SXM4-40GB MIG 4g.20gb (0),1,,13,cupy_copy__complex64_complex64
4500201270,16704,108269,1434,1,1,128,1,1,16,0.000,0.000,,,,,NVIDIA A100-SXM4-40GB MIG 4g.20gb (0),1,,13,cupy_copy__complex64_complex64
4500266933,8480,108276,103,1,1,128,1,1,16,0.000,0.000,,,,,NVIDIA A100-SXM4-40GB MIG 4g.20gb (0),1,,13,cupy_copy__complex64_complex64
4500301237,255901,108283,1,1,1,32,32,1,30,0.000,0.000,,,,,NVIDIA A100-SXM4-40GB MIG 4g.20gb (0),1,,13,"void convert_kernel<__half2, float2>(tensor_layout_any, T1 *, tensor_layout_any, const T2 *)"
4500587570,6880,108286,,,,,,,,,,0.094,13618.526,Pinned,Device,NVIDIA A100-SXM4-40GB MIG 4g.20gb (0),1,,13,[CUDA memcpy Host-to-Device]
4500647153,61055,108287,,,,,,,,,,35.810,586494.870,Device,,NVIDIA A100-SXM4-40GB MIG 4g.20gb (0),1,,13,[CUDA memset]
4500709584,2944,108289,,,,,,,,,,0.000,27.174,Pinned,Device,NVIDIA A100-SXM4-40GB MIG 4g.20gb (0),1,,13,[CUDA memcpy Host-to-Device]
4500717456,9376,108290,,,,,,,,,,0.197,20969.226,Pinned,Device,NVIDIA A100-SXM4-40GB MIG 4g.20gb (0),1,,13,[CUDA memcpy Host-to-Device]
4500793327,27168,108291,273,1,1,48,1,1,40,0.000,0.001,,,,,NVIDIA A100-SXM4-40GB MIG 4g.20gb (0),1,,13,"void pusch_noise_intf_est::noiseIntfEstNoDftSOfdmKernel<float, __half, float, float, (unsigned int)2, (unsigned int)1, (unsigned char)4, (unsigned char)4>(pusch_noise_intf_est::puschRxNoiseIntfEstDynDescr)"
4500831407,10656,108302,35,1,1,128,1,1,16,0.000,0.000,,,,,NVIDIA A100-SXM4-40GB MIG 4g.20gb (0),1,,13,cupy_copy__complex64_complex64
4500914862,3296,108311,1,1,1,1,1,1,18,0.000,0.000,,,,,NVIDIA A100-SXM4-40GB MIG 4g.20gb (0),1,,13,cupy_copy__float32_float32
4500921326,1600,108317,,,,,,,,,,0.000,2.500,Device,Pageable,NVIDIA A100-SXM4-40GB MIG 4g.20gb (0),1,,7,[CUDA memcpy Device-to-Host]
4501042284,16064,108328,1434,1,1,128,1,1,16,0.000,0.000,,,,,NVIDIA A100-SXM4-40GB MIG 4g.20gb (0),1,,13,cupy_copy__complex64_complex64
4501080300,9696,108335,103,1,1,128,1,1,16,0.000,0.000,,,,,NVIDIA A100-SXM4-40GB MIG 4g.20gb (0),1,,13,cupy_copy__complex64_complex64
4501141675,8384,108342,35,1,1,128,1,1,16,0.000,0.000,,,,,NVIDIA A100-SXM4-40GB MIG 4g.20gb (0),1,,13,cupy_copy__complex64_complex64
4501174635,4448,108349,1,1,1,1,1,1,18,0.000,0.000,,,,,NVIDIA A100-SXM4-40GB MIG 4g.20gb (0),1,,13,cupy_copy__float32_float32
4501246506,255581,108360,1,1,1,32,32,1,30,0.000,0.000,,,,,NVIDIA A100-SXM4-40GB MIG 4g.20gb (0),1,,13,"void convert_kernel<__half2, float2>(tensor_layout_any, T1 *, tensor_layout_any, const T2 *)"
4501531079,5376,108363,,,,,,,,,,0.094,17428.487,Pinned,Device,NVIDIA A100-SXM4-40GB MIG 4g.20gb (0),1,,13,[CUDA memcpy Host-to-Device]
4501576198,13056,108364,,,,,,,,,,1.547,118460.572,Device,,NVIDIA A100-SXM4-40GB MIG 4g.20gb (0),1,,13,[CUDA memset]
4501590566,3776,108369,,,,,,,,,,0.031,8288.120,Pinned,Device,NVIDIA A100-SXM4-40GB MIG 4g.20gb (0),1,,13,[CUDA memcpy Host-to-Device]
4501596806,9632,108370,,,,,,,,,,0.197,20411.843,Pinned,Device,NVIDIA A100-SXM4-40GB MIG 4g.20gb (0),1,,13,[CUDA memcpy Host-to-Device]
4501640517,27520,108371,273,1,1,8,4,1,39,0.002,0.000,,,,,NVIDIA A100-SXM4-40GB MIG 4g.20gb (0),1,,13,"void channel_eq::eqMmseCoefCompLowMimoKernel<float, float, float, (unsigned int)4, (unsigned int)1, (unsigned int)4>(const channel_eq::_puschRxChEqStatDescr *, channel_eq::_puschRxChEqCoefCompDynDescr)"
4501684197,26624,108372,273,1,1,12,11,1,51,0.002,0.000,,,,,NVIDIA A100-SXM4-40GB MIG 4g.20gb (0),1,,13,"void channel_eq::eqMmseSoftDemapKernel<float, __half, __half, float, (unsigned int)4, (unsigned short)16383>(channel_eq::_puschRxChEqStatDescr *, channel_eq::_puschRxChEqSoftDemapDynDescr)"
4501756548,628825,108373,1,1,1,32,32,1,30,0.000,0.000,,,,,NVIDIA A100-SXM4-40GB MIG 4g.20gb (0),1,,13,"void convert_kernel<float2, __half2>(tensor_layout_any, T1 *, tensor_layout_any, const T2 *)"
4502409021,19359,108385,2253,1,1,128,1,1,16,0.000,0.000,,,,,NVIDIA A100-SXM4-40GB MIG 4g.20gb (0),1,,13,cupy_copy__float16_float16
4502473692,13152,108394,282,1,1,128,1,1,16,0.000,0.000,,,,,NVIDIA A100-SXM4-40GB MIG 4g.20gb (0),1,,13,cupy_copy__complex64_complex64
4502505115,6720,108403,26,1,1,128,1,1,16,0.000,0.000,,,,,NVIDIA A100-SXM4-40GB MIG 4g.20gb (0),1,,13,cupy_copy__float32_float32
4502563291,10848,108412,103,1,1,128,1,1,16,0.000,0.000,,,,,NVIDIA A100-SXM4-40GB MIG 4g.20gb (0),1,,13,cupy_copy__complex64_complex64
4502601082,18304,108422,1434,1,1,128,1,1,16,0.000,0.000,,,,,NVIDIA A100-SXM4-40GB MIG 4g.20gb (0),1,,13,cupy_copy__complex64_complex64
4502671642,256253,108427,1,1,1,32,32,1,30,0.000,0.000,,,,,NVIDIA A100-SXM4-40GB MIG 4g.20gb (0),1,,13,"void convert_kernel<__half2, float2>(tensor_layout_any, T1 *, tensor_layout_any, const T2 *)"
4502957174,5312,108430,,,,,,,,,,0.094,17638.553,Pinned,Device,NVIDIA A100-SXM4-40GB MIG 4g.20gb (0),1,,13,[CUDA memcpy Host-to-Device]
4503043189,626873,108431,,,,,,,,,,456.561,728215.497,Device,,NVIDIA A100-SXM4-40GB MIG 4g.20gb (0),1,,13,[CUDA memset]
4503678222,51359,108436,,,,,,,,,,1.235,24044.360,Pinned,Device,NVIDIA A100-SXM4-40GB MIG 4g.20gb (0),1,,13,[CUDA memcpy Host-to-Device]
4503732525,9792,108437,,,,,,,,,,0.197,20078.395,Pinned,Device,NVIDIA A100-SXM4-40GB MIG 4g.20gb (0),1,,13,[CUDA memcpy Host-to-Device]
4503796429,23551,108438,69,4,1,48,1,1,76,0.002,0.000,,,,,NVIDIA A100-SXM4-40GB MIG 4g.20gb (0),1,,13,"void ch_est::windowedChEstPreNoDftSOfdmKernel<float, __half, float, (unsigned int)2, (unsigned int)1, (unsigned short)4>(ch_est::puschRxChEstStatDescr_t *, ch_est::puschRxChEstDynDescr_t *)"
4503865580,23231,108439,137,2,1,24,2,1,44,0.001,0.001,,,,,NVIDIA A100-SXM4-40GB MIG 4g.20gb (0),1,,13,"void ch_est::chEstFilterNoDftSOfdmDispatchKernel<float, __half, float, (unsigned int)2>(ch_est::puschRxChEstStatDescr_t *, ch_est::puschRxChEstDynDescr_t *)"
4503904875,22560,108440,137,2,1,24,2,1,44,0.001,0.001,,,,,NVIDIA A100-SXM4-40GB MIG 4g.20gb (0),1,,13,"void ch_est::chEstFilterNoDftSOfdmDispatchKernel<float, __half, float, (unsigned int)2>(ch_est::puschRxChEstStatDescr_t *, ch_est::puschRxChEstDynDescr_t *)"
4503968331,7999,108451,103,1,1,128,1,1,16,0.000,0.000,,,,,NVIDIA A100-SXM4-40GB MIG 4g.20gb (0),1,,13,cupy_copy__complex64_complex64
4504000202,16736,108461,1434,1,1,128,1,1,16,0.000,0.000,,,,,NVIDIA A100-SXM4-40GB MIG 4g.20gb (0),1,,13,cupy_copy__complex64_complex64
4504065193,8352,108468,103,1,1,128,1,1,16,0.000,0.000,,,,,NVIDIA A100-SXM4-40GB MIG 4g.20gb (0),1,,13,cupy_copy__complex64_complex64
4504102025,251069,108475,1,1,1,32,32,1,30,0.000,0.000,,,,,NVIDIA A100-SXM4-40GB MIG 4g.20gb (0),1,,13,"void convert_kernel<__half2, float2>(tensor_layout_any, T1 *, tensor_layout_any, const T2 *)"
4504384294,5376,108478,,,,,,,,,,0.094,17428.487,Pinned,Device,NVIDIA A100-SXM4-40GB MIG 4g.20gb (0),1,,13,[CUDA memcpy Host-to-Device]
4504446309,60735,108479,,,,,,,,,,35.810,589574.523,Device,,NVIDIA A100-SXM4-40GB MIG 4g.20gb (0),1,,13,[CUDA memset]
4504515204,1824,108481,,,,,,,,,,0.000,43.860,Pinned,Device,NVIDIA A100-SXM4-40GB MIG 4g.20gb (0),1,,13,[CUDA memcpy Host-to-Device]
4504519876,9472,108482,,,,,,,,,,0.197,20756.693,Pinned,Device,NVIDIA A100-SXM4-40GB MIG 4g.20gb (0),1,,13,[CUDA memcpy Host-to-Device]
4504596579,29056,108483,273,1,1,48,1,1,40,0.000,0.001,,,,,NVIDIA A100-SXM4-40GB MIG 4g.20gb (0),1,,13,"void pusch_noise_intf_est::noiseIntfEstNoDftSOfdmKernel<float, __half, float, float, (unsigned int)2, (unsigned int)1, (unsigned char)4, (unsigned char)4>(pusch_noise_intf_est::puschRxNoiseIntfEstDynDescr)"
4504634691,12096,108494,35,1,1,128,1,1,16,0.000,0.000,,,,,NVIDIA A100-SXM4-40GB MIG 4g.20gb (0),1,,13,cupy_copy__complex64_complex64
4504703394,3936,108503,1,1,1,1,1,1,18,0.000,0.000,,,,,NVIDIA A100-SXM4-40GB MIG 4g.20gb (0),1,,13,cupy_copy__float32_float32
4504710082,1600,108509,,,,,,,,,,0.000,2.500,Device,Pageable,NVIDIA A100-SXM4-40GB MIG 4g.20gb (0),1,,7,[CUDA memcpy Device-to-Host]
4504805697,19520,108520,1434,1,1,128,1,1,16,0.000,0.000,,,,,NVIDIA A100-SXM4-40GB MIG 4g.20gb (0),1,,13,cupy_copy__complex64_complex64
4504851488,5824,108527,103,1,1,128,1,1,16,0.000,0.000,,,,,NVIDIA A100-SXM4-40GB MIG 4g.20gb (0),1,,13,cupy_copy__complex64_complex64
4504914752,7872,108534,35,1,1,128,1,1,16,0.000,0.000,,,,,NVIDIA A100-SXM4-40GB MIG 4g.20gb (0),1,,13,cupy_copy__complex64_complex64
4504946879,4032,108541,1,1,1,1,1,1,18,0.000,0.000,,,,,NVIDIA A100-SXM4-40GB MIG 4g.20gb (0),1,,13,cupy_copy__float32_float32
4505014910,261053,108552,1,1,1,32,32,1,30,0.000,0.000,,,,,NVIDIA A100-SXM4-40GB MIG 4g.20gb (0),1,,13,"void convert_kernel<__half2, float2>(tensor_layout_any, T1 *, tensor_layout_any, const T2 *)"
4505304923,7104,108555,,,,,,,,,,0.094,13189.117,Pinned,Device,NVIDIA A100-SXM4-40GB MIG 4g.20gb (0),1,,13,[CUDA memcpy Host-to-Device]
4505346971,14591,108556,,,,,,,,,,1.547,105997.876,Device,,NVIDIA A100-SXM4-40GB MIG 4g.20gb (0),1,,13,[CUDA memset]
4505368218,3008,108561,,,,,,,,,,0.031,10404.230,Pinned,Device,NVIDIA A100-SXM4-40GB MIG 4g.20gb (0),1,,13,[CUDA memcpy Host-to-Device]
4505374810,10656,108562,,,,,,,,,,0.197,18450.285,Pinned,Device,NVIDIA A100-SXM4-40GB MIG 4g.20gb (0),1,,13,[CUDA memcpy Host-to-Device]
4505407514,29408,108563,273,1,1,8,4,1,39,0.002,0.000,,,,,NVIDIA A100-SXM4-40GB MIG 4g.20gb (0),1,,13,"void channel_eq::eqMmseCoefCompLowMimoKernel<float, float, float, (unsigned int)4, (unsigned int)1, (unsigned int)4>(const channel_eq::_puschRxChEqStatDescr *, channel_eq::_puschRxChEqCoefCompDynDescr)"
4505457817,27136,108564,273,1,1,12,11,1,51,0.002,0.000,,,,,NVIDIA A100-SXM4-40GB MIG 4g.20gb (0),1,,13,"void channel_eq::eqMmseSoftDemapKernel<float, __half, __half, float, (unsigned int)4, (unsigned short)16383>(channel_eq::_puschRxChEqStatDescr *, channel_eq::_puschRxChEqSoftDemapDynDescr)"
4505531289,610136,108565,1,1,1,32,32,1,30,0.000,0.000,,,,,NVIDIA A100-SXM4-40GB MIG 4g.20gb (0),1,,13,"void convert_kernel<float2, __half2>(tensor_layout_any, T1 *, tensor_layout_any, const T2 *)"
4506185233,19616,108577,2253,1,1,128,1,1,16,0.000,0.000,,,,,NVIDIA A100-SXM4-40GB MIG 4g.20gb (0),1,,13,cupy_copy__float16_float16
4506250192,13344,108586,282,1,1,128,1,1,16,0.000,0.000,,,,,NVIDIA A100-SXM4-40GB MIG 4g.20gb (0),1,,13,cupy_copy__complex64_complex64
4506282640,6752,108595,26,1,1,128,1,1,16,0.000,0.000,,,,,NVIDIA A100-SXM4-40GB MIG 4g.20gb (0),1,,13,cupy_copy__float32_float32
4506342191,11232,108604,103,1,1,128,1,1,16,0.000,0.000,,,,,NVIDIA A100-SXM4-40GB MIG 4g.20gb (0),1,,13,cupy_copy__complex64_complex64
4506379631,18304,108614,1434,1,1,128,1,1,16,0.000,0.000,,,,,NVIDIA A100-SXM4-40GB MIG 4g.20gb (0),1,,13,cupy_copy__complex64_complex64
4506450382,259229,108619,1,1,1,32,32,1,30,0.000,0.000,,,,,NVIDIA A100-SXM4-40GB MIG 4g.20gb (0),1,,13,"void convert_kernel<__half2, float2>(tensor_layout_any, T1 *, tensor_layout_any, const T2 *)"
4506740843,5344,108622,,,,,,,,,,0.094,17532.864,Pinned,Device,NVIDIA A100-SXM4-40GB MIG 4g.20gb (0),1,,13,[CUDA memcpy Host-to-Device]
4506761610,631481,108623,,,,,,,,,,456.561,722736.760,Device,,NVIDIA A100-SXM4-40GB MIG 4g.20gb (0),1,,13,[CUDA memset]
4507399075,51359,108628,,,,,,,,,,1.235,24044.360,Pinned,Device,NVIDIA A100-SXM4-40GB MIG 4g.20gb (0),1,,13,[CUDA memcpy Host-to-Device]
4507453442,9568,108629,,,,,,,,,,0.197,20548.485,Pinned,Device,NVIDIA A100-SXM4-40GB MIG 4g.20gb (0),1,,13,[CUDA memcpy Host-to-Device]
4507479970,23328,108630,69,4,1,48,1,1,76,0.002,0.000,,,,,NVIDIA A100-SXM4-40GB MIG 4g.20gb (0),1,,13,"void ch_est::windowedChEstPreNoDftSOfdmKernel<float, __half, float, (unsigned int)2, (unsigned int)1, (unsigned short)4>(ch_est::puschRxChEstStatDescr_t *, ch_est::puschRxChEstDynDescr_t *)"
4507547201,23328,108631,137,2,1,24,2,1,44,0.001,0.001,,,,,NVIDIA A100-SXM4-40GB MIG 4g.20gb (0),1,,13,"void ch_est::chEstFilterNoDftSOfdmDispatchKernel<float, __half, float, (unsigned int)2>(ch_est::puschRxChEstStatDescr_t *, ch_est::puschRxChEstDynDescr_t *)"
4507583681,32255,108632,137,2,1,24,2,1,44,0.001,0.001,,,,,NVIDIA A100-SXM4-40GB MIG 4g.20gb (0),1,,13,"void ch_est::chEstFilterNoDftSOfdmDispatchKernel<float, __half, float, (unsigned int)2>(ch_est::puschRxChEstStatDescr_t *, ch_est::puschRxChEstDynDescr_t *)"
4507652288,10112,108643,103,1,1,128,1,1,16,0.000,0.000,,,,,NVIDIA A100-SXM4-40GB MIG 4g.20gb (0),1,,13,cupy_copy__complex64_complex64
4507685088,16703,108653,1434,1,1,128,1,1,16,0.000,0.000,,,,,NVIDIA A100-SXM4-40GB MIG 4g.20gb (0),1,,13,cupy_copy__complex64_complex64
4507752351,7616,108660,103,1,1,128,1,1,16,0.000,0.000,,,,,NVIDIA A100-SXM4-40GB MIG 4g.20gb (0),1,,13,cupy_copy__complex64_complex64
4507790238,262557,108667,1,1,1,32,32,1,30,0.000,0.000,,,,,NVIDIA A100-SXM4-40GB MIG 4g.20gb (0),1,,13,"void convert_kernel<__half2, float2>(tensor_layout_any, T1 *, tensor_layout_any, const T2 *)"
4508082683,5376,108670,,,,,,,,,,0.094,17428.487,Pinned,Device,NVIDIA A100-SXM4-40GB MIG 4g.20gb (0),1,,13,[CUDA memcpy Host-to-Device]
4508161690,63487,108671,,,,,,,,,,35.810,564042.050,Device,,NVIDIA A100-SXM4-40GB MIG 4g.20gb (0),1,,13,[CUDA memset]
4508232537,1824,108673,,,,,,,,,,0.000,43.860,Pinned,Device,NVIDIA A100-SXM4-40GB MIG 4g.20gb (0),1,,13,[CUDA memcpy Host-to-Device]
4508236825,11712,108674,,,,,,,,,,0.197,16786.784,Pinned,Device,NVIDIA A100-SXM4-40GB MIG 4g.20gb (0),1,,13,[CUDA memcpy Host-to-Device]
4508310712,38528,108675,273,1,1,48,1,1,40,0.000,0.001,,,,,NVIDIA A100-SXM4-40GB MIG 4g.20gb (0),1,,13,"void pusch_noise_intf_est::noiseIntfEstNoDftSOfdmKernel<float, __half, float, float, (unsigned int)2, (unsigned int)1, (unsigned char)4, (unsigned char)4>(pusch_noise_intf_est::puschRxNoiseIntfEstDynDescr)"
4508374488,9312,108686,35,1,1,128,1,1,16,0.000,0.000,,,,,NVIDIA A100-SXM4-40GB MIG 4g.20gb (0),1,,13,cupy_copy__complex64_complex64
4508407671,4928,108695,1,1,1,1,1,1,18,0.000,0.000,,,,,NVIDIA A100-SXM4-40GB MIG 4g.20gb (0),1,,13,cupy_copy__float32_float32
4508413943,1696,108701,,,,,,,,,,0.000,2.358,Device,Pageable,NVIDIA A100-SXM4-40GB MIG 4g.20gb (0),1,,7,[CUDA memcpy Device-to-Host]
4508514390,18176,108712,1434,1,1,128,1,1,16,0.000,0.000,,,,,NVIDIA A100-SXM4-40GB MIG 4g.20gb (0),1,,13,cupy_copy__complex64_complex64
4508581717,8448,108719,103,1,1,128,1,1,16,0.000,0.000,,,,,NVIDIA A100-SXM4-40GB MIG 4g.20gb (0),1,,13,cupy_copy__complex64_complex64
4508614421,10048,108726,35,1,1,128,1,1,16,0.000,0.000,,,,,NVIDIA A100-SXM4-40GB MIG 4g.20gb (0),1,,13,cupy_copy__complex64_complex64
4508683060,4480,108733,1,1,1,1,1,1,18,0.000,0.000,,,,,NVIDIA A100-SXM4-40GB MIG 4g.20gb (0),1,,13,cupy_copy__float32_float32
4508721908,254301,108744,1,1,1,32,32,1,30,0.000,0.000,,,,,NVIDIA A100-SXM4-40GB MIG 4g.20gb (0),1,,13,"void convert_kernel<__half2, float2>(tensor_layout_any, T1 *, tensor_layout_any, const T2 *)"
4509004560,5376,108747,,,,,,,,,,0.094,17428.487,Pinned,Device,NVIDIA A100-SXM4-40GB MIG 4g.20gb (0),1,,13,[CUDA memcpy Host-to-Device]
4509035440,15968,108748,,,,,,,,,,1.547,96857.328,Device,,NVIDIA A100-SXM4-40GB MIG 4g.20gb (0),1,,13,[CUDA memset]
4509054864,3712,108753,,,,,,,,,,0.031,8431.017,Pinned,Device,NVIDIA A100-SXM4-40GB MIG 4g.20gb (0),1,,13,[CUDA memcpy Host-to-Device]
4509061008,10592,108754,,,,,,,,,,0.197,18561.761,Pinned,Device,NVIDIA A100-SXM4-40GB MIG 4g.20gb (0),1,,13,[CUDA memcpy Host-to-Device]
4509100143,27520,108755,273,1,1,8,4,1,39,0.002,0.000,,,,,NVIDIA A100-SXM4-40GB MIG 4g.20gb (0),1,,13,"void channel_eq::eqMmseCoefCompLowMimoKernel<float, float, float, (unsigned int)4, (unsigned int)1, (unsigned int)4>(const channel_eq::_puschRxChEqStatDescr *, channel_eq::_puschRxChEqCoefCompDynDescr)"
4509146511,26016,108756,273,1,1,12,11,1,51,0.002,0.000,,,,,NVIDIA A100-SXM4-40GB MIG 4g.20gb (0),1,,13,"void channel_eq::eqMmseSoftDemapKernel<float, __half, __half, float, (unsigned int)4, (unsigned short)16383>(channel_eq::_puschRxChEqStatDescr *, channel_eq::_puschRxChEqSoftDemapDynDescr)"
4509220142,622265,108757,1,1,1,32,32,1,30,0.000,0.000,,,,,NVIDIA A100-SXM4-40GB MIG 4g.20gb (0),1,,13,"void convert_kernel<float2, __half2>(tensor_layout_any, T1 *, tensor_layout_any, const T2 *)"
4509873830,18464,108769,2253,1,1,128,1,1,16,0.000,0.000,,,,,NVIDIA A100-SXM4-40GB MIG 4g.20gb (0),1,,13,cupy_copy__float16_float16
4509937062,15872,108778,282,1,1,128,1,1,16,0.000,0.000,,,,,NVIDIA A100-SXM4-40GB MIG 4g.20gb (0),1,,13,cupy_copy__complex64_complex64
4509968837,6688,108787,26,1,1,128,1,1,16,0.000,0.000,,,,,NVIDIA A100-SXM4-40GB MIG 4g.20gb (0),1,,13,cupy_copy__float32_float32
4510032421,10527,108796,103,1,1,128,1,1,16,0.000,0.000,,,,,NVIDIA A100-SXM4-40GB MIG 4g.20gb (0),1,,13,cupy_copy__complex64_complex64
4510071044,20608,108806,1434,1,1,128,1,1,16,0.000,0.000,,,,,NVIDIA A100-SXM4-40GB MIG 4g.20gb (0),1,,13,cupy_copy__complex64_complex64
4510144227,250525,108811,1,1,1,32,32,1,30,0.000,0.000,,,,,NVIDIA A100-SXM4-40GB MIG 4g.20gb (0),1,,13,"void convert_kernel<__half2, float2>(tensor_layout_any, T1 *, tensor_layout_any, const T2 *)"
4510423616,5536,108814,,,,,,,,,,0.094,16924.777,Pinned,Device,NVIDIA A100-SXM4-40GB MIG 4g.20gb (0),1,,13,[CUDA memcpy Host-to-Device]
4510451904,629176,108815,,,,,,,,,,456.561,725476.128,Device,,NVIDIA A100-SXM4-40GB MIG 4g.20gb (0),1,,13,[CUDA memset]
4511087064,51360,108820,,,,,,,,,,1.235,24044.360,Pinned,Device,NVIDIA A100-SXM4-40GB MIG 4g.20gb (0),1,,13,[CUDA memcpy Host-to-Device]
4511141880,9984,108821,,,,,,,,,,0.197,19692.257,Pinned,Device,NVIDIA A100-SXM4-40GB MIG 4g.20gb (0),1,,13,[CUDA memcpy Host-to-Device]
4511167639,27456,108822,69,4,1,48,1,1,76,0.002,0.000,,,,,NVIDIA A100-SXM4-40GB MIG 4g.20gb (0),1,,13,"void ch_est::windowedChEstPreNoDftSOfdmKernel<float, __half, float, (unsigned int)2, (unsigned int)1, (unsigned short)4>(ch_est::puschRxChEstStatDescr_t *, ch_est::puschRxChEstDynDescr_t *)"
4511232343,22495,108823,137,2,1,24,2,1,44,0.001,0.001,,,,,NVIDIA A100-SXM4-40GB MIG 4g.20gb (0),1,,13,"void ch_est::chEstFilterNoDftSOfdmDispatchKernel<float, __half, float, (unsigned int)2>(ch_est::puschRxChEstStatDescr_t *, ch_est::puschRxChEstDynDescr_t *)"
4511268918,20544,108824,137,2,1,24,2,1,44,0.001,0.001,,,,,NVIDIA A100-SXM4-40GB MIG 4g.20gb (0),1,,13,"void ch_est::chEstFilterNoDftSOfdmDispatchKernel<float, __half, float, (unsigned int)2>(ch_est::puschRxChEstStatDescr_t *, ch_est::puschRxChEstDynDescr_t *)"
4511335478,9983,108835,103,1,1,128,1,1,16,0.000,0.000,,,,,NVIDIA A100-SXM4-40GB MIG 4g.20gb (0),1,,13,cupy_copy__complex64_complex64
4511369653,15968,108845,1434,1,1,128,1,1,16,0.000,0.000,,,,,NVIDIA A100-SXM4-40GB MIG 4g.20gb (0),1,,13,cupy_copy__complex64_complex64
4511434868,9600,108852,103,1,1,128,1,1,16,0.000,0.000,,,,,NVIDIA A100-SXM4-40GB MIG 4g.20gb (0),1,,13,cupy_copy__complex64_complex64
4511471892,256093,108859,1,1,1,32,32,1,30,0.000,0.000,,,,,NVIDIA A100-SXM4-40GB MIG 4g.20gb (0),1,,13,"void convert_kernel<__half2, float2>(tensor_layout_any, T1 *, tensor_layout_any, const T2 *)"
4511758385,5984,108862,,,,,,,,,,0.094,15657.726,Pinned,Device,NVIDIA A100-SXM4-40GB MIG 4g.20gb (0),1,,13,[CUDA memcpy Host-to-Device]
4511817648,60799,108863,,,,,,,,,,35.810,588965.754,Device,,NVIDIA A100-SXM4-40GB MIG 4g.20gb (0),1,,13,[CUDA memset]
4511880271,2624,108865,,,,,,,,,,0.000,30.488,Pinned,Device,NVIDIA A100-SXM4-40GB MIG 4g.20gb (0),1,,13,[CUDA memcpy Host-to-Device]
4511887023,9408,108866,,,,,,,,,,0.197,20897.858,Pinned,Device,NVIDIA A100-SXM4-40GB MIG 4g.20gb (0),1,,13,[CUDA memcpy Host-to-Device]
4511966030,28192,108867,273,1,1,48,1,1,40,0.000,0.001,,,,,NVIDIA A100-SXM4-40GB MIG 4g.20gb (0),1,,13,"void pusch_noise_intf_est::noiseIntfEstNoDftSOfdmKernel<float, __half, float, float, (unsigned int)2, (unsigned int)1, (unsigned char)4, (unsigned char)4>(pusch_noise_intf_est::puschRxNoiseIntfEstDynDescr)"
4512002670,8576,108878,35,1,1,128,1,1,16,0.000,0.000,,,,,NVIDIA A100-SXM4-40GB MIG 4g.20gb (0),1,,13,cupy_copy__complex64_complex64
4512063885,7264,108887,1,1,1,1,1,1,18,0.000,0.000,,,,,NVIDIA A100-SXM4-40GB MIG 4g.20gb (0),1,,13,cupy_copy__float32_float32
4512074157,1824,108893,,,,,,,,,,0.000,2.193,Device,Pageable,NVIDIA A100-SXM4-40GB MIG 4g.20gb (0),1,,7,[CUDA memcpy Device-to-Host]
4512158764,16576,108904,1434,1,1,128,1,1,16,0.000,0.000,,,,,NVIDIA A100-SXM4-40GB MIG 4g.20gb (0),1,,13,cupy_copy__complex64_complex64
4512196492,6176,108911,103,1,1,128,1,1,16,0.000,0.000,,,,,NVIDIA A100-SXM4-40GB MIG 4g.20gb (0),1,,13,cupy_copy__complex64_complex64
4512259627,8352,108918,35,1,1,128,1,1,16,0.000,0.000,,,,,NVIDIA A100-SXM4-40GB MIG 4g.20gb (0),1,,13,cupy_copy__complex64_complex64
4512300330,5120,108925,1,1,1,1,1,1,18,0.000,0.000,,,,,NVIDIA A100-SXM4-40GB MIG 4g.20gb (0),1,,13,cupy_copy__float32_float32
4512387657,253597,108936,1,1,1,32,32,1,30,0.000,0.000,,,,,NVIDIA A100-SXM4-40GB MIG 4g.20gb (0),1,,13,"void convert_kernel<__half2, float2>(tensor_layout_any, T1 *, tensor_layout_any, const T2 *)"
4512671046,5792,108939,,,,,,,,,,0.094,16176.708,Pinned,Device,NVIDIA A100-SXM4-40GB MIG 4g.20gb (0),1,,13,[CUDA memcpy Host-to-Device]
4512756741,10848,108940,,,,,,,,,,1.547,142570.894,Device,,NVIDIA A100-SXM4-40GB MIG 4g.20gb (0),1,,13,[CUDA memset]
4512774597,3360,108945,,,,,,,,,,0.031,9314.284,Pinned,Device,NVIDIA A100-SXM4-40GB MIG 4g.20gb (0),1,,13,[CUDA memcpy Host-to-Device]
4512780453,9792,108946,,,,,,,,,,0.197,20078.395,Pinned,Device,NVIDIA A100-SXM4-40GB MIG 4g.20gb (0),1,,13,[CUDA memcpy Host-to-Device]
4512848900,27136,108947,273,1,1,8,4,1,39,0.002,0.000,,,,,NVIDIA A100-SXM4-40GB MIG 4g.20gb (0),1,,13,"void channel_eq::eqMmseCoefCompLowMimoKernel<float, float, float, (unsigned int)4, (unsigned int)1, (unsigned int)4>(const channel_eq::_puschRxChEqStatDescr *, channel_eq::_puschRxChEqCoefCompDynDescr)"
4512894596,27231,108948,273,1,1,12,11,1,51,0.002,0.000,,,,,NVIDIA A100-SXM4-40GB MIG 4g.20gb (0),1,,13,"void channel_eq::eqMmseSoftDemapKernel<float, __half, __half, float, (unsigned int)4, (unsigned short)16383>(channel_eq::_puschRxChEqStatDescr *, channel_eq::_puschRxChEqSoftDemapDynDescr)"
4512967971,632792,108949,1,1,1,32,32,1,30,0.000,0.000,,,,,NVIDIA A100-SXM4-40GB MIG 4g.20gb (0),1,,13,"void convert_kernel<float2, __half2>(tensor_layout_any, T1 *, tensor_layout_any, const T2 *)"
4513624059,19488,108961,2253,1,1,128,1,1,16,0.000,0.000,,,,,NVIDIA A100-SXM4-40GB MIG 4g.20gb (0),1,,13,cupy_copy__float16_float16
4513687706,13696,108970,282,1,1,128,1,1,16,0.000,0.000,,,,,NVIDIA A100-SXM4-40GB MIG 4g.20gb (0),1,,13,cupy_copy__complex64_complex64
4513719130,7104,108979,26,1,1,128,1,1,16,0.000,0.000,,,,,NVIDIA A100-SXM4-40GB MIG 4g.20gb (0),1,,13,cupy_copy__float32_float32
4513777401,10944,108988,103,1,1,128,1,1,16,0.000,0.000,,,,,NVIDIA A100-SXM4-40GB MIG 4g.20gb (0),1,,13,cupy_copy__complex64_complex64
4513816793,18208,108998,1434,1,1,128,1,1,16,0.000,0.000,,,,,NVIDIA A100-SXM4-40GB MIG 4g.20gb (0),1,,13,cupy_copy__complex64_complex64
4513887672,254941,109003,1,1,1,32,32,1,30,0.000,0.000,,,,,NVIDIA A100-SXM4-40GB MIG 4g.20gb (0),1,,13,"void convert_kernel<__half2, float2>(tensor_layout_any, T1 *, tensor_layout_any, const T2 *)"
4514171189,5536,109006,,,,,,,,,,0.094,16924.777,Pinned,Device,NVIDIA A100-SXM4-40GB MIG 4g.20gb (0),1,,13,[CUDA memcpy Host-to-Device]
4514190869,634008,109007,,,,,,,,,,456.561,719997.391,Device,,NVIDIA A100-SXM4-40GB MIG 4g.20gb (0),1,,13,[CUDA memset]
4514826669,51904,109012,,,,,,,,,,1.235,23792.431,Pinned,Device,NVIDIA A100-SXM4-40GB MIG 4g.20gb (0),1,,13,[CUDA memcpy Host-to-Device]
4514881005,9984,109013,,,,,,,,,,0.197,19692.257,Pinned,Device,NVIDIA A100-SXM4-40GB MIG 4g.20gb (0),1,,13,[CUDA memcpy Host-to-Device]
4514911756,27520,109014,69,4,1,48,1,1,76,0.002,0.000,,,,,NVIDIA A100-SXM4-40GB MIG 4g.20gb (0),1,,13,"void ch_est::windowedChEstPreNoDftSOfdmKernel<float, __half, float, (unsigned int)2, (unsigned int)1, (unsigned short)4>(ch_est::puschRxChEstStatDescr_t *, ch_est::puschRxChEstDynDescr_t *)"
4514976876,21439,109015,137,2,1,24,2,1,44,0.001,0.001,,,,,NVIDIA A100-SXM4-40GB MIG 4g.20gb (0),1,,13,"void ch_est::chEstFilterNoDftSOfdmDispatchKernel<float, __half, float, (unsigned int)2>(ch_est::puschRxChEstStatDescr_t *, ch_est::puschRxChEstDynDescr_t *)"
4515015179,23200,109016,137,2,1,24,2,1,44,0.001,0.001,,,,,NVIDIA A100-SXM4-40GB MIG 4g.20gb (0),1,,13,"void ch_est::chEstFilterNoDftSOfdmDispatchKernel<float, __half, float, (unsigned int)2>(ch_est::puschRxChEstStatDescr_t *, ch_est::puschRxChEstDynDescr_t *)"
4515078410,9952,109027,103,1,1,128,1,1,16,0.000,0.000,,,,,NVIDIA A100-SXM4-40GB MIG 4g.20gb (0),1,,13,cupy_copy__complex64_complex64
4515111434,16608,109037,1434,1,1,128,1,1,16,0.000,0.000,,,,,NVIDIA A100-SXM4-40GB MIG 4g.20gb (0),1,,13,cupy_copy__complex64_complex64
4515178217,8672,109044,103,1,1,128,1,1,16,0.000,0.000,,,,,NVIDIA A100-SXM4-40GB MIG 4g.20gb (0),1,,13,cupy_copy__complex64_complex64
4515215081,252093,109051,1,1,1,32,32,1,30,0.000,0.000,,,,,NVIDIA A100-SXM4-40GB MIG 4g.20gb (0),1,,13,"void convert_kernel<__half2, float2>(tensor_layout_any, T1 *, tensor_layout_any, const T2 *)"
4515496294,6143,109054,,,,,,,,,,0.094,15252.397,Pinned,Device,NVIDIA A100-SXM4-40GB MIG 4g.20gb (0),1,,13,[CUDA memcpy Host-to-Device]
4515559205,62687,109055,,,,,,,,,,35.810,571239.844,Device,,NVIDIA A100-SXM4-40GB MIG 4g.20gb (0),1,,13,[CUDA memset]
4515623332,4832,109057,,,,,,,,,,0.000,16.556,Pinned,Device,NVIDIA A100-SXM4-40GB MIG 4g.20gb (0),1,,13,[CUDA memcpy Host-to-Device]
4515630660,9408,109058,,,,,,,,,,0.197,20897.858,Pinned,Device,NVIDIA A100-SXM4-40GB MIG 4g.20gb (0),1,,13,[CUDA memcpy Host-to-Device]
4515716259,27264,109059,273,1,1,48,1,1,40,0.000,0.001,,,,,NVIDIA A100-SXM4-40GB MIG 4g.20gb (0),1,,13,"void pusch_noise_intf_est::noiseIntfEstNoDftSOfdmKernel<float, __half, float, float, (unsigned int)2, (unsigned int)1, (unsigned char)4, (unsigned char)4>(pusch_noise_intf_est::puschRxNoiseIntfEstDynDescr)"
4515750979,11423,109070,35,1,1,128,1,1,16,0.000,0.000,,,,,NVIDIA A100-SXM4-40GB MIG 4g.20gb (0),1,,13,cupy_copy__complex64_complex64
4515824514,3104,109079,1,1,1,1,1,1,18,0.000,0.000,,,,,NVIDIA A100-SXM4-40GB MIG 4g.20gb (0),1,,13,cupy_copy__float32_float32
4515832642,1632,109085,,,,,,,,,,0.000,2.451,Device,Pageable,NVIDIA A100-SXM4-40GB MIG 4g.20gb (0),1,,7,[CUDA memcpy Device-to-Host]
4515936448,17280,109096,1434,1,1,128,1,1,16,0.000,0.000,,,,,NVIDIA A100-SXM4-40GB MIG 4g.20gb (0),1,,13,cupy_copy__complex64_complex64
4515974848,8960,109103,103,1,1,128,1,1,16,0.000,0.000,,,,,NVIDIA A100-SXM4-40GB MIG 4g.20gb (0),1,,13,cupy_copy__complex64_complex64
4516036575,7968,109110,35,1,1,128,1,1,16,0.000,0.000,,,,,NVIDIA A100-SXM4-40GB MIG 4g.20gb (0),1,,13,cupy_copy__complex64_complex64
4516070751,5344,109117,1,1,1,1,1,1,18,0.000,0.000,,,,,NVIDIA A100-SXM4-40GB MIG 4g.20gb (0),1,,13,cupy_copy__float32_float32
4516140638,252989,109128,1,1,1,32,32,1,30,0.000,0.000,,,,,NVIDIA A100-SXM4-40GB MIG 4g.20gb (0),1,,13,"void convert_kernel<__half2, float2>(tensor_layout_any, T1 *, tensor_layout_any, const T2 *)"
4516425275,5632,109131,,,,,,,,,,0.094,16636.287,Pinned,Device,NVIDIA A100-SXM4-40GB MIG 4g.20gb (0),1,,13,[CUDA memcpy Host-to-Device]
4516480250,12736,109132,,,,,,,,,,1.547,121436.277,Device,,NVIDIA A100-SXM4-40GB MIG 4g.20gb (0),1,,13,[CUDA memset]
4516494714,3392,109137,,,,,,,,,,0.031,9226.405,Pinned,Device,NVIDIA A100-SXM4-40GB MIG 4g.20gb (0),1,,13,[CUDA memcpy Host-to-Device]
4516500602,9792,109138,,,,,,,,,,0.197,20078.395,Pinned,Device,NVIDIA A100-SXM4-40GB MIG 4g.20gb (0),1,,13,[CUDA memcpy Host-to-Device]
4516547449,28416,109139,273,1,1,8,4,1,39,0.002,0.000,,,,,NVIDIA A100-SXM4-40GB MIG 4g.20gb (0),1,,13,"void channel_eq::eqMmseCoefCompLowMimoKernel<float, float, float, (unsigned int)4, (unsigned int)1, (unsigned int)4>(const channel_eq::_puschRxChEqStatDescr *, channel_eq::_puschRxChEqCoefCompDynDescr)"
4516596121,26592,109140,273,1,1,12,11,1,51,0.002,0.000,,,,,NVIDIA A100-SXM4-40GB MIG 4g.20gb (0),1,,13,"void channel_eq::eqMmseSoftDemapKernel<float, __half, __half, float, (unsigned int)4, (unsigned short)16383>(channel_eq::_puschRxChEqStatDescr *, channel_eq::_puschRxChEqSoftDemapDynDescr)"
4516670776,627513,109141,1,1,1,32,32,1,30,0.000,0.000,,,,,NVIDIA A100-SXM4-40GB MIG 4g.20gb (0),1,,13,"void convert_kernel<float2, __half2>(tensor_layout_any, T1 *, tensor_layout_any, const T2 *)"
4517323024,19648,109153,2253,1,1,128,1,1,16,0.000,0.000,,,,,NVIDIA A100-SXM4-40GB MIG 4g.20gb (0),1,,13,cupy_copy__float16_float16
4517391312,13280,109162,282,1,1,128,1,1,16,0.000,0.000,,,,,NVIDIA A100-SXM4-40GB MIG 4g.20gb (0),1,,13,cupy_copy__complex64_complex64
4517427567,4288,109171,26,1,1,128,1,1,16,0.000,0.000,,,,,NVIDIA A100-SXM4-40GB MIG 4g.20gb (0),1,,13,cupy_copy__float32_float32
4517484783,10911,109180,103,1,1,128,1,1,16,0.000,0.000,,,,,NVIDIA A100-SXM4-40GB MIG 4g.20gb (0),1,,13,cupy_copy__complex64_complex64
4517521614,17824,109190,1434,1,1,128,1,1,16,0.000,0.000,,,,,NVIDIA A100-SXM4-40GB MIG 4g.20gb (0),1,,13,cupy_copy__complex64_complex64
4517592237,251325,109195,1,1,1,32,32,1,30,0.000,0.000,,,,,NVIDIA A100-SXM4-40GB MIG 4g.20gb (0),1,,13,"void convert_kernel<__half2, float2>(tensor_layout_any, T1 *, tensor_layout_any, const T2 *)"
4517872778,5344,109198,,,,,,,,,,0.094,17532.864,Pinned,Device,NVIDIA A100-SXM4-40GB MIG 4g.20gb (0),1,,13,[CUDA memcpy Host-to-Device]
4517902058,629401,109199,,,,,,,,,,456.561,725019.567,Device,,NVIDIA A100-SXM4-40GB MIG 4g.20gb (0),1,,13,[CUDA memset]
4518533314,50912,109204,,,,,,,,,,1.235,24255.535,Pinned,Device,NVIDIA A100-SXM4-40GB MIG 4g.20gb (0),1,,13,[CUDA memcpy Host-to-Device]
4518586690,9472,109205,,,,,,,,,,0.197,20756.693,Pinned,Device,NVIDIA A100-SXM4-40GB MIG 4g.20gb (0),1,,13,[CUDA memcpy Host-to-Device]
4518618402,24223,109206,69,4,1,48,1,1,76,0.002,0.000,,,,,NVIDIA A100-SXM4-40GB MIG 4g.20gb (0),1,,13,"void ch_est::windowedChEstPreNoDftSOfdmKernel<float, __half, float, (unsigned int)2, (unsigned int)1, (unsigned short)4>(ch_est::puschRxChEstStatDescr_t *, ch_est::puschRxChEstDynDescr_t *)"
4518682657,22400,109207,137,2,1,24,2,1,44,0.001,0.001,,,,,NVIDIA A100-SXM4-40GB MIG 4g.20gb (0),1,,13,"void ch_est::chEstFilterNoDftSOfdmDispatchKernel<float, __half, float, (unsigned int)2>(ch_est::puschRxChEstStatDescr_t *, ch_est::puschRxChEstDynDescr_t *)"
4518720000,23328,109208,137,2,1,24,2,1,44,0.001,0.001,,,,,NVIDIA A100-SXM4-40GB MIG 4g.20gb (0),1,,13,"void ch_est::chEstFilterNoDftSOfdmDispatchKernel<float, __half, float, (unsigned int)2>(ch_est::puschRxChEstStatDescr_t *, ch_est::puschRxChEstDynDescr_t *)"
4518783616,9567,109219,103,1,1,128,1,1,16,0.000,0.000,,,,,NVIDIA A100-SXM4-40GB MIG 4g.20gb (0),1,,13,cupy_copy__complex64_complex64
4518816415,17312,109229,1434,1,1,128,1,1,16,0.000,0.000,,,,,NVIDIA A100-SXM4-40GB MIG 4g.20gb (0),1,,13,cupy_copy__complex64_complex64
4518888478,7584,109236,103,1,1,128,1,1,16,0.000,0.000,,,,,NVIDIA A100-SXM4-40GB MIG 4g.20gb (0),1,,13,cupy_copy__complex64_complex64
4518923358,256605,109243,1,1,1,32,32,1,30,0.000,0.000,,,,,NVIDIA A100-SXM4-40GB MIG 4g.20gb (0),1,,13,"void convert_kernel<__half2, float2>(tensor_layout_any, T1 *, tensor_layout_any, const T2 *)"
4519209307,5376,109246,,,,,,,,,,0.094,17428.487,Pinned,Device,NVIDIA A100-SXM4-40GB MIG 4g.20gb (0),1,,13,[CUDA memcpy Host-to-Device]
4519264506,61183,109247,,,,,,,,,,35.810,585277.332,Device,,NVIDIA A100-SXM4-40GB MIG 4g.20gb (0),1,,13,[CUDA memset]
4519328089,4480,109249,,,,,,,,,,0.000,17.857,Pinned,Device,NVIDIA A100-SXM4-40GB MIG 4g.20gb (0),1,,13,[CUDA memcpy Host-to-Device]
4519335321,9824,109250,,,,,,,,,,0.197,20012.925,Pinned,Device,NVIDIA A100-SXM4-40GB MIG 4g.20gb (0),1,,13,[CUDA memcpy Host-to-Device]
4519423352,26464,109251,273,1,1,48,1,1,40,0.000,0.001,,,,,NVIDIA A100-SXM4-40GB MIG 4g.20gb (0),1,,13,"void pusch_noise_intf_est::noiseIntfEstNoDftSOfdmKernel<float, __half, float, float, (unsigned int)2, (unsigned int)1, (unsigned char)4, (unsigned char)4>(pusch_noise_intf_est::puschRxNoiseIntfEstDynDescr)"
4519460088,9088,109262,35,1,1,128,1,1,16,0.000,0.000,,,,,NVIDIA A100-SXM4-40GB MIG 4g.20gb (0),1,,13,cupy_copy__complex64_complex64
4519534263,4576,109271,1,1,1,1,1,1,18,0.000,0.000,,,,,NVIDIA A100-SXM4-40GB MIG 4g.20gb (0),1,,13,cupy_copy__float32_float32
4519544599,1632,109277,,,,,,,,,,0.000,2.451,Device,Pageable,NVIDIA A100-SXM4-40GB MIG 4g.20gb (0),1,,7,[CUDA memcpy Device-to-Host]
4519643926,17791,109288,1434,1,1,128,1,1,16,0.000,0.000,,,,,NVIDIA A100-SXM4-40GB MIG 4g.20gb (0),1,,13,cupy_copy__complex64_complex64
4519681877,6400,109295,103,1,1,128,1,1,16,0.000,0.000,,,,,NVIDIA A100-SXM4-40GB MIG 4g.20gb (0),1,,13,cupy_copy__complex64_complex64
4519742389,9439,109302,35,1,1,128,1,1,16,0.000,0.000,,,,,NVIDIA A100-SXM4-40GB MIG 4g.20gb (0),1,,13,cupy_copy__complex64_complex64
4519780948,4832,109309,1,1,1,1,1,1,18,0.000,0.000,,,,,NVIDIA A100-SXM4-40GB MIG 4g.20gb (0),1,,13,cupy_copy__float32_float32
4519861107,247581,109320,1,1,1,32,32,1,30,0.000,0.000,,,,,NVIDIA A100-SXM4-40GB MIG 4g.20gb (0),1,,13,"void convert_kernel<__half2, float2>(tensor_layout_any, T1 *, tensor_layout_any, const T2 *)"
4520138992,5408,109323,,,,,,,,,,0.094,17325.421,Pinned,Device,NVIDIA A100-SXM4-40GB MIG 4g.20gb (0),1,,13,[CUDA memcpy Host-to-Device]
4520206351,10112,109324,,,,,,,,,,1.547,152948.741,Device,,NVIDIA A100-SXM4-40GB MIG 4g.20gb (0),1,,13,[CUDA memset]
4520221455,3296,109329,,,,,,,,,,0.031,9495.144,Pinned,Device,NVIDIA A100-SXM4-40GB MIG 4g.20gb (0),1,,13,[CUDA memcpy Host-to-Device]
4520227183,9440,109330,,,,,,,,,,0.197,20827.079,Pinned,Device,NVIDIA A100-SXM4-40GB MIG 4g.20gb (0),1,,13,[CUDA memcpy Host-to-Device]
4520295406,28000,109331,273,1,1,8,4,1,39,0.002,0.000,,,,,NVIDIA A100-SXM4-40GB MIG 4g.20gb (0),1,,13,"void channel_eq::eqMmseCoefCompLowMimoKernel<float, float, float, (unsigned int)4, (unsigned int)1, (unsigned int)4>(const channel_eq::_puschRxChEqStatDescr *, channel_eq::_puschRxChEqCoefCompDynDescr)"
4520341582,27103,109332,273,1,1,12,11,1,51,0.002,0.000,,,,,NVIDIA A100-SXM4-40GB MIG 4g.20gb (0),1,,13,"void channel_eq::eqMmseSoftDemapKernel<float, __half, __half, float, (unsigned int)4, (unsigned short)16383>(channel_eq::_puschRxChEqStatDescr *, channel_eq::_puschRxChEqSoftDemapDynDescr)"
4520419085,619769,109333,1,1,1,32,32,1,30,0.000,0.000,,,,,NVIDIA A100-SXM4-40GB MIG 4g.20gb (0),1,,13,"void convert_kernel<float2, __half2>(tensor_layout_any, T1 *, tensor_layout_any, const T2 *)"
4521074149,19296,109345,2253,1,1,128,1,1,16,0.000,0.000,,,,,NVIDIA A100-SXM4-40GB MIG 4g.20gb (0),1,,13,cupy_copy__float16_float16
4521142116,14208,109354,282,1,1,128,1,1,16,0.000,0.000,,,,,NVIDIA A100-SXM4-40GB MIG 4g.20gb (0),1,,13,cupy_copy__complex64_complex64
4521177668,3776,109363,26,1,1,128,1,1,16,0.000,0.000,,,,,NVIDIA A100-SXM4-40GB MIG 4g.20gb (0),1,,13,cupy_copy__float32_float32
4521234179,10496,109372,103,1,1,128,1,1,16,0.000,0.000,,,,,NVIDIA A100-SXM4-40GB MIG 4g.20gb (0),1,,13,cupy_copy__complex64_complex64
4521279715,18496,109382,1434,1,1,128,1,1,16,0.000,0.000,,,,,NVIDIA A100-SXM4-40GB MIG 4g.20gb (0),1,,13,cupy_copy__complex64_complex64
4521350306,257853,109387,1,1,1,32,32,1,30,0.000,0.000,,,,,NVIDIA A100-SXM4-40GB MIG 4g.20gb (0),1,,13,"void convert_kernel<__half2, float2>(tensor_layout_any, T1 *, tensor_layout_any, const T2 *)"
4521637279,5312,109390,,,,,,,,,,0.094,17638.553,Pinned,Device,NVIDIA A100-SXM4-40GB MIG 4g.20gb (0),1,,13,[CUDA memcpy Host-to-Device]
4521660094,629401,109391,,,,,,,,,,456.561,725019.567,Device,,NVIDIA A100-SXM4-40GB MIG 4g.20gb (0),1,,13,[CUDA memset]
4522292567,54335,109396,,,,,,,,,,1.235,22727.909,Pinned,Device,NVIDIA A100-SXM4-40GB MIG 4g.20gb (0),1,,13,[CUDA memcpy Host-to-Device]
4522349398,9536,109397,,,,,,,,,,0.197,20617.298,Pinned,Device,NVIDIA A100-SXM4-40GB MIG 4g.20gb (0),1,,13,[CUDA memcpy Host-to-Device]
4522380182,23648,109398,69,4,1,48,1,1,76,0.002,0.000,,,,,NVIDIA A100-SXM4-40GB MIG 4g.20gb (0),1,,13,"void ch_est::windowedChEstPreNoDftSOfdmKernel<float, __half, float, (unsigned int)2, (unsigned int)1, (unsigned short)4>(ch_est::puschRxChEstStatDescr_t *, ch_est::puschRxChEstDynDescr_t *)"
4522444373,22592,109399,137,2,1,24,2,1,44,0.001,0.001,,,,,NVIDIA A100-SXM4-40GB MIG 4g.20gb (0),1,,13,"void ch_est::chEstFilterNoDftSOfdmDispatchKernel<float, __half, float, (unsigned int)2>(ch_est::puschRxChEstStatDescr_t *, ch_est::puschRxChEstDynDescr_t *)"
4522481397,23744,109400,137,2,1,24,2,1,44,0.001,0.001,,,,,NVIDIA A100-SXM4-40GB MIG 4g.20gb (0),1,,13,"void ch_est::chEstFilterNoDftSOfdmDispatchKernel<float, __half, float, (unsigned int)2>(ch_est::puschRxChEstStatDescr_t *, ch_est::puschRxChEstDynDescr_t *)"
4522544788,8384,109411,103,1,1,128,1,1,16,0.000,0.000,,,,,NVIDIA A100-SXM4-40GB MIG 4g.20gb (0),1,,13,cupy_copy__complex64_complex64
4522576564,16608,109421,1434,1,1,128,1,1,16,0.000,0.000,,,,,NVIDIA A100-SXM4-40GB MIG 4g.20gb (0),1,,13,cupy_copy__complex64_complex64
4522641427,7520,109428,103,1,1,128,1,1,16,0.000,0.000,,,,,NVIDIA A100-SXM4-40GB MIG 4g.20gb (0),1,,13,cupy_copy__complex64_complex64
4522679379,256669,109435,1,1,1,32,32,1,30,0.000,0.000,,,,,NVIDIA A100-SXM4-40GB MIG 4g.20gb (0),1,,13,"void convert_kernel<__half2, float2>(tensor_layout_any, T1 *, tensor_layout_any, const T2 *)"
4522964271,5376,109438,,,,,,,,,,0.094,17428.487,Pinned,Device,NVIDIA A100-SXM4-40GB MIG 4g.20gb (0),1,,13,[CUDA memcpy Host-to-Device]
4523035151,61023,109439,,,,,,,,,,35.810,586817.159,Device,,NVIDIA A100-SXM4-40GB MIG 4g.20gb (0),1,,13,[CUDA memset]
4523099022,3008,109441,,,,,,,,,,0.000,26.596,Pinned,Device,NVIDIA A100-SXM4-40GB MIG 4g.20gb (0),1,,13,[CUDA memcpy Host-to-Device]
4523104142,9984,109442,,,,,,,,,,0.197,19692.257,Pinned,Device,NVIDIA A100-SXM4-40GB MIG 4g.20gb (0),1,,13,[CUDA memcpy Host-to-Device]
4523180557,27264,109443,273,1,1,48,1,1,40,0.000,0.001,,,,,NVIDIA A100-SXM4-40GB MIG 4g.20gb (0),1,,13,"void pusch_noise_intf_est::noiseIntfEstNoDftSOfdmKernel<float, __half, float, float, (unsigned int)2, (unsigned int)1, (unsigned char)4, (unsigned char)4>(pusch_noise_intf_est::puschRxNoiseIntfEstDynDescr)"
4523214988,10880,109454,35,1,1,128,1,1,16,0.000,0.000,,,,,NVIDIA A100-SXM4-40GB MIG 4g.20gb (0),1,,13,cupy_copy__complex64_complex64
4523291724,3808,109463,1,1,1,1,1,1,18,0.000,0.000,,,,,NVIDIA A100-SXM4-40GB MIG 4g.20gb (0),1,,13,cupy_copy__float32_float32
4523299563,1600,109469,,,,,,,,,,0.000,2.500,Device,Pageable,NVIDIA A100-SXM4-40GB MIG 4g.20gb (0),1,,7,[CUDA memcpy Device-to-Host]
4523413770,16704,109480,1434,1,1,128,1,1,16,0.000,0.000,,,,,NVIDIA A100-SXM4-40GB MIG 4g.20gb (0),1,,13,cupy_copy__complex64_complex64
4523459018,5280,109487,103,1,1,128,1,1,16,0.000,0.000,,,,,NVIDIA A100-SXM4-40GB MIG 4g.20gb (0),1,,13,cupy_copy__complex64_complex64
4523521769,7712,109494,35,1,1,128,1,1,16,0.000,0.000,,,,,NVIDIA A100-SXM4-40GB MIG 4g.20gb (0),1,,13,cupy_copy__complex64_complex64
4523552425,5280,109501,1,1,1,1,1,1,18,0.000,0.000,,,,,NVIDIA A100-SXM4-40GB MIG 4g.20gb (0),1,,13,cupy_copy__float32_float32
4523620776,258973,109512,1,1,1,32,32,1,30,0.000,0.000,,,,,NVIDIA A100-SXM4-40GB MIG 4g.20gb (0),1,,13,"void convert_kernel<__half2, float2>(tensor_layout_any, T1 *, tensor_layout_any, const T2 *)"
4523911460,7968,109515,,,,,,,,,,0.094,11759.035,Pinned,Device,NVIDIA A100-SXM4-40GB MIG 4g.20gb (0),1,,13,[CUDA memcpy Host-to-Device]
4523954756,11936,109516,,,,,,,,,,1.547,129576.159,Device,,NVIDIA A100-SXM4-40GB MIG 4g.20gb (0),1,,13,[CUDA memset]
4523968452,3008,109521,,,,,,,,,,0.031,10404.230,Pinned,Device,NVIDIA A100-SXM4-40GB MIG 4g.20gb (0),1,,13,[CUDA memcpy Host-to-Device]
4523973892,9888,109522,,,,,,,,,,0.197,19883.360,Pinned,Device,NVIDIA A100-SXM4-40GB MIG 4g.20gb (0),1,,13,[CUDA memcpy Host-to-Device]
4524016547,29216,109523,273,1,1,8,4,1,39,0.002,0.000,,,,,NVIDIA A100-SXM4-40GB MIG 4g.20gb (0),1,,13,"void channel_eq::eqMmseCoefCompLowMimoKernel<float, float, float, (unsigned int)4, (unsigned int)1, (unsigned int)4>(const channel_eq::_puschRxChEqStatDescr *, channel_eq::_puschRxChEqCoefCompDynDescr)"
4524061315,28127,109524,273,1,1,12,11,1,51,0.002,0.000,,,,,NVIDIA A100-SXM4-40GB MIG 4g.20gb (0),1,,13,"void channel_eq::eqMmseSoftDemapKernel<float, __half, __half, float, (unsigned int)4, (unsigned short)16383>(channel_eq::_puschRxChEqStatDescr *, channel_eq::_puschRxChEqSoftDemapDynDescr)"
4524135426,624057,109525,1,1,1,32,32,1,30,0.000,0.000,,,,,NVIDIA A100-SXM4-40GB MIG 4g.20gb (0),1,,13,"void convert_kernel<float2, __half2>(tensor_layout_any, T1 *, tensor_layout_any, const T2 *)"
4524788698,19392,109537,2253,1,1,128,1,1,16,0.000,0.000,,,,,NVIDIA A100-SXM4-40GB MIG 4g.20gb (0),1,,13,cupy_copy__float16_float16
4524854778,12799,109546,282,1,1,128,1,1,16,0.000,0.000,,,,,NVIDIA A100-SXM4-40GB MIG 4g.20gb (0),1,,13,cupy_copy__complex64_complex64
4524893785,4064,109555,26,1,1,128,1,1,16,0.000,0.000,,,,,NVIDIA A100-SXM4-40GB MIG 4g.20gb (0),1,,13,cupy_copy__float32_float32
4524950104,11136,109564,103,1,1,128,1,1,16,0.000,0.000,,,,,NVIDIA A100-SXM4-40GB MIG 4g.20gb (0),1,,13,cupy_copy__complex64_complex64
4525006264,18432,109574,1434,1,1,128,1,1,16,0.000,0.000,,,,,NVIDIA A100-SXM4-40GB MIG 4g.20gb (0),1,,13,cupy_copy__complex64_complex64
4525077207,259709,109579,1,1,1,32,32,1,30,0.000,0.000,,,,,NVIDIA A100-SXM4-40GB MIG 4g.20gb (0),1,,13,"void convert_kernel<__half2, float2>(tensor_layout_any, T1 *, tensor_layout_any, const T2 *)"
4525369236,5344,109582,,,,,,,,,,0.094,17532.864,Pinned,Device,NVIDIA A100-SXM4-40GB MIG 4g.20gb (0),1,,13,[CUDA memcpy Host-to-Device]
4525450483,630264,109583,,,,,,,,,,456.561,724106.444,Device,,NVIDIA A100-SXM4-40GB MIG 4g.20gb (0),1,,13,[CUDA memset]
4526083787,52704,109588,,,,,,,,,,1.235,23430.593,Pinned,Device,NVIDIA A100-SXM4-40GB MIG 4g.20gb (0),1,,13,[CUDA memcpy Host-to-Device]
4526139915,9888,109589,,,,,,,,,,0.197,19883.360,Pinned,Device,NVIDIA A100-SXM4-40GB MIG 4g.20gb (0),1,,13,[CUDA memcpy Host-to-Device]
4526206442,21472,109590,69,4,1,48,1,1,76,0.002,0.000,,,,,NVIDIA A100-SXM4-40GB MIG 4g.20gb (0),1,,13,"void ch_est::windowedChEstPreNoDftSOfdmKernel<float, __half, float, (unsigned int)2, (unsigned int)1, (unsigned short)4>(ch_est::puschRxChEstStatDescr_t *, ch_est::puschRxChEstDynDescr_t *)"
4526271817,23968,109591,137,2,1,24,2,1,44,0.001,0.001,,,,,NVIDIA A100-SXM4-40GB MIG 4g.20gb (0),1,,13,"void ch_est::chEstFilterNoDftSOfdmDispatchKernel<float, __half, float, (unsigned int)2>(ch_est::puschRxChEstStatDescr_t *, ch_est::puschRxChEstDynDescr_t *)"
4526312521,28383,109592,137,2,1,24,2,1,44,0.001,0.001,,,,,NVIDIA A100-SXM4-40GB MIG 4g.20gb (0),1,,13,"void ch_est::chEstFilterNoDftSOfdmDispatchKernel<float, __half, float, (unsigned int)2>(ch_est::puschRxChEstStatDescr_t *, ch_est::puschRxChEstDynDescr_t *)"
4526376904,8320,109603,103,1,1,128,1,1,16,0.000,0.000,,,,,NVIDIA A100-SXM4-40GB MIG 4g.20gb (0),1,,13,cupy_copy__complex64_complex64
4526408456,16191,109613,1434,1,1,128,1,1,16,0.000,0.000,,,,,NVIDIA A100-SXM4-40GB MIG 4g.20gb (0),1,,13,cupy_copy__complex64_complex64
4526473255,7936,109620,103,1,1,128,1,1,16,0.000,0.000,,,,,NVIDIA A100-SXM4-40GB MIG 4g.20gb (0),1,,13,cupy_copy__complex64_complex64
4526511334,257469,109627,1,1,1,32,32,1,30,0.000,0.000,,,,,NVIDIA A100-SXM4-40GB MIG 4g.20gb (0),1,,13,"void convert_kernel<__half2, float2>(tensor_layout_any, T1 *, tensor_layout_any, const T2 *)"
4526797155,5408,109630,,,,,,,,,,0.094,17325.421,Pinned,Device,NVIDIA A100-SXM4-40GB MIG 4g.20gb (0),1,,13,[CUDA memcpy Host-to-Device]
4526855778,60640,109631,,,,,,,,,,35.810,590505.581,Device,,NVIDIA A100-SXM4-40GB MIG 4g.20gb (0),1,,13,[CUDA memset]
4526921506,2752,109633,,,,,,,,,,0.000,29.070,Pinned,Device,NVIDIA A100-SXM4-40GB MIG 4g.20gb (0),1,,13,[CUDA memcpy Host-to-Device]
4526926850,9376,109634,,,,,,,,,,0.197,20969.226,Pinned,Device,NVIDIA A100-SXM4-40GB MIG 4g.20gb (0),1,,13,[CUDA memcpy Host-to-Device]
4527006273,37215,109635,273,1,1,48,1,1,40,0.000,0.001,,,,,NVIDIA A100-SXM4-40GB MIG 4g.20gb (0),1,,13,"void pusch_noise_intf_est::noiseIntfEstNoDftSOfdmKernel<float, __half, float, float, (unsigned int)2, (unsigned int)1, (unsigned char)4, (unsigned char)4>(pusch_noise_intf_est::puschRxNoiseIntfEstDynDescr)"
4527050624,6112,109646,35,1,1,128,1,1,16,0.000,0.000,,,,,NVIDIA A100-SXM4-40GB MIG 4g.20gb (0),1,,13,cupy_copy__complex64_complex64
4527116607,2912,109655,1,1,1,1,1,1,18,0.000,0.000,,,,,NVIDIA A100-SXM4-40GB MIG 4g.20gb (0),1,,13,cupy_copy__float32_float32
4527124767,1696,109661,,,,,,,,,,0.000,2.358,Device,Pageable,NVIDIA A100-SXM4-40GB MIG 4g.20gb (0),1,,7,[CUDA memcpy Device-to-Host]
4527231902,17024,109672,1434,1,1,128,1,1,16,0.000,0.000,,,,,NVIDIA A100-SXM4-40GB MIG 4g.20gb (0),1,,13,cupy_copy__complex64_complex64
4527271070,8608,109679,103,1,1,128,1,1,16,0.000,0.000,,,,,NVIDIA A100-SXM4-40GB MIG 4g.20gb (0),1,,13,cupy_copy__complex64_complex64
4527334301,9568,109686,35,1,1,128,1,1,16,0.000,0.000,,,,,NVIDIA A100-SXM4-40GB MIG 4g.20gb (0),1,,13,cupy_copy__complex64_complex64
4527372604,3680,109693,1,1,1,1,1,1,18,0.000,0.000,,,,,NVIDIA A100-SXM4-40GB MIG 4g.20gb (0),1,,13,cupy_copy__float32_float32
4527453756,253501,109704,1,1,1,32,32,1,30,0.000,0.000,,,,,NVIDIA A100-SXM4-40GB MIG 4g.20gb (0),1,,13,"void convert_kernel<__half2, float2>(tensor_layout_any, T1 *, tensor_layout_any, const T2 *)"
4527740440,5376,109707,,,,,,,,,,0.094,17428.487,Pinned,Device,NVIDIA A100-SXM4-40GB MIG 4g.20gb (0),1,,13,[CUDA memcpy Host-to-Device]
4527821079,11552,109708,,,,,,,,,,1.547,133883.507,Device,,NVIDIA A100-SXM4-40GB MIG 4g.20gb (0),1,,13,[CUDA memset]
4527840951,3040,109713,,,,,,,,,,0.031,10294.725,Pinned,Device,NVIDIA A100-SXM4-40GB MIG 4g.20gb (0),1,,13,[CUDA memcpy Host-to-Device]
4527846487,9952,109714,,,,,,,,,,0.197,19755.565,Pinned,Device,NVIDIA A100-SXM4-40GB MIG 4g.20gb (0),1,,13,[CUDA memcpy Host-to-Device]
4527887479,26719,109715,273,1,1,8,4,1,39,0.002,0.000,,,,,NVIDIA A100-SXM4-40GB MIG 4g.20gb (0),1,,13,"void channel_eq::eqMmseCoefCompLowMimoKernel<float, float, float, (unsigned int)4, (unsigned int)1, (unsigned int)4>(const channel_eq::_puschRxChEqStatDescr *, channel_eq::_puschRxChEqCoefCompDynDescr)"
4527935734,26176,109716,273,1,1,12,11,1,51,0.002,0.000,,,,,NVIDIA A100-SXM4-40GB MIG 4g.20gb (0),1,,13,"void channel_eq::eqMmseSoftDemapKernel<float, __half, __half, float, (unsigned int)4, (unsigned short)16383>(channel_eq::_puschRxChEqStatDescr *, channel_eq::_puschRxChEqSoftDemapDynDescr)"
4528009365,631385,109717,1,1,1,32,32,1,30,0.000,0.000,,,,,NVIDIA A100-SXM4-40GB MIG 4g.20gb (0),1,,13,"void convert_kernel<float2, __half2>(tensor_layout_any, T1 *, tensor_layout_any, const T2 *)"
4528665998,18911,109729,2253,1,1,128,1,1,16,0.000,0.000,,,,,NVIDIA A100-SXM4-40GB MIG 4g.20gb (0),1,,13,cupy_copy__float16_float16
4528731949,14304,109738,282,1,1,128,1,1,16,0.000,0.000,,,,,NVIDIA A100-SXM4-40GB MIG 4g.20gb (0),1,,13,cupy_copy__complex64_complex64
4528768620,4064,109747,26,1,1,128,1,1,16,0.000,0.000,,,,,NVIDIA A100-SXM4-40GB MIG 4g.20gb (0),1,,13,cupy_copy__float32_float32
4528825388,10528,109756,103,1,1,128,1,1,16,0.000,0.000,,,,,NVIDIA A100-SXM4-40GB MIG 4g.20gb (0),1,,13,cupy_copy__complex64_complex64
4528957322,16576,109772,1434,1,1,128,1,1,16,0.000,0.000,,,,,NVIDIA A100-SXM4-40GB MIG 4g.20gb (0),1,,13,cupy_copy__complex64_complex64
4529061897,256413,109777,1,1,1,32,32,1,30,0.000,0.000,,,,,NVIDIA A100-SXM4-40GB MIG 4g.20gb (0),1,,13,"void convert_kernel<__half2, float2>(tensor_layout_any, T1 *, tensor_layout_any, const T2 *)"
4529348070,5536,109780,,,,,,,,,,0.094,16924.777,Pinned,Device,NVIDIA A100-SXM4-40GB MIG 4g.20gb (0),1,,13,[CUDA memcpy Host-to-Device]
4529372197,632281,109781,,,,,,,,,,456.561,721823.637,Device,,NVIDIA A100-SXM4-40GB MIG 4g.20gb (0),1,,13,[CUDA memset]
4530006270,50336,109786,,,,,,,,,,1.235,24533.398,Pinned,Device,NVIDIA A100-SXM4-40GB MIG 4g.20gb (0),1,,13,[CUDA memcpy Host-to-Device]
4530059069,10016,109787,,,,,,,,,,0.197,19629.343,Pinned,Device,NVIDIA A100-SXM4-40GB MIG 4g.20gb (0),1,,13,[CUDA memcpy Host-to-Device]
4530091837,26880,109788,69,4,1,48,1,1,76,0.002,0.000,,,,,NVIDIA A100-SXM4-40GB MIG 4g.20gb (0),1,,13,"void ch_est::windowedChEstPreNoDftSOfdmKernel<float, __half, float, (unsigned int)2, (unsigned int)1, (unsigned short)4>(ch_est::puschRxChEstStatDescr_t *, ch_est::puschRxChEstDynDescr_t *)"
4530159452,23424,109789,137,2,1,24,2,1,44,0.001,0.001,,,,,NVIDIA A100-SXM4-40GB MIG 4g.20gb (0),1,,13,"void ch_est::chEstFilterNoDftSOfdmDispatchKernel<float, __half, float, (unsigned int)2>(ch_est::puschRxChEstStatDescr_t *, ch_est::puschRxChEstDynDescr_t *)"
4530196860,28416,109790,137,2,1,24,2,1,44,0.001,0.001,,,,,NVIDIA A100-SXM4-40GB MIG 4g.20gb (0),1,,13,"void ch_est::chEstFilterNoDftSOfdmDispatchKernel<float, __half, float, (unsigned int)2>(ch_est::puschRxChEstStatDescr_t *, ch_est::puschRxChEstDynDescr_t *)"
4530259835,10464,109801,103,1,1,128,1,1,16,0.000,0.000,,,,,NVIDIA A100-SXM4-40GB MIG 4g.20gb (0),1,,13,cupy_copy__complex64_complex64
4530292699,16416,109811,1434,1,1,128,1,1,16,0.000,0.000,,,,,NVIDIA A100-SXM4-40GB MIG 4g.20gb (0),1,,13,cupy_copy__complex64_complex64
4530357722,8160,109818,103,1,1,128,1,1,16,0.000,0.000,,,,,NVIDIA A100-SXM4-40GB MIG 4g.20gb (0),1,,13,cupy_copy__complex64_complex64
4530395290,249533,109825,1,1,1,32,32,1,30,0.000,0.000,,,,,NVIDIA A100-SXM4-40GB MIG 4g.20gb (0),1,,13,"void convert_kernel<__half2, float2>(tensor_layout_any, T1 *, tensor_layout_any, const T2 *)"
4530673590,5760,109828,,,,,,,,,,0.094,16266.656,Pinned,Device,NVIDIA A100-SXM4-40GB MIG 4g.20gb (0),1,,13,[CUDA memcpy Host-to-Device]
4530745590,60415,109829,,,,,,,,,,35.810,592725.796,Device,,NVIDIA A100-SXM4-40GB MIG 4g.20gb (0),1,,13,[CUDA memset]
4530808021,3872,109831,,,,,,,,,,0.000,20.661,Pinned,Device,NVIDIA A100-SXM4-40GB MIG 4g.20gb (0),1,,13,[CUDA memcpy Host-to-Device]
4530814837,9376,109832,,,,,,,,,,0.197,20969.226,Pinned,Device,NVIDIA A100-SXM4-40GB MIG 4g.20gb (0),1,,13,[CUDA memcpy Host-to-Device]
4530890932,27808,109833,273,1,1,48,1,1,40,0.000,0.001,,,,,NVIDIA A100-SXM4-40GB MIG 4g.20gb (0),1,,13,"void pusch_noise_intf_est::noiseIntfEstNoDftSOfdmKernel<float, __half, float, float, (unsigned int)2, (unsigned int)1, (unsigned char)4, (unsigned char)4>(pusch_noise_intf_est::puschRxNoiseIntfEstDynDescr)"
4530929523,12704,109844,35,1,1,128,1,1,16,0.000,0.000,,,,,NVIDIA A100-SXM4-40GB MIG 4g.20gb (0),1,,13,cupy_copy__complex64_complex64
4530990131,4736,109853,1,1,1,1,1,1,18,0.000,0.000,,,,,NVIDIA A100-SXM4-40GB MIG 4g.20gb (0),1,,13,cupy_copy__float32_float32
4530999955,1600,109859,,,,,,,,,,0.000,2.500,Device,Pageable,NVIDIA A100-SXM4-40GB MIG 4g.20gb (0),1,,7,[CUDA memcpy Device-to-Host]
4531090898,16255,109870,1434,1,1,128,1,1,16,0.000,0.000,,,,,NVIDIA A100-SXM4-40GB MIG 4g.20gb (0),1,,13,cupy_copy__complex64_complex64
4531128561,7808,109877,103,1,1,128,1,1,16,0.000,0.000,,,,,NVIDIA A100-SXM4-40GB MIG 4g.20gb (0),1,,13,cupy_copy__complex64_complex64
4531190000,7872,109884,35,1,1,128,1,1,16,0.000,0.000,,,,,NVIDIA A100-SXM4-40GB MIG 4g.20gb (0),1,,13,cupy_copy__complex64_complex64
4531223120,3616,109891,1,1,1,1,1,1,18,0.000,0.000,,,,,NVIDIA A100-SXM4-40GB MIG 4g.20gb (0),1,,13,cupy_copy__float32_float32
4531324527,250781,109902,1,1,1,32,32,1,30,0.000,0.000,,,,,NVIDIA A100-SXM4-40GB MIG 4g.20gb (0),1,,13,"void convert_kernel<__half2, float2>(tensor_layout_any, T1 *, tensor_layout_any, const T2 *)"
4531605548,5408,109905,,,,,,,,,,0.094,17325.421,Pinned,Device,NVIDIA A100-SXM4-40GB MIG 4g.20gb (0),1,,13,[CUDA memcpy Host-to-Device]
4531623659,12480,109906,,,,,,,,,,1.547,123927.888,Device,,NVIDIA A100-SXM4-40GB MIG 4g.20gb (0),1,,13,[CUDA memset]
4531638219,3008,109911,,,,,,,,,,0.031,10404.230,Pinned,Device,NVIDIA A100-SXM4-40GB MIG 4g.20gb (0),1,,13,[CUDA memcpy Host-to-Device]
4531643691,9408,109912,,,,,,,,,,0.197,20897.858,Pinned,Device,NVIDIA A100-SXM4-40GB MIG 4g.20gb (0),1,,13,[CUDA memcpy Host-to-Device]
4531682859,27231,109913,273,1,1,8,4,1,39,0.002,0.000,,,,,NVIDIA A100-SXM4-40GB MIG 4g.20gb (0),1,,13,"void channel_eq::eqMmseCoefCompLowMimoKernel<float, float, float, (unsigned int)4, (unsigned int)1, (unsigned int)4>(const channel_eq::_puschRxChEqStatDescr *, channel_eq::_puschRxChEqCoefCompDynDescr)"
4531722538,23616,109914,273,1,1,12,11,1,51,0.002,0.000,,,,,NVIDIA A100-SXM4-40GB MIG 4g.20gb (0),1,,13,"void channel_eq::eqMmseSoftDemapKernel<float, __half, __half, float, (unsigned int)4, (unsigned short)16383>(channel_eq::_puschRxChEqStatDescr *, channel_eq::_puschRxChEqSoftDemapDynDescr)"
4531797545,614713,109915,1,1,1,32,32,1,30,0.000,0.000,,,,,NVIDIA A100-SXM4-40GB MIG 4g.20gb (0),1,,13,"void convert_kernel<float2, __half2>(tensor_layout_any, T1 *, tensor_layout_any, const T2 *)"
4532454178,19136,109927,2253,1,1,128,1,1,16,0.000,0.000,,,,,NVIDIA A100-SXM4-40GB MIG 4g.20gb (0),1,,13,cupy_copy__float16_float16
4532518113,13376,109936,282,1,1,128,1,1,16,0.000,0.000,,,,,NVIDIA A100-SXM4-40GB MIG 4g.20gb (0),1,,13,cupy_copy__complex64_complex64
4532549377,7904,109945,26,1,1,128,1,1,16,0.000,0.000,,,,,NVIDIA A100-SXM4-40GB MIG 4g.20gb (0),1,,13,cupy_copy__float32_float32
4532612992,12032,109954,103,1,1,128,1,1,16,0.000,0.000,,,,,NVIDIA A100-SXM4-40GB MIG 4g.20gb (0),1,,13,cupy_copy__complex64_complex64
4532664863,16992,109964,1434,1,1,128,1,1,16,0.000,0.000,,,,,NVIDIA A100-SXM4-40GB MIG 4g.20gb (0),1,,13,cupy_copy__complex64_complex64
4532733311,259901,109969,1,1,1,32,32,1,30,0.000,0.000,,,,,NVIDIA A100-SXM4-40GB MIG 4g.20gb (0),1,,13,"void convert_kernel<__half2, float2>(tensor_layout_any, T1 *, tensor_layout_any, const T2 *)"
4533022427,5600,109972,,,,,,,,,,0.094,16731.388,Pinned,Device,NVIDIA A100-SXM4-40GB MIG 4g.20gb (0),1,,13,[CUDA memcpy Host-to-Device]
4533040219,633337,109973,,,,,,,,,,456.561,720453.952,Device,,NVIDIA A100-SXM4-40GB MIG 4g.20gb (0),1,,13,[CUDA memset]
4533681780,51487,109978,,,,,,,,,,1.235,23985.082,Pinned,Device,NVIDIA A100-SXM4-40GB MIG 4g.20gb (0),1,,13,[CUDA memcpy Host-to-Device]
4533735667,9856,109979,,,,,,,,,,0.197,19948.044,Pinned,Device,NVIDIA A100-SXM4-40GB MIG 4g.20gb (0),1,,13,[CUDA memcpy Host-to-Device]
4533762003,30015,109980,69,4,1,48,1,1,76,0.002,0.000,,,,,NVIDIA A100-SXM4-40GB MIG 4g.20gb (0),1,,13,"void ch_est::windowedChEstPreNoDftSOfdmKernel<float, __half, float, (unsigned int)2, (unsigned int)1, (unsigned short)4>(ch_est::puschRxChEstStatDescr_t *, ch_est::puschRxChEstDynDescr_t *)"
4533830834,24000,109981,137,2,1,24,2,1,44,0.001,0.001,,,,,NVIDIA A100-SXM4-40GB MIG 4g.20gb (0),1,,13,"void ch_est::chEstFilterNoDftSOfdmDispatchKernel<float, __half, float, (unsigned int)2>(ch_est::puschRxChEstStatDescr_t *, ch_est::puschRxChEstDynDescr_t *)"
4533872305,25536,109982,137,2,1,24,2,1,44,0.001,0.001,,,,,NVIDIA A100-SXM4-40GB MIG 4g.20gb (0),1,,13,"void ch_est::chEstFilterNoDftSOfdmDispatchKernel<float, __half, float, (unsigned int)2>(ch_est::puschRxChEstStatDescr_t *, ch_est::puschRxChEstDynDescr_t *)"
4533935121,8768,109993,103,1,1,128,1,1,16,0.000,0.000,,,,,NVIDIA A100-SXM4-40GB MIG 4g.20gb (0),1,,13,cupy_copy__complex64_complex64
4533968048,16128,110003,1434,1,1,128,1,1,16,0.000,0.000,,,,,NVIDIA A100-SXM4-40GB MIG 4g.20gb (0),1,,13,cupy_copy__complex64_complex64
4534032720,9408,110010,103,1,1,128,1,1,16,0.000,0.000,,,,,NVIDIA A100-SXM4-40GB MIG 4g.20gb (0),1,,13,cupy_copy__complex64_complex64
4534070319,256893,110017,1,1,1,32,32,1,30,0.000,0.000,,,,,NVIDIA A100-SXM4-40GB MIG 4g.20gb (0),1,,13,"void convert_kernel<__half2, float2>(tensor_layout_any, T1 *, tensor_layout_any, const T2 *)"
4534355564,5376,110020,,,,,,,,,,0.094,17428.487,Pinned,Device,NVIDIA A100-SXM4-40GB MIG 4g.20gb (0),1,,13,[CUDA memcpy Host-to-Device]
4534417259,60895,110021,,,,,,,,,,35.810,588034.696,Device,,NVIDIA A100-SXM4-40GB MIG 4g.20gb (0),1,,13,[CUDA memset]
4534484586,1984,110023,,,,,,,,,,0.000,40.323,Pinned,Device,NVIDIA A100-SXM4-40GB MIG 4g.20gb (0),1,,13,[CUDA memcpy Host-to-Device]
4534489130,9376,110024,,,,,,,,,,0.197,20969.226,Pinned,Device,NVIDIA A100-SXM4-40GB MIG 4g.20gb (0),1,,13,[CUDA memcpy Host-to-Device]
4534570473,29856,110025,273,1,1,48,1,1,40,0.000,0.001,,,,,NVIDIA A100-SXM4-40GB MIG 4g.20gb (0),1,,13,"void pusch_noise_intf_est::noiseIntfEstNoDftSOfdmKernel<float, __half, float, float, (unsigned int)2, (unsigned int)1, (unsigned char)4, (unsigned char)4>(pusch_noise_intf_est::puschRxNoiseIntfEstDynDescr)"
4534609545,9824,110036,35,1,1,128,1,1,16,0.000,0.000,,,,,NVIDIA A100-SXM4-40GB MIG 4g.20gb (0),1,,13,cupy_copy__complex64_complex64
4534674792,4704,110045,1,1,1,1,1,1,18,0.000,0.000,,,,,NVIDIA A100-SXM4-40GB MIG 4g.20gb (0),1,,13,cupy_copy__float32_float32
4534681896,1568,110051,,,,,,,,,,0.000,2.551,Device,Pageable,NVIDIA A100-SXM4-40GB MIG 4g.20gb (0),1,,7,[CUDA memcpy Device-to-Host]
4534775175,16672,110062,1434,1,1,128,1,1,16,0.000,0.000,,,,,NVIDIA A100-SXM4-40GB MIG 4g.20gb (0),1,,13,cupy_copy__complex64_complex64
4534813927,5600,110069,103,1,1,128,1,1,16,0.000,0.000,,,,,NVIDIA A100-SXM4-40GB MIG 4g.20gb (0),1,,13,cupy_copy__complex64_complex64
4534879110,7680,110076,35,1,1,128,1,1,16,0.000,0.000,,,,,NVIDIA A100-SXM4-40GB MIG 4g.20gb (0),1,,13,cupy_copy__complex64_complex64
4534920805,4128,110083,1,1,1,1,1,1,18,0.000,0.000,,,,,NVIDIA A100-SXM4-40GB MIG 4g.20gb (0),1,,13,cupy_copy__float32_float32
4534996420,256286,110094,1,1,1,32,32,1,30,0.000,0.000,,,,,NVIDIA A100-SXM4-40GB MIG 4g.20gb (0),1,,13,"void convert_kernel<__half2, float2>(tensor_layout_any, T1 *, tensor_layout_any, const T2 *)"
4535282017,5376,110097,,,,,,,,,,0.094,17428.487,Pinned,Device,NVIDIA A100-SXM4-40GB MIG 4g.20gb (0),1,,13,[CUDA memcpy Host-to-Device]
4535326369,9568,110098,,,,,,,,,,1.547,161645.407,Device,,NVIDIA A100-SXM4-40GB MIG 4g.20gb (0),1,,13,[CUDA memset]
4535340641,3071,110103,,,,,,,,,,0.031,10190.791,Pinned,Device,NVIDIA A100-SXM4-40GB MIG 4g.20gb (0),1,,13,[CUDA memcpy Host-to-Device]
4535346112,9504,110104,,,,,,,,,,0.197,20686.701,Pinned,Device,NVIDIA A100-SXM4-40GB MIG 4g.20gb (0),1,,13,[CUDA memcpy Host-to-Device]
4535414400,28031,110105,273,1,1,8,4,1,39,0.002,0.000,,,,,NVIDIA A100-SXM4-40GB MIG 4g.20gb (0),1,,13,"void channel_eq::eqMmseCoefCompLowMimoKernel<float, float, float, (unsigned int)4, (unsigned int)1, (unsigned int)4>(const channel_eq::_puschRxChEqStatDescr *, channel_eq::_puschRxChEqCoefCompDynDescr)"
4535464319,28288,110106,273,1,1,12,11,1,51,0.002,0.000,,,,,NVIDIA A100-SXM4-40GB MIG 4g.20gb (0),1,,13,"void channel_eq::eqMmseSoftDemapKernel<float, __half, __half, float, (unsigned int)4, (unsigned short)16383>(channel_eq::_puschRxChEqStatDescr *, channel_eq::_puschRxChEqSoftDemapDynDescr)"
4535539998,620057,110107,1,1,1,32,32,1,30,0.000,0.000,,,,,NVIDIA A100-SXM4-40GB MIG 4g.20gb (0),1,,13,"void convert_kernel<float2, __half2>(tensor_layout_any, T1 *, tensor_layout_any, const T2 *)"
4536201239,18975,110119,2253,1,1,128,1,1,16,0.000,0.000,,,,,NVIDIA A100-SXM4-40GB MIG 4g.20gb (0),1,,13,cupy_copy__float16_float16
4536268246,8448,110128,282,1,1,128,1,1,16,0.000,0.000,,,,,NVIDIA A100-SXM4-40GB MIG 4g.20gb (0),1,,13,cupy_copy__complex64_complex64
4536303957,4576,110137,26,1,1,128,1,1,16,0.000,0.000,,,,,NVIDIA A100-SXM4-40GB MIG 4g.20gb (0),1,,13,cupy_copy__float32_float32
4536359989,10592,110146,103,1,1,128,1,1,16,0.000,0.000,,,,,NVIDIA A100-SXM4-40GB MIG 4g.20gb (0),1,,13,cupy_copy__complex64_complex64
4536414612,16960,110156,1434,1,1,128,1,1,16,0.000,0.000,,,,,NVIDIA A100-SXM4-40GB MIG 4g.20gb (0),1,,13,cupy_copy__complex64_complex64
4536484019,251645,110161,1,1,1,32,32,1,30,0.000,0.000,,,,,NVIDIA A100-SXM4-40GB MIG 4g.20gb (0),1,,13,"void convert_kernel<__half2, float2>(tensor_layout_any, T1 *, tensor_layout_any, const T2 *)"
4536766864,5376,110164,,,,,,,,,,0.094,17428.487,Pinned,Device,NVIDIA A100-SXM4-40GB MIG 4g.20gb (0),1,,13,[CUDA memcpy Host-to-Device]
4536790416,632312,110165,,,,,,,,,,456.561,721823.637,Device,,NVIDIA A100-SXM4-40GB MIG 4g.20gb (0),1,,13,[CUDA memset]
4537429416,50720,110170,,,,,,,,,,1.235,24348.156,Pinned,Device,NVIDIA A100-SXM4-40GB MIG 4g.20gb (0),1,,13,[CUDA memcpy Host-to-Device]
4537482568,9536,110171,,,,,,,,,,0.197,20617.298,Pinned,Device,NVIDIA A100-SXM4-40GB MIG 4g.20gb (0),1,,13,[CUDA memcpy Host-to-Device]
4537511431,27360,110172,69,4,1,48,1,1,76,0.002,0.000,,,,,NVIDIA A100-SXM4-40GB MIG 4g.20gb (0),1,,13,"void ch_est::windowedChEstPreNoDftSOfdmKernel<float, __half, float, (unsigned int)2, (unsigned int)1, (unsigned short)4>(ch_est::puschRxChEstStatDescr_t *, ch_est::puschRxChEstDynDescr_t *)"
4537581863,23455,110173,137,2,1,24,2,1,44,0.001,0.001,,,,,NVIDIA A100-SXM4-40GB MIG 4g.20gb (0),1,,13,"void ch_est::chEstFilterNoDftSOfdmDispatchKernel<float, __half, float, (unsigned int)2>(ch_est::puschRxChEstStatDescr_t *, ch_est::puschRxChEstDynDescr_t *)"
4537621574,23200,110174,137,2,1,24,2,1,44,0.001,0.001,,,,,NVIDIA A100-SXM4-40GB MIG 4g.20gb (0),1,,13,"void ch_est::chEstFilterNoDftSOfdmDispatchKernel<float, __half, float, (unsigned int)2>(ch_est::puschRxChEstStatDescr_t *, ch_est::puschRxChEstDynDescr_t *)"
4537685381,9184,110185,103,1,1,128,1,1,16,0.000,0.000,,,,,NVIDIA A100-SXM4-40GB MIG 4g.20gb (0),1,,13,cupy_copy__complex64_complex64
4537721893,18752,110195,1434,1,1,128,1,1,16,0.000,0.000,,,,,NVIDIA A100-SXM4-40GB MIG 4g.20gb (0),1,,13,cupy_copy__complex64_complex64
4537789540,7776,110202,103,1,1,128,1,1,16,0.000,0.000,,,,,NVIDIA A100-SXM4-40GB MIG 4g.20gb (0),1,,13,cupy_copy__complex64_complex64
4537826724,248413,110209,1,1,1,32,32,1,30,0.000,0.000,,,,,NVIDIA A100-SXM4-40GB MIG 4g.20gb (0),1,,13,"void convert_kernel<__half2, float2>(tensor_layout_any, T1 *, tensor_layout_any, const T2 *)"
4538104033,5632,110212,,,,,,,,,,0.094,16636.287,Pinned,Device,NVIDIA A100-SXM4-40GB MIG 4g.20gb (0),1,,13,[CUDA memcpy Host-to-Device]
4538171872,61567,110213,,,,,,,,,,35.810,581624.721,Device,,NVIDIA A100-SXM4-40GB MIG 4g.20gb (0),1,,13,[CUDA memset]
4538236063,7584,110215,,,,,,,,,,0.000,10.548,Pinned,Device,NVIDIA A100-SXM4-40GB MIG 4g.20gb (0),1,,13,[CUDA memcpy Host-to-Device]
4538246367,9408,110216,,,,,,,,,,0.197,20897.858,Pinned,Device,NVIDIA A100-SXM4-40GB MIG 4g.20gb (0),1,,13,[CUDA memcpy Host-to-Device]
4538330558,26208,110217,273,1,1,48,1,1,40,0.000,0.001,,,,,NVIDIA A100-SXM4-40GB MIG 4g.20gb (0),1,,13,"void pusch_noise_intf_est::noiseIntfEstNoDftSOfdmKernel<float, __half, float, float, (unsigned int)2, (unsigned int)1, (unsigned char)4, (unsigned char)4>(pusch_noise_intf_est::puschRxNoiseIntfEstDynDescr)"
4538365278,8864,110228,35,1,1,128,1,1,16,0.000,0.000,,,,,NVIDIA A100-SXM4-40GB MIG 4g.20gb (0),1,,13,cupy_copy__complex64_complex64
4538435613,5280,110237,1,1,1,1,1,1,18,0.000,0.000,,,,,NVIDIA A100-SXM4-40GB MIG 4g.20gb (0),1,,13,cupy_copy__float32_float32
4538444349,1600,110243,,,,,,,,,,0.000,2.500,Device,Pageable,NVIDIA A100-SXM4-40GB MIG 4g.20gb (0),1,,7,[CUDA memcpy Device-to-Host]
4538532028,17279,110254,1434,1,1,128,1,1,16,0.000,0.000,,,,,NVIDIA A100-SXM4-40GB MIG 4g.20gb (0),1,,13,cupy_copy__complex64_complex64
4538574459,4896,110261,103,1,1,128,1,1,16,0.000,0.000,,,,,NVIDIA A100-SXM4-40GB MIG 4g.20gb (0),1,,13,cupy_copy__complex64_complex64
4538636026,8608,110268,35,1,1,128,1,1,16,0.000,0.000,,,,,NVIDIA A100-SXM4-40GB MIG 4g.20gb (0),1,,13,cupy_copy__complex64_complex64
4538676122,6048,110275,1,1,1,1,1,1,18,0.000,0.000,,,,,NVIDIA A100-SXM4-40GB MIG 4g.20gb (0),1,,13,cupy_copy__float32_float32
4538763033,249981,110286,1,1,1,32,32,1,30,0.000,0.000,,,,,NVIDIA A100-SXM4-40GB MIG 4g.20gb (0),1,,13,"void convert_kernel<__half2, float2>(tensor_layout_any, T1 *, tensor_layout_any, const T2 *)"
4539042070,5408,110289,,,,,,,,,,0.094,17325.421,Pinned,Device,NVIDIA A100-SXM4-40GB MIG 4g.20gb (0),1,,13,[CUDA memcpy Host-to-Device]
4539132821,14368,110290,,,,,,,,,,1.547,107643.484,Device,,NVIDIA A100-SXM4-40GB MIG 4g.20gb (0),1,,13,[CUDA memset]
4539148853,3008,110295,,,,,,,,,,0.031,10404.230,Pinned,Device,NVIDIA A100-SXM4-40GB MIG 4g.20gb (0),1,,13,[CUDA memcpy Host-to-Device]
4539154325,9535,110296,,,,,,,,,,0.197,20619.461,Pinned,Device,NVIDIA A100-SXM4-40GB MIG 4g.20gb (0),1,,13,[CUDA memcpy Host-to-Device]
4539222068,26719,110297,273,1,1,8,4,1,39,0.002,0.000,,,,,NVIDIA A100-SXM4-40GB MIG 4g.20gb (0),1,,13,"void channel_eq::eqMmseCoefCompLowMimoKernel<float, float, float, (unsigned int)4, (unsigned int)1, (unsigned int)4>(const channel_eq::_puschRxChEqStatDescr *, channel_eq::_puschRxChEqCoefCompDynDescr)"
4539267987,28928,110298,273,1,1,12,11,1,51,0.002,0.000,,,,,NVIDIA A100-SXM4-40GB MIG 4g.20gb (0),1,,13,"void channel_eq::eqMmseSoftDemapKernel<float, __half, __half, float, (unsigned int)4, (unsigned short)16383>(channel_eq::_puschRxChEqStatDescr *, channel_eq::_puschRxChEqSoftDemapDynDescr)"
4539346482,599193,110299,1,1,1,32,32,1,30,0.000,0.000,,,,,NVIDIA A100-SXM4-40GB MIG 4g.20gb (0),1,,13,"void convert_kernel<float2, __half2>(tensor_layout_any, T1 *, tensor_layout_any, const T2 *)"
4539997195,19616,110311,2253,1,1,128,1,1,16,0.000,0.000,,,,,NVIDIA A100-SXM4-40GB MIG 4g.20gb (0),1,,13,cupy_copy__float16_float16
4540061386,13760,110320,282,1,1,128,1,1,16,0.000,0.000,,,,,NVIDIA A100-SXM4-40GB MIG 4g.20gb (0),1,,13,cupy_copy__complex64_complex64
4540092522,8000,110329,26,1,1,128,1,1,16,0.000,0.000,,,,,NVIDIA A100-SXM4-40GB MIG 4g.20gb (0),1,,13,cupy_copy__float32_float32
4540150409,10880,110338,103,1,1,128,1,1,16,0.000,0.000,,,,,NVIDIA A100-SXM4-40GB MIG 4g.20gb (0),1,,13,cupy_copy__complex64_complex64
4540187945,17535,110348,1434,1,1,128,1,1,16,0.000,0.000,,,,,NVIDIA A100-SXM4-40GB MIG 4g.20gb (0),1,,13,cupy_copy__complex64_complex64
4540261992,250941,110353,1,1,1,32,32,1,30,0.000,0.000,,,,,NVIDIA A100-SXM4-40GB MIG 4g.20gb (0),1,,13,"void convert_kernel<__half2, float2>(tensor_layout_any, T1 *, tensor_layout_any, const T2 *)"
4540543108,5408,110356,,,,,,,,,,0.094,17325.421,Pinned,Device,NVIDIA A100-SXM4-40GB MIG 4g.20gb (0),1,,13,[CUDA memcpy Host-to-Device]
4540572644,630201,110357,,,,,,,,,,456.561,724106.444,Device,,NVIDIA A100-SXM4-40GB MIG 4g.20gb (0),1,,13,[CUDA memset]
4541208829,51007,110362,,,,,,,,,,1.235,24211.077,Pinned,Device,NVIDIA A100-SXM4-40GB MIG 4g.20gb (0),1,,13,[CUDA memcpy Host-to-Device]
4541262268,10336,110363,,,,,,,,,,0.197,19021.627,Pinned,Device,NVIDIA A100-SXM4-40GB MIG 4g.20gb (0),1,,13,[CUDA memcpy Host-to-Device]
4541294012,31647,110364,69,4,1,48,1,1,76,0.002,0.000,,,,,NVIDIA A100-SXM4-40GB MIG 4g.20gb (0),1,,13,"void ch_est::windowedChEstPreNoDftSOfdmKernel<float, __half, float, (unsigned int)2, (unsigned int)1, (unsigned short)4>(ch_est::puschRxChEstStatDescr_t *, ch_est::puschRxChEstDynDescr_t *)"
4541359035,22944,110365,137,2,1,24,2,1,44,0.001,0.001,,,,,NVIDIA A100-SXM4-40GB MIG 4g.20gb (0),1,,13,"void ch_est::chEstFilterNoDftSOfdmDispatchKernel<float, __half, float, (unsigned int)2>(ch_est::puschRxChEstStatDescr_t *, ch_est::puschRxChEstDynDescr_t *)"
4541396603,23711,110366,137,2,1,24,2,1,44,0.001,0.001,,,,,NVIDIA A100-SXM4-40GB MIG 4g.20gb (0),1,,13,"void ch_est::chEstFilterNoDftSOfdmDispatchKernel<float, __half, float, (unsigned int)2>(ch_est::puschRxChEstStatDescr_t *, ch_est::puschRxChEstDynDescr_t *)"
4541459546,7904,110377,103,1,1,128,1,1,16,0.000,0.000,,,,,NVIDIA A100-SXM4-40GB MIG 4g.20gb (0),1,,13,cupy_copy__complex64_complex64
4541492474,16607,110387,1434,1,1,128,1,1,16,0.000,0.000,,,,,NVIDIA A100-SXM4-40GB MIG 4g.20gb (0),1,,13,cupy_copy__complex64_complex64
4541556697,8704,110394,103,1,1,128,1,1,16,0.000,0.000,,,,,NVIDIA A100-SXM4-40GB MIG 4g.20gb (0),1,,13,cupy_copy__complex64_complex64
4541595160,252637,110401,1,1,1,32,32,1,30,0.000,0.000,,,,,NVIDIA A100-SXM4-40GB MIG 4g.20gb (0),1,,13,"void convert_kernel<__half2, float2>(tensor_layout_any, T1 *, tensor_layout_any, const T2 *)"
4541877077,5408,110404,,,,,,,,,,0.094,17325.421,Pinned,Device,NVIDIA A100-SXM4-40GB MIG 4g.20gb (0),1,,13,[CUDA memcpy Host-to-Device]
4541946996,61248,110405,,,,,,,,,,35.810,584668.564,Device,,NVIDIA A100-SXM4-40GB MIG 4g.20gb (0),1,,13,[CUDA memset]
4542014995,2400,110407,,,,,,,,,,0.000,33.333,Pinned,Device,NVIDIA A100-SXM4-40GB MIG 4g.20gb (0),1,,13,[CUDA memcpy Host-to-Device]
4542019987,9344,110408,,,,,,,,,,0.197,21040.988,Pinned,Device,NVIDIA A100-SXM4-40GB MIG 4g.20gb (0),1,,13,[CUDA memcpy Host-to-Device]
4542100275,27871,110409,273,1,1,48,1,1,40,0.000,0.001,,,,,NVIDIA A100-SXM4-40GB MIG 4g.20gb (0),1,,13,"void pusch_noise_intf_est::noiseIntfEstNoDftSOfdmKernel<float, __half, float, float, (unsigned int)2, (unsigned int)1, (unsigned char)4, (unsigned char)4>(pusch_noise_intf_est::puschRxNoiseIntfEstDynDescr)"
4542137394,12640,110420,35,1,1,128,1,1,16,0.000,0.000,,,,,NVIDIA A100-SXM4-40GB MIG 4g.20gb (0),1,,13,cupy_copy__complex64_complex64
4542221969,3936,110429,1,1,1,1,1,1,18,0.000,0.000,,,,,NVIDIA A100-SXM4-40GB MIG 4g.20gb (0),1,,13,cupy_copy__float32_float32
4542231057,2144,110435,,,,,,,,,,0.000,1.866,Device,Pageable,NVIDIA A100-SXM4-40GB MIG 4g.20gb (0),1,,7,[CUDA memcpy Device-to-Host]
4542352112,16159,110446,1434,1,1,128,1,1,16,0.000,0.000,,,,,NVIDIA A100-SXM4-40GB MIG 4g.20gb (0),1,,13,cupy_copy__complex64_complex64
4542389903,5216,110453,103,1,1,128,1,1,16,0.000,0.000,,,,,NVIDIA A100-SXM4-40GB MIG 4g.20gb (0),1,,13,cupy_copy__complex64_complex64
4542456014,9408,110460,35,1,1,128,1,1,16,0.000,0.000,,,,,NVIDIA A100-SXM4-40GB MIG 4g.20gb (0),1,,13,cupy_copy__complex64_complex64
4542493838,3616,110467,1,1,1,1,1,1,18,0.000,0.000,,,,,NVIDIA A100-SXM4-40GB MIG 4g.20gb (0),1,,13,cupy_copy__float32_float32
4542573965,245181,110478,1,1,1,32,32,1,30,0.000,0.000,,,,,NVIDIA A100-SXM4-40GB MIG 4g.20gb (0),1,,13,"void convert_kernel<__half2, float2>(tensor_layout_any, T1 *, tensor_layout_any, const T2 *)"
4542847914,5408,110481,,,,,,,,,,0.094,17325.421,Pinned,Device,NVIDIA A100-SXM4-40GB MIG 4g.20gb (0),1,,13,[CUDA memcpy Host-to-Device]
4542915177,9760,110482,,,,,,,,,,1.547,158465.548,Device,,NVIDIA A100-SXM4-40GB MIG 4g.20gb (0),1,,13,[CUDA memset]
4542932041,3008,110487,,,,,,,,,,0.031,10404.230,Pinned,Device,NVIDIA A100-SXM4-40GB MIG 4g.20gb (0),1,,13,[CUDA memcpy Host-to-Device]
4542937673,9472,110488,,,,,,,,,,0.197,20756.693,Pinned,Device,NVIDIA A100-SXM4-40GB MIG 4g.20gb (0),1,,13,[CUDA memcpy Host-to-Device]
4543003784,29120,110489,273,1,1,8,4,1,39,0.002,0.000,,,,,NVIDIA A100-SXM4-40GB MIG 4g.20gb (0),1,,13,"void channel_eq::eqMmseCoefCompLowMimoKernel<float, float, float, (unsigned int)4, (unsigned int)1, (unsigned int)4>(const channel_eq::_puschRxChEqStatDescr *, channel_eq::_puschRxChEqCoefCompDynDescr)"
4543051208,27039,110490,273,1,1,12,11,1,51,0.002,0.000,,,,,NVIDIA A100-SXM4-40GB MIG 4g.20gb (0),1,,13,"void channel_eq::eqMmseSoftDemapKernel<float, __half, __half, float, (unsigned int)4, (unsigned short)16383>(channel_eq::_puschRxChEqStatDescr *, channel_eq::_puschRxChEqSoftDemapDynDescr)"
4543126503,616281,110491,1,1,1,32,32,1,30,0.000,0.000,,,,,NVIDIA A100-SXM4-40GB MIG 4g.20gb (0),1,,13,"void convert_kernel<float2, __half2>(tensor_layout_any, T1 *, tensor_layout_any, const T2 *)"
4543787007,18176,110503,2253,1,1,128,1,1,16,0.000,0.000,,,,,NVIDIA A100-SXM4-40GB MIG 4g.20gb (0),1,,13,cupy_copy__float16_float16
4543849310,13696,110512,282,1,1,128,1,1,16,0.000,0.000,,,,,NVIDIA A100-SXM4-40GB MIG 4g.20gb (0),1,,13,cupy_copy__complex64_complex64
4543880638,7424,110521,26,1,1,128,1,1,16,0.000,0.000,,,,,NVIDIA A100-SXM4-40GB MIG 4g.20gb (0),1,,13,cupy_copy__float32_float32
4543938365,11968,110530,103,1,1,128,1,1,16,0.000,0.000,,,,,NVIDIA A100-SXM4-40GB MIG 4g.20gb (0),1,,13,cupy_copy__complex64_complex64
4543976477,18272,110540,1434,1,1,128,1,1,16,0.000,0.000,,,,,NVIDIA A100-SXM4-40GB MIG 4g.20gb (0),1,,13,cupy_copy__complex64_complex64
4544048476,254013,110545,1,1,1,32,32,1,30,0.000,0.000,,,,,NVIDIA A100-SXM4-40GB MIG 4g.20gb (0),1,,13,"void convert_kernel<__half2, float2>(tensor_layout_any, T1 *, tensor_layout_any, const T2 *)"
4544333241,6464,110548,,,,,,,,,,0.094,14494.959,Pinned,Device,NVIDIA A100-SXM4-40GB MIG 4g.20gb (0),1,,13,[CUDA memcpy Host-to-Device]
4544422008,629496,110549,,,,,,,,,,456.561,725019.567,Device,,NVIDIA A100-SXM4-40GB MIG 4g.20gb (0),1,,13,[CUDA memset]
4545056944,54368,110554,,,,,,,,,,1.235,22714.325,Pinned,Device,NVIDIA A100-SXM4-40GB MIG 4g.20gb (0),1,,13,[CUDA memcpy Host-to-Device]
4545113744,9408,110555,,,,,,,,,,0.197,20897.858,Pinned,Device,NVIDIA A100-SXM4-40GB MIG 4g.20gb (0),1,,13,[CUDA memcpy Host-to-Device]
4545180463,21600,110556,69,4,1,48,1,1,76,0.002,0.000,,,,,NVIDIA A100-SXM4-40GB MIG 4g.20gb (0),1,,13,"void ch_est::windowedChEstPreNoDftSOfdmKernel<float, __half, float, (unsigned int)2, (unsigned int)1, (unsigned short)4>(ch_est::puschRxChEstStatDescr_t *, ch_est::puschRxChEstDynDescr_t *)"
4545245038,22176,110557,137,2,1,24,2,1,44,0.001,0.001,,,,,NVIDIA A100-SXM4-40GB MIG 4g.20gb (0),1,,13,"void ch_est::chEstFilterNoDftSOfdmDispatchKernel<float, __half, float, (unsigned int)2>(ch_est::puschRxChEstStatDescr_t *, ch_est::puschRxChEstDynDescr_t *)"
4545283694,25823,110558,137,2,1,24,2,1,44,0.001,0.001,,,,,NVIDIA A100-SXM4-40GB MIG 4g.20gb (0),1,,13,"void ch_est::chEstFilterNoDftSOfdmDispatchKernel<float, __half, float, (unsigned int)2>(ch_est::puschRxChEstStatDescr_t *, ch_est::puschRxChEstDynDescr_t *)"
4545349325,9344,110569,103,1,1,128,1,1,16,0.000,0.000,,,,,NVIDIA A100-SXM4-40GB MIG 4g.20gb (0),1,,13,cupy_copy__complex64_complex64
4545382221,17119,110579,1434,1,1,128,1,1,16,0.000,0.000,,,,,NVIDIA A100-SXM4-40GB MIG 4g.20gb (0),1,,13,cupy_copy__complex64_complex64
4545446252,9824,110586,103,1,1,128,1,1,16,0.000,0.000,,,,,NVIDIA A100-SXM4-40GB MIG 4g.20gb (0),1,,13,cupy_copy__complex64_complex64
4545483147,253214,110593,1,1,1,32,32,1,30,0.000,0.000,,,,,NVIDIA A100-SXM4-40GB MIG 4g.20gb (0),1,,13,"void convert_kernel<__half2, float2>(tensor_layout_any, T1 *, tensor_layout_any, const T2 *)"
4545765736,5856,110596,,,,,,,,,,0.094,15999.997,Pinned,Device,NVIDIA A100-SXM4-40GB MIG 4g.20gb (0),1,,13,[CUDA memcpy Host-to-Device]
4545825704,60319,110597,,,,,,,,,,35.810,593656.854,Device,,NVIDIA A100-SXM4-40GB MIG 4g.20gb (0),1,,13,[CUDA memset]
4545890375,3264,110599,,,,,,,,,,0.000,24.510,Pinned,Device,NVIDIA A100-SXM4-40GB MIG 4g.20gb (0),1,,13,[CUDA memcpy Host-to-Device]
4545896391,9312,110600,,,,,,,,,,0.197,21113.340,Pinned,Device,NVIDIA A100-SXM4-40GB MIG 4g.20gb (0),1,,13,[CUDA memcpy Host-to-Device]
4545973094,29727,110601,273,1,1,48,1,1,40,0.000,0.001,,,,,NVIDIA A100-SXM4-40GB MIG 4g.20gb (0),1,,13,"void pusch_noise_intf_est::noiseIntfEstNoDftSOfdmKernel<float, __half, float, float, (unsigned int)2, (unsigned int)1, (unsigned char)4, (unsigned char)4>(pusch_noise_intf_est::puschRxNoiseIntfEstDynDescr)"
4546011397,7360,110612,35,1,1,128,1,1,16,0.000,0.000,,,,,NVIDIA A100-SXM4-40GB MIG 4g.20gb (0),1,,13,cupy_copy__complex64_complex64
4546072357,3872,110621,1,1,1,1,1,1,18,0.000,0.000,,,,,NVIDIA A100-SXM4-40GB MIG 4g.20gb (0),1,,13,cupy_copy__float32_float32
4546077253,1568,110627,,,,,,,,,,0.000,2.551,Device,Pageable,NVIDIA A100-SXM4-40GB MIG 4g.20gb (0),1,,7,[CUDA memcpy Device-to-Host]
4546167748,17151,110638,1434,1,1,128,1,1,16,0.000,0.000,,,,,NVIDIA A100-SXM4-40GB MIG 4g.20gb (0),1,,13,cupy_copy__complex64_complex64
4546209219,5856,110645,103,1,1,128,1,1,16,0.000,0.000,,,,,NVIDIA A100-SXM4-40GB MIG 4g.20gb (0),1,,13,cupy_copy__complex64_complex64
4546275138,8800,110652,35,1,1,128,1,1,16,0.000,0.000,,,,,NVIDIA A100-SXM4-40GB MIG 4g.20gb (0),1,,13,cupy_copy__complex64_complex64
4546311138,4352,110659,1,1,1,1,1,1,18,0.000,0.000,,,,,NVIDIA A100-SXM4-40GB MIG 4g.20gb (0),1,,13,cupy_copy__float32_float32
4546417025,251933,110670,1,1,1,32,32,1,30,0.000,0.000,,,,,NVIDIA A100-SXM4-40GB MIG 4g.20gb (0),1,,13,"void convert_kernel<__half2, float2>(tensor_layout_any, T1 *, tensor_layout_any, const T2 *)"
4546698717,5664,110673,,,,,,,,,,0.094,16542.310,Pinned,Device,NVIDIA A100-SXM4-40GB MIG 4g.20gb (0),1,,13,[CUDA memcpy Host-to-Device]
4546723965,15840,110674,,,,,,,,,,1.547,97639.920,Device,,NVIDIA A100-SXM4-40GB MIG 4g.20gb (0),1,,13,[CUDA memset]
4546748893,3040,110679,,,,,,,,,,0.031,10294.725,Pinned,Device,NVIDIA A100-SXM4-40GB MIG 4g.20gb (0),1,,13,[CUDA memcpy Host-to-Device]
4546754397,9856,110680,,,,,,,,,,0.197,19948.044,Pinned,Device,NVIDIA A100-SXM4-40GB MIG 4g.20gb (0),1,,13,[CUDA memcpy Host-to-Device]
4546786556,27936,110681,273,1,1,8,4,1,39,0.002,0.000,,,,,NVIDIA A100-SXM4-40GB MIG 4g.20gb (0),1,,13,"void channel_eq::eqMmseCoefCompLowMimoKernel<float, float, float, (unsigned int)4, (unsigned int)1, (unsigned int)4>(const channel_eq::_puschRxChEqStatDescr *, channel_eq::_puschRxChEqCoefCompDynDescr)"
4546834812,26304,110682,273,1,1,12,11,1,51,0.002,0.000,,,,,NVIDIA A100-SXM4-40GB MIG 4g.20gb (0),1,,13,"void channel_eq::eqMmseSoftDemapKernel<float, __half, __half, float, (unsigned int)4, (unsigned short)16383>(channel_eq::_puschRxChEqStatDescr *, channel_eq::_puschRxChEqSoftDemapDynDescr)"
4546913147,628825,110683,1,1,1,32,32,1,30,0.000,0.000,,,,,NVIDIA A100-SXM4-40GB MIG 4g.20gb (0),1,,13,"void convert_kernel<float2, __half2>(tensor_layout_any, T1 *, tensor_layout_any, const T2 *)"
4547564339,19872,110695,2253,1,1,128,1,1,16,0.000,0.000,,,,,NVIDIA A100-SXM4-40GB MIG 4g.20gb (0),1,,13,cupy_copy__float16_float16
4547629683,13056,110704,282,1,1,128,1,1,16,0.000,0.000,,,,,NVIDIA A100-SXM4-40GB MIG 4g.20gb (0),1,,13,cupy_copy__complex64_complex64
4547660370,7424,110713,26,1,1,128,1,1,16,0.000,0.000,,,,,NVIDIA A100-SXM4-40GB MIG 4g.20gb (0),1,,13,cupy_copy__float32_float32
4547718386,10784,110722,103,1,1,128,1,1,16,0.000,0.000,,,,,NVIDIA A100-SXM4-40GB MIG 4g.20gb (0),1,,13,cupy_copy__complex64_complex64
4547755345,20096,110732,1434,1,1,128,1,1,16,0.000,0.000,,,,,NVIDIA A100-SXM4-40GB MIG 4g.20gb (0),1,,13,cupy_copy__complex64_complex64
4547831728,261309,110737,1,1,1,32,32,1,30,0.000,0.000,,,,,NVIDIA A100-SXM4-40GB MIG 4g.20gb (0),1,,13,"void convert_kernel<__half2, float2>(tensor_layout_any, T1 *, tensor_layout_any, const T2 *)"
4548124141,5536,110740,,,,,,,,,,0.094,16924.777,Pinned,Device,NVIDIA A100-SXM4-40GB MIG 4g.20gb (0),1,,13,[CUDA memcpy Host-to-Device]
4548193196,632537,110741,,,,,,,,,,456.561,721367.075,Device,,NVIDIA A100-SXM4-40GB MIG 4g.20gb (0),1,,13,[CUDA memset]
4548828613,53631,110746,,,,,,,,,,1.235,23025.531,Pinned,Device,NVIDIA A100-SXM4-40GB MIG 4g.20gb (0),1,,13,[CUDA memcpy Host-to-Device]
4548885092,10048,110747,,,,,,,,,,0.197,19566.821,Pinned,Device,NVIDIA A100-SXM4-40GB MIG 4g.20gb (0),1,,13,[CUDA memcpy Host-to-Device]
4548923204,22848,110748,69,4,1,48,1,1,76,0.002,0.000,,,,,NVIDIA A100-SXM4-40GB MIG 4g.20gb (0),1,,13,"void ch_est::windowedChEstPreNoDftSOfdmKernel<float, __half, float, (unsigned int)2, (unsigned int)1, (unsigned short)4>(ch_est::puschRxChEstStatDescr_t *, ch_est::puschRxChEstDynDescr_t *)"
4548962819,22304,110749,137,2,1,24,2,1,44,0.001,0.001,,,,,NVIDIA A100-SXM4-40GB MIG 4g.20gb (0),1,,13,"void ch_est::chEstFilterNoDftSOfdmDispatchKernel<float, __half, float, (unsigned int)2>(ch_est::puschRxChEstStatDescr_t *, ch_est::puschRxChEstDynDescr_t *)"
4549025571,21599,110750,137,2,1,24,2,1,44,0.001,0.001,,,,,NVIDIA A100-SXM4-40GB MIG 4g.20gb (0),1,,13,"void ch_est::chEstFilterNoDftSOfdmDispatchKernel<float, __half, float, (unsigned int)2>(ch_est::puschRxChEstStatDescr_t *, ch_est::puschRxChEstDynDescr_t *)"
4549065218,7520,110761,103,1,1,128,1,1,16,0.000,0.000,,,,,NVIDIA A100-SXM4-40GB MIG 4g.20gb (0),1,,13,cupy_copy__complex64_complex64
4549127073,17216,110771,1434,1,1,128,1,1,16,0.000,0.000,,,,,NVIDIA A100-SXM4-40GB MIG 4g.20gb (0),1,,13,cupy_copy__complex64_complex64
4549164609,9024,110778,103,1,1,128,1,1,16,0.000,0.000,,,,,NVIDIA A100-SXM4-40GB MIG 4g.20gb (0),1,,13,cupy_copy__complex64_complex64
4549232832,256861,110785,1,1,1,32,32,1,30,0.000,0.000,,,,,NVIDIA A100-SXM4-40GB MIG 4g.20gb (0),1,,13,"void convert_kernel<__half2, float2>(tensor_layout_any, T1 *, tensor_layout_any, const T2 *)"
4549519005,5376,110788,,,,,,,,,,0.094,17428.487,Pinned,Device,NVIDIA A100-SXM4-40GB MIG 4g.20gb (0),1,,13,[CUDA memcpy Host-to-Device]
4549550717,63871,110789,,,,,,,,,,35.810,560640.108,Device,,NVIDIA A100-SXM4-40GB MIG 4g.20gb (0),1,,13,[CUDA memset]
4549620188,1824,110791,,,,,,,,,,0.000,43.860,Pinned,Device,NVIDIA A100-SXM4-40GB MIG 4g.20gb (0),1,,13,[CUDA memcpy Host-to-Device]
4549624444,9344,110792,,,,,,,,,,0.197,21040.988,Pinned,Device,NVIDIA A100-SXM4-40GB MIG 4g.20gb (0),1,,13,[CUDA memcpy Host-to-Device]
4549694683,26528,110793,273,1,1,48,1,1,40,0.000,0.001,,,,,NVIDIA A100-SXM4-40GB MIG 4g.20gb (0),1,,13,"void pusch_noise_intf_est::noiseIntfEstNoDftSOfdmKernel<float, __half, float, float, (unsigned int)2, (unsigned int)1, (unsigned char)4, (unsigned char)4>(pusch_noise_intf_est::puschRxNoiseIntfEstDynDescr)"
4549757722,8672,110804,35,1,1,128,1,1,16,0.000,0.000,,,,,NVIDIA A100-SXM4-40GB MIG 4g.20gb (0),1,,13,cupy_copy__complex64_complex64
4549789978,4736,110813,1,1,1,1,1,1,18,0.000,0.000,,,,,NVIDIA A100-SXM4-40GB MIG 4g.20gb (0),1,,13,cupy_copy__float32_float32
4549798938,1600,110819,,,,,,,,,,0.000,2.500,Device,Pageable,NVIDIA A100-SXM4-40GB MIG 4g.20gb (0),1,,7,[CUDA memcpy Device-to-Host]
4549893497,18527,110830,1434,1,1,128,1,1,16,0.000,0.000,,,,,NVIDIA A100-SXM4-40GB MIG 4g.20gb (0),1,,13,cupy_copy__complex64_complex64
4549959288,7424,110837,103,1,1,128,1,1,16,0.000,0.000,,,,,NVIDIA A100-SXM4-40GB MIG 4g.20gb (0),1,,13,cupy_copy__complex64_complex64
4549992759,7488,110844,35,1,1,128,1,1,16,0.000,0.000,,,,,NVIDIA A100-SXM4-40GB MIG 4g.20gb (0),1,,13,cupy_copy__complex64_complex64
4550061911,4224,110851,1,1,1,1,1,1,18,0.000,0.000,,,,,NVIDIA A100-SXM4-40GB MIG 4g.20gb (0),1,,13,cupy_copy__float32_float32
4550102710,248765,110862,1,1,1,32,32,1,30,0.000,0.000,,,,,NVIDIA A100-SXM4-40GB MIG 4g.20gb (0),1,,13,"void convert_kernel<__half2, float2>(tensor_layout_any, T1 *, tensor_layout_any, const T2 *)"
4550383475,5376,110865,,,,,,,,,,0.094,17428.487,Pinned,Device,NVIDIA A100-SXM4-40GB MIG 4g.20gb (0),1,,13,[CUDA memcpy Host-to-Device]
4550435090,10976,110866,,,,,,,,,,1.547,140908.273,Device,,NVIDIA A100-SXM4-40GB MIG 4g.20gb (0),1,,13,[CUDA memset]
4550453682,3040,110871,,,,,,,,,,0.031,10294.725,Pinned,Device,NVIDIA A100-SXM4-40GB MIG 4g.20gb (0),1,,13,[CUDA memcpy Host-to-Device]
4550460146,10784,110872,,,,,,,,,,0.197,18231.263,Pinned,Device,NVIDIA A100-SXM4-40GB MIG 4g.20gb (0),1,,13,[CUDA memcpy Host-to-Device]
4550501042,27423,110873,273,1,1,8,4,1,39,0.002,0.000,,,,,NVIDIA A100-SXM4-40GB MIG 4g.20gb (0),1,,13,"void channel_eq::eqMmseCoefCompLowMimoKernel<float, float, float, (unsigned int)4, (unsigned int)1, (unsigned int)4>(const channel_eq::_puschRxChEqStatDescr *, channel_eq::_puschRxChEqCoefCompDynDescr)"
4550547249,27296,110874,273,1,1,12,11,1,51,0.002,0.000,,,,,NVIDIA A100-SXM4-40GB MIG 4g.20gb (0),1,,13,"void channel_eq::eqMmseSoftDemapKernel<float, __half, __half, float, (unsigned int)4, (unsigned short)16383>(channel_eq::_puschRxChEqStatDescr *, channel_eq::_puschRxChEqSoftDemapDynDescr)"
4550622704,620153,110875,1,1,1,32,32,1,30,0.000,0.000,,,,,NVIDIA A100-SXM4-40GB MIG 4g.20gb (0),1,,13,"void convert_kernel<float2, __half2>(tensor_layout_any, T1 *, tensor_layout_any, const T2 *)"
4551282825,18879,110887,2253,1,1,128,1,1,16,0.000,0.000,,,,,NVIDIA A100-SXM4-40GB MIG 4g.20gb (0),1,,13,cupy_copy__float16_float16
4551345608,14080,110896,282,1,1,128,1,1,16,0.000,0.000,,,,,NVIDIA A100-SXM4-40GB MIG 4g.20gb (0),1,,13,cupy_copy__complex64_complex64
4551377191,8992,110905,26,1,1,128,1,1,16,0.000,0.000,,,,,NVIDIA A100-SXM4-40GB MIG 4g.20gb (0),1,,13,cupy_copy__float32_float32
4551435111,9824,110914,103,1,1,128,1,1,16,0.000,0.000,,,,,NVIDIA A100-SXM4-40GB MIG 4g.20gb (0),1,,13,cupy_copy__complex64_complex64
4551471014,19104,110924,1434,1,1,128,1,1,16,0.000,0.000,,,,,NVIDIA A100-SXM4-40GB MIG 4g.20gb (0),1,,13,cupy_copy__complex64_complex64
4551543206,255997,110929,1,1,1,32,32,1,30,0.000,0.000,,,,,NVIDIA A100-SXM4-40GB MIG 4g.20gb (0),1,,13,"void convert_kernel<__half2, float2>(tensor_layout_any, T1 *, tensor_layout_any, const T2 *)"
4551828226,5920,110932,,,,,,,,,,0.094,15826.941,Pinned,Device,NVIDIA A100-SXM4-40GB MIG 4g.20gb (0),1,,13,[CUDA memcpy Host-to-Device]
4551847970,635673,110933,,,,,,,,,,456.561,718171.145,Device,,NVIDIA A100-SXM4-40GB MIG 4g.20gb (0),1,,13,[CUDA memset]
4552485499,52575,110938,,,,,,,,,,1.235,23488.635,Pinned,Device,NVIDIA A100-SXM4-40GB MIG 4g.20gb (0),1,,13,[CUDA memcpy Host-to-Device]
4552540698,9344,110939,,,,,,,,,,0.197,21040.988,Pinned,Device,NVIDIA A100-SXM4-40GB MIG 4g.20gb (0),1,,13,[CUDA memcpy Host-to-Device]
4552570426,26303,110940,69,4,1,48,1,1,76,0.002,0.000,,,,,NVIDIA A100-SXM4-40GB MIG 4g.20gb (0),1,,13,"void ch_est::windowedChEstPreNoDftSOfdmKernel<float, __half, float, (unsigned int)2, (unsigned int)1, (unsigned short)4>(ch_est::puschRxChEstStatDescr_t *, ch_est::puschRxChEstDynDescr_t *)"
4552635289,22304,110941,137,2,1,24,2,1,44,0.001,0.001,,,,,NVIDIA A100-SXM4-40GB MIG 4g.20gb (0),1,,13,"void ch_est::chEstFilterNoDftSOfdmDispatchKernel<float, __half, float, (unsigned int)2>(ch_est::puschRxChEstStatDescr_t *, ch_est::puschRxChEstDynDescr_t *)"
4552672025,24831,110942,137,2,1,24,2,1,44,0.001,0.001,,,,,NVIDIA A100-SXM4-40GB MIG 4g.20gb (0),1,,13,"void ch_est::chEstFilterNoDftSOfdmDispatchKernel<float, __half, float, (unsigned int)2>(ch_est::puschRxChEstStatDescr_t *, ch_est::puschRxChEstDynDescr_t *)"
4552736984,10592,110953,103,1,1,128,1,1,16,0.000,0.000,,,,,NVIDIA A100-SXM4-40GB MIG 4g.20gb (0),1,,13,cupy_copy__complex64_complex64
4552770583,16512,110963,1434,1,1,128,1,1,16,0.000,0.000,,,,,NVIDIA A100-SXM4-40GB MIG 4g.20gb (0),1,,13,cupy_copy__complex64_complex64
4552839383,8863,110970,103,1,1,128,1,1,16,0.000,0.000,,,,,NVIDIA A100-SXM4-40GB MIG 4g.20gb (0),1,,13,cupy_copy__complex64_complex64
4552875670,251805,110977,1,1,1,32,32,1,30,0.000,0.000,,,,,NVIDIA A100-SXM4-40GB MIG 4g.20gb (0),1,,13,"void convert_kernel<__half2, float2>(tensor_layout_any, T1 *, tensor_layout_any, const T2 *)"
4553161267,5408,110980,,,,,,,,,,0.094,17325.421,Pinned,Device,NVIDIA A100-SXM4-40GB MIG 4g.20gb (0),1,,13,[CUDA memcpy Host-to-Device]
4553223346,61087,110981,,,,,,,,,,35.810,586208.390,Device,,NVIDIA A100-SXM4-40GB MIG 4g.20gb (0),1,,13,[CUDA memset]
4553286609,4064,110983,,,,,,,,,,0.000,19.685,Pinned,Device,NVIDIA A100-SXM4-40GB MIG 4g.20gb (0),1,,13,[CUDA memcpy Host-to-Device]
4553293425,9312,110984,,,,,,,,,,0.197,21113.340,Pinned,Device,NVIDIA A100-SXM4-40GB MIG 4g.20gb (0),1,,13,[CUDA memcpy Host-to-Device]
4553380176,26752,110985,273,1,1,48,1,1,40,0.000,0.001,,,,,NVIDIA A100-SXM4-40GB MIG 4g.20gb (0),1,,13,"void pusch_noise_intf_est::noiseIntfEstNoDftSOfdmKernel<float, __half, float, float, (unsigned int)2, (unsigned int)1, (unsigned char)4, (unsigned char)4>(pusch_noise_intf_est::puschRxNoiseIntfEstDynDescr)"
4553416432,11520,110996,35,1,1,128,1,1,16,0.000,0.000,,,,,NVIDIA A100-SXM4-40GB MIG 4g.20gb (0),1,,13,cupy_copy__complex64_complex64
4553489775,4288,111005,1,1,1,1,1,1,18,0.000,0.000,,,,,NVIDIA A100-SXM4-40GB MIG 4g.20gb (0),1,,13,cupy_copy__float32_float32
4553497711,1600,111011,,,,,,,,,,0.000,2.500,Device,Pageable,NVIDIA A100-SXM4-40GB MIG 4g.20gb (0),1,,7,[CUDA memcpy Device-to-Host]
4553601614,16256,111022,1434,1,1,128,1,1,16,0.000,0.000,,,,,NVIDIA A100-SXM4-40GB MIG 4g.20gb (0),1,,13,cupy_copy__complex64_complex64
4553642381,8352,111029,103,1,1,128,1,1,16,0.000,0.000,,,,,NVIDIA A100-SXM4-40GB MIG 4g.20gb (0),1,,13,cupy_copy__complex64_complex64
4553706925,8511,111036,35,1,1,128,1,1,16,0.000,0.000,,,,,NVIDIA A100-SXM4-40GB MIG 4g.20gb (0),1,,13,cupy_copy__complex64_complex64
4553747948,5056,111043,1,1,1,1,1,1,18,0.000,0.000,,,,,NVIDIA A100-SXM4-40GB MIG 4g.20gb (0),1,,13,cupy_copy__float32_float32
4553833835,252989,111054,1,1,1,32,32,1,30,0.000,0.000,,,,,NVIDIA A100-SXM4-40GB MIG 4g.20gb (0),1,,13,"void convert_kernel<__half2, float2>(tensor_layout_any, T1 *, tensor_layout_any, const T2 *)"
4554118312,5344,111057,,,,,,,,,,0.094,17532.864,Pinned,Device,NVIDIA A100-SXM4-40GB MIG 4g.20gb (0),1,,13,[CUDA memcpy Host-to-Device]
4554204199,10528,111058,,,,,,,,,,1.547,146904.534,Device,,NVIDIA A100-SXM4-40GB MIG 4g.20gb (0),1,,13,[CUDA memset]
4554216039,3040,111063,,,,,,,,,,0.031,10294.725,Pinned,Device,NVIDIA A100-SXM4-40GB MIG 4g.20gb (0),1,,13,[CUDA memcpy Host-to-Device]
4554221575,9888,111064,,,,,,,,,,0.197,19883.360,Pinned,Device,NVIDIA A100-SXM4-40GB MIG 4g.20gb (0),1,,13,[CUDA memcpy Host-to-Device]
4554297382,27071,111065,273,1,1,8,4,1,39,0.002,0.000,,,,,NVIDIA A100-SXM4-40GB MIG 4g.20gb (0),1,,13,"void channel_eq::eqMmseCoefCompLowMimoKernel<float, float, float, (unsigned int)4, (unsigned int)1, (unsigned int)4>(const channel_eq::_puschRxChEqStatDescr *, channel_eq::_puschRxChEqCoefCompDynDescr)"
4554342309,27520,111066,273,1,1,12,11,1,51,0.002,0.000,,,,,NVIDIA A100-SXM4-40GB MIG 4g.20gb (0),1,,13,"void channel_eq::eqMmseSoftDemapKernel<float, __half, __half, float, (unsigned int)4, (unsigned short)16383>(channel_eq::_puschRxChEqStatDescr *, channel_eq::_puschRxChEqSoftDemapDynDescr)"
4554416804,605849,111067,1,1,1,32,32,1,30,0.000,0.000,,,,,NVIDIA A100-SXM4-40GB MIG 4g.20gb (0),1,,13,"void convert_kernel<float2, __half2>(tensor_layout_any, T1 *, tensor_layout_any, const T2 *)"
4555070333,18784,111079,2253,1,1,128,1,1,16,0.000,0.000,,,,,NVIDIA A100-SXM4-40GB MIG 4g.20gb (0),1,,13,cupy_copy__float16_float16
4555133756,13856,111088,282,1,1,128,1,1,16,0.000,0.000,,,,,NVIDIA A100-SXM4-40GB MIG 4g.20gb (0),1,,13,cupy_copy__complex64_complex64
4555165468,7872,111097,26,1,1,128,1,1,16,0.000,0.000,,,,,NVIDIA A100-SXM4-40GB MIG 4g.20gb (0),1,,13,cupy_copy__float32_float32
4555222939,10496,111106,103,1,1,128,1,1,16,0.000,0.000,,,,,NVIDIA A100-SXM4-40GB MIG 4g.20gb (0),1,,13,cupy_copy__complex64_complex64
4555256283,18495,111116,1434,1,1,128,1,1,16,0.000,0.000,,,,,NVIDIA A100-SXM4-40GB MIG 4g.20gb (0),1,,13,cupy_copy__complex64_complex64
4555331034,255837,111121,1,1,1,32,32,1,30,0.000,0.000,,,,,NVIDIA A100-SXM4-40GB MIG 4g.20gb (0),1,,13,"void convert_kernel<__half2, float2>(tensor_layout_any, T1 *, tensor_layout_any, const T2 *)"
4555616631,5695,111124,,,,,,,,,,0.094,16452.268,Pinned,Device,NVIDIA A100-SXM4-40GB MIG 4g.20gb (0),1,,13,[CUDA memcpy Host-to-Device]
4555637398,634617,111125,,,,,,,,,,456.561,719084.268,Device,,NVIDIA A100-SXM4-40GB MIG 4g.20gb (0),1,,13,[CUDA memset]
4556274319,54943,111130,,,,,,,,,,1.235,22475.981,Pinned,Device,NVIDIA A100-SXM4-40GB MIG 4g.20gb (0),1,,13,[CUDA memcpy Host-to-Device]
4556333902,14976,111131,,,,,,,,,,0.197,13128.106,Pinned,Device,NVIDIA A100-SXM4-40GB MIG 4g.20gb (0),1,,13,[CUDA memcpy Host-to-Device]
4556424941,19072,111132,69,4,1,48,1,1,76,0.002,0.000,,,,,NVIDIA A100-SXM4-40GB MIG 4g.20gb (0),1,,13,"void ch_est::windowedChEstPreNoDftSOfdmKernel<float, __half, float, (unsigned int)2, (unsigned int)1, (unsigned short)4>(ch_est::puschRxChEstStatDescr_t *, ch_est::puschRxChEstDynDescr_t *)"
4556461165,22528,111133,137,2,1,24,2,1,44,0.001,0.001,,,,,NVIDIA A100-SXM4-40GB MIG 4g.20gb (0),1,,13,"void ch_est::chEstFilterNoDftSOfdmDispatchKernel<float, __half, float, (unsigned int)2>(ch_est::puschRxChEstStatDescr_t *, ch_est::puschRxChEstDynDescr_t *)"
4556524524,22144,111134,137,2,1,24,2,1,44,0.001,0.001,,,,,NVIDIA A100-SXM4-40GB MIG 4g.20gb (0),1,,13,"void ch_est::chEstFilterNoDftSOfdmDispatchKernel<float, __half, float, (unsigned int)2>(ch_est::puschRxChEstStatDescr_t *, ch_est::puschRxChEstDynDescr_t *)"
4556564012,5152,111145,103,1,1,128,1,1,16,0.000,0.000,,,,,NVIDIA A100-SXM4-40GB MIG 4g.20gb (0),1,,13,cupy_copy__complex64_complex64
4556629387,15808,111155,1434,1,1,128,1,1,16,0.000,0.000,,,,,NVIDIA A100-SXM4-40GB MIG 4g.20gb (0),1,,13,cupy_copy__complex64_complex64
4556668458,5664,111162,103,1,1,128,1,1,16,0.000,0.000,,,,,NVIDIA A100-SXM4-40GB MIG 4g.20gb (0),1,,13,cupy_copy__complex64_complex64
4556737962,257597,111169,1,1,1,32,32,1,30,0.000,0.000,,,,,NVIDIA A100-SXM4-40GB MIG 4g.20gb (0),1,,13,"void convert_kernel<__half2, float2>(tensor_layout_any, T1 *, tensor_layout_any, const T2 *)"
4557023878,5632,111172,,,,,,,,,,0.094,16636.287,Pinned,Device,NVIDIA A100-SXM4-40GB MIG 4g.20gb (0),1,,13,[CUDA memcpy Host-to-Device]
4557045894,64575,111173,,,,,,,,,,35.810,554516.611,Device,,NVIDIA A100-SXM4-40GB MIG 4g.20gb (0),1,,13,[CUDA memset]
4557116773,1856,111175,,,,,,,,,,0.000,43.103,Pinned,Device,NVIDIA A100-SXM4-40GB MIG 4g.20gb (0),1,,13,[CUDA memcpy Host-to-Device]
4557121029,9312,111176,,,,,,,,,,0.197,21113.340,Pinned,Device,NVIDIA A100-SXM4-40GB MIG 4g.20gb (0),1,,13,[CUDA memcpy Host-to-Device]
4557196900,26080,111177,273,1,1,48,1,1,40,0.000,0.001,,,,,NVIDIA A100-SXM4-40GB MIG 4g.20gb (0),1,,13,"void pusch_noise_intf_est::noiseIntfEstNoDftSOfdmKernel<float, __half, float, float, (unsigned int)2, (unsigned int)1, (unsigned char)4, (unsigned char)4>(pusch_noise_intf_est::puschRxNoiseIntfEstDynDescr)"
4557262468,9151,111188,35,1,1,128,1,1,16,0.000,0.000,,,,,NVIDIA A100-SXM4-40GB MIG 4g.20gb (0),1,,13,cupy_copy__complex64_complex64
4557296131,4192,111197,1,1,1,1,1,1,18,0.000,0.000,,,,,NVIDIA A100-SXM4-40GB MIG 4g.20gb (0),1,,13,cupy_copy__float32_float32
4557305795,1664,111203,,,,,,,,,,0.000,2.404,Device,Pageable,NVIDIA A100-SXM4-40GB MIG 4g.20gb (0),1,,7,[CUDA memcpy Device-to-Host]
4557391266,17056,111214,1434,1,1,128,1,1,16,0.000,0.000,,,,,NVIDIA A100-SXM4-40GB MIG 4g.20gb (0),1,,13,cupy_copy__complex64_complex64
4557460289,9184,111221,103,1,1,128,1,1,16,0.000,0.000,,,,,NVIDIA A100-SXM4-40GB MIG 4g.20gb (0),1,,13,cupy_copy__complex64_complex64
4557494657,6976,111228,35,1,1,128,1,1,16,0.000,0.000,,,,,NVIDIA A100-SXM4-40GB MIG 4g.20gb (0),1,,13,cupy_copy__complex64_complex64
4557565920,4032,111235,1,1,1,1,1,1,18,0.000,0.000,,,,,NVIDIA A100-SXM4-40GB MIG 4g.20gb (0),1,,13,cupy_copy__float32_float32
4557605920,250429,111246,1,1,1,32,32,1,30,0.000,0.000,,,,,NVIDIA A100-SXM4-40GB MIG 4g.20gb (0),1,,13,"void convert_kernel<__half2, float2>(tensor_layout_any, T1 *, tensor_layout_any, const T2 *)"
4557886172,5600,111249,,,,,,,,,,0.094,16731.388,Pinned,Device,NVIDIA A100-SXM4-40GB MIG 4g.20gb (0),1,,13,[CUDA memcpy Host-to-Device]
4557945564,12800,111250,,,,,,,,,,1.547,120830.000,Device,,NVIDIA A100-SXM4-40GB MIG 4g.20gb (0),1,,13,[CUDA memset]
4557961563,3040,111255,,,,,,,,,,0.031,10294.725,Pinned,Device,NVIDIA A100-SXM4-40GB MIG 4g.20gb (0),1,,13,[CUDA memcpy Host-to-Device]
4557967547,9952,111256,,,,,,,,,,0.197,19755.565,Pinned,Device,NVIDIA A100-SXM4-40GB MIG 4g.20gb (0),1,,13,[CUDA memcpy Host-to-Device]
4558012987,27744,111257,273,1,1,8,4,1,39,0.002,0.000,,,,,NVIDIA A100-SXM4-40GB MIG 4g.20gb (0),1,,13,"void channel_eq::eqMmseCoefCompLowMimoKernel<float, float, float, (unsigned int)4, (unsigned int)1, (unsigned int)4>(const channel_eq::_puschRxChEqStatDescr *, channel_eq::_puschRxChEqCoefCompDynDescr)"
4558058362,27712,111258,273,1,1,12,11,1,51,0.002,0.000,,,,,NVIDIA A100-SXM4-40GB MIG 4g.20gb (0),1,,13,"void channel_eq::eqMmseSoftDemapKernel<float, __half, __half, float, (unsigned int)4, (unsigned short)16383>(channel_eq::_puschRxChEqStatDescr *, channel_eq::_puschRxChEqSoftDemapDynDescr)"
4558131802,607576,111259,1,1,1,32,32,1,30,0.000,0.000,,,,,NVIDIA A100-SXM4-40GB MIG 4g.20gb (0),1,,13,"void convert_kernel<float2, __half2>(tensor_layout_any, T1 *, tensor_layout_any, const T2 *)"
4558794226,20736,111271,2253,1,1,128,1,1,16,0.000,0.000,,,,,NVIDIA A100-SXM4-40GB MIG 4g.20gb (0),1,,13,cupy_copy__float16_float16
4558859025,13440,111280,282,1,1,128,1,1,16,0.000,0.000,,,,,NVIDIA A100-SXM4-40GB MIG 4g.20gb (0),1,,13,cupy_copy__complex64_complex64
4558890481,4992,111289,26,1,1,128,1,1,16,0.000,0.000,,,,,NVIDIA A100-SXM4-40GB MIG 4g.20gb (0),1,,13,cupy_copy__float32_float32
4558952656,11616,111298,103,1,1,128,1,1,16,0.000,0.000,,,,,NVIDIA A100-SXM4-40GB MIG 4g.20gb (0),1,,13,cupy_copy__complex64_complex64
4558996496,17727,111308,1434,1,1,128,1,1,16,0.000,0.000,,,,,NVIDIA A100-SXM4-40GB MIG 4g.20gb (0),1,,13,cupy_copy__complex64_complex64
4559069103,251325,111313,1,1,1,32,32,1,30,0.000,0.000,,,,,NVIDIA A100-SXM4-40GB MIG 4g.20gb (0),1,,13,"void convert_kernel<__half2, float2>(tensor_layout_any, T1 *, tensor_layout_any, const T2 *)"
4559349483,5344,111316,,,,,,,,,,0.094,17532.864,Pinned,Device,NVIDIA A100-SXM4-40GB MIG 4g.20gb (0),1,,13,[CUDA memcpy Host-to-Device]
4559386827,630329,111317,,,,,,,,,,456.561,724106.444,Device,,NVIDIA A100-SXM4-40GB MIG 4g.20gb (0),1,,13,[CUDA memset]
4560022852,50879,111322,,,,,,,,,,1.235,24271.589,Pinned,Device,NVIDIA A100-SXM4-40GB MIG 4g.20gb (0),1,,13,[CUDA memcpy Host-to-Device]
4560076195,9856,111323,,,,,,,,,,0.197,19948.044,Pinned,Device,NVIDIA A100-SXM4-40GB MIG 4g.20gb (0),1,,13,[CUDA memcpy Host-to-Device]
4560105283,26143,111324,69,4,1,48,1,1,76,0.002,0.000,,,,,NVIDIA A100-SXM4-40GB MIG 4g.20gb (0),1,,13,"void ch_est::windowedChEstPreNoDftSOfdmKernel<float, __half, float, (unsigned int)2, (unsigned int)1, (unsigned short)4>(ch_est::puschRxChEstStatDescr_t *, ch_est::puschRxChEstDynDescr_t *)"
4560171810,24224,111325,137,2,1,24,2,1,44,0.001,0.001,,,,,NVIDIA A100-SXM4-40GB MIG 4g.20gb (0),1,,13,"void ch_est::chEstFilterNoDftSOfdmDispatchKernel<float, __half, float, (unsigned int)2>(ch_est::puschRxChEstStatDescr_t *, ch_est::puschRxChEstDynDescr_t *)"
4560210114,28959,111326,137,2,1,24,2,1,44,0.001,0.001,,,,,NVIDIA A100-SXM4-40GB MIG 4g.20gb (0),1,,13,"void ch_est::chEstFilterNoDftSOfdmDispatchKernel<float, __half, float, (unsigned int)2>(ch_est::puschRxChEstStatDescr_t *, ch_est::puschRxChEstDynDescr_t *)"
4560274561,7648,111337,103,1,1,128,1,1,16,0.000,0.000,,,,,NVIDIA A100-SXM4-40GB MIG 4g.20gb (0),1,,13,cupy_copy__complex64_complex64
4560308096,16192,111347,1434,1,1,128,1,1,16,0.000,0.000,,,,,NVIDIA A100-SXM4-40GB MIG 4g.20gb (0),1,,13,cupy_copy__complex64_complex64
4560372032,8672,111354,103,1,1,128,1,1,16,0.000,0.000,,,,,NVIDIA A100-SXM4-40GB MIG 4g.20gb (0),1,,13,cupy_copy__complex64_complex64
4560410591,254589,111361,1,1,1,32,32,1,30,0.000,0.000,,,,,NVIDIA A100-SXM4-40GB MIG 4g.20gb (0),1,,13,"void convert_kernel<__half2, float2>(tensor_layout_any, T1 *, tensor_layout_any, const T2 *)"
4560695356,5952,111364,,,,,,,,,,0.094,15741.865,Pinned,Device,NVIDIA A100-SXM4-40GB MIG 4g.20gb (0),1,,13,[CUDA memcpy Host-to-Device]
4560759675,60831,111365,,,,,,,,,,35.810,588643.465,Device,,NVIDIA A100-SXM4-40GB MIG 4g.20gb (0),1,,13,[CUDA memset]
4560828410,1824,111367,,,,,,,,,,0.000,43.860,Pinned,Device,NVIDIA A100-SXM4-40GB MIG 4g.20gb (0),1,,13,[CUDA memcpy Host-to-Device]
4560832922,10304,111368,,,,,,,,,,0.197,19080.610,Pinned,Device,NVIDIA A100-SXM4-40GB MIG 4g.20gb (0),1,,13,[CUDA memcpy Host-to-Device]
4560911033,26240,111369,273,1,1,48,1,1,40,0.000,0.001,,,,,NVIDIA A100-SXM4-40GB MIG 4g.20gb (0),1,,13,"void pusch_noise_intf_est::noiseIntfEstNoDftSOfdmKernel<float, __half, float, float, (unsigned int)2, (unsigned int)1, (unsigned char)4, (unsigned char)4>(pusch_noise_intf_est::puschRxNoiseIntfEstDynDescr)"
4560945785,10720,111380,35,1,1,128,1,1,16,0.000,0.000,,,,,NVIDIA A100-SXM4-40GB MIG 4g.20gb (0),1,,13,cupy_copy__complex64_complex64
4561025528,3744,111389,1,1,1,1,1,1,18,0.000,0.000,,,,,NVIDIA A100-SXM4-40GB MIG 4g.20gb (0),1,,13,cupy_copy__float32_float32
4561036280,1984,111395,,,,,,,,,,0.000,2.016,Device,Pageable,NVIDIA A100-SXM4-40GB MIG 4g.20gb (0),1,,7,[CUDA memcpy Device-to-Host]
4561143831,16640,111406,1434,1,1,128,1,1,16,0.000,0.000,,,,,NVIDIA A100-SXM4-40GB MIG 4g.20gb (0),1,,13,cupy_copy__complex64_complex64
4561183318,8800,111413,103,1,1,128,1,1,16,0.000,0.000,,,,,NVIDIA A100-SXM4-40GB MIG 4g.20gb (0),1,,13,cupy_copy__complex64_complex64
4561246262,8159,111420,35,1,1,128,1,1,16,0.000,0.000,,,,,NVIDIA A100-SXM4-40GB MIG 4g.20gb (0),1,,13,cupy_copy__complex64_complex64
4561280533,4544,111427,1,1,1,1,1,1,18,0.000,0.000,,,,,NVIDIA A100-SXM4-40GB MIG 4g.20gb (0),1,,13,cupy_copy__float32_float32
4561352532,260157,111438,1,1,1,32,32,1,30,0.000,0.000,,,,,NVIDIA A100-SXM4-40GB MIG 4g.20gb (0),1,,13,"void convert_kernel<__half2, float2>(tensor_layout_any, T1 *, tensor_layout_any, const T2 *)"
4561642897,5856,111441,,,,,,,,,,0.094,15999.997,Pinned,Device,NVIDIA A100-SXM4-40GB MIG 4g.20gb (0),1,,13,[CUDA memcpy Host-to-Device]
4561691920,13536,111442,,,,,,,,,,1.547,114259.941,Device,,NVIDIA A100-SXM4-40GB MIG 4g.20gb (0),1,,13,[CUDA memset]
4561709648,3008,111447,,,,,,,,,,0.031,10404.230,Pinned,Device,NVIDIA A100-SXM4-40GB MIG 4g.20gb (0),1,,13,[CUDA memcpy Host-to-Device]
4561715056,9440,111448,,,,,,,,,,0.197,20827.079,Pinned,Device,NVIDIA A100-SXM4-40GB MIG 4g.20gb (0),1,,13,[CUDA memcpy Host-to-Device]
4561751984,28703,111449,273,1,1,8,4,1,39,0.002,0.000,,,,,NVIDIA A100-SXM4-40GB MIG 4g.20gb (0),1,,13,"void channel_eq::eqMmseCoefCompLowMimoKernel<float, float, float, (unsigned int)4, (unsigned int)1, (unsigned int)4>(const channel_eq::_puschRxChEqStatDescr *, channel_eq::_puschRxChEqCoefCompDynDescr)"
4561799631,27296,111450,273,1,1,12,11,1,51,0.002,0.000,,,,,NVIDIA A100-SXM4-40GB MIG 4g.20gb (0),1,,13,"void channel_eq::eqMmseSoftDemapKernel<float, __half, __half, float, (unsigned int)4, (unsigned short)16383>(channel_eq::_puschRxChEqStatDescr *, channel_eq::_puschRxChEqSoftDemapDynDescr)"
4561877390,606361,111451,1,1,1,32,32,1,30,0.000,0.000,,,,,NVIDIA A100-SXM4-40GB MIG 4g.20gb (0),1,,13,"void convert_kernel<float2, __half2>(tensor_layout_any, T1 *, tensor_layout_any, const T2 *)"
4562532903,19487,111463,2253,1,1,128,1,1,16,0.000,0.000,,,,,NVIDIA A100-SXM4-40GB MIG 4g.20gb (0),1,,13,cupy_copy__float16_float16
4562600934,15040,111472,282,1,1,128,1,1,16,0.000,0.000,,,,,NVIDIA A100-SXM4-40GB MIG 4g.20gb (0),1,,13,cupy_copy__complex64_complex64
4562634246,6847,111481,26,1,1,128,1,1,16,0.000,0.000,,,,,NVIDIA A100-SXM4-40GB MIG 4g.20gb (0),1,,13,cupy_copy__float32_float32
4562696805,10464,111490,103,1,1,128,1,1,16,0.000,0.000,,,,,NVIDIA A100-SXM4-40GB MIG 4g.20gb (0),1,,13,cupy_copy__complex64_complex64
4562736132,18496,111500,1434,1,1,128,1,1,16,0.000,0.000,,,,,NVIDIA A100-SXM4-40GB MIG 4g.20gb (0),1,,13,cupy_copy__complex64_complex64
4562809028,221469,111505,1,1,1,32,32,1,30,0.000,0.000,,,,,NVIDIA A100-SXM4-40GB MIG 4g.20gb (0),1,,13,"void convert_kernel<__half2, float2>(tensor_layout_any, T1 *, tensor_layout_any, const T2 *)"
4563068353,5375,111508,,,,,,,,,,0.094,17431.766,Pinned,Device,NVIDIA A100-SXM4-40GB MIG 4g.20gb (0),1,,13,[CUDA memcpy Host-to-Device]
4563084992,623833,111509,,,,,,,,,,456.561,731411.427,Device,,NVIDIA A100-SXM4-40GB MIG 4g.20gb (0),1,,13,[CUDA memset]
4563718553,50495,111514,,,,,,,,,,1.235,24455.596,Pinned,Device,NVIDIA A100-SXM4-40GB MIG 4g.20gb (0),1,,13,[CUDA memcpy Host-to-Device]
4563771480,9760,111515,,,,,,,,,,0.197,20144.259,Pinned,Device,NVIDIA A100-SXM4-40GB MIG 4g.20gb (0),1,,13,[CUDA memcpy Host-to-Device]
4563794360,21728,111516,69,4,1,48,1,1,76,0.002,0.000,,,,,NVIDIA A100-SXM4-40GB MIG 4g.20gb (0),1,,13,"void ch_est::windowedChEstPreNoDftSOfdmKernel<float, __half, float, (unsigned int)2, (unsigned int)1, (unsigned short)4>(ch_est::puschRxChEstStatDescr_t *, ch_est::puschRxChEstDynDescr_t *)"
4563817816,10912,111517,137,2,1,24,2,1,44,0.001,0.001,,,,,NVIDIA A100-SXM4-40GB MIG 4g.20gb (0),1,,13,"void ch_est::chEstFilterNoDftSOfdmDispatchKernel<float, __half, float, (unsigned int)2>(ch_est::puschRxChEstStatDescr_t *, ch_est::puschRxChEstDynDescr_t *)"
4563845464,20351,111518,137,2,1,24,2,1,44,0.001,0.001,,,,,NVIDIA A100-SXM4-40GB MIG 4g.20gb (0),1,,13,"void ch_est::chEstFilterNoDftSOfdmDispatchKernel<float, __half, float, (unsigned int)2>(ch_est::puschRxChEstStatDescr_t *, ch_est::puschRxChEstDynDescr_t *)"
4563873911,2528,111529,103,1,1,128,1,1,16,0.000,0.000,,,,,NVIDIA A100-SXM4-40GB MIG 4g.20gb (0),1,,13,cupy_copy__complex64_complex64
4563901815,14272,111539,1434,1,1,128,1,1,16,0.000,0.000,,,,,NVIDIA A100-SXM4-40GB MIG 4g.20gb (0),1,,13,cupy_copy__complex64_complex64
4563917495,3328,111546,103,1,1,128,1,1,16,0.000,0.000,,,,,NVIDIA A100-SXM4-40GB MIG 4g.20gb (0),1,,13,cupy_copy__complex64_complex64
4563929143,92255,111553,1,1,1,32,32,1,30,0.000,0.000,,,,,NVIDIA A100-SXM4-40GB MIG 4g.20gb (0),1,,13,"void convert_kernel<__half2, float2>(tensor_layout_any, T1 *, tensor_layout_any, const T2 *)"
4564052021,5376,111556,,,,,,,,,,0.094,17428.487,Pinned,Device,NVIDIA A100-SXM4-40GB MIG 4g.20gb (0),1,,13,[CUDA memcpy Host-to-Device]
4564085397,61439,111557,,,,,,,,,,35.810,582842.258,Device,,NVIDIA A100-SXM4-40GB MIG 4g.20gb (0),1,,13,[CUDA memset]
4564151412,2976,111559,,,,,,,,,,0.000,26.882,Pinned,Device,NVIDIA A100-SXM4-40GB MIG 4g.20gb (0),1,,13,[CUDA memcpy Host-to-Device]
4564156820,9344,111560,,,,,,,,,,0.197,21040.988,Pinned,Device,NVIDIA A100-SXM4-40GB MIG 4g.20gb (0),1,,13,[CUDA memcpy Host-to-Device]
4564173972,22400,111561,273,1,1,48,1,1,40,0.000,0.001,,,,,NVIDIA A100-SXM4-40GB MIG 4g.20gb (0),1,,13,"void pusch_noise_intf_est::noiseIntfEstNoDftSOfdmKernel<float, __half, float, float, (unsigned int)2, (unsigned int)1, (unsigned char)4, (unsigned char)4>(pusch_noise_intf_est::puschRxNoiseIntfEstDynDescr)"
4564198163,2752,111572,35,1,1,128,1,1,16,0.000,0.000,,,,,NVIDIA A100-SXM4-40GB MIG 4g.20gb (0),1,,13,cupy_copy__complex64_complex64
4564234611,2944,111581,1,1,1,1,1,1,18,0.000,0.000,,,,,NVIDIA A100-SXM4-40GB MIG 4g.20gb (0),1,,13,cupy_copy__float32_float32
4564242707,1600,111587,,,,,,,,,,0.000,2.500,Device,Pageable,NVIDIA A100-SXM4-40GB MIG 4g.20gb (0),1,,7,[CUDA memcpy Device-to-Host]
4564303858,13248,111598,1434,1,1,128,1,1,16,0.000,0.000,,,,,NVIDIA A100-SXM4-40GB MIG 4g.20gb (0),1,,13,cupy_copy__complex64_complex64
4564345842,7648,111605,103,1,1,128,1,1,16,0.000,0.000,,,,,NVIDIA A100-SXM4-40GB MIG 4g.20gb (0),1,,13,cupy_copy__complex64_complex64
4564356274,3744,111612,35,1,1,128,1,1,16,0.000,0.000,,,,,NVIDIA A100-SXM4-40GB MIG 4g.20gb (0),1,,13,cupy_copy__complex64_complex64
4564400433,2368,111619,1,1,1,1,1,1,18,0.000,0.000,,,,,NVIDIA A100-SXM4-40GB MIG 4g.20gb (0),1,,13,cupy_copy__float32_float32
4564519376,133278,111630,1,1,1,32,32,1,30,0.000,0.000,,,,,NVIDIA A100-SXM4-40GB MIG 4g.20gb (0),1,,13,"void convert_kernel<__half2, float2>(tensor_layout_any, T1 *, tensor_layout_any, const T2 *)"
4564681486,5760,111633,,,,,,,,,,0.094,16266.656,Pinned,Device,NVIDIA A100-SXM4-40GB MIG 4g.20gb (0),1,,13,[CUDA memcpy Host-to-Device]
4564696078,8096,111634,,,,,,,,,,1.547,191034.357,Device,,NVIDIA A100-SXM4-40GB MIG 4g.20gb (0),1,,13,[CUDA memset]
4564704782,3008,111639,,,,,,,,,,0.031,10404.230,Pinned,Device,NVIDIA A100-SXM4-40GB MIG 4g.20gb (0),1,,13,[CUDA memcpy Host-to-Device]
4564711758,9311,111640,,,,,,,,,,0.197,21115.503,Pinned,Device,NVIDIA A100-SXM4-40GB MIG 4g.20gb (0),1,,13,[CUDA memcpy Host-to-Device]
4564746573,15328,111641,273,1,1,8,4,1,39,0.002,0.000,,,,,NVIDIA A100-SXM4-40GB MIG 4g.20gb (0),1,,13,"void channel_eq::eqMmseCoefCompLowMimoKernel<float, float, float, (unsigned int)4, (unsigned int)1, (unsigned int)4>(const channel_eq::_puschRxChEqStatDescr *, channel_eq::_puschRxChEqCoefCompDynDescr)"
4564763597,7648,111642,273,1,1,12,11,1,51,0.002,0.000,,,,,NVIDIA A100-SXM4-40GB MIG 4g.20gb (0),1,,13,"void channel_eq::eqMmseSoftDemapKernel<float, __half, __half, float, (unsigned int)4, (unsigned short)16383>(channel_eq::_puschRxChEqStatDescr *, channel_eq::_puschRxChEqSoftDemapDynDescr)"
4564794509,765879,111643,1,1,1,32,32,1,30,0.000,0.000,,,,,NVIDIA A100-SXM4-40GB MIG 4g.20gb (0),1,,13,"void convert_kernel<float2, __half2>(tensor_layout_any, T1 *, tensor_layout_any, const T2 *)"
4565590467,19072,111655,2253,1,1,128,1,1,16,0.000,0.000,,,,,NVIDIA A100-SXM4-40GB MIG 4g.20gb (0),1,,13,cupy_copy__float16_float16
4565627555,5280,111664,282,1,1,128,1,1,16,0.000,0.000,,,,,NVIDIA A100-SXM4-40GB MIG 4g.20gb (0),1,,13,cupy_copy__complex64_complex64
4565653219,9216,111673,26,1,1,128,1,1,16,0.000,0.000,,,,,NVIDIA A100-SXM4-40GB MIG 4g.20gb (0),1,,13,cupy_copy__float32_float32
4565678210,10432,111682,103,1,1,128,1,1,16,0.000,0.000,,,,,NVIDIA A100-SXM4-40GB MIG 4g.20gb (0),1,,13,cupy_copy__complex64_complex64
4565737122,18816,111692,1434,1,1,128,1,1,16,0.000,0.000,,,,,NVIDIA A100-SXM4-40GB MIG 4g.20gb (0),1,,13,cupy_copy__complex64_complex64
4565776161,276381,111697,1,1,1,32,32,1,30,0.000,0.000,,,,,NVIDIA A100-SXM4-40GB MIG 4g.20gb (0),1,,13,"void convert_kernel<__half2, float2>(tensor_layout_any, T1 *, tensor_layout_any, const T2 *)"
4566083198,5312,111700,,,,,,,,,,0.094,17638.553,Pinned,Device,NVIDIA A100-SXM4-40GB MIG 4g.20gb (0),1,,13,[CUDA memcpy Host-to-Device]
4566127453,612185,111701,,,,,,,,,,456.561,745564.832,Device,,NVIDIA A100-SXM4-40GB MIG 4g.20gb (0),1,,13,[CUDA memset]
4566744118,50624,111706,,,,,,,,,,1.235,24393.849,Pinned,Device,NVIDIA A100-SXM4-40GB MIG 4g.20gb (0),1,,13,[CUDA memcpy Host-to-Device]
4566797173,9568,111707,,,,,,,,,,0.197,20548.485,Pinned,Device,NVIDIA A100-SXM4-40GB MIG 4g.20gb (0),1,,13,[CUDA memcpy Host-to-Device]
4566814677,8832,111708,69,4,1,48,1,1,76,0.002,0.000,,,,,NVIDIA A100-SXM4-40GB MIG 4g.20gb (0),1,,13,"void ch_est::windowedChEstPreNoDftSOfdmKernel<float, __half, float, (unsigned int)2, (unsigned int)1, (unsigned short)4>(ch_est::puschRxChEstStatDescr_t *, ch_est::puschRxChEstDynDescr_t *)"
4566847637,16064,111709,137,2,1,24,2,1,44,0.001,0.001,,,,,NVIDIA A100-SXM4-40GB MIG 4g.20gb (0),1,,13,"void ch_est::chEstFilterNoDftSOfdmDispatchKernel<float, __half, float, (unsigned int)2>(ch_est::puschRxChEstStatDescr_t *, ch_est::puschRxChEstDynDescr_t *)"
4566864757,4832,111710,137,2,1,24,2,1,44,0.001,0.001,,,,,NVIDIA A100-SXM4-40GB MIG 4g.20gb (0),1,,13,"void ch_est::chEstFilterNoDftSOfdmDispatchKernel<float, __half, float, (unsigned int)2>(ch_est::puschRxChEstStatDescr_t *, ch_est::puschRxChEstDynDescr_t *)"
4566890100,3904,111721,103,1,1,128,1,1,16,0.000,0.000,,,,,NVIDIA A100-SXM4-40GB MIG 4g.20gb (0),1,,13,cupy_copy__complex64_complex64
4566895124,12672,111731,1434,1,1,128,1,1,16,0.000,0.000,,,,,NVIDIA A100-SXM4-40GB MIG 4g.20gb (0),1,,13,cupy_copy__complex64_complex64
4566908884,2496,111738,103,1,1,128,1,1,16,0.000,0.000,,,,,NVIDIA A100-SXM4-40GB MIG 4g.20gb (0),1,,13,cupy_copy__complex64_complex64
4566934676,130942,111745,1,1,1,32,32,1,30,0.000,0.000,,,,,NVIDIA A100-SXM4-40GB MIG 4g.20gb (0),1,,13,"void convert_kernel<__half2, float2>(tensor_layout_any, T1 *, tensor_layout_any, const T2 *)"
4567094802,5440,111748,,,,,,,,,,0.094,17223.480,Pinned,Device,NVIDIA A100-SXM4-40GB MIG 4g.20gb (0),1,,13,[CUDA memcpy Host-to-Device]
4567123538,56575,111749,,,,,,,,,,35.810,632940.336,Device,,NVIDIA A100-SXM4-40GB MIG 4g.20gb (0),1,,13,[CUDA memset]
4567181105,1856,111751,,,,,,,,,,0.000,43.103,Pinned,Device,NVIDIA A100-SXM4-40GB MIG 4g.20gb (0),1,,13,[CUDA memcpy Host-to-Device]
4567187601,9280,111752,,,,,,,,,,0.197,21186.085,Pinned,Device,NVIDIA A100-SXM4-40GB MIG 4g.20gb (0),1,,13,[CUDA memcpy Host-to-Device]
4567202449,16320,111753,273,1,1,48,1,1,40,0.000,0.001,,,,,NVIDIA A100-SXM4-40GB MIG 4g.20gb (0),1,,13,"void pusch_noise_intf_est::noiseIntfEstNoDftSOfdmKernel<float, __half, float, float, (unsigned int)2, (unsigned int)1, (unsigned char)4, (unsigned char)4>(pusch_noise_intf_est::puschRxNoiseIntfEstDynDescr)"
4567219889,2944,111764,35,1,1,128,1,1,16,0.000,0.000,,,,,NVIDIA A100-SXM4-40GB MIG 4g.20gb (0),1,,13,cupy_copy__complex64_complex64
4567241264,2656,111773,1,1,1,1,1,1,18,0.000,0.000,,,,,NVIDIA A100-SXM4-40GB MIG 4g.20gb (0),1,,13,cupy_copy__float32_float32
4567263088,1632,111779,,,,,,,,,,0.000,2.451,Device,Pageable,NVIDIA A100-SXM4-40GB MIG 4g.20gb (0),1,,7,[CUDA memcpy Device-to-Host]
4567324719,14016,111790,1434,1,1,128,1,1,16,0.000,0.000,,,,,NVIDIA A100-SXM4-40GB MIG 4g.20gb (0),1,,13,cupy_copy__complex64_complex64
4567364143,4672,111797,103,1,1,128,1,1,16,0.000,0.000,,,,,NVIDIA A100-SXM4-40GB MIG 4g.20gb (0),1,,13,cupy_copy__complex64_complex64
4567371695,2624,111804,35,1,1,128,1,1,16,0.000,0.000,,,,,NVIDIA A100-SXM4-40GB MIG 4g.20gb (0),1,,13,cupy_copy__complex64_complex64
4567405678,2912,111811,1,1,1,1,1,1,18,0.000,0.000,,,,,NVIDIA A100-SXM4-40GB MIG 4g.20gb (0),1,,13,cupy_copy__float32_float32
4567536365,138974,111822,1,1,1,32,32,1,30,0.000,0.000,,,,,NVIDIA A100-SXM4-40GB MIG 4g.20gb (0),1,,13,"void convert_kernel<__half2, float2>(tensor_layout_any, T1 *, tensor_layout_any, const T2 *)"
4567704555,5536,111825,,,,,,,,,,0.094,16924.777,Pinned,Device,NVIDIA A100-SXM4-40GB MIG 4g.20gb (0),1,,13,[CUDA memcpy Host-to-Device]
4567724331,5376,111826,,,,,,,,,,1.547,287689.077,Device,,NVIDIA A100-SXM4-40GB MIG 4g.20gb (0),1,,13,[CUDA memset]
4567731339,3072,111831,,,,,,,,,,0.031,10187.474,Pinned,Device,NVIDIA A100-SXM4-40GB MIG 4g.20gb (0),1,,13,[CUDA memcpy Host-to-Device]
4567736491,10048,111832,,,,,,,,,,0.197,19566.821,Pinned,Device,NVIDIA A100-SXM4-40GB MIG 4g.20gb (0),1,,13,[CUDA memcpy Host-to-Device]
4567750154,17760,111833,273,1,1,8,4,1,39,0.002,0.000,,,,,NVIDIA A100-SXM4-40GB MIG 4g.20gb (0),1,,13,"void channel_eq::eqMmseCoefCompLowMimoKernel<float, float, float, (unsigned int)4, (unsigned int)1, (unsigned int)4>(const channel_eq::_puschRxChEqStatDescr *, channel_eq::_puschRxChEqCoefCompDynDescr)"
4567785034,20704,111834,273,1,1,12,11,1,51,0.002,0.000,,,,,NVIDIA A100-SXM4-40GB MIG 4g.20gb (0),1,,13,"void channel_eq::eqMmseSoftDemapKernel<float, __half, __half, float, (unsigned int)4, (unsigned short)16383>(channel_eq::_puschRxChEqStatDescr *, channel_eq::_puschRxChEqSoftDemapDynDescr)"
4567806762,286045,111835,1,1,1,32,32,1,30,0.000,0.000,,,,,NVIDIA A100-SXM4-40GB MIG 4g.20gb (0),1,,13,"void convert_kernel<float2, __half2>(tensor_layout_any, T1 *, tensor_layout_any, const T2 *)"
4568099430,14016,111847,2253,1,1,128,1,1,16,0.000,0.000,,,,,NVIDIA A100-SXM4-40GB MIG 4g.20gb (0),1,,13,cupy_copy__float16_float16
4568114438,2944,111856,282,1,1,128,1,1,16,0.000,0.000,,,,,NVIDIA A100-SXM4-40GB MIG 4g.20gb (0),1,,13,cupy_copy__complex64_complex64
4568134982,2720,111865,26,1,1,128,1,1,16,0.000,0.000,,,,,NVIDIA A100-SXM4-40GB MIG 4g.20gb (0),1,,13,cupy_copy__float32_float32
4568138918,4352,111874,103,1,1,128,1,1,16,0.000,0.000,,,,,NVIDIA A100-SXM4-40GB MIG 4g.20gb (0),1,,13,cupy_copy__complex64_complex64
4568144390,12128,111884,1434,1,1,128,1,1,16,0.000,0.000,,,,,NVIDIA A100-SXM4-40GB MIG 4g.20gb (0),1,,13,cupy_copy__complex64_complex64
4568239013,285437,111889,1,1,1,32,32,1,30,0.000,0.000,,,,,NVIDIA A100-SXM4-40GB MIG 4g.20gb (0),1,,13,"void convert_kernel<__half2, float2>(tensor_layout_any, T1 *, tensor_layout_any, const T2 *)"
4568552321,5344,111892,,,,,,,,,,0.094,17532.864,Pinned,Device,NVIDIA A100-SXM4-40GB MIG 4g.20gb (0),1,,13,[CUDA memcpy Host-to-Device]
4568583105,626777,111893,,,,,,,,,,456.561,728215.497,Device,,NVIDIA A100-SXM4-40GB MIG 4g.20gb (0),1,,13,[CUDA memset]
4569214874,53279,111898,,,,,,,,,,1.235,23178.664,Pinned,Device,NVIDIA A100-SXM4-40GB MIG 4g.20gb (0),1,,13,[CUDA memcpy Host-to-Device]
4569270585,10400,111899,,,,,,,,,,0.197,18904.449,Pinned,Device,NVIDIA A100-SXM4-40GB MIG 4g.20gb (0),1,,13,[CUDA memcpy Host-to-Device]
4569300729,17759,111900,69,4,1,48,1,1,76,0.002,0.000,,,,,NVIDIA A100-SXM4-40GB MIG 4g.20gb (0),1,,13,"void ch_est::windowedChEstPreNoDftSOfdmKernel<float, __half, float, (unsigned int)2, (unsigned int)1, (unsigned short)4>(ch_est::puschRxChEstStatDescr_t *, ch_est::puschRxChEstDynDescr_t *)"
4569346904,24608,111901,137,2,1,24,2,1,44,0.001,0.001,,,,,NVIDIA A100-SXM4-40GB MIG 4g.20gb (0),1,,13,"void ch_est::chEstFilterNoDftSOfdmDispatchKernel<float, __half, float, (unsigned int)2>(ch_est::puschRxChEstStatDescr_t *, ch_est::puschRxChEstDynDescr_t *)"
4569379576,18239,111902,137,2,1,24,2,1,44,0.001,0.001,,,,,NVIDIA A100-SXM4-40GB MIG 4g.20gb (0),1,,13,"void ch_est::chEstFilterNoDftSOfdmDispatchKernel<float, __half, float, (unsigned int)2>(ch_est::puschRxChEstStatDescr_t *, ch_est::puschRxChEstDynDescr_t *)"
4569425015,5504,111913,103,1,1,128,1,1,16,0.000,0.000,,,,,NVIDIA A100-SXM4-40GB MIG 4g.20gb (0),1,,13,cupy_copy__complex64_complex64
4569452343,15232,111923,1434,1,1,128,1,1,16,0.000,0.000,,,,,NVIDIA A100-SXM4-40GB MIG 4g.20gb (0),1,,13,cupy_copy__complex64_complex64
4569502326,6240,111930,103,1,1,128,1,1,16,0.000,0.000,,,,,NVIDIA A100-SXM4-40GB MIG 4g.20gb (0),1,,13,cupy_copy__complex64_complex64
4569533686,257597,111937,1,1,1,32,32,1,30,0.000,0.000,,,,,NVIDIA A100-SXM4-40GB MIG 4g.20gb (0),1,,13,"void convert_kernel<__half2, float2>(tensor_layout_any, T1 *, tensor_layout_any, const T2 *)"
4569821267,5376,111940,,,,,,,,,,0.094,17428.487,Pinned,Device,NVIDIA A100-SXM4-40GB MIG 4g.20gb (0),1,,13,[CUDA memcpy Host-to-Device]
4569863474,60223,111941,,,,,,,,,,35.810,594587.912,Device,,NVIDIA A100-SXM4-40GB MIG 4g.20gb (0),1,,13,[CUDA memset]
4569931985,2624,111943,,,,,,,,,,0.000,30.488,Pinned,Device,NVIDIA A100-SXM4-40GB MIG 4g.20gb (0),1,,13,[CUDA memcpy Host-to-Device]
4569937009,9376,111944,,,,,,,,,,0.197,20969.226,Pinned,Device,NVIDIA A100-SXM4-40GB MIG 4g.20gb (0),1,,13,[CUDA memcpy Host-to-Device]
4569993873,27263,111945,273,1,1,48,1,1,40,0.000,0.001,,,,,NVIDIA A100-SXM4-40GB MIG 4g.20gb (0),1,,13,"void pusch_noise_intf_est::noiseIntfEstNoDftSOfdmKernel<float, __half, float, float, (unsigned int)2, (unsigned int)1, (unsigned char)4, (unsigned char)4>(pusch_noise_intf_est::puschRxNoiseIntfEstDynDescr)"
4570023728,7872,111956,35,1,1,128,1,1,16,0.000,0.000,,,,,NVIDIA A100-SXM4-40GB MIG 4g.20gb (0),1,,13,cupy_copy__complex64_complex64
4570061392,3680,111965,1,1,1,1,1,1,18,0.000,0.000,,,,,NVIDIA A100-SXM4-40GB MIG 4g.20gb (0),1,,13,cupy_copy__float32_float32
4570069840,1696,111971,,,,,,,,,,0.000,2.358,Device,Pageable,NVIDIA A100-SXM4-40GB MIG 4g.20gb (0),1,,7,[CUDA memcpy Device-to-Host]
4570140527,15680,111982,1434,1,1,128,1,1,16,0.000,0.000,,,,,NVIDIA A100-SXM4-40GB MIG 4g.20gb (0),1,,13,cupy_copy__complex64_complex64
4570174159,5503,111989,103,1,1,128,1,1,16,0.000,0.000,,,,,NVIDIA A100-SXM4-40GB MIG 4g.20gb (0),1,,13,cupy_copy__complex64_complex64
4570216878,10976,111996,35,1,1,128,1,1,16,0.000,0.000,,,,,NVIDIA A100-SXM4-40GB MIG 4g.20gb (0),1,,13,cupy_copy__complex64_complex64
4570245870,3776,112003,1,1,1,1,1,1,18,0.000,0.000,,,,,NVIDIA A100-SXM4-40GB MIG 4g.20gb (0),1,,13,cupy_copy__float32_float32
4570343885,244125,112014,1,1,1,32,32,1,30,0.000,0.000,,,,,NVIDIA A100-SXM4-40GB MIG 4g.20gb (0),1,,13,"void convert_kernel<__half2, float2>(tensor_layout_any, T1 *, tensor_layout_any, const T2 *)"
4570617353,5408,112017,,,,,,,,,,0.094,17325.421,Pinned,Device,NVIDIA A100-SXM4-40GB MIG 4g.20gb (0),1,,13,[CUDA memcpy Host-to-Device]
4570633065,6048,112018,,,,,,,,,,1.547,255723.452,Device,,NVIDIA A100-SXM4-40GB MIG 4g.20gb (0),1,,13,[CUDA memset]
4570640233,3488,112023,,,,,,,,,,0.031,8972.469,Pinned,Device,NVIDIA A100-SXM4-40GB MIG 4g.20gb (0),1,,13,[CUDA memcpy Host-to-Device]
4570645801,9440,112024,,,,,,,,,,0.197,20827.079,Pinned,Device,NVIDIA A100-SXM4-40GB MIG 4g.20gb (0),1,,13,[CUDA memcpy Host-to-Device]
4570692489,26271,112025,273,1,1,8,4,1,39,0.002,0.000,,,,,NVIDIA A100-SXM4-40GB MIG 4g.20gb (0),1,,13,"void channel_eq::eqMmseCoefCompLowMimoKernel<float, float, float, (unsigned int)4, (unsigned int)1, (unsigned int)4>(const channel_eq::_puschRxChEqStatDescr *, channel_eq::_puschRxChEqCoefCompDynDescr)"
4570739944,28544,112026,273,1,1,12,11,1,51,0.002,0.000,,,,,NVIDIA A100-SXM4-40GB MIG 4g.20gb (0),1,,13,"void channel_eq::eqMmseSoftDemapKernel<float, __half, __half, float, (unsigned int)4, (unsigned short)16383>(channel_eq::_puschRxChEqStatDescr *, channel_eq::_puschRxChEqSoftDemapDynDescr)"
4570777544,567353,112027,1,1,1,32,32,1,30,0.000,0.000,,,,,NVIDIA A100-SXM4-40GB MIG 4g.20gb (0),1,,13,"void convert_kernel<float2, __half2>(tensor_layout_any, T1 *, tensor_layout_any, const T2 *)"
4571377825,15999,112039,2253,1,1,128,1,1,16,0.000,0.000,,,,,NVIDIA A100-SXM4-40GB MIG 4g.20gb (0),1,,13,cupy_copy__float16_float16
4571413504,5856,112048,282,1,1,128,1,1,16,0.000,0.000,,,,,NVIDIA A100-SXM4-40GB MIG 4g.20gb (0),1,,13,cupy_copy__complex64_complex64
4571446816,7040,112057,26,1,1,128,1,1,16,0.000,0.000,,,,,NVIDIA A100-SXM4-40GB MIG 4g.20gb (0),1,,13,cupy_copy__float32_float32
4571469216,8479,112066,103,1,1,128,1,1,16,0.000,0.000,,,,,NVIDIA A100-SXM4-40GB MIG 4g.20gb (0),1,,13,cupy_copy__complex64_complex64
4571529535,16384,112076,1434,1,1,128,1,1,16,0.000,0.000,,,,,NVIDIA A100-SXM4-40GB MIG 4g.20gb (0),1,,13,cupy_copy__complex64_complex64
4571565694,255166,112081,1,1,1,32,32,1,30,0.000,0.000,,,,,NVIDIA A100-SXM4-40GB MIG 4g.20gb (0),1,,13,"void convert_kernel<__half2, float2>(tensor_layout_any, T1 *, tensor_layout_any, const T2 *)"
4571859099,5408,112084,,,,,,,,,,0.094,17325.421,Pinned,Device,NVIDIA A100-SXM4-40GB MIG 4g.20gb (0),1,,13,[CUDA memcpy Host-to-Device]
4571903867,627672,112085,,,,,,,,,,456.561,727302.374,Device,,NVIDIA A100-SXM4-40GB MIG 4g.20gb (0),1,,13,[CUDA memset]
4572533139,54272,112090,,,,,,,,,,1.235,22753.843,Pinned,Device,NVIDIA A100-SXM4-40GB MIG 4g.20gb (0),1,,13,[CUDA memcpy Host-to-Device]
4572589843,9952,112091,,,,,,,,,,0.197,19755.565,Pinned,Device,NVIDIA A100-SXM4-40GB MIG 4g.20gb (0),1,,13,[CUDA memcpy Host-to-Device]
4572635794,22208,112092,69,4,1,48,1,1,76,0.002,0.000,,,,,NVIDIA A100-SXM4-40GB MIG 4g.20gb (0),1,,13,"void ch_est::windowedChEstPreNoDftSOfdmKernel<float, __half, float, (unsigned int)2, (unsigned int)1, (unsigned short)4>(ch_est::puschRxChEstStatDescr_t *, ch_est::puschRxChEstDynDescr_t *)"
4572668786,19360,112093,137,2,1,24,2,1,44,0.001,0.001,,,,,NVIDIA A100-SXM4-40GB MIG 4g.20gb (0),1,,13,"void ch_est::chEstFilterNoDftSOfdmDispatchKernel<float, __half, float, (unsigned int)2>(ch_est::puschRxChEstStatDescr_t *, ch_est::puschRxChEstDynDescr_t *)"
4572713521,23904,112094,137,2,1,24,2,1,44,0.001,0.001,,,,,NVIDIA A100-SXM4-40GB MIG 4g.20gb (0),1,,13,"void ch_est::chEstFilterNoDftSOfdmDispatchKernel<float, __half, float, (unsigned int)2>(ch_est::puschRxChEstStatDescr_t *, ch_est::puschRxChEstDynDescr_t *)"
4572746321,5344,112105,103,1,1,128,1,1,16,0.000,0.000,,,,,NVIDIA A100-SXM4-40GB MIG 4g.20gb (0),1,,13,cupy_copy__complex64_complex64
4572787440,14944,112115,1434,1,1,128,1,1,16,0.000,0.000,,,,,NVIDIA A100-SXM4-40GB MIG 4g.20gb (0),1,,13,cupy_copy__complex64_complex64
4572819984,5696,112122,103,1,1,128,1,1,16,0.000,0.000,,,,,NVIDIA A100-SXM4-40GB MIG 4g.20gb (0),1,,13,cupy_copy__complex64_complex64
4572868495,257341,112129,1,1,1,32,32,1,30,0.000,0.000,,,,,NVIDIA A100-SXM4-40GB MIG 4g.20gb (0),1,,13,"void convert_kernel<__half2, float2>(tensor_layout_any, T1 *, tensor_layout_any, const T2 *)"
4573155724,5568,112132,,,,,,,,,,0.094,16827.521,Pinned,Device,NVIDIA A100-SXM4-40GB MIG 4g.20gb (0),1,,13,[CUDA memcpy Host-to-Device]
4573176396,60383,112133,,,,,,,,,,35.810,593012.275,Device,,NVIDIA A100-SXM4-40GB MIG 4g.20gb (0),1,,13,[CUDA memset]
4573238699,2560,112135,,,,,,,,,,0.000,31.250,Pinned,Device,NVIDIA A100-SXM4-40GB MIG 4g.20gb (0),1,,13,[CUDA memcpy Host-to-Device]
4573243723,9376,112136,,,,,,,,,,0.197,20969.226,Pinned,Device,NVIDIA A100-SXM4-40GB MIG 4g.20gb (0),1,,13,[CUDA memcpy Host-to-Device]
4573289227,27615,112137,273,1,1,48,1,1,40,0.000,0.001,,,,,NVIDIA A100-SXM4-40GB MIG 4g.20gb (0),1,,13,"void pusch_noise_intf_est::noiseIntfEstNoDftSOfdmKernel<float, __half, float, float, (unsigned int)2, (unsigned int)1, (unsigned char)4, (unsigned char)4>(pusch_noise_intf_est::puschRxNoiseIntfEstDynDescr)"
4573333418,7584,112148,35,1,1,128,1,1,16,0.000,0.000,,,,,NVIDIA A100-SXM4-40GB MIG 4g.20gb (0),1,,13,cupy_copy__complex64_complex64
4573358026,2560,112157,1,1,1,1,1,1,18,0.000,0.000,,,,,NVIDIA A100-SXM4-40GB MIG 4g.20gb (0),1,,13,cupy_copy__float32_float32
4573368170,6336,112163,,,,,,,,,,0.000,0.631,Device,Pageable,NVIDIA A100-SXM4-40GB MIG 4g.20gb (0),1,,7,[CUDA memcpy Device-to-Host]
4573454729,14336,112174,1434,1,1,128,1,1,16,0.000,0.000,,,,,NVIDIA A100-SXM4-40GB MIG 4g.20gb (0),1,,13,cupy_copy__complex64_complex64
4573506824,5248,112181,103,1,1,128,1,1,16,0.000,0.000,,,,,NVIDIA A100-SXM4-40GB MIG 4g.20gb (0),1,,13,cupy_copy__complex64_complex64
4573533608,7232,112188,35,1,1,128,1,1,16,0.000,0.000,,,,,NVIDIA A100-SXM4-40GB MIG 4g.20gb (0),1,,13,cupy_copy__complex64_complex64
4573581351,3840,112195,1,1,1,1,1,1,18,0.000,0.000,,,,,NVIDIA A100-SXM4-40GB MIG 4g.20gb (0),1,,13,cupy_copy__float32_float32
4573680230,251069,112206,1,1,1,32,32,1,30,0.000,0.000,,,,,NVIDIA A100-SXM4-40GB MIG 4g.20gb (0),1,,13,"void convert_kernel<__half2, float2>(tensor_layout_any, T1 *, tensor_layout_any, const T2 *)"
4573960483,5408,112209,,,,,,,,,,0.094,17325.421,Pinned,Device,NVIDIA A100-SXM4-40GB MIG 4g.20gb (0),1,,13,[CUDA memcpy Host-to-Device]
4573975299,7456,112210,,,,,,,,,,1.547,207433.211,Device,,NVIDIA A100-SXM4-40GB MIG 4g.20gb (0),1,,13,[CUDA memset]
4573983395,3264,112215,,,,,,,,,,0.031,9588.218,Pinned,Device,NVIDIA A100-SXM4-40GB MIG 4g.20gb (0),1,,13,[CUDA memcpy Host-to-Device]
4573989634,10080,112216,,,,,,,,,,0.197,19504.693,Pinned,Device,NVIDIA A100-SXM4-40GB MIG 4g.20gb (0),1,,13,[CUDA memcpy Host-to-Device]
4574023778,37664,112217,273,1,1,8,4,1,39,0.002,0.000,,,,,NVIDIA A100-SXM4-40GB MIG 4g.20gb (0),1,,13,"void channel_eq::eqMmseCoefCompLowMimoKernel<float, float, float, (unsigned int)4, (unsigned int)1, (unsigned int)4>(const channel_eq::_puschRxChEqStatDescr *, channel_eq::_puschRxChEqCoefCompDynDescr)"
4574071746,26655,112218,273,1,1,12,11,1,51,0.002,0.000,,,,,NVIDIA A100-SXM4-40GB MIG 4g.20gb (0),1,,13,"void channel_eq::eqMmseSoftDemapKernel<float, __half, __half, float, (unsigned int)4, (unsigned short)16383>(channel_eq::_puschRxChEqStatDescr *, channel_eq::_puschRxChEqSoftDemapDynDescr)"
4574123137,573401,112219,1,1,1,32,32,1,30,0.000,0.000,,,,,NVIDIA A100-SXM4-40GB MIG 4g.20gb (0),1,,13,"void convert_kernel<float2, __half2>(tensor_layout_any, T1 *, tensor_layout_any, const T2 *)"
4574712890,14496,112231,2253,1,1,128,1,1,16,0.000,0.000,,,,,NVIDIA A100-SXM4-40GB MIG 4g.20gb (0),1,,13,cupy_copy__float16_float16
4574759418,9695,112240,282,1,1,128,1,1,16,0.000,0.000,,,,,NVIDIA A100-SXM4-40GB MIG 4g.20gb (0),1,,13,cupy_copy__complex64_complex64
4574781273,4608,112249,26,1,1,128,1,1,16,0.000,0.000,,,,,NVIDIA A100-SXM4-40GB MIG 4g.20gb (0),1,,13,cupy_copy__float32_float32
4574815353,12704,112258,103,1,1,128,1,1,16,0.000,0.000,,,,,NVIDIA A100-SXM4-40GB MIG 4g.20gb (0),1,,13,cupy_copy__complex64_complex64
4574869048,16960,112268,1434,1,1,128,1,1,16,0.000,0.000,,,,,NVIDIA A100-SXM4-40GB MIG 4g.20gb (0),1,,13,cupy_copy__complex64_complex64
4574924824,256797,112273,1,1,1,32,32,1,30,0.000,0.000,,,,,NVIDIA A100-SXM4-40GB MIG 4g.20gb (0),1,,13,"void convert_kernel<__half2, float2>(tensor_layout_any, T1 *, tensor_layout_any, const T2 *)"
4575210548,5408,112276,,,,,,,,,,0.094,17325.421,Pinned,Device,NVIDIA A100-SXM4-40GB MIG 4g.20gb (0),1,,13,[CUDA memcpy Host-to-Device]
4575258612,622265,112277,,,,,,,,,,456.561,733694.234,Device,,NVIDIA A100-SXM4-40GB MIG 4g.20gb (0),1,,13,[CUDA memset]
4575886477,52831,112282,,,,,,,,,,1.235,23375.020,Pinned,Device,NVIDIA A100-SXM4-40GB MIG 4g.20gb (0),1,,13,[CUDA memcpy Host-to-Device]
4575941772,9824,112283,,,,,,,,,,0.197,20012.925,Pinned,Device,NVIDIA A100-SXM4-40GB MIG 4g.20gb (0),1,,13,[CUDA memcpy Host-to-Device]
4575973516,17791,112284,69,4,1,48,1,1,76,0.002,0.000,,,,,NVIDIA A100-SXM4-40GB MIG 4g.20gb (0),1,,13,"void ch_est::windowedChEstPreNoDftSOfdmKernel<float, __half, float, (unsigned int)2, (unsigned int)1, (unsigned short)4>(ch_est::puschRxChEstStatDescr_t *, ch_est::puschRxChEstDynDescr_t *)"
4576020107,25312,112285,137,2,1,24,2,1,44,0.001,0.001,,,,,NVIDIA A100-SXM4-40GB MIG 4g.20gb (0),1,,13,"void ch_est::chEstFilterNoDftSOfdmDispatchKernel<float, __half, float, (unsigned int)2>(ch_est::puschRxChEstStatDescr_t *, ch_est::puschRxChEstDynDescr_t *)"
4576053707,24543,112286,137,2,1,24,2,1,44,0.001,0.001,,,,,NVIDIA A100-SXM4-40GB MIG 4g.20gb (0),1,,13,"void ch_est::chEstFilterNoDftSOfdmDispatchKernel<float, __half, float, (unsigned int)2>(ch_est::puschRxChEstStatDescr_t *, ch_est::puschRxChEstDynDescr_t *)"
4576098762,5600,112297,103,1,1,128,1,1,16,0.000,0.000,,,,,NVIDIA A100-SXM4-40GB MIG 4g.20gb (0),1,,13,cupy_copy__complex64_complex64
4576125066,17184,112307,1434,1,1,128,1,1,16,0.000,0.000,,,,,NVIDIA A100-SXM4-40GB MIG 4g.20gb (0),1,,13,cupy_copy__complex64_complex64
4576176425,6368,112314,103,1,1,128,1,1,16,0.000,0.000,,,,,NVIDIA A100-SXM4-40GB MIG 4g.20gb (0),1,,13,cupy_copy__complex64_complex64
4576207977,250589,112321,1,1,1,32,32,1,30,0.000,0.000,,,,,NVIDIA A100-SXM4-40GB MIG 4g.20gb (0),1,,13,"void convert_kernel<__half2, float2>(tensor_layout_any, T1 *, tensor_layout_any, const T2 *)"
4576488070,5376,112324,,,,,,,,,,0.094,17428.487,Pinned,Device,NVIDIA A100-SXM4-40GB MIG 4g.20gb (0),1,,13,[CUDA memcpy Host-to-Device]
4576534501,59775,112325,,,,,,,,,,35.810,599064.152,Device,,NVIDIA A100-SXM4-40GB MIG 4g.20gb (0),1,,13,[CUDA memset]
4576599524,2592,112327,,,,,,,,,,0.000,30.864,Pinned,Device,NVIDIA A100-SXM4-40GB MIG 4g.20gb (0),1,,13,[CUDA memcpy Host-to-Device]
4576604740,9376,112328,,,,,,,,,,0.197,20969.226,Pinned,Device,NVIDIA A100-SXM4-40GB MIG 4g.20gb (0),1,,13,[CUDA memcpy Host-to-Device]
4576654084,28223,112329,273,1,1,48,1,1,40,0.000,0.001,,,,,NVIDIA A100-SXM4-40GB MIG 4g.20gb (0),1,,13,"void pusch_noise_intf_est::noiseIntfEstNoDftSOfdmKernel<float, __half, float, float, (unsigned int)2, (unsigned int)1, (unsigned char)4, (unsigned char)4>(pusch_noise_intf_est::puschRxNoiseIntfEstDynDescr)"
4576720195,12544,112340,35,1,1,128,1,1,16,0.000,0.000,,,,,NVIDIA A100-SXM4-40GB MIG 4g.20gb (0),1,,13,cupy_copy__complex64_complex64
4576743619,5792,112349,1,1,1,1,1,1,18,0.000,0.000,,,,,NVIDIA A100-SXM4-40GB MIG 4g.20gb (0),1,,13,cupy_copy__float32_float32
4576750819,1664,112355,,,,,,,,,,0.000,2.404,Device,Pageable,NVIDIA A100-SXM4-40GB MIG 4g.20gb (0),1,,7,[CUDA memcpy Device-to-Host]
4576825410,16416,112366,1434,1,1,128,1,1,16,0.000,0.000,,,,,NVIDIA A100-SXM4-40GB MIG 4g.20gb (0),1,,13,cupy_copy__complex64_complex64
4576843074,3392,112373,103,1,1,128,1,1,16,0.000,0.000,,,,,NVIDIA A100-SXM4-40GB MIG 4g.20gb (0),1,,13,cupy_copy__complex64_complex64
4576913601,5664,112380,35,1,1,128,1,1,16,0.000,0.000,,,,,NVIDIA A100-SXM4-40GB MIG 4g.20gb (0),1,,13,cupy_copy__complex64_complex64
4576961440,4512,112387,1,1,1,1,1,1,18,0.000,0.000,,,,,NVIDIA A100-SXM4-40GB MIG 4g.20gb (0),1,,13,cupy_copy__float32_float32
4577057631,247837,112398,1,1,1,32,32,1,30,0.000,0.000,,,,,NVIDIA A100-SXM4-40GB MIG 4g.20gb (0),1,,13,"void convert_kernel<__half2, float2>(tensor_layout_any, T1 *, tensor_layout_any, const T2 *)"
4577334556,5376,112401,,,,,,,,,,0.094,17428.487,Pinned,Device,NVIDIA A100-SXM4-40GB MIG 4g.20gb (0),1,,13,[CUDA memcpy Host-to-Device]
4577367804,8543,112402,,,,,,,,,,1.547,181038.526,Device,,NVIDIA A100-SXM4-40GB MIG 4g.20gb (0),1,,13,[CUDA memset]
4577384571,3168,112407,,,,,,,,,,0.031,9878.770,Pinned,Device,NVIDIA A100-SXM4-40GB MIG 4g.20gb (0),1,,13,[CUDA memcpy Host-to-Device]
4577390139,9792,112408,,,,,,,,,,0.197,20078.395,Pinned,Device,NVIDIA A100-SXM4-40GB MIG 4g.20gb (0),1,,13,[CUDA memcpy Host-to-Device]
4577421595,38815,112409,273,1,1,8,4,1,39,0.002,0.000,,,,,NVIDIA A100-SXM4-40GB MIG 4g.20gb (0),1,,13,"void channel_eq::eqMmseCoefCompLowMimoKernel<float, float, float, (unsigned int)4, (unsigned int)1, (unsigned int)4>(const channel_eq::_puschRxChEqStatDescr *, channel_eq::_puschRxChEqCoefCompDynDescr)"
4577469850,24160,112410,273,1,1,12,11,1,51,0.002,0.000,,,,,NVIDIA A100-SXM4-40GB MIG 4g.20gb (0),1,,13,"void channel_eq::eqMmseSoftDemapKernel<float, __half, __half, float, (unsigned int)4, (unsigned short)16383>(channel_eq::_puschRxChEqStatDescr *, channel_eq::_puschRxChEqSoftDemapDynDescr)"
4577520474,598553,112411,1,1,1,32,32,1,30,0.000,0.000,,,,,NVIDIA A100-SXM4-40GB MIG 4g.20gb (0),1,,13,"void convert_kernel<float2, __half2>(tensor_layout_any, T1 *, tensor_layout_any, const T2 *)"
4578146515,15935,112423,2253,1,1,128,1,1,16,0.000,0.000,,,,,NVIDIA A100-SXM4-40GB MIG 4g.20gb (0),1,,13,cupy_copy__float16_float16
4578182386,5344,112432,282,1,1,128,1,1,16,0.000,0.000,,,,,NVIDIA A100-SXM4-40GB MIG 4g.20gb (0),1,,13,cupy_copy__complex64_complex64
4578221362,4832,112441,26,1,1,128,1,1,16,0.000,0.000,,,,,NVIDIA A100-SXM4-40GB MIG 4g.20gb (0),1,,13,cupy_copy__float32_float32
4578242481,10400,112450,103,1,1,128,1,1,16,0.000,0.000,,,,,NVIDIA A100-SXM4-40GB MIG 4g.20gb (0),1,,13,cupy_copy__complex64_complex64
4578322128,17376,112460,1434,1,1,128,1,1,16,0.000,0.000,,,,,NVIDIA A100-SXM4-40GB MIG 4g.20gb (0),1,,13,cupy_copy__complex64_complex64
4578360144,257725,112465,1,1,1,32,32,1,30,0.000,0.000,,,,,NVIDIA A100-SXM4-40GB MIG 4g.20gb (0),1,,13,"void convert_kernel<__half2, float2>(tensor_layout_any, T1 *, tensor_layout_any, const T2 *)"
4578646957,5376,112468,,,,,,,,,,0.094,17428.487,Pinned,Device,NVIDIA A100-SXM4-40GB MIG 4g.20gb (0),1,,13,[CUDA memcpy Host-to-Device]
4578696140,623577,112469,,,,,,,,,,456.561,731867.988,Device,,NVIDIA A100-SXM4-40GB MIG 4g.20gb (0),1,,13,[CUDA memset]
4579321157,54783,112474,,,,,,,,,,1.235,22541.433,Pinned,Device,NVIDIA A100-SXM4-40GB MIG 4g.20gb (0),1,,13,[CUDA memcpy Host-to-Device]
4579379012,9888,112475,,,,,,,,,,0.197,19883.360,Pinned,Device,NVIDIA A100-SXM4-40GB MIG 4g.20gb (0),1,,13,[CUDA memcpy Host-to-Device]
4579419204,22432,112476,69,4,1,48,1,1,76,0.002,0.000,,,,,NVIDIA A100-SXM4-40GB MIG 4g.20gb (0),1,,13,"void ch_est::windowedChEstPreNoDftSOfdmKernel<float, __half, float, (unsigned int)2, (unsigned int)1, (unsigned short)4>(ch_est::puschRxChEstStatDescr_t *, ch_est::puschRxChEstDynDescr_t *)"
4579453795,17504,112477,137,2,1,24,2,1,44,0.001,0.001,,,,,NVIDIA A100-SXM4-40GB MIG 4g.20gb (0),1,,13,"void ch_est::chEstFilterNoDftSOfdmDispatchKernel<float, __half, float, (unsigned int)2>(ch_est::puschRxChEstStatDescr_t *, ch_est::puschRxChEstDynDescr_t *)"
4579500195,25280,112478,137,2,1,24,2,1,44,0.001,0.001,,,,,NVIDIA A100-SXM4-40GB MIG 4g.20gb (0),1,,13,"void ch_est::chEstFilterNoDftSOfdmDispatchKernel<float, __half, float, (unsigned int)2>(ch_est::puschRxChEstStatDescr_t *, ch_est::puschRxChEstDynDescr_t *)"
4579532483,5439,112489,103,1,1,128,1,1,16,0.000,0.000,,,,,NVIDIA A100-SXM4-40GB MIG 4g.20gb (0),1,,13,cupy_copy__complex64_complex64
4579576034,14688,112499,1434,1,1,128,1,1,16,0.000,0.000,,,,,NVIDIA A100-SXM4-40GB MIG 4g.20gb (0),1,,13,cupy_copy__complex64_complex64
4579608322,5472,112506,103,1,1,128,1,1,16,0.000,0.000,,,,,NVIDIA A100-SXM4-40GB MIG 4g.20gb (0),1,,13,cupy_copy__complex64_complex64
4579656481,267581,112513,1,1,1,32,32,1,30,0.000,0.000,,,,,NVIDIA A100-SXM4-40GB MIG 4g.20gb (0),1,,13,"void convert_kernel<__half2, float2>(tensor_layout_any, T1 *, tensor_layout_any, const T2 *)"
4579954174,6112,112516,,,,,,,,,,0.094,15329.790,Pinned,Device,NVIDIA A100-SXM4-40GB MIG 4g.20gb (0),1,,13,[CUDA memcpy Host-to-Device]
4580008925,223549,112517,,,,,,,,,,35.810,160177.772,Device,,NVIDIA A100-SXM4-40GB MIG 4g.20gb (0),1,,13,[CUDA memset]
4580240474,10848,112519,,,,,,,,,,0.000,7.375,Pinned,Device,NVIDIA A100-SXM4-40GB MIG 4g.20gb (0),1,,13,[CUDA memcpy Host-to-Device]
4580253914,33152,112520,,,,,,,,,,0.197,5930.484,Pinned,Device,NVIDIA A100-SXM4-40GB MIG 4g.20gb (0),1,,13,[CUDA memcpy Host-to-Device]
4580323417,23328,112521,273,1,1,48,1,1,40,0.000,0.001,,,,,NVIDIA A100-SXM4-40GB MIG 4g.20gb (0),1,,13,"void pusch_noise_intf_est::noiseIntfEstNoDftSOfdmKernel<float, __half, float, float, (unsigned int)2, (unsigned int)1, (unsigned char)4, (unsigned char)4>(pusch_noise_intf_est::puschRxNoiseIntfEstDynDescr)"
4580366361,10880,112532,35,1,1,128,1,1,16,0.000,0.000,,,,,NVIDIA A100-SXM4-40GB MIG 4g.20gb (0),1,,13,cupy_copy__complex64_complex64
4580390009,3136,112541,1,1,1,1,1,1,18,0.000,0.000,,,,,NVIDIA A100-SXM4-40GB MIG 4g.20gb (0),1,,13,cupy_copy__float32_float32
4580397145,1600,112547,,,,,,,,,,0.000,2.500,Device,Pageable,NVIDIA A100-SXM4-40GB MIG 4g.20gb (0),1,,7,[CUDA memcpy Device-to-Host]
4580469944,15584,112558,1434,1,1,128,1,1,16,0.000,0.000,,,,,NVIDIA A100-SXM4-40GB MIG 4g.20gb (0),1,,13,cupy_copy__complex64_complex64
4580523479,5184,112565,103,1,1,128,1,1,16,0.000,0.000,,,,,NVIDIA A100-SXM4-40GB MIG 4g.20gb (0),1,,13,cupy_copy__complex64_complex64
4580553431,6624,112572,35,1,1,128,1,1,16,0.000,0.000,,,,,NVIDIA A100-SXM4-40GB MIG 4g.20gb (0),1,,13,cupy_copy__complex64_complex64
4580598422,3776,112579,1,1,1,1,1,1,18,0.000,0.000,,,,,NVIDIA A100-SXM4-40GB MIG 4g.20gb (0),1,,13,cupy_copy__float32_float32
4580694901,246365,112590,1,1,1,32,32,1,30,0.000,0.000,,,,,NVIDIA A100-SXM4-40GB MIG 4g.20gb (0),1,,13,"void convert_kernel<__half2, float2>(tensor_layout_any, T1 *, tensor_layout_any, const T2 *)"
4580973074,5376,112593,,,,,,,,,,0.094,17428.487,Pinned,Device,NVIDIA A100-SXM4-40GB MIG 4g.20gb (0),1,,13,[CUDA memcpy Host-to-Device]
4580991250,5312,112594,,,,,,,,,,1.547,291156.608,Device,,NVIDIA A100-SXM4-40GB MIG 4g.20gb (0),1,,13,[CUDA memset]
4581015921,3040,112599,,,,,,,,,,0.031,10294.725,Pinned,Device,NVIDIA A100-SXM4-40GB MIG 4g.20gb (0),1,,13,[CUDA memcpy Host-to-Device]
4581021393,9280,112600,,,,,,,,,,0.197,21186.085,Pinned,Device,NVIDIA A100-SXM4-40GB MIG 4g.20gb (0),1,,13,[CUDA memcpy Host-to-Device]
4581049969,28224,112601,273,1,1,8,4,1,39,0.002,0.000,,,,,NVIDIA A100-SXM4-40GB MIG 4g.20gb (0),1,,13,"void channel_eq::eqMmseCoefCompLowMimoKernel<float, float, float, (unsigned int)4, (unsigned int)1, (unsigned int)4>(const channel_eq::_puschRxChEqStatDescr *, channel_eq::_puschRxChEqCoefCompDynDescr)"
4581096240,30208,112602,273,1,1,12,11,1,51,0.002,0.000,,,,,NVIDIA A100-SXM4-40GB MIG 4g.20gb (0),1,,13,"void channel_eq::eqMmseSoftDemapKernel<float, __half, __half, float, (unsigned int)4, (unsigned short)16383>(channel_eq::_puschRxChEqStatDescr *, channel_eq::_puschRxChEqSoftDemapDynDescr)"
4581136368,578617,112603,1,1,1,32,32,1,30,0.000,0.000,,,,,NVIDIA A100-SXM4-40GB MIG 4g.20gb (0),1,,13,"void convert_kernel<float2, __half2>(tensor_layout_any, T1 *, tensor_layout_any, const T2 *)"
4581751305,16160,112615,2253,1,1,128,1,1,16,0.000,0.000,,,,,NVIDIA A100-SXM4-40GB MIG 4g.20gb (0),1,,13,cupy_copy__float16_float16
4581788392,5632,112624,282,1,1,128,1,1,16,0.000,0.000,,,,,NVIDIA A100-SXM4-40GB MIG 4g.20gb (0),1,,13,cupy_copy__complex64_complex64
4581821640,7200,112633,26,1,1,128,1,1,16,0.000,0.000,,,,,NVIDIA A100-SXM4-40GB MIG 4g.20gb (0),1,,13,cupy_copy__float32_float32
4581843624,11200,112642,103,1,1,128,1,1,16,0.000,0.000,,,,,NVIDIA A100-SXM4-40GB MIG 4g.20gb (0),1,,13,cupy_copy__complex64_complex64
4581928231,16768,112652,1434,1,1,128,1,1,16,0.000,0.000,,,,,NVIDIA A100-SXM4-40GB MIG 4g.20gb (0),1,,13,cupy_copy__complex64_complex64
4581967206,254461,112657,1,1,1,32,32,1,30,0.000,0.000,,,,,NVIDIA A100-SXM4-40GB MIG 4g.20gb (0),1,,13,"void convert_kernel<__half2, float2>(tensor_layout_any, T1 *, tensor_layout_any, const T2 *)"
4582250467,5856,112660,,,,,,,,,,0.094,15999.997,Pinned,Device,NVIDIA A100-SXM4-40GB MIG 4g.20gb (0),1,,13,[CUDA memcpy Host-to-Device]
4582302339,619640,112661,,,,,,,,,,456.561,736433.603,Device,,NVIDIA A100-SXM4-40GB MIG 4g.20gb (0),1,,13,[CUDA memset]
4582934075,76703,112666,,,,,,,,,,1.235,16099.965,Pinned,Device,NVIDIA A100-SXM4-40GB MIG 4g.20gb (0),1,,13,[CUDA memcpy Host-to-Device]
4583019034,9824,112667,,,,,,,,,,0.197,20012.925,Pinned,Device,NVIDIA A100-SXM4-40GB MIG 4g.20gb (0),1,,13,[CUDA memcpy Host-to-Device]
4583061370,19424,112668,69,4,1,48,1,1,76,0.002,0.000,,,,,NVIDIA A100-SXM4-40GB MIG 4g.20gb (0),1,,13,"void ch_est::windowedChEstPreNoDftSOfdmKernel<float, __half, float, (unsigned int)2, (unsigned int)1, (unsigned short)4>(ch_est::puschRxChEstStatDescr_t *, ch_est::puschRxChEstDynDescr_t *)"
4583106841,30016,112669,137,2,1,24,2,1,44,0.001,0.001,,,,,NVIDIA A100-SXM4-40GB MIG 4g.20gb (0),1,,13,"void ch_est::chEstFilterNoDftSOfdmDispatchKernel<float, __half, float, (unsigned int)2>(ch_est::puschRxChEstStatDescr_t *, ch_est::puschRxChEstDynDescr_t *)"
4583142393,19872,112670,137,2,1,24,2,1,44,0.001,0.001,,,,,NVIDIA A100-SXM4-40GB MIG 4g.20gb (0),1,,13,"void ch_est::chEstFilterNoDftSOfdmDispatchKernel<float, __half, float, (unsigned int)2>(ch_est::puschRxChEstStatDescr_t *, ch_est::puschRxChEstDynDescr_t *)"
4583187448,5536,112681,103,1,1,128,1,1,16,0.000,0.000,,,,,NVIDIA A100-SXM4-40GB MIG 4g.20gb (0),1,,13,cupy_copy__complex64_complex64
4583213784,15168,112691,1434,1,1,128,1,1,16,0.000,0.000,,,,,NVIDIA A100-SXM4-40GB MIG 4g.20gb (0),1,,13,cupy_copy__complex64_complex64
4583262039,5472,112698,103,1,1,128,1,1,16,0.000,0.000,,,,,NVIDIA A100-SXM4-40GB MIG 4g.20gb (0),1,,13,cupy_copy__complex64_complex64
4583292119,275517,112705,1,1,1,32,32,1,30,0.000,0.000,,,,,NVIDIA A100-SXM4-40GB MIG 4g.20gb (0),1,,13,"void convert_kernel<__half2, float2>(tensor_layout_any, T1 *, tensor_layout_any, const T2 *)"
4583596628,5504,112708,,,,,,,,,,0.094,17023.251,Pinned,Device,NVIDIA A100-SXM4-40GB MIG 4g.20gb (0),1,,13,[CUDA memcpy Host-to-Device]
4583633011,59872,112709,,,,,,,,,,35.810,598097.284,Device,,NVIDIA A100-SXM4-40GB MIG 4g.20gb (0),1,,13,[CUDA memset]
4583699506,2112,112711,,,,,,,,,,0.000,37.879,Pinned,Device,NVIDIA A100-SXM4-40GB MIG 4g.20gb (0),1,,13,[CUDA memcpy Host-to-Device]
4583704370,9568,112712,,,,,,,,,,0.197,20548.485,Pinned,Device,NVIDIA A100-SXM4-40GB MIG 4g.20gb (0),1,,13,[CUDA memcpy Host-to-Device]
4583747922,30528,112713,273,1,1,48,1,1,40,0.000,0.001,,,,,NVIDIA A100-SXM4-40GB MIG 4g.20gb (0),1,,13,"void pusch_noise_intf_est::noiseIntfEstNoDftSOfdmKernel<float, __half, float, float, (unsigned int)2, (unsigned int)1, (unsigned char)4, (unsigned char)4>(pusch_noise_intf_est::puschRxNoiseIntfEstDynDescr)"
4583781233,10048,112724,35,1,1,128,1,1,16,0.000,0.000,,,,,NVIDIA A100-SXM4-40GB MIG 4g.20gb (0),1,,13,cupy_copy__complex64_complex64
4583827121,5120,112733,1,1,1,1,1,1,18,0.000,0.000,,,,,NVIDIA A100-SXM4-40GB MIG 4g.20gb (0),1,,13,cupy_copy__float32_float32
4583837777,3168,112739,,,,,,,,,,0.000,1.263,Device,Pageable,NVIDIA A100-SXM4-40GB MIG 4g.20gb (0),1,,7,[CUDA memcpy Device-to-Host]
4583955407,13312,112750,1434,1,1,128,1,1,16,0.000,0.000,,,,,NVIDIA A100-SXM4-40GB MIG 4g.20gb (0),1,,13,cupy_copy__complex64_complex64
4584025039,13152,112757,103,1,1,128,1,1,16,0.000,0.000,,,,,NVIDIA A100-SXM4-40GB MIG 4g.20gb (0),1,,13,cupy_copy__complex64_complex64
4584070670,11168,112764,35,1,1,128,1,1,16,0.000,0.000,,,,,NVIDIA A100-SXM4-40GB MIG 4g.20gb (0),1,,13,cupy_copy__complex64_complex64
4584103470,6944,112771,1,1,1,1,1,1,18,0.000,0.000,,,,,NVIDIA A100-SXM4-40GB MIG 4g.20gb (0),1,,13,cupy_copy__float32_float32
4584180813,241085,112782,1,1,1,32,32,1,30,0.000,0.000,,,,,NVIDIA A100-SXM4-40GB MIG 4g.20gb (0),1,,13,"void convert_kernel<__half2, float2>(tensor_layout_any, T1 *, tensor_layout_any, const T2 *)"
4584471018,27359,112785,,,,,,,,,,0.094,3424.682,Pinned,Device,NVIDIA A100-SXM4-40GB MIG 4g.20gb (0),1,,13,[CUDA memcpy Host-to-Device]
4584529193,12448,112786,,,,,,,,,,1.547,124246.492,Device,,NVIDIA A100-SXM4-40GB MIG 4g.20gb (0),1,,13,[CUDA memset]
4584542505,4768,112791,,,,,,,,,,0.031,6563.741,Pinned,Device,NVIDIA A100-SXM4-40GB MIG 4g.20gb (0),1,,13,[CUDA memcpy Host-to-Device]
4584549705,10112,112792,,,,,,,,,,0.197,19442.958,Pinned,Device,NVIDIA A100-SXM4-40GB MIG 4g.20gb (0),1,,13,[CUDA memcpy Host-to-Device]
4584581960,36032,112793,273,1,1,8,4,1,39,0.002,0.000,,,,,NVIDIA A100-SXM4-40GB MIG 4g.20gb (0),1,,13,"void channel_eq::eqMmseCoefCompLowMimoKernel<float, float, float, (unsigned int)4, (unsigned int)1, (unsigned int)4>(const channel_eq::_puschRxChEqStatDescr *, channel_eq::_puschRxChEqCoefCompDynDescr)"
4584629480,26431,112794,273,1,1,12,11,1,51,0.002,0.000,,,,,NVIDIA A100-SXM4-40GB MIG 4g.20gb (0),1,,13,"void channel_eq::eqMmseSoftDemapKernel<float, __half, __half, float, (unsigned int)4, (unsigned short)16383>(channel_eq::_puschRxChEqStatDescr *, channel_eq::_puschRxChEqSoftDemapDynDescr)"
4584680743,584793,112795,1,1,1,32,32,1,30,0.000,0.000,,,,,NVIDIA A100-SXM4-40GB MIG 4g.20gb (0),1,,13,"void convert_kernel<float2, __half2>(tensor_layout_any, T1 *, tensor_layout_any, const T2 *)"
4585300704,15776,112807,2253,1,1,128,1,1,16,0.000,0.000,,,,,NVIDIA A100-SXM4-40GB MIG 4g.20gb (0),1,,13,cupy_copy__float16_float16
4585335744,5599,112816,282,1,1,128,1,1,16,0.000,0.000,,,,,NVIDIA A100-SXM4-40GB MIG 4g.20gb (0),1,,13,cupy_copy__complex64_complex64
4585375007,7648,112825,26,1,1,128,1,1,16,0.000,0.000,,,,,NVIDIA A100-SXM4-40GB MIG 4g.20gb (0),1,,13,cupy_copy__float32_float32
4585396287,8576,112834,103,1,1,128,1,1,16,0.000,0.000,,,,,NVIDIA A100-SXM4-40GB MIG 4g.20gb (0),1,,13,cupy_copy__complex64_complex64
4585454014,15872,112844,1434,1,1,128,1,1,16,0.000,0.000,,,,,NVIDIA A100-SXM4-40GB MIG 4g.20gb (0),1,,13,cupy_copy__complex64_complex64
4585488350,257629,112849,1,1,1,32,32,1,30,0.000,0.000,,,,,NVIDIA A100-SXM4-40GB MIG 4g.20gb (0),1,,13,"void convert_kernel<__half2, float2>(tensor_layout_any, T1 *, tensor_layout_any, const T2 *)"
4585775514,5472,112852,,,,,,,,,,0.094,17122.757,Pinned,Device,NVIDIA A100-SXM4-40GB MIG 4g.20gb (0),1,,13,[CUDA memcpy Host-to-Device]
4585818906,625913,112853,,,,,,,,,,456.561,729128.620,Device,,NVIDIA A100-SXM4-40GB MIG 4g.20gb (0),1,,13,[CUDA memset]
4586454163,51423,112858,,,,,,,,,,1.235,24014.721,Pinned,Device,NVIDIA A100-SXM4-40GB MIG 4g.20gb (0),1,,13,[CUDA memcpy Host-to-Device]
4586508882,10720,112859,,,,,,,,,,0.197,18340.184,Pinned,Device,NVIDIA A100-SXM4-40GB MIG 4g.20gb (0),1,,13,[CUDA memcpy Host-to-Device]
4586544306,22495,112860,69,4,1,48,1,1,76,0.002,0.000,,,,,NVIDIA A100-SXM4-40GB MIG 4g.20gb (0),1,,13,"void ch_est::windowedChEstPreNoDftSOfdmKernel<float, __half, float, (unsigned int)2, (unsigned int)1, (unsigned short)4>(ch_est::puschRxChEstStatDescr_t *, ch_est::puschRxChEstDynDescr_t *)"
4586578865,17920,112861,137,2,1,24,2,1,44,0.001,0.001,,,,,NVIDIA A100-SXM4-40GB MIG 4g.20gb (0),1,,13,"void ch_est::chEstFilterNoDftSOfdmDispatchKernel<float, __half, float, (unsigned int)2>(ch_est::puschRxChEstStatDescr_t *, ch_est::puschRxChEstDynDescr_t *)"
4586622673,28959,112862,137,2,1,24,2,1,44,0.001,0.001,,,,,NVIDIA A100-SXM4-40GB MIG 4g.20gb (0),1,,13,"void ch_est::chEstFilterNoDftSOfdmDispatchKernel<float, __half, float, (unsigned int)2>(ch_est::puschRxChEstStatDescr_t *, ch_est::puschRxChEstDynDescr_t *)"
4586655568,5152,112873,103,1,1,128,1,1,16,0.000,0.000,,,,,NVIDIA A100-SXM4-40GB MIG 4g.20gb (0),1,,13,cupy_copy__complex64_complex64
4586699984,15232,112883,1434,1,1,128,1,1,16,0.000,0.000,,,,,NVIDIA A100-SXM4-40GB MIG 4g.20gb (0),1,,13,cupy_copy__complex64_complex64
4586732431,5760,112890,103,1,1,128,1,1,16,0.000,0.000,,,,,NVIDIA A100-SXM4-40GB MIG 4g.20gb (0),1,,13,cupy_copy__complex64_complex64
4586781935,274397,112897,1,1,1,32,32,1,30,0.000,0.000,,,,,NVIDIA A100-SXM4-40GB MIG 4g.20gb (0),1,,13,"void convert_kernel<__half2, float2>(tensor_layout_any, T1 *, tensor_layout_any, const T2 *)"
4587090219,5376,112900,,,,,,,,,,0.094,17428.487,Pinned,Device,NVIDIA A100-SXM4-40GB MIG 4g.20gb (0),1,,13,[CUDA memcpy Host-to-Device]
4587118027,59679,112901,,,,,,,,,,35.810,600031.020,Device,,NVIDIA A100-SXM4-40GB MIG 4g.20gb (0),1,,13,[CUDA memset]
4587184842,2080,112903,,,,,,,,,,0.000,38.462,Pinned,Device,NVIDIA A100-SXM4-40GB MIG 4g.20gb (0),1,,13,[CUDA memcpy Host-to-Device]
4587189418,9376,112904,,,,,,,,,,0.197,20969.226,Pinned,Device,NVIDIA A100-SXM4-40GB MIG 4g.20gb (0),1,,13,[CUDA memcpy Host-to-Device]
4587237354,31679,112905,273,1,1,48,1,1,40,0.000,0.001,,,,,NVIDIA A100-SXM4-40GB MIG 4g.20gb (0),1,,13,"void pusch_noise_intf_est::noiseIntfEstNoDftSOfdmKernel<float, __half, float, float, (unsigned int)2, (unsigned int)1, (unsigned char)4, (unsigned char)4>(pusch_noise_intf_est::puschRxNoiseIntfEstDynDescr)"
4587270665,6560,112916,35,1,1,128,1,1,16,0.000,0.000,,,,,NVIDIA A100-SXM4-40GB MIG 4g.20gb (0),1,,13,cupy_copy__complex64_complex64
4587317545,3392,112925,1,1,1,1,1,1,18,0.000,0.000,,,,,NVIDIA A100-SXM4-40GB MIG 4g.20gb (0),1,,13,cupy_copy__float32_float32
4587323593,7296,112931,,,,,,,,,,0.000,0.548,Device,Pageable,NVIDIA A100-SXM4-40GB MIG 4g.20gb (0),1,,7,[CUDA memcpy Device-to-Host]
4587413416,15167,112942,1434,1,1,128,1,1,16,0.000,0.000,,,,,NVIDIA A100-SXM4-40GB MIG 4g.20gb (0),1,,13,cupy_copy__complex64_complex64
4587446439,4832,112949,103,1,1,128,1,1,16,0.000,0.000,,,,,NVIDIA A100-SXM4-40GB MIG 4g.20gb (0),1,,13,cupy_copy__complex64_complex64
4587490023,9824,112956,35,1,1,128,1,1,16,0.000,0.000,,,,,NVIDIA A100-SXM4-40GB MIG 4g.20gb (0),1,,13,cupy_copy__complex64_complex64
4587521222,3136,112963,1,1,1,1,1,1,18,0.000,0.000,,,,,NVIDIA A100-SXM4-40GB MIG 4g.20gb (0),1,,13,cupy_copy__float32_float32
4587619269,240669,112974,1,1,1,32,32,1,30,0.000,0.000,,,,,NVIDIA A100-SXM4-40GB MIG 4g.20gb (0),1,,13,"void convert_kernel<__half2, float2>(tensor_layout_any, T1 *, tensor_layout_any, const T2 *)"
4587891458,5376,112977,,,,,,,,,,0.094,17428.487,Pinned,Device,NVIDIA A100-SXM4-40GB MIG 4g.20gb (0),1,,13,[CUDA memcpy Host-to-Device]
4587917858,8096,112978,,,,,,,,,,1.547,191034.357,Device,,NVIDIA A100-SXM4-40GB MIG 4g.20gb (0),1,,13,[CUDA memset]
4587929186,3072,112983,,,,,,,,,,0.031,10187.474,Pinned,Device,NVIDIA A100-SXM4-40GB MIG 4g.20gb (0),1,,13,[CUDA memcpy Host-to-Device]
4587934690,9311,112984,,,,,,,,,,0.197,21115.503,Pinned,Device,NVIDIA A100-SXM4-40GB MIG 4g.20gb (0),1,,13,[CUDA memcpy Host-to-Device]
4587963585,37248,112985,273,1,1,8,4,1,39,0.002,0.000,,,,,NVIDIA A100-SXM4-40GB MIG 4g.20gb (0),1,,13,"void channel_eq::eqMmseCoefCompLowMimoKernel<float, float, float, (unsigned int)4, (unsigned int)1, (unsigned int)4>(const channel_eq::_puschRxChEqStatDescr *, channel_eq::_puschRxChEqCoefCompDynDescr)"
4588011809,22719,112986,273,1,1,12,11,1,51,0.002,0.000,,,,,NVIDIA A100-SXM4-40GB MIG 4g.20gb (0),1,,13,"void channel_eq::eqMmseSoftDemapKernel<float, __half, __half, float, (unsigned int)4, (unsigned short)16383>(channel_eq::_puschRxChEqStatDescr *, channel_eq::_puschRxChEqSoftDemapDynDescr)"
4588060608,579257,112987,1,1,1,32,32,1,30,0.000,0.000,,,,,NVIDIA A100-SXM4-40GB MIG 4g.20gb (0),1,,13,"void convert_kernel<float2, __half2>(tensor_layout_any, T1 *, tensor_layout_any, const T2 *)"
4588653689,14816,112999,2253,1,1,128,1,1,16,0.000,0.000,,,,,NVIDIA A100-SXM4-40GB MIG 4g.20gb (0),1,,13,cupy_copy__float16_float16
4588701241,8256,113008,282,1,1,128,1,1,16,0.000,0.000,,,,,NVIDIA A100-SXM4-40GB MIG 4g.20gb (0),1,,13,cupy_copy__complex64_complex64
4588722744,6272,113017,26,1,1,128,1,1,16,0.000,0.000,,,,,NVIDIA A100-SXM4-40GB MIG 4g.20gb (0),1,,13,cupy_copy__float32_float32
4588760440,11872,113026,103,1,1,128,1,1,16,0.000,0.000,,,,,NVIDIA A100-SXM4-40GB MIG 4g.20gb (0),1,,13,cupy_copy__complex64_complex64
4588814487,16128,113036,1434,1,1,128,1,1,16,0.000,0.000,,,,,NVIDIA A100-SXM4-40GB MIG 4g.20gb (0),1,,13,cupy_copy__complex64_complex64
4588868471,254973,113041,1,1,1,32,32,1,30,0.000,0.000,,,,,NVIDIA A100-SXM4-40GB MIG 4g.20gb (0),1,,13,"void convert_kernel<__half2, float2>(tensor_layout_any, T1 *, tensor_layout_any, const T2 *)"
4589152180,5759,113044,,,,,,,,,,0.094,16269.467,Pinned,Device,NVIDIA A100-SXM4-40GB MIG 4g.20gb (0),1,,13,[CUDA memcpy Host-to-Device]
4589199667,614649,113045,,,,,,,,,,456.561,742368.901,Device,,NVIDIA A100-SXM4-40GB MIG 4g.20gb (0),1,,13,[CUDA memset]
4589820620,53631,113050,,,,,,,,,,1.235,23025.531,Pinned,Device,NVIDIA A100-SXM4-40GB MIG 4g.20gb (0),1,,13,[CUDA memcpy Host-to-Device]
4589876715,9536,113051,,,,,,,,,,0.197,20617.298,Pinned,Device,NVIDIA A100-SXM4-40GB MIG 4g.20gb (0),1,,13,[CUDA memcpy Host-to-Device]
4589905099,17504,113052,69,4,1,48,1,1,76,0.002,0.000,,,,,NVIDIA A100-SXM4-40GB MIG 4g.20gb (0),1,,13,"void ch_est::windowedChEstPreNoDftSOfdmKernel<float, __half, float, (unsigned int)2, (unsigned int)1, (unsigned short)4>(ch_est::puschRxChEstStatDescr_t *, ch_est::puschRxChEstDynDescr_t *)"
4589950698,26080,113053,137,2,1,24,2,1,44,0.001,0.001,,,,,NVIDIA A100-SXM4-40GB MIG 4g.20gb (0),1,,13,"void ch_est::chEstFilterNoDftSOfdmDispatchKernel<float, __half, float, (unsigned int)2>(ch_est::puschRxChEstStatDescr_t *, ch_est::puschRxChEstDynDescr_t *)"
4589984426,18688,113054,137,2,1,24,2,1,44,0.001,0.001,,,,,NVIDIA A100-SXM4-40GB MIG 4g.20gb (0),1,,13,"void ch_est::chEstFilterNoDftSOfdmDispatchKernel<float, __half, float, (unsigned int)2>(ch_est::puschRxChEstStatDescr_t *, ch_est::puschRxChEstDynDescr_t *)"
4590029545,6176,113065,103,1,1,128,1,1,16,0.000,0.000,,,,,NVIDIA A100-SXM4-40GB MIG 4g.20gb (0),1,,13,cupy_copy__complex64_complex64
4590055465,14752,113075,1434,1,1,128,1,1,16,0.000,0.000,,,,,NVIDIA A100-SXM4-40GB MIG 4g.20gb (0),1,,13,cupy_copy__complex64_complex64
4590103657,7711,113082,103,1,1,128,1,1,16,0.000,0.000,,,,,NVIDIA A100-SXM4-40GB MIG 4g.20gb (0),1,,13,cupy_copy__complex64_complex64
4590134344,252413,113089,1,1,1,32,32,1,30,0.000,0.000,,,,,NVIDIA A100-SXM4-40GB MIG 4g.20gb (0),1,,13,"void convert_kernel<__half2, float2>(tensor_layout_any, T1 *, tensor_layout_any, const T2 *)"
4590427525,5568,113092,,,,,,,,,,0.094,16827.521,Pinned,Device,NVIDIA A100-SXM4-40GB MIG 4g.20gb (0),1,,13,[CUDA memcpy Host-to-Device]
4590488132,60575,113093,,,,,,,,,,35.810,591150.159,Device,,NVIDIA A100-SXM4-40GB MIG 4g.20gb (0),1,,13,[CUDA memset]
4590554083,1824,113095,,,,,,,,,,0.000,43.860,Pinned,Device,NVIDIA A100-SXM4-40GB MIG 4g.20gb (0),1,,13,[CUDA memcpy Host-to-Device]
4590558339,9536,113096,,,,,,,,,,0.197,20617.298,Pinned,Device,NVIDIA A100-SXM4-40GB MIG 4g.20gb (0),1,,13,[CUDA memcpy Host-to-Device]
4590601475,25119,113097,273,1,1,48,1,1,40,0.000,0.001,,,,,NVIDIA A100-SXM4-40GB MIG 4g.20gb (0),1,,13,"void pusch_noise_intf_est::noiseIntfEstNoDftSOfdmKernel<float, __half, float, float, (unsigned int)2, (unsigned int)1, (unsigned char)4, (unsigned char)4>(pusch_noise_intf_est::puschRxNoiseIntfEstDynDescr)"
4590643138,11584,113108,35,1,1,128,1,1,16,0.000,0.000,,,,,NVIDIA A100-SXM4-40GB MIG 4g.20gb (0),1,,13,cupy_copy__complex64_complex64
4590667042,3456,113117,1,1,1,1,1,1,18,0.000,0.000,,,,,NVIDIA A100-SXM4-40GB MIG 4g.20gb (0),1,,13,cupy_copy__float32_float32
4590672866,1632,113123,,,,,,,,,,0.000,2.451,Device,Pageable,NVIDIA A100-SXM4-40GB MIG 4g.20gb (0),1,,7,[CUDA memcpy Device-to-Host]
4590749345,16576,113134,1434,1,1,128,1,1,16,0.000,0.000,,,,,NVIDIA A100-SXM4-40GB MIG 4g.20gb (0),1,,13,cupy_copy__complex64_complex64
4590802208,6336,113141,103,1,1,128,1,1,16,0.000,0.000,,,,,NVIDIA A100-SXM4-40GB MIG 4g.20gb (0),1,,13,cupy_copy__complex64_complex64
4590829376,8032,113148,35,1,1,128,1,1,16,0.000,0.000,,,,,NVIDIA A100-SXM4-40GB MIG 4g.20gb (0),1,,13,cupy_copy__complex64_complex64
4590878144,4192,113155,1,1,1,1,1,1,18,0.000,0.000,,,,,NVIDIA A100-SXM4-40GB MIG 4g.20gb (0),1,,13,cupy_copy__float32_float32
4590970975,239517,113166,1,1,1,32,32,1,30,0.000,0.000,,,,,NVIDIA A100-SXM4-40GB MIG 4g.20gb (0),1,,13,"void convert_kernel<__half2, float2>(tensor_layout_any, T1 *, tensor_layout_any, const T2 *)"
4591241147,5376,113169,,,,,,,,,,0.094,17428.487,Pinned,Device,NVIDIA A100-SXM4-40GB MIG 4g.20gb (0),1,,13,[CUDA memcpy Host-to-Device]
4591265339,8256,113170,,,,,,,,,,1.547,187333.285,Device,,NVIDIA A100-SXM4-40GB MIG 4g.20gb (0),1,,13,[CUDA memset]
4591280795,3040,113175,,,,,,,,,,0.031,10294.725,Pinned,Device,NVIDIA A100-SXM4-40GB MIG 4g.20gb (0),1,,13,[CUDA memcpy Host-to-Device]
4591286235,9408,113176,,,,,,,,,,0.197,20897.858,Pinned,Device,NVIDIA A100-SXM4-40GB MIG 4g.20gb (0),1,,13,[CUDA memcpy Host-to-Device]
4591318235,36383,113177,273,1,1,8,4,1,39,0.002,0.000,,,,,NVIDIA A100-SXM4-40GB MIG 4g.20gb (0),1,,13,"void channel_eq::eqMmseCoefCompLowMimoKernel<float, float, float, (unsigned int)4, (unsigned int)1, (unsigned int)4>(const channel_eq::_puschRxChEqStatDescr *, channel_eq::_puschRxChEqCoefCompDynDescr)"
4591367706,27488,113178,273,1,1,12,11,1,51,0.002,0.000,,,,,NVIDIA A100-SXM4-40GB MIG 4g.20gb (0),1,,13,"void channel_eq::eqMmseSoftDemapKernel<float, __half, __half, float, (unsigned int)4, (unsigned short)16383>(channel_eq::_puschRxChEqStatDescr *, channel_eq::_puschRxChEqSoftDemapDynDescr)"
4591419033,575194,113179,1,1,1,32,32,1,30,0.000,0.000,,,,,NVIDIA A100-SXM4-40GB MIG 4g.20gb (0),1,,13,"void convert_kernel<float2, __half2>(tensor_layout_any, T1 *, tensor_layout_any, const T2 *)"
4592016114,14816,113191,2253,1,1,128,1,1,16,0.000,0.000,,,,,NVIDIA A100-SXM4-40GB MIG 4g.20gb (0),1,,13,cupy_copy__float16_float16
4592063154,8096,113200,282,1,1,128,1,1,16,0.000,0.000,,,,,NVIDIA A100-SXM4-40GB MIG 4g.20gb (0),1,,13,cupy_copy__complex64_complex64
4592084498,4576,113209,26,1,1,128,1,1,16,0.000,0.000,,,,,NVIDIA A100-SXM4-40GB MIG 4g.20gb (0),1,,13,cupy_copy__float32_float32
4592120785,12672,113218,103,1,1,128,1,1,16,0.000,0.000,,,,,NVIDIA A100-SXM4-40GB MIG 4g.20gb (0),1,,13,cupy_copy__complex64_complex64
4592182065,15871,113228,1434,1,1,128,1,1,16,0.000,0.000,,,,,NVIDIA A100-SXM4-40GB MIG 4g.20gb (0),1,,13,cupy_copy__complex64_complex64
4592251792,265917,113233,1,1,1,32,32,1,30,0.000,0.000,,,,,NVIDIA A100-SXM4-40GB MIG 4g.20gb (0),1,,13,"void convert_kernel<__half2, float2>(tensor_layout_any, T1 *, tensor_layout_any, const T2 *)"
4592556300,5376,113236,,,,,,,,,,0.094,17428.487,Pinned,Device,NVIDIA A100-SXM4-40GB MIG 4g.20gb (0),1,,13,[CUDA memcpy Host-to-Device]
4592615084,616792,113237,,,,,,,,,,456.561,740086.094,Device,,NVIDIA A100-SXM4-40GB MIG 4g.20gb (0),1,,13,[CUDA memset]
4593235332,52224,113242,,,,,,,,,,1.235,23646.708,Pinned,Device,NVIDIA A100-SXM4-40GB MIG 4g.20gb (0),1,,13,[CUDA memcpy Host-to-Device]
4593291236,9856,113243,,,,,,,,,,0.197,19948.044,Pinned,Device,NVIDIA A100-SXM4-40GB MIG 4g.20gb (0),1,,13,[CUDA memcpy Host-to-Device]
4593336963,21248,113244,69,4,1,48,1,1,76,0.002,0.000,,,,,NVIDIA A100-SXM4-40GB MIG 4g.20gb (0),1,,13,"void ch_est::windowedChEstPreNoDftSOfdmKernel<float, __half, float, (unsigned int)2, (unsigned int)1, (unsigned short)4>(ch_est::puschRxChEstStatDescr_t *, ch_est::puschRxChEstDynDescr_t *)"
4593370339,17792,113245,137,2,1,24,2,1,44,0.001,0.001,,,,,NVIDIA A100-SXM4-40GB MIG 4g.20gb (0),1,,13,"void ch_est::chEstFilterNoDftSOfdmDispatchKernel<float, __half, float, (unsigned int)2>(ch_est::puschRxChEstStatDescr_t *, ch_est::puschRxChEstDynDescr_t *)"
4593415010,25728,113246,137,2,1,24,2,1,44,0.001,0.001,,,,,NVIDIA A100-SXM4-40GB MIG 4g.20gb (0),1,,13,"void ch_est::chEstFilterNoDftSOfdmDispatchKernel<float, __half, float, (unsigned int)2>(ch_est::puschRxChEstStatDescr_t *, ch_est::puschRxChEstDynDescr_t *)"
4593449314,5536,113257,103,1,1,128,1,1,16,0.000,0.000,,,,,NVIDIA A100-SXM4-40GB MIG 4g.20gb (0),1,,13,cupy_copy__complex64_complex64
4593492833,15232,113267,1434,1,1,128,1,1,16,0.000,0.000,,,,,NVIDIA A100-SXM4-40GB MIG 4g.20gb (0),1,,13,cupy_copy__complex64_complex64
4593525953,5248,113274,103,1,1,128,1,1,16,0.000,0.000,,,,,NVIDIA A100-SXM4-40GB MIG 4g.20gb (0),1,,13,cupy_copy__complex64_complex64
4593578688,256221,113281,1,1,1,32,32,1,30,0.000,0.000,,,,,NVIDIA A100-SXM4-40GB MIG 4g.20gb (0),1,,13,"void convert_kernel<__half2, float2>(tensor_layout_any, T1 *, tensor_layout_any, const T2 *)"
4593863165,5344,113284,,,,,,,,,,0.094,17532.864,Pinned,Device,NVIDIA A100-SXM4-40GB MIG 4g.20gb (0),1,,13,[CUDA memcpy Host-to-Device]
4593884509,61215,113285,,,,,,,,,,35.810,584955.043,Device,,NVIDIA A100-SXM4-40GB MIG 4g.20gb (0),1,,13,[CUDA memset]
4593946812,3392,113287,,,,,,,,,,0.000,23.585,Pinned,Device,NVIDIA A100-SXM4-40GB MIG 4g.20gb (0),1,,13,[CUDA memcpy Host-to-Device]
4593952668,11392,113288,,,,,,,,,,0.197,17258.250,Pinned,Device,NVIDIA A100-SXM4-40GB MIG 4g.20gb (0),1,,13,[CUDA memcpy Host-to-Device]
4594011547,26688,113289,273,1,1,48,1,1,40,0.000,0.001,,,,,NVIDIA A100-SXM4-40GB MIG 4g.20gb (0),1,,13,"void pusch_noise_intf_est::noiseIntfEstNoDftSOfdmKernel<float, __half, float, float, (unsigned int)2, (unsigned int)1, (unsigned char)4, (unsigned char)4>(pusch_noise_intf_est::puschRxNoiseIntfEstDynDescr)"
4594072347,8832,113300,35,1,1,128,1,1,16,0.000,0.000,,,,,NVIDIA A100-SXM4-40GB MIG 4g.20gb (0),1,,13,cupy_copy__complex64_complex64
4594114234,5568,113309,1,1,1,1,1,1,18,0.000,0.000,,,,,NVIDIA A100-SXM4-40GB MIG 4g.20gb (0),1,,13,cupy_copy__float32_float32
4594122362,1920,113315,,,,,,,,,,0.000,2.083,Device,Pageable,NVIDIA A100-SXM4-40GB MIG 4g.20gb (0),1,,7,[CUDA memcpy Device-to-Host]
4594200985,15712,113326,1434,1,1,128,1,1,16,0.000,0.000,,,,,NVIDIA A100-SXM4-40GB MIG 4g.20gb (0),1,,13,cupy_copy__complex64_complex64
4594234425,5344,113333,103,1,1,128,1,1,16,0.000,0.000,,,,,NVIDIA A100-SXM4-40GB MIG 4g.20gb (0),1,,13,cupy_copy__complex64_complex64
4594277496,10336,113340,35,1,1,128,1,1,16,0.000,0.000,,,,,NVIDIA A100-SXM4-40GB MIG 4g.20gb (0),1,,13,cupy_copy__complex64_complex64
4594308248,4736,113347,1,1,1,1,1,1,18,0.000,0.000,,,,,NVIDIA A100-SXM4-40GB MIG 4g.20gb (0),1,,13,cupy_copy__float32_float32
4594413047,239517,113358,1,1,1,32,32,1,30,0.000,0.000,,,,,NVIDIA A100-SXM4-40GB MIG 4g.20gb (0),1,,13,"void convert_kernel<__half2, float2>(tensor_layout_any, T1 *, tensor_layout_any, const T2 *)"
4594682676,5408,113361,,,,,,,,,,0.094,17325.421,Pinned,Device,NVIDIA A100-SXM4-40GB MIG 4g.20gb (0),1,,13,[CUDA memcpy Host-to-Device]
4594706579,5888,113362,,,,,,,,,,1.547,262672.434,Device,,NVIDIA A100-SXM4-40GB MIG 4g.20gb (0),1,,13,[CUDA memset]
4594714835,3008,113367,,,,,,,,,,0.031,10404.230,Pinned,Device,NVIDIA A100-SXM4-40GB MIG 4g.20gb (0),1,,13,[CUDA memcpy Host-to-Device]
4594720307,9408,113368,,,,,,,,,,0.197,20897.858,Pinned,Device,NVIDIA A100-SXM4-40GB MIG 4g.20gb (0),1,,13,[CUDA memcpy Host-to-Device]
4594745107,36448,113369,273,1,1,8,4,1,39,0.002,0.000,,,,,NVIDIA A100-SXM4-40GB MIG 4g.20gb (0),1,,13,"void channel_eq::eqMmseCoefCompLowMimoKernel<float, float, float, (unsigned int)4, (unsigned int)1, (unsigned int)4>(const channel_eq::_puschRxChEqStatDescr *, channel_eq::_puschRxChEqCoefCompDynDescr)"
4594788306,25824,113370,273,1,1,12,11,1,51,0.002,0.000,,,,,NVIDIA A100-SXM4-40GB MIG 4g.20gb (0),1,,13,"void channel_eq::eqMmseSoftDemapKernel<float, __half, __half, float, (unsigned int)4, (unsigned short)16383>(channel_eq::_puschRxChEqStatDescr *, channel_eq::_puschRxChEqSoftDemapDynDescr)"
4594840466,583161,113371,1,1,1,32,32,1,30,0.000,0.000,,,,,NVIDIA A100-SXM4-40GB MIG 4g.20gb (0),1,,13,"void convert_kernel<float2, __half2>(tensor_layout_any, T1 *, tensor_layout_any, const T2 *)"
4595431275,14880,113383,2253,1,1,128,1,1,16,0.000,0.000,,,,,NVIDIA A100-SXM4-40GB MIG 4g.20gb (0),1,,13,cupy_copy__float16_float16
4595478602,9120,113392,282,1,1,128,1,1,16,0.000,0.000,,,,,NVIDIA A100-SXM4-40GB MIG 4g.20gb (0),1,,13,cupy_copy__complex64_complex64
4595503498,3328,113401,26,1,1,128,1,1,16,0.000,0.000,,,,,NVIDIA A100-SXM4-40GB MIG 4g.20gb (0),1,,13,cupy_copy__float32_float32
4595540042,10560,113410,103,1,1,128,1,1,16,0.000,0.000,,,,,NVIDIA A100-SXM4-40GB MIG 4g.20gb (0),1,,13,cupy_copy__complex64_complex64
4595594761,16512,113420,1434,1,1,128,1,1,16,0.000,0.000,,,,,NVIDIA A100-SXM4-40GB MIG 4g.20gb (0),1,,13,cupy_copy__complex64_complex64
4595651816,251550,113425,1,1,1,32,32,1,30,0.000,0.000,,,,,NVIDIA A100-SXM4-40GB MIG 4g.20gb (0),1,,13,"void convert_kernel<__half2, float2>(tensor_layout_any, T1 *, tensor_layout_any, const T2 *)"
4595933381,5792,113428,,,,,,,,,,0.094,16176.708,Pinned,Device,NVIDIA A100-SXM4-40GB MIG 4g.20gb (0),1,,13,[CUDA memcpy Host-to-Device]
4595987301,629880,113429,,,,,,,,,,456.561,724563.005,Device,,NVIDIA A100-SXM4-40GB MIG 4g.20gb (0),1,,13,[CUDA memset]
4596621597,52768,113434,,,,,,,,,,1.235,23402.189,Pinned,Device,NVIDIA A100-SXM4-40GB MIG 4g.20gb (0),1,,13,[CUDA memcpy Host-to-Device]
4596677277,9856,113435,,,,,,,,,,0.197,19948.044,Pinned,Device,NVIDIA A100-SXM4-40GB MIG 4g.20gb (0),1,,13,[CUDA memcpy Host-to-Device]
4596709564,18144,113436,69,4,1,48,1,1,76,0.002,0.000,,,,,NVIDIA A100-SXM4-40GB MIG 4g.20gb (0),1,,13,"void ch_est::windowedChEstPreNoDftSOfdmKernel<float, __half, float, (unsigned int)2, (unsigned int)1, (unsigned short)4>(ch_est::puschRxChEstStatDescr_t *, ch_est::puschRxChEstDynDescr_t *)"
4596756380,26271,113437,137,2,1,24,2,1,44,0.001,0.001,,,,,NVIDIA A100-SXM4-40GB MIG 4g.20gb (0),1,,13,"void ch_est::chEstFilterNoDftSOfdmDispatchKernel<float, __half, float, (unsigned int)2>(ch_est::puschRxChEstStatDescr_t *, ch_est::puschRxChEstDynDescr_t *)"
4596790395,20416,113438,137,2,1,24,2,1,44,0.001,0.001,,,,,NVIDIA A100-SXM4-40GB MIG 4g.20gb (0),1,,13,"void ch_est::chEstFilterNoDftSOfdmDispatchKernel<float, __half, float, (unsigned int)2>(ch_est::puschRxChEstStatDescr_t *, ch_est::puschRxChEstDynDescr_t *)"
4596835067,5344,113449,103,1,1,128,1,1,16,0.000,0.000,,,,,NVIDIA A100-SXM4-40GB MIG 4g.20gb (0),1,,13,cupy_copy__complex64_complex64
4596861339,14847,113459,1434,1,1,128,1,1,16,0.000,0.000,,,,,NVIDIA A100-SXM4-40GB MIG 4g.20gb (0),1,,13,cupy_copy__complex64_complex64
4596910810,6240,113466,103,1,1,128,1,1,16,0.000,0.000,,,,,NVIDIA A100-SXM4-40GB MIG 4g.20gb (0),1,,13,cupy_copy__complex64_complex64
4596940858,261437,113473,1,1,1,32,32,1,30,0.000,0.000,,,,,NVIDIA A100-SXM4-40GB MIG 4g.20gb (0),1,,13,"void convert_kernel<__half2, float2>(tensor_layout_any, T1 *, tensor_layout_any, const T2 *)"
4597232150,5984,113476,,,,,,,,,,0.094,15657.726,Pinned,Device,NVIDIA A100-SXM4-40GB MIG 4g.20gb (0),1,,13,[CUDA memcpy Host-to-Device]
4597263798,59935,113477,,,,,,,,,,35.810,597452.705,Device,,NVIDIA A100-SXM4-40GB MIG 4g.20gb (0),1,,13,[CUDA memset]
4597331957,1856,113479,,,,,,,,,,0.000,43.103,Pinned,Device,NVIDIA A100-SXM4-40GB MIG 4g.20gb (0),1,,13,[CUDA memcpy Host-to-Device]
4597336373,9984,113480,,,,,,,,,,0.197,19692.257,Pinned,Device,NVIDIA A100-SXM4-40GB MIG 4g.20gb (0),1,,13,[CUDA memcpy Host-to-Device]
4597385908,32064,113481,273,1,1,48,1,1,40,0.000,0.001,,,,,NVIDIA A100-SXM4-40GB MIG 4g.20gb (0),1,,13,"void pusch_noise_intf_est::noiseIntfEstNoDftSOfdmKernel<float, __half, float, float, (unsigned int)2, (unsigned int)1, (unsigned char)4, (unsigned char)4>(pusch_noise_intf_est::puschRxNoiseIntfEstDynDescr)"
4597452916,8896,113492,35,1,1,128,1,1,16,0.000,0.000,,,,,NVIDIA A100-SXM4-40GB MIG 4g.20gb (0),1,,13,cupy_copy__complex64_complex64
4597478803,3360,113501,1,1,1,1,1,1,18,0.000,0.000,,,,,NVIDIA A100-SXM4-40GB MIG 4g.20gb (0),1,,13,cupy_copy__float32_float32
4597483507,1696,113507,,,,,,,,,,0.000,2.358,Device,Pageable,NVIDIA A100-SXM4-40GB MIG 4g.20gb (0),1,,7,[CUDA memcpy Device-to-Host]
4597563634,14912,113518,1434,1,1,128,1,1,16,0.000,0.000,,,,,NVIDIA A100-SXM4-40GB MIG 4g.20gb (0),1,,13,cupy_copy__complex64_complex64
4597612402,5792,113525,103,1,1,128,1,1,16,0.000,0.000,,,,,NVIDIA A100-SXM4-40GB MIG 4g.20gb (0),1,,13,cupy_copy__complex64_complex64
4597639538,6975,113532,35,1,1,128,1,1,16,0.000,0.000,,,,,NVIDIA A100-SXM4-40GB MIG 4g.20gb (0),1,,13,cupy_copy__complex64_complex64
4597698097,3648,113539,1,1,1,1,1,1,18,0.000,0.000,,,,,NVIDIA A100-SXM4-40GB MIG 4g.20gb (0),1,,13,cupy_copy__float32_float32
4597804016,243325,113550,1,1,1,32,32,1,30,0.000,0.000,,,,,NVIDIA A100-SXM4-40GB MIG 4g.20gb (0),1,,13,"void convert_kernel<__half2, float2>(tensor_layout_any, T1 *, tensor_layout_any, const T2 *)"
4598076397,5407,113553,,,,,,,,,,0.094,17328.607,Pinned,Device,NVIDIA A100-SXM4-40GB MIG 4g.20gb (0),1,,13,[CUDA memcpy Host-to-Device]
4598130316,9632,113554,,,,,,,,,,1.547,160570.504,Device,,NVIDIA A100-SXM4-40GB MIG 4g.20gb (0),1,,13,[CUDA memset]
4598144460,3072,113559,,,,,,,,,,0.031,10187.474,Pinned,Device,NVIDIA A100-SXM4-40GB MIG 4g.20gb (0),1,,13,[CUDA memcpy Host-to-Device]
4598149996,10144,113560,,,,,,,,,,0.197,19381.617,Pinned,Device,NVIDIA A100-SXM4-40GB MIG 4g.20gb (0),1,,13,[CUDA memcpy Host-to-Device]
4598186059,34720,113561,273,1,1,8,4,1,39,0.002,0.000,,,,,NVIDIA A100-SXM4-40GB MIG 4g.20gb (0),1,,13,"void channel_eq::eqMmseCoefCompLowMimoKernel<float, float, float, (unsigned int)4, (unsigned int)1, (unsigned int)4>(const channel_eq::_puschRxChEqStatDescr *, channel_eq::_puschRxChEqCoefCompDynDescr)"
4598231819,25407,113562,273,1,1,12,11,1,51,0.002,0.000,,,,,NVIDIA A100-SXM4-40GB MIG 4g.20gb (0),1,,13,"void channel_eq::eqMmseSoftDemapKernel<float, __half, __half, float, (unsigned int)4, (unsigned short)16383>(channel_eq::_puschRxChEqStatDescr *, channel_eq::_puschRxChEqSoftDemapDynDescr)"
4598286538,590521,113563,1,1,1,32,32,1,30,0.000,0.000,,,,,NVIDIA A100-SXM4-40GB MIG 4g.20gb (0),1,,13,"void convert_kernel<float2, __half2>(tensor_layout_any, T1 *, tensor_layout_any, const T2 *)"
4598883267,15392,113575,2253,1,1,128,1,1,16,0.000,0.000,,,,,NVIDIA A100-SXM4-40GB MIG 4g.20gb (0),1,,13,cupy_copy__float16_float16
4598932163,8256,113584,282,1,1,128,1,1,16,0.000,0.000,,,,,NVIDIA A100-SXM4-40GB MIG 4g.20gb (0),1,,13,cupy_copy__complex64_complex64
4598953410,4512,113593,26,1,1,128,1,1,16,0.000,0.000,,,,,NVIDIA A100-SXM4-40GB MIG 4g.20gb (0),1,,13,cupy_copy__float32_float32
4598988098,11264,113602,103,1,1,128,1,1,16,0.000,0.000,,,,,NVIDIA A100-SXM4-40GB MIG 4g.20gb (0),1,,13,cupy_copy__complex64_complex64
4599145056,16832,113618,1434,1,1,128,1,1,16,0.000,0.000,,,,,NVIDIA A100-SXM4-40GB MIG 4g.20gb (0),1,,13,cupy_copy__complex64_complex64
4599226495,260477,113623,1,1,1,32,32,1,30,0.000,0.000,,,,,NVIDIA A100-SXM4-40GB MIG 4g.20gb (0),1,,13,"void convert_kernel<__half2, float2>(tensor_layout_any, T1 *, tensor_layout_any, const T2 *)"
4599517372,5344,113626,,,,,,,,,,0.094,17532.864,Pinned,Device,NVIDIA A100-SXM4-40GB MIG 4g.20gb (0),1,,13,[CUDA memcpy Host-to-Device]
4599558907,629625,113627,,,,,,,,,,456.561,725019.567,Device,,NVIDIA A100-SXM4-40GB MIG 4g.20gb (0),1,,13,[CUDA memset]
4600193908,52799,113632,,,,,,,,,,1.235,23388.604,Pinned,Device,NVIDIA A100-SXM4-40GB MIG 4g.20gb (0),1,,13,[CUDA memcpy Host-to-Device]
4600249203,10048,113633,,,,,,,,,,0.197,19566.821,Pinned,Device,NVIDIA A100-SXM4-40GB MIG 4g.20gb (0),1,,13,[CUDA memcpy Host-to-Device]
4600285075,19168,113634,69,4,1,48,1,1,76,0.002,0.000,,,,,NVIDIA A100-SXM4-40GB MIG 4g.20gb (0),1,,13,"void ch_est::windowedChEstPreNoDftSOfdmKernel<float, __half, float, (unsigned int)2, (unsigned int)1, (unsigned short)4>(ch_est::puschRxChEstStatDescr_t *, ch_est::puschRxChEstDynDescr_t *)"
4600328723,26463,113635,137,2,1,24,2,1,44,0.001,0.001,,,,,NVIDIA A100-SXM4-40GB MIG 4g.20gb (0),1,,13,"void ch_est::chEstFilterNoDftSOfdmDispatchKernel<float, __half, float, (unsigned int)2>(ch_est::puschRxChEstStatDescr_t *, ch_est::puschRxChEstDynDescr_t *)"
4600361778,24992,113636,137,2,1,24,2,1,44,0.001,0.001,,,,,NVIDIA A100-SXM4-40GB MIG 4g.20gb (0),1,,13,"void ch_est::chEstFilterNoDftSOfdmDispatchKernel<float, __half, float, (unsigned int)2>(ch_est::puschRxChEstStatDescr_t *, ch_est::puschRxChEstDynDescr_t *)"
4600410642,5856,113647,103,1,1,128,1,1,16,0.000,0.000,,,,,NVIDIA A100-SXM4-40GB MIG 4g.20gb (0),1,,13,cupy_copy__complex64_complex64
4600437457,14528,113657,1434,1,1,128,1,1,16,0.000,0.000,,,,,NVIDIA A100-SXM4-40GB MIG 4g.20gb (0),1,,13,cupy_copy__complex64_complex64
4600484561,7680,113664,103,1,1,128,1,1,16,0.000,0.000,,,,,NVIDIA A100-SXM4-40GB MIG 4g.20gb (0),1,,13,cupy_copy__complex64_complex64
4600515120,260189,113671,1,1,1,32,32,1,30,0.000,0.000,,,,,NVIDIA A100-SXM4-40GB MIG 4g.20gb (0),1,,13,"void convert_kernel<__half2, float2>(tensor_layout_any, T1 *, tensor_layout_any, const T2 *)"
4600807661,5376,113674,,,,,,,,,,0.094,17428.487,Pinned,Device,NVIDIA A100-SXM4-40GB MIG 4g.20gb (0),1,,13,[CUDA memcpy Host-to-Device]
4600849741,60735,113675,,,,,,,,,,35.810,589574.523,Device,,NVIDIA A100-SXM4-40GB MIG 4g.20gb (0),1,,13,[CUDA memset]
4600914988,3616,113677,,,,,,,,,,0.000,22.124,Pinned,Device,NVIDIA A100-SXM4-40GB MIG 4g.20gb (0),1,,13,[CUDA memcpy Host-to-Device]
4600921836,10112,113678,,,,,,,,,,0.197,19442.958,Pinned,Device,NVIDIA A100-SXM4-40GB MIG 4g.20gb (0),1,,13,[CUDA memcpy Host-to-Device]
4600977963,25952,113679,273,1,1,48,1,1,40,0.000,0.001,,,,,NVIDIA A100-SXM4-40GB MIG 4g.20gb (0),1,,13,"void pusch_noise_intf_est::noiseIntfEstNoDftSOfdmKernel<float, __half, float, float, (unsigned int)2, (unsigned int)1, (unsigned char)4, (unsigned char)4>(pusch_noise_intf_est::puschRxNoiseIntfEstDynDescr)"
4601007275,9984,113690,35,1,1,128,1,1,16,0.000,0.000,,,,,NVIDIA A100-SXM4-40GB MIG 4g.20gb (0),1,,13,cupy_copy__complex64_complex64
4601051114,3680,113699,1,1,1,1,1,1,18,0.000,0.000,,,,,NVIDIA A100-SXM4-40GB MIG 4g.20gb (0),1,,13,cupy_copy__float32_float32
4601062026,1632,113705,,,,,,,,,,0.000,2.451,Device,Pageable,NVIDIA A100-SXM4-40GB MIG 4g.20gb (0),1,,7,[CUDA memcpy Device-to-Host]
4601136873,15296,113716,1434,1,1,128,1,1,16,0.000,0.000,,,,,NVIDIA A100-SXM4-40GB MIG 4g.20gb (0),1,,13,cupy_copy__complex64_complex64
4601216808,5664,113723,103,1,1,128,1,1,16,0.000,0.000,,,,,NVIDIA A100-SXM4-40GB MIG 4g.20gb (0),1,,13,cupy_copy__complex64_complex64
4601244872,7712,113730,35,1,1,128,1,1,16,0.000,0.000,,,,,NVIDIA A100-SXM4-40GB MIG 4g.20gb (0),1,,13,cupy_copy__complex64_complex64
4601291367,3936,113737,1,1,1,1,1,1,18,0.000,0.000,,,,,NVIDIA A100-SXM4-40GB MIG 4g.20gb (0),1,,13,cupy_copy__float32_float32
4601390822,241757,113748,1,1,1,32,32,1,30,0.000,0.000,,,,,NVIDIA A100-SXM4-40GB MIG 4g.20gb (0),1,,13,"void convert_kernel<__half2, float2>(tensor_layout_any, T1 *, tensor_layout_any, const T2 *)"
4601662499,5376,113751,,,,,,,,,,0.094,17428.487,Pinned,Device,NVIDIA A100-SXM4-40GB MIG 4g.20gb (0),1,,13,[CUDA memcpy Host-to-Device]
4601682883,8000,113752,,,,,,,,,,1.547,193328.000,Device,,NVIDIA A100-SXM4-40GB MIG 4g.20gb (0),1,,13,[CUDA memset]
4601695363,3040,113757,,,,,,,,,,0.031,10294.725,Pinned,Device,NVIDIA A100-SXM4-40GB MIG 4g.20gb (0),1,,13,[CUDA memcpy Host-to-Device]
4601700835,10560,113758,,,,,,,,,,0.197,18617.991,Pinned,Device,NVIDIA A100-SXM4-40GB MIG 4g.20gb (0),1,,13,[CUDA memcpy Host-to-Device]
4601737666,38688,113759,273,1,1,8,4,1,39,0.002,0.000,,,,,NVIDIA A100-SXM4-40GB MIG 4g.20gb (0),1,,13,"void channel_eq::eqMmseCoefCompLowMimoKernel<float, float, float, (unsigned int)4, (unsigned int)1, (unsigned int)4>(const channel_eq::_puschRxChEqStatDescr *, channel_eq::_puschRxChEqCoefCompDynDescr)"
4601784418,25087,113760,273,1,1,12,11,1,51,0.002,0.000,,,,,NVIDIA A100-SXM4-40GB MIG 4g.20gb (0),1,,13,"void channel_eq::eqMmseSoftDemapKernel<float, __half, __half, float, (unsigned int)4, (unsigned short)16383>(channel_eq::_puschRxChEqStatDescr *, channel_eq::_puschRxChEqSoftDemapDynDescr)"
4601835777,594681,113761,1,1,1,32,32,1,30,0.000,0.000,,,,,NVIDIA A100-SXM4-40GB MIG 4g.20gb (0),1,,13,"void convert_kernel<float2, __half2>(tensor_layout_any, T1 *, tensor_layout_any, const T2 *)"
4602452250,15808,113773,2253,1,1,128,1,1,16,0.000,0.000,,,,,NVIDIA A100-SXM4-40GB MIG 4g.20gb (0),1,,13,cupy_copy__float16_float16
4602492154,4992,113782,282,1,1,128,1,1,16,0.000,0.000,,,,,NVIDIA A100-SXM4-40GB MIG 4g.20gb (0),1,,13,cupy_copy__complex64_complex64
4602526233,8992,113791,26,1,1,128,1,1,16,0.000,0.000,,,,,NVIDIA A100-SXM4-40GB MIG 4g.20gb (0),1,,13,cupy_copy__float32_float32
4602547865,9760,113800,103,1,1,128,1,1,16,0.000,0.000,,,,,NVIDIA A100-SXM4-40GB MIG 4g.20gb (0),1,,13,cupy_copy__complex64_complex64
4602618232,16352,113810,1434,1,1,128,1,1,16,0.000,0.000,,,,,NVIDIA A100-SXM4-40GB MIG 4g.20gb (0),1,,13,cupy_copy__complex64_complex64
4602655864,255805,113815,1,1,1,32,32,1,30,0.000,0.000,,,,,NVIDIA A100-SXM4-40GB MIG 4g.20gb (0),1,,13,"void convert_kernel<__half2, float2>(tensor_layout_any, T1 *, tensor_layout_any, const T2 *)"
4602942260,5312,113818,,,,,,,,,,0.094,17638.553,Pinned,Device,NVIDIA A100-SXM4-40GB MIG 4g.20gb (0),1,,13,[CUDA memcpy Host-to-Device]
4602982516,629945,113819,,,,,,,,,,456.561,724563.005,Device,,NVIDIA A100-SXM4-40GB MIG 4g.20gb (0),1,,13,[CUDA memset]
4603620013,51391,113824,,,,,,,,,,1.235,24029.540,Pinned,Device,NVIDIA A100-SXM4-40GB MIG 4g.20gb (0),1,,13,[CUDA memcpy Host-to-Device]
4603673836,9632,113825,,,,,,,,,,0.197,20411.843,Pinned,Device,NVIDIA A100-SXM4-40GB MIG 4g.20gb (0),1,,13,[CUDA memcpy Host-to-Device]
4603709452,22079,113826,69,4,1,48,1,1,76,0.002,0.000,,,,,NVIDIA A100-SXM4-40GB MIG 4g.20gb (0),1,,13,"void ch_est::windowedChEstPreNoDftSOfdmKernel<float, __half, float, (unsigned int)2, (unsigned int)1, (unsigned short)4>(ch_est::puschRxChEstStatDescr_t *, ch_est::puschRxChEstDynDescr_t *)"
4603745963,19808,113827,137,2,1,24,2,1,44,0.001,0.001,,,,,NVIDIA A100-SXM4-40GB MIG 4g.20gb (0),1,,13,"void ch_est::chEstFilterNoDftSOfdmDispatchKernel<float, __half, float, (unsigned int)2>(ch_est::puschRxChEstStatDescr_t *, ch_est::puschRxChEstDynDescr_t *)"
4603789355,26847,113828,137,2,1,24,2,1,44,0.001,0.001,,,,,NVIDIA A100-SXM4-40GB MIG 4g.20gb (0),1,,13,"void ch_est::chEstFilterNoDftSOfdmDispatchKernel<float, __half, float, (unsigned int)2>(ch_est::puschRxChEstStatDescr_t *, ch_est::puschRxChEstDynDescr_t *)"
4603823114,5568,113839,103,1,1,128,1,1,16,0.000,0.000,,,,,NVIDIA A100-SXM4-40GB MIG 4g.20gb (0),1,,13,cupy_copy__complex64_complex64
4603866090,14816,113849,1434,1,1,128,1,1,16,0.000,0.000,,,,,NVIDIA A100-SXM4-40GB MIG 4g.20gb (0),1,,13,cupy_copy__complex64_complex64
4603899017,5984,113856,103,1,1,128,1,1,16,0.000,0.000,,,,,NVIDIA A100-SXM4-40GB MIG 4g.20gb (0),1,,13,cupy_copy__complex64_complex64
4603948617,262429,113863,1,1,1,32,32,1,30,0.000,0.000,,,,,NVIDIA A100-SXM4-40GB MIG 4g.20gb (0),1,,13,"void convert_kernel<__half2, float2>(tensor_layout_any, T1 *, tensor_layout_any, const T2 *)"
4604242437,5376,113866,,,,,,,,,,0.094,17428.487,Pinned,Device,NVIDIA A100-SXM4-40GB MIG 4g.20gb (0),1,,13,[CUDA memcpy Host-to-Device]
4604260741,60319,113867,,,,,,,,,,35.810,593656.854,Device,,NVIDIA A100-SXM4-40GB MIG 4g.20gb (0),1,,13,[CUDA memset]
4604325252,1920,113869,,,,,,,,,,0.000,41.667,Pinned,Device,NVIDIA A100-SXM4-40GB MIG 4g.20gb (0),1,,13,[CUDA memcpy Host-to-Device]
4604331844,9344,113870,,,,,,,,,,0.197,21040.988,Pinned,Device,NVIDIA A100-SXM4-40GB MIG 4g.20gb (0),1,,13,[CUDA memcpy Host-to-Device]
4604380836,28991,113871,273,1,1,48,1,1,40,0.000,0.001,,,,,NVIDIA A100-SXM4-40GB MIG 4g.20gb (0),1,,13,"void pusch_noise_intf_est::noiseIntfEstNoDftSOfdmKernel<float, __half, float, float, (unsigned int)2, (unsigned int)1, (unsigned char)4, (unsigned char)4>(pusch_noise_intf_est::puschRxNoiseIntfEstDynDescr)"
4604421475,9632,113882,35,1,1,128,1,1,16,0.000,0.000,,,,,NVIDIA A100-SXM4-40GB MIG 4g.20gb (0),1,,13,cupy_copy__complex64_complex64
4604445763,2752,113891,1,1,1,1,1,1,18,0.000,0.000,,,,,NVIDIA A100-SXM4-40GB MIG 4g.20gb (0),1,,13,cupy_copy__float32_float32
4604455747,1792,113897,,,,,,,,,,0.000,2.232,Device,Pageable,NVIDIA A100-SXM4-40GB MIG 4g.20gb (0),1,,7,[CUDA memcpy Device-to-Host]
4604532642,13984,113908,1434,1,1,128,1,1,16,0.000,0.000,,,,,NVIDIA A100-SXM4-40GB MIG 4g.20gb (0),1,,13,cupy_copy__complex64_complex64
4604612545,4928,113915,103,1,1,128,1,1,16,0.000,0.000,,,,,NVIDIA A100-SXM4-40GB MIG 4g.20gb (0),1,,13,cupy_copy__complex64_complex64
4604658657,11647,113922,35,1,1,128,1,1,16,0.000,0.000,,,,,NVIDIA A100-SXM4-40GB MIG 4g.20gb (0),1,,13,cupy_copy__complex64_complex64
4604686560,4192,113929,1,1,1,1,1,1,18,0.000,0.000,,,,,NVIDIA A100-SXM4-40GB MIG 4g.20gb (0),1,,13,cupy_copy__float32_float32
4604750079,247998,113940,1,1,1,32,32,1,30,0.000,0.000,,,,,NVIDIA A100-SXM4-40GB MIG 4g.20gb (0),1,,13,"void convert_kernel<__half2, float2>(tensor_layout_any, T1 *, tensor_layout_any, const T2 *)"
4605027164,5376,113943,,,,,,,,,,0.094,17428.487,Pinned,Device,NVIDIA A100-SXM4-40GB MIG 4g.20gb (0),1,,13,[CUDA memcpy Host-to-Device]
4605042588,9216,113944,,,,,,,,,,1.547,167817.984,Device,,NVIDIA A100-SXM4-40GB MIG 4g.20gb (0),1,,13,[CUDA memset]
4605051164,3648,113949,,,,,,,,,,0.031,8578.922,Pinned,Device,NVIDIA A100-SXM4-40GB MIG 4g.20gb (0),1,,13,[CUDA memcpy Host-to-Device]
4605057596,9856,113950,,,,,,,,,,0.197,19948.044,Pinned,Device,NVIDIA A100-SXM4-40GB MIG 4g.20gb (0),1,,13,[CUDA memcpy Host-to-Device]
4605095708,35487,113951,273,1,1,8,4,1,39,0.002,0.000,,,,,NVIDIA A100-SXM4-40GB MIG 4g.20gb (0),1,,13,"void channel_eq::eqMmseCoefCompLowMimoKernel<float, float, float, (unsigned int)4, (unsigned int)1, (unsigned int)4>(const channel_eq::_puschRxChEqStatDescr *, channel_eq::_puschRxChEqCoefCompDynDescr)"
4605142779,27808,113952,273,1,1,12,11,1,51,0.002,0.000,,,,,NVIDIA A100-SXM4-40GB MIG 4g.20gb (0),1,,13,"void channel_eq::eqMmseSoftDemapKernel<float, __half, __half, float, (unsigned int)4, (unsigned short)16383>(channel_eq::_puschRxChEqStatDescr *, channel_eq::_puschRxChEqSoftDemapDynDescr)"
4605195290,587610,113953,1,1,1,32,32,1,30,0.000,0.000,,,,,NVIDIA A100-SXM4-40GB MIG 4g.20gb (0),1,,13,"void convert_kernel<float2, __half2>(tensor_layout_any, T1 *, tensor_layout_any, const T2 *)"
4605812787,16160,113965,2253,1,1,128,1,1,16,0.000,0.000,,,,,NVIDIA A100-SXM4-40GB MIG 4g.20gb (0),1,,13,cupy_copy__float16_float16
4605847859,5120,113974,282,1,1,128,1,1,16,0.000,0.000,,,,,NVIDIA A100-SXM4-40GB MIG 4g.20gb (0),1,,13,cupy_copy__complex64_complex64
4605881394,6784,113983,26,1,1,128,1,1,16,0.000,0.000,,,,,NVIDIA A100-SXM4-40GB MIG 4g.20gb (0),1,,13,cupy_copy__float32_float32
4605903858,9216,113992,103,1,1,128,1,1,16,0.000,0.000,,,,,NVIDIA A100-SXM4-40GB MIG 4g.20gb (0),1,,13,cupy_copy__complex64_complex64
4605950002,15903,114002,1434,1,1,128,1,1,16,0.000,0.000,,,,,NVIDIA A100-SXM4-40GB MIG 4g.20gb (0),1,,13,cupy_copy__complex64_complex64
4605986833,256541,114007,1,1,1,32,32,1,30,0.000,0.000,,,,,NVIDIA A100-SXM4-40GB MIG 4g.20gb (0),1,,13,"void convert_kernel<__half2, float2>(tensor_layout_any, T1 *, tensor_layout_any, const T2 *)"
4606272814,5440,114010,,,,,,,,,,0.094,17223.480,Pinned,Device,NVIDIA A100-SXM4-40GB MIG 4g.20gb (0),1,,13,[CUDA memcpy Host-to-Device]
4606317933,627641,114011,,,,,,,,,,456.561,727302.374,Device,,NVIDIA A100-SXM4-40GB MIG 4g.20gb (0),1,,13,[CUDA memset]
4606947174,53952,114016,,,,,,,,,,1.235,22888.452,Pinned,Device,NVIDIA A100-SXM4-40GB MIG 4g.20gb (0),1,,13,[CUDA memcpy Host-to-Device]
4607003589,9792,114017,,,,,,,,,,0.197,20078.395,Pinned,Device,NVIDIA A100-SXM4-40GB MIG 4g.20gb (0),1,,13,[CUDA memcpy Host-to-Device]
4607044901,21600,114018,69,4,1,48,1,1,76,0.002,0.000,,,,,NVIDIA A100-SXM4-40GB MIG 4g.20gb (0),1,,13,"void ch_est::windowedChEstPreNoDftSOfdmKernel<float, __half, float, (unsigned int)2, (unsigned int)1, (unsigned short)4>(ch_est::puschRxChEstStatDescr_t *, ch_est::puschRxChEstDynDescr_t *)"
4607081733,23743,114019,137,2,1,24,2,1,44,0.001,0.001,,,,,NVIDIA A100-SXM4-40GB MIG 4g.20gb (0),1,,13,"void ch_est::chEstFilterNoDftSOfdmDispatchKernel<float, __half, float, (unsigned int)2>(ch_est::puschRxChEstStatDescr_t *, ch_est::puschRxChEstDynDescr_t *)"
4607126532,26176,114020,137,2,1,24,2,1,44,0.001,0.001,,,,,NVIDIA A100-SXM4-40GB MIG 4g.20gb (0),1,,13,"void ch_est::chEstFilterNoDftSOfdmDispatchKernel<float, __half, float, (unsigned int)2>(ch_est::puschRxChEstStatDescr_t *, ch_est::puschRxChEstDynDescr_t *)"
4607160580,4736,114031,103,1,1,128,1,1,16,0.000,0.000,,,,,NVIDIA A100-SXM4-40GB MIG 4g.20gb (0),1,,13,cupy_copy__complex64_complex64
4607201571,15264,114041,1434,1,1,128,1,1,16,0.000,0.000,,,,,NVIDIA A100-SXM4-40GB MIG 4g.20gb (0),1,,13,cupy_copy__complex64_complex64
4607233539,5312,114048,103,1,1,128,1,1,16,0.000,0.000,,,,,NVIDIA A100-SXM4-40GB MIG 4g.20gb (0),1,,13,cupy_copy__complex64_complex64
4607287682,255997,114055,1,1,1,32,32,1,30,0.000,0.000,,,,,NVIDIA A100-SXM4-40GB MIG 4g.20gb (0),1,,13,"void convert_kernel<__half2, float2>(tensor_layout_any, T1 *, tensor_layout_any, const T2 *)"
4607572127,5376,114058,,,,,,,,,,0.094,17428.487,Pinned,Device,NVIDIA A100-SXM4-40GB MIG 4g.20gb (0),1,,13,[CUDA memcpy Host-to-Device]
4607599775,60991,114059,,,,,,,,,,35.810,587103.638,Device,,NVIDIA A100-SXM4-40GB MIG 4g.20gb (0),1,,13,[CUDA memset]
4607666974,1824,114061,,,,,,,,,,0.000,43.860,Pinned,Device,NVIDIA A100-SXM4-40GB MIG 4g.20gb (0),1,,13,[CUDA memcpy Host-to-Device]
4607671230,9824,114062,,,,,,,,,,0.197,20012.925,Pinned,Device,NVIDIA A100-SXM4-40GB MIG 4g.20gb (0),1,,13,[CUDA memcpy Host-to-Device]
4607714365,26848,114063,273,1,1,48,1,1,40,0.000,0.001,,,,,NVIDIA A100-SXM4-40GB MIG 4g.20gb (0),1,,13,"void pusch_noise_intf_est::noiseIntfEstNoDftSOfdmKernel<float, __half, float, float, (unsigned int)2, (unsigned int)1, (unsigned char)4, (unsigned char)4>(pusch_noise_intf_est::puschRxNoiseIntfEstDynDescr)"
4607758013,9248,114074,35,1,1,128,1,1,16,0.000,0.000,,,,,NVIDIA A100-SXM4-40GB MIG 4g.20gb (0),1,,13,cupy_copy__complex64_complex64
4607781021,3231,114083,1,1,1,1,1,1,18,0.000,0.000,,,,,NVIDIA A100-SXM4-40GB MIG 4g.20gb (0),1,,13,cupy_copy__float32_float32
4607789852,1856,114089,,,,,,,,,,0.000,2.155,Device,Pageable,NVIDIA A100-SXM4-40GB MIG 4g.20gb (0),1,,7,[CUDA memcpy Device-to-Host]
4607865116,14943,114100,1434,1,1,128,1,1,16,0.000,0.000,,,,,NVIDIA A100-SXM4-40GB MIG 4g.20gb (0),1,,13,cupy_copy__complex64_complex64
4607918523,5856,114107,103,1,1,128,1,1,16,0.000,0.000,,,,,NVIDIA A100-SXM4-40GB MIG 4g.20gb (0),1,,13,cupy_copy__complex64_complex64
4607945979,12415,114114,35,1,1,128,1,1,16,0.000,0.000,,,,,NVIDIA A100-SXM4-40GB MIG 4g.20gb (0),1,,13,cupy_copy__complex64_complex64
4607997946,8096,114121,1,1,1,1,1,1,18,0.000,0.000,,,,,NVIDIA A100-SXM4-40GB MIG 4g.20gb (0),1,,13,cupy_copy__float32_float32
4608099001,241149,114132,1,1,1,32,32,1,30,0.000,0.000,,,,,NVIDIA A100-SXM4-40GB MIG 4g.20gb (0),1,,13,"void convert_kernel<__half2, float2>(tensor_layout_any, T1 *, tensor_layout_any, const T2 *)"
4608369590,5536,114135,,,,,,,,,,0.094,16924.777,Pinned,Device,NVIDIA A100-SXM4-40GB MIG 4g.20gb (0),1,,13,[CUDA memcpy Host-to-Device]
4608400405,9216,114136,,,,,,,,,,1.547,167817.984,Device,,NVIDIA A100-SXM4-40GB MIG 4g.20gb (0),1,,13,[CUDA memset]
4608411509,3424,114141,,,,,,,,,,0.031,9140.185,Pinned,Device,NVIDIA A100-SXM4-40GB MIG 4g.20gb (0),1,,13,[CUDA memcpy Host-to-Device]
4608417333,10688,114142,,,,,,,,,,0.197,18395.038,Pinned,Device,NVIDIA A100-SXM4-40GB MIG 4g.20gb (0),1,,13,[CUDA memcpy Host-to-Device]
4608453333,34623,114143,273,1,1,8,4,1,39,0.002,0.000,,,,,NVIDIA A100-SXM4-40GB MIG 4g.20gb (0),1,,13,"void channel_eq::eqMmseCoefCompLowMimoKernel<float, float, float, (unsigned int)4, (unsigned int)1, (unsigned int)4>(const channel_eq::_puschRxChEqStatDescr *, channel_eq::_puschRxChEqCoefCompDynDescr)"
4608500244,25472,114144,273,1,1,12,11,1,51,0.002,0.000,,,,,NVIDIA A100-SXM4-40GB MIG 4g.20gb (0),1,,13,"void channel_eq::eqMmseSoftDemapKernel<float, __half, __half, float, (unsigned int)4, (unsigned short)16383>(channel_eq::_puschRxChEqStatDescr *, channel_eq::_puschRxChEqSoftDemapDynDescr)"
4608551252,579193,114145,1,1,1,32,32,1,30,0.000,0.000,,,,,NVIDIA A100-SXM4-40GB MIG 4g.20gb (0),1,,13,"void convert_kernel<float2, __half2>(tensor_layout_any, T1 *, tensor_layout_any, const T2 *)"
4609137805,16160,114157,2253,1,1,128,1,1,16,0.000,0.000,,,,,NVIDIA A100-SXM4-40GB MIG 4g.20gb (0),1,,13,cupy_copy__float16_float16
4609184268,8800,114166,282,1,1,128,1,1,16,0.000,0.000,,,,,NVIDIA A100-SXM4-40GB MIG 4g.20gb (0),1,,13,cupy_copy__complex64_complex64
4609206220,4928,114175,26,1,1,128,1,1,16,0.000,0.000,,,,,NVIDIA A100-SXM4-40GB MIG 4g.20gb (0),1,,13,cupy_copy__float32_float32
4609240396,12960,114184,103,1,1,128,1,1,16,0.000,0.000,,,,,NVIDIA A100-SXM4-40GB MIG 4g.20gb (0),1,,13,cupy_copy__complex64_complex64
4609296395,16128,114194,1434,1,1,128,1,1,16,0.000,0.000,,,,,NVIDIA A100-SXM4-40GB MIG 4g.20gb (0),1,,13,cupy_copy__complex64_complex64
4609352458,262429,114199,1,1,1,32,32,1,30,0.000,0.000,,,,,NVIDIA A100-SXM4-40GB MIG 4g.20gb (0),1,,13,"void convert_kernel<__half2, float2>(tensor_layout_any, T1 *, tensor_layout_any, const T2 *)"
4609644391,5504,114202,,,,,,,,,,0.094,17023.251,Pinned,Device,NVIDIA A100-SXM4-40GB MIG 4g.20gb (0),1,,13,[CUDA memcpy Host-to-Device]
4609691014,627001,114203,,,,,,,,,,456.561,727758.935,Device,,NVIDIA A100-SXM4-40GB MIG 4g.20gb (0),1,,13,[CUDA memset]
4610324831,51584,114208,,,,,,,,,,1.235,23939.389,Pinned,Device,NVIDIA A100-SXM4-40GB MIG 4g.20gb (0),1,,13,[CUDA memcpy Host-to-Device]
4610378847,10079,114209,,,,,,,,,,0.197,19506.659,Pinned,Device,NVIDIA A100-SXM4-40GB MIG 4g.20gb (0),1,,13,[CUDA memcpy Host-to-Device]
4610409534,21856,114210,69,4,1,48,1,1,76,0.002,0.000,,,,,NVIDIA A100-SXM4-40GB MIG 4g.20gb (0),1,,13,"void ch_est::windowedChEstPreNoDftSOfdmKernel<float, __half, float, (unsigned int)2, (unsigned int)1, (unsigned short)4>(ch_est::puschRxChEstStatDescr_t *, ch_est::puschRxChEstDynDescr_t *)"
4610456062,25471,114211,137,2,1,24,2,1,44,0.001,0.001,,,,,NVIDIA A100-SXM4-40GB MIG 4g.20gb (0),1,,13,"void ch_est::chEstFilterNoDftSOfdmDispatchKernel<float, __half, float, (unsigned int)2>(ch_est::puschRxChEstStatDescr_t *, ch_est::puschRxChEstDynDescr_t *)"
4610491197,25152,114212,137,2,1,24,2,1,44,0.001,0.001,,,,,NVIDIA A100-SXM4-40GB MIG 4g.20gb (0),1,,13,"void ch_est::chEstFilterNoDftSOfdmDispatchKernel<float, __half, float, (unsigned int)2>(ch_est::puschRxChEstStatDescr_t *, ch_est::puschRxChEstDynDescr_t *)"
4610538781,6112,114223,103,1,1,128,1,1,16,0.000,0.000,,,,,NVIDIA A100-SXM4-40GB MIG 4g.20gb (0),1,,13,cupy_copy__complex64_complex64
4610565500,15424,114233,1434,1,1,128,1,1,16,0.000,0.000,,,,,NVIDIA A100-SXM4-40GB MIG 4g.20gb (0),1,,13,cupy_copy__complex64_complex64
4610613468,6304,114240,103,1,1,128,1,1,16,0.000,0.000,,,,,NVIDIA A100-SXM4-40GB MIG 4g.20gb (0),1,,13,cupy_copy__complex64_complex64
4610643931,262909,114247,1,1,1,32,32,1,30,0.000,0.000,,,,,NVIDIA A100-SXM4-40GB MIG 4g.20gb (0),1,,13,"void convert_kernel<__half2, float2>(tensor_layout_any, T1 *, tensor_layout_any, const T2 *)"
4610935288,5760,114250,,,,,,,,,,0.094,16266.656,Pinned,Device,NVIDIA A100-SXM4-40GB MIG 4g.20gb (0),1,,13,[CUDA memcpy Host-to-Device]
4610975384,60543,114251,,,,,,,,,,35.810,591472.449,Device,,NVIDIA A100-SXM4-40GB MIG 4g.20gb (0),1,,13,[CUDA memset]
4611040759,6496,114253,,,,,,,,,,0.000,12.315,Pinned,Device,NVIDIA A100-SXM4-40GB MIG 4g.20gb (0),1,,13,[CUDA memcpy Host-to-Device]
4611049687,9312,114254,,,,,,,,,,0.197,21113.340,Pinned,Device,NVIDIA A100-SXM4-40GB MIG 4g.20gb (0),1,,13,[CUDA memcpy Host-to-Device]
4611104758,28544,114255,273,1,1,48,1,1,40,0.000,0.001,,,,,NVIDIA A100-SXM4-40GB MIG 4g.20gb (0),1,,13,"void pusch_noise_intf_est::noiseIntfEstNoDftSOfdmKernel<float, __half, float, float, (unsigned int)2, (unsigned int)1, (unsigned char)4, (unsigned char)4>(pusch_noise_intf_est::puschRxNoiseIntfEstDynDescr)"
4611135478,9056,114266,35,1,1,128,1,1,16,0.000,0.000,,,,,NVIDIA A100-SXM4-40GB MIG 4g.20gb (0),1,,13,cupy_copy__complex64_complex64
4611174005,3872,114275,1,1,1,1,1,1,18,0.000,0.000,,,,,NVIDIA A100-SXM4-40GB MIG 4g.20gb (0),1,,13,cupy_copy__float32_float32
4611185397,1568,114281,,,,,,,,,,0.000,2.551,Device,Pageable,NVIDIA A100-SXM4-40GB MIG 4g.20gb (0),1,,7,[CUDA memcpy Device-to-Host]
4611249300,16256,114292,1434,1,1,128,1,1,16,0.000,0.000,,,,,NVIDIA A100-SXM4-40GB MIG 4g.20gb (0),1,,13,cupy_copy__complex64_complex64
4611285940,4864,114299,103,1,1,128,1,1,16,0.000,0.000,,,,,NVIDIA A100-SXM4-40GB MIG 4g.20gb (0),1,,13,cupy_copy__complex64_complex64
4611328756,10623,114306,35,1,1,128,1,1,16,0.000,0.000,,,,,NVIDIA A100-SXM4-40GB MIG 4g.20gb (0),1,,13,cupy_copy__complex64_complex64
4611363699,5440,114313,1,1,1,1,1,1,18,0.000,0.000,,,,,NVIDIA A100-SXM4-40GB MIG 4g.20gb (0),1,,13,cupy_copy__float32_float32
4611474450,238141,114324,1,1,1,32,32,1,30,0.000,0.000,,,,,NVIDIA A100-SXM4-40GB MIG 4g.20gb (0),1,,13,"void convert_kernel<__half2, float2>(tensor_layout_any, T1 *, tensor_layout_any, const T2 *)"
4611741615,5376,114327,,,,,,,,,,0.094,17428.487,Pinned,Device,NVIDIA A100-SXM4-40GB MIG 4g.20gb (0),1,,13,[CUDA memcpy Host-to-Device]
4611786510,10272,114328,,,,,,,,,,1.547,150566.940,Device,,NVIDIA A100-SXM4-40GB MIG 4g.20gb (0),1,,13,[CUDA memset]
4611802862,3360,114333,,,,,,,,,,0.031,9314.284,Pinned,Device,NVIDIA A100-SXM4-40GB MIG 4g.20gb (0),1,,13,[CUDA memcpy Host-to-Device]
4611808654,9664,114334,,,,,,,,,,0.197,20344.209,Pinned,Device,NVIDIA A100-SXM4-40GB MIG 4g.20gb (0),1,,13,[CUDA memcpy Host-to-Device]
4611841230,34495,114335,273,1,1,8,4,1,39,0.002,0.000,,,,,NVIDIA A100-SXM4-40GB MIG 4g.20gb (0),1,,13,"void channel_eq::eqMmseCoefCompLowMimoKernel<float, float, float, (unsigned int)4, (unsigned int)1, (unsigned int)4>(const channel_eq::_puschRxChEqStatDescr *, channel_eq::_puschRxChEqCoefCompDynDescr)"
4611886061,25696,114336,273,1,1,12,11,1,51,0.002,0.000,,,,,NVIDIA A100-SXM4-40GB MIG 4g.20gb (0),1,,13,"void channel_eq::eqMmseSoftDemapKernel<float, __half, __half, float, (unsigned int)4, (unsigned short)16383>(channel_eq::_puschRxChEqStatDescr *, channel_eq::_puschRxChEqSoftDemapDynDescr)"
4611938925,594617,114337,1,1,1,32,32,1,30,0.000,0.000,,,,,NVIDIA A100-SXM4-40GB MIG 4g.20gb (0),1,,13,"void convert_kernel<float2, __half2>(tensor_layout_any, T1 *, tensor_layout_any, const T2 *)"
4612565093,15872,114349,2253,1,1,128,1,1,16,0.000,0.000,,,,,NVIDIA A100-SXM4-40GB MIG 4g.20gb (0),1,,13,cupy_copy__float16_float16
4612603237,6560,114358,282,1,1,128,1,1,16,0.000,0.000,,,,,NVIDIA A100-SXM4-40GB MIG 4g.20gb (0),1,,13,cupy_copy__complex64_complex64
4612638084,4672,114367,26,1,1,128,1,1,16,0.000,0.000,,,,,NVIDIA A100-SXM4-40GB MIG 4g.20gb (0),1,,13,cupy_copy__float32_float32
4612660612,12160,114376,103,1,1,128,1,1,16,0.000,0.000,,,,,NVIDIA A100-SXM4-40GB MIG 4g.20gb (0),1,,13,cupy_copy__complex64_complex64
4612755651,16832,114386,1434,1,1,128,1,1,16,0.000,0.000,,,,,NVIDIA A100-SXM4-40GB MIG 4g.20gb (0),1,,13,cupy_copy__complex64_complex64
4612792899,254429,114391,1,1,1,32,32,1,30,0.000,0.000,,,,,NVIDIA A100-SXM4-40GB MIG 4g.20gb (0),1,,13,"void convert_kernel<__half2, float2>(tensor_layout_any, T1 *, tensor_layout_any, const T2 *)"
4613075999,5344,114394,,,,,,,,,,0.094,17532.864,Pinned,Device,NVIDIA A100-SXM4-40GB MIG 4g.20gb (0),1,,13,[CUDA memcpy Host-to-Device]
4613104511,627705,114395,,,,,,,,,,456.561,727302.374,Device,,NVIDIA A100-SXM4-40GB MIG 4g.20gb (0),1,,13,[CUDA memset]
4613737400,52863,114400,,,,,,,,,,1.235,23360.201,Pinned,Device,NVIDIA A100-SXM4-40GB MIG 4g.20gb (0),1,,13,[CUDA memcpy Host-to-Device]
4613794007,10752,114401,,,,,,,,,,0.197,18285.527,Pinned,Device,NVIDIA A100-SXM4-40GB MIG 4g.20gb (0),1,,13,[CUDA memcpy Host-to-Device]
4613828279,17888,114402,69,4,1,48,1,1,76,0.002,0.000,,,,,NVIDIA A100-SXM4-40GB MIG 4g.20gb (0),1,,13,"void ch_est::windowedChEstPreNoDftSOfdmKernel<float, __half, float, (unsigned int)2, (unsigned int)1, (unsigned short)4>(ch_est::puschRxChEstStatDescr_t *, ch_est::puschRxChEstDynDescr_t *)"
4613872950,25856,114403,137,2,1,24,2,1,44,0.001,0.001,,,,,NVIDIA A100-SXM4-40GB MIG 4g.20gb (0),1,,13,"void ch_est::chEstFilterNoDftSOfdmDispatchKernel<float, __half, float, (unsigned int)2>(ch_est::puschRxChEstStatDescr_t *, ch_est::puschRxChEstDynDescr_t *)"
4613906902,19488,114404,137,2,1,24,2,1,44,0.001,0.001,,,,,NVIDIA A100-SXM4-40GB MIG 4g.20gb (0),1,,13,"void ch_est::chEstFilterNoDftSOfdmDispatchKernel<float, __half, float, (unsigned int)2>(ch_est::puschRxChEstStatDescr_t *, ch_est::puschRxChEstDynDescr_t *)"
4613951893,5568,114415,103,1,1,128,1,1,16,0.000,0.000,,,,,NVIDIA A100-SXM4-40GB MIG 4g.20gb (0),1,,13,cupy_copy__complex64_complex64
4613977525,14720,114425,1434,1,1,128,1,1,16,0.000,0.000,,,,,NVIDIA A100-SXM4-40GB MIG 4g.20gb (0),1,,13,cupy_copy__complex64_complex64
4614025140,6048,114432,103,1,1,128,1,1,16,0.000,0.000,,,,,NVIDIA A100-SXM4-40GB MIG 4g.20gb (0),1,,13,cupy_copy__complex64_complex64
4614057428,250525,114439,1,1,1,32,32,1,30,0.000,0.000,,,,,NVIDIA A100-SXM4-40GB MIG 4g.20gb (0),1,,13,"void convert_kernel<__half2, float2>(tensor_layout_any, T1 *, tensor_layout_any, const T2 *)"
4614336337,5376,114442,,,,,,,,,,0.094,17428.487,Pinned,Device,NVIDIA A100-SXM4-40GB MIG 4g.20gb (0),1,,13,[CUDA memcpy Host-to-Device]
4614388208,60864,114443,,,,,,,,,,35.810,588356.986,Device,,NVIDIA A100-SXM4-40GB MIG 4g.20gb (0),1,,13,[CUDA memset]
4614453104,3903,114445,,,,,,,,,,0.000,20.497,Pinned,Device,NVIDIA A100-SXM4-40GB MIG 4g.20gb (0),1,,13,[CUDA memcpy Host-to-Device]
4614460143,9376,114446,,,,,,,,,,0.197,20969.226,Pinned,Device,NVIDIA A100-SXM4-40GB MIG 4g.20gb (0),1,,13,[CUDA memcpy Host-to-Device]
4614512687,30495,114447,273,1,1,48,1,1,40,0.000,0.001,,,,,NVIDIA A100-SXM4-40GB MIG 4g.20gb (0),1,,13,"void pusch_noise_intf_est::noiseIntfEstNoDftSOfdmKernel<float, __half, float, float, (unsigned int)2, (unsigned int)1, (unsigned char)4, (unsigned char)4>(pusch_noise_intf_est::puschRxNoiseIntfEstDynDescr)"
4614544814,7744,114458,35,1,1,128,1,1,16,0.000,0.000,,,,,NVIDIA A100-SXM4-40GB MIG 4g.20gb (0),1,,13,cupy_copy__complex64_complex64
4614593838,3296,114467,1,1,1,1,1,1,18,0.000,0.000,,,,,NVIDIA A100-SXM4-40GB MIG 4g.20gb (0),1,,13,cupy_copy__float32_float32
4614601422,1600,114473,,,,,,,,,,0.000,2.500,Device,Pageable,NVIDIA A100-SXM4-40GB MIG 4g.20gb (0),1,,7,[CUDA memcpy Device-to-Host]
4614684269,14816,114484,1434,1,1,128,1,1,16,0.000,0.000,,,,,NVIDIA A100-SXM4-40GB MIG 4g.20gb (0),1,,13,cupy_copy__complex64_complex64
4614716940,5088,114491,103,1,1,128,1,1,16,0.000,0.000,,,,,NVIDIA A100-SXM4-40GB MIG 4g.20gb (0),1,,13,cupy_copy__complex64_complex64
4614761580,12192,114498,35,1,1,128,1,1,16,0.000,0.000,,,,,NVIDIA A100-SXM4-40GB MIG 4g.20gb (0),1,,13,cupy_copy__complex64_complex64
4614788812,2944,114505,1,1,1,1,1,1,18,0.000,0.000,,,,,NVIDIA A100-SXM4-40GB MIG 4g.20gb (0),1,,13,cupy_copy__float32_float32
4614877195,244477,114516,1,1,1,32,32,1,30,0.000,0.000,,,,,NVIDIA A100-SXM4-40GB MIG 4g.20gb (0),1,,13,"void convert_kernel<__half2, float2>(tensor_layout_any, T1 *, tensor_layout_any, const T2 *)"
4615152295,6560,114519,,,,,,,,,,0.094,14282.925,Pinned,Device,NVIDIA A100-SXM4-40GB MIG 4g.20gb (0),1,,13,[CUDA memcpy Host-to-Device]
4615202951,10336,114520,,,,,,,,,,1.547,149634.325,Device,,NVIDIA A100-SXM4-40GB MIG 4g.20gb (0),1,,13,[CUDA memset]
4615216839,4064,114525,,,,,,,,,,0.031,7700.756,Pinned,Device,NVIDIA A100-SXM4-40GB MIG 4g.20gb (0),1,,13,[CUDA memcpy Host-to-Device]
4615223783,10144,114526,,,,,,,,,,0.197,19381.617,Pinned,Device,NVIDIA A100-SXM4-40GB MIG 4g.20gb (0),1,,13,[CUDA memcpy Host-to-Device]
4615259142,32704,114527,273,1,1,8,4,1,39,0.002,0.000,,,,,NVIDIA A100-SXM4-40GB MIG 4g.20gb (0),1,,13,"void channel_eq::eqMmseCoefCompLowMimoKernel<float, float, float, (unsigned int)4, (unsigned int)1, (unsigned int)4>(const channel_eq::_puschRxChEqStatDescr *, channel_eq::_puschRxChEqCoefCompDynDescr)"
4615303046,28255,114528,273,1,1,12,11,1,51,0.002,0.000,,,,,NVIDIA A100-SXM4-40GB MIG 4g.20gb (0),1,,13,"void channel_eq::eqMmseSoftDemapKernel<float, __half, __half, float, (unsigned int)4, (unsigned short)16383>(channel_eq::_puschRxChEqStatDescr *, channel_eq::_puschRxChEqSoftDemapDynDescr)"
4615356325,604953,114529,1,1,1,32,32,1,30,0.000,0.000,,,,,NVIDIA A100-SXM4-40GB MIG 4g.20gb (0),1,,13,"void convert_kernel<float2, __half2>(tensor_layout_any, T1 *, tensor_layout_any, const T2 *)"
4615978302,15936,114541,2253,1,1,128,1,1,16,0.000,0.000,,,,,NVIDIA A100-SXM4-40GB MIG 4g.20gb (0),1,,13,cupy_copy__float16_float16
4616013118,5631,114550,282,1,1,128,1,1,16,0.000,0.000,,,,,NVIDIA A100-SXM4-40GB MIG 4g.20gb (0),1,,13,cupy_copy__complex64_complex64
4616046781,5472,114559,26,1,1,128,1,1,16,0.000,0.000,,,,,NVIDIA A100-SXM4-40GB MIG 4g.20gb (0),1,,13,cupy_copy__float32_float32
4616068573,9056,114568,103,1,1,128,1,1,16,0.000,0.000,,,,,NVIDIA A100-SXM4-40GB MIG 4g.20gb (0),1,,13,cupy_copy__complex64_complex64
4616162812,17504,114578,1434,1,1,128,1,1,16,0.000,0.000,,,,,NVIDIA A100-SXM4-40GB MIG 4g.20gb (0),1,,13,cupy_copy__complex64_complex64
4616202587,253469,114583,1,1,1,32,32,1,30,0.000,0.000,,,,,NVIDIA A100-SXM4-40GB MIG 4g.20gb (0),1,,13,"void convert_kernel<__half2, float2>(tensor_layout_any, T1 *, tensor_layout_any, const T2 *)"
4616486488,5312,114586,,,,,,,,,,0.094,17638.553,Pinned,Device,NVIDIA A100-SXM4-40GB MIG 4g.20gb (0),1,,13,[CUDA memcpy Host-to-Device]
4616537559,631161,114587,,,,,,,,,,456.561,723193.321,Device,,NVIDIA A100-SXM4-40GB MIG 4g.20gb (0),1,,13,[CUDA memset]
4617172208,53536,114592,,,,,,,,,,1.235,23067.519,Pinned,Device,NVIDIA A100-SXM4-40GB MIG 4g.20gb (0),1,,13,[CUDA memcpy Host-to-Device]
4617229903,11136,114593,,,,,,,,,,0.197,17655.005,Pinned,Device,NVIDIA A100-SXM4-40GB MIG 4g.20gb (0),1,,13,[CUDA memcpy Host-to-Device]
4617271663,21696,114594,69,4,1,48,1,1,76,0.002,0.000,,,,,NVIDIA A100-SXM4-40GB MIG 4g.20gb (0),1,,13,"void ch_est::windowedChEstPreNoDftSOfdmKernel<float, __half, float, (unsigned int)2, (unsigned int)1, (unsigned short)4>(ch_est::puschRxChEstStatDescr_t *, ch_est::puschRxChEstDynDescr_t *)"
4617304399,17631,114595,137,2,1,24,2,1,44,0.001,0.001,,,,,NVIDIA A100-SXM4-40GB MIG 4g.20gb (0),1,,13,"void ch_est::chEstFilterNoDftSOfdmDispatchKernel<float, __half, float, (unsigned int)2>(ch_est::puschRxChEstStatDescr_t *, ch_est::puschRxChEstDynDescr_t *)"
4617351342,23360,114596,137,2,1,24,2,1,44,0.001,0.001,,,,,NVIDIA A100-SXM4-40GB MIG 4g.20gb (0),1,,13,"void ch_est::chEstFilterNoDftSOfdmDispatchKernel<float, __half, float, (unsigned int)2>(ch_est::puschRxChEstStatDescr_t *, ch_est::puschRxChEstDynDescr_t *)"
4617382894,5344,114607,103,1,1,128,1,1,16,0.000,0.000,,,,,NVIDIA A100-SXM4-40GB MIG 4g.20gb (0),1,,13,cupy_copy__complex64_complex64
4617425581,14752,114617,1434,1,1,128,1,1,16,0.000,0.000,,,,,NVIDIA A100-SXM4-40GB MIG 4g.20gb (0),1,,13,cupy_copy__complex64_complex64
4617461197,5568,114624,103,1,1,128,1,1,16,0.000,0.000,,,,,NVIDIA A100-SXM4-40GB MIG 4g.20gb (0),1,,13,cupy_copy__complex64_complex64
4617507084,257245,114631,1,1,1,32,32,1,30,0.000,0.000,,,,,NVIDIA A100-SXM4-40GB MIG 4g.20gb (0),1,,13,"void convert_kernel<__half2, float2>(tensor_layout_any, T1 *, tensor_layout_any, const T2 *)"
4617796169,5696,114634,,,,,,,,,,0.094,16449.363,Pinned,Device,NVIDIA A100-SXM4-40GB MIG 4g.20gb (0),1,,13,[CUDA memcpy Host-to-Device]
4617850920,61632,114635,,,,,,,,,,35.810,581015.952,Device,,NVIDIA A100-SXM4-40GB MIG 4g.20gb (0),1,,13,[CUDA memset]
4617920168,2271,114637,,,,,,,,,,0.000,35.227,Pinned,Device,NVIDIA A100-SXM4-40GB MIG 4g.20gb (0),1,,13,[CUDA memcpy Host-to-Device]
4617924903,9408,114638,,,,,,,,,,0.197,20897.858,Pinned,Device,NVIDIA A100-SXM4-40GB MIG 4g.20gb (0),1,,13,[CUDA memcpy Host-to-Device]
4617975239,31936,114639,273,1,1,48,1,1,40,0.000,0.001,,,,,NVIDIA A100-SXM4-40GB MIG 4g.20gb (0),1,,13,"void pusch_noise_intf_est::noiseIntfEstNoDftSOfdmKernel<float, __half, float, float, (unsigned int)2, (unsigned int)1, (unsigned char)4, (unsigned char)4>(pusch_noise_intf_est::puschRxNoiseIntfEstDynDescr)"
4618009478,6720,114650,35,1,1,128,1,1,16,0.000,0.000,,,,,NVIDIA A100-SXM4-40GB MIG 4g.20gb (0),1,,13,cupy_copy__complex64_complex64
4618056742,2816,114659,1,1,1,1,1,1,18,0.000,0.000,,,,,NVIDIA A100-SXM4-40GB MIG 4g.20gb (0),1,,13,cupy_copy__float32_float32
4618061510,1600,114665,,,,,,,,,,0.000,2.500,Device,Pageable,NVIDIA A100-SXM4-40GB MIG 4g.20gb (0),1,,7,[CUDA memcpy Device-to-Host]
4618149253,15392,114676,1434,1,1,128,1,1,16,0.000,0.000,,,,,NVIDIA A100-SXM4-40GB MIG 4g.20gb (0),1,,13,cupy_copy__complex64_complex64
4618182468,5984,114683,103,1,1,128,1,1,16,0.000,0.000,,,,,NVIDIA A100-SXM4-40GB MIG 4g.20gb (0),1,,13,cupy_copy__complex64_complex64
4618225188,10368,114690,35,1,1,128,1,1,16,0.000,0.000,,,,,NVIDIA A100-SXM4-40GB MIG 4g.20gb (0),1,,13,cupy_copy__complex64_complex64
4618255364,6496,114697,1,1,1,1,1,1,18,0.000,0.000,,,,,NVIDIA A100-SXM4-40GB MIG 4g.20gb (0),1,,13,cupy_copy__float32_float32
4618354722,239870,114708,1,1,1,32,32,1,30,0.000,0.000,,,,,NVIDIA A100-SXM4-40GB MIG 4g.20gb (0),1,,13,"void convert_kernel<__half2, float2>(tensor_layout_any, T1 *, tensor_layout_any, const T2 *)"
4618623999,5696,114711,,,,,,,,,,0.094,16449.363,Pinned,Device,NVIDIA A100-SXM4-40GB MIG 4g.20gb (0),1,,13,[CUDA memcpy Host-to-Device]
4618639327,8768,114712,,,,,,,,,,1.547,176394.014,Device,,NVIDIA A100-SXM4-40GB MIG 4g.20gb (0),1,,13,[CUDA memset]
4618656127,3264,114717,,,,,,,,,,0.031,9588.218,Pinned,Device,NVIDIA A100-SXM4-40GB MIG 4g.20gb (0),1,,13,[CUDA memcpy Host-to-Device]
4618661919,9920,114718,,,,,,,,,,0.197,19819.266,Pinned,Device,NVIDIA A100-SXM4-40GB MIG 4g.20gb (0),1,,13,[CUDA memcpy Host-to-Device]
4618690335,33215,114719,273,1,1,8,4,1,39,0.002,0.000,,,,,NVIDIA A100-SXM4-40GB MIG 4g.20gb (0),1,,13,"void channel_eq::eqMmseCoefCompLowMimoKernel<float, float, float, (unsigned int)4, (unsigned int)1, (unsigned int)4>(const channel_eq::_puschRxChEqStatDescr *, channel_eq::_puschRxChEqCoefCompDynDescr)"
4618737982,23840,114720,273,1,1,12,11,1,51,0.002,0.000,,,,,NVIDIA A100-SXM4-40GB MIG 4g.20gb (0),1,,13,"void channel_eq::eqMmseSoftDemapKernel<float, __half, __half, float, (unsigned int)4, (unsigned short)16383>(channel_eq::_puschRxChEqStatDescr *, channel_eq::_puschRxChEqSoftDemapDynDescr)"
4618788541,594394,114721,1,1,1,32,32,1,30,0.000,0.000,,,,,NVIDIA A100-SXM4-40GB MIG 4g.20gb (0),1,,13,"void convert_kernel<float2, __half2>(tensor_layout_any, T1 *, tensor_layout_any, const T2 *)"
4619414934,16544,114733,2253,1,1,128,1,1,16,0.000,0.000,,,,,NVIDIA A100-SXM4-40GB MIG 4g.20gb (0),1,,13,cupy_copy__float16_float16
4619450230,4832,114742,282,1,1,128,1,1,16,0.000,0.000,,,,,NVIDIA A100-SXM4-40GB MIG 4g.20gb (0),1,,13,cupy_copy__complex64_complex64
4619483253,5152,114751,26,1,1,128,1,1,16,0.000,0.000,,,,,NVIDIA A100-SXM4-40GB MIG 4g.20gb (0),1,,13,cupy_copy__float32_float32
4619507189,11040,114760,103,1,1,128,1,1,16,0.000,0.000,,,,,NVIDIA A100-SXM4-40GB MIG 4g.20gb (0),1,,13,cupy_copy__complex64_complex64
4619558485,16063,114770,1434,1,1,128,1,1,16,0.000,0.000,,,,,NVIDIA A100-SXM4-40GB MIG 4g.20gb (0),1,,13,cupy_copy__complex64_complex64
4619595156,255805,114775,1,1,1,32,32,1,30,0.000,0.000,,,,,NVIDIA A100-SXM4-40GB MIG 4g.20gb (0),1,,13,"void convert_kernel<__half2, float2>(tensor_layout_any, T1 *, tensor_layout_any, const T2 *)"
4619879921,5376,114778,,,,,,,,,,0.094,17428.487,Pinned,Device,NVIDIA A100-SXM4-40GB MIG 4g.20gb (0),1,,13,[CUDA memcpy Host-to-Device]
4619931728,628345,114779,,,,,,,,,,456.561,726389.251,Device,,NVIDIA A100-SXM4-40GB MIG 4g.20gb (0),1,,13,[CUDA memset]
4620568201,52479,114784,,,,,,,,,,1.235,23531.858,Pinned,Device,NVIDIA A100-SXM4-40GB MIG 4g.20gb (0),1,,13,[CUDA memcpy Host-to-Device]
4620623816,10976,114785,,,,,,,,,,0.197,17912.365,Pinned,Device,NVIDIA A100-SXM4-40GB MIG 4g.20gb (0),1,,13,[CUDA memcpy Host-to-Device]
4620665896,20416,114786,69,4,1,48,1,1,76,0.002,0.000,,,,,NVIDIA A100-SXM4-40GB MIG 4g.20gb (0),1,,13,"void ch_est::windowedChEstPreNoDftSOfdmKernel<float, __half, float, (unsigned int)2, (unsigned int)1, (unsigned short)4>(ch_est::puschRxChEstStatDescr_t *, ch_est::puschRxChEstDynDescr_t *)"
4620698471,19264,114787,137,2,1,24,2,1,44,0.001,0.001,,,,,NVIDIA A100-SXM4-40GB MIG 4g.20gb (0),1,,13,"void ch_est::chEstFilterNoDftSOfdmDispatchKernel<float, __half, float, (unsigned int)2>(ch_est::puschRxChEstStatDescr_t *, ch_est::puschRxChEstDynDescr_t *)"
4620744775,28064,114788,137,2,1,24,2,1,44,0.001,0.001,,,,,NVIDIA A100-SXM4-40GB MIG 4g.20gb (0),1,,13,"void ch_est::chEstFilterNoDftSOfdmDispatchKernel<float, __half, float, (unsigned int)2>(ch_est::puschRxChEstStatDescr_t *, ch_est::puschRxChEstDynDescr_t *)"
4620779367,4831,114799,103,1,1,128,1,1,16,0.000,0.000,,,,,NVIDIA A100-SXM4-40GB MIG 4g.20gb (0),1,,13,cupy_copy__complex64_complex64
4620820262,15232,114809,1434,1,1,128,1,1,16,0.000,0.000,,,,,NVIDIA A100-SXM4-40GB MIG 4g.20gb (0),1,,13,cupy_copy__complex64_complex64
4620853542,5504,114816,103,1,1,128,1,1,16,0.000,0.000,,,,,NVIDIA A100-SXM4-40GB MIG 4g.20gb (0),1,,13,cupy_copy__complex64_complex64
4620899653,255357,114823,1,1,1,32,32,1,30,0.000,0.000,,,,,NVIDIA A100-SXM4-40GB MIG 4g.20gb (0),1,,13,"void convert_kernel<__half2, float2>(tensor_layout_any, T1 *, tensor_layout_any, const T2 *)"
4621185026,5376,114826,,,,,,,,,,0.094,17428.487,Pinned,Device,NVIDIA A100-SXM4-40GB MIG 4g.20gb (0),1,,13,[CUDA memcpy Host-to-Device]
4621242849,60991,114827,,,,,,,,,,35.810,587103.638,Device,,NVIDIA A100-SXM4-40GB MIG 4g.20gb (0),1,,13,[CUDA memset]
4621306208,4448,114829,,,,,,,,,,0.000,17.986,Pinned,Device,NVIDIA A100-SXM4-40GB MIG 4g.20gb (0),1,,13,[CUDA memcpy Host-to-Device]
4621313088,9696,114830,,,,,,,,,,0.197,20277.166,Pinned,Device,NVIDIA A100-SXM4-40GB MIG 4g.20gb (0),1,,13,[CUDA memcpy Host-to-Device]
4621360480,30239,114831,273,1,1,48,1,1,40,0.000,0.001,,,,,NVIDIA A100-SXM4-40GB MIG 4g.20gb (0),1,,13,"void pusch_noise_intf_est::noiseIntfEstNoDftSOfdmKernel<float, __half, float, float, (unsigned int)2, (unsigned int)1, (unsigned char)4, (unsigned char)4>(pusch_noise_intf_est::puschRxNoiseIntfEstDynDescr)"
4621394879,6624,114842,35,1,1,128,1,1,16,0.000,0.000,,,,,NVIDIA A100-SXM4-40GB MIG 4g.20gb (0),1,,13,cupy_copy__complex64_complex64
4621434143,2944,114851,1,1,1,1,1,1,18,0.000,0.000,,,,,NVIDIA A100-SXM4-40GB MIG 4g.20gb (0),1,,13,cupy_copy__float32_float32
4621443711,1856,114857,,,,,,,,,,0.000,2.155,Device,Pageable,NVIDIA A100-SXM4-40GB MIG 4g.20gb (0),1,,7,[CUDA memcpy Device-to-Host]
4621519198,16608,114868,1434,1,1,128,1,1,16,0.000,0.000,,,,,NVIDIA A100-SXM4-40GB MIG 4g.20gb (0),1,,13,cupy_copy__complex64_complex64
4621551518,5152,114875,103,1,1,128,1,1,16,0.000,0.000,,,,,NVIDIA A100-SXM4-40GB MIG 4g.20gb (0),1,,13,cupy_copy__complex64_complex64
4621595165,11424,114882,35,1,1,128,1,1,16,0.000,0.000,,,,,NVIDIA A100-SXM4-40GB MIG 4g.20gb (0),1,,13,cupy_copy__complex64_complex64
4621625341,5408,114889,1,1,1,1,1,1,18,0.000,0.000,,,,,NVIDIA A100-SXM4-40GB MIG 4g.20gb (0),1,,13,cupy_copy__float32_float32
4621722652,241533,114900,1,1,1,32,32,1,30,0.000,0.000,,,,,NVIDIA A100-SXM4-40GB MIG 4g.20gb (0),1,,13,"void convert_kernel<__half2, float2>(tensor_layout_any, T1 *, tensor_layout_any, const T2 *)"
4621993688,5376,114903,,,,,,,,,,0.094,17428.487,Pinned,Device,NVIDIA A100-SXM4-40GB MIG 4g.20gb (0),1,,13,[CUDA memcpy Host-to-Device]
4622008536,8480,114904,,,,,,,,,,1.547,182384.089,Device,,NVIDIA A100-SXM4-40GB MIG 4g.20gb (0),1,,13,[CUDA memset]
4622017560,3232,114909,,,,,,,,,,0.031,9683.139,Pinned,Device,NVIDIA A100-SXM4-40GB MIG 4g.20gb (0),1,,13,[CUDA memcpy Host-to-Device]
4622023640,10336,114910,,,,,,,,,,0.197,19021.627,Pinned,Device,NVIDIA A100-SXM4-40GB MIG 4g.20gb (0),1,,13,[CUDA memcpy Host-to-Device]
4622056152,35327,114911,273,1,1,8,4,1,39,0.002,0.000,,,,,NVIDIA A100-SXM4-40GB MIG 4g.20gb (0),1,,13,"void channel_eq::eqMmseCoefCompLowMimoKernel<float, float, float, (unsigned int)4, (unsigned int)1, (unsigned int)4>(const channel_eq::_puschRxChEqStatDescr *, channel_eq::_puschRxChEqCoefCompDynDescr)"
4622100471,27392,114912,273,1,1,12,11,1,51,0.002,0.000,,,,,NVIDIA A100-SXM4-40GB MIG 4g.20gb (0),1,,13,"void channel_eq::eqMmseSoftDemapKernel<float, __half, __half, float, (unsigned int)4, (unsigned short)16383>(channel_eq::_puschRxChEqStatDescr *, channel_eq::_puschRxChEqSoftDemapDynDescr)"
4622154167,608313,114913,1,1,1,32,32,1,30,0.000,0.000,,,,,NVIDIA A100-SXM4-40GB MIG 4g.20gb (0),1,,13,"void convert_kernel<float2, __half2>(tensor_layout_any, T1 *, tensor_layout_any, const T2 *)"
4622799247,15136,114925,2253,1,1,128,1,1,16,0.000,0.000,,,,,NVIDIA A100-SXM4-40GB MIG 4g.20gb (0),1,,13,cupy_copy__float16_float16
4622846319,7360,114934,282,1,1,128,1,1,16,0.000,0.000,,,,,NVIDIA A100-SXM4-40GB MIG 4g.20gb (0),1,,13,cupy_copy__complex64_complex64
4622870030,3776,114943,26,1,1,128,1,1,16,0.000,0.000,,,,,NVIDIA A100-SXM4-40GB MIG 4g.20gb (0),1,,13,cupy_copy__float32_float32
4622903470,11968,114952,103,1,1,128,1,1,16,0.000,0.000,,,,,NVIDIA A100-SXM4-40GB MIG 4g.20gb (0),1,,13,cupy_copy__complex64_complex64
4622958477,16640,114962,1434,1,1,128,1,1,16,0.000,0.000,,,,,NVIDIA A100-SXM4-40GB MIG 4g.20gb (0),1,,13,cupy_copy__complex64_complex64
4623013325,259997,114967,1,1,1,32,32,1,30,0.000,0.000,,,,,NVIDIA A100-SXM4-40GB MIG 4g.20gb (0),1,,13,"void convert_kernel<__half2, float2>(tensor_layout_any, T1 *, tensor_layout_any, const T2 *)"
4623302441,5312,114970,,,,,,,,,,0.094,17638.553,Pinned,Device,NVIDIA A100-SXM4-40GB MIG 4g.20gb (0),1,,13,[CUDA memcpy Host-to-Device]
4623348937,627833,114971,,,,,,,,,,456.561,726845.812,Device,,NVIDIA A100-SXM4-40GB MIG 4g.20gb (0),1,,13,[CUDA memset]
4623978306,52639,114976,,,,,,,,,,1.235,23460.231,Pinned,Device,NVIDIA A100-SXM4-40GB MIG 4g.20gb (0),1,,13,[CUDA memcpy Host-to-Device]
4624034497,9888,114977,,,,,,,,,,0.197,19883.360,Pinned,Device,NVIDIA A100-SXM4-40GB MIG 4g.20gb (0),1,,13,[CUDA memcpy Host-to-Device]
4624069249,19039,114978,69,4,1,48,1,1,76,0.002,0.000,,,,,NVIDIA A100-SXM4-40GB MIG 4g.20gb (0),1,,13,"void ch_est::windowedChEstPreNoDftSOfdmKernel<float, __half, float, (unsigned int)2, (unsigned int)1, (unsigned short)4>(ch_est::puschRxChEstStatDescr_t *, ch_est::puschRxChEstDynDescr_t *)"
4624115488,26944,114979,137,2,1,24,2,1,44,0.001,0.001,,,,,NVIDIA A100-SXM4-40GB MIG 4g.20gb (0),1,,13,"void ch_est::chEstFilterNoDftSOfdmDispatchKernel<float, __half, float, (unsigned int)2>(ch_est::puschRxChEstStatDescr_t *, ch_est::puschRxChEstDynDescr_t *)"
4624149056,18527,114980,137,2,1,24,2,1,44,0.001,0.001,,,,,NVIDIA A100-SXM4-40GB MIG 4g.20gb (0),1,,13,"void ch_est::chEstFilterNoDftSOfdmDispatchKernel<float, __half, float, (unsigned int)2>(ch_est::puschRxChEstStatDescr_t *, ch_est::puschRxChEstDynDescr_t *)"
4624194975,6144,114991,103,1,1,128,1,1,16,0.000,0.000,,,,,NVIDIA A100-SXM4-40GB MIG 4g.20gb (0),1,,13,cupy_copy__complex64_complex64
4624221887,15104,115001,1434,1,1,128,1,1,16,0.000,0.000,,,,,NVIDIA A100-SXM4-40GB MIG 4g.20gb (0),1,,13,cupy_copy__complex64_complex64
4624269438,5600,115008,103,1,1,128,1,1,16,0.000,0.000,,,,,NVIDIA A100-SXM4-40GB MIG 4g.20gb (0),1,,13,cupy_copy__complex64_complex64
4624298398,257821,115015,1,1,1,32,32,1,30,0.000,0.000,,,,,NVIDIA A100-SXM4-40GB MIG 4g.20gb (0),1,,13,"void convert_kernel<__half2, float2>(tensor_layout_any, T1 *, tensor_layout_any, const T2 *)"
4624588027,5407,115018,,,,,,,,,,0.094,17328.607,Pinned,Device,NVIDIA A100-SXM4-40GB MIG 4g.20gb (0),1,,13,[CUDA memcpy Host-to-Device]
4624656922,61695,115019,,,,,,,,,,35.810,580407.183,Device,,NVIDIA A100-SXM4-40GB MIG 4g.20gb (0),1,,13,[CUDA memset]
4624719673,3104,115021,,,,,,,,,,0.000,25.773,Pinned,Device,NVIDIA A100-SXM4-40GB MIG 4g.20gb (0),1,,13,[CUDA memcpy Host-to-Device]
4624725337,9344,115022,,,,,,,,,,0.197,21040.988,Pinned,Device,NVIDIA A100-SXM4-40GB MIG 4g.20gb (0),1,,13,[CUDA memcpy Host-to-Device]
4624770936,25696,115023,273,1,1,48,1,1,40,0.000,0.001,,,,,NVIDIA A100-SXM4-40GB MIG 4g.20gb (0),1,,13,"void pusch_noise_intf_est::noiseIntfEstNoDftSOfdmKernel<float, __half, float, float, (unsigned int)2, (unsigned int)1, (unsigned char)4, (unsigned char)4>(pusch_noise_intf_est::puschRxNoiseIntfEstDynDescr)"
4624834200,7264,115034,35,1,1,128,1,1,16,0.000,0.000,,,,,NVIDIA A100-SXM4-40GB MIG 4g.20gb (0),1,,13,cupy_copy__complex64_complex64
4624874903,3872,115043,1,1,1,1,1,1,18,0.000,0.000,,,,,NVIDIA A100-SXM4-40GB MIG 4g.20gb (0),1,,13,cupy_copy__float32_float32
4624884919,2080,115049,,,,,,,,,,0.000,1.923,Device,Pageable,NVIDIA A100-SXM4-40GB MIG 4g.20gb (0),1,,7,[CUDA memcpy Device-to-Host]
4624949110,16224,115060,1434,1,1,128,1,1,16,0.000,0.000,,,,,NVIDIA A100-SXM4-40GB MIG 4g.20gb (0),1,,13,cupy_copy__complex64_complex64
4624983702,4832,115067,103,1,1,128,1,1,16,0.000,0.000,,,,,NVIDIA A100-SXM4-40GB MIG 4g.20gb (0),1,,13,cupy_copy__complex64_complex64
4625026709,12672,115074,35,1,1,128,1,1,16,0.000,0.000,,,,,NVIDIA A100-SXM4-40GB MIG 4g.20gb (0),1,,13,cupy_copy__complex64_complex64
4625058549,3712,115081,1,1,1,1,1,1,18,0.000,0.000,,,,,NVIDIA A100-SXM4-40GB MIG 4g.20gb (0),1,,13,cupy_copy__float32_float32
4625164980,239293,115092,1,1,1,32,32,1,30,0.000,0.000,,,,,NVIDIA A100-SXM4-40GB MIG 4g.20gb (0),1,,13,"void convert_kernel<__half2, float2>(tensor_layout_any, T1 *, tensor_layout_any, const T2 *)"
4625434001,5376,115095,,,,,,,,,,0.094,17428.487,Pinned,Device,NVIDIA A100-SXM4-40GB MIG 4g.20gb (0),1,,13,[CUDA memcpy Host-to-Device]
4625464080,8544,115096,,,,,,,,,,1.547,181018.420,Device,,NVIDIA A100-SXM4-40GB MIG 4g.20gb (0),1,,13,[CUDA memset]
4625476464,3040,115101,,,,,,,,,,0.031,10294.725,Pinned,Device,NVIDIA A100-SXM4-40GB MIG 4g.20gb (0),1,,13,[CUDA memcpy Host-to-Device]
4625481904,9952,115102,,,,,,,,,,0.197,19755.565,Pinned,Device,NVIDIA A100-SXM4-40GB MIG 4g.20gb (0),1,,13,[CUDA memcpy Host-to-Device]
4625521584,35103,115103,273,1,1,8,4,1,39,0.002,0.000,,,,,NVIDIA A100-SXM4-40GB MIG 4g.20gb (0),1,,13,"void channel_eq::eqMmseCoefCompLowMimoKernel<float, float, float, (unsigned int)4, (unsigned int)1, (unsigned int)4>(const channel_eq::_puschRxChEqStatDescr *, channel_eq::_puschRxChEqCoefCompDynDescr)"
4625566959,25696,115104,273,1,1,12,11,1,51,0.002,0.000,,,,,NVIDIA A100-SXM4-40GB MIG 4g.20gb (0),1,,13,"void channel_eq::eqMmseSoftDemapKernel<float, __half, __half, float, (unsigned int)4, (unsigned short)16383>(channel_eq::_puschRxChEqStatDescr *, channel_eq::_puschRxChEqSoftDemapDynDescr)"
4625619215,608377,115105,1,1,1,32,32,1,30,0.000,0.000,,,,,NVIDIA A100-SXM4-40GB MIG 4g.20gb (0),1,,13,"void convert_kernel<float2, __half2>(tensor_layout_any, T1 *, tensor_layout_any, const T2 *)"
4626249607,15744,115117,2253,1,1,128,1,1,16,0.000,0.000,,,,,NVIDIA A100-SXM4-40GB MIG 4g.20gb (0),1,,13,cupy_copy__float16_float16
4626286023,6944,115126,282,1,1,128,1,1,16,0.000,0.000,,,,,NVIDIA A100-SXM4-40GB MIG 4g.20gb (0),1,,13,cupy_copy__complex64_complex64
4626320743,6943,115135,26,1,1,128,1,1,16,0.000,0.000,,,,,NVIDIA A100-SXM4-40GB MIG 4g.20gb (0),1,,13,cupy_copy__float32_float32
4626342662,9184,115144,103,1,1,128,1,1,16,0.000,0.000,,,,,NVIDIA A100-SXM4-40GB MIG 4g.20gb (0),1,,13,cupy_copy__complex64_complex64
4626438885,16736,115154,1434,1,1,128,1,1,16,0.000,0.000,,,,,NVIDIA A100-SXM4-40GB MIG 4g.20gb (0),1,,13,cupy_copy__complex64_complex64
4626476709,254333,115159,1,1,1,32,32,1,30,0.000,0.000,,,,,NVIDIA A100-SXM4-40GB MIG 4g.20gb (0),1,,13,"void convert_kernel<__half2, float2>(tensor_layout_any, T1 *, tensor_layout_any, const T2 *)"
4626760065,5408,115162,,,,,,,,,,0.094,17325.421,Pinned,Device,NVIDIA A100-SXM4-40GB MIG 4g.20gb (0),1,,13,[CUDA memcpy Host-to-Device]
4626807585,633337,115163,,,,,,,,,,456.561,720453.952,Device,,NVIDIA A100-SXM4-40GB MIG 4g.20gb (0),1,,13,[CUDA memset]
4627446426,51679,115168,,,,,,,,,,1.235,23896.166,Pinned,Device,NVIDIA A100-SXM4-40GB MIG 4g.20gb (0),1,,13,[CUDA memcpy Host-to-Device]
4627500537,10048,115169,,,,,,,,,,0.197,19566.821,Pinned,Device,NVIDIA A100-SXM4-40GB MIG 4g.20gb (0),1,,13,[CUDA memcpy Host-to-Device]
4627544856,23168,115170,69,4,1,48,1,1,76,0.002,0.000,,,,,NVIDIA A100-SXM4-40GB MIG 4g.20gb (0),1,,13,"void ch_est::windowedChEstPreNoDftSOfdmKernel<float, __half, float, (unsigned int)2, (unsigned int)1, (unsigned short)4>(ch_est::puschRxChEstStatDescr_t *, ch_est::puschRxChEstDynDescr_t *)"
4627577656,19168,115171,137,2,1,24,2,1,44,0.001,0.001,,,,,NVIDIA A100-SXM4-40GB MIG 4g.20gb (0),1,,13,"void ch_est::chEstFilterNoDftSOfdmDispatchKernel<float, __half, float, (unsigned int)2>(ch_est::puschRxChEstStatDescr_t *, ch_est::puschRxChEstDynDescr_t *)"
4627623384,27359,115172,137,2,1,24,2,1,44,0.001,0.001,,,,,NVIDIA A100-SXM4-40GB MIG 4g.20gb (0),1,,13,"void ch_est::chEstFilterNoDftSOfdmDispatchKernel<float, __half, float, (unsigned int)2>(ch_est::puschRxChEstStatDescr_t *, ch_est::puschRxChEstDynDescr_t *)"
4627656887,5376,115183,103,1,1,128,1,1,16,0.000,0.000,,,,,NVIDIA A100-SXM4-40GB MIG 4g.20gb (0),1,,13,cupy_copy__complex64_complex64
4627699383,15359,115193,1434,1,1,128,1,1,16,0.000,0.000,,,,,NVIDIA A100-SXM4-40GB MIG 4g.20gb (0),1,,13,cupy_copy__complex64_complex64
4627734262,6592,115200,103,1,1,128,1,1,16,0.000,0.000,,,,,NVIDIA A100-SXM4-40GB MIG 4g.20gb (0),1,,13,cupy_copy__complex64_complex64
4627784022,259613,115207,1,1,1,32,32,1,30,0.000,0.000,,,,,NVIDIA A100-SXM4-40GB MIG 4g.20gb (0),1,,13,"void convert_kernel<__half2, float2>(tensor_layout_any, T1 *, tensor_layout_any, const T2 *)"
4628074962,5440,115210,,,,,,,,,,0.094,17223.480,Pinned,Device,NVIDIA A100-SXM4-40GB MIG 4g.20gb (0),1,,13,[CUDA memcpy Host-to-Device]
4628135058,60191,115211,,,,,,,,,,35.810,594910.201,Device,,NVIDIA A100-SXM4-40GB MIG 4g.20gb (0),1,,13,[CUDA memset]
4628202225,2848,115213,,,,,,,,,,0.000,28.090,Pinned,Device,NVIDIA A100-SXM4-40GB MIG 4g.20gb (0),1,,13,[CUDA memcpy Host-to-Device]
4628207985,9408,115214,,,,,,,,,,0.197,20897.858,Pinned,Device,NVIDIA A100-SXM4-40GB MIG 4g.20gb (0),1,,13,[CUDA memcpy Host-to-Device]
4628266256,28128,115215,273,1,1,48,1,1,40,0.000,0.001,,,,,NVIDIA A100-SXM4-40GB MIG 4g.20gb (0),1,,13,"void pusch_noise_intf_est::noiseIntfEstNoDftSOfdmKernel<float, __half, float, float, (unsigned int)2, (unsigned int)1, (unsigned char)4, (unsigned char)4>(pusch_noise_intf_est::puschRxNoiseIntfEstDynDescr)"
4628296912,6112,115226,35,1,1,128,1,1,16,0.000,0.000,,,,,NVIDIA A100-SXM4-40GB MIG 4g.20gb (0),1,,13,cupy_copy__complex64_complex64
4628338095,3936,115235,1,1,1,1,1,1,18,0.000,0.000,,,,,NVIDIA A100-SXM4-40GB MIG 4g.20gb (0),1,,13,cupy_copy__float32_float32
4628348143,1600,115241,,,,,,,,,,0.000,2.500,Device,Pageable,NVIDIA A100-SXM4-40GB MIG 4g.20gb (0),1,,7,[CUDA memcpy Device-to-Host]
4628423118,15328,115252,1434,1,1,128,1,1,16,0.000,0.000,,,,,NVIDIA A100-SXM4-40GB MIG 4g.20gb (0),1,,13,cupy_copy__complex64_complex64
4628457006,5152,115259,103,1,1,128,1,1,16,0.000,0.000,,,,,NVIDIA A100-SXM4-40GB MIG 4g.20gb (0),1,,13,cupy_copy__complex64_complex64
4628501293,11136,115266,35,1,1,128,1,1,16,0.000,0.000,,,,,NVIDIA A100-SXM4-40GB MIG 4g.20gb (0),1,,13,cupy_copy__complex64_complex64
4628532365,4320,115273,1,1,1,1,1,1,18,0.000,0.000,,,,,NVIDIA A100-SXM4-40GB MIG 4g.20gb (0),1,,13,cupy_copy__float32_float32
4628637260,240733,115284,1,1,1,32,32,1,30,0.000,0.000,,,,,NVIDIA A100-SXM4-40GB MIG 4g.20gb (0),1,,13,"void convert_kernel<__half2, float2>(tensor_layout_any, T1 *, tensor_layout_any, const T2 *)"
4628906825,5376,115287,,,,,,,,,,0.094,17428.487,Pinned,Device,NVIDIA A100-SXM4-40GB MIG 4g.20gb (0),1,,13,[CUDA memcpy Host-to-Device]
4628942344,10912,115288,,,,,,,,,,1.547,141735.717,Device,,NVIDIA A100-SXM4-40GB MIG 4g.20gb (0),1,,13,[CUDA memset]
4628956392,3456,115293,,,,,,,,,,0.031,9055.529,Pinned,Device,NVIDIA A100-SXM4-40GB MIG 4g.20gb (0),1,,13,[CUDA memcpy Host-to-Device]
4628962568,9888,115294,,,,,,,,,,0.197,19883.360,Pinned,Device,NVIDIA A100-SXM4-40GB MIG 4g.20gb (0),1,,13,[CUDA memcpy Host-to-Device]
4628996456,34175,115295,273,1,1,8,4,1,39,0.002,0.000,,,,,NVIDIA A100-SXM4-40GB MIG 4g.20gb (0),1,,13,"void channel_eq::eqMmseCoefCompLowMimoKernel<float, float, float, (unsigned int)4, (unsigned int)1, (unsigned int)4>(const channel_eq::_puschRxChEqStatDescr *, channel_eq::_puschRxChEqCoefCompDynDescr)"
4629043079,24384,115296,273,1,1,12,11,1,51,0.002,0.000,,,,,NVIDIA A100-SXM4-40GB MIG 4g.20gb (0),1,,13,"void channel_eq::eqMmseSoftDemapKernel<float, __half, __half, float, (unsigned int)4, (unsigned short)16383>(channel_eq::_puschRxChEqStatDescr *, channel_eq::_puschRxChEqSoftDemapDynDescr)"
4629094727,582777,115297,1,1,1,32,32,1,30,0.000,0.000,,,,,NVIDIA A100-SXM4-40GB MIG 4g.20gb (0),1,,13,"void convert_kernel<float2, __half2>(tensor_layout_any, T1 *, tensor_layout_any, const T2 *)"
4629687360,14944,115309,2253,1,1,128,1,1,16,0.000,0.000,,,,,NVIDIA A100-SXM4-40GB MIG 4g.20gb (0),1,,13,cupy_copy__float16_float16
4629734175,7392,115318,282,1,1,128,1,1,16,0.000,0.000,,,,,NVIDIA A100-SXM4-40GB MIG 4g.20gb (0),1,,13,cupy_copy__complex64_complex64
4629757983,6688,115327,26,1,1,128,1,1,16,0.000,0.000,,,,,NVIDIA A100-SXM4-40GB MIG 4g.20gb (0),1,,13,cupy_copy__float32_float32
4629796990,11456,115336,103,1,1,128,1,1,16,0.000,0.000,,,,,NVIDIA A100-SXM4-40GB MIG 4g.20gb (0),1,,13,cupy_copy__complex64_complex64
4629852990,15616,115346,1434,1,1,128,1,1,16,0.000,0.000,,,,,NVIDIA A100-SXM4-40GB MIG 4g.20gb (0),1,,13,cupy_copy__complex64_complex64
4629907805,260253,115351,1,1,1,32,32,1,30,0.000,0.000,,,,,NVIDIA A100-SXM4-40GB MIG 4g.20gb (0),1,,13,"void convert_kernel<__half2, float2>(tensor_layout_any, T1 *, tensor_layout_any, const T2 *)"
4630199194,5760,115354,,,,,,,,,,0.094,16266.656,Pinned,Device,NVIDIA A100-SXM4-40GB MIG 4g.20gb (0),1,,13,[CUDA memcpy Host-to-Device]
4630240217,633497,115355,,,,,,,,,,456.561,720453.952,Device,,NVIDIA A100-SXM4-40GB MIG 4g.20gb (0),1,,13,[CUDA memset]
4630881618,53215,115360,,,,,,,,,,1.235,23205.833,Pinned,Device,NVIDIA A100-SXM4-40GB MIG 4g.20gb (0),1,,13,[CUDA memcpy Host-to-Device]
4630937489,9568,115361,,,,,,,,,,0.197,20548.485,Pinned,Device,NVIDIA A100-SXM4-40GB MIG 4g.20gb (0),1,,13,[CUDA memcpy Host-to-Device]
4630966417,18528,115362,69,4,1,48,1,1,76,0.002,0.000,,,,,NVIDIA A100-SXM4-40GB MIG 4g.20gb (0),1,,13,"void ch_est::windowedChEstPreNoDftSOfdmKernel<float, __half, float, (unsigned int)2, (unsigned int)1, (unsigned short)4>(ch_est::puschRxChEstStatDescr_t *, ch_est::puschRxChEstDynDescr_t *)"
4631011920,26752,115363,137,2,1,24,2,1,44,0.001,0.001,,,,,NVIDIA A100-SXM4-40GB MIG 4g.20gb (0),1,,13,"void ch_est::chEstFilterNoDftSOfdmDispatchKernel<float, __half, float, (unsigned int)2>(ch_est::puschRxChEstStatDescr_t *, ch_est::puschRxChEstDynDescr_t *)"
4631045392,21856,115364,137,2,1,24,2,1,44,0.001,0.001,,,,,NVIDIA A100-SXM4-40GB MIG 4g.20gb (0),1,,13,"void ch_est::chEstFilterNoDftSOfdmDispatchKernel<float, __half, float, (unsigned int)2>(ch_est::puschRxChEstStatDescr_t *, ch_est::puschRxChEstDynDescr_t *)"
4631093039,8672,115375,103,1,1,128,1,1,16,0.000,0.000,,,,,NVIDIA A100-SXM4-40GB MIG 4g.20gb (0),1,,13,cupy_copy__complex64_complex64
4631120655,14976,115385,1434,1,1,128,1,1,16,0.000,0.000,,,,,NVIDIA A100-SXM4-40GB MIG 4g.20gb (0),1,,13,cupy_copy__complex64_complex64
4631167823,6208,115392,103,1,1,128,1,1,16,0.000,0.000,,,,,NVIDIA A100-SXM4-40GB MIG 4g.20gb (0),1,,13,cupy_copy__complex64_complex64
4631200654,255965,115399,1,1,1,32,32,1,30,0.000,0.000,,,,,NVIDIA A100-SXM4-40GB MIG 4g.20gb (0),1,,13,"void convert_kernel<__half2, float2>(tensor_layout_any, T1 *, tensor_layout_any, const T2 *)"
4631485483,5536,115402,,,,,,,,,,0.094,16924.777,Pinned,Device,NVIDIA A100-SXM4-40GB MIG 4g.20gb (0),1,,13,[CUDA memcpy Host-to-Device]
4631531754,61248,115403,,,,,,,,,,35.810,584668.564,Device,,NVIDIA A100-SXM4-40GB MIG 4g.20gb (0),1,,13,[CUDA memset]
4631598154,3104,115405,,,,,,,,,,0.000,25.773,Pinned,Device,NVIDIA A100-SXM4-40GB MIG 4g.20gb (0),1,,13,[CUDA memcpy Host-to-Device]
4631603658,9407,115406,,,,,,,,,,0.197,20900.020,Pinned,Device,NVIDIA A100-SXM4-40GB MIG 4g.20gb (0),1,,13,[CUDA memcpy Host-to-Device]
4631662377,27360,115407,273,1,1,48,1,1,40,0.000,0.001,,,,,NVIDIA A100-SXM4-40GB MIG 4g.20gb (0),1,,13,"void pusch_noise_intf_est::noiseIntfEstNoDftSOfdmKernel<float, __half, float, float, (unsigned int)2, (unsigned int)1, (unsigned char)4, (unsigned char)4>(pusch_noise_intf_est::puschRxNoiseIntfEstDynDescr)"
4631693417,8095,115418,35,1,1,128,1,1,16,0.000,0.000,,,,,NVIDIA A100-SXM4-40GB MIG 4g.20gb (0),1,,13,cupy_copy__complex64_complex64
4631732040,3392,115427,1,1,1,1,1,1,18,0.000,0.000,,,,,NVIDIA A100-SXM4-40GB MIG 4g.20gb (0),1,,13,cupy_copy__float32_float32
4631742984,2048,115433,,,,,,,,,,0.000,1.953,Device,Pageable,NVIDIA A100-SXM4-40GB MIG 4g.20gb (0),1,,7,[CUDA memcpy Device-to-Host]
4631834407,15008,115444,1434,1,1,128,1,1,16,0.000,0.000,,,,,NVIDIA A100-SXM4-40GB MIG 4g.20gb (0),1,,13,cupy_copy__complex64_complex64
4631888838,5632,115451,103,1,1,128,1,1,16,0.000,0.000,,,,,NVIDIA A100-SXM4-40GB MIG 4g.20gb (0),1,,13,cupy_copy__complex64_complex64
4631916070,7840,115458,35,1,1,128,1,1,16,0.000,0.000,,,,,NVIDIA A100-SXM4-40GB MIG 4g.20gb (0),1,,13,cupy_copy__complex64_complex64
4631965285,3232,115465,1,1,1,1,1,1,18,0.000,0.000,,,,,NVIDIA A100-SXM4-40GB MIG 4g.20gb (0),1,,13,cupy_copy__float32_float32
4632066500,239005,115476,1,1,1,32,32,1,30,0.000,0.000,,,,,NVIDIA A100-SXM4-40GB MIG 4g.20gb (0),1,,13,"void convert_kernel<__half2, float2>(tensor_layout_any, T1 *, tensor_layout_any, const T2 *)"
4632334753,5696,115479,,,,,,,,,,0.094,16449.363,Pinned,Device,NVIDIA A100-SXM4-40GB MIG 4g.20gb (0),1,,13,[CUDA memcpy Host-to-Device]
4632369633,8672,115480,,,,,,,,,,1.547,178345.853,Device,,NVIDIA A100-SXM4-40GB MIG 4g.20gb (0),1,,13,[CUDA memset]
4632385025,3072,115485,,,,,,,,,,0.031,10187.474,Pinned,Device,NVIDIA A100-SXM4-40GB MIG 4g.20gb (0),1,,13,[CUDA memcpy Host-to-Device]
4632391041,9919,115486,,,,,,,,,,0.197,19821.232,Pinned,Device,NVIDIA A100-SXM4-40GB MIG 4g.20gb (0),1,,13,[CUDA memcpy Host-to-Device]
4632421408,34208,115487,273,1,1,8,4,1,39,0.002,0.000,,,,,NVIDIA A100-SXM4-40GB MIG 4g.20gb (0),1,,13,"void channel_eq::eqMmseCoefCompLowMimoKernel<float, float, float, (unsigned int)4, (unsigned int)1, (unsigned int)4>(const channel_eq::_puschRxChEqStatDescr *, channel_eq::_puschRxChEqCoefCompDynDescr)"
4632466528,27743,115488,273,1,1,12,11,1,51,0.002,0.000,,,,,NVIDIA A100-SXM4-40GB MIG 4g.20gb (0),1,,13,"void channel_eq::eqMmseSoftDemapKernel<float, __half, __half, float, (unsigned int)4, (unsigned short)16383>(channel_eq::_puschRxChEqStatDescr *, channel_eq::_puschRxChEqSoftDemapDynDescr)"
4632519839,568793,115489,1,1,1,32,32,1,30,0.000,0.000,,,,,NVIDIA A100-SXM4-40GB MIG 4g.20gb (0),1,,13,"void convert_kernel<float2, __half2>(tensor_layout_any, T1 *, tensor_layout_any, const T2 *)"
4633109112,14752,115501,2253,1,1,128,1,1,16,0.000,0.000,,,,,NVIDIA A100-SXM4-40GB MIG 4g.20gb (0),1,,13,cupy_copy__float16_float16
4633157944,7200,115510,282,1,1,128,1,1,16,0.000,0.000,,,,,NVIDIA A100-SXM4-40GB MIG 4g.20gb (0),1,,13,cupy_copy__complex64_complex64
4633179511,5152,115519,26,1,1,128,1,1,16,0.000,0.000,,,,,NVIDIA A100-SXM4-40GB MIG 4g.20gb (0),1,,13,cupy_copy__float32_float32
4633213367,11232,115528,103,1,1,128,1,1,16,0.000,0.000,,,,,NVIDIA A100-SXM4-40GB MIG 4g.20gb (0),1,,13,cupy_copy__complex64_complex64
4633268950,16640,115538,1434,1,1,128,1,1,16,0.000,0.000,,,,,NVIDIA A100-SXM4-40GB MIG 4g.20gb (0),1,,13,cupy_copy__complex64_complex64
4633326806,257821,115543,1,1,1,32,32,1,30,0.000,0.000,,,,,NVIDIA A100-SXM4-40GB MIG 4g.20gb (0),1,,13,"void convert_kernel<__half2, float2>(tensor_layout_any, T1 *, tensor_layout_any, const T2 *)"
4633613714,5632,115546,,,,,,,,,,0.094,16636.287,Pinned,Device,NVIDIA A100-SXM4-40GB MIG 4g.20gb (0),1,,13,[CUDA memcpy Host-to-Device]
4633662194,635864,115547,,,,,,,,,,456.561,717714.584,Device,,NVIDIA A100-SXM4-40GB MIG 4g.20gb (0),1,,13,[CUDA memset]
4634302954,53376,115552,,,,,,,,,,1.235,23136.676,Pinned,Device,NVIDIA A100-SXM4-40GB MIG 4g.20gb (0),1,,13,[CUDA memcpy Host-to-Device]
4634358858,10688,115553,,,,,,,,,,0.197,18395.038,Pinned,Device,NVIDIA A100-SXM4-40GB MIG 4g.20gb (0),1,,13,[CUDA memcpy Host-to-Device]
4634391433,21024,115554,69,4,1,48,1,1,76,0.002,0.000,,,,,NVIDIA A100-SXM4-40GB MIG 4g.20gb (0),1,,13,"void ch_est::windowedChEstPreNoDftSOfdmKernel<float, __half, float, (unsigned int)2, (unsigned int)1, (unsigned short)4>(ch_est::puschRxChEstStatDescr_t *, ch_est::puschRxChEstDynDescr_t *)"
4634440649,24576,115555,137,2,1,24,2,1,44,0.001,0.001,,,,,NVIDIA A100-SXM4-40GB MIG 4g.20gb (0),1,,13,"void ch_est::chEstFilterNoDftSOfdmDispatchKernel<float, __half, float, (unsigned int)2>(ch_est::puschRxChEstStatDescr_t *, ch_est::puschRxChEstDynDescr_t *)"
4634473192,19648,115556,137,2,1,24,2,1,44,0.001,0.001,,,,,NVIDIA A100-SXM4-40GB MIG 4g.20gb (0),1,,13,"void ch_est::chEstFilterNoDftSOfdmDispatchKernel<float, __half, float, (unsigned int)2>(ch_est::puschRxChEstStatDescr_t *, ch_est::puschRxChEstDynDescr_t *)"
4634518888,5664,115567,103,1,1,128,1,1,16,0.000,0.000,,,,,NVIDIA A100-SXM4-40GB MIG 4g.20gb (0),1,,13,cupy_copy__complex64_complex64
4634546120,14655,115577,1434,1,1,128,1,1,16,0.000,0.000,,,,,NVIDIA A100-SXM4-40GB MIG 4g.20gb (0),1,,13,cupy_copy__complex64_complex64
4634593895,6016,115584,103,1,1,128,1,1,16,0.000,0.000,,,,,NVIDIA A100-SXM4-40GB MIG 4g.20gb (0),1,,13,cupy_copy__complex64_complex64
4634626343,256061,115591,1,1,1,32,32,1,30,0.000,0.000,,,,,NVIDIA A100-SXM4-40GB MIG 4g.20gb (0),1,,13,"void convert_kernel<__half2, float2>(tensor_layout_any, T1 *, tensor_layout_any, const T2 *)"
4634911651,5376,115594,,,,,,,,,,0.094,17428.487,Pinned,Device,NVIDIA A100-SXM4-40GB MIG 4g.20gb (0),1,,13,[CUDA memcpy Host-to-Device]
4634959363,59967,115595,,,,,,,,,,35.810,597130.416,Device,,NVIDIA A100-SXM4-40GB MIG 4g.20gb (0),1,,13,[CUDA memset]
4635022370,4448,115597,,,,,,,,,,0.000,17.986,Pinned,Device,NVIDIA A100-SXM4-40GB MIG 4g.20gb (0),1,,13,[CUDA memcpy Host-to-Device]
4635030114,9600,115598,,,,,,,,,,0.197,20479.869,Pinned,Device,NVIDIA A100-SXM4-40GB MIG 4g.20gb (0),1,,13,[CUDA memcpy Host-to-Device]
4635083521,29568,115599,273,1,1,48,1,1,40,0.000,0.001,,,,,NVIDIA A100-SXM4-40GB MIG 4g.20gb (0),1,,13,"void pusch_noise_intf_est::noiseIntfEstNoDftSOfdmKernel<float, __half, float, float, (unsigned int)2, (unsigned int)1, (unsigned char)4, (unsigned char)4>(pusch_noise_intf_est::puschRxNoiseIntfEstDynDescr)"
4635116225,9120,115610,35,1,1,128,1,1,16,0.000,0.000,,,,,NVIDIA A100-SXM4-40GB MIG 4g.20gb (0),1,,13,cupy_copy__complex64_complex64
4635157249,3392,115619,1,1,1,1,1,1,18,0.000,0.000,,,,,NVIDIA A100-SXM4-40GB MIG 4g.20gb (0),1,,13,cupy_copy__float32_float32
4635161857,1600,115625,,,,,,,,,,0.000,2.500,Device,Pageable,NVIDIA A100-SXM4-40GB MIG 4g.20gb (0),1,,7,[CUDA memcpy Device-to-Host]
4635244032,14623,115636,1434,1,1,128,1,1,16,0.000,0.000,,,,,NVIDIA A100-SXM4-40GB MIG 4g.20gb (0),1,,13,cupy_copy__complex64_complex64
4635275615,5344,115643,103,1,1,128,1,1,16,0.000,0.000,,,,,NVIDIA A100-SXM4-40GB MIG 4g.20gb (0),1,,13,cupy_copy__complex64_complex64
4635319615,12000,115650,35,1,1,128,1,1,16,0.000,0.000,,,,,NVIDIA A100-SXM4-40GB MIG 4g.20gb (0),1,,13,cupy_copy__complex64_complex64
4635350878,3008,115657,1,1,1,1,1,1,18,0.000,0.000,,,,,NVIDIA A100-SXM4-40GB MIG 4g.20gb (0),1,,13,cupy_copy__float32_float32
4635456765,215038,115668,1,1,1,32,32,1,30,0.000,0.000,,,,,NVIDIA A100-SXM4-40GB MIG 4g.20gb (0),1,,13,"void convert_kernel<__half2, float2>(tensor_layout_any, T1 *, tensor_layout_any, const T2 *)"
4635702106,5920,115671,,,,,,,,,,0.094,15826.941,Pinned,Device,NVIDIA A100-SXM4-40GB MIG 4g.20gb (0),1,,13,[CUDA memcpy Host-to-Device]
4635723770,9056,115672,,,,,,,,,,1.547,170784.409,Device,,NVIDIA A100-SXM4-40GB MIG 4g.20gb (0),1,,13,[CUDA memset]
4635736954,3008,115677,,,,,,,,,,0.031,10404.230,Pinned,Device,NVIDIA A100-SXM4-40GB MIG 4g.20gb (0),1,,13,[CUDA memcpy Host-to-Device]
4635742394,9376,115678,,,,,,,,,,0.197,20969.226,Pinned,Device,NVIDIA A100-SXM4-40GB MIG 4g.20gb (0),1,,13,[CUDA memcpy Host-to-Device]
4635777849,34656,115679,273,1,1,8,4,1,39,0.002,0.000,,,,,NVIDIA A100-SXM4-40GB MIG 4g.20gb (0),1,,13,"void channel_eq::eqMmseCoefCompLowMimoKernel<float, float, float, (unsigned int)4, (unsigned int)1, (unsigned int)4>(const channel_eq::_puschRxChEqStatDescr *, channel_eq::_puschRxChEqCoefCompDynDescr)"
4635824025,23808,115680,273,1,1,12,11,1,51,0.002,0.000,,,,,NVIDIA A100-SXM4-40GB MIG 4g.20gb (0),1,,13,"void channel_eq::eqMmseSoftDemapKernel<float, __half, __half, float, (unsigned int)4, (unsigned short)16383>(channel_eq::_puschRxChEqStatDescr *, channel_eq::_puschRxChEqSoftDemapDynDescr)"
4635873880,593241,115681,1,1,1,32,32,1,30,0.000,0.000,,,,,NVIDIA A100-SXM4-40GB MIG 4g.20gb (0),1,,13,"void convert_kernel<float2, __half2>(tensor_layout_any, T1 *, tensor_layout_any, const T2 *)"
4636490705,16256,115693,2253,1,1,128,1,1,16,0.000,0.000,,,,,NVIDIA A100-SXM4-40GB MIG 4g.20gb (0),1,,13,cupy_copy__float16_float16
4636525841,6272,115702,282,1,1,128,1,1,16,0.000,0.000,,,,,NVIDIA A100-SXM4-40GB MIG 4g.20gb (0),1,,13,cupy_copy__complex64_complex64
4636563824,6816,115711,26,1,1,128,1,1,16,0.000,0.000,,,,,NVIDIA A100-SXM4-40GB MIG 4g.20gb (0),1,,13,cupy_copy__float32_float32
4636584944,8384,115720,103,1,1,128,1,1,16,0.000,0.000,,,,,NVIDIA A100-SXM4-40GB MIG 4g.20gb (0),1,,13,cupy_copy__complex64_complex64
4636638639,15840,115730,1434,1,1,128,1,1,16,0.000,0.000,,,,,NVIDIA A100-SXM4-40GB MIG 4g.20gb (0),1,,13,cupy_copy__complex64_complex64
4636674031,249149,115735,1,1,1,32,32,1,30,0.000,0.000,,,,,NVIDIA A100-SXM4-40GB MIG 4g.20gb (0),1,,13,"void convert_kernel<__half2, float2>(tensor_layout_any, T1 *, tensor_layout_any, const T2 *)"
4636954540,5344,115738,,,,,,,,,,0.094,17532.864,Pinned,Device,NVIDIA A100-SXM4-40GB MIG 4g.20gb (0),1,,13,[CUDA memcpy Host-to-Device]
4637007595,637305,115739,,,,,,,,,,456.561,716344.899,Device,,NVIDIA A100-SXM4-40GB MIG 4g.20gb (0),1,,13,[CUDA memset]
4637647748,51967,115744,,,,,,,,,,1.235,23762.792,Pinned,Device,NVIDIA A100-SXM4-40GB MIG 4g.20gb (0),1,,13,[CUDA memcpy Host-to-Device]
4637702147,9920,115745,,,,,,,,,,0.197,19819.266,Pinned,Device,NVIDIA A100-SXM4-40GB MIG 4g.20gb (0),1,,13,[CUDA memcpy Host-to-Device]
4637743299,19904,115746,69,4,1,48,1,1,76,0.002,0.000,,,,,NVIDIA A100-SXM4-40GB MIG 4g.20gb (0),1,,13,"void ch_est::windowedChEstPreNoDftSOfdmKernel<float, __half, float, (unsigned int)2, (unsigned int)1, (unsigned short)4>(ch_est::puschRxChEstStatDescr_t *, ch_est::puschRxChEstDynDescr_t *)"
4637782274,14688,115747,137,2,1,24,2,1,44,0.001,0.001,,,,,NVIDIA A100-SXM4-40GB MIG 4g.20gb (0),1,,13,"void ch_est::chEstFilterNoDftSOfdmDispatchKernel<float, __half, float, (unsigned int)2>(ch_est::puschRxChEstStatDescr_t *, ch_est::puschRxChEstDynDescr_t *)"
4637821346,26240,115748,137,2,1,24,2,1,44,0.001,0.001,,,,,NVIDIA A100-SXM4-40GB MIG 4g.20gb (0),1,,13,"void ch_est::chEstFilterNoDftSOfdmDispatchKernel<float, __half, float, (unsigned int)2>(ch_est::puschRxChEstStatDescr_t *, ch_est::puschRxChEstDynDescr_t *)"
4637854209,5120,115759,103,1,1,128,1,1,16,0.000,0.000,,,,,NVIDIA A100-SXM4-40GB MIG 4g.20gb (0),1,,13,cupy_copy__complex64_complex64
4637898913,14944,115769,1434,1,1,128,1,1,16,0.000,0.000,,,,,NVIDIA A100-SXM4-40GB MIG 4g.20gb (0),1,,13,cupy_copy__complex64_complex64
4637931617,4896,115776,103,1,1,128,1,1,16,0.000,0.000,,,,,NVIDIA A100-SXM4-40GB MIG 4g.20gb (0),1,,13,cupy_copy__complex64_complex64
4637981472,255709,115783,1,1,1,32,32,1,30,0.000,0.000,,,,,NVIDIA A100-SXM4-40GB MIG 4g.20gb (0),1,,13,"void convert_kernel<__half2, float2>(tensor_layout_any, T1 *, tensor_layout_any, const T2 *)"
4638267741,5440,115786,,,,,,,,,,0.094,17223.480,Pinned,Device,NVIDIA A100-SXM4-40GB MIG 4g.20gb (0),1,,13,[CUDA memcpy Host-to-Device]
4638288572,60352,115787,,,,,,,,,,35.810,593334.564,Device,,NVIDIA A100-SXM4-40GB MIG 4g.20gb (0),1,,13,[CUDA memset]
4638354588,2080,115789,,,,,,,,,,0.000,38.462,Pinned,Device,NVIDIA A100-SXM4-40GB MIG 4g.20gb (0),1,,13,[CUDA memcpy Host-to-Device]
4638359132,9440,115790,,,,,,,,,,0.197,20827.079,Pinned,Device,NVIDIA A100-SXM4-40GB MIG 4g.20gb (0),1,,13,[CUDA memcpy Host-to-Device]
4638402747,25120,115791,273,1,1,48,1,1,40,0.000,0.001,,,,,NVIDIA A100-SXM4-40GB MIG 4g.20gb (0),1,,13,"void pusch_noise_intf_est::noiseIntfEstNoDftSOfdmKernel<float, __half, float, float, (unsigned int)2, (unsigned int)1, (unsigned char)4, (unsigned char)4>(pusch_noise_intf_est::puschRxNoiseIntfEstDynDescr)"
4638446971,8832,115802,35,1,1,128,1,1,16,0.000,0.000,,,,,NVIDIA A100-SXM4-40GB MIG 4g.20gb (0),1,,13,cupy_copy__complex64_complex64
4638468122,2688,115811,1,1,1,1,1,1,18,0.000,0.000,,,,,NVIDIA A100-SXM4-40GB MIG 4g.20gb (0),1,,13,cupy_copy__float32_float32
4638477754,1600,115817,,,,,,,,,,0.000,2.500,Device,Pageable,NVIDIA A100-SXM4-40GB MIG 4g.20gb (0),1,,7,[CUDA memcpy Device-to-Host]
4638547321,15040,115828,1434,1,1,128,1,1,16,0.000,0.000,,,,,NVIDIA A100-SXM4-40GB MIG 4g.20gb (0),1,,13,cupy_copy__complex64_complex64
4638597337,5728,115835,103,1,1,128,1,1,16,0.000,0.000,,,,,NVIDIA A100-SXM4-40GB MIG 4g.20gb (0),1,,13,cupy_copy__complex64_complex64
4638626521,6559,115842,35,1,1,128,1,1,16,0.000,0.000,,,,,NVIDIA A100-SXM4-40GB MIG 4g.20gb (0),1,,13,cupy_copy__complex64_complex64
4638681688,4256,115849,1,1,1,1,1,1,18,0.000,0.000,,,,,NVIDIA A100-SXM4-40GB MIG 4g.20gb (0),1,,13,cupy_copy__float32_float32
4638788151,238365,115860,1,1,1,32,32,1,30,0.000,0.000,,,,,NVIDIA A100-SXM4-40GB MIG 4g.20gb (0),1,,13,"void convert_kernel<__half2, float2>(tensor_layout_any, T1 *, tensor_layout_any, const T2 *)"
4639056820,5376,115863,,,,,,,,,,0.094,17428.487,Pinned,Device,NVIDIA A100-SXM4-40GB MIG 4g.20gb (0),1,,13,[CUDA memcpy Host-to-Device]
4639118515,9952,115864,,,,,,,,,,1.547,155407.873,Device,,NVIDIA A100-SXM4-40GB MIG 4g.20gb (0),1,,13,[CUDA memset]
4639134131,3328,115869,,,,,,,,,,0.031,9403.822,Pinned,Device,NVIDIA A100-SXM4-40GB MIG 4g.20gb (0),1,,13,[CUDA memcpy Host-to-Device]
4639139891,9888,115870,,,,,,,,,,0.197,19883.360,Pinned,Device,NVIDIA A100-SXM4-40GB MIG 4g.20gb (0),1,,13,[CUDA memcpy Host-to-Device]
4639173266,36704,115871,273,1,1,8,4,1,39,0.002,0.000,,,,,NVIDIA A100-SXM4-40GB MIG 4g.20gb (0),1,,13,"void channel_eq::eqMmseCoefCompLowMimoKernel<float, float, float, (unsigned int)4, (unsigned int)1, (unsigned int)4>(const channel_eq::_puschRxChEqStatDescr *, channel_eq::_puschRxChEqCoefCompDynDescr)"
4639219634,24799,115872,273,1,1,12,11,1,51,0.002,0.000,,,,,NVIDIA A100-SXM4-40GB MIG 4g.20gb (0),1,,13,"void channel_eq::eqMmseSoftDemapKernel<float, __half, __half, float, (unsigned int)4, (unsigned short)16383>(channel_eq::_puschRxChEqStatDescr *, channel_eq::_puschRxChEqSoftDemapDynDescr)"
4639272753,582809,115873,1,1,1,32,32,1,30,0.000,0.000,,,,,NVIDIA A100-SXM4-40GB MIG 4g.20gb (0),1,,13,"void convert_kernel<float2, __half2>(tensor_layout_any, T1 *, tensor_layout_any, const T2 *)"
4639888426,15904,115885,2253,1,1,128,1,1,16,0.000,0.000,,,,,NVIDIA A100-SXM4-40GB MIG 4g.20gb (0),1,,13,cupy_copy__float16_float16
4639925962,6079,115894,282,1,1,128,1,1,16,0.000,0.000,,,,,NVIDIA A100-SXM4-40GB MIG 4g.20gb (0),1,,13,cupy_copy__complex64_complex64
4639961609,6112,115903,26,1,1,128,1,1,16,0.000,0.000,,,,,NVIDIA A100-SXM4-40GB MIG 4g.20gb (0),1,,13,cupy_copy__float32_float32
4639983721,9120,115912,103,1,1,128,1,1,16,0.000,0.000,,,,,NVIDIA A100-SXM4-40GB MIG 4g.20gb (0),1,,13,cupy_copy__complex64_complex64
4640028552,15904,115922,1434,1,1,128,1,1,16,0.000,0.000,,,,,NVIDIA A100-SXM4-40GB MIG 4g.20gb (0),1,,13,cupy_copy__complex64_complex64
4640064424,259837,115927,1,1,1,32,32,1,30,0.000,0.000,,,,,NVIDIA A100-SXM4-40GB MIG 4g.20gb (0),1,,13,"void convert_kernel<__half2, float2>(tensor_layout_any, T1 *, tensor_layout_any, const T2 *)"
4640358853,5375,115930,,,,,,,,,,0.094,17431.766,Pinned,Device,NVIDIA A100-SXM4-40GB MIG 4g.20gb (0),1,,13,[CUDA memcpy Host-to-Device]
4640402724,631929,115931,,,,,,,,,,456.561,722280.198,Device,,NVIDIA A100-SXM4-40GB MIG 4g.20gb (0),1,,13,[CUDA memset]
4641042813,51263,115936,,,,,,,,,,1.235,24090.053,Pinned,Device,NVIDIA A100-SXM4-40GB MIG 4g.20gb (0),1,,13,[CUDA memcpy Host-to-Device]
4641096860,11456,115937,,,,,,,,,,0.197,17161.912,Pinned,Device,NVIDIA A100-SXM4-40GB MIG 4g.20gb (0),1,,13,[CUDA memcpy Host-to-Device]
4641133212,22879,115938,69,4,1,48,1,1,76,0.002,0.000,,,,,NVIDIA A100-SXM4-40GB MIG 4g.20gb (0),1,,13,"void ch_est::windowedChEstPreNoDftSOfdmKernel<float, __half, float, (unsigned int)2, (unsigned int)1, (unsigned short)4>(ch_est::puschRxChEstStatDescr_t *, ch_est::puschRxChEstDynDescr_t *)"
4641167963,18336,115939,137,2,1,24,2,1,44,0.001,0.001,,,,,NVIDIA A100-SXM4-40GB MIG 4g.20gb (0),1,,13,"void ch_est::chEstFilterNoDftSOfdmDispatchKernel<float, __half, float, (unsigned int)2>(ch_est::puschRxChEstStatDescr_t *, ch_est::puschRxChEstDynDescr_t *)"
4641211419,27519,115940,137,2,1,24,2,1,44,0.001,0.001,,,,,NVIDIA A100-SXM4-40GB MIG 4g.20gb (0),1,,13,"void ch_est::chEstFilterNoDftSOfdmDispatchKernel<float, __half, float, (unsigned int)2>(ch_est::puschRxChEstStatDescr_t *, ch_est::puschRxChEstDynDescr_t *)"
4641243866,4992,115951,103,1,1,128,1,1,16,0.000,0.000,,,,,NVIDIA A100-SXM4-40GB MIG 4g.20gb (0),1,,13,cupy_copy__complex64_complex64
4641289338,16640,115961,1434,1,1,128,1,1,16,0.000,0.000,,,,,NVIDIA A100-SXM4-40GB MIG 4g.20gb (0),1,,13,cupy_copy__complex64_complex64
4641327769,5312,115968,103,1,1,128,1,1,16,0.000,0.000,,,,,NVIDIA A100-SXM4-40GB MIG 4g.20gb (0),1,,13,cupy_copy__complex64_complex64
4641375961,264413,115975,1,1,1,32,32,1,30,0.000,0.000,,,,,NVIDIA A100-SXM4-40GB MIG 4g.20gb (0),1,,13,"void convert_kernel<__half2, float2>(tensor_layout_any, T1 *, tensor_layout_any, const T2 *)"
4641671317,8448,115978,,,,,,,,,,0.094,11090.889,Pinned,Device,NVIDIA A100-SXM4-40GB MIG 4g.20gb (0),1,,13,[CUDA memcpy Host-to-Device]
4641728117,59967,115979,,,,,,,,,,35.810,597130.416,Device,,NVIDIA A100-SXM4-40GB MIG 4g.20gb (0),1,,13,[CUDA memset]
4641792244,2912,115981,,,,,,,,,,0.000,27.472,Pinned,Device,NVIDIA A100-SXM4-40GB MIG 4g.20gb (0),1,,13,[CUDA memcpy Host-to-Device]
4641797684,9888,115982,,,,,,,,,,0.197,19883.360,Pinned,Device,NVIDIA A100-SXM4-40GB MIG 4g.20gb (0),1,,13,[CUDA memcpy Host-to-Device]
4641842643,30752,115983,273,1,1,48,1,1,40,0.000,0.001,,,,,NVIDIA A100-SXM4-40GB MIG 4g.20gb (0),1,,13,"void pusch_noise_intf_est::noiseIntfEstNoDftSOfdmKernel<float, __half, float, float, (unsigned int)2, (unsigned int)1, (unsigned char)4, (unsigned char)4>(pusch_noise_intf_est::puschRxNoiseIntfEstDynDescr)"
4641875283,7648,115994,35,1,1,128,1,1,16,0.000,0.000,,,,,NVIDIA A100-SXM4-40GB MIG 4g.20gb (0),1,,13,cupy_copy__complex64_complex64
4641914387,4224,116003,1,1,1,1,1,1,18,0.000,0.000,,,,,NVIDIA A100-SXM4-40GB MIG 4g.20gb (0),1,,13,cupy_copy__float32_float32
4641926578,1888,116009,,,,,,,,,,0.000,2.119,Device,Pageable,NVIDIA A100-SXM4-40GB MIG 4g.20gb (0),1,,7,[CUDA memcpy Device-to-Host]
4641990834,16000,116020,1434,1,1,128,1,1,16,0.000,0.000,,,,,NVIDIA A100-SXM4-40GB MIG 4g.20gb (0),1,,13,cupy_copy__complex64_complex64
4642024081,5216,116027,103,1,1,128,1,1,16,0.000,0.000,,,,,NVIDIA A100-SXM4-40GB MIG 4g.20gb (0),1,,13,cupy_copy__complex64_complex64
4642068145,11808,116034,35,1,1,128,1,1,16,0.000,0.000,,,,,NVIDIA A100-SXM4-40GB MIG 4g.20gb (0),1,,13,cupy_copy__complex64_complex64
4642100784,3360,116041,1,1,1,1,1,1,18,0.000,0.000,,,,,NVIDIA A100-SXM4-40GB MIG 4g.20gb (0),1,,13,cupy_copy__float32_float32
4642194767,242014,116052,1,1,1,32,32,1,30,0.000,0.000,,,,,NVIDIA A100-SXM4-40GB MIG 4g.20gb (0),1,,13,"void convert_kernel<__half2, float2>(tensor_layout_any, T1 *, tensor_layout_any, const T2 *)"
4642466284,5376,116055,,,,,,,,,,0.094,17428.487,Pinned,Device,NVIDIA A100-SXM4-40GB MIG 4g.20gb (0),1,,13,[CUDA memcpy Host-to-Device]
4642517324,10624,116056,,,,,,,,,,1.547,145577.531,Device,,NVIDIA A100-SXM4-40GB MIG 4g.20gb (0),1,,13,[CUDA memset]
4642528876,3615,116061,,,,,,,,,,0.031,8657.256,Pinned,Device,NVIDIA A100-SXM4-40GB MIG 4g.20gb (0),1,,13,[CUDA memcpy Host-to-Device]
4642534923,10016,116062,,,,,,,,,,0.197,19629.343,Pinned,Device,NVIDIA A100-SXM4-40GB MIG 4g.20gb (0),1,,13,[CUDA memcpy Host-to-Device]
4642573931,32672,116063,273,1,1,8,4,1,39,0.002,0.000,,,,,NVIDIA A100-SXM4-40GB MIG 4g.20gb (0),1,,13,"void channel_eq::eqMmseCoefCompLowMimoKernel<float, float, float, (unsigned int)4, (unsigned int)1, (unsigned int)4>(const channel_eq::_puschRxChEqStatDescr *, channel_eq::_puschRxChEqCoefCompDynDescr)"
4642618314,26272,116064,273,1,1,12,11,1,51,0.002,0.000,,,,,NVIDIA A100-SXM4-40GB MIG 4g.20gb (0),1,,13,"void channel_eq::eqMmseSoftDemapKernel<float, __half, __half, float, (unsigned int)4, (unsigned short)16383>(channel_eq::_puschRxChEqStatDescr *, channel_eq::_puschRxChEqSoftDemapDynDescr)"
4642670698,566841,116065,1,1,1,32,32,1,30,0.000,0.000,,,,,NVIDIA A100-SXM4-40GB MIG 4g.20gb (0),1,,13,"void convert_kernel<float2, __half2>(tensor_layout_any, T1 *, tensor_layout_any, const T2 *)"
4643254755,15008,116077,2253,1,1,128,1,1,16,0.000,0.000,,,,,NVIDIA A100-SXM4-40GB MIG 4g.20gb (0),1,,13,cupy_copy__float16_float16
4643301219,8192,116086,282,1,1,128,1,1,16,0.000,0.000,,,,,NVIDIA A100-SXM4-40GB MIG 4g.20gb (0),1,,13,cupy_copy__complex64_complex64
4643322818,4736,116095,26,1,1,128,1,1,16,0.000,0.000,,,,,NVIDIA A100-SXM4-40GB MIG 4g.20gb (0),1,,13,cupy_copy__float32_float32
4643360258,9632,116104,103,1,1,128,1,1,16,0.000,0.000,,,,,NVIDIA A100-SXM4-40GB MIG 4g.20gb (0),1,,13,cupy_copy__complex64_complex64
4643415617,16032,116114,1434,1,1,128,1,1,16,0.000,0.000,,,,,NVIDIA A100-SXM4-40GB MIG 4g.20gb (0),1,,13,cupy_copy__complex64_complex64
4643470817,255517,116119,1,1,1,32,32,1,30,0.000,0.000,,,,,NVIDIA A100-SXM4-40GB MIG 4g.20gb (0),1,,13,"void convert_kernel<__half2, float2>(tensor_layout_any, T1 *, tensor_layout_any, const T2 *)"
4643755741,5312,116122,,,,,,,,,,0.094,17638.553,Pinned,Device,NVIDIA A100-SXM4-40GB MIG 4g.20gb (0),1,,13,[CUDA memcpy Host-to-Device]
4643800477,632441,116123,,,,,,,,,,456.561,721823.637,Device,,NVIDIA A100-SXM4-40GB MIG 4g.20gb (0),1,,13,[CUDA memset]
4644441301,51616,116128,,,,,,,,,,1.235,23924.570,Pinned,Device,NVIDIA A100-SXM4-40GB MIG 4g.20gb (0),1,,13,[CUDA memcpy Host-to-Device]
4644495413,9568,116129,,,,,,,,,,0.197,20548.485,Pinned,Device,NVIDIA A100-SXM4-40GB MIG 4g.20gb (0),1,,13,[CUDA memcpy Host-to-Device]
4644525812,18464,116130,69,4,1,48,1,1,76,0.002,0.000,,,,,NVIDIA A100-SXM4-40GB MIG 4g.20gb (0),1,,13,"void ch_est::windowedChEstPreNoDftSOfdmKernel<float, __half, float, (unsigned int)2, (unsigned int)1, (unsigned short)4>(ch_est::puschRxChEstStatDescr_t *, ch_est::puschRxChEstDynDescr_t *)"
4644572436,24448,116131,137,2,1,24,2,1,44,0.001,0.001,,,,,NVIDIA A100-SXM4-40GB MIG 4g.20gb (0),1,,13,"void ch_est::chEstFilterNoDftSOfdmDispatchKernel<float, __half, float, (unsigned int)2>(ch_est::puschRxChEstStatDescr_t *, ch_est::puschRxChEstDynDescr_t *)"
4644605172,24895,116132,137,2,1,24,2,1,44,0.001,0.001,,,,,NVIDIA A100-SXM4-40GB MIG 4g.20gb (0),1,,13,"void ch_est::chEstFilterNoDftSOfdmDispatchKernel<float, __half, float, (unsigned int)2>(ch_est::puschRxChEstStatDescr_t *, ch_est::puschRxChEstDynDescr_t *)"
4644651923,6272,116143,103,1,1,128,1,1,16,0.000,0.000,,,,,NVIDIA A100-SXM4-40GB MIG 4g.20gb (0),1,,13,cupy_copy__complex64_complex64
4644678803,14944,116153,1434,1,1,128,1,1,16,0.000,0.000,,,,,NVIDIA A100-SXM4-40GB MIG 4g.20gb (0),1,,13,cupy_copy__complex64_complex64
4644726418,6432,116160,103,1,1,128,1,1,16,0.000,0.000,,,,,NVIDIA A100-SXM4-40GB MIG 4g.20gb (0),1,,13,cupy_copy__complex64_complex64
4644756434,259613,116167,1,1,1,32,32,1,30,0.000,0.000,,,,,NVIDIA A100-SXM4-40GB MIG 4g.20gb (0),1,,13,"void convert_kernel<__half2, float2>(tensor_layout_any, T1 *, tensor_layout_any, const T2 *)"
4645052110,5376,116170,,,,,,,,,,0.094,17428.487,Pinned,Device,NVIDIA A100-SXM4-40GB MIG 4g.20gb (0),1,,13,[CUDA memcpy Host-to-Device]
4645088846,61087,116171,,,,,,,,,,35.810,586208.390,Device,,NVIDIA A100-SXM4-40GB MIG 4g.20gb (0),1,,13,[CUDA memset]
4645157229,1856,116173,,,,,,,,,,0.000,43.103,Pinned,Device,NVIDIA A100-SXM4-40GB MIG 4g.20gb (0),1,,13,[CUDA memcpy Host-to-Device]
4645161517,10816,116174,,,,,,,,,,0.197,18177.393,Pinned,Device,NVIDIA A100-SXM4-40GB MIG 4g.20gb (0),1,,13,[CUDA memcpy Host-to-Device]
4645211917,27679,116175,273,1,1,48,1,1,40,0.000,0.001,,,,,NVIDIA A100-SXM4-40GB MIG 4g.20gb (0),1,,13,"void pusch_noise_intf_est::noiseIntfEstNoDftSOfdmKernel<float, __half, float, float, (unsigned int)2, (unsigned int)1, (unsigned char)4, (unsigned char)4>(pusch_noise_intf_est::puschRxNoiseIntfEstDynDescr)"
4645275500,9792,116186,35,1,1,128,1,1,16,0.000,0.000,,,,,NVIDIA A100-SXM4-40GB MIG 4g.20gb (0),1,,13,cupy_copy__complex64_complex64
4645302220,3519,116195,1,1,1,1,1,1,18,0.000,0.000,,,,,NVIDIA A100-SXM4-40GB MIG 4g.20gb (0),1,,13,cupy_copy__float32_float32
4645307787,1920,116201,,,,,,,,,,0.000,2.083,Device,Pageable,NVIDIA A100-SXM4-40GB MIG 4g.20gb (0),1,,7,[CUDA memcpy Device-to-Host]
4645397066,16320,116212,1434,1,1,128,1,1,16,0.000,0.000,,,,,NVIDIA A100-SXM4-40GB MIG 4g.20gb (0),1,,13,cupy_copy__complex64_complex64
4645453290,5440,116219,103,1,1,128,1,1,16,0.000,0.000,,,,,NVIDIA A100-SXM4-40GB MIG 4g.20gb (0),1,,13,cupy_copy__complex64_complex64
4645481609,6624,116226,35,1,1,128,1,1,16,0.000,0.000,,,,,NVIDIA A100-SXM4-40GB MIG 4g.20gb (0),1,,13,cupy_copy__complex64_complex64
4645532169,4000,116233,1,1,1,1,1,1,18,0.000,0.000,,,,,NVIDIA A100-SXM4-40GB MIG 4g.20gb (0),1,,13,cupy_copy__float32_float32
4645578920,207934,116244,1,1,1,32,32,1,30,0.000,0.000,,,,,NVIDIA A100-SXM4-40GB MIG 4g.20gb (0),1,,13,"void convert_kernel<__half2, float2>(tensor_layout_any, T1 *, tensor_layout_any, const T2 *)"
4645817318,5375,116247,,,,,,,,,,0.094,17431.766,Pinned,Device,NVIDIA A100-SXM4-40GB MIG 4g.20gb (0),1,,13,[CUDA memcpy Host-to-Device]
4645866533,10656,116248,,,,,,,,,,1.547,145139.836,Device,,NVIDIA A100-SXM4-40GB MIG 4g.20gb (0),1,,13,[CUDA memset]
4645878341,3136,116253,,,,,,,,,,0.031,9979.575,Pinned,Device,NVIDIA A100-SXM4-40GB MIG 4g.20gb (0),1,,13,[CUDA memcpy Host-to-Device]
4645883877,10272,116254,,,,,,,,,,0.197,19140.182,Pinned,Device,NVIDIA A100-SXM4-40GB MIG 4g.20gb (0),1,,13,[CUDA memcpy Host-to-Device]
4645926020,33376,116255,273,1,1,8,4,1,39,0.002,0.000,,,,,NVIDIA A100-SXM4-40GB MIG 4g.20gb (0),1,,13,"void channel_eq::eqMmseCoefCompLowMimoKernel<float, float, float, (unsigned int)4, (unsigned int)1, (unsigned int)4>(const channel_eq::_puschRxChEqStatDescr *, channel_eq::_puschRxChEqCoefCompDynDescr)"
4645972964,24223,116256,273,1,1,12,11,1,51,0.002,0.000,,,,,NVIDIA A100-SXM4-40GB MIG 4g.20gb (0),1,,13,"void channel_eq::eqMmseSoftDemapKernel<float, __half, __half, float, (unsigned int)4, (unsigned short)16383>(channel_eq::_puschRxChEqStatDescr *, channel_eq::_puschRxChEqSoftDemapDynDescr)"
4646026947,584985,116257,1,1,1,32,32,1,30,0.000,0.000,,,,,NVIDIA A100-SXM4-40GB MIG 4g.20gb (0),1,,13,"void convert_kernel<float2, __half2>(tensor_layout_any, T1 *, tensor_layout_any, const T2 *)"
4646650428,15872,116269,2253,1,1,128,1,1,16,0.000,0.000,,,,,NVIDIA A100-SXM4-40GB MIG 4g.20gb (0),1,,13,cupy_copy__float16_float16
4646685756,5471,116278,282,1,1,128,1,1,16,0.000,0.000,,,,,NVIDIA A100-SXM4-40GB MIG 4g.20gb (0),1,,13,cupy_copy__complex64_complex64
4646719131,5728,116287,26,1,1,128,1,1,16,0.000,0.000,,,,,NVIDIA A100-SXM4-40GB MIG 4g.20gb (0),1,,13,cupy_copy__float32_float32
4646741339,9152,116296,103,1,1,128,1,1,16,0.000,0.000,,,,,NVIDIA A100-SXM4-40GB MIG 4g.20gb (0),1,,13,cupy_copy__complex64_complex64
4646812346,17440,116306,1434,1,1,128,1,1,16,0.000,0.000,,,,,NVIDIA A100-SXM4-40GB MIG 4g.20gb (0),1,,13,cupy_copy__complex64_complex64
4646848410,261213,116311,1,1,1,32,32,1,30,0.000,0.000,,,,,NVIDIA A100-SXM4-40GB MIG 4g.20gb (0),1,,13,"void convert_kernel<__half2, float2>(tensor_layout_any, T1 *, tensor_layout_any, const T2 *)"
4647139318,5696,116314,,,,,,,,,,0.094,16449.363,Pinned,Device,NVIDIA A100-SXM4-40GB MIG 4g.20gb (0),1,,13,[CUDA memcpy Host-to-Device]
4647182774,634936,116315,,,,,,,,,,456.561,718627.707,Device,,NVIDIA A100-SXM4-40GB MIG 4g.20gb (0),1,,13,[CUDA memset]
4647825774,51584,116320,,,,,,,,,,1.235,23939.389,Pinned,Device,NVIDIA A100-SXM4-40GB MIG 4g.20gb (0),1,,13,[CUDA memcpy Host-to-Device]
4647881134,10688,116321,,,,,,,,,,0.197,18395.038,Pinned,Device,NVIDIA A100-SXM4-40GB MIG 4g.20gb (0),1,,13,[CUDA memcpy Host-to-Device]
4647916429,22336,116322,69,4,1,48,1,1,76,0.002,0.000,,,,,NVIDIA A100-SXM4-40GB MIG 4g.20gb (0),1,,13,"void ch_est::windowedChEstPreNoDftSOfdmKernel<float, __half, float, (unsigned int)2, (unsigned int)1, (unsigned short)4>(ch_est::puschRxChEstStatDescr_t *, ch_est::puschRxChEstDynDescr_t *)"
4647950765,16800,116323,137,2,1,24,2,1,44,0.001,0.001,,,,,NVIDIA A100-SXM4-40GB MIG 4g.20gb (0),1,,13,"void ch_est::chEstFilterNoDftSOfdmDispatchKernel<float, __half, float, (unsigned int)2>(ch_est::puschRxChEstStatDescr_t *, ch_est::puschRxChEstDynDescr_t *)"
4647996652,24736,116324,137,2,1,24,2,1,44,0.001,0.001,,,,,NVIDIA A100-SXM4-40GB MIG 4g.20gb (0),1,,13,"void ch_est::chEstFilterNoDftSOfdmDispatchKernel<float, __half, float, (unsigned int)2>(ch_est::puschRxChEstStatDescr_t *, ch_est::puschRxChEstDynDescr_t *)"
4648028460,4896,116335,103,1,1,128,1,1,16,0.000,0.000,,,,,NVIDIA A100-SXM4-40GB MIG 4g.20gb (0),1,,13,cupy_copy__complex64_complex64
4648072044,15231,116345,1434,1,1,128,1,1,16,0.000,0.000,,,,,NVIDIA A100-SXM4-40GB MIG 4g.20gb (0),1,,13,cupy_copy__complex64_complex64
4648105131,6336,116352,103,1,1,128,1,1,16,0.000,0.000,,,,,NVIDIA A100-SXM4-40GB MIG 4g.20gb (0),1,,13,cupy_copy__complex64_complex64
4648157227,255229,116359,1,1,1,32,32,1,30,0.000,0.000,,,,,NVIDIA A100-SXM4-40GB MIG 4g.20gb (0),1,,13,"void convert_kernel<__half2, float2>(tensor_layout_any, T1 *, tensor_layout_any, const T2 *)"
4648442279,5376,116362,,,,,,,,,,0.094,17428.487,Pinned,Device,NVIDIA A100-SXM4-40GB MIG 4g.20gb (0),1,,13,[CUDA memcpy Host-to-Device]
4648465287,59871,116363,,,,,,,,,,35.810,598097.284,Device,,NVIDIA A100-SXM4-40GB MIG 4g.20gb (0),1,,13,[CUDA memset]
4648529510,1824,116365,,,,,,,,,,0.000,43.860,Pinned,Device,NVIDIA A100-SXM4-40GB MIG 4g.20gb (0),1,,13,[CUDA memcpy Host-to-Device]
4648533766,9344,116366,,,,,,,,,,0.197,21040.988,Pinned,Device,NVIDIA A100-SXM4-40GB MIG 4g.20gb (0),1,,13,[CUDA memcpy Host-to-Device]
4648579014,26527,116367,273,1,1,48,1,1,40,0.000,0.001,,,,,NVIDIA A100-SXM4-40GB MIG 4g.20gb (0),1,,13,"void pusch_noise_intf_est::noiseIntfEstNoDftSOfdmKernel<float, __half, float, float, (unsigned int)2, (unsigned int)1, (unsigned char)4, (unsigned char)4>(pusch_noise_intf_est::puschRxNoiseIntfEstDynDescr)"
4648622373,7872,116378,35,1,1,128,1,1,16,0.000,0.000,,,,,NVIDIA A100-SXM4-40GB MIG 4g.20gb (0),1,,13,cupy_copy__complex64_complex64
4648648165,3232,116387,1,1,1,1,1,1,18,0.000,0.000,,,,,NVIDIA A100-SXM4-40GB MIG 4g.20gb (0),1,,13,cupy_copy__float32_float32
4648652197,1632,116393,,,,,,,,,,0.000,2.451,Device,Pageable,NVIDIA A100-SXM4-40GB MIG 4g.20gb (0),1,,7,[CUDA memcpy Device-to-Host]
4648731108,15552,116404,1434,1,1,128,1,1,16,0.000,0.000,,,,,NVIDIA A100-SXM4-40GB MIG 4g.20gb (0),1,,13,cupy_copy__complex64_complex64
4648748036,3744,116411,103,1,1,128,1,1,16,0.000,0.000,,,,,NVIDIA A100-SXM4-40GB MIG 4g.20gb (0),1,,13,cupy_copy__complex64_complex64
4648788099,10144,116418,35,1,1,128,1,1,16,0.000,0.000,,,,,NVIDIA A100-SXM4-40GB MIG 4g.20gb (0),1,,13,cupy_copy__complex64_complex64
4648815971,3584,116425,1,1,1,1,1,1,18,0.000,0.000,,,,,NVIDIA A100-SXM4-40GB MIG 4g.20gb (0),1,,13,cupy_copy__float32_float32
4648976225,249085,116436,1,1,1,32,32,1,30,0.000,0.000,,,,,NVIDIA A100-SXM4-40GB MIG 4g.20gb (0),1,,13,"void convert_kernel<__half2, float2>(tensor_layout_any, T1 *, tensor_layout_any, const T2 *)"
4649254302,5408,116439,,,,,,,,,,0.094,17325.421,Pinned,Device,NVIDIA A100-SXM4-40GB MIG 4g.20gb (0),1,,13,[CUDA memcpy Host-to-Device]
4649279102,8992,116440,,,,,,,,,,1.547,171998.508,Device,,NVIDIA A100-SXM4-40GB MIG 4g.20gb (0),1,,13,[CUDA memset]
4649295165,3168,116445,,,,,,,,,,0.031,9878.770,Pinned,Device,NVIDIA A100-SXM4-40GB MIG 4g.20gb (0),1,,13,[CUDA memcpy Host-to-Device]
4649300765,9440,116446,,,,,,,,,,0.197,20827.079,Pinned,Device,NVIDIA A100-SXM4-40GB MIG 4g.20gb (0),1,,13,[CUDA memcpy Host-to-Device]
4649331229,37536,116447,273,1,1,8,4,1,39,0.002,0.000,,,,,NVIDIA A100-SXM4-40GB MIG 4g.20gb (0),1,,13,"void channel_eq::eqMmseCoefCompLowMimoKernel<float, float, float, (unsigned int)4, (unsigned int)1, (unsigned int)4>(const channel_eq::_puschRxChEqStatDescr *, channel_eq::_puschRxChEqCoefCompDynDescr)"
4649378556,24000,116448,273,1,1,12,11,1,51,0.002,0.000,,,,,NVIDIA A100-SXM4-40GB MIG 4g.20gb (0),1,,13,"void channel_eq::eqMmseSoftDemapKernel<float, __half, __half, float, (unsigned int)4, (unsigned short)16383>(channel_eq::_puschRxChEqStatDescr *, channel_eq::_puschRxChEqSoftDemapDynDescr)"
4649428924,568153,116449,1,1,1,32,32,1,30,0.000,0.000,,,,,NVIDIA A100-SXM4-40GB MIG 4g.20gb (0),1,,13,"void convert_kernel<float2, __half2>(tensor_layout_any, T1 *, tensor_layout_any, const T2 *)"
4650020661,14624,116461,2253,1,1,128,1,1,16,0.000,0.000,,,,,NVIDIA A100-SXM4-40GB MIG 4g.20gb (0),1,,13,cupy_copy__float16_float16
4650067317,9215,116470,282,1,1,128,1,1,16,0.000,0.000,,,,,NVIDIA A100-SXM4-40GB MIG 4g.20gb (0),1,,13,cupy_copy__complex64_complex64
4650088884,4192,116479,26,1,1,128,1,1,16,0.000,0.000,,,,,NVIDIA A100-SXM4-40GB MIG 4g.20gb (0),1,,13,cupy_copy__float32_float32
4650123668,13568,116488,103,1,1,128,1,1,16,0.000,0.000,,,,,NVIDIA A100-SXM4-40GB MIG 4g.20gb (0),1,,13,cupy_copy__complex64_complex64
4650180819,17024,116498,1434,1,1,128,1,1,16,0.000,0.000,,,,,NVIDIA A100-SXM4-40GB MIG 4g.20gb (0),1,,13,cupy_copy__complex64_complex64
4650235411,261693,116503,1,1,1,32,32,1,30,0.000,0.000,,,,,NVIDIA A100-SXM4-40GB MIG 4g.20gb (0),1,,13,"void convert_kernel<__half2, float2>(tensor_layout_any, T1 *, tensor_layout_any, const T2 *)"
4650526863,7712,116506,,,,,,,,,,0.094,12149.373,Pinned,Device,NVIDIA A100-SXM4-40GB MIG 4g.20gb (0),1,,13,[CUDA memcpy Host-to-Device]
4650574607,635800,116507,,,,,,,,,,456.561,717714.584,Device,,NVIDIA A100-SXM4-40GB MIG 4g.20gb (0),1,,13,[CUDA memset]
4651217543,56128,116512,,,,,,,,,,1.235,22001.762,Pinned,Device,NVIDIA A100-SXM4-40GB MIG 4g.20gb (0),1,,13,[CUDA memcpy Host-to-Device]
4651276103,10623,116513,,,,,,,,,,0.197,18507.694,Pinned,Device,NVIDIA A100-SXM4-40GB MIG 4g.20gb (0),1,,13,[CUDA memcpy Host-to-Device]
4651308934,17312,116514,69,4,1,48,1,1,76,0.002,0.000,,,,,NVIDIA A100-SXM4-40GB MIG 4g.20gb (0),1,,13,"void ch_est::windowedChEstPreNoDftSOfdmKernel<float, __half, float, (unsigned int)2, (unsigned int)1, (unsigned short)4>(ch_est::puschRxChEstStatDescr_t *, ch_est::puschRxChEstDynDescr_t *)"
4651351526,25247,116515,137,2,1,24,2,1,44,0.001,0.001,,,,,NVIDIA A100-SXM4-40GB MIG 4g.20gb (0),1,,13,"void ch_est::chEstFilterNoDftSOfdmDispatchKernel<float, __half, float, (unsigned int)2>(ch_est::puschRxChEstStatDescr_t *, ch_est::puschRxChEstDynDescr_t *)"
4651385125,20160,116516,137,2,1,24,2,1,44,0.001,0.001,,,,,NVIDIA A100-SXM4-40GB MIG 4g.20gb (0),1,,13,"void ch_est::chEstFilterNoDftSOfdmDispatchKernel<float, __half, float, (unsigned int)2>(ch_est::puschRxChEstStatDescr_t *, ch_est::puschRxChEstDynDescr_t *)"
4651430661,5952,116527,103,1,1,128,1,1,16,0.000,0.000,,,,,NVIDIA A100-SXM4-40GB MIG 4g.20gb (0),1,,13,cupy_copy__complex64_complex64
4651456836,15104,116537,1434,1,1,128,1,1,16,0.000,0.000,,,,,NVIDIA A100-SXM4-40GB MIG 4g.20gb (0),1,,13,cupy_copy__complex64_complex64
4651505188,8000,116544,103,1,1,128,1,1,16,0.000,0.000,,,,,NVIDIA A100-SXM4-40GB MIG 4g.20gb (0),1,,13,cupy_copy__complex64_complex64
4651537540,259005,116551,1,1,1,32,32,1,30,0.000,0.000,,,,,NVIDIA A100-SXM4-40GB MIG 4g.20gb (0),1,,13,"void convert_kernel<__half2, float2>(tensor_layout_any, T1 *, tensor_layout_any, const T2 *)"
4651826368,5408,116554,,,,,,,,,,0.094,17325.421,Pinned,Device,NVIDIA A100-SXM4-40GB MIG 4g.20gb (0),1,,13,[CUDA memcpy Host-to-Device]
4651867232,60447,116555,,,,,,,,,,35.810,592403.507,Device,,NVIDIA A100-SXM4-40GB MIG 4g.20gb (0),1,,13,[CUDA memset]
4651933983,1856,116557,,,,,,,,,,0.000,43.103,Pinned,Device,NVIDIA A100-SXM4-40GB MIG 4g.20gb (0),1,,13,[CUDA memcpy Host-to-Device]
4651940959,9600,116558,,,,,,,,,,0.197,20479.869,Pinned,Device,NVIDIA A100-SXM4-40GB MIG 4g.20gb (0),1,,13,[CUDA memcpy Host-to-Device]
4651984958,29408,116559,273,1,1,48,1,1,40,0.000,0.001,,,,,NVIDIA A100-SXM4-40GB MIG 4g.20gb (0),1,,13,"void pusch_noise_intf_est::noiseIntfEstNoDftSOfdmKernel<float, __half, float, float, (unsigned int)2, (unsigned int)1, (unsigned char)4, (unsigned char)4>(pusch_noise_intf_est::puschRxNoiseIntfEstDynDescr)"
4652016542,8320,116570,35,1,1,128,1,1,16,0.000,0.000,,,,,NVIDIA A100-SXM4-40GB MIG 4g.20gb (0),1,,13,cupy_copy__complex64_complex64
4652057694,2848,116579,1,1,1,1,1,1,18,0.000,0.000,,,,,NVIDIA A100-SXM4-40GB MIG 4g.20gb (0),1,,13,cupy_copy__float32_float32
4652066077,1600,116585,,,,,,,,,,0.000,2.500,Device,Pageable,NVIDIA A100-SXM4-40GB MIG 4g.20gb (0),1,,7,[CUDA memcpy Device-to-Host]
4652130973,15968,116596,1434,1,1,128,1,1,16,0.000,0.000,,,,,NVIDIA A100-SXM4-40GB MIG 4g.20gb (0),1,,13,cupy_copy__complex64_complex64
4652169276,5216,116603,103,1,1,128,1,1,16,0.000,0.000,,,,,NVIDIA A100-SXM4-40GB MIG 4g.20gb (0),1,,13,cupy_copy__complex64_complex64
4652212924,8576,116610,35,1,1,128,1,1,16,0.000,0.000,,,,,NVIDIA A100-SXM4-40GB MIG 4g.20gb (0),1,,13,cupy_copy__complex64_complex64
4652243227,3712,116617,1,1,1,1,1,1,18,0.000,0.000,,,,,NVIDIA A100-SXM4-40GB MIG 4g.20gb (0),1,,13,cupy_copy__float32_float32
4652348154,240093,116628,1,1,1,32,32,1,30,0.000,0.000,,,,,NVIDIA A100-SXM4-40GB MIG 4g.20gb (0),1,,13,"void convert_kernel<__half2, float2>(tensor_layout_any, T1 *, tensor_layout_any, const T2 *)"
4652617495,5376,116631,,,,,,,,,,0.094,17428.487,Pinned,Device,NVIDIA A100-SXM4-40GB MIG 4g.20gb (0),1,,13,[CUDA memcpy Host-to-Device]
4652647383,10368,116632,,,,,,,,,,1.547,149171.885,Device,,NVIDIA A100-SXM4-40GB MIG 4g.20gb (0),1,,13,[CUDA memset]
4652658935,3008,116637,,,,,,,,,,0.031,10404.230,Pinned,Device,NVIDIA A100-SXM4-40GB MIG 4g.20gb (0),1,,13,[CUDA memcpy Host-to-Device]
4652665751,9951,116638,,,,,,,,,,0.197,19757.531,Pinned,Device,NVIDIA A100-SXM4-40GB MIG 4g.20gb (0),1,,13,[CUDA memcpy Host-to-Device]
4652705558,36864,116639,273,1,1,8,4,1,39,0.002,0.000,,,,,NVIDIA A100-SXM4-40GB MIG 4g.20gb (0),1,,13,"void channel_eq::eqMmseCoefCompLowMimoKernel<float, float, float, (unsigned int)4, (unsigned int)1, (unsigned int)4>(const channel_eq::_puschRxChEqStatDescr *, channel_eq::_puschRxChEqCoefCompDynDescr)"
4652753878,26175,116640,273,1,1,12,11,1,51,0.002,0.000,,,,,NVIDIA A100-SXM4-40GB MIG 4g.20gb (0),1,,13,"void channel_eq::eqMmseSoftDemapKernel<float, __half, __half, float, (unsigned int)4, (unsigned short)16383>(channel_eq::_puschRxChEqStatDescr *, channel_eq::_puschRxChEqSoftDemapDynDescr)"
4652805077,595065,116641,1,1,1,32,32,1,30,0.000,0.000,,,,,NVIDIA A100-SXM4-40GB MIG 4g.20gb (0),1,,13,"void convert_kernel<float2, __half2>(tensor_layout_any, T1 *, tensor_layout_any, const T2 *)"
4653424142,15904,116653,2253,1,1,128,1,1,16,0.000,0.000,,,,,NVIDIA A100-SXM4-40GB MIG 4g.20gb (0),1,,13,cupy_copy__float16_float16
4653460365,5344,116662,282,1,1,128,1,1,16,0.000,0.000,,,,,NVIDIA A100-SXM4-40GB MIG 4g.20gb (0),1,,13,cupy_copy__complex64_complex64
4653495373,6624,116671,26,1,1,128,1,1,16,0.000,0.000,,,,,NVIDIA A100-SXM4-40GB MIG 4g.20gb (0),1,,13,cupy_copy__float32_float32
4653517293,10112,116680,103,1,1,128,1,1,16,0.000,0.000,,,,,NVIDIA A100-SXM4-40GB MIG 4g.20gb (0),1,,13,cupy_copy__complex64_complex64
4653580076,16192,116690,1434,1,1,128,1,1,16,0.000,0.000,,,,,NVIDIA A100-SXM4-40GB MIG 4g.20gb (0),1,,13,cupy_copy__complex64_complex64
4653616652,253789,116695,1,1,1,32,32,1,30,0.000,0.000,,,,,NVIDIA A100-SXM4-40GB MIG 4g.20gb (0),1,,13,"void convert_kernel<__half2, float2>(tensor_layout_any, T1 *, tensor_layout_any, const T2 *)"
4653899112,5344,116698,,,,,,,,,,0.094,17532.864,Pinned,Device,NVIDIA A100-SXM4-40GB MIG 4g.20gb (0),1,,13,[CUDA memcpy Host-to-Device]
4653945672,636152,116699,,,,,,,,,,456.561,717258.022,Device,,NVIDIA A100-SXM4-40GB MIG 4g.20gb (0),1,,13,[CUDA memset]
4654591392,51968,116704,,,,,,,,,,1.235,23762.792,Pinned,Device,NVIDIA A100-SXM4-40GB MIG 4g.20gb (0),1,,13,[CUDA memcpy Host-to-Device]
4654646496,10688,116705,,,,,,,,,,0.197,18395.038,Pinned,Device,NVIDIA A100-SXM4-40GB MIG 4g.20gb (0),1,,13,[CUDA memcpy Host-to-Device]
4654683615,22144,116706,69,4,1,48,1,1,76,0.002,0.000,,,,,NVIDIA A100-SXM4-40GB MIG 4g.20gb (0),1,,13,"void ch_est::windowedChEstPreNoDftSOfdmKernel<float, __half, float, (unsigned int)2, (unsigned int)1, (unsigned short)4>(ch_est::puschRxChEstStatDescr_t *, ch_est::puschRxChEstDynDescr_t *)"
4654716671,18400,116707,137,2,1,24,2,1,44,0.001,0.001,,,,,NVIDIA A100-SXM4-40GB MIG 4g.20gb (0),1,,13,"void ch_est::chEstFilterNoDftSOfdmDispatchKernel<float, __half, float, (unsigned int)2>(ch_est::puschRxChEstStatDescr_t *, ch_est::puschRxChEstDynDescr_t *)"
4654762366,24512,116708,137,2,1,24,2,1,44,0.001,0.001,,,,,NVIDIA A100-SXM4-40GB MIG 4g.20gb (0),1,,13,"void ch_est::chEstFilterNoDftSOfdmDispatchKernel<float, __half, float, (unsigned int)2>(ch_est::puschRxChEstStatDescr_t *, ch_est::puschRxChEstDynDescr_t *)"
4654795646,5088,116719,103,1,1,128,1,1,16,0.000,0.000,,,,,NVIDIA A100-SXM4-40GB MIG 4g.20gb (0),1,,13,cupy_copy__complex64_complex64
4654838205,14880,116729,1434,1,1,128,1,1,16,0.000,0.000,,,,,NVIDIA A100-SXM4-40GB MIG 4g.20gb (0),1,,13,cupy_copy__complex64_complex64
4654870749,5536,116736,103,1,1,128,1,1,16,0.000,0.000,,,,,NVIDIA A100-SXM4-40GB MIG 4g.20gb (0),1,,13,cupy_copy__complex64_complex64
4654921660,260445,116743,1,1,1,32,32,1,30,0.000,0.000,,,,,NVIDIA A100-SXM4-40GB MIG 4g.20gb (0),1,,13,"void convert_kernel<__half2, float2>(tensor_layout_any, T1 *, tensor_layout_any, const T2 *)"
4655210425,5888,116746,,,,,,,,,,0.094,15912.954,Pinned,Device,NVIDIA A100-SXM4-40GB MIG 4g.20gb (0),1,,13,[CUDA memcpy Host-to-Device]
4655268568,61312,116747,,,,,,,,,,35.810,584059.795,Device,,NVIDIA A100-SXM4-40GB MIG 4g.20gb (0),1,,13,[CUDA memset]
4655336728,1824,116749,,,,,,,,,,0.000,43.860,Pinned,Device,NVIDIA A100-SXM4-40GB MIG 4g.20gb (0),1,,13,[CUDA memcpy Host-to-Device]
4655341016,9312,116750,,,,,,,,,,0.197,21113.340,Pinned,Device,NVIDIA A100-SXM4-40GB MIG 4g.20gb (0),1,,13,[CUDA memcpy Host-to-Device]
4655385559,32064,116751,273,1,1,48,1,1,40,0.000,0.001,,,,,NVIDIA A100-SXM4-40GB MIG 4g.20gb (0),1,,13,"void pusch_noise_intf_est::noiseIntfEstNoDftSOfdmKernel<float, __half, float, float, (unsigned int)2, (unsigned int)1, (unsigned char)4, (unsigned char)4>(pusch_noise_intf_est::puschRxNoiseIntfEstDynDescr)"
4655453846,9760,116762,35,1,1,128,1,1,16,0.000,0.000,,,,,NVIDIA A100-SXM4-40GB MIG 4g.20gb (0),1,,13,cupy_copy__complex64_complex64
4655478422,2912,116771,1,1,1,1,1,1,18,0.000,0.000,,,,,NVIDIA A100-SXM4-40GB MIG 4g.20gb (0),1,,13,cupy_copy__float32_float32
4655485174,1600,116777,,,,,,,,,,0.000,2.500,Device,Pageable,NVIDIA A100-SXM4-40GB MIG 4g.20gb (0),1,,7,[CUDA memcpy Device-to-Host]
4655564405,15840,116788,1434,1,1,128,1,1,16,0.000,0.000,,,,,NVIDIA A100-SXM4-40GB MIG 4g.20gb (0),1,,13,cupy_copy__complex64_complex64
4655583061,3808,116795,103,1,1,128,1,1,16,0.000,0.000,,,,,NVIDIA A100-SXM4-40GB MIG 4g.20gb (0),1,,13,cupy_copy__complex64_complex64
4655650420,7104,116802,35,1,1,128,1,1,16,0.000,0.000,,,,,NVIDIA A100-SXM4-40GB MIG 4g.20gb (0),1,,13,cupy_copy__complex64_complex64
4655699220,3967,116809,1,1,1,1,1,1,18,0.000,0.000,,,,,NVIDIA A100-SXM4-40GB MIG 4g.20gb (0),1,,13,cupy_copy__float32_float32
4655798162,242910,116820,1,1,1,32,32,1,30,0.000,0.000,,,,,NVIDIA A100-SXM4-40GB MIG 4g.20gb (0),1,,13,"void convert_kernel<__half2, float2>(tensor_layout_any, T1 *, tensor_layout_any, const T2 *)"
4656072495,5728,116823,,,,,,,,,,0.094,16357.541,Pinned,Device,NVIDIA A100-SXM4-40GB MIG 4g.20gb (0),1,,13,[CUDA memcpy Host-to-Device]
4656101135,11424,116824,,,,,,,,,,1.547,135383.732,Device,,NVIDIA A100-SXM4-40GB MIG 4g.20gb (0),1,,13,[CUDA memset]
4656119023,3040,116829,,,,,,,,,,0.031,10294.725,Pinned,Device,NVIDIA A100-SXM4-40GB MIG 4g.20gb (0),1,,13,[CUDA memcpy Host-to-Device]
4656124591,9408,116830,,,,,,,,,,0.197,20897.858,Pinned,Device,NVIDIA A100-SXM4-40GB MIG 4g.20gb (0),1,,13,[CUDA memcpy Host-to-Device]
4656149966,36032,116831,273,1,1,8,4,1,39,0.002,0.000,,,,,NVIDIA A100-SXM4-40GB MIG 4g.20gb (0),1,,13,"void channel_eq::eqMmseCoefCompLowMimoKernel<float, float, float, (unsigned int)4, (unsigned int)1, (unsigned int)4>(const channel_eq::_puschRxChEqStatDescr *, channel_eq::_puschRxChEqCoefCompDynDescr)"
4656196526,27071,116832,273,1,1,12,11,1,51,0.002,0.000,,,,,NVIDIA A100-SXM4-40GB MIG 4g.20gb (0),1,,13,"void channel_eq::eqMmseSoftDemapKernel<float, __half, __half, float, (unsigned int)4, (unsigned short)16383>(channel_eq::_puschRxChEqStatDescr *, channel_eq::_puschRxChEqSoftDemapDynDescr)"
4656248813,572250,116833,1,1,1,32,32,1,30,0.000,0.000,,,,,NVIDIA A100-SXM4-40GB MIG 4g.20gb (0),1,,13,"void convert_kernel<float2, __half2>(tensor_layout_any, T1 *, tensor_layout_any, const T2 *)"
4656836230,14048,116845,2253,1,1,128,1,1,16,0.000,0.000,,,,,NVIDIA A100-SXM4-40GB MIG 4g.20gb (0),1,,13,cupy_copy__float16_float16
4656883718,7584,116854,282,1,1,128,1,1,16,0.000,0.000,,,,,NVIDIA A100-SXM4-40GB MIG 4g.20gb (0),1,,13,cupy_copy__complex64_complex64
4656908358,4000,116863,26,1,1,128,1,1,16,0.000,0.000,,,,,NVIDIA A100-SXM4-40GB MIG 4g.20gb (0),1,,13,cupy_copy__float32_float32
4656941157,11904,116872,103,1,1,128,1,1,16,0.000,0.000,,,,,NVIDIA A100-SXM4-40GB MIG 4g.20gb (0),1,,13,cupy_copy__complex64_complex64
4656998565,17247,116882,1434,1,1,128,1,1,16,0.000,0.000,,,,,NVIDIA A100-SXM4-40GB MIG 4g.20gb (0),1,,13,cupy_copy__complex64_complex64
4657053220,261533,116887,1,1,1,32,32,1,30,0.000,0.000,,,,,NVIDIA A100-SXM4-40GB MIG 4g.20gb (0),1,,13,"void convert_kernel<__half2, float2>(tensor_layout_any, T1 *, tensor_layout_any, const T2 *)"
4657344769,5343,116890,,,,,,,,,,0.094,17536.143,Pinned,Device,NVIDIA A100-SXM4-40GB MIG 4g.20gb (0),1,,13,[CUDA memcpy Host-to-Device]
4657390560,627097,116891,,,,,,,,,,456.561,727758.935,Device,,NVIDIA A100-SXM4-40GB MIG 4g.20gb (0),1,,13,[CUDA memset]
4658019193,53759,116896,,,,,,,,,,1.235,22971.193,Pinned,Device,NVIDIA A100-SXM4-40GB MIG 4g.20gb (0),1,,13,[CUDA memcpy Host-to-Device]
4658077240,11104,116897,,,,,,,,,,0.197,17705.927,Pinned,Device,NVIDIA A100-SXM4-40GB MIG 4g.20gb (0),1,,13,[CUDA memcpy Host-to-Device]
4658114648,17983,116898,69,4,1,48,1,1,76,0.002,0.000,,,,,NVIDIA A100-SXM4-40GB MIG 4g.20gb (0),1,,13,"void ch_est::windowedChEstPreNoDftSOfdmKernel<float, __half, float, (unsigned int)2, (unsigned int)1, (unsigned short)4>(ch_est::puschRxChEstStatDescr_t *, ch_est::puschRxChEstDynDescr_t *)"
4658160087,25152,116899,137,2,1,24,2,1,44,0.001,0.001,,,,,NVIDIA A100-SXM4-40GB MIG 4g.20gb (0),1,,13,"void ch_est::chEstFilterNoDftSOfdmDispatchKernel<float, __half, float, (unsigned int)2>(ch_est::puschRxChEstStatDescr_t *, ch_est::puschRxChEstDynDescr_t *)"
4658193879,18176,116900,137,2,1,24,2,1,44,0.001,0.001,,,,,NVIDIA A100-SXM4-40GB MIG 4g.20gb (0),1,,13,"void ch_est::chEstFilterNoDftSOfdmDispatchKernel<float, __half, float, (unsigned int)2>(ch_est::puschRxChEstStatDescr_t *, ch_est::puschRxChEstDynDescr_t *)"
4658238838,5632,116911,103,1,1,128,1,1,16,0.000,0.000,,,,,NVIDIA A100-SXM4-40GB MIG 4g.20gb (0),1,,13,cupy_copy__complex64_complex64
4658266070,14976,116921,1434,1,1,128,1,1,16,0.000,0.000,,,,,NVIDIA A100-SXM4-40GB MIG 4g.20gb (0),1,,13,cupy_copy__complex64_complex64
4658314133,6304,116928,103,1,1,128,1,1,16,0.000,0.000,,,,,NVIDIA A100-SXM4-40GB MIG 4g.20gb (0),1,,13,cupy_copy__complex64_complex64
4658344405,256253,116935,1,1,1,32,32,1,30,0.000,0.000,,,,,NVIDIA A100-SXM4-40GB MIG 4g.20gb (0),1,,13,"void convert_kernel<__half2, float2>(tensor_layout_any, T1 *, tensor_layout_any, const T2 *)"
4658628722,5408,116938,,,,,,,,,,0.094,17325.421,Pinned,Device,NVIDIA A100-SXM4-40GB MIG 4g.20gb (0),1,,13,[CUDA memcpy Host-to-Device]
4658675697,62079,116939,,,,,,,,,,35.810,576826.191,Device,,NVIDIA A100-SXM4-40GB MIG 4g.20gb (0),1,,13,[CUDA memset]
4658739696,4768,116941,,,,,,,,,,0.000,16.778,Pinned,Device,NVIDIA A100-SXM4-40GB MIG 4g.20gb (0),1,,13,[CUDA memcpy Host-to-Device]
4658748112,9600,116942,,,,,,,,,,0.197,20479.869,Pinned,Device,NVIDIA A100-SXM4-40GB MIG 4g.20gb (0),1,,13,[CUDA memcpy Host-to-Device]
4658802992,28607,116943,273,1,1,48,1,1,40,0.000,0.001,,,,,NVIDIA A100-SXM4-40GB MIG 4g.20gb (0),1,,13,"void pusch_noise_intf_est::noiseIntfEstNoDftSOfdmKernel<float, __half, float, float, (unsigned int)2, (unsigned int)1, (unsigned char)4, (unsigned char)4>(pusch_noise_intf_est::puschRxNoiseIntfEstDynDescr)"
4658834287,6208,116954,35,1,1,128,1,1,16,0.000,0.000,,,,,NVIDIA A100-SXM4-40GB MIG 4g.20gb (0),1,,13,cupy_copy__complex64_complex64
4658873903,4576,116963,1,1,1,1,1,1,18,0.000,0.000,,,,,NVIDIA A100-SXM4-40GB MIG 4g.20gb (0),1,,13,cupy_copy__float32_float32
4658881327,1600,116969,,,,,,,,,,0.000,2.500,Device,Pageable,NVIDIA A100-SXM4-40GB MIG 4g.20gb (0),1,,7,[CUDA memcpy Device-to-Host]
4658949358,15328,116980,1434,1,1,128,1,1,16,0.000,0.000,,,,,NVIDIA A100-SXM4-40GB MIG 4g.20gb (0),1,,13,cupy_copy__complex64_complex64
4659023149,5888,116987,103,1,1,128,1,1,16,0.000,0.000,,,,,NVIDIA A100-SXM4-40GB MIG 4g.20gb (0),1,,13,cupy_copy__complex64_complex64
4659050093,7872,116994,35,1,1,128,1,1,16,0.000,0.000,,,,,NVIDIA A100-SXM4-40GB MIG 4g.20gb (0),1,,13,cupy_copy__complex64_complex64
4659097356,3936,117001,1,1,1,1,1,1,18,0.000,0.000,,,,,NVIDIA A100-SXM4-40GB MIG 4g.20gb (0),1,,13,cupy_copy__float32_float32
4659189931,244253,117012,1,1,1,32,32,1,30,0.000,0.000,,,,,NVIDIA A100-SXM4-40GB MIG 4g.20gb (0),1,,13,"void convert_kernel<__half2, float2>(tensor_layout_any, T1 *, tensor_layout_any, const T2 *)"
4659462952,5408,117015,,,,,,,,,,0.094,17325.421,Pinned,Device,NVIDIA A100-SXM4-40GB MIG 4g.20gb (0),1,,13,[CUDA memcpy Host-to-Device]
4659478760,7936,117016,,,,,,,,,,1.547,194886.997,Device,,NVIDIA A100-SXM4-40GB MIG 4g.20gb (0),1,,13,[CUDA memset]
4659493768,4800,117021,,,,,,,,,,0.031,6519.990,Pinned,Device,NVIDIA A100-SXM4-40GB MIG 4g.20gb (0),1,,13,[CUDA memcpy Host-to-Device]
4659502408,10496,117022,,,,,,,,,,0.197,18731.631,Pinned,Device,NVIDIA A100-SXM4-40GB MIG 4g.20gb (0),1,,13,[CUDA memcpy Host-to-Device]
4659536487,32672,117023,273,1,1,8,4,1,39,0.002,0.000,,,,,NVIDIA A100-SXM4-40GB MIG 4g.20gb (0),1,,13,"void channel_eq::eqMmseCoefCompLowMimoKernel<float, float, float, (unsigned int)4, (unsigned int)1, (unsigned int)4>(const channel_eq::_puschRxChEqStatDescr *, channel_eq::_puschRxChEqCoefCompDynDescr)"
4659580423,27583,117024,273,1,1,12,11,1,51,0.002,0.000,,,,,NVIDIA A100-SXM4-40GB MIG 4g.20gb (0),1,,13,"void channel_eq::eqMmseSoftDemapKernel<float, __half, __half, float, (unsigned int)4, (unsigned short)16383>(channel_eq::_puschRxChEqStatDescr *, channel_eq::_puschRxChEqSoftDemapDynDescr)"
4659634118,572857,117025,1,1,1,32,32,1,30,0.000,0.000,,,,,NVIDIA A100-SXM4-40GB MIG 4g.20gb (0),1,,13,"void convert_kernel<float2, __half2>(tensor_layout_any, T1 *, tensor_layout_any, const T2 *)"
4660221311,14976,117037,2253,1,1,128,1,1,16,0.000,0.000,,,,,NVIDIA A100-SXM4-40GB MIG 4g.20gb (0),1,,13,cupy_copy__float16_float16
4660270367,8352,117046,282,1,1,128,1,1,16,0.000,0.000,,,,,NVIDIA A100-SXM4-40GB MIG 4g.20gb (0),1,,13,cupy_copy__complex64_complex64
4660291167,4415,117055,26,1,1,128,1,1,16,0.000,0.000,,,,,NVIDIA A100-SXM4-40GB MIG 4g.20gb (0),1,,13,cupy_copy__float32_float32
4660325374,12032,117064,103,1,1,128,1,1,16,0.000,0.000,,,,,NVIDIA A100-SXM4-40GB MIG 4g.20gb (0),1,,13,cupy_copy__complex64_complex64
4660382365,16480,117074,1434,1,1,128,1,1,16,0.000,0.000,,,,,NVIDIA A100-SXM4-40GB MIG 4g.20gb (0),1,,13,cupy_copy__complex64_complex64
4660438013,258909,117079,1,1,1,32,32,1,30,0.000,0.000,,,,,NVIDIA A100-SXM4-40GB MIG 4g.20gb (0),1,,13,"void convert_kernel<__half2, float2>(tensor_layout_any, T1 *, tensor_layout_any, const T2 *)"
4660727353,5344,117082,,,,,,,,,,0.094,17532.864,Pinned,Device,NVIDIA A100-SXM4-40GB MIG 4g.20gb (0),1,,13,[CUDA memcpy Host-to-Device]
4660779673,628505,117083,,,,,,,,,,456.561,726389.251,Device,,NVIDIA A100-SXM4-40GB MIG 4g.20gb (0),1,,13,[CUDA memset]
4661413682,53215,117088,,,,,,,,,,1.235,23205.833,Pinned,Device,NVIDIA A100-SXM4-40GB MIG 4g.20gb (0),1,,13,[CUDA memcpy Host-to-Device]
4661469361,9824,117089,,,,,,,,,,0.197,20012.925,Pinned,Device,NVIDIA A100-SXM4-40GB MIG 4g.20gb (0),1,,13,[CUDA memcpy Host-to-Device]
4661500017,18111,117090,69,4,1,48,1,1,76,0.002,0.000,,,,,NVIDIA A100-SXM4-40GB MIG 4g.20gb (0),1,,13,"void ch_est::windowedChEstPreNoDftSOfdmKernel<float, __half, float, (unsigned int)2, (unsigned int)1, (unsigned short)4>(ch_est::puschRxChEstStatDescr_t *, ch_est::puschRxChEstDynDescr_t *)"
4661546224,24832,117091,137,2,1,24,2,1,44,0.001,0.001,,,,,NVIDIA A100-SXM4-40GB MIG 4g.20gb (0),1,,13,"void ch_est::chEstFilterNoDftSOfdmDispatchKernel<float, __half, float, (unsigned int)2>(ch_est::puschRxChEstStatDescr_t *, ch_est::puschRxChEstDynDescr_t *)"
4661580272,18079,117092,137,2,1,24,2,1,44,0.001,0.001,,,,,NVIDIA A100-SXM4-40GB MIG 4g.20gb (0),1,,13,"void ch_est::chEstFilterNoDftSOfdmDispatchKernel<float, __half, float, (unsigned int)2>(ch_est::puschRxChEstStatDescr_t *, ch_est::puschRxChEstDynDescr_t *)"
4661624623,6336,117103,103,1,1,128,1,1,16,0.000,0.000,,,,,NVIDIA A100-SXM4-40GB MIG 4g.20gb (0),1,,13,cupy_copy__complex64_complex64
4661654831,14368,117113,1434,1,1,128,1,1,16,0.000,0.000,,,,,NVIDIA A100-SXM4-40GB MIG 4g.20gb (0),1,,13,cupy_copy__complex64_complex64
4661702222,6880,117120,103,1,1,128,1,1,16,0.000,0.000,,,,,NVIDIA A100-SXM4-40GB MIG 4g.20gb (0),1,,13,cupy_copy__complex64_complex64
4661732782,255549,117127,1,1,1,32,32,1,30,0.000,0.000,,,,,NVIDIA A100-SXM4-40GB MIG 4g.20gb (0),1,,13,"void convert_kernel<__half2, float2>(tensor_layout_any, T1 *, tensor_layout_any, const T2 *)"
4662016523,5632,117130,,,,,,,,,,0.094,16636.287,Pinned,Device,NVIDIA A100-SXM4-40GB MIG 4g.20gb (0),1,,13,[CUDA memcpy Host-to-Device]
4662066986,61983,117131,,,,,,,,,,35.810,577721.439,Device,,NVIDIA A100-SXM4-40GB MIG 4g.20gb (0),1,,13,[CUDA memset]
4662132457,4480,117133,,,,,,,,,,0.000,17.857,Pinned,Device,NVIDIA A100-SXM4-40GB MIG 4g.20gb (0),1,,13,[CUDA memcpy Host-to-Device]
4662140553,10176,117134,,,,,,,,,,0.197,19320.668,Pinned,Device,NVIDIA A100-SXM4-40GB MIG 4g.20gb (0),1,,13,[CUDA memcpy Host-to-Device]
4662191977,28703,117135,273,1,1,48,1,1,40,0.000,0.001,,,,,NVIDIA A100-SXM4-40GB MIG 4g.20gb (0),1,,13,"void pusch_noise_intf_est::noiseIntfEstNoDftSOfdmKernel<float, __half, float, float, (unsigned int)2, (unsigned int)1, (unsigned char)4, (unsigned char)4>(pusch_noise_intf_est::puschRxNoiseIntfEstDynDescr)"
4662223976,8672,117146,35,1,1,128,1,1,16,0.000,0.000,,,,,NVIDIA A100-SXM4-40GB MIG 4g.20gb (0),1,,13,cupy_copy__complex64_complex64
4662262408,3488,117155,1,1,1,1,1,1,18,0.000,0.000,,,,,NVIDIA A100-SXM4-40GB MIG 4g.20gb (0),1,,13,cupy_copy__float32_float32
4662273896,2528,117161,,,,,,,,,,0.000,1.582,Device,Pageable,NVIDIA A100-SXM4-40GB MIG 4g.20gb (0),1,,7,[CUDA memcpy Device-to-Host]
4662348647,13056,117172,1434,1,1,128,1,1,16,0.000,0.000,,,,,NVIDIA A100-SXM4-40GB MIG 4g.20gb (0),1,,13,cupy_copy__complex64_complex64
4662418502,6080,117179,103,1,1,128,1,1,16,0.000,0.000,,,,,NVIDIA A100-SXM4-40GB MIG 4g.20gb (0),1,,13,cupy_copy__complex64_complex64
4662445222,8096,117186,35,1,1,128,1,1,16,0.000,0.000,,,,,NVIDIA A100-SXM4-40GB MIG 4g.20gb (0),1,,13,cupy_copy__complex64_complex64
4662503493,5504,117193,1,1,1,1,1,1,18,0.000,0.000,,,,,NVIDIA A100-SXM4-40GB MIG 4g.20gb (0),1,,13,cupy_copy__float32_float32
4662612996,243293,117204,1,1,1,32,32,1,30,0.000,0.000,,,,,NVIDIA A100-SXM4-40GB MIG 4g.20gb (0),1,,13,"void convert_kernel<__half2, float2>(tensor_layout_any, T1 *, tensor_layout_any, const T2 *)"
4662885409,5344,117207,,,,,,,,,,0.094,17532.864,Pinned,Device,NVIDIA A100-SXM4-40GB MIG 4g.20gb (0),1,,13,[CUDA memcpy Host-to-Device]
4662944416,10176,117208,,,,,,,,,,1.547,151986.740,Device,,NVIDIA A100-SXM4-40GB MIG 4g.20gb (0),1,,13,[CUDA memset]
4662959264,4128,117213,,,,,,,,,,0.031,7581.393,Pinned,Device,NVIDIA A100-SXM4-40GB MIG 4g.20gb (0),1,,13,[CUDA memcpy Host-to-Device]
4662966144,9888,117214,,,,,,,,,,0.197,19883.360,Pinned,Device,NVIDIA A100-SXM4-40GB MIG 4g.20gb (0),1,,13,[CUDA memcpy Host-to-Device]
4662999839,36800,117215,273,1,1,8,4,1,39,0.002,0.000,,,,,NVIDIA A100-SXM4-40GB MIG 4g.20gb (0),1,,13,"void channel_eq::eqMmseCoefCompLowMimoKernel<float, float, float, (unsigned int)4, (unsigned int)1, (unsigned int)4>(const channel_eq::_puschRxChEqStatDescr *, channel_eq::_puschRxChEqCoefCompDynDescr)"
4663045535,26463,117216,273,1,1,12,11,1,51,0.002,0.000,,,,,NVIDIA A100-SXM4-40GB MIG 4g.20gb (0),1,,13,"void channel_eq::eqMmseSoftDemapKernel<float, __half, __half, float, (unsigned int)4, (unsigned short)16383>(channel_eq::_puschRxChEqStatDescr *, channel_eq::_puschRxChEqSoftDemapDynDescr)"
4663098270,595641,117217,1,1,1,32,32,1,30,0.000,0.000,,,,,NVIDIA A100-SXM4-40GB MIG 4g.20gb (0),1,,13,"void convert_kernel<float2, __half2>(tensor_layout_any, T1 *, tensor_layout_any, const T2 *)"
4663721623,18048,117229,2253,1,1,128,1,1,16,0.000,0.000,,,,,NVIDIA A100-SXM4-40GB MIG 4g.20gb (0),1,,13,cupy_copy__float16_float16
4663757335,5311,117238,282,1,1,128,1,1,16,0.000,0.000,,,,,NVIDIA A100-SXM4-40GB MIG 4g.20gb (0),1,,13,cupy_copy__complex64_complex64
4663793078,5984,117247,26,1,1,128,1,1,16,0.000,0.000,,,,,NVIDIA A100-SXM4-40GB MIG 4g.20gb (0),1,,13,cupy_copy__float32_float32
4663815094,9280,117256,103,1,1,128,1,1,16,0.000,0.000,,,,,NVIDIA A100-SXM4-40GB MIG 4g.20gb (0),1,,13,cupy_copy__complex64_complex64
4663865749,16096,117266,1434,1,1,128,1,1,16,0.000,0.000,,,,,NVIDIA A100-SXM4-40GB MIG 4g.20gb (0),1,,13,cupy_copy__complex64_complex64
4663903349,255453,117271,1,1,1,32,32,1,30,0.000,0.000,,,,,NVIDIA A100-SXM4-40GB MIG 4g.20gb (0),1,,13,"void convert_kernel<__half2, float2>(tensor_layout_any, T1 *, tensor_layout_any, const T2 *)"
4664190642,5663,117274,,,,,,,,,,0.094,16545.214,Pinned,Device,NVIDIA A100-SXM4-40GB MIG 4g.20gb (0),1,,13,[CUDA memcpy Host-to-Device]
4664237585,628441,117275,,,,,,,,,,456.561,726389.251,Device,,NVIDIA A100-SXM4-40GB MIG 4g.20gb (0),1,,13,[CUDA memset]
4664868042,53119,117280,,,,,,,,,,1.235,23247.821,Pinned,Device,NVIDIA A100-SXM4-40GB MIG 4g.20gb (0),1,,13,[CUDA memcpy Host-to-Device]
4664923625,9600,117281,,,,,,,,,,0.197,20479.869,Pinned,Device,NVIDIA A100-SXM4-40GB MIG 4g.20gb (0),1,,13,[CUDA memcpy Host-to-Device]
4664966601,24927,117282,69,4,1,48,1,1,76,0.002,0.000,,,,,NVIDIA A100-SXM4-40GB MIG 4g.20gb (0),1,,13,"void ch_est::windowedChEstPreNoDftSOfdmKernel<float, __half, float, (unsigned int)2, (unsigned int)1, (unsigned short)4>(ch_est::puschRxChEstStatDescr_t *, ch_est::puschRxChEstDynDescr_t *)"
4665001864,17504,117283,137,2,1,24,2,1,44,0.001,0.001,,,,,NVIDIA A100-SXM4-40GB MIG 4g.20gb (0),1,,13,"void ch_est::chEstFilterNoDftSOfdmDispatchKernel<float, __half, float, (unsigned int)2>(ch_est::puschRxChEstStatDescr_t *, ch_est::puschRxChEstDynDescr_t *)"
4665045416,27487,117284,137,2,1,24,2,1,44,0.001,0.001,,,,,NVIDIA A100-SXM4-40GB MIG 4g.20gb (0),1,,13,"void ch_est::chEstFilterNoDftSOfdmDispatchKernel<float, __half, float, (unsigned int)2>(ch_est::puschRxChEstStatDescr_t *, ch_est::puschRxChEstDynDescr_t *)"
4665078311,4800,117295,103,1,1,128,1,1,16,0.000,0.000,,,,,NVIDIA A100-SXM4-40GB MIG 4g.20gb (0),1,,13,cupy_copy__complex64_complex64
4665121831,15648,117305,1434,1,1,128,1,1,16,0.000,0.000,,,,,NVIDIA A100-SXM4-40GB MIG 4g.20gb (0),1,,13,cupy_copy__complex64_complex64
4665155078,5184,117312,103,1,1,128,1,1,16,0.000,0.000,,,,,NVIDIA A100-SXM4-40GB MIG 4g.20gb (0),1,,13,cupy_copy__complex64_complex64
4665202374,251997,117319,1,1,1,32,32,1,30,0.000,0.000,,,,,NVIDIA A100-SXM4-40GB MIG 4g.20gb (0),1,,13,"void convert_kernel<__half2, float2>(tensor_layout_any, T1 *, tensor_layout_any, const T2 *)"
4665491267,7551,117322,,,,,,,,,,0.094,12408.349,Pinned,Device,NVIDIA A100-SXM4-40GB MIG 4g.20gb (0),1,,13,[CUDA memcpy Host-to-Device]
4665511682,60192,117323,,,,,,,,,,35.810,594910.201,Device,,NVIDIA A100-SXM4-40GB MIG 4g.20gb (0),1,,13,[CUDA memset]
4665572706,2496,117325,,,,,,,,,,0.000,32.051,Pinned,Device,NVIDIA A100-SXM4-40GB MIG 4g.20gb (0),1,,13,[CUDA memcpy Host-to-Device]
4665577570,9663,117326,,,,,,,,,,0.197,20346.372,Pinned,Device,NVIDIA A100-SXM4-40GB MIG 4g.20gb (0),1,,13,[CUDA memcpy Host-to-Device]
4665624705,24672,117327,273,1,1,48,1,1,40,0.000,0.001,,,,,NVIDIA A100-SXM4-40GB MIG 4g.20gb (0),1,,13,"void pusch_noise_intf_est::noiseIntfEstNoDftSOfdmKernel<float, __half, float, float, (unsigned int)2, (unsigned int)1, (unsigned char)4, (unsigned char)4>(pusch_noise_intf_est::puschRxNoiseIntfEstDynDescr)"
4665666144,10880,117338,35,1,1,128,1,1,16,0.000,0.000,,,,,NVIDIA A100-SXM4-40GB MIG 4g.20gb (0),1,,13,cupy_copy__complex64_complex64
4665689184,7552,117347,1,1,1,1,1,1,18,0.000,0.000,,,,,NVIDIA A100-SXM4-40GB MIG 4g.20gb (0),1,,13,cupy_copy__float32_float32
4665700192,1408,117353,,,,,,,,,,0.000,2.841,Device,Pageable,NVIDIA A100-SXM4-40GB MIG 4g.20gb (0),1,,7,[CUDA memcpy Device-to-Host]
4665772415,14560,117364,1434,1,1,128,1,1,16,0.000,0.000,,,,,NVIDIA A100-SXM4-40GB MIG 4g.20gb (0),1,,13,cupy_copy__complex64_complex64
4665848094,5824,117371,103,1,1,128,1,1,16,0.000,0.000,,,,,NVIDIA A100-SXM4-40GB MIG 4g.20gb (0),1,,13,cupy_copy__complex64_complex64
4665891294,13824,117378,35,1,1,128,1,1,16,0.000,0.000,,,,,NVIDIA A100-SXM4-40GB MIG 4g.20gb (0),1,,13,cupy_copy__complex64_complex64
4665920222,3584,117385,1,1,1,1,1,1,18,0.000,0.000,,,,,NVIDIA A100-SXM4-40GB MIG 4g.20gb (0),1,,13,cupy_copy__float32_float32
4666006461,242813,117396,1,1,1,32,32,1,30,0.000,0.000,,,,,NVIDIA A100-SXM4-40GB MIG 4g.20gb (0),1,,13,"void convert_kernel<__half2, float2>(tensor_layout_any, T1 *, tensor_layout_any, const T2 *)"
4666279801,5376,117399,,,,,,,,,,0.094,17428.487,Pinned,Device,NVIDIA A100-SXM4-40GB MIG 4g.20gb (0),1,,13,[CUDA memcpy Host-to-Device]
4666331321,9056,117400,,,,,,,,,,1.547,170784.409,Device,,NVIDIA A100-SXM4-40GB MIG 4g.20gb (0),1,,13,[CUDA memset]
4666345273,3648,117405,,,,,,,,,,0.031,8578.922,Pinned,Device,NVIDIA A100-SXM4-40GB MIG 4g.20gb (0),1,,13,[CUDA memcpy Host-to-Device]
4666351353,10271,117406,,,,,,,,,,0.197,19141.951,Pinned,Device,NVIDIA A100-SXM4-40GB MIG 4g.20gb (0),1,,13,[CUDA memcpy Host-to-Device]
4666387480,33312,117407,273,1,1,8,4,1,39,0.002,0.000,,,,,NVIDIA A100-SXM4-40GB MIG 4g.20gb (0),1,,13,"void channel_eq::eqMmseCoefCompLowMimoKernel<float, float, float, (unsigned int)4, (unsigned int)1, (unsigned int)4>(const channel_eq::_puschRxChEqStatDescr *, channel_eq::_puschRxChEqCoefCompDynDescr)"
4666431608,26463,117408,273,1,1,12,11,1,51,0.002,0.000,,,,,NVIDIA A100-SXM4-40GB MIG 4g.20gb (0),1,,13,"void channel_eq::eqMmseSoftDemapKernel<float, __half, __half, float, (unsigned int)4, (unsigned short)16383>(channel_eq::_puschRxChEqStatDescr *, channel_eq::_puschRxChEqSoftDemapDynDescr)"
4666484247,581177,117409,1,1,1,32,32,1,30,0.000,0.000,,,,,NVIDIA A100-SXM4-40GB MIG 4g.20gb (0),1,,13,"void convert_kernel<float2, __half2>(tensor_layout_any, T1 *, tensor_layout_any, const T2 *)"
4667102608,16096,117421,2253,1,1,128,1,1,16,0.000,0.000,,,,,NVIDIA A100-SXM4-40GB MIG 4g.20gb (0),1,,13,cupy_copy__float16_float16
4667138160,5567,117430,282,1,1,128,1,1,16,0.000,0.000,,,,,NVIDIA A100-SXM4-40GB MIG 4g.20gb (0),1,,13,cupy_copy__complex64_complex64
4667170959,6432,117439,26,1,1,128,1,1,16,0.000,0.000,,,,,NVIDIA A100-SXM4-40GB MIG 4g.20gb (0),1,,13,cupy_copy__float32_float32
4667193199,9856,117448,103,1,1,128,1,1,16,0.000,0.000,,,,,NVIDIA A100-SXM4-40GB MIG 4g.20gb (0),1,,13,cupy_copy__complex64_complex64
4667270926,15936,117464,1434,1,1,128,1,1,16,0.000,0.000,,,,,NVIDIA A100-SXM4-40GB MIG 4g.20gb (0),1,,13,cupy_copy__complex64_complex64
4667425484,261373,117469,1,1,1,32,32,1,30,0.000,0.000,,,,,NVIDIA A100-SXM4-40GB MIG 4g.20gb (0),1,,13,"void convert_kernel<__half2, float2>(tensor_layout_any, T1 *, tensor_layout_any, const T2 *)"
4667716041,5632,117472,,,,,,,,,,0.094,16636.287,Pinned,Device,NVIDIA A100-SXM4-40GB MIG 4g.20gb (0),1,,13,[CUDA memcpy Host-to-Device]
4667756712,625881,117473,,,,,,,,,,456.561,729128.620,Device,,NVIDIA A100-SXM4-40GB MIG 4g.20gb (0),1,,13,[CUDA memset]
4668385185,53919,117478,,,,,,,,,,1.235,22903.271,Pinned,Device,NVIDIA A100-SXM4-40GB MIG 4g.20gb (0),1,,13,[CUDA memcpy Host-to-Device]
4668441504,10016,117479,,,,,,,,,,0.197,19629.343,Pinned,Device,NVIDIA A100-SXM4-40GB MIG 4g.20gb (0),1,,13,[CUDA memcpy Host-to-Device]
4668481280,22368,117480,69,4,1,48,1,1,76,0.002,0.000,,,,,NVIDIA A100-SXM4-40GB MIG 4g.20gb (0),1,,13,"void ch_est::windowedChEstPreNoDftSOfdmKernel<float, __half, float, (unsigned int)2, (unsigned int)1, (unsigned short)4>(ch_est::puschRxChEstStatDescr_t *, ch_est::puschRxChEstDynDescr_t *)"
4668516032,16799,117481,137,2,1,24,2,1,44,0.001,0.001,,,,,NVIDIA A100-SXM4-40GB MIG 4g.20gb (0),1,,13,"void ch_est::chEstFilterNoDftSOfdmDispatchKernel<float, __half, float, (unsigned int)2>(ch_est::puschRxChEstStatDescr_t *, ch_est::puschRxChEstDynDescr_t *)"
4668561471,26816,117482,137,2,1,24,2,1,44,0.001,0.001,,,,,NVIDIA A100-SXM4-40GB MIG 4g.20gb (0),1,,13,"void ch_est::chEstFilterNoDftSOfdmDispatchKernel<float, __half, float, (unsigned int)2>(ch_est::puschRxChEstStatDescr_t *, ch_est::puschRxChEstDynDescr_t *)"
4668595679,6208,117493,103,1,1,128,1,1,16,0.000,0.000,,,,,NVIDIA A100-SXM4-40GB MIG 4g.20gb (0),1,,13,cupy_copy__complex64_complex64
4668638590,14688,117503,1434,1,1,128,1,1,16,0.000,0.000,,,,,NVIDIA A100-SXM4-40GB MIG 4g.20gb (0),1,,13,cupy_copy__complex64_complex64
4668670142,5984,117510,103,1,1,128,1,1,16,0.000,0.000,,,,,NVIDIA A100-SXM4-40GB MIG 4g.20gb (0),1,,13,cupy_copy__complex64_complex64
4668719613,261277,117517,1,1,1,32,32,1,30,0.000,0.000,,,,,NVIDIA A100-SXM4-40GB MIG 4g.20gb (0),1,,13,"void convert_kernel<__half2, float2>(tensor_layout_any, T1 *, tensor_layout_any, const T2 *)"
4669009626,5376,117520,,,,,,,,,,0.094,17428.487,Pinned,Device,NVIDIA A100-SXM4-40GB MIG 4g.20gb (0),1,,13,[CUDA memcpy Host-to-Device]
4669065753,60192,117521,,,,,,,,,,35.810,594910.201,Device,,NVIDIA A100-SXM4-40GB MIG 4g.20gb (0),1,,13,[CUDA memset]
4669127353,4639,117523,,,,,,,,,,0.000,17.245,Pinned,Device,NVIDIA A100-SXM4-40GB MIG 4g.20gb (0),1,,13,[CUDA memcpy Host-to-Device]
4669134680,9760,117524,,,,,,,,,,0.197,20144.259,Pinned,Device,NVIDIA A100-SXM4-40GB MIG 4g.20gb (0),1,,13,[CUDA memcpy Host-to-Device]
4669181528,35488,117525,273,1,1,48,1,1,40,0.000,0.001,,,,,NVIDIA A100-SXM4-40GB MIG 4g.20gb (0),1,,13,"void pusch_noise_intf_est::noiseIntfEstNoDftSOfdmKernel<float, __half, float, float, (unsigned int)2, (unsigned int)1, (unsigned char)4, (unsigned char)4>(pusch_noise_intf_est::puschRxNoiseIntfEstDynDescr)"
4669251671,10304,117536,35,1,1,128,1,1,16,0.000,0.000,,,,,NVIDIA A100-SXM4-40GB MIG 4g.20gb (0),1,,13,cupy_copy__complex64_complex64
4669277431,3968,117545,1,1,1,1,1,1,18,0.000,0.000,,,,,NVIDIA A100-SXM4-40GB MIG 4g.20gb (0),1,,13,cupy_copy__float32_float32
4669284023,1696,117551,,,,,,,,,,0.000,2.358,Device,Pageable,NVIDIA A100-SXM4-40GB MIG 4g.20gb (0),1,,7,[CUDA memcpy Device-to-Host]
4669370742,16576,117562,1434,1,1,128,1,1,16,0.000,0.000,,,,,NVIDIA A100-SXM4-40GB MIG 4g.20gb (0),1,,13,cupy_copy__complex64_complex64
4669424693,6528,117569,103,1,1,128,1,1,16,0.000,0.000,,,,,NVIDIA A100-SXM4-40GB MIG 4g.20gb (0),1,,13,cupy_copy__complex64_complex64
4669451093,7456,117576,35,1,1,128,1,1,16,0.000,0.000,,,,,NVIDIA A100-SXM4-40GB MIG 4g.20gb (0),1,,13,cupy_copy__complex64_complex64
4669499572,4000,117583,1,1,1,1,1,1,18,0.000,0.000,,,,,NVIDIA A100-SXM4-40GB MIG 4g.20gb (0),1,,13,cupy_copy__float32_float32
4669593203,246173,117594,1,1,1,32,32,1,30,0.000,0.000,,,,,NVIDIA A100-SXM4-40GB MIG 4g.20gb (0),1,,13,"void convert_kernel<__half2, float2>(tensor_layout_any, T1 *, tensor_layout_any, const T2 *)"
4669868528,5440,117597,,,,,,,,,,0.094,17223.480,Pinned,Device,NVIDIA A100-SXM4-40GB MIG 4g.20gb (0),1,,13,[CUDA memcpy Host-to-Device]
4669887216,8384,117598,,,,,,,,,,1.547,184472.031,Device,,NVIDIA A100-SXM4-40GB MIG 4g.20gb (0),1,,13,[CUDA memset]
4669900368,3008,117603,,,,,,,,,,0.031,10404.230,Pinned,Device,NVIDIA A100-SXM4-40GB MIG 4g.20gb (0),1,,13,[CUDA memcpy Host-to-Device]
4669905936,9951,117604,,,,,,,,,,0.197,19757.531,Pinned,Device,NVIDIA A100-SXM4-40GB MIG 4g.20gb (0),1,,13,[CUDA memcpy Host-to-Device]
4669944431,35392,117605,273,1,1,8,4,1,39,0.002,0.000,,,,,NVIDIA A100-SXM4-40GB MIG 4g.20gb (0),1,,13,"void channel_eq::eqMmseCoefCompLowMimoKernel<float, float, float, (unsigned int)4, (unsigned int)1, (unsigned int)4>(const channel_eq::_puschRxChEqStatDescr *, channel_eq::_puschRxChEqCoefCompDynDescr)"
4669990223,25087,117606,273,1,1,12,11,1,51,0.002,0.000,,,,,NVIDIA A100-SXM4-40GB MIG 4g.20gb (0),1,,13,"void channel_eq::eqMmseSoftDemapKernel<float, __half, __half, float, (unsigned int)4, (unsigned short)16383>(channel_eq::_puschRxChEqStatDescr *, channel_eq::_puschRxChEqSoftDemapDynDescr)"
4670040814,575801,117607,1,1,1,32,32,1,30,0.000,0.000,,,,,NVIDIA A100-SXM4-40GB MIG 4g.20gb (0),1,,13,"void convert_kernel<float2, __half2>(tensor_layout_any, T1 *, tensor_layout_any, const T2 *)"
4670625767,13824,117619,2253,1,1,128,1,1,16,0.000,0.000,,,,,NVIDIA A100-SXM4-40GB MIG 4g.20gb (0),1,,13,cupy_copy__float16_float16
4670671559,9568,117628,282,1,1,128,1,1,16,0.000,0.000,,,,,NVIDIA A100-SXM4-40GB MIG 4g.20gb (0),1,,13,cupy_copy__complex64_complex64
4670693446,4288,117637,26,1,1,128,1,1,16,0.000,0.000,,,,,NVIDIA A100-SXM4-40GB MIG 4g.20gb (0),1,,13,cupy_copy__float32_float32
4670727366,12256,117646,103,1,1,128,1,1,16,0.000,0.000,,,,,NVIDIA A100-SXM4-40GB MIG 4g.20gb (0),1,,13,cupy_copy__complex64_complex64
4670784293,16032,117656,1434,1,1,128,1,1,16,0.000,0.000,,,,,NVIDIA A100-SXM4-40GB MIG 4g.20gb (0),1,,13,cupy_copy__complex64_complex64
4670840901,252669,117661,1,1,1,32,32,1,30,0.000,0.000,,,,,NVIDIA A100-SXM4-40GB MIG 4g.20gb (0),1,,13,"void convert_kernel<__half2, float2>(tensor_layout_any, T1 *, tensor_layout_any, const T2 *)"
4671125473,5344,117664,,,,,,,,,,0.094,17532.864,Pinned,Device,NVIDIA A100-SXM4-40GB MIG 4g.20gb (0),1,,13,[CUDA memcpy Host-to-Device]
4671171073,624345,117665,,,,,,,,,,456.561,730954.865,Device,,NVIDIA A100-SXM4-40GB MIG 4g.20gb (0),1,,13,[CUDA memset]
4671802586,52319,117670,,,,,,,,,,1.235,23603.485,Pinned,Device,NVIDIA A100-SXM4-40GB MIG 4g.20gb (0),1,,13,[CUDA memcpy Host-to-Device]
4671857369,9568,117671,,,,,,,,,,0.197,20548.485,Pinned,Device,NVIDIA A100-SXM4-40GB MIG 4g.20gb (0),1,,13,[CUDA memcpy Host-to-Device]
4671888601,18111,117672,69,4,1,48,1,1,76,0.002,0.000,,,,,NVIDIA A100-SXM4-40GB MIG 4g.20gb (0),1,,13,"void ch_est::windowedChEstPreNoDftSOfdmKernel<float, __half, float, (unsigned int)2, (unsigned int)1, (unsigned short)4>(ch_est::puschRxChEstStatDescr_t *, ch_est::puschRxChEstDynDescr_t *)"
4671934200,25408,117673,137,2,1,24,2,1,44,0.001,0.001,,,,,NVIDIA A100-SXM4-40GB MIG 4g.20gb (0),1,,13,"void ch_est::chEstFilterNoDftSOfdmDispatchKernel<float, __half, float, (unsigned int)2>(ch_est::puschRxChEstStatDescr_t *, ch_est::puschRxChEstDynDescr_t *)"
4671967800,18528,117674,137,2,1,24,2,1,44,0.001,0.001,,,,,NVIDIA A100-SXM4-40GB MIG 4g.20gb (0),1,,13,"void ch_est::chEstFilterNoDftSOfdmDispatchKernel<float, __half, float, (unsigned int)2>(ch_est::puschRxChEstStatDescr_t *, ch_est::puschRxChEstDynDescr_t *)"
4672012823,6720,117685,103,1,1,128,1,1,16,0.000,0.000,,,,,NVIDIA A100-SXM4-40GB MIG 4g.20gb (0),1,,13,cupy_copy__complex64_complex64
4672038615,14464,117695,1434,1,1,128,1,1,16,0.000,0.000,,,,,NVIDIA A100-SXM4-40GB MIG 4g.20gb (0),1,,13,cupy_copy__complex64_complex64
4672087926,6304,117702,103,1,1,128,1,1,16,0.000,0.000,,,,,NVIDIA A100-SXM4-40GB MIG 4g.20gb (0),1,,13,cupy_copy__complex64_complex64
4672117846,250813,117709,1,1,1,32,32,1,30,0.000,0.000,,,,,NVIDIA A100-SXM4-40GB MIG 4g.20gb (0),1,,13,"void convert_kernel<__half2, float2>(tensor_layout_any, T1 *, tensor_layout_any, const T2 *)"
4672398835,5408,117712,,,,,,,,,,0.094,17325.421,Pinned,Device,NVIDIA A100-SXM4-40GB MIG 4g.20gb (0),1,,13,[CUDA memcpy Host-to-Device]
4672446386,60672,117713,,,,,,,,,,35.810,590219.101,Device,,NVIDIA A100-SXM4-40GB MIG 4g.20gb (0),1,,13,[CUDA memset]
4672508178,1824,117715,,,,,,,,,,0.000,43.860,Pinned,Device,NVIDIA A100-SXM4-40GB MIG 4g.20gb (0),1,,13,[CUDA memcpy Host-to-Device]
4672515377,10912,117716,,,,,,,,,,0.197,18017.550,Pinned,Device,NVIDIA A100-SXM4-40GB MIG 4g.20gb (0),1,,13,[CUDA memcpy Host-to-Device]
4672572081,29183,117717,273,1,1,48,1,1,40,0.000,0.001,,,,,NVIDIA A100-SXM4-40GB MIG 4g.20gb (0),1,,13,"void pusch_noise_intf_est::noiseIntfEstNoDftSOfdmKernel<float, __half, float, float, (unsigned int)2, (unsigned int)1, (unsigned char)4, (unsigned char)4>(pusch_noise_intf_est::puschRxNoiseIntfEstDynDescr)"
4672604624,8448,117728,35,1,1,128,1,1,16,0.000,0.000,,,,,NVIDIA A100-SXM4-40GB MIG 4g.20gb (0),1,,13,cupy_copy__complex64_complex64
4672648016,4384,117737,1,1,1,1,1,1,18,0.000,0.000,,,,,NVIDIA A100-SXM4-40GB MIG 4g.20gb (0),1,,13,cupy_copy__float32_float32
4672657136,1696,117743,,,,,,,,,,0.000,2.358,Device,Pageable,NVIDIA A100-SXM4-40GB MIG 4g.20gb (0),1,,7,[CUDA memcpy Device-to-Host]
4672741487,16256,117754,1434,1,1,128,1,1,16,0.000,0.000,,,,,NVIDIA A100-SXM4-40GB MIG 4g.20gb (0),1,,13,cupy_copy__complex64_complex64
4672774798,4832,117761,103,1,1,128,1,1,16,0.000,0.000,,,,,NVIDIA A100-SXM4-40GB MIG 4g.20gb (0),1,,13,cupy_copy__complex64_complex64
4672817262,12224,117768,35,1,1,128,1,1,16,0.000,0.000,,,,,NVIDIA A100-SXM4-40GB MIG 4g.20gb (0),1,,13,cupy_copy__complex64_complex64
4672847278,5952,117775,1,1,1,1,1,1,18,0.000,0.000,,,,,NVIDIA A100-SXM4-40GB MIG 4g.20gb (0),1,,13,cupy_copy__float32_float32
4672943597,240509,117786,1,1,1,32,32,1,30,0.000,0.000,,,,,NVIDIA A100-SXM4-40GB MIG 4g.20gb (0),1,,13,"void convert_kernel<__half2, float2>(tensor_layout_any, T1 *, tensor_layout_any, const T2 *)"
4673214857,5376,117789,,,,,,,,,,0.094,17428.487,Pinned,Device,NVIDIA A100-SXM4-40GB MIG 4g.20gb (0),1,,13,[CUDA memcpy Host-to-Device]
4673233097,9088,117790,,,,,,,,,,1.547,170182.772,Device,,NVIDIA A100-SXM4-40GB MIG 4g.20gb (0),1,,13,[CUDA memset]
4673245897,3040,117795,,,,,,,,,,0.031,10294.725,Pinned,Device,NVIDIA A100-SXM4-40GB MIG 4g.20gb (0),1,,13,[CUDA memcpy Host-to-Device]
4673251657,9856,117796,,,,,,,,,,0.197,19948.044,Pinned,Device,NVIDIA A100-SXM4-40GB MIG 4g.20gb (0),1,,13,[CUDA memcpy Host-to-Device]
4673287913,38047,117797,273,1,1,8,4,1,39,0.002,0.000,,,,,NVIDIA A100-SXM4-40GB MIG 4g.20gb (0),1,,13,"void channel_eq::eqMmseCoefCompLowMimoKernel<float, float, float, (unsigned int)4, (unsigned int)1, (unsigned int)4>(const channel_eq::_puschRxChEqStatDescr *, channel_eq::_puschRxChEqCoefCompDynDescr)"
4673334920,25824,117798,273,1,1,12,11,1,51,0.002,0.000,,,,,NVIDIA A100-SXM4-40GB MIG 4g.20gb (0),1,,13,"void channel_eq::eqMmseSoftDemapKernel<float, __half, __half, float, (unsigned int)4, (unsigned short)16383>(channel_eq::_puschRxChEqStatDescr *, channel_eq::_puschRxChEqSoftDemapDynDescr)"
4673386375,605497,117799,1,1,1,32,32,1,30,0.000,0.000,,,,,NVIDIA A100-SXM4-40GB MIG 4g.20gb (0),1,,13,"void convert_kernel<float2, __half2>(tensor_layout_any, T1 *, tensor_layout_any, const T2 *)"
4674009248,15680,117811,2253,1,1,128,1,1,16,0.000,0.000,,,,,NVIDIA A100-SXM4-40GB MIG 4g.20gb (0),1,,13,cupy_copy__float16_float16
4674044832,5728,117820,282,1,1,128,1,1,16,0.000,0.000,,,,,NVIDIA A100-SXM4-40GB MIG 4g.20gb (0),1,,13,cupy_copy__complex64_complex64
4674078367,6112,117829,26,1,1,128,1,1,16,0.000,0.000,,,,,NVIDIA A100-SXM4-40GB MIG 4g.20gb (0),1,,13,cupy_copy__float32_float32
4674100383,11296,117838,103,1,1,128,1,1,16,0.000,0.000,,,,,NVIDIA A100-SXM4-40GB MIG 4g.20gb (0),1,,13,cupy_copy__complex64_complex64
4674160158,15904,117848,1434,1,1,128,1,1,16,0.000,0.000,,,,,NVIDIA A100-SXM4-40GB MIG 4g.20gb (0),1,,13,cupy_copy__complex64_complex64
4674196990,258365,117853,1,1,1,32,32,1,30,0.000,0.000,,,,,NVIDIA A100-SXM4-40GB MIG 4g.20gb (0),1,,13,"void convert_kernel<__half2, float2>(tensor_layout_any, T1 *, tensor_layout_any, const T2 *)"
4674484667,5536,117856,,,,,,,,,,0.094,16924.777,Pinned,Device,NVIDIA A100-SXM4-40GB MIG 4g.20gb (0),1,,13,[CUDA memcpy Host-to-Device]
4674529562,624953,117857,,,,,,,,,,456.561,730498.304,Device,,NVIDIA A100-SXM4-40GB MIG 4g.20gb (0),1,,13,[CUDA memset]
4675162131,51743,117862,,,,,,,,,,1.235,23866.528,Pinned,Device,NVIDIA A100-SXM4-40GB MIG 4g.20gb (0),1,,13,[CUDA memcpy Host-to-Device]
4675216306,10336,117863,,,,,,,,,,0.197,19021.627,Pinned,Device,NVIDIA A100-SXM4-40GB MIG 4g.20gb (0),1,,13,[CUDA memcpy Host-to-Device]
4675253938,22144,117864,69,4,1,48,1,1,76,0.002,0.000,,,,,NVIDIA A100-SXM4-40GB MIG 4g.20gb (0),1,,13,"void ch_est::windowedChEstPreNoDftSOfdmKernel<float, __half, float, (unsigned int)2, (unsigned int)1, (unsigned short)4>(ch_est::puschRxChEstStatDescr_t *, ch_est::puschRxChEstDynDescr_t *)"
4675293201,19488,117865,137,2,1,24,2,1,44,0.001,0.001,,,,,NVIDIA A100-SXM4-40GB MIG 4g.20gb (0),1,,13,"void ch_est::chEstFilterNoDftSOfdmDispatchKernel<float, __half, float, (unsigned int)2>(ch_est::puschRxChEstStatDescr_t *, ch_est::puschRxChEstDynDescr_t *)"
4675334481,26304,117866,137,2,1,24,2,1,44,0.001,0.001,,,,,NVIDIA A100-SXM4-40GB MIG 4g.20gb (0),1,,13,"void ch_est::chEstFilterNoDftSOfdmDispatchKernel<float, __half, float, (unsigned int)2>(ch_est::puschRxChEstStatDescr_t *, ch_est::puschRxChEstDynDescr_t *)"
4675368625,4895,117877,103,1,1,128,1,1,16,0.000,0.000,,,,,NVIDIA A100-SXM4-40GB MIG 4g.20gb (0),1,,13,cupy_copy__complex64_complex64
4675410192,14944,117887,1434,1,1,128,1,1,16,0.000,0.000,,,,,NVIDIA A100-SXM4-40GB MIG 4g.20gb (0),1,,13,cupy_copy__complex64_complex64
4675447280,5600,117894,103,1,1,128,1,1,16,0.000,0.000,,,,,NVIDIA A100-SXM4-40GB MIG 4g.20gb (0),1,,13,cupy_copy__complex64_complex64
4675496015,258813,117901,1,1,1,32,32,1,30,0.000,0.000,,,,,NVIDIA A100-SXM4-40GB MIG 4g.20gb (0),1,,13,"void convert_kernel<__half2, float2>(tensor_layout_any, T1 *, tensor_layout_any, const T2 *)"
4675784332,5984,117904,,,,,,,,,,0.094,15657.726,Pinned,Device,NVIDIA A100-SXM4-40GB MIG 4g.20gb (0),1,,13,[CUDA memcpy Host-to-Device]
4675802028,61151,117905,,,,,,,,,,35.810,585563.812,Device,,NVIDIA A100-SXM4-40GB MIG 4g.20gb (0),1,,13,[CUDA memset]
4675866699,1824,117907,,,,,,,,,,0.000,43.860,Pinned,Device,NVIDIA A100-SXM4-40GB MIG 4g.20gb (0),1,,13,[CUDA memcpy Host-to-Device]
4675870987,12160,117908,,,,,,,,,,0.197,16168.255,Pinned,Device,NVIDIA A100-SXM4-40GB MIG 4g.20gb (0),1,,13,[CUDA memcpy Host-to-Device]
4675925578,23168,117909,273,1,1,48,1,1,40,0.000,0.001,,,,,NVIDIA A100-SXM4-40GB MIG 4g.20gb (0),1,,13,"void pusch_noise_intf_est::noiseIntfEstNoDftSOfdmKernel<float, __half, float, float, (unsigned int)2, (unsigned int)1, (unsigned char)4, (unsigned char)4>(pusch_noise_intf_est::puschRxNoiseIntfEstDynDescr)"
4675964010,10400,117920,35,1,1,128,1,1,16,0.000,0.000,,,,,NVIDIA A100-SXM4-40GB MIG 4g.20gb (0),1,,13,cupy_copy__complex64_complex64
4675987785,3040,117929,1,1,1,1,1,1,18,0.000,0.000,,,,,NVIDIA A100-SXM4-40GB MIG 4g.20gb (0),1,,13,cupy_copy__float32_float32
4675997705,1600,117935,,,,,,,,,,0.000,2.500,Device,Pageable,NVIDIA A100-SXM4-40GB MIG 4g.20gb (0),1,,7,[CUDA memcpy Device-to-Host]
4676068296,16128,117946,1434,1,1,128,1,1,16,0.000,0.000,,,,,NVIDIA A100-SXM4-40GB MIG 4g.20gb (0),1,,13,cupy_copy__complex64_complex64
4676123176,5760,117953,103,1,1,128,1,1,16,0.000,0.000,,,,,NVIDIA A100-SXM4-40GB MIG 4g.20gb (0),1,,13,cupy_copy__complex64_complex64
4676151175,7808,117960,35,1,1,128,1,1,16,0.000,0.000,,,,,NVIDIA A100-SXM4-40GB MIG 4g.20gb (0),1,,13,cupy_copy__complex64_complex64
4676198727,4096,117967,1,1,1,1,1,1,18,0.000,0.000,,,,,NVIDIA A100-SXM4-40GB MIG 4g.20gb (0),1,,13,cupy_copy__float32_float32
4676294726,251645,117978,1,1,1,32,32,1,30,0.000,0.000,,,,,NVIDIA A100-SXM4-40GB MIG 4g.20gb (0),1,,13,"void convert_kernel<__half2, float2>(tensor_layout_any, T1 *, tensor_layout_any, const T2 *)"
4676575459,5408,117981,,,,,,,,,,0.094,17325.421,Pinned,Device,NVIDIA A100-SXM4-40GB MIG 4g.20gb (0),1,,13,[CUDA memcpy Host-to-Device]
4676589986,5728,117982,,,,,,,,,,1.547,270011.165,Device,,NVIDIA A100-SXM4-40GB MIG 4g.20gb (0),1,,13,[CUDA memset]
4676596866,3104,117987,,,,,,,,,,0.031,10082.445,Pinned,Device,NVIDIA A100-SXM4-40GB MIG 4g.20gb (0),1,,13,[CUDA memcpy Host-to-Device]
4676602786,9888,117988,,,,,,,,,,0.197,19883.360,Pinned,Device,NVIDIA A100-SXM4-40GB MIG 4g.20gb (0),1,,13,[CUDA memcpy Host-to-Device]
4676629442,35616,117989,273,1,1,8,4,1,39,0.002,0.000,,,,,NVIDIA A100-SXM4-40GB MIG 4g.20gb (0),1,,13,"void channel_eq::eqMmseCoefCompLowMimoKernel<float, float, float, (unsigned int)4, (unsigned int)1, (unsigned int)4>(const channel_eq::_puschRxChEqStatDescr *, channel_eq::_puschRxChEqCoefCompDynDescr)"
4676673921,24992,117990,273,1,1,12,11,1,51,0.002,0.000,,,,,NVIDIA A100-SXM4-40GB MIG 4g.20gb (0),1,,13,"void channel_eq::eqMmseSoftDemapKernel<float, __half, __half, float, (unsigned int)4, (unsigned short)16383>(channel_eq::_puschRxChEqStatDescr *, channel_eq::_puschRxChEqSoftDemapDynDescr)"
4676725729,595225,117991,1,1,1,32,32,1,30,0.000,0.000,,,,,NVIDIA A100-SXM4-40GB MIG 4g.20gb (0),1,,13,"void convert_kernel<float2, __half2>(tensor_layout_any, T1 *, tensor_layout_any, const T2 *)"
4677349978,16095,118003,2253,1,1,128,1,1,16,0.000,0.000,,,,,NVIDIA A100-SXM4-40GB MIG 4g.20gb (0),1,,13,cupy_copy__float16_float16
4677385369,5536,118012,282,1,1,128,1,1,16,0.000,0.000,,,,,NVIDIA A100-SXM4-40GB MIG 4g.20gb (0),1,,13,cupy_copy__complex64_complex64
4677417849,6464,118021,26,1,1,128,1,1,16,0.000,0.000,,,,,NVIDIA A100-SXM4-40GB MIG 4g.20gb (0),1,,13,cupy_copy__float32_float32
4677440025,10879,118030,103,1,1,128,1,1,16,0.000,0.000,,,,,NVIDIA A100-SXM4-40GB MIG 4g.20gb (0),1,,13,cupy_copy__complex64_complex64
4677534520,16831,118040,1434,1,1,128,1,1,16,0.000,0.000,,,,,NVIDIA A100-SXM4-40GB MIG 4g.20gb (0),1,,13,cupy_copy__complex64_complex64
4677574871,251229,118045,1,1,1,32,32,1,30,0.000,0.000,,,,,NVIDIA A100-SXM4-40GB MIG 4g.20gb (0),1,,13,"void convert_kernel<__half2, float2>(tensor_layout_any, T1 *, tensor_layout_any, const T2 *)"
4677854996,5344,118048,,,,,,,,,,0.094,17532.864,Pinned,Device,NVIDIA A100-SXM4-40GB MIG 4g.20gb (0),1,,13,[CUDA memcpy Host-to-Device]
4677904403,623641,118049,,,,,,,,,,456.561,731867.988,Device,,NVIDIA A100-SXM4-40GB MIG 4g.20gb (0),1,,13,[CUDA memset]
4678530284,52639,118054,,,,,,,,,,1.235,23460.231,Pinned,Device,NVIDIA A100-SXM4-40GB MIG 4g.20gb (0),1,,13,[CUDA memcpy Host-to-Device]
4678585675,9536,118055,,,,,,,,,,0.197,20617.298,Pinned,Device,NVIDIA A100-SXM4-40GB MIG 4g.20gb (0),1,,13,[CUDA memcpy Host-to-Device]
4678626923,23488,118056,69,4,1,48,1,1,76,0.002,0.000,,,,,NVIDIA A100-SXM4-40GB MIG 4g.20gb (0),1,,13,"void ch_est::windowedChEstPreNoDftSOfdmKernel<float, __half, float, (unsigned int)2, (unsigned int)1, (unsigned short)4>(ch_est::puschRxChEstStatDescr_t *, ch_est::puschRxChEstDynDescr_t *)"
4678661739,17887,118057,137,2,1,24,2,1,44,0.001,0.001,,,,,NVIDIA A100-SXM4-40GB MIG 4g.20gb (0),1,,13,"void ch_est::chEstFilterNoDftSOfdmDispatchKernel<float, __half, float, (unsigned int)2>(ch_est::puschRxChEstStatDescr_t *, ch_est::puschRxChEstDynDescr_t *)"
4678707850,26080,118058,137,2,1,24,2,1,44,0.001,0.001,,,,,NVIDIA A100-SXM4-40GB MIG 4g.20gb (0),1,,13,"void ch_est::chEstFilterNoDftSOfdmDispatchKernel<float, __half, float, (unsigned int)2>(ch_est::puschRxChEstStatDescr_t *, ch_est::puschRxChEstDynDescr_t *)"
4678741738,5376,118069,103,1,1,128,1,1,16,0.000,0.000,,,,,NVIDIA A100-SXM4-40GB MIG 4g.20gb (0),1,,13,cupy_copy__complex64_complex64
4678783785,14752,118079,1434,1,1,128,1,1,16,0.000,0.000,,,,,NVIDIA A100-SXM4-40GB MIG 4g.20gb (0),1,,13,cupy_copy__complex64_complex64
4678817577,5504,118086,103,1,1,128,1,1,16,0.000,0.000,,,,,NVIDIA A100-SXM4-40GB MIG 4g.20gb (0),1,,13,cupy_copy__complex64_complex64
4678866376,255549,118093,1,1,1,32,32,1,30,0.000,0.000,,,,,NVIDIA A100-SXM4-40GB MIG 4g.20gb (0),1,,13,"void convert_kernel<__half2, float2>(tensor_layout_any, T1 *, tensor_layout_any, const T2 *)"
4679150565,6144,118096,,,,,,,,,,0.094,15249.961,Pinned,Device,NVIDIA A100-SXM4-40GB MIG 4g.20gb (0),1,,13,[CUDA memcpy Host-to-Device]
4679178981,60703,118097,,,,,,,,,,35.810,589896.812,Device,,NVIDIA A100-SXM4-40GB MIG 4g.20gb (0),1,,13,[CUDA memset]
4679243748,1824,118099,,,,,,,,,,0.000,43.860,Pinned,Device,NVIDIA A100-SXM4-40GB MIG 4g.20gb (0),1,,13,[CUDA memcpy Host-to-Device]
4679248004,9408,118100,,,,,,,,,,0.197,20897.858,Pinned,Device,NVIDIA A100-SXM4-40GB MIG 4g.20gb (0),1,,13,[CUDA memcpy Host-to-Device]
4679293507,26144,118101,273,1,1,48,1,1,40,0.000,0.001,,,,,NVIDIA A100-SXM4-40GB MIG 4g.20gb (0),1,,13,"void pusch_noise_intf_est::noiseIntfEstNoDftSOfdmKernel<float, __half, float, float, (unsigned int)2, (unsigned int)1, (unsigned char)4, (unsigned char)4>(pusch_noise_intf_est::puschRxNoiseIntfEstDynDescr)"
4679336579,8832,118112,35,1,1,128,1,1,16,0.000,0.000,,,,,NVIDIA A100-SXM4-40GB MIG 4g.20gb (0),1,,13,cupy_copy__complex64_complex64
4679358818,2720,118121,1,1,1,1,1,1,18,0.000,0.000,,,,,NVIDIA A100-SXM4-40GB MIG 4g.20gb (0),1,,13,cupy_copy__float32_float32
4679367202,1600,118127,,,,,,,,,,0.000,2.500,Device,Pageable,NVIDIA A100-SXM4-40GB MIG 4g.20gb (0),1,,7,[CUDA memcpy Device-to-Host]
4679442338,14943,118138,1434,1,1,128,1,1,16,0.000,0.000,,,,,NVIDIA A100-SXM4-40GB MIG 4g.20gb (0),1,,13,cupy_copy__complex64_complex64
4679498369,6144,118145,103,1,1,128,1,1,16,0.000,0.000,,,,,NVIDIA A100-SXM4-40GB MIG 4g.20gb (0),1,,13,cupy_copy__complex64_complex64
4679525985,6527,118152,35,1,1,128,1,1,16,0.000,0.000,,,,,NVIDIA A100-SXM4-40GB MIG 4g.20gb (0),1,,13,cupy_copy__complex64_complex64
4679573984,5184,118159,1,1,1,1,1,1,18,0.000,0.000,,,,,NVIDIA A100-SXM4-40GB MIG 4g.20gb (0),1,,13,cupy_copy__float32_float32
4679670911,242109,118170,1,1,1,32,32,1,30,0.000,0.000,,,,,NVIDIA A100-SXM4-40GB MIG 4g.20gb (0),1,,13,"void convert_kernel<__half2, float2>(tensor_layout_any, T1 *, tensor_layout_any, const T2 *)"
4679944508,6048,118173,,,,,,,,,,0.094,15491.978,Pinned,Device,NVIDIA A100-SXM4-40GB MIG 4g.20gb (0),1,,13,[CUDA memcpy Host-to-Device]
4679974939,8960,118174,,,,,,,,,,1.547,172614.065,Device,,NVIDIA A100-SXM4-40GB MIG 4g.20gb (0),1,,13,[CUDA memset]
4679987739,3072,118179,,,,,,,,,,0.031,10187.474,Pinned,Device,NVIDIA A100-SXM4-40GB MIG 4g.20gb (0),1,,13,[CUDA memcpy Host-to-Device]
4679993243,9440,118180,,,,,,,,,,0.197,20827.079,Pinned,Device,NVIDIA A100-SXM4-40GB MIG 4g.20gb (0),1,,13,[CUDA memcpy Host-to-Device]
4680025659,29023,118181,273,1,1,8,4,1,39,0.002,0.000,,,,,NVIDIA A100-SXM4-40GB MIG 4g.20gb (0),1,,13,"void channel_eq::eqMmseCoefCompLowMimoKernel<float, float, float, (unsigned int)4, (unsigned int)1, (unsigned int)4>(const channel_eq::_puschRxChEqStatDescr *, channel_eq::_puschRxChEqCoefCompDynDescr)"
4680056442,8448,118182,273,1,1,12,11,1,51,0.002,0.000,,,,,NVIDIA A100-SXM4-40GB MIG 4g.20gb (0),1,,13,"void channel_eq::eqMmseSoftDemapKernel<float, __half, __half, float, (unsigned int)4, (unsigned short)16383>(channel_eq::_puschRxChEqStatDescr *, channel_eq::_puschRxChEqSoftDemapDynDescr)"
4680098138,360380,118183,1,1,1,32,32,1,30,0.000,0.000,,,,,NVIDIA A100-SXM4-40GB MIG 4g.20gb (0),1,,13,"void convert_kernel<float2, __half2>(tensor_layout_any, T1 *, tensor_layout_any, const T2 *)"
4680487669,14880,118195,2253,1,1,128,1,1,16,0.000,0.000,,,,,NVIDIA A100-SXM4-40GB MIG 4g.20gb (0),1,,13,cupy_copy__float16_float16
4680504277,2880,118204,282,1,1,128,1,1,16,0.000,0.000,,,,,NVIDIA A100-SXM4-40GB MIG 4g.20gb (0),1,,13,cupy_copy__complex64_complex64
4680534965,5344,118213,26,1,1,128,1,1,16,0.000,0.000,,,,,NVIDIA A100-SXM4-40GB MIG 4g.20gb (0),1,,13,cupy_copy__float32_float32
4680542613,4160,118222,103,1,1,128,1,1,16,0.000,0.000,,,,,NVIDIA A100-SXM4-40GB MIG 4g.20gb (0),1,,13,cupy_copy__complex64_complex64
4680548757,12288,118232,1434,1,1,128,1,1,16,0.000,0.000,,,,,NVIDIA A100-SXM4-40GB MIG 4g.20gb (0),1,,13,cupy_copy__complex64_complex64
4680599540,118975,118237,1,1,1,32,32,1,30,0.000,0.000,,,,,NVIDIA A100-SXM4-40GB MIG 4g.20gb (0),1,,13,"void convert_kernel<__half2, float2>(tensor_layout_any, T1 *, tensor_layout_any, const T2 *)"
4680747410,5344,118240,,,,,,,,,,0.094,17532.864,Pinned,Device,NVIDIA A100-SXM4-40GB MIG 4g.20gb (0),1,,13,[CUDA memcpy Host-to-Device]
4680790674,617177,118241,,,,,,,,,,456.561,739629.533,Device,,NVIDIA A100-SXM4-40GB MIG 4g.20gb (0),1,,13,[CUDA memset]
4681408683,52479,118246,,,,,,,,,,1.235,23531.858,Pinned,Device,NVIDIA A100-SXM4-40GB MIG 4g.20gb (0),1,,13,[CUDA memcpy Host-to-Device]
4681463882,9408,118247,,,,,,,,,,0.197,20897.858,Pinned,Device,NVIDIA A100-SXM4-40GB MIG 4g.20gb (0),1,,13,[CUDA memcpy Host-to-Device]
4681489418,19552,118248,69,4,1,48,1,1,76,0.002,0.000,,,,,NVIDIA A100-SXM4-40GB MIG 4g.20gb (0),1,,13,"void ch_est::windowedChEstPreNoDftSOfdmKernel<float, __half, float, (unsigned int)2, (unsigned int)1, (unsigned short)4>(ch_est::puschRxChEstStatDescr_t *, ch_est::puschRxChEstDynDescr_t *)"
4681510346,8736,118249,137,2,1,24,2,1,44,0.001,0.001,,,,,NVIDIA A100-SXM4-40GB MIG 4g.20gb (0),1,,13,"void ch_est::chEstFilterNoDftSOfdmDispatchKernel<float, __half, float, (unsigned int)2>(ch_est::puschRxChEstStatDescr_t *, ch_est::puschRxChEstDynDescr_t *)"
4681546921,22048,118250,137,2,1,24,2,1,44,0.001,0.001,,,,,NVIDIA A100-SXM4-40GB MIG 4g.20gb (0),1,,13,"void ch_est::chEstFilterNoDftSOfdmDispatchKernel<float, __half, float, (unsigned int)2>(ch_est::puschRxChEstStatDescr_t *, ch_est::puschRxChEstDynDescr_t *)"
4681570473,2688,118261,103,1,1,128,1,1,16,0.000,0.000,,,,,NVIDIA A100-SXM4-40GB MIG 4g.20gb (0),1,,13,cupy_copy__complex64_complex64
4681610664,14240,118271,1434,1,1,128,1,1,16,0.000,0.000,,,,,NVIDIA A100-SXM4-40GB MIG 4g.20gb (0),1,,13,cupy_copy__complex64_complex64
4681626856,2400,118278,103,1,1,128,1,1,16,0.000,0.000,,,,,NVIDIA A100-SXM4-40GB MIG 4g.20gb (0),1,,13,cupy_copy__complex64_complex64
4681630888,85471,118285,1,1,1,32,32,1,30,0.000,0.000,,,,,NVIDIA A100-SXM4-40GB MIG 4g.20gb (0),1,,13,"void convert_kernel<__half2, float2>(tensor_layout_any, T1 *, tensor_layout_any, const T2 *)"
4681746599,5408,118288,,,,,,,,,,0.094,17325.421,Pinned,Device,NVIDIA A100-SXM4-40GB MIG 4g.20gb (0),1,,13,[CUDA memcpy Host-to-Device]
4681777319,62399,118289,,,,,,,,,,35.810,573853.968,Device,,NVIDIA A100-SXM4-40GB MIG 4g.20gb (0),1,,13,[CUDA memset]
4681839334,2752,118291,,,,,,,,,,0.000,29.070,Pinned,Device,NVIDIA A100-SXM4-40GB MIG 4g.20gb (0),1,,13,[CUDA memcpy Host-to-Device]
4681844774,9504,118292,,,,,,,,,,0.197,20686.701,Pinned,Device,NVIDIA A100-SXM4-40GB MIG 4g.20gb (0),1,,13,[CUDA memcpy Host-to-Device]
4681938885,26783,118293,273,1,1,48,1,1,40,0.000,0.001,,,,,NVIDIA A100-SXM4-40GB MIG 4g.20gb (0),1,,13,"void pusch_noise_intf_est::noiseIntfEstNoDftSOfdmKernel<float, __half, float, float, (unsigned int)2, (unsigned int)1, (unsigned char)4, (unsigned char)4>(pusch_noise_intf_est::puschRxNoiseIntfEstDynDescr)"
4682002308,14880,118304,35,1,1,128,1,1,16,0.000,0.000,,,,,NVIDIA A100-SXM4-40GB MIG 4g.20gb (0),1,,13,cupy_copy__complex64_complex64
4682042883,4576,118313,1,1,1,1,1,1,18,0.000,0.000,,,,,NVIDIA A100-SXM4-40GB MIG 4g.20gb (0),1,,13,cupy_copy__float32_float32
4682053603,1600,118319,,,,,,,,,,0.000,2.500,Device,Pageable,NVIDIA A100-SXM4-40GB MIG 4g.20gb (0),1,,7,[CUDA memcpy Device-to-Host]
4682142722,16000,118330,1434,1,1,128,1,1,16,0.000,0.000,,,,,NVIDIA A100-SXM4-40GB MIG 4g.20gb (0),1,,13,cupy_copy__complex64_complex64
4682197186,6432,118337,103,1,1,128,1,1,16,0.000,0.000,,,,,NVIDIA A100-SXM4-40GB MIG 4g.20gb (0),1,,13,cupy_copy__complex64_complex64
4682220161,10240,118344,35,1,1,128,1,1,16,0.000,0.000,,,,,NVIDIA A100-SXM4-40GB MIG 4g.20gb (0),1,,13,cupy_copy__complex64_complex64
4682268801,5824,118351,1,1,1,1,1,1,18,0.000,0.000,,,,,NVIDIA A100-SXM4-40GB MIG 4g.20gb (0),1,,13,cupy_copy__float32_float32
4682363776,243901,118362,1,1,1,32,32,1,30,0.000,0.000,,,,,NVIDIA A100-SXM4-40GB MIG 4g.20gb (0),1,,13,"void convert_kernel<__half2, float2>(tensor_layout_any, T1 *, tensor_layout_any, const T2 *)"
4682637213,5408,118365,,,,,,,,,,0.094,17325.421,Pinned,Device,NVIDIA A100-SXM4-40GB MIG 4g.20gb (0),1,,13,[CUDA memcpy Host-to-Device]
4682658108,11040,118366,,,,,,,,,,1.547,140091.655,Device,,NVIDIA A100-SXM4-40GB MIG 4g.20gb (0),1,,13,[CUDA memset]
4682676892,3040,118371,,,,,,,,,,0.031,10294.725,Pinned,Device,NVIDIA A100-SXM4-40GB MIG 4g.20gb (0),1,,13,[CUDA memcpy Host-to-Device]
4682682332,9440,118372,,,,,,,,,,0.197,20827.079,Pinned,Device,NVIDIA A100-SXM4-40GB MIG 4g.20gb (0),1,,13,[CUDA memcpy Host-to-Device]
4682723356,29887,118373,273,1,1,8,4,1,39,0.002,0.000,,,,,NVIDIA A100-SXM4-40GB MIG 4g.20gb (0),1,,13,"void channel_eq::eqMmseCoefCompLowMimoKernel<float, float, float, (unsigned int)4, (unsigned int)1, (unsigned int)4>(const channel_eq::_puschRxChEqStatDescr *, channel_eq::_puschRxChEqCoefCompDynDescr)"
4682790619,24672,118374,273,1,1,12,11,1,51,0.002,0.000,,,,,NVIDIA A100-SXM4-40GB MIG 4g.20gb (0),1,,13,"void channel_eq::eqMmseSoftDemapKernel<float, __half, __half, float, (unsigned int)4, (unsigned short)16383>(channel_eq::_puschRxChEqStatDescr *, channel_eq::_puschRxChEqSoftDemapDynDescr)"
4682861818,604985,118375,1,1,1,32,32,1,30,0.000,0.000,,,,,NVIDIA A100-SXM4-40GB MIG 4g.20gb (0),1,,13,"void convert_kernel<float2, __half2>(tensor_layout_any, T1 *, tensor_layout_any, const T2 *)"
4683473459,15104,118387,2253,1,1,128,1,1,16,0.000,0.000,,,,,NVIDIA A100-SXM4-40GB MIG 4g.20gb (0),1,,13,cupy_copy__float16_float16
4683520370,9184,118396,282,1,1,128,1,1,16,0.000,0.000,,,,,NVIDIA A100-SXM4-40GB MIG 4g.20gb (0),1,,13,cupy_copy__complex64_complex64
4683540562,5568,118405,26,1,1,128,1,1,16,0.000,0.000,,,,,NVIDIA A100-SXM4-40GB MIG 4g.20gb (0),1,,13,cupy_copy__float32_float32
4683574706,12512,118414,103,1,1,128,1,1,16,0.000,0.000,,,,,NVIDIA A100-SXM4-40GB MIG 4g.20gb (0),1,,13,cupy_copy__complex64_complex64
4683625905,16384,118424,1434,1,1,128,1,1,16,0.000,0.000,,,,,NVIDIA A100-SXM4-40GB MIG 4g.20gb (0),1,,13,cupy_copy__complex64_complex64
4683681393,263869,118429,1,1,1,32,32,1,30,0.000,0.000,,,,,NVIDIA A100-SXM4-40GB MIG 4g.20gb (0),1,,13,"void convert_kernel<__half2, float2>(tensor_layout_any, T1 *, tensor_layout_any, const T2 *)"
4683977165,5408,118432,,,,,,,,,,0.094,17325.421,Pinned,Device,NVIDIA A100-SXM4-40GB MIG 4g.20gb (0),1,,13,[CUDA memcpy Host-to-Device]
4684024493,611385,118433,,,,,,,,,,456.561,746477.954,Device,,NVIDIA A100-SXM4-40GB MIG 4g.20gb (0),1,,13,[CUDA memset]
4684637318,51071,118438,,,,,,,,,,1.235,24180.204,Pinned,Device,NVIDIA A100-SXM4-40GB MIG 4g.20gb (0),1,,13,[CUDA memcpy Host-to-Device]
4684690853,9376,118439,,,,,,,,,,0.197,20969.226,Pinned,Device,NVIDIA A100-SXM4-40GB MIG 4g.20gb (0),1,,13,[CUDA memcpy Host-to-Device]
4684742884,23808,118440,69,4,1,48,1,1,76,0.002,0.000,,,,,NVIDIA A100-SXM4-40GB MIG 4g.20gb (0),1,,13,"void ch_est::windowedChEstPreNoDftSOfdmKernel<float, __half, float, (unsigned int)2, (unsigned int)1, (unsigned short)4>(ch_est::puschRxChEstStatDescr_t *, ch_est::puschRxChEstDynDescr_t *)"
4684779908,18240,118441,137,2,1,24,2,1,44,0.001,0.001,,,,,NVIDIA A100-SXM4-40GB MIG 4g.20gb (0),1,,13,"void ch_est::chEstFilterNoDftSOfdmDispatchKernel<float, __half, float, (unsigned int)2>(ch_est::puschRxChEstStatDescr_t *, ch_est::puschRxChEstDynDescr_t *)"
4684799300,5216,118442,137,2,1,24,2,1,44,0.001,0.001,,,,,NVIDIA A100-SXM4-40GB MIG 4g.20gb (0),1,,13,"void ch_est::chEstFilterNoDftSOfdmDispatchKernel<float, __half, float, (unsigned int)2>(ch_est::puschRxChEstStatDescr_t *, ch_est::puschRxChEstDynDescr_t *)"
4684817795,4416,118453,103,1,1,128,1,1,16,0.000,0.000,,,,,NVIDIA A100-SXM4-40GB MIG 4g.20gb (0),1,,13,cupy_copy__complex64_complex64
4684823267,13024,118463,1434,1,1,128,1,1,16,0.000,0.000,,,,,NVIDIA A100-SXM4-40GB MIG 4g.20gb (0),1,,13,cupy_copy__complex64_complex64
4684837283,2560,118470,103,1,1,128,1,1,16,0.000,0.000,,,,,NVIDIA A100-SXM4-40GB MIG 4g.20gb (0),1,,13,cupy_copy__complex64_complex64
4684859267,130974,118477,1,1,1,32,32,1,30,0.000,0.000,,,,,NVIDIA A100-SXM4-40GB MIG 4g.20gb (0),1,,13,"void convert_kernel<__half2, float2>(tensor_layout_any, T1 *, tensor_layout_any, const T2 *)"
4685018689,5408,118480,,,,,,,,,,0.094,17325.421,Pinned,Device,NVIDIA A100-SXM4-40GB MIG 4g.20gb (0),1,,13,[CUDA memcpy Host-to-Device]
4685031521,51903,118481,,,,,,,,,,35.810,689913.919,Device,,NVIDIA A100-SXM4-40GB MIG 4g.20gb (0),1,,13,[CUDA memset]
4685086208,1856,118483,,,,,,,,,,0.000,43.103,Pinned,Device,NVIDIA A100-SXM4-40GB MIG 4g.20gb (0),1,,13,[CUDA memcpy Host-to-Device]
4685093216,10112,118484,,,,,,,,,,0.197,19442.958,Pinned,Device,NVIDIA A100-SXM4-40GB MIG 4g.20gb (0),1,,13,[CUDA memcpy Host-to-Device]
4685110144,13024,118485,273,1,1,48,1,1,40,0.000,0.001,,,,,NVIDIA A100-SXM4-40GB MIG 4g.20gb (0),1,,13,"void pusch_noise_intf_est::noiseIntfEstNoDftSOfdmKernel<float, __half, float, float, (unsigned int)2, (unsigned int)1, (unsigned char)4, (unsigned char)4>(pusch_noise_intf_est::puschRxNoiseIntfEstDynDescr)"
4685124320,2592,118496,35,1,1,128,1,1,16,0.000,0.000,,,,,NVIDIA A100-SXM4-40GB MIG 4g.20gb (0),1,,13,cupy_copy__complex64_complex64
4685146976,11104,118505,1,1,1,1,1,1,18,0.000,0.000,,,,,NVIDIA A100-SXM4-40GB MIG 4g.20gb (0),1,,13,cupy_copy__float32_float32
4685173471,1600,118511,,,,,,,,,,0.000,2.500,Device,Pageable,NVIDIA A100-SXM4-40GB MIG 4g.20gb (0),1,,7,[CUDA memcpy Device-to-Host]
4685241439,19487,118522,1434,1,1,128,1,1,16,0.000,0.000,,,,,NVIDIA A100-SXM4-40GB MIG 4g.20gb (0),1,,13,cupy_copy__complex64_complex64
4685262078,2848,118529,103,1,1,128,1,1,16,0.000,0.000,,,,,NVIDIA A100-SXM4-40GB MIG 4g.20gb (0),1,,13,cupy_copy__complex64_complex64
4685283166,4544,118536,35,1,1,128,1,1,16,0.000,0.000,,,,,NVIDIA A100-SXM4-40GB MIG 4g.20gb (0),1,,13,cupy_copy__complex64_complex64
4685316478,14016,118543,1,1,1,1,1,1,18,0.000,0.000,,,,,NVIDIA A100-SXM4-40GB MIG 4g.20gb (0),1,,13,cupy_copy__float32_float32
4685439036,107359,118554,1,1,1,32,32,1,30,0.000,0.000,,,,,NVIDIA A100-SXM4-40GB MIG 4g.20gb (0),1,,13,"void convert_kernel<__half2, float2>(tensor_layout_any, T1 *, tensor_layout_any, const T2 *)"
4685579227,5376,118557,,,,,,,,,,0.094,17428.487,Pinned,Device,NVIDIA A100-SXM4-40GB MIG 4g.20gb (0),1,,13,[CUDA memcpy Host-to-Device]
4685606906,7712,118558,,,,,,,,,,1.547,200547.641,Device,,NVIDIA A100-SXM4-40GB MIG 4g.20gb (0),1,,13,[CUDA memset]
4685621850,3168,118563,,,,,,,,,,0.031,9878.770,Pinned,Device,NVIDIA A100-SXM4-40GB MIG 4g.20gb (0),1,,13,[CUDA memcpy Host-to-Device]
4685627098,9312,118564,,,,,,,,,,0.197,21113.340,Pinned,Device,NVIDIA A100-SXM4-40GB MIG 4g.20gb (0),1,,13,[CUDA memcpy Host-to-Device]
4685649242,23488,118565,273,1,1,8,4,1,39,0.002,0.000,,,,,NVIDIA A100-SXM4-40GB MIG 4g.20gb (0),1,,13,"void channel_eq::eqMmseCoefCompLowMimoKernel<float, float, float, (unsigned int)4, (unsigned int)1, (unsigned int)4>(const channel_eq::_puschRxChEqStatDescr *, channel_eq::_puschRxChEqCoefCompDynDescr)"
4685673850,8543,118566,273,1,1,12,11,1,51,0.002,0.000,,,,,NVIDIA A100-SXM4-40GB MIG 4g.20gb (0),1,,13,"void channel_eq::eqMmseSoftDemapKernel<float, __half, __half, float, (unsigned int)4, (unsigned short)16383>(channel_eq::_puschRxChEqStatDescr *, channel_eq::_puschRxChEqSoftDemapDynDescr)"
4685698329,382268,118567,1,1,1,32,32,1,30,0.000,0.000,,,,,NVIDIA A100-SXM4-40GB MIG 4g.20gb (0),1,,13,"void convert_kernel<float2, __half2>(tensor_layout_any, T1 *, tensor_layout_any, const T2 *)"
4686116052,17344,118579,2253,1,1,128,1,1,16,0.000,0.000,,,,,NVIDIA A100-SXM4-40GB MIG 4g.20gb (0),1,,13,cupy_copy__float16_float16
4686152468,5984,118588,282,1,1,128,1,1,16,0.000,0.000,,,,,NVIDIA A100-SXM4-40GB MIG 4g.20gb (0),1,,13,cupy_copy__complex64_complex64
4686184468,6688,118597,26,1,1,128,1,1,16,0.000,0.000,,,,,NVIDIA A100-SXM4-40GB MIG 4g.20gb (0),1,,13,cupy_copy__float32_float32
4686205683,10848,118606,103,1,1,128,1,1,16,0.000,0.000,,,,,NVIDIA A100-SXM4-40GB MIG 4g.20gb (0),1,,13,cupy_copy__complex64_complex64
4686254835,17120,118616,1434,1,1,128,1,1,16,0.000,0.000,,,,,NVIDIA A100-SXM4-40GB MIG 4g.20gb (0),1,,13,cupy_copy__complex64_complex64
4686287379,258173,118621,1,1,1,32,32,1,30,0.000,0.000,,,,,NVIDIA A100-SXM4-40GB MIG 4g.20gb (0),1,,13,"void convert_kernel<__half2, float2>(tensor_layout_any, T1 *, tensor_layout_any, const T2 *)"
4686588271,5344,118624,,,,,,,,,,0.094,17532.864,Pinned,Device,NVIDIA A100-SXM4-40GB MIG 4g.20gb (0),1,,13,[CUDA memcpy Host-to-Device]
4686602959,625401,118625,,,,,,,,,,456.561,729585.181,Device,,NVIDIA A100-SXM4-40GB MIG 4g.20gb (0),1,,13,[CUDA memset]
4687234792,52639,118630,,,,,,,,,,1.235,23460.231,Pinned,Device,NVIDIA A100-SXM4-40GB MIG 4g.20gb (0),1,,13,[CUDA memcpy Host-to-Device]
4687289959,9504,118631,,,,,,,,,,0.197,20686.701,Pinned,Device,NVIDIA A100-SXM4-40GB MIG 4g.20gb (0),1,,13,[CUDA memcpy Host-to-Device]
4687336198,25856,118632,69,4,1,48,1,1,76,0.002,0.000,,,,,NVIDIA A100-SXM4-40GB MIG 4g.20gb (0),1,,13,"void ch_est::windowedChEstPreNoDftSOfdmKernel<float, __half, float, (unsigned int)2, (unsigned int)1, (unsigned short)4>(ch_est::puschRxChEstStatDescr_t *, ch_est::puschRxChEstDynDescr_t *)"
4687369222,24128,118633,137,2,1,24,2,1,44,0.001,0.001,,,,,NVIDIA A100-SXM4-40GB MIG 4g.20gb (0),1,,13,"void ch_est::chEstFilterNoDftSOfdmDispatchKernel<float, __half, float, (unsigned int)2>(ch_est::puschRxChEstStatDescr_t *, ch_est::puschRxChEstDynDescr_t *)"
4687412966,29375,118634,137,2,1,24,2,1,44,0.001,0.001,,,,,NVIDIA A100-SXM4-40GB MIG 4g.20gb (0),1,,13,"void ch_est::chEstFilterNoDftSOfdmDispatchKernel<float, __half, float, (unsigned int)2>(ch_est::puschRxChEstStatDescr_t *, ch_est::puschRxChEstDynDescr_t *)"
4687444837,5248,118645,103,1,1,128,1,1,16,0.000,0.000,,,,,NVIDIA A100-SXM4-40GB MIG 4g.20gb (0),1,,13,cupy_copy__complex64_complex64
4687487813,15423,118655,1434,1,1,128,1,1,16,0.000,0.000,,,,,NVIDIA A100-SXM4-40GB MIG 4g.20gb (0),1,,13,cupy_copy__complex64_complex64
4687517636,5344,118662,103,1,1,128,1,1,16,0.000,0.000,,,,,NVIDIA A100-SXM4-40GB MIG 4g.20gb (0),1,,13,cupy_copy__complex64_complex64
4687565636,261949,118669,1,1,1,32,32,1,30,0.000,0.000,,,,,NVIDIA A100-SXM4-40GB MIG 4g.20gb (0),1,,13,"void convert_kernel<__half2, float2>(tensor_layout_any, T1 *, tensor_layout_any, const T2 *)"
4687866720,5856,118672,,,,,,,,,,0.094,15999.997,Pinned,Device,NVIDIA A100-SXM4-40GB MIG 4g.20gb (0),1,,13,[CUDA memcpy Host-to-Device]
4687916480,60863,118673,,,,,,,,,,35.810,588356.986,Device,,NVIDIA A100-SXM4-40GB MIG 4g.20gb (0),1,,13,[CUDA memset]
4687984319,2720,118675,,,,,,,,,,0.000,29.412,Pinned,Device,NVIDIA A100-SXM4-40GB MIG 4g.20gb (0),1,,13,[CUDA memcpy Host-to-Device]
4687989471,9376,118676,,,,,,,,,,0.197,20969.226,Pinned,Device,NVIDIA A100-SXM4-40GB MIG 4g.20gb (0),1,,13,[CUDA memcpy Host-to-Device]
4688046302,23040,118677,273,1,1,48,1,1,40,0.000,0.001,,,,,NVIDIA A100-SXM4-40GB MIG 4g.20gb (0),1,,13,"void pusch_noise_intf_est::noiseIntfEstNoDftSOfdmKernel<float, __half, float, float, (unsigned int)2, (unsigned int)1, (unsigned char)4, (unsigned char)4>(pusch_noise_intf_est::puschRxNoiseIntfEstDynDescr)"
4688108701,7648,118688,35,1,1,128,1,1,16,0.000,0.000,,,,,NVIDIA A100-SXM4-40GB MIG 4g.20gb (0),1,,13,cupy_copy__complex64_complex64
4688151101,3648,118697,1,1,1,1,1,1,18,0.000,0.000,,,,,NVIDIA A100-SXM4-40GB MIG 4g.20gb (0),1,,13,cupy_copy__float32_float32
4688155517,1632,118703,,,,,,,,,,0.000,2.451,Device,Pageable,NVIDIA A100-SXM4-40GB MIG 4g.20gb (0),1,,7,[CUDA memcpy Device-to-Host]
4688265756,15712,118714,1434,1,1,128,1,1,16,0.000,0.000,,,,,NVIDIA A100-SXM4-40GB MIG 4g.20gb (0),1,,13,cupy_copy__complex64_complex64
4688318427,6880,118721,103,1,1,128,1,1,16,0.000,0.000,,,,,NVIDIA A100-SXM4-40GB MIG 4g.20gb (0),1,,13,cupy_copy__complex64_complex64
4688340699,9664,118728,35,1,1,128,1,1,16,0.000,0.000,,,,,NVIDIA A100-SXM4-40GB MIG 4g.20gb (0),1,,13,cupy_copy__complex64_complex64
4688384410,7904,118735,1,1,1,1,1,1,18,0.000,0.000,,,,,NVIDIA A100-SXM4-40GB MIG 4g.20gb (0),1,,13,cupy_copy__float32_float32
4688425114,211325,118746,1,1,1,32,32,1,30,0.000,0.000,,,,,NVIDIA A100-SXM4-40GB MIG 4g.20gb (0),1,,13,"void convert_kernel<__half2, float2>(tensor_layout_any, T1 *, tensor_layout_any, const T2 *)"
4688665463,5600,118749,,,,,,,,,,0.094,16731.388,Pinned,Device,NVIDIA A100-SXM4-40GB MIG 4g.20gb (0),1,,13,[CUDA memcpy Host-to-Device]
4688683191,5376,118750,,,,,,,,,,1.547,287689.077,Device,,NVIDIA A100-SXM4-40GB MIG 4g.20gb (0),1,,13,[CUDA memset]
4688689207,3072,118755,,,,,,,,,,0.031,10187.474,Pinned,Device,NVIDIA A100-SXM4-40GB MIG 4g.20gb (0),1,,13,[CUDA memcpy Host-to-Device]
4688695063,9280,118756,,,,,,,,,,0.197,21186.085,Pinned,Device,NVIDIA A100-SXM4-40GB MIG 4g.20gb (0),1,,13,[CUDA memcpy Host-to-Device]
4688738838,31136,118757,273,1,1,8,4,1,39,0.002,0.000,,,,,NVIDIA A100-SXM4-40GB MIG 4g.20gb (0),1,,13,"void channel_eq::eqMmseCoefCompLowMimoKernel<float, float, float, (unsigned int)4, (unsigned int)1, (unsigned int)4>(const channel_eq::_puschRxChEqStatDescr *, channel_eq::_puschRxChEqCoefCompDynDescr)"
4688806485,28736,118758,273,1,1,12,11,1,51,0.002,0.000,,,,,NVIDIA A100-SXM4-40GB MIG 4g.20gb (0),1,,13,"void channel_eq::eqMmseSoftDemapKernel<float, __half, __half, float, (unsigned int)4, (unsigned short)16383>(channel_eq::_puschRxChEqStatDescr *, channel_eq::_puschRxChEqSoftDemapDynDescr)"
4688856949,616025,118759,1,1,1,32,32,1,30,0.000,0.000,,,,,NVIDIA A100-SXM4-40GB MIG 4g.20gb (0),1,,13,"void convert_kernel<float2, __half2>(tensor_layout_any, T1 *, tensor_layout_any, const T2 *)"
4689501581,15872,118771,2253,1,1,128,1,1,16,0.000,0.000,,,,,NVIDIA A100-SXM4-40GB MIG 4g.20gb (0),1,,13,cupy_copy__float16_float16
4689532973,5728,118780,282,1,1,128,1,1,16,0.000,0.000,,,,,NVIDIA A100-SXM4-40GB MIG 4g.20gb (0),1,,13,cupy_copy__complex64_complex64
4689570093,4448,118789,26,1,1,128,1,1,16,0.000,0.000,,,,,NVIDIA A100-SXM4-40GB MIG 4g.20gb (0),1,,13,cupy_copy__float32_float32
4689589004,12320,118798,103,1,1,128,1,1,16,0.000,0.000,,,,,NVIDIA A100-SXM4-40GB MIG 4g.20gb (0),1,,13,cupy_copy__complex64_complex64
4689689547,17024,118808,1434,1,1,128,1,1,16,0.000,0.000,,,,,NVIDIA A100-SXM4-40GB MIG 4g.20gb (0),1,,13,cupy_copy__complex64_complex64
4689723275,249949,118813,1,1,1,32,32,1,30,0.000,0.000,,,,,NVIDIA A100-SXM4-40GB MIG 4g.20gb (0),1,,13,"void convert_kernel<__half2, float2>(tensor_layout_any, T1 *, tensor_layout_any, const T2 *)"
4690002440,5920,118816,,,,,,,,,,0.094,15826.941,Pinned,Device,NVIDIA A100-SXM4-40GB MIG 4g.20gb (0),1,,13,[CUDA memcpy Host-to-Device]
4690039335,625337,118817,,,,,,,,,,456.561,730041.743,Device,,NVIDIA A100-SXM4-40GB MIG 4g.20gb (0),1,,13,[CUDA memset]
4690666784,51519,118822,,,,,,,,,,1.235,23970.263,Pinned,Device,NVIDIA A100-SXM4-40GB MIG 4g.20gb (0),1,,13,[CUDA memcpy Host-to-Device]
4690721695,11776,118823,,,,,,,,,,0.197,16695.558,Pinned,Device,NVIDIA A100-SXM4-40GB MIG 4g.20gb (0),1,,13,[CUDA memcpy Host-to-Device]
4690776479,24127,118824,69,4,1,48,1,1,76,0.002,0.000,,,,,NVIDIA A100-SXM4-40GB MIG 4g.20gb (0),1,,13,"void ch_est::windowedChEstPreNoDftSOfdmKernel<float, __half, float, (unsigned int)2, (unsigned int)1, (unsigned short)4>(ch_est::puschRxChEstStatDescr_t *, ch_est::puschRxChEstDynDescr_t *)"
4690812126,28512,118825,137,2,1,24,2,1,44,0.001,0.001,,,,,NVIDIA A100-SXM4-40GB MIG 4g.20gb (0),1,,13,"void ch_est::chEstFilterNoDftSOfdmDispatchKernel<float, __half, float, (unsigned int)2>(ch_est::puschRxChEstStatDescr_t *, ch_est::puschRxChEstDynDescr_t *)"
4690855102,26879,118826,137,2,1,24,2,1,44,0.001,0.001,,,,,NVIDIA A100-SXM4-40GB MIG 4g.20gb (0),1,,13,"void ch_est::chEstFilterNoDftSOfdmDispatchKernel<float, __half, float, (unsigned int)2>(ch_est::puschRxChEstStatDescr_t *, ch_est::puschRxChEstDynDescr_t *)"
4690886141,5056,118837,103,1,1,128,1,1,16,0.000,0.000,,,,,NVIDIA A100-SXM4-40GB MIG 4g.20gb (0),1,,13,cupy_copy__complex64_complex64
4690926845,15008,118847,1434,1,1,128,1,1,16,0.000,0.000,,,,,NVIDIA A100-SXM4-40GB MIG 4g.20gb (0),1,,13,cupy_copy__complex64_complex64
4690956189,5824,118854,103,1,1,128,1,1,16,0.000,0.000,,,,,NVIDIA A100-SXM4-40GB MIG 4g.20gb (0),1,,13,cupy_copy__complex64_complex64
4691002524,251805,118861,1,1,1,32,32,1,30,0.000,0.000,,,,,NVIDIA A100-SXM4-40GB MIG 4g.20gb (0),1,,13,"void convert_kernel<__half2, float2>(tensor_layout_any, T1 *, tensor_layout_any, const T2 *)"
4691282969,5504,118864,,,,,,,,,,0.094,17023.251,Pinned,Device,NVIDIA A100-SXM4-40GB MIG 4g.20gb (0),1,,13,[CUDA memcpy Host-to-Device]
4691331704,58752,118865,,,,,,,,,,35.810,609484.838,Device,,NVIDIA A100-SXM4-40GB MIG 4g.20gb (0),1,,13,[CUDA memset]
4691393944,1856,118867,,,,,,,,,,0.000,43.103,Pinned,Device,NVIDIA A100-SXM4-40GB MIG 4g.20gb (0),1,,13,[CUDA memcpy Host-to-Device]
4691400664,11423,118868,,,,,,,,,,0.197,17211.458,Pinned,Device,NVIDIA A100-SXM4-40GB MIG 4g.20gb (0),1,,13,[CUDA memcpy Host-to-Device]
4691456343,30400,118869,273,1,1,48,1,1,40,0.000,0.001,,,,,NVIDIA A100-SXM4-40GB MIG 4g.20gb (0),1,,13,"void pusch_noise_intf_est::noiseIntfEstNoDftSOfdmKernel<float, __half, float, float, (unsigned int)2, (unsigned int)1, (unsigned char)4, (unsigned char)4>(pusch_noise_intf_est::puschRxNoiseIntfEstDynDescr)"
4691520918,9504,118880,35,1,1,128,1,1,16,0.000,0.000,,,,,NVIDIA A100-SXM4-40GB MIG 4g.20gb (0),1,,13,cupy_copy__complex64_complex64
4691541750,3872,118889,1,1,1,1,1,1,18,0.000,0.000,,,,,NVIDIA A100-SXM4-40GB MIG 4g.20gb (0),1,,13,cupy_copy__float32_float32
4691553718,1952,118895,,,,,,,,,,0.000,2.049,Device,Pageable,NVIDIA A100-SXM4-40GB MIG 4g.20gb (0),1,,7,[CUDA memcpy Device-to-Host]
4691615957,13632,118906,1434,1,1,128,1,1,16,0.000,0.000,,,,,NVIDIA A100-SXM4-40GB MIG 4g.20gb (0),1,,13,cupy_copy__complex64_complex64
4691691412,5248,118913,103,1,1,128,1,1,16,0.000,0.000,,,,,NVIDIA A100-SXM4-40GB MIG 4g.20gb (0),1,,13,cupy_copy__complex64_complex64
4691733972,11104,118920,35,1,1,128,1,1,16,0.000,0.000,,,,,NVIDIA A100-SXM4-40GB MIG 4g.20gb (0),1,,13,cupy_copy__complex64_complex64
4691761075,3808,118927,1,1,1,1,1,1,18,0.000,0.000,,,,,NVIDIA A100-SXM4-40GB MIG 4g.20gb (0),1,,13,cupy_copy__float32_float32
4691843474,243710,118938,1,1,1,32,32,1,30,0.000,0.000,,,,,NVIDIA A100-SXM4-40GB MIG 4g.20gb (0),1,,13,"void convert_kernel<__half2, float2>(tensor_layout_any, T1 *, tensor_layout_any, const T2 *)"
4692117487,5472,118941,,,,,,,,,,0.094,17122.757,Pinned,Device,NVIDIA A100-SXM4-40GB MIG 4g.20gb (0),1,,13,[CUDA memcpy Host-to-Device]
4692165615,12128,118942,,,,,,,,,,1.547,127523.789,Device,,NVIDIA A100-SXM4-40GB MIG 4g.20gb (0),1,,13,[CUDA memset]
4692185518,3520,118947,,,,,,,,,,0.031,8890.881,Pinned,Device,NVIDIA A100-SXM4-40GB MIG 4g.20gb (0),1,,13,[CUDA memcpy Host-to-Device]
4692192206,9472,118948,,,,,,,,,,0.197,20756.693,Pinned,Device,NVIDIA A100-SXM4-40GB MIG 4g.20gb (0),1,,13,[CUDA memcpy Host-to-Device]
4692221134,34784,118949,273,1,1,8,4,1,39,0.002,0.000,,,,,NVIDIA A100-SXM4-40GB MIG 4g.20gb (0),1,,13,"void channel_eq::eqMmseCoefCompLowMimoKernel<float, float, float, (unsigned int)4, (unsigned int)1, (unsigned int)4>(const channel_eq::_puschRxChEqStatDescr *, channel_eq::_puschRxChEqCoefCompDynDescr)"
4692331629,29631,118950,273,1,1,12,11,1,51,0.002,0.000,,,,,NVIDIA A100-SXM4-40GB MIG 4g.20gb (0),1,,13,"void channel_eq::eqMmseSoftDemapKernel<float, __half, __half, float, (unsigned int)4, (unsigned short)16383>(channel_eq::_puschRxChEqStatDescr *, channel_eq::_puschRxChEqSoftDemapDynDescr)"
4692376684,601977,118951,1,1,1,32,32,1,30,0.000,0.000,,,,,NVIDIA A100-SXM4-40GB MIG 4g.20gb (0),1,,13,"void convert_kernel<float2, __half2>(tensor_layout_any, T1 *, tensor_layout_any, const T2 *)"
4693005573,14592,118963,2253,1,1,128,1,1,16,0.000,0.000,,,,,NVIDIA A100-SXM4-40GB MIG 4g.20gb (0),1,,13,cupy_copy__float16_float16
4693056580,5664,118972,282,1,1,128,1,1,16,0.000,0.000,,,,,NVIDIA A100-SXM4-40GB MIG 4g.20gb (0),1,,13,cupy_copy__complex64_complex64
4693076740,5696,118981,26,1,1,128,1,1,16,0.000,0.000,,,,,NVIDIA A100-SXM4-40GB MIG 4g.20gb (0),1,,13,cupy_copy__float32_float32
4693115300,10144,118990,103,1,1,128,1,1,16,0.000,0.000,,,,,NVIDIA A100-SXM4-40GB MIG 4g.20gb (0),1,,13,cupy_copy__complex64_complex64
4693149027,16448,119000,1434,1,1,128,1,1,16,0.000,0.000,,,,,NVIDIA A100-SXM4-40GB MIG 4g.20gb (0),1,,13,cupy_copy__complex64_complex64
4693199715,349052,119005,1,1,1,32,32,1,30,0.000,0.000,,,,,NVIDIA A100-SXM4-40GB MIG 4g.20gb (0),1,,13,"void convert_kernel<__half2, float2>(tensor_layout_any, T1 *, tensor_layout_any, const T2 *)"
4693578686,5344,119008,,,,,,,,,,0.094,17532.864,Pinned,Device,NVIDIA A100-SXM4-40GB MIG 4g.20gb (0),1,,13,[CUDA memcpy Host-to-Device]
4693627806,627641,119009,,,,,,,,,,456.561,727302.374,Device,,NVIDIA A100-SXM4-40GB MIG 4g.20gb (0),1,,13,[CUDA memset]
4694258455,55455,119014,,,,,,,,,,1.235,22268.510,Pinned,Device,NVIDIA A100-SXM4-40GB MIG 4g.20gb (0),1,,13,[CUDA memcpy Host-to-Device]
4694316342,10816,119015,,,,,,,,,,0.197,18177.393,Pinned,Device,NVIDIA A100-SXM4-40GB MIG 4g.20gb (0),1,,13,[CUDA memcpy Host-to-Device]
4694338518,24319,119016,69,4,1,48,1,1,76,0.002,0.000,,,,,NVIDIA A100-SXM4-40GB MIG 4g.20gb (0),1,,13,"void ch_est::windowedChEstPreNoDftSOfdmKernel<float, __half, float, (unsigned int)2, (unsigned int)1, (unsigned short)4>(ch_est::puschRxChEstStatDescr_t *, ch_est::puschRxChEstDynDescr_t *)"
4694409749,27295,119017,137,2,1,24,2,1,44,0.001,0.001,,,,,NVIDIA A100-SXM4-40GB MIG 4g.20gb (0),1,,13,"void ch_est::chEstFilterNoDftSOfdmDispatchKernel<float, __half, float, (unsigned int)2>(ch_est::puschRxChEstStatDescr_t *, ch_est::puschRxChEstDynDescr_t *)"
4694454132,28000,119018,137,2,1,24,2,1,44,0.001,0.001,,,,,NVIDIA A100-SXM4-40GB MIG 4g.20gb (0),1,,13,"void ch_est::chEstFilterNoDftSOfdmDispatchKernel<float, __half, float, (unsigned int)2>(ch_est::puschRxChEstStatDescr_t *, ch_est::puschRxChEstDynDescr_t *)"
4694485876,5632,119029,103,1,1,128,1,1,16,0.000,0.000,,,,,NVIDIA A100-SXM4-40GB MIG 4g.20gb (0),1,,13,cupy_copy__complex64_complex64
4694528019,14976,119039,1434,1,1,128,1,1,16,0.000,0.000,,,,,NVIDIA A100-SXM4-40GB MIG 4g.20gb (0),1,,13,cupy_copy__complex64_complex64
4694562131,6432,119046,103,1,1,128,1,1,16,0.000,0.000,,,,,NVIDIA A100-SXM4-40GB MIG 4g.20gb (0),1,,13,cupy_copy__complex64_complex64
4694606323,253629,119053,1,1,1,32,32,1,30,0.000,0.000,,,,,NVIDIA A100-SXM4-40GB MIG 4g.20gb (0),1,,13,"void convert_kernel<__half2, float2>(tensor_layout_any, T1 *, tensor_layout_any, const T2 *)"
4694888111,5856,119056,,,,,,,,,,0.094,15999.997,Pinned,Device,NVIDIA A100-SXM4-40GB MIG 4g.20gb (0),1,,13,[CUDA memcpy Host-to-Device]
4694924847,60735,119057,,,,,,,,,,35.810,589574.523,Device,,NVIDIA A100-SXM4-40GB MIG 4g.20gb (0),1,,13,[CUDA memset]
4694993294,3712,119059,,,,,,,,,,0.000,21.552,Pinned,Device,NVIDIA A100-SXM4-40GB MIG 4g.20gb (0),1,,13,[CUDA memcpy Host-to-Device]
4694999854,9376,119060,,,,,,,,,,0.197,20969.226,Pinned,Device,NVIDIA A100-SXM4-40GB MIG 4g.20gb (0),1,,13,[CUDA memcpy Host-to-Device]
4695050701,28992,119061,273,1,1,48,1,1,40,0.000,0.001,,,,,NVIDIA A100-SXM4-40GB MIG 4g.20gb (0),1,,13,"void pusch_noise_intf_est::noiseIntfEstNoDftSOfdmKernel<float, __half, float, float, (unsigned int)2, (unsigned int)1, (unsigned char)4, (unsigned char)4>(pusch_noise_intf_est::puschRxNoiseIntfEstDynDescr)"
4695115213,12703,119072,35,1,1,128,1,1,16,0.000,0.000,,,,,NVIDIA A100-SXM4-40GB MIG 4g.20gb (0),1,,13,cupy_copy__complex64_complex64
4695142732,4576,119081,1,1,1,1,1,1,18,0.000,0.000,,,,,NVIDIA A100-SXM4-40GB MIG 4g.20gb (0),1,,13,cupy_copy__float32_float32
4695148908,1600,119087,,,,,,,,,,0.000,2.500,Device,Pageable,NVIDIA A100-SXM4-40GB MIG 4g.20gb (0),1,,7,[CUDA memcpy Device-to-Host]
4695225323,15456,119098,1434,1,1,128,1,1,16,0.000,0.000,,,,,NVIDIA A100-SXM4-40GB MIG 4g.20gb (0),1,,13,cupy_copy__complex64_complex64
4695279563,5760,119105,103,1,1,128,1,1,16,0.000,0.000,,,,,NVIDIA A100-SXM4-40GB MIG 4g.20gb (0),1,,13,cupy_copy__complex64_complex64
4695305610,7744,119112,35,1,1,128,1,1,16,0.000,0.000,,,,,NVIDIA A100-SXM4-40GB MIG 4g.20gb (0),1,,13,cupy_copy__complex64_complex64
4695349674,3456,119119,1,1,1,1,1,1,18,0.000,0.000,,,,,NVIDIA A100-SXM4-40GB MIG 4g.20gb (0),1,,13,cupy_copy__float32_float32
4695471785,327708,119130,1,1,1,32,32,1,30,0.000,0.000,,,,,NVIDIA A100-SXM4-40GB MIG 4g.20gb (0),1,,13,"void convert_kernel<__half2, float2>(tensor_layout_any, T1 *, tensor_layout_any, const T2 *)"
4695829380,5344,119133,,,,,,,,,,0.094,17532.864,Pinned,Device,NVIDIA A100-SXM4-40GB MIG 4g.20gb (0),1,,13,[CUDA memcpy Host-to-Device]
4695892388,8000,119134,,,,,,,,,,1.547,193328.000,Device,,NVIDIA A100-SXM4-40GB MIG 4g.20gb (0),1,,13,[CUDA memset]
4695901188,3040,119139,,,,,,,,,,0.031,10294.725,Pinned,Device,NVIDIA A100-SXM4-40GB MIG 4g.20gb (0),1,,13,[CUDA memcpy Host-to-Device]
4695907427,12128,119140,,,,,,,,,,0.197,16210.919,Pinned,Device,NVIDIA A100-SXM4-40GB MIG 4g.20gb (0),1,,13,[CUDA memcpy Host-to-Device]
4695948323,36928,119141,273,1,1,8,4,1,39,0.002,0.000,,,,,NVIDIA A100-SXM4-40GB MIG 4g.20gb (0),1,,13,"void channel_eq::eqMmseCoefCompLowMimoKernel<float, float, float, (unsigned int)4, (unsigned int)1, (unsigned int)4>(const channel_eq::_puschRxChEqStatDescr *, channel_eq::_puschRxChEqCoefCompDynDescr)"
4696056290,26175,119142,273,1,1,12,11,1,51,0.002,0.000,,,,,NVIDIA A100-SXM4-40GB MIG 4g.20gb (0),1,,13,"void channel_eq::eqMmseSoftDemapKernel<float, __half, __half, float, (unsigned int)4, (unsigned short)16383>(channel_eq::_puschRxChEqStatDescr *, channel_eq::_puschRxChEqSoftDemapDynDescr)"
4696099425,587417,119143,1,1,1,32,32,1,30,0.000,0.000,,,,,NVIDIA A100-SXM4-40GB MIG 4g.20gb (0),1,,13,"void convert_kernel<float2, __half2>(tensor_layout_any, T1 *, tensor_layout_any, const T2 *)"
4696725082,15328,119155,2253,1,1,128,1,1,16,0.000,0.000,,,,,NVIDIA A100-SXM4-40GB MIG 4g.20gb (0),1,,13,cupy_copy__float16_float16
4696762842,10272,119164,282,1,1,128,1,1,16,0.000,0.000,,,,,NVIDIA A100-SXM4-40GB MIG 4g.20gb (0),1,,13,cupy_copy__complex64_complex64
4696801529,6496,119173,26,1,1,128,1,1,16,0.000,0.000,,,,,NVIDIA A100-SXM4-40GB MIG 4g.20gb (0),1,,13,cupy_copy__float32_float32
4696822009,10944,119182,103,1,1,128,1,1,16,0.000,0.000,,,,,NVIDIA A100-SXM4-40GB MIG 4g.20gb (0),1,,13,cupy_copy__complex64_complex64
4696919480,17664,119192,1434,1,1,128,1,1,16,0.000,0.000,,,,,NVIDIA A100-SXM4-40GB MIG 4g.20gb (0),1,,13,cupy_copy__complex64_complex64
4696958167,251453,119197,1,1,1,32,32,1,30,0.000,0.000,,,,,NVIDIA A100-SXM4-40GB MIG 4g.20gb (0),1,,13,"void convert_kernel<__half2, float2>(tensor_layout_any, T1 *, tensor_layout_any, const T2 *)"
4697238612,5664,119200,,,,,,,,,,0.094,16542.310,Pinned,Device,NVIDIA A100-SXM4-40GB MIG 4g.20gb (0),1,,13,[CUDA memcpy Host-to-Device]
4697272308,621881,119201,,,,,,,,,,456.561,734150.796,Device,,NVIDIA A100-SXM4-40GB MIG 4g.20gb (0),1,,13,[CUDA memset]
4697895789,51551,119206,,,,,,,,,,1.235,23955.444,Pinned,Device,NVIDIA A100-SXM4-40GB MIG 4g.20gb (0),1,,13,[CUDA memcpy Host-to-Device]
4697949932,9664,119207,,,,,,,,,,0.197,20344.209,Pinned,Device,NVIDIA A100-SXM4-40GB MIG 4g.20gb (0),1,,13,[CUDA memcpy Host-to-Device]
4698001163,23648,119208,69,4,1,48,1,1,76,0.002,0.000,,,,,NVIDIA A100-SXM4-40GB MIG 4g.20gb (0),1,,13,"void ch_est::windowedChEstPreNoDftSOfdmKernel<float, __half, float, (unsigned int)2, (unsigned int)1, (unsigned short)4>(ch_est::puschRxChEstStatDescr_t *, ch_est::puschRxChEstDynDescr_t *)"
4698037291,29312,119209,137,2,1,24,2,1,44,0.001,0.001,,,,,NVIDIA A100-SXM4-40GB MIG 4g.20gb (0),1,,13,"void ch_est::chEstFilterNoDftSOfdmDispatchKernel<float, __half, float, (unsigned int)2>(ch_est::puschRxChEstStatDescr_t *, ch_est::puschRxChEstDynDescr_t *)"
4698079530,28384,119210,137,2,1,24,2,1,44,0.001,0.001,,,,,NVIDIA A100-SXM4-40GB MIG 4g.20gb (0),1,,13,"void ch_est::chEstFilterNoDftSOfdmDispatchKernel<float, __half, float, (unsigned int)2>(ch_est::puschRxChEstStatDescr_t *, ch_est::puschRxChEstDynDescr_t *)"
4698116138,3616,119221,103,1,1,128,1,1,16,0.000,0.000,,,,,NVIDIA A100-SXM4-40GB MIG 4g.20gb (0),1,,13,cupy_copy__complex64_complex64
4698155434,15263,119231,1434,1,1,128,1,1,16,0.000,0.000,,,,,NVIDIA A100-SXM4-40GB MIG 4g.20gb (0),1,,13,cupy_copy__complex64_complex64
4698183817,5728,119238,103,1,1,128,1,1,16,0.000,0.000,,,,,NVIDIA A100-SXM4-40GB MIG 4g.20gb (0),1,,13,cupy_copy__complex64_complex64
4698228905,259069,119245,1,1,1,32,32,1,30,0.000,0.000,,,,,NVIDIA A100-SXM4-40GB MIG 4g.20gb (0),1,,13,"void convert_kernel<__half2, float2>(tensor_layout_any, T1 *, tensor_layout_any, const T2 *)"
4698517061,5504,119248,,,,,,,,,,0.094,17023.251,Pinned,Device,NVIDIA A100-SXM4-40GB MIG 4g.20gb (0),1,,13,[CUDA memcpy Host-to-Device]
4698566981,61119,119249,,,,,,,,,,35.810,585886.101,Device,,NVIDIA A100-SXM4-40GB MIG 4g.20gb (0),1,,13,[CUDA memset]
4698629572,10304,119251,,,,,,,,,,0.000,7.764,Pinned,Device,NVIDIA A100-SXM4-40GB MIG 4g.20gb (0),1,,13,[CUDA memcpy Host-to-Device]
4698642308,9920,119252,,,,,,,,,,0.197,19819.266,Pinned,Device,NVIDIA A100-SXM4-40GB MIG 4g.20gb (0),1,,13,[CUDA memcpy Host-to-Device]
4698696067,29056,119253,273,1,1,48,1,1,40,0.000,0.001,,,,,NVIDIA A100-SXM4-40GB MIG 4g.20gb (0),1,,13,"void pusch_noise_intf_est::noiseIntfEstNoDftSOfdmKernel<float, __half, float, float, (unsigned int)2, (unsigned int)1, (unsigned char)4, (unsigned char)4>(pusch_noise_intf_est::puschRxNoiseIntfEstDynDescr)"
4698761347,10591,119264,35,1,1,128,1,1,16,0.000,0.000,,,,,NVIDIA A100-SXM4-40GB MIG 4g.20gb (0),1,,13,cupy_copy__complex64_complex64
4698783650,3232,119273,1,1,1,1,1,1,18,0.000,0.000,,,,,NVIDIA A100-SXM4-40GB MIG 4g.20gb (0),1,,13,cupy_copy__float32_float32
4698789634,1632,119279,,,,,,,,,,0.000,2.451,Device,Pageable,NVIDIA A100-SXM4-40GB MIG 4g.20gb (0),1,,7,[CUDA memcpy Device-to-Host]
4698856801,13760,119290,1434,1,1,128,1,1,16,0.000,0.000,,,,,NVIDIA A100-SXM4-40GB MIG 4g.20gb (0),1,,13,cupy_copy__complex64_complex64
4698933953,6975,119297,103,1,1,128,1,1,16,0.000,0.000,,,,,NVIDIA A100-SXM4-40GB MIG 4g.20gb (0),1,,13,cupy_copy__complex64_complex64
4698976160,12128,119304,35,1,1,128,1,1,16,0.000,0.000,,,,,NVIDIA A100-SXM4-40GB MIG 4g.20gb (0),1,,13,cupy_copy__complex64_complex64
4699005472,4896,119311,1,1,1,1,1,1,18,0.000,0.000,,,,,NVIDIA A100-SXM4-40GB MIG 4g.20gb (0),1,,13,cupy_copy__float32_float32
4699097567,247005,119322,1,1,1,32,32,1,30,0.000,0.000,,,,,NVIDIA A100-SXM4-40GB MIG 4g.20gb (0),1,,13,"void convert_kernel<__half2, float2>(tensor_layout_any, T1 *, tensor_layout_any, const T2 *)"
4699374971,5376,119325,,,,,,,,,,0.094,17428.487,Pinned,Device,NVIDIA A100-SXM4-40GB MIG 4g.20gb (0),1,,13,[CUDA memcpy Host-to-Device]
4699419067,14592,119326,,,,,,,,,,1.547,105990.143,Device,,NVIDIA A100-SXM4-40GB MIG 4g.20gb (0),1,,13,[CUDA memset]
4699439867,3008,119331,,,,,,,,,,0.031,10404.230,Pinned,Device,NVIDIA A100-SXM4-40GB MIG 4g.20gb (0),1,,13,[CUDA memcpy Host-to-Device]
4699445307,9920,119332,,,,,,,,,,0.197,19819.266,Pinned,Device,NVIDIA A100-SXM4-40GB MIG 4g.20gb (0),1,,13,[CUDA memcpy Host-to-Device]
4699483386,34976,119333,273,1,1,8,4,1,39,0.002,0.000,,,,,NVIDIA A100-SXM4-40GB MIG 4g.20gb (0),1,,13,"void channel_eq::eqMmseCoefCompLowMimoKernel<float, float, float, (unsigned int)4, (unsigned int)1, (unsigned int)4>(const channel_eq::_puschRxChEqStatDescr *, channel_eq::_puschRxChEqCoefCompDynDescr)"
4699527290,27007,119334,273,1,1,12,11,1,51,0.002,0.000,,,,,NVIDIA A100-SXM4-40GB MIG 4g.20gb (0),1,,13,"void channel_eq::eqMmseSoftDemapKernel<float, __half, __half, float, (unsigned int)4, (unsigned short)16383>(channel_eq::_puschRxChEqStatDescr *, channel_eq::_puschRxChEqSoftDemapDynDescr)"
4699597145,748279,119335,1,1,1,32,32,1,30,0.000,0.000,,,,,NVIDIA A100-SXM4-40GB MIG 4g.20gb (0),1,,13,"void convert_kernel<float2, __half2>(tensor_layout_any, T1 *, tensor_layout_any, const T2 *)"
4700547726,18080,119347,2253,1,1,128,1,1,16,0.000,0.000,,,,,NVIDIA A100-SXM4-40GB MIG 4g.20gb (0),1,,13,cupy_copy__float16_float16
4700752204,7519,119356,282,1,1,128,1,1,16,0.000,0.000,,,,,NVIDIA A100-SXM4-40GB MIG 4g.20gb (0),1,,13,cupy_copy__complex64_complex64
4700826443,5952,119365,26,1,1,128,1,1,16,0.000,0.000,,,,,NVIDIA A100-SXM4-40GB MIG 4g.20gb (0),1,,13,cupy_copy__float32_float32
4700885322,8704,119374,103,1,1,128,1,1,16,0.000,0.000,,,,,NVIDIA A100-SXM4-40GB MIG 4g.20gb (0),1,,13,cupy_copy__complex64_complex64
4701037192,16832,119384,1434,1,1,128,1,1,16,0.000,0.000,,,,,NVIDIA A100-SXM4-40GB MIG 4g.20gb (0),1,,13,cupy_copy__complex64_complex64
4701125159,289853,119389,1,1,1,32,32,1,30,0.000,0.000,,,,,NVIDIA A100-SXM4-40GB MIG 4g.20gb (0),1,,13,"void convert_kernel<__half2, float2>(tensor_layout_any, T1 *, tensor_layout_any, const T2 *)"
4701444580,5408,119392,,,,,,,,,,0.094,17325.421,Pinned,Device,NVIDIA A100-SXM4-40GB MIG 4g.20gb (0),1,,13,[CUDA memcpy Host-to-Device]
4701562594,608665,119393,,,,,,,,,,456.561,749673.884,Device,,NVIDIA A100-SXM4-40GB MIG 4g.20gb (0),1,,13,[CUDA memset]
4702173115,54624,119398,,,,,,,,,,1.235,22606.885,Pinned,Device,NVIDIA A100-SXM4-40GB MIG 4g.20gb (0),1,,13,[CUDA memcpy Host-to-Device]
4702230779,9599,119399,,,,,,,,,,0.197,20482.032,Pinned,Device,NVIDIA A100-SXM4-40GB MIG 4g.20gb (0),1,,13,[CUDA memcpy Host-to-Device]
4702390201,24383,119400,69,4,1,48,1,1,76,0.002,0.000,,,,,NVIDIA A100-SXM4-40GB MIG 4g.20gb (0),1,,13,"void ch_est::windowedChEstPreNoDftSOfdmKernel<float, __half, float, (unsigned int)2, (unsigned int)1, (unsigned short)4>(ch_est::puschRxChEstStatDescr_t *, ch_est::puschRxChEstDynDescr_t *)"
4702463960,20928,119401,137,2,1,24,2,1,44,0.001,0.001,,,,,NVIDIA A100-SXM4-40GB MIG 4g.20gb (0),1,,13,"void ch_est::chEstFilterNoDftSOfdmDispatchKernel<float, __half, float, (unsigned int)2>(ch_est::puschRxChEstStatDescr_t *, ch_est::puschRxChEstDynDescr_t *)"
4702578998,15296,119402,137,2,1,24,2,1,44,0.001,0.001,,,,,NVIDIA A100-SXM4-40GB MIG 4g.20gb (0),1,,13,"void ch_est::chEstFilterNoDftSOfdmDispatchKernel<float, __half, float, (unsigned int)2>(ch_est::puschRxChEstStatDescr_t *, ch_est::puschRxChEstDynDescr_t *)"
4702685397,5504,119413,103,1,1,128,1,1,16,0.000,0.000,,,,,NVIDIA A100-SXM4-40GB MIG 4g.20gb (0),1,,13,cupy_copy__complex64_complex64
4702806484,22336,119423,1434,1,1,128,1,1,16,0.000,0.000,,,,,NVIDIA A100-SXM4-40GB MIG 4g.20gb (0),1,,13,cupy_copy__complex64_complex64
4703046353,4192,119430,103,1,1,128,1,1,16,0.000,0.000,,,,,NVIDIA A100-SXM4-40GB MIG 4g.20gb (0),1,,13,cupy_copy__complex64_complex64
4703281806,365692,119437,1,1,1,32,32,1,30,0.000,0.000,,,,,NVIDIA A100-SXM4-40GB MIG 4g.20gb (0),1,,13,"void convert_kernel<__half2, float2>(tensor_layout_any, T1 *, tensor_layout_any, const T2 *)"
4703678666,6848,119440,,,,,,,,,,0.094,13682.239,Pinned,Device,NVIDIA A100-SXM4-40GB MIG 4g.20gb (0),1,,13,[CUDA memcpy Host-to-Device]
4703779913,62783,119441,,,,,,,,,,35.810,570344.596,Device,,NVIDIA A100-SXM4-40GB MIG 4g.20gb (0),1,,13,[CUDA memset]
4703842440,2112,119443,,,,,,,,,,0.000,37.879,Pinned,Device,NVIDIA A100-SXM4-40GB MIG 4g.20gb (0),1,,13,[CUDA memcpy Host-to-Device]
4703846952,11072,119444,,,,,,,,,,0.197,17757.045,Pinned,Device,NVIDIA A100-SXM4-40GB MIG 4g.20gb (0),1,,13,[CUDA memcpy Host-to-Device]
4704084005,39808,119445,273,1,1,48,1,1,40,0.000,0.001,,,,,NVIDIA A100-SXM4-40GB MIG 4g.20gb (0),1,,13,"void pusch_noise_intf_est::noiseIntfEstNoDftSOfdmKernel<float, __half, float, float, (unsigned int)2, (unsigned int)1, (unsigned char)4, (unsigned char)4>(pusch_noise_intf_est::puschRxNoiseIntfEstDynDescr)"
4704312578,13184,119456,35,1,1,128,1,1,16,0.000,0.000,,,,,NVIDIA A100-SXM4-40GB MIG 4g.20gb (0),1,,13,cupy_copy__complex64_complex64
4704377250,5632,119465,1,1,1,1,1,1,18,0.000,0.000,,,,,NVIDIA A100-SXM4-40GB MIG 4g.20gb (0),1,,13,cupy_copy__float32_float32
4704386914,1824,119471,,,,,,,,,,0.000,2.193,Device,Pageable,NVIDIA A100-SXM4-40GB MIG 4g.20gb (0),1,,7,[CUDA memcpy Device-to-Host]
4704542624,18208,119482,1434,1,1,128,1,1,16,0.000,0.000,,,,,NVIDIA A100-SXM4-40GB MIG 4g.20gb (0),1,,13,cupy_copy__complex64_complex64
4704613599,5376,119489,103,1,1,128,1,1,16,0.000,0.000,,,,,NVIDIA A100-SXM4-40GB MIG 4g.20gb (0),1,,13,cupy_copy__complex64_complex64
4704699262,5536,119496,35,1,1,128,1,1,16,0.000,0.000,,,,,NVIDIA A100-SXM4-40GB MIG 4g.20gb (0),1,,13,cupy_copy__complex64_complex64
4704962235,6976,119503,1,1,1,1,1,1,18,0.000,0.000,,,,,NVIDIA A100-SXM4-40GB MIG 4g.20gb (0),1,,13,cupy_copy__float32_float32
4705197080,373916,119514,1,1,1,32,32,1,30,0.000,0.000,,,,,NVIDIA A100-SXM4-40GB MIG 4g.20gb (0),1,,13,"void convert_kernel<__half2, float2>(tensor_layout_any, T1 *, tensor_layout_any, const T2 *)"
4705604404,7168,119517,,,,,,,,,,0.094,13071.342,Pinned,Device,NVIDIA A100-SXM4-40GB MIG 4g.20gb (0),1,,13,[CUDA memcpy Host-to-Device]
4705664915,4512,119518,,,,,,,,,,1.547,342779.824,Device,,NVIDIA A100-SXM4-40GB MIG 4g.20gb (0),1,,13,[CUDA memset]
4705676979,3008,119523,,,,,,,,,,0.031,10404.230,Pinned,Device,NVIDIA A100-SXM4-40GB MIG 4g.20gb (0),1,,13,[CUDA memcpy Host-to-Device]
4705682707,10560,119524,,,,,,,,,,0.197,18617.991,Pinned,Device,NVIDIA A100-SXM4-40GB MIG 4g.20gb (0),1,,13,[CUDA memcpy Host-to-Device]
4705920624,37440,119525,273,1,1,8,4,1,39,0.002,0.000,,,,,NVIDIA A100-SXM4-40GB MIG 4g.20gb (0),1,,13,"void channel_eq::eqMmseCoefCompLowMimoKernel<float, float, float, (unsigned int)4, (unsigned int)1, (unsigned int)4>(const channel_eq::_puschRxChEqStatDescr *, channel_eq::_puschRxChEqCoefCompDynDescr)"
4706155981,38240,119526,273,1,1,12,11,1,51,0.002,0.000,,,,,NVIDIA A100-SXM4-40GB MIG 4g.20gb (0),1,,13,"void channel_eq::eqMmseSoftDemapKernel<float, __half, __half, float, (unsigned int)4, (unsigned short)16383>(channel_eq::_puschRxChEqStatDescr *, channel_eq::_puschRxChEqSoftDemapDynDescr)"
4706279660,770455,119527,1,1,1,32,32,1,30,0.000,0.000,,,,,NVIDIA A100-SXM4-40GB MIG 4g.20gb (0),1,,13,"void convert_kernel<float2, __half2>(tensor_layout_any, T1 *, tensor_layout_any, const T2 *)"
4707064611,17408,119539,2253,1,1,128,1,1,16,0.000,0.000,,,,,NVIDIA A100-SXM4-40GB MIG 4g.20gb (0),1,,13,cupy_copy__float16_float16
4707152994,7264,119548,282,1,1,128,1,1,16,0.000,0.000,,,,,NVIDIA A100-SXM4-40GB MIG 4g.20gb (0),1,,13,cupy_copy__complex64_complex64
4707264960,5056,119557,26,1,1,128,1,1,16,0.000,0.000,,,,,NVIDIA A100-SXM4-40GB MIG 4g.20gb (0),1,,13,cupy_copy__float32_float32
4707368159,10592,119566,103,1,1,128,1,1,16,0.000,0.000,,,,,NVIDIA A100-SXM4-40GB MIG 4g.20gb (0),1,,13,cupy_copy__complex64_complex64
4707486014,18240,119576,1434,1,1,128,1,1,16,0.000,0.000,,,,,NVIDIA A100-SXM4-40GB MIG 4g.20gb (0),1,,13,cupy_copy__complex64_complex64
4707712859,406588,119581,1,1,1,32,32,1,30,0.000,0.000,,,,,NVIDIA A100-SXM4-40GB MIG 4g.20gb (0),1,,13,"void convert_kernel<__half2, float2>(tensor_layout_any, T1 *, tensor_layout_any, const T2 *)"
4708165078,5792,119584,,,,,,,,,,0.094,16176.708,Pinned,Device,NVIDIA A100-SXM4-40GB MIG 4g.20gb (0),1,,13,[CUDA memcpy Host-to-Device]
4708240085,612025,119585,,,,,,,,,,456.561,745564.832,Device,,NVIDIA A100-SXM4-40GB MIG 4g.20gb (0),1,,13,[CUDA memset]
4708854702,56575,119590,,,,,,,,,,1.235,21827.635,Pinned,Device,NVIDIA A100-SXM4-40GB MIG 4g.20gb (0),1,,13,[CUDA memcpy Host-to-Device]
4708914317,10240,119591,,,,,,,,,,0.197,19199.951,Pinned,Device,NVIDIA A100-SXM4-40GB MIG 4g.20gb (0),1,,13,[CUDA memcpy Host-to-Device]
4709002476,16640,119592,69,4,1,48,1,1,76,0.002,0.000,,,,,NVIDIA A100-SXM4-40GB MIG 4g.20gb (0),1,,13,"void ch_est::windowedChEstPreNoDftSOfdmKernel<float, __half, float, (unsigned int)2, (unsigned int)1, (unsigned short)4>(ch_est::puschRxChEstStatDescr_t *, ch_est::puschRxChEstDynDescr_t *)"
4709263529,13216,119593,137,2,1,24,2,1,44,0.001,0.001,,,,,NVIDIA A100-SXM4-40GB MIG 4g.20gb (0),1,,13,"void ch_est::chEstFilterNoDftSOfdmDispatchKernel<float, __half, float, (unsigned int)2>(ch_est::puschRxChEstStatDescr_t *, ch_est::puschRxChEstDynDescr_t *)"
4709502887,14751,119594,137,2,1,24,2,1,44,0.001,0.001,,,,,NVIDIA A100-SXM4-40GB MIG 4g.20gb (0),1,,13,"void ch_est::chEstFilterNoDftSOfdmDispatchKernel<float, __half, float, (unsigned int)2>(ch_est::puschRxChEstStatDescr_t *, ch_est::puschRxChEstDynDescr_t *)"
4709574854,11072,119605,103,1,1,128,1,1,16,0.000,0.000,,,,,NVIDIA A100-SXM4-40GB MIG 4g.20gb (0),1,,13,cupy_copy__complex64_complex64
4709617797,18048,119615,1434,1,1,128,1,1,16,0.000,0.000,,,,,NVIDIA A100-SXM4-40GB MIG 4g.20gb (0),1,,13,cupy_copy__complex64_complex64
4709656709,7040,119622,103,1,1,128,1,1,16,0.000,0.000,,,,,NVIDIA A100-SXM4-40GB MIG 4g.20gb (0),1,,13,cupy_copy__complex64_complex64
4709706276,265821,119629,1,1,1,32,32,1,30,0.000,0.000,,,,,NVIDIA A100-SXM4-40GB MIG 4g.20gb (0),1,,13,"void convert_kernel<__half2, float2>(tensor_layout_any, T1 *, tensor_layout_any, const T2 *)"
4710004417,13952,119632,,,,,,,,,,0.094,6715.567,Pinned,Device,NVIDIA A100-SXM4-40GB MIG 4g.20gb (0),1,,13,[CUDA memcpy Host-to-Device]
4710066560,61823,119633,,,,,,,,,,35.810,579225.456,Device,,NVIDIA A100-SXM4-40GB MIG 4g.20gb (0),1,,13,[CUDA memset]
4710134783,2048,119635,,,,,,,,,,0.000,39.062,Pinned,Device,NVIDIA A100-SXM4-40GB MIG 4g.20gb (0),1,,13,[CUDA memcpy Host-to-Device]
4710139487,9408,119636,,,,,,,,,,0.197,20897.858,Pinned,Device,NVIDIA A100-SXM4-40GB MIG 4g.20gb (0),1,,13,[CUDA memcpy Host-to-Device]
4710184031,39359,119637,273,1,1,48,1,1,40,0.000,0.001,,,,,NVIDIA A100-SXM4-40GB MIG 4g.20gb (0),1,,13,"void pusch_noise_intf_est::noiseIntfEstNoDftSOfdmKernel<float, __half, float, float, (unsigned int)2, (unsigned int)1, (unsigned char)4, (unsigned char)4>(pusch_noise_intf_est::puschRxNoiseIntfEstDynDescr)"
4710249214,9056,119648,35,1,1,128,1,1,16,0.000,0.000,,,,,NVIDIA A100-SXM4-40GB MIG 4g.20gb (0),1,,13,cupy_copy__complex64_complex64
4710477403,6528,119657,1,1,1,1,1,1,18,0.000,0.000,,,,,NVIDIA A100-SXM4-40GB MIG 4g.20gb (0),1,,13,cupy_copy__float32_float32
4710486939,1696,119663,,,,,,,,,,0.000,2.358,Device,Pageable,NVIDIA A100-SXM4-40GB MIG 4g.20gb (0),1,,7,[CUDA memcpy Device-to-Host]
4710569050,17216,119674,1434,1,1,128,1,1,16,0.000,0.000,,,,,NVIDIA A100-SXM4-40GB MIG 4g.20gb (0),1,,13,cupy_copy__complex64_complex64
4710626170,7648,119681,103,1,1,128,1,1,16,0.000,0.000,,,,,NVIDIA A100-SXM4-40GB MIG 4g.20gb (0),1,,13,cupy_copy__complex64_complex64
4710651353,9952,119688,35,1,1,128,1,1,16,0.000,0.000,,,,,NVIDIA A100-SXM4-40GB MIG 4g.20gb (0),1,,13,cupy_copy__complex64_complex64
4710697497,4128,119695,1,1,1,1,1,1,18,0.000,0.000,,,,,NVIDIA A100-SXM4-40GB MIG 4g.20gb (0),1,,13,cupy_copy__float32_float32
4710813271,240894,119706,1,1,1,32,32,1,30,0.000,0.000,,,,,NVIDIA A100-SXM4-40GB MIG 4g.20gb (0),1,,13,"void convert_kernel<__half2, float2>(tensor_layout_any, T1 *, tensor_layout_any, const T2 *)"
4711083316,5344,119709,,,,,,,,,,0.094,17532.864,Pinned,Device,NVIDIA A100-SXM4-40GB MIG 4g.20gb (0),1,,13,[CUDA memcpy Host-to-Device]
4711128724,9920,119710,,,,,,,,,,1.547,155908.979,Device,,NVIDIA A100-SXM4-40GB MIG 4g.20gb (0),1,,13,[CUDA memset]
4711143316,3008,119715,,,,,,,,,,0.031,10404.230,Pinned,Device,NVIDIA A100-SXM4-40GB MIG 4g.20gb (0),1,,13,[CUDA memcpy Host-to-Device]
4711148756,9375,119716,,,,,,,,,,0.197,20971.389,Pinned,Device,NVIDIA A100-SXM4-40GB MIG 4g.20gb (0),1,,13,[CUDA memcpy Host-to-Device]
4711191955,35648,119717,273,1,1,8,4,1,39,0.002,0.000,,,,,NVIDIA A100-SXM4-40GB MIG 4g.20gb (0),1,,13,"void channel_eq::eqMmseCoefCompLowMimoKernel<float, float, float, (unsigned int)4, (unsigned int)1, (unsigned int)4>(const channel_eq::_puschRxChEqStatDescr *, channel_eq::_puschRxChEqCoefCompDynDescr)"
4711234611,27583,119718,273,1,1,12,11,1,51,0.002,0.000,,,,,NVIDIA A100-SXM4-40GB MIG 4g.20gb (0),1,,13,"void channel_eq::eqMmseSoftDemapKernel<float, __half, __half, float, (unsigned int)4, (unsigned short)16383>(channel_eq::_puschRxChEqStatDescr *, channel_eq::_puschRxChEqSoftDemapDynDescr)"
4711303346,632153,119719,1,1,1,32,32,1,30,0.000,0.000,,,,,NVIDIA A100-SXM4-40GB MIG 4g.20gb (0),1,,13,"void convert_kernel<float2, __half2>(tensor_layout_any, T1 *, tensor_layout_any, const T2 *)"
4711950666,14528,119731,2253,1,1,128,1,1,16,0.000,0.000,,,,,NVIDIA A100-SXM4-40GB MIG 4g.20gb (0),1,,13,cupy_copy__float16_float16
4711996010,7776,119740,282,1,1,128,1,1,16,0.000,0.000,,,,,NVIDIA A100-SXM4-40GB MIG 4g.20gb (0),1,,13,cupy_copy__complex64_complex64
4712016970,4864,119749,26,1,1,128,1,1,16,0.000,0.000,,,,,NVIDIA A100-SXM4-40GB MIG 4g.20gb (0),1,,13,cupy_copy__float32_float32
4712053417,13824,119758,103,1,1,128,1,1,16,0.000,0.000,,,,,NVIDIA A100-SXM4-40GB MIG 4g.20gb (0),1,,13,cupy_copy__complex64_complex64
4712088905,17376,119768,1434,1,1,128,1,1,16,0.000,0.000,,,,,NVIDIA A100-SXM4-40GB MIG 4g.20gb (0),1,,13,cupy_copy__complex64_complex64
4712141896,266781,119773,1,1,1,32,32,1,30,0.000,0.000,,,,,NVIDIA A100-SXM4-40GB MIG 4g.20gb (0),1,,13,"void convert_kernel<__half2, float2>(tensor_layout_any, T1 *, tensor_layout_any, const T2 *)"
4712438949,5472,119776,,,,,,,,,,0.094,17122.757,Pinned,Device,NVIDIA A100-SXM4-40GB MIG 4g.20gb (0),1,,13,[CUDA memcpy Host-to-Device]
4712477700,612889,119777,,,,,,,,,,456.561,744651.709,Device,,NVIDIA A100-SXM4-40GB MIG 4g.20gb (0),1,,13,[CUDA memset]
4713099709,50815,119782,,,,,,,,,,1.235,24302.463,Pinned,Device,NVIDIA A100-SXM4-40GB MIG 4g.20gb (0),1,,13,[CUDA memcpy Host-to-Device]
4713152988,10592,119783,,,,,,,,,,0.197,18561.761,Pinned,Device,NVIDIA A100-SXM4-40GB MIG 4g.20gb (0),1,,13,[CUDA memcpy Host-to-Device]
4713194588,23456,119784,69,4,1,48,1,1,76,0.002,0.000,,,,,NVIDIA A100-SXM4-40GB MIG 4g.20gb (0),1,,13,"void ch_est::windowedChEstPreNoDftSOfdmKernel<float, __half, float, (unsigned int)2, (unsigned int)1, (unsigned short)4>(ch_est::puschRxChEstStatDescr_t *, ch_est::puschRxChEstDynDescr_t *)"
4713228284,26879,119785,137,2,1,24,2,1,44,0.001,0.001,,,,,NVIDIA A100-SXM4-40GB MIG 4g.20gb (0),1,,13,"void ch_est::chEstFilterNoDftSOfdmDispatchKernel<float, __half, float, (unsigned int)2>(ch_est::puschRxChEstStatDescr_t *, ch_est::puschRxChEstDynDescr_t *)"
4713270875,34880,119786,137,2,1,24,2,1,44,0.001,0.001,,,,,NVIDIA A100-SXM4-40GB MIG 4g.20gb (0),1,,13,"void ch_est::chEstFilterNoDftSOfdmDispatchKernel<float, __half, float, (unsigned int)2>(ch_est::puschRxChEstStatDescr_t *, ch_est::puschRxChEstDynDescr_t *)"
4713308123,4224,119797,103,1,1,128,1,1,16,0.000,0.000,,,,,NVIDIA A100-SXM4-40GB MIG 4g.20gb (0),1,,13,cupy_copy__complex64_complex64
4713351066,14880,119807,1434,1,1,128,1,1,16,0.000,0.000,,,,,NVIDIA A100-SXM4-40GB MIG 4g.20gb (0),1,,13,cupy_copy__complex64_complex64
4713379898,5376,119814,103,1,1,128,1,1,16,0.000,0.000,,,,,NVIDIA A100-SXM4-40GB MIG 4g.20gb (0),1,,13,cupy_copy__complex64_complex64
4713430265,250141,119821,1,1,1,32,32,1,30,0.000,0.000,,,,,NVIDIA A100-SXM4-40GB MIG 4g.20gb (0),1,,13,"void convert_kernel<__half2, float2>(tensor_layout_any, T1 *, tensor_layout_any, const T2 *)"
4713709910,7328,119824,,,,,,,,,,0.094,12785.944,Pinned,Device,NVIDIA A100-SXM4-40GB MIG 4g.20gb (0),1,,13,[CUDA memcpy Host-to-Device]
4713764501,59136,119825,,,,,,,,,,35.810,605545.747,Device,,NVIDIA A100-SXM4-40GB MIG 4g.20gb (0),1,,13,[CUDA memset]
4713825365,4704,119827,,,,,,,,,,0.000,17.007,Pinned,Device,NVIDIA A100-SXM4-40GB MIG 4g.20gb (0),1,,13,[CUDA memcpy Host-to-Device]
4713832917,10400,119828,,,,,,,,,,0.197,18904.449,Pinned,Device,NVIDIA A100-SXM4-40GB MIG 4g.20gb (0),1,,13,[CUDA memcpy Host-to-Device]
4713888404,34240,119829,273,1,1,48,1,1,40,0.000,0.001,,,,,NVIDIA A100-SXM4-40GB MIG 4g.20gb (0),1,,13,"void pusch_noise_intf_est::noiseIntfEstNoDftSOfdmKernel<float, __half, float, float, (unsigned int)2, (unsigned int)1, (unsigned char)4, (unsigned char)4>(pusch_noise_intf_est::puschRxNoiseIntfEstDynDescr)"
4713924884,6271,119840,35,1,1,128,1,1,16,0.000,0.000,,,,,NVIDIA A100-SXM4-40GB MIG 4g.20gb (0),1,,13,cupy_copy__complex64_complex64
4713962515,5728,119849,1,1,1,1,1,1,18,0.000,0.000,,,,,NVIDIA A100-SXM4-40GB MIG 4g.20gb (0),1,,13,cupy_copy__float32_float32
4713974035,1728,119855,,,,,,,,,,0.000,2.315,Device,Pageable,NVIDIA A100-SXM4-40GB MIG 4g.20gb (0),1,,7,[CUDA memcpy Device-to-Host]
4714067698,16000,119866,1434,1,1,128,1,1,16,0.000,0.000,,,,,NVIDIA A100-SXM4-40GB MIG 4g.20gb (0),1,,13,cupy_copy__complex64_complex64
4714124305,6336,119873,103,1,1,128,1,1,16,0.000,0.000,,,,,NVIDIA A100-SXM4-40GB MIG 4g.20gb (0),1,,13,cupy_copy__complex64_complex64
4714152017,7776,119880,35,1,1,128,1,1,16,0.000,0.000,,,,,NVIDIA A100-SXM4-40GB MIG 4g.20gb (0),1,,13,cupy_copy__complex64_complex64
4714196112,3776,119887,1,1,1,1,1,1,18,0.000,0.000,,,,,NVIDIA A100-SXM4-40GB MIG 4g.20gb (0),1,,13,cupy_copy__float32_float32
4714287599,242238,119898,1,1,1,32,32,1,30,0.000,0.000,,,,,NVIDIA A100-SXM4-40GB MIG 4g.20gb (0),1,,13,"void convert_kernel<__half2, float2>(tensor_layout_any, T1 *, tensor_layout_any, const T2 *)"
4714558508,5408,119901,,,,,,,,,,0.094,17325.421,Pinned,Device,NVIDIA A100-SXM4-40GB MIG 4g.20gb (0),1,,13,[CUDA memcpy Host-to-Device]
4714576972,9312,119902,,,,,,,,,,1.547,166088.858,Device,,NVIDIA A100-SXM4-40GB MIG 4g.20gb (0),1,,13,[CUDA memset]
4714590060,3200,119907,,,,,,,,,,0.031,9780.000,Pinned,Device,NVIDIA A100-SXM4-40GB MIG 4g.20gb (0),1,,13,[CUDA memcpy Host-to-Device]
4714595692,9760,119908,,,,,,,,,,0.197,20144.259,Pinned,Device,NVIDIA A100-SXM4-40GB MIG 4g.20gb (0),1,,13,[CUDA memcpy Host-to-Device]
4714646891,30976,119909,273,1,1,8,4,1,39,0.002,0.000,,,,,NVIDIA A100-SXM4-40GB MIG 4g.20gb (0),1,,13,"void channel_eq::eqMmseCoefCompLowMimoKernel<float, float, float, (unsigned int)4, (unsigned int)1, (unsigned int)4>(const channel_eq::_puschRxChEqStatDescr *, channel_eq::_puschRxChEqCoefCompDynDescr)"
4714727402,23264,119910,273,1,1,12,11,1,51,0.002,0.000,,,,,NVIDIA A100-SXM4-40GB MIG 4g.20gb (0),1,,13,"void channel_eq::eqMmseSoftDemapKernel<float, __half, __half, float, (unsigned int)4, (unsigned short)16383>(channel_eq::_puschRxChEqStatDescr *, channel_eq::_puschRxChEqSoftDemapDynDescr)"
4714776906,625689,119911,1,1,1,32,32,1,30,0.000,0.000,,,,,NVIDIA A100-SXM4-40GB MIG 4g.20gb (0),1,,13,"void convert_kernel<float2, __half2>(tensor_layout_any, T1 *, tensor_layout_any, const T2 *)"
4715428802,15072,119923,2253,1,1,128,1,1,16,0.000,0.000,,,,,NVIDIA A100-SXM4-40GB MIG 4g.20gb (0),1,,13,cupy_copy__float16_float16
4715467010,5888,119932,282,1,1,128,1,1,16,0.000,0.000,,,,,NVIDIA A100-SXM4-40GB MIG 4g.20gb (0),1,,13,cupy_copy__complex64_complex64
4715500801,7136,119941,26,1,1,128,1,1,16,0.000,0.000,,,,,NVIDIA A100-SXM4-40GB MIG 4g.20gb (0),1,,13,cupy_copy__float32_float32
4715526785,7872,119950,103,1,1,128,1,1,16,0.000,0.000,,,,,NVIDIA A100-SXM4-40GB MIG 4g.20gb (0),1,,13,cupy_copy__complex64_complex64
4715586464,16448,119960,1434,1,1,128,1,1,16,0.000,0.000,,,,,NVIDIA A100-SXM4-40GB MIG 4g.20gb (0),1,,13,cupy_copy__complex64_complex64
4715619936,262141,119965,1,1,1,32,32,1,30,0.000,0.000,,,,,NVIDIA A100-SXM4-40GB MIG 4g.20gb (0),1,,13,"void convert_kernel<__half2, float2>(tensor_layout_any, T1 *, tensor_layout_any, const T2 *)"
4715912317,5344,119968,,,,,,,,,,0.094,17532.864,Pinned,Device,NVIDIA A100-SXM4-40GB MIG 4g.20gb (0),1,,13,[CUDA memcpy Host-to-Device]
4715935292,628249,119969,,,,,,,,,,456.561,726389.251,Device,,NVIDIA A100-SXM4-40GB MIG 4g.20gb (0),1,,13,[CUDA memset]
4716569845,54079,119974,,,,,,,,,,1.235,22835.350,Pinned,Device,NVIDIA A100-SXM4-40GB MIG 4g.20gb (0),1,,13,[CUDA memcpy Host-to-Device]
4716626388,10368,119975,,,,,,,,,,0.197,18962.842,Pinned,Device,NVIDIA A100-SXM4-40GB MIG 4g.20gb (0),1,,13,[CUDA memcpy Host-to-Device]
4716671284,26080,119976,69,4,1,48,1,1,76,0.002,0.000,,,,,NVIDIA A100-SXM4-40GB MIG 4g.20gb (0),1,,13,"void ch_est::windowedChEstPreNoDftSOfdmKernel<float, __half, float, (unsigned int)2, (unsigned int)1, (unsigned short)4>(ch_est::puschRxChEstStatDescr_t *, ch_est::puschRxChEstDynDescr_t *)"
4716706739,22240,119977,137,2,1,24,2,1,44,0.001,0.001,,,,,NVIDIA A100-SXM4-40GB MIG 4g.20gb (0),1,,13,"void ch_est::chEstFilterNoDftSOfdmDispatchKernel<float, __half, float, (unsigned int)2>(ch_est::puschRxChEstStatDescr_t *, ch_est::puschRxChEstDynDescr_t *)"
4716749363,28960,119978,137,2,1,24,2,1,44,0.001,0.001,,,,,NVIDIA A100-SXM4-40GB MIG 4g.20gb (0),1,,13,"void ch_est::chEstFilterNoDftSOfdmDispatchKernel<float, __half, float, (unsigned int)2>(ch_est::puschRxChEstStatDescr_t *, ch_est::puschRxChEstDynDescr_t *)"
4716784915,4064,119989,103,1,1,128,1,1,16,0.000,0.000,,,,,NVIDIA A100-SXM4-40GB MIG 4g.20gb (0),1,,13,cupy_copy__complex64_complex64
4716823922,14624,119999,1434,1,1,128,1,1,16,0.000,0.000,,,,,NVIDIA A100-SXM4-40GB MIG 4g.20gb (0),1,,13,cupy_copy__complex64_complex64
4716856242,5568,120006,103,1,1,128,1,1,16,0.000,0.000,,,,,NVIDIA A100-SXM4-40GB MIG 4g.20gb (0),1,,13,cupy_copy__complex64_complex64
4716902449,263965,120013,1,1,1,32,32,1,30,0.000,0.000,,,,,NVIDIA A100-SXM4-40GB MIG 4g.20gb (0),1,,13,"void convert_kernel<__half2, float2>(tensor_layout_any, T1 *, tensor_layout_any, const T2 *)"
4717194670,5760,120016,,,,,,,,,,0.094,16266.656,Pinned,Device,NVIDIA A100-SXM4-40GB MIG 4g.20gb (0),1,,13,[CUDA memcpy Host-to-Device]
4717246605,58912,120017,,,,,,,,,,35.810,607837.582,Device,,NVIDIA A100-SXM4-40GB MIG 4g.20gb (0),1,,13,[CUDA memset]
4717309069,1823,120019,,,,,,,,,,0.000,43.884,Pinned,Device,NVIDIA A100-SXM4-40GB MIG 4g.20gb (0),1,,13,[CUDA memcpy Host-to-Device]
4717316044,9536,120020,,,,,,,,,,0.197,20617.298,Pinned,Device,NVIDIA A100-SXM4-40GB MIG 4g.20gb (0),1,,13,[CUDA memcpy Host-to-Device]
4717374604,23487,120021,273,1,1,48,1,1,40,0.000,0.001,,,,,NVIDIA A100-SXM4-40GB MIG 4g.20gb (0),1,,13,"void pusch_noise_intf_est::noiseIntfEstNoDftSOfdmKernel<float, __half, float, float, (unsigned int)2, (unsigned int)1, (unsigned char)4, (unsigned char)4>(pusch_noise_intf_est::puschRxNoiseIntfEstDynDescr)"
4717432075,9760,120032,35,1,1,128,1,1,16,0.000,0.000,,,,,NVIDIA A100-SXM4-40GB MIG 4g.20gb (0),1,,13,cupy_copy__complex64_complex64
4717469835,4192,120041,1,1,1,1,1,1,18,0.000,0.000,,,,,NVIDIA A100-SXM4-40GB MIG 4g.20gb (0),1,,13,cupy_copy__float32_float32
4717474859,1984,120047,,,,,,,,,,0.000,2.016,Device,Pageable,NVIDIA A100-SXM4-40GB MIG 4g.20gb (0),1,,7,[CUDA memcpy Device-to-Host]
4717572585,15520,120058,1434,1,1,128,1,1,16,0.000,0.000,,,,,NVIDIA A100-SXM4-40GB MIG 4g.20gb (0),1,,13,cupy_copy__complex64_complex64
4717622569,5344,120065,103,1,1,128,1,1,16,0.000,0.000,,,,,NVIDIA A100-SXM4-40GB MIG 4g.20gb (0),1,,13,cupy_copy__complex64_complex64
4717645481,9824,120072,35,1,1,128,1,1,16,0.000,0.000,,,,,NVIDIA A100-SXM4-40GB MIG 4g.20gb (0),1,,13,cupy_copy__complex64_complex64
4717691912,4608,120079,1,1,1,1,1,1,18,0.000,0.000,,,,,NVIDIA A100-SXM4-40GB MIG 4g.20gb (0),1,,13,cupy_copy__float32_float32
4717804839,238909,120090,1,1,1,32,32,1,30,0.000,0.000,,,,,NVIDIA A100-SXM4-40GB MIG 4g.20gb (0),1,,13,"void convert_kernel<__half2, float2>(tensor_layout_any, T1 *, tensor_layout_any, const T2 *)"
4718072356,5408,120093,,,,,,,,,,0.094,17325.421,Pinned,Device,NVIDIA A100-SXM4-40GB MIG 4g.20gb (0),1,,13,[CUDA memcpy Host-to-Device]
4718121347,9536,120094,,,,,,,,,,1.547,162186.726,Device,,NVIDIA A100-SXM4-40GB MIG 4g.20gb (0),1,,13,[CUDA memset]
4718138947,4352,120099,,,,,,,,,,0.031,7191.164,Pinned,Device,NVIDIA A100-SXM4-40GB MIG 4g.20gb (0),1,,13,[CUDA memcpy Host-to-Device]
4718145763,9952,120100,,,,,,,,,,0.197,19755.565,Pinned,Device,NVIDIA A100-SXM4-40GB MIG 4g.20gb (0),1,,13,[CUDA memcpy Host-to-Device]
4718188130,34688,120101,273,1,1,8,4,1,39,0.002,0.000,,,,,NVIDIA A100-SXM4-40GB MIG 4g.20gb (0),1,,13,"void channel_eq::eqMmseCoefCompLowMimoKernel<float, float, float, (unsigned int)4, (unsigned int)1, (unsigned int)4>(const channel_eq::_puschRxChEqStatDescr *, channel_eq::_puschRxChEqCoefCompDynDescr)"
4718296769,29248,120102,273,1,1,12,11,1,51,0.002,0.000,,,,,NVIDIA A100-SXM4-40GB MIG 4g.20gb (0),1,,13,"void channel_eq::eqMmseSoftDemapKernel<float, __half, __half, float, (unsigned int)4, (unsigned short)16383>(channel_eq::_puschRxChEqStatDescr *, channel_eq::_puschRxChEqSoftDemapDynDescr)"
4718343105,591513,120103,1,1,1,32,32,1,30,0.000,0.000,,,,,NVIDIA A100-SXM4-40GB MIG 4g.20gb (0),1,,13,"void convert_kernel<float2, __half2>(tensor_layout_any, T1 *, tensor_layout_any, const T2 *)"
4718946746,14047,120115,2253,1,1,128,1,1,16,0.000,0.000,,,,,NVIDIA A100-SXM4-40GB MIG 4g.20gb (0),1,,13,cupy_copy__float16_float16
4718991097,7104,120124,282,1,1,128,1,1,16,0.000,0.000,,,,,NVIDIA A100-SXM4-40GB MIG 4g.20gb (0),1,,13,cupy_copy__complex64_complex64
4719011769,4640,120133,26,1,1,128,1,1,16,0.000,0.000,,,,,NVIDIA A100-SXM4-40GB MIG 4g.20gb (0),1,,13,cupy_copy__float32_float32
4719043768,14624,120142,103,1,1,128,1,1,16,0.000,0.000,,,,,NVIDIA A100-SXM4-40GB MIG 4g.20gb (0),1,,13,cupy_copy__complex64_complex64
4719100984,17248,120152,1434,1,1,128,1,1,16,0.000,0.000,,,,,NVIDIA A100-SXM4-40GB MIG 4g.20gb (0),1,,13,cupy_copy__complex64_complex64
4719153879,261117,120157,1,1,1,32,32,1,30,0.000,0.000,,,,,NVIDIA A100-SXM4-40GB MIG 4g.20gb (0),1,,13,"void convert_kernel<__half2, float2>(tensor_layout_any, T1 *, tensor_layout_any, const T2 *)"
4719452404,5440,120160,,,,,,,,,,0.094,17223.480,Pinned,Device,NVIDIA A100-SXM4-40GB MIG 4g.20gb (0),1,,13,[CUDA memcpy Host-to-Device]
4719499507,624313,120161,,,,,,,,,,456.561,730954.865,Device,,NVIDIA A100-SXM4-40GB MIG 4g.20gb (0),1,,13,[CUDA memset]
4720128076,52607,120166,,,,,,,,,,1.235,23473.816,Pinned,Device,NVIDIA A100-SXM4-40GB MIG 4g.20gb (0),1,,13,[CUDA memcpy Host-to-Device]
4720184203,10624,120167,,,,,,,,,,0.197,18505.925,Pinned,Device,NVIDIA A100-SXM4-40GB MIG 4g.20gb (0),1,,13,[CUDA memcpy Host-to-Device]
4720233675,23551,120168,69,4,1,48,1,1,76,0.002,0.000,,,,,NVIDIA A100-SXM4-40GB MIG 4g.20gb (0),1,,13,"void ch_est::windowedChEstPreNoDftSOfdmKernel<float, __half, float, (unsigned int)2, (unsigned int)1, (unsigned short)4>(ch_est::puschRxChEstStatDescr_t *, ch_est::puschRxChEstDynDescr_t *)"
4720267850,24256,120169,137,2,1,24,2,1,44,0.001,0.001,,,,,NVIDIA A100-SXM4-40GB MIG 4g.20gb (0),1,,13,"void ch_est::chEstFilterNoDftSOfdmDispatchKernel<float, __half, float, (unsigned int)2>(ch_est::puschRxChEstStatDescr_t *, ch_est::puschRxChEstDynDescr_t *)"
4720310506,32607,120170,137,2,1,24,2,1,44,0.001,0.001,,,,,NVIDIA A100-SXM4-40GB MIG 4g.20gb (0),1,,13,"void ch_est::chEstFilterNoDftSOfdmDispatchKernel<float, __half, float, (unsigned int)2>(ch_est::puschRxChEstStatDescr_t *, ch_est::puschRxChEstDynDescr_t *)"
4720346697,4032,120181,103,1,1,128,1,1,16,0.000,0.000,,,,,NVIDIA A100-SXM4-40GB MIG 4g.20gb (0),1,,13,cupy_copy__complex64_complex64
4720384297,13920,120191,1434,1,1,128,1,1,16,0.000,0.000,,,,,NVIDIA A100-SXM4-40GB MIG 4g.20gb (0),1,,13,cupy_copy__complex64_complex64
4720413385,6144,120198,103,1,1,128,1,1,16,0.000,0.000,,,,,NVIDIA A100-SXM4-40GB MIG 4g.20gb (0),1,,13,cupy_copy__complex64_complex64
4720462280,258877,120205,1,1,1,32,32,1,30,0.000,0.000,,,,,NVIDIA A100-SXM4-40GB MIG 4g.20gb (0),1,,13,"void convert_kernel<__half2, float2>(tensor_layout_any, T1 *, tensor_layout_any, const T2 *)"
4720751461,5376,120208,,,,,,,,,,0.094,17428.487,Pinned,Device,NVIDIA A100-SXM4-40GB MIG 4g.20gb (0),1,,13,[CUDA memcpy Host-to-Device]
4720789348,58016,120209,,,,,,,,,,35.810,617219.781,Device,,NVIDIA A100-SXM4-40GB MIG 4g.20gb (0),1,,13,[CUDA memset]
4720853508,4352,120211,,,,,,,,,,0.000,18.382,Pinned,Device,NVIDIA A100-SXM4-40GB MIG 4g.20gb (0),1,,13,[CUDA memcpy Host-to-Device]
4720860932,10079,120212,,,,,,,,,,0.197,19506.659,Pinned,Device,NVIDIA A100-SXM4-40GB MIG 4g.20gb (0),1,,13,[CUDA memcpy Host-to-Device]
4720913155,30624,120213,273,1,1,48,1,1,40,0.000,0.001,,,,,NVIDIA A100-SXM4-40GB MIG 4g.20gb (0),1,,13,"void pusch_noise_intf_est::noiseIntfEstNoDftSOfdmKernel<float, __half, float, float, (unsigned int)2, (unsigned int)1, (unsigned char)4, (unsigned char)4>(pusch_noise_intf_est::puschRxNoiseIntfEstDynDescr)"
4720975970,13504,120224,35,1,1,128,1,1,16,0.000,0.000,,,,,NVIDIA A100-SXM4-40GB MIG 4g.20gb (0),1,,13,cupy_copy__complex64_complex64
4721001666,3520,120233,1,1,1,1,1,1,18,0.000,0.000,,,,,NVIDIA A100-SXM4-40GB MIG 4g.20gb (0),1,,13,cupy_copy__float32_float32
4721010466,1600,120239,,,,,,,,,,0.000,2.500,Device,Pageable,NVIDIA A100-SXM4-40GB MIG 4g.20gb (0),1,,7,[CUDA memcpy Device-to-Host]
4721082689,14976,120250,1434,1,1,128,1,1,16,0.000,0.000,,,,,NVIDIA A100-SXM4-40GB MIG 4g.20gb (0),1,,13,cupy_copy__complex64_complex64
4721162880,6560,120257,103,1,1,128,1,1,16,0.000,0.000,,,,,NVIDIA A100-SXM4-40GB MIG 4g.20gb (0),1,,13,cupy_copy__complex64_complex64
4721204864,12319,120264,35,1,1,128,1,1,16,0.000,0.000,,,,,NVIDIA A100-SXM4-40GB MIG 4g.20gb (0),1,,13,cupy_copy__complex64_complex64
4721233887,3872,120271,1,1,1,1,1,1,18,0.000,0.000,,,,,NVIDIA A100-SXM4-40GB MIG 4g.20gb (0),1,,13,cupy_copy__float32_float32
4721321022,244573,120282,1,1,1,32,32,1,30,0.000,0.000,,,,,NVIDIA A100-SXM4-40GB MIG 4g.20gb (0),1,,13,"void convert_kernel<__half2, float2>(tensor_layout_any, T1 *, tensor_layout_any, const T2 *)"
4721595163,5376,120285,,,,,,,,,,0.094,17428.487,Pinned,Device,NVIDIA A100-SXM4-40GB MIG 4g.20gb (0),1,,13,[CUDA memcpy Host-to-Device]
4721611067,5696,120286,,,,,,,,,,1.547,271526.856,Device,,NVIDIA A100-SXM4-40GB MIG 4g.20gb (0),1,,13,[CUDA memset]
4721617499,3040,120291,,,,,,,,,,0.031,10294.725,Pinned,Device,NVIDIA A100-SXM4-40GB MIG 4g.20gb (0),1,,13,[CUDA memcpy Host-to-Device]
4721622971,9536,120292,,,,,,,,,,0.197,20617.298,Pinned,Device,NVIDIA A100-SXM4-40GB MIG 4g.20gb (0),1,,13,[CUDA memcpy Host-to-Device]
4721668154,38048,120293,273,1,1,8,4,1,39,0.002,0.000,,,,,NVIDIA A100-SXM4-40GB MIG 4g.20gb (0),1,,13,"void channel_eq::eqMmseCoefCompLowMimoKernel<float, float, float, (unsigned int)4, (unsigned int)1, (unsigned int)4>(const channel_eq::_puschRxChEqStatDescr *, channel_eq::_puschRxChEqCoefCompDynDescr)"
4721736569,27328,120294,273,1,1,12,11,1,51,0.002,0.000,,,,,NVIDIA A100-SXM4-40GB MIG 4g.20gb (0),1,,13,"void channel_eq::eqMmseSoftDemapKernel<float, __half, __half, float, (unsigned int)4, (unsigned short)16383>(channel_eq::_puschRxChEqStatDescr *, channel_eq::_puschRxChEqSoftDemapDynDescr)"
4721785305,684760,120295,1,1,1,32,32,1,30,0.000,0.000,,,,,NVIDIA A100-SXM4-40GB MIG 4g.20gb (0),1,,13,"void convert_kernel<float2, __half2>(tensor_layout_any, T1 *, tensor_layout_any, const T2 *)"
4722487441,14016,120307,2253,1,1,128,1,1,16,0.000,0.000,,,,,NVIDIA A100-SXM4-40GB MIG 4g.20gb (0),1,,13,cupy_copy__float16_float16
4722537808,9216,120316,282,1,1,128,1,1,16,0.000,0.000,,,,,NVIDIA A100-SXM4-40GB MIG 4g.20gb (0),1,,13,cupy_copy__complex64_complex64
4722568784,4000,120325,26,1,1,128,1,1,16,0.000,0.000,,,,,NVIDIA A100-SXM4-40GB MIG 4g.20gb (0),1,,13,cupy_copy__float32_float32
4722599855,13056,120334,103,1,1,128,1,1,16,0.000,0.000,,,,,NVIDIA A100-SXM4-40GB MIG 4g.20gb (0),1,,13,cupy_copy__complex64_complex64
4722633199,16576,120344,1434,1,1,128,1,1,16,0.000,0.000,,,,,NVIDIA A100-SXM4-40GB MIG 4g.20gb (0),1,,13,cupy_copy__complex64_complex64
4722697358,266941,120349,1,1,1,32,32,1,30,0.000,0.000,,,,,NVIDIA A100-SXM4-40GB MIG 4g.20gb (0),1,,13,"void convert_kernel<__half2, float2>(tensor_layout_any, T1 *, tensor_layout_any, const T2 *)"
4722992715,5952,120352,,,,,,,,,,0.094,15741.865,Pinned,Device,NVIDIA A100-SXM4-40GB MIG 4g.20gb (0),1,,13,[CUDA memcpy Host-to-Device]
4723047946,627449,120353,,,,,,,,,,456.561,727302.374,Device,,NVIDIA A100-SXM4-40GB MIG 4g.20gb (0),1,,13,[CUDA memset]
4723680483,53439,120358,,,,,,,,,,1.235,23108.272,Pinned,Device,NVIDIA A100-SXM4-40GB MIG 4g.20gb (0),1,,13,[CUDA memcpy Host-to-Device]
4723737058,10784,120359,,,,,,,,,,0.197,18231.263,Pinned,Device,NVIDIA A100-SXM4-40GB MIG 4g.20gb (0),1,,13,[CUDA memcpy Host-to-Device]
4723802882,11071,120360,69,4,1,48,1,1,76,0.002,0.000,,,,,NVIDIA A100-SXM4-40GB MIG 4g.20gb (0),1,,13,"void ch_est::windowedChEstPreNoDftSOfdmKernel<float, __half, float, (unsigned int)2, (unsigned int)1, (unsigned short)4>(ch_est::puschRxChEstStatDescr_t *, ch_est::puschRxChEstDynDescr_t *)"
4723869537,21408,120361,137,2,1,24,2,1,44,0.001,0.001,,,,,NVIDIA A100-SXM4-40GB MIG 4g.20gb (0),1,,13,"void ch_est::chEstFilterNoDftSOfdmDispatchKernel<float, __half, float, (unsigned int)2>(ch_est::puschRxChEstStatDescr_t *, ch_est::puschRxChEstDynDescr_t *)"
4723903488,26976,120362,137,2,1,24,2,1,44,0.001,0.001,,,,,NVIDIA A100-SXM4-40GB MIG 4g.20gb (0),1,,13,"void ch_est::chEstFilterNoDftSOfdmDispatchKernel<float, __half, float, (unsigned int)2>(ch_est::puschRxChEstStatDescr_t *, ch_est::puschRxChEstDynDescr_t *)"
4723977312,5023,120373,103,1,1,128,1,1,16,0.000,0.000,,,,,NVIDIA A100-SXM4-40GB MIG 4g.20gb (0),1,,13,cupy_copy__complex64_complex64
4724026271,15424,120383,1434,1,1,128,1,1,16,0.000,0.000,,,,,NVIDIA A100-SXM4-40GB MIG 4g.20gb (0),1,,13,cupy_copy__complex64_complex64
4724105822,7456,120390,103,1,1,128,1,1,16,0.000,0.000,,,,,NVIDIA A100-SXM4-40GB MIG 4g.20gb (0),1,,13,cupy_copy__complex64_complex64
4724140414,263165,120397,1,1,1,32,32,1,30,0.000,0.000,,,,,NVIDIA A100-SXM4-40GB MIG 4g.20gb (0),1,,13,"void convert_kernel<__half2, float2>(tensor_layout_any, T1 *, tensor_layout_any, const T2 *)"
4724432154,5664,120400,,,,,,,,,,0.094,16542.310,Pinned,Device,NVIDIA A100-SXM4-40GB MIG 4g.20gb (0),1,,13,[CUDA memcpy Host-to-Device]
4724485146,58719,120401,,,,,,,,,,35.810,609842.938,Device,,NVIDIA A100-SXM4-40GB MIG 4g.20gb (0),1,,13,[CUDA memset]
4724548345,1888,120403,,,,,,,,,,0.000,42.373,Pinned,Device,NVIDIA A100-SXM4-40GB MIG 4g.20gb (0),1,,13,[CUDA memcpy Host-to-Device]
4724552729,10944,120404,,,,,,,,,,0.197,17964.859,Pinned,Device,NVIDIA A100-SXM4-40GB MIG 4g.20gb (0),1,,13,[CUDA memcpy Host-to-Device]
4724628184,21152,120405,273,1,1,48,1,1,40,0.000,0.001,,,,,NVIDIA A100-SXM4-40GB MIG 4g.20gb (0),1,,13,"void pusch_noise_intf_est::noiseIntfEstNoDftSOfdmKernel<float, __half, float, float, (unsigned int)2, (unsigned int)1, (unsigned char)4, (unsigned char)4>(pusch_noise_intf_est::puschRxNoiseIntfEstDynDescr)"
4724703959,5536,120416,35,1,1,128,1,1,16,0.000,0.000,,,,,NVIDIA A100-SXM4-40GB MIG 4g.20gb (0),1,,13,cupy_copy__complex64_complex64
4724757431,6175,120425,1,1,1,1,1,1,18,0.000,0.000,,,,,NVIDIA A100-SXM4-40GB MIG 4g.20gb (0),1,,13,cupy_copy__float32_float32
4724764822,1664,120431,,,,,,,,,,0.000,2.404,Device,Pageable,NVIDIA A100-SXM4-40GB MIG 4g.20gb (0),1,,7,[CUDA memcpy Device-to-Host]
4724850069,16672,120442,1434,1,1,128,1,1,16,0.000,0.000,,,,,NVIDIA A100-SXM4-40GB MIG 4g.20gb (0),1,,13,cupy_copy__complex64_complex64
4724908053,6464,120449,103,1,1,128,1,1,16,0.000,0.000,,,,,NVIDIA A100-SXM4-40GB MIG 4g.20gb (0),1,,13,cupy_copy__complex64_complex64
4724962868,9120,120456,35,1,1,128,1,1,16,0.000,0.000,,,,,NVIDIA A100-SXM4-40GB MIG 4g.20gb (0),1,,13,cupy_copy__complex64_complex64
4724990484,3296,120463,1,1,1,1,1,1,18,0.000,0.000,,,,,NVIDIA A100-SXM4-40GB MIG 4g.20gb (0),1,,13,cupy_copy__float32_float32
4725053139,271709,120474,1,1,1,32,32,1,30,0.000,0.000,,,,,NVIDIA A100-SXM4-40GB MIG 4g.20gb (0),1,,13,"void convert_kernel<__half2, float2>(tensor_layout_any, T1 *, tensor_layout_any, const T2 *)"
4725353776,5440,120477,,,,,,,,,,0.094,17223.480,Pinned,Device,NVIDIA A100-SXM4-40GB MIG 4g.20gb (0),1,,13,[CUDA memcpy Host-to-Device]
4725408527,10144,120478,,,,,,,,,,1.547,152466.194,Device,,NVIDIA A100-SXM4-40GB MIG 4g.20gb (0),1,,13,[CUDA memset]
4725419695,3360,120483,,,,,,,,,,0.031,9314.284,Pinned,Device,NVIDIA A100-SXM4-40GB MIG 4g.20gb (0),1,,13,[CUDA memcpy Host-to-Device]
4725425871,10400,120484,,,,,,,,,,0.197,18904.449,Pinned,Device,NVIDIA A100-SXM4-40GB MIG 4g.20gb (0),1,,13,[CUDA memcpy Host-to-Device]
4725490446,11808,120485,273,1,1,8,4,1,39,0.002,0.000,,,,,NVIDIA A100-SXM4-40GB MIG 4g.20gb (0),1,,13,"void channel_eq::eqMmseCoefCompLowMimoKernel<float, float, float, (unsigned int)4, (unsigned int)1, (unsigned int)4>(const channel_eq::_puschRxChEqStatDescr *, channel_eq::_puschRxChEqCoefCompDynDescr)"
4725567885,27072,120486,273,1,1,12,11,1,51,0.002,0.000,,,,,NVIDIA A100-SXM4-40GB MIG 4g.20gb (0),1,,13,"void channel_eq::eqMmseSoftDemapKernel<float, __half, __half, float, (unsigned int)4, (unsigned short)16383>(channel_eq::_puschRxChEqStatDescr *, channel_eq::_puschRxChEqSoftDemapDynDescr)"
4725614989,600153,120487,1,1,1,32,32,1,30,0.000,0.000,,,,,NVIDIA A100-SXM4-40GB MIG 4g.20gb (0),1,,13,"void convert_kernel<float2, __half2>(tensor_layout_any, T1 *, tensor_layout_any, const T2 *)"
4726243269,14880,120499,2253,1,1,128,1,1,16,0.000,0.000,,,,,NVIDIA A100-SXM4-40GB MIG 4g.20gb (0),1,,13,cupy_copy__float16_float16
4726319717,10815,120508,282,1,1,128,1,1,16,0.000,0.000,,,,,NVIDIA A100-SXM4-40GB MIG 4g.20gb (0),1,,13,cupy_copy__complex64_complex64
4726354660,4192,120517,26,1,1,128,1,1,16,0.000,0.000,,,,,NVIDIA A100-SXM4-40GB MIG 4g.20gb (0),1,,13,cupy_copy__float32_float32
4726399204,6752,120526,103,1,1,128,1,1,16,0.000,0.000,,,,,NVIDIA A100-SXM4-40GB MIG 4g.20gb (0),1,,13,cupy_copy__complex64_complex64
4726424611,15616,120536,1434,1,1,128,1,1,16,0.000,0.000,,,,,NVIDIA A100-SXM4-40GB MIG 4g.20gb (0),1,,13,cupy_copy__complex64_complex64
4726484931,261405,120541,1,1,1,32,32,1,30,0.000,0.000,,,,,NVIDIA A100-SXM4-40GB MIG 4g.20gb (0),1,,13,"void convert_kernel<__half2, float2>(tensor_layout_any, T1 *, tensor_layout_any, const T2 *)"
4726774495,6368,120544,,,,,,,,,,0.094,14713.551,Pinned,Device,NVIDIA A100-SXM4-40GB MIG 4g.20gb (0),1,,13,[CUDA memcpy Host-to-Device]
4726825247,629816,120545,,,,,,,,,,456.561,724563.005,Device,,NVIDIA A100-SXM4-40GB MIG 4g.20gb (0),1,,13,[CUDA memset]
4727456791,52928,120550,,,,,,,,,,1.235,23331.797,Pinned,Device,NVIDIA A100-SXM4-40GB MIG 4g.20gb (0),1,,13,[CUDA memcpy Host-to-Device]
4727514007,10816,120551,,,,,,,,,,0.197,18177.393,Pinned,Device,NVIDIA A100-SXM4-40GB MIG 4g.20gb (0),1,,13,[CUDA memcpy Host-to-Device]
4727587766,10176,120552,69,4,1,48,1,1,76,0.002,0.000,,,,,NVIDIA A100-SXM4-40GB MIG 4g.20gb (0),1,,13,"void ch_est::windowedChEstPreNoDftSOfdmKernel<float, __half, float, (unsigned int)2, (unsigned int)1, (unsigned short)4>(ch_est::puschRxChEstStatDescr_t *, ch_est::puschRxChEstDynDescr_t *)"
4727667125,10880,120553,137,2,1,24,2,1,44,0.001,0.001,,,,,NVIDIA A100-SXM4-40GB MIG 4g.20gb (0),1,,13,"void ch_est::chEstFilterNoDftSOfdmDispatchKernel<float, __half, float, (unsigned int)2>(ch_est::puschRxChEstStatDescr_t *, ch_est::puschRxChEstDynDescr_t *)"
4727743188,11520,120554,137,2,1,24,2,1,44,0.001,0.001,,,,,NVIDIA A100-SXM4-40GB MIG 4g.20gb (0),1,,13,"void ch_est::chEstFilterNoDftSOfdmDispatchKernel<float, __half, float, (unsigned int)2>(ch_est::puschRxChEstStatDescr_t *, ch_est::puschRxChEstDynDescr_t *)"
4727806131,6976,120565,103,1,1,128,1,1,16,0.000,0.000,,,,,NVIDIA A100-SXM4-40GB MIG 4g.20gb (0),1,,13,cupy_copy__complex64_complex64
4727840947,14880,120575,1434,1,1,128,1,1,16,0.000,0.000,,,,,NVIDIA A100-SXM4-40GB MIG 4g.20gb (0),1,,13,cupy_copy__complex64_complex64
4727898066,5376,120582,103,1,1,128,1,1,16,0.000,0.000,,,,,NVIDIA A100-SXM4-40GB MIG 4g.20gb (0),1,,13,cupy_copy__complex64_complex64
4727918994,262365,120589,1,1,1,32,32,1,30,0.000,0.000,,,,,NVIDIA A100-SXM4-40GB MIG 4g.20gb (0),1,,13,"void convert_kernel<__half2, float2>(tensor_layout_any, T1 *, tensor_layout_any, const T2 *)"
4728211503,5984,120592,,,,,,,,,,0.094,15657.726,Pinned,Device,NVIDIA A100-SXM4-40GB MIG 4g.20gb (0),1,,13,[CUDA memcpy Host-to-Device]
4728245262,59744,120593,,,,,,,,,,35.810,599386.441,Device,,NVIDIA A100-SXM4-40GB MIG 4g.20gb (0),1,,13,[CUDA memset]
4728313294,2655,120595,,,,,,,,,,0.000,30.132,Pinned,Device,NVIDIA A100-SXM4-40GB MIG 4g.20gb (0),1,,13,[CUDA memcpy Host-to-Device]
4728320301,9696,120596,,,,,,,,,,0.197,20277.166,Pinned,Device,NVIDIA A100-SXM4-40GB MIG 4g.20gb (0),1,,13,[CUDA memcpy Host-to-Device]
4728384205,25407,120597,273,1,1,48,1,1,40,0.000,0.001,,,,,NVIDIA A100-SXM4-40GB MIG 4g.20gb (0),1,,13,"void pusch_noise_intf_est::noiseIntfEstNoDftSOfdmKernel<float, __half, float, float, (unsigned int)2, (unsigned int)1, (unsigned char)4, (unsigned char)4>(pusch_noise_intf_est::puschRxNoiseIntfEstDynDescr)"
4728437068,6592,120608,35,1,1,128,1,1,16,0.000,0.000,,,,,NVIDIA A100-SXM4-40GB MIG 4g.20gb (0),1,,13,cupy_copy__complex64_complex64
4728456716,3360,120617,1,1,1,1,1,1,18,0.000,0.000,,,,,NVIDIA A100-SXM4-40GB MIG 4g.20gb (0),1,,13,cupy_copy__float32_float32
4728461740,2080,120623,,,,,,,,,,0.000,1.923,Device,Pageable,NVIDIA A100-SXM4-40GB MIG 4g.20gb (0),1,,7,[CUDA memcpy Device-to-Host]
4728564779,14943,120634,1434,1,1,128,1,1,16,0.000,0.000,,,,,NVIDIA A100-SXM4-40GB MIG 4g.20gb (0),1,,13,cupy_copy__complex64_complex64
4728635594,6208,120641,103,1,1,128,1,1,16,0.000,0.000,,,,,NVIDIA A100-SXM4-40GB MIG 4g.20gb (0),1,,13,cupy_copy__complex64_complex64
4728666985,8032,120648,35,1,1,128,1,1,16,0.000,0.000,,,,,NVIDIA A100-SXM4-40GB MIG 4g.20gb (0),1,,13,cupy_copy__complex64_complex64
4728713929,3104,120655,1,1,1,1,1,1,18,0.000,0.000,,,,,NVIDIA A100-SXM4-40GB MIG 4g.20gb (0),1,,13,cupy_copy__float32_float32
4728767560,263805,120666,1,1,1,32,32,1,30,0.000,0.000,,,,,NVIDIA A100-SXM4-40GB MIG 4g.20gb (0),1,,13,"void convert_kernel<__half2, float2>(tensor_layout_any, T1 *, tensor_layout_any, const T2 *)"
4729060869,6016,120669,,,,,,,,,,0.094,15574.430,Pinned,Device,NVIDIA A100-SXM4-40GB MIG 4g.20gb (0),1,,13,[CUDA memcpy Host-to-Device]
4729116292,7968,120670,,,,,,,,,,1.547,194104.405,Device,,NVIDIA A100-SXM4-40GB MIG 4g.20gb (0),1,,13,[CUDA memset]
4729129988,3072,120675,,,,,,,,,,0.031,10187.474,Pinned,Device,NVIDIA A100-SXM4-40GB MIG 4g.20gb (0),1,,13,[CUDA memcpy Host-to-Device]
4729135556,10464,120676,,,,,,,,,,0.197,18788.844,Pinned,Device,NVIDIA A100-SXM4-40GB MIG 4g.20gb (0),1,,13,[CUDA memcpy Host-to-Device]
4729180228,30591,120677,273,1,1,8,4,1,39,0.002,0.000,,,,,NVIDIA A100-SXM4-40GB MIG 4g.20gb (0),1,,13,"void channel_eq::eqMmseCoefCompLowMimoKernel<float, float, float, (unsigned int)4, (unsigned int)1, (unsigned int)4>(const channel_eq::_puschRxChEqStatDescr *, channel_eq::_puschRxChEqCoefCompDynDescr)"
4729233699,11168,120678,273,1,1,12,11,1,51,0.002,0.000,,,,,NVIDIA A100-SXM4-40GB MIG 4g.20gb (0),1,,13,"void channel_eq::eqMmseSoftDemapKernel<float, __half, __half, float, (unsigned int)4, (unsigned short)16383>(channel_eq::_puschRxChEqStatDescr *, channel_eq::_puschRxChEqSoftDemapDynDescr)"
4729307138,632121,120679,1,1,1,32,32,1,30,0.000,0.000,,,,,NVIDIA A100-SXM4-40GB MIG 4g.20gb (0),1,,13,"void convert_kernel<float2, __half2>(tensor_layout_any, T1 *, tensor_layout_any, const T2 *)"
4729963770,14944,120691,2253,1,1,128,1,1,16,0.000,0.000,,,,,NVIDIA A100-SXM4-40GB MIG 4g.20gb (0),1,,13,cupy_copy__float16_float16
4730017466,6016,120700,282,1,1,128,1,1,16,0.000,0.000,,,,,NVIDIA A100-SXM4-40GB MIG 4g.20gb (0),1,,13,cupy_copy__complex64_complex64
4730038266,4512,120709,26,1,1,128,1,1,16,0.000,0.000,,,,,NVIDIA A100-SXM4-40GB MIG 4g.20gb (0),1,,13,cupy_copy__float32_float32
4730085081,6016,120718,103,1,1,128,1,1,16,0.000,0.000,,,,,NVIDIA A100-SXM4-40GB MIG 4g.20gb (0),1,,13,cupy_copy__complex64_complex64
4730137624,15616,120728,1434,1,1,128,1,1,16,0.000,0.000,,,,,NVIDIA A100-SXM4-40GB MIG 4g.20gb (0),1,,13,cupy_copy__complex64_complex64
4730183768,264925,120733,1,1,1,32,32,1,30,0.000,0.000,,,,,NVIDIA A100-SXM4-40GB MIG 4g.20gb (0),1,,13,"void convert_kernel<__half2, float2>(tensor_layout_any, T1 *, tensor_layout_any, const T2 *)"
4730477493,5951,120736,,,,,,,,,,0.094,15744.488,Pinned,Device,NVIDIA A100-SXM4-40GB MIG 4g.20gb (0),1,,13,[CUDA memcpy Host-to-Device]
4730532436,626297,120737,,,,,,,,,,456.561,728672.058,Device,,NVIDIA A100-SXM4-40GB MIG 4g.20gb (0),1,,13,[CUDA memset]
4731163597,54335,120742,,,,,,,,,,1.235,22727.909,Pinned,Device,NVIDIA A100-SXM4-40GB MIG 4g.20gb (0),1,,13,[CUDA memcpy Host-to-Device]
4731222828,9792,120743,,,,,,,,,,0.197,20078.395,Pinned,Device,NVIDIA A100-SXM4-40GB MIG 4g.20gb (0),1,,13,[CUDA memcpy Host-to-Device]
4731272907,24704,120744,69,4,1,48,1,1,76,0.002,0.000,,,,,NVIDIA A100-SXM4-40GB MIG 4g.20gb (0),1,,13,"void ch_est::windowedChEstPreNoDftSOfdmKernel<float, __half, float, (unsigned int)2, (unsigned int)1, (unsigned short)4>(ch_est::puschRxChEstStatDescr_t *, ch_est::puschRxChEstDynDescr_t *)"
4731323019,10816,120745,137,2,1,24,2,1,44,0.001,0.001,,,,,NVIDIA A100-SXM4-40GB MIG 4g.20gb (0),1,,13,"void ch_est::chEstFilterNoDftSOfdmDispatchKernel<float, __half, float, (unsigned int)2>(ch_est::puschRxChEstStatDescr_t *, ch_est::puschRxChEstDynDescr_t *)"
4731388778,23168,120746,137,2,1,24,2,1,44,0.001,0.001,,,,,NVIDIA A100-SXM4-40GB MIG 4g.20gb (0),1,,13,"void ch_est::chEstFilterNoDftSOfdmDispatchKernel<float, __half, float, (unsigned int)2>(ch_est::puschRxChEstStatDescr_t *, ch_est::puschRxChEstDynDescr_t *)"
4731430282,6111,120757,103,1,1,128,1,1,16,0.000,0.000,,,,,NVIDIA A100-SXM4-40GB MIG 4g.20gb (0),1,,13,cupy_copy__complex64_complex64
4731478633,15040,120767,1434,1,1,128,1,1,16,0.000,0.000,,,,,NVIDIA A100-SXM4-40GB MIG 4g.20gb (0),1,,13,cupy_copy__complex64_complex64
4731555016,8000,120774,103,1,1,128,1,1,16,0.000,0.000,,,,,NVIDIA A100-SXM4-40GB MIG 4g.20gb (0),1,,13,cupy_copy__complex64_complex64
4731585640,264797,120781,1,1,1,32,32,1,30,0.000,0.000,,,,,NVIDIA A100-SXM4-40GB MIG 4g.20gb (0),1,,13,"void convert_kernel<__half2, float2>(tensor_layout_any, T1 *, tensor_layout_any, const T2 *)"
4731879716,6304,120784,,,,,,,,,,0.094,14862.903,Pinned,Device,NVIDIA A100-SXM4-40GB MIG 4g.20gb (0),1,,13,[CUDA memcpy Host-to-Device]
4731935876,59039,120785,,,,,,,,,,35.810,606512.615,Device,,NVIDIA A100-SXM4-40GB MIG 4g.20gb (0),1,,13,[CUDA memset]
4732001347,1856,120787,,,,,,,,,,0.000,43.103,Pinned,Device,NVIDIA A100-SXM4-40GB MIG 4g.20gb (0),1,,13,[CUDA memcpy Host-to-Device]
4732005667,10112,120788,,,,,,,,,,0.197,19442.958,Pinned,Device,NVIDIA A100-SXM4-40GB MIG 4g.20gb (0),1,,13,[CUDA memcpy Host-to-Device]
4732077922,22592,120789,273,1,1,48,1,1,40,0.000,0.001,,,,,NVIDIA A100-SXM4-40GB MIG 4g.20gb (0),1,,13,"void pusch_noise_intf_est::noiseIntfEstNoDftSOfdmKernel<float, __half, float, float, (unsigned int)2, (unsigned int)1, (unsigned char)4, (unsigned char)4>(pusch_noise_intf_est::puschRxNoiseIntfEstDynDescr)"
4732150145,4864,120800,35,1,1,128,1,1,16,0.000,0.000,,,,,NVIDIA A100-SXM4-40GB MIG 4g.20gb (0),1,,13,cupy_copy__complex64_complex64
4732171073,3936,120809,1,1,1,1,1,1,18,0.000,0.000,,,,,NVIDIA A100-SXM4-40GB MIG 4g.20gb (0),1,,13,cupy_copy__float32_float32
4732179425,1568,120815,,,,,,,,,,0.000,2.551,Device,Pageable,NVIDIA A100-SXM4-40GB MIG 4g.20gb (0),1,,7,[CUDA memcpy Device-to-Host]
4732275392,14592,120826,1434,1,1,128,1,1,16,0.000,0.000,,,,,NVIDIA A100-SXM4-40GB MIG 4g.20gb (0),1,,13,cupy_copy__complex64_complex64
4732347903,6272,120833,103,1,1,128,1,1,16,0.000,0.000,,,,,NVIDIA A100-SXM4-40GB MIG 4g.20gb (0),1,,13,cupy_copy__complex64_complex64
4732374463,10400,120840,35,1,1,128,1,1,16,0.000,0.000,,,,,NVIDIA A100-SXM4-40GB MIG 4g.20gb (0),1,,13,cupy_copy__complex64_complex64
4732424702,3232,120847,1,1,1,1,1,1,18,0.000,0.000,,,,,NVIDIA A100-SXM4-40GB MIG 4g.20gb (0),1,,13,cupy_copy__float32_float32
4732487165,264125,120858,1,1,1,32,32,1,30,0.000,0.000,,,,,NVIDIA A100-SXM4-40GB MIG 4g.20gb (0),1,,13,"void convert_kernel<__half2, float2>(tensor_layout_any, T1 *, tensor_layout_any, const T2 *)"
4732779962,6048,120861,,,,,,,,,,0.094,15491.978,Pinned,Device,NVIDIA A100-SXM4-40GB MIG 4g.20gb (0),1,,13,[CUDA memcpy Host-to-Device]
4732838425,6272,120862,,,,,,,,,,1.547,246590.637,Device,,NVIDIA A100-SXM4-40GB MIG 4g.20gb (0),1,,13,[CUDA memset]
4732852313,3040,120867,,,,,,,,,,0.031,10294.725,Pinned,Device,NVIDIA A100-SXM4-40GB MIG 4g.20gb (0),1,,13,[CUDA memcpy Host-to-Device]
4732857785,10848,120868,,,,,,,,,,0.197,18123.719,Pinned,Device,NVIDIA A100-SXM4-40GB MIG 4g.20gb (0),1,,13,[CUDA memcpy Host-to-Device]
4732909400,29152,120869,273,1,1,8,4,1,39,0.002,0.000,,,,,NVIDIA A100-SXM4-40GB MIG 4g.20gb (0),1,,13,"void channel_eq::eqMmseCoefCompLowMimoKernel<float, float, float, (unsigned int)4, (unsigned int)1, (unsigned int)4>(const channel_eq::_puschRxChEqStatDescr *, channel_eq::_puschRxChEqCoefCompDynDescr)"
4732991160,28959,120870,273,1,1,12,11,1,51,0.002,0.000,,,,,NVIDIA A100-SXM4-40GB MIG 4g.20gb (0),1,,13,"void channel_eq::eqMmseSoftDemapKernel<float, __half, __half, float, (unsigned int)4, (unsigned short)16383>(channel_eq::_puschRxChEqStatDescr *, channel_eq::_puschRxChEqSoftDemapDynDescr)"
4733046871,611001,120871,1,1,1,32,32,1,30,0.000,0.000,,,,,NVIDIA A100-SXM4-40GB MIG 4g.20gb (0),1,,13,"void convert_kernel<float2, __half2>(tensor_layout_any, T1 *, tensor_layout_any, const T2 *)"
4733700047,14304,120883,2253,1,1,128,1,1,16,0.000,0.000,,,,,NVIDIA A100-SXM4-40GB MIG 4g.20gb (0),1,,13,cupy_copy__float16_float16
4733756719,5568,120892,282,1,1,128,1,1,16,0.000,0.000,,,,,NVIDIA A100-SXM4-40GB MIG 4g.20gb (0),1,,13,cupy_copy__complex64_complex64
4733817038,5440,120901,26,1,1,128,1,1,16,0.000,0.000,,,,,NVIDIA A100-SXM4-40GB MIG 4g.20gb (0),1,,13,cupy_copy__float32_float32
4733847246,10816,120910,103,1,1,128,1,1,16,0.000,0.000,,,,,NVIDIA A100-SXM4-40GB MIG 4g.20gb (0),1,,13,cupy_copy__complex64_complex64
4733905165,15072,120920,1434,1,1,128,1,1,16,0.000,0.000,,,,,NVIDIA A100-SXM4-40GB MIG 4g.20gb (0),1,,13,cupy_copy__complex64_complex64
4733979148,262237,120925,1,1,1,32,32,1,30,0.000,0.000,,,,,NVIDIA A100-SXM4-40GB MIG 4g.20gb (0),1,,13,"void convert_kernel<__half2, float2>(tensor_layout_any, T1 *, tensor_layout_any, const T2 *)"
4734271145,6272,120928,,,,,,,,,,0.094,14938.703,Pinned,Device,NVIDIA A100-SXM4-40GB MIG 4g.20gb (0),1,,13,[CUDA memcpy Host-to-Device]
4734316872,625369,120929,,,,,,,,,,456.561,730041.743,Device,,NVIDIA A100-SXM4-40GB MIG 4g.20gb (0),1,,13,[CUDA memset]
4734948705,55775,120934,,,,,,,,,,1.235,22141.311,Pinned,Device,NVIDIA A100-SXM4-40GB MIG 4g.20gb (0),1,,13,[CUDA memcpy Host-to-Device]
4735006944,9824,120935,,,,,,,,,,0.197,20012.925,Pinned,Device,NVIDIA A100-SXM4-40GB MIG 4g.20gb (0),1,,13,[CUDA memcpy Host-to-Device]
4735049184,22752,120936,69,4,1,48,1,1,76,0.002,0.000,,,,,NVIDIA A100-SXM4-40GB MIG 4g.20gb (0),1,,13,"void ch_est::windowedChEstPreNoDftSOfdmKernel<float, __half, float, (unsigned int)2, (unsigned int)1, (unsigned short)4>(ch_est::puschRxChEstStatDescr_t *, ch_est::puschRxChEstDynDescr_t *)"
4735099487,7296,120937,137,2,1,24,2,1,44,0.001,0.001,,,,,NVIDIA A100-SXM4-40GB MIG 4g.20gb (0),1,,13,"void ch_est::chEstFilterNoDftSOfdmDispatchKernel<float, __half, float, (unsigned int)2>(ch_est::puschRxChEstStatDescr_t *, ch_est::puschRxChEstDynDescr_t *)"
4735163998,23328,120938,137,2,1,24,2,1,44,0.001,0.001,,,,,NVIDIA A100-SXM4-40GB MIG 4g.20gb (0),1,,13,"void ch_est::chEstFilterNoDftSOfdmDispatchKernel<float, __half, float, (unsigned int)2>(ch_est::puschRxChEstStatDescr_t *, ch_est::puschRxChEstDynDescr_t *)"
4735202558,4640,120949,103,1,1,128,1,1,16,0.000,0.000,,,,,NVIDIA A100-SXM4-40GB MIG 4g.20gb (0),1,,13,cupy_copy__complex64_complex64
4735248093,14016,120959,1434,1,1,128,1,1,16,0.000,0.000,,,,,NVIDIA A100-SXM4-40GB MIG 4g.20gb (0),1,,13,cupy_copy__complex64_complex64
4735318973,6656,120966,103,1,1,128,1,1,16,0.000,0.000,,,,,NVIDIA A100-SXM4-40GB MIG 4g.20gb (0),1,,13,cupy_copy__complex64_complex64
4735351356,262397,120973,1,1,1,32,32,1,30,0.000,0.000,,,,,NVIDIA A100-SXM4-40GB MIG 4g.20gb (0),1,,13,"void convert_kernel<__half2, float2>(tensor_layout_any, T1 *, tensor_layout_any, const T2 *)"
4735643417,6080,120976,,,,,,,,,,0.094,15410.462,Pinned,Device,NVIDIA A100-SXM4-40GB MIG 4g.20gb (0),1,,13,[CUDA memcpy Host-to-Device]
4735698808,55456,120977,,,,,,,,,,35.810,645724.477,Device,,NVIDIA A100-SXM4-40GB MIG 4g.20gb (0),1,,13,[CUDA memset]
4735759736,5728,120979,,,,,,,,,,0.000,13.966,Pinned,Device,NVIDIA A100-SXM4-40GB MIG 4g.20gb (0),1,,13,[CUDA memcpy Host-to-Device]
4735768631,9536,120980,,,,,,,,,,0.197,20617.298,Pinned,Device,NVIDIA A100-SXM4-40GB MIG 4g.20gb (0),1,,13,[CUDA memcpy Host-to-Device]
4735834071,14560,120981,273,1,1,48,1,1,40,0.000,0.001,,,,,NVIDIA A100-SXM4-40GB MIG 4g.20gb (0),1,,13,"void pusch_noise_intf_est::noiseIntfEstNoDftSOfdmKernel<float, __half, float, float, (unsigned int)2, (unsigned int)1, (unsigned char)4, (unsigned char)4>(pusch_noise_intf_est::puschRxNoiseIntfEstDynDescr)"
4735908694,6880,120992,35,1,1,128,1,1,16,0.000,0.000,,,,,NVIDIA A100-SXM4-40GB MIG 4g.20gb (0),1,,13,cupy_copy__complex64_complex64
4735959445,3680,121001,1,1,1,1,1,1,18,0.000,0.000,,,,,NVIDIA A100-SXM4-40GB MIG 4g.20gb (0),1,,13,cupy_copy__float32_float32
4735969301,1664,121007,,,,,,,,,,0.000,2.404,Device,Pageable,NVIDIA A100-SXM4-40GB MIG 4g.20gb (0),1,,7,[CUDA memcpy Device-to-Host]
4736054452,15520,121018,1434,1,1,128,1,1,16,0.000,0.000,,,,,NVIDIA A100-SXM4-40GB MIG 4g.20gb (0),1,,13,cupy_copy__complex64_complex64
4736111572,4639,121025,103,1,1,128,1,1,16,0.000,0.000,,,,,NVIDIA A100-SXM4-40GB MIG 4g.20gb (0),1,,13,cupy_copy__complex64_complex64
4736166355,8384,121032,35,1,1,128,1,1,16,0.000,0.000,,,,,NVIDIA A100-SXM4-40GB MIG 4g.20gb (0),1,,13,cupy_copy__complex64_complex64
4736196659,4095,121039,1,1,1,1,1,1,18,0.000,0.000,,,,,NVIDIA A100-SXM4-40GB MIG 4g.20gb (0),1,,13,cupy_copy__float32_float32
4736256306,268733,121050,1,1,1,32,32,1,30,0.000,0.000,,,,,NVIDIA A100-SXM4-40GB MIG 4g.20gb (0),1,,13,"void convert_kernel<__half2, float2>(tensor_layout_any, T1 *, tensor_layout_any, const T2 *)"
4736554382,5472,121053,,,,,,,,,,0.094,17122.757,Pinned,Device,NVIDIA A100-SXM4-40GB MIG 4g.20gb (0),1,,13,[CUDA memcpy Host-to-Device]
4736607214,7168,121054,,,,,,,,,,1.547,215766.421,Device,,NVIDIA A100-SXM4-40GB MIG 4g.20gb (0),1,,13,[CUDA memset]
4736619598,3936,121059,,,,,,,,,,0.031,7951.218,Pinned,Device,NVIDIA A100-SXM4-40GB MIG 4g.20gb (0),1,,13,[CUDA memcpy Host-to-Device]
4736626094,9919,121060,,,,,,,,,,0.197,19821.232,Pinned,Device,NVIDIA A100-SXM4-40GB MIG 4g.20gb (0),1,,13,[CUDA memcpy Host-to-Device]
4736683469,12928,121061,273,1,1,8,4,1,39,0.002,0.000,,,,,NVIDIA A100-SXM4-40GB MIG 4g.20gb (0),1,,13,"void channel_eq::eqMmseCoefCompLowMimoKernel<float, float, float, (unsigned int)4, (unsigned int)1, (unsigned int)4>(const channel_eq::_puschRxChEqStatDescr *, channel_eq::_puschRxChEqCoefCompDynDescr)"
4736775212,11488,121062,273,1,1,12,11,1,51,0.002,0.000,,,,,NVIDIA A100-SXM4-40GB MIG 4g.20gb (0),1,,13,"void channel_eq::eqMmseSoftDemapKernel<float, __half, __half, float, (unsigned int)4, (unsigned short)16383>(channel_eq::_puschRxChEqStatDescr *, channel_eq::_puschRxChEqSoftDemapDynDescr)"
4736848427,620601,121063,1,1,1,32,32,1,30,0.000,0.000,,,,,NVIDIA A100-SXM4-40GB MIG 4g.20gb (0),1,,13,"void convert_kernel<float2, __half2>(tensor_layout_any, T1 *, tensor_layout_any, const T2 *)"
4737485636,16383,121075,2253,1,1,128,1,1,16,0.000,0.000,,,,,NVIDIA A100-SXM4-40GB MIG 4g.20gb (0),1,,13,cupy_copy__float16_float16
4737541027,5440,121084,282,1,1,128,1,1,16,0.000,0.000,,,,,NVIDIA A100-SXM4-40GB MIG 4g.20gb (0),1,,13,cupy_copy__complex64_complex64
4737596770,6528,121093,26,1,1,128,1,1,16,0.000,0.000,,,,,NVIDIA A100-SXM4-40GB MIG 4g.20gb (0),1,,13,cupy_copy__float32_float32
4737623778,17152,121102,103,1,1,128,1,1,16,0.000,0.000,,,,,NVIDIA A100-SXM4-40GB MIG 4g.20gb (0),1,,13,cupy_copy__complex64_complex64
4737735297,14880,121112,1434,1,1,128,1,1,16,0.000,0.000,,,,,NVIDIA A100-SXM4-40GB MIG 4g.20gb (0),1,,13,cupy_copy__complex64_complex64
4737811552,259869,121117,1,1,1,32,32,1,30,0.000,0.000,,,,,NVIDIA A100-SXM4-40GB MIG 4g.20gb (0),1,,13,"void convert_kernel<__half2, float2>(tensor_layout_any, T1 *, tensor_layout_any, const T2 *)"
4738101469,5919,121120,,,,,,,,,,0.094,15829.658,Pinned,Device,NVIDIA A100-SXM4-40GB MIG 4g.20gb (0),1,,13,[CUDA memcpy Host-to-Device]
4738146716,639033,121121,,,,,,,,,,456.561,714062.092,Device,,NVIDIA A100-SXM4-40GB MIG 4g.20gb (0),1,,13,[CUDA memset]
4738788949,54559,121126,,,,,,,,,,1.235,22634.054,Pinned,Device,NVIDIA A100-SXM4-40GB MIG 4g.20gb (0),1,,13,[CUDA memcpy Host-to-Device]
4738847348,11296,121127,,,,,,,,,,0.197,17404.920,Pinned,Device,NVIDIA A100-SXM4-40GB MIG 4g.20gb (0),1,,13,[CUDA memcpy Host-to-Device]
4738912563,12192,121128,69,4,1,48,1,1,76,0.002,0.000,,,,,NVIDIA A100-SXM4-40GB MIG 4g.20gb (0),1,,13,"void ch_est::windowedChEstPreNoDftSOfdmKernel<float, __half, float, (unsigned int)2, (unsigned int)1, (unsigned short)4>(ch_est::puschRxChEstStatDescr_t *, ch_est::puschRxChEstDynDescr_t *)"
4738992242,11616,121129,137,2,1,24,2,1,44,0.001,0.001,,,,,NVIDIA A100-SXM4-40GB MIG 4g.20gb (0),1,,13,"void ch_est::chEstFilterNoDftSOfdmDispatchKernel<float, __half, float, (unsigned int)2>(ch_est::puschRxChEstStatDescr_t *, ch_est::puschRxChEstDynDescr_t *)"
4739061201,24064,121130,137,2,1,24,2,1,44,0.001,0.001,,,,,NVIDIA A100-SXM4-40GB MIG 4g.20gb (0),1,,13,"void ch_est::chEstFilterNoDftSOfdmDispatchKernel<float, __half, float, (unsigned int)2>(ch_est::puschRxChEstStatDescr_t *, ch_est::puschRxChEstDynDescr_t *)"
4739093937,7040,121141,103,1,1,128,1,1,16,0.000,0.000,,,,,NVIDIA A100-SXM4-40GB MIG 4g.20gb (0),1,,13,cupy_copy__complex64_complex64
4739146608,15104,121151,1434,1,1,128,1,1,16,0.000,0.000,,,,,NVIDIA A100-SXM4-40GB MIG 4g.20gb (0),1,,13,cupy_copy__complex64_complex64
4739221936,7360,121158,103,1,1,128,1,1,16,0.000,0.000,,,,,NVIDIA A100-SXM4-40GB MIG 4g.20gb (0),1,,13,cupy_copy__complex64_complex64
4739252431,267453,121165,1,1,1,32,32,1,30,0.000,0.000,,,,,NVIDIA A100-SXM4-40GB MIG 4g.20gb (0),1,,13,"void convert_kernel<__half2, float2>(tensor_layout_any, T1 *, tensor_layout_any, const T2 *)"
4739549164,6560,121168,,,,,,,,,,0.094,14282.925,Pinned,Device,NVIDIA A100-SXM4-40GB MIG 4g.20gb (0),1,,13,[CUDA memcpy Host-to-Device]
4739606987,56128,121169,,,,,,,,,,35.810,637989.535,Device,,NVIDIA A100-SXM4-40GB MIG 4g.20gb (0),1,,13,[CUDA memset]
4739666826,3552,121171,,,,,,,,,,0.000,22.522,Pinned,Device,NVIDIA A100-SXM4-40GB MIG 4g.20gb (0),1,,13,[CUDA memcpy Host-to-Device]
4739673226,9376,121172,,,,,,,,,,0.197,20969.226,Pinned,Device,NVIDIA A100-SXM4-40GB MIG 4g.20gb (0),1,,13,[CUDA memcpy Host-to-Device]
4739731882,19808,121173,273,1,1,48,1,1,40,0.000,0.001,,,,,NVIDIA A100-SXM4-40GB MIG 4g.20gb (0),1,,13,"void pusch_noise_intf_est::noiseIntfEstNoDftSOfdmKernel<float, __half, float, float, (unsigned int)2, (unsigned int)1, (unsigned char)4, (unsigned char)4>(pusch_noise_intf_est::puschRxNoiseIntfEstDynDescr)"
4739801353,4672,121184,35,1,1,128,1,1,16,0.000,0.000,,,,,NVIDIA A100-SXM4-40GB MIG 4g.20gb (0),1,,13,cupy_copy__complex64_complex64
4739852936,4128,121193,1,1,1,1,1,1,18,0.000,0.000,,,,,NVIDIA A100-SXM4-40GB MIG 4g.20gb (0),1,,13,cupy_copy__float32_float32
4739862376,1824,121199,,,,,,,,,,0.000,2.193,Device,Pageable,NVIDIA A100-SXM4-40GB MIG 4g.20gb (0),1,,7,[CUDA memcpy Device-to-Host]
4739943431,16544,121210,1434,1,1,128,1,1,16,0.000,0.000,,,,,NVIDIA A100-SXM4-40GB MIG 4g.20gb (0),1,,13,cupy_copy__complex64_complex64
4740001863,4736,121217,103,1,1,128,1,1,16,0.000,0.000,,,,,NVIDIA A100-SXM4-40GB MIG 4g.20gb (0),1,,13,cupy_copy__complex64_complex64
4740056454,7936,121224,35,1,1,128,1,1,16,0.000,0.000,,,,,NVIDIA A100-SXM4-40GB MIG 4g.20gb (0),1,,13,cupy_copy__complex64_complex64
4740084678,4352,121231,1,1,1,1,1,1,18,0.000,0.000,,,,,NVIDIA A100-SXM4-40GB MIG 4g.20gb (0),1,,13,cupy_copy__float32_float32
4740151365,347612,121242,1,1,1,32,32,1,30,0.000,0.000,,,,,NVIDIA A100-SXM4-40GB MIG 4g.20gb (0),1,,13,"void convert_kernel<__half2, float2>(tensor_layout_any, T1 *, tensor_layout_any, const T2 *)"
4740529505,5599,121245,,,,,,,,,,0.094,16734.387,Pinned,Device,NVIDIA A100-SXM4-40GB MIG 4g.20gb (0),1,,13,[CUDA memcpy Host-to-Device]
4740572064,9632,121246,,,,,,,,,,1.547,160570.504,Device,,NVIDIA A100-SXM4-40GB MIG 4g.20gb (0),1,,13,[CUDA memset]
4740588864,3264,121251,,,,,,,,,,0.031,9588.218,Pinned,Device,NVIDIA A100-SXM4-40GB MIG 4g.20gb (0),1,,13,[CUDA memcpy Host-to-Device]
4740594560,9504,121252,,,,,,,,,,0.197,20686.701,Pinned,Device,NVIDIA A100-SXM4-40GB MIG 4g.20gb (0),1,,13,[CUDA memcpy Host-to-Device]
4740648415,28480,121253,273,1,1,8,4,1,39,0.002,0.000,,,,,NVIDIA A100-SXM4-40GB MIG 4g.20gb (0),1,,13,"void channel_eq::eqMmseCoefCompLowMimoKernel<float, float, float, (unsigned int)4, (unsigned int)1, (unsigned int)4>(const channel_eq::_puschRxChEqStatDescr *, channel_eq::_puschRxChEqCoefCompDynDescr)"
4740719934,22176,121254,273,1,1,12,11,1,51,0.002,0.000,,,,,NVIDIA A100-SXM4-40GB MIG 4g.20gb (0),1,,13,"void channel_eq::eqMmseSoftDemapKernel<float, __half, __half, float, (unsigned int)4, (unsigned short)16383>(channel_eq::_puschRxChEqStatDescr *, channel_eq::_puschRxChEqSoftDemapDynDescr)"
4740798173,628089,121255,1,1,1,32,32,1,30,0.000,0.000,,,,,NVIDIA A100-SXM4-40GB MIG 4g.20gb (0),1,,13,"void convert_kernel<float2, __half2>(tensor_layout_any, T1 *, tensor_layout_any, const T2 *)"
4741458966,13632,121267,2253,1,1,128,1,1,16,0.000,0.000,,,,,NVIDIA A100-SXM4-40GB MIG 4g.20gb (0),1,,13,cupy_copy__float16_float16
4741535349,10816,121276,282,1,1,128,1,1,16,0.000,0.000,,,,,NVIDIA A100-SXM4-40GB MIG 4g.20gb (0),1,,13,cupy_copy__complex64_complex64
4741566133,4640,121285,26,1,1,128,1,1,16,0.000,0.000,,,,,NVIDIA A100-SXM4-40GB MIG 4g.20gb (0),1,,13,cupy_copy__float32_float32
4741609556,6016,121294,103,1,1,128,1,1,16,0.000,0.000,,,,,NVIDIA A100-SXM4-40GB MIG 4g.20gb (0),1,,13,cupy_copy__complex64_complex64
4741679123,14208,121310,1434,1,1,128,1,1,16,0.000,0.000,,,,,NVIDIA A100-SXM4-40GB MIG 4g.20gb (0),1,,13,cupy_copy__complex64_complex64
4741842961,255709,121315,1,1,1,32,32,1,30,0.000,0.000,,,,,NVIDIA A100-SXM4-40GB MIG 4g.20gb (0),1,,13,"void convert_kernel<__half2, float2>(tensor_layout_any, T1 *, tensor_layout_any, const T2 *)"
4742131278,5920,121318,,,,,,,,,,0.094,15826.941,Pinned,Device,NVIDIA A100-SXM4-40GB MIG 4g.20gb (0),1,,13,[CUDA memcpy Host-to-Device]
4742187277,643897,121319,,,,,,,,,,456.561,709039.916,Device,,NVIDIA A100-SXM4-40GB MIG 4g.20gb (0),1,,13,[CUDA memset]
4742834022,53407,121324,,,,,,,,,,1.235,23123.091,Pinned,Device,NVIDIA A100-SXM4-40GB MIG 4g.20gb (0),1,,13,[CUDA memcpy Host-to-Device]
4742891301,10464,121325,,,,,,,,,,0.197,18788.844,Pinned,Device,NVIDIA A100-SXM4-40GB MIG 4g.20gb (0),1,,13,[CUDA memcpy Host-to-Device]
4742938789,24671,121326,69,4,1,48,1,1,76,0.002,0.000,,,,,NVIDIA A100-SXM4-40GB MIG 4g.20gb (0),1,,13,"void ch_est::windowedChEstPreNoDftSOfdmKernel<float, __half, float, (unsigned int)2, (unsigned int)1, (unsigned short)4>(ch_est::puschRxChEstStatDescr_t *, ch_est::puschRxChEstDynDescr_t *)"
4742995716,8032,121327,137,2,1,24,2,1,44,0.001,0.001,,,,,NVIDIA A100-SXM4-40GB MIG 4g.20gb (0),1,,13,"void ch_est::chEstFilterNoDftSOfdmDispatchKernel<float, __half, float, (unsigned int)2>(ch_est::puschRxChEstStatDescr_t *, ch_est::puschRxChEstDynDescr_t *)"
4743064323,21312,121328,137,2,1,24,2,1,44,0.001,0.001,,,,,NVIDIA A100-SXM4-40GB MIG 4g.20gb (0),1,,13,"void ch_est::chEstFilterNoDftSOfdmDispatchKernel<float, __half, float, (unsigned int)2>(ch_est::puschRxChEstStatDescr_t *, ch_est::puschRxChEstDynDescr_t *)"
4743096931,7904,121339,103,1,1,128,1,1,16,0.000,0.000,,,,,NVIDIA A100-SXM4-40GB MIG 4g.20gb (0),1,,13,cupy_copy__complex64_complex64
4743151490,15648,121349,1434,1,1,128,1,1,16,0.000,0.000,,,,,NVIDIA A100-SXM4-40GB MIG 4g.20gb (0),1,,13,cupy_copy__complex64_complex64
4743223809,6496,121356,103,1,1,128,1,1,16,0.000,0.000,,,,,NVIDIA A100-SXM4-40GB MIG 4g.20gb (0),1,,13,cupy_copy__complex64_complex64
4743254401,264573,121363,1,1,1,32,32,1,30,0.000,0.000,,,,,NVIDIA A100-SXM4-40GB MIG 4g.20gb (0),1,,13,"void convert_kernel<__half2, float2>(tensor_layout_any, T1 *, tensor_layout_any, const T2 *)"
4743549694,5920,121366,,,,,,,,,,0.094,15826.941,Pinned,Device,NVIDIA A100-SXM4-40GB MIG 4g.20gb (0),1,,13,[CUDA memcpy Host-to-Device]
4743604957,59167,121367,,,,,,,,,,35.810,605223.458,Device,,NVIDIA A100-SXM4-40GB MIG 4g.20gb (0),1,,13,[CUDA memset]
4743665116,1888,121369,,,,,,,,,,0.000,42.373,Pinned,Device,NVIDIA A100-SXM4-40GB MIG 4g.20gb (0),1,,13,[CUDA memcpy Host-to-Device]
4743669468,10080,121370,,,,,,,,,,0.197,19504.693,Pinned,Device,NVIDIA A100-SXM4-40GB MIG 4g.20gb (0),1,,13,[CUDA memcpy Host-to-Device]
4743738363,21024,121371,273,1,1,48,1,1,40,0.000,0.001,,,,,NVIDIA A100-SXM4-40GB MIG 4g.20gb (0),1,,13,"void pusch_noise_intf_est::noiseIntfEstNoDftSOfdmKernel<float, __half, float, float, (unsigned int)2, (unsigned int)1, (unsigned char)4, (unsigned char)4>(pusch_noise_intf_est::puschRxNoiseIntfEstDynDescr)"
4743864314,6496,121382,35,1,1,128,1,1,16,0.000,0.000,,,,,NVIDIA A100-SXM4-40GB MIG 4g.20gb (0),1,,13,cupy_copy__complex64_complex64
4743986873,3072,121391,1,1,1,1,1,1,18,0.000,0.000,,,,,NVIDIA A100-SXM4-40GB MIG 4g.20gb (0),1,,13,cupy_copy__float32_float32
4743992121,1760,121397,,,,,,,,,,0.000,2.273,Device,Pageable,NVIDIA A100-SXM4-40GB MIG 4g.20gb (0),1,,7,[CUDA memcpy Device-to-Host]
4744125591,17920,121408,1434,1,1,128,1,1,16,0.000,0.000,,,,,NVIDIA A100-SXM4-40GB MIG 4g.20gb (0),1,,13,cupy_copy__complex64_complex64
4744286197,6144,121415,103,1,1,128,1,1,16,0.000,0.000,,,,,NVIDIA A100-SXM4-40GB MIG 4g.20gb (0),1,,13,cupy_copy__complex64_complex64
4744500595,5056,121422,35,1,1,128,1,1,16,0.000,0.000,,,,,NVIDIA A100-SXM4-40GB MIG 4g.20gb (0),1,,13,cupy_copy__complex64_complex64
4744740880,3360,121429,1,1,1,1,1,1,18,0.000,0.000,,,,,NVIDIA A100-SXM4-40GB MIG 4g.20gb (0),1,,13,cupy_copy__float32_float32
4744817071,338140,121440,1,1,1,32,32,1,30,0.000,0.000,,,,,NVIDIA A100-SXM4-40GB MIG 4g.20gb (0),1,,13,"void convert_kernel<__half2, float2>(tensor_layout_any, T1 *, tensor_layout_any, const T2 *)"
4745186827,6080,121443,,,,,,,,,,0.094,15410.462,Pinned,Device,NVIDIA A100-SXM4-40GB MIG 4g.20gb (0),1,,13,[CUDA memcpy Host-to-Device]
4745304809,5216,121444,,,,,,,,,,1.547,296514.113,Device,,NVIDIA A100-SXM4-40GB MIG 4g.20gb (0),1,,13,[CUDA memset]
4745312489,3200,121449,,,,,,,,,,0.031,9780.000,Pinned,Device,NVIDIA A100-SXM4-40GB MIG 4g.20gb (0),1,,13,[CUDA memcpy Host-to-Device]
4745320489,10432,121450,,,,,,,,,,0.197,18846.450,Pinned,Device,NVIDIA A100-SXM4-40GB MIG 4g.20gb (0),1,,13,[CUDA memcpy Host-to-Device]
4745557095,11615,121451,273,1,1,8,4,1,39,0.002,0.000,,,,,NVIDIA A100-SXM4-40GB MIG 4g.20gb (0),1,,13,"void channel_eq::eqMmseCoefCompLowMimoKernel<float, float, float, (unsigned int)4, (unsigned int)1, (unsigned int)4>(const channel_eq::_puschRxChEqStatDescr *, channel_eq::_puschRxChEqCoefCompDynDescr)"
4745794436,10656,121452,273,1,1,12,11,1,51,0.002,0.000,,,,,NVIDIA A100-SXM4-40GB MIG 4g.20gb (0),1,,13,"void channel_eq::eqMmseSoftDemapKernel<float, __half, __half, float, (unsigned int)4, (unsigned short)16383>(channel_eq::_puschRxChEqStatDescr *, channel_eq::_puschRxChEqSoftDemapDynDescr)"
4745873987,705272,121453,1,1,1,32,32,1,30,0.000,0.000,,,,,NVIDIA A100-SXM4-40GB MIG 4g.20gb (0),1,,13,"void convert_kernel<float2, __half2>(tensor_layout_any, T1 *, tensor_layout_any, const T2 *)"
4746788664,12800,121465,2253,1,1,128,1,1,16,0.000,0.000,,,,,NVIDIA A100-SXM4-40GB MIG 4g.20gb (0),1,,13,cupy_copy__float16_float16
4746876375,6176,121474,282,1,1,128,1,1,16,0.000,0.000,,,,,NVIDIA A100-SXM4-40GB MIG 4g.20gb (0),1,,13,cupy_copy__complex64_complex64
4746988278,5408,121483,26,1,1,128,1,1,16,0.000,0.000,,,,,NVIDIA A100-SXM4-40GB MIG 4g.20gb (0),1,,13,cupy_copy__float32_float32
4747104853,7232,121492,103,1,1,128,1,1,16,0.000,0.000,,,,,NVIDIA A100-SXM4-40GB MIG 4g.20gb (0),1,,13,cupy_copy__complex64_complex64
4747186484,24671,121502,1434,1,1,128,1,1,16,0.000,0.000,,,,,NVIDIA A100-SXM4-40GB MIG 4g.20gb (0),1,,13,cupy_copy__complex64_complex64
4747268499,259741,121507,1,1,1,32,32,1,30,0.000,0.000,,,,,NVIDIA A100-SXM4-40GB MIG 4g.20gb (0),1,,13,"void convert_kernel<__half2, float2>(tensor_layout_any, T1 *, tensor_layout_any, const T2 *)"
4747559439,6048,121510,,,,,,,,,,0.094,15491.978,Pinned,Device,NVIDIA A100-SXM4-40GB MIG 4g.20gb (0),1,,13,[CUDA memcpy Host-to-Device]
4747687342,637049,121511,,,,,,,,,,456.561,716344.899,Device,,NVIDIA A100-SXM4-40GB MIG 4g.20gb (0),1,,13,[CUDA memset]
4748327303,56863,121516,,,,,,,,,,1.235,21717.725,Pinned,Device,NVIDIA A100-SXM4-40GB MIG 4g.20gb (0),1,,13,[CUDA memcpy Host-to-Device]
4748387046,11168,121517,,,,,,,,,,0.197,17604.477,Pinned,Device,NVIDIA A100-SXM4-40GB MIG 4g.20gb (0),1,,13,[CUDA memcpy Host-to-Device]
4748556516,26624,121518,69,4,1,48,1,1,76,0.002,0.000,,,,,NVIDIA A100-SXM4-40GB MIG 4g.20gb (0),1,,13,"void ch_est::windowedChEstPreNoDftSOfdmKernel<float, __half, float, (unsigned int)2, (unsigned int)1, (unsigned short)4>(ch_est::puschRxChEstStatDescr_t *, ch_est::puschRxChEstDynDescr_t *)"
4748632483,19232,121519,137,2,1,24,2,1,44,0.001,0.001,,,,,NVIDIA A100-SXM4-40GB MIG 4g.20gb (0),1,,13,"void ch_est::chEstFilterNoDftSOfdmDispatchKernel<float, __half, float, (unsigned int)2>(ch_est::puschRxChEstStatDescr_t *, ch_est::puschRxChEstDynDescr_t *)"
4748797825,17344,121520,137,2,1,24,2,1,44,0.001,0.001,,,,,NVIDIA A100-SXM4-40GB MIG 4g.20gb (0),1,,13,"void ch_est::chEstFilterNoDftSOfdmDispatchKernel<float, __half, float, (unsigned int)2>(ch_est::puschRxChEstStatDescr_t *, ch_est::puschRxChEstDynDescr_t *)"
4748896768,5280,121531,103,1,1,128,1,1,16,0.000,0.000,,,,,NVIDIA A100-SXM4-40GB MIG 4g.20gb (0),1,,13,cupy_copy__complex64_complex64
4749048702,19648,121541,1434,1,1,128,1,1,16,0.000,0.000,,,,,NVIDIA A100-SXM4-40GB MIG 4g.20gb (0),1,,13,cupy_copy__complex64_complex64
4749312635,4320,121548,103,1,1,128,1,1,16,0.000,0.000,,,,,NVIDIA A100-SXM4-40GB MIG 4g.20gb (0),1,,13,cupy_copy__complex64_complex64
4749546136,341213,121555,1,1,1,32,32,1,30,0.000,0.000,,,,,NVIDIA A100-SXM4-40GB MIG 4g.20gb (0),1,,13,"void convert_kernel<__half2, float2>(tensor_layout_any, T1 *, tensor_layout_any, const T2 *)"
4749920756,5632,121558,,,,,,,,,,0.094,16636.287,Pinned,Device,NVIDIA A100-SXM4-40GB MIG 4g.20gb (0),1,,13,[CUDA memcpy Host-to-Device]
4750048051,49503,121559,,,,,,,,,,35.810,723360.384,Device,,NVIDIA A100-SXM4-40GB MIG 4g.20gb (0),1,,13,[CUDA memset]
4750102706,3456,121561,,,,,,,,,,0.000,23.148,Pinned,Device,NVIDIA A100-SXM4-40GB MIG 4g.20gb (0),1,,13,[CUDA memcpy Host-to-Device]
4750108594,9472,121562,,,,,,,,,,0.197,20756.693,Pinned,Device,NVIDIA A100-SXM4-40GB MIG 4g.20gb (0),1,,13,[CUDA memcpy Host-to-Device]
4750348687,20960,121563,273,1,1,48,1,1,40,0.000,0.001,,,,,NVIDIA A100-SXM4-40GB MIG 4g.20gb (0),1,,13,"void pusch_noise_intf_est::noiseIntfEstNoDftSOfdmKernel<float, __half, float, float, (unsigned int)2, (unsigned int)1, (unsigned char)4, (unsigned char)4>(pusch_noise_intf_est::puschRxNoiseIntfEstDynDescr)"
4750581389,4895,121574,35,1,1,128,1,1,16,0.000,0.000,,,,,NVIDIA A100-SXM4-40GB MIG 4g.20gb (0),1,,13,cupy_copy__complex64_complex64
4750661836,3968,121583,1,1,1,1,1,1,18,0.000,0.000,,,,,NVIDIA A100-SXM4-40GB MIG 4g.20gb (0),1,,13,cupy_copy__float32_float32
4750674091,1952,121589,,,,,,,,,,0.000,2.049,Device,Pageable,NVIDIA A100-SXM4-40GB MIG 4g.20gb (0),1,,7,[CUDA memcpy Device-to-Host]
4750866953,18624,121600,1434,1,1,128,1,1,16,0.000,0.000,,,,,NVIDIA A100-SXM4-40GB MIG 4g.20gb (0),1,,13,cupy_copy__complex64_complex64
4750974792,5248,121607,103,1,1,128,1,1,16,0.000,0.000,,,,,NVIDIA A100-SXM4-40GB MIG 4g.20gb (0),1,,13,cupy_copy__complex64_complex64
4751126662,9920,121614,35,1,1,128,1,1,16,0.000,0.000,,,,,NVIDIA A100-SXM4-40GB MIG 4g.20gb (0),1,,13,cupy_copy__complex64_complex64
4751365347,2688,121621,1,1,1,1,1,1,18,0.000,0.000,,,,,NVIDIA A100-SXM4-40GB MIG 4g.20gb (0),1,,13,cupy_copy__float32_float32
4751586977,326716,121632,1,1,1,32,32,1,30,0.000,0.000,,,,,NVIDIA A100-SXM4-40GB MIG 4g.20gb (0),1,,13,"void convert_kernel<__half2, float2>(tensor_layout_any, T1 *, tensor_layout_any, const T2 *)"
4751944893,5568,121635,,,,,,,,,,0.094,16827.521,Pinned,Device,NVIDIA A100-SXM4-40GB MIG 4g.20gb (0),1,,13,[CUDA memcpy Host-to-Device]
4752034236,7616,121636,,,,,,,,,,1.547,203074.824,Device,,NVIDIA A100-SXM4-40GB MIG 4g.20gb (0),1,,13,[CUDA memset]
4752043420,4000,121641,,,,,,,,,,0.031,7824.000,Pinned,Device,NVIDIA A100-SXM4-40GB MIG 4g.20gb (0),1,,13,[CUDA memcpy Host-to-Device]
4752050076,11487,121642,,,,,,,,,,0.197,17115.513,Pinned,Device,NVIDIA A100-SXM4-40GB MIG 4g.20gb (0),1,,13,[CUDA memcpy Host-to-Device]
4752199610,11680,121643,273,1,1,8,4,1,39,0.002,0.000,,,,,NVIDIA A100-SXM4-40GB MIG 4g.20gb (0),1,,13,"void channel_eq::eqMmseCoefCompLowMimoKernel<float, float, float, (unsigned int)4, (unsigned int)1, (unsigned int)4>(const channel_eq::_puschRxChEqStatDescr *, channel_eq::_puschRxChEqCoefCompDynDescr)"
4752480759,22111,121644,273,1,1,12,11,1,51,0.002,0.000,,,,,NVIDIA A100-SXM4-40GB MIG 4g.20gb (0),1,,13,"void channel_eq::eqMmseSoftDemapKernel<float, __half, __half, float, (unsigned int)4, (unsigned short)16383>(channel_eq::_puschRxChEqStatDescr *, channel_eq::_puschRxChEqSoftDemapDynDescr)"
4752717812,702264,121645,1,1,1,32,32,1,30,0.000,0.000,,,,,NVIDIA A100-SXM4-40GB MIG 4g.20gb (0),1,,13,"void convert_kernel<float2, __half2>(tensor_layout_any, T1 *, tensor_layout_any, const T2 *)"
4753624649,12672,121657,2253,1,1,128,1,1,16,0.000,0.000,,,,,NVIDIA A100-SXM4-40GB MIG 4g.20gb (0),1,,13,cupy_copy__float16_float16
4753709992,5248,121666,282,1,1,128,1,1,16,0.000,0.000,,,,,NVIDIA A100-SXM4-40GB MIG 4g.20gb (0),1,,13,cupy_copy__complex64_complex64
4753762344,8128,121675,26,1,1,128,1,1,16,0.000,0.000,,,,,NVIDIA A100-SXM4-40GB MIG 4g.20gb (0),1,,13,cupy_copy__float32_float32
4753790247,16160,121684,103,1,1,128,1,1,16,0.000,0.000,,,,,NVIDIA A100-SXM4-40GB MIG 4g.20gb (0),1,,13,cupy_copy__complex64_complex64
4753898694,17792,121694,1434,1,1,128,1,1,16,0.000,0.000,,,,,NVIDIA A100-SXM4-40GB MIG 4g.20gb (0),1,,13,cupy_copy__complex64_complex64
4753971269,268541,121699,1,1,1,32,32,1,30,0.000,0.000,,,,,NVIDIA A100-SXM4-40GB MIG 4g.20gb (0),1,,13,"void convert_kernel<__half2, float2>(tensor_layout_any, T1 *, tensor_layout_any, const T2 *)"
4754271490,5824,121702,,,,,,,,,,0.094,16087.884,Pinned,Device,NVIDIA A100-SXM4-40GB MIG 4g.20gb (0),1,,13,[CUDA memcpy Host-to-Device]
4754300930,640568,121703,,,,,,,,,,456.561,712692.408,Device,,NVIDIA A100-SXM4-40GB MIG 4g.20gb (0),1,,13,[CUDA memset]
4754949658,58623,121708,,,,,,,,,,1.235,21065.675,Pinned,Device,NVIDIA A100-SXM4-40GB MIG 4g.20gb (0),1,,13,[CUDA memcpy Host-to-Device]
4755012089,10496,121709,,,,,,,,,,0.197,18731.631,Pinned,Device,NVIDIA A100-SXM4-40GB MIG 4g.20gb (0),1,,13,[CUDA memcpy Host-to-Device]
4755070425,11904,121710,69,4,1,48,1,1,76,0.002,0.000,,,,,NVIDIA A100-SXM4-40GB MIG 4g.20gb (0),1,,13,"void ch_est::windowedChEstPreNoDftSOfdmKernel<float, __half, float, (unsigned int)2, (unsigned int)1, (unsigned short)4>(ch_est::puschRxChEstStatDescr_t *, ch_est::puschRxChEstDynDescr_t *)"
4755151320,10240,121711,137,2,1,24,2,1,44,0.001,0.001,,,,,NVIDIA A100-SXM4-40GB MIG 4g.20gb (0),1,,13,"void ch_est::chEstFilterNoDftSOfdmDispatchKernel<float, __half, float, (unsigned int)2>(ch_est::puschRxChEstStatDescr_t *, ch_est::puschRxChEstDynDescr_t *)"
4755219735,23008,121712,137,2,1,24,2,1,44,0.001,0.001,,,,,NVIDIA A100-SXM4-40GB MIG 4g.20gb (0),1,,13,"void ch_est::chEstFilterNoDftSOfdmDispatchKernel<float, __half, float, (unsigned int)2>(ch_est::puschRxChEstStatDescr_t *, ch_est::puschRxChEstDynDescr_t *)"
4755253303,7936,121723,103,1,1,128,1,1,16,0.000,0.000,,,,,NVIDIA A100-SXM4-40GB MIG 4g.20gb (0),1,,13,cupy_copy__complex64_complex64
4755307894,17024,121733,1434,1,1,128,1,1,16,0.000,0.000,,,,,NVIDIA A100-SXM4-40GB MIG 4g.20gb (0),1,,13,cupy_copy__complex64_complex64
4755375829,6816,121740,103,1,1,128,1,1,16,0.000,0.000,,,,,NVIDIA A100-SXM4-40GB MIG 4g.20gb (0),1,,13,cupy_copy__complex64_complex64
4755406229,264541,121747,1,1,1,32,32,1,30,0.000,0.000,,,,,NVIDIA A100-SXM4-40GB MIG 4g.20gb (0),1,,13,"void convert_kernel<__half2, float2>(tensor_layout_any, T1 *, tensor_layout_any, const T2 *)"
4755700785,5568,121750,,,,,,,,,,0.094,16827.521,Pinned,Device,NVIDIA A100-SXM4-40GB MIG 4g.20gb (0),1,,13,[CUDA memcpy Host-to-Device]
4755751505,55167,121751,,,,,,,,,,35.810,649090.610,Device,,NVIDIA A100-SXM4-40GB MIG 4g.20gb (0),1,,13,[CUDA memset]
4755808976,3936,121753,,,,,,,,,,0.000,20.325,Pinned,Device,NVIDIA A100-SXM4-40GB MIG 4g.20gb (0),1,,13,[CUDA memcpy Host-to-Device]
4755815504,10272,121754,,,,,,,,,,0.197,19140.182,Pinned,Device,NVIDIA A100-SXM4-40GB MIG 4g.20gb (0),1,,13,[CUDA memcpy Host-to-Device]
4755875951,19456,121755,273,1,1,48,1,1,40,0.000,0.001,,,,,NVIDIA A100-SXM4-40GB MIG 4g.20gb (0),1,,13,"void pusch_noise_intf_est::noiseIntfEstNoDftSOfdmKernel<float, __half, float, float, (unsigned int)2, (unsigned int)1, (unsigned char)4, (unsigned char)4>(pusch_noise_intf_est::puschRxNoiseIntfEstDynDescr)"
4755941615,6144,121766,35,1,1,128,1,1,16,0.000,0.000,,,,,NVIDIA A100-SXM4-40GB MIG 4g.20gb (0),1,,13,cupy_copy__complex64_complex64
4755992846,3712,121775,1,1,1,1,1,1,18,0.000,0.000,,,,,NVIDIA A100-SXM4-40GB MIG 4g.20gb (0),1,,13,cupy_copy__float32_float32
4755997806,1600,121781,,,,,,,,,,0.000,2.500,Device,Pageable,NVIDIA A100-SXM4-40GB MIG 4g.20gb (0),1,,7,[CUDA memcpy Device-to-Host]
4756141164,19136,121792,1434,1,1,128,1,1,16,0.000,0.000,,,,,NVIDIA A100-SXM4-40GB MIG 4g.20gb (0),1,,13,cupy_copy__complex64_complex64
4756200972,5184,121799,103,1,1,128,1,1,16,0.000,0.000,,,,,NVIDIA A100-SXM4-40GB MIG 4g.20gb (0),1,,13,cupy_copy__complex64_complex64
4756253419,9120,121806,35,1,1,128,1,1,16,0.000,0.000,,,,,NVIDIA A100-SXM4-40GB MIG 4g.20gb (0),1,,13,cupy_copy__complex64_complex64
4756281291,4160,121813,1,1,1,1,1,1,18,0.000,0.000,,,,,NVIDIA A100-SXM4-40GB MIG 4g.20gb (0),1,,13,cupy_copy__float32_float32
4756344362,275133,121824,1,1,1,32,32,1,30,0.000,0.000,,,,,NVIDIA A100-SXM4-40GB MIG 4g.20gb (0),1,,13,"void convert_kernel<__half2, float2>(tensor_layout_any, T1 *, tensor_layout_any, const T2 *)"
4756648967,6463,121827,,,,,,,,,,0.094,14497.207,Pinned,Device,NVIDIA A100-SXM4-40GB MIG 4g.20gb (0),1,,13,[CUDA memcpy Host-to-Device]
4756697350,6176,121828,,,,,,,,,,1.547,250424.718,Device,,NVIDIA A100-SXM4-40GB MIG 4g.20gb (0),1,,13,[CUDA memset]
4756711206,3136,121833,,,,,,,,,,0.031,9979.575,Pinned,Device,NVIDIA A100-SXM4-40GB MIG 4g.20gb (0),1,,13,[CUDA memcpy Host-to-Device]
4756717382,10464,121834,,,,,,,,,,0.197,18788.844,Pinned,Device,NVIDIA A100-SXM4-40GB MIG 4g.20gb (0),1,,13,[CUDA memcpy Host-to-Device]
4756774053,18624,121835,273,1,1,8,4,1,39,0.002,0.000,,,,,NVIDIA A100-SXM4-40GB MIG 4g.20gb (0),1,,13,"void channel_eq::eqMmseCoefCompLowMimoKernel<float, float, float, (unsigned int)4, (unsigned int)1, (unsigned int)4>(const channel_eq::_puschRxChEqStatDescr *, channel_eq::_puschRxChEqCoefCompDynDescr)"
4756869668,13280,121836,273,1,1,12,11,1,51,0.002,0.000,,,,,NVIDIA A100-SXM4-40GB MIG 4g.20gb (0),1,,13,"void channel_eq::eqMmseSoftDemapKernel<float, __half, __half, float, (unsigned int)4, (unsigned short)16383>(channel_eq::_puschRxChEqStatDescr *, channel_eq::_puschRxChEqSoftDemapDynDescr)"
4756936035,623289,121837,1,1,1,32,32,1,30,0.000,0.000,,,,,NVIDIA A100-SXM4-40GB MIG 4g.20gb (0),1,,13,"void convert_kernel<float2, __half2>(tensor_layout_any, T1 *, tensor_layout_any, const T2 *)"
4757586300,17567,121849,2253,1,1,128,1,1,16,0.000,0.000,,,,,NVIDIA A100-SXM4-40GB MIG 4g.20gb (0),1,,13,cupy_copy__float16_float16
4757643419,5472,121858,282,1,1,128,1,1,16,0.000,0.000,,,,,NVIDIA A100-SXM4-40GB MIG 4g.20gb (0),1,,13,cupy_copy__complex64_complex64
4757696858,8768,121867,26,1,1,128,1,1,16,0.000,0.000,,,,,NVIDIA A100-SXM4-40GB MIG 4g.20gb (0),1,,13,cupy_copy__float32_float32
4757732186,7808,121876,103,1,1,128,1,1,16,0.000,0.000,,,,,NVIDIA A100-SXM4-40GB MIG 4g.20gb (0),1,,13,cupy_copy__complex64_complex64
4757811001,17696,121886,1434,1,1,128,1,1,16,0.000,0.000,,,,,NVIDIA A100-SXM4-40GB MIG 4g.20gb (0),1,,13,cupy_copy__complex64_complex64
4757845145,259293,121891,1,1,1,32,32,1,30,0.000,0.000,,,,,NVIDIA A100-SXM4-40GB MIG 4g.20gb (0),1,,13,"void convert_kernel<__half2, float2>(tensor_layout_any, T1 *, tensor_layout_any, const T2 *)"
4758137237,5440,121894,,,,,,,,,,0.094,17223.480,Pinned,Device,NVIDIA A100-SXM4-40GB MIG 4g.20gb (0),1,,13,[CUDA memcpy Host-to-Device]
4758188149,636600,121895,,,,,,,,,,456.561,716801.461,Device,,NVIDIA A100-SXM4-40GB MIG 4g.20gb (0),1,,13,[CUDA memset]
4758828525,53568,121900,,,,,,,,,,1.235,23052.700,Pinned,Device,NVIDIA A100-SXM4-40GB MIG 4g.20gb (0),1,,13,[CUDA memcpy Host-to-Device]
4758884717,11392,121901,,,,,,,,,,0.197,17258.250,Pinned,Device,NVIDIA A100-SXM4-40GB MIG 4g.20gb (0),1,,13,[CUDA memcpy Host-to-Device]
4758932236,27904,121902,69,4,1,48,1,1,76,0.002,0.000,,,,,NVIDIA A100-SXM4-40GB MIG 4g.20gb (0),1,,13,"void ch_est::windowedChEstPreNoDftSOfdmKernel<float, __half, float, (unsigned int)2, (unsigned int)1, (unsigned short)4>(ch_est::puschRxChEstStatDescr_t *, ch_est::puschRxChEstDynDescr_t *)"
4758987116,10143,121903,137,2,1,24,2,1,44,0.001,0.001,,,,,NVIDIA A100-SXM4-40GB MIG 4g.20gb (0),1,,13,"void ch_est::chEstFilterNoDftSOfdmDispatchKernel<float, __half, float, (unsigned int)2>(ch_est::puschRxChEstStatDescr_t *, ch_est::puschRxChEstDynDescr_t *)"
4759052107,23999,121904,137,2,1,24,2,1,44,0.001,0.001,,,,,NVIDIA A100-SXM4-40GB MIG 4g.20gb (0),1,,13,"void ch_est::chEstFilterNoDftSOfdmDispatchKernel<float, __half, float, (unsigned int)2>(ch_est::puschRxChEstStatDescr_t *, ch_est::puschRxChEstDynDescr_t *)"
4759086698,6752,121915,103,1,1,128,1,1,16,0.000,0.000,,,,,NVIDIA A100-SXM4-40GB MIG 4g.20gb (0),1,,13,cupy_copy__complex64_complex64
4759140522,16928,121925,1434,1,1,128,1,1,16,0.000,0.000,,,,,NVIDIA A100-SXM4-40GB MIG 4g.20gb (0),1,,13,cupy_copy__complex64_complex64
4759208937,7424,121932,103,1,1,128,1,1,16,0.000,0.000,,,,,NVIDIA A100-SXM4-40GB MIG 4g.20gb (0),1,,13,cupy_copy__complex64_complex64
4759238185,275868,121939,1,1,1,32,32,1,30,0.000,0.000,,,,,NVIDIA A100-SXM4-40GB MIG 4g.20gb (0),1,,13,"void convert_kernel<__half2, float2>(tensor_layout_any, T1 *, tensor_layout_any, const T2 *)"
4759543749,6080,121942,,,,,,,,,,0.094,15410.462,Pinned,Device,NVIDIA A100-SXM4-40GB MIG 4g.20gb (0),1,,13,[CUDA memcpy Host-to-Device]
4759588229,55839,121943,,,,,,,,,,35.810,641284.047,Device,,NVIDIA A100-SXM4-40GB MIG 4g.20gb (0),1,,13,[CUDA memset]
4759646052,2976,121945,,,,,,,,,,0.000,26.882,Pinned,Device,NVIDIA A100-SXM4-40GB MIG 4g.20gb (0),1,,13,[CUDA memcpy Host-to-Device]
4759652068,10656,121946,,,,,,,,,,0.197,18450.285,Pinned,Device,NVIDIA A100-SXM4-40GB MIG 4g.20gb (0),1,,13,[CUDA memcpy Host-to-Device]
4759712899,18880,121947,273,1,1,48,1,1,40,0.000,0.001,,,,,NVIDIA A100-SXM4-40GB MIG 4g.20gb (0),1,,13,"void pusch_noise_intf_est::noiseIntfEstNoDftSOfdmKernel<float, __half, float, float, (unsigned int)2, (unsigned int)1, (unsigned char)4, (unsigned char)4>(pusch_noise_intf_est::puschRxNoiseIntfEstDynDescr)"
4759780194,5376,121958,35,1,1,128,1,1,16,0.000,0.000,,,,,NVIDIA A100-SXM4-40GB MIG 4g.20gb (0),1,,13,cupy_copy__complex64_complex64
4759833538,4160,121967,1,1,1,1,1,1,18,0.000,0.000,,,,,NVIDIA A100-SXM4-40GB MIG 4g.20gb (0),1,,13,cupy_copy__float32_float32
4759843458,1664,121973,,,,,,,,,,0.000,2.404,Device,Pageable,NVIDIA A100-SXM4-40GB MIG 4g.20gb (0),1,,7,[CUDA memcpy Device-to-Host]
4759927649,20031,121984,1434,1,1,128,1,1,16,0.000,0.000,,,,,NVIDIA A100-SXM4-40GB MIG 4g.20gb (0),1,,13,cupy_copy__complex64_complex64
4759987424,6048,121991,103,1,1,128,1,1,16,0.000,0.000,,,,,NVIDIA A100-SXM4-40GB MIG 4g.20gb (0),1,,13,cupy_copy__complex64_complex64
4760005632,15168,121998,35,1,1,128,1,1,16,0.000,0.000,,,,,NVIDIA A100-SXM4-40GB MIG 4g.20gb (0),1,,13,cupy_copy__complex64_complex64
4760061823,2944,122005,1,1,1,1,1,1,18,0.000,0.000,,,,,NVIDIA A100-SXM4-40GB MIG 4g.20gb (0),1,,13,cupy_copy__float32_float32
4760157342,260445,122016,1,1,1,32,32,1,30,0.000,0.000,,,,,NVIDIA A100-SXM4-40GB MIG 4g.20gb (0),1,,13,"void convert_kernel<__half2, float2>(tensor_layout_any, T1 *, tensor_layout_any, const T2 *)"
4760448475,6144,122019,,,,,,,,,,0.094,15249.961,Pinned,Device,NVIDIA A100-SXM4-40GB MIG 4g.20gb (0),1,,13,[CUDA memcpy Host-to-Device]
4760504058,7872,122020,,,,,,,,,,1.547,196470.740,Device,,NVIDIA A100-SXM4-40GB MIG 4g.20gb (0),1,,13,[CUDA memset]
4760519290,3072,122025,,,,,,,,,,0.031,10187.474,Pinned,Device,NVIDIA A100-SXM4-40GB MIG 4g.20gb (0),1,,13,[CUDA memcpy Host-to-Device]
4760524858,10112,122026,,,,,,,,,,0.197,19442.958,Pinned,Device,NVIDIA A100-SXM4-40GB MIG 4g.20gb (0),1,,13,[CUDA memcpy Host-to-Device]
4760568057,41984,122027,273,1,1,8,4,1,39,0.002,0.000,,,,,NVIDIA A100-SXM4-40GB MIG 4g.20gb (0),1,,13,"void channel_eq::eqMmseCoefCompLowMimoKernel<float, float, float, (unsigned int)4, (unsigned int)1, (unsigned int)4>(const channel_eq::_puschRxChEqStatDescr *, channel_eq::_puschRxChEqCoefCompDynDescr)"
4760654520,28000,122028,273,1,1,12,11,1,51,0.002,0.000,,,,,NVIDIA A100-SXM4-40GB MIG 4g.20gb (0),1,,13,"void channel_eq::eqMmseSoftDemapKernel<float, __half, __half, float, (unsigned int)4, (unsigned short)16383>(channel_eq::_puschRxChEqStatDescr *, channel_eq::_puschRxChEqSoftDemapDynDescr)"
4760703032,628568,122029,1,1,1,32,32,1,30,0.000,0.000,,,,,NVIDIA A100-SXM4-40GB MIG 4g.20gb (0),1,,13,"void convert_kernel<float2, __half2>(tensor_layout_any, T1 *, tensor_layout_any, const T2 *)"
4761360944,16448,122041,2253,1,1,128,1,1,16,0.000,0.000,,,,,NVIDIA A100-SXM4-40GB MIG 4g.20gb (0),1,,13,cupy_copy__float16_float16
4761403536,5056,122050,282,1,1,128,1,1,16,0.000,0.000,,,,,NVIDIA A100-SXM4-40GB MIG 4g.20gb (0),1,,13,cupy_copy__complex64_complex64
4761454991,4672,122059,26,1,1,128,1,1,16,0.000,0.000,,,,,NVIDIA A100-SXM4-40GB MIG 4g.20gb (0),1,,13,cupy_copy__float32_float32
4761496143,12191,122068,103,1,1,128,1,1,16,0.000,0.000,,,,,NVIDIA A100-SXM4-40GB MIG 4g.20gb (0),1,,13,cupy_copy__complex64_complex64
4761553326,16448,122078,1434,1,1,128,1,1,16,0.000,0.000,,,,,NVIDIA A100-SXM4-40GB MIG 4g.20gb (0),1,,13,cupy_copy__complex64_complex64
4761620781,260413,122083,1,1,1,32,32,1,30,0.000,0.000,,,,,NVIDIA A100-SXM4-40GB MIG 4g.20gb (0),1,,13,"void convert_kernel<__half2, float2>(tensor_layout_any, T1 *, tensor_layout_any, const T2 *)"
4761910346,6080,122086,,,,,,,,,,0.094,15410.462,Pinned,Device,NVIDIA A100-SXM4-40GB MIG 4g.20gb (0),1,,13,[CUDA memcpy Host-to-Device]
4761949385,634201,122087,,,,,,,,,,456.561,719540.829,Device,,NVIDIA A100-SXM4-40GB MIG 4g.20gb (0),1,,13,[CUDA memset]
4762586242,53951,122092,,,,,,,,,,1.235,22889.687,Pinned,Device,NVIDIA A100-SXM4-40GB MIG 4g.20gb (0),1,,13,[CUDA memcpy Host-to-Device]
4762642657,9408,122093,,,,,,,,,,0.197,20897.858,Pinned,Device,NVIDIA A100-SXM4-40GB MIG 4g.20gb (0),1,,13,[CUDA memcpy Host-to-Device]
4762697057,24671,122094,69,4,1,48,1,1,76,0.002,0.000,,,,,NVIDIA A100-SXM4-40GB MIG 4g.20gb (0),1,,13,"void ch_est::windowedChEstPreNoDftSOfdmKernel<float, __half, float, (unsigned int)2, (unsigned int)1, (unsigned short)4>(ch_est::puschRxChEstStatDescr_t *, ch_est::puschRxChEstDynDescr_t *)"
4762739776,8800,122095,137,2,1,24,2,1,44,0.001,0.001,,,,,NVIDIA A100-SXM4-40GB MIG 4g.20gb (0),1,,13,"void ch_est::chEstFilterNoDftSOfdmDispatchKernel<float, __half, float, (unsigned int)2>(ch_est::puschRxChEstStatDescr_t *, ch_est::puschRxChEstDynDescr_t *)"
4762799552,25855,122096,137,2,1,24,2,1,44,0.001,0.001,,,,,NVIDIA A100-SXM4-40GB MIG 4g.20gb (0),1,,13,"void ch_est::chEstFilterNoDftSOfdmDispatchKernel<float, __half, float, (unsigned int)2>(ch_est::puschRxChEstStatDescr_t *, ch_est::puschRxChEstDynDescr_t *)"
4762867679,6272,122107,103,1,1,128,1,1,16,0.000,0.000,,,,,NVIDIA A100-SXM4-40GB MIG 4g.20gb (0),1,,13,cupy_copy__complex64_complex64
4762908094,19584,122117,1434,1,1,128,1,1,16,0.000,0.000,,,,,NVIDIA A100-SXM4-40GB MIG 4g.20gb (0),1,,13,cupy_copy__complex64_complex64
4762951710,6336,122124,103,1,1,128,1,1,16,0.000,0.000,,,,,NVIDIA A100-SXM4-40GB MIG 4g.20gb (0),1,,13,cupy_copy__complex64_complex64
4763004509,265085,122131,1,1,1,32,32,1,30,0.000,0.000,,,,,NVIDIA A100-SXM4-40GB MIG 4g.20gb (0),1,,13,"void convert_kernel<__half2, float2>(tensor_layout_any, T1 *, tensor_layout_any, const T2 *)"
4763298426,5920,122134,,,,,,,,,,0.094,15826.941,Pinned,Device,NVIDIA A100-SXM4-40GB MIG 4g.20gb (0),1,,13,[CUDA memcpy Host-to-Device]
4763349145,58815,122135,,,,,,,,,,35.810,608840.260,Device,,NVIDIA A100-SXM4-40GB MIG 4g.20gb (0),1,,13,[CUDA memset]
4763413048,2528,122137,,,,,,,,,,0.000,31.646,Pinned,Device,NVIDIA A100-SXM4-40GB MIG 4g.20gb (0),1,,13,[CUDA memcpy Host-to-Device]
4763419864,10208,122138,,,,,,,,,,0.197,19260.113,Pinned,Device,NVIDIA A100-SXM4-40GB MIG 4g.20gb (0),1,,13,[CUDA memcpy Host-to-Device]
4763496951,31200,122139,273,1,1,48,1,1,40,0.000,0.001,,,,,NVIDIA A100-SXM4-40GB MIG 4g.20gb (0),1,,13,"void pusch_noise_intf_est::noiseIntfEstNoDftSOfdmKernel<float, __half, float, float, (unsigned int)2, (unsigned int)1, (unsigned char)4, (unsigned char)4>(pusch_noise_intf_est::puschRxNoiseIntfEstDynDescr)"
4763568919,10976,122150,35,1,1,128,1,1,16,0.000,0.000,,,,,NVIDIA A100-SXM4-40GB MIG 4g.20gb (0),1,,13,cupy_copy__complex64_complex64
4763602518,8032,122159,1,1,1,1,1,1,18,0.000,0.000,,,,,NVIDIA A100-SXM4-40GB MIG 4g.20gb (0),1,,13,cupy_copy__float32_float32
4763617302,1888,122165,,,,,,,,,,0.000,2.119,Device,Pageable,NVIDIA A100-SXM4-40GB MIG 4g.20gb (0),1,,7,[CUDA memcpy Device-to-Host]
4763714965,16096,122176,1434,1,1,128,1,1,16,0.000,0.000,,,,,NVIDIA A100-SXM4-40GB MIG 4g.20gb (0),1,,13,cupy_copy__complex64_complex64
4763792692,6848,122183,103,1,1,128,1,1,16,0.000,0.000,,,,,NVIDIA A100-SXM4-40GB MIG 4g.20gb (0),1,,13,cupy_copy__complex64_complex64
4763820308,13888,122190,35,1,1,128,1,1,16,0.000,0.000,,,,,NVIDIA A100-SXM4-40GB MIG 4g.20gb (0),1,,13,cupy_copy__complex64_complex64
4763888435,3104,122197,1,1,1,1,1,1,18,0.000,0.000,,,,,NVIDIA A100-SXM4-40GB MIG 4g.20gb (0),1,,13,cupy_copy__float32_float32
4763908595,268669,122208,1,1,1,32,32,1,30,0.000,0.000,,,,,NVIDIA A100-SXM4-40GB MIG 4g.20gb (0),1,,13,"void convert_kernel<__half2, float2>(tensor_layout_any, T1 *, tensor_layout_any, const T2 *)"
4764214351,6208,122211,,,,,,,,,,0.094,15092.739,Pinned,Device,NVIDIA A100-SXM4-40GB MIG 4g.20gb (0),1,,13,[CUDA memcpy Host-to-Device]
4764265423,5920,122212,,,,,,,,,,1.547,261252.633,Device,,NVIDIA A100-SXM4-40GB MIG 4g.20gb (0),1,,13,[CUDA memset]
4764273263,3135,122217,,,,,,,,,,0.031,9982.767,Pinned,Device,NVIDIA A100-SXM4-40GB MIG 4g.20gb (0),1,,13,[CUDA memcpy Host-to-Device]
4764279726,10016,122218,,,,,,,,,,0.197,19629.343,Pinned,Device,NVIDIA A100-SXM4-40GB MIG 4g.20gb (0),1,,13,[CUDA memcpy Host-to-Device]
4764328398,14912,122219,273,1,1,8,4,1,39,0.002,0.000,,,,,NVIDIA A100-SXM4-40GB MIG 4g.20gb (0),1,,13,"void channel_eq::eqMmseCoefCompLowMimoKernel<float, float, float, (unsigned int)4, (unsigned int)1, (unsigned int)4>(const channel_eq::_puschRxChEqStatDescr *, channel_eq::_puschRxChEqCoefCompDynDescr)"
4764396653,29344,122220,273,1,1,12,11,1,51,0.002,0.000,,,,,NVIDIA A100-SXM4-40GB MIG 4g.20gb (0),1,,13,"void channel_eq::eqMmseSoftDemapKernel<float, __half, __half, float, (unsigned int)4, (unsigned short)16383>(channel_eq::_puschRxChEqStatDescr *, channel_eq::_puschRxChEqSoftDemapDynDescr)"
4764442221,593721,122221,1,1,1,32,32,1,30,0.000,0.000,,,,,NVIDIA A100-SXM4-40GB MIG 4g.20gb (0),1,,13,"void convert_kernel<float2, __half2>(tensor_layout_any, T1 *, tensor_layout_any, const T2 *)"
4765056805,17184,122233,2253,1,1,128,1,1,16,0.000,0.000,,,,,NVIDIA A100-SXM4-40GB MIG 4g.20gb (0),1,,13,cupy_copy__float16_float16
4765116165,5600,122242,282,1,1,128,1,1,16,0.000,0.000,,,,,NVIDIA A100-SXM4-40GB MIG 4g.20gb (0),1,,13,cupy_copy__complex64_complex64
4765176516,7072,122251,26,1,1,128,1,1,16,0.000,0.000,,,,,NVIDIA A100-SXM4-40GB MIG 4g.20gb (0),1,,13,cupy_copy__float32_float32
4765203940,14688,122260,103,1,1,128,1,1,16,0.000,0.000,,,,,NVIDIA A100-SXM4-40GB MIG 4g.20gb (0),1,,13,cupy_copy__complex64_complex64
4765318082,15264,122270,1434,1,1,128,1,1,16,0.000,0.000,,,,,NVIDIA A100-SXM4-40GB MIG 4g.20gb (0),1,,13,cupy_copy__complex64_complex64
4765394882,257309,122275,1,1,1,32,32,1,30,0.000,0.000,,,,,NVIDIA A100-SXM4-40GB MIG 4g.20gb (0),1,,13,"void convert_kernel<__half2, float2>(tensor_layout_any, T1 *, tensor_layout_any, const T2 *)"
4765682046,5824,122278,,,,,,,,,,0.094,16087.884,Pinned,Device,NVIDIA A100-SXM4-40GB MIG 4g.20gb (0),1,,13,[CUDA memcpy Host-to-Device]
4765725054,635480,122279,,,,,,,,,,456.561,718171.145,Device,,NVIDIA A100-SXM4-40GB MIG 4g.20gb (0),1,,13,[CUDA memset]
4766366102,55232,122284,,,,,,,,,,1.235,22358.661,Pinned,Device,NVIDIA A100-SXM4-40GB MIG 4g.20gb (0),1,,13,[CUDA memcpy Host-to-Device]
4766424150,9728,122285,,,,,,,,,,0.197,20210.516,Pinned,Device,NVIDIA A100-SXM4-40GB MIG 4g.20gb (0),1,,13,[CUDA memcpy Host-to-Device]
4766485141,13376,122286,69,4,1,48,1,1,76,0.002,0.000,,,,,NVIDIA A100-SXM4-40GB MIG 4g.20gb (0),1,,13,"void ch_est::windowedChEstPreNoDftSOfdmKernel<float, __half, float, (unsigned int)2, (unsigned int)1, (unsigned short)4>(ch_est::puschRxChEstStatDescr_t *, ch_est::puschRxChEstDynDescr_t *)"
4766557620,22944,122287,137,2,1,24,2,1,44,0.001,0.001,,,,,NVIDIA A100-SXM4-40GB MIG 4g.20gb (0),1,,13,"void ch_est::chEstFilterNoDftSOfdmDispatchKernel<float, __half, float, (unsigned int)2>(ch_est::puschRxChEstStatDescr_t *, ch_est::puschRxChEstDynDescr_t *)"
4766591636,25631,122288,137,2,1,24,2,1,44,0.001,0.001,,,,,NVIDIA A100-SXM4-40GB MIG 4g.20gb (0),1,,13,"void ch_est::chEstFilterNoDftSOfdmDispatchKernel<float, __half, float, (unsigned int)2>(ch_est::puschRxChEstStatDescr_t *, ch_est::puschRxChEstDynDescr_t *)"
4766646643,6784,122299,103,1,1,128,1,1,16,0.000,0.000,,,,,NVIDIA A100-SXM4-40GB MIG 4g.20gb (0),1,,13,cupy_copy__complex64_complex64
4766699539,16479,122309,1434,1,1,128,1,1,16,0.000,0.000,,,,,NVIDIA A100-SXM4-40GB MIG 4g.20gb (0),1,,13,cupy_copy__complex64_complex64
4766735730,7008,122316,103,1,1,128,1,1,16,0.000,0.000,,,,,NVIDIA A100-SXM4-40GB MIG 4g.20gb (0),1,,13,cupy_copy__complex64_complex64
4766790097,267997,122323,1,1,1,32,32,1,30,0.000,0.000,,,,,NVIDIA A100-SXM4-40GB MIG 4g.20gb (0),1,,13,"void convert_kernel<__half2, float2>(tensor_layout_any, T1 *, tensor_layout_any, const T2 *)"
4767084814,6304,122326,,,,,,,,,,0.094,14862.903,Pinned,Device,NVIDIA A100-SXM4-40GB MIG 4g.20gb (0),1,,13,[CUDA memcpy Host-to-Device]
4767122094,59519,122327,,,,,,,,,,35.810,601642.466,Device,,NVIDIA A100-SXM4-40GB MIG 4g.20gb (0),1,,13,[CUDA memset]
4767185165,3040,122329,,,,,,,,,,0.000,26.316,Pinned,Device,NVIDIA A100-SXM4-40GB MIG 4g.20gb (0),1,,13,[CUDA memcpy Host-to-Device]
4767190637,9408,122330,,,,,,,,,,0.197,20897.858,Pinned,Device,NVIDIA A100-SXM4-40GB MIG 4g.20gb (0),1,,13,[CUDA memcpy Host-to-Device]
4767246764,28736,122331,273,1,1,48,1,1,40,0.000,0.001,,,,,NVIDIA A100-SXM4-40GB MIG 4g.20gb (0),1,,13,"void pusch_noise_intf_est::noiseIntfEstNoDftSOfdmKernel<float, __half, float, float, (unsigned int)2, (unsigned int)1, (unsigned char)4, (unsigned char)4>(pusch_noise_intf_est::puschRxNoiseIntfEstDynDescr)"
4767316683,14016,122342,35,1,1,128,1,1,16,0.000,0.000,,,,,NVIDIA A100-SXM4-40GB MIG 4g.20gb (0),1,,13,cupy_copy__complex64_complex64
4767364811,3456,122351,1,1,1,1,1,1,18,0.000,0.000,,,,,NVIDIA A100-SXM4-40GB MIG 4g.20gb (0),1,,13,cupy_copy__float32_float32
4767372843,2080,122357,,,,,,,,,,0.000,1.923,Device,Pageable,NVIDIA A100-SXM4-40GB MIG 4g.20gb (0),1,,7,[CUDA memcpy Device-to-Host]
4767478506,17151,122368,1434,1,1,128,1,1,16,0.000,0.000,,,,,NVIDIA A100-SXM4-40GB MIG 4g.20gb (0),1,,13,cupy_copy__complex64_complex64
4767522185,5024,122375,103,1,1,128,1,1,16,0.000,0.000,,,,,NVIDIA A100-SXM4-40GB MIG 4g.20gb (0),1,,13,cupy_copy__complex64_complex64
4767571432,4832,122382,35,1,1,128,1,1,16,0.000,0.000,,,,,NVIDIA A100-SXM4-40GB MIG 4g.20gb (0),1,,13,cupy_copy__complex64_complex64
4767588840,4736,122389,1,1,1,1,1,1,18,0.000,0.000,,,,,NVIDIA A100-SXM4-40GB MIG 4g.20gb (0),1,,13,cupy_copy__float32_float32
4767687655,266909,122400,1,1,1,32,32,1,30,0.000,0.000,,,,,NVIDIA A100-SXM4-40GB MIG 4g.20gb (0),1,,13,"void convert_kernel<__half2, float2>(tensor_layout_any, T1 *, tensor_layout_any, const T2 *)"
4767986884,6112,122403,,,,,,,,,,0.094,15329.790,Pinned,Device,NVIDIA A100-SXM4-40GB MIG 4g.20gb (0),1,,13,[CUDA memcpy Host-to-Device]
4768029955,5952,122404,,,,,,,,,,1.547,259848.298,Device,,NVIDIA A100-SXM4-40GB MIG 4g.20gb (0),1,,13,[CUDA memset]
4768044003,3040,122409,,,,,,,,,,0.031,10294.725,Pinned,Device,NVIDIA A100-SXM4-40GB MIG 4g.20gb (0),1,,13,[CUDA memcpy Host-to-Device]
4768049475,10464,122410,,,,,,,,,,0.197,18788.844,Pinned,Device,NVIDIA A100-SXM4-40GB MIG 4g.20gb (0),1,,13,[CUDA memcpy Host-to-Device]
4768090594,37408,122411,273,1,1,8,4,1,39,0.002,0.000,,,,,NVIDIA A100-SXM4-40GB MIG 4g.20gb (0),1,,13,"void channel_eq::eqMmseCoefCompLowMimoKernel<float, float, float, (unsigned int)4, (unsigned int)1, (unsigned int)4>(const channel_eq::_puschRxChEqStatDescr *, channel_eq::_puschRxChEqCoefCompDynDescr)"
4768162914,27007,122412,273,1,1,12,11,1,51,0.002,0.000,,,,,NVIDIA A100-SXM4-40GB MIG 4g.20gb (0),1,,13,"void channel_eq::eqMmseSoftDemapKernel<float, __half, __half, float, (unsigned int)4, (unsigned short)16383>(channel_eq::_puschRxChEqStatDescr *, channel_eq::_puschRxChEqSoftDemapDynDescr)"
4768218465,612889,122413,1,1,1,32,32,1,30,0.000,0.000,,,,,NVIDIA A100-SXM4-40GB MIG 4g.20gb (0),1,,13,"void convert_kernel<float2, __half2>(tensor_layout_any, T1 *, tensor_layout_any, const T2 *)"
4768860858,17119,122425,2253,1,1,128,1,1,16,0.000,0.000,,,,,NVIDIA A100-SXM4-40GB MIG 4g.20gb (0),1,,13,cupy_copy__float16_float16
4768917241,5600,122434,282,1,1,128,1,1,16,0.000,0.000,,,,,NVIDIA A100-SXM4-40GB MIG 4g.20gb (0),1,,13,cupy_copy__complex64_complex64
4768970552,7168,122443,26,1,1,128,1,1,16,0.000,0.000,,,,,NVIDIA A100-SXM4-40GB MIG 4g.20gb (0),1,,13,cupy_copy__float32_float32
4769005400,8128,122452,103,1,1,128,1,1,16,0.000,0.000,,,,,NVIDIA A100-SXM4-40GB MIG 4g.20gb (0),1,,13,cupy_copy__complex64_complex64
4769058359,15584,122462,1434,1,1,128,1,1,16,0.000,0.000,,,,,NVIDIA A100-SXM4-40GB MIG 4g.20gb (0),1,,13,cupy_copy__complex64_complex64
4769090359,251069,122467,1,1,1,32,32,1,30,0.000,0.000,,,,,NVIDIA A100-SXM4-40GB MIG 4g.20gb (0),1,,13,"void convert_kernel<__half2, float2>(tensor_layout_any, T1 *, tensor_layout_any, const T2 *)"
4769377012,5984,122470,,,,,,,,,,0.094,15657.726,Pinned,Device,NVIDIA A100-SXM4-40GB MIG 4g.20gb (0),1,,13,[CUDA memcpy Host-to-Device]
4769435635,624889,122471,,,,,,,,,,456.561,730498.304,Device,,NVIDIA A100-SXM4-40GB MIG 4g.20gb (0),1,,13,[CUDA memset]
4770067436,53119,122476,,,,,,,,,,1.235,23247.821,Pinned,Device,NVIDIA A100-SXM4-40GB MIG 4g.20gb (0),1,,13,[CUDA memcpy Host-to-Device]
4770123307,10560,122477,,,,,,,,,,0.197,18617.991,Pinned,Device,NVIDIA A100-SXM4-40GB MIG 4g.20gb (0),1,,13,[CUDA memcpy Host-to-Device]
4770173194,23936,122478,69,4,1,48,1,1,76,0.002,0.000,,,,,NVIDIA A100-SXM4-40GB MIG 4g.20gb (0),1,,13,"void ch_est::windowedChEstPreNoDftSOfdmKernel<float, __half, float, (unsigned int)2, (unsigned int)1, (unsigned short)4>(ch_est::puschRxChEstStatDescr_t *, ch_est::puschRxChEstDynDescr_t *)"
4770226122,10048,122479,137,2,1,24,2,1,44,0.001,0.001,,,,,NVIDIA A100-SXM4-40GB MIG 4g.20gb (0),1,,13,"void ch_est::chEstFilterNoDftSOfdmDispatchKernel<float, __half, float, (unsigned int)2>(ch_est::puschRxChEstStatDescr_t *, ch_est::puschRxChEstDynDescr_t *)"
4770291177,29312,122480,137,2,1,24,2,1,44,0.001,0.001,,,,,NVIDIA A100-SXM4-40GB MIG 4g.20gb (0),1,,13,"void ch_est::chEstFilterNoDftSOfdmDispatchKernel<float, __half, float, (unsigned int)2>(ch_est::puschRxChEstStatDescr_t *, ch_est::puschRxChEstDynDescr_t *)"
4770332713,5792,122491,103,1,1,128,1,1,16,0.000,0.000,,,,,NVIDIA A100-SXM4-40GB MIG 4g.20gb (0),1,,13,cupy_copy__complex64_complex64
4770380712,17184,122501,1434,1,1,128,1,1,16,0.000,0.000,,,,,NVIDIA A100-SXM4-40GB MIG 4g.20gb (0),1,,13,cupy_copy__complex64_complex64
4770448583,7072,122508,103,1,1,128,1,1,16,0.000,0.000,,,,,NVIDIA A100-SXM4-40GB MIG 4g.20gb (0),1,,13,cupy_copy__complex64_complex64
4770476935,266941,122515,1,1,1,32,32,1,30,0.000,0.000,,,,,NVIDIA A100-SXM4-40GB MIG 4g.20gb (0),1,,13,"void convert_kernel<__half2, float2>(tensor_layout_any, T1 *, tensor_layout_any, const T2 *)"
4770773635,5888,122518,,,,,,,,,,0.094,15912.954,Pinned,Device,NVIDIA A100-SXM4-40GB MIG 4g.20gb (0),1,,13,[CUDA memcpy Host-to-Device]
4770831235,55743,122519,,,,,,,,,,35.810,642394.155,Device,,NVIDIA A100-SXM4-40GB MIG 4g.20gb (0),1,,13,[CUDA memset]
4770892578,4256,122521,,,,,,,,,,0.000,18.797,Pinned,Device,NVIDIA A100-SXM4-40GB MIG 4g.20gb (0),1,,13,[CUDA memcpy Host-to-Device]
4770899618,10272,122522,,,,,,,,,,0.197,19140.182,Pinned,Device,NVIDIA A100-SXM4-40GB MIG 4g.20gb (0),1,,13,[CUDA memcpy Host-to-Device]
4770958689,19680,122523,273,1,1,48,1,1,40,0.000,0.001,,,,,NVIDIA A100-SXM4-40GB MIG 4g.20gb (0),1,,13,"void pusch_noise_intf_est::noiseIntfEstNoDftSOfdmKernel<float, __half, float, float, (unsigned int)2, (unsigned int)1, (unsigned char)4, (unsigned char)4>(pusch_noise_intf_est::puschRxNoiseIntfEstDynDescr)"
4771027169,4960,122534,35,1,1,128,1,1,16,0.000,0.000,,,,,NVIDIA A100-SXM4-40GB MIG 4g.20gb (0),1,,13,cupy_copy__complex64_complex64
4771044096,4416,122543,1,1,1,1,1,1,18,0.000,0.000,,,,,NVIDIA A100-SXM4-40GB MIG 4g.20gb (0),1,,13,cupy_copy__float32_float32
4771053120,1600,122549,,,,,,,,,,0.000,2.500,Device,Pageable,NVIDIA A100-SXM4-40GB MIG 4g.20gb (0),1,,7,[CUDA memcpy Device-to-Host]
4771148863,15616,122560,1434,1,1,128,1,1,16,0.000,0.000,,,,,NVIDIA A100-SXM4-40GB MIG 4g.20gb (0),1,,13,cupy_copy__complex64_complex64
4771216318,6848,122567,103,1,1,128,1,1,16,0.000,0.000,,,,,NVIDIA A100-SXM4-40GB MIG 4g.20gb (0),1,,13,cupy_copy__complex64_complex64
4771249630,8224,122574,35,1,1,128,1,1,16,0.000,0.000,,,,,NVIDIA A100-SXM4-40GB MIG 4g.20gb (0),1,,13,cupy_copy__complex64_complex64
4771353629,4736,122581,1,1,1,1,1,1,18,0.000,0.000,,,,,NVIDIA A100-SXM4-40GB MIG 4g.20gb (0),1,,13,cupy_copy__float32_float32
4771424156,264829,122592,1,1,1,32,32,1,30,0.000,0.000,,,,,NVIDIA A100-SXM4-40GB MIG 4g.20gb (0),1,,13,"void convert_kernel<__half2, float2>(tensor_layout_any, T1 *, tensor_layout_any, const T2 *)"
4771720665,6047,122595,,,,,,,,,,0.094,15494.601,Pinned,Device,NVIDIA A100-SXM4-40GB MIG 4g.20gb (0),1,,13,[CUDA memcpy Host-to-Device]
4771785560,6240,122596,,,,,,,,,,1.547,247855.776,Device,,NVIDIA A100-SXM4-40GB MIG 4g.20gb (0),1,,13,[CUDA memset]
4771798648,3136,122601,,,,,,,,,,0.031,9979.575,Pinned,Device,NVIDIA A100-SXM4-40GB MIG 4g.20gb (0),1,,13,[CUDA memcpy Host-to-Device]
4771804344,10719,122602,,,,,,,,,,0.197,18341.954,Pinned,Device,NVIDIA A100-SXM4-40GB MIG 4g.20gb (0),1,,13,[CUDA memcpy Host-to-Device]
4771868599,9952,122603,273,1,1,8,4,1,39,0.002,0.000,,,,,NVIDIA A100-SXM4-40GB MIG 4g.20gb (0),1,,13,"void channel_eq::eqMmseCoefCompLowMimoKernel<float, float, float, (unsigned int)4, (unsigned int)1, (unsigned int)4>(const channel_eq::_puschRxChEqStatDescr *, channel_eq::_puschRxChEqCoefCompDynDescr)"
4771948310,12480,122604,273,1,1,12,11,1,51,0.002,0.000,,,,,NVIDIA A100-SXM4-40GB MIG 4g.20gb (0),1,,13,"void channel_eq::eqMmseSoftDemapKernel<float, __half, __half, float, (unsigned int)4, (unsigned short)16383>(channel_eq::_puschRxChEqStatDescr *, channel_eq::_puschRxChEqSoftDemapDynDescr)"
4772029333,600793,122605,1,1,1,32,32,1,30,0.000,0.000,,,,,NVIDIA A100-SXM4-40GB MIG 4g.20gb (0),1,,13,"void convert_kernel<float2, __half2>(tensor_layout_any, T1 *, tensor_layout_any, const T2 *)"
4772677198,12863,122617,2253,1,1,128,1,1,16,0.000,0.000,,,,,NVIDIA A100-SXM4-40GB MIG 4g.20gb (0),1,,13,cupy_copy__float16_float16
4772756109,5472,122626,282,1,1,128,1,1,16,0.000,0.000,,,,,NVIDIA A100-SXM4-40GB MIG 4g.20gb (0),1,,13,cupy_copy__complex64_complex64
4772816140,8384,122635,26,1,1,128,1,1,16,0.000,0.000,,,,,NVIDIA A100-SXM4-40GB MIG 4g.20gb (0),1,,13,cupy_copy__float32_float32
4772858795,7936,122644,103,1,1,128,1,1,16,0.000,0.000,,,,,NVIDIA A100-SXM4-40GB MIG 4g.20gb (0),1,,13,cupy_copy__complex64_complex64
4772922155,14944,122654,1434,1,1,128,1,1,16,0.000,0.000,,,,,NVIDIA A100-SXM4-40GB MIG 4g.20gb (0),1,,13,cupy_copy__complex64_complex64
4773008298,264509,122659,1,1,1,32,32,1,30,0.000,0.000,,,,,NVIDIA A100-SXM4-40GB MIG 4g.20gb (0),1,,13,"void convert_kernel<__half2, float2>(tensor_layout_any, T1 *, tensor_layout_any, const T2 *)"
4773302950,5888,122662,,,,,,,,,,0.094,15912.954,Pinned,Device,NVIDIA A100-SXM4-40GB MIG 4g.20gb (0),1,,13,[CUDA memcpy Host-to-Device]
4773366886,657080,122663,,,,,,,,,,456.561,694429.950,Device,,NVIDIA A100-SXM4-40GB MIG 4g.20gb (0),1,,13,[CUDA memset]
4774030974,57919,122668,,,,,,,,,,1.235,21321.308,Pinned,Device,NVIDIA A100-SXM4-40GB MIG 4g.20gb (0),1,,13,[CUDA memcpy Host-to-Device]
4774093021,10752,122669,,,,,,,,,,0.197,18285.527,Pinned,Device,NVIDIA A100-SXM4-40GB MIG 4g.20gb (0),1,,13,[CUDA memcpy Host-to-Device]
4774138845,28767,122670,69,4,1,48,1,1,76,0.002,0.000,,,,,NVIDIA A100-SXM4-40GB MIG 4g.20gb (0),1,,13,"void ch_est::windowedChEstPreNoDftSOfdmKernel<float, __half, float, (unsigned int)2, (unsigned int)1, (unsigned short)4>(ch_est::puschRxChEstStatDescr_t *, ch_est::puschRxChEstDynDescr_t *)"
4774227740,25919,122671,137,2,1,24,2,1,44,0.001,0.001,,,,,NVIDIA A100-SXM4-40GB MIG 4g.20gb (0),1,,13,"void ch_est::chEstFilterNoDftSOfdmDispatchKernel<float, __half, float, (unsigned int)2>(ch_est::puschRxChEstStatDescr_t *, ch_est::puschRxChEstDynDescr_t *)"
4774284955,9344,122672,137,2,1,24,2,1,44,0.001,0.001,,,,,NVIDIA A100-SXM4-40GB MIG 4g.20gb (0),1,,13,"void ch_est::chEstFilterNoDftSOfdmDispatchKernel<float, __half, float, (unsigned int)2>(ch_est::puschRxChEstStatDescr_t *, ch_est::puschRxChEstDynDescr_t *)"
4774360282,4736,122683,103,1,1,128,1,1,16,0.000,0.000,,,,,NVIDIA A100-SXM4-40GB MIG 4g.20gb (0),1,,13,cupy_copy__complex64_complex64
4774423449,17280,122693,1434,1,1,128,1,1,16,0.000,0.000,,,,,NVIDIA A100-SXM4-40GB MIG 4g.20gb (0),1,,13,cupy_copy__complex64_complex64
4774468569,6944,122700,103,1,1,128,1,1,16,0.000,0.000,,,,,NVIDIA A100-SXM4-40GB MIG 4g.20gb (0),1,,13,cupy_copy__complex64_complex64
4774527576,257661,122707,1,1,1,32,32,1,30,0.000,0.000,,,,,NVIDIA A100-SXM4-40GB MIG 4g.20gb (0),1,,13,"void convert_kernel<__half2, float2>(tensor_layout_any, T1 *, tensor_layout_any, const T2 *)"
4774815029,7808,122710,,,,,,,,,,0.094,11999.928,Pinned,Device,NVIDIA A100-SXM4-40GB MIG 4g.20gb (0),1,,13,[CUDA memcpy Host-to-Device]
4774880692,56959,122711,,,,,,,,,,35.810,628678.956,Device,,NVIDIA A100-SXM4-40GB MIG 4g.20gb (0),1,,13,[CUDA memset]
4774942611,2112,122713,,,,,,,,,,0.000,37.879,Pinned,Device,NVIDIA A100-SXM4-40GB MIG 4g.20gb (0),1,,13,[CUDA memcpy Host-to-Device]
4774947187,10784,122714,,,,,,,,,,0.197,18231.263,Pinned,Device,NVIDIA A100-SXM4-40GB MIG 4g.20gb (0),1,,13,[CUDA memcpy Host-to-Device]
4775031090,20288,122715,273,1,1,48,1,1,40,0.000,0.001,,,,,NVIDIA A100-SXM4-40GB MIG 4g.20gb (0),1,,13,"void pusch_noise_intf_est::noiseIntfEstNoDftSOfdmKernel<float, __half, float, float, (unsigned int)2, (unsigned int)1, (unsigned char)4, (unsigned char)4>(pusch_noise_intf_est::puschRxNoiseIntfEstDynDescr)"
4775106065,5920,122726,35,1,1,128,1,1,16,0.000,0.000,,,,,NVIDIA A100-SXM4-40GB MIG 4g.20gb (0),1,,13,cupy_copy__complex64_complex64
4775171953,3712,122735,1,1,1,1,1,1,18,0.000,0.000,,,,,NVIDIA A100-SXM4-40GB MIG 4g.20gb (0),1,,13,cupy_copy__float32_float32
4775183249,1728,122741,,,,,,,,,,0.000,2.315,Device,Pageable,NVIDIA A100-SXM4-40GB MIG 4g.20gb (0),1,,7,[CUDA memcpy Device-to-Host]
4775313583,15744,122752,1434,1,1,128,1,1,16,0.000,0.000,,,,,NVIDIA A100-SXM4-40GB MIG 4g.20gb (0),1,,13,cupy_copy__complex64_complex64
4775382318,6912,122759,103,1,1,128,1,1,16,0.000,0.000,,,,,NVIDIA A100-SXM4-40GB MIG 4g.20gb (0),1,,13,cupy_copy__complex64_complex64
4775421006,8384,122766,35,1,1,128,1,1,16,0.000,0.000,,,,,NVIDIA A100-SXM4-40GB MIG 4g.20gb (0),1,,13,cupy_copy__complex64_complex64
4775480013,2976,122773,1,1,1,1,1,1,18,0.000,0.000,,,,,NVIDIA A100-SXM4-40GB MIG 4g.20gb (0),1,,13,cupy_copy__float32_float32
4775551756,274877,122784,1,1,1,32,32,1,30,0.000,0.000,,,,,NVIDIA A100-SXM4-40GB MIG 4g.20gb (0),1,,13,"void convert_kernel<__half2, float2>(tensor_layout_any, T1 *, tensor_layout_any, const T2 *)"
4775862889,8256,122787,,,,,,,,,,0.094,11348.834,Pinned,Device,NVIDIA A100-SXM4-40GB MIG 4g.20gb (0),1,,13,[CUDA memcpy Host-to-Device]
4775930984,8928,122788,,,,,,,,,,1.547,173232.714,Device,,NVIDIA A100-SXM4-40GB MIG 4g.20gb (0),1,,13,[CUDA memset]
4775943048,4032,122793,,,,,,,,,,0.031,7761.877,Pinned,Device,NVIDIA A100-SXM4-40GB MIG 4g.20gb (0),1,,13,[CUDA memcpy Host-to-Device]
4775949992,10176,122794,,,,,,,,,,0.197,19320.668,Pinned,Device,NVIDIA A100-SXM4-40GB MIG 4g.20gb (0),1,,13,[CUDA memcpy Host-to-Device]
4776007271,35168,122795,273,1,1,8,4,1,39,0.002,0.000,,,,,NVIDIA A100-SXM4-40GB MIG 4g.20gb (0),1,,13,"void channel_eq::eqMmseCoefCompLowMimoKernel<float, float, float, (unsigned int)4, (unsigned int)1, (unsigned int)4>(const channel_eq::_puschRxChEqStatDescr *, channel_eq::_puschRxChEqCoefCompDynDescr)"
4776098118,26944,122796,273,1,1,12,11,1,51,0.002,0.000,,,,,NVIDIA A100-SXM4-40GB MIG 4g.20gb (0),1,,13,"void channel_eq::eqMmseSoftDemapKernel<float, __half, __half, float, (unsigned int)4, (unsigned short)16383>(channel_eq::_puschRxChEqStatDescr *, channel_eq::_puschRxChEqSoftDemapDynDescr)"
4776163269,610873,122797,1,1,1,32,32,1,30,0.000,0.000,,,,,NVIDIA A100-SXM4-40GB MIG 4g.20gb (0),1,,13,"void convert_kernel<float2, __half2>(tensor_layout_any, T1 *, tensor_layout_any, const T2 *)"
4776822142,16767,122809,2253,1,1,128,1,1,16,0.000,0.000,,,,,NVIDIA A100-SXM4-40GB MIG 4g.20gb (0),1,,13,cupy_copy__float16_float16
4776888189,6176,122818,282,1,1,128,1,1,16,0.000,0.000,,,,,NVIDIA A100-SXM4-40GB MIG 4g.20gb (0),1,,13,cupy_copy__complex64_complex64
4776952156,4192,122827,26,1,1,128,1,1,16,0.000,0.000,,,,,NVIDIA A100-SXM4-40GB MIG 4g.20gb (0),1,,13,cupy_copy__float32_float32
4776977628,14208,122836,103,1,1,128,1,1,16,0.000,0.000,,,,,NVIDIA A100-SXM4-40GB MIG 4g.20gb (0),1,,13,cupy_copy__complex64_complex64
4777079995,14336,122846,1434,1,1,128,1,1,16,0.000,0.000,,,,,NVIDIA A100-SXM4-40GB MIG 4g.20gb (0),1,,13,cupy_copy__complex64_complex64
4777169562,255677,122851,1,1,1,32,32,1,30,0.000,0.000,,,,,NVIDIA A100-SXM4-40GB MIG 4g.20gb (0),1,,13,"void convert_kernel<__half2, float2>(tensor_layout_any, T1 *, tensor_layout_any, const T2 *)"
4777455670,5824,122854,,,,,,,,,,0.094,16087.884,Pinned,Device,NVIDIA A100-SXM4-40GB MIG 4g.20gb (0),1,,13,[CUDA memcpy Host-to-Device]
4777516662,647544,122855,,,,,,,,,,456.561,704930.863,Device,,NVIDIA A100-SXM4-40GB MIG 4g.20gb (0),1,,13,[CUDA memset]
4778171246,59263,122860,,,,,,,,,,1.235,20837.210,Pinned,Device,NVIDIA A100-SXM4-40GB MIG 4g.20gb (0),1,,13,[CUDA memcpy Host-to-Device]
4778233229,10976,122861,,,,,,,,,,0.197,17912.365,Pinned,Device,NVIDIA A100-SXM4-40GB MIG 4g.20gb (0),1,,13,[CUDA memcpy Host-to-Device]
4778277485,27776,122862,69,4,1,48,1,1,76,0.002,0.000,,,,,NVIDIA A100-SXM4-40GB MIG 4g.20gb (0),1,,13,"void ch_est::windowedChEstPreNoDftSOfdmKernel<float, __half, float, (unsigned int)2, (unsigned int)1, (unsigned short)4>(ch_est::puschRxChEstStatDescr_t *, ch_est::puschRxChEstDynDescr_t *)"
4778342668,10176,122863,137,2,1,24,2,1,44,0.001,0.001,,,,,NVIDIA A100-SXM4-40GB MIG 4g.20gb (0),1,,13,"void ch_est::chEstFilterNoDftSOfdmDispatchKernel<float, __half, float, (unsigned int)2>(ch_est::puschRxChEstStatDescr_t *, ch_est::puschRxChEstDynDescr_t *)"
4778417451,13120,122864,137,2,1,24,2,1,44,0.001,0.001,,,,,NVIDIA A100-SXM4-40GB MIG 4g.20gb (0),1,,13,"void ch_est::chEstFilterNoDftSOfdmDispatchKernel<float, __half, float, (unsigned int)2>(ch_est::puschRxChEstStatDescr_t *, ch_est::puschRxChEstDynDescr_t *)"
4778485354,6848,122875,103,1,1,128,1,1,16,0.000,0.000,,,,,NVIDIA A100-SXM4-40GB MIG 4g.20gb (0),1,,13,cupy_copy__complex64_complex64
4778522954,18560,122885,1434,1,1,128,1,1,16,0.000,0.000,,,,,NVIDIA A100-SXM4-40GB MIG 4g.20gb (0),1,,13,cupy_copy__complex64_complex64
4778590505,4384,122892,103,1,1,128,1,1,16,0.000,0.000,,,,,NVIDIA A100-SXM4-40GB MIG 4g.20gb (0),1,,13,cupy_copy__complex64_complex64
4778654505,255421,122899,1,1,1,32,32,1,30,0.000,0.000,,,,,NVIDIA A100-SXM4-40GB MIG 4g.20gb (0),1,,13,"void convert_kernel<__half2, float2>(tensor_layout_any, T1 *, tensor_layout_any, const T2 *)"
4778939333,6336,122902,,,,,,,,,,0.094,14787.852,Pinned,Device,NVIDIA A100-SXM4-40GB MIG 4g.20gb (0),1,,13,[CUDA memcpy Host-to-Device]
4779002117,60127,122903,,,,,,,,,,35.810,595554.780,Device,,NVIDIA A100-SXM4-40GB MIG 4g.20gb (0),1,,13,[CUDA memset]
4779068292,1824,122905,,,,,,,,,,0.000,43.860,Pinned,Device,NVIDIA A100-SXM4-40GB MIG 4g.20gb (0),1,,13,[CUDA memcpy Host-to-Device]
4779072612,10080,122906,,,,,,,,,,0.197,19504.693,Pinned,Device,NVIDIA A100-SXM4-40GB MIG 4g.20gb (0),1,,13,[CUDA memcpy Host-to-Device]
4779147427,14208,122907,273,1,1,48,1,1,40,0.000,0.001,,,,,NVIDIA A100-SXM4-40GB MIG 4g.20gb (0),1,,13,"void pusch_noise_intf_est::noiseIntfEstNoDftSOfdmKernel<float, __half, float, float, (unsigned int)2, (unsigned int)1, (unsigned char)4, (unsigned char)4>(pusch_noise_intf_est::puschRxNoiseIntfEstDynDescr)"
4779222690,5280,122918,35,1,1,128,1,1,16,0.000,0.000,,,,,NVIDIA A100-SXM4-40GB MIG 4g.20gb (0),1,,13,cupy_copy__complex64_complex64
4779281185,3808,122927,1,1,1,1,1,1,18,0.000,0.000,,,,,NVIDIA A100-SXM4-40GB MIG 4g.20gb (0),1,,13,cupy_copy__float32_float32
4779288417,1728,122933,,,,,,,,,,0.000,2.315,Device,Pageable,NVIDIA A100-SXM4-40GB MIG 4g.20gb (0),1,,7,[CUDA memcpy Device-to-Host]
4779394656,18400,122944,1434,1,1,128,1,1,16,0.000,0.000,,,,,NVIDIA A100-SXM4-40GB MIG 4g.20gb (0),1,,13,cupy_copy__complex64_complex64
4779462847,4448,122951,103,1,1,128,1,1,16,0.000,0.000,,,,,NVIDIA A100-SXM4-40GB MIG 4g.20gb (0),1,,13,cupy_copy__complex64_complex64
4779525086,5088,122958,35,1,1,128,1,1,16,0.000,0.000,,,,,NVIDIA A100-SXM4-40GB MIG 4g.20gb (0),1,,13,cupy_copy__complex64_complex64
4779550750,4032,122965,1,1,1,1,1,1,18,0.000,0.000,,,,,NVIDIA A100-SXM4-40GB MIG 4g.20gb (0),1,,13,cupy_copy__float32_float32
4779620413,268157,122976,1,1,1,32,32,1,30,0.000,0.000,,,,,NVIDIA A100-SXM4-40GB MIG 4g.20gb (0),1,,13,"void convert_kernel<__half2, float2>(tensor_layout_any, T1 *, tensor_layout_any, const T2 *)"
4779935226,6592,122979,,,,,,,,,,0.094,14213.590,Pinned,Device,NVIDIA A100-SXM4-40GB MIG 4g.20gb (0),1,,13,[CUDA memcpy Host-to-Device]
4779987321,9728,122980,,,,,,,,,,1.547,158986.761,Device,,NVIDIA A100-SXM4-40GB MIG 4g.20gb (0),1,,13,[CUDA memset]
4780003097,4672,122985,,,,,,,,,,0.031,6698.627,Pinned,Device,NVIDIA A100-SXM4-40GB MIG 4g.20gb (0),1,,13,[CUDA memcpy Host-to-Device]
4780010457,12064,122986,,,,,,,,,,0.197,16297.034,Pinned,Device,NVIDIA A100-SXM4-40GB MIG 4g.20gb (0),1,,13,[CUDA memcpy Host-to-Device]
4780064024,34816,122987,273,1,1,8,4,1,39,0.002,0.000,,,,,NVIDIA A100-SXM4-40GB MIG 4g.20gb (0),1,,13,"void channel_eq::eqMmseCoefCompLowMimoKernel<float, float, float, (unsigned int)4, (unsigned int)1, (unsigned int)4>(const channel_eq::_puschRxChEqStatDescr *, channel_eq::_puschRxChEqCoefCompDynDescr)"
4780146807,33984,122988,273,1,1,12,11,1,51,0.002,0.000,,,,,NVIDIA A100-SXM4-40GB MIG 4g.20gb (0),1,,13,"void channel_eq::eqMmseSoftDemapKernel<float, __half, __half, float, (unsigned int)4, (unsigned short)16383>(channel_eq::_puschRxChEqStatDescr *, channel_eq::_puschRxChEqSoftDemapDynDescr)"
4780228758,640057,122989,1,1,1,32,32,1,30,0.000,0.000,,,,,NVIDIA A100-SXM4-40GB MIG 4g.20gb (0),1,,13,"void convert_kernel<float2, __half2>(tensor_layout_any, T1 *, tensor_layout_any, const T2 *)"
4780915630,12704,123001,2253,1,1,128,1,1,16,0.000,0.000,,,,,NVIDIA A100-SXM4-40GB MIG 4g.20gb (0),1,,13,cupy_copy__float16_float16
4780994414,5279,123010,282,1,1,128,1,1,16,0.000,0.000,,,,,NVIDIA A100-SXM4-40GB MIG 4g.20gb (0),1,,13,cupy_copy__complex64_complex64
4781022445,5952,123019,26,1,1,128,1,1,16,0.000,0.000,,,,,NVIDIA A100-SXM4-40GB MIG 4g.20gb (0),1,,13,cupy_copy__float32_float32
4781074061,6720,123028,103,1,1,128,1,1,16,0.000,0.000,,,,,NVIDIA A100-SXM4-40GB MIG 4g.20gb (0),1,,13,cupy_copy__complex64_complex64
4781134572,14816,123038,1434,1,1,128,1,1,16,0.000,0.000,,,,,NVIDIA A100-SXM4-40GB MIG 4g.20gb (0),1,,13,cupy_copy__complex64_complex64
4781211115,254717,123043,1,1,1,32,32,1,30,0.000,0.000,,,,,NVIDIA A100-SXM4-40GB MIG 4g.20gb (0),1,,13,"void convert_kernel<__half2, float2>(tensor_layout_any, T1 *, tensor_layout_any, const T2 *)"
4781495912,6272,123046,,,,,,,,,,0.094,14938.703,Pinned,Device,NVIDIA A100-SXM4-40GB MIG 4g.20gb (0),1,,13,[CUDA memcpy Host-to-Device]
4781557767,642489,123047,,,,,,,,,,456.561,710409.601,Device,,NVIDIA A100-SXM4-40GB MIG 4g.20gb (0),1,,13,[CUDA memset]
4782207744,58751,123052,,,,,,,,,,1.235,21018.747,Pinned,Device,NVIDIA A100-SXM4-40GB MIG 4g.20gb (0),1,,13,[CUDA memcpy Host-to-Device]
4782268991,11360,123053,,,,,,,,,,0.197,17307.009,Pinned,Device,NVIDIA A100-SXM4-40GB MIG 4g.20gb (0),1,,13,[CUDA memcpy Host-to-Device]
4782328958,27264,123054,69,4,1,48,1,1,76,0.002,0.000,,,,,NVIDIA A100-SXM4-40GB MIG 4g.20gb (0),1,,13,"void ch_est::windowedChEstPreNoDftSOfdmKernel<float, __half, float, (unsigned int)2, (unsigned int)1, (unsigned short)4>(ch_est::puschRxChEstStatDescr_t *, ch_est::puschRxChEstDynDescr_t *)"
4782392925,9888,123055,137,2,1,24,2,1,44,0.001,0.001,,,,,NVIDIA A100-SXM4-40GB MIG 4g.20gb (0),1,,13,"void ch_est::chEstFilterNoDftSOfdmDispatchKernel<float, __half, float, (unsigned int)2>(ch_est::puschRxChEstStatDescr_t *, ch_est::puschRxChEstDynDescr_t *)"
4782471228,12576,123056,137,2,1,24,2,1,44,0.001,0.001,,,,,NVIDIA A100-SXM4-40GB MIG 4g.20gb (0),1,,13,"void ch_est::chEstFilterNoDftSOfdmDispatchKernel<float, __half, float, (unsigned int)2>(ch_est::puschRxChEstStatDescr_t *, ch_est::puschRxChEstDynDescr_t *)"
4782546780,5248,123067,103,1,1,128,1,1,16,0.000,0.000,,,,,NVIDIA A100-SXM4-40GB MIG 4g.20gb (0),1,,13,cupy_copy__complex64_complex64
4782583483,20544,123077,1434,1,1,128,1,1,16,0.000,0.000,,,,,NVIDIA A100-SXM4-40GB MIG 4g.20gb (0),1,,13,cupy_copy__complex64_complex64
4782652410,4256,123084,103,1,1,128,1,1,16,0.000,0.000,,,,,NVIDIA A100-SXM4-40GB MIG 4g.20gb (0),1,,13,cupy_copy__complex64_complex64
4782715994,258013,123091,1,1,1,32,32,1,30,0.000,0.000,,,,,NVIDIA A100-SXM4-40GB MIG 4g.20gb (0),1,,13,"void convert_kernel<__half2, float2>(tensor_layout_any, T1 *, tensor_layout_any, const T2 *)"
4783002646,5888,123094,,,,,,,,,,0.094,15912.954,Pinned,Device,NVIDIA A100-SXM4-40GB MIG 4g.20gb (0),1,,13,[CUDA memcpy Host-to-Device]
4783065814,56991,123095,,,,,,,,,,35.810,628320.856,Device,,NVIDIA A100-SXM4-40GB MIG 4g.20gb (0),1,,13,[CUDA memset]
4783127253,3040,123097,,,,,,,,,,0.000,26.316,Pinned,Device,NVIDIA A100-SXM4-40GB MIG 4g.20gb (0),1,,13,[CUDA memcpy Host-to-Device]
4783133013,10080,123098,,,,,,,,,,0.197,19504.693,Pinned,Device,NVIDIA A100-SXM4-40GB MIG 4g.20gb (0),1,,13,[CUDA memcpy Host-to-Device]
4783217620,19456,123099,273,1,1,48,1,1,40,0.000,0.001,,,,,NVIDIA A100-SXM4-40GB MIG 4g.20gb (0),1,,13,"void pusch_noise_intf_est::noiseIntfEstNoDftSOfdmKernel<float, __half, float, float, (unsigned int)2, (unsigned int)1, (unsigned char)4, (unsigned char)4>(pusch_noise_intf_est::puschRxNoiseIntfEstDynDescr)"
4783295763,5344,123110,35,1,1,128,1,1,16,0.000,0.000,,,,,NVIDIA A100-SXM4-40GB MIG 4g.20gb (0),1,,13,cupy_copy__complex64_complex64
4783356946,4352,123119,1,1,1,1,1,1,18,0.000,0.000,,,,,NVIDIA A100-SXM4-40GB MIG 4g.20gb (0),1,,13,cupy_copy__float32_float32
4783365650,1632,123125,,,,,,,,,,0.000,2.451,Device,Pageable,NVIDIA A100-SXM4-40GB MIG 4g.20gb (0),1,,7,[CUDA memcpy Device-to-Host]
4783451633,18720,123136,1434,1,1,128,1,1,16,0.000,0.000,,,,,NVIDIA A100-SXM4-40GB MIG 4g.20gb (0),1,,13,cupy_copy__complex64_complex64
4783521008,4128,123143,103,1,1,128,1,1,16,0.000,0.000,,,,,NVIDIA A100-SXM4-40GB MIG 4g.20gb (0),1,,13,cupy_copy__complex64_complex64
4783583472,4480,123150,35,1,1,128,1,1,16,0.000,0.000,,,,,NVIDIA A100-SXM4-40GB MIG 4g.20gb (0),1,,13,cupy_copy__complex64_complex64
4783608239,4320,123157,1,1,1,1,1,1,18,0.000,0.000,,,,,NVIDIA A100-SXM4-40GB MIG 4g.20gb (0),1,,13,cupy_copy__float32_float32
4783753870,261853,123168,1,1,1,32,32,1,30,0.000,0.000,,,,,NVIDIA A100-SXM4-40GB MIG 4g.20gb (0),1,,13,"void convert_kernel<__half2, float2>(tensor_layout_any, T1 *, tensor_layout_any, const T2 *)"
4784046762,6208,123171,,,,,,,,,,0.094,15092.739,Pinned,Device,NVIDIA A100-SXM4-40GB MIG 4g.20gb (0),1,,13,[CUDA memcpy Host-to-Device]
4784099306,9184,123172,,,,,,,,,,1.547,168404.154,Device,,NVIDIA A100-SXM4-40GB MIG 4g.20gb (0),1,,13,[CUDA memset]
4784114506,3295,123177,,,,,,,,,,0.031,9498.023,Pinned,Device,NVIDIA A100-SXM4-40GB MIG 4g.20gb (0),1,,13,[CUDA memcpy Host-to-Device]
4784120297,10368,123178,,,,,,,,,,0.197,18962.842,Pinned,Device,NVIDIA A100-SXM4-40GB MIG 4g.20gb (0),1,,13,[CUDA memcpy Host-to-Device]
4784173833,34591,123179,273,1,1,8,4,1,39,0.002,0.000,,,,,NVIDIA A100-SXM4-40GB MIG 4g.20gb (0),1,,13,"void channel_eq::eqMmseCoefCompLowMimoKernel<float, float, float, (unsigned int)4, (unsigned int)1, (unsigned int)4>(const channel_eq::_puschRxChEqStatDescr *, channel_eq::_puschRxChEqCoefCompDynDescr)"
4784257320,25920,123180,273,1,1,12,11,1,51,0.002,0.000,,,,,NVIDIA A100-SXM4-40GB MIG 4g.20gb (0),1,,13,"void channel_eq::eqMmseSoftDemapKernel<float, __half, __half, float, (unsigned int)4, (unsigned short)16383>(channel_eq::_puschRxChEqStatDescr *, channel_eq::_puschRxChEqSoftDemapDynDescr)"
4784321127,600537,123181,1,1,1,32,32,1,30,0.000,0.000,,,,,NVIDIA A100-SXM4-40GB MIG 4g.20gb (0),1,,13,"void convert_kernel<float2, __half2>(tensor_layout_any, T1 *, tensor_layout_any, const T2 *)"
4784972992,16991,123193,2253,1,1,128,1,1,16,0.000,0.000,,,,,NVIDIA A100-SXM4-40GB MIG 4g.20gb (0),1,,13,cupy_copy__float16_float16
4785040063,5088,123202,282,1,1,128,1,1,16,0.000,0.000,,,,,NVIDIA A100-SXM4-40GB MIG 4g.20gb (0),1,,13,cupy_copy__complex64_complex64
4785104926,4896,123211,26,1,1,128,1,1,16,0.000,0.000,,,,,NVIDIA A100-SXM4-40GB MIG 4g.20gb (0),1,,13,cupy_copy__float32_float32
4785137950,7872,123220,103,1,1,128,1,1,16,0.000,0.000,,,,,NVIDIA A100-SXM4-40GB MIG 4g.20gb (0),1,,13,cupy_copy__complex64_complex64
4785200285,17728,123230,1434,1,1,128,1,1,16,0.000,0.000,,,,,NVIDIA A100-SXM4-40GB MIG 4g.20gb (0),1,,13,cupy_copy__complex64_complex64
4785283388,256605,123235,1,1,1,32,32,1,30,0.000,0.000,,,,,NVIDIA A100-SXM4-40GB MIG 4g.20gb (0),1,,13,"void convert_kernel<__half2, float2>(tensor_layout_any, T1 *, tensor_layout_any, const T2 *)"
4785570297,5664,123238,,,,,,,,,,0.094,16542.310,Pinned,Device,NVIDIA A100-SXM4-40GB MIG 4g.20gb (0),1,,13,[CUDA memcpy Host-to-Device]
4785639800,631193,123239,,,,,,,,,,456.561,723193.321,Device,,NVIDIA A100-SXM4-40GB MIG 4g.20gb (0),1,,13,[CUDA memset]
4786275921,58623,123244,,,,,,,,,,1.235,21065.675,Pinned,Device,NVIDIA A100-SXM4-40GB MIG 4g.20gb (0),1,,13,[CUDA memcpy Host-to-Device]
4786338416,10496,123245,,,,,,,,,,0.197,18731.631,Pinned,Device,NVIDIA A100-SXM4-40GB MIG 4g.20gb (0),1,,13,[CUDA memcpy Host-to-Device]
4786389167,28384,123246,69,4,1,48,1,1,76,0.002,0.000,,,,,NVIDIA A100-SXM4-40GB MIG 4g.20gb (0),1,,13,"void ch_est::windowedChEstPreNoDftSOfdmKernel<float, __half, float, (unsigned int)2, (unsigned int)1, (unsigned short)4>(ch_est::puschRxChEstStatDescr_t *, ch_est::puschRxChEstDynDescr_t *)"
4786452719,9311,123247,137,2,1,24,2,1,44,0.001,0.001,,,,,NVIDIA A100-SXM4-40GB MIG 4g.20gb (0),1,,13,"void ch_est::chEstFilterNoDftSOfdmDispatchKernel<float, __half, float, (unsigned int)2>(ch_est::puschRxChEstStatDescr_t *, ch_est::puschRxChEstDynDescr_t *)"
4786527470,8224,123248,137,2,1,24,2,1,44,0.001,0.001,,,,,NVIDIA A100-SXM4-40GB MIG 4g.20gb (0),1,,13,"void ch_est::chEstFilterNoDftSOfdmDispatchKernel<float, __half, float, (unsigned int)2>(ch_est::puschRxChEstStatDescr_t *, ch_est::puschRxChEstDynDescr_t *)"
4786598349,7712,123259,103,1,1,128,1,1,16,0.000,0.000,,,,,NVIDIA A100-SXM4-40GB MIG 4g.20gb (0),1,,13,cupy_copy__complex64_complex64
4786637612,16256,123269,1434,1,1,128,1,1,16,0.000,0.000,,,,,NVIDIA A100-SXM4-40GB MIG 4g.20gb (0),1,,13,cupy_copy__complex64_complex64
4786704300,4896,123276,103,1,1,128,1,1,16,0.000,0.000,,,,,NVIDIA A100-SXM4-40GB MIG 4g.20gb (0),1,,13,cupy_copy__complex64_complex64
4786768491,260125,123283,1,1,1,32,32,1,30,0.000,0.000,,,,,NVIDIA A100-SXM4-40GB MIG 4g.20gb (0),1,,13,"void convert_kernel<__half2, float2>(tensor_layout_any, T1 *, tensor_layout_any, const T2 *)"
4787058280,6591,123286,,,,,,,,,,0.094,14215.745,Pinned,Device,NVIDIA A100-SXM4-40GB MIG 4g.20gb (0),1,,13,[CUDA memcpy Host-to-Device]
4787120839,57183,123287,,,,,,,,,,35.810,626208.071,Device,,NVIDIA A100-SXM4-40GB MIG 4g.20gb (0),1,,13,[CUDA memset]
4787178950,1856,123289,,,,,,,,,,0.000,43.103,Pinned,Device,NVIDIA A100-SXM4-40GB MIG 4g.20gb (0),1,,13,[CUDA memcpy Host-to-Device]
4787183270,10976,123290,,,,,,,,,,0.197,17912.365,Pinned,Device,NVIDIA A100-SXM4-40GB MIG 4g.20gb (0),1,,13,[CUDA memcpy Host-to-Device]
4787269285,19968,123291,273,1,1,48,1,1,40,0.000,0.001,,,,,NVIDIA A100-SXM4-40GB MIG 4g.20gb (0),1,,13,"void pusch_noise_intf_est::noiseIntfEstNoDftSOfdmKernel<float, __half, float, float, (unsigned int)2, (unsigned int)1, (unsigned char)4, (unsigned char)4>(pusch_noise_intf_est::puschRxNoiseIntfEstDynDescr)"
4787345380,5408,123302,35,1,1,128,1,1,16,0.000,0.000,,,,,NVIDIA A100-SXM4-40GB MIG 4g.20gb (0),1,,13,cupy_copy__complex64_complex64
4787406916,3519,123311,1,1,1,1,1,1,18,0.000,0.000,,,,,NVIDIA A100-SXM4-40GB MIG 4g.20gb (0),1,,13,cupy_copy__float32_float32
4787417859,1632,123317,,,,,,,,,,0.000,2.451,Device,Pageable,NVIDIA A100-SXM4-40GB MIG 4g.20gb (0),1,,7,[CUDA memcpy Device-to-Host]
4787502818,17472,123328,1434,1,1,128,1,1,16,0.000,0.000,,,,,NVIDIA A100-SXM4-40GB MIG 4g.20gb (0),1,,13,cupy_copy__complex64_complex64
4787569858,4224,123335,103,1,1,128,1,1,16,0.000,0.000,,,,,NVIDIA A100-SXM4-40GB MIG 4g.20gb (0),1,,13,cupy_copy__complex64_complex64
4787638177,5792,123342,35,1,1,128,1,1,16,0.000,0.000,,,,,NVIDIA A100-SXM4-40GB MIG 4g.20gb (0),1,,13,cupy_copy__complex64_complex64
4787664609,3776,123349,1,1,1,1,1,1,18,0.000,0.000,,,,,NVIDIA A100-SXM4-40GB MIG 4g.20gb (0),1,,13,cupy_copy__float32_float32
4787732832,261853,123360,1,1,1,32,32,1,30,0.000,0.000,,,,,NVIDIA A100-SXM4-40GB MIG 4g.20gb (0),1,,13,"void convert_kernel<__half2, float2>(tensor_layout_any, T1 *, tensor_layout_any, const T2 *)"
4788026972,6304,123363,,,,,,,,,,0.094,14862.903,Pinned,Device,NVIDIA A100-SXM4-40GB MIG 4g.20gb (0),1,,13,[CUDA memcpy Host-to-Device]
4788088700,6080,123364,,,,,,,,,,1.547,254377.889,Device,,NVIDIA A100-SXM4-40GB MIG 4g.20gb (0),1,,13,[CUDA memset]
4788102908,3615,123369,,,,,,,,,,0.031,8657.256,Pinned,Device,NVIDIA A100-SXM4-40GB MIG 4g.20gb (0),1,,13,[CUDA memcpy Host-to-Device]
4788108955,11552,123370,,,,,,,,,,0.197,17019.372,Pinned,Device,NVIDIA A100-SXM4-40GB MIG 4g.20gb (0),1,,13,[CUDA memcpy Host-to-Device]
4788169499,39103,123371,273,1,1,8,4,1,39,0.002,0.000,,,,,NVIDIA A100-SXM4-40GB MIG 4g.20gb (0),1,,13,"void channel_eq::eqMmseCoefCompLowMimoKernel<float, float, float, (unsigned int)4, (unsigned int)1, (unsigned int)4>(const channel_eq::_puschRxChEqStatDescr *, channel_eq::_puschRxChEqCoefCompDynDescr)"
4788256890,26655,123372,273,1,1,12,11,1,51,0.002,0.000,,,,,NVIDIA A100-SXM4-40GB MIG 4g.20gb (0),1,,13,"void channel_eq::eqMmseSoftDemapKernel<float, __half, __half, float, (unsigned int)4, (unsigned short)16383>(channel_eq::_puschRxChEqStatDescr *, channel_eq::_puschRxChEqSoftDemapDynDescr)"
4788320953,582361,123373,1,1,1,32,32,1,30,0.000,0.000,,,,,NVIDIA A100-SXM4-40GB MIG 4g.20gb (0),1,,13,"void convert_kernel<float2, __half2>(tensor_layout_any, T1 *, tensor_layout_any, const T2 *)"
4788959058,13759,123385,2253,1,1,128,1,1,16,0.000,0.000,,,,,NVIDIA A100-SXM4-40GB MIG 4g.20gb (0),1,,13,cupy_copy__float16_float16
4789031217,10816,123394,282,1,1,128,1,1,16,0.000,0.000,,,,,NVIDIA A100-SXM4-40GB MIG 4g.20gb (0),1,,13,cupy_copy__complex64_complex64
4789067024,4288,123403,26,1,1,128,1,1,16,0.000,0.000,,,,,NVIDIA A100-SXM4-40GB MIG 4g.20gb (0),1,,13,cupy_copy__float32_float32
4789120112,6848,123412,103,1,1,128,1,1,16,0.000,0.000,,,,,NVIDIA A100-SXM4-40GB MIG 4g.20gb (0),1,,13,cupy_copy__complex64_complex64
4789186991,15328,123422,1434,1,1,128,1,1,16,0.000,0.000,,,,,NVIDIA A100-SXM4-40GB MIG 4g.20gb (0),1,,13,cupy_copy__complex64_complex64
4789229391,245021,123427,1,1,1,32,32,1,30,0.000,0.000,,,,,NVIDIA A100-SXM4-40GB MIG 4g.20gb (0),1,,13,"void convert_kernel<__half2, float2>(tensor_layout_any, T1 *, tensor_layout_any, const T2 *)"
4789504843,7456,123430,,,,,,,,,,0.094,12566.508,Pinned,Device,NVIDIA A100-SXM4-40GB MIG 4g.20gb (0),1,,13,[CUDA memcpy Host-to-Device]
4789556651,630168,123431,,,,,,,,,,456.561,724106.444,Device,,NVIDIA A100-SXM4-40GB MIG 4g.20gb (0),1,,13,[CUDA memset]
4790191555,63232,123436,,,,,,,,,,1.235,19529.404,Pinned,Device,NVIDIA A100-SXM4-40GB MIG 4g.20gb (0),1,,13,[CUDA memcpy Host-to-Device]
4790257251,11712,123437,,,,,,,,,,0.197,16786.784,Pinned,Device,NVIDIA A100-SXM4-40GB MIG 4g.20gb (0),1,,13,[CUDA memcpy Host-to-Device]
4790329410,24352,123438,69,4,1,48,1,1,76,0.002,0.000,,,,,NVIDIA A100-SXM4-40GB MIG 4g.20gb (0),1,,13,"void ch_est::windowedChEstPreNoDftSOfdmKernel<float, __half, float, (unsigned int)2, (unsigned int)1, (unsigned short)4>(ch_est::puschRxChEstStatDescr_t *, ch_est::puschRxChEstDynDescr_t *)"
4790376545,28736,123439,137,2,1,24,2,1,44,0.001,0.001,,,,,NVIDIA A100-SXM4-40GB MIG 4g.20gb (0),1,,13,"void ch_est::chEstFilterNoDftSOfdmDispatchKernel<float, __half, float, (unsigned int)2>(ch_est::puschRxChEstStatDescr_t *, ch_est::puschRxChEstDynDescr_t *)"
4790436737,8959,123440,137,2,1,24,2,1,44,0.001,0.001,,,,,NVIDIA A100-SXM4-40GB MIG 4g.20gb (0),1,,13,"void ch_est::chEstFilterNoDftSOfdmDispatchKernel<float, __half, float, (unsigned int)2>(ch_est::puschRxChEstStatDescr_t *, ch_est::puschRxChEstDynDescr_t *)"
4790509376,5120,123451,103,1,1,128,1,1,16,0.000,0.000,,,,,NVIDIA A100-SXM4-40GB MIG 4g.20gb (0),1,,13,cupy_copy__complex64_complex64
4790535615,18112,123461,1434,1,1,128,1,1,16,0.000,0.000,,,,,NVIDIA A100-SXM4-40GB MIG 4g.20gb (0),1,,13,cupy_copy__complex64_complex64
4790603455,5760,123468,103,1,1,128,1,1,16,0.000,0.000,,,,,NVIDIA A100-SXM4-40GB MIG 4g.20gb (0),1,,13,cupy_copy__complex64_complex64
4790670142,265725,123475,1,1,1,32,32,1,30,0.000,0.000,,,,,NVIDIA A100-SXM4-40GB MIG 4g.20gb (0),1,,13,"void convert_kernel<__half2, float2>(tensor_layout_any, T1 *, tensor_layout_any, const T2 *)"
4790965722,7232,123478,,,,,,,,,,0.094,12955.721,Pinned,Device,NVIDIA A100-SXM4-40GB MIG 4g.20gb (0),1,,13,[CUDA memcpy Host-to-Device]
4791024794,56319,123479,,,,,,,,,,35.810,635805.130,Device,,NVIDIA A100-SXM4-40GB MIG 4g.20gb (0),1,,13,[CUDA memset]
4791085465,1984,123481,,,,,,,,,,0.000,40.323,Pinned,Device,NVIDIA A100-SXM4-40GB MIG 4g.20gb (0),1,,13,[CUDA memcpy Host-to-Device]
4791089913,10656,123482,,,,,,,,,,0.197,18450.285,Pinned,Device,NVIDIA A100-SXM4-40GB MIG 4g.20gb (0),1,,13,[CUDA memcpy Host-to-Device]
4791174520,18496,123483,273,1,1,48,1,1,40,0.000,0.001,,,,,NVIDIA A100-SXM4-40GB MIG 4g.20gb (0),1,,13,"void pusch_noise_intf_est::noiseIntfEstNoDftSOfdmKernel<float, __half, float, float, (unsigned int)2, (unsigned int)1, (unsigned char)4, (unsigned char)4>(pusch_noise_intf_est::puschRxNoiseIntfEstDynDescr)"
4791248983,6080,123494,35,1,1,128,1,1,16,0.000,0.000,,,,,NVIDIA A100-SXM4-40GB MIG 4g.20gb (0),1,,13,cupy_copy__complex64_complex64
4791309558,3744,123503,1,1,1,1,1,1,18,0.000,0.000,,,,,NVIDIA A100-SXM4-40GB MIG 4g.20gb (0),1,,13,cupy_copy__float32_float32
4791315478,1664,123509,,,,,,,,,,0.000,2.404,Device,Pageable,NVIDIA A100-SXM4-40GB MIG 4g.20gb (0),1,,7,[CUDA memcpy Device-to-Host]
4791454517,14496,123520,1434,1,1,128,1,1,16,0.000,0.000,,,,,NVIDIA A100-SXM4-40GB MIG 4g.20gb (0),1,,13,cupy_copy__complex64_complex64
4791525460,7072,123527,103,1,1,128,1,1,16,0.000,0.000,,,,,NVIDIA A100-SXM4-40GB MIG 4g.20gb (0),1,,13,cupy_copy__complex64_complex64
4791562804,11487,123534,35,1,1,128,1,1,16,0.000,0.000,,,,,NVIDIA A100-SXM4-40GB MIG 4g.20gb (0),1,,13,cupy_copy__complex64_complex64
4791622163,3456,123541,1,1,1,1,1,1,18,0.000,0.000,,,,,NVIDIA A100-SXM4-40GB MIG 4g.20gb (0),1,,13,cupy_copy__float32_float32
4791680722,261501,123552,1,1,1,32,32,1,30,0.000,0.000,,,,,NVIDIA A100-SXM4-40GB MIG 4g.20gb (0),1,,13,"void convert_kernel<__half2, float2>(tensor_layout_any, T1 *, tensor_layout_any, const T2 *)"
4791974255,7520,123555,,,,,,,,,,0.094,12459.507,Pinned,Device,NVIDIA A100-SXM4-40GB MIG 4g.20gb (0),1,,13,[CUDA memcpy Host-to-Device]
4792043310,6112,123556,,,,,,,,,,1.547,253046.246,Device,,NVIDIA A100-SXM4-40GB MIG 4g.20gb (0),1,,13,[CUDA memset]
4792053006,3072,123561,,,,,,,,,,0.031,10187.474,Pinned,Device,NVIDIA A100-SXM4-40GB MIG 4g.20gb (0),1,,13,[CUDA memcpy Host-to-Device]
4792059150,10048,123562,,,,,,,,,,0.197,19566.821,Pinned,Device,NVIDIA A100-SXM4-40GB MIG 4g.20gb (0),1,,13,[CUDA memcpy Host-to-Device]
4792129325,11744,123563,273,1,1,8,4,1,39,0.002,0.000,,,,,NVIDIA A100-SXM4-40GB MIG 4g.20gb (0),1,,13,"void channel_eq::eqMmseCoefCompLowMimoKernel<float, float, float, (unsigned int)4, (unsigned int)1, (unsigned int)4>(const channel_eq::_puschRxChEqStatDescr *, channel_eq::_puschRxChEqCoefCompDynDescr)"
4792210636,13152,123564,273,1,1,12,11,1,51,0.002,0.000,,,,,NVIDIA A100-SXM4-40GB MIG 4g.20gb (0),1,,13,"void channel_eq::eqMmseSoftDemapKernel<float, __half, __half, float, (unsigned int)4, (unsigned short)16383>(channel_eq::_puschRxChEqStatDescr *, channel_eq::_puschRxChEqSoftDemapDynDescr)"
4792291787,616121,123565,1,1,1,32,32,1,30,0.000,0.000,,,,,NVIDIA A100-SXM4-40GB MIG 4g.20gb (0),1,,13,"void convert_kernel<float2, __half2>(tensor_layout_any, T1 *, tensor_layout_any, const T2 *)"
4792950724,16767,123577,2253,1,1,128,1,1,16,0.000,0.000,,,,,NVIDIA A100-SXM4-40GB MIG 4g.20gb (0),1,,13,cupy_copy__float16_float16
4793048354,6144,123586,282,1,1,128,1,1,16,0.000,0.000,,,,,NVIDIA A100-SXM4-40GB MIG 4g.20gb (0),1,,13,cupy_copy__complex64_complex64
4793110850,4512,123595,26,1,1,128,1,1,16,0.000,0.000,,,,,NVIDIA A100-SXM4-40GB MIG 4g.20gb (0),1,,13,cupy_copy__float32_float32
4793171137,10752,123604,103,1,1,128,1,1,16,0.000,0.000,,,,,NVIDIA A100-SXM4-40GB MIG 4g.20gb (0),1,,13,cupy_copy__complex64_complex64
4793209345,18751,123614,1434,1,1,128,1,1,16,0.000,0.000,,,,,NVIDIA A100-SXM4-40GB MIG 4g.20gb (0),1,,13,cupy_copy__complex64_complex64
4793282240,260797,123619,1,1,1,32,32,1,30,0.000,0.000,,,,,NVIDIA A100-SXM4-40GB MIG 4g.20gb (0),1,,13,"void convert_kernel<__half2, float2>(tensor_layout_any, T1 *, tensor_layout_any, const T2 *)"
4793572380,6112,123622,,,,,,,,,,0.094,15329.790,Pinned,Device,NVIDIA A100-SXM4-40GB MIG 4g.20gb (0),1,,13,[CUDA memcpy Host-to-Device]
4793635324,627576,123623,,,,,,,,,,456.561,727302.374,Device,,NVIDIA A100-SXM4-40GB MIG 4g.20gb (0),1,,13,[CUDA memset]
4794267316,57248,123628,,,,,,,,,,1.235,21570.767,Pinned,Device,NVIDIA A100-SXM4-40GB MIG 4g.20gb (0),1,,13,[CUDA memcpy Host-to-Device]
4794327028,11680,123629,,,,,,,,,,0.197,16832.791,Pinned,Device,NVIDIA A100-SXM4-40GB MIG 4g.20gb (0),1,,13,[CUDA memcpy Host-to-Device]
4794372883,25152,123630,69,4,1,48,1,1,76,0.002,0.000,,,,,NVIDIA A100-SXM4-40GB MIG 4g.20gb (0),1,,13,"void ch_est::windowedChEstPreNoDftSOfdmKernel<float, __half, float, (unsigned int)2, (unsigned int)1, (unsigned short)4>(ch_est::puschRxChEstStatDescr_t *, ch_est::puschRxChEstDynDescr_t *)"
4794440466,9504,123631,137,2,1,24,2,1,44,0.001,0.001,,,,,NVIDIA A100-SXM4-40GB MIG 4g.20gb (0),1,,13,"void ch_est::chEstFilterNoDftSOfdmDispatchKernel<float, __half, float, (unsigned int)2>(ch_est::puschRxChEstStatDescr_t *, ch_est::puschRxChEstDynDescr_t *)"
4794518417,10304,123632,137,2,1,24,2,1,44,0.001,0.001,,,,,NVIDIA A100-SXM4-40GB MIG 4g.20gb (0),1,,13,"void ch_est::chEstFilterNoDftSOfdmDispatchKernel<float, __half, float, (unsigned int)2>(ch_est::puschRxChEstStatDescr_t *, ch_est::puschRxChEstDynDescr_t *)"
4794585137,7392,123643,103,1,1,128,1,1,16,0.000,0.000,,,,,NVIDIA A100-SXM4-40GB MIG 4g.20gb (0),1,,13,cupy_copy__complex64_complex64
4794622768,17888,123653,1434,1,1,128,1,1,16,0.000,0.000,,,,,NVIDIA A100-SXM4-40GB MIG 4g.20gb (0),1,,13,cupy_copy__complex64_complex64
4794690959,4512,123660,103,1,1,128,1,1,16,0.000,0.000,,,,,NVIDIA A100-SXM4-40GB MIG 4g.20gb (0),1,,13,cupy_copy__complex64_complex64
4794759439,254045,123667,1,1,1,32,32,1,30,0.000,0.000,,,,,NVIDIA A100-SXM4-40GB MIG 4g.20gb (0),1,,13,"void convert_kernel<__half2, float2>(tensor_layout_any, T1 *, tensor_layout_any, const T2 *)"
4795042187,6336,123670,,,,,,,,,,0.094,14787.852,Pinned,Device,NVIDIA A100-SXM4-40GB MIG 4g.20gb (0),1,,13,[CUDA memcpy Host-to-Device]
4795107115,56767,123671,,,,,,,,,,35.810,630791.741,Device,,NVIDIA A100-SXM4-40GB MIG 4g.20gb (0),1,,13,[CUDA memset]
4795165962,2272,123673,,,,,,,,,,0.000,35.211,Pinned,Device,NVIDIA A100-SXM4-40GB MIG 4g.20gb (0),1,,13,[CUDA memcpy Host-to-Device]
4795170890,11488,123674,,,,,,,,,,0.197,17114.137,Pinned,Device,NVIDIA A100-SXM4-40GB MIG 4g.20gb (0),1,,13,[CUDA memcpy Host-to-Device]
4795250953,19584,123675,273,1,1,48,1,1,40,0.000,0.001,,,,,NVIDIA A100-SXM4-40GB MIG 4g.20gb (0),1,,13,"void pusch_noise_intf_est::noiseIntfEstNoDftSOfdmKernel<float, __half, float, float, (unsigned int)2, (unsigned int)1, (unsigned char)4, (unsigned char)4>(pusch_noise_intf_est::puschRxNoiseIntfEstDynDescr)"
4795330184,5888,123686,35,1,1,128,1,1,16,0.000,0.000,,,,,NVIDIA A100-SXM4-40GB MIG 4g.20gb (0),1,,13,cupy_copy__complex64_complex64
4795393735,3168,123695,1,1,1,1,1,1,18,0.000,0.000,,,,,NVIDIA A100-SXM4-40GB MIG 4g.20gb (0),1,,13,cupy_copy__float32_float32
4795400871,1824,123701,,,,,,,,,,0.000,2.193,Device,Pageable,NVIDIA A100-SXM4-40GB MIG 4g.20gb (0),1,,7,[CUDA memcpy Device-to-Host]
4795522534,16928,123712,1434,1,1,128,1,1,16,0.000,0.000,,,,,NVIDIA A100-SXM4-40GB MIG 4g.20gb (0),1,,13,cupy_copy__complex64_complex64
4795566181,8736,123719,103,1,1,128,1,1,16,0.000,0.000,,,,,NVIDIA A100-SXM4-40GB MIG 4g.20gb (0),1,,13,cupy_copy__complex64_complex64
4795632421,5984,123726,35,1,1,128,1,1,16,0.000,0.000,,,,,NVIDIA A100-SXM4-40GB MIG 4g.20gb (0),1,,13,cupy_copy__complex64_complex64
4795698884,3424,123733,1,1,1,1,1,1,18,0.000,0.000,,,,,NVIDIA A100-SXM4-40GB MIG 4g.20gb (0),1,,13,cupy_copy__float32_float32
4795727588,258173,123744,1,1,1,32,32,1,30,0.000,0.000,,,,,NVIDIA A100-SXM4-40GB MIG 4g.20gb (0),1,,13,"void convert_kernel<__half2, float2>(tensor_layout_any, T1 *, tensor_layout_any, const T2 *)"
4796017728,6496,123747,,,,,,,,,,0.094,14423.562,Pinned,Device,NVIDIA A100-SXM4-40GB MIG 4g.20gb (0),1,,13,[CUDA memcpy Host-to-Device]
4796076351,9920,123748,,,,,,,,,,1.547,155908.979,Device,,NVIDIA A100-SXM4-40GB MIG 4g.20gb (0),1,,13,[CUDA memset]
4796088095,4832,123753,,,,,,,,,,0.031,6476.801,Pinned,Device,NVIDIA A100-SXM4-40GB MIG 4g.20gb (0),1,,13,[CUDA memcpy Host-to-Device]
4796096671,9536,123754,,,,,,,,,,0.197,20617.298,Pinned,Device,NVIDIA A100-SXM4-40GB MIG 4g.20gb (0),1,,13,[CUDA memcpy Host-to-Device]
4796160959,29407,123755,273,1,1,8,4,1,39,0.002,0.000,,,,,NVIDIA A100-SXM4-40GB MIG 4g.20gb (0),1,,13,"void channel_eq::eqMmseCoefCompLowMimoKernel<float, float, float, (unsigned int)4, (unsigned int)1, (unsigned int)4>(const channel_eq::_puschRxChEqStatDescr *, channel_eq::_puschRxChEqCoefCompDynDescr)"
4796237694,26527,123756,273,1,1,12,11,1,51,0.002,0.000,,,,,NVIDIA A100-SXM4-40GB MIG 4g.20gb (0),1,,13,"void channel_eq::eqMmseSoftDemapKernel<float, __half, __half, float, (unsigned int)4, (unsigned short)16383>(channel_eq::_puschRxChEqStatDescr *, channel_eq::_puschRxChEqSoftDemapDynDescr)"
4796302621,587833,123757,1,1,1,32,32,1,30,0.000,0.000,,,,,NVIDIA A100-SXM4-40GB MIG 4g.20gb (0),1,,13,"void convert_kernel<float2, __half2>(tensor_layout_any, T1 *, tensor_layout_any, const T2 *)"
4796942389,13504,123769,2253,1,1,128,1,1,16,0.000,0.000,,,,,NVIDIA A100-SXM4-40GB MIG 4g.20gb (0),1,,13,cupy_copy__float16_float16
4797022037,4896,123778,282,1,1,128,1,1,16,0.000,0.000,,,,,NVIDIA A100-SXM4-40GB MIG 4g.20gb (0),1,,13,cupy_copy__complex64_complex64
4797081428,6464,123787,26,1,1,128,1,1,16,0.000,0.000,,,,,NVIDIA A100-SXM4-40GB MIG 4g.20gb (0),1,,13,cupy_copy__float32_float32
4797122771,9664,123796,103,1,1,128,1,1,16,0.000,0.000,,,,,NVIDIA A100-SXM4-40GB MIG 4g.20gb (0),1,,13,cupy_copy__complex64_complex64
4797240530,14880,123806,1434,1,1,128,1,1,16,0.000,0.000,,,,,NVIDIA A100-SXM4-40GB MIG 4g.20gb (0),1,,13,cupy_copy__complex64_complex64
4797328977,257789,123811,1,1,1,32,32,1,30,0.000,0.000,,,,,NVIDIA A100-SXM4-40GB MIG 4g.20gb (0),1,,13,"void convert_kernel<__half2, float2>(tensor_layout_any, T1 *, tensor_layout_any, const T2 *)"
4797617358,5792,123814,,,,,,,,,,0.094,16176.708,Pinned,Device,NVIDIA A100-SXM4-40GB MIG 4g.20gb (0),1,,13,[CUDA memcpy Host-to-Device]
4797675789,630873,123815,,,,,,,,,,456.561,723649.882,Device,,NVIDIA A100-SXM4-40GB MIG 4g.20gb (0),1,,13,[CUDA memset]
4798308774,58527,123820,,,,,,,,,,1.235,21100.253,Pinned,Device,NVIDIA A100-SXM4-40GB MIG 4g.20gb (0),1,,13,[CUDA memcpy Host-to-Device]
4798370309,11776,123821,,,,,,,,,,0.197,16695.558,Pinned,Device,NVIDIA A100-SXM4-40GB MIG 4g.20gb (0),1,,13,[CUDA memcpy Host-to-Device]
4798434212,27584,123822,69,4,1,48,1,1,76,0.002,0.000,,,,,NVIDIA A100-SXM4-40GB MIG 4g.20gb (0),1,,13,"void ch_est::windowedChEstPreNoDftSOfdmKernel<float, __half, float, (unsigned int)2, (unsigned int)1, (unsigned short)4>(ch_est::puschRxChEstStatDescr_t *, ch_est::puschRxChEstDynDescr_t *)"
4798497092,9855,123823,137,2,1,24,2,1,44,0.001,0.001,,,,,NVIDIA A100-SXM4-40GB MIG 4g.20gb (0),1,,13,"void ch_est::chEstFilterNoDftSOfdmDispatchKernel<float, __half, float, (unsigned int)2>(ch_est::puschRxChEstStatDescr_t *, ch_est::puschRxChEstDynDescr_t *)"
4798572003,11904,123824,137,2,1,24,2,1,44,0.001,0.001,,,,,NVIDIA A100-SXM4-40GB MIG 4g.20gb (0),1,,13,"void ch_est::chEstFilterNoDftSOfdmDispatchKernel<float, __half, float, (unsigned int)2>(ch_est::puschRxChEstStatDescr_t *, ch_est::puschRxChEstDynDescr_t *)"
4798650690,4832,123835,103,1,1,128,1,1,16,0.000,0.000,,,,,NVIDIA A100-SXM4-40GB MIG 4g.20gb (0),1,,13,cupy_copy__complex64_complex64
4798678049,18144,123845,1434,1,1,128,1,1,16,0.000,0.000,,,,,NVIDIA A100-SXM4-40GB MIG 4g.20gb (0),1,,13,cupy_copy__complex64_complex64
4798746849,4672,123852,103,1,1,128,1,1,16,0.000,0.000,,,,,NVIDIA A100-SXM4-40GB MIG 4g.20gb (0),1,,13,cupy_copy__complex64_complex64
4798810080,254749,123859,1,1,1,32,32,1,30,0.000,0.000,,,,,NVIDIA A100-SXM4-40GB MIG 4g.20gb (0),1,,13,"void convert_kernel<__half2, float2>(tensor_layout_any, T1 *, tensor_layout_any, const T2 *)"
4799095485,5504,123862,,,,,,,,,,0.094,17023.251,Pinned,Device,NVIDIA A100-SXM4-40GB MIG 4g.20gb (0),1,,13,[CUDA memcpy Host-to-Device]
4799156732,60383,123863,,,,,,,,,,35.810,593012.275,Device,,NVIDIA A100-SXM4-40GB MIG 4g.20gb (0),1,,13,[CUDA memset]
4799219899,1824,123865,,,,,,,,,,0.000,43.860,Pinned,Device,NVIDIA A100-SXM4-40GB MIG 4g.20gb (0),1,,13,[CUDA memcpy Host-to-Device]
4799224187,9632,123866,,,,,,,,,,0.197,20411.843,Pinned,Device,NVIDIA A100-SXM4-40GB MIG 4g.20gb (0),1,,13,[CUDA memcpy Host-to-Device]
4799301594,14880,123867,273,1,1,48,1,1,40,0.000,0.001,,,,,NVIDIA A100-SXM4-40GB MIG 4g.20gb (0),1,,13,"void pusch_noise_intf_est::noiseIntfEstNoDftSOfdmKernel<float, __half, float, float, (unsigned int)2, (unsigned int)1, (unsigned char)4, (unsigned char)4>(pusch_noise_intf_est::puschRxNoiseIntfEstDynDescr)"
4799372345,10432,123878,35,1,1,128,1,1,16,0.000,0.000,,,,,NVIDIA A100-SXM4-40GB MIG 4g.20gb (0),1,,13,cupy_copy__complex64_complex64
4799409337,3968,123887,1,1,1,1,1,1,18,0.000,0.000,,,,,NVIDIA A100-SXM4-40GB MIG 4g.20gb (0),1,,13,cupy_copy__float32_float32
4799421049,1600,123893,,,,,,,,,,0.000,2.500,Device,Pageable,NVIDIA A100-SXM4-40GB MIG 4g.20gb (0),1,,7,[CUDA memcpy Device-to-Host]
4799533304,15711,123904,1434,1,1,128,1,1,16,0.000,0.000,,,,,NVIDIA A100-SXM4-40GB MIG 4g.20gb (0),1,,13,cupy_copy__complex64_complex64
4799616951,4864,123911,103,1,1,128,1,1,16,0.000,0.000,,,,,NVIDIA A100-SXM4-40GB MIG 4g.20gb (0),1,,13,cupy_copy__complex64_complex64
4799676022,9408,123918,35,1,1,128,1,1,16,0.000,0.000,,,,,NVIDIA A100-SXM4-40GB MIG 4g.20gb (0),1,,13,cupy_copy__complex64_complex64
4799713654,4479,123925,1,1,1,1,1,1,18,0.000,0.000,,,,,NVIDIA A100-SXM4-40GB MIG 4g.20gb (0),1,,13,cupy_copy__float32_float32
4799770101,267357,123936,1,1,1,32,32,1,30,0.000,0.000,,,,,NVIDIA A100-SXM4-40GB MIG 4g.20gb (0),1,,13,"void convert_kernel<__half2, float2>(tensor_layout_any, T1 *, tensor_layout_any, const T2 *)"
4800075889,7680,123939,,,,,,,,,,0.094,12199.969,Pinned,Device,NVIDIA A100-SXM4-40GB MIG 4g.20gb (0),1,,13,[CUDA memcpy Host-to-Device]
4800136945,5472,123940,,,,,,,,,,1.547,282642.443,Device,,NVIDIA A100-SXM4-40GB MIG 4g.20gb (0),1,,13,[CUDA memset]
4800144913,3103,123945,,,,,,,,,,0.031,10085.699,Pinned,Device,NVIDIA A100-SXM4-40GB MIG 4g.20gb (0),1,,13,[CUDA memcpy Host-to-Device]
4800150992,10848,123946,,,,,,,,,,0.197,18123.719,Pinned,Device,NVIDIA A100-SXM4-40GB MIG 4g.20gb (0),1,,13,[CUDA memcpy Host-to-Device]
4800219248,17503,123947,273,1,1,8,4,1,39,0.002,0.000,,,,,NVIDIA A100-SXM4-40GB MIG 4g.20gb (0),1,,13,"void channel_eq::eqMmseCoefCompLowMimoKernel<float, float, float, (unsigned int)4, (unsigned int)1, (unsigned int)4>(const channel_eq::_puschRxChEqStatDescr *, channel_eq::_puschRxChEqCoefCompDynDescr)"
4800304623,13408,123948,273,1,1,12,11,1,51,0.002,0.000,,,,,NVIDIA A100-SXM4-40GB MIG 4g.20gb (0),1,,13,"void channel_eq::eqMmseSoftDemapKernel<float, __half, __half, float, (unsigned int)4, (unsigned short)16383>(channel_eq::_puschRxChEqStatDescr *, channel_eq::_puschRxChEqSoftDemapDynDescr)"
4800376302,623385,123949,1,1,1,32,32,1,30,0.000,0.000,,,,,NVIDIA A100-SXM4-40GB MIG 4g.20gb (0),1,,13,"void convert_kernel<float2, __half2>(tensor_layout_any, T1 *, tensor_layout_any, const T2 *)"
4801040934,18176,123961,2253,1,1,128,1,1,16,0.000,0.000,,,,,NVIDIA A100-SXM4-40GB MIG 4g.20gb (0),1,,13,cupy_copy__float16_float16
4801109797,5536,123970,282,1,1,128,1,1,16,0.000,0.000,,,,,NVIDIA A100-SXM4-40GB MIG 4g.20gb (0),1,,13,cupy_copy__complex64_complex64
4801176613,4832,123979,26,1,1,128,1,1,16,0.000,0.000,,,,,NVIDIA A100-SXM4-40GB MIG 4g.20gb (0),1,,13,cupy_copy__float32_float32
4801237476,11072,123988,103,1,1,128,1,1,16,0.000,0.000,,,,,NVIDIA A100-SXM4-40GB MIG 4g.20gb (0),1,,13,cupy_copy__complex64_complex64
4801274915,19680,123998,1434,1,1,128,1,1,16,0.000,0.000,,,,,NVIDIA A100-SXM4-40GB MIG 4g.20gb (0),1,,13,cupy_copy__complex64_complex64
4801345027,249661,124003,1,1,1,32,32,1,30,0.000,0.000,,,,,NVIDIA A100-SXM4-40GB MIG 4g.20gb (0),1,,13,"void convert_kernel<__half2, float2>(tensor_layout_any, T1 *, tensor_layout_any, const T2 *)"
4801625983,5504,124006,,,,,,,,,,0.094,17023.251,Pinned,Device,NVIDIA A100-SXM4-40GB MIG 4g.20gb (0),1,,13,[CUDA memcpy Host-to-Device]
4801685151,629592,124007,,,,,,,,,,456.561,725019.567,Device,,NVIDIA A100-SXM4-40GB MIG 4g.20gb (0),1,,13,[CUDA memset]
4802318263,58048,124012,,,,,,,,,,1.235,21274.380,Pinned,Device,NVIDIA A100-SXM4-40GB MIG 4g.20gb (0),1,,13,[CUDA memcpy Host-to-Device]
4802379511,12096,124013,,,,,,,,,,0.197,16253.780,Pinned,Device,NVIDIA A100-SXM4-40GB MIG 4g.20gb (0),1,,13,[CUDA memcpy Host-to-Device]
4802444246,27296,124014,69,4,1,48,1,1,76,0.002,0.000,,,,,NVIDIA A100-SXM4-40GB MIG 4g.20gb (0),1,,13,"void ch_est::windowedChEstPreNoDftSOfdmKernel<float, __half, float, (unsigned int)2, (unsigned int)1, (unsigned short)4>(ch_est::puschRxChEstStatDescr_t *, ch_est::puschRxChEstDynDescr_t *)"
4802508117,9600,124015,137,2,1,24,2,1,44,0.001,0.001,,,,,NVIDIA A100-SXM4-40GB MIG 4g.20gb (0),1,,13,"void ch_est::chEstFilterNoDftSOfdmDispatchKernel<float, __half, float, (unsigned int)2>(ch_est::puschRxChEstStatDescr_t *, ch_est::puschRxChEstDynDescr_t *)"
4802583220,8160,124016,137,2,1,24,2,1,44,0.001,0.001,,,,,NVIDIA A100-SXM4-40GB MIG 4g.20gb (0),1,,13,"void ch_est::chEstFilterNoDftSOfdmDispatchKernel<float, __half, float, (unsigned int)2>(ch_est::puschRxChEstStatDescr_t *, ch_est::puschRxChEstDynDescr_t *)"
4802645716,6880,124027,103,1,1,128,1,1,16,0.000,0.000,,,,,NVIDIA A100-SXM4-40GB MIG 4g.20gb (0),1,,13,cupy_copy__complex64_complex64
4802688723,16992,124037,1434,1,1,128,1,1,16,0.000,0.000,,,,,NVIDIA A100-SXM4-40GB MIG 4g.20gb (0),1,,13,cupy_copy__complex64_complex64
4802758674,5184,124044,103,1,1,128,1,1,16,0.000,0.000,,,,,NVIDIA A100-SXM4-40GB MIG 4g.20gb (0),1,,13,cupy_copy__complex64_complex64
4802824690,260381,124051,1,1,1,32,32,1,30,0.000,0.000,,,,,NVIDIA A100-SXM4-40GB MIG 4g.20gb (0),1,,13,"void convert_kernel<__half2, float2>(tensor_layout_any, T1 *, tensor_layout_any, const T2 *)"
4803115086,6944,124054,,,,,,,,,,0.094,13493.067,Pinned,Device,NVIDIA A100-SXM4-40GB MIG 4g.20gb (0),1,,13,[CUDA memcpy Host-to-Device]
4803181069,55488,124055,,,,,,,,,,35.810,645330.568,Device,,NVIDIA A100-SXM4-40GB MIG 4g.20gb (0),1,,13,[CUDA memset]
4803242253,3168,124057,,,,,,,,,,0.000,25.252,Pinned,Device,NVIDIA A100-SXM4-40GB MIG 4g.20gb (0),1,,13,[CUDA memcpy Host-to-Device]
4803247949,11200,124058,,,,,,,,,,0.197,17554.145,Pinned,Device,NVIDIA A100-SXM4-40GB MIG 4g.20gb (0),1,,13,[CUDA memcpy Host-to-Device]
4803331852,19648,124059,273,1,1,48,1,1,40,0.000,0.001,,,,,NVIDIA A100-SXM4-40GB MIG 4g.20gb (0),1,,13,"void pusch_noise_intf_est::noiseIntfEstNoDftSOfdmKernel<float, __half, float, float, (unsigned int)2, (unsigned int)1, (unsigned char)4, (unsigned char)4>(pusch_noise_intf_est::puschRxNoiseIntfEstDynDescr)"
4803406251,5248,124070,35,1,1,128,1,1,16,0.000,0.000,,,,,NVIDIA A100-SXM4-40GB MIG 4g.20gb (0),1,,13,cupy_copy__complex64_complex64
4803472234,3552,124079,1,1,1,1,1,1,18,0.000,0.000,,,,,NVIDIA A100-SXM4-40GB MIG 4g.20gb (0),1,,13,cupy_copy__float32_float32
4803476842,1600,124085,,,,,,,,,,0.000,2.500,Device,Pageable,NVIDIA A100-SXM4-40GB MIG 4g.20gb (0),1,,7,[CUDA memcpy Device-to-Host]
4803567305,17952,124096,1434,1,1,128,1,1,16,0.000,0.000,,,,,NVIDIA A100-SXM4-40GB MIG 4g.20gb (0),1,,13,cupy_copy__complex64_complex64
4803635944,4864,124103,103,1,1,128,1,1,16,0.000,0.000,,,,,NVIDIA A100-SXM4-40GB MIG 4g.20gb (0),1,,13,cupy_copy__complex64_complex64
4803709639,5504,124110,35,1,1,128,1,1,16,0.000,0.000,,,,,NVIDIA A100-SXM4-40GB MIG 4g.20gb (0),1,,13,cupy_copy__complex64_complex64
4803749991,3872,124117,1,1,1,1,1,1,18,0.000,0.000,,,,,NVIDIA A100-SXM4-40GB MIG 4g.20gb (0),1,,13,cupy_copy__float32_float32
4803770887,220029,124128,1,1,1,32,32,1,30,0.000,0.000,,,,,NVIDIA A100-SXM4-40GB MIG 4g.20gb (0),1,,13,"void convert_kernel<__half2, float2>(tensor_layout_any, T1 *, tensor_layout_any, const T2 *)"
4804021348,5536,124131,,,,,,,,,,0.094,16924.777,Pinned,Device,NVIDIA A100-SXM4-40GB MIG 4g.20gb (0),1,,13,[CUDA memcpy Host-to-Device]
4804064483,4832,124132,,,,,,,,,,1.547,320078.477,Device,,NVIDIA A100-SXM4-40GB MIG 4g.20gb (0),1,,13,[CUDA memset]
4804072611,3040,124137,,,,,,,,,,0.031,10294.725,Pinned,Device,NVIDIA A100-SXM4-40GB MIG 4g.20gb (0),1,,13,[CUDA memcpy Host-to-Device]
4804078211,9888,124138,,,,,,,,,,0.197,19883.360,Pinned,Device,NVIDIA A100-SXM4-40GB MIG 4g.20gb (0),1,,13,[CUDA memcpy Host-to-Device]
4804113251,20096,124139,273,1,1,8,4,1,39,0.002,0.000,,,,,NVIDIA A100-SXM4-40GB MIG 4g.20gb (0),1,,13,"void channel_eq::eqMmseCoefCompLowMimoKernel<float, float, float, (unsigned int)4, (unsigned int)1, (unsigned int)4>(const channel_eq::_puschRxChEqStatDescr *, channel_eq::_puschRxChEqCoefCompDynDescr)"
4804170434,12704,124140,273,1,1,12,11,1,51,0.002,0.000,,,,,NVIDIA A100-SXM4-40GB MIG 4g.20gb (0),1,,13,"void channel_eq::eqMmseSoftDemapKernel<float, __half, __half, float, (unsigned int)4, (unsigned short)16383>(channel_eq::_puschRxChEqStatDescr *, channel_eq::_puschRxChEqSoftDemapDynDescr)"
4804213602,360379,124141,1,1,1,32,32,1,30,0.000,0.000,,,,,NVIDIA A100-SXM4-40GB MIG 4g.20gb (0),1,,13,"void convert_kernel<float2, __half2>(tensor_layout_any, T1 *, tensor_layout_any, const T2 *)"
4804605213,13440,124153,2253,1,1,128,1,1,16,0.000,0.000,,,,,NVIDIA A100-SXM4-40GB MIG 4g.20gb (0),1,,13,cupy_copy__float16_float16
4804652381,9279,124162,282,1,1,128,1,1,16,0.000,0.000,,,,,NVIDIA A100-SXM4-40GB MIG 4g.20gb (0),1,,13,cupy_copy__complex64_complex64
4804671708,3104,124171,26,1,1,128,1,1,16,0.000,0.000,,,,,NVIDIA A100-SXM4-40GB MIG 4g.20gb (0),1,,13,cupy_copy__float32_float32
4804711036,5376,124180,103,1,1,128,1,1,16,0.000,0.000,,,,,NVIDIA A100-SXM4-40GB MIG 4g.20gb (0),1,,13,cupy_copy__complex64_complex64
4804752795,15872,124190,1434,1,1,128,1,1,16,0.000,0.000,,,,,NVIDIA A100-SXM4-40GB MIG 4g.20gb (0),1,,13,cupy_copy__complex64_complex64
4804780091,134654,124195,1,1,1,32,32,1,30,0.000,0.000,,,,,NVIDIA A100-SXM4-40GB MIG 4g.20gb (0),1,,13,"void convert_kernel<__half2, float2>(tensor_layout_any, T1 *, tensor_layout_any, const T2 *)"
4804943865,5440,124198,,,,,,,,,,0.094,17223.480,Pinned,Device,NVIDIA A100-SXM4-40GB MIG 4g.20gb (0),1,,13,[CUDA memcpy Host-to-Device]
4804974521,612601,124199,,,,,,,,,,456.561,745108.270,Device,,NVIDIA A100-SXM4-40GB MIG 4g.20gb (0),1,,13,[CUDA memset]
4805592306,60287,124204,,,,,,,,,,1.235,20484.016,Pinned,Device,NVIDIA A100-SXM4-40GB MIG 4g.20gb (0),1,,13,[CUDA memcpy Host-to-Device]
4805659057,11520,124205,,,,,,,,,,0.197,17066.557,Pinned,Device,NVIDIA A100-SXM4-40GB MIG 4g.20gb (0),1,,13,[CUDA memcpy Host-to-Device]
4805760880,14400,124206,69,4,1,48,1,1,76,0.002,0.000,,,,,NVIDIA A100-SXM4-40GB MIG 4g.20gb (0),1,,13,"void ch_est::windowedChEstPreNoDftSOfdmKernel<float, __half, float, (unsigned int)2, (unsigned int)1, (unsigned short)4>(ch_est::puschRxChEstStatDescr_t *, ch_est::puschRxChEstDynDescr_t *)"
4805899214,10784,124207,137,2,1,24,2,1,44,0.001,0.001,,,,,NVIDIA A100-SXM4-40GB MIG 4g.20gb (0),1,,13,"void ch_est::chEstFilterNoDftSOfdmDispatchKernel<float, __half, float, (unsigned int)2>(ch_est::puschRxChEstStatDescr_t *, ch_est::puschRxChEstDynDescr_t *)"
4806005837,8608,124208,137,2,1,24,2,1,44,0.001,0.001,,,,,NVIDIA A100-SXM4-40GB MIG 4g.20gb (0),1,,13,"void ch_est::chEstFilterNoDftSOfdmDispatchKernel<float, __half, float, (unsigned int)2>(ch_est::puschRxChEstStatDescr_t *, ch_est::puschRxChEstDynDescr_t *)"
4806098508,10496,124219,103,1,1,128,1,1,16,0.000,0.000,,,,,NVIDIA A100-SXM4-40GB MIG 4g.20gb (0),1,,13,cupy_copy__complex64_complex64
4806172331,23072,124229,1434,1,1,128,1,1,16,0.000,0.000,,,,,NVIDIA A100-SXM4-40GB MIG 4g.20gb (0),1,,13,cupy_copy__complex64_complex64
4806244810,5088,124236,103,1,1,128,1,1,16,0.000,0.000,,,,,NVIDIA A100-SXM4-40GB MIG 4g.20gb (0),1,,13,cupy_copy__complex64_complex64
4806348841,241309,124243,1,1,1,32,32,1,30,0.000,0.000,,,,,NVIDIA A100-SXM4-40GB MIG 4g.20gb (0),1,,13,"void convert_kernel<__half2, float2>(tensor_layout_any, T1 *, tensor_layout_any, const T2 *)"
4806618534,6336,124246,,,,,,,,,,0.094,14787.852,Pinned,Device,NVIDIA A100-SXM4-40GB MIG 4g.20gb (0),1,,13,[CUDA memcpy Host-to-Device]
4806693189,62335,124247,,,,,,,,,,35.810,574462.737,Device,,NVIDIA A100-SXM4-40GB MIG 4g.20gb (0),1,,13,[CUDA memset]
4806758692,1824,124249,,,,,,,,,,0.000,43.860,Pinned,Device,NVIDIA A100-SXM4-40GB MIG 4g.20gb (0),1,,13,[CUDA memcpy Host-to-Device]
4806764196,9568,124250,,,,,,,,,,0.197,20548.485,Pinned,Device,NVIDIA A100-SXM4-40GB MIG 4g.20gb (0),1,,13,[CUDA memcpy Host-to-Device]
4806866275,34304,124251,273,1,1,48,1,1,40,0.000,0.001,,,,,NVIDIA A100-SXM4-40GB MIG 4g.20gb (0),1,,13,"void pusch_noise_intf_est::noiseIntfEstNoDftSOfdmKernel<float, __half, float, float, (unsigned int)2, (unsigned int)1, (unsigned char)4, (unsigned char)4>(pusch_noise_intf_est::puschRxNoiseIntfEstDynDescr)"
4806937698,5824,124262,35,1,1,128,1,1,16,0.000,0.000,,,,,NVIDIA A100-SXM4-40GB MIG 4g.20gb (0),1,,13,cupy_copy__complex64_complex64
4807023425,4384,124271,1,1,1,1,1,1,18,0.000,0.000,,,,,NVIDIA A100-SXM4-40GB MIG 4g.20gb (0),1,,13,cupy_copy__float32_float32
4807031905,1664,124277,,,,,,,,,,0.000,2.404,Device,Pageable,NVIDIA A100-SXM4-40GB MIG 4g.20gb (0),1,,7,[CUDA memcpy Device-to-Host]
4807154272,15295,124288,1434,1,1,128,1,1,16,0.000,0.000,,,,,NVIDIA A100-SXM4-40GB MIG 4g.20gb (0),1,,13,cupy_copy__complex64_complex64
4807277790,4960,124295,103,1,1,128,1,1,16,0.000,0.000,,,,,NVIDIA A100-SXM4-40GB MIG 4g.20gb (0),1,,13,cupy_copy__complex64_complex64
4807319966,14976,124302,35,1,1,128,1,1,16,0.000,0.000,,,,,NVIDIA A100-SXM4-40GB MIG 4g.20gb (0),1,,13,cupy_copy__complex64_complex64
4807378237,3008,124309,1,1,1,1,1,1,18,0.000,0.000,,,,,NVIDIA A100-SXM4-40GB MIG 4g.20gb (0),1,,13,cupy_copy__float32_float32
4807382877,235613,124320,1,1,1,32,32,1,30,0.000,0.000,,,,,NVIDIA A100-SXM4-40GB MIG 4g.20gb (0),1,,13,"void convert_kernel<__half2, float2>(tensor_layout_any, T1 *, tensor_layout_any, const T2 *)"
4807647322,5504,124323,,,,,,,,,,0.094,17023.251,Pinned,Device,NVIDIA A100-SXM4-40GB MIG 4g.20gb (0),1,,13,[CUDA memcpy Host-to-Device]
4807730521,8416,124324,,,,,,,,,,1.547,183771.410,Device,,NVIDIA A100-SXM4-40GB MIG 4g.20gb (0),1,,13,[CUDA memset]
4807740185,3072,124329,,,,,,,,,,0.031,10187.474,Pinned,Device,NVIDIA A100-SXM4-40GB MIG 4g.20gb (0),1,,13,[CUDA memcpy Host-to-Device]
4807745817,10016,124330,,,,,,,,,,0.197,19629.343,Pinned,Device,NVIDIA A100-SXM4-40GB MIG 4g.20gb (0),1,,13,[CUDA memcpy Host-to-Device]
4807850328,21151,124331,273,1,1,8,4,1,39,0.002,0.000,,,,,NVIDIA A100-SXM4-40GB MIG 4g.20gb (0),1,,13,"void channel_eq::eqMmseCoefCompLowMimoKernel<float, float, float, (unsigned int)4, (unsigned int)1, (unsigned int)4>(const channel_eq::_puschRxChEqStatDescr *, channel_eq::_puschRxChEqCoefCompDynDescr)"
4807911479,12960,124332,273,1,1,12,11,1,51,0.002,0.000,,,,,NVIDIA A100-SXM4-40GB MIG 4g.20gb (0),1,,13,"void channel_eq::eqMmseSoftDemapKernel<float, __half, __half, float, (unsigned int)4, (unsigned short)16383>(channel_eq::_puschRxChEqStatDescr *, channel_eq::_puschRxChEqSoftDemapDynDescr)"
4808017206,614297,124333,1,1,1,32,32,1,30,0.000,0.000,,,,,NVIDIA A100-SXM4-40GB MIG 4g.20gb (0),1,,13,"void convert_kernel<float2, __half2>(tensor_layout_any, T1 *, tensor_layout_any, const T2 *)"
4808700302,18400,124345,2253,1,1,128,1,1,16,0.000,0.000,,,,,NVIDIA A100-SXM4-40GB MIG 4g.20gb (0),1,,13,cupy_copy__float16_float16
4808769581,4800,124354,282,1,1,128,1,1,16,0.000,0.000,,,,,NVIDIA A100-SXM4-40GB MIG 4g.20gb (0),1,,13,cupy_copy__complex64_complex64
4808869164,4032,124363,26,1,1,128,1,1,16,0.000,0.000,,,,,NVIDIA A100-SXM4-40GB MIG 4g.20gb (0),1,,13,cupy_copy__float32_float32
4808914411,4832,124372,103,1,1,128,1,1,16,0.000,0.000,,,,,NVIDIA A100-SXM4-40GB MIG 4g.20gb (0),1,,13,cupy_copy__complex64_complex64
4809004362,16928,124382,1434,1,1,128,1,1,16,0.000,0.000,,,,,NVIDIA A100-SXM4-40GB MIG 4g.20gb (0),1,,13,cupy_copy__complex64_complex64
4809074249,246462,124387,1,1,1,32,32,1,30,0.000,0.000,,,,,NVIDIA A100-SXM4-40GB MIG 4g.20gb (0),1,,13,"void convert_kernel<__half2, float2>(tensor_layout_any, T1 *, tensor_layout_any, const T2 *)"
4809352006,5504,124390,,,,,,,,,,0.094,17023.251,Pinned,Device,NVIDIA A100-SXM4-40GB MIG 4g.20gb (0),1,,13,[CUDA memcpy Host-to-Device]
4809408902,645016,124391,,,,,,,,,,456.561,707670.232,Device,,NVIDIA A100-SXM4-40GB MIG 4g.20gb (0),1,,13,[CUDA memset]
4810054654,54048,124396,,,,,,,,,,1.235,22848.934,Pinned,Device,NVIDIA A100-SXM4-40GB MIG 4g.20gb (0),1,,13,[CUDA memcpy Host-to-Device]
4810111230,10463,124397,,,,,,,,,,0.197,18790.613,Pinned,Device,NVIDIA A100-SXM4-40GB MIG 4g.20gb (0),1,,13,[CUDA memcpy Host-to-Device]
4810133117,13024,124398,69,4,1,48,1,1,76,0.002,0.000,,,,,NVIDIA A100-SXM4-40GB MIG 4g.20gb (0),1,,13,"void ch_est::windowedChEstPreNoDftSOfdmKernel<float, __half, float, (unsigned int)2, (unsigned int)1, (unsigned short)4>(ch_est::puschRxChEstStatDescr_t *, ch_est::puschRxChEstDynDescr_t *)"
4810198141,9887,124399,137,2,1,24,2,1,44,0.001,0.001,,,,,NVIDIA A100-SXM4-40GB MIG 4g.20gb (0),1,,13,"void ch_est::chEstFilterNoDftSOfdmDispatchKernel<float, __half, float, (unsigned int)2>(ch_est::puschRxChEstStatDescr_t *, ch_est::puschRxChEstDynDescr_t *)"
4810210044,6336,124400,137,2,1,24,2,1,44,0.001,0.001,,,,,NVIDIA A100-SXM4-40GB MIG 4g.20gb (0),1,,13,"void ch_est::chEstFilterNoDftSOfdmDispatchKernel<float, __half, float, (unsigned int)2>(ch_est::puschRxChEstStatDescr_t *, ch_est::puschRxChEstDynDescr_t *)"
4810251292,3936,124411,103,1,1,128,1,1,16,0.000,0.000,,,,,NVIDIA A100-SXM4-40GB MIG 4g.20gb (0),1,,13,cupy_copy__complex64_complex64
4810273724,15807,124421,1434,1,1,128,1,1,16,0.000,0.000,,,,,NVIDIA A100-SXM4-40GB MIG 4g.20gb (0),1,,13,cupy_copy__complex64_complex64
4810320955,6112,124428,103,1,1,128,1,1,16,0.000,0.000,,,,,NVIDIA A100-SXM4-40GB MIG 4g.20gb (0),1,,13,cupy_copy__complex64_complex64
4810341467,160702,124435,1,1,1,32,32,1,30,0.000,0.000,,,,,NVIDIA A100-SXM4-40GB MIG 4g.20gb (0),1,,13,"void convert_kernel<__half2, float2>(tensor_layout_any, T1 *, tensor_layout_any, const T2 *)"
4810660183,5440,124438,,,,,,,,,,0.094,17223.480,Pinned,Device,NVIDIA A100-SXM4-40GB MIG 4g.20gb (0),1,,13,[CUDA memcpy Host-to-Device]
4810689559,56319,124439,,,,,,,,,,35.810,635805.130,Device,,NVIDIA A100-SXM4-40GB MIG 4g.20gb (0),1,,13,[CUDA memset]
4810749462,2880,124441,,,,,,,,,,0.000,27.778,Pinned,Device,NVIDIA A100-SXM4-40GB MIG 4g.20gb (0),1,,13,[CUDA memcpy Host-to-Device]
4810758774,10464,124442,,,,,,,,,,0.197,18788.844,Pinned,Device,NVIDIA A100-SXM4-40GB MIG 4g.20gb (0),1,,13,[CUDA memcpy Host-to-Device]
4810797206,19295,124443,273,1,1,48,1,1,40,0.000,0.001,,,,,NVIDIA A100-SXM4-40GB MIG 4g.20gb (0),1,,13,"void pusch_noise_intf_est::noiseIntfEstNoDftSOfdmKernel<float, __half, float, float, (unsigned int)2, (unsigned int)1, (unsigned char)4, (unsigned char)4>(pusch_noise_intf_est::puschRxNoiseIntfEstDynDescr)"
4810918996,3360,124454,35,1,1,128,1,1,16,0.000,0.000,,,,,NVIDIA A100-SXM4-40GB MIG 4g.20gb (0),1,,13,cupy_copy__complex64_complex64
4810956596,5568,124463,1,1,1,1,1,1,18,0.000,0.000,,,,,NVIDIA A100-SXM4-40GB MIG 4g.20gb (0),1,,13,cupy_copy__float32_float32
4810968244,1600,124469,,,,,,,,,,0.000,2.500,Device,Pageable,NVIDIA A100-SXM4-40GB MIG 4g.20gb (0),1,,7,[CUDA memcpy Device-to-Host]
4811072754,20000,124480,1434,1,1,128,1,1,16,0.000,0.000,,,,,NVIDIA A100-SXM4-40GB MIG 4g.20gb (0),1,,13,cupy_copy__complex64_complex64
4811112210,6112,124487,103,1,1,128,1,1,16,0.000,0.000,,,,,NVIDIA A100-SXM4-40GB MIG 4g.20gb (0),1,,13,cupy_copy__complex64_complex64
4811177233,5952,124494,35,1,1,128,1,1,16,0.000,0.000,,,,,NVIDIA A100-SXM4-40GB MIG 4g.20gb (0),1,,13,cupy_copy__complex64_complex64
4811224817,3488,124501,1,1,1,1,1,1,18,0.000,0.000,,,,,NVIDIA A100-SXM4-40GB MIG 4g.20gb (0),1,,13,cupy_copy__float32_float32
4811257904,261309,124512,1,1,1,32,32,1,30,0.000,0.000,,,,,NVIDIA A100-SXM4-40GB MIG 4g.20gb (0),1,,13,"void convert_kernel<__half2, float2>(tensor_layout_any, T1 *, tensor_layout_any, const T2 *)"
4811551437,9568,124515,,,,,,,,,,0.094,9792.637,Pinned,Device,NVIDIA A100-SXM4-40GB MIG 4g.20gb (0),1,,13,[CUDA memcpy Host-to-Device]
4811611980,6048,124516,,,,,,,,,,1.547,255723.452,Device,,NVIDIA A100-SXM4-40GB MIG 4g.20gb (0),1,,13,[CUDA memset]
4811623788,3232,124521,,,,,,,,,,0.031,9683.139,Pinned,Device,NVIDIA A100-SXM4-40GB MIG 4g.20gb (0),1,,13,[CUDA memcpy Host-to-Device]
4811629516,10304,124522,,,,,,,,,,0.197,19080.610,Pinned,Device,NVIDIA A100-SXM4-40GB MIG 4g.20gb (0),1,,13,[CUDA memcpy Host-to-Device]
4811710955,12064,124523,273,1,1,8,4,1,39,0.002,0.000,,,,,NVIDIA A100-SXM4-40GB MIG 4g.20gb (0),1,,13,"void channel_eq::eqMmseCoefCompLowMimoKernel<float, float, float, (unsigned int)4, (unsigned int)1, (unsigned int)4>(const channel_eq::_puschRxChEqStatDescr *, channel_eq::_puschRxChEqCoefCompDynDescr)"
4811779242,11744,124524,273,1,1,12,11,1,51,0.002,0.000,,,,,NVIDIA A100-SXM4-40GB MIG 4g.20gb (0),1,,13,"void channel_eq::eqMmseSoftDemapKernel<float, __half, __half, float, (unsigned int)4, (unsigned short)16383>(channel_eq::_puschRxChEqStatDescr *, channel_eq::_puschRxChEqSoftDemapDynDescr)"
4811853129,662169,124525,1,1,1,32,32,1,30,0.000,0.000,,,,,NVIDIA A100-SXM4-40GB MIG 4g.20gb (0),1,,13,"void convert_kernel<float2, __half2>(tensor_layout_any, T1 *, tensor_layout_any, const T2 *)"
4812525826,13823,124537,2253,1,1,128,1,1,16,0.000,0.000,,,,,NVIDIA A100-SXM4-40GB MIG 4g.20gb (0),1,,13,cupy_copy__float16_float16
4812616353,6880,124546,282,1,1,128,1,1,16,0.000,0.000,,,,,NVIDIA A100-SXM4-40GB MIG 4g.20gb (0),1,,13,cupy_copy__complex64_complex64
4812635328,4608,124555,26,1,1,128,1,1,16,0.000,0.000,,,,,NVIDIA A100-SXM4-40GB MIG 4g.20gb (0),1,,13,cupy_copy__float32_float32
4812693632,12288,124564,103,1,1,128,1,1,16,0.000,0.000,,,,,NVIDIA A100-SXM4-40GB MIG 4g.20gb (0),1,,13,cupy_copy__complex64_complex64
4812759327,19104,124574,1434,1,1,128,1,1,16,0.000,0.000,,,,,NVIDIA A100-SXM4-40GB MIG 4g.20gb (0),1,,13,cupy_copy__complex64_complex64
4812823838,259005,124579,1,1,1,32,32,1,30,0.000,0.000,,,,,NVIDIA A100-SXM4-40GB MIG 4g.20gb (0),1,,13,"void convert_kernel<__half2, float2>(tensor_layout_any, T1 *, tensor_layout_any, const T2 *)"
4813112795,6592,124582,,,,,,,,,,0.094,14213.590,Pinned,Device,NVIDIA A100-SXM4-40GB MIG 4g.20gb (0),1,,13,[CUDA memcpy Host-to-Device]
4813167098,622713,124583,,,,,,,,,,456.561,732781.111,Device,,NVIDIA A100-SXM4-40GB MIG 4g.20gb (0),1,,13,[CUDA memset]
4813795795,65567,124588,,,,,,,,,,1.235,18834.131,Pinned,Device,NVIDIA A100-SXM4-40GB MIG 4g.20gb (0),1,,13,[CUDA memcpy Host-to-Device]
4813867218,14336,124589,,,,,,,,,,0.197,13714.194,Pinned,Device,NVIDIA A100-SXM4-40GB MIG 4g.20gb (0),1,,13,[CUDA memcpy Host-to-Device]
4813918994,13695,124590,69,4,1,48,1,1,76,0.002,0.000,,,,,NVIDIA A100-SXM4-40GB MIG 4g.20gb (0),1,,13,"void ch_est::windowedChEstPreNoDftSOfdmKernel<float, __half, float, (unsigned int)2, (unsigned int)1, (unsigned short)4>(ch_est::puschRxChEstStatDescr_t *, ch_est::puschRxChEstDynDescr_t *)"
4814005585,9631,124591,137,2,1,24,2,1,44,0.001,0.001,,,,,NVIDIA A100-SXM4-40GB MIG 4g.20gb (0),1,,13,"void ch_est::chEstFilterNoDftSOfdmDispatchKernel<float, __half, float, (unsigned int)2>(ch_est::puschRxChEstStatDescr_t *, ch_est::puschRxChEstDynDescr_t *)"
4814077616,11840,124592,137,2,1,24,2,1,44,0.001,0.001,,,,,NVIDIA A100-SXM4-40GB MIG 4g.20gb (0),1,,13,"void ch_est::chEstFilterNoDftSOfdmDispatchKernel<float, __half, float, (unsigned int)2>(ch_est::puschRxChEstStatDescr_t *, ch_est::puschRxChEstDynDescr_t *)"
4814147439,6112,124603,103,1,1,128,1,1,16,0.000,0.000,,,,,NVIDIA A100-SXM4-40GB MIG 4g.20gb (0),1,,13,cupy_copy__complex64_complex64
4814207214,19680,124613,1434,1,1,128,1,1,16,0.000,0.000,,,,,NVIDIA A100-SXM4-40GB MIG 4g.20gb (0),1,,13,cupy_copy__complex64_complex64
4814276333,8192,124620,103,1,1,128,1,1,16,0.000,0.000,,,,,NVIDIA A100-SXM4-40GB MIG 4g.20gb (0),1,,13,cupy_copy__complex64_complex64
4814314413,262525,124627,1,1,1,32,32,1,30,0.000,0.000,,,,,NVIDIA A100-SXM4-40GB MIG 4g.20gb (0),1,,13,"void convert_kernel<__half2, float2>(tensor_layout_any, T1 *, tensor_layout_any, const T2 *)"
4814619817,9248,124630,,,,,,,,,,0.094,10131.442,Pinned,Device,NVIDIA A100-SXM4-40GB MIG 4g.20gb (0),1,,13,[CUDA memcpy Host-to-Device]
4814679497,57791,124631,,,,,,,,,,35.810,619619.046,Device,,NVIDIA A100-SXM4-40GB MIG 4g.20gb (0),1,,13,[CUDA memset]
4814741960,8384,124633,,,,,,,,,,0.000,9.542,Pinned,Device,NVIDIA A100-SXM4-40GB MIG 4g.20gb (0),1,,13,[CUDA memcpy Host-to-Device]
4814753480,10720,124634,,,,,,,,,,0.197,18340.184,Pinned,Device,NVIDIA A100-SXM4-40GB MIG 4g.20gb (0),1,,13,[CUDA memcpy Host-to-Device]
4814849415,14944,124635,273,1,1,48,1,1,40,0.000,0.001,,,,,NVIDIA A100-SXM4-40GB MIG 4g.20gb (0),1,,13,"void pusch_noise_intf_est::noiseIntfEstNoDftSOfdmKernel<float, __half, float, float, (unsigned int)2, (unsigned int)1, (unsigned char)4, (unsigned char)4>(pusch_noise_intf_est::puschRxNoiseIntfEstDynDescr)"
4814933350,6432,124646,35,1,1,128,1,1,16,0.000,0.000,,,,,NVIDIA A100-SXM4-40GB MIG 4g.20gb (0),1,,13,cupy_copy__complex64_complex64
4814954086,3296,124655,1,1,1,1,1,1,18,0.000,0.000,,,,,NVIDIA A100-SXM4-40GB MIG 4g.20gb (0),1,,13,cupy_copy__float32_float32
4814968965,1632,124661,,,,,,,,,,0.000,2.451,Device,Pageable,NVIDIA A100-SXM4-40GB MIG 4g.20gb (0),1,,7,[CUDA memcpy Device-to-Host]
4815088996,16000,124672,1434,1,1,128,1,1,16,0.000,0.000,,,,,NVIDIA A100-SXM4-40GB MIG 4g.20gb (0),1,,13,cupy_copy__complex64_complex64
4815168291,4288,124679,103,1,1,128,1,1,16,0.000,0.000,,,,,NVIDIA A100-SXM4-40GB MIG 4g.20gb (0),1,,13,cupy_copy__complex64_complex64
4815207395,6560,124686,35,1,1,128,1,1,16,0.000,0.000,,,,,NVIDIA A100-SXM4-40GB MIG 4g.20gb (0),1,,13,cupy_copy__complex64_complex64
4815279682,3328,124693,1,1,1,1,1,1,18,0.000,0.000,,,,,NVIDIA A100-SXM4-40GB MIG 4g.20gb (0),1,,13,cupy_copy__float32_float32
4815294242,260989,124704,1,1,1,32,32,1,30,0.000,0.000,,,,,NVIDIA A100-SXM4-40GB MIG 4g.20gb (0),1,,13,"void convert_kernel<__half2, float2>(tensor_layout_any, T1 *, tensor_layout_any, const T2 *)"
4815596254,7776,124707,,,,,,,,,,0.094,12049.306,Pinned,Device,NVIDIA A100-SXM4-40GB MIG 4g.20gb (0),1,,13,[CUDA memcpy Host-to-Device]
4815626174,5056,124708,,,,,,,,,,1.547,305897.481,Device,,NVIDIA A100-SXM4-40GB MIG 4g.20gb (0),1,,13,[CUDA memset]
4815636606,3296,124713,,,,,,,,,,0.031,9495.144,Pinned,Device,NVIDIA A100-SXM4-40GB MIG 4g.20gb (0),1,,13,[CUDA memcpy Host-to-Device]
4815646238,13983,124714,,,,,,,,,,0.197,14060.421,Pinned,Device,NVIDIA A100-SXM4-40GB MIG 4g.20gb (0),1,,13,[CUDA memcpy Host-to-Device]
4815702109,20768,124715,273,1,1,8,4,1,39,0.002,0.000,,,,,NVIDIA A100-SXM4-40GB MIG 4g.20gb (0),1,,13,"void channel_eq::eqMmseCoefCompLowMimoKernel<float, float, float, (unsigned int)4, (unsigned int)1, (unsigned int)4>(const channel_eq::_puschRxChEqStatDescr *, channel_eq::_puschRxChEqCoefCompDynDescr)"
4815779420,13920,124716,273,1,1,12,11,1,51,0.002,0.000,,,,,NVIDIA A100-SXM4-40GB MIG 4g.20gb (0),1,,13,"void channel_eq::eqMmseSoftDemapKernel<float, __half, __half, float, (unsigned int)4, (unsigned short)16383>(channel_eq::_puschRxChEqStatDescr *, channel_eq::_puschRxChEqSoftDemapDynDescr)"
4815864475,595033,124717,1,1,1,32,32,1,30,0.000,0.000,,,,,NVIDIA A100-SXM4-40GB MIG 4g.20gb (0),1,,13,"void convert_kernel<float2, __half2>(tensor_layout_any, T1 *, tensor_layout_any, const T2 *)"
4816503572,13408,124729,2253,1,1,128,1,1,16,0.000,0.000,,,,,NVIDIA A100-SXM4-40GB MIG 4g.20gb (0),1,,13,cupy_copy__float16_float16
4816585107,8960,124738,282,1,1,128,1,1,16,0.000,0.000,,,,,NVIDIA A100-SXM4-40GB MIG 4g.20gb (0),1,,13,cupy_copy__complex64_complex64
4816635570,8160,124747,26,1,1,128,1,1,16,0.000,0.000,,,,,NVIDIA A100-SXM4-40GB MIG 4g.20gb (0),1,,13,cupy_copy__float32_float32
4816671346,9280,124756,103,1,1,128,1,1,16,0.000,0.000,,,,,NVIDIA A100-SXM4-40GB MIG 4g.20gb (0),1,,13,cupy_copy__complex64_complex64
4816724817,20096,124766,1434,1,1,128,1,1,16,0.000,0.000,,,,,NVIDIA A100-SXM4-40GB MIG 4g.20gb (0),1,,13,cupy_copy__complex64_complex64
4816794576,261789,124771,1,1,1,32,32,1,30,0.000,0.000,,,,,NVIDIA A100-SXM4-40GB MIG 4g.20gb (0),1,,13,"void convert_kernel<__half2, float2>(tensor_layout_any, T1 *, tensor_layout_any, const T2 *)"
4817087533,10912,124774,,,,,,,,,,0.094,8586.489,Pinned,Device,NVIDIA A100-SXM4-40GB MIG 4g.20gb (0),1,,13,[CUDA memcpy Host-to-Device]
4817115405,620025,124775,,,,,,,,,,456.561,735977.041,Device,,NVIDIA A100-SXM4-40GB MIG 4g.20gb (0),1,,13,[CUDA memset]
4817741445,66176,124780,,,,,,,,,,1.235,18661.239,Pinned,Device,NVIDIA A100-SXM4-40GB MIG 4g.20gb (0),1,,13,[CUDA memcpy Host-to-Device]
4817818725,13951,124781,,,,,,,,,,0.197,14092.665,Pinned,Device,NVIDIA A100-SXM4-40GB MIG 4g.20gb (0),1,,13,[CUDA memcpy Host-to-Device]
4817861540,11488,124782,69,4,1,48,1,1,76,0.002,0.000,,,,,NVIDIA A100-SXM4-40GB MIG 4g.20gb (0),1,,13,"void ch_est::windowedChEstPreNoDftSOfdmKernel<float, __half, float, (unsigned int)2, (unsigned int)1, (unsigned short)4>(ch_est::puschRxChEstStatDescr_t *, ch_est::puschRxChEstDynDescr_t *)"
4817934691,11104,124783,137,2,1,24,2,1,44,0.001,0.001,,,,,NVIDIA A100-SXM4-40GB MIG 4g.20gb (0),1,,13,"void ch_est::chEstFilterNoDftSOfdmDispatchKernel<float, __half, float, (unsigned int)2>(ch_est::puschRxChEstStatDescr_t *, ch_est::puschRxChEstDynDescr_t *)"
4818011010,11456,124784,137,2,1,24,2,1,44,0.001,0.001,,,,,NVIDIA A100-SXM4-40GB MIG 4g.20gb (0),1,,13,"void ch_est::chEstFilterNoDftSOfdmDispatchKernel<float, __half, float, (unsigned int)2>(ch_est::puschRxChEstStatDescr_t *, ch_est::puschRxChEstDynDescr_t *)"
4818074242,5600,124795,103,1,1,128,1,1,16,0.000,0.000,,,,,NVIDIA A100-SXM4-40GB MIG 4g.20gb (0),1,,13,cupy_copy__complex64_complex64
4818092417,19552,124805,1434,1,1,128,1,1,16,0.000,0.000,,,,,NVIDIA A100-SXM4-40GB MIG 4g.20gb (0),1,,13,cupy_copy__complex64_complex64
4818173984,7168,124812,103,1,1,128,1,1,16,0.000,0.000,,,,,NVIDIA A100-SXM4-40GB MIG 4g.20gb (0),1,,13,cupy_copy__complex64_complex64
4818232608,232701,124819,1,1,1,32,32,1,30,0.000,0.000,,,,,NVIDIA A100-SXM4-40GB MIG 4g.20gb (0),1,,13,"void convert_kernel<__half2, float2>(tensor_layout_any, T1 *, tensor_layout_any, const T2 *)"
4818498493,6560,124822,,,,,,,,,,0.094,14282.925,Pinned,Device,NVIDIA A100-SXM4-40GB MIG 4g.20gb (0),1,,13,[CUDA memcpy Host-to-Device]
4818551068,55583,124823,,,,,,,,,,35.810,644256.271,Device,,NVIDIA A100-SXM4-40GB MIG 4g.20gb (0),1,,13,[CUDA memset]
4818612667,2304,124825,,,,,,,,,,0.000,34.722,Pinned,Device,NVIDIA A100-SXM4-40GB MIG 4g.20gb (0),1,,13,[CUDA memcpy Host-to-Device]
4818617435,10240,124826,,,,,,,,,,0.197,19199.951,Pinned,Device,NVIDIA A100-SXM4-40GB MIG 4g.20gb (0),1,,13,[CUDA memcpy Host-to-Device]
4818703898,15040,124827,273,1,1,48,1,1,40,0.000,0.001,,,,,NVIDIA A100-SXM4-40GB MIG 4g.20gb (0),1,,13,"void pusch_noise_intf_est::noiseIntfEstNoDftSOfdmKernel<float, __half, float, float, (unsigned int)2, (unsigned int)1, (unsigned char)4, (unsigned char)4>(pusch_noise_intf_est::puschRxNoiseIntfEstDynDescr)"
4818794233,5504,124838,35,1,1,128,1,1,16,0.000,0.000,,,,,NVIDIA A100-SXM4-40GB MIG 4g.20gb (0),1,,13,cupy_copy__complex64_complex64
4818855385,3520,124847,1,1,1,1,1,1,18,0.000,0.000,,,,,NVIDIA A100-SXM4-40GB MIG 4g.20gb (0),1,,13,cupy_copy__float32_float32
4818865560,2304,124853,,,,,,,,,,0.000,1.736,Device,Pageable,NVIDIA A100-SXM4-40GB MIG 4g.20gb (0),1,,7,[CUDA memcpy Device-to-Host]
4818965271,18560,124864,1434,1,1,128,1,1,16,0.000,0.000,,,,,NVIDIA A100-SXM4-40GB MIG 4g.20gb (0),1,,13,cupy_copy__complex64_complex64
4819025911,7808,124871,103,1,1,128,1,1,16,0.000,0.000,,,,,NVIDIA A100-SXM4-40GB MIG 4g.20gb (0),1,,13,cupy_copy__complex64_complex64
4819062838,6240,124878,35,1,1,128,1,1,16,0.000,0.000,,,,,NVIDIA A100-SXM4-40GB MIG 4g.20gb (0),1,,13,cupy_copy__complex64_complex64
4819071606,2176,124885,1,1,1,1,1,1,18,0.000,0.000,,,,,NVIDIA A100-SXM4-40GB MIG 4g.20gb (0),1,,13,cupy_copy__float32_float32
4819148213,252477,124896,1,1,1,32,32,1,30,0.000,0.000,,,,,NVIDIA A100-SXM4-40GB MIG 4g.20gb (0),1,,13,"void convert_kernel<__half2, float2>(tensor_layout_any, T1 *, tensor_layout_any, const T2 *)"
4819431122,6080,124899,,,,,,,,,,0.094,15410.462,Pinned,Device,NVIDIA A100-SXM4-40GB MIG 4g.20gb (0),1,,13,[CUDA memcpy Host-to-Device]
4819471377,10784,124900,,,,,,,,,,1.547,143416.897,Device,,NVIDIA A100-SXM4-40GB MIG 4g.20gb (0),1,,13,[CUDA memset]
4819484049,4128,124905,,,,,,,,,,0.031,7581.393,Pinned,Device,NVIDIA A100-SXM4-40GB MIG 4g.20gb (0),1,,13,[CUDA memcpy Host-to-Device]
4819490705,12704,124906,,,,,,,,,,0.197,15475.999,Pinned,Device,NVIDIA A100-SXM4-40GB MIG 4g.20gb (0),1,,13,[CUDA memcpy Host-to-Device]
4819540401,14528,124907,273,1,1,8,4,1,39,0.002,0.000,,,,,NVIDIA A100-SXM4-40GB MIG 4g.20gb (0),1,,13,"void channel_eq::eqMmseCoefCompLowMimoKernel<float, float, float, (unsigned int)4, (unsigned int)1, (unsigned int)4>(const channel_eq::_puschRxChEqStatDescr *, channel_eq::_puschRxChEqCoefCompDynDescr)"
4819602032,14912,124908,273,1,1,12,11,1,51,0.002,0.000,,,,,NVIDIA A100-SXM4-40GB MIG 4g.20gb (0),1,,13,"void channel_eq::eqMmseSoftDemapKernel<float, __half, __half, float, (unsigned int)4, (unsigned short)16383>(channel_eq::_puschRxChEqStatDescr *, channel_eq::_puschRxChEqSoftDemapDynDescr)"
4819668015,646521,124909,1,1,1,32,32,1,30,0.000,0.000,,,,,NVIDIA A100-SXM4-40GB MIG 4g.20gb (0),1,,13,"void convert_kernel<float2, __half2>(tensor_layout_any, T1 *, tensor_layout_any, const T2 *)"
4820325096,13247,124921,2253,1,1,128,1,1,16,0.000,0.000,,,,,NVIDIA A100-SXM4-40GB MIG 4g.20gb (0),1,,13,cupy_copy__float16_float16
4820389095,5344,124930,282,1,1,128,1,1,16,0.000,0.000,,,,,NVIDIA A100-SXM4-40GB MIG 4g.20gb (0),1,,13,cupy_copy__complex64_complex64
4820453446,5760,124939,26,1,1,128,1,1,16,0.000,0.000,,,,,NVIDIA A100-SXM4-40GB MIG 4g.20gb (0),1,,13,cupy_copy__float32_float32
4820583173,7712,124948,103,1,1,128,1,1,16,0.000,0.000,,,,,NVIDIA A100-SXM4-40GB MIG 4g.20gb (0),1,,13,cupy_copy__complex64_complex64
4820638788,20256,124958,1434,1,1,128,1,1,16,0.000,0.000,,,,,NVIDIA A100-SXM4-40GB MIG 4g.20gb (0),1,,13,cupy_copy__complex64_complex64
4820701763,246493,124963,1,1,1,32,32,1,30,0.000,0.000,,,,,NVIDIA A100-SXM4-40GB MIG 4g.20gb (0),1,,13,"void convert_kernel<__half2, float2>(tensor_layout_any, T1 *, tensor_layout_any, const T2 *)"
4820978528,6400,124966,,,,,,,,,,0.094,14640.000,Pinned,Device,NVIDIA A100-SXM4-40GB MIG 4g.20gb (0),1,,13,[CUDA memcpy Host-to-Device]
4821062559,620601,124967,,,,,,,,,,456.561,735520.480,Device,,NVIDIA A100-SXM4-40GB MIG 4g.20gb (0),1,,13,[CUDA memset]
4821689720,60223,124972,,,,,,,,,,1.235,20505.010,Pinned,Device,NVIDIA A100-SXM4-40GB MIG 4g.20gb (0),1,,13,[CUDA memcpy Host-to-Device]
4821752599,12928,124973,,,,,,,,,,0.197,15207.825,Pinned,Device,NVIDIA A100-SXM4-40GB MIG 4g.20gb (0),1,,13,[CUDA memcpy Host-to-Device]
4821853782,12704,124974,69,4,1,48,1,1,76,0.002,0.000,,,,,NVIDIA A100-SXM4-40GB MIG 4g.20gb (0),1,,13,"void ch_est::windowedChEstPreNoDftSOfdmKernel<float, __half, float, (unsigned int)2, (unsigned int)1, (unsigned short)4>(ch_est::puschRxChEstStatDescr_t *, ch_est::puschRxChEstDynDescr_t *)"
4821916469,9696,124975,137,2,1,24,2,1,44,0.001,0.001,,,,,NVIDIA A100-SXM4-40GB MIG 4g.20gb (0),1,,13,"void ch_est::chEstFilterNoDftSOfdmDispatchKernel<float, __half, float, (unsigned int)2>(ch_est::puschRxChEstStatDescr_t *, ch_est::puschRxChEstDynDescr_t *)"
4822013556,10144,124976,137,2,1,24,2,1,44,0.001,0.001,,,,,NVIDIA A100-SXM4-40GB MIG 4g.20gb (0),1,,13,"void ch_est::chEstFilterNoDftSOfdmDispatchKernel<float, __half, float, (unsigned int)2>(ch_est::puschRxChEstStatDescr_t *, ch_est::puschRxChEstDynDescr_t *)"
4822104371,6272,124987,103,1,1,128,1,1,16,0.000,0.000,,,,,NVIDIA A100-SXM4-40GB MIG 4g.20gb (0),1,,13,cupy_copy__complex64_complex64
4822190450,15424,124997,1434,1,1,128,1,1,16,0.000,0.000,,,,,NVIDIA A100-SXM4-40GB MIG 4g.20gb (0),1,,13,cupy_copy__complex64_complex64
4822305393,4768,125004,103,1,1,128,1,1,16,0.000,0.000,,,,,NVIDIA A100-SXM4-40GB MIG 4g.20gb (0),1,,13,cupy_copy__complex64_complex64
4822367984,234173,125011,1,1,1,32,32,1,30,0.000,0.000,,,,,NVIDIA A100-SXM4-40GB MIG 4g.20gb (0),1,,13,"void convert_kernel<__half2, float2>(tensor_layout_any, T1 *, tensor_layout_any, const T2 *)"
4822630957,5920,125014,,,,,,,,,,0.094,15826.941,Pinned,Device,NVIDIA A100-SXM4-40GB MIG 4g.20gb (0),1,,13,[CUDA memcpy Host-to-Device]
4822714828,53567,125015,,,,,,,,,,35.810,668499.587,Device,,NVIDIA A100-SXM4-40GB MIG 4g.20gb (0),1,,13,[CUDA memset]
4822772395,3904,125017,,,,,,,,,,0.000,20.492,Pinned,Device,NVIDIA A100-SXM4-40GB MIG 4g.20gb (0),1,,13,[CUDA memcpy Host-to-Device]
4822779051,9568,125018,,,,,,,,,,0.197,20548.485,Pinned,Device,NVIDIA A100-SXM4-40GB MIG 4g.20gb (0),1,,13,[CUDA memcpy Host-to-Device]
4822891210,16224,125019,273,1,1,48,1,1,40,0.000,0.001,,,,,NVIDIA A100-SXM4-40GB MIG 4g.20gb (0),1,,13,"void pusch_noise_intf_est::noiseIntfEstNoDftSOfdmKernel<float, __half, float, float, (unsigned int)2, (unsigned int)1, (unsigned char)4, (unsigned char)4>(pusch_noise_intf_est::puschRxNoiseIntfEstDynDescr)"
4823018089,5472,125030,35,1,1,128,1,1,16,0.000,0.000,,,,,NVIDIA A100-SXM4-40GB MIG 4g.20gb (0),1,,13,cupy_copy__complex64_complex64
4823120999,3104,125039,1,1,1,1,1,1,18,0.000,0.000,,,,,NVIDIA A100-SXM4-40GB MIG 4g.20gb (0),1,,13,cupy_copy__float32_float32
4823125063,1824,125045,,,,,,,,,,0.000,2.193,Device,Pageable,NVIDIA A100-SXM4-40GB MIG 4g.20gb (0),1,,7,[CUDA memcpy Device-to-Host]
4823250182,15360,125056,1434,1,1,128,1,1,16,0.000,0.000,,,,,NVIDIA A100-SXM4-40GB MIG 4g.20gb (0),1,,13,cupy_copy__complex64_complex64
4823348389,4000,125063,103,1,1,128,1,1,16,0.000,0.000,,,,,NVIDIA A100-SXM4-40GB MIG 4g.20gb (0),1,,13,cupy_copy__complex64_complex64
4823407044,3680,125070,35,1,1,128,1,1,16,0.000,0.000,,,,,NVIDIA A100-SXM4-40GB MIG 4g.20gb (0),1,,13,cupy_copy__complex64_complex64
4823467427,3776,125077,1,1,1,1,1,1,18,0.000,0.000,,,,,NVIDIA A100-SXM4-40GB MIG 4g.20gb (0),1,,13,cupy_copy__float32_float32
4823554786,239806,125088,1,1,1,32,32,1,30,0.000,0.000,,,,,NVIDIA A100-SXM4-40GB MIG 4g.20gb (0),1,,13,"void convert_kernel<__half2, float2>(tensor_layout_any, T1 *, tensor_layout_any, const T2 *)"
4823828895,16000,125091,,,,,,,,,,0.094,5856.000,Pinned,Device,NVIDIA A100-SXM4-40GB MIG 4g.20gb (0),1,,13,[CUDA memcpy Host-to-Device]
4823930206,6784,125092,,,,,,,,,,1.547,227980.111,Device,,NVIDIA A100-SXM4-40GB MIG 4g.20gb (0),1,,13,[CUDA memset]
4823945278,3552,125097,,,,,,,,,,0.031,8810.794,Pinned,Device,NVIDIA A100-SXM4-40GB MIG 4g.20gb (0),1,,13,[CUDA memcpy Host-to-Device]
4823952766,9664,125098,,,,,,,,,,0.197,20344.209,Pinned,Device,NVIDIA A100-SXM4-40GB MIG 4g.20gb (0),1,,13,[CUDA memcpy Host-to-Device]
4824050493,24831,125099,273,1,1,8,4,1,39,0.002,0.000,,,,,NVIDIA A100-SXM4-40GB MIG 4g.20gb (0),1,,13,"void channel_eq::eqMmseCoefCompLowMimoKernel<float, float, float, (unsigned int)4, (unsigned int)1, (unsigned int)4>(const channel_eq::_puschRxChEqStatDescr *, channel_eq::_puschRxChEqCoefCompDynDescr)"
4824111292,8256,125100,273,1,1,12,11,1,51,0.002,0.000,,,,,NVIDIA A100-SXM4-40GB MIG 4g.20gb (0),1,,13,"void channel_eq::eqMmseSoftDemapKernel<float, __half, __half, float, (unsigned int)4, (unsigned short)16383>(channel_eq::_puschRxChEqStatDescr *, channel_eq::_puschRxChEqSoftDemapDynDescr)"
4824213307,560825,125101,1,1,1,32,32,1,30,0.000,0.000,,,,,NVIDIA A100-SXM4-40GB MIG 4g.20gb (0),1,,13,"void convert_kernel<float2, __half2>(tensor_layout_any, T1 *, tensor_layout_any, const T2 *)"
4824860883,14368,125113,2253,1,1,128,1,1,16,0.000,0.000,,,,,NVIDIA A100-SXM4-40GB MIG 4g.20gb (0),1,,13,cupy_copy__float16_float16
4824962610,6752,125122,282,1,1,128,1,1,16,0.000,0.000,,,,,NVIDIA A100-SXM4-40GB MIG 4g.20gb (0),1,,13,cupy_copy__complex64_complex64
4825053841,5344,125131,26,1,1,128,1,1,16,0.000,0.000,,,,,NVIDIA A100-SXM4-40GB MIG 4g.20gb (0),1,,13,cupy_copy__float32_float32
4825141456,6912,125140,103,1,1,128,1,1,16,0.000,0.000,,,,,NVIDIA A100-SXM4-40GB MIG 4g.20gb (0),1,,13,cupy_copy__complex64_complex64
4825260687,16127,125156,1434,1,1,128,1,1,16,0.000,0.000,,,,,NVIDIA A100-SXM4-40GB MIG 4g.20gb (0),1,,13,cupy_copy__complex64_complex64
4825375437,239262,125161,1,1,1,32,32,1,30,0.000,0.000,,,,,NVIDIA A100-SXM4-40GB MIG 4g.20gb (0),1,,13,"void convert_kernel<__half2, float2>(tensor_layout_any, T1 *, tensor_layout_any, const T2 *)"
4825647050,6304,125164,,,,,,,,,,0.094,14862.903,Pinned,Device,NVIDIA A100-SXM4-40GB MIG 4g.20gb (0),1,,13,[CUDA memcpy Host-to-Device]
4825752745,616697,125165,,,,,,,,,,456.561,740086.094,Device,,NVIDIA A100-SXM4-40GB MIG 4g.20gb (0),1,,13,[CUDA memset]
4826372290,65663,125170,,,,,,,,,,1.235,18806.962,Pinned,Device,NVIDIA A100-SXM4-40GB MIG 4g.20gb (0),1,,13,[CUDA memcpy Host-to-Device]
4826443969,17792,125171,,,,,,,,,,0.197,11050.353,Pinned,Device,NVIDIA A100-SXM4-40GB MIG 4g.20gb (0),1,,13,[CUDA memcpy Host-to-Device]
4826513120,9440,125172,69,4,1,48,1,1,76,0.002,0.000,,,,,NVIDIA A100-SXM4-40GB MIG 4g.20gb (0),1,,13,"void ch_est::windowedChEstPreNoDftSOfdmKernel<float, __half, float, (unsigned int)2, (unsigned int)1, (unsigned short)4>(ch_est::puschRxChEstStatDescr_t *, ch_est::puschRxChEstDynDescr_t *)"
4826621503,8896,125173,137,2,1,24,2,1,44,0.001,0.001,,,,,NVIDIA A100-SXM4-40GB MIG 4g.20gb (0),1,,13,"void ch_est::chEstFilterNoDftSOfdmDispatchKernel<float, __half, float, (unsigned int)2>(ch_est::puschRxChEstStatDescr_t *, ch_est::puschRxChEstDynDescr_t *)"
4826748318,9599,125174,137,2,1,24,2,1,44,0.001,0.001,,,,,NVIDIA A100-SXM4-40GB MIG 4g.20gb (0),1,,13,"void ch_est::chEstFilterNoDftSOfdmDispatchKernel<float, __half, float, (unsigned int)2>(ch_est::puschRxChEstStatDescr_t *, ch_est::puschRxChEstDynDescr_t *)"
4826849500,5600,125185,103,1,1,128,1,1,16,0.000,0.000,,,,,NVIDIA A100-SXM4-40GB MIG 4g.20gb (0),1,,13,cupy_copy__complex64_complex64
4826932667,18048,125195,1434,1,1,128,1,1,16,0.000,0.000,,,,,NVIDIA A100-SXM4-40GB MIG 4g.20gb (0),1,,13,cupy_copy__complex64_complex64
4827049754,5504,125202,103,1,1,128,1,1,16,0.000,0.000,,,,,NVIDIA A100-SXM4-40GB MIG 4g.20gb (0),1,,13,cupy_copy__complex64_complex64
4827118297,251901,125209,1,1,1,32,32,1,30,0.000,0.000,,,,,NVIDIA A100-SXM4-40GB MIG 4g.20gb (0),1,,13,"void convert_kernel<__half2, float2>(tensor_layout_any, T1 *, tensor_layout_any, const T2 *)"
4827404694,7136,125212,,,,,,,,,,0.094,13129.995,Pinned,Device,NVIDIA A100-SXM4-40GB MIG 4g.20gb (0),1,,13,[CUDA memcpy Host-to-Device]
4827487637,55551,125213,,,,,,,,,,35.810,644614.370,Device,,NVIDIA A100-SXM4-40GB MIG 4g.20gb (0),1,,13,[CUDA memset]
4827550036,2432,125215,,,,,,,,,,0.000,32.895,Pinned,Device,NVIDIA A100-SXM4-40GB MIG 4g.20gb (0),1,,13,[CUDA memcpy Host-to-Device]
4827560148,13568,125216,,,,,,,,,,0.197,14490.403,Pinned,Device,NVIDIA A100-SXM4-40GB MIG 4g.20gb (0),1,,13,[CUDA memcpy Host-to-Device]
4827668307,19104,125217,273,1,1,48,1,1,40,0.000,0.001,,,,,NVIDIA A100-SXM4-40GB MIG 4g.20gb (0),1,,13,"void pusch_noise_intf_est::noiseIntfEstNoDftSOfdmKernel<float, __half, float, float, (unsigned int)2, (unsigned int)1, (unsigned char)4, (unsigned char)4>(pusch_noise_intf_est::puschRxNoiseIntfEstDynDescr)"
4827770418,4448,125228,35,1,1,128,1,1,16,0.000,0.000,,,,,NVIDIA A100-SXM4-40GB MIG 4g.20gb (0),1,,13,cupy_copy__complex64_complex64
4827867729,2816,125237,1,1,1,1,1,1,18,0.000,0.000,,,,,NVIDIA A100-SXM4-40GB MIG 4g.20gb (0),1,,13,cupy_copy__float32_float32
4827871537,2272,125243,,,,,,,,,,0.000,1.761,Device,Pageable,NVIDIA A100-SXM4-40GB MIG 4g.20gb (0),1,,7,[CUDA memcpy Device-to-Host]
4828000079,21216,125254,1434,1,1,128,1,1,16,0.000,0.000,,,,,NVIDIA A100-SXM4-40GB MIG 4g.20gb (0),1,,13,cupy_copy__complex64_complex64
4828103982,5408,125261,103,1,1,128,1,1,16,0.000,0.000,,,,,NVIDIA A100-SXM4-40GB MIG 4g.20gb (0),1,,13,cupy_copy__complex64_complex64
4828171693,6176,125268,35,1,1,128,1,1,16,0.000,0.000,,,,,NVIDIA A100-SXM4-40GB MIG 4g.20gb (0),1,,13,cupy_copy__complex64_complex64
4828206669,2848,125275,1,1,1,1,1,1,18,0.000,0.000,,,,,NVIDIA A100-SXM4-40GB MIG 4g.20gb (0),1,,13,cupy_copy__float32_float32
4828300748,235229,125286,1,1,1,32,32,1,30,0.000,0.000,,,,,NVIDIA A100-SXM4-40GB MIG 4g.20gb (0),1,,13,"void convert_kernel<__half2, float2>(tensor_layout_any, T1 *, tensor_layout_any, const T2 *)"
4828566505,6143,125289,,,,,,,,,,0.094,15252.397,Pinned,Device,NVIDIA A100-SXM4-40GB MIG 4g.20gb (0),1,,13,[CUDA memcpy Host-to-Device]
4828645384,3904,125290,,,,,,,,,,1.547,396163.098,Device,,NVIDIA A100-SXM4-40GB MIG 4g.20gb (0),1,,13,[CUDA memset]
4828656295,3264,125295,,,,,,,,,,0.031,9588.218,Pinned,Device,NVIDIA A100-SXM4-40GB MIG 4g.20gb (0),1,,13,[CUDA memcpy Host-to-Device]
4828662631,9984,125296,,,,,,,,,,0.197,19692.257,Pinned,Device,NVIDIA A100-SXM4-40GB MIG 4g.20gb (0),1,,13,[CUDA memcpy Host-to-Device]
4828714087,13888,125297,273,1,1,8,4,1,39,0.002,0.000,,,,,NVIDIA A100-SXM4-40GB MIG 4g.20gb (0),1,,13,"void channel_eq::eqMmseCoefCompLowMimoKernel<float, float, float, (unsigned int)4, (unsigned int)1, (unsigned int)4>(const channel_eq::_puschRxChEqStatDescr *, channel_eq::_puschRxChEqCoefCompDynDescr)"
4828847813,9952,125298,273,1,1,12,11,1,51,0.002,0.000,,,,,NVIDIA A100-SXM4-40GB MIG 4g.20gb (0),1,,13,"void channel_eq::eqMmseSoftDemapKernel<float, __half, __half, float, (unsigned int)4, (unsigned short)16383>(channel_eq::_puschRxChEqStatDescr *, channel_eq::_puschRxChEqSoftDemapDynDescr)"
4828953668,586361,125299,1,1,1,32,32,1,30,0.000,0.000,,,,,NVIDIA A100-SXM4-40GB MIG 4g.20gb (0),1,,13,"void convert_kernel<float2, __half2>(tensor_layout_any, T1 *, tensor_layout_any, const T2 *)"
4829610524,15392,125311,2253,1,1,128,1,1,16,0.000,0.000,,,,,NVIDIA A100-SXM4-40GB MIG 4g.20gb (0),1,,13,cupy_copy__float16_float16
4829723419,7552,125320,282,1,1,128,1,1,16,0.000,0.000,,,,,NVIDIA A100-SXM4-40GB MIG 4g.20gb (0),1,,13,cupy_copy__complex64_complex64
4829800570,5056,125329,26,1,1,128,1,1,16,0.000,0.000,,,,,NVIDIA A100-SXM4-40GB MIG 4g.20gb (0),1,,13,cupy_copy__float32_float32
4829851418,17056,125338,103,1,1,128,1,1,16,0.000,0.000,,,,,NVIDIA A100-SXM4-40GB MIG 4g.20gb (0),1,,13,cupy_copy__complex64_complex64
4829906841,18304,125348,1434,1,1,128,1,1,16,0.000,0.000,,,,,NVIDIA A100-SXM4-40GB MIG 4g.20gb (0),1,,13,cupy_copy__complex64_complex64
4830002200,240221,125353,1,1,1,32,32,1,30,0.000,0.000,,,,,NVIDIA A100-SXM4-40GB MIG 4g.20gb (0),1,,13,"void convert_kernel<__half2, float2>(tensor_layout_any, T1 *, tensor_layout_any, const T2 *)"
4830275957,9568,125356,,,,,,,,,,0.094,9792.637,Pinned,Device,NVIDIA A100-SXM4-40GB MIG 4g.20gb (0),1,,13,[CUDA memcpy Host-to-Device]
4830370036,612825,125357,,,,,,,,,,456.561,744651.709,Device,,NVIDIA A100-SXM4-40GB MIG 4g.20gb (0),1,,13,[CUDA memset]
4830983661,61087,125362,,,,,,,,,,1.235,20216.033,Pinned,Device,NVIDIA A100-SXM4-40GB MIG 4g.20gb (0),1,,13,[CUDA memcpy Host-to-Device]
4831051212,13760,125363,,,,,,,,,,0.197,14288.290,Pinned,Device,NVIDIA A100-SXM4-40GB MIG 4g.20gb (0),1,,13,[CUDA memcpy Host-to-Device]
4831157131,31135,125364,69,4,1,48,1,1,76,0.002,0.000,,,,,NVIDIA A100-SXM4-40GB MIG 4g.20gb (0),1,,13,"void ch_est::windowedChEstPreNoDftSOfdmKernel<float, __half, float, (unsigned int)2, (unsigned int)1, (unsigned short)4>(ch_est::puschRxChEstStatDescr_t *, ch_est::puschRxChEstDynDescr_t *)"
4831217738,8256,125365,137,2,1,24,2,1,44,0.001,0.001,,,,,NVIDIA A100-SXM4-40GB MIG 4g.20gb (0),1,,13,"void ch_est::chEstFilterNoDftSOfdmDispatchKernel<float, __half, float, (unsigned int)2>(ch_est::puschRxChEstStatDescr_t *, ch_est::puschRxChEstDynDescr_t *)"
4831318505,9888,125366,137,2,1,24,2,1,44,0.001,0.001,,,,,NVIDIA A100-SXM4-40GB MIG 4g.20gb (0),1,,13,"void ch_est::chEstFilterNoDftSOfdmDispatchKernel<float, __half, float, (unsigned int)2>(ch_est::puschRxChEstStatDescr_t *, ch_est::puschRxChEstDynDescr_t *)"
4831403400,6176,125377,103,1,1,128,1,1,16,0.000,0.000,,,,,NVIDIA A100-SXM4-40GB MIG 4g.20gb (0),1,,13,cupy_copy__complex64_complex64
4831459463,22592,125387,1434,1,1,128,1,1,16,0.000,0.000,,,,,NVIDIA A100-SXM4-40GB MIG 4g.20gb (0),1,,13,cupy_copy__complex64_complex64
4831527238,5600,125394,103,1,1,128,1,1,16,0.000,0.000,,,,,NVIDIA A100-SXM4-40GB MIG 4g.20gb (0),1,,13,cupy_copy__complex64_complex64
4831625861,239421,125401,1,1,1,32,32,1,30,0.000,0.000,,,,,NVIDIA A100-SXM4-40GB MIG 4g.20gb (0),1,,13,"void convert_kernel<__half2, float2>(tensor_layout_any, T1 *, tensor_layout_any, const T2 *)"
4831895842,12576,125404,,,,,,,,,,0.094,7450.331,Pinned,Device,NVIDIA A100-SXM4-40GB MIG 4g.20gb (0),1,,13,[CUDA memcpy Host-to-Device]
4831979297,54528,125405,,,,,,,,,,35.810,656718.123,Device,,NVIDIA A100-SXM4-40GB MIG 4g.20gb (0),1,,13,[CUDA memset]
4832040128,2144,125407,,,,,,,,,,0.000,37.313,Pinned,Device,NVIDIA A100-SXM4-40GB MIG 4g.20gb (0),1,,13,[CUDA memcpy Host-to-Device]
4832045184,10080,125408,,,,,,,,,,0.197,19504.693,Pinned,Device,NVIDIA A100-SXM4-40GB MIG 4g.20gb (0),1,,13,[CUDA memcpy Host-to-Device]
4832154111,14496,125409,273,1,1,48,1,1,40,0.000,0.001,,,,,NVIDIA A100-SXM4-40GB MIG 4g.20gb (0),1,,13,"void pusch_noise_intf_est::noiseIntfEstNoDftSOfdmKernel<float, __half, float, float, (unsigned int)2, (unsigned int)1, (unsigned char)4, (unsigned char)4>(pusch_noise_intf_est::puschRxNoiseIntfEstDynDescr)"
4832257982,6016,125420,35,1,1,128,1,1,16,0.000,0.000,,,,,NVIDIA A100-SXM4-40GB MIG 4g.20gb (0),1,,13,cupy_copy__complex64_complex64
4832337565,3200,125429,1,1,1,1,1,1,18,0.000,0.000,,,,,NVIDIA A100-SXM4-40GB MIG 4g.20gb (0),1,,13,cupy_copy__float32_float32
4832347389,3232,125435,,,,,,,,,,0.000,1.238,Device,Pageable,NVIDIA A100-SXM4-40GB MIG 4g.20gb (0),1,,7,[CUDA memcpy Device-to-Host]
4832442044,17472,125446,1434,1,1,128,1,1,16,0.000,0.000,,,,,NVIDIA A100-SXM4-40GB MIG 4g.20gb (0),1,,13,cupy_copy__complex64_complex64
4832556378,6240,125453,103,1,1,128,1,1,16,0.000,0.000,,,,,NVIDIA A100-SXM4-40GB MIG 4g.20gb (0),1,,13,cupy_copy__complex64_complex64
4832631962,7840,125460,35,1,1,128,1,1,16,0.000,0.000,,,,,NVIDIA A100-SXM4-40GB MIG 4g.20gb (0),1,,13,cupy_copy__complex64_complex64
4832716793,3040,125467,1,1,1,1,1,1,18,0.000,0.000,,,,,NVIDIA A100-SXM4-40GB MIG 4g.20gb (0),1,,13,cupy_copy__float32_float32
4832768152,250269,125478,1,1,1,32,32,1,30,0.000,0.000,,,,,NVIDIA A100-SXM4-40GB MIG 4g.20gb (0),1,,13,"void convert_kernel<__half2, float2>(tensor_layout_any, T1 *, tensor_layout_any, const T2 *)"
4833067573,8863,125481,,,,,,,,,,0.094,10571.532,Pinned,Device,NVIDIA A100-SXM4-40GB MIG 4g.20gb (0),1,,13,[CUDA memcpy Host-to-Device]
4833174387,5440,125482,,,,,,,,,,1.547,284305.064,Device,,NVIDIA A100-SXM4-40GB MIG 4g.20gb (0),1,,13,[CUDA memset]
4833186035,7424,125487,,,,,,,,,,0.031,4215.509,Pinned,Device,NVIDIA A100-SXM4-40GB MIG 4g.20gb (0),1,,13,[CUDA memcpy Host-to-Device]
4833199411,16288,125488,,,,,,,,,,0.197,12070.552,Pinned,Device,NVIDIA A100-SXM4-40GB MIG 4g.20gb (0),1,,13,[CUDA memcpy Host-to-Device]
4833296946,11328,125489,273,1,1,8,4,1,39,0.002,0.000,,,,,NVIDIA A100-SXM4-40GB MIG 4g.20gb (0),1,,13,"void channel_eq::eqMmseCoefCompLowMimoKernel<float, float, float, (unsigned int)4, (unsigned int)1, (unsigned int)4>(const channel_eq::_puschRxChEqStatDescr *, channel_eq::_puschRxChEqCoefCompDynDescr)"
4833413809,10815,125490,273,1,1,12,11,1,51,0.002,0.000,,,,,NVIDIA A100-SXM4-40GB MIG 4g.20gb (0),1,,13,"void channel_eq::eqMmseSoftDemapKernel<float, __half, __half, float, (unsigned int)4, (unsigned short)16383>(channel_eq::_puschRxChEqStatDescr *, channel_eq::_puschRxChEqSoftDemapDynDescr)"
4833527503,596249,125491,1,1,1,32,32,1,30,0.000,0.000,,,,,NVIDIA A100-SXM4-40GB MIG 4g.20gb (0),1,,13,"void convert_kernel<float2, __half2>(tensor_layout_any, T1 *, tensor_layout_any, const T2 *)"
4834218087,13376,125503,2253,1,1,128,1,1,16,0.000,0.000,,,,,NVIDIA A100-SXM4-40GB MIG 4g.20gb (0),1,,13,cupy_copy__float16_float16
4834335942,5856,125512,282,1,1,128,1,1,16,0.000,0.000,,,,,NVIDIA A100-SXM4-40GB MIG 4g.20gb (0),1,,13,cupy_copy__complex64_complex64
4834427685,4704,125521,26,1,1,128,1,1,16,0.000,0.000,,,,,NVIDIA A100-SXM4-40GB MIG 4g.20gb (0),1,,13,cupy_copy__float32_float32
4834458309,9663,125530,103,1,1,128,1,1,16,0.000,0.000,,,,,NVIDIA A100-SXM4-40GB MIG 4g.20gb (0),1,,13,cupy_copy__complex64_complex64
4834495908,14912,125540,1434,1,1,128,1,1,16,0.000,0.000,,,,,NVIDIA A100-SXM4-40GB MIG 4g.20gb (0),1,,13,cupy_copy__complex64_complex64
4834547428,228413,125545,1,1,1,32,32,1,30,0.000,0.000,,,,,NVIDIA A100-SXM4-40GB MIG 4g.20gb (0),1,,13,"void convert_kernel<__half2, float2>(tensor_layout_any, T1 *, tensor_layout_any, const T2 *)"
4834805793,8319,125548,,,,,,,,,,0.094,11262.821,Pinned,Device,NVIDIA A100-SXM4-40GB MIG 4g.20gb (0),1,,13,[CUDA memcpy Host-to-Device]
4834880928,619385,125549,,,,,,,,,,456.561,736890.164,Device,,NVIDIA A100-SXM4-40GB MIG 4g.20gb (0),1,,13,[CUDA memset]
4835508248,90271,125554,,,,,,,,,,1.235,13679.475,Pinned,Device,NVIDIA A100-SXM4-40GB MIG 4g.20gb (0),1,,13,[CUDA memcpy Host-to-Device]
4835600983,13312,125555,,,,,,,,,,0.197,14769.193,Pinned,Device,NVIDIA A100-SXM4-40GB MIG 4g.20gb (0),1,,13,[CUDA memcpy Host-to-Device]
4835684182,9792,125556,69,4,1,48,1,1,76,0.002,0.000,,,,,NVIDIA A100-SXM4-40GB MIG 4g.20gb (0),1,,13,"void ch_est::windowedChEstPreNoDftSOfdmKernel<float, __half, float, (unsigned int)2, (unsigned int)1, (unsigned short)4>(ch_est::puschRxChEstStatDescr_t *, ch_est::puschRxChEstDynDescr_t *)"
4835773781,8896,125557,137,2,1,24,2,1,44,0.001,0.001,,,,,NVIDIA A100-SXM4-40GB MIG 4g.20gb (0),1,,13,"void ch_est::chEstFilterNoDftSOfdmDispatchKernel<float, __half, float, (unsigned int)2>(ch_est::puschRxChEstStatDescr_t *, ch_est::puschRxChEstDynDescr_t *)"
4835880404,8096,125558,137,2,1,24,2,1,44,0.001,0.001,,,,,NVIDIA A100-SXM4-40GB MIG 4g.20gb (0),1,,13,"void ch_est::chEstFilterNoDftSOfdmDispatchKernel<float, __half, float, (unsigned int)2>(ch_est::puschRxChEstStatDescr_t *, ch_est::puschRxChEstDynDescr_t *)"
4835982995,5216,125569,103,1,1,128,1,1,16,0.000,0.000,,,,,NVIDIA A100-SXM4-40GB MIG 4g.20gb (0),1,,13,cupy_copy__complex64_complex64
4836047602,19424,125579,1434,1,1,128,1,1,16,0.000,0.000,,,,,NVIDIA A100-SXM4-40GB MIG 4g.20gb (0),1,,13,cupy_copy__complex64_complex64
4836116593,4352,125586,103,1,1,128,1,1,16,0.000,0.000,,,,,NVIDIA A100-SXM4-40GB MIG 4g.20gb (0),1,,13,cupy_copy__complex64_complex64
4836206864,246110,125593,1,1,1,32,32,1,30,0.000,0.000,,,,,NVIDIA A100-SXM4-40GB MIG 4g.20gb (0),1,,13,"void convert_kernel<__half2, float2>(tensor_layout_any, T1 *, tensor_layout_any, const T2 *)"
4836485773,6016,125596,,,,,,,,,,0.094,15574.430,Pinned,Device,NVIDIA A100-SXM4-40GB MIG 4g.20gb (0),1,,13,[CUDA memcpy Host-to-Device]
4836583404,55359,125597,,,,,,,,,,35.810,646834.585,Device,,NVIDIA A100-SXM4-40GB MIG 4g.20gb (0),1,,13,[CUDA memset]
4836642571,5920,125599,,,,,,,,,,0.000,13.513,Pinned,Device,NVIDIA A100-SXM4-40GB MIG 4g.20gb (0),1,,13,[CUDA memcpy Host-to-Device]
4836655371,16896,125600,,,,,,,,,,0.197,11636.244,Pinned,Device,NVIDIA A100-SXM4-40GB MIG 4g.20gb (0),1,,13,[CUDA memcpy Host-to-Device]
4836773482,17856,125601,273,1,1,48,1,1,40,0.000,0.001,,,,,NVIDIA A100-SXM4-40GB MIG 4g.20gb (0),1,,13,"void pusch_noise_intf_est::noiseIntfEstNoDftSOfdmKernel<float, __half, float, float, (unsigned int)2, (unsigned int)1, (unsigned char)4, (unsigned char)4>(pusch_noise_intf_est::puschRxNoiseIntfEstDynDescr)"
4836871817,5792,125612,35,1,1,128,1,1,16,0.000,0.000,,,,,NVIDIA A100-SXM4-40GB MIG 4g.20gb (0),1,,13,cupy_copy__complex64_complex64
4836963944,3136,125621,1,1,1,1,1,1,18,0.000,0.000,,,,,NVIDIA A100-SXM4-40GB MIG 4g.20gb (0),1,,13,cupy_copy__float32_float32
4836970376,1760,125627,,,,,,,,,,0.000,2.273,Device,Pageable,NVIDIA A100-SXM4-40GB MIG 4g.20gb (0),1,,7,[CUDA memcpy Device-to-Host]
4837104102,18240,125638,1434,1,1,128,1,1,16,0.000,0.000,,,,,NVIDIA A100-SXM4-40GB MIG 4g.20gb (0),1,,13,cupy_copy__complex64_complex64
4837209445,4832,125645,103,1,1,128,1,1,16,0.000,0.000,,,,,NVIDIA A100-SXM4-40GB MIG 4g.20gb (0),1,,13,cupy_copy__complex64_complex64
4837278596,3648,125652,35,1,1,128,1,1,16,0.000,0.000,,,,,NVIDIA A100-SXM4-40GB MIG 4g.20gb (0),1,,13,cupy_copy__complex64_complex64
4837342883,3264,125659,1,1,1,1,1,1,18,0.000,0.000,,,,,NVIDIA A100-SXM4-40GB MIG 4g.20gb (0),1,,13,cupy_copy__float32_float32
4837430050,250333,125670,1,1,1,32,32,1,30,0.000,0.000,,,,,NVIDIA A100-SXM4-40GB MIG 4g.20gb (0),1,,13,"void convert_kernel<__half2, float2>(tensor_layout_any, T1 *, tensor_layout_any, const T2 *)"
4837718239,5696,125673,,,,,,,,,,0.094,16449.363,Pinned,Device,NVIDIA A100-SXM4-40GB MIG 4g.20gb (0),1,,13,[CUDA memcpy Host-to-Device]
4837810846,6080,125674,,,,,,,,,,1.547,254377.889,Device,,NVIDIA A100-SXM4-40GB MIG 4g.20gb (0),1,,13,[CUDA memset]
4837821278,4000,125679,,,,,,,,,,0.031,7824.000,Pinned,Device,NVIDIA A100-SXM4-40GB MIG 4g.20gb (0),1,,13,[CUDA memcpy Host-to-Device]
4837828734,10304,125680,,,,,,,,,,0.197,19080.610,Pinned,Device,NVIDIA A100-SXM4-40GB MIG 4g.20gb (0),1,,13,[CUDA memcpy Host-to-Device]
4837930428,10432,125681,273,1,1,8,4,1,39,0.002,0.000,,,,,NVIDIA A100-SXM4-40GB MIG 4g.20gb (0),1,,13,"void channel_eq::eqMmseCoefCompLowMimoKernel<float, float, float, (unsigned int)4, (unsigned int)1, (unsigned int)4>(const channel_eq::_puschRxChEqStatDescr *, channel_eq::_puschRxChEqCoefCompDynDescr)"
4838045083,9536,125682,273,1,1,12,11,1,51,0.002,0.000,,,,,NVIDIA A100-SXM4-40GB MIG 4g.20gb (0),1,,13,"void channel_eq::eqMmseSoftDemapKernel<float, __half, __half, float, (unsigned int)4, (unsigned short)16383>(channel_eq::_puschRxChEqStatDescr *, channel_eq::_puschRxChEqSoftDemapDynDescr)"
4838150554,594553,125683,1,1,1,32,32,1,30,0.000,0.000,,,,,NVIDIA A100-SXM4-40GB MIG 4g.20gb (0),1,,13,"void convert_kernel<float2, __half2>(tensor_layout_any, T1 *, tensor_layout_any, const T2 *)"
4838823090,13440,125695,2253,1,1,128,1,1,16,0.000,0.000,,,,,NVIDIA A100-SXM4-40GB MIG 4g.20gb (0),1,,13,cupy_copy__float16_float16
4838937553,5440,125704,282,1,1,128,1,1,16,0.000,0.000,,,,,NVIDIA A100-SXM4-40GB MIG 4g.20gb (0),1,,13,cupy_copy__complex64_complex64
4839019696,6080,125713,26,1,1,128,1,1,16,0.000,0.000,,,,,NVIDIA A100-SXM4-40GB MIG 4g.20gb (0),1,,13,cupy_copy__float32_float32
4839121231,10080,125722,103,1,1,128,1,1,16,0.000,0.000,,,,,NVIDIA A100-SXM4-40GB MIG 4g.20gb (0),1,,13,cupy_copy__complex64_complex64
4839232813,15392,125732,1434,1,1,128,1,1,16,0.000,0.000,,,,,NVIDIA A100-SXM4-40GB MIG 4g.20gb (0),1,,13,cupy_copy__complex64_complex64
4839348012,237885,125737,1,1,1,32,32,1,30,0.000,0.000,,,,,NVIDIA A100-SXM4-40GB MIG 4g.20gb (0),1,,13,"void convert_kernel<__half2, float2>(tensor_layout_any, T1 *, tensor_layout_any, const T2 *)"
4839615305,9120,125740,,,,,,,,,,0.094,10273.673,Pinned,Device,NVIDIA A100-SXM4-40GB MIG 4g.20gb (0),1,,13,[CUDA memcpy Host-to-Device]
4839687464,624665,125741,,,,,,,,,,456.561,730498.304,Device,,NVIDIA A100-SXM4-40GB MIG 4g.20gb (0),1,,13,[CUDA memset]
4840317665,64831,125746,,,,,,,,,,1.235,19047.776,Pinned,Device,NVIDIA A100-SXM4-40GB MIG 4g.20gb (0),1,,13,[CUDA memcpy Host-to-Device]
4840385248,13536,125747,,,,,,,,,,0.197,14524.809,Pinned,Device,NVIDIA A100-SXM4-40GB MIG 4g.20gb (0),1,,13,[CUDA memcpy Host-to-Device]
4840497055,8992,125748,69,4,1,48,1,1,76,0.002,0.000,,,,,NVIDIA A100-SXM4-40GB MIG 4g.20gb (0),1,,13,"void ch_est::windowedChEstPreNoDftSOfdmKernel<float, __half, float, (unsigned int)2, (unsigned int)1, (unsigned short)4>(ch_est::puschRxChEstStatDescr_t *, ch_est::puschRxChEstDynDescr_t *)"
4840601374,8992,125749,137,2,1,24,2,1,44,0.001,0.001,,,,,NVIDIA A100-SXM4-40GB MIG 4g.20gb (0),1,,13,"void ch_est::chEstFilterNoDftSOfdmDispatchKernel<float, __half, float, (unsigned int)2>(ch_est::puschRxChEstStatDescr_t *, ch_est::puschRxChEstDynDescr_t *)"
4840715836,8512,125750,137,2,1,24,2,1,44,0.001,0.001,,,,,NVIDIA A100-SXM4-40GB MIG 4g.20gb (0),1,,13,"void ch_est::chEstFilterNoDftSOfdmDispatchKernel<float, __half, float, (unsigned int)2>(ch_est::puschRxChEstStatDescr_t *, ch_est::puschRxChEstDynDescr_t *)"
4840828763,5152,125761,103,1,1,128,1,1,16,0.000,0.000,,,,,NVIDIA A100-SXM4-40GB MIG 4g.20gb (0),1,,13,cupy_copy__complex64_complex64
4840909754,19232,125771,1434,1,1,128,1,1,16,0.000,0.000,,,,,NVIDIA A100-SXM4-40GB MIG 4g.20gb (0),1,,13,cupy_copy__complex64_complex64
4841027129,5984,125778,103,1,1,128,1,1,16,0.000,0.000,,,,,NVIDIA A100-SXM4-40GB MIG 4g.20gb (0),1,,13,cupy_copy__complex64_complex64
4841089688,232157,125785,1,1,1,32,32,1,30,0.000,0.000,,,,,NVIDIA A100-SXM4-40GB MIG 4g.20gb (0),1,,13,"void convert_kernel<__half2, float2>(tensor_layout_any, T1 *, tensor_layout_any, const T2 *)"
4841350485,6048,125788,,,,,,,,,,0.094,15491.978,Pinned,Device,NVIDIA A100-SXM4-40GB MIG 4g.20gb (0),1,,13,[CUDA memcpy Host-to-Device]
4841448468,53215,125789,,,,,,,,,,35.810,672904.207,Device,,NVIDIA A100-SXM4-40GB MIG 4g.20gb (0),1,,13,[CUDA memset]
4841510899,18848,125791,,,,,,,,,,0.000,4.244,Pinned,Device,NVIDIA A100-SXM4-40GB MIG 4g.20gb (0),1,,13,[CUDA memcpy Host-to-Device]
4841532275,9888,125792,,,,,,,,,,0.197,19883.360,Pinned,Device,NVIDIA A100-SXM4-40GB MIG 4g.20gb (0),1,,13,[CUDA memcpy Host-to-Device]
4841608370,15648,125793,273,1,1,48,1,1,40,0.000,0.001,,,,,NVIDIA A100-SXM4-40GB MIG 4g.20gb (0),1,,13,"void pusch_noise_intf_est::noiseIntfEstNoDftSOfdmKernel<float, __half, float, float, (unsigned int)2, (unsigned int)1, (unsigned char)4, (unsigned char)4>(pusch_noise_intf_est::puschRxNoiseIntfEstDynDescr)"
4841721553,4704,125804,35,1,1,128,1,1,16,0.000,0.000,,,,,NVIDIA A100-SXM4-40GB MIG 4g.20gb (0),1,,13,cupy_copy__complex64_complex64
4841826352,12511,125813,1,1,1,1,1,1,18,0.000,0.000,,,,,NVIDIA A100-SXM4-40GB MIG 4g.20gb (0),1,,13,cupy_copy__float32_float32
4841846927,17280,125819,,,,,,,,,,0.000,0.231,Device,Pageable,NVIDIA A100-SXM4-40GB MIG 4g.20gb (0),1,,7,[CUDA memcpy Device-to-Host]
4841980494,16096,125830,1434,1,1,128,1,1,16,0.000,0.000,,,,,NVIDIA A100-SXM4-40GB MIG 4g.20gb (0),1,,13,cupy_copy__complex64_complex64
4842085357,6047,125837,103,1,1,128,1,1,16,0.000,0.000,,,,,NVIDIA A100-SXM4-40GB MIG 4g.20gb (0),1,,13,cupy_copy__complex64_complex64
4842135628,6240,125844,35,1,1,128,1,1,16,0.000,0.000,,,,,NVIDIA A100-SXM4-40GB MIG 4g.20gb (0),1,,13,cupy_copy__complex64_complex64
4842187371,3680,125851,1,1,1,1,1,1,18,0.000,0.000,,,,,NVIDIA A100-SXM4-40GB MIG 4g.20gb (0),1,,13,cupy_copy__float32_float32
4842264778,254750,125862,1,1,1,32,32,1,30,0.000,0.000,,,,,NVIDIA A100-SXM4-40GB MIG 4g.20gb (0),1,,13,"void convert_kernel<__half2, float2>(tensor_layout_any, T1 *, tensor_layout_any, const T2 *)"
4842549319,13504,125865,,,,,,,,,,0.094,6938.376,Pinned,Device,NVIDIA A100-SXM4-40GB MIG 4g.20gb (0),1,,13,[CUDA memcpy Host-to-Device]
4842658694,4640,125866,,,,,,,,,,1.547,333323.765,Device,,NVIDIA A100-SXM4-40GB MIG 4g.20gb (0),1,,13,[CUDA memset]
4842670054,3296,125871,,,,,,,,,,0.031,9495.144,Pinned,Device,NVIDIA A100-SXM4-40GB MIG 4g.20gb (0),1,,13,[CUDA memcpy Host-to-Device]
4842679046,10176,125872,,,,,,,,,,0.197,19320.668,Pinned,Device,NVIDIA A100-SXM4-40GB MIG 4g.20gb (0),1,,13,[CUDA memcpy Host-to-Device]
4842765477,11392,125873,273,1,1,8,4,1,39,0.002,0.000,,,,,NVIDIA A100-SXM4-40GB MIG 4g.20gb (0),1,,13,"void channel_eq::eqMmseCoefCompLowMimoKernel<float, float, float, (unsigned int)4, (unsigned int)1, (unsigned int)4>(const channel_eq::_puschRxChEqStatDescr *, channel_eq::_puschRxChEqCoefCompDynDescr)"
4842887171,10624,125874,273,1,1,12,11,1,51,0.002,0.000,,,,,NVIDIA A100-SXM4-40GB MIG 4g.20gb (0),1,,13,"void channel_eq::eqMmseSoftDemapKernel<float, __half, __half, float, (unsigned int)4, (unsigned short)16383>(channel_eq::_puschRxChEqStatDescr *, channel_eq::_puschRxChEqSoftDemapDynDescr)"
4842988994,587929,125875,1,1,1,32,32,1,30,0.000,0.000,,,,,NVIDIA A100-SXM4-40GB MIG 4g.20gb (0),1,,13,"void convert_kernel<float2, __half2>(tensor_layout_any, T1 *, tensor_layout_any, const T2 *)"
4843633051,19199,125887,2253,1,1,128,1,1,16,0.000,0.000,,,,,NVIDIA A100-SXM4-40GB MIG 4g.20gb (0),1,,13,cupy_copy__float16_float16
4843700154,8928,125896,282,1,1,128,1,1,16,0.000,0.000,,,,,NVIDIA A100-SXM4-40GB MIG 4g.20gb (0),1,,13,cupy_copy__complex64_complex64
4843801465,4544,125905,26,1,1,128,1,1,16,0.000,0.000,,,,,NVIDIA A100-SXM4-40GB MIG 4g.20gb (0),1,,13,cupy_copy__float32_float32
4843904376,8447,125914,103,1,1,128,1,1,16,0.000,0.000,,,,,NVIDIA A100-SXM4-40GB MIG 4g.20gb (0),1,,13,cupy_copy__complex64_complex64
4844007478,15488,125924,1434,1,1,128,1,1,16,0.000,0.000,,,,,NVIDIA A100-SXM4-40GB MIG 4g.20gb (0),1,,13,cupy_copy__complex64_complex64
4844122933,238429,125929,1,1,1,32,32,1,30,0.000,0.000,,,,,NVIDIA A100-SXM4-40GB MIG 4g.20gb (0),1,,13,"void convert_kernel<__half2, float2>(tensor_layout_any, T1 *, tensor_layout_any, const T2 *)"
4844391890,6304,125932,,,,,,,,,,0.094,14862.903,Pinned,Device,NVIDIA A100-SXM4-40GB MIG 4g.20gb (0),1,,13,[CUDA memcpy Host-to-Device]
4844468529,621305,125933,,,,,,,,,,456.561,734607.357,Device,,NVIDIA A100-SXM4-40GB MIG 4g.20gb (0),1,,13,[CUDA memset]
4845093194,63807,125938,,,,,,,,,,1.235,19354.042,Pinned,Device,NVIDIA A100-SXM4-40GB MIG 4g.20gb (0),1,,13,[CUDA memcpy Host-to-Device]
4845159657,12000,125939,,,,,,,,,,0.197,16383.934,Pinned,Device,NVIDIA A100-SXM4-40GB MIG 4g.20gb (0),1,,13,[CUDA memcpy Host-to-Device]
4845274152,10720,125940,69,4,1,48,1,1,76,0.002,0.000,,,,,NVIDIA A100-SXM4-40GB MIG 4g.20gb (0),1,,13,"void ch_est::windowedChEstPreNoDftSOfdmKernel<float, __half, float, (unsigned int)2, (unsigned int)1, (unsigned short)4>(ch_est::puschRxChEstStatDescr_t *, ch_est::puschRxChEstDynDescr_t *)"
4845387526,8768,125941,137,2,1,24,2,1,44,0.001,0.001,,,,,NVIDIA A100-SXM4-40GB MIG 4g.20gb (0),1,,13,"void ch_est::chEstFilterNoDftSOfdmDispatchKernel<float, __half, float, (unsigned int)2>(ch_est::puschRxChEstStatDescr_t *, ch_est::puschRxChEstDynDescr_t *)"
4845497157,10080,125942,137,2,1,24,2,1,44,0.001,0.001,,,,,NVIDIA A100-SXM4-40GB MIG 4g.20gb (0),1,,13,"void ch_est::chEstFilterNoDftSOfdmDispatchKernel<float, __half, float, (unsigned int)2>(ch_est::puschRxChEstStatDescr_t *, ch_est::puschRxChEstDynDescr_t *)"
4845608900,4640,125953,103,1,1,128,1,1,16,0.000,0.000,,,,,NVIDIA A100-SXM4-40GB MIG 4g.20gb (0),1,,13,cupy_copy__complex64_complex64
4845696515,17376,125963,1434,1,1,128,1,1,16,0.000,0.000,,,,,NVIDIA A100-SXM4-40GB MIG 4g.20gb (0),1,,13,cupy_copy__complex64_complex64
4845805986,5280,125970,103,1,1,128,1,1,16,0.000,0.000,,,,,NVIDIA A100-SXM4-40GB MIG 4g.20gb (0),1,,13,cupy_copy__complex64_complex64
4845879169,229501,125977,1,1,1,32,32,1,30,0.000,0.000,,,,,NVIDIA A100-SXM4-40GB MIG 4g.20gb (0),1,,13,"void convert_kernel<__half2, float2>(tensor_layout_any, T1 *, tensor_layout_any, const T2 *)"
4846150238,12831,125980,,,,,,,,,,0.094,7302.291,Pinned,Device,NVIDIA A100-SXM4-40GB MIG 4g.20gb (0),1,,13,[CUDA memcpy Host-to-Device]
4846231133,53311,125981,,,,,,,,,,35.810,671686.669,Device,,NVIDIA A100-SXM4-40GB MIG 4g.20gb (0),1,,13,[CUDA memset]
4846291036,1856,125983,,,,,,,,,,0.000,43.103,Pinned,Device,NVIDIA A100-SXM4-40GB MIG 4g.20gb (0),1,,13,[CUDA memcpy Host-to-Device]
4846295484,17152,125984,,,,,,,,,,0.197,11462.640,Pinned,Device,NVIDIA A100-SXM4-40GB MIG 4g.20gb (0),1,,13,[CUDA memcpy Host-to-Device]
4846397691,16736,125985,273,1,1,48,1,1,40,0.000,0.001,,,,,NVIDIA A100-SXM4-40GB MIG 4g.20gb (0),1,,13,"void pusch_noise_intf_est::noiseIntfEstNoDftSOfdmKernel<float, __half, float, float, (unsigned int)2, (unsigned int)1, (unsigned char)4, (unsigned char)4>(pusch_noise_intf_est::puschRxNoiseIntfEstDynDescr)"
4846511513,5888,125996,35,1,1,128,1,1,16,0.000,0.000,,,,,NVIDIA A100-SXM4-40GB MIG 4g.20gb (0),1,,13,cupy_copy__complex64_complex64
4846622520,3872,126005,1,1,1,1,1,1,18,0.000,0.000,,,,,NVIDIA A100-SXM4-40GB MIG 4g.20gb (0),1,,13,cupy_copy__float32_float32
4846642680,2240,126011,,,,,,,,,,0.000,1.786,Device,Pageable,NVIDIA A100-SXM4-40GB MIG 4g.20gb (0),1,,7,[CUDA memcpy Device-to-Host]
4846783254,22912,126022,1434,1,1,128,1,1,16,0.000,0.000,,,,,NVIDIA A100-SXM4-40GB MIG 4g.20gb (0),1,,13,cupy_copy__complex64_complex64
4846856981,5600,126029,103,1,1,128,1,1,16,0.000,0.000,,,,,NVIDIA A100-SXM4-40GB MIG 4g.20gb (0),1,,13,cupy_copy__complex64_complex64
4846921333,6656,126036,35,1,1,128,1,1,16,0.000,0.000,,,,,NVIDIA A100-SXM4-40GB MIG 4g.20gb (0),1,,13,cupy_copy__complex64_complex64
4847007348,3968,126043,1,1,1,1,1,1,18,0.000,0.000,,,,,NVIDIA A100-SXM4-40GB MIG 4g.20gb (0),1,,13,cupy_copy__float32_float32
4847047603,247165,126054,1,1,1,32,32,1,30,0.000,0.000,,,,,NVIDIA A100-SXM4-40GB MIG 4g.20gb (0),1,,13,"void convert_kernel<__half2, float2>(tensor_layout_any, T1 *, tensor_layout_any, const T2 *)"
4847327280,6048,126057,,,,,,,,,,0.094,15491.978,Pinned,Device,NVIDIA A100-SXM4-40GB MIG 4g.20gb (0),1,,13,[CUDA memcpy Host-to-Device]
4847421487,5024,126058,,,,,,,,,,1.547,307846.227,Device,,NVIDIA A100-SXM4-40GB MIG 4g.20gb (0),1,,13,[CUDA memset]
4847441263,9920,126063,,,,,,,,,,0.031,3154.825,Pinned,Device,NVIDIA A100-SXM4-40GB MIG 4g.20gb (0),1,,13,[CUDA memcpy Host-to-Device]
4847453775,17759,126064,,,,,,,,,,0.197,11070.800,Pinned,Device,NVIDIA A100-SXM4-40GB MIG 4g.20gb (0),1,,13,[CUDA memcpy Host-to-Device]
4847522510,15072,126065,273,1,1,8,4,1,39,0.002,0.000,,,,,NVIDIA A100-SXM4-40GB MIG 4g.20gb (0),1,,13,"void channel_eq::eqMmseCoefCompLowMimoKernel<float, float, float, (unsigned int)4, (unsigned int)1, (unsigned int)4>(const channel_eq::_puschRxChEqStatDescr *, channel_eq::_puschRxChEqCoefCompDynDescr)"
4847610349,10432,126066,273,1,1,12,11,1,51,0.002,0.000,,,,,NVIDIA A100-SXM4-40GB MIG 4g.20gb (0),1,,13,"void channel_eq::eqMmseSoftDemapKernel<float, __half, __half, float, (unsigned int)4, (unsigned short)16383>(channel_eq::_puschRxChEqStatDescr *, channel_eq::_puschRxChEqSoftDemapDynDescr)"
4847705676,587033,126067,1,1,1,32,32,1,30,0.000,0.000,,,,,NVIDIA A100-SXM4-40GB MIG 4g.20gb (0),1,,13,"void convert_kernel<float2, __half2>(tensor_layout_any, T1 *, tensor_layout_any, const T2 *)"
4848349572,17248,126079,2253,1,1,128,1,1,16,0.000,0.000,,,,,NVIDIA A100-SXM4-40GB MIG 4g.20gb (0),1,,13,cupy_copy__float16_float16
4848475523,5472,126088,282,1,1,128,1,1,16,0.000,0.000,,,,,NVIDIA A100-SXM4-40GB MIG 4g.20gb (0),1,,13,cupy_copy__complex64_complex64
4848524866,4032,126097,26,1,1,128,1,1,16,0.000,0.000,,,,,NVIDIA A100-SXM4-40GB MIG 4g.20gb (0),1,,13,cupy_copy__float32_float32
4848581538,8959,126106,103,1,1,128,1,1,16,0.000,0.000,,,,,NVIDIA A100-SXM4-40GB MIG 4g.20gb (0),1,,13,cupy_copy__complex64_complex64
4848668545,19455,126116,1434,1,1,128,1,1,16,0.000,0.000,,,,,NVIDIA A100-SXM4-40GB MIG 4g.20gb (0),1,,13,cupy_copy__complex64_complex64
4848770271,241758,126121,1,1,1,32,32,1,30,0.000,0.000,,,,,NVIDIA A100-SXM4-40GB MIG 4g.20gb (0),1,,13,"void convert_kernel<__half2, float2>(tensor_layout_any, T1 *, tensor_layout_any, const T2 *)"
4849042684,6624,126124,,,,,,,,,,0.094,14144.910,Pinned,Device,NVIDIA A100-SXM4-40GB MIG 4g.20gb (0),1,,13,[CUDA memcpy Host-to-Device]
4849129691,623705,126125,,,,,,,,,,456.561,731867.988,Device,,NVIDIA A100-SXM4-40GB MIG 4g.20gb (0),1,,13,[CUDA memset]
4849755732,73375,126130,,,,,,,,,,1.235,16829.817,Pinned,Device,NVIDIA A100-SXM4-40GB MIG 4g.20gb (0),1,,13,[CUDA memcpy Host-to-Device]
4849842643,18848,126131,,,,,,,,,,0.197,10431.234,Pinned,Device,NVIDIA A100-SXM4-40GB MIG 4g.20gb (0),1,,13,[CUDA memcpy Host-to-Device]
4849944722,19936,126132,69,4,1,48,1,1,76,0.002,0.000,,,,,NVIDIA A100-SXM4-40GB MIG 4g.20gb (0),1,,13,"void ch_est::windowedChEstPreNoDftSOfdmKernel<float, __half, float, (unsigned int)2, (unsigned int)1, (unsigned short)4>(ch_est::puschRxChEstStatDescr_t *, ch_est::puschRxChEstDynDescr_t *)"
4849994129,9568,126133,137,2,1,24,2,1,44,0.001,0.001,,,,,NVIDIA A100-SXM4-40GB MIG 4g.20gb (0),1,,13,"void ch_est::chEstFilterNoDftSOfdmDispatchKernel<float, __half, float, (unsigned int)2>(ch_est::puschRxChEstStatDescr_t *, ch_est::puschRxChEstDynDescr_t *)"
4850093712,9120,126134,137,2,1,24,2,1,44,0.001,0.001,,,,,NVIDIA A100-SXM4-40GB MIG 4g.20gb (0),1,,13,"void ch_est::chEstFilterNoDftSOfdmDispatchKernel<float, __half, float, (unsigned int)2>(ch_est::puschRxChEstStatDescr_t *, ch_est::puschRxChEstDynDescr_t *)"
4850206703,4608,126145,103,1,1,128,1,1,16,0.000,0.000,,,,,NVIDIA A100-SXM4-40GB MIG 4g.20gb (0),1,,13,cupy_copy__complex64_complex64
4850268334,23040,126155,1434,1,1,128,1,1,16,0.000,0.000,,,,,NVIDIA A100-SXM4-40GB MIG 4g.20gb (0),1,,13,cupy_copy__complex64_complex64
4850339245,5440,126162,103,1,1,128,1,1,16,0.000,0.000,,,,,NVIDIA A100-SXM4-40GB MIG 4g.20gb (0),1,,13,cupy_copy__complex64_complex64
4850426188,251357,126169,1,1,1,32,32,1,30,0.000,0.000,,,,,NVIDIA A100-SXM4-40GB MIG 4g.20gb (0),1,,13,"void convert_kernel<__half2, float2>(tensor_layout_any, T1 *, tensor_layout_any, const T2 *)"
4850718537,6752,126172,,,,,,,,,,0.094,13876.752,Pinned,Device,NVIDIA A100-SXM4-40GB MIG 4g.20gb (0),1,,13,[CUDA memcpy Host-to-Device]
4850816712,53439,126173,,,,,,,,,,35.810,670075.223,Device,,NVIDIA A100-SXM4-40GB MIG 4g.20gb (0),1,,13,[CUDA memset]
4850874823,1856,126175,,,,,,,,,,0.000,43.103,Pinned,Device,NVIDIA A100-SXM4-40GB MIG 4g.20gb (0),1,,13,[CUDA memcpy Host-to-Device]
4850879143,11392,126176,,,,,,,,,,0.197,17258.250,Pinned,Device,NVIDIA A100-SXM4-40GB MIG 4g.20gb (0),1,,13,[CUDA memcpy Host-to-Device]
4850984198,20288,126177,273,1,1,48,1,1,40,0.000,0.001,,,,,NVIDIA A100-SXM4-40GB MIG 4g.20gb (0),1,,13,"void pusch_noise_intf_est::noiseIntfEstNoDftSOfdmKernel<float, __half, float, float, (unsigned int)2, (unsigned int)1, (unsigned char)4, (unsigned char)4>(pusch_noise_intf_est::puschRxNoiseIntfEstDynDescr)"
4851097765,5023,126188,35,1,1,128,1,1,16,0.000,0.000,,,,,NVIDIA A100-SXM4-40GB MIG 4g.20gb (0),1,,13,cupy_copy__complex64_complex64
4851155716,2848,126197,1,1,1,1,1,1,18,0.000,0.000,,,,,NVIDIA A100-SXM4-40GB MIG 4g.20gb (0),1,,13,cupy_copy__float32_float32
4851163876,1600,126203,,,,,,,,,,0.000,2.500,Device,Pageable,NVIDIA A100-SXM4-40GB MIG 4g.20gb (0),1,,7,[CUDA memcpy Device-to-Host]
4851311650,17696,126214,1434,1,1,128,1,1,16,0.000,0.000,,,,,NVIDIA A100-SXM4-40GB MIG 4g.20gb (0),1,,13,cupy_copy__complex64_complex64
4851417601,5344,126221,103,1,1,128,1,1,16,0.000,0.000,,,,,NVIDIA A100-SXM4-40GB MIG 4g.20gb (0),1,,13,cupy_copy__complex64_complex64
4851481792,3904,126228,35,1,1,128,1,1,16,0.000,0.000,,,,,NVIDIA A100-SXM4-40GB MIG 4g.20gb (0),1,,13,cupy_copy__complex64_complex64
4851537855,3456,126235,1,1,1,1,1,1,18,0.000,0.000,,,,,NVIDIA A100-SXM4-40GB MIG 4g.20gb (0),1,,13,cupy_copy__float32_float32
4851623934,244606,126246,1,1,1,32,32,1,30,0.000,0.000,,,,,NVIDIA A100-SXM4-40GB MIG 4g.20gb (0),1,,13,"void convert_kernel<__half2, float2>(tensor_layout_any, T1 *, tensor_layout_any, const T2 *)"
4851898459,5888,126249,,,,,,,,,,0.094,15912.954,Pinned,Device,NVIDIA A100-SXM4-40GB MIG 4g.20gb (0),1,,13,[CUDA memcpy Host-to-Device]
4851988218,7328,126250,,,,,,,,,,1.547,211055.404,Device,,NVIDIA A100-SXM4-40GB MIG 4g.20gb (0),1,,13,[CUDA memset]
4851998106,3232,126255,,,,,,,,,,0.031,9683.139,Pinned,Device,NVIDIA A100-SXM4-40GB MIG 4g.20gb (0),1,,13,[CUDA memcpy Host-to-Device]
4852003802,9760,126256,,,,,,,,,,0.197,20144.259,Pinned,Device,NVIDIA A100-SXM4-40GB MIG 4g.20gb (0),1,,13,[CUDA memcpy Host-to-Device]
4852051162,16479,126257,273,1,1,8,4,1,39,0.002,0.000,,,,,NVIDIA A100-SXM4-40GB MIG 4g.20gb (0),1,,13,"void channel_eq::eqMmseCoefCompLowMimoKernel<float, float, float, (unsigned int)4, (unsigned int)1, (unsigned int)4>(const channel_eq::_puschRxChEqStatDescr *, channel_eq::_puschRxChEqCoefCompDynDescr)"
4852168216,10720,126258,273,1,1,12,11,1,51,0.002,0.000,,,,,NVIDIA A100-SXM4-40GB MIG 4g.20gb (0),1,,13,"void channel_eq::eqMmseSoftDemapKernel<float, __half, __half, float, (unsigned int)4, (unsigned short)16383>(channel_eq::_puschRxChEqStatDescr *, channel_eq::_puschRxChEqSoftDemapDynDescr)"
4852279223,597561,126259,1,1,1,32,32,1,30,0.000,0.000,,,,,NVIDIA A100-SXM4-40GB MIG 4g.20gb (0),1,,13,"void convert_kernel<float2, __half2>(tensor_layout_any, T1 *, tensor_layout_any, const T2 *)"
4852954255,13312,126271,2253,1,1,128,1,1,16,0.000,0.000,,,,,NVIDIA A100-SXM4-40GB MIG 4g.20gb (0),1,,13,cupy_copy__float16_float16
4853069902,5376,126280,282,1,1,128,1,1,16,0.000,0.000,,,,,NVIDIA A100-SXM4-40GB MIG 4g.20gb (0),1,,13,cupy_copy__complex64_complex64
4853156973,3552,126289,26,1,1,128,1,1,16,0.000,0.000,,,,,NVIDIA A100-SXM4-40GB MIG 4g.20gb (0),1,,13,cupy_copy__float32_float32
4853253900,9568,126298,103,1,1,128,1,1,16,0.000,0.000,,,,,NVIDIA A100-SXM4-40GB MIG 4g.20gb (0),1,,13,cupy_copy__complex64_complex64
4853352842,14944,126308,1434,1,1,128,1,1,16,0.000,0.000,,,,,NVIDIA A100-SXM4-40GB MIG 4g.20gb (0),1,,13,cupy_copy__complex64_complex64
4853483113,243325,126313,1,1,1,32,32,1,30,0.000,0.000,,,,,NVIDIA A100-SXM4-40GB MIG 4g.20gb (0),1,,13,"void convert_kernel<__half2, float2>(tensor_layout_any, T1 *, tensor_layout_any, const T2 *)"
4853778246,5472,126316,,,,,,,,,,0.094,17122.757,Pinned,Device,NVIDIA A100-SXM4-40GB MIG 4g.20gb (0),1,,13,[CUDA memcpy Host-to-Device]
4853879332,620793,126317,,,,,,,,,,456.561,735063.918,Device,,NVIDIA A100-SXM4-40GB MIG 4g.20gb (0),1,,13,[CUDA memset]
4854507357,67743,126322,,,,,,,,,,1.235,18229.008,Pinned,Device,NVIDIA A100-SXM4-40GB MIG 4g.20gb (0),1,,13,[CUDA memcpy Host-to-Device]
4854578588,15520,126323,,,,,,,,,,0.197,12667.847,Pinned,Device,NVIDIA A100-SXM4-40GB MIG 4g.20gb (0),1,,13,[CUDA memcpy Host-to-Device]
4854652507,9632,126324,69,4,1,48,1,1,76,0.002,0.000,,,,,NVIDIA A100-SXM4-40GB MIG 4g.20gb (0),1,,13,"void ch_est::windowedChEstPreNoDftSOfdmKernel<float, __half, float, (unsigned int)2, (unsigned int)1, (unsigned short)4>(ch_est::puschRxChEstStatDescr_t *, ch_est::puschRxChEstDynDescr_t *)"
4854762554,8192,126325,137,2,1,24,2,1,44,0.001,0.001,,,,,NVIDIA A100-SXM4-40GB MIG 4g.20gb (0),1,,13,"void ch_est::chEstFilterNoDftSOfdmDispatchKernel<float, __half, float, (unsigned int)2>(ch_est::puschRxChEstStatDescr_t *, ch_est::puschRxChEstDynDescr_t *)"
4854867801,8896,126326,137,2,1,24,2,1,44,0.001,0.001,,,,,NVIDIA A100-SXM4-40GB MIG 4g.20gb (0),1,,13,"void ch_est::chEstFilterNoDftSOfdmDispatchKernel<float, __half, float, (unsigned int)2>(ch_est::puschRxChEstStatDescr_t *, ch_est::puschRxChEstDynDescr_t *)"
4854976056,4608,126337,103,1,1,128,1,1,16,0.000,0.000,,,,,NVIDIA A100-SXM4-40GB MIG 4g.20gb (0),1,,13,cupy_copy__complex64_complex64
4855077271,17855,126347,1434,1,1,128,1,1,16,0.000,0.000,,,,,NVIDIA A100-SXM4-40GB MIG 4g.20gb (0),1,,13,cupy_copy__complex64_complex64
4855191637,5824,126354,103,1,1,128,1,1,16,0.000,0.000,,,,,NVIDIA A100-SXM4-40GB MIG 4g.20gb (0),1,,13,cupy_copy__complex64_complex64
4855279668,239261,126361,1,1,1,32,32,1,30,0.000,0.000,,,,,NVIDIA A100-SXM4-40GB MIG 4g.20gb (0),1,,13,"void convert_kernel<__half2, float2>(tensor_layout_any, T1 *, tensor_layout_any, const T2 *)"
4855550225,9440,126364,,,,,,,,,,0.094,9925.405,Pinned,Device,NVIDIA A100-SXM4-40GB MIG 4g.20gb (0),1,,13,[CUDA memcpy Host-to-Device]
4855621936,62080,126365,,,,,,,,,,35.810,576826.191,Device,,NVIDIA A100-SXM4-40GB MIG 4g.20gb (0),1,,13,[CUDA memset]
4855691247,2112,126367,,,,,,,,,,0.000,37.879,Pinned,Device,NVIDIA A100-SXM4-40GB MIG 4g.20gb (0),1,,13,[CUDA memcpy Host-to-Device]
4855695855,10208,126368,,,,,,,,,,0.197,19260.113,Pinned,Device,NVIDIA A100-SXM4-40GB MIG 4g.20gb (0),1,,13,[CUDA memcpy Host-to-Device]
4855782510,19008,126369,273,1,1,48,1,1,40,0.000,0.001,,,,,NVIDIA A100-SXM4-40GB MIG 4g.20gb (0),1,,13,"void pusch_noise_intf_est::noiseIntfEstNoDftSOfdmKernel<float, __half, float, float, (unsigned int)2, (unsigned int)1, (unsigned char)4, (unsigned char)4>(pusch_noise_intf_est::puschRxNoiseIntfEstDynDescr)"
4855859118,5088,126380,35,1,1,128,1,1,16,0.000,0.000,,,,,NVIDIA A100-SXM4-40GB MIG 4g.20gb (0),1,,13,cupy_copy__complex64_complex64
4855956492,2912,126389,1,1,1,1,1,1,18,0.000,0.000,,,,,NVIDIA A100-SXM4-40GB MIG 4g.20gb (0),1,,13,cupy_copy__float32_float32
4855965708,1632,126395,,,,,,,,,,0.000,2.451,Device,Pageable,NVIDIA A100-SXM4-40GB MIG 4g.20gb (0),1,,7,[CUDA memcpy Device-to-Host]
4856090187,14496,126406,1434,1,1,128,1,1,16,0.000,0.000,,,,,NVIDIA A100-SXM4-40GB MIG 4g.20gb (0),1,,13,cupy_copy__complex64_complex64
4856200522,5824,126413,103,1,1,128,1,1,16,0.000,0.000,,,,,NVIDIA A100-SXM4-40GB MIG 4g.20gb (0),1,,13,cupy_copy__complex64_complex64
4856294345,6367,126420,35,1,1,128,1,1,16,0.000,0.000,,,,,NVIDIA A100-SXM4-40GB MIG 4g.20gb (0),1,,13,cupy_copy__complex64_complex64
4856347112,3456,126427,1,1,1,1,1,1,18,0.000,0.000,,,,,NVIDIA A100-SXM4-40GB MIG 4g.20gb (0),1,,13,cupy_copy__float32_float32
4856399655,245917,126438,1,1,1,32,32,1,30,0.000,0.000,,,,,NVIDIA A100-SXM4-40GB MIG 4g.20gb (0),1,,13,"void convert_kernel<__half2, float2>(tensor_layout_any, T1 *, tensor_layout_any, const T2 *)"
4856685796,8480,126441,,,,,,,,,,0.094,11049.007,Pinned,Device,NVIDIA A100-SXM4-40GB MIG 4g.20gb (0),1,,13,[CUDA memcpy Host-to-Device]
4856767843,5792,126442,,,,,,,,,,1.547,267026.180,Device,,NVIDIA A100-SXM4-40GB MIG 4g.20gb (0),1,,13,[CUDA memset]
4856781059,14528,126447,,,,,,,,,,0.031,2154.166,Pinned,Device,NVIDIA A100-SXM4-40GB MIG 4g.20gb (0),1,,13,[CUDA memcpy Host-to-Device]
4856804483,10048,126448,,,,,,,,,,0.197,19566.821,Pinned,Device,NVIDIA A100-SXM4-40GB MIG 4g.20gb (0),1,,13,[CUDA memcpy Host-to-Device]
4856879874,15968,126449,273,1,1,8,4,1,39,0.002,0.000,,,,,NVIDIA A100-SXM4-40GB MIG 4g.20gb (0),1,,13,"void channel_eq::eqMmseCoefCompLowMimoKernel<float, float, float, (unsigned int)4, (unsigned int)1, (unsigned int)4>(const channel_eq::_puschRxChEqStatDescr *, channel_eq::_puschRxChEqCoefCompDynDescr)"
4856986433,10943,126450,273,1,1,12,11,1,51,0.002,0.000,,,,,NVIDIA A100-SXM4-40GB MIG 4g.20gb (0),1,,13,"void channel_eq::eqMmseSoftDemapKernel<float, __half, __half, float, (unsigned int)4, (unsigned short)16383>(channel_eq::_puschRxChEqStatDescr *, channel_eq::_puschRxChEqSoftDemapDynDescr)"
4857070016,575321,126451,1,1,1,32,32,1,30,0.000,0.000,,,,,NVIDIA A100-SXM4-40GB MIG 4g.20gb (0),1,,13,"void convert_kernel<float2, __half2>(tensor_layout_any, T1 *, tensor_layout_any, const T2 *)"
4857678457,12895,126463,2253,1,1,128,1,1,16,0.000,0.000,,,,,NVIDIA A100-SXM4-40GB MIG 4g.20gb (0),1,,13,cupy_copy__float16_float16
4857791831,4768,126472,282,1,1,128,1,1,16,0.000,0.000,,,,,NVIDIA A100-SXM4-40GB MIG 4g.20gb (0),1,,13,cupy_copy__complex64_complex64
4857879158,5824,126481,26,1,1,128,1,1,16,0.000,0.000,,,,,NVIDIA A100-SXM4-40GB MIG 4g.20gb (0),1,,13,cupy_copy__float32_float32
4857976661,10976,126490,103,1,1,128,1,1,16,0.000,0.000,,,,,NVIDIA A100-SXM4-40GB MIG 4g.20gb (0),1,,13,cupy_copy__complex64_complex64
4858077876,15328,126500,1434,1,1,128,1,1,16,0.000,0.000,,,,,NVIDIA A100-SXM4-40GB MIG 4g.20gb (0),1,,13,cupy_copy__complex64_complex64
4858194035,244061,126505,1,1,1,32,32,1,30,0.000,0.000,,,,,NVIDIA A100-SXM4-40GB MIG 4g.20gb (0),1,,13,"void convert_kernel<__half2, float2>(tensor_layout_any, T1 *, tensor_layout_any, const T2 *)"
4858470511,9248,126508,,,,,,,,,,0.094,10131.442,Pinned,Device,NVIDIA A100-SXM4-40GB MIG 4g.20gb (0),1,,13,[CUDA memcpy Host-to-Device]
4858538671,629496,126509,,,,,,,,,,456.561,725019.567,Device,,NVIDIA A100-SXM4-40GB MIG 4g.20gb (0),1,,13,[CUDA memset]
4859171367,63840,126514,,,,,,,,,,1.235,19344.163,Pinned,Device,NVIDIA A100-SXM4-40GB MIG 4g.20gb (0),1,,13,[CUDA memcpy Host-to-Device]
4859237799,10463,126515,,,,,,,,,,0.197,18790.613,Pinned,Device,NVIDIA A100-SXM4-40GB MIG 4g.20gb (0),1,,13,[CUDA memcpy Host-to-Device]
4859353573,14240,126516,69,4,1,48,1,1,76,0.002,0.000,,,,,NVIDIA A100-SXM4-40GB MIG 4g.20gb (0),1,,13,"void ch_est::windowedChEstPreNoDftSOfdmKernel<float, __half, float, (unsigned int)2, (unsigned int)1, (unsigned short)4>(ch_est::puschRxChEstStatDescr_t *, ch_est::puschRxChEstDynDescr_t *)"
4859443844,9760,126517,137,2,1,24,2,1,44,0.001,0.001,,,,,NVIDIA A100-SXM4-40GB MIG 4g.20gb (0),1,,13,"void ch_est::chEstFilterNoDftSOfdmDispatchKernel<float, __half, float, (unsigned int)2>(ch_est::puschRxChEstStatDescr_t *, ch_est::puschRxChEstDynDescr_t *)"
4859541635,10752,126518,137,2,1,24,2,1,44,0.001,0.001,,,,,NVIDIA A100-SXM4-40GB MIG 4g.20gb (0),1,,13,"void ch_est::chEstFilterNoDftSOfdmDispatchKernel<float, __half, float, (unsigned int)2>(ch_est::puschRxChEstStatDescr_t *, ch_est::puschRxChEstDynDescr_t *)"
4859634722,6048,126529,103,1,1,128,1,1,16,0.000,0.000,,,,,NVIDIA A100-SXM4-40GB MIG 4g.20gb (0),1,,13,cupy_copy__complex64_complex64
4859700769,20288,126539,1434,1,1,128,1,1,16,0.000,0.000,,,,,NVIDIA A100-SXM4-40GB MIG 4g.20gb (0),1,,13,cupy_copy__complex64_complex64
4859762337,6047,126546,103,1,1,128,1,1,16,0.000,0.000,,,,,NVIDIA A100-SXM4-40GB MIG 4g.20gb (0),1,,13,cupy_copy__complex64_complex64
4859850847,252542,126553,1,1,1,32,32,1,30,0.000,0.000,,,,,NVIDIA A100-SXM4-40GB MIG 4g.20gb (0),1,,13,"void convert_kernel<__half2, float2>(tensor_layout_any, T1 *, tensor_layout_any, const T2 *)"
4860134364,8064,126556,,,,,,,,,,0.094,11618.960,Pinned,Device,NVIDIA A100-SXM4-40GB MIG 4g.20gb (0),1,,13,[CUDA memcpy Host-to-Device]
4860224699,54912,126557,,,,,,,,,,35.810,652098.643,Device,,NVIDIA A100-SXM4-40GB MIG 4g.20gb (0),1,,13,[CUDA memset]
4860285882,1952,126559,,,,,,,,,,0.000,40.984,Pinned,Device,NVIDIA A100-SXM4-40GB MIG 4g.20gb (0),1,,13,[CUDA memcpy Host-to-Device]
4860290298,10528,126560,,,,,,,,,,0.197,18674.614,Pinned,Device,NVIDIA A100-SXM4-40GB MIG 4g.20gb (0),1,,13,[CUDA memcpy Host-to-Device]
4860395033,15392,126561,273,1,1,48,1,1,40,0.000,0.001,,,,,NVIDIA A100-SXM4-40GB MIG 4g.20gb (0),1,,13,"void pusch_noise_intf_est::noiseIntfEstNoDftSOfdmKernel<float, __half, float, float, (unsigned int)2, (unsigned int)1, (unsigned char)4, (unsigned char)4>(pusch_noise_intf_est::puschRxNoiseIntfEstDynDescr)"
4860502456,5888,126572,35,1,1,128,1,1,16,0.000,0.000,,,,,NVIDIA A100-SXM4-40GB MIG 4g.20gb (0),1,,13,cupy_copy__complex64_complex64
4860584375,4096,126581,1,1,1,1,1,1,18,0.000,0.000,,,,,NVIDIA A100-SXM4-40GB MIG 4g.20gb (0),1,,13,cupy_copy__float32_float32
4860596151,1888,126587,,,,,,,,,,0.000,2.119,Device,Pageable,NVIDIA A100-SXM4-40GB MIG 4g.20gb (0),1,,7,[CUDA memcpy Device-to-Host]
4860746293,16096,126598,1434,1,1,128,1,1,16,0.000,0.000,,,,,NVIDIA A100-SXM4-40GB MIG 4g.20gb (0),1,,13,cupy_copy__complex64_complex64
4860814484,3168,126605,103,1,1,128,1,1,16,0.000,0.000,,,,,NVIDIA A100-SXM4-40GB MIG 4g.20gb (0),1,,13,cupy_copy__complex64_complex64
4860872020,4736,126612,35,1,1,128,1,1,16,0.000,0.000,,,,,NVIDIA A100-SXM4-40GB MIG 4g.20gb (0),1,,13,cupy_copy__complex64_complex64
4860962579,4640,126619,1,1,1,1,1,1,18,0.000,0.000,,,,,NVIDIA A100-SXM4-40GB MIG 4g.20gb (0),1,,13,cupy_copy__float32_float32
4861035634,249245,126630,1,1,1,32,32,1,30,0.000,0.000,,,,,NVIDIA A100-SXM4-40GB MIG 4g.20gb (0),1,,13,"void convert_kernel<__half2, float2>(tensor_layout_any, T1 *, tensor_layout_any, const T2 *)"
4861317327,6303,126633,,,,,,,,,,0.094,14865.245,Pinned,Device,NVIDIA A100-SXM4-40GB MIG 4g.20gb (0),1,,13,[CUDA memcpy Host-to-Device]
4861398478,8448,126634,,,,,,,,,,1.547,183075.430,Device,,NVIDIA A100-SXM4-40GB MIG 4g.20gb (0),1,,13,[CUDA memset]
4861412333,3264,126639,,,,,,,,,,0.031,9588.218,Pinned,Device,NVIDIA A100-SXM4-40GB MIG 4g.20gb (0),1,,13,[CUDA memcpy Host-to-Device]
4861421901,13504,126640,,,,,,,,,,0.197,14559.216,Pinned,Device,NVIDIA A100-SXM4-40GB MIG 4g.20gb (0),1,,13,[CUDA memcpy Host-to-Device]
4861491693,11711,126641,273,1,1,8,4,1,39,0.002,0.000,,,,,NVIDIA A100-SXM4-40GB MIG 4g.20gb (0),1,,13,"void channel_eq::eqMmseCoefCompLowMimoKernel<float, float, float, (unsigned int)4, (unsigned int)1, (unsigned int)4>(const channel_eq::_puschRxChEqStatDescr *, channel_eq::_puschRxChEqCoefCompDynDescr)"
4861577932,10911,126642,273,1,1,12,11,1,51,0.002,0.000,,,,,NVIDIA A100-SXM4-40GB MIG 4g.20gb (0),1,,13,"void channel_eq::eqMmseSoftDemapKernel<float, __half, __half, float, (unsigned int)4, (unsigned short)16383>(channel_eq::_puschRxChEqStatDescr *, channel_eq::_puschRxChEqSoftDemapDynDescr)"
4861674826,592762,126643,1,1,1,32,32,1,30,0.000,0.000,,,,,NVIDIA A100-SXM4-40GB MIG 4g.20gb (0),1,,13,"void convert_kernel<float2, __half2>(tensor_layout_any, T1 *, tensor_layout_any, const T2 *)"
4862309955,18464,126655,2253,1,1,128,1,1,16,0.000,0.000,,,,,NVIDIA A100-SXM4-40GB MIG 4g.20gb (0),1,,13,cupy_copy__float16_float16
4862420930,4736,126664,282,1,1,128,1,1,16,0.000,0.000,,,,,NVIDIA A100-SXM4-40GB MIG 4g.20gb (0),1,,13,cupy_copy__complex64_complex64
4862516257,3776,126673,26,1,1,128,1,1,16,0.000,0.000,,,,,NVIDIA A100-SXM4-40GB MIG 4g.20gb (0),1,,13,cupy_copy__float32_float32
4862576704,7968,126682,103,1,1,128,1,1,16,0.000,0.000,,,,,NVIDIA A100-SXM4-40GB MIG 4g.20gb (0),1,,13,cupy_copy__complex64_complex64
4862640991,16192,126692,1434,1,1,128,1,1,16,0.000,0.000,,,,,NVIDIA A100-SXM4-40GB MIG 4g.20gb (0),1,,13,cupy_copy__complex64_complex64
4862752670,250141,126697,1,1,1,32,32,1,30,0.000,0.000,,,,,NVIDIA A100-SXM4-40GB MIG 4g.20gb (0),1,,13,"void convert_kernel<__half2, float2>(tensor_layout_any, T1 *, tensor_layout_any, const T2 *)"
4863035611,9888,126700,,,,,,,,,,0.094,9475.664,Pinned,Device,NVIDIA A100-SXM4-40GB MIG 4g.20gb (0),1,,13,[CUDA memcpy Host-to-Device]
4863122938,622745,126701,,,,,,,,,,456.561,732781.111,Device,,NVIDIA A100-SXM4-40GB MIG 4g.20gb (0),1,,13,[CUDA memset]
4863750226,64224,126706,,,,,,,,,,1.235,19228.078,Pinned,Device,NVIDIA A100-SXM4-40GB MIG 4g.20gb (0),1,,13,[CUDA memcpy Host-to-Device]
4863817650,12288,126707,,,,,,,,,,0.197,15999.959,Pinned,Device,NVIDIA A100-SXM4-40GB MIG 4g.20gb (0),1,,13,[CUDA memcpy Host-to-Device]
4863921713,23519,126708,69,4,1,48,1,1,76,0.002,0.000,,,,,NVIDIA A100-SXM4-40GB MIG 4g.20gb (0),1,,13,"void ch_est::windowedChEstPreNoDftSOfdmKernel<float, __half, float, (unsigned int)2, (unsigned int)1, (unsigned short)4>(ch_est::puschRxChEstStatDescr_t *, ch_est::puschRxChEstDynDescr_t *)"
4863989424,8384,126709,137,2,1,24,2,1,44,0.001,0.001,,,,,NVIDIA A100-SXM4-40GB MIG 4g.20gb (0),1,,13,"void ch_est::chEstFilterNoDftSOfdmDispatchKernel<float, __half, float, (unsigned int)2>(ch_est::puschRxChEstStatDescr_t *, ch_est::puschRxChEstDynDescr_t *)"
4864075311,9472,126710,137,2,1,24,2,1,44,0.001,0.001,,,,,NVIDIA A100-SXM4-40GB MIG 4g.20gb (0),1,,13,"void ch_est::chEstFilterNoDftSOfdmDispatchKernel<float, __half, float, (unsigned int)2>(ch_est::puschRxChEstStatDescr_t *, ch_est::puschRxChEstDynDescr_t *)"
4864174030,6528,126721,103,1,1,128,1,1,16,0.000,0.000,,,,,NVIDIA A100-SXM4-40GB MIG 4g.20gb (0),1,,13,cupy_copy__complex64_complex64
4864252845,17727,126731,1434,1,1,128,1,1,16,0.000,0.000,,,,,NVIDIA A100-SXM4-40GB MIG 4g.20gb (0),1,,13,cupy_copy__complex64_complex64
4864357323,5760,126738,103,1,1,128,1,1,16,0.000,0.000,,,,,NVIDIA A100-SXM4-40GB MIG 4g.20gb (0),1,,13,cupy_copy__complex64_complex64
4864415595,308700,126745,1,1,1,32,32,1,30,0.000,0.000,,,,,NVIDIA A100-SXM4-40GB MIG 4g.20gb (0),1,,13,"void convert_kernel<__half2, float2>(tensor_layout_any, T1 *, tensor_layout_any, const T2 *)"
4864754919,5888,126748,,,,,,,,,,0.094,15912.954,Pinned,Device,NVIDIA A100-SXM4-40GB MIG 4g.20gb (0),1,,13,[CUDA memcpy Host-to-Device]
4864829478,61375,126749,,,,,,,,,,35.810,583451.027,Device,,NVIDIA A100-SXM4-40GB MIG 4g.20gb (0),1,,13,[CUDA memset]
4864895941,2144,126751,,,,,,,,,,0.000,37.313,Pinned,Device,NVIDIA A100-SXM4-40GB MIG 4g.20gb (0),1,,13,[CUDA memcpy Host-to-Device]
4864901669,10720,126752,,,,,,,,,,0.197,18340.184,Pinned,Device,NVIDIA A100-SXM4-40GB MIG 4g.20gb (0),1,,13,[CUDA memcpy Host-to-Device]
4865001412,28928,126753,273,1,1,48,1,1,40,0.000,0.001,,,,,NVIDIA A100-SXM4-40GB MIG 4g.20gb (0),1,,13,"void pusch_noise_intf_est::noiseIntfEstNoDftSOfdmKernel<float, __half, float, float, (unsigned int)2, (unsigned int)1, (unsigned char)4, (unsigned char)4>(pusch_noise_intf_est::puschRxNoiseIntfEstDynDescr)"
4865071971,5536,126764,35,1,1,128,1,1,16,0.000,0.000,,,,,NVIDIA A100-SXM4-40GB MIG 4g.20gb (0),1,,13,cupy_copy__complex64_complex64
4865174082,3104,126773,1,1,1,1,1,1,18,0.000,0.000,,,,,NVIDIA A100-SXM4-40GB MIG 4g.20gb (0),1,,13,cupy_copy__float32_float32
4865177986,1696,126779,,,,,,,,,,0.000,2.358,Device,Pageable,NVIDIA A100-SXM4-40GB MIG 4g.20gb (0),1,,7,[CUDA memcpy Device-to-Host]
4865313824,15680,126790,1434,1,1,128,1,1,16,0.000,0.000,,,,,NVIDIA A100-SXM4-40GB MIG 4g.20gb (0),1,,13,cupy_copy__complex64_complex64
4865424255,3712,126797,103,1,1,128,1,1,16,0.000,0.000,,,,,NVIDIA A100-SXM4-40GB MIG 4g.20gb (0),1,,13,cupy_copy__complex64_complex64
4865488254,6432,126804,35,1,1,128,1,1,16,0.000,0.000,,,,,NVIDIA A100-SXM4-40GB MIG 4g.20gb (0),1,,13,cupy_copy__complex64_complex64
4865527646,9216,126811,1,1,1,1,1,1,18,0.000,0.000,,,,,NVIDIA A100-SXM4-40GB MIG 4g.20gb (0),1,,13,cupy_copy__float32_float32
4865621533,245821,126822,1,1,1,32,32,1,30,0.000,0.000,,,,,NVIDIA A100-SXM4-40GB MIG 4g.20gb (0),1,,13,"void convert_kernel<__half2, float2>(tensor_layout_any, T1 *, tensor_layout_any, const T2 *)"
4865898106,5920,126825,,,,,,,,,,0.094,15826.941,Pinned,Device,NVIDIA A100-SXM4-40GB MIG 4g.20gb (0),1,,13,[CUDA memcpy Host-to-Device]
4865974265,6720,126826,,,,,,,,,,1.547,230151.571,Device,,NVIDIA A100-SXM4-40GB MIG 4g.20gb (0),1,,13,[CUDA memset]
4865987449,3456,126831,,,,,,,,,,0.031,9055.529,Pinned,Device,NVIDIA A100-SXM4-40GB MIG 4g.20gb (0),1,,13,[CUDA memcpy Host-to-Device]
4865993369,9983,126832,,,,,,,,,,0.197,19694.223,Pinned,Device,NVIDIA A100-SXM4-40GB MIG 4g.20gb (0),1,,13,[CUDA memcpy Host-to-Device]
4866097175,26944,126833,273,1,1,8,4,1,39,0.002,0.000,,,,,NVIDIA A100-SXM4-40GB MIG 4g.20gb (0),1,,13,"void channel_eq::eqMmseCoefCompLowMimoKernel<float, float, float, (unsigned int)4, (unsigned int)1, (unsigned int)4>(const channel_eq::_puschRxChEqStatDescr *, channel_eq::_puschRxChEqCoefCompDynDescr)"
4866163863,9280,126834,273,1,1,12,11,1,51,0.002,0.000,,,,,NVIDIA A100-SXM4-40GB MIG 4g.20gb (0),1,,13,"void channel_eq::eqMmseSoftDemapKernel<float, __half, __half, float, (unsigned int)4, (unsigned short)16383>(channel_eq::_puschRxChEqStatDescr *, channel_eq::_puschRxChEqSoftDemapDynDescr)"
4866271093,625785,126835,1,1,1,32,32,1,30,0.000,0.000,,,,,NVIDIA A100-SXM4-40GB MIG 4g.20gb (0),1,,13,"void convert_kernel<float2, __half2>(tensor_layout_any, T1 *, tensor_layout_any, const T2 *)"
4866947278,12767,126847,2253,1,1,128,1,1,16,0.000,0.000,,,,,NVIDIA A100-SXM4-40GB MIG 4g.20gb (0),1,,13,cupy_copy__float16_float16
4867077580,6016,126856,282,1,1,128,1,1,16,0.000,0.000,,,,,NVIDIA A100-SXM4-40GB MIG 4g.20gb (0),1,,13,cupy_copy__complex64_complex64
4867174443,4224,126865,26,1,1,128,1,1,16,0.000,0.000,,,,,NVIDIA A100-SXM4-40GB MIG 4g.20gb (0),1,,13,cupy_copy__float32_float32
4867256394,9312,126874,103,1,1,128,1,1,16,0.000,0.000,,,,,NVIDIA A100-SXM4-40GB MIG 4g.20gb (0),1,,13,cupy_copy__complex64_complex64
4867351241,15328,126884,1434,1,1,128,1,1,16,0.000,0.000,,,,,NVIDIA A100-SXM4-40GB MIG 4g.20gb (0),1,,13,cupy_copy__complex64_complex64
4867475719,234078,126889,1,1,1,32,32,1,30,0.000,0.000,,,,,NVIDIA A100-SXM4-40GB MIG 4g.20gb (0),1,,13,"void convert_kernel<__half2, float2>(tensor_layout_any, T1 *, tensor_layout_any, const T2 *)"
4867743172,5888,126892,,,,,,,,,,0.094,15912.954,Pinned,Device,NVIDIA A100-SXM4-40GB MIG 4g.20gb (0),1,,13,[CUDA memcpy Host-to-Device]
4867814276,616600,126893,,,,,,,,,,456.561,740086.094,Device,,NVIDIA A100-SXM4-40GB MIG 4g.20gb (0),1,,13,[CUDA memset]
4868433500,58496,126898,,,,,,,,,,1.235,21111.368,Pinned,Device,NVIDIA A100-SXM4-40GB MIG 4g.20gb (0),1,,13,[CUDA memcpy Host-to-Device]
4868495804,12064,126899,,,,,,,,,,0.197,16297.034,Pinned,Device,NVIDIA A100-SXM4-40GB MIG 4g.20gb (0),1,,13,[CUDA memcpy Host-to-Device]
4868549083,11584,126900,69,4,1,48,1,1,76,0.002,0.000,,,,,NVIDIA A100-SXM4-40GB MIG 4g.20gb (0),1,,13,"void ch_est::windowedChEstPreNoDftSOfdmKernel<float, __half, float, (unsigned int)2, (unsigned int)1, (unsigned short)4>(ch_est::puschRxChEstStatDescr_t *, ch_est::puschRxChEstDynDescr_t *)"
4868665978,8576,126901,137,2,1,24,2,1,44,0.001,0.001,,,,,NVIDIA A100-SXM4-40GB MIG 4g.20gb (0),1,,13,"void ch_est::chEstFilterNoDftSOfdmDispatchKernel<float, __half, float, (unsigned int)2>(ch_est::puschRxChEstStatDescr_t *, ch_est::puschRxChEstDynDescr_t *)"
4868783448,9696,126902,137,2,1,24,2,1,44,0.001,0.001,,,,,NVIDIA A100-SXM4-40GB MIG 4g.20gb (0),1,,13,"void ch_est::chEstFilterNoDftSOfdmDispatchKernel<float, __half, float, (unsigned int)2>(ch_est::puschRxChEstStatDescr_t *, ch_est::puschRxChEstDynDescr_t *)"
4868880119,4736,126913,103,1,1,128,1,1,16,0.000,0.000,,,,,NVIDIA A100-SXM4-40GB MIG 4g.20gb (0),1,,13,cupy_copy__complex64_complex64
4868954134,17984,126923,1434,1,1,128,1,1,16,0.000,0.000,,,,,NVIDIA A100-SXM4-40GB MIG 4g.20gb (0),1,,13,cupy_copy__complex64_complex64
4869065813,4224,126930,103,1,1,128,1,1,16,0.000,0.000,,,,,NVIDIA A100-SXM4-40GB MIG 4g.20gb (0),1,,13,cupy_copy__complex64_complex64
4869118965,239389,126937,1,1,1,32,32,1,30,0.000,0.000,,,,,NVIDIA A100-SXM4-40GB MIG 4g.20gb (0),1,,13,"void convert_kernel<__half2, float2>(tensor_layout_any, T1 *, tensor_layout_any, const T2 *)"
4869388497,6912,126940,,,,,,,,,,0.094,13555.469,Pinned,Device,NVIDIA A100-SXM4-40GB MIG 4g.20gb (0),1,,13,[CUDA memcpy Host-to-Device]
4869467281,57791,126941,,,,,,,,,,35.810,619619.046,Device,,NVIDIA A100-SXM4-40GB MIG 4g.20gb (0),1,,13,[CUDA memset]
4869525744,5056,126943,,,,,,,,,,0.000,15.823,Pinned,Device,NVIDIA A100-SXM4-40GB MIG 4g.20gb (0),1,,13,[CUDA memcpy Host-to-Device]
4869533264,13312,126944,,,,,,,,,,0.197,14769.193,Pinned,Device,NVIDIA A100-SXM4-40GB MIG 4g.20gb (0),1,,13,[CUDA memcpy Host-to-Device]
4869632847,16991,126945,273,1,1,48,1,1,40,0.000,0.001,,,,,NVIDIA A100-SXM4-40GB MIG 4g.20gb (0),1,,13,"void pusch_noise_intf_est::noiseIntfEstNoDftSOfdmKernel<float, __half, float, float, (unsigned int)2, (unsigned int)1, (unsigned char)4, (unsigned char)4>(pusch_noise_intf_est::puschRxNoiseIntfEstDynDescr)"
4869726446,5087,126956,35,1,1,128,1,1,16,0.000,0.000,,,,,NVIDIA A100-SXM4-40GB MIG 4g.20gb (0),1,,13,cupy_copy__complex64_complex64
4869813005,3103,126965,1,1,1,1,1,1,18,0.000,0.000,,,,,NVIDIA A100-SXM4-40GB MIG 4g.20gb (0),1,,13,cupy_copy__float32_float32
4869818188,15264,126971,,,,,,,,,,0.000,0.262,Device,Pageable,NVIDIA A100-SXM4-40GB MIG 4g.20gb (0),1,,7,[CUDA memcpy Device-to-Host]
4869974315,19871,126982,1434,1,1,128,1,1,16,0.000,0.000,,,,,NVIDIA A100-SXM4-40GB MIG 4g.20gb (0),1,,13,cupy_copy__complex64_complex64
4870045354,4832,126989,103,1,1,128,1,1,16,0.000,0.000,,,,,NVIDIA A100-SXM4-40GB MIG 4g.20gb (0),1,,13,cupy_copy__complex64_complex64
4870151433,4960,126996,35,1,1,128,1,1,16,0.000,0.000,,,,,NVIDIA A100-SXM4-40GB MIG 4g.20gb (0),1,,13,cupy_copy__complex64_complex64
4870241768,3104,127003,1,1,1,1,1,1,18,0.000,0.000,,,,,NVIDIA A100-SXM4-40GB MIG 4g.20gb (0),1,,13,cupy_copy__float32_float32
4870282695,234941,127014,1,1,1,32,32,1,30,0.000,0.000,,,,,NVIDIA A100-SXM4-40GB MIG 4g.20gb (0),1,,13,"void convert_kernel<__half2, float2>(tensor_layout_any, T1 *, tensor_layout_any, const T2 *)"
4870546852,5504,127017,,,,,,,,,,0.094,17023.251,Pinned,Device,NVIDIA A100-SXM4-40GB MIG 4g.20gb (0),1,,13,[CUDA memcpy Host-to-Device]
4870623939,5376,127018,,,,,,,,,,1.547,287689.077,Device,,NVIDIA A100-SXM4-40GB MIG 4g.20gb (0),1,,13,[CUDA memset]
4870634531,5536,127023,,,,,,,,,,0.031,5653.153,Pinned,Device,NVIDIA A100-SXM4-40GB MIG 4g.20gb (0),1,,13,[CUDA memcpy Host-to-Device]
4870642595,10176,127024,,,,,,,,,,0.197,19320.668,Pinned,Device,NVIDIA A100-SXM4-40GB MIG 4g.20gb (0),1,,13,[CUDA memcpy Host-to-Device]
4870741506,15968,127025,273,1,1,8,4,1,39,0.002,0.000,,,,,NVIDIA A100-SXM4-40GB MIG 4g.20gb (0),1,,13,"void channel_eq::eqMmseCoefCompLowMimoKernel<float, float, float, (unsigned int)4, (unsigned int)1, (unsigned int)4>(const channel_eq::_puschRxChEqStatDescr *, channel_eq::_puschRxChEqCoefCompDynDescr)"
4870806273,9088,127026,273,1,1,12,11,1,51,0.002,0.000,,,,,NVIDIA A100-SXM4-40GB MIG 4g.20gb (0),1,,13,"void channel_eq::eqMmseSoftDemapKernel<float, __half, __half, float, (unsigned int)4, (unsigned short)16383>(channel_eq::_puschRxChEqStatDescr *, channel_eq::_puschRxChEqSoftDemapDynDescr)"
4870899136,601625,127027,1,1,1,32,32,1,30,0.000,0.000,,,,,NVIDIA A100-SXM4-40GB MIG 4g.20gb (0),1,,13,"void convert_kernel<float2, __half2>(tensor_layout_any, T1 *, tensor_layout_any, const T2 *)"
4871569336,13152,127039,2253,1,1,128,1,1,16,0.000,0.000,,,,,NVIDIA A100-SXM4-40GB MIG 4g.20gb (0),1,,13,cupy_copy__float16_float16
4871685047,6080,127048,282,1,1,128,1,1,16,0.000,0.000,,,,,NVIDIA A100-SXM4-40GB MIG 4g.20gb (0),1,,13,cupy_copy__complex64_complex64
4871770998,5600,127057,26,1,1,128,1,1,16,0.000,0.000,,,,,NVIDIA A100-SXM4-40GB MIG 4g.20gb (0),1,,13,cupy_copy__float32_float32
4871870005,9472,127066,103,1,1,128,1,1,16,0.000,0.000,,,,,NVIDIA A100-SXM4-40GB MIG 4g.20gb (0),1,,13,cupy_copy__complex64_complex64
4871972372,15679,127076,1434,1,1,128,1,1,16,0.000,0.000,,,,,NVIDIA A100-SXM4-40GB MIG 4g.20gb (0),1,,13,cupy_copy__complex64_complex64
4872087090,235262,127081,1,1,1,32,32,1,30,0.000,0.000,,,,,NVIDIA A100-SXM4-40GB MIG 4g.20gb (0),1,,13,"void convert_kernel<__half2, float2>(tensor_layout_any, T1 *, tensor_layout_any, const T2 *)"
4872356303,6784,127084,,,,,,,,,,0.094,13811.259,Pinned,Device,NVIDIA A100-SXM4-40GB MIG 4g.20gb (0),1,,13,[CUDA memcpy Host-to-Device]
4872391759,624281,127085,,,,,,,,,,456.561,730954.865,Device,,NVIDIA A100-SXM4-40GB MIG 4g.20gb (0),1,,13,[CUDA memset]
4873018280,67039,127090,,,,,,,,,,1.235,18420.425,Pinned,Device,NVIDIA A100-SXM4-40GB MIG 4g.20gb (0),1,,13,[CUDA memcpy Host-to-Device]
4873088103,12352,127091,,,,,,,,,,0.197,15916.990,Pinned,Device,NVIDIA A100-SXM4-40GB MIG 4g.20gb (0),1,,13,[CUDA memcpy Host-to-Device]
4873195845,33664,127092,69,4,1,48,1,1,76,0.002,0.000,,,,,NVIDIA A100-SXM4-40GB MIG 4g.20gb (0),1,,13,"void ch_est::windowedChEstPreNoDftSOfdmKernel<float, __half, float, (unsigned int)2, (unsigned int)1, (unsigned short)4>(ch_est::puschRxChEstStatDescr_t *, ch_est::puschRxChEstDynDescr_t *)"
4873267173,7328,127093,137,2,1,24,2,1,44,0.001,0.001,,,,,NVIDIA A100-SXM4-40GB MIG 4g.20gb (0),1,,13,"void ch_est::chEstFilterNoDftSOfdmDispatchKernel<float, __half, float, (unsigned int)2>(ch_est::puschRxChEstStatDescr_t *, ch_est::puschRxChEstDynDescr_t *)"
4873382211,8448,127094,137,2,1,24,2,1,44,0.001,0.001,,,,,NVIDIA A100-SXM4-40GB MIG 4g.20gb (0),1,,13,"void ch_est::chEstFilterNoDftSOfdmDispatchKernel<float, __half, float, (unsigned int)2>(ch_est::puschRxChEstStatDescr_t *, ch_est::puschRxChEstDynDescr_t *)"
4873485570,4864,127105,103,1,1,128,1,1,16,0.000,0.000,,,,,NVIDIA A100-SXM4-40GB MIG 4g.20gb (0),1,,13,cupy_copy__complex64_complex64
4873572193,19680,127115,1434,1,1,128,1,1,16,0.000,0.000,,,,,NVIDIA A100-SXM4-40GB MIG 4g.20gb (0),1,,13,cupy_copy__complex64_complex64
4873684512,5376,127122,103,1,1,128,1,1,16,0.000,0.000,,,,,NVIDIA A100-SXM4-40GB MIG 4g.20gb (0),1,,13,cupy_copy__complex64_complex64
4873744735,232669,127129,1,1,1,32,32,1,30,0.000,0.000,,,,,NVIDIA A100-SXM4-40GB MIG 4g.20gb (0),1,,13,"void convert_kernel<__half2, float2>(tensor_layout_any, T1 *, tensor_layout_any, const T2 *)"
4874008924,22144,127132,,,,,,,,,,0.094,4231.124,Pinned,Device,NVIDIA A100-SXM4-40GB MIG 4g.20gb (0),1,,13,[CUDA memcpy Host-to-Device]
4874092635,53888,127133,,,,,,,,,,35.810,664524.685,Device,,NVIDIA A100-SXM4-40GB MIG 4g.20gb (0),1,,13,[CUDA memset]
4874147866,4896,127135,,,,,,,,,,0.000,16.340,Pinned,Device,NVIDIA A100-SXM4-40GB MIG 4g.20gb (0),1,,13,[CUDA memcpy Host-to-Device]
4874155354,12192,127136,,,,,,,,,,0.197,16125.788,Pinned,Device,NVIDIA A100-SXM4-40GB MIG 4g.20gb (0),1,,13,[CUDA memcpy Host-to-Device]
4874261465,17472,127137,273,1,1,48,1,1,40,0.000,0.001,,,,,NVIDIA A100-SXM4-40GB MIG 4g.20gb (0),1,,13,"void pusch_noise_intf_est::noiseIntfEstNoDftSOfdmKernel<float, __half, float, float, (unsigned int)2, (unsigned int)1, (unsigned char)4, (unsigned char)4>(pusch_noise_intf_est::puschRxNoiseIntfEstDynDescr)"
4874381400,6848,127148,35,1,1,128,1,1,16,0.000,0.000,,,,,NVIDIA A100-SXM4-40GB MIG 4g.20gb (0),1,,13,cupy_copy__complex64_complex64
4874480983,2560,127157,1,1,1,1,1,1,18,0.000,0.000,,,,,NVIDIA A100-SXM4-40GB MIG 4g.20gb (0),1,,13,cupy_copy__float32_float32
4874487575,5312,127163,,,,,,,,,,0.000,0.753,Device,Pageable,NVIDIA A100-SXM4-40GB MIG 4g.20gb (0),1,,7,[CUDA memcpy Device-to-Host]
4874633589,15648,127174,1434,1,1,128,1,1,16,0.000,0.000,,,,,NVIDIA A100-SXM4-40GB MIG 4g.20gb (0),1,,13,cupy_copy__complex64_complex64
4874755027,5536,127181,103,1,1,128,1,1,16,0.000,0.000,,,,,NVIDIA A100-SXM4-40GB MIG 4g.20gb (0),1,,13,cupy_copy__complex64_complex64
4874844498,4096,127188,35,1,1,128,1,1,16,0.000,0.000,,,,,NVIDIA A100-SXM4-40GB MIG 4g.20gb (0),1,,13,cupy_copy__complex64_complex64
4874946737,2976,127195,1,1,1,1,1,1,18,0.000,0.000,,,,,NVIDIA A100-SXM4-40GB MIG 4g.20gb (0),1,,13,cupy_copy__float32_float32
4875007761,234013,127206,1,1,1,32,32,1,30,0.000,0.000,,,,,NVIDIA A100-SXM4-40GB MIG 4g.20gb (0),1,,13,"void convert_kernel<__half2, float2>(tensor_layout_any, T1 *, tensor_layout_any, const T2 *)"
4875273230,5727,127209,,,,,,,,,,0.094,16360.352,Pinned,Device,NVIDIA A100-SXM4-40GB MIG 4g.20gb (0),1,,13,[CUDA memcpy Host-to-Device]
4875355949,5343,127210,,,,,,,,,,1.547,289466.148,Device,,NVIDIA A100-SXM4-40GB MIG 4g.20gb (0),1,,13,[CUDA memset]
4875367180,7136,127215,,,,,,,,,,0.031,4385.634,Pinned,Device,NVIDIA A100-SXM4-40GB MIG 4g.20gb (0),1,,13,[CUDA memcpy Host-to-Device]
4875379564,9760,127216,,,,,,,,,,0.197,20144.259,Pinned,Device,NVIDIA A100-SXM4-40GB MIG 4g.20gb (0),1,,13,[CUDA memcpy Host-to-Device]
4875463467,13024,127217,273,1,1,8,4,1,39,0.002,0.000,,,,,NVIDIA A100-SXM4-40GB MIG 4g.20gb (0),1,,13,"void channel_eq::eqMmseCoefCompLowMimoKernel<float, float, float, (unsigned int)4, (unsigned int)1, (unsigned int)4>(const channel_eq::_puschRxChEqStatDescr *, channel_eq::_puschRxChEqCoefCompDynDescr)"
4875576042,10208,127218,273,1,1,12,11,1,51,0.002,0.000,,,,,NVIDIA A100-SXM4-40GB MIG 4g.20gb (0),1,,13,"void channel_eq::eqMmseSoftDemapKernel<float, __half, __half, float, (unsigned int)4, (unsigned short)16383>(channel_eq::_puschRxChEqStatDescr *, channel_eq::_puschRxChEqSoftDemapDynDescr)"
4875681641,610777,127219,1,1,1,32,32,1,30,0.000,0.000,,,,,NVIDIA A100-SXM4-40GB MIG 4g.20gb (0),1,,13,"void convert_kernel<float2, __half2>(tensor_layout_any, T1 *, tensor_layout_any, const T2 *)"
4876347105,13600,127231,2253,1,1,128,1,1,16,0.000,0.000,,,,,NVIDIA A100-SXM4-40GB MIG 4g.20gb (0),1,,13,cupy_copy__float16_float16
4876460576,5280,127240,282,1,1,128,1,1,16,0.000,0.000,,,,,NVIDIA A100-SXM4-40GB MIG 4g.20gb (0),1,,13,cupy_copy__complex64_complex64
4876558239,4512,127249,26,1,1,128,1,1,16,0.000,0.000,,,,,NVIDIA A100-SXM4-40GB MIG 4g.20gb (0),1,,13,cupy_copy__float32_float32
4876660861,7808,127258,103,1,1,128,1,1,16,0.000,0.000,,,,,NVIDIA A100-SXM4-40GB MIG 4g.20gb (0),1,,13,cupy_copy__complex64_complex64
4876779356,17920,127268,1434,1,1,128,1,1,16,0.000,0.000,,,,,NVIDIA A100-SXM4-40GB MIG 4g.20gb (0),1,,13,cupy_copy__complex64_complex64
4876890395,242077,127273,1,1,1,32,32,1,30,0.000,0.000,,,,,NVIDIA A100-SXM4-40GB MIG 4g.20gb (0),1,,13,"void convert_kernel<__half2, float2>(tensor_layout_any, T1 *, tensor_layout_any, const T2 *)"
4877165400,7328,127276,,,,,,,,,,0.094,12785.944,Pinned,Device,NVIDIA A100-SXM4-40GB MIG 4g.20gb (0),1,,13,[CUDA memcpy Host-to-Device]
4877214327,616313,127277,,,,,,,,,,456.561,740542.656,Device,,NVIDIA A100-SXM4-40GB MIG 4g.20gb (0),1,,13,[CUDA memset]
4877836976,51839,127282,,,,,,,,,,1.235,23822.070,Pinned,Device,NVIDIA A100-SXM4-40GB MIG 4g.20gb (0),1,,13,[CUDA memcpy Host-to-Device]
4877891247,10240,127283,,,,,,,,,,0.197,19199.951,Pinned,Device,NVIDIA A100-SXM4-40GB MIG 4g.20gb (0),1,,13,[CUDA memcpy Host-to-Device]
4877943503,10720,127284,69,4,1,48,1,1,76,0.002,0.000,,,,,NVIDIA A100-SXM4-40GB MIG 4g.20gb (0),1,,13,"void ch_est::windowedChEstPreNoDftSOfdmKernel<float, __half, float, (unsigned int)2, (unsigned int)1, (unsigned short)4>(ch_est::puschRxChEstStatDescr_t *, ch_est::puschRxChEstDynDescr_t *)"
4878042926,10495,127285,137,2,1,24,2,1,44,0.001,0.001,,,,,NVIDIA A100-SXM4-40GB MIG 4g.20gb (0),1,,13,"void ch_est::chEstFilterNoDftSOfdmDispatchKernel<float, __half, float, (unsigned int)2>(ch_est::puschRxChEstStatDescr_t *, ch_est::puschRxChEstDynDescr_t *)"
4878137452,10080,127286,137,2,1,24,2,1,44,0.001,0.001,,,,,NVIDIA A100-SXM4-40GB MIG 4g.20gb (0),1,,13,"void ch_est::chEstFilterNoDftSOfdmDispatchKernel<float, __half, float, (unsigned int)2>(ch_est::puschRxChEstStatDescr_t *, ch_est::puschRxChEstDynDescr_t *)"
4878221451,5888,127297,103,1,1,128,1,1,16,0.000,0.000,,,,,NVIDIA A100-SXM4-40GB MIG 4g.20gb (0),1,,13,cupy_copy__complex64_complex64
4878318730,16416,127307,1434,1,1,128,1,1,16,0.000,0.000,,,,,NVIDIA A100-SXM4-40GB MIG 4g.20gb (0),1,,13,cupy_copy__complex64_complex64
4878443721,6208,127314,103,1,1,128,1,1,16,0.000,0.000,,,,,NVIDIA A100-SXM4-40GB MIG 4g.20gb (0),1,,13,cupy_copy__complex64_complex64
4878535272,235389,127321,1,1,1,32,32,1,30,0.000,0.000,,,,,NVIDIA A100-SXM4-40GB MIG 4g.20gb (0),1,,13,"void convert_kernel<__half2, float2>(tensor_layout_any, T1 *, tensor_layout_any, const T2 *)"
4878799845,5760,127324,,,,,,,,,,0.094,16266.656,Pinned,Device,NVIDIA A100-SXM4-40GB MIG 4g.20gb (0),1,,13,[CUDA memcpy Host-to-Device]
4878850148,54880,127325,,,,,,,,,,35.810,652492.552,Device,,NVIDIA A100-SXM4-40GB MIG 4g.20gb (0),1,,13,[CUDA memset]
4878908708,1856,127327,,,,,,,,,,0.000,43.103,Pinned,Device,NVIDIA A100-SXM4-40GB MIG 4g.20gb (0),1,,13,[CUDA memcpy Host-to-Device]
4878912996,9375,127328,,,,,,,,,,0.197,20971.389,Pinned,Device,NVIDIA A100-SXM4-40GB MIG 4g.20gb (0),1,,13,[CUDA memcpy Host-to-Device]
4879014466,23584,127329,273,1,1,48,1,1,40,0.000,0.001,,,,,NVIDIA A100-SXM4-40GB MIG 4g.20gb (0),1,,13,"void pusch_noise_intf_est::noiseIntfEstNoDftSOfdmKernel<float, __half, float, float, (unsigned int)2, (unsigned int)1, (unsigned char)4, (unsigned char)4>(pusch_noise_intf_est::puschRxNoiseIntfEstDynDescr)"
4879112769,8320,127340,35,1,1,128,1,1,16,0.000,0.000,,,,,NVIDIA A100-SXM4-40GB MIG 4g.20gb (0),1,,13,cupy_copy__complex64_complex64
4879217568,6368,127349,1,1,1,1,1,1,18,0.000,0.000,,,,,NVIDIA A100-SXM4-40GB MIG 4g.20gb (0),1,,13,cupy_copy__float32_float32
4879230688,3232,127355,,,,,,,,,,0.000,1.238,Device,Pageable,NVIDIA A100-SXM4-40GB MIG 4g.20gb (0),1,,7,[CUDA memcpy Device-to-Host]
4879444445,16064,127366,1434,1,1,128,1,1,16,0.000,0.000,,,,,NVIDIA A100-SXM4-40GB MIG 4g.20gb (0),1,,13,cupy_copy__complex64_complex64
4879580476,31903,127373,103,1,1,128,1,1,16,0.000,0.000,,,,,NVIDIA A100-SXM4-40GB MIG 4g.20gb (0),1,,13,cupy_copy__complex64_complex64
4879647131,5088,127380,35,1,1,128,1,1,16,0.000,0.000,,,,,NVIDIA A100-SXM4-40GB MIG 4g.20gb (0),1,,13,cupy_copy__complex64_complex64
4879725818,2688,127387,1,1,1,1,1,1,18,0.000,0.000,,,,,NVIDIA A100-SXM4-40GB MIG 4g.20gb (0),1,,13,cupy_copy__float32_float32
4879808185,256093,127398,1,1,1,32,32,1,30,0.000,0.000,,,,,NVIDIA A100-SXM4-40GB MIG 4g.20gb (0),1,,13,"void convert_kernel<__half2, float2>(tensor_layout_any, T1 *, tensor_layout_any, const T2 *)"
4880095286,6784,127401,,,,,,,,,,0.094,13811.259,Pinned,Device,NVIDIA A100-SXM4-40GB MIG 4g.20gb (0),1,,13,[CUDA memcpy Host-to-Device]
4880210229,5439,127402,,,,,,,,,,1.547,284357.649,Device,,NVIDIA A100-SXM4-40GB MIG 4g.20gb (0),1,,13,[CUDA memset]
4880221556,3232,127407,,,,,,,,,,0.031,9683.139,Pinned,Device,NVIDIA A100-SXM4-40GB MIG 4g.20gb (0),1,,13,[CUDA memcpy Host-to-Device]
4880233620,12896,127408,,,,,,,,,,0.197,15245.574,Pinned,Device,NVIDIA A100-SXM4-40GB MIG 4g.20gb (0),1,,13,[CUDA memcpy Host-to-Device]
4880347027,7808,127409,273,1,1,8,4,1,39,0.002,0.000,,,,,NVIDIA A100-SXM4-40GB MIG 4g.20gb (0),1,,13,"void channel_eq::eqMmseCoefCompLowMimoKernel<float, float, float, (unsigned int)4, (unsigned int)1, (unsigned int)4>(const channel_eq::_puschRxChEqStatDescr *, channel_eq::_puschRxChEqCoefCompDynDescr)"
4880482449,9568,127410,273,1,1,12,11,1,51,0.002,0.000,,,,,NVIDIA A100-SXM4-40GB MIG 4g.20gb (0),1,,13,"void channel_eq::eqMmseSoftDemapKernel<float, __half, __half, float, (unsigned int)4, (unsigned short)16383>(channel_eq::_puschRxChEqStatDescr *, channel_eq::_puschRxChEqSoftDemapDynDescr)"
4880604336,538362,127411,1,1,1,32,32,1,30,0.000,0.000,,,,,NVIDIA A100-SXM4-40GB MIG 4g.20gb (0),1,,13,"void convert_kernel<float2, __half2>(tensor_layout_any, T1 *, tensor_layout_any, const T2 *)"
4881214857,13120,127423,2253,1,1,128,1,1,16,0.000,0.000,,,,,NVIDIA A100-SXM4-40GB MIG 4g.20gb (0),1,,13,cupy_copy__float16_float16
4881342343,4800,127432,282,1,1,128,1,1,16,0.000,0.000,,,,,NVIDIA A100-SXM4-40GB MIG 4g.20gb (0),1,,13,cupy_copy__complex64_complex64
4881429798,7488,127441,26,1,1,128,1,1,16,0.000,0.000,,,,,NVIDIA A100-SXM4-40GB MIG 4g.20gb (0),1,,13,cupy_copy__float32_float32
4881551141,9792,127450,103,1,1,128,1,1,16,0.000,0.000,,,,,NVIDIA A100-SXM4-40GB MIG 4g.20gb (0),1,,13,cupy_copy__complex64_complex64
4881639236,24640,127460,1434,1,1,128,1,1,16,0.000,0.000,,,,,NVIDIA A100-SXM4-40GB MIG 4g.20gb (0),1,,13,cupy_copy__complex64_complex64
4881732035,229437,127465,1,1,1,32,32,1,30,0.000,0.000,,,,,NVIDIA A100-SXM4-40GB MIG 4g.20gb (0),1,,13,"void convert_kernel<__half2, float2>(tensor_layout_any, T1 *, tensor_layout_any, const T2 *)"
4882047935,11392,127468,,,,,,,,,,0.094,8224.635,Pinned,Device,NVIDIA A100-SXM4-40GB MIG 4g.20gb (0),1,,13,[CUDA memcpy Host-to-Device]
4882159774,622361,127469,,,,,,,,,,456.561,733237.673,Device,,NVIDIA A100-SXM4-40GB MIG 4g.20gb (0),1,,13,[CUDA memset]
4882784215,66303,127474,,,,,,,,,,1.235,18625.425,Pinned,Device,NVIDIA A100-SXM4-40GB MIG 4g.20gb (0),1,,13,[CUDA memcpy Host-to-Device]
4882858262,11424,127475,,,,,,,,,,0.197,17210.081,Pinned,Device,NVIDIA A100-SXM4-40GB MIG 4g.20gb (0),1,,13,[CUDA memcpy Host-to-Device]
4882978933,9663,127476,69,4,1,48,1,1,76,0.002,0.000,,,,,NVIDIA A100-SXM4-40GB MIG 4g.20gb (0),1,,13,"void ch_est::windowedChEstPreNoDftSOfdmKernel<float, __half, float, (unsigned int)2, (unsigned int)1, (unsigned short)4>(ch_est::puschRxChEstStatDescr_t *, ch_est::puschRxChEstDynDescr_t *)"
4883114579,8224,127477,137,2,1,24,2,1,44,0.001,0.001,,,,,NVIDIA A100-SXM4-40GB MIG 4g.20gb (0),1,,13,"void ch_est::chEstFilterNoDftSOfdmDispatchKernel<float, __half, float, (unsigned int)2>(ch_est::puschRxChEstStatDescr_t *, ch_est::puschRxChEstDynDescr_t *)"
4883252721,8192,127478,137,2,1,24,2,1,44,0.001,0.001,,,,,NVIDIA A100-SXM4-40GB MIG 4g.20gb (0),1,,13,"void ch_est::chEstFilterNoDftSOfdmDispatchKernel<float, __half, float, (unsigned int)2>(ch_est::puschRxChEstStatDescr_t *, ch_est::puschRxChEstDynDescr_t *)"
4883379856,3424,127489,103,1,1,128,1,1,16,0.000,0.000,,,,,NVIDIA A100-SXM4-40GB MIG 4g.20gb (0),1,,13,cupy_copy__complex64_complex64
4883469167,17504,127499,1434,1,1,128,1,1,16,0.000,0.000,,,,,NVIDIA A100-SXM4-40GB MIG 4g.20gb (0),1,,13,cupy_copy__complex64_complex64
4883619437,6016,127506,103,1,1,128,1,1,16,0.000,0.000,,,,,NVIDIA A100-SXM4-40GB MIG 4g.20gb (0),1,,13,cupy_copy__complex64_complex64
4883742124,225405,127513,1,1,1,32,32,1,30,0.000,0.000,,,,,NVIDIA A100-SXM4-40GB MIG 4g.20gb (0),1,,13,"void convert_kernel<__half2, float2>(tensor_layout_any, T1 *, tensor_layout_any, const T2 *)"
4884006985,5472,127516,,,,,,,,,,0.094,17122.757,Pinned,Device,NVIDIA A100-SXM4-40GB MIG 4g.20gb (0),1,,13,[CUDA memcpy Host-to-Device]
4884123303,55168,127517,,,,,,,,,,35.810,649090.610,Device,,NVIDIA A100-SXM4-40GB MIG 4g.20gb (0),1,,13,[CUDA memset]
4884182407,4032,127519,,,,,,,,,,0.000,19.841,Pinned,Device,NVIDIA A100-SXM4-40GB MIG 4g.20gb (0),1,,13,[CUDA memcpy Host-to-Device]
4884188935,10687,127520,,,,,,,,,,0.197,18396.807,Pinned,Device,NVIDIA A100-SXM4-40GB MIG 4g.20gb (0),1,,13,[CUDA memcpy Host-to-Device]
4884325349,17184,127521,273,1,1,48,1,1,40,0.000,0.001,,,,,NVIDIA A100-SXM4-40GB MIG 4g.20gb (0),1,,13,"void pusch_noise_intf_est::noiseIntfEstNoDftSOfdmKernel<float, __half, float, float, (unsigned int)2, (unsigned int)1, (unsigned char)4, (unsigned char)4>(pusch_noise_intf_est::puschRxNoiseIntfEstDynDescr)"
4884472771,4928,127532,35,1,1,128,1,1,16,0.000,0.000,,,,,NVIDIA A100-SXM4-40GB MIG 4g.20gb (0),1,,13,cupy_copy__complex64_complex64
4884556098,3200,127541,1,1,1,1,1,1,18,0.000,0.000,,,,,NVIDIA A100-SXM4-40GB MIG 4g.20gb (0),1,,13,cupy_copy__float32_float32
4884565378,1600,127547,,,,,,,,,,0.000,2.500,Device,Pageable,NVIDIA A100-SXM4-40GB MIG 4g.20gb (0),1,,7,[CUDA memcpy Device-to-Host]
4884723456,18688,127558,1434,1,1,128,1,1,16,0.000,0.000,,,,,NVIDIA A100-SXM4-40GB MIG 4g.20gb (0),1,,13,cupy_copy__complex64_complex64
4884873599,6304,127565,103,1,1,128,1,1,16,0.000,0.000,,,,,NVIDIA A100-SXM4-40GB MIG 4g.20gb (0),1,,13,cupy_copy__complex64_complex64
4884988509,8512,127572,35,1,1,128,1,1,16,0.000,0.000,,,,,NVIDIA A100-SXM4-40GB MIG 4g.20gb (0),1,,13,cupy_copy__complex64_complex64
4885071548,3136,127579,1,1,1,1,1,1,18,0.000,0.000,,,,,NVIDIA A100-SXM4-40GB MIG 4g.20gb (0),1,,13,cupy_copy__float32_float32
4885148892,233821,127590,1,1,1,32,32,1,30,0.000,0.000,,,,,NVIDIA A100-SXM4-40GB MIG 4g.20gb (0),1,,13,"void convert_kernel<__half2, float2>(tensor_layout_any, T1 *, tensor_layout_any, const T2 *)"
4885412408,5504,127593,,,,,,,,,,0.094,17023.251,Pinned,Device,NVIDIA A100-SXM4-40GB MIG 4g.20gb (0),1,,13,[CUDA memcpy Host-to-Device]
4885519991,4320,127594,,,,,,,,,,1.547,358014.070,Device,,NVIDIA A100-SXM4-40GB MIG 4g.20gb (0),1,,13,[CUDA memset]
4885531287,4416,127599,,,,,,,,,,0.031,7086.948,Pinned,Device,NVIDIA A100-SXM4-40GB MIG 4g.20gb (0),1,,13,[CUDA memcpy Host-to-Device]
4885538167,9728,127600,,,,,,,,,,0.197,20210.516,Pinned,Device,NVIDIA A100-SXM4-40GB MIG 4g.20gb (0),1,,13,[CUDA memcpy Host-to-Device]
4885648982,7936,127601,273,1,1,8,4,1,39,0.002,0.000,,,,,NVIDIA A100-SXM4-40GB MIG 4g.20gb (0),1,,13,"void channel_eq::eqMmseCoefCompLowMimoKernel<float, float, float, (unsigned int)4, (unsigned int)1, (unsigned int)4>(const channel_eq::_puschRxChEqStatDescr *, channel_eq::_puschRxChEqCoefCompDynDescr)"
4885793076,9824,127602,273,1,1,12,11,1,51,0.002,0.000,,,,,NVIDIA A100-SXM4-40GB MIG 4g.20gb (0),1,,13,"void channel_eq::eqMmseSoftDemapKernel<float, __half, __half, float, (unsigned int)4, (unsigned short)16383>(channel_eq::_puschRxChEqStatDescr *, channel_eq::_puschRxChEqSoftDemapDynDescr)"
4885913907,561945,127603,1,1,1,32,32,1,30,0.000,0.000,,,,,NVIDIA A100-SXM4-40GB MIG 4g.20gb (0),1,,13,"void convert_kernel<float2, __half2>(tensor_layout_any, T1 *, tensor_layout_any, const T2 *)"
4886552779,19168,127615,2253,1,1,128,1,1,16,0.000,0.000,,,,,NVIDIA A100-SXM4-40GB MIG 4g.20gb (0),1,,13,cupy_copy__float16_float16
4886645098,4128,127624,282,1,1,128,1,1,16,0.000,0.000,,,,,NVIDIA A100-SXM4-40GB MIG 4g.20gb (0),1,,13,cupy_copy__complex64_complex64
4886741641,5504,127633,26,1,1,128,1,1,16,0.000,0.000,,,,,NVIDIA A100-SXM4-40GB MIG 4g.20gb (0),1,,13,cupy_copy__float32_float32
4886852872,10368,127642,103,1,1,128,1,1,16,0.000,0.000,,,,,NVIDIA A100-SXM4-40GB MIG 4g.20gb (0),1,,13,cupy_copy__complex64_complex64
4886978246,19872,127652,1434,1,1,128,1,1,16,0.000,0.000,,,,,NVIDIA A100-SXM4-40GB MIG 4g.20gb (0),1,,13,cupy_copy__complex64_complex64
4887127525,233597,127657,1,1,1,32,32,1,30,0.000,0.000,,,,,NVIDIA A100-SXM4-40GB MIG 4g.20gb (0),1,,13,"void convert_kernel<__half2, float2>(tensor_layout_any, T1 *, tensor_layout_any, const T2 *)"
4887390690,5664,127660,,,,,,,,,,0.094,16542.310,Pinned,Device,NVIDIA A100-SXM4-40GB MIG 4g.20gb (0),1,,13,[CUDA memcpy Host-to-Device]
4887497952,626233,127661,,,,,,,,,,456.561,728672.058,Device,,NVIDIA A100-SXM4-40GB MIG 4g.20gb (0),1,,13,[CUDA memset]
4888127385,58751,127666,,,,,,,,,,1.235,21018.747,Pinned,Device,NVIDIA A100-SXM4-40GB MIG 4g.20gb (0),1,,13,[CUDA memcpy Host-to-Device]
4888188632,13056,127667,,,,,,,,,,0.197,15058.797,Pinned,Device,NVIDIA A100-SXM4-40GB MIG 4g.20gb (0),1,,13,[CUDA memcpy Host-to-Device]
4888320503,11744,127668,69,4,1,48,1,1,76,0.002,0.000,,,,,NVIDIA A100-SXM4-40GB MIG 4g.20gb (0),1,,13,"void ch_est::windowedChEstPreNoDftSOfdmKernel<float, __half, float, (unsigned int)2, (unsigned int)1, (unsigned short)4>(ch_est::puschRxChEstStatDescr_t *, ch_est::puschRxChEstDynDescr_t *)"
4888468501,8832,127669,137,2,1,24,2,1,44,0.001,0.001,,,,,NVIDIA A100-SXM4-40GB MIG 4g.20gb (0),1,,13,"void ch_est::chEstFilterNoDftSOfdmDispatchKernel<float, __half, float, (unsigned int)2>(ch_est::puschRxChEstStatDescr_t *, ch_est::puschRxChEstDynDescr_t *)"
4888605268,8736,127670,137,2,1,24,2,1,44,0.001,0.001,,,,,NVIDIA A100-SXM4-40GB MIG 4g.20gb (0),1,,13,"void ch_est::chEstFilterNoDftSOfdmDispatchKernel<float, __half, float, (unsigned int)2>(ch_est::puschRxChEstStatDescr_t *, ch_est::puschRxChEstDynDescr_t *)"
4888716978,3840,127681,103,1,1,128,1,1,16,0.000,0.000,,,,,NVIDIA A100-SXM4-40GB MIG 4g.20gb (0),1,,13,cupy_copy__complex64_complex64
4888815889,16704,127691,1434,1,1,128,1,1,16,0.000,0.000,,,,,NVIDIA A100-SXM4-40GB MIG 4g.20gb (0),1,,13,cupy_copy__complex64_complex64
4888950640,5984,127698,103,1,1,128,1,1,16,0.000,0.000,,,,,NVIDIA A100-SXM4-40GB MIG 4g.20gb (0),1,,13,cupy_copy__complex64_complex64
4889029647,220125,127705,1,1,1,32,32,1,30,0.000,0.000,,,,,NVIDIA A100-SXM4-40GB MIG 4g.20gb (0),1,,13,"void convert_kernel<__half2, float2>(tensor_layout_any, T1 *, tensor_layout_any, const T2 *)"
4889282572,5792,127708,,,,,,,,,,0.094,16176.708,Pinned,Device,NVIDIA A100-SXM4-40GB MIG 4g.20gb (0),1,,13,[CUDA memcpy Host-to-Device]
4889361451,53695,127709,,,,,,,,,,35.810,666888.140,Device,,NVIDIA A100-SXM4-40GB MIG 4g.20gb (0),1,,13,[CUDA memset]
4889421450,2080,127711,,,,,,,,,,0.000,38.462,Pinned,Device,NVIDIA A100-SXM4-40GB MIG 4g.20gb (0),1,,13,[CUDA memcpy Host-to-Device]
4889425962,13664,127712,,,,,,,,,,0.197,14388.756,Pinned,Device,NVIDIA A100-SXM4-40GB MIG 4g.20gb (0),1,,13,[CUDA memcpy Host-to-Device]
4889549385,13856,127713,273,1,1,48,1,1,40,0.000,0.001,,,,,NVIDIA A100-SXM4-40GB MIG 4g.20gb (0),1,,13,"void pusch_noise_intf_est::noiseIntfEstNoDftSOfdmKernel<float, __half, float, float, (unsigned int)2, (unsigned int)1, (unsigned char)4, (unsigned char)4>(pusch_noise_intf_est::puschRxNoiseIntfEstDynDescr)"
4889682727,3488,127724,35,1,1,128,1,1,16,0.000,0.000,,,,,NVIDIA A100-SXM4-40GB MIG 4g.20gb (0),1,,13,cupy_copy__complex64_complex64
4889812710,4128,127733,1,1,1,1,1,1,18,0.000,0.000,,,,,NVIDIA A100-SXM4-40GB MIG 4g.20gb (0),1,,13,cupy_copy__float32_float32
4889848325,10432,127739,,,,,,,,,,0.000,0.383,Device,Pageable,NVIDIA A100-SXM4-40GB MIG 4g.20gb (0),1,,7,[CUDA memcpy Device-to-Host]
4889992036,14751,127750,1434,1,1,128,1,1,16,0.000,0.000,,,,,NVIDIA A100-SXM4-40GB MIG 4g.20gb (0),1,,13,cupy_copy__complex64_complex64
4890126690,6592,127757,103,1,1,128,1,1,16,0.000,0.000,,,,,NVIDIA A100-SXM4-40GB MIG 4g.20gb (0),1,,13,cupy_copy__complex64_complex64
4890221057,6144,127764,35,1,1,128,1,1,16,0.000,0.000,,,,,NVIDIA A100-SXM4-40GB MIG 4g.20gb (0),1,,13,cupy_copy__complex64_complex64
4890309920,3264,127771,1,1,1,1,1,1,18,0.000,0.000,,,,,NVIDIA A100-SXM4-40GB MIG 4g.20gb (0),1,,13,cupy_copy__float32_float32
4890385343,227165,127782,1,1,1,32,32,1,30,0.000,0.000,,,,,NVIDIA A100-SXM4-40GB MIG 4g.20gb (0),1,,13,"void convert_kernel<__half2, float2>(tensor_layout_any, T1 *, tensor_layout_any, const T2 *)"
4890641436,5952,127785,,,,,,,,,,0.094,15741.865,Pinned,Device,NVIDIA A100-SXM4-40GB MIG 4g.20gb (0),1,,13,[CUDA memcpy Host-to-Device]
4890729595,5856,127786,,,,,,,,,,1.547,264109.247,Device,,NVIDIA A100-SXM4-40GB MIG 4g.20gb (0),1,,13,[CUDA memset]
4890743419,7520,127791,,,,,,,,,,0.031,4161.679,Pinned,Device,NVIDIA A100-SXM4-40GB MIG 4g.20gb (0),1,,13,[CUDA memcpy Host-to-Device]
4890753947,9664,127792,,,,,,,,,,0.197,20344.209,Pinned,Device,NVIDIA A100-SXM4-40GB MIG 4g.20gb (0),1,,13,[CUDA memcpy Host-to-Device]
4890857786,10112,127793,273,1,1,8,4,1,39,0.002,0.000,,,,,NVIDIA A100-SXM4-40GB MIG 4g.20gb (0),1,,13,"void channel_eq::eqMmseCoefCompLowMimoKernel<float, float, float, (unsigned int)4, (unsigned int)1, (unsigned int)4>(const channel_eq::_puschRxChEqStatDescr *, channel_eq::_puschRxChEqCoefCompDynDescr)"
4891002744,9728,127794,273,1,1,12,11,1,51,0.002,0.000,,,,,NVIDIA A100-SXM4-40GB MIG 4g.20gb (0),1,,13,"void channel_eq::eqMmseSoftDemapKernel<float, __half, __half, float, (unsigned int)4, (unsigned short)16383>(channel_eq::_puschRxChEqStatDescr *, channel_eq::_puschRxChEqSoftDemapDynDescr)"
4891130711,577625,127795,1,1,1,32,32,1,30,0.000,0.000,,,,,NVIDIA A100-SXM4-40GB MIG 4g.20gb (0),1,,13,"void convert_kernel<float2, __half2>(tensor_layout_any, T1 *, tensor_layout_any, const T2 *)"
4891827694,13728,127807,2253,1,1,128,1,1,16,0.000,0.000,,,,,NVIDIA A100-SXM4-40GB MIG 4g.20gb (0),1,,13,cupy_copy__float16_float16
4891933165,5600,127816,282,1,1,128,1,1,16,0.000,0.000,,,,,NVIDIA A100-SXM4-40GB MIG 4g.20gb (0),1,,13,cupy_copy__complex64_complex64
4892017740,4288,127825,26,1,1,128,1,1,16,0.000,0.000,,,,,NVIDIA A100-SXM4-40GB MIG 4g.20gb (0),1,,13,cupy_copy__float32_float32
4892121835,6400,127834,103,1,1,128,1,1,16,0.000,0.000,,,,,NVIDIA A100-SXM4-40GB MIG 4g.20gb (0),1,,13,cupy_copy__complex64_complex64
4892226954,15552,127844,1434,1,1,128,1,1,16,0.000,0.000,,,,,NVIDIA A100-SXM4-40GB MIG 4g.20gb (0),1,,13,cupy_copy__complex64_complex64
4892369608,233086,127849,1,1,1,32,32,1,30,0.000,0.000,,,,,NVIDIA A100-SXM4-40GB MIG 4g.20gb (0),1,,13,"void convert_kernel<__half2, float2>(tensor_layout_any, T1 *, tensor_layout_any, const T2 *)"
4892667045,23488,127852,,,,,,,,,,0.094,3989.014,Pinned,Device,NVIDIA A100-SXM4-40GB MIG 4g.20gb (0),1,,13,[CUDA memcpy Host-to-Device]
4892777667,617881,127853,,,,,,,,,,456.561,738716.410,Device,,NVIDIA A100-SXM4-40GB MIG 4g.20gb (0),1,,13,[CUDA memset]
4893402140,61248,127858,,,,,,,,,,1.235,20162.931,Pinned,Device,NVIDIA A100-SXM4-40GB MIG 4g.20gb (0),1,,13,[CUDA memcpy Host-to-Device]
4893466108,13535,127859,,,,,,,,,,0.197,14525.792,Pinned,Device,NVIDIA A100-SXM4-40GB MIG 4g.20gb (0),1,,13,[CUDA memcpy Host-to-Device]
4893600026,27200,127860,69,4,1,48,1,1,76,0.002,0.000,,,,,NVIDIA A100-SXM4-40GB MIG 4g.20gb (0),1,,13,"void ch_est::windowedChEstPreNoDftSOfdmKernel<float, __half, float, (unsigned int)2, (unsigned int)1, (unsigned short)4>(ch_est::puschRxChEstStatDescr_t *, ch_est::puschRxChEstDynDescr_t *)"
4893687385,7360,127861,137,2,1,24,2,1,44,0.001,0.001,,,,,NVIDIA A100-SXM4-40GB MIG 4g.20gb (0),1,,13,"void ch_est::chEstFilterNoDftSOfdmDispatchKernel<float, __half, float, (unsigned int)2>(ch_est::puschRxChEstStatDescr_t *, ch_est::puschRxChEstDynDescr_t *)"
4893808824,8735,127862,137,2,1,24,2,1,44,0.001,0.001,,,,,NVIDIA A100-SXM4-40GB MIG 4g.20gb (0),1,,13,"void ch_est::chEstFilterNoDftSOfdmDispatchKernel<float, __half, float, (unsigned int)2>(ch_est::puschRxChEstStatDescr_t *, ch_est::puschRxChEstDynDescr_t *)"
4893905686,4448,127873,103,1,1,128,1,1,16,0.000,0.000,,,,,NVIDIA A100-SXM4-40GB MIG 4g.20gb (0),1,,13,cupy_copy__complex64_complex64
4893988150,19967,127883,1434,1,1,128,1,1,16,0.000,0.000,,,,,NVIDIA A100-SXM4-40GB MIG 4g.20gb (0),1,,13,cupy_copy__complex64_complex64
4894081492,4832,127890,103,1,1,128,1,1,16,0.000,0.000,,,,,NVIDIA A100-SXM4-40GB MIG 4g.20gb (0),1,,13,cupy_copy__complex64_complex64
4894215731,230141,127897,1,1,1,32,32,1,30,0.000,0.000,,,,,NVIDIA A100-SXM4-40GB MIG 4g.20gb (0),1,,13,"void convert_kernel<__half2, float2>(tensor_layout_any, T1 *, tensor_layout_any, const T2 *)"
4894477936,9376,127900,,,,,,,,,,0.094,9993.147,Pinned,Device,NVIDIA A100-SXM4-40GB MIG 4g.20gb (0),1,,13,[CUDA memcpy Host-to-Device]
4894581967,54303,127901,,,,,,,,,,35.810,659439.677,Device,,NVIDIA A100-SXM4-40GB MIG 4g.20gb (0),1,,13,[CUDA memset]
4894637038,5472,127903,,,,,,,,,,0.000,14.620,Pinned,Device,NVIDIA A100-SXM4-40GB MIG 4g.20gb (0),1,,13,[CUDA memcpy Host-to-Device]
4894645102,12768,127904,,,,,,,,,,0.197,15398.339,Pinned,Device,NVIDIA A100-SXM4-40GB MIG 4g.20gb (0),1,,13,[CUDA memcpy Host-to-Device]
4894773132,17952,127905,273,1,1,48,1,1,40,0.000,0.001,,,,,NVIDIA A100-SXM4-40GB MIG 4g.20gb (0),1,,13,"void pusch_noise_intf_est::noiseIntfEstNoDftSOfdmKernel<float, __half, float, float, (unsigned int)2, (unsigned int)1, (unsigned char)4, (unsigned char)4>(pusch_noise_intf_est::puschRxNoiseIntfEstDynDescr)"
4894906379,4800,127916,35,1,1,128,1,1,16,0.000,0.000,,,,,NVIDIA A100-SXM4-40GB MIG 4g.20gb (0),1,,13,cupy_copy__complex64_complex64
4895043305,3136,127925,1,1,1,1,1,1,18,0.000,0.000,,,,,NVIDIA A100-SXM4-40GB MIG 4g.20gb (0),1,,13,cupy_copy__float32_float32
4895051305,8800,127931,,,,,,,,,,0.000,0.455,Device,Pageable,NVIDIA A100-SXM4-40GB MIG 4g.20gb (0),1,,7,[CUDA memcpy Device-to-Host]
4895275815,15327,127942,1434,1,1,128,1,1,16,0.000,0.000,,,,,NVIDIA A100-SXM4-40GB MIG 4g.20gb (0),1,,13,cupy_copy__complex64_complex64
4895415845,6528,127949,103,1,1,128,1,1,16,0.000,0.000,,,,,NVIDIA A100-SXM4-40GB MIG 4g.20gb (0),1,,13,cupy_copy__complex64_complex64
4895512484,5440,127956,35,1,1,128,1,1,16,0.000,0.000,,,,,NVIDIA A100-SXM4-40GB MIG 4g.20gb (0),1,,13,cupy_copy__complex64_complex64
4895591427,3840,127963,1,1,1,1,1,1,18,0.000,0.000,,,,,NVIDIA A100-SXM4-40GB MIG 4g.20gb (0),1,,13,cupy_copy__float32_float32
4895670242,265565,127974,1,1,1,32,32,1,30,0.000,0.000,,,,,NVIDIA A100-SXM4-40GB MIG 4g.20gb (0),1,,13,"void convert_kernel<__half2, float2>(tensor_layout_any, T1 *, tensor_layout_any, const T2 *)"
4895987454,6016,127977,,,,,,,,,,0.094,15574.430,Pinned,Device,NVIDIA A100-SXM4-40GB MIG 4g.20gb (0),1,,13,[CUDA memcpy Host-to-Device]
4896105085,4928,127978,,,,,,,,,,1.547,313844.035,Device,,NVIDIA A100-SXM4-40GB MIG 4g.20gb (0),1,,13,[CUDA memset]
4896111485,9088,127983,,,,,,,,,,0.031,3443.655,Pinned,Device,NVIDIA A100-SXM4-40GB MIG 4g.20gb (0),1,,13,[CUDA memcpy Host-to-Device]
4896127069,14624,127984,,,,,,,,,,0.197,13444.055,Pinned,Device,NVIDIA A100-SXM4-40GB MIG 4g.20gb (0),1,,13,[CUDA memcpy Host-to-Device]
4896254363,9984,127985,273,1,1,8,4,1,39,0.002,0.000,,,,,NVIDIA A100-SXM4-40GB MIG 4g.20gb (0),1,,13,"void channel_eq::eqMmseCoefCompLowMimoKernel<float, float, float, (unsigned int)4, (unsigned int)1, (unsigned int)4>(const channel_eq::_puschRxChEqStatDescr *, channel_eq::_puschRxChEqCoefCompDynDescr)"
4896379066,14976,127986,273,1,1,12,11,1,51,0.002,0.000,,,,,NVIDIA A100-SXM4-40GB MIG 4g.20gb (0),1,,13,"void channel_eq::eqMmseSoftDemapKernel<float, __half, __half, float, (unsigned int)4, (unsigned short)16383>(channel_eq::_puschRxChEqStatDescr *, channel_eq::_puschRxChEqSoftDemapDynDescr)"
4896515288,603577,127987,1,1,1,32,32,1,30,0.000,0.000,,,,,NVIDIA A100-SXM4-40GB MIG 4g.20gb (0),1,,13,"void convert_kernel<float2, __half2>(tensor_layout_any, T1 *, tensor_layout_any, const T2 *)"
4897219824,13696,127999,2253,1,1,128,1,1,16,0.000,0.000,,,,,NVIDIA A100-SXM4-40GB MIG 4g.20gb (0),1,,13,cupy_copy__float16_float16
4897358703,7168,128008,282,1,1,128,1,1,16,0.000,0.000,,,,,NVIDIA A100-SXM4-40GB MIG 4g.20gb (0),1,,13,cupy_copy__complex64_complex64
4897477325,4896,128017,26,1,1,128,1,1,16,0.000,0.000,,,,,NVIDIA A100-SXM4-40GB MIG 4g.20gb (0),1,,13,cupy_copy__float32_float32
4897587084,10240,128026,103,1,1,128,1,1,16,0.000,0.000,,,,,NVIDIA A100-SXM4-40GB MIG 4g.20gb (0),1,,13,cupy_copy__complex64_complex64
4897670571,19328,128036,1434,1,1,128,1,1,16,0.000,0.000,,,,,NVIDIA A100-SXM4-40GB MIG 4g.20gb (0),1,,13,cupy_copy__complex64_complex64
4897759914,224797,128041,1,1,1,32,32,1,30,0.000,0.000,,,,,NVIDIA A100-SXM4-40GB MIG 4g.20gb (0),1,,13,"void convert_kernel<__half2, float2>(tensor_layout_any, T1 *, tensor_layout_any, const T2 *)"
4898018151,5696,128044,,,,,,,,,,0.094,16449.363,Pinned,Device,NVIDIA A100-SXM4-40GB MIG 4g.20gb (0),1,,13,[CUDA memcpy Host-to-Device]
4898108422,608857,128045,,,,,,,,,,456.561,749673.884,Device,,NVIDIA A100-SXM4-40GB MIG 4g.20gb (0),1,,13,[CUDA memset]
4898724351,67295,128050,,,,,,,,,,1.235,18350.033,Pinned,Device,NVIDIA A100-SXM4-40GB MIG 4g.20gb (0),1,,13,[CUDA memcpy Host-to-Device]
4898800126,16288,128051,,,,,,,,,,0.197,12070.552,Pinned,Device,NVIDIA A100-SXM4-40GB MIG 4g.20gb (0),1,,13,[CUDA memcpy Host-to-Device]
4898961084,12192,128052,69,4,1,48,1,1,76,0.002,0.000,,,,,NVIDIA A100-SXM4-40GB MIG 4g.20gb (0),1,,13,"void ch_est::windowedChEstPreNoDftSOfdmKernel<float, __half, float, (unsigned int)2, (unsigned int)1, (unsigned short)4>(ch_est::puschRxChEstStatDescr_t *, ch_est::puschRxChEstDynDescr_t *)"
4899093691,12223,128053,137,2,1,24,2,1,44,0.001,0.001,,,,,NVIDIA A100-SXM4-40GB MIG 4g.20gb (0),1,,13,"void ch_est::chEstFilterNoDftSOfdmDispatchKernel<float, __half, float, (unsigned int)2>(ch_est::puschRxChEstStatDescr_t *, ch_est::puschRxChEstDynDescr_t *)"
4899228313,10496,128054,137,2,1,24,2,1,44,0.001,0.001,,,,,NVIDIA A100-SXM4-40GB MIG 4g.20gb (0),1,,13,"void ch_est::chEstFilterNoDftSOfdmDispatchKernel<float, __half, float, (unsigned int)2>(ch_est::puschRxChEstStatDescr_t *, ch_est::puschRxChEstDynDescr_t *)"
4899352120,5632,128065,103,1,1,128,1,1,16,0.000,0.000,,,,,NVIDIA A100-SXM4-40GB MIG 4g.20gb (0),1,,13,cupy_copy__complex64_complex64
4899428535,21759,128075,1434,1,1,128,1,1,16,0.000,0.000,,,,,NVIDIA A100-SXM4-40GB MIG 4g.20gb (0),1,,13,cupy_copy__complex64_complex64
4899519574,4000,128082,103,1,1,128,1,1,16,0.000,0.000,,,,,NVIDIA A100-SXM4-40GB MIG 4g.20gb (0),1,,13,cupy_copy__complex64_complex64
4899620373,234429,128089,1,1,1,32,32,1,30,0.000,0.000,,,,,NVIDIA A100-SXM4-40GB MIG 4g.20gb (0),1,,13,"void convert_kernel<__half2, float2>(tensor_layout_any, T1 *, tensor_layout_any, const T2 *)"
4899887953,5760,128092,,,,,,,,,,0.094,16266.656,Pinned,Device,NVIDIA A100-SXM4-40GB MIG 4g.20gb (0),1,,13,[CUDA memcpy Host-to-Device]
4899980496,55008,128093,,,,,,,,,,35.810,650988.536,Device,,NVIDIA A100-SXM4-40GB MIG 4g.20gb (0),1,,13,[CUDA memset]
4900042928,2816,128095,,,,,,,,,,0.000,28.409,Pinned,Device,NVIDIA A100-SXM4-40GB MIG 4g.20gb (0),1,,13,[CUDA memcpy Host-to-Device]
4900048400,9631,128096,,,,,,,,,,0.197,20414.005,Pinned,Device,NVIDIA A100-SXM4-40GB MIG 4g.20gb (0),1,,13,[CUDA memcpy Host-to-Device]
4900174478,19424,128097,273,1,1,48,1,1,40,0.000,0.001,,,,,NVIDIA A100-SXM4-40GB MIG 4g.20gb (0),1,,13,"void pusch_noise_intf_est::noiseIntfEstNoDftSOfdmKernel<float, __half, float, float, (unsigned int)2, (unsigned int)1, (unsigned char)4, (unsigned char)4>(pusch_noise_intf_est::puschRxNoiseIntfEstDynDescr)"
4900315309,5183,128108,35,1,1,128,1,1,16,0.000,0.000,,,,,NVIDIA A100-SXM4-40GB MIG 4g.20gb (0),1,,13,cupy_copy__complex64_complex64
4900425291,2976,128117,1,1,1,1,1,1,18,0.000,0.000,,,,,NVIDIA A100-SXM4-40GB MIG 4g.20gb (0),1,,13,cupy_copy__float32_float32
4900435435,5120,128123,,,,,,,,,,0.000,0.781,Device,Pageable,NVIDIA A100-SXM4-40GB MIG 4g.20gb (0),1,,7,[CUDA memcpy Device-to-Host]
4900584777,15616,128134,1434,1,1,128,1,1,16,0.000,0.000,,,,,NVIDIA A100-SXM4-40GB MIG 4g.20gb (0),1,,13,cupy_copy__complex64_complex64
4900704968,5504,128141,103,1,1,128,1,1,16,0.000,0.000,,,,,NVIDIA A100-SXM4-40GB MIG 4g.20gb (0),1,,13,cupy_copy__complex64_complex64
4900819079,4384,128148,35,1,1,128,1,1,16,0.000,0.000,,,,,NVIDIA A100-SXM4-40GB MIG 4g.20gb (0),1,,13,cupy_copy__complex64_complex64
4900908230,3168,128155,1,1,1,1,1,1,18,0.000,0.000,,,,,NVIDIA A100-SXM4-40GB MIG 4g.20gb (0),1,,13,cupy_copy__float32_float32
4900995173,230749,128166,1,1,1,32,32,1,30,0.000,0.000,,,,,NVIDIA A100-SXM4-40GB MIG 4g.20gb (0),1,,13,"void convert_kernel<__half2, float2>(tensor_layout_any, T1 *, tensor_layout_any, const T2 *)"
4901258338,8768,128169,,,,,,,,,,0.094,10686.122,Pinned,Device,NVIDIA A100-SXM4-40GB MIG 4g.20gb (0),1,,13,[CUDA memcpy Host-to-Device]
4901348385,4192,128170,,,,,,,,,,1.547,368945.609,Device,,NVIDIA A100-SXM4-40GB MIG 4g.20gb (0),1,,13,[CUDA memset]
4901360096,3392,128175,,,,,,,,,,0.031,9226.405,Pinned,Device,NVIDIA A100-SXM4-40GB MIG 4g.20gb (0),1,,13,[CUDA memcpy Host-to-Device]
4901366240,11904,128176,,,,,,,,,,0.197,16516.055,Pinned,Device,NVIDIA A100-SXM4-40GB MIG 4g.20gb (0),1,,13,[CUDA memcpy Host-to-Device]
4901485695,8320,128177,273,1,1,8,4,1,39,0.002,0.000,,,,,NVIDIA A100-SXM4-40GB MIG 4g.20gb (0),1,,13,"void channel_eq::eqMmseCoefCompLowMimoKernel<float, float, float, (unsigned int)4, (unsigned int)1, (unsigned int)4>(const channel_eq::_puschRxChEqStatDescr *, channel_eq::_puschRxChEqCoefCompDynDescr)"
4901626429,9376,128178,273,1,1,12,11,1,51,0.002,0.000,,,,,NVIDIA A100-SXM4-40GB MIG 4g.20gb (0),1,,13,"void channel_eq::eqMmseSoftDemapKernel<float, __half, __half, float, (unsigned int)4, (unsigned short)16383>(channel_eq::_puschRxChEqStatDescr *, channel_eq::_puschRxChEqSoftDemapDynDescr)"
4901763580,579193,128179,1,1,1,32,32,1,30,0.000,0.000,,,,,NVIDIA A100-SXM4-40GB MIG 4g.20gb (0),1,,13,"void convert_kernel<float2, __half2>(tensor_layout_any, T1 *, tensor_layout_any, const T2 *)"
4902451860,14368,128191,2253,1,1,128,1,1,16,0.000,0.000,,,,,NVIDIA A100-SXM4-40GB MIG 4g.20gb (0),1,,13,cupy_copy__float16_float16
4902590930,7200,128200,282,1,1,128,1,1,16,0.000,0.000,,,,,NVIDIA A100-SXM4-40GB MIG 4g.20gb (0),1,,13,cupy_copy__complex64_complex64
4902719185,4224,128209,26,1,1,128,1,1,16,0.000,0.000,,,,,NVIDIA A100-SXM4-40GB MIG 4g.20gb (0),1,,13,cupy_copy__float32_float32
4902830383,6208,128218,103,1,1,128,1,1,16,0.000,0.000,,,,,NVIDIA A100-SXM4-40GB MIG 4g.20gb (0),1,,13,cupy_copy__complex64_complex64
4902917390,21376,128228,1434,1,1,128,1,1,16,0.000,0.000,,,,,NVIDIA A100-SXM4-40GB MIG 4g.20gb (0),1,,13,cupy_copy__complex64_complex64
4903007277,226846,128233,1,1,1,32,32,1,30,0.000,0.000,,,,,NVIDIA A100-SXM4-40GB MIG 4g.20gb (0),1,,13,"void convert_kernel<__half2, float2>(tensor_layout_any, T1 *, tensor_layout_any, const T2 *)"
4903273738,5792,128236,,,,,,,,,,0.094,16176.708,Pinned,Device,NVIDIA A100-SXM4-40GB MIG 4g.20gb (0),1,,13,[CUDA memcpy Host-to-Device]
4903369385,611001,128237,,,,,,,,,,456.561,746934.516,Device,,NVIDIA A100-SXM4-40GB MIG 4g.20gb (0),1,,13,[CUDA memset]
4903989410,60127,128242,,,,,,,,,,1.235,20538.354,Pinned,Device,NVIDIA A100-SXM4-40GB MIG 4g.20gb (0),1,,13,[CUDA memcpy Host-to-Device]
4904052449,11968,128243,,,,,,,,,,0.197,16427.778,Pinned,Device,NVIDIA A100-SXM4-40GB MIG 4g.20gb (0),1,,13,[CUDA memcpy Host-to-Device]
4904182208,24128,128244,69,4,1,48,1,1,76,0.002,0.000,,,,,NVIDIA A100-SXM4-40GB MIG 4g.20gb (0),1,,13,"void ch_est::windowedChEstPreNoDftSOfdmKernel<float, __half, float, (unsigned int)2, (unsigned int)1, (unsigned short)4>(ch_est::puschRxChEstStatDescr_t *, ch_est::puschRxChEstDynDescr_t *)"
4904269759,6912,128245,137,2,1,24,2,1,44,0.001,0.001,,,,,NVIDIA A100-SXM4-40GB MIG 4g.20gb (0),1,,13,"void ch_est::chEstFilterNoDftSOfdmDispatchKernel<float, __half, float, (unsigned int)2>(ch_est::puschRxChEstStatDescr_t *, ch_est::puschRxChEstDynDescr_t *)"
4904373278,8576,128246,137,2,1,24,2,1,44,0.001,0.001,,,,,NVIDIA A100-SXM4-40GB MIG 4g.20gb (0),1,,13,"void ch_est::chEstFilterNoDftSOfdmDispatchKernel<float, __half, float, (unsigned int)2>(ch_est::puschRxChEstStatDescr_t *, ch_est::puschRxChEstDynDescr_t *)"
4904503996,5888,128257,103,1,1,128,1,1,16,0.000,0.000,,,,,NVIDIA A100-SXM4-40GB MIG 4g.20gb (0),1,,13,cupy_copy__complex64_complex64
4904580859,22144,128267,1434,1,1,128,1,1,16,0.000,0.000,,,,,NVIDIA A100-SXM4-40GB MIG 4g.20gb (0),1,,13,cupy_copy__complex64_complex64
4904674778,3456,128274,103,1,1,128,1,1,16,0.000,0.000,,,,,NVIDIA A100-SXM4-40GB MIG 4g.20gb (0),1,,13,cupy_copy__complex64_complex64
4904777433,222461,128281,1,1,1,32,32,1,30,0.000,0.000,,,,,NVIDIA A100-SXM4-40GB MIG 4g.20gb (0),1,,13,"void convert_kernel<__half2, float2>(tensor_layout_any, T1 *, tensor_layout_any, const T2 *)"
4905031286,6976,128284,,,,,,,,,,0.094,13431.134,Pinned,Device,NVIDIA A100-SXM4-40GB MIG 4g.20gb (0),1,,13,[CUDA memcpy Host-to-Device]
4905146901,54399,128285,,,,,,,,,,35.810,658257.949,Device,,NVIDIA A100-SXM4-40GB MIG 4g.20gb (0),1,,13,[CUDA memset]
4905203092,4256,128287,,,,,,,,,,0.000,18.797,Pinned,Device,NVIDIA A100-SXM4-40GB MIG 4g.20gb (0),1,,13,[CUDA memcpy Host-to-Device]
4905209940,9472,128288,,,,,,,,,,0.197,20756.693,Pinned,Device,NVIDIA A100-SXM4-40GB MIG 4g.20gb (0),1,,13,[CUDA memcpy Host-to-Device]
4905343954,17824,128289,273,1,1,48,1,1,40,0.000,0.001,,,,,NVIDIA A100-SXM4-40GB MIG 4g.20gb (0),1,,13,"void pusch_noise_intf_est::noiseIntfEstNoDftSOfdmKernel<float, __half, float, float, (unsigned int)2, (unsigned int)1, (unsigned char)4, (unsigned char)4>(pusch_noise_intf_est::puschRxNoiseIntfEstDynDescr)"
4905486801,4960,128300,35,1,1,128,1,1,16,0.000,0.000,,,,,NVIDIA A100-SXM4-40GB MIG 4g.20gb (0),1,,13,cupy_copy__complex64_complex64
4905607727,3008,128309,1,1,1,1,1,1,18,0.000,0.000,,,,,NVIDIA A100-SXM4-40GB MIG 4g.20gb (0),1,,13,cupy_copy__float32_float32
4905618895,14688,128315,,,,,,,,,,0.000,0.272,Device,Pageable,NVIDIA A100-SXM4-40GB MIG 4g.20gb (0),1,,7,[CUDA memcpy Device-to-Host]
4905766478,15231,128326,1434,1,1,128,1,1,16,0.000,0.000,,,,,NVIDIA A100-SXM4-40GB MIG 4g.20gb (0),1,,13,cupy_copy__complex64_complex64
4905917612,4000,128333,103,1,1,128,1,1,16,0.000,0.000,,,,,NVIDIA A100-SXM4-40GB MIG 4g.20gb (0),1,,13,cupy_copy__complex64_complex64
4906010667,4736,128340,35,1,1,128,1,1,16,0.000,0.000,,,,,NVIDIA A100-SXM4-40GB MIG 4g.20gb (0),1,,13,cupy_copy__complex64_complex64
4906121482,3391,128347,1,1,1,1,1,1,18,0.000,0.000,,,,,NVIDIA A100-SXM4-40GB MIG 4g.20gb (0),1,,13,cupy_copy__float32_float32
4906210056,231486,128358,1,1,1,32,32,1,30,0.000,0.000,,,,,NVIDIA A100-SXM4-40GB MIG 4g.20gb (0),1,,13,"void convert_kernel<__half2, float2>(tensor_layout_any, T1 *, tensor_layout_any, const T2 *)"
4906472165,5664,128361,,,,,,,,,,0.094,16542.310,Pinned,Device,NVIDIA A100-SXM4-40GB MIG 4g.20gb (0),1,,13,[CUDA memcpy Host-to-Device]
4906566756,7104,128362,,,,,,,,,,1.547,217710.527,Device,,NVIDIA A100-SXM4-40GB MIG 4g.20gb (0),1,,13,[CUDA memset]
4906580260,3584,128367,,,,,,,,,,0.031,8732.116,Pinned,Device,NVIDIA A100-SXM4-40GB MIG 4g.20gb (0),1,,13,[CUDA memcpy Host-to-Device]
4906587748,12480,128368,,,,,,,,,,0.197,15753.806,Pinned,Device,NVIDIA A100-SXM4-40GB MIG 4g.20gb (0),1,,13,[CUDA memcpy Host-to-Device]
4906655939,7488,128369,273,1,1,8,4,1,39,0.002,0.000,,,,,NVIDIA A100-SXM4-40GB MIG 4g.20gb (0),1,,13,"void channel_eq::eqMmseCoefCompLowMimoKernel<float, float, float, (unsigned int)4, (unsigned int)1, (unsigned int)4>(const channel_eq::_puschRxChEqStatDescr *, channel_eq::_puschRxChEqCoefCompDynDescr)"
4906787394,10368,128370,273,1,1,12,11,1,51,0.002,0.000,,,,,NVIDIA A100-SXM4-40GB MIG 4g.20gb (0),1,,13,"void channel_eq::eqMmseSoftDemapKernel<float, __half, __half, float, (unsigned int)4, (unsigned short)16383>(channel_eq::_puschRxChEqStatDescr *, channel_eq::_puschRxChEqSoftDemapDynDescr)"
4906926944,540698,128371,1,1,1,32,32,1,30,0.000,0.000,,,,,NVIDIA A100-SXM4-40GB MIG 4g.20gb (0),1,,13,"void convert_kernel<float2, __half2>(tensor_layout_any, T1 *, tensor_layout_any, const T2 *)"
4907547865,14016,128383,2253,1,1,128,1,1,16,0.000,0.000,,,,,NVIDIA A100-SXM4-40GB MIG 4g.20gb (0),1,,13,cupy_copy__float16_float16
4907680728,6911,128392,282,1,1,128,1,1,16,0.000,0.000,,,,,NVIDIA A100-SXM4-40GB MIG 4g.20gb (0),1,,13,cupy_copy__complex64_complex64
4907790294,3552,128401,26,1,1,128,1,1,16,0.000,0.000,,,,,NVIDIA A100-SXM4-40GB MIG 4g.20gb (0),1,,13,cupy_copy__float32_float32
4907887861,10144,128410,103,1,1,128,1,1,16,0.000,0.000,,,,,NVIDIA A100-SXM4-40GB MIG 4g.20gb (0),1,,13,cupy_copy__complex64_complex64
4908024308,15615,128420,1434,1,1,128,1,1,16,0.000,0.000,,,,,NVIDIA A100-SXM4-40GB MIG 4g.20gb (0),1,,13,cupy_copy__complex64_complex64
4908177234,228317,128425,1,1,1,32,32,1,30,0.000,0.000,,,,,NVIDIA A100-SXM4-40GB MIG 4g.20gb (0),1,,13,"void convert_kernel<__half2, float2>(tensor_layout_any, T1 *, tensor_layout_any, const T2 *)"
4908436367,6080,128428,,,,,,,,,,0.094,15410.462,Pinned,Device,NVIDIA A100-SXM4-40GB MIG 4g.20gb (0),1,,13,[CUDA memcpy Host-to-Device]
4908535054,611449,128429,,,,,,,,,,456.561,746477.954,Device,,NVIDIA A100-SXM4-40GB MIG 4g.20gb (0),1,,13,[CUDA memset]
4909152679,58527,128434,,,,,,,,,,1.235,21100.253,Pinned,Device,NVIDIA A100-SXM4-40GB MIG 4g.20gb (0),1,,13,[CUDA memcpy Host-to-Device]
4909214118,14272,128435,,,,,,,,,,0.197,13775.733,Pinned,Device,NVIDIA A100-SXM4-40GB MIG 4g.20gb (0),1,,13,[CUDA memcpy Host-to-Device]
4909348164,11072,128436,69,4,1,48,1,1,76,0.002,0.000,,,,,NVIDIA A100-SXM4-40GB MIG 4g.20gb (0),1,,13,"void ch_est::windowedChEstPreNoDftSOfdmKernel<float, __half, float, (unsigned int)2, (unsigned int)1, (unsigned short)4>(ch_est::puschRxChEstStatDescr_t *, ch_est::puschRxChEstDynDescr_t *)"
4909492163,9663,128437,137,2,1,24,2,1,44,0.001,0.001,,,,,NVIDIA A100-SXM4-40GB MIG 4g.20gb (0),1,,13,"void ch_est::chEstFilterNoDftSOfdmDispatchKernel<float, __half, float, (unsigned int)2>(ch_est::puschRxChEstStatDescr_t *, ch_est::puschRxChEstDynDescr_t *)"
4909623521,17728,128438,137,2,1,24,2,1,44,0.001,0.001,,,,,NVIDIA A100-SXM4-40GB MIG 4g.20gb (0),1,,13,"void ch_est::chEstFilterNoDftSOfdmDispatchKernel<float, __half, float, (unsigned int)2>(ch_est::puschRxChEstStatDescr_t *, ch_est::puschRxChEstDynDescr_t *)"
4909748000,4480,128449,103,1,1,128,1,1,16,0.000,0.000,,,,,NVIDIA A100-SXM4-40GB MIG 4g.20gb (0),1,,13,cupy_copy__complex64_complex64
4909845247,15967,128459,1434,1,1,128,1,1,16,0.000,0.000,,,,,NVIDIA A100-SXM4-40GB MIG 4g.20gb (0),1,,13,cupy_copy__complex64_complex64
4909982109,5792,128466,103,1,1,128,1,1,16,0.000,0.000,,,,,NVIDIA A100-SXM4-40GB MIG 4g.20gb (0),1,,13,cupy_copy__complex64_complex64
4910077340,228957,128473,1,1,1,32,32,1,30,0.000,0.000,,,,,NVIDIA A100-SXM4-40GB MIG 4g.20gb (0),1,,13,"void convert_kernel<__half2, float2>(tensor_layout_any, T1 *, tensor_layout_any, const T2 *)"
4910336249,8832,128476,,,,,,,,,,0.094,10608.636,Pinned,Device,NVIDIA A100-SXM4-40GB MIG 4g.20gb (0),1,,13,[CUDA memcpy Host-to-Device]
4910438680,58271,128477,,,,,,,,,,35.810,614534.037,Device,,NVIDIA A100-SXM4-40GB MIG 4g.20gb (0),1,,13,[CUDA memset]
4910521239,34655,128479,,,,,,,,,,0.000,2.308,Pinned,Device,NVIDIA A100-SXM4-40GB MIG 4g.20gb (0),1,,13,[CUDA memcpy Host-to-Device]
4910558646,36480,128480,,,,,,,,,,0.197,5389.418,Pinned,Device,NVIDIA A100-SXM4-40GB MIG 4g.20gb (0),1,,13,[CUDA memcpy Host-to-Device]
4910715476,18336,128481,273,1,1,48,1,1,40,0.000,0.001,,,,,NVIDIA A100-SXM4-40GB MIG 4g.20gb (0),1,,13,"void pusch_noise_intf_est::noiseIntfEstNoDftSOfdmKernel<float, __half, float, float, (unsigned int)2, (unsigned int)1, (unsigned char)4, (unsigned char)4>(pusch_noise_intf_est::puschRxNoiseIntfEstDynDescr)"
4910837971,4928,128492,35,1,1,128,1,1,16,0.000,0.000,,,,,NVIDIA A100-SXM4-40GB MIG 4g.20gb (0),1,,13,cupy_copy__complex64_complex64
4910978545,3040,128501,1,1,1,1,1,1,18,0.000,0.000,,,,,NVIDIA A100-SXM4-40GB MIG 4g.20gb (0),1,,13,cupy_copy__float32_float32
4910989713,6624,128507,,,,,,,,,,0.000,0.604,Device,Pageable,NVIDIA A100-SXM4-40GB MIG 4g.20gb (0),1,,7,[CUDA memcpy Device-to-Host]
4911110512,17312,128518,1434,1,1,128,1,1,16,0.000,0.000,,,,,NVIDIA A100-SXM4-40GB MIG 4g.20gb (0),1,,13,cupy_copy__complex64_complex64
4911257902,4864,128525,103,1,1,128,1,1,16,0.000,0.000,,,,,NVIDIA A100-SXM4-40GB MIG 4g.20gb (0),1,,13,cupy_copy__complex64_complex64
4911394285,3520,128532,35,1,1,128,1,1,16,0.000,0.000,,,,,NVIDIA A100-SXM4-40GB MIG 4g.20gb (0),1,,13,cupy_copy__complex64_complex64
4911483532,3424,128539,1,1,1,1,1,1,18,0.000,0.000,,,,,NVIDIA A100-SXM4-40GB MIG 4g.20gb (0),1,,13,cupy_copy__float32_float32
4911565515,231869,128550,1,1,1,32,32,1,30,0.000,0.000,,,,,NVIDIA A100-SXM4-40GB MIG 4g.20gb (0),1,,13,"void convert_kernel<__half2, float2>(tensor_layout_any, T1 *, tensor_layout_any, const T2 *)"
4911828104,5504,128553,,,,,,,,,,0.094,17023.251,Pinned,Device,NVIDIA A100-SXM4-40GB MIG 4g.20gb (0),1,,13,[CUDA memcpy Host-to-Device]
4911941606,4032,128554,,,,,,,,,,1.547,383585.951,Device,,NVIDIA A100-SXM4-40GB MIG 4g.20gb (0),1,,13,[CUDA memset]
4911951846,3200,128559,,,,,,,,,,0.031,9780.000,Pinned,Device,NVIDIA A100-SXM4-40GB MIG 4g.20gb (0),1,,13,[CUDA memcpy Host-to-Device]
4911957894,10944,128560,,,,,,,,,,0.197,17964.859,Pinned,Device,NVIDIA A100-SXM4-40GB MIG 4g.20gb (0),1,,13,[CUDA memcpy Host-to-Device]
4912078981,12288,128561,273,1,1,8,4,1,39,0.002,0.000,,,,,NVIDIA A100-SXM4-40GB MIG 4g.20gb (0),1,,13,"void channel_eq::eqMmseCoefCompLowMimoKernel<float, float, float, (unsigned int)4, (unsigned int)1, (unsigned int)4>(const channel_eq::_puschRxChEqStatDescr *, channel_eq::_puschRxChEqCoefCompDynDescr)"
4912164068,9664,128562,273,1,1,12,11,1,51,0.002,0.000,,,,,NVIDIA A100-SXM4-40GB MIG 4g.20gb (0),1,,13,"void channel_eq::eqMmseSoftDemapKernel<float, __half, __half, float, (unsigned int)4, (unsigned short)16383>(channel_eq::_puschRxChEqStatDescr *, channel_eq::_puschRxChEqSoftDemapDynDescr)"
4912296066,580282,128563,1,1,1,32,32,1,30,0.000,0.000,,,,,NVIDIA A100-SXM4-40GB MIG 4g.20gb (0),1,,13,"void convert_kernel<float2, __half2>(tensor_layout_any, T1 *, tensor_layout_any, const T2 *)"
4912984378,12864,128575,2253,1,1,128,1,1,16,0.000,0.000,,,,,NVIDIA A100-SXM4-40GB MIG 4g.20gb (0),1,,13,cupy_copy__float16_float16
4913117529,5504,128584,282,1,1,128,1,1,16,0.000,0.000,,,,,NVIDIA A100-SXM4-40GB MIG 4g.20gb (0),1,,13,cupy_copy__complex64_complex64
4913212760,3776,128593,26,1,1,128,1,1,16,0.000,0.000,,,,,NVIDIA A100-SXM4-40GB MIG 4g.20gb (0),1,,13,cupy_copy__float32_float32
4913293175,6208,128602,103,1,1,128,1,1,16,0.000,0.000,,,,,NVIDIA A100-SXM4-40GB MIG 4g.20gb (0),1,,13,cupy_copy__complex64_complex64
4913424597,15200,128612,1434,1,1,128,1,1,16,0.000,0.000,,,,,NVIDIA A100-SXM4-40GB MIG 4g.20gb (0),1,,13,cupy_copy__complex64_complex64
4913569748,235133,128617,1,1,1,32,32,1,30,0.000,0.000,,,,,NVIDIA A100-SXM4-40GB MIG 4g.20gb (0),1,,13,"void convert_kernel<__half2, float2>(tensor_layout_any, T1 *, tensor_layout_any, const T2 *)"
4913838480,8832,128620,,,,,,,,,,0.094,10608.636,Pinned,Device,NVIDIA A100-SXM4-40GB MIG 4g.20gb (0),1,,13,[CUDA memcpy Host-to-Device]
4913943535,612857,128621,,,,,,,,,,456.561,744651.709,Device,,NVIDIA A100-SXM4-40GB MIG 4g.20gb (0),1,,13,[CUDA memset]
4914560936,65279,128626,,,,,,,,,,1.235,18916.872,Pinned,Device,NVIDIA A100-SXM4-40GB MIG 4g.20gb (0),1,,13,[CUDA memcpy Host-to-Device]
4914629255,16352,128627,,,,,,,,,,0.197,12023.366,Pinned,Device,NVIDIA A100-SXM4-40GB MIG 4g.20gb (0),1,,13,[CUDA memcpy Host-to-Device]
4914762502,26207,128628,69,4,1,48,1,1,76,0.002,0.000,,,,,NVIDIA A100-SXM4-40GB MIG 4g.20gb (0),1,,13,"void ch_est::windowedChEstPreNoDftSOfdmKernel<float, __half, float, (unsigned int)2, (unsigned int)1, (unsigned short)4>(ch_est::puschRxChEstStatDescr_t *, ch_est::puschRxChEstDynDescr_t *)"
4914856197,8448,128629,137,2,1,24,2,1,44,0.001,0.001,,,,,NVIDIA A100-SXM4-40GB MIG 4g.20gb (0),1,,13,"void ch_est::chEstFilterNoDftSOfdmDispatchKernel<float, __half, float, (unsigned int)2>(ch_est::puschRxChEstStatDescr_t *, ch_est::puschRxChEstDynDescr_t *)"
4914979331,9536,128630,137,2,1,24,2,1,44,0.001,0.001,,,,,NVIDIA A100-SXM4-40GB MIG 4g.20gb (0),1,,13,"void ch_est::chEstFilterNoDftSOfdmDispatchKernel<float, __half, float, (unsigned int)2>(ch_est::puschRxChEstStatDescr_t *, ch_est::puschRxChEstDynDescr_t *)"
4915105922,4512,128641,103,1,1,128,1,1,16,0.000,0.000,,,,,NVIDIA A100-SXM4-40GB MIG 4g.20gb (0),1,,13,cupy_copy__complex64_complex64
4915212129,15711,128651,1434,1,1,128,1,1,16,0.000,0.000,,,,,NVIDIA A100-SXM4-40GB MIG 4g.20gb (0),1,,13,cupy_copy__complex64_complex64
4915361343,5568,128658,103,1,1,128,1,1,16,0.000,0.000,,,,,NVIDIA A100-SXM4-40GB MIG 4g.20gb (0),1,,13,cupy_copy__complex64_complex64
4915442782,239837,128665,1,1,1,32,32,1,30,0.000,0.000,,,,,NVIDIA A100-SXM4-40GB MIG 4g.20gb (0),1,,13,"void convert_kernel<__half2, float2>(tensor_layout_any, T1 *, tensor_layout_any, const T2 *)"
4915717115,8800,128668,,,,,,,,,,0.094,10647.239,Pinned,Device,NVIDIA A100-SXM4-40GB MIG 4g.20gb (0),1,,13,[CUDA memcpy Host-to-Device]
4915807194,61951,128669,,,,,,,,,,35.810,578007.919,Device,,NVIDIA A100-SXM4-40GB MIG 4g.20gb (0),1,,13,[CUDA memset]
4915875321,2400,128671,,,,,,,,,,0.000,33.333,Pinned,Device,NVIDIA A100-SXM4-40GB MIG 4g.20gb (0),1,,13,[CUDA memcpy Host-to-Device]
4915880857,9888,128672,,,,,,,,,,0.197,19883.360,Pinned,Device,NVIDIA A100-SXM4-40GB MIG 4g.20gb (0),1,,13,[CUDA memcpy Host-to-Device]
4915981016,29215,128673,273,1,1,48,1,1,40,0.000,0.001,,,,,NVIDIA A100-SXM4-40GB MIG 4g.20gb (0),1,,13,"void pusch_noise_intf_est::noiseIntfEstNoDftSOfdmKernel<float, __half, float, float, (unsigned int)2, (unsigned int)1, (unsigned char)4, (unsigned char)4>(pusch_noise_intf_est::puschRxNoiseIntfEstDynDescr)"
4916072407,7840,128684,35,1,1,128,1,1,16,0.000,0.000,,,,,NVIDIA A100-SXM4-40GB MIG 4g.20gb (0),1,,13,cupy_copy__complex64_complex64
4916218325,2944,128693,1,1,1,1,1,1,18,0.000,0.000,,,,,NVIDIA A100-SXM4-40GB MIG 4g.20gb (0),1,,13,cupy_copy__float32_float32
4916226357,4288,128699,,,,,,,,,,0.000,0.933,Device,Pageable,NVIDIA A100-SXM4-40GB MIG 4g.20gb (0),1,,7,[CUDA memcpy Device-to-Host]
4916399475,19232,128710,1434,1,1,128,1,1,16,0.000,0.000,,,,,NVIDIA A100-SXM4-40GB MIG 4g.20gb (0),1,,13,cupy_copy__complex64_complex64
4916486354,5344,128717,103,1,1,128,1,1,16,0.000,0.000,,,,,NVIDIA A100-SXM4-40GB MIG 4g.20gb (0),1,,13,cupy_copy__complex64_complex64
4916608656,3648,128724,35,1,1,128,1,1,16,0.000,0.000,,,,,NVIDIA A100-SXM4-40GB MIG 4g.20gb (0),1,,13,cupy_copy__complex64_complex64
4916698159,4320,128731,1,1,1,1,1,1,18,0.000,0.000,,,,,NVIDIA A100-SXM4-40GB MIG 4g.20gb (0),1,,13,cupy_copy__float32_float32
4916792942,232990,128742,1,1,1,32,32,1,30,0.000,0.000,,,,,NVIDIA A100-SXM4-40GB MIG 4g.20gb (0),1,,13,"void convert_kernel<__half2, float2>(tensor_layout_any, T1 *, tensor_layout_any, const T2 *)"
4917054731,6464,128745,,,,,,,,,,0.094,14494.959,Pinned,Device,NVIDIA A100-SXM4-40GB MIG 4g.20gb (0),1,,13,[CUDA memcpy Host-to-Device]
4917184138,6560,128746,,,,,,,,,,1.547,235765.816,Device,,NVIDIA A100-SXM4-40GB MIG 4g.20gb (0),1,,13,[CUDA memset]
4917194954,3360,128751,,,,,,,,,,0.031,9314.284,Pinned,Device,NVIDIA A100-SXM4-40GB MIG 4g.20gb (0),1,,13,[CUDA memcpy Host-to-Device]
4917200842,9760,128752,,,,,,,,,,0.197,20144.259,Pinned,Device,NVIDIA A100-SXM4-40GB MIG 4g.20gb (0),1,,13,[CUDA memcpy Host-to-Device]
4917324008,12928,128753,273,1,1,8,4,1,39,0.002,0.000,,,,,NVIDIA A100-SXM4-40GB MIG 4g.20gb (0),1,,13,"void channel_eq::eqMmseCoefCompLowMimoKernel<float, float, float, (unsigned int)4, (unsigned int)1, (unsigned int)4>(const channel_eq::_puschRxChEqStatDescr *, channel_eq::_puschRxChEqCoefCompDynDescr)"
4917449127,25535,128754,273,1,1,12,11,1,51,0.002,0.000,,,,,NVIDIA A100-SXM4-40GB MIG 4g.20gb (0),1,,13,"void channel_eq::eqMmseSoftDemapKernel<float, __half, __half, float, (unsigned int)4, (unsigned short)16383>(channel_eq::_puschRxChEqStatDescr *, channel_eq::_puschRxChEqSoftDemapDynDescr)"
4917549638,519450,128755,1,1,1,32,32,1,30,0.000,0.000,,,,,NVIDIA A100-SXM4-40GB MIG 4g.20gb (0),1,,13,"void convert_kernel<float2, __half2>(tensor_layout_any, T1 *, tensor_layout_any, const T2 *)"
4918189150,13952,128767,2253,1,1,128,1,1,16,0.000,0.000,,,,,NVIDIA A100-SXM4-40GB MIG 4g.20gb (0),1,,13,cupy_copy__float16_float16
4918309437,5760,128776,282,1,1,128,1,1,16,0.000,0.000,,,,,NVIDIA A100-SXM4-40GB MIG 4g.20gb (0),1,,13,cupy_copy__complex64_complex64
4918397500,3808,128785,26,1,1,128,1,1,16,0.000,0.000,,,,,NVIDIA A100-SXM4-40GB MIG 4g.20gb (0),1,,13,cupy_copy__float32_float32
4918479515,4480,128794,103,1,1,128,1,1,16,0.000,0.000,,,,,NVIDIA A100-SXM4-40GB MIG 4g.20gb (0),1,,13,cupy_copy__complex64_complex64
4918611449,18464,128804,1434,1,1,128,1,1,16,0.000,0.000,,,,,NVIDIA A100-SXM4-40GB MIG 4g.20gb (0),1,,13,cupy_copy__complex64_complex64
4918746392,221597,128809,1,1,1,32,32,1,30,0.000,0.000,,,,,NVIDIA A100-SXM4-40GB MIG 4g.20gb (0),1,,13,"void convert_kernel<__half2, float2>(tensor_layout_any, T1 *, tensor_layout_any, const T2 *)"
4918997461,6336,128812,,,,,,,,,,0.094,14787.852,Pinned,Device,NVIDIA A100-SXM4-40GB MIG 4g.20gb (0),1,,13,[CUDA memcpy Host-to-Device]
4919122867,618233,128813,,,,,,,,,,456.561,738259.848,Device,,NVIDIA A100-SXM4-40GB MIG 4g.20gb (0),1,,13,[CUDA memset]
4919745804,59520,128818,,,,,,,,,,1.235,20748.294,Pinned,Device,NVIDIA A100-SXM4-40GB MIG 4g.20gb (0),1,,13,[CUDA memcpy Host-to-Device]
4919808428,12415,128819,,,,,,,,,,0.197,15836.185,Pinned,Device,NVIDIA A100-SXM4-40GB MIG 4g.20gb (0),1,,13,[CUDA memcpy Host-to-Device]
4919918538,11296,128820,69,4,1,48,1,1,76,0.002,0.000,,,,,NVIDIA A100-SXM4-40GB MIG 4g.20gb (0),1,,13,"void ch_est::windowedChEstPreNoDftSOfdmKernel<float, __half, float, (unsigned int)2, (unsigned int)1, (unsigned short)4>(ch_est::puschRxChEstStatDescr_t *, ch_est::puschRxChEstDynDescr_t *)"
4920056937,7904,128821,137,2,1,24,2,1,44,0.001,0.001,,,,,NVIDIA A100-SXM4-40GB MIG 4g.20gb (0),1,,13,"void ch_est::chEstFilterNoDftSOfdmDispatchKernel<float, __half, float, (unsigned int)2>(ch_est::puschRxChEstStatDescr_t *, ch_est::puschRxChEstDynDescr_t *)"
4920197895,8160,128822,137,2,1,24,2,1,44,0.001,0.001,,,,,NVIDIA A100-SXM4-40GB MIG 4g.20gb (0),1,,13,"void ch_est::chEstFilterNoDftSOfdmDispatchKernel<float, __half, float, (unsigned int)2>(ch_est::puschRxChEstStatDescr_t *, ch_est::puschRxChEstDynDescr_t *)"
4920287078,5248,128833,103,1,1,128,1,1,16,0.000,0.000,,,,,NVIDIA A100-SXM4-40GB MIG 4g.20gb (0),1,,13,cupy_copy__complex64_complex64
4920403781,15711,128843,1434,1,1,128,1,1,16,0.000,0.000,,,,,NVIDIA A100-SXM4-40GB MIG 4g.20gb (0),1,,13,cupy_copy__complex64_complex64
4920541763,6080,128850,103,1,1,128,1,1,16,0.000,0.000,,,,,NVIDIA A100-SXM4-40GB MIG 4g.20gb (0),1,,13,cupy_copy__complex64_complex64
4920636482,223229,128857,1,1,1,32,32,1,30,0.000,0.000,,,,,NVIDIA A100-SXM4-40GB MIG 4g.20gb (0),1,,13,"void convert_kernel<__half2, float2>(tensor_layout_any, T1 *, tensor_layout_any, const T2 *)"
4920890847,6240,128860,,,,,,,,,,0.094,15015.346,Pinned,Device,NVIDIA A100-SXM4-40GB MIG 4g.20gb (0),1,,13,[CUDA memcpy Host-to-Device]
4920976254,53375,128861,,,,,,,,,,35.810,670898.851,Device,,NVIDIA A100-SXM4-40GB MIG 4g.20gb (0),1,,13,[CUDA memset]
4921032125,6048,128863,,,,,,,,,,0.000,13.227,Pinned,Device,NVIDIA A100-SXM4-40GB MIG 4g.20gb (0),1,,13,[CUDA memcpy Host-to-Device]
4921040637,9952,128864,,,,,,,,,,0.197,19755.565,Pinned,Device,NVIDIA A100-SXM4-40GB MIG 4g.20gb (0),1,,13,[CUDA memcpy Host-to-Device]
4921173276,19776,128865,273,1,1,48,1,1,40,0.000,0.001,,,,,NVIDIA A100-SXM4-40GB MIG 4g.20gb (0),1,,13,"void pusch_noise_intf_est::noiseIntfEstNoDftSOfdmKernel<float, __half, float, float, (unsigned int)2, (unsigned int)1, (unsigned char)4, (unsigned char)4>(pusch_noise_intf_est::puschRxNoiseIntfEstDynDescr)"
4921308122,5600,128876,35,1,1,128,1,1,16,0.000,0.000,,,,,NVIDIA A100-SXM4-40GB MIG 4g.20gb (0),1,,13,cupy_copy__complex64_complex64
4921406425,3168,128885,1,1,1,1,1,1,18,0.000,0.000,,,,,NVIDIA A100-SXM4-40GB MIG 4g.20gb (0),1,,13,cupy_copy__float32_float32
4921415961,1792,128891,,,,,,,,,,0.000,2.232,Device,Pageable,NVIDIA A100-SXM4-40GB MIG 4g.20gb (0),1,,7,[CUDA memcpy Device-to-Host]
4921574903,18176,128902,1434,1,1,128,1,1,16,0.000,0.000,,,,,NVIDIA A100-SXM4-40GB MIG 4g.20gb (0),1,,13,cupy_copy__complex64_complex64
4921713302,3648,128909,103,1,1,128,1,1,16,0.000,0.000,,,,,NVIDIA A100-SXM4-40GB MIG 4g.20gb (0),1,,13,cupy_copy__complex64_complex64
4921808756,7968,128916,35,1,1,128,1,1,16,0.000,0.000,,,,,NVIDIA A100-SXM4-40GB MIG 4g.20gb (0),1,,13,cupy_copy__complex64_complex64
4921930291,3392,128923,1,1,1,1,1,1,18,0.000,0.000,,,,,NVIDIA A100-SXM4-40GB MIG 4g.20gb (0),1,,13,cupy_copy__float32_float32
4922014450,199262,128934,1,1,1,32,32,1,30,0.000,0.000,,,,,NVIDIA A100-SXM4-40GB MIG 4g.20gb (0),1,,13,"void convert_kernel<__half2, float2>(tensor_layout_any, T1 *, tensor_layout_any, const T2 *)"
4922245103,5856,128937,,,,,,,,,,0.094,15999.997,Pinned,Device,NVIDIA A100-SXM4-40GB MIG 4g.20gb (0),1,,13,[CUDA memcpy Host-to-Device]
4922335182,5248,128938,,,,,,,,,,1.547,294706.110,Device,,NVIDIA A100-SXM4-40GB MIG 4g.20gb (0),1,,13,[CUDA memset]
4922345358,3264,128943,,,,,,,,,,0.031,9588.218,Pinned,Device,NVIDIA A100-SXM4-40GB MIG 4g.20gb (0),1,,13,[CUDA memcpy Host-to-Device]
4922351118,10112,128944,,,,,,,,,,0.197,19442.958,Pinned,Device,NVIDIA A100-SXM4-40GB MIG 4g.20gb (0),1,,13,[CUDA memcpy Host-to-Device]
4922475597,11328,128945,273,1,1,8,4,1,39,0.002,0.000,,,,,NVIDIA A100-SXM4-40GB MIG 4g.20gb (0),1,,13,"void channel_eq::eqMmseCoefCompLowMimoKernel<float, float, float, (unsigned int)4, (unsigned int)1, (unsigned int)4>(const channel_eq::_puschRxChEqStatDescr *, channel_eq::_puschRxChEqCoefCompDynDescr)"
4922620619,9984,128946,273,1,1,12,11,1,51,0.002,0.000,,,,,NVIDIA A100-SXM4-40GB MIG 4g.20gb (0),1,,13,"void channel_eq::eqMmseSoftDemapKernel<float, __half, __half, float, (unsigned int)4, (unsigned short)16383>(channel_eq::_puschRxChEqStatDescr *, channel_eq::_puschRxChEqSoftDemapDynDescr)"
4922761161,535770,128947,1,1,1,32,32,1,30,0.000,0.000,,,,,NVIDIA A100-SXM4-40GB MIG 4g.20gb (0),1,,13,"void convert_kernel<float2, __half2>(tensor_layout_any, T1 *, tensor_layout_any, const T2 *)"
4923383938,19872,128959,2253,1,1,128,1,1,16,0.000,0.000,,,,,NVIDIA A100-SXM4-40GB MIG 4g.20gb (0),1,,13,cupy_copy__float16_float16
4923469409,6528,128968,282,1,1,128,1,1,16,0.000,0.000,,,,,NVIDIA A100-SXM4-40GB MIG 4g.20gb (0),1,,13,cupy_copy__complex64_complex64
4923589280,3136,128977,26,1,1,128,1,1,16,0.000,0.000,,,,,NVIDIA A100-SXM4-40GB MIG 4g.20gb (0),1,,13,cupy_copy__float32_float32
4923678751,9152,128986,103,1,1,128,1,1,16,0.000,0.000,,,,,NVIDIA A100-SXM4-40GB MIG 4g.20gb (0),1,,13,cupy_copy__complex64_complex64
4923842589,17408,129002,1434,1,1,128,1,1,16,0.000,0.000,,,,,NVIDIA A100-SXM4-40GB MIG 4g.20gb (0),1,,13,cupy_copy__complex64_complex64
4923999259,223422,129007,1,1,1,32,32,1,30,0.000,0.000,,,,,NVIDIA A100-SXM4-40GB MIG 4g.20gb (0),1,,13,"void convert_kernel<__half2, float2>(tensor_layout_any, T1 *, tensor_layout_any, const T2 *)"
4924256728,7552,129010,,,,,,,,,,0.094,12406.756,Pinned,Device,NVIDIA A100-SXM4-40GB MIG 4g.20gb (0),1,,13,[CUDA memcpy Host-to-Device]
4924369111,618713,129011,,,,,,,,,,456.561,737803.287,Device,,NVIDIA A100-SXM4-40GB MIG 4g.20gb (0),1,,13,[CUDA memset]
4924992944,60223,129016,,,,,,,,,,1.235,20505.010,Pinned,Device,NVIDIA A100-SXM4-40GB MIG 4g.20gb (0),1,,13,[CUDA memcpy Host-to-Device]
4925055663,12160,129017,,,,,,,,,,0.197,16168.255,Pinned,Device,NVIDIA A100-SXM4-40GB MIG 4g.20gb (0),1,,13,[CUDA memcpy Host-to-Device]
4925192781,30112,129018,69,4,1,48,1,1,76,0.002,0.000,,,,,NVIDIA A100-SXM4-40GB MIG 4g.20gb (0),1,,13,"void ch_est::windowedChEstPreNoDftSOfdmKernel<float, __half, float, (unsigned int)2, (unsigned int)1, (unsigned short)4>(ch_est::puschRxChEstStatDescr_t *, ch_est::puschRxChEstDynDescr_t *)"
4925283564,8512,129019,137,2,1,24,2,1,44,0.001,0.001,,,,,NVIDIA A100-SXM4-40GB MIG 4g.20gb (0),1,,13,"void ch_est::chEstFilterNoDftSOfdmDispatchKernel<float, __half, float, (unsigned int)2>(ch_est::puschRxChEstStatDescr_t *, ch_est::puschRxChEstDynDescr_t *)"
4925412331,11840,129020,137,2,1,24,2,1,44,0.001,0.001,,,,,NVIDIA A100-SXM4-40GB MIG 4g.20gb (0),1,,13,"void ch_est::chEstFilterNoDftSOfdmDispatchKernel<float, __half, float, (unsigned int)2>(ch_est::puschRxChEstStatDescr_t *, ch_est::puschRxChEstDynDescr_t *)"
4925546089,4672,129031,103,1,1,128,1,1,16,0.000,0.000,,,,,NVIDIA A100-SXM4-40GB MIG 4g.20gb (0),1,,13,cupy_copy__complex64_complex64
4925667112,17248,129041,1434,1,1,128,1,1,16,0.000,0.000,,,,,NVIDIA A100-SXM4-40GB MIG 4g.20gb (0),1,,13,cupy_copy__complex64_complex64
4925778247,6624,129048,103,1,1,128,1,1,16,0.000,0.000,,,,,NVIDIA A100-SXM4-40GB MIG 4g.20gb (0),1,,13,cupy_copy__complex64_complex64
4925863398,262877,129055,1,1,1,32,32,1,30,0.000,0.000,,,,,NVIDIA A100-SXM4-40GB MIG 4g.20gb (0),1,,13,"void convert_kernel<__half2, float2>(tensor_layout_any, T1 *, tensor_layout_any, const T2 *)"
4926187522,14176,129058,,,,,,,,,,0.094,6609.410,Pinned,Device,NVIDIA A100-SXM4-40GB MIG 4g.20gb (0),1,,13,[CUDA memcpy Host-to-Device]
4926328608,55584,129059,,,,,,,,,,35.810,644220.461,Device,,NVIDIA A100-SXM4-40GB MIG 4g.20gb (0),1,,13,[CUDA memset]
4926390336,1952,129061,,,,,,,,,,0.000,40.984,Pinned,Device,NVIDIA A100-SXM4-40GB MIG 4g.20gb (0),1,,13,[CUDA memcpy Host-to-Device]
4926394880,12191,129062,,,,,,,,,,0.197,16127.164,Pinned,Device,NVIDIA A100-SXM4-40GB MIG 4g.20gb (0),1,,13,[CUDA memcpy Host-to-Device]
4926518750,14080,129063,273,1,1,48,1,1,40,0.000,0.001,,,,,NVIDIA A100-SXM4-40GB MIG 4g.20gb (0),1,,13,"void pusch_noise_intf_est::noiseIntfEstNoDftSOfdmKernel<float, __half, float, float, (unsigned int)2, (unsigned int)1, (unsigned char)4, (unsigned char)4>(pusch_noise_intf_est::puschRxNoiseIntfEstDynDescr)"
4926660380,3648,129074,35,1,1,128,1,1,16,0.000,0.000,,,,,NVIDIA A100-SXM4-40GB MIG 4g.20gb (0),1,,13,cupy_copy__complex64_complex64
4926782811,3840,129083,1,1,1,1,1,1,18,0.000,0.000,,,,,NVIDIA A100-SXM4-40GB MIG 4g.20gb (0),1,,13,cupy_copy__float32_float32
4926793819,1632,129089,,,,,,,,,,0.000,2.451,Device,Pageable,NVIDIA A100-SXM4-40GB MIG 4g.20gb (0),1,,7,[CUDA memcpy Device-to-Host]
4926933305,16288,129100,1434,1,1,128,1,1,16,0.000,0.000,,,,,NVIDIA A100-SXM4-40GB MIG 4g.20gb (0),1,,13,cupy_copy__complex64_complex64
4927078456,4064,129107,103,1,1,128,1,1,16,0.000,0.000,,,,,NVIDIA A100-SXM4-40GB MIG 4g.20gb (0),1,,13,cupy_copy__complex64_complex64
4927172535,5024,129114,35,1,1,128,1,1,16,0.000,0.000,,,,,NVIDIA A100-SXM4-40GB MIG 4g.20gb (0),1,,13,cupy_copy__complex64_complex64
4927288117,3104,129121,1,1,1,1,1,1,18,0.000,0.000,,,,,NVIDIA A100-SXM4-40GB MIG 4g.20gb (0),1,,13,cupy_copy__float32_float32
4927371188,230622,129132,1,1,1,32,32,1,30,0.000,0.000,,,,,NVIDIA A100-SXM4-40GB MIG 4g.20gb (0),1,,13,"void convert_kernel<__half2, float2>(tensor_layout_any, T1 *, tensor_layout_any, const T2 *)"
4927632113,5920,129135,,,,,,,,,,0.094,15826.941,Pinned,Device,NVIDIA A100-SXM4-40GB MIG 4g.20gb (0),1,,13,[CUDA memcpy Host-to-Device]
4927737168,5664,129136,,,,,,,,,,1.547,273061.107,Device,,NVIDIA A100-SXM4-40GB MIG 4g.20gb (0),1,,13,[CUDA memset]
4927746224,13696,129141,,,,,,,,,,0.031,2285.046,Pinned,Device,NVIDIA A100-SXM4-40GB MIG 4g.20gb (0),1,,13,[CUDA memcpy Host-to-Device]
4927764464,9760,129142,,,,,,,,,,0.197,20144.259,Pinned,Device,NVIDIA A100-SXM4-40GB MIG 4g.20gb (0),1,,13,[CUDA memcpy Host-to-Device]
4927877230,34528,129143,273,1,1,8,4,1,39,0.002,0.000,,,,,NVIDIA A100-SXM4-40GB MIG 4g.20gb (0),1,,13,"void channel_eq::eqMmseCoefCompLowMimoKernel<float, float, float, (unsigned int)4, (unsigned int)1, (unsigned int)4>(const channel_eq::_puschRxChEqStatDescr *, channel_eq::_puschRxChEqCoefCompDynDescr)"
4927961197,9248,129144,273,1,1,12,11,1,51,0.002,0.000,,,,,NVIDIA A100-SXM4-40GB MIG 4g.20gb (0),1,,13,"void channel_eq::eqMmseSoftDemapKernel<float, __half, __half, float, (unsigned int)4, (unsigned short)16383>(channel_eq::_puschRxChEqStatDescr *, channel_eq::_puschRxChEqSoftDemapDynDescr)"
4928094572,549626,129145,1,1,1,32,32,1,30,0.000,0.000,,,,,NVIDIA A100-SXM4-40GB MIG 4g.20gb (0),1,,13,"void convert_kernel<float2, __half2>(tensor_layout_any, T1 *, tensor_layout_any, const T2 *)"
4928746052,13216,129157,2253,1,1,128,1,1,16,0.000,0.000,,,,,NVIDIA A100-SXM4-40GB MIG 4g.20gb (0),1,,13,cupy_copy__float16_float16
4928878691,5728,129166,282,1,1,128,1,1,16,0.000,0.000,,,,,NVIDIA A100-SXM4-40GB MIG 4g.20gb (0),1,,13,cupy_copy__complex64_complex64
4929004129,3488,129175,26,1,1,128,1,1,16,0.000,0.000,,,,,NVIDIA A100-SXM4-40GB MIG 4g.20gb (0),1,,13,cupy_copy__float32_float32
4929085824,4672,129184,103,1,1,128,1,1,16,0.000,0.000,,,,,NVIDIA A100-SXM4-40GB MIG 4g.20gb (0),1,,13,cupy_copy__complex64_complex64
4929162976,15999,129194,1434,1,1,128,1,1,16,0.000,0.000,,,,,NVIDIA A100-SXM4-40GB MIG 4g.20gb (0),1,,13,cupy_copy__complex64_complex64
4929296094,226173,129199,1,1,1,32,32,1,30,0.000,0.000,,,,,NVIDIA A100-SXM4-40GB MIG 4g.20gb (0),1,,13,"void convert_kernel<__half2, float2>(tensor_layout_any, T1 *, tensor_layout_any, const T2 *)"
4929553563,7744,129202,,,,,,,,,,0.094,12099.152,Pinned,Device,NVIDIA A100-SXM4-40GB MIG 4g.20gb (0),1,,13,[CUDA memcpy Host-to-Device]
4929662170,612057,129203,,,,,,,,,,456.561,745564.832,Device,,NVIDIA A100-SXM4-40GB MIG 4g.20gb (0),1,,13,[CUDA memset]
4930277171,62431,129208,,,,,,,,,,1.235,19780.098,Pinned,Device,NVIDIA A100-SXM4-40GB MIG 4g.20gb (0),1,,13,[CUDA memcpy Host-to-Device]
4930342066,12768,129209,,,,,,,,,,0.197,15398.339,Pinned,Device,NVIDIA A100-SXM4-40GB MIG 4g.20gb (0),1,,13,[CUDA memcpy Host-to-Device]
4930479280,32288,129210,69,4,1,48,1,1,76,0.002,0.000,,,,,NVIDIA A100-SXM4-40GB MIG 4g.20gb (0),1,,13,"void ch_est::windowedChEstPreNoDftSOfdmKernel<float, __half, float, (unsigned int)2, (unsigned int)1, (unsigned short)4>(ch_est::puschRxChEstStatDescr_t *, ch_est::puschRxChEstDynDescr_t *)"
4930566351,7808,129211,137,2,1,24,2,1,44,0.001,0.001,,,,,NVIDIA A100-SXM4-40GB MIG 4g.20gb (0),1,,13,"void ch_est::chEstFilterNoDftSOfdmDispatchKernel<float, __half, float, (unsigned int)2>(ch_est::puschRxChEstStatDescr_t *, ch_est::puschRxChEstDynDescr_t *)"
4930664846,8864,129212,137,2,1,24,2,1,44,0.001,0.001,,,,,NVIDIA A100-SXM4-40GB MIG 4g.20gb (0),1,,13,"void ch_est::chEstFilterNoDftSOfdmDispatchKernel<float, __half, float, (unsigned int)2>(ch_est::puschRxChEstStatDescr_t *, ch_est::puschRxChEstDynDescr_t *)"
4930788557,5344,129223,103,1,1,128,1,1,16,0.000,0.000,,,,,NVIDIA A100-SXM4-40GB MIG 4g.20gb (0),1,,13,cupy_copy__complex64_complex64
4930895628,17471,129233,1434,1,1,128,1,1,16,0.000,0.000,,,,,NVIDIA A100-SXM4-40GB MIG 4g.20gb (0),1,,13,cupy_copy__complex64_complex64
4931036874,7072,129240,103,1,1,128,1,1,16,0.000,0.000,,,,,NVIDIA A100-SXM4-40GB MIG 4g.20gb (0),1,,13,cupy_copy__complex64_complex64
4931165352,244126,129247,1,1,1,32,32,1,30,0.000,0.000,,,,,NVIDIA A100-SXM4-40GB MIG 4g.20gb (0),1,,13,"void convert_kernel<__half2, float2>(tensor_layout_any, T1 *, tensor_layout_any, const T2 *)"
4931440485,5984,129250,,,,,,,,,,0.094,15657.726,Pinned,Device,NVIDIA A100-SXM4-40GB MIG 4g.20gb (0),1,,13,[CUDA memcpy Host-to-Device]
4931564740,54463,129251,,,,,,,,,,35.810,657505.941,Device,,NVIDIA A100-SXM4-40GB MIG 4g.20gb (0),1,,13,[CUDA memset]
4931620707,5664,129253,,,,,,,,,,0.000,14.124,Pinned,Device,NVIDIA A100-SXM4-40GB MIG 4g.20gb (0),1,,13,[CUDA memcpy Host-to-Device]
4931628867,13184,129254,,,,,,,,,,0.197,14912.520,Pinned,Device,NVIDIA A100-SXM4-40GB MIG 4g.20gb (0),1,,13,[CUDA memcpy Host-to-Device]
4931758146,13279,129255,273,1,1,48,1,1,40,0.000,0.001,,,,,NVIDIA A100-SXM4-40GB MIG 4g.20gb (0),1,,13,"void pusch_noise_intf_est::noiseIntfEstNoDftSOfdmKernel<float, __half, float, float, (unsigned int)2, (unsigned int)1, (unsigned char)4, (unsigned char)4>(pusch_noise_intf_est::puschRxNoiseIntfEstDynDescr)"
4931899520,3840,129266,35,1,1,128,1,1,16,0.000,0.000,,,,,NVIDIA A100-SXM4-40GB MIG 4g.20gb (0),1,,13,cupy_copy__complex64_complex64
4932019967,3840,129275,1,1,1,1,1,1,18,0.000,0.000,,,,,NVIDIA A100-SXM4-40GB MIG 4g.20gb (0),1,,13,cupy_copy__float32_float32
4932030111,1599,129281,,,,,,,,,,0.000,2.502,Device,Pageable,NVIDIA A100-SXM4-40GB MIG 4g.20gb (0),1,,7,[CUDA memcpy Device-to-Host]
4932161789,14848,129292,1434,1,1,128,1,1,16,0.000,0.000,,,,,NVIDIA A100-SXM4-40GB MIG 4g.20gb (0),1,,13,cupy_copy__complex64_complex64
4932311035,3840,129299,103,1,1,128,1,1,16,0.000,0.000,,,,,NVIDIA A100-SXM4-40GB MIG 4g.20gb (0),1,,13,cupy_copy__complex64_complex64
4932467129,5792,129306,35,1,1,128,1,1,16,0.000,0.000,,,,,NVIDIA A100-SXM4-40GB MIG 4g.20gb (0),1,,13,cupy_copy__complex64_complex64
4932601016,3104,129313,1,1,1,1,1,1,18,0.000,0.000,,,,,NVIDIA A100-SXM4-40GB MIG 4g.20gb (0),1,,13,cupy_copy__float32_float32
4932694199,247261,129324,1,1,1,32,32,1,30,0.000,0.000,,,,,NVIDIA A100-SXM4-40GB MIG 4g.20gb (0),1,,13,"void convert_kernel<__half2, float2>(tensor_layout_any, T1 *, tensor_layout_any, const T2 *)"
4932971732,5504,129327,,,,,,,,,,0.094,17023.251,Pinned,Device,NVIDIA A100-SXM4-40GB MIG 4g.20gb (0),1,,13,[CUDA memcpy Host-to-Device]
4933058163,6848,129328,,,,,,,,,,1.547,225850.409,Device,,NVIDIA A100-SXM4-40GB MIG 4g.20gb (0),1,,13,[CUDA memset]
4933071218,3264,129333,,,,,,,,,,0.031,9588.218,Pinned,Device,NVIDIA A100-SXM4-40GB MIG 4g.20gb (0),1,,13,[CUDA memcpy Host-to-Device]
4933082738,19136,129334,,,,,,,,,,0.197,10274.144,Pinned,Device,NVIDIA A100-SXM4-40GB MIG 4g.20gb (0),1,,13,[CUDA memcpy Host-to-Device]
4933193393,36672,129335,273,1,1,8,4,1,39,0.002,0.000,,,,,NVIDIA A100-SXM4-40GB MIG 4g.20gb (0),1,,13,"void channel_eq::eqMmseCoefCompLowMimoKernel<float, float, float, (unsigned int)4, (unsigned int)1, (unsigned int)4>(const channel_eq::_puschRxChEqStatDescr *, channel_eq::_puschRxChEqCoefCompDynDescr)"
4933281456,8896,129336,273,1,1,12,11,1,51,0.002,0.000,,,,,NVIDIA A100-SXM4-40GB MIG 4g.20gb (0),1,,13,"void channel_eq::eqMmseSoftDemapKernel<float, __half, __half, float, (unsigned int)4, (unsigned short)16383>(channel_eq::_puschRxChEqStatDescr *, channel_eq::_puschRxChEqSoftDemapDynDescr)"
4933406575,568601,129337,1,1,1,32,32,1,30,0.000,0.000,,,,,NVIDIA A100-SXM4-40GB MIG 4g.20gb (0),1,,13,"void convert_kernel<float2, __half2>(tensor_layout_any, T1 *, tensor_layout_any, const T2 *)"
4934109607,13247,129349,2253,1,1,128,1,1,16,0.000,0.000,,,,,NVIDIA A100-SXM4-40GB MIG 4g.20gb (0),1,,13,cupy_copy__float16_float16
4934239525,4640,129358,282,1,1,128,1,1,16,0.000,0.000,,,,,NVIDIA A100-SXM4-40GB MIG 4g.20gb (0),1,,13,cupy_copy__complex64_complex64
4934324580,4000,129367,26,1,1,128,1,1,16,0.000,0.000,,,,,NVIDIA A100-SXM4-40GB MIG 4g.20gb (0),1,,13,cupy_copy__float32_float32
4934435203,8896,129376,103,1,1,128,1,1,16,0.000,0.000,,,,,NVIDIA A100-SXM4-40GB MIG 4g.20gb (0),1,,13,cupy_copy__complex64_complex64
4934549889,19648,129386,1434,1,1,128,1,1,16,0.000,0.000,,,,,NVIDIA A100-SXM4-40GB MIG 4g.20gb (0),1,,13,cupy_copy__complex64_complex64
4934642912,223166,129391,1,1,1,32,32,1,30,0.000,0.000,,,,,NVIDIA A100-SXM4-40GB MIG 4g.20gb (0),1,,13,"void convert_kernel<__half2, float2>(tensor_layout_any, T1 *, tensor_layout_any, const T2 *)"
4934895901,9248,129394,,,,,,,,,,0.094,10131.442,Pinned,Device,NVIDIA A100-SXM4-40GB MIG 4g.20gb (0),1,,13,[CUDA memcpy Host-to-Device]
4934954141,616633,129395,,,,,,,,,,456.561,740086.094,Device,,NVIDIA A100-SXM4-40GB MIG 4g.20gb (0),1,,13,[CUDA memset]
4935577686,62847,129400,,,,,,,,,,1.235,19649.194,Pinned,Device,NVIDIA A100-SXM4-40GB MIG 4g.20gb (0),1,,13,[CUDA memcpy Host-to-Device]
4935646389,13408,129401,,,,,,,,,,0.197,14663.418,Pinned,Device,NVIDIA A100-SXM4-40GB MIG 4g.20gb (0),1,,13,[CUDA memcpy Host-to-Device]
4935766803,27456,129402,69,4,1,48,1,1,76,0.002,0.000,,,,,NVIDIA A100-SXM4-40GB MIG 4g.20gb (0),1,,13,"void ch_est::windowedChEstPreNoDftSOfdmKernel<float, __half, float, (unsigned int)2, (unsigned int)1, (unsigned short)4>(ch_est::puschRxChEstStatDescr_t *, ch_est::puschRxChEstDynDescr_t *)"
4935857138,11040,129403,137,2,1,24,2,1,44,0.001,0.001,,,,,NVIDIA A100-SXM4-40GB MIG 4g.20gb (0),1,,13,"void ch_est::chEstFilterNoDftSOfdmDispatchKernel<float, __half, float, (unsigned int)2>(ch_est::puschRxChEstStatDescr_t *, ch_est::puschRxChEstDynDescr_t *)"
4935984401,7520,129404,137,2,1,24,2,1,44,0.001,0.001,,,,,NVIDIA A100-SXM4-40GB MIG 4g.20gb (0),1,,13,"void ch_est::chEstFilterNoDftSOfdmDispatchKernel<float, __half, float, (unsigned int)2>(ch_est::puschRxChEstStatDescr_t *, ch_est::puschRxChEstDynDescr_t *)"
4936102160,4575,129415,103,1,1,128,1,1,16,0.000,0.000,,,,,NVIDIA A100-SXM4-40GB MIG 4g.20gb (0),1,,13,cupy_copy__complex64_complex64
4936197806,20224,129425,1434,1,1,128,1,1,16,0.000,0.000,,,,,NVIDIA A100-SXM4-40GB MIG 4g.20gb (0),1,,13,cupy_copy__complex64_complex64
4936330157,5632,129432,103,1,1,128,1,1,16,0.000,0.000,,,,,NVIDIA A100-SXM4-40GB MIG 4g.20gb (0),1,,13,cupy_copy__complex64_complex64
4936420140,240509,129439,1,1,1,32,32,1,30,0.000,0.000,,,,,NVIDIA A100-SXM4-40GB MIG 4g.20gb (0),1,,13,"void convert_kernel<__half2, float2>(tensor_layout_any, T1 *, tensor_layout_any, const T2 *)"
4936691657,9056,129442,,,,,,,,,,0.094,10346.287,Pinned,Device,NVIDIA A100-SXM4-40GB MIG 4g.20gb (0),1,,13,[CUDA memcpy Host-to-Device]
4936780904,61023,129443,,,,,,,,,,35.810,586817.159,Device,,NVIDIA A100-SXM4-40GB MIG 4g.20gb (0),1,,13,[CUDA memset]
4936849511,1856,129445,,,,,,,,,,0.000,43.103,Pinned,Device,NVIDIA A100-SXM4-40GB MIG 4g.20gb (0),1,,13,[CUDA memcpy Host-to-Device]
4936853831,11936,129446,,,,,,,,,,0.197,16471.818,Pinned,Device,NVIDIA A100-SXM4-40GB MIG 4g.20gb (0),1,,13,[CUDA memcpy Host-to-Device]
4936973477,25376,129447,273,1,1,48,1,1,40,0.000,0.001,,,,,NVIDIA A100-SXM4-40GB MIG 4g.20gb (0),1,,13,"void pusch_noise_intf_est::noiseIntfEstNoDftSOfdmKernel<float, __half, float, float, (unsigned int)2, (unsigned int)1, (unsigned char)4, (unsigned char)4>(pusch_noise_intf_est::puschRxNoiseIntfEstDynDescr)"
4937062884,5536,129458,35,1,1,128,1,1,16,0.000,0.000,,,,,NVIDIA A100-SXM4-40GB MIG 4g.20gb (0),1,,13,cupy_copy__complex64_complex64
4937148483,5312,129467,1,1,1,1,1,1,18,0.000,0.000,,,,,NVIDIA A100-SXM4-40GB MIG 4g.20gb (0),1,,13,cupy_copy__float32_float32
4937161827,1952,129473,,,,,,,,,,0.000,2.049,Device,Pageable,NVIDIA A100-SXM4-40GB MIG 4g.20gb (0),1,,7,[CUDA memcpy Device-to-Host]
4937338593,18848,129484,1434,1,1,128,1,1,16,0.000,0.000,,,,,NVIDIA A100-SXM4-40GB MIG 4g.20gb (0),1,,13,cupy_copy__complex64_complex64
4937475296,5792,129491,103,1,1,128,1,1,16,0.000,0.000,,,,,NVIDIA A100-SXM4-40GB MIG 4g.20gb (0),1,,13,cupy_copy__complex64_complex64
4937590654,3744,129498,35,1,1,128,1,1,16,0.000,0.000,,,,,NVIDIA A100-SXM4-40GB MIG 4g.20gb (0),1,,13,cupy_copy__complex64_complex64
4937691261,3552,129505,1,1,1,1,1,1,18,0.000,0.000,,,,,NVIDIA A100-SXM4-40GB MIG 4g.20gb (0),1,,13,cupy_copy__float32_float32
4937784924,226909,129516,1,1,1,32,32,1,30,0.000,0.000,,,,,NVIDIA A100-SXM4-40GB MIG 4g.20gb (0),1,,13,"void convert_kernel<__half2, float2>(tensor_layout_any, T1 *, tensor_layout_any, const T2 *)"
4938040633,5536,129519,,,,,,,,,,0.094,16924.777,Pinned,Device,NVIDIA A100-SXM4-40GB MIG 4g.20gb (0),1,,13,[CUDA memcpy Host-to-Device]
4938141432,7200,129520,,,,,,,,,,1.547,214807.514,Device,,NVIDIA A100-SXM4-40GB MIG 4g.20gb (0),1,,13,[CUDA memset]
4938151096,6752,129525,,,,,,,,,,0.031,4635.063,Pinned,Device,NVIDIA A100-SXM4-40GB MIG 4g.20gb (0),1,,13,[CUDA memcpy Host-to-Device]
4938169080,20511,129526,,,,,,,,,,0.197,9585.426,Pinned,Device,NVIDIA A100-SXM4-40GB MIG 4g.20gb (0),1,,13,[CUDA memcpy Host-to-Device]
4938353814,15167,129527,273,1,1,8,4,1,39,0.002,0.000,,,,,NVIDIA A100-SXM4-40GB MIG 4g.20gb (0),1,,13,"void channel_eq::eqMmseCoefCompLowMimoKernel<float, float, float, (unsigned int)4, (unsigned int)1, (unsigned int)4>(const channel_eq::_puschRxChEqStatDescr *, channel_eq::_puschRxChEqCoefCompDynDescr)"
4938474100,9600,129528,273,1,1,12,11,1,51,0.002,0.000,,,,,NVIDIA A100-SXM4-40GB MIG 4g.20gb (0),1,,13,"void channel_eq::eqMmseSoftDemapKernel<float, __half, __half, float, (unsigned int)4, (unsigned short)16383>(channel_eq::_puschRxChEqStatDescr *, channel_eq::_puschRxChEqSoftDemapDynDescr)"
4938607955,581273,129529,1,1,1,32,32,1,30,0.000,0.000,,,,,NVIDIA A100-SXM4-40GB MIG 4g.20gb (0),1,,13,"void convert_kernel<float2, __half2>(tensor_layout_any, T1 *, tensor_layout_any, const T2 *)"
4939267499,19680,129541,2253,1,1,128,1,1,16,0.000,0.000,,,,,NVIDIA A100-SXM4-40GB MIG 4g.20gb (0),1,,13,cupy_copy__float16_float16
4939351882,5888,129550,282,1,1,128,1,1,16,0.000,0.000,,,,,NVIDIA A100-SXM4-40GB MIG 4g.20gb (0),1,,13,cupy_copy__complex64_complex64
4939460745,4384,129559,26,1,1,128,1,1,16,0.000,0.000,,,,,NVIDIA A100-SXM4-40GB MIG 4g.20gb (0),1,,13,cupy_copy__float32_float32
4939565352,9599,129568,103,1,1,128,1,1,16,0.000,0.000,,,,,NVIDIA A100-SXM4-40GB MIG 4g.20gb (0),1,,13,cupy_copy__complex64_complex64
4939648583,22623,129578,1434,1,1,128,1,1,16,0.000,0.000,,,,,NVIDIA A100-SXM4-40GB MIG 4g.20gb (0),1,,13,cupy_copy__complex64_complex64
4939737830,216541,129583,1,1,1,32,32,1,30,0.000,0.000,,,,,NVIDIA A100-SXM4-40GB MIG 4g.20gb (0),1,,13,"void convert_kernel<__half2, float2>(tensor_layout_any, T1 *, tensor_layout_any, const T2 *)"
4940008450,35968,129586,,,,,,,,,,0.094,2604.936,Pinned,Device,NVIDIA A100-SXM4-40GB MIG 4g.20gb (0),1,,13,[CUDA memcpy Host-to-Device]
4940112225,622649,129587,,,,,,,,,,456.561,733237.673,Device,,NVIDIA A100-SXM4-40GB MIG 4g.20gb (0),1,,13,[CUDA memset]
4940740314,63743,129592,,,,,,,,,,1.235,19372.567,Pinned,Device,NVIDIA A100-SXM4-40GB MIG 4g.20gb (0),1,,13,[CUDA memcpy Host-to-Device]
4940808313,11648,129593,,,,,,,,,,0.197,16878.993,Pinned,Device,NVIDIA A100-SXM4-40GB MIG 4g.20gb (0),1,,13,[CUDA memcpy Host-to-Device]
4940937656,25823,129594,69,4,1,48,1,1,76,0.002,0.000,,,,,NVIDIA A100-SXM4-40GB MIG 4g.20gb (0),1,,13,"void ch_est::windowedChEstPreNoDftSOfdmKernel<float, __half, float, (unsigned int)2, (unsigned int)1, (unsigned short)4>(ch_est::puschRxChEstStatDescr_t *, ch_est::puschRxChEstDynDescr_t *)"
4941025911,7392,129595,137,2,1,24,2,1,44,0.001,0.001,,,,,NVIDIA A100-SXM4-40GB MIG 4g.20gb (0),1,,13,"void ch_est::chEstFilterNoDftSOfdmDispatchKernel<float, __half, float, (unsigned int)2>(ch_est::puschRxChEstStatDescr_t *, ch_est::puschRxChEstDynDescr_t *)"
4941158485,9024,129596,137,2,1,24,2,1,44,0.001,0.001,,,,,NVIDIA A100-SXM4-40GB MIG 4g.20gb (0),1,,13,"void ch_est::chEstFilterNoDftSOfdmDispatchKernel<float, __half, float, (unsigned int)2>(ch_est::puschRxChEstStatDescr_t *, ch_est::puschRxChEstDynDescr_t *)"
4941294964,5120,129607,103,1,1,128,1,1,16,0.000,0.000,,,,,NVIDIA A100-SXM4-40GB MIG 4g.20gb (0),1,,13,cupy_copy__complex64_complex64
4941407474,16064,129617,1434,1,1,128,1,1,16,0.000,0.000,,,,,NVIDIA A100-SXM4-40GB MIG 4g.20gb (0),1,,13,cupy_copy__complex64_complex64
4941516209,6048,129624,103,1,1,128,1,1,16,0.000,0.000,,,,,NVIDIA A100-SXM4-40GB MIG 4g.20gb (0),1,,13,cupy_copy__complex64_complex64
4941653583,237950,129631,1,1,1,32,32,1,30,0.000,0.000,,,,,NVIDIA A100-SXM4-40GB MIG 4g.20gb (0),1,,13,"void convert_kernel<__half2, float2>(tensor_layout_any, T1 *, tensor_layout_any, const T2 *)"
4941920300,6176,129634,,,,,,,,,,0.094,15170.975,Pinned,Device,NVIDIA A100-SXM4-40GB MIG 4g.20gb (0),1,,13,[CUDA memcpy Host-to-Device]
4942036395,53471,129635,,,,,,,,,,35.810,669681.314,Device,,NVIDIA A100-SXM4-40GB MIG 4g.20gb (0),1,,13,[CUDA memset]
4942100330,2496,129637,,,,,,,,,,0.000,32.051,Pinned,Device,NVIDIA A100-SXM4-40GB MIG 4g.20gb (0),1,,13,[CUDA memcpy Host-to-Device]
4942109130,13920,129638,,,,,,,,,,0.197,14124.122,Pinned,Device,NVIDIA A100-SXM4-40GB MIG 4g.20gb (0),1,,13,[CUDA memcpy Host-to-Device]
4942243721,17471,129639,273,1,1,48,1,1,40,0.000,0.001,,,,,NVIDIA A100-SXM4-40GB MIG 4g.20gb (0),1,,13,"void pusch_noise_intf_est::noiseIntfEstNoDftSOfdmKernel<float, __half, float, float, (unsigned int)2, (unsigned int)1, (unsigned char)4, (unsigned char)4>(pusch_noise_intf_est::puschRxNoiseIntfEstDynDescr)"
4942365703,4320,129650,35,1,1,128,1,1,16,0.000,0.000,,,,,NVIDIA A100-SXM4-40GB MIG 4g.20gb (0),1,,13,cupy_copy__complex64_complex64
4942509190,3744,129659,1,1,1,1,1,1,18,0.000,0.000,,,,,NVIDIA A100-SXM4-40GB MIG 4g.20gb (0),1,,13,cupy_copy__float32_float32
4942519973,1600,129665,,,,,,,,,,0.000,2.500,Device,Pageable,NVIDIA A100-SXM4-40GB MIG 4g.20gb (0),1,,7,[CUDA memcpy Device-to-Host]
4942682820,24287,129676,1434,1,1,128,1,1,16,0.000,0.000,,,,,NVIDIA A100-SXM4-40GB MIG 4g.20gb (0),1,,13,cupy_copy__complex64_complex64
4942771299,4991,129683,103,1,1,128,1,1,16,0.000,0.000,,,,,NVIDIA A100-SXM4-40GB MIG 4g.20gb (0),1,,13,cupy_copy__complex64_complex64
4942888193,4032,129690,35,1,1,128,1,1,16,0.000,0.000,,,,,NVIDIA A100-SXM4-40GB MIG 4g.20gb (0),1,,13,cupy_copy__complex64_complex64
4942977984,3520,129697,1,1,1,1,1,1,18,0.000,0.000,,,,,NVIDIA A100-SXM4-40GB MIG 4g.20gb (0),1,,13,cupy_copy__float32_float32
4943060703,230110,129708,1,1,1,32,32,1,30,0.000,0.000,,,,,NVIDIA A100-SXM4-40GB MIG 4g.20gb (0),1,,13,"void convert_kernel<__half2, float2>(tensor_layout_any, T1 *, tensor_layout_any, const T2 *)"
4943320028,6272,129711,,,,,,,,,,0.094,14938.703,Pinned,Device,NVIDIA A100-SXM4-40GB MIG 4g.20gb (0),1,,13,[CUDA memcpy Host-to-Device]
4943416891,4096,129712,,,,,,,,,,1.547,377592.783,Device,,NVIDIA A100-SXM4-40GB MIG 4g.20gb (0),1,,13,[CUDA memset]
4943438363,3104,129717,,,,,,,,,,0.031,10082.445,Pinned,Device,NVIDIA A100-SXM4-40GB MIG 4g.20gb (0),1,,13,[CUDA memcpy Host-to-Device]
4943444219,12064,129718,,,,,,,,,,0.197,16297.034,Pinned,Device,NVIDIA A100-SXM4-40GB MIG 4g.20gb (0),1,,13,[CUDA memcpy Host-to-Device]
4943549754,33695,129719,273,1,1,8,4,1,39,0.002,0.000,,,,,NVIDIA A100-SXM4-40GB MIG 4g.20gb (0),1,,13,"void channel_eq::eqMmseCoefCompLowMimoKernel<float, float, float, (unsigned int)4, (unsigned int)1, (unsigned int)4>(const channel_eq::_puschRxChEqStatDescr *, channel_eq::_puschRxChEqCoefCompDynDescr)"
4943642680,9056,129720,273,1,1,12,11,1,51,0.002,0.000,,,,,NVIDIA A100-SXM4-40GB MIG 4g.20gb (0),1,,13,"void channel_eq::eqMmseSoftDemapKernel<float, __half, __half, float, (unsigned int)4, (unsigned short)16383>(channel_eq::_puschRxChEqStatDescr *, channel_eq::_puschRxChEqSoftDemapDynDescr)"
4943757687,553594,129721,1,1,1,32,32,1,30,0.000,0.000,,,,,NVIDIA A100-SXM4-40GB MIG 4g.20gb (0),1,,13,"void convert_kernel<float2, __half2>(tensor_layout_any, T1 *, tensor_layout_any, const T2 *)"
4944369264,13472,129733,2253,1,1,128,1,1,16,0.000,0.000,,,,,NVIDIA A100-SXM4-40GB MIG 4g.20gb (0),1,,13,cupy_copy__float16_float16
4944512270,4864,129742,282,1,1,128,1,1,16,0.000,0.000,,,,,NVIDIA A100-SXM4-40GB MIG 4g.20gb (0),1,,13,cupy_copy__complex64_complex64
4944612845,15264,129751,26,1,1,128,1,1,16,0.000,0.000,,,,,NVIDIA A100-SXM4-40GB MIG 4g.20gb (0),1,,13,cupy_copy__float32_float32
4944728492,7840,129760,103,1,1,128,1,1,16,0.000,0.000,,,,,NVIDIA A100-SXM4-40GB MIG 4g.20gb (0),1,,13,cupy_copy__complex64_complex64
4944859914,21120,129770,1434,1,1,128,1,1,16,0.000,0.000,,,,,NVIDIA A100-SXM4-40GB MIG 4g.20gb (0),1,,13,cupy_copy__complex64_complex64
4944994217,233053,129775,1,1,1,32,32,1,30,0.000,0.000,,,,,NVIDIA A100-SXM4-40GB MIG 4g.20gb (0),1,,13,"void convert_kernel<__half2, float2>(tensor_layout_any, T1 *, tensor_layout_any, const T2 *)"
4945258086,5632,129778,,,,,,,,,,0.094,16636.287,Pinned,Device,NVIDIA A100-SXM4-40GB MIG 4g.20gb (0),1,,13,[CUDA memcpy Host-to-Device]
4945362917,628280,129779,,,,,,,,,,456.561,726389.251,Device,,NVIDIA A100-SXM4-40GB MIG 4g.20gb (0),1,,13,[CUDA memset]
4945998813,57280,129784,,,,,,,,,,1.235,21559.652,Pinned,Device,NVIDIA A100-SXM4-40GB MIG 4g.20gb (0),1,,13,[CUDA memcpy Host-to-Device]
4946058717,12127,129785,,,,,,,,,,0.197,16212.296,Pinned,Device,NVIDIA A100-SXM4-40GB MIG 4g.20gb (0),1,,13,[CUDA memcpy Host-to-Device]
4946168283,10176,129786,69,4,1,48,1,1,76,0.002,0.000,,,,,NVIDIA A100-SXM4-40GB MIG 4g.20gb (0),1,,13,"void ch_est::windowedChEstPreNoDftSOfdmKernel<float, __half, float, (unsigned int)2, (unsigned int)1, (unsigned short)4>(ch_est::puschRxChEstStatDescr_t *, ch_est::puschRxChEstDynDescr_t *)"
4946309146,7840,129787,137,2,1,24,2,1,44,0.001,0.001,,,,,NVIDIA A100-SXM4-40GB MIG 4g.20gb (0),1,,13,"void ch_est::chEstFilterNoDftSOfdmDispatchKernel<float, __half, float, (unsigned int)2>(ch_est::puschRxChEstStatDescr_t *, ch_est::puschRxChEstDynDescr_t *)"
4946442936,7392,129788,137,2,1,24,2,1,44,0.001,0.001,,,,,NVIDIA A100-SXM4-40GB MIG 4g.20gb (0),1,,13,"void ch_est::chEstFilterNoDftSOfdmDispatchKernel<float, __half, float, (unsigned int)2>(ch_est::puschRxChEstStatDescr_t *, ch_est::puschRxChEstDynDescr_t *)"
4946559063,3520,129799,103,1,1,128,1,1,16,0.000,0.000,,,,,NVIDIA A100-SXM4-40GB MIG 4g.20gb (0),1,,13,cupy_copy__complex64_complex64
4946648182,18944,129809,1434,1,1,128,1,1,16,0.000,0.000,,,,,NVIDIA A100-SXM4-40GB MIG 4g.20gb (0),1,,13,cupy_copy__complex64_complex64
4946784628,5216,129816,103,1,1,128,1,1,16,0.000,0.000,,,,,NVIDIA A100-SXM4-40GB MIG 4g.20gb (0),1,,13,cupy_copy__complex64_complex64
4946892371,230909,129823,1,1,1,32,32,1,30,0.000,0.000,,,,,NVIDIA A100-SXM4-40GB MIG 4g.20gb (0),1,,13,"void convert_kernel<__half2, float2>(tensor_layout_any, T1 *, tensor_layout_any, const T2 *)"
4947151600,6720,129826,,,,,,,,,,0.094,13942.808,Pinned,Device,NVIDIA A100-SXM4-40GB MIG 4g.20gb (0),1,,13,[CUDA memcpy Host-to-Device]
4947247343,55391,129827,,,,,,,,,,35.810,646476.486,Device,,NVIDIA A100-SXM4-40GB MIG 4g.20gb (0),1,,13,[CUDA memset]
4947305134,1920,129829,,,,,,,,,,0.000,41.667,Pinned,Device,NVIDIA A100-SXM4-40GB MIG 4g.20gb (0),1,,13,[CUDA memcpy Host-to-Device]
4947309486,9440,129830,,,,,,,,,,0.197,20827.079,Pinned,Device,NVIDIA A100-SXM4-40GB MIG 4g.20gb (0),1,,13,[CUDA memcpy Host-to-Device]
4947441741,18591,129831,273,1,1,48,1,1,40,0.000,0.001,,,,,NVIDIA A100-SXM4-40GB MIG 4g.20gb (0),1,,13,"void pusch_noise_intf_est::noiseIntfEstNoDftSOfdmKernel<float, __half, float, float, (unsigned int)2, (unsigned int)1, (unsigned char)4, (unsigned char)4>(pusch_noise_intf_est::puschRxNoiseIntfEstDynDescr)"
4947581867,4480,129842,35,1,1,128,1,1,16,0.000,0.000,,,,,NVIDIA A100-SXM4-40GB MIG 4g.20gb (0),1,,13,cupy_copy__complex64_complex64
4947689354,3008,129851,1,1,1,1,1,1,18,0.000,0.000,,,,,NVIDIA A100-SXM4-40GB MIG 4g.20gb (0),1,,13,cupy_copy__float32_float32
4947697610,1760,129857,,,,,,,,,,0.000,2.273,Device,Pageable,NVIDIA A100-SXM4-40GB MIG 4g.20gb (0),1,,7,[CUDA memcpy Device-to-Host]
4947838344,14656,129868,1434,1,1,128,1,1,16,0.000,0.000,,,,,NVIDIA A100-SXM4-40GB MIG 4g.20gb (0),1,,13,cupy_copy__complex64_complex64
4947939143,6976,129875,103,1,1,128,1,1,16,0.000,0.000,,,,,NVIDIA A100-SXM4-40GB MIG 4g.20gb (0),1,,13,cupy_copy__complex64_complex64
4948050118,7392,129882,35,1,1,128,1,1,16,0.000,0.000,,,,,NVIDIA A100-SXM4-40GB MIG 4g.20gb (0),1,,13,cupy_copy__complex64_complex64
4948127589,3168,129889,1,1,1,1,1,1,18,0.000,0.000,,,,,NVIDIA A100-SXM4-40GB MIG 4g.20gb (0),1,,13,cupy_copy__float32_float32
4948202724,233021,129900,1,1,1,32,32,1,30,0.000,0.000,,,,,NVIDIA A100-SXM4-40GB MIG 4g.20gb (0),1,,13,"void convert_kernel<__half2, float2>(tensor_layout_any, T1 *, tensor_layout_any, const T2 *)"
4948468865,9472,129903,,,,,,,,,,0.094,9891.862,Pinned,Device,NVIDIA A100-SXM4-40GB MIG 4g.20gb (0),1,,13,[CUDA memcpy Host-to-Device]
4948537440,4480,129904,,,,,,,,,,1.547,345228.130,Device,,NVIDIA A100-SXM4-40GB MIG 4g.20gb (0),1,,13,[CUDA memset]
4948547392,3744,129909,,,,,,,,,,0.031,8358.974,Pinned,Device,NVIDIA A100-SXM4-40GB MIG 4g.20gb (0),1,,13,[CUDA memcpy Host-to-Device]
4948553984,13824,129910,,,,,,,,,,0.197,14222.033,Pinned,Device,NVIDIA A100-SXM4-40GB MIG 4g.20gb (0),1,,13,[CUDA memcpy Host-to-Device]
4948666783,8159,129911,273,1,1,8,4,1,39,0.002,0.000,,,,,NVIDIA A100-SXM4-40GB MIG 4g.20gb (0),1,,13,"void channel_eq::eqMmseCoefCompLowMimoKernel<float, float, float, (unsigned int)4, (unsigned int)1, (unsigned int)4>(const channel_eq::_puschRxChEqStatDescr *, channel_eq::_puschRxChEqCoefCompDynDescr)"
4948805117,9280,129912,273,1,1,12,11,1,51,0.002,0.000,,,,,NVIDIA A100-SXM4-40GB MIG 4g.20gb (0),1,,13,"void channel_eq::eqMmseSoftDemapKernel<float, __half, __half, float, (unsigned int)4, (unsigned short)16383>(channel_eq::_puschRxChEqStatDescr *, channel_eq::_puschRxChEqSoftDemapDynDescr)"
4948933211,579386,129913,1,1,1,32,32,1,30,0.000,0.000,,,,,NVIDIA A100-SXM4-40GB MIG 4g.20gb (0),1,,13,"void convert_kernel<float2, __half2>(tensor_layout_any, T1 *, tensor_layout_any, const T2 *)"
4949604628,14784,129925,2253,1,1,128,1,1,16,0.000,0.000,,,,,NVIDIA A100-SXM4-40GB MIG 4g.20gb (0),1,,13,cupy_copy__float16_float16
4949724690,4704,129934,282,1,1,128,1,1,16,0.000,0.000,,,,,NVIDIA A100-SXM4-40GB MIG 4g.20gb (0),1,,13,cupy_copy__complex64_complex64
4949809169,3648,129943,26,1,1,128,1,1,16,0.000,0.000,,,,,NVIDIA A100-SXM4-40GB MIG 4g.20gb (0),1,,13,cupy_copy__float32_float32
4949887984,4160,129952,103,1,1,128,1,1,16,0.000,0.000,,,,,NVIDIA A100-SXM4-40GB MIG 4g.20gb (0),1,,13,cupy_copy__complex64_complex64
4950007375,17312,129962,1434,1,1,128,1,1,16,0.000,0.000,,,,,NVIDIA A100-SXM4-40GB MIG 4g.20gb (0),1,,13,cupy_copy__complex64_complex64
4950141229,220638,129967,1,1,1,32,32,1,30,0.000,0.000,,,,,NVIDIA A100-SXM4-40GB MIG 4g.20gb (0),1,,13,"void convert_kernel<__half2, float2>(tensor_layout_any, T1 *, tensor_layout_any, const T2 *)"
4950391371,6208,129970,,,,,,,,,,0.094,15092.739,Pinned,Device,NVIDIA A100-SXM4-40GB MIG 4g.20gb (0),1,,13,[CUDA memcpy Host-to-Device]
4950495721,623321,129971,,,,,,,,,,456.561,732324.550,Device,,NVIDIA A100-SXM4-40GB MIG 4g.20gb (0),1,,13,[CUDA memset]
4951122850,58047,129976,,,,,,,,,,1.235,21274.380,Pinned,Device,NVIDIA A100-SXM4-40GB MIG 4g.20gb (0),1,,13,[CUDA memcpy Host-to-Device]
4951183393,13696,129977,,,,,,,,,,0.197,14355.137,Pinned,Device,NVIDIA A100-SXM4-40GB MIG 4g.20gb (0),1,,13,[CUDA memcpy Host-to-Device]
4951342944,11039,129978,69,4,1,48,1,1,76,0.002,0.000,,,,,NVIDIA A100-SXM4-40GB MIG 4g.20gb (0),1,,13,"void ch_est::windowedChEstPreNoDftSOfdmKernel<float, __half, float, (unsigned int)2, (unsigned int)1, (unsigned short)4>(ch_est::puschRxChEstStatDescr_t *, ch_est::puschRxChEstDynDescr_t *)"
4951490462,7968,129979,137,2,1,24,2,1,44,0.001,0.001,,,,,NVIDIA A100-SXM4-40GB MIG 4g.20gb (0),1,,13,"void ch_est::chEstFilterNoDftSOfdmDispatchKernel<float, __half, float, (unsigned int)2>(ch_est::puschRxChEstStatDescr_t *, ch_est::puschRxChEstDynDescr_t *)"
4951625564,7520,129980,137,2,1,24,2,1,44,0.001,0.001,,,,,NVIDIA A100-SXM4-40GB MIG 4g.20gb (0),1,,13,"void ch_est::chEstFilterNoDftSOfdmDispatchKernel<float, __half, float, (unsigned int)2>(ch_est::puschRxChEstStatDescr_t *, ch_est::puschRxChEstDynDescr_t *)"
4951722299,5056,129991,103,1,1,128,1,1,16,0.000,0.000,,,,,NVIDIA A100-SXM4-40GB MIG 4g.20gb (0),1,,13,cupy_copy__complex64_complex64
4951833402,16192,130001,1434,1,1,128,1,1,16,0.000,0.000,,,,,NVIDIA A100-SXM4-40GB MIG 4g.20gb (0),1,,13,cupy_copy__complex64_complex64
4951975480,6272,130008,103,1,1,128,1,1,16,0.000,0.000,,,,,NVIDIA A100-SXM4-40GB MIG 4g.20gb (0),1,,13,cupy_copy__complex64_complex64
4952058391,228062,130015,1,1,1,32,32,1,30,0.000,0.000,,,,,NVIDIA A100-SXM4-40GB MIG 4g.20gb (0),1,,13,"void convert_kernel<__half2, float2>(tensor_layout_any, T1 *, tensor_layout_any, const T2 *)"
4952317204,9888,130018,,,,,,,,,,0.094,9475.664,Pinned,Device,NVIDIA A100-SXM4-40GB MIG 4g.20gb (0),1,,13,[CUDA memcpy Host-to-Device]
4952404691,58368,130019,,,,,,,,,,35.810,613495.549,Device,,NVIDIA A100-SXM4-40GB MIG 4g.20gb (0),1,,13,[CUDA memset]
4952471443,1856,130021,,,,,,,,,,0.000,43.103,Pinned,Device,NVIDIA A100-SXM4-40GB MIG 4g.20gb (0),1,,13,[CUDA memcpy Host-to-Device]
4952476019,9599,130022,,,,,,,,,,0.197,20482.032,Pinned,Device,NVIDIA A100-SXM4-40GB MIG 4g.20gb (0),1,,13,[CUDA memcpy Host-to-Device]
4952592881,30400,130023,273,1,1,48,1,1,40,0.000,0.001,,,,,NVIDIA A100-SXM4-40GB MIG 4g.20gb (0),1,,13,"void pusch_noise_intf_est::noiseIntfEstNoDftSOfdmKernel<float, __half, float, float, (unsigned int)2, (unsigned int)1, (unsigned char)4, (unsigned char)4>(pusch_noise_intf_est::puschRxNoiseIntfEstDynDescr)"
4952684080,3712,130034,35,1,1,128,1,1,16,0.000,0.000,,,,,NVIDIA A100-SXM4-40GB MIG 4g.20gb (0),1,,13,cupy_copy__complex64_complex64
4952803407,4576,130043,1,1,1,1,1,1,18,0.000,0.000,,,,,NVIDIA A100-SXM4-40GB MIG 4g.20gb (0),1,,13,cupy_copy__float32_float32
4952812495,1632,130049,,,,,,,,,,0.000,2.451,Device,Pageable,NVIDIA A100-SXM4-40GB MIG 4g.20gb (0),1,,7,[CUDA memcpy Device-to-Host]
4952944493,15168,130060,1434,1,1,128,1,1,16,0.000,0.000,,,,,NVIDIA A100-SXM4-40GB MIG 4g.20gb (0),1,,13,cupy_copy__complex64_complex64
4953084172,3871,130067,103,1,1,128,1,1,16,0.000,0.000,,,,,NVIDIA A100-SXM4-40GB MIG 4g.20gb (0),1,,13,cupy_copy__complex64_complex64
4953174890,6240,130074,35,1,1,128,1,1,16,0.000,0.000,,,,,NVIDIA A100-SXM4-40GB MIG 4g.20gb (0),1,,13,cupy_copy__complex64_complex64
4953280937,2784,130081,1,1,1,1,1,1,18,0.000,0.000,,,,,NVIDIA A100-SXM4-40GB MIG 4g.20gb (0),1,,13,cupy_copy__float32_float32
4953361960,228222,130092,1,1,1,32,32,1,30,0.000,0.000,,,,,NVIDIA A100-SXM4-40GB MIG 4g.20gb (0),1,,13,"void convert_kernel<__half2, float2>(tensor_layout_any, T1 *, tensor_layout_any, const T2 *)"
4953623173,9696,130095,,,,,,,,,,0.094,9663.337,Pinned,Device,NVIDIA A100-SXM4-40GB MIG 4g.20gb (0),1,,13,[CUDA memcpy Host-to-Device]
4953706596,6656,130096,,,,,,,,,,1.547,232364.790,Device,,NVIDIA A100-SXM4-40GB MIG 4g.20gb (0),1,,13,[CUDA memset]
4953720004,3296,130101,,,,,,,,,,0.031,9495.144,Pinned,Device,NVIDIA A100-SXM4-40GB MIG 4g.20gb (0),1,,13,[CUDA memcpy Host-to-Device]
4953725764,11872,130102,,,,,,,,,,0.197,16560.488,Pinned,Device,NVIDIA A100-SXM4-40GB MIG 4g.20gb (0),1,,13,[CUDA memcpy Host-to-Device]
4953832003,28000,130103,273,1,1,8,4,1,39,0.002,0.000,,,,,NVIDIA A100-SXM4-40GB MIG 4g.20gb (0),1,,13,"void channel_eq::eqMmseCoefCompLowMimoKernel<float, float, float, (unsigned int)4, (unsigned int)1, (unsigned int)4>(const channel_eq::_puschRxChEqStatDescr *, channel_eq::_puschRxChEqCoefCompDynDescr)"
4953916418,12000,130104,273,1,1,12,11,1,51,0.002,0.000,,,,,NVIDIA A100-SXM4-40GB MIG 4g.20gb (0),1,,13,"void channel_eq::eqMmseSoftDemapKernel<float, __half, __half, float, (unsigned int)4, (unsigned short)16383>(channel_eq::_puschRxChEqStatDescr *, channel_eq::_puschRxChEqSoftDemapDynDescr)"
4954046336,600633,130105,1,1,1,32,32,1,30,0.000,0.000,,,,,NVIDIA A100-SXM4-40GB MIG 4g.20gb (0),1,,13,"void convert_kernel<float2, __half2>(tensor_layout_any, T1 *, tensor_layout_any, const T2 *)"
4954715193,12736,130117,2253,1,1,128,1,1,16,0.000,0.000,,,,,NVIDIA A100-SXM4-40GB MIG 4g.20gb (0),1,,13,cupy_copy__float16_float16
4954851127,4672,130126,282,1,1,128,1,1,16,0.000,0.000,,,,,NVIDIA A100-SXM4-40GB MIG 4g.20gb (0),1,,13,cupy_copy__complex64_complex64
4954943062,5120,130135,26,1,1,128,1,1,16,0.000,0.000,,,,,NVIDIA A100-SXM4-40GB MIG 4g.20gb (0),1,,13,cupy_copy__float32_float32
4955051189,9984,130144,103,1,1,128,1,1,16,0.000,0.000,,,,,NVIDIA A100-SXM4-40GB MIG 4g.20gb (0),1,,13,cupy_copy__complex64_complex64
4955169491,15808,130154,1434,1,1,128,1,1,16,0.000,0.000,,,,,NVIDIA A100-SXM4-40GB MIG 4g.20gb (0),1,,13,cupy_copy__complex64_complex64
4955307666,227613,130159,1,1,1,32,32,1,30,0.000,0.000,,,,,NVIDIA A100-SXM4-40GB MIG 4g.20gb (0),1,,13,"void convert_kernel<__half2, float2>(tensor_layout_any, T1 *, tensor_layout_any, const T2 *)"
4955565167,5472,130162,,,,,,,,,,0.094,17122.757,Pinned,Device,NVIDIA A100-SXM4-40GB MIG 4g.20gb (0),1,,13,[CUDA memcpy Host-to-Device]
4955660686,624153,130163,,,,,,,,,,456.561,731411.427,Device,,NVIDIA A100-SXM4-40GB MIG 4g.20gb (0),1,,13,[CUDA memset]
4956291943,60127,130168,,,,,,,,,,1.235,20538.354,Pinned,Device,NVIDIA A100-SXM4-40GB MIG 4g.20gb (0),1,,13,[CUDA memcpy Host-to-Device]
4956356166,13568,130169,,,,,,,,,,0.197,14490.403,Pinned,Device,NVIDIA A100-SXM4-40GB MIG 4g.20gb (0),1,,13,[CUDA memcpy Host-to-Device]
4956443045,8992,130170,69,4,1,48,1,1,76,0.002,0.000,,,,,NVIDIA A100-SXM4-40GB MIG 4g.20gb (0),1,,13,"void ch_est::windowedChEstPreNoDftSOfdmKernel<float, __half, float, (unsigned int)2, (unsigned int)1, (unsigned short)4>(ch_est::puschRxChEstStatDescr_t *, ch_est::puschRxChEstDynDescr_t *)"
4956576899,7712,130171,137,2,1,24,2,1,44,0.001,0.001,,,,,NVIDIA A100-SXM4-40GB MIG 4g.20gb (0),1,,13,"void ch_est::chEstFilterNoDftSOfdmDispatchKernel<float, __half, float, (unsigned int)2>(ch_est::puschRxChEstStatDescr_t *, ch_est::puschRxChEstDynDescr_t *)"
4956707778,7712,130172,137,2,1,24,2,1,44,0.001,0.001,,,,,NVIDIA A100-SXM4-40GB MIG 4g.20gb (0),1,,13,"void ch_est::chEstFilterNoDftSOfdmDispatchKernel<float, __half, float, (unsigned int)2>(ch_est::puschRxChEstStatDescr_t *, ch_est::puschRxChEstDynDescr_t *)"
4956833600,3712,130183,103,1,1,128,1,1,16,0.000,0.000,,,,,NVIDIA A100-SXM4-40GB MIG 4g.20gb (0),1,,13,cupy_copy__complex64_complex64
4956928543,19232,130193,1434,1,1,128,1,1,16,0.000,0.000,,,,,NVIDIA A100-SXM4-40GB MIG 4g.20gb (0),1,,13,cupy_copy__complex64_complex64
4957054206,5152,130200,103,1,1,128,1,1,16,0.000,0.000,,,,,NVIDIA A100-SXM4-40GB MIG 4g.20gb (0),1,,13,cupy_copy__complex64_complex64
4957141565,223229,130207,1,1,1,32,32,1,30,0.000,0.000,,,,,NVIDIA A100-SXM4-40GB MIG 4g.20gb (0),1,,13,"void convert_kernel<__half2, float2>(tensor_layout_any, T1 *, tensor_layout_any, const T2 *)"
4957394778,5440,130210,,,,,,,,,,0.094,17223.480,Pinned,Device,NVIDIA A100-SXM4-40GB MIG 4g.20gb (0),1,,13,[CUDA memcpy Host-to-Device]
4957485241,62751,130211,,,,,,,,,,35.810,570666.885,Device,,NVIDIA A100-SXM4-40GB MIG 4g.20gb (0),1,,13,[CUDA memset]
4957554520,1856,130213,,,,,,,,,,0.000,43.103,Pinned,Device,NVIDIA A100-SXM4-40GB MIG 4g.20gb (0),1,,13,[CUDA memcpy Host-to-Device]
4957558840,10272,130214,,,,,,,,,,0.197,19140.182,Pinned,Device,NVIDIA A100-SXM4-40GB MIG 4g.20gb (0),1,,13,[CUDA memcpy Host-to-Device]
4957675159,34751,130215,273,1,1,48,1,1,40,0.000,0.001,,,,,NVIDIA A100-SXM4-40GB MIG 4g.20gb (0),1,,13,"void pusch_noise_intf_est::noiseIntfEstNoDftSOfdmKernel<float, __half, float, float, (unsigned int)2, (unsigned int)1, (unsigned char)4, (unsigned char)4>(pusch_noise_intf_est::puschRxNoiseIntfEstDynDescr)"
4957809781,4224,130226,35,1,1,128,1,1,16,0.000,0.000,,,,,NVIDIA A100-SXM4-40GB MIG 4g.20gb (0),1,,13,cupy_copy__complex64_complex64
4957887636,3136,130235,1,1,1,1,1,1,18,0.000,0.000,,,,,NVIDIA A100-SXM4-40GB MIG 4g.20gb (0),1,,13,cupy_copy__float32_float32
4957892436,1600,130241,,,,,,,,,,0.000,2.500,Device,Pageable,NVIDIA A100-SXM4-40GB MIG 4g.20gb (0),1,,7,[CUDA memcpy Device-to-Host]
4958005587,14624,130252,1434,1,1,128,1,1,16,0.000,0.000,,,,,NVIDIA A100-SXM4-40GB MIG 4g.20gb (0),1,,13,cupy_copy__complex64_complex64
4958140113,3552,130259,103,1,1,128,1,1,16,0.000,0.000,,,,,NVIDIA A100-SXM4-40GB MIG 4g.20gb (0),1,,13,cupy_copy__complex64_complex64
4958232368,5984,130266,35,1,1,128,1,1,16,0.000,0.000,,,,,NVIDIA A100-SXM4-40GB MIG 4g.20gb (0),1,,13,cupy_copy__complex64_complex64
4958345103,2880,130273,1,1,1,1,1,1,18,0.000,0.000,,,,,NVIDIA A100-SXM4-40GB MIG 4g.20gb (0),1,,13,cupy_copy__float32_float32
4958428974,227965,130284,1,1,1,32,32,1,30,0.000,0.000,,,,,NVIDIA A100-SXM4-40GB MIG 4g.20gb (0),1,,13,"void convert_kernel<__half2, float2>(tensor_layout_any, T1 *, tensor_layout_any, const T2 *)"
4958686315,9248,130287,,,,,,,,,,0.094,10131.442,Pinned,Device,NVIDIA A100-SXM4-40GB MIG 4g.20gb (0),1,,13,[CUDA memcpy Host-to-Device]
4958781450,6656,130288,,,,,,,,,,1.547,232364.790,Device,,NVIDIA A100-SXM4-40GB MIG 4g.20gb (0),1,,13,[CUDA memset]
4958794154,3264,130293,,,,,,,,,,0.031,9588.218,Pinned,Device,NVIDIA A100-SXM4-40GB MIG 4g.20gb (0),1,,13,[CUDA memcpy Host-to-Device]
4958802410,17567,130294,,,,,,,,,,0.197,11191.714,Pinned,Device,NVIDIA A100-SXM4-40GB MIG 4g.20gb (0),1,,13,[CUDA memcpy Host-to-Device]
4958911400,26752,130295,273,1,1,8,4,1,39,0.002,0.000,,,,,NVIDIA A100-SXM4-40GB MIG 4g.20gb (0),1,,13,"void channel_eq::eqMmseCoefCompLowMimoKernel<float, float, float, (unsigned int)4, (unsigned int)1, (unsigned int)4>(const channel_eq::_puschRxChEqStatDescr *, channel_eq::_puschRxChEqCoefCompDynDescr)"
4958995399,8608,130296,273,1,1,12,11,1,51,0.002,0.000,,,,,NVIDIA A100-SXM4-40GB MIG 4g.20gb (0),1,,13,"void channel_eq::eqMmseSoftDemapKernel<float, __half, __half, float, (unsigned int)4, (unsigned short)16383>(channel_eq::_puschRxChEqStatDescr *, channel_eq::_puschRxChEqSoftDemapDynDescr)"
4959124806,537498,130297,1,1,1,32,32,1,30,0.000,0.000,,,,,NVIDIA A100-SXM4-40GB MIG 4g.20gb (0),1,,13,"void convert_kernel<float2, __half2>(tensor_layout_any, T1 *, tensor_layout_any, const T2 *)"
4959741343,18527,130309,2253,1,1,128,1,1,16,0.000,0.000,,,,,NVIDIA A100-SXM4-40GB MIG 4g.20gb (0),1,,13,cupy_copy__float16_float16
4959827646,4288,130318,282,1,1,128,1,1,16,0.000,0.000,,,,,NVIDIA A100-SXM4-40GB MIG 4g.20gb (0),1,,13,cupy_copy__complex64_complex64
4959924221,4768,130327,26,1,1,128,1,1,16,0.000,0.000,,,,,NVIDIA A100-SXM4-40GB MIG 4g.20gb (0),1,,13,cupy_copy__float32_float32
4960035515,10048,130336,103,1,1,128,1,1,16,0.000,0.000,,,,,NVIDIA A100-SXM4-40GB MIG 4g.20gb (0),1,,13,cupy_copy__complex64_complex64
4960154586,17472,130346,1434,1,1,128,1,1,16,0.000,0.000,,,,,NVIDIA A100-SXM4-40GB MIG 4g.20gb (0),1,,13,cupy_copy__complex64_complex64
4960284632,223294,130351,1,1,1,32,32,1,30,0.000,0.000,,,,,NVIDIA A100-SXM4-40GB MIG 4g.20gb (0),1,,13,"void convert_kernel<__half2, float2>(tensor_layout_any, T1 *, tensor_layout_any, const T2 *)"
4960539797,5472,130354,,,,,,,,,,0.094,17122.757,Pinned,Device,NVIDIA A100-SXM4-40GB MIG 4g.20gb (0),1,,13,[CUDA memcpy Host-to-Device]
4960643732,621689,130355,,,,,,,,,,456.561,734150.796,Device,,NVIDIA A100-SXM4-40GB MIG 4g.20gb (0),1,,13,[CUDA memset]
4961270669,59359,130360,,,,,,,,,,1.235,20803.867,Pinned,Device,NVIDIA A100-SXM4-40GB MIG 4g.20gb (0),1,,13,[CUDA memcpy Host-to-Device]
4961332524,16768,130361,,,,,,,,,,0.197,11725.111,Pinned,Device,NVIDIA A100-SXM4-40GB MIG 4g.20gb (0),1,,13,[CUDA memcpy Host-to-Device]
4961424555,9760,130362,69,4,1,48,1,1,76,0.002,0.000,,,,,NVIDIA A100-SXM4-40GB MIG 4g.20gb (0),1,,13,"void ch_est::windowedChEstPreNoDftSOfdmKernel<float, __half, float, (unsigned int)2, (unsigned int)1, (unsigned short)4>(ch_est::puschRxChEstStatDescr_t *, ch_est::puschRxChEstDynDescr_t *)"
4961561130,7584,130363,137,2,1,24,2,1,44,0.001,0.001,,,,,NVIDIA A100-SXM4-40GB MIG 4g.20gb (0),1,,13,"void ch_est::chEstFilterNoDftSOfdmDispatchKernel<float, __half, float, (unsigned int)2>(ch_est::puschRxChEstStatDescr_t *, ch_est::puschRxChEstDynDescr_t *)"
4961690952,7968,130364,137,2,1,24,2,1,44,0.001,0.001,,,,,NVIDIA A100-SXM4-40GB MIG 4g.20gb (0),1,,13,"void ch_est::chEstFilterNoDftSOfdmDispatchKernel<float, __half, float, (unsigned int)2>(ch_est::puschRxChEstStatDescr_t *, ch_est::puschRxChEstDynDescr_t *)"
4961813991,3616,130375,103,1,1,128,1,1,16,0.000,0.000,,,,,NVIDIA A100-SXM4-40GB MIG 4g.20gb (0),1,,13,cupy_copy__complex64_complex64
4961908038,17951,130385,1434,1,1,128,1,1,16,0.000,0.000,,,,,NVIDIA A100-SXM4-40GB MIG 4g.20gb (0),1,,13,cupy_copy__complex64_complex64
4962032548,3968,130392,103,1,1,128,1,1,16,0.000,0.000,,,,,NVIDIA A100-SXM4-40GB MIG 4g.20gb (0),1,,13,cupy_copy__complex64_complex64
4962120515,223998,130399,1,1,1,32,32,1,30,0.000,0.000,,,,,NVIDIA A100-SXM4-40GB MIG 4g.20gb (0),1,,13,"void convert_kernel<__half2, float2>(tensor_layout_any, T1 *, tensor_layout_any, const T2 *)"
4962373440,5856,130402,,,,,,,,,,0.094,15999.997,Pinned,Device,NVIDIA A100-SXM4-40GB MIG 4g.20gb (0),1,,13,[CUDA memcpy Host-to-Device]
4962432832,53599,130403,,,,,,,,,,35.810,668105.677,Device,,NVIDIA A100-SXM4-40GB MIG 4g.20gb (0),1,,13,[CUDA memset]
4962488543,5280,130405,,,,,,,,,,0.000,15.151,Pinned,Device,NVIDIA A100-SXM4-40GB MIG 4g.20gb (0),1,,13,[CUDA memcpy Host-to-Device]
4962496351,10464,130406,,,,,,,,,,0.197,18788.844,Pinned,Device,NVIDIA A100-SXM4-40GB MIG 4g.20gb (0),1,,13,[CUDA memcpy Host-to-Device]
4962625501,14272,130407,273,1,1,48,1,1,40,0.000,0.001,,,,,NVIDIA A100-SXM4-40GB MIG 4g.20gb (0),1,,13,"void pusch_noise_intf_est::noiseIntfEstNoDftSOfdmKernel<float, __half, float, float, (unsigned int)2, (unsigned int)1, (unsigned char)4, (unsigned char)4>(pusch_noise_intf_est::puschRxNoiseIntfEstDynDescr)"
4962760540,3872,130418,35,1,1,128,1,1,16,0.000,0.000,,,,,NVIDIA A100-SXM4-40GB MIG 4g.20gb (0),1,,13,cupy_copy__complex64_complex64
4962879962,3808,130427,1,1,1,1,1,1,18,0.000,0.000,,,,,NVIDIA A100-SXM4-40GB MIG 4g.20gb (0),1,,13,cupy_copy__float32_float32
4962889050,1600,130433,,,,,,,,,,0.000,2.500,Device,Pageable,NVIDIA A100-SXM4-40GB MIG 4g.20gb (0),1,,7,[CUDA memcpy Device-to-Host]
4963026745,15264,130444,1434,1,1,128,1,1,16,0.000,0.000,,,,,NVIDIA A100-SXM4-40GB MIG 4g.20gb (0),1,,13,cupy_copy__complex64_complex64
4963164119,3648,130451,103,1,1,128,1,1,16,0.000,0.000,,,,,NVIDIA A100-SXM4-40GB MIG 4g.20gb (0),1,,13,cupy_copy__complex64_complex64
4963256950,5760,130458,35,1,1,128,1,1,16,0.000,0.000,,,,,NVIDIA A100-SXM4-40GB MIG 4g.20gb (0),1,,13,cupy_copy__complex64_complex64
4963360597,2816,130465,1,1,1,1,1,1,18,0.000,0.000,,,,,NVIDIA A100-SXM4-40GB MIG 4g.20gb (0),1,,13,cupy_copy__float32_float32
4963435508,228957,130476,1,1,1,32,32,1,30,0.000,0.000,,,,,NVIDIA A100-SXM4-40GB MIG 4g.20gb (0),1,,13,"void convert_kernel<__half2, float2>(tensor_layout_any, T1 *, tensor_layout_any, const T2 *)"
4963693809,9056,130479,,,,,,,,,,0.094,10346.287,Pinned,Device,NVIDIA A100-SXM4-40GB MIG 4g.20gb (0),1,,13,[CUDA memcpy Host-to-Device]
4963801392,5472,130480,,,,,,,,,,1.547,282642.443,Device,,NVIDIA A100-SXM4-40GB MIG 4g.20gb (0),1,,13,[CUDA memset]
4963814160,3232,130485,,,,,,,,,,0.031,9683.139,Pinned,Device,NVIDIA A100-SXM4-40GB MIG 4g.20gb (0),1,,13,[CUDA memcpy Host-to-Device]
4963821040,10559,130486,,,,,,,,,,0.197,18619.761,Pinned,Device,NVIDIA A100-SXM4-40GB MIG 4g.20gb (0),1,,13,[CUDA memcpy Host-to-Device]
4963949774,10624,130487,273,1,1,8,4,1,39,0.002,0.000,,,,,NVIDIA A100-SXM4-40GB MIG 4g.20gb (0),1,,13,"void channel_eq::eqMmseCoefCompLowMimoKernel<float, float, float, (unsigned int)4, (unsigned int)1, (unsigned int)4>(const channel_eq::_puschRxChEqStatDescr *, channel_eq::_puschRxChEqCoefCompDynDescr)"
4964077197,9888,130488,273,1,1,12,11,1,51,0.002,0.000,,,,,NVIDIA A100-SXM4-40GB MIG 4g.20gb (0),1,,13,"void channel_eq::eqMmseSoftDemapKernel<float, __half, __half, float, (unsigned int)4, (unsigned short)16383>(channel_eq::_puschRxChEqStatDescr *, channel_eq::_puschRxChEqSoftDemapDynDescr)"
4964214635,552474,130489,1,1,1,32,32,1,30,0.000,0.000,,,,,NVIDIA A100-SXM4-40GB MIG 4g.20gb (0),1,,13,"void convert_kernel<float2, __half2>(tensor_layout_any, T1 *, tensor_layout_any, const T2 *)"
4964852228,18624,130501,2253,1,1,128,1,1,16,0.000,0.000,,,,,NVIDIA A100-SXM4-40GB MIG 4g.20gb (0),1,,13,cupy_copy__float16_float16
4964939107,4128,130510,282,1,1,128,1,1,16,0.000,0.000,,,,,NVIDIA A100-SXM4-40GB MIG 4g.20gb (0),1,,13,cupy_copy__complex64_complex64
4965035042,5312,130519,26,1,1,128,1,1,16,0.000,0.000,,,,,NVIDIA A100-SXM4-40GB MIG 4g.20gb (0),1,,13,cupy_copy__float32_float32
4965140096,8320,130528,103,1,1,128,1,1,16,0.000,0.000,,,,,NVIDIA A100-SXM4-40GB MIG 4g.20gb (0),1,,13,cupy_copy__complex64_complex64
4965220415,21664,130538,1434,1,1,128,1,1,16,0.000,0.000,,,,,NVIDIA A100-SXM4-40GB MIG 4g.20gb (0),1,,13,cupy_copy__complex64_complex64
4965308606,224606,130543,1,1,1,32,32,1,30,0.000,0.000,,,,,NVIDIA A100-SXM4-40GB MIG 4g.20gb (0),1,,13,"void convert_kernel<__half2, float2>(tensor_layout_any, T1 *, tensor_layout_any, const T2 *)"
4965562332,5695,130546,,,,,,,,,,0.094,16452.268,Pinned,Device,NVIDIA A100-SXM4-40GB MIG 4g.20gb (0),1,,13,[CUDA memcpy Host-to-Device]
4965654426,614585,130547,,,,,,,,,,456.561,742825.463,Device,,NVIDIA A100-SXM4-40GB MIG 4g.20gb (0),1,,13,[CUDA memset]
4966276851,62688,130552,,,,,,,,,,1.235,19699.827,Pinned,Device,NVIDIA A100-SXM4-40GB MIG 4g.20gb (0),1,,13,[CUDA memcpy Host-to-Device]
4966344946,11872,130553,,,,,,,,,,0.197,16560.488,Pinned,Device,NVIDIA A100-SXM4-40GB MIG 4g.20gb (0),1,,13,[CUDA memcpy Host-to-Device]
4966486961,11488,130554,69,4,1,48,1,1,76,0.002,0.000,,,,,NVIDIA A100-SXM4-40GB MIG 4g.20gb (0),1,,13,"void ch_est::windowedChEstPreNoDftSOfdmKernel<float, __half, float, (unsigned int)2, (unsigned int)1, (unsigned short)4>(ch_est::puschRxChEstStatDescr_t *, ch_est::puschRxChEstDynDescr_t *)"
4966618671,10112,130555,137,2,1,24,2,1,44,0.001,0.001,,,,,NVIDIA A100-SXM4-40GB MIG 4g.20gb (0),1,,13,"void ch_est::chEstFilterNoDftSOfdmDispatchKernel<float, __half, float, (unsigned int)2>(ch_est::puschRxChEstStatDescr_t *, ch_est::puschRxChEstDynDescr_t *)"
4966741998,11360,130556,137,2,1,24,2,1,44,0.001,0.001,,,,,NVIDIA A100-SXM4-40GB MIG 4g.20gb (0),1,,13,"void ch_est::chEstFilterNoDftSOfdmDispatchKernel<float, __half, float, (unsigned int)2>(ch_est::puschRxChEstStatDescr_t *, ch_est::puschRxChEstDynDescr_t *)"
4966860557,6655,130567,103,1,1,128,1,1,16,0.000,0.000,,,,,NVIDIA A100-SXM4-40GB MIG 4g.20gb (0),1,,13,cupy_copy__complex64_complex64
4966937900,20383,130577,1434,1,1,128,1,1,16,0.000,0.000,,,,,NVIDIA A100-SXM4-40GB MIG 4g.20gb (0),1,,13,cupy_copy__complex64_complex64
4967027243,3648,130584,103,1,1,128,1,1,16,0.000,0.000,,,,,NVIDIA A100-SXM4-40GB MIG 4g.20gb (0),1,,13,cupy_copy__complex64_complex64
4967119402,221597,130591,1,1,1,32,32,1,30,0.000,0.000,,,,,NVIDIA A100-SXM4-40GB MIG 4g.20gb (0),1,,13,"void convert_kernel<__half2, float2>(tensor_layout_any, T1 *, tensor_layout_any, const T2 *)"
4967369575,9312,130594,,,,,,,,,,0.094,10061.826,Pinned,Device,NVIDIA A100-SXM4-40GB MIG 4g.20gb (0),1,,13,[CUDA memcpy Host-to-Device]
4967497605,53632,130595,,,,,,,,,,35.810,667675.958,Device,,NVIDIA A100-SXM4-40GB MIG 4g.20gb (0),1,,13,[CUDA memset]
4967552709,4991,130597,,,,,,,,,,0.000,16.029,Pinned,Device,NVIDIA A100-SXM4-40GB MIG 4g.20gb (0),1,,13,[CUDA memcpy Host-to-Device]
4967560132,12928,130598,,,,,,,,,,0.197,15207.825,Pinned,Device,NVIDIA A100-SXM4-40GB MIG 4g.20gb (0),1,,13,[CUDA memcpy Host-to-Device]
4967686467,13664,130599,273,1,1,48,1,1,40,0.000,0.001,,,,,NVIDIA A100-SXM4-40GB MIG 4g.20gb (0),1,,13,"void pusch_noise_intf_est::noiseIntfEstNoDftSOfdmKernel<float, __half, float, float, (unsigned int)2, (unsigned int)1, (unsigned char)4, (unsigned char)4>(pusch_noise_intf_est::puschRxNoiseIntfEstDynDescr)"
4967812194,3744,130610,35,1,1,128,1,1,16,0.000,0.000,,,,,NVIDIA A100-SXM4-40GB MIG 4g.20gb (0),1,,13,cupy_copy__complex64_complex64
4967921472,4608,130619,1,1,1,1,1,1,18,0.000,0.000,,,,,NVIDIA A100-SXM4-40GB MIG 4g.20gb (0),1,,13,cupy_copy__float32_float32
4967932896,1600,130625,,,,,,,,,,0.000,2.500,Device,Pageable,NVIDIA A100-SXM4-40GB MIG 4g.20gb (0),1,,7,[CUDA memcpy Device-to-Host]
4968093598,17088,130636,1434,1,1,128,1,1,16,0.000,0.000,,,,,NVIDIA A100-SXM4-40GB MIG 4g.20gb (0),1,,13,cupy_copy__complex64_complex64
4968227869,4192,130643,103,1,1,128,1,1,16,0.000,0.000,,,,,NVIDIA A100-SXM4-40GB MIG 4g.20gb (0),1,,13,cupy_copy__complex64_complex64
4968326844,6208,130650,35,1,1,128,1,1,16,0.000,0.000,,,,,NVIDIA A100-SXM4-40GB MIG 4g.20gb (0),1,,13,cupy_copy__complex64_complex64
4968411387,3168,130657,1,1,1,1,1,1,18,0.000,0.000,,,,,NVIDIA A100-SXM4-40GB MIG 4g.20gb (0),1,,13,cupy_copy__float32_float32
4968487962,229629,130668,1,1,1,32,32,1,30,0.000,0.000,,,,,NVIDIA A100-SXM4-40GB MIG 4g.20gb (0),1,,13,"void convert_kernel<__half2, float2>(tensor_layout_any, T1 *, tensor_layout_any, const T2 *)"
4968746871,5472,130671,,,,,,,,,,0.094,17122.757,Pinned,Device,NVIDIA A100-SXM4-40GB MIG 4g.20gb (0),1,,13,[CUDA memcpy Host-to-Device]
4968848758,6208,130672,,,,,,,,,,1.547,249133.287,Device,,NVIDIA A100-SXM4-40GB MIG 4g.20gb (0),1,,13,[CUDA memset]
4968863445,3296,130677,,,,,,,,,,0.031,9495.144,Pinned,Device,NVIDIA A100-SXM4-40GB MIG 4g.20gb (0),1,,13,[CUDA memcpy Host-to-Device]
4968873493,9760,130678,,,,,,,,,,0.197,20144.259,Pinned,Device,NVIDIA A100-SXM4-40GB MIG 4g.20gb (0),1,,13,[CUDA memcpy Host-to-Device]
4968979284,8992,130679,273,1,1,8,4,1,39,0.002,0.000,,,,,NVIDIA A100-SXM4-40GB MIG 4g.20gb (0),1,,13,"void channel_eq::eqMmseCoefCompLowMimoKernel<float, float, float, (unsigned int)4, (unsigned int)1, (unsigned int)4>(const channel_eq::_puschRxChEqStatDescr *, channel_eq::_puschRxChEqCoefCompDynDescr)"
4969123474,11712,130680,273,1,1,12,11,1,51,0.002,0.000,,,,,NVIDIA A100-SXM4-40GB MIG 4g.20gb (0),1,,13,"void channel_eq::eqMmseSoftDemapKernel<float, __half, __half, float, (unsigned int)4, (unsigned short)16383>(channel_eq::_puschRxChEqStatDescr *, channel_eq::_puschRxChEqSoftDemapDynDescr)"
4969257233,567993,130681,1,1,1,32,32,1,30,0.000,0.000,,,,,NVIDIA A100-SXM4-40GB MIG 4g.20gb (0),1,,13,"void convert_kernel<float2, __half2>(tensor_layout_any, T1 *, tensor_layout_any, const T2 *)"
4969920137,13056,130693,2253,1,1,128,1,1,16,0.000,0.000,,,,,NVIDIA A100-SXM4-40GB MIG 4g.20gb (0),1,,13,cupy_copy__float16_float16
4970054760,5696,130702,282,1,1,128,1,1,16,0.000,0.000,,,,,NVIDIA A100-SXM4-40GB MIG 4g.20gb (0),1,,13,cupy_copy__complex64_complex64
4970140295,3424,130711,26,1,1,128,1,1,16,0.000,0.000,,,,,NVIDIA A100-SXM4-40GB MIG 4g.20gb (0),1,,13,cupy_copy__float32_float32
4970221990,6464,130720,103,1,1,128,1,1,16,0.000,0.000,,,,,NVIDIA A100-SXM4-40GB MIG 4g.20gb (0),1,,13,cupy_copy__complex64_complex64
4970382084,16256,130730,1434,1,1,128,1,1,16,0.000,0.000,,,,,NVIDIA A100-SXM4-40GB MIG 4g.20gb (0),1,,13,cupy_copy__complex64_complex64
4970516898,241054,130735,1,1,1,32,32,1,30,0.000,0.000,,,,,NVIDIA A100-SXM4-40GB MIG 4g.20gb (0),1,,13,"void convert_kernel<__half2, float2>(tensor_layout_any, T1 *, tensor_layout_any, const T2 *)"
4970787551,5600,130738,,,,,,,,,,0.094,16731.388,Pinned,Device,NVIDIA A100-SXM4-40GB MIG 4g.20gb (0),1,,13,[CUDA memcpy Host-to-Device]
4970882430,608729,130739,,,,,,,,,,456.561,749673.884,Device,,NVIDIA A100-SXM4-40GB MIG 4g.20gb (0),1,,13,[CUDA memset]
4971503607,110463,130744,,,,,,,,,,1.235,11178.713,Pinned,Device,NVIDIA A100-SXM4-40GB MIG 4g.20gb (0),1,,13,[CUDA memcpy Host-to-Device]
4971618582,13279,130745,,,,,,,,,,0.197,14805.762,Pinned,Device,NVIDIA A100-SXM4-40GB MIG 4g.20gb (0),1,,13,[CUDA memcpy Host-to-Device]
4971754772,9952,130746,69,4,1,48,1,1,76,0.002,0.000,,,,,NVIDIA A100-SXM4-40GB MIG 4g.20gb (0),1,,13,"void ch_est::windowedChEstPreNoDftSOfdmKernel<float, __half, float, (unsigned int)2, (unsigned int)1, (unsigned short)4>(ch_est::puschRxChEstStatDescr_t *, ch_est::puschRxChEstDynDescr_t *)"
4971879411,9792,130747,137,2,1,24,2,1,44,0.001,0.001,,,,,NVIDIA A100-SXM4-40GB MIG 4g.20gb (0),1,,13,"void ch_est::chEstFilterNoDftSOfdmDispatchKernel<float, __half, float, (unsigned int)2>(ch_est::puschRxChEstStatDescr_t *, ch_est::puschRxChEstDynDescr_t *)"
4971995249,10016,130748,137,2,1,24,2,1,44,0.001,0.001,,,,,NVIDIA A100-SXM4-40GB MIG 4g.20gb (0),1,,13,"void ch_est::chEstFilterNoDftSOfdmDispatchKernel<float, __half, float, (unsigned int)2>(ch_est::puschRxChEstStatDescr_t *, ch_est::puschRxChEstDynDescr_t *)"
4972121424,4800,130759,103,1,1,128,1,1,16,0.000,0.000,,,,,NVIDIA A100-SXM4-40GB MIG 4g.20gb (0),1,,13,cupy_copy__complex64_complex64
4972218095,16544,130769,1434,1,1,128,1,1,16,0.000,0.000,,,,,NVIDIA A100-SXM4-40GB MIG 4g.20gb (0),1,,13,cupy_copy__complex64_complex64
4972318510,3296,130776,103,1,1,128,1,1,16,0.000,0.000,,,,,NVIDIA A100-SXM4-40GB MIG 4g.20gb (0),1,,13,cupy_copy__complex64_complex64
4972397069,235613,130783,1,1,1,32,32,1,30,0.000,0.000,,,,,NVIDIA A100-SXM4-40GB MIG 4g.20gb (0),1,,13,"void convert_kernel<__half2, float2>(tensor_layout_any, T1 *, tensor_layout_any, const T2 *)"
4972661930,6208,130786,,,,,,,,,,0.094,15092.739,Pinned,Device,NVIDIA A100-SXM4-40GB MIG 4g.20gb (0),1,,13,[CUDA memcpy Host-to-Device]
4972751017,54623,130787,,,,,,,,,,35.810,655572.205,Device,,NVIDIA A100-SXM4-40GB MIG 4g.20gb (0),1,,13,[CUDA memset]
4972809896,5536,130789,,,,,,,,,,0.000,14.451,Pinned,Device,NVIDIA A100-SXM4-40GB MIG 4g.20gb (0),1,,13,[CUDA memcpy Host-to-Device]
4972817928,12128,130790,,,,,,,,,,0.197,16210.919,Pinned,Device,NVIDIA A100-SXM4-40GB MIG 4g.20gb (0),1,,13,[CUDA memcpy Host-to-Device]
4972941318,18272,130791,273,1,1,48,1,1,40,0.000,0.001,,,,,NVIDIA A100-SXM4-40GB MIG 4g.20gb (0),1,,13,"void pusch_noise_intf_est::noiseIntfEstNoDftSOfdmKernel<float, __half, float, float, (unsigned int)2, (unsigned int)1, (unsigned char)4, (unsigned char)4>(pusch_noise_intf_est::puschRxNoiseIntfEstDynDescr)"
4973072741,5696,130802,35,1,1,128,1,1,16,0.000,0.000,,,,,NVIDIA A100-SXM4-40GB MIG 4g.20gb (0),1,,13,cupy_copy__complex64_complex64
4973203747,2720,130811,1,1,1,1,1,1,18,0.000,0.000,,,,,NVIDIA A100-SXM4-40GB MIG 4g.20gb (0),1,,13,cupy_copy__float32_float32
4973208227,2656,130817,,,,,,,,,,0.000,1.506,Device,Pageable,NVIDIA A100-SXM4-40GB MIG 4g.20gb (0),1,,7,[CUDA memcpy Device-to-Host]
4973337410,16992,130828,1434,1,1,128,1,1,16,0.000,0.000,,,,,NVIDIA A100-SXM4-40GB MIG 4g.20gb (0),1,,13,cupy_copy__complex64_complex64
4973477248,5888,130835,103,1,1,128,1,1,16,0.000,0.000,,,,,NVIDIA A100-SXM4-40GB MIG 4g.20gb (0),1,,13,cupy_copy__complex64_complex64
4973590495,4992,130842,35,1,1,128,1,1,16,0.000,0.000,,,,,NVIDIA A100-SXM4-40GB MIG 4g.20gb (0),1,,13,cupy_copy__complex64_complex64
4973684958,2976,130849,1,1,1,1,1,1,18,0.000,0.000,,,,,NVIDIA A100-SXM4-40GB MIG 4g.20gb (0),1,,13,cupy_copy__float32_float32
4973767133,237405,130860,1,1,1,32,32,1,30,0.000,0.000,,,,,NVIDIA A100-SXM4-40GB MIG 4g.20gb (0),1,,13,"void convert_kernel<__half2, float2>(tensor_layout_any, T1 *, tensor_layout_any, const T2 *)"
4974035130,6112,130863,,,,,,,,,,0.094,15329.790,Pinned,Device,NVIDIA A100-SXM4-40GB MIG 4g.20gb (0),1,,13,[CUDA memcpy Host-to-Device]
4974162360,5312,130864,,,,,,,,,,1.547,291156.608,Device,,NVIDIA A100-SXM4-40GB MIG 4g.20gb (0),1,,13,[CUDA memset]
4974175928,3008,130869,,,,,,,,,,0.031,10404.230,Pinned,Device,NVIDIA A100-SXM4-40GB MIG 4g.20gb (0),1,,13,[CUDA memcpy Host-to-Device]
4974182040,9728,130870,,,,,,,,,,0.197,20210.516,Pinned,Device,NVIDIA A100-SXM4-40GB MIG 4g.20gb (0),1,,13,[CUDA memcpy Host-to-Device]
4974292055,11904,130871,273,1,1,8,4,1,39,0.002,0.000,,,,,NVIDIA A100-SXM4-40GB MIG 4g.20gb (0),1,,13,"void channel_eq::eqMmseCoefCompLowMimoKernel<float, float, float, (unsigned int)4, (unsigned int)1, (unsigned int)4>(const channel_eq::_puschRxChEqStatDescr *, channel_eq::_puschRxChEqCoefCompDynDescr)"
4974417205,11936,130872,273,1,1,12,11,1,51,0.002,0.000,,,,,NVIDIA A100-SXM4-40GB MIG 4g.20gb (0),1,,13,"void channel_eq::eqMmseSoftDemapKernel<float, __half, __half, float, (unsigned int)4, (unsigned short)16383>(channel_eq::_puschRxChEqStatDescr *, channel_eq::_puschRxChEqSoftDemapDynDescr)"
4974552180,545465,130873,1,1,1,32,32,1,30,0.000,0.000,,,,,NVIDIA A100-SXM4-40GB MIG 4g.20gb (0),1,,13,"void convert_kernel<float2, __half2>(tensor_layout_any, T1 *, tensor_layout_any, const T2 *)"
4975177069,12991,130885,2253,1,1,128,1,1,16,0.000,0.000,,,,,NVIDIA A100-SXM4-40GB MIG 4g.20gb (0),1,,13,cupy_copy__float16_float16
4975276235,5408,130894,282,1,1,128,1,1,16,0.000,0.000,,,,,NVIDIA A100-SXM4-40GB MIG 4g.20gb (0),1,,13,cupy_copy__complex64_complex64
4975332491,3360,130903,26,1,1,128,1,1,16,0.000,0.000,,,,,NVIDIA A100-SXM4-40GB MIG 4g.20gb (0),1,,13,cupy_copy__float32_float32
4975394570,8416,130912,103,1,1,128,1,1,16,0.000,0.000,,,,,NVIDIA A100-SXM4-40GB MIG 4g.20gb (0),1,,13,cupy_copy__complex64_complex64
4975466569,16288,130922,1434,1,1,128,1,1,16,0.000,0.000,,,,,NVIDIA A100-SXM4-40GB MIG 4g.20gb (0),1,,13,cupy_copy__complex64_complex64
4975533224,123871,130927,1,1,1,32,32,1,30,0.000,0.000,,,,,NVIDIA A100-SXM4-40GB MIG 4g.20gb (0),1,,13,"void convert_kernel<__half2, float2>(tensor_layout_any, T1 *, tensor_layout_any, const T2 *)"
4975690119,5472,130930,,,,,,,,,,0.094,17122.757,Pinned,Device,NVIDIA A100-SXM4-40GB MIG 4g.20gb (0),1,,13,[CUDA memcpy Host-to-Device]
4975746086,616889,130931,,,,,,,,,,456.561,740086.094,Device,,NVIDIA A100-SXM4-40GB MIG 4g.20gb (0),1,,13,[CUDA memset]
4976365983,54495,130936,,,,,,,,,,1.235,22661.222,Pinned,Device,NVIDIA A100-SXM4-40GB MIG 4g.20gb (0),1,,13,[CUDA memcpy Host-to-Device]
4976423102,12800,130937,,,,,,,,,,0.197,15360.000,Pinned,Device,NVIDIA A100-SXM4-40GB MIG 4g.20gb (0),1,,13,[CUDA memcpy Host-to-Device]
4976582556,10368,130938,69,4,1,48,1,1,76,0.002,0.000,,,,,NVIDIA A100-SXM4-40GB MIG 4g.20gb (0),1,,13,"void ch_est::windowedChEstPreNoDftSOfdmKernel<float, __half, float, (unsigned int)2, (unsigned int)1, (unsigned short)4>(ch_est::puschRxChEstStatDescr_t *, ch_est::puschRxChEstDynDescr_t *)"
4976727995,9728,130939,137,2,1,24,2,1,44,0.001,0.001,,,,,NVIDIA A100-SXM4-40GB MIG 4g.20gb (0),1,,13,"void ch_est::chEstFilterNoDftSOfdmDispatchKernel<float, __half, float, (unsigned int)2>(ch_est::puschRxChEstStatDescr_t *, ch_est::puschRxChEstDynDescr_t *)"
4976848217,11616,130940,137,2,1,24,2,1,44,0.001,0.001,,,,,NVIDIA A100-SXM4-40GB MIG 4g.20gb (0),1,,13,"void ch_est::chEstFilterNoDftSOfdmDispatchKernel<float, __half, float, (unsigned int)2>(ch_est::puschRxChEstStatDescr_t *, ch_est::puschRxChEstDynDescr_t *)"
4976971480,4032,130951,103,1,1,128,1,1,16,0.000,0.000,,,,,NVIDIA A100-SXM4-40GB MIG 4g.20gb (0),1,,13,cupy_copy__complex64_complex64
4977066327,15328,130961,1434,1,1,128,1,1,16,0.000,0.000,,,,,NVIDIA A100-SXM4-40GB MIG 4g.20gb (0),1,,13,cupy_copy__complex64_complex64
4977201333,5856,130968,103,1,1,128,1,1,16,0.000,0.000,,,,,NVIDIA A100-SXM4-40GB MIG 4g.20gb (0),1,,13,cupy_copy__complex64_complex64
4977283188,209470,130975,1,1,1,32,32,1,30,0.000,0.000,,,,,NVIDIA A100-SXM4-40GB MIG 4g.20gb (0),1,,13,"void convert_kernel<__half2, float2>(tensor_layout_any, T1 *, tensor_layout_any, const T2 *)"
4977522993,6208,130978,,,,,,,,,,0.094,15092.739,Pinned,Device,NVIDIA A100-SXM4-40GB MIG 4g.20gb (0),1,,13,[CUDA memcpy Host-to-Device]
4977562737,54175,130979,,,,,,,,,,35.810,660979.503,Device,,NVIDIA A100-SXM4-40GB MIG 4g.20gb (0),1,,13,[CUDA memset]
4977617744,1984,130981,,,,,,,,,,0.000,40.323,Pinned,Device,NVIDIA A100-SXM4-40GB MIG 4g.20gb (0),1,,13,[CUDA memcpy Host-to-Device]
4977622160,9440,130982,,,,,,,,,,0.197,20827.079,Pinned,Device,NVIDIA A100-SXM4-40GB MIG 4g.20gb (0),1,,13,[CUDA memcpy Host-to-Device]
4977676720,11040,130983,273,1,1,48,1,1,40,0.000,0.001,,,,,NVIDIA A100-SXM4-40GB MIG 4g.20gb (0),1,,13,"void pusch_noise_intf_est::noiseIntfEstNoDftSOfdmKernel<float, __half, float, float, (unsigned int)2, (unsigned int)1, (unsigned char)4, (unsigned char)4>(pusch_noise_intf_est::puschRxNoiseIntfEstDynDescr)"
4977738959,4128,130994,35,1,1,128,1,1,16,0.000,0.000,,,,,NVIDIA A100-SXM4-40GB MIG 4g.20gb (0),1,,13,cupy_copy__complex64_complex64
4977773135,2624,131003,1,1,1,1,1,1,18,0.000,0.000,,,,,NVIDIA A100-SXM4-40GB MIG 4g.20gb (0),1,,13,cupy_copy__float32_float32
4977782382,1728,131009,,,,,,,,,,0.000,2.315,Device,Pageable,NVIDIA A100-SXM4-40GB MIG 4g.20gb (0),1,,7,[CUDA memcpy Device-to-Host]
4977892237,16736,131020,1434,1,1,128,1,1,16,0.000,0.000,,,,,NVIDIA A100-SXM4-40GB MIG 4g.20gb (0),1,,13,cupy_copy__complex64_complex64
4977963148,4448,131027,103,1,1,128,1,1,16,0.000,0.000,,,,,NVIDIA A100-SXM4-40GB MIG 4g.20gb (0),1,,13,cupy_copy__complex64_complex64
4978014828,5312,131034,35,1,1,128,1,1,16,0.000,0.000,,,,,NVIDIA A100-SXM4-40GB MIG 4g.20gb (0),1,,13,cupy_copy__complex64_complex64
4978048619,2496,131041,1,1,1,1,1,1,18,0.000,0.000,,,,,NVIDIA A100-SXM4-40GB MIG 4g.20gb (0),1,,13,cupy_copy__float32_float32
4978082379,176670,131052,1,1,1,32,32,1,30,0.000,0.000,,,,,NVIDIA A100-SXM4-40GB MIG 4g.20gb (0),1,,13,"void convert_kernel<__half2, float2>(tensor_layout_any, T1 *, tensor_layout_any, const T2 *)"
4978287881,6080,131055,,,,,,,,,,0.094,15410.462,Pinned,Device,NVIDIA A100-SXM4-40GB MIG 4g.20gb (0),1,,13,[CUDA memcpy Host-to-Device]
4978346248,4768,131056,,,,,,,,,,1.547,324374.998,Device,,NVIDIA A100-SXM4-40GB MIG 4g.20gb (0),1,,13,[CUDA memset]
4978352296,3008,131061,,,,,,,,,,0.031,10404.230,Pinned,Device,NVIDIA A100-SXM4-40GB MIG 4g.20gb (0),1,,13,[CUDA memcpy Host-to-Device]
4978357768,9408,131062,,,,,,,,,,0.197,20897.858,Pinned,Device,NVIDIA A100-SXM4-40GB MIG 4g.20gb (0),1,,13,[CUDA memcpy Host-to-Device]
4978408423,9888,131063,273,1,1,8,4,1,39,0.002,0.000,,,,,NVIDIA A100-SXM4-40GB MIG 4g.20gb (0),1,,13,"void channel_eq::eqMmseCoefCompLowMimoKernel<float, float, float, (unsigned int)4, (unsigned int)1, (unsigned int)4>(const channel_eq::_puschRxChEqStatDescr *, channel_eq::_puschRxChEqCoefCompDynDescr)"
4978468167,8639,131064,273,1,1,12,11,1,51,0.002,0.000,,,,,NVIDIA A100-SXM4-40GB MIG 4g.20gb (0),1,,13,"void channel_eq::eqMmseSoftDemapKernel<float, __half, __half, float, (unsigned int)4, (unsigned short)16383>(channel_eq::_puschRxChEqStatDescr *, channel_eq::_puschRxChEqSoftDemapDynDescr)"
4978532262,332924,131065,1,1,1,32,32,1,30,0.000,0.000,,,,,NVIDIA A100-SXM4-40GB MIG 4g.20gb (0),1,,13,"void convert_kernel<float2, __half2>(tensor_layout_any, T1 *, tensor_layout_any, const T2 *)"
4978917569,13440,131077,2253,1,1,128,1,1,16,0.000,0.000,,,,,NVIDIA A100-SXM4-40GB MIG 4g.20gb (0),1,,13,cupy_copy__float16_float16
4978983073,5504,131086,282,1,1,128,1,1,16,0.000,0.000,,,,,NVIDIA A100-SXM4-40GB MIG 4g.20gb (0),1,,13,cupy_copy__complex64_complex64
4979017344,3168,131095,26,1,1,128,1,1,16,0.000,0.000,,,,,NVIDIA A100-SXM4-40GB MIG 4g.20gb (0),1,,13,cupy_copy__float32_float32
4979051488,6432,131104,103,1,1,128,1,1,16,0.000,0.000,,,,,NVIDIA A100-SXM4-40GB MIG 4g.20gb (0),1,,13,cupy_copy__complex64_complex64
4979102911,15904,131114,1434,1,1,128,1,1,16,0.000,0.000,,,,,NVIDIA A100-SXM4-40GB MIG 4g.20gb (0),1,,13,cupy_copy__complex64_complex64
4979145343,170942,131119,1,1,1,32,32,1,30,0.000,0.000,,,,,NVIDIA A100-SXM4-40GB MIG 4g.20gb (0),1,,13,"void convert_kernel<__half2, float2>(tensor_layout_any, T1 *, tensor_layout_any, const T2 *)"
4979345180,5408,131122,,,,,,,,,,0.094,17325.421,Pinned,Device,NVIDIA A100-SXM4-40GB MIG 4g.20gb (0),1,,13,[CUDA memcpy Host-to-Device]
4979438715,621273,131123,,,,,,,,,,456.561,734607.357,Device,,NVIDIA A100-SXM4-40GB MIG 4g.20gb (0),1,,13,[CUDA memset]
4980066388,56575,131128,,,,,,,,,,1.235,21827.635,Pinned,Device,NVIDIA A100-SXM4-40GB MIG 4g.20gb (0),1,,13,[CUDA memcpy Host-to-Device]
4980125779,12064,131129,,,,,,,,,,0.197,16297.034,Pinned,Device,NVIDIA A100-SXM4-40GB MIG 4g.20gb (0),1,,13,[CUDA memcpy Host-to-Device]
4980258994,10784,131130,69,4,1,48,1,1,76,0.002,0.000,,,,,NVIDIA A100-SXM4-40GB MIG 4g.20gb (0),1,,13,"void ch_est::windowedChEstPreNoDftSOfdmKernel<float, __half, float, (unsigned int)2, (unsigned int)1, (unsigned short)4>(ch_est::puschRxChEstStatDescr_t *, ch_est::puschRxChEstDynDescr_t *)"
4980388496,7840,131131,137,2,1,24,2,1,44,0.001,0.001,,,,,NVIDIA A100-SXM4-40GB MIG 4g.20gb (0),1,,13,"void ch_est::chEstFilterNoDftSOfdmDispatchKernel<float, __half, float, (unsigned int)2>(ch_est::puschRxChEstStatDescr_t *, ch_est::puschRxChEstDynDescr_t *)"
4980516335,12096,131132,137,2,1,24,2,1,44,0.001,0.001,,,,,NVIDIA A100-SXM4-40GB MIG 4g.20gb (0),1,,13,"void ch_est::chEstFilterNoDftSOfdmDispatchKernel<float, __half, float, (unsigned int)2>(ch_est::puschRxChEstStatDescr_t *, ch_est::puschRxChEstDynDescr_t *)"
4980638478,4063,131143,103,1,1,128,1,1,16,0.000,0.000,,,,,NVIDIA A100-SXM4-40GB MIG 4g.20gb (0),1,,13,cupy_copy__complex64_complex64
4980731660,16544,131153,1434,1,1,128,1,1,16,0.000,0.000,,,,,NVIDIA A100-SXM4-40GB MIG 4g.20gb (0),1,,13,cupy_copy__complex64_complex64
4980863435,7680,131160,103,1,1,128,1,1,16,0.000,0.000,,,,,NVIDIA A100-SXM4-40GB MIG 4g.20gb (0),1,,13,cupy_copy__complex64_complex64
4980975658,239581,131167,1,1,1,32,32,1,30,0.000,0.000,,,,,NVIDIA A100-SXM4-40GB MIG 4g.20gb (0),1,,13,"void convert_kernel<__half2, float2>(tensor_layout_any, T1 *, tensor_layout_any, const T2 *)"
4981244807,5855,131170,,,,,,,,,,0.094,16002.715,Pinned,Device,NVIDIA A100-SXM4-40GB MIG 4g.20gb (0),1,,13,[CUDA memcpy Host-to-Device]
4981370373,53535,131171,,,,,,,,,,35.810,668893.496,Device,,NVIDIA A100-SXM4-40GB MIG 4g.20gb (0),1,,13,[CUDA memset]
4981430852,2464,131173,,,,,,,,,,0.000,32.468,Pinned,Device,NVIDIA A100-SXM4-40GB MIG 4g.20gb (0),1,,13,[CUDA memcpy Host-to-Device]
4981435780,9472,131174,,,,,,,,,,0.197,20756.693,Pinned,Device,NVIDIA A100-SXM4-40GB MIG 4g.20gb (0),1,,13,[CUDA memcpy Host-to-Device]
4981555139,23648,131175,273,1,1,48,1,1,40,0.000,0.001,,,,,NVIDIA A100-SXM4-40GB MIG 4g.20gb (0),1,,13,"void pusch_noise_intf_est::noiseIntfEstNoDftSOfdmKernel<float, __half, float, float, (unsigned int)2, (unsigned int)1, (unsigned char)4, (unsigned char)4>(pusch_noise_intf_est::puschRxNoiseIntfEstDynDescr)"
4981681026,3743,131186,35,1,1,128,1,1,16,0.000,0.000,,,,,NVIDIA A100-SXM4-40GB MIG 4g.20gb (0),1,,13,cupy_copy__complex64_complex64
4981786080,4192,131195,1,1,1,1,1,1,18,0.000,0.000,,,,,NVIDIA A100-SXM4-40GB MIG 4g.20gb (0),1,,13,cupy_copy__float32_float32
4981792960,2112,131201,,,,,,,,,,0.000,1.894,Device,Pageable,NVIDIA A100-SXM4-40GB MIG 4g.20gb (0),1,,7,[CUDA memcpy Device-to-Host]
4981932063,16863,131212,1434,1,1,128,1,1,16,0.000,0.000,,,,,NVIDIA A100-SXM4-40GB MIG 4g.20gb (0),1,,13,cupy_copy__complex64_complex64
4982065821,4128,131219,103,1,1,128,1,1,16,0.000,0.000,,,,,NVIDIA A100-SXM4-40GB MIG 4g.20gb (0),1,,13,cupy_copy__complex64_complex64
4982158588,6304,131226,35,1,1,128,1,1,16,0.000,0.000,,,,,NVIDIA A100-SXM4-40GB MIG 4g.20gb (0),1,,13,cupy_copy__complex64_complex64
4982268475,3168,131233,1,1,1,1,1,1,18,0.000,0.000,,,,,NVIDIA A100-SXM4-40GB MIG 4g.20gb (0),1,,13,cupy_copy__float32_float32
4982356890,233885,131244,1,1,1,32,32,1,30,0.000,0.000,,,,,NVIDIA A100-SXM4-40GB MIG 4g.20gb (0),1,,13,"void convert_kernel<__half2, float2>(tensor_layout_any, T1 *, tensor_layout_any, const T2 *)"
4982619671,5472,131247,,,,,,,,,,0.094,17122.757,Pinned,Device,NVIDIA A100-SXM4-40GB MIG 4g.20gb (0),1,,13,[CUDA memcpy Host-to-Device]
4982747061,5248,131248,,,,,,,,,,1.547,294706.110,Device,,NVIDIA A100-SXM4-40GB MIG 4g.20gb (0),1,,13,[CUDA memset]
4982757173,10656,131253,,,,,,,,,,0.031,2936.911,Pinned,Device,NVIDIA A100-SXM4-40GB MIG 4g.20gb (0),1,,13,[CUDA memcpy Host-to-Device]
4982774005,9632,131254,,,,,,,,,,0.197,20411.843,Pinned,Device,NVIDIA A100-SXM4-40GB MIG 4g.20gb (0),1,,13,[CUDA memcpy Host-to-Device]
4982884660,11263,131255,273,1,1,8,4,1,39,0.002,0.000,,,,,NVIDIA A100-SXM4-40GB MIG 4g.20gb (0),1,,13,"void channel_eq::eqMmseCoefCompLowMimoKernel<float, float, float, (unsigned int)4, (unsigned int)1, (unsigned int)4>(const channel_eq::_puschRxChEqStatDescr *, channel_eq::_puschRxChEqCoefCompDynDescr)"
4983006898,9632,131256,273,1,1,12,11,1,51,0.002,0.000,,,,,NVIDIA A100-SXM4-40GB MIG 4g.20gb (0),1,,13,"void channel_eq::eqMmseSoftDemapKernel<float, __half, __half, float, (unsigned int)4, (unsigned short)16383>(channel_eq::_puschRxChEqStatDescr *, channel_eq::_puschRxChEqSoftDemapDynDescr)"
4983123473,568537,131257,1,1,1,32,32,1,30,0.000,0.000,,,,,NVIDIA A100-SXM4-40GB MIG 4g.20gb (0),1,,13,"void convert_kernel<float2, __half2>(tensor_layout_any, T1 *, tensor_layout_any, const T2 *)"
4983754794,13023,131269,2253,1,1,128,1,1,16,0.000,0.000,,,,,NVIDIA A100-SXM4-40GB MIG 4g.20gb (0),1,,13,cupy_copy__float16_float16
4983889000,5184,131278,282,1,1,128,1,1,16,0.000,0.000,,,,,NVIDIA A100-SXM4-40GB MIG 4g.20gb (0),1,,13,cupy_copy__complex64_complex64
4983983495,4416,131287,26,1,1,128,1,1,16,0.000,0.000,,,,,NVIDIA A100-SXM4-40GB MIG 4g.20gb (0),1,,13,cupy_copy__float32_float32
4984093670,9408,131296,103,1,1,128,1,1,16,0.000,0.000,,,,,NVIDIA A100-SXM4-40GB MIG 4g.20gb (0),1,,13,cupy_copy__complex64_complex64
4984175397,20415,131306,1434,1,1,128,1,1,16,0.000,0.000,,,,,NVIDIA A100-SXM4-40GB MIG 4g.20gb (0),1,,13,cupy_copy__complex64_complex64
4984258660,230653,131311,1,1,1,32,32,1,30,0.000,0.000,,,,,NVIDIA A100-SXM4-40GB MIG 4g.20gb (0),1,,13,"void convert_kernel<__half2, float2>(tensor_layout_any, T1 *, tensor_layout_any, const T2 *)"
4984519105,6464,131314,,,,,,,,,,0.094,14494.959,Pinned,Device,NVIDIA A100-SXM4-40GB MIG 4g.20gb (0),1,,13,[CUDA memcpy Host-to-Device]
4984617312,619224,131315,,,,,,,,,,456.561,736890.164,Device,,NVIDIA A100-SXM4-40GB MIG 4g.20gb (0),1,,13,[CUDA memset]
4985240952,63040,131320,,,,,,,,,,1.235,19588.682,Pinned,Device,NVIDIA A100-SXM4-40GB MIG 4g.20gb (0),1,,13,[CUDA memcpy Host-to-Device]
4985310520,11935,131321,,,,,,,,,,0.197,16473.194,Pinned,Device,NVIDIA A100-SXM4-40GB MIG 4g.20gb (0),1,,13,[CUDA memcpy Host-to-Device]
4985415094,24480,131322,69,4,1,48,1,1,76,0.002,0.000,,,,,NVIDIA A100-SXM4-40GB MIG 4g.20gb (0),1,,13,"void ch_est::windowedChEstPreNoDftSOfdmKernel<float, __half, float, (unsigned int)2, (unsigned int)1, (unsigned short)4>(ch_est::puschRxChEstStatDescr_t *, ch_est::puschRxChEstDynDescr_t *)"
4985500981,6624,131323,137,2,1,24,2,1,44,0.001,0.001,,,,,NVIDIA A100-SXM4-40GB MIG 4g.20gb (0),1,,13,"void ch_est::chEstFilterNoDftSOfdmDispatchKernel<float, __half, float, (unsigned int)2>(ch_est::puschRxChEstStatDescr_t *, ch_est::puschRxChEstDynDescr_t *)"
4985601172,8544,131324,137,2,1,24,2,1,44,0.001,0.001,,,,,NVIDIA A100-SXM4-40GB MIG 4g.20gb (0),1,,13,"void ch_est::chEstFilterNoDftSOfdmDispatchKernel<float, __half, float, (unsigned int)2>(ch_est::puschRxChEstStatDescr_t *, ch_est::puschRxChEstDynDescr_t *)"
4985724435,5152,131335,103,1,1,128,1,1,16,0.000,0.000,,,,,NVIDIA A100-SXM4-40GB MIG 4g.20gb (0),1,,13,cupy_copy__complex64_complex64
4985833362,16255,131345,1434,1,1,128,1,1,16,0.000,0.000,,,,,NVIDIA A100-SXM4-40GB MIG 4g.20gb (0),1,,13,cupy_copy__complex64_complex64
4985965712,3904,131352,103,1,1,128,1,1,16,0.000,0.000,,,,,NVIDIA A100-SXM4-40GB MIG 4g.20gb (0),1,,13,cupy_copy__complex64_complex64
4986055791,237053,131359,1,1,1,32,32,1,30,0.000,0.000,,,,,NVIDIA A100-SXM4-40GB MIG 4g.20gb (0),1,,13,"void convert_kernel<__half2, float2>(tensor_layout_any, T1 *, tensor_layout_any, const T2 *)"
4986321964,5632,131362,,,,,,,,,,0.094,16636.287,Pinned,Device,NVIDIA A100-SXM4-40GB MIG 4g.20gb (0),1,,13,[CUDA memcpy Host-to-Device]
4986406091,62719,131363,,,,,,,,,,35.810,570953.364,Device,,NVIDIA A100-SXM4-40GB MIG 4g.20gb (0),1,,13,[CUDA memset]
4986470122,5216,131365,,,,,,,,,,0.000,15.337,Pinned,Device,NVIDIA A100-SXM4-40GB MIG 4g.20gb (0),1,,13,[CUDA memcpy Host-to-Device]
4986478218,9856,131366,,,,,,,,,,0.197,19948.044,Pinned,Device,NVIDIA A100-SXM4-40GB MIG 4g.20gb (0),1,,13,[CUDA memcpy Host-to-Device]
4986591977,24000,131367,273,1,1,48,1,1,40,0.000,0.001,,,,,NVIDIA A100-SXM4-40GB MIG 4g.20gb (0),1,,13,"void pusch_noise_intf_est::noiseIntfEstNoDftSOfdmKernel<float, __half, float, float, (unsigned int)2, (unsigned int)1, (unsigned char)4, (unsigned char)4>(pusch_noise_intf_est::puschRxNoiseIntfEstDynDescr)"
4986675656,3712,131378,35,1,1,128,1,1,16,0.000,0.000,,,,,NVIDIA A100-SXM4-40GB MIG 4g.20gb (0),1,,13,cupy_copy__complex64_complex64
4986780135,3232,131387,1,1,1,1,1,1,18,0.000,0.000,,,,,NVIDIA A100-SXM4-40GB MIG 4g.20gb (0),1,,13,cupy_copy__float32_float32
4986787111,1600,131393,,,,,,,,,,0.000,2.500,Device,Pageable,NVIDIA A100-SXM4-40GB MIG 4g.20gb (0),1,,7,[CUDA memcpy Device-to-Host]
4986928133,14848,131404,1434,1,1,128,1,1,16,0.000,0.000,,,,,NVIDIA A100-SXM4-40GB MIG 4g.20gb (0),1,,13,cupy_copy__complex64_complex64
4987062915,4256,131411,103,1,1,128,1,1,16,0.000,0.000,,,,,NVIDIA A100-SXM4-40GB MIG 4g.20gb (0),1,,13,cupy_copy__complex64_complex64
4987157250,6016,131418,35,1,1,128,1,1,16,0.000,0.000,,,,,NVIDIA A100-SXM4-40GB MIG 4g.20gb (0),1,,13,cupy_copy__complex64_complex64
4987267777,2976,131425,1,1,1,1,1,1,18,0.000,0.000,,,,,NVIDIA A100-SXM4-40GB MIG 4g.20gb (0),1,,13,cupy_copy__float32_float32
4987357952,235613,131436,1,1,1,32,32,1,30,0.000,0.000,,,,,NVIDIA A100-SXM4-40GB MIG 4g.20gb (0),1,,13,"void convert_kernel<__half2, float2>(tensor_layout_any, T1 *, tensor_layout_any, const T2 *)"
4987622941,5536,131439,,,,,,,,,,0.094,16924.777,Pinned,Device,NVIDIA A100-SXM4-40GB MIG 4g.20gb (0),1,,13,[CUDA memcpy Host-to-Device]
4987708380,9952,131440,,,,,,,,,,1.547,155407.873,Device,,NVIDIA A100-SXM4-40GB MIG 4g.20gb (0),1,,13,[CUDA memset]
4987720444,4352,131445,,,,,,,,,,0.031,7191.164,Pinned,Device,NVIDIA A100-SXM4-40GB MIG 4g.20gb (0),1,,13,[CUDA memcpy Host-to-Device]
4987727260,12704,131446,,,,,,,,,,0.197,15475.999,Pinned,Device,NVIDIA A100-SXM4-40GB MIG 4g.20gb (0),1,,13,[CUDA memcpy Host-to-Device]
4987837178,24416,131447,273,1,1,8,4,1,39,0.002,0.000,,,,,NVIDIA A100-SXM4-40GB MIG 4g.20gb (0),1,,13,"void channel_eq::eqMmseCoefCompLowMimoKernel<float, float, float, (unsigned int)4, (unsigned int)1, (unsigned int)4>(const channel_eq::_puschRxChEqStatDescr *, channel_eq::_puschRxChEqCoefCompDynDescr)"
4987916730,8735,131448,273,1,1,12,11,1,51,0.002,0.000,,,,,NVIDIA A100-SXM4-40GB MIG 4g.20gb (0),1,,13,"void channel_eq::eqMmseSoftDemapKernel<float, __half, __half, float, (unsigned int)4, (unsigned short)16383>(channel_eq::_puschRxChEqStatDescr *, channel_eq::_puschRxChEqSoftDemapDynDescr)"
4988042968,587001,131449,1,1,1,32,32,1,30,0.000,0.000,,,,,NVIDIA A100-SXM4-40GB MIG 4g.20gb (0),1,,13,"void convert_kernel<float2, __half2>(tensor_layout_any, T1 *, tensor_layout_any, const T2 *)"
4988783216,13631,131461,2253,1,1,128,1,1,16,0.000,0.000,,,,,NVIDIA A100-SXM4-40GB MIG 4g.20gb (0),1,,13,cupy_copy__float16_float16
4988979981,4704,131470,282,1,1,128,1,1,16,0.000,0.000,,,,,NVIDIA A100-SXM4-40GB MIG 4g.20gb (0),1,,13,cupy_copy__complex64_complex64
4989131276,7039,131479,26,1,1,128,1,1,16,0.000,0.000,,,,,NVIDIA A100-SXM4-40GB MIG 4g.20gb (0),1,,13,cupy_copy__float32_float32
4989300842,5280,131488,103,1,1,128,1,1,16,0.000,0.000,,,,,NVIDIA A100-SXM4-40GB MIG 4g.20gb (0),1,,13,cupy_copy__complex64_complex64
4989451528,18304,131498,1434,1,1,128,1,1,16,0.000,0.000,,,,,NVIDIA A100-SXM4-40GB MIG 4g.20gb (0),1,,13,cupy_copy__complex64_complex64
4989585254,273917,131503,1,1,1,32,32,1,30,0.000,0.000,,,,,NVIDIA A100-SXM4-40GB MIG 4g.20gb (0),1,,13,"void convert_kernel<__half2, float2>(tensor_layout_any, T1 *, tensor_layout_any, const T2 *)"
4989889699,9632,131506,,,,,,,,,,0.094,9727.519,Pinned,Device,NVIDIA A100-SXM4-40GB MIG 4g.20gb (0),1,,13,[CUDA memcpy Host-to-Device]
4990062145,615769,131507,,,,,,,,,,456.561,740999.217,Device,,NVIDIA A100-SXM4-40GB MIG 4g.20gb (0),1,,13,[CUDA memset]
4990678714,62207,131512,,,,,,,,,,1.235,19851.725,Pinned,Device,NVIDIA A100-SXM4-40GB MIG 4g.20gb (0),1,,13,[CUDA memcpy Host-to-Device]
4990747641,11168,131513,,,,,,,,,,0.197,17604.477,Pinned,Device,NVIDIA A100-SXM4-40GB MIG 4g.20gb (0),1,,13,[CUDA memcpy Host-to-Device]
4990937367,13024,131514,69,4,1,48,1,1,76,0.002,0.000,,,,,NVIDIA A100-SXM4-40GB MIG 4g.20gb (0),1,,13,"void ch_est::windowedChEstPreNoDftSOfdmKernel<float, __half, float, (unsigned int)2, (unsigned int)1, (unsigned short)4>(ch_est::puschRxChEstStatDescr_t *, ch_est::puschRxChEstDynDescr_t *)"
4991084501,7968,131515,137,2,1,24,2,1,44,0.001,0.001,,,,,NVIDIA A100-SXM4-40GB MIG 4g.20gb (0),1,,13,"void ch_est::chEstFilterNoDftSOfdmDispatchKernel<float, __half, float, (unsigned int)2>(ch_est::puschRxChEstStatDescr_t *, ch_est::puschRxChEstDynDescr_t *)"
4991185844,7968,131516,137,2,1,24,2,1,44,0.001,0.001,,,,,NVIDIA A100-SXM4-40GB MIG 4g.20gb (0),1,,13,"void ch_est::chEstFilterNoDftSOfdmDispatchKernel<float, __half, float, (unsigned int)2>(ch_est::puschRxChEstStatDescr_t *, ch_est::puschRxChEstDynDescr_t *)"
4991298899,4927,131527,103,1,1,128,1,1,16,0.000,0.000,,,,,NVIDIA A100-SXM4-40GB MIG 4g.20gb (0),1,,13,cupy_copy__complex64_complex64
4991384082,19679,131537,1434,1,1,128,1,1,16,0.000,0.000,,,,,NVIDIA A100-SXM4-40GB MIG 4g.20gb (0),1,,13,cupy_copy__complex64_complex64
4991469777,3487,131544,103,1,1,128,1,1,16,0.000,0.000,,,,,NVIDIA A100-SXM4-40GB MIG 4g.20gb (0),1,,13,cupy_copy__complex64_complex64
4991566607,227454,131551,1,1,1,32,32,1,30,0.000,0.000,,,,,NVIDIA A100-SXM4-40GB MIG 4g.20gb (0),1,,13,"void convert_kernel<__half2, float2>(tensor_layout_any, T1 *, tensor_layout_any, const T2 *)"
4991838668,6912,131554,,,,,,,,,,0.094,13555.469,Pinned,Device,NVIDIA A100-SXM4-40GB MIG 4g.20gb (0),1,,13,[CUDA memcpy Host-to-Device]
4991951627,55391,131555,,,,,,,,,,35.810,646476.486,Device,,NVIDIA A100-SXM4-40GB MIG 4g.20gb (0),1,,13,[CUDA memset]
4992008650,8768,131557,,,,,,,,,,0.000,9.124,Pinned,Device,NVIDIA A100-SXM4-40GB MIG 4g.20gb (0),1,,13,[CUDA memcpy Host-to-Device]
4992019850,9472,131558,,,,,,,,,,0.197,20756.693,Pinned,Device,NVIDIA A100-SXM4-40GB MIG 4g.20gb (0),1,,13,[CUDA memcpy Host-to-Device]
4992137961,20704,131559,273,1,1,48,1,1,40,0.000,0.001,,,,,NVIDIA A100-SXM4-40GB MIG 4g.20gb (0),1,,13,"void pusch_noise_intf_est::noiseIntfEstNoDftSOfdmKernel<float, __half, float, float, (unsigned int)2, (unsigned int)1, (unsigned char)4, (unsigned char)4>(pusch_noise_intf_est::puschRxNoiseIntfEstDynDescr)"
4992261447,4864,131570,35,1,1,128,1,1,16,0.000,0.000,,,,,NVIDIA A100-SXM4-40GB MIG 4g.20gb (0),1,,13,cupy_copy__complex64_complex64
4992358278,8512,131579,1,1,1,1,1,1,18,0.000,0.000,,,,,NVIDIA A100-SXM4-40GB MIG 4g.20gb (0),1,,13,cupy_copy__float32_float32
4992374246,2464,131585,,,,,,,,,,0.000,1.623,Device,Pageable,NVIDIA A100-SXM4-40GB MIG 4g.20gb (0),1,,7,[CUDA memcpy Device-to-Host]
4992506021,15647,131596,1434,1,1,128,1,1,16,0.000,0.000,,,,,NVIDIA A100-SXM4-40GB MIG 4g.20gb (0),1,,13,cupy_copy__complex64_complex64
4992640771,4608,131603,103,1,1,128,1,1,16,0.000,0.000,,,,,NVIDIA A100-SXM4-40GB MIG 4g.20gb (0),1,,13,cupy_copy__complex64_complex64
4992733346,6432,131610,35,1,1,128,1,1,16,0.000,0.000,,,,,NVIDIA A100-SXM4-40GB MIG 4g.20gb (0),1,,13,cupy_copy__complex64_complex64
4992843745,2976,131617,1,1,1,1,1,1,18,0.000,0.000,,,,,NVIDIA A100-SXM4-40GB MIG 4g.20gb (0),1,,13,cupy_copy__float32_float32
4992932192,237885,131628,1,1,1,32,32,1,30,0.000,0.000,,,,,NVIDIA A100-SXM4-40GB MIG 4g.20gb (0),1,,13,"void convert_kernel<__half2, float2>(tensor_layout_any, T1 *, tensor_layout_any, const T2 *)"
4993198685,6016,131631,,,,,,,,,,0.094,15574.430,Pinned,Device,NVIDIA A100-SXM4-40GB MIG 4g.20gb (0),1,,13,[CUDA memcpy Host-to-Device]
4993321755,5056,131632,,,,,,,,,,1.547,305897.481,Device,,NVIDIA A100-SXM4-40GB MIG 4g.20gb (0),1,,13,[CUDA memset]
4993333691,6944,131637,,,,,,,,,,0.031,4506.906,Pinned,Device,NVIDIA A100-SXM4-40GB MIG 4g.20gb (0),1,,13,[CUDA memcpy Host-to-Device]
4993346875,10176,131638,,,,,,,,,,0.197,19320.668,Pinned,Device,NVIDIA A100-SXM4-40GB MIG 4g.20gb (0),1,,13,[CUDA memcpy Host-to-Device]
4993461178,11615,131639,273,1,1,8,4,1,39,0.002,0.000,,,,,NVIDIA A100-SXM4-40GB MIG 4g.20gb (0),1,,13,"void channel_eq::eqMmseCoefCompLowMimoKernel<float, float, float, (unsigned int)4, (unsigned int)1, (unsigned int)4>(const channel_eq::_puschRxChEqStatDescr *, channel_eq::_puschRxChEqCoefCompDynDescr)"
4993582168,10528,131640,273,1,1,12,11,1,51,0.002,0.000,,,,,NVIDIA A100-SXM4-40GB MIG 4g.20gb (0),1,,13,"void channel_eq::eqMmseSoftDemapKernel<float, __half, __half, float, (unsigned int)4, (unsigned short)16383>(channel_eq::_puschRxChEqStatDescr *, channel_eq::_puschRxChEqSoftDemapDynDescr)"
4993707735,617721,131641,1,1,1,32,32,1,30,0.000,0.000,,,,,NVIDIA A100-SXM4-40GB MIG 4g.20gb (0),1,,13,"void convert_kernel<float2, __half2>(tensor_layout_any, T1 *, tensor_layout_any, const T2 *)"
4994372943,16320,131653,2253,1,1,128,1,1,16,0.000,0.000,,,,,NVIDIA A100-SXM4-40GB MIG 4g.20gb (0),1,,13,cupy_copy__float16_float16
4994513069,7744,131662,282,1,1,128,1,1,16,0.000,0.000,,,,,NVIDIA A100-SXM4-40GB MIG 4g.20gb (0),1,,13,cupy_copy__complex64_complex64
4994604140,3296,131671,26,1,1,128,1,1,16,0.000,0.000,,,,,NVIDIA A100-SXM4-40GB MIG 4g.20gb (0),1,,13,cupy_copy__float32_float32
4994697003,11040,131680,103,1,1,128,1,1,16,0.000,0.000,,,,,NVIDIA A100-SXM4-40GB MIG 4g.20gb (0),1,,13,cupy_copy__complex64_complex64
4994747563,23007,131690,1434,1,1,128,1,1,16,0.000,0.000,,,,,NVIDIA A100-SXM4-40GB MIG 4g.20gb (0),1,,13,cupy_copy__complex64_complex64
4994886921,321340,131695,1,1,1,32,32,1,30,0.000,0.000,,,,,NVIDIA A100-SXM4-40GB MIG 4g.20gb (0),1,,13,"void convert_kernel<__half2, float2>(tensor_layout_any, T1 *, tensor_layout_any, const T2 *)"
4995288644,10048,131698,,,,,,,,,,0.094,9324.813,Pinned,Device,NVIDIA A100-SXM4-40GB MIG 4g.20gb (0),1,,13,[CUDA memcpy Host-to-Device]
4995428163,622585,131699,,,,,,,,,,456.561,733237.673,Device,,NVIDIA A100-SXM4-40GB MIG 4g.20gb (0),1,,13,[CUDA memset]
4996059516,58495,131704,,,,,,,,,,1.235,21111.368,Pinned,Device,NVIDIA A100-SXM4-40GB MIG 4g.20gb (0),1,,13,[CUDA memcpy Host-to-Device]
4996120603,15360,131705,,,,,,,,,,0.197,12799.967,Pinned,Device,NVIDIA A100-SXM4-40GB MIG 4g.20gb (0),1,,13,[CUDA memcpy Host-to-Device]
4996252313,19040,131706,69,4,1,48,1,1,76,0.002,0.000,,,,,NVIDIA A100-SXM4-40GB MIG 4g.20gb (0),1,,13,"void ch_est::windowedChEstPreNoDftSOfdmKernel<float, __half, float, (unsigned int)2, (unsigned int)1, (unsigned short)4>(ch_est::puschRxChEstStatDescr_t *, ch_est::puschRxChEstDynDescr_t *)"
4996399384,24511,131707,137,2,1,24,2,1,44,0.001,0.001,,,,,NVIDIA A100-SXM4-40GB MIG 4g.20gb (0),1,,13,"void ch_est::chEstFilterNoDftSOfdmDispatchKernel<float, __half, float, (unsigned int)2>(ch_est::puschRxChEstStatDescr_t *, ch_est::puschRxChEstDynDescr_t *)"
4996492983,19807,131708,137,2,1,24,2,1,44,0.001,0.001,,,,,NVIDIA A100-SXM4-40GB MIG 4g.20gb (0),1,,13,"void ch_est::chEstFilterNoDftSOfdmDispatchKernel<float, __half, float, (unsigned int)2>(ch_est::puschRxChEstStatDescr_t *, ch_est::puschRxChEstDynDescr_t *)"
4996635285,5664,131719,103,1,1,128,1,1,16,0.000,0.000,,,,,NVIDIA A100-SXM4-40GB MIG 4g.20gb (0),1,,13,cupy_copy__complex64_complex64
4996821107,20160,131729,1434,1,1,128,1,1,16,0.000,0.000,,,,,NVIDIA A100-SXM4-40GB MIG 4g.20gb (0),1,,13,cupy_copy__complex64_complex64
4996934001,4288,131736,103,1,1,128,1,1,16,0.000,0.000,,,,,NVIDIA A100-SXM4-40GB MIG 4g.20gb (0),1,,13,cupy_copy__complex64_complex64
4997001489,243197,131743,1,1,1,32,32,1,30,0.000,0.000,,,,,NVIDIA A100-SXM4-40GB MIG 4g.20gb (0),1,,13,"void convert_kernel<__half2, float2>(tensor_layout_any, T1 *, tensor_layout_any, const T2 *)"
4997275438,5887,131746,,,,,,,,,,0.094,15915.671,Pinned,Device,NVIDIA A100-SXM4-40GB MIG 4g.20gb (0),1,,13,[CUDA memcpy Host-to-Device]
4997363085,53215,131747,,,,,,,,,,35.810,672904.207,Device,,NVIDIA A100-SXM4-40GB MIG 4g.20gb (0),1,,13,[CUDA memset]
4997418380,5248,131749,,,,,,,,,,0.000,15.244,Pinned,Device,NVIDIA A100-SXM4-40GB MIG 4g.20gb (0),1,,13,[CUDA memcpy Host-to-Device]
4997431212,12416,131750,,,,,,,,,,0.197,15835.005,Pinned,Device,NVIDIA A100-SXM4-40GB MIG 4g.20gb (0),1,,13,[CUDA memcpy Host-to-Device]
4997536651,21503,131751,273,1,1,48,1,1,40,0.000,0.001,,,,,NVIDIA A100-SXM4-40GB MIG 4g.20gb (0),1,,13,"void pusch_noise_intf_est::noiseIntfEstNoDftSOfdmKernel<float, __half, float, float, (unsigned int)2, (unsigned int)1, (unsigned char)4, (unsigned char)4>(pusch_noise_intf_est::puschRxNoiseIntfEstDynDescr)"
4997651369,4064,131762,35,1,1,128,1,1,16,0.000,0.000,,,,,NVIDIA A100-SXM4-40GB MIG 4g.20gb (0),1,,13,cupy_copy__complex64_complex64
4997750280,5152,131771,1,1,1,1,1,1,18,0.000,0.000,,,,,NVIDIA A100-SXM4-40GB MIG 4g.20gb (0),1,,13,cupy_copy__float32_float32
4997763400,1632,131777,,,,,,,,,,0.000,2.451,Device,Pageable,NVIDIA A100-SXM4-40GB MIG 4g.20gb (0),1,,7,[CUDA memcpy Device-to-Host]
4997875815,15583,131788,1434,1,1,128,1,1,16,0.000,0.000,,,,,NVIDIA A100-SXM4-40GB MIG 4g.20gb (0),1,,13,cupy_copy__complex64_complex64
4997977381,6496,131795,103,1,1,128,1,1,16,0.000,0.000,,,,,NVIDIA A100-SXM4-40GB MIG 4g.20gb (0),1,,13,cupy_copy__complex64_complex64
4998079876,7232,131802,35,1,1,128,1,1,16,0.000,0.000,,,,,NVIDIA A100-SXM4-40GB MIG 4g.20gb (0),1,,13,cupy_copy__complex64_complex64
4998151811,6272,131809,1,1,1,1,1,1,18,0.000,0.000,,,,,NVIDIA A100-SXM4-40GB MIG 4g.20gb (0),1,,13,cupy_copy__float32_float32
4998216323,235101,131820,1,1,1,32,32,1,30,0.000,0.000,,,,,NVIDIA A100-SXM4-40GB MIG 4g.20gb (0),1,,13,"void convert_kernel<__half2, float2>(tensor_layout_any, T1 *, tensor_layout_any, const T2 *)"
4998480864,8928,131823,,,,,,,,,,0.094,10494.608,Pinned,Device,NVIDIA A100-SXM4-40GB MIG 4g.20gb (0),1,,13,[CUDA memcpy Host-to-Device]
4998545471,4896,131824,,,,,,,,,,1.547,315894.859,Device,,NVIDIA A100-SXM4-40GB MIG 4g.20gb (0),1,,13,[CUDA memset]
4998554655,7424,131829,,,,,,,,,,0.031,4215.509,Pinned,Device,NVIDIA A100-SXM4-40GB MIG 4g.20gb (0),1,,13,[CUDA memcpy Host-to-Device]
4998564831,12096,131830,,,,,,,,,,0.197,16253.780,Pinned,Device,NVIDIA A100-SXM4-40GB MIG 4g.20gb (0),1,,13,[CUDA memcpy Host-to-Device]
4998659614,23167,131831,273,1,1,8,4,1,39,0.002,0.000,,,,,NVIDIA A100-SXM4-40GB MIG 4g.20gb (0),1,,13,"void channel_eq::eqMmseCoefCompLowMimoKernel<float, float, float, (unsigned int)4, (unsigned int)1, (unsigned int)4>(const channel_eq::_puschRxChEqStatDescr *, channel_eq::_puschRxChEqCoefCompDynDescr)"
4998779004,12736,131832,273,1,1,12,11,1,51,0.002,0.000,,,,,NVIDIA A100-SXM4-40GB MIG 4g.20gb (0),1,,13,"void channel_eq::eqMmseSoftDemapKernel<float, __half, __half, float, (unsigned int)4, (unsigned short)16383>(channel_eq::_puschRxChEqStatDescr *, channel_eq::_puschRxChEqSoftDemapDynDescr)"
4998881531,614329,131833,1,1,1,32,32,1,30,0.000,0.000,,,,,NVIDIA A100-SXM4-40GB MIG 4g.20gb (0),1,,13,"void convert_kernel<float2, __half2>(tensor_layout_any, T1 *, tensor_layout_any, const T2 *)"
4999607187,13663,131845,2253,1,1,128,1,1,16,0.000,0.000,,,,,NVIDIA A100-SXM4-40GB MIG 4g.20gb (0),1,,13,cupy_copy__float16_float16
4999717329,5184,131854,282,1,1,128,1,1,16,0.000,0.000,,,,,NVIDIA A100-SXM4-40GB MIG 4g.20gb (0),1,,13,cupy_copy__complex64_complex64
4999846256,8672,131863,26,1,1,128,1,1,16,0.000,0.000,,,,,NVIDIA A100-SXM4-40GB MIG 4g.20gb (0),1,,13,cupy_copy__float32_float32
4999958127,10175,131872,103,1,1,128,1,1,16,0.000,0.000,,,,,NVIDIA A100-SXM4-40GB MIG 4g.20gb (0),1,,13,cupy_copy__complex64_complex64
5000081677,23520,131882,1434,1,1,128,1,1,16,0.000,0.000,,,,,NVIDIA A100-SXM4-40GB MIG 4g.20gb (0),1,,13,cupy_copy__complex64_complex64
5000255371,274717,131887,1,1,1,32,32,1,30,0.000,0.000,,,,,NVIDIA A100-SXM4-40GB MIG 4g.20gb (0),1,,13,"void convert_kernel<__half2, float2>(tensor_layout_any, T1 *, tensor_layout_any, const T2 *)"
5000561576,10303,131890,,,,,,,,,,0.094,9094.040,Pinned,Device,NVIDIA A100-SXM4-40GB MIG 4g.20gb (0),1,,13,[CUDA memcpy Host-to-Device]
5000698438,614041,131891,,,,,,,,,,456.561,743282.024,Device,,NVIDIA A100-SXM4-40GB MIG 4g.20gb (0),1,,13,[CUDA memset]
5001321823,70911,131896,,,,,,,,,,1.235,17415.180,Pinned,Device,NVIDIA A100-SXM4-40GB MIG 4g.20gb (0),1,,13,[CUDA memcpy Host-to-Device]
5001395710,10080,131897,,,,,,,,,,0.197,19504.693,Pinned,Device,NVIDIA A100-SXM4-40GB MIG 4g.20gb (0),1,,13,[CUDA memcpy Host-to-Device]
5001544668,16448,131898,69,4,1,48,1,1,76,0.002,0.000,,,,,NVIDIA A100-SXM4-40GB MIG 4g.20gb (0),1,,13,"void ch_est::windowedChEstPreNoDftSOfdmKernel<float, __half, float, (unsigned int)2, (unsigned int)1, (unsigned short)4>(ch_est::puschRxChEstStatDescr_t *, ch_est::puschRxChEstDynDescr_t *)"
5001716282,15360,131899,137,2,1,24,2,1,44,0.001,0.001,,,,,NVIDIA A100-SXM4-40GB MIG 4g.20gb (0),1,,13,"void ch_est::chEstFilterNoDftSOfdmDispatchKernel<float, __half, float, (unsigned int)2>(ch_est::puschRxChEstStatDescr_t *, ch_est::puschRxChEstDynDescr_t *)"
5001887704,17088,131900,137,2,1,24,2,1,44,0.001,0.001,,,,,NVIDIA A100-SXM4-40GB MIG 4g.20gb (0),1,,13,"void ch_est::chEstFilterNoDftSOfdmDispatchKernel<float, __half, float, (unsigned int)2>(ch_est::puschRxChEstStatDescr_t *, ch_est::puschRxChEstDynDescr_t *)"
5002057270,8224,131911,103,1,1,128,1,1,16,0.000,0.000,,,,,NVIDIA A100-SXM4-40GB MIG 4g.20gb (0),1,,13,cupy_copy__complex64_complex64
5002211317,19519,131921,1434,1,1,128,1,1,16,0.000,0.000,,,,,NVIDIA A100-SXM4-40GB MIG 4g.20gb (0),1,,13,cupy_copy__complex64_complex64
5002353299,4832,131928,103,1,1,128,1,1,16,0.000,0.000,,,,,NVIDIA A100-SXM4-40GB MIG 4g.20gb (0),1,,13,cupy_copy__complex64_complex64
5002502161,242397,131935,1,1,1,32,32,1,30,0.000,0.000,,,,,NVIDIA A100-SXM4-40GB MIG 4g.20gb (0),1,,13,"void convert_kernel<__half2, float2>(tensor_layout_any, T1 *, tensor_layout_any, const T2 *)"
5002775758,5888,131938,,,,,,,,,,0.094,15912.954,Pinned,Device,NVIDIA A100-SXM4-40GB MIG 4g.20gb (0),1,,13,[CUDA memcpy Host-to-Device]
5002875757,52479,131939,,,,,,,,,,35.810,682358.026,Device,,NVIDIA A100-SXM4-40GB MIG 4g.20gb (0),1,,13,[CUDA memset]
5002930892,5184,131941,,,,,,,,,,0.000,15.432,Pinned,Device,NVIDIA A100-SXM4-40GB MIG 4g.20gb (0),1,,13,[CUDA memcpy Host-to-Device]
5002942636,9760,131942,,,,,,,,,,0.197,20144.259,Pinned,Device,NVIDIA A100-SXM4-40GB MIG 4g.20gb (0),1,,13,[CUDA memcpy Host-to-Device]
5003049067,23264,131943,273,1,1,48,1,1,40,0.000,0.001,,,,,NVIDIA A100-SXM4-40GB MIG 4g.20gb (0),1,,13,"void pusch_noise_intf_est::noiseIntfEstNoDftSOfdmKernel<float, __half, float, float, (unsigned int)2, (unsigned int)1, (unsigned char)4, (unsigned char)4>(pusch_noise_intf_est::puschRxNoiseIntfEstDynDescr)"
5003161194,5120,131954,35,1,1,128,1,1,16,0.000,0.000,,,,,NVIDIA A100-SXM4-40GB MIG 4g.20gb (0),1,,13,cupy_copy__complex64_complex64
5003258280,3776,131963,1,1,1,1,1,1,18,0.000,0.000,,,,,NVIDIA A100-SXM4-40GB MIG 4g.20gb (0),1,,13,cupy_copy__float32_float32
5003264680,5216,131969,,,,,,,,,,0.000,0.767,Device,Pageable,NVIDIA A100-SXM4-40GB MIG 4g.20gb (0),1,,7,[CUDA memcpy Device-to-Host]
5003382119,15136,131980,1434,1,1,128,1,1,16,0.000,0.000,,,,,NVIDIA A100-SXM4-40GB MIG 4g.20gb (0),1,,13,cupy_copy__complex64_complex64
5003484774,8000,131987,103,1,1,128,1,1,16,0.000,0.000,,,,,NVIDIA A100-SXM4-40GB MIG 4g.20gb (0),1,,13,cupy_copy__complex64_complex64
5003588901,6528,131994,35,1,1,128,1,1,16,0.000,0.000,,,,,NVIDIA A100-SXM4-40GB MIG 4g.20gb (0),1,,13,cupy_copy__complex64_complex64
5003697827,2816,132001,1,1,1,1,1,1,18,0.000,0.000,,,,,NVIDIA A100-SXM4-40GB MIG 4g.20gb (0),1,,13,cupy_copy__float32_float32
5003776739,238749,132012,1,1,1,32,32,1,30,0.000,0.000,,,,,NVIDIA A100-SXM4-40GB MIG 4g.20gb (0),1,,13,"void convert_kernel<__half2, float2>(tensor_layout_any, T1 *, tensor_layout_any, const T2 *)"
5004047135,5696,132015,,,,,,,,,,0.094,16449.363,Pinned,Device,NVIDIA A100-SXM4-40GB MIG 4g.20gb (0),1,,13,[CUDA memcpy Host-to-Device]
5004145630,6304,132016,,,,,,,,,,1.547,245339.418,Device,,NVIDIA A100-SXM4-40GB MIG 4g.20gb (0),1,,13,[CUDA memset]
5004159294,3040,132021,,,,,,,,,,0.031,10294.725,Pinned,Device,NVIDIA A100-SXM4-40GB MIG 4g.20gb (0),1,,13,[CUDA memcpy Host-to-Device]
5004164798,10624,132022,,,,,,,,,,0.197,18505.925,Pinned,Device,NVIDIA A100-SXM4-40GB MIG 4g.20gb (0),1,,13,[CUDA memcpy Host-to-Device]
5004258269,11936,132023,273,1,1,8,4,1,39,0.002,0.000,,,,,NVIDIA A100-SXM4-40GB MIG 4g.20gb (0),1,,13,"void channel_eq::eqMmseCoefCompLowMimoKernel<float, float, float, (unsigned int)4, (unsigned int)1, (unsigned int)4>(const channel_eq::_puschRxChEqStatDescr *, channel_eq::_puschRxChEqCoefCompDynDescr)"
5004370876,9984,132024,273,1,1,12,11,1,51,0.002,0.000,,,,,NVIDIA A100-SXM4-40GB MIG 4g.20gb (0),1,,13,"void channel_eq::eqMmseSoftDemapKernel<float, __half, __half, float, (unsigned int)4, (unsigned short)16383>(channel_eq::_puschRxChEqStatDescr *, channel_eq::_puschRxChEqSoftDemapDynDescr)"
5004487770,561434,132025,1,1,1,32,32,1,30,0.000,0.000,,,,,NVIDIA A100-SXM4-40GB MIG 4g.20gb (0),1,,13,"void convert_kernel<float2, __half2>(tensor_layout_any, T1 *, tensor_layout_any, const T2 *)"
5005144819,13568,132037,2253,1,1,128,1,1,16,0.000,0.000,,,,,NVIDIA A100-SXM4-40GB MIG 4g.20gb (0),1,,13,cupy_copy__float16_float16
5005265233,9088,132046,282,1,1,128,1,1,16,0.000,0.000,,,,,NVIDIA A100-SXM4-40GB MIG 4g.20gb (0),1,,13,cupy_copy__complex64_complex64
5005368496,5568,132055,26,1,1,128,1,1,16,0.000,0.000,,,,,NVIDIA A100-SXM4-40GB MIG 4g.20gb (0),1,,13,cupy_copy__float32_float32
5005480335,10304,132064,103,1,1,128,1,1,16,0.000,0.000,,,,,NVIDIA A100-SXM4-40GB MIG 4g.20gb (0),1,,13,cupy_copy__complex64_complex64
5005593774,16959,132074,1434,1,1,128,1,1,16,0.000,0.000,,,,,NVIDIA A100-SXM4-40GB MIG 4g.20gb (0),1,,13,cupy_copy__complex64_complex64
5005749004,268413,132079,1,1,1,32,32,1,30,0.000,0.000,,,,,NVIDIA A100-SXM4-40GB MIG 4g.20gb (0),1,,13,"void convert_kernel<__half2, float2>(tensor_layout_any, T1 *, tensor_layout_any, const T2 *)"
5006043560,6496,132082,,,,,,,,,,0.094,14423.562,Pinned,Device,NVIDIA A100-SXM4-40GB MIG 4g.20gb (0),1,,13,[CUDA memcpy Host-to-Device]
5006121959,604505,132083,,,,,,,,,,456.561,755152.622,Device,,NVIDIA A100-SXM4-40GB MIG 4g.20gb (0),1,,13,[CUDA memset]
5006734080,71200,132088,,,,,,,,,,1.235,17343.554,Pinned,Device,NVIDIA A100-SXM4-40GB MIG 4g.20gb (0),1,,13,[CUDA memcpy Host-to-Device]
5006810623,12320,132089,,,,,,,,,,0.197,15958.278,Pinned,Device,NVIDIA A100-SXM4-40GB MIG 4g.20gb (0),1,,13,[CUDA memcpy Host-to-Device]
5006921278,12288,132090,69,4,1,48,1,1,76,0.002,0.000,,,,,NVIDIA A100-SXM4-40GB MIG 4g.20gb (0),1,,13,"void ch_est::windowedChEstPreNoDftSOfdmKernel<float, __half, float, (unsigned int)2, (unsigned int)1, (unsigned short)4>(ch_est::puschRxChEstStatDescr_t *, ch_est::puschRxChEstDynDescr_t *)"
5007082204,16576,132091,137,2,1,24,2,1,44,0.001,0.001,,,,,NVIDIA A100-SXM4-40GB MIG 4g.20gb (0),1,,13,"void ch_est::chEstFilterNoDftSOfdmDispatchKernel<float, __half, float, (unsigned int)2>(ch_est::puschRxChEstStatDescr_t *, ch_est::puschRxChEstDynDescr_t *)"
5007276890,16960,132092,137,2,1,24,2,1,44,0.001,0.001,,,,,NVIDIA A100-SXM4-40GB MIG 4g.20gb (0),1,,13,"void ch_est::chEstFilterNoDftSOfdmDispatchKernel<float, __half, float, (unsigned int)2>(ch_est::puschRxChEstStatDescr_t *, ch_est::puschRxChEstDynDescr_t *)"
5007413209,7071,132103,103,1,1,128,1,1,16,0.000,0.000,,,,,NVIDIA A100-SXM4-40GB MIG 4g.20gb (0),1,,13,cupy_copy__complex64_complex64
5007584535,18975,132113,1434,1,1,128,1,1,16,0.000,0.000,,,,,NVIDIA A100-SXM4-40GB MIG 4g.20gb (0),1,,13,cupy_copy__complex64_complex64
5007743669,10112,132120,103,1,1,128,1,1,16,0.000,0.000,,,,,NVIDIA A100-SXM4-40GB MIG 4g.20gb (0),1,,13,cupy_copy__complex64_complex64
5007882931,264253,132127,1,1,1,32,32,1,30,0.000,0.000,,,,,NVIDIA A100-SXM4-40GB MIG 4g.20gb (0),1,,13,"void convert_kernel<__half2, float2>(tensor_layout_any, T1 *, tensor_layout_any, const T2 *)"
5008181360,9376,132130,,,,,,,,,,0.094,9993.147,Pinned,Device,NVIDIA A100-SXM4-40GB MIG 4g.20gb (0),1,,13,[CUDA memcpy Host-to-Device]
5008358702,52799,132131,,,,,,,,,,35.810,678204.075,Device,,NVIDIA A100-SXM4-40GB MIG 4g.20gb (0),1,,13,[CUDA memset]
5008413517,5536,132133,,,,,,,,,,0.000,14.451,Pinned,Device,NVIDIA A100-SXM4-40GB MIG 4g.20gb (0),1,,13,[CUDA memcpy Host-to-Device]
5008425741,12896,132134,,,,,,,,,,0.197,15245.574,Pinned,Device,NVIDIA A100-SXM4-40GB MIG 4g.20gb (0),1,,13,[CUDA memcpy Host-to-Device]
5008602923,19680,132135,273,1,1,48,1,1,40,0.000,0.001,,,,,NVIDIA A100-SXM4-40GB MIG 4g.20gb (0),1,,13,"void pusch_noise_intf_est::noiseIntfEstNoDftSOfdmKernel<float, __half, float, float, (unsigned int)2, (unsigned int)1, (unsigned char)4, (unsigned char)4>(pusch_noise_intf_est::puschRxNoiseIntfEstDynDescr)"
5008790249,8000,132146,35,1,1,128,1,1,16,0.000,0.000,,,,,NVIDIA A100-SXM4-40GB MIG 4g.20gb (0),1,,13,cupy_copy__complex64_complex64
5008961543,3296,132155,1,1,1,1,1,1,18,0.000,0.000,,,,,NVIDIA A100-SXM4-40GB MIG 4g.20gb (0),1,,13,cupy_copy__float32_float32
5008968967,2624,132161,,,,,,,,,,0.000,1.524,Device,Pageable,NVIDIA A100-SXM4-40GB MIG 4g.20gb (0),1,,7,[CUDA memcpy Device-to-Host]
5009117285,19328,132172,1434,1,1,128,1,1,16,0.000,0.000,,,,,NVIDIA A100-SXM4-40GB MIG 4g.20gb (0),1,,13,cupy_copy__complex64_complex64
5009276899,7296,132179,103,1,1,128,1,1,16,0.000,0.000,,,,,NVIDIA A100-SXM4-40GB MIG 4g.20gb (0),1,,13,cupy_copy__complex64_complex64
5009382914,6432,132186,35,1,1,128,1,1,16,0.000,0.000,,,,,NVIDIA A100-SXM4-40GB MIG 4g.20gb (0),1,,13,cupy_copy__complex64_complex64
5009449729,3712,132193,1,1,1,1,1,1,18,0.000,0.000,,,,,NVIDIA A100-SXM4-40GB MIG 4g.20gb (0),1,,13,cupy_copy__float32_float32
5009985627,279261,132204,1,1,1,32,32,1,30,0.000,0.000,,,,,NVIDIA A100-SXM4-40GB MIG 4g.20gb (0),1,,13,"void convert_kernel<__half2, float2>(tensor_layout_any, T1 *, tensor_layout_any, const T2 *)"
5010295351,7648,132207,,,,,,,,,,0.094,12251.033,Pinned,Device,NVIDIA A100-SXM4-40GB MIG 4g.20gb (0),1,,13,[CUDA memcpy Host-to-Device]
5010442230,7775,132208,,,,,,,,,,1.547,198922.139,Device,,NVIDIA A100-SXM4-40GB MIG 4g.20gb (0),1,,13,[CUDA memset]
5010454805,5856,132213,,,,,,,,,,0.031,5344.261,Pinned,Device,NVIDIA A100-SXM4-40GB MIG 4g.20gb (0),1,,13,[CUDA memcpy Host-to-Device]
5010464341,9760,132214,,,,,,,,,,0.197,20144.259,Pinned,Device,NVIDIA A100-SXM4-40GB MIG 4g.20gb (0),1,,13,[CUDA memcpy Host-to-Device]
5010609428,12544,132215,273,1,1,8,4,1,39,0.002,0.000,,,,,NVIDIA A100-SXM4-40GB MIG 4g.20gb (0),1,,13,"void channel_eq::eqMmseCoefCompLowMimoKernel<float, float, float, (unsigned int)4, (unsigned int)1, (unsigned int)4>(const channel_eq::_puschRxChEqStatDescr *, channel_eq::_puschRxChEqCoefCompDynDescr)"
5010775986,13984,132216,273,1,1,12,11,1,51,0.002,0.000,,,,,NVIDIA A100-SXM4-40GB MIG 4g.20gb (0),1,,13,"void channel_eq::eqMmseSoftDemapKernel<float, __half, __half, float, (unsigned int)4, (unsigned short)16383>(channel_eq::_puschRxChEqStatDescr *, channel_eq::_puschRxChEqSoftDemapDynDescr)"
5010950224,691672,132217,1,1,1,32,32,1,30,0.000,0.000,,,,,NVIDIA A100-SXM4-40GB MIG 4g.20gb (0),1,,13,"void convert_kernel<float2, __half2>(tensor_layout_any, T1 *, tensor_layout_any, const T2 *)"
5011703495,12768,132229,2253,1,1,128,1,1,16,0.000,0.000,,,,,NVIDIA A100-SXM4-40GB MIG 4g.20gb (0),1,,13,cupy_copy__float16_float16
5011824902,5952,132238,282,1,1,128,1,1,16,0.000,0.000,,,,,NVIDIA A100-SXM4-40GB MIG 4g.20gb (0),1,,13,cupy_copy__complex64_complex64
5011904901,3072,132247,26,1,1,128,1,1,16,0.000,0.000,,,,,NVIDIA A100-SXM4-40GB MIG 4g.20gb (0),1,,13,cupy_copy__float32_float32
5011996644,10528,132256,103,1,1,128,1,1,16,0.000,0.000,,,,,NVIDIA A100-SXM4-40GB MIG 4g.20gb (0),1,,13,cupy_copy__complex64_complex64
5012086563,21247,132266,1434,1,1,128,1,1,16,0.000,0.000,,,,,NVIDIA A100-SXM4-40GB MIG 4g.20gb (0),1,,13,cupy_copy__complex64_complex64
5012162594,228605,132271,1,1,1,32,32,1,30,0.000,0.000,,,,,NVIDIA A100-SXM4-40GB MIG 4g.20gb (0),1,,13,"void convert_kernel<__half2, float2>(tensor_layout_any, T1 *, tensor_layout_any, const T2 *)"
5012421727,11776,132274,,,,,,,,,,0.094,7956.477,Pinned,Device,NVIDIA A100-SXM4-40GB MIG 4g.20gb (0),1,,13,[CUDA memcpy Host-to-Device]
5012545565,607641,132275,,,,,,,,,,456.561,751043.569,Device,,NVIDIA A100-SXM4-40GB MIG 4g.20gb (0),1,,13,[CUDA memset]
5013161174,63615,132280,,,,,,,,,,1.235,19412.085,Pinned,Device,NVIDIA A100-SXM4-40GB MIG 4g.20gb (0),1,,13,[CUDA memcpy Host-to-Device]
5013235925,9856,132281,,,,,,,,,,0.197,19948.044,Pinned,Device,NVIDIA A100-SXM4-40GB MIG 4g.20gb (0),1,,13,[CUDA memcpy Host-to-Device]
5013398579,10752,132282,69,4,1,48,1,1,76,0.002,0.000,,,,,NVIDIA A100-SXM4-40GB MIG 4g.20gb (0),1,,13,"void ch_est::windowedChEstPreNoDftSOfdmKernel<float, __half, float, (unsigned int)2, (unsigned int)1, (unsigned short)4>(ch_est::puschRxChEstStatDescr_t *, ch_est::puschRxChEstDynDescr_t *)"
5013552658,21567,132283,137,2,1,24,2,1,44,0.001,0.001,,,,,NVIDIA A100-SXM4-40GB MIG 4g.20gb (0),1,,13,"void ch_est::chEstFilterNoDftSOfdmDispatchKernel<float, __half, float, (unsigned int)2>(ch_est::puschRxChEstStatDescr_t *, ch_est::puschRxChEstDynDescr_t *)"
5013625137,15040,132284,137,2,1,24,2,1,44,0.001,0.001,,,,,NVIDIA A100-SXM4-40GB MIG 4g.20gb (0),1,,13,"void ch_est::chEstFilterNoDftSOfdmDispatchKernel<float, __half, float, (unsigned int)2>(ch_est::puschRxChEstStatDescr_t *, ch_est::puschRxChEstDynDescr_t *)"
5013782767,7168,132295,103,1,1,128,1,1,16,0.000,0.000,,,,,NVIDIA A100-SXM4-40GB MIG 4g.20gb (0),1,,13,cupy_copy__complex64_complex64
5013910958,24479,132305,1434,1,1,128,1,1,16,0.000,0.000,,,,,NVIDIA A100-SXM4-40GB MIG 4g.20gb (0),1,,13,cupy_copy__complex64_complex64
5014076908,10240,132312,103,1,1,128,1,1,16,0.000,0.000,,,,,NVIDIA A100-SXM4-40GB MIG 4g.20gb (0),1,,13,cupy_copy__complex64_complex64
5014217034,286493,132319,1,1,1,32,32,1,30,0.000,0.000,,,,,NVIDIA A100-SXM4-40GB MIG 4g.20gb (0),1,,13,"void convert_kernel<__half2, float2>(tensor_layout_any, T1 *, tensor_layout_any, const T2 *)"
5014535654,9152,132322,,,,,,,,,,0.094,10237.693,Pinned,Device,NVIDIA A100-SXM4-40GB MIG 4g.20gb (0),1,,13,[CUDA memcpy Host-to-Device]
5014690949,58751,132323,,,,,,,,,,35.810,609484.838,Device,,NVIDIA A100-SXM4-40GB MIG 4g.20gb (0),1,,13,[CUDA memset]
5014758244,2112,132325,,,,,,,,,,0.000,37.879,Pinned,Device,NVIDIA A100-SXM4-40GB MIG 4g.20gb (0),1,,13,[CUDA memcpy Host-to-Device]
5014762788,9472,132326,,,,,,,,,,0.197,20756.693,Pinned,Device,NVIDIA A100-SXM4-40GB MIG 4g.20gb (0),1,,13,[CUDA memcpy Host-to-Device]
5014919490,20704,132327,273,1,1,48,1,1,40,0.000,0.001,,,,,NVIDIA A100-SXM4-40GB MIG 4g.20gb (0),1,,13,"void pusch_noise_intf_est::noiseIntfEstNoDftSOfdmKernel<float, __half, float, float, (unsigned int)2, (unsigned int)1, (unsigned char)4, (unsigned char)4>(pusch_noise_intf_est::puschRxNoiseIntfEstDynDescr)"
5015095040,10464,132338,35,1,1,128,1,1,16,0.000,0.000,,,,,NVIDIA A100-SXM4-40GB MIG 4g.20gb (0),1,,13,cupy_copy__complex64_complex64
5015200703,4896,132347,1,1,1,1,1,1,18,0.000,0.000,,,,,NVIDIA A100-SXM4-40GB MIG 4g.20gb (0),1,,13,cupy_copy__float32_float32
5015206143,7424,132353,,,,,,,,,,0.000,0.539,Device,Pageable,NVIDIA A100-SXM4-40GB MIG 4g.20gb (0),1,,7,[CUDA memcpy Device-to-Host]
5015407548,20352,132364,1434,1,1,128,1,1,16,0.000,0.000,,,,,NVIDIA A100-SXM4-40GB MIG 4g.20gb (0),1,,13,cupy_copy__complex64_complex64
5015545755,5888,132371,103,1,1,128,1,1,16,0.000,0.000,,,,,NVIDIA A100-SXM4-40GB MIG 4g.20gb (0),1,,13,cupy_copy__complex64_complex64
5015680505,8288,132378,35,1,1,128,1,1,16,0.000,0.000,,,,,NVIDIA A100-SXM4-40GB MIG 4g.20gb (0),1,,13,cupy_copy__complex64_complex64
5015771512,3552,132385,1,1,1,1,1,1,18,0.000,0.000,,,,,NVIDIA A100-SXM4-40GB MIG 4g.20gb (0),1,,13,cupy_copy__float32_float32
5015905207,284636,132396,1,1,1,32,32,1,30,0.000,0.000,,,,,NVIDIA A100-SXM4-40GB MIG 4g.20gb (0),1,,13,"void convert_kernel<__half2, float2>(tensor_layout_any, T1 *, tensor_layout_any, const T2 *)"
5016241043,6144,132399,,,,,,,,,,0.094,15249.961,Pinned,Device,NVIDIA A100-SXM4-40GB MIG 4g.20gb (0),1,,13,[CUDA memcpy Host-to-Device]
5016389233,5504,132400,,,,,,,,,,1.547,280999.928,Device,,NVIDIA A100-SXM4-40GB MIG 4g.20gb (0),1,,13,[CUDA memset]
5016403121,7872,132405,,,,,,,,,,0.031,3975.593,Pinned,Device,NVIDIA A100-SXM4-40GB MIG 4g.20gb (0),1,,13,[CUDA memcpy Host-to-Device]
5016417681,12511,132406,,,,,,,,,,0.197,15714.681,Pinned,Device,NVIDIA A100-SXM4-40GB MIG 4g.20gb (0),1,,13,[CUDA memcpy Host-to-Device]
5016590575,20095,132407,273,1,1,8,4,1,39,0.002,0.000,,,,,NVIDIA A100-SXM4-40GB MIG 4g.20gb (0),1,,13,"void channel_eq::eqMmseCoefCompLowMimoKernel<float, float, float, (unsigned int)4, (unsigned int)1, (unsigned int)4>(const channel_eq::_puschRxChEqStatDescr *, channel_eq::_puschRxChEqCoefCompDynDescr)"
5016750093,15616,132408,273,1,1,12,11,1,51,0.002,0.000,,,,,NVIDIA A100-SXM4-40GB MIG 4g.20gb (0),1,,13,"void channel_eq::eqMmseSoftDemapKernel<float, __half, __half, float, (unsigned int)4, (unsigned short)16383>(channel_eq::_puschRxChEqStatDescr *, channel_eq::_puschRxChEqSoftDemapDynDescr)"
5016914763,727063,132409,1,1,1,32,32,1,30,0.000,0.000,,,,,NVIDIA A100-SXM4-40GB MIG 4g.20gb (0),1,,13,"void convert_kernel<float2, __half2>(tensor_layout_any, T1 *, tensor_layout_any, const T2 *)"
5017737313,21056,132421,2253,1,1,128,1,1,16,0.000,0.000,,,,,NVIDIA A100-SXM4-40GB MIG 4g.20gb (0),1,,13,cupy_copy__float16_float16
5017811809,7135,132430,282,1,1,128,1,1,16,0.000,0.000,,,,,NVIDIA A100-SXM4-40GB MIG 4g.20gb (0),1,,13,cupy_copy__complex64_complex64
5017920447,4544,132439,26,1,1,128,1,1,16,0.000,0.000,,,,,NVIDIA A100-SXM4-40GB MIG 4g.20gb (0),1,,13,cupy_copy__float32_float32
5018039454,7712,132448,103,1,1,128,1,1,16,0.000,0.000,,,,,NVIDIA A100-SXM4-40GB MIG 4g.20gb (0),1,,13,cupy_copy__complex64_complex64
5018164764,17312,132458,1434,1,1,128,1,1,16,0.000,0.000,,,,,NVIDIA A100-SXM4-40GB MIG 4g.20gb (0),1,,13,cupy_copy__complex64_complex64
5018296859,286333,132463,1,1,1,32,32,1,30,0.000,0.000,,,,,NVIDIA A100-SXM4-40GB MIG 4g.20gb (0),1,,13,"void convert_kernel<__half2, float2>(tensor_layout_any, T1 *, tensor_layout_any, const T2 *)"
5018613303,5664,132466,,,,,,,,,,0.094,16542.310,Pinned,Device,NVIDIA A100-SXM4-40GB MIG 4g.20gb (0),1,,13,[CUDA memcpy Host-to-Device]
5018707094,618777,132467,,,,,,,,,,456.561,737803.287,Device,,NVIDIA A100-SXM4-40GB MIG 4g.20gb (0),1,,13,[CUDA memset]
5019332879,65119,132472,,,,,,,,,,1.235,18963.800,Pinned,Device,NVIDIA A100-SXM4-40GB MIG 4g.20gb (0),1,,13,[CUDA memcpy Host-to-Device]
5019403086,14144,132473,,,,,,,,,,0.197,13900.382,Pinned,Device,NVIDIA A100-SXM4-40GB MIG 4g.20gb (0),1,,13,[CUDA memcpy Host-to-Device]
5019568396,17312,132474,69,4,1,48,1,1,76,0.002,0.000,,,,,NVIDIA A100-SXM4-40GB MIG 4g.20gb (0),1,,13,"void ch_est::windowedChEstPreNoDftSOfdmKernel<float, __half, float, (unsigned int)2, (unsigned int)1, (unsigned short)4>(ch_est::puschRxChEstStatDescr_t *, ch_est::puschRxChEstDynDescr_t *)"
5019731210,15584,132475,137,2,1,24,2,1,44,0.001,0.001,,,,,NVIDIA A100-SXM4-40GB MIG 4g.20gb (0),1,,13,"void ch_est::chEstFilterNoDftSOfdmDispatchKernel<float, __half, float, (unsigned int)2>(ch_est::puschRxChEstStatDescr_t *, ch_est::puschRxChEstDynDescr_t *)"
5019896392,17504,132476,137,2,1,24,2,1,44,0.001,0.001,,,,,NVIDIA A100-SXM4-40GB MIG 4g.20gb (0),1,,13,"void ch_est::chEstFilterNoDftSOfdmDispatchKernel<float, __half, float, (unsigned int)2>(ch_est::puschRxChEstStatDescr_t *, ch_est::puschRxChEstDynDescr_t *)"
5020055911,6592,132487,103,1,1,128,1,1,16,0.000,0.000,,,,,NVIDIA A100-SXM4-40GB MIG 4g.20gb (0),1,,13,cupy_copy__complex64_complex64
5020204229,19296,132497,1434,1,1,128,1,1,16,0.000,0.000,,,,,NVIDIA A100-SXM4-40GB MIG 4g.20gb (0),1,,13,cupy_copy__complex64_complex64
5020374147,3840,132504,103,1,1,128,1,1,16,0.000,0.000,,,,,NVIDIA A100-SXM4-40GB MIG 4g.20gb (0),1,,13,cupy_copy__complex64_complex64
5020504609,286141,132511,1,1,1,32,32,1,30,0.000,0.000,,,,,NVIDIA A100-SXM4-40GB MIG 4g.20gb (0),1,,13,"void convert_kernel<__half2, float2>(tensor_layout_any, T1 *, tensor_layout_any, const T2 *)"
5020825278,6944,132514,,,,,,,,,,0.094,13493.067,Pinned,Device,NVIDIA A100-SXM4-40GB MIG 4g.20gb (0),1,,13,[CUDA memcpy Host-to-Device]
5020957756,51200,132515,,,,,,,,,,35.810,699403.548,Device,,NVIDIA A100-SXM4-40GB MIG 4g.20gb (0),1,,13,[CUDA memset]
5021064443,4256,132517,,,,,,,,,,0.000,18.797,Pinned,Device,NVIDIA A100-SXM4-40GB MIG 4g.20gb (0),1,,13,[CUDA memcpy Host-to-Device]
5021071419,12096,132518,,,,,,,,,,0.197,16253.780,Pinned,Device,NVIDIA A100-SXM4-40GB MIG 4g.20gb (0),1,,13,[CUDA memcpy Host-to-Device]
5021224537,21632,132519,273,1,1,48,1,1,40,0.000,0.001,,,,,NVIDIA A100-SXM4-40GB MIG 4g.20gb (0),1,,13,"void pusch_noise_intf_est::noiseIntfEstNoDftSOfdmKernel<float, __half, float, float, (unsigned int)2, (unsigned int)1, (unsigned char)4, (unsigned char)4>(pusch_noise_intf_est::puschRxNoiseIntfEstDynDescr)"
5021368375,12000,132530,35,1,1,128,1,1,16,0.000,0.000,,,,,NVIDIA A100-SXM4-40GB MIG 4g.20gb (0),1,,13,cupy_copy__complex64_complex64
5021495478,3136,132539,1,1,1,1,1,1,18,0.000,0.000,,,,,NVIDIA A100-SXM4-40GB MIG 4g.20gb (0),1,,13,cupy_copy__float32_float32
5021499798,6144,132545,,,,,,,,,,0.000,0.651,Device,Pageable,NVIDIA A100-SXM4-40GB MIG 4g.20gb (0),1,,7,[CUDA memcpy Device-to-Host]
5021688692,18912,132556,1434,1,1,128,1,1,16,0.000,0.000,,,,,NVIDIA A100-SXM4-40GB MIG 4g.20gb (0),1,,13,cupy_copy__complex64_complex64
5021797075,7775,132563,103,1,1,128,1,1,16,0.000,0.000,,,,,NVIDIA A100-SXM4-40GB MIG 4g.20gb (0),1,,13,cupy_copy__complex64_complex64
5021948625,8512,132570,35,1,1,128,1,1,16,0.000,0.000,,,,,NVIDIA A100-SXM4-40GB MIG 4g.20gb (0),1,,13,cupy_copy__complex64_complex64
5022119503,3136,132577,1,1,1,1,1,1,18,0.000,0.000,,,,,NVIDIA A100-SXM4-40GB MIG 4g.20gb (0),1,,13,cupy_copy__float32_float32
5022257933,294493,132588,1,1,1,32,32,1,30,0.000,0.000,,,,,NVIDIA A100-SXM4-40GB MIG 4g.20gb (0),1,,13,"void convert_kernel<__half2, float2>(tensor_layout_any, T1 *, tensor_layout_any, const T2 *)"
5022581833,7392,132591,,,,,,,,,,0.094,12675.289,Pinned,Device,NVIDIA A100-SXM4-40GB MIG 4g.20gb (0),1,,13,[CUDA memcpy Host-to-Device]
5022712456,5952,132592,,,,,,,,,,1.547,259848.298,Device,,NVIDIA A100-SXM4-40GB MIG 4g.20gb (0),1,,13,[CUDA memset]
5022723816,3072,132597,,,,,,,,,,0.031,10187.474,Pinned,Device,NVIDIA A100-SXM4-40GB MIG 4g.20gb (0),1,,13,[CUDA memcpy Host-to-Device]
5022730472,9888,132598,,,,,,,,,,0.197,19883.360,Pinned,Device,NVIDIA A100-SXM4-40GB MIG 4g.20gb (0),1,,13,[CUDA memcpy Host-to-Device]
5022889446,15872,132599,273,1,1,8,4,1,39,0.002,0.000,,,,,NVIDIA A100-SXM4-40GB MIG 4g.20gb (0),1,,13,"void channel_eq::eqMmseCoefCompLowMimoKernel<float, float, float, (unsigned int)4, (unsigned int)1, (unsigned int)4>(const channel_eq::_puschRxChEqStatDescr *, channel_eq::_puschRxChEqCoefCompDynDescr)"
5023049092,23136,132600,273,1,1,12,11,1,51,0.002,0.000,,,,,NVIDIA A100-SXM4-40GB MIG 4g.20gb (0),1,,13,"void channel_eq::eqMmseSoftDemapKernel<float, __half, __half, float, (unsigned int)4, (unsigned short)16383>(channel_eq::_puschRxChEqStatDescr *, channel_eq::_puschRxChEqSoftDemapDynDescr)"
5023231394,690936,132601,1,1,1,32,32,1,30,0.000,0.000,,,,,NVIDIA A100-SXM4-40GB MIG 4g.20gb (0),1,,13,"void convert_kernel<float2, __half2>(tensor_layout_any, T1 *, tensor_layout_any, const T2 *)"
5024006617,13664,132613,2253,1,1,128,1,1,16,0.000,0.000,,,,,NVIDIA A100-SXM4-40GB MIG 4g.20gb (0),1,,13,cupy_copy__float16_float16
5024166327,7968,132622,282,1,1,128,1,1,16,0.000,0.000,,,,,NVIDIA A100-SXM4-40GB MIG 4g.20gb (0),1,,13,cupy_copy__complex64_complex64
5024273206,6144,132631,26,1,1,128,1,1,16,0.000,0.000,,,,,NVIDIA A100-SXM4-40GB MIG 4g.20gb (0),1,,13,cupy_copy__float32_float32
5024402836,13472,132640,103,1,1,128,1,1,16,0.000,0.000,,,,,NVIDIA A100-SXM4-40GB MIG 4g.20gb (0),1,,13,cupy_copy__complex64_complex64
5024529363,15680,132650,1434,1,1,128,1,1,16,0.000,0.000,,,,,NVIDIA A100-SXM4-40GB MIG 4g.20gb (0),1,,13,cupy_copy__complex64_complex64
5024697009,276829,132655,1,1,1,32,32,1,30,0.000,0.000,,,,,NVIDIA A100-SXM4-40GB MIG 4g.20gb (0),1,,13,"void convert_kernel<__half2, float2>(tensor_layout_any, T1 *, tensor_layout_any, const T2 *)"
5025007277,7872,132658,,,,,,,,,,0.094,11902.390,Pinned,Device,NVIDIA A100-SXM4-40GB MIG 4g.20gb (0),1,,13,[CUDA memcpy Host-to-Device]
5025174572,625656,132659,,,,,,,,,,456.561,729585.181,Device,,NVIDIA A100-SXM4-40GB MIG 4g.20gb (0),1,,13,[CUDA memset]
5025805668,69151,132664,,,,,,,,,,1.235,17858.525,Pinned,Device,NVIDIA A100-SXM4-40GB MIG 4g.20gb (0),1,,13,[CUDA memcpy Host-to-Device]
5025877283,12736,132665,,,,,,,,,,0.197,15437.070,Pinned,Device,NVIDIA A100-SXM4-40GB MIG 4g.20gb (0),1,,13,[CUDA memcpy Host-to-Device]
5026050625,10752,132666,69,4,1,48,1,1,76,0.002,0.000,,,,,NVIDIA A100-SXM4-40GB MIG 4g.20gb (0),1,,13,"void ch_est::windowedChEstPreNoDftSOfdmKernel<float, __half, float, (unsigned int)2, (unsigned int)1, (unsigned short)4>(ch_est::puschRxChEstStatDescr_t *, ch_est::puschRxChEstDynDescr_t *)"
5026213760,23743,132667,137,2,1,24,2,1,44,0.001,0.001,,,,,NVIDIA A100-SXM4-40GB MIG 4g.20gb (0),1,,13,"void ch_est::chEstFilterNoDftSOfdmDispatchKernel<float, __half, float, (unsigned int)2>(ch_est::puschRxChEstStatDescr_t *, ch_est::puschRxChEstDynDescr_t *)"
5026396317,21056,132668,137,2,1,24,2,1,44,0.001,0.001,,,,,NVIDIA A100-SXM4-40GB MIG 4g.20gb (0),1,,13,"void ch_est::chEstFilterNoDftSOfdmDispatchKernel<float, __half, float, (unsigned int)2>(ch_est::puschRxChEstStatDescr_t *, ch_est::puschRxChEstDynDescr_t *)"
5026575451,7296,132679,103,1,1,128,1,1,16,0.000,0.000,,,,,NVIDIA A100-SXM4-40GB MIG 4g.20gb (0),1,,13,cupy_copy__complex64_complex64
5026698138,20960,132689,1434,1,1,128,1,1,16,0.000,0.000,,,,,NVIDIA A100-SXM4-40GB MIG 4g.20gb (0),1,,13,cupy_copy__complex64_complex64
5026816665,6432,132696,103,1,1,128,1,1,16,0.000,0.000,,,,,NVIDIA A100-SXM4-40GB MIG 4g.20gb (0),1,,13,cupy_copy__complex64_complex64
5026898936,245213,132703,1,1,1,32,32,1,30,0.000,0.000,,,,,NVIDIA A100-SXM4-40GB MIG 4g.20gb (0),1,,13,"void convert_kernel<__half2, float2>(tensor_layout_any, T1 *, tensor_layout_any, const T2 *)"
5027173332,9152,132706,,,,,,,,,,0.094,10237.693,Pinned,Device,NVIDIA A100-SXM4-40GB MIG 4g.20gb (0),1,,13,[CUDA memcpy Host-to-Device]
5027346674,53408,132707,,,,,,,,,,35.810,670469.132,Device,,NVIDIA A100-SXM4-40GB MIG 4g.20gb (0),1,,13,[CUDA memset]
5027404850,2208,132709,,,,,,,,,,0.000,36.232,Pinned,Device,NVIDIA A100-SXM4-40GB MIG 4g.20gb (0),1,,13,[CUDA memcpy Host-to-Device]
5027414034,11584,132710,,,,,,,,,,0.197,16972.186,Pinned,Device,NVIDIA A100-SXM4-40GB MIG 4g.20gb (0),1,,13,[CUDA memcpy Host-to-Device]
5027536816,18368,132711,273,1,1,48,1,1,40,0.000,0.001,,,,,NVIDIA A100-SXM4-40GB MIG 4g.20gb (0),1,,13,"void pusch_noise_intf_est::noiseIntfEstNoDftSOfdmKernel<float, __half, float, float, (unsigned int)2, (unsigned int)1, (unsigned char)4, (unsigned char)4>(pusch_noise_intf_est::puschRxNoiseIntfEstDynDescr)"
5027720622,6304,132722,35,1,1,128,1,1,16,0.000,0.000,,,,,NVIDIA A100-SXM4-40GB MIG 4g.20gb (0),1,,13,cupy_copy__complex64_complex64
5027885516,3232,132731,1,1,1,1,1,1,18,0.000,0.000,,,,,NVIDIA A100-SXM4-40GB MIG 4g.20gb (0),1,,13,cupy_copy__float32_float32
5027890252,5344,132737,,,,,,,,,,0.000,0.749,Device,Pageable,NVIDIA A100-SXM4-40GB MIG 4g.20gb (0),1,,7,[CUDA memcpy Device-to-Host]
5028097290,16064,132748,1434,1,1,128,1,1,16,0.000,0.000,,,,,NVIDIA A100-SXM4-40GB MIG 4g.20gb (0),1,,13,cupy_copy__complex64_complex64
5028278344,8256,132755,103,1,1,128,1,1,16,0.000,0.000,,,,,NVIDIA A100-SXM4-40GB MIG 4g.20gb (0),1,,13,cupy_copy__complex64_complex64
5028407238,6592,132762,35,1,1,128,1,1,16,0.000,0.000,,,,,NVIDIA A100-SXM4-40GB MIG 4g.20gb (0),1,,13,cupy_copy__complex64_complex64
5028581828,3232,132769,1,1,1,1,1,1,18,0.000,0.000,,,,,NVIDIA A100-SXM4-40GB MIG 4g.20gb (0),1,,13,cupy_copy__float32_float32
5028737602,267005,132780,1,1,1,32,32,1,30,0.000,0.000,,,,,NVIDIA A100-SXM4-40GB MIG 4g.20gb (0),1,,13,"void convert_kernel<__half2, float2>(tensor_layout_any, T1 *, tensor_layout_any, const T2 *)"
5029037535,13248,132783,,,,,,,,,,0.094,7072.455,Pinned,Device,NVIDIA A100-SXM4-40GB MIG 4g.20gb (0),1,,13,[CUDA memcpy Host-to-Device]
5029223645,7776,132784,,,,,,,,,,1.547,198895.846,Device,,NVIDIA A100-SXM4-40GB MIG 4g.20gb (0),1,,13,[CUDA memset]
5029233245,6816,132789,,,,,,,,,,0.031,4591.530,Pinned,Device,NVIDIA A100-SXM4-40GB MIG 4g.20gb (0),1,,13,[CUDA memcpy Host-to-Device]
5029246557,10271,132790,,,,,,,,,,0.197,19141.951,Pinned,Device,NVIDIA A100-SXM4-40GB MIG 4g.20gb (0),1,,13,[CUDA memcpy Host-to-Device]
5029418971,16255,132791,273,1,1,8,4,1,39,0.002,0.000,,,,,NVIDIA A100-SXM4-40GB MIG 4g.20gb (0),1,,13,"void channel_eq::eqMmseCoefCompLowMimoKernel<float, float, float, (unsigned int)4, (unsigned int)1, (unsigned int)4>(const channel_eq::_puschRxChEqStatDescr *, channel_eq::_puschRxChEqCoefCompDynDescr)"
5029611448,19424,132792,273,1,1,12,11,1,51,0.002,0.000,,,,,NVIDIA A100-SXM4-40GB MIG 4g.20gb (0),1,,13,"void channel_eq::eqMmseSoftDemapKernel<float, __half, __half, float, (unsigned int)4, (unsigned short)16383>(channel_eq::_puschRxChEqStatDescr *, channel_eq::_puschRxChEqSoftDemapDynDescr)"
5029753239,656024,132793,1,1,1,32,32,1,30,0.000,0.000,,,,,NVIDIA A100-SXM4-40GB MIG 4g.20gb (0),1,,13,"void convert_kernel<float2, __half2>(tensor_layout_any, T1 *, tensor_layout_any, const T2 *)"
5030530734,20672,132805,2253,1,1,128,1,1,16,0.000,0.000,,,,,NVIDIA A100-SXM4-40GB MIG 4g.20gb (0),1,,13,cupy_copy__float16_float16
5030673196,7104,132814,282,1,1,128,1,1,16,0.000,0.000,,,,,NVIDIA A100-SXM4-40GB MIG 4g.20gb (0),1,,13,cupy_copy__complex64_complex64
5031307621,7808,132823,26,1,1,128,1,1,16,0.000,0.000,,,,,NVIDIA A100-SXM4-40GB MIG 4g.20gb (0),1,,13,cupy_copy__float32_float32
5031441091,6720,132832,103,1,1,128,1,1,16,0.000,0.000,,,,,NVIDIA A100-SXM4-40GB MIG 4g.20gb (0),1,,13,cupy_copy__complex64_complex64
5031630977,16576,132848,1434,1,1,128,1,1,16,0.000,0.000,,,,,NVIDIA A100-SXM4-40GB MIG 4g.20gb (0),1,,13,cupy_copy__complex64_complex64
5031800191,258845,132853,1,1,1,32,32,1,30,0.000,0.000,,,,,NVIDIA A100-SXM4-40GB MIG 4g.20gb (0),1,,13,"void convert_kernel<__half2, float2>(tensor_layout_any, T1 *, tensor_layout_any, const T2 *)"
5032093532,10304,132856,,,,,,,,,,0.094,9093.103,Pinned,Device,NVIDIA A100-SXM4-40GB MIG 4g.20gb (0),1,,13,[CUDA memcpy Host-to-Device]
5032212506,628569,132857,,,,,,,,,,456.561,725932.690,Device,,NVIDIA A100-SXM4-40GB MIG 4g.20gb (0),1,,13,[CUDA memset]
5032848531,70495,132862,,,,,,,,,,1.235,17517.681,Pinned,Device,NVIDIA A100-SXM4-40GB MIG 4g.20gb (0),1,,13,[CUDA memcpy Host-to-Device]
5032921842,16480,132863,,,,,,,,,,0.197,11929.977,Pinned,Device,NVIDIA A100-SXM4-40GB MIG 4g.20gb (0),1,,13,[CUDA memcpy Host-to-Device]
5033121520,12864,132864,69,4,1,48,1,1,76,0.002,0.000,,,,,NVIDIA A100-SXM4-40GB MIG 4g.20gb (0),1,,13,"void ch_est::windowedChEstPreNoDftSOfdmKernel<float, __half, float, (unsigned int)2, (unsigned int)1, (unsigned short)4>(ch_est::puschRxChEstStatDescr_t *, ch_est::puschRxChEstDynDescr_t *)"
5033312366,11200,132865,137,2,1,24,2,1,44,0.001,0.001,,,,,NVIDIA A100-SXM4-40GB MIG 4g.20gb (0),1,,13,"void ch_est::chEstFilterNoDftSOfdmDispatchKernel<float, __half, float, (unsigned int)2>(ch_est::puschRxChEstStatDescr_t *, ch_est::puschRxChEstDynDescr_t *)"
5033506731,12448,132866,137,2,1,24,2,1,44,0.001,0.001,,,,,NVIDIA A100-SXM4-40GB MIG 4g.20gb (0),1,,13,"void ch_est::chEstFilterNoDftSOfdmDispatchKernel<float, __half, float, (unsigned int)2>(ch_est::puschRxChEstStatDescr_t *, ch_est::puschRxChEstDynDescr_t *)"
5033741673,11360,132877,103,1,1,128,1,1,16,0.000,0.000,,,,,NVIDIA A100-SXM4-40GB MIG 4g.20gb (0),1,,13,cupy_copy__complex64_complex64
5033853703,19008,132887,1434,1,1,128,1,1,16,0.000,0.000,,,,,NVIDIA A100-SXM4-40GB MIG 4g.20gb (0),1,,13,cupy_copy__complex64_complex64
5034016742,4031,132894,103,1,1,128,1,1,16,0.000,0.000,,,,,NVIDIA A100-SXM4-40GB MIG 4g.20gb (0),1,,13,cupy_copy__complex64_complex64
5034108516,265437,132901,1,1,1,32,32,1,30,0.000,0.000,,,,,NVIDIA A100-SXM4-40GB MIG 4g.20gb (0),1,,13,"void convert_kernel<__half2, float2>(tensor_layout_any, T1 *, tensor_layout_any, const T2 *)"
5034405313,33600,132904,,,,,,,,,,0.094,2788.487,Pinned,Device,NVIDIA A100-SXM4-40GB MIG 4g.20gb (0),1,,13,[CUDA memcpy Host-to-Device]
5034945051,56159,132905,,,,,,,,,,35.810,637631.436,Device,,NVIDIA A100-SXM4-40GB MIG 4g.20gb (0),1,,13,[CUDA memset]
5035006618,3904,132907,,,,,,,,,,0.000,20.492,Pinned,Device,NVIDIA A100-SXM4-40GB MIG 4g.20gb (0),1,,13,[CUDA memcpy Host-to-Device]
5035013434,9792,132908,,,,,,,,,,0.197,20078.395,Pinned,Device,NVIDIA A100-SXM4-40GB MIG 4g.20gb (0),1,,13,[CUDA memcpy Host-to-Device]
5035173176,22720,132909,273,1,1,48,1,1,40,0.000,0.001,,,,,NVIDIA A100-SXM4-40GB MIG 4g.20gb (0),1,,13,"void pusch_noise_intf_est::noiseIntfEstNoDftSOfdmKernel<float, __half, float, float, (unsigned int)2, (unsigned int)1, (unsigned char)4, (unsigned char)4>(pusch_noise_intf_est::puschRxNoiseIntfEstDynDescr)"
5035339830,4032,132920,35,1,1,128,1,1,16,0.000,0.000,,,,,NVIDIA A100-SXM4-40GB MIG 4g.20gb (0),1,,13,cupy_copy__complex64_complex64
5035498132,5056,132929,1,1,1,1,1,1,18,0.000,0.000,,,,,NVIDIA A100-SXM4-40GB MIG 4g.20gb (0),1,,13,cupy_copy__float32_float32
5035511444,1632,132935,,,,,,,,,,0.000,2.451,Device,Pageable,NVIDIA A100-SXM4-40GB MIG 4g.20gb (0),1,,7,[CUDA memcpy Device-to-Host]
5035684882,17184,132946,1434,1,1,128,1,1,16,0.000,0.000,,,,,NVIDIA A100-SXM4-40GB MIG 4g.20gb (0),1,,13,cupy_copy__complex64_complex64
5035841392,7872,132953,103,1,1,128,1,1,16,0.000,0.000,,,,,NVIDIA A100-SXM4-40GB MIG 4g.20gb (0),1,,13,cupy_copy__complex64_complex64
5035990639,7872,132960,35,1,1,128,1,1,16,0.000,0.000,,,,,NVIDIA A100-SXM4-40GB MIG 4g.20gb (0),1,,13,cupy_copy__complex64_complex64
5036117613,3424,132967,1,1,1,1,1,1,18,0.000,0.000,,,,,NVIDIA A100-SXM4-40GB MIG 4g.20gb (0),1,,13,cupy_copy__float32_float32
5036248940,288124,132978,1,1,1,32,32,1,30,0.000,0.000,,,,,NVIDIA A100-SXM4-40GB MIG 4g.20gb (0),1,,13,"void convert_kernel<__half2, float2>(tensor_layout_any, T1 *, tensor_layout_any, const T2 *)"
5036568744,9120,132981,,,,,,,,,,0.094,10273.673,Pinned,Device,NVIDIA A100-SXM4-40GB MIG 4g.20gb (0),1,,13,[CUDA memcpy Host-to-Device]
5036635655,5824,132982,,,,,,,,,,1.547,265559.981,Device,,NVIDIA A100-SXM4-40GB MIG 4g.20gb (0),1,,13,[CUDA memset]
5036649959,7200,132987,,,,,,,,,,0.031,4346.639,Pinned,Device,NVIDIA A100-SXM4-40GB MIG 4g.20gb (0),1,,13,[CUDA memcpy Host-to-Device]
5036660039,10784,132988,,,,,,,,,,0.197,18231.263,Pinned,Device,NVIDIA A100-SXM4-40GB MIG 4g.20gb (0),1,,13,[CUDA memcpy Host-to-Device]
5036750630,19840,132989,273,1,1,8,4,1,39,0.002,0.000,,,,,NVIDIA A100-SXM4-40GB MIG 4g.20gb (0),1,,13,"void channel_eq::eqMmseCoefCompLowMimoKernel<float, float, float, (unsigned int)4, (unsigned int)1, (unsigned int)4>(const channel_eq::_puschRxChEqStatDescr *, channel_eq::_puschRxChEqCoefCompDynDescr)"
5036880324,13056,132990,273,1,1,12,11,1,51,0.002,0.000,,,,,NVIDIA A100-SXM4-40GB MIG 4g.20gb (0),1,,13,"void channel_eq::eqMmseSoftDemapKernel<float, __half, __half, float, (unsigned int)4, (unsigned short)16383>(channel_eq::_puschRxChEqStatDescr *, channel_eq::_puschRxChEqSoftDemapDynDescr)"
5037009443,671672,132991,1,1,1,32,32,1,30,0.000,0.000,,,,,NVIDIA A100-SXM4-40GB MIG 4g.20gb (0),1,,13,"void convert_kernel<float2, __half2>(tensor_layout_any, T1 *, tensor_layout_any, const T2 *)"
5037802490,21120,133003,2253,1,1,128,1,1,16,0.000,0.000,,,,,NVIDIA A100-SXM4-40GB MIG 4g.20gb (0),1,,13,cupy_copy__float16_float16
5037924248,5824,133012,282,1,1,128,1,1,16,0.000,0.000,,,,,NVIDIA A100-SXM4-40GB MIG 4g.20gb (0),1,,13,cupy_copy__complex64_complex64
5038068727,5024,133021,26,1,1,128,1,1,16,0.000,0.000,,,,,NVIDIA A100-SXM4-40GB MIG 4g.20gb (0),1,,13,cupy_copy__float32_float32
5038190805,11136,133030,103,1,1,128,1,1,16,0.000,0.000,,,,,NVIDIA A100-SXM4-40GB MIG 4g.20gb (0),1,,13,cupy_copy__complex64_complex64
5038339284,18783,133040,1434,1,1,128,1,1,16,0.000,0.000,,,,,NVIDIA A100-SXM4-40GB MIG 4g.20gb (0),1,,13,cupy_copy__complex64_complex64
5038510546,296924,133045,1,1,1,32,32,1,30,0.000,0.000,,,,,NVIDIA A100-SXM4-40GB MIG 4g.20gb (0),1,,13,"void convert_kernel<__half2, float2>(tensor_layout_any, T1 *, tensor_layout_any, const T2 *)"
5038842286,9600,133048,,,,,,,,,,0.094,9759.938,Pinned,Device,NVIDIA A100-SXM4-40GB MIG 4g.20gb (0),1,,13,[CUDA memcpy Host-to-Device]
5038998668,622489,133049,,,,,,,,,,456.561,733237.673,Device,,NVIDIA A100-SXM4-40GB MIG 4g.20gb (0),1,,13,[CUDA memset]
5039627173,64031,133054,,,,,,,,,,1.235,19286.120,Pinned,Device,NVIDIA A100-SXM4-40GB MIG 4g.20gb (0),1,,13,[CUDA memcpy Host-to-Device]
5039694500,12544,133055,,,,,,,,,,0.197,15673.393,Pinned,Device,NVIDIA A100-SXM4-40GB MIG 4g.20gb (0),1,,13,[CUDA memcpy Host-to-Device]
5039888866,15744,133056,69,4,1,48,1,1,76,0.002,0.000,,,,,NVIDIA A100-SXM4-40GB MIG 4g.20gb (0),1,,13,"void ch_est::windowedChEstPreNoDftSOfdmKernel<float, __half, float, (unsigned int)2, (unsigned int)1, (unsigned short)4>(ch_est::puschRxChEstStatDescr_t *, ch_est::puschRxChEstDynDescr_t *)"
5040016640,12704,133057,137,2,1,24,2,1,44,0.001,0.001,,,,,NVIDIA A100-SXM4-40GB MIG 4g.20gb (0),1,,13,"void ch_est::chEstFilterNoDftSOfdmDispatchKernel<float, __half, float, (unsigned int)2>(ch_est::puschRxChEstStatDescr_t *, ch_est::puschRxChEstDynDescr_t *)"
5040150175,14144,133058,137,2,1,24,2,1,44,0.001,0.001,,,,,NVIDIA A100-SXM4-40GB MIG 4g.20gb (0),1,,13,"void ch_est::chEstFilterNoDftSOfdmDispatchKernel<float, __half, float, (unsigned int)2>(ch_est::puschRxChEstStatDescr_t *, ch_est::puschRxChEstDynDescr_t *)"
5040277501,4320,133069,103,1,1,128,1,1,16,0.000,0.000,,,,,NVIDIA A100-SXM4-40GB MIG 4g.20gb (0),1,,13,cupy_copy__complex64_complex64
5040393884,20896,133079,1434,1,1,128,1,1,16,0.000,0.000,,,,,NVIDIA A100-SXM4-40GB MIG 4g.20gb (0),1,,13,cupy_copy__complex64_complex64
5040471899,4800,133086,103,1,1,128,1,1,16,0.000,0.000,,,,,NVIDIA A100-SXM4-40GB MIG 4g.20gb (0),1,,13,cupy_copy__complex64_complex64
5040600410,284860,133093,1,1,1,32,32,1,30,0.000,0.000,,,,,NVIDIA A100-SXM4-40GB MIG 4g.20gb (0),1,,13,"void convert_kernel<__half2, float2>(tensor_layout_any, T1 *, tensor_layout_any, const T2 *)"
5040915926,9664,133096,,,,,,,,,,0.094,9695.287,Pinned,Device,NVIDIA A100-SXM4-40GB MIG 4g.20gb (0),1,,13,[CUDA memcpy Host-to-Device]
5041059092,52160,133097,,,,,,,,,,35.810,686511.976,Device,,NVIDIA A100-SXM4-40GB MIG 4g.20gb (0),1,,13,[CUDA memset]
5041114932,1984,133099,,,,,,,,,,0.000,40.323,Pinned,Device,NVIDIA A100-SXM4-40GB MIG 4g.20gb (0),1,,13,[CUDA memcpy Host-to-Device]
5041123636,15807,133100,,,,,,,,,,0.197,12438.012,Pinned,Device,NVIDIA A100-SXM4-40GB MIG 4g.20gb (0),1,,13,[CUDA memcpy Host-to-Device]
5041291538,16607,133101,273,1,1,48,1,1,40,0.000,0.001,,,,,NVIDIA A100-SXM4-40GB MIG 4g.20gb (0),1,,13,"void pusch_noise_intf_est::noiseIntfEstNoDftSOfdmKernel<float, __half, float, float, (unsigned int)2, (unsigned int)1, (unsigned char)4, (unsigned char)4>(pusch_noise_intf_est::puschRxNoiseIntfEstDynDescr)"
5041447856,7104,133112,35,1,1,128,1,1,16,0.000,0.000,,,,,NVIDIA A100-SXM4-40GB MIG 4g.20gb (0),1,,13,cupy_copy__complex64_complex64
5041591534,4672,133121,1,1,1,1,1,1,18,0.000,0.000,,,,,NVIDIA A100-SXM4-40GB MIG 4g.20gb (0),1,,13,cupy_copy__float32_float32
5041602862,3200,133127,,,,,,,,,,0.000,1.250,Device,Pageable,NVIDIA A100-SXM4-40GB MIG 4g.20gb (0),1,,7,[CUDA memcpy Device-to-Host]
5041782668,17440,133138,1434,1,1,128,1,1,16,0.000,0.000,,,,,NVIDIA A100-SXM4-40GB MIG 4g.20gb (0),1,,13,cupy_copy__complex64_complex64
5041930570,7168,133145,103,1,1,128,1,1,16,0.000,0.000,,,,,NVIDIA A100-SXM4-40GB MIG 4g.20gb (0),1,,13,cupy_copy__complex64_complex64
5042073129,7007,133152,35,1,1,128,1,1,16,0.000,0.000,,,,,NVIDIA A100-SXM4-40GB MIG 4g.20gb (0),1,,13,cupy_copy__complex64_complex64
5042200199,2848,133159,1,1,1,1,1,1,18,0.000,0.000,,,,,NVIDIA A100-SXM4-40GB MIG 4g.20gb (0),1,,13,cupy_copy__float32_float32
5042284742,264541,133170,1,1,1,32,32,1,30,0.000,0.000,,,,,NVIDIA A100-SXM4-40GB MIG 4g.20gb (0),1,,13,"void convert_kernel<__half2, float2>(tensor_layout_any, T1 *, tensor_layout_any, const T2 *)"
5042579523,8992,133173,,,,,,,,,,0.094,10419.838,Pinned,Device,NVIDIA A100-SXM4-40GB MIG 4g.20gb (0),1,,13,[CUDA memcpy Host-to-Device]
5042675266,9727,133174,,,,,,,,,,1.547,159002.227,Device,,NVIDIA A100-SXM4-40GB MIG 4g.20gb (0),1,,13,[CUDA memset]
5042687873,5248,133179,,,,,,,,,,0.031,5963.390,Pinned,Device,NVIDIA A100-SXM4-40GB MIG 4g.20gb (0),1,,13,[CUDA memcpy Host-to-Device]
5042698977,12832,133180,,,,,,,,,,0.197,15321.661,Pinned,Device,NVIDIA A100-SXM4-40GB MIG 4g.20gb (0),1,,13,[CUDA memcpy Host-to-Device]
5042832128,21088,133181,273,1,1,8,4,1,39,0.002,0.000,,,,,NVIDIA A100-SXM4-40GB MIG 4g.20gb (0),1,,13,"void channel_eq::eqMmseCoefCompLowMimoKernel<float, float, float, (unsigned int)4, (unsigned int)1, (unsigned int)4>(const channel_eq::_puschRxChEqStatDescr *, channel_eq::_puschRxChEqCoefCompDynDescr)"
5042915391,11424,133182,273,1,1,12,11,1,51,0.002,0.000,,,,,NVIDIA A100-SXM4-40GB MIG 4g.20gb (0),1,,13,"void channel_eq::eqMmseSoftDemapKernel<float, __half, __half, float, (unsigned int)4, (unsigned short)16383>(channel_eq::_puschRxChEqStatDescr *, channel_eq::_puschRxChEqSoftDemapDynDescr)"
5043018334,727479,133183,1,1,1,32,32,1,30,0.000,0.000,,,,,NVIDIA A100-SXM4-40GB MIG 4g.20gb (0),1,,13,"void convert_kernel<float2, __half2>(tensor_layout_any, T1 *, tensor_layout_any, const T2 *)"
5043816276,14976,133195,2253,1,1,128,1,1,16,0.000,0.000,,,,,NVIDIA A100-SXM4-40GB MIG 4g.20gb (0),1,,13,cupy_copy__float16_float16
5043962579,7840,133204,282,1,1,128,1,1,16,0.000,0.000,,,,,NVIDIA A100-SXM4-40GB MIG 4g.20gb (0),1,,13,cupy_copy__complex64_complex64
5044086545,6144,133213,26,1,1,128,1,1,16,0.000,0.000,,,,,NVIDIA A100-SXM4-40GB MIG 4g.20gb (0),1,,13,cupy_copy__float32_float32
5044190960,9344,133222,103,1,1,128,1,1,16,0.000,0.000,,,,,NVIDIA A100-SXM4-40GB MIG 4g.20gb (0),1,,13,cupy_copy__complex64_complex64
5044290191,18880,133232,1434,1,1,128,1,1,16,0.000,0.000,,,,,NVIDIA A100-SXM4-40GB MIG 4g.20gb (0),1,,13,cupy_copy__complex64_complex64
5044382638,268957,133237,1,1,1,32,32,1,30,0.000,0.000,,,,,NVIDIA A100-SXM4-40GB MIG 4g.20gb (0),1,,13,"void convert_kernel<__half2, float2>(tensor_layout_any, T1 *, tensor_layout_any, const T2 *)"
5044682538,11424,133240,,,,,,,,,,0.094,8201.679,Pinned,Device,NVIDIA A100-SXM4-40GB MIG 4g.20gb (0),1,,13,[CUDA memcpy Host-to-Device]
5044828329,627417,133241,,,,,,,,,,456.561,727302.374,Device,,NVIDIA A100-SXM4-40GB MIG 4g.20gb (0),1,,13,[CUDA memset]
5045458689,67776,133246,,,,,,,,,,1.235,18220.364,Pinned,Device,NVIDIA A100-SXM4-40GB MIG 4g.20gb (0),1,,13,[CUDA memcpy Host-to-Device]
5045529409,11616,133247,,,,,,,,,,0.197,16925.590,Pinned,Device,NVIDIA A100-SXM4-40GB MIG 4g.20gb (0),1,,13,[CUDA memcpy Host-to-Device]
5045656511,23616,133248,69,4,1,48,1,1,76,0.002,0.000,,,,,NVIDIA A100-SXM4-40GB MIG 4g.20gb (0),1,,13,"void ch_est::windowedChEstPreNoDftSOfdmKernel<float, __half, float, (unsigned int)2, (unsigned int)1, (unsigned short)4>(ch_est::puschRxChEstStatDescr_t *, ch_est::puschRxChEstDynDescr_t *)"
5045714527,14623,133249,137,2,1,24,2,1,44,0.001,0.001,,,,,NVIDIA A100-SXM4-40GB MIG 4g.20gb (0),1,,13,"void ch_est::chEstFilterNoDftSOfdmDispatchKernel<float, __half, float, (unsigned int)2>(ch_est::puschRxChEstStatDescr_t *, ch_est::puschRxChEstDynDescr_t *)"
5045866397,15712,133250,137,2,1,24,2,1,44,0.001,0.001,,,,,NVIDIA A100-SXM4-40GB MIG 4g.20gb (0),1,,13,"void ch_est::chEstFilterNoDftSOfdmDispatchKernel<float, __half, float, (unsigned int)2>(ch_est::puschRxChEstStatDescr_t *, ch_est::puschRxChEstDynDescr_t *)"
5046028251,5504,133261,103,1,1,128,1,1,16,0.000,0.000,,,,,NVIDIA A100-SXM4-40GB MIG 4g.20gb (0),1,,13,cupy_copy__complex64_complex64
5046170393,19200,133271,1434,1,1,128,1,1,16,0.000,0.000,,,,,NVIDIA A100-SXM4-40GB MIG 4g.20gb (0),1,,13,cupy_copy__complex64_complex64
5046329815,5344,133278,103,1,1,128,1,1,16,0.000,0.000,,,,,NVIDIA A100-SXM4-40GB MIG 4g.20gb (0),1,,13,cupy_copy__complex64_complex64
5046489366,287516,133285,1,1,1,32,32,1,30,0.000,0.000,,,,,NVIDIA A100-SXM4-40GB MIG 4g.20gb (0),1,,13,"void convert_kernel<__half2, float2>(tensor_layout_any, T1 *, tensor_layout_any, const T2 *)"
5046806034,6592,133288,,,,,,,,,,0.094,14213.590,Pinned,Device,NVIDIA A100-SXM4-40GB MIG 4g.20gb (0),1,,13,[CUDA memcpy Host-to-Device]
5046984784,51711,133289,,,,,,,,,,35.810,692492.233,Device,,NVIDIA A100-SXM4-40GB MIG 4g.20gb (0),1,,13,[CUDA memset]
5047044847,2944,133291,,,,,,,,,,0.000,27.174,Pinned,Device,NVIDIA A100-SXM4-40GB MIG 4g.20gb (0),1,,13,[CUDA memcpy Host-to-Device]
5047050351,9504,133292,,,,,,,,,,0.197,20686.701,Pinned,Device,NVIDIA A100-SXM4-40GB MIG 4g.20gb (0),1,,13,[CUDA memcpy Host-to-Device]
5047306604,23872,133293,273,1,1,48,1,1,40,0.000,0.001,,,,,NVIDIA A100-SXM4-40GB MIG 4g.20gb (0),1,,13,"void pusch_noise_intf_est::noiseIntfEstNoDftSOfdmKernel<float, __half, float, float, (unsigned int)2, (unsigned int)1, (unsigned char)4, (unsigned char)4>(pusch_noise_intf_est::puschRxNoiseIntfEstDynDescr)"
5047508490,9888,133304,35,1,1,128,1,1,16,0.000,0.000,,,,,NVIDIA A100-SXM4-40GB MIG 4g.20gb (0),1,,13,cupy_copy__complex64_complex64
5047737191,4288,133313,1,1,1,1,1,1,18,0.000,0.000,,,,,NVIDIA A100-SXM4-40GB MIG 4g.20gb (0),1,,13,cupy_copy__float32_float32
5047749447,1792,133319,,,,,,,,,,0.000,2.232,Device,Pageable,NVIDIA A100-SXM4-40GB MIG 4g.20gb (0),1,,7,[CUDA memcpy Device-to-Host]
5047967237,18271,133330,1434,1,1,128,1,1,16,0.000,0.000,,,,,NVIDIA A100-SXM4-40GB MIG 4g.20gb (0),1,,13,cupy_copy__complex64_complex64
5048083299,7456,133337,103,1,1,128,1,1,16,0.000,0.000,,,,,NVIDIA A100-SXM4-40GB MIG 4g.20gb (0),1,,13,cupy_copy__complex64_complex64
5048205826,5504,133344,35,1,1,128,1,1,16,0.000,0.000,,,,,NVIDIA A100-SXM4-40GB MIG 4g.20gb (0),1,,13,cupy_copy__complex64_complex64
5048295937,4192,133351,1,1,1,1,1,1,18,0.000,0.000,,,,,NVIDIA A100-SXM4-40GB MIG 4g.20gb (0),1,,13,cupy_copy__float32_float32
5048374432,235613,133362,1,1,1,32,32,1,30,0.000,0.000,,,,,NVIDIA A100-SXM4-40GB MIG 4g.20gb (0),1,,13,"void convert_kernel<__half2, float2>(tensor_layout_any, T1 *, tensor_layout_any, const T2 *)"
5048644893,5600,133365,,,,,,,,,,0.094,16731.388,Pinned,Device,NVIDIA A100-SXM4-40GB MIG 4g.20gb (0),1,,13,[CUDA memcpy Host-to-Device]
5048753339,6240,133366,,,,,,,,,,1.547,247855.776,Device,,NVIDIA A100-SXM4-40GB MIG 4g.20gb (0),1,,13,[CUDA memset]
5048765019,5952,133371,,,,,,,,,,0.031,5258.041,Pinned,Device,NVIDIA A100-SXM4-40GB MIG 4g.20gb (0),1,,13,[CUDA memcpy Host-to-Device]
5048773435,12416,133372,,,,,,,,,,0.197,15835.005,Pinned,Device,NVIDIA A100-SXM4-40GB MIG 4g.20gb (0),1,,13,[CUDA memcpy Host-to-Device]
5048886330,11136,133373,273,1,1,8,4,1,39,0.002,0.000,,,,,NVIDIA A100-SXM4-40GB MIG 4g.20gb (0),1,,13,"void channel_eq::eqMmseCoefCompLowMimoKernel<float, float, float, (unsigned int)4, (unsigned int)1, (unsigned int)4>(const channel_eq::_puschRxChEqStatDescr *, channel_eq::_puschRxChEqCoefCompDynDescr)"
5048989593,12768,133374,273,1,1,12,11,1,51,0.002,0.000,,,,,NVIDIA A100-SXM4-40GB MIG 4g.20gb (0),1,,13,"void channel_eq::eqMmseSoftDemapKernel<float, __half, __half, float, (unsigned int)4, (unsigned short)16383>(channel_eq::_puschRxChEqStatDescr *, channel_eq::_puschRxChEqSoftDemapDynDescr)"
5049113047,588858,133375,1,1,1,32,32,1,30,0.000,0.000,,,,,NVIDIA A100-SXM4-40GB MIG 4g.20gb (0),1,,13,"void convert_kernel<float2, __half2>(tensor_layout_any, T1 *, tensor_layout_any, const T2 *)"
5049788368,15935,133387,2253,1,1,128,1,1,16,0.000,0.000,,,,,NVIDIA A100-SXM4-40GB MIG 4g.20gb (0),1,,13,cupy_copy__float16_float16
5049895374,7552,133396,282,1,1,128,1,1,16,0.000,0.000,,,,,NVIDIA A100-SXM4-40GB MIG 4g.20gb (0),1,,13,cupy_copy__complex64_complex64
5050014637,3392,133405,26,1,1,128,1,1,16,0.000,0.000,,,,,NVIDIA A100-SXM4-40GB MIG 4g.20gb (0),1,,13,cupy_copy__float32_float32
5050105452,14144,133414,103,1,1,128,1,1,16,0.000,0.000,,,,,NVIDIA A100-SXM4-40GB MIG 4g.20gb (0),1,,13,cupy_copy__complex64_complex64
5050187435,18016,133424,1434,1,1,128,1,1,16,0.000,0.000,,,,,NVIDIA A100-SXM4-40GB MIG 4g.20gb (0),1,,13,cupy_copy__complex64_complex64
5050297770,234525,133429,1,1,1,32,32,1,30,0.000,0.000,,,,,NVIDIA A100-SXM4-40GB MIG 4g.20gb (0),1,,13,"void convert_kernel<__half2, float2>(tensor_layout_any, T1 *, tensor_layout_any, const T2 *)"
5050561831,6720,133432,,,,,,,,,,0.094,13942.808,Pinned,Device,NVIDIA A100-SXM4-40GB MIG 4g.20gb (0),1,,13,[CUDA memcpy Host-to-Device]
5050767108,618489,133433,,,,,,,,,,456.561,737803.287,Device,,NVIDIA A100-SXM4-40GB MIG 4g.20gb (0),1,,13,[CUDA memset]
5051391805,62143,133438,,,,,,,,,,1.235,19871.484,Pinned,Device,NVIDIA A100-SXM4-40GB MIG 4g.20gb (0),1,,13,[CUDA memcpy Host-to-Device]
5051456796,16512,133439,,,,,,,,,,0.197,11906.974,Pinned,Device,NVIDIA A100-SXM4-40GB MIG 4g.20gb (0),1,,13,[CUDA memcpy Host-to-Device]
5051720153,11840,133440,69,4,1,48,1,1,76,0.002,0.000,,,,,NVIDIA A100-SXM4-40GB MIG 4g.20gb (0),1,,13,"void ch_est::windowedChEstPreNoDftSOfdmKernel<float, __half, float, (unsigned int)2, (unsigned int)1, (unsigned short)4>(ch_est::puschRxChEstStatDescr_t *, ch_est::puschRxChEstDynDescr_t *)"
5051911799,15360,133441,137,2,1,24,2,1,44,0.001,0.001,,,,,NVIDIA A100-SXM4-40GB MIG 4g.20gb (0),1,,13,"void ch_est::chEstFilterNoDftSOfdmDispatchKernel<float, __half, float, (unsigned int)2>(ch_est::puschRxChEstStatDescr_t *, ch_est::puschRxChEstDynDescr_t *)"
5052120821,15999,133442,137,2,1,24,2,1,44,0.001,0.001,,,,,NVIDIA A100-SXM4-40GB MIG 4g.20gb (0),1,,13,"void ch_est::chEstFilterNoDftSOfdmDispatchKernel<float, __half, float, (unsigned int)2>(ch_est::puschRxChEstStatDescr_t *, ch_est::puschRxChEstDynDescr_t *)"
5052352850,5120,133453,103,1,1,128,1,1,16,0.000,0.000,,,,,NVIDIA A100-SXM4-40GB MIG 4g.20gb (0),1,,13,cupy_copy__complex64_complex64
5052561616,20511,133463,1434,1,1,128,1,1,16,0.000,0.000,,,,,NVIDIA A100-SXM4-40GB MIG 4g.20gb (0),1,,13,cupy_copy__complex64_complex64
5052792205,7200,133470,103,1,1,128,1,1,16,0.000,0.000,,,,,NVIDIA A100-SXM4-40GB MIG 4g.20gb (0),1,,13,cupy_copy__complex64_complex64
5053066314,281564,133477,1,1,1,32,32,1,30,0.000,0.000,,,,,NVIDIA A100-SXM4-40GB MIG 4g.20gb (0),1,,13,"void convert_kernel<__half2, float2>(tensor_layout_any, T1 *, tensor_layout_any, const T2 *)"
5053379718,11712,133480,,,,,,,,,,0.094,7999.952,Pinned,Device,NVIDIA A100-SXM4-40GB MIG 4g.20gb (0),1,,13,[CUDA memcpy Host-to-Device]
5053653251,55583,133481,,,,,,,,,,35.810,644256.271,Device,,NVIDIA A100-SXM4-40GB MIG 4g.20gb (0),1,,13,[CUDA memset]
5053709602,5728,133483,,,,,,,,,,0.000,13.966,Pinned,Device,NVIDIA A100-SXM4-40GB MIG 4g.20gb (0),1,,13,[CUDA memcpy Host-to-Device]
5053723074,11104,133484,,,,,,,,,,0.197,17705.927,Pinned,Device,NVIDIA A100-SXM4-40GB MIG 4g.20gb (0),1,,13,[CUDA memcpy Host-to-Device]
5054015871,24479,133485,273,1,1,48,1,1,40,0.000,0.001,,,,,NVIDIA A100-SXM4-40GB MIG 4g.20gb (0),1,,13,"void pusch_noise_intf_est::noiseIntfEstNoDftSOfdmKernel<float, __half, float, float, (unsigned int)2, (unsigned int)1, (unsigned char)4, (unsigned char)4>(pusch_noise_intf_est::puschRxNoiseIntfEstDynDescr)"
5054304891,8928,133496,35,1,1,128,1,1,16,0.000,0.000,,,,,NVIDIA A100-SXM4-40GB MIG 4g.20gb (0),1,,13,cupy_copy__complex64_complex64
5054576536,3264,133505,1,1,1,1,1,1,18,0.000,0.000,,,,,NVIDIA A100-SXM4-40GB MIG 4g.20gb (0),1,,13,cupy_copy__float32_float32
5054581528,2816,133511,,,,,,,,,,0.000,1.420,Device,Pageable,NVIDIA A100-SXM4-40GB MIG 4g.20gb (0),1,,7,[CUDA memcpy Device-to-Host]
5054882901,21567,133522,1434,1,1,128,1,1,16,0.000,0.000,,,,,NVIDIA A100-SXM4-40GB MIG 4g.20gb (0),1,,13,cupy_copy__complex64_complex64
5055182865,6560,133529,103,1,1,128,1,1,16,0.000,0.000,,,,,NVIDIA A100-SXM4-40GB MIG 4g.20gb (0),1,,13,cupy_copy__complex64_complex64
5055379663,4512,133536,35,1,1,128,1,1,16,0.000,0.000,,,,,NVIDIA A100-SXM4-40GB MIG 4g.20gb (0),1,,13,cupy_copy__complex64_complex64
5055552461,5472,133543,1,1,1,1,1,1,18,0.000,0.000,,,,,NVIDIA A100-SXM4-40GB MIG 4g.20gb (0),1,,13,cupy_copy__float32_float32
5055640012,238557,133554,1,1,1,32,32,1,30,0.000,0.000,,,,,NVIDIA A100-SXM4-40GB MIG 4g.20gb (0),1,,13,"void convert_kernel<__half2, float2>(tensor_layout_any, T1 *, tensor_layout_any, const T2 *)"
5055910057,6624,133557,,,,,,,,,,0.094,14144.910,Pinned,Device,NVIDIA A100-SXM4-40GB MIG 4g.20gb (0),1,,13,[CUDA memcpy Host-to-Device]
5056022920,5663,133558,,,,,,,,,,1.547,273109.052,Device,,NVIDIA A100-SXM4-40GB MIG 4g.20gb (0),1,,13,[CUDA memset]
5056036295,3296,133563,,,,,,,,,,0.031,9495.144,Pinned,Device,NVIDIA A100-SXM4-40GB MIG 4g.20gb (0),1,,13,[CUDA memcpy Host-to-Device]
5056042023,10880,133564,,,,,,,,,,0.197,18070.438,Pinned,Device,NVIDIA A100-SXM4-40GB MIG 4g.20gb (0),1,,13,[CUDA memcpy Host-to-Device]
5056153414,16992,133565,273,1,1,8,4,1,39,0.002,0.000,,,,,NVIDIA A100-SXM4-40GB MIG 4g.20gb (0),1,,13,"void channel_eq::eqMmseCoefCompLowMimoKernel<float, float, float, (unsigned int)4, (unsigned int)1, (unsigned int)4>(const channel_eq::_puschRxChEqStatDescr *, channel_eq::_puschRxChEqCoefCompDynDescr)"
5056762175,14368,133566,273,1,1,12,11,1,51,0.002,0.000,,,,,NVIDIA A100-SXM4-40GB MIG 4g.20gb (0),1,,13,"void channel_eq::eqMmseSoftDemapKernel<float, __half, __half, float, (unsigned int)4, (unsigned short)16383>(channel_eq::_puschRxChEqStatDescr *, channel_eq::_puschRxChEqSoftDemapDynDescr)"
5056904029,610361,133567,1,1,1,32,32,1,30,0.000,0.000,,,,,NVIDIA A100-SXM4-40GB MIG 4g.20gb (0),1,,13,"void convert_kernel<float2, __half2>(tensor_layout_any, T1 *, tensor_layout_any, const T2 *)"
5057626101,12832,133579,2253,1,1,128,1,1,16,0.000,0.000,,,,,NVIDIA A100-SXM4-40GB MIG 4g.20gb (0),1,,13,cupy_copy__float16_float16
5057814515,4928,133588,282,1,1,128,1,1,16,0.000,0.000,,,,,NVIDIA A100-SXM4-40GB MIG 4g.20gb (0),1,,13,cupy_copy__complex64_complex64
5057919954,3712,133597,26,1,1,128,1,1,16,0.000,0.000,,,,,NVIDIA A100-SXM4-40GB MIG 4g.20gb (0),1,,13,cupy_copy__float32_float32
5058068848,11904,133606,103,1,1,128,1,1,16,0.000,0.000,,,,,NVIDIA A100-SXM4-40GB MIG 4g.20gb (0),1,,13,cupy_copy__complex64_complex64
5058136719,16064,133616,1434,1,1,128,1,1,16,0.000,0.000,,,,,NVIDIA A100-SXM4-40GB MIG 4g.20gb (0),1,,13,cupy_copy__complex64_complex64
5058325901,270301,133621,1,1,1,32,32,1,30,0.000,0.000,,,,,NVIDIA A100-SXM4-40GB MIG 4g.20gb (0),1,,13,"void convert_kernel<__half2, float2>(tensor_layout_any, T1 *, tensor_layout_any, const T2 *)"
5058626442,6207,133624,,,,,,,,,,0.094,15095.175,Pinned,Device,NVIDIA A100-SXM4-40GB MIG 4g.20gb (0),1,,13,[CUDA memcpy Host-to-Device]
5058806983,609145,133625,,,,,,,,,,456.561,749217.323,Device,,NVIDIA A100-SXM4-40GB MIG 4g.20gb (0),1,,13,[CUDA memset]
5059420448,64864,133630,,,,,,,,,,1.235,19037.897,Pinned,Device,NVIDIA A100-SXM4-40GB MIG 4g.20gb (0),1,,13,[CUDA memcpy Host-to-Device]
5059487872,11551,133631,,,,,,,,,,0.197,17020.748,Pinned,Device,NVIDIA A100-SXM4-40GB MIG 4g.20gb (0),1,,13,[CUDA memcpy Host-to-Device]
5059702493,11136,133632,69,4,1,48,1,1,76,0.002,0.000,,,,,NVIDIA A100-SXM4-40GB MIG 4g.20gb (0),1,,13,"void ch_est::windowedChEstPreNoDftSOfdmKernel<float, __half, float, (unsigned int)2, (unsigned int)1, (unsigned short)4>(ch_est::puschRxChEstStatDescr_t *, ch_est::puschRxChEstDynDescr_t *)"
5059899035,9504,133633,137,2,1,24,2,1,44,0.001,0.001,,,,,NVIDIA A100-SXM4-40GB MIG 4g.20gb (0),1,,13,"void ch_est::chEstFilterNoDftSOfdmDispatchKernel<float, __half, float, (unsigned int)2>(ch_est::puschRxChEstStatDescr_t *, ch_est::puschRxChEstDynDescr_t *)"
5060130424,9280,133634,137,2,1,24,2,1,44,0.001,0.001,,,,,NVIDIA A100-SXM4-40GB MIG 4g.20gb (0),1,,13,"void ch_est::chEstFilterNoDftSOfdmDispatchKernel<float, __half, float, (unsigned int)2>(ch_est::puschRxChEstStatDescr_t *, ch_est::puschRxChEstDynDescr_t *)"
5060362357,4544,133645,103,1,1,128,1,1,16,0.000,0.000,,,,,NVIDIA A100-SXM4-40GB MIG 4g.20gb (0),1,,13,cupy_copy__complex64_complex64
5060557043,16352,133655,1434,1,1,128,1,1,16,0.000,0.000,,,,,NVIDIA A100-SXM4-40GB MIG 4g.20gb (0),1,,13,cupy_copy__complex64_complex64
5060795760,4384,133662,103,1,1,128,1,1,16,0.000,0.000,,,,,NVIDIA A100-SXM4-40GB MIG 4g.20gb (0),1,,13,cupy_copy__complex64_complex64
5060976302,275389,133669,1,1,1,32,32,1,30,0.000,0.000,,,,,NVIDIA A100-SXM4-40GB MIG 4g.20gb (0),1,,13,"void convert_kernel<__half2, float2>(tensor_layout_any, T1 *, tensor_layout_any, const T2 *)"
5061284267,12672,133672,,,,,,,,,,0.094,7393.926,Pinned,Device,NVIDIA A100-SXM4-40GB MIG 4g.20gb (0),1,,13,[CUDA memcpy Host-to-Device]
5061433353,58655,133673,,,,,,,,,,35.810,610487.516,Device,,NVIDIA A100-SXM4-40GB MIG 4g.20gb (0),1,,13,[CUDA memset]
5061498568,2368,133675,,,,,,,,,,0.000,33.784,Pinned,Device,NVIDIA A100-SXM4-40GB MIG 4g.20gb (0),1,,13,[CUDA memcpy Host-to-Device]
5061503784,10368,133676,,,,,,,,,,0.197,18962.842,Pinned,Device,NVIDIA A100-SXM4-40GB MIG 4g.20gb (0),1,,13,[CUDA memcpy Host-to-Device]
5061675590,25472,133677,273,1,1,48,1,1,40,0.000,0.001,,,,,NVIDIA A100-SXM4-40GB MIG 4g.20gb (0),1,,13,"void pusch_noise_intf_est::noiseIntfEstNoDftSOfdmKernel<float, __half, float, float, (unsigned int)2, (unsigned int)1, (unsigned char)4, (unsigned char)4>(pusch_noise_intf_est::puschRxNoiseIntfEstDynDescr)"
5061796965,6400,133688,35,1,1,128,1,1,16,0.000,0.000,,,,,NVIDIA A100-SXM4-40GB MIG 4g.20gb (0),1,,13,cupy_copy__complex64_complex64
5061976515,3328,133697,1,1,1,1,1,1,18,0.000,0.000,,,,,NVIDIA A100-SXM4-40GB MIG 4g.20gb (0),1,,13,cupy_copy__float32_float32
5061983907,2720,133703,,,,,,,,,,0.000,1.471,Device,Pageable,NVIDIA A100-SXM4-40GB MIG 4g.20gb (0),1,,7,[CUDA memcpy Device-to-Host]
5062168705,19839,133714,1434,1,1,128,1,1,16,0.000,0.000,,,,,NVIDIA A100-SXM4-40GB MIG 4g.20gb (0),1,,13,cupy_copy__complex64_complex64
5062353087,6111,133721,103,1,1,128,1,1,16,0.000,0.000,,,,,NVIDIA A100-SXM4-40GB MIG 4g.20gb (0),1,,13,cupy_copy__complex64_complex64
5062518941,8351,133728,35,1,1,128,1,1,16,0.000,0.000,,,,,NVIDIA A100-SXM4-40GB MIG 4g.20gb (0),1,,13,cupy_copy__complex64_complex64
5062629371,3072,133735,1,1,1,1,1,1,18,0.000,0.000,,,,,NVIDIA A100-SXM4-40GB MIG 4g.20gb (0),1,,13,cupy_copy__float32_float32
5062723194,245885,133746,1,1,1,32,32,1,30,0.000,0.000,,,,,NVIDIA A100-SXM4-40GB MIG 4g.20gb (0),1,,13,"void convert_kernel<__half2, float2>(tensor_layout_any, T1 *, tensor_layout_any, const T2 *)"
5063000215,8640,133749,,,,,,,,,,0.094,10844.375,Pinned,Device,NVIDIA A100-SXM4-40GB MIG 4g.20gb (0),1,,13,[CUDA memcpy Host-to-Device]
5063101494,10112,133750,,,,,,,,,,1.547,152948.741,Device,,NVIDIA A100-SXM4-40GB MIG 4g.20gb (0),1,,13,[CUDA memset]
5063113622,6560,133755,,,,,,,,,,0.031,4770.731,Pinned,Device,NVIDIA A100-SXM4-40GB MIG 4g.20gb (0),1,,13,[CUDA memcpy Host-to-Device]
5063122870,12671,133756,,,,,,,,,,0.197,15516.303,Pinned,Device,NVIDIA A100-SXM4-40GB MIG 4g.20gb (0),1,,13,[CUDA memcpy Host-to-Device]
5063236724,25408,133757,273,1,1,8,4,1,39,0.002,0.000,,,,,NVIDIA A100-SXM4-40GB MIG 4g.20gb (0),1,,13,"void channel_eq::eqMmseCoefCompLowMimoKernel<float, float, float, (unsigned int)4, (unsigned int)1, (unsigned int)4>(const channel_eq::_puschRxChEqStatDescr *, channel_eq::_puschRxChEqCoefCompDynDescr)"
5063328499,10944,133758,273,1,1,12,11,1,51,0.002,0.000,,,,,NVIDIA A100-SXM4-40GB MIG 4g.20gb (0),1,,13,"void channel_eq::eqMmseSoftDemapKernel<float, __half, __half, float, (unsigned int)4, (unsigned short)16383>(channel_eq::_puschRxChEqStatDescr *, channel_eq::_puschRxChEqSoftDemapDynDescr)"
5063454130,657144,133759,1,1,1,32,32,1,30,0.000,0.000,,,,,NVIDIA A100-SXM4-40GB MIG 4g.20gb (0),1,,13,"void convert_kernel<float2, __half2>(tensor_layout_any, T1 *, tensor_layout_any, const T2 *)"
5064242985,17791,133771,2253,1,1,128,1,1,16,0.000,0.000,,,,,NVIDIA A100-SXM4-40GB MIG 4g.20gb (0),1,,13,cupy_copy__float16_float16
5064388199,7904,133780,282,1,1,128,1,1,16,0.000,0.000,,,,,NVIDIA A100-SXM4-40GB MIG 4g.20gb (0),1,,13,cupy_copy__complex64_complex64
5064593637,3904,133789,26,1,1,128,1,1,16,0.000,0.000,,,,,NVIDIA A100-SXM4-40GB MIG 4g.20gb (0),1,,13,cupy_copy__float32_float32
5064784322,6048,133798,103,1,1,128,1,1,16,0.000,0.000,,,,,NVIDIA A100-SXM4-40GB MIG 4g.20gb (0),1,,13,cupy_copy__complex64_complex64
5064969536,19072,133808,1434,1,1,128,1,1,16,0.000,0.000,,,,,NVIDIA A100-SXM4-40GB MIG 4g.20gb (0),1,,13,cupy_copy__complex64_complex64
5065191870,271229,133813,1,1,1,32,32,1,30,0.000,0.000,,,,,NVIDIA A100-SXM4-40GB MIG 4g.20gb (0),1,,13,"void convert_kernel<__half2, float2>(tensor_layout_any, T1 *, tensor_layout_any, const T2 *)"
5065493658,9088,133816,,,,,,,,,,0.094,10309.839,Pinned,Device,NVIDIA A100-SXM4-40GB MIG 4g.20gb (0),1,,13,[CUDA memcpy Host-to-Device]
5065733559,620729,133817,,,,,,,,,,456.561,735520.480,Device,,NVIDIA A100-SXM4-40GB MIG 4g.20gb (0),1,,13,[CUDA memset]
5066359408,59040,133822,,,,,,,,,,1.235,20916.247,Pinned,Device,NVIDIA A100-SXM4-40GB MIG 4g.20gb (0),1,,13,[CUDA memcpy Host-to-Device]
5066421168,15487,133823,,,,,,,,,,0.197,12694.979,Pinned,Device,NVIDIA A100-SXM4-40GB MIG 4g.20gb (0),1,,13,[CUDA memcpy Host-to-Device]
5066705836,15616,133824,69,4,1,48,1,1,76,0.002,0.000,,,,,NVIDIA A100-SXM4-40GB MIG 4g.20gb (0),1,,13,"void ch_est::windowedChEstPreNoDftSOfdmKernel<float, __half, float, (unsigned int)2, (unsigned int)1, (unsigned short)4>(ch_est::puschRxChEstStatDescr_t *, ch_est::puschRxChEstDynDescr_t *)"
5066931626,15295,133825,137,2,1,24,2,1,44,0.001,0.001,,,,,NVIDIA A100-SXM4-40GB MIG 4g.20gb (0),1,,13,"void ch_est::chEstFilterNoDftSOfdmDispatchKernel<float, __half, float, (unsigned int)2>(ch_est::puschRxChEstStatDescr_t *, ch_est::puschRxChEstDynDescr_t *)"
5067194375,15679,133826,137,2,1,24,2,1,44,0.001,0.001,,,,,NVIDIA A100-SXM4-40GB MIG 4g.20gb (0),1,,13,"void ch_est::chEstFilterNoDftSOfdmDispatchKernel<float, __half, float, (unsigned int)2>(ch_est::puschRxChEstStatDescr_t *, ch_est::puschRxChEstDynDescr_t *)"
5067457380,6880,133837,103,1,1,128,1,1,16,0.000,0.000,,,,,NVIDIA A100-SXM4-40GB MIG 4g.20gb (0),1,,13,cupy_copy__complex64_complex64
5067625154,21759,133847,1434,1,1,128,1,1,16,0.000,0.000,,,,,NVIDIA A100-SXM4-40GB MIG 4g.20gb (0),1,,13,cupy_copy__complex64_complex64
5067818367,5728,133854,103,1,1,128,1,1,16,0.000,0.000,,,,,NVIDIA A100-SXM4-40GB MIG 4g.20gb (0),1,,13,cupy_copy__complex64_complex64
5067974590,290748,133861,1,1,1,32,32,1,30,0.000,0.000,,,,,NVIDIA A100-SXM4-40GB MIG 4g.20gb (0),1,,13,"void convert_kernel<__half2, float2>(tensor_layout_any, T1 *, tensor_layout_any, const T2 *)"
5068295546,6336,133864,,,,,,,,,,0.094,14787.852,Pinned,Device,NVIDIA A100-SXM4-40GB MIG 4g.20gb (0),1,,13,[CUDA memcpy Host-to-Device]
5068425496,50368,133865,,,,,,,,,,35.810,710934.342,Device,,NVIDIA A100-SXM4-40GB MIG 4g.20gb (0),1,,13,[CUDA memset]
5068478744,4480,133867,,,,,,,,,,0.000,17.857,Pinned,Device,NVIDIA A100-SXM4-40GB MIG 4g.20gb (0),1,,13,[CUDA memcpy Host-to-Device]
5068488504,10016,133868,,,,,,,,,,0.197,19629.343,Pinned,Device,NVIDIA A100-SXM4-40GB MIG 4g.20gb (0),1,,13,[CUDA memcpy Host-to-Device]
5068658454,25695,133869,273,1,1,48,1,1,40,0.000,0.001,,,,,NVIDIA A100-SXM4-40GB MIG 4g.20gb (0),1,,13,"void pusch_noise_intf_est::noiseIntfEstNoDftSOfdmKernel<float, __half, float, float, (unsigned int)2, (unsigned int)1, (unsigned char)4, (unsigned char)4>(pusch_noise_intf_est::puschRxNoiseIntfEstDynDescr)"
5068840436,6080,133880,35,1,1,128,1,1,16,0.000,0.000,,,,,NVIDIA A100-SXM4-40GB MIG 4g.20gb (0),1,,13,cupy_copy__complex64_complex64
5068983794,7264,133889,1,1,1,1,1,1,18,0.000,0.000,,,,,NVIDIA A100-SXM4-40GB MIG 4g.20gb (0),1,,13,cupy_copy__float32_float32
5068992818,2080,133895,,,,,,,,,,0.000,1.923,Device,Pageable,NVIDIA A100-SXM4-40GB MIG 4g.20gb (0),1,,7,[CUDA memcpy Device-to-Host]
5069158864,20672,133906,1434,1,1,128,1,1,16,0.000,0.000,,,,,NVIDIA A100-SXM4-40GB MIG 4g.20gb (0),1,,13,cupy_copy__complex64_complex64
5069249327,7968,133913,103,1,1,128,1,1,16,0.000,0.000,,,,,NVIDIA A100-SXM4-40GB MIG 4g.20gb (0),1,,13,cupy_copy__complex64_complex64
5069370542,8671,133920,35,1,1,128,1,1,16,0.000,0.000,,,,,NVIDIA A100-SXM4-40GB MIG 4g.20gb (0),1,,13,cupy_copy__complex64_complex64
5069471532,3072,133927,1,1,1,1,1,1,18,0.000,0.000,,,,,NVIDIA A100-SXM4-40GB MIG 4g.20gb (0),1,,13,cupy_copy__float32_float32
5069566763,228414,133938,1,1,1,32,32,1,30,0.000,0.000,,,,,NVIDIA A100-SXM4-40GB MIG 4g.20gb (0),1,,13,"void convert_kernel<__half2, float2>(tensor_layout_any, T1 *, tensor_layout_any, const T2 *)"
5069825000,13696,133941,,,,,,,,,,0.094,6841.120,Pinned,Device,NVIDIA A100-SXM4-40GB MIG 4g.20gb (0),1,,13,[CUDA memcpy Host-to-Device]
5069963527,5152,133942,,,,,,,,,,1.547,300198.172,Device,,NVIDIA A100-SXM4-40GB MIG 4g.20gb (0),1,,13,[CUDA memset]
5069975847,7007,133947,,,,,,,,,,0.031,4466.377,Pinned,Device,NVIDIA A100-SXM4-40GB MIG 4g.20gb (0),1,,13,[CUDA memcpy Host-to-Device]
5069985286,9888,133948,,,,,,,,,,0.197,19883.360,Pinned,Device,NVIDIA A100-SXM4-40GB MIG 4g.20gb (0),1,,13,[CUDA memcpy Host-to-Device]
5070149285,24351,133949,273,1,1,8,4,1,39,0.002,0.000,,,,,NVIDIA A100-SXM4-40GB MIG 4g.20gb (0),1,,13,"void channel_eq::eqMmseCoefCompLowMimoKernel<float, float, float, (unsigned int)4, (unsigned int)1, (unsigned int)4>(const channel_eq::_puschRxChEqStatDescr *, channel_eq::_puschRxChEqCoefCompDynDescr)"
5070353154,14272,133950,273,1,1,12,11,1,51,0.002,0.000,,,,,NVIDIA A100-SXM4-40GB MIG 4g.20gb (0),1,,13,"void channel_eq::eqMmseSoftDemapKernel<float, __half, __half, float, (unsigned int)4, (unsigned short)16383>(channel_eq::_puschRxChEqStatDescr *, channel_eq::_puschRxChEqSoftDemapDynDescr)"
5070489889,639000,133951,1,1,1,32,32,1,30,0.000,0.000,,,,,NVIDIA A100-SXM4-40GB MIG 4g.20gb (0),1,,13,"void convert_kernel<float2, __half2>(tensor_layout_any, T1 *, tensor_layout_any, const T2 *)"
5071283991,20000,133963,2253,1,1,128,1,1,16,0.000,0.000,,,,,NVIDIA A100-SXM4-40GB MIG 4g.20gb (0),1,,13,cupy_copy__float16_float16
5071426998,4928,133972,282,1,1,128,1,1,16,0.000,0.000,,,,,NVIDIA A100-SXM4-40GB MIG 4g.20gb (0),1,,13,cupy_copy__complex64_complex64
5071567092,7296,133981,26,1,1,128,1,1,16,0.000,0.000,,,,,NVIDIA A100-SXM4-40GB MIG 4g.20gb (0),1,,13,cupy_copy__float32_float32
5071740338,10240,133990,103,1,1,128,1,1,16,0.000,0.000,,,,,NVIDIA A100-SXM4-40GB MIG 4g.20gb (0),1,,13,cupy_copy__complex64_complex64
5071900016,18912,134000,1434,1,1,128,1,1,16,0.000,0.000,,,,,NVIDIA A100-SXM4-40GB MIG 4g.20gb (0),1,,13,cupy_copy__complex64_complex64
5072071886,273373,134005,1,1,1,32,32,1,30,0.000,0.000,,,,,NVIDIA A100-SXM4-40GB MIG 4g.20gb (0),1,,13,"void convert_kernel<__half2, float2>(tensor_layout_any, T1 *, tensor_layout_any, const T2 *)"
5072376683,7680,134008,,,,,,,,,,0.094,12199.969,Pinned,Device,NVIDIA A100-SXM4-40GB MIG 4g.20gb (0),1,,13,[CUDA memcpy Host-to-Device]
5072567625,618488,134009,,,,,,,,,,456.561,737803.287,Device,,NVIDIA A100-SXM4-40GB MIG 4g.20gb (0),1,,13,[CUDA memset]
5073193281,58688,134014,,,,,,,,,,1.235,21042.211,Pinned,Device,NVIDIA A100-SXM4-40GB MIG 4g.20gb (0),1,,13,[CUDA memcpy Host-to-Device]
5073257889,14975,134015,,,,,,,,,,0.197,13128.892,Pinned,Device,NVIDIA A100-SXM4-40GB MIG 4g.20gb (0),1,,13,[CUDA memcpy Host-to-Device]
5073446846,18016,134016,69,4,1,48,1,1,76,0.002,0.000,,,,,NVIDIA A100-SXM4-40GB MIG 4g.20gb (0),1,,13,"void ch_est::windowedChEstPreNoDftSOfdmKernel<float, __half, float, (unsigned int)2, (unsigned int)1, (unsigned short)4>(ch_est::puschRxChEstStatDescr_t *, ch_est::puschRxChEstDynDescr_t *)"
5073586589,12448,134017,137,2,1,24,2,1,44,0.001,0.001,,,,,NVIDIA A100-SXM4-40GB MIG 4g.20gb (0),1,,13,"void ch_est::chEstFilterNoDftSOfdmDispatchKernel<float, __half, float, (unsigned int)2>(ch_est::puschRxChEstStatDescr_t *, ch_est::puschRxChEstDynDescr_t *)"
5073720987,15808,134018,137,2,1,24,2,1,44,0.001,0.001,,,,,NVIDIA A100-SXM4-40GB MIG 4g.20gb (0),1,,13,"void ch_est::chEstFilterNoDftSOfdmDispatchKernel<float, __half, float, (unsigned int)2>(ch_est::puschRxChEstStatDescr_t *, ch_est::puschRxChEstDynDescr_t *)"
5073851386,6048,134029,103,1,1,128,1,1,16,0.000,0.000,,,,,NVIDIA A100-SXM4-40GB MIG 4g.20gb (0),1,,13,cupy_copy__complex64_complex64
5073973144,16896,134039,1434,1,1,128,1,1,16,0.000,0.000,,,,,NVIDIA A100-SXM4-40GB MIG 4g.20gb (0),1,,13,cupy_copy__complex64_complex64
5074113623,5984,134046,103,1,1,128,1,1,16,0.000,0.000,,,,,NVIDIA A100-SXM4-40GB MIG 4g.20gb (0),1,,13,cupy_copy__complex64_complex64
5074215414,233309,134053,1,1,1,32,32,1,30,0.000,0.000,,,,,NVIDIA A100-SXM4-40GB MIG 4g.20gb (0),1,,13,"void convert_kernel<__half2, float2>(tensor_layout_any, T1 *, tensor_layout_any, const T2 *)"
5074488370,5920,134056,,,,,,,,,,0.094,15826.941,Pinned,Device,NVIDIA A100-SXM4-40GB MIG 4g.20gb (0),1,,13,[CUDA memcpy Host-to-Device]
5074603441,55487,134057,,,,,,,,,,35.810,645366.378,Device,,NVIDIA A100-SXM4-40GB MIG 4g.20gb (0),1,,13,[CUDA memset]
5074660144,4000,134059,,,,,,,,,,0.000,20.000,Pinned,Device,NVIDIA A100-SXM4-40GB MIG 4g.20gb (0),1,,13,[CUDA memcpy Host-to-Device]
5074666928,9856,134060,,,,,,,,,,0.197,19948.044,Pinned,Device,NVIDIA A100-SXM4-40GB MIG 4g.20gb (0),1,,13,[CUDA memcpy Host-to-Device]
5074795183,12928,134061,273,1,1,48,1,1,40,0.000,0.001,,,,,NVIDIA A100-SXM4-40GB MIG 4g.20gb (0),1,,13,"void pusch_noise_intf_est::noiseIntfEstNoDftSOfdmKernel<float, __half, float, float, (unsigned int)2, (unsigned int)1, (unsigned char)4, (unsigned char)4>(pusch_noise_intf_est::puschRxNoiseIntfEstDynDescr)"
5074890286,12544,134072,35,1,1,128,1,1,16,0.000,0.000,,,,,NVIDIA A100-SXM4-40GB MIG 4g.20gb (0),1,,13,cupy_copy__complex64_complex64
5074973485,3712,134081,1,1,1,1,1,1,18,0.000,0.000,,,,,NVIDIA A100-SXM4-40GB MIG 4g.20gb (0),1,,13,cupy_copy__float32_float32
5074981069,5728,134087,,,,,,,,,,0.000,0.698,Device,Pageable,NVIDIA A100-SXM4-40GB MIG 4g.20gb (0),1,,7,[CUDA memcpy Device-to-Host]
5075154059,19680,134098,1434,1,1,128,1,1,16,0.000,0.000,,,,,NVIDIA A100-SXM4-40GB MIG 4g.20gb (0),1,,13,cupy_copy__complex64_complex64
5075323625,6496,134105,103,1,1,128,1,1,16,0.000,0.000,,,,,NVIDIA A100-SXM4-40GB MIG 4g.20gb (0),1,,13,cupy_copy__complex64_complex64
5075451815,5600,134112,35,1,1,128,1,1,16,0.000,0.000,,,,,NVIDIA A100-SXM4-40GB MIG 4g.20gb (0),1,,13,cupy_copy__complex64_complex64
5075632773,3392,134119,1,1,1,1,1,1,18,0.000,0.000,,,,,NVIDIA A100-SXM4-40GB MIG 4g.20gb (0),1,,13,cupy_copy__float32_float32
5075813347,239389,134130,1,1,1,32,32,1,30,0.000,0.000,,,,,NVIDIA A100-SXM4-40GB MIG 4g.20gb (0),1,,13,"void convert_kernel<__half2, float2>(tensor_layout_any, T1 *, tensor_layout_any, const T2 *)"
5076084736,12288,134133,,,,,,,,,,0.094,7624.980,Pinned,Device,NVIDIA A100-SXM4-40GB MIG 4g.20gb (0),1,,13,[CUDA memcpy Host-to-Device]
5076326525,8448,134134,,,,,,,,,,1.547,183075.430,Device,,NVIDIA A100-SXM4-40GB MIG 4g.20gb (0),1,,13,[CUDA memset]
5076342269,3232,134139,,,,,,,,,,0.031,9683.139,Pinned,Device,NVIDIA A100-SXM4-40GB MIG 4g.20gb (0),1,,13,[CUDA memcpy Host-to-Device]
5076347933,15424,134140,,,,,,,,,,0.197,12746.883,Pinned,Device,NVIDIA A100-SXM4-40GB MIG 4g.20gb (0),1,,13,[CUDA memcpy Host-to-Device]
5076554939,14847,134141,273,1,1,8,4,1,39,0.002,0.000,,,,,NVIDIA A100-SXM4-40GB MIG 4g.20gb (0),1,,13,"void channel_eq::eqMmseCoefCompLowMimoKernel<float, float, float, (unsigned int)4, (unsigned int)1, (unsigned int)4>(const channel_eq::_puschRxChEqStatDescr *, channel_eq::_puschRxChEqCoefCompDynDescr)"
5076854967,14112,134142,273,1,1,12,11,1,51,0.002,0.000,,,,,NVIDIA A100-SXM4-40GB MIG 4g.20gb (0),1,,13,"void channel_eq::eqMmseSoftDemapKernel<float, __half, __half, float, (unsigned int)4, (unsigned short)16383>(channel_eq::_puschRxChEqStatDescr *, channel_eq::_puschRxChEqSoftDemapDynDescr)"
5077079157,693560,134143,1,1,1,32,32,1,30,0.000,0.000,,,,,NVIDIA A100-SXM4-40GB MIG 4g.20gb (0),1,,13,"void convert_kernel<float2, __half2>(tensor_layout_any, T1 *, tensor_layout_any, const T2 *)"
5077957514,15968,134155,2253,1,1,128,1,1,16,0.000,0.000,,,,,NVIDIA A100-SXM4-40GB MIG 4g.20gb (0),1,,13,cupy_copy__float16_float16
5078186824,6688,134164,282,1,1,128,1,1,16,0.000,0.000,,,,,NVIDIA A100-SXM4-40GB MIG 4g.20gb (0),1,,13,cupy_copy__complex64_complex64
5078391493,3648,134173,26,1,1,128,1,1,16,0.000,0.000,,,,,NVIDIA A100-SXM4-40GB MIG 4g.20gb (0),1,,13,cupy_copy__float32_float32
5078499844,5504,134182,103,1,1,128,1,1,16,0.000,0.000,,,,,NVIDIA A100-SXM4-40GB MIG 4g.20gb (0),1,,13,cupy_copy__complex64_complex64
5078587107,20384,134192,1434,1,1,128,1,1,16,0.000,0.000,,,,,NVIDIA A100-SXM4-40GB MIG 4g.20gb (0),1,,13,cupy_copy__complex64_complex64
5078678914,228797,134197,1,1,1,32,32,1,30,0.000,0.000,,,,,NVIDIA A100-SXM4-40GB MIG 4g.20gb (0),1,,13,"void convert_kernel<__half2, float2>(tensor_layout_any, T1 *, tensor_layout_any, const T2 *)"
5078937759,7200,134200,,,,,,,,,,0.094,13013.250,Pinned,Device,NVIDIA A100-SXM4-40GB MIG 4g.20gb (0),1,,13,[CUDA memcpy Host-to-Device]
5079065214,609977,134201,,,,,,,,,,456.561,748304.200,Device,,NVIDIA A100-SXM4-40GB MIG 4g.20gb (0),1,,13,[CUDA memset]
5079679639,75295,134206,,,,,,,,,,1.235,16401.291,Pinned,Device,NVIDIA A100-SXM4-40GB MIG 4g.20gb (0),1,,13,[CUDA memcpy Host-to-Device]
5079760694,11743,134207,,,,,,,,,,0.197,16742.547,Pinned,Device,NVIDIA A100-SXM4-40GB MIG 4g.20gb (0),1,,13,[CUDA memcpy Host-to-Device]
5079884180,17280,134208,69,4,1,48,1,1,76,0.002,0.000,,,,,NVIDIA A100-SXM4-40GB MIG 4g.20gb (0),1,,13,"void ch_est::windowedChEstPreNoDftSOfdmKernel<float, __half, float, (unsigned int)2, (unsigned int)1, (unsigned short)4>(ch_est::puschRxChEstStatDescr_t *, ch_est::puschRxChEstDynDescr_t *)"
5080073330,18464,134209,137,2,1,24,2,1,44,0.001,0.001,,,,,NVIDIA A100-SXM4-40GB MIG 4g.20gb (0),1,,13,"void ch_est::chEstFilterNoDftSOfdmDispatchKernel<float, __half, float, (unsigned int)2>(ch_est::puschRxChEstStatDescr_t *, ch_est::puschRxChEstDynDescr_t *)"
5080215120,11904,134210,137,2,1,24,2,1,44,0.001,0.001,,,,,NVIDIA A100-SXM4-40GB MIG 4g.20gb (0),1,,13,"void ch_est::chEstFilterNoDftSOfdmDispatchKernel<float, __half, float, (unsigned int)2>(ch_est::puschRxChEstStatDescr_t *, ch_est::puschRxChEstDynDescr_t *)"
5080388814,7776,134221,103,1,1,128,1,1,16,0.000,0.000,,,,,NVIDIA A100-SXM4-40GB MIG 4g.20gb (0),1,,13,cupy_copy__complex64_complex64
5080495245,16768,134231,1434,1,1,128,1,1,16,0.000,0.000,,,,,NVIDIA A100-SXM4-40GB MIG 4g.20gb (0),1,,13,cupy_copy__complex64_complex64
5080695435,4192,134238,103,1,1,128,1,1,16,0.000,0.000,,,,,NVIDIA A100-SXM4-40GB MIG 4g.20gb (0),1,,13,cupy_copy__complex64_complex64
5080854953,274973,134245,1,1,1,32,32,1,30,0.000,0.000,,,,,NVIDIA A100-SXM4-40GB MIG 4g.20gb (0),1,,13,"void convert_kernel<__half2, float2>(tensor_layout_any, T1 *, tensor_layout_any, const T2 *)"
5081161349,6304,134248,,,,,,,,,,0.094,14862.903,Pinned,Device,NVIDIA A100-SXM4-40GB MIG 4g.20gb (0),1,,13,[CUDA memcpy Host-to-Device]
5081373667,51071,134249,,,,,,,,,,35.810,701158.234,Device,,NVIDIA A100-SXM4-40GB MIG 4g.20gb (0),1,,13,[CUDA memset]
5081428098,8064,134251,,,,,,,,,,0.000,9.921,Pinned,Device,NVIDIA A100-SXM4-40GB MIG 4g.20gb (0),1,,13,[CUDA memcpy Host-to-Device]
5081438562,9536,134252,,,,,,,,,,0.197,20617.298,Pinned,Device,NVIDIA A100-SXM4-40GB MIG 4g.20gb (0),1,,13,[CUDA memcpy Host-to-Device]
5081625792,13760,134253,273,1,1,48,1,1,40,0.000,0.001,,,,,NVIDIA A100-SXM4-40GB MIG 4g.20gb (0),1,,13,"void pusch_noise_intf_est::noiseIntfEstNoDftSOfdmKernel<float, __half, float, float, (unsigned int)2, (unsigned int)1, (unsigned char)4, (unsigned char)4>(pusch_noise_intf_est::puschRxNoiseIntfEstDynDescr)"
5081822942,5088,134264,35,1,1,128,1,1,16,0.000,0.000,,,,,NVIDIA A100-SXM4-40GB MIG 4g.20gb (0),1,,13,cupy_copy__complex64_complex64
5081971772,4960,134273,1,1,1,1,1,1,18,0.000,0.000,,,,,NVIDIA A100-SXM4-40GB MIG 4g.20gb (0),1,,13,cupy_copy__float32_float32
5081982396,1600,134279,,,,,,,,,,0.000,2.500,Device,Pageable,NVIDIA A100-SXM4-40GB MIG 4g.20gb (0),1,,7,[CUDA memcpy Device-to-Host]
5082203417,17248,134290,1434,1,1,128,1,1,16,0.000,0.000,,,,,NVIDIA A100-SXM4-40GB MIG 4g.20gb (0),1,,13,cupy_copy__complex64_complex64
5082362200,8607,134297,103,1,1,128,1,1,16,0.000,0.000,,,,,NVIDIA A100-SXM4-40GB MIG 4g.20gb (0),1,,13,cupy_copy__complex64_complex64
5082500822,7808,134304,35,1,1,128,1,1,16,0.000,0.000,,,,,NVIDIA A100-SXM4-40GB MIG 4g.20gb (0),1,,13,cupy_copy__complex64_complex64
5082660436,6624,134311,1,1,1,1,1,1,18,0.000,0.000,,,,,NVIDIA A100-SXM4-40GB MIG 4g.20gb (0),1,,13,cupy_copy__float32_float32
5082781875,244957,134322,1,1,1,32,32,1,30,0.000,0.000,,,,,NVIDIA A100-SXM4-40GB MIG 4g.20gb (0),1,,13,"void convert_kernel<__half2, float2>(tensor_layout_any, T1 *, tensor_layout_any, const T2 *)"
5083057520,6559,134325,,,,,,,,,,0.094,14285.080,Pinned,Device,NVIDIA A100-SXM4-40GB MIG 4g.20gb (0),1,,13,[CUDA memcpy Host-to-Device]
5083177742,5280,134326,,,,,,,,,,1.547,292919.759,Device,,NVIDIA A100-SXM4-40GB MIG 4g.20gb (0),1,,13,[CUDA memset]
5083188270,3776,134331,,,,,,,,,,0.031,8288.120,Pinned,Device,NVIDIA A100-SXM4-40GB MIG 4g.20gb (0),1,,13,[CUDA memcpy Host-to-Device]
5083195406,9760,134332,,,,,,,,,,0.197,20144.259,Pinned,Device,NVIDIA A100-SXM4-40GB MIG 4g.20gb (0),1,,13,[CUDA memcpy Host-to-Device]
5083312237,28287,134333,273,1,1,8,4,1,39,0.002,0.000,,,,,NVIDIA A100-SXM4-40GB MIG 4g.20gb (0),1,,13,"void channel_eq::eqMmseCoefCompLowMimoKernel<float, float, float, (unsigned int)4, (unsigned int)1, (unsigned int)4>(const channel_eq::_puschRxChEqStatDescr *, channel_eq::_puschRxChEqCoefCompDynDescr)"
5083452427,10624,134334,273,1,1,12,11,1,51,0.002,0.000,,,,,NVIDIA A100-SXM4-40GB MIG 4g.20gb (0),1,,13,"void channel_eq::eqMmseSoftDemapKernel<float, __half, __half, float, (unsigned int)4, (unsigned short)16383>(channel_eq::_puschRxChEqStatDescr *, channel_eq::_puschRxChEqSoftDemapDynDescr)"
5083586025,581754,134335,1,1,1,32,32,1,30,0.000,0.000,,,,,NVIDIA A100-SXM4-40GB MIG 4g.20gb (0),1,,13,"void convert_kernel<float2, __half2>(tensor_layout_any, T1 *, tensor_layout_any, const T2 *)"
5084362369,14143,134347,2253,1,1,128,1,1,16,0.000,0.000,,,,,NVIDIA A100-SXM4-40GB MIG 4g.20gb (0),1,,13,cupy_copy__float16_float16
5084526239,9184,134356,282,1,1,128,1,1,16,0.000,0.000,,,,,NVIDIA A100-SXM4-40GB MIG 4g.20gb (0),1,,13,cupy_copy__complex64_complex64
5084652573,3712,134365,26,1,1,128,1,1,16,0.000,0.000,,,,,NVIDIA A100-SXM4-40GB MIG 4g.20gb (0),1,,13,cupy_copy__float32_float32
5084906810,10208,134374,103,1,1,128,1,1,16,0.000,0.000,,,,,NVIDIA A100-SXM4-40GB MIG 4g.20gb (0),1,,13,cupy_copy__complex64_complex64
5085087992,19264,134384,1434,1,1,128,1,1,16,0.000,0.000,,,,,NVIDIA A100-SXM4-40GB MIG 4g.20gb (0),1,,13,cupy_copy__complex64_complex64
5085180567,269309,134389,1,1,1,32,32,1,30,0.000,0.000,,,,,NVIDIA A100-SXM4-40GB MIG 4g.20gb (0),1,,13,"void convert_kernel<__half2, float2>(tensor_layout_any, T1 *, tensor_layout_any, const T2 *)"
5085492979,5696,134392,,,,,,,,,,0.094,16449.363,Pinned,Device,NVIDIA A100-SXM4-40GB MIG 4g.20gb (0),1,,13,[CUDA memcpy Host-to-Device]
5086117356,616121,134393,,,,,,,,,,456.561,740999.217,Device,,NVIDIA A100-SXM4-40GB MIG 4g.20gb (0),1,,13,[CUDA memset]
5086742885,70271,134398,,,,,,,,,,1.235,17573.253,Pinned,Device,NVIDIA A100-SXM4-40GB MIG 4g.20gb (0),1,,13,[CUDA memcpy Host-to-Device]
5086815844,11488,134399,,,,,,,,,,0.197,17114.137,Pinned,Device,NVIDIA A100-SXM4-40GB MIG 4g.20gb (0),1,,13,[CUDA memcpy Host-to-Device]
5086921475,23136,134400,69,4,1,48,1,1,76,0.002,0.000,,,,,NVIDIA A100-SXM4-40GB MIG 4g.20gb (0),1,,13,"void ch_est::windowedChEstPreNoDftSOfdmKernel<float, __half, float, (unsigned int)2, (unsigned int)1, (unsigned short)4>(ch_est::puschRxChEstStatDescr_t *, ch_est::puschRxChEstDynDescr_t *)"
5087091969,19488,134401,137,2,1,24,2,1,44,0.001,0.001,,,,,NVIDIA A100-SXM4-40GB MIG 4g.20gb (0),1,,13,"void ch_est::chEstFilterNoDftSOfdmDispatchKernel<float, __half, float, (unsigned int)2>(ch_est::puschRxChEstStatDescr_t *, ch_est::puschRxChEstDynDescr_t *)"
5087285023,20864,134402,137,2,1,24,2,1,44,0.001,0.001,,,,,NVIDIA A100-SXM4-40GB MIG 4g.20gb (0),1,,13,"void ch_est::chEstFilterNoDftSOfdmDispatchKernel<float, __half, float, (unsigned int)2>(ch_est::puschRxChEstStatDescr_t *, ch_est::puschRxChEstDynDescr_t *)"
5087471037,6400,134413,103,1,1,128,1,1,16,0.000,0.000,,,,,NVIDIA A100-SXM4-40GB MIG 4g.20gb (0),1,,13,cupy_copy__complex64_complex64
5087643579,19711,134423,1434,1,1,128,1,1,16,0.000,0.000,,,,,NVIDIA A100-SXM4-40GB MIG 4g.20gb (0),1,,13,cupy_copy__complex64_complex64
5087836632,4160,134430,103,1,1,128,1,1,16,0.000,0.000,,,,,NVIDIA A100-SXM4-40GB MIG 4g.20gb (0),1,,13,cupy_copy__complex64_complex64
5087944023,292989,134437,1,1,1,32,32,1,30,0.000,0.000,,,,,NVIDIA A100-SXM4-40GB MIG 4g.20gb (0),1,,13,"void convert_kernel<__half2, float2>(tensor_layout_any, T1 *, tensor_layout_any, const T2 *)"
5088268147,9600,134440,,,,,,,,,,0.094,9759.938,Pinned,Device,NVIDIA A100-SXM4-40GB MIG 4g.20gb (0),1,,13,[CUDA memcpy Host-to-Device]
5088466833,56191,134441,,,,,,,,,,35.810,637273.336,Device,,NVIDIA A100-SXM4-40GB MIG 4g.20gb (0),1,,13,[CUDA memset]
5088528080,4000,134443,,,,,,,,,,0.000,20.000,Pinned,Device,NVIDIA A100-SXM4-40GB MIG 4g.20gb (0),1,,13,[CUDA memcpy Host-to-Device]
5088538064,9696,134444,,,,,,,,,,0.197,20277.166,Pinned,Device,NVIDIA A100-SXM4-40GB MIG 4g.20gb (0),1,,13,[CUDA memcpy Host-to-Device]
5088713486,29152,134445,273,1,1,48,1,1,40,0.000,0.001,,,,,NVIDIA A100-SXM4-40GB MIG 4g.20gb (0),1,,13,"void pusch_noise_intf_est::noiseIntfEstNoDftSOfdmKernel<float, __half, float, float, (unsigned int)2, (unsigned int)1, (unsigned char)4, (unsigned char)4>(pusch_noise_intf_est::puschRxNoiseIntfEstDynDescr)"
5088950476,6463,134456,35,1,1,128,1,1,16,0.000,0.000,,,,,NVIDIA A100-SXM4-40GB MIG 4g.20gb (0),1,,13,cupy_copy__complex64_complex64
5089069962,2976,134465,1,1,1,1,1,1,18,0.000,0.000,,,,,NVIDIA A100-SXM4-40GB MIG 4g.20gb (0),1,,13,cupy_copy__float32_float32
5089080682,1600,134471,,,,,,,,,,0.000,2.500,Device,Pageable,NVIDIA A100-SXM4-40GB MIG 4g.20gb (0),1,,7,[CUDA memcpy Device-to-Host]
5089183849,16864,134482,1434,1,1,128,1,1,16,0.000,0.000,,,,,NVIDIA A100-SXM4-40GB MIG 4g.20gb (0),1,,13,cupy_copy__complex64_complex64
5089297800,8543,134489,103,1,1,128,1,1,16,0.000,0.000,,,,,NVIDIA A100-SXM4-40GB MIG 4g.20gb (0),1,,13,cupy_copy__complex64_complex64
5089388263,5119,134496,35,1,1,128,1,1,16,0.000,0.000,,,,,NVIDIA A100-SXM4-40GB MIG 4g.20gb (0),1,,13,cupy_copy__complex64_complex64
5089446182,3936,134503,1,1,1,1,1,1,18,0.000,0.000,,,,,NVIDIA A100-SXM4-40GB MIG 4g.20gb (0),1,,13,cupy_copy__float32_float32
5089502661,257469,134514,1,1,1,32,32,1,30,0.000,0.000,,,,,NVIDIA A100-SXM4-40GB MIG 4g.20gb (0),1,,13,"void convert_kernel<__half2, float2>(tensor_layout_any, T1 *, tensor_layout_any, const T2 *)"
5089789666,5568,134517,,,,,,,,,,0.094,16827.521,Pinned,Device,NVIDIA A100-SXM4-40GB MIG 4g.20gb (0),1,,13,[CUDA memcpy Host-to-Device]
5089911488,11392,134518,,,,,,,,,,1.547,135762.655,Device,,NVIDIA A100-SXM4-40GB MIG 4g.20gb (0),1,,13,[CUDA memset]
5089930976,6912,134523,,,,,,,,,,0.031,4527.749,Pinned,Device,NVIDIA A100-SXM4-40GB MIG 4g.20gb (0),1,,13,[CUDA memcpy Host-to-Device]
5089940288,9696,134524,,,,,,,,,,0.197,20277.166,Pinned,Device,NVIDIA A100-SXM4-40GB MIG 4g.20gb (0),1,,13,[CUDA memcpy Host-to-Device]
5090022175,22944,134525,273,1,1,8,4,1,39,0.002,0.000,,,,,NVIDIA A100-SXM4-40GB MIG 4g.20gb (0),1,,13,"void channel_eq::eqMmseCoefCompLowMimoKernel<float, float, float, (unsigned int)4, (unsigned int)1, (unsigned int)4>(const channel_eq::_puschRxChEqStatDescr *, channel_eq::_puschRxChEqCoefCompDynDescr)"
5090080991,10335,134526,273,1,1,12,11,1,51,0.002,0.000,,,,,NVIDIA A100-SXM4-40GB MIG 4g.20gb (0),1,,13,"void channel_eq::eqMmseSoftDemapKernel<float, __half, __half, float, (unsigned int)4, (unsigned short)16383>(channel_eq::_puschRxChEqStatDescr *, channel_eq::_puschRxChEqSoftDemapDynDescr)"
5090190109,557114,134527,1,1,1,32,32,1,30,0.000,0.000,,,,,NVIDIA A100-SXM4-40GB MIG 4g.20gb (0),1,,13,"void convert_kernel<float2, __half2>(tensor_layout_any, T1 *, tensor_layout_any, const T2 *)"
5090800630,13344,134539,2253,1,1,128,1,1,16,0.000,0.000,,,,,NVIDIA A100-SXM4-40GB MIG 4g.20gb (0),1,,13,cupy_copy__float16_float16
5090930965,7424,134548,282,1,1,128,1,1,16,0.000,0.000,,,,,NVIDIA A100-SXM4-40GB MIG 4g.20gb (0),1,,13,cupy_copy__complex64_complex64
5091037171,4928,134557,26,1,1,128,1,1,16,0.000,0.000,,,,,NVIDIA A100-SXM4-40GB MIG 4g.20gb (0),1,,13,cupy_copy__float32_float32
5091122706,5984,134566,103,1,1,128,1,1,16,0.000,0.000,,,,,NVIDIA A100-SXM4-40GB MIG 4g.20gb (0),1,,13,cupy_copy__complex64_complex64
5091216529,20320,134576,1434,1,1,128,1,1,16,0.000,0.000,,,,,NVIDIA A100-SXM4-40GB MIG 4g.20gb (0),1,,13,cupy_copy__complex64_complex64
5091296944,244734,134581,1,1,1,32,32,1,30,0.000,0.000,,,,,NVIDIA A100-SXM4-40GB MIG 4g.20gb (0),1,,13,"void convert_kernel<__half2, float2>(tensor_layout_any, T1 *, tensor_layout_any, const T2 *)"
5091571373,5792,134584,,,,,,,,,,0.094,16176.708,Pinned,Device,NVIDIA A100-SXM4-40GB MIG 4g.20gb (0),1,,13,[CUDA memcpy Host-to-Device]
5091671980,611577,134585,,,,,,,,,,456.561,746477.954,Device,,NVIDIA A100-SXM4-40GB MIG 4g.20gb (0),1,,13,[CUDA memset]
5092291813,57791,134590,,,,,,,,,,1.235,21368.236,Pinned,Device,NVIDIA A100-SXM4-40GB MIG 4g.20gb (0),1,,13,[CUDA memcpy Host-to-Device]
5092352612,11840,134591,,,,,,,,,,0.197,16605.315,Pinned,Device,NVIDIA A100-SXM4-40GB MIG 4g.20gb (0),1,,13,[CUDA memcpy Host-to-Device]
5092655361,16736,134592,69,4,1,48,1,1,76,0.002,0.000,,,,,NVIDIA A100-SXM4-40GB MIG 4g.20gb (0),1,,13,"void ch_est::windowedChEstPreNoDftSOfdmKernel<float, __half, float, (unsigned int)2, (unsigned int)1, (unsigned short)4>(ch_est::puschRxChEstStatDescr_t *, ch_est::puschRxChEstDynDescr_t *)"
5092789855,14624,134593,137,2,1,24,2,1,44,0.001,0.001,,,,,NVIDIA A100-SXM4-40GB MIG 4g.20gb (0),1,,13,"void ch_est::chEstFilterNoDftSOfdmDispatchKernel<float, __half, float, (unsigned int)2>(ch_est::puschRxChEstStatDescr_t *, ch_est::puschRxChEstDynDescr_t *)"
5093059804,15904,134594,137,2,1,24,2,1,44,0.001,0.001,,,,,NVIDIA A100-SXM4-40GB MIG 4g.20gb (0),1,,13,"void ch_est::chEstFilterNoDftSOfdmDispatchKernel<float, __half, float, (unsigned int)2>(ch_est::puschRxChEstStatDescr_t *, ch_est::puschRxChEstDynDescr_t *)"
5093188731,6656,134605,103,1,1,128,1,1,16,0.000,0.000,,,,,NVIDIA A100-SXM4-40GB MIG 4g.20gb (0),1,,13,cupy_copy__complex64_complex64
5093295193,18464,134615,1434,1,1,128,1,1,16,0.000,0.000,,,,,NVIDIA A100-SXM4-40GB MIG 4g.20gb (0),1,,13,cupy_copy__complex64_complex64
5093396088,4000,134622,103,1,1,128,1,1,16,0.000,0.000,,,,,NVIDIA A100-SXM4-40GB MIG 4g.20gb (0),1,,13,cupy_copy__complex64_complex64
5093497431,709080,134629,1,1,1,32,32,1,30,0.000,0.000,,,,,NVIDIA A100-SXM4-40GB MIG 4g.20gb (0),1,,13,"void convert_kernel<__half2, float2>(tensor_layout_any, T1 *, tensor_layout_any, const T2 *)"
5094236847,6175,134632,,,,,,,,,,0.094,15173.411,Pinned,Device,NVIDIA A100-SXM4-40GB MIG 4g.20gb (0),1,,13,[CUDA memcpy Host-to-Device]
5094340013,53472,134633,,,,,,,,,,35.810,669681.314,Device,,NVIDIA A100-SXM4-40GB MIG 4g.20gb (0),1,,13,[CUDA memset]
5094398253,4160,134635,,,,,,,,,,0.000,19.231,Pinned,Device,NVIDIA A100-SXM4-40GB MIG 4g.20gb (0),1,,13,[CUDA memcpy Host-to-Device]
5094404909,9567,134636,,,,,,,,,,0.197,20550.451,Pinned,Device,NVIDIA A100-SXM4-40GB MIG 4g.20gb (0),1,,13,[CUDA memcpy Host-to-Device]
5094515723,13632,134637,273,1,1,48,1,1,40,0.000,0.001,,,,,NVIDIA A100-SXM4-40GB MIG 4g.20gb (0),1,,13,"void pusch_noise_intf_est::noiseIntfEstNoDftSOfdmKernel<float, __half, float, float, (unsigned int)2, (unsigned int)1, (unsigned char)4, (unsigned char)4>(pusch_noise_intf_est::puschRxNoiseIntfEstDynDescr)"
5094641930,4064,134648,35,1,1,128,1,1,16,0.000,0.000,,,,,NVIDIA A100-SXM4-40GB MIG 4g.20gb (0),1,,13,cupy_copy__complex64_complex64
5094735593,4672,134657,1,1,1,1,1,1,18,0.000,0.000,,,,,NVIDIA A100-SXM4-40GB MIG 4g.20gb (0),1,,13,cupy_copy__float32_float32
5094741993,1920,134663,,,,,,,,,,0.000,2.083,Device,Pageable,NVIDIA A100-SXM4-40GB MIG 4g.20gb (0),1,,7,[CUDA memcpy Device-to-Host]
5094884647,14592,134674,1434,1,1,128,1,1,16,0.000,0.000,,,,,NVIDIA A100-SXM4-40GB MIG 4g.20gb (0),1,,13,cupy_copy__complex64_complex64
5094993894,9696,134681,103,1,1,128,1,1,16,0.000,0.000,,,,,NVIDIA A100-SXM4-40GB MIG 4g.20gb (0),1,,13,cupy_copy__complex64_complex64
5095144708,6816,134688,35,1,1,128,1,1,16,0.000,0.000,,,,,NVIDIA A100-SXM4-40GB MIG 4g.20gb (0),1,,13,cupy_copy__complex64_complex64
5095262275,3072,134695,1,1,1,1,1,1,18,0.000,0.000,,,,,NVIDIA A100-SXM4-40GB MIG 4g.20gb (0),1,,13,cupy_copy__float32_float32
5095420353,277789,134706,1,1,1,32,32,1,30,0.000,0.000,,,,,NVIDIA A100-SXM4-40GB MIG 4g.20gb (0),1,,13,"void convert_kernel<__half2, float2>(tensor_layout_any, T1 *, tensor_layout_any, const T2 *)"
5095732701,13888,134709,,,,,,,,,,0.094,6746.487,Pinned,Device,NVIDIA A100-SXM4-40GB MIG 4g.20gb (0),1,,13,[CUDA memcpy Host-to-Device]
5095803356,9088,134710,,,,,,,,,,1.547,170182.772,Device,,NVIDIA A100-SXM4-40GB MIG 4g.20gb (0),1,,13,[CUDA memset]
5095813948,3296,134715,,,,,,,,,,0.031,9495.144,Pinned,Device,NVIDIA A100-SXM4-40GB MIG 4g.20gb (0),1,,13,[CUDA memcpy Host-to-Device]
5095822684,9792,134716,,,,,,,,,,0.197,20078.395,Pinned,Device,NVIDIA A100-SXM4-40GB MIG 4g.20gb (0),1,,13,[CUDA memcpy Host-to-Device]
5096004090,19648,134717,273,1,1,8,4,1,39,0.002,0.000,,,,,NVIDIA A100-SXM4-40GB MIG 4g.20gb (0),1,,13,"void channel_eq::eqMmseCoefCompLowMimoKernel<float, float, float, (unsigned int)4, (unsigned int)1, (unsigned int)4>(const channel_eq::_puschRxChEqStatDescr *, channel_eq::_puschRxChEqCoefCompDynDescr)"
5096218968,14304,134718,273,1,1,12,11,1,51,0.002,0.000,,,,,NVIDIA A100-SXM4-40GB MIG 4g.20gb (0),1,,13,"void channel_eq::eqMmseSoftDemapKernel<float, __half, __half, float, (unsigned int)4, (unsigned short)16383>(channel_eq::_puschRxChEqStatDescr *, channel_eq::_puschRxChEqSoftDemapDynDescr)"
5096434101,676760,134719,1,1,1,32,32,1,30,0.000,0.000,,,,,NVIDIA A100-SXM4-40GB MIG 4g.20gb (0),1,,13,"void convert_kernel<float2, __half2>(tensor_layout_any, T1 *, tensor_layout_any, const T2 *)"
5097291115,20576,134731,2253,1,1,128,1,1,16,0.000,0.000,,,,,NVIDIA A100-SXM4-40GB MIG 4g.20gb (0),1,,13,cupy_copy__float16_float16
5097509353,13664,134740,282,1,1,128,1,1,16,0.000,0.000,,,,,NVIDIA A100-SXM4-40GB MIG 4g.20gb (0),1,,13,cupy_copy__complex64_complex64
5097668135,3808,134749,26,1,1,128,1,1,16,0.000,0.000,,,,,NVIDIA A100-SXM4-40GB MIG 4g.20gb (0),1,,13,cupy_copy__float32_float32
5097880580,11200,134758,103,1,1,128,1,1,16,0.000,0.000,,,,,NVIDIA A100-SXM4-40GB MIG 4g.20gb (0),1,,13,cupy_copy__complex64_complex64
5097995427,15968,134768,1434,1,1,128,1,1,16,0.000,0.000,,,,,NVIDIA A100-SXM4-40GB MIG 4g.20gb (0),1,,13,cupy_copy__complex64_complex64
5098143777,261917,134773,1,1,1,32,32,1,30,0.000,0.000,,,,,NVIDIA A100-SXM4-40GB MIG 4g.20gb (0),1,,13,"void convert_kernel<__half2, float2>(tensor_layout_any, T1 *, tensor_layout_any, const T2 *)"
5098434334,5408,134776,,,,,,,,,,0.094,17325.421,Pinned,Device,NVIDIA A100-SXM4-40GB MIG 4g.20gb (0),1,,13,[CUDA memcpy Host-to-Device]
5098462814,615449,134777,,,,,,,,,,456.561,741455.779,Device,,NVIDIA A100-SXM4-40GB MIG 4g.20gb (0),1,,13,[CUDA memset]
5099080503,65599,134782,,,,,,,,,,1.235,18825.486,Pinned,Device,NVIDIA A100-SXM4-40GB MIG 4g.20gb (0),1,,13,[CUDA memcpy Host-to-Device]
5099151702,13600,134783,,,,,,,,,,0.197,14456.390,Pinned,Device,NVIDIA A100-SXM4-40GB MIG 4g.20gb (0),1,,13,[CUDA memcpy Host-to-Device]
5099263189,28799,134784,69,4,1,48,1,1,76,0.002,0.000,,,,,NVIDIA A100-SXM4-40GB MIG 4g.20gb (0),1,,13,"void ch_est::windowedChEstPreNoDftSOfdmKernel<float, __half, float, (unsigned int)2, (unsigned int)1, (unsigned short)4>(ch_est::puschRxChEstStatDescr_t *, ch_est::puschRxChEstDynDescr_t *)"
5099346228,16127,134785,137,2,1,24,2,1,44,0.001,0.001,,,,,NVIDIA A100-SXM4-40GB MIG 4g.20gb (0),1,,13,"void ch_est::chEstFilterNoDftSOfdmDispatchKernel<float, __half, float, (unsigned int)2>(ch_est::puschRxChEstStatDescr_t *, ch_est::puschRxChEstDynDescr_t *)"
5099476946,17440,134786,137,2,1,24,2,1,44,0.001,0.001,,,,,NVIDIA A100-SXM4-40GB MIG 4g.20gb (0),1,,13,"void ch_est::chEstFilterNoDftSOfdmDispatchKernel<float, __half, float, (unsigned int)2>(ch_est::puschRxChEstStatDescr_t *, ch_est::puschRxChEstDynDescr_t *)"
5099602673,4832,134797,103,1,1,128,1,1,16,0.000,0.000,,,,,NVIDIA A100-SXM4-40GB MIG 4g.20gb (0),1,,13,cupy_copy__complex64_complex64
5099693392,16831,134807,1434,1,1,128,1,1,16,0.000,0.000,,,,,NVIDIA A100-SXM4-40GB MIG 4g.20gb (0),1,,13,cupy_copy__complex64_complex64
5099810126,6944,134814,103,1,1,128,1,1,16,0.000,0.000,,,,,NVIDIA A100-SXM4-40GB MIG 4g.20gb (0),1,,13,cupy_copy__complex64_complex64
5099921901,330524,134821,1,1,1,32,32,1,30,0.000,0.000,,,,,NVIDIA A100-SXM4-40GB MIG 4g.20gb (0),1,,13,"void convert_kernel<__half2, float2>(tensor_layout_any, T1 *, tensor_layout_any, const T2 *)"
5100285417,9536,134824,,,,,,,,,,0.094,9825.431,Pinned,Device,NVIDIA A100-SXM4-40GB MIG 4g.20gb (0),1,,13,[CUDA memcpy Host-to-Device]
5100365800,48255,134825,,,,,,,,,,35.810,742088.972,Device,,NVIDIA A100-SXM4-40GB MIG 4g.20gb (0),1,,13,[CUDA memset]
5100419271,4128,134827,,,,,,,,,,0.000,19.380,Pinned,Device,NVIDIA A100-SXM4-40GB MIG 4g.20gb (0),1,,13,[CUDA memcpy Host-to-Device]
5100429703,10624,134828,,,,,,,,,,0.197,18505.925,Pinned,Device,NVIDIA A100-SXM4-40GB MIG 4g.20gb (0),1,,13,[CUDA memcpy Host-to-Device]
5100557830,27807,134829,273,1,1,48,1,1,40,0.000,0.001,,,,,NVIDIA A100-SXM4-40GB MIG 4g.20gb (0),1,,13,"void pusch_noise_intf_est::noiseIntfEstNoDftSOfdmKernel<float, __half, float, float, (unsigned int)2, (unsigned int)1, (unsigned char)4, (unsigned char)4>(pusch_noise_intf_est::puschRxNoiseIntfEstDynDescr)"
5100683236,6656,134840,35,1,1,128,1,1,16,0.000,0.000,,,,,NVIDIA A100-SXM4-40GB MIG 4g.20gb (0),1,,13,cupy_copy__complex64_complex64
5100774307,3168,134849,1,1,1,1,1,1,18,0.000,0.000,,,,,NVIDIA A100-SXM4-40GB MIG 4g.20gb (0),1,,13,cupy_copy__float32_float32
5100778435,1792,134855,,,,,,,,,,0.000,2.232,Device,Pageable,NVIDIA A100-SXM4-40GB MIG 4g.20gb (0),1,,7,[CUDA memcpy Device-to-Host]
5100917825,18144,134866,1434,1,1,128,1,1,16,0.000,0.000,,,,,NVIDIA A100-SXM4-40GB MIG 4g.20gb (0),1,,13,cupy_copy__complex64_complex64
5101094591,4992,134873,103,1,1,128,1,1,16,0.000,0.000,,,,,NVIDIA A100-SXM4-40GB MIG 4g.20gb (0),1,,13,cupy_copy__complex64_complex64
5101222814,5888,134880,35,1,1,128,1,1,16,0.000,0.000,,,,,NVIDIA A100-SXM4-40GB MIG 4g.20gb (0),1,,13,cupy_copy__complex64_complex64
5101347356,2944,134887,1,1,1,1,1,1,18,0.000,0.000,,,,,NVIDIA A100-SXM4-40GB MIG 4g.20gb (0),1,,13,cupy_copy__float32_float32
5101493499,258525,134898,1,1,1,32,32,1,30,0.000,0.000,,,,,NVIDIA A100-SXM4-40GB MIG 4g.20gb (0),1,,13,"void convert_kernel<__half2, float2>(tensor_layout_any, T1 *, tensor_layout_any, const T2 *)"
5101783735,13888,134901,,,,,,,,,,0.094,6746.487,Pinned,Device,NVIDIA A100-SXM4-40GB MIG 4g.20gb (0),1,,13,[CUDA memcpy Host-to-Device]
5101941142,8480,134902,,,,,,,,,,1.547,182384.089,Device,,NVIDIA A100-SXM4-40GB MIG 4g.20gb (0),1,,13,[CUDA memset]
5101951670,6591,134907,,,,,,,,,,0.031,4748.292,Pinned,Device,NVIDIA A100-SXM4-40GB MIG 4g.20gb (0),1,,13,[CUDA memcpy Host-to-Device]
5101962677,9696,134908,,,,,,,,,,0.197,20277.166,Pinned,Device,NVIDIA A100-SXM4-40GB MIG 4g.20gb (0),1,,13,[CUDA memcpy Host-to-Device]
5102114388,15423,134909,273,1,1,8,4,1,39,0.002,0.000,,,,,NVIDIA A100-SXM4-40GB MIG 4g.20gb (0),1,,13,"void channel_eq::eqMmseCoefCompLowMimoKernel<float, float, float, (unsigned int)4, (unsigned int)1, (unsigned int)4>(const channel_eq::_puschRxChEqStatDescr *, channel_eq::_puschRxChEqCoefCompDynDescr)"
5102264178,28352,134910,273,1,1,12,11,1,51,0.002,0.000,,,,,NVIDIA A100-SXM4-40GB MIG 4g.20gb (0),1,,13,"void channel_eq::eqMmseSoftDemapKernel<float, __half, __half, float, (unsigned int)4, (unsigned short)16383>(channel_eq::_puschRxChEqStatDescr *, channel_eq::_puschRxChEqSoftDemapDynDescr)"
5102451568,736439,134911,1,1,1,32,32,1,30,0.000,0.000,,,,,NVIDIA A100-SXM4-40GB MIG 4g.20gb (0),1,,13,"void convert_kernel<float2, __half2>(tensor_layout_any, T1 *, tensor_layout_any, const T2 *)"
5103334278,15423,134923,2253,1,1,128,1,1,16,0.000,0.000,,,,,NVIDIA A100-SXM4-40GB MIG 4g.20gb (0),1,,13,cupy_copy__float16_float16
5103530787,6656,134932,282,1,1,128,1,1,16,0.000,0.000,,,,,NVIDIA A100-SXM4-40GB MIG 4g.20gb (0),1,,13,cupy_copy__complex64_complex64
5103642562,3840,134941,26,1,1,128,1,1,16,0.000,0.000,,,,,NVIDIA A100-SXM4-40GB MIG 4g.20gb (0),1,,13,cupy_copy__float32_float32
5103792224,8704,134950,103,1,1,128,1,1,16,0.000,0.000,,,,,NVIDIA A100-SXM4-40GB MIG 4g.20gb (0),1,,13,cupy_copy__complex64_complex64
5103891839,18432,134960,1434,1,1,128,1,1,16,0.000,0.000,,,,,NVIDIA A100-SXM4-40GB MIG 4g.20gb (0),1,,13,cupy_copy__complex64_complex64
5104022142,278428,134965,1,1,1,32,32,1,30,0.000,0.000,,,,,NVIDIA A100-SXM4-40GB MIG 4g.20gb (0),1,,13,"void convert_kernel<__half2, float2>(tensor_layout_any, T1 *, tensor_layout_any, const T2 *)"
5104332090,5760,134968,,,,,,,,,,0.094,16266.656,Pinned,Device,NVIDIA A100-SXM4-40GB MIG 4g.20gb (0),1,,13,[CUDA memcpy Host-to-Device]
5104506456,614713,134969,,,,,,,,,,456.561,742368.901,Device,,NVIDIA A100-SXM4-40GB MIG 4g.20gb (0),1,,13,[CUDA memset]
5105126481,66559,134974,,,,,,,,,,1.235,18553.799,Pinned,Device,NVIDIA A100-SXM4-40GB MIG 4g.20gb (0),1,,13,[CUDA memcpy Host-to-Device]
5105195536,16992,134975,,,,,,,,,,0.197,11570.577,Pinned,Device,NVIDIA A100-SXM4-40GB MIG 4g.20gb (0),1,,13,[CUDA memcpy Host-to-Device]
5105389358,22752,134976,69,4,1,48,1,1,76,0.002,0.000,,,,,NVIDIA A100-SXM4-40GB MIG 4g.20gb (0),1,,13,"void ch_est::windowedChEstPreNoDftSOfdmKernel<float, __half, float, (unsigned int)2, (unsigned int)1, (unsigned short)4>(ch_est::puschRxChEstStatDescr_t *, ch_est::puschRxChEstDynDescr_t *)"
5105576076,15648,134977,137,2,1,24,2,1,44,0.001,0.001,,,,,NVIDIA A100-SXM4-40GB MIG 4g.20gb (0),1,,13,"void ch_est::chEstFilterNoDftSOfdmDispatchKernel<float, __half, float, (unsigned int)2>(ch_est::puschRxChEstStatDescr_t *, ch_est::puschRxChEstDynDescr_t *)"
5105763786,15807,134978,137,2,1,24,2,1,44,0.001,0.001,,,,,NVIDIA A100-SXM4-40GB MIG 4g.20gb (0),1,,13,"void ch_est::chEstFilterNoDftSOfdmDispatchKernel<float, __half, float, (unsigned int)2>(ch_est::puschRxChEstStatDescr_t *, ch_est::puschRxChEstDynDescr_t *)"
5105949511,6464,134989,103,1,1,128,1,1,16,0.000,0.000,,,,,NVIDIA A100-SXM4-40GB MIG 4g.20gb (0),1,,13,cupy_copy__complex64_complex64
5106138533,19584,134999,1434,1,1,128,1,1,16,0.000,0.000,,,,,NVIDIA A100-SXM4-40GB MIG 4g.20gb (0),1,,13,cupy_copy__complex64_complex64
5106344451,6848,135006,103,1,1,128,1,1,16,0.000,0.000,,,,,NVIDIA A100-SXM4-40GB MIG 4g.20gb (0),1,,13,cupy_copy__complex64_complex64
5106577952,268541,135013,1,1,1,32,32,1,30,0.000,0.000,,,,,NVIDIA A100-SXM4-40GB MIG 4g.20gb (0),1,,13,"void convert_kernel<__half2, float2>(tensor_layout_any, T1 *, tensor_layout_any, const T2 *)"
5106877629,5472,135016,,,,,,,,,,0.094,17122.757,Pinned,Device,NVIDIA A100-SXM4-40GB MIG 4g.20gb (0),1,,13,[CUDA memcpy Host-to-Device]
5107093498,54688,135017,,,,,,,,,,35.810,654784.387,Device,,NVIDIA A100-SXM4-40GB MIG 4g.20gb (0),1,,13,[CUDA memset]
5107151322,2463,135019,,,,,,,,,,0.000,32.481,Pinned,Device,NVIDIA A100-SXM4-40GB MIG 4g.20gb (0),1,,13,[CUDA memcpy Host-to-Device]
5107160313,16480,135020,,,,,,,,,,0.197,11929.977,Pinned,Device,NVIDIA A100-SXM4-40GB MIG 4g.20gb (0),1,,13,[CUDA memcpy Host-to-Device]
5107287512,31232,135021,273,1,1,48,1,1,40,0.000,0.001,,,,,NVIDIA A100-SXM4-40GB MIG 4g.20gb (0),1,,13,"void pusch_noise_intf_est::noiseIntfEstNoDftSOfdmKernel<float, __half, float, float, (unsigned int)2, (unsigned int)1, (unsigned char)4, (unsigned char)4>(pusch_noise_intf_est::puschRxNoiseIntfEstDynDescr)"
5107404087,4704,135032,35,1,1,128,1,1,16,0.000,0.000,,,,,NVIDIA A100-SXM4-40GB MIG 4g.20gb (0),1,,13,cupy_copy__complex64_complex64
5107520213,3232,135041,1,1,1,1,1,1,18,0.000,0.000,,,,,NVIDIA A100-SXM4-40GB MIG 4g.20gb (0),1,,13,cupy_copy__float32_float32
5107529589,2176,135047,,,,,,,,,,0.000,1.838,Device,Pageable,NVIDIA A100-SXM4-40GB MIG 4g.20gb (0),1,,7,[CUDA memcpy Device-to-Host]
5108094511,16799,135058,1434,1,1,128,1,1,16,0.000,0.000,,,,,NVIDIA A100-SXM4-40GB MIG 4g.20gb (0),1,,13,cupy_copy__complex64_complex64
5108216237,9856,135065,103,1,1,128,1,1,16,0.000,0.000,,,,,NVIDIA A100-SXM4-40GB MIG 4g.20gb (0),1,,13,cupy_copy__complex64_complex64
5108308204,11392,135072,35,1,1,128,1,1,16,0.000,0.000,,,,,NVIDIA A100-SXM4-40GB MIG 4g.20gb (0),1,,13,cupy_copy__complex64_complex64
5108372555,3008,135079,1,1,1,1,1,1,18,0.000,0.000,,,,,NVIDIA A100-SXM4-40GB MIG 4g.20gb (0),1,,13,cupy_copy__float32_float32
5108453546,233214,135090,1,1,1,32,32,1,30,0.000,0.000,,,,,NVIDIA A100-SXM4-40GB MIG 4g.20gb (0),1,,13,"void convert_kernel<__half2, float2>(tensor_layout_any, T1 *, tensor_layout_any, const T2 *)"
5108719143,8736,135093,,,,,,,,,,0.094,10725.194,Pinned,Device,NVIDIA A100-SXM4-40GB MIG 4g.20gb (0),1,,13,[CUDA memcpy Host-to-Device]
5108872262,4736,135094,,,,,,,,,,1.547,326566.564,Device,,NVIDIA A100-SXM4-40GB MIG 4g.20gb (0),1,,13,[CUDA memset]
5108884614,3903,135099,,,,,,,,,,0.031,8018.442,Pinned,Device,NVIDIA A100-SXM4-40GB MIG 4g.20gb (0),1,,13,[CUDA memcpy Host-to-Device]
5108891269,11040,135100,,,,,,,,,,0.197,17808.556,Pinned,Device,NVIDIA A100-SXM4-40GB MIG 4g.20gb (0),1,,13,[CUDA memcpy Host-to-Device]
5109044708,25407,135101,273,1,1,8,4,1,39,0.002,0.000,,,,,NVIDIA A100-SXM4-40GB MIG 4g.20gb (0),1,,13,"void channel_eq::eqMmseCoefCompLowMimoKernel<float, float, float, (unsigned int)4, (unsigned int)1, (unsigned int)4>(const channel_eq::_puschRxChEqStatDescr *, channel_eq::_puschRxChEqCoefCompDynDescr)"
5109220130,14271,135102,273,1,1,12,11,1,51,0.002,0.000,,,,,NVIDIA A100-SXM4-40GB MIG 4g.20gb (0),1,,13,"void channel_eq::eqMmseSoftDemapKernel<float, __half, __half, float, (unsigned int)4, (unsigned short)16383>(channel_eq::_puschRxChEqStatDescr *, channel_eq::_puschRxChEqSoftDemapDynDescr)"
5109343744,700568,135103,1,1,1,32,32,1,30,0.000,0.000,,,,,NVIDIA A100-SXM4-40GB MIG 4g.20gb (0),1,,13,"void convert_kernel<float2, __half2>(tensor_layout_any, T1 *, tensor_layout_any, const T2 *)"
5110157751,15904,135115,2253,1,1,128,1,1,16,0.000,0.000,,,,,NVIDIA A100-SXM4-40GB MIG 4g.20gb (0),1,,13,cupy_copy__float16_float16
5110338741,7744,135124,282,1,1,128,1,1,16,0.000,0.000,,,,,NVIDIA A100-SXM4-40GB MIG 4g.20gb (0),1,,13,cupy_copy__complex64_complex64
5110536018,6176,135133,26,1,1,128,1,1,16,0.000,0.000,,,,,NVIDIA A100-SXM4-40GB MIG 4g.20gb (0),1,,13,cupy_copy__float32_float32
5110704081,6847,135142,103,1,1,128,1,1,16,0.000,0.000,,,,,NVIDIA A100-SXM4-40GB MIG 4g.20gb (0),1,,13,cupy_copy__complex64_complex64
5110918286,20256,135152,1434,1,1,128,1,1,16,0.000,0.000,,,,,NVIDIA A100-SXM4-40GB MIG 4g.20gb (0),1,,13,cupy_copy__complex64_complex64
5111095500,293085,135157,1,1,1,32,32,1,30,0.000,0.000,,,,,NVIDIA A100-SXM4-40GB MIG 4g.20gb (0),1,,13,"void convert_kernel<__half2, float2>(tensor_layout_any, T1 *, tensor_layout_any, const T2 *)"
5111418568,12000,135160,,,,,,,,,,0.094,7807.969,Pinned,Device,NVIDIA A100-SXM4-40GB MIG 4g.20gb (0),1,,13,[CUDA memcpy Host-to-Device]
5111566343,615640,135161,,,,,,,,,,456.561,741455.779,Device,,NVIDIA A100-SXM4-40GB MIG 4g.20gb (0),1,,13,[CUDA memset]
5112182655,71200,135166,,,,,,,,,,1.235,17343.554,Pinned,Device,NVIDIA A100-SXM4-40GB MIG 4g.20gb (0),1,,13,[CUDA memcpy Host-to-Device]
5112258143,14559,135167,,,,,,,,,,0.197,13504.217,Pinned,Device,NVIDIA A100-SXM4-40GB MIG 4g.20gb (0),1,,13,[CUDA memcpy Host-to-Device]
5112418525,17504,135168,69,4,1,48,1,1,76,0.002,0.000,,,,,NVIDIA A100-SXM4-40GB MIG 4g.20gb (0),1,,13,"void ch_est::windowedChEstPreNoDftSOfdmKernel<float, __half, float, (unsigned int)2, (unsigned int)1, (unsigned short)4>(ch_est::puschRxChEstStatDescr_t *, ch_est::puschRxChEstDynDescr_t *)"
5112589499,17664,135169,137,2,1,24,2,1,44,0.001,0.001,,,,,NVIDIA A100-SXM4-40GB MIG 4g.20gb (0),1,,13,"void ch_est::chEstFilterNoDftSOfdmDispatchKernel<float, __half, float, (unsigned int)2>(ch_est::puschRxChEstStatDescr_t *, ch_est::puschRxChEstDynDescr_t *)"
5112762617,15200,135170,137,2,1,24,2,1,44,0.001,0.001,,,,,NVIDIA A100-SXM4-40GB MIG 4g.20gb (0),1,,13,"void ch_est::chEstFilterNoDftSOfdmDispatchKernel<float, __half, float, (unsigned int)2>(ch_est::puschRxChEstStatDescr_t *, ch_est::puschRxChEstDynDescr_t *)"
5112933495,6784,135181,103,1,1,128,1,1,16,0.000,0.000,,,,,NVIDIA A100-SXM4-40GB MIG 4g.20gb (0),1,,13,cupy_copy__complex64_complex64
5113090645,22400,135191,1434,1,1,128,1,1,16,0.000,0.000,,,,,NVIDIA A100-SXM4-40GB MIG 4g.20gb (0),1,,13,cupy_copy__complex64_complex64
5113229331,4832,135198,103,1,1,128,1,1,16,0.000,0.000,,,,,NVIDIA A100-SXM4-40GB MIG 4g.20gb (0),1,,13,cupy_copy__complex64_complex64
5113373906,296252,135205,1,1,1,32,32,1,30,0.000,0.000,,,,,NVIDIA A100-SXM4-40GB MIG 4g.20gb (0),1,,13,"void convert_kernel<__half2, float2>(tensor_layout_any, T1 *, tensor_layout_any, const T2 *)"
5113714670,6112,135208,,,,,,,,,,0.094,15329.790,Pinned,Device,NVIDIA A100-SXM4-40GB MIG 4g.20gb (0),1,,13,[CUDA memcpy Host-to-Device]
5113882860,59199,135209,,,,,,,,,,35.810,604901.169,Device,,NVIDIA A100-SXM4-40GB MIG 4g.20gb (0),1,,13,[CUDA memset]
5113944715,6080,135211,,,,,,,,,,0.000,13.158,Pinned,Device,NVIDIA A100-SXM4-40GB MIG 4g.20gb (0),1,,13,[CUDA memcpy Host-to-Device]
5113953419,9568,135212,,,,,,,,,,0.197,20548.485,Pinned,Device,NVIDIA A100-SXM4-40GB MIG 4g.20gb (0),1,,13,[CUDA memcpy Host-to-Device]
5114061578,21696,135213,273,1,1,48,1,1,40,0.000,0.001,,,,,NVIDIA A100-SXM4-40GB MIG 4g.20gb (0),1,,13,"void pusch_noise_intf_est::noiseIntfEstNoDftSOfdmKernel<float, __half, float, float, (unsigned int)2, (unsigned int)1, (unsigned char)4, (unsigned char)4>(pusch_noise_intf_est::puschRxNoiseIntfEstDynDescr)"
5114192808,6752,135224,35,1,1,128,1,1,16,0.000,0.000,,,,,NVIDIA A100-SXM4-40GB MIG 4g.20gb (0),1,,13,cupy_copy__complex64_complex64
5114319207,3072,135233,1,1,1,1,1,1,18,0.000,0.000,,,,,NVIDIA A100-SXM4-40GB MIG 4g.20gb (0),1,,13,cupy_copy__float32_float32
5114324039,1760,135239,,,,,,,,,,0.000,2.273,Device,Pageable,NVIDIA A100-SXM4-40GB MIG 4g.20gb (0),1,,7,[CUDA memcpy Device-to-Host]
5114510661,25151,135250,1434,1,1,128,1,1,16,0.000,0.000,,,,,NVIDIA A100-SXM4-40GB MIG 4g.20gb (0),1,,13,cupy_copy__complex64_complex64
5114678851,5248,135257,103,1,1,128,1,1,16,0.000,0.000,,,,,NVIDIA A100-SXM4-40GB MIG 4g.20gb (0),1,,13,cupy_copy__complex64_complex64
5114806081,7232,135264,35,1,1,128,1,1,16,0.000,0.000,,,,,NVIDIA A100-SXM4-40GB MIG 4g.20gb (0),1,,13,cupy_copy__complex64_complex64
5114992031,3424,135271,1,1,1,1,1,1,18,0.000,0.000,,,,,NVIDIA A100-SXM4-40GB MIG 4g.20gb (0),1,,13,cupy_copy__float32_float32
5115150269,272669,135282,1,1,1,32,32,1,30,0.000,0.000,,,,,NVIDIA A100-SXM4-40GB MIG 4g.20gb (0),1,,13,"void convert_kernel<__half2, float2>(tensor_layout_any, T1 *, tensor_layout_any, const T2 *)"
5115454298,5728,135285,,,,,,,,,,0.094,16357.541,Pinned,Device,NVIDIA A100-SXM4-40GB MIG 4g.20gb (0),1,,13,[CUDA memcpy Host-to-Device]
5115622744,8384,135286,,,,,,,,,,1.547,184472.031,Device,,NVIDIA A100-SXM4-40GB MIG 4g.20gb (0),1,,13,[CUDA memset]
5115635320,3968,135291,,,,,,,,,,0.031,7887.093,Pinned,Device,NVIDIA A100-SXM4-40GB MIG 4g.20gb (0),1,,13,[CUDA memcpy Host-to-Device]
5115642072,9919,135292,,,,,,,,,,0.197,19821.232,Pinned,Device,NVIDIA A100-SXM4-40GB MIG 4g.20gb (0),1,,13,[CUDA memcpy Host-to-Device]
5115809622,24799,135293,273,1,1,8,4,1,39,0.002,0.000,,,,,NVIDIA A100-SXM4-40GB MIG 4g.20gb (0),1,,13,"void channel_eq::eqMmseCoefCompLowMimoKernel<float, float, float, (unsigned int)4, (unsigned int)1, (unsigned int)4>(const channel_eq::_puschRxChEqStatDescr *, channel_eq::_puschRxChEqCoefCompDynDescr)"
5116007283,17536,135294,273,1,1,12,11,1,51,0.002,0.000,,,,,NVIDIA A100-SXM4-40GB MIG 4g.20gb (0),1,,13,"void channel_eq::eqMmseSoftDemapKernel<float, __half, __half, float, (unsigned int)4, (unsigned short)16383>(channel_eq::_puschRxChEqStatDescr *, channel_eq::_puschRxChEqSoftDemapDynDescr)"
5116193649,667928,135295,1,1,1,32,32,1,30,0.000,0.000,,,,,NVIDIA A100-SXM4-40GB MIG 4g.20gb (0),1,,13,"void convert_kernel<float2, __half2>(tensor_layout_any, T1 *, tensor_layout_any, const T2 *)"
5116941801,12863,135307,2253,1,1,128,1,1,16,0.000,0.000,,,,,NVIDIA A100-SXM4-40GB MIG 4g.20gb (0),1,,13,cupy_copy__float16_float16
5117061863,5920,135316,282,1,1,128,1,1,16,0.000,0.000,,,,,NVIDIA A100-SXM4-40GB MIG 4g.20gb (0),1,,13,cupy_copy__complex64_complex64
5117164934,5760,135325,26,1,1,128,1,1,16,0.000,0.000,,,,,NVIDIA A100-SXM4-40GB MIG 4g.20gb (0),1,,13,cupy_copy__float32_float32
5117277189,14143,135334,103,1,1,128,1,1,16,0.000,0.000,,,,,NVIDIA A100-SXM4-40GB MIG 4g.20gb (0),1,,13,cupy_copy__complex64_complex64
5117391139,17856,135344,1434,1,1,128,1,1,16,0.000,0.000,,,,,NVIDIA A100-SXM4-40GB MIG 4g.20gb (0),1,,13,cupy_copy__complex64_complex64
5117662624,238653,135349,1,1,1,32,32,1,30,0.000,0.000,,,,,NVIDIA A100-SXM4-40GB MIG 4g.20gb (0),1,,13,"void convert_kernel<__half2, float2>(tensor_layout_any, T1 *, tensor_layout_any, const T2 *)"
5117934333,8640,135352,,,,,,,,,,0.094,10844.375,Pinned,Device,NVIDIA A100-SXM4-40GB MIG 4g.20gb (0),1,,13,[CUDA memcpy Host-to-Device]
5118061500,624824,135353,,,,,,,,,,456.561,730498.304,Device,,NVIDIA A100-SXM4-40GB MIG 4g.20gb (0),1,,13,[CUDA memset]
5118692212,91103,135358,,,,,,,,,,1.235,13554.745,Pinned,Device,NVIDIA A100-SXM4-40GB MIG 4g.20gb (0),1,,13,[CUDA memcpy Host-to-Device]
5118785395,9248,135359,,,,,,,,,,0.197,21259.420,Pinned,Device,NVIDIA A100-SXM4-40GB MIG 4g.20gb (0),1,,13,[CUDA memcpy Host-to-Device]
5119305613,20128,135360,69,4,1,48,1,1,76,0.002,0.000,,,,,NVIDIA A100-SXM4-40GB MIG 4g.20gb (0),1,,13,"void ch_est::windowedChEstPreNoDftSOfdmKernel<float, __half, float, (unsigned int)2, (unsigned int)1, (unsigned short)4>(ch_est::puschRxChEstStatDescr_t *, ch_est::puschRxChEstDynDescr_t *)"
5119428236,11680,135361,137,2,1,24,2,1,44,0.001,0.001,,,,,NVIDIA A100-SXM4-40GB MIG 4g.20gb (0),1,,13,"void ch_est::chEstFilterNoDftSOfdmDispatchKernel<float, __half, float, (unsigned int)2>(ch_est::puschRxChEstStatDescr_t *, ch_est::puschRxChEstDynDescr_t *)"
5119550282,14528,135362,137,2,1,24,2,1,44,0.001,0.001,,,,,NVIDIA A100-SXM4-40GB MIG 4g.20gb (0),1,,13,"void ch_est::chEstFilterNoDftSOfdmDispatchKernel<float, __half, float, (unsigned int)2>(ch_est::puschRxChEstStatDescr_t *, ch_est::puschRxChEstDynDescr_t *)"
5119708425,6272,135373,103,1,1,128,1,1,16,0.000,0.000,,,,,NVIDIA A100-SXM4-40GB MIG 4g.20gb (0),1,,13,cupy_copy__complex64_complex64
5119820839,17216,135383,1434,1,1,128,1,1,16,0.000,0.000,,,,,NVIDIA A100-SXM4-40GB MIG 4g.20gb (0),1,,13,cupy_copy__complex64_complex64
5119991013,5952,135390,103,1,1,128,1,1,16,0.000,0.000,,,,,NVIDIA A100-SXM4-40GB MIG 4g.20gb (0),1,,13,cupy_copy__complex64_complex64
5120120676,282557,135397,1,1,1,32,32,1,30,0.000,0.000,,,,,NVIDIA A100-SXM4-40GB MIG 4g.20gb (0),1,,13,"void convert_kernel<__half2, float2>(tensor_layout_any, T1 *, tensor_layout_any, const T2 *)"
5120433952,6336,135400,,,,,,,,,,0.094,14787.852,Pinned,Device,NVIDIA A100-SXM4-40GB MIG 4g.20gb (0),1,,13,[CUDA memcpy Host-to-Device]
5120588478,49792,135401,,,,,,,,,,35.810,719170.623,Device,,NVIDIA A100-SXM4-40GB MIG 4g.20gb (0),1,,13,[CUDA memset]
5120639582,1888,135403,,,,,,,,,,0.000,42.373,Pinned,Device,NVIDIA A100-SXM4-40GB MIG 4g.20gb (0),1,,13,[CUDA memcpy Host-to-Device]
5120647006,9472,135404,,,,,,,,,,0.197,20756.693,Pinned,Device,NVIDIA A100-SXM4-40GB MIG 4g.20gb (0),1,,13,[CUDA memcpy Host-to-Device]
5120805692,14528,135405,273,1,1,48,1,1,40,0.000,0.001,,,,,NVIDIA A100-SXM4-40GB MIG 4g.20gb (0),1,,13,"void pusch_noise_intf_est::noiseIntfEstNoDftSOfdmKernel<float, __half, float, float, (unsigned int)2, (unsigned int)1, (unsigned char)4, (unsigned char)4>(pusch_noise_intf_est::puschRxNoiseIntfEstDynDescr)"
5120979642,4608,135416,35,1,1,128,1,1,16,0.000,0.000,,,,,NVIDIA A100-SXM4-40GB MIG 4g.20gb (0),1,,13,cupy_copy__complex64_complex64
5121151192,3488,135425,1,1,1,1,1,1,18,0.000,0.000,,,,,NVIDIA A100-SXM4-40GB MIG 4g.20gb (0),1,,13,cupy_copy__float32_float32
5121161048,1600,135431,,,,,,,,,,0.000,2.500,Device,Pageable,NVIDIA A100-SXM4-40GB MIG 4g.20gb (0),1,,7,[CUDA memcpy Device-to-Host]
5121372885,19936,135442,1434,1,1,128,1,1,16,0.000,0.000,,,,,NVIDIA A100-SXM4-40GB MIG 4g.20gb (0),1,,13,cupy_copy__complex64_complex64
5121581395,5664,135449,103,1,1,128,1,1,16,0.000,0.000,,,,,NVIDIA A100-SXM4-40GB MIG 4g.20gb (0),1,,13,cupy_copy__complex64_complex64
5121723633,4608,135456,35,1,1,128,1,1,16,0.000,0.000,,,,,NVIDIA A100-SXM4-40GB MIG 4g.20gb (0),1,,13,cupy_copy__complex64_complex64
5121936655,3584,135463,1,1,1,1,1,1,18,0.000,0.000,,,,,NVIDIA A100-SXM4-40GB MIG 4g.20gb (0),1,,13,cupy_copy__float32_float32
5122066125,286557,135474,1,1,1,32,32,1,30,0.000,0.000,,,,,NVIDIA A100-SXM4-40GB MIG 4g.20gb (0),1,,13,"void convert_kernel<__half2, float2>(tensor_layout_any, T1 *, tensor_layout_any, const T2 *)"
5122389290,8928,135477,,,,,,,,,,0.094,10494.608,Pinned,Device,NVIDIA A100-SXM4-40GB MIG 4g.20gb (0),1,,13,[CUDA memcpy Host-to-Device]
5122539208,9152,135478,,,,,,,,,,1.547,168991.871,Device,,NVIDIA A100-SXM4-40GB MIG 4g.20gb (0),1,,13,[CUDA memset]
5122552424,8960,135483,,,,,,,,,,0.031,3492.853,Pinned,Device,NVIDIA A100-SXM4-40GB MIG 4g.20gb (0),1,,13,[CUDA memcpy Host-to-Device]
5122573192,16863,135484,,,,,,,,,,0.197,11659.051,Pinned,Device,NVIDIA A100-SXM4-40GB MIG 4g.20gb (0),1,,13,[CUDA memcpy Host-to-Device]
5122746086,12447,135485,273,1,1,8,4,1,39,0.002,0.000,,,,,NVIDIA A100-SXM4-40GB MIG 4g.20gb (0),1,,13,"void channel_eq::eqMmseCoefCompLowMimoKernel<float, float, float, (unsigned int)4, (unsigned int)1, (unsigned int)4>(const channel_eq::_puschRxChEqStatDescr *, channel_eq::_puschRxChEqCoefCompDynDescr)"
5122915044,11167,135486,273,1,1,12,11,1,51,0.002,0.000,,,,,NVIDIA A100-SXM4-40GB MIG 4g.20gb (0),1,,13,"void channel_eq::eqMmseSoftDemapKernel<float, __half, __half, float, (unsigned int)4, (unsigned short)16383>(channel_eq::_puschRxChEqStatDescr *, channel_eq::_puschRxChEqSoftDemapDynDescr)"
5123083010,690072,135487,1,1,1,32,32,1,30,0.000,0.000,,,,,NVIDIA A100-SXM4-40GB MIG 4g.20gb (0),1,,13,"void convert_kernel<float2, __half2>(tensor_layout_any, T1 *, tensor_layout_any, const T2 *)"
5123909848,13600,135499,2253,1,1,128,1,1,16,0.000,0.000,,,,,NVIDIA A100-SXM4-40GB MIG 4g.20gb (0),1,,13,cupy_copy__float16_float16
5124018455,12896,135508,282,1,1,128,1,1,16,0.000,0.000,,,,,NVIDIA A100-SXM4-40GB MIG 4g.20gb (0),1,,13,cupy_copy__complex64_complex64
5124081206,3552,135517,26,1,1,128,1,1,16,0.000,0.000,,,,,NVIDIA A100-SXM4-40GB MIG 4g.20gb (0),1,,13,cupy_copy__float32_float32
5124179669,10112,135526,103,1,1,128,1,1,16,0.000,0.000,,,,,NVIDIA A100-SXM4-40GB MIG 4g.20gb (0),1,,13,cupy_copy__complex64_complex64
5124262196,15296,135536,1434,1,1,128,1,1,16,0.000,0.000,,,,,NVIDIA A100-SXM4-40GB MIG 4g.20gb (0),1,,13,cupy_copy__complex64_complex64
5124366067,247581,135541,1,1,1,32,32,1,30,0.000,0.000,,,,,NVIDIA A100-SXM4-40GB MIG 4g.20gb (0),1,,13,"void convert_kernel<__half2, float2>(tensor_layout_any, T1 *, tensor_layout_any, const T2 *)"
5124646896,14623,135544,,,,,,,,,,0.094,6407.401,Pinned,Device,NVIDIA A100-SXM4-40GB MIG 4g.20gb (0),1,,13,[CUDA memcpy Host-to-Device]
5124762702,632377,135545,,,,,,,,,,456.561,721823.637,Device,,NVIDIA A100-SXM4-40GB MIG 4g.20gb (0),1,,13,[CUDA memset]
5125397031,62463,135550,,,,,,,,,,1.235,19770.218,Pinned,Device,NVIDIA A100-SXM4-40GB MIG 4g.20gb (0),1,,13,[CUDA memcpy Host-to-Device]
5125466278,12736,135551,,,,,,,,,,0.197,15437.070,Pinned,Device,NVIDIA A100-SXM4-40GB MIG 4g.20gb (0),1,,13,[CUDA memcpy Host-to-Device]
5125654788,22144,135552,69,4,1,48,1,1,76,0.002,0.000,,,,,NVIDIA A100-SXM4-40GB MIG 4g.20gb (0),1,,13,"void ch_est::windowedChEstPreNoDftSOfdmKernel<float, __half, float, (unsigned int)2, (unsigned int)1, (unsigned short)4>(ch_est::puschRxChEstStatDescr_t *, ch_est::puschRxChEstDynDescr_t *)"
5125789570,16448,135553,137,2,1,24,2,1,44,0.001,0.001,,,,,NVIDIA A100-SXM4-40GB MIG 4g.20gb (0),1,,13,"void ch_est::chEstFilterNoDftSOfdmDispatchKernel<float, __half, float, (unsigned int)2>(ch_est::puschRxChEstStatDescr_t *, ch_est::puschRxChEstDynDescr_t *)"
5125915649,16864,135554,137,2,1,24,2,1,44,0.001,0.001,,,,,NVIDIA A100-SXM4-40GB MIG 4g.20gb (0),1,,13,"void ch_est::chEstFilterNoDftSOfdmDispatchKernel<float, __half, float, (unsigned int)2>(ch_est::puschRxChEstStatDescr_t *, ch_est::puschRxChEstDynDescr_t *)"
5126104543,6880,135565,103,1,1,128,1,1,16,0.000,0.000,,,,,NVIDIA A100-SXM4-40GB MIG 4g.20gb (0),1,,13,cupy_copy__complex64_complex64
5126214590,16255,135575,1434,1,1,128,1,1,16,0.000,0.000,,,,,NVIDIA A100-SXM4-40GB MIG 4g.20gb (0),1,,13,cupy_copy__complex64_complex64
5126416731,4096,135582,103,1,1,128,1,1,16,0.000,0.000,,,,,NVIDIA A100-SXM4-40GB MIG 4g.20gb (0),1,,13,cupy_copy__complex64_complex64
5126588281,254365,135589,1,1,1,32,32,1,30,0.000,0.000,,,,,NVIDIA A100-SXM4-40GB MIG 4g.20gb (0),1,,13,"void convert_kernel<__half2, float2>(tensor_layout_any, T1 *, tensor_layout_any, const T2 *)"
5126872438,9120,135592,,,,,,,,,,0.094,10273.673,Pinned,Device,NVIDIA A100-SXM4-40GB MIG 4g.20gb (0),1,,13,[CUDA memcpy Host-to-Device]
5127024020,50560,135593,,,,,,,,,,35.810,708248.598,Device,,NVIDIA A100-SXM4-40GB MIG 4g.20gb (0),1,,13,[CUDA memset]
5127078868,6431,135595,,,,,,,,,,0.000,12.440,Pinned,Device,NVIDIA A100-SXM4-40GB MIG 4g.20gb (0),1,,13,[CUDA memcpy Host-to-Device]
5127091699,11168,135596,,,,,,,,,,0.197,17604.477,Pinned,Device,NVIDIA A100-SXM4-40GB MIG 4g.20gb (0),1,,13,[CUDA memcpy Host-to-Device]
5127333457,16735,135597,273,1,1,48,1,1,40,0.000,0.001,,,,,NVIDIA A100-SXM4-40GB MIG 4g.20gb (0),1,,13,"void pusch_noise_intf_est::noiseIntfEstNoDftSOfdmKernel<float, __half, float, float, (unsigned int)2, (unsigned int)1, (unsigned char)4, (unsigned char)4>(pusch_noise_intf_est::puschRxNoiseIntfEstDynDescr)"
5127539054,7104,135608,35,1,1,128,1,1,16,0.000,0.000,,,,,NVIDIA A100-SXM4-40GB MIG 4g.20gb (0),1,,13,cupy_copy__complex64_complex64
5127794795,3008,135617,1,1,1,1,1,1,18,0.000,0.000,,,,,NVIDIA A100-SXM4-40GB MIG 4g.20gb (0),1,,13,cupy_copy__float32_float32
5127804843,4320,135623,,,,,,,,,,0.000,0.926,Device,Pageable,NVIDIA A100-SXM4-40GB MIG 4g.20gb (0),1,,7,[CUDA memcpy Device-to-Host]
5128069192,18848,135634,1434,1,1,128,1,1,16,0.000,0.000,,,,,NVIDIA A100-SXM4-40GB MIG 4g.20gb (0),1,,13,cupy_copy__complex64_complex64
5128204487,4991,135641,103,1,1,128,1,1,16,0.000,0.000,,,,,NVIDIA A100-SXM4-40GB MIG 4g.20gb (0),1,,13,cupy_copy__complex64_complex64
5128371525,5344,135648,35,1,1,128,1,1,16,0.000,0.000,,,,,NVIDIA A100-SXM4-40GB MIG 4g.20gb (0),1,,13,cupy_copy__complex64_complex64
5128458628,5280,135655,1,1,1,1,1,1,18,0.000,0.000,,,,,NVIDIA A100-SXM4-40GB MIG 4g.20gb (0),1,,13,cupy_copy__float32_float32
5128521443,252957,135666,1,1,1,32,32,1,30,0.000,0.000,,,,,NVIDIA A100-SXM4-40GB MIG 4g.20gb (0),1,,13,"void convert_kernel<__half2, float2>(tensor_layout_any, T1 *, tensor_layout_any, const T2 *)"
5128805280,5728,135669,,,,,,,,,,0.094,16357.541,Pinned,Device,NVIDIA A100-SXM4-40GB MIG 4g.20gb (0),1,,13,[CUDA memcpy Host-to-Device]
5128899263,10559,135670,,,,,,,,,,1.547,146473.026,Device,,NVIDIA A100-SXM4-40GB MIG 4g.20gb (0),1,,13,[CUDA memset]
5128915870,9504,135675,,,,,,,,,,0.031,3292.903,Pinned,Device,NVIDIA A100-SXM4-40GB MIG 4g.20gb (0),1,,13,[CUDA memcpy Host-to-Device]
5128928190,10304,135676,,,,,,,,,,0.197,19080.610,Pinned,Device,NVIDIA A100-SXM4-40GB MIG 4g.20gb (0),1,,13,[CUDA memcpy Host-to-Device]
5129037309,8320,135677,273,1,1,8,4,1,39,0.002,0.000,,,,,NVIDIA A100-SXM4-40GB MIG 4g.20gb (0),1,,13,"void channel_eq::eqMmseCoefCompLowMimoKernel<float, float, float, (unsigned int)4, (unsigned int)1, (unsigned int)4>(const channel_eq::_puschRxChEqStatDescr *, channel_eq::_puschRxChEqCoefCompDynDescr)"
5129128668,23488,135678,273,1,1,12,11,1,51,0.002,0.000,,,,,NVIDIA A100-SXM4-40GB MIG 4g.20gb (0),1,,13,"void channel_eq::eqMmseSoftDemapKernel<float, __half, __half, float, (unsigned int)4, (unsigned short)16383>(channel_eq::_puschRxChEqStatDescr *, channel_eq::_puschRxChEqSoftDemapDynDescr)"
5129258746,564986,135679,1,1,1,32,32,1,30,0.000,0.000,,,,,NVIDIA A100-SXM4-40GB MIG 4g.20gb (0),1,,13,"void convert_kernel<float2, __half2>(tensor_layout_any, T1 *, tensor_layout_any, const T2 *)"
5129906739,21248,135691,2253,1,1,128,1,1,16,0.000,0.000,,,,,NVIDIA A100-SXM4-40GB MIG 4g.20gb (0),1,,13,cupy_copy__float16_float16
5129984882,5408,135700,282,1,1,128,1,1,16,0.000,0.000,,,,,NVIDIA A100-SXM4-40GB MIG 4g.20gb (0),1,,13,cupy_copy__complex64_complex64
5130090993,4768,135709,26,1,1,128,1,1,16,0.000,0.000,,,,,NVIDIA A100-SXM4-40GB MIG 4g.20gb (0),1,,13,cupy_copy__float32_float32
5130221167,6528,135718,103,1,1,128,1,1,16,0.000,0.000,,,,,NVIDIA A100-SXM4-40GB MIG 4g.20gb (0),1,,13,cupy_copy__complex64_complex64
5130317838,19584,135728,1434,1,1,128,1,1,16,0.000,0.000,,,,,NVIDIA A100-SXM4-40GB MIG 4g.20gb (0),1,,13,cupy_copy__complex64_complex64
5130429517,278173,135733,1,1,1,32,32,1,30,0.000,0.000,,,,,NVIDIA A100-SXM4-40GB MIG 4g.20gb (0),1,,13,"void convert_kernel<__half2, float2>(tensor_layout_any, T1 *, tensor_layout_any, const T2 *)"
5130740361,12896,135736,,,,,,,,,,0.094,7265.469,Pinned,Device,NVIDIA A100-SXM4-40GB MIG 4g.20gb (0),1,,13,[CUDA memcpy Host-to-Device]
5130889128,619704,135737,,,,,,,,,,456.561,736433.603,Device,,NVIDIA A100-SXM4-40GB MIG 4g.20gb (0),1,,13,[CUDA memset]
5131517824,68032,135742,,,,,,,,,,1.235,18151.207,Pinned,Device,NVIDIA A100-SXM4-40GB MIG 4g.20gb (0),1,,13,[CUDA memcpy Host-to-Device]
5131588895,13152,135743,,,,,,,,,,0.197,14948.893,Pinned,Device,NVIDIA A100-SXM4-40GB MIG 4g.20gb (0),1,,13,[CUDA memcpy Host-to-Device]
5131760893,16384,135744,69,4,1,48,1,1,76,0.002,0.000,,,,,NVIDIA A100-SXM4-40GB MIG 4g.20gb (0),1,,13,"void ch_est::windowedChEstPreNoDftSOfdmKernel<float, __half, float, (unsigned int)2, (unsigned int)1, (unsigned short)4>(ch_est::puschRxChEstStatDescr_t *, ch_est::puschRxChEstDynDescr_t *)"
5131931388,13535,135745,137,2,1,24,2,1,44,0.001,0.001,,,,,NVIDIA A100-SXM4-40GB MIG 4g.20gb (0),1,,13,"void ch_est::chEstFilterNoDftSOfdmDispatchKernel<float, __half, float, (unsigned int)2>(ch_est::puschRxChEstStatDescr_t *, ch_est::puschRxChEstDynDescr_t *)"
5132100090,15903,135746,137,2,1,24,2,1,44,0.001,0.001,,,,,NVIDIA A100-SXM4-40GB MIG 4g.20gb (0),1,,13,"void ch_est::chEstFilterNoDftSOfdmDispatchKernel<float, __half, float, (unsigned int)2>(ch_est::puschRxChEstStatDescr_t *, ch_est::puschRxChEstDynDescr_t *)"
5132269272,4800,135757,103,1,1,128,1,1,16,0.000,0.000,,,,,NVIDIA A100-SXM4-40GB MIG 4g.20gb (0),1,,13,cupy_copy__complex64_complex64
5132436566,18143,135767,1434,1,1,128,1,1,16,0.000,0.000,,,,,NVIDIA A100-SXM4-40GB MIG 4g.20gb (0),1,,13,cupy_copy__complex64_complex64
5132613780,4640,135774,103,1,1,128,1,1,16,0.000,0.000,,,,,NVIDIA A100-SXM4-40GB MIG 4g.20gb (0),1,,13,cupy_copy__complex64_complex64
5132782066,293564,135781,1,1,1,32,32,1,30,0.000,0.000,,,,,NVIDIA A100-SXM4-40GB MIG 4g.20gb (0),1,,13,"void convert_kernel<__half2, float2>(tensor_layout_any, T1 *, tensor_layout_any, const T2 *)"
5133109806,12064,135784,,,,,,,,,,0.094,7766.555,Pinned,Device,NVIDIA A100-SXM4-40GB MIG 4g.20gb (0),1,,13,[CUDA memcpy Host-to-Device]
5133241708,52800,135785,,,,,,,,,,35.810,678204.075,Device,,NVIDIA A100-SXM4-40GB MIG 4g.20gb (0),1,,13,[CUDA memset]
5133302220,5696,135787,,,,,,,,,,0.000,14.045,Pinned,Device,NVIDIA A100-SXM4-40GB MIG 4g.20gb (0),1,,13,[CUDA memcpy Host-to-Device]
5133311308,9663,135788,,,,,,,,,,0.197,20346.372,Pinned,Device,NVIDIA A100-SXM4-40GB MIG 4g.20gb (0),1,,13,[CUDA memcpy Host-to-Device]
5133414282,32800,135789,273,1,1,48,1,1,40,0.000,0.001,,,,,NVIDIA A100-SXM4-40GB MIG 4g.20gb (0),1,,13,"void pusch_noise_intf_est::noiseIntfEstNoDftSOfdmKernel<float, __half, float, float, (unsigned int)2, (unsigned int)1, (unsigned char)4, (unsigned char)4>(pusch_noise_intf_est::puschRxNoiseIntfEstDynDescr)"
5133533673,4640,135800,35,1,1,128,1,1,16,0.000,0.000,,,,,NVIDIA A100-SXM4-40GB MIG 4g.20gb (0),1,,13,cupy_copy__complex64_complex64
5133649512,3008,135809,1,1,1,1,1,1,18,0.000,0.000,,,,,NVIDIA A100-SXM4-40GB MIG 4g.20gb (0),1,,13,cupy_copy__float32_float32
5133657960,3936,135815,,,,,,,,,,0.000,1.016,Device,Pageable,NVIDIA A100-SXM4-40GB MIG 4g.20gb (0),1,,7,[CUDA memcpy Device-to-Host]
5133818342,20800,135826,1434,1,1,128,1,1,16,0.000,0.000,,,,,NVIDIA A100-SXM4-40GB MIG 4g.20gb (0),1,,13,cupy_copy__complex64_complex64
5133890309,4768,135833,103,1,1,128,1,1,16,0.000,0.000,,,,,NVIDIA A100-SXM4-40GB MIG 4g.20gb (0),1,,13,cupy_copy__complex64_complex64
5133993860,8192,135840,35,1,1,128,1,1,16,0.000,0.000,,,,,NVIDIA A100-SXM4-40GB MIG 4g.20gb (0),1,,13,cupy_copy__complex64_complex64
5134077475,3040,135847,1,1,1,1,1,1,18,0.000,0.000,,,,,NVIDIA A100-SXM4-40GB MIG 4g.20gb (0),1,,13,cupy_copy__float32_float32
5134171714,253789,135858,1,1,1,32,32,1,30,0.000,0.000,,,,,NVIDIA A100-SXM4-40GB MIG 4g.20gb (0),1,,13,"void convert_kernel<__half2, float2>(tensor_layout_any, T1 *, tensor_layout_any, const T2 *)"
5134458782,8704,135861,,,,,,,,,,0.094,10764.640,Pinned,Device,NVIDIA A100-SXM4-40GB MIG 4g.20gb (0),1,,13,[CUDA memcpy Host-to-Device]
5134538845,11968,135862,,,,,,,,,,1.547,129229.715,Device,,NVIDIA A100-SXM4-40GB MIG 4g.20gb (0),1,,13,[CUDA memset]
5134557725,3104,135867,,,,,,,,,,0.031,10082.445,Pinned,Device,NVIDIA A100-SXM4-40GB MIG 4g.20gb (0),1,,13,[CUDA memcpy Host-to-Device]
5134563293,10080,135868,,,,,,,,,,0.197,19504.693,Pinned,Device,NVIDIA A100-SXM4-40GB MIG 4g.20gb (0),1,,13,[CUDA memcpy Host-to-Device]
5134728955,21056,135869,273,1,1,8,4,1,39,0.002,0.000,,,,,NVIDIA A100-SXM4-40GB MIG 4g.20gb (0),1,,13,"void channel_eq::eqMmseCoefCompLowMimoKernel<float, float, float, (unsigned int)4, (unsigned int)1, (unsigned int)4>(const channel_eq::_puschRxChEqStatDescr *, channel_eq::_puschRxChEqCoefCompDynDescr)"
5134854906,15872,135870,273,1,1,12,11,1,51,0.002,0.000,,,,,NVIDIA A100-SXM4-40GB MIG 4g.20gb (0),1,,13,"void channel_eq::eqMmseSoftDemapKernel<float, __half, __half, float, (unsigned int)4, (unsigned short)16383>(channel_eq::_puschRxChEqStatDescr *, channel_eq::_puschRxChEqSoftDemapDynDescr)"
5135045976,689560,135871,1,1,1,32,32,1,30,0.000,0.000,,,,,NVIDIA A100-SXM4-40GB MIG 4g.20gb (0),1,,13,"void convert_kernel<float2, __half2>(tensor_layout_any, T1 *, tensor_layout_any, const T2 *)"
5135968077,13504,135883,2253,1,1,128,1,1,16,0.000,0.000,,,,,NVIDIA A100-SXM4-40GB MIG 4g.20gb (0),1,,13,cupy_copy__float16_float16
5136151595,11712,135892,282,1,1,128,1,1,16,0.000,0.000,,,,,NVIDIA A100-SXM4-40GB MIG 4g.20gb (0),1,,13,cupy_copy__complex64_complex64
5136343401,5920,135901,26,1,1,128,1,1,16,0.000,0.000,,,,,NVIDIA A100-SXM4-40GB MIG 4g.20gb (0),1,,13,cupy_copy__float32_float32
5136582374,10464,135910,103,1,1,128,1,1,16,0.000,0.000,,,,,NVIDIA A100-SXM4-40GB MIG 4g.20gb (0),1,,13,cupy_copy__complex64_complex64
5136710084,24256,135920,1434,1,1,128,1,1,16,0.000,0.000,,,,,NVIDIA A100-SXM4-40GB MIG 4g.20gb (0),1,,13,cupy_copy__complex64_complex64
5136945026,232957,135925,1,1,1,32,32,1,30,0.000,0.000,,,,,NVIDIA A100-SXM4-40GB MIG 4g.20gb (0),1,,13,"void convert_kernel<__half2, float2>(tensor_layout_any, T1 *, tensor_layout_any, const T2 *)"
5137211327,10975,135928,,,,,,,,,,0.094,8537.205,Pinned,Device,NVIDIA A100-SXM4-40GB MIG 4g.20gb (0),1,,13,[CUDA memcpy Host-to-Device]
5137464988,617273,135929,,,,,,,,,,456.561,739629.533,Device,,NVIDIA A100-SXM4-40GB MIG 4g.20gb (0),1,,13,[CUDA memset]
5138085717,62591,135934,,,,,,,,,,1.235,19729.465,Pinned,Device,NVIDIA A100-SXM4-40GB MIG 4g.20gb (0),1,,13,[CUDA memcpy Host-to-Device]
5138150964,15776,135935,,,,,,,,,,0.197,12462.391,Pinned,Device,NVIDIA A100-SXM4-40GB MIG 4g.20gb (0),1,,13,[CUDA memcpy Host-to-Device]
5138309234,18304,135936,69,4,1,48,1,1,76,0.002,0.000,,,,,NVIDIA A100-SXM4-40GB MIG 4g.20gb (0),1,,13,"void ch_est::windowedChEstPreNoDftSOfdmKernel<float, __half, float, (unsigned int)2, (unsigned int)1, (unsigned short)4>(ch_est::puschRxChEstStatDescr_t *, ch_est::puschRxChEstDynDescr_t *)"
5138494992,20032,135937,137,2,1,24,2,1,44,0.001,0.001,,,,,NVIDIA A100-SXM4-40GB MIG 4g.20gb (0),1,,13,"void ch_est::chEstFilterNoDftSOfdmDispatchKernel<float, __half, float, (unsigned int)2>(ch_est::puschRxChEstStatDescr_t *, ch_est::puschRxChEstDynDescr_t *)"
5138678414,17311,135938,137,2,1,24,2,1,44,0.001,0.001,,,,,NVIDIA A100-SXM4-40GB MIG 4g.20gb (0),1,,13,"void ch_est::chEstFilterNoDftSOfdmDispatchKernel<float, __half, float, (unsigned int)2>(ch_est::puschRxChEstStatDescr_t *, ch_est::puschRxChEstDynDescr_t *)"
5138862508,7103,135949,103,1,1,128,1,1,16,0.000,0.000,,,,,NVIDIA A100-SXM4-40GB MIG 4g.20gb (0),1,,13,cupy_copy__complex64_complex64
5139033834,17919,135959,1434,1,1,128,1,1,16,0.000,0.000,,,,,NVIDIA A100-SXM4-40GB MIG 4g.20gb (0),1,,13,cupy_copy__complex64_complex64
5139226695,4608,135966,103,1,1,128,1,1,16,0.000,0.000,,,,,NVIDIA A100-SXM4-40GB MIG 4g.20gb (0),1,,13,cupy_copy__complex64_complex64
5139384486,268892,135973,1,1,1,32,32,1,30,0.000,0.000,,,,,NVIDIA A100-SXM4-40GB MIG 4g.20gb (0),1,,13,"void convert_kernel<__half2, float2>(tensor_layout_any, T1 *, tensor_layout_any, const T2 *)"
5139684450,6016,135976,,,,,,,,,,0.094,15574.430,Pinned,Device,NVIDIA A100-SXM4-40GB MIG 4g.20gb (0),1,,13,[CUDA memcpy Host-to-Device]
5139825632,54880,135977,,,,,,,,,,35.810,652492.552,Device,,NVIDIA A100-SXM4-40GB MIG 4g.20gb (0),1,,13,[CUDA memset]
5139886784,3840,135979,,,,,,,,,,0.000,20.833,Pinned,Device,NVIDIA A100-SXM4-40GB MIG 4g.20gb (0),1,,13,[CUDA memcpy Host-to-Device]
5139893056,9952,135980,,,,,,,,,,0.197,19755.565,Pinned,Device,NVIDIA A100-SXM4-40GB MIG 4g.20gb (0),1,,13,[CUDA memcpy Host-to-Device]
5140000990,34816,135981,273,1,1,48,1,1,40,0.000,0.001,,,,,NVIDIA A100-SXM4-40GB MIG 4g.20gb (0),1,,13,"void pusch_noise_intf_est::noiseIntfEstNoDftSOfdmKernel<float, __half, float, float, (unsigned int)2, (unsigned int)1, (unsigned char)4, (unsigned char)4>(pusch_noise_intf_est::puschRxNoiseIntfEstDynDescr)"
5140168316,6336,135992,35,1,1,128,1,1,16,0.000,0.000,,,,,NVIDIA A100-SXM4-40GB MIG 4g.20gb (0),1,,13,cupy_copy__complex64_complex64
5140292219,3040,136001,1,1,1,1,1,1,18,0.000,0.000,,,,,NVIDIA A100-SXM4-40GB MIG 4g.20gb (0),1,,13,cupy_copy__float32_float32
5140301307,4352,136007,,,,,,,,,,0.000,0.919,Device,Pageable,NVIDIA A100-SXM4-40GB MIG 4g.20gb (0),1,,7,[CUDA memcpy Device-to-Host]
5140475609,21632,136018,1434,1,1,128,1,1,16,0.000,0.000,,,,,NVIDIA A100-SXM4-40GB MIG 4g.20gb (0),1,,13,cupy_copy__complex64_complex64
5140650263,6656,136025,103,1,1,128,1,1,16,0.000,0.000,,,,,NVIDIA A100-SXM4-40GB MIG 4g.20gb (0),1,,13,cupy_copy__complex64_complex64
5140806933,8608,136032,35,1,1,128,1,1,16,0.000,0.000,,,,,NVIDIA A100-SXM4-40GB MIG 4g.20gb (0),1,,13,cupy_copy__complex64_complex64
5140933588,3232,136039,1,1,1,1,1,1,18,0.000,0.000,,,,,NVIDIA A100-SXM4-40GB MIG 4g.20gb (0),1,,13,cupy_copy__float32_float32
5141109906,294460,136050,1,1,1,32,32,1,30,0.000,0.000,,,,,NVIDIA A100-SXM4-40GB MIG 4g.20gb (0),1,,13,"void convert_kernel<__half2, float2>(tensor_layout_any, T1 *, tensor_layout_any, const T2 *)"
5141436590,5664,136053,,,,,,,,,,0.094,16542.310,Pinned,Device,NVIDIA A100-SXM4-40GB MIG 4g.20gb (0),1,,13,[CUDA memcpy Host-to-Device]
5141604044,5184,136054,,,,,,,,,,1.547,298345.316,Device,,NVIDIA A100-SXM4-40GB MIG 4g.20gb (0),1,,13,[CUDA memset]
5141619532,4032,136059,,,,,,,,,,0.031,7761.877,Pinned,Device,NVIDIA A100-SXM4-40GB MIG 4g.20gb (0),1,,13,[CUDA memcpy Host-to-Device]
5141626956,22271,136060,,,,,,,,,,0.197,8827.896,Pinned,Device,NVIDIA A100-SXM4-40GB MIG 4g.20gb (0),1,,13,[CUDA memcpy Host-to-Device]
5141819657,9536,136061,273,1,1,8,4,1,39,0.002,0.000,,,,,NVIDIA A100-SXM4-40GB MIG 4g.20gb (0),1,,13,"void channel_eq::eqMmseCoefCompLowMimoKernel<float, float, float, (unsigned int)4, (unsigned int)1, (unsigned int)4>(const channel_eq::_puschRxChEqStatDescr *, channel_eq::_puschRxChEqCoefCompDynDescr)"
5142040039,10560,136062,273,1,1,12,11,1,51,0.002,0.000,,,,,NVIDIA A100-SXM4-40GB MIG 4g.20gb (0),1,,13,"void channel_eq::eqMmseSoftDemapKernel<float, __half, __half, float, (unsigned int)4, (unsigned short)16383>(channel_eq::_puschRxChEqStatDescr *, channel_eq::_puschRxChEqSoftDemapDynDescr)"
5142227109,726871,136063,1,1,1,32,32,1,30,0.000,0.000,,,,,NVIDIA A100-SXM4-40GB MIG 4g.20gb (0),1,,13,"void convert_kernel<float2, __half2>(tensor_layout_any, T1 *, tensor_layout_any, const T2 *)"
5143104059,17311,136075,2253,1,1,128,1,1,16,0.000,0.000,,,,,NVIDIA A100-SXM4-40GB MIG 4g.20gb (0),1,,13,cupy_copy__float16_float16
5143282457,5023,136084,282,1,1,128,1,1,16,0.000,0.000,,,,,NVIDIA A100-SXM4-40GB MIG 4g.20gb (0),1,,13,cupy_copy__complex64_complex64
5143454679,3680,136093,26,1,1,128,1,1,16,0.000,0.000,,,,,NVIDIA A100-SXM4-40GB MIG 4g.20gb (0),1,,13,cupy_copy__float32_float32
5143624021,4896,136102,103,1,1,128,1,1,16,0.000,0.000,,,,,NVIDIA A100-SXM4-40GB MIG 4g.20gb (0),1,,13,cupy_copy__complex64_complex64
5143752979,20000,136112,1434,1,1,128,1,1,16,0.000,0.000,,,,,NVIDIA A100-SXM4-40GB MIG 4g.20gb (0),1,,13,cupy_copy__complex64_complex64
5143933585,304093,136117,1,1,1,32,32,1,30,0.000,0.000,,,,,NVIDIA A100-SXM4-40GB MIG 4g.20gb (0),1,,13,"void convert_kernel<__half2, float2>(tensor_layout_any, T1 *, tensor_layout_any, const T2 *)"
5144270765,5664,136120,,,,,,,,,,0.094,16542.310,Pinned,Device,NVIDIA A100-SXM4-40GB MIG 4g.20gb (0),1,,13,[CUDA memcpy Host-to-Device]
5144420715,622233,136121,,,,,,,,,,456.561,733694.234,Device,,NVIDIA A100-SXM4-40GB MIG 4g.20gb (0),1,,13,[CUDA memset]
5145048420,59327,136126,,,,,,,,,,1.235,20814.981,Pinned,Device,NVIDIA A100-SXM4-40GB MIG 4g.20gb (0),1,,13,[CUDA memcpy Host-to-Device]
5145110211,13536,136127,,,,,,,,,,0.197,14524.809,Pinned,Device,NVIDIA A100-SXM4-40GB MIG 4g.20gb (0),1,,13,[CUDA memcpy Host-to-Device]
5145198626,17440,136128,69,4,1,48,1,1,76,0.002,0.000,,,,,NVIDIA A100-SXM4-40GB MIG 4g.20gb (0),1,,13,"void ch_est::windowedChEstPreNoDftSOfdmKernel<float, __half, float, (unsigned int)2, (unsigned int)1, (unsigned short)4>(ch_est::puschRxChEstStatDescr_t *, ch_est::puschRxChEstDynDescr_t *)"
5145314529,14720,136129,137,2,1,24,2,1,44,0.001,0.001,,,,,NVIDIA A100-SXM4-40GB MIG 4g.20gb (0),1,,13,"void ch_est::chEstFilterNoDftSOfdmDispatchKernel<float, __half, float, (unsigned int)2>(ch_est::puschRxChEstStatDescr_t *, ch_est::puschRxChEstDynDescr_t *)"
5145431456,10592,136130,137,2,1,24,2,1,44,0.001,0.001,,,,,NVIDIA A100-SXM4-40GB MIG 4g.20gb (0),1,,13,"void ch_est::chEstFilterNoDftSOfdmDispatchKernel<float, __half, float, (unsigned int)2>(ch_est::puschRxChEstStatDescr_t *, ch_est::puschRxChEstDynDescr_t *)"
5145543326,4832,136141,103,1,1,128,1,1,16,0.000,0.000,,,,,NVIDIA A100-SXM4-40GB MIG 4g.20gb (0),1,,13,cupy_copy__complex64_complex64
5145652829,20192,136151,1434,1,1,128,1,1,16,0.000,0.000,,,,,NVIDIA A100-SXM4-40GB MIG 4g.20gb (0),1,,13,cupy_copy__complex64_complex64
5145782108,5344,136158,103,1,1,128,1,1,16,0.000,0.000,,,,,NVIDIA A100-SXM4-40GB MIG 4g.20gb (0),1,,13,cupy_copy__complex64_complex64
5145946010,262141,136165,1,1,1,32,32,1,30,0.000,0.000,,,,,NVIDIA A100-SXM4-40GB MIG 4g.20gb (0),1,,13,"void convert_kernel<__half2, float2>(tensor_layout_any, T1 *, tensor_layout_any, const T2 *)"
5146241110,10112,136168,,,,,,,,,,0.094,9265.785,Pinned,Device,NVIDIA A100-SXM4-40GB MIG 4g.20gb (0),1,,13,[CUDA memcpy Host-to-Device]
5146369365,58687,136169,,,,,,,,,,35.810,610165.227,Device,,NVIDIA A100-SXM4-40GB MIG 4g.20gb (0),1,,13,[CUDA memset]
5146431892,2400,136171,,,,,,,,,,0.000,33.333,Pinned,Device,NVIDIA A100-SXM4-40GB MIG 4g.20gb (0),1,,13,[CUDA memcpy Host-to-Device]
5146440276,9504,136172,,,,,,,,,,0.197,20686.701,Pinned,Device,NVIDIA A100-SXM4-40GB MIG 4g.20gb (0),1,,13,[CUDA memcpy Host-to-Device]
5146550131,29023,136173,273,1,1,48,1,1,40,0.000,0.001,,,,,NVIDIA A100-SXM4-40GB MIG 4g.20gb (0),1,,13,"void pusch_noise_intf_est::noiseIntfEstNoDftSOfdmKernel<float, __half, float, float, (unsigned int)2, (unsigned int)1, (unsigned char)4, (unsigned char)4>(pusch_noise_intf_est::puschRxNoiseIntfEstDynDescr)"
5146737809,8480,136184,35,1,1,128,1,1,16,0.000,0.000,,,,,NVIDIA A100-SXM4-40GB MIG 4g.20gb (0),1,,13,cupy_copy__complex64_complex64
5146872111,4736,136193,1,1,1,1,1,1,18,0.000,0.000,,,,,NVIDIA A100-SXM4-40GB MIG 4g.20gb (0),1,,13,cupy_copy__float32_float32
5146880303,2272,136199,,,,,,,,,,0.000,1.761,Device,Pageable,NVIDIA A100-SXM4-40GB MIG 4g.20gb (0),1,,7,[CUDA memcpy Device-to-Host]
5147078925,20031,136210,1434,1,1,128,1,1,16,0.000,0.000,,,,,NVIDIA A100-SXM4-40GB MIG 4g.20gb (0),1,,13,cupy_copy__complex64_complex64
5147336906,5632,136217,103,1,1,128,1,1,16,0.000,0.000,,,,,NVIDIA A100-SXM4-40GB MIG 4g.20gb (0),1,,13,cupy_copy__complex64_complex64
5147508296,5472,136224,35,1,1,128,1,1,16,0.000,0.000,,,,,NVIDIA A100-SXM4-40GB MIG 4g.20gb (0),1,,13,cupy_copy__complex64_complex64
5147753061,5152,136231,1,1,1,1,1,1,18,0.000,0.000,,,,,NVIDIA A100-SXM4-40GB MIG 4g.20gb (0),1,,13,cupy_copy__float32_float32
5147963043,236413,136242,1,1,1,32,32,1,30,0.000,0.000,,,,,NVIDIA A100-SXM4-40GB MIG 4g.20gb (0),1,,13,"void convert_kernel<__half2, float2>(tensor_layout_any, T1 *, tensor_layout_any, const T2 *)"
5148234911,16032,136245,,,,,,,,,,0.094,5844.288,Pinned,Device,NVIDIA A100-SXM4-40GB MIG 4g.20gb (0),1,,13,[CUDA memcpy Host-to-Device]
5148449373,7680,136246,,,,,,,,,,1.547,201382.818,Device,,NVIDIA A100-SXM4-40GB MIG 4g.20gb (0),1,,13,[CUDA memset]
5148464861,7008,136251,,,,,,,,,,0.031,4465.751,Pinned,Device,NVIDIA A100-SXM4-40GB MIG 4g.20gb (0),1,,13,[CUDA memcpy Host-to-Device]
5148479549,11999,136252,,,,,,,,,,0.197,16385.311,Pinned,Device,NVIDIA A100-SXM4-40GB MIG 4g.20gb (0),1,,13,[CUDA memcpy Host-to-Device]
5148724826,23551,136253,273,1,1,8,4,1,39,0.002,0.000,,,,,NVIDIA A100-SXM4-40GB MIG 4g.20gb (0),1,,13,"void channel_eq::eqMmseCoefCompLowMimoKernel<float, float, float, (unsigned int)4, (unsigned int)1, (unsigned int)4>(const channel_eq::_puschRxChEqStatDescr *, channel_eq::_puschRxChEqCoefCompDynDescr)"
5149006998,21472,136254,273,1,1,12,11,1,51,0.002,0.000,,,,,NVIDIA A100-SXM4-40GB MIG 4g.20gb (0),1,,13,"void channel_eq::eqMmseSoftDemapKernel<float, __half, __half, float, (unsigned int)4, (unsigned short)16383>(channel_eq::_puschRxChEqStatDescr *, channel_eq::_puschRxChEqSoftDemapDynDescr)"
5149219444,1198642,136255,1,1,1,32,32,1,30,0.000,0.000,,,,,NVIDIA A100-SXM4-40GB MIG 4g.20gb (0),1,,13,"void convert_kernel<float2, __half2>(tensor_layout_any, T1 *, tensor_layout_any, const T2 *)"
5150529669,15520,136267,2253,1,1,128,1,1,16,0.000,0.000,,,,,NVIDIA A100-SXM4-40GB MIG 4g.20gb (0),1,,13,cupy_copy__float16_float16
5150702403,10112,136276,282,1,1,128,1,1,16,0.000,0.000,,,,,NVIDIA A100-SXM4-40GB MIG 4g.20gb (0),1,,13,cupy_copy__complex64_complex64
5150781186,4032,136285,26,1,1,128,1,1,16,0.000,0.000,,,,,NVIDIA A100-SXM4-40GB MIG 4g.20gb (0),1,,13,cupy_copy__float32_float32
5150835969,13184,136294,103,1,1,128,1,1,16,0.000,0.000,,,,,NVIDIA A100-SXM4-40GB MIG 4g.20gb (0),1,,13,cupy_copy__complex64_complex64
5150870753,15296,136304,1434,1,1,128,1,1,16,0.000,0.000,,,,,NVIDIA A100-SXM4-40GB MIG 4g.20gb (0),1,,13,cupy_copy__complex64_complex64
5150944000,256317,136309,1,1,1,32,32,1,30,0.000,0.000,,,,,NVIDIA A100-SXM4-40GB MIG 4g.20gb (0),1,,13,"void convert_kernel<__half2, float2>(tensor_layout_any, T1 *, tensor_layout_any, const T2 *)"
5151230877,6208,136312,,,,,,,,,,0.094,15092.739,Pinned,Device,NVIDIA A100-SXM4-40GB MIG 4g.20gb (0),1,,13,[CUDA memcpy Host-to-Device]
5151338076,616440,136313,,,,,,,,,,456.561,740542.656,Device,,NVIDIA A100-SXM4-40GB MIG 4g.20gb (0),1,,13,[CUDA memset]
5151959060,62752,136318,,,,,,,,,,1.235,19678.833,Pinned,Device,NVIDIA A100-SXM4-40GB MIG 4g.20gb (0),1,,13,[CUDA memcpy Host-to-Device]
5152029364,17663,136319,,,,,,,,,,0.197,11130.962,Pinned,Device,NVIDIA A100-SXM4-40GB MIG 4g.20gb (0),1,,13,[CUDA memcpy Host-to-Device]
5152128402,14784,136320,69,4,1,48,1,1,76,0.002,0.000,,,,,NVIDIA A100-SXM4-40GB MIG 4g.20gb (0),1,,13,"void ch_est::windowedChEstPreNoDftSOfdmKernel<float, __half, float, (unsigned int)2, (unsigned int)1, (unsigned short)4>(ch_est::puschRxChEstStatDescr_t *, ch_est::puschRxChEstDynDescr_t *)"
5152232593,11392,136321,137,2,1,24,2,1,44,0.001,0.001,,,,,NVIDIA A100-SXM4-40GB MIG 4g.20gb (0),1,,13,"void ch_est::chEstFilterNoDftSOfdmDispatchKernel<float, __half, float, (unsigned int)2>(ch_est::puschRxChEstStatDescr_t *, ch_est::puschRxChEstDynDescr_t *)"
5152320848,28128,136322,137,2,1,24,2,1,44,0.001,0.001,,,,,NVIDIA A100-SXM4-40GB MIG 4g.20gb (0),1,,13,"void ch_est::chEstFilterNoDftSOfdmDispatchKernel<float, __half, float, (unsigned int)2>(ch_est::puschRxChEstStatDescr_t *, ch_est::puschRxChEstDynDescr_t *)"
5152436239,8608,136333,103,1,1,128,1,1,16,0.000,0.000,,,,,NVIDIA A100-SXM4-40GB MIG 4g.20gb (0),1,,13,cupy_copy__complex64_complex64
5152554670,18943,136343,1434,1,1,128,1,1,16,0.000,0.000,,,,,NVIDIA A100-SXM4-40GB MIG 4g.20gb (0),1,,13,cupy_copy__complex64_complex64
5152649260,4160,136350,103,1,1,128,1,1,16,0.000,0.000,,,,,NVIDIA A100-SXM4-40GB MIG 4g.20gb (0),1,,13,cupy_copy__complex64_complex64
5152778283,267933,136357,1,1,1,32,32,1,30,0.000,0.000,,,,,NVIDIA A100-SXM4-40GB MIG 4g.20gb (0),1,,13,"void convert_kernel<__half2, float2>(tensor_layout_any, T1 *, tensor_layout_any, const T2 *)"
5153078631,9984,136360,,,,,,,,,,0.094,9384.591,Pinned,Device,NVIDIA A100-SXM4-40GB MIG 4g.20gb (0),1,,13,[CUDA memcpy Host-to-Device]
5153209990,51711,136361,,,,,,,,,,35.810,692492.233,Device,,NVIDIA A100-SXM4-40GB MIG 4g.20gb (0),1,,13,[CUDA memset]
5153267525,3840,136363,,,,,,,,,,0.000,20.833,Pinned,Device,NVIDIA A100-SXM4-40GB MIG 4g.20gb (0),1,,13,[CUDA memcpy Host-to-Device]
5153274661,9472,136364,,,,,,,,,,0.197,20756.693,Pinned,Device,NVIDIA A100-SXM4-40GB MIG 4g.20gb (0),1,,13,[CUDA memcpy Host-to-Device]
5153417604,14015,136365,273,1,1,48,1,1,40,0.000,0.001,,,,,NVIDIA A100-SXM4-40GB MIG 4g.20gb (0),1,,13,"void pusch_noise_intf_est::noiseIntfEstNoDftSOfdmKernel<float, __half, float, float, (unsigned int)2, (unsigned int)1, (unsigned char)4, (unsigned char)4>(pusch_noise_intf_est::puschRxNoiseIntfEstDynDescr)"
5153562434,8384,136376,35,1,1,128,1,1,16,0.000,0.000,,,,,NVIDIA A100-SXM4-40GB MIG 4g.20gb (0),1,,13,cupy_copy__complex64_complex64
5153650817,3616,136385,1,1,1,1,1,1,18,0.000,0.000,,,,,NVIDIA A100-SXM4-40GB MIG 4g.20gb (0),1,,13,cupy_copy__float32_float32
5153658497,2624,136391,,,,,,,,,,0.000,1.524,Device,Pageable,NVIDIA A100-SXM4-40GB MIG 4g.20gb (0),1,,7,[CUDA memcpy Device-to-Host]
5153848447,16255,136402,1434,1,1,128,1,1,16,0.000,0.000,,,,,NVIDIA A100-SXM4-40GB MIG 4g.20gb (0),1,,13,cupy_copy__complex64_complex64
5154016221,5696,136409,103,1,1,128,1,1,16,0.000,0.000,,,,,NVIDIA A100-SXM4-40GB MIG 4g.20gb (0),1,,13,cupy_copy__complex64_complex64
5154193723,7360,136416,35,1,1,128,1,1,16,0.000,0.000,,,,,NVIDIA A100-SXM4-40GB MIG 4g.20gb (0),1,,13,cupy_copy__complex64_complex64
5154306553,3136,136423,1,1,1,1,1,1,18,0.000,0.000,,,,,NVIDIA A100-SXM4-40GB MIG 4g.20gb (0),1,,13,cupy_copy__float32_float32
5154481911,299773,136434,1,1,1,32,32,1,30,0.000,0.000,,,,,NVIDIA A100-SXM4-40GB MIG 4g.20gb (0),1,,13,"void convert_kernel<__half2, float2>(tensor_layout_any, T1 *, tensor_layout_any, const T2 *)"
5154811635,8576,136437,,,,,,,,,,0.094,10925.328,Pinned,Device,NVIDIA A100-SXM4-40GB MIG 4g.20gb (0),1,,13,[CUDA memcpy Host-to-Device]
5154913266,9696,136438,,,,,,,,,,1.547,159511.066,Device,,NVIDIA A100-SXM4-40GB MIG 4g.20gb (0),1,,13,[CUDA memset]
5154923762,6912,136443,,,,,,,,,,0.031,4527.749,Pinned,Device,NVIDIA A100-SXM4-40GB MIG 4g.20gb (0),1,,13,[CUDA memcpy Host-to-Device]
5154933490,12064,136444,,,,,,,,,,0.197,16297.034,Pinned,Device,NVIDIA A100-SXM4-40GB MIG 4g.20gb (0),1,,13,[CUDA memcpy Host-to-Device]
5155066993,22911,136445,273,1,1,8,4,1,39,0.002,0.000,,,,,NVIDIA A100-SXM4-40GB MIG 4g.20gb (0),1,,13,"void channel_eq::eqMmseCoefCompLowMimoKernel<float, float, float, (unsigned int)4, (unsigned int)1, (unsigned int)4>(const channel_eq::_puschRxChEqStatDescr *, channel_eq::_puschRxChEqCoefCompDynDescr)"
5155223183,15136,136446,273,1,1,12,11,1,51,0.002,0.000,,,,,NVIDIA A100-SXM4-40GB MIG 4g.20gb (0),1,,13,"void channel_eq::eqMmseSoftDemapKernel<float, __half, __half, float, (unsigned int)4, (unsigned short)16383>(channel_eq::_puschRxChEqStatDescr *, channel_eq::_puschRxChEqSoftDemapDynDescr)"
5155383181,731095,136447,1,1,1,32,32,1,30,0.000,0.000,,,,,NVIDIA A100-SXM4-40GB MIG 4g.20gb (0),1,,13,"void convert_kernel<float2, __half2>(tensor_layout_any, T1 *, tensor_layout_any, const T2 *)"
5156200483,12768,136459,2253,1,1,128,1,1,16,0.000,0.000,,,,,NVIDIA A100-SXM4-40GB MIG 4g.20gb (0),1,,13,cupy_copy__float16_float16
5156281443,14431,136468,282,1,1,128,1,1,16,0.000,0.000,,,,,NVIDIA A100-SXM4-40GB MIG 4g.20gb (0),1,,13,cupy_copy__complex64_complex64
5156335810,4384,136477,26,1,1,128,1,1,16,0.000,0.000,,,,,NVIDIA A100-SXM4-40GB MIG 4g.20gb (0),1,,13,cupy_copy__float32_float32
5156426817,8640,136486,103,1,1,128,1,1,16,0.000,0.000,,,,,NVIDIA A100-SXM4-40GB MIG 4g.20gb (0),1,,13,cupy_copy__complex64_complex64
5156510368,15264,136496,1434,1,1,128,1,1,16,0.000,0.000,,,,,NVIDIA A100-SXM4-40GB MIG 4g.20gb (0),1,,13,cupy_copy__complex64_complex64
5156601343,253821,136501,1,1,1,32,32,1,30,0.000,0.000,,,,,NVIDIA A100-SXM4-40GB MIG 4g.20gb (0),1,,13,"void convert_kernel<__half2, float2>(tensor_layout_any, T1 *, tensor_layout_any, const T2 *)"
5156888188,6527,136504,,,,,,,,,,0.094,14355.070,Pinned,Device,NVIDIA A100-SXM4-40GB MIG 4g.20gb (0),1,,13,[CUDA memcpy Host-to-Device]
5156952763,620217,136505,,,,,,,,,,456.561,735977.041,Device,,NVIDIA A100-SXM4-40GB MIG 4g.20gb (0),1,,13,[CUDA memset]
5157578356,59455,136510,,,,,,,,,,1.235,20770.523,Pinned,Device,NVIDIA A100-SXM4-40GB MIG 4g.20gb (0),1,,13,[CUDA memcpy Host-to-Device]
5157647091,12000,136511,,,,,,,,,,0.197,16383.934,Pinned,Device,NVIDIA A100-SXM4-40GB MIG 4g.20gb (0),1,,13,[CUDA memcpy Host-to-Device]
5157756721,10272,136512,69,4,1,48,1,1,76,0.002,0.000,,,,,NVIDIA A100-SXM4-40GB MIG 4g.20gb (0),1,,13,"void ch_est::windowedChEstPreNoDftSOfdmKernel<float, __half, float, (unsigned int)2, (unsigned int)1, (unsigned short)4>(ch_est::puschRxChEstStatDescr_t *, ch_est::puschRxChEstDynDescr_t *)"
5157838257,22591,136513,137,2,1,24,2,1,44,0.001,0.001,,,,,NVIDIA A100-SXM4-40GB MIG 4g.20gb (0),1,,13,"void ch_est::chEstFilterNoDftSOfdmDispatchKernel<float, __half, float, (unsigned int)2>(ch_est::puschRxChEstStatDescr_t *, ch_est::puschRxChEstDynDescr_t *)"
5157899760,13568,136514,137,2,1,24,2,1,44,0.001,0.001,,,,,NVIDIA A100-SXM4-40GB MIG 4g.20gb (0),1,,13,"void ch_est::chEstFilterNoDftSOfdmDispatchKernel<float, __half, float, (unsigned int)2>(ch_est::puschRxChEstStatDescr_t *, ch_est::puschRxChEstDynDescr_t *)"
5158001039,4768,136525,103,1,1,128,1,1,16,0.000,0.000,,,,,NVIDIA A100-SXM4-40GB MIG 4g.20gb (0),1,,13,cupy_copy__complex64_complex64
5158093358,17183,136535,1434,1,1,128,1,1,16,0.000,0.000,,,,,NVIDIA A100-SXM4-40GB MIG 4g.20gb (0),1,,13,cupy_copy__complex64_complex64
5158195308,4736,136542,103,1,1,128,1,1,16,0.000,0.000,,,,,NVIDIA A100-SXM4-40GB MIG 4g.20gb (0),1,,13,cupy_copy__complex64_complex64
5158284811,264413,136549,1,1,1,32,32,1,30,0.000,0.000,,,,,NVIDIA A100-SXM4-40GB MIG 4g.20gb (0),1,,13,"void convert_kernel<__half2, float2>(tensor_layout_any, T1 *, tensor_layout_any, const T2 *)"
5158578664,5984,136552,,,,,,,,,,0.094,15657.726,Pinned,Device,NVIDIA A100-SXM4-40GB MIG 4g.20gb (0),1,,13,[CUDA memcpy Host-to-Device]
5158715494,55136,136553,,,,,,,,,,35.810,649448.709,Device,,NVIDIA A100-SXM4-40GB MIG 4g.20gb (0),1,,13,[CUDA memset]
5158774342,3200,136555,,,,,,,,,,0.000,25.000,Pinned,Device,NVIDIA A100-SXM4-40GB MIG 4g.20gb (0),1,,13,[CUDA memcpy Host-to-Device]
5158784262,9952,136556,,,,,,,,,,0.197,19755.565,Pinned,Device,NVIDIA A100-SXM4-40GB MIG 4g.20gb (0),1,,13,[CUDA memcpy Host-to-Device]
5159027619,33983,136557,273,1,1,48,1,1,40,0.000,0.001,,,,,NVIDIA A100-SXM4-40GB MIG 4g.20gb (0),1,,13,"void pusch_noise_intf_est::noiseIntfEstNoDftSOfdmKernel<float, __half, float, float, (unsigned int)2, (unsigned int)1, (unsigned char)4, (unsigned char)4>(pusch_noise_intf_est::puschRxNoiseIntfEstDynDescr)"
5159291040,7936,136568,35,1,1,128,1,1,16,0.000,0.000,,,,,NVIDIA A100-SXM4-40GB MIG 4g.20gb (0),1,,13,cupy_copy__complex64_complex64
5159490141,5408,136577,1,1,1,1,1,1,18,0.000,0.000,,,,,NVIDIA A100-SXM4-40GB MIG 4g.20gb (0),1,,13,cupy_copy__float32_float32
5159503261,1568,136583,,,,,,,,,,0.000,2.551,Device,Pageable,NVIDIA A100-SXM4-40GB MIG 4g.20gb (0),1,,7,[CUDA memcpy Device-to-Host]
5159682235,20416,136594,1434,1,1,128,1,1,16,0.000,0.000,,,,,NVIDIA A100-SXM4-40GB MIG 4g.20gb (0),1,,13,cupy_copy__complex64_complex64
5159882681,7584,136601,103,1,1,128,1,1,16,0.000,0.000,,,,,NVIDIA A100-SXM4-40GB MIG 4g.20gb (0),1,,13,cupy_copy__complex64_complex64
5160052983,6784,136608,35,1,1,128,1,1,16,0.000,0.000,,,,,NVIDIA A100-SXM4-40GB MIG 4g.20gb (0),1,,13,cupy_copy__complex64_complex64
5160177718,4192,136615,1,1,1,1,1,1,18,0.000,0.000,,,,,NVIDIA A100-SXM4-40GB MIG 4g.20gb (0),1,,13,cupy_copy__float32_float32
5160349364,249405,136626,1,1,1,32,32,1,30,0.000,0.000,,,,,NVIDIA A100-SXM4-40GB MIG 4g.20gb (0),1,,13,"void convert_kernel<__half2, float2>(tensor_layout_any, T1 *, tensor_layout_any, const T2 *)"
5160630960,9312,136629,,,,,,,,,,0.094,10061.826,Pinned,Device,NVIDIA A100-SXM4-40GB MIG 4g.20gb (0),1,,13,[CUDA memcpy Host-to-Device]
5160748239,7040,136630,,,,,,,,,,1.547,219690.206,Device,,NVIDIA A100-SXM4-40GB MIG 4g.20gb (0),1,,13,[CUDA memset]
5160761199,7328,136635,,,,,,,,,,0.031,4270.715,Pinned,Device,NVIDIA A100-SXM4-40GB MIG 4g.20gb (0),1,,13,[CUDA memcpy Host-to-Device]
5160774703,9600,136636,,,,,,,,,,0.197,20479.869,Pinned,Device,NVIDIA A100-SXM4-40GB MIG 4g.20gb (0),1,,13,[CUDA memcpy Host-to-Device]
5160939981,10656,136637,273,1,1,8,4,1,39,0.002,0.000,,,,,NVIDIA A100-SXM4-40GB MIG 4g.20gb (0),1,,13,"void channel_eq::eqMmseCoefCompLowMimoKernel<float, float, float, (unsigned int)4, (unsigned int)1, (unsigned int)4>(const channel_eq::_puschRxChEqStatDescr *, channel_eq::_puschRxChEqCoefCompDynDescr)"
5161132203,13119,136638,273,1,1,12,11,1,51,0.002,0.000,,,,,NVIDIA A100-SXM4-40GB MIG 4g.20gb (0),1,,13,"void channel_eq::eqMmseSoftDemapKernel<float, __half, __half, float, (unsigned int)4, (unsigned short)16383>(channel_eq::_puschRxChEqStatDescr *, channel_eq::_puschRxChEqSoftDemapDynDescr)"
5161248393,1121171,136639,1,1,1,32,32,1,30,0.000,0.000,,,,,NVIDIA A100-SXM4-40GB MIG 4g.20gb (0),1,,13,"void convert_kernel<float2, __half2>(tensor_layout_any, T1 *, tensor_layout_any, const T2 *)"
5162484699,14624,136651,2253,1,1,128,1,1,16,0.000,0.000,,,,,NVIDIA A100-SXM4-40GB MIG 4g.20gb (0),1,,13,cupy_copy__float16_float16
5162651289,9920,136660,282,1,1,128,1,1,16,0.000,0.000,,,,,NVIDIA A100-SXM4-40GB MIG 4g.20gb (0),1,,13,cupy_copy__complex64_complex64
5162775096,4768,136669,26,1,1,128,1,1,16,0.000,0.000,,,,,NVIDIA A100-SXM4-40GB MIG 4g.20gb (0),1,,13,cupy_copy__float32_float32
5162904054,12128,136678,103,1,1,128,1,1,16,0.000,0.000,,,,,NVIDIA A100-SXM4-40GB MIG 4g.20gb (0),1,,13,cupy_copy__complex64_complex64
5163106708,19936,136694,1434,1,1,128,1,1,16,0.000,0.000,,,,,NVIDIA A100-SXM4-40GB MIG 4g.20gb (0),1,,13,cupy_copy__complex64_complex64
5163280178,279997,136699,1,1,1,32,32,1,30,0.000,0.000,,,,,NVIDIA A100-SXM4-40GB MIG 4g.20gb (0),1,,13,"void convert_kernel<__half2, float2>(tensor_layout_any, T1 *, tensor_layout_any, const T2 *)"
5163591662,12416,136702,,,,,,,,,,0.094,7546.370,Pinned,Device,NVIDIA A100-SXM4-40GB MIG 4g.20gb (0),1,,13,[CUDA memcpy Host-to-Device]
5163752332,619161,136703,,,,,,,,,,456.561,737346.726,Device,,NVIDIA A100-SXM4-40GB MIG 4g.20gb (0),1,,13,[CUDA memset]
5164378469,68799,136708,,,,,,,,,,1.235,17949.911,Pinned,Device,NVIDIA A100-SXM4-40GB MIG 4g.20gb (0),1,,13,[CUDA memcpy Host-to-Device]
5164457284,17760,136709,,,,,,,,,,0.197,11070.210,Pinned,Device,NVIDIA A100-SXM4-40GB MIG 4g.20gb (0),1,,13,[CUDA memcpy Host-to-Device]
5164632962,11872,136710,69,4,1,48,1,1,76,0.002,0.000,,,,,NVIDIA A100-SXM4-40GB MIG 4g.20gb (0),1,,13,"void ch_est::windowedChEstPreNoDftSOfdmKernel<float, __half, float, (unsigned int)2, (unsigned int)1, (unsigned short)4>(ch_est::puschRxChEstStatDescr_t *, ch_est::puschRxChEstDynDescr_t *)"
5164846432,26719,136711,137,2,1,24,2,1,44,0.001,0.001,,,,,NVIDIA A100-SXM4-40GB MIG 4g.20gb (0),1,,13,"void ch_est::chEstFilterNoDftSOfdmDispatchKernel<float, __half, float, (unsigned int)2>(ch_est::puschRxChEstStatDescr_t *, ch_est::puschRxChEstDynDescr_t *)"
5164960574,18368,136712,137,2,1,24,2,1,44,0.001,0.001,,,,,NVIDIA A100-SXM4-40GB MIG 4g.20gb (0),1,,13,"void ch_est::chEstFilterNoDftSOfdmDispatchKernel<float, __half, float, (unsigned int)2>(ch_est::puschRxChEstStatDescr_t *, ch_est::puschRxChEstDynDescr_t *)"
5165198556,6016,136723,103,1,1,128,1,1,16,0.000,0.000,,,,,NVIDIA A100-SXM4-40GB MIG 4g.20gb (0),1,,13,cupy_copy__complex64_complex64
5165363034,22975,136733,1434,1,1,128,1,1,16,0.000,0.000,,,,,NVIDIA A100-SXM4-40GB MIG 4g.20gb (0),1,,13,cupy_copy__complex64_complex64
5165487352,8320,136740,103,1,1,128,1,1,16,0.000,0.000,,,,,NVIDIA A100-SXM4-40GB MIG 4g.20gb (0),1,,13,cupy_copy__complex64_complex64
5165583895,260253,136747,1,1,1,32,32,1,30,0.000,0.000,,,,,NVIDIA A100-SXM4-40GB MIG 4g.20gb (0),1,,13,"void convert_kernel<__half2, float2>(tensor_layout_any, T1 *, tensor_layout_any, const T2 *)"
5165875508,10880,136750,,,,,,,,,,0.094,8611.693,Pinned,Device,NVIDIA A100-SXM4-40GB MIG 4g.20gb (0),1,,13,[CUDA memcpy Host-to-Device]
5165950483,62463,136751,,,,,,,,,,35.810,573281.009,Device,,NVIDIA A100-SXM4-40GB MIG 4g.20gb (0),1,,13,[CUDA memset]
5166019122,2080,136753,,,,,,,,,,0.000,38.462,Pinned,Device,NVIDIA A100-SXM4-40GB MIG 4g.20gb (0),1,,13,[CUDA memcpy Host-to-Device]
5166023890,12576,136754,,,,,,,,,,0.197,15633.482,Pinned,Device,NVIDIA A100-SXM4-40GB MIG 4g.20gb (0),1,,13,[CUDA memcpy Host-to-Device]
5166130257,21632,136755,273,1,1,48,1,1,40,0.000,0.001,,,,,NVIDIA A100-SXM4-40GB MIG 4g.20gb (0),1,,13,"void pusch_noise_intf_est::noiseIntfEstNoDftSOfdmKernel<float, __half, float, float, (unsigned int)2, (unsigned int)1, (unsigned char)4, (unsigned char)4>(pusch_noise_intf_est::puschRxNoiseIntfEstDynDescr)"
5166236272,6976,136766,35,1,1,128,1,1,16,0.000,0.000,,,,,NVIDIA A100-SXM4-40GB MIG 4g.20gb (0),1,,13,cupy_copy__complex64_complex64
5166308207,4480,136775,1,1,1,1,1,1,18,0.000,0.000,,,,,NVIDIA A100-SXM4-40GB MIG 4g.20gb (0),1,,13,cupy_copy__float32_float32
5166317743,1632,136781,,,,,,,,,,0.000,2.451,Device,Pageable,NVIDIA A100-SXM4-40GB MIG 4g.20gb (0),1,,7,[CUDA memcpy Device-to-Host]
5166461709,15776,136792,1434,1,1,128,1,1,16,0.000,0.000,,,,,NVIDIA A100-SXM4-40GB MIG 4g.20gb (0),1,,13,cupy_copy__complex64_complex64
5166553708,8256,136799,103,1,1,128,1,1,16,0.000,0.000,,,,,NVIDIA A100-SXM4-40GB MIG 4g.20gb (0),1,,13,cupy_copy__complex64_complex64
5166645291,7392,136806,35,1,1,128,1,1,16,0.000,0.000,,,,,NVIDIA A100-SXM4-40GB MIG 4g.20gb (0),1,,13,cupy_copy__complex64_complex64
5166718634,6784,136813,1,1,1,1,1,1,18,0.000,0.000,,,,,NVIDIA A100-SXM4-40GB MIG 4g.20gb (0),1,,13,cupy_copy__float32_float32
5166769001,246814,136824,1,1,1,32,32,1,30,0.000,0.000,,,,,NVIDIA A100-SXM4-40GB MIG 4g.20gb (0),1,,13,"void convert_kernel<__half2, float2>(tensor_layout_any, T1 *, tensor_layout_any, const T2 *)"
5167046470,8704,136827,,,,,,,,,,0.094,10764.640,Pinned,Device,NVIDIA A100-SXM4-40GB MIG 4g.20gb (0),1,,13,[CUDA memcpy Host-to-Device]
5167151141,6656,136828,,,,,,,,,,1.547,232364.790,Device,,NVIDIA A100-SXM4-40GB MIG 4g.20gb (0),1,,13,[CUDA memset]
5167164901,8416,136833,,,,,,,,,,0.031,3718.622,Pinned,Device,NVIDIA A100-SXM4-40GB MIG 4g.20gb (0),1,,13,[CUDA memcpy Host-to-Device]
5167180197,9664,136834,,,,,,,,,,0.197,20344.209,Pinned,Device,NVIDIA A100-SXM4-40GB MIG 4g.20gb (0),1,,13,[CUDA memcpy Host-to-Device]
5167276324,10880,136835,273,1,1,8,4,1,39,0.002,0.000,,,,,NVIDIA A100-SXM4-40GB MIG 4g.20gb (0),1,,13,"void channel_eq::eqMmseCoefCompLowMimoKernel<float, float, float, (unsigned int)4, (unsigned int)1, (unsigned int)4>(const channel_eq::_puschRxChEqStatDescr *, channel_eq::_puschRxChEqCoefCompDynDescr)"
5167470241,13888,136836,273,1,1,12,11,1,51,0.002,0.000,,,,,NVIDIA A100-SXM4-40GB MIG 4g.20gb (0),1,,13,"void channel_eq::eqMmseSoftDemapKernel<float, __half, __half, float, (unsigned int)4, (unsigned short)16383>(channel_eq::_puschRxChEqStatDescr *, channel_eq::_puschRxChEqSoftDemapDynDescr)"
5167582272,651801,136837,1,1,1,32,32,1,30,0.000,0.000,,,,,NVIDIA A100-SXM4-40GB MIG 4g.20gb (0),1,,13,"void convert_kernel<float2, __half2>(tensor_layout_any, T1 *, tensor_layout_any, const T2 *)"
5168429046,24256,136849,2253,1,1,128,1,1,16,0.000,0.000,,,,,NVIDIA A100-SXM4-40GB MIG 4g.20gb (0),1,,13,cupy_copy__float16_float16
5168648820,8288,136858,282,1,1,128,1,1,16,0.000,0.000,,,,,NVIDIA A100-SXM4-40GB MIG 4g.20gb (0),1,,13,cupy_copy__complex64_complex64
5168890097,5344,136867,26,1,1,128,1,1,16,0.000,0.000,,,,,NVIDIA A100-SXM4-40GB MIG 4g.20gb (0),1,,13,cupy_copy__float32_float32
5169095919,6624,136876,103,1,1,128,1,1,16,0.000,0.000,,,,,NVIDIA A100-SXM4-40GB MIG 4g.20gb (0),1,,13,cupy_copy__complex64_complex64
5169287212,16544,136886,1434,1,1,128,1,1,16,0.000,0.000,,,,,NVIDIA A100-SXM4-40GB MIG 4g.20gb (0),1,,13,cupy_copy__complex64_complex64
5169406187,823223,136891,1,1,1,32,32,1,30,0.000,0.000,,,,,NVIDIA A100-SXM4-40GB MIG 4g.20gb (0),1,,13,"void convert_kernel<__half2, float2>(tensor_layout_any, T1 *, tensor_layout_any, const T2 *)"
5170261057,5472,136894,,,,,,,,,,0.094,17122.757,Pinned,Device,NVIDIA A100-SXM4-40GB MIG 4g.20gb (0),1,,13,[CUDA memcpy Host-to-Device]
5170424671,615705,136895,,,,,,,,,,456.561,741455.779,Device,,NVIDIA A100-SXM4-40GB MIG 4g.20gb (0),1,,13,[CUDA memset]
5171044792,61823,136900,,,,,,,,,,1.235,19975.219,Pinned,Device,NVIDIA A100-SXM4-40GB MIG 4g.20gb (0),1,,13,[CUDA memcpy Host-to-Device]
5171109815,11904,136901,,,,,,,,,,0.197,16516.055,Pinned,Device,NVIDIA A100-SXM4-40GB MIG 4g.20gb (0),1,,13,[CUDA memcpy Host-to-Device]
5171252310,12224,136902,69,4,1,48,1,1,76,0.002,0.000,,,,,NVIDIA A100-SXM4-40GB MIG 4g.20gb (0),1,,13,"void ch_est::windowedChEstPreNoDftSOfdmKernel<float, __half, float, (unsigned int)2, (unsigned int)1, (unsigned short)4>(ch_est::puschRxChEstStatDescr_t *, ch_est::puschRxChEstDynDescr_t *)"
5171346709,10816,136903,137,2,1,24,2,1,44,0.001,0.001,,,,,NVIDIA A100-SXM4-40GB MIG 4g.20gb (0),1,,13,"void ch_est::chEstFilterNoDftSOfdmDispatchKernel<float, __half, float, (unsigned int)2>(ch_est::puschRxChEstStatDescr_t *, ch_est::puschRxChEstDynDescr_t *)"
5171455475,9440,136904,137,2,1,24,2,1,44,0.001,0.001,,,,,NVIDIA A100-SXM4-40GB MIG 4g.20gb (0),1,,13,"void ch_est::chEstFilterNoDftSOfdmDispatchKernel<float, __half, float, (unsigned int)2>(ch_est::puschRxChEstStatDescr_t *, ch_est::puschRxChEstDynDescr_t *)"
5171556882,5856,136915,103,1,1,128,1,1,16,0.000,0.000,,,,,NVIDIA A100-SXM4-40GB MIG 4g.20gb (0),1,,13,cupy_copy__complex64_complex64
5171646033,16448,136925,1434,1,1,128,1,1,16,0.000,0.000,,,,,NVIDIA A100-SXM4-40GB MIG 4g.20gb (0),1,,13,cupy_copy__complex64_complex64
5171755280,4928,136932,103,1,1,128,1,1,16,0.000,0.000,,,,,NVIDIA A100-SXM4-40GB MIG 4g.20gb (0),1,,13,cupy_copy__complex64_complex64
5171836815,250365,136939,1,1,1,32,32,1,30,0.000,0.000,,,,,NVIDIA A100-SXM4-40GB MIG 4g.20gb (0),1,,13,"void convert_kernel<__half2, float2>(tensor_layout_any, T1 *, tensor_layout_any, const T2 *)"
5172129004,9568,136942,,,,,,,,,,0.094,9792.637,Pinned,Device,NVIDIA A100-SXM4-40GB MIG 4g.20gb (0),1,,13,[CUDA memcpy Host-to-Device]
5172188235,53151,136943,,,,,,,,,,35.810,673727.835,Device,,NVIDIA A100-SXM4-40GB MIG 4g.20gb (0),1,,13,[CUDA memset]
5172249418,2080,136945,,,,,,,,,,0.000,38.462,Pinned,Device,NVIDIA A100-SXM4-40GB MIG 4g.20gb (0),1,,13,[CUDA memcpy Host-to-Device]
5172254058,9440,136946,,,,,,,,,,0.197,20827.079,Pinned,Device,NVIDIA A100-SXM4-40GB MIG 4g.20gb (0),1,,13,[CUDA memcpy Host-to-Device]
5172401128,20224,136947,273,1,1,48,1,1,40,0.000,0.001,,,,,NVIDIA A100-SXM4-40GB MIG 4g.20gb (0),1,,13,"void pusch_noise_intf_est::noiseIntfEstNoDftSOfdmKernel<float, __half, float, float, (unsigned int)2, (unsigned int)1, (unsigned char)4, (unsigned char)4>(pusch_noise_intf_est::puschRxNoiseIntfEstDynDescr)"
5172519239,4864,136958,35,1,1,128,1,1,16,0.000,0.000,,,,,NVIDIA A100-SXM4-40GB MIG 4g.20gb (0),1,,13,cupy_copy__complex64_complex64
5172655558,7711,136967,1,1,1,1,1,1,18,0.000,0.000,,,,,NVIDIA A100-SXM4-40GB MIG 4g.20gb (0),1,,13,cupy_copy__float32_float32
5172668837,2208,136973,,,,,,,,,,0.000,1.812,Device,Pageable,NVIDIA A100-SXM4-40GB MIG 4g.20gb (0),1,,7,[CUDA memcpy Device-to-Host]
5172791396,16064,136984,1434,1,1,128,1,1,16,0.000,0.000,,,,,NVIDIA A100-SXM4-40GB MIG 4g.20gb (0),1,,13,cupy_copy__complex64_complex64
5172937570,6432,136991,103,1,1,128,1,1,16,0.000,0.000,,,,,NVIDIA A100-SXM4-40GB MIG 4g.20gb (0),1,,13,cupy_copy__complex64_complex64
5173033921,7392,136998,35,1,1,128,1,1,16,0.000,0.000,,,,,NVIDIA A100-SXM4-40GB MIG 4g.20gb (0),1,,13,cupy_copy__complex64_complex64
5173161184,4640,137005,1,1,1,1,1,1,18,0.000,0.000,,,,,NVIDIA A100-SXM4-40GB MIG 4g.20gb (0),1,,13,cupy_copy__float32_float32
5173272510,283325,137016,1,1,1,32,32,1,30,0.000,0.000,,,,,NVIDIA A100-SXM4-40GB MIG 4g.20gb (0),1,,13,"void convert_kernel<__half2, float2>(tensor_layout_any, T1 *, tensor_layout_any, const T2 *)"
5173586971,6592,137019,,,,,,,,,,0.094,14213.590,Pinned,Device,NVIDIA A100-SXM4-40GB MIG 4g.20gb (0),1,,13,[CUDA memcpy Host-to-Device]
5173735801,9344,137020,,,,,,,,,,1.547,165519.700,Device,,NVIDIA A100-SXM4-40GB MIG 4g.20gb (0),1,,13,[CUDA memset]
5173748089,7200,137025,,,,,,,,,,0.031,4346.639,Pinned,Device,NVIDIA A100-SXM4-40GB MIG 4g.20gb (0),1,,13,[CUDA memcpy Host-to-Device]
5173757977,10368,137026,,,,,,,,,,0.197,18962.842,Pinned,Device,NVIDIA A100-SXM4-40GB MIG 4g.20gb (0),1,,13,[CUDA memcpy Host-to-Device]
5173906071,14720,137027,273,1,1,8,4,1,39,0.002,0.000,,,,,NVIDIA A100-SXM4-40GB MIG 4g.20gb (0),1,,13,"void channel_eq::eqMmseCoefCompLowMimoKernel<float, float, float, (unsigned int)4, (unsigned int)1, (unsigned int)4>(const channel_eq::_puschRxChEqStatDescr *, channel_eq::_puschRxChEqCoefCompDynDescr)"
5174122325,16959,137028,273,1,1,12,11,1,51,0.002,0.000,,,,,NVIDIA A100-SXM4-40GB MIG 4g.20gb (0),1,,13,"void channel_eq::eqMmseSoftDemapKernel<float, __half, __half, float, (unsigned int)4, (unsigned short)16383>(channel_eq::_puschRxChEqStatDescr *, channel_eq::_puschRxChEqSoftDemapDynDescr)"
5174298899,714199,137029,1,1,1,32,32,1,30,0.000,0.000,,,,,NVIDIA A100-SXM4-40GB MIG 4g.20gb (0),1,,13,"void convert_kernel<float2, __half2>(tensor_layout_any, T1 *, tensor_layout_any, const T2 *)"
5175134281,16576,137041,2253,1,1,128,1,1,16,0.000,0.000,,,,,NVIDIA A100-SXM4-40GB MIG 4g.20gb (0),1,,13,cupy_copy__float16_float16
5175293575,9120,137050,282,1,1,128,1,1,16,0.000,0.000,,,,,NVIDIA A100-SXM4-40GB MIG 4g.20gb (0),1,,13,cupy_copy__complex64_complex64
5175430502,10751,137059,26,1,1,128,1,1,16,0.000,0.000,,,,,NVIDIA A100-SXM4-40GB MIG 4g.20gb (0),1,,13,cupy_copy__float32_float32
5175544868,8160,137068,103,1,1,128,1,1,16,0.000,0.000,,,,,NVIDIA A100-SXM4-40GB MIG 4g.20gb (0),1,,13,cupy_copy__complex64_complex64
5175671971,19136,137078,1434,1,1,128,1,1,16,0.000,0.000,,,,,NVIDIA A100-SXM4-40GB MIG 4g.20gb (0),1,,13,cupy_copy__complex64_complex64
5175779138,238045,137083,1,1,1,32,32,1,30,0.000,0.000,,,,,NVIDIA A100-SXM4-40GB MIG 4g.20gb (0),1,,13,"void convert_kernel<__half2, float2>(tensor_layout_any, T1 *, tensor_layout_any, const T2 *)"
5176051838,10528,137086,,,,,,,,,,0.094,8899.621,Pinned,Device,NVIDIA A100-SXM4-40GB MIG 4g.20gb (0),1,,13,[CUDA memcpy Host-to-Device]
5176202749,617560,137087,,,,,,,,,,456.561,739172.971,Device,,NVIDIA A100-SXM4-40GB MIG 4g.20gb (0),1,,13,[CUDA memset]
5176826133,64288,137092,,,,,,,,,,1.235,19209.554,Pinned,Device,NVIDIA A100-SXM4-40GB MIG 4g.20gb (0),1,,13,[CUDA memcpy Host-to-Device]
5176893749,10784,137093,,,,,,,,,,0.197,18231.263,Pinned,Device,NVIDIA A100-SXM4-40GB MIG 4g.20gb (0),1,,13,[CUDA memcpy Host-to-Device]
5177010195,10912,137094,69,4,1,48,1,1,76,0.002,0.000,,,,,NVIDIA A100-SXM4-40GB MIG 4g.20gb (0),1,,13,"void ch_est::windowedChEstPreNoDftSOfdmKernel<float, __half, float, (unsigned int)2, (unsigned int)1, (unsigned short)4>(ch_est::puschRxChEstStatDescr_t *, ch_est::puschRxChEstDynDescr_t *)"
5177100914,9088,137095,137,2,1,24,2,1,44,0.001,0.001,,,,,NVIDIA A100-SXM4-40GB MIG 4g.20gb (0),1,,13,"void ch_est::chEstFilterNoDftSOfdmDispatchKernel<float, __half, float, (unsigned int)2>(ch_est::puschRxChEstStatDescr_t *, ch_est::puschRxChEstDynDescr_t *)"
5177207121,9632,137096,137,2,1,24,2,1,44,0.001,0.001,,,,,NVIDIA A100-SXM4-40GB MIG 4g.20gb (0),1,,13,"void ch_est::chEstFilterNoDftSOfdmDispatchKernel<float, __half, float, (unsigned int)2>(ch_est::puschRxChEstStatDescr_t *, ch_est::puschRxChEstDynDescr_t *)"
5177310448,5408,137107,103,1,1,128,1,1,16,0.000,0.000,,,,,NVIDIA A100-SXM4-40GB MIG 4g.20gb (0),1,,13,cupy_copy__complex64_complex64
5177401551,16512,137117,1434,1,1,128,1,1,16,0.000,0.000,,,,,NVIDIA A100-SXM4-40GB MIG 4g.20gb (0),1,,13,cupy_copy__complex64_complex64
5177488462,10528,137124,103,1,1,128,1,1,16,0.000,0.000,,,,,NVIDIA A100-SXM4-40GB MIG 4g.20gb (0),1,,13,cupy_copy__complex64_complex64
5177550541,599097,137131,1,1,1,32,32,1,30,0.000,0.000,,,,,NVIDIA A100-SXM4-40GB MIG 4g.20gb (0),1,,13,"void convert_kernel<__half2, float2>(tensor_layout_any, T1 *, tensor_layout_any, const T2 *)"
5178179558,6592,137134,,,,,,,,,,0.094,14213.590,Pinned,Device,NVIDIA A100-SXM4-40GB MIG 4g.20gb (0),1,,13,[CUDA memcpy Host-to-Device]
5178331044,48063,137135,,,,,,,,,,35.810,745061.196,Device,,NVIDIA A100-SXM4-40GB MIG 4g.20gb (0),1,,13,[CUDA memset]
5178386243,6240,137137,,,,,,,,,,0.000,12.820,Pinned,Device,NVIDIA A100-SXM4-40GB MIG 4g.20gb (0),1,,13,[CUDA memcpy Host-to-Device]
5178395299,9472,137138,,,,,,,,,,0.197,20756.693,Pinned,Device,NVIDIA A100-SXM4-40GB MIG 4g.20gb (0),1,,13,[CUDA memcpy Host-to-Device]
5178487042,16800,137139,273,1,1,48,1,1,40,0.000,0.001,,,,,NVIDIA A100-SXM4-40GB MIG 4g.20gb (0),1,,13,"void pusch_noise_intf_est::noiseIntfEstNoDftSOfdmKernel<float, __half, float, float, (unsigned int)2, (unsigned int)1, (unsigned char)4, (unsigned char)4>(pusch_noise_intf_est::puschRxNoiseIntfEstDynDescr)"
5178676576,4064,137150,35,1,1,128,1,1,16,0.000,0.000,,,,,NVIDIA A100-SXM4-40GB MIG 4g.20gb (0),1,,13,cupy_copy__complex64_complex64
5178775071,4224,137159,1,1,1,1,1,1,18,0.000,0.000,,,,,NVIDIA A100-SXM4-40GB MIG 4g.20gb (0),1,,13,cupy_copy__float32_float32
5178785119,5568,137165,,,,,,,,,,0.000,0.718,Device,Pageable,NVIDIA A100-SXM4-40GB MIG 4g.20gb (0),1,,7,[CUDA memcpy Device-to-Host]
5178997596,23840,137176,1434,1,1,128,1,1,16,0.000,0.000,,,,,NVIDIA A100-SXM4-40GB MIG 4g.20gb (0),1,,13,cupy_copy__complex64_complex64
5179162234,7456,137183,103,1,1,128,1,1,16,0.000,0.000,,,,,NVIDIA A100-SXM4-40GB MIG 4g.20gb (0),1,,13,cupy_copy__complex64_complex64
5179288249,3808,137190,35,1,1,128,1,1,16,0.000,0.000,,,,,NVIDIA A100-SXM4-40GB MIG 4g.20gb (0),1,,13,cupy_copy__complex64_complex64
5179458551,3712,137197,1,1,1,1,1,1,18,0.000,0.000,,,,,NVIDIA A100-SXM4-40GB MIG 4g.20gb (0),1,,13,cupy_copy__float32_float32
5179625045,253757,137208,1,1,1,32,32,1,30,0.000,0.000,,,,,NVIDIA A100-SXM4-40GB MIG 4g.20gb (0),1,,13,"void convert_kernel<__half2, float2>(tensor_layout_any, T1 *, tensor_layout_any, const T2 *)"
5179910546,14144,137211,,,,,,,,,,0.094,6624.401,Pinned,Device,NVIDIA A100-SXM4-40GB MIG 4g.20gb (0),1,,13,[CUDA memcpy Host-to-Device]
5180100816,7808,137212,,,,,,,,,,1.547,198080.776,Device,,NVIDIA A100-SXM4-40GB MIG 4g.20gb (0),1,,13,[CUDA memset]
5180112847,9856,137217,,,,,,,,,,0.031,3175.323,Pinned,Device,NVIDIA A100-SXM4-40GB MIG 4g.20gb (0),1,,13,[CUDA memcpy Host-to-Device]
5180128687,12864,137218,,,,,,,,,,0.197,15283.519,Pinned,Device,NVIDIA A100-SXM4-40GB MIG 4g.20gb (0),1,,13,[CUDA memcpy Host-to-Device]
5180315437,23840,137219,273,1,1,8,4,1,39,0.002,0.000,,,,,NVIDIA A100-SXM4-40GB MIG 4g.20gb (0),1,,13,"void channel_eq::eqMmseCoefCompLowMimoKernel<float, float, float, (unsigned int)4, (unsigned int)1, (unsigned int)4>(const channel_eq::_puschRxChEqStatDescr *, channel_eq::_puschRxChEqCoefCompDynDescr)"
5180508235,13056,137220,273,1,1,12,11,1,51,0.002,0.000,,,,,NVIDIA A100-SXM4-40GB MIG 4g.20gb (0),1,,13,"void channel_eq::eqMmseSoftDemapKernel<float, __half, __half, float, (unsigned int)4, (unsigned short)16383>(channel_eq::_puschRxChEqStatDescr *, channel_eq::_puschRxChEqSoftDemapDynDescr)"
5180757704,680888,137221,1,1,1,32,32,1,30,0.000,0.000,,,,,NVIDIA A100-SXM4-40GB MIG 4g.20gb (0),1,,13,"void convert_kernel<float2, __half2>(tensor_layout_any, T1 *, tensor_layout_any, const T2 *)"
5181523999,12960,137233,2253,1,1,128,1,1,16,0.000,0.000,,,,,NVIDIA A100-SXM4-40GB MIG 4g.20gb (0),1,,13,cupy_copy__float16_float16
5181538079,3648,137242,282,1,1,128,1,1,16,0.000,0.000,,,,,NVIDIA A100-SXM4-40GB MIG 4g.20gb (0),1,,13,cupy_copy__complex64_complex64
5181542943,2336,137251,26,1,1,128,1,1,16,0.000,0.000,,,,,NVIDIA A100-SXM4-40GB MIG 4g.20gb (0),1,,13,cupy_copy__float32_float32
5181546207,3264,137260,103,1,1,128,1,1,16,0.000,0.000,,,,,NVIDIA A100-SXM4-40GB MIG 4g.20gb (0),1,,13,cupy_copy__complex64_complex64
5181550463,11904,137270,1434,1,1,128,1,1,16,0.000,0.000,,,,,NVIDIA A100-SXM4-40GB MIG 4g.20gb (0),1,,13,cupy_copy__complex64_complex64
5182009818,151934,137275,1,1,1,32,32,1,30,0.000,0.000,,,,,NVIDIA A100-SXM4-40GB MIG 4g.20gb (0),1,,13,"void convert_kernel<__half2, float2>(tensor_layout_any, T1 *, tensor_layout_any, const T2 *)"
5182191448,6495,137278,,,,,,,,,,0.094,14425.811,Pinned,Device,NVIDIA A100-SXM4-40GB MIG 4g.20gb (0),1,,13,[CUDA memcpy Host-to-Device]
5182243479,1110867,137279,,,,,,,,,,456.561,410905.296,Device,,NVIDIA A100-SXM4-40GB MIG 4g.20gb (0),1,,13,[CUDA memset]
5183363242,66463,137284,,,,,,,,,,1.235,18579.732,Pinned,Device,NVIDIA A100-SXM4-40GB MIG 4g.20gb (0),1,,13,[CUDA memcpy Host-to-Device]
5183432201,12192,137285,,,,,,,,,,0.197,16125.788,Pinned,Device,NVIDIA A100-SXM4-40GB MIG 4g.20gb (0),1,,13,[CUDA memcpy Host-to-Device]
5183541736,10720,137286,69,4,1,48,1,1,76,0.002,0.000,,,,,NVIDIA A100-SXM4-40GB MIG 4g.20gb (0),1,,13,"void ch_est::windowedChEstPreNoDftSOfdmKernel<float, __half, float, (unsigned int)2, (unsigned int)1, (unsigned short)4>(ch_est::puschRxChEstStatDescr_t *, ch_est::puschRxChEstDynDescr_t *)"
5183652487,9536,137287,137,2,1,24,2,1,44,0.001,0.001,,,,,NVIDIA A100-SXM4-40GB MIG 4g.20gb (0),1,,13,"void ch_est::chEstFilterNoDftSOfdmDispatchKernel<float, __half, float, (unsigned int)2>(ch_est::puschRxChEstStatDescr_t *, ch_est::puschRxChEstDynDescr_t *)"
5183758469,10240,137288,137,2,1,24,2,1,44,0.001,0.001,,,,,NVIDIA A100-SXM4-40GB MIG 4g.20gb (0),1,,13,"void ch_est::chEstFilterNoDftSOfdmDispatchKernel<float, __half, float, (unsigned int)2>(ch_est::puschRxChEstStatDescr_t *, ch_est::puschRxChEstDynDescr_t *)"
5183862724,4864,137299,103,1,1,128,1,1,16,0.000,0.000,,,,,NVIDIA A100-SXM4-40GB MIG 4g.20gb (0),1,,13,cupy_copy__complex64_complex64
5183939011,18144,137309,1434,1,1,128,1,1,16,0.000,0.000,,,,,NVIDIA A100-SXM4-40GB MIG 4g.20gb (0),1,,13,cupy_copy__complex64_complex64
5183999299,6080,137316,103,1,1,128,1,1,16,0.000,0.000,,,,,NVIDIA A100-SXM4-40GB MIG 4g.20gb (0),1,,13,cupy_copy__complex64_complex64
5184092450,244253,137323,1,1,1,32,32,1,30,0.000,0.000,,,,,NVIDIA A100-SXM4-40GB MIG 4g.20gb (0),1,,13,"void convert_kernel<__half2, float2>(tensor_layout_any, T1 *, tensor_layout_any, const T2 *)"
5184366942,6304,137326,,,,,,,,,,0.094,14862.903,Pinned,Device,NVIDIA A100-SXM4-40GB MIG 4g.20gb (0),1,,13,[CUDA memcpy Host-to-Device]
5184449405,62208,137327,,,,,,,,,,35.810,575644.464,Device,,NVIDIA A100-SXM4-40GB MIG 4g.20gb (0),1,,13,[CUDA memset]
5184519933,1856,137329,,,,,,,,,,0.000,43.103,Pinned,Device,NVIDIA A100-SXM4-40GB MIG 4g.20gb (0),1,,13,[CUDA memcpy Host-to-Device]
5184524221,10527,137330,,,,,,,,,,0.197,18676.384,Pinned,Device,NVIDIA A100-SXM4-40GB MIG 4g.20gb (0),1,,13,[CUDA memcpy Host-to-Device]
5184633019,19008,137331,273,1,1,48,1,1,40,0.000,0.001,,,,,NVIDIA A100-SXM4-40GB MIG 4g.20gb (0),1,,13,"void pusch_noise_intf_est::noiseIntfEstNoDftSOfdmKernel<float, __half, float, float, (unsigned int)2, (unsigned int)1, (unsigned char)4, (unsigned char)4>(pusch_noise_intf_est::puschRxNoiseIntfEstDynDescr)"
5184741818,6464,137342,35,1,1,128,1,1,16,0.000,0.000,,,,,NVIDIA A100-SXM4-40GB MIG 4g.20gb (0),1,,13,cupy_copy__complex64_complex64
5184847129,3552,137351,1,1,1,1,1,1,18,0.000,0.000,,,,,NVIDIA A100-SXM4-40GB MIG 4g.20gb (0),1,,13,cupy_copy__float32_float32
5184856345,3872,137357,,,,,,,,,,0.000,1.033,Device,Pageable,NVIDIA A100-SXM4-40GB MIG 4g.20gb (0),1,,7,[CUDA memcpy Device-to-Host]
5185045623,19807,137368,1434,1,1,128,1,1,16,0.000,0.000,,,,,NVIDIA A100-SXM4-40GB MIG 4g.20gb (0),1,,13,cupy_copy__complex64_complex64
5185239988,5536,137375,103,1,1,128,1,1,16,0.000,0.000,,,,,NVIDIA A100-SXM4-40GB MIG 4g.20gb (0),1,,13,cupy_copy__complex64_complex64
5185402194,9504,137382,35,1,1,128,1,1,16,0.000,0.000,,,,,NVIDIA A100-SXM4-40GB MIG 4g.20gb (0),1,,13,cupy_copy__complex64_complex64
5185618288,5216,137389,1,1,1,1,1,1,18,0.000,0.000,,,,,NVIDIA A100-SXM4-40GB MIG 4g.20gb (0),1,,13,cupy_copy__float32_float32
5185736847,255549,137400,1,1,1,32,32,1,30,0.000,0.000,,,,,NVIDIA A100-SXM4-40GB MIG 4g.20gb (0),1,,13,"void convert_kernel<__half2, float2>(tensor_layout_any, T1 *, tensor_layout_any, const T2 *)"
5186023371,5696,137403,,,,,,,,,,0.094,16449.363,Pinned,Device,NVIDIA A100-SXM4-40GB MIG 4g.20gb (0),1,,13,[CUDA memcpy Host-to-Device]
5186188713,6080,137404,,,,,,,,,,1.547,254377.889,Device,,NVIDIA A100-SXM4-40GB MIG 4g.20gb (0),1,,13,[CUDA memset]
5186197033,3136,137409,,,,,,,,,,0.031,9979.575,Pinned,Device,NVIDIA A100-SXM4-40GB MIG 4g.20gb (0),1,,13,[CUDA memcpy Host-to-Device]
5186202665,9312,137410,,,,,,,,,,0.197,21113.340,Pinned,Device,NVIDIA A100-SXM4-40GB MIG 4g.20gb (0),1,,13,[CUDA memcpy Host-to-Device]
5186941825,12224,137411,273,1,1,8,4,1,39,0.002,0.000,,,,,NVIDIA A100-SXM4-40GB MIG 4g.20gb (0),1,,13,"void channel_eq::eqMmseCoefCompLowMimoKernel<float, float, float, (unsigned int)4, (unsigned int)1, (unsigned int)4>(const channel_eq::_puschRxChEqStatDescr *, channel_eq::_puschRxChEqCoefCompDynDescr)"
5187130814,13088,137412,273,1,1,12,11,1,51,0.002,0.000,,,,,NVIDIA A100-SXM4-40GB MIG 4g.20gb (0),1,,13,"void channel_eq::eqMmseSoftDemapKernel<float, __half, __half, float, (unsigned int)4, (unsigned short)16383>(channel_eq::_puschRxChEqStatDescr *, channel_eq::_puschRxChEqSoftDemapDynDescr)"
5187329852,656249,137413,1,1,1,32,32,1,30,0.000,0.000,,,,,NVIDIA A100-SXM4-40GB MIG 4g.20gb (0),1,,13,"void convert_kernel<float2, __half2>(tensor_layout_any, T1 *, tensor_layout_any, const T2 *)"
5188134355,19296,137425,2253,1,1,128,1,1,16,0.000,0.000,,,,,NVIDIA A100-SXM4-40GB MIG 4g.20gb (0),1,,13,cupy_copy__float16_float16
5188194226,6592,137434,282,1,1,128,1,1,16,0.000,0.000,,,,,NVIDIA A100-SXM4-40GB MIG 4g.20gb (0),1,,13,cupy_copy__complex64_complex64
5188297041,4768,137443,26,1,1,128,1,1,16,0.000,0.000,,,,,NVIDIA A100-SXM4-40GB MIG 4g.20gb (0),1,,13,cupy_copy__float32_float32
5188387792,7296,137452,103,1,1,128,1,1,16,0.000,0.000,,,,,NVIDIA A100-SXM4-40GB MIG 4g.20gb (0),1,,13,cupy_copy__complex64_complex64
5188475247,14144,137462,1434,1,1,128,1,1,16,0.000,0.000,,,,,NVIDIA A100-SXM4-40GB MIG 4g.20gb (0),1,,13,cupy_copy__complex64_complex64
5188589614,247965,137467,1,1,1,32,32,1,30,0.000,0.000,,,,,NVIDIA A100-SXM4-40GB MIG 4g.20gb (0),1,,13,"void convert_kernel<__half2, float2>(tensor_layout_any, T1 *, tensor_layout_any, const T2 *)"
5188869450,8768,137470,,,,,,,,,,0.094,10686.122,Pinned,Device,NVIDIA A100-SXM4-40GB MIG 4g.20gb (0),1,,13,[CUDA memcpy Host-to-Device]
5188967049,623705,137471,,,,,,,,,,456.561,731867.988,Device,,NVIDIA A100-SXM4-40GB MIG 4g.20gb (0),1,,13,[CUDA memset]
5189597090,62271,137476,,,,,,,,,,1.235,19830.731,Pinned,Device,NVIDIA A100-SXM4-40GB MIG 4g.20gb (0),1,,13,[CUDA memcpy Host-to-Device]
5189662049,10176,137477,,,,,,,,,,0.197,19320.668,Pinned,Device,NVIDIA A100-SXM4-40GB MIG 4g.20gb (0),1,,13,[CUDA memcpy Host-to-Device]
5189801184,11040,137478,69,4,1,48,1,1,76,0.002,0.000,,,,,NVIDIA A100-SXM4-40GB MIG 4g.20gb (0),1,,13,"void ch_est::windowedChEstPreNoDftSOfdmKernel<float, __half, float, (unsigned int)2, (unsigned int)1, (unsigned short)4>(ch_est::puschRxChEstStatDescr_t *, ch_est::puschRxChEstDynDescr_t *)"
5189892159,9632,137479,137,2,1,24,2,1,44,0.001,0.001,,,,,NVIDIA A100-SXM4-40GB MIG 4g.20gb (0),1,,13,"void ch_est::chEstFilterNoDftSOfdmDispatchKernel<float, __half, float, (unsigned int)2>(ch_est::puschRxChEstStatDescr_t *, ch_est::puschRxChEstDynDescr_t *)"
5190047325,12512,137480,137,2,1,24,2,1,44,0.001,0.001,,,,,NVIDIA A100-SXM4-40GB MIG 4g.20gb (0),1,,13,"void ch_est::chEstFilterNoDftSOfdmDispatchKernel<float, __half, float, (unsigned int)2>(ch_est::puschRxChEstStatDescr_t *, ch_est::puschRxChEstDynDescr_t *)"
5190204059,7392,137491,103,1,1,128,1,1,16,0.000,0.000,,,,,NVIDIA A100-SXM4-40GB MIG 4g.20gb (0),1,,13,cupy_copy__complex64_complex64
5190309978,16224,137501,1434,1,1,128,1,1,16,0.000,0.000,,,,,NVIDIA A100-SXM4-40GB MIG 4g.20gb (0),1,,13,cupy_copy__complex64_complex64
5190475480,6144,137508,103,1,1,128,1,1,16,0.000,0.000,,,,,NVIDIA A100-SXM4-40GB MIG 4g.20gb (0),1,,13,cupy_copy__complex64_complex64
5190622134,291741,137515,1,1,1,32,32,1,30,0.000,0.000,,,,,NVIDIA A100-SXM4-40GB MIG 4g.20gb (0),1,,13,"void convert_kernel<__half2, float2>(tensor_layout_any, T1 *, tensor_layout_any, const T2 *)"
5190944050,6432,137518,,,,,,,,,,0.094,14567.105,Pinned,Device,NVIDIA A100-SXM4-40GB MIG 4g.20gb (0),1,,13,[CUDA memcpy Host-to-Device]
5191095793,51647,137519,,,,,,,,,,35.810,693351.671,Device,,NVIDIA A100-SXM4-40GB MIG 4g.20gb (0),1,,13,[CUDA memset]
5191149008,5088,137521,,,,,,,,,,0.000,15.723,Pinned,Device,NVIDIA A100-SXM4-40GB MIG 4g.20gb (0),1,,13,[CUDA memcpy Host-to-Device]
5191156560,9632,137522,,,,,,,,,,0.197,20411.843,Pinned,Device,NVIDIA A100-SXM4-40GB MIG 4g.20gb (0),1,,13,[CUDA memcpy Host-to-Device]
5191387373,15840,137523,273,1,1,48,1,1,40,0.000,0.001,,,,,NVIDIA A100-SXM4-40GB MIG 4g.20gb (0),1,,13,"void pusch_noise_intf_est::noiseIntfEstNoDftSOfdmKernel<float, __half, float, float, (unsigned int)2, (unsigned int)1, (unsigned char)4, (unsigned char)4>(pusch_noise_intf_est::puschRxNoiseIntfEstDynDescr)"
5191507212,6208,137534,35,1,1,128,1,1,16,0.000,0.000,,,,,NVIDIA A100-SXM4-40GB MIG 4g.20gb (0),1,,13,cupy_copy__complex64_complex64
5191651754,3648,137543,1,1,1,1,1,1,18,0.000,0.000,,,,,NVIDIA A100-SXM4-40GB MIG 4g.20gb (0),1,,13,cupy_copy__float32_float32
5191656650,4352,137549,,,,,,,,,,0.000,0.919,Device,Pageable,NVIDIA A100-SXM4-40GB MIG 4g.20gb (0),1,,7,[CUDA memcpy Device-to-Host]
5191829768,18880,137560,1434,1,1,128,1,1,16,0.000,0.000,,,,,NVIDIA A100-SXM4-40GB MIG 4g.20gb (0),1,,13,cupy_copy__complex64_complex64
5191996902,6816,137567,103,1,1,128,1,1,16,0.000,0.000,,,,,NVIDIA A100-SXM4-40GB MIG 4g.20gb (0),1,,13,cupy_copy__complex64_complex64
5192153861,7263,137574,35,1,1,128,1,1,16,0.000,0.000,,,,,NVIDIA A100-SXM4-40GB MIG 4g.20gb (0),1,,13,cupy_copy__complex64_complex64
5192260835,4448,137581,1,1,1,1,1,1,18,0.000,0.000,,,,,NVIDIA A100-SXM4-40GB MIG 4g.20gb (0),1,,13,cupy_copy__float32_float32
5192352738,246589,137592,1,1,1,32,32,1,30,0.000,0.000,,,,,NVIDIA A100-SXM4-40GB MIG 4g.20gb (0),1,,13,"void convert_kernel<__half2, float2>(tensor_layout_any, T1 *, tensor_layout_any, const T2 *)"
5192629343,5376,137595,,,,,,,,,,0.094,17428.487,Pinned,Device,NVIDIA A100-SXM4-40GB MIG 4g.20gb (0),1,,13,[CUDA memcpy Host-to-Device]
5193146905,4512,137596,,,,,,,,,,1.547,342779.824,Device,,NVIDIA A100-SXM4-40GB MIG 4g.20gb (0),1,,13,[CUDA memset]
5193155385,3744,137601,,,,,,,,,,0.031,8358.974,Pinned,Device,NVIDIA A100-SXM4-40GB MIG 4g.20gb (0),1,,13,[CUDA memcpy Host-to-Device]
5193163001,10368,137602,,,,,,,,,,0.197,18962.842,Pinned,Device,NVIDIA A100-SXM4-40GB MIG 4g.20gb (0),1,,13,[CUDA memcpy Host-to-Device]
5193252792,12256,137603,273,1,1,8,4,1,39,0.002,0.000,,,,,NVIDIA A100-SXM4-40GB MIG 4g.20gb (0),1,,13,"void channel_eq::eqMmseCoefCompLowMimoKernel<float, float, float, (unsigned int)4, (unsigned int)1, (unsigned int)4>(const channel_eq::_puschRxChEqStatDescr *, channel_eq::_puschRxChEqCoefCompDynDescr)"
5193351287,10816,137604,273,1,1,12,11,1,51,0.002,0.000,,,,,NVIDIA A100-SXM4-40GB MIG 4g.20gb (0),1,,13,"void channel_eq::eqMmseSoftDemapKernel<float, __half, __half, float, (unsigned int)4, (unsigned short)16383>(channel_eq::_puschRxChEqStatDescr *, channel_eq::_puschRxChEqSoftDemapDynDescr)"
5193455222,602073,137605,1,1,1,32,32,1,30,0.000,0.000,,,,,NVIDIA A100-SXM4-40GB MIG 4g.20gb (0),1,,13,"void convert_kernel<float2, __half2>(tensor_layout_any, T1 *, tensor_layout_any, const T2 *)"
5194105934,13984,137617,2253,1,1,128,1,1,16,0.000,0.000,,,,,NVIDIA A100-SXM4-40GB MIG 4g.20gb (0),1,,13,cupy_copy__float16_float16
5194221677,10528,137626,282,1,1,128,1,1,16,0.000,0.000,,,,,NVIDIA A100-SXM4-40GB MIG 4g.20gb (0),1,,13,cupy_copy__complex64_complex64
5194371819,6368,137635,26,1,1,128,1,1,16,0.000,0.000,,,,,NVIDIA A100-SXM4-40GB MIG 4g.20gb (0),1,,13,cupy_copy__float32_float32
5194521833,10848,137644,103,1,1,128,1,1,16,0.000,0.000,,,,,NVIDIA A100-SXM4-40GB MIG 4g.20gb (0),1,,13,cupy_copy__complex64_complex64
5194633768,16256,137654,1434,1,1,128,1,1,16,0.000,0.000,,,,,NVIDIA A100-SXM4-40GB MIG 4g.20gb (0),1,,13,cupy_copy__complex64_complex64
5194783078,295261,137659,1,1,1,32,32,1,30,0.000,0.000,,,,,NVIDIA A100-SXM4-40GB MIG 4g.20gb (0),1,,13,"void convert_kernel<__half2, float2>(tensor_layout_any, T1 *, tensor_layout_any, const T2 *)"
5195112898,11744,137662,,,,,,,,,,0.094,7978.121,Pinned,Device,NVIDIA A100-SXM4-40GB MIG 4g.20gb (0),1,,13,[CUDA memcpy Host-to-Device]
5195339008,616057,137663,,,,,,,,,,456.561,740999.217,Device,,NVIDIA A100-SXM4-40GB MIG 4g.20gb (0),1,,13,[CUDA memset]
5195962521,66271,137668,,,,,,,,,,1.235,18634.070,Pinned,Device,NVIDIA A100-SXM4-40GB MIG 4g.20gb (0),1,,13,[CUDA memcpy Host-to-Device]
5196034808,9920,137669,,,,,,,,,,0.197,19819.266,Pinned,Device,NVIDIA A100-SXM4-40GB MIG 4g.20gb (0),1,,13,[CUDA memcpy Host-to-Device]
5196262069,11360,137670,69,4,1,48,1,1,76,0.002,0.000,,,,,NVIDIA A100-SXM4-40GB MIG 4g.20gb (0),1,,13,"void ch_est::windowedChEstPreNoDftSOfdmKernel<float, __half, float, (unsigned int)2, (unsigned int)1, (unsigned short)4>(ch_est::puschRxChEstStatDescr_t *, ch_est::puschRxChEstDynDescr_t *)"
5196399732,21759,137671,137,2,1,24,2,1,44,0.001,0.001,,,,,NVIDIA A100-SXM4-40GB MIG 4g.20gb (0),1,,13,"void ch_est::chEstFilterNoDftSOfdmDispatchKernel<float, __half, float, (unsigned int)2>(ch_est::puschRxChEstStatDescr_t *, ch_est::puschRxChEstDynDescr_t *)"
5196561170,23135,137672,137,2,1,24,2,1,44,0.001,0.001,,,,,NVIDIA A100-SXM4-40GB MIG 4g.20gb (0),1,,13,"void ch_est::chEstFilterNoDftSOfdmDispatchKernel<float, __half, float, (unsigned int)2>(ch_est::puschRxChEstStatDescr_t *, ch_est::puschRxChEstDynDescr_t *)"
5196670640,11968,137683,103,1,1,128,1,1,16,0.000,0.000,,,,,NVIDIA A100-SXM4-40GB MIG 4g.20gb (0),1,,13,cupy_copy__complex64_complex64
5196783055,18048,137693,1434,1,1,128,1,1,16,0.000,0.000,,,,,NVIDIA A100-SXM4-40GB MIG 4g.20gb (0),1,,13,cupy_copy__complex64_complex64
5196947885,7904,137700,103,1,1,128,1,1,16,0.000,0.000,,,,,NVIDIA A100-SXM4-40GB MIG 4g.20gb (0),1,,13,cupy_copy__complex64_complex64
5197104843,279293,137707,1,1,1,32,32,1,30,0.000,0.000,,,,,NVIDIA A100-SXM4-40GB MIG 4g.20gb (0),1,,13,"void convert_kernel<__half2, float2>(tensor_layout_any, T1 *, tensor_layout_any, const T2 *)"
5197415496,5920,137710,,,,,,,,,,0.094,15826.941,Pinned,Device,NVIDIA A100-SXM4-40GB MIG 4g.20gb (0),1,,13,[CUDA memcpy Host-to-Device]
5197461319,52704,137711,,,,,,,,,,35.810,679421.612,Device,,NVIDIA A100-SXM4-40GB MIG 4g.20gb (0),1,,13,[CUDA memset]
5197516135,5248,137713,,,,,,,,,,0.000,15.244,Pinned,Device,NVIDIA A100-SXM4-40GB MIG 4g.20gb (0),1,,13,[CUDA memcpy Host-to-Device]
5197523975,9631,137714,,,,,,,,,,0.197,20414.005,Pinned,Device,NVIDIA A100-SXM4-40GB MIG 4g.20gb (0),1,,13,[CUDA memcpy Host-to-Device]
5197623301,27744,137715,273,1,1,48,1,1,40,0.000,0.001,,,,,NVIDIA A100-SXM4-40GB MIG 4g.20gb (0),1,,13,"void pusch_noise_intf_est::noiseIntfEstNoDftSOfdmKernel<float, __half, float, float, (unsigned int)2, (unsigned int)1, (unsigned char)4, (unsigned char)4>(pusch_noise_intf_est::puschRxNoiseIntfEstDynDescr)"
5197730212,4928,137726,35,1,1,128,1,1,16,0.000,0.000,,,,,NVIDIA A100-SXM4-40GB MIG 4g.20gb (0),1,,13,cupy_copy__complex64_complex64
5197744772,2848,137735,1,1,1,1,1,1,18,0.000,0.000,,,,,NVIDIA A100-SXM4-40GB MIG 4g.20gb (0),1,,13,cupy_copy__float32_float32
5197755204,1600,137741,,,,,,,,,,0.000,2.500,Device,Pageable,NVIDIA A100-SXM4-40GB MIG 4g.20gb (0),1,,7,[CUDA memcpy Device-to-Host]
5198212351,18303,137752,1434,1,1,128,1,1,16,0.000,0.000,,,,,NVIDIA A100-SXM4-40GB MIG 4g.20gb (0),1,,13,cupy_copy__complex64_complex64
5198251838,5280,137759,103,1,1,128,1,1,16,0.000,0.000,,,,,NVIDIA A100-SXM4-40GB MIG 4g.20gb (0),1,,13,cupy_copy__complex64_complex64
5198331741,5792,137766,35,1,1,128,1,1,16,0.000,0.000,,,,,NVIDIA A100-SXM4-40GB MIG 4g.20gb (0),1,,13,cupy_copy__complex64_complex64
5198432348,4256,137773,1,1,1,1,1,1,18,0.000,0.000,,,,,NVIDIA A100-SXM4-40GB MIG 4g.20gb (0),1,,13,cupy_copy__float32_float32
5198516283,251133,137784,1,1,1,32,32,1,30,0.000,0.000,,,,,NVIDIA A100-SXM4-40GB MIG 4g.20gb (0),1,,13,"void convert_kernel<__half2, float2>(tensor_layout_any, T1 *, tensor_layout_any, const T2 *)"
5198798488,8992,137787,,,,,,,,,,0.094,10419.838,Pinned,Device,NVIDIA A100-SXM4-40GB MIG 4g.20gb (0),1,,13,[CUDA memcpy Host-to-Device]
5198907607,7807,137788,,,,,,,,,,1.547,198107.068,Device,,NVIDIA A100-SXM4-40GB MIG 4g.20gb (0),1,,13,[CUDA memset]
5198916054,3168,137793,,,,,,,,,,0.031,9878.770,Pinned,Device,NVIDIA A100-SXM4-40GB MIG 4g.20gb (0),1,,13,[CUDA memcpy Host-to-Device]
5198922806,9600,137794,,,,,,,,,,0.197,20479.869,Pinned,Device,NVIDIA A100-SXM4-40GB MIG 4g.20gb (0),1,,13,[CUDA memcpy Host-to-Device]
5199095636,12960,137795,273,1,1,8,4,1,39,0.002,0.000,,,,,NVIDIA A100-SXM4-40GB MIG 4g.20gb (0),1,,13,"void channel_eq::eqMmseCoefCompLowMimoKernel<float, float, float, (unsigned int)4, (unsigned int)1, (unsigned int)4>(const channel_eq::_puschRxChEqStatDescr *, channel_eq::_puschRxChEqCoefCompDynDescr)"
5199203923,10112,137796,273,1,1,12,11,1,51,0.002,0.000,,,,,NVIDIA A100-SXM4-40GB MIG 4g.20gb (0),1,,13,"void channel_eq::eqMmseSoftDemapKernel<float, __half, __half, float, (unsigned int)4, (unsigned short)16383>(channel_eq::_puschRxChEqStatDescr *, channel_eq::_puschRxChEqSoftDemapDynDescr)"
5199393745,645881,137797,1,1,1,32,32,1,30,0.000,0.000,,,,,NVIDIA A100-SXM4-40GB MIG 4g.20gb (0),1,,13,"void convert_kernel<float2, __half2>(tensor_layout_any, T1 *, tensor_layout_any, const T2 *)"
5200196424,15520,137809,2253,1,1,128,1,1,16,0.000,0.000,,,,,NVIDIA A100-SXM4-40GB MIG 4g.20gb (0),1,,13,cupy_copy__float16_float16
5200401573,12064,137818,282,1,1,128,1,1,16,0.000,0.000,,,,,NVIDIA A100-SXM4-40GB MIG 4g.20gb (0),1,,13,cupy_copy__complex64_complex64
5200596035,6112,137827,26,1,1,128,1,1,16,0.000,0.000,,,,,NVIDIA A100-SXM4-40GB MIG 4g.20gb (0),1,,13,cupy_copy__float32_float32
5200795809,7488,137836,103,1,1,128,1,1,16,0.000,0.000,,,,,NVIDIA A100-SXM4-40GB MIG 4g.20gb (0),1,,13,cupy_copy__complex64_complex64
5201081246,16351,137846,1434,1,1,128,1,1,16,0.000,0.000,,,,,NVIDIA A100-SXM4-40GB MIG 4g.20gb (0),1,,13,cupy_copy__complex64_complex64
5201287323,278333,137851,1,1,1,32,32,1,30,0.000,0.000,,,,,NVIDIA A100-SXM4-40GB MIG 4g.20gb (0),1,,13,"void convert_kernel<__half2, float2>(tensor_layout_any, T1 *, tensor_layout_any, const T2 *)"
5201601623,12960,137854,,,,,,,,,,0.094,7229.583,Pinned,Device,NVIDIA A100-SXM4-40GB MIG 4g.20gb (0),1,,13,[CUDA memcpy Host-to-Device]
5201741238,626105,137855,,,,,,,,,,456.561,729128.620,Device,,NVIDIA A100-SXM4-40GB MIG 4g.20gb (0),1,,13,[CUDA memset]
5202376783,66815,137860,,,,,,,,,,1.235,18482.172,Pinned,Device,NVIDIA A100-SXM4-40GB MIG 4g.20gb (0),1,,13,[CUDA memcpy Host-to-Device]
5202446318,12800,137861,,,,,,,,,,0.197,15360.000,Pinned,Device,NVIDIA A100-SXM4-40GB MIG 4g.20gb (0),1,,13,[CUDA memcpy Host-to-Device]
5202575980,17472,137862,69,4,1,48,1,1,76,0.002,0.000,,,,,NVIDIA A100-SXM4-40GB MIG 4g.20gb (0),1,,13,"void ch_est::windowedChEstPreNoDftSOfdmKernel<float, __half, float, (unsigned int)2, (unsigned int)1, (unsigned short)4>(ch_est::puschRxChEstStatDescr_t *, ch_est::puschRxChEstDynDescr_t *)"
5202738122,19104,137863,137,2,1,24,2,1,44,0.001,0.001,,,,,NVIDIA A100-SXM4-40GB MIG 4g.20gb (0),1,,13,"void ch_est::chEstFilterNoDftSOfdmDispatchKernel<float, __half, float, (unsigned int)2>(ch_est::puschRxChEstStatDescr_t *, ch_est::puschRxChEstDynDescr_t *)"
5202900297,15295,137864,137,2,1,24,2,1,44,0.001,0.001,,,,,NVIDIA A100-SXM4-40GB MIG 4g.20gb (0),1,,13,"void ch_est::chEstFilterNoDftSOfdmDispatchKernel<float, __half, float, (unsigned int)2>(ch_est::puschRxChEstStatDescr_t *, ch_est::puschRxChEstDynDescr_t *)"
5203063079,7328,137875,103,1,1,128,1,1,16,0.000,0.000,,,,,NVIDIA A100-SXM4-40GB MIG 4g.20gb (0),1,,13,cupy_copy__complex64_complex64
5203210949,14496,137885,1434,1,1,128,1,1,16,0.000,0.000,,,,,NVIDIA A100-SXM4-40GB MIG 4g.20gb (0),1,,13,cupy_copy__complex64_complex64
5203380099,4928,137892,103,1,1,128,1,1,16,0.000,0.000,,,,,NVIDIA A100-SXM4-40GB MIG 4g.20gb (0),1,,13,cupy_copy__complex64_complex64
5203522145,288093,137899,1,1,1,32,32,1,30,0.000,0.000,,,,,NVIDIA A100-SXM4-40GB MIG 4g.20gb (0),1,,13,"void convert_kernel<__half2, float2>(tensor_layout_any, T1 *, tensor_layout_any, const T2 *)"
5203849438,5887,137902,,,,,,,,,,0.094,15915.671,Pinned,Device,NVIDIA A100-SXM4-40GB MIG 4g.20gb (0),1,,13,[CUDA memcpy Host-to-Device]
5203987132,60703,137903,,,,,,,,,,35.810,589896.812,Device,,NVIDIA A100-SXM4-40GB MIG 4g.20gb (0),1,,13,[CUDA memset]
5204043515,6112,137905,,,,,,,,,,0.000,13.089,Pinned,Device,NVIDIA A100-SXM4-40GB MIG 4g.20gb (0),1,,13,[CUDA memcpy Host-to-Device]
5204052987,10016,137906,,,,,,,,,,0.197,19629.343,Pinned,Device,NVIDIA A100-SXM4-40GB MIG 4g.20gb (0),1,,13,[CUDA memcpy Host-to-Device]
5204157242,22496,137907,273,1,1,48,1,1,40,0.000,0.001,,,,,NVIDIA A100-SXM4-40GB MIG 4g.20gb (0),1,,13,"void pusch_noise_intf_est::noiseIntfEstNoDftSOfdmKernel<float, __half, float, float, (unsigned int)2, (unsigned int)1, (unsigned char)4, (unsigned char)4>(pusch_noise_intf_est::puschRxNoiseIntfEstDynDescr)"
5204257081,7776,137918,35,1,1,128,1,1,16,0.000,0.000,,,,,NVIDIA A100-SXM4-40GB MIG 4g.20gb (0),1,,13,cupy_copy__complex64_complex64
5204370200,9247,137927,1,1,1,1,1,1,18,0.000,0.000,,,,,NVIDIA A100-SXM4-40GB MIG 4g.20gb (0),1,,13,cupy_copy__float32_float32
5204382327,1728,137933,,,,,,,,,,0.000,2.315,Device,Pageable,NVIDIA A100-SXM4-40GB MIG 4g.20gb (0),1,,7,[CUDA memcpy Device-to-Host]
5204567413,18048,137944,1434,1,1,128,1,1,16,0.000,0.000,,,,,NVIDIA A100-SXM4-40GB MIG 4g.20gb (0),1,,13,cupy_copy__complex64_complex64
5204631989,6911,137951,103,1,1,128,1,1,16,0.000,0.000,,,,,NVIDIA A100-SXM4-40GB MIG 4g.20gb (0),1,,13,cupy_copy__complex64_complex64
5204764915,8736,137958,35,1,1,128,1,1,16,0.000,0.000,,,,,NVIDIA A100-SXM4-40GB MIG 4g.20gb (0),1,,13,cupy_copy__complex64_complex64
5205333132,10368,137965,1,1,1,1,1,1,18,0.000,0.000,,,,,NVIDIA A100-SXM4-40GB MIG 4g.20gb (0),1,,13,cupy_copy__float32_float32
5205473739,291484,137976,1,1,1,32,32,1,30,0.000,0.000,,,,,NVIDIA A100-SXM4-40GB MIG 4g.20gb (0),1,,13,"void convert_kernel<__half2, float2>(tensor_layout_any, T1 *, tensor_layout_any, const T2 *)"
5205795591,5472,137979,,,,,,,,,,0.094,17122.757,Pinned,Device,NVIDIA A100-SXM4-40GB MIG 4g.20gb (0),1,,13,[CUDA memcpy Host-to-Device]
5205939397,6528,137980,,,,,,,,,,1.547,236921.144,Device,,NVIDIA A100-SXM4-40GB MIG 4g.20gb (0),1,,13,[CUDA memset]
5205951813,3200,137985,,,,,,,,,,0.031,9780.000,Pinned,Device,NVIDIA A100-SXM4-40GB MIG 4g.20gb (0),1,,13,[CUDA memcpy Host-to-Device]
5205957477,9600,137986,,,,,,,,,,0.197,20479.869,Pinned,Device,NVIDIA A100-SXM4-40GB MIG 4g.20gb (0),1,,13,[CUDA memcpy Host-to-Device]
5206099748,11967,137987,273,1,1,8,4,1,39,0.002,0.000,,,,,NVIDIA A100-SXM4-40GB MIG 4g.20gb (0),1,,13,"void channel_eq::eqMmseCoefCompLowMimoKernel<float, float, float, (unsigned int)4, (unsigned int)1, (unsigned int)4>(const channel_eq::_puschRxChEqStatDescr *, channel_eq::_puschRxChEqCoefCompDynDescr)"
5206259298,14848,137988,273,1,1,12,11,1,51,0.002,0.000,,,,,NVIDIA A100-SXM4-40GB MIG 4g.20gb (0),1,,13,"void channel_eq::eqMmseSoftDemapKernel<float, __half, __half, float, (unsigned int)4, (unsigned short)16383>(channel_eq::_puschRxChEqStatDescr *, channel_eq::_puschRxChEqSoftDemapDynDescr)"
5206423904,682808,137989,1,1,1,32,32,1,30,0.000,0.000,,,,,NVIDIA A100-SXM4-40GB MIG 4g.20gb (0),1,,13,"void convert_kernel<float2, __half2>(tensor_layout_any, T1 *, tensor_layout_any, const T2 *)"
5207187415,13536,138001,2253,1,1,128,1,1,16,0.000,0.000,,,,,NVIDIA A100-SXM4-40GB MIG 4g.20gb (0),1,,13,cupy_copy__float16_float16
5207256566,15648,138010,282,1,1,128,1,1,16,0.000,0.000,,,,,NVIDIA A100-SXM4-40GB MIG 4g.20gb (0),1,,13,cupy_copy__complex64_complex64
5207300726,2944,138019,26,1,1,128,1,1,16,0.000,0.000,,,,,NVIDIA A100-SXM4-40GB MIG 4g.20gb (0),1,,13,cupy_copy__float32_float32
5207370549,7040,138028,103,1,1,128,1,1,16,0.000,0.000,,,,,NVIDIA A100-SXM4-40GB MIG 4g.20gb (0),1,,13,cupy_copy__complex64_complex64
5207432180,18720,138038,1434,1,1,128,1,1,16,0.000,0.000,,,,,NVIDIA A100-SXM4-40GB MIG 4g.20gb (0),1,,13,cupy_copy__complex64_complex64
5207960046,241917,138043,1,1,1,32,32,1,30,0.000,0.000,,,,,NVIDIA A100-SXM4-40GB MIG 4g.20gb (0),1,,13,"void convert_kernel<__half2, float2>(tensor_layout_any, T1 *, tensor_layout_any, const T2 *)"
5208233195,5408,138046,,,,,,,,,,0.094,17325.421,Pinned,Device,NVIDIA A100-SXM4-40GB MIG 4g.20gb (0),1,,13,[CUDA memcpy Host-to-Device]
5208299434,620153,138047,,,,,,,,,,456.561,735977.041,Device,,NVIDIA A100-SXM4-40GB MIG 4g.20gb (0),1,,13,[CUDA memset]
5208922019,65247,138052,,,,,,,,,,1.235,18926.752,Pinned,Device,NVIDIA A100-SXM4-40GB MIG 4g.20gb (0),1,,13,[CUDA memcpy Host-to-Device]
5208993122,15136,138053,,,,,,,,,,0.197,12989.301,Pinned,Device,NVIDIA A100-SXM4-40GB MIG 4g.20gb (0),1,,13,[CUDA memcpy Host-to-Device]
5209078273,10656,138054,69,4,1,48,1,1,76,0.002,0.000,,,,,NVIDIA A100-SXM4-40GB MIG 4g.20gb (0),1,,13,"void ch_est::windowedChEstPreNoDftSOfdmKernel<float, __half, float, (unsigned int)2, (unsigned int)1, (unsigned short)4>(ch_est::puschRxChEstStatDescr_t *, ch_est::puschRxChEstDynDescr_t *)"
5209192096,13760,138055,137,2,1,24,2,1,44,0.001,0.001,,,,,NVIDIA A100-SXM4-40GB MIG 4g.20gb (0),1,,13,"void ch_est::chEstFilterNoDftSOfdmDispatchKernel<float, __half, float, (unsigned int)2>(ch_est::puschRxChEstStatDescr_t *, ch_est::puschRxChEstDynDescr_t *)"
5209291263,11840,138056,137,2,1,24,2,1,44,0.001,0.001,,,,,NVIDIA A100-SXM4-40GB MIG 4g.20gb (0),1,,13,"void ch_est::chEstFilterNoDftSOfdmDispatchKernel<float, __half, float, (unsigned int)2>(ch_est::puschRxChEstStatDescr_t *, ch_est::puschRxChEstDynDescr_t *)"
5209427325,5280,138067,103,1,1,128,1,1,16,0.000,0.000,,,,,NVIDIA A100-SXM4-40GB MIG 4g.20gb (0),1,,13,cupy_copy__complex64_complex64
5209515068,14304,138077,1434,1,1,128,1,1,16,0.000,0.000,,,,,NVIDIA A100-SXM4-40GB MIG 4g.20gb (0),1,,13,cupy_copy__complex64_complex64
5209631419,11008,138084,103,1,1,128,1,1,16,0.000,0.000,,,,,NVIDIA A100-SXM4-40GB MIG 4g.20gb (0),1,,13,cupy_copy__complex64_complex64
5209719066,282269,138091,1,1,1,32,32,1,30,0.000,0.000,,,,,NVIDIA A100-SXM4-40GB MIG 4g.20gb (0),1,,13,"void convert_kernel<__half2, float2>(tensor_layout_any, T1 *, tensor_layout_any, const T2 *)"
5210031510,9440,138094,,,,,,,,,,0.094,9925.405,Pinned,Device,NVIDIA A100-SXM4-40GB MIG 4g.20gb (0),1,,13,[CUDA memcpy Host-to-Device]
5210126613,49568,138095,,,,,,,,,,35.810,722429.326,Device,,NVIDIA A100-SXM4-40GB MIG 4g.20gb (0),1,,13,[CUDA memset]
5210182996,3232,138097,,,,,,,,,,0.000,24.752,Pinned,Device,NVIDIA A100-SXM4-40GB MIG 4g.20gb (0),1,,13,[CUDA memcpy Host-to-Device]
5210188660,10816,138098,,,,,,,,,,0.197,18177.393,Pinned,Device,NVIDIA A100-SXM4-40GB MIG 4g.20gb (0),1,,13,[CUDA memcpy Host-to-Device]
5210323219,20416,138099,273,1,1,48,1,1,40,0.000,0.001,,,,,NVIDIA A100-SXM4-40GB MIG 4g.20gb (0),1,,13,"void pusch_noise_intf_est::noiseIntfEstNoDftSOfdmKernel<float, __half, float, float, (unsigned int)2, (unsigned int)1, (unsigned char)4, (unsigned char)4>(pusch_noise_intf_est::puschRxNoiseIntfEstDynDescr)"
5210507089,4416,138110,35,1,1,128,1,1,16,0.000,0.000,,,,,NVIDIA A100-SXM4-40GB MIG 4g.20gb (0),1,,13,cupy_copy__complex64_complex64
5210631951,5056,138119,1,1,1,1,1,1,18,0.000,0.000,,,,,NVIDIA A100-SXM4-40GB MIG 4g.20gb (0),1,,13,cupy_copy__float32_float32
5210645487,2240,138125,,,,,,,,,,0.000,1.786,Device,Pageable,NVIDIA A100-SXM4-40GB MIG 4g.20gb (0),1,,7,[CUDA memcpy Device-to-Host]
5210829901,15072,138136,1434,1,1,128,1,1,16,0.000,0.000,,,,,NVIDIA A100-SXM4-40GB MIG 4g.20gb (0),1,,13,cupy_copy__complex64_complex64
5211003307,8704,138143,103,1,1,128,1,1,16,0.000,0.000,,,,,NVIDIA A100-SXM4-40GB MIG 4g.20gb (0),1,,13,cupy_copy__complex64_complex64
5211099786,6496,138150,35,1,1,128,1,1,16,0.000,0.000,,,,,NVIDIA A100-SXM4-40GB MIG 4g.20gb (0),1,,13,cupy_copy__complex64_complex64
5211159721,5600,138157,1,1,1,1,1,1,18,0.000,0.000,,,,,NVIDIA A100-SXM4-40GB MIG 4g.20gb (0),1,,13,cupy_copy__float32_float32
5211246792,273885,138168,1,1,1,32,32,1,30,0.000,0.000,,,,,NVIDIA A100-SXM4-40GB MIG 4g.20gb (0),1,,13,"void convert_kernel<__half2, float2>(tensor_layout_any, T1 *, tensor_layout_any, const T2 *)"
5211550917,5696,138171,,,,,,,,,,0.094,16449.363,Pinned,Device,NVIDIA A100-SXM4-40GB MIG 4g.20gb (0),1,,13,[CUDA memcpy Host-to-Device]
5212118686,12320,138172,,,,,,,,,,1.547,125536.377,Device,,NVIDIA A100-SXM4-40GB MIG 4g.20gb (0),1,,13,[CUDA memset]
5212131710,4800,138177,,,,,,,,,,0.031,6519.990,Pinned,Device,NVIDIA A100-SXM4-40GB MIG 4g.20gb (0),1,,13,[CUDA memcpy Host-to-Device]
5212142366,14368,138178,,,,,,,,,,0.197,13683.720,Pinned,Device,NVIDIA A100-SXM4-40GB MIG 4g.20gb (0),1,,13,[CUDA memcpy Host-to-Device]
5212258077,18239,138179,273,1,1,8,4,1,39,0.002,0.000,,,,,NVIDIA A100-SXM4-40GB MIG 4g.20gb (0),1,,13,"void channel_eq::eqMmseCoefCompLowMimoKernel<float, float, float, (unsigned int)4, (unsigned int)1, (unsigned int)4>(const channel_eq::_puschRxChEqStatDescr *, channel_eq::_puschRxChEqCoefCompDynDescr)"
5212367675,26176,138180,273,1,1,12,11,1,51,0.002,0.000,,,,,NVIDIA A100-SXM4-40GB MIG 4g.20gb (0),1,,13,"void channel_eq::eqMmseSoftDemapKernel<float, __half, __half, float, (unsigned int)4, (unsigned short)16383>(channel_eq::_puschRxChEqStatDescr *, channel_eq::_puschRxChEqSoftDemapDynDescr)"
5212465402,652761,138181,1,1,1,32,32,1,30,0.000,0.000,,,,,NVIDIA A100-SXM4-40GB MIG 4g.20gb (0),1,,13,"void convert_kernel<float2, __half2>(tensor_layout_any, T1 *, tensor_layout_any, const T2 *)"
5213168754,22016,138193,2253,1,1,128,1,1,16,0.000,0.000,,,,,NVIDIA A100-SXM4-40GB MIG 4g.20gb (0),1,,13,cupy_copy__float16_float16
5213262833,15168,138202,282,1,1,128,1,1,16,0.000,0.000,,,,,NVIDIA A100-SXM4-40GB MIG 4g.20gb (0),1,,13,cupy_copy__complex64_complex64
5213305936,5184,138211,26,1,1,128,1,1,16,0.000,0.000,,,,,NVIDIA A100-SXM4-40GB MIG 4g.20gb (0),1,,13,cupy_copy__float32_float32
5213376720,5408,138220,103,1,1,128,1,1,16,0.000,0.000,,,,,NVIDIA A100-SXM4-40GB MIG 4g.20gb (0),1,,13,cupy_copy__complex64_complex64
5213393935,13760,138230,1434,1,1,128,1,1,16,0.000,0.000,,,,,NVIDIA A100-SXM4-40GB MIG 4g.20gb (0),1,,13,cupy_copy__complex64_complex64
5213408655,524890,138235,1,1,1,32,32,1,30,0.000,0.000,,,,,NVIDIA A100-SXM4-40GB MIG 4g.20gb (0),1,,13,"void convert_kernel<__half2, float2>(tensor_layout_any, T1 *, tensor_layout_any, const T2 *)"
5214001608,5472,138238,,,,,,,,,,0.094,17122.757,Pinned,Device,NVIDIA A100-SXM4-40GB MIG 4g.20gb (0),1,,13,[CUDA memcpy Host-to-Device]
5214069992,617848,138239,,,,,,,,,,456.561,738716.410,Device,,NVIDIA A100-SXM4-40GB MIG 4g.20gb (0),1,,13,[CUDA memset]
5214691296,65184,138244,,,,,,,,,,1.235,18945.276,Pinned,Device,NVIDIA A100-SXM4-40GB MIG 4g.20gb (0),1,,13,[CUDA memcpy Host-to-Device]
5214762912,18687,138245,,,,,,,,,,0.197,10521.084,Pinned,Device,NVIDIA A100-SXM4-40GB MIG 4g.20gb (0),1,,13,[CUDA memcpy Host-to-Device]
5214838271,23935,138246,69,4,1,48,1,1,76,0.002,0.000,,,,,NVIDIA A100-SXM4-40GB MIG 4g.20gb (0),1,,13,"void ch_est::windowedChEstPreNoDftSOfdmKernel<float, __half, float, (unsigned int)2, (unsigned int)1, (unsigned short)4>(ch_est::puschRxChEstStatDescr_t *, ch_est::puschRxChEstDynDescr_t *)"
5214886814,9536,138247,137,2,1,24,2,1,44,0.001,0.001,,,,,NVIDIA A100-SXM4-40GB MIG 4g.20gb (0),1,,13,"void ch_est::chEstFilterNoDftSOfdmDispatchKernel<float, __half, float, (unsigned int)2>(ch_est::puschRxChEstStatDescr_t *, ch_est::puschRxChEstDynDescr_t *)"
5214960125,12192,138248,137,2,1,24,2,1,44,0.001,0.001,,,,,NVIDIA A100-SXM4-40GB MIG 4g.20gb (0),1,,13,"void ch_est::chEstFilterNoDftSOfdmDispatchKernel<float, __half, float, (unsigned int)2>(ch_est::puschRxChEstStatDescr_t *, ch_est::puschRxChEstDynDescr_t *)"
5215049884,4576,138259,103,1,1,128,1,1,16,0.000,0.000,,,,,NVIDIA A100-SXM4-40GB MIG 4g.20gb (0),1,,13,cupy_copy__complex64_complex64
5215110140,19711,138269,1434,1,1,128,1,1,16,0.000,0.000,,,,,NVIDIA A100-SXM4-40GB MIG 4g.20gb (0),1,,13,cupy_copy__complex64_complex64
5215158459,4672,138276,103,1,1,128,1,1,16,0.000,0.000,,,,,NVIDIA A100-SXM4-40GB MIG 4g.20gb (0),1,,13,cupy_copy__complex64_complex64
5215230234,138687,138283,1,1,1,32,32,1,30,0.000,0.000,,,,,NVIDIA A100-SXM4-40GB MIG 4g.20gb (0),1,,13,"void convert_kernel<__half2, float2>(tensor_layout_any, T1 *, tensor_layout_any, const T2 *)"
5215412120,5504,138286,,,,,,,,,,0.094,17023.251,Pinned,Device,NVIDIA A100-SXM4-40GB MIG 4g.20gb (0),1,,13,[CUDA memcpy Host-to-Device]
5215488087,56768,138287,,,,,,,,,,35.810,630791.741,Device,,NVIDIA A100-SXM4-40GB MIG 4g.20gb (0),1,,13,[CUDA memset]
5215552438,1824,138289,,,,,,,,,,0.000,43.860,Pinned,Device,NVIDIA A100-SXM4-40GB MIG 4g.20gb (0),1,,13,[CUDA memcpy Host-to-Device]
5215557046,9536,138290,,,,,,,,,,0.197,20617.298,Pinned,Device,NVIDIA A100-SXM4-40GB MIG 4g.20gb (0),1,,13,[CUDA memcpy Host-to-Device]
5215629910,14687,138291,273,1,1,48,1,1,40,0.000,0.001,,,,,NVIDIA A100-SXM4-40GB MIG 4g.20gb (0),1,,13,"void pusch_noise_intf_est::noiseIntfEstNoDftSOfdmKernel<float, __half, float, float, (unsigned int)2, (unsigned int)1, (unsigned char)4, (unsigned char)4>(pusch_noise_intf_est::puschRxNoiseIntfEstDynDescr)"
5215667029,7808,138302,35,1,1,128,1,1,16,0.000,0.000,,,,,NVIDIA A100-SXM4-40GB MIG 4g.20gb (0),1,,13,cupy_copy__complex64_complex64
5215685109,2016,138311,1,1,1,1,1,1,18,0.000,0.000,,,,,NVIDIA A100-SXM4-40GB MIG 4g.20gb (0),1,,13,cupy_copy__float32_float32
5215694773,1664,138317,,,,,,,,,,0.000,2.404,Device,Pageable,NVIDIA A100-SXM4-40GB MIG 4g.20gb (0),1,,7,[CUDA memcpy Device-to-Host]
5215770644,14144,138328,1434,1,1,128,1,1,16,0.000,0.000,,,,,NVIDIA A100-SXM4-40GB MIG 4g.20gb (0),1,,13,cupy_copy__complex64_complex64
5215794964,4064,138335,103,1,1,128,1,1,16,0.000,0.000,,,,,NVIDIA A100-SXM4-40GB MIG 4g.20gb (0),1,,13,cupy_copy__complex64_complex64
5215811796,7263,138342,35,1,1,128,1,1,16,0.000,0.000,,,,,NVIDIA A100-SXM4-40GB MIG 4g.20gb (0),1,,13,cupy_copy__complex64_complex64
5215846739,2944,138349,1,1,1,1,1,1,18,0.000,0.000,,,,,NVIDIA A100-SXM4-40GB MIG 4g.20gb (0),1,,13,cupy_copy__float32_float32
5216020113,102431,138360,1,1,1,32,32,1,30,0.000,0.000,,,,,NVIDIA A100-SXM4-40GB MIG 4g.20gb (0),1,,13,"void convert_kernel<__half2, float2>(tensor_layout_any, T1 *, tensor_layout_any, const T2 *)"
5216154672,5823,138363,,,,,,,,,,0.094,16090.601,Pinned,Device,NVIDIA A100-SXM4-40GB MIG 4g.20gb (0),1,,13,[CUDA memcpy Host-to-Device]
5216189359,8000,138364,,,,,,,,,,1.547,193328.000,Device,,NVIDIA A100-SXM4-40GB MIG 4g.20gb (0),1,,13,[CUDA memset]
5216205391,4128,138369,,,,,,,,,,0.031,7581.393,Pinned,Device,NVIDIA A100-SXM4-40GB MIG 4g.20gb (0),1,,13,[CUDA memcpy Host-to-Device]
5216212303,9376,138370,,,,,,,,,,0.197,20969.226,Pinned,Device,NVIDIA A100-SXM4-40GB MIG 4g.20gb (0),1,,13,[CUDA memcpy Host-to-Device]
5216245774,8512,138371,273,1,1,8,4,1,39,0.002,0.000,,,,,NVIDIA A100-SXM4-40GB MIG 4g.20gb (0),1,,13,"void channel_eq::eqMmseCoefCompLowMimoKernel<float, float, float, (unsigned int)4, (unsigned int)1, (unsigned int)4>(const channel_eq::_puschRxChEqStatDescr *, channel_eq::_puschRxChEqCoefCompDynDescr)"
5216263630,13792,138372,273,1,1,12,11,1,51,0.002,0.000,,,,,NVIDIA A100-SXM4-40GB MIG 4g.20gb (0),1,,13,"void channel_eq::eqMmseSoftDemapKernel<float, __half, __half, float, (unsigned int)4, (unsigned short)16383>(channel_eq::_puschRxChEqStatDescr *, channel_eq::_puschRxChEqSoftDemapDynDescr)"
5216307502,586489,138373,1,1,1,32,32,1,30,0.000,0.000,,,,,NVIDIA A100-SXM4-40GB MIG 4g.20gb (0),1,,13,"void convert_kernel<float2, __half2>(tensor_layout_any, T1 *, tensor_layout_any, const T2 *)"
5216984166,14528,138385,2253,1,1,128,1,1,16,0.000,0.000,,,,,NVIDIA A100-SXM4-40GB MIG 4g.20gb (0),1,,13,cupy_copy__float16_float16
5217110757,5631,138394,282,1,1,128,1,1,16,0.000,0.000,,,,,NVIDIA A100-SXM4-40GB MIG 4g.20gb (0),1,,13,cupy_copy__complex64_complex64
5217202499,6368,138403,26,1,1,128,1,1,16,0.000,0.000,,,,,NVIDIA A100-SXM4-40GB MIG 4g.20gb (0),1,,13,cupy_copy__float32_float32
5217287298,7200,138412,103,1,1,128,1,1,16,0.000,0.000,,,,,NVIDIA A100-SXM4-40GB MIG 4g.20gb (0),1,,13,cupy_copy__complex64_complex64
5217535136,17215,138422,1434,1,1,128,1,1,16,0.000,0.000,,,,,NVIDIA A100-SXM4-40GB MIG 4g.20gb (0),1,,13,cupy_copy__complex64_complex64
5217621119,295132,138427,1,1,1,32,32,1,30,0.000,0.000,,,,,NVIDIA A100-SXM4-40GB MIG 4g.20gb (0),1,,13,"void convert_kernel<__half2, float2>(tensor_layout_any, T1 *, tensor_layout_any, const T2 *)"
5217945179,6240,138430,,,,,,,,,,0.094,15015.346,Pinned,Device,NVIDIA A100-SXM4-40GB MIG 4g.20gb (0),1,,13,[CUDA memcpy Host-to-Device]
5217981754,646425,138431,,,,,,,,,,456.561,705843.986,Device,,NVIDIA A100-SXM4-40GB MIG 4g.20gb (0),1,,13,[CUDA memset]
5218628691,57279,138436,,,,,,,,,,1.235,21559.652,Pinned,Device,NVIDIA A100-SXM4-40GB MIG 4g.20gb (0),1,,13,[CUDA memcpy Host-to-Device]
5218688530,11008,138437,,,,,,,,,,0.197,17860.461,Pinned,Device,NVIDIA A100-SXM4-40GB MIG 4g.20gb (0),1,,13,[CUDA memcpy Host-to-Device]
5218744274,12800,138438,69,4,1,48,1,1,76,0.002,0.000,,,,,NVIDIA A100-SXM4-40GB MIG 4g.20gb (0),1,,13,"void ch_est::windowedChEstPreNoDftSOfdmKernel<float, __half, float, (unsigned int)2, (unsigned int)1, (unsigned short)4>(ch_est::puschRxChEstStatDescr_t *, ch_est::puschRxChEstDynDescr_t *)"
5218812849,12032,138439,137,2,1,24,2,1,44,0.001,0.001,,,,,NVIDIA A100-SXM4-40GB MIG 4g.20gb (0),1,,13,"void ch_est::chEstFilterNoDftSOfdmDispatchKernel<float, __half, float, (unsigned int)2>(ch_est::puschRxChEstStatDescr_t *, ch_est::puschRxChEstDynDescr_t *)"
5218880656,12512,138440,137,2,1,24,2,1,44,0.001,0.001,,,,,NVIDIA A100-SXM4-40GB MIG 4g.20gb (0),1,,13,"void ch_est::chEstFilterNoDftSOfdmDispatchKernel<float, __half, float, (unsigned int)2>(ch_est::puschRxChEstStatDescr_t *, ch_est::puschRxChEstDynDescr_t *)"
5218947919,4608,138451,103,1,1,128,1,1,16,0.000,0.000,,,,,NVIDIA A100-SXM4-40GB MIG 4g.20gb (0),1,,13,cupy_copy__complex64_complex64
5218986671,17024,138461,1434,1,1,128,1,1,16,0.000,0.000,,,,,NVIDIA A100-SXM4-40GB MIG 4g.20gb (0),1,,13,cupy_copy__complex64_complex64
5219034158,3936,138468,103,1,1,128,1,1,16,0.000,0.000,,,,,NVIDIA A100-SXM4-40GB MIG 4g.20gb (0),1,,13,cupy_copy__complex64_complex64
5219084046,154654,138475,1,1,1,32,32,1,30,0.000,0.000,,,,,NVIDIA A100-SXM4-40GB MIG 4g.20gb (0),1,,13,"void convert_kernel<__half2, float2>(tensor_layout_any, T1 *, tensor_layout_any, const T2 *)"
5219267340,5440,138478,,,,,,,,,,0.094,17223.480,Pinned,Device,NVIDIA A100-SXM4-40GB MIG 4g.20gb (0),1,,13,[CUDA memcpy Host-to-Device]
5219751206,64767,138479,,,,,,,,,,35.810,552869.355,Device,,NVIDIA A100-SXM4-40GB MIG 4g.20gb (0),1,,13,[CUDA memset]
5219820837,1824,138481,,,,,,,,,,0.000,43.860,Pinned,Device,NVIDIA A100-SXM4-40GB MIG 4g.20gb (0),1,,13,[CUDA memcpy Host-to-Device]
5219825477,10752,138482,,,,,,,,,,0.197,18285.527,Pinned,Device,NVIDIA A100-SXM4-40GB MIG 4g.20gb (0),1,,13,[CUDA memcpy Host-to-Device]
5219879461,21119,138483,273,1,1,48,1,1,40,0.000,0.001,,,,,NVIDIA A100-SXM4-40GB MIG 4g.20gb (0),1,,13,"void pusch_noise_intf_est::noiseIntfEstNoDftSOfdmKernel<float, __half, float, float, (unsigned int)2, (unsigned int)1, (unsigned char)4, (unsigned char)4>(pusch_noise_intf_est::puschRxNoiseIntfEstDynDescr)"
5219923588,8224,138494,35,1,1,128,1,1,16,0.000,0.000,,,,,NVIDIA A100-SXM4-40GB MIG 4g.20gb (0),1,,13,cupy_copy__complex64_complex64
5219971396,2335,138503,1,1,1,1,1,1,18,0.000,0.000,,,,,NVIDIA A100-SXM4-40GB MIG 4g.20gb (0),1,,13,cupy_copy__float32_float32
5219977827,1920,138509,,,,,,,,,,0.000,2.083,Device,Pageable,NVIDIA A100-SXM4-40GB MIG 4g.20gb (0),1,,7,[CUDA memcpy Device-to-Host]
5220077794,16896,138520,1434,1,1,128,1,1,16,0.000,0.000,,,,,NVIDIA A100-SXM4-40GB MIG 4g.20gb (0),1,,13,cupy_copy__complex64_complex64
5220124290,4800,138527,103,1,1,128,1,1,16,0.000,0.000,,,,,NVIDIA A100-SXM4-40GB MIG 4g.20gb (0),1,,13,cupy_copy__complex64_complex64
5220172161,3680,138534,35,1,1,128,1,1,16,0.000,0.000,,,,,NVIDIA A100-SXM4-40GB MIG 4g.20gb (0),1,,13,cupy_copy__complex64_complex64
5220213505,4672,138541,1,1,1,1,1,1,18,0.000,0.000,,,,,NVIDIA A100-SXM4-40GB MIG 4g.20gb (0),1,,13,cupy_copy__float32_float32
5220303296,195773,138552,1,1,1,32,32,1,30,0.000,0.000,,,,,NVIDIA A100-SXM4-40GB MIG 4g.20gb (0),1,,13,"void convert_kernel<__half2, float2>(tensor_layout_any, T1 *, tensor_layout_any, const T2 *)"
5220528893,5504,138555,,,,,,,,,,0.094,17023.251,Pinned,Device,NVIDIA A100-SXM4-40GB MIG 4g.20gb (0),1,,13,[CUDA memcpy Host-to-Device]
5220579228,7840,138556,,,,,,,,,,1.547,197273.438,Device,,NVIDIA A100-SXM4-40GB MIG 4g.20gb (0),1,,13,[CUDA memset]
5220593244,3008,138561,,,,,,,,,,0.031,10404.230,Pinned,Device,NVIDIA A100-SXM4-40GB MIG 4g.20gb (0),1,,13,[CUDA memcpy Host-to-Device]
5220598748,9760,138562,,,,,,,,,,0.197,20144.259,Pinned,Device,NVIDIA A100-SXM4-40GB MIG 4g.20gb (0),1,,13,[CUDA memcpy Host-to-Device]
5220645884,19519,138563,273,1,1,8,4,1,39,0.002,0.000,,,,,NVIDIA A100-SXM4-40GB MIG 4g.20gb (0),1,,13,"void channel_eq::eqMmseCoefCompLowMimoKernel<float, float, float, (unsigned int)4, (unsigned int)1, (unsigned int)4>(const channel_eq::_puschRxChEqStatDescr *, channel_eq::_puschRxChEqCoefCompDynDescr)"
5220714331,14720,138564,273,1,1,12,11,1,51,0.002,0.000,,,,,NVIDIA A100-SXM4-40GB MIG 4g.20gb (0),1,,13,"void channel_eq::eqMmseSoftDemapKernel<float, __half, __half, float, (unsigned int)4, (unsigned short)16383>(channel_eq::_puschRxChEqStatDescr *, channel_eq::_puschRxChEqSoftDemapDynDescr)"
5220787994,377180,138565,1,1,1,32,32,1,30,0.000,0.000,,,,,NVIDIA A100-SXM4-40GB MIG 4g.20gb (0),1,,13,"void convert_kernel<float2, __half2>(tensor_layout_any, T1 *, tensor_layout_any, const T2 *)"
5221201333,18720,138577,2253,1,1,128,1,1,16,0.000,0.000,,,,,NVIDIA A100-SXM4-40GB MIG 4g.20gb (0),1,,13,cupy_copy__float16_float16
5221247573,5856,138586,282,1,1,128,1,1,16,0.000,0.000,,,,,NVIDIA A100-SXM4-40GB MIG 4g.20gb (0),1,,13,cupy_copy__complex64_complex64
5221295796,2496,138595,26,1,1,128,1,1,16,0.000,0.000,,,,,NVIDIA A100-SXM4-40GB MIG 4g.20gb (0),1,,13,cupy_copy__float32_float32
5221336948,10336,138604,103,1,1,128,1,1,16,0.000,0.000,,,,,NVIDIA A100-SXM4-40GB MIG 4g.20gb (0),1,,13,cupy_copy__complex64_complex64
5221379251,14016,138614,1434,1,1,128,1,1,16,0.000,0.000,,,,,NVIDIA A100-SXM4-40GB MIG 4g.20gb (0),1,,13,cupy_copy__complex64_complex64
5221435251,158942,138619,1,1,1,32,32,1,30,0.000,0.000,,,,,NVIDIA A100-SXM4-40GB MIG 4g.20gb (0),1,,13,"void convert_kernel<__half2, float2>(tensor_layout_any, T1 *, tensor_layout_any, const T2 *)"
5221624688,6272,138622,,,,,,,,,,0.094,14938.703,Pinned,Device,NVIDIA A100-SXM4-40GB MIG 4g.20gb (0),1,,13,[CUDA memcpy Host-to-Device]
5221670096,653016,138623,,,,,,,,,,456.561,698995.565,Device,,NVIDIA A100-SXM4-40GB MIG 4g.20gb (0),1,,13,[CUDA memset]
5222325832,53760,138628,,,,,,,,,,1.235,22971.193,Pinned,Device,NVIDIA A100-SXM4-40GB MIG 4g.20gb (0),1,,13,[CUDA memcpy Host-to-Device]
5222382088,12160,138629,,,,,,,,,,0.197,16168.255,Pinned,Device,NVIDIA A100-SXM4-40GB MIG 4g.20gb (0),1,,13,[CUDA memcpy Host-to-Device]
5222423431,15712,138630,69,4,1,48,1,1,76,0.002,0.000,,,,,NVIDIA A100-SXM4-40GB MIG 4g.20gb (0),1,,13,"void ch_est::windowedChEstPreNoDftSOfdmKernel<float, __half, float, (unsigned int)2, (unsigned int)1, (unsigned short)4>(ch_est::puschRxChEstStatDescr_t *, ch_est::puschRxChEstDynDescr_t *)"
5222495206,14272,138631,137,2,1,24,2,1,44,0.001,0.001,,,,,NVIDIA A100-SXM4-40GB MIG 4g.20gb (0),1,,13,"void ch_est::chEstFilterNoDftSOfdmDispatchKernel<float, __half, float, (unsigned int)2>(ch_est::puschRxChEstStatDescr_t *, ch_est::puschRxChEstDynDescr_t *)"
5222565222,16351,138632,137,2,1,24,2,1,44,0.001,0.001,,,,,NVIDIA A100-SXM4-40GB MIG 4g.20gb (0),1,,13,"void ch_est::chEstFilterNoDftSOfdmDispatchKernel<float, __half, float, (unsigned int)2>(ch_est::puschRxChEstStatDescr_t *, ch_est::puschRxChEstDynDescr_t *)"
5222636197,5056,138643,103,1,1,128,1,1,16,0.000,0.000,,,,,NVIDIA A100-SXM4-40GB MIG 4g.20gb (0),1,,13,cupy_copy__complex64_complex64
5222683748,12960,138653,1434,1,1,128,1,1,16,0.000,0.000,,,,,NVIDIA A100-SXM4-40GB MIG 4g.20gb (0),1,,13,cupy_copy__complex64_complex64
5222731812,9024,138660,103,1,1,128,1,1,16,0.000,0.000,,,,,NVIDIA A100-SXM4-40GB MIG 4g.20gb (0),1,,13,cupy_copy__complex64_complex64
5222778339,193406,138667,1,1,1,32,32,1,30,0.000,0.000,,,,,NVIDIA A100-SXM4-40GB MIG 4g.20gb (0),1,,13,"void convert_kernel<__half2, float2>(tensor_layout_any, T1 *, tensor_layout_any, const T2 *)"
5223000769,6751,138670,,,,,,,,,,0.094,13878.814,Pinned,Device,NVIDIA A100-SXM4-40GB MIG 4g.20gb (0),1,,13,[CUDA memcpy Host-to-Device]
5223091199,63392,138671,,,,,,,,,,35.810,564865.678,Device,,NVIDIA A100-SXM4-40GB MIG 4g.20gb (0),1,,13,[CUDA memset]
5223158175,1856,138673,,,,,,,,,,0.000,43.103,Pinned,Device,NVIDIA A100-SXM4-40GB MIG 4g.20gb (0),1,,13,[CUDA memcpy Host-to-Device]
5223162527,9472,138674,,,,,,,,,,0.197,20756.693,Pinned,Device,NVIDIA A100-SXM4-40GB MIG 4g.20gb (0),1,,13,[CUDA memcpy Host-to-Device]
5223267773,22816,138675,273,1,1,48,1,1,40,0.000,0.001,,,,,NVIDIA A100-SXM4-40GB MIG 4g.20gb (0),1,,13,"void pusch_noise_intf_est::noiseIntfEstNoDftSOfdmKernel<float, __half, float, float, (unsigned int)2, (unsigned int)1, (unsigned char)4, (unsigned char)4>(pusch_noise_intf_est::puschRxNoiseIntfEstDynDescr)"
5223312829,8800,138686,35,1,1,128,1,1,16,0.000,0.000,,,,,NVIDIA A100-SXM4-40GB MIG 4g.20gb (0),1,,13,cupy_copy__complex64_complex64
5223396284,5344,138695,1,1,1,1,1,1,18,0.000,0.000,,,,,NVIDIA A100-SXM4-40GB MIG 4g.20gb (0),1,,13,cupy_copy__float32_float32
5223409404,1824,138701,,,,,,,,,,0.000,2.193,Device,Pageable,NVIDIA A100-SXM4-40GB MIG 4g.20gb (0),1,,7,[CUDA memcpy Device-to-Host]
5223566106,17216,138712,1434,1,1,128,1,1,16,0.000,0.000,,,,,NVIDIA A100-SXM4-40GB MIG 4g.20gb (0),1,,13,cupy_copy__complex64_complex64
5223656729,4928,138719,103,1,1,128,1,1,16,0.000,0.000,,,,,NVIDIA A100-SXM4-40GB MIG 4g.20gb (0),1,,13,cupy_copy__complex64_complex64
5223751928,10976,138726,35,1,1,128,1,1,16,0.000,0.000,,,,,NVIDIA A100-SXM4-40GB MIG 4g.20gb (0),1,,13,cupy_copy__complex64_complex64
5223829719,3040,138733,1,1,1,1,1,1,18,0.000,0.000,,,,,NVIDIA A100-SXM4-40GB MIG 4g.20gb (0),1,,13,cupy_copy__float32_float32
5223921942,291101,138744,1,1,1,32,32,1,30,0.000,0.000,,,,,NVIDIA A100-SXM4-40GB MIG 4g.20gb (0),1,,13,"void convert_kernel<__half2, float2>(tensor_layout_any, T1 *, tensor_layout_any, const T2 *)"
5224244242,6144,138747,,,,,,,,,,0.094,15249.961,Pinned,Device,NVIDIA A100-SXM4-40GB MIG 4g.20gb (0),1,,13,[CUDA memcpy Host-to-Device]
5224408336,7136,138748,,,,,,,,,,1.547,216734.608,Device,,NVIDIA A100-SXM4-40GB MIG 4g.20gb (0),1,,13,[CUDA memset]
5224422960,4576,138753,,,,,,,,,,0.031,6839.146,Pinned,Device,NVIDIA A100-SXM4-40GB MIG 4g.20gb (0),1,,13,[CUDA memcpy Host-to-Device]
5224429968,9632,138754,,,,,,,,,,0.197,20411.843,Pinned,Device,NVIDIA A100-SXM4-40GB MIG 4g.20gb (0),1,,13,[CUDA memcpy Host-to-Device]
5224532047,17312,138755,273,1,1,8,4,1,39,0.002,0.000,,,,,NVIDIA A100-SXM4-40GB MIG 4g.20gb (0),1,,13,"void channel_eq::eqMmseCoefCompLowMimoKernel<float, float, float, (unsigned int)4, (unsigned int)1, (unsigned int)4>(const channel_eq::_puschRxChEqStatDescr *, channel_eq::_puschRxChEqCoefCompDynDescr)"
5224654285,12320,138756,273,1,1,12,11,1,51,0.002,0.000,,,,,NVIDIA A100-SXM4-40GB MIG 4g.20gb (0),1,,13,"void channel_eq::eqMmseSoftDemapKernel<float, __half, __half, float, (unsigned int)4, (unsigned short)16383>(channel_eq::_puschRxChEqStatDescr *, channel_eq::_puschRxChEqSoftDemapDynDescr)"
5224772204,1167731,138757,1,1,1,32,32,1,30,0.000,0.000,,,,,NVIDIA A100-SXM4-40GB MIG 4g.20gb (0),1,,13,"void convert_kernel<float2, __half2>(tensor_layout_any, T1 *, tensor_layout_any, const T2 *)"
5226041341,13344,138769,2253,1,1,128,1,1,16,0.000,0.000,,,,,NVIDIA A100-SXM4-40GB MIG 4g.20gb (0),1,,13,cupy_copy__float16_float16
5226147804,10464,138778,282,1,1,128,1,1,16,0.000,0.000,,,,,NVIDIA A100-SXM4-40GB MIG 4g.20gb (0),1,,13,cupy_copy__complex64_complex64
5226222491,6016,138787,26,1,1,128,1,1,16,0.000,0.000,,,,,NVIDIA A100-SXM4-40GB MIG 4g.20gb (0),1,,13,cupy_copy__float32_float32
5226313306,7680,138796,103,1,1,128,1,1,16,0.000,0.000,,,,,NVIDIA A100-SXM4-40GB MIG 4g.20gb (0),1,,13,cupy_copy__complex64_complex64
5226416313,13920,138806,1434,1,1,128,1,1,16,0.000,0.000,,,,,NVIDIA A100-SXM4-40GB MIG 4g.20gb (0),1,,13,cupy_copy__complex64_complex64
5226527224,230141,138811,1,1,1,32,32,1,30,0.000,0.000,,,,,NVIDIA A100-SXM4-40GB MIG 4g.20gb (0),1,,13,"void convert_kernel<__half2, float2>(tensor_layout_any, T1 *, tensor_layout_any, const T2 *)"
5226795317,5440,138814,,,,,,,,,,0.094,17223.480,Pinned,Device,NVIDIA A100-SXM4-40GB MIG 4g.20gb (0),1,,13,[CUDA memcpy Host-to-Device]
5226853012,1137619,138815,,,,,,,,,,456.561,401317.506,Device,,NVIDIA A100-SXM4-40GB MIG 4g.20gb (0),1,,13,[CUDA memset]
5228038310,56448,138820,,,,,,,,,,1.235,21877.033,Pinned,Device,NVIDIA A100-SXM4-40GB MIG 4g.20gb (0),1,,13,[CUDA memcpy Host-to-Device]
5228097222,10912,138821,,,,,,,,,,0.197,18017.550,Pinned,Device,NVIDIA A100-SXM4-40GB MIG 4g.20gb (0),1,,13,[CUDA memcpy Host-to-Device]
5228149829,9248,138822,69,4,1,48,1,1,76,0.002,0.000,,,,,NVIDIA A100-SXM4-40GB MIG 4g.20gb (0),1,,13,"void ch_est::windowedChEstPreNoDftSOfdmKernel<float, __half, float, (unsigned int)2, (unsigned int)1, (unsigned short)4>(ch_est::puschRxChEstStatDescr_t *, ch_est::puschRxChEstDynDescr_t *)"
5228192901,24639,138823,137,2,1,24,2,1,44,0.001,0.001,,,,,NVIDIA A100-SXM4-40GB MIG 4g.20gb (0),1,,13,"void ch_est::chEstFilterNoDftSOfdmDispatchKernel<float, __half, float, (unsigned int)2>(ch_est::puschRxChEstStatDescr_t *, ch_est::puschRxChEstDynDescr_t *)"
5228239236,14144,138824,137,2,1,24,2,1,44,0.001,0.001,,,,,NVIDIA A100-SXM4-40GB MIG 4g.20gb (0),1,,13,"void ch_est::chEstFilterNoDftSOfdmDispatchKernel<float, __half, float, (unsigned int)2>(ch_est::puschRxChEstStatDescr_t *, ch_est::puschRxChEstDynDescr_t *)"
5228309155,4864,138835,103,1,1,128,1,1,16,0.000,0.000,,,,,NVIDIA A100-SXM4-40GB MIG 4g.20gb (0),1,,13,cupy_copy__complex64_complex64
5228357411,13120,138845,1434,1,1,128,1,1,16,0.000,0.000,,,,,NVIDIA A100-SXM4-40GB MIG 4g.20gb (0),1,,13,cupy_copy__complex64_complex64
5228404130,9280,138852,103,1,1,128,1,1,16,0.000,0.000,,,,,NVIDIA A100-SXM4-40GB MIG 4g.20gb (0),1,,13,cupy_copy__complex64_complex64
5228448482,236061,138859,1,1,1,32,32,1,30,0.000,0.000,,,,,NVIDIA A100-SXM4-40GB MIG 4g.20gb (0),1,,13,"void convert_kernel<__half2, float2>(tensor_layout_any, T1 *, tensor_layout_any, const T2 *)"
5228714751,5664,138862,,,,,,,,,,0.094,16542.310,Pinned,Device,NVIDIA A100-SXM4-40GB MIG 4g.20gb (0),1,,13,[CUDA memcpy Host-to-Device]
5228910492,56992,138863,,,,,,,,,,35.810,628320.856,Device,,NVIDIA A100-SXM4-40GB MIG 4g.20gb (0),1,,13,[CUDA memset]
5228970332,2368,138865,,,,,,,,,,0.000,33.784,Pinned,Device,NVIDIA A100-SXM4-40GB MIG 4g.20gb (0),1,,13,[CUDA memcpy Host-to-Device]
5228977436,10527,138866,,,,,,,,,,0.197,18676.384,Pinned,Device,NVIDIA A100-SXM4-40GB MIG 4g.20gb (0),1,,13,[CUDA memcpy Host-to-Device]
5229176985,22496,138867,273,1,1,48,1,1,40,0.000,0.001,,,,,NVIDIA A100-SXM4-40GB MIG 4g.20gb (0),1,,13,"void pusch_noise_intf_est::noiseIntfEstNoDftSOfdmKernel<float, __half, float, float, (unsigned int)2, (unsigned int)1, (unsigned char)4, (unsigned char)4>(pusch_noise_intf_est::puschRxNoiseIntfEstDynDescr)"
5229332471,6336,138878,35,1,1,128,1,1,16,0.000,0.000,,,,,NVIDIA A100-SXM4-40GB MIG 4g.20gb (0),1,,13,cupy_copy__complex64_complex64
5229458998,5632,138887,1,1,1,1,1,1,18,0.000,0.000,,,,,NVIDIA A100-SXM4-40GB MIG 4g.20gb (0),1,,13,cupy_copy__float32_float32
5229465654,1984,138893,,,,,,,,,,0.000,2.016,Device,Pageable,NVIDIA A100-SXM4-40GB MIG 4g.20gb (0),1,,7,[CUDA memcpy Device-to-Host]
5229630964,16000,138904,1434,1,1,128,1,1,16,0.000,0.000,,,,,NVIDIA A100-SXM4-40GB MIG 4g.20gb (0),1,,13,cupy_copy__complex64_complex64
5229763474,7904,138911,103,1,1,128,1,1,16,0.000,0.000,,,,,NVIDIA A100-SXM4-40GB MIG 4g.20gb (0),1,,13,cupy_copy__complex64_complex64
5230277261,7231,138918,35,1,1,128,1,1,16,0.000,0.000,,,,,NVIDIA A100-SXM4-40GB MIG 4g.20gb (0),1,,13,cupy_copy__complex64_complex64
5230405963,4992,138925,1,1,1,1,1,1,18,0.000,0.000,,,,,NVIDIA A100-SXM4-40GB MIG 4g.20gb (0),1,,13,cupy_copy__float32_float32
5230534922,256925,138936,1,1,1,32,32,1,30,0.000,0.000,,,,,NVIDIA A100-SXM4-40GB MIG 4g.20gb (0),1,,13,"void convert_kernel<__half2, float2>(tensor_layout_any, T1 *, tensor_layout_any, const T2 *)"
5230824326,5824,138939,,,,,,,,,,0.094,16087.884,Pinned,Device,NVIDIA A100-SXM4-40GB MIG 4g.20gb (0),1,,13,[CUDA memcpy Host-to-Device]
5230940197,5184,138940,,,,,,,,,,1.547,298345.316,Device,,NVIDIA A100-SXM4-40GB MIG 4g.20gb (0),1,,13,[CUDA memset]
5230951909,3936,138945,,,,,,,,,,0.031,7951.218,Pinned,Device,NVIDIA A100-SXM4-40GB MIG 4g.20gb (0),1,,13,[CUDA memcpy Host-to-Device]
5230958341,10144,138946,,,,,,,,,,0.197,19381.617,Pinned,Device,NVIDIA A100-SXM4-40GB MIG 4g.20gb (0),1,,13,[CUDA memcpy Host-to-Device]
5231080227,17760,138947,273,1,1,8,4,1,39,0.002,0.000,,,,,NVIDIA A100-SXM4-40GB MIG 4g.20gb (0),1,,13,"void channel_eq::eqMmseCoefCompLowMimoKernel<float, float, float, (unsigned int)4, (unsigned int)1, (unsigned int)4>(const channel_eq::_puschRxChEqStatDescr *, channel_eq::_puschRxChEqCoefCompDynDescr)"
5231132963,24927,138948,273,1,1,12,11,1,51,0.002,0.000,,,,,NVIDIA A100-SXM4-40GB MIG 4g.20gb (0),1,,13,"void channel_eq::eqMmseSoftDemapKernel<float, __half, __half, float, (unsigned int)4, (unsigned short)16383>(channel_eq::_puschRxChEqStatDescr *, channel_eq::_puschRxChEqSoftDemapDynDescr)"
5231253729,670585,138949,1,1,1,32,32,1,30,0.000,0.000,,,,,NVIDIA A100-SXM4-40GB MIG 4g.20gb (0),1,,13,"void convert_kernel<float2, __half2>(tensor_layout_any, T1 *, tensor_layout_any, const T2 *)"
5232052120,14720,138961,2253,1,1,128,1,1,16,0.000,0.000,,,,,NVIDIA A100-SXM4-40GB MIG 4g.20gb (0),1,,13,cupy_copy__float16_float16
5232203030,5312,138970,282,1,1,128,1,1,16,0.000,0.000,,,,,NVIDIA A100-SXM4-40GB MIG 4g.20gb (0),1,,13,cupy_copy__complex64_complex64
5232331093,4448,138979,26,1,1,128,1,1,16,0.000,0.000,,,,,NVIDIA A100-SXM4-40GB MIG 4g.20gb (0),1,,13,cupy_copy__float32_float32
5232449044,9311,138988,103,1,1,128,1,1,16,0.000,0.000,,,,,NVIDIA A100-SXM4-40GB MIG 4g.20gb (0),1,,13,cupy_copy__complex64_complex64
5232562354,18688,138998,1434,1,1,128,1,1,16,0.000,0.000,,,,,NVIDIA A100-SXM4-40GB MIG 4g.20gb (0),1,,13,cupy_copy__complex64_complex64
5232644593,134367,139003,1,1,1,32,32,1,30,0.000,0.000,,,,,NVIDIA A100-SXM4-40GB MIG 4g.20gb (0),1,,13,"void convert_kernel<__half2, float2>(tensor_layout_any, T1 *, tensor_layout_any, const T2 *)"
5232817551,5664,139006,,,,,,,,,,0.094,16542.310,Pinned,Device,NVIDIA A100-SXM4-40GB MIG 4g.20gb (0),1,,13,[CUDA memcpy Host-to-Device]
5232867759,641208,139007,,,,,,,,,,456.561,711779.285,Device,,NVIDIA A100-SXM4-40GB MIG 4g.20gb (0),1,,13,[CUDA memset]
5233513799,52960,139012,,,,,,,,,,1.235,23318.213,Pinned,Device,NVIDIA A100-SXM4-40GB MIG 4g.20gb (0),1,,13,[CUDA memcpy Host-to-Device]
5233569223,10495,139013,,,,,,,,,,0.197,18733.400,Pinned,Device,NVIDIA A100-SXM4-40GB MIG 4g.20gb (0),1,,13,[CUDA memcpy Host-to-Device]
5233799300,17408,139014,69,4,1,48,1,1,76,0.002,0.000,,,,,NVIDIA A100-SXM4-40GB MIG 4g.20gb (0),1,,13,"void ch_est::windowedChEstPreNoDftSOfdmKernel<float, __half, float, (unsigned int)2, (unsigned int)1, (unsigned short)4>(ch_est::puschRxChEstStatDescr_t *, ch_est::puschRxChEstDynDescr_t *)"
5234046145,20352,139015,137,2,1,24,2,1,44,0.001,0.001,,,,,NVIDIA A100-SXM4-40GB MIG 4g.20gb (0),1,,13,"void ch_est::chEstFilterNoDftSOfdmDispatchKernel<float, __half, float, (unsigned int)2>(ch_est::puschRxChEstStatDescr_t *, ch_est::puschRxChEstDynDescr_t *)"
5234119936,17280,139016,137,2,1,24,2,1,44,0.001,0.001,,,,,NVIDIA A100-SXM4-40GB MIG 4g.20gb (0),1,,13,"void ch_est::chEstFilterNoDftSOfdmDispatchKernel<float, __half, float, (unsigned int)2>(ch_est::puschRxChEstStatDescr_t *, ch_est::puschRxChEstDynDescr_t *)"
5234190911,4608,139027,103,1,1,128,1,1,16,0.000,0.000,,,,,NVIDIA A100-SXM4-40GB MIG 4g.20gb (0),1,,13,cupy_copy__complex64_complex64
5234238431,15200,139037,1434,1,1,128,1,1,16,0.000,0.000,,,,,NVIDIA A100-SXM4-40GB MIG 4g.20gb (0),1,,13,cupy_copy__complex64_complex64
5234287422,8160,139044,103,1,1,128,1,1,16,0.000,0.000,,,,,NVIDIA A100-SXM4-40GB MIG 4g.20gb (0),1,,13,cupy_copy__complex64_complex64
5234330910,158782,139051,1,1,1,32,32,1,30,0.000,0.000,,,,,NVIDIA A100-SXM4-40GB MIG 4g.20gb (0),1,,13,"void convert_kernel<__half2, float2>(tensor_layout_any, T1 *, tensor_layout_any, const T2 *)"
5234519068,6048,139054,,,,,,,,,,0.094,15491.978,Pinned,Device,NVIDIA A100-SXM4-40GB MIG 4g.20gb (0),1,,13,[CUDA memcpy Host-to-Device]
5234572827,53695,139055,,,,,,,,,,35.810,666888.140,Device,,NVIDIA A100-SXM4-40GB MIG 4g.20gb (0),1,,13,[CUDA memset]
5234627578,1824,139057,,,,,,,,,,0.000,43.860,Pinned,Device,NVIDIA A100-SXM4-40GB MIG 4g.20gb (0),1,,13,[CUDA memcpy Host-to-Device]
5234631482,9248,139058,,,,,,,,,,0.197,21259.420,Pinned,Device,NVIDIA A100-SXM4-40GB MIG 4g.20gb (0),1,,13,[CUDA memcpy Host-to-Device]
5235208916,26623,139059,273,1,1,48,1,1,40,0.000,0.001,,,,,NVIDIA A100-SXM4-40GB MIG 4g.20gb (0),1,,13,"void pusch_noise_intf_est::noiseIntfEstNoDftSOfdmKernel<float, __half, float, float, (unsigned int)2, (unsigned int)1, (unsigned char)4, (unsigned char)4>(pusch_noise_intf_est::puschRxNoiseIntfEstDynDescr)"
5235285779,7872,139070,35,1,1,128,1,1,16,0.000,0.000,,,,,NVIDIA A100-SXM4-40GB MIG 4g.20gb (0),1,,13,cupy_copy__complex64_complex64
5235413617,3616,139079,1,1,1,1,1,1,18,0.000,0.000,,,,,NVIDIA A100-SXM4-40GB MIG 4g.20gb (0),1,,13,cupy_copy__float32_float32
5235421905,2016,139085,,,,,,,,,,0.000,1.984,Device,Pageable,NVIDIA A100-SXM4-40GB MIG 4g.20gb (0),1,,7,[CUDA memcpy Device-to-Host]
5235605455,18336,139096,1434,1,1,128,1,1,16,0.000,0.000,,,,,NVIDIA A100-SXM4-40GB MIG 4g.20gb (0),1,,13,cupy_copy__complex64_complex64
5235656270,7616,139103,103,1,1,128,1,1,16,0.000,0.000,,,,,NVIDIA A100-SXM4-40GB MIG 4g.20gb (0),1,,13,cupy_copy__complex64_complex64
5235783021,4896,139110,35,1,1,128,1,1,16,0.000,0.000,,,,,NVIDIA A100-SXM4-40GB MIG 4g.20gb (0),1,,13,cupy_copy__complex64_complex64
5235849644,3200,139117,1,1,1,1,1,1,18,0.000,0.000,,,,,NVIDIA A100-SXM4-40GB MIG 4g.20gb (0),1,,13,cupy_copy__float32_float32
5235971883,261021,139128,1,1,1,32,32,1,30,0.000,0.000,,,,,NVIDIA A100-SXM4-40GB MIG 4g.20gb (0),1,,13,"void convert_kernel<__half2, float2>(tensor_layout_any, T1 *, tensor_layout_any, const T2 *)"
5236265543,5664,139131,,,,,,,,,,0.094,16542.310,Pinned,Device,NVIDIA A100-SXM4-40GB MIG 4g.20gb (0),1,,13,[CUDA memcpy Host-to-Device]
5236377894,7840,139132,,,,,,,,,,1.547,197273.438,Device,,NVIDIA A100-SXM4-40GB MIG 4g.20gb (0),1,,13,[CUDA memset]
5236386726,4096,139137,,,,,,,,,,0.031,7640.605,Pinned,Device,NVIDIA A100-SXM4-40GB MIG 4g.20gb (0),1,,13,[CUDA memcpy Host-to-Device]
5236393670,10784,139138,,,,,,,,,,0.197,18231.263,Pinned,Device,NVIDIA A100-SXM4-40GB MIG 4g.20gb (0),1,,13,[CUDA memcpy Host-to-Device]
5236530084,26368,139139,273,1,1,8,4,1,39,0.002,0.000,,,,,NVIDIA A100-SXM4-40GB MIG 4g.20gb (0),1,,13,"void channel_eq::eqMmseCoefCompLowMimoKernel<float, float, float, (unsigned int)4, (unsigned int)1, (unsigned int)4>(const channel_eq::_puschRxChEqStatDescr *, channel_eq::_puschRxChEqCoefCompDynDescr)"
5236680867,22975,139140,273,1,1,12,11,1,51,0.002,0.000,,,,,NVIDIA A100-SXM4-40GB MIG 4g.20gb (0),1,,13,"void channel_eq::eqMmseSoftDemapKernel<float, __half, __half, float, (unsigned int)4, (unsigned short)16383>(channel_eq::_puschRxChEqStatDescr *, channel_eq::_puschRxChEqSoftDemapDynDescr)"
5236844385,651800,139141,1,1,1,32,32,1,30,0.000,0.000,,,,,NVIDIA A100-SXM4-40GB MIG 4g.20gb (0),1,,13,"void convert_kernel<float2, __half2>(tensor_layout_any, T1 *, tensor_layout_any, const T2 *)"
5237539545,14944,139153,2253,1,1,128,1,1,16,0.000,0.000,,,,,NVIDIA A100-SXM4-40GB MIG 4g.20gb (0),1,,13,cupy_copy__float16_float16
5237677239,5888,139162,282,1,1,128,1,1,16,0.000,0.000,,,,,NVIDIA A100-SXM4-40GB MIG 4g.20gb (0),1,,13,cupy_copy__complex64_complex64
5237771670,3808,139171,26,1,1,128,1,1,16,0.000,0.000,,,,,NVIDIA A100-SXM4-40GB MIG 4g.20gb (0),1,,13,cupy_copy__float32_float32
5237839957,6688,139180,103,1,1,128,1,1,16,0.000,0.000,,,,,NVIDIA A100-SXM4-40GB MIG 4g.20gb (0),1,,13,cupy_copy__complex64_complex64
5237944916,18944,139190,1434,1,1,128,1,1,16,0.000,0.000,,,,,NVIDIA A100-SXM4-40GB MIG 4g.20gb (0),1,,13,cupy_copy__complex64_complex64
5237998323,227806,139195,1,1,1,32,32,1,30,0.000,0.000,,,,,NVIDIA A100-SXM4-40GB MIG 4g.20gb (0),1,,13,"void convert_kernel<__half2, float2>(tensor_layout_any, T1 *, tensor_layout_any, const T2 *)"
5238257296,5792,139198,,,,,,,,,,0.094,16176.708,Pinned,Device,NVIDIA A100-SXM4-40GB MIG 4g.20gb (0),1,,13,[CUDA memcpy Host-to-Device]
5238357679,641177,139199,,,,,,,,,,456.561,711779.285,Device,,NVIDIA A100-SXM4-40GB MIG 4g.20gb (0),1,,13,[CUDA memset]
5239006216,55615,139204,,,,,,,,,,1.235,22204.293,Pinned,Device,NVIDIA A100-SXM4-40GB MIG 4g.20gb (0),1,,13,[CUDA memcpy Host-to-Device]
5239064487,10976,139205,,,,,,,,,,0.197,17912.365,Pinned,Device,NVIDIA A100-SXM4-40GB MIG 4g.20gb (0),1,,13,[CUDA memcpy Host-to-Device]
5239185286,13184,139206,69,4,1,48,1,1,76,0.002,0.000,,,,,NVIDIA A100-SXM4-40GB MIG 4g.20gb (0),1,,13,"void ch_est::windowedChEstPreNoDftSOfdmKernel<float, __half, float, (unsigned int)2, (unsigned int)1, (unsigned short)4>(ch_est::puschRxChEstStatDescr_t *, ch_est::puschRxChEstDynDescr_t *)"
5239297252,22144,139207,137,2,1,24,2,1,44,0.001,0.001,,,,,NVIDIA A100-SXM4-40GB MIG 4g.20gb (0),1,,13,"void ch_est::chEstFilterNoDftSOfdmDispatchKernel<float, __half, float, (unsigned int)2>(ch_est::puschRxChEstStatDescr_t *, ch_est::puschRxChEstDynDescr_t *)"
5239393571,23328,139208,137,2,1,24,2,1,44,0.001,0.001,,,,,NVIDIA A100-SXM4-40GB MIG 4g.20gb (0),1,,13,"void ch_est::chEstFilterNoDftSOfdmDispatchKernel<float, __half, float, (unsigned int)2>(ch_est::puschRxChEstStatDescr_t *, ch_est::puschRxChEstDynDescr_t *)"
5239525794,5280,139219,103,1,1,128,1,1,16,0.000,0.000,,,,,NVIDIA A100-SXM4-40GB MIG 4g.20gb (0),1,,13,cupy_copy__complex64_complex64
5239638689,18143,139229,1434,1,1,128,1,1,16,0.000,0.000,,,,,NVIDIA A100-SXM4-40GB MIG 4g.20gb (0),1,,13,cupy_copy__complex64_complex64
5239718976,7296,139236,103,1,1,128,1,1,16,0.000,0.000,,,,,NVIDIA A100-SXM4-40GB MIG 4g.20gb (0),1,,13,cupy_copy__complex64_complex64
5239813983,253629,139243,1,1,1,32,32,1,30,0.000,0.000,,,,,NVIDIA A100-SXM4-40GB MIG 4g.20gb (0),1,,13,"void convert_kernel<__half2, float2>(tensor_layout_any, T1 *, tensor_layout_any, const T2 *)"
5240098171,5888,139246,,,,,,,,,,0.094,15912.954,Pinned,Device,NVIDIA A100-SXM4-40GB MIG 4g.20gb (0),1,,13,[CUDA memcpy Host-to-Device]
5240152603,56895,139247,,,,,,,,,,35.810,629395.154,Device,,NVIDIA A100-SXM4-40GB MIG 4g.20gb (0),1,,13,[CUDA memset]
5240286169,1856,139249,,,,,,,,,,0.000,43.103,Pinned,Device,NVIDIA A100-SXM4-40GB MIG 4g.20gb (0),1,,13,[CUDA memcpy Host-to-Device]
5240290457,9472,139250,,,,,,,,,,0.197,20756.693,Pinned,Device,NVIDIA A100-SXM4-40GB MIG 4g.20gb (0),1,,13,[CUDA memcpy Host-to-Device]
5240352568,12736,139251,273,1,1,48,1,1,40,0.000,0.001,,,,,NVIDIA A100-SXM4-40GB MIG 4g.20gb (0),1,,13,"void pusch_noise_intf_est::noiseIntfEstNoDftSOfdmKernel<float, __half, float, float, (unsigned int)2, (unsigned int)1, (unsigned char)4, (unsigned char)4>(pusch_noise_intf_est::puschRxNoiseIntfEstDynDescr)"
5240439543,8384,139262,35,1,1,128,1,1,16,0.000,0.000,,,,,NVIDIA A100-SXM4-40GB MIG 4g.20gb (0),1,,13,cupy_copy__complex64_complex64
5240510614,7392,139271,1,1,1,1,1,1,18,0.000,0.000,,,,,NVIDIA A100-SXM4-40GB MIG 4g.20gb (0),1,,13,cupy_copy__float32_float32
5240526486,2912,139277,,,,,,,,,,0.000,1.374,Device,Pageable,NVIDIA A100-SXM4-40GB MIG 4g.20gb (0),1,,7,[CUDA memcpy Device-to-Host]
5240691572,18880,139288,1434,1,1,128,1,1,16,0.000,0.000,,,,,NVIDIA A100-SXM4-40GB MIG 4g.20gb (0),1,,13,cupy_copy__complex64_complex64
5240776467,5952,139295,103,1,1,128,1,1,16,0.000,0.000,,,,,NVIDIA A100-SXM4-40GB MIG 4g.20gb (0),1,,13,cupy_copy__complex64_complex64
5240856146,10336,139302,35,1,1,128,1,1,16,0.000,0.000,,,,,NVIDIA A100-SXM4-40GB MIG 4g.20gb (0),1,,13,cupy_copy__complex64_complex64
5240927794,4992,139309,1,1,1,1,1,1,18,0.000,0.000,,,,,NVIDIA A100-SXM4-40GB MIG 4g.20gb (0),1,,13,cupy_copy__float32_float32
5241186575,279100,139320,1,1,1,32,32,1,30,0.000,0.000,,,,,NVIDIA A100-SXM4-40GB MIG 4g.20gb (0),1,,13,"void convert_kernel<__half2, float2>(tensor_layout_any, T1 *, tensor_layout_any, const T2 *)"
5241496811,6336,139323,,,,,,,,,,0.094,14787.852,Pinned,Device,NVIDIA A100-SXM4-40GB MIG 4g.20gb (0),1,,13,[CUDA memcpy Host-to-Device]
5241759528,8032,139324,,,,,,,,,,1.547,192556.235,Device,,NVIDIA A100-SXM4-40GB MIG 4g.20gb (0),1,,13,[CUDA memset]
5241769576,3072,139329,,,,,,,,,,0.031,10187.474,Pinned,Device,NVIDIA A100-SXM4-40GB MIG 4g.20gb (0),1,,13,[CUDA memcpy Host-to-Device]
5241775592,11200,139330,,,,,,,,,,0.197,17554.145,Pinned,Device,NVIDIA A100-SXM4-40GB MIG 4g.20gb (0),1,,13,[CUDA memcpy Host-to-Device]
5242043429,13600,139331,273,1,1,8,4,1,39,0.002,0.000,,,,,NVIDIA A100-SXM4-40GB MIG 4g.20gb (0),1,,13,"void channel_eq::eqMmseCoefCompLowMimoKernel<float, float, float, (unsigned int)4, (unsigned int)1, (unsigned int)4>(const channel_eq::_puschRxChEqStatDescr *, channel_eq::_puschRxChEqCoefCompDynDescr)"
5242323778,15487,139332,273,1,1,12,11,1,51,0.002,0.000,,,,,NVIDIA A100-SXM4-40GB MIG 4g.20gb (0),1,,13,"void channel_eq::eqMmseSoftDemapKernel<float, __half, __half, float, (unsigned int)4, (unsigned short)16383>(channel_eq::_puschRxChEqStatDescr *, channel_eq::_puschRxChEqSoftDemapDynDescr)"
5242612958,641817,139333,1,1,1,32,32,1,30,0.000,0.000,,,,,NVIDIA A100-SXM4-40GB MIG 4g.20gb (0),1,,13,"void convert_kernel<float2, __half2>(tensor_layout_any, T1 *, tensor_layout_any, const T2 *)"
5243407317,17664,139345,2253,1,1,128,1,1,16,0.000,0.000,,,,,NVIDIA A100-SXM4-40GB MIG 4g.20gb (0),1,,13,cupy_copy__float16_float16
5243515412,10592,139354,282,1,1,128,1,1,16,0.000,0.000,,,,,NVIDIA A100-SXM4-40GB MIG 4g.20gb (0),1,,13,cupy_copy__complex64_complex64
5243765841,5600,139363,26,1,1,128,1,1,16,0.000,0.000,,,,,NVIDIA A100-SXM4-40GB MIG 4g.20gb (0),1,,13,cupy_copy__float32_float32
5243821584,7072,139372,103,1,1,128,1,1,16,0.000,0.000,,,,,NVIDIA A100-SXM4-40GB MIG 4g.20gb (0),1,,13,cupy_copy__complex64_complex64
5243865552,18912,139382,1434,1,1,128,1,1,16,0.000,0.000,,,,,NVIDIA A100-SXM4-40GB MIG 4g.20gb (0),1,,13,cupy_copy__complex64_complex64
5243917359,155966,139387,1,1,1,32,32,1,30,0.000,0.000,,,,,NVIDIA A100-SXM4-40GB MIG 4g.20gb (0),1,,13,"void convert_kernel<__half2, float2>(tensor_layout_any, T1 *, tensor_layout_any, const T2 *)"
5244200940,5472,139390,,,,,,,,,,0.094,17122.757,Pinned,Device,NVIDIA A100-SXM4-40GB MIG 4g.20gb (0),1,,13,[CUDA memcpy Host-to-Device]
5244239979,1114548,139391,,,,,,,,,,456.561,409535.612,Device,,NVIDIA A100-SXM4-40GB MIG 4g.20gb (0),1,,13,[CUDA memset]
5245356991,56287,139396,,,,,,,,,,1.235,21940.015,Pinned,Device,NVIDIA A100-SXM4-40GB MIG 4g.20gb (0),1,,13,[CUDA memcpy Host-to-Device]
5245415774,11392,139397,,,,,,,,,,0.197,17258.250,Pinned,Device,NVIDIA A100-SXM4-40GB MIG 4g.20gb (0),1,,13,[CUDA memcpy Host-to-Device]
5245480093,8800,139398,69,4,1,48,1,1,76,0.002,0.000,,,,,NVIDIA A100-SXM4-40GB MIG 4g.20gb (0),1,,13,"void ch_est::windowedChEstPreNoDftSOfdmKernel<float, __half, float, (unsigned int)2, (unsigned int)1, (unsigned short)4>(ch_est::puschRxChEstStatDescr_t *, ch_est::puschRxChEstDynDescr_t *)"
5245524317,23615,139399,137,2,1,24,2,1,44,0.001,0.001,,,,,NVIDIA A100-SXM4-40GB MIG 4g.20gb (0),1,,13,"void ch_est::chEstFilterNoDftSOfdmDispatchKernel<float, __half, float, (unsigned int)2>(ch_est::puschRxChEstStatDescr_t *, ch_est::puschRxChEstDynDescr_t *)"
5245570812,14528,139400,137,2,1,24,2,1,44,0.001,0.001,,,,,NVIDIA A100-SXM4-40GB MIG 4g.20gb (0),1,,13,"void ch_est::chEstFilterNoDftSOfdmDispatchKernel<float, __half, float, (unsigned int)2>(ch_est::puschRxChEstStatDescr_t *, ch_est::puschRxChEstDynDescr_t *)"
5245641243,5088,139411,103,1,1,128,1,1,16,0.000,0.000,,,,,NVIDIA A100-SXM4-40GB MIG 4g.20gb (0),1,,13,cupy_copy__complex64_complex64
5245689051,14752,139421,1434,1,1,128,1,1,16,0.000,0.000,,,,,NVIDIA A100-SXM4-40GB MIG 4g.20gb (0),1,,13,cupy_copy__complex64_complex64
5245737978,7616,139428,103,1,1,128,1,1,16,0.000,0.000,,,,,NVIDIA A100-SXM4-40GB MIG 4g.20gb (0),1,,13,cupy_copy__complex64_complex64
5245781850,158526,139435,1,1,1,32,32,1,30,0.000,0.000,,,,,NVIDIA A100-SXM4-40GB MIG 4g.20gb (0),1,,13,"void convert_kernel<__half2, float2>(tensor_layout_any, T1 *, tensor_layout_any, const T2 *)"
5245973943,6720,139438,,,,,,,,,,0.094,13942.808,Pinned,Device,NVIDIA A100-SXM4-40GB MIG 4g.20gb (0),1,,13,[CUDA memcpy Host-to-Device]
5246022103,55231,139439,,,,,,,,,,35.810,648338.602,Device,,NVIDIA A100-SXM4-40GB MIG 4g.20gb (0),1,,13,[CUDA memset]
5246086742,1824,139441,,,,,,,,,,0.000,43.860,Pinned,Device,NVIDIA A100-SXM4-40GB MIG 4g.20gb (0),1,,13,[CUDA memcpy Host-to-Device]
5246091030,10176,139442,,,,,,,,,,0.197,19320.668,Pinned,Device,NVIDIA A100-SXM4-40GB MIG 4g.20gb (0),1,,13,[CUDA memcpy Host-to-Device]
5246145717,14880,139443,273,1,1,48,1,1,40,0.000,0.001,,,,,NVIDIA A100-SXM4-40GB MIG 4g.20gb (0),1,,13,"void pusch_noise_intf_est::noiseIntfEstNoDftSOfdmKernel<float, __half, float, float, (unsigned int)2, (unsigned int)1, (unsigned char)4, (unsigned char)4>(pusch_noise_intf_est::puschRxNoiseIntfEstDynDescr)"
5246215029,3712,139454,35,1,1,128,1,1,16,0.000,0.000,,,,,NVIDIA A100-SXM4-40GB MIG 4g.20gb (0),1,,13,cupy_copy__complex64_complex64
5246258388,3808,139463,1,1,1,1,1,1,18,0.000,0.000,,,,,NVIDIA A100-SXM4-40GB MIG 4g.20gb (0),1,,13,cupy_copy__float32_float32
5246267700,1632,139469,,,,,,,,,,0.000,2.451,Device,Pageable,NVIDIA A100-SXM4-40GB MIG 4g.20gb (0),1,,7,[CUDA memcpy Device-to-Host]
5246424722,15776,139480,1434,1,1,128,1,1,16,0.000,0.000,,,,,NVIDIA A100-SXM4-40GB MIG 4g.20gb (0),1,,13,cupy_copy__complex64_complex64
5246480946,4032,139487,103,1,1,128,1,1,16,0.000,0.000,,,,,NVIDIA A100-SXM4-40GB MIG 4g.20gb (0),1,,13,cupy_copy__complex64_complex64
5246646576,5056,139494,35,1,1,128,1,1,16,0.000,0.000,,,,,NVIDIA A100-SXM4-40GB MIG 4g.20gb (0),1,,13,cupy_copy__complex64_complex64
5246765998,6208,139501,1,1,1,1,1,1,18,0.000,0.000,,,,,NVIDIA A100-SXM4-40GB MIG 4g.20gb (0),1,,13,cupy_copy__float32_float32
5246810254,277021,139512,1,1,1,32,32,1,30,0.000,0.000,,,,,NVIDIA A100-SXM4-40GB MIG 4g.20gb (0),1,,13,"void convert_kernel<__half2, float2>(tensor_layout_any, T1 *, tensor_layout_any, const T2 *)"
5247118250,5952,139515,,,,,,,,,,0.094,15741.865,Pinned,Device,NVIDIA A100-SXM4-40GB MIG 4g.20gb (0),1,,13,[CUDA memcpy Host-to-Device]
5247317160,6560,139516,,,,,,,,,,1.547,235765.816,Device,,NVIDIA A100-SXM4-40GB MIG 4g.20gb (0),1,,13,[CUDA memset]
5247326024,3488,139521,,,,,,,,,,0.031,8972.469,Pinned,Device,NVIDIA A100-SXM4-40GB MIG 4g.20gb (0),1,,13,[CUDA memcpy Host-to-Device]
5247331976,11328,139522,,,,,,,,,,0.197,17355.768,Pinned,Device,NVIDIA A100-SXM4-40GB MIG 4g.20gb (0),1,,13,[CUDA memcpy Host-to-Device]
5247606885,15263,139523,273,1,1,8,4,1,39,0.002,0.000,,,,,NVIDIA A100-SXM4-40GB MIG 4g.20gb (0),1,,13,"void channel_eq::eqMmseCoefCompLowMimoKernel<float, float, float, (unsigned int)4, (unsigned int)1, (unsigned int)4>(const channel_eq::_puschRxChEqStatDescr *, channel_eq::_puschRxChEqCoefCompDynDescr)"
5247887937,12288,139524,273,1,1,12,11,1,51,0.002,0.000,,,,,NVIDIA A100-SXM4-40GB MIG 4g.20gb (0),1,,13,"void channel_eq::eqMmseSoftDemapKernel<float, __half, __half, float, (unsigned int)4, (unsigned short)16383>(channel_eq::_puschRxChEqStatDescr *, channel_eq::_puschRxChEqSoftDemapDynDescr)"
5248218014,691064,139525,1,1,1,32,32,1,30,0.000,0.000,,,,,NVIDIA A100-SXM4-40GB MIG 4g.20gb (0),1,,13,"void convert_kernel<float2, __half2>(tensor_layout_any, T1 *, tensor_layout_any, const T2 *)"
5249108179,15008,139537,2253,1,1,128,1,1,16,0.000,0.000,,,,,NVIDIA A100-SXM4-40GB MIG 4g.20gb (0),1,,13,cupy_copy__float16_float16
5249717388,6912,139546,282,1,1,128,1,1,16,0.000,0.000,,,,,NVIDIA A100-SXM4-40GB MIG 4g.20gb (0),1,,13,cupy_copy__complex64_complex64
5249948426,4319,139555,26,1,1,128,1,1,16,0.000,0.000,,,,,NVIDIA A100-SXM4-40GB MIG 4g.20gb (0),1,,13,cupy_copy__float32_float32
5250148103,10208,139564,103,1,1,128,1,1,16,0.000,0.000,,,,,NVIDIA A100-SXM4-40GB MIG 4g.20gb (0),1,,13,cupy_copy__complex64_complex64
5250345349,18752,139574,1434,1,1,128,1,1,16,0.000,0.000,,,,,NVIDIA A100-SXM4-40GB MIG 4g.20gb (0),1,,13,cupy_copy__complex64_complex64
5250410788,147999,139579,1,1,1,32,32,1,30,0.000,0.000,,,,,NVIDIA A100-SXM4-40GB MIG 4g.20gb (0),1,,13,"void convert_kernel<__half2, float2>(tensor_layout_any, T1 *, tensor_layout_any, const T2 *)"
5250614882,5568,139582,,,,,,,,,,0.094,16827.521,Pinned,Device,NVIDIA A100-SXM4-40GB MIG 4g.20gb (0),1,,13,[CUDA memcpy Host-to-Device]
5250670305,628441,139583,,,,,,,,,,456.561,726389.251,Device,,NVIDIA A100-SXM4-40GB MIG 4g.20gb (0),1,,13,[CUDA memset]
5251308250,56959,139588,,,,,,,,,,1.235,21680.677,Pinned,Device,NVIDIA A100-SXM4-40GB MIG 4g.20gb (0),1,,13,[CUDA memcpy Host-to-Device]
5251368025,10464,139589,,,,,,,,,,0.197,18788.844,Pinned,Device,NVIDIA A100-SXM4-40GB MIG 4g.20gb (0),1,,13,[CUDA memcpy Host-to-Device]
5251432760,10432,139590,69,4,1,48,1,1,76,0.002,0.000,,,,,NVIDIA A100-SXM4-40GB MIG 4g.20gb (0),1,,13,"void ch_est::windowedChEstPreNoDftSOfdmKernel<float, __half, float, (unsigned int)2, (unsigned int)1, (unsigned short)4>(ch_est::puschRxChEstStatDescr_t *, ch_est::puschRxChEstDynDescr_t *)"
5251476888,21824,139591,137,2,1,24,2,1,44,0.001,0.001,,,,,NVIDIA A100-SXM4-40GB MIG 4g.20gb (0),1,,13,"void ch_est::chEstFilterNoDftSOfdmDispatchKernel<float, __half, float, (unsigned int)2>(ch_est::puschRxChEstStatDescr_t *, ch_est::puschRxChEstDynDescr_t *)"
5251523095,14464,139592,137,2,1,24,2,1,44,0.001,0.001,,,,,NVIDIA A100-SXM4-40GB MIG 4g.20gb (0),1,,13,"void ch_est::chEstFilterNoDftSOfdmDispatchKernel<float, __half, float, (unsigned int)2>(ch_est::puschRxChEstStatDescr_t *, ch_est::puschRxChEstDynDescr_t *)"
5251593879,5375,139603,103,1,1,128,1,1,16,0.000,0.000,,,,,NVIDIA A100-SXM4-40GB MIG 4g.20gb (0),1,,13,cupy_copy__complex64_complex64
5251641590,15328,139613,1434,1,1,128,1,1,16,0.000,0.000,,,,,NVIDIA A100-SXM4-40GB MIG 4g.20gb (0),1,,13,cupy_copy__complex64_complex64
5251690613,7680,139620,103,1,1,128,1,1,16,0.000,0.000,,,,,NVIDIA A100-SXM4-40GB MIG 4g.20gb (0),1,,13,cupy_copy__complex64_complex64
5251733813,163454,139627,1,1,1,32,32,1,30,0.000,0.000,,,,,NVIDIA A100-SXM4-40GB MIG 4g.20gb (0),1,,13,"void convert_kernel<__half2, float2>(tensor_layout_any, T1 *, tensor_layout_any, const T2 *)"
5251931219,6144,139630,,,,,,,,,,0.094,15249.961,Pinned,Device,NVIDIA A100-SXM4-40GB MIG 4g.20gb (0),1,,13,[CUDA memcpy Host-to-Device]
5251985266,54175,139631,,,,,,,,,,35.810,660979.503,Device,,NVIDIA A100-SXM4-40GB MIG 4g.20gb (0),1,,13,[CUDA memset]
5252041649,1856,139633,,,,,,,,,,0.000,43.103,Pinned,Device,NVIDIA A100-SXM4-40GB MIG 4g.20gb (0),1,,13,[CUDA memcpy Host-to-Device]
5252045969,9440,139634,,,,,,,,,,0.197,20827.079,Pinned,Device,NVIDIA A100-SXM4-40GB MIG 4g.20gb (0),1,,13,[CUDA memcpy Host-to-Device]
5252216719,17760,139635,273,1,1,48,1,1,40,0.000,0.001,,,,,NVIDIA A100-SXM4-40GB MIG 4g.20gb (0),1,,13,"void pusch_noise_intf_est::noiseIntfEstNoDftSOfdmKernel<float, __half, float, float, (unsigned int)2, (unsigned int)1, (unsigned char)4, (unsigned char)4>(pusch_noise_intf_est::puschRxNoiseIntfEstDynDescr)"
5252291919,5439,139646,35,1,1,128,1,1,16,0.000,0.000,,,,,NVIDIA A100-SXM4-40GB MIG 4g.20gb (0),1,,13,cupy_copy__complex64_complex64
5252402765,5376,139655,1,1,1,1,1,1,18,0.000,0.000,,,,,NVIDIA A100-SXM4-40GB MIG 4g.20gb (0),1,,13,cupy_copy__float32_float32
5252414669,1856,139661,,,,,,,,,,0.000,2.155,Device,Pageable,NVIDIA A100-SXM4-40GB MIG 4g.20gb (0),1,,7,[CUDA memcpy Device-to-Host]
5252584587,20128,139672,1434,1,1,128,1,1,16,0.000,0.000,,,,,NVIDIA A100-SXM4-40GB MIG 4g.20gb (0),1,,13,cupy_copy__complex64_complex64
5252681098,11360,139679,103,1,1,128,1,1,16,0.000,0.000,,,,,NVIDIA A100-SXM4-40GB MIG 4g.20gb (0),1,,13,cupy_copy__complex64_complex64
5252810313,8255,139686,35,1,1,128,1,1,16,0.000,0.000,,,,,NVIDIA A100-SXM4-40GB MIG 4g.20gb (0),1,,13,cupy_copy__complex64_complex64
5252926599,5984,139693,1,1,1,1,1,1,18,0.000,0.000,,,,,NVIDIA A100-SXM4-40GB MIG 4g.20gb (0),1,,13,cupy_copy__float32_float32
5253069382,316220,139704,1,1,1,32,32,1,30,0.000,0.000,,,,,NVIDIA A100-SXM4-40GB MIG 4g.20gb (0),1,,13,"void convert_kernel<__half2, float2>(tensor_layout_any, T1 *, tensor_layout_any, const T2 *)"
5253415810,5951,139707,,,,,,,,,,0.094,15744.488,Pinned,Device,NVIDIA A100-SXM4-40GB MIG 4g.20gb (0),1,,13,[CUDA memcpy Host-to-Device]
5253608831,5344,139708,,,,,,,,,,1.547,289412.016,Device,,NVIDIA A100-SXM4-40GB MIG 4g.20gb (0),1,,13,[CUDA memset]
5253623487,4672,139713,,,,,,,,,,0.031,6698.627,Pinned,Device,NVIDIA A100-SXM4-40GB MIG 4g.20gb (0),1,,13,[CUDA memcpy Host-to-Device]
5253630591,9760,139714,,,,,,,,,,0.197,20144.259,Pinned,Device,NVIDIA A100-SXM4-40GB MIG 4g.20gb (0),1,,13,[CUDA memcpy Host-to-Device]
5253799485,25312,139715,273,1,1,8,4,1,39,0.002,0.000,,,,,NVIDIA A100-SXM4-40GB MIG 4g.20gb (0),1,,13,"void channel_eq::eqMmseCoefCompLowMimoKernel<float, float, float, (unsigned int)4, (unsigned int)1, (unsigned int)4>(const channel_eq::_puschRxChEqStatDescr *, channel_eq::_puschRxChEqCoefCompDynDescr)"
5253987067,15904,139716,273,1,1,12,11,1,51,0.002,0.000,,,,,NVIDIA A100-SXM4-40GB MIG 4g.20gb (0),1,,13,"void channel_eq::eqMmseSoftDemapKernel<float, __half, __half, float, (unsigned int)4, (unsigned short)16383>(channel_eq::_puschRxChEqStatDescr *, channel_eq::_puschRxChEqSoftDemapDynDescr)"
5254188889,728855,139717,1,1,1,32,32,1,30,0.000,0.000,,,,,NVIDIA A100-SXM4-40GB MIG 4g.20gb (0),1,,13,"void convert_kernel<float2, __half2>(tensor_layout_any, T1 *, tensor_layout_any, const T2 *)"
5255137742,25023,139729,2253,1,1,128,1,1,16,0.000,0.000,,,,,NVIDIA A100-SXM4-40GB MIG 4g.20gb (0),1,,13,cupy_copy__float16_float16
5255237005,5151,139738,282,1,1,128,1,1,16,0.000,0.000,,,,,NVIDIA A100-SXM4-40GB MIG 4g.20gb (0),1,,13,cupy_copy__complex64_complex64
5255445450,3712,139747,26,1,1,128,1,1,16,0.000,0.000,,,,,NVIDIA A100-SXM4-40GB MIG 4g.20gb (0),1,,13,cupy_copy__float32_float32
5255650024,13088,139756,103,1,1,128,1,1,16,0.000,0.000,,,,,NVIDIA A100-SXM4-40GB MIG 4g.20gb (0),1,,13,cupy_copy__complex64_complex64
5255690855,482747,139766,1434,1,1,128,1,1,16,0.000,0.000,,,,,NVIDIA A100-SXM4-40GB MIG 4g.20gb (0),1,,13,cupy_copy__complex64_complex64
5256365599,270941,139771,1,1,1,32,32,1,30,0.000,0.000,,,,,NVIDIA A100-SXM4-40GB MIG 4g.20gb (0),1,,13,"void convert_kernel<__half2, float2>(tensor_layout_any, T1 *, tensor_layout_any, const T2 *)"
5256667804,5824,139774,,,,,,,,,,0.094,16087.884,Pinned,Device,NVIDIA A100-SXM4-40GB MIG 4g.20gb (0),1,,13,[CUDA memcpy Host-to-Device]
5256853978,629561,139775,,,,,,,,,,456.561,725019.567,Device,,NVIDIA A100-SXM4-40GB MIG 4g.20gb (0),1,,13,[CUDA memset]
5257486803,53567,139780,,,,,,,,,,1.235,23053.935,Pinned,Device,NVIDIA A100-SXM4-40GB MIG 4g.20gb (0),1,,13,[CUDA memcpy Host-to-Device]
5257542898,9568,139781,,,,,,,,,,0.197,20548.485,Pinned,Device,NVIDIA A100-SXM4-40GB MIG 4g.20gb (0),1,,13,[CUDA memcpy Host-to-Device]
5257706160,10752,139782,69,4,1,48,1,1,76,0.002,0.000,,,,,NVIDIA A100-SXM4-40GB MIG 4g.20gb (0),1,,13,"void ch_est::windowedChEstPreNoDftSOfdmKernel<float, __half, float, (unsigned int)2, (unsigned int)1, (unsigned short)4>(ch_est::puschRxChEstStatDescr_t *, ch_est::puschRxChEstDynDescr_t *)"
5257884014,10304,139783,137,2,1,24,2,1,44,0.001,0.001,,,,,NVIDIA A100-SXM4-40GB MIG 4g.20gb (0),1,,13,"void ch_est::chEstFilterNoDftSOfdmDispatchKernel<float, __half, float, (unsigned int)2>(ch_est::puschRxChEstStatDescr_t *, ch_est::puschRxChEstDynDescr_t *)"
5257922414,12447,139784,137,2,1,24,2,1,44,0.001,0.001,,,,,NVIDIA A100-SXM4-40GB MIG 4g.20gb (0),1,,13,"void ch_est::chEstFilterNoDftSOfdmDispatchKernel<float, __half, float, (unsigned int)2>(ch_est::puschRxChEstStatDescr_t *, ch_est::puschRxChEstDynDescr_t *)"
5257960621,4736,139795,103,1,1,128,1,1,16,0.000,0.000,,,,,NVIDIA A100-SXM4-40GB MIG 4g.20gb (0),1,,13,cupy_copy__complex64_complex64
5257977965,15296,139805,1434,1,1,128,1,1,16,0.000,0.000,,,,,NVIDIA A100-SXM4-40GB MIG 4g.20gb (0),1,,13,cupy_copy__complex64_complex64
5258004621,4480,139812,103,1,1,128,1,1,16,0.000,0.000,,,,,NVIDIA A100-SXM4-40GB MIG 4g.20gb (0),1,,13,cupy_copy__complex64_complex64
5258070060,233725,139819,1,1,1,32,32,1,30,0.000,0.000,,,,,NVIDIA A100-SXM4-40GB MIG 4g.20gb (0),1,,13,"void convert_kernel<__half2, float2>(tensor_layout_any, T1 *, tensor_layout_any, const T2 *)"
5258333705,6368,139822,,,,,,,,,,0.094,14713.551,Pinned,Device,NVIDIA A100-SXM4-40GB MIG 4g.20gb (0),1,,13,[CUDA memcpy Host-to-Device]
5258381288,49120,139823,,,,,,,,,,35.810,729018.351,Device,,NVIDIA A100-SXM4-40GB MIG 4g.20gb (0),1,,13,[CUDA memset]
5258432680,2720,139825,,,,,,,,,,0.000,29.412,Pinned,Device,NVIDIA A100-SXM4-40GB MIG 4g.20gb (0),1,,13,[CUDA memcpy Host-to-Device]
5258437864,10207,139826,,,,,,,,,,0.197,19261.882,Pinned,Device,NVIDIA A100-SXM4-40GB MIG 4g.20gb (0),1,,13,[CUDA memcpy Host-to-Device]
5258523719,21215,139827,273,1,1,48,1,1,40,0.000,0.001,,,,,NVIDIA A100-SXM4-40GB MIG 4g.20gb (0),1,,13,"void pusch_noise_intf_est::noiseIntfEstNoDftSOfdmKernel<float, __half, float, float, (unsigned int)2, (unsigned int)1, (unsigned char)4, (unsigned char)4>(pusch_noise_intf_est::puschRxNoiseIntfEstDynDescr)"
5258660261,5088,139838,35,1,1,128,1,1,16,0.000,0.000,,,,,NVIDIA A100-SXM4-40GB MIG 4g.20gb (0),1,,13,cupy_copy__complex64_complex64
5258761796,5664,139847,1,1,1,1,1,1,18,0.000,0.000,,,,,NVIDIA A100-SXM4-40GB MIG 4g.20gb (0),1,,13,cupy_copy__float32_float32
5258769476,1824,139853,,,,,,,,,,0.000,2.193,Device,Pageable,NVIDIA A100-SXM4-40GB MIG 4g.20gb (0),1,,7,[CUDA memcpy Device-to-Host]
5258865347,14975,139864,1434,1,1,128,1,1,16,0.000,0.000,,,,,NVIDIA A100-SXM4-40GB MIG 4g.20gb (0),1,,13,cupy_copy__complex64_complex64
5258987297,5376,139871,103,1,1,128,1,1,16,0.000,0.000,,,,,NVIDIA A100-SXM4-40GB MIG 4g.20gb (0),1,,13,cupy_copy__complex64_complex64
5259052704,5152,139878,35,1,1,128,1,1,16,0.000,0.000,,,,,NVIDIA A100-SXM4-40GB MIG 4g.20gb (0),1,,13,cupy_copy__complex64_complex64
5259171263,5344,139885,1,1,1,1,1,1,18,0.000,0.000,,,,,NVIDIA A100-SXM4-40GB MIG 4g.20gb (0),1,,13,cupy_copy__float32_float32
5259262494,325564,139896,1,1,1,32,32,1,30,0.000,0.000,,,,,NVIDIA A100-SXM4-40GB MIG 4g.20gb (0),1,,13,"void convert_kernel<__half2, float2>(tensor_layout_any, T1 *, tensor_layout_any, const T2 *)"
5259673785,5888,139899,,,,,,,,,,0.094,15912.954,Pinned,Device,NVIDIA A100-SXM4-40GB MIG 4g.20gb (0),1,,13,[CUDA memcpy Host-to-Device]
5259759768,7232,139900,,,,,,,,,,1.547,213857.887,Device,,NVIDIA A100-SXM4-40GB MIG 4g.20gb (0),1,,13,[CUDA memset]
5259770200,3008,139905,,,,,,,,,,0.031,10404.230,Pinned,Device,NVIDIA A100-SXM4-40GB MIG 4g.20gb (0),1,,13,[CUDA memcpy Host-to-Device]
5259775928,10176,139906,,,,,,,,,,0.197,19320.668,Pinned,Device,NVIDIA A100-SXM4-40GB MIG 4g.20gb (0),1,,13,[CUDA memcpy Host-to-Device]
5259882551,31040,139907,273,1,1,8,4,1,39,0.002,0.000,,,,,NVIDIA A100-SXM4-40GB MIG 4g.20gb (0),1,,13,"void channel_eq::eqMmseCoefCompLowMimoKernel<float, float, float, (unsigned int)4, (unsigned int)1, (unsigned int)4>(const channel_eq::_puschRxChEqStatDescr *, channel_eq::_puschRxChEqCoefCompDynDescr)"
5260019957,21664,139908,273,1,1,12,11,1,51,0.002,0.000,,,,,NVIDIA A100-SXM4-40GB MIG 4g.20gb (0),1,,13,"void channel_eq::eqMmseSoftDemapKernel<float, __half, __half, float, (unsigned int)4, (unsigned short)16383>(channel_eq::_puschRxChEqStatDescr *, channel_eq::_puschRxChEqSoftDemapDynDescr)"
5260149396,683416,139909,1,1,1,32,32,1,30,0.000,0.000,,,,,NVIDIA A100-SXM4-40GB MIG 4g.20gb (0),1,,13,"void convert_kernel<float2, __half2>(tensor_layout_any, T1 *, tensor_layout_any, const T2 *)"
5260869292,14591,139921,2253,1,1,128,1,1,16,0.000,0.000,,,,,NVIDIA A100-SXM4-40GB MIG 4g.20gb (0),1,,13,cupy_copy__float16_float16
5260947947,6368,139930,282,1,1,128,1,1,16,0.000,0.000,,,,,NVIDIA A100-SXM4-40GB MIG 4g.20gb (0),1,,13,cupy_copy__complex64_complex64
5261594275,8192,139939,26,1,1,128,1,1,16,0.000,0.000,,,,,NVIDIA A100-SXM4-40GB MIG 4g.20gb (0),1,,13,cupy_copy__float32_float32
5261649827,9055,139948,103,1,1,128,1,1,16,0.000,0.000,,,,,NVIDIA A100-SXM4-40GB MIG 4g.20gb (0),1,,13,cupy_copy__complex64_complex64
5261854432,18176,139958,1434,1,1,128,1,1,16,0.000,0.000,,,,,NVIDIA A100-SXM4-40GB MIG 4g.20gb (0),1,,13,cupy_copy__complex64_complex64
5261901184,222813,139963,1,1,1,32,32,1,30,0.000,0.000,,,,,NVIDIA A100-SXM4-40GB MIG 4g.20gb (0),1,,13,"void convert_kernel<__half2, float2>(tensor_layout_any, T1 *, tensor_layout_any, const T2 *)"
5262154237,6720,139966,,,,,,,,,,0.094,13942.808,Pinned,Device,NVIDIA A100-SXM4-40GB MIG 4g.20gb (0),1,,13,[CUDA memcpy Host-to-Device]
5262357786,619929,139967,,,,,,,,,,456.561,736433.603,Device,,NVIDIA A100-SXM4-40GB MIG 4g.20gb (0),1,,13,[CUDA memset]
5262984819,54239,139972,,,,,,,,,,1.235,22767.428,Pinned,Device,NVIDIA A100-SXM4-40GB MIG 4g.20gb (0),1,,13,[CUDA memcpy Host-to-Device]
5263042034,11904,139973,,,,,,,,,,0.197,16516.055,Pinned,Device,NVIDIA A100-SXM4-40GB MIG 4g.20gb (0),1,,13,[CUDA memcpy Host-to-Device]
5263344879,13536,139974,69,4,1,48,1,1,76,0.002,0.000,,,,,NVIDIA A100-SXM4-40GB MIG 4g.20gb (0),1,,13,"void ch_est::windowedChEstPreNoDftSOfdmKernel<float, __half, float, (unsigned int)2, (unsigned int)1, (unsigned short)4>(ch_est::puschRxChEstStatDescr_t *, ch_est::puschRxChEstDynDescr_t *)"
5263576268,14144,139975,137,2,1,24,2,1,44,0.001,0.001,,,,,NVIDIA A100-SXM4-40GB MIG 4g.20gb (0),1,,13,"void ch_est::chEstFilterNoDftSOfdmDispatchKernel<float, __half, float, (unsigned int)2>(ch_est::puschRxChEstStatDescr_t *, ch_est::puschRxChEstDynDescr_t *)"
5263896457,12927,139976,137,2,1,24,2,1,44,0.001,0.001,,,,,NVIDIA A100-SXM4-40GB MIG 4g.20gb (0),1,,13,"void ch_est::chEstFilterNoDftSOfdmDispatchKernel<float, __half, float, (unsigned int)2>(ch_est::puschRxChEstStatDescr_t *, ch_est::puschRxChEstDynDescr_t *)"
5264126502,5440,139987,103,1,1,128,1,1,16,0.000,0.000,,,,,NVIDIA A100-SXM4-40GB MIG 4g.20gb (0),1,,13,cupy_copy__complex64_complex64
5264385283,18400,139997,1434,1,1,128,1,1,16,0.000,0.000,,,,,NVIDIA A100-SXM4-40GB MIG 4g.20gb (0),1,,13,cupy_copy__complex64_complex64
5264583201,5056,140004,103,1,1,128,1,1,16,0.000,0.000,,,,,NVIDIA A100-SXM4-40GB MIG 4g.20gb (0),1,,13,cupy_copy__complex64_complex64
5264693535,225694,140011,1,1,1,32,32,1,30,0.000,0.000,,,,,NVIDIA A100-SXM4-40GB MIG 4g.20gb (0),1,,13,"void convert_kernel<__half2, float2>(tensor_layout_any, T1 *, tensor_layout_any, const T2 *)"
5264971804,5536,140014,,,,,,,,,,0.094,16924.777,Pinned,Device,NVIDIA A100-SXM4-40GB MIG 4g.20gb (0),1,,13,[CUDA memcpy Host-to-Device]
5265041819,56032,140015,,,,,,,,,,35.810,639063.832,Device,,NVIDIA A100-SXM4-40GB MIG 4g.20gb (0),1,,13,[CUDA memset]
5265101883,1856,140017,,,,,,,,,,0.000,43.103,Pinned,Device,NVIDIA A100-SXM4-40GB MIG 4g.20gb (0),1,,13,[CUDA memcpy Host-to-Device]
5265106395,9440,140018,,,,,,,,,,0.197,20827.079,Pinned,Device,NVIDIA A100-SXM4-40GB MIG 4g.20gb (0),1,,13,[CUDA memcpy Host-to-Device]
5265163386,15040,140019,273,1,1,48,1,1,40,0.000,0.001,,,,,NVIDIA A100-SXM4-40GB MIG 4g.20gb (0),1,,13,"void pusch_noise_intf_est::noiseIntfEstNoDftSOfdmKernel<float, __half, float, float, (unsigned int)2, (unsigned int)1, (unsigned char)4, (unsigned char)4>(pusch_noise_intf_est::puschRxNoiseIntfEstDynDescr)"
5265236217,6944,140030,35,1,1,128,1,1,16,0.000,0.000,,,,,NVIDIA A100-SXM4-40GB MIG 4g.20gb (0),1,,13,cupy_copy__complex64_complex64
5265253561,1920,140039,1,1,1,1,1,1,18,0.000,0.000,,,,,NVIDIA A100-SXM4-40GB MIG 4g.20gb (0),1,,13,cupy_copy__float32_float32
5265257561,1632,140045,,,,,,,,,,0.000,2.451,Device,Pageable,NVIDIA A100-SXM4-40GB MIG 4g.20gb (0),1,,7,[CUDA memcpy Device-to-Host]
5265740883,14848,140056,1434,1,1,128,1,1,16,0.000,0.000,,,,,NVIDIA A100-SXM4-40GB MIG 4g.20gb (0),1,,13,cupy_copy__complex64_complex64
5265784563,5120,140063,103,1,1,128,1,1,16,0.000,0.000,,,,,NVIDIA A100-SXM4-40GB MIG 4g.20gb (0),1,,13,cupy_copy__complex64_complex64
5265837266,4960,140070,35,1,1,128,1,1,16,0.000,0.000,,,,,NVIDIA A100-SXM4-40GB MIG 4g.20gb (0),1,,13,cupy_copy__complex64_complex64
5265886802,2624,140077,1,1,1,1,1,1,18,0.000,0.000,,,,,NVIDIA A100-SXM4-40GB MIG 4g.20gb (0),1,,13,cupy_copy__float32_float32
5265927153,183582,140088,1,1,1,32,32,1,30,0.000,0.000,,,,,NVIDIA A100-SXM4-40GB MIG 4g.20gb (0),1,,13,"void convert_kernel<__half2, float2>(tensor_layout_any, T1 *, tensor_layout_any, const T2 *)"
5266157166,5664,140091,,,,,,,,,,0.094,16542.310,Pinned,Device,NVIDIA A100-SXM4-40GB MIG 4g.20gb (0),1,,13,[CUDA memcpy Host-to-Device]
5266202990,7200,140092,,,,,,,,,,1.547,214807.514,Device,,NVIDIA A100-SXM4-40GB MIG 4g.20gb (0),1,,13,[CUDA memset]
5266218350,3200,140097,,,,,,,,,,0.031,9780.000,Pinned,Device,NVIDIA A100-SXM4-40GB MIG 4g.20gb (0),1,,13,[CUDA memcpy Host-to-Device]
5266224046,9568,140098,,,,,,,,,,0.197,20548.485,Pinned,Device,NVIDIA A100-SXM4-40GB MIG 4g.20gb (0),1,,13,[CUDA memcpy Host-to-Device]
5266273005,20800,140099,273,1,1,8,4,1,39,0.002,0.000,,,,,NVIDIA A100-SXM4-40GB MIG 4g.20gb (0),1,,13,"void channel_eq::eqMmseCoefCompLowMimoKernel<float, float, float, (unsigned int)4, (unsigned int)1, (unsigned int)4>(const channel_eq::_puschRxChEqStatDescr *, channel_eq::_puschRxChEqCoefCompDynDescr)"
5266347628,15584,140100,273,1,1,12,11,1,51,0.002,0.000,,,,,NVIDIA A100-SXM4-40GB MIG 4g.20gb (0),1,,13,"void channel_eq::eqMmseSoftDemapKernel<float, __half, __half, float, (unsigned int)4, (unsigned short)16383>(channel_eq::_puschRxChEqStatDescr *, channel_eq::_puschRxChEqSoftDemapDynDescr)"
5266425963,370716,140101,1,1,1,32,32,1,30,0.000,0.000,,,,,NVIDIA A100-SXM4-40GB MIG 4g.20gb (0),1,,13,"void convert_kernel<float2, __half2>(tensor_layout_any, T1 *, tensor_layout_any, const T2 *)"
5266844967,14047,140113,2253,1,1,128,1,1,16,0.000,0.000,,,,,NVIDIA A100-SXM4-40GB MIG 4g.20gb (0),1,,13,cupy_copy__float16_float16
5266928294,5824,140122,282,1,1,128,1,1,16,0.000,0.000,,,,,NVIDIA A100-SXM4-40GB MIG 4g.20gb (0),1,,13,cupy_copy__complex64_complex64
5266984997,3392,140131,26,1,1,128,1,1,16,0.000,0.000,,,,,NVIDIA A100-SXM4-40GB MIG 4g.20gb (0),1,,13,cupy_copy__float32_float32
5267035940,10400,140140,103,1,1,128,1,1,16,0.000,0.000,,,,,NVIDIA A100-SXM4-40GB MIG 4g.20gb (0),1,,13,cupy_copy__complex64_complex64
5267122403,18848,140150,1434,1,1,128,1,1,16,0.000,0.000,,,,,NVIDIA A100-SXM4-40GB MIG 4g.20gb (0),1,,13,cupy_copy__complex64_complex64
5267213602,216030,140155,1,1,1,32,32,1,30,0.000,0.000,,,,,NVIDIA A100-SXM4-40GB MIG 4g.20gb (0),1,,13,"void convert_kernel<__half2, float2>(tensor_layout_any, T1 *, tensor_layout_any, const T2 *)"
5267488511,5952,140158,,,,,,,,,,0.094,15741.865,Pinned,Device,NVIDIA A100-SXM4-40GB MIG 4g.20gb (0),1,,13,[CUDA memcpy Host-to-Device]
5267548318,635001,140159,,,,,,,,,,456.561,718627.707,Device,,NVIDIA A100-SXM4-40GB MIG 4g.20gb (0),1,,13,[CUDA memset]
5268185719,57695,140164,,,,,,,,,,1.235,21404.049,Pinned,Device,NVIDIA A100-SXM4-40GB MIG 4g.20gb (0),1,,13,[CUDA memcpy Host-to-Device]
5268246230,13440,140165,,,,,,,,,,0.197,14628.422,Pinned,Device,NVIDIA A100-SXM4-40GB MIG 4g.20gb (0),1,,13,[CUDA memcpy Host-to-Device]
5268434420,12320,140166,69,4,1,48,1,1,76,0.002,0.000,,,,,NVIDIA A100-SXM4-40GB MIG 4g.20gb (0),1,,13,"void ch_est::windowedChEstPreNoDftSOfdmKernel<float, __half, float, (unsigned int)2, (unsigned int)1, (unsigned short)4>(ch_est::puschRxChEstStatDescr_t *, ch_est::puschRxChEstDynDescr_t *)"
5268561395,11488,140167,137,2,1,24,2,1,44,0.001,0.001,,,,,NVIDIA A100-SXM4-40GB MIG 4g.20gb (0),1,,13,"void ch_est::chEstFilterNoDftSOfdmDispatchKernel<float, __half, float, (unsigned int)2>(ch_est::puschRxChEstStatDescr_t *, ch_est::puschRxChEstDynDescr_t *)"
5268688561,12576,140168,137,2,1,24,2,1,44,0.001,0.001,,,,,NVIDIA A100-SXM4-40GB MIG 4g.20gb (0),1,,13,"void ch_est::chEstFilterNoDftSOfdmDispatchKernel<float, __half, float, (unsigned int)2>(ch_est::puschRxChEstStatDescr_t *, ch_est::puschRxChEstDynDescr_t *)"
5268935118,19808,140179,103,1,1,128,1,1,16,0.000,0.000,,,,,NVIDIA A100-SXM4-40GB MIG 4g.20gb (0),1,,13,cupy_copy__complex64_complex64
5269094893,18431,140189,1434,1,1,128,1,1,16,0.000,0.000,,,,,NVIDIA A100-SXM4-40GB MIG 4g.20gb (0),1,,13,cupy_copy__complex64_complex64
5269388873,4704,140196,103,1,1,128,1,1,16,0.000,0.000,,,,,NVIDIA A100-SXM4-40GB MIG 4g.20gb (0),1,,13,cupy_copy__complex64_complex64
5269848228,267261,140203,1,1,1,32,32,1,30,0.000,0.000,,,,,NVIDIA A100-SXM4-40GB MIG 4g.20gb (0),1,,13,"void convert_kernel<__half2, float2>(tensor_layout_any, T1 *, tensor_layout_any, const T2 *)"
5270147840,5600,140206,,,,,,,,,,0.094,16731.388,Pinned,Device,NVIDIA A100-SXM4-40GB MIG 4g.20gb (0),1,,13,[CUDA memcpy Host-to-Device]
5270527612,51263,140207,,,,,,,,,,35.810,698544.109,Device,,NVIDIA A100-SXM4-40GB MIG 4g.20gb (0),1,,13,[CUDA memset]
5270586459,1824,140209,,,,,,,,,,0.000,43.860,Pinned,Device,NVIDIA A100-SXM4-40GB MIG 4g.20gb (0),1,,13,[CUDA memcpy Host-to-Device]
5270592379,11616,140210,,,,,,,,,,0.197,16925.590,Pinned,Device,NVIDIA A100-SXM4-40GB MIG 4g.20gb (0),1,,13,[CUDA memcpy Host-to-Device]
5270854808,14752,140211,273,1,1,48,1,1,40,0.000,0.001,,,,,NVIDIA A100-SXM4-40GB MIG 4g.20gb (0),1,,13,"void pusch_noise_intf_est::noiseIntfEstNoDftSOfdmKernel<float, __half, float, float, (unsigned int)2, (unsigned int)1, (unsigned char)4, (unsigned char)4>(pusch_noise_intf_est::puschRxNoiseIntfEstDynDescr)"
5270927575,4672,140222,35,1,1,128,1,1,16,0.000,0.000,,,,,NVIDIA A100-SXM4-40GB MIG 4g.20gb (0),1,,13,cupy_copy__complex64_complex64
5270933335,1728,140231,1,1,1,1,1,1,18,0.000,0.000,,,,,NVIDIA A100-SXM4-40GB MIG 4g.20gb (0),1,,13,cupy_copy__float32_float32
5270936599,1568,140237,,,,,,,,,,0.000,2.551,Device,Pageable,NVIDIA A100-SXM4-40GB MIG 4g.20gb (0),1,,7,[CUDA memcpy Device-to-Host]
5271578064,14272,140248,1434,1,1,128,1,1,16,0.000,0.000,,,,,NVIDIA A100-SXM4-40GB MIG 4g.20gb (0),1,,13,cupy_copy__complex64_complex64
5271784782,6431,140255,103,1,1,128,1,1,16,0.000,0.000,,,,,NVIDIA A100-SXM4-40GB MIG 4g.20gb (0),1,,13,cupy_copy__complex64_complex64
5271942796,19871,140262,35,1,1,128,1,1,16,0.000,0.000,,,,,NVIDIA A100-SXM4-40GB MIG 4g.20gb (0),1,,13,cupy_copy__complex64_complex64
5272041195,2784,140269,1,1,1,1,1,1,18,0.000,0.000,,,,,NVIDIA A100-SXM4-40GB MIG 4g.20gb (0),1,,13,cupy_copy__float32_float32
5272243784,217086,140280,1,1,1,32,32,1,30,0.000,0.000,,,,,NVIDIA A100-SXM4-40GB MIG 4g.20gb (0),1,,13,"void convert_kernel<__half2, float2>(tensor_layout_any, T1 *, tensor_layout_any, const T2 *)"
5272540357,5952,140283,,,,,,,,,,0.094,15741.865,Pinned,Device,NVIDIA A100-SXM4-40GB MIG 4g.20gb (0),1,,13,[CUDA memcpy Host-to-Device]
5272602820,5184,140284,,,,,,,,,,1.547,298345.316,Device,,NVIDIA A100-SXM4-40GB MIG 4g.20gb (0),1,,13,[CUDA memset]
5272610180,3040,140289,,,,,,,,,,0.031,10294.725,Pinned,Device,NVIDIA A100-SXM4-40GB MIG 4g.20gb (0),1,,13,[CUDA memcpy Host-to-Device]
5272615780,10720,140290,,,,,,,,,,0.197,18340.184,Pinned,Device,NVIDIA A100-SXM4-40GB MIG 4g.20gb (0),1,,13,[CUDA memcpy Host-to-Device]
5272672771,17952,140291,273,1,1,8,4,1,39,0.002,0.000,,,,,NVIDIA A100-SXM4-40GB MIG 4g.20gb (0),1,,13,"void channel_eq::eqMmseCoefCompLowMimoKernel<float, float, float, (unsigned int)4, (unsigned int)1, (unsigned int)4>(const channel_eq::_puschRxChEqStatDescr *, channel_eq::_puschRxChEqCoefCompDynDescr)"
5272751298,10208,140292,273,1,1,12,11,1,51,0.002,0.000,,,,,NVIDIA A100-SXM4-40GB MIG 4g.20gb (0),1,,13,"void channel_eq::eqMmseSoftDemapKernel<float, __half, __half, float, (unsigned int)4, (unsigned short)16383>(channel_eq::_puschRxChEqStatDescr *, channel_eq::_puschRxChEqSoftDemapDynDescr)"
5272808610,363484,140293,1,1,1,32,32,1,30,0.000,0.000,,,,,NVIDIA A100-SXM4-40GB MIG 4g.20gb (0),1,,13,"void convert_kernel<float2, __half2>(tensor_layout_any, T1 *, tensor_layout_any, const T2 *)"
5273222717,14112,140305,2253,1,1,128,1,1,16,0.000,0.000,,,,,NVIDIA A100-SXM4-40GB MIG 4g.20gb (0),1,,13,cupy_copy__float16_float16
5273277596,10400,140314,282,1,1,128,1,1,16,0.000,0.000,,,,,NVIDIA A100-SXM4-40GB MIG 4g.20gb (0),1,,13,cupy_copy__complex64_complex64
5273316732,2464,140323,26,1,1,128,1,1,16,0.000,0.000,,,,,NVIDIA A100-SXM4-40GB MIG 4g.20gb (0),1,,13,cupy_copy__float32_float32
5273368475,9120,140332,103,1,1,128,1,1,16,0.000,0.000,,,,,NVIDIA A100-SXM4-40GB MIG 4g.20gb (0),1,,13,cupy_copy__complex64_complex64
5273417659,16832,140342,1434,1,1,128,1,1,16,0.000,0.000,,,,,NVIDIA A100-SXM4-40GB MIG 4g.20gb (0),1,,13,cupy_copy__complex64_complex64
5273464666,132223,140347,1,1,1,32,32,1,30,0.000,0.000,,,,,NVIDIA A100-SXM4-40GB MIG 4g.20gb (0),1,,13,"void convert_kernel<__half2, float2>(tensor_layout_any, T1 *, tensor_layout_any, const T2 *)"
5273693720,5695,140350,,,,,,,,,,0.094,16452.268,Pinned,Device,NVIDIA A100-SXM4-40GB MIG 4g.20gb (0),1,,13,[CUDA memcpy Host-to-Device]
5273749719,629177,140351,,,,,,,,,,456.561,725476.128,Device,,NVIDIA A100-SXM4-40GB MIG 4g.20gb (0),1,,13,[CUDA memset]
5274380848,57983,140356,,,,,,,,,,1.235,21297.844,Pinned,Device,NVIDIA A100-SXM4-40GB MIG 4g.20gb (0),1,,13,[CUDA memcpy Host-to-Device]
5274441583,10656,140357,,,,,,,,,,0.197,18450.285,Pinned,Device,NVIDIA A100-SXM4-40GB MIG 4g.20gb (0),1,,13,[CUDA memcpy Host-to-Device]
5274569965,13824,140358,69,4,1,48,1,1,76,0.002,0.000,,,,,NVIDIA A100-SXM4-40GB MIG 4g.20gb (0),1,,13,"void ch_est::windowedChEstPreNoDftSOfdmKernel<float, __half, float, (unsigned int)2, (unsigned int)1, (unsigned short)4>(ch_est::puschRxChEstStatDescr_t *, ch_est::puschRxChEstDynDescr_t *)"
5274670700,13216,140359,137,2,1,24,2,1,44,0.001,0.001,,,,,NVIDIA A100-SXM4-40GB MIG 4g.20gb (0),1,,13,"void ch_est::chEstFilterNoDftSOfdmDispatchKernel<float, __half, float, (unsigned int)2>(ch_est::puschRxChEstStatDescr_t *, ch_est::puschRxChEstDynDescr_t *)"
5274743403,24288,140360,137,2,1,24,2,1,44,0.001,0.001,,,,,NVIDIA A100-SXM4-40GB MIG 4g.20gb (0),1,,13,"void ch_est::chEstFilterNoDftSOfdmDispatchKernel<float, __half, float, (unsigned int)2>(ch_est::puschRxChEstStatDescr_t *, ch_est::puschRxChEstDynDescr_t *)"
5274834378,4480,140371,103,1,1,128,1,1,16,0.000,0.000,,,,,NVIDIA A100-SXM4-40GB MIG 4g.20gb (0),1,,13,cupy_copy__complex64_complex64
5274920521,16928,140381,1434,1,1,128,1,1,16,0.000,0.000,,,,,NVIDIA A100-SXM4-40GB MIG 4g.20gb (0),1,,13,cupy_copy__complex64_complex64
5275100807,4608,140388,103,1,1,128,1,1,16,0.000,0.000,,,,,NVIDIA A100-SXM4-40GB MIG 4g.20gb (0),1,,13,cupy_copy__complex64_complex64
5275274565,275421,140395,1,1,1,32,32,1,30,0.000,0.000,,,,,NVIDIA A100-SXM4-40GB MIG 4g.20gb (0),1,,13,"void convert_kernel<__half2, float2>(tensor_layout_any, T1 *, tensor_layout_any, const T2 *)"
5275591298,7968,140398,,,,,,,,,,0.094,11759.035,Pinned,Device,NVIDIA A100-SXM4-40GB MIG 4g.20gb (0),1,,13,[CUDA memcpy Host-to-Device]
5275751808,60351,140399,,,,,,,,,,35.810,593334.564,Device,,NVIDIA A100-SXM4-40GB MIG 4g.20gb (0),1,,13,[CUDA memset]
5275815647,2144,140401,,,,,,,,,,0.000,37.313,Pinned,Device,NVIDIA A100-SXM4-40GB MIG 4g.20gb (0),1,,13,[CUDA memcpy Host-to-Device]
5275820351,11744,140402,,,,,,,,,,0.197,16740.975,Pinned,Device,NVIDIA A100-SXM4-40GB MIG 4g.20gb (0),1,,13,[CUDA memcpy Host-to-Device]
5276086716,26880,140403,273,1,1,48,1,1,40,0.000,0.001,,,,,NVIDIA A100-SXM4-40GB MIG 4g.20gb (0),1,,13,"void pusch_noise_intf_est::noiseIntfEstNoDftSOfdmKernel<float, __half, float, float, (unsigned int)2, (unsigned int)1, (unsigned char)4, (unsigned char)4>(pusch_noise_intf_est::puschRxNoiseIntfEstDynDescr)"
5276370233,9440,140414,35,1,1,128,1,1,16,0.000,0.000,,,,,NVIDIA A100-SXM4-40GB MIG 4g.20gb (0),1,,13,cupy_copy__complex64_complex64
5276607574,3232,140423,1,1,1,1,1,1,18,0.000,0.000,,,,,NVIDIA A100-SXM4-40GB MIG 4g.20gb (0),1,,13,cupy_copy__float32_float32
5276617974,1920,140429,,,,,,,,,,0.000,2.083,Device,Pageable,NVIDIA A100-SXM4-40GB MIG 4g.20gb (0),1,,7,[CUDA memcpy Device-to-Host]
5276934226,17024,140440,1434,1,1,128,1,1,16,0.000,0.000,,,,,NVIDIA A100-SXM4-40GB MIG 4g.20gb (0),1,,13,cupy_copy__complex64_complex64
5277195087,7328,140447,103,1,1,128,1,1,16,0.000,0.000,,,,,NVIDIA A100-SXM4-40GB MIG 4g.20gb (0),1,,13,cupy_copy__complex64_complex64
5277433772,5664,140454,35,1,1,128,1,1,16,0.000,0.000,,,,,NVIDIA A100-SXM4-40GB MIG 4g.20gb (0),1,,13,cupy_copy__complex64_complex64
5277623722,8480,140461,1,1,1,1,1,1,18,0.000,0.000,,,,,NVIDIA A100-SXM4-40GB MIG 4g.20gb (0),1,,13,cupy_copy__float32_float32
5277717897,278941,140472,1,1,1,32,32,1,30,0.000,0.000,,,,,NVIDIA A100-SXM4-40GB MIG 4g.20gb (0),1,,13,"void convert_kernel<__half2, float2>(tensor_layout_any, T1 *, tensor_layout_any, const T2 *)"
5278044933,6112,140475,,,,,,,,,,0.094,15329.790,Pinned,Device,NVIDIA A100-SXM4-40GB MIG 4g.20gb (0),1,,13,[CUDA memcpy Host-to-Device]
5278147236,8032,140476,,,,,,,,,,1.547,192556.235,Device,,NVIDIA A100-SXM4-40GB MIG 4g.20gb (0),1,,13,[CUDA memset]
5278161124,3712,140481,,,,,,,,,,0.031,8431.017,Pinned,Device,NVIDIA A100-SXM4-40GB MIG 4g.20gb (0),1,,13,[CUDA memcpy Host-to-Device]
5278168228,10496,140482,,,,,,,,,,0.197,18731.631,Pinned,Device,NVIDIA A100-SXM4-40GB MIG 4g.20gb (0),1,,13,[CUDA memcpy Host-to-Device]
5278364706,12063,140483,273,1,1,8,4,1,39,0.002,0.000,,,,,NVIDIA A100-SXM4-40GB MIG 4g.20gb (0),1,,13,"void channel_eq::eqMmseCoefCompLowMimoKernel<float, float, float, (unsigned int)4, (unsigned int)1, (unsigned int)4>(const channel_eq::_puschRxChEqStatDescr *, channel_eq::_puschRxChEqCoefCompDynDescr)"
5278435457,13280,140484,273,1,1,12,11,1,51,0.002,0.000,,,,,NVIDIA A100-SXM4-40GB MIG 4g.20gb (0),1,,13,"void channel_eq::eqMmseSoftDemapKernel<float, __half, __half, float, (unsigned int)4, (unsigned short)16383>(channel_eq::_puschRxChEqStatDescr *, channel_eq::_puschRxChEqSoftDemapDynDescr)"
5278512160,378620,140485,1,1,1,32,32,1,30,0.000,0.000,,,,,NVIDIA A100-SXM4-40GB MIG 4g.20gb (0),1,,13,"void convert_kernel<float2, __half2>(tensor_layout_any, T1 *, tensor_layout_any, const T2 *)"
5278942299,12800,140497,2253,1,1,128,1,1,16,0.000,0.000,,,,,NVIDIA A100-SXM4-40GB MIG 4g.20gb (0),1,,13,cupy_copy__float16_float16
5279006330,5472,140506,282,1,1,128,1,1,16,0.000,0.000,,,,,NVIDIA A100-SXM4-40GB MIG 4g.20gb (0),1,,13,cupy_copy__complex64_complex64
5279055898,6112,140515,26,1,1,128,1,1,16,0.000,0.000,,,,,NVIDIA A100-SXM4-40GB MIG 4g.20gb (0),1,,13,cupy_copy__float32_float32
5279095289,6304,140524,103,1,1,128,1,1,16,0.000,0.000,,,,,NVIDIA A100-SXM4-40GB MIG 4g.20gb (0),1,,13,cupy_copy__complex64_complex64
5279271703,21056,140540,1434,1,1,128,1,1,16,0.000,0.000,,,,,NVIDIA A100-SXM4-40GB MIG 4g.20gb (0),1,,13,cupy_copy__complex64_complex64
5279413014,321692,140545,1,1,1,32,32,1,30,0.000,0.000,,,,,NVIDIA A100-SXM4-40GB MIG 4g.20gb (0),1,,13,"void convert_kernel<__half2, float2>(tensor_layout_any, T1 *, tensor_layout_any, const T2 *)"
5279769905,6528,140548,,,,,,,,,,0.094,14352.915,Pinned,Device,NVIDIA A100-SXM4-40GB MIG 4g.20gb (0),1,,13,[CUDA memcpy Host-to-Device]
5280082254,622905,140549,,,,,,,,,,456.561,732781.111,Device,,NVIDIA A100-SXM4-40GB MIG 4g.20gb (0),1,,13,[CUDA memset]
5280712583,56799,140554,,,,,,,,,,1.235,21741.189,Pinned,Device,NVIDIA A100-SXM4-40GB MIG 4g.20gb (0),1,,13,[CUDA memcpy Host-to-Device]
5280772326,11008,140555,,,,,,,,,,0.197,17860.461,Pinned,Device,NVIDIA A100-SXM4-40GB MIG 4g.20gb (0),1,,13,[CUDA memcpy Host-to-Device]
5281101698,15584,140556,69,4,1,48,1,1,76,0.002,0.000,,,,,NVIDIA A100-SXM4-40GB MIG 4g.20gb (0),1,,13,"void ch_est::windowedChEstPreNoDftSOfdmKernel<float, __half, float, (unsigned int)2, (unsigned int)1, (unsigned short)4>(ch_est::puschRxChEstStatDescr_t *, ch_est::puschRxChEstDynDescr_t *)"
5281487166,12287,140557,137,2,1,24,2,1,44,0.001,0.001,,,,,NVIDIA A100-SXM4-40GB MIG 4g.20gb (0),1,,13,"void ch_est::chEstFilterNoDftSOfdmDispatchKernel<float, __half, float, (unsigned int)2>(ch_est::puschRxChEstStatDescr_t *, ch_est::puschRxChEstDynDescr_t *)"
5282056855,12064,140558,137,2,1,24,2,1,44,0.001,0.001,,,,,NVIDIA A100-SXM4-40GB MIG 4g.20gb (0),1,,13,"void ch_est::chEstFilterNoDftSOfdmDispatchKernel<float, __half, float, (unsigned int)2>(ch_est::puschRxChEstStatDescr_t *, ch_est::puschRxChEstDynDescr_t *)"
5282468402,5248,140569,103,1,1,128,1,1,16,0.000,0.000,,,,,NVIDIA A100-SXM4-40GB MIG 4g.20gb (0),1,,13,cupy_copy__complex64_complex64
5283019180,18144,140579,1434,1,1,128,1,1,16,0.000,0.000,,,,,NVIDIA A100-SXM4-40GB MIG 4g.20gb (0),1,,13,cupy_copy__complex64_complex64
5283378728,11776,140586,103,1,1,128,1,1,16,0.000,0.000,,,,,NVIDIA A100-SXM4-40GB MIG 4g.20gb (0),1,,13,cupy_copy__complex64_complex64
5283510118,304381,140593,1,1,1,32,32,1,30,0.000,0.000,,,,,NVIDIA A100-SXM4-40GB MIG 4g.20gb (0),1,,13,"void convert_kernel<__half2, float2>(tensor_layout_any, T1 *, tensor_layout_any, const T2 *)"
5283856098,5440,140596,,,,,,,,,,0.094,17223.480,Pinned,Device,NVIDIA A100-SXM4-40GB MIG 4g.20gb (0),1,,13,[CUDA memcpy Host-to-Device]
5284248670,60383,140597,,,,,,,,,,35.810,593012.275,Device,,NVIDIA A100-SXM4-40GB MIG 4g.20gb (0),1,,13,[CUDA memset]
5284311773,1824,140599,,,,,,,,,,0.000,43.860,Pinned,Device,NVIDIA A100-SXM4-40GB MIG 4g.20gb (0),1,,13,[CUDA memcpy Host-to-Device]
5284316221,9504,140600,,,,,,,,,,0.197,20686.701,Pinned,Device,NVIDIA A100-SXM4-40GB MIG 4g.20gb (0),1,,13,[CUDA memcpy Host-to-Device]
5284707896,25440,140601,273,1,1,48,1,1,40,0.000,0.001,,,,,NVIDIA A100-SXM4-40GB MIG 4g.20gb (0),1,,13,"void pusch_noise_intf_est::noiseIntfEstNoDftSOfdmKernel<float, __half, float, float, (unsigned int)2, (unsigned int)1, (unsigned char)4, (unsigned char)4>(pusch_noise_intf_est::puschRxNoiseIntfEstDynDescr)"
5284837783,9920,140612,35,1,1,128,1,1,16,0.000,0.000,,,,,NVIDIA A100-SXM4-40GB MIG 4g.20gb (0),1,,13,cupy_copy__complex64_complex64
5284876182,3168,140621,1,1,1,1,1,1,18,0.000,0.000,,,,,NVIDIA A100-SXM4-40GB MIG 4g.20gb (0),1,,13,cupy_copy__float32_float32
5284886678,1600,140627,,,,,,,,,,0.000,2.500,Device,Pageable,NVIDIA A100-SXM4-40GB MIG 4g.20gb (0),1,,7,[CUDA memcpy Device-to-Host]
5285015733,14560,140638,1434,1,1,128,1,1,16,0.000,0.000,,,,,NVIDIA A100-SXM4-40GB MIG 4g.20gb (0),1,,13,cupy_copy__complex64_complex64
5285079956,4576,140645,103,1,1,128,1,1,16,0.000,0.000,,,,,NVIDIA A100-SXM4-40GB MIG 4g.20gb (0),1,,13,cupy_copy__complex64_complex64
5285128116,9599,140652,35,1,1,128,1,1,16,0.000,0.000,,,,,NVIDIA A100-SXM4-40GB MIG 4g.20gb (0),1,,13,cupy_copy__complex64_complex64
5285169395,2144,140659,1,1,1,1,1,1,18,0.000,0.000,,,,,NVIDIA A100-SXM4-40GB MIG 4g.20gb (0),1,,13,cupy_copy__float32_float32
5285411216,262237,140670,1,1,1,32,32,1,30,0.000,0.000,,,,,NVIDIA A100-SXM4-40GB MIG 4g.20gb (0),1,,13,"void convert_kernel<__half2, float2>(tensor_layout_any, T1 *, tensor_layout_any, const T2 *)"
5285720109,5696,140673,,,,,,,,,,0.094,16449.363,Pinned,Device,NVIDIA A100-SXM4-40GB MIG 4g.20gb (0),1,,13,[CUDA memcpy Host-to-Device]
5285839979,5344,140674,,,,,,,,,,1.547,289412.016,Device,,NVIDIA A100-SXM4-40GB MIG 4g.20gb (0),1,,13,[CUDA memset]
5285849803,3776,140679,,,,,,,,,,0.031,8288.120,Pinned,Device,NVIDIA A100-SXM4-40GB MIG 4g.20gb (0),1,,13,[CUDA memcpy Host-to-Device]
5285856235,10528,140680,,,,,,,,,,0.197,18674.614,Pinned,Device,NVIDIA A100-SXM4-40GB MIG 4g.20gb (0),1,,13,[CUDA memcpy Host-to-Device]
5286022441,28960,140681,273,1,1,8,4,1,39,0.002,0.000,,,,,NVIDIA A100-SXM4-40GB MIG 4g.20gb (0),1,,13,"void channel_eq::eqMmseCoefCompLowMimoKernel<float, float, float, (unsigned int)4, (unsigned int)1, (unsigned int)4>(const channel_eq::_puschRxChEqStatDescr *, channel_eq::_puschRxChEqCoefCompDynDescr)"
5286366405,12352,140682,273,1,1,12,11,1,51,0.002,0.000,,,,,NVIDIA A100-SXM4-40GB MIG 4g.20gb (0),1,,13,"void channel_eq::eqMmseSoftDemapKernel<float, __half, __half, float, (unsigned int)4, (unsigned short)16383>(channel_eq::_puschRxChEqStatDescr *, channel_eq::_puschRxChEqSoftDemapDynDescr)"
5286671330,690808,140683,1,1,1,32,32,1,30,0.000,0.000,,,,,NVIDIA A100-SXM4-40GB MIG 4g.20gb (0),1,,13,"void convert_kernel<float2, __half2>(tensor_layout_any, T1 *, tensor_layout_any, const T2 *)"
5287512536,16480,140695,2253,1,1,128,1,1,16,0.000,0.000,,,,,NVIDIA A100-SXM4-40GB MIG 4g.20gb (0),1,,13,cupy_copy__float16_float16
5287815765,5727,140704,282,1,1,128,1,1,16,0.000,0.000,,,,,NVIDIA A100-SXM4-40GB MIG 4g.20gb (0),1,,13,cupy_copy__complex64_complex64
5288127377,5312,140713,26,1,1,128,1,1,16,0.000,0.000,,,,,NVIDIA A100-SXM4-40GB MIG 4g.20gb (0),1,,13,cupy_copy__float32_float32
5288404942,8416,140722,103,1,1,128,1,1,16,0.000,0.000,,,,,NVIDIA A100-SXM4-40GB MIG 4g.20gb (0),1,,13,cupy_copy__complex64_complex64
5288678155,16159,140732,1434,1,1,128,1,1,16,0.000,0.000,,,,,NVIDIA A100-SXM4-40GB MIG 4g.20gb (0),1,,13,cupy_copy__complex64_complex64
5288749354,261629,140737,1,1,1,32,32,1,30,0.000,0.000,,,,,NVIDIA A100-SXM4-40GB MIG 4g.20gb (0),1,,13,"void convert_kernel<__half2, float2>(tensor_layout_any, T1 *, tensor_layout_any, const T2 *)"
5289052646,6016,140740,,,,,,,,,,0.094,15574.430,Pinned,Device,NVIDIA A100-SXM4-40GB MIG 4g.20gb (0),1,,13,[CUDA memcpy Host-to-Device]
5289309827,621305,140741,,,,,,,,,,456.561,734607.357,Device,,NVIDIA A100-SXM4-40GB MIG 4g.20gb (0),1,,13,[CUDA memset]
5289932444,56959,140746,,,,,,,,,,1.235,21680.677,Pinned,Device,NVIDIA A100-SXM4-40GB MIG 4g.20gb (0),1,,13,[CUDA memcpy Host-to-Device]
5289993243,10720,140747,,,,,,,,,,0.197,18340.184,Pinned,Device,NVIDIA A100-SXM4-40GB MIG 4g.20gb (0),1,,13,[CUDA memcpy Host-to-Device]
5290104986,12288,140748,69,4,1,48,1,1,76,0.002,0.000,,,,,NVIDIA A100-SXM4-40GB MIG 4g.20gb (0),1,,13,"void ch_est::windowedChEstPreNoDftSOfdmKernel<float, __half, float, (unsigned int)2, (unsigned int)1, (unsigned short)4>(ch_est::puschRxChEstStatDescr_t *, ch_est::puschRxChEstDynDescr_t *)"
5290178169,11904,140749,137,2,1,24,2,1,44,0.001,0.001,,,,,NVIDIA A100-SXM4-40GB MIG 4g.20gb (0),1,,13,"void ch_est::chEstFilterNoDftSOfdmDispatchKernel<float, __half, float, (unsigned int)2>(ch_est::puschRxChEstStatDescr_t *, ch_est::puschRxChEstDynDescr_t *)"
5290228889,27743,140750,137,2,1,24,2,1,44,0.001,0.001,,,,,NVIDIA A100-SXM4-40GB MIG 4g.20gb (0),1,,13,"void ch_est::chEstFilterNoDftSOfdmDispatchKernel<float, __half, float, (unsigned int)2>(ch_est::puschRxChEstStatDescr_t *, ch_est::puschRxChEstDynDescr_t *)"
5290277880,3296,140761,103,1,1,128,1,1,16,0.000,0.000,,,,,NVIDIA A100-SXM4-40GB MIG 4g.20gb (0),1,,13,cupy_copy__complex64_complex64
5290331416,14847,140771,1434,1,1,128,1,1,16,0.000,0.000,,,,,NVIDIA A100-SXM4-40GB MIG 4g.20gb (0),1,,13,cupy_copy__complex64_complex64
5290390487,6784,140778,103,1,1,128,1,1,16,0.000,0.000,,,,,NVIDIA A100-SXM4-40GB MIG 4g.20gb (0),1,,13,cupy_copy__complex64_complex64
5290432022,224190,140785,1,1,1,32,32,1,30,0.000,0.000,,,,,NVIDIA A100-SXM4-40GB MIG 4g.20gb (0),1,,13,"void convert_kernel<__half2, float2>(tensor_layout_any, T1 *, tensor_layout_any, const T2 *)"
5290707091,6560,140788,,,,,,,,,,0.094,14282.925,Pinned,Device,NVIDIA A100-SXM4-40GB MIG 4g.20gb (0),1,,13,[CUDA memcpy Host-to-Device]
5290850866,50591,140789,,,,,,,,,,35.810,707818.879,Device,,NVIDIA A100-SXM4-40GB MIG 4g.20gb (0),1,,13,[CUDA memset]
5290908753,1856,140791,,,,,,,,,,0.000,43.103,Pinned,Device,NVIDIA A100-SXM4-40GB MIG 4g.20gb (0),1,,13,[CUDA memcpy Host-to-Device]
5290913905,9952,140792,,,,,,,,,,0.197,19755.565,Pinned,Device,NVIDIA A100-SXM4-40GB MIG 4g.20gb (0),1,,13,[CUDA memcpy Host-to-Device]
5291267469,14080,140793,273,1,1,48,1,1,40,0.000,0.001,,,,,NVIDIA A100-SXM4-40GB MIG 4g.20gb (0),1,,13,"void pusch_noise_intf_est::noiseIntfEstNoDftSOfdmKernel<float, __half, float, float, (unsigned int)2, (unsigned int)1, (unsigned char)4, (unsigned char)4>(pusch_noise_intf_est::puschRxNoiseIntfEstDynDescr)"
5291564041,6560,140804,35,1,1,128,1,1,16,0.000,0.000,,,,,NVIDIA A100-SXM4-40GB MIG 4g.20gb (0),1,,13,cupy_copy__complex64_complex64
5291676296,4512,140813,1,1,1,1,1,1,18,0.000,0.000,,,,,NVIDIA A100-SXM4-40GB MIG 4g.20gb (0),1,,13,cupy_copy__float32_float32
5291688008,2496,140819,,,,,,,,,,0.000,1.603,Device,Pageable,NVIDIA A100-SXM4-40GB MIG 4g.20gb (0),1,,7,[CUDA memcpy Device-to-Host]
5292048964,16063,140830,1434,1,1,128,1,1,16,0.000,0.000,,,,,NVIDIA A100-SXM4-40GB MIG 4g.20gb (0),1,,13,cupy_copy__complex64_complex64
5292390240,8640,140837,103,1,1,128,1,1,16,0.000,0.000,,,,,NVIDIA A100-SXM4-40GB MIG 4g.20gb (0),1,,13,cupy_copy__complex64_complex64
5292708924,4928,140844,35,1,1,128,1,1,16,0.000,0.000,,,,,NVIDIA A100-SXM4-40GB MIG 4g.20gb (0),1,,13,cupy_copy__complex64_complex64
5293046712,4768,140851,1,1,1,1,1,1,18,0.000,0.000,,,,,NVIDIA A100-SXM4-40GB MIG 4g.20gb (0),1,,13,cupy_copy__float32_float32
5293338677,283677,140862,1,1,1,32,32,1,30,0.000,0.000,,,,,NVIDIA A100-SXM4-40GB MIG 4g.20gb (0),1,,13,"void convert_kernel<__half2, float2>(tensor_layout_any, T1 *, tensor_layout_any, const T2 *)"
5293663729,6240,140865,,,,,,,,,,0.094,15015.346,Pinned,Device,NVIDIA A100-SXM4-40GB MIG 4g.20gb (0),1,,13,[CUDA memcpy Host-to-Device]
5293909422,5344,140866,,,,,,,,,,1.547,289412.016,Device,,NVIDIA A100-SXM4-40GB MIG 4g.20gb (0),1,,13,[CUDA memset]
5293921006,3264,140871,,,,,,,,,,0.031,9588.218,Pinned,Device,NVIDIA A100-SXM4-40GB MIG 4g.20gb (0),1,,13,[CUDA memcpy Host-to-Device]
5293927342,10144,140872,,,,,,,,,,0.197,19381.617,Pinned,Device,NVIDIA A100-SXM4-40GB MIG 4g.20gb (0),1,,13,[CUDA memcpy Host-to-Device]
5294268106,11904,140873,273,1,1,8,4,1,39,0.002,0.000,,,,,NVIDIA A100-SXM4-40GB MIG 4g.20gb (0),1,,13,"void channel_eq::eqMmseCoefCompLowMimoKernel<float, float, float, (unsigned int)4, (unsigned int)1, (unsigned int)4>(const channel_eq::_puschRxChEqStatDescr *, channel_eq::_puschRxChEqCoefCompDynDescr)"
5294699045,18784,140874,273,1,1,12,11,1,51,0.002,0.000,,,,,NVIDIA A100-SXM4-40GB MIG 4g.20gb (0),1,,13,"void channel_eq::eqMmseSoftDemapKernel<float, __half, __half, float, (unsigned int)4, (unsigned short)16383>(channel_eq::_puschRxChEqStatDescr *, channel_eq::_puschRxChEqSoftDemapDynDescr)"
5294846115,578938,140875,1,1,1,32,32,1,30,0.000,0.000,,,,,NVIDIA A100-SXM4-40GB MIG 4g.20gb (0),1,,13,"void convert_kernel<float2, __half2>(tensor_layout_any, T1 *, tensor_layout_any, const T2 *)"
5295466812,13600,140887,2253,1,1,128,1,1,16,0.000,0.000,,,,,NVIDIA A100-SXM4-40GB MIG 4g.20gb (0),1,,13,cupy_copy__float16_float16
5295521852,8608,140896,282,1,1,128,1,1,16,0.000,0.000,,,,,NVIDIA A100-SXM4-40GB MIG 4g.20gb (0),1,,13,cupy_copy__complex64_complex64
5295560955,2688,140905,26,1,1,128,1,1,16,0.000,0.000,,,,,NVIDIA A100-SXM4-40GB MIG 4g.20gb (0),1,,13,cupy_copy__float32_float32
5295612571,8191,140914,103,1,1,128,1,1,16,0.000,0.000,,,,,NVIDIA A100-SXM4-40GB MIG 4g.20gb (0),1,,13,cupy_copy__complex64_complex64
5295662170,19392,140924,1434,1,1,128,1,1,16,0.000,0.000,,,,,NVIDIA A100-SXM4-40GB MIG 4g.20gb (0),1,,13,cupy_copy__complex64_complex64
5295710361,238782,140929,1,1,1,32,32,1,30,0.000,0.000,,,,,NVIDIA A100-SXM4-40GB MIG 4g.20gb (0),1,,13,"void convert_kernel<__half2, float2>(tensor_layout_any, T1 *, tensor_layout_any, const T2 *)"
5296000342,5920,140932,,,,,,,,,,0.094,15826.941,Pinned,Device,NVIDIA A100-SXM4-40GB MIG 4g.20gb (0),1,,13,[CUDA memcpy Host-to-Device]
5296163156,622201,140933,,,,,,,,,,456.561,733694.234,Device,,NVIDIA A100-SXM4-40GB MIG 4g.20gb (0),1,,13,[CUDA memset]
5296786765,57375,140938,,,,,,,,,,1.235,21523.839,Pinned,Device,NVIDIA A100-SXM4-40GB MIG 4g.20gb (0),1,,13,[CUDA memcpy Host-to-Device]
5296846572,10400,140939,,,,,,,,,,0.197,18904.449,Pinned,Device,NVIDIA A100-SXM4-40GB MIG 4g.20gb (0),1,,13,[CUDA memcpy Host-to-Device]
5297060234,12480,140940,69,4,1,48,1,1,76,0.002,0.000,,,,,NVIDIA A100-SXM4-40GB MIG 4g.20gb (0),1,,13,"void ch_est::windowedChEstPreNoDftSOfdmKernel<float, __half, float, (unsigned int)2, (unsigned int)1, (unsigned short)4>(ch_est::puschRxChEstStatDescr_t *, ch_est::puschRxChEstDynDescr_t *)"
5297352486,13760,140941,137,2,1,24,2,1,44,0.001,0.001,,,,,NVIDIA A100-SXM4-40GB MIG 4g.20gb (0),1,,13,"void ch_est::chEstFilterNoDftSOfdmDispatchKernel<float, __half, float, (unsigned int)2>(ch_est::puschRxChEstStatDescr_t *, ch_est::puschRxChEstDynDescr_t *)"
5297687715,11999,140942,137,2,1,24,2,1,44,0.001,0.001,,,,,NVIDIA A100-SXM4-40GB MIG 4g.20gb (0),1,,13,"void ch_est::chEstFilterNoDftSOfdmDispatchKernel<float, __half, float, (unsigned int)2>(ch_est::puschRxChEstStatDescr_t *, ch_est::puschRxChEstDynDescr_t *)"
5297964543,5216,140953,103,1,1,128,1,1,16,0.000,0.000,,,,,NVIDIA A100-SXM4-40GB MIG 4g.20gb (0),1,,13,cupy_copy__complex64_complex64
5298083550,18080,140963,1434,1,1,128,1,1,16,0.000,0.000,,,,,NVIDIA A100-SXM4-40GB MIG 4g.20gb (0),1,,13,cupy_copy__complex64_complex64
5298353787,4192,140970,103,1,1,128,1,1,16,0.000,0.000,,,,,NVIDIA A100-SXM4-40GB MIG 4g.20gb (0),1,,13,cupy_copy__complex64_complex64
5298615320,238365,140977,1,1,1,32,32,1,30,0.000,0.000,,,,,NVIDIA A100-SXM4-40GB MIG 4g.20gb (0),1,,13,"void convert_kernel<__half2, float2>(tensor_layout_any, T1 *, tensor_layout_any, const T2 *)"
5298895189,5920,140980,,,,,,,,,,0.094,15826.941,Pinned,Device,NVIDIA A100-SXM4-40GB MIG 4g.20gb (0),1,,13,[CUDA memcpy Host-to-Device]
5299102962,56928,140981,,,,,,,,,,35.810,629037.055,Device,,NVIDIA A100-SXM4-40GB MIG 4g.20gb (0),1,,13,[CUDA memset]
5299168338,2719,140983,,,,,,,,,,0.000,29.423,Pinned,Device,NVIDIA A100-SXM4-40GB MIG 4g.20gb (0),1,,13,[CUDA memcpy Host-to-Device]
5299173713,9888,140984,,,,,,,,,,0.197,19883.360,Pinned,Device,NVIDIA A100-SXM4-40GB MIG 4g.20gb (0),1,,13,[CUDA memcpy Host-to-Device]
5299571117,17120,140985,273,1,1,48,1,1,40,0.000,0.001,,,,,NVIDIA A100-SXM4-40GB MIG 4g.20gb (0),1,,13,"void pusch_noise_intf_est::noiseIntfEstNoDftSOfdmKernel<float, __half, float, float, (unsigned int)2, (unsigned int)1, (unsigned char)4, (unsigned char)4>(pusch_noise_intf_est::puschRxNoiseIntfEstDynDescr)"
5299859114,6079,140996,35,1,1,128,1,1,16,0.000,0.000,,,,,NVIDIA A100-SXM4-40GB MIG 4g.20gb (0),1,,13,cupy_copy__complex64_complex64
5299906697,3424,141005,1,1,1,1,1,1,18,0.000,0.000,,,,,NVIDIA A100-SXM4-40GB MIG 4g.20gb (0),1,,13,cupy_copy__float32_float32
5299917801,1600,141011,,,,,,,,,,0.000,2.500,Device,Pageable,NVIDIA A100-SXM4-40GB MIG 4g.20gb (0),1,,7,[CUDA memcpy Device-to-Host]
5300065479,15520,141022,1434,1,1,128,1,1,16,0.000,0.000,,,,,NVIDIA A100-SXM4-40GB MIG 4g.20gb (0),1,,13,cupy_copy__complex64_complex64
5300121671,6783,141029,103,1,1,128,1,1,16,0.000,0.000,,,,,NVIDIA A100-SXM4-40GB MIG 4g.20gb (0),1,,13,cupy_copy__complex64_complex64
5300160710,3936,141036,35,1,1,128,1,1,16,0.000,0.000,,,,,NVIDIA A100-SXM4-40GB MIG 4g.20gb (0),1,,13,cupy_copy__complex64_complex64
5300212965,2848,141043,1,1,1,1,1,1,18,0.000,0.000,,,,,NVIDIA A100-SXM4-40GB MIG 4g.20gb (0),1,,13,cupy_copy__float32_float32
5300368772,194237,141054,1,1,1,32,32,1,30,0.000,0.000,,,,,NVIDIA A100-SXM4-40GB MIG 4g.20gb (0),1,,13,"void convert_kernel<__half2, float2>(tensor_layout_any, T1 *, tensor_layout_any, const T2 *)"
5300655424,5536,141057,,,,,,,,,,0.094,16924.777,Pinned,Device,NVIDIA A100-SXM4-40GB MIG 4g.20gb (0),1,,13,[CUDA memcpy Host-to-Device]
5300807743,6592,141058,,,,,,,,,,1.547,234621.314,Device,,NVIDIA A100-SXM4-40GB MIG 4g.20gb (0),1,,13,[CUDA memset]
5300817470,3520,141063,,,,,,,,,,0.031,8890.881,Pinned,Device,NVIDIA A100-SXM4-40GB MIG 4g.20gb (0),1,,13,[CUDA memcpy Host-to-Device]
5300823966,10176,141064,,,,,,,,,,0.197,19320.668,Pinned,Device,NVIDIA A100-SXM4-40GB MIG 4g.20gb (0),1,,13,[CUDA memcpy Host-to-Device]
5300882750,22303,141065,273,1,1,8,4,1,39,0.002,0.000,,,,,NVIDIA A100-SXM4-40GB MIG 4g.20gb (0),1,,13,"void channel_eq::eqMmseCoefCompLowMimoKernel<float, float, float, (unsigned int)4, (unsigned int)1, (unsigned int)4>(const channel_eq::_puschRxChEqStatDescr *, channel_eq::_puschRxChEqCoefCompDynDescr)"
5301046876,12736,141066,273,1,1,12,11,1,51,0.002,0.000,,,,,NVIDIA A100-SXM4-40GB MIG 4g.20gb (0),1,,13,"void channel_eq::eqMmseSoftDemapKernel<float, __half, __half, float, (unsigned int)4, (unsigned short)16383>(channel_eq::_puschRxChEqStatDescr *, channel_eq::_puschRxChEqSoftDemapDynDescr)"
5301191930,691352,141067,1,1,1,32,32,1,30,0.000,0.000,,,,,NVIDIA A100-SXM4-40GB MIG 4g.20gb (0),1,,13,"void convert_kernel<float2, __half2>(tensor_layout_any, T1 *, tensor_layout_any, const T2 *)"
5302165103,22624,141079,2253,1,1,128,1,1,16,0.000,0.000,,,,,NVIDIA A100-SXM4-40GB MIG 4g.20gb (0),1,,13,cupy_copy__float16_float16
5302347181,6432,141088,282,1,1,128,1,1,16,0.000,0.000,,,,,NVIDIA A100-SXM4-40GB MIG 4g.20gb (0),1,,13,cupy_copy__complex64_complex64
5302697033,8192,141097,26,1,1,128,1,1,16,0.000,0.000,,,,,NVIDIA A100-SXM4-40GB MIG 4g.20gb (0),1,,13,cupy_copy__float32_float32
5303039141,8160,141106,103,1,1,128,1,1,16,0.000,0.000,,,,,NVIDIA A100-SXM4-40GB MIG 4g.20gb (0),1,,13,cupy_copy__complex64_complex64
5303396513,16480,141116,1434,1,1,128,1,1,16,0.000,0.000,,,,,NVIDIA A100-SXM4-40GB MIG 4g.20gb (0),1,,13,cupy_copy__complex64_complex64
5303843420,222653,141121,1,1,1,32,32,1,30,0.000,0.000,,,,,NVIDIA A100-SXM4-40GB MIG 4g.20gb (0),1,,13,"void convert_kernel<__half2, float2>(tensor_layout_any, T1 *, tensor_layout_any, const T2 *)"
5304107897,6079,141124,,,,,,,,,,0.094,15412.992,Pinned,Device,NVIDIA A100-SXM4-40GB MIG 4g.20gb (0),1,,13,[CUDA memcpy Host-to-Device]
5304355894,621336,141125,,,,,,,,,,456.561,734607.357,Device,,NVIDIA A100-SXM4-40GB MIG 4g.20gb (0),1,,13,[CUDA memset]
5304984462,56928,141130,,,,,,,,,,1.235,21693.026,Pinned,Device,NVIDIA A100-SXM4-40GB MIG 4g.20gb (0),1,,13,[CUDA memcpy Host-to-Device]
5305044366,10976,141131,,,,,,,,,,0.197,17912.365,Pinned,Device,NVIDIA A100-SXM4-40GB MIG 4g.20gb (0),1,,13,[CUDA memcpy Host-to-Device]
5305341994,12096,141132,69,4,1,48,1,1,76,0.002,0.000,,,,,NVIDIA A100-SXM4-40GB MIG 4g.20gb (0),1,,13,"void ch_est::windowedChEstPreNoDftSOfdmKernel<float, __half, float, (unsigned int)2, (unsigned int)1, (unsigned short)4>(ch_est::puschRxChEstStatDescr_t *, ch_est::puschRxChEstDynDescr_t *)"
5305716390,12352,141133,137,2,1,24,2,1,44,0.001,0.001,,,,,NVIDIA A100-SXM4-40GB MIG 4g.20gb (0),1,,13,"void ch_est::chEstFilterNoDftSOfdmDispatchKernel<float, __half, float, (unsigned int)2>(ch_est::puschRxChEstStatDescr_t *, ch_est::puschRxChEstDynDescr_t *)"
5305871556,24768,141134,137,2,1,24,2,1,44,0.001,0.001,,,,,NVIDIA A100-SXM4-40GB MIG 4g.20gb (0),1,,13,"void ch_est::chEstFilterNoDftSOfdmDispatchKernel<float, __half, float, (unsigned int)2>(ch_est::puschRxChEstStatDescr_t *, ch_est::puschRxChEstDynDescr_t *)"
5305917092,4672,141145,103,1,1,128,1,1,16,0.000,0.000,,,,,NVIDIA A100-SXM4-40GB MIG 4g.20gb (0),1,,13,cupy_copy__complex64_complex64
5305968963,15104,141155,1434,1,1,128,1,1,16,0.000,0.000,,,,,NVIDIA A100-SXM4-40GB MIG 4g.20gb (0),1,,13,cupy_copy__complex64_complex64
5306025122,6528,141162,103,1,1,128,1,1,16,0.000,0.000,,,,,NVIDIA A100-SXM4-40GB MIG 4g.20gb (0),1,,13,cupy_copy__complex64_complex64
5306065634,164702,141169,1,1,1,32,32,1,30,0.000,0.000,,,,,NVIDIA A100-SXM4-40GB MIG 4g.20gb (0),1,,13,"void convert_kernel<__half2, float2>(tensor_layout_any, T1 *, tensor_layout_any, const T2 *)"
5306295295,5472,141172,,,,,,,,,,0.094,17122.757,Pinned,Device,NVIDIA A100-SXM4-40GB MIG 4g.20gb (0),1,,13,[CUDA memcpy Host-to-Device]
5306339679,54655,141173,,,,,,,,,,35.810,655178.296,Device,,NVIDIA A100-SXM4-40GB MIG 4g.20gb (0),1,,13,[CUDA memset]
5306397790,2752,141175,,,,,,,,,,0.000,29.070,Pinned,Device,NVIDIA A100-SXM4-40GB MIG 4g.20gb (0),1,,13,[CUDA memcpy Host-to-Device]
5306402974,9504,141176,,,,,,,,,,0.197,20686.701,Pinned,Device,NVIDIA A100-SXM4-40GB MIG 4g.20gb (0),1,,13,[CUDA memcpy Host-to-Device]
5306464445,18208,141177,273,1,1,48,1,1,40,0.000,0.001,,,,,NVIDIA A100-SXM4-40GB MIG 4g.20gb (0),1,,13,"void pusch_noise_intf_est::noiseIntfEstNoDftSOfdmKernel<float, __half, float, float, (unsigned int)2, (unsigned int)1, (unsigned char)4, (unsigned char)4>(pusch_noise_intf_est::puschRxNoiseIntfEstDynDescr)"
5306520413,7296,141188,35,1,1,128,1,1,16,0.000,0.000,,,,,NVIDIA A100-SXM4-40GB MIG 4g.20gb (0),1,,13,cupy_copy__complex64_complex64
5306589500,3232,141197,1,1,1,1,1,1,18,0.000,0.000,,,,,NVIDIA A100-SXM4-40GB MIG 4g.20gb (0),1,,13,cupy_copy__float32_float32
5306626267,1952,141203,,,,,,,,,,0.000,2.049,Device,Pageable,NVIDIA A100-SXM4-40GB MIG 4g.20gb (0),1,,7,[CUDA memcpy Device-to-Host]
5306774394,20608,141214,1434,1,1,128,1,1,16,0.000,0.000,,,,,NVIDIA A100-SXM4-40GB MIG 4g.20gb (0),1,,13,cupy_copy__complex64_complex64
5306821977,4064,141221,103,1,1,128,1,1,16,0.000,0.000,,,,,NVIDIA A100-SXM4-40GB MIG 4g.20gb (0),1,,13,cupy_copy__complex64_complex64
5306873625,7680,141228,35,1,1,128,1,1,16,0.000,0.000,,,,,NVIDIA A100-SXM4-40GB MIG 4g.20gb (0),1,,13,cupy_copy__complex64_complex64
5306922104,2496,141235,1,1,1,1,1,1,18,0.000,0.000,,,,,NVIDIA A100-SXM4-40GB MIG 4g.20gb (0),1,,13,cupy_copy__float32_float32
5307145237,240958,141246,1,1,1,32,32,1,30,0.000,0.000,,,,,NVIDIA A100-SXM4-40GB MIG 4g.20gb (0),1,,13,"void convert_kernel<__half2, float2>(tensor_layout_any, T1 *, tensor_layout_any, const T2 *)"
5307434130,5472,141249,,,,,,,,,,0.094,17122.757,Pinned,Device,NVIDIA A100-SXM4-40GB MIG 4g.20gb (0),1,,13,[CUDA memcpy Host-to-Device]
5307728815,6720,141250,,,,,,,,,,1.547,230151.571,Device,,NVIDIA A100-SXM4-40GB MIG 4g.20gb (0),1,,13,[CUDA memset]
5307737199,3424,141255,,,,,,,,,,0.031,9140.185,Pinned,Device,NVIDIA A100-SXM4-40GB MIG 4g.20gb (0),1,,13,[CUDA memcpy Host-to-Device]
5307743055,10335,141256,,,,,,,,,,0.197,19023.397,Pinned,Device,NVIDIA A100-SXM4-40GB MIG 4g.20gb (0),1,,13,[CUDA memcpy Host-to-Device]
5308006668,27583,141257,273,1,1,8,4,1,39,0.002,0.000,,,,,NVIDIA A100-SXM4-40GB MIG 4g.20gb (0),1,,13,"void channel_eq::eqMmseCoefCompLowMimoKernel<float, float, float, (unsigned int)4, (unsigned int)1, (unsigned int)4>(const channel_eq::_puschRxChEqStatDescr *, channel_eq::_puschRxChEqCoefCompDynDescr)"
5308317768,18624,141258,273,1,1,12,11,1,51,0.002,0.000,,,,,NVIDIA A100-SXM4-40GB MIG 4g.20gb (0),1,,13,"void channel_eq::eqMmseSoftDemapKernel<float, __half, __half, float, (unsigned int)4, (unsigned short)16383>(channel_eq::_puschRxChEqStatDescr *, channel_eq::_puschRxChEqSoftDemapDynDescr)"
5308665636,605433,141259,1,1,1,32,32,1,30,0.000,0.000,,,,,NVIDIA A100-SXM4-40GB MIG 4g.20gb (0),1,,13,"void convert_kernel<float2, __half2>(tensor_layout_any, T1 *, tensor_layout_any, const T2 *)"
5309600473,19488,141271,2253,1,1,128,1,1,16,0.000,0.000,,,,,NVIDIA A100-SXM4-40GB MIG 4g.20gb (0),1,,13,cupy_copy__float16_float16
5309902870,6592,141280,282,1,1,128,1,1,16,0.000,0.000,,,,,NVIDIA A100-SXM4-40GB MIG 4g.20gb (0),1,,13,cupy_copy__complex64_complex64
5310125043,5056,141289,26,1,1,128,1,1,16,0.000,0.000,,,,,NVIDIA A100-SXM4-40GB MIG 4g.20gb (0),1,,13,cupy_copy__float32_float32
5310295665,10080,141298,103,1,1,128,1,1,16,0.000,0.000,,,,,NVIDIA A100-SXM4-40GB MIG 4g.20gb (0),1,,13,cupy_copy__complex64_complex64
5310376528,15648,141308,1434,1,1,128,1,1,16,0.000,0.000,,,,,NVIDIA A100-SXM4-40GB MIG 4g.20gb (0),1,,13,cupy_copy__complex64_complex64
5310403472,107871,141313,1,1,1,32,32,1,30,0.000,0.000,,,,,NVIDIA A100-SXM4-40GB MIG 4g.20gb (0),1,,13,"void convert_kernel<__half2, float2>(tensor_layout_any, T1 *, tensor_layout_any, const T2 *)"
5310563630,5440,141316,,,,,,,,,,0.094,17223.480,Pinned,Device,NVIDIA A100-SXM4-40GB MIG 4g.20gb (0),1,,13,[CUDA memcpy Host-to-Device]
5310590510,624696,141317,,,,,,,,,,456.561,730498.304,Device,,NVIDIA A100-SXM4-40GB MIG 4g.20gb (0),1,,13,[CUDA memset]
5311219238,56128,141322,,,,,,,,,,1.235,22001.762,Pinned,Device,NVIDIA A100-SXM4-40GB MIG 4g.20gb (0),1,,13,[CUDA memcpy Host-to-Device]
5311279366,12000,141323,,,,,,,,,,0.197,16383.934,Pinned,Device,NVIDIA A100-SXM4-40GB MIG 4g.20gb (0),1,,13,[CUDA memcpy Host-to-Device]
5311336709,25984,141324,69,4,1,48,1,1,76,0.002,0.000,,,,,NVIDIA A100-SXM4-40GB MIG 4g.20gb (0),1,,13,"void ch_est::windowedChEstPreNoDftSOfdmKernel<float, __half, float, (unsigned int)2, (unsigned int)1, (unsigned short)4>(ch_est::puschRxChEstStatDescr_t *, ch_est::puschRxChEstDynDescr_t *)"
5311414340,16192,141325,137,2,1,24,2,1,44,0.001,0.001,,,,,NVIDIA A100-SXM4-40GB MIG 4g.20gb (0),1,,13,"void ch_est::chEstFilterNoDftSOfdmDispatchKernel<float, __half, float, (unsigned int)2>(ch_est::puschRxChEstStatDescr_t *, ch_est::puschRxChEstDynDescr_t *)"
5311489987,16832,141326,137,2,1,24,2,1,44,0.001,0.001,,,,,NVIDIA A100-SXM4-40GB MIG 4g.20gb (0),1,,13,"void ch_est::chEstFilterNoDftSOfdmDispatchKernel<float, __half, float, (unsigned int)2>(ch_est::puschRxChEstStatDescr_t *, ch_est::puschRxChEstDynDescr_t *)"
5311566754,5728,141337,103,1,1,128,1,1,16,0.000,0.000,,,,,NVIDIA A100-SXM4-40GB MIG 4g.20gb (0),1,,13,cupy_copy__complex64_complex64
5311618562,13984,141347,1434,1,1,128,1,1,16,0.000,0.000,,,,,NVIDIA A100-SXM4-40GB MIG 4g.20gb (0),1,,13,cupy_copy__complex64_complex64
5311672833,6496,141354,103,1,1,128,1,1,16,0.000,0.000,,,,,NVIDIA A100-SXM4-40GB MIG 4g.20gb (0),1,,13,cupy_copy__complex64_complex64
5311715745,158654,141361,1,1,1,32,32,1,30,0.000,0.000,,,,,NVIDIA A100-SXM4-40GB MIG 4g.20gb (0),1,,13,"void convert_kernel<__half2, float2>(tensor_layout_any, T1 *, tensor_layout_any, const T2 *)"
5311917502,6752,141364,,,,,,,,,,0.094,13876.752,Pinned,Device,NVIDIA A100-SXM4-40GB MIG 4g.20gb (0),1,,13,[CUDA memcpy Host-to-Device]
5311988382,53695,141365,,,,,,,,,,35.810,666888.140,Device,,NVIDIA A100-SXM4-40GB MIG 4g.20gb (0),1,,13,[CUDA memset]
5312048989,1856,141367,,,,,,,,,,0.000,43.103,Pinned,Device,NVIDIA A100-SXM4-40GB MIG 4g.20gb (0),1,,13,[CUDA memcpy Host-to-Device]
5312053309,9696,141368,,,,,,,,,,0.197,20277.166,Pinned,Device,NVIDIA A100-SXM4-40GB MIG 4g.20gb (0),1,,13,[CUDA memcpy Host-to-Device]
5312202139,16000,141369,273,1,1,48,1,1,40,0.000,0.001,,,,,NVIDIA A100-SXM4-40GB MIG 4g.20gb (0),1,,13,"void pusch_noise_intf_est::noiseIntfEstNoDftSOfdmKernel<float, __half, float, float, (unsigned int)2, (unsigned int)1, (unsigned char)4, (unsigned char)4>(pusch_noise_intf_est::puschRxNoiseIntfEstDynDescr)"
5312260730,9312,141380,35,1,1,128,1,1,16,0.000,0.000,,,,,NVIDIA A100-SXM4-40GB MIG 4g.20gb (0),1,,13,cupy_copy__complex64_complex64
5312298202,2560,141389,1,1,1,1,1,1,18,0.000,0.000,,,,,NVIDIA A100-SXM4-40GB MIG 4g.20gb (0),1,,13,cupy_copy__float32_float32
5312304666,1600,141395,,,,,,,,,,0.000,2.500,Device,Pageable,NVIDIA A100-SXM4-40GB MIG 4g.20gb (0),1,,7,[CUDA memcpy Device-to-Host]
5312431736,15840,141406,1434,1,1,128,1,1,16,0.000,0.000,,,,,NVIDIA A100-SXM4-40GB MIG 4g.20gb (0),1,,13,cupy_copy__complex64_complex64
5312489432,4128,141413,103,1,1,128,1,1,16,0.000,0.000,,,,,NVIDIA A100-SXM4-40GB MIG 4g.20gb (0),1,,13,cupy_copy__complex64_complex64
5312536663,11104,141420,35,1,1,128,1,1,16,0.000,0.000,,,,,NVIDIA A100-SXM4-40GB MIG 4g.20gb (0),1,,13,cupy_copy__complex64_complex64
5312574359,2784,141427,1,1,1,1,1,1,18,0.000,0.000,,,,,NVIDIA A100-SXM4-40GB MIG 4g.20gb (0),1,,13,cupy_copy__float32_float32
5312710485,184350,141438,1,1,1,32,32,1,30,0.000,0.000,,,,,NVIDIA A100-SXM4-40GB MIG 4g.20gb (0),1,,13,"void convert_kernel<__half2, float2>(tensor_layout_any, T1 *, tensor_layout_any, const T2 *)"
5312938163,5504,141441,,,,,,,,,,0.094,17023.251,Pinned,Device,NVIDIA A100-SXM4-40GB MIG 4g.20gb (0),1,,13,[CUDA memcpy Host-to-Device]
5313006962,7520,141442,,,,,,,,,,1.547,205666.966,Device,,NVIDIA A100-SXM4-40GB MIG 4g.20gb (0),1,,13,[CUDA memset]
5313021778,3296,141447,,,,,,,,,,0.031,9495.144,Pinned,Device,NVIDIA A100-SXM4-40GB MIG 4g.20gb (0),1,,13,[CUDA memcpy Host-to-Device]
5313027794,9567,141448,,,,,,,,,,0.197,20550.451,Pinned,Device,NVIDIA A100-SXM4-40GB MIG 4g.20gb (0),1,,13,[CUDA memcpy Host-to-Device]
5313074353,23872,141449,273,1,1,8,4,1,39,0.002,0.000,,,,,NVIDIA A100-SXM4-40GB MIG 4g.20gb (0),1,,13,"void channel_eq::eqMmseCoefCompLowMimoKernel<float, float, float, (unsigned int)4, (unsigned int)1, (unsigned int)4>(const channel_eq::_puschRxChEqStatDescr *, channel_eq::_puschRxChEqCoefCompDynDescr)"
5313148464,29120,141450,273,1,1,12,11,1,51,0.002,0.000,,,,,NVIDIA A100-SXM4-40GB MIG 4g.20gb (0),1,,13,"void channel_eq::eqMmseSoftDemapKernel<float, __half, __half, float, (unsigned int)4, (unsigned short)16383>(channel_eq::_puschRxChEqStatDescr *, channel_eq::_puschRxChEqSoftDemapDynDescr)"
5313215823,380156,141451,1,1,1,32,32,1,30,0.000,0.000,,,,,NVIDIA A100-SXM4-40GB MIG 4g.20gb (0),1,,13,"void convert_kernel<float2, __half2>(tensor_layout_any, T1 *, tensor_layout_any, const T2 *)"
5313630155,13535,141463,2253,1,1,128,1,1,16,0.000,0.000,,,,,NVIDIA A100-SXM4-40GB MIG 4g.20gb (0),1,,13,cupy_copy__float16_float16
5313691274,5984,141472,282,1,1,128,1,1,16,0.000,0.000,,,,,NVIDIA A100-SXM4-40GB MIG 4g.20gb (0),1,,13,cupy_copy__complex64_complex64
5313721898,5951,141481,26,1,1,128,1,1,16,0.000,0.000,,,,,NVIDIA A100-SXM4-40GB MIG 4g.20gb (0),1,,13,cupy_copy__float32_float32
5313742505,8128,141490,103,1,1,128,1,1,16,0.000,0.000,,,,,NVIDIA A100-SXM4-40GB MIG 4g.20gb (0),1,,13,cupy_copy__complex64_complex64
5313773993,18176,141500,1434,1,1,128,1,1,16,0.000,0.000,,,,,NVIDIA A100-SXM4-40GB MIG 4g.20gb (0),1,,13,cupy_copy__complex64_complex64
5313806153,148158,141505,1,1,1,32,32,1,30,0.000,0.000,,,,,NVIDIA A100-SXM4-40GB MIG 4g.20gb (0),1,,13,"void convert_kernel<__half2, float2>(tensor_layout_any, T1 *, tensor_layout_any, const T2 *)"
5313998662,5376,141508,,,,,,,,,,0.094,17428.487,Pinned,Device,NVIDIA A100-SXM4-40GB MIG 4g.20gb (0),1,,13,[CUDA memcpy Host-to-Device]
5314032134,629145,141509,,,,,,,,,,456.561,725476.128,Device,,NVIDIA A100-SXM4-40GB MIG 4g.20gb (0),1,,13,[CUDA memset]
5314682878,50880,141514,,,,,,,,,,1.235,24271.589,Pinned,Device,NVIDIA A100-SXM4-40GB MIG 4g.20gb (0),1,,13,[CUDA memcpy Host-to-Device]
5314736254,9376,141515,,,,,,,,,,0.197,20969.226,Pinned,Device,NVIDIA A100-SXM4-40GB MIG 4g.20gb (0),1,,13,[CUDA memcpy Host-to-Device]
5314775165,23360,141516,69,4,1,48,1,1,76,0.002,0.000,,,,,NVIDIA A100-SXM4-40GB MIG 4g.20gb (0),1,,13,"void ch_est::windowedChEstPreNoDftSOfdmKernel<float, __half, float, (unsigned int)2, (unsigned int)1, (unsigned short)4>(ch_est::puschRxChEstStatDescr_t *, ch_est::puschRxChEstDynDescr_t *)"
5314832829,18848,141517,137,2,1,24,2,1,44,0.001,0.001,,,,,NVIDIA A100-SXM4-40GB MIG 4g.20gb (0),1,,13,"void ch_est::chEstFilterNoDftSOfdmDispatchKernel<float, __half, float, (unsigned int)2>(ch_est::puschRxChEstStatDescr_t *, ch_est::puschRxChEstDynDescr_t *)"
5314891004,16352,141518,137,2,1,24,2,1,44,0.001,0.001,,,,,NVIDIA A100-SXM4-40GB MIG 4g.20gb (0),1,,13,"void ch_est::chEstFilterNoDftSOfdmDispatchKernel<float, __half, float, (unsigned int)2>(ch_est::puschRxChEstStatDescr_t *, ch_est::puschRxChEstDynDescr_t *)"
5314950395,4384,141529,103,1,1,128,1,1,16,0.000,0.000,,,,,NVIDIA A100-SXM4-40GB MIG 4g.20gb (0),1,,13,cupy_copy__complex64_complex64
5314980827,18304,141539,1434,1,1,128,1,1,16,0.000,0.000,,,,,NVIDIA A100-SXM4-40GB MIG 4g.20gb (0),1,,13,cupy_copy__complex64_complex64
5315010267,4288,141546,103,1,1,128,1,1,16,0.000,0.000,,,,,NVIDIA A100-SXM4-40GB MIG 4g.20gb (0),1,,13,cupy_copy__complex64_complex64
5315046202,150431,141553,1,1,1,32,32,1,30,0.000,0.000,,,,,NVIDIA A100-SXM4-40GB MIG 4g.20gb (0),1,,13,"void convert_kernel<__half2, float2>(tensor_layout_any, T1 *, tensor_layout_any, const T2 *)"
5315243544,5472,141556,,,,,,,,,,0.094,17122.757,Pinned,Device,NVIDIA A100-SXM4-40GB MIG 4g.20gb (0),1,,13,[CUDA memcpy Host-to-Device]
5315307927,57376,141557,,,,,,,,,,35.810,624095.286,Device,,NVIDIA A100-SXM4-40GB MIG 4g.20gb (0),1,,13,[CUDA memset]
5315368503,1824,141559,,,,,,,,,,0.000,43.860,Pinned,Device,NVIDIA A100-SXM4-40GB MIG 4g.20gb (0),1,,13,[CUDA memcpy Host-to-Device]
5315372791,9215,141560,,,,,,,,,,0.197,21335.507,Pinned,Device,NVIDIA A100-SXM4-40GB MIG 4g.20gb (0),1,,13,[CUDA memcpy Host-to-Device]
5315449430,35167,141561,273,1,1,48,1,1,40,0.000,0.001,,,,,NVIDIA A100-SXM4-40GB MIG 4g.20gb (0),1,,13,"void pusch_noise_intf_est::noiseIntfEstNoDftSOfdmKernel<float, __half, float, float, (unsigned int)2, (unsigned int)1, (unsigned char)4, (unsigned char)4>(pusch_noise_intf_est::puschRxNoiseIntfEstDynDescr)"
5315516789,7328,141572,35,1,1,128,1,1,16,0.000,0.000,,,,,NVIDIA A100-SXM4-40GB MIG 4g.20gb (0),1,,13,cupy_copy__complex64_complex64
5315612340,4512,141581,1,1,1,1,1,1,18,0.000,0.000,,,,,NVIDIA A100-SXM4-40GB MIG 4g.20gb (0),1,,13,cupy_copy__float32_float32
5315618164,1824,141587,,,,,,,,,,0.000,2.193,Device,Pageable,NVIDIA A100-SXM4-40GB MIG 4g.20gb (0),1,,7,[CUDA memcpy Device-to-Host]
5315725906,15744,141598,1434,1,1,128,1,1,16,0.000,0.000,,,,,NVIDIA A100-SXM4-40GB MIG 4g.20gb (0),1,,13,cupy_copy__complex64_complex64
5315824433,5088,141605,103,1,1,128,1,1,16,0.000,0.000,,,,,NVIDIA A100-SXM4-40GB MIG 4g.20gb (0),1,,13,cupy_copy__complex64_complex64
5315899504,13888,141612,35,1,1,128,1,1,16,0.000,0.000,,,,,NVIDIA A100-SXM4-40GB MIG 4g.20gb (0),1,,13,cupy_copy__complex64_complex64
5315956656,5920,141619,1,1,1,1,1,1,18,0.000,0.000,,,,,NVIDIA A100-SXM4-40GB MIG 4g.20gb (0),1,,13,cupy_copy__float32_float32
5316115438,359772,141630,1,1,1,32,32,1,30,0.000,0.000,,,,,NVIDIA A100-SXM4-40GB MIG 4g.20gb (0),1,,13,"void convert_kernel<__half2, float2>(tensor_layout_any, T1 *, tensor_layout_any, const T2 *)"
5316956964,5440,141633,,,,,,,,,,0.094,17223.480,Pinned,Device,NVIDIA A100-SXM4-40GB MIG 4g.20gb (0),1,,13,[CUDA memcpy Host-to-Device]
5316990500,8064,141634,,,,,,,,,,1.547,191792.202,Device,,NVIDIA A100-SXM4-40GB MIG 4g.20gb (0),1,,13,[CUDA memset]
5317044419,3008,141639,,,,,,,,,,0.031,10404.230,Pinned,Device,NVIDIA A100-SXM4-40GB MIG 4g.20gb (0),1,,13,[CUDA memcpy Host-to-Device]
5317050595,10048,141640,,,,,,,,,,0.197,19566.821,Pinned,Device,NVIDIA A100-SXM4-40GB MIG 4g.20gb (0),1,,13,[CUDA memcpy Host-to-Device]
5317283936,37216,141641,273,1,1,8,4,1,39,0.002,0.000,,,,,NVIDIA A100-SXM4-40GB MIG 4g.20gb (0),1,,13,"void channel_eq::eqMmseCoefCompLowMimoKernel<float, float, float, (unsigned int)4, (unsigned int)1, (unsigned int)4>(const channel_eq::_puschRxChEqStatDescr *, channel_eq::_puschRxChEqCoefCompDynDescr)"
5317564253,10240,141642,273,1,1,12,11,1,51,0.002,0.000,,,,,NVIDIA A100-SXM4-40GB MIG 4g.20gb (0),1,,13,"void channel_eq::eqMmseSoftDemapKernel<float, __half, __half, float, (unsigned int)4, (unsigned short)16383>(channel_eq::_puschRxChEqStatDescr *, channel_eq::_puschRxChEqSoftDemapDynDescr)"
5317762555,595225,141643,1,1,1,32,32,1,30,0.000,0.000,,,,,NVIDIA A100-SXM4-40GB MIG 4g.20gb (0),1,,13,"void convert_kernel<float2, __half2>(tensor_layout_any, T1 *, tensor_layout_any, const T2 *)"
5318530930,14272,141655,2253,1,1,128,1,1,16,0.000,0.000,,,,,NVIDIA A100-SXM4-40GB MIG 4g.20gb (0),1,,13,cupy_copy__float16_float16
5318836495,6591,141664,282,1,1,128,1,1,16,0.000,0.000,,,,,NVIDIA A100-SXM4-40GB MIG 4g.20gb (0),1,,13,cupy_copy__complex64_complex64
5319074732,5280,141673,26,1,1,128,1,1,16,0.000,0.000,,,,,NVIDIA A100-SXM4-40GB MIG 4g.20gb (0),1,,13,cupy_copy__float32_float32
5319291593,12000,141682,103,1,1,128,1,1,16,0.000,0.000,,,,,NVIDIA A100-SXM4-40GB MIG 4g.20gb (0),1,,13,cupy_copy__complex64_complex64
5319501159,14592,141692,1434,1,1,128,1,1,16,0.000,0.000,,,,,NVIDIA A100-SXM4-40GB MIG 4g.20gb (0),1,,13,cupy_copy__complex64_complex64
5319756836,223485,141697,1,1,1,32,32,1,30,0.000,0.000,,,,,NVIDIA A100-SXM4-40GB MIG 4g.20gb (0),1,,13,"void convert_kernel<__half2, float2>(tensor_layout_any, T1 *, tensor_layout_any, const T2 *)"
5320086656,11680,141700,,,,,,,,,,0.094,8021.877,Pinned,Device,NVIDIA A100-SXM4-40GB MIG 4g.20gb (0),1,,13,[CUDA memcpy Host-to-Device]
5320152383,620697,141701,,,,,,,,,,456.561,735520.480,Device,,NVIDIA A100-SXM4-40GB MIG 4g.20gb (0),1,,13,[CUDA memset]
5320775512,74911,141706,,,,,,,,,,1.235,16485.267,Pinned,Device,NVIDIA A100-SXM4-40GB MIG 4g.20gb (0),1,,13,[CUDA memcpy Host-to-Device]
5320856407,16512,141707,,,,,,,,,,0.197,11906.974,Pinned,Device,NVIDIA A100-SXM4-40GB MIG 4g.20gb (0),1,,13,[CUDA memcpy Host-to-Device]
5320936822,21728,141708,69,4,1,48,1,1,76,0.002,0.000,,,,,NVIDIA A100-SXM4-40GB MIG 4g.20gb (0),1,,13,"void ch_est::windowedChEstPreNoDftSOfdmKernel<float, __half, float, (unsigned int)2, (unsigned int)1, (unsigned short)4>(ch_est::puschRxChEstStatDescr_t *, ch_est::puschRxChEstDynDescr_t *)"
5320997686,9087,141709,137,2,1,24,2,1,44,0.001,0.001,,,,,NVIDIA A100-SXM4-40GB MIG 4g.20gb (0),1,,13,"void ch_est::chEstFilterNoDftSOfdmDispatchKernel<float, __half, float, (unsigned int)2>(ch_est::puschRxChEstStatDescr_t *, ch_est::puschRxChEstDynDescr_t *)"
5321054997,11840,141710,137,2,1,24,2,1,44,0.001,0.001,,,,,NVIDIA A100-SXM4-40GB MIG 4g.20gb (0),1,,13,"void ch_est::chEstFilterNoDftSOfdmDispatchKernel<float, __half, float, (unsigned int)2>(ch_est::puschRxChEstStatDescr_t *, ch_est::puschRxChEstDynDescr_t *)"
5321123156,6880,141721,103,1,1,128,1,1,16,0.000,0.000,,,,,NVIDIA A100-SXM4-40GB MIG 4g.20gb (0),1,,13,cupy_copy__complex64_complex64
5321178132,15679,141731,1434,1,1,128,1,1,16,0.000,0.000,,,,,NVIDIA A100-SXM4-40GB MIG 4g.20gb (0),1,,13,cupy_copy__complex64_complex64
5321240979,4832,141738,103,1,1,128,1,1,16,0.000,0.000,,,,,NVIDIA A100-SXM4-40GB MIG 4g.20gb (0),1,,13,cupy_copy__complex64_complex64
5321311570,152958,141745,1,1,1,32,32,1,30,0.000,0.000,,,,,NVIDIA A100-SXM4-40GB MIG 4g.20gb (0),1,,13,"void convert_kernel<__half2, float2>(tensor_layout_any, T1 *, tensor_layout_any, const T2 *)"
5321531823,5600,141748,,,,,,,,,,0.094,16731.388,Pinned,Device,NVIDIA A100-SXM4-40GB MIG 4g.20gb (0),1,,13,[CUDA memcpy Host-to-Device]
5321617806,55680,141749,,,,,,,,,,35.810,643110.353,Device,,NVIDIA A100-SXM4-40GB MIG 4g.20gb (0),1,,13,[CUDA memset]
5321680462,2400,141751,,,,,,,,,,0.000,33.333,Pinned,Device,NVIDIA A100-SXM4-40GB MIG 4g.20gb (0),1,,13,[CUDA memcpy Host-to-Device]
5321685326,11840,141752,,,,,,,,,,0.197,16605.315,Pinned,Device,NVIDIA A100-SXM4-40GB MIG 4g.20gb (0),1,,13,[CUDA memcpy Host-to-Device]
5321757869,13152,141753,273,1,1,48,1,1,40,0.000,0.001,,,,,NVIDIA A100-SXM4-40GB MIG 4g.20gb (0),1,,13,"void pusch_noise_intf_est::noiseIntfEstNoDftSOfdmKernel<float, __half, float, float, (unsigned int)2, (unsigned int)1, (unsigned char)4, (unsigned char)4>(pusch_noise_intf_est::puschRxNoiseIntfEstDynDescr)"
5321846220,5056,141764,35,1,1,128,1,1,16,0.000,0.000,,,,,NVIDIA A100-SXM4-40GB MIG 4g.20gb (0),1,,13,cupy_copy__complex64_complex64
5321900107,2528,141773,1,1,1,1,1,1,18,0.000,0.000,,,,,NVIDIA A100-SXM4-40GB MIG 4g.20gb (0),1,,13,cupy_copy__float32_float32
5321908651,1600,141779,,,,,,,,,,0.000,2.500,Device,Pageable,NVIDIA A100-SXM4-40GB MIG 4g.20gb (0),1,,7,[CUDA memcpy Device-to-Host]
5322039562,13951,141790,1434,1,1,128,1,1,16,0.000,0.000,,,,,NVIDIA A100-SXM4-40GB MIG 4g.20gb (0),1,,13,cupy_copy__complex64_complex64
5322114921,5120,141797,103,1,1,128,1,1,16,0.000,0.000,,,,,NVIDIA A100-SXM4-40GB MIG 4g.20gb (0),1,,13,cupy_copy__complex64_complex64
5322230503,8736,141804,35,1,1,128,1,1,16,0.000,0.000,,,,,NVIDIA A100-SXM4-40GB MIG 4g.20gb (0),1,,13,cupy_copy__complex64_complex64
5322452005,3680,141811,1,1,1,1,1,1,18,0.000,0.000,,,,,NVIDIA A100-SXM4-40GB MIG 4g.20gb (0),1,,13,cupy_copy__float32_float32
5322589603,238237,141822,1,1,1,32,32,1,30,0.000,0.000,,,,,NVIDIA A100-SXM4-40GB MIG 4g.20gb (0),1,,13,"void convert_kernel<__half2, float2>(tensor_layout_any, T1 *, tensor_layout_any, const T2 *)"
5322897760,5472,141825,,,,,,,,,,0.094,17122.757,Pinned,Device,NVIDIA A100-SXM4-40GB MIG 4g.20gb (0),1,,13,[CUDA memcpy Host-to-Device]
5323127325,8576,141826,,,,,,,,,,1.547,180342.545,Device,,NVIDIA A100-SXM4-40GB MIG 4g.20gb (0),1,,13,[CUDA memset]
5323136637,7264,141831,,,,,,,,,,0.031,4308.364,Pinned,Device,NVIDIA A100-SXM4-40GB MIG 4g.20gb (0),1,,13,[CUDA memcpy Host-to-Device]
5323149245,12896,141832,,,,,,,,,,0.197,15245.574,Pinned,Device,NVIDIA A100-SXM4-40GB MIG 4g.20gb (0),1,,13,[CUDA memcpy Host-to-Device]
5323266875,10688,141833,273,1,1,8,4,1,39,0.002,0.000,,,,,NVIDIA A100-SXM4-40GB MIG 4g.20gb (0),1,,13,"void channel_eq::eqMmseCoefCompLowMimoKernel<float, float, float, (unsigned int)4, (unsigned int)1, (unsigned int)4>(const channel_eq::_puschRxChEqStatDescr *, channel_eq::_puschRxChEqCoefCompDynDescr)"
5323562264,11104,141834,273,1,1,12,11,1,51,0.002,0.000,,,,,NVIDIA A100-SXM4-40GB MIG 4g.20gb (0),1,,13,"void channel_eq::eqMmseSoftDemapKernel<float, __half, __half, float, (unsigned int)4, (unsigned short)16383>(channel_eq::_puschRxChEqStatDescr *, channel_eq::_puschRxChEqSoftDemapDynDescr)"
5323875892,605497,141835,1,1,1,32,32,1,30,0.000,0.000,,,,,NVIDIA A100-SXM4-40GB MIG 4g.20gb (0),1,,13,"void convert_kernel<float2, __half2>(tensor_layout_any, T1 *, tensor_layout_any, const T2 *)"
5324585612,13856,141847,2253,1,1,128,1,1,16,0.000,0.000,,,,,NVIDIA A100-SXM4-40GB MIG 4g.20gb (0),1,,13,cupy_copy__float16_float16
5324952360,5216,141856,282,1,1,128,1,1,16,0.000,0.000,,,,,NVIDIA A100-SXM4-40GB MIG 4g.20gb (0),1,,13,cupy_copy__complex64_complex64
5325258212,3840,141865,26,1,1,128,1,1,16,0.000,0.000,,,,,NVIDIA A100-SXM4-40GB MIG 4g.20gb (0),1,,13,cupy_copy__float32_float32
5325526049,9888,141874,103,1,1,128,1,1,16,0.000,0.000,,,,,NVIDIA A100-SXM4-40GB MIG 4g.20gb (0),1,,13,cupy_copy__complex64_complex64
5325584161,17983,141884,1434,1,1,128,1,1,16,0.000,0.000,,,,,NVIDIA A100-SXM4-40GB MIG 4g.20gb (0),1,,13,cupy_copy__complex64_complex64
5325661632,125598,141889,1,1,1,32,32,1,30,0.000,0.000,,,,,NVIDIA A100-SXM4-40GB MIG 4g.20gb (0),1,,13,"void convert_kernel<__half2, float2>(tensor_layout_any, T1 *, tensor_layout_any, const T2 *)"
5325835166,5376,141892,,,,,,,,,,0.094,17428.487,Pinned,Device,NVIDIA A100-SXM4-40GB MIG 4g.20gb (0),1,,13,[CUDA memcpy Host-to-Device]
5325920573,619833,141893,,,,,,,,,,456.561,736433.603,Device,,NVIDIA A100-SXM4-40GB MIG 4g.20gb (0),1,,13,[CUDA memset]
5326548662,63743,141898,,,,,,,,,,1.235,19372.567,Pinned,Device,NVIDIA A100-SXM4-40GB MIG 4g.20gb (0),1,,13,[CUDA memcpy Host-to-Device]
5326614933,11968,141899,,,,,,,,,,0.197,16427.778,Pinned,Device,NVIDIA A100-SXM4-40GB MIG 4g.20gb (0),1,,13,[CUDA memcpy Host-to-Device]
5326669940,22048,141900,69,4,1,48,1,1,76,0.002,0.000,,,,,NVIDIA A100-SXM4-40GB MIG 4g.20gb (0),1,,13,"void ch_est::windowedChEstPreNoDftSOfdmKernel<float, __half, float, (unsigned int)2, (unsigned int)1, (unsigned short)4>(ch_est::puschRxChEstStatDescr_t *, ch_est::puschRxChEstDynDescr_t *)"
5326735155,15072,141901,137,2,1,24,2,1,44,0.001,0.001,,,,,NVIDIA A100-SXM4-40GB MIG 4g.20gb (0),1,,13,"void ch_est::chEstFilterNoDftSOfdmDispatchKernel<float, __half, float, (unsigned int)2>(ch_est::puschRxChEstStatDescr_t *, ch_est::puschRxChEstDynDescr_t *)"
5326830322,15296,141902,137,2,1,24,2,1,44,0.001,0.001,,,,,NVIDIA A100-SXM4-40GB MIG 4g.20gb (0),1,,13,"void ch_est::chEstFilterNoDftSOfdmDispatchKernel<float, __half, float, (unsigned int)2>(ch_est::puschRxChEstStatDescr_t *, ch_est::puschRxChEstDynDescr_t *)"
5326925553,4384,141913,103,1,1,128,1,1,16,0.000,0.000,,,,,NVIDIA A100-SXM4-40GB MIG 4g.20gb (0),1,,13,cupy_copy__complex64_complex64
5326992912,16224,141923,1434,1,1,128,1,1,16,0.000,0.000,,,,,NVIDIA A100-SXM4-40GB MIG 4g.20gb (0),1,,13,cupy_copy__complex64_complex64
5327049072,7424,141930,103,1,1,128,1,1,16,0.000,0.000,,,,,NVIDIA A100-SXM4-40GB MIG 4g.20gb (0),1,,13,cupy_copy__complex64_complex64
5327166478,271069,141937,1,1,1,32,32,1,30,0.000,0.000,,,,,NVIDIA A100-SXM4-40GB MIG 4g.20gb (0),1,,13,"void convert_kernel<__half2, float2>(tensor_layout_any, T1 *, tensor_layout_any, const T2 *)"
5327487051,5952,141940,,,,,,,,,,0.094,15741.865,Pinned,Device,NVIDIA A100-SXM4-40GB MIG 4g.20gb (0),1,,13,[CUDA memcpy Host-to-Device]
5327764840,59263,141941,,,,,,,,,,35.810,604220.780,Device,,NVIDIA A100-SXM4-40GB MIG 4g.20gb (0),1,,13,[CUDA memset]
5328610750,6048,141943,,,,,,,,,,0.000,13.227,Pinned,Device,NVIDIA A100-SXM4-40GB MIG 4g.20gb (0),1,,13,[CUDA memcpy Host-to-Device]
5328624446,12639,141944,,,,,,,,,,0.197,15555.625,Pinned,Device,NVIDIA A100-SXM4-40GB MIG 4g.20gb (0),1,,13,[CUDA memcpy Host-to-Device]
5328927290,13600,141945,273,1,1,48,1,1,40,0.000,0.001,,,,,NVIDIA A100-SXM4-40GB MIG 4g.20gb (0),1,,13,"void pusch_noise_intf_est::noiseIntfEstNoDftSOfdmKernel<float, __half, float, float, (unsigned int)2, (unsigned int)1, (unsigned char)4, (unsigned char)4>(pusch_noise_intf_est::puschRxNoiseIntfEstDynDescr)"
5329569555,5760,141956,35,1,1,128,1,1,16,0.000,0.000,,,,,NVIDIA A100-SXM4-40GB MIG 4g.20gb (0),1,,13,cupy_copy__complex64_complex64
5330174700,4064,141965,1,1,1,1,1,1,18,0.000,0.000,,,,,NVIDIA A100-SXM4-40GB MIG 4g.20gb (0),1,,13,cupy_copy__float32_float32
5330179788,1856,141971,,,,,,,,,,0.000,2.155,Device,Pageable,NVIDIA A100-SXM4-40GB MIG 4g.20gb (0),1,,7,[CUDA memcpy Device-to-Host]
5330707206,16479,141982,1434,1,1,128,1,1,16,0.000,0.000,,,,,NVIDIA A100-SXM4-40GB MIG 4g.20gb (0),1,,13,cupy_copy__complex64_complex64
5331201600,5728,141989,103,1,1,128,1,1,16,0.000,0.000,,,,,NVIDIA A100-SXM4-40GB MIG 4g.20gb (0),1,,13,cupy_copy__complex64_complex64
5331669658,10336,141996,35,1,1,128,1,1,16,0.000,0.000,,,,,NVIDIA A100-SXM4-40GB MIG 4g.20gb (0),1,,13,cupy_copy__complex64_complex64
5332117845,4192,142003,1,1,1,1,1,1,18,0.000,0.000,,,,,NVIDIA A100-SXM4-40GB MIG 4g.20gb (0),1,,13,cupy_copy__float32_float32
5332238516,291069,142014,1,1,1,32,32,1,30,0.000,0.000,,,,,NVIDIA A100-SXM4-40GB MIG 4g.20gb (0),1,,13,"void convert_kernel<__half2, float2>(tensor_layout_any, T1 *, tensor_layout_any, const T2 *)"
5332582480,6592,142017,,,,,,,,,,0.094,14213.590,Pinned,Device,NVIDIA A100-SXM4-40GB MIG 4g.20gb (0),1,,13,[CUDA memcpy Host-to-Device]
5332743406,7264,142018,,,,,,,,,,1.547,212915.993,Device,,NVIDIA A100-SXM4-40GB MIG 4g.20gb (0),1,,13,[CUDA memset]
5332758126,3520,142023,,,,,,,,,,0.031,8890.881,Pinned,Device,NVIDIA A100-SXM4-40GB MIG 4g.20gb (0),1,,13,[CUDA memcpy Host-to-Device]
5332764078,10080,142024,,,,,,,,,,0.197,19504.693,Pinned,Device,NVIDIA A100-SXM4-40GB MIG 4g.20gb (0),1,,13,[CUDA memcpy Host-to-Device]
5332832877,31616,142025,273,1,1,8,4,1,39,0.002,0.000,,,,,NVIDIA A100-SXM4-40GB MIG 4g.20gb (0),1,,13,"void channel_eq::eqMmseCoefCompLowMimoKernel<float, float, float, (unsigned int)4, (unsigned int)1, (unsigned int)4>(const channel_eq::_puschRxChEqStatDescr *, channel_eq::_puschRxChEqCoefCompDynDescr)"
5332930956,16320,142026,273,1,1,12,11,1,51,0.002,0.000,,,,,NVIDIA A100-SXM4-40GB MIG 4g.20gb (0),1,,13,"void channel_eq::eqMmseSoftDemapKernel<float, __half, __half, float, (unsigned int)4, (unsigned short)16383>(channel_eq::_puschRxChEqStatDescr *, channel_eq::_puschRxChEqSoftDemapDynDescr)"
5333025899,571865,142027,1,1,1,32,32,1,30,0.000,0.000,,,,,NVIDIA A100-SXM4-40GB MIG 4g.20gb (0),1,,13,"void convert_kernel<float2, __half2>(tensor_layout_any, T1 *, tensor_layout_any, const T2 *)"
5333648196,13727,142039,2253,1,1,128,1,1,16,0.000,0.000,,,,,NVIDIA A100-SXM4-40GB MIG 4g.20gb (0),1,,13,cupy_copy__float16_float16
5333792034,4928,142048,282,1,1,128,1,1,16,0.000,0.000,,,,,NVIDIA A100-SXM4-40GB MIG 4g.20gb (0),1,,13,cupy_copy__complex64_complex64
5333921152,5056,142057,26,1,1,128,1,1,16,0.000,0.000,,,,,NVIDIA A100-SXM4-40GB MIG 4g.20gb (0),1,,13,cupy_copy__float32_float32
5334096702,8512,142066,103,1,1,128,1,1,16,0.000,0.000,,,,,NVIDIA A100-SXM4-40GB MIG 4g.20gb (0),1,,13,cupy_copy__complex64_complex64
5334496794,21120,142076,1434,1,1,128,1,1,16,0.000,0.000,,,,,NVIDIA A100-SXM4-40GB MIG 4g.20gb (0),1,,13,cupy_copy__complex64_complex64
5334685272,265533,142081,1,1,1,32,32,1,30,0.000,0.000,,,,,NVIDIA A100-SXM4-40GB MIG 4g.20gb (0),1,,13,"void convert_kernel<__half2, float2>(tensor_layout_any, T1 *, tensor_layout_any, const T2 *)"
5335018452,10208,142084,,,,,,,,,,0.094,9178.648,Pinned,Device,NVIDIA A100-SXM4-40GB MIG 4g.20gb (0),1,,13,[CUDA memcpy Host-to-Device]
5335362672,606201,142085,,,,,,,,,,456.561,752869.815,Device,,NVIDIA A100-SXM4-40GB MIG 4g.20gb (0),1,,13,[CUDA memset]
5335976041,66015,142090,,,,,,,,,,1.235,18706.932,Pinned,Device,NVIDIA A100-SXM4-40GB MIG 4g.20gb (0),1,,13,[CUDA memcpy Host-to-Device]
5336046472,13440,142091,,,,,,,,,,0.197,14628.422,Pinned,Device,NVIDIA A100-SXM4-40GB MIG 4g.20gb (0),1,,13,[CUDA memcpy Host-to-Device]
5336418564,15135,142092,69,4,1,48,1,1,76,0.002,0.000,,,,,NVIDIA A100-SXM4-40GB MIG 4g.20gb (0),1,,13,"void ch_est::windowedChEstPreNoDftSOfdmKernel<float, __half, float, (unsigned int)2, (unsigned int)1, (unsigned short)4>(ch_est::puschRxChEstStatDescr_t *, ch_est::puschRxChEstDynDescr_t *)"
5336802783,13568,142093,137,2,1,24,2,1,44,0.001,0.001,,,,,NVIDIA A100-SXM4-40GB MIG 4g.20gb (0),1,,13,"void ch_est::chEstFilterNoDftSOfdmDispatchKernel<float, __half, float, (unsigned int)2>(ch_est::puschRxChEstStatDescr_t *, ch_est::puschRxChEstDynDescr_t *)"
5337186971,16288,142094,137,2,1,24,2,1,44,0.001,0.001,,,,,NVIDIA A100-SXM4-40GB MIG 4g.20gb (0),1,,13,"void ch_est::chEstFilterNoDftSOfdmDispatchKernel<float, __half, float, (unsigned int)2>(ch_est::puschRxChEstStatDescr_t *, ch_est::puschRxChEstDynDescr_t *)"
5337500727,4832,142105,103,1,1,128,1,1,16,0.000,0.000,,,,,NVIDIA A100-SXM4-40GB MIG 4g.20gb (0),1,,13,cupy_copy__complex64_complex64
5337780564,18144,142115,1434,1,1,128,1,1,16,0.000,0.000,,,,,NVIDIA A100-SXM4-40GB MIG 4g.20gb (0),1,,13,cupy_copy__complex64_complex64
5338036241,5248,142122,103,1,1,128,1,1,16,0.000,0.000,,,,,NVIDIA A100-SXM4-40GB MIG 4g.20gb (0),1,,13,cupy_copy__complex64_complex64
5338143344,255837,142129,1,1,1,32,32,1,30,0.000,0.000,,,,,NVIDIA A100-SXM4-40GB MIG 4g.20gb (0),1,,13,"void convert_kernel<__half2, float2>(tensor_layout_any, T1 *, tensor_layout_any, const T2 *)"
5338447436,9280,142132,,,,,,,,,,0.094,10096.494,Pinned,Device,NVIDIA A100-SXM4-40GB MIG 4g.20gb (0),1,,13,[CUDA memcpy Host-to-Device]
5338517547,57984,142133,,,,,,,,,,35.810,617577.880,Device,,NVIDIA A100-SXM4-40GB MIG 4g.20gb (0),1,,13,[CUDA memset]
5338576651,5472,142135,,,,,,,,,,0.000,14.620,Pinned,Device,NVIDIA A100-SXM4-40GB MIG 4g.20gb (0),1,,13,[CUDA memcpy Host-to-Device]
5338584555,11808,142136,,,,,,,,,,0.197,16650.338,Pinned,Device,NVIDIA A100-SXM4-40GB MIG 4g.20gb (0),1,,13,[CUDA memcpy Host-to-Device]
5338657706,31615,142137,273,1,1,48,1,1,40,0.000,0.001,,,,,NVIDIA A100-SXM4-40GB MIG 4g.20gb (0),1,,13,"void pusch_noise_intf_est::noiseIntfEstNoDftSOfdmKernel<float, __half, float, float, (unsigned int)2, (unsigned int)1, (unsigned char)4, (unsigned char)4>(pusch_noise_intf_est::puschRxNoiseIntfEstDynDescr)"
5338755433,9984,142148,35,1,1,128,1,1,16,0.000,0.000,,,,,NVIDIA A100-SXM4-40GB MIG 4g.20gb (0),1,,13,cupy_copy__complex64_complex64
5338813768,2464,142157,1,1,1,1,1,1,18,0.000,0.000,,,,,NVIDIA A100-SXM4-40GB MIG 4g.20gb (0),1,,13,cupy_copy__float32_float32
5338819816,1600,142163,,,,,,,,,,0.000,2.500,Device,Pageable,NVIDIA A100-SXM4-40GB MIG 4g.20gb (0),1,,7,[CUDA memcpy Device-to-Host]
5338966790,16064,142174,1434,1,1,128,1,1,16,0.000,0.000,,,,,NVIDIA A100-SXM4-40GB MIG 4g.20gb (0),1,,13,cupy_copy__complex64_complex64
5339022310,7551,142181,103,1,1,128,1,1,16,0.000,0.000,,,,,NVIDIA A100-SXM4-40GB MIG 4g.20gb (0),1,,13,cupy_copy__complex64_complex64
5339080453,6560,142188,35,1,1,128,1,1,16,0.000,0.000,,,,,NVIDIA A100-SXM4-40GB MIG 4g.20gb (0),1,,13,cupy_copy__complex64_complex64
5339148516,2304,142195,1,1,1,1,1,1,18,0.000,0.000,,,,,NVIDIA A100-SXM4-40GB MIG 4g.20gb (0),1,,13,cupy_copy__float32_float32
5339372930,180957,142206,1,1,1,32,32,1,30,0.000,0.000,,,,,NVIDIA A100-SXM4-40GB MIG 4g.20gb (0),1,,13,"void convert_kernel<__half2, float2>(tensor_layout_any, T1 *, tensor_layout_any, const T2 *)"
5339615871,5856,142209,,,,,,,,,,0.094,15999.997,Pinned,Device,NVIDIA A100-SXM4-40GB MIG 4g.20gb (0),1,,13,[CUDA memcpy Host-to-Device]
5339683518,8672,142210,,,,,,,,,,1.547,178345.853,Device,,NVIDIA A100-SXM4-40GB MIG 4g.20gb (0),1,,13,[CUDA memset]
5339698718,3168,142215,,,,,,,,,,0.031,9878.770,Pinned,Device,NVIDIA A100-SXM4-40GB MIG 4g.20gb (0),1,,13,[CUDA memcpy Host-to-Device]
5339704318,9536,142216,,,,,,,,,,0.197,20617.298,Pinned,Device,NVIDIA A100-SXM4-40GB MIG 4g.20gb (0),1,,13,[CUDA memcpy Host-to-Device]
5339770877,23008,142217,273,1,1,8,4,1,39,0.002,0.000,,,,,NVIDIA A100-SXM4-40GB MIG 4g.20gb (0),1,,13,"void channel_eq::eqMmseCoefCompLowMimoKernel<float, float, float, (unsigned int)4, (unsigned int)1, (unsigned int)4>(const channel_eq::_puschRxChEqStatDescr *, channel_eq::_puschRxChEqCoefCompDynDescr)"
5339863964,13824,142218,273,1,1,12,11,1,51,0.002,0.000,,,,,NVIDIA A100-SXM4-40GB MIG 4g.20gb (0),1,,13,"void channel_eq::eqMmseSoftDemapKernel<float, __half, __half, float, (unsigned int)4, (unsigned short)16383>(channel_eq::_puschRxChEqStatDescr *, channel_eq::_puschRxChEqSoftDemapDynDescr)"
5339957915,815798,142219,1,1,1,32,32,1,30,0.000,0.000,,,,,NVIDIA A100-SXM4-40GB MIG 4g.20gb (0),1,,13,"void convert_kernel<float2, __half2>(tensor_layout_any, T1 *, tensor_layout_any, const T2 *)"
5341133453,19616,142231,2253,1,1,128,1,1,16,0.000,0.000,,,,,NVIDIA A100-SXM4-40GB MIG 4g.20gb (0),1,,13,cupy_copy__float16_float16
5341595272,13408,142240,282,1,1,128,1,1,16,0.000,0.000,,,,,NVIDIA A100-SXM4-40GB MIG 4g.20gb (0),1,,13,cupy_copy__complex64_complex64
5341830117,5920,142249,26,1,1,128,1,1,16,0.000,0.000,,,,,NVIDIA A100-SXM4-40GB MIG 4g.20gb (0),1,,13,cupy_copy__float32_float32
5342288512,7520,142258,103,1,1,128,1,1,16,0.000,0.000,,,,,NVIDIA A100-SXM4-40GB MIG 4g.20gb (0),1,,13,cupy_copy__complex64_complex64
5342718395,18016,142268,1434,1,1,128,1,1,16,0.000,0.000,,,,,NVIDIA A100-SXM4-40GB MIG 4g.20gb (0),1,,13,cupy_copy__complex64_complex64
5343136790,273149,142273,1,1,1,32,32,1,30,0.000,0.000,,,,,NVIDIA A100-SXM4-40GB MIG 4g.20gb (0),1,,13,"void convert_kernel<__half2, float2>(tensor_layout_any, T1 *, tensor_layout_any, const T2 *)"
5343475538,5440,142276,,,,,,,,,,0.094,17223.480,Pinned,Device,NVIDIA A100-SXM4-40GB MIG 4g.20gb (0),1,,13,[CUDA memcpy Host-to-Device]
5343641392,611705,142277,,,,,,,,,,456.561,746021.393,Device,,NVIDIA A100-SXM4-40GB MIG 4g.20gb (0),1,,13,[CUDA memset]
5344256297,56128,142282,,,,,,,,,,1.235,22001.762,Pinned,Device,NVIDIA A100-SXM4-40GB MIG 4g.20gb (0),1,,13,[CUDA memcpy Host-to-Device]
5344315145,11903,142283,,,,,,,,,,0.197,16517.431,Pinned,Device,NVIDIA A100-SXM4-40GB MIG 4g.20gb (0),1,,13,[CUDA memcpy Host-to-Device]
5344709316,12288,142284,69,4,1,48,1,1,76,0.002,0.000,,,,,NVIDIA A100-SXM4-40GB MIG 4g.20gb (0),1,,13,"void ch_est::windowedChEstPreNoDftSOfdmKernel<float, __half, float, (unsigned int)2, (unsigned int)1, (unsigned short)4>(ch_est::puschRxChEstStatDescr_t *, ch_est::puschRxChEstDynDescr_t *)"
5345168703,11296,142285,137,2,1,24,2,1,44,0.001,0.001,,,,,NVIDIA A100-SXM4-40GB MIG 4g.20gb (0),1,,13,"void ch_est::chEstFilterNoDftSOfdmDispatchKernel<float, __half, float, (unsigned int)2>(ch_est::puschRxChEstStatDescr_t *, ch_est::puschRxChEstDynDescr_t *)"
5345625177,19456,142286,137,2,1,24,2,1,44,0.001,0.001,,,,,NVIDIA A100-SXM4-40GB MIG 4g.20gb (0),1,,13,"void ch_est::chEstFilterNoDftSOfdmDispatchKernel<float, __half, float, (unsigned int)2>(ch_est::puschRxChEstStatDescr_t *, ch_est::puschRxChEstDynDescr_t *)"
5345719992,4992,142297,103,1,1,128,1,1,16,0.000,0.000,,,,,NVIDIA A100-SXM4-40GB MIG 4g.20gb (0),1,,13,cupy_copy__complex64_complex64
5345787384,16415,142307,1434,1,1,128,1,1,16,0.000,0.000,,,,,NVIDIA A100-SXM4-40GB MIG 4g.20gb (0),1,,13,cupy_copy__complex64_complex64
5345843255,7456,142314,103,1,1,128,1,1,16,0.000,0.000,,,,,NVIDIA A100-SXM4-40GB MIG 4g.20gb (0),1,,13,cupy_copy__complex64_complex64
5345902646,145055,142321,1,1,1,32,32,1,30,0.000,0.000,,,,,NVIDIA A100-SXM4-40GB MIG 4g.20gb (0),1,,13,"void convert_kernel<__half2, float2>(tensor_layout_any, T1 *, tensor_layout_any, const T2 *)"
5346079220,8480,142324,,,,,,,,,,0.094,11049.007,Pinned,Device,NVIDIA A100-SXM4-40GB MIG 4g.20gb (0),1,,13,[CUDA memcpy Host-to-Device]
5346160339,55872,142325,,,,,,,,,,35.810,640925.948,Device,,NVIDIA A100-SXM4-40GB MIG 4g.20gb (0),1,,13,[CUDA memset]
5346220883,4735,142327,,,,,,,,,,0.000,16.895,Pinned,Device,NVIDIA A100-SXM4-40GB MIG 4g.20gb (0),1,,13,[CUDA memcpy Host-to-Device]
5346228050,10048,142328,,,,,,,,,,0.197,19566.821,Pinned,Device,NVIDIA A100-SXM4-40GB MIG 4g.20gb (0),1,,13,[CUDA memcpy Host-to-Device]
5346304178,27647,142329,273,1,1,48,1,1,40,0.000,0.001,,,,,NVIDIA A100-SXM4-40GB MIG 4g.20gb (0),1,,13,"void pusch_noise_intf_est::noiseIntfEstNoDftSOfdmKernel<float, __half, float, float, (unsigned int)2, (unsigned int)1, (unsigned char)4, (unsigned char)4>(pusch_noise_intf_est::puschRxNoiseIntfEstDynDescr)"
5346396688,8704,142340,35,1,1,128,1,1,16,0.000,0.000,,,,,NVIDIA A100-SXM4-40GB MIG 4g.20gb (0),1,,13,cupy_copy__complex64_complex64
5346464464,2336,142349,1,1,1,1,1,1,18,0.000,0.000,,,,,NVIDIA A100-SXM4-40GB MIG 4g.20gb (0),1,,13,cupy_copy__float32_float32
5346472400,1856,142355,,,,,,,,,,0.000,2.155,Device,Pageable,NVIDIA A100-SXM4-40GB MIG 4g.20gb (0),1,,7,[CUDA memcpy Device-to-Host]
5346598190,18688,142366,1434,1,1,128,1,1,16,0.000,0.000,,,,,NVIDIA A100-SXM4-40GB MIG 4g.20gb (0),1,,13,cupy_copy__complex64_complex64
5346665037,4832,142373,103,1,1,128,1,1,16,0.000,0.000,,,,,NVIDIA A100-SXM4-40GB MIG 4g.20gb (0),1,,13,cupy_copy__complex64_complex64
5346732525,5920,142380,35,1,1,128,1,1,16,0.000,0.000,,,,,NVIDIA A100-SXM4-40GB MIG 4g.20gb (0),1,,13,cupy_copy__complex64_complex64
5346780972,5024,142387,1,1,1,1,1,1,18,0.000,0.000,,,,,NVIDIA A100-SXM4-40GB MIG 4g.20gb (0),1,,13,cupy_copy__float32_float32
5346839915,219262,142398,1,1,1,32,32,1,30,0.000,0.000,,,,,NVIDIA A100-SXM4-40GB MIG 4g.20gb (0),1,,13,"void convert_kernel<__half2, float2>(tensor_layout_any, T1 *, tensor_layout_any, const T2 *)"
5347418725,7904,142401,,,,,,,,,,0.094,11854.231,Pinned,Device,NVIDIA A100-SXM4-40GB MIG 4g.20gb (0),1,,13,[CUDA memcpy Host-to-Device]
5347693922,7199,142402,,,,,,,,,,1.547,214838.447,Device,,NVIDIA A100-SXM4-40GB MIG 4g.20gb (0),1,,13,[CUDA memset]
5347706433,3808,142407,,,,,,,,,,0.031,8218.486,Pinned,Device,NVIDIA A100-SXM4-40GB MIG 4g.20gb (0),1,,13,[CUDA memcpy Host-to-Device]
5347712705,12512,142408,,,,,,,,,,0.197,15713.501,Pinned,Device,NVIDIA A100-SXM4-40GB MIG 4g.20gb (0),1,,13,[CUDA memcpy Host-to-Device]
5347975998,36224,142409,273,1,1,8,4,1,39,0.002,0.000,,,,,NVIDIA A100-SXM4-40GB MIG 4g.20gb (0),1,,13,"void channel_eq::eqMmseCoefCompLowMimoKernel<float, float, float, (unsigned int)4, (unsigned int)1, (unsigned int)4>(const channel_eq::_puschRxChEqStatDescr *, channel_eq::_puschRxChEqCoefCompDynDescr)"
5348275419,12512,142410,273,1,1,12,11,1,51,0.002,0.000,,,,,NVIDIA A100-SXM4-40GB MIG 4g.20gb (0),1,,13,"void channel_eq::eqMmseSoftDemapKernel<float, __half, __half, float, (unsigned int)4, (unsigned short)16383>(channel_eq::_puschRxChEqStatDescr *, channel_eq::_puschRxChEqSoftDemapDynDescr)"
5348623639,681432,142411,1,1,1,32,32,1,30,0.000,0.000,,,,,NVIDIA A100-SXM4-40GB MIG 4g.20gb (0),1,,13,"void convert_kernel<float2, __half2>(tensor_layout_any, T1 *, tensor_layout_any, const T2 *)"
5349529900,15232,142423,2253,1,1,128,1,1,16,0.000,0.000,,,,,NVIDIA A100-SXM4-40GB MIG 4g.20gb (0),1,,13,cupy_copy__float16_float16
5349814889,6592,142432,282,1,1,128,1,1,16,0.000,0.000,,,,,NVIDIA A100-SXM4-40GB MIG 4g.20gb (0),1,,13,cupy_copy__complex64_complex64
5350056134,7360,142441,26,1,1,128,1,1,16,0.000,0.000,,,,,NVIDIA A100-SXM4-40GB MIG 4g.20gb (0),1,,13,cupy_copy__float32_float32
5350299651,10368,142450,103,1,1,128,1,1,16,0.000,0.000,,,,,NVIDIA A100-SXM4-40GB MIG 4g.20gb (0),1,,13,cupy_copy__complex64_complex64
5350369667,18015,142460,1434,1,1,128,1,1,16,0.000,0.000,,,,,NVIDIA A100-SXM4-40GB MIG 4g.20gb (0),1,,13,cupy_copy__complex64_complex64
5350431682,140222,142465,1,1,1,32,32,1,30,0.000,0.000,,,,,NVIDIA A100-SXM4-40GB MIG 4g.20gb (0),1,,13,"void convert_kernel<__half2, float2>(tensor_layout_any, T1 *, tensor_layout_any, const T2 *)"
5350603712,5504,142468,,,,,,,,,,0.094,17023.251,Pinned,Device,NVIDIA A100-SXM4-40GB MIG 4g.20gb (0),1,,13,[CUDA memcpy Host-to-Device]
5350655519,616121,142469,,,,,,,,,,456.561,740999.217,Device,,NVIDIA A100-SXM4-40GB MIG 4g.20gb (0),1,,13,[CUDA memset]
5351275896,63039,142474,,,,,,,,,,1.235,19589.917,Pinned,Device,NVIDIA A100-SXM4-40GB MIG 4g.20gb (0),1,,13,[CUDA memcpy Host-to-Device]
5351341559,11840,142475,,,,,,,,,,0.197,16605.315,Pinned,Device,NVIDIA A100-SXM4-40GB MIG 4g.20gb (0),1,,13,[CUDA memcpy Host-to-Device]
5351424982,11456,142476,69,4,1,48,1,1,76,0.002,0.000,,,,,NVIDIA A100-SXM4-40GB MIG 4g.20gb (0),1,,13,"void ch_est::windowedChEstPreNoDftSOfdmKernel<float, __half, float, (unsigned int)2, (unsigned int)1, (unsigned short)4>(ch_est::puschRxChEstStatDescr_t *, ch_est::puschRxChEstDynDescr_t *)"
5351477046,28640,142477,137,2,1,24,2,1,44,0.001,0.001,,,,,NVIDIA A100-SXM4-40GB MIG 4g.20gb (0),1,,13,"void ch_est::chEstFilterNoDftSOfdmDispatchKernel<float, __half, float, (unsigned int)2>(ch_est::puschRxChEstStatDescr_t *, ch_est::puschRxChEstDynDescr_t *)"
5351544757,16128,142478,137,2,1,24,2,1,44,0.001,0.001,,,,,NVIDIA A100-SXM4-40GB MIG 4g.20gb (0),1,,13,"void ch_est::chEstFilterNoDftSOfdmDispatchKernel<float, __half, float, (unsigned int)2>(ch_est::puschRxChEstStatDescr_t *, ch_est::puschRxChEstDynDescr_t *)"
5351621076,4928,142489,103,1,1,128,1,1,16,0.000,0.000,,,,,NVIDIA A100-SXM4-40GB MIG 4g.20gb (0),1,,13,cupy_copy__complex64_complex64
5351669396,17919,142499,1434,1,1,128,1,1,16,0.000,0.000,,,,,NVIDIA A100-SXM4-40GB MIG 4g.20gb (0),1,,13,cupy_copy__complex64_complex64
5351735731,4768,142506,103,1,1,128,1,1,16,0.000,0.000,,,,,NVIDIA A100-SXM4-40GB MIG 4g.20gb (0),1,,13,cupy_copy__complex64_complex64
5351803602,210782,142513,1,1,1,32,32,1,30,0.000,0.000,,,,,NVIDIA A100-SXM4-40GB MIG 4g.20gb (0),1,,13,"void convert_kernel<__half2, float2>(tensor_layout_any, T1 *, tensor_layout_any, const T2 *)"
5352045007,6208,142516,,,,,,,,,,0.094,15092.739,Pinned,Device,NVIDIA A100-SXM4-40GB MIG 4g.20gb (0),1,,13,[CUDA memcpy Host-to-Device]
5352390187,49312,142517,,,,,,,,,,35.810,726189.368,Device,,NVIDIA A100-SXM4-40GB MIG 4g.20gb (0),1,,13,[CUDA memset]
5352444299,1920,142519,,,,,,,,,,0.000,41.667,Pinned,Device,NVIDIA A100-SXM4-40GB MIG 4g.20gb (0),1,,13,[CUDA memcpy Host-to-Device]
5352448651,10016,142520,,,,,,,,,,0.197,19629.343,Pinned,Device,NVIDIA A100-SXM4-40GB MIG 4g.20gb (0),1,,13,[CUDA memcpy Host-to-Device]
5352806919,28511,142521,273,1,1,48,1,1,40,0.000,0.001,,,,,NVIDIA A100-SXM4-40GB MIG 4g.20gb (0),1,,13,"void pusch_noise_intf_est::noiseIntfEstNoDftSOfdmKernel<float, __half, float, float, (unsigned int)2, (unsigned int)1, (unsigned char)4, (unsigned char)4>(pusch_noise_intf_est::puschRxNoiseIntfEstDynDescr)"
5353166082,6912,142532,35,1,1,128,1,1,16,0.000,0.000,,,,,NVIDIA A100-SXM4-40GB MIG 4g.20gb (0),1,,13,cupy_copy__complex64_complex64
5353484799,4256,142541,1,1,1,1,1,1,18,0.000,0.000,,,,,NVIDIA A100-SXM4-40GB MIG 4g.20gb (0),1,,13,cupy_copy__float32_float32
5353490463,6336,142547,,,,,,,,,,0.000,0.631,Device,Pageable,NVIDIA A100-SXM4-40GB MIG 4g.20gb (0),1,,7,[CUDA memcpy Device-to-Host]
5353907674,18784,142558,1434,1,1,128,1,1,16,0.000,0.000,,,,,NVIDIA A100-SXM4-40GB MIG 4g.20gb (0),1,,13,cupy_copy__complex64_complex64
5354241686,4960,142565,103,1,1,128,1,1,16,0.000,0.000,,,,,NVIDIA A100-SXM4-40GB MIG 4g.20gb (0),1,,13,cupy_copy__complex64_complex64
5354560914,14144,142572,35,1,1,128,1,1,16,0.000,0.000,,,,,NVIDIA A100-SXM4-40GB MIG 4g.20gb (0),1,,13,cupy_copy__complex64_complex64
5354665809,3296,142579,1,1,1,1,1,1,18,0.000,0.000,,,,,NVIDIA A100-SXM4-40GB MIG 4g.20gb (0),1,,13,cupy_copy__float32_float32
5354988365,300381,142590,1,1,1,32,32,1,30,0.000,0.000,,,,,NVIDIA A100-SXM4-40GB MIG 4g.20gb (0),1,,13,"void convert_kernel<__half2, float2>(tensor_layout_any, T1 *, tensor_layout_any, const T2 *)"
5355890147,8480,142593,,,,,,,,,,0.094,11049.007,Pinned,Device,NVIDIA A100-SXM4-40GB MIG 4g.20gb (0),1,,13,[CUDA memcpy Host-to-Device]
5355959394,7680,142594,,,,,,,,,,1.547,201382.818,Device,,NVIDIA A100-SXM4-40GB MIG 4g.20gb (0),1,,13,[CUDA memset]
5355969538,3040,142599,,,,,,,,,,0.031,10294.725,Pinned,Device,NVIDIA A100-SXM4-40GB MIG 4g.20gb (0),1,,13,[CUDA memcpy Host-to-Device]
5355974978,12928,142600,,,,,,,,,,0.197,15207.825,Pinned,Device,NVIDIA A100-SXM4-40GB MIG 4g.20gb (0),1,,13,[CUDA memcpy Host-to-Device]
5356045697,26816,142601,273,1,1,8,4,1,39,0.002,0.000,,,,,NVIDIA A100-SXM4-40GB MIG 4g.20gb (0),1,,13,"void channel_eq::eqMmseCoefCompLowMimoKernel<float, float, float, (unsigned int)4, (unsigned int)1, (unsigned int)4>(const channel_eq::_puschRxChEqStatDescr *, channel_eq::_puschRxChEqCoefCompDynDescr)"
5356139520,27552,142602,273,1,1,12,11,1,51,0.002,0.000,,,,,NVIDIA A100-SXM4-40GB MIG 4g.20gb (0),1,,13,"void channel_eq::eqMmseSoftDemapKernel<float, __half, __half, float, (unsigned int)4, (unsigned short)16383>(channel_eq::_puschRxChEqStatDescr *, channel_eq::_puschRxChEqSoftDemapDynDescr)"
5356242623,349084,142603,1,1,1,32,32,1,30,0.000,0.000,,,,,NVIDIA A100-SXM4-40GB MIG 4g.20gb (0),1,,13,"void convert_kernel<float2, __half2>(tensor_layout_any, T1 *, tensor_layout_any, const T2 *)"
5356642714,13312,142615,2253,1,1,128,1,1,16,0.000,0.000,,,,,NVIDIA A100-SXM4-40GB MIG 4g.20gb (0),1,,13,cupy_copy__float16_float16
5356741689,5472,142624,282,1,1,128,1,1,16,0.000,0.000,,,,,NVIDIA A100-SXM4-40GB MIG 4g.20gb (0),1,,13,cupy_copy__complex64_complex64
5356809592,3008,142633,26,1,1,128,1,1,16,0.000,0.000,,,,,NVIDIA A100-SXM4-40GB MIG 4g.20gb (0),1,,13,cupy_copy__float32_float32
5356857304,12032,142642,103,1,1,128,1,1,16,0.000,0.000,,,,,NVIDIA A100-SXM4-40GB MIG 4g.20gb (0),1,,13,cupy_copy__complex64_complex64
5356919447,16064,142652,1434,1,1,128,1,1,16,0.000,0.000,,,,,NVIDIA A100-SXM4-40GB MIG 4g.20gb (0),1,,13,cupy_copy__complex64_complex64
5356994934,118111,142657,1,1,1,32,32,1,30,0.000,0.000,,,,,NVIDIA A100-SXM4-40GB MIG 4g.20gb (0),1,,13,"void convert_kernel<__half2, float2>(tensor_layout_any, T1 *, tensor_layout_any, const T2 *)"
5357152756,5888,142660,,,,,,,,,,0.094,15912.954,Pinned,Device,NVIDIA A100-SXM4-40GB MIG 4g.20gb (0),1,,13,[CUDA memcpy Host-to-Device]
5357215220,619224,142661,,,,,,,,,,456.561,736890.164,Device,,NVIDIA A100-SXM4-40GB MIG 4g.20gb (0),1,,13,[CUDA memset]
5357842764,54048,142666,,,,,,,,,,1.235,22848.934,Pinned,Device,NVIDIA A100-SXM4-40GB MIG 4g.20gb (0),1,,13,[CUDA memcpy Host-to-Device]
5357899820,12384,142667,,,,,,,,,,0.197,15875.899,Pinned,Device,NVIDIA A100-SXM4-40GB MIG 4g.20gb (0),1,,13,[CUDA memcpy Host-to-Device]
5357972299,12384,142668,69,4,1,48,1,1,76,0.002,0.000,,,,,NVIDIA A100-SXM4-40GB MIG 4g.20gb (0),1,,13,"void ch_est::windowedChEstPreNoDftSOfdmKernel<float, __half, float, (unsigned int)2, (unsigned int)1, (unsigned short)4>(ch_est::puschRxChEstStatDescr_t *, ch_est::puschRxChEstDynDescr_t *)"
5358070474,18912,142669,137,2,1,24,2,1,44,0.001,0.001,,,,,NVIDIA A100-SXM4-40GB MIG 4g.20gb (0),1,,13,"void ch_est::chEstFilterNoDftSOfdmDispatchKernel<float, __half, float, (unsigned int)2>(ch_est::puschRxChEstStatDescr_t *, ch_est::puschRxChEstDynDescr_t *)"
5358165385,15487,142670,137,2,1,24,2,1,44,0.001,0.001,,,,,NVIDIA A100-SXM4-40GB MIG 4g.20gb (0),1,,13,"void ch_est::chEstFilterNoDftSOfdmDispatchKernel<float, __half, float, (unsigned int)2>(ch_est::puschRxChEstStatDescr_t *, ch_est::puschRxChEstDynDescr_t *)"
5358260360,4512,142681,103,1,1,128,1,1,16,0.000,0.000,,,,,NVIDIA A100-SXM4-40GB MIG 4g.20gb (0),1,,13,cupy_copy__complex64_complex64
5358327623,16064,142691,1434,1,1,128,1,1,16,0.000,0.000,,,,,NVIDIA A100-SXM4-40GB MIG 4g.20gb (0),1,,13,cupy_copy__complex64_complex64
5358442021,5344,142698,103,1,1,128,1,1,16,0.000,0.000,,,,,NVIDIA A100-SXM4-40GB MIG 4g.20gb (0),1,,13,cupy_copy__complex64_complex64
5358496549,212861,142705,1,1,1,32,32,1,30,0.000,0.000,,,,,NVIDIA A100-SXM4-40GB MIG 4g.20gb (0),1,,13,"void convert_kernel<__half2, float2>(tensor_layout_any, T1 *, tensor_layout_any, const T2 *)"
5358739778,6048,142708,,,,,,,,,,0.094,15491.978,Pinned,Device,NVIDIA A100-SXM4-40GB MIG 4g.20gb (0),1,,13,[CUDA memcpy Host-to-Device]
5358859841,51263,142709,,,,,,,,,,35.810,698544.109,Device,,NVIDIA A100-SXM4-40GB MIG 4g.20gb (0),1,,13,[CUDA memset]
5358912384,1824,142711,,,,,,,,,,0.000,43.860,Pinned,Device,NVIDIA A100-SXM4-40GB MIG 4g.20gb (0),1,,13,[CUDA memcpy Host-to-Device]
5358916608,9472,142712,,,,,,,,,,0.197,20756.693,Pinned,Device,NVIDIA A100-SXM4-40GB MIG 4g.20gb (0),1,,13,[CUDA memcpy Host-to-Device]
5359111902,16512,142713,273,1,1,48,1,1,40,0.000,0.001,,,,,NVIDIA A100-SXM4-40GB MIG 4g.20gb (0),1,,13,"void pusch_noise_intf_est::noiseIntfEstNoDftSOfdmKernel<float, __half, float, float, (unsigned int)2, (unsigned int)1, (unsigned char)4, (unsigned char)4>(pusch_noise_intf_est::puschRxNoiseIntfEstDynDescr)"
5359168957,7264,142724,35,1,1,128,1,1,16,0.000,0.000,,,,,NVIDIA A100-SXM4-40GB MIG 4g.20gb (0),1,,13,cupy_copy__complex64_complex64
5359358811,3040,142733,1,1,1,1,1,1,18,0.000,0.000,,,,,NVIDIA A100-SXM4-40GB MIG 4g.20gb (0),1,,13,cupy_copy__float32_float32
5359363099,1568,142739,,,,,,,,,,0.000,2.551,Device,Pageable,NVIDIA A100-SXM4-40GB MIG 4g.20gb (0),1,,7,[CUDA memcpy Device-to-Host]
5359581592,16768,142750,1434,1,1,128,1,1,16,0.000,0.000,,,,,NVIDIA A100-SXM4-40GB MIG 4g.20gb (0),1,,13,cupy_copy__complex64_complex64
5359790358,4832,142757,103,1,1,128,1,1,16,0.000,0.000,,,,,NVIDIA A100-SXM4-40GB MIG 4g.20gb (0),1,,13,cupy_copy__complex64_complex64
5359932788,21984,142764,35,1,1,128,1,1,16,0.000,0.000,,,,,NVIDIA A100-SXM4-40GB MIG 4g.20gb (0),1,,13,cupy_copy__complex64_complex64
5360066579,5600,142771,1,1,1,1,1,1,18,0.000,0.000,,,,,NVIDIA A100-SXM4-40GB MIG 4g.20gb (0),1,,13,cupy_copy__float32_float32
5360282000,292029,142782,1,1,1,32,32,1,30,0.000,0.000,,,,,NVIDIA A100-SXM4-40GB MIG 4g.20gb (0),1,,13,"void convert_kernel<__half2, float2>(tensor_layout_any, T1 *, tensor_layout_any, const T2 *)"
5360606220,14592,142785,,,,,,,,,,0.094,6420.987,Pinned,Device,NVIDIA A100-SXM4-40GB MIG 4g.20gb (0),1,,13,[CUDA memcpy Host-to-Device]
5360715435,7680,142786,,,,,,,,,,1.547,201382.818,Device,,NVIDIA A100-SXM4-40GB MIG 4g.20gb (0),1,,13,[CUDA memset]
5360728043,9344,142791,,,,,,,,,,0.031,3349.298,Pinned,Device,NVIDIA A100-SXM4-40GB MIG 4g.20gb (0),1,,13,[CUDA memcpy Host-to-Device]
5360739947,10528,142792,,,,,,,,,,0.197,18674.614,Pinned,Device,NVIDIA A100-SXM4-40GB MIG 4g.20gb (0),1,,13,[CUDA memcpy Host-to-Device]
5360933417,13984,142793,273,1,1,8,4,1,39,0.002,0.000,,,,,NVIDIA A100-SXM4-40GB MIG 4g.20gb (0),1,,13,"void channel_eq::eqMmseCoefCompLowMimoKernel<float, float, float, (unsigned int)4, (unsigned int)1, (unsigned int)4>(const channel_eq::_puschRxChEqStatDescr *, channel_eq::_puschRxChEqCoefCompDynDescr)"
5360996872,9248,142794,273,1,1,12,11,1,51,0.002,0.000,,,,,NVIDIA A100-SXM4-40GB MIG 4g.20gb (0),1,,13,"void channel_eq::eqMmseSoftDemapKernel<float, __half, __half, float, (unsigned int)4, (unsigned short)16383>(channel_eq::_puschRxChEqStatDescr *, channel_eq::_puschRxChEqSoftDemapDynDescr)"
5361062119,365820,142795,1,1,1,32,32,1,30,0.000,0.000,,,,,NVIDIA A100-SXM4-40GB MIG 4g.20gb (0),1,,13,"void convert_kernel<float2, __half2>(tensor_layout_any, T1 *, tensor_layout_any, const T2 *)"
5361463299,12767,142807,2253,1,1,128,1,1,16,0.000,0.000,,,,,NVIDIA A100-SXM4-40GB MIG 4g.20gb (0),1,,13,cupy_copy__float16_float16
5361530626,3840,142816,282,1,1,128,1,1,16,0.000,0.000,,,,,NVIDIA A100-SXM4-40GB MIG 4g.20gb (0),1,,13,cupy_copy__complex64_complex64
5361578753,4032,142825,26,1,1,128,1,1,16,0.000,0.000,,,,,NVIDIA A100-SXM4-40GB MIG 4g.20gb (0),1,,13,cupy_copy__float32_float32
5361604897,8960,142834,103,1,1,128,1,1,16,0.000,0.000,,,,,NVIDIA A100-SXM4-40GB MIG 4g.20gb (0),1,,13,cupy_copy__complex64_complex64
5361652000,14720,142844,1434,1,1,128,1,1,16,0.000,0.000,,,,,NVIDIA A100-SXM4-40GB MIG 4g.20gb (0),1,,13,cupy_copy__complex64_complex64
5361721120,136958,142849,1,1,1,32,32,1,30,0.000,0.000,,,,,NVIDIA A100-SXM4-40GB MIG 4g.20gb (0),1,,13,"void convert_kernel<__half2, float2>(tensor_layout_any, T1 *, tensor_layout_any, const T2 *)"
5361888638,6240,142852,,,,,,,,,,0.094,15015.346,Pinned,Device,NVIDIA A100-SXM4-40GB MIG 4g.20gb (0),1,,13,[CUDA memcpy Host-to-Device]
5361914237,611193,142853,,,,,,,,,,456.561,746934.516,Device,,NVIDIA A100-SXM4-40GB MIG 4g.20gb (0),1,,13,[CUDA memset]
5362531606,72991,142858,,,,,,,,,,1.235,16918.733,Pinned,Device,NVIDIA A100-SXM4-40GB MIG 4g.20gb (0),1,,13,[CUDA memcpy Host-to-Device]
5362613973,18304,142859,,,,,,,,,,0.197,10741.088,Pinned,Device,NVIDIA A100-SXM4-40GB MIG 4g.20gb (0),1,,13,[CUDA memcpy Host-to-Device]
5362708340,16928,142860,69,4,1,48,1,1,76,0.002,0.000,,,,,NVIDIA A100-SXM4-40GB MIG 4g.20gb (0),1,,13,"void ch_est::windowedChEstPreNoDftSOfdmKernel<float, __half, float, (unsigned int)2, (unsigned int)1, (unsigned short)4>(ch_est::puschRxChEstStatDescr_t *, ch_est::puschRxChEstDynDescr_t *)"
5362994033,15584,142861,137,2,1,24,2,1,44,0.001,0.001,,,,,NVIDIA A100-SXM4-40GB MIG 4g.20gb (0),1,,13,"void ch_est::chEstFilterNoDftSOfdmDispatchKernel<float, __half, float, (unsigned int)2>(ch_est::puschRxChEstStatDescr_t *, ch_est::puschRxChEstDynDescr_t *)"
5363270862,15680,142862,137,2,1,24,2,1,44,0.001,0.001,,,,,NVIDIA A100-SXM4-40GB MIG 4g.20gb (0),1,,13,"void ch_est::chEstFilterNoDftSOfdmDispatchKernel<float, __half, float, (unsigned int)2>(ch_est::puschRxChEstStatDescr_t *, ch_est::puschRxChEstDynDescr_t *)"
5363537931,5184,142873,103,1,1,128,1,1,16,0.000,0.000,,,,,NVIDIA A100-SXM4-40GB MIG 4g.20gb (0),1,,13,cupy_copy__complex64_complex64
5363586762,18592,142883,1434,1,1,128,1,1,16,0.000,0.000,,,,,NVIDIA A100-SXM4-40GB MIG 4g.20gb (0),1,,13,cupy_copy__complex64_complex64
5363863623,8224,142890,103,1,1,128,1,1,16,0.000,0.000,,,,,NVIDIA A100-SXM4-40GB MIG 4g.20gb (0),1,,13,cupy_copy__complex64_complex64
5364118564,301436,142897,1,1,1,32,32,1,30,0.000,0.000,,,,,NVIDIA A100-SXM4-40GB MIG 4g.20gb (0),1,,13,"void convert_kernel<__half2, float2>(tensor_layout_any, T1 *, tensor_layout_any, const T2 *)"
5364454400,6272,142900,,,,,,,,,,0.094,14938.703,Pinned,Device,NVIDIA A100-SXM4-40GB MIG 4g.20gb (0),1,,13,[CUDA memcpy Host-to-Device]
5364662718,60639,142901,,,,,,,,,,35.810,590541.391,Device,,NVIDIA A100-SXM4-40GB MIG 4g.20gb (0),1,,13,[CUDA memset]
5364731133,5376,142903,,,,,,,,,,0.000,14.881,Pinned,Device,NVIDIA A100-SXM4-40GB MIG 4g.20gb (0),1,,13,[CUDA memcpy Host-to-Device]
5364738941,15680,142904,,,,,,,,,,0.197,12538.675,Pinned,Device,NVIDIA A100-SXM4-40GB MIG 4g.20gb (0),1,,13,[CUDA memcpy Host-to-Device]
5364992730,22368,142905,273,1,1,48,1,1,40,0.000,0.001,,,,,NVIDIA A100-SXM4-40GB MIG 4g.20gb (0),1,,13,"void pusch_noise_intf_est::noiseIntfEstNoDftSOfdmKernel<float, __half, float, float, (unsigned int)2, (unsigned int)1, (unsigned char)4, (unsigned char)4>(pusch_noise_intf_est::puschRxNoiseIntfEstDynDescr)"
5365262679,6688,142916,35,1,1,128,1,1,16,0.000,0.000,,,,,NVIDIA A100-SXM4-40GB MIG 4g.20gb (0),1,,13,cupy_copy__complex64_complex64
5365514164,3584,142925,1,1,1,1,1,1,18,0.000,0.000,,,,,NVIDIA A100-SXM4-40GB MIG 4g.20gb (0),1,,13,cupy_copy__float32_float32
5365518356,5344,142931,,,,,,,,,,0.000,0.749,Device,Pageable,NVIDIA A100-SXM4-40GB MIG 4g.20gb (0),1,,7,[CUDA memcpy Device-to-Host]
5365603859,15968,142942,1434,1,1,128,1,1,16,0.000,0.000,,,,,NVIDIA A100-SXM4-40GB MIG 4g.20gb (0),1,,13,cupy_copy__complex64_complex64
5365657874,5088,142949,103,1,1,128,1,1,16,0.000,0.000,,,,,NVIDIA A100-SXM4-40GB MIG 4g.20gb (0),1,,13,cupy_copy__complex64_complex64
5365706770,4960,142956,35,1,1,128,1,1,16,0.000,0.000,,,,,NVIDIA A100-SXM4-40GB MIG 4g.20gb (0),1,,13,cupy_copy__complex64_complex64
5365732273,2848,142963,1,1,1,1,1,1,18,0.000,0.000,,,,,NVIDIA A100-SXM4-40GB MIG 4g.20gb (0),1,,13,cupy_copy__float32_float32
5365837904,182686,142974,1,1,1,32,32,1,30,0.000,0.000,,,,,NVIDIA A100-SXM4-40GB MIG 4g.20gb (0),1,,13,"void convert_kernel<__half2, float2>(tensor_layout_any, T1 *, tensor_layout_any, const T2 *)"
5366051054,5440,142977,,,,,,,,,,0.094,17223.480,Pinned,Device,NVIDIA A100-SXM4-40GB MIG 4g.20gb (0),1,,13,[CUDA memcpy Host-to-Device]
5366090573,7808,142978,,,,,,,,,,1.547,198080.776,Device,,NVIDIA A100-SXM4-40GB MIG 4g.20gb (0),1,,13,[CUDA memset]
5366102477,3392,142983,,,,,,,,,,0.031,9226.405,Pinned,Device,NVIDIA A100-SXM4-40GB MIG 4g.20gb (0),1,,13,[CUDA memcpy Host-to-Device]
5366108365,9984,142984,,,,,,,,,,0.197,19692.257,Pinned,Device,NVIDIA A100-SXM4-40GB MIG 4g.20gb (0),1,,13,[CUDA memcpy Host-to-Device]
5366152620,13792,142985,273,1,1,8,4,1,39,0.002,0.000,,,,,NVIDIA A100-SXM4-40GB MIG 4g.20gb (0),1,,13,"void channel_eq::eqMmseCoefCompLowMimoKernel<float, float, float, (unsigned int)4, (unsigned int)1, (unsigned int)4>(const channel_eq::_puschRxChEqStatDescr *, channel_eq::_puschRxChEqCoefCompDynDescr)"
5366213548,14176,142986,273,1,1,12,11,1,51,0.002,0.000,,,,,NVIDIA A100-SXM4-40GB MIG 4g.20gb (0),1,,13,"void channel_eq::eqMmseSoftDemapKernel<float, __half, __half, float, (unsigned int)4, (unsigned short)16383>(channel_eq::_puschRxChEqStatDescr *, channel_eq::_puschRxChEqSoftDemapDynDescr)"
5366283051,595641,142987,1,1,1,32,32,1,30,0.000,0.000,,,,,NVIDIA A100-SXM4-40GB MIG 4g.20gb (0),1,,13,"void convert_kernel<float2, __half2>(tensor_layout_any, T1 *, tensor_layout_any, const T2 *)"
5367160673,16928,142999,2253,1,1,128,1,1,16,0.000,0.000,,,,,NVIDIA A100-SXM4-40GB MIG 4g.20gb (0),1,,13,cupy_copy__float16_float16
5367462237,8192,143008,282,1,1,128,1,1,16,0.000,0.000,,,,,NVIDIA A100-SXM4-40GB MIG 4g.20gb (0),1,,13,cupy_copy__complex64_complex64
5367527709,3456,143017,26,1,1,128,1,1,16,0.000,0.000,,,,,NVIDIA A100-SXM4-40GB MIG 4g.20gb (0),1,,13,cupy_copy__float32_float32
5367805849,9280,143026,103,1,1,128,1,1,16,0.000,0.000,,,,,NVIDIA A100-SXM4-40GB MIG 4g.20gb (0),1,,13,cupy_copy__complex64_complex64
5368067542,15744,143036,1434,1,1,128,1,1,16,0.000,0.000,,,,,NVIDIA A100-SXM4-40GB MIG 4g.20gb (0),1,,13,cupy_copy__complex64_complex64
5368347635,278365,143041,1,1,1,32,32,1,30,0.000,0.000,,,,,NVIDIA A100-SXM4-40GB MIG 4g.20gb (0),1,,13,"void convert_kernel<__half2, float2>(tensor_layout_any, T1 *, tensor_layout_any, const T2 *)"
5368656816,9119,143044,,,,,,,,,,0.094,10274.797,Pinned,Device,NVIDIA A100-SXM4-40GB MIG 4g.20gb (0),1,,13,[CUDA memcpy Host-to-Device]
5368718191,615001,143045,,,,,,,,,,456.561,742368.901,Device,,NVIDIA A100-SXM4-40GB MIG 4g.20gb (0),1,,13,[CUDA memset]
5369336776,65119,143050,,,,,,,,,,1.235,18963.800,Pinned,Device,NVIDIA A100-SXM4-40GB MIG 4g.20gb (0),1,,13,[CUDA memcpy Host-to-Device]
5369404423,12416,143051,,,,,,,,,,0.197,15835.005,Pinned,Device,NVIDIA A100-SXM4-40GB MIG 4g.20gb (0),1,,13,[CUDA memcpy Host-to-Device]
5369627876,15936,143052,69,4,1,48,1,1,76,0.002,0.000,,,,,NVIDIA A100-SXM4-40GB MIG 4g.20gb (0),1,,13,"void ch_est::windowedChEstPreNoDftSOfdmKernel<float, __half, float, (unsigned int)2, (unsigned int)1, (unsigned short)4>(ch_est::puschRxChEstStatDescr_t *, ch_est::puschRxChEstDynDescr_t *)"
5369928129,12480,143053,137,2,1,24,2,1,44,0.001,0.001,,,,,NVIDIA A100-SXM4-40GB MIG 4g.20gb (0),1,,13,"void ch_est::chEstFilterNoDftSOfdmDispatchKernel<float, __half, float, (unsigned int)2>(ch_est::puschRxChEstStatDescr_t *, ch_est::puschRxChEstDynDescr_t *)"
5370226141,12864,143054,137,2,1,24,2,1,44,0.001,0.001,,,,,NVIDIA A100-SXM4-40GB MIG 4g.20gb (0),1,,13,"void ch_est::chEstFilterNoDftSOfdmDispatchKernel<float, __half, float, (unsigned int)2>(ch_est::puschRxChEstStatDescr_t *, ch_est::puschRxChEstDynDescr_t *)"
5370290973,9728,143065,103,1,1,128,1,1,16,0.000,0.000,,,,,NVIDIA A100-SXM4-40GB MIG 4g.20gb (0),1,,13,cupy_copy__complex64_complex64
5370305565,16031,143075,1434,1,1,128,1,1,16,0.000,0.000,,,,,NVIDIA A100-SXM4-40GB MIG 4g.20gb (0),1,,13,cupy_copy__complex64_complex64
5370323516,3072,143082,103,1,1,128,1,1,16,0.000,0.000,,,,,NVIDIA A100-SXM4-40GB MIG 4g.20gb (0),1,,13,cupy_copy__complex64_complex64
5370347036,142014,143089,1,1,1,32,32,1,30,0.000,0.000,,,,,NVIDIA A100-SXM4-40GB MIG 4g.20gb (0),1,,13,"void convert_kernel<__half2, float2>(tensor_layout_any, T1 *, tensor_layout_any, const T2 *)"
5370518234,5728,143092,,,,,,,,,,0.094,16357.541,Pinned,Device,NVIDIA A100-SXM4-40GB MIG 4g.20gb (0),1,,13,[CUDA memcpy Host-to-Device]
5370547546,54815,143093,,,,,,,,,,35.810,653280.371,Device,,NVIDIA A100-SXM4-40GB MIG 4g.20gb (0),1,,13,[CUDA memset]
5370609913,1824,143095,,,,,,,,,,0.000,43.860,Pinned,Device,NVIDIA A100-SXM4-40GB MIG 4g.20gb (0),1,,13,[CUDA memcpy Host-to-Device]
5370614169,10080,143096,,,,,,,,,,0.197,19504.693,Pinned,Device,NVIDIA A100-SXM4-40GB MIG 4g.20gb (0),1,,13,[CUDA memcpy Host-to-Device]
5370661688,13792,143097,273,1,1,48,1,1,40,0.000,0.001,,,,,NVIDIA A100-SXM4-40GB MIG 4g.20gb (0),1,,13,"void pusch_noise_intf_est::noiseIntfEstNoDftSOfdmKernel<float, __half, float, float, (unsigned int)2, (unsigned int)1, (unsigned char)4, (unsigned char)4>(pusch_noise_intf_est::puschRxNoiseIntfEstDynDescr)"
5370725976,4192,143108,35,1,1,128,1,1,16,0.000,0.000,,,,,NVIDIA A100-SXM4-40GB MIG 4g.20gb (0),1,,13,cupy_copy__complex64_complex64
5370776727,2464,143117,1,1,1,1,1,1,18,0.000,0.000,,,,,NVIDIA A100-SXM4-40GB MIG 4g.20gb (0),1,,13,cupy_copy__float32_float32
5370785687,2208,143123,,,,,,,,,,0.000,1.812,Device,Pageable,NVIDIA A100-SXM4-40GB MIG 4g.20gb (0),1,,7,[CUDA memcpy Device-to-Host]
5370904086,14559,143134,1434,1,1,128,1,1,16,0.000,0.000,,,,,NVIDIA A100-SXM4-40GB MIG 4g.20gb (0),1,,13,cupy_copy__complex64_complex64
5370973141,4256,143141,103,1,1,128,1,1,16,0.000,0.000,,,,,NVIDIA A100-SXM4-40GB MIG 4g.20gb (0),1,,13,cupy_copy__complex64_complex64
5371024084,7040,143148,35,1,1,128,1,1,16,0.000,0.000,,,,,NVIDIA A100-SXM4-40GB MIG 4g.20gb (0),1,,13,cupy_copy__complex64_complex64
5371063252,2848,143155,1,1,1,1,1,1,18,0.000,0.000,,,,,NVIDIA A100-SXM4-40GB MIG 4g.20gb (0),1,,13,cupy_copy__float32_float32
5371091891,170879,143166,1,1,1,32,32,1,30,0.000,0.000,,,,,NVIDIA A100-SXM4-40GB MIG 4g.20gb (0),1,,13,"void convert_kernel<__half2, float2>(tensor_layout_any, T1 *, tensor_layout_any, const T2 *)"
5371292337,5664,143169,,,,,,,,,,0.094,16542.310,Pinned,Device,NVIDIA A100-SXM4-40GB MIG 4g.20gb (0),1,,13,[CUDA memcpy Host-to-Device]
5371327921,4064,143170,,,,,,,,,,1.547,380565.395,Device,,NVIDIA A100-SXM4-40GB MIG 4g.20gb (0),1,,13,[CUDA memset]
5371333105,7744,143175,,,,,,,,,,0.031,4041.315,Pinned,Device,NVIDIA A100-SXM4-40GB MIG 4g.20gb (0),1,,13,[CUDA memcpy Host-to-Device]
5371343569,9599,143176,,,,,,,,,,0.197,20482.032,Pinned,Device,NVIDIA A100-SXM4-40GB MIG 4g.20gb (0),1,,13,[CUDA memcpy Host-to-Device]
5371388144,9120,143177,273,1,1,8,4,1,39,0.002,0.000,,,,,NVIDIA A100-SXM4-40GB MIG 4g.20gb (0),1,,13,"void channel_eq::eqMmseCoefCompLowMimoKernel<float, float, float, (unsigned int)4, (unsigned int)1, (unsigned int)4>(const channel_eq::_puschRxChEqStatDescr *, channel_eq::_puschRxChEqCoefCompDynDescr)"
5371448015,6976,143178,273,1,1,12,11,1,51,0.002,0.000,,,,,NVIDIA A100-SXM4-40GB MIG 4g.20gb (0),1,,13,"void channel_eq::eqMmseSoftDemapKernel<float, __half, __half, float, (unsigned int)4, (unsigned short)16383>(channel_eq::_puschRxChEqStatDescr *, channel_eq::_puschRxChEqSoftDemapDynDescr)"
5371511599,663192,143179,1,1,1,32,32,1,30,0.000,0.000,,,,,NVIDIA A100-SXM4-40GB MIG 4g.20gb (0),1,,13,"void convert_kernel<float2, __half2>(tensor_layout_any, T1 *, tensor_layout_any, const T2 *)"
5372231718,14496,143191,2253,1,1,128,1,1,16,0.000,0.000,,,,,NVIDIA A100-SXM4-40GB MIG 4g.20gb (0),1,,13,cupy_copy__float16_float16
5372267526,5504,143200,282,1,1,128,1,1,16,0.000,0.000,,,,,NVIDIA A100-SXM4-40GB MIG 4g.20gb (0),1,,13,cupy_copy__complex64_complex64
5372500451,6144,143209,26,1,1,128,1,1,16,0.000,0.000,,,,,NVIDIA A100-SXM4-40GB MIG 4g.20gb (0),1,,13,cupy_copy__float32_float32
5372567042,8000,143218,103,1,1,128,1,1,16,0.000,0.000,,,,,NVIDIA A100-SXM4-40GB MIG 4g.20gb (0),1,,13,cupy_copy__complex64_complex64
5372820096,19039,143228,1434,1,1,128,1,1,16,0.000,0.000,,,,,NVIDIA A100-SXM4-40GB MIG 4g.20gb (0),1,,13,cupy_copy__complex64_complex64
5373087804,293213,143233,1,1,1,32,32,1,30,0.000,0.000,,,,,NVIDIA A100-SXM4-40GB MIG 4g.20gb (0),1,,13,"void convert_kernel<__half2, float2>(tensor_layout_any, T1 *, tensor_layout_any, const T2 *)"
5373413785,9536,143236,,,,,,,,,,0.094,9825.431,Pinned,Device,NVIDIA A100-SXM4-40GB MIG 4g.20gb (0),1,,13,[CUDA memcpy Host-to-Device]
5373596311,618776,143237,,,,,,,,,,456.561,737803.287,Device,,NVIDIA A100-SXM4-40GB MIG 4g.20gb (0),1,,13,[CUDA memset]
5374216047,66848,143242,,,,,,,,,,1.235,18473.527,Pinned,Device,NVIDIA A100-SXM4-40GB MIG 4g.20gb (0),1,,13,[CUDA memcpy Host-to-Device]
5374285455,15519,143243,,,,,,,,,,0.197,12668.830,Pinned,Device,NVIDIA A100-SXM4-40GB MIG 4g.20gb (0),1,,13,[CUDA memcpy Host-to-Device]
5374448909,14400,143244,69,4,1,48,1,1,76,0.002,0.000,,,,,NVIDIA A100-SXM4-40GB MIG 4g.20gb (0),1,,13,"void ch_est::windowedChEstPreNoDftSOfdmKernel<float, __half, float, (unsigned int)2, (unsigned int)1, (unsigned short)4>(ch_est::puschRxChEstStatDescr_t *, ch_est::puschRxChEstDynDescr_t *)"
5374688586,16960,143245,137,2,1,24,2,1,44,0.001,0.001,,,,,NVIDIA A100-SXM4-40GB MIG 4g.20gb (0),1,,13,"void ch_est::chEstFilterNoDftSOfdmDispatchKernel<float, __half, float, (unsigned int)2>(ch_est::puschRxChEstStatDescr_t *, ch_est::puschRxChEstDynDescr_t *)"
5374925831,9472,143246,137,2,1,24,2,1,44,0.001,0.001,,,,,NVIDIA A100-SXM4-40GB MIG 4g.20gb (0),1,,13,"void ch_est::chEstFilterNoDftSOfdmDispatchKernel<float, __half, float, (unsigned int)2>(ch_est::puschRxChEstStatDescr_t *, ch_est::puschRxChEstDynDescr_t *)"
5374965319,3776,143257,103,1,1,128,1,1,16,0.000,0.000,,,,,NVIDIA A100-SXM4-40GB MIG 4g.20gb (0),1,,13,cupy_copy__complex64_complex64
5374977767,13247,143267,1434,1,1,128,1,1,16,0.000,0.000,,,,,NVIDIA A100-SXM4-40GB MIG 4g.20gb (0),1,,13,cupy_copy__complex64_complex64
5375016774,4448,143274,103,1,1,128,1,1,16,0.000,0.000,,,,,NVIDIA A100-SXM4-40GB MIG 4g.20gb (0),1,,13,cupy_copy__complex64_complex64
5375029062,122751,143281,1,1,1,32,32,1,30,0.000,0.000,,,,,NVIDIA A100-SXM4-40GB MIG 4g.20gb (0),1,,13,"void convert_kernel<__half2, float2>(tensor_layout_any, T1 *, tensor_layout_any, const T2 *)"
5375180836,5376,143284,,,,,,,,,,0.094,17428.487,Pinned,Device,NVIDIA A100-SXM4-40GB MIG 4g.20gb (0),1,,13,[CUDA memcpy Host-to-Device]
5375206820,53055,143285,,,,,,,,,,35.810,674945.372,Device,,NVIDIA A100-SXM4-40GB MIG 4g.20gb (0),1,,13,[CUDA memset]
5375265027,1856,143287,,,,,,,,,,0.000,43.103,Pinned,Device,NVIDIA A100-SXM4-40GB MIG 4g.20gb (0),1,,13,[CUDA memcpy Host-to-Device]
5375269315,9920,143288,,,,,,,,,,0.197,19819.266,Pinned,Device,NVIDIA A100-SXM4-40GB MIG 4g.20gb (0),1,,13,[CUDA memcpy Host-to-Device]
5375300771,12288,143289,273,1,1,48,1,1,40,0.000,0.001,,,,,NVIDIA A100-SXM4-40GB MIG 4g.20gb (0),1,,13,"void pusch_noise_intf_est::noiseIntfEstNoDftSOfdmKernel<float, __half, float, float, (unsigned int)2, (unsigned int)1, (unsigned char)4, (unsigned char)4>(pusch_noise_intf_est::puschRxNoiseIntfEstDynDescr)"
5375351170,3616,143300,35,1,1,128,1,1,16,0.000,0.000,,,,,NVIDIA A100-SXM4-40GB MIG 4g.20gb (0),1,,13,cupy_copy__complex64_complex64
5375382210,2816,143309,1,1,1,1,1,1,18,0.000,0.000,,,,,NVIDIA A100-SXM4-40GB MIG 4g.20gb (0),1,,13,cupy_copy__float32_float32
5375391874,1408,143315,,,,,,,,,,0.000,2.841,Device,Pageable,NVIDIA A100-SXM4-40GB MIG 4g.20gb (0),1,,7,[CUDA memcpy Device-to-Host]
5375486401,13216,143326,1434,1,1,128,1,1,16,0.000,0.000,,,,,NVIDIA A100-SXM4-40GB MIG 4g.20gb (0),1,,13,cupy_copy__complex64_complex64
5375525536,4416,143333,103,1,1,128,1,1,16,0.000,0.000,,,,,NVIDIA A100-SXM4-40GB MIG 4g.20gb (0),1,,13,cupy_copy__complex64_complex64
5375537728,3808,143340,35,1,1,128,1,1,16,0.000,0.000,,,,,NVIDIA A100-SXM4-40GB MIG 4g.20gb (0),1,,13,cupy_copy__complex64_complex64
5375569600,3072,143347,1,1,1,1,1,1,18,0.000,0.000,,,,,NVIDIA A100-SXM4-40GB MIG 4g.20gb (0),1,,13,cupy_copy__float32_float32
5375672575,242813,143358,1,1,1,32,32,1,30,0.000,0.000,,,,,NVIDIA A100-SXM4-40GB MIG 4g.20gb (0),1,,13,"void convert_kernel<__half2, float2>(tensor_layout_any, T1 *, tensor_layout_any, const T2 *)"
5375946267,5696,143361,,,,,,,,,,0.094,16449.363,Pinned,Device,NVIDIA A100-SXM4-40GB MIG 4g.20gb (0),1,,13,[CUDA memcpy Host-to-Device]
5376000283,4256,143362,,,,,,,,,,1.547,363397.868,Device,,NVIDIA A100-SXM4-40GB MIG 4g.20gb (0),1,,13,[CUDA memset]
5376012091,3072,143367,,,,,,,,,,0.031,10187.474,Pinned,Device,NVIDIA A100-SXM4-40GB MIG 4g.20gb (0),1,,13,[CUDA memcpy Host-to-Device]
5376017627,9696,143368,,,,,,,,,,0.197,20277.166,Pinned,Device,NVIDIA A100-SXM4-40GB MIG 4g.20gb (0),1,,13,[CUDA memcpy Host-to-Device]
5376131929,15712,143369,273,1,1,8,4,1,39,0.002,0.000,,,,,NVIDIA A100-SXM4-40GB MIG 4g.20gb (0),1,,13,"void channel_eq::eqMmseCoefCompLowMimoKernel<float, float, float, (unsigned int)4, (unsigned int)1, (unsigned int)4>(const channel_eq::_puschRxChEqStatDescr *, channel_eq::_puschRxChEqCoefCompDynDescr)"
5376430006,15168,143370,273,1,1,12,11,1,51,0.002,0.000,,,,,NVIDIA A100-SXM4-40GB MIG 4g.20gb (0),1,,13,"void channel_eq::eqMmseSoftDemapKernel<float, __half, __half, float, (unsigned int)4, (unsigned short)16383>(channel_eq::_puschRxChEqStatDescr *, channel_eq::_puschRxChEqSoftDemapDynDescr)"
5376731922,707512,143371,1,1,1,32,32,1,30,0.000,0.000,,,,,NVIDIA A100-SXM4-40GB MIG 4g.20gb (0),1,,13,"void convert_kernel<float2, __half2>(tensor_layout_any, T1 *, tensor_layout_any, const T2 *)"
5377683463,14624,143383,2253,1,1,128,1,1,16,0.000,0.000,,,,,NVIDIA A100-SXM4-40GB MIG 4g.20gb (0),1,,13,cupy_copy__float16_float16
5377988580,6304,143392,282,1,1,128,1,1,16,0.000,0.000,,,,,NVIDIA A100-SXM4-40GB MIG 4g.20gb (0),1,,13,cupy_copy__complex64_complex64
5378284960,5440,143401,26,1,1,128,1,1,16,0.000,0.000,,,,,NVIDIA A100-SXM4-40GB MIG 4g.20gb (0),1,,13,cupy_copy__float32_float32
5378566749,8032,143410,103,1,1,128,1,1,16,0.000,0.000,,,,,NVIDIA A100-SXM4-40GB MIG 4g.20gb (0),1,,13,cupy_copy__complex64_complex64
5378829882,14400,143420,1434,1,1,128,1,1,16,0.000,0.000,,,,,NVIDIA A100-SXM4-40GB MIG 4g.20gb (0),1,,13,cupy_copy__complex64_complex64
5379133559,219869,143425,1,1,1,32,32,1,30,0.000,0.000,,,,,NVIDIA A100-SXM4-40GB MIG 4g.20gb (0),1,,13,"void convert_kernel<__half2, float2>(tensor_layout_any, T1 *, tensor_layout_any, const T2 *)"
5379382964,5728,143428,,,,,,,,,,0.094,16357.541,Pinned,Device,NVIDIA A100-SXM4-40GB MIG 4g.20gb (0),1,,13,[CUDA memcpy Host-to-Device]
5379453203,623289,143429,,,,,,,,,,456.561,732324.550,Device,,NVIDIA A100-SXM4-40GB MIG 4g.20gb (0),1,,13,[CUDA memset]
5380077516,56959,143434,,,,,,,,,,1.235,21680.677,Pinned,Device,NVIDIA A100-SXM4-40GB MIG 4g.20gb (0),1,,13,[CUDA memcpy Host-to-Device]
5380136907,12352,143435,,,,,,,,,,0.197,15916.990,Pinned,Device,NVIDIA A100-SXM4-40GB MIG 4g.20gb (0),1,,13,[CUDA memcpy Host-to-Device]
5380216458,11136,143436,69,4,1,48,1,1,76,0.002,0.000,,,,,NVIDIA A100-SXM4-40GB MIG 4g.20gb (0),1,,13,"void ch_est::windowedChEstPreNoDftSOfdmKernel<float, __half, float, (unsigned int)2, (unsigned int)1, (unsigned short)4>(ch_est::puschRxChEstStatDescr_t *, ch_est::puschRxChEstDynDescr_t *)"
5380288617,8224,143437,137,2,1,24,2,1,44,0.001,0.001,,,,,NVIDIA A100-SXM4-40GB MIG 4g.20gb (0),1,,13,"void ch_est::chEstFilterNoDftSOfdmDispatchKernel<float, __half, float, (unsigned int)2>(ch_est::puschRxChEstStatDescr_t *, ch_est::puschRxChEstDynDescr_t *)"
5380359049,8319,143438,137,2,1,24,2,1,44,0.001,0.001,,,,,NVIDIA A100-SXM4-40GB MIG 4g.20gb (0),1,,13,"void ch_est::chEstFilterNoDftSOfdmDispatchKernel<float, __half, float, (unsigned int)2>(ch_est::puschRxChEstStatDescr_t *, ch_est::puschRxChEstDynDescr_t *)"
5380429288,3872,143449,103,1,1,128,1,1,16,0.000,0.000,,,,,NVIDIA A100-SXM4-40GB MIG 4g.20gb (0),1,,13,cupy_copy__complex64_complex64
5380485511,16224,143459,1434,1,1,128,1,1,16,0.000,0.000,,,,,NVIDIA A100-SXM4-40GB MIG 4g.20gb (0),1,,13,cupy_copy__complex64_complex64
5380527047,4736,143466,103,1,1,128,1,1,16,0.000,0.000,,,,,NVIDIA A100-SXM4-40GB MIG 4g.20gb (0),1,,13,cupy_copy__complex64_complex64
5380571878,144254,143473,1,1,1,32,32,1,30,0.000,0.000,,,,,NVIDIA A100-SXM4-40GB MIG 4g.20gb (0),1,,13,"void convert_kernel<__half2, float2>(tensor_layout_any, T1 *, tensor_layout_any, const T2 *)"
5380748036,5568,143476,,,,,,,,,,0.094,16827.521,Pinned,Device,NVIDIA A100-SXM4-40GB MIG 4g.20gb (0),1,,13,[CUDA memcpy Host-to-Device]
5380858563,51679,143477,,,,,,,,,,35.810,692921.952,Device,,NVIDIA A100-SXM4-40GB MIG 4g.20gb (0),1,,13,[CUDA memset]
5380918018,1856,143479,,,,,,,,,,0.000,43.103,Pinned,Device,NVIDIA A100-SXM4-40GB MIG 4g.20gb (0),1,,13,[CUDA memcpy Host-to-Device]
5380922402,9440,143480,,,,,,,,,,0.197,20827.079,Pinned,Device,NVIDIA A100-SXM4-40GB MIG 4g.20gb (0),1,,13,[CUDA memcpy Host-to-Device]
5381162527,22144,143481,273,1,1,48,1,1,40,0.000,0.001,,,,,NVIDIA A100-SXM4-40GB MIG 4g.20gb (0),1,,13,"void pusch_noise_intf_est::noiseIntfEstNoDftSOfdmKernel<float, __half, float, float, (unsigned int)2, (unsigned int)1, (unsigned char)4, (unsigned char)4>(pusch_noise_intf_est::puschRxNoiseIntfEstDynDescr)"
5381425756,14304,143492,35,1,1,128,1,1,16,0.000,0.000,,,,,NVIDIA A100-SXM4-40GB MIG 4g.20gb (0),1,,13,cupy_copy__complex64_complex64
5381510875,3424,143501,1,1,1,1,1,1,18,0.000,0.000,,,,,NVIDIA A100-SXM4-40GB MIG 4g.20gb (0),1,,13,cupy_copy__float32_float32
5381517051,1632,143507,,,,,,,,,,0.000,2.451,Device,Pageable,NVIDIA A100-SXM4-40GB MIG 4g.20gb (0),1,,7,[CUDA memcpy Device-to-Host]
5381810488,16992,143518,1434,1,1,128,1,1,16,0.000,0.000,,,,,NVIDIA A100-SXM4-40GB MIG 4g.20gb (0),1,,13,cupy_copy__complex64_complex64
5382077141,6208,143525,103,1,1,128,1,1,16,0.000,0.000,,,,,NVIDIA A100-SXM4-40GB MIG 4g.20gb (0),1,,13,cupy_copy__complex64_complex64
5382335186,5632,143532,35,1,1,128,1,1,16,0.000,0.000,,,,,NVIDIA A100-SXM4-40GB MIG 4g.20gb (0),1,,13,cupy_copy__complex64_complex64
5382592431,6400,143539,1,1,1,1,1,1,18,0.000,0.000,,,,,NVIDIA A100-SXM4-40GB MIG 4g.20gb (0),1,,13,cupy_copy__float32_float32
5382849100,270781,143550,1,1,1,32,32,1,30,0.000,0.000,,,,,NVIDIA A100-SXM4-40GB MIG 4g.20gb (0),1,,13,"void convert_kernel<__half2, float2>(tensor_layout_any, T1 *, tensor_layout_any, const T2 *)"
5383154632,11360,143553,,,,,,,,,,0.094,8247.871,Pinned,Device,NVIDIA A100-SXM4-40GB MIG 4g.20gb (0),1,,13,[CUDA memcpy Host-to-Device]
5383364678,6624,143554,,,,,,,,,,1.547,233487.639,Device,,NVIDIA A100-SXM4-40GB MIG 4g.20gb (0),1,,13,[CUDA memset]
5383378982,7616,143559,,,,,,,,,,0.031,4109.227,Pinned,Device,NVIDIA A100-SXM4-40GB MIG 4g.20gb (0),1,,13,[CUDA memcpy Host-to-Device]
5383389062,15935,143560,,,,,,,,,,0.197,12337.938,Pinned,Device,NVIDIA A100-SXM4-40GB MIG 4g.20gb (0),1,,13,[CUDA memcpy Host-to-Device]
5383626595,15840,143561,273,1,1,8,4,1,39,0.002,0.000,,,,,NVIDIA A100-SXM4-40GB MIG 4g.20gb (0),1,,13,"void channel_eq::eqMmseCoefCompLowMimoKernel<float, float, float, (unsigned int)4, (unsigned int)1, (unsigned int)4>(const channel_eq::_puschRxChEqStatDescr *, channel_eq::_puschRxChEqCoefCompDynDescr)"
5383700002,9952,143562,273,1,1,12,11,1,51,0.002,0.000,,,,,NVIDIA A100-SXM4-40GB MIG 4g.20gb (0),1,,13,"void channel_eq::eqMmseSoftDemapKernel<float, __half, __half, float, (unsigned int)4, (unsigned short)16383>(channel_eq::_puschRxChEqStatDescr *, channel_eq::_puschRxChEqSoftDemapDynDescr)"
5383772801,376892,143563,1,1,1,32,32,1,30,0.000,0.000,,,,,NVIDIA A100-SXM4-40GB MIG 4g.20gb (0),1,,13,"void convert_kernel<float2, __half2>(tensor_layout_any, T1 *, tensor_layout_any, const T2 *)"
5384209148,12576,143575,2253,1,1,128,1,1,16,0.000,0.000,,,,,NVIDIA A100-SXM4-40GB MIG 4g.20gb (0),1,,13,cupy_copy__float16_float16
5384284379,4192,143584,282,1,1,128,1,1,16,0.000,0.000,,,,,NVIDIA A100-SXM4-40GB MIG 4g.20gb (0),1,,13,cupy_copy__complex64_complex64
5384328987,3008,143593,26,1,1,128,1,1,16,0.000,0.000,,,,,NVIDIA A100-SXM4-40GB MIG 4g.20gb (0),1,,13,cupy_copy__float32_float32
5384385210,5024,143602,103,1,1,128,1,1,16,0.000,0.000,,,,,NVIDIA A100-SXM4-40GB MIG 4g.20gb (0),1,,13,cupy_copy__complex64_complex64
5384421722,13119,143612,1434,1,1,128,1,1,16,0.000,0.000,,,,,NVIDIA A100-SXM4-40GB MIG 4g.20gb (0),1,,13,cupy_copy__complex64_complex64
5384472793,136318,143617,1,1,1,32,32,1,30,0.000,0.000,,,,,NVIDIA A100-SXM4-40GB MIG 4g.20gb (0),1,,13,"void convert_kernel<__half2, float2>(tensor_layout_any, T1 *, tensor_layout_any, const T2 *)"
5384639607,5664,143620,,,,,,,,,,0.094,16542.310,Pinned,Device,NVIDIA A100-SXM4-40GB MIG 4g.20gb (0),1,,13,[CUDA memcpy Host-to-Device]
5384701654,619641,143621,,,,,,,,,,456.561,736433.603,Device,,NVIDIA A100-SXM4-40GB MIG 4g.20gb (0),1,,13,[CUDA memset]
5385328655,60351,143626,,,,,,,,,,1.235,20461.787,Pinned,Device,NVIDIA A100-SXM4-40GB MIG 4g.20gb (0),1,,13,[CUDA memcpy Host-to-Device]
5385391854,17344,143627,,,,,,,,,,0.197,11335.631,Pinned,Device,NVIDIA A100-SXM4-40GB MIG 4g.20gb (0),1,,13,[CUDA memcpy Host-to-Device]
5385460462,9056,143628,69,4,1,48,1,1,76,0.002,0.000,,,,,NVIDIA A100-SXM4-40GB MIG 4g.20gb (0),1,,13,"void ch_est::windowedChEstPreNoDftSOfdmKernel<float, __half, float, (unsigned int)2, (unsigned int)1, (unsigned short)4>(ch_est::puschRxChEstStatDescr_t *, ch_est::puschRxChEstDynDescr_t *)"
5385532525,8352,143629,137,2,1,24,2,1,44,0.001,0.001,,,,,NVIDIA A100-SXM4-40GB MIG 4g.20gb (0),1,,13,"void ch_est::chEstFilterNoDftSOfdmDispatchKernel<float, __half, float, (unsigned int)2>(ch_est::puschRxChEstStatDescr_t *, ch_est::puschRxChEstDynDescr_t *)"
5385602796,8320,143630,137,2,1,24,2,1,44,0.001,0.001,,,,,NVIDIA A100-SXM4-40GB MIG 4g.20gb (0),1,,13,"void ch_est::chEstFilterNoDftSOfdmDispatchKernel<float, __half, float, (unsigned int)2>(ch_est::puschRxChEstStatDescr_t *, ch_est::puschRxChEstDynDescr_t *)"
5385648651,3168,143641,103,1,1,128,1,1,16,0.000,0.000,,,,,NVIDIA A100-SXM4-40GB MIG 4g.20gb (0),1,,13,cupy_copy__complex64_complex64
5385705163,15840,143651,1434,1,1,128,1,1,16,0.000,0.000,,,,,NVIDIA A100-SXM4-40GB MIG 4g.20gb (0),1,,13,cupy_copy__complex64_complex64
5385746666,3840,143658,103,1,1,128,1,1,16,0.000,0.000,,,,,NVIDIA A100-SXM4-40GB MIG 4g.20gb (0),1,,13,cupy_copy__complex64_complex64
5385791178,207069,143665,1,1,1,32,32,1,30,0.000,0.000,,,,,NVIDIA A100-SXM4-40GB MIG 4g.20gb (0),1,,13,"void convert_kernel<__half2, float2>(tensor_layout_any, T1 *, tensor_layout_any, const T2 *)"
5386028647,12096,143668,,,,,,,,,,0.094,7745.942,Pinned,Device,NVIDIA A100-SXM4-40GB MIG 4g.20gb (0),1,,13,[CUDA memcpy Host-to-Device]
5386470338,55551,143669,,,,,,,,,,35.810,644614.370,Device,,NVIDIA A100-SXM4-40GB MIG 4g.20gb (0),1,,13,[CUDA memset]
5386531265,2368,143671,,,,,,,,,,0.000,33.784,Pinned,Device,NVIDIA A100-SXM4-40GB MIG 4g.20gb (0),1,,13,[CUDA memcpy Host-to-Device]
5386540385,9920,143672,,,,,,,,,,0.197,19819.266,Pinned,Device,NVIDIA A100-SXM4-40GB MIG 4g.20gb (0),1,,13,[CUDA memcpy Host-to-Device]
5386976252,15008,143673,273,1,1,48,1,1,40,0.000,0.001,,,,,NVIDIA A100-SXM4-40GB MIG 4g.20gb (0),1,,13,"void pusch_noise_intf_est::noiseIntfEstNoDftSOfdmKernel<float, __half, float, float, (unsigned int)2, (unsigned int)1, (unsigned char)4, (unsigned char)4>(pusch_noise_intf_est::puschRxNoiseIntfEstDynDescr)"
5387408983,5984,143684,35,1,1,128,1,1,16,0.000,0.000,,,,,NVIDIA A100-SXM4-40GB MIG 4g.20gb (0),1,,13,cupy_copy__complex64_complex64
5387456567,5664,143693,1,1,1,1,1,1,18,0.000,0.000,,,,,NVIDIA A100-SXM4-40GB MIG 4g.20gb (0),1,,13,cupy_copy__float32_float32
5387467031,1599,143699,,,,,,,,,,0.000,2.502,Device,Pageable,NVIDIA A100-SXM4-40GB MIG 4g.20gb (0),1,,7,[CUDA memcpy Device-to-Host]
5387924657,15008,143710,1434,1,1,128,1,1,16,0.000,0.000,,,,,NVIDIA A100-SXM4-40GB MIG 4g.20gb (0),1,,13,cupy_copy__complex64_complex64
5388374572,5792,143717,103,1,1,128,1,1,16,0.000,0.000,,,,,NVIDIA A100-SXM4-40GB MIG 4g.20gb (0),1,,13,cupy_copy__complex64_complex64
5388819975,7488,143724,35,1,1,128,1,1,16,0.000,0.000,,,,,NVIDIA A100-SXM4-40GB MIG 4g.20gb (0),1,,13,cupy_copy__complex64_complex64
5389232450,6880,143731,1,1,1,1,1,1,18,0.000,0.000,,,,,NVIDIA A100-SXM4-40GB MIG 4g.20gb (0),1,,13,cupy_copy__float32_float32
5389676733,290141,143742,1,1,1,32,32,1,30,0.000,0.000,,,,,NVIDIA A100-SXM4-40GB MIG 4g.20gb (0),1,,13,"void convert_kernel<__half2, float2>(tensor_layout_any, T1 *, tensor_layout_any, const T2 *)"
5389997177,6464,143745,,,,,,,,,,0.094,14494.959,Pinned,Device,NVIDIA A100-SXM4-40GB MIG 4g.20gb (0),1,,13,[CUDA memcpy Host-to-Device]
5390146392,5440,143746,,,,,,,,,,1.547,284305.064,Device,,NVIDIA A100-SXM4-40GB MIG 4g.20gb (0),1,,13,[CUDA memset]
5390153720,3167,143751,,,,,,,,,,0.031,9881.900,Pinned,Device,NVIDIA A100-SXM4-40GB MIG 4g.20gb (0),1,,13,[CUDA memcpy Host-to-Device]
5390160759,9568,143752,,,,,,,,,,0.197,20548.485,Pinned,Device,NVIDIA A100-SXM4-40GB MIG 4g.20gb (0),1,,13,[CUDA memcpy Host-to-Device]
5390599538,12224,143753,273,1,1,8,4,1,39,0.002,0.000,,,,,NVIDIA A100-SXM4-40GB MIG 4g.20gb (0),1,,13,"void channel_eq::eqMmseCoefCompLowMimoKernel<float, float, float, (unsigned int)4, (unsigned int)1, (unsigned int)4>(const channel_eq::_puschRxChEqStatDescr *, channel_eq::_puschRxChEqCoefCompDynDescr)"
5390669938,9887,143754,273,1,1,12,11,1,51,0.002,0.000,,,,,NVIDIA A100-SXM4-40GB MIG 4g.20gb (0),1,,13,"void channel_eq::eqMmseSoftDemapKernel<float, __half, __half, float, (unsigned int)4, (unsigned short)16383>(channel_eq::_puschRxChEqStatDescr *, channel_eq::_puschRxChEqSoftDemapDynDescr)"
5390743505,354812,143755,1,1,1,32,32,1,30,0.000,0.000,,,,,NVIDIA A100-SXM4-40GB MIG 4g.20gb (0),1,,13,"void convert_kernel<float2, __half2>(tensor_layout_any, T1 *, tensor_layout_any, const T2 *)"
5391154924,12384,143767,2253,1,1,128,1,1,16,0.000,0.000,,,,,NVIDIA A100-SXM4-40GB MIG 4g.20gb (0),1,,13,cupy_copy__float16_float16
5391229931,4736,143776,282,1,1,128,1,1,16,0.000,0.000,,,,,NVIDIA A100-SXM4-40GB MIG 4g.20gb (0),1,,13,cupy_copy__complex64_complex64
5391274859,2848,143785,26,1,1,128,1,1,16,0.000,0.000,,,,,NVIDIA A100-SXM4-40GB MIG 4g.20gb (0),1,,13,cupy_copy__float32_float32
5391330826,5888,143794,103,1,1,128,1,1,16,0.000,0.000,,,,,NVIDIA A100-SXM4-40GB MIG 4g.20gb (0),1,,13,cupy_copy__complex64_complex64
5391367465,13216,143804,1434,1,1,128,1,1,16,0.000,0.000,,,,,NVIDIA A100-SXM4-40GB MIG 4g.20gb (0),1,,13,cupy_copy__complex64_complex64
5391442889,134398,143809,1,1,1,32,32,1,30,0.000,0.000,,,,,NVIDIA A100-SXM4-40GB MIG 4g.20gb (0),1,,13,"void convert_kernel<__half2, float2>(tensor_layout_any, T1 *, tensor_layout_any, const T2 *)"
5391607943,5376,143812,,,,,,,,,,0.094,17428.487,Pinned,Device,NVIDIA A100-SXM4-40GB MIG 4g.20gb (0),1,,13,[CUDA memcpy Host-to-Device]
5391705158,641560,143813,,,,,,,,,,456.561,711322.724,Device,,NVIDIA A100-SXM4-40GB MIG 4g.20gb (0),1,,13,[CUDA memset]
5392354238,54207,143818,,,,,,,,,,1.235,22781.012,Pinned,Device,NVIDIA A100-SXM4-40GB MIG 4g.20gb (0),1,,13,[CUDA memcpy Host-to-Device]
5392410909,10144,143819,,,,,,,,,,0.197,19381.617,Pinned,Device,NVIDIA A100-SXM4-40GB MIG 4g.20gb (0),1,,13,[CUDA memcpy Host-to-Device]
5392767289,12928,143820,69,4,1,48,1,1,76,0.002,0.000,,,,,NVIDIA A100-SXM4-40GB MIG 4g.20gb (0),1,,13,"void ch_est::windowedChEstPreNoDftSOfdmKernel<float, __half, float, (unsigned int)2, (unsigned int)1, (unsigned short)4>(ch_est::puschRxChEstStatDescr_t *, ch_est::puschRxChEstDynDescr_t *)"
5393144725,14240,143821,137,2,1,24,2,1,44,0.001,0.001,,,,,NVIDIA A100-SXM4-40GB MIG 4g.20gb (0),1,,13,"void ch_est::chEstFilterNoDftSOfdmDispatchKernel<float, __half, float, (unsigned int)2>(ch_est::puschRxChEstStatDescr_t *, ch_est::puschRxChEstDynDescr_t *)"
5393499377,16192,143822,137,2,1,24,2,1,44,0.001,0.001,,,,,NVIDIA A100-SXM4-40GB MIG 4g.20gb (0),1,,13,"void ch_est::chEstFilterNoDftSOfdmDispatchKernel<float, __half, float, (unsigned int)2>(ch_est::puschRxChEstStatDescr_t *, ch_est::puschRxChEstDynDescr_t *)"
5393587472,5632,143833,103,1,1,128,1,1,16,0.000,0.000,,,,,NVIDIA A100-SXM4-40GB MIG 4g.20gb (0),1,,13,cupy_copy__complex64_complex64
5393956076,15999,143843,1434,1,1,128,1,1,16,0.000,0.000,,,,,NVIDIA A100-SXM4-40GB MIG 4g.20gb (0),1,,13,cupy_copy__complex64_complex64
5394332423,7296,143850,103,1,1,128,1,1,16,0.000,0.000,,,,,NVIDIA A100-SXM4-40GB MIG 4g.20gb (0),1,,13,cupy_copy__complex64_complex64
5394701379,270813,143857,1,1,1,32,32,1,30,0.000,0.000,,,,,NVIDIA A100-SXM4-40GB MIG 4g.20gb (0),1,,13,"void convert_kernel<__half2, float2>(tensor_layout_any, T1 *, tensor_layout_any, const T2 *)"
5395001984,5567,143860,,,,,,,,,,0.094,16830.519,Pinned,Device,NVIDIA A100-SXM4-40GB MIG 4g.20gb (0),1,,13,[CUDA memcpy Host-to-Device]
5395069407,59039,143861,,,,,,,,,,35.810,606512.615,Device,,NVIDIA A100-SXM4-40GB MIG 4g.20gb (0),1,,13,[CUDA memset]
5395130014,1824,143863,,,,,,,,,,0.000,43.860,Pinned,Device,NVIDIA A100-SXM4-40GB MIG 4g.20gb (0),1,,13,[CUDA memcpy Host-to-Device]
5395134334,10496,143864,,,,,,,,,,0.197,18731.631,Pinned,Device,NVIDIA A100-SXM4-40GB MIG 4g.20gb (0),1,,13,[CUDA memcpy Host-to-Device]
5395492282,19808,143865,273,1,1,48,1,1,40,0.000,0.001,,,,,NVIDIA A100-SXM4-40GB MIG 4g.20gb (0),1,,13,"void pusch_noise_intf_est::noiseIntfEstNoDftSOfdmKernel<float, __half, float, float, (unsigned int)2, (unsigned int)1, (unsigned char)4, (unsigned char)4>(pusch_noise_intf_est::puschRxNoiseIntfEstDynDescr)"
5395865238,6624,143876,35,1,1,128,1,1,16,0.000,0.000,,,,,NVIDIA A100-SXM4-40GB MIG 4g.20gb (0),1,,13,cupy_copy__complex64_complex64
5396235409,4512,143885,1,1,1,1,1,1,18,0.000,0.000,,,,,NVIDIA A100-SXM4-40GB MIG 4g.20gb (0),1,,13,cupy_copy__float32_float32
5396243665,1600,143891,,,,,,,,,,0.000,2.500,Device,Pageable,NVIDIA A100-SXM4-40GB MIG 4g.20gb (0),1,,7,[CUDA memcpy Device-to-Host]
5396330416,13376,143902,1434,1,1,128,1,1,16,0.000,0.000,,,,,NVIDIA A100-SXM4-40GB MIG 4g.20gb (0),1,,13,cupy_copy__complex64_complex64
5396381360,4416,143909,103,1,1,128,1,1,16,0.000,0.000,,,,,NVIDIA A100-SXM4-40GB MIG 4g.20gb (0),1,,13,cupy_copy__complex64_complex64
5396437967,4160,143916,35,1,1,128,1,1,16,0.000,0.000,,,,,NVIDIA A100-SXM4-40GB MIG 4g.20gb (0),1,,13,cupy_copy__complex64_complex64
5396473935,2528,143923,1,1,1,1,1,1,18,0.000,0.000,,,,,NVIDIA A100-SXM4-40GB MIG 4g.20gb (0),1,,13,cupy_copy__float32_float32
5396543406,165374,143934,1,1,1,32,32,1,30,0.000,0.000,,,,,NVIDIA A100-SXM4-40GB MIG 4g.20gb (0),1,,13,"void convert_kernel<__half2, float2>(tensor_layout_any, T1 *, tensor_layout_any, const T2 *)"
5396737964,5727,143937,,,,,,,,,,0.094,16360.352,Pinned,Device,NVIDIA A100-SXM4-40GB MIG 4g.20gb (0),1,,13,[CUDA memcpy Host-to-Device]
5396791723,4096,143938,,,,,,,,,,1.547,377592.783,Device,,NVIDIA A100-SXM4-40GB MIG 4g.20gb (0),1,,13,[CUDA memset]
5396796523,3968,143943,,,,,,,,,,0.031,7887.093,Pinned,Device,NVIDIA A100-SXM4-40GB MIG 4g.20gb (0),1,,13,[CUDA memcpy Host-to-Device]
5396803083,9504,143944,,,,,,,,,,0.197,20686.701,Pinned,Device,NVIDIA A100-SXM4-40GB MIG 4g.20gb (0),1,,13,[CUDA memcpy Host-to-Device]
5396862826,12992,143945,273,1,1,8,4,1,39,0.002,0.000,,,,,NVIDIA A100-SXM4-40GB MIG 4g.20gb (0),1,,13,"void channel_eq::eqMmseCoefCompLowMimoKernel<float, float, float, (unsigned int)4, (unsigned int)1, (unsigned int)4>(const channel_eq::_puschRxChEqStatDescr *, channel_eq::_puschRxChEqCoefCompDynDescr)"
5396932553,9120,143946,273,1,1,12,11,1,51,0.002,0.000,,,,,NVIDIA A100-SXM4-40GB MIG 4g.20gb (0),1,,13,"void channel_eq::eqMmseSoftDemapKernel<float, __half, __half, float, (unsigned int)4, (unsigned short)16383>(channel_eq::_puschRxChEqStatDescr *, channel_eq::_puschRxChEqSoftDemapDynDescr)"
5397003880,342876,143947,1,1,1,32,32,1,30,0.000,0.000,,,,,NVIDIA A100-SXM4-40GB MIG 4g.20gb (0),1,,13,"void convert_kernel<float2, __half2>(tensor_layout_any, T1 *, tensor_layout_any, const T2 *)"
5397372068,12448,143959,2253,1,1,128,1,1,16,0.000,0.000,,,,,NVIDIA A100-SXM4-40GB MIG 4g.20gb (0),1,,13,cupy_copy__float16_float16
5397509347,6144,143968,282,1,1,128,1,1,16,0.000,0.000,,,,,NVIDIA A100-SXM4-40GB MIG 4g.20gb (0),1,,13,cupy_copy__complex64_complex64
5397784511,3968,143977,26,1,1,128,1,1,16,0.000,0.000,,,,,NVIDIA A100-SXM4-40GB MIG 4g.20gb (0),1,,13,cupy_copy__float32_float32
5398012573,11936,143986,103,1,1,128,1,1,16,0.000,0.000,,,,,NVIDIA A100-SXM4-40GB MIG 4g.20gb (0),1,,13,cupy_copy__complex64_complex64
5398102428,16736,143996,1434,1,1,128,1,1,16,0.000,0.000,,,,,NVIDIA A100-SXM4-40GB MIG 4g.20gb (0),1,,13,cupy_copy__complex64_complex64
5398385049,287804,144001,1,1,1,32,32,1,30,0.000,0.000,,,,,NVIDIA A100-SXM4-40GB MIG 4g.20gb (0),1,,13,"void convert_kernel<__half2, float2>(tensor_layout_any, T1 *, tensor_layout_any, const T2 *)"
5398703541,5920,144004,,,,,,,,,,0.094,15826.941,Pinned,Device,NVIDIA A100-SXM4-40GB MIG 4g.20gb (0),1,,13,[CUDA memcpy Host-to-Device]
5398958898,637465,144005,,,,,,,,,,456.561,715888.338,Device,,NVIDIA A100-SXM4-40GB MIG 4g.20gb (0),1,,13,[CUDA memset]
5399600906,57344,144010,,,,,,,,,,1.235,21534.953,Pinned,Device,NVIDIA A100-SXM4-40GB MIG 4g.20gb (0),1,,13,[CUDA memcpy Host-to-Device]
5399661258,11904,144011,,,,,,,,,,0.197,16516.055,Pinned,Device,NVIDIA A100-SXM4-40GB MIG 4g.20gb (0),1,,13,[CUDA memcpy Host-to-Device]
5399876839,10240,144012,69,4,1,48,1,1,76,0.002,0.000,,,,,NVIDIA A100-SXM4-40GB MIG 4g.20gb (0),1,,13,"void ch_est::windowedChEstPreNoDftSOfdmKernel<float, __half, float, (unsigned int)2, (unsigned int)1, (unsigned short)4>(ch_est::puschRxChEstStatDescr_t *, ch_est::puschRxChEstDynDescr_t *)"
5400168484,10400,144013,137,2,1,24,2,1,44,0.001,0.001,,,,,NVIDIA A100-SXM4-40GB MIG 4g.20gb (0),1,,13,"void ch_est::chEstFilterNoDftSOfdmDispatchKernel<float, __half, float, (unsigned int)2>(ch_est::puschRxChEstStatDescr_t *, ch_est::puschRxChEstDynDescr_t *)"
5400458433,10207,144014,137,2,1,24,2,1,44,0.001,0.001,,,,,NVIDIA A100-SXM4-40GB MIG 4g.20gb (0),1,,13,"void ch_est::chEstFilterNoDftSOfdmDispatchKernel<float, __half, float, (unsigned int)2>(ch_est::puschRxChEstStatDescr_t *, ch_est::puschRxChEstDynDescr_t *)"
5400737245,6048,144025,103,1,1,128,1,1,16,0.000,0.000,,,,,NVIDIA A100-SXM4-40GB MIG 4g.20gb (0),1,,13,cupy_copy__complex64_complex64
5400985498,16096,144035,1434,1,1,128,1,1,16,0.000,0.000,,,,,NVIDIA A100-SXM4-40GB MIG 4g.20gb (0),1,,13,cupy_copy__complex64_complex64
5401071833,4032,144042,103,1,1,128,1,1,16,0.000,0.000,,,,,NVIDIA A100-SXM4-40GB MIG 4g.20gb (0),1,,13,cupy_copy__complex64_complex64
5401129369,134942,144049,1,1,1,32,32,1,30,0.000,0.000,,,,,NVIDIA A100-SXM4-40GB MIG 4g.20gb (0),1,,13,"void convert_kernel<__half2, float2>(tensor_layout_any, T1 *, tensor_layout_any, const T2 *)"
5401294455,5440,144052,,,,,,,,,,0.094,17223.480,Pinned,Device,NVIDIA A100-SXM4-40GB MIG 4g.20gb (0),1,,13,[CUDA memcpy Host-to-Device]
5401346998,56064,144053,,,,,,,,,,35.810,638705.733,Device,,NVIDIA A100-SXM4-40GB MIG 4g.20gb (0),1,,13,[CUDA memset]
5401404822,2112,144055,,,,,,,,,,0.000,37.879,Pinned,Device,NVIDIA A100-SXM4-40GB MIG 4g.20gb (0),1,,13,[CUDA memcpy Host-to-Device]
5401409462,9823,144056,,,,,,,,,,0.197,20014.891,Pinned,Device,NVIDIA A100-SXM4-40GB MIG 4g.20gb (0),1,,13,[CUDA memcpy Host-to-Device]
5401471253,15232,144057,273,1,1,48,1,1,40,0.000,0.001,,,,,NVIDIA A100-SXM4-40GB MIG 4g.20gb (0),1,,13,"void pusch_noise_intf_est::noiseIntfEstNoDftSOfdmKernel<float, __half, float, float, (unsigned int)2, (unsigned int)1, (unsigned char)4, (unsigned char)4>(pusch_noise_intf_est::puschRxNoiseIntfEstDynDescr)"
5401546228,3648,144068,35,1,1,128,1,1,16,0.000,0.000,,,,,NVIDIA A100-SXM4-40GB MIG 4g.20gb (0),1,,13,cupy_copy__complex64_complex64
5401602515,2656,144077,1,1,1,1,1,1,18,0.000,0.000,,,,,NVIDIA A100-SXM4-40GB MIG 4g.20gb (0),1,,13,cupy_copy__float32_float32
5401610067,1632,144083,,,,,,,,,,0.000,2.451,Device,Pageable,NVIDIA A100-SXM4-40GB MIG 4g.20gb (0),1,,7,[CUDA memcpy Device-to-Host]
5401706866,13216,144094,1434,1,1,128,1,1,16,0.000,0.000,,,,,NVIDIA A100-SXM4-40GB MIG 4g.20gb (0),1,,13,cupy_copy__complex64_complex64
5401782001,4512,144101,103,1,1,128,1,1,16,0.000,0.000,,,,,NVIDIA A100-SXM4-40GB MIG 4g.20gb (0),1,,13,cupy_copy__complex64_complex64
5401826577,5056,144108,35,1,1,128,1,1,16,0.000,0.000,,,,,NVIDIA A100-SXM4-40GB MIG 4g.20gb (0),1,,13,cupy_copy__complex64_complex64
5401894768,2336,144115,1,1,1,1,1,1,18,0.000,0.000,,,,,NVIDIA A100-SXM4-40GB MIG 4g.20gb (0),1,,13,cupy_copy__float32_float32
5401950671,167326,144126,1,1,1,32,32,1,30,0.000,0.000,,,,,NVIDIA A100-SXM4-40GB MIG 4g.20gb (0),1,,13,"void convert_kernel<__half2, float2>(tensor_layout_any, T1 *, tensor_layout_any, const T2 *)"
5402146797,6688,144129,,,,,,,,,,0.094,14009.520,Pinned,Device,NVIDIA A100-SXM4-40GB MIG 4g.20gb (0),1,,13,[CUDA memcpy Host-to-Device]
5402261964,5664,144130,,,,,,,,,,1.547,273061.107,Device,,NVIDIA A100-SXM4-40GB MIG 4g.20gb (0),1,,13,[CUDA memset]
5402274316,3328,144135,,,,,,,,,,0.031,9403.822,Pinned,Device,NVIDIA A100-SXM4-40GB MIG 4g.20gb (0),1,,13,[CUDA memcpy Host-to-Device]
5402280460,9407,144136,,,,,,,,,,0.197,20900.020,Pinned,Device,NVIDIA A100-SXM4-40GB MIG 4g.20gb (0),1,,13,[CUDA memcpy Host-to-Device]
5402539529,14367,144137,273,1,1,8,4,1,39,0.002,0.000,,,,,NVIDIA A100-SXM4-40GB MIG 4g.20gb (0),1,,13,"void channel_eq::eqMmseCoefCompLowMimoKernel<float, float, float, (unsigned int)4, (unsigned int)1, (unsigned int)4>(const channel_eq::_puschRxChEqStatDescr *, channel_eq::_puschRxChEqCoefCompDynDescr)"
5402804997,9600,144138,273,1,1,12,11,1,51,0.002,0.000,,,,,NVIDIA A100-SXM4-40GB MIG 4g.20gb (0),1,,13,"void channel_eq::eqMmseSoftDemapKernel<float, __half, __half, float, (unsigned int)4, (unsigned short)16383>(channel_eq::_puschRxChEqStatDescr *, channel_eq::_puschRxChEqSoftDemapDynDescr)"
5403069634,674105,144139,1,1,1,32,32,1,30,0.000,0.000,,,,,NVIDIA A100-SXM4-40GB MIG 4g.20gb (0),1,,13,"void convert_kernel<float2, __half2>(tensor_layout_any, T1 *, tensor_layout_any, const T2 *)"
5403932792,15296,144151,2253,1,1,128,1,1,16,0.000,0.000,,,,,NVIDIA A100-SXM4-40GB MIG 4g.20gb (0),1,,13,cupy_copy__float16_float16
5404232597,4992,144160,282,1,1,128,1,1,16,0.000,0.000,,,,,NVIDIA A100-SXM4-40GB MIG 4g.20gb (0),1,,13,cupy_copy__complex64_complex64
5404483346,5568,144169,26,1,1,128,1,1,16,0.000,0.000,,,,,NVIDIA A100-SXM4-40GB MIG 4g.20gb (0),1,,13,cupy_copy__float32_float32
5404754383,7584,144178,103,1,1,128,1,1,16,0.000,0.000,,,,,NVIDIA A100-SXM4-40GB MIG 4g.20gb (0),1,,13,cupy_copy__complex64_complex64
5405034540,15680,144188,1434,1,1,128,1,1,16,0.000,0.000,,,,,NVIDIA A100-SXM4-40GB MIG 4g.20gb (0),1,,13,cupy_copy__complex64_complex64
5405117995,126462,144193,1,1,1,32,32,1,30,0.000,0.000,,,,,NVIDIA A100-SXM4-40GB MIG 4g.20gb (0),1,,13,"void convert_kernel<__half2, float2>(tensor_layout_any, T1 *, tensor_layout_any, const T2 *)"
5405274441,5440,144196,,,,,,,,,,0.094,17223.480,Pinned,Device,NVIDIA A100-SXM4-40GB MIG 4g.20gb (0),1,,13,[CUDA memcpy Host-to-Device]
5405327400,648281,144197,,,,,,,,,,456.561,704017.740,Device,,NVIDIA A100-SXM4-40GB MIG 4g.20gb (0),1,,13,[CUDA memset]
5405979425,51103,144202,,,,,,,,,,1.235,24165.384,Pinned,Device,NVIDIA A100-SXM4-40GB MIG 4g.20gb (0),1,,13,[CUDA memcpy Host-to-Device]
5406033056,10656,144203,,,,,,,,,,0.197,18450.285,Pinned,Device,NVIDIA A100-SXM4-40GB MIG 4g.20gb (0),1,,13,[CUDA memcpy Host-to-Device]
5406105759,10080,144204,69,4,1,48,1,1,76,0.002,0.000,,,,,NVIDIA A100-SXM4-40GB MIG 4g.20gb (0),1,,13,"void ch_est::windowedChEstPreNoDftSOfdmKernel<float, __half, float, (unsigned int)2, (unsigned int)1, (unsigned short)4>(ch_est::puschRxChEstStatDescr_t *, ch_est::puschRxChEstDynDescr_t *)"
5406176767,8863,144205,137,2,1,24,2,1,44,0.001,0.001,,,,,NVIDIA A100-SXM4-40GB MIG 4g.20gb (0),1,,13,"void ch_est::chEstFilterNoDftSOfdmDispatchKernel<float, __half, float, (unsigned int)2>(ch_est::puschRxChEstStatDescr_t *, ch_est::puschRxChEstDynDescr_t *)"
5406215774,8576,144206,137,2,1,24,2,1,44,0.001,0.001,,,,,NVIDIA A100-SXM4-40GB MIG 4g.20gb (0),1,,13,"void ch_est::chEstFilterNoDftSOfdmDispatchKernel<float, __half, float, (unsigned int)2>(ch_est::puschRxChEstStatDescr_t *, ch_est::puschRxChEstDynDescr_t *)"
5406254046,3904,144217,103,1,1,128,1,1,16,0.000,0.000,,,,,NVIDIA A100-SXM4-40GB MIG 4g.20gb (0),1,,13,cupy_copy__complex64_complex64
5406321117,13888,144227,1434,1,1,128,1,1,16,0.000,0.000,,,,,NVIDIA A100-SXM4-40GB MIG 4g.20gb (0),1,,13,cupy_copy__complex64_complex64
5406397244,4160,144234,103,1,1,128,1,1,16,0.000,0.000,,,,,NVIDIA A100-SXM4-40GB MIG 4g.20gb (0),1,,13,cupy_copy__complex64_complex64
5406464763,149215,144241,1,1,1,32,32,1,30,0.000,0.000,,,,,NVIDIA A100-SXM4-40GB MIG 4g.20gb (0),1,,13,"void convert_kernel<__half2, float2>(tensor_layout_any, T1 *, tensor_layout_any, const T2 *)"
5406643769,5440,144244,,,,,,,,,,0.094,17223.480,Pinned,Device,NVIDIA A100-SXM4-40GB MIG 4g.20gb (0),1,,13,[CUDA memcpy Host-to-Device]
5406696441,57023,144245,,,,,,,,,,35.810,627962.757,Device,,NVIDIA A100-SXM4-40GB MIG 4g.20gb (0),1,,13,[CUDA memset]
5406761752,1824,144247,,,,,,,,,,0.000,43.860,Pinned,Device,NVIDIA A100-SXM4-40GB MIG 4g.20gb (0),1,,13,[CUDA memcpy Host-to-Device]
5406766072,9952,144248,,,,,,,,,,0.197,19755.565,Pinned,Device,NVIDIA A100-SXM4-40GB MIG 4g.20gb (0),1,,13,[CUDA memcpy Host-to-Device]
5406882806,13856,144249,273,1,1,48,1,1,40,0.000,0.001,,,,,NVIDIA A100-SXM4-40GB MIG 4g.20gb (0),1,,13,"void pusch_noise_intf_est::noiseIntfEstNoDftSOfdmKernel<float, __half, float, float, (unsigned int)2, (unsigned int)1, (unsigned char)4, (unsigned char)4>(pusch_noise_intf_est::puschRxNoiseIntfEstDynDescr)"
5407145747,8704,144260,35,1,1,128,1,1,16,0.000,0.000,,,,,NVIDIA A100-SXM4-40GB MIG 4g.20gb (0),1,,13,cupy_copy__complex64_complex64
5407235090,3200,144269,1,1,1,1,1,1,18,0.000,0.000,,,,,NVIDIA A100-SXM4-40GB MIG 4g.20gb (0),1,,13,cupy_copy__float32_float32
5407239954,1984,144275,,,,,,,,,,0.000,2.016,Device,Pageable,NVIDIA A100-SXM4-40GB MIG 4g.20gb (0),1,,7,[CUDA memcpy Device-to-Host]
5407505839,17024,144286,1434,1,1,128,1,1,16,0.000,0.000,,,,,NVIDIA A100-SXM4-40GB MIG 4g.20gb (0),1,,13,cupy_copy__complex64_complex64
5407787884,4256,144293,103,1,1,128,1,1,16,0.000,0.000,,,,,NVIDIA A100-SXM4-40GB MIG 4g.20gb (0),1,,13,cupy_copy__complex64_complex64
5408018025,7136,144300,35,1,1,128,1,1,16,0.000,0.000,,,,,NVIDIA A100-SXM4-40GB MIG 4g.20gb (0),1,,13,cupy_copy__complex64_complex64
5408109224,5248,144307,1,1,1,1,1,1,18,0.000,0.000,,,,,NVIDIA A100-SXM4-40GB MIG 4g.20gb (0),1,,13,cupy_copy__float32_float32
5408390341,262237,144318,1,1,1,32,32,1,30,0.000,0.000,,,,,NVIDIA A100-SXM4-40GB MIG 4g.20gb (0),1,,13,"void convert_kernel<__half2, float2>(tensor_layout_any, T1 *, tensor_layout_any, const T2 *)"
5408684130,6304,144321,,,,,,,,,,0.094,14862.903,Pinned,Device,NVIDIA A100-SXM4-40GB MIG 4g.20gb (0),1,,13,[CUDA memcpy Host-to-Device]
5408936351,6336,144322,,,,,,,,,,1.547,244100.573,Device,,NVIDIA A100-SXM4-40GB MIG 4g.20gb (0),1,,13,[CUDA memset]
5408950015,4064,144327,,,,,,,,,,0.031,7700.756,Pinned,Device,NVIDIA A100-SXM4-40GB MIG 4g.20gb (0),1,,13,[CUDA memcpy Host-to-Device]
5408956511,10687,144328,,,,,,,,,,0.197,18396.807,Pinned,Device,NVIDIA A100-SXM4-40GB MIG 4g.20gb (0),1,,13,[CUDA memcpy Host-to-Device]
5409217851,13024,144329,273,1,1,8,4,1,39,0.002,0.000,,,,,NVIDIA A100-SXM4-40GB MIG 4g.20gb (0),1,,13,"void channel_eq::eqMmseCoefCompLowMimoKernel<float, float, float, (unsigned int)4, (unsigned int)1, (unsigned int)4>(const channel_eq::_puschRxChEqStatDescr *, channel_eq::_puschRxChEqCoefCompDynDescr)"
5409503064,12256,144330,273,1,1,12,11,1,51,0.002,0.000,,,,,NVIDIA A100-SXM4-40GB MIG 4g.20gb (0),1,,13,"void channel_eq::eqMmseSoftDemapKernel<float, __half, __half, float, (unsigned int)4, (unsigned short)16383>(channel_eq::_puschRxChEqStatDescr *, channel_eq::_puschRxChEqSoftDemapDynDescr)"
5409785365,584601,144331,1,1,1,32,32,1,30,0.000,0.000,,,,,NVIDIA A100-SXM4-40GB MIG 4g.20gb (0),1,,13,"void convert_kernel<float2, __half2>(tensor_layout_any, T1 *, tensor_layout_any, const T2 *)"
5410395790,11808,144343,2253,1,1,128,1,1,16,0.000,0.000,,,,,NVIDIA A100-SXM4-40GB MIG 4g.20gb (0),1,,13,cupy_copy__float16_float16
5410470637,4864,144352,282,1,1,128,1,1,16,0.000,0.000,,,,,NVIDIA A100-SXM4-40GB MIG 4g.20gb (0),1,,13,cupy_copy__complex64_complex64
5410538540,3424,144361,26,1,1,128,1,1,16,0.000,0.000,,,,,NVIDIA A100-SXM4-40GB MIG 4g.20gb (0),1,,13,cupy_copy__float32_float32
5410598988,5983,144370,103,1,1,128,1,1,16,0.000,0.000,,,,,NVIDIA A100-SXM4-40GB MIG 4g.20gb (0),1,,13,cupy_copy__complex64_complex64
5410703530,16064,144386,1434,1,1,128,1,1,16,0.000,0.000,,,,,NVIDIA A100-SXM4-40GB MIG 4g.20gb (0),1,,13,cupy_copy__complex64_complex64
5410813641,129887,144391,1,1,1,32,32,1,30,0.000,0.000,,,,,NVIDIA A100-SXM4-40GB MIG 4g.20gb (0),1,,13,"void convert_kernel<__half2, float2>(tensor_layout_any, T1 *, tensor_layout_any, const T2 *)"
5410972679,5376,144394,,,,,,,,,,0.094,17428.487,Pinned,Device,NVIDIA A100-SXM4-40GB MIG 4g.20gb (0),1,,13,[CUDA memcpy Host-to-Device]
5411015271,644024,144395,,,,,,,,,,456.561,708583.355,Device,,NVIDIA A100-SXM4-40GB MIG 4g.20gb (0),1,,13,[CUDA memset]
5411664191,59808,144400,,,,,,,,,,1.235,20648.264,Pinned,Device,NVIDIA A100-SXM4-40GB MIG 4g.20gb (0),1,,13,[CUDA memcpy Host-to-Device]
5411726495,10367,144401,,,,,,,,,,0.197,18964.611,Pinned,Device,NVIDIA A100-SXM4-40GB MIG 4g.20gb (0),1,,13,[CUDA memcpy Host-to-Device]
5411959580,16992,144402,69,4,1,48,1,1,76,0.002,0.000,,,,,NVIDIA A100-SXM4-40GB MIG 4g.20gb (0),1,,13,"void ch_est::windowedChEstPreNoDftSOfdmKernel<float, __half, float, (unsigned int)2, (unsigned int)1, (unsigned short)4>(ch_est::puschRxChEstStatDescr_t *, ch_est::puschRxChEstDynDescr_t *)"
5412055387,13728,144403,137,2,1,24,2,1,44,0.001,0.001,,,,,NVIDIA A100-SXM4-40GB MIG 4g.20gb (0),1,,13,"void ch_est::chEstFilterNoDftSOfdmDispatchKernel<float, __half, float, (unsigned int)2>(ch_est::puschRxChEstStatDescr_t *, ch_est::puschRxChEstDynDescr_t *)"
5412319800,11360,144404,137,2,1,24,2,1,44,0.001,0.001,,,,,NVIDIA A100-SXM4-40GB MIG 4g.20gb (0),1,,13,"void ch_est::chEstFilterNoDftSOfdmDispatchKernel<float, __half, float, (unsigned int)2>(ch_est::puschRxChEstStatDescr_t *, ch_est::puschRxChEstDynDescr_t *)"
5412578677,6208,144415,103,1,1,128,1,1,16,0.000,0.000,,,,,NVIDIA A100-SXM4-40GB MIG 4g.20gb (0),1,,13,cupy_copy__complex64_complex64
5412838290,16576,144425,1434,1,1,128,1,1,16,0.000,0.000,,,,,NVIDIA A100-SXM4-40GB MIG 4g.20gb (0),1,,13,cupy_copy__complex64_complex64
5413105295,5792,144432,103,1,1,128,1,1,16,0.000,0.000,,,,,NVIDIA A100-SXM4-40GB MIG 4g.20gb (0),1,,13,cupy_copy__complex64_complex64
5413364620,267773,144439,1,1,1,32,32,1,30,0.000,0.000,,,,,NVIDIA A100-SXM4-40GB MIG 4g.20gb (0),1,,13,"void convert_kernel<__half2, float2>(tensor_layout_any, T1 *, tensor_layout_any, const T2 *)"
5413662856,5536,144442,,,,,,,,,,0.094,16924.777,Pinned,Device,NVIDIA A100-SXM4-40GB MIG 4g.20gb (0),1,,13,[CUDA memcpy Host-to-Device]
5413912613,57600,144443,,,,,,,,,,35.810,621696.021,Device,,NVIDIA A100-SXM4-40GB MIG 4g.20gb (0),1,,13,[CUDA memset]
5413976805,1824,144445,,,,,,,,,,0.000,43.860,Pinned,Device,NVIDIA A100-SXM4-40GB MIG 4g.20gb (0),1,,13,[CUDA memcpy Host-to-Device]
5413981253,10015,144446,,,,,,,,,,0.197,19631.309,Pinned,Device,NVIDIA A100-SXM4-40GB MIG 4g.20gb (0),1,,13,[CUDA memcpy Host-to-Device]
5414226882,14848,144447,273,1,1,48,1,1,40,0.000,0.001,,,,,NVIDIA A100-SXM4-40GB MIG 4g.20gb (0),1,,13,"void pusch_noise_intf_est::noiseIntfEstNoDftSOfdmKernel<float, __half, float, float, (unsigned int)2, (unsigned int)1, (unsigned char)4, (unsigned char)4>(pusch_noise_intf_est::puschRxNoiseIntfEstDynDescr)"
5414493855,4768,144458,35,1,1,128,1,1,16,0.000,0.000,,,,,NVIDIA A100-SXM4-40GB MIG 4g.20gb (0),1,,13,cupy_copy__complex64_complex64
5414531166,2976,144467,1,1,1,1,1,1,18,0.000,0.000,,,,,NVIDIA A100-SXM4-40GB MIG 4g.20gb (0),1,,13,cupy_copy__float32_float32
5414538942,1600,144473,,,,,,,,,,0.000,2.500,Device,Pageable,NVIDIA A100-SXM4-40GB MIG 4g.20gb (0),1,,7,[CUDA memcpy Device-to-Host]
5414658557,14528,144484,1434,1,1,128,1,1,16,0.000,0.000,,,,,NVIDIA A100-SXM4-40GB MIG 4g.20gb (0),1,,13,cupy_copy__complex64_complex64
5414702812,4928,144491,103,1,1,128,1,1,16,0.000,0.000,,,,,NVIDIA A100-SXM4-40GB MIG 4g.20gb (0),1,,13,cupy_copy__complex64_complex64
5414740060,4480,144498,35,1,1,128,1,1,16,0.000,0.000,,,,,NVIDIA A100-SXM4-40GB MIG 4g.20gb (0),1,,13,cupy_copy__complex64_complex64
5414807259,2496,144505,1,1,1,1,1,1,18,0.000,0.000,,,,,NVIDIA A100-SXM4-40GB MIG 4g.20gb (0),1,,13,cupy_copy__float32_float32
5414867770,165726,144516,1,1,1,32,32,1,30,0.000,0.000,,,,,NVIDIA A100-SXM4-40GB MIG 4g.20gb (0),1,,13,"void convert_kernel<__half2, float2>(tensor_layout_any, T1 *, tensor_layout_any, const T2 *)"
5415063928,5760,144519,,,,,,,,,,0.094,16266.656,Pinned,Device,NVIDIA A100-SXM4-40GB MIG 4g.20gb (0),1,,13,[CUDA memcpy Host-to-Device]
5415107128,5375,144520,,,,,,,,,,1.547,287743.209,Device,,NVIDIA A100-SXM4-40GB MIG 4g.20gb (0),1,,13,[CUDA memset]
5415115063,3136,144525,,,,,,,,,,0.031,9979.575,Pinned,Device,NVIDIA A100-SXM4-40GB MIG 4g.20gb (0),1,,13,[CUDA memcpy Host-to-Device]
5415120631,9632,144526,,,,,,,,,,0.197,20411.843,Pinned,Device,NVIDIA A100-SXM4-40GB MIG 4g.20gb (0),1,,13,[CUDA memcpy Host-to-Device]
5415175287,8928,144527,273,1,1,8,4,1,39,0.002,0.000,,,,,NVIDIA A100-SXM4-40GB MIG 4g.20gb (0),1,,13,"void channel_eq::eqMmseCoefCompLowMimoKernel<float, float, float, (unsigned int)4, (unsigned int)1, (unsigned int)4>(const channel_eq::_puschRxChEqStatDescr *, channel_eq::_puschRxChEqCoefCompDynDescr)"
5415213622,7424,144528,273,1,1,12,11,1,51,0.002,0.000,,,,,NVIDIA A100-SXM4-40GB MIG 4g.20gb (0),1,,13,"void channel_eq::eqMmseSoftDemapKernel<float, __half, __half, float, (unsigned int)4, (unsigned short)16383>(channel_eq::_puschRxChEqStatDescr *, channel_eq::_puschRxChEqSoftDemapDynDescr)"
5415284501,359484,144529,1,1,1,32,32,1,30,0.000,0.000,,,,,NVIDIA A100-SXM4-40GB MIG 4g.20gb (0),1,,13,"void convert_kernel<float2, __half2>(tensor_layout_any, T1 *, tensor_layout_any, const T2 *)"
5415690513,11904,144541,2253,1,1,128,1,1,16,0.000,0.000,,,,,NVIDIA A100-SXM4-40GB MIG 4g.20gb (0),1,,13,cupy_copy__float16_float16
5415826735,7904,144550,282,1,1,128,1,1,16,0.000,0.000,,,,,NVIDIA A100-SXM4-40GB MIG 4g.20gb (0),1,,13,cupy_copy__complex64_complex64
5416110956,6208,144559,26,1,1,128,1,1,16,0.000,0.000,,,,,NVIDIA A100-SXM4-40GB MIG 4g.20gb (0),1,,13,cupy_copy__float32_float32
5416392105,7136,144568,103,1,1,128,1,1,16,0.000,0.000,,,,,NVIDIA A100-SXM4-40GB MIG 4g.20gb (0),1,,13,cupy_copy__complex64_complex64
5416464744,13952,144578,1434,1,1,128,1,1,16,0.000,0.000,,,,,NVIDIA A100-SXM4-40GB MIG 4g.20gb (0),1,,13,cupy_copy__complex64_complex64
5416753637,227581,144583,1,1,1,32,32,1,30,0.000,0.000,,,,,NVIDIA A100-SXM4-40GB MIG 4g.20gb (0),1,,13,"void convert_kernel<__half2, float2>(tensor_layout_any, T1 *, tensor_layout_any, const T2 *)"
5417011298,5887,144586,,,,,,,,,,0.094,15915.671,Pinned,Device,NVIDIA A100-SXM4-40GB MIG 4g.20gb (0),1,,13,[CUDA memcpy Host-to-Device]
5417282142,628313,144587,,,,,,,,,,456.561,726389.251,Device,,NVIDIA A100-SXM4-40GB MIG 4g.20gb (0),1,,13,[CUDA memset]
5417913623,54784,144592,,,,,,,,,,1.235,22541.433,Pinned,Device,NVIDIA A100-SXM4-40GB MIG 4g.20gb (0),1,,13,[CUDA memcpy Host-to-Device]
5417970934,10624,144593,,,,,,,,,,0.197,18505.925,Pinned,Device,NVIDIA A100-SXM4-40GB MIG 4g.20gb (0),1,,13,[CUDA memcpy Host-to-Device]
5418234291,13888,144594,69,4,1,48,1,1,76,0.002,0.000,,,,,NVIDIA A100-SXM4-40GB MIG 4g.20gb (0),1,,13,"void ch_est::windowedChEstPreNoDftSOfdmKernel<float, __half, float, (unsigned int)2, (unsigned int)1, (unsigned short)4>(ch_est::puschRxChEstStatDescr_t *, ch_est::puschRxChEstDynDescr_t *)"
5418526352,11904,144595,137,2,1,24,2,1,44,0.001,0.001,,,,,NVIDIA A100-SXM4-40GB MIG 4g.20gb (0),1,,13,"void ch_est::chEstFilterNoDftSOfdmDispatchKernel<float, __half, float, (unsigned int)2>(ch_est::puschRxChEstStatDescr_t *, ch_est::puschRxChEstDynDescr_t *)"
5418818733,11680,144596,137,2,1,24,2,1,44,0.001,0.001,,,,,NVIDIA A100-SXM4-40GB MIG 4g.20gb (0),1,,13,"void ch_est::chEstFilterNoDftSOfdmDispatchKernel<float, __half, float, (unsigned int)2>(ch_est::puschRxChEstStatDescr_t *, ch_est::puschRxChEstDynDescr_t *)"
5419107497,5600,144607,103,1,1,128,1,1,16,0.000,0.000,,,,,NVIDIA A100-SXM4-40GB MIG 4g.20gb (0),1,,13,cupy_copy__complex64_complex64
5419388582,17088,144617,1434,1,1,128,1,1,16,0.000,0.000,,,,,NVIDIA A100-SXM4-40GB MIG 4g.20gb (0),1,,13,cupy_copy__complex64_complex64
5419468517,4800,144624,103,1,1,128,1,1,16,0.000,0.000,,,,,NVIDIA A100-SXM4-40GB MIG 4g.20gb (0),1,,13,cupy_copy__complex64_complex64
5419536260,155711,144631,1,1,1,32,32,1,30,0.000,0.000,,,,,NVIDIA A100-SXM4-40GB MIG 4g.20gb (0),1,,13,"void convert_kernel<__half2, float2>(tensor_layout_any, T1 *, tensor_layout_any, const T2 *)"
5419720994,5376,144634,,,,,,,,,,0.094,17428.487,Pinned,Device,NVIDIA A100-SXM4-40GB MIG 4g.20gb (0),1,,13,[CUDA memcpy Host-to-Device]
5419768610,57631,144635,,,,,,,,,,35.810,621337.922,Device,,NVIDIA A100-SXM4-40GB MIG 4g.20gb (0),1,,13,[CUDA memset]
5419831489,1824,144637,,,,,,,,,,0.000,43.860,Pinned,Device,NVIDIA A100-SXM4-40GB MIG 4g.20gb (0),1,,13,[CUDA memcpy Host-to-Device]
5419835841,9504,144638,,,,,,,,,,0.197,20686.701,Pinned,Device,NVIDIA A100-SXM4-40GB MIG 4g.20gb (0),1,,13,[CUDA memcpy Host-to-Device]
5419895072,11712,144639,273,1,1,48,1,1,40,0.000,0.001,,,,,NVIDIA A100-SXM4-40GB MIG 4g.20gb (0),1,,13,"void pusch_noise_intf_est::noiseIntfEstNoDftSOfdmKernel<float, __half, float, float, (unsigned int)2, (unsigned int)1, (unsigned char)4, (unsigned char)4>(pusch_noise_intf_est::puschRxNoiseIntfEstDynDescr)"
5419935616,4096,144650,35,1,1,128,1,1,16,0.000,0.000,,,,,NVIDIA A100-SXM4-40GB MIG 4g.20gb (0),1,,13,cupy_copy__complex64_complex64
5420003519,2272,144659,1,1,1,1,1,1,18,0.000,0.000,,,,,NVIDIA A100-SXM4-40GB MIG 4g.20gb (0),1,,13,cupy_copy__float32_float32
5420009087,1664,144665,,,,,,,,,,0.000,2.404,Device,Pageable,NVIDIA A100-SXM4-40GB MIG 4g.20gb (0),1,,7,[CUDA memcpy Device-to-Host]
5420100606,15840,144676,1434,1,1,128,1,1,16,0.000,0.000,,,,,NVIDIA A100-SXM4-40GB MIG 4g.20gb (0),1,,13,cupy_copy__complex64_complex64
5420143453,4448,144683,103,1,1,128,1,1,16,0.000,0.000,,,,,NVIDIA A100-SXM4-40GB MIG 4g.20gb (0),1,,13,cupy_copy__complex64_complex64
5420210749,4192,144690,35,1,1,128,1,1,16,0.000,0.000,,,,,NVIDIA A100-SXM4-40GB MIG 4g.20gb (0),1,,13,cupy_copy__complex64_complex64
5420271356,2144,144697,1,1,1,1,1,1,18,0.000,0.000,,,,,NVIDIA A100-SXM4-40GB MIG 4g.20gb (0),1,,13,cupy_copy__float32_float32
5420344955,175134,144708,1,1,1,32,32,1,30,0.000,0.000,,,,,NVIDIA A100-SXM4-40GB MIG 4g.20gb (0),1,,13,"void convert_kernel<__half2, float2>(tensor_layout_any, T1 *, tensor_layout_any, const T2 *)"
5420550553,6496,144711,,,,,,,,,,0.094,14423.562,Pinned,Device,NVIDIA A100-SXM4-40GB MIG 4g.20gb (0),1,,13,[CUDA memcpy Host-to-Device]
5420614008,5504,144712,,,,,,,,,,1.547,280999.928,Device,,NVIDIA A100-SXM4-40GB MIG 4g.20gb (0),1,,13,[CUDA memset]
5420625208,3040,144717,,,,,,,,,,0.031,10294.725,Pinned,Device,NVIDIA A100-SXM4-40GB MIG 4g.20gb (0),1,,13,[CUDA memcpy Host-to-Device]
5420630680,9536,144718,,,,,,,,,,0.197,20617.298,Pinned,Device,NVIDIA A100-SXM4-40GB MIG 4g.20gb (0),1,,13,[CUDA memcpy Host-to-Device]
5420656375,11520,144719,273,1,1,8,4,1,39,0.002,0.000,,,,,NVIDIA A100-SXM4-40GB MIG 4g.20gb (0),1,,13,"void channel_eq::eqMmseCoefCompLowMimoKernel<float, float, float, (unsigned int)4, (unsigned int)1, (unsigned int)4>(const channel_eq::_puschRxChEqStatDescr *, channel_eq::_puschRxChEqCoefCompDynDescr)"
5420702007,7808,144720,273,1,1,12,11,1,51,0.002,0.000,,,,,NVIDIA A100-SXM4-40GB MIG 4g.20gb (0),1,,13,"void channel_eq::eqMmseSoftDemapKernel<float, __half, __half, float, (unsigned int)4, (unsigned short)16383>(channel_eq::_puschRxChEqStatDescr *, channel_eq::_puschRxChEqSoftDemapDynDescr)"
5420772598,341116,144721,1,1,1,32,32,1,30,0.000,0.000,,,,,NVIDIA A100-SXM4-40GB MIG 4g.20gb (0),1,,13,"void convert_kernel<float2, __half2>(tensor_layout_any, T1 *, tensor_layout_any, const T2 *)"
5421137458,12736,144733,2253,1,1,128,1,1,16,0.000,0.000,,,,,NVIDIA A100-SXM4-40GB MIG 4g.20gb (0),1,,13,cupy_copy__float16_float16
5421211313,5664,144742,282,1,1,128,1,1,16,0.000,0.000,,,,,NVIDIA A100-SXM4-40GB MIG 4g.20gb (0),1,,13,cupy_copy__complex64_complex64
5421255793,2976,144751,26,1,1,128,1,1,16,0.000,0.000,,,,,NVIDIA A100-SXM4-40GB MIG 4g.20gb (0),1,,13,cupy_copy__float32_float32
5421311792,6976,144760,103,1,1,128,1,1,16,0.000,0.000,,,,,NVIDIA A100-SXM4-40GB MIG 4g.20gb (0),1,,13,cupy_copy__complex64_complex64
5421347408,13119,144770,1434,1,1,128,1,1,16,0.000,0.000,,,,,NVIDIA A100-SXM4-40GB MIG 4g.20gb (0),1,,13,cupy_copy__complex64_complex64
5421422319,117214,144775,1,1,1,32,32,1,30,0.000,0.000,,,,,NVIDIA A100-SXM4-40GB MIG 4g.20gb (0),1,,13,"void convert_kernel<__half2, float2>(tensor_layout_any, T1 *, tensor_layout_any, const T2 *)"
5421568493,6240,144778,,,,,,,,,,0.094,15015.346,Pinned,Device,NVIDIA A100-SXM4-40GB MIG 4g.20gb (0),1,,13,[CUDA memcpy Host-to-Device]
5421624908,640505,144779,,,,,,,,,,456.561,712692.408,Device,,NVIDIA A100-SXM4-40GB MIG 4g.20gb (0),1,,13,[CUDA memset]
5422269317,53983,144784,,,,,,,,,,1.235,22876.103,Pinned,Device,NVIDIA A100-SXM4-40GB MIG 4g.20gb (0),1,,13,[CUDA memcpy Host-to-Device]
5422325892,10752,144785,,,,,,,,,,0.197,18285.527,Pinned,Device,NVIDIA A100-SXM4-40GB MIG 4g.20gb (0),1,,13,[CUDA memcpy Host-to-Device]
5422405411,8736,144786,69,4,1,48,1,1,76,0.002,0.000,,,,,NVIDIA A100-SXM4-40GB MIG 4g.20gb (0),1,,13,"void ch_est::windowedChEstPreNoDftSOfdmKernel<float, __half, float, (unsigned int)2, (unsigned int)1, (unsigned short)4>(ch_est::puschRxChEstStatDescr_t *, ch_est::puschRxChEstDynDescr_t *)"
5422476706,8928,144787,137,2,1,24,2,1,44,0.001,0.001,,,,,NVIDIA A100-SXM4-40GB MIG 4g.20gb (0),1,,13,"void ch_est::chEstFilterNoDftSOfdmDispatchKernel<float, __half, float, (unsigned int)2>(ch_est::puschRxChEstStatDescr_t *, ch_est::puschRxChEstDynDescr_t *)"
5422547266,8256,144788,137,2,1,24,2,1,44,0.001,0.001,,,,,NVIDIA A100-SXM4-40GB MIG 4g.20gb (0),1,,13,"void ch_est::chEstFilterNoDftSOfdmDispatchKernel<float, __half, float, (unsigned int)2>(ch_est::puschRxChEstStatDescr_t *, ch_est::puschRxChEstDynDescr_t *)"
5422616801,4032,144799,103,1,1,128,1,1,16,0.000,0.000,,,,,NVIDIA A100-SXM4-40GB MIG 4g.20gb (0),1,,13,cupy_copy__complex64_complex64
5422660032,14144,144809,1434,1,1,128,1,1,16,0.000,0.000,,,,,NVIDIA A100-SXM4-40GB MIG 4g.20gb (0),1,,13,cupy_copy__complex64_complex64
5422736127,4032,144816,103,1,1,128,1,1,16,0.000,0.000,,,,,NVIDIA A100-SXM4-40GB MIG 4g.20gb (0),1,,13,cupy_copy__complex64_complex64
5422792543,135486,144823,1,1,1,32,32,1,30,0.000,0.000,,,,,NVIDIA A100-SXM4-40GB MIG 4g.20gb (0),1,,13,"void convert_kernel<__half2, float2>(tensor_layout_any, T1 *, tensor_layout_any, const T2 *)"
5422955805,5408,144826,,,,,,,,,,0.094,17325.421,Pinned,Device,NVIDIA A100-SXM4-40GB MIG 4g.20gb (0),1,,13,[CUDA memcpy Host-to-Device]
5423007516,55072,144827,,,,,,,,,,35.810,650236.527,Device,,NVIDIA A100-SXM4-40GB MIG 4g.20gb (0),1,,13,[CUDA memset]
5423064956,1856,144829,,,,,,,,,,0.000,43.103,Pinned,Device,NVIDIA A100-SXM4-40GB MIG 4g.20gb (0),1,,13,[CUDA memcpy Host-to-Device]
5423069244,10080,144830,,,,,,,,,,0.197,19504.693,Pinned,Device,NVIDIA A100-SXM4-40GB MIG 4g.20gb (0),1,,13,[CUDA memcpy Host-to-Device]
5423130907,16576,144831,273,1,1,48,1,1,40,0.000,0.001,,,,,NVIDIA A100-SXM4-40GB MIG 4g.20gb (0),1,,13,"void pusch_noise_intf_est::noiseIntfEstNoDftSOfdmKernel<float, __half, float, float, (unsigned int)2, (unsigned int)1, (unsigned char)4, (unsigned char)4>(pusch_noise_intf_est::puschRxNoiseIntfEstDynDescr)"
5423204602,4672,144842,35,1,1,128,1,1,16,0.000,0.000,,,,,NVIDIA A100-SXM4-40GB MIG 4g.20gb (0),1,,13,cupy_copy__complex64_complex64
5423272025,2208,144851,1,1,1,1,1,1,18,0.000,0.000,,,,,NVIDIA A100-SXM4-40GB MIG 4g.20gb (0),1,,13,cupy_copy__float32_float32
5423275033,1632,144857,,,,,,,,,,0.000,2.451,Device,Pageable,NVIDIA A100-SXM4-40GB MIG 4g.20gb (0),1,,7,[CUDA memcpy Device-to-Host]
5423363608,13472,144868,1434,1,1,128,1,1,16,0.000,0.000,,,,,NVIDIA A100-SXM4-40GB MIG 4g.20gb (0),1,,13,cupy_copy__complex64_complex64
5423438071,3680,144875,103,1,1,128,1,1,16,0.000,0.000,,,,,NVIDIA A100-SXM4-40GB MIG 4g.20gb (0),1,,13,cupy_copy__complex64_complex64
5423481943,4896,144882,35,1,1,128,1,1,16,0.000,0.000,,,,,NVIDIA A100-SXM4-40GB MIG 4g.20gb (0),1,,13,cupy_copy__complex64_complex64
5423549206,2048,144889,1,1,1,1,1,1,18,0.000,0.000,,,,,NVIDIA A100-SXM4-40GB MIG 4g.20gb (0),1,,13,cupy_copy__float32_float32
5423574806,163678,144900,1,1,1,32,32,1,30,0.000,0.000,,,,,NVIDIA A100-SXM4-40GB MIG 4g.20gb (0),1,,13,"void convert_kernel<__half2, float2>(tensor_layout_any, T1 *, tensor_layout_any, const T2 *)"
5423766452,5408,144903,,,,,,,,,,0.094,17325.421,Pinned,Device,NVIDIA A100-SXM4-40GB MIG 4g.20gb (0),1,,13,[CUDA memcpy Host-to-Device]
5423820115,4224,144904,,,,,,,,,,1.547,366150.859,Device,,NVIDIA A100-SXM4-40GB MIG 4g.20gb (0),1,,13,[CUDA memset]
5423831187,3104,144909,,,,,,,,,,0.031,10082.445,Pinned,Device,NVIDIA A100-SXM4-40GB MIG 4g.20gb (0),1,,13,[CUDA memcpy Host-to-Device]
5423836851,9504,144910,,,,,,,,,,0.197,20686.701,Pinned,Device,NVIDIA A100-SXM4-40GB MIG 4g.20gb (0),1,,13,[CUDA memcpy Host-to-Device]
5423889970,12800,144911,273,1,1,8,4,1,39,0.002,0.000,,,,,NVIDIA A100-SXM4-40GB MIG 4g.20gb (0),1,,13,"void channel_eq::eqMmseCoefCompLowMimoKernel<float, float, float, (unsigned int)4, (unsigned int)1, (unsigned int)4>(const channel_eq::_puschRxChEqStatDescr *, channel_eq::_puschRxChEqCoefCompDynDescr)"
5423960433,8032,144912,273,1,1,12,11,1,51,0.002,0.000,,,,,NVIDIA A100-SXM4-40GB MIG 4g.20gb (0),1,,13,"void channel_eq::eqMmseSoftDemapKernel<float, __half, __half, float, (unsigned int)4, (unsigned short)16383>(channel_eq::_puschRxChEqStatDescr *, channel_eq::_puschRxChEqSoftDemapDynDescr)"
5424031409,368027,144913,1,1,1,32,32,1,30,0.000,0.000,,,,,NVIDIA A100-SXM4-40GB MIG 4g.20gb (0),1,,13,"void convert_kernel<float2, __half2>(tensor_layout_any, T1 *, tensor_layout_any, const T2 *)"
5424440140,11424,144925,2253,1,1,128,1,1,16,0.000,0.000,,,,,NVIDIA A100-SXM4-40GB MIG 4g.20gb (0),1,,13,cupy_copy__float16_float16
5424515019,4160,144934,282,1,1,128,1,1,16,0.000,0.000,,,,,NVIDIA A100-SXM4-40GB MIG 4g.20gb (0),1,,13,cupy_copy__complex64_complex64
5424583754,2912,144943,26,1,1,128,1,1,16,0.000,0.000,,,,,NVIDIA A100-SXM4-40GB MIG 4g.20gb (0),1,,13,cupy_copy__float32_float32
5424639850,5663,144952,103,1,1,128,1,1,16,0.000,0.000,,,,,NVIDIA A100-SXM4-40GB MIG 4g.20gb (0),1,,13,cupy_copy__complex64_complex64
5424675593,12896,144962,1434,1,1,128,1,1,16,0.000,0.000,,,,,NVIDIA A100-SXM4-40GB MIG 4g.20gb (0),1,,13,cupy_copy__complex64_complex64
5424750440,135583,144967,1,1,1,32,32,1,30,0.000,0.000,,,,,NVIDIA A100-SXM4-40GB MIG 4g.20gb (0),1,,13,"void convert_kernel<__half2, float2>(tensor_layout_any, T1 *, tensor_layout_any, const T2 *)"
5424913734,5408,144970,,,,,,,,,,0.094,17325.421,Pinned,Device,NVIDIA A100-SXM4-40GB MIG 4g.20gb (0),1,,13,[CUDA memcpy Host-to-Device]
5424952582,633561,144971,,,,,,,,,,456.561,720453.952,Device,,NVIDIA A100-SXM4-40GB MIG 4g.20gb (0),1,,13,[CUDA memset]
5425589407,54015,144976,,,,,,,,,,1.235,22862.518,Pinned,Device,NVIDIA A100-SXM4-40GB MIG 4g.20gb (0),1,,13,[CUDA memcpy Host-to-Device]
5425645854,10848,144977,,,,,,,,,,0.197,18123.719,Pinned,Device,NVIDIA A100-SXM4-40GB MIG 4g.20gb (0),1,,13,[CUDA memcpy Host-to-Device]
5425727069,8608,144978,69,4,1,48,1,1,76,0.002,0.000,,,,,NVIDIA A100-SXM4-40GB MIG 4g.20gb (0),1,,13,"void ch_est::windowedChEstPreNoDftSOfdmKernel<float, __half, float, (unsigned int)2, (unsigned int)1, (unsigned short)4>(ch_est::puschRxChEstStatDescr_t *, ch_est::puschRxChEstDynDescr_t *)"
5425798492,8960,144979,137,2,1,24,2,1,44,0.001,0.001,,,,,NVIDIA A100-SXM4-40GB MIG 4g.20gb (0),1,,13,"void ch_est::chEstFilterNoDftSOfdmDispatchKernel<float, __half, float, (unsigned int)2>(ch_est::puschRxChEstStatDescr_t *, ch_est::puschRxChEstDynDescr_t *)"
5425868667,8352,144980,137,2,1,24,2,1,44,0.001,0.001,,,,,NVIDIA A100-SXM4-40GB MIG 4g.20gb (0),1,,13,"void ch_est::chEstFilterNoDftSOfdmDispatchKernel<float, __half, float, (unsigned int)2>(ch_est::puschRxChEstStatDescr_t *, ch_est::puschRxChEstDynDescr_t *)"
5425938171,4223,144991,103,1,1,128,1,1,16,0.000,0.000,,,,,NVIDIA A100-SXM4-40GB MIG 4g.20gb (0),1,,13,cupy_copy__complex64_complex64
5425981466,13056,145001,1434,1,1,128,1,1,16,0.000,0.000,,,,,NVIDIA A100-SXM4-40GB MIG 4g.20gb (0),1,,13,cupy_copy__complex64_complex64
5426057849,3424,145008,103,1,1,128,1,1,16,0.000,0.000,,,,,NVIDIA A100-SXM4-40GB MIG 4g.20gb (0),1,,13,cupy_copy__complex64_complex64
5426114072,158847,145015,1,1,1,32,32,1,30,0.000,0.000,,,,,NVIDIA A100-SXM4-40GB MIG 4g.20gb (0),1,,13,"void convert_kernel<__half2, float2>(tensor_layout_any, T1 *, tensor_layout_any, const T2 *)"
5426301654,5504,145018,,,,,,,,,,0.094,17023.251,Pinned,Device,NVIDIA A100-SXM4-40GB MIG 4g.20gb (0),1,,13,[CUDA memcpy Host-to-Device]
5426352598,55231,145019,,,,,,,,,,35.810,648338.602,Device,,NVIDIA A100-SXM4-40GB MIG 4g.20gb (0),1,,13,[CUDA memset]
5426413109,1856,145021,,,,,,,,,,0.000,43.103,Pinned,Device,NVIDIA A100-SXM4-40GB MIG 4g.20gb (0),1,,13,[CUDA memcpy Host-to-Device]
5426417429,9440,145022,,,,,,,,,,0.197,20827.079,Pinned,Device,NVIDIA A100-SXM4-40GB MIG 4g.20gb (0),1,,13,[CUDA memcpy Host-to-Device]
5426477236,11488,145023,273,1,1,48,1,1,40,0.000,0.001,,,,,NVIDIA A100-SXM4-40GB MIG 4g.20gb (0),1,,13,"void pusch_noise_intf_est::noiseIntfEstNoDftSOfdmKernel<float, __half, float, float, (unsigned int)2, (unsigned int)1, (unsigned char)4, (unsigned char)4>(pusch_noise_intf_est::puschRxNoiseIntfEstDynDescr)"
5426547699,7104,145034,35,1,1,128,1,1,16,0.000,0.000,,,,,NVIDIA A100-SXM4-40GB MIG 4g.20gb (0),1,,13,cupy_copy__complex64_complex64
5426591763,2368,145043,1,1,1,1,1,1,18,0.000,0.000,,,,,NVIDIA A100-SXM4-40GB MIG 4g.20gb (0),1,,13,cupy_copy__float32_float32
5426597427,1728,145049,,,,,,,,,,0.000,2.315,Device,Pageable,NVIDIA A100-SXM4-40GB MIG 4g.20gb (0),1,,7,[CUDA memcpy Device-to-Host]
5426683602,13088,145060,1434,1,1,128,1,1,16,0.000,0.000,,,,,NVIDIA A100-SXM4-40GB MIG 4g.20gb (0),1,,13,cupy_copy__complex64_complex64
5426757745,4256,145067,103,1,1,128,1,1,16,0.000,0.000,,,,,NVIDIA A100-SXM4-40GB MIG 4g.20gb (0),1,,13,cupy_copy__complex64_complex64
5426801745,3328,145074,35,1,1,128,1,1,16,0.000,0.000,,,,,NVIDIA A100-SXM4-40GB MIG 4g.20gb (0),1,,13,cupy_copy__complex64_complex64
5426857904,2528,145081,1,1,1,1,1,1,18,0.000,0.000,,,,,NVIDIA A100-SXM4-40GB MIG 4g.20gb (0),1,,13,cupy_copy__float32_float32
5426925135,171198,145092,1,1,1,32,32,1,30,0.000,0.000,,,,,NVIDIA A100-SXM4-40GB MIG 4g.20gb (0),1,,13,"void convert_kernel<__half2, float2>(tensor_layout_any, T1 *, tensor_layout_any, const T2 *)"
5427124717,5600,145095,,,,,,,,,,0.094,16731.388,Pinned,Device,NVIDIA A100-SXM4-40GB MIG 4g.20gb (0),1,,13,[CUDA memcpy Host-to-Device]
5427163340,5472,145096,,,,,,,,,,1.547,282642.443,Device,,NVIDIA A100-SXM4-40GB MIG 4g.20gb (0),1,,13,[CUDA memset]
5427173356,3424,145101,,,,,,,,,,0.031,9140.185,Pinned,Device,NVIDIA A100-SXM4-40GB MIG 4g.20gb (0),1,,13,[CUDA memcpy Host-to-Device]
5427179212,9824,145102,,,,,,,,,,0.197,20012.925,Pinned,Device,NVIDIA A100-SXM4-40GB MIG 4g.20gb (0),1,,13,[CUDA memcpy Host-to-Device]
5427232492,11583,145103,273,1,1,8,4,1,39,0.002,0.000,,,,,NVIDIA A100-SXM4-40GB MIG 4g.20gb (0),1,,13,"void channel_eq::eqMmseCoefCompLowMimoKernel<float, float, float, (unsigned int)4, (unsigned int)1, (unsigned int)4>(const channel_eq::_puschRxChEqStatDescr *, channel_eq::_puschRxChEqCoefCompDynDescr)"
5427300747,9344,145104,273,1,1,12,11,1,51,0.002,0.000,,,,,NVIDIA A100-SXM4-40GB MIG 4g.20gb (0),1,,13,"void channel_eq::eqMmseSoftDemapKernel<float, __half, __half, float, (unsigned int)4, (unsigned short)16383>(channel_eq::_puschRxChEqStatDescr *, channel_eq::_puschRxChEqSoftDemapDynDescr)"
5427372874,341244,145105,1,1,1,32,32,1,30,0.000,0.000,,,,,NVIDIA A100-SXM4-40GB MIG 4g.20gb (0),1,,13,"void convert_kernel<float2, __half2>(tensor_layout_any, T1 *, tensor_layout_any, const T2 *)"
5427756166,11423,145117,2253,1,1,128,1,1,16,0.000,0.000,,,,,NVIDIA A100-SXM4-40GB MIG 4g.20gb (0),1,,13,cupy_copy__float16_float16
5427831077,4288,145126,282,1,1,128,1,1,16,0.000,0.000,,,,,NVIDIA A100-SXM4-40GB MIG 4g.20gb (0),1,,13,cupy_copy__complex64_complex64
5427899620,3008,145135,26,1,1,128,1,1,16,0.000,0.000,,,,,NVIDIA A100-SXM4-40GB MIG 4g.20gb (0),1,,13,cupy_copy__float32_float32
5427923556,7552,145144,103,1,1,128,1,1,16,0.000,0.000,,,,,NVIDIA A100-SXM4-40GB MIG 4g.20gb (0),1,,13,cupy_copy__complex64_complex64
5427968259,12768,145154,1434,1,1,128,1,1,16,0.000,0.000,,,,,NVIDIA A100-SXM4-40GB MIG 4g.20gb (0),1,,13,cupy_copy__complex64_complex64
5428044130,123551,145159,1,1,1,32,32,1,30,0.000,0.000,,,,,NVIDIA A100-SXM4-40GB MIG 4g.20gb (0),1,,13,"void convert_kernel<__half2, float2>(tensor_layout_any, T1 *, tensor_layout_any, const T2 *)"
5428196448,5472,145162,,,,,,,,,,0.094,17122.757,Pinned,Device,NVIDIA A100-SXM4-40GB MIG 4g.20gb (0),1,,13,[CUDA memcpy Host-to-Device]
5428246784,635481,145163,,,,,,,,,,456.561,718171.145,Device,,NVIDIA A100-SXM4-40GB MIG 4g.20gb (0),1,,13,[CUDA memset]
5428889112,52288,145168,,,,,,,,,,1.235,23617.069,Pinned,Device,NVIDIA A100-SXM4-40GB MIG 4g.20gb (0),1,,13,[CUDA memcpy Host-to-Device]
5428943928,11936,145169,,,,,,,,,,0.197,16471.818,Pinned,Device,NVIDIA A100-SXM4-40GB MIG 4g.20gb (0),1,,13,[CUDA memcpy Host-to-Device]
5429084630,11104,145170,69,4,1,48,1,1,76,0.002,0.000,,,,,NVIDIA A100-SXM4-40GB MIG 4g.20gb (0),1,,13,"void ch_est::windowedChEstPreNoDftSOfdmKernel<float, __half, float, (unsigned int)2, (unsigned int)1, (unsigned short)4>(ch_est::puschRxChEstStatDescr_t *, ch_est::puschRxChEstDynDescr_t *)"
5429322003,9024,145171,137,2,1,24,2,1,44,0.001,0.001,,,,,NVIDIA A100-SXM4-40GB MIG 4g.20gb (0),1,,13,"void ch_est::chEstFilterNoDftSOfdmDispatchKernel<float, __half, float, (unsigned int)2>(ch_est::puschRxChEstStatDescr_t *, ch_est::puschRxChEstDynDescr_t *)"
5429589648,9568,145172,137,2,1,24,2,1,44,0.001,0.001,,,,,NVIDIA A100-SXM4-40GB MIG 4g.20gb (0),1,,13,"void ch_est::chEstFilterNoDftSOfdmDispatchKernel<float, __half, float, (unsigned int)2>(ch_est::puschRxChEstStatDescr_t *, ch_est::puschRxChEstDynDescr_t *)"
5429853741,6208,145183,103,1,1,128,1,1,16,0.000,0.000,,,,,NVIDIA A100-SXM4-40GB MIG 4g.20gb (0),1,,13,cupy_copy__complex64_complex64
5430076907,20320,145193,1434,1,1,128,1,1,16,0.000,0.000,,,,,NVIDIA A100-SXM4-40GB MIG 4g.20gb (0),1,,13,cupy_copy__complex64_complex64
5430168778,6240,145200,103,1,1,128,1,1,16,0.000,0.000,,,,,NVIDIA A100-SXM4-40GB MIG 4g.20gb (0),1,,13,cupy_copy__complex64_complex64
5430424423,283228,145207,1,1,1,32,32,1,30,0.000,0.000,,,,,NVIDIA A100-SXM4-40GB MIG 4g.20gb (0),1,,13,"void convert_kernel<__half2, float2>(tensor_layout_any, T1 *, tensor_layout_any, const T2 *)"
5430736547,6080,145210,,,,,,,,,,0.094,15410.462,Pinned,Device,NVIDIA A100-SXM4-40GB MIG 4g.20gb (0),1,,13,[CUDA memcpy Host-to-Device]
5430936353,57535,145211,,,,,,,,,,35.810,622376.410,Device,,NVIDIA A100-SXM4-40GB MIG 4g.20gb (0),1,,13,[CUDA memset]
5430999104,1824,145213,,,,,,,,,,0.000,43.860,Pinned,Device,NVIDIA A100-SXM4-40GB MIG 4g.20gb (0),1,,13,[CUDA memcpy Host-to-Device]
5431004352,10048,145214,,,,,,,,,,0.197,19566.821,Pinned,Device,NVIDIA A100-SXM4-40GB MIG 4g.20gb (0),1,,13,[CUDA memcpy Host-to-Device]
5431247133,18560,145215,273,1,1,48,1,1,40,0.000,0.001,,,,,NVIDIA A100-SXM4-40GB MIG 4g.20gb (0),1,,13,"void pusch_noise_intf_est::noiseIntfEstNoDftSOfdmKernel<float, __half, float, float, (unsigned int)2, (unsigned int)1, (unsigned char)4, (unsigned char)4>(pusch_noise_intf_est::puschRxNoiseIntfEstDynDescr)"
5431322236,6496,145226,35,1,1,128,1,1,16,0.000,0.000,,,,,NVIDIA A100-SXM4-40GB MIG 4g.20gb (0),1,,13,cupy_copy__complex64_complex64
5431389788,1952,145235,1,1,1,1,1,1,18,0.000,0.000,,,,,NVIDIA A100-SXM4-40GB MIG 4g.20gb (0),1,,13,cupy_copy__float32_float32
5431396860,1600,145241,,,,,,,,,,0.000,2.500,Device,Pageable,NVIDIA A100-SXM4-40GB MIG 4g.20gb (0),1,,7,[CUDA memcpy Device-to-Host]
5431481531,13023,145252,1434,1,1,128,1,1,16,0.000,0.000,,,,,NVIDIA A100-SXM4-40GB MIG 4g.20gb (0),1,,13,cupy_copy__complex64_complex64
5431531994,3808,145259,103,1,1,128,1,1,16,0.000,0.000,,,,,NVIDIA A100-SXM4-40GB MIG 4g.20gb (0),1,,13,cupy_copy__complex64_complex64
5431588857,3744,145266,35,1,1,128,1,1,16,0.000,0.000,,,,,NVIDIA A100-SXM4-40GB MIG 4g.20gb (0),1,,13,cupy_copy__complex64_complex64
5431624761,2208,145273,1,1,1,1,1,1,18,0.000,0.000,,,,,NVIDIA A100-SXM4-40GB MIG 4g.20gb (0),1,,13,cupy_copy__float32_float32
5431735704,176158,145284,1,1,1,32,32,1,30,0.000,0.000,,,,,NVIDIA A100-SXM4-40GB MIG 4g.20gb (0),1,,13,"void convert_kernel<__half2, float2>(tensor_layout_any, T1 *, tensor_layout_any, const T2 *)"
5431941845,6272,145287,,,,,,,,,,0.094,14938.703,Pinned,Device,NVIDIA A100-SXM4-40GB MIG 4g.20gb (0),1,,13,[CUDA memcpy Host-to-Device]
5432006388,4032,145288,,,,,,,,,,1.547,383585.951,Device,,NVIDIA A100-SXM4-40GB MIG 4g.20gb (0),1,,13,[CUDA memset]
5432016948,3040,145293,,,,,,,,,,0.031,10294.725,Pinned,Device,NVIDIA A100-SXM4-40GB MIG 4g.20gb (0),1,,13,[CUDA memcpy Host-to-Device]
5432022420,9472,145294,,,,,,,,,,0.197,20756.693,Pinned,Device,NVIDIA A100-SXM4-40GB MIG 4g.20gb (0),1,,13,[CUDA memcpy Host-to-Device]
5432076244,12864,145295,273,1,1,8,4,1,39,0.002,0.000,,,,,NVIDIA A100-SXM4-40GB MIG 4g.20gb (0),1,,13,"void channel_eq::eqMmseCoefCompLowMimoKernel<float, float, float, (unsigned int)4, (unsigned int)1, (unsigned int)4>(const channel_eq::_puschRxChEqStatDescr *, channel_eq::_puschRxChEqCoefCompDynDescr)"
5432146099,8576,145296,273,1,1,12,11,1,51,0.002,0.000,,,,,NVIDIA A100-SXM4-40GB MIG 4g.20gb (0),1,,13,"void channel_eq::eqMmseSoftDemapKernel<float, __half, __half, float, (unsigned int)4, (unsigned short)16383>(channel_eq::_puschRxChEqStatDescr *, channel_eq::_puschRxChEqSoftDemapDynDescr)"
5432216914,377692,145297,1,1,1,32,32,1,30,0.000,0.000,,,,,NVIDIA A100-SXM4-40GB MIG 4g.20gb (0),1,,13,"void convert_kernel<float2, __half2>(tensor_layout_any, T1 *, tensor_layout_any, const T2 *)"
5432649933,12352,145309,2253,1,1,128,1,1,16,0.000,0.000,,,,,NVIDIA A100-SXM4-40GB MIG 4g.20gb (0),1,,13,cupy_copy__float16_float16
5432723948,4896,145318,282,1,1,128,1,1,16,0.000,0.000,,,,,NVIDIA A100-SXM4-40GB MIG 4g.20gb (0),1,,13,cupy_copy__complex64_complex64
5432767372,3456,145327,26,1,1,128,1,1,16,0.000,0.000,,,,,NVIDIA A100-SXM4-40GB MIG 4g.20gb (0),1,,13,cupy_copy__float32_float32
5432823947,6176,145336,103,1,1,128,1,1,16,0.000,0.000,,,,,NVIDIA A100-SXM4-40GB MIG 4g.20gb (0),1,,13,cupy_copy__complex64_complex64
5432859819,12959,145346,1434,1,1,128,1,1,16,0.000,0.000,,,,,NVIDIA A100-SXM4-40GB MIG 4g.20gb (0),1,,13,cupy_copy__complex64_complex64
5432910186,203006,145351,1,1,1,32,32,1,30,0.000,0.000,,,,,NVIDIA A100-SXM4-40GB MIG 4g.20gb (0),1,,13,"void convert_kernel<__half2, float2>(tensor_layout_any, T1 *, tensor_layout_any, const T2 *)"
5433142343,5824,145354,,,,,,,,,,0.094,16087.884,Pinned,Device,NVIDIA A100-SXM4-40GB MIG 4g.20gb (0),1,,13,[CUDA memcpy Host-to-Device]
5433398500,633465,145355,,,,,,,,,,456.561,720453.952,Device,,NVIDIA A100-SXM4-40GB MIG 4g.20gb (0),1,,13,[CUDA memset]
5434034493,55007,145360,,,,,,,,,,1.235,22450.047,Pinned,Device,NVIDIA A100-SXM4-40GB MIG 4g.20gb (0),1,,13,[CUDA memcpy Host-to-Device]
5434092188,10592,145361,,,,,,,,,,0.197,18561.761,Pinned,Device,NVIDIA A100-SXM4-40GB MIG 4g.20gb (0),1,,13,[CUDA memcpy Host-to-Device]
5434313338,14528,145362,69,4,1,48,1,1,76,0.002,0.000,,,,,NVIDIA A100-SXM4-40GB MIG 4g.20gb (0),1,,13,"void ch_est::windowedChEstPreNoDftSOfdmKernel<float, __half, float, (unsigned int)2, (unsigned int)1, (unsigned short)4>(ch_est::puschRxChEstStatDescr_t *, ch_est::puschRxChEstDynDescr_t *)"
5434600023,11263,145363,137,2,1,24,2,1,44,0.001,0.001,,,,,NVIDIA A100-SXM4-40GB MIG 4g.20gb (0),1,,13,"void ch_est::chEstFilterNoDftSOfdmDispatchKernel<float, __half, float, (unsigned int)2>(ch_est::puschRxChEstStatDescr_t *, ch_est::puschRxChEstDynDescr_t *)"
5434894259,11360,145364,137,2,1,24,2,1,44,0.001,0.001,,,,,NVIDIA A100-SXM4-40GB MIG 4g.20gb (0),1,,13,"void ch_est::chEstFilterNoDftSOfdmDispatchKernel<float, __half, float, (unsigned int)2>(ch_est::puschRxChEstStatDescr_t *, ch_est::puschRxChEstDynDescr_t *)"
5435187056,6048,145375,103,1,1,128,1,1,16,0.000,0.000,,,,,NVIDIA A100-SXM4-40GB MIG 4g.20gb (0),1,,13,cupy_copy__complex64_complex64
5435478028,17472,145385,1434,1,1,128,1,1,16,0.000,0.000,,,,,NVIDIA A100-SXM4-40GB MIG 4g.20gb (0),1,,13,cupy_copy__complex64_complex64
5435780073,6368,145392,103,1,1,128,1,1,16,0.000,0.000,,,,,NVIDIA A100-SXM4-40GB MIG 4g.20gb (0),1,,13,cupy_copy__complex64_complex64
5436070118,291196,145399,1,1,1,32,32,1,30,0.000,0.000,,,,,NVIDIA A100-SXM4-40GB MIG 4g.20gb (0),1,,13,"void convert_kernel<__half2, float2>(tensor_layout_any, T1 *, tensor_layout_any, const T2 *)"
5436393634,5600,145402,,,,,,,,,,0.094,16731.388,Pinned,Device,NVIDIA A100-SXM4-40GB MIG 4g.20gb (0),1,,13,[CUDA memcpy Host-to-Device]
5436672319,55263,145403,,,,,,,,,,35.810,647980.502,Device,,NVIDIA A100-SXM4-40GB MIG 4g.20gb (0),1,,13,[CUDA memset]
5436729342,1952,145405,,,,,,,,,,0.000,40.984,Pinned,Device,NVIDIA A100-SXM4-40GB MIG 4g.20gb (0),1,,13,[CUDA memcpy Host-to-Device]
5436733758,9472,145406,,,,,,,,,,0.197,20756.693,Pinned,Device,NVIDIA A100-SXM4-40GB MIG 4g.20gb (0),1,,13,[CUDA memcpy Host-to-Device]
5436794813,13024,145407,273,1,1,48,1,1,40,0.000,0.001,,,,,NVIDIA A100-SXM4-40GB MIG 4g.20gb (0),1,,13,"void pusch_noise_intf_est::noiseIntfEstNoDftSOfdmKernel<float, __half, float, float, (unsigned int)2, (unsigned int)1, (unsigned char)4, (unsigned char)4>(pusch_noise_intf_est::puschRxNoiseIntfEstDynDescr)"
5436866076,7616,145418,35,1,1,128,1,1,16,0.000,0.000,,,,,NVIDIA A100-SXM4-40GB MIG 4g.20gb (0),1,,13,cupy_copy__complex64_complex64
5436910716,2144,145427,1,1,1,1,1,1,18,0.000,0.000,,,,,NVIDIA A100-SXM4-40GB MIG 4g.20gb (0),1,,13,cupy_copy__float32_float32
5436921276,1600,145433,,,,,,,,,,0.000,2.500,Device,Pageable,NVIDIA A100-SXM4-40GB MIG 4g.20gb (0),1,,7,[CUDA memcpy Device-to-Host]
5437045786,12800,145444,1434,1,1,128,1,1,16,0.000,0.000,,,,,NVIDIA A100-SXM4-40GB MIG 4g.20gb (0),1,,13,cupy_copy__complex64_complex64
5437121529,3744,145451,103,1,1,128,1,1,16,0.000,0.000,,,,,NVIDIA A100-SXM4-40GB MIG 4g.20gb (0),1,,13,cupy_copy__complex64_complex64
5437189593,3648,145458,35,1,1,128,1,1,16,0.000,0.000,,,,,NVIDIA A100-SXM4-40GB MIG 4g.20gb (0),1,,13,cupy_copy__complex64_complex64
5437245720,3040,145465,1,1,1,1,1,1,18,0.000,0.000,,,,,NVIDIA A100-SXM4-40GB MIG 4g.20gb (0),1,,13,cupy_copy__float32_float32
5437281944,163518,145476,1,1,1,32,32,1,30,0.000,0.000,,,,,NVIDIA A100-SXM4-40GB MIG 4g.20gb (0),1,,13,"void convert_kernel<__half2, float2>(tensor_layout_any, T1 *, tensor_layout_any, const T2 *)"
5437474453,5952,145479,,,,,,,,,,0.094,15741.865,Pinned,Device,NVIDIA A100-SXM4-40GB MIG 4g.20gb (0),1,,13,[CUDA memcpy Host-to-Device]
5437527477,4032,145480,,,,,,,,,,1.547,383585.951,Device,,NVIDIA A100-SXM4-40GB MIG 4g.20gb (0),1,,13,[CUDA memset]
5437533589,3168,145485,,,,,,,,,,0.031,9878.770,Pinned,Device,NVIDIA A100-SXM4-40GB MIG 4g.20gb (0),1,,13,[CUDA memcpy Host-to-Device]
5437539285,9472,145486,,,,,,,,,,0.197,20756.693,Pinned,Device,NVIDIA A100-SXM4-40GB MIG 4g.20gb (0),1,,13,[CUDA memcpy Host-to-Device]
5437590004,8160,145487,273,1,1,8,4,1,39,0.002,0.000,,,,,NVIDIA A100-SXM4-40GB MIG 4g.20gb (0),1,,13,"void channel_eq::eqMmseCoefCompLowMimoKernel<float, float, float, (unsigned int)4, (unsigned int)1, (unsigned int)4>(const channel_eq::_puschRxChEqStatDescr *, channel_eq::_puschRxChEqCoefCompDynDescr)"
5437628532,6048,145488,273,1,1,12,11,1,51,0.002,0.000,,,,,NVIDIA A100-SXM4-40GB MIG 4g.20gb (0),1,,13,"void channel_eq::eqMmseSoftDemapKernel<float, __half, __half, float, (unsigned int)4, (unsigned short)16383>(channel_eq::_puschRxChEqStatDescr *, channel_eq::_puschRxChEqSoftDemapDynDescr)"
5437699315,405403,145489,1,1,1,32,32,1,30,0.000,0.000,,,,,NVIDIA A100-SXM4-40GB MIG 4g.20gb (0),1,,13,"void convert_kernel<float2, __half2>(tensor_layout_any, T1 *, tensor_layout_any, const T2 *)"
5438385451,15200,145501,2253,1,1,128,1,1,16,0.000,0.000,,,,,NVIDIA A100-SXM4-40GB MIG 4g.20gb (0),1,,13,cupy_copy__float16_float16
5438688391,7552,145510,282,1,1,128,1,1,16,0.000,0.000,,,,,NVIDIA A100-SXM4-40GB MIG 4g.20gb (0),1,,13,cupy_copy__complex64_complex64
5438761031,4479,145519,26,1,1,128,1,1,16,0.000,0.000,,,,,NVIDIA A100-SXM4-40GB MIG 4g.20gb (0),1,,13,cupy_copy__float32_float32
5439043651,8416,145528,103,1,1,128,1,1,16,0.000,0.000,,,,,NVIDIA A100-SXM4-40GB MIG 4g.20gb (0),1,,13,cupy_copy__complex64_complex64
5439338336,16160,145538,1434,1,1,128,1,1,16,0.000,0.000,,,,,NVIDIA A100-SXM4-40GB MIG 4g.20gb (0),1,,13,cupy_copy__complex64_complex64
5439643164,276157,145543,1,1,1,32,32,1,30,0.000,0.000,,,,,NVIDIA A100-SXM4-40GB MIG 4g.20gb (0),1,,13,"void convert_kernel<__half2, float2>(tensor_layout_any, T1 *, tensor_layout_any, const T2 *)"
5439950745,5504,145546,,,,,,,,,,0.094,17023.251,Pinned,Device,NVIDIA A100-SXM4-40GB MIG 4g.20gb (0),1,,13,[CUDA memcpy Host-to-Device]
5440223606,646264,145547,,,,,,,,,,456.561,706300.548,Device,,NVIDIA A100-SXM4-40GB MIG 4g.20gb (0),1,,13,[CUDA memset]
5440873134,56768,145552,,,,,,,,,,1.235,21753.539,Pinned,Device,NVIDIA A100-SXM4-40GB MIG 4g.20gb (0),1,,13,[CUDA memcpy Host-to-Device]
5440933549,11680,145553,,,,,,,,,,0.197,16832.791,Pinned,Device,NVIDIA A100-SXM4-40GB MIG 4g.20gb (0),1,,13,[CUDA memcpy Host-to-Device]
5441168587,15200,145554,69,4,1,48,1,1,76,0.002,0.000,,,,,NVIDIA A100-SXM4-40GB MIG 4g.20gb (0),1,,13,"void ch_est::windowedChEstPreNoDftSOfdmKernel<float, __half, float, (unsigned int)2, (unsigned int)1, (unsigned short)4>(ch_est::puschRxChEstStatDescr_t *, ch_est::puschRxChEstDynDescr_t *)"
5441476135,14912,145555,137,2,1,24,2,1,44,0.001,0.001,,,,,NVIDIA A100-SXM4-40GB MIG 4g.20gb (0),1,,13,"void ch_est::chEstFilterNoDftSOfdmDispatchKernel<float, __half, float, (unsigned int)2>(ch_est::puschRxChEstStatDescr_t *, ch_est::puschRxChEstDynDescr_t *)"
5441786052,11647,145556,137,2,1,24,2,1,44,0.001,0.001,,,,,NVIDIA A100-SXM4-40GB MIG 4g.20gb (0),1,,13,"void ch_est::chEstFilterNoDftSOfdmDispatchKernel<float, __half, float, (unsigned int)2>(ch_est::puschRxChEstStatDescr_t *, ch_est::puschRxChEstDynDescr_t *)"
5441859171,4608,145567,103,1,1,128,1,1,16,0.000,0.000,,,,,NVIDIA A100-SXM4-40GB MIG 4g.20gb (0),1,,13,cupy_copy__complex64_complex64
5441926242,13216,145577,1434,1,1,128,1,1,16,0.000,0.000,,,,,NVIDIA A100-SXM4-40GB MIG 4g.20gb (0),1,,13,cupy_copy__complex64_complex64
5442001889,4608,145584,103,1,1,128,1,1,16,0.000,0.000,,,,,NVIDIA A100-SXM4-40GB MIG 4g.20gb (0),1,,13,cupy_copy__complex64_complex64
5442069536,147999,145591,1,1,1,32,32,1,30,0.000,0.000,,,,,NVIDIA A100-SXM4-40GB MIG 4g.20gb (0),1,,13,"void convert_kernel<__half2, float2>(tensor_layout_any, T1 *, tensor_layout_any, const T2 *)"
5442247006,5984,145594,,,,,,,,,,0.094,15657.726,Pinned,Device,NVIDIA A100-SXM4-40GB MIG 4g.20gb (0),1,,13,[CUDA memcpy Host-to-Device]
5442301982,58783,145595,,,,,,,,,,35.810,609162.549,Device,,NVIDIA A100-SXM4-40GB MIG 4g.20gb (0),1,,13,[CUDA memset]
5442362141,1792,145597,,,,,,,,,,0.000,44.643,Pinned,Device,NVIDIA A100-SXM4-40GB MIG 4g.20gb (0),1,,13,[CUDA memcpy Host-to-Device]
5442366653,9440,145598,,,,,,,,,,0.197,20827.079,Pinned,Device,NVIDIA A100-SXM4-40GB MIG 4g.20gb (0),1,,13,[CUDA memcpy Host-to-Device]
5442427836,11936,145599,273,1,1,48,1,1,40,0.000,0.001,,,,,NVIDIA A100-SXM4-40GB MIG 4g.20gb (0),1,,13,"void pusch_noise_intf_est::noiseIntfEstNoDftSOfdmKernel<float, __half, float, float, (unsigned int)2, (unsigned int)1, (unsigned char)4, (unsigned char)4>(pusch_noise_intf_est::puschRxNoiseIntfEstDynDescr)"
5442468252,4032,145610,35,1,1,128,1,1,16,0.000,0.000,,,,,NVIDIA A100-SXM4-40GB MIG 4g.20gb (0),1,,13,cupy_copy__complex64_complex64
5442529531,2240,145619,1,1,1,1,1,1,18,0.000,0.000,,,,,NVIDIA A100-SXM4-40GB MIG 4g.20gb (0),1,,13,cupy_copy__float32_float32
5442536827,1888,145625,,,,,,,,,,0.000,2.119,Device,Pageable,NVIDIA A100-SXM4-40GB MIG 4g.20gb (0),1,,7,[CUDA memcpy Device-to-Host]
5442670489,12864,145636,1434,1,1,128,1,1,16,0.000,0.000,,,,,NVIDIA A100-SXM4-40GB MIG 4g.20gb (0),1,,13,cupy_copy__complex64_complex64
5442745817,4448,145643,103,1,1,128,1,1,16,0.000,0.000,,,,,NVIDIA A100-SXM4-40GB MIG 4g.20gb (0),1,,13,cupy_copy__complex64_complex64
5442813560,4416,145650,35,1,1,128,1,1,16,0.000,0.000,,,,,NVIDIA A100-SXM4-40GB MIG 4g.20gb (0),1,,13,cupy_copy__complex64_complex64
5442880791,2496,145657,1,1,1,1,1,1,18,0.000,0.000,,,,,NVIDIA A100-SXM4-40GB MIG 4g.20gb (0),1,,13,cupy_copy__float32_float32
5442942198,178142,145668,1,1,1,32,32,1,30,0.000,0.000,,,,,NVIDIA A100-SXM4-40GB MIG 4g.20gb (0),1,,13,"void convert_kernel<__half2, float2>(tensor_layout_any, T1 *, tensor_layout_any, const T2 *)"
5443150260,5408,145671,,,,,,,,,,0.094,17325.421,Pinned,Device,NVIDIA A100-SXM4-40GB MIG 4g.20gb (0),1,,13,[CUDA memcpy Host-to-Device]
5443217395,4224,145672,,,,,,,,,,1.547,366150.859,Device,,NVIDIA A100-SXM4-40GB MIG 4g.20gb (0),1,,13,[CUDA memset]
5443224851,3328,145677,,,,,,,,,,0.031,9403.822,Pinned,Device,NVIDIA A100-SXM4-40GB MIG 4g.20gb (0),1,,13,[CUDA memcpy Host-to-Device]
5443230771,10208,145678,,,,,,,,,,0.197,19260.113,Pinned,Device,NVIDIA A100-SXM4-40GB MIG 4g.20gb (0),1,,13,[CUDA memcpy Host-to-Device]
5443286450,11136,145679,273,1,1,8,4,1,39,0.002,0.000,,,,,NVIDIA A100-SXM4-40GB MIG 4g.20gb (0),1,,13,"void channel_eq::eqMmseCoefCompLowMimoKernel<float, float, float, (unsigned int)4, (unsigned int)1, (unsigned int)4>(const channel_eq::_puschRxChEqStatDescr *, channel_eq::_puschRxChEqCoefCompDynDescr)"
5443354642,6879,145680,273,1,1,12,11,1,51,0.002,0.000,,,,,NVIDIA A100-SXM4-40GB MIG 4g.20gb (0),1,,13,"void channel_eq::eqMmseSoftDemapKernel<float, __half, __half, float, (unsigned int)4, (unsigned short)16383>(channel_eq::_puschRxChEqStatDescr *, channel_eq::_puschRxChEqSoftDemapDynDescr)"
5443425329,362812,145681,1,1,1,32,32,1,30,0.000,0.000,,,,,NVIDIA A100-SXM4-40GB MIG 4g.20gb (0),1,,13,"void convert_kernel<float2, __half2>(tensor_layout_any, T1 *, tensor_layout_any, const T2 *)"
5443831532,12000,145693,2253,1,1,128,1,1,16,0.000,0.000,,,,,NVIDIA A100-SXM4-40GB MIG 4g.20gb (0),1,,13,cupy_copy__float16_float16
5443906635,4192,145702,282,1,1,128,1,1,16,0.000,0.000,,,,,NVIDIA A100-SXM4-40GB MIG 4g.20gb (0),1,,13,cupy_copy__complex64_complex64
5443974410,3264,145711,26,1,1,128,1,1,16,0.000,0.000,,,,,NVIDIA A100-SXM4-40GB MIG 4g.20gb (0),1,,13,cupy_copy__float32_float32
5444041578,6752,145720,103,1,1,128,1,1,16,0.000,0.000,,,,,NVIDIA A100-SXM4-40GB MIG 4g.20gb (0),1,,13,cupy_copy__complex64_complex64
5444109161,13568,145730,1434,1,1,128,1,1,16,0.000,0.000,,,,,NVIDIA A100-SXM4-40GB MIG 4g.20gb (0),1,,13,cupy_copy__complex64_complex64
5444184872,315580,145735,1,1,1,32,32,1,30,0.000,0.000,,,,,NVIDIA A100-SXM4-40GB MIG 4g.20gb (0),1,,13,"void convert_kernel<__half2, float2>(tensor_layout_any, T1 *, tensor_layout_any, const T2 *)"
5444530756,5728,145738,,,,,,,,,,0.094,16357.541,Pinned,Device,NVIDIA A100-SXM4-40GB MIG 4g.20gb (0),1,,13,[CUDA memcpy Host-to-Device]
5444613027,646937,145739,,,,,,,,,,456.561,705387.425,Device,,NVIDIA A100-SXM4-40GB MIG 4g.20gb (0),1,,13,[CUDA memset]
5445262268,54751,145744,,,,,,,,,,1.235,22555.017,Pinned,Device,NVIDIA A100-SXM4-40GB MIG 4g.20gb (0),1,,13,[CUDA memcpy Host-to-Device]
5445319483,10080,145745,,,,,,,,,,0.197,19504.693,Pinned,Device,NVIDIA A100-SXM4-40GB MIG 4g.20gb (0),1,,13,[CUDA memcpy Host-to-Device]
5445575128,13024,145746,69,4,1,48,1,1,76,0.002,0.000,,,,,NVIDIA A100-SXM4-40GB MIG 4g.20gb (0),1,,13,"void ch_est::windowedChEstPreNoDftSOfdmKernel<float, __half, float, (unsigned int)2, (unsigned int)1, (unsigned short)4>(ch_est::puschRxChEstStatDescr_t *, ch_est::puschRxChEstDynDescr_t *)"
5445886740,10976,145747,137,2,1,24,2,1,44,0.001,0.001,,,,,NVIDIA A100-SXM4-40GB MIG 4g.20gb (0),1,,13,"void ch_est::chEstFilterNoDftSOfdmDispatchKernel<float, __half, float, (unsigned int)2>(ch_est::puschRxChEstStatDescr_t *, ch_est::puschRxChEstDynDescr_t *)"
5446194481,11328,145748,137,2,1,24,2,1,44,0.001,0.001,,,,,NVIDIA A100-SXM4-40GB MIG 4g.20gb (0),1,,13,"void ch_est::chEstFilterNoDftSOfdmDispatchKernel<float, __half, float, (unsigned int)2>(ch_est::puschRxChEstStatDescr_t *, ch_est::puschRxChEstDynDescr_t *)"
5446505741,6144,145759,103,1,1,128,1,1,16,0.000,0.000,,,,,NVIDIA A100-SXM4-40GB MIG 4g.20gb (0),1,,13,cupy_copy__complex64_complex64
5446818250,18079,145769,1434,1,1,128,1,1,16,0.000,0.000,,,,,NVIDIA A100-SXM4-40GB MIG 4g.20gb (0),1,,13,cupy_copy__complex64_complex64
5447133158,6048,145776,103,1,1,128,1,1,16,0.000,0.000,,,,,NVIDIA A100-SXM4-40GB MIG 4g.20gb (0),1,,13,cupy_copy__complex64_complex64
5447441346,263485,145783,1,1,1,32,32,1,30,0.000,0.000,,,,,NVIDIA A100-SXM4-40GB MIG 4g.20gb (0),1,,13,"void convert_kernel<__half2, float2>(tensor_layout_any, T1 *, tensor_layout_any, const T2 *)"
5447734207,7008,145786,,,,,,,,,,0.094,13369.857,Pinned,Device,NVIDIA A100-SXM4-40GB MIG 4g.20gb (0),1,,13,[CUDA memcpy Host-to-Device]
5448036987,58048,145787,,,,,,,,,,35.810,616897.492,Device,,NVIDIA A100-SXM4-40GB MIG 4g.20gb (0),1,,13,[CUDA memset]
5448095963,1952,145789,,,,,,,,,,0.000,40.984,Pinned,Device,NVIDIA A100-SXM4-40GB MIG 4g.20gb (0),1,,13,[CUDA memcpy Host-to-Device]
5448100411,9696,145790,,,,,,,,,,0.197,20277.166,Pinned,Device,NVIDIA A100-SXM4-40GB MIG 4g.20gb (0),1,,13,[CUDA memcpy Host-to-Device]
5448168154,13760,145791,273,1,1,48,1,1,40,0.000,0.001,,,,,NVIDIA A100-SXM4-40GB MIG 4g.20gb (0),1,,13,"void pusch_noise_intf_est::noiseIntfEstNoDftSOfdmKernel<float, __half, float, float, (unsigned int)2, (unsigned int)1, (unsigned char)4, (unsigned char)4>(pusch_noise_intf_est::puschRxNoiseIntfEstDynDescr)"
5448240281,4160,145802,35,1,1,128,1,1,16,0.000,0.000,,,,,NVIDIA A100-SXM4-40GB MIG 4g.20gb (0),1,,13,cupy_copy__complex64_complex64
5448301272,2368,145811,1,1,1,1,1,1,18,0.000,0.000,,,,,NVIDIA A100-SXM4-40GB MIG 4g.20gb (0),1,,13,cupy_copy__float32_float32
5448304632,1664,145817,,,,,,,,,,0.000,2.404,Device,Pageable,NVIDIA A100-SXM4-40GB MIG 4g.20gb (0),1,,7,[CUDA memcpy Device-to-Host]
5448405207,16128,145828,1434,1,1,128,1,1,16,0.000,0.000,,,,,NVIDIA A100-SXM4-40GB MIG 4g.20gb (0),1,,13,cupy_copy__complex64_complex64
5448448695,3744,145835,103,1,1,128,1,1,16,0.000,0.000,,,,,NVIDIA A100-SXM4-40GB MIG 4g.20gb (0),1,,13,cupy_copy__complex64_complex64
5448515702,4896,145842,35,1,1,128,1,1,16,0.000,0.000,,,,,NVIDIA A100-SXM4-40GB MIG 4g.20gb (0),1,,13,cupy_copy__complex64_complex64
5448583061,2368,145849,1,1,1,1,1,1,18,0.000,0.000,,,,,NVIDIA A100-SXM4-40GB MIG 4g.20gb (0),1,,13,cupy_copy__float32_float32
5448643540,176126,145860,1,1,1,32,32,1,30,0.000,0.000,,,,,NVIDIA A100-SXM4-40GB MIG 4g.20gb (0),1,,13,"void convert_kernel<__half2, float2>(tensor_layout_any, T1 *, tensor_layout_any, const T2 *)"
5448849970,5472,145863,,,,,,,,,,0.094,17122.757,Pinned,Device,NVIDIA A100-SXM4-40GB MIG 4g.20gb (0),1,,13,[CUDA memcpy Host-to-Device]
5448919249,4384,145864,,,,,,,,,,1.547,352788.028,Device,,NVIDIA A100-SXM4-40GB MIG 4g.20gb (0),1,,13,[CUDA memset]
5448925521,3520,145869,,,,,,,,,,0.031,8890.881,Pinned,Device,NVIDIA A100-SXM4-40GB MIG 4g.20gb (0),1,,13,[CUDA memcpy Host-to-Device]
5448931569,10080,145870,,,,,,,,,,0.197,19504.693,Pinned,Device,NVIDIA A100-SXM4-40GB MIG 4g.20gb (0),1,,13,[CUDA memcpy Host-to-Device]
5448987953,10783,145871,273,1,1,8,4,1,39,0.002,0.000,,,,,NVIDIA A100-SXM4-40GB MIG 4g.20gb (0),1,,13,"void channel_eq::eqMmseCoefCompLowMimoKernel<float, float, float, (unsigned int)4, (unsigned int)1, (unsigned int)4>(const channel_eq::_puschRxChEqStatDescr *, channel_eq::_puschRxChEqCoefCompDynDescr)"
5449056336,7392,145872,273,1,1,12,11,1,51,0.002,0.000,,,,,NVIDIA A100-SXM4-40GB MIG 4g.20gb (0),1,,13,"void channel_eq::eqMmseSoftDemapKernel<float, __half, __half, float, (unsigned int)4, (unsigned short)16383>(channel_eq::_puschRxChEqStatDescr *, channel_eq::_puschRxChEqSoftDemapDynDescr)"
5449126703,342396,145873,1,1,1,32,32,1,30,0.000,0.000,,,,,NVIDIA A100-SXM4-40GB MIG 4g.20gb (0),1,,13,"void convert_kernel<float2, __half2>(tensor_layout_any, T1 *, tensor_layout_any, const T2 *)"
5449525578,13344,145885,2253,1,1,128,1,1,16,0.000,0.000,,,,,NVIDIA A100-SXM4-40GB MIG 4g.20gb (0),1,,13,cupy_copy__float16_float16
5449599977,4992,145894,282,1,1,128,1,1,16,0.000,0.000,,,,,NVIDIA A100-SXM4-40GB MIG 4g.20gb (0),1,,13,cupy_copy__complex64_complex64
5449697416,3648,145903,26,1,1,128,1,1,16,0.000,0.000,,,,,NVIDIA A100-SXM4-40GB MIG 4g.20gb (0),1,,13,cupy_copy__float32_float32
5449926182,9312,145912,103,1,1,128,1,1,16,0.000,0.000,,,,,NVIDIA A100-SXM4-40GB MIG 4g.20gb (0),1,,13,cupy_copy__complex64_complex64
5450064612,16384,145922,1434,1,1,128,1,1,16,0.000,0.000,,,,,NVIDIA A100-SXM4-40GB MIG 4g.20gb (0),1,,13,cupy_copy__complex64_complex64
5450388448,258429,145927,1,1,1,32,32,1,30,0.000,0.000,,,,,NVIDIA A100-SXM4-40GB MIG 4g.20gb (0),1,,13,"void convert_kernel<__half2, float2>(tensor_layout_any, T1 *, tensor_layout_any, const T2 *)"
5450678365,7040,145930,,,,,,,,,,0.094,13309.048,Pinned,Device,NVIDIA A100-SXM4-40GB MIG 4g.20gb (0),1,,13,[CUDA memcpy Host-to-Device]
5450973274,648920,145931,,,,,,,,,,456.561,703561.179,Device,,NVIDIA A100-SXM4-40GB MIG 4g.20gb (0),1,,13,[CUDA memset]
5451625330,53599,145936,,,,,,,,,,1.235,23040.350,Pinned,Device,NVIDIA A100-SXM4-40GB MIG 4g.20gb (0),1,,13,[CUDA memcpy Host-to-Device]
5451681393,10560,145937,,,,,,,,,,0.197,18617.991,Pinned,Device,NVIDIA A100-SXM4-40GB MIG 4g.20gb (0),1,,13,[CUDA memcpy Host-to-Device]
5451975982,11136,145938,69,4,1,48,1,1,76,0.002,0.000,,,,,NVIDIA A100-SXM4-40GB MIG 4g.20gb (0),1,,13,"void ch_est::windowedChEstPreNoDftSOfdmKernel<float, __half, float, (unsigned int)2, (unsigned int)1, (unsigned short)4>(ch_est::puschRxChEstStatDescr_t *, ch_est::puschRxChEstDynDescr_t *)"
5452260491,11744,145939,137,2,1,24,2,1,44,0.001,0.001,,,,,NVIDIA A100-SXM4-40GB MIG 4g.20gb (0),1,,13,"void ch_est::chEstFilterNoDftSOfdmDispatchKernel<float, __half, float, (unsigned int)2>(ch_est::puschRxChEstStatDescr_t *, ch_est::puschRxChEstDynDescr_t *)"
5452576807,11104,145940,137,2,1,24,2,1,44,0.001,0.001,,,,,NVIDIA A100-SXM4-40GB MIG 4g.20gb (0),1,,13,"void ch_est::chEstFilterNoDftSOfdmDispatchKernel<float, __half, float, (unsigned int)2>(ch_est::puschRxChEstStatDescr_t *, ch_est::puschRxChEstDynDescr_t *)"
5452878148,5952,145951,103,1,1,128,1,1,16,0.000,0.000,,,,,NVIDIA A100-SXM4-40GB MIG 4g.20gb (0),1,,13,cupy_copy__complex64_complex64
5453178624,16768,145961,1434,1,1,128,1,1,16,0.000,0.000,,,,,NVIDIA A100-SXM4-40GB MIG 4g.20gb (0),1,,13,cupy_copy__complex64_complex64
5453493213,7007,145968,103,1,1,128,1,1,16,0.000,0.000,,,,,NVIDIA A100-SXM4-40GB MIG 4g.20gb (0),1,,13,cupy_copy__complex64_complex64
5453569340,211965,145975,1,1,1,32,32,1,30,0.000,0.000,,,,,NVIDIA A100-SXM4-40GB MIG 4g.20gb (0),1,,13,"void convert_kernel<__half2, float2>(tensor_layout_any, T1 *, tensor_layout_any, const T2 *)"
5453811193,6016,145978,,,,,,,,,,0.094,15574.430,Pinned,Device,NVIDIA A100-SXM4-40GB MIG 4g.20gb (0),1,,13,[CUDA memcpy Host-to-Device]
5453869336,59104,145979,,,,,,,,,,35.810,605868.036,Device,,NVIDIA A100-SXM4-40GB MIG 4g.20gb (0),1,,13,[CUDA memset]
5453930935,1856,145981,,,,,,,,,,0.000,43.103,Pinned,Device,NVIDIA A100-SXM4-40GB MIG 4g.20gb (0),1,,13,[CUDA memcpy Host-to-Device]
5453935447,9472,145982,,,,,,,,,,0.197,20756.693,Pinned,Device,NVIDIA A100-SXM4-40GB MIG 4g.20gb (0),1,,13,[CUDA memcpy Host-to-Device]
5453992887,11584,145983,273,1,1,48,1,1,40,0.000,0.001,,,,,NVIDIA A100-SXM4-40GB MIG 4g.20gb (0),1,,13,"void pusch_noise_intf_est::noiseIntfEstNoDftSOfdmKernel<float, __half, float, float, (unsigned int)2, (unsigned int)1, (unsigned char)4, (unsigned char)4>(pusch_noise_intf_est::puschRxNoiseIntfEstDynDescr)"
5454032822,4448,145994,35,1,1,128,1,1,16,0.000,0.000,,,,,NVIDIA A100-SXM4-40GB MIG 4g.20gb (0),1,,13,cupy_copy__complex64_complex64
5454094198,2496,146003,1,1,1,1,1,1,18,0.000,0.000,,,,,NVIDIA A100-SXM4-40GB MIG 4g.20gb (0),1,,13,cupy_copy__float32_float32
5454097654,1632,146009,,,,,,,,,,0.000,2.451,Device,Pageable,NVIDIA A100-SXM4-40GB MIG 4g.20gb (0),1,,7,[CUDA memcpy Device-to-Host]
5454197940,16320,146020,1434,1,1,128,1,1,16,0.000,0.000,,,,,NVIDIA A100-SXM4-40GB MIG 4g.20gb (0),1,,13,cupy_copy__complex64_complex64
5454241044,4160,146027,103,1,1,128,1,1,16,0.000,0.000,,,,,NVIDIA A100-SXM4-40GB MIG 4g.20gb (0),1,,13,cupy_copy__complex64_complex64
5454308499,4288,146034,35,1,1,128,1,1,16,0.000,0.000,,,,,NVIDIA A100-SXM4-40GB MIG 4g.20gb (0),1,,13,cupy_copy__complex64_complex64
5454375666,2464,146041,1,1,1,1,1,1,18,0.000,0.000,,,,,NVIDIA A100-SXM4-40GB MIG 4g.20gb (0),1,,13,cupy_copy__float32_float32
5454436114,170302,146052,1,1,1,32,32,1,30,0.000,0.000,,,,,NVIDIA A100-SXM4-40GB MIG 4g.20gb (0),1,,13,"void convert_kernel<__half2, float2>(tensor_layout_any, T1 *, tensor_layout_any, const T2 *)"
5454634863,5504,146055,,,,,,,,,,0.094,17023.251,Pinned,Device,NVIDIA A100-SXM4-40GB MIG 4g.20gb (0),1,,13,[CUDA memcpy Host-to-Device]
5454705103,5823,146056,,,,,,,,,,1.547,265604.833,Device,,NVIDIA A100-SXM4-40GB MIG 4g.20gb (0),1,,13,[CUDA memset]
5454718190,3904,146061,,,,,,,,,,0.031,8016.377,Pinned,Device,NVIDIA A100-SXM4-40GB MIG 4g.20gb (0),1,,13,[CUDA memcpy Host-to-Device]
5454724590,9536,146062,,,,,,,,,,0.197,20617.298,Pinned,Device,NVIDIA A100-SXM4-40GB MIG 4g.20gb (0),1,,13,[CUDA memcpy Host-to-Device]
5454780334,11008,146063,273,1,1,8,4,1,39,0.002,0.000,,,,,NVIDIA A100-SXM4-40GB MIG 4g.20gb (0),1,,13,"void channel_eq::eqMmseCoefCompLowMimoKernel<float, float, float, (unsigned int)4, (unsigned int)1, (unsigned int)4>(const channel_eq::_puschRxChEqStatDescr *, channel_eq::_puschRxChEqCoefCompDynDescr)"
5454848429,7200,146064,273,1,1,12,11,1,51,0.002,0.000,,,,,NVIDIA A100-SXM4-40GB MIG 4g.20gb (0),1,,13,"void channel_eq::eqMmseSoftDemapKernel<float, __half, __half, float, (unsigned int)4, (unsigned short)16383>(channel_eq::_puschRxChEqStatDescr *, channel_eq::_puschRxChEqSoftDemapDynDescr)"
5454986667,574138,146065,1,1,1,32,32,1,30,0.000,0.000,,,,,NVIDIA A100-SXM4-40GB MIG 4g.20gb (0),1,,13,"void convert_kernel<float2, __half2>(tensor_layout_any, T1 *, tensor_layout_any, const T2 *)"
5455873921,15392,146077,2253,1,1,128,1,1,16,0.000,0.000,,,,,NVIDIA A100-SXM4-40GB MIG 4g.20gb (0),1,,13,cupy_copy__float16_float16
5456687128,5248,146086,282,1,1,128,1,1,16,0.000,0.000,,,,,NVIDIA A100-SXM4-40GB MIG 4g.20gb (0),1,,13,cupy_copy__complex64_complex64
5456733303,4000,146095,26,1,1,128,1,1,16,0.000,0.000,,,,,NVIDIA A100-SXM4-40GB MIG 4g.20gb (0),1,,13,cupy_copy__float32_float32
5457519118,10144,146104,103,1,1,128,1,1,16,0.000,0.000,,,,,NVIDIA A100-SXM4-40GB MIG 4g.20gb (0),1,,13,cupy_copy__complex64_complex64
5458246342,19231,146114,1434,1,1,128,1,1,16,0.000,0.000,,,,,NVIDIA A100-SXM4-40GB MIG 4g.20gb (0),1,,13,cupy_copy__complex64_complex64
5458392836,244797,146119,1,1,1,32,32,1,30,0.000,0.000,,,,,NVIDIA A100-SXM4-40GB MIG 4g.20gb (0),1,,13,"void convert_kernel<__half2, float2>(tensor_layout_any, T1 *, tensor_layout_any, const T2 *)"
5458667745,5952,146122,,,,,,,,,,0.094,15741.865,Pinned,Device,NVIDIA A100-SXM4-40GB MIG 4g.20gb (0),1,,13,[CUDA memcpy Host-to-Device]
5459206523,652696,146123,,,,,,,,,,456.561,699452.126,Device,,NVIDIA A100-SXM4-40GB MIG 4g.20gb (0),1,,13,[CUDA memset]
5459861235,56031,146128,,,,,,,,,,1.235,22040.046,Pinned,Device,NVIDIA A100-SXM4-40GB MIG 4g.20gb (0),1,,13,[CUDA memcpy Host-to-Device]
5459920018,10432,146129,,,,,,,,,,0.197,18846.450,Pinned,Device,NVIDIA A100-SXM4-40GB MIG 4g.20gb (0),1,,13,[CUDA memcpy Host-to-Device]
5460679754,11999,146130,69,4,1,48,1,1,76,0.002,0.000,,,,,NVIDIA A100-SXM4-40GB MIG 4g.20gb (0),1,,13,"void ch_est::windowedChEstPreNoDftSOfdmKernel<float, __half, float, (unsigned int)2, (unsigned int)1, (unsigned short)4>(ch_est::puschRxChEstStatDescr_t *, ch_est::puschRxChEstDynDescr_t *)"
5461467872,11488,146131,137,2,1,24,2,1,44,0.001,0.001,,,,,NVIDIA A100-SXM4-40GB MIG 4g.20gb (0),1,,13,"void ch_est::chEstFilterNoDftSOfdmDispatchKernel<float, __half, float, (unsigned int)2>(ch_est::puschRxChEstStatDescr_t *, ch_est::puschRxChEstDynDescr_t *)"
5462278775,10592,146132,137,2,1,24,2,1,44,0.001,0.001,,,,,NVIDIA A100-SXM4-40GB MIG 4g.20gb (0),1,,13,"void ch_est::chEstFilterNoDftSOfdmDispatchKernel<float, __half, float, (unsigned int)2>(ch_est::puschRxChEstStatDescr_t *, ch_est::puschRxChEstDynDescr_t *)"
5463093934,5856,146143,103,1,1,128,1,1,16,0.000,0.000,,,,,NVIDIA A100-SXM4-40GB MIG 4g.20gb (0),1,,13,cupy_copy__complex64_complex64
5463890021,18943,146153,1434,1,1,128,1,1,16,0.000,0.000,,,,,NVIDIA A100-SXM4-40GB MIG 4g.20gb (0),1,,13,cupy_copy__complex64_complex64
5463979396,5631,146160,103,1,1,128,1,1,16,0.000,0.000,,,,,NVIDIA A100-SXM4-40GB MIG 4g.20gb (0),1,,13,cupy_copy__complex64_complex64
5464017219,131455,146167,1,1,1,32,32,1,30,0.000,0.000,,,,,NVIDIA A100-SXM4-40GB MIG 4g.20gb (0),1,,13,"void convert_kernel<__half2, float2>(tensor_layout_any, T1 *, tensor_layout_any, const T2 *)"
5464184033,5440,146170,,,,,,,,,,0.094,17223.480,Pinned,Device,NVIDIA A100-SXM4-40GB MIG 4g.20gb (0),1,,13,[CUDA memcpy Host-to-Device]
5464252544,56736,146171,,,,,,,,,,35.810,631149.840,Device,,NVIDIA A100-SXM4-40GB MIG 4g.20gb (0),1,,13,[CUDA memset]
5464313568,3200,146173,,,,,,,,,,0.000,25.000,Pinned,Device,NVIDIA A100-SXM4-40GB MIG 4g.20gb (0),1,,13,[CUDA memcpy Host-to-Device]
5464321152,11263,146174,,,,,,,,,,0.197,17456.038,Pinned,Device,NVIDIA A100-SXM4-40GB MIG 4g.20gb (0),1,,13,[CUDA memcpy Host-to-Device]
5464390271,11712,146175,273,1,1,48,1,1,40,0.000,0.001,,,,,NVIDIA A100-SXM4-40GB MIG 4g.20gb (0),1,,13,"void pusch_noise_intf_est::noiseIntfEstNoDftSOfdmKernel<float, __half, float, float, (unsigned int)2, (unsigned int)1, (unsigned char)4, (unsigned char)4>(pusch_noise_intf_est::puschRxNoiseIntfEstDynDescr)"
5464459838,8000,146186,35,1,1,128,1,1,16,0.000,0.000,,,,,NVIDIA A100-SXM4-40GB MIG 4g.20gb (0),1,,13,cupy_copy__complex64_complex64
5464527517,2816,146195,1,1,1,1,1,1,18,0.000,0.000,,,,,NVIDIA A100-SXM4-40GB MIG 4g.20gb (0),1,,13,cupy_copy__float32_float32
5464538269,1600,146201,,,,,,,,,,0.000,2.500,Device,Pageable,NVIDIA A100-SXM4-40GB MIG 4g.20gb (0),1,,7,[CUDA memcpy Device-to-Host]
5464656348,15584,146212,1434,1,1,128,1,1,16,0.000,0.000,,,,,NVIDIA A100-SXM4-40GB MIG 4g.20gb (0),1,,13,cupy_copy__complex64_complex64
5464702875,5088,146219,103,1,1,128,1,1,16,0.000,0.000,,,,,NVIDIA A100-SXM4-40GB MIG 4g.20gb (0),1,,13,cupy_copy__complex64_complex64
5464740603,6752,146226,35,1,1,128,1,1,16,0.000,0.000,,,,,NVIDIA A100-SXM4-40GB MIG 4g.20gb (0),1,,13,cupy_copy__complex64_complex64
5464808666,3968,146233,1,1,1,1,1,1,18,0.000,0.000,,,,,NVIDIA A100-SXM4-40GB MIG 4g.20gb (0),1,,13,cupy_copy__float32_float32
5464870297,165086,146244,1,1,1,32,32,1,30,0.000,0.000,,,,,NVIDIA A100-SXM4-40GB MIG 4g.20gb (0),1,,13,"void convert_kernel<__half2, float2>(tensor_layout_any, T1 *, tensor_layout_any, const T2 *)"
5465064503,5472,146247,,,,,,,,,,0.094,17122.757,Pinned,Device,NVIDIA A100-SXM4-40GB MIG 4g.20gb (0),1,,13,[CUDA memcpy Host-to-Device]
5465112566,5952,146248,,,,,,,,,,1.547,259848.298,Device,,NVIDIA A100-SXM4-40GB MIG 4g.20gb (0),1,,13,[CUDA memset]
5465122486,3072,146253,,,,,,,,,,0.031,10187.474,Pinned,Device,NVIDIA A100-SXM4-40GB MIG 4g.20gb (0),1,,13,[CUDA memcpy Host-to-Device]
5465128022,9952,146254,,,,,,,,,,0.197,19755.565,Pinned,Device,NVIDIA A100-SXM4-40GB MIG 4g.20gb (0),1,,13,[CUDA memcpy Host-to-Device]
5465181526,9280,146255,273,1,1,8,4,1,39,0.002,0.000,,,,,NVIDIA A100-SXM4-40GB MIG 4g.20gb (0),1,,13,"void channel_eq::eqMmseCoefCompLowMimoKernel<float, float, float, (unsigned int)4, (unsigned int)1, (unsigned int)4>(const channel_eq::_puschRxChEqStatDescr *, channel_eq::_puschRxChEqCoefCompDynDescr)"
5465220181,8512,146256,273,1,1,12,11,1,51,0.002,0.000,,,,,NVIDIA A100-SXM4-40GB MIG 4g.20gb (0),1,,13,"void channel_eq::eqMmseSoftDemapKernel<float, __half, __half, float, (unsigned int)4, (unsigned short)16383>(channel_eq::_puschRxChEqStatDescr *, channel_eq::_puschRxChEqSoftDemapDynDescr)"
5465292372,367996,146257,1,1,1,32,32,1,30,0.000,0.000,,,,,NVIDIA A100-SXM4-40GB MIG 4g.20gb (0),1,,13,"void convert_kernel<float2, __half2>(tensor_layout_any, T1 *, tensor_layout_any, const T2 *)"
5465703024,12543,146269,2253,1,1,128,1,1,16,0.000,0.000,,,,,NVIDIA A100-SXM4-40GB MIG 4g.20gb (0),1,,13,cupy_copy__float16_float16
5465779247,9632,146278,282,1,1,128,1,1,16,0.000,0.000,,,,,NVIDIA A100-SXM4-40GB MIG 4g.20gb (0),1,,13,cupy_copy__complex64_complex64
5465915629,9056,146287,26,1,1,128,1,1,16,0.000,0.000,,,,,NVIDIA A100-SXM4-40GB MIG 4g.20gb (0),1,,13,cupy_copy__float32_float32
5466213130,13376,146296,103,1,1,128,1,1,16,0.000,0.000,,,,,NVIDIA A100-SXM4-40GB MIG 4g.20gb (0),1,,13,cupy_copy__complex64_complex64
5466502918,20192,146306,1434,1,1,128,1,1,16,0.000,0.000,,,,,NVIDIA A100-SXM4-40GB MIG 4g.20gb (0),1,,13,cupy_copy__complex64_complex64
5466793411,281149,146311,1,1,1,32,32,1,30,0.000,0.000,,,,,NVIDIA A100-SXM4-40GB MIG 4g.20gb (0),1,,13,"void convert_kernel<__half2, float2>(tensor_layout_any, T1 *, tensor_layout_any, const T2 *)"
5467103647,5536,146314,,,,,,,,,,0.094,16924.777,Pinned,Device,NVIDIA A100-SXM4-40GB MIG 4g.20gb (0),1,,13,[CUDA memcpy Host-to-Device]
5467371836,660153,146315,,,,,,,,,,456.561,691234.020,Device,,NVIDIA A100-SXM4-40GB MIG 4g.20gb (0),1,,13,[CUDA memset]
5468040277,53727,146320,,,,,,,,,,1.235,22984.778,Pinned,Device,NVIDIA A100-SXM4-40GB MIG 4g.20gb (0),1,,13,[CUDA memcpy Host-to-Device]
5468096468,11328,146321,,,,,,,,,,0.197,17355.768,Pinned,Device,NVIDIA A100-SXM4-40GB MIG 4g.20gb (0),1,,13,[CUDA memcpy Host-to-Device]
5468363153,11712,146322,69,4,1,48,1,1,76,0.002,0.000,,,,,NVIDIA A100-SXM4-40GB MIG 4g.20gb (0),1,,13,"void ch_est::windowedChEstPreNoDftSOfdmKernel<float, __half, float, (unsigned int)2, (unsigned int)1, (unsigned short)4>(ch_est::puschRxChEstStatDescr_t *, ch_est::puschRxChEstDynDescr_t *)"
5468634862,11456,146323,137,2,1,24,2,1,44,0.001,0.001,,,,,NVIDIA A100-SXM4-40GB MIG 4g.20gb (0),1,,13,"void ch_est::chEstFilterNoDftSOfdmDispatchKernel<float, __half, float, (unsigned int)2>(ch_est::puschRxChEstStatDescr_t *, ch_est::puschRxChEstDynDescr_t *)"
5468936682,10720,146324,137,2,1,24,2,1,44,0.001,0.001,,,,,NVIDIA A100-SXM4-40GB MIG 4g.20gb (0),1,,13,"void ch_est::chEstFilterNoDftSOfdmDispatchKernel<float, __half, float, (unsigned int)2>(ch_est::puschRxChEstStatDescr_t *, ch_est::puschRxChEstDynDescr_t *)"
5469233703,6368,146335,103,1,1,128,1,1,16,0.000,0.000,,,,,NVIDIA A100-SXM4-40GB MIG 4g.20gb (0),1,,13,cupy_copy__complex64_complex64
5469518564,18367,146345,1434,1,1,128,1,1,16,0.000,0.000,,,,,NVIDIA A100-SXM4-40GB MIG 4g.20gb (0),1,,13,cupy_copy__complex64_complex64
5469603715,6624,146352,103,1,1,128,1,1,16,0.000,0.000,,,,,NVIDIA A100-SXM4-40GB MIG 4g.20gb (0),1,,13,cupy_copy__complex64_complex64
5469642530,161726,146359,1,1,1,32,32,1,30,0.000,0.000,,,,,NVIDIA A100-SXM4-40GB MIG 4g.20gb (0),1,,13,"void convert_kernel<__half2, float2>(tensor_layout_any, T1 *, tensor_layout_any, const T2 *)"
5469834080,5472,146362,,,,,,,,,,0.094,17122.757,Pinned,Device,NVIDIA A100-SXM4-40GB MIG 4g.20gb (0),1,,13,[CUDA memcpy Host-to-Device]
5469884927,56992,146363,,,,,,,,,,35.810,628320.856,Device,,NVIDIA A100-SXM4-40GB MIG 4g.20gb (0),1,,13,[CUDA memset]
5469946943,1920,146365,,,,,,,,,,0.000,41.667,Pinned,Device,NVIDIA A100-SXM4-40GB MIG 4g.20gb (0),1,,13,[CUDA memcpy Host-to-Device]
5469951647,9471,146366,,,,,,,,,,0.197,20758.856,Pinned,Device,NVIDIA A100-SXM4-40GB MIG 4g.20gb (0),1,,13,[CUDA memcpy Host-to-Device]
5470010142,13408,146367,273,1,1,48,1,1,40,0.000,0.001,,,,,NVIDIA A100-SXM4-40GB MIG 4g.20gb (0),1,,13,"void pusch_noise_intf_est::noiseIntfEstNoDftSOfdmKernel<float, __half, float, float, (unsigned int)2, (unsigned int)1, (unsigned char)4, (unsigned char)4>(pusch_noise_intf_est::puschRxNoiseIntfEstDynDescr)"
5470082909,4320,146378,35,1,1,128,1,1,16,0.000,0.000,,,,,NVIDIA A100-SXM4-40GB MIG 4g.20gb (0),1,,13,cupy_copy__complex64_complex64
5470143708,2112,146387,1,1,1,1,1,1,18,0.000,0.000,,,,,NVIDIA A100-SXM4-40GB MIG 4g.20gb (0),1,,13,cupy_copy__float32_float32
5470150716,1664,146393,,,,,,,,,,0.000,2.404,Device,Pageable,NVIDIA A100-SXM4-40GB MIG 4g.20gb (0),1,,7,[CUDA memcpy Device-to-Host]
5470249211,18048,146404,1434,1,1,128,1,1,16,0.000,0.000,,,,,NVIDIA A100-SXM4-40GB MIG 4g.20gb (0),1,,13,cupy_copy__complex64_complex64
5470294619,4928,146411,103,1,1,128,1,1,16,0.000,0.000,,,,,NVIDIA A100-SXM4-40GB MIG 4g.20gb (0),1,,13,cupy_copy__complex64_complex64
5470362426,5376,146418,35,1,1,128,1,1,16,0.000,0.000,,,,,NVIDIA A100-SXM4-40GB MIG 4g.20gb (0),1,,13,cupy_copy__complex64_complex64
5470423961,2432,146425,1,1,1,1,1,1,18,0.000,0.000,,,,,NVIDIA A100-SXM4-40GB MIG 4g.20gb (0),1,,13,cupy_copy__float32_float32
5470460953,169022,146436,1,1,1,32,32,1,30,0.000,0.000,,,,,NVIDIA A100-SXM4-40GB MIG 4g.20gb (0),1,,13,"void convert_kernel<__half2, float2>(tensor_layout_any, T1 *, tensor_layout_any, const T2 *)"
5470658966,5440,146439,,,,,,,,,,0.094,17223.480,Pinned,Device,NVIDIA A100-SXM4-40GB MIG 4g.20gb (0),1,,13,[CUDA memcpy Host-to-Device]
5470702678,4416,146440,,,,,,,,,,1.547,350231.458,Device,,NVIDIA A100-SXM4-40GB MIG 4g.20gb (0),1,,13,[CUDA memset]
5470708662,3040,146445,,,,,,,,,,0.031,10294.725,Pinned,Device,NVIDIA A100-SXM4-40GB MIG 4g.20gb (0),1,,13,[CUDA memcpy Host-to-Device]
5470714198,9536,146446,,,,,,,,,,0.197,20617.298,Pinned,Device,NVIDIA A100-SXM4-40GB MIG 4g.20gb (0),1,,13,[CUDA memcpy Host-to-Device]
5470772469,11712,146447,273,1,1,8,4,1,39,0.002,0.000,,,,,NVIDIA A100-SXM4-40GB MIG 4g.20gb (0),1,,13,"void channel_eq::eqMmseCoefCompLowMimoKernel<float, float, float, (unsigned int)4, (unsigned int)1, (unsigned int)4>(const channel_eq::_puschRxChEqStatDescr *, channel_eq::_puschRxChEqCoefCompDynDescr)"
5470841076,7424,146448,273,1,1,12,11,1,51,0.002,0.000,,,,,NVIDIA A100-SXM4-40GB MIG 4g.20gb (0),1,,13,"void channel_eq::eqMmseSoftDemapKernel<float, __half, __half, float, (unsigned int)4, (unsigned short)16383>(channel_eq::_puschRxChEqStatDescr *, channel_eq::_puschRxChEqSoftDemapDynDescr)"
5470911732,434170,146449,1,1,1,32,32,1,30,0.000,0.000,,,,,NVIDIA A100-SXM4-40GB MIG 4g.20gb (0),1,,13,"void convert_kernel<float2, __half2>(tensor_layout_any, T1 *, tensor_layout_any, const T2 *)"
5471777770,16287,146461,2253,1,1,128,1,1,16,0.000,0.000,,,,,NVIDIA A100-SXM4-40GB MIG 4g.20gb (0),1,,13,cupy_copy__float16_float16
5472245604,8032,146470,282,1,1,128,1,1,16,0.000,0.000,,,,,NVIDIA A100-SXM4-40GB MIG 4g.20gb (0),1,,13,cupy_copy__complex64_complex64
5472313891,5248,146479,26,1,1,128,1,1,16,0.000,0.000,,,,,NVIDIA A100-SXM4-40GB MIG 4g.20gb (0),1,,13,cupy_copy__float32_float32
5472729215,8735,146488,103,1,1,128,1,1,16,0.000,0.000,,,,,NVIDIA A100-SXM4-40GB MIG 4g.20gb (0),1,,13,cupy_copy__complex64_complex64
5473151962,17247,146498,1434,1,1,128,1,1,16,0.000,0.000,,,,,NVIDIA A100-SXM4-40GB MIG 4g.20gb (0),1,,13,cupy_copy__complex64_complex64
5473246009,255197,146503,1,1,1,32,32,1,30,0.000,0.000,,,,,NVIDIA A100-SXM4-40GB MIG 4g.20gb (0),1,,13,"void convert_kernel<__half2, float2>(tensor_layout_any, T1 *, tensor_layout_any, const T2 *)"
5473532309,6624,146506,,,,,,,,,,0.094,14144.910,Pinned,Device,NVIDIA A100-SXM4-40GB MIG 4g.20gb (0),1,,13,[CUDA memcpy Host-to-Device]
5473712755,656025,146507,,,,,,,,,,456.561,695799.635,Device,,NVIDIA A100-SXM4-40GB MIG 4g.20gb (0),1,,13,[CUDA memset]
5474370444,53375,146512,,,,,,,,,,1.235,23136.676,Pinned,Device,NVIDIA A100-SXM4-40GB MIG 4g.20gb (0),1,,13,[CUDA memcpy Host-to-Device]
5474426539,10912,146513,,,,,,,,,,0.197,18017.550,Pinned,Device,NVIDIA A100-SXM4-40GB MIG 4g.20gb (0),1,,13,[CUDA memcpy Host-to-Device]
5474841990,17312,146514,69,4,1,48,1,1,76,0.002,0.000,,,,,NVIDIA A100-SXM4-40GB MIG 4g.20gb (0),1,,13,"void ch_est::windowedChEstPreNoDftSOfdmKernel<float, __half, float, (unsigned int)2, (unsigned int)1, (unsigned short)4>(ch_est::puschRxChEstStatDescr_t *, ch_est::puschRxChEstDynDescr_t *)"
5475315841,16767,146515,137,2,1,24,2,1,44,0.001,0.001,,,,,NVIDIA A100-SXM4-40GB MIG 4g.20gb (0),1,,13,"void ch_est::chEstFilterNoDftSOfdmDispatchKernel<float, __half, float, (unsigned int)2>(ch_est::puschRxChEstStatDescr_t *, ch_est::puschRxChEstDynDescr_t *)"
5475785339,13664,146516,137,2,1,24,2,1,44,0.001,0.001,,,,,NVIDIA A100-SXM4-40GB MIG 4g.20gb (0),1,,13,"void ch_est::chEstFilterNoDftSOfdmDispatchKernel<float, __half, float, (unsigned int)2>(ch_est::puschRxChEstStatDescr_t *, ch_est::puschRxChEstDynDescr_t *)"
5476256886,6048,146527,103,1,1,128,1,1,16,0.000,0.000,,,,,NVIDIA A100-SXM4-40GB MIG 4g.20gb (0),1,,13,cupy_copy__complex64_complex64
5476713297,18175,146537,1434,1,1,128,1,1,16,0.000,0.000,,,,,NVIDIA A100-SXM4-40GB MIG 4g.20gb (0),1,,13,cupy_copy__complex64_complex64
5476798416,6080,146544,103,1,1,128,1,1,16,0.000,0.000,,,,,NVIDIA A100-SXM4-40GB MIG 4g.20gb (0),1,,13,cupy_copy__complex64_complex64
5476835439,148574,146551,1,1,1,32,32,1,30,0.000,0.000,,,,,NVIDIA A100-SXM4-40GB MIG 4g.20gb (0),1,,13,"void convert_kernel<__half2, float2>(tensor_layout_any, T1 *, tensor_layout_any, const T2 *)"
5477015149,6176,146554,,,,,,,,,,0.094,15170.975,Pinned,Device,NVIDIA A100-SXM4-40GB MIG 4g.20gb (0),1,,13,[CUDA memcpy Host-to-Device]
5477077740,55936,146555,,,,,,,,,,35.810,640173.940,Device,,NVIDIA A100-SXM4-40GB MIG 4g.20gb (0),1,,13,[CUDA memset]
5477135948,1888,146557,,,,,,,,,,0.000,42.373,Pinned,Device,NVIDIA A100-SXM4-40GB MIG 4g.20gb (0),1,,13,[CUDA memcpy Host-to-Device]
5477140428,9600,146558,,,,,,,,,,0.197,20479.869,Pinned,Device,NVIDIA A100-SXM4-40GB MIG 4g.20gb (0),1,,13,[CUDA memcpy Host-to-Device]
5477201931,13248,146559,273,1,1,48,1,1,40,0.000,0.001,,,,,NVIDIA A100-SXM4-40GB MIG 4g.20gb (0),1,,13,"void pusch_noise_intf_est::noiseIntfEstNoDftSOfdmKernel<float, __half, float, float, (unsigned int)2, (unsigned int)1, (unsigned char)4, (unsigned char)4>(pusch_noise_intf_est::puschRxNoiseIntfEstDynDescr)"
5477274090,5376,146570,35,1,1,128,1,1,16,0.000,0.000,,,,,NVIDIA A100-SXM4-40GB MIG 4g.20gb (0),1,,13,cupy_copy__complex64_complex64
5477341993,3200,146579,1,1,1,1,1,1,18,0.000,0.000,,,,,NVIDIA A100-SXM4-40GB MIG 4g.20gb (0),1,,13,cupy_copy__float32_float32
5477346345,1632,146585,,,,,,,,,,0.000,2.451,Device,Pageable,NVIDIA A100-SXM4-40GB MIG 4g.20gb (0),1,,7,[CUDA memcpy Device-to-Host]
5477440136,18400,146596,1434,1,1,128,1,1,16,0.000,0.000,,,,,NVIDIA A100-SXM4-40GB MIG 4g.20gb (0),1,,13,cupy_copy__complex64_complex64
5477486280,4608,146603,103,1,1,128,1,1,16,0.000,0.000,,,,,NVIDIA A100-SXM4-40GB MIG 4g.20gb (0),1,,13,cupy_copy__complex64_complex64
5477547207,5728,146610,35,1,1,128,1,1,16,0.000,0.000,,,,,NVIDIA A100-SXM4-40GB MIG 4g.20gb (0),1,,13,cupy_copy__complex64_complex64
5477584359,2527,146617,1,1,1,1,1,1,18,0.000,0.000,,,,,NVIDIA A100-SXM4-40GB MIG 4g.20gb (0),1,,13,cupy_copy__float32_float32
5477652998,222429,146628,1,1,1,32,32,1,30,0.000,0.000,,,,,NVIDIA A100-SXM4-40GB MIG 4g.20gb (0),1,,13,"void convert_kernel<__half2, float2>(tensor_layout_any, T1 *, tensor_layout_any, const T2 *)"
5477905219,5504,146631,,,,,,,,,,0.094,17023.251,Pinned,Device,NVIDIA A100-SXM4-40GB MIG 4g.20gb (0),1,,13,[CUDA memcpy Host-to-Device]
5478163808,7136,146632,,,,,,,,,,1.547,216734.608,Device,,NVIDIA A100-SXM4-40GB MIG 4g.20gb (0),1,,13,[CUDA memset]
5478178336,3072,146637,,,,,,,,,,0.031,10187.474,Pinned,Device,NVIDIA A100-SXM4-40GB MIG 4g.20gb (0),1,,13,[CUDA memcpy Host-to-Device]
5478184352,9663,146638,,,,,,,,,,0.197,20346.372,Pinned,Device,NVIDIA A100-SXM4-40GB MIG 4g.20gb (0),1,,13,[CUDA memcpy Host-to-Device]
5478440349,14111,146639,273,1,1,8,4,1,39,0.002,0.000,,,,,NVIDIA A100-SXM4-40GB MIG 4g.20gb (0),1,,13,"void channel_eq::eqMmseCoefCompLowMimoKernel<float, float, float, (unsigned int)4, (unsigned int)1, (unsigned int)4>(const channel_eq::_puschRxChEqStatDescr *, channel_eq::_puschRxChEqCoefCompDynDescr)"
5478516828,11968,146640,273,1,1,12,11,1,51,0.002,0.000,,,,,NVIDIA A100-SXM4-40GB MIG 4g.20gb (0),1,,13,"void channel_eq::eqMmseSoftDemapKernel<float, __half, __half, float, (unsigned int)4, (unsigned short)16383>(channel_eq::_puschRxChEqStatDescr *, channel_eq::_puschRxChEqSoftDemapDynDescr)"
5478794265,731351,146641,1,1,1,32,32,1,30,0.000,0.000,,,,,NVIDIA A100-SXM4-40GB MIG 4g.20gb (0),1,,13,"void convert_kernel<float2, __half2>(tensor_layout_any, T1 *, tensor_layout_any, const T2 *)"
5479617615,15040,146653,2253,1,1,128,1,1,16,0.000,0.000,,,,,NVIDIA A100-SXM4-40GB MIG 4g.20gb (0),1,,13,cupy_copy__float16_float16
5479899596,8320,146662,282,1,1,128,1,1,16,0.000,0.000,,,,,NVIDIA A100-SXM4-40GB MIG 4g.20gb (0),1,,13,cupy_copy__complex64_complex64
5480162249,3744,146671,26,1,1,128,1,1,16,0.000,0.000,,,,,NVIDIA A100-SXM4-40GB MIG 4g.20gb (0),1,,13,cupy_copy__float32_float32
5480406854,7520,146680,103,1,1,128,1,1,16,0.000,0.000,,,,,NVIDIA A100-SXM4-40GB MIG 4g.20gb (0),1,,13,cupy_copy__complex64_complex64
5480627779,24512,146690,1434,1,1,128,1,1,16,0.000,0.000,,,,,NVIDIA A100-SXM4-40GB MIG 4g.20gb (0),1,,13,cupy_copy__complex64_complex64
5480724834,169438,146695,1,1,1,32,32,1,30,0.000,0.000,,,,,NVIDIA A100-SXM4-40GB MIG 4g.20gb (0),1,,13,"void convert_kernel<__half2, float2>(tensor_layout_any, T1 *, tensor_layout_any, const T2 *)"
5480924256,5440,146698,,,,,,,,,,0.094,17223.480,Pinned,Device,NVIDIA A100-SXM4-40GB MIG 4g.20gb (0),1,,13,[CUDA memcpy Host-to-Device]
5480998271,659224,146699,,,,,,,,,,456.561,692147.143,Device,,NVIDIA A100-SXM4-40GB MIG 4g.20gb (0),1,,13,[CUDA memset]
5481661975,52000,146704,,,,,,,,,,1.235,23747.973,Pinned,Device,NVIDIA A100-SXM4-40GB MIG 4g.20gb (0),1,,13,[CUDA memcpy Host-to-Device]
5481716439,10848,146705,,,,,,,,,,0.197,18123.719,Pinned,Device,NVIDIA A100-SXM4-40GB MIG 4g.20gb (0),1,,13,[CUDA memcpy Host-to-Device]
5481788502,10880,146706,69,4,1,48,1,1,76,0.002,0.000,,,,,NVIDIA A100-SXM4-40GB MIG 4g.20gb (0),1,,13,"void ch_est::windowedChEstPreNoDftSOfdmKernel<float, __half, float, (unsigned int)2, (unsigned int)1, (unsigned short)4>(ch_est::puschRxChEstStatDescr_t *, ch_est::puschRxChEstDynDescr_t *)"
5481861013,8736,146707,137,2,1,24,2,1,44,0.001,0.001,,,,,NVIDIA A100-SXM4-40GB MIG 4g.20gb (0),1,,13,"void ch_est::chEstFilterNoDftSOfdmDispatchKernel<float, __half, float, (unsigned int)2>(ch_est::puschRxChEstStatDescr_t *, ch_est::puschRxChEstDynDescr_t *)"
5481929716,11776,146708,137,2,1,24,2,1,44,0.001,0.001,,,,,NVIDIA A100-SXM4-40GB MIG 4g.20gb (0),1,,13,"void ch_est::chEstFilterNoDftSOfdmDispatchKernel<float, __half, float, (unsigned int)2>(ch_est::puschRxChEstStatDescr_t *, ch_est::puschRxChEstDynDescr_t *)"
5481999860,4607,146719,103,1,1,128,1,1,16,0.000,0.000,,,,,NVIDIA A100-SXM4-40GB MIG 4g.20gb (0),1,,13,cupy_copy__complex64_complex64
5482036691,17120,146729,1434,1,1,128,1,1,16,0.000,0.000,,,,,NVIDIA A100-SXM4-40GB MIG 4g.20gb (0),1,,13,cupy_copy__complex64_complex64
5482082131,3584,146736,103,1,1,128,1,1,16,0.000,0.000,,,,,NVIDIA A100-SXM4-40GB MIG 4g.20gb (0),1,,13,cupy_copy__complex64_complex64
5482143186,213213,146743,1,1,1,32,32,1,30,0.000,0.000,,,,,NVIDIA A100-SXM4-40GB MIG 4g.20gb (0),1,,13,"void convert_kernel<__half2, float2>(tensor_layout_any, T1 *, tensor_layout_any, const T2 *)"
5482394479,6272,146746,,,,,,,,,,0.094,14938.703,Pinned,Device,NVIDIA A100-SXM4-40GB MIG 4g.20gb (0),1,,13,[CUDA memcpy Host-to-Device]
5482756523,57759,146747,,,,,,,,,,35.810,619977.145,Device,,NVIDIA A100-SXM4-40GB MIG 4g.20gb (0),1,,13,[CUDA memset]
5482823146,1856,146749,,,,,,,,,,0.000,43.103,Pinned,Device,NVIDIA A100-SXM4-40GB MIG 4g.20gb (0),1,,13,[CUDA memcpy Host-to-Device]
5482827498,10080,146750,,,,,,,,,,0.197,19504.693,Pinned,Device,NVIDIA A100-SXM4-40GB MIG 4g.20gb (0),1,,13,[CUDA memcpy Host-to-Device]
5483186054,14784,146751,273,1,1,48,1,1,40,0.000,0.001,,,,,NVIDIA A100-SXM4-40GB MIG 4g.20gb (0),1,,13,"void pusch_noise_intf_est::noiseIntfEstNoDftSOfdmKernel<float, __half, float, float, (unsigned int)2, (unsigned int)1, (unsigned char)4, (unsigned char)4>(pusch_noise_intf_est::puschRxNoiseIntfEstDynDescr)"
5483560482,7103,146762,35,1,1,128,1,1,16,0.000,0.000,,,,,NVIDIA A100-SXM4-40GB MIG 4g.20gb (0),1,,13,cupy_copy__complex64_complex64
5483885534,3936,146771,1,1,1,1,1,1,18,0.000,0.000,,,,,NVIDIA A100-SXM4-40GB MIG 4g.20gb (0),1,,13,cupy_copy__float32_float32
5483890750,2336,146777,,,,,,,,,,0.000,1.712,Device,Pageable,NVIDIA A100-SXM4-40GB MIG 4g.20gb (0),1,,7,[CUDA memcpy Device-to-Host]
5484310073,14336,146788,1434,1,1,128,1,1,16,0.000,0.000,,,,,NVIDIA A100-SXM4-40GB MIG 4g.20gb (0),1,,13,cupy_copy__complex64_complex64
5484642165,6432,146795,103,1,1,128,1,1,16,0.000,0.000,,,,,NVIDIA A100-SXM4-40GB MIG 4g.20gb (0),1,,13,cupy_copy__complex64_complex64
5484729492,8576,146802,35,1,1,128,1,1,16,0.000,0.000,,,,,NVIDIA A100-SXM4-40GB MIG 4g.20gb (0),1,,13,cupy_copy__complex64_complex64
5485096208,2976,146809,1,1,1,1,1,1,18,0.000,0.000,,,,,NVIDIA A100-SXM4-40GB MIG 4g.20gb (0),1,,13,cupy_copy__float32_float32
5485443436,285085,146820,1,1,1,32,32,1,30,0.000,0.000,,,,,NVIDIA A100-SXM4-40GB MIG 4g.20gb (0),1,,13,"void convert_kernel<__half2, float2>(tensor_layout_any, T1 *, tensor_layout_any, const T2 *)"
5485758056,5888,146823,,,,,,,,,,0.094,15912.954,Pinned,Device,NVIDIA A100-SXM4-40GB MIG 4g.20gb (0),1,,13,[CUDA memcpy Host-to-Device]
5485856935,7616,146824,,,,,,,,,,1.547,203074.824,Device,,NVIDIA A100-SXM4-40GB MIG 4g.20gb (0),1,,13,[CUDA memset]
5485867559,3584,146829,,,,,,,,,,0.031,8732.116,Pinned,Device,NVIDIA A100-SXM4-40GB MIG 4g.20gb (0),1,,13,[CUDA memcpy Host-to-Device]
5485873639,9472,146830,,,,,,,,,,0.197,20756.693,Pinned,Device,NVIDIA A100-SXM4-40GB MIG 4g.20gb (0),1,,13,[CUDA memcpy Host-to-Device]
5486236259,14047,146831,273,1,1,8,4,1,39,0.002,0.000,,,,,NVIDIA A100-SXM4-40GB MIG 4g.20gb (0),1,,13,"void channel_eq::eqMmseCoefCompLowMimoKernel<float, float, float, (unsigned int)4, (unsigned int)1, (unsigned int)4>(const channel_eq::_puschRxChEqStatDescr *, channel_eq::_puschRxChEqCoefCompDynDescr)"
5486307906,7936,146832,273,1,1,12,11,1,51,0.002,0.000,,,,,NVIDIA A100-SXM4-40GB MIG 4g.20gb (0),1,,13,"void channel_eq::eqMmseSoftDemapKernel<float, __half, __half, float, (unsigned int)4, (unsigned short)16383>(channel_eq::_puschRxChEqStatDescr *, channel_eq::_puschRxChEqSoftDemapDynDescr)"
5486379713,357564,146833,1,1,1,32,32,1,30,0.000,0.000,,,,,NVIDIA A100-SXM4-40GB MIG 4g.20gb (0),1,,13,"void convert_kernel<float2, __half2>(tensor_layout_any, T1 *, tensor_layout_any, const T2 *)"
5486788700,12704,146845,2253,1,1,128,1,1,16,0.000,0.000,,,,,NVIDIA A100-SXM4-40GB MIG 4g.20gb (0),1,,13,cupy_copy__float16_float16
5486946746,2912,146854,282,1,1,128,1,1,16,0.000,0.000,,,,,NVIDIA A100-SXM4-40GB MIG 4g.20gb (0),1,,13,cupy_copy__complex64_complex64
5487014618,2752,146863,26,1,1,128,1,1,16,0.000,0.000,,,,,NVIDIA A100-SXM4-40GB MIG 4g.20gb (0),1,,13,cupy_copy__float32_float32
5487051609,7136,146872,103,1,1,128,1,1,16,0.000,0.000,,,,,NVIDIA A100-SXM4-40GB MIG 4g.20gb (0),1,,13,cupy_copy__complex64_complex64
5487089145,13088,146882,1434,1,1,128,1,1,16,0.000,0.000,,,,,NVIDIA A100-SXM4-40GB MIG 4g.20gb (0),1,,13,cupy_copy__complex64_complex64
5487164344,111711,146887,1,1,1,32,32,1,30,0.000,0.000,,,,,NVIDIA A100-SXM4-40GB MIG 4g.20gb (0),1,,13,"void convert_kernel<__half2, float2>(tensor_layout_any, T1 *, tensor_layout_any, const T2 *)"
5487309878,5472,146890,,,,,,,,,,0.094,17122.757,Pinned,Device,NVIDIA A100-SXM4-40GB MIG 4g.20gb (0),1,,13,[CUDA memcpy Host-to-Device]
5487429077,621753,146891,,,,,,,,,,456.561,734150.796,Device,,NVIDIA A100-SXM4-40GB MIG 4g.20gb (0),1,,13,[CUDA memset]
5488111917,61023,146896,,,,,,,,,,1.235,20237.027,Pinned,Device,NVIDIA A100-SXM4-40GB MIG 4g.20gb (0),1,,13,[CUDA memcpy Host-to-Device]
5488178572,13344,146897,,,,,,,,,,0.197,14733.804,Pinned,Device,NVIDIA A100-SXM4-40GB MIG 4g.20gb (0),1,,13,[CUDA memcpy Host-to-Device]
5488461065,12064,146898,69,4,1,48,1,1,76,0.002,0.000,,,,,NVIDIA A100-SXM4-40GB MIG 4g.20gb (0),1,,13,"void ch_est::windowedChEstPreNoDftSOfdmKernel<float, __half, float, (unsigned int)2, (unsigned int)1, (unsigned short)4>(ch_est::puschRxChEstStatDescr_t *, ch_est::puschRxChEstDynDescr_t *)"
5488753350,12415,146899,137,2,1,24,2,1,44,0.001,0.001,,,,,NVIDIA A100-SXM4-40GB MIG 4g.20gb (0),1,,13,"void ch_est::chEstFilterNoDftSOfdmDispatchKernel<float, __half, float, (unsigned int)2>(ch_est::puschRxChEstStatDescr_t *, ch_est::puschRxChEstDynDescr_t *)"
5488830085,13536,146900,137,2,1,24,2,1,44,0.001,0.001,,,,,NVIDIA A100-SXM4-40GB MIG 4g.20gb (0),1,,13,"void ch_est::chEstFilterNoDftSOfdmDispatchKernel<float, __half, float, (unsigned int)2>(ch_est::puschRxChEstStatDescr_t *, ch_est::puschRxChEstDynDescr_t *)"
5489145633,5920,146911,103,1,1,128,1,1,16,0.000,0.000,,,,,NVIDIA A100-SXM4-40GB MIG 4g.20gb (0),1,,13,cupy_copy__complex64_complex64
5489461757,18176,146921,1434,1,1,128,1,1,16,0.000,0.000,,,,,NVIDIA A100-SXM4-40GB MIG 4g.20gb (0),1,,13,cupy_copy__complex64_complex64
5489788826,6656,146928,103,1,1,128,1,1,16,0.000,0.000,,,,,NVIDIA A100-SXM4-40GB MIG 4g.20gb (0),1,,13,cupy_copy__complex64_complex64
5490106198,285501,146935,1,1,1,32,32,1,30,0.000,0.000,,,,,NVIDIA A100-SXM4-40GB MIG 4g.20gb (0),1,,13,"void convert_kernel<__half2, float2>(tensor_layout_any, T1 *, tensor_layout_any, const T2 *)"
5490423698,9920,146938,,,,,,,,,,0.094,9445.119,Pinned,Device,NVIDIA A100-SXM4-40GB MIG 4g.20gb (0),1,,13,[CUDA memcpy Host-to-Device]
5490745839,56191,146939,,,,,,,,,,35.810,637273.336,Device,,NVIDIA A100-SXM4-40GB MIG 4g.20gb (0),1,,13,[CUDA memset]
5490807662,1888,146941,,,,,,,,,,0.000,42.373,Pinned,Device,NVIDIA A100-SXM4-40GB MIG 4g.20gb (0),1,,13,[CUDA memcpy Host-to-Device]
5490812334,10496,146942,,,,,,,,,,0.197,18731.631,Pinned,Device,NVIDIA A100-SXM4-40GB MIG 4g.20gb (0),1,,13,[CUDA memcpy Host-to-Device]
5491121962,21728,146943,273,1,1,48,1,1,40,0.000,0.001,,,,,NVIDIA A100-SXM4-40GB MIG 4g.20gb (0),1,,13,"void pusch_noise_intf_est::noiseIntfEstNoDftSOfdmKernel<float, __half, float, float, (unsigned int)2, (unsigned int)1, (unsigned char)4, (unsigned char)4>(pusch_noise_intf_est::puschRxNoiseIntfEstDynDescr)"
5491440487,6592,146954,35,1,1,128,1,1,16,0.000,0.000,,,,,NVIDIA A100-SXM4-40GB MIG 4g.20gb (0),1,,13,cupy_copy__complex64_complex64
5491504518,2880,146963,1,1,1,1,1,1,18,0.000,0.000,,,,,NVIDIA A100-SXM4-40GB MIG 4g.20gb (0),1,,13,cupy_copy__float32_float32
5491515206,5568,146969,,,,,,,,,,0.000,0.718,Device,Pageable,NVIDIA A100-SXM4-40GB MIG 4g.20gb (0),1,,7,[CUDA memcpy Device-to-Host]
5491608453,15935,146980,1434,1,1,128,1,1,16,0.000,0.000,,,,,NVIDIA A100-SXM4-40GB MIG 4g.20gb (0),1,,13,cupy_copy__complex64_complex64
5491651236,3488,146987,103,1,1,128,1,1,16,0.000,0.000,,,,,NVIDIA A100-SXM4-40GB MIG 4g.20gb (0),1,,13,cupy_copy__complex64_complex64
5491711427,4672,146994,35,1,1,128,1,1,16,0.000,0.000,,,,,NVIDIA A100-SXM4-40GB MIG 4g.20gb (0),1,,13,cupy_copy__complex64_complex64
5491748867,2848,147001,1,1,1,1,1,1,18,0.000,0.000,,,,,NVIDIA A100-SXM4-40GB MIG 4g.20gb (0),1,,13,cupy_copy__float32_float32
5491815842,164990,147012,1,1,1,32,32,1,30,0.000,0.000,,,,,NVIDIA A100-SXM4-40GB MIG 4g.20gb (0),1,,13,"void convert_kernel<__half2, float2>(tensor_layout_any, T1 *, tensor_layout_any, const T2 *)"
5492011296,5376,147015,,,,,,,,,,0.094,17428.487,Pinned,Device,NVIDIA A100-SXM4-40GB MIG 4g.20gb (0),1,,13,[CUDA memcpy Host-to-Device]
5492054976,4223,147016,,,,,,,,,,1.547,366237.470,Device,,NVIDIA A100-SXM4-40GB MIG 4g.20gb (0),1,,13,[CUDA memset]
5492061087,5824,147021,,,,,,,,,,0.031,5373.617,Pinned,Device,NVIDIA A100-SXM4-40GB MIG 4g.20gb (0),1,,13,[CUDA memcpy Host-to-Device]
5492069439,9504,147022,,,,,,,,,,0.197,20686.701,Pinned,Device,NVIDIA A100-SXM4-40GB MIG 4g.20gb (0),1,,13,[CUDA memcpy Host-to-Device]
5492123679,11168,147023,273,1,1,8,4,1,39,0.002,0.000,,,,,NVIDIA A100-SXM4-40GB MIG 4g.20gb (0),1,,13,"void channel_eq::eqMmseCoefCompLowMimoKernel<float, float, float, (unsigned int)4, (unsigned int)1, (unsigned int)4>(const channel_eq::_puschRxChEqStatDescr *, channel_eq::_puschRxChEqCoefCompDynDescr)"
5492191966,7136,147024,273,1,1,12,11,1,51,0.002,0.000,,,,,NVIDIA A100-SXM4-40GB MIG 4g.20gb (0),1,,13,"void channel_eq::eqMmseSoftDemapKernel<float, __half, __half, float, (unsigned int)4, (unsigned short)16383>(channel_eq::_puschRxChEqStatDescr *, channel_eq::_puschRxChEqSoftDemapDynDescr)"
5492262685,499002,147025,1,1,1,32,32,1,30,0.000,0.000,,,,,NVIDIA A100-SXM4-40GB MIG 4g.20gb (0),1,,13,"void convert_kernel<float2, __half2>(tensor_layout_any, T1 *, tensor_layout_any, const T2 *)"
5492948885,15808,147037,2253,1,1,128,1,1,16,0.000,0.000,,,,,NVIDIA A100-SXM4-40GB MIG 4g.20gb (0),1,,13,cupy_copy__float16_float16
5493331313,5248,147046,282,1,1,128,1,1,16,0.000,0.000,,,,,NVIDIA A100-SXM4-40GB MIG 4g.20gb (0),1,,13,cupy_copy__complex64_complex64
5493648973,8672,147055,26,1,1,128,1,1,16,0.000,0.000,,,,,NVIDIA A100-SXM4-40GB MIG 4g.20gb (0),1,,13,cupy_copy__float32_float32
5493741036,6368,147064,103,1,1,128,1,1,16,0.000,0.000,,,,,NVIDIA A100-SXM4-40GB MIG 4g.20gb (0),1,,13,cupy_copy__complex64_complex64
5494105096,17216,147074,1434,1,1,128,1,1,16,0.000,0.000,,,,,NVIDIA A100-SXM4-40GB MIG 4g.20gb (0),1,,13,cupy_copy__complex64_complex64
5494498147,274365,147079,1,1,1,32,32,1,30,0.000,0.000,,,,,NVIDIA A100-SXM4-40GB MIG 4g.20gb (0),1,,13,"void convert_kernel<__half2, float2>(tensor_layout_any, T1 *, tensor_layout_any, const T2 *)"
5494805664,5568,147082,,,,,,,,,,0.094,16827.521,Pinned,Device,NVIDIA A100-SXM4-40GB MIG 4g.20gb (0),1,,13,[CUDA memcpy Host-to-Device]
5494891775,624057,147083,,,,,,,,,,456.561,731411.427,Device,,NVIDIA A100-SXM4-40GB MIG 4g.20gb (0),1,,13,[CUDA memset]
5495519256,60895,147088,,,,,,,,,,1.235,20279.015,Pinned,Device,NVIDIA A100-SXM4-40GB MIG 4g.20gb (0),1,,13,[CUDA memcpy Host-to-Device]
5495582711,12064,147089,,,,,,,,,,0.197,16297.034,Pinned,Device,NVIDIA A100-SXM4-40GB MIG 4g.20gb (0),1,,13,[CUDA memcpy Host-to-Device]
5495894003,13248,147090,69,4,1,48,1,1,76,0.002,0.000,,,,,NVIDIA A100-SXM4-40GB MIG 4g.20gb (0),1,,13,"void ch_est::windowedChEstPreNoDftSOfdmKernel<float, __half, float, (unsigned int)2, (unsigned int)1, (unsigned short)4>(ch_est::puschRxChEstStatDescr_t *, ch_est::puschRxChEstDynDescr_t *)"
5496283023,11808,147091,137,2,1,24,2,1,44,0.001,0.001,,,,,NVIDIA A100-SXM4-40GB MIG 4g.20gb (0),1,,13,"void ch_est::chEstFilterNoDftSOfdmDispatchKernel<float, __half, float, (unsigned int)2>(ch_est::puschRxChEstStatDescr_t *, ch_est::puschRxChEstDynDescr_t *)"
5496666602,10336,147092,137,2,1,24,2,1,44,0.001,0.001,,,,,NVIDIA A100-SXM4-40GB MIG 4g.20gb (0),1,,13,"void ch_est::chEstFilterNoDftSOfdmDispatchKernel<float, __half, float, (unsigned int)2>(ch_est::puschRxChEstStatDescr_t *, ch_est::puschRxChEstDynDescr_t *)"
5497042822,8576,147103,103,1,1,128,1,1,16,0.000,0.000,,,,,NVIDIA A100-SXM4-40GB MIG 4g.20gb (0),1,,13,cupy_copy__complex64_complex64
5497107653,16864,147113,1434,1,1,128,1,1,16,0.000,0.000,,,,,NVIDIA A100-SXM4-40GB MIG 4g.20gb (0),1,,13,cupy_copy__complex64_complex64
5497185188,5120,147120,103,1,1,128,1,1,16,0.000,0.000,,,,,NVIDIA A100-SXM4-40GB MIG 4g.20gb (0),1,,13,cupy_copy__complex64_complex64
5497223364,158014,147127,1,1,1,32,32,1,30,0.000,0.000,,,,,NVIDIA A100-SXM4-40GB MIG 4g.20gb (0),1,,13,"void convert_kernel<__half2, float2>(tensor_layout_any, T1 *, tensor_layout_any, const T2 *)"
5497411618,5664,147130,,,,,,,,,,0.094,16542.310,Pinned,Device,NVIDIA A100-SXM4-40GB MIG 4g.20gb (0),1,,13,[CUDA memcpy Host-to-Device]
5497464673,56159,147131,,,,,,,,,,35.810,637631.436,Device,,NVIDIA A100-SXM4-40GB MIG 4g.20gb (0),1,,13,[CUDA memset]
5497528064,2304,147133,,,,,,,,,,0.000,34.722,Pinned,Device,NVIDIA A100-SXM4-40GB MIG 4g.20gb (0),1,,13,[CUDA memcpy Host-to-Device]
5497532864,9440,147134,,,,,,,,,,0.197,20827.079,Pinned,Device,NVIDIA A100-SXM4-40GB MIG 4g.20gb (0),1,,13,[CUDA memcpy Host-to-Device]
5497589600,13215,147135,273,1,1,48,1,1,40,0.000,0.001,,,,,NVIDIA A100-SXM4-40GB MIG 4g.20gb (0),1,,13,"void pusch_noise_intf_est::noiseIntfEstNoDftSOfdmKernel<float, __half, float, float, (unsigned int)2, (unsigned int)1, (unsigned char)4, (unsigned char)4>(pusch_noise_intf_est::puschRxNoiseIntfEstDynDescr)"
5497662399,4256,147146,35,1,1,128,1,1,16,0.000,0.000,,,,,NVIDIA A100-SXM4-40GB MIG 4g.20gb (0),1,,13,cupy_copy__complex64_complex64
5497722974,2304,147155,1,1,1,1,1,1,18,0.000,0.000,,,,,NVIDIA A100-SXM4-40GB MIG 4g.20gb (0),1,,13,cupy_copy__float32_float32
5497726206,1888,147161,,,,,,,,,,0.000,2.119,Device,Pageable,NVIDIA A100-SXM4-40GB MIG 4g.20gb (0),1,,7,[CUDA memcpy Device-to-Host]
5497828221,18400,147172,1434,1,1,128,1,1,16,0.000,0.000,,,,,NVIDIA A100-SXM4-40GB MIG 4g.20gb (0),1,,13,cupy_copy__complex64_complex64
5497873884,4576,147179,103,1,1,128,1,1,16,0.000,0.000,,,,,NVIDIA A100-SXM4-40GB MIG 4g.20gb (0),1,,13,cupy_copy__complex64_complex64
5497941724,5248,147186,35,1,1,128,1,1,16,0.000,0.000,,,,,NVIDIA A100-SXM4-40GB MIG 4g.20gb (0),1,,13,cupy_copy__complex64_complex64
5498003451,2432,147193,1,1,1,1,1,1,18,0.000,0.000,,,,,NVIDIA A100-SXM4-40GB MIG 4g.20gb (0),1,,13,cupy_copy__float32_float32
5498099450,289916,147204,1,1,1,32,32,1,30,0.000,0.000,,,,,NVIDIA A100-SXM4-40GB MIG 4g.20gb (0),1,,13,"void convert_kernel<__half2, float2>(tensor_layout_any, T1 *, tensor_layout_any, const T2 *)"
5498418294,9216,147207,,,,,,,,,,0.094,10166.578,Pinned,Device,NVIDIA A100-SXM4-40GB MIG 4g.20gb (0),1,,13,[CUDA memcpy Host-to-Device]
5498666515,6240,147208,,,,,,,,,,1.547,247855.776,Device,,NVIDIA A100-SXM4-40GB MIG 4g.20gb (0),1,,13,[CUDA memset]
5498678643,7488,147213,,,,,,,,,,0.031,4179.487,Pinned,Device,NVIDIA A100-SXM4-40GB MIG 4g.20gb (0),1,,13,[CUDA memcpy Host-to-Device]
5498688691,10176,147214,,,,,,,,,,0.197,19320.668,Pinned,Device,NVIDIA A100-SXM4-40GB MIG 4g.20gb (0),1,,13,[CUDA memcpy Host-to-Device]
5498910832,28672,147215,273,1,1,8,4,1,39,0.002,0.000,,,,,NVIDIA A100-SXM4-40GB MIG 4g.20gb (0),1,,13,"void channel_eq::eqMmseCoefCompLowMimoKernel<float, float, float, (unsigned int)4, (unsigned int)1, (unsigned int)4>(const channel_eq::_puschRxChEqStatDescr *, channel_eq::_puschRxChEqCoefCompDynDescr)"
5499010191,14240,147216,273,1,1,12,11,1,51,0.002,0.000,,,,,NVIDIA A100-SXM4-40GB MIG 4g.20gb (0),1,,13,"void channel_eq::eqMmseSoftDemapKernel<float, __half, __half, float, (unsigned int)4, (unsigned short)16383>(channel_eq::_puschRxChEqStatDescr *, channel_eq::_puschRxChEqSoftDemapDynDescr)"
5499281068,742104,147217,1,1,1,32,32,1,30,0.000,0.000,,,,,NVIDIA A100-SXM4-40GB MIG 4g.20gb (0),1,,13,"void convert_kernel<float2, __half2>(tensor_layout_any, T1 *, tensor_layout_any, const T2 *)"
5500086083,14912,147229,2253,1,1,128,1,1,16,0.000,0.000,,,,,NVIDIA A100-SXM4-40GB MIG 4g.20gb (0),1,,13,cupy_copy__float16_float16
5500359616,7488,147238,282,1,1,128,1,1,16,0.000,0.000,,,,,NVIDIA A100-SXM4-40GB MIG 4g.20gb (0),1,,13,cupy_copy__complex64_complex64
5500614813,4928,147247,26,1,1,128,1,1,16,0.000,0.000,,,,,NVIDIA A100-SXM4-40GB MIG 4g.20gb (0),1,,13,cupy_copy__float32_float32
5500844634,8640,147256,103,1,1,128,1,1,16,0.000,0.000,,,,,NVIDIA A100-SXM4-40GB MIG 4g.20gb (0),1,,13,cupy_copy__complex64_complex64
5500885274,18719,147266,1434,1,1,128,1,1,16,0.000,0.000,,,,,NVIDIA A100-SXM4-40GB MIG 4g.20gb (0),1,,13,cupy_copy__complex64_complex64
5500967321,123070,147271,1,1,1,32,32,1,30,0.000,0.000,,,,,NVIDIA A100-SXM4-40GB MIG 4g.20gb (0),1,,13,"void convert_kernel<__half2, float2>(tensor_layout_any, T1 *, tensor_layout_any, const T2 *)"
5501121015,5760,147274,,,,,,,,,,0.094,16266.656,Pinned,Device,NVIDIA A100-SXM4-40GB MIG 4g.20gb (0),1,,13,[CUDA memcpy Host-to-Device]
5501170326,629529,147275,,,,,,,,,,456.561,725019.567,Device,,NVIDIA A100-SXM4-40GB MIG 4g.20gb (0),1,,13,[CUDA memset]
5501806191,53023,147280,,,,,,,,,,1.235,23289.809,Pinned,Device,NVIDIA A100-SXM4-40GB MIG 4g.20gb (0),1,,13,[CUDA memcpy Host-to-Device]
5501861710,12448,147281,,,,,,,,,,0.197,15794.307,Pinned,Device,NVIDIA A100-SXM4-40GB MIG 4g.20gb (0),1,,13,[CUDA memcpy Host-to-Device]
5501938797,9280,147282,69,4,1,48,1,1,76,0.002,0.000,,,,,NVIDIA A100-SXM4-40GB MIG 4g.20gb (0),1,,13,"void ch_est::windowedChEstPreNoDftSOfdmKernel<float, __half, float, (unsigned int)2, (unsigned int)1, (unsigned short)4>(ch_est::puschRxChEstStatDescr_t *, ch_est::puschRxChEstDynDescr_t *)"
5502010029,8928,147283,137,2,1,24,2,1,44,0.001,0.001,,,,,NVIDIA A100-SXM4-40GB MIG 4g.20gb (0),1,,13,"void ch_est::chEstFilterNoDftSOfdmDispatchKernel<float, __half, float, (unsigned int)2>(ch_est::puschRxChEstStatDescr_t *, ch_est::puschRxChEstDynDescr_t *)"
5502078892,7680,147284,137,2,1,24,2,1,44,0.001,0.001,,,,,NVIDIA A100-SXM4-40GB MIG 4g.20gb (0),1,,13,"void ch_est::chEstFilterNoDftSOfdmDispatchKernel<float, __half, float, (unsigned int)2>(ch_est::puschRxChEstStatDescr_t *, ch_est::puschRxChEstDynDescr_t *)"
5502147499,6080,147295,103,1,1,128,1,1,16,0.000,0.000,,,,,NVIDIA A100-SXM4-40GB MIG 4g.20gb (0),1,,13,cupy_copy__complex64_complex64
5502209034,15648,147305,1434,1,1,128,1,1,16,0.000,0.000,,,,,NVIDIA A100-SXM4-40GB MIG 4g.20gb (0),1,,13,cupy_copy__complex64_complex64
5502284873,5216,147312,103,1,1,128,1,1,16,0.000,0.000,,,,,NVIDIA A100-SXM4-40GB MIG 4g.20gb (0),1,,13,cupy_copy__complex64_complex64
5502322537,164990,147319,1,1,1,32,32,1,30,0.000,0.000,,,,,NVIDIA A100-SXM4-40GB MIG 4g.20gb (0),1,,13,"void convert_kernel<__half2, float2>(tensor_layout_any, T1 *, tensor_layout_any, const T2 *)"
5502517191,5696,147322,,,,,,,,,,0.094,16449.363,Pinned,Device,NVIDIA A100-SXM4-40GB MIG 4g.20gb (0),1,,13,[CUDA memcpy Host-to-Device]
5502563462,55520,147323,,,,,,,,,,35.810,644972.469,Device,,NVIDIA A100-SXM4-40GB MIG 4g.20gb (0),1,,13,[CUDA memset]
5502622182,2176,147325,,,,,,,,,,0.000,36.765,Pinned,Device,NVIDIA A100-SXM4-40GB MIG 4g.20gb (0),1,,13,[CUDA memcpy Host-to-Device]
5502627013,9504,147326,,,,,,,,,,0.197,20686.701,Pinned,Device,NVIDIA A100-SXM4-40GB MIG 4g.20gb (0),1,,13,[CUDA memcpy Host-to-Device]
5502687237,13280,147327,273,1,1,48,1,1,40,0.000,0.001,,,,,NVIDIA A100-SXM4-40GB MIG 4g.20gb (0),1,,13,"void pusch_noise_intf_est::noiseIntfEstNoDftSOfdmKernel<float, __half, float, float, (unsigned int)2, (unsigned int)1, (unsigned char)4, (unsigned char)4>(pusch_noise_intf_est::puschRxNoiseIntfEstDynDescr)"
5502820899,6144,147338,35,1,1,128,1,1,16,0.000,0.000,,,,,NVIDIA A100-SXM4-40GB MIG 4g.20gb (0),1,,13,cupy_copy__complex64_complex64
5502899714,4448,147347,1,1,1,1,1,1,18,0.000,0.000,,,,,NVIDIA A100-SXM4-40GB MIG 4g.20gb (0),1,,13,cupy_copy__float32_float32
5502909698,5600,147353,,,,,,,,,,0.000,0.714,Device,Pageable,NVIDIA A100-SXM4-40GB MIG 4g.20gb (0),1,,7,[CUDA memcpy Device-to-Host]
5503234686,20416,147364,1434,1,1,128,1,1,16,0.000,0.000,,,,,NVIDIA A100-SXM4-40GB MIG 4g.20gb (0),1,,13,cupy_copy__complex64_complex64
5503581338,6720,147371,103,1,1,128,1,1,16,0.000,0.000,,,,,NVIDIA A100-SXM4-40GB MIG 4g.20gb (0),1,,13,cupy_copy__complex64_complex64
5503644570,6048,147378,35,1,1,128,1,1,16,0.000,0.000,,,,,NVIDIA A100-SXM4-40GB MIG 4g.20gb (0),1,,13,cupy_copy__complex64_complex64
5503945366,3104,147385,1,1,1,1,1,1,18,0.000,0.000,,,,,NVIDIA A100-SXM4-40GB MIG 4g.20gb (0),1,,13,cupy_copy__float32_float32
5504245075,279197,147396,1,1,1,32,32,1,30,0.000,0.000,,,,,NVIDIA A100-SXM4-40GB MIG 4g.20gb (0),1,,13,"void convert_kernel<__half2, float2>(tensor_layout_any, T1 *, tensor_layout_any, const T2 *)"
5504554543,13664,147399,,,,,,,,,,0.094,6857.142,Pinned,Device,NVIDIA A100-SXM4-40GB MIG 4g.20gb (0),1,,13,[CUDA memcpy Host-to-Device]
5504666894,8032,147400,,,,,,,,,,1.547,192556.235,Device,,NVIDIA A100-SXM4-40GB MIG 4g.20gb (0),1,,13,[CUDA memset]
5504683790,5536,147405,,,,,,,,,,0.031,5653.153,Pinned,Device,NVIDIA A100-SXM4-40GB MIG 4g.20gb (0),1,,13,[CUDA memcpy Host-to-Device]
5504691886,9696,147406,,,,,,,,,,0.197,20277.166,Pinned,Device,NVIDIA A100-SXM4-40GB MIG 4g.20gb (0),1,,13,[CUDA memcpy Host-to-Device]
5505009258,23840,147407,273,1,1,8,4,1,39,0.002,0.000,,,,,NVIDIA A100-SXM4-40GB MIG 4g.20gb (0),1,,13,"void channel_eq::eqMmseCoefCompLowMimoKernel<float, float, float, (unsigned int)4, (unsigned int)1, (unsigned int)4>(const channel_eq::_puschRxChEqStatDescr *, channel_eq::_puschRxChEqCoefCompDynDescr)"
5505354982,16864,147408,273,1,1,12,11,1,51,0.002,0.000,,,,,NVIDIA A100-SXM4-40GB MIG 4g.20gb (0),1,,13,"void channel_eq::eqMmseSoftDemapKernel<float, __half, __half, float, (unsigned int)4, (unsigned short)16383>(channel_eq::_puschRxChEqStatDescr *, channel_eq::_puschRxChEqSoftDemapDynDescr)"
5505698530,709016,147409,1,1,1,32,32,1,30,0.000,0.000,,,,,NVIDIA A100-SXM4-40GB MIG 4g.20gb (0),1,,13,"void convert_kernel<float2, __half2>(tensor_layout_any, T1 *, tensor_layout_any, const T2 *)"
5506444153,12704,147421,2253,1,1,128,1,1,16,0.000,0.000,,,,,NVIDIA A100-SXM4-40GB MIG 4g.20gb (0),1,,13,cupy_copy__float16_float16
5506520793,5663,147430,282,1,1,128,1,1,16,0.000,0.000,,,,,NVIDIA A100-SXM4-40GB MIG 4g.20gb (0),1,,13,cupy_copy__complex64_complex64
5506582712,2912,147439,26,1,1,128,1,1,16,0.000,0.000,,,,,NVIDIA A100-SXM4-40GB MIG 4g.20gb (0),1,,13,cupy_copy__float32_float32
5506619895,6880,147448,103,1,1,128,1,1,16,0.000,0.000,,,,,NVIDIA A100-SXM4-40GB MIG 4g.20gb (0),1,,13,cupy_copy__complex64_complex64
5506657559,16640,147458,1434,1,1,128,1,1,16,0.000,0.000,,,,,NVIDIA A100-SXM4-40GB MIG 4g.20gb (0),1,,13,cupy_copy__complex64_complex64
5506736758,139486,147463,1,1,1,32,32,1,30,0.000,0.000,,,,,NVIDIA A100-SXM4-40GB MIG 4g.20gb (0),1,,13,"void convert_kernel<__half2, float2>(tensor_layout_any, T1 *, tensor_layout_any, const T2 *)"
5506905812,5408,147466,,,,,,,,,,0.094,17325.421,Pinned,Device,NVIDIA A100-SXM4-40GB MIG 4g.20gb (0),1,,13,[CUDA memcpy Host-to-Device]
5506941588,623225,147467,,,,,,,,,,456.561,732324.550,Device,,NVIDIA A100-SXM4-40GB MIG 4g.20gb (0),1,,13,[CUDA memset]
5507567948,55776,147472,,,,,,,,,,1.235,22140.076,Pinned,Device,NVIDIA A100-SXM4-40GB MIG 4g.20gb (0),1,,13,[CUDA memcpy Host-to-Device]
5507626220,13152,147473,,,,,,,,,,0.197,14948.893,Pinned,Device,NVIDIA A100-SXM4-40GB MIG 4g.20gb (0),1,,13,[CUDA memcpy Host-to-Device]
5507705163,33440,147474,69,4,1,48,1,1,76,0.002,0.000,,,,,NVIDIA A100-SXM4-40GB MIG 4g.20gb (0),1,,13,"void ch_est::windowedChEstPreNoDftSOfdmKernel<float, __half, float, (unsigned int)2, (unsigned int)1, (unsigned short)4>(ch_est::puschRxChEstStatDescr_t *, ch_est::puschRxChEstDynDescr_t *)"
5507846921,17856,147475,137,2,1,24,2,1,44,0.001,0.001,,,,,NVIDIA A100-SXM4-40GB MIG 4g.20gb (0),1,,13,"void ch_est::chEstFilterNoDftSOfdmDispatchKernel<float, __half, float, (unsigned int)2>(ch_est::puschRxChEstStatDescr_t *, ch_est::puschRxChEstDynDescr_t *)"
5508117350,20608,147476,137,2,1,24,2,1,44,0.001,0.001,,,,,NVIDIA A100-SXM4-40GB MIG 4g.20gb (0),1,,13,"void ch_est::chEstFilterNoDftSOfdmDispatchKernel<float, __half, float, (unsigned int)2>(ch_est::puschRxChEstStatDescr_t *, ch_est::puschRxChEstDynDescr_t *)"
5508379555,6272,147487,103,1,1,128,1,1,16,0.000,0.000,,,,,NVIDIA A100-SXM4-40GB MIG 4g.20gb (0),1,,13,cupy_copy__complex64_complex64
5508628800,20288,147497,1434,1,1,128,1,1,16,0.000,0.000,,,,,NVIDIA A100-SXM4-40GB MIG 4g.20gb (0),1,,13,cupy_copy__complex64_complex64
5508854654,18463,147504,103,1,1,128,1,1,16,0.000,0.000,,,,,NVIDIA A100-SXM4-40GB MIG 4g.20gb (0),1,,13,cupy_copy__complex64_complex64
5508948637,294396,147511,1,1,1,32,32,1,30,0.000,0.000,,,,,NVIDIA A100-SXM4-40GB MIG 4g.20gb (0),1,,13,"void convert_kernel<__half2, float2>(tensor_layout_any, T1 *, tensor_layout_any, const T2 *)"
5509273113,9280,147514,,,,,,,,,,0.094,10096.494,Pinned,Device,NVIDIA A100-SXM4-40GB MIG 4g.20gb (0),1,,13,[CUDA memcpy Host-to-Device]
5509476534,56192,147515,,,,,,,,,,35.810,637273.336,Device,,NVIDIA A100-SXM4-40GB MIG 4g.20gb (0),1,,13,[CUDA memset]
5509536694,5824,147517,,,,,,,,,,0.000,13.736,Pinned,Device,NVIDIA A100-SXM4-40GB MIG 4g.20gb (0),1,,13,[CUDA memcpy Host-to-Device]
5509544982,12384,147518,,,,,,,,,,0.197,15875.899,Pinned,Device,NVIDIA A100-SXM4-40GB MIG 4g.20gb (0),1,,13,[CUDA memcpy Host-to-Device]
5509793971,20480,147519,273,1,1,48,1,1,40,0.000,0.001,,,,,NVIDIA A100-SXM4-40GB MIG 4g.20gb (0),1,,13,"void pusch_noise_intf_est::noiseIntfEstNoDftSOfdmKernel<float, __half, float, float, (unsigned int)2, (unsigned int)1, (unsigned char)4, (unsigned char)4>(pusch_noise_intf_est::puschRxNoiseIntfEstDynDescr)"
5510060144,4000,147530,35,1,1,128,1,1,16,0.000,0.000,,,,,NVIDIA A100-SXM4-40GB MIG 4g.20gb (0),1,,13,cupy_copy__complex64_complex64
5510289293,6624,147539,1,1,1,1,1,1,18,0.000,0.000,,,,,NVIDIA A100-SXM4-40GB MIG 4g.20gb (0),1,,13,cupy_copy__float32_float32
5510299757,4416,147545,,,,,,,,,,0.000,0.906,Device,Pageable,NVIDIA A100-SXM4-40GB MIG 4g.20gb (0),1,,7,[CUDA memcpy Device-to-Host]
5510586986,18431,147556,1434,1,1,128,1,1,16,0.000,0.000,,,,,NVIDIA A100-SXM4-40GB MIG 4g.20gb (0),1,,13,cupy_copy__complex64_complex64
5510633705,5280,147563,103,1,1,128,1,1,16,0.000,0.000,,,,,NVIDIA A100-SXM4-40GB MIG 4g.20gb (0),1,,13,cupy_copy__complex64_complex64
5510701480,5312,147570,35,1,1,128,1,1,16,0.000,0.000,,,,,NVIDIA A100-SXM4-40GB MIG 4g.20gb (0),1,,13,cupy_copy__complex64_complex64
5510769800,3391,147577,1,1,1,1,1,1,18,0.000,0.000,,,,,NVIDIA A100-SXM4-40GB MIG 4g.20gb (0),1,,13,cupy_copy__float32_float32
5510831079,169406,147588,1,1,1,32,32,1,30,0.000,0.000,,,,,NVIDIA A100-SXM4-40GB MIG 4g.20gb (0),1,,13,"void convert_kernel<__half2, float2>(tensor_layout_any, T1 *, tensor_layout_any, const T2 *)"
5511029765,5663,147591,,,,,,,,,,0.094,16545.214,Pinned,Device,NVIDIA A100-SXM4-40GB MIG 4g.20gb (0),1,,13,[CUDA memcpy Host-to-Device]
5511103172,5120,147592,,,,,,,,,,1.547,302074.227,Device,,NVIDIA A100-SXM4-40GB MIG 4g.20gb (0),1,,13,[CUDA memset]
5511116388,6751,147597,,,,,,,,,,0.031,4635.751,Pinned,Device,NVIDIA A100-SXM4-40GB MIG 4g.20gb (0),1,,13,[CUDA memcpy Host-to-Device]
5511125859,11904,147598,,,,,,,,,,0.197,16516.055,Pinned,Device,NVIDIA A100-SXM4-40GB MIG 4g.20gb (0),1,,13,[CUDA memcpy Host-to-Device]
5511178531,11904,147599,273,1,1,8,4,1,39,0.002,0.000,,,,,NVIDIA A100-SXM4-40GB MIG 4g.20gb (0),1,,13,"void channel_eq::eqMmseCoefCompLowMimoKernel<float, float, float, (unsigned int)4, (unsigned int)1, (unsigned int)4>(const channel_eq::_puschRxChEqStatDescr *, channel_eq::_puschRxChEqCoefCompDynDescr)"
5511248162,6944,147600,273,1,1,12,11,1,51,0.002,0.000,,,,,NVIDIA A100-SXM4-40GB MIG 4g.20gb (0),1,,13,"void channel_eq::eqMmseSoftDemapKernel<float, __half, __half, float, (unsigned int)4, (unsigned short)16383>(channel_eq::_puschRxChEqStatDescr *, channel_eq::_puschRxChEqSoftDemapDynDescr)"
5511318849,370268,147601,1,1,1,32,32,1,30,0.000,0.000,,,,,NVIDIA A100-SXM4-40GB MIG 4g.20gb (0),1,,13,"void convert_kernel<float2, __half2>(tensor_layout_any, T1 *, tensor_layout_any, const T2 *)"
5511728604,12800,147613,2253,1,1,128,1,1,16,0.000,0.000,,,,,NVIDIA A100-SXM4-40GB MIG 4g.20gb (0),1,,13,cupy_copy__float16_float16
5511804700,4384,147622,282,1,1,128,1,1,16,0.000,0.000,,,,,NVIDIA A100-SXM4-40GB MIG 4g.20gb (0),1,,13,cupy_copy__complex64_complex64
5511919290,7264,147631,26,1,1,128,1,1,16,0.000,0.000,,,,,NVIDIA A100-SXM4-40GB MIG 4g.20gb (0),1,,13,cupy_copy__float32_float32
5512186327,9504,147640,103,1,1,128,1,1,16,0.000,0.000,,,,,NVIDIA A100-SXM4-40GB MIG 4g.20gb (0),1,,13,cupy_copy__complex64_complex64
5512414837,21119,147650,1434,1,1,128,1,1,16,0.000,0.000,,,,,NVIDIA A100-SXM4-40GB MIG 4g.20gb (0),1,,13,cupy_copy__complex64_complex64
5512507539,257501,147655,1,1,1,32,32,1,30,0.000,0.000,,,,,NVIDIA A100-SXM4-40GB MIG 4g.20gb (0),1,,13,"void convert_kernel<__half2, float2>(tensor_layout_any, T1 *, tensor_layout_any, const T2 *)"
5512798608,9184,147658,,,,,,,,,,0.094,10202.089,Pinned,Device,NVIDIA A100-SXM4-40GB MIG 4g.20gb (0),1,,13,[CUDA memcpy Host-to-Device]
5513051693,619065,147659,,,,,,,,,,456.561,737346.726,Device,,NVIDIA A100-SXM4-40GB MIG 4g.20gb (0),1,,13,[CUDA memset]
5513676358,57759,147664,,,,,,,,,,1.235,21380.585,Pinned,Device,NVIDIA A100-SXM4-40GB MIG 4g.20gb (0),1,,13,[CUDA memcpy Host-to-Device]
5513740997,16320,147665,,,,,,,,,,0.197,12046.959,Pinned,Device,NVIDIA A100-SXM4-40GB MIG 4g.20gb (0),1,,13,[CUDA memcpy Host-to-Device]
5513970595,13983,147666,69,4,1,48,1,1,76,0.002,0.000,,,,,NVIDIA A100-SXM4-40GB MIG 4g.20gb (0),1,,13,"void ch_est::windowedChEstPreNoDftSOfdmKernel<float, __half, float, (unsigned int)2, (unsigned int)1, (unsigned short)4>(ch_est::puschRxChEstStatDescr_t *, ch_est::puschRxChEstDynDescr_t *)"
5514250143,18336,147667,137,2,1,24,2,1,44,0.001,0.001,,,,,NVIDIA A100-SXM4-40GB MIG 4g.20gb (0),1,,13,"void ch_est::chEstFilterNoDftSOfdmDispatchKernel<float, __half, float, (unsigned int)2>(ch_est::puschRxChEstStatDescr_t *, ch_est::puschRxChEstDynDescr_t *)"
5514527836,15104,147668,137,2,1,24,2,1,44,0.001,0.001,,,,,NVIDIA A100-SXM4-40GB MIG 4g.20gb (0),1,,13,"void ch_est::chEstFilterNoDftSOfdmDispatchKernel<float, __half, float, (unsigned int)2>(ch_est::puschRxChEstStatDescr_t *, ch_est::puschRxChEstDynDescr_t *)"
5514798169,8000,147679,103,1,1,128,1,1,16,0.000,0.000,,,,,NVIDIA A100-SXM4-40GB MIG 4g.20gb (0),1,,13,cupy_copy__complex64_complex64
5515037078,20288,147689,1434,1,1,128,1,1,16,0.000,0.000,,,,,NVIDIA A100-SXM4-40GB MIG 4g.20gb (0),1,,13,cupy_copy__complex64_complex64
5515315923,7264,147696,103,1,1,128,1,1,16,0.000,0.000,,,,,NVIDIA A100-SXM4-40GB MIG 4g.20gb (0),1,,13,cupy_copy__complex64_complex64
5515375858,213214,147703,1,1,1,32,32,1,30,0.000,0.000,,,,,NVIDIA A100-SXM4-40GB MIG 4g.20gb (0),1,,13,"void convert_kernel<__half2, float2>(tensor_layout_any, T1 *, tensor_layout_any, const T2 *)"
5515618096,5600,147706,,,,,,,,,,0.094,16731.388,Pinned,Device,NVIDIA A100-SXM4-40GB MIG 4g.20gb (0),1,,13,[CUDA memcpy Host-to-Device]
5515688495,54303,147707,,,,,,,,,,35.810,659439.677,Device,,NVIDIA A100-SXM4-40GB MIG 4g.20gb (0),1,,13,[CUDA memset]
5515746990,4800,147709,,,,,,,,,,0.000,16.667,Pinned,Device,NVIDIA A100-SXM4-40GB MIG 4g.20gb (0),1,,13,[CUDA memcpy Host-to-Device]
5515754254,9728,147710,,,,,,,,,,0.197,20210.516,Pinned,Device,NVIDIA A100-SXM4-40GB MIG 4g.20gb (0),1,,13,[CUDA memcpy Host-to-Device]
5515812845,12672,147711,273,1,1,48,1,1,40,0.000,0.001,,,,,NVIDIA A100-SXM4-40GB MIG 4g.20gb (0),1,,13,"void pusch_noise_intf_est::noiseIntfEstNoDftSOfdmKernel<float, __half, float, float, (unsigned int)2, (unsigned int)1, (unsigned char)4, (unsigned char)4>(pusch_noise_intf_est::puschRxNoiseIntfEstDynDescr)"
5515886252,5248,147722,35,1,1,128,1,1,16,0.000,0.000,,,,,NVIDIA A100-SXM4-40GB MIG 4g.20gb (0),1,,13,cupy_copy__complex64_complex64
5515930252,1984,147731,1,1,1,1,1,1,18,0.000,0.000,,,,,NVIDIA A100-SXM4-40GB MIG 4g.20gb (0),1,,13,cupy_copy__float32_float32
5515939372,1664,147737,,,,,,,,,,0.000,2.404,Device,Pageable,NVIDIA A100-SXM4-40GB MIG 4g.20gb (0),1,,7,[CUDA memcpy Device-to-Host]
5516054891,18815,147748,1434,1,1,128,1,1,16,0.000,0.000,,,,,NVIDIA A100-SXM4-40GB MIG 4g.20gb (0),1,,13,cupy_copy__complex64_complex64
5516099082,4832,147755,103,1,1,128,1,1,16,0.000,0.000,,,,,NVIDIA A100-SXM4-40GB MIG 4g.20gb (0),1,,13,cupy_copy__complex64_complex64
5516143978,4479,147762,35,1,1,128,1,1,16,0.000,0.000,,,,,NVIDIA A100-SXM4-40GB MIG 4g.20gb (0),1,,13,cupy_copy__complex64_complex64
5516212425,2144,147769,1,1,1,1,1,1,18,0.000,0.000,,,,,NVIDIA A100-SXM4-40GB MIG 4g.20gb (0),1,,13,cupy_copy__float32_float32
5516237032,160063,147780,1,1,1,32,32,1,30,0.000,0.000,,,,,NVIDIA A100-SXM4-40GB MIG 4g.20gb (0),1,,13,"void convert_kernel<__half2, float2>(tensor_layout_any, T1 *, tensor_layout_any, const T2 *)"
5516435110,9824,147783,,,,,,,,,,0.094,9537.410,Pinned,Device,NVIDIA A100-SXM4-40GB MIG 4g.20gb (0),1,,13,[CUDA memcpy Host-to-Device]
5516551557,7136,147784,,,,,,,,,,1.547,216734.608,Device,,NVIDIA A100-SXM4-40GB MIG 4g.20gb (0),1,,13,[CUDA memset]
5516563077,6944,147789,,,,,,,,,,0.031,4506.906,Pinned,Device,NVIDIA A100-SXM4-40GB MIG 4g.20gb (0),1,,13,[CUDA memcpy Host-to-Device]
5516576357,9951,147790,,,,,,,,,,0.197,19757.531,Pinned,Device,NVIDIA A100-SXM4-40GB MIG 4g.20gb (0),1,,13,[CUDA memcpy Host-to-Device]
5516853601,21248,147791,273,1,1,8,4,1,39,0.002,0.000,,,,,NVIDIA A100-SXM4-40GB MIG 4g.20gb (0),1,,13,"void channel_eq::eqMmseCoefCompLowMimoKernel<float, float, float, (unsigned int)4, (unsigned int)1, (unsigned int)4>(const channel_eq::_puschRxChEqStatDescr *, channel_eq::_puschRxChEqCoefCompDynDescr)"
5517152030,14112,147792,273,1,1,12,11,1,51,0.002,0.000,,,,,NVIDIA A100-SXM4-40GB MIG 4g.20gb (0),1,,13,"void channel_eq::eqMmseSoftDemapKernel<float, __half, __half, float, (unsigned int)4, (unsigned short)16383>(channel_eq::_puschRxChEqStatDescr *, channel_eq::_puschRxChEqSoftDemapDynDescr)"
5517450618,726424,147793,1,1,1,32,32,1,30,0.000,0.000,,,,,NVIDIA A100-SXM4-40GB MIG 4g.20gb (0),1,,13,"void convert_kernel<float2, __half2>(tensor_layout_any, T1 *, tensor_layout_any, const T2 *)"
5518383056,14431,147805,2253,1,1,128,1,1,16,0.000,0.000,,,,,NVIDIA A100-SXM4-40GB MIG 4g.20gb (0),1,,13,cupy_copy__float16_float16
5518694412,7648,147814,282,1,1,128,1,1,16,0.000,0.000,,,,,NVIDIA A100-SXM4-40GB MIG 4g.20gb (0),1,,13,cupy_copy__complex64_complex64
5518961257,6688,147823,26,1,1,128,1,1,16,0.000,0.000,,,,,NVIDIA A100-SXM4-40GB MIG 4g.20gb (0),1,,13,cupy_copy__float32_float32
5519249830,8736,147832,103,1,1,128,1,1,16,0.000,0.000,,,,,NVIDIA A100-SXM4-40GB MIG 4g.20gb (0),1,,13,cupy_copy__complex64_complex64
5519501347,21312,147842,1434,1,1,128,1,1,16,0.000,0.000,,,,,NVIDIA A100-SXM4-40GB MIG 4g.20gb (0),1,,13,cupy_copy__complex64_complex64
5519605442,183357,147847,1,1,1,32,32,1,30,0.000,0.000,,,,,NVIDIA A100-SXM4-40GB MIG 4g.20gb (0),1,,13,"void convert_kernel<__half2, float2>(tensor_layout_any, T1 *, tensor_layout_any, const T2 *)"
5519818303,5472,147850,,,,,,,,,,0.094,17122.757,Pinned,Device,NVIDIA A100-SXM4-40GB MIG 4g.20gb (0),1,,13,[CUDA memcpy Host-to-Device]
5519881022,622297,147851,,,,,,,,,,456.561,733237.673,Device,,NVIDIA A100-SXM4-40GB MIG 4g.20gb (0),1,,13,[CUDA memset]
5520509431,58847,147856,,,,,,,,,,1.235,20985.403,Pinned,Device,NVIDIA A100-SXM4-40GB MIG 4g.20gb (0),1,,13,[CUDA memcpy Host-to-Device]
5520570742,11936,147857,,,,,,,,,,0.197,16471.818,Pinned,Device,NVIDIA A100-SXM4-40GB MIG 4g.20gb (0),1,,13,[CUDA memcpy Host-to-Device]
5520646934,8223,147858,69,4,1,48,1,1,76,0.002,0.000,,,,,NVIDIA A100-SXM4-40GB MIG 4g.20gb (0),1,,13,"void ch_est::windowedChEstPreNoDftSOfdmKernel<float, __half, float, (unsigned int)2, (unsigned int)1, (unsigned short)4>(ch_est::puschRxChEstStatDescr_t *, ch_est::puschRxChEstDynDescr_t *)"
5520719157,8928,147859,137,2,1,24,2,1,44,0.001,0.001,,,,,NVIDIA A100-SXM4-40GB MIG 4g.20gb (0),1,,13,"void ch_est::chEstFilterNoDftSOfdmDispatchKernel<float, __half, float, (unsigned int)2>(ch_est::puschRxChEstStatDescr_t *, ch_est::puschRxChEstDynDescr_t *)"
5520765140,8064,147860,137,2,1,24,2,1,44,0.001,0.001,,,,,NVIDIA A100-SXM4-40GB MIG 4g.20gb (0),1,,13,"void ch_est::chEstFilterNoDftSOfdmDispatchKernel<float, __half, float, (unsigned int)2>(ch_est::puschRxChEstStatDescr_t *, ch_est::puschRxChEstDynDescr_t *)"
5520834835,4384,147871,103,1,1,128,1,1,16,0.000,0.000,,,,,NVIDIA A100-SXM4-40GB MIG 4g.20gb (0),1,,13,cupy_copy__complex64_complex64
5520866707,14464,147881,1434,1,1,128,1,1,16,0.000,0.000,,,,,NVIDIA A100-SXM4-40GB MIG 4g.20gb (0),1,,13,cupy_copy__complex64_complex64
5520944178,5504,147888,103,1,1,128,1,1,16,0.000,0.000,,,,,NVIDIA A100-SXM4-40GB MIG 4g.20gb (0),1,,13,cupy_copy__complex64_complex64
5521006097,191230,147895,1,1,1,32,32,1,30,0.000,0.000,,,,,NVIDIA A100-SXM4-40GB MIG 4g.20gb (0),1,,13,"void convert_kernel<__half2, float2>(tensor_layout_any, T1 *, tensor_layout_any, const T2 *)"
5521226767,5440,147898,,,,,,,,,,0.094,17223.480,Pinned,Device,NVIDIA A100-SXM4-40GB MIG 4g.20gb (0),1,,13,[CUDA memcpy Host-to-Device]
5521560075,57343,147899,,,,,,,,,,35.810,624453.385,Device,,NVIDIA A100-SXM4-40GB MIG 4g.20gb (0),1,,13,[CUDA memset]
5521619786,4768,147901,,,,,,,,,,0.000,16.778,Pinned,Device,NVIDIA A100-SXM4-40GB MIG 4g.20gb (0),1,,13,[CUDA memcpy Host-to-Device]
5521627114,9440,147902,,,,,,,,,,0.197,20827.079,Pinned,Device,NVIDIA A100-SXM4-40GB MIG 4g.20gb (0),1,,13,[CUDA memcpy Host-to-Device]
5521964646,16032,147903,273,1,1,48,1,1,40,0.000,0.001,,,,,NVIDIA A100-SXM4-40GB MIG 4g.20gb (0),1,,13,"void pusch_noise_intf_est::noiseIntfEstNoDftSOfdmKernel<float, __half, float, float, (unsigned int)2, (unsigned int)1, (unsigned char)4, (unsigned char)4>(pusch_noise_intf_est::puschRxNoiseIntfEstDynDescr)"
5522041477,7040,147914,35,1,1,128,1,1,16,0.000,0.000,,,,,NVIDIA A100-SXM4-40GB MIG 4g.20gb (0),1,,13,cupy_copy__complex64_complex64
5522389953,7776,147923,1,1,1,1,1,1,18,0.000,0.000,,,,,NVIDIA A100-SXM4-40GB MIG 4g.20gb (0),1,,13,cupy_copy__float32_float32
5522405857,3424,147929,,,,,,,,,,0.000,1.168,Device,Pageable,NVIDIA A100-SXM4-40GB MIG 4g.20gb (0),1,,7,[CUDA memcpy Device-to-Host]
5522739357,19328,147940,1434,1,1,128,1,1,16,0.000,0.000,,,,,NVIDIA A100-SXM4-40GB MIG 4g.20gb (0),1,,13,cupy_copy__complex64_complex64
5523098361,8832,147947,103,1,1,128,1,1,16,0.000,0.000,,,,,NVIDIA A100-SXM4-40GB MIG 4g.20gb (0),1,,13,cupy_copy__complex64_complex64
5523437237,6784,147954,35,1,1,128,1,1,16,0.000,0.000,,,,,NVIDIA A100-SXM4-40GB MIG 4g.20gb (0),1,,13,cupy_copy__complex64_complex64
5523759698,3456,147961,1,1,1,1,1,1,18,0.000,0.000,,,,,NVIDIA A100-SXM4-40GB MIG 4g.20gb (0),1,,13,cupy_copy__float32_float32
5524073134,280317,147972,1,1,1,32,32,1,30,0.000,0.000,,,,,NVIDIA A100-SXM4-40GB MIG 4g.20gb (0),1,,13,"void convert_kernel<__half2, float2>(tensor_layout_any, T1 *, tensor_layout_any, const T2 *)"
5524384618,6080,147975,,,,,,,,,,0.094,15410.462,Pinned,Device,NVIDIA A100-SXM4-40GB MIG 4g.20gb (0),1,,13,[CUDA memcpy Host-to-Device]
5524502569,5856,147976,,,,,,,,,,1.547,264109.247,Device,,NVIDIA A100-SXM4-40GB MIG 4g.20gb (0),1,,13,[CUDA memset]
5524516233,3456,147981,,,,,,,,,,0.031,9055.529,Pinned,Device,NVIDIA A100-SXM4-40GB MIG 4g.20gb (0),1,,13,[CUDA memcpy Host-to-Device]
5524522409,10176,147982,,,,,,,,,,0.197,19320.668,Pinned,Device,NVIDIA A100-SXM4-40GB MIG 4g.20gb (0),1,,13,[CUDA memcpy Host-to-Device]
5524857477,13728,147983,273,1,1,8,4,1,39,0.002,0.000,,,,,NVIDIA A100-SXM4-40GB MIG 4g.20gb (0),1,,13,"void channel_eq::eqMmseCoefCompLowMimoKernel<float, float, float, (unsigned int)4, (unsigned int)1, (unsigned int)4>(const channel_eq::_puschRxChEqStatDescr *, channel_eq::_puschRxChEqCoefCompDynDescr)"
5524927524,8800,147984,273,1,1,12,11,1,51,0.002,0.000,,,,,NVIDIA A100-SXM4-40GB MIG 4g.20gb (0),1,,13,"void channel_eq::eqMmseSoftDemapKernel<float, __half, __half, float, (unsigned int)4, (unsigned short)16383>(channel_eq::_puschRxChEqStatDescr *, channel_eq::_puschRxChEqSoftDemapDynDescr)"
5524999587,339964,147985,1,1,1,32,32,1,30,0.000,0.000,,,,,NVIDIA A100-SXM4-40GB MIG 4g.20gb (0),1,,13,"void convert_kernel<float2, __half2>(tensor_layout_any, T1 *, tensor_layout_any, const T2 *)"
5525373663,14144,147997,2253,1,1,128,1,1,16,0.000,0.000,,,,,NVIDIA A100-SXM4-40GB MIG 4g.20gb (0),1,,13,cupy_copy__float16_float16
5525417502,4128,148006,282,1,1,128,1,1,16,0.000,0.000,,,,,NVIDIA A100-SXM4-40GB MIG 4g.20gb (0),1,,13,cupy_copy__complex64_complex64
5525484926,3648,148015,26,1,1,128,1,1,16,0.000,0.000,,,,,NVIDIA A100-SXM4-40GB MIG 4g.20gb (0),1,,13,cupy_copy__float32_float32
5525545725,8128,148024,103,1,1,128,1,1,16,0.000,0.000,,,,,NVIDIA A100-SXM4-40GB MIG 4g.20gb (0),1,,13,cupy_copy__complex64_complex64
5525584541,18527,148034,1434,1,1,128,1,1,16,0.000,0.000,,,,,NVIDIA A100-SXM4-40GB MIG 4g.20gb (0),1,,13,cupy_copy__complex64_complex64
5525630396,217694,148039,1,1,1,32,32,1,30,0.000,0.000,,,,,NVIDIA A100-SXM4-40GB MIG 4g.20gb (0),1,,13,"void convert_kernel<__half2, float2>(tensor_layout_any, T1 *, tensor_layout_any, const T2 *)"
5525877945,7008,148042,,,,,,,,,,0.094,13369.857,Pinned,Device,NVIDIA A100-SXM4-40GB MIG 4g.20gb (0),1,,13,[CUDA memcpy Host-to-Device]
5526168150,623129,148043,,,,,,,,,,456.561,732324.550,Device,,NVIDIA A100-SXM4-40GB MIG 4g.20gb (0),1,,13,[CUDA memset]
5526797231,70271,148048,,,,,,,,,,1.235,17573.253,Pinned,Device,NVIDIA A100-SXM4-40GB MIG 4g.20gb (0),1,,13,[CUDA memcpy Host-to-Device]
5526870254,12032,148049,,,,,,,,,,0.197,16340.287,Pinned,Device,NVIDIA A100-SXM4-40GB MIG 4g.20gb (0),1,,13,[CUDA memcpy Host-to-Device]
5527129195,12736,148050,69,4,1,48,1,1,76,0.002,0.000,,,,,NVIDIA A100-SXM4-40GB MIG 4g.20gb (0),1,,13,"void ch_est::windowedChEstPreNoDftSOfdmKernel<float, __half, float, (unsigned int)2, (unsigned int)1, (unsigned short)4>(ch_est::puschRxChEstStatDescr_t *, ch_est::puschRxChEstDynDescr_t *)"
5527468263,11008,148051,137,2,1,24,2,1,44,0.001,0.001,,,,,NVIDIA A100-SXM4-40GB MIG 4g.20gb (0),1,,13,"void ch_est::chEstFilterNoDftSOfdmDispatchKernel<float, __half, float, (unsigned int)2>(ch_est::puschRxChEstStatDescr_t *, ch_est::puschRxChEstDynDescr_t *)"
5527781155,11296,148052,137,2,1,24,2,1,44,0.001,0.001,,,,,NVIDIA A100-SXM4-40GB MIG 4g.20gb (0),1,,13,"void ch_est::chEstFilterNoDftSOfdmDispatchKernel<float, __half, float, (unsigned int)2>(ch_est::puschRxChEstStatDescr_t *, ch_est::puschRxChEstDynDescr_t *)"
5528092192,7168,148063,103,1,1,128,1,1,16,0.000,0.000,,,,,NVIDIA A100-SXM4-40GB MIG 4g.20gb (0),1,,13,cupy_copy__complex64_complex64
5528386172,15968,148073,1434,1,1,128,1,1,16,0.000,0.000,,,,,NVIDIA A100-SXM4-40GB MIG 4g.20gb (0),1,,13,cupy_copy__complex64_complex64
5528713144,6144,148080,103,1,1,128,1,1,16,0.000,0.000,,,,,NVIDIA A100-SXM4-40GB MIG 4g.20gb (0),1,,13,cupy_copy__complex64_complex64
5529016469,293341,148087,1,1,1,32,32,1,30,0.000,0.000,,,,,NVIDIA A100-SXM4-40GB MIG 4g.20gb (0),1,,13,"void convert_kernel<__half2, float2>(tensor_layout_any, T1 *, tensor_layout_any, const T2 *)"
5529339825,5440,148090,,,,,,,,,,0.094,17223.480,Pinned,Device,NVIDIA A100-SXM4-40GB MIG 4g.20gb (0),1,,13,[CUDA memcpy Host-to-Device]
5529628846,56767,148091,,,,,,,,,,35.810,630791.741,Device,,NVIDIA A100-SXM4-40GB MIG 4g.20gb (0),1,,13,[CUDA memset]
5529690765,2080,148093,,,,,,,,,,0.000,38.462,Pinned,Device,NVIDIA A100-SXM4-40GB MIG 4g.20gb (0),1,,13,[CUDA memcpy Host-to-Device]
5529695533,9472,148094,,,,,,,,,,0.197,20756.693,Pinned,Device,NVIDIA A100-SXM4-40GB MIG 4g.20gb (0),1,,13,[CUDA memcpy Host-to-Device]
5529754636,13696,148095,273,1,1,48,1,1,40,0.000,0.001,,,,,NVIDIA A100-SXM4-40GB MIG 4g.20gb (0),1,,13,"void pusch_noise_intf_est::noiseIntfEstNoDftSOfdmKernel<float, __half, float, float, (unsigned int)2, (unsigned int)1, (unsigned char)4, (unsigned char)4>(pusch_noise_intf_est::puschRxNoiseIntfEstDynDescr)"
5529826668,3968,148106,35,1,1,128,1,1,16,0.000,0.000,,,,,NVIDIA A100-SXM4-40GB MIG 4g.20gb (0),1,,13,cupy_copy__complex64_complex64
5529893963,3264,148115,1,1,1,1,1,1,18,0.000,0.000,,,,,NVIDIA A100-SXM4-40GB MIG 4g.20gb (0),1,,13,cupy_copy__float32_float32
5529900011,5024,148121,,,,,,,,,,0.000,0.796,Device,Pageable,NVIDIA A100-SXM4-40GB MIG 4g.20gb (0),1,,7,[CUDA memcpy Device-to-Host]
5530022057,15136,148132,1434,1,1,128,1,1,16,0.000,0.000,,,,,NVIDIA A100-SXM4-40GB MIG 4g.20gb (0),1,,13,cupy_copy__complex64_complex64
5530067721,5056,148139,103,1,1,128,1,1,16,0.000,0.000,,,,,NVIDIA A100-SXM4-40GB MIG 4g.20gb (0),1,,13,cupy_copy__complex64_complex64
5530104872,5120,148146,35,1,1,128,1,1,16,0.000,0.000,,,,,NVIDIA A100-SXM4-40GB MIG 4g.20gb (0),1,,13,cupy_copy__complex64_complex64
5530172680,2656,148153,1,1,1,1,1,1,18,0.000,0.000,,,,,NVIDIA A100-SXM4-40GB MIG 4g.20gb (0),1,,13,cupy_copy__float32_float32
5530233415,181662,148164,1,1,1,32,32,1,30,0.000,0.000,,,,,NVIDIA A100-SXM4-40GB MIG 4g.20gb (0),1,,13,"void convert_kernel<__half2, float2>(tensor_layout_any, T1 *, tensor_layout_any, const T2 *)"
5530444036,6016,148167,,,,,,,,,,0.094,15574.430,Pinned,Device,NVIDIA A100-SXM4-40GB MIG 4g.20gb (0),1,,13,[CUDA memcpy Host-to-Device]
5530510884,4480,148168,,,,,,,,,,1.547,345228.130,Device,,NVIDIA A100-SXM4-40GB MIG 4g.20gb (0),1,,13,[CUDA memset]
5530520484,6944,148173,,,,,,,,,,0.031,4506.906,Pinned,Device,NVIDIA A100-SXM4-40GB MIG 4g.20gb (0),1,,13,[CUDA memcpy Host-to-Device]
5530530147,9824,148174,,,,,,,,,,0.197,20012.925,Pinned,Device,NVIDIA A100-SXM4-40GB MIG 4g.20gb (0),1,,13,[CUDA memcpy Host-to-Device]
5530580643,11872,148175,273,1,1,8,4,1,39,0.002,0.000,,,,,NVIDIA A100-SXM4-40GB MIG 4g.20gb (0),1,,13,"void channel_eq::eqMmseCoefCompLowMimoKernel<float, float, float, (unsigned int)4, (unsigned int)1, (unsigned int)4>(const channel_eq::_puschRxChEqStatDescr *, channel_eq::_puschRxChEqCoefCompDynDescr)"
5530648770,7200,148176,273,1,1,12,11,1,51,0.002,0.000,,,,,NVIDIA A100-SXM4-40GB MIG 4g.20gb (0),1,,13,"void channel_eq::eqMmseSoftDemapKernel<float, __half, __half, float, (unsigned int)4, (unsigned short)16383>(channel_eq::_puschRxChEqStatDescr *, channel_eq::_puschRxChEqSoftDemapDynDescr)"
5530719521,697336,148177,1,1,1,32,32,1,30,0.000,0.000,,,,,NVIDIA A100-SXM4-40GB MIG 4g.20gb (0),1,,13,"void convert_kernel<float2, __half2>(tensor_layout_any, T1 *, tensor_layout_any, const T2 *)"
5531487320,15200,148189,2253,1,1,128,1,1,16,0.000,0.000,,,,,NVIDIA A100-SXM4-40GB MIG 4g.20gb (0),1,,13,cupy_copy__float16_float16
5531793557,4832,148198,282,1,1,128,1,1,16,0.000,0.000,,,,,NVIDIA A100-SXM4-40GB MIG 4g.20gb (0),1,,13,cupy_copy__complex64_complex64
5532052786,6240,148207,26,1,1,128,1,1,16,0.000,0.000,,,,,NVIDIA A100-SXM4-40GB MIG 4g.20gb (0),1,,13,cupy_copy__float32_float32
5532134929,10784,148216,103,1,1,128,1,1,16,0.000,0.000,,,,,NVIDIA A100-SXM4-40GB MIG 4g.20gb (0),1,,13,cupy_copy__complex64_complex64
5532441741,18048,148232,1434,1,1,128,1,1,16,0.000,0.000,,,,,NVIDIA A100-SXM4-40GB MIG 4g.20gb (0),1,,13,cupy_copy__complex64_complex64
5532745226,327868,148237,1,1,1,32,32,1,30,0.000,0.000,,,,,NVIDIA A100-SXM4-40GB MIG 4g.20gb (0),1,,13,"void convert_kernel<__half2, float2>(tensor_layout_any, T1 *, tensor_layout_any, const T2 *)"
5533104806,6080,148240,,,,,,,,,,0.094,15410.462,Pinned,Device,NVIDIA A100-SXM4-40GB MIG 4g.20gb (0),1,,13,[CUDA memcpy Host-to-Device]
5533367747,615321,148241,,,,,,,,,,456.561,741912.340,Device,,NVIDIA A100-SXM4-40GB MIG 4g.20gb (0),1,,13,[CUDA memset]
5533984572,74143,148246,,,,,,,,,,1.235,16655.690,Pinned,Device,NVIDIA A100-SXM4-40GB MIG 4g.20gb (0),1,,13,[CUDA memcpy Host-to-Device]
5534061179,13056,148247,,,,,,,,,,0.197,15058.797,Pinned,Device,NVIDIA A100-SXM4-40GB MIG 4g.20gb (0),1,,13,[CUDA memcpy Host-to-Device]
5534290648,19104,148248,69,4,1,48,1,1,76,0.002,0.000,,,,,NVIDIA A100-SXM4-40GB MIG 4g.20gb (0),1,,13,"void ch_est::windowedChEstPreNoDftSOfdmKernel<float, __half, float, (unsigned int)2, (unsigned int)1, (unsigned short)4>(ch_est::puschRxChEstStatDescr_t *, ch_est::puschRxChEstDynDescr_t *)"
5534598901,11071,148249,137,2,1,24,2,1,44,0.001,0.001,,,,,NVIDIA A100-SXM4-40GB MIG 4g.20gb (0),1,,13,"void ch_est::chEstFilterNoDftSOfdmDispatchKernel<float, __half, float, (unsigned int)2>(ch_est::puschRxChEstStatDescr_t *, ch_est::puschRxChEstDynDescr_t *)"
5534670708,8960,148250,137,2,1,24,2,1,44,0.001,0.001,,,,,NVIDIA A100-SXM4-40GB MIG 4g.20gb (0),1,,13,"void ch_est::chEstFilterNoDftSOfdmDispatchKernel<float, __half, float, (unsigned int)2>(ch_est::puschRxChEstStatDescr_t *, ch_est::puschRxChEstDynDescr_t *)"
5534739571,4448,148261,103,1,1,128,1,1,16,0.000,0.000,,,,,NVIDIA A100-SXM4-40GB MIG 4g.20gb (0),1,,13,cupy_copy__complex64_complex64
5534800370,15392,148271,1434,1,1,128,1,1,16,0.000,0.000,,,,,NVIDIA A100-SXM4-40GB MIG 4g.20gb (0),1,,13,cupy_copy__complex64_complex64
5534875441,4736,148278,103,1,1,128,1,1,16,0.000,0.000,,,,,NVIDIA A100-SXM4-40GB MIG 4g.20gb (0),1,,13,cupy_copy__complex64_complex64
5534913521,134654,148285,1,1,1,32,32,1,30,0.000,0.000,,,,,NVIDIA A100-SXM4-40GB MIG 4g.20gb (0),1,,13,"void convert_kernel<__half2, float2>(tensor_layout_any, T1 *, tensor_layout_any, const T2 *)"
5535077263,5376,148288,,,,,,,,,,0.094,17428.487,Pinned,Device,NVIDIA A100-SXM4-40GB MIG 4g.20gb (0),1,,13,[CUDA memcpy Host-to-Device]
5535146222,55136,148289,,,,,,,,,,35.810,649448.709,Device,,NVIDIA A100-SXM4-40GB MIG 4g.20gb (0),1,,13,[CUDA memset]
5535208781,4096,148291,,,,,,,,,,0.000,19.531,Pinned,Device,NVIDIA A100-SXM4-40GB MIG 4g.20gb (0),1,,13,[CUDA memcpy Host-to-Device]
5535218381,12928,148292,,,,,,,,,,0.197,15207.825,Pinned,Device,NVIDIA A100-SXM4-40GB MIG 4g.20gb (0),1,,13,[CUDA memcpy Host-to-Device]
5535279885,11392,148293,273,1,1,48,1,1,40,0.000,0.001,,,,,NVIDIA A100-SXM4-40GB MIG 4g.20gb (0),1,,13,"void pusch_noise_intf_est::noiseIntfEstNoDftSOfdmKernel<float, __half, float, float, (unsigned int)2, (unsigned int)1, (unsigned char)4, (unsigned char)4>(pusch_noise_intf_est::puschRxNoiseIntfEstDynDescr)"
5535349580,4288,148304,35,1,1,128,1,1,16,0.000,0.000,,,,,NVIDIA A100-SXM4-40GB MIG 4g.20gb (0),1,,13,cupy_copy__complex64_complex64
5535416683,2208,148313,1,1,1,1,1,1,18,0.000,0.000,,,,,NVIDIA A100-SXM4-40GB MIG 4g.20gb (0),1,,13,cupy_copy__float32_float32
5535426923,1568,148319,,,,,,,,,,0.000,2.551,Device,Pageable,NVIDIA A100-SXM4-40GB MIG 4g.20gb (0),1,,7,[CUDA memcpy Device-to-Host]
5535545098,14911,148330,1434,1,1,128,1,1,16,0.000,0.000,,,,,NVIDIA A100-SXM4-40GB MIG 4g.20gb (0),1,,13,cupy_copy__complex64_complex64
5535589961,4960,148337,103,1,1,128,1,1,16,0.000,0.000,,,,,NVIDIA A100-SXM4-40GB MIG 4g.20gb (0),1,,13,cupy_copy__complex64_complex64
5535627593,5760,148344,35,1,1,128,1,1,16,0.000,0.000,,,,,NVIDIA A100-SXM4-40GB MIG 4g.20gb (0),1,,13,cupy_copy__complex64_complex64
5535688808,2208,148351,1,1,1,1,1,1,18,0.000,0.000,,,,,NVIDIA A100-SXM4-40GB MIG 4g.20gb (0),1,,13,cupy_copy__float32_float32
5535762631,168606,148362,1,1,1,32,32,1,30,0.000,0.000,,,,,NVIDIA A100-SXM4-40GB MIG 4g.20gb (0),1,,13,"void convert_kernel<__half2, float2>(tensor_layout_any, T1 *, tensor_layout_any, const T2 *)"
5535961797,5760,148365,,,,,,,,,,0.094,16266.656,Pinned,Device,NVIDIA A100-SXM4-40GB MIG 4g.20gb (0),1,,13,[CUDA memcpy Host-to-Device]
5536033252,4768,148366,,,,,,,,,,1.547,324374.998,Device,,NVIDIA A100-SXM4-40GB MIG 4g.20gb (0),1,,13,[CUDA memset]
5536045380,5888,148371,,,,,,,,,,0.031,5315.187,Pinned,Device,NVIDIA A100-SXM4-40GB MIG 4g.20gb (0),1,,13,[CUDA memcpy Host-to-Device]
5536053732,9536,148372,,,,,,,,,,0.197,20617.298,Pinned,Device,NVIDIA A100-SXM4-40GB MIG 4g.20gb (0),1,,13,[CUDA memcpy Host-to-Device]
5536102243,11168,148373,273,1,1,8,4,1,39,0.002,0.000,,,,,NVIDIA A100-SXM4-40GB MIG 4g.20gb (0),1,,13,"void channel_eq::eqMmseCoefCompLowMimoKernel<float, float, float, (unsigned int)4, (unsigned int)1, (unsigned int)4>(const channel_eq::_puschRxChEqStatDescr *, channel_eq::_puschRxChEqCoefCompDynDescr)"
5536170978,7424,148374,273,1,1,12,11,1,51,0.002,0.000,,,,,NVIDIA A100-SXM4-40GB MIG 4g.20gb (0),1,,13,"void channel_eq::eqMmseSoftDemapKernel<float, __half, __half, float, (unsigned int)4, (unsigned short)16383>(channel_eq::_puschRxChEqStatDescr *, channel_eq::_puschRxChEqSoftDemapDynDescr)"
5536241762,363355,148375,1,1,1,32,32,1,30,0.000,0.000,,,,,NVIDIA A100-SXM4-40GB MIG 4g.20gb (0),1,,13,"void convert_kernel<float2, __half2>(tensor_layout_any, T1 *, tensor_layout_any, const T2 *)"
5536649789,12320,148387,2253,1,1,128,1,1,16,0.000,0.000,,,,,NVIDIA A100-SXM4-40GB MIG 4g.20gb (0),1,,13,cupy_copy__float16_float16
5536785851,6816,148396,282,1,1,128,1,1,16,0.000,0.000,,,,,NVIDIA A100-SXM4-40GB MIG 4g.20gb (0),1,,13,cupy_copy__complex64_complex64
5537052120,3872,148405,26,1,1,128,1,1,16,0.000,0.000,,,,,NVIDIA A100-SXM4-40GB MIG 4g.20gb (0),1,,13,cupy_copy__float32_float32
5537280118,28799,148414,103,1,1,128,1,1,16,0.000,0.000,,,,,NVIDIA A100-SXM4-40GB MIG 4g.20gb (0),1,,13,cupy_copy__complex64_complex64
5537371413,17631,148424,1434,1,1,128,1,1,16,0.000,0.000,,,,,NVIDIA A100-SXM4-40GB MIG 4g.20gb (0),1,,13,cupy_copy__complex64_complex64
5537601426,291645,148429,1,1,1,32,32,1,30,0.000,0.000,,,,,NVIDIA A100-SXM4-40GB MIG 4g.20gb (0),1,,13,"void convert_kernel<__half2, float2>(tensor_layout_any, T1 *, tensor_layout_any, const T2 *)"
5537921934,9504,148432,,,,,,,,,,0.094,9858.506,Pinned,Device,NVIDIA A100-SXM4-40GB MIG 4g.20gb (0),1,,13,[CUDA memcpy Host-to-Device]
5538177195,618681,148433,,,,,,,,,,456.561,737803.287,Device,,NVIDIA A100-SXM4-40GB MIG 4g.20gb (0),1,,13,[CUDA memset]
5538799908,53119,148438,,,,,,,,,,1.235,23247.821,Pinned,Device,NVIDIA A100-SXM4-40GB MIG 4g.20gb (0),1,,13,[CUDA memcpy Host-to-Device]
5538855779,9728,148439,,,,,,,,,,0.197,20210.516,Pinned,Device,NVIDIA A100-SXM4-40GB MIG 4g.20gb (0),1,,13,[CUDA memcpy Host-to-Device]
5539162720,16192,148440,69,4,1,48,1,1,76,0.002,0.000,,,,,NVIDIA A100-SXM4-40GB MIG 4g.20gb (0),1,,13,"void ch_est::windowedChEstPreNoDftSOfdmKernel<float, __half, float, (unsigned int)2, (unsigned int)1, (unsigned short)4>(ch_est::puschRxChEstStatDescr_t *, ch_est::puschRxChEstDynDescr_t *)"
5539454428,21888,148441,137,2,1,24,2,1,44,0.001,0.001,,,,,NVIDIA A100-SXM4-40GB MIG 4g.20gb (0),1,,13,"void ch_est::chEstFilterNoDftSOfdmDispatchKernel<float, __half, float, (unsigned int)2>(ch_est::puschRxChEstStatDescr_t *, ch_est::puschRxChEstDynDescr_t *)"
5539744985,14528,148442,137,2,1,24,2,1,44,0.001,0.001,,,,,NVIDIA A100-SXM4-40GB MIG 4g.20gb (0),1,,13,"void ch_est::chEstFilterNoDftSOfdmDispatchKernel<float, __half, float, (unsigned int)2>(ch_est::puschRxChEstStatDescr_t *, ch_est::puschRxChEstDynDescr_t *)"
5540032854,6752,148453,103,1,1,128,1,1,16,0.000,0.000,,,,,NVIDIA A100-SXM4-40GB MIG 4g.20gb (0),1,,13,cupy_copy__complex64_complex64
5540307955,17247,148463,1434,1,1,128,1,1,16,0.000,0.000,,,,,NVIDIA A100-SXM4-40GB MIG 4g.20gb (0),1,,13,cupy_copy__complex64_complex64
5540390386,6048,148470,103,1,1,128,1,1,16,0.000,0.000,,,,,NVIDIA A100-SXM4-40GB MIG 4g.20gb (0),1,,13,cupy_copy__complex64_complex64
5540428081,145919,148477,1,1,1,32,32,1,30,0.000,0.000,,,,,NVIDIA A100-SXM4-40GB MIG 4g.20gb (0),1,,13,"void convert_kernel<__half2, float2>(tensor_layout_any, T1 *, tensor_layout_any, const T2 *)"
5540603951,9152,148480,,,,,,,,,,0.094,10237.693,Pinned,Device,NVIDIA A100-SXM4-40GB MIG 4g.20gb (0),1,,13,[CUDA memcpy Host-to-Device]
5540668974,55968,148481,,,,,,,,,,35.810,639815.841,Device,,NVIDIA A100-SXM4-40GB MIG 4g.20gb (0),1,,13,[CUDA memset]
5540727278,4960,148483,,,,,,,,,,0.000,16.129,Pinned,Device,NVIDIA A100-SXM4-40GB MIG 4g.20gb (0),1,,13,[CUDA memcpy Host-to-Device]
5540734926,10848,148484,,,,,,,,,,0.197,18123.719,Pinned,Device,NVIDIA A100-SXM4-40GB MIG 4g.20gb (0),1,,13,[CUDA memcpy Host-to-Device]
5540794029,12832,148485,273,1,1,48,1,1,40,0.000,0.001,,,,,NVIDIA A100-SXM4-40GB MIG 4g.20gb (0),1,,13,"void pusch_noise_intf_est::noiseIntfEstNoDftSOfdmKernel<float, __half, float, float, (unsigned int)2, (unsigned int)1, (unsigned char)4, (unsigned char)4>(pusch_noise_intf_est::puschRxNoiseIntfEstDynDescr)"
5540865388,4928,148496,35,1,1,128,1,1,16,0.000,0.000,,,,,NVIDIA A100-SXM4-40GB MIG 4g.20gb (0),1,,13,cupy_copy__complex64_complex64
5540932811,2208,148505,1,1,1,1,1,1,18,0.000,0.000,,,,,NVIDIA A100-SXM4-40GB MIG 4g.20gb (0),1,,13,cupy_copy__float32_float32
5540935947,1728,148511,,,,,,,,,,0.000,2.315,Device,Pageable,NVIDIA A100-SXM4-40GB MIG 4g.20gb (0),1,,7,[CUDA memcpy Device-to-Host]
5541030698,17344,148522,1434,1,1,128,1,1,16,0.000,0.000,,,,,NVIDIA A100-SXM4-40GB MIG 4g.20gb (0),1,,13,cupy_copy__complex64_complex64
5541075786,3488,148529,103,1,1,128,1,1,16,0.000,0.000,,,,,NVIDIA A100-SXM4-40GB MIG 4g.20gb (0),1,,13,cupy_copy__complex64_complex64
5541136297,4960,148536,35,1,1,128,1,1,16,0.000,0.000,,,,,NVIDIA A100-SXM4-40GB MIG 4g.20gb (0),1,,13,cupy_copy__complex64_complex64
5541173865,3168,148543,1,1,1,1,1,1,18,0.000,0.000,,,,,NVIDIA A100-SXM4-40GB MIG 4g.20gb (0),1,,13,cupy_copy__float32_float32
5541278279,173918,148554,1,1,1,32,32,1,30,0.000,0.000,,,,,NVIDIA A100-SXM4-40GB MIG 4g.20gb (0),1,,13,"void convert_kernel<__half2, float2>(tensor_layout_any, T1 *, tensor_layout_any, const T2 *)"
5541481637,5696,148557,,,,,,,,,,0.094,16449.363,Pinned,Device,NVIDIA A100-SXM4-40GB MIG 4g.20gb (0),1,,13,[CUDA memcpy Host-to-Device]
5541549316,4768,148558,,,,,,,,,,1.547,324374.998,Device,,NVIDIA A100-SXM4-40GB MIG 4g.20gb (0),1,,13,[CUDA memset]
5541557476,6528,148563,,,,,,,,,,0.031,4794.109,Pinned,Device,NVIDIA A100-SXM4-40GB MIG 4g.20gb (0),1,,13,[CUDA memcpy Host-to-Device]
5541566468,9664,148564,,,,,,,,,,0.197,20344.209,Pinned,Device,NVIDIA A100-SXM4-40GB MIG 4g.20gb (0),1,,13,[CUDA memcpy Host-to-Device]
5541618564,11999,148565,273,1,1,8,4,1,39,0.002,0.000,,,,,NVIDIA A100-SXM4-40GB MIG 4g.20gb (0),1,,13,"void channel_eq::eqMmseCoefCompLowMimoKernel<float, float, float, (unsigned int)4, (unsigned int)1, (unsigned int)4>(const channel_eq::_puschRxChEqStatDescr *, channel_eq::_puschRxChEqCoefCompDynDescr)"
5541686979,7648,148566,273,1,1,12,11,1,51,0.002,0.000,,,,,NVIDIA A100-SXM4-40GB MIG 4g.20gb (0),1,,13,"void channel_eq::eqMmseSoftDemapKernel<float, __half, __half, float, (unsigned int)4, (unsigned short)16383>(channel_eq::_puschRxChEqStatDescr *, channel_eq::_puschRxChEqSoftDemapDynDescr)"
5541757666,449211,148567,1,1,1,32,32,1,30,0.000,0.000,,,,,NVIDIA A100-SXM4-40GB MIG 4g.20gb (0),1,,13,"void convert_kernel<float2, __half2>(tensor_layout_any, T1 *, tensor_layout_any, const T2 *)"
5542442202,14528,148579,2253,1,1,128,1,1,16,0.000,0.000,,,,,NVIDIA A100-SXM4-40GB MIG 4g.20gb (0),1,,13,cupy_copy__float16_float16
5542738327,6752,148588,282,1,1,128,1,1,16,0.000,0.000,,,,,NVIDIA A100-SXM4-40GB MIG 4g.20gb (0),1,,13,cupy_copy__complex64_complex64
5543012435,4928,148597,26,1,1,128,1,1,16,0.000,0.000,,,,,NVIDIA A100-SXM4-40GB MIG 4g.20gb (0),1,,13,cupy_copy__float32_float32
5543293520,7360,148606,103,1,1,128,1,1,16,0.000,0.000,,,,,NVIDIA A100-SXM4-40GB MIG 4g.20gb (0),1,,13,cupy_copy__complex64_complex64
5543569645,16576,148616,1434,1,1,128,1,1,16,0.000,0.000,,,,,NVIDIA A100-SXM4-40GB MIG 4g.20gb (0),1,,13,cupy_copy__complex64_complex64
5543864618,291388,148621,1,1,1,32,32,1,30,0.000,0.000,,,,,NVIDIA A100-SXM4-40GB MIG 4g.20gb (0),1,,13,"void convert_kernel<__half2, float2>(tensor_layout_any, T1 *, tensor_layout_any, const T2 *)"
5544186662,8672,148624,,,,,,,,,,0.094,10804.367,Pinned,Device,NVIDIA A100-SXM4-40GB MIG 4g.20gb (0),1,,13,[CUDA memcpy Host-to-Device]
5544424739,621913,148625,,,,,,,,,,456.561,733694.234,Device,,NVIDIA A100-SXM4-40GB MIG 4g.20gb (0),1,,13,[CUDA memset]
5545051036,57023,148630,,,,,,,,,,1.235,21655.978,Pinned,Device,NVIDIA A100-SXM4-40GB MIG 4g.20gb (0),1,,13,[CUDA memcpy Host-to-Device]
5545110523,11904,148631,,,,,,,,,,0.197,16516.055,Pinned,Device,NVIDIA A100-SXM4-40GB MIG 4g.20gb (0),1,,13,[CUDA memcpy Host-to-Device]
5545371576,11616,148632,69,4,1,48,1,1,76,0.002,0.000,,,,,NVIDIA A100-SXM4-40GB MIG 4g.20gb (0),1,,13,"void ch_est::windowedChEstPreNoDftSOfdmKernel<float, __half, float, (unsigned int)2, (unsigned int)1, (unsigned short)4>(ch_est::puschRxChEstStatDescr_t *, ch_est::puschRxChEstDynDescr_t *)"
5545639925,11808,148633,137,2,1,24,2,1,44,0.001,0.001,,,,,NVIDIA A100-SXM4-40GB MIG 4g.20gb (0),1,,13,"void ch_est::chEstFilterNoDftSOfdmDispatchKernel<float, __half, float, (unsigned int)2>(ch_est::puschRxChEstStatDescr_t *, ch_est::puschRxChEstDynDescr_t *)"
5545715764,6720,148634,137,2,1,24,2,1,44,0.001,0.001,,,,,NVIDIA A100-SXM4-40GB MIG 4g.20gb (0),1,,13,"void ch_est::chEstFilterNoDftSOfdmDispatchKernel<float, __half, float, (unsigned int)2>(ch_est::puschRxChEstStatDescr_t *, ch_est::puschRxChEstDynDescr_t *)"
5545750036,3232,148645,103,1,1,128,1,1,16,0.000,0.000,,,,,NVIDIA A100-SXM4-40GB MIG 4g.20gb (0),1,,13,cupy_copy__complex64_complex64
5545776340,14271,148655,1434,1,1,128,1,1,16,0.000,0.000,,,,,NVIDIA A100-SXM4-40GB MIG 4g.20gb (0),1,,13,cupy_copy__complex64_complex64
5545815091,5184,148662,103,1,1,128,1,1,16,0.000,0.000,,,,,NVIDIA A100-SXM4-40GB MIG 4g.20gb (0),1,,13,cupy_copy__complex64_complex64
5545823091,143614,148669,1,1,1,32,32,1,30,0.000,0.000,,,,,NVIDIA A100-SXM4-40GB MIG 4g.20gb (0),1,,13,"void convert_kernel<__half2, float2>(tensor_layout_any, T1 *, tensor_layout_any, const T2 *)"
5545995313,5376,148672,,,,,,,,,,0.094,17428.487,Pinned,Device,NVIDIA A100-SXM4-40GB MIG 4g.20gb (0),1,,13,[CUDA memcpy Host-to-Device]
5546015953,54207,148673,,,,,,,,,,35.810,660585.594,Device,,NVIDIA A100-SXM4-40GB MIG 4g.20gb (0),1,,13,[CUDA memset]
5546071472,1920,148675,,,,,,,,,,0.000,41.667,Pinned,Device,NVIDIA A100-SXM4-40GB MIG 4g.20gb (0),1,,13,[CUDA memcpy Host-to-Device]
5546075824,9536,148676,,,,,,,,,,0.197,20617.298,Pinned,Device,NVIDIA A100-SXM4-40GB MIG 4g.20gb (0),1,,13,[CUDA memcpy Host-to-Device]
5546100688,13696,148677,273,1,1,48,1,1,40,0.000,0.001,,,,,NVIDIA A100-SXM4-40GB MIG 4g.20gb (0),1,,13,"void pusch_noise_intf_est::noiseIntfEstNoDftSOfdmKernel<float, __half, float, float, (unsigned int)2, (unsigned int)1, (unsigned char)4, (unsigned char)4>(pusch_noise_intf_est::puschRxNoiseIntfEstDynDescr)"
5546137071,5280,148688,35,1,1,128,1,1,16,0.000,0.000,,,,,NVIDIA A100-SXM4-40GB MIG 4g.20gb (0),1,,13,cupy_copy__complex64_complex64
5546170191,2144,148697,1,1,1,1,1,1,18,0.000,0.000,,,,,NVIDIA A100-SXM4-40GB MIG 4g.20gb (0),1,,13,cupy_copy__float32_float32
5546175695,1632,148703,,,,,,,,,,0.000,2.451,Device,Pageable,NVIDIA A100-SXM4-40GB MIG 4g.20gb (0),1,,7,[CUDA memcpy Device-to-Host]
5546263982,12992,148714,1434,1,1,128,1,1,16,0.000,0.000,,,,,NVIDIA A100-SXM4-40GB MIG 4g.20gb (0),1,,13,cupy_copy__complex64_complex64
5546303597,4128,148721,103,1,1,128,1,1,16,0.000,0.000,,,,,NVIDIA A100-SXM4-40GB MIG 4g.20gb (0),1,,13,cupy_copy__complex64_complex64
5546336717,3200,148728,35,1,1,128,1,1,16,0.000,0.000,,,,,NVIDIA A100-SXM4-40GB MIG 4g.20gb (0),1,,13,cupy_copy__complex64_complex64
5546360749,2496,148735,1,1,1,1,1,1,18,0.000,0.000,,,,,NVIDIA A100-SXM4-40GB MIG 4g.20gb (0),1,,13,cupy_copy__float32_float32
5546462924,192413,148746,1,1,1,32,32,1,30,0.000,0.000,,,,,NVIDIA A100-SXM4-40GB MIG 4g.20gb (0),1,,13,"void convert_kernel<__half2, float2>(tensor_layout_any, T1 *, tensor_layout_any, const T2 *)"
5546684841,5472,148749,,,,,,,,,,0.094,17122.757,Pinned,Device,NVIDIA A100-SXM4-40GB MIG 4g.20gb (0),1,,13,[CUDA memcpy Host-to-Device]
5546722377,3616,148750,,,,,,,,,,1.547,427715.774,Device,,NVIDIA A100-SXM4-40GB MIG 4g.20gb (0),1,,13,[CUDA memset]
5546733768,3136,148755,,,,,,,,,,0.031,9979.575,Pinned,Device,NVIDIA A100-SXM4-40GB MIG 4g.20gb (0),1,,13,[CUDA memcpy Host-to-Device]
5546739304,9696,148756,,,,,,,,,,0.197,20277.166,Pinned,Device,NVIDIA A100-SXM4-40GB MIG 4g.20gb (0),1,,13,[CUDA memcpy Host-to-Device]
5546755432,11136,148757,273,1,1,8,4,1,39,0.002,0.000,,,,,NVIDIA A100-SXM4-40GB MIG 4g.20gb (0),1,,13,"void channel_eq::eqMmseCoefCompLowMimoKernel<float, float, float, (unsigned int)4, (unsigned int)1, (unsigned int)4>(const channel_eq::_puschRxChEqStatDescr *, channel_eq::_puschRxChEqCoefCompDynDescr)"
5546789544,6656,148758,273,1,1,12,11,1,51,0.002,0.000,,,,,NVIDIA A100-SXM4-40GB MIG 4g.20gb (0),1,,13,"void channel_eq::eqMmseSoftDemapKernel<float, __half, __half, float, (unsigned int)4, (unsigned short)16383>(channel_eq::_puschRxChEqStatDescr *, channel_eq::_puschRxChEqSoftDemapDynDescr)"
5546823751,390140,148759,1,1,1,32,32,1,30,0.000,0.000,,,,,NVIDIA A100-SXM4-40GB MIG 4g.20gb (0),1,,13,"void convert_kernel<float2, __half2>(tensor_layout_any, T1 *, tensor_layout_any, const T2 *)"
5547237443,11424,148771,2253,1,1,128,1,1,16,0.000,0.000,,,,,NVIDIA A100-SXM4-40GB MIG 4g.20gb (0),1,,13,cupy_copy__float16_float16
5547276322,4992,148780,282,1,1,128,1,1,16,0.000,0.000,,,,,NVIDIA A100-SXM4-40GB MIG 4g.20gb (0),1,,13,cupy_copy__complex64_complex64
5547312418,2752,148789,26,1,1,128,1,1,16,0.000,0.000,,,,,NVIDIA A100-SXM4-40GB MIG 4g.20gb (0),1,,13,cupy_copy__float32_float32
5547345025,4320,148798,103,1,1,128,1,1,16,0.000,0.000,,,,,NVIDIA A100-SXM4-40GB MIG 4g.20gb (0),1,,13,cupy_copy__complex64_complex64
5547376769,12672,148808,1434,1,1,128,1,1,16,0.000,0.000,,,,,NVIDIA A100-SXM4-40GB MIG 4g.20gb (0),1,,13,cupy_copy__complex64_complex64
5547416417,122686,148813,1,1,1,32,32,1,30,0.000,0.000,,,,,NVIDIA A100-SXM4-40GB MIG 4g.20gb (0),1,,13,"void convert_kernel<__half2, float2>(tensor_layout_any, T1 *, tensor_layout_any, const T2 *)"
5547575199,5888,148816,,,,,,,,,,0.094,15912.954,Pinned,Device,NVIDIA A100-SXM4-40GB MIG 4g.20gb (0),1,,13,[CUDA memcpy Host-to-Device]
5547611326,617145,148817,,,,,,,,,,456.561,739629.533,Device,,NVIDIA A100-SXM4-40GB MIG 4g.20gb (0),1,,13,[CUDA memset]
5548233591,73535,148822,,,,,,,,,,1.235,16792.769,Pinned,Device,NVIDIA A100-SXM4-40GB MIG 4g.20gb (0),1,,13,[CUDA memcpy Host-to-Device]
5548314134,17888,148823,,,,,,,,,,0.197,10990.977,Pinned,Device,NVIDIA A100-SXM4-40GB MIG 4g.20gb (0),1,,13,[CUDA memcpy Host-to-Device]
5548394837,9280,148824,69,4,1,48,1,1,76,0.002,0.000,,,,,NVIDIA A100-SXM4-40GB MIG 4g.20gb (0),1,,13,"void ch_est::windowedChEstPreNoDftSOfdmKernel<float, __half, float, (unsigned int)2, (unsigned int)1, (unsigned short)4>(ch_est::puschRxChEstStatDescr_t *, ch_est::puschRxChEstDynDescr_t *)"
5548454581,7712,148825,137,2,1,24,2,1,44,0.001,0.001,,,,,NVIDIA A100-SXM4-40GB MIG 4g.20gb (0),1,,13,"void ch_est::chEstFilterNoDftSOfdmDispatchKernel<float, __half, float, (unsigned int)2>(ch_est::puschRxChEstStatDescr_t *, ch_est::puschRxChEstDynDescr_t *)"
5548509428,8704,148826,137,2,1,24,2,1,44,0.001,0.001,,,,,NVIDIA A100-SXM4-40GB MIG 4g.20gb (0),1,,13,"void ch_est::chEstFilterNoDftSOfdmDispatchKernel<float, __half, float, (unsigned int)2>(ch_est::puschRxChEstStatDescr_t *, ch_est::puschRxChEstDynDescr_t *)"
5548564339,5024,148837,103,1,1,128,1,1,16,0.000,0.000,,,,,NVIDIA A100-SXM4-40GB MIG 4g.20gb (0),1,,13,cupy_copy__complex64_complex64
5548597235,13408,148847,1434,1,1,128,1,1,16,0.000,0.000,,,,,NVIDIA A100-SXM4-40GB MIG 4g.20gb (0),1,,13,cupy_copy__complex64_complex64
5548658738,3776,148854,103,1,1,128,1,1,16,0.000,0.000,,,,,NVIDIA A100-SXM4-40GB MIG 4g.20gb (0),1,,13,cupy_copy__complex64_complex64
5548712658,150846,148861,1,1,1,32,32,1,30,0.000,0.000,,,,,NVIDIA A100-SXM4-40GB MIG 4g.20gb (0),1,,13,"void convert_kernel<__half2, float2>(tensor_layout_any, T1 *, tensor_layout_any, const T2 *)"
5548892976,5663,148864,,,,,,,,,,0.094,16545.214,Pinned,Device,NVIDIA A100-SXM4-40GB MIG 4g.20gb (0),1,,13,[CUDA memcpy Host-to-Device]
5548945903,55071,148865,,,,,,,,,,35.810,650236.527,Device,,NVIDIA A100-SXM4-40GB MIG 4g.20gb (0),1,,13,[CUDA memset]
5549002350,6176,148867,,,,,,,,,,0.000,12.953,Pinned,Device,NVIDIA A100-SXM4-40GB MIG 4g.20gb (0),1,,13,[CUDA memcpy Host-to-Device]
5549011022,9504,148868,,,,,,,,,,0.197,20686.701,Pinned,Device,NVIDIA A100-SXM4-40GB MIG 4g.20gb (0),1,,13,[CUDA memcpy Host-to-Device]
5549061582,13183,148869,273,1,1,48,1,1,40,0.000,0.001,,,,,NVIDIA A100-SXM4-40GB MIG 4g.20gb (0),1,,13,"void pusch_noise_intf_est::noiseIntfEstNoDftSOfdmKernel<float, __half, float, float, (unsigned int)2, (unsigned int)1, (unsigned char)4, (unsigned char)4>(pusch_noise_intf_est::puschRxNoiseIntfEstDynDescr)"
5549118349,7072,148880,35,1,1,128,1,1,16,0.000,0.000,,,,,NVIDIA A100-SXM4-40GB MIG 4g.20gb (0),1,,13,cupy_copy__complex64_complex64
5549171660,2304,148889,1,1,1,1,1,1,18,0.000,0.000,,,,,NVIDIA A100-SXM4-40GB MIG 4g.20gb (0),1,,13,cupy_copy__float32_float32
5549182124,1632,148895,,,,,,,,,,0.000,2.451,Device,Pageable,NVIDIA A100-SXM4-40GB MIG 4g.20gb (0),1,,7,[CUDA memcpy Device-to-Host]
5549278059,14144,148906,1434,1,1,128,1,1,16,0.000,0.000,,,,,NVIDIA A100-SXM4-40GB MIG 4g.20gb (0),1,,13,cupy_copy__complex64_complex64
5549339562,5184,148913,103,1,1,128,1,1,16,0.000,0.000,,,,,NVIDIA A100-SXM4-40GB MIG 4g.20gb (0),1,,13,cupy_copy__complex64_complex64
5549372106,3328,148920,35,1,1,128,1,1,16,0.000,0.000,,,,,NVIDIA A100-SXM4-40GB MIG 4g.20gb (0),1,,13,cupy_copy__complex64_complex64
5549425321,2240,148927,1,1,1,1,1,1,18,0.000,0.000,,,,,NVIDIA A100-SXM4-40GB MIG 4g.20gb (0),1,,13,cupy_copy__float32_float32
5549500457,190301,148938,1,1,1,32,32,1,30,0.000,0.000,,,,,NVIDIA A100-SXM4-40GB MIG 4g.20gb (0),1,,13,"void convert_kernel<__half2, float2>(tensor_layout_any, T1 *, tensor_layout_any, const T2 *)"
5549719334,5600,148941,,,,,,,,,,0.094,16731.388,Pinned,Device,NVIDIA A100-SXM4-40GB MIG 4g.20gb (0),1,,13,[CUDA memcpy Host-to-Device]
5549765413,4800,148942,,,,,,,,,,1.547,322212.818,Device,,NVIDIA A100-SXM4-40GB MIG 4g.20gb (0),1,,13,[CUDA memset]
5549778085,3200,148947,,,,,,,,,,0.031,9780.000,Pinned,Device,NVIDIA A100-SXM4-40GB MIG 4g.20gb (0),1,,13,[CUDA memcpy Host-to-Device]
5549783717,9760,148948,,,,,,,,,,0.197,20144.259,Pinned,Device,NVIDIA A100-SXM4-40GB MIG 4g.20gb (0),1,,13,[CUDA memcpy Host-to-Device]
5549820229,13408,148949,273,1,1,8,4,1,39,0.002,0.000,,,,,NVIDIA A100-SXM4-40GB MIG 4g.20gb (0),1,,13,"void channel_eq::eqMmseCoefCompLowMimoKernel<float, float, float, (unsigned int)4, (unsigned int)1, (unsigned int)4>(const channel_eq::_puschRxChEqStatDescr *, channel_eq::_puschRxChEqCoefCompDynDescr)"
5549874852,8320,148950,273,1,1,12,11,1,51,0.002,0.000,,,,,NVIDIA A100-SXM4-40GB MIG 4g.20gb (0),1,,13,"void channel_eq::eqMmseSoftDemapKernel<float, __half, __half, float, (unsigned int)4, (unsigned short)16383>(channel_eq::_puschRxChEqStatDescr *, channel_eq::_puschRxChEqSoftDemapDynDescr)"
5549932420,366075,148951,1,1,1,32,32,1,30,0.000,0.000,,,,,NVIDIA A100-SXM4-40GB MIG 4g.20gb (0),1,,13,"void convert_kernel<float2, __half2>(tensor_layout_any, T1 *, tensor_layout_any, const T2 *)"
5550338111,11328,148963,2253,1,1,128,1,1,16,0.000,0.000,,,,,NVIDIA A100-SXM4-40GB MIG 4g.20gb (0),1,,13,cupy_copy__float16_float16
5550398686,3744,148972,282,1,1,128,1,1,16,0.000,0.000,,,,,NVIDIA A100-SXM4-40GB MIG 4g.20gb (0),1,,13,cupy_copy__complex64_complex64
5550444574,4416,148981,26,1,1,128,1,1,16,0.000,0.000,,,,,NVIDIA A100-SXM4-40GB MIG 4g.20gb (0),1,,13,cupy_copy__float32_float32
5550473149,7936,148990,103,1,1,128,1,1,16,0.000,0.000,,,,,NVIDIA A100-SXM4-40GB MIG 4g.20gb (0),1,,13,cupy_copy__complex64_complex64
5550506237,12992,149000,1434,1,1,128,1,1,16,0.000,0.000,,,,,NVIDIA A100-SXM4-40GB MIG 4g.20gb (0),1,,13,cupy_copy__complex64_complex64
5550567676,141663,149005,1,1,1,32,32,1,30,0.000,0.000,,,,,NVIDIA A100-SXM4-40GB MIG 4g.20gb (0),1,,13,"void convert_kernel<__half2, float2>(tensor_layout_any, T1 *, tensor_layout_any, const T2 *)"
5550737658,5600,149008,,,,,,,,,,0.094,16731.388,Pinned,Device,NVIDIA A100-SXM4-40GB MIG 4g.20gb (0),1,,13,[CUDA memcpy Host-to-Device]
5550780346,619769,149009,,,,,,,,,,456.561,736433.603,Device,,NVIDIA A100-SXM4-40GB MIG 4g.20gb (0),1,,13,[CUDA memset]
5551403731,64479,149014,,,,,,,,,,1.235,19151.512,Pinned,Device,NVIDIA A100-SXM4-40GB MIG 4g.20gb (0),1,,13,[CUDA memcpy Host-to-Device]
5551470930,11424,149015,,,,,,,,,,0.197,17210.081,Pinned,Device,NVIDIA A100-SXM4-40GB MIG 4g.20gb (0),1,,13,[CUDA memcpy Host-to-Device]
5551536817,9120,149016,69,4,1,48,1,1,76,0.002,0.000,,,,,NVIDIA A100-SXM4-40GB MIG 4g.20gb (0),1,,13,"void ch_est::windowedChEstPreNoDftSOfdmKernel<float, __half, float, (unsigned int)2, (unsigned int)1, (unsigned short)4>(ch_est::puschRxChEstStatDescr_t *, ch_est::puschRxChEstDynDescr_t *)"
5551593392,8256,149017,137,2,1,24,2,1,44,0.001,0.001,,,,,NVIDIA A100-SXM4-40GB MIG 4g.20gb (0),1,,13,"void ch_est::chEstFilterNoDftSOfdmDispatchKernel<float, __half, float, (unsigned int)2>(ch_est::puschRxChEstStatDescr_t *, ch_est::puschRxChEstDynDescr_t *)"
5551648496,8224,149018,137,2,1,24,2,1,44,0.001,0.001,,,,,NVIDIA A100-SXM4-40GB MIG 4g.20gb (0),1,,13,"void ch_est::chEstFilterNoDftSOfdmDispatchKernel<float, __half, float, (unsigned int)2>(ch_est::puschRxChEstStatDescr_t *, ch_est::puschRxChEstDynDescr_t *)"
5551703695,4832,149029,103,1,1,128,1,1,16,0.000,0.000,,,,,NVIDIA A100-SXM4-40GB MIG 4g.20gb (0),1,,13,cupy_copy__complex64_complex64
5551736335,12928,149039,1434,1,1,128,1,1,16,0.000,0.000,,,,,NVIDIA A100-SXM4-40GB MIG 4g.20gb (0),1,,13,cupy_copy__complex64_complex64
5551797294,3328,149046,103,1,1,128,1,1,16,0.000,0.000,,,,,NVIDIA A100-SXM4-40GB MIG 4g.20gb (0),1,,13,cupy_copy__complex64_complex64
5551844302,148830,149053,1,1,1,32,32,1,30,0.000,0.000,,,,,NVIDIA A100-SXM4-40GB MIG 4g.20gb (0),1,,13,"void convert_kernel<__half2, float2>(tensor_layout_any, T1 *, tensor_layout_any, const T2 *)"
5552022699,5376,149056,,,,,,,,,,0.094,17428.487,Pinned,Device,NVIDIA A100-SXM4-40GB MIG 4g.20gb (0),1,,13,[CUDA memcpy Host-to-Device]
5552063467,52383,149057,,,,,,,,,,35.810,683611.373,Device,,NVIDIA A100-SXM4-40GB MIG 4g.20gb (0),1,,13,[CUDA memset]
5552123018,2304,149059,,,,,,,,,,0.000,34.722,Pinned,Device,NVIDIA A100-SXM4-40GB MIG 4g.20gb (0),1,,13,[CUDA memcpy Host-to-Device]
5552127786,9472,149060,,,,,,,,,,0.197,20756.693,Pinned,Device,NVIDIA A100-SXM4-40GB MIG 4g.20gb (0),1,,13,[CUDA memcpy Host-to-Device]
5552172650,16000,149061,273,1,1,48,1,1,40,0.000,0.001,,,,,NVIDIA A100-SXM4-40GB MIG 4g.20gb (0),1,,13,"void pusch_noise_intf_est::noiseIntfEstNoDftSOfdmKernel<float, __half, float, float, (unsigned int)2, (unsigned int)1, (unsigned char)4, (unsigned char)4>(pusch_noise_intf_est::puschRxNoiseIntfEstDynDescr)"
5552232329,3648,149072,35,1,1,128,1,1,16,0.000,0.000,,,,,NVIDIA A100-SXM4-40GB MIG 4g.20gb (0),1,,13,cupy_copy__complex64_complex64
5552286248,2240,149081,1,1,1,1,1,1,18,0.000,0.000,,,,,NVIDIA A100-SXM4-40GB MIG 4g.20gb (0),1,,13,cupy_copy__float32_float32
5552289960,6720,149087,,,,,,,,,,0.000,0.595,Device,Pageable,NVIDIA A100-SXM4-40GB MIG 4g.20gb (0),1,,7,[CUDA memcpy Device-to-Host]
5552392263,13088,149098,1434,1,1,128,1,1,16,0.000,0.000,,,,,NVIDIA A100-SXM4-40GB MIG 4g.20gb (0),1,,13,cupy_copy__complex64_complex64
5552453734,3680,149105,103,1,1,128,1,1,16,0.000,0.000,,,,,NVIDIA A100-SXM4-40GB MIG 4g.20gb (0),1,,13,cupy_copy__complex64_complex64
5552507174,3136,149112,35,1,1,128,1,1,16,0.000,0.000,,,,,NVIDIA A100-SXM4-40GB MIG 4g.20gb (0),1,,13,cupy_copy__complex64_complex64
5552560197,2464,149119,1,1,1,1,1,1,18,0.000,0.000,,,,,NVIDIA A100-SXM4-40GB MIG 4g.20gb (0),1,,13,cupy_copy__float32_float32
5552607589,192957,149130,1,1,1,32,32,1,30,0.000,0.000,,,,,NVIDIA A100-SXM4-40GB MIG 4g.20gb (0),1,,13,"void convert_kernel<__half2, float2>(tensor_layout_any, T1 *, tensor_layout_any, const T2 *)"
5552829186,11488,149133,,,,,,,,,,0.094,8155.956,Pinned,Device,NVIDIA A100-SXM4-40GB MIG 4g.20gb (0),1,,13,[CUDA memcpy Host-to-Device]
5552879650,3968,149134,,,,,,,,,,1.547,389773.994,Device,,NVIDIA A100-SXM4-40GB MIG 4g.20gb (0),1,,13,[CUDA memset]
5552892737,10176,149139,,,,,,,,,,0.031,3075.458,Pinned,Device,NVIDIA A100-SXM4-40GB MIG 4g.20gb (0),1,,13,[CUDA memcpy Host-to-Device]
5552906849,11904,149140,,,,,,,,,,0.197,16516.055,Pinned,Device,NVIDIA A100-SXM4-40GB MIG 4g.20gb (0),1,,13,[CUDA memcpy Host-to-Device]
5552955425,14112,149141,273,1,1,8,4,1,39,0.002,0.000,,,,,NVIDIA A100-SXM4-40GB MIG 4g.20gb (0),1,,13,"void channel_eq::eqMmseCoefCompLowMimoKernel<float, float, float, (unsigned int)4, (unsigned int)1, (unsigned int)4>(const channel_eq::_puschRxChEqStatDescr *, channel_eq::_puschRxChEqCoefCompDynDescr)"
5553009824,7520,149142,273,1,1,12,11,1,51,0.002,0.000,,,,,NVIDIA A100-SXM4-40GB MIG 4g.20gb (0),1,,13,"void channel_eq::eqMmseSoftDemapKernel<float, __half, __half, float, (unsigned int)4, (unsigned short)16383>(channel_eq::_puschRxChEqStatDescr *, channel_eq::_puschRxChEqSoftDemapDynDescr)"
5553067231,367964,149143,1,1,1,32,32,1,30,0.000,0.000,,,,,NVIDIA A100-SXM4-40GB MIG 4g.20gb (0),1,,13,"void convert_kernel<float2, __half2>(tensor_layout_any, T1 *, tensor_layout_any, const T2 *)"
5553473307,11328,149155,2253,1,1,128,1,1,16,0.000,0.000,,,,,NVIDIA A100-SXM4-40GB MIG 4g.20gb (0),1,,13,cupy_copy__float16_float16
5553533658,4032,149164,282,1,1,128,1,1,16,0.000,0.000,,,,,NVIDIA A100-SXM4-40GB MIG 4g.20gb (0),1,,13,cupy_copy__complex64_complex64
5553579769,4928,149173,26,1,1,128,1,1,16,0.000,0.000,,,,,NVIDIA A100-SXM4-40GB MIG 4g.20gb (0),1,,13,cupy_copy__float32_float32
5553608089,7744,149182,103,1,1,128,1,1,16,0.000,0.000,,,,,NVIDIA A100-SXM4-40GB MIG 4g.20gb (0),1,,13,cupy_copy__complex64_complex64
5553661689,15519,149192,1434,1,1,128,1,1,16,0.000,0.000,,,,,NVIDIA A100-SXM4-40GB MIG 4g.20gb (0),1,,13,cupy_copy__complex64_complex64
5553725880,139262,149197,1,1,1,32,32,1,30,0.000,0.000,,,,,NVIDIA A100-SXM4-40GB MIG 4g.20gb (0),1,,13,"void convert_kernel<__half2, float2>(tensor_layout_any, T1 *, tensor_layout_any, const T2 *)"
5553893238,5472,149200,,,,,,,,,,0.094,17122.757,Pinned,Device,NVIDIA A100-SXM4-40GB MIG 4g.20gb (0),1,,13,[CUDA memcpy Host-to-Device]
5553937525,621977,149201,,,,,,,,,,456.561,733694.234,Device,,NVIDIA A100-SXM4-40GB MIG 4g.20gb (0),1,,13,[CUDA memset]
5554564654,58111,149206,,,,,,,,,,1.235,21250.916,Pinned,Device,NVIDIA A100-SXM4-40GB MIG 4g.20gb (0),1,,13,[CUDA memcpy Host-to-Device]
5554625613,12160,149207,,,,,,,,,,0.197,16168.255,Pinned,Device,NVIDIA A100-SXM4-40GB MIG 4g.20gb (0),1,,13,[CUDA memcpy Host-to-Device]
5554681293,8608,149208,69,4,1,48,1,1,76,0.002,0.000,,,,,NVIDIA A100-SXM4-40GB MIG 4g.20gb (0),1,,13,"void ch_est::windowedChEstPreNoDftSOfdmKernel<float, __half, float, (unsigned int)2, (unsigned int)1, (unsigned short)4>(ch_est::puschRxChEstStatDescr_t *, ch_est::puschRxChEstDynDescr_t *)"
5554738956,8384,149209,137,2,1,24,2,1,44,0.001,0.001,,,,,NVIDIA A100-SXM4-40GB MIG 4g.20gb (0),1,,13,"void ch_est::chEstFilterNoDftSOfdmDispatchKernel<float, __half, float, (unsigned int)2>(ch_est::puschRxChEstStatDescr_t *, ch_est::puschRxChEstDynDescr_t *)"
5554794283,8320,149210,137,2,1,24,2,1,44,0.001,0.001,,,,,NVIDIA A100-SXM4-40GB MIG 4g.20gb (0),1,,13,"void ch_est::chEstFilterNoDftSOfdmDispatchKernel<float, __half, float, (unsigned int)2>(ch_est::puschRxChEstStatDescr_t *, ch_est::puschRxChEstDynDescr_t *)"
5554848875,4640,149221,103,1,1,128,1,1,16,0.000,0.000,,,,,NVIDIA A100-SXM4-40GB MIG 4g.20gb (0),1,,13,cupy_copy__complex64_complex64
5554881674,13152,149231,1434,1,1,128,1,1,16,0.000,0.000,,,,,NVIDIA A100-SXM4-40GB MIG 4g.20gb (0),1,,13,cupy_copy__complex64_complex64
5554942986,4160,149238,103,1,1,128,1,1,16,0.000,0.000,,,,,NVIDIA A100-SXM4-40GB MIG 4g.20gb (0),1,,13,cupy_copy__complex64_complex64
5554990217,174206,149245,1,1,1,32,32,1,30,0.000,0.000,,,,,NVIDIA A100-SXM4-40GB MIG 4g.20gb (0),1,,13,"void convert_kernel<__half2, float2>(tensor_layout_any, T1 *, tensor_layout_any, const T2 *)"
5555192391,5376,149248,,,,,,,,,,0.094,17428.487,Pinned,Device,NVIDIA A100-SXM4-40GB MIG 4g.20gb (0),1,,13,[CUDA memcpy Host-to-Device]
5555230374,54720,149249,,,,,,,,,,35.810,654390.478,Device,,NVIDIA A100-SXM4-40GB MIG 4g.20gb (0),1,,13,[CUDA memset]
5555291238,2496,149251,,,,,,,,,,0.000,32.051,Pinned,Device,NVIDIA A100-SXM4-40GB MIG 4g.20gb (0),1,,13,[CUDA memcpy Host-to-Device]
5555296198,9472,149252,,,,,,,,,,0.197,20756.693,Pinned,Device,NVIDIA A100-SXM4-40GB MIG 4g.20gb (0),1,,13,[CUDA memcpy Host-to-Device]
5555344933,13824,149253,273,1,1,48,1,1,40,0.000,0.001,,,,,NVIDIA A100-SXM4-40GB MIG 4g.20gb (0),1,,13,"void pusch_noise_intf_est::noiseIntfEstNoDftSOfdmKernel<float, __half, float, float, (unsigned int)2, (unsigned int)1, (unsigned char)4, (unsigned char)4>(pusch_noise_intf_est::puschRxNoiseIntfEstDynDescr)"
5555402916,5792,149264,35,1,1,128,1,1,16,0.000,0.000,,,,,NVIDIA A100-SXM4-40GB MIG 4g.20gb (0),1,,13,cupy_copy__complex64_complex64
5555435364,2304,149273,1,1,1,1,1,1,18,0.000,0.000,,,,,NVIDIA A100-SXM4-40GB MIG 4g.20gb (0),1,,13,cupy_copy__float32_float32
5555440740,4736,149279,,,,,,,,,,0.000,0.845,Device,Pageable,NVIDIA A100-SXM4-40GB MIG 4g.20gb (0),1,,7,[CUDA memcpy Device-to-Host]
5555542435,12352,149290,1434,1,1,128,1,1,16,0.000,0.000,,,,,NVIDIA A100-SXM4-40GB MIG 4g.20gb (0),1,,13,cupy_copy__complex64_complex64
5555603490,4096,149297,103,1,1,128,1,1,16,0.000,0.000,,,,,NVIDIA A100-SXM4-40GB MIG 4g.20gb (0),1,,13,cupy_copy__complex64_complex64
5555648994,7264,149304,35,1,1,128,1,1,16,0.000,0.000,,,,,NVIDIA A100-SXM4-40GB MIG 4g.20gb (0),1,,13,cupy_copy__complex64_complex64
5555677089,2144,149311,1,1,1,1,1,1,18,0.000,0.000,,,,,NVIDIA A100-SXM4-40GB MIG 4g.20gb (0),1,,13,cupy_copy__float32_float32
5555732321,180126,149322,1,1,1,32,32,1,30,0.000,0.000,,,,,NVIDIA A100-SXM4-40GB MIG 4g.20gb (0),1,,13,"void convert_kernel<__half2, float2>(tensor_layout_any, T1 *, tensor_layout_any, const T2 *)"
5555941566,5536,149325,,,,,,,,,,0.094,16924.777,Pinned,Device,NVIDIA A100-SXM4-40GB MIG 4g.20gb (0),1,,13,[CUDA memcpy Host-to-Device]
5555997342,4736,149326,,,,,,,,,,1.547,326566.564,Device,,NVIDIA A100-SXM4-40GB MIG 4g.20gb (0),1,,13,[CUDA memset]
5556007645,4864,149331,,,,,,,,,,0.031,6434.207,Pinned,Device,NVIDIA A100-SXM4-40GB MIG 4g.20gb (0),1,,13,[CUDA memcpy Host-to-Device]
5556014941,10112,149332,,,,,,,,,,0.197,19442.958,Pinned,Device,NVIDIA A100-SXM4-40GB MIG 4g.20gb (0),1,,13,[CUDA memcpy Host-to-Device]
5556052381,12384,149333,273,1,1,8,4,1,39,0.002,0.000,,,,,NVIDIA A100-SXM4-40GB MIG 4g.20gb (0),1,,13,"void channel_eq::eqMmseCoefCompLowMimoKernel<float, float, float, (unsigned int)4, (unsigned int)1, (unsigned int)4>(const channel_eq::_puschRxChEqStatDescr *, channel_eq::_puschRxChEqCoefCompDynDescr)"
5556106940,7008,149334,273,1,1,12,11,1,51,0.002,0.000,,,,,NVIDIA A100-SXM4-40GB MIG 4g.20gb (0),1,,13,"void channel_eq::eqMmseSoftDemapKernel<float, __half, __half, float, (unsigned int)4, (unsigned short)16383>(channel_eq::_puschRxChEqStatDescr *, channel_eq::_puschRxChEqSoftDemapDynDescr)"
5556228155,566457,149335,1,1,1,32,32,1,30,0.000,0.000,,,,,NVIDIA A100-SXM4-40GB MIG 4g.20gb (0),1,,13,"void convert_kernel<float2, __half2>(tensor_layout_any, T1 *, tensor_layout_any, const T2 *)"
5558778013,14848,149347,2253,1,1,128,1,1,16,0.000,0.000,,,,,NVIDIA A100-SXM4-40GB MIG 4g.20gb (0),1,,13,cupy_copy__float16_float16
5561309088,6112,149356,282,1,1,128,1,1,16,0.000,0.000,,,,,NVIDIA A100-SXM4-40GB MIG 4g.20gb (0),1,,13,cupy_copy__complex64_complex64
5561361312,5344,149365,26,1,1,128,1,1,16,0.000,0.000,,,,,NVIDIA A100-SXM4-40GB MIG 4g.20gb (0),1,,13,cupy_copy__float32_float32
5561390207,8192,149374,103,1,1,128,1,1,16,0.000,0.000,,,,,NVIDIA A100-SXM4-40GB MIG 4g.20gb (0),1,,13,cupy_copy__complex64_complex64
5561421215,13664,149384,1434,1,1,128,1,1,16,0.000,0.000,,,,,NVIDIA A100-SXM4-40GB MIG 4g.20gb (0),1,,13,cupy_copy__complex64_complex64
5561456735,133502,149389,1,1,1,32,32,1,30,0.000,0.000,,,,,NVIDIA A100-SXM4-40GB MIG 4g.20gb (0),1,,13,"void convert_kernel<__half2, float2>(tensor_layout_any, T1 *, tensor_layout_any, const T2 *)"
5561624157,5824,149392,,,,,,,,,,0.094,16087.884,Pinned,Device,NVIDIA A100-SXM4-40GB MIG 4g.20gb (0),1,,13,[CUDA memcpy Host-to-Device]
5561668380,620665,149393,,,,,,,,,,456.561,735520.480,Device,,NVIDIA A100-SXM4-40GB MIG 4g.20gb (0),1,,13,[CUDA memset]
5562292021,55999,149398,,,,,,,,,,1.235,22052.395,Pinned,Device,NVIDIA A100-SXM4-40GB MIG 4g.20gb (0),1,,13,[CUDA memcpy Host-to-Device]
5562353044,13792,149399,,,,,,,,,,0.197,14255.063,Pinned,Device,NVIDIA A100-SXM4-40GB MIG 4g.20gb (0),1,,13,[CUDA memcpy Host-to-Device]
5562405812,10143,149400,69,4,1,48,1,1,76,0.002,0.000,,,,,NVIDIA A100-SXM4-40GB MIG 4g.20gb (0),1,,13,"void ch_est::windowedChEstPreNoDftSOfdmKernel<float, __half, float, (unsigned int)2, (unsigned int)1, (unsigned short)4>(ch_est::puschRxChEstStatDescr_t *, ch_est::puschRxChEstDynDescr_t *)"
5562463443,8736,149401,137,2,1,24,2,1,44,0.001,0.001,,,,,NVIDIA A100-SXM4-40GB MIG 4g.20gb (0),1,,13,"void ch_est::chEstFilterNoDftSOfdmDispatchKernel<float, __half, float, (unsigned int)2>(ch_est::puschRxChEstStatDescr_t *, ch_est::puschRxChEstDynDescr_t *)"
5562517746,7680,149402,137,2,1,24,2,1,44,0.001,0.001,,,,,NVIDIA A100-SXM4-40GB MIG 4g.20gb (0),1,,13,"void ch_est::chEstFilterNoDftSOfdmDispatchKernel<float, __half, float, (unsigned int)2>(ch_est::puschRxChEstStatDescr_t *, ch_est::puschRxChEstDynDescr_t *)"
5562571858,3968,149413,103,1,1,128,1,1,16,0.000,0.000,,,,,NVIDIA A100-SXM4-40GB MIG 4g.20gb (0),1,,13,cupy_copy__complex64_complex64
5562618257,15872,149423,1434,1,1,128,1,1,16,0.000,0.000,,,,,NVIDIA A100-SXM4-40GB MIG 4g.20gb (0),1,,13,cupy_copy__complex64_complex64
5562681488,4544,149430,103,1,1,128,1,1,16,0.000,0.000,,,,,NVIDIA A100-SXM4-40GB MIG 4g.20gb (0),1,,13,cupy_copy__complex64_complex64
5562712752,141310,149437,1,1,1,32,32,1,30,0.000,0.000,,,,,NVIDIA A100-SXM4-40GB MIG 4g.20gb (0),1,,13,"void convert_kernel<__half2, float2>(tensor_layout_any, T1 *, tensor_layout_any, const T2 *)"
5562882318,5632,149440,,,,,,,,,,0.094,16636.287,Pinned,Device,NVIDIA A100-SXM4-40GB MIG 4g.20gb (0),1,,13,[CUDA memcpy Host-to-Device]
5562925454,54111,149441,,,,,,,,,,35.810,661767.322,Device,,NVIDIA A100-SXM4-40GB MIG 4g.20gb (0),1,,13,[CUDA memset]
5562980909,5152,149443,,,,,,,,,,0.000,15.528,Pinned,Device,NVIDIA A100-SXM4-40GB MIG 4g.20gb (0),1,,13,[CUDA memcpy Host-to-Device]
5562988525,9440,149444,,,,,,,,,,0.197,20827.079,Pinned,Device,NVIDIA A100-SXM4-40GB MIG 4g.20gb (0),1,,13,[CUDA memcpy Host-to-Device]
5563059404,13632,149445,273,1,1,48,1,1,40,0.000,0.001,,,,,NVIDIA A100-SXM4-40GB MIG 4g.20gb (0),1,,13,"void pusch_noise_intf_est::noiseIntfEstNoDftSOfdmKernel<float, __half, float, float, (unsigned int)2, (unsigned int)1, (unsigned char)4, (unsigned char)4>(pusch_noise_intf_est::puschRxNoiseIntfEstDynDescr)"
5563116715,7968,149456,35,1,1,128,1,1,16,0.000,0.000,,,,,NVIDIA A100-SXM4-40GB MIG 4g.20gb (0),1,,13,cupy_copy__complex64_complex64
5563146123,2368,149465,1,1,1,1,1,1,18,0.000,0.000,,,,,NVIDIA A100-SXM4-40GB MIG 4g.20gb (0),1,,13,cupy_copy__float32_float32
5563153419,2976,149471,,,,,,,,,,0.000,1.344,Device,Pageable,NVIDIA A100-SXM4-40GB MIG 4g.20gb (0),1,,7,[CUDA memcpy Device-to-Host]
5563251306,13504,149482,1434,1,1,128,1,1,16,0.000,0.000,,,,,NVIDIA A100-SXM4-40GB MIG 4g.20gb (0),1,,13,cupy_copy__complex64_complex64
5563312073,4064,149489,103,1,1,128,1,1,16,0.000,0.000,,,,,NVIDIA A100-SXM4-40GB MIG 4g.20gb (0),1,,13,cupy_copy__complex64_complex64
5563364713,3424,149496,35,1,1,128,1,1,16,0.000,0.000,,,,,NVIDIA A100-SXM4-40GB MIG 4g.20gb (0),1,,13,cupy_copy__complex64_complex64
5563417320,2368,149503,1,1,1,1,1,1,18,0.000,0.000,,,,,NVIDIA A100-SXM4-40GB MIG 4g.20gb (0),1,,13,cupy_copy__float32_float32
5563465511,182046,149514,1,1,1,32,32,1,30,0.000,0.000,,,,,NVIDIA A100-SXM4-40GB MIG 4g.20gb (0),1,,13,"void convert_kernel<__half2, float2>(tensor_layout_any, T1 *, tensor_layout_any, const T2 *)"
5563675781,5824,149517,,,,,,,,,,0.094,16087.884,Pinned,Device,NVIDIA A100-SXM4-40GB MIG 4g.20gb (0),1,,13,[CUDA memcpy Host-to-Device]
5563734212,5184,149518,,,,,,,,,,1.547,298345.316,Device,,NVIDIA A100-SXM4-40GB MIG 4g.20gb (0),1,,13,[CUDA memset]
5563743236,4544,149523,,,,,,,,,,0.031,6887.311,Pinned,Device,NVIDIA A100-SXM4-40GB MIG 4g.20gb (0),1,,13,[CUDA memcpy Host-to-Device]
5563755556,16416,149524,,,,,,,,,,0.197,11976.573,Pinned,Device,NVIDIA A100-SXM4-40GB MIG 4g.20gb (0),1,,13,[CUDA memcpy Host-to-Device]
5563857123,25856,149525,273,1,1,8,4,1,39,0.002,0.000,,,,,NVIDIA A100-SXM4-40GB MIG 4g.20gb (0),1,,13,"void channel_eq::eqMmseCoefCompLowMimoKernel<float, float, float, (unsigned int)4, (unsigned int)1, (unsigned int)4>(const channel_eq::_puschRxChEqStatDescr *, channel_eq::_puschRxChEqCoefCompDynDescr)"
5567185116,13440,149526,273,1,1,12,11,1,51,0.002,0.000,,,,,NVIDIA A100-SXM4-40GB MIG 4g.20gb (0),1,,13,"void channel_eq::eqMmseSoftDemapKernel<float, __half, __half, float, (unsigned int)4, (unsigned short)16383>(channel_eq::_puschRxChEqStatDescr *, channel_eq::_puschRxChEqSoftDemapDynDescr)"
5567331579,858710,149527,1,1,1,32,32,1,30,0.000,0.000,,,,,NVIDIA A100-SXM4-40GB MIG 4g.20gb (0),1,,13,"void convert_kernel<float2, __half2>(tensor_layout_any, T1 *, tensor_layout_any, const T2 *)"
5570641173,15103,149539,2253,1,1,128,1,1,16,0.000,0.000,,,,,NVIDIA A100-SXM4-40GB MIG 4g.20gb (0),1,,13,cupy_copy__float16_float16
5570782675,7360,149548,282,1,1,128,1,1,16,0.000,0.000,,,,,NVIDIA A100-SXM4-40GB MIG 4g.20gb (0),1,,13,cupy_copy__complex64_complex64
5570839762,4160,149557,26,1,1,128,1,1,16,0.000,0.000,,,,,NVIDIA A100-SXM4-40GB MIG 4g.20gb (0),1,,13,cupy_copy__float32_float32
5570892466,5984,149566,103,1,1,128,1,1,16,0.000,0.000,,,,,NVIDIA A100-SXM4-40GB MIG 4g.20gb (0),1,,13,cupy_copy__complex64_complex64
5570945169,12640,149576,1434,1,1,128,1,1,16,0.000,0.000,,,,,NVIDIA A100-SXM4-40GB MIG 4g.20gb (0),1,,13,cupy_copy__complex64_complex64
5571005904,136479,149581,1,1,1,32,32,1,30,0.000,0.000,,,,,NVIDIA A100-SXM4-40GB MIG 4g.20gb (0),1,,13,"void convert_kernel<__half2, float2>(tensor_layout_any, T1 *, tensor_layout_any, const T2 *)"
5571172590,5440,149584,,,,,,,,,,0.094,17223.480,Pinned,Device,NVIDIA A100-SXM4-40GB MIG 4g.20gb (0),1,,13,[CUDA memcpy Host-to-Device]
5571216590,641977,149585,,,,,,,,,,456.561,710866.162,Device,,NVIDIA A100-SXM4-40GB MIG 4g.20gb (0),1,,13,[CUDA memset]
5571862630,53216,149590,,,,,,,,,,1.235,23205.833,Pinned,Device,NVIDIA A100-SXM4-40GB MIG 4g.20gb (0),1,,13,[CUDA memcpy Host-to-Device]
5571918854,11488,149591,,,,,,,,,,0.197,17114.137,Pinned,Device,NVIDIA A100-SXM4-40GB MIG 4g.20gb (0),1,,13,[CUDA memcpy Host-to-Device]
5571979653,10304,149592,69,4,1,48,1,1,76,0.002,0.000,,,,,NVIDIA A100-SXM4-40GB MIG 4g.20gb (0),1,,13,"void ch_est::windowedChEstPreNoDftSOfdmKernel<float, __half, float, (unsigned int)2, (unsigned int)1, (unsigned short)4>(ch_est::puschRxChEstStatDescr_t *, ch_est::puschRxChEstDynDescr_t *)"
5572035652,8352,149593,137,2,1,24,2,1,44,0.001,0.001,,,,,NVIDIA A100-SXM4-40GB MIG 4g.20gb (0),1,,13,"void ch_est::chEstFilterNoDftSOfdmDispatchKernel<float, __half, float, (unsigned int)2>(ch_est::puschRxChEstStatDescr_t *, ch_est::puschRxChEstDynDescr_t *)"
5572090308,7904,149594,137,2,1,24,2,1,44,0.001,0.001,,,,,NVIDIA A100-SXM4-40GB MIG 4g.20gb (0),1,,13,"void ch_est::chEstFilterNoDftSOfdmDispatchKernel<float, __half, float, (unsigned int)2>(ch_est::puschRxChEstStatDescr_t *, ch_est::puschRxChEstDynDescr_t *)"
5572144451,3680,149605,103,1,1,128,1,1,16,0.000,0.000,,,,,NVIDIA A100-SXM4-40GB MIG 4g.20gb (0),1,,13,cupy_copy__complex64_complex64
5572197315,13279,149615,1434,1,1,128,1,1,16,0.000,0.000,,,,,NVIDIA A100-SXM4-40GB MIG 4g.20gb (0),1,,13,cupy_copy__complex64_complex64
5572258210,4160,149622,103,1,1,128,1,1,16,0.000,0.000,,,,,NVIDIA A100-SXM4-40GB MIG 4g.20gb (0),1,,13,cupy_copy__complex64_complex64
5572311393,165630,149629,1,1,1,32,32,1,30,0.000,0.000,,,,,NVIDIA A100-SXM4-40GB MIG 4g.20gb (0),1,,13,"void convert_kernel<__half2, float2>(tensor_layout_any, T1 *, tensor_layout_any, const T2 *)"
5572506559,5408,149632,,,,,,,,,,0.094,17325.421,Pinned,Device,NVIDIA A100-SXM4-40GB MIG 4g.20gb (0),1,,13,[CUDA memcpy Host-to-Device]
5572545823,55199,149633,,,,,,,,,,35.810,648732.511,Device,,NVIDIA A100-SXM4-40GB MIG 4g.20gb (0),1,,13,[CUDA memset]
5572607614,1824,149635,,,,,,,,,,0.000,43.860,Pinned,Device,NVIDIA A100-SXM4-40GB MIG 4g.20gb (0),1,,13,[CUDA memcpy Host-to-Device]
5572612094,9472,149636,,,,,,,,,,0.197,20756.693,Pinned,Device,NVIDIA A100-SXM4-40GB MIG 4g.20gb (0),1,,13,[CUDA memcpy Host-to-Device]
5572661565,13792,149637,273,1,1,48,1,1,40,0.000,0.001,,,,,NVIDIA A100-SXM4-40GB MIG 4g.20gb (0),1,,13,"void pusch_noise_intf_est::noiseIntfEstNoDftSOfdmKernel<float, __half, float, float, (unsigned int)2, (unsigned int)1, (unsigned char)4, (unsigned char)4>(pusch_noise_intf_est::puschRxNoiseIntfEstDynDescr)"
5572720701,7903,149648,35,1,1,128,1,1,16,0.000,0.000,,,,,NVIDIA A100-SXM4-40GB MIG 4g.20gb (0),1,,13,cupy_copy__complex64_complex64
5572749724,2752,149657,1,1,1,1,1,1,18,0.000,0.000,,,,,NVIDIA A100-SXM4-40GB MIG 4g.20gb (0),1,,13,cupy_copy__float32_float32
5572756092,1664,149663,,,,,,,,,,0.000,2.404,Device,Pageable,NVIDIA A100-SXM4-40GB MIG 4g.20gb (0),1,,7,[CUDA memcpy Device-to-Host]
5572929306,19488,149674,1434,1,1,128,1,1,16,0.000,0.000,,,,,NVIDIA A100-SXM4-40GB MIG 4g.20gb (0),1,,13,cupy_copy__complex64_complex64
5575804505,8000,149681,103,1,1,128,1,1,16,0.000,0.000,,,,,NVIDIA A100-SXM4-40GB MIG 4g.20gb (0),1,,13,cupy_copy__complex64_complex64
5578687800,8160,149688,35,1,1,128,1,1,16,0.000,0.000,,,,,NVIDIA A100-SXM4-40GB MIG 4g.20gb (0),1,,13,cupy_copy__complex64_complex64
5578725591,3104,149695,1,1,1,1,1,1,18,0.000,0.000,,,,,NVIDIA A100-SXM4-40GB MIG 4g.20gb (0),1,,13,cupy_copy__float32_float32
5578755127,217533,149706,1,1,1,32,32,1,30,0.000,0.000,,,,,NVIDIA A100-SXM4-40GB MIG 4g.20gb (0),1,,13,"void convert_kernel<__half2, float2>(tensor_layout_any, T1 *, tensor_layout_any, const T2 *)"
5579003636,5440,149709,,,,,,,,,,0.094,17223.480,Pinned,Device,NVIDIA A100-SXM4-40GB MIG 4g.20gb (0),1,,13,[CUDA memcpy Host-to-Device]
5579065491,4576,149710,,,,,,,,,,1.547,337985.289,Device,,NVIDIA A100-SXM4-40GB MIG 4g.20gb (0),1,,13,[CUDA memset]
5579071763,3104,149715,,,,,,,,,,0.031,10082.445,Pinned,Device,NVIDIA A100-SXM4-40GB MIG 4g.20gb (0),1,,13,[CUDA memcpy Host-to-Device]
5579077459,11264,149716,,,,,,,,,,0.197,17454.465,Pinned,Device,NVIDIA A100-SXM4-40GB MIG 4g.20gb (0),1,,13,[CUDA memcpy Host-to-Device]
5579126835,13055,149717,273,1,1,8,4,1,39,0.002,0.000,,,,,NVIDIA A100-SXM4-40GB MIG 4g.20gb (0),1,,13,"void channel_eq::eqMmseCoefCompLowMimoKernel<float, float, float, (unsigned int)4, (unsigned int)1, (unsigned int)4>(const channel_eq::_puschRxChEqStatDescr *, channel_eq::_puschRxChEqCoefCompDynDescr)"
5579182066,7232,149718,273,1,1,12,11,1,51,0.002,0.000,,,,,NVIDIA A100-SXM4-40GB MIG 4g.20gb (0),1,,13,"void channel_eq::eqMmseSoftDemapKernel<float, __half, __half, float, (unsigned int)4, (unsigned short)16383>(channel_eq::_puschRxChEqStatDescr *, channel_eq::_puschRxChEqSoftDemapDynDescr)"
5579238033,374556,149719,1,1,1,32,32,1,30,0.000,0.000,,,,,NVIDIA A100-SXM4-40GB MIG 4g.20gb (0),1,,13,"void convert_kernel<float2, __half2>(tensor_layout_any, T1 *, tensor_layout_any, const T2 *)"
5579637997,12128,149731,2253,1,1,128,1,1,16,0.000,0.000,,,,,NVIDIA A100-SXM4-40GB MIG 4g.20gb (0),1,,13,cupy_copy__float16_float16
5579696844,5152,149740,282,1,1,128,1,1,16,0.000,0.000,,,,,NVIDIA A100-SXM4-40GB MIG 4g.20gb (0),1,,13,cupy_copy__complex64_complex64
5579726092,2912,149749,26,1,1,128,1,1,16,0.000,0.000,,,,,NVIDIA A100-SXM4-40GB MIG 4g.20gb (0),1,,13,cupy_copy__float32_float32
5579772395,7360,149758,103,1,1,128,1,1,16,0.000,0.000,,,,,NVIDIA A100-SXM4-40GB MIG 4g.20gb (0),1,,13,cupy_copy__complex64_complex64
5579802891,13248,149768,1434,1,1,128,1,1,16,0.000,0.000,,,,,NVIDIA A100-SXM4-40GB MIG 4g.20gb (0),1,,13,cupy_copy__complex64_complex64
5579838634,120927,149773,1,1,1,32,32,1,30,0.000,0.000,,,,,NVIDIA A100-SXM4-40GB MIG 4g.20gb (0),1,,13,"void convert_kernel<__half2, float2>(tensor_layout_any, T1 *, tensor_layout_any, const T2 *)"
5579988489,5440,149776,,,,,,,,,,0.094,17223.480,Pinned,Device,NVIDIA A100-SXM4-40GB MIG 4g.20gb (0),1,,13,[CUDA memcpy Host-to-Device]
5580042920,634361,149777,,,,,,,,,,456.561,719540.829,Device,,NVIDIA A100-SXM4-40GB MIG 4g.20gb (0),1,,13,[CUDA memset]
5580683073,56415,149782,,,,,,,,,,1.235,21889.382,Pinned,Device,NVIDIA A100-SXM4-40GB MIG 4g.20gb (0),1,,13,[CUDA memcpy Host-to-Device]
5580742528,11808,149783,,,,,,,,,,0.197,16650.338,Pinned,Device,NVIDIA A100-SXM4-40GB MIG 4g.20gb (0),1,,13,[CUDA memcpy Host-to-Device]
5580877182,21184,149784,69,4,1,48,1,1,76,0.002,0.000,,,,,NVIDIA A100-SXM4-40GB MIG 4g.20gb (0),1,,13,"void ch_est::windowedChEstPreNoDftSOfdmKernel<float, __half, float, (unsigned int)2, (unsigned int)1, (unsigned short)4>(ch_est::puschRxChEstStatDescr_t *, ch_est::puschRxChEstDynDescr_t *)"
5583771933,10048,149785,137,2,1,24,2,1,44,0.001,0.001,,,,,NVIDIA A100-SXM4-40GB MIG 4g.20gb (0),1,,13,"void ch_est::chEstFilterNoDftSOfdmDispatchKernel<float, __half, float, (unsigned int)2>(ch_est::puschRxChEstStatDescr_t *, ch_est::puschRxChEstDynDescr_t *)"
5583917627,11104,149786,137,2,1,24,2,1,44,0.001,0.001,,,,,NVIDIA A100-SXM4-40GB MIG 4g.20gb (0),1,,13,"void ch_est::chEstFilterNoDftSOfdmDispatchKernel<float, __half, float, (unsigned int)2>(ch_est::puschRxChEstStatDescr_t *, ch_est::puschRxChEstDynDescr_t *)"
5586779994,5472,149797,103,1,1,128,1,1,16,0.000,0.000,,,,,NVIDIA A100-SXM4-40GB MIG 4g.20gb (0),1,,13,cupy_copy__complex64_complex64
5586893945,14016,149807,1434,1,1,128,1,1,16,0.000,0.000,,,,,NVIDIA A100-SXM4-40GB MIG 4g.20gb (0),1,,13,cupy_copy__complex64_complex64
5586959640,5696,149814,103,1,1,128,1,1,16,0.000,0.000,,,,,NVIDIA A100-SXM4-40GB MIG 4g.20gb (0),1,,13,cupy_copy__complex64_complex64
5586989784,140766,149821,1,1,1,32,32,1,30,0.000,0.000,,,,,NVIDIA A100-SXM4-40GB MIG 4g.20gb (0),1,,13,"void convert_kernel<__half2, float2>(tensor_layout_any, T1 *, tensor_layout_any, const T2 *)"
5587161526,5440,149824,,,,,,,,,,0.094,17223.480,Pinned,Device,NVIDIA A100-SXM4-40GB MIG 4g.20gb (0),1,,13,[CUDA memcpy Host-to-Device]
5587224021,56096,149825,,,,,,,,,,35.810,638347.634,Device,,NVIDIA A100-SXM4-40GB MIG 4g.20gb (0),1,,13,[CUDA memset]
5587282293,2080,149827,,,,,,,,,,0.000,38.462,Pinned,Device,NVIDIA A100-SXM4-40GB MIG 4g.20gb (0),1,,13,[CUDA memcpy Host-to-Device]
5587286836,9440,149828,,,,,,,,,,0.197,20827.079,Pinned,Device,NVIDIA A100-SXM4-40GB MIG 4g.20gb (0),1,,13,[CUDA memcpy Host-to-Device]
5587345172,13600,149829,273,1,1,48,1,1,40,0.000,0.001,,,,,NVIDIA A100-SXM4-40GB MIG 4g.20gb (0),1,,13,"void pusch_noise_intf_est::noiseIntfEstNoDftSOfdmKernel<float, __half, float, float, (unsigned int)2, (unsigned int)1, (unsigned char)4, (unsigned char)4>(pusch_noise_intf_est::puschRxNoiseIntfEstDynDescr)"
5587403251,7168,149840,35,1,1,128,1,1,16,0.000,0.000,,,,,NVIDIA A100-SXM4-40GB MIG 4g.20gb (0),1,,13,cupy_copy__complex64_complex64
5587431795,2496,149849,1,1,1,1,1,1,18,0.000,0.000,,,,,NVIDIA A100-SXM4-40GB MIG 4g.20gb (0),1,,13,cupy_copy__float32_float32
5587435859,2208,149855,,,,,,,,,,0.000,1.812,Device,Pageable,NVIDIA A100-SXM4-40GB MIG 4g.20gb (0),1,,7,[CUDA memcpy Device-to-Host]
5587536754,12959,149866,1434,1,1,128,1,1,16,0.000,0.000,,,,,NVIDIA A100-SXM4-40GB MIG 4g.20gb (0),1,,13,cupy_copy__complex64_complex64
5587597489,3968,149873,103,1,1,128,1,1,16,0.000,0.000,,,,,NVIDIA A100-SXM4-40GB MIG 4g.20gb (0),1,,13,cupy_copy__complex64_complex64
5587644560,5824,149880,35,1,1,128,1,1,16,0.000,0.000,,,,,NVIDIA A100-SXM4-40GB MIG 4g.20gb (0),1,,13,cupy_copy__complex64_complex64
5587675120,2656,149887,1,1,1,1,1,1,18,0.000,0.000,,,,,NVIDIA A100-SXM4-40GB MIG 4g.20gb (0),1,,13,cupy_copy__float32_float32
5587751535,189982,149898,1,1,1,32,32,1,30,0.000,0.000,,,,,NVIDIA A100-SXM4-40GB MIG 4g.20gb (0),1,,13,"void convert_kernel<__half2, float2>(tensor_layout_any, T1 *, tensor_layout_any, const T2 *)"
5587971405,6112,149901,,,,,,,,,,0.094,15329.790,Pinned,Device,NVIDIA A100-SXM4-40GB MIG 4g.20gb (0),1,,13,[CUDA memcpy Host-to-Device]
5588020076,4160,149902,,,,,,,,,,1.547,371783.664,Device,,NVIDIA A100-SXM4-40GB MIG 4g.20gb (0),1,,13,[CUDA memset]
5588029772,3488,149907,,,,,,,,,,0.031,8972.469,Pinned,Device,NVIDIA A100-SXM4-40GB MIG 4g.20gb (0),1,,13,[CUDA memcpy Host-to-Device]
5588035660,10272,149908,,,,,,,,,,0.197,19140.182,Pinned,Device,NVIDIA A100-SXM4-40GB MIG 4g.20gb (0),1,,13,[CUDA memcpy Host-to-Device]
5588075403,13248,149909,273,1,1,8,4,1,39,0.002,0.000,,,,,NVIDIA A100-SXM4-40GB MIG 4g.20gb (0),1,,13,"void channel_eq::eqMmseCoefCompLowMimoKernel<float, float, float, (unsigned int)4, (unsigned int)1, (unsigned int)4>(const channel_eq::_puschRxChEqStatDescr *, channel_eq::_puschRxChEqCoefCompDynDescr)"
5588130379,7712,149910,273,1,1,12,11,1,51,0.002,0.000,,,,,NVIDIA A100-SXM4-40GB MIG 4g.20gb (0),1,,13,"void channel_eq::eqMmseSoftDemapKernel<float, __half, __half, float, (unsigned int)4, (unsigned short)16383>(channel_eq::_puschRxChEqStatDescr *, channel_eq::_puschRxChEqSoftDemapDynDescr)"
5588186602,906774,149911,1,1,1,32,32,1,30,0.000,0.000,,,,,NVIDIA A100-SXM4-40GB MIG 4g.20gb (0),1,,13,"void convert_kernel<float2, __half2>(tensor_layout_any, T1 *, tensor_layout_any, const T2 *)"
5591668994,15200,149923,2253,1,1,128,1,1,16,0.000,0.000,,,,,NVIDIA A100-SXM4-40GB MIG 4g.20gb (0),1,,13,cupy_copy__float16_float16
5595003899,6400,149932,282,1,1,128,1,1,16,0.000,0.000,,,,,NVIDIA A100-SXM4-40GB MIG 4g.20gb (0),1,,13,cupy_copy__complex64_complex64
5595035067,4640,149941,26,1,1,128,1,1,16,0.000,0.000,,,,,NVIDIA A100-SXM4-40GB MIG 4g.20gb (0),1,,13,cupy_copy__float32_float32
5595088698,3808,149950,103,1,1,128,1,1,16,0.000,0.000,,,,,NVIDIA A100-SXM4-40GB MIG 4g.20gb (0),1,,13,cupy_copy__complex64_complex64
5595141594,13376,149960,1434,1,1,128,1,1,16,0.000,0.000,,,,,NVIDIA A100-SXM4-40GB MIG 4g.20gb (0),1,,13,cupy_copy__complex64_complex64
5595202585,136351,149965,1,1,1,32,32,1,30,0.000,0.000,,,,,NVIDIA A100-SXM4-40GB MIG 4g.20gb (0),1,,13,"void convert_kernel<__half2, float2>(tensor_layout_any, T1 *, tensor_layout_any, const T2 *)"
5595369143,5408,149968,,,,,,,,,,0.094,17325.421,Pinned,Device,NVIDIA A100-SXM4-40GB MIG 4g.20gb (0),1,,13,[CUDA memcpy Host-to-Device]
5595413111,621305,149969,,,,,,,,,,456.561,734607.357,Device,,NVIDIA A100-SXM4-40GB MIG 4g.20gb (0),1,,13,[CUDA memset]
5596038511,51200,149974,,,,,,,,,,1.235,24119.691,Pinned,Device,NVIDIA A100-SXM4-40GB MIG 4g.20gb (0),1,,13,[CUDA memcpy Host-to-Device]
5596092143,10016,149975,,,,,,,,,,0.197,19629.343,Pinned,Device,NVIDIA A100-SXM4-40GB MIG 4g.20gb (0),1,,13,[CUDA memcpy Host-to-Device]
5596162446,9664,149976,69,4,1,48,1,1,76,0.002,0.000,,,,,NVIDIA A100-SXM4-40GB MIG 4g.20gb (0),1,,13,"void ch_est::windowedChEstPreNoDftSOfdmKernel<float, __half, float, (unsigned int)2, (unsigned int)1, (unsigned short)4>(ch_est::puschRxChEstStatDescr_t *, ch_est::puschRxChEstDynDescr_t *)"
5596220237,8928,149977,137,2,1,24,2,1,44,0.001,0.001,,,,,NVIDIA A100-SXM4-40GB MIG 4g.20gb (0),1,,13,"void ch_est::chEstFilterNoDftSOfdmDispatchKernel<float, __half, float, (unsigned int)2>(ch_est::puschRxChEstStatDescr_t *, ch_est::puschRxChEstDynDescr_t *)"
5596275469,7904,149978,137,2,1,24,2,1,44,0.001,0.001,,,,,NVIDIA A100-SXM4-40GB MIG 4g.20gb (0),1,,13,"void ch_est::chEstFilterNoDftSOfdmDispatchKernel<float, __half, float, (unsigned int)2>(ch_est::puschRxChEstStatDescr_t *, ch_est::puschRxChEstDynDescr_t *)"
5596329228,5280,149989,103,1,1,128,1,1,16,0.000,0.000,,,,,NVIDIA A100-SXM4-40GB MIG 4g.20gb (0),1,,13,cupy_copy__complex64_complex64
5596359564,13792,149999,1434,1,1,128,1,1,16,0.000,0.000,,,,,NVIDIA A100-SXM4-40GB MIG 4g.20gb (0),1,,13,cupy_copy__complex64_complex64
5596395243,3648,150006,103,1,1,128,1,1,16,0.000,0.000,,,,,NVIDIA A100-SXM4-40GB MIG 4g.20gb (0),1,,13,cupy_copy__complex64_complex64
5596448459,234813,150013,1,1,1,32,32,1,30,0.000,0.000,,,,,NVIDIA A100-SXM4-40GB MIG 4g.20gb (0),1,,13,"void convert_kernel<__half2, float2>(tensor_layout_any, T1 *, tensor_layout_any, const T2 *)"
5596714536,5408,150016,,,,,,,,,,0.094,17325.421,Pinned,Device,NVIDIA A100-SXM4-40GB MIG 4g.20gb (0),1,,13,[CUDA memcpy Host-to-Device]
5599204267,60703,150017,,,,,,,,,,35.810,589896.812,Device,,NVIDIA A100-SXM4-40GB MIG 4g.20gb (0),1,,13,[CUDA memset]
5599267690,1824,150019,,,,,,,,,,0.000,43.860,Pinned,Device,NVIDIA A100-SXM4-40GB MIG 4g.20gb (0),1,,13,[CUDA memcpy Host-to-Device]
5599271946,9600,150020,,,,,,,,,,0.197,20479.869,Pinned,Device,NVIDIA A100-SXM4-40GB MIG 4g.20gb (0),1,,13,[CUDA memcpy Host-to-Device]
5599358185,32992,150021,273,1,1,48,1,1,40,0.000,0.001,,,,,NVIDIA A100-SXM4-40GB MIG 4g.20gb (0),1,,13,"void pusch_noise_intf_est::noiseIntfEstNoDftSOfdmKernel<float, __half, float, float, (unsigned int)2, (unsigned int)1, (unsigned char)4, (unsigned char)4>(pusch_noise_intf_est::puschRxNoiseIntfEstDynDescr)"
5601872172,16320,150032,35,1,1,128,1,1,16,0.000,0.000,,,,,NVIDIA A100-SXM4-40GB MIG 4g.20gb (0),1,,13,cupy_copy__complex64_complex64
5601949131,3872,150041,1,1,1,1,1,1,18,0.000,0.000,,,,,NVIDIA A100-SXM4-40GB MIG 4g.20gb (0),1,,13,cupy_copy__float32_float32
5601961547,1408,150047,,,,,,,,,,0.000,2.841,Device,Pageable,NVIDIA A100-SXM4-40GB MIG 4g.20gb (0),1,,7,[CUDA memcpy Device-to-Host]
5602277479,17536,150058,1434,1,1,128,1,1,16,0.000,0.000,,,,,NVIDIA A100-SXM4-40GB MIG 4g.20gb (0),1,,13,cupy_copy__complex64_complex64
5602542468,6624,150065,103,1,1,128,1,1,16,0.000,0.000,,,,,NVIDIA A100-SXM4-40GB MIG 4g.20gb (0),1,,13,cupy_copy__complex64_complex64
5602550148,3072,150072,35,1,1,128,1,1,16,0.000,0.000,,,,,NVIDIA A100-SXM4-40GB MIG 4g.20gb (0),1,,13,cupy_copy__complex64_complex64
5602558532,2144,150079,1,1,1,1,1,1,18,0.000,0.000,,,,,NVIDIA A100-SXM4-40GB MIG 4g.20gb (0),1,,13,cupy_copy__float32_float32
5602561796,230270,150090,1,1,1,32,32,1,30,0.000,0.000,,,,,NVIDIA A100-SXM4-40GB MIG 4g.20gb (0),1,,13,"void convert_kernel<__half2, float2>(tensor_layout_any, T1 *, tensor_layout_any, const T2 *)"
5602823457,6080,150093,,,,,,,,,,0.094,15410.462,Pinned,Device,NVIDIA A100-SXM4-40GB MIG 4g.20gb (0),1,,13,[CUDA memcpy Host-to-Device]
5603113950,3904,150094,,,,,,,,,,1.547,396163.098,Device,,NVIDIA A100-SXM4-40GB MIG 4g.20gb (0),1,,13,[CUDA memset]
5603118558,3872,150099,,,,,,,,,,0.031,8082.630,Pinned,Device,NVIDIA A100-SXM4-40GB MIG 4g.20gb (0),1,,13,[CUDA memcpy Host-to-Device]
5603125054,11744,150100,,,,,,,,,,0.197,16740.975,Pinned,Device,NVIDIA A100-SXM4-40GB MIG 4g.20gb (0),1,,13,[CUDA memcpy Host-to-Device]
5603377563,17728,150101,273,1,1,8,4,1,39,0.002,0.000,,,,,NVIDIA A100-SXM4-40GB MIG 4g.20gb (0),1,,13,"void channel_eq::eqMmseCoefCompLowMimoKernel<float, float, float, (unsigned int)4, (unsigned int)1, (unsigned int)4>(const channel_eq::_puschRxChEqStatDescr *, channel_eq::_puschRxChEqCoefCompDynDescr)"
5603628088,13120,150102,273,1,1,12,11,1,51,0.002,0.000,,,,,NVIDIA A100-SXM4-40GB MIG 4g.20gb (0),1,,13,"void channel_eq::eqMmseSoftDemapKernel<float, __half, __half, float, (unsigned int)4, (unsigned short)16383>(channel_eq::_puschRxChEqStatDescr *, channel_eq::_puschRxChEqSoftDemapDynDescr)"
5603881205,667352,150103,1,1,1,32,32,1,30,0.000,0.000,,,,,NVIDIA A100-SXM4-40GB MIG 4g.20gb (0),1,,13,"void convert_kernel<float2, __half2>(tensor_layout_any, T1 *, tensor_layout_any, const T2 *)"
5604812394,22048,150115,2253,1,1,128,1,1,16,0.000,0.000,,,,,NVIDIA A100-SXM4-40GB MIG 4g.20gb (0),1,,13,cupy_copy__float16_float16
5604864490,6272,150124,282,1,1,128,1,1,16,0.000,0.000,,,,,NVIDIA A100-SXM4-40GB MIG 4g.20gb (0),1,,13,cupy_copy__complex64_complex64
5604986376,6624,150133,26,1,1,128,1,1,16,0.000,0.000,,,,,NVIDIA A100-SXM4-40GB MIG 4g.20gb (0),1,,13,cupy_copy__float32_float32
5605002120,8384,150142,103,1,1,128,1,1,16,0.000,0.000,,,,,NVIDIA A100-SXM4-40GB MIG 4g.20gb (0),1,,13,cupy_copy__complex64_complex64
5605013512,15776,150152,1434,1,1,128,1,1,16,0.000,0.000,,,,,NVIDIA A100-SXM4-40GB MIG 4g.20gb (0),1,,13,cupy_copy__complex64_complex64
5605046600,321980,150157,1,1,1,32,32,1,30,0.000,0.000,,,,,NVIDIA A100-SXM4-40GB MIG 4g.20gb (0),1,,13,"void convert_kernel<__half2, float2>(tensor_layout_any, T1 *, tensor_layout_any, const T2 *)"
5605404995,5920,150160,,,,,,,,,,0.094,15826.941,Pinned,Device,NVIDIA A100-SXM4-40GB MIG 4g.20gb (0),1,,13,[CUDA memcpy Host-to-Device]
5605450467,629337,150161,,,,,,,,,,456.561,725019.567,Device,,NVIDIA A100-SXM4-40GB MIG 4g.20gb (0),1,,13,[CUDA memset]
5606087228,56863,150166,,,,,,,,,,1.235,21717.725,Pinned,Device,NVIDIA A100-SXM4-40GB MIG 4g.20gb (0),1,,13,[CUDA memcpy Host-to-Device]
5606146683,10656,150167,,,,,,,,,,0.197,18450.285,Pinned,Device,NVIDIA A100-SXM4-40GB MIG 4g.20gb (0),1,,13,[CUDA memcpy Host-to-Device]
5606286393,15392,150168,69,4,1,48,1,1,76,0.002,0.000,,,,,NVIDIA A100-SXM4-40GB MIG 4g.20gb (0),1,,13,"void ch_est::windowedChEstPreNoDftSOfdmKernel<float, __half, float, (unsigned int)2, (unsigned int)1, (unsigned short)4>(ch_est::puschRxChEstStatDescr_t *, ch_est::puschRxChEstDynDescr_t *)"
5606431736,12863,150169,137,2,1,24,2,1,44,0.001,0.001,,,,,NVIDIA A100-SXM4-40GB MIG 4g.20gb (0),1,,13,"void ch_est::chEstFilterNoDftSOfdmDispatchKernel<float, __half, float, (unsigned int)2>(ch_est::puschRxChEstStatDescr_t *, ch_est::puschRxChEstDynDescr_t *)"
5606697748,17696,150170,137,2,1,24,2,1,44,0.001,0.001,,,,,NVIDIA A100-SXM4-40GB MIG 4g.20gb (0),1,,13,"void ch_est::chEstFilterNoDftSOfdmDispatchKernel<float, __half, float, (unsigned int)2>(ch_est::puschRxChEstStatDescr_t *, ch_est::puschRxChEstDynDescr_t *)"
5606834707,6976,150181,103,1,1,128,1,1,16,0.000,0.000,,,,,NVIDIA A100-SXM4-40GB MIG 4g.20gb (0),1,,13,cupy_copy__complex64_complex64
5607105456,17824,150191,1434,1,1,128,1,1,16,0.000,0.000,,,,,NVIDIA A100-SXM4-40GB MIG 4g.20gb (0),1,,13,cupy_copy__complex64_complex64
5607125104,6847,150198,103,1,1,128,1,1,16,0.000,0.000,,,,,NVIDIA A100-SXM4-40GB MIG 4g.20gb (0),1,,13,cupy_copy__complex64_complex64
5607145135,211614,150205,1,1,1,32,32,1,30,0.000,0.000,,,,,NVIDIA A100-SXM4-40GB MIG 4g.20gb (0),1,,13,"void convert_kernel<__half2, float2>(tensor_layout_any, T1 *, tensor_layout_any, const T2 *)"
5607386221,5407,150208,,,,,,,,,,0.094,17328.607,Pinned,Device,NVIDIA A100-SXM4-40GB MIG 4g.20gb (0),1,,13,[CUDA memcpy Host-to-Device]
5607442476,60607,150209,,,,,,,,,,35.810,590827.870,Device,,NVIDIA A100-SXM4-40GB MIG 4g.20gb (0),1,,13,[CUDA memset]
5607507755,1856,150211,,,,,,,,,,0.000,43.103,Pinned,Device,NVIDIA A100-SXM4-40GB MIG 4g.20gb (0),1,,13,[CUDA memcpy Host-to-Device]
5607512011,9696,150212,,,,,,,,,,0.197,20277.166,Pinned,Device,NVIDIA A100-SXM4-40GB MIG 4g.20gb (0),1,,13,[CUDA memcpy Host-to-Device]
5607558891,21247,150213,273,1,1,48,1,1,40,0.000,0.001,,,,,NVIDIA A100-SXM4-40GB MIG 4g.20gb (0),1,,13,"void pusch_noise_intf_est::noiseIntfEstNoDftSOfdmKernel<float, __half, float, float, (unsigned int)2, (unsigned int)1, (unsigned char)4, (unsigned char)4>(pusch_noise_intf_est::puschRxNoiseIntfEstDynDescr)"
5607613770,7744,150224,35,1,1,128,1,1,16,0.000,0.000,,,,,NVIDIA A100-SXM4-40GB MIG 4g.20gb (0),1,,13,cupy_copy__complex64_complex64
5607625706,4032,150233,1,1,1,1,1,1,18,0.000,0.000,,,,,NVIDIA A100-SXM4-40GB MIG 4g.20gb (0),1,,13,cupy_copy__float32_float32
5607632394,1600,150239,,,,,,,,,,0.000,2.500,Device,Pageable,NVIDIA A100-SXM4-40GB MIG 4g.20gb (0),1,,7,[CUDA memcpy Device-to-Host]
5607715465,16352,150250,1434,1,1,128,1,1,16,0.000,0.000,,,,,NVIDIA A100-SXM4-40GB MIG 4g.20gb (0),1,,13,cupy_copy__complex64_complex64
5607774632,5248,150257,103,1,1,128,1,1,16,0.000,0.000,,,,,NVIDIA A100-SXM4-40GB MIG 4g.20gb (0),1,,13,cupy_copy__complex64_complex64
5607796680,6656,150264,35,1,1,128,1,1,16,0.000,0.000,,,,,NVIDIA A100-SXM4-40GB MIG 4g.20gb (0),1,,13,cupy_copy__complex64_complex64
5607806376,2528,150271,1,1,1,1,1,1,18,0.000,0.000,,,,,NVIDIA A100-SXM4-40GB MIG 4g.20gb (0),1,,13,cupy_copy__float32_float32
5607928614,259869,150282,1,1,1,32,32,1,30,0.000,0.000,,,,,NVIDIA A100-SXM4-40GB MIG 4g.20gb (0),1,,13,"void convert_kernel<__half2, float2>(tensor_layout_any, T1 *, tensor_layout_any, const T2 *)"
5608217987,6112,150285,,,,,,,,,,0.094,15329.790,Pinned,Device,NVIDIA A100-SXM4-40GB MIG 4g.20gb (0),1,,13,[CUDA memcpy Host-to-Device]
5608274754,6720,150286,,,,,,,,,,1.547,230151.571,Device,,NVIDIA A100-SXM4-40GB MIG 4g.20gb (0),1,,13,[CUDA memset]
5608286402,3040,150291,,,,,,,,,,0.031,10294.725,Pinned,Device,NVIDIA A100-SXM4-40GB MIG 4g.20gb (0),1,,13,[CUDA memcpy Host-to-Device]
5608292162,10560,150292,,,,,,,,,,0.197,18617.991,Pinned,Device,NVIDIA A100-SXM4-40GB MIG 4g.20gb (0),1,,13,[CUDA memcpy Host-to-Device]
5608322786,18623,150293,273,1,1,8,4,1,39,0.002,0.000,,,,,NVIDIA A100-SXM4-40GB MIG 4g.20gb (0),1,,13,"void channel_eq::eqMmseCoefCompLowMimoKernel<float, float, float, (unsigned int)4, (unsigned int)1, (unsigned int)4>(const channel_eq::_puschRxChEqStatDescr *, channel_eq::_puschRxChEqCoefCompDynDescr)"
5608376417,10784,150294,273,1,1,12,11,1,51,0.002,0.000,,,,,NVIDIA A100-SXM4-40GB MIG 4g.20gb (0),1,,13,"void channel_eq::eqMmseSoftDemapKernel<float, __half, __half, float, (unsigned int)4, (unsigned short)16383>(channel_eq::_puschRxChEqStatDescr *, channel_eq::_puschRxChEqSoftDemapDynDescr)"
5608405665,690488,150295,1,1,1,32,32,1,30,0.000,0.000,,,,,NVIDIA A100-SXM4-40GB MIG 4g.20gb (0),1,,13,"void convert_kernel<float2, __half2>(tensor_layout_any, T1 *, tensor_layout_any, const T2 *)"
5609110137,15775,150307,2253,1,1,128,1,1,16,0.000,0.000,,,,,NVIDIA A100-SXM4-40GB MIG 4g.20gb (0),1,,13,cupy_copy__float16_float16
5609231703,9408,150316,282,1,1,128,1,1,16,0.000,0.000,,,,,NVIDIA A100-SXM4-40GB MIG 4g.20gb (0),1,,13,cupy_copy__complex64_complex64
5609487604,5408,150325,26,1,1,128,1,1,16,0.000,0.000,,,,,NVIDIA A100-SXM4-40GB MIG 4g.20gb (0),1,,13,cupy_copy__float32_float32
5609578451,12000,150334,103,1,1,128,1,1,16,0.000,0.000,,,,,NVIDIA A100-SXM4-40GB MIG 4g.20gb (0),1,,13,cupy_copy__complex64_complex64
5609624851,19071,150344,1434,1,1,128,1,1,16,0.000,0.000,,,,,NVIDIA A100-SXM4-40GB MIG 4g.20gb (0),1,,13,cupy_copy__complex64_complex64
5609894704,339292,150349,1,1,1,32,32,1,30,0.000,0.000,,,,,NVIDIA A100-SXM4-40GB MIG 4g.20gb (0),1,,13,"void convert_kernel<__half2, float2>(tensor_layout_any, T1 *, tensor_layout_any, const T2 *)"
5610268907,6112,150352,,,,,,,,,,0.094,15329.790,Pinned,Device,NVIDIA A100-SXM4-40GB MIG 4g.20gb (0),1,,13,[CUDA memcpy Host-to-Device]
5610390858,616633,150353,,,,,,,,,,456.561,740086.094,Device,,NVIDIA A100-SXM4-40GB MIG 4g.20gb (0),1,,13,[CUDA memset]
5611010115,53023,150358,,,,,,,,,,1.235,23289.809,Pinned,Device,NVIDIA A100-SXM4-40GB MIG 4g.20gb (0),1,,13,[CUDA memcpy Host-to-Device]
5611065602,10112,150359,,,,,,,,,,0.197,19442.958,Pinned,Device,NVIDIA A100-SXM4-40GB MIG 4g.20gb (0),1,,13,[CUDA memcpy Host-to-Device]
5611097858,10112,150360,69,4,1,48,1,1,76,0.002,0.000,,,,,NVIDIA A100-SXM4-40GB MIG 4g.20gb (0),1,,13,"void ch_est::windowedChEstPreNoDftSOfdmKernel<float, __half, float, (unsigned int)2, (unsigned int)1, (unsigned short)4>(ch_est::puschRxChEstStatDescr_t *, ch_est::puschRxChEstDynDescr_t *)"
5611123105,7712,150361,137,2,1,24,2,1,44,0.001,0.001,,,,,NVIDIA A100-SXM4-40GB MIG 4g.20gb (0),1,,13,"void ch_est::chEstFilterNoDftSOfdmDispatchKernel<float, __half, float, (unsigned int)2>(ch_est::puschRxChEstStatDescr_t *, ch_est::puschRxChEstDynDescr_t *)"
5611147681,6720,150362,137,2,1,24,2,1,44,0.001,0.001,,,,,NVIDIA A100-SXM4-40GB MIG 4g.20gb (0),1,,13,"void ch_est::chEstFilterNoDftSOfdmDispatchKernel<float, __half, float, (unsigned int)2>(ch_est::puschRxChEstStatDescr_t *, ch_est::puschRxChEstDynDescr_t *)"
5611172353,3936,150373,103,1,1,128,1,1,16,0.000,0.000,,,,,NVIDIA A100-SXM4-40GB MIG 4g.20gb (0),1,,13,cupy_copy__complex64_complex64
5611187393,16095,150383,1434,1,1,128,1,1,16,0.000,0.000,,,,,NVIDIA A100-SXM4-40GB MIG 4g.20gb (0),1,,13,cupy_copy__complex64_complex64
5611204576,2528,150390,103,1,1,128,1,1,16,0.000,0.000,,,,,NVIDIA A100-SXM4-40GB MIG 4g.20gb (0),1,,13,cupy_copy__complex64_complex64
5611227520,148990,150397,1,1,1,32,32,1,30,0.000,0.000,,,,,NVIDIA A100-SXM4-40GB MIG 4g.20gb (0),1,,13,"void convert_kernel<__half2, float2>(tensor_layout_any, T1 *, tensor_layout_any, const T2 *)"
5611405918,5920,150400,,,,,,,,,,0.094,15826.941,Pinned,Device,NVIDIA A100-SXM4-40GB MIG 4g.20gb (0),1,,13,[CUDA memcpy Host-to-Device]
5611420094,52799,150401,,,,,,,,,,35.810,678204.075,Device,,NVIDIA A100-SXM4-40GB MIG 4g.20gb (0),1,,13,[CUDA memset]
5611480541,1824,150403,,,,,,,,,,0.000,43.860,Pinned,Device,NVIDIA A100-SXM4-40GB MIG 4g.20gb (0),1,,13,[CUDA memcpy Host-to-Device]
5611484861,9408,150404,,,,,,,,,,0.197,20897.858,Pinned,Device,NVIDIA A100-SXM4-40GB MIG 4g.20gb (0),1,,13,[CUDA memcpy Host-to-Device]
5611498653,14176,150405,273,1,1,48,1,1,40,0.000,0.001,,,,,NVIDIA A100-SXM4-40GB MIG 4g.20gb (0),1,,13,"void pusch_noise_intf_est::noiseIntfEstNoDftSOfdmKernel<float, __half, float, float, (unsigned int)2, (unsigned int)1, (unsigned char)4, (unsigned char)4>(pusch_noise_intf_est::puschRxNoiseIntfEstDynDescr)"
5611524669,4512,150416,35,1,1,128,1,1,16,0.000,0.000,,,,,NVIDIA A100-SXM4-40GB MIG 4g.20gb (0),1,,13,cupy_copy__complex64_complex64
5611548444,2368,150425,1,1,1,1,1,1,18,0.000,0.000,,,,,NVIDIA A100-SXM4-40GB MIG 4g.20gb (0),1,,13,cupy_copy__float32_float32
5611563260,1600,150431,,,,,,,,,,0.000,2.500,Device,Pageable,NVIDIA A100-SXM4-40GB MIG 4g.20gb (0),1,,7,[CUDA memcpy Device-to-Host]
5611643259,13344,150442,1434,1,1,128,1,1,16,0.000,0.000,,,,,NVIDIA A100-SXM4-40GB MIG 4g.20gb (0),1,,13,cupy_copy__complex64_complex64
5611673691,4000,150449,103,1,1,128,1,1,16,0.000,0.000,,,,,NVIDIA A100-SXM4-40GB MIG 4g.20gb (0),1,,13,cupy_copy__complex64_complex64
5611689435,6688,150456,35,1,1,128,1,1,16,0.000,0.000,,,,,NVIDIA A100-SXM4-40GB MIG 4g.20gb (0),1,,13,cupy_copy__complex64_complex64
5611698747,2240,150463,1,1,1,1,1,1,18,0.000,0.000,,,,,NVIDIA A100-SXM4-40GB MIG 4g.20gb (0),1,,13,cupy_copy__float32_float32
5611845177,268381,150474,1,1,1,32,32,1,30,0.000,0.000,,,,,NVIDIA A100-SXM4-40GB MIG 4g.20gb (0),1,,13,"void convert_kernel<__half2, float2>(tensor_layout_any, T1 *, tensor_layout_any, const T2 *)"
5612143862,6368,150477,,,,,,,,,,0.094,14713.551,Pinned,Device,NVIDIA A100-SXM4-40GB MIG 4g.20gb (0),1,,13,[CUDA memcpy Host-to-Device]
5612208021,6848,150478,,,,,,,,,,1.547,225850.409,Device,,NVIDIA A100-SXM4-40GB MIG 4g.20gb (0),1,,13,[CUDA memset]
5612223221,3040,150483,,,,,,,,,,0.031,10294.725,Pinned,Device,NVIDIA A100-SXM4-40GB MIG 4g.20gb (0),1,,13,[CUDA memcpy Host-to-Device]
5612228693,9984,150484,,,,,,,,,,0.197,19692.257,Pinned,Device,NVIDIA A100-SXM4-40GB MIG 4g.20gb (0),1,,13,[CUDA memcpy Host-to-Device]
5612342259,18272,150485,273,1,1,8,4,1,39,0.002,0.000,,,,,NVIDIA A100-SXM4-40GB MIG 4g.20gb (0),1,,13,"void channel_eq::eqMmseCoefCompLowMimoKernel<float, float, float, (unsigned int)4, (unsigned int)1, (unsigned int)4>(const channel_eq::_puschRxChEqStatDescr *, channel_eq::_puschRxChEqCoefCompDynDescr)"
5612370611,12096,150486,273,1,1,12,11,1,51,0.002,0.000,,,,,NVIDIA A100-SXM4-40GB MIG 4g.20gb (0),1,,13,"void channel_eq::eqMmseSoftDemapKernel<float, __half, __half, float, (unsigned int)4, (unsigned short)16383>(channel_eq::_puschRxChEqStatDescr *, channel_eq::_puschRxChEqSoftDemapDynDescr)"
5612497970,820822,150487,1,1,1,32,32,1,30,0.000,0.000,,,,,NVIDIA A100-SXM4-40GB MIG 4g.20gb (0),1,,13,"void convert_kernel<float2, __half2>(tensor_layout_any, T1 *, tensor_layout_any, const T2 *)"
5613441095,14239,150499,2253,1,1,128,1,1,16,0.000,0.000,,,,,NVIDIA A100-SXM4-40GB MIG 4g.20gb (0),1,,13,cupy_copy__float16_float16
5613477382,5600,150508,282,1,1,128,1,1,16,0.000,0.000,,,,,NVIDIA A100-SXM4-40GB MIG 4g.20gb (0),1,,13,cupy_copy__complex64_complex64
5613586565,5216,150517,26,1,1,128,1,1,16,0.000,0.000,,,,,NVIDIA A100-SXM4-40GB MIG 4g.20gb (0),1,,13,cupy_copy__float32_float32
5613617029,9567,150526,103,1,1,128,1,1,16,0.000,0.000,,,,,NVIDIA A100-SXM4-40GB MIG 4g.20gb (0),1,,13,cupy_copy__complex64_complex64
5613749315,16704,150536,1434,1,1,128,1,1,16,0.000,0.000,,,,,NVIDIA A100-SXM4-40GB MIG 4g.20gb (0),1,,13,cupy_copy__complex64_complex64
5613887617,407900,150541,1,1,1,32,32,1,30,0.000,0.000,,,,,NVIDIA A100-SXM4-40GB MIG 4g.20gb (0),1,,13,"void convert_kernel<__half2, float2>(tensor_layout_any, T1 *, tensor_layout_any, const T2 *)"
5614324540,6720,150544,,,,,,,,,,0.094,13942.808,Pinned,Device,NVIDIA A100-SXM4-40GB MIG 4g.20gb (0),1,,13,[CUDA memcpy Host-to-Device]
5614423899,634809,150545,,,,,,,,,,456.561,719084.268,Device,,NVIDIA A100-SXM4-40GB MIG 4g.20gb (0),1,,13,[CUDA memset]
5615065108,57439,150550,,,,,,,,,,1.235,21499.140,Pinned,Device,NVIDIA A100-SXM4-40GB MIG 4g.20gb (0),1,,13,[CUDA memcpy Host-to-Device]
5615125171,10208,150551,,,,,,,,,,0.197,19260.113,Pinned,Device,NVIDIA A100-SXM4-40GB MIG 4g.20gb (0),1,,13,[CUDA memcpy Host-to-Device]
5615269490,13279,150552,69,4,1,48,1,1,76,0.002,0.000,,,,,NVIDIA A100-SXM4-40GB MIG 4g.20gb (0),1,,13,"void ch_est::windowedChEstPreNoDftSOfdmKernel<float, __half, float, (unsigned int)2, (unsigned int)1, (unsigned short)4>(ch_est::puschRxChEstStatDescr_t *, ch_est::puschRxChEstDynDescr_t *)"
5615427504,10464,150553,137,2,1,24,2,1,44,0.001,0.001,,,,,NVIDIA A100-SXM4-40GB MIG 4g.20gb (0),1,,13,"void ch_est::chEstFilterNoDftSOfdmDispatchKernel<float, __half, float, (unsigned int)2>(ch_est::puschRxChEstStatDescr_t *, ch_est::puschRxChEstDynDescr_t *)"
5615524207,7264,150554,137,2,1,24,2,1,44,0.001,0.001,,,,,NVIDIA A100-SXM4-40GB MIG 4g.20gb (0),1,,13,"void ch_est::chEstFilterNoDftSOfdmDispatchKernel<float, __half, float, (unsigned int)2>(ch_est::puschRxChEstStatDescr_t *, ch_est::puschRxChEstDynDescr_t *)"
5615595566,4416,150565,103,1,1,128,1,1,16,0.000,0.000,,,,,NVIDIA A100-SXM4-40GB MIG 4g.20gb (0),1,,13,cupy_copy__complex64_complex64
5615662765,13216,150575,1434,1,1,128,1,1,16,0.000,0.000,,,,,NVIDIA A100-SXM4-40GB MIG 4g.20gb (0),1,,13,cupy_copy__complex64_complex64
5615739852,4096,150582,103,1,1,128,1,1,16,0.000,0.000,,,,,NVIDIA A100-SXM4-40GB MIG 4g.20gb (0),1,,13,cupy_copy__complex64_complex64
5615808363,118527,150589,1,1,1,32,32,1,30,0.000,0.000,,,,,NVIDIA A100-SXM4-40GB MIG 4g.20gb (0),1,,13,"void convert_kernel<__half2, float2>(tensor_layout_any, T1 *, tensor_layout_any, const T2 *)"
5615958410,5312,150592,,,,,,,,,,0.094,17638.553,Pinned,Device,NVIDIA A100-SXM4-40GB MIG 4g.20gb (0),1,,13,[CUDA memcpy Host-to-Device]
5616087688,51743,150593,,,,,,,,,,35.810,692062.514,Device,,NVIDIA A100-SXM4-40GB MIG 4g.20gb (0),1,,13,[CUDA memset]
5616141287,1824,150595,,,,,,,,,,0.000,43.860,Pinned,Device,NVIDIA A100-SXM4-40GB MIG 4g.20gb (0),1,,13,[CUDA memcpy Host-to-Device]
5616145575,9344,150596,,,,,,,,,,0.197,21040.988,Pinned,Device,NVIDIA A100-SXM4-40GB MIG 4g.20gb (0),1,,13,[CUDA memcpy Host-to-Device]
5616200167,13472,150597,273,1,1,48,1,1,40,0.000,0.001,,,,,NVIDIA A100-SXM4-40GB MIG 4g.20gb (0),1,,13,"void pusch_noise_intf_est::noiseIntfEstNoDftSOfdmKernel<float, __half, float, float, (unsigned int)2, (unsigned int)1, (unsigned char)4, (unsigned char)4>(pusch_noise_intf_est::puschRxNoiseIntfEstDynDescr)"
5616266854,6592,150608,35,1,1,128,1,1,16,0.000,0.000,,,,,NVIDIA A100-SXM4-40GB MIG 4g.20gb (0),1,,13,cupy_copy__complex64_complex64
5616306342,1952,150617,1,1,1,1,1,1,18,0.000,0.000,,,,,NVIDIA A100-SXM4-40GB MIG 4g.20gb (0),1,,13,cupy_copy__float32_float32
5616314821,1568,150623,,,,,,,,,,0.000,2.551,Device,Pageable,NVIDIA A100-SXM4-40GB MIG 4g.20gb (0),1,,7,[CUDA memcpy Device-to-Host]
5616389829,13567,150634,1434,1,1,128,1,1,16,0.000,0.000,,,,,NVIDIA A100-SXM4-40GB MIG 4g.20gb (0),1,,13,cupy_copy__complex64_complex64
5616433668,4032,150641,103,1,1,128,1,1,16,0.000,0.000,,,,,NVIDIA A100-SXM4-40GB MIG 4g.20gb (0),1,,13,cupy_copy__complex64_complex64
5616457764,6848,150648,35,1,1,128,1,1,16,0.000,0.000,,,,,NVIDIA A100-SXM4-40GB MIG 4g.20gb (0),1,,13,cupy_copy__complex64_complex64
5616495203,1856,150655,1,1,1,1,1,1,18,0.000,0.000,,,,,NVIDIA A100-SXM4-40GB MIG 4g.20gb (0),1,,13,cupy_copy__float32_float32
5616617282,83391,150666,1,1,1,32,32,1,30,0.000,0.000,,,,,NVIDIA A100-SXM4-40GB MIG 4g.20gb (0),1,,13,"void convert_kernel<__half2, float2>(tensor_layout_any, T1 *, tensor_layout_any, const T2 *)"
5616729185,5376,150669,,,,,,,,,,0.094,17428.487,Pinned,Device,NVIDIA A100-SXM4-40GB MIG 4g.20gb (0),1,,13,[CUDA memcpy Host-to-Device]
5616764224,7104,150670,,,,,,,,,,1.547,217710.527,Device,,NVIDIA A100-SXM4-40GB MIG 4g.20gb (0),1,,13,[CUDA memset]
5616779680,3008,150675,,,,,,,,,,0.031,10404.230,Pinned,Device,NVIDIA A100-SXM4-40GB MIG 4g.20gb (0),1,,13,[CUDA memcpy Host-to-Device]
5616785216,9376,150676,,,,,,,,,,0.197,20969.226,Pinned,Device,NVIDIA A100-SXM4-40GB MIG 4g.20gb (0),1,,13,[CUDA memcpy Host-to-Device]
5616826336,11487,150677,273,1,1,8,4,1,39,0.002,0.000,,,,,NVIDIA A100-SXM4-40GB MIG 4g.20gb (0),1,,13,"void channel_eq::eqMmseCoefCompLowMimoKernel<float, float, float, (unsigned int)4, (unsigned int)1, (unsigned int)4>(const channel_eq::_puschRxChEqStatDescr *, channel_eq::_puschRxChEqCoefCompDynDescr)"
5616891967,19104,150678,273,1,1,12,11,1,51,0.002,0.000,,,,,NVIDIA A100-SXM4-40GB MIG 4g.20gb (0),1,,13,"void channel_eq::eqMmseSoftDemapKernel<float, __half, __half, float, (unsigned int)4, (unsigned short)16383>(channel_eq::_puschRxChEqStatDescr *, channel_eq::_puschRxChEqSoftDemapDynDescr)"
5617037533,697592,150679,1,1,1,32,32,1,30,0.000,0.000,,,,,NVIDIA A100-SXM4-40GB MIG 4g.20gb (0),1,,13,"void convert_kernel<float2, __half2>(tensor_layout_any, T1 *, tensor_layout_any, const T2 *)"
5617898163,16224,150691,2253,1,1,128,1,1,16,0.000,0.000,,,,,NVIDIA A100-SXM4-40GB MIG 4g.20gb (0),1,,13,cupy_copy__float16_float16
5617993906,5760,150700,282,1,1,128,1,1,16,0.000,0.000,,,,,NVIDIA A100-SXM4-40GB MIG 4g.20gb (0),1,,13,cupy_copy__complex64_complex64
5618168560,9408,150709,26,1,1,128,1,1,16,0.000,0.000,,,,,NVIDIA A100-SXM4-40GB MIG 4g.20gb (0),1,,13,cupy_copy__float32_float32
5618304847,8543,150718,103,1,1,128,1,1,16,0.000,0.000,,,,,NVIDIA A100-SXM4-40GB MIG 4g.20gb (0),1,,13,cupy_copy__complex64_complex64
5618395501,14816,150728,1434,1,1,128,1,1,16,0.000,0.000,,,,,NVIDIA A100-SXM4-40GB MIG 4g.20gb (0),1,,13,cupy_copy__complex64_complex64
5618610315,308604,150733,1,1,1,32,32,1,30,0.000,0.000,,,,,NVIDIA A100-SXM4-40GB MIG 4g.20gb (0),1,,13,"void convert_kernel<__half2, float2>(tensor_layout_any, T1 *, tensor_layout_any, const T2 *)"
5618948423,5376,150736,,,,,,,,,,0.094,17428.487,Pinned,Device,NVIDIA A100-SXM4-40GB MIG 4g.20gb (0),1,,13,[CUDA memcpy Host-to-Device]
5618993639,616952,150737,,,,,,,,,,456.561,739629.533,Device,,NVIDIA A100-SXM4-40GB MIG 4g.20gb (0),1,,13,[CUDA memset]
5619615391,51040,150742,,,,,,,,,,1.235,24195.023,Pinned,Device,NVIDIA A100-SXM4-40GB MIG 4g.20gb (0),1,,13,[CUDA memcpy Host-to-Device]
5619668895,9408,150743,,,,,,,,,,0.197,20897.858,Pinned,Device,NVIDIA A100-SXM4-40GB MIG 4g.20gb (0),1,,13,[CUDA memcpy Host-to-Device]
5619694142,11008,150744,69,4,1,48,1,1,76,0.002,0.000,,,,,NVIDIA A100-SXM4-40GB MIG 4g.20gb (0),1,,13,"void ch_est::windowedChEstPreNoDftSOfdmKernel<float, __half, float, (unsigned int)2, (unsigned int)1, (unsigned short)4>(ch_est::puschRxChEstStatDescr_t *, ch_est::puschRxChEstDynDescr_t *)"
5619808253,13920,150745,137,2,1,24,2,1,44,0.001,0.001,,,,,NVIDIA A100-SXM4-40GB MIG 4g.20gb (0),1,,13,"void ch_est::chEstFilterNoDftSOfdmDispatchKernel<float, __half, float, (unsigned int)2>(ch_est::puschRxChEstStatDescr_t *, ch_est::puschRxChEstDynDescr_t *)"
5619948092,12639,150746,137,2,1,24,2,1,44,0.001,0.001,,,,,NVIDIA A100-SXM4-40GB MIG 4g.20gb (0),1,,13,"void ch_est::chEstFilterNoDftSOfdmDispatchKernel<float, __half, float, (unsigned int)2>(ch_est::puschRxChEstStatDescr_t *, ch_est::puschRxChEstDynDescr_t *)"
5620035803,5663,150757,103,1,1,128,1,1,16,0.000,0.000,,,,,NVIDIA A100-SXM4-40GB MIG 4g.20gb (0),1,,13,cupy_copy__complex64_complex64
5620147865,16320,150767,1434,1,1,128,1,1,16,0.000,0.000,,,,,NVIDIA A100-SXM4-40GB MIG 4g.20gb (0),1,,13,cupy_copy__complex64_complex64
5620405846,3616,150774,103,1,1,128,1,1,16,0.000,0.000,,,,,NVIDIA A100-SXM4-40GB MIG 4g.20gb (0),1,,13,cupy_copy__complex64_complex64
5620664051,217438,150781,1,1,1,32,32,1,30,0.000,0.000,,,,,NVIDIA A100-SXM4-40GB MIG 4g.20gb (0),1,,13,"void convert_kernel<__half2, float2>(tensor_layout_any, T1 *, tensor_layout_any, const T2 *)"
5620911664,5408,150784,,,,,,,,,,0.094,17325.421,Pinned,Device,NVIDIA A100-SXM4-40GB MIG 4g.20gb (0),1,,13,[CUDA memcpy Host-to-Device]
5621150766,51263,150785,,,,,,,,,,35.810,698544.109,Device,,NVIDIA A100-SXM4-40GB MIG 4g.20gb (0),1,,13,[CUDA memset]
5621204589,1824,150787,,,,,,,,,,0.000,43.860,Pinned,Device,NVIDIA A100-SXM4-40GB MIG 4g.20gb (0),1,,13,[CUDA memcpy Host-to-Device]
5621208845,9888,150788,,,,,,,,,,0.197,19883.360,Pinned,Device,NVIDIA A100-SXM4-40GB MIG 4g.20gb (0),1,,13,[CUDA memcpy Host-to-Device]
5621456970,19232,150789,273,1,1,48,1,1,40,0.000,0.001,,,,,NVIDIA A100-SXM4-40GB MIG 4g.20gb (0),1,,13,"void pusch_noise_intf_est::noiseIntfEstNoDftSOfdmKernel<float, __half, float, float, (unsigned int)2, (unsigned int)1, (unsigned char)4, (unsigned char)4>(pusch_noise_intf_est::puschRxNoiseIntfEstDynDescr)"
5621703719,6688,150800,35,1,1,128,1,1,16,0.000,0.000,,,,,NVIDIA A100-SXM4-40GB MIG 4g.20gb (0),1,,13,cupy_copy__complex64_complex64
5621844230,3808,150809,1,1,1,1,1,1,18,0.000,0.000,,,,,NVIDIA A100-SXM4-40GB MIG 4g.20gb (0),1,,13,cupy_copy__float32_float32
5621854278,2112,150815,,,,,,,,,,0.000,1.894,Device,Pageable,NVIDIA A100-SXM4-40GB MIG 4g.20gb (0),1,,7,[CUDA memcpy Device-to-Host]
5622241153,18816,150826,1434,1,1,128,1,1,16,0.000,0.000,,,,,NVIDIA A100-SXM4-40GB MIG 4g.20gb (0),1,,13,cupy_copy__complex64_complex64
5622608125,5600,150833,103,1,1,128,1,1,16,0.000,0.000,,,,,NVIDIA A100-SXM4-40GB MIG 4g.20gb (0),1,,13,cupy_copy__complex64_complex64
5622805947,4384,150840,35,1,1,128,1,1,16,0.000,0.000,,,,,NVIDIA A100-SXM4-40GB MIG 4g.20gb (0),1,,13,cupy_copy__complex64_complex64
5623007096,4480,150847,1,1,1,1,1,1,18,0.000,0.000,,,,,NVIDIA A100-SXM4-40GB MIG 4g.20gb (0),1,,13,cupy_copy__float32_float32
5623284149,250653,150858,1,1,1,32,32,1,30,0.000,0.000,,,,,NVIDIA A100-SXM4-40GB MIG 4g.20gb (0),1,,13,"void convert_kernel<__half2, float2>(tensor_layout_any, T1 *, tensor_layout_any, const T2 *)"
5623563858,5600,150861,,,,,,,,,,0.094,16731.388,Pinned,Device,NVIDIA A100-SXM4-40GB MIG 4g.20gb (0),1,,13,[CUDA memcpy Host-to-Device]
5623658385,4832,150862,,,,,,,,,,1.547,320078.477,Device,,NVIDIA A100-SXM4-40GB MIG 4g.20gb (0),1,,13,[CUDA memset]
5623664305,3008,150867,,,,,,,,,,0.031,10404.230,Pinned,Device,NVIDIA A100-SXM4-40GB MIG 4g.20gb (0),1,,13,[CUDA memcpy Host-to-Device]
5623670033,9535,150868,,,,,,,,,,0.197,20619.461,Pinned,Device,NVIDIA A100-SXM4-40GB MIG 4g.20gb (0),1,,13,[CUDA memcpy Host-to-Device]
5623908622,8096,150869,273,1,1,8,4,1,39,0.002,0.000,,,,,NVIDIA A100-SXM4-40GB MIG 4g.20gb (0),1,,13,"void channel_eq::eqMmseCoefCompLowMimoKernel<float, float, float, (unsigned int)4, (unsigned int)1, (unsigned int)4>(const channel_eq::_puschRxChEqStatDescr *, channel_eq::_puschRxChEqCoefCompDynDescr)"
5624108364,9343,150870,273,1,1,12,11,1,51,0.002,0.000,,,,,NVIDIA A100-SXM4-40GB MIG 4g.20gb (0),1,,13,"void channel_eq::eqMmseSoftDemapKernel<float, __half, __half, float, (unsigned int)4, (unsigned short)16383>(channel_eq::_puschRxChEqStatDescr *, channel_eq::_puschRxChEqSoftDemapDynDescr)"
5624186539,549753,150871,1,1,1,32,32,1,30,0.000,0.000,,,,,NVIDIA A100-SXM4-40GB MIG 4g.20gb (0),1,,13,"void convert_kernel<float2, __half2>(tensor_layout_any, T1 *, tensor_layout_any, const T2 *)"
5624872131,19679,150883,2253,1,1,128,1,1,16,0.000,0.000,,,,,NVIDIA A100-SXM4-40GB MIG 4g.20gb (0),1,,13,cupy_copy__float16_float16
5625068992,10496,150892,282,1,1,128,1,1,16,0.000,0.000,,,,,NVIDIA A100-SXM4-40GB MIG 4g.20gb (0),1,,13,cupy_copy__complex64_complex64
5625146592,4671,150901,26,1,1,128,1,1,16,0.000,0.000,,,,,NVIDIA A100-SXM4-40GB MIG 4g.20gb (0),1,,13,cupy_copy__float32_float32
5625396797,6912,150910,103,1,1,128,1,1,16,0.000,0.000,,,,,NVIDIA A100-SXM4-40GB MIG 4g.20gb (0),1,,13,cupy_copy__complex64_complex64
5625539131,18176,150920,1434,1,1,128,1,1,16,0.000,0.000,,,,,NVIDIA A100-SXM4-40GB MIG 4g.20gb (0),1,,13,cupy_copy__complex64_complex64
5625800216,272605,150925,1,1,1,32,32,1,30,0.000,0.000,,,,,NVIDIA A100-SXM4-40GB MIG 4g.20gb (0),1,,13,"void convert_kernel<__half2, float2>(tensor_layout_any, T1 *, tensor_layout_any, const T2 *)"
5626102037,6207,150928,,,,,,,,,,0.094,15095.175,Pinned,Device,NVIDIA A100-SXM4-40GB MIG 4g.20gb (0),1,,13,[CUDA memcpy Host-to-Device]
5626488592,613049,150929,,,,,,,,,,456.561,744651.709,Device,,NVIDIA A100-SXM4-40GB MIG 4g.20gb (0),1,,13,[CUDA memset]
5627106185,55583,150934,,,,,,,,,,1.235,22217.878,Pinned,Device,NVIDIA A100-SXM4-40GB MIG 4g.20gb (0),1,,13,[CUDA memcpy Host-to-Device]
5627164424,11616,150935,,,,,,,,,,0.197,16925.590,Pinned,Device,NVIDIA A100-SXM4-40GB MIG 4g.20gb (0),1,,13,[CUDA memcpy Host-to-Device]
5627465189,26719,150936,69,4,1,48,1,1,76,0.002,0.000,,,,,NVIDIA A100-SXM4-40GB MIG 4g.20gb (0),1,,13,"void ch_est::windowedChEstPreNoDftSOfdmKernel<float, __half, float, (unsigned int)2, (unsigned int)1, (unsigned short)4>(ch_est::puschRxChEstStatDescr_t *, ch_est::puschRxChEstDynDescr_t *)"
5627703810,17632,150937,137,2,1,24,2,1,44,0.001,0.001,,,,,NVIDIA A100-SXM4-40GB MIG 4g.20gb (0),1,,13,"void ch_est::chEstFilterNoDftSOfdmDispatchKernel<float, __half, float, (unsigned int)2>(ch_est::puschRxChEstStatDescr_t *, ch_est::puschRxChEstDynDescr_t *)"
5627976447,18784,150938,137,2,1,24,2,1,44,0.001,0.001,,,,,NVIDIA A100-SXM4-40GB MIG 4g.20gb (0),1,,13,"void ch_est::chEstFilterNoDftSOfdmDispatchKernel<float, __half, float, (unsigned int)2>(ch_est::puschRxChEstStatDescr_t *, ch_est::puschRxChEstDynDescr_t *)"
5628265564,4736,150949,103,1,1,128,1,1,16,0.000,0.000,,,,,NVIDIA A100-SXM4-40GB MIG 4g.20gb (0),1,,13,cupy_copy__complex64_complex64
5628489369,20160,150959,1434,1,1,128,1,1,16,0.000,0.000,,,,,NVIDIA A100-SXM4-40GB MIG 4g.20gb (0),1,,13,cupy_copy__complex64_complex64
5628780502,4640,150966,103,1,1,128,1,1,16,0.000,0.000,,,,,NVIDIA A100-SXM4-40GB MIG 4g.20gb (0),1,,13,cupy_copy__complex64_complex64
5628983123,270493,150973,1,1,1,32,32,1,30,0.000,0.000,,,,,NVIDIA A100-SXM4-40GB MIG 4g.20gb (0),1,,13,"void convert_kernel<__half2, float2>(tensor_layout_any, T1 *, tensor_layout_any, const T2 *)"
5629284496,5920,150976,,,,,,,,,,0.094,15826.941,Pinned,Device,NVIDIA A100-SXM4-40GB MIG 4g.20gb (0),1,,13,[CUDA memcpy Host-to-Device]
5629340239,51552,150977,,,,,,,,,,35.810,694605.018,Device,,NVIDIA A100-SXM4-40GB MIG 4g.20gb (0),1,,13,[CUDA memset]
5629398286,1824,150979,,,,,,,,,,0.000,43.860,Pinned,Device,NVIDIA A100-SXM4-40GB MIG 4g.20gb (0),1,,13,[CUDA memcpy Host-to-Device]
5629402542,9600,150980,,,,,,,,,,0.197,20479.869,Pinned,Device,NVIDIA A100-SXM4-40GB MIG 4g.20gb (0),1,,13,[CUDA memcpy Host-to-Device]
5629502669,17568,150981,273,1,1,48,1,1,40,0.000,0.001,,,,,NVIDIA A100-SXM4-40GB MIG 4g.20gb (0),1,,13,"void pusch_noise_intf_est::noiseIntfEstNoDftSOfdmKernel<float, __half, float, float, (unsigned int)2, (unsigned int)1, (unsigned char)4, (unsigned char)4>(pusch_noise_intf_est::puschRxNoiseIntfEstDynDescr)"
5629588780,9664,150992,35,1,1,128,1,1,16,0.000,0.000,,,,,NVIDIA A100-SXM4-40GB MIG 4g.20gb (0),1,,13,cupy_copy__complex64_complex64
5629689259,3616,151001,1,1,1,1,1,1,18,0.000,0.000,,,,,NVIDIA A100-SXM4-40GB MIG 4g.20gb (0),1,,13,cupy_copy__float32_float32
5629696555,1568,151007,,,,,,,,,,0.000,2.551,Device,Pageable,NVIDIA A100-SXM4-40GB MIG 4g.20gb (0),1,,7,[CUDA memcpy Device-to-Host]
5629933320,15328,151018,1434,1,1,128,1,1,16,0.000,0.000,,,,,NVIDIA A100-SXM4-40GB MIG 4g.20gb (0),1,,13,cupy_copy__complex64_complex64
5630123910,3840,151025,103,1,1,128,1,1,16,0.000,0.000,,,,,NVIDIA A100-SXM4-40GB MIG 4g.20gb (0),1,,13,cupy_copy__complex64_complex64
5630252837,4512,151032,35,1,1,128,1,1,16,0.000,0.000,,,,,NVIDIA A100-SXM4-40GB MIG 4g.20gb (0),1,,13,cupy_copy__complex64_complex64
5630489026,5024,151039,1,1,1,1,1,1,18,0.000,0.000,,,,,NVIDIA A100-SXM4-40GB MIG 4g.20gb (0),1,,13,cupy_copy__float32_float32
5630795870,269053,151050,1,1,1,32,32,1,30,0.000,0.000,,,,,NVIDIA A100-SXM4-40GB MIG 4g.20gb (0),1,,13,"void convert_kernel<__half2, float2>(tensor_layout_any, T1 *, tensor_layout_any, const T2 *)"
5631094907,5504,151053,,,,,,,,,,0.094,17023.251,Pinned,Device,NVIDIA A100-SXM4-40GB MIG 4g.20gb (0),1,,13,[CUDA memcpy Host-to-Device]
5631383672,7679,151054,,,,,,,,,,1.547,201409.110,Device,,NVIDIA A100-SXM4-40GB MIG 4g.20gb (0),1,,13,[CUDA memset]
5631399159,3584,151059,,,,,,,,,,0.031,8732.116,Pinned,Device,NVIDIA A100-SXM4-40GB MIG 4g.20gb (0),1,,13,[CUDA memcpy Host-to-Device]
5631405335,9728,151060,,,,,,,,,,0.197,20210.516,Pinned,Device,NVIDIA A100-SXM4-40GB MIG 4g.20gb (0),1,,13,[CUDA memcpy Host-to-Device]
5631826610,27072,151061,273,1,1,8,4,1,39,0.002,0.000,,,,,NVIDIA A100-SXM4-40GB MIG 4g.20gb (0),1,,13,"void channel_eq::eqMmseCoefCompLowMimoKernel<float, float, float, (unsigned int)4, (unsigned int)1, (unsigned int)4>(const channel_eq::_puschRxChEqStatDescr *, channel_eq::_puschRxChEqCoefCompDynDescr)"
5632061232,15104,151062,273,1,1,12,11,1,51,0.002,0.000,,,,,NVIDIA A100-SXM4-40GB MIG 4g.20gb (0),1,,13,"void channel_eq::eqMmseSoftDemapKernel<float, __half, __half, float, (unsigned int)4, (unsigned short)16383>(channel_eq::_puschRxChEqStatDescr *, channel_eq::_puschRxChEqSoftDemapDynDescr)"
5632329549,702104,151063,1,1,1,32,32,1,30,0.000,0.000,,,,,NVIDIA A100-SXM4-40GB MIG 4g.20gb (0),1,,13,"void convert_kernel<float2, __half2>(tensor_layout_any, T1 *, tensor_layout_any, const T2 *)"
5633244962,13984,151075,2253,1,1,128,1,1,16,0.000,0.000,,,,,NVIDIA A100-SXM4-40GB MIG 4g.20gb (0),1,,13,cupy_copy__float16_float16
5633562462,5376,151084,282,1,1,128,1,1,16,0.000,0.000,,,,,NVIDIA A100-SXM4-40GB MIG 4g.20gb (0),1,,13,cupy_copy__complex64_complex64
5633783644,3584,151093,26,1,1,128,1,1,16,0.000,0.000,,,,,NVIDIA A100-SXM4-40GB MIG 4g.20gb (0),1,,13,cupy_copy__float32_float32
5633937306,6272,151102,103,1,1,128,1,1,16,0.000,0.000,,,,,NVIDIA A100-SXM4-40GB MIG 4g.20gb (0),1,,13,cupy_copy__complex64_complex64
5634000089,15040,151112,1434,1,1,128,1,1,16,0.000,0.000,,,,,NVIDIA A100-SXM4-40GB MIG 4g.20gb (0),1,,13,cupy_copy__complex64_complex64
5634047545,79807,151117,1,1,1,32,32,1,30,0.000,0.000,,,,,NVIDIA A100-SXM4-40GB MIG 4g.20gb (0),1,,13,"void convert_kernel<__half2, float2>(tensor_layout_any, T1 *, tensor_layout_any, const T2 *)"
5634156856,5760,151120,,,,,,,,,,0.094,16266.656,Pinned,Device,NVIDIA A100-SXM4-40GB MIG 4g.20gb (0),1,,13,[CUDA memcpy Host-to-Device]
5634195287,613913,151121,,,,,,,,,,456.561,743282.024,Device,,NVIDIA A100-SXM4-40GB MIG 4g.20gb (0),1,,13,[CUDA memset]
5634812624,50271,151126,,,,,,,,,,1.235,24565.506,Pinned,Device,NVIDIA A100-SXM4-40GB MIG 4g.20gb (0),1,,13,[CUDA memcpy Host-to-Device]
5634865327,10176,151127,,,,,,,,,,0.197,19320.668,Pinned,Device,NVIDIA A100-SXM4-40GB MIG 4g.20gb (0),1,,13,[CUDA memcpy Host-to-Device]
5635008302,15328,151128,69,4,1,48,1,1,76,0.002,0.000,,,,,NVIDIA A100-SXM4-40GB MIG 4g.20gb (0),1,,13,"void ch_est::windowedChEstPreNoDftSOfdmKernel<float, __half, float, (unsigned int)2, (unsigned int)1, (unsigned short)4>(ch_est::puschRxChEstStatDescr_t *, ch_est::puschRxChEstDynDescr_t *)"
5635258859,14016,151129,137,2,1,24,2,1,44,0.001,0.001,,,,,NVIDIA A100-SXM4-40GB MIG 4g.20gb (0),1,,13,"void ch_est::chEstFilterNoDftSOfdmDispatchKernel<float, __half, float, (unsigned int)2>(ch_est::puschRxChEstStatDescr_t *, ch_est::puschRxChEstDynDescr_t *)"
5635514728,12800,151130,137,2,1,24,2,1,44,0.001,0.001,,,,,NVIDIA A100-SXM4-40GB MIG 4g.20gb (0),1,,13,"void ch_est::chEstFilterNoDftSOfdmDispatchKernel<float, __half, float, (unsigned int)2>(ch_est::puschRxChEstStatDescr_t *, ch_est::puschRxChEstDynDescr_t *)"
5635759621,5120,151141,103,1,1,128,1,1,16,0.000,0.000,,,,,NVIDIA A100-SXM4-40GB MIG 4g.20gb (0),1,,13,cupy_copy__complex64_complex64
5635981923,20895,151151,1434,1,1,128,1,1,16,0.000,0.000,,,,,NVIDIA A100-SXM4-40GB MIG 4g.20gb (0),1,,13,cupy_copy__complex64_complex64
5636237536,4895,151158,103,1,1,128,1,1,16,0.000,0.000,,,,,NVIDIA A100-SXM4-40GB MIG 4g.20gb (0),1,,13,cupy_copy__complex64_complex64
5636427357,252317,151165,1,1,1,32,32,1,30,0.000,0.000,,,,,NVIDIA A100-SXM4-40GB MIG 4g.20gb (0),1,,13,"void convert_kernel<__half2, float2>(tensor_layout_any, T1 *, tensor_layout_any, const T2 *)"
5636710330,5440,151168,,,,,,,,,,0.094,17223.480,Pinned,Device,NVIDIA A100-SXM4-40GB MIG 4g.20gb (0),1,,13,[CUDA memcpy Host-to-Device]
5636945783,51680,151169,,,,,,,,,,35.810,692886.142,Device,,NVIDIA A100-SXM4-40GB MIG 4g.20gb (0),1,,13,[CUDA memset]
5637005527,1792,151171,,,,,,,,,,0.000,44.643,Pinned,Device,NVIDIA A100-SXM4-40GB MIG 4g.20gb (0),1,,13,[CUDA memcpy Host-to-Device]
5637009751,9344,151172,,,,,,,,,,0.197,21040.988,Pinned,Device,NVIDIA A100-SXM4-40GB MIG 4g.20gb (0),1,,13,[CUDA memcpy Host-to-Device]
5637248756,19680,151173,273,1,1,48,1,1,40,0.000,0.001,,,,,NVIDIA A100-SXM4-40GB MIG 4g.20gb (0),1,,13,"void pusch_noise_intf_est::noiseIntfEstNoDftSOfdmKernel<float, __half, float, float, (unsigned int)2, (unsigned int)1, (unsigned char)4, (unsigned char)4>(pusch_noise_intf_est::puschRxNoiseIntfEstDynDescr)"
5637346707,5984,151184,35,1,1,128,1,1,16,0.000,0.000,,,,,NVIDIA A100-SXM4-40GB MIG 4g.20gb (0),1,,13,cupy_copy__complex64_complex64
5637568848,3136,151193,1,1,1,1,1,1,18,0.000,0.000,,,,,NVIDIA A100-SXM4-40GB MIG 4g.20gb (0),1,,13,cupy_copy__float32_float32
5637576912,1600,151199,,,,,,,,,,0.000,2.500,Device,Pageable,NVIDIA A100-SXM4-40GB MIG 4g.20gb (0),1,,7,[CUDA memcpy Device-to-Host]
5637655183,15776,151210,1434,1,1,128,1,1,16,0.000,0.000,,,,,NVIDIA A100-SXM4-40GB MIG 4g.20gb (0),1,,13,cupy_copy__complex64_complex64
5637700335,4000,151217,103,1,1,128,1,1,16,0.000,0.000,,,,,NVIDIA A100-SXM4-40GB MIG 4g.20gb (0),1,,13,cupy_copy__complex64_complex64
5637723758,5920,151224,35,1,1,128,1,1,16,0.000,0.000,,,,,NVIDIA A100-SXM4-40GB MIG 4g.20gb (0),1,,13,cupy_copy__complex64_complex64
5637762062,1856,151231,1,1,1,1,1,1,18,0.000,0.000,,,,,NVIDIA A100-SXM4-40GB MIG 4g.20gb (0),1,,13,cupy_copy__float32_float32
5637883213,85183,151242,1,1,1,32,32,1,30,0.000,0.000,,,,,NVIDIA A100-SXM4-40GB MIG 4g.20gb (0),1,,13,"void convert_kernel<__half2, float2>(tensor_layout_any, T1 *, tensor_layout_any, const T2 *)"
5637997643,5376,151245,,,,,,,,,,0.094,17428.487,Pinned,Device,NVIDIA A100-SXM4-40GB MIG 4g.20gb (0),1,,13,[CUDA memcpy Host-to-Device]
5638029387,7040,151246,,,,,,,,,,1.547,219690.206,Device,,NVIDIA A100-SXM4-40GB MIG 4g.20gb (0),1,,13,[CUDA memset]
5638038251,3040,151251,,,,,,,,,,0.031,10294.725,Pinned,Device,NVIDIA A100-SXM4-40GB MIG 4g.20gb (0),1,,13,[CUDA memcpy Host-to-Device]
5638043819,9440,151252,,,,,,,,,,0.197,20827.079,Pinned,Device,NVIDIA A100-SXM4-40GB MIG 4g.20gb (0),1,,13,[CUDA memcpy Host-to-Device]
5638090282,12160,151253,273,1,1,8,4,1,39,0.002,0.000,,,,,NVIDIA A100-SXM4-40GB MIG 4g.20gb (0),1,,13,"void channel_eq::eqMmseCoefCompLowMimoKernel<float, float, float, (unsigned int)4, (unsigned int)1, (unsigned int)4>(const channel_eq::_puschRxChEqStatDescr *, channel_eq::_puschRxChEqCoefCompDynDescr)"
5638155049,12864,151254,273,1,1,12,11,1,51,0.002,0.000,,,,,NVIDIA A100-SXM4-40GB MIG 4g.20gb (0),1,,13,"void channel_eq::eqMmseSoftDemapKernel<float, __half, __half, float, (unsigned int)4, (unsigned short)16383>(channel_eq::_puschRxChEqStatDescr *, channel_eq::_puschRxChEqSoftDemapDynDescr)"
5638222601,375355,151255,1,1,1,32,32,1,30,0.000,0.000,,,,,NVIDIA A100-SXM4-40GB MIG 4g.20gb (0),1,,13,"void convert_kernel<float2, __half2>(tensor_layout_any, T1 *, tensor_layout_any, const T2 *)"
5638828930,19615,151267,2253,1,1,128,1,1,16,0.000,0.000,,,,,NVIDIA A100-SXM4-40GB MIG 4g.20gb (0),1,,13,cupy_copy__float16_float16
5639092447,5248,151276,282,1,1,128,1,1,16,0.000,0.000,,,,,NVIDIA A100-SXM4-40GB MIG 4g.20gb (0),1,,13,cupy_copy__complex64_complex64
5639286140,4704,151285,26,1,1,128,1,1,16,0.000,0.000,,,,,NVIDIA A100-SXM4-40GB MIG 4g.20gb (0),1,,13,cupy_copy__float32_float32
5639374011,8416,151294,103,1,1,128,1,1,16,0.000,0.000,,,,,NVIDIA A100-SXM4-40GB MIG 4g.20gb (0),1,,13,cupy_copy__complex64_complex64
5639602009,20959,151304,1434,1,1,128,1,1,16,0.000,0.000,,,,,NVIDIA A100-SXM4-40GB MIG 4g.20gb (0),1,,13,cupy_copy__complex64_complex64
5639948821,220733,151309,1,1,1,32,32,1,30,0.000,0.000,,,,,NVIDIA A100-SXM4-40GB MIG 4g.20gb (0),1,,13,"void convert_kernel<__half2, float2>(tensor_layout_any, T1 *, tensor_layout_any, const T2 *)"
5640201842,5408,151312,,,,,,,,,,0.094,17325.421,Pinned,Device,NVIDIA A100-SXM4-40GB MIG 4g.20gb (0),1,,13,[CUDA memcpy Host-to-Device]
5640407247,608729,151313,,,,,,,,,,456.561,749673.884,Device,,NVIDIA A100-SXM4-40GB MIG 4g.20gb (0),1,,13,[CUDA memset]
5641021160,49184,151318,,,,,,,,,,1.235,25107.646,Pinned,Device,NVIDIA A100-SXM4-40GB MIG 4g.20gb (0),1,,13,[CUDA memcpy Host-to-Device]
5641072936,9312,151319,,,,,,,,,,0.197,21113.340,Pinned,Device,NVIDIA A100-SXM4-40GB MIG 4g.20gb (0),1,,13,[CUDA memcpy Host-to-Device]
5641267942,21183,151320,69,4,1,48,1,1,76,0.002,0.000,,,,,NVIDIA A100-SXM4-40GB MIG 4g.20gb (0),1,,13,"void ch_est::windowedChEstPreNoDftSOfdmKernel<float, __half, float, (unsigned int)2, (unsigned int)1, (unsigned short)4>(ch_est::puschRxChEstStatDescr_t *, ch_est::puschRxChEstDynDescr_t *)"
5641368868,15488,151321,137,2,1,24,2,1,44,0.001,0.001,,,,,NVIDIA A100-SXM4-40GB MIG 4g.20gb (0),1,,13,"void ch_est::chEstFilterNoDftSOfdmDispatchKernel<float, __half, float, (unsigned int)2>(ch_est::puschRxChEstStatDescr_t *, ch_est::puschRxChEstDynDescr_t *)"
5641627809,14400,151322,137,2,1,24,2,1,44,0.001,0.001,,,,,NVIDIA A100-SXM4-40GB MIG 4g.20gb (0),1,,13,"void ch_est::chEstFilterNoDftSOfdmDispatchKernel<float, __half, float, (unsigned int)2>(ch_est::puschRxChEstStatDescr_t *, ch_est::puschRxChEstDynDescr_t *)"
5641891198,4672,151333,103,1,1,128,1,1,16,0.000,0.000,,,,,NVIDIA A100-SXM4-40GB MIG 4g.20gb (0),1,,13,cupy_copy__complex64_complex64
5641929502,20768,151343,1434,1,1,128,1,1,16,0.000,0.000,,,,,NVIDIA A100-SXM4-40GB MIG 4g.20gb (0),1,,13,cupy_copy__complex64_complex64
5641996221,3872,151350,103,1,1,128,1,1,16,0.000,0.000,,,,,NVIDIA A100-SXM4-40GB MIG 4g.20gb (0),1,,13,cupy_copy__complex64_complex64
5642073596,245565,151357,1,1,1,32,32,1,30,0.000,0.000,,,,,NVIDIA A100-SXM4-40GB MIG 4g.20gb (0),1,,13,"void convert_kernel<__half2, float2>(tensor_layout_any, T1 *, tensor_layout_any, const T2 *)"
5642349081,5920,151360,,,,,,,,,,0.094,15826.941,Pinned,Device,NVIDIA A100-SXM4-40GB MIG 4g.20gb (0),1,,13,[CUDA memcpy Host-to-Device]
5642446872,52767,151361,,,,,,,,,,35.810,678633.794,Device,,NVIDIA A100-SXM4-40GB MIG 4g.20gb (0),1,,13,[CUDA memset]
5642506167,2144,151363,,,,,,,,,,0.000,37.313,Pinned,Device,NVIDIA A100-SXM4-40GB MIG 4g.20gb (0),1,,13,[CUDA memcpy Host-to-Device]
5642510967,10752,151364,,,,,,,,,,0.197,18285.527,Pinned,Device,NVIDIA A100-SXM4-40GB MIG 4g.20gb (0),1,,13,[CUDA memcpy Host-to-Device]
5642675157,20928,151365,273,1,1,48,1,1,40,0.000,0.001,,,,,NVIDIA A100-SXM4-40GB MIG 4g.20gb (0),1,,13,"void pusch_noise_intf_est::noiseIntfEstNoDftSOfdmKernel<float, __half, float, float, (unsigned int)2, (unsigned int)1, (unsigned char)4, (unsigned char)4>(pusch_noise_intf_est::puschRxNoiseIntfEstDynDescr)"
5642854291,7456,151376,35,1,1,128,1,1,16,0.000,0.000,,,,,NVIDIA A100-SXM4-40GB MIG 4g.20gb (0),1,,13,cupy_copy__complex64_complex64
5642977874,3840,151385,1,1,1,1,1,1,18,0.000,0.000,,,,,NVIDIA A100-SXM4-40GB MIG 4g.20gb (0),1,,13,cupy_copy__float32_float32
5642986162,2304,151391,,,,,,,,,,0.000,1.736,Device,Pageable,NVIDIA A100-SXM4-40GB MIG 4g.20gb (0),1,,7,[CUDA memcpy Device-to-Host]
5643352077,20096,151402,1434,1,1,128,1,1,16,0.000,0.000,,,,,NVIDIA A100-SXM4-40GB MIG 4g.20gb (0),1,,13,cupy_copy__complex64_complex64
5643529547,4736,151409,103,1,1,128,1,1,16,0.000,0.000,,,,,NVIDIA A100-SXM4-40GB MIG 4g.20gb (0),1,,13,cupy_copy__complex64_complex64
5643794728,4928,151416,35,1,1,128,1,1,16,0.000,0.000,,,,,NVIDIA A100-SXM4-40GB MIG 4g.20gb (0),1,,13,cupy_copy__complex64_complex64
5644020774,6112,151423,1,1,1,1,1,1,18,0.000,0.000,,,,,NVIDIA A100-SXM4-40GB MIG 4g.20gb (0),1,,13,cupy_copy__float32_float32
5644131236,241470,151434,1,1,1,32,32,1,30,0.000,0.000,,,,,NVIDIA A100-SXM4-40GB MIG 4g.20gb (0),1,,13,"void convert_kernel<__half2, float2>(tensor_layout_any, T1 *, tensor_layout_any, const T2 *)"
5644403713,5376,151437,,,,,,,,,,0.094,17428.487,Pinned,Device,NVIDIA A100-SXM4-40GB MIG 4g.20gb (0),1,,13,[CUDA memcpy Host-to-Device]
5644629631,6912,151438,,,,,,,,,,1.547,223757.827,Device,,NVIDIA A100-SXM4-40GB MIG 4g.20gb (0),1,,13,[CUDA memset]
5644643679,3136,151443,,,,,,,,,,0.031,9979.575,Pinned,Device,NVIDIA A100-SXM4-40GB MIG 4g.20gb (0),1,,13,[CUDA memcpy Host-to-Device]
5644649374,9632,151444,,,,,,,,,,0.197,20411.843,Pinned,Device,NVIDIA A100-SXM4-40GB MIG 4g.20gb (0),1,,13,[CUDA memcpy Host-to-Device]
5644977723,19647,151445,273,1,1,8,4,1,39,0.002,0.000,,,,,NVIDIA A100-SXM4-40GB MIG 4g.20gb (0),1,,13,"void channel_eq::eqMmseCoefCompLowMimoKernel<float, float, float, (unsigned int)4, (unsigned int)1, (unsigned int)4>(const channel_eq::_puschRxChEqStatDescr *, channel_eq::_puschRxChEqCoefCompDynDescr)"
5645444949,9408,151446,273,1,1,12,11,1,51,0.002,0.000,,,,,NVIDIA A100-SXM4-40GB MIG 4g.20gb (0),1,,13,"void channel_eq::eqMmseSoftDemapKernel<float, __half, __half, float, (unsigned int)4, (unsigned short)16383>(channel_eq::_puschRxChEqStatDescr *, channel_eq::_puschRxChEqSoftDemapDynDescr)"
5645888656,657913,151447,1,1,1,32,32,1,30,0.000,0.000,,,,,NVIDIA A100-SXM4-40GB MIG 4g.20gb (0),1,,13,"void convert_kernel<float2, __half2>(tensor_layout_any, T1 *, tensor_layout_any, const T2 *)"
5646628616,31487,151459,2253,1,1,128,1,1,16,0.000,0.000,,,,,NVIDIA A100-SXM4-40GB MIG 4g.20gb (0),1,,13,cupy_copy__float16_float16
5646756742,6656,151468,282,1,1,128,1,1,16,0.000,0.000,,,,,NVIDIA A100-SXM4-40GB MIG 4g.20gb (0),1,,13,cupy_copy__complex64_complex64
5646865829,10624,151477,26,1,1,128,1,1,16,0.000,0.000,,,,,NVIDIA A100-SXM4-40GB MIG 4g.20gb (0),1,,13,cupy_copy__float32_float32
5646964996,7232,151486,103,1,1,128,1,1,16,0.000,0.000,,,,,NVIDIA A100-SXM4-40GB MIG 4g.20gb (0),1,,13,cupy_copy__complex64_complex64
5647165665,19904,151496,1434,1,1,128,1,1,16,0.000,0.000,,,,,NVIDIA A100-SXM4-40GB MIG 4g.20gb (0),1,,13,cupy_copy__complex64_complex64
5647382079,225917,151501,1,1,1,32,32,1,30,0.000,0.000,,,,,NVIDIA A100-SXM4-40GB MIG 4g.20gb (0),1,,13,"void convert_kernel<__half2, float2>(tensor_layout_any, T1 *, tensor_layout_any, const T2 *)"
5647637500,5504,151504,,,,,,,,,,0.094,17023.251,Pinned,Device,NVIDIA A100-SXM4-40GB MIG 4g.20gb (0),1,,13,[CUDA memcpy Host-to-Device]
5647719451,617177,151505,,,,,,,,,,456.561,739629.533,Device,,NVIDIA A100-SXM4-40GB MIG 4g.20gb (0),1,,13,[CUDA memset]
5648338580,51103,151510,,,,,,,,,,1.235,24165.384,Pinned,Device,NVIDIA A100-SXM4-40GB MIG 4g.20gb (0),1,,13,[CUDA memcpy Host-to-Device]
5648392147,9376,151511,,,,,,,,,,0.197,20969.226,Pinned,Device,NVIDIA A100-SXM4-40GB MIG 4g.20gb (0),1,,13,[CUDA memcpy Host-to-Device]
5648579409,10752,151512,69,4,1,48,1,1,76,0.002,0.000,,,,,NVIDIA A100-SXM4-40GB MIG 4g.20gb (0),1,,13,"void ch_est::windowedChEstPreNoDftSOfdmKernel<float, __half, float, (unsigned int)2, (unsigned int)1, (unsigned short)4>(ch_est::puschRxChEstStatDescr_t *, ch_est::puschRxChEstDynDescr_t *)"
5649067595,8736,151513,137,2,1,24,2,1,44,0.001,0.001,,,,,NVIDIA A100-SXM4-40GB MIG 4g.20gb (0),1,,13,"void ch_est::chEstFilterNoDftSOfdmDispatchKernel<float, __half, float, (unsigned int)2>(ch_est::puschRxChEstStatDescr_t *, ch_est::puschRxChEstDynDescr_t *)"
5649538118,8736,151514,137,2,1,24,2,1,44,0.001,0.001,,,,,NVIDIA A100-SXM4-40GB MIG 4g.20gb (0),1,,13,"void ch_est::chEstFilterNoDftSOfdmDispatchKernel<float, __half, float, (unsigned int)2>(ch_est::puschRxChEstStatDescr_t *, ch_est::puschRxChEstDynDescr_t *)"
5649846179,4287,151525,103,1,1,128,1,1,16,0.000,0.000,,,,,NVIDIA A100-SXM4-40GB MIG 4g.20gb (0),1,,13,cupy_copy__complex64_complex64
5650161855,17824,151535,1434,1,1,128,1,1,16,0.000,0.000,,,,,NVIDIA A100-SXM4-40GB MIG 4g.20gb (0),1,,13,cupy_copy__complex64_complex64
5650318429,13408,151542,103,1,1,128,1,1,16,0.000,0.000,,,,,NVIDIA A100-SXM4-40GB MIG 4g.20gb (0),1,,13,cupy_copy__complex64_complex64
5650635801,237758,151549,1,1,1,32,32,1,30,0.000,0.000,,,,,NVIDIA A100-SXM4-40GB MIG 4g.20gb (0),1,,13,"void convert_kernel<__half2, float2>(tensor_layout_any, T1 *, tensor_layout_any, const T2 *)"
5650903286,5696,151552,,,,,,,,,,0.094,16449.363,Pinned,Device,NVIDIA A100-SXM4-40GB MIG 4g.20gb (0),1,,13,[CUDA memcpy Host-to-Device]
5651243698,52864,151553,,,,,,,,,,35.810,677380.447,Device,,NVIDIA A100-SXM4-40GB MIG 4g.20gb (0),1,,13,[CUDA memset]
5651301234,1888,151555,,,,,,,,,,0.000,42.373,Pinned,Device,NVIDIA A100-SXM4-40GB MIG 4g.20gb (0),1,,13,[CUDA memcpy Host-to-Device]
5651305554,9408,151556,,,,,,,,,,0.197,20897.858,Pinned,Device,NVIDIA A100-SXM4-40GB MIG 4g.20gb (0),1,,13,[CUDA memcpy Host-to-Device]
5651780972,32448,151557,273,1,1,48,1,1,40,0.000,0.001,,,,,NVIDIA A100-SXM4-40GB MIG 4g.20gb (0),1,,13,"void pusch_noise_intf_est::noiseIntfEstNoDftSOfdmKernel<float, __half, float, float, (unsigned int)2, (unsigned int)1, (unsigned char)4, (unsigned char)4>(pusch_noise_intf_est::puschRxNoiseIntfEstDynDescr)"
5652081289,5248,151568,35,1,1,128,1,1,16,0.000,0.000,,,,,NVIDIA A100-SXM4-40GB MIG 4g.20gb (0),1,,13,cupy_copy__complex64_complex64
5652385637,3072,151577,1,1,1,1,1,1,18,0.000,0.000,,,,,NVIDIA A100-SXM4-40GB MIG 4g.20gb (0),1,,13,cupy_copy__float32_float32
5652394693,1984,151583,,,,,,,,,,0.000,2.016,Device,Pageable,NVIDIA A100-SXM4-40GB MIG 4g.20gb (0),1,,7,[CUDA memcpy Device-to-Host]
5652734977,20800,151594,1434,1,1,128,1,1,16,0.000,0.000,,,,,NVIDIA A100-SXM4-40GB MIG 4g.20gb (0),1,,13,cupy_copy__complex64_complex64
5652890815,5024,151601,103,1,1,128,1,1,16,0.000,0.000,,,,,NVIDIA A100-SXM4-40GB MIG 4g.20gb (0),1,,13,cupy_copy__complex64_complex64
5652939775,6176,151608,35,1,1,128,1,1,16,0.000,0.000,,,,,NVIDIA A100-SXM4-40GB MIG 4g.20gb (0),1,,13,cupy_copy__complex64_complex64
5653064925,6112,151615,1,1,1,1,1,1,18,0.000,0.000,,,,,NVIDIA A100-SXM4-40GB MIG 4g.20gb (0),1,,13,cupy_copy__float32_float32
5653182492,199902,151626,1,1,1,32,32,1,30,0.000,0.000,,,,,NVIDIA A100-SXM4-40GB MIG 4g.20gb (0),1,,13,"void convert_kernel<__half2, float2>(tensor_layout_any, T1 *, tensor_layout_any, const T2 *)"
5653412505,5632,151629,,,,,,,,,,0.094,16636.287,Pinned,Device,NVIDIA A100-SXM4-40GB MIG 4g.20gb (0),1,,13,[CUDA memcpy Host-to-Device]
5653634711,7776,151630,,,,,,,,,,1.547,198895.846,Device,,NVIDIA A100-SXM4-40GB MIG 4g.20gb (0),1,,13,[CUDA memset]
5653646999,3072,151635,,,,,,,,,,0.031,10187.474,Pinned,Device,NVIDIA A100-SXM4-40GB MIG 4g.20gb (0),1,,13,[CUDA memcpy Host-to-Device]
5653652567,9727,151636,,,,,,,,,,0.197,20212.482,Pinned,Device,NVIDIA A100-SXM4-40GB MIG 4g.20gb (0),1,,13,[CUDA memcpy Host-to-Device]
5653724790,14720,151637,273,1,1,8,4,1,39,0.002,0.000,,,,,NVIDIA A100-SXM4-40GB MIG 4g.20gb (0),1,,13,"void channel_eq::eqMmseCoefCompLowMimoKernel<float, float, float, (unsigned int)4, (unsigned int)1, (unsigned int)4>(const channel_eq::_puschRxChEqStatDescr *, channel_eq::_puschRxChEqCoefCompDynDescr)"
5653813397,15584,151638,273,1,1,12,11,1,51,0.002,0.000,,,,,NVIDIA A100-SXM4-40GB MIG 4g.20gb (0),1,,13,"void channel_eq::eqMmseSoftDemapKernel<float, __half, __half, float, (unsigned int)4, (unsigned short)16383>(channel_eq::_puschRxChEqStatDescr *, channel_eq::_puschRxChEqSoftDemapDynDescr)"
5653967923,666968,151639,1,1,1,32,32,1,30,0.000,0.000,,,,,NVIDIA A100-SXM4-40GB MIG 4g.20gb (0),1,,13,"void convert_kernel<float2, __half2>(tensor_layout_any, T1 *, tensor_layout_any, const T2 *)"
5655064838,18400,151651,2253,1,1,128,1,1,16,0.000,0.000,,,,,NVIDIA A100-SXM4-40GB MIG 4g.20gb (0),1,,13,cupy_copy__float16_float16
5655560033,10143,151660,282,1,1,128,1,1,16,0.000,0.000,,,,,NVIDIA A100-SXM4-40GB MIG 4g.20gb (0),1,,13,cupy_copy__complex64_complex64
5655806142,4800,151669,26,1,1,128,1,1,16,0.000,0.000,,,,,NVIDIA A100-SXM4-40GB MIG 4g.20gb (0),1,,13,cupy_copy__float32_float32
5656161818,9984,151678,103,1,1,128,1,1,16,0.000,0.000,,,,,NVIDIA A100-SXM4-40GB MIG 4g.20gb (0),1,,13,cupy_copy__complex64_complex64
5656535381,15776,151688,1434,1,1,128,1,1,16,0.000,0.000,,,,,NVIDIA A100-SXM4-40GB MIG 4g.20gb (0),1,,13,cupy_copy__complex64_complex64
5656893073,252861,151693,1,1,1,32,32,1,30,0.000,0.000,,,,,NVIDIA A100-SXM4-40GB MIG 4g.20gb (0),1,,13,"void convert_kernel<__half2, float2>(tensor_layout_any, T1 *, tensor_layout_any, const T2 *)"
5657176846,5408,151696,,,,,,,,,,0.094,17325.421,Pinned,Device,NVIDIA A100-SXM4-40GB MIG 4g.20gb (0),1,,13,[CUDA memcpy Host-to-Device]
5657525642,627353,151697,,,,,,,,,,456.561,727302.374,Device,,NVIDIA A100-SXM4-40GB MIG 4g.20gb (0),1,,13,[CUDA memset]
5658158627,54815,151702,,,,,,,,,,1.235,22529.083,Pinned,Device,NVIDIA A100-SXM4-40GB MIG 4g.20gb (0),1,,13,[CUDA memcpy Host-to-Device]
5658216162,9856,151703,,,,,,,,,,0.197,19948.044,Pinned,Device,NVIDIA A100-SXM4-40GB MIG 4g.20gb (0),1,,13,[CUDA memcpy Host-to-Device]
5658609501,15424,151704,69,4,1,48,1,1,76,0.002,0.000,,,,,NVIDIA A100-SXM4-40GB MIG 4g.20gb (0),1,,13,"void ch_est::windowedChEstPreNoDftSOfdmKernel<float, __half, float, (unsigned int)2, (unsigned int)1, (unsigned short)4>(ch_est::puschRxChEstStatDescr_t *, ch_est::puschRxChEstDynDescr_t *)"
5658927738,9536,151705,137,2,1,24,2,1,44,0.001,0.001,,,,,NVIDIA A100-SXM4-40GB MIG 4g.20gb (0),1,,13,"void ch_est::chEstFilterNoDftSOfdmDispatchKernel<float, __half, float, (unsigned int)2>(ch_est::puschRxChEstStatDescr_t *, ch_est::puschRxChEstDynDescr_t *)"
5659012505,11072,151706,137,2,1,24,2,1,44,0.001,0.001,,,,,NVIDIA A100-SXM4-40GB MIG 4g.20gb (0),1,,13,"void ch_est::chEstFilterNoDftSOfdmDispatchKernel<float, __half, float, (unsigned int)2>(ch_est::puschRxChEstStatDescr_t *, ch_est::puschRxChEstDynDescr_t *)"
5659156151,15520,151717,103,1,1,128,1,1,16,0.000,0.000,,,,,NVIDIA A100-SXM4-40GB MIG 4g.20gb (0),1,,13,cupy_copy__complex64_complex64
5659281174,15999,151727,1434,1,1,128,1,1,16,0.000,0.000,,,,,NVIDIA A100-SXM4-40GB MIG 4g.20gb (0),1,,13,cupy_copy__complex64_complex64
5659434740,6784,151734,103,1,1,128,1,1,16,0.000,0.000,,,,,NVIDIA A100-SXM4-40GB MIG 4g.20gb (0),1,,13,cupy_copy__complex64_complex64
5659689809,259069,151741,1,1,1,32,32,1,30,0.000,0.000,,,,,NVIDIA A100-SXM4-40GB MIG 4g.20gb (0),1,,13,"void convert_kernel<__half2, float2>(tensor_layout_any, T1 *, tensor_layout_any, const T2 *)"
5659979534,5439,151744,,,,,,,,,,0.094,17226.665,Pinned,Device,NVIDIA A100-SXM4-40GB MIG 4g.20gb (0),1,,13,[CUDA memcpy Host-to-Device]
5660025773,50399,151745,,,,,,,,,,35.810,710504.623,Device,,NVIDIA A100-SXM4-40GB MIG 4g.20gb (0),1,,13,[CUDA memset]
5660080044,1888,151747,,,,,,,,,,0.000,42.373,Pinned,Device,NVIDIA A100-SXM4-40GB MIG 4g.20gb (0),1,,13,[CUDA memcpy Host-to-Device]
5660084364,9408,151748,,,,,,,,,,0.197,20897.858,Pinned,Device,NVIDIA A100-SXM4-40GB MIG 4g.20gb (0),1,,13,[CUDA memcpy Host-to-Device]
5660215051,13376,151749,273,1,1,48,1,1,40,0.000,0.001,,,,,NVIDIA A100-SXM4-40GB MIG 4g.20gb (0),1,,13,"void pusch_noise_intf_est::noiseIntfEstNoDftSOfdmKernel<float, __half, float, float, (unsigned int)2, (unsigned int)1, (unsigned char)4, (unsigned char)4>(pusch_noise_intf_est::puschRxNoiseIntfEstDynDescr)"
5660370377,4544,151760,35,1,1,128,1,1,16,0.000,0.000,,,,,NVIDIA A100-SXM4-40GB MIG 4g.20gb (0),1,,13,cupy_copy__complex64_complex64
5660480424,3840,151769,1,1,1,1,1,1,18,0.000,0.000,,,,,NVIDIA A100-SXM4-40GB MIG 4g.20gb (0),1,,13,cupy_copy__float32_float32
5660487592,1952,151775,,,,,,,,,,0.000,2.049,Device,Pageable,NVIDIA A100-SXM4-40GB MIG 4g.20gb (0),1,,7,[CUDA memcpy Device-to-Host]
5660620518,16992,151786,1434,1,1,128,1,1,16,0.000,0.000,,,,,NVIDIA A100-SXM4-40GB MIG 4g.20gb (0),1,,13,cupy_copy__complex64_complex64
5660954818,6208,151793,103,1,1,128,1,1,16,0.000,0.000,,,,,NVIDIA A100-SXM4-40GB MIG 4g.20gb (0),1,,13,cupy_copy__complex64_complex64
5661140128,7488,151800,35,1,1,128,1,1,16,0.000,0.000,,,,,NVIDIA A100-SXM4-40GB MIG 4g.20gb (0),1,,13,cupy_copy__complex64_complex64
5661287390,4416,151807,1,1,1,1,1,1,18,0.000,0.000,,,,,NVIDIA A100-SXM4-40GB MIG 4g.20gb (0),1,,13,cupy_copy__float32_float32
5661397405,251901,151818,1,1,1,32,32,1,30,0.000,0.000,,,,,NVIDIA A100-SXM4-40GB MIG 4g.20gb (0),1,,13,"void convert_kernel<__half2, float2>(tensor_layout_any, T1 *, tensor_layout_any, const T2 *)"
5661679066,6144,151821,,,,,,,,,,0.094,15249.961,Pinned,Device,NVIDIA A100-SXM4-40GB MIG 4g.20gb (0),1,,13,[CUDA memcpy Host-to-Device]
5661935735,10624,151822,,,,,,,,,,1.547,145577.531,Device,,NVIDIA A100-SXM4-40GB MIG 4g.20gb (0),1,,13,[CUDA memset]
5661953303,3936,151827,,,,,,,,,,0.031,7951.218,Pinned,Device,NVIDIA A100-SXM4-40GB MIG 4g.20gb (0),1,,13,[CUDA memcpy Host-to-Device]
5661959703,10496,151828,,,,,,,,,,0.197,18731.631,Pinned,Device,NVIDIA A100-SXM4-40GB MIG 4g.20gb (0),1,,13,[CUDA memcpy Host-to-Device]
5662240115,10144,151829,273,1,1,8,4,1,39,0.002,0.000,,,,,NVIDIA A100-SXM4-40GB MIG 4g.20gb (0),1,,13,"void channel_eq::eqMmseCoefCompLowMimoKernel<float, float, float, (unsigned int)4, (unsigned int)1, (unsigned int)4>(const channel_eq::_puschRxChEqStatDescr *, channel_eq::_puschRxChEqCoefCompDynDescr)"
5662600623,16800,151830,273,1,1,12,11,1,51,0.002,0.000,,,,,NVIDIA A100-SXM4-40GB MIG 4g.20gb (0),1,,13,"void channel_eq::eqMmseSoftDemapKernel<float, __half, __half, float, (unsigned int)4, (unsigned short)16383>(channel_eq::_puschRxChEqStatDescr *, channel_eq::_puschRxChEqSoftDemapDynDescr)"
5663021866,622905,151831,1,1,1,32,32,1,30,0.000,0.000,,,,,NVIDIA A100-SXM4-40GB MIG 4g.20gb (0),1,,13,"void convert_kernel<float2, __half2>(tensor_layout_any, T1 *, tensor_layout_any, const T2 *)"
5663931488,18592,151843,2253,1,1,128,1,1,16,0.000,0.000,,,,,NVIDIA A100-SXM4-40GB MIG 4g.20gb (0),1,,13,cupy_copy__float16_float16
5664367195,10016,151852,282,1,1,128,1,1,16,0.000,0.000,,,,,NVIDIA A100-SXM4-40GB MIG 4g.20gb (0),1,,13,cupy_copy__complex64_complex64
5664722071,4832,151861,26,1,1,128,1,1,16,0.000,0.000,,,,,NVIDIA A100-SXM4-40GB MIG 4g.20gb (0),1,,13,cupy_copy__float32_float32
5664966068,8896,151870,103,1,1,128,1,1,16,0.000,0.000,,,,,NVIDIA A100-SXM4-40GB MIG 4g.20gb (0),1,,13,cupy_copy__complex64_complex64
5665209105,16032,151880,1434,1,1,128,1,1,16,0.000,0.000,,,,,NVIDIA A100-SXM4-40GB MIG 4g.20gb (0),1,,13,cupy_copy__complex64_complex64
5665328016,92799,151885,1,1,1,32,32,1,30,0.000,0.000,,,,,NVIDIA A100-SXM4-40GB MIG 4g.20gb (0),1,,13,"void convert_kernel<__half2, float2>(tensor_layout_any, T1 *, tensor_layout_any, const T2 *)"
5665452526,5376,151888,,,,,,,,,,0.094,17428.487,Pinned,Device,NVIDIA A100-SXM4-40GB MIG 4g.20gb (0),1,,13,[CUDA memcpy Host-to-Device]
5665495374,628921,151889,,,,,,,,,,456.561,725932.690,Device,,NVIDIA A100-SXM4-40GB MIG 4g.20gb (0),1,,13,[CUDA memset]
5666127271,50975,151894,,,,,,,,,,1.235,24225.896,Pinned,Device,NVIDIA A100-SXM4-40GB MIG 4g.20gb (0),1,,13,[CUDA memcpy Host-to-Device]
5666180742,10144,151895,,,,,,,,,,0.197,19381.617,Pinned,Device,NVIDIA A100-SXM4-40GB MIG 4g.20gb (0),1,,13,[CUDA memcpy Host-to-Device]
5666264581,11936,151896,69,4,1,48,1,1,76,0.002,0.000,,,,,NVIDIA A100-SXM4-40GB MIG 4g.20gb (0),1,,13,"void ch_est::windowedChEstPreNoDftSOfdmKernel<float, __half, float, (unsigned int)2, (unsigned int)1, (unsigned short)4>(ch_est::puschRxChEstStatDescr_t *, ch_est::puschRxChEstDynDescr_t *)"
5666306757,8031,151897,137,2,1,24,2,1,44,0.001,0.001,,,,,NVIDIA A100-SXM4-40GB MIG 4g.20gb (0),1,,13,"void ch_est::chEstFilterNoDftSOfdmDispatchKernel<float, __half, float, (unsigned int)2>(ch_est::puschRxChEstStatDescr_t *, ch_est::puschRxChEstDynDescr_t *)"
5666386084,8928,151898,137,2,1,24,2,1,44,0.001,0.001,,,,,NVIDIA A100-SXM4-40GB MIG 4g.20gb (0),1,,13,"void ch_est::chEstFilterNoDftSOfdmDispatchKernel<float, __half, float, (unsigned int)2>(ch_est::puschRxChEstStatDescr_t *, ch_est::puschRxChEstDynDescr_t *)"
5666468547,4992,151909,103,1,1,128,1,1,16,0.000,0.000,,,,,NVIDIA A100-SXM4-40GB MIG 4g.20gb (0),1,,13,cupy_copy__complex64_complex64
5666515682,21952,151919,1434,1,1,128,1,1,16,0.000,0.000,,,,,NVIDIA A100-SXM4-40GB MIG 4g.20gb (0),1,,13,cupy_copy__complex64_complex64
5666603585,3840,151926,103,1,1,128,1,1,16,0.000,0.000,,,,,NVIDIA A100-SXM4-40GB MIG 4g.20gb (0),1,,13,cupy_copy__complex64_complex64
5666642017,95199,151933,1,1,1,32,32,1,30,0.000,0.000,,,,,NVIDIA A100-SXM4-40GB MIG 4g.20gb (0),1,,13,"void convert_kernel<__half2, float2>(tensor_layout_any, T1 *, tensor_layout_any, const T2 *)"
5666766463,5376,151936,,,,,,,,,,0.094,17428.487,Pinned,Device,NVIDIA A100-SXM4-40GB MIG 4g.20gb (0),1,,13,[CUDA memcpy Host-to-Device]
5666805439,51167,151937,,,,,,,,,,35.810,699833.267,Device,,NVIDIA A100-SXM4-40GB MIG 4g.20gb (0),1,,13,[CUDA memset]
5666858046,1856,151939,,,,,,,,,,0.000,43.103,Pinned,Device,NVIDIA A100-SXM4-40GB MIG 4g.20gb (0),1,,13,[CUDA memcpy Host-to-Device]
5666862334,9536,151940,,,,,,,,,,0.197,20617.298,Pinned,Device,NVIDIA A100-SXM4-40GB MIG 4g.20gb (0),1,,13,[CUDA memcpy Host-to-Device]
5666950141,10880,151941,273,1,1,48,1,1,40,0.000,0.001,,,,,NVIDIA A100-SXM4-40GB MIG 4g.20gb (0),1,,13,"void pusch_noise_intf_est::noiseIntfEstNoDftSOfdmKernel<float, __half, float, float, (unsigned int)2, (unsigned int)1, (unsigned char)4, (unsigned char)4>(pusch_noise_intf_est::puschRxNoiseIntfEstDynDescr)"
5667093339,7744,151952,35,1,1,128,1,1,16,0.000,0.000,,,,,NVIDIA A100-SXM4-40GB MIG 4g.20gb (0),1,,13,cupy_copy__complex64_complex64
5667333465,3616,151961,1,1,1,1,1,1,18,0.000,0.000,,,,,NVIDIA A100-SXM4-40GB MIG 4g.20gb (0),1,,13,cupy_copy__float32_float32
5667341785,1824,151967,,,,,,,,,,0.000,2.193,Device,Pageable,NVIDIA A100-SXM4-40GB MIG 4g.20gb (0),1,,7,[CUDA memcpy Device-to-Host]
5667588182,19840,151978,1434,1,1,128,1,1,16,0.000,0.000,,,,,NVIDIA A100-SXM4-40GB MIG 4g.20gb (0),1,,13,cupy_copy__complex64_complex64
5667700564,4768,151985,103,1,1,128,1,1,16,0.000,0.000,,,,,NVIDIA A100-SXM4-40GB MIG 4g.20gb (0),1,,13,cupy_copy__complex64_complex64
5667908882,4768,151992,35,1,1,128,1,1,16,0.000,0.000,,,,,NVIDIA A100-SXM4-40GB MIG 4g.20gb (0),1,,13,cupy_copy__complex64_complex64
5668066096,7264,151999,1,1,1,1,1,1,18,0.000,0.000,,,,,NVIDIA A100-SXM4-40GB MIG 4g.20gb (0),1,,13,cupy_copy__float32_float32
5668191471,233629,152010,1,1,1,32,32,1,30,0.000,0.000,,,,,NVIDIA A100-SXM4-40GB MIG 4g.20gb (0),1,,13,"void convert_kernel<__half2, float2>(tensor_layout_any, T1 *, tensor_layout_any, const T2 *)"
5668457548,6656,152013,,,,,,,,,,0.094,14076.887,Pinned,Device,NVIDIA A100-SXM4-40GB MIG 4g.20gb (0),1,,13,[CUDA memcpy Host-to-Device]
5668682729,5728,152014,,,,,,,,,,1.547,270011.165,Device,,NVIDIA A100-SXM4-40GB MIG 4g.20gb (0),1,,13,[CUDA memset]
5668690345,3040,152019,,,,,,,,,,0.031,10294.725,Pinned,Device,NVIDIA A100-SXM4-40GB MIG 4g.20gb (0),1,,13,[CUDA memcpy Host-to-Device]
5668695849,10656,152020,,,,,,,,,,0.197,18450.285,Pinned,Device,NVIDIA A100-SXM4-40GB MIG 4g.20gb (0),1,,13,[CUDA memcpy Host-to-Device]
5668934374,10368,152021,273,1,1,8,4,1,39,0.002,0.000,,,,,NVIDIA A100-SXM4-40GB MIG 4g.20gb (0),1,,13,"void channel_eq::eqMmseCoefCompLowMimoKernel<float, float, float, (unsigned int)4, (unsigned int)1, (unsigned int)4>(const channel_eq::_puschRxChEqStatDescr *, channel_eq::_puschRxChEqCoefCompDynDescr)"
5669172067,11424,152022,273,1,1,12,11,1,51,0.002,0.000,,,,,NVIDIA A100-SXM4-40GB MIG 4g.20gb (0),1,,13,"void channel_eq::eqMmseSoftDemapKernel<float, __half, __half, float, (unsigned int)4, (unsigned short)16383>(channel_eq::_puschRxChEqStatDescr *, channel_eq::_puschRxChEqSoftDemapDynDescr)"
5669471968,600313,152023,1,1,1,32,32,1,30,0.000,0.000,,,,,NVIDIA A100-SXM4-40GB MIG 4g.20gb (0),1,,13,"void convert_kernel<float2, __half2>(tensor_layout_any, T1 *, tensor_layout_any, const T2 *)"
5670399861,12864,152035,2253,1,1,128,1,1,16,0.000,0.000,,,,,NVIDIA A100-SXM4-40GB MIG 4g.20gb (0),1,,13,cupy_copy__float16_float16
5670589363,27936,152044,282,1,1,128,1,1,16,0.000,0.000,,,,,NVIDIA A100-SXM4-40GB MIG 4g.20gb (0),1,,13,cupy_copy__complex64_complex64
5670711794,3392,152053,26,1,1,128,1,1,16,0.000,0.000,,,,,NVIDIA A100-SXM4-40GB MIG 4g.20gb (0),1,,13,cupy_copy__float32_float32
5670904367,6848,152062,103,1,1,128,1,1,16,0.000,0.000,,,,,NVIDIA A100-SXM4-40GB MIG 4g.20gb (0),1,,13,cupy_copy__complex64_complex64
5671150765,17567,152078,1434,1,1,128,1,1,16,0.000,0.000,,,,,NVIDIA A100-SXM4-40GB MIG 4g.20gb (0),1,,13,cupy_copy__complex64_complex64
5671463401,200574,152083,1,1,1,32,32,1,30,0.000,0.000,,,,,NVIDIA A100-SXM4-40GB MIG 4g.20gb (0),1,,13,"void convert_kernel<__half2, float2>(tensor_layout_any, T1 *, tensor_layout_any, const T2 *)"
5671693894,6432,152086,,,,,,,,,,0.094,14567.105,Pinned,Device,NVIDIA A100-SXM4-40GB MIG 4g.20gb (0),1,,13,[CUDA memcpy Host-to-Device]
5672128449,615769,152087,,,,,,,,,,456.561,740999.217,Device,,NVIDIA A100-SXM4-40GB MIG 4g.20gb (0),1,,13,[CUDA memset]
5672753914,52448,152092,,,,,,,,,,1.235,23545.442,Pinned,Device,NVIDIA A100-SXM4-40GB MIG 4g.20gb (0),1,,13,[CUDA memcpy Host-to-Device]
5672808954,10623,152093,,,,,,,,,,0.197,18507.694,Pinned,Device,NVIDIA A100-SXM4-40GB MIG 4g.20gb (0),1,,13,[CUDA memcpy Host-to-Device]
5673332147,13216,152094,69,4,1,48,1,1,76,0.002,0.000,,,,,NVIDIA A100-SXM4-40GB MIG 4g.20gb (0),1,,13,"void ch_est::windowedChEstPreNoDftSOfdmKernel<float, __half, float, (unsigned int)2, (unsigned int)1, (unsigned short)4>(ch_est::puschRxChEstStatDescr_t *, ch_est::puschRxChEstDynDescr_t *)"
5673529233,9568,152095,137,2,1,24,2,1,44,0.001,0.001,,,,,NVIDIA A100-SXM4-40GB MIG 4g.20gb (0),1,,13,"void ch_est::chEstFilterNoDftSOfdmDispatchKernel<float, __half, float, (unsigned int)2>(ch_est::puschRxChEstStatDescr_t *, ch_est::puschRxChEstDynDescr_t *)"
5673787726,8960,152096,137,2,1,24,2,1,44,0.001,0.001,,,,,NVIDIA A100-SXM4-40GB MIG 4g.20gb (0),1,,13,"void ch_est::chEstFilterNoDftSOfdmDispatchKernel<float, __half, float, (unsigned int)2>(ch_est::puschRxChEstStatDescr_t *, ch_est::puschRxChEstDynDescr_t *)"
5673895501,5120,152107,103,1,1,128,1,1,16,0.000,0.000,,,,,NVIDIA A100-SXM4-40GB MIG 4g.20gb (0),1,,13,cupy_copy__complex64_complex64
5673943852,20864,152117,1434,1,1,128,1,1,16,0.000,0.000,,,,,NVIDIA A100-SXM4-40GB MIG 4g.20gb (0),1,,13,cupy_copy__complex64_complex64
5674030795,3456,152124,103,1,1,128,1,1,16,0.000,0.000,,,,,NVIDIA A100-SXM4-40GB MIG 4g.20gb (0),1,,13,cupy_copy__complex64_complex64
5674070571,97631,152131,1,1,1,32,32,1,30,0.000,0.000,,,,,NVIDIA A100-SXM4-40GB MIG 4g.20gb (0),1,,13,"void convert_kernel<__half2, float2>(tensor_layout_any, T1 *, tensor_layout_any, const T2 *)"
5674197353,5824,152134,,,,,,,,,,0.094,16087.884,Pinned,Device,NVIDIA A100-SXM4-40GB MIG 4g.20gb (0),1,,13,[CUDA memcpy Host-to-Device]
5674233001,51231,152135,,,,,,,,,,35.810,698973.828,Device,,NVIDIA A100-SXM4-40GB MIG 4g.20gb (0),1,,13,[CUDA memset]
5674291688,1888,152137,,,,,,,,,,0.000,42.373,Pinned,Device,NVIDIA A100-SXM4-40GB MIG 4g.20gb (0),1,,13,[CUDA memcpy Host-to-Device]
5674296136,9632,152138,,,,,,,,,,0.197,20411.843,Pinned,Device,NVIDIA A100-SXM4-40GB MIG 4g.20gb (0),1,,13,[CUDA memcpy Host-to-Device]
5674372551,11488,152139,273,1,1,48,1,1,40,0.000,0.001,,,,,NVIDIA A100-SXM4-40GB MIG 4g.20gb (0),1,,13,"void pusch_noise_intf_est::noiseIntfEstNoDftSOfdmKernel<float, __half, float, float, (unsigned int)2, (unsigned int)1, (unsigned char)4, (unsigned char)4>(pusch_noise_intf_est::puschRxNoiseIntfEstDynDescr)"
5674460582,5536,152150,35,1,1,128,1,1,16,0.000,0.000,,,,,NVIDIA A100-SXM4-40GB MIG 4g.20gb (0),1,,13,cupy_copy__complex64_complex64
5674508422,2144,152159,1,1,1,1,1,1,18,0.000,0.000,,,,,NVIDIA A100-SXM4-40GB MIG 4g.20gb (0),1,,13,cupy_copy__float32_float32
5674518310,1600,152165,,,,,,,,,,0.000,2.500,Device,Pageable,NVIDIA A100-SXM4-40GB MIG 4g.20gb (0),1,,7,[CUDA memcpy Device-to-Host]
5674631556,15552,152176,1434,1,1,128,1,1,16,0.000,0.000,,,,,NVIDIA A100-SXM4-40GB MIG 4g.20gb (0),1,,13,cupy_copy__complex64_complex64
5674716483,4224,152183,103,1,1,128,1,1,16,0.000,0.000,,,,,NVIDIA A100-SXM4-40GB MIG 4g.20gb (0),1,,13,cupy_copy__complex64_complex64
5674763395,8576,152190,35,1,1,128,1,1,16,0.000,0.000,,,,,NVIDIA A100-SXM4-40GB MIG 4g.20gb (0),1,,13,cupy_copy__complex64_complex64
5674858306,4576,152197,1,1,1,1,1,1,18,0.000,0.000,,,,,NVIDIA A100-SXM4-40GB MIG 4g.20gb (0),1,,13,cupy_copy__float32_float32
5674939425,209054,152208,1,1,1,32,32,1,30,0.000,0.000,,,,,NVIDIA A100-SXM4-40GB MIG 4g.20gb (0),1,,13,"void convert_kernel<__half2, float2>(tensor_layout_any, T1 *, tensor_layout_any, const T2 *)"
5675178590,9152,152211,,,,,,,,,,0.094,10237.693,Pinned,Device,NVIDIA A100-SXM4-40GB MIG 4g.20gb (0),1,,13,[CUDA memcpy Host-to-Device]
5675351452,4960,152212,,,,,,,,,,1.547,311817.958,Device,,NVIDIA A100-SXM4-40GB MIG 4g.20gb (0),1,,13,[CUDA memset]
5675362780,7776,152217,,,,,,,,,,0.031,4024.666,Pinned,Device,NVIDIA A100-SXM4-40GB MIG 4g.20gb (0),1,,13,[CUDA memcpy Host-to-Device]
5675374428,13856,152218,,,,,,,,,,0.197,14189.199,Pinned,Device,NVIDIA A100-SXM4-40GB MIG 4g.20gb (0),1,,13,[CUDA memcpy Host-to-Device]
5675711224,18080,152219,273,1,1,8,4,1,39,0.002,0.000,,,,,NVIDIA A100-SXM4-40GB MIG 4g.20gb (0),1,,13,"void channel_eq::eqMmseCoefCompLowMimoKernel<float, float, float, (unsigned int)4, (unsigned int)1, (unsigned int)4>(const channel_eq::_puschRxChEqStatDescr *, channel_eq::_puschRxChEqCoefCompDynDescr)"
5675774391,12896,152220,273,1,1,12,11,1,51,0.002,0.000,,,,,NVIDIA A100-SXM4-40GB MIG 4g.20gb (0),1,,13,"void channel_eq::eqMmseSoftDemapKernel<float, __half, __half, float, (unsigned int)4, (unsigned short)16383>(channel_eq::_puschRxChEqStatDescr *, channel_eq::_puschRxChEqSoftDemapDynDescr)"
5675822647,493658,152221,1,1,1,32,32,1,30,0.000,0.000,,,,,NVIDIA A100-SXM4-40GB MIG 4g.20gb (0),1,,13,"void convert_kernel<float2, __half2>(tensor_layout_any, T1 *, tensor_layout_any, const T2 *)"
5677029161,13728,152233,2253,1,1,128,1,1,16,0.000,0.000,,,,,NVIDIA A100-SXM4-40GB MIG 4g.20gb (0),1,,13,cupy_copy__float16_float16
5677764576,5120,152242,282,1,1,128,1,1,16,0.000,0.000,,,,,NVIDIA A100-SXM4-40GB MIG 4g.20gb (0),1,,13,cupy_copy__complex64_complex64
5678130108,4608,152251,26,1,1,128,1,1,16,0.000,0.000,,,,,NVIDIA A100-SXM4-40GB MIG 4g.20gb (0),1,,13,cupy_copy__float32_float32
5678533303,6720,152260,103,1,1,128,1,1,16,0.000,0.000,,,,,NVIDIA A100-SXM4-40GB MIG 4g.20gb (0),1,,13,cupy_copy__complex64_complex64
5678904147,18528,152270,1434,1,1,128,1,1,16,0.000,0.000,,,,,NVIDIA A100-SXM4-40GB MIG 4g.20gb (0),1,,13,cupy_copy__complex64_complex64
5679317870,208830,152275,1,1,1,32,32,1,30,0.000,0.000,,,,,NVIDIA A100-SXM4-40GB MIG 4g.20gb (0),1,,13,"void convert_kernel<__half2, float2>(tensor_layout_any, T1 *, tensor_layout_any, const T2 *)"
5679557740,5888,152278,,,,,,,,,,0.094,15912.954,Pinned,Device,NVIDIA A100-SXM4-40GB MIG 4g.20gb (0),1,,13,[CUDA memcpy Host-to-Device]
5680109669,609273,152279,,,,,,,,,,456.561,749217.323,Device,,NVIDIA A100-SXM4-40GB MIG 4g.20gb (0),1,,13,[CUDA memset]
5680723358,58719,152284,,,,,,,,,,1.235,21031.096,Pinned,Device,NVIDIA A100-SXM4-40GB MIG 4g.20gb (0),1,,13,[CUDA memcpy Host-to-Device]
5680784509,13408,152285,,,,,,,,,,0.197,14663.418,Pinned,Device,NVIDIA A100-SXM4-40GB MIG 4g.20gb (0),1,,13,[CUDA memcpy Host-to-Device]
5681447798,13824,152286,69,4,1,48,1,1,76,0.002,0.000,,,,,NVIDIA A100-SXM4-40GB MIG 4g.20gb (0),1,,13,"void ch_est::windowedChEstPreNoDftSOfdmKernel<float, __half, float, (unsigned int)2, (unsigned int)1, (unsigned short)4>(ch_est::puschRxChEstStatDescr_t *, ch_est::puschRxChEstDynDescr_t *)"
5682186477,10176,152287,137,2,1,24,2,1,44,0.001,0.001,,,,,NVIDIA A100-SXM4-40GB MIG 4g.20gb (0),1,,13,"void ch_est::chEstFilterNoDftSOfdmDispatchKernel<float, __half, float, (unsigned int)2>(ch_est::puschRxChEstStatDescr_t *, ch_est::puschRxChEstDynDescr_t *)"
5682734279,9344,152288,137,2,1,24,2,1,44,0.001,0.001,,,,,NVIDIA A100-SXM4-40GB MIG 4g.20gb (0),1,,13,"void ch_est::chEstFilterNoDftSOfdmDispatchKernel<float, __half, float, (unsigned int)2>(ch_est::puschRxChEstStatDescr_t *, ch_est::puschRxChEstDynDescr_t *)"
5683284513,4864,152299,103,1,1,128,1,1,16,0.000,0.000,,,,,NVIDIA A100-SXM4-40GB MIG 4g.20gb (0),1,,13,cupy_copy__complex64_complex64
5683643580,16320,152309,1434,1,1,128,1,1,16,0.000,0.000,,,,,NVIDIA A100-SXM4-40GB MIG 4g.20gb (0),1,,13,cupy_copy__complex64_complex64
5683899674,5567,152316,103,1,1,128,1,1,16,0.000,0.000,,,,,NVIDIA A100-SXM4-40GB MIG 4g.20gb (0),1,,13,cupy_copy__complex64_complex64
5684349108,262013,152323,1,1,1,32,32,1,30,0.000,0.000,,,,,NVIDIA A100-SXM4-40GB MIG 4g.20gb (0),1,,13,"void convert_kernel<__half2, float2>(tensor_layout_any, T1 *, tensor_layout_any, const T2 *)"
5684641969,5568,152326,,,,,,,,,,0.094,16827.521,Pinned,Device,NVIDIA A100-SXM4-40GB MIG 4g.20gb (0),1,,13,[CUDA memcpy Host-to-Device]
5685205514,50464,152327,,,,,,,,,,35.810,709609.375,Device,,NVIDIA A100-SXM4-40GB MIG 4g.20gb (0),1,,13,[CUDA memset]
5685259914,2496,152329,,,,,,,,,,0.000,32.051,Pinned,Device,NVIDIA A100-SXM4-40GB MIG 4g.20gb (0),1,,13,[CUDA memcpy Host-to-Device]
5685267146,15232,152330,,,,,,,,,,0.197,12907.512,Pinned,Device,NVIDIA A100-SXM4-40GB MIG 4g.20gb (0),1,,13,[CUDA memcpy Host-to-Device]
5685875171,19391,152331,273,1,1,48,1,1,40,0.000,0.001,,,,,NVIDIA A100-SXM4-40GB MIG 4g.20gb (0),1,,13,"void pusch_noise_intf_est::noiseIntfEstNoDftSOfdmKernel<float, __half, float, float, (unsigned int)2, (unsigned int)1, (unsigned char)4, (unsigned char)4>(pusch_noise_intf_est::puschRxNoiseIntfEstDynDescr)"
5686142688,5024,152342,35,1,1,128,1,1,16,0.000,0.000,,,,,NVIDIA A100-SXM4-40GB MIG 4g.20gb (0),1,,13,cupy_copy__complex64_complex64
5687104245,3679,152351,1,1,1,1,1,1,18,0.000,0.000,,,,,NVIDIA A100-SXM4-40GB MIG 4g.20gb (0),1,,13,cupy_copy__float32_float32
5687113332,4416,152357,,,,,,,,,,0.000,0.906,Device,Pageable,NVIDIA A100-SXM4-40GB MIG 4g.20gb (0),1,,7,[CUDA memcpy Device-to-Host]
5688079913,18240,152368,1434,1,1,128,1,1,16,0.000,0.000,,,,,NVIDIA A100-SXM4-40GB MIG 4g.20gb (0),1,,13,cupy_copy__complex64_complex64
5689062654,5568,152375,103,1,1,128,1,1,16,0.000,0.000,,,,,NVIDIA A100-SXM4-40GB MIG 4g.20gb (0),1,,13,cupy_copy__complex64_complex64
5689861269,4448,152382,35,1,1,128,1,1,16,0.000,0.000,,,,,NVIDIA A100-SXM4-40GB MIG 4g.20gb (0),1,,13,cupy_copy__complex64_complex64
5690669579,3648,152389,1,1,1,1,1,1,18,0.000,0.000,,,,,NVIDIA A100-SXM4-40GB MIG 4g.20gb (0),1,,13,cupy_copy__float32_float32
5691456738,204158,152400,1,1,1,32,32,1,30,0.000,0.000,,,,,NVIDIA A100-SXM4-40GB MIG 4g.20gb (0),1,,13,"void convert_kernel<__half2, float2>(tensor_layout_any, T1 *, tensor_layout_any, const T2 *)"
5691694976,8959,152403,,,,,,,,,,0.094,10458.254,Pinned,Device,NVIDIA A100-SXM4-40GB MIG 4g.20gb (0),1,,13,[CUDA memcpy Host-to-Device]
5692318808,7040,152404,,,,,,,,,,1.547,219690.206,Device,,NVIDIA A100-SXM4-40GB MIG 4g.20gb (0),1,,13,[CUDA memset]
5692329688,7936,152409,,,,,,,,,,0.031,3943.546,Pinned,Device,NVIDIA A100-SXM4-40GB MIG 4g.20gb (0),1,,13,[CUDA memcpy Host-to-Device]
5692340280,13280,152410,,,,,,,,,,0.197,14804.779,Pinned,Device,NVIDIA A100-SXM4-40GB MIG 4g.20gb (0),1,,13,[CUDA memcpy Host-to-Device]
5692706100,10048,152411,273,1,1,8,4,1,39,0.002,0.000,,,,,NVIDIA A100-SXM4-40GB MIG 4g.20gb (0),1,,13,"void channel_eq::eqMmseCoefCompLowMimoKernel<float, float, float, (unsigned int)4, (unsigned int)1, (unsigned int)4>(const channel_eq::_puschRxChEqStatDescr *, channel_eq::_puschRxChEqCoefCompDynDescr)"
5693081456,13823,152412,273,1,1,12,11,1,51,0.002,0.000,,,,,NVIDIA A100-SXM4-40GB MIG 4g.20gb (0),1,,13,"void channel_eq::eqMmseSoftDemapKernel<float, __half, __half, float, (unsigned int)4, (unsigned short)16383>(channel_eq::_puschRxChEqStatDescr *, channel_eq::_puschRxChEqSoftDemapDynDescr)"
5693469291,610617,152413,1,1,1,32,32,1,30,0.000,0.000,,,,,NVIDIA A100-SXM4-40GB MIG 4g.20gb (0),1,,13,"void convert_kernel<float2, __half2>(tensor_layout_any, T1 *, tensor_layout_any, const T2 *)"
5694093284,13056,152425,2253,1,1,128,1,1,16,0.000,0.000,,,,,NVIDIA A100-SXM4-40GB MIG 4g.20gb (0),1,,13,cupy_copy__float16_float16
5694132003,4992,152434,282,1,1,128,1,1,16,0.000,0.000,,,,,NVIDIA A100-SXM4-40GB MIG 4g.20gb (0),1,,13,cupy_copy__complex64_complex64
5694323745,4960,152443,26,1,1,128,1,1,16,0.000,0.000,,,,,NVIDIA A100-SXM4-40GB MIG 4g.20gb (0),1,,13,cupy_copy__float32_float32
5694515135,24640,152452,103,1,1,128,1,1,16,0.000,0.000,,,,,NVIDIA A100-SXM4-40GB MIG 4g.20gb (0),1,,13,cupy_copy__complex64_complex64
5695095352,19872,152462,1434,1,1,128,1,1,16,0.000,0.000,,,,,NVIDIA A100-SXM4-40GB MIG 4g.20gb (0),1,,13,cupy_copy__complex64_complex64
5695599986,211454,152467,1,1,1,32,32,1,30,0.000,0.000,,,,,NVIDIA A100-SXM4-40GB MIG 4g.20gb (0),1,,13,"void convert_kernel<__half2, float2>(tensor_layout_any, T1 *, tensor_layout_any, const T2 *)"
5695856528,8959,152470,,,,,,,,,,0.094,10458.254,Pinned,Device,NVIDIA A100-SXM4-40GB MIG 4g.20gb (0),1,,13,[CUDA memcpy Host-to-Device]
5696584519,605177,152471,,,,,,,,,,456.561,754239.499,Device,,NVIDIA A100-SXM4-40GB MIG 4g.20gb (0),1,,13,[CUDA memset]
5697197568,71199,152476,,,,,,,,,,1.235,17344.788,Pinned,Device,NVIDIA A100-SXM4-40GB MIG 4g.20gb (0),1,,13,[CUDA memcpy Host-to-Device]
5697271871,11360,152477,,,,,,,,,,0.197,17307.009,Pinned,Device,NVIDIA A100-SXM4-40GB MIG 4g.20gb (0),1,,13,[CUDA memcpy Host-to-Device]
5697660187,13376,152478,69,4,1,48,1,1,76,0.002,0.000,,,,,NVIDIA A100-SXM4-40GB MIG 4g.20gb (0),1,,13,"void ch_est::windowedChEstPreNoDftSOfdmKernel<float, __half, float, (unsigned int)2, (unsigned int)1, (unsigned short)4>(ch_est::puschRxChEstStatDescr_t *, ch_est::puschRxChEstDynDescr_t *)"
5698135797,11648,152479,137,2,1,24,2,1,44,0.001,0.001,,,,,NVIDIA A100-SXM4-40GB MIG 4g.20gb (0),1,,13,"void ch_est::chEstFilterNoDftSOfdmDispatchKernel<float, __half, float, (unsigned int)2>(ch_est::puschRxChEstStatDescr_t *, ch_est::puschRxChEstDynDescr_t *)"
5698608880,9504,152480,137,2,1,24,2,1,44,0.001,0.001,,,,,NVIDIA A100-SXM4-40GB MIG 4g.20gb (0),1,,13,"void ch_est::chEstFilterNoDftSOfdmDispatchKernel<float, __half, float, (unsigned int)2>(ch_est::puschRxChEstStatDescr_t *, ch_est::puschRxChEstDynDescr_t *)"
5699080458,4864,152491,103,1,1,128,1,1,16,0.000,0.000,,,,,NVIDIA A100-SXM4-40GB MIG 4g.20gb (0),1,,13,cupy_copy__complex64_complex64
5699328839,18720,152501,1434,1,1,128,1,1,16,0.000,0.000,,,,,NVIDIA A100-SXM4-40GB MIG 4g.20gb (0),1,,13,cupy_copy__complex64_complex64
5699993472,7136,152508,103,1,1,128,1,1,16,0.000,0.000,,,,,NVIDIA A100-SXM4-40GB MIG 4g.20gb (0),1,,13,cupy_copy__complex64_complex64
5700324732,283549,152515,1,1,1,32,32,1,30,0.000,0.000,,,,,NVIDIA A100-SXM4-40GB MIG 4g.20gb (0),1,,13,"void convert_kernel<__half2, float2>(tensor_layout_any, T1 *, tensor_layout_any, const T2 *)"
5700639736,11680,152518,,,,,,,,,,0.094,8021.877,Pinned,Device,NVIDIA A100-SXM4-40GB MIG 4g.20gb (0),1,,13,[CUDA memcpy Host-to-Device]
5701012436,55807,152519,,,,,,,,,,35.810,641642.147,Device,,NVIDIA A100-SXM4-40GB MIG 4g.20gb (0),1,,13,[CUDA memset]
5701074131,2144,152521,,,,,,,,,,0.000,37.313,Pinned,Device,NVIDIA A100-SXM4-40GB MIG 4g.20gb (0),1,,13,[CUDA memcpy Host-to-Device]
5701078931,12608,152522,,,,,,,,,,0.197,15593.767,Pinned,Device,NVIDIA A100-SXM4-40GB MIG 4g.20gb (0),1,,13,[CUDA memcpy Host-to-Device]
5701568206,26975,152523,273,1,1,48,1,1,40,0.000,0.001,,,,,NVIDIA A100-SXM4-40GB MIG 4g.20gb (0),1,,13,"void pusch_noise_intf_est::noiseIntfEstNoDftSOfdmKernel<float, __half, float, float, (unsigned int)2, (unsigned int)1, (unsigned char)4, (unsigned char)4>(pusch_noise_intf_est::puschRxNoiseIntfEstDynDescr)"
5701632333,3936,152534,35,1,1,128,1,1,16,0.000,0.000,,,,,NVIDIA A100-SXM4-40GB MIG 4g.20gb (0),1,,13,cupy_copy__complex64_complex64
5701849130,3488,152543,1,1,1,1,1,1,18,0.000,0.000,,,,,NVIDIA A100-SXM4-40GB MIG 4g.20gb (0),1,,13,cupy_copy__float32_float32
5701856714,1632,152549,,,,,,,,,,0.000,2.451,Device,Pageable,NVIDIA A100-SXM4-40GB MIG 4g.20gb (0),1,,7,[CUDA memcpy Device-to-Host]
5702083944,17439,152560,1434,1,1,128,1,1,16,0.000,0.000,,,,,NVIDIA A100-SXM4-40GB MIG 4g.20gb (0),1,,13,cupy_copy__complex64_complex64
5702315781,5376,152567,103,1,1,128,1,1,16,0.000,0.000,,,,,NVIDIA A100-SXM4-40GB MIG 4g.20gb (0),1,,13,cupy_copy__complex64_complex64
5702534242,7584,152574,35,1,1,128,1,1,16,0.000,0.000,,,,,NVIDIA A100-SXM4-40GB MIG 4g.20gb (0),1,,13,cupy_copy__complex64_complex64
5702763264,3488,152581,1,1,1,1,1,1,18,0.000,0.000,,,,,NVIDIA A100-SXM4-40GB MIG 4g.20gb (0),1,,13,cupy_copy__float32_float32
5702955550,211645,152592,1,1,1,32,32,1,30,0.000,0.000,,,,,NVIDIA A100-SXM4-40GB MIG 4g.20gb (0),1,,13,"void convert_kernel<__half2, float2>(tensor_layout_any, T1 *, tensor_layout_any, const T2 *)"
5703198363,5440,152595,,,,,,,,,,0.094,17223.480,Pinned,Device,NVIDIA A100-SXM4-40GB MIG 4g.20gb (0),1,,13,[CUDA memcpy Host-to-Device]
5703222875,5503,152596,,,,,,,,,,1.547,281050.967,Device,,NVIDIA A100-SXM4-40GB MIG 4g.20gb (0),1,,13,[CUDA memset]
5703233914,7168,152601,,,,,,,,,,0.031,4366.042,Pinned,Device,NVIDIA A100-SXM4-40GB MIG 4g.20gb (0),1,,13,[CUDA memcpy Host-to-Device]
5703243642,9504,152602,,,,,,,,,,0.197,20686.701,Pinned,Device,NVIDIA A100-SXM4-40GB MIG 4g.20gb (0),1,,13,[CUDA memcpy Host-to-Device]
5703266554,12832,152603,273,1,1,8,4,1,39,0.002,0.000,,,,,NVIDIA A100-SXM4-40GB MIG 4g.20gb (0),1,,13,"void channel_eq::eqMmseCoefCompLowMimoKernel<float, float, float, (unsigned int)4, (unsigned int)1, (unsigned int)4>(const channel_eq::_puschRxChEqStatDescr *, channel_eq::_puschRxChEqCoefCompDynDescr)"
5703311129,8928,152604,273,1,1,12,11,1,51,0.002,0.000,,,,,NVIDIA A100-SXM4-40GB MIG 4g.20gb (0),1,,13,"void channel_eq::eqMmseSoftDemapKernel<float, __half, __half, float, (unsigned int)4, (unsigned short)16383>(channel_eq::_puschRxChEqStatDescr *, channel_eq::_puschRxChEqSoftDemapDynDescr)"
5703346297,459291,152605,1,1,1,32,32,1,30,0.000,0.000,,,,,NVIDIA A100-SXM4-40GB MIG 4g.20gb (0),1,,13,"void convert_kernel<float2, __half2>(tensor_layout_any, T1 *, tensor_layout_any, const T2 *)"
5703845299,12832,152617,2253,1,1,128,1,1,16,0.000,0.000,,,,,NVIDIA A100-SXM4-40GB MIG 4g.20gb (0),1,,13,cupy_copy__float16_float16
5703931314,5504,152626,282,1,1,128,1,1,16,0.000,0.000,,,,,NVIDIA A100-SXM4-40GB MIG 4g.20gb (0),1,,13,cupy_copy__complex64_complex64
5704012657,3104,152635,26,1,1,128,1,1,16,0.000,0.000,,,,,NVIDIA A100-SXM4-40GB MIG 4g.20gb (0),1,,13,cupy_copy__float32_float32
5704071633,8576,152644,103,1,1,128,1,1,16,0.000,0.000,,,,,NVIDIA A100-SXM4-40GB MIG 4g.20gb (0),1,,13,cupy_copy__complex64_complex64
5704113616,14624,152654,1434,1,1,128,1,1,16,0.000,0.000,,,,,NVIDIA A100-SXM4-40GB MIG 4g.20gb (0),1,,13,cupy_copy__complex64_complex64
5704197871,105695,152659,1,1,1,32,32,1,30,0.000,0.000,,,,,NVIDIA A100-SXM4-40GB MIG 4g.20gb (0),1,,13,"void convert_kernel<__half2, float2>(tensor_layout_any, T1 *, tensor_layout_any, const T2 *)"
5704334254,6144,152662,,,,,,,,,,0.094,15249.961,Pinned,Device,NVIDIA A100-SXM4-40GB MIG 4g.20gb (0),1,,13,[CUDA memcpy Host-to-Device]
5704377997,607161,152663,,,,,,,,,,456.561,751956.692,Device,,NVIDIA A100-SXM4-40GB MIG 4g.20gb (0),1,,13,[CUDA memset]
5704989798,55231,152668,,,,,,,,,,1.235,22358.661,Pinned,Device,NVIDIA A100-SXM4-40GB MIG 4g.20gb (0),1,,13,[CUDA memcpy Host-to-Device]
5705047877,9696,152669,,,,,,,,,,0.197,20277.166,Pinned,Device,NVIDIA A100-SXM4-40GB MIG 4g.20gb (0),1,,13,[CUDA memcpy Host-to-Device]
5705195364,11360,152670,69,4,1,48,1,1,76,0.002,0.000,,,,,NVIDIA A100-SXM4-40GB MIG 4g.20gb (0),1,,13,"void ch_est::windowedChEstPreNoDftSOfdmKernel<float, __half, float, (unsigned int)2, (unsigned int)1, (unsigned short)4>(ch_est::puschRxChEstStatDescr_t *, ch_est::puschRxChEstDynDescr_t *)"
5705487200,9376,152671,137,2,1,24,2,1,44,0.001,0.001,,,,,NVIDIA A100-SXM4-40GB MIG 4g.20gb (0),1,,13,"void ch_est::chEstFilterNoDftSOfdmDispatchKernel<float, __half, float, (unsigned int)2>(ch_est::puschRxChEstStatDescr_t *, ch_est::puschRxChEstDynDescr_t *)"
5705790653,9664,152672,137,2,1,24,2,1,44,0.001,0.001,,,,,NVIDIA A100-SXM4-40GB MIG 4g.20gb (0),1,,13,"void ch_est::chEstFilterNoDftSOfdmDispatchKernel<float, __half, float, (unsigned int)2>(ch_est::puschRxChEstStatDescr_t *, ch_est::puschRxChEstDynDescr_t *)"
5706088025,4096,152683,103,1,1,128,1,1,16,0.000,0.000,,,,,NVIDIA A100-SXM4-40GB MIG 4g.20gb (0),1,,13,cupy_copy__complex64_complex64
5706377526,18368,152693,1434,1,1,128,1,1,16,0.000,0.000,,,,,NVIDIA A100-SXM4-40GB MIG 4g.20gb (0),1,,13,cupy_copy__complex64_complex64
5706678611,5280,152700,103,1,1,128,1,1,16,0.000,0.000,,,,,NVIDIA A100-SXM4-40GB MIG 4g.20gb (0),1,,13,cupy_copy__complex64_complex64
5706800049,256957,152707,1,1,1,32,32,1,30,0.000,0.000,,,,,NVIDIA A100-SXM4-40GB MIG 4g.20gb (0),1,,13,"void convert_kernel<__half2, float2>(tensor_layout_any, T1 *, tensor_layout_any, const T2 *)"
5707086638,6496,152710,,,,,,,,,,0.094,14423.562,Pinned,Device,NVIDIA A100-SXM4-40GB MIG 4g.20gb (0),1,,13,[CUDA memcpy Host-to-Device]
5707510281,73823,152711,,,,,,,,,,35.810,485045.366,Device,,NVIDIA A100-SXM4-40GB MIG 4g.20gb (0),1,,13,[CUDA memset]
5707589000,2656,152713,,,,,,,,,,0.000,30.120,Pinned,Device,NVIDIA A100-SXM4-40GB MIG 4g.20gb (0),1,,13,[CUDA memcpy Host-to-Device]
5707597448,15968,152714,,,,,,,,,,0.197,12312.576,Pinned,Device,NVIDIA A100-SXM4-40GB MIG 4g.20gb (0),1,,13,[CUDA memcpy Host-to-Device]
5708059331,21023,152715,273,1,1,48,1,1,40,0.000,0.001,,,,,NVIDIA A100-SXM4-40GB MIG 4g.20gb (0),1,,13,"void pusch_noise_intf_est::noiseIntfEstNoDftSOfdmKernel<float, __half, float, float, (unsigned int)2, (unsigned int)1, (unsigned char)4, (unsigned char)4>(pusch_noise_intf_est::puschRxNoiseIntfEstDynDescr)"
5708367039,6176,152726,35,1,1,128,1,1,16,0.000,0.000,,,,,NVIDIA A100-SXM4-40GB MIG 4g.20gb (0),1,,13,cupy_copy__complex64_complex64
5708808154,3552,152735,1,1,1,1,1,1,18,0.000,0.000,,,,,NVIDIA A100-SXM4-40GB MIG 4g.20gb (0),1,,13,cupy_copy__float32_float32
5708819834,1632,152741,,,,,,,,,,0.000,2.451,Device,Pageable,NVIDIA A100-SXM4-40GB MIG 4g.20gb (0),1,,7,[CUDA memcpy Device-to-Host]
5709065943,16544,152752,1434,1,1,128,1,1,16,0.000,0.000,,,,,NVIDIA A100-SXM4-40GB MIG 4g.20gb (0),1,,13,cupy_copy__complex64_complex64
5709313236,4448,152759,103,1,1,128,1,1,16,0.000,0.000,,,,,NVIDIA A100-SXM4-40GB MIG 4g.20gb (0),1,,13,cupy_copy__complex64_complex64
5709555921,8096,152766,35,1,1,128,1,1,16,0.000,0.000,,,,,NVIDIA A100-SXM4-40GB MIG 4g.20gb (0),1,,13,cupy_copy__complex64_complex64
5709772399,2816,152773,1,1,1,1,1,1,18,0.000,0.000,,,,,NVIDIA A100-SXM4-40GB MIG 4g.20gb (0),1,,13,cupy_copy__float32_float32
5709944173,261757,152784,1,1,1,32,32,1,30,0.000,0.000,,,,,NVIDIA A100-SXM4-40GB MIG 4g.20gb (0),1,,13,"void convert_kernel<__half2, float2>(tensor_layout_any, T1 *, tensor_layout_any, const T2 *)"
5710236842,9535,152787,,,,,,,,,,0.094,9826.462,Pinned,Device,NVIDIA A100-SXM4-40GB MIG 4g.20gb (0),1,,13,[CUDA memcpy Host-to-Device]
5710487367,18687,152788,,,,,,,,,,1.547,82764.490,Device,,NVIDIA A100-SXM4-40GB MIG 4g.20gb (0),1,,13,[CUDA memset]
5710509222,8320,152793,,,,,,,,,,0.031,3761.529,Pinned,Device,NVIDIA A100-SXM4-40GB MIG 4g.20gb (0),1,,13,[CUDA memcpy Host-to-Device]
5710524262,13184,152794,,,,,,,,,,0.197,14912.520,Pinned,Device,NVIDIA A100-SXM4-40GB MIG 4g.20gb (0),1,,13,[CUDA memcpy Host-to-Device]
5710866530,25792,152795,273,1,1,8,4,1,39,0.002,0.000,,,,,NVIDIA A100-SXM4-40GB MIG 4g.20gb (0),1,,13,"void channel_eq::eqMmseCoefCompLowMimoKernel<float, float, float, (unsigned int)4, (unsigned int)1, (unsigned int)4>(const channel_eq::_puschRxChEqStatDescr *, channel_eq::_puschRxChEqCoefCompDynDescr)"
5710976545,11584,152796,273,1,1,12,11,1,51,0.002,0.000,,,,,NVIDIA A100-SXM4-40GB MIG 4g.20gb (0),1,,13,"void channel_eq::eqMmseSoftDemapKernel<float, __half, __half, float, (unsigned int)4, (unsigned short)16383>(channel_eq::_puschRxChEqStatDescr *, channel_eq::_puschRxChEqSoftDemapDynDescr)"
5711340893,634233,152797,1,1,1,32,32,1,30,0.000,0.000,,,,,NVIDIA A100-SXM4-40GB MIG 4g.20gb (0),1,,13,"void convert_kernel<float2, __half2>(tensor_layout_any, T1 *, tensor_layout_any, const T2 *)"
5712102996,13056,152809,2253,1,1,128,1,1,16,0.000,0.000,,,,,NVIDIA A100-SXM4-40GB MIG 4g.20gb (0),1,,13,cupy_copy__float16_float16
5712471952,5248,152818,282,1,1,128,1,1,16,0.000,0.000,,,,,NVIDIA A100-SXM4-40GB MIG 4g.20gb (0),1,,13,cupy_copy__complex64_complex64
5712775084,4224,152827,26,1,1,128,1,1,16,0.000,0.000,,,,,NVIDIA A100-SXM4-40GB MIG 4g.20gb (0),1,,13,cupy_copy__float32_float32
5713124040,5952,152836,103,1,1,128,1,1,16,0.000,0.000,,,,,NVIDIA A100-SXM4-40GB MIG 4g.20gb (0),1,,13,cupy_copy__complex64_complex64
5713478724,16192,152846,1434,1,1,128,1,1,16,0.000,0.000,,,,,NVIDIA A100-SXM4-40GB MIG 4g.20gb (0),1,,13,cupy_copy__complex64_complex64
5713848640,239165,152851,1,1,1,32,32,1,30,0.000,0.000,,,,,NVIDIA A100-SXM4-40GB MIG 4g.20gb (0),1,,13,"void convert_kernel<__half2, float2>(tensor_layout_any, T1 *, tensor_layout_any, const T2 *)"
5714127261,13056,152854,,,,,,,,,,0.094,7176.458,Pinned,Device,NVIDIA A100-SXM4-40GB MIG 4g.20gb (0),1,,13,[CUDA memcpy Host-to-Device]
5714282875,613625,152855,,,,,,,,,,456.561,743738.586,Device,,NVIDIA A100-SXM4-40GB MIG 4g.20gb (0),1,,13,[CUDA memset]
5714898548,61727,152860,,,,,,,,,,1.235,20006.093,Pinned,Device,NVIDIA A100-SXM4-40GB MIG 4g.20gb (0),1,,13,[CUDA memcpy Host-to-Device]
5714966227,10016,152861,,,,,,,,,,0.197,19629.343,Pinned,Device,NVIDIA A100-SXM4-40GB MIG 4g.20gb (0),1,,13,[CUDA memcpy Host-to-Device]
5715043314,8640,152862,69,4,1,48,1,1,76,0.002,0.000,,,,,NVIDIA A100-SXM4-40GB MIG 4g.20gb (0),1,,13,"void ch_est::windowedChEstPreNoDftSOfdmKernel<float, __half, float, (unsigned int)2, (unsigned int)1, (unsigned short)4>(ch_est::puschRxChEstStatDescr_t *, ch_est::puschRxChEstDynDescr_t *)"
5715127697,7872,152863,137,2,1,24,2,1,44,0.001,0.001,,,,,NVIDIA A100-SXM4-40GB MIG 4g.20gb (0),1,,13,"void ch_est::chEstFilterNoDftSOfdmDispatchKernel<float, __half, float, (unsigned int)2>(ch_est::puschRxChEstStatDescr_t *, ch_est::puschRxChEstDynDescr_t *)"
5715209488,8512,152864,137,2,1,24,2,1,44,0.001,0.001,,,,,NVIDIA A100-SXM4-40GB MIG 4g.20gb (0),1,,13,"void ch_est::chEstFilterNoDftSOfdmDispatchKernel<float, __half, float, (unsigned int)2>(ch_est::puschRxChEstStatDescr_t *, ch_est::puschRxChEstDynDescr_t *)"
5715296111,4416,152875,103,1,1,128,1,1,16,0.000,0.000,,,,,NVIDIA A100-SXM4-40GB MIG 4g.20gb (0),1,,13,cupy_copy__complex64_complex64
5715355438,14048,152885,1434,1,1,128,1,1,16,0.000,0.000,,,,,NVIDIA A100-SXM4-40GB MIG 4g.20gb (0),1,,13,cupy_copy__complex64_complex64
5715447821,4608,152892,103,1,1,128,1,1,16,0.000,0.000,,,,,NVIDIA A100-SXM4-40GB MIG 4g.20gb (0),1,,13,cupy_copy__complex64_complex64
5715490029,101215,152899,1,1,1,32,32,1,30,0.000,0.000,,,,,NVIDIA A100-SXM4-40GB MIG 4g.20gb (0),1,,13,"void convert_kernel<__half2, float2>(tensor_layout_any, T1 *, tensor_layout_any, const T2 *)"
5715620139,6016,152902,,,,,,,,,,0.094,15574.430,Pinned,Device,NVIDIA A100-SXM4-40GB MIG 4g.20gb (0),1,,13,[CUDA memcpy Host-to-Device]
5715765482,50367,152903,,,,,,,,,,35.810,710970.152,Device,,NVIDIA A100-SXM4-40GB MIG 4g.20gb (0),1,,13,[CUDA memset]
5715822761,1856,152905,,,,,,,,,,0.000,43.103,Pinned,Device,NVIDIA A100-SXM4-40GB MIG 4g.20gb (0),1,,13,[CUDA memcpy Host-to-Device]
5715827241,9472,152906,,,,,,,,,,0.197,20756.693,Pinned,Device,NVIDIA A100-SXM4-40GB MIG 4g.20gb (0),1,,13,[CUDA memcpy Host-to-Device]
5715917608,12352,152907,273,1,1,48,1,1,40,0.000,0.001,,,,,NVIDIA A100-SXM4-40GB MIG 4g.20gb (0),1,,13,"void pusch_noise_intf_est::noiseIntfEstNoDftSOfdmKernel<float, __half, float, float, (unsigned int)2, (unsigned int)1, (unsigned char)4, (unsigned char)4>(pusch_noise_intf_est::puschRxNoiseIntfEstDynDescr)"
5716006247,5120,152918,35,1,1,128,1,1,16,0.000,0.000,,,,,NVIDIA A100-SXM4-40GB MIG 4g.20gb (0),1,,13,cupy_copy__complex64_complex64
5716048614,2112,152927,1,1,1,1,1,1,18,0.000,0.000,,,,,NVIDIA A100-SXM4-40GB MIG 4g.20gb (0),1,,13,cupy_copy__float32_float32
5716054694,1600,152933,,,,,,,,,,0.000,2.500,Device,Pageable,NVIDIA A100-SXM4-40GB MIG 4g.20gb (0),1,,7,[CUDA memcpy Device-to-Host]
5716203877,13696,152944,1434,1,1,128,1,1,16,0.000,0.000,,,,,NVIDIA A100-SXM4-40GB MIG 4g.20gb (0),1,,13,cupy_copy__complex64_complex64
5716473730,4704,152951,103,1,1,128,1,1,16,0.000,0.000,,,,,NVIDIA A100-SXM4-40GB MIG 4g.20gb (0),1,,13,cupy_copy__complex64_complex64
5716983708,7072,152958,35,1,1,128,1,1,16,0.000,0.000,,,,,NVIDIA A100-SXM4-40GB MIG 4g.20gb (0),1,,13,cupy_copy__complex64_complex64
5717216921,8544,152965,1,1,1,1,1,1,18,0.000,0.000,,,,,NVIDIA A100-SXM4-40GB MIG 4g.20gb (0),1,,13,cupy_copy__float32_float32
5717601045,228413,152976,1,1,1,32,32,1,30,0.000,0.000,,,,,NVIDIA A100-SXM4-40GB MIG 4g.20gb (0),1,,13,"void convert_kernel<__half2, float2>(tensor_layout_any, T1 *, tensor_layout_any, const T2 *)"
5717862098,11359,152979,,,,,,,,,,0.094,8248.527,Pinned,Device,NVIDIA A100-SXM4-40GB MIG 4g.20gb (0),1,,13,[CUDA memcpy Host-to-Device]
5718314828,6848,152980,,,,,,,,,,1.547,225850.409,Device,,NVIDIA A100-SXM4-40GB MIG 4g.20gb (0),1,,13,[CUDA memset]
5718326124,5472,152985,,,,,,,,,,0.031,5719.281,Pinned,Device,NVIDIA A100-SXM4-40GB MIG 4g.20gb (0),1,,13,[CUDA memcpy Host-to-Device]
5718337580,15456,152986,,,,,,,,,,0.197,12720.341,Pinned,Device,NVIDIA A100-SXM4-40GB MIG 4g.20gb (0),1,,13,[CUDA memcpy Host-to-Device]
5718834406,13632,152987,273,1,1,8,4,1,39,0.002,0.000,,,,,NVIDIA A100-SXM4-40GB MIG 4g.20gb (0),1,,13,"void channel_eq::eqMmseCoefCompLowMimoKernel<float, float, float, (unsigned int)4, (unsigned int)1, (unsigned int)4>(const channel_eq::_puschRxChEqStatDescr *, channel_eq::_puschRxChEqCoefCompDynDescr)"
5719347744,13120,152988,273,1,1,12,11,1,51,0.002,0.000,,,,,NVIDIA A100-SXM4-40GB MIG 4g.20gb (0),1,,13,"void channel_eq::eqMmseSoftDemapKernel<float, __half, __half, float, (unsigned int)4, (unsigned short)16383>(channel_eq::_puschRxChEqStatDescr *, channel_eq::_puschRxChEqSoftDemapDynDescr)"
5719870682,645881,152989,1,1,1,32,32,1,30,0.000,0.000,,,,,NVIDIA A100-SXM4-40GB MIG 4g.20gb (0),1,,13,"void convert_kernel<float2, __half2>(tensor_layout_any, T1 *, tensor_layout_any, const T2 *)"
5720895663,13663,153001,2253,1,1,128,1,1,16,0.000,0.000,,,,,NVIDIA A100-SXM4-40GB MIG 4g.20gb (0),1,,13,cupy_copy__float16_float16
5721273866,6592,153010,282,1,1,128,1,1,16,0.000,0.000,,,,,NVIDIA A100-SXM4-40GB MIG 4g.20gb (0),1,,13,cupy_copy__complex64_complex64
5721630054,5024,153019,26,1,1,128,1,1,16,0.000,0.000,,,,,NVIDIA A100-SXM4-40GB MIG 4g.20gb (0),1,,13,cupy_copy__float32_float32
5721686245,7392,153028,103,1,1,128,1,1,16,0.000,0.000,,,,,NVIDIA A100-SXM4-40GB MIG 4g.20gb (0),1,,13,cupy_copy__complex64_complex64
5721744485,15744,153038,1434,1,1,128,1,1,16,0.000,0.000,,,,,NVIDIA A100-SXM4-40GB MIG 4g.20gb (0),1,,13,cupy_copy__complex64_complex64
5721810916,104095,153043,1,1,1,32,32,1,30,0.000,0.000,,,,,NVIDIA A100-SXM4-40GB MIG 4g.20gb (0),1,,13,"void convert_kernel<__half2, float2>(tensor_layout_any, T1 *, tensor_layout_any, const T2 *)"
5721947874,5600,153046,,,,,,,,,,0.094,16731.388,Pinned,Device,NVIDIA A100-SXM4-40GB MIG 4g.20gb (0),1,,13,[CUDA memcpy Host-to-Device]
5721998018,604153,153047,,,,,,,,,,456.561,755609.183,Device,,NVIDIA A100-SXM4-40GB MIG 4g.20gb (0),1,,13,[CUDA memset]
5722602875,56671,153052,,,,,,,,,,1.235,21790.587,Pinned,Device,NVIDIA A100-SXM4-40GB MIG 4g.20gb (0),1,,13,[CUDA memcpy Host-to-Device]
5722661978,9600,153053,,,,,,,,,,0.197,20479.869,Pinned,Device,NVIDIA A100-SXM4-40GB MIG 4g.20gb (0),1,,13,[CUDA memcpy Host-to-Device]
5722718106,11423,153054,69,4,1,48,1,1,76,0.002,0.000,,,,,NVIDIA A100-SXM4-40GB MIG 4g.20gb (0),1,,13,"void ch_est::windowedChEstPreNoDftSOfdmKernel<float, __half, float, (unsigned int)2, (unsigned int)1, (unsigned short)4>(ch_est::puschRxChEstStatDescr_t *, ch_est::puschRxChEstDynDescr_t *)"
5722775993,10368,153055,137,2,1,24,2,1,44,0.001,0.001,,,,,NVIDIA A100-SXM4-40GB MIG 4g.20gb (0),1,,13,"void ch_est::chEstFilterNoDftSOfdmDispatchKernel<float, __half, float, (unsigned int)2>(ch_est::puschRxChEstStatDescr_t *, ch_est::puschRxChEstDynDescr_t *)"
5722792825,7008,153056,137,2,1,24,2,1,44,0.001,0.001,,,,,NVIDIA A100-SXM4-40GB MIG 4g.20gb (0),1,,13,"void ch_est::chEstFilterNoDftSOfdmDispatchKernel<float, __half, float, (unsigned int)2>(ch_est::puschRxChEstStatDescr_t *, ch_est::puschRxChEstDynDescr_t *)"
5722842968,5344,153067,103,1,1,128,1,1,16,0.000,0.000,,,,,NVIDIA A100-SXM4-40GB MIG 4g.20gb (0),1,,13,cupy_copy__complex64_complex64
5722897143,20640,153077,1434,1,1,128,1,1,16,0.000,0.000,,,,,NVIDIA A100-SXM4-40GB MIG 4g.20gb (0),1,,13,cupy_copy__complex64_complex64
5723025142,3968,153084,103,1,1,128,1,1,16,0.000,0.000,,,,,NVIDIA A100-SXM4-40GB MIG 4g.20gb (0),1,,13,cupy_copy__complex64_complex64
5723323155,268124,153091,1,1,1,32,32,1,30,0.000,0.000,,,,,NVIDIA A100-SXM4-40GB MIG 4g.20gb (0),1,,13,"void convert_kernel<__half2, float2>(tensor_layout_any, T1 *, tensor_layout_any, const T2 *)"
5723621871,8992,153094,,,,,,,,,,0.094,10419.838,Pinned,Device,NVIDIA A100-SXM4-40GB MIG 4g.20gb (0),1,,13,[CUDA memcpy Host-to-Device]
5723825293,50751,153095,,,,,,,,,,35.810,705598.664,Device,,NVIDIA A100-SXM4-40GB MIG 4g.20gb (0),1,,13,[CUDA memset]
5723879596,5408,153097,,,,,,,,,,0.000,14.793,Pinned,Device,NVIDIA A100-SXM4-40GB MIG 4g.20gb (0),1,,13,[CUDA memcpy Host-to-Device]
5723891308,14688,153098,,,,,,,,,,0.197,13385.466,Pinned,Device,NVIDIA A100-SXM4-40GB MIG 4g.20gb (0),1,,13,[CUDA memcpy Host-to-Device]
5724783170,21663,153099,273,1,1,48,1,1,40,0.000,0.001,,,,,NVIDIA A100-SXM4-40GB MIG 4g.20gb (0),1,,13,"void pusch_noise_intf_est::noiseIntfEstNoDftSOfdmKernel<float, __half, float, float, (unsigned int)2, (unsigned int)1, (unsigned char)4, (unsigned char)4>(pusch_noise_intf_est::puschRxNoiseIntfEstDynDescr)"
5725699639,4608,153110,35,1,1,128,1,1,16,0.000,0.000,,,,,NVIDIA A100-SXM4-40GB MIG 4g.20gb (0),1,,13,cupy_copy__complex64_complex64
5726365871,3200,153119,1,1,1,1,1,1,18,0.000,0.000,,,,,NVIDIA A100-SXM4-40GB MIG 4g.20gb (0),1,,13,cupy_copy__float32_float32
5726373039,1856,153125,,,,,,,,,,0.000,2.155,Device,Pageable,NVIDIA A100-SXM4-40GB MIG 4g.20gb (0),1,,7,[CUDA memcpy Device-to-Host]
5727287685,17760,153136,1434,1,1,128,1,1,16,0.000,0.000,,,,,NVIDIA A100-SXM4-40GB MIG 4g.20gb (0),1,,13,cupy_copy__complex64_complex64
5728194074,5632,153143,103,1,1,128,1,1,16,0.000,0.000,,,,,NVIDIA A100-SXM4-40GB MIG 4g.20gb (0),1,,13,cupy_copy__complex64_complex64
5729093040,5696,153150,35,1,1,128,1,1,16,0.000,0.000,,,,,NVIDIA A100-SXM4-40GB MIG 4g.20gb (0),1,,13,cupy_copy__complex64_complex64
5730002597,3264,153157,1,1,1,1,1,1,18,0.000,0.000,,,,,NVIDIA A100-SXM4-40GB MIG 4g.20gb (0),1,,13,cupy_copy__float32_float32
5730853084,231133,153168,1,1,1,32,32,1,30,0.000,0.000,,,,,NVIDIA A100-SXM4-40GB MIG 4g.20gb (0),1,,13,"void convert_kernel<__half2, float2>(tensor_layout_any, T1 *, tensor_layout_any, const T2 *)"
5731115577,11039,153171,,,,,,,,,,0.094,8487.640,Pinned,Device,NVIDIA A100-SXM4-40GB MIG 4g.20gb (0),1,,13,[CUDA memcpy Host-to-Device]
5731554580,6623,153172,,,,,,,,,,1.547,233521.665,Device,,NVIDIA A100-SXM4-40GB MIG 4g.20gb (0),1,,13,[CUDA memset]
5731568755,3168,153177,,,,,,,,,,0.031,9878.770,Pinned,Device,NVIDIA A100-SXM4-40GB MIG 4g.20gb (0),1,,13,[CUDA memcpy Host-to-Device]
5731577363,12672,153178,,,,,,,,,,0.197,15515.124,Pinned,Device,NVIDIA A100-SXM4-40GB MIG 4g.20gb (0),1,,13,[CUDA memcpy Host-to-Device]
5732183532,12448,153179,273,1,1,8,4,1,39,0.002,0.000,,,,,NVIDIA A100-SXM4-40GB MIG 4g.20gb (0),1,,13,"void channel_eq::eqMmseCoefCompLowMimoKernel<float, float, float, (unsigned int)4, (unsigned int)1, (unsigned int)4>(const channel_eq::_puschRxChEqStatDescr *, channel_eq::_puschRxChEqCoefCompDynDescr)"
5732496137,13408,153180,273,1,1,12,11,1,51,0.002,0.000,,,,,NVIDIA A100-SXM4-40GB MIG 4g.20gb (0),1,,13,"void channel_eq::eqMmseSoftDemapKernel<float, __half, __half, float, (unsigned int)4, (unsigned short)16383>(channel_eq::_puschRxChEqStatDescr *, channel_eq::_puschRxChEqSoftDemapDynDescr)"
5732567144,361468,153181,1,1,1,32,32,1,30,0.000,0.000,,,,,NVIDIA A100-SXM4-40GB MIG 4g.20gb (0),1,,13,"void convert_kernel<float2, __half2>(tensor_layout_any, T1 *, tensor_layout_any, const T2 *)"
5732974243,14976,153193,2253,1,1,128,1,1,16,0.000,0.000,,,,,NVIDIA A100-SXM4-40GB MIG 4g.20gb (0),1,,13,cupy_copy__float16_float16
5733038338,6496,153202,282,1,1,128,1,1,16,0.000,0.000,,,,,NVIDIA A100-SXM4-40GB MIG 4g.20gb (0),1,,13,cupy_copy__complex64_complex64
5733049378,4288,153211,26,1,1,128,1,1,16,0.000,0.000,,,,,NVIDIA A100-SXM4-40GB MIG 4g.20gb (0),1,,13,cupy_copy__float32_float32
5733099298,7424,153220,103,1,1,128,1,1,16,0.000,0.000,,,,,NVIDIA A100-SXM4-40GB MIG 4g.20gb (0),1,,13,cupy_copy__complex64_complex64
5733154657,13984,153230,1434,1,1,128,1,1,16,0.000,0.000,,,,,NVIDIA A100-SXM4-40GB MIG 4g.20gb (0),1,,13,cupy_copy__complex64_complex64
5733219680,173342,153235,1,1,1,32,32,1,30,0.000,0.000,,,,,NVIDIA A100-SXM4-40GB MIG 4g.20gb (0),1,,13,"void convert_kernel<__half2, float2>(tensor_layout_any, T1 *, tensor_layout_any, const T2 *)"
5733423038,8640,153238,,,,,,,,,,0.094,10844.375,Pinned,Device,NVIDIA A100-SXM4-40GB MIG 4g.20gb (0),1,,13,[CUDA memcpy Host-to-Device]
5733771994,605401,153239,,,,,,,,,,456.561,753782.937,Device,,NVIDIA A100-SXM4-40GB MIG 4g.20gb (0),1,,13,[CUDA memset]
5734385747,51647,153244,,,,,,,,,,1.235,23910.986,Pinned,Device,NVIDIA A100-SXM4-40GB MIG 4g.20gb (0),1,,13,[CUDA memcpy Host-to-Device]
5734443922,14560,153245,,,,,,,,,,0.197,13503.234,Pinned,Device,NVIDIA A100-SXM4-40GB MIG 4g.20gb (0),1,,13,[CUDA memcpy Host-to-Device]
5734911405,11776,153246,69,4,1,48,1,1,76,0.002,0.000,,,,,NVIDIA A100-SXM4-40GB MIG 4g.20gb (0),1,,13,"void ch_est::windowedChEstPreNoDftSOfdmKernel<float, __half, float, (unsigned int)2, (unsigned int)1, (unsigned short)4>(ch_est::puschRxChEstStatDescr_t *, ch_est::puschRxChEstDynDescr_t *)"
5735316232,9888,153247,137,2,1,24,2,1,44,0.001,0.001,,,,,NVIDIA A100-SXM4-40GB MIG 4g.20gb (0),1,,13,"void ch_est::chEstFilterNoDftSOfdmDispatchKernel<float, __half, float, (unsigned int)2>(ch_est::puschRxChEstStatDescr_t *, ch_est::puschRxChEstDynDescr_t *)"
5735549029,14080,153248,137,2,1,24,2,1,44,0.001,0.001,,,,,NVIDIA A100-SXM4-40GB MIG 4g.20gb (0),1,,13,"void ch_est::chEstFilterNoDftSOfdmDispatchKernel<float, __half, float, (unsigned int)2>(ch_est::puschRxChEstStatDescr_t *, ch_est::puschRxChEstDynDescr_t *)"
5735736451,4896,153259,103,1,1,128,1,1,16,0.000,0.000,,,,,NVIDIA A100-SXM4-40GB MIG 4g.20gb (0),1,,13,cupy_copy__complex64_complex64
5735988256,21536,153269,1434,1,1,128,1,1,16,0.000,0.000,,,,,NVIDIA A100-SXM4-40GB MIG 4g.20gb (0),1,,13,cupy_copy__complex64_complex64
5736393020,5216,153276,103,1,1,128,1,1,16,0.000,0.000,,,,,NVIDIA A100-SXM4-40GB MIG 4g.20gb (0),1,,13,cupy_copy__complex64_complex64
5736625913,267069,153283,1,1,1,32,32,1,30,0.000,0.000,,,,,NVIDIA A100-SXM4-40GB MIG 4g.20gb (0),1,,13,"void convert_kernel<__half2, float2>(tensor_layout_any, T1 *, tensor_layout_any, const T2 *)"
5736923158,10399,153286,,,,,,,,,,0.094,9010.088,Pinned,Device,NVIDIA A100-SXM4-40GB MIG 4g.20gb (0),1,,13,[CUDA memcpy Host-to-Device]
5737077108,64031,153287,,,,,,,,,,35.810,559243.521,Device,,NVIDIA A100-SXM4-40GB MIG 4g.20gb (0),1,,13,[CUDA memset]
5737144435,5440,153289,,,,,,,,,,0.000,14.706,Pinned,Device,NVIDIA A100-SXM4-40GB MIG 4g.20gb (0),1,,13,[CUDA memcpy Host-to-Device]
5737152403,10592,153290,,,,,,,,,,0.197,18561.761,Pinned,Device,NVIDIA A100-SXM4-40GB MIG 4g.20gb (0),1,,13,[CUDA memcpy Host-to-Device]
5737525135,35679,153291,273,1,1,48,1,1,40,0.000,0.001,,,,,NVIDIA A100-SXM4-40GB MIG 4g.20gb (0),1,,13,"void pusch_noise_intf_est::noiseIntfEstNoDftSOfdmKernel<float, __half, float, float, (unsigned int)2, (unsigned int)1, (unsigned char)4, (unsigned char)4>(pusch_noise_intf_est::puschRxNoiseIntfEstDynDescr)"
5737993001,6048,153302,35,1,1,128,1,1,16,0.000,0.000,,,,,NVIDIA A100-SXM4-40GB MIG 4g.20gb (0),1,,13,cupy_copy__complex64_complex64
5738455812,3648,153311,1,1,1,1,1,1,18,0.000,0.000,,,,,NVIDIA A100-SXM4-40GB MIG 4g.20gb (0),1,,13,cupy_copy__float32_float32
5738464292,1600,153317,,,,,,,,,,0.000,2.500,Device,Pageable,NVIDIA A100-SXM4-40GB MIG 4g.20gb (0),1,,7,[CUDA memcpy Device-to-Host]
5739124156,16896,153328,1434,1,1,128,1,1,16,0.000,0.000,,,,,NVIDIA A100-SXM4-40GB MIG 4g.20gb (0),1,,13,cupy_copy__complex64_complex64
5739586103,4992,153335,103,1,1,128,1,1,16,0.000,0.000,,,,,NVIDIA A100-SXM4-40GB MIG 4g.20gb (0),1,,13,cupy_copy__complex64_complex64
5740018386,4704,153342,35,1,1,128,1,1,16,0.000,0.000,,,,,NVIDIA A100-SXM4-40GB MIG 4g.20gb (0),1,,13,cupy_copy__complex64_complex64
5740415213,3296,153349,1,1,1,1,1,1,18,0.000,0.000,,,,,NVIDIA A100-SXM4-40GB MIG 4g.20gb (0),1,,13,cupy_copy__float32_float32
5740485996,230622,153360,1,1,1,32,32,1,30,0.000,0.000,,,,,NVIDIA A100-SXM4-40GB MIG 4g.20gb (0),1,,13,"void convert_kernel<__half2, float2>(tensor_layout_any, T1 *, tensor_layout_any, const T2 *)"
5740747433,5600,153363,,,,,,,,,,0.094,16731.388,Pinned,Device,NVIDIA A100-SXM4-40GB MIG 4g.20gb (0),1,,13,[CUDA memcpy Host-to-Device]
5741026150,5120,153364,,,,,,,,,,1.547,302074.227,Device,,NVIDIA A100-SXM4-40GB MIG 4g.20gb (0),1,,13,[CUDA memset]
5741034086,6624,153369,,,,,,,,,,0.031,4724.632,Pinned,Device,NVIDIA A100-SXM4-40GB MIG 4g.20gb (0),1,,13,[CUDA memcpy Host-to-Device]
5741043238,9984,153370,,,,,,,,,,0.197,19692.257,Pinned,Device,NVIDIA A100-SXM4-40GB MIG 4g.20gb (0),1,,13,[CUDA memcpy Host-to-Device]
5741321539,12288,153371,273,1,1,8,4,1,39,0.002,0.000,,,,,NVIDIA A100-SXM4-40GB MIG 4g.20gb (0),1,,13,"void channel_eq::eqMmseCoefCompLowMimoKernel<float, float, float, (unsigned int)4, (unsigned int)1, (unsigned int)4>(const channel_eq::_puschRxChEqStatDescr *, channel_eq::_puschRxChEqCoefCompDynDescr)"
5741601472,18719,153372,273,1,1,12,11,1,51,0.002,0.000,,,,,NVIDIA A100-SXM4-40GB MIG 4g.20gb (0),1,,13,"void channel_eq::eqMmseSoftDemapKernel<float, __half, __half, float, (unsigned int)4, (unsigned short)16383>(channel_eq::_puschRxChEqStatDescr *, channel_eq::_puschRxChEqSoftDemapDynDescr)"
5741944316,683608,153373,1,1,1,32,32,1,30,0.000,0.000,,,,,NVIDIA A100-SXM4-40GB MIG 4g.20gb (0),1,,13,"void convert_kernel<float2, __half2>(tensor_layout_any, T1 *, tensor_layout_any, const T2 *)"
5742858673,17440,153385,2253,1,1,128,1,1,16,0.000,0.000,,,,,NVIDIA A100-SXM4-40GB MIG 4g.20gb (0),1,,13,cupy_copy__float16_float16
5743154606,6560,153394,282,1,1,128,1,1,16,0.000,0.000,,,,,NVIDIA A100-SXM4-40GB MIG 4g.20gb (0),1,,13,cupy_copy__complex64_complex64
5743428747,4511,153403,26,1,1,128,1,1,16,0.000,0.000,,,,,NVIDIA A100-SXM4-40GB MIG 4g.20gb (0),1,,13,cupy_copy__float32_float32
5743702631,7360,153412,103,1,1,128,1,1,16,0.000,0.000,,,,,NVIDIA A100-SXM4-40GB MIG 4g.20gb (0),1,,13,cupy_copy__complex64_complex64
5743977028,24032,153422,1434,1,1,128,1,1,16,0.000,0.000,,,,,NVIDIA A100-SXM4-40GB MIG 4g.20gb (0),1,,13,cupy_copy__complex64_complex64
5744134466,116767,153427,1,1,1,32,32,1,30,0.000,0.000,,,,,NVIDIA A100-SXM4-40GB MIG 4g.20gb (0),1,,13,"void convert_kernel<__half2, float2>(tensor_layout_any, T1 *, tensor_layout_any, const T2 *)"
5744283361,6688,153430,,,,,,,,,,0.094,14009.520,Pinned,Device,NVIDIA A100-SXM4-40GB MIG 4g.20gb (0),1,,13,[CUDA memcpy Host-to-Device]
5744554558,618008,153431,,,,,,,,,,456.561,738716.410,Device,,NVIDIA A100-SXM4-40GB MIG 4g.20gb (0),1,,13,[CUDA memset]
5745174038,64320,153436,,,,,,,,,,1.235,19199.674,Pinned,Device,NVIDIA A100-SXM4-40GB MIG 4g.20gb (0),1,,13,[CUDA memcpy Host-to-Device]
5745241014,14015,153437,,,,,,,,,,0.197,14028.374,Pinned,Device,NVIDIA A100-SXM4-40GB MIG 4g.20gb (0),1,,13,[CUDA memcpy Host-to-Device]
5745737968,13248,153438,69,4,1,48,1,1,76,0.002,0.000,,,,,NVIDIA A100-SXM4-40GB MIG 4g.20gb (0),1,,13,"void ch_est::windowedChEstPreNoDftSOfdmKernel<float, __half, float, (unsigned int)2, (unsigned int)1, (unsigned short)4>(ch_est::puschRxChEstStatDescr_t *, ch_est::puschRxChEstDynDescr_t *)"
5746254026,23072,153439,137,2,1,24,2,1,44,0.001,0.001,,,,,NVIDIA A100-SXM4-40GB MIG 4g.20gb (0),1,,13,"void ch_est::chEstFilterNoDftSOfdmDispatchKernel<float, __half, float, (unsigned int)2>(ch_est::puschRxChEstStatDescr_t *, ch_est::puschRxChEstDynDescr_t *)"
5746410120,8896,153440,137,2,1,24,2,1,44,0.001,0.001,,,,,NVIDIA A100-SXM4-40GB MIG 4g.20gb (0),1,,13,"void ch_est::chEstFilterNoDftSOfdmDispatchKernel<float, __half, float, (unsigned int)2>(ch_est::puschRxChEstStatDescr_t *, ch_est::puschRxChEstDynDescr_t *)"
5746736260,5184,153451,103,1,1,128,1,1,16,0.000,0.000,,,,,NVIDIA A100-SXM4-40GB MIG 4g.20gb (0),1,,13,cupy_copy__complex64_complex64
5747077696,16480,153461,1434,1,1,128,1,1,16,0.000,0.000,,,,,NVIDIA A100-SXM4-40GB MIG 4g.20gb (0),1,,13,cupy_copy__complex64_complex64
5747435708,4768,153468,103,1,1,128,1,1,16,0.000,0.000,,,,,NVIDIA A100-SXM4-40GB MIG 4g.20gb (0),1,,13,cupy_copy__complex64_complex64
5747725913,211677,153475,1,1,1,32,32,1,30,0.000,0.000,,,,,NVIDIA A100-SXM4-40GB MIG 4g.20gb (0),1,,13,"void convert_kernel<__half2, float2>(tensor_layout_any, T1 *, tensor_layout_any, const T2 *)"
5747967350,6816,153478,,,,,,,,,,0.094,13746.421,Pinned,Device,NVIDIA A100-SXM4-40GB MIG 4g.20gb (0),1,,13,[CUDA memcpy Host-to-Device]
5748220339,56736,153479,,,,,,,,,,35.810,631149.840,Device,,NVIDIA A100-SXM4-40GB MIG 4g.20gb (0),1,,13,[CUDA memset]
5748280243,3359,153481,,,,,,,,,,0.000,23.817,Pinned,Device,NVIDIA A100-SXM4-40GB MIG 4g.20gb (0),1,,13,[CUDA memcpy Host-to-Device]
5748290354,9632,153482,,,,,,,,,,0.197,20411.843,Pinned,Device,NVIDIA A100-SXM4-40GB MIG 4g.20gb (0),1,,13,[CUDA memcpy Host-to-Device]
5748628494,19904,153483,273,1,1,48,1,1,40,0.000,0.001,,,,,NVIDIA A100-SXM4-40GB MIG 4g.20gb (0),1,,13,"void pusch_noise_intf_est::noiseIntfEstNoDftSOfdmKernel<float, __half, float, float, (unsigned int)2, (unsigned int)1, (unsigned char)4, (unsigned char)4>(pusch_noise_intf_est::puschRxNoiseIntfEstDynDescr)"
5749049194,4576,153494,35,1,1,128,1,1,16,0.000,0.000,,,,,NVIDIA A100-SXM4-40GB MIG 4g.20gb (0),1,,13,cupy_copy__complex64_complex64
5749552100,3168,153503,1,1,1,1,1,1,18,0.000,0.000,,,,,NVIDIA A100-SXM4-40GB MIG 4g.20gb (0),1,,13,cupy_copy__float32_float32
5749562308,1568,153509,,,,,,,,,,0.000,2.551,Device,Pageable,NVIDIA A100-SXM4-40GB MIG 4g.20gb (0),1,,7,[CUDA memcpy Device-to-Host]
5749887392,16224,153520,1434,1,1,128,1,1,16,0.000,0.000,,,,,NVIDIA A100-SXM4-40GB MIG 4g.20gb (0),1,,13,cupy_copy__complex64_complex64
5750022078,6016,153527,103,1,1,128,1,1,16,0.000,0.000,,,,,NVIDIA A100-SXM4-40GB MIG 4g.20gb (0),1,,13,cupy_copy__complex64_complex64
5750337979,5344,153534,35,1,1,128,1,1,16,0.000,0.000,,,,,NVIDIA A100-SXM4-40GB MIG 4g.20gb (0),1,,13,cupy_copy__complex64_complex64
5750603192,2976,153541,1,1,1,1,1,1,18,0.000,0.000,,,,,NVIDIA A100-SXM4-40GB MIG 4g.20gb (0),1,,13,cupy_copy__float32_float32
5750864309,221533,153552,1,1,1,32,32,1,30,0.000,0.000,,,,,NVIDIA A100-SXM4-40GB MIG 4g.20gb (0),1,,13,"void convert_kernel<__half2, float2>(tensor_layout_any, T1 *, tensor_layout_any, const T2 *)"
5751116146,12640,153555,,,,,,,,,,0.094,7412.572,Pinned,Device,NVIDIA A100-SXM4-40GB MIG 4g.20gb (0),1,,13,[CUDA memcpy Host-to-Device]
5751324879,6880,153556,,,,,,,,,,1.547,224798.705,Device,,NVIDIA A100-SXM4-40GB MIG 4g.20gb (0),1,,13,[CUDA memset]
5751343695,3648,153561,,,,,,,,,,0.031,8578.922,Pinned,Device,NVIDIA A100-SXM4-40GB MIG 4g.20gb (0),1,,13,[CUDA memcpy Host-to-Device]
5751349871,14240,153562,,,,,,,,,,0.197,13806.600,Pinned,Device,NVIDIA A100-SXM4-40GB MIG 4g.20gb (0),1,,13,[CUDA memcpy Host-to-Device]
5751660556,12479,153563,273,1,1,8,4,1,39,0.002,0.000,,,,,NVIDIA A100-SXM4-40GB MIG 4g.20gb (0),1,,13,"void channel_eq::eqMmseCoefCompLowMimoKernel<float, float, float, (unsigned int)4, (unsigned int)1, (unsigned int)4>(const channel_eq::_puschRxChEqStatDescr *, channel_eq::_puschRxChEqCoefCompDynDescr)"
5751983080,15456,153564,273,1,1,12,11,1,51,0.002,0.000,,,,,NVIDIA A100-SXM4-40GB MIG 4g.20gb (0),1,,13,"void channel_eq::eqMmseSoftDemapKernel<float, __half, __half, float, (unsigned int)4, (unsigned short)16383>(channel_eq::_puschRxChEqStatDescr *, channel_eq::_puschRxChEqSoftDemapDynDescr)"
5752314372,580601,153565,1,1,1,32,32,1,30,0.000,0.000,,,,,NVIDIA A100-SXM4-40GB MIG 4g.20gb (0),1,,13,"void convert_kernel<float2, __half2>(tensor_layout_any, T1 *, tensor_layout_any, const T2 *)"
5753086107,16160,153577,2253,1,1,128,1,1,16,0.000,0.000,,,,,NVIDIA A100-SXM4-40GB MIG 4g.20gb (0),1,,13,cupy_copy__float16_float16
5753449239,7456,153586,282,1,1,128,1,1,16,0.000,0.000,,,,,NVIDIA A100-SXM4-40GB MIG 4g.20gb (0),1,,13,cupy_copy__complex64_complex64
5753780403,4992,153595,26,1,1,128,1,1,16,0.000,0.000,,,,,NVIDIA A100-SXM4-40GB MIG 4g.20gb (0),1,,13,cupy_copy__float32_float32
5754134575,8960,153604,103,1,1,128,1,1,16,0.000,0.000,,,,,NVIDIA A100-SXM4-40GB MIG 4g.20gb (0),1,,13,cupy_copy__complex64_complex64
5754430124,25311,153614,1434,1,1,128,1,1,16,0.000,0.000,,,,,NVIDIA A100-SXM4-40GB MIG 4g.20gb (0),1,,13,cupy_copy__complex64_complex64
5754585738,123998,153619,1,1,1,32,32,1,30,0.000,0.000,,,,,NVIDIA A100-SXM4-40GB MIG 4g.20gb (0),1,,13,"void convert_kernel<__half2, float2>(tensor_layout_any, T1 *, tensor_layout_any, const T2 *)"
5754741896,6464,153622,,,,,,,,,,0.094,14494.959,Pinned,Device,NVIDIA A100-SXM4-40GB MIG 4g.20gb (0),1,,13,[CUDA memcpy Host-to-Device]
5754950054,619736,153623,,,,,,,,,,456.561,736433.603,Device,,NVIDIA A100-SXM4-40GB MIG 4g.20gb (0),1,,13,[CUDA memset]
5755573182,58816,153628,,,,,,,,,,1.235,20996.518,Pinned,Device,NVIDIA A100-SXM4-40GB MIG 4g.20gb (0),1,,13,[CUDA memcpy Host-to-Device]
5755635070,11552,153629,,,,,,,,,,0.197,17019.372,Pinned,Device,NVIDIA A100-SXM4-40GB MIG 4g.20gb (0),1,,13,[CUDA memcpy Host-to-Device]
5755991866,15743,153630,69,4,1,48,1,1,76,0.002,0.000,,,,,NVIDIA A100-SXM4-40GB MIG 4g.20gb (0),1,,13,"void ch_est::windowedChEstPreNoDftSOfdmKernel<float, __half, float, (unsigned int)2, (unsigned int)1, (unsigned short)4>(ch_est::puschRxChEstStatDescr_t *, ch_est::puschRxChEstDynDescr_t *)"
5756550739,30144,153631,137,2,1,24,2,1,44,0.001,0.001,,,,,NVIDIA A100-SXM4-40GB MIG 4g.20gb (0),1,,13,"void ch_est::chEstFilterNoDftSOfdmDispatchKernel<float, __half, float, (unsigned int)2>(ch_est::puschRxChEstStatDescr_t *, ch_est::puschRxChEstDynDescr_t *)"
5756926511,9280,153632,137,2,1,24,2,1,44,0.001,0.001,,,,,NVIDIA A100-SXM4-40GB MIG 4g.20gb (0),1,,13,"void ch_est::chEstFilterNoDftSOfdmDispatchKernel<float, __half, float, (unsigned int)2>(ch_est::puschRxChEstStatDescr_t *, ch_est::puschRxChEstDynDescr_t *)"
5757428745,6304,153643,103,1,1,128,1,1,16,0.000,0.000,,,,,NVIDIA A100-SXM4-40GB MIG 4g.20gb (0),1,,13,cupy_copy__complex64_complex64
5757747717,22560,153653,1434,1,1,128,1,1,16,0.000,0.000,,,,,NVIDIA A100-SXM4-40GB MIG 4g.20gb (0),1,,13,cupy_copy__complex64_complex64
5758093057,5312,153660,103,1,1,128,1,1,16,0.000,0.000,,,,,NVIDIA A100-SXM4-40GB MIG 4g.20gb (0),1,,13,cupy_copy__complex64_complex64
5758361726,212222,153667,1,1,1,32,32,1,30,0.000,0.000,,,,,NVIDIA A100-SXM4-40GB MIG 4g.20gb (0),1,,13,"void convert_kernel<__half2, float2>(tensor_layout_any, T1 *, tensor_layout_any, const T2 *)"
5758604059,8864,153670,,,,,,,,,,0.094,10570.314,Pinned,Device,NVIDIA A100-SXM4-40GB MIG 4g.20gb (0),1,,13,[CUDA memcpy Host-to-Device]
5758829529,54719,153671,,,,,,,,,,35.810,654426.288,Device,,NVIDIA A100-SXM4-40GB MIG 4g.20gb (0),1,,13,[CUDA memset]
5758889784,1824,153673,,,,,,,,,,0.000,43.860,Pinned,Device,NVIDIA A100-SXM4-40GB MIG 4g.20gb (0),1,,13,[CUDA memcpy Host-to-Device]
5758894296,9632,153674,,,,,,,,,,0.197,20411.843,Pinned,Device,NVIDIA A100-SXM4-40GB MIG 4g.20gb (0),1,,13,[CUDA memcpy Host-to-Device]
5759214548,13856,153675,273,1,1,48,1,1,40,0.000,0.001,,,,,NVIDIA A100-SXM4-40GB MIG 4g.20gb (0),1,,13,"void pusch_noise_intf_est::noiseIntfEstNoDftSOfdmKernel<float, __half, float, float, (unsigned int)2, (unsigned int)1, (unsigned char)4, (unsigned char)4>(pusch_noise_intf_est::puschRxNoiseIntfEstDynDescr)"
5759498641,5056,153686,35,1,1,128,1,1,16,0.000,0.000,,,,,NVIDIA A100-SXM4-40GB MIG 4g.20gb (0),1,,13,cupy_copy__complex64_complex64
5759876077,3520,153695,1,1,1,1,1,1,18,0.000,0.000,,,,,NVIDIA A100-SXM4-40GB MIG 4g.20gb (0),1,,13,cupy_copy__float32_float32
5759884077,2080,153701,,,,,,,,,,0.000,1.923,Device,Pageable,NVIDIA A100-SXM4-40GB MIG 4g.20gb (0),1,,7,[CUDA memcpy Device-to-Host]
5760439014,18080,153712,1434,1,1,128,1,1,16,0.000,0.000,,,,,NVIDIA A100-SXM4-40GB MIG 4g.20gb (0),1,,13,cupy_copy__complex64_complex64
5760808258,5312,153719,103,1,1,128,1,1,16,0.000,0.000,,,,,NVIDIA A100-SXM4-40GB MIG 4g.20gb (0),1,,13,cupy_copy__complex64_complex64
5760937408,7456,153726,35,1,1,128,1,1,16,0.000,0.000,,,,,NVIDIA A100-SXM4-40GB MIG 4g.20gb (0),1,,13,cupy_copy__complex64_complex64
5761245821,4320,153733,1,1,1,1,1,1,18,0.000,0.000,,,,,NVIDIA A100-SXM4-40GB MIG 4g.20gb (0),1,,13,cupy_copy__float32_float32
5761538138,208957,153744,1,1,1,32,32,1,30,0.000,0.000,,,,,NVIDIA A100-SXM4-40GB MIG 4g.20gb (0),1,,13,"void convert_kernel<__half2, float2>(tensor_layout_any, T1 *, tensor_layout_any, const T2 *)"
5761780183,9792,153747,,,,,,,,,,0.094,9568.610,Pinned,Device,NVIDIA A100-SXM4-40GB MIG 4g.20gb (0),1,,13,[CUDA memcpy Host-to-Device]
5762048404,6752,153748,,,,,,,,,,1.547,229061.201,Device,,NVIDIA A100-SXM4-40GB MIG 4g.20gb (0),1,,13,[CUDA memset]
5762061075,3936,153753,,,,,,,,,,0.031,7951.218,Pinned,Device,NVIDIA A100-SXM4-40GB MIG 4g.20gb (0),1,,13,[CUDA memcpy Host-to-Device]
5762069875,13440,153754,,,,,,,,,,0.197,14628.422,Pinned,Device,NVIDIA A100-SXM4-40GB MIG 4g.20gb (0),1,,13,[CUDA memcpy Host-to-Device]
5762416111,13248,153755,273,1,1,8,4,1,39,0.002,0.000,,,,,NVIDIA A100-SXM4-40GB MIG 4g.20gb (0),1,,13,"void channel_eq::eqMmseCoefCompLowMimoKernel<float, float, float, (unsigned int)4, (unsigned int)1, (unsigned int)4>(const channel_eq::_puschRxChEqStatDescr *, channel_eq::_puschRxChEqCoefCompDynDescr)"
5762775435,15424,153756,273,1,1,12,11,1,51,0.002,0.000,,,,,NVIDIA A100-SXM4-40GB MIG 4g.20gb (0),1,,13,"void channel_eq::eqMmseSoftDemapKernel<float, __half, __half, float, (unsigned int)4, (unsigned short)16383>(channel_eq::_puschRxChEqStatDescr *, channel_eq::_puschRxChEqSoftDemapDynDescr)"
5763145767,582169,153757,1,1,1,32,32,1,30,0.000,0.000,,,,,NVIDIA A100-SXM4-40GB MIG 4g.20gb (0),1,,13,"void convert_kernel<float2, __half2>(tensor_layout_any, T1 *, tensor_layout_any, const T2 *)"
5764163163,15232,153769,2253,1,1,128,1,1,16,0.000,0.000,,,,,NVIDIA A100-SXM4-40GB MIG 4g.20gb (0),1,,13,cupy_copy__float16_float16
5764499703,6400,153778,282,1,1,128,1,1,16,0.000,0.000,,,,,NVIDIA A100-SXM4-40GB MIG 4g.20gb (0),1,,13,cupy_copy__complex64_complex64
5764752244,5824,153787,26,1,1,128,1,1,16,0.000,0.000,,,,,NVIDIA A100-SXM4-40GB MIG 4g.20gb (0),1,,13,cupy_copy__float32_float32
5764938418,5632,153796,103,1,1,128,1,1,16,0.000,0.000,,,,,NVIDIA A100-SXM4-40GB MIG 4g.20gb (0),1,,13,cupy_copy__complex64_complex64
5765192431,21472,153806,1434,1,1,128,1,1,16,0.000,0.000,,,,,NVIDIA A100-SXM4-40GB MIG 4g.20gb (0),1,,13,cupy_copy__complex64_complex64
5765533323,210366,153811,1,1,1,32,32,1,30,0.000,0.000,,,,,NVIDIA A100-SXM4-40GB MIG 4g.20gb (0),1,,13,"void convert_kernel<__half2, float2>(tensor_layout_any, T1 *, tensor_layout_any, const T2 *)"
5765773545,6560,153814,,,,,,,,,,0.094,14282.925,Pinned,Device,NVIDIA A100-SXM4-40GB MIG 4g.20gb (0),1,,13,[CUDA memcpy Host-to-Device]
5765924071,612729,153815,,,,,,,,,,456.561,745108.270,Device,,NVIDIA A100-SXM4-40GB MIG 4g.20gb (0),1,,13,[CUDA memset]
5766542080,61759,153820,,,,,,,,,,1.235,19994.978,Pinned,Device,NVIDIA A100-SXM4-40GB MIG 4g.20gb (0),1,,13,[CUDA memcpy Host-to-Device]
5766606431,10272,153821,,,,,,,,,,0.197,19140.182,Pinned,Device,NVIDIA A100-SXM4-40GB MIG 4g.20gb (0),1,,13,[CUDA memcpy Host-to-Device]
5766934555,11936,153822,69,4,1,48,1,1,76,0.002,0.000,,,,,NVIDIA A100-SXM4-40GB MIG 4g.20gb (0),1,,13,"void ch_est::windowedChEstPreNoDftSOfdmKernel<float, __half, float, (unsigned int)2, (unsigned int)1, (unsigned short)4>(ch_est::puschRxChEstStatDescr_t *, ch_est::puschRxChEstDynDescr_t *)"
5767641651,20544,153823,137,2,1,24,2,1,44,0.001,0.001,,,,,NVIDIA A100-SXM4-40GB MIG 4g.20gb (0),1,,13,"void ch_est::chEstFilterNoDftSOfdmDispatchKernel<float, __half, float, (unsigned int)2>(ch_est::puschRxChEstStatDescr_t *, ch_est::puschRxChEstDynDescr_t *)"
5767998703,9408,153824,137,2,1,24,2,1,44,0.001,0.001,,,,,NVIDIA A100-SXM4-40GB MIG 4g.20gb (0),1,,13,"void ch_est::chEstFilterNoDftSOfdmDispatchKernel<float, __half, float, (unsigned int)2>(ch_est::puschRxChEstStatDescr_t *, ch_est::puschRxChEstDynDescr_t *)"
5768698919,4128,153835,103,1,1,128,1,1,16,0.000,0.000,,,,,NVIDIA A100-SXM4-40GB MIG 4g.20gb (0),1,,13,cupy_copy__complex64_complex64
5769191745,15136,153845,1434,1,1,128,1,1,16,0.000,0.000,,,,,NVIDIA A100-SXM4-40GB MIG 4g.20gb (0),1,,13,cupy_copy__complex64_complex64
5769698491,4736,153852,103,1,1,128,1,1,16,0.000,0.000,,,,,NVIDIA A100-SXM4-40GB MIG 4g.20gb (0),1,,13,cupy_copy__complex64_complex64
5770135894,199678,153859,1,1,1,32,32,1,30,0.000,0.000,,,,,NVIDIA A100-SXM4-40GB MIG 4g.20gb (0),1,,13,"void convert_kernel<__half2, float2>(tensor_layout_any, T1 *, tensor_layout_any, const T2 *)"
5770369108,6144,153862,,,,,,,,,,0.094,15249.961,Pinned,Device,NVIDIA A100-SXM4-40GB MIG 4g.20gb (0),1,,13,[CUDA memcpy Host-to-Device]
5770715376,51231,153863,,,,,,,,,,35.810,698973.828,Device,,NVIDIA A100-SXM4-40GB MIG 4g.20gb (0),1,,13,[CUDA memset]
5770770959,2048,153865,,,,,,,,,,0.000,39.062,Pinned,Device,NVIDIA A100-SXM4-40GB MIG 4g.20gb (0),1,,13,[CUDA memcpy Host-to-Device]
5770779599,9600,153866,,,,,,,,,,0.197,20479.869,Pinned,Device,NVIDIA A100-SXM4-40GB MIG 4g.20gb (0),1,,13,[CUDA memcpy Host-to-Device]
5771263977,14048,153867,273,1,1,48,1,1,40,0.000,0.001,,,,,NVIDIA A100-SXM4-40GB MIG 4g.20gb (0),1,,13,"void pusch_noise_intf_est::noiseIntfEstNoDftSOfdmKernel<float, __half, float, float, (unsigned int)2, (unsigned int)1, (unsigned char)4, (unsigned char)4>(pusch_noise_intf_est::puschRxNoiseIntfEstDynDescr)"
5771756868,4448,153878,35,1,1,128,1,1,16,0.000,0.000,,,,,NVIDIA A100-SXM4-40GB MIG 4g.20gb (0),1,,13,cupy_copy__complex64_complex64
5772240670,3328,153887,1,1,1,1,1,1,18,0.000,0.000,,,,,NVIDIA A100-SXM4-40GB MIG 4g.20gb (0),1,,13,cupy_copy__float32_float32
5772251806,1984,153893,,,,,,,,,,0.000,2.016,Device,Pageable,NVIDIA A100-SXM4-40GB MIG 4g.20gb (0),1,,7,[CUDA memcpy Device-to-Host]
5772751576,15776,153904,1434,1,1,128,1,1,16,0.000,0.000,,,,,NVIDIA A100-SXM4-40GB MIG 4g.20gb (0),1,,13,cupy_copy__complex64_complex64
5772862903,5376,153911,103,1,1,128,1,1,16,0.000,0.000,,,,,NVIDIA A100-SXM4-40GB MIG 4g.20gb (0),1,,13,cupy_copy__complex64_complex64
5772973398,6879,153918,35,1,1,128,1,1,16,0.000,0.000,,,,,NVIDIA A100-SXM4-40GB MIG 4g.20gb (0),1,,13,cupy_copy__complex64_complex64
5773036693,2336,153925,1,1,1,1,1,1,18,0.000,0.000,,,,,NVIDIA A100-SXM4-40GB MIG 4g.20gb (0),1,,13,cupy_copy__float32_float32
5773105140,88031,153936,1,1,1,32,32,1,30,0.000,0.000,,,,,NVIDIA A100-SXM4-40GB MIG 4g.20gb (0),1,,13,"void convert_kernel<__half2, float2>(tensor_layout_any, T1 *, tensor_layout_any, const T2 *)"
5773223763,6272,153939,,,,,,,,,,0.094,14938.703,Pinned,Device,NVIDIA A100-SXM4-40GB MIG 4g.20gb (0),1,,13,[CUDA memcpy Host-to-Device]
5773332017,5312,153940,,,,,,,,,,1.547,291156.608,Device,,NVIDIA A100-SXM4-40GB MIG 4g.20gb (0),1,,13,[CUDA memset]
5773343729,6752,153945,,,,,,,,,,0.031,4635.063,Pinned,Device,NVIDIA A100-SXM4-40GB MIG 4g.20gb (0),1,,13,[CUDA memcpy Host-to-Device]
5773353105,9600,153946,,,,,,,,,,0.197,20479.869,Pinned,Device,NVIDIA A100-SXM4-40GB MIG 4g.20gb (0),1,,13,[CUDA memcpy Host-to-Device]
5773447696,10496,153947,273,1,1,8,4,1,39,0.002,0.000,,,,,NVIDIA A100-SXM4-40GB MIG 4g.20gb (0),1,,13,"void channel_eq::eqMmseCoefCompLowMimoKernel<float, float, float, (unsigned int)4, (unsigned int)1, (unsigned int)4>(const channel_eq::_puschRxChEqStatDescr *, channel_eq::_puschRxChEqCoefCompDynDescr)"
5773553967,11616,153948,273,1,1,12,11,1,51,0.002,0.000,,,,,NVIDIA A100-SXM4-40GB MIG 4g.20gb (0),1,,13,"void channel_eq::eqMmseSoftDemapKernel<float, __half, __half, float, (unsigned int)4, (unsigned short)16383>(channel_eq::_puschRxChEqStatDescr *, channel_eq::_puschRxChEqSoftDemapDynDescr)"
5773735693,528954,153949,1,1,1,32,32,1,30,0.000,0.000,,,,,NVIDIA A100-SXM4-40GB MIG 4g.20gb (0),1,,13,"void convert_kernel<float2, __half2>(tensor_layout_any, T1 *, tensor_layout_any, const T2 *)"
5774399237,13920,153961,2253,1,1,128,1,1,16,0.000,0.000,,,,,NVIDIA A100-SXM4-40GB MIG 4g.20gb (0),1,,13,cupy_copy__float16_float16
5774752641,6368,153970,282,1,1,128,1,1,16,0.000,0.000,,,,,NVIDIA A100-SXM4-40GB MIG 4g.20gb (0),1,,13,cupy_copy__complex64_complex64
5775395418,3712,153979,26,1,1,128,1,1,16,0.000,0.000,,,,,NVIDIA A100-SXM4-40GB MIG 4g.20gb (0),1,,13,cupy_copy__float32_float32
5775991443,7648,153988,103,1,1,128,1,1,16,0.000,0.000,,,,,NVIDIA A100-SXM4-40GB MIG 4g.20gb (0),1,,13,cupy_copy__complex64_complex64
5776255376,31071,153998,1434,1,1,128,1,1,16,0.000,0.000,,,,,NVIDIA A100-SXM4-40GB MIG 4g.20gb (0),1,,13,cupy_copy__complex64_complex64
5776774698,223901,154003,1,1,1,32,32,1,30,0.000,0.000,,,,,NVIDIA A100-SXM4-40GB MIG 4g.20gb (0),1,,13,"void convert_kernel<__half2, float2>(tensor_layout_any, T1 *, tensor_layout_any, const T2 *)"
5777030599,9312,154006,,,,,,,,,,0.094,10061.826,Pinned,Device,NVIDIA A100-SXM4-40GB MIG 4g.20gb (0),1,,13,[CUDA memcpy Host-to-Device]
5777643872,611609,154007,,,,,,,,,,456.561,746477.954,Device,,NVIDIA A100-SXM4-40GB MIG 4g.20gb (0),1,,13,[CUDA memset]
5778260217,64287,154012,,,,,,,,,,1.235,19209.554,Pinned,Device,NVIDIA A100-SXM4-40GB MIG 4g.20gb (0),1,,13,[CUDA memcpy Host-to-Device]
5778330456,13440,154013,,,,,,,,,,0.197,14628.422,Pinned,Device,NVIDIA A100-SXM4-40GB MIG 4g.20gb (0),1,,13,[CUDA memcpy Host-to-Device]
5778894289,11296,154014,69,4,1,48,1,1,76,0.002,0.000,,,,,NVIDIA A100-SXM4-40GB MIG 4g.20gb (0),1,,13,"void ch_est::windowedChEstPreNoDftSOfdmKernel<float, __half, float, (unsigned int)2, (unsigned int)1, (unsigned short)4>(ch_est::puschRxChEstStatDescr_t *, ch_est::puschRxChEstDynDescr_t *)"
5779521642,10560,154015,137,2,1,24,2,1,44,0.001,0.001,,,,,NVIDIA A100-SXM4-40GB MIG 4g.20gb (0),1,,13,"void ch_est::chEstFilterNoDftSOfdmDispatchKernel<float, __half, float, (unsigned int)2>(ch_est::puschRxChEstStatDescr_t *, ch_est::puschRxChEstDynDescr_t *)"
5780157571,9312,154016,137,2,1,24,2,1,44,0.001,0.001,,,,,NVIDIA A100-SXM4-40GB MIG 4g.20gb (0),1,,13,"void ch_est::chEstFilterNoDftSOfdmDispatchKernel<float, __half, float, (unsigned int)2>(ch_est::puschRxChEstStatDescr_t *, ch_est::puschRxChEstDynDescr_t *)"
5780652029,5568,154027,103,1,1,128,1,1,16,0.000,0.000,,,,,NVIDIA A100-SXM4-40GB MIG 4g.20gb (0),1,,13,cupy_copy__complex64_complex64
5781087064,20896,154037,1434,1,1,128,1,1,16,0.000,0.000,,,,,NVIDIA A100-SXM4-40GB MIG 4g.20gb (0),1,,13,cupy_copy__complex64_complex64
5781590738,4352,154044,103,1,1,128,1,1,16,0.000,0.000,,,,,NVIDIA A100-SXM4-40GB MIG 4g.20gb (0),1,,13,cupy_copy__complex64_complex64
5781666545,202014,154051,1,1,1,32,32,1,30,0.000,0.000,,,,,NVIDIA A100-SXM4-40GB MIG 4g.20gb (0),1,,13,"void convert_kernel<__half2, float2>(tensor_layout_any, T1 *, tensor_layout_any, const T2 *)"
5781899503,6047,154054,,,,,,,,,,0.094,15494.601,Pinned,Device,NVIDIA A100-SXM4-40GB MIG 4g.20gb (0),1,,13,[CUDA memcpy Host-to-Device]
5782011373,50176,154055,,,,,,,,,,35.810,713655.896,Device,,NVIDIA A100-SXM4-40GB MIG 4g.20gb (0),1,,13,[CUDA memset]
5782067789,1824,154057,,,,,,,,,,0.000,43.860,Pinned,Device,NVIDIA A100-SXM4-40GB MIG 4g.20gb (0),1,,13,[CUDA memcpy Host-to-Device]
5782072141,9631,154058,,,,,,,,,,0.197,20414.005,Pinned,Device,NVIDIA A100-SXM4-40GB MIG 4g.20gb (0),1,,13,[CUDA memcpy Host-to-Device]
5782191563,13088,154059,273,1,1,48,1,1,40,0.000,0.001,,,,,NVIDIA A100-SXM4-40GB MIG 4g.20gb (0),1,,13,"void pusch_noise_intf_est::noiseIntfEstNoDftSOfdmKernel<float, __half, float, float, (unsigned int)2, (unsigned int)1, (unsigned char)4, (unsigned char)4>(pusch_noise_intf_est::puschRxNoiseIntfEstDynDescr)"
5782308842,4960,154070,35,1,1,128,1,1,16,0.000,0.000,,,,,NVIDIA A100-SXM4-40GB MIG 4g.20gb (0),1,,13,cupy_copy__complex64_complex64
5782414729,2208,154079,1,1,1,1,1,1,18,0.000,0.000,,,,,NVIDIA A100-SXM4-40GB MIG 4g.20gb (0),1,,13,cupy_copy__float32_float32
5782421065,1567,154085,,,,,,,,,,0.000,2.553,Device,Pageable,NVIDIA A100-SXM4-40GB MIG 4g.20gb (0),1,,7,[CUDA memcpy Device-to-Host]
5782539591,14880,154096,1434,1,1,128,1,1,16,0.000,0.000,,,,,NVIDIA A100-SXM4-40GB MIG 4g.20gb (0),1,,13,cupy_copy__complex64_complex64
5782648262,4576,154103,103,1,1,128,1,1,16,0.000,0.000,,,,,NVIDIA A100-SXM4-40GB MIG 4g.20gb (0),1,,13,cupy_copy__complex64_complex64
5782757125,4800,154110,35,1,1,128,1,1,16,0.000,0.000,,,,,NVIDIA A100-SXM4-40GB MIG 4g.20gb (0),1,,13,cupy_copy__complex64_complex64
5782815140,4544,154117,1,1,1,1,1,1,18,0.000,0.000,,,,,NVIDIA A100-SXM4-40GB MIG 4g.20gb (0),1,,13,cupy_copy__float32_float32
5782886371,89247,154128,1,1,1,32,32,1,30,0.000,0.000,,,,,NVIDIA A100-SXM4-40GB MIG 4g.20gb (0),1,,13,"void convert_kernel<__half2, float2>(tensor_layout_any, T1 *, tensor_layout_any, const T2 *)"
5783005986,5664,154131,,,,,,,,,,0.094,16542.310,Pinned,Device,NVIDIA A100-SXM4-40GB MIG 4g.20gb (0),1,,13,[CUDA memcpy Host-to-Device]
5783113025,6751,154132,,,,,,,,,,1.547,229095.227,Device,,NVIDIA A100-SXM4-40GB MIG 4g.20gb (0),1,,13,[CUDA memset]
5783124480,4160,154137,,,,,,,,,,0.031,7523.058,Pinned,Device,NVIDIA A100-SXM4-40GB MIG 4g.20gb (0),1,,13,[CUDA memcpy Host-to-Device]
5783136192,14688,154138,,,,,,,,,,0.197,13385.466,Pinned,Device,NVIDIA A100-SXM4-40GB MIG 4g.20gb (0),1,,13,[CUDA memcpy Host-to-Device]
5783305886,12352,154139,273,1,1,8,4,1,39,0.002,0.000,,,,,NVIDIA A100-SXM4-40GB MIG 4g.20gb (0),1,,13,"void channel_eq::eqMmseCoefCompLowMimoKernel<float, float, float, (unsigned int)4, (unsigned int)1, (unsigned int)4>(const channel_eq::_puschRxChEqStatDescr *, channel_eq::_puschRxChEqCoefCompDynDescr)"
5783799961,16095,154140,273,1,1,12,11,1,51,0.002,0.000,,,,,NVIDIA A100-SXM4-40GB MIG 4g.20gb (0),1,,13,"void channel_eq::eqMmseSoftDemapKernel<float, __half, __half, float, (unsigned int)4, (unsigned short)16383>(channel_eq::_puschRxChEqStatDescr *, channel_eq::_puschRxChEqSoftDemapDynDescr)"
5784367506,539962,154141,1,1,1,32,32,1,30,0.000,0.000,,,,,NVIDIA A100-SXM4-40GB MIG 4g.20gb (0),1,,13,"void convert_kernel<float2, __half2>(tensor_layout_any, T1 *, tensor_layout_any, const T2 *)"
5785369670,18592,154153,2253,1,1,128,1,1,16,0.000,0.000,,,,,NVIDIA A100-SXM4-40GB MIG 4g.20gb (0),1,,13,cupy_copy__float16_float16
5785899552,9952,154162,282,1,1,128,1,1,16,0.000,0.000,,,,,NVIDIA A100-SXM4-40GB MIG 4g.20gb (0),1,,13,cupy_copy__complex64_complex64
5786551865,5568,154171,26,1,1,128,1,1,16,0.000,0.000,,,,,NVIDIA A100-SXM4-40GB MIG 4g.20gb (0),1,,13,cupy_copy__float32_float32
5787250865,6144,154180,103,1,1,128,1,1,16,0.000,0.000,,,,,NVIDIA A100-SXM4-40GB MIG 4g.20gb (0),1,,13,cupy_copy__complex64_complex64
5787951529,16192,154190,1434,1,1,128,1,1,16,0.000,0.000,,,,,NVIDIA A100-SXM4-40GB MIG 4g.20gb (0),1,,13,cupy_copy__complex64_complex64
5788610657,199710,154195,1,1,1,32,32,1,30,0.000,0.000,,,,,NVIDIA A100-SXM4-40GB MIG 4g.20gb (0),1,,13,"void convert_kernel<__half2, float2>(tensor_layout_any, T1 *, tensor_layout_any, const T2 *)"
5788844254,10176,154198,,,,,,,,,,0.094,9207.506,Pinned,Device,NVIDIA A100-SXM4-40GB MIG 4g.20gb (0),1,,13,[CUDA memcpy Host-to-Device]
5789460855,613913,154199,,,,,,,,,,456.561,743282.024,Device,,NVIDIA A100-SXM4-40GB MIG 4g.20gb (0),1,,13,[CUDA memset]
5790082512,60159,154204,,,,,,,,,,1.235,20527.239,Pinned,Device,NVIDIA A100-SXM4-40GB MIG 4g.20gb (0),1,,13,[CUDA memcpy Host-to-Device]
5790145615,14240,154205,,,,,,,,,,0.197,13806.600,Pinned,Device,NVIDIA A100-SXM4-40GB MIG 4g.20gb (0),1,,13,[CUDA memcpy Host-to-Device]
5790786184,13024,154206,69,4,1,48,1,1,76,0.002,0.000,,,,,NVIDIA A100-SXM4-40GB MIG 4g.20gb (0),1,,13,"void ch_est::windowedChEstPreNoDftSOfdmKernel<float, __half, float, (unsigned int)2, (unsigned int)1, (unsigned short)4>(ch_est::puschRxChEstStatDescr_t *, ch_est::puschRxChEstDynDescr_t *)"
5791071813,9472,154207,137,2,1,24,2,1,44,0.001,0.001,,,,,NVIDIA A100-SXM4-40GB MIG 4g.20gb (0),1,,13,"void ch_est::chEstFilterNoDftSOfdmDispatchKernel<float, __half, float, (unsigned int)2>(ch_est::puschRxChEstStatDescr_t *, ch_est::puschRxChEstDynDescr_t *)"
5791394657,9536,154208,137,2,1,24,2,1,44,0.001,0.001,,,,,NVIDIA A100-SXM4-40GB MIG 4g.20gb (0),1,,13,"void ch_est::chEstFilterNoDftSOfdmDispatchKernel<float, __half, float, (unsigned int)2>(ch_est::puschRxChEstStatDescr_t *, ch_est::puschRxChEstDynDescr_t *)"
5791520959,5792,154219,103,1,1,128,1,1,16,0.000,0.000,,,,,NVIDIA A100-SXM4-40GB MIG 4g.20gb (0),1,,13,cupy_copy__complex64_complex64
5791633630,14560,154229,1434,1,1,128,1,1,16,0.000,0.000,,,,,NVIDIA A100-SXM4-40GB MIG 4g.20gb (0),1,,13,cupy_copy__complex64_complex64
5791699901,6784,154236,103,1,1,128,1,1,16,0.000,0.000,,,,,NVIDIA A100-SXM4-40GB MIG 4g.20gb (0),1,,13,cupy_copy__complex64_complex64
5791771261,92639,154243,1,1,1,32,32,1,30,0.000,0.000,,,,,NVIDIA A100-SXM4-40GB MIG 4g.20gb (0),1,,13,"void convert_kernel<__half2, float2>(tensor_layout_any, T1 *, tensor_layout_any, const T2 *)"
5791893691,5536,154246,,,,,,,,,,0.094,16924.777,Pinned,Device,NVIDIA A100-SXM4-40GB MIG 4g.20gb (0),1,,13,[CUDA memcpy Host-to-Device]
5791999418,49759,154247,,,,,,,,,,35.810,719636.152,Device,,NVIDIA A100-SXM4-40GB MIG 4g.20gb (0),1,,13,[CUDA memset]
5792052665,4736,154249,,,,,,,,,,0.000,16.892,Pinned,Device,NVIDIA A100-SXM4-40GB MIG 4g.20gb (0),1,,13,[CUDA memcpy Host-to-Device]
5792060281,10016,154250,,,,,,,,,,0.197,19629.343,Pinned,Device,NVIDIA A100-SXM4-40GB MIG 4g.20gb (0),1,,13,[CUDA memcpy Host-to-Device]
5792179192,12992,154251,273,1,1,48,1,1,40,0.000,0.001,,,,,NVIDIA A100-SXM4-40GB MIG 4g.20gb (0),1,,13,"void pusch_noise_intf_est::noiseIntfEstNoDftSOfdmKernel<float, __half, float, float, (unsigned int)2, (unsigned int)1, (unsigned char)4, (unsigned char)4>(pusch_noise_intf_est::puschRxNoiseIntfEstDynDescr)"
5792296279,5087,154262,35,1,1,128,1,1,16,0.000,0.000,,,,,NVIDIA A100-SXM4-40GB MIG 4g.20gb (0),1,,13,cupy_copy__complex64_complex64
5792397813,2304,154271,1,1,1,1,1,1,18,0.000,0.000,,,,,NVIDIA A100-SXM4-40GB MIG 4g.20gb (0),1,,13,cupy_copy__float32_float32
5792405941,1632,154277,,,,,,,,,,0.000,2.451,Device,Pageable,NVIDIA A100-SXM4-40GB MIG 4g.20gb (0),1,,7,[CUDA memcpy Device-to-Host]
5792589555,16480,154288,1434,1,1,128,1,1,16,0.000,0.000,,,,,NVIDIA A100-SXM4-40GB MIG 4g.20gb (0),1,,13,cupy_copy__complex64_complex64
5793119213,6144,154295,103,1,1,128,1,1,16,0.000,0.000,,,,,NVIDIA A100-SXM4-40GB MIG 4g.20gb (0),1,,13,cupy_copy__complex64_complex64
5793688390,5248,154302,35,1,1,128,1,1,16,0.000,0.000,,,,,NVIDIA A100-SXM4-40GB MIG 4g.20gb (0),1,,13,cupy_copy__complex64_complex64
5794612924,3136,154309,1,1,1,1,1,1,18,0.000,0.000,,,,,NVIDIA A100-SXM4-40GB MIG 4g.20gb (0),1,,13,cupy_copy__float32_float32
5795489714,204093,154320,1,1,1,32,32,1,30,0.000,0.000,,,,,NVIDIA A100-SXM4-40GB MIG 4g.20gb (0),1,,13,"void convert_kernel<__half2, float2>(tensor_layout_any, T1 *, tensor_layout_any, const T2 *)"
5795725071,7552,154323,,,,,,,,,,0.094,12406.756,Pinned,Device,NVIDIA A100-SXM4-40GB MIG 4g.20gb (0),1,,13,[CUDA memcpy Host-to-Device]
5796448679,7936,154324,,,,,,,,,,1.547,194886.997,Device,,NVIDIA A100-SXM4-40GB MIG 4g.20gb (0),1,,13,[CUDA memset]
5796461926,3168,154329,,,,,,,,,,0.031,9878.770,Pinned,Device,NVIDIA A100-SXM4-40GB MIG 4g.20gb (0),1,,13,[CUDA memcpy Host-to-Device]
5796467686,10464,154330,,,,,,,,,,0.197,18788.844,Pinned,Device,NVIDIA A100-SXM4-40GB MIG 4g.20gb (0),1,,13,[CUDA memcpy Host-to-Device]
5797332092,11392,154331,273,1,1,8,4,1,39,0.002,0.000,,,,,NVIDIA A100-SXM4-40GB MIG 4g.20gb (0),1,,13,"void channel_eq::eqMmseCoefCompLowMimoKernel<float, float, float, (unsigned int)4, (unsigned int)1, (unsigned int)4>(const channel_eq::_puschRxChEqStatDescr *, channel_eq::_puschRxChEqCoefCompDynDescr)"
5798202258,12800,154332,273,1,1,12,11,1,51,0.002,0.000,,,,,NVIDIA A100-SXM4-40GB MIG 4g.20gb (0),1,,13,"void channel_eq::eqMmseSoftDemapKernel<float, __half, __half, float, (unsigned int)4, (unsigned short)16383>(channel_eq::_puschRxChEqStatDescr *, channel_eq::_puschRxChEqSoftDemapDynDescr)"
5799311590,669336,154333,1,1,1,32,32,1,30,0.000,0.000,,,,,NVIDIA A100-SXM4-40GB MIG 4g.20gb (0),1,,13,"void convert_kernel<float2, __half2>(tensor_layout_any, T1 *, tensor_layout_any, const T2 *)"
5800873780,35775,154345,2253,1,1,128,1,1,16,0.000,0.000,,,,,NVIDIA A100-SXM4-40GB MIG 4g.20gb (0),1,,13,cupy_copy__float16_float16
5801360462,9920,154354,282,1,1,128,1,1,16,0.000,0.000,,,,,NVIDIA A100-SXM4-40GB MIG 4g.20gb (0),1,,13,cupy_copy__complex64_complex64
5801799785,4224,154363,26,1,1,128,1,1,16,0.000,0.000,,,,,NVIDIA A100-SXM4-40GB MIG 4g.20gb (0),1,,13,cupy_copy__float32_float32
5802258116,10463,154372,103,1,1,128,1,1,16,0.000,0.000,,,,,NVIDIA A100-SXM4-40GB MIG 4g.20gb (0),1,,13,cupy_copy__complex64_complex64
5802354658,21888,154382,1434,1,1,128,1,1,16,0.000,0.000,,,,,NVIDIA A100-SXM4-40GB MIG 4g.20gb (0),1,,13,cupy_copy__complex64_complex64
5802425026,79583,154387,1,1,1,32,32,1,30,0.000,0.000,,,,,NVIDIA A100-SXM4-40GB MIG 4g.20gb (0),1,,13,"void convert_kernel<__half2, float2>(tensor_layout_any, T1 *, tensor_layout_any, const T2 *)"
5802535776,5408,154390,,,,,,,,,,0.094,17325.421,Pinned,Device,NVIDIA A100-SXM4-40GB MIG 4g.20gb (0),1,,13,[CUDA memcpy Host-to-Device]
5802573056,603737,154391,,,,,,,,,,456.561,756065.745,Device,,NVIDIA A100-SXM4-40GB MIG 4g.20gb (0),1,,13,[CUDA memset]
5803180153,56127,154396,,,,,,,,,,1.235,22001.762,Pinned,Device,NVIDIA A100-SXM4-40GB MIG 4g.20gb (0),1,,13,[CUDA memcpy Host-to-Device]
5803239096,10144,154397,,,,,,,,,,0.197,19381.617,Pinned,Device,NVIDIA A100-SXM4-40GB MIG 4g.20gb (0),1,,13,[CUDA memcpy Host-to-Device]
5803314167,7840,154398,69,4,1,48,1,1,76,0.002,0.000,,,,,NVIDIA A100-SXM4-40GB MIG 4g.20gb (0),1,,13,"void ch_est::windowedChEstPreNoDftSOfdmKernel<float, __half, float, (unsigned int)2, (unsigned int)1, (unsigned short)4>(ch_est::puschRxChEstStatDescr_t *, ch_est::puschRxChEstDynDescr_t *)"
5803379959,14431,154399,137,2,1,24,2,1,44,0.001,0.001,,,,,NVIDIA A100-SXM4-40GB MIG 4g.20gb (0),1,,13,"void ch_est::chEstFilterNoDftSOfdmDispatchKernel<float, __half, float, (unsigned int)2>(ch_est::puschRxChEstStatDescr_t *, ch_est::puschRxChEstDynDescr_t *)"
5803506773,10272,154400,137,2,1,24,2,1,44,0.001,0.001,,,,,NVIDIA A100-SXM4-40GB MIG 4g.20gb (0),1,,13,"void ch_est::chEstFilterNoDftSOfdmDispatchKernel<float, __half, float, (unsigned int)2>(ch_est::puschRxChEstStatDescr_t *, ch_est::puschRxChEstDynDescr_t *)"
5803890705,5184,154411,103,1,1,128,1,1,16,0.000,0.000,,,,,NVIDIA A100-SXM4-40GB MIG 4g.20gb (0),1,,13,cupy_copy__complex64_complex64
5804245421,21535,154421,1434,1,1,128,1,1,16,0.000,0.000,,,,,NVIDIA A100-SXM4-40GB MIG 4g.20gb (0),1,,13,cupy_copy__complex64_complex64
5804393003,5120,154428,103,1,1,128,1,1,16,0.000,0.000,,,,,NVIDIA A100-SXM4-40GB MIG 4g.20gb (0),1,,13,cupy_copy__complex64_complex64
5804798662,248029,154435,1,1,1,32,32,1,30,0.000,0.000,,,,,NVIDIA A100-SXM4-40GB MIG 4g.20gb (0),1,,13,"void convert_kernel<__half2, float2>(tensor_layout_any, T1 *, tensor_layout_any, const T2 *)"
5805078019,5920,154438,,,,,,,,,,0.094,15826.941,Pinned,Device,NVIDIA A100-SXM4-40GB MIG 4g.20gb (0),1,,13,[CUDA memcpy Host-to-Device]
5805536318,58943,154439,,,,,,,,,,35.810,607515.293,Device,,NVIDIA A100-SXM4-40GB MIG 4g.20gb (0),1,,13,[CUDA memset]
5805603805,2880,154441,,,,,,,,,,0.000,27.778,Pinned,Device,NVIDIA A100-SXM4-40GB MIG 4g.20gb (0),1,,13,[CUDA memcpy Host-to-Device]
5805610173,9696,154442,,,,,,,,,,0.197,20277.166,Pinned,Device,NVIDIA A100-SXM4-40GB MIG 4g.20gb (0),1,,13,[CUDA memcpy Host-to-Device]
5806223478,34271,154443,273,1,1,48,1,1,40,0.000,0.001,,,,,NVIDIA A100-SXM4-40GB MIG 4g.20gb (0),1,,13,"void pusch_noise_intf_est::noiseIntfEstNoDftSOfdmKernel<float, __half, float, float, (unsigned int)2, (unsigned int)1, (unsigned char)4, (unsigned char)4>(pusch_noise_intf_est::puschRxNoiseIntfEstDynDescr)"
5806665745,7104,154454,35,1,1,128,1,1,16,0.000,0.000,,,,,NVIDIA A100-SXM4-40GB MIG 4g.20gb (0),1,,13,cupy_copy__complex64_complex64
5807283754,3552,154463,1,1,1,1,1,1,18,0.000,0.000,,,,,NVIDIA A100-SXM4-40GB MIG 4g.20gb (0),1,,13,cupy_copy__float32_float32
5807290634,1759,154469,,,,,,,,,,0.000,2.274,Device,Pageable,NVIDIA A100-SXM4-40GB MIG 4g.20gb (0),1,,7,[CUDA memcpy Device-to-Host]
5807939234,18016,154480,1434,1,1,128,1,1,16,0.000,0.000,,,,,NVIDIA A100-SXM4-40GB MIG 4g.20gb (0),1,,13,cupy_copy__complex64_complex64
5808571035,5376,154487,103,1,1,128,1,1,16,0.000,0.000,,,,,NVIDIA A100-SXM4-40GB MIG 4g.20gb (0),1,,13,cupy_copy__complex64_complex64
5809193844,4127,154494,35,1,1,128,1,1,16,0.000,0.000,,,,,NVIDIA A100-SXM4-40GB MIG 4g.20gb (0),1,,13,cupy_copy__complex64_complex64
5809442257,3264,154501,1,1,1,1,1,1,18,0.000,0.000,,,,,NVIDIA A100-SXM4-40GB MIG 4g.20gb (0),1,,13,cupy_copy__float32_float32
5809534576,249981,154512,1,1,1,32,32,1,30,0.000,0.000,,,,,NVIDIA A100-SXM4-40GB MIG 4g.20gb (0),1,,13,"void convert_kernel<__half2, float2>(tensor_layout_any, T1 *, tensor_layout_any, const T2 *)"
5809814924,5504,154515,,,,,,,,,,0.094,17023.251,Pinned,Device,NVIDIA A100-SXM4-40GB MIG 4g.20gb (0),1,,13,[CUDA memcpy Host-to-Device]
5810098697,7520,154516,,,,,,,,,,1.547,205666.966,Device,,NVIDIA A100-SXM4-40GB MIG 4g.20gb (0),1,,13,[CUDA memset]
5810110729,3392,154521,,,,,,,,,,0.031,9226.405,Pinned,Device,NVIDIA A100-SXM4-40GB MIG 4g.20gb (0),1,,13,[CUDA memcpy Host-to-Device]
5810117097,10208,154522,,,,,,,,,,0.197,19260.113,Pinned,Device,NVIDIA A100-SXM4-40GB MIG 4g.20gb (0),1,,13,[CUDA memcpy Host-to-Device]
5810398150,13151,154523,273,1,1,8,4,1,39,0.002,0.000,,,,,NVIDIA A100-SXM4-40GB MIG 4g.20gb (0),1,,13,"void channel_eq::eqMmseCoefCompLowMimoKernel<float, float, float, (unsigned int)4, (unsigned int)1, (unsigned int)4>(const channel_eq::_puschRxChEqStatDescr *, channel_eq::_puschRxChEqCoefCompDynDescr)"
5810471173,13792,154524,273,1,1,12,11,1,51,0.002,0.000,,,,,NVIDIA A100-SXM4-40GB MIG 4g.20gb (0),1,,13,"void channel_eq::eqMmseSoftDemapKernel<float, __half, __half, float, (unsigned int)4, (unsigned short)16383>(channel_eq::_puschRxChEqStatDescr *, channel_eq::_puschRxChEqSoftDemapDynDescr)"
5810555524,309692,154525,1,1,1,32,32,1,30,0.000,0.000,,,,,NVIDIA A100-SXM4-40GB MIG 4g.20gb (0),1,,13,"void convert_kernel<float2, __half2>(tensor_layout_any, T1 *, tensor_layout_any, const T2 *)"
5810922688,12959,154537,2253,1,1,128,1,1,16,0.000,0.000,,,,,NVIDIA A100-SXM4-40GB MIG 4g.20gb (0),1,,13,cupy_copy__float16_float16
5811057278,4800,154546,282,1,1,128,1,1,16,0.000,0.000,,,,,NVIDIA A100-SXM4-40GB MIG 4g.20gb (0),1,,13,cupy_copy__complex64_complex64
5811511257,6464,154555,26,1,1,128,1,1,16,0.000,0.000,,,,,NVIDIA A100-SXM4-40GB MIG 4g.20gb (0),1,,13,cupy_copy__float32_float32
5811967252,11231,154564,103,1,1,128,1,1,16,0.000,0.000,,,,,NVIDIA A100-SXM4-40GB MIG 4g.20gb (0),1,,13,cupy_copy__complex64_complex64
5812070546,21824,154574,1434,1,1,128,1,1,16,0.000,0.000,,,,,NVIDIA A100-SXM4-40GB MIG 4g.20gb (0),1,,13,cupy_copy__complex64_complex64
5812534541,201758,154579,1,1,1,32,32,1,30,0.000,0.000,,,,,NVIDIA A100-SXM4-40GB MIG 4g.20gb (0),1,,13,"void convert_kernel<__half2, float2>(tensor_layout_any, T1 *, tensor_layout_any, const T2 *)"
5812766250,5664,154582,,,,,,,,,,0.094,16542.310,Pinned,Device,NVIDIA A100-SXM4-40GB MIG 4g.20gb (0),1,,13,[CUDA memcpy Host-to-Device]
5813057031,609529,154583,,,,,,,,,,456.561,748760.762,Device,,NVIDIA A100-SXM4-40GB MIG 4g.20gb (0),1,,13,[CUDA memset]
5813668864,62879,154588,,,,,,,,,,1.235,19639.314,Pinned,Device,NVIDIA A100-SXM4-40GB MIG 4g.20gb (0),1,,13,[CUDA memcpy Host-to-Device]
5813734495,12352,154589,,,,,,,,,,0.197,15916.990,Pinned,Device,NVIDIA A100-SXM4-40GB MIG 4g.20gb (0),1,,13,[CUDA memcpy Host-to-Device]
5814184122,15584,154590,69,4,1,48,1,1,76,0.002,0.000,,,,,NVIDIA A100-SXM4-40GB MIG 4g.20gb (0),1,,13,"void ch_est::windowedChEstPreNoDftSOfdmKernel<float, __half, float, (unsigned int)2, (unsigned int)1, (unsigned short)4>(ch_est::puschRxChEstStatDescr_t *, ch_est::puschRxChEstDynDescr_t *)"
5814992593,33279,154591,137,2,1,24,2,1,44,0.001,0.001,,,,,NVIDIA A100-SXM4-40GB MIG 4g.20gb (0),1,,13,"void ch_est::chEstFilterNoDftSOfdmDispatchKernel<float, __half, float, (unsigned int)2>(ch_est::puschRxChEstStatDescr_t *, ch_est::puschRxChEstDynDescr_t *)"
5815485195,9504,154592,137,2,1,24,2,1,44,0.001,0.001,,,,,NVIDIA A100-SXM4-40GB MIG 4g.20gb (0),1,,13,"void ch_est::chEstFilterNoDftSOfdmDispatchKernel<float, __half, float, (unsigned int)2>(ch_est::puschRxChEstStatDescr_t *, ch_est::puschRxChEstDynDescr_t *)"
5816311681,6080,154603,103,1,1,128,1,1,16,0.000,0.000,,,,,NVIDIA A100-SXM4-40GB MIG 4g.20gb (0),1,,13,cupy_copy__complex64_complex64
5817126872,18464,154613,1434,1,1,128,1,1,16,0.000,0.000,,,,,NVIDIA A100-SXM4-40GB MIG 4g.20gb (0),1,,13,cupy_copy__complex64_complex64
5817974446,6272,154620,103,1,1,128,1,1,16,0.000,0.000,,,,,NVIDIA A100-SXM4-40GB MIG 4g.20gb (0),1,,13,cupy_copy__complex64_complex64
5818424969,202974,154627,1,1,1,32,32,1,30,0.000,0.000,,,,,NVIDIA A100-SXM4-40GB MIG 4g.20gb (0),1,,13,"void convert_kernel<__half2, float2>(tensor_layout_any, T1 *, tensor_layout_any, const T2 *)"
5818657926,9600,154630,,,,,,,,,,0.094,9759.938,Pinned,Device,NVIDIA A100-SXM4-40GB MIG 4g.20gb (0),1,,13,[CUDA memcpy Host-to-Device]
5818911139,50560,154631,,,,,,,,,,35.810,708248.598,Device,,NVIDIA A100-SXM4-40GB MIG 4g.20gb (0),1,,13,[CUDA memset]
5818965411,4384,154633,,,,,,,,,,0.000,18.248,Pinned,Device,NVIDIA A100-SXM4-40GB MIG 4g.20gb (0),1,,13,[CUDA memcpy Host-to-Device]
5818972323,9824,154634,,,,,,,,,,0.197,20012.925,Pinned,Device,NVIDIA A100-SXM4-40GB MIG 4g.20gb (0),1,,13,[CUDA memcpy Host-to-Device]
5819415454,14943,154635,273,1,1,48,1,1,40,0.000,0.001,,,,,NVIDIA A100-SXM4-40GB MIG 4g.20gb (0),1,,13,"void pusch_noise_intf_est::noiseIntfEstNoDftSOfdmKernel<float, __half, float, float, (unsigned int)2, (unsigned int)1, (unsigned char)4, (unsigned char)4>(pusch_noise_intf_est::puschRxNoiseIntfEstDynDescr)"
5819861112,4576,154646,35,1,1,128,1,1,16,0.000,0.000,,,,,NVIDIA A100-SXM4-40GB MIG 4g.20gb (0),1,,13,cupy_copy__complex64_complex64
5820270452,3264,154655,1,1,1,1,1,1,18,0.000,0.000,,,,,NVIDIA A100-SXM4-40GB MIG 4g.20gb (0),1,,13,cupy_copy__float32_float32
5820275828,1856,154661,,,,,,,,,,0.000,2.155,Device,Pageable,NVIDIA A100-SXM4-40GB MIG 4g.20gb (0),1,,7,[CUDA memcpy Device-to-Host]
5820813293,17856,154672,1434,1,1,128,1,1,16,0.000,0.000,,,,,NVIDIA A100-SXM4-40GB MIG 4g.20gb (0),1,,13,cupy_copy__complex64_complex64
5821090250,7136,154679,103,1,1,128,1,1,16,0.000,0.000,,,,,NVIDIA A100-SXM4-40GB MIG 4g.20gb (0),1,,13,cupy_copy__complex64_complex64
5821341191,4832,154686,35,1,1,128,1,1,16,0.000,0.000,,,,,NVIDIA A100-SXM4-40GB MIG 4g.20gb (0),1,,13,cupy_copy__complex64_complex64
5821413095,4415,154693,1,1,1,1,1,1,18,0.000,0.000,,,,,NVIDIA A100-SXM4-40GB MIG 4g.20gb (0),1,,13,cupy_copy__float32_float32
5821623428,273245,154704,1,1,1,32,32,1,30,0.000,0.000,,,,,NVIDIA A100-SXM4-40GB MIG 4g.20gb (0),1,,13,"void convert_kernel<__half2, float2>(tensor_layout_any, T1 *, tensor_layout_any, const T2 *)"
5821926753,5536,154707,,,,,,,,,,0.094,16924.777,Pinned,Device,NVIDIA A100-SXM4-40GB MIG 4g.20gb (0),1,,13,[CUDA memcpy Host-to-Device]
5822163262,5088,154708,,,,,,,,,,1.547,303973.481,Device,,NVIDIA A100-SXM4-40GB MIG 4g.20gb (0),1,,13,[CUDA memset]
5822175966,6848,154713,,,,,,,,,,0.031,4570.092,Pinned,Device,NVIDIA A100-SXM4-40GB MIG 4g.20gb (0),1,,13,[CUDA memcpy Host-to-Device]
5822185278,9696,154714,,,,,,,,,,0.197,20277.166,Pinned,Device,NVIDIA A100-SXM4-40GB MIG 4g.20gb (0),1,,13,[CUDA memcpy Host-to-Device]
5822434331,9760,154715,273,1,1,8,4,1,39,0.002,0.000,,,,,NVIDIA A100-SXM4-40GB MIG 4g.20gb (0),1,,13,"void channel_eq::eqMmseCoefCompLowMimoKernel<float, float, float, (unsigned int)4, (unsigned int)1, (unsigned int)4>(const channel_eq::_puschRxChEqStatDescr *, channel_eq::_puschRxChEqCoefCompDynDescr)"
5822707480,12767,154716,273,1,1,12,11,1,51,0.002,0.000,,,,,NVIDIA A100-SXM4-40GB MIG 4g.20gb (0),1,,13,"void channel_eq::eqMmseSoftDemapKernel<float, __half, __half, float, (unsigned int)4, (unsigned short)16383>(channel_eq::_puschRxChEqStatDescr *, channel_eq::_puschRxChEqSoftDemapDynDescr)"
5822984372,709848,154717,1,1,1,32,32,1,30,0.000,0.000,,,,,NVIDIA A100-SXM4-40GB MIG 4g.20gb (0),1,,13,"void convert_kernel<float2, __half2>(tensor_layout_any, T1 *, tensor_layout_any, const T2 *)"
5824036808,13152,154729,2253,1,1,128,1,1,16,0.000,0.000,,,,,NVIDIA A100-SXM4-40GB MIG 4g.20gb (0),1,,13,cupy_copy__float16_float16
5824149735,5312,154738,282,1,1,128,1,1,16,0.000,0.000,,,,,NVIDIA A100-SXM4-40GB MIG 4g.20gb (0),1,,13,cupy_copy__complex64_complex64
5824419780,3744,154747,26,1,1,128,1,1,16,0.000,0.000,,,,,NVIDIA A100-SXM4-40GB MIG 4g.20gb (0),1,,13,cupy_copy__float32_float32
5824642785,10912,154756,103,1,1,128,1,1,16,0.000,0.000,,,,,NVIDIA A100-SXM4-40GB MIG 4g.20gb (0),1,,13,cupy_copy__complex64_complex64
5824755296,15776,154766,1434,1,1,128,1,1,16,0.000,0.000,,,,,NVIDIA A100-SXM4-40GB MIG 4g.20gb (0),1,,13,cupy_copy__complex64_complex64
5825044573,255453,154771,1,1,1,32,32,1,30,0.000,0.000,,,,,NVIDIA A100-SXM4-40GB MIG 4g.20gb (0),1,,13,"void convert_kernel<__half2, float2>(tensor_layout_any, T1 *, tensor_layout_any, const T2 *)"
5825329401,10240,154774,,,,,,,,,,0.094,9149.977,Pinned,Device,NVIDIA A100-SXM4-40GB MIG 4g.20gb (0),1,,13,[CUDA memcpy Host-to-Device]
5825610038,607897,154775,,,,,,,,,,456.561,751043.569,Device,,NVIDIA A100-SXM4-40GB MIG 4g.20gb (0),1,,13,[CUDA memset]
5826222191,59039,154780,,,,,,,,,,1.235,20916.247,Pinned,Device,NVIDIA A100-SXM4-40GB MIG 4g.20gb (0),1,,13,[CUDA memcpy Host-to-Device]
5826285102,13472,154781,,,,,,,,,,0.197,14593.819,Pinned,Device,NVIDIA A100-SXM4-40GB MIG 4g.20gb (0),1,,13,[CUDA memcpy Host-to-Device]
5826591595,10496,154782,69,4,1,48,1,1,76,0.002,0.000,,,,,NVIDIA A100-SXM4-40GB MIG 4g.20gb (0),1,,13,"void ch_est::windowedChEstPreNoDftSOfdmKernel<float, __half, float, (unsigned int)2, (unsigned int)1, (unsigned short)4>(ch_est::puschRxChEstStatDescr_t *, ch_est::puschRxChEstDynDescr_t *)"
5827040006,11743,154783,137,2,1,24,2,1,44,0.001,0.001,,,,,NVIDIA A100-SXM4-40GB MIG 4g.20gb (0),1,,13,"void ch_est::chEstFilterNoDftSOfdmDispatchKernel<float, __half, float, (unsigned int)2>(ch_est::puschRxChEstStatDescr_t *, ch_est::puschRxChEstDynDescr_t *)"
5827486560,11680,154784,137,2,1,24,2,1,44,0.001,0.001,,,,,NVIDIA A100-SXM4-40GB MIG 4g.20gb (0),1,,13,"void ch_est::chEstFilterNoDftSOfdmDispatchKernel<float, __half, float, (unsigned int)2>(ch_est::puschRxChEstStatDescr_t *, ch_est::puschRxChEstDynDescr_t *)"
5827591807,5152,154795,103,1,1,128,1,1,16,0.000,0.000,,,,,NVIDIA A100-SXM4-40GB MIG 4g.20gb (0),1,,13,cupy_copy__complex64_complex64
5827833564,15136,154805,1434,1,1,128,1,1,16,0.000,0.000,,,,,NVIDIA A100-SXM4-40GB MIG 4g.20gb (0),1,,13,cupy_copy__complex64_complex64
5828073466,4768,154812,103,1,1,128,1,1,16,0.000,0.000,,,,,NVIDIA A100-SXM4-40GB MIG 4g.20gb (0),1,,13,cupy_copy__complex64_complex64
5828311063,223677,154819,1,1,1,32,32,1,30,0.000,0.000,,,,,NVIDIA A100-SXM4-40GB MIG 4g.20gb (0),1,,13,"void convert_kernel<__half2, float2>(tensor_layout_any, T1 *, tensor_layout_any, const T2 *)"
5828564788,5568,154822,,,,,,,,,,0.094,16827.521,Pinned,Device,NVIDIA A100-SXM4-40GB MIG 4g.20gb (0),1,,13,[CUDA memcpy Host-to-Device]
5828755730,60639,154823,,,,,,,,,,35.810,590541.391,Device,,NVIDIA A100-SXM4-40GB MIG 4g.20gb (0),1,,13,[CUDA memset]
5828820369,1856,154825,,,,,,,,,,0.000,43.103,Pinned,Device,NVIDIA A100-SXM4-40GB MIG 4g.20gb (0),1,,13,[CUDA memcpy Host-to-Device]
5828824657,9472,154826,,,,,,,,,,0.197,20756.693,Pinned,Device,NVIDIA A100-SXM4-40GB MIG 4g.20gb (0),1,,13,[CUDA memcpy Host-to-Device]
5829054638,26560,154827,273,1,1,48,1,1,40,0.000,0.001,,,,,NVIDIA A100-SXM4-40GB MIG 4g.20gb (0),1,,13,"void pusch_noise_intf_est::noiseIntfEstNoDftSOfdmKernel<float, __half, float, float, (unsigned int)2, (unsigned int)1, (unsigned char)4, (unsigned char)4>(pusch_noise_intf_est::puschRxNoiseIntfEstDynDescr)"
5829367243,17408,154838,35,1,1,128,1,1,16,0.000,0.000,,,,,NVIDIA A100-SXM4-40GB MIG 4g.20gb (0),1,,13,cupy_copy__complex64_complex64
5829734886,5696,154847,1,1,1,1,1,1,18,0.000,0.000,,,,,NVIDIA A100-SXM4-40GB MIG 4g.20gb (0),1,,13,cupy_copy__float32_float32
5829744646,1728,154853,,,,,,,,,,0.000,2.315,Device,Pageable,NVIDIA A100-SXM4-40GB MIG 4g.20gb (0),1,,7,[CUDA memcpy Device-to-Host]
5830258816,22112,154864,1434,1,1,128,1,1,16,0.000,0.000,,,,,NVIDIA A100-SXM4-40GB MIG 4g.20gb (0),1,,13,cupy_copy__complex64_complex64
5830383487,4544,154871,103,1,1,128,1,1,16,0.000,0.000,,,,,NVIDIA A100-SXM4-40GB MIG 4g.20gb (0),1,,13,cupy_copy__complex64_complex64
5830724923,6112,154878,35,1,1,128,1,1,16,0.000,0.000,,,,,NVIDIA A100-SXM4-40GB MIG 4g.20gb (0),1,,13,cupy_copy__complex64_complex64
5831057431,5856,154885,1,1,1,1,1,1,18,0.000,0.000,,,,,NVIDIA A100-SXM4-40GB MIG 4g.20gb (0),1,,13,cupy_copy__float32_float32
5831176566,280957,154896,1,1,1,32,32,1,30,0.000,0.000,,,,,NVIDIA A100-SXM4-40GB MIG 4g.20gb (0),1,,13,"void convert_kernel<__half2, float2>(tensor_layout_any, T1 *, tensor_layout_any, const T2 *)"
5831487378,5920,154899,,,,,,,,,,0.094,15826.941,Pinned,Device,NVIDIA A100-SXM4-40GB MIG 4g.20gb (0),1,,13,[CUDA memcpy Host-to-Device]
5831841646,5280,154900,,,,,,,,,,1.547,292919.759,Device,,NVIDIA A100-SXM4-40GB MIG 4g.20gb (0),1,,13,[CUDA memset]
5831853230,8512,154905,,,,,,,,,,0.031,3676.685,Pinned,Device,NVIDIA A100-SXM4-40GB MIG 4g.20gb (0),1,,13,[CUDA memcpy Host-to-Device]
5831865550,9824,154906,,,,,,,,,,0.197,20012.925,Pinned,Device,NVIDIA A100-SXM4-40GB MIG 4g.20gb (0),1,,13,[CUDA memcpy Host-to-Device]
5832213674,10304,154907,273,1,1,8,4,1,39,0.002,0.000,,,,,NVIDIA A100-SXM4-40GB MIG 4g.20gb (0),1,,13,"void channel_eq::eqMmseCoefCompLowMimoKernel<float, float, float, (unsigned int)4, (unsigned int)1, (unsigned int)4>(const channel_eq::_puschRxChEqStatDescr *, channel_eq::_puschRxChEqCoefCompDynDescr)"
5832586086,12479,154908,273,1,1,12,11,1,51,0.002,0.000,,,,,NVIDIA A100-SXM4-40GB MIG 4g.20gb (0),1,,13,"void channel_eq::eqMmseSoftDemapKernel<float, __half, __half, float, (unsigned int)4, (unsigned short)16383>(channel_eq::_puschRxChEqStatDescr *, channel_eq::_puschRxChEqSoftDemapDynDescr)"
5832961377,622233,154909,1,1,1,32,32,1,30,0.000,0.000,,,,,NVIDIA A100-SXM4-40GB MIG 4g.20gb (0),1,,13,"void convert_kernel<float2, __half2>(tensor_layout_any, T1 *, tensor_layout_any, const T2 *)"
5833637561,19264,154921,2253,1,1,128,1,1,16,0.000,0.000,,,,,NVIDIA A100-SXM4-40GB MIG 4g.20gb (0),1,,13,cupy_copy__float16_float16
5833724312,8864,154930,282,1,1,128,1,1,16,0.000,0.000,,,,,NVIDIA A100-SXM4-40GB MIG 4g.20gb (0),1,,13,cupy_copy__complex64_complex64
5833765304,3360,154939,26,1,1,128,1,1,16,0.000,0.000,,,,,NVIDIA A100-SXM4-40GB MIG 4g.20gb (0),1,,13,cupy_copy__float32_float32
5833836887,6112,154948,103,1,1,128,1,1,16,0.000,0.000,,,,,NVIDIA A100-SXM4-40GB MIG 4g.20gb (0),1,,13,cupy_copy__complex64_complex64
5833903190,15040,154958,1434,1,1,128,1,1,16,0.000,0.000,,,,,NVIDIA A100-SXM4-40GB MIG 4g.20gb (0),1,,13,cupy_copy__complex64_complex64
5833979637,88095,154963,1,1,1,32,32,1,30,0.000,0.000,,,,,NVIDIA A100-SXM4-40GB MIG 4g.20gb (0),1,,13,"void convert_kernel<__half2, float2>(tensor_layout_any, T1 *, tensor_layout_any, const T2 *)"
5834098356,9056,154966,,,,,,,,,,0.094,10346.287,Pinned,Device,NVIDIA A100-SXM4-40GB MIG 4g.20gb (0),1,,13,[CUDA memcpy Host-to-Device]
5834180243,614201,154967,,,,,,,,,,456.561,743282.024,Device,,NVIDIA A100-SXM4-40GB MIG 4g.20gb (0),1,,13,[CUDA memset]
5834799052,54015,154972,,,,,,,,,,1.235,22862.518,Pinned,Device,NVIDIA A100-SXM4-40GB MIG 4g.20gb (0),1,,13,[CUDA memcpy Host-to-Device]
5834855531,10208,154973,,,,,,,,,,0.197,19260.113,Pinned,Device,NVIDIA A100-SXM4-40GB MIG 4g.20gb (0),1,,13,[CUDA memcpy Host-to-Device]
5834931883,11295,154974,69,4,1,48,1,1,76,0.002,0.000,,,,,NVIDIA A100-SXM4-40GB MIG 4g.20gb (0),1,,13,"void ch_est::windowedChEstPreNoDftSOfdmKernel<float, __half, float, (unsigned int)2, (unsigned int)1, (unsigned short)4>(ch_est::puschRxChEstStatDescr_t *, ch_est::puschRxChEstDynDescr_t *)"
5834975210,7872,154975,137,2,1,24,2,1,44,0.001,0.001,,,,,NVIDIA A100-SXM4-40GB MIG 4g.20gb (0),1,,13,"void ch_est::chEstFilterNoDftSOfdmDispatchKernel<float, __half, float, (unsigned int)2>(ch_est::puschRxChEstStatDescr_t *, ch_est::puschRxChEstDynDescr_t *)"
5835047337,9664,154976,137,2,1,24,2,1,44,0.001,0.001,,,,,NVIDIA A100-SXM4-40GB MIG 4g.20gb (0),1,,13,"void ch_est::chEstFilterNoDftSOfdmDispatchKernel<float, __half, float, (unsigned int)2>(ch_est::puschRxChEstStatDescr_t *, ch_est::puschRxChEstDynDescr_t *)"
5835114184,3232,154987,103,1,1,128,1,1,16,0.000,0.000,,,,,NVIDIA A100-SXM4-40GB MIG 4g.20gb (0),1,,13,cupy_copy__complex64_complex64
5835182120,22271,154997,1434,1,1,128,1,1,16,0.000,0.000,,,,,NVIDIA A100-SXM4-40GB MIG 4g.20gb (0),1,,13,cupy_copy__complex64_complex64
5835270343,5856,155004,103,1,1,128,1,1,16,0.000,0.000,,,,,NVIDIA A100-SXM4-40GB MIG 4g.20gb (0),1,,13,cupy_copy__complex64_complex64
5835312134,93151,155011,1,1,1,32,32,1,30,0.000,0.000,,,,,NVIDIA A100-SXM4-40GB MIG 4g.20gb (0),1,,13,"void convert_kernel<__half2, float2>(tensor_layout_any, T1 *, tensor_layout_any, const T2 *)"
5835435429,5472,155014,,,,,,,,,,0.094,17122.757,Pinned,Device,NVIDIA A100-SXM4-40GB MIG 4g.20gb (0),1,,13,[CUDA memcpy Host-to-Device]
5835473380,49088,155015,,,,,,,,,,35.810,729483.880,Device,,NVIDIA A100-SXM4-40GB MIG 4g.20gb (0),1,,13,[CUDA memset]
5835530180,1824,155017,,,,,,,,,,0.000,43.860,Pinned,Device,NVIDIA A100-SXM4-40GB MIG 4g.20gb (0),1,,13,[CUDA memcpy Host-to-Device]
5835534724,9439,155018,,,,,,,,,,0.197,20829.241,Pinned,Device,NVIDIA A100-SXM4-40GB MIG 4g.20gb (0),1,,13,[CUDA memcpy Host-to-Device]
5835612291,12608,155019,273,1,1,48,1,1,40,0.000,0.001,,,,,NVIDIA A100-SXM4-40GB MIG 4g.20gb (0),1,,13,"void pusch_noise_intf_est::noiseIntfEstNoDftSOfdmKernel<float, __half, float, float, (unsigned int)2, (unsigned int)1, (unsigned char)4, (unsigned char)4>(pusch_noise_intf_est::puschRxNoiseIntfEstDynDescr)"
5835697954,4000,155030,35,1,1,128,1,1,16,0.000,0.000,,,,,NVIDIA A100-SXM4-40GB MIG 4g.20gb (0),1,,13,cupy_copy__complex64_complex64
5835771873,2464,155039,1,1,1,1,1,1,18,0.000,0.000,,,,,NVIDIA A100-SXM4-40GB MIG 4g.20gb (0),1,,13,cupy_copy__float32_float32
5835777985,1760,155045,,,,,,,,,,0.000,2.273,Device,Pageable,NVIDIA A100-SXM4-40GB MIG 4g.20gb (0),1,,7,[CUDA memcpy Device-to-Host]
5835904223,20512,155056,1434,1,1,128,1,1,16,0.000,0.000,,,,,NVIDIA A100-SXM4-40GB MIG 4g.20gb (0),1,,13,cupy_copy__complex64_complex64
5835989918,3392,155063,103,1,1,128,1,1,16,0.000,0.000,,,,,NVIDIA A100-SXM4-40GB MIG 4g.20gb (0),1,,13,cupy_copy__complex64_complex64
5836030686,4512,155070,35,1,1,128,1,1,16,0.000,0.000,,,,,NVIDIA A100-SXM4-40GB MIG 4g.20gb (0),1,,13,cupy_copy__complex64_complex64
5836101885,2464,155077,1,1,1,1,1,1,18,0.000,0.000,,,,,NVIDIA A100-SXM4-40GB MIG 4g.20gb (0),1,,13,cupy_copy__float32_float32
5836167548,80639,155088,1,1,1,32,32,1,30,0.000,0.000,,,,,NVIDIA A100-SXM4-40GB MIG 4g.20gb (0),1,,13,"void convert_kernel<__half2, float2>(tensor_layout_any, T1 *, tensor_layout_any, const T2 *)"
5836278523,6272,155091,,,,,,,,,,0.094,14938.703,Pinned,Device,NVIDIA A100-SXM4-40GB MIG 4g.20gb (0),1,,13,[CUDA memcpy Host-to-Device]
5836357562,5504,155092,,,,,,,,,,1.547,280999.928,Device,,NVIDIA A100-SXM4-40GB MIG 4g.20gb (0),1,,13,[CUDA memset]
5836369338,7008,155097,,,,,,,,,,0.031,4465.751,Pinned,Device,NVIDIA A100-SXM4-40GB MIG 4g.20gb (0),1,,13,[CUDA memcpy Host-to-Device]
5836378778,9952,155098,,,,,,,,,,0.197,19755.565,Pinned,Device,NVIDIA A100-SXM4-40GB MIG 4g.20gb (0),1,,13,[CUDA memcpy Host-to-Device]
5836439161,7360,155099,273,1,1,8,4,1,39,0.002,0.000,,,,,NVIDIA A100-SXM4-40GB MIG 4g.20gb (0),1,,13,"void channel_eq::eqMmseCoefCompLowMimoKernel<float, float, float, (unsigned int)4, (unsigned int)1, (unsigned int)4>(const channel_eq::_puschRxChEqStatDescr *, channel_eq::_puschRxChEqCoefCompDynDescr)"
5836512440,11584,155100,273,1,1,12,11,1,51,0.002,0.000,,,,,NVIDIA A100-SXM4-40GB MIG 4g.20gb (0),1,,13,"void channel_eq::eqMmseSoftDemapKernel<float, __half, __half, float, (unsigned int)4, (unsigned short)16383>(channel_eq::_puschRxChEqStatDescr *, channel_eq::_puschRxChEqSoftDemapDynDescr)"
5836580823,309181,155101,1,1,1,32,32,1,30,0.000,0.000,,,,,NVIDIA A100-SXM4-40GB MIG 4g.20gb (0),1,,13,"void convert_kernel<float2, __half2>(tensor_layout_any, T1 *, tensor_layout_any, const T2 *)"
5836937747,12864,155113,2253,1,1,128,1,1,16,0.000,0.000,,,,,NVIDIA A100-SXM4-40GB MIG 4g.20gb (0),1,,13,cupy_copy__float16_float16
5837013522,5632,155122,282,1,1,128,1,1,16,0.000,0.000,,,,,NVIDIA A100-SXM4-40GB MIG 4g.20gb (0),1,,13,cupy_copy__complex64_complex64
5837079378,4608,155131,26,1,1,128,1,1,16,0.000,0.000,,,,,NVIDIA A100-SXM4-40GB MIG 4g.20gb (0),1,,13,cupy_copy__float32_float32
5837105137,5344,155140,103,1,1,128,1,1,16,0.000,0.000,,,,,NVIDIA A100-SXM4-40GB MIG 4g.20gb (0),1,,13,cupy_copy__complex64_complex64
5837130353,13216,155150,1434,1,1,128,1,1,16,0.000,0.000,,,,,NVIDIA A100-SXM4-40GB MIG 4g.20gb (0),1,,13,cupy_copy__complex64_complex64
5837153905,99679,155155,1,1,1,32,32,1,30,0.000,0.000,,,,,NVIDIA A100-SXM4-40GB MIG 4g.20gb (0),1,,13,"void convert_kernel<__half2, float2>(tensor_layout_any, T1 *, tensor_layout_any, const T2 *)"
5837287055,9312,155158,,,,,,,,,,0.094,10061.826,Pinned,Device,NVIDIA A100-SXM4-40GB MIG 4g.20gb (0),1,,13,[CUDA memcpy Host-to-Device]
5837333679,610489,155159,,,,,,,,,,456.561,747847.639,Device,,NVIDIA A100-SXM4-40GB MIG 4g.20gb (0),1,,13,[CUDA memset]
5837945768,61023,155164,,,,,,,,,,1.235,20237.027,Pinned,Device,NVIDIA A100-SXM4-40GB MIG 4g.20gb (0),1,,13,[CUDA memcpy Host-to-Device]
5838009255,10208,155165,,,,,,,,,,0.197,19260.113,Pinned,Device,NVIDIA A100-SXM4-40GB MIG 4g.20gb (0),1,,13,[CUDA memcpy Host-to-Device]
5838191397,12160,155166,69,4,1,48,1,1,76,0.002,0.000,,,,,NVIDIA A100-SXM4-40GB MIG 4g.20gb (0),1,,13,"void ch_est::windowedChEstPreNoDftSOfdmKernel<float, __half, float, (unsigned int)2, (unsigned int)1, (unsigned short)4>(ch_est::puschRxChEstStatDescr_t *, ch_est::puschRxChEstDynDescr_t *)"
5838351299,24640,155167,137,2,1,24,2,1,44,0.001,0.001,,,,,NVIDIA A100-SXM4-40GB MIG 4g.20gb (0),1,,13,"void ch_est::chEstFilterNoDftSOfdmDispatchKernel<float, __half, float, (unsigned int)2>(ch_est::puschRxChEstStatDescr_t *, ch_est::puschRxChEstDynDescr_t *)"
5838415266,8160,155168,137,2,1,24,2,1,44,0.001,0.001,,,,,NVIDIA A100-SXM4-40GB MIG 4g.20gb (0),1,,13,"void ch_est::chEstFilterNoDftSOfdmDispatchKernel<float, __half, float, (unsigned int)2>(ch_est::puschRxChEstStatDescr_t *, ch_est::puschRxChEstDynDescr_t *)"
5838442306,3392,155179,103,1,1,128,1,1,16,0.000,0.000,,,,,NVIDIA A100-SXM4-40GB MIG 4g.20gb (0),1,,13,cupy_copy__complex64_complex64
5838448610,15712,155189,1434,1,1,128,1,1,16,0.000,0.000,,,,,NVIDIA A100-SXM4-40GB MIG 4g.20gb (0),1,,13,cupy_copy__complex64_complex64
5838489025,3840,155196,103,1,1,128,1,1,16,0.000,0.000,,,,,NVIDIA A100-SXM4-40GB MIG 4g.20gb (0),1,,13,cupy_copy__complex64_complex64
5838508129,193118,155203,1,1,1,32,32,1,30,0.000,0.000,,,,,NVIDIA A100-SXM4-40GB MIG 4g.20gb (0),1,,13,"void convert_kernel<__half2, float2>(tensor_layout_any, T1 *, tensor_layout_any, const T2 *)"
5838732959,11680,155206,,,,,,,,,,0.094,8021.877,Pinned,Device,NVIDIA A100-SXM4-40GB MIG 4g.20gb (0),1,,13,[CUDA memcpy Host-to-Device]
5838881437,50623,155207,,,,,,,,,,35.810,707353.350,Device,,NVIDIA A100-SXM4-40GB MIG 4g.20gb (0),1,,13,[CUDA memset]
5838933756,1824,155209,,,,,,,,,,0.000,43.860,Pinned,Device,NVIDIA A100-SXM4-40GB MIG 4g.20gb (0),1,,13,[CUDA memcpy Host-to-Device]
5838938300,11616,155210,,,,,,,,,,0.197,16925.590,Pinned,Device,NVIDIA A100-SXM4-40GB MIG 4g.20gb (0),1,,13,[CUDA memcpy Host-to-Device]
5839158362,13984,155211,273,1,1,48,1,1,40,0.000,0.001,,,,,NVIDIA A100-SXM4-40GB MIG 4g.20gb (0),1,,13,"void pusch_noise_intf_est::noiseIntfEstNoDftSOfdmKernel<float, __half, float, float, (unsigned int)2, (unsigned int)1, (unsigned char)4, (unsigned char)4>(pusch_noise_intf_est::puschRxNoiseIntfEstDynDescr)"
5839614164,3744,155222,35,1,1,128,1,1,16,0.000,0.000,,,,,NVIDIA A100-SXM4-40GB MIG 4g.20gb (0),1,,13,cupy_copy__complex64_complex64
5840053679,4416,155231,1,1,1,1,1,1,18,0.000,0.000,,,,,NVIDIA A100-SXM4-40GB MIG 4g.20gb (0),1,,13,cupy_copy__float32_float32
5840065103,1664,155237,,,,,,,,,,0.000,2.404,Device,Pageable,NVIDIA A100-SXM4-40GB MIG 4g.20gb (0),1,,7,[CUDA memcpy Device-to-Host]
5840520490,13632,155248,1434,1,1,128,1,1,16,0.000,0.000,,,,,NVIDIA A100-SXM4-40GB MIG 4g.20gb (0),1,,13,cupy_copy__complex64_complex64
5840711208,4192,155255,103,1,1,128,1,1,16,0.000,0.000,,,,,NVIDIA A100-SXM4-40GB MIG 4g.20gb (0),1,,13,cupy_copy__complex64_complex64
5841141443,11584,155262,35,1,1,128,1,1,16,0.000,0.000,,,,,NVIDIA A100-SXM4-40GB MIG 4g.20gb (0),1,,13,cupy_copy__complex64_complex64
5841444159,3008,155269,1,1,1,1,1,1,18,0.000,0.000,,,,,NVIDIA A100-SXM4-40GB MIG 4g.20gb (0),1,,13,cupy_copy__float32_float32
5841732444,227421,155280,1,1,1,32,32,1,30,0.000,0.000,,,,,NVIDIA A100-SXM4-40GB MIG 4g.20gb (0),1,,13,"void convert_kernel<__half2, float2>(tensor_layout_any, T1 *, tensor_layout_any, const T2 *)"
5841989657,9248,155283,,,,,,,,,,0.094,10131.442,Pinned,Device,NVIDIA A100-SXM4-40GB MIG 4g.20gb (0),1,,13,[CUDA memcpy Host-to-Device]
5842066904,6880,155284,,,,,,,,,,1.547,224798.705,Device,,NVIDIA A100-SXM4-40GB MIG 4g.20gb (0),1,,13,[CUDA memset]
5842079160,7616,155289,,,,,,,,,,0.031,4109.227,Pinned,Device,NVIDIA A100-SXM4-40GB MIG 4g.20gb (0),1,,13,[CUDA memcpy Host-to-Device]
5842089240,9536,155290,,,,,,,,,,0.197,20617.298,Pinned,Device,NVIDIA A100-SXM4-40GB MIG 4g.20gb (0),1,,13,[CUDA memcpy Host-to-Device]
5842371925,9920,155291,273,1,1,8,4,1,39,0.002,0.000,,,,,NVIDIA A100-SXM4-40GB MIG 4g.20gb (0),1,,13,"void channel_eq::eqMmseCoefCompLowMimoKernel<float, float, float, (unsigned int)4, (unsigned int)1, (unsigned int)4>(const channel_eq::_puschRxChEqStatDescr *, channel_eq::_puschRxChEqCoefCompDynDescr)"
5842675249,12992,155292,273,1,1,12,11,1,51,0.002,0.000,,,,,NVIDIA A100-SXM4-40GB MIG 4g.20gb (0),1,,13,"void channel_eq::eqMmseSoftDemapKernel<float, __half, __half, float, (unsigned int)4, (unsigned short)16383>(channel_eq::_puschRxChEqStatDescr *, channel_eq::_puschRxChEqSoftDemapDynDescr)"
5842981774,550809,155293,1,1,1,32,32,1,30,0.000,0.000,,,,,NVIDIA A100-SXM4-40GB MIG 4g.20gb (0),1,,13,"void convert_kernel<float2, __half2>(tensor_layout_any, T1 *, tensor_layout_any, const T2 *)"
5843550343,12416,155305,2253,1,1,128,1,1,16,0.000,0.000,,,,,NVIDIA A100-SXM4-40GB MIG 4g.20gb (0),1,,13,cupy_copy__float16_float16
5843572647,4896,155314,282,1,1,128,1,1,16,0.000,0.000,,,,,NVIDIA A100-SXM4-40GB MIG 4g.20gb (0),1,,13,cupy_copy__complex64_complex64
5843598118,3072,155323,26,1,1,128,1,1,16,0.000,0.000,,,,,NVIDIA A100-SXM4-40GB MIG 4g.20gb (0),1,,13,cupy_copy__float32_float32
5843622342,5696,155332,103,1,1,128,1,1,16,0.000,0.000,,,,,NVIDIA A100-SXM4-40GB MIG 4g.20gb (0),1,,13,cupy_copy__complex64_complex64
5843637926,13696,155342,1434,1,1,128,1,1,16,0.000,0.000,,,,,NVIDIA A100-SXM4-40GB MIG 4g.20gb (0),1,,13,cupy_copy__complex64_complex64
5843672998,96575,155347,1,1,1,32,32,1,30,0.000,0.000,,,,,NVIDIA A100-SXM4-40GB MIG 4g.20gb (0),1,,13,"void convert_kernel<__half2, float2>(tensor_layout_any, T1 *, tensor_layout_any, const T2 *)"
5843798532,5376,155350,,,,,,,,,,0.094,17428.487,Pinned,Device,NVIDIA A100-SXM4-40GB MIG 4g.20gb (0),1,,13,[CUDA memcpy Host-to-Device]
5843825188,608985,155351,,,,,,,,,,456.561,749673.884,Device,,NVIDIA A100-SXM4-40GB MIG 4g.20gb (0),1,,13,[CUDA memset]
5844436061,60767,155356,,,,,,,,,,1.235,20322.238,Pinned,Device,NVIDIA A100-SXM4-40GB MIG 4g.20gb (0),1,,13,[CUDA memcpy Host-to-Device]
5844501916,14656,155357,,,,,,,,,,0.197,13414.760,Pinned,Device,NVIDIA A100-SXM4-40GB MIG 4g.20gb (0),1,,13,[CUDA memcpy Host-to-Device]
5844789881,22751,155358,69,4,1,48,1,1,76,0.002,0.000,,,,,NVIDIA A100-SXM4-40GB MIG 4g.20gb (0),1,,13,"void ch_est::windowedChEstPreNoDftSOfdmKernel<float, __half, float, (unsigned int)2, (unsigned int)1, (unsigned short)4>(ch_est::puschRxChEstStatDescr_t *, ch_est::puschRxChEstDynDescr_t *)"
5845095189,7904,155359,137,2,1,24,2,1,44,0.001,0.001,,,,,NVIDIA A100-SXM4-40GB MIG 4g.20gb (0),1,,13,"void ch_est::chEstFilterNoDftSOfdmDispatchKernel<float, __half, float, (unsigned int)2>(ch_est::puschRxChEstStatDescr_t *, ch_est::puschRxChEstDynDescr_t *)"
5845576944,11680,155360,137,2,1,24,2,1,44,0.001,0.001,,,,,NVIDIA A100-SXM4-40GB MIG 4g.20gb (0),1,,13,"void ch_est::chEstFilterNoDftSOfdmDispatchKernel<float, __half, float, (unsigned int)2>(ch_est::puschRxChEstStatDescr_t *, ch_est::puschRxChEstDynDescr_t *)"
5845802829,6656,155371,103,1,1,128,1,1,16,0.000,0.000,,,,,NVIDIA A100-SXM4-40GB MIG 4g.20gb (0),1,,13,cupy_copy__complex64_complex64
5846090314,13632,155381,1434,1,1,128,1,1,16,0.000,0.000,,,,,NVIDIA A100-SXM4-40GB MIG 4g.20gb (0),1,,13,cupy_copy__complex64_complex64
5846333383,5024,155388,103,1,1,128,1,1,16,0.000,0.000,,,,,NVIDIA A100-SXM4-40GB MIG 4g.20gb (0),1,,13,cupy_copy__complex64_complex64
5846606756,273373,155395,1,1,1,32,32,1,30,0.000,0.000,,,,,NVIDIA A100-SXM4-40GB MIG 4g.20gb (0),1,,13,"void convert_kernel<__half2, float2>(tensor_layout_any, T1 *, tensor_layout_any, const T2 *)"
5846908256,12864,155398,,,,,,,,,,0.094,7283.552,Pinned,Device,NVIDIA A100-SXM4-40GB MIG 4g.20gb (0),1,,13,[CUDA memcpy Host-to-Device]
5847365371,59583,155399,,,,,,,,,,35.810,600997.887,Device,,NVIDIA A100-SXM4-40GB MIG 4g.20gb (0),1,,13,[CUDA memset]
5847430970,3488,155401,,,,,,,,,,0.000,22.936,Pinned,Device,NVIDIA A100-SXM4-40GB MIG 4g.20gb (0),1,,13,[CUDA memcpy Host-to-Device]
5847440698,10048,155402,,,,,,,,,,0.197,19566.821,Pinned,Device,NVIDIA A100-SXM4-40GB MIG 4g.20gb (0),1,,13,[CUDA memcpy Host-to-Device]
5848130258,32576,155403,273,1,1,48,1,1,40,0.000,0.001,,,,,NVIDIA A100-SXM4-40GB MIG 4g.20gb (0),1,,13,"void pusch_noise_intf_est::noiseIntfEstNoDftSOfdmKernel<float, __half, float, float, (unsigned int)2, (unsigned int)1, (unsigned char)4, (unsigned char)4>(pusch_noise_intf_est::puschRxNoiseIntfEstDynDescr)"
5848734283,3968,155414,35,1,1,128,1,1,16,0.000,0.000,,,,,NVIDIA A100-SXM4-40GB MIG 4g.20gb (0),1,,13,cupy_copy__complex64_complex64
5849319844,3488,155423,1,1,1,1,1,1,18,0.000,0.000,,,,,NVIDIA A100-SXM4-40GB MIG 4g.20gb (0),1,,13,cupy_copy__float32_float32
5849324324,1760,155429,,,,,,,,,,0.000,2.273,Device,Pageable,NVIDIA A100-SXM4-40GB MIG 4g.20gb (0),1,,7,[CUDA memcpy Device-to-Host]
5850112379,15360,155440,1434,1,1,128,1,1,16,0.000,0.000,,,,,NVIDIA A100-SXM4-40GB MIG 4g.20gb (0),1,,13,cupy_copy__complex64_complex64
5850890866,5568,155447,103,1,1,128,1,1,16,0.000,0.000,,,,,NVIDIA A100-SXM4-40GB MIG 4g.20gb (0),1,,13,cupy_copy__complex64_complex64
5851120208,6112,155454,35,1,1,128,1,1,16,0.000,0.000,,,,,NVIDIA A100-SXM4-40GB MIG 4g.20gb (0),1,,13,cupy_copy__complex64_complex64
5851150255,3264,155461,1,1,1,1,1,1,18,0.000,0.000,,,,,NVIDIA A100-SXM4-40GB MIG 4g.20gb (0),1,,13,cupy_copy__float32_float32
5851367533,252733,155472,1,1,1,32,32,1,30,0.000,0.000,,,,,NVIDIA A100-SXM4-40GB MIG 4g.20gb (0),1,,13,"void convert_kernel<__half2, float2>(tensor_layout_any, T1 *, tensor_layout_any, const T2 *)"
5851650602,5919,155475,,,,,,,,,,0.094,15829.658,Pinned,Device,NVIDIA A100-SXM4-40GB MIG 4g.20gb (0),1,,13,[CUDA memcpy Host-to-Device]
5851851591,5856,155476,,,,,,,,,,1.547,264109.247,Device,,NVIDIA A100-SXM4-40GB MIG 4g.20gb (0),1,,13,[CUDA memset]
5851862151,3008,155481,,,,,,,,,,0.031,10404.230,Pinned,Device,NVIDIA A100-SXM4-40GB MIG 4g.20gb (0),1,,13,[CUDA memcpy Host-to-Device]
5851867623,11936,155482,,,,,,,,,,0.197,16471.818,Pinned,Device,NVIDIA A100-SXM4-40GB MIG 4g.20gb (0),1,,13,[CUDA memcpy Host-to-Device]
5851902215,9472,155483,273,1,1,8,4,1,39,0.002,0.000,,,,,NVIDIA A100-SXM4-40GB MIG 4g.20gb (0),1,,13,"void channel_eq::eqMmseCoefCompLowMimoKernel<float, float, float, (unsigned int)4, (unsigned int)1, (unsigned int)4>(const channel_eq::_puschRxChEqStatDescr *, channel_eq::_puschRxChEqCoefCompDynDescr)"
5851928102,10496,155484,273,1,1,12,11,1,51,0.002,0.000,,,,,NVIDIA A100-SXM4-40GB MIG 4g.20gb (0),1,,13,"void channel_eq::eqMmseSoftDemapKernel<float, __half, __half, float, (unsigned int)4, (unsigned short)16383>(channel_eq::_puschRxChEqStatDescr *, channel_eq::_puschRxChEqSoftDemapDynDescr)"
5851966150,330972,155485,1,1,1,32,32,1,30,0.000,0.000,,,,,NVIDIA A100-SXM4-40GB MIG 4g.20gb (0),1,,13,"void convert_kernel<float2, __half2>(tensor_layout_any, T1 *, tensor_layout_any, const T2 *)"
5852301058,13088,155497,2253,1,1,128,1,1,16,0.000,0.000,,,,,NVIDIA A100-SXM4-40GB MIG 4g.20gb (0),1,,13,cupy_copy__float16_float16
5852339842,3744,155506,282,1,1,128,1,1,16,0.000,0.000,,,,,NVIDIA A100-SXM4-40GB MIG 4g.20gb (0),1,,13,cupy_copy__complex64_complex64
5852357409,2976,155515,26,1,1,128,1,1,16,0.000,0.000,,,,,NVIDIA A100-SXM4-40GB MIG 4g.20gb (0),1,,13,cupy_copy__float32_float32
5852424609,8704,155524,103,1,1,128,1,1,16,0.000,0.000,,,,,NVIDIA A100-SXM4-40GB MIG 4g.20gb (0),1,,13,cupy_copy__complex64_complex64
5852727005,24160,155534,1434,1,1,128,1,1,16,0.000,0.000,,,,,NVIDIA A100-SXM4-40GB MIG 4g.20gb (0),1,,13,cupy_copy__complex64_complex64
5853060281,278397,155539,1,1,1,32,32,1,30,0.000,0.000,,,,,NVIDIA A100-SXM4-40GB MIG 4g.20gb (0),1,,13,"void convert_kernel<__half2, float2>(tensor_layout_any, T1 *, tensor_layout_any, const T2 *)"
5853367766,8064,155542,,,,,,,,,,0.094,11618.960,Pinned,Device,NVIDIA A100-SXM4-40GB MIG 4g.20gb (0),1,,13,[CUDA memcpy Host-to-Device]
5853623763,608665,155543,,,,,,,,,,456.561,749673.884,Device,,NVIDIA A100-SXM4-40GB MIG 4g.20gb (0),1,,13,[CUDA memset]
5854238444,72095,155548,,,,,,,,,,1.235,17128.673,Pinned,Device,NVIDIA A100-SXM4-40GB MIG 4g.20gb (0),1,,13,[CUDA memcpy Host-to-Device]
5854313739,17408,155549,,,,,,,,,,0.197,11293.950,Pinned,Device,NVIDIA A100-SXM4-40GB MIG 4g.20gb (0),1,,13,[CUDA memcpy Host-to-Device]
5854765030,10815,155550,69,4,1,48,1,1,76,0.002,0.000,,,,,NVIDIA A100-SXM4-40GB MIG 4g.20gb (0),1,,13,"void ch_est::windowedChEstPreNoDftSOfdmKernel<float, __half, float, (unsigned int)2, (unsigned int)1, (unsigned short)4>(ch_est::puschRxChEstStatDescr_t *, ch_est::puschRxChEstDynDescr_t *)"
5855302239,10720,155551,137,2,1,24,2,1,44,0.001,0.001,,,,,NVIDIA A100-SXM4-40GB MIG 4g.20gb (0),1,,13,"void ch_est::chEstFilterNoDftSOfdmDispatchKernel<float, __half, float, (unsigned int)2>(ch_est::puschRxChEstStatDescr_t *, ch_est::puschRxChEstDynDescr_t *)"
5855889209,10496,155552,137,2,1,24,2,1,44,0.001,0.001,,,,,NVIDIA A100-SXM4-40GB MIG 4g.20gb (0),1,,13,"void ch_est::chEstFilterNoDftSOfdmDispatchKernel<float, __half, float, (unsigned int)2>(ch_est::puschRxChEstStatDescr_t *, ch_est::puschRxChEstDynDescr_t *)"
5856527569,4832,155563,103,1,1,128,1,1,16,0.000,0.000,,,,,NVIDIA A100-SXM4-40GB MIG 4g.20gb (0),1,,13,cupy_copy__complex64_complex64
5857167114,16224,155573,1434,1,1,128,1,1,16,0.000,0.000,,,,,NVIDIA A100-SXM4-40GB MIG 4g.20gb (0),1,,13,cupy_copy__complex64_complex64
5857815842,4960,155580,103,1,1,128,1,1,16,0.000,0.000,,,,,NVIDIA A100-SXM4-40GB MIG 4g.20gb (0),1,,13,cupy_copy__complex64_complex64
5858452635,291229,155587,1,1,1,32,32,1,30,0.000,0.000,,,,,NVIDIA A100-SXM4-40GB MIG 4g.20gb (0),1,,13,"void convert_kernel<__half2, float2>(tensor_layout_any, T1 *, tensor_layout_any, const T2 *)"
5858775767,8896,155590,,,,,,,,,,0.094,10532.367,Pinned,Device,NVIDIA A100-SXM4-40GB MIG 4g.20gb (0),1,,13,[CUDA memcpy Host-to-Device]
5859120467,51776,155591,,,,,,,,,,35.810,691596.985,Device,,NVIDIA A100-SXM4-40GB MIG 4g.20gb (0),1,,13,[CUDA memset]
5859178931,2624,155593,,,,,,,,,,0.000,30.488,Pinned,Device,NVIDIA A100-SXM4-40GB MIG 4g.20gb (0),1,,13,[CUDA memcpy Host-to-Device]
5859187123,14175,155594,,,,,,,,,,0.197,13869.908,Pinned,Device,NVIDIA A100-SXM4-40GB MIG 4g.20gb (0),1,,13,[CUDA memcpy Host-to-Device]
5859309809,16800,155595,273,1,1,48,1,1,40,0.000,0.001,,,,,NVIDIA A100-SXM4-40GB MIG 4g.20gb (0),1,,13,"void pusch_noise_intf_est::noiseIntfEstNoDftSOfdmKernel<float, __half, float, float, (unsigned int)2, (unsigned int)1, (unsigned char)4, (unsigned char)4>(pusch_noise_intf_est::puschRxNoiseIntfEstDynDescr)"
5859447952,6816,155606,35,1,1,128,1,1,16,0.000,0.000,,,,,NVIDIA A100-SXM4-40GB MIG 4g.20gb (0),1,,13,cupy_copy__complex64_complex64
5859565614,3392,155615,1,1,1,1,1,1,18,0.000,0.000,,,,,NVIDIA A100-SXM4-40GB MIG 4g.20gb (0),1,,13,cupy_copy__float32_float32
5859576494,1600,155621,,,,,,,,,,0.000,2.500,Device,Pageable,NVIDIA A100-SXM4-40GB MIG 4g.20gb (0),1,,7,[CUDA memcpy Device-to-Host]
5859711085,19743,155632,1434,1,1,128,1,1,16,0.000,0.000,,,,,NVIDIA A100-SXM4-40GB MIG 4g.20gb (0),1,,13,cupy_copy__complex64_complex64
5859853291,3872,155639,103,1,1,128,1,1,16,0.000,0.000,,,,,NVIDIA A100-SXM4-40GB MIG 4g.20gb (0),1,,13,cupy_copy__complex64_complex64
5859877675,4416,155646,35,1,1,128,1,1,16,0.000,0.000,,,,,NVIDIA A100-SXM4-40GB MIG 4g.20gb (0),1,,13,cupy_copy__complex64_complex64
5859892874,1984,155653,1,1,1,1,1,1,18,0.000,0.000,,,,,NVIDIA A100-SXM4-40GB MIG 4g.20gb (0),1,,13,cupy_copy__float32_float32
5859919594,205534,155664,1,1,1,32,32,1,30,0.000,0.000,,,,,NVIDIA A100-SXM4-40GB MIG 4g.20gb (0),1,,13,"void convert_kernel<__half2, float2>(tensor_layout_any, T1 *, tensor_layout_any, const T2 *)"
5860155015,5792,155667,,,,,,,,,,0.094,16176.708,Pinned,Device,NVIDIA A100-SXM4-40GB MIG 4g.20gb (0),1,,13,[CUDA memcpy Host-to-Device]
5860185223,6240,155668,,,,,,,,,,1.547,247855.776,Device,,NVIDIA A100-SXM4-40GB MIG 4g.20gb (0),1,,13,[CUDA memset]
5860196839,6688,155673,,,,,,,,,,0.031,4679.409,Pinned,Device,NVIDIA A100-SXM4-40GB MIG 4g.20gb (0),1,,13,[CUDA memcpy Host-to-Device]
5860206151,9536,155674,,,,,,,,,,0.197,20617.298,Pinned,Device,NVIDIA A100-SXM4-40GB MIG 4g.20gb (0),1,,13,[CUDA memcpy Host-to-Device]
5860236166,8768,155675,273,1,1,8,4,1,39,0.002,0.000,,,,,NVIDIA A100-SXM4-40GB MIG 4g.20gb (0),1,,13,"void channel_eq::eqMmseCoefCompLowMimoKernel<float, float, float, (unsigned int)4, (unsigned int)1, (unsigned int)4>(const channel_eq::_puschRxChEqStatDescr *, channel_eq::_puschRxChEqCoefCompDynDescr)"
5860252006,10176,155676,273,1,1,12,11,1,51,0.002,0.000,,,,,NVIDIA A100-SXM4-40GB MIG 4g.20gb (0),1,,13,"void channel_eq::eqMmseSoftDemapKernel<float, __half, __half, float, (unsigned int)4, (unsigned short)16383>(channel_eq::_puschRxChEqStatDescr *, channel_eq::_puschRxChEqSoftDemapDynDescr)"
5860283046,319516,155677,1,1,1,32,32,1,30,0.000,0.000,,,,,NVIDIA A100-SXM4-40GB MIG 4g.20gb (0),1,,13,"void convert_kernel<float2, __half2>(tensor_layout_any, T1 *, tensor_layout_any, const T2 *)"
5860616418,16000,155689,2253,1,1,128,1,1,16,0.000,0.000,,,,,NVIDIA A100-SXM4-40GB MIG 4g.20gb (0),1,,13,cupy_copy__float16_float16
5860652322,4128,155698,282,1,1,128,1,1,16,0.000,0.000,,,,,NVIDIA A100-SXM4-40GB MIG 4g.20gb (0),1,,13,cupy_copy__complex64_complex64
5860676833,2496,155707,26,1,1,128,1,1,16,0.000,0.000,,,,,NVIDIA A100-SXM4-40GB MIG 4g.20gb (0),1,,13,cupy_copy__float32_float32
5860691809,7040,155716,103,1,1,128,1,1,16,0.000,0.000,,,,,NVIDIA A100-SXM4-40GB MIG 4g.20gb (0),1,,13,cupy_copy__complex64_complex64
5860770208,15232,155726,1434,1,1,128,1,1,16,0.000,0.000,,,,,NVIDIA A100-SXM4-40GB MIG 4g.20gb (0),1,,13,cupy_copy__complex64_complex64
5860994334,278077,155731,1,1,1,32,32,1,30,0.000,0.000,,,,,NVIDIA A100-SXM4-40GB MIG 4g.20gb (0),1,,13,"void convert_kernel<__half2, float2>(tensor_layout_any, T1 *, tensor_layout_any, const T2 *)"
5861300954,8736,155734,,,,,,,,,,0.094,10725.194,Pinned,Device,NVIDIA A100-SXM4-40GB MIG 4g.20gb (0),1,,13,[CUDA memcpy Host-to-Device]
5861330458,605369,155735,,,,,,,,,,456.561,753782.937,Device,,NVIDIA A100-SXM4-40GB MIG 4g.20gb (0),1,,13,[CUDA memset]
5861936851,82527,155740,,,,,,,,,,1.235,14963.816,Pinned,Device,NVIDIA A100-SXM4-40GB MIG 4g.20gb (0),1,,13,[CUDA memcpy Host-to-Device]
5862022258,18368,155741,,,,,,,,,,0.197,10703.733,Pinned,Device,NVIDIA A100-SXM4-40GB MIG 4g.20gb (0),1,,13,[CUDA memcpy Host-to-Device]
5862153776,20064,155742,69,4,1,48,1,1,76,0.002,0.000,,,,,NVIDIA A100-SXM4-40GB MIG 4g.20gb (0),1,,13,"void ch_est::windowedChEstPreNoDftSOfdmKernel<float, __half, float, (unsigned int)2, (unsigned int)1, (unsigned short)4>(ch_est::puschRxChEstStatDescr_t *, ch_est::puschRxChEstDynDescr_t *)"
5862442733,10112,155743,137,2,1,24,2,1,44,0.001,0.001,,,,,NVIDIA A100-SXM4-40GB MIG 4g.20gb (0),1,,13,"void ch_est::chEstFilterNoDftSOfdmDispatchKernel<float, __half, float, (unsigned int)2>(ch_est::puschRxChEstStatDescr_t *, ch_est::puschRxChEstDynDescr_t *)"
5862723530,9312,155744,137,2,1,24,2,1,44,0.001,0.001,,,,,NVIDIA A100-SXM4-40GB MIG 4g.20gb (0),1,,13,"void ch_est::chEstFilterNoDftSOfdmDispatchKernel<float, __half, float, (unsigned int)2>(ch_est::puschRxChEstStatDescr_t *, ch_est::puschRxChEstDynDescr_t *)"
5862998279,4608,155755,103,1,1,128,1,1,16,0.000,0.000,,,,,NVIDIA A100-SXM4-40GB MIG 4g.20gb (0),1,,13,cupy_copy__complex64_complex64
5863239972,23904,155765,1434,1,1,128,1,1,16,0.000,0.000,,,,,NVIDIA A100-SXM4-40GB MIG 4g.20gb (0),1,,13,cupy_copy__complex64_complex64
5863355042,3776,155772,103,1,1,128,1,1,16,0.000,0.000,,,,,NVIDIA A100-SXM4-40GB MIG 4g.20gb (0),1,,13,cupy_copy__complex64_complex64
5863580160,302620,155779,1,1,1,32,32,1,30,0.000,0.000,,,,,NVIDIA A100-SXM4-40GB MIG 4g.20gb (0),1,,13,"void convert_kernel<__half2, float2>(tensor_layout_any, T1 *, tensor_layout_any, const T2 *)"
5863912348,6400,155782,,,,,,,,,,0.094,14640.000,Pinned,Device,NVIDIA A100-SXM4-40GB MIG 4g.20gb (0),1,,13,[CUDA memcpy Host-to-Device]
5864289752,51071,155783,,,,,,,,,,35.810,701158.234,Device,,NVIDIA A100-SXM4-40GB MIG 4g.20gb (0),1,,13,[CUDA memset]
5864347255,1824,155785,,,,,,,,,,0.000,43.860,Pinned,Device,NVIDIA A100-SXM4-40GB MIG 4g.20gb (0),1,,13,[CUDA memcpy Host-to-Device]
5864351575,9856,155786,,,,,,,,,,0.197,19948.044,Pinned,Device,NVIDIA A100-SXM4-40GB MIG 4g.20gb (0),1,,13,[CUDA memcpy Host-to-Device]
5864524341,13568,155787,273,1,1,48,1,1,40,0.000,0.001,,,,,NVIDIA A100-SXM4-40GB MIG 4g.20gb (0),1,,13,"void pusch_noise_intf_est::noiseIntfEstNoDftSOfdmKernel<float, __half, float, float, (unsigned int)2, (unsigned int)1, (unsigned char)4, (unsigned char)4>(pusch_noise_intf_est::puschRxNoiseIntfEstDynDescr)"
5864618228,7328,155798,35,1,1,128,1,1,16,0.000,0.000,,,,,NVIDIA A100-SXM4-40GB MIG 4g.20gb (0),1,,13,cupy_copy__complex64_complex64
5864774962,3136,155807,1,1,1,1,1,1,18,0.000,0.000,,,,,NVIDIA A100-SXM4-40GB MIG 4g.20gb (0),1,,13,cupy_copy__float32_float32
5864784530,1728,155813,,,,,,,,,,0.000,2.315,Device,Pageable,NVIDIA A100-SXM4-40GB MIG 4g.20gb (0),1,,7,[CUDA memcpy Device-to-Host]
5864954064,16992,155824,1434,1,1,128,1,1,16,0.000,0.000,,,,,NVIDIA A100-SXM4-40GB MIG 4g.20gb (0),1,,13,cupy_copy__complex64_complex64
5865137742,4608,155831,103,1,1,128,1,1,16,0.000,0.000,,,,,NVIDIA A100-SXM4-40GB MIG 4g.20gb (0),1,,13,cupy_copy__complex64_complex64
5865285644,5184,155838,35,1,1,128,1,1,16,0.000,0.000,,,,,NVIDIA A100-SXM4-40GB MIG 4g.20gb (0),1,,13,cupy_copy__complex64_complex64
5865400075,5344,155845,1,1,1,1,1,1,18,0.000,0.000,,,,,NVIDIA A100-SXM4-40GB MIG 4g.20gb (0),1,,13,cupy_copy__float32_float32
5865499594,289500,155856,1,1,1,32,32,1,30,0.000,0.000,,,,,NVIDIA A100-SXM4-40GB MIG 4g.20gb (0),1,,13,"void convert_kernel<__half2, float2>(tensor_layout_any, T1 *, tensor_layout_any, const T2 *)"
5865818374,5856,155859,,,,,,,,,,0.094,15999.997,Pinned,Device,NVIDIA A100-SXM4-40GB MIG 4g.20gb (0),1,,13,[CUDA memcpy Host-to-Device]
5865989252,5024,155860,,,,,,,,,,1.547,307846.227,Device,,NVIDIA A100-SXM4-40GB MIG 4g.20gb (0),1,,13,[CUDA memset]
5866000036,3072,155865,,,,,,,,,,0.031,10187.474,Pinned,Device,NVIDIA A100-SXM4-40GB MIG 4g.20gb (0),1,,13,[CUDA memcpy Host-to-Device]
5866005508,10368,155866,,,,,,,,,,0.197,18962.842,Pinned,Device,NVIDIA A100-SXM4-40GB MIG 4g.20gb (0),1,,13,[CUDA memcpy Host-to-Device]
5866059235,11040,155867,273,1,1,8,4,1,39,0.002,0.000,,,,,NVIDIA A100-SXM4-40GB MIG 4g.20gb (0),1,,13,"void channel_eq::eqMmseCoefCompLowMimoKernel<float, float, float, (unsigned int)4, (unsigned int)1, (unsigned int)4>(const channel_eq::_puschRxChEqStatDescr *, channel_eq::_puschRxChEqCoefCompDynDescr)"
5866174402,14976,155868,273,1,1,12,11,1,51,0.002,0.000,,,,,NVIDIA A100-SXM4-40GB MIG 4g.20gb (0),1,,13,"void channel_eq::eqMmseSoftDemapKernel<float, __half, __half, float, (unsigned int)4, (unsigned short)16383>(channel_eq::_puschRxChEqStatDescr *, channel_eq::_puschRxChEqSoftDemapDynDescr)"
5866469087,563865,155869,1,1,1,32,32,1,30,0.000,0.000,,,,,NVIDIA A100-SXM4-40GB MIG 4g.20gb (0),1,,13,"void convert_kernel<float2, __half2>(tensor_layout_any, T1 *, tensor_layout_any, const T2 *)"
5867138807,13600,155881,2253,1,1,128,1,1,16,0.000,0.000,,,,,NVIDIA A100-SXM4-40GB MIG 4g.20gb (0),1,,13,cupy_copy__float16_float16
5867423316,6527,155890,282,1,1,128,1,1,16,0.000,0.000,,,,,NVIDIA A100-SXM4-40GB MIG 4g.20gb (0),1,,13,cupy_copy__complex64_complex64
5867703856,4480,155899,26,1,1,128,1,1,16,0.000,0.000,,,,,NVIDIA A100-SXM4-40GB MIG 4g.20gb (0),1,,13,cupy_copy__float32_float32
5867932206,13568,155908,103,1,1,128,1,1,16,0.000,0.000,,,,,NVIDIA A100-SXM4-40GB MIG 4g.20gb (0),1,,13,cupy_copy__complex64_complex64
5868398376,16352,155924,1434,1,1,128,1,1,16,0.000,0.000,,,,,NVIDIA A100-SXM4-40GB MIG 4g.20gb (0),1,,13,cupy_copy__complex64_complex64
5868857539,243837,155929,1,1,1,32,32,1,30,0.000,0.000,,,,,NVIDIA A100-SXM4-40GB MIG 4g.20gb (0),1,,13,"void convert_kernel<__half2, float2>(tensor_layout_any, T1 *, tensor_layout_any, const T2 *)"
5869131264,13632,155932,,,,,,,,,,0.094,6873.164,Pinned,Device,NVIDIA A100-SXM4-40GB MIG 4g.20gb (0),1,,13,[CUDA memcpy Host-to-Device]
5869479324,611673,155933,,,,,,,,,,456.561,746021.393,Device,,NVIDIA A100-SXM4-40GB MIG 4g.20gb (0),1,,13,[CUDA memset]
5870092405,62591,155938,,,,,,,,,,1.235,19729.465,Pinned,Device,NVIDIA A100-SXM4-40GB MIG 4g.20gb (0),1,,13,[CUDA memcpy Host-to-Device]
5870161172,11584,155939,,,,,,,,,,0.197,16972.186,Pinned,Device,NVIDIA A100-SXM4-40GB MIG 4g.20gb (0),1,,13,[CUDA memcpy Host-to-Device]
5870537968,11199,155940,69,4,1,48,1,1,76,0.002,0.000,,,,,NVIDIA A100-SXM4-40GB MIG 4g.20gb (0),1,,13,"void ch_est::windowedChEstPreNoDftSOfdmKernel<float, __half, float, (unsigned int)2, (unsigned int)1, (unsigned short)4>(ch_est::puschRxChEstStatDescr_t *, ch_est::puschRxChEstDynDescr_t *)"
5870764173,9696,155941,137,2,1,24,2,1,44,0.001,0.001,,,,,NVIDIA A100-SXM4-40GB MIG 4g.20gb (0),1,,13,"void ch_est::chEstFilterNoDftSOfdmDispatchKernel<float, __half, float, (unsigned int)2>(ch_est::puschRxChEstStatDescr_t *, ch_est::puschRxChEstDynDescr_t *)"
5870989994,9568,155942,137,2,1,24,2,1,44,0.001,0.001,,,,,NVIDIA A100-SXM4-40GB MIG 4g.20gb (0),1,,13,"void ch_est::chEstFilterNoDftSOfdmDispatchKernel<float, __half, float, (unsigned int)2>(ch_est::puschRxChEstStatDescr_t *, ch_est::puschRxChEstDynDescr_t *)"
5871215848,3936,155953,103,1,1,128,1,1,16,0.000,0.000,,,,,NVIDIA A100-SXM4-40GB MIG 4g.20gb (0),1,,13,cupy_copy__complex64_complex64
5871306919,16928,155963,1434,1,1,128,1,1,16,0.000,0.000,,,,,NVIDIA A100-SXM4-40GB MIG 4g.20gb (0),1,,13,cupy_copy__complex64_complex64
5871523684,6176,155970,103,1,1,128,1,1,16,0.000,0.000,,,,,NVIDIA A100-SXM4-40GB MIG 4g.20gb (0),1,,13,cupy_copy__complex64_complex64
5871738402,222397,155977,1,1,1,32,32,1,30,0.000,0.000,,,,,NVIDIA A100-SXM4-40GB MIG 4g.20gb (0),1,,13,"void convert_kernel<__half2, float2>(tensor_layout_any, T1 *, tensor_layout_any, const T2 *)"
5871990271,9408,155980,,,,,,,,,,0.094,9959.135,Pinned,Device,NVIDIA A100-SXM4-40GB MIG 4g.20gb (0),1,,13,[CUDA memcpy Host-to-Device]
5872050206,49536,155981,,,,,,,,,,35.810,722894.855,Device,,NVIDIA A100-SXM4-40GB MIG 4g.20gb (0),1,,13,[CUDA memset]
5872102398,2048,155983,,,,,,,,,,0.000,39.062,Pinned,Device,NVIDIA A100-SXM4-40GB MIG 4g.20gb (0),1,,13,[CUDA memcpy Host-to-Device]
5872106877,9696,155984,,,,,,,,,,0.197,20277.166,Pinned,Device,NVIDIA A100-SXM4-40GB MIG 4g.20gb (0),1,,13,[CUDA memcpy Host-to-Device]
5872184509,14495,155985,273,1,1,48,1,1,40,0.000,0.001,,,,,NVIDIA A100-SXM4-40GB MIG 4g.20gb (0),1,,13,"void pusch_noise_intf_est::noiseIntfEstNoDftSOfdmKernel<float, __half, float, float, (unsigned int)2, (unsigned int)1, (unsigned char)4, (unsigned char)4>(pusch_noise_intf_est::puschRxNoiseIntfEstDynDescr)"
5872253212,5920,155996,35,1,1,128,1,1,16,0.000,0.000,,,,,NVIDIA A100-SXM4-40GB MIG 4g.20gb (0),1,,13,cupy_copy__complex64_complex64
5872318427,2080,156005,1,1,1,1,1,1,18,0.000,0.000,,,,,NVIDIA A100-SXM4-40GB MIG 4g.20gb (0),1,,13,cupy_copy__float32_float32
5872321755,1632,156011,,,,,,,,,,0.000,2.451,Device,Pageable,NVIDIA A100-SXM4-40GB MIG 4g.20gb (0),1,,7,[CUDA memcpy Device-to-Host]
5872476441,15648,156022,1434,1,1,128,1,1,16,0.000,0.000,,,,,NVIDIA A100-SXM4-40GB MIG 4g.20gb (0),1,,13,cupy_copy__complex64_complex64
5872738198,7584,156029,103,1,1,128,1,1,16,0.000,0.000,,,,,NVIDIA A100-SXM4-40GB MIG 4g.20gb (0),1,,13,cupy_copy__complex64_complex64
5872833045,5792,156036,35,1,1,128,1,1,16,0.000,0.000,,,,,NVIDIA A100-SXM4-40GB MIG 4g.20gb (0),1,,13,cupy_copy__complex64_complex64
5873086994,3328,156043,1,1,1,1,1,1,18,0.000,0.000,,,,,NVIDIA A100-SXM4-40GB MIG 4g.20gb (0),1,,13,cupy_copy__float32_float32
5873116850,263325,156054,1,1,1,32,32,1,30,0.000,0.000,,,,,NVIDIA A100-SXM4-40GB MIG 4g.20gb (0),1,,13,"void convert_kernel<__half2, float2>(tensor_layout_any, T1 *, tensor_layout_any, const T2 *)"
5873409390,5632,156057,,,,,,,,,,0.094,16636.287,Pinned,Device,NVIDIA A100-SXM4-40GB MIG 4g.20gb (0),1,,13,[CUDA memcpy Host-to-Device]
5873646380,7232,156058,,,,,,,,,,1.547,213857.887,Device,,NVIDIA A100-SXM4-40GB MIG 4g.20gb (0),1,,13,[CUDA memset]
5873661324,3584,156063,,,,,,,,,,0.031,8732.116,Pinned,Device,NVIDIA A100-SXM4-40GB MIG 4g.20gb (0),1,,13,[CUDA memcpy Host-to-Device]
5873667595,10112,156064,,,,,,,,,,0.197,19442.958,Pinned,Device,NVIDIA A100-SXM4-40GB MIG 4g.20gb (0),1,,13,[CUDA memcpy Host-to-Device]
5873924617,11679,156065,273,1,1,8,4,1,39,0.002,0.000,,,,,NVIDIA A100-SXM4-40GB MIG 4g.20gb (0),1,,13,"void channel_eq::eqMmseCoefCompLowMimoKernel<float, float, float, (unsigned int)4, (unsigned int)1, (unsigned int)4>(const channel_eq::_puschRxChEqStatDescr *, channel_eq::_puschRxChEqCoefCompDynDescr)"
5874199269,12896,156066,273,1,1,12,11,1,51,0.002,0.000,,,,,NVIDIA A100-SXM4-40GB MIG 4g.20gb (0),1,,13,"void channel_eq::eqMmseSoftDemapKernel<float, __half, __half, float, (unsigned int)4, (unsigned short)16383>(channel_eq::_puschRxChEqStatDescr *, channel_eq::_puschRxChEqSoftDemapDynDescr)"
5874534721,695352,156067,1,1,1,32,32,1,30,0.000,0.000,,,,,NVIDIA A100-SXM4-40GB MIG 4g.20gb (0),1,,13,"void convert_kernel<float2, __half2>(tensor_layout_any, T1 *, tensor_layout_any, const T2 *)"
5875454519,15680,156079,2253,1,1,128,1,1,16,0.000,0.000,,,,,NVIDIA A100-SXM4-40GB MIG 4g.20gb (0),1,,13,cupy_copy__float16_float16
5875875730,6528,156088,282,1,1,128,1,1,16,0.000,0.000,,,,,NVIDIA A100-SXM4-40GB MIG 4g.20gb (0),1,,13,cupy_copy__complex64_complex64
5876104175,3584,156097,26,1,1,128,1,1,16,0.000,0.000,,,,,NVIDIA A100-SXM4-40GB MIG 4g.20gb (0),1,,13,cupy_copy__float32_float32
5876283469,5984,156106,103,1,1,128,1,1,16,0.000,0.000,,,,,NVIDIA A100-SXM4-40GB MIG 4g.20gb (0),1,,13,cupy_copy__complex64_complex64
5876499019,16352,156116,1434,1,1,128,1,1,16,0.000,0.000,,,,,NVIDIA A100-SXM4-40GB MIG 4g.20gb (0),1,,13,cupy_copy__complex64_complex64
5876602058,219645,156121,1,1,1,32,32,1,30,0.000,0.000,,,,,NVIDIA A100-SXM4-40GB MIG 4g.20gb (0),1,,13,"void convert_kernel<__half2, float2>(tensor_layout_any, T1 *, tensor_layout_any, const T2 *)"
5876852359,9024,156124,,,,,,,,,,0.094,10382.922,Pinned,Device,NVIDIA A100-SXM4-40GB MIG 4g.20gb (0),1,,13,[CUDA memcpy Host-to-Device]
5877072388,615065,156125,,,,,,,,,,456.561,741912.340,Device,,NVIDIA A100-SXM4-40GB MIG 4g.20gb (0),1,,13,[CUDA memset]
5877689085,65407,156130,,,,,,,,,,1.235,18879.824,Pinned,Device,NVIDIA A100-SXM4-40GB MIG 4g.20gb (0),1,,13,[CUDA memcpy Host-to-Device]
5877761468,13504,156131,,,,,,,,,,0.197,14559.216,Pinned,Device,NVIDIA A100-SXM4-40GB MIG 4g.20gb (0),1,,13,[CUDA memcpy Host-to-Device]
5877924858,11520,156132,69,4,1,48,1,1,76,0.002,0.000,,,,,NVIDIA A100-SXM4-40GB MIG 4g.20gb (0),1,,13,"void ch_est::windowedChEstPreNoDftSOfdmKernel<float, __half, float, (unsigned int)2, (unsigned int)1, (unsigned short)4>(ch_est::puschRxChEstStatDescr_t *, ch_est::puschRxChEstDynDescr_t *)"
5878159864,9408,156133,137,2,1,24,2,1,44,0.001,0.001,,,,,NVIDIA A100-SXM4-40GB MIG 4g.20gb (0),1,,13,"void ch_est::chEstFilterNoDftSOfdmDispatchKernel<float, __half, float, (unsigned int)2>(ch_est::puschRxChEstStatDescr_t *, ch_est::puschRxChEstDynDescr_t *)"
5878229975,9664,156134,137,2,1,24,2,1,44,0.001,0.001,,,,,NVIDIA A100-SXM4-40GB MIG 4g.20gb (0),1,,13,"void ch_est::chEstFilterNoDftSOfdmDispatchKernel<float, __half, float, (unsigned int)2>(ch_est::puschRxChEstStatDescr_t *, ch_est::puschRxChEstDynDescr_t *)"
5878258262,5632,156145,103,1,1,128,1,1,16,0.000,0.000,,,,,NVIDIA A100-SXM4-40GB MIG 4g.20gb (0),1,,13,cupy_copy__complex64_complex64
5878318326,14848,156155,1434,1,1,128,1,1,16,0.000,0.000,,,,,NVIDIA A100-SXM4-40GB MIG 4g.20gb (0),1,,13,cupy_copy__complex64_complex64
5878386453,5376,156162,103,1,1,128,1,1,16,0.000,0.000,,,,,NVIDIA A100-SXM4-40GB MIG 4g.20gb (0),1,,13,cupy_copy__complex64_complex64
5878453236,106271,156169,1,1,1,32,32,1,30,0.000,0.000,,,,,NVIDIA A100-SXM4-40GB MIG 4g.20gb (0),1,,13,"void convert_kernel<__half2, float2>(tensor_layout_any, T1 *, tensor_layout_any, const T2 *)"
5878602483,6111,156172,,,,,,,,,,0.094,15332.320,Pinned,Device,NVIDIA A100-SXM4-40GB MIG 4g.20gb (0),1,,13,[CUDA memcpy Host-to-Device]
5878667250,48767,156173,,,,,,,,,,35.810,734282.410,Device,,NVIDIA A100-SXM4-40GB MIG 4g.20gb (0),1,,13,[CUDA memset]
5878720657,1888,156175,,,,,,,,,,0.000,42.373,Pinned,Device,NVIDIA A100-SXM4-40GB MIG 4g.20gb (0),1,,13,[CUDA memcpy Host-to-Device]
5878725137,10848,156176,,,,,,,,,,0.197,18123.719,Pinned,Device,NVIDIA A100-SXM4-40GB MIG 4g.20gb (0),1,,13,[CUDA memcpy Host-to-Device]
5878862544,14463,156177,273,1,1,48,1,1,40,0.000,0.001,,,,,NVIDIA A100-SXM4-40GB MIG 4g.20gb (0),1,,13,"void pusch_noise_intf_est::noiseIntfEstNoDftSOfdmKernel<float, __half, float, float, (unsigned int)2, (unsigned int)1, (unsigned char)4, (unsigned char)4>(pusch_noise_intf_est::puschRxNoiseIntfEstDynDescr)"
5879293675,5023,156188,35,1,1,128,1,1,16,0.000,0.000,,,,,NVIDIA A100-SXM4-40GB MIG 4g.20gb (0),1,,13,cupy_copy__complex64_complex64
5879663846,3456,156197,1,1,1,1,1,1,18,0.000,0.000,,,,,NVIDIA A100-SXM4-40GB MIG 4g.20gb (0),1,,13,cupy_copy__float32_float32
5879675334,1632,156203,,,,,,,,,,0.000,2.451,Device,Pageable,NVIDIA A100-SXM4-40GB MIG 4g.20gb (0),1,,7,[CUDA memcpy Device-to-Host]
5879777221,14208,156214,1434,1,1,128,1,1,16,0.000,0.000,,,,,NVIDIA A100-SXM4-40GB MIG 4g.20gb (0),1,,13,cupy_copy__complex64_complex64
5879844228,4896,156221,103,1,1,128,1,1,16,0.000,0.000,,,,,NVIDIA A100-SXM4-40GB MIG 4g.20gb (0),1,,13,cupy_copy__complex64_complex64
5880265311,4544,156228,35,1,1,128,1,1,16,0.000,0.000,,,,,NVIDIA A100-SXM4-40GB MIG 4g.20gb (0),1,,13,cupy_copy__complex64_complex64
5880708346,3328,156235,1,1,1,1,1,1,18,0.000,0.000,,,,,NVIDIA A100-SXM4-40GB MIG 4g.20gb (0),1,,13,cupy_copy__float32_float32
5881141653,272285,156246,1,1,1,32,32,1,30,0.000,0.000,,,,,NVIDIA A100-SXM4-40GB MIG 4g.20gb (0),1,,13,"void convert_kernel<__half2, float2>(tensor_layout_any, T1 *, tensor_layout_any, const T2 *)"
5881446642,10336,156249,,,,,,,,,,0.094,9064.994,Pinned,Device,NVIDIA A100-SXM4-40GB MIG 4g.20gb (0),1,,13,[CUDA memcpy Host-to-Device]
5881921964,5408,156250,,,,,,,,,,1.547,285987.790,Device,,NVIDIA A100-SXM4-40GB MIG 4g.20gb (0),1,,13,[CUDA memset]
5881935276,3840,156255,,,,,,,,,,0.031,8149.979,Pinned,Device,NVIDIA A100-SXM4-40GB MIG 4g.20gb (0),1,,13,[CUDA memcpy Host-to-Device]
5881941836,9984,156256,,,,,,,,,,0.197,19692.257,Pinned,Device,NVIDIA A100-SXM4-40GB MIG 4g.20gb (0),1,,13,[CUDA memcpy Host-to-Device]
5882391175,13696,156257,273,1,1,8,4,1,39,0.002,0.000,,,,,NVIDIA A100-SXM4-40GB MIG 4g.20gb (0),1,,13,"void channel_eq::eqMmseCoefCompLowMimoKernel<float, float, float, (unsigned int)4, (unsigned int)1, (unsigned int)4>(const channel_eq::_puschRxChEqStatDescr *, channel_eq::_puschRxChEqCoefCompDynDescr)"
5882963328,14144,156258,273,1,1,12,11,1,51,0.002,0.000,,,,,NVIDIA A100-SXM4-40GB MIG 4g.20gb (0),1,,13,"void channel_eq::eqMmseSoftDemapKernel<float, __half, __half, float, (unsigned int)4, (unsigned short)16383>(channel_eq::_puschRxChEqStatDescr *, channel_eq::_puschRxChEqSoftDemapDynDescr)"
5883539002,766903,156259,1,1,1,32,32,1,30,0.000,0.000,,,,,NVIDIA A100-SXM4-40GB MIG 4g.20gb (0),1,,13,"void convert_kernel<float2, __half2>(tensor_layout_any, T1 *, tensor_layout_any, const T2 *)"
5884479279,18335,156271,2253,1,1,128,1,1,16,0.000,0.000,,,,,NVIDIA A100-SXM4-40GB MIG 4g.20gb (0),1,,13,cupy_copy__float16_float16
5884685228,6240,156280,282,1,1,128,1,1,16,0.000,0.000,,,,,NVIDIA A100-SXM4-40GB MIG 4g.20gb (0),1,,13,cupy_copy__complex64_complex64
5884877642,3616,156289,26,1,1,128,1,1,16,0.000,0.000,,,,,NVIDIA A100-SXM4-40GB MIG 4g.20gb (0),1,,13,cupy_copy__float32_float32
5885020296,5504,156298,103,1,1,128,1,1,16,0.000,0.000,,,,,NVIDIA A100-SXM4-40GB MIG 4g.20gb (0),1,,13,cupy_copy__complex64_complex64
5885115367,15328,156308,1434,1,1,128,1,1,16,0.000,0.000,,,,,NVIDIA A100-SXM4-40GB MIG 4g.20gb (0),1,,13,cupy_copy__complex64_complex64
5885185991,106078,156313,1,1,1,32,32,1,30,0.000,0.000,,,,,NVIDIA A100-SXM4-40GB MIG 4g.20gb (0),1,,13,"void convert_kernel<__half2, float2>(tensor_layout_any, T1 *, tensor_layout_any, const T2 *)"
5885321605,7008,156316,,,,,,,,,,0.094,13369.857,Pinned,Device,NVIDIA A100-SXM4-40GB MIG 4g.20gb (0),1,,13,[CUDA memcpy Host-to-Device]
5885384420,611257,156317,,,,,,,,,,456.561,746477.954,Device,,NVIDIA A100-SXM4-40GB MIG 4g.20gb (0),1,,13,[CUDA memset]
5886003581,57471,156322,,,,,,,,,,1.235,21488.026,Pinned,Device,NVIDIA A100-SXM4-40GB MIG 4g.20gb (0),1,,13,[CUDA memcpy Host-to-Device]
5886063516,9792,156323,,,,,,,,,,0.197,20078.395,Pinned,Device,NVIDIA A100-SXM4-40GB MIG 4g.20gb (0),1,,13,[CUDA memcpy Host-to-Device]
5886157115,11840,156324,69,4,1,48,1,1,76,0.002,0.000,,,,,NVIDIA A100-SXM4-40GB MIG 4g.20gb (0),1,,13,"void ch_est::windowedChEstPreNoDftSOfdmKernel<float, __half, float, (unsigned int)2, (unsigned int)1, (unsigned short)4>(ch_est::puschRxChEstStatDescr_t *, ch_est::puschRxChEstDynDescr_t *)"
5886527479,17216,156325,137,2,1,24,2,1,44,0.001,0.001,,,,,NVIDIA A100-SXM4-40GB MIG 4g.20gb (0),1,,13,"void ch_est::chEstFilterNoDftSOfdmDispatchKernel<float, __half, float, (unsigned int)2>(ch_est::puschRxChEstStatDescr_t *, ch_est::puschRxChEstDynDescr_t *)"
5886632982,11360,156326,137,2,1,24,2,1,44,0.001,0.001,,,,,NVIDIA A100-SXM4-40GB MIG 4g.20gb (0),1,,13,"void ch_est::chEstFilterNoDftSOfdmDispatchKernel<float, __half, float, (unsigned int)2>(ch_est::puschRxChEstStatDescr_t *, ch_est::puschRxChEstDynDescr_t *)"
5886998930,6560,156337,103,1,1,128,1,1,16,0.000,0.000,,,,,NVIDIA A100-SXM4-40GB MIG 4g.20gb (0),1,,13,cupy_copy__complex64_complex64
5887067505,15904,156347,1434,1,1,128,1,1,16,0.000,0.000,,,,,NVIDIA A100-SXM4-40GB MIG 4g.20gb (0),1,,13,cupy_copy__complex64_complex64
5887446316,4128,156354,103,1,1,128,1,1,16,0.000,0.000,,,,,NVIDIA A100-SXM4-40GB MIG 4g.20gb (0),1,,13,cupy_copy__complex64_complex64
5887827656,244413,156361,1,1,1,32,32,1,30,0.000,0.000,,,,,NVIDIA A100-SXM4-40GB MIG 4g.20gb (0),1,,13,"void convert_kernel<__half2, float2>(tensor_layout_any, T1 *, tensor_layout_any, const T2 *)"
5888102021,5888,156364,,,,,,,,,,0.094,15912.954,Pinned,Device,NVIDIA A100-SXM4-40GB MIG 4g.20gb (0),1,,13,[CUDA memcpy Host-to-Device]
5888539840,49983,156365,,,,,,,,,,35.810,716413.260,Device,,NVIDIA A100-SXM4-40GB MIG 4g.20gb (0),1,,13,[CUDA memset]
5888594079,2720,156367,,,,,,,,,,0.000,29.412,Pinned,Device,NVIDIA A100-SXM4-40GB MIG 4g.20gb (0),1,,13,[CUDA memcpy Host-to-Device]
5888599391,9696,156368,,,,,,,,,,0.197,20277.166,Pinned,Device,NVIDIA A100-SXM4-40GB MIG 4g.20gb (0),1,,13,[CUDA memcpy Host-to-Device]
5888971163,14720,156369,273,1,1,48,1,1,40,0.000,0.001,,,,,NVIDIA A100-SXM4-40GB MIG 4g.20gb (0),1,,13,"void pusch_noise_intf_est::noiseIntfEstNoDftSOfdmKernel<float, __half, float, float, (unsigned int)2, (unsigned int)1, (unsigned char)4, (unsigned char)4>(pusch_noise_intf_est::puschRxNoiseIntfEstDynDescr)"
5889482773,5504,156380,35,1,1,128,1,1,16,0.000,0.000,,,,,NVIDIA A100-SXM4-40GB MIG 4g.20gb (0),1,,13,cupy_copy__complex64_complex64
5889981039,3264,156389,1,1,1,1,1,1,18,0.000,0.000,,,,,NVIDIA A100-SXM4-40GB MIG 4g.20gb (0),1,,13,cupy_copy__float32_float32
5889989967,1760,156395,,,,,,,,,,0.000,2.273,Device,Pageable,NVIDIA A100-SXM4-40GB MIG 4g.20gb (0),1,,7,[CUDA memcpy Device-to-Host]
5890499529,19456,156406,1434,1,1,128,1,1,16,0.000,0.000,,,,,NVIDIA A100-SXM4-40GB MIG 4g.20gb (0),1,,13,cupy_copy__complex64_complex64
5891011171,4800,156413,103,1,1,128,1,1,16,0.000,0.000,,,,,NVIDIA A100-SXM4-40GB MIG 4g.20gb (0),1,,13,cupy_copy__complex64_complex64
5891223105,4608,156420,35,1,1,128,1,1,16,0.000,0.000,,,,,NVIDIA A100-SXM4-40GB MIG 4g.20gb (0),1,,13,cupy_copy__complex64_complex64
5891383871,3424,156427,1,1,1,1,1,1,18,0.000,0.000,,,,,NVIDIA A100-SXM4-40GB MIG 4g.20gb (0),1,,13,cupy_copy__float32_float32
5891581277,235773,156438,1,1,1,32,32,1,30,0.000,0.000,,,,,NVIDIA A100-SXM4-40GB MIG 4g.20gb (0),1,,13,"void convert_kernel<__half2, float2>(tensor_layout_any, T1 *, tensor_layout_any, const T2 *)"
5891857466,5631,156441,,,,,,,,,,0.094,16639.285,Pinned,Device,NVIDIA A100-SXM4-40GB MIG 4g.20gb (0),1,,13,[CUDA memcpy Host-to-Device]
5891914553,8256,156442,,,,,,,,,,1.547,187333.285,Device,,NVIDIA A100-SXM4-40GB MIG 4g.20gb (0),1,,13,[CUDA memset]
5891929273,3328,156447,,,,,,,,,,0.031,9403.822,Pinned,Device,NVIDIA A100-SXM4-40GB MIG 4g.20gb (0),1,,13,[CUDA memcpy Host-to-Device]
5891935641,9696,156448,,,,,,,,,,0.197,20277.166,Pinned,Device,NVIDIA A100-SXM4-40GB MIG 4g.20gb (0),1,,13,[CUDA memcpy Host-to-Device]
5891992408,15264,156449,273,1,1,8,4,1,39,0.002,0.000,,,,,NVIDIA A100-SXM4-40GB MIG 4g.20gb (0),1,,13,"void channel_eq::eqMmseCoefCompLowMimoKernel<float, float, float, (unsigned int)4, (unsigned int)1, (unsigned int)4>(const channel_eq::_puschRxChEqStatDescr *, channel_eq::_puschRxChEqCoefCompDynDescr)"
5892066231,14400,156450,273,1,1,12,11,1,51,0.002,0.000,,,,,NVIDIA A100-SXM4-40GB MIG 4g.20gb (0),1,,13,"void channel_eq::eqMmseSoftDemapKernel<float, __half, __half, float, (unsigned int)4, (unsigned short)16383>(channel_eq::_puschRxChEqStatDescr *, channel_eq::_puschRxChEqSoftDemapDynDescr)"
5892134326,372060,156451,1,1,1,32,32,1,30,0.000,0.000,,,,,NVIDIA A100-SXM4-40GB MIG 4g.20gb (0),1,,13,"void convert_kernel<float2, __half2>(tensor_layout_any, T1 *, tensor_layout_any, const T2 *)"
5892555953,14848,156463,2253,1,1,128,1,1,16,0.000,0.000,,,,,NVIDIA A100-SXM4-40GB MIG 4g.20gb (0),1,,13,cupy_copy__float16_float16
5892628689,5568,156472,282,1,1,128,1,1,16,0.000,0.000,,,,,NVIDIA A100-SXM4-40GB MIG 4g.20gb (0),1,,13,cupy_copy__complex64_complex64
5892655952,3744,156481,26,1,1,128,1,1,16,0.000,0.000,,,,,NVIDIA A100-SXM4-40GB MIG 4g.20gb (0),1,,13,cupy_copy__float32_float32
5892716080,6240,156490,103,1,1,128,1,1,16,0.000,0.000,,,,,NVIDIA A100-SXM4-40GB MIG 4g.20gb (0),1,,13,cupy_copy__complex64_complex64
5892777743,16640,156500,1434,1,1,128,1,1,16,0.000,0.000,,,,,NVIDIA A100-SXM4-40GB MIG 4g.20gb (0),1,,13,cupy_copy__complex64_complex64
5892851854,106879,156505,1,1,1,32,32,1,30,0.000,0.000,,,,,NVIDIA A100-SXM4-40GB MIG 4g.20gb (0),1,,13,"void convert_kernel<__half2, float2>(tensor_layout_any, T1 *, tensor_layout_any, const T2 *)"
5892991628,12992,156508,,,,,,,,,,0.094,7211.781,Pinned,Device,NVIDIA A100-SXM4-40GB MIG 4g.20gb (0),1,,13,[CUDA memcpy Host-to-Device]
5893271657,631033,156509,,,,,,,,,,456.561,723193.321,Device,,NVIDIA A100-SXM4-40GB MIG 4g.20gb (0),1,,13,[CUDA memset]
5893904002,56223,156514,,,,,,,,,,1.235,21964.714,Pinned,Device,NVIDIA A100-SXM4-40GB MIG 4g.20gb (0),1,,13,[CUDA memcpy Host-to-Device]
5893962689,9920,156515,,,,,,,,,,0.197,19819.266,Pinned,Device,NVIDIA A100-SXM4-40GB MIG 4g.20gb (0),1,,13,[CUDA memcpy Host-to-Device]
5894261854,10976,156516,69,4,1,48,1,1,76,0.002,0.000,,,,,NVIDIA A100-SXM4-40GB MIG 4g.20gb (0),1,,13,"void ch_est::windowedChEstPreNoDftSOfdmKernel<float, __half, float, (unsigned int)2, (unsigned int)1, (unsigned short)4>(ch_est::puschRxChEstStatDescr_t *, ch_est::puschRxChEstDynDescr_t *)"
5894346845,10400,156517,137,2,1,24,2,1,44,0.001,0.001,,,,,NVIDIA A100-SXM4-40GB MIG 4g.20gb (0),1,,13,"void ch_est::chEstFilterNoDftSOfdmDispatchKernel<float, __half, float, (unsigned int)2>(ch_est::puschRxChEstStatDescr_t *, ch_est::puschRxChEstDynDescr_t *)"
5894630490,9055,156518,137,2,1,24,2,1,44,0.001,0.001,,,,,NVIDIA A100-SXM4-40GB MIG 4g.20gb (0),1,,13,"void ch_est::chEstFilterNoDftSOfdmDispatchKernel<float, __half, float, (unsigned int)2>(ch_est::puschRxChEstStatDescr_t *, ch_est::puschRxChEstDynDescr_t *)"
5894978518,4223,156529,103,1,1,128,1,1,16,0.000,0.000,,,,,NVIDIA A100-SXM4-40GB MIG 4g.20gb (0),1,,13,cupy_copy__complex64_complex64
5895286802,16000,156539,1434,1,1,128,1,1,16,0.000,0.000,,,,,NVIDIA A100-SXM4-40GB MIG 4g.20gb (0),1,,13,cupy_copy__complex64_complex64
5895626574,14240,156546,103,1,1,128,1,1,16,0.000,0.000,,,,,NVIDIA A100-SXM4-40GB MIG 4g.20gb (0),1,,13,cupy_copy__complex64_complex64
5895810956,280701,156553,1,1,1,32,32,1,30,0.000,0.000,,,,,NVIDIA A100-SXM4-40GB MIG 4g.20gb (0),1,,13,"void convert_kernel<__half2, float2>(tensor_layout_any, T1 *, tensor_layout_any, const T2 *)"
5896124168,9728,156556,,,,,,,,,,0.094,9631.574,Pinned,Device,NVIDIA A100-SXM4-40GB MIG 4g.20gb (0),1,,13,[CUDA memcpy Host-to-Device]
5896484036,52032,156557,,,,,,,,,,35.810,688195.043,Device,,NVIDIA A100-SXM4-40GB MIG 4g.20gb (0),1,,13,[CUDA memset]
5896542915,4288,156559,,,,,,,,,,0.000,18.657,Pinned,Device,NVIDIA A100-SXM4-40GB MIG 4g.20gb (0),1,,13,[CUDA memcpy Host-to-Device]
5896553635,14304,156560,,,,,,,,,,0.197,13744.865,Pinned,Device,NVIDIA A100-SXM4-40GB MIG 4g.20gb (0),1,,13,[CUDA memcpy Host-to-Device]
5896919935,22048,156561,273,1,1,48,1,1,40,0.000,0.001,,,,,NVIDIA A100-SXM4-40GB MIG 4g.20gb (0),1,,13,"void pusch_noise_intf_est::noiseIntfEstNoDftSOfdmKernel<float, __half, float, float, (unsigned int)2, (unsigned int)1, (unsigned char)4, (unsigned char)4>(pusch_noise_intf_est::puschRxNoiseIntfEstDynDescr)"
5897299899,5504,156572,35,1,1,128,1,1,16,0.000,0.000,,,,,NVIDIA A100-SXM4-40GB MIG 4g.20gb (0),1,,13,cupy_copy__complex64_complex64
5897460185,3424,156581,1,1,1,1,1,1,18,0.000,0.000,,,,,NVIDIA A100-SXM4-40GB MIG 4g.20gb (0),1,,13,cupy_copy__float32_float32
5897467129,4896,156587,,,,,,,,,,0.000,0.817,Device,Pageable,NVIDIA A100-SXM4-40GB MIG 4g.20gb (0),1,,7,[CUDA memcpy Device-to-Host]
5897637879,15808,156598,1434,1,1,128,1,1,16,0.000,0.000,,,,,NVIDIA A100-SXM4-40GB MIG 4g.20gb (0),1,,13,cupy_copy__complex64_complex64
5897808405,4992,156605,103,1,1,128,1,1,16,0.000,0.000,,,,,NVIDIA A100-SXM4-40GB MIG 4g.20gb (0),1,,13,cupy_copy__complex64_complex64
5897969459,4288,156612,35,1,1,128,1,1,16,0.000,0.000,,,,,NVIDIA A100-SXM4-40GB MIG 4g.20gb (0),1,,13,cupy_copy__complex64_complex64
5898000531,3584,156619,1,1,1,1,1,1,18,0.000,0.000,,,,,NVIDIA A100-SXM4-40GB MIG 4g.20gb (0),1,,13,cupy_copy__float32_float32
5898061650,203262,156630,1,1,1,32,32,1,30,0.000,0.000,,,,,NVIDIA A100-SXM4-40GB MIG 4g.20gb (0),1,,13,"void convert_kernel<__half2, float2>(tensor_layout_any, T1 *, tensor_layout_any, const T2 *)"
5898295471,6112,156633,,,,,,,,,,0.094,15329.790,Pinned,Device,NVIDIA A100-SXM4-40GB MIG 4g.20gb (0),1,,13,[CUDA memcpy Host-to-Device]
5898358831,7391,156634,,,,,,,,,,1.547,209256.681,Device,,NVIDIA A100-SXM4-40GB MIG 4g.20gb (0),1,,13,[CUDA memset]
5898368686,3328,156639,,,,,,,,,,0.031,9403.822,Pinned,Device,NVIDIA A100-SXM4-40GB MIG 4g.20gb (0),1,,13,[CUDA memcpy Host-to-Device]
5898374798,9920,156640,,,,,,,,,,0.197,19819.266,Pinned,Device,NVIDIA A100-SXM4-40GB MIG 4g.20gb (0),1,,13,[CUDA memcpy Host-to-Device]
5898431150,15680,156641,273,1,1,8,4,1,39,0.002,0.000,,,,,NVIDIA A100-SXM4-40GB MIG 4g.20gb (0),1,,13,"void channel_eq::eqMmseCoefCompLowMimoKernel<float, float, float, (unsigned int)4, (unsigned int)1, (unsigned int)4>(const channel_eq::_puschRxChEqStatDescr *, channel_eq::_puschRxChEqCoefCompDynDescr)"
5898503981,14400,156642,273,1,1,12,11,1,51,0.002,0.000,,,,,NVIDIA A100-SXM4-40GB MIG 4g.20gb (0),1,,13,"void channel_eq::eqMmseSoftDemapKernel<float, __half, __half, float, (unsigned int)4, (unsigned short)16383>(channel_eq::_puschRxChEqStatDescr *, channel_eq::_puschRxChEqSoftDemapDynDescr)"
5898574540,360828,156643,1,1,1,32,32,1,30,0.000,0.000,,,,,NVIDIA A100-SXM4-40GB MIG 4g.20gb (0),1,,13,"void convert_kernel<float2, __half2>(tensor_layout_any, T1 *, tensor_layout_any, const T2 *)"
5898988903,12480,156655,2253,1,1,128,1,1,16,0.000,0.000,,,,,NVIDIA A100-SXM4-40GB MIG 4g.20gb (0),1,,13,cupy_copy__float16_float16
5899022663,6016,156664,282,1,1,128,1,1,16,0.000,0.000,,,,,NVIDIA A100-SXM4-40GB MIG 4g.20gb (0),1,,13,cupy_copy__complex64_complex64
5899082886,3424,156673,26,1,1,128,1,1,16,0.000,0.000,,,,,NVIDIA A100-SXM4-40GB MIG 4g.20gb (0),1,,13,cupy_copy__float32_float32
5899138694,6239,156682,103,1,1,128,1,1,16,0.000,0.000,,,,,NVIDIA A100-SXM4-40GB MIG 4g.20gb (0),1,,13,cupy_copy__complex64_complex64
5899166117,14592,156692,1434,1,1,128,1,1,16,0.000,0.000,,,,,NVIDIA A100-SXM4-40GB MIG 4g.20gb (0),1,,13,cupy_copy__complex64_complex64
5899234212,111455,156697,1,1,1,32,32,1,30,0.000,0.000,,,,,NVIDIA A100-SXM4-40GB MIG 4g.20gb (0),1,,13,"void convert_kernel<__half2, float2>(tensor_layout_any, T1 *, tensor_layout_any, const T2 *)"
5899374467,5984,156700,,,,,,,,,,0.094,15657.726,Pinned,Device,NVIDIA A100-SXM4-40GB MIG 4g.20gb (0),1,,13,[CUDA memcpy Host-to-Device]
5899436642,614041,156701,,,,,,,,,,456.561,743282.024,Device,,NVIDIA A100-SXM4-40GB MIG 4g.20gb (0),1,,13,[CUDA memset]
5900052283,65471,156706,,,,,,,,,,1.235,18861.300,Pinned,Device,NVIDIA A100-SXM4-40GB MIG 4g.20gb (0),1,,13,[CUDA memcpy Host-to-Device]
5900120826,18720,156707,,,,,,,,,,0.197,10502.406,Pinned,Device,NVIDIA A100-SXM4-40GB MIG 4g.20gb (0),1,,13,[CUDA memcpy Host-to-Device]
5900394967,21152,156708,69,4,1,48,1,1,76,0.002,0.000,,,,,NVIDIA A100-SXM4-40GB MIG 4g.20gb (0),1,,13,"void ch_est::windowedChEstPreNoDftSOfdmKernel<float, __half, float, (unsigned int)2, (unsigned int)1, (unsigned short)4>(ch_est::puschRxChEstStatDescr_t *, ch_est::puschRxChEstDynDescr_t *)"
5900497558,11424,156709,137,2,1,24,2,1,44,0.001,0.001,,,,,NVIDIA A100-SXM4-40GB MIG 4g.20gb (0),1,,13,"void ch_est::chEstFilterNoDftSOfdmDispatchKernel<float, __half, float, (unsigned int)2>(ch_est::puschRxChEstStatDescr_t *, ch_est::puschRxChEstDynDescr_t *)"
5900841810,12256,156710,137,2,1,24,2,1,44,0.001,0.001,,,,,NVIDIA A100-SXM4-40GB MIG 4g.20gb (0),1,,13,"void ch_est::chEstFilterNoDftSOfdmDispatchKernel<float, __half, float, (unsigned int)2>(ch_est::puschRxChEstStatDescr_t *, ch_est::puschRxChEstDynDescr_t *)"
5901226285,10080,156721,103,1,1,128,1,1,16,0.000,0.000,,,,,NVIDIA A100-SXM4-40GB MIG 4g.20gb (0),1,,13,cupy_copy__complex64_complex64
5901603753,19232,156731,1434,1,1,128,1,1,16,0.000,0.000,,,,,NVIDIA A100-SXM4-40GB MIG 4g.20gb (0),1,,13,cupy_copy__complex64_complex64
5901806375,6464,156738,103,1,1,128,1,1,16,0.000,0.000,,,,,NVIDIA A100-SXM4-40GB MIG 4g.20gb (0),1,,13,cupy_copy__complex64_complex64
5902099235,271293,156745,1,1,1,32,32,1,30,0.000,0.000,,,,,NVIDIA A100-SXM4-40GB MIG 4g.20gb (0),1,,13,"void convert_kernel<__half2, float2>(tensor_layout_any, T1 *, tensor_layout_any, const T2 *)"
5902401600,10624,156748,,,,,,,,,,0.094,8819.230,Pinned,Device,NVIDIA A100-SXM4-40GB MIG 4g.20gb (0),1,,13,[CUDA memcpy Host-to-Device]
5902605758,53055,156749,,,,,,,,,,35.810,674945.372,Device,,NVIDIA A100-SXM4-40GB MIG 4g.20gb (0),1,,13,[CUDA memset]
5902660093,6176,156751,,,,,,,,,,0.000,12.953,Pinned,Device,NVIDIA A100-SXM4-40GB MIG 4g.20gb (0),1,,13,[CUDA memcpy Host-to-Device]
5902668829,9888,156752,,,,,,,,,,0.197,19883.360,Pinned,Device,NVIDIA A100-SXM4-40GB MIG 4g.20gb (0),1,,13,[CUDA memcpy Host-to-Device]
5903051576,16160,156753,273,1,1,48,1,1,40,0.000,0.001,,,,,NVIDIA A100-SXM4-40GB MIG 4g.20gb (0),1,,13,"void pusch_noise_intf_est::noiseIntfEstNoDftSOfdmKernel<float, __half, float, float, (unsigned int)2, (unsigned int)1, (unsigned char)4, (unsigned char)4>(pusch_noise_intf_est::puschRxNoiseIntfEstDynDescr)"
5903446548,6752,156764,35,1,1,128,1,1,16,0.000,0.000,,,,,NVIDIA A100-SXM4-40GB MIG 4g.20gb (0),1,,13,cupy_copy__complex64_complex64
5903815248,3744,156773,1,1,1,1,1,1,18,0.000,0.000,,,,,NVIDIA A100-SXM4-40GB MIG 4g.20gb (0),1,,13,cupy_copy__float32_float32
5903822639,2720,156779,,,,,,,,,,0.000,1.471,Device,Pageable,NVIDIA A100-SXM4-40GB MIG 4g.20gb (0),1,,7,[CUDA memcpy Device-to-Host]
5904222987,17024,156790,1434,1,1,128,1,1,16,0.000,0.000,,,,,NVIDIA A100-SXM4-40GB MIG 4g.20gb (0),1,,13,cupy_copy__complex64_complex64
5904400809,6368,156797,103,1,1,128,1,1,16,0.000,0.000,,,,,NVIDIA A100-SXM4-40GB MIG 4g.20gb (0),1,,13,cupy_copy__complex64_complex64
5904488680,4960,156804,35,1,1,128,1,1,16,0.000,0.000,,,,,NVIDIA A100-SXM4-40GB MIG 4g.20gb (0),1,,13,cupy_copy__complex64_complex64
5904556199,2432,156811,1,1,1,1,1,1,18,0.000,0.000,,,,,NVIDIA A100-SXM4-40GB MIG 4g.20gb (0),1,,13,cupy_copy__float32_float32
5904583047,207389,156822,1,1,1,32,32,1,30,0.000,0.000,,,,,NVIDIA A100-SXM4-40GB MIG 4g.20gb (0),1,,13,"void convert_kernel<__half2, float2>(tensor_layout_any, T1 *, tensor_layout_any, const T2 *)"
5904820068,5536,156825,,,,,,,,,,0.094,16924.777,Pinned,Device,NVIDIA A100-SXM4-40GB MIG 4g.20gb (0),1,,13,[CUDA memcpy Host-to-Device]
5904868451,8000,156826,,,,,,,,,,1.547,193328.000,Device,,NVIDIA A100-SXM4-40GB MIG 4g.20gb (0),1,,13,[CUDA memset]
5904879075,3360,156831,,,,,,,,,,0.031,9314.284,Pinned,Device,NVIDIA A100-SXM4-40GB MIG 4g.20gb (0),1,,13,[CUDA memcpy Host-to-Device]
5904886179,9504,156832,,,,,,,,,,0.197,20686.701,Pinned,Device,NVIDIA A100-SXM4-40GB MIG 4g.20gb (0),1,,13,[CUDA memcpy Host-to-Device]
5904940611,14335,156833,273,1,1,8,4,1,39,0.002,0.000,,,,,NVIDIA A100-SXM4-40GB MIG 4g.20gb (0),1,,13,"void channel_eq::eqMmseCoefCompLowMimoKernel<float, float, float, (unsigned int)4, (unsigned int)1, (unsigned int)4>(const channel_eq::_puschRxChEqStatDescr *, channel_eq::_puschRxChEqCoefCompDynDescr)"
5905002402,9088,156834,273,1,1,12,11,1,51,0.002,0.000,,,,,NVIDIA A100-SXM4-40GB MIG 4g.20gb (0),1,,13,"void channel_eq::eqMmseSoftDemapKernel<float, __half, __half, float, (unsigned int)4, (unsigned short)16383>(channel_eq::_puschRxChEqStatDescr *, channel_eq::_puschRxChEqSoftDemapDynDescr)"
5905066881,357948,156835,1,1,1,32,32,1,30,0.000,0.000,,,,,NVIDIA A100-SXM4-40GB MIG 4g.20gb (0),1,,13,"void convert_kernel<float2, __half2>(tensor_layout_any, T1 *, tensor_layout_any, const T2 *)"
5905446877,13824,156847,2253,1,1,128,1,1,16,0.000,0.000,,,,,NVIDIA A100-SXM4-40GB MIG 4g.20gb (0),1,,13,cupy_copy__float16_float16
5905528156,6304,156856,282,1,1,128,1,1,16,0.000,0.000,,,,,NVIDIA A100-SXM4-40GB MIG 4g.20gb (0),1,,13,cupy_copy__complex64_complex64
5905589467,4000,156865,26,1,1,128,1,1,16,0.000,0.000,,,,,NVIDIA A100-SXM4-40GB MIG 4g.20gb (0),1,,13,cupy_copy__float32_float32
5905646618,6336,156874,103,1,1,128,1,1,16,0.000,0.000,,,,,NVIDIA A100-SXM4-40GB MIG 4g.20gb (0),1,,13,cupy_copy__complex64_complex64
5905673306,15264,156884,1434,1,1,128,1,1,16,0.000,0.000,,,,,NVIDIA A100-SXM4-40GB MIG 4g.20gb (0),1,,13,cupy_copy__complex64_complex64
5905741177,108959,156889,1,1,1,32,32,1,30,0.000,0.000,,,,,NVIDIA A100-SXM4-40GB MIG 4g.20gb (0),1,,13,"void convert_kernel<__half2, float2>(tensor_layout_any, T1 *, tensor_layout_any, const T2 *)"
5905879256,5440,156892,,,,,,,,,,0.094,17223.480,Pinned,Device,NVIDIA A100-SXM4-40GB MIG 4g.20gb (0),1,,13,[CUDA memcpy Host-to-Device]
5905945399,612249,156893,,,,,,,,,,456.561,745564.832,Device,,NVIDIA A100-SXM4-40GB MIG 4g.20gb (0),1,,13,[CUDA memset]
5906565264,57535,156898,,,,,,,,,,1.235,21463.327,Pinned,Device,NVIDIA A100-SXM4-40GB MIG 4g.20gb (0),1,,13,[CUDA memcpy Host-to-Device]
5906625455,9792,156899,,,,,,,,,,0.197,20078.395,Pinned,Device,NVIDIA A100-SXM4-40GB MIG 4g.20gb (0),1,,13,[CUDA memcpy Host-to-Device]
5906819405,10592,156900,69,4,1,48,1,1,76,0.002,0.000,,,,,NVIDIA A100-SXM4-40GB MIG 4g.20gb (0),1,,13,"void ch_est::windowedChEstPreNoDftSOfdmKernel<float, __half, float, (unsigned int)2, (unsigned int)1, (unsigned short)4>(ch_est::puschRxChEstStatDescr_t *, ch_est::puschRxChEstDynDescr_t *)"
5907221544,9216,156901,137,2,1,24,2,1,44,0.001,0.001,,,,,NVIDIA A100-SXM4-40GB MIG 4g.20gb (0),1,,13,"void ch_est::chEstFilterNoDftSOfdmDispatchKernel<float, __half, float, (unsigned int)2>(ch_est::puschRxChEstStatDescr_t *, ch_est::puschRxChEstDynDescr_t *)"
5907622820,9440,156902,137,2,1,24,2,1,44,0.001,0.001,,,,,NVIDIA A100-SXM4-40GB MIG 4g.20gb (0),1,,13,"void ch_est::chEstFilterNoDftSOfdmDispatchKernel<float, __half, float, (unsigned int)2>(ch_est::puschRxChEstStatDescr_t *, ch_est::puschRxChEstDynDescr_t *)"
5908034815,4160,156913,103,1,1,128,1,1,16,0.000,0.000,,,,,NVIDIA A100-SXM4-40GB MIG 4g.20gb (0),1,,13,cupy_copy__complex64_complex64
5908391675,22047,156923,1434,1,1,128,1,1,16,0.000,0.000,,,,,NVIDIA A100-SXM4-40GB MIG 4g.20gb (0),1,,13,cupy_copy__complex64_complex64
5908822390,6304,156930,103,1,1,128,1,1,16,0.000,0.000,,,,,NVIDIA A100-SXM4-40GB MIG 4g.20gb (0),1,,13,cupy_copy__complex64_complex64
5909116850,258525,156937,1,1,1,32,32,1,30,0.000,0.000,,,,,NVIDIA A100-SXM4-40GB MIG 4g.20gb (0),1,,13,"void convert_kernel<__half2, float2>(tensor_layout_any, T1 *, tensor_layout_any, const T2 *)"
5909405039,10752,156940,,,,,,,,,,0.094,8714.196,Pinned,Device,NVIDIA A100-SXM4-40GB MIG 4g.20gb (0),1,,13,[CUDA memcpy Host-to-Device]
5909727627,50688,156941,,,,,,,,,,35.810,706458.102,Device,,NVIDIA A100-SXM4-40GB MIG 4g.20gb (0),1,,13,[CUDA memset]
5909781835,1984,156943,,,,,,,,,,0.000,40.323,Pinned,Device,NVIDIA A100-SXM4-40GB MIG 4g.20gb (0),1,,13,[CUDA memcpy Host-to-Device]
5909790027,10367,156944,,,,,,,,,,0.197,18964.611,Pinned,Device,NVIDIA A100-SXM4-40GB MIG 4g.20gb (0),1,,13,[CUDA memcpy Host-to-Device]
5910194150,15744,156945,273,1,1,48,1,1,40,0.000,0.001,,,,,NVIDIA A100-SXM4-40GB MIG 4g.20gb (0),1,,13,"void pusch_noise_intf_est::noiseIntfEstNoDftSOfdmKernel<float, __half, float, float, (unsigned int)2, (unsigned int)1, (unsigned char)4, (unsigned char)4>(pusch_noise_intf_est::puschRxNoiseIntfEstDynDescr)"
5910614113,5856,156956,35,1,1,128,1,1,16,0.000,0.000,,,,,NVIDIA A100-SXM4-40GB MIG 4g.20gb (0),1,,13,cupy_copy__complex64_complex64
5911021596,3552,156965,1,1,1,1,1,1,18,0.000,0.000,,,,,NVIDIA A100-SXM4-40GB MIG 4g.20gb (0),1,,13,cupy_copy__float32_float32
5911028828,1600,156971,,,,,,,,,,0.000,2.500,Device,Pageable,NVIDIA A100-SXM4-40GB MIG 4g.20gb (0),1,,7,[CUDA memcpy Device-to-Host]
5911117915,15072,156982,1434,1,1,128,1,1,16,0.000,0.000,,,,,NVIDIA A100-SXM4-40GB MIG 4g.20gb (0),1,,13,cupy_copy__complex64_complex64
5911184667,4447,156989,103,1,1,128,1,1,16,0.000,0.000,,,,,NVIDIA A100-SXM4-40GB MIG 4g.20gb (0),1,,13,cupy_copy__complex64_complex64
5911241274,5408,156996,35,1,1,128,1,1,16,0.000,0.000,,,,,NVIDIA A100-SXM4-40GB MIG 4g.20gb (0),1,,13,cupy_copy__complex64_complex64
5911268058,2048,157003,1,1,1,1,1,1,18,0.000,0.000,,,,,NVIDIA A100-SXM4-40GB MIG 4g.20gb (0),1,,13,cupy_copy__float32_float32
5911339161,107614,157014,1,1,1,32,32,1,30,0.000,0.000,,,,,NVIDIA A100-SXM4-40GB MIG 4g.20gb (0),1,,13,"void convert_kernel<__half2, float2>(tensor_layout_any, T1 *, tensor_layout_any, const T2 *)"
5911475543,6112,157017,,,,,,,,,,0.094,15329.790,Pinned,Device,NVIDIA A100-SXM4-40GB MIG 4g.20gb (0),1,,13,[CUDA memcpy Host-to-Device]
5911541110,5312,157018,,,,,,,,,,1.547,291156.608,Device,,NVIDIA A100-SXM4-40GB MIG 4g.20gb (0),1,,13,[CUDA memset]
5911551606,3040,157023,,,,,,,,,,0.031,10294.725,Pinned,Device,NVIDIA A100-SXM4-40GB MIG 4g.20gb (0),1,,13,[CUDA memcpy Host-to-Device]
5911557462,13472,157024,,,,,,,,,,0.197,14593.819,Pinned,Device,NVIDIA A100-SXM4-40GB MIG 4g.20gb (0),1,,13,[CUDA memcpy Host-to-Device]
5911624789,15104,157025,273,1,1,8,4,1,39,0.002,0.000,,,,,NVIDIA A100-SXM4-40GB MIG 4g.20gb (0),1,,13,"void channel_eq::eqMmseCoefCompLowMimoKernel<float, float, float, (unsigned int)4, (unsigned int)1, (unsigned int)4>(const channel_eq::_puschRxChEqStatDescr *, channel_eq::_puschRxChEqCoefCompDynDescr)"
5911697397,15455,157026,273,1,1,12,11,1,51,0.002,0.000,,,,,NVIDIA A100-SXM4-40GB MIG 4g.20gb (0),1,,13,"void channel_eq::eqMmseSoftDemapKernel<float, __half, __half, float, (unsigned int)4, (unsigned short)16383>(channel_eq::_puschRxChEqStatDescr *, channel_eq::_puschRxChEqSoftDemapDynDescr)"
5911767188,361148,157027,1,1,1,32,32,1,30,0.000,0.000,,,,,NVIDIA A100-SXM4-40GB MIG 4g.20gb (0),1,,13,"void convert_kernel<float2, __half2>(tensor_layout_any, T1 *, tensor_layout_any, const T2 *)"
5912186351,14240,157039,2253,1,1,128,1,1,16,0.000,0.000,,,,,NVIDIA A100-SXM4-40GB MIG 4g.20gb (0),1,,13,cupy_copy__float16_float16
5912258734,5312,157048,282,1,1,128,1,1,16,0.000,0.000,,,,,NVIDIA A100-SXM4-40GB MIG 4g.20gb (0),1,,13,cupy_copy__complex64_complex64
5912330893,4032,157057,26,1,1,128,1,1,16,0.000,0.000,,,,,NVIDIA A100-SXM4-40GB MIG 4g.20gb (0),1,,13,cupy_copy__float32_float32
5912357613,7904,157066,103,1,1,128,1,1,16,0.000,0.000,,,,,NVIDIA A100-SXM4-40GB MIG 4g.20gb (0),1,,13,cupy_copy__complex64_complex64
5912417612,14400,157076,1434,1,1,128,1,1,16,0.000,0.000,,,,,NVIDIA A100-SXM4-40GB MIG 4g.20gb (0),1,,13,cupy_copy__complex64_complex64
5912486091,106559,157081,1,1,1,32,32,1,30,0.000,0.000,,,,,NVIDIA A100-SXM4-40GB MIG 4g.20gb (0),1,,13,"void convert_kernel<__half2, float2>(tensor_layout_any, T1 *, tensor_layout_any, const T2 *)"
5912620874,5760,157084,,,,,,,,,,0.094,16266.656,Pinned,Device,NVIDIA A100-SXM4-40GB MIG 4g.20gb (0),1,,13,[CUDA memcpy Host-to-Device]
5912650122,606777,157085,,,,,,,,,,456.561,752413.253,Device,,NVIDIA A100-SXM4-40GB MIG 4g.20gb (0),1,,13,[CUDA memset]
5913262147,55871,157090,,,,,,,,,,1.235,22103.028,Pinned,Device,NVIDIA A100-SXM4-40GB MIG 4g.20gb (0),1,,13,[CUDA memcpy Host-to-Device]
5913320770,10304,157091,,,,,,,,,,0.197,19080.610,Pinned,Device,NVIDIA A100-SXM4-40GB MIG 4g.20gb (0),1,,13,[CUDA memcpy Host-to-Device]
5913513952,14655,157092,69,4,1,48,1,1,76,0.002,0.000,,,,,NVIDIA A100-SXM4-40GB MIG 4g.20gb (0),1,,13,"void ch_est::windowedChEstPreNoDftSOfdmKernel<float, __half, float, (unsigned int)2, (unsigned int)1, (unsigned short)4>(ch_est::puschRxChEstStatDescr_t *, ch_est::puschRxChEstDynDescr_t *)"
5913888187,9440,157093,137,2,1,24,2,1,44,0.001,0.001,,,,,NVIDIA A100-SXM4-40GB MIG 4g.20gb (0),1,,13,"void ch_est::chEstFilterNoDftSOfdmDispatchKernel<float, __half, float, (unsigned int)2>(ch_est::puschRxChEstStatDescr_t *, ch_est::puschRxChEstDynDescr_t *)"
5914252471,9632,157094,137,2,1,24,2,1,44,0.001,0.001,,,,,NVIDIA A100-SXM4-40GB MIG 4g.20gb (0),1,,13,"void ch_est::chEstFilterNoDftSOfdmDispatchKernel<float, __half, float, (unsigned int)2>(ch_est::puschRxChEstStatDescr_t *, ch_est::puschRxChEstDynDescr_t *)"
5914527604,4160,157105,103,1,1,128,1,1,16,0.000,0.000,,,,,NVIDIA A100-SXM4-40GB MIG 4g.20gb (0),1,,13,cupy_copy__complex64_complex64
5914834960,19840,157115,1434,1,1,128,1,1,16,0.000,0.000,,,,,NVIDIA A100-SXM4-40GB MIG 4g.20gb (0),1,,13,cupy_copy__complex64_complex64
5915218284,9792,157122,103,1,1,128,1,1,16,0.000,0.000,,,,,NVIDIA A100-SXM4-40GB MIG 4g.20gb (0),1,,13,cupy_copy__complex64_complex64
5915412010,255069,157129,1,1,1,32,32,1,30,0.000,0.000,,,,,NVIDIA A100-SXM4-40GB MIG 4g.20gb (0),1,,13,"void convert_kernel<__half2, float2>(tensor_layout_any, T1 *, tensor_layout_any, const T2 *)"
5915695942,10208,157132,,,,,,,,,,0.094,9178.648,Pinned,Device,NVIDIA A100-SXM4-40GB MIG 4g.20gb (0),1,,13,[CUDA memcpy Host-to-Device]
5916032835,50687,157133,,,,,,,,,,35.810,706458.102,Device,,NVIDIA A100-SXM4-40GB MIG 4g.20gb (0),1,,13,[CUDA memset]
5916088226,3264,157135,,,,,,,,,,0.000,24.510,Pinned,Device,NVIDIA A100-SXM4-40GB MIG 4g.20gb (0),1,,13,[CUDA memcpy Host-to-Device]
5916094946,12256,157136,,,,,,,,,,0.197,16041.640,Pinned,Device,NVIDIA A100-SXM4-40GB MIG 4g.20gb (0),1,,13,[CUDA memcpy Host-to-Device]
5916456542,17119,157137,273,1,1,48,1,1,40,0.000,0.001,,,,,NVIDIA A100-SXM4-40GB MIG 4g.20gb (0),1,,13,"void pusch_noise_intf_est::noiseIntfEstNoDftSOfdmKernel<float, __half, float, float, (unsigned int)2, (unsigned int)1, (unsigned char)4, (unsigned char)4>(pusch_noise_intf_est::puschRxNoiseIntfEstDynDescr)"
5916830777,4256,157148,35,1,1,128,1,1,16,0.000,0.000,,,,,NVIDIA A100-SXM4-40GB MIG 4g.20gb (0),1,,13,cupy_copy__complex64_complex64
5917137334,4096,157157,1,1,1,1,1,1,18,0.000,0.000,,,,,NVIDIA A100-SXM4-40GB MIG 4g.20gb (0),1,,13,cupy_copy__float32_float32
5917148182,5536,157163,,,,,,,,,,0.000,0.723,Device,Pageable,NVIDIA A100-SXM4-40GB MIG 4g.20gb (0),1,,7,[CUDA memcpy Device-to-Host]
5917382003,16288,157174,1434,1,1,128,1,1,16,0.000,0.000,,,,,NVIDIA A100-SXM4-40GB MIG 4g.20gb (0),1,,13,cupy_copy__complex64_complex64
5917464626,4960,157181,103,1,1,128,1,1,16,0.000,0.000,,,,,NVIDIA A100-SXM4-40GB MIG 4g.20gb (0),1,,13,cupy_copy__complex64_complex64
5917492274,7104,157188,35,1,1,128,1,1,16,0.000,0.000,,,,,NVIDIA A100-SXM4-40GB MIG 4g.20gb (0),1,,13,cupy_copy__complex64_complex64
5917552145,2432,157195,1,1,1,1,1,1,18,0.000,0.000,,,,,NVIDIA A100-SXM4-40GB MIG 4g.20gb (0),1,,13,cupy_copy__float32_float32
5917608624,106527,157206,1,1,1,32,32,1,30,0.000,0.000,,,,,NVIDIA A100-SXM4-40GB MIG 4g.20gb (0),1,,13,"void convert_kernel<__half2, float2>(tensor_layout_any, T1 *, tensor_layout_any, const T2 *)"
5917752495,5824,157209,,,,,,,,,,0.094,16087.884,Pinned,Device,NVIDIA A100-SXM4-40GB MIG 4g.20gb (0),1,,13,[CUDA memcpy Host-to-Device]
5917827278,5344,157210,,,,,,,,,,1.547,289412.016,Device,,NVIDIA A100-SXM4-40GB MIG 4g.20gb (0),1,,13,[CUDA memset]
5917837550,3040,157215,,,,,,,,,,0.031,10294.725,Pinned,Device,NVIDIA A100-SXM4-40GB MIG 4g.20gb (0),1,,13,[CUDA memcpy Host-to-Device]
5917843150,9536,157216,,,,,,,,,,0.197,20617.298,Pinned,Device,NVIDIA A100-SXM4-40GB MIG 4g.20gb (0),1,,13,[CUDA memcpy Host-to-Device]
5917909421,10816,157217,273,1,1,8,4,1,39,0.002,0.000,,,,,NVIDIA A100-SXM4-40GB MIG 4g.20gb (0),1,,13,"void channel_eq::eqMmseCoefCompLowMimoKernel<float, float, float, (unsigned int)4, (unsigned int)1, (unsigned int)4>(const channel_eq::_puschRxChEqStatDescr *, channel_eq::_puschRxChEqCoefCompDynDescr)"
5917971276,11360,157218,273,1,1,12,11,1,51,0.002,0.000,,,,,NVIDIA A100-SXM4-40GB MIG 4g.20gb (0),1,,13,"void channel_eq::eqMmseSoftDemapKernel<float, __half, __half, float, (unsigned int)4, (unsigned short)16383>(channel_eq::_puschRxChEqStatDescr *, channel_eq::_puschRxChEqSoftDemapDynDescr)"
5918039915,347548,157219,1,1,1,32,32,1,30,0.000,0.000,,,,,NVIDIA A100-SXM4-40GB MIG 4g.20gb (0),1,,13,"void convert_kernel<float2, __half2>(tensor_layout_any, T1 *, tensor_layout_any, const T2 *)"
5918425639,13472,157231,2253,1,1,128,1,1,16,0.000,0.000,,,,,NVIDIA A100-SXM4-40GB MIG 4g.20gb (0),1,,13,cupy_copy__float16_float16
5918494790,5664,157240,282,1,1,128,1,1,16,0.000,0.000,,,,,NVIDIA A100-SXM4-40GB MIG 4g.20gb (0),1,,13,cupy_copy__complex64_complex64
5918552965,3968,157249,26,1,1,128,1,1,16,0.000,0.000,,,,,NVIDIA A100-SXM4-40GB MIG 4g.20gb (0),1,,13,cupy_copy__float32_float32
5918578949,10272,157258,103,1,1,128,1,1,16,0.000,0.000,,,,,NVIDIA A100-SXM4-40GB MIG 4g.20gb (0),1,,13,cupy_copy__complex64_complex64
5918639364,16384,157268,1434,1,1,128,1,1,16,0.000,0.000,,,,,NVIDIA A100-SXM4-40GB MIG 4g.20gb (0),1,,13,cupy_copy__complex64_complex64
5918709444,102398,157273,1,1,1,32,32,1,30,0.000,0.000,,,,,NVIDIA A100-SXM4-40GB MIG 4g.20gb (0),1,,13,"void convert_kernel<__half2, float2>(tensor_layout_any, T1 *, tensor_layout_any, const T2 *)"
5918839970,5408,157276,,,,,,,,,,0.094,17325.421,Pinned,Device,NVIDIA A100-SXM4-40GB MIG 4g.20gb (0),1,,13,[CUDA memcpy Host-to-Device]
5918873442,605721,157277,,,,,,,,,,456.561,753326.376,Device,,NVIDIA A100-SXM4-40GB MIG 4g.20gb (0),1,,13,[CUDA memset]
5919482139,58143,157282,,,,,,,,,,1.235,21238.567,Pinned,Device,NVIDIA A100-SXM4-40GB MIG 4g.20gb (0),1,,13,[CUDA memcpy Host-to-Device]
5919542938,9792,157283,,,,,,,,,,0.197,20078.395,Pinned,Device,NVIDIA A100-SXM4-40GB MIG 4g.20gb (0),1,,13,[CUDA memcpy Host-to-Device]
5919736120,13504,157284,69,4,1,48,1,1,76,0.002,0.000,,,,,NVIDIA A100-SXM4-40GB MIG 4g.20gb (0),1,,13,"void ch_est::windowedChEstPreNoDftSOfdmKernel<float, __half, float, (unsigned int)2, (unsigned int)1, (unsigned short)4>(ch_est::puschRxChEstStatDescr_t *, ch_est::puschRxChEstDynDescr_t *)"
5920146355,9824,157285,137,2,1,24,2,1,44,0.001,0.001,,,,,NVIDIA A100-SXM4-40GB MIG 4g.20gb (0),1,,13,"void ch_est::chEstFilterNoDftSOfdmDispatchKernel<float, __half, float, (unsigned int)2>(ch_est::puschRxChEstStatDescr_t *, ch_est::puschRxChEstDynDescr_t *)"
5920548750,9056,157286,137,2,1,24,2,1,44,0.001,0.001,,,,,NVIDIA A100-SXM4-40GB MIG 4g.20gb (0),1,,13,"void ch_est::chEstFilterNoDftSOfdmDispatchKernel<float, __half, float, (unsigned int)2>(ch_est::puschRxChEstStatDescr_t *, ch_est::puschRxChEstDynDescr_t *)"
5920786988,7488,157297,103,1,1,128,1,1,16,0.000,0.000,,,,,NVIDIA A100-SXM4-40GB MIG 4g.20gb (0),1,,13,cupy_copy__complex64_complex64
5920931658,16992,157307,1434,1,1,128,1,1,16,0.000,0.000,,,,,NVIDIA A100-SXM4-40GB MIG 4g.20gb (0),1,,13,cupy_copy__complex64_complex64
5921282950,5120,157314,103,1,1,128,1,1,16,0.000,0.000,,,,,NVIDIA A100-SXM4-40GB MIG 4g.20gb (0),1,,13,cupy_copy__complex64_complex64
5921610530,273149,157321,1,1,1,32,32,1,30,0.000,0.000,,,,,NVIDIA A100-SXM4-40GB MIG 4g.20gb (0),1,,13,"void convert_kernel<__half2, float2>(tensor_layout_any, T1 *, tensor_layout_any, const T2 *)"
5921913663,10304,157324,,,,,,,,,,0.094,9093.103,Pinned,Device,NVIDIA A100-SXM4-40GB MIG 4g.20gb (0),1,,13,[CUDA memcpy Host-to-Device]
5922184700,48095,157325,,,,,,,,,,35.810,744559.857,Device,,NVIDIA A100-SXM4-40GB MIG 4g.20gb (0),1,,13,[CUDA memset]
5922235771,2176,157327,,,,,,,,,,0.000,36.765,Pinned,Device,NVIDIA A100-SXM4-40GB MIG 4g.20gb (0),1,,13,[CUDA memcpy Host-to-Device]
5922243259,13664,157328,,,,,,,,,,0.197,14388.756,Pinned,Device,NVIDIA A100-SXM4-40GB MIG 4g.20gb (0),1,,13,[CUDA memcpy Host-to-Device]
5922576823,16544,157329,273,1,1,48,1,1,40,0.000,0.001,,,,,NVIDIA A100-SXM4-40GB MIG 4g.20gb (0),1,,13,"void pusch_noise_intf_est::noiseIntfEstNoDftSOfdmKernel<float, __half, float, float, (unsigned int)2, (unsigned int)1, (unsigned char)4, (unsigned char)4>(pusch_noise_intf_est::puschRxNoiseIntfEstDynDescr)"
5922977522,4992,157340,35,1,1,128,1,1,16,0.000,0.000,,,,,NVIDIA A100-SXM4-40GB MIG 4g.20gb (0),1,,13,cupy_copy__complex64_complex64
5923526604,4672,157349,1,1,1,1,1,1,18,0.000,0.000,,,,,NVIDIA A100-SXM4-40GB MIG 4g.20gb (0),1,,13,cupy_copy__float32_float32
5923533004,1632,157355,,,,,,,,,,0.000,2.451,Device,Pageable,NVIDIA A100-SXM4-40GB MIG 4g.20gb (0),1,,7,[CUDA memcpy Device-to-Host]
5923890216,17312,157366,1434,1,1,128,1,1,16,0.000,0.000,,,,,NVIDIA A100-SXM4-40GB MIG 4g.20gb (0),1,,13,cupy_copy__complex64_complex64
5923921736,5567,157373,103,1,1,128,1,1,16,0.000,0.000,,,,,NVIDIA A100-SXM4-40GB MIG 4g.20gb (0),1,,13,cupy_copy__complex64_complex64
5923939431,5312,157380,35,1,1,128,1,1,16,0.000,0.000,,,,,NVIDIA A100-SXM4-40GB MIG 4g.20gb (0),1,,13,cupy_copy__complex64_complex64
5923960071,2752,157387,1,1,1,1,1,1,18,0.000,0.000,,,,,NVIDIA A100-SXM4-40GB MIG 4g.20gb (0),1,,13,cupy_copy__float32_float32
5923970023,193182,157398,1,1,1,32,32,1,30,0.000,0.000,,,,,NVIDIA A100-SXM4-40GB MIG 4g.20gb (0),1,,13,"void convert_kernel<__half2, float2>(tensor_layout_any, T1 *, tensor_layout_any, const T2 *)"
5924195204,6048,157401,,,,,,,,,,0.094,15491.978,Pinned,Device,NVIDIA A100-SXM4-40GB MIG 4g.20gb (0),1,,13,[CUDA memcpy Host-to-Device]
5924236388,6048,157402,,,,,,,,,,1.547,255723.452,Device,,NVIDIA A100-SXM4-40GB MIG 4g.20gb (0),1,,13,[CUDA memset]
5924248580,3392,157407,,,,,,,,,,0.031,9226.405,Pinned,Device,NVIDIA A100-SXM4-40GB MIG 4g.20gb (0),1,,13,[CUDA memcpy Host-to-Device]
5924257700,16927,157408,,,,,,,,,,0.197,11615.011,Pinned,Device,NVIDIA A100-SXM4-40GB MIG 4g.20gb (0),1,,13,[CUDA memcpy Host-to-Device]
5924485313,11168,157409,273,1,1,8,4,1,39,0.002,0.000,,,,,NVIDIA A100-SXM4-40GB MIG 4g.20gb (0),1,,13,"void channel_eq::eqMmseCoefCompLowMimoKernel<float, float, float, (unsigned int)4, (unsigned int)1, (unsigned int)4>(const channel_eq::_puschRxChEqStatDescr *, channel_eq::_puschRxChEqCoefCompDynDescr)"
5924733854,13088,157410,273,1,1,12,11,1,51,0.002,0.000,,,,,NVIDIA A100-SXM4-40GB MIG 4g.20gb (0),1,,13,"void channel_eq::eqMmseSoftDemapKernel<float, __half, __half, float, (unsigned int)4, (unsigned short)16383>(channel_eq::_puschRxChEqStatDescr *, channel_eq::_puschRxChEqSoftDemapDynDescr)"
5924985595,624921,157411,1,1,1,32,32,1,30,0.000,0.000,,,,,NVIDIA A100-SXM4-40GB MIG 4g.20gb (0),1,,13,"void convert_kernel<float2, __half2>(tensor_layout_any, T1 *, tensor_layout_any, const T2 *)"
5925728531,13472,157423,2253,1,1,128,1,1,16,0.000,0.000,,,,,NVIDIA A100-SXM4-40GB MIG 4g.20gb (0),1,,13,cupy_copy__float16_float16
5925973456,7616,157432,282,1,1,128,1,1,16,0.000,0.000,,,,,NVIDIA A100-SXM4-40GB MIG 4g.20gb (0),1,,13,cupy_copy__complex64_complex64
5925992656,3456,157441,26,1,1,128,1,1,16,0.000,0.000,,,,,NVIDIA A100-SXM4-40GB MIG 4g.20gb (0),1,,13,cupy_copy__float32_float32
5926012527,8736,157450,103,1,1,128,1,1,16,0.000,0.000,,,,,NVIDIA A100-SXM4-40GB MIG 4g.20gb (0),1,,13,cupy_copy__complex64_complex64
5926083599,16831,157460,1434,1,1,128,1,1,16,0.000,0.000,,,,,NVIDIA A100-SXM4-40GB MIG 4g.20gb (0),1,,13,cupy_copy__complex64_complex64
5926194477,292285,157465,1,1,1,32,32,1,30,0.000,0.000,,,,,NVIDIA A100-SXM4-40GB MIG 4g.20gb (0),1,,13,"void convert_kernel<__half2, float2>(tensor_layout_any, T1 *, tensor_layout_any, const T2 *)"
5926517066,6367,157468,,,,,,,,,,0.094,14715.800,Pinned,Device,NVIDIA A100-SXM4-40GB MIG 4g.20gb (0),1,,13,[CUDA memcpy Host-to-Device]
5926590729,606969,157469,,,,,,,,,,456.561,751956.692,Device,,NVIDIA A100-SXM4-40GB MIG 4g.20gb (0),1,,13,[CUDA memset]
5927200962,60159,157474,,,,,,,,,,1.235,20527.239,Pinned,Device,NVIDIA A100-SXM4-40GB MIG 4g.20gb (0),1,,13,[CUDA memcpy Host-to-Device]
5927265217,9504,157475,,,,,,,,,,0.197,20686.701,Pinned,Device,NVIDIA A100-SXM4-40GB MIG 4g.20gb (0),1,,13,[CUDA memcpy Host-to-Device]
5927293697,8096,157476,69,4,1,48,1,1,76,0.002,0.000,,,,,NVIDIA A100-SXM4-40GB MIG 4g.20gb (0),1,,13,"void ch_est::windowedChEstPreNoDftSOfdmKernel<float, __half, float, (unsigned int)2, (unsigned int)1, (unsigned short)4>(ch_est::puschRxChEstStatDescr_t *, ch_est::puschRxChEstDynDescr_t *)"
5927388576,9343,157477,137,2,1,24,2,1,44,0.001,0.001,,,,,NVIDIA A100-SXM4-40GB MIG 4g.20gb (0),1,,13,"void ch_est::chEstFilterNoDftSOfdmDispatchKernel<float, __half, float, (unsigned int)2>(ch_est::puschRxChEstStatDescr_t *, ch_est::puschRxChEstDynDescr_t *)"
5927470111,16895,157478,137,2,1,24,2,1,44,0.001,0.001,,,,,NVIDIA A100-SXM4-40GB MIG 4g.20gb (0),1,,13,"void ch_est::chEstFilterNoDftSOfdmDispatchKernel<float, __half, float, (unsigned int)2>(ch_est::puschRxChEstStatDescr_t *, ch_est::puschRxChEstDynDescr_t *)"
5927505982,5120,157489,103,1,1,128,1,1,16,0.000,0.000,,,,,NVIDIA A100-SXM4-40GB MIG 4g.20gb (0),1,,13,cupy_copy__complex64_complex64
5927593053,17120,157499,1434,1,1,128,1,1,16,0.000,0.000,,,,,NVIDIA A100-SXM4-40GB MIG 4g.20gb (0),1,,13,cupy_copy__complex64_complex64
5927677116,13568,157506,103,1,1,128,1,1,16,0.000,0.000,,,,,NVIDIA A100-SXM4-40GB MIG 4g.20gb (0),1,,13,cupy_copy__complex64_complex64
5927714108,249693,157513,1,1,1,32,32,1,30,0.000,0.000,,,,,NVIDIA A100-SXM4-40GB MIG 4g.20gb (0),1,,13,"void convert_kernel<__half2, float2>(tensor_layout_any, T1 *, tensor_layout_any, const T2 *)"
5927994489,5567,157516,,,,,,,,,,0.094,16830.519,Pinned,Device,NVIDIA A100-SXM4-40GB MIG 4g.20gb (0),1,,13,[CUDA memcpy Host-to-Device]
5928012920,50656,157517,,,,,,,,,,35.810,706887.821,Device,,NVIDIA A100-SXM4-40GB MIG 4g.20gb (0),1,,13,[CUDA memset]
5928069144,1920,157519,,,,,,,,,,0.000,41.667,Pinned,Device,NVIDIA A100-SXM4-40GB MIG 4g.20gb (0),1,,13,[CUDA memcpy Host-to-Device]
5928073816,11903,157520,,,,,,,,,,0.197,16517.431,Pinned,Device,NVIDIA A100-SXM4-40GB MIG 4g.20gb (0),1,,13,[CUDA memcpy Host-to-Device]
5928094519,13280,157521,273,1,1,48,1,1,40,0.000,0.001,,,,,NVIDIA A100-SXM4-40GB MIG 4g.20gb (0),1,,13,"void pusch_noise_intf_est::noiseIntfEstNoDftSOfdmKernel<float, __half, float, float, (unsigned int)2, (unsigned int)1, (unsigned char)4, (unsigned char)4>(pusch_noise_intf_est::puschRxNoiseIntfEstDynDescr)"
5928111959,5760,157532,35,1,1,128,1,1,16,0.000,0.000,,,,,NVIDIA A100-SXM4-40GB MIG 4g.20gb (0),1,,13,cupy_copy__complex64_complex64
5928123863,2048,157541,1,1,1,1,1,1,18,0.000,0.000,,,,,NVIDIA A100-SXM4-40GB MIG 4g.20gb (0),1,,13,cupy_copy__float32_float32
5928148279,1568,157547,,,,,,,,,,0.000,2.551,Device,Pageable,NVIDIA A100-SXM4-40GB MIG 4g.20gb (0),1,,7,[CUDA memcpy Device-to-Host]
5928209558,16128,157558,1434,1,1,128,1,1,16,0.000,0.000,,,,,NVIDIA A100-SXM4-40GB MIG 4g.20gb (0),1,,13,cupy_copy__complex64_complex64
5928235798,3616,157565,103,1,1,128,1,1,16,0.000,0.000,,,,,NVIDIA A100-SXM4-40GB MIG 4g.20gb (0),1,,13,cupy_copy__complex64_complex64
5928260533,5664,157572,35,1,1,128,1,1,16,0.000,0.000,,,,,NVIDIA A100-SXM4-40GB MIG 4g.20gb (0),1,,13,cupy_copy__complex64_complex64
5928279413,1824,157579,1,1,1,1,1,1,18,0.000,0.000,,,,,NVIDIA A100-SXM4-40GB MIG 4g.20gb (0),1,,13,cupy_copy__float32_float32
5928422260,99390,157590,1,1,1,32,32,1,30,0.000,0.000,,,,,NVIDIA A100-SXM4-40GB MIG 4g.20gb (0),1,,13,"void convert_kernel<__half2, float2>(tensor_layout_any, T1 *, tensor_layout_any, const T2 *)"
5928552114,5376,157593,,,,,,,,,,0.094,17428.487,Pinned,Device,NVIDIA A100-SXM4-40GB MIG 4g.20gb (0),1,,13,[CUDA memcpy Host-to-Device]
5928566066,4192,157594,,,,,,,,,,1.547,368945.609,Device,,NVIDIA A100-SXM4-40GB MIG 4g.20gb (0),1,,13,[CUDA memset]
5928572594,3328,157599,,,,,,,,,,0.031,9403.822,Pinned,Device,NVIDIA A100-SXM4-40GB MIG 4g.20gb (0),1,,13,[CUDA memcpy Host-to-Device]
5928578002,12384,157600,,,,,,,,,,0.197,15875.899,Pinned,Device,NVIDIA A100-SXM4-40GB MIG 4g.20gb (0),1,,13,[CUDA memcpy Host-to-Device]
5928598834,9695,157601,273,1,1,8,4,1,39,0.002,0.000,,,,,NVIDIA A100-SXM4-40GB MIG 4g.20gb (0),1,,13,"void channel_eq::eqMmseCoefCompLowMimoKernel<float, float, float, (unsigned int)4, (unsigned int)1, (unsigned int)4>(const channel_eq::_puschRxChEqStatDescr *, channel_eq::_puschRxChEqCoefCompDynDescr)"
5928611025,9184,157602,273,1,1,12,11,1,51,0.002,0.000,,,,,NVIDIA A100-SXM4-40GB MIG 4g.20gb (0),1,,13,"void channel_eq::eqMmseSoftDemapKernel<float, __half, __half, float, (unsigned int)4, (unsigned short)16383>(channel_eq::_puschRxChEqStatDescr *, channel_eq::_puschRxChEqSoftDemapDynDescr)"
5928622257,307325,157603,1,1,1,32,32,1,30,0.000,0.000,,,,,NVIDIA A100-SXM4-40GB MIG 4g.20gb (0),1,,13,"void convert_kernel<float2, __half2>(tensor_layout_any, T1 *, tensor_layout_any, const T2 *)"
5928931150,10592,157615,2253,1,1,128,1,1,16,0.000,0.000,,,,,NVIDIA A100-SXM4-40GB MIG 4g.20gb (0),1,,13,cupy_copy__float16_float16
5928943566,4320,157624,282,1,1,128,1,1,16,0.000,0.000,,,,,NVIDIA A100-SXM4-40GB MIG 4g.20gb (0),1,,13,cupy_copy__complex64_complex64
5928949261,2144,157633,26,1,1,128,1,1,16,0.000,0.000,,,,,NVIDIA A100-SXM4-40GB MIG 4g.20gb (0),1,,13,cupy_copy__float32_float32
5928952845,3168,157642,103,1,1,128,1,1,16,0.000,0.000,,,,,NVIDIA A100-SXM4-40GB MIG 4g.20gb (0),1,,13,cupy_copy__complex64_complex64
5928963533,13088,157652,1434,1,1,128,1,1,16,0.000,0.000,,,,,NVIDIA A100-SXM4-40GB MIG 4g.20gb (0),1,,13,cupy_copy__complex64_complex64
5928988333,82431,157657,1,1,1,32,32,1,30,0.000,0.000,,,,,NVIDIA A100-SXM4-40GB MIG 4g.20gb (0),1,,13,"void convert_kernel<__half2, float2>(tensor_layout_any, T1 *, tensor_layout_any, const T2 *)"
5929099916,5536,157660,,,,,,,,,,0.094,16924.777,Pinned,Device,NVIDIA A100-SXM4-40GB MIG 4g.20gb (0),1,,13,[CUDA memcpy Host-to-Device]
5929109612,610873,157661,,,,,,,,,,456.561,747391.077,Device,,NVIDIA A100-SXM4-40GB MIG 4g.20gb (0),1,,13,[CUDA memset]
5929723973,68415,157666,,,,,,,,,,1.235,18049.942,Pinned,Device,NVIDIA A100-SXM4-40GB MIG 4g.20gb (0),1,,13,[CUDA memcpy Host-to-Device]
5929795556,16352,157667,,,,,,,,,,0.197,12023.366,Pinned,Device,NVIDIA A100-SXM4-40GB MIG 4g.20gb (0),1,,13,[CUDA memcpy Host-to-Device]
5929887299,13152,157668,69,4,1,48,1,1,76,0.002,0.000,,,,,NVIDIA A100-SXM4-40GB MIG 4g.20gb (0),1,,13,"void ch_est::windowedChEstPreNoDftSOfdmKernel<float, __half, float, (unsigned int)2, (unsigned int)1, (unsigned short)4>(ch_est::puschRxChEstStatDescr_t *, ch_est::puschRxChEstDynDescr_t *)"
5930105952,9824,157669,137,2,1,24,2,1,44,0.001,0.001,,,,,NVIDIA A100-SXM4-40GB MIG 4g.20gb (0),1,,13,"void ch_est::chEstFilterNoDftSOfdmDispatchKernel<float, __half, float, (unsigned int)2>(ch_est::puschRxChEstStatDescr_t *, ch_est::puschRxChEstDynDescr_t *)"
5930318878,9440,157670,137,2,1,24,2,1,44,0.001,0.001,,,,,NVIDIA A100-SXM4-40GB MIG 4g.20gb (0),1,,13,"void ch_est::chEstFilterNoDftSOfdmDispatchKernel<float, __half, float, (unsigned int)2>(ch_est::puschRxChEstStatDescr_t *, ch_est::puschRxChEstDynDescr_t *)"
5930334526,5087,157681,103,1,1,128,1,1,16,0.000,0.000,,,,,NVIDIA A100-SXM4-40GB MIG 4g.20gb (0),1,,13,cupy_copy__complex64_complex64
5930408989,16383,157691,1434,1,1,128,1,1,16,0.000,0.000,,,,,NVIDIA A100-SXM4-40GB MIG 4g.20gb (0),1,,13,cupy_copy__complex64_complex64
5930667706,4224,157698,103,1,1,128,1,1,16,0.000,0.000,,,,,NVIDIA A100-SXM4-40GB MIG 4g.20gb (0),1,,13,cupy_copy__complex64_complex64
5930747609,265981,157705,1,1,1,32,32,1,30,0.000,0.000,,,,,NVIDIA A100-SXM4-40GB MIG 4g.20gb (0),1,,13,"void convert_kernel<__half2, float2>(tensor_layout_any, T1 *, tensor_layout_any, const T2 *)"
5931043605,6176,157708,,,,,,,,,,0.094,15170.975,Pinned,Device,NVIDIA A100-SXM4-40GB MIG 4g.20gb (0),1,,13,[CUDA memcpy Host-to-Device]
5931326930,49119,157709,,,,,,,,,,35.810,729018.351,Device,,NVIDIA A100-SXM4-40GB MIG 4g.20gb (0),1,,13,[CUDA memset]
5931377969,2880,157711,,,,,,,,,,0.000,27.778,Pinned,Device,NVIDIA A100-SXM4-40GB MIG 4g.20gb (0),1,,13,[CUDA memcpy Host-to-Device]
5931387441,11168,157712,,,,,,,,,,0.197,17604.477,Pinned,Device,NVIDIA A100-SXM4-40GB MIG 4g.20gb (0),1,,13,[CUDA memcpy Host-to-Device]
5931667886,14144,157713,273,1,1,48,1,1,40,0.000,0.001,,,,,NVIDIA A100-SXM4-40GB MIG 4g.20gb (0),1,,13,"void pusch_noise_intf_est::noiseIntfEstNoDftSOfdmKernel<float, __half, float, float, (unsigned int)2, (unsigned int)1, (unsigned char)4, (unsigned char)4>(pusch_noise_intf_est::puschRxNoiseIntfEstDynDescr)"
5931962411,7424,157724,35,1,1,128,1,1,16,0.000,0.000,,,,,NVIDIA A100-SXM4-40GB MIG 4g.20gb (0),1,,13,cupy_copy__complex64_complex64
5932252455,3232,157733,1,1,1,1,1,1,18,0.000,0.000,,,,,NVIDIA A100-SXM4-40GB MIG 4g.20gb (0),1,,13,cupy_copy__float32_float32
5932257863,1824,157739,,,,,,,,,,0.000,2.193,Device,Pageable,NVIDIA A100-SXM4-40GB MIG 4g.20gb (0),1,,7,[CUDA memcpy Device-to-Host]
5932542116,16000,157750,1434,1,1,128,1,1,16,0.000,0.000,,,,,NVIDIA A100-SXM4-40GB MIG 4g.20gb (0),1,,13,cupy_copy__complex64_complex64
5932837441,5856,157757,103,1,1,128,1,1,16,0.000,0.000,,,,,NVIDIA A100-SXM4-40GB MIG 4g.20gb (0),1,,13,cupy_copy__complex64_complex64
5932880320,6112,157764,35,1,1,128,1,1,16,0.000,0.000,,,,,NVIDIA A100-SXM4-40GB MIG 4g.20gb (0),1,,13,cupy_copy__complex64_complex64
5932935423,2208,157771,1,1,1,1,1,1,18,0.000,0.000,,,,,NVIDIA A100-SXM4-40GB MIG 4g.20gb (0),1,,13,cupy_copy__float32_float32
5932984287,204926,157782,1,1,1,32,32,1,30,0.000,0.000,,,,,NVIDIA A100-SXM4-40GB MIG 4g.20gb (0),1,,13,"void convert_kernel<__half2, float2>(tensor_layout_any, T1 *, tensor_layout_any, const T2 *)"
5933218460,5568,157785,,,,,,,,,,0.094,16827.521,Pinned,Device,NVIDIA A100-SXM4-40GB MIG 4g.20gb (0),1,,13,[CUDA memcpy Host-to-Device]
5933292571,5120,157786,,,,,,,,,,1.547,302074.227,Device,,NVIDIA A100-SXM4-40GB MIG 4g.20gb (0),1,,13,[CUDA memset]
5933302875,3008,157791,,,,,,,,,,0.031,10404.230,Pinned,Device,NVIDIA A100-SXM4-40GB MIG 4g.20gb (0),1,,13,[CUDA memcpy Host-to-Device]
5933308347,11904,157792,,,,,,,,,,0.197,16516.055,Pinned,Device,NVIDIA A100-SXM4-40GB MIG 4g.20gb (0),1,,13,[CUDA memcpy Host-to-Device]
5933375994,7392,157793,273,1,1,8,4,1,39,0.002,0.000,,,,,NVIDIA A100-SXM4-40GB MIG 4g.20gb (0),1,,13,"void channel_eq::eqMmseCoefCompLowMimoKernel<float, float, float, (unsigned int)4, (unsigned int)1, (unsigned int)4>(const channel_eq::_puschRxChEqStatDescr *, channel_eq::_puschRxChEqCoefCompDynDescr)"
5933441050,8864,157794,273,1,1,12,11,1,51,0.002,0.000,,,,,NVIDIA A100-SXM4-40GB MIG 4g.20gb (0),1,,13,"void channel_eq::eqMmseSoftDemapKernel<float, __half, __half, float, (unsigned int)4, (unsigned short)16383>(channel_eq::_puschRxChEqStatDescr *, channel_eq::_puschRxChEqSoftDemapDynDescr)"
5933501945,327484,157795,1,1,1,32,32,1,30,0.000,0.000,,,,,NVIDIA A100-SXM4-40GB MIG 4g.20gb (0),1,,13,"void convert_kernel<float2, __half2>(tensor_layout_any, T1 *, tensor_layout_any, const T2 *)"
5933885685,12159,157807,2253,1,1,128,1,1,16,0.000,0.000,,,,,NVIDIA A100-SXM4-40GB MIG 4g.20gb (0),1,,13,cupy_copy__float16_float16
5933950740,4384,157816,282,1,1,128,1,1,16,0.000,0.000,,,,,NVIDIA A100-SXM4-40GB MIG 4g.20gb (0),1,,13,cupy_copy__complex64_complex64
5933995283,2656,157825,26,1,1,128,1,1,16,0.000,0.000,,,,,NVIDIA A100-SXM4-40GB MIG 4g.20gb (0),1,,13,cupy_copy__float32_float32
5934048659,4544,157834,103,1,1,128,1,1,16,0.000,0.000,,,,,NVIDIA A100-SXM4-40GB MIG 4g.20gb (0),1,,13,cupy_copy__complex64_complex64
5934112722,14400,157844,1434,1,1,128,1,1,16,0.000,0.000,,,,,NVIDIA A100-SXM4-40GB MIG 4g.20gb (0),1,,13,cupy_copy__complex64_complex64
5934179665,99743,157849,1,1,1,32,32,1,30,0.000,0.000,,,,,NVIDIA A100-SXM4-40GB MIG 4g.20gb (0),1,,13,"void convert_kernel<__half2, float2>(tensor_layout_any, T1 *, tensor_layout_any, const T2 *)"
5934307984,5664,157852,,,,,,,,,,0.094,16542.310,Pinned,Device,NVIDIA A100-SXM4-40GB MIG 4g.20gb (0),1,,13,[CUDA memcpy Host-to-Device]
5934368175,617081,157853,,,,,,,,,,456.561,739629.533,Device,,NVIDIA A100-SXM4-40GB MIG 4g.20gb (0),1,,13,[CUDA memset]
5934986472,59199,157858,,,,,,,,,,1.235,20860.674,Pinned,Device,NVIDIA A100-SXM4-40GB MIG 4g.20gb (0),1,,13,[CUDA memcpy Host-to-Device]
5935052231,10624,157859,,,,,,,,,,0.197,18505.925,Pinned,Device,NVIDIA A100-SXM4-40GB MIG 4g.20gb (0),1,,13,[CUDA memcpy Host-to-Device]
5935187654,17407,157860,69,4,1,48,1,1,76,0.002,0.000,,,,,NVIDIA A100-SXM4-40GB MIG 4g.20gb (0),1,,13,"void ch_est::windowedChEstPreNoDftSOfdmKernel<float, __half, float, (unsigned int)2, (unsigned int)1, (unsigned short)4>(ch_est::puschRxChEstStatDescr_t *, ch_est::puschRxChEstDynDescr_t *)"
5935422819,11840,157861,137,2,1,24,2,1,44,0.001,0.001,,,,,NVIDIA A100-SXM4-40GB MIG 4g.20gb (0),1,,13,"void ch_est::chEstFilterNoDftSOfdmDispatchKernel<float, __half, float, (unsigned int)2>(ch_est::puschRxChEstStatDescr_t *, ch_est::puschRxChEstDynDescr_t *)"
5935640992,9344,157862,137,2,1,24,2,1,44,0.001,0.001,,,,,NVIDIA A100-SXM4-40GB MIG 4g.20gb (0),1,,13,"void ch_est::chEstFilterNoDftSOfdmDispatchKernel<float, __half, float, (unsigned int)2>(ch_est::puschRxChEstStatDescr_t *, ch_est::puschRxChEstDynDescr_t *)"
5935720959,3520,157873,103,1,1,128,1,1,16,0.000,0.000,,,,,NVIDIA A100-SXM4-40GB MIG 4g.20gb (0),1,,13,cupy_copy__complex64_complex64
5935933021,16000,157883,1434,1,1,128,1,1,16,0.000,0.000,,,,,NVIDIA A100-SXM4-40GB MIG 4g.20gb (0),1,,13,cupy_copy__complex64_complex64
5936150970,5248,157890,103,1,1,128,1,1,16,0.000,0.000,,,,,NVIDIA A100-SXM4-40GB MIG 4g.20gb (0),1,,13,cupy_copy__complex64_complex64
5936379672,260093,157897,1,1,1,32,32,1,30,0.000,0.000,,,,,NVIDIA A100-SXM4-40GB MIG 4g.20gb (0),1,,13,"void convert_kernel<__half2, float2>(tensor_layout_any, T1 *, tensor_layout_any, const T2 *)"
5936673364,9120,157900,,,,,,,,,,0.094,10273.673,Pinned,Device,NVIDIA A100-SXM4-40GB MIG 4g.20gb (0),1,,13,[CUDA memcpy Host-to-Device]
5936862706,49824,157901,,,,,,,,,,35.810,718705.094,Device,,NVIDIA A100-SXM4-40GB MIG 4g.20gb (0),1,,13,[CUDA memset]
5936920434,2623,157903,,,,,,,,,,0.000,30.499,Pinned,Device,NVIDIA A100-SXM4-40GB MIG 4g.20gb (0),1,,13,[CUDA memcpy Host-to-Device]
5936925809,10144,157904,,,,,,,,,,0.197,19381.617,Pinned,Device,NVIDIA A100-SXM4-40GB MIG 4g.20gb (0),1,,13,[CUDA memcpy Host-to-Device]
5937146671,15808,157905,273,1,1,48,1,1,40,0.000,0.001,,,,,NVIDIA A100-SXM4-40GB MIG 4g.20gb (0),1,,13,"void pusch_noise_intf_est::noiseIntfEstNoDftSOfdmKernel<float, __half, float, float, (unsigned int)2, (unsigned int)1, (unsigned char)4, (unsigned char)4>(pusch_noise_intf_est::puschRxNoiseIntfEstDynDescr)"
5937384684,5440,157916,35,1,1,128,1,1,16,0.000,0.000,,,,,NVIDIA A100-SXM4-40GB MIG 4g.20gb (0),1,,13,cupy_copy__complex64_complex64
5937607018,3488,157925,1,1,1,1,1,1,18,0.000,0.000,,,,,NVIDIA A100-SXM4-40GB MIG 4g.20gb (0),1,,13,cupy_copy__float32_float32
5937612586,1631,157931,,,,,,,,,,0.000,2.452,Device,Pageable,NVIDIA A100-SXM4-40GB MIG 4g.20gb (0),1,,7,[CUDA memcpy Device-to-Host]
5937709032,14656,157942,1434,1,1,128,1,1,16,0.000,0.000,,,,,NVIDIA A100-SXM4-40GB MIG 4g.20gb (0),1,,13,cupy_copy__complex64_complex64
5937770280,3840,157949,103,1,1,128,1,1,16,0.000,0.000,,,,,NVIDIA A100-SXM4-40GB MIG 4g.20gb (0),1,,13,cupy_copy__complex64_complex64
5937834183,3840,157956,35,1,1,128,1,1,16,0.000,0.000,,,,,NVIDIA A100-SXM4-40GB MIG 4g.20gb (0),1,,13,cupy_copy__complex64_complex64
5937892358,2112,157963,1,1,1,1,1,1,18,0.000,0.000,,,,,NVIDIA A100-SXM4-40GB MIG 4g.20gb (0),1,,13,cupy_copy__float32_float32
5937940262,98719,157974,1,1,1,32,32,1,30,0.000,0.000,,,,,NVIDIA A100-SXM4-40GB MIG 4g.20gb (0),1,,13,"void convert_kernel<__half2, float2>(tensor_layout_any, T1 *, tensor_layout_any, const T2 *)"
5938068420,5472,157977,,,,,,,,,,0.094,17122.757,Pinned,Device,NVIDIA A100-SXM4-40GB MIG 4g.20gb (0),1,,13,[CUDA memcpy Host-to-Device]
5938136131,4960,157978,,,,,,,,,,1.547,311817.958,Device,,NVIDIA A100-SXM4-40GB MIG 4g.20gb (0),1,,13,[CUDA memset]
5938146147,4192,157983,,,,,,,,,,0.031,7465.630,Pinned,Device,NVIDIA A100-SXM4-40GB MIG 4g.20gb (0),1,,13,[CUDA memcpy Host-to-Device]
5938155043,9664,157984,,,,,,,,,,0.197,20344.209,Pinned,Device,NVIDIA A100-SXM4-40GB MIG 4g.20gb (0),1,,13,[CUDA memcpy Host-to-Device]
5938262786,11744,157985,273,1,1,8,4,1,39,0.002,0.000,,,,,NVIDIA A100-SXM4-40GB MIG 4g.20gb (0),1,,13,"void channel_eq::eqMmseCoefCompLowMimoKernel<float, float, float, (unsigned int)4, (unsigned int)1, (unsigned int)4>(const channel_eq::_puschRxChEqStatDescr *, channel_eq::_puschRxChEqCoefCompDynDescr)"
5938533951,36703,157986,273,1,1,12,11,1,51,0.002,0.000,,,,,NVIDIA A100-SXM4-40GB MIG 4g.20gb (0),1,,13,"void channel_eq::eqMmseSoftDemapKernel<float, __half, __half, float, (unsigned int)4, (unsigned short)16383>(channel_eq::_puschRxChEqStatDescr *, channel_eq::_puschRxChEqSoftDemapDynDescr)"
5938823004,709463,157987,1,1,1,32,32,1,30,0.000,0.000,,,,,NVIDIA A100-SXM4-40GB MIG 4g.20gb (0),1,,13,"void convert_kernel<float2, __half2>(tensor_layout_any, T1 *, tensor_layout_any, const T2 *)"
5939738577,14848,157999,2253,1,1,128,1,1,16,0.000,0.000,,,,,NVIDIA A100-SXM4-40GB MIG 4g.20gb (0),1,,13,cupy_copy__float16_float16
5940015598,5440,158008,282,1,1,128,1,1,16,0.000,0.000,,,,,NVIDIA A100-SXM4-40GB MIG 4g.20gb (0),1,,13,cupy_copy__complex64_complex64
5940273835,3360,158017,26,1,1,128,1,1,16,0.000,0.000,,,,,NVIDIA A100-SXM4-40GB MIG 4g.20gb (0),1,,13,cupy_copy__float32_float32
5940519656,7520,158026,103,1,1,128,1,1,16,0.000,0.000,,,,,NVIDIA A100-SXM4-40GB MIG 4g.20gb (0),1,,13,cupy_copy__complex64_complex64
5940576583,14752,158036,1434,1,1,128,1,1,16,0.000,0.000,,,,,NVIDIA A100-SXM4-40GB MIG 4g.20gb (0),1,,13,cupy_copy__complex64_complex64
5940650310,99935,158041,1,1,1,32,32,1,30,0.000,0.000,,,,,NVIDIA A100-SXM4-40GB MIG 4g.20gb (0),1,,13,"void convert_kernel<__half2, float2>(tensor_layout_any, T1 *, tensor_layout_any, const T2 *)"
5940780165,5984,158044,,,,,,,,,,0.094,15657.726,Pinned,Device,NVIDIA A100-SXM4-40GB MIG 4g.20gb (0),1,,13,[CUDA memcpy Host-to-Device]
5940854084,631193,158045,,,,,,,,,,456.561,723193.321,Device,,NVIDIA A100-SXM4-40GB MIG 4g.20gb (0),1,,13,[CUDA memset]
5941490973,52639,158050,,,,,,,,,,1.235,23460.231,Pinned,Device,NVIDIA A100-SXM4-40GB MIG 4g.20gb (0),1,,13,[CUDA memcpy Host-to-Device]
5941546396,10400,158051,,,,,,,,,,0.197,18904.449,Pinned,Device,NVIDIA A100-SXM4-40GB MIG 4g.20gb (0),1,,13,[CUDA memcpy Host-to-Device]
5941674395,17663,158052,69,4,1,48,1,1,76,0.002,0.000,,,,,NVIDIA A100-SXM4-40GB MIG 4g.20gb (0),1,,13,"void ch_est::windowedChEstPreNoDftSOfdmKernel<float, __half, float, (unsigned int)2, (unsigned int)1, (unsigned short)4>(ch_est::puschRxChEstStatDescr_t *, ch_est::puschRxChEstDynDescr_t *)"
5941820601,16544,158053,137,2,1,24,2,1,44,0.001,0.001,,,,,NVIDIA A100-SXM4-40GB MIG 4g.20gb (0),1,,13,"void ch_est::chEstFilterNoDftSOfdmDispatchKernel<float, __half, float, (unsigned int)2>(ch_est::puschRxChEstStatDescr_t *, ch_est::puschRxChEstDynDescr_t *)"
5941981047,9376,158054,137,2,1,24,2,1,44,0.001,0.001,,,,,NVIDIA A100-SXM4-40GB MIG 4g.20gb (0),1,,13,"void ch_est::chEstFilterNoDftSOfdmDispatchKernel<float, __half, float, (unsigned int)2>(ch_est::puschRxChEstStatDescr_t *, ch_est::puschRxChEstDynDescr_t *)"
5942127477,4544,158065,103,1,1,128,1,1,16,0.000,0.000,,,,,NVIDIA A100-SXM4-40GB MIG 4g.20gb (0),1,,13,cupy_copy__complex64_complex64
5942244692,23040,158075,1434,1,1,128,1,1,16,0.000,0.000,,,,,NVIDIA A100-SXM4-40GB MIG 4g.20gb (0),1,,13,cupy_copy__complex64_complex64
5942329875,4416,158082,103,1,1,128,1,1,16,0.000,0.000,,,,,NVIDIA A100-SXM4-40GB MIG 4g.20gb (0),1,,13,cupy_copy__complex64_complex64
5942456370,341820,158089,1,1,1,32,32,1,30,0.000,0.000,,,,,NVIDIA A100-SXM4-40GB MIG 4g.20gb (0),1,,13,"void convert_kernel<__half2, float2>(tensor_layout_any, T1 *, tensor_layout_any, const T2 *)"
5942826541,5888,158092,,,,,,,,,,0.094,15912.954,Pinned,Device,NVIDIA A100-SXM4-40GB MIG 4g.20gb (0),1,,13,[CUDA memcpy Host-to-Device]
5943018251,49568,158093,,,,,,,,,,35.810,722429.326,Device,,NVIDIA A100-SXM4-40GB MIG 4g.20gb (0),1,,13,[CUDA memset]
5943070123,1856,158095,,,,,,,,,,0.000,43.103,Pinned,Device,NVIDIA A100-SXM4-40GB MIG 4g.20gb (0),1,,13,[CUDA memcpy Host-to-Device]
5943074890,9568,158096,,,,,,,,,,0.197,20548.485,Pinned,Device,NVIDIA A100-SXM4-40GB MIG 4g.20gb (0),1,,13,[CUDA memcpy Host-to-Device]
5943261448,13600,158097,273,1,1,48,1,1,40,0.000,0.001,,,,,NVIDIA A100-SXM4-40GB MIG 4g.20gb (0),1,,13,"void pusch_noise_intf_est::noiseIntfEstNoDftSOfdmKernel<float, __half, float, float, (unsigned int)2, (unsigned int)1, (unsigned char)4, (unsigned char)4>(pusch_noise_intf_est::puschRxNoiseIntfEstDynDescr)"
5943457606,6784,158108,35,1,1,128,1,1,16,0.000,0.000,,,,,NVIDIA A100-SXM4-40GB MIG 4g.20gb (0),1,,13,cupy_copy__complex64_complex64
5943603108,3520,158117,1,1,1,1,1,1,18,0.000,0.000,,,,,NVIDIA A100-SXM4-40GB MIG 4g.20gb (0),1,,13,cupy_copy__float32_float32
5943614180,1600,158123,,,,,,,,,,0.000,2.500,Device,Pageable,NVIDIA A100-SXM4-40GB MIG 4g.20gb (0),1,,7,[CUDA memcpy Device-to-Host]
5943927809,16831,158134,1434,1,1,128,1,1,16,0.000,0.000,,,,,NVIDIA A100-SXM4-40GB MIG 4g.20gb (0),1,,13,cupy_copy__complex64_complex64
5944239677,4000,158141,103,1,1,128,1,1,16,0.000,0.000,,,,,NVIDIA A100-SXM4-40GB MIG 4g.20gb (0),1,,13,cupy_copy__complex64_complex64
5944336188,5504,158148,35,1,1,128,1,1,16,0.000,0.000,,,,,NVIDIA A100-SXM4-40GB MIG 4g.20gb (0),1,,13,cupy_copy__complex64_complex64
5944603065,3104,158155,1,1,1,1,1,1,18,0.000,0.000,,,,,NVIDIA A100-SXM4-40GB MIG 4g.20gb (0),1,,13,cupy_copy__float32_float32
5944894261,273597,158166,1,1,1,32,32,1,30,0.000,0.000,,,,,NVIDIA A100-SXM4-40GB MIG 4g.20gb (0),1,,13,"void convert_kernel<__half2, float2>(tensor_layout_any, T1 *, tensor_layout_any, const T2 *)"
5945198194,5632,158169,,,,,,,,,,0.094,16636.287,Pinned,Device,NVIDIA A100-SXM4-40GB MIG 4g.20gb (0),1,,13,[CUDA memcpy Host-to-Device]
5945495503,6463,158170,,,,,,,,,,1.547,239302.945,Device,,NVIDIA A100-SXM4-40GB MIG 4g.20gb (0),1,,13,[CUDA memset]
5945506510,7968,158175,,,,,,,,,,0.031,3927.711,Pinned,Device,NVIDIA A100-SXM4-40GB MIG 4g.20gb (0),1,,13,[CUDA memcpy Host-to-Device]
5945517774,10016,158176,,,,,,,,,,0.197,19629.343,Pinned,Device,NVIDIA A100-SXM4-40GB MIG 4g.20gb (0),1,,13,[CUDA memcpy Host-to-Device]
5945818667,12160,158177,273,1,1,8,4,1,39,0.002,0.000,,,,,NVIDIA A100-SXM4-40GB MIG 4g.20gb (0),1,,13,"void channel_eq::eqMmseCoefCompLowMimoKernel<float, float, float, (unsigned int)4, (unsigned int)1, (unsigned int)4>(const channel_eq::_puschRxChEqStatDescr *, channel_eq::_puschRxChEqCoefCompDynDescr)"
5946196774,12832,158178,273,1,1,12,11,1,51,0.002,0.000,,,,,NVIDIA A100-SXM4-40GB MIG 4g.20gb (0),1,,13,"void channel_eq::eqMmseSoftDemapKernel<float, __half, __half, float, (unsigned int)4, (unsigned short)16383>(channel_eq::_puschRxChEqStatDescr *, channel_eq::_puschRxChEqSoftDemapDynDescr)"
5946637729,678041,158179,1,1,1,32,32,1,30,0.000,0.000,,,,,NVIDIA A100-SXM4-40GB MIG 4g.20gb (0),1,,13,"void convert_kernel<float2, __half2>(tensor_layout_any, T1 *, tensor_layout_any, const T2 *)"
5947484408,14911,158191,2253,1,1,128,1,1,16,0.000,0.000,,,,,NVIDIA A100-SXM4-40GB MIG 4g.20gb (0),1,,13,cupy_copy__float16_float16
5947678357,8256,158200,282,1,1,128,1,1,16,0.000,0.000,,,,,NVIDIA A100-SXM4-40GB MIG 4g.20gb (0),1,,13,cupy_copy__complex64_complex64
5947784020,3520,158209,26,1,1,128,1,1,16,0.000,0.000,,,,,NVIDIA A100-SXM4-40GB MIG 4g.20gb (0),1,,13,cupy_copy__float32_float32
5947956882,7296,158218,103,1,1,128,1,1,16,0.000,0.000,,,,,NVIDIA A100-SXM4-40GB MIG 4g.20gb (0),1,,13,cupy_copy__complex64_complex64
5948147280,15872,158228,1434,1,1,128,1,1,16,0.000,0.000,,,,,NVIDIA A100-SXM4-40GB MIG 4g.20gb (0),1,,13,cupy_copy__complex64_complex64
5948370349,236702,158233,1,1,1,32,32,1,30,0.000,0.000,,,,,NVIDIA A100-SXM4-40GB MIG 4g.20gb (0),1,,13,"void convert_kernel<__half2, float2>(tensor_layout_any, T1 *, tensor_layout_any, const T2 *)"
5948637546,5568,158236,,,,,,,,,,0.094,16827.521,Pinned,Device,NVIDIA A100-SXM4-40GB MIG 4g.20gb (0),1,,13,[CUDA memcpy Host-to-Device]
5948851240,612601,158237,,,,,,,,,,456.561,745108.270,Device,,NVIDIA A100-SXM4-40GB MIG 4g.20gb (0),1,,13,[CUDA memset]
5949464641,59743,158242,,,,,,,,,,1.235,20670.493,Pinned,Device,NVIDIA A100-SXM4-40GB MIG 4g.20gb (0),1,,13,[CUDA memcpy Host-to-Device]
5949527104,10016,158243,,,,,,,,,,0.197,19629.343,Pinned,Device,NVIDIA A100-SXM4-40GB MIG 4g.20gb (0),1,,13,[CUDA memcpy Host-to-Device]
5949618879,13376,158244,69,4,1,48,1,1,76,0.002,0.000,,,,,NVIDIA A100-SXM4-40GB MIG 4g.20gb (0),1,,13,"void ch_est::windowedChEstPreNoDftSOfdmKernel<float, __half, float, (unsigned int)2, (unsigned int)1, (unsigned short)4>(ch_est::puschRxChEstStatDescr_t *, ch_est::puschRxChEstDynDescr_t *)"
5949774717,12448,158245,137,2,1,24,2,1,44,0.001,0.001,,,,,NVIDIA A100-SXM4-40GB MIG 4g.20gb (0),1,,13,"void ch_est::chEstFilterNoDftSOfdmDispatchKernel<float, __half, float, (unsigned int)2>(ch_est::puschRxChEstStatDescr_t *, ch_est::puschRxChEstDynDescr_t *)"
5950084538,8767,158246,137,2,1,24,2,1,44,0.001,0.001,,,,,NVIDIA A100-SXM4-40GB MIG 4g.20gb (0),1,,13,"void ch_est::chEstFilterNoDftSOfdmDispatchKernel<float, __half, float, (unsigned int)2>(ch_est::puschRxChEstStatDescr_t *, ch_est::puschRxChEstDynDescr_t *)"
5950417942,5696,158257,103,1,1,128,1,1,16,0.000,0.000,,,,,NVIDIA A100-SXM4-40GB MIG 4g.20gb (0),1,,13,cupy_copy__complex64_complex64
5950494229,15424,158267,1434,1,1,128,1,1,16,0.000,0.000,,,,,NVIDIA A100-SXM4-40GB MIG 4g.20gb (0),1,,13,cupy_copy__complex64_complex64
5950784562,7199,158274,103,1,1,128,1,1,16,0.000,0.000,,,,,NVIDIA A100-SXM4-40GB MIG 4g.20gb (0),1,,13,cupy_copy__complex64_complex64
5950900976,285021,158281,1,1,1,32,32,1,30,0.000,0.000,,,,,NVIDIA A100-SXM4-40GB MIG 4g.20gb (0),1,,13,"void convert_kernel<__half2, float2>(tensor_layout_any, T1 *, tensor_layout_any, const T2 *)"
5951221132,7360,158284,,,,,,,,,,0.094,12730.382,Pinned,Device,NVIDIA A100-SXM4-40GB MIG 4g.20gb (0),1,,13,[CUDA memcpy Host-to-Device]
5951592904,52928,158285,,,,,,,,,,35.810,676556.819,Device,,NVIDIA A100-SXM4-40GB MIG 4g.20gb (0),1,,13,[CUDA memset]
5951654151,4160,158287,,,,,,,,,,0.000,19.231,Pinned,Device,NVIDIA A100-SXM4-40GB MIG 4g.20gb (0),1,,13,[CUDA memcpy Host-to-Device]
5951664135,14656,158288,,,,,,,,,,0.197,13414.760,Pinned,Device,NVIDIA A100-SXM4-40GB MIG 4g.20gb (0),1,,13,[CUDA memcpy Host-to-Device]
5952075971,17215,158289,273,1,1,48,1,1,40,0.000,0.001,,,,,NVIDIA A100-SXM4-40GB MIG 4g.20gb (0),1,,13,"void pusch_noise_intf_est::noiseIntfEstNoDftSOfdmKernel<float, __half, float, float, (unsigned int)2, (unsigned int)1, (unsigned char)4, (unsigned char)4>(pusch_noise_intf_est::puschRxNoiseIntfEstDynDescr)"
5952518813,5536,158300,35,1,1,128,1,1,16,0.000,0.000,,,,,NVIDIA A100-SXM4-40GB MIG 4g.20gb (0),1,,13,cupy_copy__complex64_complex64
5952934393,3360,158309,1,1,1,1,1,1,18,0.000,0.000,,,,,NVIDIA A100-SXM4-40GB MIG 4g.20gb (0),1,,13,cupy_copy__float32_float32
5952940377,1696,158315,,,,,,,,,,0.000,2.358,Device,Pageable,NVIDIA A100-SXM4-40GB MIG 4g.20gb (0),1,,7,[CUDA memcpy Device-to-Host]
5953430611,16480,158326,1434,1,1,128,1,1,16,0.000,0.000,,,,,NVIDIA A100-SXM4-40GB MIG 4g.20gb (0),1,,13,cupy_copy__complex64_complex64
5953880878,4064,158333,103,1,1,128,1,1,16,0.000,0.000,,,,,NVIDIA A100-SXM4-40GB MIG 4g.20gb (0),1,,13,cupy_copy__complex64_complex64
5954047276,5504,158340,35,1,1,128,1,1,16,0.000,0.000,,,,,NVIDIA A100-SXM4-40GB MIG 4g.20gb (0),1,,13,cupy_copy__complex64_complex64
5954230250,3360,158347,1,1,1,1,1,1,18,0.000,0.000,,,,,NVIDIA A100-SXM4-40GB MIG 4g.20gb (0),1,,13,cupy_copy__float32_float32
5954402728,246141,158358,1,1,1,32,32,1,30,0.000,0.000,,,,,NVIDIA A100-SXM4-40GB MIG 4g.20gb (0),1,,13,"void convert_kernel<__half2, float2>(tensor_layout_any, T1 *, tensor_layout_any, const T2 *)"
5954678341,5632,158361,,,,,,,,,,0.094,16636.287,Pinned,Device,NVIDIA A100-SXM4-40GB MIG 4g.20gb (0),1,,13,[CUDA memcpy Host-to-Device]
5954879042,5664,158362,,,,,,,,,,1.547,273061.107,Device,,NVIDIA A100-SXM4-40GB MIG 4g.20gb (0),1,,13,[CUDA memset]
5954889730,3136,158367,,,,,,,,,,0.031,9979.575,Pinned,Device,NVIDIA A100-SXM4-40GB MIG 4g.20gb (0),1,,13,[CUDA memcpy Host-to-Device]
5954895298,13248,158368,,,,,,,,,,0.197,14840.562,Pinned,Device,NVIDIA A100-SXM4-40GB MIG 4g.20gb (0),1,,13,[CUDA memcpy Host-to-Device]
5954989985,9600,158369,273,1,1,8,4,1,39,0.002,0.000,,,,,NVIDIA A100-SXM4-40GB MIG 4g.20gb (0),1,,13,"void channel_eq::eqMmseCoefCompLowMimoKernel<float, float, float, (unsigned int)4, (unsigned int)1, (unsigned int)4>(const channel_eq::_puschRxChEqStatDescr *, channel_eq::_puschRxChEqCoefCompDynDescr)"
5955068128,8416,158370,273,1,1,12,11,1,51,0.002,0.000,,,,,NVIDIA A100-SXM4-40GB MIG 4g.20gb (0),1,,13,"void channel_eq::eqMmseSoftDemapKernel<float, __half, __half, float, (unsigned int)4, (unsigned short)16383>(channel_eq::_puschRxChEqStatDescr *, channel_eq::_puschRxChEqSoftDemapDynDescr)"
5955164223,321980,158371,1,1,1,32,32,1,30,0.000,0.000,,,,,NVIDIA A100-SXM4-40GB MIG 4g.20gb (0),1,,13,"void convert_kernel<float2, __half2>(tensor_layout_any, T1 *, tensor_layout_any, const T2 *)"
5955548315,12447,158383,2253,1,1,128,1,1,16,0.000,0.000,,,,,NVIDIA A100-SXM4-40GB MIG 4g.20gb (0),1,,13,cupy_copy__float16_float16
5955631258,4320,158392,282,1,1,128,1,1,16,0.000,0.000,,,,,NVIDIA A100-SXM4-40GB MIG 4g.20gb (0),1,,13,cupy_copy__complex64_complex64
5955692665,3264,158401,26,1,1,128,1,1,16,0.000,0.000,,,,,NVIDIA A100-SXM4-40GB MIG 4g.20gb (0),1,,13,cupy_copy__float32_float32
5955767384,7968,158410,103,1,1,128,1,1,16,0.000,0.000,,,,,NVIDIA A100-SXM4-40GB MIG 4g.20gb (0),1,,13,cupy_copy__complex64_complex64
5955859959,14464,158420,1434,1,1,128,1,1,16,0.000,0.000,,,,,NVIDIA A100-SXM4-40GB MIG 4g.20gb (0),1,,13,cupy_copy__complex64_complex64
5955933974,99391,158425,1,1,1,32,32,1,30,0.000,0.000,,,,,NVIDIA A100-SXM4-40GB MIG 4g.20gb (0),1,,13,"void convert_kernel<__half2, float2>(tensor_layout_any, T1 *, tensor_layout_any, const T2 *)"
5956062741,9919,158428,,,,,,,,,,0.094,9446.056,Pinned,Device,NVIDIA A100-SXM4-40GB MIG 4g.20gb (0),1,,13,[CUDA memcpy Host-to-Device]
5956145588,611513,158429,,,,,,,,,,456.561,746477.954,Device,,NVIDIA A100-SXM4-40GB MIG 4g.20gb (0),1,,13,[CUDA memset]
5956763053,63263,158434,,,,,,,,,,1.235,19520.760,Pinned,Device,NVIDIA A100-SXM4-40GB MIG 4g.20gb (0),1,,13,[CUDA memcpy Host-to-Device]
5956828972,10240,158435,,,,,,,,,,0.197,19199.951,Pinned,Device,NVIDIA A100-SXM4-40GB MIG 4g.20gb (0),1,,13,[CUDA memcpy Host-to-Device]
5956979146,10848,158436,69,4,1,48,1,1,76,0.002,0.000,,,,,NVIDIA A100-SXM4-40GB MIG 4g.20gb (0),1,,13,"void ch_est::windowedChEstPreNoDftSOfdmKernel<float, __half, float, (unsigned int)2, (unsigned int)1, (unsigned short)4>(ch_est::puschRxChEstStatDescr_t *, ch_est::puschRxChEstDynDescr_t *)"
5957275335,8639,158437,137,2,1,24,2,1,44,0.001,0.001,,,,,NVIDIA A100-SXM4-40GB MIG 4g.20gb (0),1,,13,"void ch_est::chEstFilterNoDftSOfdmDispatchKernel<float, __half, float, (unsigned int)2>(ch_est::puschRxChEstStatDescr_t *, ch_est::puschRxChEstDynDescr_t *)"
5957594499,8512,158438,137,2,1,24,2,1,44,0.001,0.001,,,,,NVIDIA A100-SXM4-40GB MIG 4g.20gb (0),1,,13,"void ch_est::chEstFilterNoDftSOfdmDispatchKernel<float, __half, float, (unsigned int)2>(ch_est::puschRxChEstStatDescr_t *, ch_est::puschRxChEstDynDescr_t *)"
5957693090,5056,158449,103,1,1,128,1,1,16,0.000,0.000,,,,,NVIDIA A100-SXM4-40GB MIG 4g.20gb (0),1,,13,cupy_copy__complex64_complex64
5957963647,17823,158459,1434,1,1,128,1,1,16,0.000,0.000,,,,,NVIDIA A100-SXM4-40GB MIG 4g.20gb (0),1,,13,cupy_copy__complex64_complex64
5958264699,5056,158466,103,1,1,128,1,1,16,0.000,0.000,,,,,NVIDIA A100-SXM4-40GB MIG 4g.20gb (0),1,,13,cupy_copy__complex64_complex64
5958546360,251581,158473,1,1,1,32,32,1,30,0.000,0.000,,,,,NVIDIA A100-SXM4-40GB MIG 4g.20gb (0),1,,13,"void convert_kernel<__half2, float2>(tensor_layout_any, T1 *, tensor_layout_any, const T2 *)"
5958830357,10816,158476,,,,,,,,,,0.094,8662.664,Pinned,Device,NVIDIA A100-SXM4-40GB MIG 4g.20gb (0),1,,13,[CUDA memcpy Host-to-Device]
5959197520,48672,158477,,,,,,,,,,35.810,735714.806,Device,,NVIDIA A100-SXM4-40GB MIG 4g.20gb (0),1,,13,[CUDA memset]
5959253552,2080,158479,,,,,,,,,,0.000,38.462,Pinned,Device,NVIDIA A100-SXM4-40GB MIG 4g.20gb (0),1,,13,[CUDA memcpy Host-to-Device]
5959258128,9472,158480,,,,,,,,,,0.197,20756.693,Pinned,Device,NVIDIA A100-SXM4-40GB MIG 4g.20gb (0),1,,13,[CUDA memcpy Host-to-Device]
5959793258,14527,158481,273,1,1,48,1,1,40,0.000,0.001,,,,,NVIDIA A100-SXM4-40GB MIG 4g.20gb (0),1,,13,"void pusch_noise_intf_est::noiseIntfEstNoDftSOfdmKernel<float, __half, float, float, (unsigned int)2, (unsigned int)1, (unsigned char)4, (unsigned char)4>(pusch_noise_intf_est::puschRxNoiseIntfEstDynDescr)"
5960349283,4352,158492,35,1,1,128,1,1,16,0.000,0.000,,,,,NVIDIA A100-SXM4-40GB MIG 4g.20gb (0),1,,13,cupy_copy__complex64_complex64
5960896413,3488,158501,1,1,1,1,1,1,18,0.000,0.000,,,,,NVIDIA A100-SXM4-40GB MIG 4g.20gb (0),1,,13,cupy_copy__float32_float32
5960905245,5536,158507,,,,,,,,,,0.000,0.723,Device,Pageable,NVIDIA A100-SXM4-40GB MIG 4g.20gb (0),1,,7,[CUDA memcpy Device-to-Host]
5961295064,16352,158518,1434,1,1,128,1,1,16,0.000,0.000,,,,,NVIDIA A100-SXM4-40GB MIG 4g.20gb (0),1,,13,cupy_copy__complex64_complex64
5961640916,4096,158525,103,1,1,128,1,1,16,0.000,0.000,,,,,NVIDIA A100-SXM4-40GB MIG 4g.20gb (0),1,,13,cupy_copy__complex64_complex64
5961939185,7136,158532,35,1,1,128,1,1,16,0.000,0.000,,,,,NVIDIA A100-SXM4-40GB MIG 4g.20gb (0),1,,13,cupy_copy__complex64_complex64
5962029552,3008,158539,1,1,1,1,1,1,18,0.000,0.000,,,,,NVIDIA A100-SXM4-40GB MIG 4g.20gb (0),1,,13,cupy_copy__float32_float32
5962328716,263901,158550,1,1,1,32,32,1,30,0.000,0.000,,,,,NVIDIA A100-SXM4-40GB MIG 4g.20gb (0),1,,13,"void convert_kernel<__half2, float2>(tensor_layout_any, T1 *, tensor_layout_any, const T2 *)"
5962621705,12864,158553,,,,,,,,,,0.094,7283.552,Pinned,Device,NVIDIA A100-SXM4-40GB MIG 4g.20gb (0),1,,13,[CUDA memcpy Host-to-Device]
5962945989,4704,158554,,,,,,,,,,1.547,328789.063,Device,,NVIDIA A100-SXM4-40GB MIG 4g.20gb (0),1,,13,[CUDA memset]
5962951397,7040,158559,,,,,,,,,,0.031,4445.440,Pinned,Device,NVIDIA A100-SXM4-40GB MIG 4g.20gb (0),1,,13,[CUDA memcpy Host-to-Device]
5962964933,10432,158560,,,,,,,,,,0.197,18846.450,Pinned,Device,NVIDIA A100-SXM4-40GB MIG 4g.20gb (0),1,,13,[CUDA memcpy Host-to-Device]
5963281473,9600,158561,273,1,1,8,4,1,39,0.002,0.000,,,,,NVIDIA A100-SXM4-40GB MIG 4g.20gb (0),1,,13,"void channel_eq::eqMmseCoefCompLowMimoKernel<float, float, float, (unsigned int)4, (unsigned int)1, (unsigned int)4>(const channel_eq::_puschRxChEqStatDescr *, channel_eq::_puschRxChEqCoefCompDynDescr)"
5963386400,8352,158562,273,1,1,12,11,1,51,0.002,0.000,,,,,NVIDIA A100-SXM4-40GB MIG 4g.20gb (0),1,,13,"void channel_eq::eqMmseSoftDemapKernel<float, __half, __half, float, (unsigned int)4, (unsigned short)16383>(channel_eq::_puschRxChEqStatDescr *, channel_eq::_puschRxChEqSoftDemapDynDescr)"
5963483135,333308,158563,1,1,1,32,32,1,30,0.000,0.000,,,,,NVIDIA A100-SXM4-40GB MIG 4g.20gb (0),1,,13,"void convert_kernel<float2, __half2>(tensor_layout_any, T1 *, tensor_layout_any, const T2 *)"
5963899354,12896,158575,2253,1,1,128,1,1,16,0.000,0.000,,,,,NVIDIA A100-SXM4-40GB MIG 4g.20gb (0),1,,13,cupy_copy__float16_float16
5964051896,5152,158584,282,1,1,128,1,1,16,0.000,0.000,,,,,NVIDIA A100-SXM4-40GB MIG 4g.20gb (0),1,,13,cupy_copy__complex64_complex64
5964269462,3840,158593,26,1,1,128,1,1,16,0.000,0.000,,,,,NVIDIA A100-SXM4-40GB MIG 4g.20gb (0),1,,13,cupy_copy__float32_float32
5964469492,11135,158602,103,1,1,128,1,1,16,0.000,0.000,,,,,NVIDIA A100-SXM4-40GB MIG 4g.20gb (0),1,,13,cupy_copy__complex64_complex64
5964573618,17792,158612,1434,1,1,128,1,1,16,0.000,0.000,,,,,NVIDIA A100-SXM4-40GB MIG 4g.20gb (0),1,,13,cupy_copy__complex64_complex64
5964764368,237053,158617,1,1,1,32,32,1,30,0.000,0.000,,,,,NVIDIA A100-SXM4-40GB MIG 4g.20gb (0),1,,13,"void convert_kernel<__half2, float2>(tensor_layout_any, T1 *, tensor_layout_any, const T2 *)"
5965031277,5408,158620,,,,,,,,,,0.094,17325.421,Pinned,Device,NVIDIA A100-SXM4-40GB MIG 4g.20gb (0),1,,13,[CUDA memcpy Host-to-Device]
5965256234,615641,158621,,,,,,,,,,456.561,741455.779,Device,,NVIDIA A100-SXM4-40GB MIG 4g.20gb (0),1,,13,[CUDA memset]
5965879779,57792,158626,,,,,,,,,,1.235,21368.236,Pinned,Device,NVIDIA A100-SXM4-40GB MIG 4g.20gb (0),1,,13,[CUDA memcpy Host-to-Device]
5965940195,9951,158627,,,,,,,,,,0.197,19757.531,Pinned,Device,NVIDIA A100-SXM4-40GB MIG 4g.20gb (0),1,,13,[CUDA memcpy Host-to-Device]
5966149728,10592,158628,69,4,1,48,1,1,76,0.002,0.000,,,,,NVIDIA A100-SXM4-40GB MIG 4g.20gb (0),1,,13,"void ch_est::windowedChEstPreNoDftSOfdmKernel<float, __half, float, (unsigned int)2, (unsigned int)1, (unsigned short)4>(ch_est::puschRxChEstStatDescr_t *, ch_est::puschRxChEstDynDescr_t *)"
5966373758,8767,158629,137,2,1,24,2,1,44,0.001,0.001,,,,,NVIDIA A100-SXM4-40GB MIG 4g.20gb (0),1,,13,"void ch_est::chEstFilterNoDftSOfdmDispatchKernel<float, __half, float, (unsigned int)2>(ch_est::puschRxChEstStatDescr_t *, ch_est::puschRxChEstDynDescr_t *)"
5966664794,9120,158630,137,2,1,24,2,1,44,0.001,0.001,,,,,NVIDIA A100-SXM4-40GB MIG 4g.20gb (0),1,,13,"void ch_est::chEstFilterNoDftSOfdmDispatchKernel<float, __half, float, (unsigned int)2>(ch_est::puschRxChEstStatDescr_t *, ch_est::puschRxChEstDynDescr_t *)"
5967137077,3872,158641,103,1,1,128,1,1,16,0.000,0.000,,,,,NVIDIA A100-SXM4-40GB MIG 4g.20gb (0),1,,13,cupy_copy__complex64_complex64
5967559824,16448,158651,1434,1,1,128,1,1,16,0.000,0.000,,,,,NVIDIA A100-SXM4-40GB MIG 4g.20gb (0),1,,13,cupy_copy__complex64_complex64
5967827469,7680,158658,103,1,1,128,1,1,16,0.000,0.000,,,,,NVIDIA A100-SXM4-40GB MIG 4g.20gb (0),1,,13,cupy_copy__complex64_complex64
5967983307,263805,158665,1,1,1,32,32,1,30,0.000,0.000,,,,,NVIDIA A100-SXM4-40GB MIG 4g.20gb (0),1,,13,"void convert_kernel<__half2, float2>(tensor_layout_any, T1 *, tensor_layout_any, const T2 *)"
5968276680,9312,158668,,,,,,,,,,0.094,10061.826,Pinned,Device,NVIDIA A100-SXM4-40GB MIG 4g.20gb (0),1,,13,[CUDA memcpy Host-to-Device]
5968590756,48831,158669,,,,,,,,,,35.810,733315.542,Device,,NVIDIA A100-SXM4-40GB MIG 4g.20gb (0),1,,13,[CUDA memset]
5968641027,6816,158671,,,,,,,,,,0.000,11.737,Pinned,Device,NVIDIA A100-SXM4-40GB MIG 4g.20gb (0),1,,13,[CUDA memcpy Host-to-Device]
5968650307,10208,158672,,,,,,,,,,0.197,19260.113,Pinned,Device,NVIDIA A100-SXM4-40GB MIG 4g.20gb (0),1,,13,[CUDA memcpy Host-to-Device]
5968979456,13375,158673,273,1,1,48,1,1,40,0.000,0.001,,,,,NVIDIA A100-SXM4-40GB MIG 4g.20gb (0),1,,13,"void pusch_noise_intf_est::noiseIntfEstNoDftSOfdmKernel<float, __half, float, float, (unsigned int)2, (unsigned int)1, (unsigned char)4, (unsigned char)4>(pusch_noise_intf_est::puschRxNoiseIntfEstDynDescr)"
5969283324,5248,158684,35,1,1,128,1,1,16,0.000,0.000,,,,,NVIDIA A100-SXM4-40GB MIG 4g.20gb (0),1,,13,cupy_copy__complex64_complex64
5969609208,3392,158693,1,1,1,1,1,1,18,0.000,0.000,,,,,NVIDIA A100-SXM4-40GB MIG 4g.20gb (0),1,,13,cupy_copy__float32_float32
5969618392,1568,158699,,,,,,,,,,0.000,2.551,Device,Pageable,NVIDIA A100-SXM4-40GB MIG 4g.20gb (0),1,,7,[CUDA memcpy Device-to-Host]
5969975636,15072,158710,1434,1,1,128,1,1,16,0.000,0.000,,,,,NVIDIA A100-SXM4-40GB MIG 4g.20gb (0),1,,13,cupy_copy__complex64_complex64
5970319216,5536,158717,103,1,1,128,1,1,16,0.000,0.000,,,,,NVIDIA A100-SXM4-40GB MIG 4g.20gb (0),1,,13,cupy_copy__complex64_complex64
5970383247,4640,158724,35,1,1,128,1,1,16,0.000,0.000,,,,,NVIDIA A100-SXM4-40GB MIG 4g.20gb (0),1,,13,cupy_copy__complex64_complex64
5970460622,2656,158731,1,1,1,1,1,1,18,0.000,0.000,,,,,NVIDIA A100-SXM4-40GB MIG 4g.20gb (0),1,,13,cupy_copy__float32_float32
5970521134,204189,158742,1,1,1,32,32,1,30,0.000,0.000,,,,,NVIDIA A100-SXM4-40GB MIG 4g.20gb (0),1,,13,"void convert_kernel<__half2, float2>(tensor_layout_any, T1 *, tensor_layout_any, const T2 *)"
5970755979,5472,158745,,,,,,,,,,0.094,17122.757,Pinned,Device,NVIDIA A100-SXM4-40GB MIG 4g.20gb (0),1,,13,[CUDA memcpy Host-to-Device]
5970842442,4992,158746,,,,,,,,,,1.547,309819.720,Device,,NVIDIA A100-SXM4-40GB MIG 4g.20gb (0),1,,13,[CUDA memset]
5970855338,3296,158751,,,,,,,,,,0.031,9495.144,Pinned,Device,NVIDIA A100-SXM4-40GB MIG 4g.20gb (0),1,,13,[CUDA memcpy Host-to-Device]
5970861066,9536,158752,,,,,,,,,,0.197,20617.298,Pinned,Device,NVIDIA A100-SXM4-40GB MIG 4g.20gb (0),1,,13,[CUDA memcpy Host-to-Device]
5970934697,8448,158753,273,1,1,8,4,1,39,0.002,0.000,,,,,NVIDIA A100-SXM4-40GB MIG 4g.20gb (0),1,,13,"void channel_eq::eqMmseCoefCompLowMimoKernel<float, float, float, (unsigned int)4, (unsigned int)1, (unsigned int)4>(const channel_eq::_puschRxChEqStatDescr *, channel_eq::_puschRxChEqCoefCompDynDescr)"
5971027304,8736,158754,273,1,1,12,11,1,51,0.002,0.000,,,,,NVIDIA A100-SXM4-40GB MIG 4g.20gb (0),1,,13,"void channel_eq::eqMmseSoftDemapKernel<float, __half, __half, float, (unsigned int)4, (unsigned short)16383>(channel_eq::_puschRxChEqStatDescr *, channel_eq::_puschRxChEqSoftDemapDynDescr)"
5971107015,647736,158755,1,1,1,32,32,1,30,0.000,0.000,,,,,NVIDIA A100-SXM4-40GB MIG 4g.20gb (0),1,,13,"void convert_kernel<float2, __half2>(tensor_layout_any, T1 *, tensor_layout_any, const T2 *)"
5971918590,16063,158767,2253,1,1,128,1,1,16,0.000,0.000,,,,,NVIDIA A100-SXM4-40GB MIG 4g.20gb (0),1,,13,cupy_copy__float16_float16
5972136059,6944,158776,282,1,1,128,1,1,16,0.000,0.000,,,,,NVIDIA A100-SXM4-40GB MIG 4g.20gb (0),1,,13,cupy_copy__complex64_complex64
5972333049,3872,158785,26,1,1,128,1,1,16,0.000,0.000,,,,,NVIDIA A100-SXM4-40GB MIG 4g.20gb (0),1,,13,cupy_copy__float32_float32
5972514103,6560,158794,103,1,1,128,1,1,16,0.000,0.000,,,,,NVIDIA A100-SXM4-40GB MIG 4g.20gb (0),1,,13,cupy_copy__complex64_complex64
5972624309,16608,158804,1434,1,1,128,1,1,16,0.000,0.000,,,,,NVIDIA A100-SXM4-40GB MIG 4g.20gb (0),1,,13,cupy_copy__complex64_complex64
5972832019,287389,158809,1,1,1,32,32,1,30,0.000,0.000,,,,,NVIDIA A100-SXM4-40GB MIG 4g.20gb (0),1,,13,"void convert_kernel<__half2, float2>(tensor_layout_any, T1 *, tensor_layout_any, const T2 *)"
5973150351,6496,158812,,,,,,,,,,0.094,14423.562,Pinned,Device,NVIDIA A100-SXM4-40GB MIG 4g.20gb (0),1,,13,[CUDA memcpy Host-to-Device]
5974078949,602969,158813,,,,,,,,,,456.561,756978.868,Device,,NVIDIA A100-SXM4-40GB MIG 4g.20gb (0),1,,13,[CUDA memset]
5974683550,63871,158818,,,,,,,,,,1.235,19334.283,Pinned,Device,NVIDIA A100-SXM4-40GB MIG 4g.20gb (0),1,,13,[CUDA memcpy Host-to-Device]
5974749821,12896,158819,,,,,,,,,,0.197,15245.574,Pinned,Device,NVIDIA A100-SXM4-40GB MIG 4g.20gb (0),1,,13,[CUDA memcpy Host-to-Device]
5975648275,11103,158820,69,4,1,48,1,1,76,0.002,0.000,,,,,NVIDIA A100-SXM4-40GB MIG 4g.20gb (0),1,,13,"void ch_est::windowedChEstPreNoDftSOfdmKernel<float, __half, float, (unsigned int)2, (unsigned int)1, (unsigned short)4>(ch_est::puschRxChEstStatDescr_t *, ch_est::puschRxChEstDynDescr_t *)"
5975740050,7583,158821,137,2,1,24,2,1,44,0.001,0.001,,,,,NVIDIA A100-SXM4-40GB MIG 4g.20gb (0),1,,13,"void ch_est::chEstFilterNoDftSOfdmDispatchKernel<float, __half, float, (unsigned int)2>(ch_est::puschRxChEstStatDescr_t *, ch_est::puschRxChEstDynDescr_t *)"
5975834320,6816,158822,137,2,1,24,2,1,44,0.001,0.001,,,,,NVIDIA A100-SXM4-40GB MIG 4g.20gb (0),1,,13,"void ch_est::chEstFilterNoDftSOfdmDispatchKernel<float, __half, float, (unsigned int)2>(ch_est::puschRxChEstStatDescr_t *, ch_est::puschRxChEstDynDescr_t *)"
5975928303,4288,158833,103,1,1,128,1,1,16,0.000,0.000,,,,,NVIDIA A100-SXM4-40GB MIG 4g.20gb (0),1,,13,cupy_copy__complex64_complex64
5975988783,15263,158843,1434,1,1,128,1,1,16,0.000,0.000,,,,,NVIDIA A100-SXM4-40GB MIG 4g.20gb (0),1,,13,cupy_copy__complex64_complex64
5976070638,4224,158850,103,1,1,128,1,1,16,0.000,0.000,,,,,NVIDIA A100-SXM4-40GB MIG 4g.20gb (0),1,,13,cupy_copy__complex64_complex64
5976134157,100639,158857,1,1,1,32,32,1,30,0.000,0.000,,,,,NVIDIA A100-SXM4-40GB MIG 4g.20gb (0),1,,13,"void convert_kernel<__half2, float2>(tensor_layout_any, T1 *, tensor_layout_any, const T2 *)"
5976268651,6016,158860,,,,,,,,,,0.094,15574.430,Pinned,Device,NVIDIA A100-SXM4-40GB MIG 4g.20gb (0),1,,13,[CUDA memcpy Host-to-Device]
5976346411,47455,158861,,,,,,,,,,35.810,754586.634,Device,,NVIDIA A100-SXM4-40GB MIG 4g.20gb (0),1,,13,[CUDA memset]
5976400938,2592,158863,,,,,,,,,,0.000,30.864,Pinned,Device,NVIDIA A100-SXM4-40GB MIG 4g.20gb (0),1,,13,[CUDA memcpy Host-to-Device]
5976405962,9632,158864,,,,,,,,,,0.197,20411.843,Pinned,Device,NVIDIA A100-SXM4-40GB MIG 4g.20gb (0),1,,13,[CUDA memcpy Host-to-Device]
5976488713,11008,158865,273,1,1,48,1,1,40,0.000,0.001,,,,,NVIDIA A100-SXM4-40GB MIG 4g.20gb (0),1,,13,"void pusch_noise_intf_est::noiseIntfEstNoDftSOfdmKernel<float, __half, float, float, (unsigned int)2, (unsigned int)1, (unsigned char)4, (unsigned char)4>(pusch_noise_intf_est::puschRxNoiseIntfEstDynDescr)"
5976582952,4768,158876,35,1,1,128,1,1,16,0.000,0.000,,,,,NVIDIA A100-SXM4-40GB MIG 4g.20gb (0),1,,13,cupy_copy__complex64_complex64
5976644839,2368,158885,1,1,1,1,1,1,18,0.000,0.000,,,,,NVIDIA A100-SXM4-40GB MIG 4g.20gb (0),1,,13,cupy_copy__float32_float32
5976653159,1600,158891,,,,,,,,,,0.000,2.500,Device,Pageable,NVIDIA A100-SXM4-40GB MIG 4g.20gb (0),1,,7,[CUDA memcpy Device-to-Host]
5976782309,15232,158902,1434,1,1,128,1,1,16,0.000,0.000,,,,,NVIDIA A100-SXM4-40GB MIG 4g.20gb (0),1,,13,cupy_copy__complex64_complex64
5976863877,3967,158909,103,1,1,128,1,1,16,0.000,0.000,,,,,NVIDIA A100-SXM4-40GB MIG 4g.20gb (0),1,,13,cupy_copy__complex64_complex64
5976926308,4192,158916,35,1,1,128,1,1,16,0.000,0.000,,,,,NVIDIA A100-SXM4-40GB MIG 4g.20gb (0),1,,13,cupy_copy__complex64_complex64
5977003523,2336,158923,1,1,1,1,1,1,18,0.000,0.000,,,,,NVIDIA A100-SXM4-40GB MIG 4g.20gb (0),1,,13,cupy_copy__float32_float32
5977064674,99263,158934,1,1,1,32,32,1,30,0.000,0.000,,,,,NVIDIA A100-SXM4-40GB MIG 4g.20gb (0),1,,13,"void convert_kernel<__half2, float2>(tensor_layout_any, T1 *, tensor_layout_any, const T2 *)"
5977193313,6016,158937,,,,,,,,,,0.094,15574.430,Pinned,Device,NVIDIA A100-SXM4-40GB MIG 4g.20gb (0),1,,13,[CUDA memcpy Host-to-Device]
5977278304,5056,158938,,,,,,,,,,1.547,305897.481,Device,,NVIDIA A100-SXM4-40GB MIG 4g.20gb (0),1,,13,[CUDA memset]
5977287936,3104,158943,,,,,,,,,,0.031,10082.445,Pinned,Device,NVIDIA A100-SXM4-40GB MIG 4g.20gb (0),1,,13,[CUDA memcpy Host-to-Device]
5977293856,9983,158944,,,,,,,,,,0.197,19694.223,Pinned,Device,NVIDIA A100-SXM4-40GB MIG 4g.20gb (0),1,,13,[CUDA memcpy Host-to-Device]
5977371775,10144,158945,273,1,1,8,4,1,39,0.002,0.000,,,,,NVIDIA A100-SXM4-40GB MIG 4g.20gb (0),1,,13,"void channel_eq::eqMmseCoefCompLowMimoKernel<float, float, float, (unsigned int)4, (unsigned int)1, (unsigned int)4>(const channel_eq::_puschRxChEqStatDescr *, channel_eq::_puschRxChEqCoefCompDynDescr)"
5977526269,10528,158946,273,1,1,12,11,1,51,0.002,0.000,,,,,NVIDIA A100-SXM4-40GB MIG 4g.20gb (0),1,,13,"void channel_eq::eqMmseSoftDemapKernel<float, __half, __half, float, (unsigned int)4, (unsigned short)16383>(channel_eq::_puschRxChEqStatDescr *, channel_eq::_puschRxChEqSoftDemapDynDescr)"
5977750810,677464,158947,1,1,1,32,32,1,30,0.000,0.000,,,,,NVIDIA A100-SXM4-40GB MIG 4g.20gb (0),1,,13,"void convert_kernel<float2, __half2>(tensor_layout_any, T1 *, tensor_layout_any, const T2 *)"
5978820142,13280,158959,2253,1,1,128,1,1,16,0.000,0.000,,,,,NVIDIA A100-SXM4-40GB MIG 4g.20gb (0),1,,13,cupy_copy__float16_float16
5979269673,4736,158968,282,1,1,128,1,1,16,0.000,0.000,,,,,NVIDIA A100-SXM4-40GB MIG 4g.20gb (0),1,,13,cupy_copy__complex64_complex64
5979463335,5215,158977,26,1,1,128,1,1,16,0.000,0.000,,,,,NVIDIA A100-SXM4-40GB MIG 4g.20gb (0),1,,13,cupy_copy__float32_float32
5979902561,6016,158986,103,1,1,128,1,1,16,0.000,0.000,,,,,NVIDIA A100-SXM4-40GB MIG 4g.20gb (0),1,,13,cupy_copy__complex64_complex64
5980359804,16128,158996,1434,1,1,128,1,1,16,0.000,0.000,,,,,NVIDIA A100-SXM4-40GB MIG 4g.20gb (0),1,,13,cupy_copy__complex64_complex64
5980800951,272125,159001,1,1,1,32,32,1,30,0.000,0.000,,,,,NVIDIA A100-SXM4-40GB MIG 4g.20gb (0),1,,13,"void convert_kernel<__half2, float2>(tensor_layout_any, T1 *, tensor_layout_any, const T2 *)"
5981107636,7199,159004,,,,,,,,,,0.094,13015.124,Pinned,Device,NVIDIA A100-SXM4-40GB MIG 4g.20gb (0),1,,13,[CUDA memcpy Host-to-Device]
5981347729,598489,159005,,,,,,,,,,456.561,762457.605,Device,,NVIDIA A100-SXM4-40GB MIG 4g.20gb (0),1,,13,[CUDA memset]
5981948170,66687,159010,,,,,,,,,,1.235,18517.985,Pinned,Device,NVIDIA A100-SXM4-40GB MIG 4g.20gb (0),1,,13,[CUDA memcpy Host-to-Device]
5982022121,17760,159011,,,,,,,,,,0.197,11070.210,Pinned,Device,NVIDIA A100-SXM4-40GB MIG 4g.20gb (0),1,,13,[CUDA memcpy Host-to-Device]
5982270470,12288,159012,69,4,1,48,1,1,76,0.002,0.000,,,,,NVIDIA A100-SXM4-40GB MIG 4g.20gb (0),1,,13,"void ch_est::windowedChEstPreNoDftSOfdmKernel<float, __half, float, (unsigned int)2, (unsigned int)1, (unsigned short)4>(ch_est::puschRxChEstStatDescr_t *, ch_est::puschRxChEstDynDescr_t *)"
5982602658,11648,159013,137,2,1,24,2,1,44,0.001,0.001,,,,,NVIDIA A100-SXM4-40GB MIG 4g.20gb (0),1,,13,"void ch_est::chEstFilterNoDftSOfdmDispatchKernel<float, __half, float, (unsigned int)2>(ch_est::puschRxChEstStatDescr_t *, ch_est::puschRxChEstDynDescr_t *)"
5982934302,11040,159014,137,2,1,24,2,1,44,0.001,0.001,,,,,NVIDIA A100-SXM4-40GB MIG 4g.20gb (0),1,,13,"void ch_est::chEstFilterNoDftSOfdmDispatchKernel<float, __half, float, (unsigned int)2>(ch_est::puschRxChEstStatDescr_t *, ch_est::puschRxChEstDynDescr_t *)"
5983258939,3968,159025,103,1,1,128,1,1,16,0.000,0.000,,,,,NVIDIA A100-SXM4-40GB MIG 4g.20gb (0),1,,13,cupy_copy__complex64_complex64
5983319450,16672,159035,1434,1,1,128,1,1,16,0.000,0.000,,,,,NVIDIA A100-SXM4-40GB MIG 4g.20gb (0),1,,13,cupy_copy__complex64_complex64
5983402329,3616,159042,103,1,1,128,1,1,16,0.000,0.000,,,,,NVIDIA A100-SXM4-40GB MIG 4g.20gb (0),1,,13,cupy_copy__complex64_complex64
5983466264,96703,159049,1,1,1,32,32,1,30,0.000,0.000,,,,,NVIDIA A100-SXM4-40GB MIG 4g.20gb (0),1,,13,"void convert_kernel<__half2, float2>(tensor_layout_any, T1 *, tensor_layout_any, const T2 *)"
5983591479,9312,159052,,,,,,,,,,0.094,10061.826,Pinned,Device,NVIDIA A100-SXM4-40GB MIG 4g.20gb (0),1,,13,[CUDA memcpy Host-to-Device]
5983677974,47231,159053,,,,,,,,,,35.810,758167.626,Device,,NVIDIA A100-SXM4-40GB MIG 4g.20gb (0),1,,13,[CUDA memset]
5983734037,5536,159055,,,,,,,,,,0.000,14.451,Pinned,Device,NVIDIA A100-SXM4-40GB MIG 4g.20gb (0),1,,13,[CUDA memcpy Host-to-Device]
5983742005,9536,159056,,,,,,,,,,0.197,20617.298,Pinned,Device,NVIDIA A100-SXM4-40GB MIG 4g.20gb (0),1,,13,[CUDA memcpy Host-to-Device]
5983835892,16224,159057,273,1,1,48,1,1,40,0.000,0.001,,,,,NVIDIA A100-SXM4-40GB MIG 4g.20gb (0),1,,13,"void pusch_noise_intf_est::noiseIntfEstNoDftSOfdmKernel<float, __half, float, float, (unsigned int)2, (unsigned int)1, (unsigned char)4, (unsigned char)4>(pusch_noise_intf_est::puschRxNoiseIntfEstDynDescr)"
5983930739,4384,159068,35,1,1,128,1,1,16,0.000,0.000,,,,,NVIDIA A100-SXM4-40GB MIG 4g.20gb (0),1,,13,cupy_copy__complex64_complex64
5984007346,2304,159077,1,1,1,1,1,1,18,0.000,0.000,,,,,NVIDIA A100-SXM4-40GB MIG 4g.20gb (0),1,,13,cupy_copy__float32_float32
5984014610,2976,159083,,,,,,,,,,0.000,1.344,Device,Pageable,NVIDIA A100-SXM4-40GB MIG 4g.20gb (0),1,,7,[CUDA memcpy Device-to-Host]
5984160912,13888,159094,1434,1,1,128,1,1,16,0.000,0.000,,,,,NVIDIA A100-SXM4-40GB MIG 4g.20gb (0),1,,13,cupy_copy__complex64_complex64
5984245679,4800,159101,103,1,1,128,1,1,16,0.000,0.000,,,,,NVIDIA A100-SXM4-40GB MIG 4g.20gb (0),1,,13,cupy_copy__complex64_complex64
5984306639,4800,159108,35,1,1,128,1,1,16,0.000,0.000,,,,,NVIDIA A100-SXM4-40GB MIG 4g.20gb (0),1,,13,cupy_copy__complex64_complex64
5984381902,2240,159115,1,1,1,1,1,1,18,0.000,0.000,,,,,NVIDIA A100-SXM4-40GB MIG 4g.20gb (0),1,,13,cupy_copy__float32_float32
5984445581,93823,159126,1,1,1,32,32,1,30,0.000,0.000,,,,,NVIDIA A100-SXM4-40GB MIG 4g.20gb (0),1,,13,"void convert_kernel<__half2, float2>(tensor_layout_any, T1 *, tensor_layout_any, const T2 *)"
5984567660,9472,159129,,,,,,,,,,0.094,9891.862,Pinned,Device,NVIDIA A100-SXM4-40GB MIG 4g.20gb (0),1,,13,[CUDA memcpy Host-to-Device]
5984717034,5472,159130,,,,,,,,,,1.547,282642.443,Device,,NVIDIA A100-SXM4-40GB MIG 4g.20gb (0),1,,13,[CUDA memset]
5984723498,3680,159135,,,,,,,,,,0.031,8504.344,Pinned,Device,NVIDIA A100-SXM4-40GB MIG 4g.20gb (0),1,,13,[CUDA memcpy Host-to-Device]
5984733674,10240,159136,,,,,,,,,,0.197,19199.951,Pinned,Device,NVIDIA A100-SXM4-40GB MIG 4g.20gb (0),1,,13,[CUDA memcpy Host-to-Device]
5984933607,11232,159137,273,1,1,8,4,1,39,0.002,0.000,,,,,NVIDIA A100-SXM4-40GB MIG 4g.20gb (0),1,,13,"void channel_eq::eqMmseCoefCompLowMimoKernel<float, float, float, (unsigned int)4, (unsigned int)1, (unsigned int)4>(const channel_eq::_puschRxChEqStatDescr *, channel_eq::_puschRxChEqCoefCompDynDescr)"
5985162085,9824,159138,273,1,1,12,11,1,51,0.002,0.000,,,,,NVIDIA A100-SXM4-40GB MIG 4g.20gb (0),1,,13,"void channel_eq::eqMmseSoftDemapKernel<float, __half, __half, float, (unsigned int)4, (unsigned short)16383>(channel_eq::_puschRxChEqStatDescr *, channel_eq::_puschRxChEqSoftDemapDynDescr)"
5985373602,655801,159139,1,1,1,32,32,1,30,0.000,0.000,,,,,NVIDIA A100-SXM4-40GB MIG 4g.20gb (0),1,,13,"void convert_kernel<float2, __half2>(tensor_layout_any, T1 *, tensor_layout_any, const T2 *)"
5986581940,13536,159151,2253,1,1,128,1,1,16,0.000,0.000,,,,,NVIDIA A100-SXM4-40GB MIG 4g.20gb (0),1,,13,cupy_copy__float16_float16
5987194221,5152,159160,282,1,1,128,1,1,16,0.000,0.000,,,,,NVIDIA A100-SXM4-40GB MIG 4g.20gb (0),1,,13,cupy_copy__complex64_complex64
5987794854,3488,159169,26,1,1,128,1,1,16,0.000,0.000,,,,,NVIDIA A100-SXM4-40GB MIG 4g.20gb (0),1,,13,cupy_copy__float32_float32
5988375616,7008,159178,103,1,1,128,1,1,16,0.000,0.000,,,,,NVIDIA A100-SXM4-40GB MIG 4g.20gb (0),1,,13,cupy_copy__complex64_complex64
5988974393,16160,159188,1434,1,1,128,1,1,16,0.000,0.000,,,,,NVIDIA A100-SXM4-40GB MIG 4g.20gb (0),1,,13,cupy_copy__complex64_complex64
5989483283,273757,159193,1,1,1,32,32,1,30,0.000,0.000,,,,,NVIDIA A100-SXM4-40GB MIG 4g.20gb (0),1,,13,"void convert_kernel<__half2, float2>(tensor_layout_any, T1 *, tensor_layout_any, const T2 *)"
5989790511,5824,159196,,,,,,,,,,0.094,16087.884,Pinned,Device,NVIDIA A100-SXM4-40GB MIG 4g.20gb (0),1,,13,[CUDA memcpy Host-to-Device]
5990049772,598265,159197,,,,,,,,,,456.561,762914.166,Device,,NVIDIA A100-SXM4-40GB MIG 4g.20gb (0),1,,13,[CUDA memset]
5990654149,56576,159202,,,,,,,,,,1.235,21827.635,Pinned,Device,NVIDIA A100-SXM4-40GB MIG 4g.20gb (0),1,,13,[CUDA memcpy Host-to-Device]
5990713605,12768,159203,,,,,,,,,,0.197,15398.339,Pinned,Device,NVIDIA A100-SXM4-40GB MIG 4g.20gb (0),1,,13,[CUDA memcpy Host-to-Device]
5991149664,11776,159204,69,4,1,48,1,1,76,0.002,0.000,,,,,NVIDIA A100-SXM4-40GB MIG 4g.20gb (0),1,,13,"void ch_est::windowedChEstPreNoDftSOfdmKernel<float, __half, float, (unsigned int)2, (unsigned int)1, (unsigned short)4>(ch_est::puschRxChEstStatDescr_t *, ch_est::puschRxChEstDynDescr_t *)"
5991623994,8672,159205,137,2,1,24,2,1,44,0.001,0.001,,,,,NVIDIA A100-SXM4-40GB MIG 4g.20gb (0),1,,13,"void ch_est::chEstFilterNoDftSOfdmDispatchKernel<float, __half, float, (unsigned int)2>(ch_est::puschRxChEstStatDescr_t *, ch_est::puschRxChEstDynDescr_t *)"
5992120692,9024,159206,137,2,1,24,2,1,44,0.001,0.001,,,,,NVIDIA A100-SXM4-40GB MIG 4g.20gb (0),1,,13,"void ch_est::chEstFilterNoDftSOfdmDispatchKernel<float, __half, float, (unsigned int)2>(ch_est::puschRxChEstStatDescr_t *, ch_est::puschRxChEstDynDescr_t *)"
5992219891,5056,159217,103,1,1,128,1,1,16,0.000,0.000,,,,,NVIDIA A100-SXM4-40GB MIG 4g.20gb (0),1,,13,cupy_copy__complex64_complex64
5992280979,15231,159227,1434,1,1,128,1,1,16,0.000,0.000,,,,,NVIDIA A100-SXM4-40GB MIG 4g.20gb (0),1,,13,cupy_copy__complex64_complex64
5992343826,4640,159234,103,1,1,128,1,1,16,0.000,0.000,,,,,NVIDIA A100-SXM4-40GB MIG 4g.20gb (0),1,,13,cupy_copy__complex64_complex64
5992361458,99423,159241,1,1,1,32,32,1,30,0.000,0.000,,,,,NVIDIA A100-SXM4-40GB MIG 4g.20gb (0),1,,13,"void convert_kernel<__half2, float2>(tensor_layout_any, T1 *, tensor_layout_any, const T2 *)"
5992490096,5376,159244,,,,,,,,,,0.094,17428.487,Pinned,Device,NVIDIA A100-SXM4-40GB MIG 4g.20gb (0),1,,13,[CUDA memcpy Host-to-Device]
5992524304,49055,159245,,,,,,,,,,35.810,729985.219,Device,,NVIDIA A100-SXM4-40GB MIG 4g.20gb (0),1,,13,[CUDA memset]
5992576655,1792,159247,,,,,,,,,,0.000,44.643,Pinned,Device,NVIDIA A100-SXM4-40GB MIG 4g.20gb (0),1,,13,[CUDA memcpy Host-to-Device]
5992580879,9536,159248,,,,,,,,,,0.197,20617.298,Pinned,Device,NVIDIA A100-SXM4-40GB MIG 4g.20gb (0),1,,13,[CUDA memcpy Host-to-Device]
5992673358,13984,159249,273,1,1,48,1,1,40,0.000,0.001,,,,,NVIDIA A100-SXM4-40GB MIG 4g.20gb (0),1,,13,"void pusch_noise_intf_est::noiseIntfEstNoDftSOfdmKernel<float, __half, float, float, (unsigned int)2, (unsigned int)1, (unsigned char)4, (unsigned char)4>(pusch_noise_intf_est::puschRxNoiseIntfEstDynDescr)"
5992848140,4448,159260,35,1,1,128,1,1,16,0.000,0.000,,,,,NVIDIA A100-SXM4-40GB MIG 4g.20gb (0),1,,13,cupy_copy__complex64_complex64
5992904331,3040,159269,1,1,1,1,1,1,18,0.000,0.000,,,,,NVIDIA A100-SXM4-40GB MIG 4g.20gb (0),1,,13,cupy_copy__float32_float32
5992908651,2624,159275,,,,,,,,,,0.000,1.524,Device,Pageable,NVIDIA A100-SXM4-40GB MIG 4g.20gb (0),1,,7,[CUDA memcpy Device-to-Host]
5993077897,14880,159286,1434,1,1,128,1,1,16,0.000,0.000,,,,,NVIDIA A100-SXM4-40GB MIG 4g.20gb (0),1,,13,cupy_copy__complex64_complex64
5993140393,4128,159293,103,1,1,128,1,1,16,0.000,0.000,,,,,NVIDIA A100-SXM4-40GB MIG 4g.20gb (0),1,,13,cupy_copy__complex64_complex64
5993290343,5568,159300,35,1,1,128,1,1,16,0.000,0.000,,,,,NVIDIA A100-SXM4-40GB MIG 4g.20gb (0),1,,13,cupy_copy__complex64_complex64
5993439109,3456,159307,1,1,1,1,1,1,18,0.000,0.000,,,,,NVIDIA A100-SXM4-40GB MIG 4g.20gb (0),1,,13,cupy_copy__float32_float32
5993495877,300828,159318,1,1,1,32,32,1,30,0.000,0.000,,,,,NVIDIA A100-SXM4-40GB MIG 4g.20gb (0),1,,13,"void convert_kernel<__half2, float2>(tensor_layout_any, T1 *, tensor_layout_any, const T2 *)"
5993826369,9312,159321,,,,,,,,,,0.094,10061.826,Pinned,Device,NVIDIA A100-SXM4-40GB MIG 4g.20gb (0),1,,13,[CUDA memcpy Host-to-Device]
5993993151,4992,159322,,,,,,,,,,1.547,309819.720,Device,,NVIDIA A100-SXM4-40GB MIG 4g.20gb (0),1,,13,[CUDA memset]
5994002815,7200,159327,,,,,,,,,,0.031,4346.639,Pinned,Device,NVIDIA A100-SXM4-40GB MIG 4g.20gb (0),1,,13,[CUDA memcpy Host-to-Device]
5994013055,13759,159328,,,,,,,,,,0.197,14289.273,Pinned,Device,NVIDIA A100-SXM4-40GB MIG 4g.20gb (0),1,,13,[CUDA memcpy Host-to-Device]
5994262684,8896,159329,273,1,1,8,4,1,39,0.002,0.000,,,,,NVIDIA A100-SXM4-40GB MIG 4g.20gb (0),1,,13,"void channel_eq::eqMmseCoefCompLowMimoKernel<float, float, float, (unsigned int)4, (unsigned int)1, (unsigned int)4>(const channel_eq::_puschRxChEqStatDescr *, channel_eq::_puschRxChEqCoefCompDynDescr)"
5994713463,12415,159330,273,1,1,12,11,1,51,0.002,0.000,,,,,NVIDIA A100-SXM4-40GB MIG 4g.20gb (0),1,,13,"void channel_eq::eqMmseSoftDemapKernel<float, __half, __half, float, (unsigned int)4, (unsigned short)16383>(channel_eq::_puschRxChEqStatDescr *, channel_eq::_puschRxChEqSoftDemapDynDescr)"
5995205681,718040,159331,1,1,1,32,32,1,30,0.000,0.000,,,,,NVIDIA A100-SXM4-40GB MIG 4g.20gb (0),1,,13,"void convert_kernel<float2, __half2>(tensor_layout_any, T1 *, tensor_layout_any, const T2 *)"
5996026855,13472,159343,2253,1,1,128,1,1,16,0.000,0.000,,,,,NVIDIA A100-SXM4-40GB MIG 4g.20gb (0),1,,13,cupy_copy__float16_float16
5996374467,5440,159352,282,1,1,128,1,1,16,0.000,0.000,,,,,NVIDIA A100-SXM4-40GB MIG 4g.20gb (0),1,,13,cupy_copy__complex64_complex64
5996694240,3584,159361,26,1,1,128,1,1,16,0.000,0.000,,,,,NVIDIA A100-SXM4-40GB MIG 4g.20gb (0),1,,13,cupy_copy__float32_float32
5996999644,9472,159370,103,1,1,128,1,1,16,0.000,0.000,,,,,NVIDIA A100-SXM4-40GB MIG 4g.20gb (0),1,,13,cupy_copy__complex64_complex64
5997335800,16192,159380,1434,1,1,128,1,1,16,0.000,0.000,,,,,NVIDIA A100-SXM4-40GB MIG 4g.20gb (0),1,,13,cupy_copy__complex64_complex64
5997736756,298716,159385,1,1,1,32,32,1,30,0.000,0.000,,,,,NVIDIA A100-SXM4-40GB MIG 4g.20gb (0),1,,13,"void convert_kernel<__half2, float2>(tensor_layout_any, T1 *, tensor_layout_any, const T2 *)"
5998065936,9664,159388,,,,,,,,,,0.094,9695.287,Pinned,Device,NVIDIA A100-SXM4-40GB MIG 4g.20gb (0),1,,13,[CUDA memcpy Host-to-Device]
5998352717,619256,159389,,,,,,,,,,456.561,736890.164,Device,,NVIDIA A100-SXM4-40GB MIG 4g.20gb (0),1,,13,[CUDA memset]
5998980197,67488,159394,,,,,,,,,,1.235,18298.165,Pinned,Device,NVIDIA A100-SXM4-40GB MIG 4g.20gb (0),1,,13,[CUDA memcpy Host-to-Device]
5999050276,14048,159395,,,,,,,,,,0.197,13995.344,Pinned,Device,NVIDIA A100-SXM4-40GB MIG 4g.20gb (0),1,,13,[CUDA memcpy Host-to-Device]
5999276258,10464,159396,69,4,1,48,1,1,76,0.002,0.000,,,,,NVIDIA A100-SXM4-40GB MIG 4g.20gb (0),1,,13,"void ch_est::windowedChEstPreNoDftSOfdmKernel<float, __half, float, (unsigned int)2, (unsigned int)1, (unsigned short)4>(ch_est::puschRxChEstStatDescr_t *, ch_est::puschRxChEstDynDescr_t *)"
5999466016,8800,159397,137,2,1,24,2,1,44,0.001,0.001,,,,,NVIDIA A100-SXM4-40GB MIG 4g.20gb (0),1,,13,"void ch_est::chEstFilterNoDftSOfdmDispatchKernel<float, __half, float, (unsigned int)2>(ch_est::puschRxChEstStatDescr_t *, ch_est::puschRxChEstDynDescr_t *)"
5999655262,9311,159398,137,2,1,24,2,1,44,0.001,0.001,,,,,NVIDIA A100-SXM4-40GB MIG 4g.20gb (0),1,,13,"void ch_est::chEstFilterNoDftSOfdmDispatchKernel<float, __half, float, (unsigned int)2>(ch_est::puschRxChEstStatDescr_t *, ch_est::puschRxChEstDynDescr_t *)"
5999837723,5184,159409,103,1,1,128,1,1,16,0.000,0.000,,,,,NVIDIA A100-SXM4-40GB MIG 4g.20gb (0),1,,13,cupy_copy__complex64_complex64
5999987546,17375,159419,1434,1,1,128,1,1,16,0.000,0.000,,,,,NVIDIA A100-SXM4-40GB MIG 4g.20gb (0),1,,13,cupy_copy__complex64_complex64
6000070745,3648,159426,103,1,1,128,1,1,16,0.000,0.000,,,,,NVIDIA A100-SXM4-40GB MIG 4g.20gb (0),1,,13,cupy_copy__complex64_complex64
6000232791,332188,159433,1,1,1,32,32,1,30,0.000,0.000,,,,,NVIDIA A100-SXM4-40GB MIG 4g.20gb (0),1,,13,"void convert_kernel<__half2, float2>(tensor_layout_any, T1 *, tensor_layout_any, const T2 *)"
6000605267,6047,159436,,,,,,,,,,0.094,15494.601,Pinned,Device,NVIDIA A100-SXM4-40GB MIG 4g.20gb (0),1,,13,[CUDA memcpy Host-to-Device]
6000977838,47680,159437,,,,,,,,,,35.810,751041.452,Device,,NVIDIA A100-SXM4-40GB MIG 4g.20gb (0),1,,13,[CUDA memset]
6001027726,6016,159439,,,,,,,,,,0.000,13.298,Pinned,Device,NVIDIA A100-SXM4-40GB MIG 4g.20gb (0),1,,13,[CUDA memcpy Host-to-Device]
6001036270,9471,159440,,,,,,,,,,0.197,20758.856,Pinned,Device,NVIDIA A100-SXM4-40GB MIG 4g.20gb (0),1,,13,[CUDA memcpy Host-to-Device]
6001464809,13951,159441,273,1,1,48,1,1,40,0.000,0.001,,,,,NVIDIA A100-SXM4-40GB MIG 4g.20gb (0),1,,13,"void pusch_noise_intf_est::noiseIntfEstNoDftSOfdmKernel<float, __half, float, float, (unsigned int)2, (unsigned int)1, (unsigned char)4, (unsigned char)4>(pusch_noise_intf_est::puschRxNoiseIntfEstDynDescr)"
6001769669,4000,159452,35,1,1,128,1,1,16,0.000,0.000,,,,,NVIDIA A100-SXM4-40GB MIG 4g.20gb (0),1,,13,cupy_copy__complex64_complex64
6002339935,3423,159461,1,1,1,1,1,1,18,0.000,0.000,,,,,NVIDIA A100-SXM4-40GB MIG 4g.20gb (0),1,,13,cupy_copy__float32_float32
6002344734,3552,159467,,,,,,,,,,0.000,1.126,Device,Pageable,NVIDIA A100-SXM4-40GB MIG 4g.20gb (0),1,,7,[CUDA memcpy Device-to-Host]
6002754522,14720,159478,1434,1,1,128,1,1,16,0.000,0.000,,,,,NVIDIA A100-SXM4-40GB MIG 4g.20gb (0),1,,13,cupy_copy__complex64_complex64
6003345811,5728,159485,103,1,1,128,1,1,16,0.000,0.000,,,,,NVIDIA A100-SXM4-40GB MIG 4g.20gb (0),1,,13,cupy_copy__complex64_complex64
6003951948,3808,159492,35,1,1,128,1,1,16,0.000,0.000,,,,,NVIDIA A100-SXM4-40GB MIG 4g.20gb (0),1,,13,cupy_copy__complex64_complex64
6004661636,3296,159499,1,1,1,1,1,1,18,0.000,0.000,,,,,NVIDIA A100-SXM4-40GB MIG 4g.20gb (0),1,,13,cupy_copy__float32_float32
6005360220,251741,159510,1,1,1,32,32,1,30,0.000,0.000,,,,,NVIDIA A100-SXM4-40GB MIG 4g.20gb (0),1,,13,"void convert_kernel<__half2, float2>(tensor_layout_any, T1 *, tensor_layout_any, const T2 *)"
6005644088,8896,159513,,,,,,,,,,0.094,10532.367,Pinned,Device,NVIDIA A100-SXM4-40GB MIG 4g.20gb (0),1,,13,[CUDA memcpy Host-to-Device]
6006278993,4960,159514,,,,,,,,,,1.547,311817.958,Device,,NVIDIA A100-SXM4-40GB MIG 4g.20gb (0),1,,13,[CUDA memset]
6006291473,3648,159519,,,,,,,,,,0.031,8578.922,Pinned,Device,NVIDIA A100-SXM4-40GB MIG 4g.20gb (0),1,,13,[CUDA memcpy Host-to-Device]
6006301041,12992,159520,,,,,,,,,,0.197,15132.918,Pinned,Device,NVIDIA A100-SXM4-40GB MIG 4g.20gb (0),1,,13,[CUDA memcpy Host-to-Device]
6007009353,13055,159521,273,1,1,8,4,1,39,0.002,0.000,,,,,NVIDIA A100-SXM4-40GB MIG 4g.20gb (0),1,,13,"void channel_eq::eqMmseCoefCompLowMimoKernel<float, float, float, (unsigned int)4, (unsigned int)1, (unsigned int)4>(const channel_eq::_puschRxChEqStatDescr *, channel_eq::_puschRxChEqCoefCompDynDescr)"
6007426692,11936,159522,273,1,1,12,11,1,51,0.002,0.000,,,,,NVIDIA A100-SXM4-40GB MIG 4g.20gb (0),1,,13,"void channel_eq::eqMmseSoftDemapKernel<float, __half, __half, float, (unsigned int)4, (unsigned short)16383>(channel_eq::_puschRxChEqStatDescr *, channel_eq::_puschRxChEqSoftDemapDynDescr)"
6007846719,663864,159523,1,1,1,32,32,1,30,0.000,0.000,,,,,NVIDIA A100-SXM4-40GB MIG 4g.20gb (0),1,,13,"void convert_kernel<float2, __half2>(tensor_layout_any, T1 *, tensor_layout_any, const T2 *)"
6008541527,16288,159535,2253,1,1,128,1,1,16,0.000,0.000,,,,,NVIDIA A100-SXM4-40GB MIG 4g.20gb (0),1,,13,cupy_copy__float16_float16
6008612918,7200,159544,282,1,1,128,1,1,16,0.000,0.000,,,,,NVIDIA A100-SXM4-40GB MIG 4g.20gb (0),1,,13,cupy_copy__complex64_complex64
6008669941,2592,159553,26,1,1,128,1,1,16,0.000,0.000,,,,,NVIDIA A100-SXM4-40GB MIG 4g.20gb (0),1,,13,cupy_copy__float32_float32
6008710133,4928,159562,103,1,1,128,1,1,16,0.000,0.000,,,,,NVIDIA A100-SXM4-40GB MIG 4g.20gb (0),1,,13,cupy_copy__complex64_complex64
6008746677,15615,159572,1434,1,1,128,1,1,16,0.000,0.000,,,,,NVIDIA A100-SXM4-40GB MIG 4g.20gb (0),1,,13,cupy_copy__complex64_complex64
6008809652,99583,159577,1,1,1,32,32,1,30,0.000,0.000,,,,,NVIDIA A100-SXM4-40GB MIG 4g.20gb (0),1,,13,"void convert_kernel<__half2, float2>(tensor_layout_any, T1 *, tensor_layout_any, const T2 *)"
6008938962,5408,159580,,,,,,,,,,0.094,17325.421,Pinned,Device,NVIDIA A100-SXM4-40GB MIG 4g.20gb (0),1,,13,[CUDA memcpy Host-to-Device]
6008981938,604889,159581,,,,,,,,,,456.561,754696.060,Device,,NVIDIA A100-SXM4-40GB MIG 4g.20gb (0),1,,13,[CUDA memset]
6009594859,53599,159586,,,,,,,,,,1.235,23040.350,Pinned,Device,NVIDIA A100-SXM4-40GB MIG 4g.20gb (0),1,,13,[CUDA memcpy Host-to-Device]
6009651146,12320,159587,,,,,,,,,,0.197,15958.278,Pinned,Device,NVIDIA A100-SXM4-40GB MIG 4g.20gb (0),1,,13,[CUDA memcpy Host-to-Device]
6009781033,14431,159588,69,4,1,48,1,1,76,0.002,0.000,,,,,NVIDIA A100-SXM4-40GB MIG 4g.20gb (0),1,,13,"void ch_est::windowedChEstPreNoDftSOfdmKernel<float, __half, float, (unsigned int)2, (unsigned int)1, (unsigned short)4>(ch_est::puschRxChEstStatDescr_t *, ch_est::puschRxChEstDynDescr_t *)"
6010126853,19807,159589,137,2,1,24,2,1,44,0.001,0.001,,,,,NVIDIA A100-SXM4-40GB MIG 4g.20gb (0),1,,13,"void ch_est::chEstFilterNoDftSOfdmDispatchKernel<float, __half, float, (unsigned int)2>(ch_est::puschRxChEstStatDescr_t *, ch_est::puschRxChEstDynDescr_t *)"
6010517952,8352,159590,137,2,1,24,2,1,44,0.001,0.001,,,,,NVIDIA A100-SXM4-40GB MIG 4g.20gb (0),1,,13,"void ch_est::chEstFilterNoDftSOfdmDispatchKernel<float, __half, float, (unsigned int)2>(ch_est::puschRxChEstStatDescr_t *, ch_est::puschRxChEstDynDescr_t *)"
6010628031,4480,159601,103,1,1,128,1,1,16,0.000,0.000,,,,,NVIDIA A100-SXM4-40GB MIG 4g.20gb (0),1,,13,cupy_copy__complex64_complex64
6010964251,14208,159611,1434,1,1,128,1,1,16,0.000,0.000,,,,,NVIDIA A100-SXM4-40GB MIG 4g.20gb (0),1,,13,cupy_copy__complex64_complex64
6011321911,5664,159618,103,1,1,128,1,1,16,0.000,0.000,,,,,NVIDIA A100-SXM4-40GB MIG 4g.20gb (0),1,,13,cupy_copy__complex64_complex64
6011661587,270077,159625,1,1,1,32,32,1,30,0.000,0.000,,,,,NVIDIA A100-SXM4-40GB MIG 4g.20gb (0),1,,13,"void convert_kernel<__half2, float2>(tensor_layout_any, T1 *, tensor_layout_any, const T2 *)"
6011962447,6176,159628,,,,,,,,,,0.094,15170.975,Pinned,Device,NVIDIA A100-SXM4-40GB MIG 4g.20gb (0),1,,13,[CUDA memcpy Host-to-Device]
6012162061,50112,159629,,,,,,,,,,35.810,714586.954,Device,,NVIDIA A100-SXM4-40GB MIG 4g.20gb (0),1,,13,[CUDA memset]
6012219373,2271,159631,,,,,,,,,,0.000,35.227,Pinned,Device,NVIDIA A100-SXM4-40GB MIG 4g.20gb (0),1,,13,[CUDA memcpy Host-to-Device]
6012224588,11552,159632,,,,,,,,,,0.197,17019.372,Pinned,Device,NVIDIA A100-SXM4-40GB MIG 4g.20gb (0),1,,13,[CUDA memcpy Host-to-Device]
6012713223,18944,159633,273,1,1,48,1,1,40,0.000,0.001,,,,,NVIDIA A100-SXM4-40GB MIG 4g.20gb (0),1,,13,"void pusch_noise_intf_est::noiseIntfEstNoDftSOfdmKernel<float, __half, float, float, (unsigned int)2, (unsigned int)1, (unsigned char)4, (unsigned char)4>(pusch_noise_intf_est::puschRxNoiseIntfEstDynDescr)"
6013246785,4096,159644,35,1,1,128,1,1,16,0.000,0.000,,,,,NVIDIA A100-SXM4-40GB MIG 4g.20gb (0),1,,13,cupy_copy__complex64_complex64
6013617340,3392,159653,1,1,1,1,1,1,18,0.000,0.000,,,,,NVIDIA A100-SXM4-40GB MIG 4g.20gb (0),1,,13,cupy_copy__float32_float32
6013621884,1632,159659,,,,,,,,,,0.000,2.451,Device,Pageable,NVIDIA A100-SXM4-40GB MIG 4g.20gb (0),1,,7,[CUDA memcpy Device-to-Host]
6014148375,15295,159670,1434,1,1,128,1,1,16,0.000,0.000,,,,,NVIDIA A100-SXM4-40GB MIG 4g.20gb (0),1,,13,cupy_copy__complex64_complex64
6014405748,4288,159677,103,1,1,128,1,1,16,0.000,0.000,,,,,NVIDIA A100-SXM4-40GB MIG 4g.20gb (0),1,,13,cupy_copy__complex64_complex64
6014632689,5184,159684,35,1,1,128,1,1,16,0.000,0.000,,,,,NVIDIA A100-SXM4-40GB MIG 4g.20gb (0),1,,13,cupy_copy__complex64_complex64
6014846863,3488,159691,1,1,1,1,1,1,18,0.000,0.000,,,,,NVIDIA A100-SXM4-40GB MIG 4g.20gb (0),1,,13,cupy_copy__float32_float32
6015054060,237054,159702,1,1,1,32,32,1,30,0.000,0.000,,,,,NVIDIA A100-SXM4-40GB MIG 4g.20gb (0),1,,13,"void convert_kernel<__half2, float2>(tensor_layout_any, T1 *, tensor_layout_any, const T2 *)"
6015319785,5728,159705,,,,,,,,,,0.094,16357.541,Pinned,Device,NVIDIA A100-SXM4-40GB MIG 4g.20gb (0),1,,13,[CUDA memcpy Host-to-Device]
6015544455,6400,159706,,,,,,,,,,1.547,241660.000,Device,,NVIDIA A100-SXM4-40GB MIG 4g.20gb (0),1,,13,[CUDA memset]
6015556807,4480,159711,,,,,,,,,,0.031,6985.705,Pinned,Device,NVIDIA A100-SXM4-40GB MIG 4g.20gb (0),1,,13,[CUDA memcpy Host-to-Device]
6015566950,9664,159712,,,,,,,,,,0.197,20344.209,Pinned,Device,NVIDIA A100-SXM4-40GB MIG 4g.20gb (0),1,,13,[CUDA memcpy Host-to-Device]
6015794020,13984,159713,273,1,1,8,4,1,39,0.002,0.000,,,,,NVIDIA A100-SXM4-40GB MIG 4g.20gb (0),1,,13,"void channel_eq::eqMmseCoefCompLowMimoKernel<float, float, float, (unsigned int)4, (unsigned int)1, (unsigned int)4>(const channel_eq::_puschRxChEqStatDescr *, channel_eq::_puschRxChEqCoefCompDynDescr)"
6015916771,8735,159714,273,1,1,12,11,1,51,0.002,0.000,,,,,NVIDIA A100-SXM4-40GB MIG 4g.20gb (0),1,,13,"void channel_eq::eqMmseSoftDemapKernel<float, __half, __half, float, (unsigned int)4, (unsigned short)16383>(channel_eq::_puschRxChEqStatDescr *, channel_eq::_puschRxChEqSoftDemapDynDescr)"
6016015329,335933,159715,1,1,1,32,32,1,30,0.000,0.000,,,,,NVIDIA A100-SXM4-40GB MIG 4g.20gb (0),1,,13,"void convert_kernel<float2, __half2>(tensor_layout_any, T1 *, tensor_layout_any, const T2 *)"
6016474492,14656,159727,2253,1,1,128,1,1,16,0.000,0.000,,,,,NVIDIA A100-SXM4-40GB MIG 4g.20gb (0),1,,13,cupy_copy__float16_float16
6016877848,6752,159736,282,1,1,128,1,1,16,0.000,0.000,,,,,NVIDIA A100-SXM4-40GB MIG 4g.20gb (0),1,,13,cupy_copy__complex64_complex64
6017293843,3648,159745,26,1,1,128,1,1,16,0.000,0.000,,,,,NVIDIA A100-SXM4-40GB MIG 4g.20gb (0),1,,13,cupy_copy__float32_float32
6017373074,4320,159754,103,1,1,128,1,1,16,0.000,0.000,,,,,NVIDIA A100-SXM4-40GB MIG 4g.20gb (0),1,,13,cupy_copy__complex64_complex64
6017807309,15680,159770,1434,1,1,128,1,1,16,0.000,0.000,,,,,NVIDIA A100-SXM4-40GB MIG 4g.20gb (0),1,,13,cupy_copy__complex64_complex64
6018285576,282845,159775,1,1,1,32,32,1,30,0.000,0.000,,,,,NVIDIA A100-SXM4-40GB MIG 4g.20gb (0),1,,13,"void convert_kernel<__half2, float2>(tensor_layout_any, T1 *, tensor_layout_any, const T2 *)"
6018599972,6016,159778,,,,,,,,,,0.094,15574.430,Pinned,Device,NVIDIA A100-SXM4-40GB MIG 4g.20gb (0),1,,13,[CUDA memcpy Host-to-Device]
6018905889,622265,159779,,,,,,,,,,456.561,733694.234,Device,,NVIDIA A100-SXM4-40GB MIG 4g.20gb (0),1,,13,[CUDA memset]
6019530074,65855,159784,,,,,,,,,,1.235,18751.390,Pinned,Device,NVIDIA A100-SXM4-40GB MIG 4g.20gb (0),1,,13,[CUDA memcpy Host-to-Device]
6019602969,15200,159785,,,,,,,,,,0.197,12934.644,Pinned,Device,NVIDIA A100-SXM4-40GB MIG 4g.20gb (0),1,,13,[CUDA memcpy Host-to-Device]
6020020500,20416,159786,69,4,1,48,1,1,76,0.002,0.000,,,,,NVIDIA A100-SXM4-40GB MIG 4g.20gb (0),1,,13,"void ch_est::windowedChEstPreNoDftSOfdmKernel<float, __half, float, (unsigned int)2, (unsigned int)1, (unsigned short)4>(ch_est::puschRxChEstStatDescr_t *, ch_est::puschRxChEstDynDescr_t *)"
6020455279,14240,159787,137,2,1,24,2,1,44,0.001,0.001,,,,,NVIDIA A100-SXM4-40GB MIG 4g.20gb (0),1,,13,"void ch_est::chEstFilterNoDftSOfdmDispatchKernel<float, __half, float, (unsigned int)2>(ch_est::puschRxChEstStatDescr_t *, ch_est::puschRxChEstDynDescr_t *)"
6020962921,15936,159788,137,2,1,24,2,1,44,0.001,0.001,,,,,NVIDIA A100-SXM4-40GB MIG 4g.20gb (0),1,,13,"void ch_est::chEstFilterNoDftSOfdmDispatchKernel<float, __half, float, (unsigned int)2>(ch_est::puschRxChEstStatDescr_t *, ch_est::puschRxChEstDynDescr_t *)"
6021468580,8640,159799,103,1,1,128,1,1,16,0.000,0.000,,,,,NVIDIA A100-SXM4-40GB MIG 4g.20gb (0),1,,13,cupy_copy__complex64_complex64
6021985150,18688,159809,1434,1,1,128,1,1,16,0.000,0.000,,,,,NVIDIA A100-SXM4-40GB MIG 4g.20gb (0),1,,13,cupy_copy__complex64_complex64
6022199323,6432,159816,103,1,1,128,1,1,16,0.000,0.000,,,,,NVIDIA A100-SXM4-40GB MIG 4g.20gb (0),1,,13,cupy_copy__complex64_complex64
6022404025,288061,159823,1,1,1,32,32,1,30,0.000,0.000,,,,,NVIDIA A100-SXM4-40GB MIG 4g.20gb (0),1,,13,"void convert_kernel<__half2, float2>(tensor_layout_any, T1 *, tensor_layout_any, const T2 *)"
6022727061,5472,159826,,,,,,,,,,0.094,17122.757,Pinned,Device,NVIDIA A100-SXM4-40GB MIG 4g.20gb (0),1,,13,[CUDA memcpy Host-to-Device]
6022814516,51776,159827,,,,,,,,,,35.810,691596.985,Device,,NVIDIA A100-SXM4-40GB MIG 4g.20gb (0),1,,13,[CUDA memset]
6022867348,4736,159829,,,,,,,,,,0.000,16.892,Pinned,Device,NVIDIA A100-SXM4-40GB MIG 4g.20gb (0),1,,13,[CUDA memcpy Host-to-Device]
6022874804,9440,159830,,,,,,,,,,0.197,20827.079,Pinned,Device,NVIDIA A100-SXM4-40GB MIG 4g.20gb (0),1,,13,[CUDA memcpy Host-to-Device]
6022979603,11295,159831,273,1,1,48,1,1,40,0.000,0.001,,,,,NVIDIA A100-SXM4-40GB MIG 4g.20gb (0),1,,13,"void pusch_noise_intf_est::noiseIntfEstNoDftSOfdmKernel<float, __half, float, float, (unsigned int)2, (unsigned int)1, (unsigned char)4, (unsigned char)4>(pusch_noise_intf_est::puschRxNoiseIntfEstDynDescr)"
6023071954,5535,159842,35,1,1,128,1,1,16,0.000,0.000,,,,,NVIDIA A100-SXM4-40GB MIG 4g.20gb (0),1,,13,cupy_copy__complex64_complex64
6023152657,2208,159851,1,1,1,1,1,1,18,0.000,0.000,,,,,NVIDIA A100-SXM4-40GB MIG 4g.20gb (0),1,,13,cupy_copy__float32_float32
6023158289,1600,159857,,,,,,,,,,0.000,2.500,Device,Pageable,NVIDIA A100-SXM4-40GB MIG 4g.20gb (0),1,,7,[CUDA memcpy Device-to-Host]
6023283535,13920,159868,1434,1,1,128,1,1,16,0.000,0.000,,,,,NVIDIA A100-SXM4-40GB MIG 4g.20gb (0),1,,13,cupy_copy__complex64_complex64
6023356078,5504,159875,103,1,1,128,1,1,16,0.000,0.000,,,,,NVIDIA A100-SXM4-40GB MIG 4g.20gb (0),1,,13,cupy_copy__complex64_complex64
6023436749,5216,159882,35,1,1,128,1,1,16,0.000,0.000,,,,,NVIDIA A100-SXM4-40GB MIG 4g.20gb (0),1,,13,cupy_copy__complex64_complex64
6023498957,2528,159889,1,1,1,1,1,1,18,0.000,0.000,,,,,NVIDIA A100-SXM4-40GB MIG 4g.20gb (0),1,,13,cupy_copy__float32_float32
6023567852,97919,159900,1,1,1,32,32,1,30,0.000,0.000,,,,,NVIDIA A100-SXM4-40GB MIG 4g.20gb (0),1,,13,"void convert_kernel<__half2, float2>(tensor_layout_any, T1 *, tensor_layout_any, const T2 *)"
6023694410,5536,159903,,,,,,,,,,0.094,16924.777,Pinned,Device,NVIDIA A100-SXM4-40GB MIG 4g.20gb (0),1,,13,[CUDA memcpy Host-to-Device]
6023771498,5760,159904,,,,,,,,,,1.547,268510.939,Device,,NVIDIA A100-SXM4-40GB MIG 4g.20gb (0),1,,13,[CUDA memset]
6023781417,3040,159909,,,,,,,,,,0.031,10294.725,Pinned,Device,NVIDIA A100-SXM4-40GB MIG 4g.20gb (0),1,,13,[CUDA memcpy Host-to-Device]
6023786921,9536,159910,,,,,,,,,,0.197,20617.298,Pinned,Device,NVIDIA A100-SXM4-40GB MIG 4g.20gb (0),1,,13,[CUDA memcpy Host-to-Device]
6023863465,11103,159911,273,1,1,8,4,1,39,0.002,0.000,,,,,NVIDIA A100-SXM4-40GB MIG 4g.20gb (0),1,,13,"void channel_eq::eqMmseCoefCompLowMimoKernel<float, float, float, (unsigned int)4, (unsigned int)1, (unsigned int)4>(const channel_eq::_puschRxChEqStatDescr *, channel_eq::_puschRxChEqCoefCompDynDescr)"
6024082182,13632,159912,273,1,1,12,11,1,51,0.002,0.000,,,,,NVIDIA A100-SXM4-40GB MIG 4g.20gb (0),1,,13,"void channel_eq::eqMmseSoftDemapKernel<float, __half, __half, float, (unsigned int)4, (unsigned short)16383>(channel_eq::_puschRxChEqStatDescr *, channel_eq::_puschRxChEqSoftDemapDynDescr)"
6024506081,697752,159913,1,1,1,32,32,1,30,0.000,0.000,,,,,NVIDIA A100-SXM4-40GB MIG 4g.20gb (0),1,,13,"void convert_kernel<float2, __half2>(tensor_layout_any, T1 *, tensor_layout_any, const T2 *)"
6025578325,32224,159925,2253,1,1,128,1,1,16,0.000,0.000,,,,,NVIDIA A100-SXM4-40GB MIG 4g.20gb (0),1,,13,cupy_copy__float16_float16
6025836786,5088,159934,282,1,1,128,1,1,16,0.000,0.000,,,,,NVIDIA A100-SXM4-40GB MIG 4g.20gb (0),1,,13,cupy_copy__complex64_complex64
6026247086,3584,159943,26,1,1,128,1,1,16,0.000,0.000,,,,,NVIDIA A100-SXM4-40GB MIG 4g.20gb (0),1,,13,cupy_copy__float32_float32
6026627529,5824,159952,103,1,1,128,1,1,16,0.000,0.000,,,,,NVIDIA A100-SXM4-40GB MIG 4g.20gb (0),1,,13,cupy_copy__complex64_complex64
6027018181,16960,159962,1434,1,1,128,1,1,16,0.000,0.000,,,,,NVIDIA A100-SXM4-40GB MIG 4g.20gb (0),1,,13,cupy_copy__complex64_complex64
6027437760,235709,159967,1,1,1,32,32,1,30,0.000,0.000,,,,,NVIDIA A100-SXM4-40GB MIG 4g.20gb (0),1,,13,"void convert_kernel<__half2, float2>(tensor_layout_any, T1 *, tensor_layout_any, const T2 *)"
6027707421,5504,159970,,,,,,,,,,0.094,17023.251,Pinned,Device,NVIDIA A100-SXM4-40GB MIG 4g.20gb (0),1,,13,[CUDA memcpy Host-to-Device]
6028120216,621657,159971,,,,,,,,,,456.561,734150.796,Device,,NVIDIA A100-SXM4-40GB MIG 4g.20gb (0),1,,13,[CUDA memset]
6028745969,54624,159976,,,,,,,,,,1.235,22606.885,Pinned,Device,NVIDIA A100-SXM4-40GB MIG 4g.20gb (0),1,,13,[CUDA memcpy Host-to-Device]
6028803313,14207,159977,,,,,,,,,,0.197,13838.647,Pinned,Device,NVIDIA A100-SXM4-40GB MIG 4g.20gb (0),1,,13,[CUDA memcpy Host-to-Device]
6029004878,10688,159978,69,4,1,48,1,1,76,0.002,0.000,,,,,NVIDIA A100-SXM4-40GB MIG 4g.20gb (0),1,,13,"void ch_est::windowedChEstPreNoDftSOfdmKernel<float, __half, float, (unsigned int)2, (unsigned int)1, (unsigned short)4>(ch_est::puschRxChEstStatDescr_t *, ch_est::puschRxChEstDynDescr_t *)"
6029101197,8320,159979,137,2,1,24,2,1,44,0.001,0.001,,,,,NVIDIA A100-SXM4-40GB MIG 4g.20gb (0),1,,13,"void ch_est::chEstFilterNoDftSOfdmDispatchKernel<float, __half, float, (unsigned int)2>(ch_est::puschRxChEstStatDescr_t *, ch_est::puschRxChEstDynDescr_t *)"
6029196428,6688,159980,137,2,1,24,2,1,44,0.001,0.001,,,,,NVIDIA A100-SXM4-40GB MIG 4g.20gb (0),1,,13,"void ch_est::chEstFilterNoDftSOfdmDispatchKernel<float, __half, float, (unsigned int)2>(ch_est::puschRxChEstStatDescr_t *, ch_est::puschRxChEstDynDescr_t *)"
6029259083,4064,159991,103,1,1,128,1,1,16,0.000,0.000,,,,,NVIDIA A100-SXM4-40GB MIG 4g.20gb (0),1,,13,cupy_copy__complex64_complex64
6029328523,14816,160001,1434,1,1,128,1,1,16,0.000,0.000,,,,,NVIDIA A100-SXM4-40GB MIG 4g.20gb (0),1,,13,cupy_copy__complex64_complex64
6029430826,4575,160008,103,1,1,128,1,1,16,0.000,0.000,,,,,NVIDIA A100-SXM4-40GB MIG 4g.20gb (0),1,,13,cupy_copy__complex64_complex64
6029497929,105151,160015,1,1,1,32,32,1,30,0.000,0.000,,,,,NVIDIA A100-SXM4-40GB MIG 4g.20gb (0),1,,13,"void convert_kernel<__half2, float2>(tensor_layout_any, T1 *, tensor_layout_any, const T2 *)"
6029631975,6816,160018,,,,,,,,,,0.094,13746.421,Pinned,Device,NVIDIA A100-SXM4-40GB MIG 4g.20gb (0),1,,13,[CUDA memcpy Host-to-Device]
6029704422,49312,160019,,,,,,,,,,35.810,726189.368,Device,,NVIDIA A100-SXM4-40GB MIG 4g.20gb (0),1,,13,[CUDA memset]
6029758214,2176,160021,,,,,,,,,,0.000,36.765,Pinned,Device,NVIDIA A100-SXM4-40GB MIG 4g.20gb (0),1,,13,[CUDA memcpy Host-to-Device]
6029762822,9472,160022,,,,,,,,,,0.197,20756.693,Pinned,Device,NVIDIA A100-SXM4-40GB MIG 4g.20gb (0),1,,13,[CUDA memcpy Host-to-Device]
6029914852,15616,160023,273,1,1,48,1,1,40,0.000,0.001,,,,,NVIDIA A100-SXM4-40GB MIG 4g.20gb (0),1,,13,"void pusch_noise_intf_est::noiseIntfEstNoDftSOfdmKernel<float, __half, float, float, (unsigned int)2, (unsigned int)1, (unsigned char)4, (unsigned char)4>(pusch_noise_intf_est::puschRxNoiseIntfEstDynDescr)"
6030219329,3936,160034,35,1,1,128,1,1,16,0.000,0.000,,,,,NVIDIA A100-SXM4-40GB MIG 4g.20gb (0),1,,13,cupy_copy__complex64_complex64
6030577885,3360,160043,1,1,1,1,1,1,18,0.000,0.000,,,,,NVIDIA A100-SXM4-40GB MIG 4g.20gb (0),1,,13,cupy_copy__float32_float32
6030589404,1696,160049,,,,,,,,,,0.000,2.358,Device,Pageable,NVIDIA A100-SXM4-40GB MIG 4g.20gb (0),1,,7,[CUDA memcpy Device-to-Host]
6031181654,16800,160060,1434,1,1,128,1,1,16,0.000,0.000,,,,,NVIDIA A100-SXM4-40GB MIG 4g.20gb (0),1,,13,cupy_copy__complex64_complex64
6031762031,4288,160067,103,1,1,128,1,1,16,0.000,0.000,,,,,NVIDIA A100-SXM4-40GB MIG 4g.20gb (0),1,,13,cupy_copy__complex64_complex64
6032329321,4032,160074,35,1,1,128,1,1,16,0.000,0.000,,,,,NVIDIA A100-SXM4-40GB MIG 4g.20gb (0),1,,13,cupy_copy__complex64_complex64
6032897186,3456,160081,1,1,1,1,1,1,18,0.000,0.000,,,,,NVIDIA A100-SXM4-40GB MIG 4g.20gb (0),1,,13,cupy_copy__float32_float32
6033463676,243197,160092,1,1,1,32,32,1,30,0.000,0.000,,,,,NVIDIA A100-SXM4-40GB MIG 4g.20gb (0),1,,13,"void convert_kernel<__half2, float2>(tensor_layout_any, T1 *, tensor_layout_any, const T2 *)"
6033747097,10048,160095,,,,,,,,,,0.094,9324.813,Pinned,Device,NVIDIA A100-SXM4-40GB MIG 4g.20gb (0),1,,13,[CUDA memcpy Host-to-Device]
6034148340,5728,160096,,,,,,,,,,1.547,270011.165,Device,,NVIDIA A100-SXM4-40GB MIG 4g.20gb (0),1,,13,[CUDA memset]
6034160212,4480,160101,,,,,,,,,,0.031,6985.705,Pinned,Device,NVIDIA A100-SXM4-40GB MIG 4g.20gb (0),1,,13,[CUDA memcpy Host-to-Device]
6034170804,14944,160102,,,,,,,,,,0.197,13156.221,Pinned,Device,NVIDIA A100-SXM4-40GB MIG 4g.20gb (0),1,,13,[CUDA memcpy Host-to-Device]
6034721870,15135,160103,273,1,1,8,4,1,39,0.002,0.000,,,,,NVIDIA A100-SXM4-40GB MIG 4g.20gb (0),1,,13,"void channel_eq::eqMmseCoefCompLowMimoKernel<float, float, float, (unsigned int)4, (unsigned int)1, (unsigned int)4>(const channel_eq::_puschRxChEqStatDescr *, channel_eq::_puschRxChEqCoefCompDynDescr)"
6035292231,13024,160104,273,1,1,12,11,1,51,0.002,0.000,,,,,NVIDIA A100-SXM4-40GB MIG 4g.20gb (0),1,,13,"void channel_eq::eqMmseSoftDemapKernel<float, __half, __half, float, (unsigned int)4, (unsigned short)16383>(channel_eq::_puschRxChEqStatDescr *, channel_eq::_puschRxChEqSoftDemapDynDescr)"
6035681667,614137,160105,1,1,1,32,32,1,30,0.000,0.000,,,,,NVIDIA A100-SXM4-40GB MIG 4g.20gb (0),1,,13,"void convert_kernel<float2, __half2>(tensor_layout_any, T1 *, tensor_layout_any, const T2 *)"
6036371771,14112,160117,2253,1,1,128,1,1,16,0.000,0.000,,,,,NVIDIA A100-SXM4-40GB MIG 4g.20gb (0),1,,13,cupy_copy__float16_float16
6036469146,5632,160126,282,1,1,128,1,1,16,0.000,0.000,,,,,NVIDIA A100-SXM4-40GB MIG 4g.20gb (0),1,,13,cupy_copy__complex64_complex64
6036549945,3136,160135,26,1,1,128,1,1,16,0.000,0.000,,,,,NVIDIA A100-SXM4-40GB MIG 4g.20gb (0),1,,13,cupy_copy__float32_float32
6036681527,6656,160144,103,1,1,128,1,1,16,0.000,0.000,,,,,NVIDIA A100-SXM4-40GB MIG 4g.20gb (0),1,,13,cupy_copy__complex64_complex64
6036870485,23264,160154,1434,1,1,128,1,1,16,0.000,0.000,,,,,NVIDIA A100-SXM4-40GB MIG 4g.20gb (0),1,,13,cupy_copy__complex64_complex64
6037122738,238718,160159,1,1,1,32,32,1,30,0.000,0.000,,,,,NVIDIA A100-SXM4-40GB MIG 4g.20gb (0),1,,13,"void convert_kernel<__half2, float2>(tensor_layout_any, T1 *, tensor_layout_any, const T2 *)"
6037391759,6016,160162,,,,,,,,,,0.094,15574.430,Pinned,Device,NVIDIA A100-SXM4-40GB MIG 4g.20gb (0),1,,13,[CUDA memcpy Host-to-Device]
6037607309,615513,160163,,,,,,,,,,456.561,741455.779,Device,,NVIDIA A100-SXM4-40GB MIG 4g.20gb (0),1,,13,[CUDA memset]
6038225286,61919,160168,,,,,,,,,,1.235,19944.346,Pinned,Device,NVIDIA A100-SXM4-40GB MIG 4g.20gb (0),1,,13,[CUDA memcpy Host-to-Device]
6038289829,9888,160169,,,,,,,,,,0.197,19883.360,Pinned,Device,NVIDIA A100-SXM4-40GB MIG 4g.20gb (0),1,,13,[CUDA memcpy Host-to-Device]
6038563906,11232,160170,69,4,1,48,1,1,76,0.002,0.000,,,,,NVIDIA A100-SXM4-40GB MIG 4g.20gb (0),1,,13,"void ch_est::windowedChEstPreNoDftSOfdmKernel<float, __half, float, (unsigned int)2, (unsigned int)1, (unsigned short)4>(ch_est::puschRxChEstStatDescr_t *, ch_est::puschRxChEstDynDescr_t *)"
6038990909,9216,160171,137,2,1,24,2,1,44,0.001,0.001,,,,,NVIDIA A100-SXM4-40GB MIG 4g.20gb (0),1,,13,"void ch_est::chEstFilterNoDftSOfdmDispatchKernel<float, __half, float, (unsigned int)2>(ch_est::puschRxChEstStatDescr_t *, ch_est::puschRxChEstDynDescr_t *)"
6039418232,8576,160172,137,2,1,24,2,1,44,0.001,0.001,,,,,NVIDIA A100-SXM4-40GB MIG 4g.20gb (0),1,,13,"void ch_est::chEstFilterNoDftSOfdmDispatchKernel<float, __half, float, (unsigned int)2>(ch_est::puschRxChEstStatDescr_t *, ch_est::puschRxChEstDynDescr_t *)"
6039660182,4704,160183,103,1,1,128,1,1,16,0.000,0.000,,,,,NVIDIA A100-SXM4-40GB MIG 4g.20gb (0),1,,13,cupy_copy__complex64_complex64
6040059473,16032,160193,1434,1,1,128,1,1,16,0.000,0.000,,,,,NVIDIA A100-SXM4-40GB MIG 4g.20gb (0),1,,13,cupy_copy__complex64_complex64
6040489324,4256,160200,103,1,1,128,1,1,16,0.000,0.000,,,,,NVIDIA A100-SXM4-40GB MIG 4g.20gb (0),1,,13,cupy_copy__complex64_complex64
6040750377,270557,160207,1,1,1,32,32,1,30,0.000,0.000,,,,,NVIDIA A100-SXM4-40GB MIG 4g.20gb (0),1,,13,"void convert_kernel<__half2, float2>(tensor_layout_any, T1 *, tensor_layout_any, const T2 *)"
6041051270,6624,160210,,,,,,,,,,0.094,14144.910,Pinned,Device,NVIDIA A100-SXM4-40GB MIG 4g.20gb (0),1,,13,[CUDA memcpy Host-to-Device]
6041333347,51167,160211,,,,,,,,,,35.810,699833.267,Device,,NVIDIA A100-SXM4-40GB MIG 4g.20gb (0),1,,13,[CUDA memset]
6041392770,2432,160213,,,,,,,,,,0.000,32.895,Pinned,Device,NVIDIA A100-SXM4-40GB MIG 4g.20gb (0),1,,13,[CUDA memcpy Host-to-Device]
6041397634,10176,160214,,,,,,,,,,0.197,19320.668,Pinned,Device,NVIDIA A100-SXM4-40GB MIG 4g.20gb (0),1,,13,[CUDA memcpy Host-to-Device]
6041673727,15776,160215,273,1,1,48,1,1,40,0.000,0.001,,,,,NVIDIA A100-SXM4-40GB MIG 4g.20gb (0),1,,13,"void pusch_noise_intf_est::noiseIntfEstNoDftSOfdmKernel<float, __half, float, float, (unsigned int)2, (unsigned int)1, (unsigned char)4, (unsigned char)4>(pusch_noise_intf_est::puschRxNoiseIntfEstDynDescr)"
6041961884,5696,160226,35,1,1,128,1,1,16,0.000,0.000,,,,,NVIDIA A100-SXM4-40GB MIG 4g.20gb (0),1,,13,cupy_copy__complex64_complex64
6042200985,6752,160235,1,1,1,1,1,1,18,0.000,0.000,,,,,NVIDIA A100-SXM4-40GB MIG 4g.20gb (0),1,,13,cupy_copy__float32_float32
6042215609,5696,160241,,,,,,,,,,0.000,0.702,Device,Pageable,NVIDIA A100-SXM4-40GB MIG 4g.20gb (0),1,,7,[CUDA memcpy Device-to-Host]
6042350519,14944,160252,1434,1,1,128,1,1,16,0.000,0.000,,,,,NVIDIA A100-SXM4-40GB MIG 4g.20gb (0),1,,13,cupy_copy__complex64_complex64
6042426006,4736,160259,103,1,1,128,1,1,16,0.000,0.000,,,,,NVIDIA A100-SXM4-40GB MIG 4g.20gb (0),1,,13,cupy_copy__complex64_complex64
6042550901,4672,160266,35,1,1,128,1,1,16,0.000,0.000,,,,,NVIDIA A100-SXM4-40GB MIG 4g.20gb (0),1,,13,cupy_copy__complex64_complex64
6042720019,3168,160273,1,1,1,1,1,1,18,0.000,0.000,,,,,NVIDIA A100-SXM4-40GB MIG 4g.20gb (0),1,,13,cupy_copy__float32_float32
6042886801,251709,160284,1,1,1,32,32,1,30,0.000,0.000,,,,,NVIDIA A100-SXM4-40GB MIG 4g.20gb (0),1,,13,"void convert_kernel<__half2, float2>(tensor_layout_any, T1 *, tensor_layout_any, const T2 *)"
6043167854,5568,160287,,,,,,,,,,0.094,16827.521,Pinned,Device,NVIDIA A100-SXM4-40GB MIG 4g.20gb (0),1,,13,[CUDA memcpy Host-to-Device]
6043381612,4864,160288,,,,,,,,,,1.547,317973.521,Device,,NVIDIA A100-SXM4-40GB MIG 4g.20gb (0),1,,13,[CUDA memset]
6043395691,7040,160293,,,,,,,,,,0.031,4445.440,Pinned,Device,NVIDIA A100-SXM4-40GB MIG 4g.20gb (0),1,,13,[CUDA memcpy Host-to-Device]
6043405675,9664,160294,,,,,,,,,,0.197,20344.209,Pinned,Device,NVIDIA A100-SXM4-40GB MIG 4g.20gb (0),1,,13,[CUDA memcpy Host-to-Device]
6043601033,12288,160295,273,1,1,8,4,1,39,0.002,0.000,,,,,NVIDIA A100-SXM4-40GB MIG 4g.20gb (0),1,,13,"void channel_eq::eqMmseCoefCompLowMimoKernel<float, float, float, (unsigned int)4, (unsigned int)1, (unsigned int)4>(const channel_eq::_puschRxChEqStatDescr *, channel_eq::_puschRxChEqCoefCompDynDescr)"
6043818375,10560,160296,273,1,1,12,11,1,51,0.002,0.000,,,,,NVIDIA A100-SXM4-40GB MIG 4g.20gb (0),1,,13,"void channel_eq::eqMmseSoftDemapKernel<float, __half, __half, float, (unsigned int)4, (unsigned short)16383>(channel_eq::_puschRxChEqStatDescr *, channel_eq::_puschRxChEqSoftDemapDynDescr)"
6044041028,700152,160297,1,1,1,32,32,1,30,0.000,0.000,,,,,NVIDIA A100-SXM4-40GB MIG 4g.20gb (0),1,,13,"void convert_kernel<float2, __half2>(tensor_layout_any, T1 *, tensor_layout_any, const T2 *)"
6045011289,13088,160309,2253,1,1,128,1,1,16,0.000,0.000,,,,,NVIDIA A100-SXM4-40GB MIG 4g.20gb (0),1,,13,cupy_copy__float16_float16
6045314582,4992,160318,282,1,1,128,1,1,16,0.000,0.000,,,,,NVIDIA A100-SXM4-40GB MIG 4g.20gb (0),1,,13,cupy_copy__complex64_complex64
6045409077,5824,160327,26,1,1,128,1,1,16,0.000,0.000,,,,,NVIDIA A100-SXM4-40GB MIG 4g.20gb (0),1,,13,cupy_copy__float32_float32
6045687922,9471,160336,103,1,1,128,1,1,16,0.000,0.000,,,,,NVIDIA A100-SXM4-40GB MIG 4g.20gb (0),1,,13,cupy_copy__complex64_complex64
6045954670,16384,160346,1434,1,1,128,1,1,16,0.000,0.000,,,,,NVIDIA A100-SXM4-40GB MIG 4g.20gb (0),1,,13,cupy_copy__complex64_complex64
6046223595,273469,160351,1,1,1,32,32,1,30,0.000,0.000,,,,,NVIDIA A100-SXM4-40GB MIG 4g.20gb (0),1,,13,"void convert_kernel<__half2, float2>(tensor_layout_any, T1 *, tensor_layout_any, const T2 *)"
6046527496,9792,160354,,,,,,,,,,0.094,9568.610,Pinned,Device,NVIDIA A100-SXM4-40GB MIG 4g.20gb (0),1,,13,[CUDA memcpy Host-to-Device]
6046816805,607001,160355,,,,,,,,,,456.561,751956.692,Device,,NVIDIA A100-SXM4-40GB MIG 4g.20gb (0),1,,13,[CUDA memset]
6047427518,54655,160360,,,,,,,,,,1.235,22594.535,Pinned,Device,NVIDIA A100-SXM4-40GB MIG 4g.20gb (0),1,,13,[CUDA memcpy Host-to-Device]
6047484861,9600,160361,,,,,,,,,,0.197,20479.869,Pinned,Device,NVIDIA A100-SXM4-40GB MIG 4g.20gb (0),1,,13,[CUDA memcpy Host-to-Device]
6047838521,10816,160362,69,4,1,48,1,1,76,0.002,0.000,,,,,NVIDIA A100-SXM4-40GB MIG 4g.20gb (0),1,,13,"void ch_est::windowedChEstPreNoDftSOfdmKernel<float, __half, float, (unsigned int)2, (unsigned int)1, (unsigned short)4>(ch_est::puschRxChEstStatDescr_t *, ch_est::puschRxChEstDynDescr_t *)"
6048267124,9120,160363,137,2,1,24,2,1,44,0.001,0.001,,,,,NVIDIA A100-SXM4-40GB MIG 4g.20gb (0),1,,13,"void ch_est::chEstFilterNoDftSOfdmDispatchKernel<float, __half, float, (unsigned int)2>(ch_est::puschRxChEstStatDescr_t *, ch_est::puschRxChEstDynDescr_t *)"
6048692015,9120,160364,137,2,1,24,2,1,44,0.001,0.001,,,,,NVIDIA A100-SXM4-40GB MIG 4g.20gb (0),1,,13,"void ch_est::chEstFilterNoDftSOfdmDispatchKernel<float, __half, float, (unsigned int)2>(ch_est::puschRxChEstStatDescr_t *, ch_est::puschRxChEstDynDescr_t *)"
6048929485,5568,160375,103,1,1,128,1,1,16,0.000,0.000,,,,,NVIDIA A100-SXM4-40GB MIG 4g.20gb (0),1,,13,cupy_copy__complex64_complex64
6049135690,16256,160385,1434,1,1,128,1,1,16,0.000,0.000,,,,,NVIDIA A100-SXM4-40GB MIG 4g.20gb (0),1,,13,cupy_copy__complex64_complex64
6049345480,3840,160392,103,1,1,128,1,1,16,0.000,0.000,,,,,NVIDIA A100-SXM4-40GB MIG 4g.20gb (0),1,,13,cupy_copy__complex64_complex64
6049550374,227709,160399,1,1,1,32,32,1,30,0.000,0.000,,,,,NVIDIA A100-SXM4-40GB MIG 4g.20gb (0),1,,13,"void convert_kernel<__half2, float2>(tensor_layout_any, T1 *, tensor_layout_any, const T2 *)"
6049808003,5856,160402,,,,,,,,,,0.094,15999.997,Pinned,Device,NVIDIA A100-SXM4-40GB MIG 4g.20gb (0),1,,13,[CUDA memcpy Host-to-Device]
6050031968,51520,160403,,,,,,,,,,35.810,695034.737,Device,,NVIDIA A100-SXM4-40GB MIG 4g.20gb (0),1,,13,[CUDA memset]
6050084992,1824,160405,,,,,,,,,,0.000,43.860,Pinned,Device,NVIDIA A100-SXM4-40GB MIG 4g.20gb (0),1,,13,[CUDA memcpy Host-to-Device]
6050092832,9952,160406,,,,,,,,,,0.197,19755.565,Pinned,Device,NVIDIA A100-SXM4-40GB MIG 4g.20gb (0),1,,13,[CUDA memcpy Host-to-Device]
6050317149,15872,160407,273,1,1,48,1,1,40,0.000,0.001,,,,,NVIDIA A100-SXM4-40GB MIG 4g.20gb (0),1,,13,"void pusch_noise_intf_est::noiseIntfEstNoDftSOfdmKernel<float, __half, float, float, (unsigned int)2, (unsigned int)1, (unsigned char)4, (unsigned char)4>(pusch_noise_intf_est::puschRxNoiseIntfEstDynDescr)"
6050553818,5344,160418,35,1,1,128,1,1,16,0.000,0.000,,,,,NVIDIA A100-SXM4-40GB MIG 4g.20gb (0),1,,13,cupy_copy__complex64_complex64
6050671289,3136,160427,1,1,1,1,1,1,18,0.000,0.000,,,,,NVIDIA A100-SXM4-40GB MIG 4g.20gb (0),1,,13,cupy_copy__float32_float32
6050679321,3360,160433,,,,,,,,,,0.000,1.190,Device,Pageable,NVIDIA A100-SXM4-40GB MIG 4g.20gb (0),1,,7,[CUDA memcpy Device-to-Host]
6050811480,15743,160444,1434,1,1,128,1,1,16,0.000,0.000,,,,,NVIDIA A100-SXM4-40GB MIG 4g.20gb (0),1,,13,cupy_copy__complex64_complex64
6050948726,3872,160451,103,1,1,128,1,1,16,0.000,0.000,,,,,NVIDIA A100-SXM4-40GB MIG 4g.20gb (0),1,,13,cupy_copy__complex64_complex64
6051237139,7104,160458,35,1,1,128,1,1,16,0.000,0.000,,,,,NVIDIA A100-SXM4-40GB MIG 4g.20gb (0),1,,13,cupy_copy__complex64_complex64
6051526159,4512,160465,1,1,1,1,1,1,18,0.000,0.000,,,,,NVIDIA A100-SXM4-40GB MIG 4g.20gb (0),1,,13,cupy_copy__float32_float32
6051653486,279965,160476,1,1,1,32,32,1,30,0.000,0.000,,,,,NVIDIA A100-SXM4-40GB MIG 4g.20gb (0),1,,13,"void convert_kernel<__half2, float2>(tensor_layout_any, T1 *, tensor_layout_any, const T2 *)"
6051964330,5760,160479,,,,,,,,,,0.094,16266.656,Pinned,Device,NVIDIA A100-SXM4-40GB MIG 4g.20gb (0),1,,13,[CUDA memcpy Host-to-Device]
6052335270,4832,160480,,,,,,,,,,1.547,320078.477,Device,,NVIDIA A100-SXM4-40GB MIG 4g.20gb (0),1,,13,[CUDA memset]
6052347046,3104,160485,,,,,,,,,,0.031,10082.445,Pinned,Device,NVIDIA A100-SXM4-40GB MIG 4g.20gb (0),1,,13,[CUDA memcpy Host-to-Device]
6052352582,9824,160486,,,,,,,,,,0.197,20012.925,Pinned,Device,NVIDIA A100-SXM4-40GB MIG 4g.20gb (0),1,,13,[CUDA memcpy Host-to-Device]
6052883712,9376,160487,273,1,1,8,4,1,39,0.002,0.000,,,,,NVIDIA A100-SXM4-40GB MIG 4g.20gb (0),1,,13,"void channel_eq::eqMmseCoefCompLowMimoKernel<float, float, float, (unsigned int)4, (unsigned int)1, (unsigned int)4>(const channel_eq::_puschRxChEqStatDescr *, channel_eq::_puschRxChEqCoefCompDynDescr)"
6053412314,9952,160488,273,1,1,12,11,1,51,0.002,0.000,,,,,NVIDIA A100-SXM4-40GB MIG 4g.20gb (0),1,,13,"void channel_eq::eqMmseSoftDemapKernel<float, __half, __half, float, (unsigned int)4, (unsigned short)16383>(channel_eq::_puschRxChEqStatDescr *, channel_eq::_puschRxChEqSoftDemapDynDescr)"
6053952596,656953,160489,1,1,1,32,32,1,30,0.000,0.000,,,,,NVIDIA A100-SXM4-40GB MIG 4g.20gb (0),1,,13,"void convert_kernel<float2, __half2>(tensor_layout_any, T1 *, tensor_layout_any, const T2 *)"
6055096295,14432,160501,2253,1,1,128,1,1,16,0.000,0.000,,,,,NVIDIA A100-SXM4-40GB MIG 4g.20gb (0),1,,13,cupy_copy__float16_float16
6055645569,5696,160510,282,1,1,128,1,1,16,0.000,0.000,,,,,NVIDIA A100-SXM4-40GB MIG 4g.20gb (0),1,,13,cupy_copy__complex64_complex64
6055927966,3328,160519,26,1,1,128,1,1,16,0.000,0.000,,,,,NVIDIA A100-SXM4-40GB MIG 4g.20gb (0),1,,13,cupy_copy__float32_float32
6056217114,5280,160528,103,1,1,128,1,1,16,0.000,0.000,,,,,NVIDIA A100-SXM4-40GB MIG 4g.20gb (0),1,,13,cupy_copy__complex64_complex64
6056333465,15104,160538,1434,1,1,128,1,1,16,0.000,0.000,,,,,NVIDIA A100-SXM4-40GB MIG 4g.20gb (0),1,,13,cupy_copy__complex64_complex64
6056660501,238398,160543,1,1,1,32,32,1,30,0.000,0.000,,,,,NVIDIA A100-SXM4-40GB MIG 4g.20gb (0),1,,13,"void convert_kernel<__half2, float2>(tensor_layout_any, T1 *, tensor_layout_any, const T2 *)"
6056929170,5760,160546,,,,,,,,,,0.094,16266.656,Pinned,Device,NVIDIA A100-SXM4-40GB MIG 4g.20gb (0),1,,13,[CUDA memcpy Host-to-Device]
6057008913,606841,160547,,,,,,,,,,456.561,751956.692,Device,,NVIDIA A100-SXM4-40GB MIG 4g.20gb (0),1,,13,[CUDA memset]
6057622442,53984,160552,,,,,,,,,,1.235,22876.103,Pinned,Device,NVIDIA A100-SXM4-40GB MIG 4g.20gb (0),1,,13,[CUDA memcpy Host-to-Device]
6057679274,9984,160553,,,,,,,,,,0.197,19692.257,Pinned,Device,NVIDIA A100-SXM4-40GB MIG 4g.20gb (0),1,,13,[CUDA memcpy Host-to-Device]
6057845928,10848,160554,69,4,1,48,1,1,76,0.002,0.000,,,,,NVIDIA A100-SXM4-40GB MIG 4g.20gb (0),1,,13,"void ch_est::windowedChEstPreNoDftSOfdmKernel<float, __half, float, (unsigned int)2, (unsigned int)1, (unsigned short)4>(ch_est::puschRxChEstStatDescr_t *, ch_est::puschRxChEstDynDescr_t *)"
6058225604,8703,160555,137,2,1,24,2,1,44,0.001,0.001,,,,,NVIDIA A100-SXM4-40GB MIG 4g.20gb (0),1,,13,"void ch_est::chEstFilterNoDftSOfdmDispatchKernel<float, __half, float, (unsigned int)2>(ch_est::puschRxChEstStatDescr_t *, ch_est::puschRxChEstDynDescr_t *)"
6058598943,8640,160556,137,2,1,24,2,1,44,0.001,0.001,,,,,NVIDIA A100-SXM4-40GB MIG 4g.20gb (0),1,,13,"void ch_est::chEstFilterNoDftSOfdmDispatchKernel<float, __half, float, (unsigned int)2>(ch_est::puschRxChEstStatDescr_t *, ch_est::puschRxChEstDynDescr_t *)"
6058702942,4864,160567,103,1,1,128,1,1,16,0.000,0.000,,,,,NVIDIA A100-SXM4-40GB MIG 4g.20gb (0),1,,13,cupy_copy__complex64_complex64
6059040922,15744,160577,1434,1,1,128,1,1,16,0.000,0.000,,,,,NVIDIA A100-SXM4-40GB MIG 4g.20gb (0),1,,13,cupy_copy__complex64_complex64
6059479829,4160,160584,103,1,1,128,1,1,16,0.000,0.000,,,,,NVIDIA A100-SXM4-40GB MIG 4g.20gb (0),1,,13,cupy_copy__complex64_complex64
6059924272,292317,160591,1,1,1,32,32,1,30,0.000,0.000,,,,,NVIDIA A100-SXM4-40GB MIG 4g.20gb (0),1,,13,"void convert_kernel<__half2, float2>(tensor_layout_any, T1 *, tensor_layout_any, const T2 *)"
6060246381,10048,160594,,,,,,,,,,0.094,9324.813,Pinned,Device,NVIDIA A100-SXM4-40GB MIG 4g.20gb (0),1,,13,[CUDA memcpy Host-to-Device]
6060561289,59167,160595,,,,,,,,,,35.810,605223.458,Device,,NVIDIA A100-SXM4-40GB MIG 4g.20gb (0),1,,13,[CUDA memset]
6060626600,2176,160597,,,,,,,,,,0.000,36.765,Pinned,Device,NVIDIA A100-SXM4-40GB MIG 4g.20gb (0),1,,13,[CUDA memcpy Host-to-Device]
6060635080,13920,160598,,,,,,,,,,0.197,14124.122,Pinned,Device,NVIDIA A100-SXM4-40GB MIG 4g.20gb (0),1,,13,[CUDA memcpy Host-to-Device]
6061085219,24320,160599,273,1,1,48,1,1,40,0.000,0.001,,,,,NVIDIA A100-SXM4-40GB MIG 4g.20gb (0),1,,13,"void pusch_noise_intf_est::noiseIntfEstNoDftSOfdmKernel<float, __half, float, float, (unsigned int)2, (unsigned int)1, (unsigned char)4, (unsigned char)4>(pusch_noise_intf_est::puschRxNoiseIntfEstDynDescr)"
6061486399,3840,160610,35,1,1,128,1,1,16,0.000,0.000,,,,,NVIDIA A100-SXM4-40GB MIG 4g.20gb (0),1,,13,cupy_copy__complex64_complex64
6061944857,3392,160619,1,1,1,1,1,1,18,0.000,0.000,,,,,NVIDIA A100-SXM4-40GB MIG 4g.20gb (0),1,,13,cupy_copy__float32_float32
6061949337,1696,160625,,,,,,,,,,0.000,2.358,Device,Pageable,NVIDIA A100-SXM4-40GB MIG 4g.20gb (0),1,,7,[CUDA memcpy Device-to-Host]
6062439732,20896,160636,1434,1,1,128,1,1,16,0.000,0.000,,,,,NVIDIA A100-SXM4-40GB MIG 4g.20gb (0),1,,13,cupy_copy__complex64_complex64
6062647698,4223,160643,103,1,1,128,1,1,16,0.000,0.000,,,,,NVIDIA A100-SXM4-40GB MIG 4g.20gb (0),1,,13,cupy_copy__complex64_complex64
6062828527,5728,160650,35,1,1,128,1,1,16,0.000,0.000,,,,,NVIDIA A100-SXM4-40GB MIG 4g.20gb (0),1,,13,cupy_copy__complex64_complex64
6062995406,3488,160657,1,1,1,1,1,1,18,0.000,0.000,,,,,NVIDIA A100-SXM4-40GB MIG 4g.20gb (0),1,,13,cupy_copy__float32_float32
6063156140,200733,160668,1,1,1,32,32,1,30,0.000,0.000,,,,,NVIDIA A100-SXM4-40GB MIG 4g.20gb (0),1,,13,"void convert_kernel<__half2, float2>(tensor_layout_any, T1 *, tensor_layout_any, const T2 *)"
6063386697,5568,160671,,,,,,,,,,0.094,16827.521,Pinned,Device,NVIDIA A100-SXM4-40GB MIG 4g.20gb (0),1,,13,[CUDA memcpy Host-to-Device]
6063471272,5120,160672,,,,,,,,,,1.547,302074.227,Device,,NVIDIA A100-SXM4-40GB MIG 4g.20gb (0),1,,13,[CUDA memset]
6063477288,6400,160677,,,,,,,,,,0.031,4890.000,Pinned,Device,NVIDIA A100-SXM4-40GB MIG 4g.20gb (0),1,,13,[CUDA memcpy Host-to-Device]
6063486152,9568,160678,,,,,,,,,,0.197,20548.485,Pinned,Device,NVIDIA A100-SXM4-40GB MIG 4g.20gb (0),1,,13,[CUDA memcpy Host-to-Device]
6063563655,11680,160679,273,1,1,8,4,1,39,0.002,0.000,,,,,NVIDIA A100-SXM4-40GB MIG 4g.20gb (0),1,,13,"void channel_eq::eqMmseCoefCompLowMimoKernel<float, float, float, (unsigned int)4, (unsigned int)1, (unsigned int)4>(const channel_eq::_puschRxChEqStatDescr *, channel_eq::_puschRxChEqCoefCompDynDescr)"
6063657574,12096,160680,273,1,1,12,11,1,51,0.002,0.000,,,,,NVIDIA A100-SXM4-40GB MIG 4g.20gb (0),1,,13,"void channel_eq::eqMmseSoftDemapKernel<float, __half, __half, float, (unsigned int)4, (unsigned short)16383>(channel_eq::_puschRxChEqStatDescr *, channel_eq::_puschRxChEqSoftDemapDynDescr)"
6063752293,336540,160681,1,1,1,32,32,1,30,0.000,0.000,,,,,NVIDIA A100-SXM4-40GB MIG 4g.20gb (0),1,,13,"void convert_kernel<float2, __half2>(tensor_layout_any, T1 *, tensor_layout_any, const T2 *)"
6064156416,15808,160693,2253,1,1,128,1,1,16,0.000,0.000,,,,,NVIDIA A100-SXM4-40GB MIG 4g.20gb (0),1,,13,cupy_copy__float16_float16
6064336734,6240,160702,282,1,1,128,1,1,16,0.000,0.000,,,,,NVIDIA A100-SXM4-40GB MIG 4g.20gb (0),1,,13,cupy_copy__complex64_complex64
6064675419,5024,160711,26,1,1,128,1,1,16,0.000,0.000,,,,,NVIDIA A100-SXM4-40GB MIG 4g.20gb (0),1,,13,cupy_copy__float32_float32
6065054134,5888,160720,103,1,1,128,1,1,16,0.000,0.000,,,,,NVIDIA A100-SXM4-40GB MIG 4g.20gb (0),1,,13,cupy_copy__complex64_complex64
6065231700,15456,160730,1434,1,1,128,1,1,16,0.000,0.000,,,,,NVIDIA A100-SXM4-40GB MIG 4g.20gb (0),1,,13,cupy_copy__complex64_complex64
6065715471,291356,160735,1,1,1,32,32,1,30,0.000,0.000,,,,,NVIDIA A100-SXM4-40GB MIG 4g.20gb (0),1,,13,"void convert_kernel<__half2, float2>(tensor_layout_any, T1 *, tensor_layout_any, const T2 *)"
6066037003,5824,160738,,,,,,,,,,0.094,16087.884,Pinned,Device,NVIDIA A100-SXM4-40GB MIG 4g.20gb (0),1,,13,[CUDA memcpy Host-to-Device]
6066476198,615481,160739,,,,,,,,,,456.561,741455.779,Device,,NVIDIA A100-SXM4-40GB MIG 4g.20gb (0),1,,13,[CUDA memset]
6067097023,60671,160744,,,,,,,,,,1.235,20354.347,Pinned,Device,NVIDIA A100-SXM4-40GB MIG 4g.20gb (0),1,,13,[CUDA memcpy Host-to-Device]
6067161630,9856,160745,,,,,,,,,,0.197,19948.044,Pinned,Device,NVIDIA A100-SXM4-40GB MIG 4g.20gb (0),1,,13,[CUDA memcpy Host-to-Device]
6067614201,11296,160746,69,4,1,48,1,1,76,0.002,0.000,,,,,NVIDIA A100-SXM4-40GB MIG 4g.20gb (0),1,,13,"void ch_est::windowedChEstPreNoDftSOfdmKernel<float, __half, float, (unsigned int)2, (unsigned int)1, (unsigned short)4>(ch_est::puschRxChEstStatDescr_t *, ch_est::puschRxChEstDynDescr_t *)"
6068084564,8768,160747,137,2,1,24,2,1,44,0.001,0.001,,,,,NVIDIA A100-SXM4-40GB MIG 4g.20gb (0),1,,13,"void ch_est::chEstFilterNoDftSOfdmDispatchKernel<float, __half, float, (unsigned int)2>(ch_est::puschRxChEstStatDescr_t *, ch_est::puschRxChEstDynDescr_t *)"
6068557935,8960,160748,137,2,1,24,2,1,44,0.001,0.001,,,,,NVIDIA A100-SXM4-40GB MIG 4g.20gb (0),1,,13,"void ch_est::chEstFilterNoDftSOfdmDispatchKernel<float, __half, float, (unsigned int)2>(ch_est::puschRxChEstStatDescr_t *, ch_est::puschRxChEstDynDescr_t *)"
6069034089,4800,160759,103,1,1,128,1,1,16,0.000,0.000,,,,,NVIDIA A100-SXM4-40GB MIG 4g.20gb (0),1,,13,cupy_copy__complex64_complex64
6069488644,15872,160769,1434,1,1,128,1,1,16,0.000,0.000,,,,,NVIDIA A100-SXM4-40GB MIG 4g.20gb (0),1,,13,cupy_copy__complex64_complex64
6069710978,5024,160776,103,1,1,128,1,1,16,0.000,0.000,,,,,NVIDIA A100-SXM4-40GB MIG 4g.20gb (0),1,,13,cupy_copy__complex64_complex64
6069880192,212893,160783,1,1,1,32,32,1,30,0.000,0.000,,,,,NVIDIA A100-SXM4-40GB MIG 4g.20gb (0),1,,13,"void convert_kernel<__half2, float2>(tensor_layout_any, T1 *, tensor_layout_any, const T2 *)"
6070123005,5664,160786,,,,,,,,,,0.094,16542.310,Pinned,Device,NVIDIA A100-SXM4-40GB MIG 4g.20gb (0),1,,13,[CUDA memcpy Host-to-Device]
6070191548,50464,160787,,,,,,,,,,35.810,709609.375,Device,,NVIDIA A100-SXM4-40GB MIG 4g.20gb (0),1,,13,[CUDA memset]
6070246715,2016,160789,,,,,,,,,,0.000,39.682,Pinned,Device,NVIDIA A100-SXM4-40GB MIG 4g.20gb (0),1,,13,[CUDA memcpy Host-to-Device]
6070251163,9600,160790,,,,,,,,,,0.197,20479.869,Pinned,Device,NVIDIA A100-SXM4-40GB MIG 4g.20gb (0),1,,13,[CUDA memcpy Host-to-Device]
6070353946,12192,160791,273,1,1,48,1,1,40,0.000,0.001,,,,,NVIDIA A100-SXM4-40GB MIG 4g.20gb (0),1,,13,"void pusch_noise_intf_est::noiseIntfEstNoDftSOfdmKernel<float, __half, float, float, (unsigned int)2, (unsigned int)1, (unsigned char)4, (unsigned char)4>(pusch_noise_intf_est::puschRxNoiseIntfEstDynDescr)"
6070448473,4608,160802,35,1,1,128,1,1,16,0.000,0.000,,,,,NVIDIA A100-SXM4-40GB MIG 4g.20gb (0),1,,13,cupy_copy__complex64_complex64
6070518200,2272,160811,1,1,1,1,1,1,18,0.000,0.000,,,,,NVIDIA A100-SXM4-40GB MIG 4g.20gb (0),1,,13,cupy_copy__float32_float32
6070521176,1568,160817,,,,,,,,,,0.000,2.551,Device,Pageable,NVIDIA A100-SXM4-40GB MIG 4g.20gb (0),1,,7,[CUDA memcpy Device-to-Host]
6070660183,15136,160828,1434,1,1,128,1,1,16,0.000,0.000,,,,,NVIDIA A100-SXM4-40GB MIG 4g.20gb (0),1,,13,cupy_copy__complex64_complex64
6070730454,3424,160835,103,1,1,128,1,1,16,0.000,0.000,,,,,NVIDIA A100-SXM4-40GB MIG 4g.20gb (0),1,,13,cupy_copy__complex64_complex64
6070799765,3264,160842,35,1,1,128,1,1,16,0.000,0.000,,,,,NVIDIA A100-SXM4-40GB MIG 4g.20gb (0),1,,13,cupy_copy__complex64_complex64
6070860757,3200,160849,1,1,1,1,1,1,18,0.000,0.000,,,,,NVIDIA A100-SXM4-40GB MIG 4g.20gb (0),1,,13,cupy_copy__float32_float32
6070941908,97343,160860,1,1,1,32,32,1,30,0.000,0.000,,,,,NVIDIA A100-SXM4-40GB MIG 4g.20gb (0),1,,13,"void convert_kernel<__half2, float2>(tensor_layout_any, T1 *, tensor_layout_any, const T2 *)"
6071068978,5792,160863,,,,,,,,,,0.094,16176.708,Pinned,Device,NVIDIA A100-SXM4-40GB MIG 4g.20gb (0),1,,13,[CUDA memcpy Host-to-Device]
6071163633,4608,160864,,,,,,,,,,1.547,335637.514,Device,,NVIDIA A100-SXM4-40GB MIG 4g.20gb (0),1,,13,[CUDA memset]
6071173393,7296,160869,,,,,,,,,,0.031,4289.461,Pinned,Device,NVIDIA A100-SXM4-40GB MIG 4g.20gb (0),1,,13,[CUDA memcpy Host-to-Device]
6071183153,9728,160870,,,,,,,,,,0.197,20210.516,Pinned,Device,NVIDIA A100-SXM4-40GB MIG 4g.20gb (0),1,,13,[CUDA memcpy Host-to-Device]
6071313679,12480,160871,273,1,1,8,4,1,39,0.002,0.000,,,,,NVIDIA A100-SXM4-40GB MIG 4g.20gb (0),1,,13,"void channel_eq::eqMmseCoefCompLowMimoKernel<float, float, float, (unsigned int)4, (unsigned int)1, (unsigned int)4>(const channel_eq::_puschRxChEqStatDescr *, channel_eq::_puschRxChEqCoefCompDynDescr)"
6071712939,20576,160872,273,1,1,12,11,1,51,0.002,0.000,,,,,NVIDIA A100-SXM4-40GB MIG 4g.20gb (0),1,,13,"void channel_eq::eqMmseSoftDemapKernel<float, __half, __half, float, (unsigned int)4, (unsigned short)16383>(channel_eq::_puschRxChEqStatDescr *, channel_eq::_puschRxChEqSoftDemapDynDescr)"
6072208741,695832,160873,1,1,1,32,32,1,30,0.000,0.000,,,,,NVIDIA A100-SXM4-40GB MIG 4g.20gb (0),1,,13,"void convert_kernel<float2, __half2>(tensor_layout_any, T1 *, tensor_layout_any, const T2 *)"
6073292793,13632,160885,2253,1,1,128,1,1,16,0.000,0.000,,,,,NVIDIA A100-SXM4-40GB MIG 4g.20gb (0),1,,13,cupy_copy__float16_float16
6073789683,4384,160894,282,1,1,128,1,1,16,0.000,0.000,,,,,NVIDIA A100-SXM4-40GB MIG 4g.20gb (0),1,,13,cupy_copy__complex64_complex64
6074281774,3360,160903,26,1,1,128,1,1,16,0.000,0.000,,,,,NVIDIA A100-SXM4-40GB MIG 4g.20gb (0),1,,13,cupy_copy__float32_float32
6074739529,5888,160912,103,1,1,128,1,1,16,0.000,0.000,,,,,NVIDIA A100-SXM4-40GB MIG 4g.20gb (0),1,,13,cupy_copy__complex64_complex64
6075208995,15904,160922,1434,1,1,128,1,1,16,0.000,0.000,,,,,NVIDIA A100-SXM4-40GB MIG 4g.20gb (0),1,,13,cupy_copy__complex64_complex64
6075691614,278205,160927,1,1,1,32,32,1,30,0.000,0.000,,,,,NVIDIA A100-SXM4-40GB MIG 4g.20gb (0),1,,13,"void convert_kernel<__half2, float2>(tensor_layout_any, T1 *, tensor_layout_any, const T2 *)"
6076001274,8576,160930,,,,,,,,,,0.094,10925.328,Pinned,Device,NVIDIA A100-SXM4-40GB MIG 4g.20gb (0),1,,13,[CUDA memcpy Host-to-Device]
6076343478,610234,160931,,,,,,,,,,456.561,747847.639,Device,,NVIDIA A100-SXM4-40GB MIG 4g.20gb (0),1,,13,[CUDA memset]
6076960655,54176,160936,,,,,,,,,,1.235,22794.596,Pinned,Device,NVIDIA A100-SXM4-40GB MIG 4g.20gb (0),1,,13,[CUDA memcpy Host-to-Device]
6077017807,12768,160937,,,,,,,,,,0.197,15398.339,Pinned,Device,NVIDIA A100-SXM4-40GB MIG 4g.20gb (0),1,,13,[CUDA memcpy Host-to-Device]
6077095502,8480,160938,69,4,1,48,1,1,76,0.002,0.000,,,,,NVIDIA A100-SXM4-40GB MIG 4g.20gb (0),1,,13,"void ch_est::windowedChEstPreNoDftSOfdmKernel<float, __half, float, (unsigned int)2, (unsigned int)1, (unsigned short)4>(ch_est::puschRxChEstStatDescr_t *, ch_est::puschRxChEstDynDescr_t *)"
6077183021,7136,160939,137,2,1,24,2,1,44,0.001,0.001,,,,,NVIDIA A100-SXM4-40GB MIG 4g.20gb (0),1,,13,"void ch_est::chEstFilterNoDftSOfdmDispatchKernel<float, __half, float, (unsigned int)2>(ch_est::puschRxChEstStatDescr_t *, ch_est::puschRxChEstDynDescr_t *)"
6077261676,5824,160940,137,2,1,24,2,1,44,0.001,0.001,,,,,NVIDIA A100-SXM4-40GB MIG 4g.20gb (0),1,,13,"void ch_est::chEstFilterNoDftSOfdmDispatchKernel<float, __half, float, (unsigned int)2>(ch_est::puschRxChEstStatDescr_t *, ch_est::puschRxChEstDynDescr_t *)"
6077312172,4511,160951,103,1,1,128,1,1,16,0.000,0.000,,,,,NVIDIA A100-SXM4-40GB MIG 4g.20gb (0),1,,13,cupy_copy__complex64_complex64
6077389419,15327,160961,1434,1,1,128,1,1,16,0.000,0.000,,,,,NVIDIA A100-SXM4-40GB MIG 4g.20gb (0),1,,13,cupy_copy__complex64_complex64
6077476522,4384,160968,103,1,1,128,1,1,16,0.000,0.000,,,,,NVIDIA A100-SXM4-40GB MIG 4g.20gb (0),1,,13,cupy_copy__complex64_complex64
6077524969,96671,160975,1,1,1,32,32,1,30,0.000,0.000,,,,,NVIDIA A100-SXM4-40GB MIG 4g.20gb (0),1,,13,"void convert_kernel<__half2, float2>(tensor_layout_any, T1 *, tensor_layout_any, const T2 *)"
6077651752,5568,160978,,,,,,,,,,0.094,16827.521,Pinned,Device,NVIDIA A100-SXM4-40GB MIG 4g.20gb (0),1,,13,[CUDA memcpy Host-to-Device]
6077706567,48768,160979,,,,,,,,,,35.810,734282.410,Device,,NVIDIA A100-SXM4-40GB MIG 4g.20gb (0),1,,13,[CUDA memset]
6077756198,1824,160981,,,,,,,,,,0.000,43.860,Pinned,Device,NVIDIA A100-SXM4-40GB MIG 4g.20gb (0),1,,13,[CUDA memcpy Host-to-Device]
6077763910,9344,160982,,,,,,,,,,0.197,21040.988,Pinned,Device,NVIDIA A100-SXM4-40GB MIG 4g.20gb (0),1,,13,[CUDA memcpy Host-to-Device]
6077841158,12191,160983,273,1,1,48,1,1,40,0.000,0.001,,,,,NVIDIA A100-SXM4-40GB MIG 4g.20gb (0),1,,13,"void pusch_noise_intf_est::noiseIntfEstNoDftSOfdmKernel<float, __half, float, float, (unsigned int)2, (unsigned int)1, (unsigned char)4, (unsigned char)4>(pusch_noise_intf_est::puschRxNoiseIntfEstDynDescr)"
6077973508,4672,160994,35,1,1,128,1,1,16,0.000,0.000,,,,,NVIDIA A100-SXM4-40GB MIG 4g.20gb (0),1,,13,cupy_copy__complex64_complex64
6078025603,3520,161003,1,1,1,1,1,1,18,0.000,0.000,,,,,NVIDIA A100-SXM4-40GB MIG 4g.20gb (0),1,,13,cupy_copy__float32_float32
6078031075,2144,161009,,,,,,,,,,0.000,1.866,Device,Pageable,NVIDIA A100-SXM4-40GB MIG 4g.20gb (0),1,,7,[CUDA memcpy Device-to-Host]
6078196962,15519,161020,1434,1,1,128,1,1,16,0.000,0.000,,,,,NVIDIA A100-SXM4-40GB MIG 4g.20gb (0),1,,13,cupy_copy__complex64_complex64
6078426719,5600,161027,103,1,1,128,1,1,16,0.000,0.000,,,,,NVIDIA A100-SXM4-40GB MIG 4g.20gb (0),1,,13,cupy_copy__complex64_complex64
6078623069,5504,161034,35,1,1,128,1,1,16,0.000,0.000,,,,,NVIDIA A100-SXM4-40GB MIG 4g.20gb (0),1,,13,cupy_copy__complex64_complex64
6078686556,3136,161041,1,1,1,1,1,1,18,0.000,0.000,,,,,NVIDIA A100-SXM4-40GB MIG 4g.20gb (0),1,,13,cupy_copy__float32_float32
6078880666,283037,161052,1,1,1,32,32,1,30,0.000,0.000,,,,,NVIDIA A100-SXM4-40GB MIG 4g.20gb (0),1,,13,"void convert_kernel<__half2, float2>(tensor_layout_any, T1 *, tensor_layout_any, const T2 *)"
6079193302,12800,161055,,,,,,,,,,0.094,7320.000,Pinned,Device,NVIDIA A100-SXM4-40GB MIG 4g.20gb (0),1,,13,[CUDA memcpy Host-to-Device]
6079538610,4928,161056,,,,,,,,,,1.547,313844.035,Device,,NVIDIA A100-SXM4-40GB MIG 4g.20gb (0),1,,13,[CUDA memset]
6079550418,4512,161061,,,,,,,,,,0.031,6936.164,Pinned,Device,NVIDIA A100-SXM4-40GB MIG 4g.20gb (0),1,,13,[CUDA memcpy Host-to-Device]
6079561010,11968,161062,,,,,,,,,,0.197,16427.778,Pinned,Device,NVIDIA A100-SXM4-40GB MIG 4g.20gb (0),1,,13,[CUDA memcpy Host-to-Device]
6080017101,13024,161063,273,1,1,8,4,1,39,0.002,0.000,,,,,NVIDIA A100-SXM4-40GB MIG 4g.20gb (0),1,,13,"void channel_eq::eqMmseCoefCompLowMimoKernel<float, float, float, (unsigned int)4, (unsigned int)1, (unsigned int)4>(const channel_eq::_puschRxChEqStatDescr *, channel_eq::_puschRxChEqCoefCompDynDescr)"
6080278442,12960,161064,273,1,1,12,11,1,51,0.002,0.000,,,,,NVIDIA A100-SXM4-40GB MIG 4g.20gb (0),1,,13,"void channel_eq::eqMmseSoftDemapKernel<float, __half, __half, float, (unsigned int)4, (unsigned short)16383>(channel_eq::_puschRxChEqStatDescr *, channel_eq::_puschRxChEqSoftDemapDynDescr)"
6080752869,695960,161065,1,1,1,32,32,1,30,0.000,0.000,,,,,NVIDIA A100-SXM4-40GB MIG 4g.20gb (0),1,,13,"void convert_kernel<float2, __half2>(tensor_layout_any, T1 *, tensor_layout_any, const T2 *)"
6081678522,13248,161077,2253,1,1,128,1,1,16,0.000,0.000,,,,,NVIDIA A100-SXM4-40GB MIG 4g.20gb (0),1,,13,cupy_copy__float16_float16
6082158741,4480,161086,282,1,1,128,1,1,16,0.000,0.000,,,,,NVIDIA A100-SXM4-40GB MIG 4g.20gb (0),1,,13,cupy_copy__complex64_complex64
6082473553,4256,161095,26,1,1,128,1,1,16,0.000,0.000,,,,,NVIDIA A100-SXM4-40GB MIG 4g.20gb (0),1,,13,cupy_copy__float32_float32
6082803821,6432,161104,103,1,1,128,1,1,16,0.000,0.000,,,,,NVIDIA A100-SXM4-40GB MIG 4g.20gb (0),1,,13,cupy_copy__complex64_complex64
6083117674,16288,161114,1434,1,1,128,1,1,16,0.000,0.000,,,,,NVIDIA A100-SXM4-40GB MIG 4g.20gb (0),1,,13,cupy_copy__complex64_complex64
6083475526,248829,161119,1,1,1,32,32,1,30,0.000,0.000,,,,,NVIDIA A100-SXM4-40GB MIG 4g.20gb (0),1,,13,"void convert_kernel<__half2, float2>(tensor_layout_any, T1 *, tensor_layout_any, const T2 *)"
6083759395,9727,161122,,,,,,,,,,0.094,9632.511,Pinned,Device,NVIDIA A100-SXM4-40GB MIG 4g.20gb (0),1,,13,[CUDA memcpy Host-to-Device]
6083978784,610841,161123,,,,,,,,,,456.561,747391.077,Device,,NVIDIA A100-SXM4-40GB MIG 4g.20gb (0),1,,13,[CUDA memset]
6084591769,67551,161128,,,,,,,,,,1.235,18280.876,Pinned,Device,NVIDIA A100-SXM4-40GB MIG 4g.20gb (0),1,,13,[CUDA memcpy Host-to-Device]
6084661784,13696,161129,,,,,,,,,,0.197,14355.137,Pinned,Device,NVIDIA A100-SXM4-40GB MIG 4g.20gb (0),1,,13,[CUDA memcpy Host-to-Device]
6084830678,9216,161130,69,4,1,48,1,1,76,0.002,0.000,,,,,NVIDIA A100-SXM4-40GB MIG 4g.20gb (0),1,,13,"void ch_est::windowedChEstPreNoDftSOfdmKernel<float, __half, float, (unsigned int)2, (unsigned int)1, (unsigned short)4>(ch_est::puschRxChEstStatDescr_t *, ch_est::puschRxChEstDynDescr_t *)"
6085036980,8640,161131,137,2,1,24,2,1,44,0.001,0.001,,,,,NVIDIA A100-SXM4-40GB MIG 4g.20gb (0),1,,13,"void ch_est::chEstFilterNoDftSOfdmDispatchKernel<float, __half, float, (unsigned int)2>(ch_est::puschRxChEstStatDescr_t *, ch_est::puschRxChEstDynDescr_t *)"
6085276017,8960,161132,137,2,1,24,2,1,44,0.001,0.001,,,,,NVIDIA A100-SXM4-40GB MIG 4g.20gb (0),1,,13,"void ch_est::chEstFilterNoDftSOfdmDispatchKernel<float, __half, float, (unsigned int)2>(ch_est::puschRxChEstStatDescr_t *, ch_est::puschRxChEstDynDescr_t *)"
6085517423,4672,161143,103,1,1,128,1,1,16,0.000,0.000,,,,,NVIDIA A100-SXM4-40GB MIG 4g.20gb (0),1,,13,cupy_copy__complex64_complex64
6085714860,17600,161153,1434,1,1,128,1,1,16,0.000,0.000,,,,,NVIDIA A100-SXM4-40GB MIG 4g.20gb (0),1,,13,cupy_copy__complex64_complex64
6085957802,5760,161160,103,1,1,128,1,1,16,0.000,0.000,,,,,NVIDIA A100-SXM4-40GB MIG 4g.20gb (0),1,,13,cupy_copy__complex64_complex64
6086174119,251165,161167,1,1,1,32,32,1,30,0.000,0.000,,,,,NVIDIA A100-SXM4-40GB MIG 4g.20gb (0),1,,13,"void convert_kernel<__half2, float2>(tensor_layout_any, T1 *, tensor_layout_any, const T2 *)"
6086454532,5728,161170,,,,,,,,,,0.094,16357.541,Pinned,Device,NVIDIA A100-SXM4-40GB MIG 4g.20gb (0),1,,13,[CUDA memcpy Host-to-Device]
6086660290,52671,161171,,,,,,,,,,35.810,679851.331,Device,,NVIDIA A100-SXM4-40GB MIG 4g.20gb (0),1,,13,[CUDA memset]
6086720353,1984,161173,,,,,,,,,,0.000,40.323,Pinned,Device,NVIDIA A100-SXM4-40GB MIG 4g.20gb (0),1,,13,[CUDA memcpy Host-to-Device]
6086724865,9504,161174,,,,,,,,,,0.197,20686.701,Pinned,Device,NVIDIA A100-SXM4-40GB MIG 4g.20gb (0),1,,13,[CUDA memcpy Host-to-Device]
6086882719,17760,161175,273,1,1,48,1,1,40,0.000,0.001,,,,,NVIDIA A100-SXM4-40GB MIG 4g.20gb (0),1,,13,"void pusch_noise_intf_est::noiseIntfEstNoDftSOfdmKernel<float, __half, float, float, (unsigned int)2, (unsigned int)1, (unsigned char)4, (unsigned char)4>(pusch_noise_intf_est::puschRxNoiseIntfEstDynDescr)"
6087220507,6432,161186,35,1,1,128,1,1,16,0.000,0.000,,,,,NVIDIA A100-SXM4-40GB MIG 4g.20gb (0),1,,13,cupy_copy__complex64_complex64
6087319642,3072,161195,1,1,1,1,1,1,18,0.000,0.000,,,,,NVIDIA A100-SXM4-40GB MIG 4g.20gb (0),1,,13,cupy_copy__float32_float32
6087329626,2560,161201,,,,,,,,,,0.000,1.562,Device,Pageable,NVIDIA A100-SXM4-40GB MIG 4g.20gb (0),1,,7,[CUDA memcpy Device-to-Host]
6087619447,21248,161212,1434,1,1,128,1,1,16,0.000,0.000,,,,,NVIDIA A100-SXM4-40GB MIG 4g.20gb (0),1,,13,cupy_copy__complex64_complex64
6087704438,4416,161219,103,1,1,128,1,1,16,0.000,0.000,,,,,NVIDIA A100-SXM4-40GB MIG 4g.20gb (0),1,,13,cupy_copy__complex64_complex64
6087962675,8000,161226,35,1,1,128,1,1,16,0.000,0.000,,,,,NVIDIA A100-SXM4-40GB MIG 4g.20gb (0),1,,13,cupy_copy__complex64_complex64
6088229744,3488,161233,1,1,1,1,1,1,18,0.000,0.000,,,,,NVIDIA A100-SXM4-40GB MIG 4g.20gb (0),1,,13,cupy_copy__float32_float32
6088490445,285021,161244,1,1,1,32,32,1,30,0.000,0.000,,,,,NVIDIA A100-SXM4-40GB MIG 4g.20gb (0),1,,13,"void convert_kernel<__half2, float2>(tensor_layout_any, T1 *, tensor_layout_any, const T2 *)"
6088806089,6560,161247,,,,,,,,,,0.094,14282.925,Pinned,Device,NVIDIA A100-SXM4-40GB MIG 4g.20gb (0),1,,13,[CUDA memcpy Host-to-Device]
6088875017,4256,161248,,,,,,,,,,1.547,363397.868,Device,,NVIDIA A100-SXM4-40GB MIG 4g.20gb (0),1,,13,[CUDA memset]
6088884617,4191,161253,,,,,,,,,,0.031,7467.413,Pinned,Device,NVIDIA A100-SXM4-40GB MIG 4g.20gb (0),1,,13,[CUDA memcpy Host-to-Device]
6088895368,14880,161254,,,,,,,,,,0.197,13212.844,Pinned,Device,NVIDIA A100-SXM4-40GB MIG 4g.20gb (0),1,,13,[CUDA memcpy Host-to-Device]
6089180037,36864,161255,273,1,1,8,4,1,39,0.002,0.000,,,,,NVIDIA A100-SXM4-40GB MIG 4g.20gb (0),1,,13,"void channel_eq::eqMmseCoefCompLowMimoKernel<float, float, float, (unsigned int)4, (unsigned int)1, (unsigned int)4>(const channel_eq::_puschRxChEqStatDescr *, channel_eq::_puschRxChEqCoefCompDynDescr)"
6089544001,10144,161256,273,1,1,12,11,1,51,0.002,0.000,,,,,NVIDIA A100-SXM4-40GB MIG 4g.20gb (0),1,,13,"void channel_eq::eqMmseSoftDemapKernel<float, __half, __half, float, (unsigned int)4, (unsigned short)16383>(channel_eq::_puschRxChEqStatDescr *, channel_eq::_puschRxChEqSoftDemapDynDescr)"
6090031292,685176,161257,1,1,1,32,32,1,30,0.000,0.000,,,,,NVIDIA A100-SXM4-40GB MIG 4g.20gb (0),1,,13,"void convert_kernel<float2, __half2>(tensor_layout_any, T1 *, tensor_layout_any, const T2 *)"
6090907506,13375,161269,2253,1,1,128,1,1,16,0.000,0.000,,,,,NVIDIA A100-SXM4-40GB MIG 4g.20gb (0),1,,13,cupy_copy__float16_float16
6091142159,5024,161278,282,1,1,128,1,1,16,0.000,0.000,,,,,NVIDIA A100-SXM4-40GB MIG 4g.20gb (0),1,,13,cupy_copy__complex64_complex64
6091335277,4800,161287,26,1,1,128,1,1,16,0.000,0.000,,,,,NVIDIA A100-SXM4-40GB MIG 4g.20gb (0),1,,13,cupy_copy__float32_float32
6091536906,6400,161296,103,1,1,128,1,1,16,0.000,0.000,,,,,NVIDIA A100-SXM4-40GB MIG 4g.20gb (0),1,,13,cupy_copy__complex64_complex64
6091654633,15456,161306,1434,1,1,128,1,1,16,0.000,0.000,,,,,NVIDIA A100-SXM4-40GB MIG 4g.20gb (0),1,,13,cupy_copy__complex64_complex64
6091858055,248221,161311,1,1,1,32,32,1,30,0.000,0.000,,,,,NVIDIA A100-SXM4-40GB MIG 4g.20gb (0),1,,13,"void convert_kernel<__half2, float2>(tensor_layout_any, T1 *, tensor_layout_any, const T2 *)"
6092138596,5664,161314,,,,,,,,,,0.094,16542.310,Pinned,Device,NVIDIA A100-SXM4-40GB MIG 4g.20gb (0),1,,13,[CUDA memcpy Host-to-Device]
6092343201,610137,161315,,,,,,,,,,456.561,747847.639,Device,,NVIDIA A100-SXM4-40GB MIG 4g.20gb (0),1,,13,[CUDA memset]
6092958778,58432,161320,,,,,,,,,,1.235,21133.597,Pinned,Device,NVIDIA A100-SXM4-40GB MIG 4g.20gb (0),1,,13,[CUDA memcpy Host-to-Device]
6093019674,9504,161321,,,,,,,,,,0.197,20686.701,Pinned,Device,NVIDIA A100-SXM4-40GB MIG 4g.20gb (0),1,,13,[CUDA memcpy Host-to-Device]
6093102393,10464,161322,69,4,1,48,1,1,76,0.002,0.000,,,,,NVIDIA A100-SXM4-40GB MIG 4g.20gb (0),1,,13,"void ch_est::windowedChEstPreNoDftSOfdmKernel<float, __half, float, (unsigned int)2, (unsigned int)1, (unsigned short)4>(ch_est::puschRxChEstStatDescr_t *, ch_est::puschRxChEstDynDescr_t *)"
6093208472,7039,161323,137,2,1,24,2,1,44,0.001,0.001,,,,,NVIDIA A100-SXM4-40GB MIG 4g.20gb (0),1,,13,"void ch_est::chEstFilterNoDftSOfdmDispatchKernel<float, __half, float, (unsigned int)2>(ch_est::puschRxChEstStatDescr_t *, ch_est::puschRxChEstDynDescr_t *)"
6093276503,10688,161324,137,2,1,24,2,1,44,0.001,0.001,,,,,NVIDIA A100-SXM4-40GB MIG 4g.20gb (0),1,,13,"void ch_est::chEstFilterNoDftSOfdmDispatchKernel<float, __half, float, (unsigned int)2>(ch_est::puschRxChEstStatDescr_t *, ch_est::puschRxChEstDynDescr_t *)"
6093358230,4320,161335,103,1,1,128,1,1,16,0.000,0.000,,,,,NVIDIA A100-SXM4-40GB MIG 4g.20gb (0),1,,13,cupy_copy__complex64_complex64
6093432085,14368,161345,1434,1,1,128,1,1,16,0.000,0.000,,,,,NVIDIA A100-SXM4-40GB MIG 4g.20gb (0),1,,13,cupy_copy__complex64_complex64
6093538036,4224,161352,103,1,1,128,1,1,16,0.000,0.000,,,,,NVIDIA A100-SXM4-40GB MIG 4g.20gb (0),1,,13,cupy_copy__complex64_complex64
6093609747,182718,161359,1,1,1,32,32,1,30,0.000,0.000,,,,,NVIDIA A100-SXM4-40GB MIG 4g.20gb (0),1,,13,"void convert_kernel<__half2, float2>(tensor_layout_any, T1 *, tensor_layout_any, const T2 *)"
6093828113,5855,161362,,,,,,,,,,0.094,16002.715,Pinned,Device,NVIDIA A100-SXM4-40GB MIG 4g.20gb (0),1,,13,[CUDA memcpy Host-to-Device]
6094112461,49088,161363,,,,,,,,,,35.810,729483.880,Device,,NVIDIA A100-SXM4-40GB MIG 4g.20gb (0),1,,13,[CUDA memset]
6094166765,2368,161365,,,,,,,,,,0.000,33.784,Pinned,Device,NVIDIA A100-SXM4-40GB MIG 4g.20gb (0),1,,13,[CUDA memcpy Host-to-Device]
6094175789,9472,161366,,,,,,,,,,0.197,20756.693,Pinned,Device,NVIDIA A100-SXM4-40GB MIG 4g.20gb (0),1,,13,[CUDA memcpy Host-to-Device]
6094463689,14336,161367,273,1,1,48,1,1,40,0.000,0.001,,,,,NVIDIA A100-SXM4-40GB MIG 4g.20gb (0),1,,13,"void pusch_noise_intf_est::noiseIntfEstNoDftSOfdmKernel<float, __half, float, float, (unsigned int)2, (unsigned int)1, (unsigned char)4, (unsigned char)4>(pusch_noise_intf_est::puschRxNoiseIntfEstDynDescr)"
6094764070,6816,161378,35,1,1,128,1,1,16,0.000,0.000,,,,,NVIDIA A100-SXM4-40GB MIG 4g.20gb (0),1,,13,cupy_copy__complex64_complex64
6095072610,3520,161387,1,1,1,1,1,1,18,0.000,0.000,,,,,NVIDIA A100-SXM4-40GB MIG 4g.20gb (0),1,,13,cupy_copy__float32_float32
6095081506,1792,161393,,,,,,,,,,0.000,2.232,Device,Pageable,NVIDIA A100-SXM4-40GB MIG 4g.20gb (0),1,,7,[CUDA memcpy Device-to-Host]
6095441374,16192,161404,1434,1,1,128,1,1,16,0.000,0.000,,,,,NVIDIA A100-SXM4-40GB MIG 4g.20gb (0),1,,13,cupy_copy__complex64_complex64
6095766043,4128,161411,103,1,1,128,1,1,16,0.000,0.000,,,,,NVIDIA A100-SXM4-40GB MIG 4g.20gb (0),1,,13,cupy_copy__complex64_complex64
6096040408,5823,161418,35,1,1,128,1,1,16,0.000,0.000,,,,,NVIDIA A100-SXM4-40GB MIG 4g.20gb (0),1,,13,cupy_copy__complex64_complex64
6096331412,3520,161425,1,1,1,1,1,1,18,0.000,0.000,,,,,NVIDIA A100-SXM4-40GB MIG 4g.20gb (0),1,,13,cupy_copy__float32_float32
6096613329,229021,161436,1,1,1,32,32,1,30,0.000,0.000,,,,,NVIDIA A100-SXM4-40GB MIG 4g.20gb (0),1,,13,"void convert_kernel<__half2, float2>(tensor_layout_any, T1 *, tensor_layout_any, const T2 *)"
6096879438,9088,161439,,,,,,,,,,0.094,10309.839,Pinned,Device,NVIDIA A100-SXM4-40GB MIG 4g.20gb (0),1,,13,[CUDA memcpy Host-to-Device]
6097035212,4352,161440,,,,,,,,,,1.547,355381.716,Device,,NVIDIA A100-SXM4-40GB MIG 4g.20gb (0),1,,13,[CUDA memset]
6097044044,6944,161445,,,,,,,,,,0.031,4506.906,Pinned,Device,NVIDIA A100-SXM4-40GB MIG 4g.20gb (0),1,,13,[CUDA memcpy Host-to-Device]
6097053708,9632,161446,,,,,,,,,,0.197,20411.843,Pinned,Device,NVIDIA A100-SXM4-40GB MIG 4g.20gb (0),1,,13,[CUDA memcpy Host-to-Device]
6097159531,10656,161447,273,1,1,8,4,1,39,0.002,0.000,,,,,NVIDIA A100-SXM4-40GB MIG 4g.20gb (0),1,,13,"void channel_eq::eqMmseCoefCompLowMimoKernel<float, float, float, (unsigned int)4, (unsigned int)1, (unsigned int)4>(const channel_eq::_puschRxChEqStatDescr *, channel_eq::_puschRxChEqCoefCompDynDescr)"
6097257354,9056,161448,273,1,1,12,11,1,51,0.002,0.000,,,,,NVIDIA A100-SXM4-40GB MIG 4g.20gb (0),1,,13,"void channel_eq::eqMmseSoftDemapKernel<float, __half, __half, float, (unsigned int)4, (unsigned short)16383>(channel_eq::_puschRxChEqStatDescr *, channel_eq::_puschRxChEqSoftDemapDynDescr)"
6097358601,345020,161449,1,1,1,32,32,1,30,0.000,0.000,,,,,NVIDIA A100-SXM4-40GB MIG 4g.20gb (0),1,,13,"void convert_kernel<float2, __half2>(tensor_layout_any, T1 *, tensor_layout_any, const T2 *)"
6097767364,13632,161461,2253,1,1,128,1,1,16,0.000,0.000,,,,,NVIDIA A100-SXM4-40GB MIG 4g.20gb (0),1,,13,cupy_copy__float16_float16
6097852963,4576,161470,282,1,1,128,1,1,16,0.000,0.000,,,,,NVIDIA A100-SXM4-40GB MIG 4g.20gb (0),1,,13,cupy_copy__complex64_complex64
6097927234,3616,161479,26,1,1,128,1,1,16,0.000,0.000,,,,,NVIDIA A100-SXM4-40GB MIG 4g.20gb (0),1,,13,cupy_copy__float32_float32
6097998721,6368,161488,103,1,1,128,1,1,16,0.000,0.000,,,,,NVIDIA A100-SXM4-40GB MIG 4g.20gb (0),1,,13,cupy_copy__complex64_complex64
6098096128,15200,161498,1434,1,1,128,1,1,16,0.000,0.000,,,,,NVIDIA A100-SXM4-40GB MIG 4g.20gb (0),1,,13,cupy_copy__complex64_complex64
6098204191,103487,161503,1,1,1,32,32,1,30,0.000,0.000,,,,,NVIDIA A100-SXM4-40GB MIG 4g.20gb (0),1,,13,"void convert_kernel<__half2, float2>(tensor_layout_any, T1 *, tensor_layout_any, const T2 *)"
6098341469,11232,161506,,,,,,,,,,0.094,8341.849,Pinned,Device,NVIDIA A100-SXM4-40GB MIG 4g.20gb (0),1,,13,[CUDA memcpy Host-to-Device]
6098497724,609433,161507,,,,,,,,,,456.561,748760.762,Device,,NVIDIA A100-SXM4-40GB MIG 4g.20gb (0),1,,13,[CUDA memset]
6099112949,67487,161512,,,,,,,,,,1.235,18298.165,Pinned,Device,NVIDIA A100-SXM4-40GB MIG 4g.20gb (0),1,,13,[CUDA memcpy Host-to-Device]
6099183732,13792,161513,,,,,,,,,,0.197,14255.063,Pinned,Device,NVIDIA A100-SXM4-40GB MIG 4g.20gb (0),1,,13,[CUDA memcpy Host-to-Device]
6099381170,9088,161514,69,4,1,48,1,1,76,0.002,0.000,,,,,NVIDIA A100-SXM4-40GB MIG 4g.20gb (0),1,,13,"void ch_est::windowedChEstPreNoDftSOfdmKernel<float, __half, float, (unsigned int)2, (unsigned int)1, (unsigned short)4>(ch_est::puschRxChEstStatDescr_t *, ch_est::puschRxChEstDynDescr_t *)"
6099657903,8575,161515,137,2,1,24,2,1,44,0.001,0.001,,,,,NVIDIA A100-SXM4-40GB MIG 4g.20gb (0),1,,13,"void ch_est::chEstFilterNoDftSOfdmDispatchKernel<float, __half, float, (unsigned int)2>(ch_est::puschRxChEstStatDescr_t *, ch_est::puschRxChEstDynDescr_t *)"
6099907916,9376,161516,137,2,1,24,2,1,44,0.001,0.001,,,,,NVIDIA A100-SXM4-40GB MIG 4g.20gb (0),1,,13,"void ch_est::chEstFilterNoDftSOfdmDispatchKernel<float, __half, float, (unsigned int)2>(ch_est::puschRxChEstStatDescr_t *, ch_est::puschRxChEstDynDescr_t *)"
6100172265,3840,161527,103,1,1,128,1,1,16,0.000,0.000,,,,,NVIDIA A100-SXM4-40GB MIG 4g.20gb (0),1,,13,cupy_copy__complex64_complex64
6100407686,16256,161537,1434,1,1,128,1,1,16,0.000,0.000,,,,,NVIDIA A100-SXM4-40GB MIG 4g.20gb (0),1,,13,cupy_copy__complex64_complex64
6100651587,3968,161544,103,1,1,128,1,1,16,0.000,0.000,,,,,NVIDIA A100-SXM4-40GB MIG 4g.20gb (0),1,,13,cupy_copy__complex64_complex64
6100771522,249501,161551,1,1,1,32,32,1,30,0.000,0.000,,,,,NVIDIA A100-SXM4-40GB MIG 4g.20gb (0),1,,13,"void convert_kernel<__half2, float2>(tensor_layout_any, T1 *, tensor_layout_any, const T2 *)"
6101050719,6560,161554,,,,,,,,,,0.094,14282.925,Pinned,Device,NVIDIA A100-SXM4-40GB MIG 4g.20gb (0),1,,13,[CUDA memcpy Host-to-Device]
6101299932,52959,161555,,,,,,,,,,35.810,676162.909,Device,,NVIDIA A100-SXM4-40GB MIG 4g.20gb (0),1,,13,[CUDA memset]
6101356539,2112,161557,,,,,,,,,,0.000,37.879,Pinned,Device,NVIDIA A100-SXM4-40GB MIG 4g.20gb (0),1,,13,[CUDA memcpy Host-to-Device]
6101361947,12128,161558,,,,,,,,,,0.197,16210.919,Pinned,Device,NVIDIA A100-SXM4-40GB MIG 4g.20gb (0),1,,13,[CUDA memcpy Host-to-Device]
6101617848,16736,161559,273,1,1,48,1,1,40,0.000,0.001,,,,,NVIDIA A100-SXM4-40GB MIG 4g.20gb (0),1,,13,"void pusch_noise_intf_est::noiseIntfEstNoDftSOfdmKernel<float, __half, float, float, (unsigned int)2, (unsigned int)1, (unsigned char)4, (unsigned char)4>(pusch_noise_intf_est::puschRxNoiseIntfEstDynDescr)"
6101889333,6048,161570,35,1,1,128,1,1,16,0.000,0.000,,,,,NVIDIA A100-SXM4-40GB MIG 4g.20gb (0),1,,13,cupy_copy__complex64_complex64
6101972820,3072,161579,1,1,1,1,1,1,18,0.000,0.000,,,,,NVIDIA A100-SXM4-40GB MIG 4g.20gb (0),1,,13,cupy_copy__float32_float32
6101980980,1568,161585,,,,,,,,,,0.000,2.551,Device,Pageable,NVIDIA A100-SXM4-40GB MIG 4g.20gb (0),1,,7,[CUDA memcpy Device-to-Host]
6102119027,14720,161596,1434,1,1,128,1,1,16,0.000,0.000,,,,,NVIDIA A100-SXM4-40GB MIG 4g.20gb (0),1,,13,cupy_copy__complex64_complex64
6102226865,3712,161603,103,1,1,128,1,1,16,0.000,0.000,,,,,NVIDIA A100-SXM4-40GB MIG 4g.20gb (0),1,,13,cupy_copy__complex64_complex64
6102292881,4672,161610,35,1,1,128,1,1,16,0.000,0.000,,,,,NVIDIA A100-SXM4-40GB MIG 4g.20gb (0),1,,13,cupy_copy__complex64_complex64
6102374416,2496,161617,1,1,1,1,1,1,18,0.000,0.000,,,,,NVIDIA A100-SXM4-40GB MIG 4g.20gb (0),1,,13,cupy_copy__float32_float32
6102448207,99711,161628,1,1,1,32,32,1,30,0.000,0.000,,,,,NVIDIA A100-SXM4-40GB MIG 4g.20gb (0),1,,13,"void convert_kernel<__half2, float2>(tensor_layout_any, T1 *, tensor_layout_any, const T2 *)"
6102577390,5791,161631,,,,,,,,,,0.094,16179.519,Pinned,Device,NVIDIA A100-SXM4-40GB MIG 4g.20gb (0),1,,13,[CUDA memcpy Host-to-Device]
6102667820,4960,161632,,,,,,,,,,1.547,311817.958,Device,,NVIDIA A100-SXM4-40GB MIG 4g.20gb (0),1,,13,[CUDA memset]
6102678796,3104,161637,,,,,,,,,,0.031,10082.445,Pinned,Device,NVIDIA A100-SXM4-40GB MIG 4g.20gb (0),1,,13,[CUDA memcpy Host-to-Device]
6102688620,10432,161638,,,,,,,,,,0.197,18846.450,Pinned,Device,NVIDIA A100-SXM4-40GB MIG 4g.20gb (0),1,,13,[CUDA memcpy Host-to-Device]
6102783787,8576,161639,273,1,1,8,4,1,39,0.002,0.000,,,,,NVIDIA A100-SXM4-40GB MIG 4g.20gb (0),1,,13,"void channel_eq::eqMmseCoefCompLowMimoKernel<float, float, float, (unsigned int)4, (unsigned int)1, (unsigned int)4>(const channel_eq::_puschRxChEqStatDescr *, channel_eq::_puschRxChEqCoefCompDynDescr)"
6102865642,7584,161640,273,1,1,12,11,1,51,0.002,0.000,,,,,NVIDIA A100-SXM4-40GB MIG 4g.20gb (0),1,,13,"void channel_eq::eqMmseSoftDemapKernel<float, __half, __half, float, (unsigned int)4, (unsigned short)16383>(channel_eq::_puschRxChEqStatDescr *, channel_eq::_puschRxChEqSoftDemapDynDescr)"
6102966313,347068,161641,1,1,1,32,32,1,30,0.000,0.000,,,,,NVIDIA A100-SXM4-40GB MIG 4g.20gb (0),1,,13,"void convert_kernel<float2, __half2>(tensor_layout_any, T1 *, tensor_layout_any, const T2 *)"
6103374564,13760,161653,2253,1,1,128,1,1,16,0.000,0.000,,,,,NVIDIA A100-SXM4-40GB MIG 4g.20gb (0),1,,13,cupy_copy__float16_float16
6103543939,6815,161662,282,1,1,128,1,1,16,0.000,0.000,,,,,NVIDIA A100-SXM4-40GB MIG 4g.20gb (0),1,,13,cupy_copy__complex64_complex64
6103781504,4032,161671,26,1,1,128,1,1,16,0.000,0.000,,,,,NVIDIA A100-SXM4-40GB MIG 4g.20gb (0),1,,13,cupy_copy__float32_float32
6104043677,7936,161680,103,1,1,128,1,1,16,0.000,0.000,,,,,NVIDIA A100-SXM4-40GB MIG 4g.20gb (0),1,,13,cupy_copy__complex64_complex64
6104152444,16160,161690,1434,1,1,128,1,1,16,0.000,0.000,,,,,NVIDIA A100-SXM4-40GB MIG 4g.20gb (0),1,,13,cupy_copy__complex64_complex64
6104415417,249501,161695,1,1,1,32,32,1,30,0.000,0.000,,,,,NVIDIA A100-SXM4-40GB MIG 4g.20gb (0),1,,13,"void convert_kernel<__half2, float2>(tensor_layout_any, T1 *, tensor_layout_any, const T2 *)"
6104696150,6303,161698,,,,,,,,,,0.094,14865.245,Pinned,Device,NVIDIA A100-SXM4-40GB MIG 4g.20gb (0),1,,13,[CUDA memcpy Host-to-Device]
6104940211,608889,161699,,,,,,,,,,456.561,749673.884,Device,,NVIDIA A100-SXM4-40GB MIG 4g.20gb (0),1,,13,[CUDA memset]
6105557132,68671,161704,,,,,,,,,,1.235,17983.255,Pinned,Device,NVIDIA A100-SXM4-40GB MIG 4g.20gb (0),1,,13,[CUDA memcpy Host-to-Device]
6105628299,15520,161705,,,,,,,,,,0.197,12667.847,Pinned,Device,NVIDIA A100-SXM4-40GB MIG 4g.20gb (0),1,,13,[CUDA memcpy Host-to-Device]
6105812649,8960,161706,69,4,1,48,1,1,76,0.002,0.000,,,,,NVIDIA A100-SXM4-40GB MIG 4g.20gb (0),1,,13,"void ch_est::windowedChEstPreNoDftSOfdmKernel<float, __half, float, (unsigned int)2, (unsigned int)1, (unsigned short)4>(ch_est::puschRxChEstStatDescr_t *, ch_est::puschRxChEstDynDescr_t *)"
6106080838,8576,161707,137,2,1,24,2,1,44,0.001,0.001,,,,,NVIDIA A100-SXM4-40GB MIG 4g.20gb (0),1,,13,"void ch_est::chEstFilterNoDftSOfdmDispatchKernel<float, __half, float, (unsigned int)2>(ch_est::puschRxChEstStatDescr_t *, ch_est::puschRxChEstDynDescr_t *)"
6106347907,8448,161708,137,2,1,24,2,1,44,0.001,0.001,,,,,NVIDIA A100-SXM4-40GB MIG 4g.20gb (0),1,,13,"void ch_est::chEstFilterNoDftSOfdmDispatchKernel<float, __half, float, (unsigned int)2>(ch_est::puschRxChEstStatDescr_t *, ch_est::puschRxChEstDynDescr_t *)"
6106611616,5408,161719,103,1,1,128,1,1,16,0.000,0.000,,,,,NVIDIA A100-SXM4-40GB MIG 4g.20gb (0),1,,13,cupy_copy__complex64_complex64
6106873181,16448,161729,1434,1,1,128,1,1,16,0.000,0.000,,,,,NVIDIA A100-SXM4-40GB MIG 4g.20gb (0),1,,13,cupy_copy__complex64_complex64
6106981724,4320,161736,103,1,1,128,1,1,16,0.000,0.000,,,,,NVIDIA A100-SXM4-40GB MIG 4g.20gb (0),1,,13,cupy_copy__complex64_complex64
6107055803,103807,161743,1,1,1,32,32,1,30,0.000,0.000,,,,,NVIDIA A100-SXM4-40GB MIG 4g.20gb (0),1,,13,"void convert_kernel<__half2, float2>(tensor_layout_any, T1 *, tensor_layout_any, const T2 *)"
6107189433,5568,161746,,,,,,,,,,0.094,16827.521,Pinned,Device,NVIDIA A100-SXM4-40GB MIG 4g.20gb (0),1,,13,[CUDA memcpy Host-to-Device]
6107275032,48224,161747,,,,,,,,,,35.810,742554.501,Device,,NVIDIA A100-SXM4-40GB MIG 4g.20gb (0),1,,13,[CUDA memset]
6107328408,6176,161749,,,,,,,,,,0.000,12.953,Pinned,Device,NVIDIA A100-SXM4-40GB MIG 4g.20gb (0),1,,13,[CUDA memcpy Host-to-Device]
6107337112,9440,161750,,,,,,,,,,0.197,20827.079,Pinned,Device,NVIDIA A100-SXM4-40GB MIG 4g.20gb (0),1,,13,[CUDA memcpy Host-to-Device]
6107480502,15744,161751,273,1,1,48,1,1,40,0.000,0.001,,,,,NVIDIA A100-SXM4-40GB MIG 4g.20gb (0),1,,13,"void pusch_noise_intf_est::noiseIntfEstNoDftSOfdmKernel<float, __half, float, float, (unsigned int)2, (unsigned int)1, (unsigned char)4, (unsigned char)4>(pusch_noise_intf_est::puschRxNoiseIntfEstDynDescr)"
6110025305,12416,161762,35,1,1,128,1,1,16,0.000,0.000,,,,,NVIDIA A100-SXM4-40GB MIG 4g.20gb (0),1,,13,cupy_copy__complex64_complex64
6110164728,3424,161771,1,1,1,1,1,1,18,0.000,0.000,,,,,NVIDIA A100-SXM4-40GB MIG 4g.20gb (0),1,,13,cupy_copy__float32_float32
6110175128,3199,161777,,,,,,,,,,0.000,1.250,Device,Pageable,NVIDIA A100-SXM4-40GB MIG 4g.20gb (0),1,,7,[CUDA memcpy Device-to-Host]
6112766650,19488,161788,1434,1,1,128,1,1,16,0.000,0.000,,,,,NVIDIA A100-SXM4-40GB MIG 4g.20gb (0),1,,13,cupy_copy__complex64_complex64
6112949368,5696,161795,103,1,1,128,1,1,16,0.000,0.000,,,,,NVIDIA A100-SXM4-40GB MIG 4g.20gb (0),1,,13,cupy_copy__complex64_complex64
6113178934,3615,161802,35,1,1,128,1,1,16,0.000,0.000,,,,,NVIDIA A100-SXM4-40GB MIG 4g.20gb (0),1,,13,cupy_copy__complex64_complex64
6113411507,3360,161809,1,1,1,1,1,1,18,0.000,0.000,,,,,NVIDIA A100-SXM4-40GB MIG 4g.20gb (0),1,,13,cupy_copy__float32_float32
6113494802,241437,161820,1,1,1,32,32,1,30,0.000,0.000,,,,,NVIDIA A100-SXM4-40GB MIG 4g.20gb (0),1,,13,"void convert_kernel<__half2, float2>(tensor_layout_any, T1 *, tensor_layout_any, const T2 *)"
6113766959,5888,161823,,,,,,,,,,0.094,15912.954,Pinned,Device,NVIDIA A100-SXM4-40GB MIG 4g.20gb (0),1,,13,[CUDA memcpy Host-to-Device]
6114002156,6720,161824,,,,,,,,,,1.547,230151.571,Device,,NVIDIA A100-SXM4-40GB MIG 4g.20gb (0),1,,13,[CUDA memset]
6114010764,8448,161829,,,,,,,,,,0.031,3704.539,Pinned,Device,NVIDIA A100-SXM4-40GB MIG 4g.20gb (0),1,,13,[CUDA memcpy Host-to-Device]
6114022636,9696,161830,,,,,,,,,,0.197,20277.166,Pinned,Device,NVIDIA A100-SXM4-40GB MIG 4g.20gb (0),1,,13,[CUDA memcpy Host-to-Device]
6114269673,9856,161831,273,1,1,8,4,1,39,0.002,0.000,,,,,NVIDIA A100-SXM4-40GB MIG 4g.20gb (0),1,,13,"void channel_eq::eqMmseCoefCompLowMimoKernel<float, float, float, (unsigned int)4, (unsigned int)1, (unsigned int)4>(const channel_eq::_puschRxChEqStatDescr *, channel_eq::_puschRxChEqCoefCompDynDescr)"
6114518502,10784,161832,273,1,1,12,11,1,51,0.002,0.000,,,,,NVIDIA A100-SXM4-40GB MIG 4g.20gb (0),1,,13,"void channel_eq::eqMmseSoftDemapKernel<float, __half, __half, float, (unsigned int)4, (unsigned short)16383>(channel_eq::_puschRxChEqStatDescr *, channel_eq::_puschRxChEqSoftDemapDynDescr)"
6114792291,638297,161833,1,1,1,32,32,1,30,0.000,0.000,,,,,NVIDIA A100-SXM4-40GB MIG 4g.20gb (0),1,,13,"void convert_kernel<float2, __half2>(tensor_layout_any, T1 *, tensor_layout_any, const T2 *)"
6115629338,13696,161845,2253,1,1,128,1,1,16,0.000,0.000,,,,,NVIDIA A100-SXM4-40GB MIG 4g.20gb (0),1,,13,cupy_copy__float16_float16
6115737081,4255,161854,282,1,1,128,1,1,16,0.000,0.000,,,,,NVIDIA A100-SXM4-40GB MIG 4g.20gb (0),1,,13,cupy_copy__complex64_complex64
6115804888,4160,161863,26,1,1,128,1,1,16,0.000,0.000,,,,,NVIDIA A100-SXM4-40GB MIG 4g.20gb (0),1,,13,cupy_copy__float32_float32
6115885911,8864,161872,103,1,1,128,1,1,16,0.000,0.000,,,,,NVIDIA A100-SXM4-40GB MIG 4g.20gb (0),1,,13,cupy_copy__complex64_complex64
6115960310,14016,161882,1434,1,1,128,1,1,16,0.000,0.000,,,,,NVIDIA A100-SXM4-40GB MIG 4g.20gb (0),1,,13,cupy_copy__complex64_complex64
6116134580,295453,161887,1,1,1,32,32,1,30,0.000,0.000,,,,,NVIDIA A100-SXM4-40GB MIG 4g.20gb (0),1,,13,"void convert_kernel<__half2, float2>(tensor_layout_any, T1 *, tensor_layout_any, const T2 *)"
6116460304,8608,161890,,,,,,,,,,0.094,10884.758,Pinned,Device,NVIDIA A100-SXM4-40GB MIG 4g.20gb (0),1,,13,[CUDA memcpy Host-to-Device]
6119645964,613913,161891,,,,,,,,,,456.561,743282.024,Device,,NVIDIA A100-SXM4-40GB MIG 4g.20gb (0),1,,13,[CUDA memset]
6120263589,67232,161896,,,,,,,,,,1.235,18367.322,Pinned,Device,NVIDIA A100-SXM4-40GB MIG 4g.20gb (0),1,,13,[CUDA memcpy Host-to-Device]
6120333445,14303,161897,,,,,,,,,,0.197,13745.848,Pinned,Device,NVIDIA A100-SXM4-40GB MIG 4g.20gb (0),1,,13,[CUDA memcpy Host-to-Device]
6120608353,19200,161898,69,4,1,48,1,1,76,0.002,0.000,,,,,NVIDIA A100-SXM4-40GB MIG 4g.20gb (0),1,,13,"void ch_est::windowedChEstPreNoDftSOfdmKernel<float, __half, float, (unsigned int)2, (unsigned int)1, (unsigned short)4>(ch_est::puschRxChEstStatDescr_t *, ch_est::puschRxChEstDynDescr_t *)"
6124180249,11648,161899,137,2,1,24,2,1,44,0.001,0.001,,,,,NVIDIA A100-SXM4-40GB MIG 4g.20gb (0),1,,13,"void ch_est::chEstFilterNoDftSOfdmDispatchKernel<float, __half, float, (unsigned int)2>(ch_est::puschRxChEstStatDescr_t *, ch_est::puschRxChEstDynDescr_t *)"
6124375831,9568,161900,137,2,1,24,2,1,44,0.001,0.001,,,,,NVIDIA A100-SXM4-40GB MIG 4g.20gb (0),1,,13,"void ch_est::chEstFilterNoDftSOfdmDispatchKernel<float, __half, float, (unsigned int)2>(ch_est::puschRxChEstStatDescr_t *, ch_est::puschRxChEstDynDescr_t *)"
6124475478,3744,161911,103,1,1,128,1,1,16,0.000,0.000,,,,,NVIDIA A100-SXM4-40GB MIG 4g.20gb (0),1,,13,cupy_copy__complex64_complex64
6124549685,15008,161921,1434,1,1,128,1,1,16,0.000,0.000,,,,,NVIDIA A100-SXM4-40GB MIG 4g.20gb (0),1,,13,cupy_copy__complex64_complex64
6124655956,4352,161928,103,1,1,128,1,1,16,0.000,0.000,,,,,NVIDIA A100-SXM4-40GB MIG 4g.20gb (0),1,,13,cupy_copy__complex64_complex64
6124727859,98911,161935,1,1,1,32,32,1,30,0.000,0.000,,,,,NVIDIA A100-SXM4-40GB MIG 4g.20gb (0),1,,13,"void convert_kernel<__half2, float2>(tensor_layout_any, T1 *, tensor_layout_any, const T2 *)"
6124865553,5472,161938,,,,,,,,,,0.094,17122.757,Pinned,Device,NVIDIA A100-SXM4-40GB MIG 4g.20gb (0),1,,13,[CUDA memcpy Host-to-Device]
6124949456,48960,161939,,,,,,,,,,35.810,731381.806,Device,,NVIDIA A100-SXM4-40GB MIG 4g.20gb (0),1,,13,[CUDA memset]
6125003024,1824,161941,,,,,,,,,,0.000,43.860,Pinned,Device,NVIDIA A100-SXM4-40GB MIG 4g.20gb (0),1,,13,[CUDA memcpy Host-to-Device]
6125007440,12031,161942,,,,,,,,,,0.197,16341.664,Pinned,Device,NVIDIA A100-SXM4-40GB MIG 4g.20gb (0),1,,13,[CUDA memcpy Host-to-Device]
6125101679,10655,161943,273,1,1,48,1,1,40,0.000,0.001,,,,,NVIDIA A100-SXM4-40GB MIG 4g.20gb (0),1,,13,"void pusch_noise_intf_est::noiseIntfEstNoDftSOfdmKernel<float, __half, float, float, (unsigned int)2, (unsigned int)1, (unsigned char)4, (unsigned char)4>(pusch_noise_intf_est::puschRxNoiseIntfEstDynDescr)"
6125204333,4288,161954,35,1,1,128,1,1,16,0.000,0.000,,,,,NVIDIA A100-SXM4-40GB MIG 4g.20gb (0),1,,13,cupy_copy__complex64_complex64
6125276365,2304,161963,1,1,1,1,1,1,18,0.000,0.000,,,,,NVIDIA A100-SXM4-40GB MIG 4g.20gb (0),1,,13,cupy_copy__float32_float32
6125285068,1632,161969,,,,,,,,,,0.000,2.451,Device,Pageable,NVIDIA A100-SXM4-40GB MIG 4g.20gb (0),1,,7,[CUDA memcpy Device-to-Host]
6125423851,14048,161980,1434,1,1,128,1,1,16,0.000,0.000,,,,,NVIDIA A100-SXM4-40GB MIG 4g.20gb (0),1,,13,cupy_copy__complex64_complex64
6125530506,4128,161987,103,1,1,128,1,1,16,0.000,0.000,,,,,NVIDIA A100-SXM4-40GB MIG 4g.20gb (0),1,,13,cupy_copy__complex64_complex64
6125604169,4192,161994,35,1,1,128,1,1,16,0.000,0.000,,,,,NVIDIA A100-SXM4-40GB MIG 4g.20gb (0),1,,13,cupy_copy__complex64_complex64
6125676264,2272,162001,1,1,1,1,1,1,18,0.000,0.000,,,,,NVIDIA A100-SXM4-40GB MIG 4g.20gb (0),1,,13,cupy_copy__float32_float32
6125743015,215742,162012,1,1,1,32,32,1,30,0.000,0.000,,,,,NVIDIA A100-SXM4-40GB MIG 4g.20gb (0),1,,13,"void convert_kernel<__half2, float2>(tensor_layout_any, T1 *, tensor_layout_any, const T2 *)"
6125992964,9952,162015,,,,,,,,,,0.094,9414.761,Pinned,Device,NVIDIA A100-SXM4-40GB MIG 4g.20gb (0),1,,13,[CUDA memcpy Host-to-Device]
6126166914,4384,162016,,,,,,,,,,1.547,352788.028,Device,,NVIDIA A100-SXM4-40GB MIG 4g.20gb (0),1,,13,[CUDA memset]
6126177250,3584,162021,,,,,,,,,,0.031,8732.116,Pinned,Device,NVIDIA A100-SXM4-40GB MIG 4g.20gb (0),1,,13,[CUDA memcpy Host-to-Device]
6126187842,9632,162022,,,,,,,,,,0.197,20411.843,Pinned,Device,NVIDIA A100-SXM4-40GB MIG 4g.20gb (0),1,,13,[CUDA memcpy Host-to-Device]
6126413664,33535,162023,273,1,1,8,4,1,39,0.002,0.000,,,,,NVIDIA A100-SXM4-40GB MIG 4g.20gb (0),1,,13,"void channel_eq::eqMmseCoefCompLowMimoKernel<float, float, float, (unsigned int)4, (unsigned int)1, (unsigned int)4>(const channel_eq::_puschRxChEqStatDescr *, channel_eq::_puschRxChEqCoefCompDynDescr)"
6126703452,13472,162024,273,1,1,12,11,1,51,0.002,0.000,,,,,NVIDIA A100-SXM4-40GB MIG 4g.20gb (0),1,,13,"void channel_eq::eqMmseSoftDemapKernel<float, __half, __half, float, (unsigned int)4, (unsigned short)16383>(channel_eq::_puschRxChEqStatDescr *, channel_eq::_puschRxChEqSoftDemapDynDescr)"
6129759898,711256,162025,1,1,1,32,32,1,30,0.000,0.000,,,,,NVIDIA A100-SXM4-40GB MIG 4g.20gb (0),1,,13,"void convert_kernel<float2, __half2>(tensor_layout_any, T1 *, tensor_layout_any, const T2 *)"
6132820471,13312,162037,2253,1,1,128,1,1,16,0.000,0.000,,,,,NVIDIA A100-SXM4-40GB MIG 4g.20gb (0),1,,13,cupy_copy__float16_float16
6133067988,4768,162046,282,1,1,128,1,1,16,0.000,0.000,,,,,NVIDIA A100-SXM4-40GB MIG 4g.20gb (0),1,,13,cupy_copy__complex64_complex64
6133271570,5120,162055,26,1,1,128,1,1,16,0.000,0.000,,,,,NVIDIA A100-SXM4-40GB MIG 4g.20gb (0),1,,13,cupy_copy__float32_float32
6133486000,6016,162064,103,1,1,128,1,1,16,0.000,0.000,,,,,NVIDIA A100-SXM4-40GB MIG 4g.20gb (0),1,,13,cupy_copy__complex64_complex64
6133601838,16224,162074,1434,1,1,128,1,1,16,0.000,0.000,,,,,NVIDIA A100-SXM4-40GB MIG 4g.20gb (0),1,,13,cupy_copy__complex64_complex64
6133844172,253373,162079,1,1,1,32,32,1,30,0.000,0.000,,,,,NVIDIA A100-SXM4-40GB MIG 4g.20gb (0),1,,13,"void convert_kernel<__half2, float2>(tensor_layout_any, T1 *, tensor_layout_any, const T2 *)"
6134128584,5504,162082,,,,,,,,,,0.094,17023.251,Pinned,Device,NVIDIA A100-SXM4-40GB MIG 4g.20gb (0),1,,13,[CUDA memcpy Host-to-Device]
6134227975,612537,162083,,,,,,,,,,456.561,745108.270,Device,,NVIDIA A100-SXM4-40GB MIG 4g.20gb (0),1,,13,[CUDA memset]
6134847072,61408,162088,,,,,,,,,,1.235,20109.828,Pinned,Device,NVIDIA A100-SXM4-40GB MIG 4g.20gb (0),1,,13,[CUDA memcpy Host-to-Device]
6134911263,9952,162089,,,,,,,,,,0.197,19755.565,Pinned,Device,NVIDIA A100-SXM4-40GB MIG 4g.20gb (0),1,,13,[CUDA memcpy Host-to-Device]
6135010366,13440,162090,69,4,1,48,1,1,76,0.002,0.000,,,,,NVIDIA A100-SXM4-40GB MIG 4g.20gb (0),1,,13,"void ch_est::windowedChEstPreNoDftSOfdmKernel<float, __half, float, (unsigned int)2, (unsigned int)1, (unsigned short)4>(ch_est::puschRxChEstStatDescr_t *, ch_est::puschRxChEstDynDescr_t *)"
6135111581,12768,162091,137,2,1,24,2,1,44,0.001,0.001,,,,,NVIDIA A100-SXM4-40GB MIG 4g.20gb (0),1,,13,"void ch_est::chEstFilterNoDftSOfdmDispatchKernel<float, __half, float, (unsigned int)2>(ch_est::puschRxChEstStatDescr_t *, ch_est::puschRxChEstDynDescr_t *)"
6135261436,9503,162092,137,2,1,24,2,1,44,0.001,0.001,,,,,NVIDIA A100-SXM4-40GB MIG 4g.20gb (0),1,,13,"void ch_est::chEstFilterNoDftSOfdmDispatchKernel<float, __half, float, (unsigned int)2>(ch_est::puschRxChEstStatDescr_t *, ch_est::puschRxChEstDynDescr_t *)"
6138187994,5664,162103,103,1,1,128,1,1,16,0.000,0.000,,,,,NVIDIA A100-SXM4-40GB MIG 4g.20gb (0),1,,13,cupy_copy__complex64_complex64
6138427672,15616,162113,1434,1,1,128,1,1,16,0.000,0.000,,,,,NVIDIA A100-SXM4-40GB MIG 4g.20gb (0),1,,13,cupy_copy__complex64_complex64
6141466677,5664,162120,103,1,1,128,1,1,16,0.000,0.000,,,,,NVIDIA A100-SXM4-40GB MIG 4g.20gb (0),1,,13,cupy_copy__complex64_complex64
6141759666,202558,162127,1,1,1,32,32,1,30,0.000,0.000,,,,,NVIDIA A100-SXM4-40GB MIG 4g.20gb (0),1,,13,"void convert_kernel<__half2, float2>(tensor_layout_any, T1 *, tensor_layout_any, const T2 *)"
6141993295,5504,162130,,,,,,,,,,0.094,17023.251,Pinned,Device,NVIDIA A100-SXM4-40GB MIG 4g.20gb (0),1,,13,[CUDA memcpy Host-to-Device]
6142074798,52032,162131,,,,,,,,,,35.810,688195.043,Device,,NVIDIA A100-SXM4-40GB MIG 4g.20gb (0),1,,13,[CUDA memset]
6142131726,2048,162133,,,,,,,,,,0.000,39.062,Pinned,Device,NVIDIA A100-SXM4-40GB MIG 4g.20gb (0),1,,13,[CUDA memcpy Host-to-Device]
6142136686,9536,162134,,,,,,,,,,0.197,20617.298,Pinned,Device,NVIDIA A100-SXM4-40GB MIG 4g.20gb (0),1,,13,[CUDA memcpy Host-to-Device]
6142228109,16671,162135,273,1,1,48,1,1,40,0.000,0.001,,,,,NVIDIA A100-SXM4-40GB MIG 4g.20gb (0),1,,13,"void pusch_noise_intf_est::noiseIntfEstNoDftSOfdmKernel<float, __half, float, float, (unsigned int)2, (unsigned int)1, (unsigned char)4, (unsigned char)4>(pusch_noise_intf_est::puschRxNoiseIntfEstDynDescr)"
6142329708,6623,162146,35,1,1,128,1,1,16,0.000,0.000,,,,,NVIDIA A100-SXM4-40GB MIG 4g.20gb (0),1,,13,cupy_copy__complex64_complex64
6142411755,2400,162155,1,1,1,1,1,1,18,0.000,0.000,,,,,NVIDIA A100-SXM4-40GB MIG 4g.20gb (0),1,,13,cupy_copy__float32_float32
6142421514,1600,162161,,,,,,,,,,0.000,2.500,Device,Pageable,NVIDIA A100-SXM4-40GB MIG 4g.20gb (0),1,,7,[CUDA memcpy Device-to-Host]
6142557449,14624,162172,1434,1,1,128,1,1,16,0.000,0.000,,,,,NVIDIA A100-SXM4-40GB MIG 4g.20gb (0),1,,13,cupy_copy__complex64_complex64
6142664904,4544,162179,103,1,1,128,1,1,16,0.000,0.000,,,,,NVIDIA A100-SXM4-40GB MIG 4g.20gb (0),1,,13,cupy_copy__complex64_complex64
6142731239,4448,162186,35,1,1,128,1,1,16,0.000,0.000,,,,,NVIDIA A100-SXM4-40GB MIG 4g.20gb (0),1,,13,cupy_copy__complex64_complex64
6142812134,2176,162193,1,1,1,1,1,1,18,0.000,0.000,,,,,NVIDIA A100-SXM4-40GB MIG 4g.20gb (0),1,,13,cupy_copy__float32_float32
6142886405,104159,162204,1,1,1,32,32,1,30,0.000,0.000,,,,,NVIDIA A100-SXM4-40GB MIG 4g.20gb (0),1,,13,"void convert_kernel<__half2, float2>(tensor_layout_any, T1 *, tensor_layout_any, const T2 *)"
6143024932,5632,162207,,,,,,,,,,0.094,16636.287,Pinned,Device,NVIDIA A100-SXM4-40GB MIG 4g.20gb (0),1,,13,[CUDA memcpy Host-to-Device]
6143121379,5983,162208,,,,,,,,,,1.547,258502.735,Device,,NVIDIA A100-SXM4-40GB MIG 4g.20gb (0),1,,13,[CUDA memset]
6143132418,3456,162213,,,,,,,,,,0.031,9055.529,Pinned,Device,NVIDIA A100-SXM4-40GB MIG 4g.20gb (0),1,,13,[CUDA memcpy Host-to-Device]
6143138306,13856,162214,,,,,,,,,,0.197,14189.199,Pinned,Device,NVIDIA A100-SXM4-40GB MIG 4g.20gb (0),1,,13,[CUDA memcpy Host-to-Device]
6143220705,8864,162215,273,1,1,8,4,1,39,0.002,0.000,,,,,NVIDIA A100-SXM4-40GB MIG 4g.20gb (0),1,,13,"void channel_eq::eqMmseCoefCompLowMimoKernel<float, float, float, (unsigned int)4, (unsigned int)1, (unsigned int)4>(const channel_eq::_puschRxChEqStatDescr *, channel_eq::_puschRxChEqCoefCompDynDescr)"
6143302497,8095,162216,273,1,1,12,11,1,51,0.002,0.000,,,,,NVIDIA A100-SXM4-40GB MIG 4g.20gb (0),1,,13,"void channel_eq::eqMmseSoftDemapKernel<float, __half, __half, float, (unsigned int)4, (unsigned short)16383>(channel_eq::_puschRxChEqStatDescr *, channel_eq::_puschRxChEqSoftDemapDynDescr)"
6143464223,664440,162217,1,1,1,32,32,1,30,0.000,0.000,,,,,NVIDIA A100-SXM4-40GB MIG 4g.20gb (0),1,,13,"void convert_kernel<float2, __half2>(tensor_layout_any, T1 *, tensor_layout_any, const T2 *)"
6147672527,15424,162229,2253,1,1,128,1,1,16,0.000,0.000,,,,,NVIDIA A100-SXM4-40GB MIG 4g.20gb (0),1,,13,cupy_copy__float16_float16
6151282950,4448,162238,282,1,1,128,1,1,16,0.000,0.000,,,,,NVIDIA A100-SXM4-40GB MIG 4g.20gb (0),1,,13,cupy_copy__complex64_complex64
6151497508,3328,162247,26,1,1,128,1,1,16,0.000,0.000,,,,,NVIDIA A100-SXM4-40GB MIG 4g.20gb (0),1,,13,cupy_copy__float32_float32
6151710017,5472,162256,103,1,1,128,1,1,16,0.000,0.000,,,,,NVIDIA A100-SXM4-40GB MIG 4g.20gb (0),1,,13,cupy_copy__complex64_complex64
6151819840,19744,162266,1434,1,1,128,1,1,16,0.000,0.000,,,,,NVIDIA A100-SXM4-40GB MIG 4g.20gb (0),1,,13,cupy_copy__complex64_complex64
6152083741,255005,162271,1,1,1,32,32,1,30,0.000,0.000,,,,,NVIDIA A100-SXM4-40GB MIG 4g.20gb (0),1,,13,"void convert_kernel<__half2, float2>(tensor_layout_any, T1 *, tensor_layout_any, const T2 *)"
6152373082,9632,162274,,,,,,,,,,0.094,9727.519,Pinned,Device,NVIDIA A100-SXM4-40GB MIG 4g.20gb (0),1,,13,[CUDA memcpy Host-to-Device]
6152567096,615097,162275,,,,,,,,,,456.561,741912.340,Device,,NVIDIA A100-SXM4-40GB MIG 4g.20gb (0),1,,13,[CUDA memset]
6153187729,67167,162280,,,,,,,,,,1.235,18385.846,Pinned,Device,NVIDIA A100-SXM4-40GB MIG 4g.20gb (0),1,,13,[CUDA memcpy Host-to-Device]
6153257872,11360,162281,,,,,,,,,,0.197,17307.009,Pinned,Device,NVIDIA A100-SXM4-40GB MIG 4g.20gb (0),1,,13,[CUDA memcpy Host-to-Device]
6153423758,13792,162282,69,4,1,48,1,1,76,0.002,0.000,,,,,NVIDIA A100-SXM4-40GB MIG 4g.20gb (0),1,,13,"void ch_est::windowedChEstPreNoDftSOfdmKernel<float, __half, float, (unsigned int)2, (unsigned int)1, (unsigned short)4>(ch_est::puschRxChEstStatDescr_t *, ch_est::puschRxChEstDynDescr_t *)"
6153526029,10432,162283,137,2,1,24,2,1,44,0.001,0.001,,,,,NVIDIA A100-SXM4-40GB MIG 4g.20gb (0),1,,13,"void ch_est::chEstFilterNoDftSOfdmDispatchKernel<float, __half, float, (unsigned int)2>(ch_est::puschRxChEstStatDescr_t *, ch_est::puschRxChEstDynDescr_t *)"
6153608524,9664,162284,137,2,1,24,2,1,44,0.001,0.001,,,,,NVIDIA A100-SXM4-40GB MIG 4g.20gb (0),1,,13,"void ch_est::chEstFilterNoDftSOfdmDispatchKernel<float, __half, float, (unsigned int)2>(ch_est::puschRxChEstStatDescr_t *, ch_est::puschRxChEstDynDescr_t *)"
6153683403,3712,162295,103,1,1,128,1,1,16,0.000,0.000,,,,,NVIDIA A100-SXM4-40GB MIG 4g.20gb (0),1,,13,cupy_copy__complex64_complex64
6153755338,14720,162305,1434,1,1,128,1,1,16,0.000,0.000,,,,,NVIDIA A100-SXM4-40GB MIG 4g.20gb (0),1,,13,cupy_copy__complex64_complex64
6153933640,3808,162312,103,1,1,128,1,1,16,0.000,0.000,,,,,NVIDIA A100-SXM4-40GB MIG 4g.20gb (0),1,,13,cupy_copy__complex64_complex64
6156497323,233885,162319,1,1,1,32,32,1,30,0.000,0.000,,,,,NVIDIA A100-SXM4-40GB MIG 4g.20gb (0),1,,13,"void convert_kernel<__half2, float2>(tensor_layout_any, T1 *, tensor_layout_any, const T2 *)"
6156764232,5536,162322,,,,,,,,,,0.094,16924.777,Pinned,Device,NVIDIA A100-SXM4-40GB MIG 4g.20gb (0),1,,13,[CUDA memcpy Host-to-Device]
6159349707,48511,162323,,,,,,,,,,35.810,738149.881,Device,,NVIDIA A100-SXM4-40GB MIG 4g.20gb (0),1,,13,[CUDA memset]
6159406410,1824,162325,,,,,,,,,,0.000,43.860,Pinned,Device,NVIDIA A100-SXM4-40GB MIG 4g.20gb (0),1,,13,[CUDA memcpy Host-to-Device]
6159410666,9600,162326,,,,,,,,,,0.197,20479.869,Pinned,Device,NVIDIA A100-SXM4-40GB MIG 4g.20gb (0),1,,13,[CUDA memcpy Host-to-Device]
6159641000,13919,162327,273,1,1,48,1,1,40,0.000,0.001,,,,,NVIDIA A100-SXM4-40GB MIG 4g.20gb (0),1,,13,"void pusch_noise_intf_est::noiseIntfEstNoDftSOfdmKernel<float, __half, float, float, (unsigned int)2, (unsigned int)1, (unsigned char)4, (unsigned char)4>(pusch_noise_intf_est::puschRxNoiseIntfEstDynDescr)"
6159939652,4224,162338,35,1,1,128,1,1,16,0.000,0.000,,,,,NVIDIA A100-SXM4-40GB MIG 4g.20gb (0),1,,13,cupy_copy__complex64_complex64
6160201313,3360,162347,1,1,1,1,1,1,18,0.000,0.000,,,,,NVIDIA A100-SXM4-40GB MIG 4g.20gb (0),1,,13,cupy_copy__float32_float32
6160209217,2048,162353,,,,,,,,,,0.000,1.953,Device,Pageable,NVIDIA A100-SXM4-40GB MIG 4g.20gb (0),1,,7,[CUDA memcpy Device-to-Host]
6160541757,15968,162364,1434,1,1,128,1,1,16,0.000,0.000,,,,,NVIDIA A100-SXM4-40GB MIG 4g.20gb (0),1,,13,cupy_copy__complex64_complex64
6160841178,8768,162371,103,1,1,128,1,1,16,0.000,0.000,,,,,NVIDIA A100-SXM4-40GB MIG 4g.20gb (0),1,,13,cupy_copy__complex64_complex64
6161138455,6528,162378,35,1,1,128,1,1,16,0.000,0.000,,,,,NVIDIA A100-SXM4-40GB MIG 4g.20gb (0),1,,13,cupy_copy__complex64_complex64
6161435155,3456,162385,1,1,1,1,1,1,18,0.000,0.000,,,,,NVIDIA A100-SXM4-40GB MIG 4g.20gb (0),1,,13,cupy_copy__float32_float32
6161701424,261501,162396,1,1,1,32,32,1,30,0.000,0.000,,,,,NVIDIA A100-SXM4-40GB MIG 4g.20gb (0),1,,13,"void convert_kernel<__half2, float2>(tensor_layout_any, T1 *, tensor_layout_any, const T2 *)"
6161997325,5440,162399,,,,,,,,,,0.094,17223.480,Pinned,Device,NVIDIA A100-SXM4-40GB MIG 4g.20gb (0),1,,13,[CUDA memcpy Host-to-Device]
6162290602,4959,162400,,,,,,,,,,1.547,311881.369,Device,,NVIDIA A100-SXM4-40GB MIG 4g.20gb (0),1,,13,[CUDA memset]
6162301257,3520,162405,,,,,,,,,,0.031,8890.881,Pinned,Device,NVIDIA A100-SXM4-40GB MIG 4g.20gb (0),1,,13,[CUDA memcpy Host-to-Device]
6162310729,9856,162406,,,,,,,,,,0.197,19948.044,Pinned,Device,NVIDIA A100-SXM4-40GB MIG 4g.20gb (0),1,,13,[CUDA memcpy Host-to-Device]
6162646822,9567,162407,273,1,1,8,4,1,39,0.002,0.000,,,,,NVIDIA A100-SXM4-40GB MIG 4g.20gb (0),1,,13,"void channel_eq::eqMmseCoefCompLowMimoKernel<float, float, float, (unsigned int)4, (unsigned int)1, (unsigned int)4>(const channel_eq::_puschRxChEqStatDescr *, channel_eq::_puschRxChEqCoefCompDynDescr)"
6162883075,9984,162408,273,1,1,12,11,1,51,0.002,0.000,,,,,NVIDIA A100-SXM4-40GB MIG 4g.20gb (0),1,,13,"void channel_eq::eqMmseSoftDemapKernel<float, __half, __half, float, (unsigned int)4, (unsigned short)16383>(channel_eq::_puschRxChEqStatDescr *, channel_eq::_puschRxChEqSoftDemapDynDescr)"
6163124256,607033,162409,1,1,1,32,32,1,30,0.000,0.000,,,,,NVIDIA A100-SXM4-40GB MIG 4g.20gb (0),1,,13,"void convert_kernel<float2, __half2>(tensor_layout_any, T1 *, tensor_layout_any, const T2 *)"
6163935095,13952,162421,2253,1,1,128,1,1,16,0.000,0.000,,,,,NVIDIA A100-SXM4-40GB MIG 4g.20gb (0),1,,13,cupy_copy__float16_float16
6164180564,5664,162430,282,1,1,128,1,1,16,0.000,0.000,,,,,NVIDIA A100-SXM4-40GB MIG 4g.20gb (0),1,,13,cupy_copy__complex64_complex64
6164406290,3744,162439,26,1,1,128,1,1,16,0.000,0.000,,,,,NVIDIA A100-SXM4-40GB MIG 4g.20gb (0),1,,13,cupy_copy__float32_float32
6164609711,4864,162448,103,1,1,128,1,1,16,0.000,0.000,,,,,NVIDIA A100-SXM4-40GB MIG 4g.20gb (0),1,,13,cupy_copy__complex64_complex64
6164815341,15680,162458,1434,1,1,128,1,1,16,0.000,0.000,,,,,NVIDIA A100-SXM4-40GB MIG 4g.20gb (0),1,,13,cupy_copy__complex64_complex64
6165110506,240445,162463,1,1,1,32,32,1,30,0.000,0.000,,,,,NVIDIA A100-SXM4-40GB MIG 4g.20gb (0),1,,13,"void convert_kernel<__half2, float2>(tensor_layout_any, T1 *, tensor_layout_any, const T2 *)"
6165381095,5472,162466,,,,,,,,,,0.094,17122.757,Pinned,Device,NVIDIA A100-SXM4-40GB MIG 4g.20gb (0),1,,13,[CUDA memcpy Host-to-Device]
6165608804,608057,162467,,,,,,,,,,456.561,750587.007,Device,,NVIDIA A100-SXM4-40GB MIG 4g.20gb (0),1,,13,[CUDA memset]
6166218397,59807,162472,,,,,,,,,,1.235,20648.264,Pinned,Device,NVIDIA A100-SXM4-40GB MIG 4g.20gb (0),1,,13,[CUDA memcpy Host-to-Device]
6166280636,9984,162473,,,,,,,,,,0.197,19692.257,Pinned,Device,NVIDIA A100-SXM4-40GB MIG 4g.20gb (0),1,,13,[CUDA memcpy Host-to-Device]
6166527418,11327,162474,69,4,1,48,1,1,76,0.002,0.000,,,,,NVIDIA A100-SXM4-40GB MIG 4g.20gb (0),1,,13,"void ch_est::windowedChEstPreNoDftSOfdmKernel<float, __half, float, (unsigned int)2, (unsigned int)1, (unsigned short)4>(ch_est::puschRxChEstStatDescr_t *, ch_est::puschRxChEstDynDescr_t *)"
6166782743,9440,162475,137,2,1,24,2,1,44,0.001,0.001,,,,,NVIDIA A100-SXM4-40GB MIG 4g.20gb (0),1,,13,"void ch_est::chEstFilterNoDftSOfdmDispatchKernel<float, __half, float, (unsigned int)2>(ch_est::puschRxChEstStatDescr_t *, ch_est::puschRxChEstDynDescr_t *)"
6167033652,10016,162476,137,2,1,24,2,1,44,0.001,0.001,,,,,NVIDIA A100-SXM4-40GB MIG 4g.20gb (0),1,,13,"void ch_est::chEstFilterNoDftSOfdmDispatchKernel<float, __half, float, (unsigned int)2>(ch_est::puschRxChEstStatDescr_t *, ch_est::puschRxChEstDynDescr_t *)"
6167278289,5056,162487,103,1,1,128,1,1,16,0.000,0.000,,,,,NVIDIA A100-SXM4-40GB MIG 4g.20gb (0),1,,13,cupy_copy__complex64_complex64
6167493327,16095,162497,1434,1,1,128,1,1,16,0.000,0.000,,,,,NVIDIA A100-SXM4-40GB MIG 4g.20gb (0),1,,13,cupy_copy__complex64_complex64
6167751980,4032,162504,103,1,1,128,1,1,16,0.000,0.000,,,,,NVIDIA A100-SXM4-40GB MIG 4g.20gb (0),1,,13,cupy_copy__complex64_complex64
6167967305,255965,162511,1,1,1,32,32,1,30,0.000,0.000,,,,,NVIDIA A100-SXM4-40GB MIG 4g.20gb (0),1,,13,"void convert_kernel<__half2, float2>(tensor_layout_any, T1 *, tensor_layout_any, const T2 *)"
6168254886,10112,162514,,,,,,,,,,0.094,9265.785,Pinned,Device,NVIDIA A100-SXM4-40GB MIG 4g.20gb (0),1,,13,[CUDA memcpy Host-to-Device]
6168505027,48064,162515,,,,,,,,,,35.810,745025.386,Device,,NVIDIA A100-SXM4-40GB MIG 4g.20gb (0),1,,13,[CUDA memset]
6168555299,6080,162517,,,,,,,,,,0.000,13.158,Pinned,Device,NVIDIA A100-SXM4-40GB MIG 4g.20gb (0),1,,13,[CUDA memcpy Host-to-Device]
6168564259,9567,162518,,,,,,,,,,0.197,20550.451,Pinned,Device,NVIDIA A100-SXM4-40GB MIG 4g.20gb (0),1,,13,[CUDA memcpy Host-to-Device]
6168773600,13536,162519,273,1,1,48,1,1,40,0.000,0.001,,,,,NVIDIA A100-SXM4-40GB MIG 4g.20gb (0),1,,13,"void pusch_noise_intf_est::noiseIntfEstNoDftSOfdmKernel<float, __half, float, float, (unsigned int)2, (unsigned int)1, (unsigned char)4, (unsigned char)4>(pusch_noise_intf_est::puschRxNoiseIntfEstDynDescr)"
6168880031,6272,162530,35,1,1,128,1,1,16,0.000,0.000,,,,,NVIDIA A100-SXM4-40GB MIG 4g.20gb (0),1,,13,cupy_copy__complex64_complex64
6169097437,3295,162539,1,1,1,1,1,1,18,0.000,0.000,,,,,NVIDIA A100-SXM4-40GB MIG 4g.20gb (0),1,,13,cupy_copy__float32_float32
6169105308,1600,162545,,,,,,,,,,0.000,2.500,Device,Pageable,NVIDIA A100-SXM4-40GB MIG 4g.20gb (0),1,,7,[CUDA memcpy Device-to-Host]
6169318522,17536,162556,1434,1,1,128,1,1,16,0.000,0.000,,,,,NVIDIA A100-SXM4-40GB MIG 4g.20gb (0),1,,13,cupy_copy__complex64_complex64
6169553143,3840,162563,103,1,1,128,1,1,16,0.000,0.000,,,,,NVIDIA A100-SXM4-40GB MIG 4g.20gb (0),1,,13,cupy_copy__complex64_complex64
6169738869,5664,162570,35,1,1,128,1,1,16,0.000,0.000,,,,,NVIDIA A100-SXM4-40GB MIG 4g.20gb (0),1,,13,cupy_copy__complex64_complex64
6169942547,3552,162577,1,1,1,1,1,1,18,0.000,0.000,,,,,NVIDIA A100-SXM4-40GB MIG 4g.20gb (0),1,,13,cupy_copy__float32_float32
6170135057,247485,162588,1,1,1,32,32,1,30,0.000,0.000,,,,,NVIDIA A100-SXM4-40GB MIG 4g.20gb (0),1,,13,"void convert_kernel<__half2, float2>(tensor_layout_any, T1 *, tensor_layout_any, const T2 *)"
6170412494,5760,162591,,,,,,,,,,0.094,16266.656,Pinned,Device,NVIDIA A100-SXM4-40GB MIG 4g.20gb (0),1,,13,[CUDA memcpy Host-to-Device]
6170628683,7008,162592,,,,,,,,,,1.547,220693.965,Device,,NVIDIA A100-SXM4-40GB MIG 4g.20gb (0),1,,13,[CUDA memset]
6170641643,3264,162597,,,,,,,,,,0.031,9588.218,Pinned,Device,NVIDIA A100-SXM4-40GB MIG 4g.20gb (0),1,,13,[CUDA memcpy Host-to-Device]
6170647531,10048,162598,,,,,,,,,,0.197,19566.821,Pinned,Device,NVIDIA A100-SXM4-40GB MIG 4g.20gb (0),1,,13,[CUDA memcpy Host-to-Device]
6170788745,12480,162599,273,1,1,8,4,1,39,0.002,0.000,,,,,NVIDIA A100-SXM4-40GB MIG 4g.20gb (0),1,,13,"void channel_eq::eqMmseCoefCompLowMimoKernel<float, float, float, (unsigned int)4, (unsigned int)1, (unsigned int)4>(const channel_eq::_puschRxChEqStatDescr *, channel_eq::_puschRxChEqCoefCompDynDescr)"
6170984199,18624,162600,273,1,1,12,11,1,51,0.002,0.000,,,,,NVIDIA A100-SXM4-40GB MIG 4g.20gb (0),1,,13,"void channel_eq::eqMmseSoftDemapKernel<float, __half, __half, float, (unsigned int)4, (unsigned short)16383>(channel_eq::_puschRxChEqStatDescr *, channel_eq::_puschRxChEqSoftDemapDynDescr)"
6171116678,603961,162601,1,1,1,32,32,1,30,0.000,0.000,,,,,NVIDIA A100-SXM4-40GB MIG 4g.20gb (0),1,,13,"void convert_kernel<float2, __half2>(tensor_layout_any, T1 *, tensor_layout_any, const T2 *)"
6171903133,14048,162613,2253,1,1,128,1,1,16,0.000,0.000,,,,,NVIDIA A100-SXM4-40GB MIG 4g.20gb (0),1,,13,cupy_copy__float16_float16
6172095771,5375,162622,282,1,1,128,1,1,16,0.000,0.000,,,,,NVIDIA A100-SXM4-40GB MIG 4g.20gb (0),1,,13,cupy_copy__complex64_complex64
6172247353,4928,162631,26,1,1,128,1,1,16,0.000,0.000,,,,,NVIDIA A100-SXM4-40GB MIG 4g.20gb (0),1,,13,cupy_copy__float32_float32
6172391063,11424,162640,103,1,1,128,1,1,16,0.000,0.000,,,,,NVIDIA A100-SXM4-40GB MIG 4g.20gb (0),1,,13,cupy_copy__complex64_complex64
6172540438,21887,162650,1434,1,1,128,1,1,16,0.000,0.000,,,,,NVIDIA A100-SXM4-40GB MIG 4g.20gb (0),1,,13,cupy_copy__complex64_complex64
6172851122,345372,162655,1,1,1,32,32,1,30,0.000,0.000,,,,,NVIDIA A100-SXM4-40GB MIG 4g.20gb (0),1,,13,"void convert_kernel<__half2, float2>(tensor_layout_any, T1 *, tensor_layout_any, const T2 *)"
6173229326,6432,162658,,,,,,,,,,0.094,14567.105,Pinned,Device,NVIDIA A100-SXM4-40GB MIG 4g.20gb (0),1,,13,[CUDA memcpy Host-to-Device]
6173304077,741335,162659,,,,,,,,,,456.561,615444.821,Device,,NVIDIA A100-SXM4-40GB MIG 4g.20gb (0),1,,13,[CUDA memset]
6174052196,57152,162664,,,,,,,,,,1.235,21607.815,Pinned,Device,NVIDIA A100-SXM4-40GB MIG 4g.20gb (0),1,,13,[CUDA memcpy Host-to-Device]
6174112036,11392,162665,,,,,,,,,,0.197,17258.250,Pinned,Device,NVIDIA A100-SXM4-40GB MIG 4g.20gb (0),1,,13,[CUDA memcpy Host-to-Device]
6174395553,10815,162666,69,4,1,48,1,1,76,0.002,0.000,,,,,NVIDIA A100-SXM4-40GB MIG 4g.20gb (0),1,,13,"void ch_est::windowedChEstPreNoDftSOfdmKernel<float, __half, float, (unsigned int)2, (unsigned int)1, (unsigned short)4>(ch_est::puschRxChEstStatDescr_t *, ch_est::puschRxChEstDynDescr_t *)"
6174605214,9344,162667,137,2,1,24,2,1,44,0.001,0.001,,,,,NVIDIA A100-SXM4-40GB MIG 4g.20gb (0),1,,13,"void ch_est::chEstFilterNoDftSOfdmDispatchKernel<float, __half, float, (unsigned int)2>(ch_est::puschRxChEstStatDescr_t *, ch_est::puschRxChEstDynDescr_t *)"
6174897307,9248,162668,137,2,1,24,2,1,44,0.001,0.001,,,,,NVIDIA A100-SXM4-40GB MIG 4g.20gb (0),1,,13,"void ch_est::chEstFilterNoDftSOfdmDispatchKernel<float, __half, float, (unsigned int)2>(ch_est::puschRxChEstStatDescr_t *, ch_est::puschRxChEstDynDescr_t *)"
6175186968,5184,162679,103,1,1,128,1,1,16,0.000,0.000,,,,,NVIDIA A100-SXM4-40GB MIG 4g.20gb (0),1,,13,cupy_copy__complex64_complex64
6175475124,15968,162689,1434,1,1,128,1,1,16,0.000,0.000,,,,,NVIDIA A100-SXM4-40GB MIG 4g.20gb (0),1,,13,cupy_copy__complex64_complex64
6175824144,5216,162696,103,1,1,128,1,1,16,0.000,0.000,,,,,NVIDIA A100-SXM4-40GB MIG 4g.20gb (0),1,,13,cupy_copy__complex64_complex64
6176218444,283677,162703,1,1,1,32,32,1,30,0.000,0.000,,,,,NVIDIA A100-SXM4-40GB MIG 4g.20gb (0),1,,13,"void convert_kernel<__half2, float2>(tensor_layout_any, T1 *, tensor_layout_any, const T2 *)"
6176537800,10272,162706,,,,,,,,,,0.094,9121.493,Pinned,Device,NVIDIA A100-SXM4-40GB MIG 4g.20gb (0),1,,13,[CUDA memcpy Host-to-Device]
6176827205,51039,162707,,,,,,,,,,35.810,701587.953,Device,,NVIDIA A100-SXM4-40GB MIG 4g.20gb (0),1,,13,[CUDA memset]
6176885572,6400,162709,,,,,,,,,,0.000,12.500,Pinned,Device,NVIDIA A100-SXM4-40GB MIG 4g.20gb (0),1,,13,[CUDA memcpy Host-to-Device]
6176899108,11328,162710,,,,,,,,,,0.197,17355.768,Pinned,Device,NVIDIA A100-SXM4-40GB MIG 4g.20gb (0),1,,13,[CUDA memcpy Host-to-Device]
6177175329,15584,162711,273,1,1,48,1,1,40,0.000,0.001,,,,,NVIDIA A100-SXM4-40GB MIG 4g.20gb (0),1,,13,"void pusch_noise_intf_est::noiseIntfEstNoDftSOfdmKernel<float, __half, float, float, (unsigned int)2, (unsigned int)1, (unsigned char)4, (unsigned char)4>(pusch_noise_intf_est::puschRxNoiseIntfEstDynDescr)"
6177475390,4288,162722,35,1,1,128,1,1,16,0.000,0.000,,,,,NVIDIA A100-SXM4-40GB MIG 4g.20gb (0),1,,13,cupy_copy__complex64_complex64
6177564669,2944,162731,1,1,1,1,1,1,18,0.000,0.000,,,,,NVIDIA A100-SXM4-40GB MIG 4g.20gb (0),1,,13,cupy_copy__float32_float32
6177568093,1600,162737,,,,,,,,,,0.000,2.500,Device,Pageable,NVIDIA A100-SXM4-40GB MIG 4g.20gb (0),1,,7,[CUDA memcpy Device-to-Host]
6177773146,15680,162748,1434,1,1,128,1,1,16,0.000,0.000,,,,,NVIDIA A100-SXM4-40GB MIG 4g.20gb (0),1,,13,cupy_copy__complex64_complex64
6177993336,4032,162755,103,1,1,128,1,1,16,0.000,0.000,,,,,NVIDIA A100-SXM4-40GB MIG 4g.20gb (0),1,,13,cupy_copy__complex64_complex64
6178176214,6848,162762,35,1,1,128,1,1,16,0.000,0.000,,,,,NVIDIA A100-SXM4-40GB MIG 4g.20gb (0),1,,13,cupy_copy__complex64_complex64
6178361268,3200,162769,1,1,1,1,1,1,18,0.000,0.000,,,,,NVIDIA A100-SXM4-40GB MIG 4g.20gb (0),1,,13,cupy_copy__float32_float32
6178540722,290908,162780,1,1,1,32,32,1,30,0.000,0.000,,,,,NVIDIA A100-SXM4-40GB MIG 4g.20gb (0),1,,13,"void convert_kernel<__half2, float2>(tensor_layout_any, T1 *, tensor_layout_any, const T2 *)"
6178860782,6016,162783,,,,,,,,,,0.094,15574.430,Pinned,Device,NVIDIA A100-SXM4-40GB MIG 4g.20gb (0),1,,13,[CUDA memcpy Host-to-Device]
6179273225,4736,162784,,,,,,,,,,1.547,326566.564,Device,,NVIDIA A100-SXM4-40GB MIG 4g.20gb (0),1,,13,[CUDA memset]
6179283017,3840,162789,,,,,,,,,,0.031,8149.979,Pinned,Device,NVIDIA A100-SXM4-40GB MIG 4g.20gb (0),1,,13,[CUDA memcpy Host-to-Device]
6179291753,13600,162790,,,,,,,,,,0.197,14456.390,Pinned,Device,NVIDIA A100-SXM4-40GB MIG 4g.20gb (0),1,,13,[CUDA memcpy Host-to-Device]
6179716036,12832,162791,273,1,1,8,4,1,39,0.002,0.000,,,,,NVIDIA A100-SXM4-40GB MIG 4g.20gb (0),1,,13,"void channel_eq::eqMmseCoefCompLowMimoKernel<float, float, float, (unsigned int)4, (unsigned int)1, (unsigned int)4>(const channel_eq::_puschRxChEqStatDescr *, channel_eq::_puschRxChEqCoefCompDynDescr)"
6180164735,10848,162792,273,1,1,12,11,1,51,0.002,0.000,,,,,NVIDIA A100-SXM4-40GB MIG 4g.20gb (0),1,,13,"void channel_eq::eqMmseSoftDemapKernel<float, __half, __half, float, (unsigned int)4, (unsigned short)16383>(channel_eq::_puschRxChEqStatDescr *, channel_eq::_puschRxChEqSoftDemapDynDescr)"
6180670297,660505,162793,1,1,1,32,32,1,30,0.000,0.000,,,,,NVIDIA A100-SXM4-40GB MIG 4g.20gb (0),1,,13,"void convert_kernel<float2, __half2>(tensor_layout_any, T1 *, tensor_layout_any, const T2 *)"
6181869516,13664,162805,2253,1,1,128,1,1,16,0.000,0.000,,,,,NVIDIA A100-SXM4-40GB MIG 4g.20gb (0),1,,13,cupy_copy__float16_float16
6182477029,5568,162814,282,1,1,128,1,1,16,0.000,0.000,,,,,NVIDIA A100-SXM4-40GB MIG 4g.20gb (0),1,,13,cupy_copy__complex64_complex64
6183039167,5504,162823,26,1,1,128,1,1,16,0.000,0.000,,,,,NVIDIA A100-SXM4-40GB MIG 4g.20gb (0),1,,13,cupy_copy__float32_float32
6183507129,4992,162832,103,1,1,128,1,1,16,0.000,0.000,,,,,NVIDIA A100-SXM4-40GB MIG 4g.20gb (0),1,,13,cupy_copy__complex64_complex64
6183957428,15456,162842,1434,1,1,128,1,1,16,0.000,0.000,,,,,NVIDIA A100-SXM4-40GB MIG 4g.20gb (0),1,,13,cupy_copy__complex64_complex64
6184307472,289981,162847,1,1,1,32,32,1,30,0.000,0.000,,,,,NVIDIA A100-SXM4-40GB MIG 4g.20gb (0),1,,13,"void convert_kernel<__half2, float2>(tensor_layout_any, T1 *, tensor_layout_any, const T2 *)"
6184631149,13568,162850,,,,,,,,,,0.094,6905.583,Pinned,Device,NVIDIA A100-SXM4-40GB MIG 4g.20gb (0),1,,13,[CUDA memcpy Host-to-Device]
6184837226,604729,162851,,,,,,,,,,456.561,754696.060,Device,,NVIDIA A100-SXM4-40GB MIG 4g.20gb (0),1,,13,[CUDA memset]
6185447459,53184,162856,,,,,,,,,,1.235,23219.417,Pinned,Device,NVIDIA A100-SXM4-40GB MIG 4g.20gb (0),1,,13,[CUDA memcpy Host-to-Device]
6185504707,14112,162857,,,,,,,,,,0.197,13931.839,Pinned,Device,NVIDIA A100-SXM4-40GB MIG 4g.20gb (0),1,,13,[CUDA memcpy Host-to-Device]
6185688545,8384,162858,69,4,1,48,1,1,76,0.002,0.000,,,,,NVIDIA A100-SXM4-40GB MIG 4g.20gb (0),1,,13,"void ch_est::windowedChEstPreNoDftSOfdmKernel<float, __half, float, (unsigned int)2, (unsigned int)1, (unsigned short)4>(ch_est::puschRxChEstStatDescr_t *, ch_est::puschRxChEstDynDescr_t *)"
6185743712,8480,162859,137,2,1,24,2,1,44,0.001,0.001,,,,,NVIDIA A100-SXM4-40GB MIG 4g.20gb (0),1,,13,"void ch_est::chEstFilterNoDftSOfdmDispatchKernel<float, __half, float, (unsigned int)2>(ch_est::puschRxChEstStatDescr_t *, ch_est::puschRxChEstDynDescr_t *)"
6185797887,8704,162860,137,2,1,24,2,1,44,0.001,0.001,,,,,NVIDIA A100-SXM4-40GB MIG 4g.20gb (0),1,,13,"void ch_est::chEstFilterNoDftSOfdmDispatchKernel<float, __half, float, (unsigned int)2>(ch_est::puschRxChEstStatDescr_t *, ch_est::puschRxChEstDynDescr_t *)"
6185852255,3872,162871,103,1,1,128,1,1,16,0.000,0.000,,,,,NVIDIA A100-SXM4-40GB MIG 4g.20gb (0),1,,13,cupy_copy__complex64_complex64
6185879743,14719,162881,1434,1,1,128,1,1,16,0.000,0.000,,,,,NVIDIA A100-SXM4-40GB MIG 4g.20gb (0),1,,13,cupy_copy__complex64_complex64
6185941566,3904,162888,103,1,1,128,1,1,16,0.000,0.000,,,,,NVIDIA A100-SXM4-40GB MIG 4g.20gb (0),1,,13,cupy_copy__complex64_complex64
6185968926,93790,162895,1,1,1,32,32,1,30,0.000,0.000,,,,,NVIDIA A100-SXM4-40GB MIG 4g.20gb (0),1,,13,"void convert_kernel<__half2, float2>(tensor_layout_any, T1 *, tensor_layout_any, const T2 *)"
6186097052,5376,162898,,,,,,,,,,0.094,17428.487,Pinned,Device,NVIDIA A100-SXM4-40GB MIG 4g.20gb (0),1,,13,[CUDA memcpy Host-to-Device]
6186127996,48095,162899,,,,,,,,,,35.810,744559.857,Device,,NVIDIA A100-SXM4-40GB MIG 4g.20gb (0),1,,13,[CUDA memset]
6186181883,1856,162901,,,,,,,,,,0.000,43.103,Pinned,Device,NVIDIA A100-SXM4-40GB MIG 4g.20gb (0),1,,13,[CUDA memcpy Host-to-Device]
6186186331,9376,162902,,,,,,,,,,0.197,20969.226,Pinned,Device,NVIDIA A100-SXM4-40GB MIG 4g.20gb (0),1,,13,[CUDA memcpy Host-to-Device]
6186224411,11647,162903,273,1,1,48,1,1,40,0.000,0.001,,,,,NVIDIA A100-SXM4-40GB MIG 4g.20gb (0),1,,13,"void pusch_noise_intf_est::noiseIntfEstNoDftSOfdmKernel<float, __half, float, float, (unsigned int)2, (unsigned int)1, (unsigned char)4, (unsigned char)4>(pusch_noise_intf_est::puschRxNoiseIntfEstDynDescr)"
6186279290,5344,162914,35,1,1,128,1,1,16,0.000,0.000,,,,,NVIDIA A100-SXM4-40GB MIG 4g.20gb (0),1,,13,cupy_copy__complex64_complex64
6186306810,2144,162923,1,1,1,1,1,1,18,0.000,0.000,,,,,NVIDIA A100-SXM4-40GB MIG 4g.20gb (0),1,,13,cupy_copy__float32_float32
6186310682,1600,162929,,,,,,,,,,0.000,2.500,Device,Pageable,NVIDIA A100-SXM4-40GB MIG 4g.20gb (0),1,,7,[CUDA memcpy Device-to-Host]
6186463512,16160,162940,1434,1,1,128,1,1,16,0.000,0.000,,,,,NVIDIA A100-SXM4-40GB MIG 4g.20gb (0),1,,13,cupy_copy__complex64_complex64
6186597366,3904,162947,103,1,1,128,1,1,16,0.000,0.000,,,,,NVIDIA A100-SXM4-40GB MIG 4g.20gb (0),1,,13,cupy_copy__complex64_complex64
6186760981,5759,162954,35,1,1,128,1,1,16,0.000,0.000,,,,,NVIDIA A100-SXM4-40GB MIG 4g.20gb (0),1,,13,cupy_copy__complex64_complex64
6186998802,6208,162961,1,1,1,1,1,1,18,0.000,0.000,,,,,NVIDIA A100-SXM4-40GB MIG 4g.20gb (0),1,,13,cupy_copy__float32_float32
6187114321,228701,162972,1,1,1,32,32,1,30,0.000,0.000,,,,,NVIDIA A100-SXM4-40GB MIG 4g.20gb (0),1,,13,"void convert_kernel<__half2, float2>(tensor_layout_any, T1 *, tensor_layout_any, const T2 *)"
6187371822,6048,162975,,,,,,,,,,0.094,15491.978,Pinned,Device,NVIDIA A100-SXM4-40GB MIG 4g.20gb (0),1,,13,[CUDA memcpy Host-to-Device]
6187653098,10048,162976,,,,,,,,,,1.547,153923.114,Device,,NVIDIA A100-SXM4-40GB MIG 4g.20gb (0),1,,13,[CUDA memset]
6187668170,4672,162981,,,,,,,,,,0.031,6698.627,Pinned,Device,NVIDIA A100-SXM4-40GB MIG 4g.20gb (0),1,,13,[CUDA memcpy Host-to-Device]
6187675498,13408,162982,,,,,,,,,,0.197,14663.418,Pinned,Device,NVIDIA A100-SXM4-40GB MIG 4g.20gb (0),1,,13,[CUDA memcpy Host-to-Device]
6188005382,14016,162983,273,1,1,8,4,1,39,0.002,0.000,,,,,NVIDIA A100-SXM4-40GB MIG 4g.20gb (0),1,,13,"void channel_eq::eqMmseCoefCompLowMimoKernel<float, float, float, (unsigned int)4, (unsigned int)1, (unsigned int)4>(const channel_eq::_puschRxChEqStatDescr *, channel_eq::_puschRxChEqCoefCompDynDescr)"
6188354691,14783,162984,273,1,1,12,11,1,51,0.002,0.000,,,,,NVIDIA A100-SXM4-40GB MIG 4g.20gb (0),1,,13,"void channel_eq::eqMmseSoftDemapKernel<float, __half, __half, float, (unsigned int)4, (unsigned short)16383>(channel_eq::_puschRxChEqStatDescr *, channel_eq::_puschRxChEqSoftDemapDynDescr)"
6188708671,682488,162985,1,1,1,32,32,1,30,0.000,0.000,,,,,NVIDIA A100-SXM4-40GB MIG 4g.20gb (0),1,,13,"void convert_kernel<float2, __half2>(tensor_layout_any, T1 *, tensor_layout_any, const T2 *)"
6189725203,15040,162997,2253,1,1,128,1,1,16,0.000,0.000,,,,,NVIDIA A100-SXM4-40GB MIG 4g.20gb (0),1,,13,cupy_copy__float16_float16
6189954928,5536,163006,282,1,1,128,1,1,16,0.000,0.000,,,,,NVIDIA A100-SXM4-40GB MIG 4g.20gb (0),1,,13,cupy_copy__complex64_complex64
6190128462,7104,163015,26,1,1,128,1,1,16,0.000,0.000,,,,,NVIDIA A100-SXM4-40GB MIG 4g.20gb (0),1,,13,cupy_copy__float32_float32
6190239117,4896,163024,103,1,1,128,1,1,16,0.000,0.000,,,,,NVIDIA A100-SXM4-40GB MIG 4g.20gb (0),1,,13,cupy_copy__complex64_complex64
6190422635,16192,163034,1434,1,1,128,1,1,16,0.000,0.000,,,,,NVIDIA A100-SXM4-40GB MIG 4g.20gb (0),1,,13,cupy_copy__complex64_complex64
6190645513,205245,163039,1,1,1,32,32,1,30,0.000,0.000,,,,,NVIDIA A100-SXM4-40GB MIG 4g.20gb (0),1,,13,"void convert_kernel<__half2, float2>(tensor_layout_any, T1 *, tensor_layout_any, const T2 *)"
6190880838,5792,163042,,,,,,,,,,0.094,16176.708,Pinned,Device,NVIDIA A100-SXM4-40GB MIG 4g.20gb (0),1,,13,[CUDA memcpy Host-to-Device]
6190961285,622745,163043,,,,,,,,,,456.561,732781.111,Device,,NVIDIA A100-SXM4-40GB MIG 4g.20gb (0),1,,13,[CUDA memset]
6191589342,55743,163048,,,,,,,,,,1.235,22153.660,Pinned,Device,NVIDIA A100-SXM4-40GB MIG 4g.20gb (0),1,,13,[CUDA memcpy Host-to-Device]
6191647549,10240,163049,,,,,,,,,,0.197,19199.951,Pinned,Device,NVIDIA A100-SXM4-40GB MIG 4g.20gb (0),1,,13,[CUDA memcpy Host-to-Device]
6191793148,10655,163050,69,4,1,48,1,1,76,0.002,0.000,,,,,NVIDIA A100-SXM4-40GB MIG 4g.20gb (0),1,,13,"void ch_est::windowedChEstPreNoDftSOfdmKernel<float, __half, float, (unsigned int)2, (unsigned int)1, (unsigned short)4>(ch_est::puschRxChEstStatDescr_t *, ch_est::puschRxChEstDynDescr_t *)"
6192038073,8768,163051,137,2,1,24,2,1,44,0.001,0.001,,,,,NVIDIA A100-SXM4-40GB MIG 4g.20gb (0),1,,13,"void ch_est::chEstFilterNoDftSOfdmDispatchKernel<float, __half, float, (unsigned int)2>(ch_est::puschRxChEstStatDescr_t *, ch_est::puschRxChEstDynDescr_t *)"
6192283862,8960,163052,137,2,1,24,2,1,44,0.001,0.001,,,,,NVIDIA A100-SXM4-40GB MIG 4g.20gb (0),1,,13,"void ch_est::chEstFilterNoDftSOfdmDispatchKernel<float, __half, float, (unsigned int)2>(ch_est::puschRxChEstStatDescr_t *, ch_est::puschRxChEstDynDescr_t *)"
6192394389,5376,163063,103,1,1,128,1,1,16,0.000,0.000,,,,,NVIDIA A100-SXM4-40GB MIG 4g.20gb (0),1,,13,cupy_copy__complex64_complex64
6192601650,17952,163073,1434,1,1,128,1,1,16,0.000,0.000,,,,,NVIDIA A100-SXM4-40GB MIG 4g.20gb (0),1,,13,cupy_copy__complex64_complex64
6192858832,6591,163080,103,1,1,128,1,1,16,0.000,0.000,,,,,NVIDIA A100-SXM4-40GB MIG 4g.20gb (0),1,,13,cupy_copy__complex64_complex64
6193101485,260445,163087,1,1,1,32,32,1,30,0.000,0.000,,,,,NVIDIA A100-SXM4-40GB MIG 4g.20gb (0),1,,13,"void convert_kernel<__half2, float2>(tensor_layout_any, T1 *, tensor_layout_any, const T2 *)"
6193391849,9696,163090,,,,,,,,,,0.094,9663.337,Pinned,Device,NVIDIA A100-SXM4-40GB MIG 4g.20gb (0),1,,13,[CUDA memcpy Host-to-Device]
6193694310,49120,163091,,,,,,,,,,35.810,729018.351,Device,,NVIDIA A100-SXM4-40GB MIG 4g.20gb (0),1,,13,[CUDA memset]
6193749029,2464,163093,,,,,,,,,,0.000,32.468,Pinned,Device,NVIDIA A100-SXM4-40GB MIG 4g.20gb (0),1,,13,[CUDA memcpy Host-to-Device]
6193759109,12064,163094,,,,,,,,,,0.197,16297.034,Pinned,Device,NVIDIA A100-SXM4-40GB MIG 4g.20gb (0),1,,13,[CUDA memcpy Host-to-Device]
6194116673,17280,163095,273,1,1,48,1,1,40,0.000,0.001,,,,,NVIDIA A100-SXM4-40GB MIG 4g.20gb (0),1,,13,"void pusch_noise_intf_est::noiseIntfEstNoDftSOfdmKernel<float, __half, float, float, (unsigned int)2, (unsigned int)1, (unsigned char)4, (unsigned char)4>(pusch_noise_intf_est::puschRxNoiseIntfEstDynDescr)"
6194495869,4128,163106,35,1,1,128,1,1,16,0.000,0.000,,,,,NVIDIA A100-SXM4-40GB MIG 4g.20gb (0),1,,13,cupy_copy__complex64_complex64
6194841977,4128,163115,1,1,1,1,1,1,18,0.000,0.000,,,,,NVIDIA A100-SXM4-40GB MIG 4g.20gb (0),1,,13,cupy_copy__float32_float32
6194846841,1600,163121,,,,,,,,,,0.000,2.500,Device,Pageable,NVIDIA A100-SXM4-40GB MIG 4g.20gb (0),1,,7,[CUDA memcpy Device-to-Host]
6195113046,15840,163132,1434,1,1,128,1,1,16,0.000,0.000,,,,,NVIDIA A100-SXM4-40GB MIG 4g.20gb (0),1,,13,cupy_copy__complex64_complex64
6195360179,4096,163139,103,1,1,128,1,1,16,0.000,0.000,,,,,NVIDIA A100-SXM4-40GB MIG 4g.20gb (0),1,,13,cupy_copy__complex64_complex64
6195566897,6144,163146,35,1,1,128,1,1,16,0.000,0.000,,,,,NVIDIA A100-SXM4-40GB MIG 4g.20gb (0),1,,13,cupy_copy__complex64_complex64
6195796174,3104,163153,1,1,1,1,1,1,18,0.000,0.000,,,,,NVIDIA A100-SXM4-40GB MIG 4g.20gb (0),1,,13,cupy_copy__float32_float32
6195996236,248765,163164,1,1,1,32,32,1,30,0.000,0.000,,,,,NVIDIA A100-SXM4-40GB MIG 4g.20gb (0),1,,13,"void convert_kernel<__half2, float2>(tensor_layout_any, T1 *, tensor_layout_any, const T2 *)"
6196275273,6112,163167,,,,,,,,,,0.094,15329.790,Pinned,Device,NVIDIA A100-SXM4-40GB MIG 4g.20gb (0),1,,13,[CUDA memcpy Host-to-Device]
6196507910,6176,163168,,,,,,,,,,1.547,250424.718,Device,,NVIDIA A100-SXM4-40GB MIG 4g.20gb (0),1,,13,[CUDA memset]
6196520550,3296,163173,,,,,,,,,,0.031,9495.144,Pinned,Device,NVIDIA A100-SXM4-40GB MIG 4g.20gb (0),1,,13,[CUDA memcpy Host-to-Device]
6196526278,10592,163174,,,,,,,,,,0.197,18561.761,Pinned,Device,NVIDIA A100-SXM4-40GB MIG 4g.20gb (0),1,,13,[CUDA memcpy Host-to-Device]
6196682948,14624,163175,273,1,1,8,4,1,39,0.002,0.000,,,,,NVIDIA A100-SXM4-40GB MIG 4g.20gb (0),1,,13,"void channel_eq::eqMmseCoefCompLowMimoKernel<float, float, float, (unsigned int)4, (unsigned int)1, (unsigned int)4>(const channel_eq::_puschRxChEqStatDescr *, channel_eq::_puschRxChEqCoefCompDynDescr)"
6196964801,14432,163176,273,1,1,12,11,1,51,0.002,0.000,,,,,NVIDIA A100-SXM4-40GB MIG 4g.20gb (0),1,,13,"void channel_eq::eqMmseSoftDemapKernel<float, __half, __half, float, (unsigned int)4, (unsigned short)16383>(channel_eq::_puschRxChEqStatDescr *, channel_eq::_puschRxChEqSoftDemapDynDescr)"
6197252574,638713,163177,1,1,1,32,32,1,30,0.000,0.000,,,,,NVIDIA A100-SXM4-40GB MIG 4g.20gb (0),1,,13,"void convert_kernel<float2, __half2>(tensor_layout_any, T1 *, tensor_layout_any, const T2 *)"
6198214323,13696,163189,2253,1,1,128,1,1,16,0.000,0.000,,,,,NVIDIA A100-SXM4-40GB MIG 4g.20gb (0),1,,13,cupy_copy__float16_float16
6198614606,5344,163198,282,1,1,128,1,1,16,0.000,0.000,,,,,NVIDIA A100-SXM4-40GB MIG 4g.20gb (0),1,,13,cupy_copy__complex64_complex64
6198969866,4864,163207,26,1,1,128,1,1,16,0.000,0.000,,,,,NVIDIA A100-SXM4-40GB MIG 4g.20gb (0),1,,13,cupy_copy__float32_float32
6199185224,8800,163216,103,1,1,128,1,1,16,0.000,0.000,,,,,NVIDIA A100-SXM4-40GB MIG 4g.20gb (0),1,,13,cupy_copy__complex64_complex64
6199475173,18719,163226,1434,1,1,128,1,1,16,0.000,0.000,,,,,NVIDIA A100-SXM4-40GB MIG 4g.20gb (0),1,,13,cupy_copy__complex64_complex64
6199874720,300797,163231,1,1,1,32,32,1,30,0.000,0.000,,,,,NVIDIA A100-SXM4-40GB MIG 4g.20gb (0),1,,13,"void convert_kernel<__half2, float2>(tensor_layout_any, T1 *, tensor_layout_any, const T2 *)"
6200205852,9280,163234,,,,,,,,,,0.094,10096.494,Pinned,Device,NVIDIA A100-SXM4-40GB MIG 4g.20gb (0),1,,13,[CUDA memcpy Host-to-Device]
6200401882,619865,163235,,,,,,,,,,456.561,736433.603,Device,,NVIDIA A100-SXM4-40GB MIG 4g.20gb (0),1,,13,[CUDA memset]
6201028531,56031,163240,,,,,,,,,,1.235,22040.046,Pinned,Device,NVIDIA A100-SXM4-40GB MIG 4g.20gb (0),1,,13,[CUDA memcpy Host-to-Device]
6201087026,10848,163241,,,,,,,,,,0.197,18123.719,Pinned,Device,NVIDIA A100-SXM4-40GB MIG 4g.20gb (0),1,,13,[CUDA memcpy Host-to-Device]
6201279792,13088,163242,69,4,1,48,1,1,76,0.002,0.000,,,,,NVIDIA A100-SXM4-40GB MIG 4g.20gb (0),1,,13,"void ch_est::windowedChEstPreNoDftSOfdmKernel<float, __half, float, (unsigned int)2, (unsigned int)1, (unsigned short)4>(ch_est::puschRxChEstStatDescr_t *, ch_est::puschRxChEstDynDescr_t *)"
6201498062,12672,163243,137,2,1,24,2,1,44,0.001,0.001,,,,,NVIDIA A100-SXM4-40GB MIG 4g.20gb (0),1,,13,"void ch_est::chEstFilterNoDftSOfdmDispatchKernel<float, __half, float, (unsigned int)2>(ch_est::puschRxChEstStatDescr_t *, ch_est::puschRxChEstDynDescr_t *)"
6201715307,13504,163244,137,2,1,24,2,1,44,0.001,0.001,,,,,NVIDIA A100-SXM4-40GB MIG 4g.20gb (0),1,,13,"void ch_est::chEstFilterNoDftSOfdmDispatchKernel<float, __half, float, (unsigned int)2>(ch_est::puschRxChEstStatDescr_t *, ch_est::puschRxChEstDynDescr_t *)"
6201932969,6240,163255,103,1,1,128,1,1,16,0.000,0.000,,,,,NVIDIA A100-SXM4-40GB MIG 4g.20gb (0),1,,13,cupy_copy__complex64_complex64
6202016200,16032,163265,1434,1,1,128,1,1,16,0.000,0.000,,,,,NVIDIA A100-SXM4-40GB MIG 4g.20gb (0),1,,13,cupy_copy__complex64_complex64
6202088743,3776,163272,103,1,1,128,1,1,16,0.000,0.000,,,,,NVIDIA A100-SXM4-40GB MIG 4g.20gb (0),1,,13,cupy_copy__complex64_complex64
6202149446,99199,163279,1,1,1,32,32,1,30,0.000,0.000,,,,,NVIDIA A100-SXM4-40GB MIG 4g.20gb (0),1,,13,"void convert_kernel<__half2, float2>(tensor_layout_any, T1 *, tensor_layout_any, const T2 *)"
6202278309,5856,163282,,,,,,,,,,0.094,15999.997,Pinned,Device,NVIDIA A100-SXM4-40GB MIG 4g.20gb (0),1,,13,[CUDA memcpy Host-to-Device]
6202351044,48864,163283,,,,,,,,,,35.810,732814.203,Device,,NVIDIA A100-SXM4-40GB MIG 4g.20gb (0),1,,13,[CUDA memset]
6202409859,1952,163285,,,,,,,,,,0.000,40.984,Pinned,Device,NVIDIA A100-SXM4-40GB MIG 4g.20gb (0),1,,13,[CUDA memcpy Host-to-Device]
6202418115,9696,163286,,,,,,,,,,0.197,20277.166,Pinned,Device,NVIDIA A100-SXM4-40GB MIG 4g.20gb (0),1,,13,[CUDA memcpy Host-to-Device]
6202556322,15808,163287,273,1,1,48,1,1,40,0.000,0.001,,,,,NVIDIA A100-SXM4-40GB MIG 4g.20gb (0),1,,13,"void pusch_noise_intf_est::noiseIntfEstNoDftSOfdmKernel<float, __half, float, float, (unsigned int)2, (unsigned int)1, (unsigned char)4, (unsigned char)4>(pusch_noise_intf_est::puschRxNoiseIntfEstDynDescr)"
6202828383,8256,163298,35,1,1,128,1,1,16,0.000,0.000,,,,,NVIDIA A100-SXM4-40GB MIG 4g.20gb (0),1,,13,cupy_copy__complex64_complex64
6202937533,2912,163307,1,1,1,1,1,1,18,0.000,0.000,,,,,NVIDIA A100-SXM4-40GB MIG 4g.20gb (0),1,,13,cupy_copy__float32_float32
6202941277,1600,163313,,,,,,,,,,0.000,2.500,Device,Pageable,NVIDIA A100-SXM4-40GB MIG 4g.20gb (0),1,,7,[CUDA memcpy Device-to-Host]
6203213850,16384,163324,1434,1,1,128,1,1,16,0.000,0.000,,,,,NVIDIA A100-SXM4-40GB MIG 4g.20gb (0),1,,13,cupy_copy__complex64_complex64
6203481847,5408,163331,103,1,1,128,1,1,16,0.000,0.000,,,,,NVIDIA A100-SXM4-40GB MIG 4g.20gb (0),1,,13,cupy_copy__complex64_complex64
6203818387,6464,163338,35,1,1,128,1,1,16,0.000,0.000,,,,,NVIDIA A100-SXM4-40GB MIG 4g.20gb (0),1,,13,cupy_copy__complex64_complex64
6204189199,3488,163345,1,1,1,1,1,1,18,0.000,0.000,,,,,NVIDIA A100-SXM4-40GB MIG 4g.20gb (0),1,,13,cupy_copy__float32_float32
6204523019,261182,163356,1,1,1,32,32,1,30,0.000,0.000,,,,,NVIDIA A100-SXM4-40GB MIG 4g.20gb (0),1,,13,"void convert_kernel<__half2, float2>(tensor_layout_any, T1 *, tensor_layout_any, const T2 *)"
6204814824,5760,163359,,,,,,,,,,0.094,16266.656,Pinned,Device,NVIDIA A100-SXM4-40GB MIG 4g.20gb (0),1,,13,[CUDA memcpy Host-to-Device]
6205089317,10848,163360,,,,,,,,,,1.547,142570.894,Device,,NVIDIA A100-SXM4-40GB MIG 4g.20gb (0),1,,13,[CUDA memset]
6205101957,4000,163365,,,,,,,,,,0.031,7824.000,Pinned,Device,NVIDIA A100-SXM4-40GB MIG 4g.20gb (0),1,,13,[CUDA memcpy Host-to-Device]
6205111461,13408,163366,,,,,,,,,,0.197,14663.418,Pinned,Device,NVIDIA A100-SXM4-40GB MIG 4g.20gb (0),1,,13,[CUDA memcpy Host-to-Device]
6205464705,19232,163367,273,1,1,8,4,1,39,0.002,0.000,,,,,NVIDIA A100-SXM4-40GB MIG 4g.20gb (0),1,,13,"void channel_eq::eqMmseCoefCompLowMimoKernel<float, float, float, (unsigned int)4, (unsigned int)1, (unsigned int)4>(const channel_eq::_puschRxChEqStatDescr *, channel_eq::_puschRxChEqCoefCompDynDescr)"
6205756766,9919,163368,273,1,1,12,11,1,51,0.002,0.000,,,,,NVIDIA A100-SXM4-40GB MIG 4g.20gb (0),1,,13,"void channel_eq::eqMmseSoftDemapKernel<float, __half, __half, float, (unsigned int)4, (unsigned short)16383>(channel_eq::_puschRxChEqStatDescr *, channel_eq::_puschRxChEqSoftDemapDynDescr)"
6206130393,687896,163369,1,1,1,32,32,1,30,0.000,0.000,,,,,NVIDIA A100-SXM4-40GB MIG 4g.20gb (0),1,,13,"void convert_kernel<float2, __half2>(tensor_layout_any, T1 *, tensor_layout_any, const T2 *)"
6206928752,13536,163381,2253,1,1,128,1,1,16,0.000,0.000,,,,,NVIDIA A100-SXM4-40GB MIG 4g.20gb (0),1,,13,cupy_copy__float16_float16
6207025295,5184,163390,282,1,1,128,1,1,16,0.000,0.000,,,,,NVIDIA A100-SXM4-40GB MIG 4g.20gb (0),1,,13,cupy_copy__complex64_complex64
6207085582,3584,163399,26,1,1,128,1,1,16,0.000,0.000,,,,,NVIDIA A100-SXM4-40GB MIG 4g.20gb (0),1,,13,cupy_copy__float32_float32
6207162990,5984,163408,103,1,1,128,1,1,16,0.000,0.000,,,,,NVIDIA A100-SXM4-40GB MIG 4g.20gb (0),1,,13,cupy_copy__complex64_complex64
6207229197,14880,163418,1434,1,1,128,1,1,16,0.000,0.000,,,,,NVIDIA A100-SXM4-40GB MIG 4g.20gb (0),1,,13,cupy_copy__complex64_complex64
6207327372,105727,163423,1,1,1,32,32,1,30,0.000,0.000,,,,,NVIDIA A100-SXM4-40GB MIG 4g.20gb (0),1,,13,"void convert_kernel<__half2, float2>(tensor_layout_any, T1 *, tensor_layout_any, const T2 *)"
6207464522,5792,163426,,,,,,,,,,0.094,16176.708,Pinned,Device,NVIDIA A100-SXM4-40GB MIG 4g.20gb (0),1,,13,[CUDA memcpy Host-to-Device]
6207586729,609913,163427,,,,,,,,,,456.561,748304.200,Device,,NVIDIA A100-SXM4-40GB MIG 4g.20gb (0),1,,13,[CUDA memset]
6208201794,56799,163432,,,,,,,,,,1.235,21741.189,Pinned,Device,NVIDIA A100-SXM4-40GB MIG 4g.20gb (0),1,,13,[CUDA memcpy Host-to-Device]
6208261121,12416,163433,,,,,,,,,,0.197,15835.005,Pinned,Device,NVIDIA A100-SXM4-40GB MIG 4g.20gb (0),1,,13,[CUDA memcpy Host-to-Device]
6208603133,10784,163434,69,4,1,48,1,1,76,0.002,0.000,,,,,NVIDIA A100-SXM4-40GB MIG 4g.20gb (0),1,,13,"void ch_est::windowedChEstPreNoDftSOfdmKernel<float, __half, float, (unsigned int)2, (unsigned int)1, (unsigned short)4>(ch_est::puschRxChEstStatDescr_t *, ch_est::puschRxChEstDynDescr_t *)"
6209000121,8256,163435,137,2,1,24,2,1,44,0.001,0.001,,,,,NVIDIA A100-SXM4-40GB MIG 4g.20gb (0),1,,13,"void ch_est::chEstFilterNoDftSOfdmDispatchKernel<float, __half, float, (unsigned int)2>(ch_est::puschRxChEstStatDescr_t *, ch_est::puschRxChEstDynDescr_t *)"
6209384372,8224,163436,137,2,1,24,2,1,44,0.001,0.001,,,,,NVIDIA A100-SXM4-40GB MIG 4g.20gb (0),1,,13,"void ch_est::chEstFilterNoDftSOfdmDispatchKernel<float, __half, float, (unsigned int)2>(ch_est::puschRxChEstStatDescr_t *, ch_est::puschRxChEstDynDescr_t *)"
6209777360,5312,163447,103,1,1,128,1,1,16,0.000,0.000,,,,,NVIDIA A100-SXM4-40GB MIG 4g.20gb (0),1,,13,cupy_copy__complex64_complex64
6210141036,19360,163457,1434,1,1,128,1,1,16,0.000,0.000,,,,,NVIDIA A100-SXM4-40GB MIG 4g.20gb (0),1,,13,cupy_copy__complex64_complex64
6210440552,5600,163464,103,1,1,128,1,1,16,0.000,0.000,,,,,NVIDIA A100-SXM4-40GB MIG 4g.20gb (0),1,,13,cupy_copy__complex64_complex64
6210798532,246078,163471,1,1,1,32,32,1,30,0.000,0.000,,,,,NVIDIA A100-SXM4-40GB MIG 4g.20gb (0),1,,13,"void convert_kernel<__half2, float2>(tensor_layout_any, T1 *, tensor_layout_any, const T2 *)"
6211074529,9184,163474,,,,,,,,,,0.094,10202.089,Pinned,Device,NVIDIA A100-SXM4-40GB MIG 4g.20gb (0),1,,13,[CUDA memcpy Host-to-Device]
6211409406,53503,163475,,,,,,,,,,35.810,669287.405,Device,,NVIDIA A100-SXM4-40GB MIG 4g.20gb (0),1,,13,[CUDA memset]
6211469053,2944,163477,,,,,,,,,,0.000,27.174,Pinned,Device,NVIDIA A100-SXM4-40GB MIG 4g.20gb (0),1,,13,[CUDA memcpy Host-to-Device]
6211474685,13856,163478,,,,,,,,,,0.197,14189.199,Pinned,Device,NVIDIA A100-SXM4-40GB MIG 4g.20gb (0),1,,13,[CUDA memcpy Host-to-Device]
6211851865,20863,163479,273,1,1,48,1,1,40,0.000,0.001,,,,,NVIDIA A100-SXM4-40GB MIG 4g.20gb (0),1,,13,"void pusch_noise_intf_est::noiseIntfEstNoDftSOfdmKernel<float, __half, float, float, (unsigned int)2, (unsigned int)1, (unsigned char)4, (unsigned char)4>(pusch_noise_intf_est::puschRxNoiseIntfEstDynDescr)"
6212246452,5856,163490,35,1,1,128,1,1,16,0.000,0.000,,,,,NVIDIA A100-SXM4-40GB MIG 4g.20gb (0),1,,13,cupy_copy__complex64_complex64
6212448914,3200,163499,1,1,1,1,1,1,18,0.000,0.000,,,,,NVIDIA A100-SXM4-40GB MIG 4g.20gb (0),1,,13,cupy_copy__float32_float32
6212455154,2048,163505,,,,,,,,,,0.000,1.953,Device,Pageable,NVIDIA A100-SXM4-40GB MIG 4g.20gb (0),1,,7,[CUDA memcpy Device-to-Host]
6212577008,15552,163516,1434,1,1,128,1,1,16,0.000,0.000,,,,,NVIDIA A100-SXM4-40GB MIG 4g.20gb (0),1,,13,cupy_copy__complex64_complex64
6212674799,3936,163523,103,1,1,128,1,1,16,0.000,0.000,,,,,NVIDIA A100-SXM4-40GB MIG 4g.20gb (0),1,,13,cupy_copy__complex64_complex64
6212734351,6079,163530,35,1,1,128,1,1,16,0.000,0.000,,,,,NVIDIA A100-SXM4-40GB MIG 4g.20gb (0),1,,13,cupy_copy__complex64_complex64
6212810926,2720,163537,1,1,1,1,1,1,18,0.000,0.000,,,,,NVIDIA A100-SXM4-40GB MIG 4g.20gb (0),1,,13,cupy_copy__float32_float32
6212876557,97663,163548,1,1,1,32,32,1,30,0.000,0.000,,,,,NVIDIA A100-SXM4-40GB MIG 4g.20gb (0),1,,13,"void convert_kernel<__half2, float2>(tensor_layout_any, T1 *, tensor_layout_any, const T2 *)"
6213003595,5888,163551,,,,,,,,,,0.094,15912.954,Pinned,Device,NVIDIA A100-SXM4-40GB MIG 4g.20gb (0),1,,13,[CUDA memcpy Host-to-Device]
6213082251,6880,163552,,,,,,,,,,1.547,224798.705,Device,,NVIDIA A100-SXM4-40GB MIG 4g.20gb (0),1,,13,[CUDA memset]
6213093290,3392,163557,,,,,,,,,,0.031,9226.405,Pinned,Device,NVIDIA A100-SXM4-40GB MIG 4g.20gb (0),1,,13,[CUDA memcpy Host-to-Device]
6213099146,9632,163558,,,,,,,,,,0.197,20411.843,Pinned,Device,NVIDIA A100-SXM4-40GB MIG 4g.20gb (0),1,,13,[CUDA memcpy Host-to-Device]
6213171562,13183,163559,273,1,1,8,4,1,39,0.002,0.000,,,,,NVIDIA A100-SXM4-40GB MIG 4g.20gb (0),1,,13,"void channel_eq::eqMmseCoefCompLowMimoKernel<float, float, float, (unsigned int)4, (unsigned int)1, (unsigned int)4>(const channel_eq::_puschRxChEqStatDescr *, channel_eq::_puschRxChEqCoefCompDynDescr)"
6213260297,15551,163560,273,1,1,12,11,1,51,0.002,0.000,,,,,NVIDIA A100-SXM4-40GB MIG 4g.20gb (0),1,,13,"void channel_eq::eqMmseSoftDemapKernel<float, __half, __half, float, (unsigned int)4, (unsigned short)16383>(channel_eq::_puschRxChEqStatDescr *, channel_eq::_puschRxChEqSoftDemapDynDescr)"
6213353736,713463,163561,1,1,1,32,32,1,30,0.000,0.000,,,,,NVIDIA A100-SXM4-40GB MIG 4g.20gb (0),1,,13,"void convert_kernel<float2, __half2>(tensor_layout_any, T1 *, tensor_layout_any, const T2 *)"
6214369564,13280,163573,2253,1,1,128,1,1,16,0.000,0.000,,,,,NVIDIA A100-SXM4-40GB MIG 4g.20gb (0),1,,13,cupy_copy__float16_float16
6214667161,8320,163582,282,1,1,128,1,1,16,0.000,0.000,,,,,NVIDIA A100-SXM4-40GB MIG 4g.20gb (0),1,,13,cupy_copy__complex64_complex64
6215160787,4160,163591,26,1,1,128,1,1,16,0.000,0.000,,,,,NVIDIA A100-SXM4-40GB MIG 4g.20gb (0),1,,13,cupy_copy__float32_float32
6215624942,6976,163600,103,1,1,128,1,1,16,0.000,0.000,,,,,NVIDIA A100-SXM4-40GB MIG 4g.20gb (0),1,,13,cupy_copy__complex64_complex64
6216177416,18239,163616,1434,1,1,128,1,1,16,0.000,0.000,,,,,NVIDIA A100-SXM4-40GB MIG 4g.20gb (0),1,,13,cupy_copy__complex64_complex64
6216690210,252829,163621,1,1,1,32,32,1,30,0.000,0.000,,,,,NVIDIA A100-SXM4-40GB MIG 4g.20gb (0),1,,13,"void convert_kernel<__half2, float2>(tensor_layout_any, T1 *, tensor_layout_any, const T2 *)"
6216977822,9824,163624,,,,,,,,,,0.094,9537.410,Pinned,Device,NVIDIA A100-SXM4-40GB MIG 4g.20gb (0),1,,13,[CUDA memcpy Host-to-Device]
6217465017,609785,163625,,,,,,,,,,456.561,748304.200,Device,,NVIDIA A100-SXM4-40GB MIG 4g.20gb (0),1,,13,[CUDA memset]
6218081970,66335,163630,,,,,,,,,,1.235,18615.546,Pinned,Device,NVIDIA A100-SXM4-40GB MIG 4g.20gb (0),1,,13,[CUDA memcpy Host-to-Device]
6218151249,10752,163631,,,,,,,,,,0.197,18285.527,Pinned,Device,NVIDIA A100-SXM4-40GB MIG 4g.20gb (0),1,,13,[CUDA memcpy Host-to-Device]
6218576396,15200,163632,69,4,1,48,1,1,76,0.002,0.000,,,,,NVIDIA A100-SXM4-40GB MIG 4g.20gb (0),1,,13,"void ch_est::windowedChEstPreNoDftSOfdmKernel<float, __half, float, (unsigned int)2, (unsigned int)1, (unsigned short)4>(ch_est::puschRxChEstStatDescr_t *, ch_est::puschRxChEstDynDescr_t *)"
6219078951,8576,163633,137,2,1,24,2,1,44,0.001,0.001,,,,,NVIDIA A100-SXM4-40GB MIG 4g.20gb (0),1,,13,"void ch_est::chEstFilterNoDftSOfdmDispatchKernel<float, __half, float, (unsigned int)2>(ch_est::puschRxChEstStatDescr_t *, ch_est::puschRxChEstDynDescr_t *)"
6219404451,8704,163634,137,2,1,24,2,1,44,0.001,0.001,,,,,NVIDIA A100-SXM4-40GB MIG 4g.20gb (0),1,,13,"void ch_est::chEstFilterNoDftSOfdmDispatchKernel<float, __half, float, (unsigned int)2>(ch_est::puschRxChEstStatDescr_t *, ch_est::puschRxChEstDynDescr_t *)"
6219512290,3744,163645,103,1,1,128,1,1,16,0.000,0.000,,,,,NVIDIA A100-SXM4-40GB MIG 4g.20gb (0),1,,13,cupy_copy__complex64_complex64
6219577697,14944,163655,1434,1,1,128,1,1,16,0.000,0.000,,,,,NVIDIA A100-SXM4-40GB MIG 4g.20gb (0),1,,13,cupy_copy__complex64_complex64
6219647200,4704,163662,103,1,1,128,1,1,16,0.000,0.000,,,,,NVIDIA A100-SXM4-40GB MIG 4g.20gb (0),1,,13,cupy_copy__complex64_complex64
6219724543,97887,163669,1,1,1,32,32,1,30,0.000,0.000,,,,,NVIDIA A100-SXM4-40GB MIG 4g.20gb (0),1,,13,"void convert_kernel<__half2, float2>(tensor_layout_any, T1 *, tensor_layout_any, const T2 *)"
6219862590,5600,163672,,,,,,,,,,0.094,16731.388,Pinned,Device,NVIDIA A100-SXM4-40GB MIG 4g.20gb (0),1,,13,[CUDA memcpy Host-to-Device]
6219937373,49503,163673,,,,,,,,,,35.810,723360.384,Device,,NVIDIA A100-SXM4-40GB MIG 4g.20gb (0),1,,13,[CUDA memset]
6219991708,1984,163675,,,,,,,,,,0.000,40.323,Pinned,Device,NVIDIA A100-SXM4-40GB MIG 4g.20gb (0),1,,13,[CUDA memcpy Host-to-Device]
6219996668,9632,163676,,,,,,,,,,0.197,20411.843,Pinned,Device,NVIDIA A100-SXM4-40GB MIG 4g.20gb (0),1,,13,[CUDA memcpy Host-to-Device]
6220093595,11008,163677,273,1,1,48,1,1,40,0.000,0.001,,,,,NVIDIA A100-SXM4-40GB MIG 4g.20gb (0),1,,13,"void pusch_noise_intf_est::noiseIntfEstNoDftSOfdmKernel<float, __half, float, float, (unsigned int)2, (unsigned int)1, (unsigned char)4, (unsigned char)4>(pusch_noise_intf_est::puschRxNoiseIntfEstDynDescr)"
6220184954,7360,163688,35,1,1,128,1,1,16,0.000,0.000,,,,,NVIDIA A100-SXM4-40GB MIG 4g.20gb (0),1,,13,cupy_copy__complex64_complex64
6220244634,2751,163697,1,1,1,1,1,1,18,0.000,0.000,,,,,NVIDIA A100-SXM4-40GB MIG 4g.20gb (0),1,,13,cupy_copy__float32_float32
6220252825,2752,163703,,,,,,,,,,0.000,1.453,Device,Pageable,NVIDIA A100-SXM4-40GB MIG 4g.20gb (0),1,,7,[CUDA memcpy Device-to-Host]
6220439895,18528,163714,1434,1,1,128,1,1,16,0.000,0.000,,,,,NVIDIA A100-SXM4-40GB MIG 4g.20gb (0),1,,13,cupy_copy__complex64_complex64
6220759156,5280,163721,103,1,1,128,1,1,16,0.000,0.000,,,,,NVIDIA A100-SXM4-40GB MIG 4g.20gb (0),1,,13,cupy_copy__complex64_complex64
6220935762,5312,163728,35,1,1,128,1,1,16,0.000,0.000,,,,,NVIDIA A100-SXM4-40GB MIG 4g.20gb (0),1,,13,cupy_copy__complex64_complex64
6221387341,4128,163735,1,1,1,1,1,1,18,0.000,0.000,,,,,NVIDIA A100-SXM4-40GB MIG 4g.20gb (0),1,,13,cupy_copy__float32_float32
6221721961,261597,163746,1,1,1,32,32,1,30,0.000,0.000,,,,,NVIDIA A100-SXM4-40GB MIG 4g.20gb (0),1,,13,"void convert_kernel<__half2, float2>(tensor_layout_any, T1 *, tensor_layout_any, const T2 *)"
6222017445,10784,163749,,,,,,,,,,0.094,8688.336,Pinned,Device,NVIDIA A100-SXM4-40GB MIG 4g.20gb (0),1,,13,[CUDA memcpy Host-to-Device]
6222364354,4991,163750,,,,,,,,,,1.547,309881.585,Device,,NVIDIA A100-SXM4-40GB MIG 4g.20gb (0),1,,13,[CUDA memset]
6222375969,5536,163755,,,,,,,,,,0.031,5653.153,Pinned,Device,NVIDIA A100-SXM4-40GB MIG 4g.20gb (0),1,,13,[CUDA memcpy Host-to-Device]
6222385089,12384,163756,,,,,,,,,,0.197,15875.899,Pinned,Device,NVIDIA A100-SXM4-40GB MIG 4g.20gb (0),1,,13,[CUDA memcpy Host-to-Device]
6222814620,15776,163757,273,1,1,8,4,1,39,0.002,0.000,,,,,NVIDIA A100-SXM4-40GB MIG 4g.20gb (0),1,,13,"void channel_eq::eqMmseCoefCompLowMimoKernel<float, float, float, (unsigned int)4, (unsigned int)1, (unsigned int)4>(const channel_eq::_puschRxChEqStatDescr *, channel_eq::_puschRxChEqCoefCompDynDescr)"
6223260727,13952,163758,273,1,1,12,11,1,51,0.002,0.000,,,,,NVIDIA A100-SXM4-40GB MIG 4g.20gb (0),1,,13,"void channel_eq::eqMmseSoftDemapKernel<float, __half, __half, float, (unsigned int)4, (unsigned short)16383>(channel_eq::_puschRxChEqStatDescr *, channel_eq::_puschRxChEqSoftDemapDynDescr)"
6223707922,673337,163759,1,1,1,32,32,1,30,0.000,0.000,,,,,NVIDIA A100-SXM4-40GB MIG 4g.20gb (0),1,,13,"void convert_kernel<float2, __half2>(tensor_layout_any, T1 *, tensor_layout_any, const T2 *)"
6224599432,14432,163771,2253,1,1,128,1,1,16,0.000,0.000,,,,,NVIDIA A100-SXM4-40GB MIG 4g.20gb (0),1,,13,cupy_copy__float16_float16
6224939076,4992,163780,282,1,1,128,1,1,16,0.000,0.000,,,,,NVIDIA A100-SXM4-40GB MIG 4g.20gb (0),1,,13,cupy_copy__complex64_complex64
6225133314,4608,163789,26,1,1,128,1,1,16,0.000,0.000,,,,,NVIDIA A100-SXM4-40GB MIG 4g.20gb (0),1,,13,cupy_copy__float32_float32
6225348544,6592,163798,103,1,1,128,1,1,16,0.000,0.000,,,,,NVIDIA A100-SXM4-40GB MIG 4g.20gb (0),1,,13,cupy_copy__complex64_complex64
6225416191,15936,163808,1434,1,1,128,1,1,16,0.000,0.000,,,,,NVIDIA A100-SXM4-40GB MIG 4g.20gb (0),1,,13,cupy_copy__complex64_complex64
6225516478,99327,163813,1,1,1,32,32,1,30,0.000,0.000,,,,,NVIDIA A100-SXM4-40GB MIG 4g.20gb (0),1,,13,"void convert_kernel<__half2, float2>(tensor_layout_any, T1 *, tensor_layout_any, const T2 *)"
6225646204,6080,163816,,,,,,,,,,0.094,15410.462,Pinned,Device,NVIDIA A100-SXM4-40GB MIG 4g.20gb (0),1,,13,[CUDA memcpy Host-to-Device]
6225722300,608313,163817,,,,,,,,,,456.561,750130.446,Device,,NVIDIA A100-SXM4-40GB MIG 4g.20gb (0),1,,13,[CUDA memset]
6226334645,54655,163822,,,,,,,,,,1.235,22594.535,Pinned,Device,NVIDIA A100-SXM4-40GB MIG 4g.20gb (0),1,,13,[CUDA memcpy Host-to-Device]
6226391892,12608,163823,,,,,,,,,,0.197,15593.767,Pinned,Device,NVIDIA A100-SXM4-40GB MIG 4g.20gb (0),1,,13,[CUDA memcpy Host-to-Device]
6226553938,10400,163824,69,4,1,48,1,1,76,0.002,0.000,,,,,NVIDIA A100-SXM4-40GB MIG 4g.20gb (0),1,,13,"void ch_est::windowedChEstPreNoDftSOfdmKernel<float, __half, float, (unsigned int)2, (unsigned int)1, (unsigned short)4>(ch_est::puschRxChEstStatDescr_t *, ch_est::puschRxChEstDynDescr_t *)"
6226881710,8544,163825,137,2,1,24,2,1,44,0.001,0.001,,,,,NVIDIA A100-SXM4-40GB MIG 4g.20gb (0),1,,13,"void ch_est::chEstFilterNoDftSOfdmDispatchKernel<float, __half, float, (unsigned int)2>(ch_est::puschRxChEstStatDescr_t *, ch_est::puschRxChEstDynDescr_t *)"
6227216299,8767,163826,137,2,1,24,2,1,44,0.001,0.001,,,,,NVIDIA A100-SXM4-40GB MIG 4g.20gb (0),1,,13,"void ch_est::chEstFilterNoDftSOfdmDispatchKernel<float, __half, float, (unsigned int)2>(ch_est::puschRxChEstStatDescr_t *, ch_est::puschRxChEstDynDescr_t *)"
6227323305,3488,163837,103,1,1,128,1,1,16,0.000,0.000,,,,,NVIDIA A100-SXM4-40GB MIG 4g.20gb (0),1,,13,cupy_copy__complex64_complex64
6227664966,18495,163847,1434,1,1,128,1,1,16,0.000,0.000,,,,,NVIDIA A100-SXM4-40GB MIG 4g.20gb (0),1,,13,cupy_copy__complex64_complex64
6228126112,6304,163854,103,1,1,128,1,1,16,0.000,0.000,,,,,NVIDIA A100-SXM4-40GB MIG 4g.20gb (0),1,,13,cupy_copy__complex64_complex64
6228460541,264157,163861,1,1,1,32,32,1,30,0.000,0.000,,,,,NVIDIA A100-SXM4-40GB MIG 4g.20gb (0),1,,13,"void convert_kernel<__half2, float2>(tensor_layout_any, T1 *, tensor_layout_any, const T2 *)"
6228755129,6368,163864,,,,,,,,,,0.094,14713.551,Pinned,Device,NVIDIA A100-SXM4-40GB MIG 4g.20gb (0),1,,13,[CUDA memcpy Host-to-Device]
6229066326,52799,163865,,,,,,,,,,35.810,678204.075,Device,,NVIDIA A100-SXM4-40GB MIG 4g.20gb (0),1,,13,[CUDA memset]
6229125365,2144,163867,,,,,,,,,,0.000,37.313,Pinned,Device,NVIDIA A100-SXM4-40GB MIG 4g.20gb (0),1,,13,[CUDA memcpy Host-to-Device]
6229134805,9536,163868,,,,,,,,,,0.197,20617.298,Pinned,Device,NVIDIA A100-SXM4-40GB MIG 4g.20gb (0),1,,13,[CUDA memcpy Host-to-Device]
6229566064,18112,163869,273,1,1,48,1,1,40,0.000,0.001,,,,,NVIDIA A100-SXM4-40GB MIG 4g.20gb (0),1,,13,"void pusch_noise_intf_est::noiseIntfEstNoDftSOfdmKernel<float, __half, float, float, (unsigned int)2, (unsigned int)1, (unsigned char)4, (unsigned char)4>(pusch_noise_intf_est::puschRxNoiseIntfEstDynDescr)"
6230015179,6208,163880,35,1,1,128,1,1,16,0.000,0.000,,,,,NVIDIA A100-SXM4-40GB MIG 4g.20gb (0),1,,13,cupy_copy__complex64_complex64
6230343975,3200,163889,1,1,1,1,1,1,18,0.000,0.000,,,,,NVIDIA A100-SXM4-40GB MIG 4g.20gb (0),1,,13,cupy_copy__float32_float32
6230354663,6176,163895,,,,,,,,,,0.000,0.648,Device,Pageable,NVIDIA A100-SXM4-40GB MIG 4g.20gb (0),1,,7,[CUDA memcpy Device-to-Host]
6230792770,16288,163906,1434,1,1,128,1,1,16,0.000,0.000,,,,,NVIDIA A100-SXM4-40GB MIG 4g.20gb (0),1,,13,cupy_copy__complex64_complex64
6231031583,3808,163913,103,1,1,128,1,1,16,0.000,0.000,,,,,NVIDIA A100-SXM4-40GB MIG 4g.20gb (0),1,,13,cupy_copy__complex64_complex64
6231230013,3936,163920,35,1,1,128,1,1,16,0.000,0.000,,,,,NVIDIA A100-SXM4-40GB MIG 4g.20gb (0),1,,13,cupy_copy__complex64_complex64
6231427451,3712,163927,1,1,1,1,1,1,18,0.000,0.000,,,,,NVIDIA A100-SXM4-40GB MIG 4g.20gb (0),1,,13,cupy_copy__float32_float32
6231646040,209182,163938,1,1,1,32,32,1,30,0.000,0.000,,,,,NVIDIA A100-SXM4-40GB MIG 4g.20gb (0),1,,13,"void convert_kernel<__half2, float2>(tensor_layout_any, T1 *, tensor_layout_any, const T2 *)"
6231885782,5504,163941,,,,,,,,,,0.094,17023.251,Pinned,Device,NVIDIA A100-SXM4-40GB MIG 4g.20gb (0),1,,13,[CUDA memcpy Host-to-Device]
6231979253,5024,163942,,,,,,,,,,1.547,307846.227,Device,,NVIDIA A100-SXM4-40GB MIG 4g.20gb (0),1,,13,[CUDA memset]
6231989077,3648,163947,,,,,,,,,,0.031,8578.922,Pinned,Device,NVIDIA A100-SXM4-40GB MIG 4g.20gb (0),1,,13,[CUDA memcpy Host-to-Device]
6231998708,9664,163948,,,,,,,,,,0.197,20344.209,Pinned,Device,NVIDIA A100-SXM4-40GB MIG 4g.20gb (0),1,,13,[CUDA memcpy Host-to-Device]
6232070356,13375,163949,273,1,1,8,4,1,39,0.002,0.000,,,,,NVIDIA A100-SXM4-40GB MIG 4g.20gb (0),1,,13,"void channel_eq::eqMmseCoefCompLowMimoKernel<float, float, float, (unsigned int)4, (unsigned int)1, (unsigned int)4>(const channel_eq::_puschRxChEqStatDescr *, channel_eq::_puschRxChEqCoefCompDynDescr)"
6232158003,8032,163950,273,1,1,12,11,1,51,0.002,0.000,,,,,NVIDIA A100-SXM4-40GB MIG 4g.20gb (0),1,,13,"void channel_eq::eqMmseSoftDemapKernel<float, __half, __half, float, (unsigned int)4, (unsigned short)16383>(channel_eq::_puschRxChEqStatDescr *, channel_eq::_puschRxChEqSoftDemapDynDescr)"
6232250610,331836,163951,1,1,1,32,32,1,30,0.000,0.000,,,,,NVIDIA A100-SXM4-40GB MIG 4g.20gb (0),1,,13,"void convert_kernel<float2, __half2>(tensor_layout_any, T1 *, tensor_layout_any, const T2 *)"
6232662445,15424,163963,2253,1,1,128,1,1,16,0.000,0.000,,,,,NVIDIA A100-SXM4-40GB MIG 4g.20gb (0),1,,13,cupy_copy__float16_float16
6232832139,4736,163972,282,1,1,128,1,1,16,0.000,0.000,,,,,NVIDIA A100-SXM4-40GB MIG 4g.20gb (0),1,,13,cupy_copy__complex64_complex64
6233051977,5439,163981,26,1,1,128,1,1,16,0.000,0.000,,,,,NVIDIA A100-SXM4-40GB MIG 4g.20gb (0),1,,13,cupy_copy__float32_float32
6233352293,6304,163990,103,1,1,128,1,1,16,0.000,0.000,,,,,NVIDIA A100-SXM4-40GB MIG 4g.20gb (0),1,,13,cupy_copy__complex64_complex64
6233506819,15232,164000,1434,1,1,128,1,1,16,0.000,0.000,,,,,NVIDIA A100-SXM4-40GB MIG 4g.20gb (0),1,,13,cupy_copy__complex64_complex64
6233858687,235934,164005,1,1,1,32,32,1,30,0.000,0.000,,,,,NVIDIA A100-SXM4-40GB MIG 4g.20gb (0),1,,13,"void convert_kernel<__half2, float2>(tensor_layout_any, T1 *, tensor_layout_any, const T2 *)"
6234124988,7712,164008,,,,,,,,,,0.094,12149.373,Pinned,Device,NVIDIA A100-SXM4-40GB MIG 4g.20gb (0),1,,13,[CUDA memcpy Host-to-Device]
6234457721,607289,164009,,,,,,,,,,456.561,751500.130,Device,,NVIDIA A100-SXM4-40GB MIG 4g.20gb (0),1,,13,[CUDA memset]
6235066834,58207,164014,,,,,,,,,,1.235,21216.338,Pinned,Device,NVIDIA A100-SXM4-40GB MIG 4g.20gb (0),1,,13,[CUDA memcpy Host-to-Device]
6235128721,15200,164015,,,,,,,,,,0.197,12934.644,Pinned,Device,NVIDIA A100-SXM4-40GB MIG 4g.20gb (0),1,,13,[CUDA memcpy Host-to-Device]
6235449549,18496,164016,69,4,1,48,1,1,76,0.002,0.000,,,,,NVIDIA A100-SXM4-40GB MIG 4g.20gb (0),1,,13,"void ch_est::windowedChEstPreNoDftSOfdmKernel<float, __half, float, (unsigned int)2, (unsigned int)1, (unsigned short)4>(ch_est::puschRxChEstStatDescr_t *, ch_est::puschRxChEstDynDescr_t *)"
6235796393,15584,164017,137,2,1,24,2,1,44,0.001,0.001,,,,,NVIDIA A100-SXM4-40GB MIG 4g.20gb (0),1,,13,"void ch_est::chEstFilterNoDftSOfdmDispatchKernel<float, __half, float, (unsigned int)2>(ch_est::puschRxChEstStatDescr_t *, ch_est::puschRxChEstDynDescr_t *)"
6236144998,18719,164018,137,2,1,24,2,1,44,0.001,0.001,,,,,NVIDIA A100-SXM4-40GB MIG 4g.20gb (0),1,,13,"void ch_est::chEstFilterNoDftSOfdmDispatchKernel<float, __half, float, (unsigned int)2>(ch_est::puschRxChEstStatDescr_t *, ch_est::puschRxChEstDynDescr_t *)"
6236492930,6048,164029,103,1,1,128,1,1,16,0.000,0.000,,,,,NVIDIA A100-SXM4-40GB MIG 4g.20gb (0),1,,13,cupy_copy__complex64_complex64
6236829534,16416,164039,1434,1,1,128,1,1,16,0.000,0.000,,,,,NVIDIA A100-SXM4-40GB MIG 4g.20gb (0),1,,13,cupy_copy__complex64_complex64
6237021948,4608,164046,103,1,1,128,1,1,16,0.000,0.000,,,,,NVIDIA A100-SXM4-40GB MIG 4g.20gb (0),1,,13,cupy_copy__complex64_complex64
6237170682,196478,164053,1,1,1,32,32,1,30,0.000,0.000,,,,,NVIDIA A100-SXM4-40GB MIG 4g.20gb (0),1,,13,"void convert_kernel<__half2, float2>(tensor_layout_any, T1 *, tensor_layout_any, const T2 *)"
6237398359,5920,164056,,,,,,,,,,0.094,15826.941,Pinned,Device,NVIDIA A100-SXM4-40GB MIG 4g.20gb (0),1,,13,[CUDA memcpy Host-to-Device]
6237479030,49824,164057,,,,,,,,,,35.810,718705.094,Device,,NVIDIA A100-SXM4-40GB MIG 4g.20gb (0),1,,13,[CUDA memset]
6237537750,2240,164059,,,,,,,,,,0.000,35.714,Pinned,Device,NVIDIA A100-SXM4-40GB MIG 4g.20gb (0),1,,13,[CUDA memcpy Host-to-Device]
6237542774,9792,164060,,,,,,,,,,0.197,20078.395,Pinned,Device,NVIDIA A100-SXM4-40GB MIG 4g.20gb (0),1,,13,[CUDA memcpy Host-to-Device]
6237630997,17503,164061,273,1,1,48,1,1,40,0.000,0.001,,,,,NVIDIA A100-SXM4-40GB MIG 4g.20gb (0),1,,13,"void pusch_noise_intf_est::noiseIntfEstNoDftSOfdmKernel<float, __half, float, float, (unsigned int)2, (unsigned int)1, (unsigned char)4, (unsigned char)4>(pusch_noise_intf_est::puschRxNoiseIntfEstDynDescr)"
6237724084,6144,164072,35,1,1,128,1,1,16,0.000,0.000,,,,,NVIDIA A100-SXM4-40GB MIG 4g.20gb (0),1,,13,cupy_copy__complex64_complex64
6237801043,2752,164081,1,1,1,1,1,1,18,0.000,0.000,,,,,NVIDIA A100-SXM4-40GB MIG 4g.20gb (0),1,,13,cupy_copy__float32_float32
6237811155,2112,164087,,,,,,,,,,0.000,1.894,Device,Pageable,NVIDIA A100-SXM4-40GB MIG 4g.20gb (0),1,,7,[CUDA memcpy Device-to-Host]
6237927185,14848,164098,1434,1,1,128,1,1,16,0.000,0.000,,,,,NVIDIA A100-SXM4-40GB MIG 4g.20gb (0),1,,13,cupy_copy__complex64_complex64
6238023856,5248,164105,103,1,1,128,1,1,16,0.000,0.000,,,,,NVIDIA A100-SXM4-40GB MIG 4g.20gb (0),1,,13,cupy_copy__complex64_complex64
6238082608,6048,164112,35,1,1,128,1,1,16,0.000,0.000,,,,,NVIDIA A100-SXM4-40GB MIG 4g.20gb (0),1,,13,cupy_copy__complex64_complex64
6238160303,2848,164119,1,1,1,1,1,1,18,0.000,0.000,,,,,NVIDIA A100-SXM4-40GB MIG 4g.20gb (0),1,,13,cupy_copy__float32_float32
6238225134,104223,164130,1,1,1,32,32,1,30,0.000,0.000,,,,,NVIDIA A100-SXM4-40GB MIG 4g.20gb (0),1,,13,"void convert_kernel<__half2, float2>(tensor_layout_any, T1 *, tensor_layout_any, const T2 *)"
6238358796,14112,164133,,,,,,,,,,0.094,6639.392,Pinned,Device,NVIDIA A100-SXM4-40GB MIG 4g.20gb (0),1,,13,[CUDA memcpy Host-to-Device]
6238504523,9728,164134,,,,,,,,,,1.547,158986.761,Device,,NVIDIA A100-SXM4-40GB MIG 4g.20gb (0),1,,13,[CUDA memset]
6238519755,3680,164139,,,,,,,,,,0.031,8504.344,Pinned,Device,NVIDIA A100-SXM4-40GB MIG 4g.20gb (0),1,,13,[CUDA memcpy Host-to-Device]
6238530091,13919,164140,,,,,,,,,,0.197,14125.105,Pinned,Device,NVIDIA A100-SXM4-40GB MIG 4g.20gb (0),1,,13,[CUDA memcpy Host-to-Device]
6238758152,15040,164141,273,1,1,8,4,1,39,0.002,0.000,,,,,NVIDIA A100-SXM4-40GB MIG 4g.20gb (0),1,,13,"void channel_eq::eqMmseCoefCompLowMimoKernel<float, float, float, (unsigned int)4, (unsigned int)1, (unsigned int)4>(const channel_eq::_puschRxChEqStatDescr *, channel_eq::_puschRxChEqCoefCompDynDescr)"
6239016261,33152,164142,273,1,1,12,11,1,51,0.002,0.000,,,,,NVIDIA A100-SXM4-40GB MIG 4g.20gb (0),1,,13,"void channel_eq::eqMmseSoftDemapKernel<float, __half, __half, float, (unsigned int)4, (unsigned short)16383>(channel_eq::_puschRxChEqStatDescr *, channel_eq::_puschRxChEqSoftDemapDynDescr)"
6239331457,682617,164143,1,1,1,32,32,1,30,0.000,0.000,,,,,NVIDIA A100-SXM4-40GB MIG 4g.20gb (0),1,,13,"void convert_kernel<float2, __half2>(tensor_layout_any, T1 *, tensor_layout_any, const T2 *)"
6240323190,15968,164155,2253,1,1,128,1,1,16,0.000,0.000,,,,,NVIDIA A100-SXM4-40GB MIG 4g.20gb (0),1,,13,cupy_copy__float16_float16
6240664338,8256,164164,282,1,1,128,1,1,16,0.000,0.000,,,,,NVIDIA A100-SXM4-40GB MIG 4g.20gb (0),1,,13,cupy_copy__complex64_complex64
6240993807,4672,164173,26,1,1,128,1,1,16,0.000,0.000,,,,,NVIDIA A100-SXM4-40GB MIG 4g.20gb (0),1,,13,cupy_copy__float32_float32
6241266252,14207,164182,103,1,1,128,1,1,16,0.000,0.000,,,,,NVIDIA A100-SXM4-40GB MIG 4g.20gb (0),1,,13,cupy_copy__complex64_complex64
6241479177,16160,164192,1434,1,1,128,1,1,16,0.000,0.000,,,,,NVIDIA A100-SXM4-40GB MIG 4g.20gb (0),1,,13,cupy_copy__complex64_complex64
6241822853,245309,164197,1,1,1,32,32,1,30,0.000,0.000,,,,,NVIDIA A100-SXM4-40GB MIG 4g.20gb (0),1,,13,"void convert_kernel<__half2, float2>(tensor_layout_any, T1 *, tensor_layout_any, const T2 *)"
6242101858,6912,164200,,,,,,,,,,0.094,13555.469,Pinned,Device,NVIDIA A100-SXM4-40GB MIG 4g.20gb (0),1,,13,[CUDA memcpy Host-to-Device]
6242271968,603193,164201,,,,,,,,,,456.561,756522.306,Device,,NVIDIA A100-SXM4-40GB MIG 4g.20gb (0),1,,13,[CUDA memset]
6242876089,60224,164206,,,,,,,,,,1.235,20505.010,Pinned,Device,NVIDIA A100-SXM4-40GB MIG 4g.20gb (0),1,,13,[CUDA memcpy Host-to-Device]
6242939449,10143,164207,,,,,,,,,,0.197,19383.583,Pinned,Device,NVIDIA A100-SXM4-40GB MIG 4g.20gb (0),1,,13,[CUDA memcpy Host-to-Device]
6243026200,12735,164208,69,4,1,48,1,1,76,0.002,0.000,,,,,NVIDIA A100-SXM4-40GB MIG 4g.20gb (0),1,,13,"void ch_est::windowedChEstPreNoDftSOfdmKernel<float, __half, float, (unsigned int)2, (unsigned int)1, (unsigned short)4>(ch_est::puschRxChEstStatDescr_t *, ch_est::puschRxChEstDynDescr_t *)"
6243117879,12383,164209,137,2,1,24,2,1,44,0.001,0.001,,,,,NVIDIA A100-SXM4-40GB MIG 4g.20gb (0),1,,13,"void ch_est::chEstFilterNoDftSOfdmDispatchKernel<float, __half, float, (unsigned int)2>(ch_est::puschRxChEstStatDescr_t *, ch_est::puschRxChEstDynDescr_t *)"
6243205782,12799,164210,137,2,1,24,2,1,44,0.001,0.001,,,,,NVIDIA A100-SXM4-40GB MIG 4g.20gb (0),1,,13,"void ch_est::chEstFilterNoDftSOfdmDispatchKernel<float, __half, float, (unsigned int)2>(ch_est::puschRxChEstStatDescr_t *, ch_est::puschRxChEstDynDescr_t *)"
6243272821,3424,164221,103,1,1,128,1,1,16,0.000,0.000,,,,,NVIDIA A100-SXM4-40GB MIG 4g.20gb (0),1,,13,cupy_copy__complex64_complex64
6243333652,15136,164231,1434,1,1,128,1,1,16,0.000,0.000,,,,,NVIDIA A100-SXM4-40GB MIG 4g.20gb (0),1,,13,cupy_copy__complex64_complex64
6243430451,5184,164238,103,1,1,128,1,1,16,0.000,0.000,,,,,NVIDIA A100-SXM4-40GB MIG 4g.20gb (0),1,,13,cupy_copy__complex64_complex64
6243490258,104095,164245,1,1,1,32,32,1,30,0.000,0.000,,,,,NVIDIA A100-SXM4-40GB MIG 4g.20gb (0),1,,13,"void convert_kernel<__half2, float2>(tensor_layout_any, T1 *, tensor_layout_any, const T2 *)"
6243622513,5440,164248,,,,,,,,,,0.094,17223.480,Pinned,Device,NVIDIA A100-SXM4-40GB MIG 4g.20gb (0),1,,13,[CUDA memcpy Host-to-Device]
6243693360,49472,164249,,,,,,,,,,35.810,723825.913,Device,,NVIDIA A100-SXM4-40GB MIG 4g.20gb (0),1,,13,[CUDA memset]
6243747215,1856,164251,,,,,,,,,,0.000,43.103,Pinned,Device,NVIDIA A100-SXM4-40GB MIG 4g.20gb (0),1,,13,[CUDA memcpy Host-to-Device]
6243751951,10208,164252,,,,,,,,,,0.197,19260.113,Pinned,Device,NVIDIA A100-SXM4-40GB MIG 4g.20gb (0),1,,13,[CUDA memcpy Host-to-Device]
6243847054,11136,164253,273,1,1,48,1,1,40,0.000,0.001,,,,,NVIDIA A100-SXM4-40GB MIG 4g.20gb (0),1,,13,"void pusch_noise_intf_est::noiseIntfEstNoDftSOfdmKernel<float, __half, float, float, (unsigned int)2, (unsigned int)1, (unsigned char)4, (unsigned char)4>(pusch_noise_intf_est::puschRxNoiseIntfEstDynDescr)"
6243937837,7264,164264,35,1,1,128,1,1,16,0.000,0.000,,,,,NVIDIA A100-SXM4-40GB MIG 4g.20gb (0),1,,13,cupy_copy__complex64_complex64
6244025260,2208,164273,1,1,1,1,1,1,18,0.000,0.000,,,,,NVIDIA A100-SXM4-40GB MIG 4g.20gb (0),1,,13,cupy_copy__float32_float32
6244032908,1920,164279,,,,,,,,,,0.000,2.083,Device,Pageable,NVIDIA A100-SXM4-40GB MIG 4g.20gb (0),1,,7,[CUDA memcpy Device-to-Host]
6244536327,19199,164290,1434,1,1,128,1,1,16,0.000,0.000,,,,,NVIDIA A100-SXM4-40GB MIG 4g.20gb (0),1,,13,cupy_copy__complex64_complex64
6244668965,3776,164297,103,1,1,128,1,1,16,0.000,0.000,,,,,NVIDIA A100-SXM4-40GB MIG 4g.20gb (0),1,,13,cupy_copy__complex64_complex64
6245066241,8543,164304,35,1,1,128,1,1,16,0.000,0.000,,,,,NVIDIA A100-SXM4-40GB MIG 4g.20gb (0),1,,13,cupy_copy__complex64_complex64
6245143712,3232,164311,1,1,1,1,1,1,18,0.000,0.000,,,,,NVIDIA A100-SXM4-40GB MIG 4g.20gb (0),1,,13,cupy_copy__float32_float32
6245222783,221597,164322,1,1,1,32,32,1,30,0.000,0.000,,,,,NVIDIA A100-SXM4-40GB MIG 4g.20gb (0),1,,13,"void convert_kernel<__half2, float2>(tensor_layout_any, T1 *, tensor_layout_any, const T2 *)"
6245474012,5792,164325,,,,,,,,,,0.094,16176.708,Pinned,Device,NVIDIA A100-SXM4-40GB MIG 4g.20gb (0),1,,13,[CUDA memcpy Host-to-Device]
6245681978,9407,164326,,,,,,,,,,1.547,164410.771,Device,,NVIDIA A100-SXM4-40GB MIG 4g.20gb (0),1,,13,[CUDA memset]
6245693017,3776,164331,,,,,,,,,,0.031,8288.120,Pinned,Device,NVIDIA A100-SXM4-40GB MIG 4g.20gb (0),1,,13,[CUDA memcpy Host-to-Device]
6245705305,16448,164332,,,,,,,,,,0.197,11953.177,Pinned,Device,NVIDIA A100-SXM4-40GB MIG 4g.20gb (0),1,,13,[CUDA memcpy Host-to-Device]
6246136308,13824,164333,273,1,1,8,4,1,39,0.002,0.000,,,,,NVIDIA A100-SXM4-40GB MIG 4g.20gb (0),1,,13,"void channel_eq::eqMmseCoefCompLowMimoKernel<float, float, float, (unsigned int)4, (unsigned int)1, (unsigned int)4>(const channel_eq::_puschRxChEqStatDescr *, channel_eq::_puschRxChEqCoefCompDynDescr)"
6246581455,13312,164334,273,1,1,12,11,1,51,0.002,0.000,,,,,NVIDIA A100-SXM4-40GB MIG 4g.20gb (0),1,,13,"void channel_eq::eqMmseSoftDemapKernel<float, __half, __half, float, (unsigned int)4, (unsigned short)16383>(channel_eq::_puschRxChEqStatDescr *, channel_eq::_puschRxChEqSoftDemapDynDescr)"
6247033962,544410,164335,1,1,1,32,32,1,30,0.000,0.000,,,,,NVIDIA A100-SXM4-40GB MIG 4g.20gb (0),1,,13,"void convert_kernel<float2, __half2>(tensor_layout_any, T1 *, tensor_layout_any, const T2 *)"
6247983232,14367,164347,2253,1,1,128,1,1,16,0.000,0.000,,,,,NVIDIA A100-SXM4-40GB MIG 4g.20gb (0),1,,13,cupy_copy__float16_float16
6248446330,4448,164356,282,1,1,128,1,1,16,0.000,0.000,,,,,NVIDIA A100-SXM4-40GB MIG 4g.20gb (0),1,,13,cupy_copy__complex64_complex64
6248853878,4256,164365,26,1,1,128,1,1,16,0.000,0.000,,,,,NVIDIA A100-SXM4-40GB MIG 4g.20gb (0),1,,13,cupy_copy__float32_float32
6248938293,6848,164374,103,1,1,128,1,1,16,0.000,0.000,,,,,NVIDIA A100-SXM4-40GB MIG 4g.20gb (0),1,,13,cupy_copy__complex64_complex64
6249003860,14496,164384,1434,1,1,128,1,1,16,0.000,0.000,,,,,NVIDIA A100-SXM4-40GB MIG 4g.20gb (0),1,,13,cupy_copy__complex64_complex64
6249102099,97439,164389,1,1,1,32,32,1,30,0.000,0.000,,,,,NVIDIA A100-SXM4-40GB MIG 4g.20gb (0),1,,13,"void convert_kernel<__half2, float2>(tensor_layout_any, T1 *, tensor_layout_any, const T2 *)"
6249230353,6208,164392,,,,,,,,,,0.094,15092.739,Pinned,Device,NVIDIA A100-SXM4-40GB MIG 4g.20gb (0),1,,13,[CUDA memcpy Host-to-Device]
6249308753,603993,164393,,,,,,,,,,456.561,755609.183,Device,,NVIDIA A100-SXM4-40GB MIG 4g.20gb (0),1,,13,[CUDA memset]
6249919818,56991,164398,,,,,,,,,,1.235,21668.327,Pinned,Device,NVIDIA A100-SXM4-40GB MIG 4g.20gb (0),1,,13,[CUDA memcpy Host-to-Device]
6249979337,13728,164399,,,,,,,,,,0.197,14321.517,Pinned,Device,NVIDIA A100-SXM4-40GB MIG 4g.20gb (0),1,,13,[CUDA memcpy Host-to-Device]
6250071688,8000,164400,69,4,1,48,1,1,76,0.002,0.000,,,,,NVIDIA A100-SXM4-40GB MIG 4g.20gb (0),1,,13,"void ch_est::windowedChEstPreNoDftSOfdmKernel<float, __half, float, (unsigned int)2, (unsigned int)1, (unsigned short)4>(ch_est::puschRxChEstStatDescr_t *, ch_est::puschRxChEstDynDescr_t *)"
6250164743,7360,164401,137,2,1,24,2,1,44,0.001,0.001,,,,,NVIDIA A100-SXM4-40GB MIG 4g.20gb (0),1,,13,"void ch_est::chEstFilterNoDftSOfdmDispatchKernel<float, __half, float, (unsigned int)2>(ch_est::puschRxChEstStatDescr_t *, ch_est::puschRxChEstDynDescr_t *)"
6250228870,7616,164402,137,2,1,24,2,1,44,0.001,0.001,,,,,NVIDIA A100-SXM4-40GB MIG 4g.20gb (0),1,,13,"void ch_est::chEstFilterNoDftSOfdmDispatchKernel<float, __half, float, (unsigned int)2>(ch_est::puschRxChEstStatDescr_t *, ch_est::puschRxChEstDynDescr_t *)"
6250317605,5056,164413,103,1,1,128,1,1,16,0.000,0.000,,,,,NVIDIA A100-SXM4-40GB MIG 4g.20gb (0),1,,13,cupy_copy__complex64_complex64
6250376868,15232,164423,1434,1,1,128,1,1,16,0.000,0.000,,,,,NVIDIA A100-SXM4-40GB MIG 4g.20gb (0),1,,13,cupy_copy__complex64_complex64
6250461827,3872,164430,103,1,1,128,1,1,16,0.000,0.000,,,,,NVIDIA A100-SXM4-40GB MIG 4g.20gb (0),1,,13,cupy_copy__complex64_complex64
6250526499,98623,164437,1,1,1,32,32,1,30,0.000,0.000,,,,,NVIDIA A100-SXM4-40GB MIG 4g.20gb (0),1,,13,"void convert_kernel<__half2, float2>(tensor_layout_any, T1 *, tensor_layout_any, const T2 *)"
6250653825,6016,164440,,,,,,,,,,0.094,15574.430,Pinned,Device,NVIDIA A100-SXM4-40GB MIG 4g.20gb (0),1,,13,[CUDA memcpy Host-to-Device]
6250733120,49504,164441,,,,,,,,,,35.810,723360.384,Device,,NVIDIA A100-SXM4-40GB MIG 4g.20gb (0),1,,13,[CUDA memset]
6250790208,1856,164443,,,,,,,,,,0.000,43.103,Pinned,Device,NVIDIA A100-SXM4-40GB MIG 4g.20gb (0),1,,13,[CUDA memcpy Host-to-Device]
6250794496,9632,164444,,,,,,,,,,0.197,20411.843,Pinned,Device,NVIDIA A100-SXM4-40GB MIG 4g.20gb (0),1,,13,[CUDA memcpy Host-to-Device]
6250885727,18559,164445,273,1,1,48,1,1,40,0.000,0.001,,,,,NVIDIA A100-SXM4-40GB MIG 4g.20gb (0),1,,13,"void pusch_noise_intf_est::noiseIntfEstNoDftSOfdmKernel<float, __half, float, float, (unsigned int)2, (unsigned int)1, (unsigned char)4, (unsigned char)4>(pusch_noise_intf_est::puschRxNoiseIntfEstDynDescr)"
6250979454,6432,164456,35,1,1,128,1,1,16,0.000,0.000,,,,,NVIDIA A100-SXM4-40GB MIG 4g.20gb (0),1,,13,cupy_copy__complex64_complex64
6251056989,2816,164465,1,1,1,1,1,1,18,0.000,0.000,,,,,NVIDIA A100-SXM4-40GB MIG 4g.20gb (0),1,,13,cupy_copy__float32_float32
6251061597,1568,164471,,,,,,,,,,0.000,2.551,Device,Pageable,NVIDIA A100-SXM4-40GB MIG 4g.20gb (0),1,,7,[CUDA memcpy Device-to-Host]
6251235003,20159,164482,1434,1,1,128,1,1,16,0.000,0.000,,,,,NVIDIA A100-SXM4-40GB MIG 4g.20gb (0),1,,13,cupy_copy__complex64_complex64
6251677270,4544,164489,103,1,1,128,1,1,16,0.000,0.000,,,,,NVIDIA A100-SXM4-40GB MIG 4g.20gb (0),1,,13,cupy_copy__complex64_complex64
6251812628,3904,164496,35,1,1,128,1,1,16,0.000,0.000,,,,,NVIDIA A100-SXM4-40GB MIG 4g.20gb (0),1,,13,cupy_copy__complex64_complex64
6252222288,3839,164503,1,1,1,1,1,1,18,0.000,0.000,,,,,NVIDIA A100-SXM4-40GB MIG 4g.20gb (0),1,,13,cupy_copy__float32_float32
6252305199,201885,164514,1,1,1,32,32,1,30,0.000,0.000,,,,,NVIDIA A100-SXM4-40GB MIG 4g.20gb (0),1,,13,"void convert_kernel<__half2, float2>(tensor_layout_any, T1 *, tensor_layout_any, const T2 *)"
6252537868,5408,164517,,,,,,,,,,0.094,17325.421,Pinned,Device,NVIDIA A100-SXM4-40GB MIG 4g.20gb (0),1,,13,[CUDA memcpy Host-to-Device]
6252799337,4704,164518,,,,,,,,,,1.547,328789.063,Device,,NVIDIA A100-SXM4-40GB MIG 4g.20gb (0),1,,13,[CUDA memset]
6252812585,5280,164523,,,,,,,,,,0.031,5927.243,Pinned,Device,NVIDIA A100-SXM4-40GB MIG 4g.20gb (0),1,,13,[CUDA memcpy Host-to-Device]
6252820457,10112,164524,,,,,,,,,,0.197,19442.958,Pinned,Device,NVIDIA A100-SXM4-40GB MIG 4g.20gb (0),1,,13,[CUDA memcpy Host-to-Device]
6253227460,9504,164525,273,1,1,8,4,1,39,0.002,0.000,,,,,NVIDIA A100-SXM4-40GB MIG 4g.20gb (0),1,,13,"void channel_eq::eqMmseCoefCompLowMimoKernel<float, float, float, (unsigned int)4, (unsigned int)1, (unsigned int)4>(const channel_eq::_puschRxChEqStatDescr *, channel_eq::_puschRxChEqCoefCompDynDescr)"
6253672351,16000,164526,273,1,1,12,11,1,51,0.002,0.000,,,,,NVIDIA A100-SXM4-40GB MIG 4g.20gb (0),1,,13,"void channel_eq::eqMmseSoftDemapKernel<float, __half, __half, float, (unsigned int)4, (unsigned short)16383>(channel_eq::_puschRxChEqStatDescr *, channel_eq::_puschRxChEqSoftDemapDynDescr)"
6254076923,583641,164527,1,1,1,32,32,1,30,0.000,0.000,,,,,NVIDIA A100-SXM4-40GB MIG 4g.20gb (0),1,,13,"void convert_kernel<float2, __half2>(tensor_layout_any, T1 *, tensor_layout_any, const T2 *)"
6255140878,15360,164539,2253,1,1,128,1,1,16,0.000,0.000,,,,,NVIDIA A100-SXM4-40GB MIG 4g.20gb (0),1,,13,cupy_copy__float16_float16
6255617673,5248,164548,282,1,1,128,1,1,16,0.000,0.000,,,,,NVIDIA A100-SXM4-40GB MIG 4g.20gb (0),1,,13,cupy_copy__complex64_complex64
6256234498,4000,164557,26,1,1,128,1,1,16,0.000,0.000,,,,,NVIDIA A100-SXM4-40GB MIG 4g.20gb (0),1,,13,cupy_copy__float32_float32
6256500447,5792,164566,103,1,1,128,1,1,16,0.000,0.000,,,,,NVIDIA A100-SXM4-40GB MIG 4g.20gb (0),1,,13,cupy_copy__complex64_complex64
6256579518,15328,164576,1434,1,1,128,1,1,16,0.000,0.000,,,,,NVIDIA A100-SXM4-40GB MIG 4g.20gb (0),1,,13,cupy_copy__complex64_complex64
6256871099,237885,164581,1,1,1,32,32,1,30,0.000,0.000,,,,,NVIDIA A100-SXM4-40GB MIG 4g.20gb (0),1,,13,"void convert_kernel<__half2, float2>(tensor_layout_any, T1 *, tensor_layout_any, const T2 *)"
6257145112,5600,164584,,,,,,,,,,0.094,16731.388,Pinned,Device,NVIDIA A100-SXM4-40GB MIG 4g.20gb (0),1,,13,[CUDA memcpy Host-to-Device]
6257411477,612825,164585,,,,,,,,,,456.561,744651.709,Device,,NVIDIA A100-SXM4-40GB MIG 4g.20gb (0),1,,13,[CUDA memset]
6258030542,59359,164590,,,,,,,,,,1.235,20803.867,Pinned,Device,NVIDIA A100-SXM4-40GB MIG 4g.20gb (0),1,,13,[CUDA memcpy Host-to-Device]
6258092365,13856,164591,,,,,,,,,,0.197,14189.199,Pinned,Device,NVIDIA A100-SXM4-40GB MIG 4g.20gb (0),1,,13,[CUDA memcpy Host-to-Device]
6258398218,11935,164592,69,4,1,48,1,1,76,0.002,0.000,,,,,NVIDIA A100-SXM4-40GB MIG 4g.20gb (0),1,,13,"void ch_est::windowedChEstPreNoDftSOfdmKernel<float, __half, float, (unsigned int)2, (unsigned int)1, (unsigned short)4>(ch_est::puschRxChEstStatDescr_t *, ch_est::puschRxChEstDynDescr_t *)"
6258696038,20512,164593,137,2,1,24,2,1,44,0.001,0.001,,,,,NVIDIA A100-SXM4-40GB MIG 4g.20gb (0),1,,13,"void ch_est::chEstFilterNoDftSOfdmDispatchKernel<float, __half, float, (unsigned int)2>(ch_est::puschRxChEstStatDescr_t *, ch_est::puschRxChEstDynDescr_t *)"
6259047554,9600,164594,137,2,1,24,2,1,44,0.001,0.001,,,,,NVIDIA A100-SXM4-40GB MIG 4g.20gb (0),1,,13,"void ch_est::chEstFilterNoDftSOfdmDispatchKernel<float, __half, float, (unsigned int)2>(ch_est::puschRxChEstStatDescr_t *, ch_est::puschRxChEstDynDescr_t *)"
6259773370,5184,164605,103,1,1,128,1,1,16,0.000,0.000,,,,,NVIDIA A100-SXM4-40GB MIG 4g.20gb (0),1,,13,cupy_copy__complex64_complex64
6260426995,16031,164615,1434,1,1,128,1,1,16,0.000,0.000,,,,,NVIDIA A100-SXM4-40GB MIG 4g.20gb (0),1,,13,cupy_copy__complex64_complex64
6261137163,5568,164622,103,1,1,128,1,1,16,0.000,0.000,,,,,NVIDIA A100-SXM4-40GB MIG 4g.20gb (0),1,,13,cupy_copy__complex64_complex64
6261779747,258621,164629,1,1,1,32,32,1,30,0.000,0.000,,,,,NVIDIA A100-SXM4-40GB MIG 4g.20gb (0),1,,13,"void convert_kernel<__half2, float2>(tensor_layout_any, T1 *, tensor_layout_any, const T2 *)"
6262119871,5888,164632,,,,,,,,,,0.094,15912.954,Pinned,Device,NVIDIA A100-SXM4-40GB MIG 4g.20gb (0),1,,13,[CUDA memcpy Host-to-Device]
6262789784,48799,164633,,,,,,,,,,35.810,733816.881,Device,,NVIDIA A100-SXM4-40GB MIG 4g.20gb (0),1,,13,[CUDA memset]
6262844599,2112,164635,,,,,,,,,,0.000,37.879,Pinned,Device,NVIDIA A100-SXM4-40GB MIG 4g.20gb (0),1,,13,[CUDA memcpy Host-to-Device]
6262849303,10112,164636,,,,,,,,,,0.197,19442.958,Pinned,Device,NVIDIA A100-SXM4-40GB MIG 4g.20gb (0),1,,13,[CUDA memcpy Host-to-Device]
6263519504,13791,164637,273,1,1,48,1,1,40,0.000,0.001,,,,,NVIDIA A100-SXM4-40GB MIG 4g.20gb (0),1,,13,"void pusch_noise_intf_est::noiseIntfEstNoDftSOfdmKernel<float, __half, float, float, (unsigned int)2, (unsigned int)1, (unsigned char)4, (unsigned char)4>(pusch_noise_intf_est::puschRxNoiseIntfEstDynDescr)"
6264204840,4256,164648,35,1,1,128,1,1,16,0.000,0.000,,,,,NVIDIA A100-SXM4-40GB MIG 4g.20gb (0),1,,13,cupy_copy__complex64_complex64
6264859968,3264,164657,1,1,1,1,1,1,18,0.000,0.000,,,,,NVIDIA A100-SXM4-40GB MIG 4g.20gb (0),1,,13,cupy_copy__float32_float32
6264863584,1600,164663,,,,,,,,,,0.000,2.500,Device,Pageable,NVIDIA A100-SXM4-40GB MIG 4g.20gb (0),1,,7,[CUDA memcpy Device-to-Host]
6265514329,16096,164674,1434,1,1,128,1,1,16,0.000,0.000,,,,,NVIDIA A100-SXM4-40GB MIG 4g.20gb (0),1,,13,cupy_copy__complex64_complex64
6266042163,4000,164681,103,1,1,128,1,1,16,0.000,0.000,,,,,NVIDIA A100-SXM4-40GB MIG 4g.20gb (0),1,,13,cupy_copy__complex64_complex64
6266102322,3744,164688,35,1,1,128,1,1,16,0.000,0.000,,,,,NVIDIA A100-SXM4-40GB MIG 4g.20gb (0),1,,13,cupy_copy__complex64_complex64
6266188369,2304,164695,1,1,1,1,1,1,18,0.000,0.000,,,,,NVIDIA A100-SXM4-40GB MIG 4g.20gb (0),1,,13,cupy_copy__float32_float32
6266269809,206909,164706,1,1,1,32,32,1,30,0.000,0.000,,,,,NVIDIA A100-SXM4-40GB MIG 4g.20gb (0),1,,13,"void convert_kernel<__half2, float2>(tensor_layout_any, T1 *, tensor_layout_any, const T2 *)"
6266506862,6208,164709,,,,,,,,,,0.094,15092.739,Pinned,Device,NVIDIA A100-SXM4-40GB MIG 4g.20gb (0),1,,13,[CUDA memcpy Host-to-Device]
6266605773,6304,164710,,,,,,,,,,1.547,245339.418,Device,,NVIDIA A100-SXM4-40GB MIG 4g.20gb (0),1,,13,[CUDA memset]
6266620941,3647,164715,,,,,,,,,,0.031,8581.269,Pinned,Device,NVIDIA A100-SXM4-40GB MIG 4g.20gb (0),1,,13,[CUDA memcpy Host-to-Device]
6266627404,9920,164716,,,,,,,,,,0.197,19819.266,Pinned,Device,NVIDIA A100-SXM4-40GB MIG 4g.20gb (0),1,,13,[CUDA memcpy Host-to-Device]
6266718219,11008,164717,273,1,1,8,4,1,39,0.002,0.000,,,,,NVIDIA A100-SXM4-40GB MIG 4g.20gb (0),1,,13,"void channel_eq::eqMmseCoefCompLowMimoKernel<float, float, float, (unsigned int)4, (unsigned int)1, (unsigned int)4>(const channel_eq::_puschRxChEqStatDescr *, channel_eq::_puschRxChEqCoefCompDynDescr)"
6266799499,9151,164718,273,1,1,12,11,1,51,0.002,0.000,,,,,NVIDIA A100-SXM4-40GB MIG 4g.20gb (0),1,,13,"void channel_eq::eqMmseSoftDemapKernel<float, __half, __half, float, (unsigned int)4, (unsigned short)16383>(channel_eq::_puschRxChEqStatDescr *, channel_eq::_puschRxChEqSoftDemapDynDescr)"
6266914313,351132,164719,1,1,1,32,32,1,30,0.000,0.000,,,,,NVIDIA A100-SXM4-40GB MIG 4g.20gb (0),1,,13,"void convert_kernel<float2, __half2>(tensor_layout_any, T1 *, tensor_layout_any, const T2 *)"
6267363492,12736,164731,2253,1,1,128,1,1,16,0.000,0.000,,,,,NVIDIA A100-SXM4-40GB MIG 4g.20gb (0),1,,13,cupy_copy__float16_float16
6267482211,4576,164740,282,1,1,128,1,1,16,0.000,0.000,,,,,NVIDIA A100-SXM4-40GB MIG 4g.20gb (0),1,,13,cupy_copy__complex64_complex64
6267572418,3008,164749,26,1,1,128,1,1,16,0.000,0.000,,,,,NVIDIA A100-SXM4-40GB MIG 4g.20gb (0),1,,13,cupy_copy__float32_float32
6267657057,6944,164758,103,1,1,128,1,1,16,0.000,0.000,,,,,NVIDIA A100-SXM4-40GB MIG 4g.20gb (0),1,,13,cupy_copy__complex64_complex64
6267739200,17920,164768,1434,1,1,128,1,1,16,0.000,0.000,,,,,NVIDIA A100-SXM4-40GB MIG 4g.20gb (0),1,,13,cupy_copy__complex64_complex64
6267880446,247485,164773,1,1,1,32,32,1,30,0.000,0.000,,,,,NVIDIA A100-SXM4-40GB MIG 4g.20gb (0),1,,13,"void convert_kernel<__half2, float2>(tensor_layout_any, T1 *, tensor_layout_any, const T2 *)"
6268161275,9632,164776,,,,,,,,,,0.094,9727.519,Pinned,Device,NVIDIA A100-SXM4-40GB MIG 4g.20gb (0),1,,13,[CUDA memcpy Host-to-Device]
6268661077,607994,164777,,,,,,,,,,456.561,750587.007,Device,,NVIDIA A100-SXM4-40GB MIG 4g.20gb (0),1,,13,[CUDA memset]
6269273518,57216,164782,,,,,,,,,,1.235,21583.116,Pinned,Device,NVIDIA A100-SXM4-40GB MIG 4g.20gb (0),1,,13,[CUDA memcpy Host-to-Device]
6269333710,9760,164783,,,,,,,,,,0.197,20144.259,Pinned,Device,NVIDIA A100-SXM4-40GB MIG 4g.20gb (0),1,,13,[CUDA memcpy Host-to-Device]
6269914503,12288,164784,69,4,1,48,1,1,76,0.002,0.000,,,,,NVIDIA A100-SXM4-40GB MIG 4g.20gb (0),1,,13,"void ch_est::windowedChEstPreNoDftSOfdmKernel<float, __half, float, (unsigned int)2, (unsigned int)1, (unsigned short)4>(ch_est::puschRxChEstStatDescr_t *, ch_est::puschRxChEstDynDescr_t *)"
6269998726,9664,164785,137,2,1,24,2,1,44,0.001,0.001,,,,,NVIDIA A100-SXM4-40GB MIG 4g.20gb (0),1,,13,"void ch_est::chEstFilterNoDftSOfdmDispatchKernel<float, __half, float, (unsigned int)2>(ch_est::puschRxChEstStatDescr_t *, ch_est::puschRxChEstDynDescr_t *)"
6270276451,8768,164786,137,2,1,24,2,1,44,0.001,0.001,,,,,NVIDIA A100-SXM4-40GB MIG 4g.20gb (0),1,,13,"void ch_est::chEstFilterNoDftSOfdmDispatchKernel<float, __half, float, (unsigned int)2>(ch_est::puschRxChEstStatDescr_t *, ch_est::puschRxChEstDynDescr_t *)"
6270550464,4672,164797,103,1,1,128,1,1,16,0.000,0.000,,,,,NVIDIA A100-SXM4-40GB MIG 4g.20gb (0),1,,13,cupy_copy__complex64_complex64
6270644191,15136,164807,1434,1,1,128,1,1,16,0.000,0.000,,,,,NVIDIA A100-SXM4-40GB MIG 4g.20gb (0),1,,13,cupy_copy__complex64_complex64
6270895900,5056,164814,103,1,1,128,1,1,16,0.000,0.000,,,,,NVIDIA A100-SXM4-40GB MIG 4g.20gb (0),1,,13,cupy_copy__complex64_complex64
6271143897,261789,164821,1,1,1,32,32,1,30,0.000,0.000,,,,,NVIDIA A100-SXM4-40GB MIG 4g.20gb (0),1,,13,"void convert_kernel<__half2, float2>(tensor_layout_any, T1 *, tensor_layout_any, const T2 *)"
6271434454,8448,164824,,,,,,,,,,0.094,11090.889,Pinned,Device,NVIDIA A100-SXM4-40GB MIG 4g.20gb (0),1,,13,[CUDA memcpy Host-to-Device]
6271695955,49216,164825,,,,,,,,,,35.810,727585.955,Device,,NVIDIA A100-SXM4-40GB MIG 4g.20gb (0),1,,13,[CUDA memset]
6271752306,2048,164827,,,,,,,,,,0.000,39.062,Pinned,Device,NVIDIA A100-SXM4-40GB MIG 4g.20gb (0),1,,13,[CUDA memcpy Host-to-Device]
6271757010,9728,164828,,,,,,,,,,0.197,20210.516,Pinned,Device,NVIDIA A100-SXM4-40GB MIG 4g.20gb (0),1,,13,[CUDA memcpy Host-to-Device]
6272027311,14240,164829,273,1,1,48,1,1,40,0.000,0.001,,,,,NVIDIA A100-SXM4-40GB MIG 4g.20gb (0),1,,13,"void pusch_noise_intf_est::noiseIntfEstNoDftSOfdmKernel<float, __half, float, float, (unsigned int)2, (unsigned int)1, (unsigned char)4, (unsigned char)4>(pusch_noise_intf_est::puschRxNoiseIntfEstDynDescr)"
6272310284,4960,164840,35,1,1,128,1,1,16,0.000,0.000,,,,,NVIDIA A100-SXM4-40GB MIG 4g.20gb (0),1,,13,cupy_copy__complex64_complex64
6272522538,6944,164849,1,1,1,1,1,1,18,0.000,0.000,,,,,NVIDIA A100-SXM4-40GB MIG 4g.20gb (0),1,,13,cupy_copy__float32_float32
6272533130,6144,164855,,,,,,,,,,0.000,0.651,Device,Pageable,NVIDIA A100-SXM4-40GB MIG 4g.20gb (0),1,,7,[CUDA memcpy Device-to-Host]
6272862054,16448,164866,1434,1,1,128,1,1,16,0.000,0.000,,,,,NVIDIA A100-SXM4-40GB MIG 4g.20gb (0),1,,13,cupy_copy__complex64_complex64
6272956037,4480,164873,103,1,1,128,1,1,16,0.000,0.000,,,,,NVIDIA A100-SXM4-40GB MIG 4g.20gb (0),1,,13,cupy_copy__complex64_complex64
6273045924,4000,164880,35,1,1,128,1,1,16,0.000,0.000,,,,,NVIDIA A100-SXM4-40GB MIG 4g.20gb (0),1,,13,cupy_copy__complex64_complex64
6273183394,3232,164887,1,1,1,1,1,1,18,0.000,0.000,,,,,NVIDIA A100-SXM4-40GB MIG 4g.20gb (0),1,,13,cupy_copy__float32_float32
6273456383,222014,164898,1,1,1,32,32,1,30,0.000,0.000,,,,,NVIDIA A100-SXM4-40GB MIG 4g.20gb (0),1,,13,"void convert_kernel<__half2, float2>(tensor_layout_any, T1 *, tensor_layout_any, const T2 *)"
6273711580,8992,164901,,,,,,,,,,0.094,10419.838,Pinned,Device,NVIDIA A100-SXM4-40GB MIG 4g.20gb (0),1,,13,[CUDA memcpy Host-to-Device]
6273915258,6784,164902,,,,,,,,,,1.547,227980.111,Device,,NVIDIA A100-SXM4-40GB MIG 4g.20gb (0),1,,13,[CUDA memset]
6273926682,3360,164907,,,,,,,,,,0.031,9314.284,Pinned,Device,NVIDIA A100-SXM4-40GB MIG 4g.20gb (0),1,,13,[CUDA memcpy Host-to-Device]
6273932954,10144,164908,,,,,,,,,,0.197,19381.617,Pinned,Device,NVIDIA A100-SXM4-40GB MIG 4g.20gb (0),1,,13,[CUDA memcpy Host-to-Device]
6274214999,9279,164909,273,1,1,8,4,1,39,0.002,0.000,,,,,NVIDIA A100-SXM4-40GB MIG 4g.20gb (0),1,,13,"void channel_eq::eqMmseCoefCompLowMimoKernel<float, float, float, (unsigned int)4, (unsigned int)1, (unsigned int)4>(const channel_eq::_puschRxChEqStatDescr *, channel_eq::_puschRxChEqCoefCompDynDescr)"
6274495635,32576,164910,273,1,1,12,11,1,51,0.002,0.000,,,,,NVIDIA A100-SXM4-40GB MIG 4g.20gb (0),1,,13,"void channel_eq::eqMmseSoftDemapKernel<float, __half, __half, float, (unsigned int)4, (unsigned short)16383>(channel_eq::_puschRxChEqStatDescr *, channel_eq::_puschRxChEqSoftDemapDynDescr)"
6274827664,631160,164911,1,1,1,32,32,1,30,0.000,0.000,,,,,NVIDIA A100-SXM4-40GB MIG 4g.20gb (0),1,,13,"void convert_kernel<float2, __half2>(tensor_layout_any, T1 *, tensor_layout_any, const T2 *)"
6275603047,13344,164923,2253,1,1,128,1,1,16,0.000,0.000,,,,,NVIDIA A100-SXM4-40GB MIG 4g.20gb (0),1,,13,cupy_copy__float16_float16
6275928451,4512,164932,282,1,1,128,1,1,16,0.000,0.000,,,,,NVIDIA A100-SXM4-40GB MIG 4g.20gb (0),1,,13,cupy_copy__complex64_complex64
6276245952,4512,164941,26,1,1,128,1,1,16,0.000,0.000,,,,,NVIDIA A100-SXM4-40GB MIG 4g.20gb (0),1,,13,cupy_copy__float32_float32
6276536092,4992,164950,103,1,1,128,1,1,16,0.000,0.000,,,,,NVIDIA A100-SXM4-40GB MIG 4g.20gb (0),1,,13,cupy_copy__complex64_complex64
6276630139,15328,164960,1434,1,1,128,1,1,16,0.000,0.000,,,,,NVIDIA A100-SXM4-40GB MIG 4g.20gb (0),1,,13,cupy_copy__complex64_complex64
6276722298,99775,164965,1,1,1,32,32,1,30,0.000,0.000,,,,,NVIDIA A100-SXM4-40GB MIG 4g.20gb (0),1,,13,"void convert_kernel<__half2, float2>(tensor_layout_any, T1 *, tensor_layout_any, const T2 *)"
6276853305,5440,164968,,,,,,,,,,0.094,17223.480,Pinned,Device,NVIDIA A100-SXM4-40GB MIG 4g.20gb (0),1,,13,[CUDA memcpy Host-to-Device]
6276945336,606233,164969,,,,,,,,,,456.561,752869.815,Device,,NVIDIA A100-SXM4-40GB MIG 4g.20gb (0),1,,13,[CUDA memset]
6277555249,59935,164974,,,,,,,,,,1.235,20603.806,Pinned,Device,NVIDIA A100-SXM4-40GB MIG 4g.20gb (0),1,,13,[CUDA memcpy Host-to-Device]
6277621616,9632,164975,,,,,,,,,,0.197,20411.843,Pinned,Device,NVIDIA A100-SXM4-40GB MIG 4g.20gb (0),1,,13,[CUDA memcpy Host-to-Device]
6277804590,10720,164976,69,4,1,48,1,1,76,0.002,0.000,,,,,NVIDIA A100-SXM4-40GB MIG 4g.20gb (0),1,,13,"void ch_est::windowedChEstPreNoDftSOfdmKernel<float, __half, float, (unsigned int)2, (unsigned int)1, (unsigned short)4>(ch_est::puschRxChEstStatDescr_t *, ch_est::puschRxChEstDynDescr_t *)"
6277922381,8927,164977,137,2,1,24,2,1,44,0.001,0.001,,,,,NVIDIA A100-SXM4-40GB MIG 4g.20gb (0),1,,13,"void ch_est::chEstFilterNoDftSOfdmDispatchKernel<float, __half, float, (unsigned int)2>(ch_est::puschRxChEstStatDescr_t *, ch_est::puschRxChEstDynDescr_t *)"
6278037707,7936,164978,137,2,1,24,2,1,44,0.001,0.001,,,,,NVIDIA A100-SXM4-40GB MIG 4g.20gb (0),1,,13,"void ch_est::chEstFilterNoDftSOfdmDispatchKernel<float, __half, float, (unsigned int)2>(ch_est::puschRxChEstStatDescr_t *, ch_est::puschRxChEstDynDescr_t *)"
6278313832,5856,164989,103,1,1,128,1,1,16,0.000,0.000,,,,,NVIDIA A100-SXM4-40GB MIG 4g.20gb (0),1,,13,cupy_copy__complex64_complex64
6278595237,15904,164999,1434,1,1,128,1,1,16,0.000,0.000,,,,,NVIDIA A100-SXM4-40GB MIG 4g.20gb (0),1,,13,cupy_copy__complex64_complex64
6278722148,4287,165006,103,1,1,128,1,1,16,0.000,0.000,,,,,NVIDIA A100-SXM4-40GB MIG 4g.20gb (0),1,,13,cupy_copy__complex64_complex64
6278974145,305020,165013,1,1,1,32,32,1,30,0.000,0.000,,,,,NVIDIA A100-SXM4-40GB MIG 4g.20gb (0),1,,13,"void convert_kernel<__half2, float2>(tensor_layout_any, T1 *, tensor_layout_any, const T2 *)"
6279312861,6720,165016,,,,,,,,,,0.094,13942.808,Pinned,Device,NVIDIA A100-SXM4-40GB MIG 4g.20gb (0),1,,13,[CUDA memcpy Host-to-Device]
6279779224,48991,165017,,,,,,,,,,35.810,730916.277,Device,,NVIDIA A100-SXM4-40GB MIG 4g.20gb (0),1,,13,[CUDA memset]
6279830167,2176,165019,,,,,,,,,,0.000,36.765,Pinned,Device,NVIDIA A100-SXM4-40GB MIG 4g.20gb (0),1,,13,[CUDA memcpy Host-to-Device]
6279839831,9472,165020,,,,,,,,,,0.197,20756.693,Pinned,Device,NVIDIA A100-SXM4-40GB MIG 4g.20gb (0),1,,13,[CUDA memcpy Host-to-Device]
6280319953,14720,165021,273,1,1,48,1,1,40,0.000,0.001,,,,,NVIDIA A100-SXM4-40GB MIG 4g.20gb (0),1,,13,"void pusch_noise_intf_est::noiseIntfEstNoDftSOfdmKernel<float, __half, float, float, (unsigned int)2, (unsigned int)1, (unsigned char)4, (unsigned char)4>(pusch_noise_intf_est::puschRxNoiseIntfEstDynDescr)"
6280810764,8064,165032,35,1,1,128,1,1,16,0.000,0.000,,,,,NVIDIA A100-SXM4-40GB MIG 4g.20gb (0),1,,13,cupy_copy__complex64_complex64
6281298214,3744,165041,1,1,1,1,1,1,18,0.000,0.000,,,,,NVIDIA A100-SXM4-40GB MIG 4g.20gb (0),1,,13,cupy_copy__float32_float32
6281305062,1792,165047,,,,,,,,,,0.000,2.232,Device,Pageable,NVIDIA A100-SXM4-40GB MIG 4g.20gb (0),1,,7,[CUDA memcpy Device-to-Host]
6281850272,15968,165058,1434,1,1,128,1,1,16,0.000,0.000,,,,,NVIDIA A100-SXM4-40GB MIG 4g.20gb (0),1,,13,cupy_copy__complex64_complex64
6282345307,4735,165065,103,1,1,128,1,1,16,0.000,0.000,,,,,NVIDIA A100-SXM4-40GB MIG 4g.20gb (0),1,,13,cupy_copy__complex64_complex64
6282645367,3904,165072,35,1,1,128,1,1,16,0.000,0.000,,,,,NVIDIA A100-SXM4-40GB MIG 4g.20gb (0),1,,13,cupy_copy__complex64_complex64
6282943764,3232,165079,1,1,1,1,1,1,18,0.000,0.000,,,,,NVIDIA A100-SXM4-40GB MIG 4g.20gb (0),1,,13,cupy_copy__float32_float32
6283228433,212989,165090,1,1,1,32,32,1,30,0.000,0.000,,,,,NVIDIA A100-SXM4-40GB MIG 4g.20gb (0),1,,13,"void convert_kernel<__half2, float2>(tensor_layout_any, T1 *, tensor_layout_any, const T2 *)"
6283473134,9568,165093,,,,,,,,,,0.094,9792.637,Pinned,Device,NVIDIA A100-SXM4-40GB MIG 4g.20gb (0),1,,13,[CUDA memcpy Host-to-Device]
6283695339,5568,165094,,,,,,,,,,1.547,277769.031,Device,,NVIDIA A100-SXM4-40GB MIG 4g.20gb (0),1,,13,[CUDA memset]
6283708235,3104,165099,,,,,,,,,,0.031,10082.445,Pinned,Device,NVIDIA A100-SXM4-40GB MIG 4g.20gb (0),1,,13,[CUDA memcpy Host-to-Device]
6283713963,9664,165100,,,,,,,,,,0.197,20344.209,Pinned,Device,NVIDIA A100-SXM4-40GB MIG 4g.20gb (0),1,,13,[CUDA memcpy Host-to-Device]
6283809034,11456,165101,273,1,1,8,4,1,39,0.002,0.000,,,,,NVIDIA A100-SXM4-40GB MIG 4g.20gb (0),1,,13,"void channel_eq::eqMmseCoefCompLowMimoKernel<float, float, float, (unsigned int)4, (unsigned int)1, (unsigned int)4>(const channel_eq::_puschRxChEqStatDescr *, channel_eq::_puschRxChEqCoefCompDynDescr)"
6283889705,9536,165102,273,1,1,12,11,1,51,0.002,0.000,,,,,NVIDIA A100-SXM4-40GB MIG 4g.20gb (0),1,,13,"void channel_eq::eqMmseSoftDemapKernel<float, __half, __half, float, (unsigned int)4, (unsigned short)16383>(channel_eq::_puschRxChEqStatDescr *, channel_eq::_puschRxChEqSoftDemapDynDescr)"
6284004520,348764,165103,1,1,1,32,32,1,30,0.000,0.000,,,,,NVIDIA A100-SXM4-40GB MIG 4g.20gb (0),1,,13,"void convert_kernel<float2, __half2>(tensor_layout_any, T1 *, tensor_layout_any, const T2 *)"
6284455203,12703,165115,2253,1,1,128,1,1,16,0.000,0.000,,,,,NVIDIA A100-SXM4-40GB MIG 4g.20gb (0),1,,13,cupy_copy__float16_float16
6284574145,4480,165124,282,1,1,128,1,1,16,0.000,0.000,,,,,NVIDIA A100-SXM4-40GB MIG 4g.20gb (0),1,,13,cupy_copy__complex64_complex64
6284663296,2688,165133,26,1,1,128,1,1,16,0.000,0.000,,,,,NVIDIA A100-SXM4-40GB MIG 4g.20gb (0),1,,13,cupy_copy__float32_float32
6284747359,7584,165142,103,1,1,128,1,1,16,0.000,0.000,,,,,NVIDIA A100-SXM4-40GB MIG 4g.20gb (0),1,,13,cupy_copy__complex64_complex64
6284830046,17056,165152,1434,1,1,128,1,1,16,0.000,0.000,,,,,NVIDIA A100-SXM4-40GB MIG 4g.20gb (0),1,,13,cupy_copy__complex64_complex64
6284918621,104447,165157,1,1,1,32,32,1,30,0.000,0.000,,,,,NVIDIA A100-SXM4-40GB MIG 4g.20gb (0),1,,13,"void convert_kernel<__half2, float2>(tensor_layout_any, T1 *, tensor_layout_any, const T2 *)"
6285053500,5568,165160,,,,,,,,,,0.094,16827.521,Pinned,Device,NVIDIA A100-SXM4-40GB MIG 4g.20gb (0),1,,13,[CUDA memcpy Host-to-Device]
6285142555,603641,165161,,,,,,,,,,456.561,756065.745,Device,,NVIDIA A100-SXM4-40GB MIG 4g.20gb (0),1,,13,[CUDA memset]
6285753332,53887,165166,,,,,,,,,,1.235,22916.856,Pinned,Device,NVIDIA A100-SXM4-40GB MIG 4g.20gb (0),1,,13,[CUDA memcpy Host-to-Device]
6285809715,10144,165167,,,,,,,,,,0.197,19381.617,Pinned,Device,NVIDIA A100-SXM4-40GB MIG 4g.20gb (0),1,,13,[CUDA memcpy Host-to-Device]
6286035857,10944,165168,69,4,1,48,1,1,76,0.002,0.000,,,,,NVIDIA A100-SXM4-40GB MIG 4g.20gb (0),1,,13,"void ch_est::windowedChEstPreNoDftSOfdmKernel<float, __half, float, (unsigned int)2, (unsigned int)1, (unsigned short)4>(ch_est::puschRxChEstStatDescr_t *, ch_est::puschRxChEstDynDescr_t *)"
6286421836,9600,165169,137,2,1,24,2,1,44,0.001,0.001,,,,,NVIDIA A100-SXM4-40GB MIG 4g.20gb (0),1,,13,"void ch_est::chEstFilterNoDftSOfdmDispatchKernel<float, __half, float, (unsigned int)2>(ch_est::puschRxChEstStatDescr_t *, ch_est::puschRxChEstDynDescr_t *)"
6286804616,9600,165170,137,2,1,24,2,1,44,0.001,0.001,,,,,NVIDIA A100-SXM4-40GB MIG 4g.20gb (0),1,,13,"void ch_est::chEstFilterNoDftSOfdmDispatchKernel<float, __half, float, (unsigned int)2>(ch_est::puschRxChEstStatDescr_t *, ch_est::puschRxChEstDynDescr_t *)"
6286933959,4608,165181,103,1,1,128,1,1,16,0.000,0.000,,,,,NVIDIA A100-SXM4-40GB MIG 4g.20gb (0),1,,13,cupy_copy__complex64_complex64
6287462689,15967,165191,1434,1,1,128,1,1,16,0.000,0.000,,,,,NVIDIA A100-SXM4-40GB MIG 4g.20gb (0),1,,13,cupy_copy__complex64_complex64
6288006778,5792,165198,103,1,1,128,1,1,16,0.000,0.000,,,,,NVIDIA A100-SXM4-40GB MIG 4g.20gb (0),1,,13,cupy_copy__complex64_complex64
6288360342,283485,165205,1,1,1,32,32,1,30,0.000,0.000,,,,,NVIDIA A100-SXM4-40GB MIG 4g.20gb (0),1,,13,"void convert_kernel<__half2, float2>(tensor_layout_any, T1 *, tensor_layout_any, const T2 *)"
6288679315,10944,165208,,,,,,,,,,0.094,8561.378,Pinned,Device,NVIDIA A100-SXM4-40GB MIG 4g.20gb (0),1,,13,[CUDA memcpy Host-to-Device]
6289039215,78879,165209,,,,,,,,,,35.810,453962.356,Device,,NVIDIA A100-SXM4-40GB MIG 4g.20gb (0),1,,13,[CUDA memset]
6289123214,3232,165211,,,,,,,,,,0.000,24.752,Pinned,Device,NVIDIA A100-SXM4-40GB MIG 4g.20gb (0),1,,13,[CUDA memcpy Host-to-Device]
6289133294,12672,165212,,,,,,,,,,0.197,15515.124,Pinned,Device,NVIDIA A100-SXM4-40GB MIG 4g.20gb (0),1,,13,[CUDA memcpy Host-to-Device]
6289623624,32000,165213,273,1,1,48,1,1,40,0.000,0.001,,,,,NVIDIA A100-SXM4-40GB MIG 4g.20gb (0),1,,13,"void pusch_noise_intf_est::noiseIntfEstNoDftSOfdmKernel<float, __half, float, float, (unsigned int)2, (unsigned int)1, (unsigned char)4, (unsigned char)4>(pusch_noise_intf_est::puschRxNoiseIntfEstDynDescr)"
6290024100,6560,165224,35,1,1,128,1,1,16,0.000,0.000,,,,,NVIDIA A100-SXM4-40GB MIG 4g.20gb (0),1,,13,cupy_copy__complex64_complex64
6290514910,3552,165233,1,1,1,1,1,1,18,0.000,0.000,,,,,NVIDIA A100-SXM4-40GB MIG 4g.20gb (0),1,,13,cupy_copy__float32_float32
6290521982,1760,165239,,,,,,,,,,0.000,2.273,Device,Pageable,NVIDIA A100-SXM4-40GB MIG 4g.20gb (0),1,,7,[CUDA memcpy Device-to-Host]
6291068856,18208,165250,1434,1,1,128,1,1,16,0.000,0.000,,,,,NVIDIA A100-SXM4-40GB MIG 4g.20gb (0),1,,13,cupy_copy__complex64_complex64
6291322997,3904,165257,103,1,1,128,1,1,16,0.000,0.000,,,,,NVIDIA A100-SXM4-40GB MIG 4g.20gb (0),1,,13,cupy_copy__complex64_complex64
6291565138,6848,165264,35,1,1,128,1,1,16,0.000,0.000,,,,,NVIDIA A100-SXM4-40GB MIG 4g.20gb (0),1,,13,cupy_copy__complex64_complex64
6291842895,3488,165271,1,1,1,1,1,1,18,0.000,0.000,,,,,NVIDIA A100-SXM4-40GB MIG 4g.20gb (0),1,,13,cupy_copy__float32_float32
6291934446,206078,165282,1,1,1,32,32,1,30,0.000,0.000,,,,,NVIDIA A100-SXM4-40GB MIG 4g.20gb (0),1,,13,"void convert_kernel<__half2, float2>(tensor_layout_any, T1 *, tensor_layout_any, const T2 *)"
6292174859,5504,165285,,,,,,,,,,0.094,17023.251,Pinned,Device,NVIDIA A100-SXM4-40GB MIG 4g.20gb (0),1,,13,[CUDA memcpy Host-to-Device]
6292270922,4576,165286,,,,,,,,,,1.547,337985.289,Device,,NVIDIA A100-SXM4-40GB MIG 4g.20gb (0),1,,13,[CUDA memset]
6292280042,7456,165291,,,,,,,,,,0.031,4197.420,Pinned,Device,NVIDIA A100-SXM4-40GB MIG 4g.20gb (0),1,,13,[CUDA memcpy Host-to-Device]
6292289930,9632,165292,,,,,,,,,,0.197,20411.843,Pinned,Device,NVIDIA A100-SXM4-40GB MIG 4g.20gb (0),1,,13,[CUDA memcpy Host-to-Device]
6292407017,11935,165293,273,1,1,8,4,1,39,0.002,0.000,,,,,NVIDIA A100-SXM4-40GB MIG 4g.20gb (0),1,,13,"void channel_eq::eqMmseCoefCompLowMimoKernel<float, float, float, (unsigned int)4, (unsigned int)1, (unsigned int)4>(const channel_eq::_puschRxChEqStatDescr *, channel_eq::_puschRxChEqCoefCompDynDescr)"
6292519655,8352,165294,273,1,1,12,11,1,51,0.002,0.000,,,,,NVIDIA A100-SXM4-40GB MIG 4g.20gb (0),1,,13,"void channel_eq::eqMmseSoftDemapKernel<float, __half, __half, float, (unsigned int)4, (unsigned short)16383>(channel_eq::_puschRxChEqStatDescr *, channel_eq::_puschRxChEqSoftDemapDynDescr)"
6292633830,342844,165295,1,1,1,32,32,1,30,0.000,0.000,,,,,NVIDIA A100-SXM4-40GB MIG 4g.20gb (0),1,,13,"void convert_kernel<float2, __half2>(tensor_layout_any, T1 *, tensor_layout_any, const T2 *)"
6293113537,13983,165307,2253,1,1,128,1,1,16,0.000,0.000,,,,,NVIDIA A100-SXM4-40GB MIG 4g.20gb (0),1,,13,cupy_copy__float16_float16
6293505948,5120,165316,282,1,1,128,1,1,16,0.000,0.000,,,,,NVIDIA A100-SXM4-40GB MIG 4g.20gb (0),1,,13,cupy_copy__complex64_complex64
6293896536,4864,165325,26,1,1,128,1,1,16,0.000,0.000,,,,,NVIDIA A100-SXM4-40GB MIG 4g.20gb (0),1,,13,cupy_copy__float32_float32
6293994743,8512,165334,103,1,1,128,1,1,16,0.000,0.000,,,,,NVIDIA A100-SXM4-40GB MIG 4g.20gb (0),1,,13,cupy_copy__complex64_complex64
6294366322,16192,165344,1434,1,1,128,1,1,16,0.000,0.000,,,,,NVIDIA A100-SXM4-40GB MIG 4g.20gb (0),1,,13,cupy_copy__complex64_complex64
6294763118,242621,165349,1,1,1,32,32,1,30,0.000,0.000,,,,,NVIDIA A100-SXM4-40GB MIG 4g.20gb (0),1,,13,"void convert_kernel<__half2, float2>(tensor_layout_any, T1 *, tensor_layout_any, const T2 *)"
6295036811,9280,165352,,,,,,,,,,0.094,10096.494,Pinned,Device,NVIDIA A100-SXM4-40GB MIG 4g.20gb (0),1,,13,[CUDA memcpy Host-to-Device]
6295211977,600121,165353,,,,,,,,,,456.561,760631.359,Device,,NVIDIA A100-SXM4-40GB MIG 4g.20gb (0),1,,13,[CUDA memset]
6295820354,67743,165358,,,,,,,,,,1.235,18229.008,Pinned,Device,NVIDIA A100-SXM4-40GB MIG 4g.20gb (0),1,,13,[CUDA memcpy Host-to-Device]
6295891233,14656,165359,,,,,,,,,,0.197,13414.760,Pinned,Device,NVIDIA A100-SXM4-40GB MIG 4g.20gb (0),1,,13,[CUDA memcpy Host-to-Device]
6296199678,12352,165360,69,4,1,48,1,1,76,0.002,0.000,,,,,NVIDIA A100-SXM4-40GB MIG 4g.20gb (0),1,,13,"void ch_est::windowedChEstPreNoDftSOfdmKernel<float, __half, float, (unsigned int)2, (unsigned int)1, (unsigned short)4>(ch_est::puschRxChEstStatDescr_t *, ch_est::puschRxChEstDynDescr_t *)"
6296647961,10623,165361,137,2,1,24,2,1,44,0.001,0.001,,,,,NVIDIA A100-SXM4-40GB MIG 4g.20gb (0),1,,13,"void ch_est::chEstFilterNoDftSOfdmDispatchKernel<float, __half, float, (unsigned int)2>(ch_est::puschRxChEstStatDescr_t *, ch_est::puschRxChEstDynDescr_t *)"
6297042100,10688,165362,137,2,1,24,2,1,44,0.001,0.001,,,,,NVIDIA A100-SXM4-40GB MIG 4g.20gb (0),1,,13,"void ch_est::chEstFilterNoDftSOfdmDispatchKernel<float, __half, float, (unsigned int)2>(ch_est::puschRxChEstStatDescr_t *, ch_est::puschRxChEstDynDescr_t *)"
6297436400,4896,165373,103,1,1,128,1,1,16,0.000,0.000,,,,,NVIDIA A100-SXM4-40GB MIG 4g.20gb (0),1,,13,cupy_copy__complex64_complex64
6297828395,16128,165383,1434,1,1,128,1,1,16,0.000,0.000,,,,,NVIDIA A100-SXM4-40GB MIG 4g.20gb (0),1,,13,cupy_copy__complex64_complex64
6298172295,6592,165390,103,1,1,128,1,1,16,0.000,0.000,,,,,NVIDIA A100-SXM4-40GB MIG 4g.20gb (0),1,,13,cupy_copy__complex64_complex64
6298512292,258653,165397,1,1,1,32,32,1,30,0.000,0.000,,,,,NVIDIA A100-SXM4-40GB MIG 4g.20gb (0),1,,13,"void convert_kernel<__half2, float2>(tensor_layout_any, T1 *, tensor_layout_any, const T2 *)"
6298801952,5472,165400,,,,,,,,,,0.094,17122.757,Pinned,Device,NVIDIA A100-SXM4-40GB MIG 4g.20gb (0),1,,13,[CUDA memcpy Host-to-Device]
6299127549,49503,165401,,,,,,,,,,35.810,723360.384,Device,,NVIDIA A100-SXM4-40GB MIG 4g.20gb (0),1,,13,[CUDA memset]
6299181852,2080,165403,,,,,,,,,,0.000,38.462,Pinned,Device,NVIDIA A100-SXM4-40GB MIG 4g.20gb (0),1,,13,[CUDA memcpy Host-to-Device]
6299186364,9696,165404,,,,,,,,,,0.197,20277.166,Pinned,Device,NVIDIA A100-SXM4-40GB MIG 4g.20gb (0),1,,13,[CUDA memcpy Host-to-Device]
6299515128,14560,165405,273,1,1,48,1,1,40,0.000,0.001,,,,,NVIDIA A100-SXM4-40GB MIG 4g.20gb (0),1,,13,"void pusch_noise_intf_est::noiseIntfEstNoDftSOfdmKernel<float, __half, float, float, (unsigned int)2, (unsigned int)1, (unsigned char)4, (unsigned char)4>(pusch_noise_intf_est::puschRxNoiseIntfEstDynDescr)"
6299913588,4928,165416,35,1,1,128,1,1,16,0.000,0.000,,,,,NVIDIA A100-SXM4-40GB MIG 4g.20gb (0),1,,13,cupy_copy__complex64_complex64
6300543597,4511,165425,1,1,1,1,1,1,18,0.000,0.000,,,,,NVIDIA A100-SXM4-40GB MIG 4g.20gb (0),1,,13,cupy_copy__float32_float32
6300556044,5216,165431,,,,,,,,,,0.000,0.767,Device,Pageable,NVIDIA A100-SXM4-40GB MIG 4g.20gb (0),1,,7,[CUDA memcpy Device-to-Host]
6301262436,16480,165442,1434,1,1,128,1,1,16,0.000,0.000,,,,,NVIDIA A100-SXM4-40GB MIG 4g.20gb (0),1,,13,cupy_copy__complex64_complex64
6301929885,3872,165449,103,1,1,128,1,1,16,0.000,0.000,,,,,NVIDIA A100-SXM4-40GB MIG 4g.20gb (0),1,,13,cupy_copy__complex64_complex64
6302560086,6304,165456,35,1,1,128,1,1,16,0.000,0.000,,,,,NVIDIA A100-SXM4-40GB MIG 4g.20gb (0),1,,13,cupy_copy__complex64_complex64
6302973969,3584,165463,1,1,1,1,1,1,18,0.000,0.000,,,,,NVIDIA A100-SXM4-40GB MIG 4g.20gb (0),1,,13,cupy_copy__float32_float32
6303093296,307644,165474,1,1,1,32,32,1,30,0.000,0.000,,,,,NVIDIA A100-SXM4-40GB MIG 4g.20gb (0),1,,13,"void convert_kernel<__half2, float2>(tensor_layout_any, T1 *, tensor_layout_any, const T2 *)"
6303431724,5952,165477,,,,,,,,,,0.094,15741.865,Pinned,Device,NVIDIA A100-SXM4-40GB MIG 4g.20gb (0),1,,13,[CUDA memcpy Host-to-Device]
6303849063,5504,165478,,,,,,,,,,1.547,280999.928,Device,,NVIDIA A100-SXM4-40GB MIG 4g.20gb (0),1,,13,[CUDA memset]
6303861479,7328,165483,,,,,,,,,,0.031,4270.715,Pinned,Device,NVIDIA A100-SXM4-40GB MIG 4g.20gb (0),1,,13,[CUDA memcpy Host-to-Device]
6303874471,9888,165484,,,,,,,,,,0.197,19883.360,Pinned,Device,NVIDIA A100-SXM4-40GB MIG 4g.20gb (0),1,,13,[CUDA memcpy Host-to-Device]
6304293698,16704,165485,273,1,1,8,4,1,39,0.002,0.000,,,,,NVIDIA A100-SXM4-40GB MIG 4g.20gb (0),1,,13,"void channel_eq::eqMmseCoefCompLowMimoKernel<float, float, float, (unsigned int)4, (unsigned int)1, (unsigned int)4>(const channel_eq::_puschRxChEqStatDescr *, channel_eq::_puschRxChEqCoefCompDynDescr)"
6304736957,19712,165486,273,1,1,12,11,1,51,0.002,0.000,,,,,NVIDIA A100-SXM4-40GB MIG 4g.20gb (0),1,,13,"void channel_eq::eqMmseSoftDemapKernel<float, __half, __half, float, (unsigned int)4, (unsigned short)16383>(channel_eq::_puschRxChEqStatDescr *, channel_eq::_puschRxChEqSoftDemapDynDescr)"
6305185976,543002,165487,1,1,1,32,32,1,30,0.000,0.000,,,,,NVIDIA A100-SXM4-40GB MIG 4g.20gb (0),1,,13,"void convert_kernel<float2, __half2>(tensor_layout_any, T1 *, tensor_layout_any, const T2 *)"
6305814385,13184,165499,2253,1,1,128,1,1,16,0.000,0.000,,,,,NVIDIA A100-SXM4-40GB MIG 4g.20gb (0),1,,13,cupy_copy__float16_float16
6305934383,4096,165508,282,1,1,128,1,1,16,0.000,0.000,,,,,NVIDIA A100-SXM4-40GB MIG 4g.20gb (0),1,,13,cupy_copy__complex64_complex64
6306020559,3647,165517,26,1,1,128,1,1,16,0.000,0.000,,,,,NVIDIA A100-SXM4-40GB MIG 4g.20gb (0),1,,13,cupy_copy__float32_float32
6306101934,9247,165526,103,1,1,128,1,1,16,0.000,0.000,,,,,NVIDIA A100-SXM4-40GB MIG 4g.20gb (0),1,,13,cupy_copy__complex64_complex64
6306182477,14912,165536,1434,1,1,128,1,1,16,0.000,0.000,,,,,NVIDIA A100-SXM4-40GB MIG 4g.20gb (0),1,,13,cupy_copy__complex64_complex64
6306279692,100990,165541,1,1,1,32,32,1,30,0.000,0.000,,,,,NVIDIA A100-SXM4-40GB MIG 4g.20gb (0),1,,13,"void convert_kernel<__half2, float2>(tensor_layout_any, T1 *, tensor_layout_any, const T2 *)"
6306411434,5568,165544,,,,,,,,,,0.094,16827.521,Pinned,Device,NVIDIA A100-SXM4-40GB MIG 4g.20gb (0),1,,13,[CUDA memcpy Host-to-Device]
6306581480,604953,165545,,,,,,,,,,456.561,754696.060,Device,,NVIDIA A100-SXM4-40GB MIG 4g.20gb (0),1,,13,[CUDA memset]
6307193665,64288,165550,,,,,,,,,,1.235,19209.554,Pinned,Device,NVIDIA A100-SXM4-40GB MIG 4g.20gb (0),1,,13,[CUDA memcpy Host-to-Device]
6307260384,9600,165551,,,,,,,,,,0.197,20479.869,Pinned,Device,NVIDIA A100-SXM4-40GB MIG 4g.20gb (0),1,,13,[CUDA memcpy Host-to-Device]
6307653532,21568,165552,69,4,1,48,1,1,76,0.002,0.000,,,,,NVIDIA A100-SXM4-40GB MIG 4g.20gb (0),1,,13,"void ch_est::windowedChEstPreNoDftSOfdmKernel<float, __half, float, (unsigned int)2, (unsigned int)1, (unsigned short)4>(ch_est::puschRxChEstStatDescr_t *, ch_est::puschRxChEstDynDescr_t *)"
6308085143,14272,165553,137,2,1,24,2,1,44,0.001,0.001,,,,,NVIDIA A100-SXM4-40GB MIG 4g.20gb (0),1,,13,"void ch_est::chEstFilterNoDftSOfdmDispatchKernel<float, __half, float, (unsigned int)2>(ch_est::puschRxChEstStatDescr_t *, ch_est::puschRxChEstDynDescr_t *)"
6308338612,26944,165554,137,2,1,24,2,1,44,0.001,0.001,,,,,NVIDIA A100-SXM4-40GB MIG 4g.20gb (0),1,,13,"void ch_est::chEstFilterNoDftSOfdmDispatchKernel<float, __half, float, (unsigned int)2>(ch_est::puschRxChEstStatDescr_t *, ch_est::puschRxChEstDynDescr_t *)"
6308798639,5952,165565,103,1,1,128,1,1,16,0.000,0.000,,,,,NVIDIA A100-SXM4-40GB MIG 4g.20gb (0),1,,13,cupy_copy__complex64_complex64
6309349865,16512,165575,1434,1,1,128,1,1,16,0.000,0.000,,,,,NVIDIA A100-SXM4-40GB MIG 4g.20gb (0),1,,13,cupy_copy__complex64_complex64
6309901347,5024,165582,103,1,1,128,1,1,16,0.000,0.000,,,,,NVIDIA A100-SXM4-40GB MIG 4g.20gb (0),1,,13,cupy_copy__complex64_complex64
6310447580,297885,165589,1,1,1,32,32,1,30,0.000,0.000,,,,,NVIDIA A100-SXM4-40GB MIG 4g.20gb (0),1,,13,"void convert_kernel<__half2, float2>(tensor_layout_any, T1 *, tensor_layout_any, const T2 *)"
6310776985,7648,165592,,,,,,,,,,0.094,12251.033,Pinned,Device,NVIDIA A100-SXM4-40GB MIG 4g.20gb (0),1,,13,[CUDA memcpy Host-to-Device]
6311151060,74080,165593,,,,,,,,,,35.810,483362.300,Device,,NVIDIA A100-SXM4-40GB MIG 4g.20gb (0),1,,13,[CUDA memset]
6311230100,2752,165595,,,,,,,,,,0.000,29.070,Pinned,Device,NVIDIA A100-SXM4-40GB MIG 4g.20gb (0),1,,13,[CUDA memcpy Host-to-Device]
6311235283,16864,165596,,,,,,,,,,0.197,11658.265,Pinned,Device,NVIDIA A100-SXM4-40GB MIG 4g.20gb (0),1,,13,[CUDA memcpy Host-to-Device]
6311745422,35967,165597,273,1,1,48,1,1,40,0.000,0.001,,,,,NVIDIA A100-SXM4-40GB MIG 4g.20gb (0),1,,13,"void pusch_noise_intf_est::noiseIntfEstNoDftSOfdmKernel<float, __half, float, float, (unsigned int)2, (unsigned int)1, (unsigned char)4, (unsigned char)4>(pusch_noise_intf_est::puschRxNoiseIntfEstDynDescr)"
6312165513,3904,165608,35,1,1,128,1,1,16,0.000,0.000,,,,,NVIDIA A100-SXM4-40GB MIG 4g.20gb (0),1,,13,cupy_copy__complex64_complex64
6312733283,3359,165617,1,1,1,1,1,1,18,0.000,0.000,,,,,NVIDIA A100-SXM4-40GB MIG 4g.20gb (0),1,,13,cupy_copy__float32_float32
6312743234,1600,165623,,,,,,,,,,0.000,2.500,Device,Pageable,NVIDIA A100-SXM4-40GB MIG 4g.20gb (0),1,,7,[CUDA memcpy Device-to-Host]
6313007071,19008,165634,1434,1,1,128,1,1,16,0.000,0.000,,,,,NVIDIA A100-SXM4-40GB MIG 4g.20gb (0),1,,13,cupy_copy__complex64_complex64
6313232573,5504,165641,103,1,1,128,1,1,16,0.000,0.000,,,,,NVIDIA A100-SXM4-40GB MIG 4g.20gb (0),1,,13,cupy_copy__complex64_complex64
6313315772,4096,165648,35,1,1,128,1,1,16,0.000,0.000,,,,,NVIDIA A100-SXM4-40GB MIG 4g.20gb (0),1,,13,cupy_copy__complex64_complex64
6313392059,2656,165655,1,1,1,1,1,1,18,0.000,0.000,,,,,NVIDIA A100-SXM4-40GB MIG 4g.20gb (0),1,,13,cupy_copy__float32_float32
6313474714,208062,165666,1,1,1,32,32,1,30,0.000,0.000,,,,,NVIDIA A100-SXM4-40GB MIG 4g.20gb (0),1,,13,"void convert_kernel<__half2, float2>(tensor_layout_any, T1 *, tensor_layout_any, const T2 *)"
6313713367,6176,165669,,,,,,,,,,0.094,15170.975,Pinned,Device,NVIDIA A100-SXM4-40GB MIG 4g.20gb (0),1,,13,[CUDA memcpy Host-to-Device]
6313805654,4896,165670,,,,,,,,,,1.547,315894.859,Device,,NVIDIA A100-SXM4-40GB MIG 4g.20gb (0),1,,13,[CUDA memset]
6313816118,8192,165675,,,,,,,,,,0.031,3820.303,Pinned,Device,NVIDIA A100-SXM4-40GB MIG 4g.20gb (0),1,,13,[CUDA memcpy Host-to-Device]
6313826774,11200,165676,,,,,,,,,,0.197,17554.145,Pinned,Device,NVIDIA A100-SXM4-40GB MIG 4g.20gb (0),1,,13,[CUDA memcpy Host-to-Device]
6313909429,8608,165677,273,1,1,8,4,1,39,0.002,0.000,,,,,NVIDIA A100-SXM4-40GB MIG 4g.20gb (0),1,,13,"void channel_eq::eqMmseCoefCompLowMimoKernel<float, float, float, (unsigned int)4, (unsigned int)1, (unsigned int)4>(const channel_eq::_puschRxChEqStatDescr *, channel_eq::_puschRxChEqCoefCompDynDescr)"
6313993396,12128,165678,273,1,1,12,11,1,51,0.002,0.000,,,,,NVIDIA A100-SXM4-40GB MIG 4g.20gb (0),1,,13,"void channel_eq::eqMmseSoftDemapKernel<float, __half, __half, float, (unsigned int)4, (unsigned short)16383>(channel_eq::_puschRxChEqStatDescr *, channel_eq::_puschRxChEqSoftDemapDynDescr)"
6314069523,332317,165679,1,1,1,32,32,1,30,0.000,0.000,,,,,NVIDIA A100-SXM4-40GB MIG 4g.20gb (0),1,,13,"void convert_kernel<float2, __half2>(tensor_layout_any, T1 *, tensor_layout_any, const T2 *)"
6314484847,12096,165691,2253,1,1,128,1,1,16,0.000,0.000,,,,,NVIDIA A100-SXM4-40GB MIG 4g.20gb (0),1,,13,cupy_copy__float16_float16
6314571406,6144,165700,282,1,1,128,1,1,16,0.000,0.000,,,,,NVIDIA A100-SXM4-40GB MIG 4g.20gb (0),1,,13,cupy_copy__complex64_complex64
6314649293,2688,165709,26,1,1,128,1,1,16,0.000,0.000,,,,,NVIDIA A100-SXM4-40GB MIG 4g.20gb (0),1,,13,cupy_copy__float32_float32
6314730860,8320,165718,103,1,1,128,1,1,16,0.000,0.000,,,,,NVIDIA A100-SXM4-40GB MIG 4g.20gb (0),1,,13,cupy_copy__complex64_complex64
6314803371,14272,165728,1434,1,1,128,1,1,16,0.000,0.000,,,,,NVIDIA A100-SXM4-40GB MIG 4g.20gb (0),1,,13,cupy_copy__complex64_complex64
6314915658,196094,165733,1,1,1,32,32,1,30,0.000,0.000,,,,,NVIDIA A100-SXM4-40GB MIG 4g.20gb (0),1,,13,"void convert_kernel<__half2, float2>(tensor_layout_any, T1 *, tensor_layout_any, const T2 *)"
6315142407,6176,165736,,,,,,,,,,0.094,15170.975,Pinned,Device,NVIDIA A100-SXM4-40GB MIG 4g.20gb (0),1,,13,[CUDA memcpy Host-to-Device]
6315458180,603321,165737,,,,,,,,,,456.561,756522.306,Device,,NVIDIA A100-SXM4-40GB MIG 4g.20gb (0),1,,13,[CUDA memset]
6316070397,70751,165742,,,,,,,,,,1.235,17454.698,Pinned,Device,NVIDIA A100-SXM4-40GB MIG 4g.20gb (0),1,,13,[CUDA memcpy Host-to-Device]
6316143964,12864,165743,,,,,,,,,,0.197,15283.519,Pinned,Device,NVIDIA A100-SXM4-40GB MIG 4g.20gb (0),1,,13,[CUDA memcpy Host-to-Device]
6316390585,10912,165744,69,4,1,48,1,1,76,0.002,0.000,,,,,NVIDIA A100-SXM4-40GB MIG 4g.20gb (0),1,,13,"void ch_est::windowedChEstPreNoDftSOfdmKernel<float, __half, float, (unsigned int)2, (unsigned int)1, (unsigned short)4>(ch_est::puschRxChEstStatDescr_t *, ch_est::puschRxChEstDynDescr_t *)"
6316686518,8960,165745,137,2,1,24,2,1,44,0.001,0.001,,,,,NVIDIA A100-SXM4-40GB MIG 4g.20gb (0),1,,13,"void ch_est::chEstFilterNoDftSOfdmDispatchKernel<float, __half, float, (unsigned int)2>(ch_est::puschRxChEstStatDescr_t *, ch_est::puschRxChEstDynDescr_t *)"
6316972243,25215,165746,137,2,1,24,2,1,44,0.001,0.001,,,,,NVIDIA A100-SXM4-40GB MIG 4g.20gb (0),1,,13,"void ch_est::chEstFilterNoDftSOfdmDispatchKernel<float, __half, float, (unsigned int)2>(ch_est::puschRxChEstStatDescr_t *, ch_est::puschRxChEstDynDescr_t *)"
6317367502,6688,165757,103,1,1,128,1,1,16,0.000,0.000,,,,,NVIDIA A100-SXM4-40GB MIG 4g.20gb (0),1,,13,cupy_copy__complex64_complex64
6317494349,15935,165767,1434,1,1,128,1,1,16,0.000,0.000,,,,,NVIDIA A100-SXM4-40GB MIG 4g.20gb (0),1,,13,cupy_copy__complex64_complex64
6317835081,5120,165774,103,1,1,128,1,1,16,0.000,0.000,,,,,NVIDIA A100-SXM4-40GB MIG 4g.20gb (0),1,,13,cupy_copy__complex64_complex64
6318136421,224798,165781,1,1,1,32,32,1,30,0.000,0.000,,,,,NVIDIA A100-SXM4-40GB MIG 4g.20gb (0),1,,13,"void convert_kernel<__half2, float2>(tensor_layout_any, T1 *, tensor_layout_any, const T2 *)"
6318393826,9376,165784,,,,,,,,,,0.094,9993.147,Pinned,Device,NVIDIA A100-SXM4-40GB MIG 4g.20gb (0),1,,13,[CUDA memcpy Host-to-Device]
6318924188,63200,165785,,,,,,,,,,35.810,566584.554,Device,,NVIDIA A100-SXM4-40GB MIG 4g.20gb (0),1,,13,[CUDA memset]
6318993980,2048,165787,,,,,,,,,,0.000,39.062,Pinned,Device,NVIDIA A100-SXM4-40GB MIG 4g.20gb (0),1,,13,[CUDA memcpy Host-to-Device]
6319002652,12863,165788,,,,,,,,,,0.197,15284.699,Pinned,Device,NVIDIA A100-SXM4-40GB MIG 4g.20gb (0),1,,13,[CUDA memcpy Host-to-Device]
6319525910,28831,165789,273,1,1,48,1,1,40,0.000,0.001,,,,,NVIDIA A100-SXM4-40GB MIG 4g.20gb (0),1,,13,"void pusch_noise_intf_est::noiseIntfEstNoDftSOfdmKernel<float, __half, float, float, (unsigned int)2, (unsigned int)1, (unsigned char)4, (unsigned char)4>(pusch_noise_intf_est::puschRxNoiseIntfEstDynDescr)"
6319877682,6720,165800,35,1,1,128,1,1,16,0.000,0.000,,,,,NVIDIA A100-SXM4-40GB MIG 4g.20gb (0),1,,13,cupy_copy__complex64_complex64
6320211374,3328,165809,1,1,1,1,1,1,18,0.000,0.000,,,,,NVIDIA A100-SXM4-40GB MIG 4g.20gb (0),1,,13,cupy_copy__float32_float32
6320222766,1600,165815,,,,,,,,,,0.000,2.500,Device,Pageable,NVIDIA A100-SXM4-40GB MIG 4g.20gb (0),1,,7,[CUDA memcpy Device-to-Host]
6320596234,16095,165826,1434,1,1,128,1,1,16,0.000,0.000,,,,,NVIDIA A100-SXM4-40GB MIG 4g.20gb (0),1,,13,cupy_copy__complex64_complex64
6320936102,5472,165833,103,1,1,128,1,1,16,0.000,0.000,,,,,NVIDIA A100-SXM4-40GB MIG 4g.20gb (0),1,,13,cupy_copy__complex64_complex64
6321244898,4416,165840,35,1,1,128,1,1,16,0.000,0.000,,,,,NVIDIA A100-SXM4-40GB MIG 4g.20gb (0),1,,13,cupy_copy__complex64_complex64
6321542111,3424,165847,1,1,1,1,1,1,18,0.000,0.000,,,,,NVIDIA A100-SXM4-40GB MIG 4g.20gb (0),1,,13,cupy_copy__float32_float32
6321844219,240030,165858,1,1,1,32,32,1,30,0.000,0.000,,,,,NVIDIA A100-SXM4-40GB MIG 4g.20gb (0),1,,13,"void convert_kernel<__half2, float2>(tensor_layout_any, T1 *, tensor_layout_any, const T2 *)"
6322114104,10912,165861,,,,,,,,,,0.094,8586.489,Pinned,Device,NVIDIA A100-SXM4-40GB MIG 4g.20gb (0),1,,13,[CUDA memcpy Host-to-Device]
6322307510,5280,165862,,,,,,,,,,1.547,292919.759,Device,,NVIDIA A100-SXM4-40GB MIG 4g.20gb (0),1,,13,[CUDA memset]
6322319606,3104,165867,,,,,,,,,,0.031,10082.445,Pinned,Device,NVIDIA A100-SXM4-40GB MIG 4g.20gb (0),1,,13,[CUDA memcpy Host-to-Device]
6322331030,12864,165868,,,,,,,,,,0.197,15283.519,Pinned,Device,NVIDIA A100-SXM4-40GB MIG 4g.20gb (0),1,,13,[CUDA memcpy Host-to-Device]
6322677810,11616,165869,273,1,1,8,4,1,39,0.002,0.000,,,,,NVIDIA A100-SXM4-40GB MIG 4g.20gb (0),1,,13,"void channel_eq::eqMmseCoefCompLowMimoKernel<float, float, float, (unsigned int)4, (unsigned int)1, (unsigned int)4>(const channel_eq::_puschRxChEqStatDescr *, channel_eq::_puschRxChEqCoefCompDynDescr)"
6323021454,10816,165870,273,1,1,12,11,1,51,0.002,0.000,,,,,NVIDIA A100-SXM4-40GB MIG 4g.20gb (0),1,,13,"void channel_eq::eqMmseSoftDemapKernel<float, __half, __half, float, (unsigned int)4, (unsigned short)16383>(channel_eq::_puschRxChEqStatDescr *, channel_eq::_puschRxChEqSoftDemapDynDescr)"
6323141133,438683,165871,1,1,1,32,32,1,30,0.000,0.000,,,,,NVIDIA A100-SXM4-40GB MIG 4g.20gb (0),1,,13,"void convert_kernel<float2, __half2>(tensor_layout_any, T1 *, tensor_layout_any, const T2 *)"
6323854277,13695,165883,2253,1,1,128,1,1,16,0.000,0.000,,,,,NVIDIA A100-SXM4-40GB MIG 4g.20gb (0),1,,13,cupy_copy__float16_float16
6324203521,8032,165892,282,1,1,128,1,1,16,0.000,0.000,,,,,NVIDIA A100-SXM4-40GB MIG 4g.20gb (0),1,,13,cupy_copy__complex64_complex64
6324605628,4576,165901,26,1,1,128,1,1,16,0.000,0.000,,,,,NVIDIA A100-SXM4-40GB MIG 4g.20gb (0),1,,13,cupy_copy__float32_float32
6325062999,9824,165910,103,1,1,128,1,1,16,0.000,0.000,,,,,NVIDIA A100-SXM4-40GB MIG 4g.20gb (0),1,,13,cupy_copy__complex64_complex64
6325549905,15232,165920,1434,1,1,128,1,1,16,0.000,0.000,,,,,NVIDIA A100-SXM4-40GB MIG 4g.20gb (0),1,,13,cupy_copy__complex64_complex64
6326044588,263485,165925,1,1,1,32,32,1,30,0.000,0.000,,,,,NVIDIA A100-SXM4-40GB MIG 4g.20gb (0),1,,13,"void convert_kernel<__half2, float2>(tensor_layout_any, T1 *, tensor_layout_any, const T2 *)"
6326340584,10400,165928,,,,,,,,,,0.094,9009.151,Pinned,Device,NVIDIA A100-SXM4-40GB MIG 4g.20gb (0),1,,13,[CUDA memcpy Host-to-Device]
6326712452,605369,165929,,,,,,,,,,456.561,753782.937,Device,,NVIDIA A100-SXM4-40GB MIG 4g.20gb (0),1,,13,[CUDA memset]
6327324157,55136,165934,,,,,,,,,,1.235,22396.944,Pinned,Device,NVIDIA A100-SXM4-40GB MIG 4g.20gb (0),1,,13,[CUDA memcpy Host-to-Device]
6327381725,10400,165935,,,,,,,,,,0.197,18904.449,Pinned,Device,NVIDIA A100-SXM4-40GB MIG 4g.20gb (0),1,,13,[CUDA memcpy Host-to-Device]
6327634586,11136,165936,69,4,1,48,1,1,76,0.002,0.000,,,,,NVIDIA A100-SXM4-40GB MIG 4g.20gb (0),1,,13,"void ch_est::windowedChEstPreNoDftSOfdmKernel<float, __half, float, (unsigned int)2, (unsigned int)1, (unsigned short)4>(ch_est::puschRxChEstStatDescr_t *, ch_est::puschRxChEstDynDescr_t *)"
6327879735,11712,165937,137,2,1,24,2,1,44,0.001,0.001,,,,,NVIDIA A100-SXM4-40GB MIG 4g.20gb (0),1,,13,"void ch_est::chEstFilterNoDftSOfdmDispatchKernel<float, __half, float, (unsigned int)2>(ch_est::puschRxChEstStatDescr_t *, ch_est::puschRxChEstDynDescr_t *)"
6328144404,12000,165938,137,2,1,24,2,1,44,0.001,0.001,,,,,NVIDIA A100-SXM4-40GB MIG 4g.20gb (0),1,,13,"void ch_est::chEstFilterNoDftSOfdmDispatchKernel<float, __half, float, (unsigned int)2>(ch_est::puschRxChEstStatDescr_t *, ch_est::puschRxChEstDynDescr_t *)"
6328375089,4480,165949,103,1,1,128,1,1,16,0.000,0.000,,,,,NVIDIA A100-SXM4-40GB MIG 4g.20gb (0),1,,13,cupy_copy__complex64_complex64
6328491568,15392,165959,1434,1,1,128,1,1,16,0.000,0.000,,,,,NVIDIA A100-SXM4-40GB MIG 4g.20gb (0),1,,13,cupy_copy__complex64_complex64
6328753837,6752,165966,103,1,1,128,1,1,16,0.000,0.000,,,,,NVIDIA A100-SXM4-40GB MIG 4g.20gb (0),1,,13,cupy_copy__complex64_complex64
6328921835,225662,165973,1,1,1,32,32,1,30,0.000,0.000,,,,,NVIDIA A100-SXM4-40GB MIG 4g.20gb (0),1,,13,"void convert_kernel<__half2, float2>(tensor_layout_any, T1 *, tensor_layout_any, const T2 *)"
6329178920,5600,165976,,,,,,,,,,0.094,16731.388,Pinned,Device,NVIDIA A100-SXM4-40GB MIG 4g.20gb (0),1,,13,[CUDA memcpy Host-to-Device]
6329494021,59871,165977,,,,,,,,,,35.810,598097.284,Device,,NVIDIA A100-SXM4-40GB MIG 4g.20gb (0),1,,13,[CUDA memset]
6329555876,1824,165979,,,,,,,,,,0.000,43.860,Pinned,Device,NVIDIA A100-SXM4-40GB MIG 4g.20gb (0),1,,13,[CUDA memcpy Host-to-Device]
6329560132,9632,165980,,,,,,,,,,0.197,20411.843,Pinned,Device,NVIDIA A100-SXM4-40GB MIG 4g.20gb (0),1,,13,[CUDA memcpy Host-to-Device]
6329668707,11840,165981,273,1,1,48,1,1,40,0.000,0.001,,,,,NVIDIA A100-SXM4-40GB MIG 4g.20gb (0),1,,13,"void pusch_noise_intf_est::noiseIntfEstNoDftSOfdmKernel<float, __half, float, float, (unsigned int)2, (unsigned int)1, (unsigned char)4, (unsigned char)4>(pusch_noise_intf_est::puschRxNoiseIntfEstDynDescr)"
6330015199,3840,165992,35,1,1,128,1,1,16,0.000,0.000,,,,,NVIDIA A100-SXM4-40GB MIG 4g.20gb (0),1,,13,cupy_copy__complex64_complex64
6330367067,3488,166001,1,1,1,1,1,1,18,0.000,0.000,,,,,NVIDIA A100-SXM4-40GB MIG 4g.20gb (0),1,,13,cupy_copy__float32_float32
6330371515,1728,166007,,,,,,,,,,0.000,2.315,Device,Pageable,NVIDIA A100-SXM4-40GB MIG 4g.20gb (0),1,,7,[CUDA memcpy Device-to-Host]
6330773494,19904,166018,1434,1,1,128,1,1,16,0.000,0.000,,,,,NVIDIA A100-SXM4-40GB MIG 4g.20gb (0),1,,13,cupy_copy__complex64_complex64
6331169106,4192,166025,103,1,1,128,1,1,16,0.000,0.000,,,,,NVIDIA A100-SXM4-40GB MIG 4g.20gb (0),1,,13,cupy_copy__complex64_complex64
6331603437,7424,166032,35,1,1,128,1,1,16,0.000,0.000,,,,,NVIDIA A100-SXM4-40GB MIG 4g.20gb (0),1,,13,cupy_copy__complex64_complex64
6332043912,3360,166039,1,1,1,1,1,1,18,0.000,0.000,,,,,NVIDIA A100-SXM4-40GB MIG 4g.20gb (0),1,,13,cupy_copy__float32_float32
6332433380,262173,166050,1,1,1,32,32,1,30,0.000,0.000,,,,,NVIDIA A100-SXM4-40GB MIG 4g.20gb (0),1,,13,"void convert_kernel<__half2, float2>(tensor_layout_any, T1 *, tensor_layout_any, const T2 *)"
6332726976,5536,166053,,,,,,,,,,0.094,16924.777,Pinned,Device,NVIDIA A100-SXM4-40GB MIG 4g.20gb (0),1,,13,[CUDA memcpy Host-to-Device]
6333082844,4928,166054,,,,,,,,,,1.547,313844.035,Device,,NVIDIA A100-SXM4-40GB MIG 4g.20gb (0),1,,13,[CUDA memset]
6333091996,3232,166059,,,,,,,,,,0.031,9683.139,Pinned,Device,NVIDIA A100-SXM4-40GB MIG 4g.20gb (0),1,,13,[CUDA memcpy Host-to-Device]
6333097660,9728,166060,,,,,,,,,,0.197,20210.516,Pinned,Device,NVIDIA A100-SXM4-40GB MIG 4g.20gb (0),1,,13,[CUDA memcpy Host-to-Device]
6333283322,14496,166061,273,1,1,8,4,1,39,0.002,0.000,,,,,NVIDIA A100-SXM4-40GB MIG 4g.20gb (0),1,,13,"void channel_eq::eqMmseCoefCompLowMimoKernel<float, float, float, (unsigned int)4, (unsigned int)1, (unsigned int)4>(const channel_eq::_puschRxChEqStatDescr *, channel_eq::_puschRxChEqCoefCompDynDescr)"
6333482456,11296,166062,273,1,1,12,11,1,51,0.002,0.000,,,,,NVIDIA A100-SXM4-40GB MIG 4g.20gb (0),1,,13,"void channel_eq::eqMmseSoftDemapKernel<float, __half, __half, float, (unsigned int)4, (unsigned short)16383>(channel_eq::_puschRxChEqStatDescr *, channel_eq::_puschRxChEqSoftDemapDynDescr)"
6333572119,672440,166063,1,1,1,32,32,1,30,0.000,0.000,,,,,NVIDIA A100-SXM4-40GB MIG 4g.20gb (0),1,,13,"void convert_kernel<float2, __half2>(tensor_layout_any, T1 *, tensor_layout_any, const T2 *)"
6334346958,15552,166075,2253,1,1,128,1,1,16,0.000,0.000,,,,,NVIDIA A100-SXM4-40GB MIG 4g.20gb (0),1,,13,cupy_copy__float16_float16
6334402253,5472,166084,282,1,1,128,1,1,16,0.000,0.000,,,,,NVIDIA A100-SXM4-40GB MIG 4g.20gb (0),1,,13,cupy_copy__complex64_complex64
6334478188,4032,166093,26,1,1,128,1,1,16,0.000,0.000,,,,,NVIDIA A100-SXM4-40GB MIG 4g.20gb (0),1,,13,cupy_copy__float32_float32
6334531724,4480,166102,103,1,1,128,1,1,16,0.000,0.000,,,,,NVIDIA A100-SXM4-40GB MIG 4g.20gb (0),1,,13,cupy_copy__complex64_complex64
6334660138,17312,166112,1434,1,1,128,1,1,16,0.000,0.000,,,,,NVIDIA A100-SXM4-40GB MIG 4g.20gb (0),1,,13,cupy_copy__complex64_complex64
6334995143,210045,166117,1,1,1,32,32,1,30,0.000,0.000,,,,,NVIDIA A100-SXM4-40GB MIG 4g.20gb (0),1,,13,"void convert_kernel<__half2, float2>(tensor_layout_any, T1 *, tensor_layout_any, const T2 *)"
6335234980,6368,166120,,,,,,,,,,0.094,14713.551,Pinned,Device,NVIDIA A100-SXM4-40GB MIG 4g.20gb (0),1,,13,[CUDA memcpy Host-to-Device]
6335412706,603193,166121,,,,,,,,,,456.561,756522.306,Device,,NVIDIA A100-SXM4-40GB MIG 4g.20gb (0),1,,13,[CUDA memset]
6336023931,57951,166126,,,,,,,,,,1.235,21308.959,Pinned,Device,NVIDIA A100-SXM4-40GB MIG 4g.20gb (0),1,,13,[CUDA memcpy Host-to-Device]
6336088186,11968,166127,,,,,,,,,,0.197,16427.778,Pinned,Device,NVIDIA A100-SXM4-40GB MIG 4g.20gb (0),1,,13,[CUDA memcpy Host-to-Device]
6336464886,10688,166128,69,4,1,48,1,1,76,0.002,0.000,,,,,NVIDIA A100-SXM4-40GB MIG 4g.20gb (0),1,,13,"void ch_est::windowedChEstPreNoDftSOfdmKernel<float, __half, float, (unsigned int)2, (unsigned int)1, (unsigned short)4>(ch_est::puschRxChEstStatDescr_t *, ch_est::puschRxChEstDynDescr_t *)"
6336878801,11584,166129,137,2,1,24,2,1,44,0.001,0.001,,,,,NVIDIA A100-SXM4-40GB MIG 4g.20gb (0),1,,13,"void ch_est::chEstFilterNoDftSOfdmDispatchKernel<float, __half, float, (unsigned int)2>(ch_est::puschRxChEstStatDescr_t *, ch_est::puschRxChEstDynDescr_t *)"
6337279149,13344,166130,137,2,1,24,2,1,44,0.001,0.001,,,,,NVIDIA A100-SXM4-40GB MIG 4g.20gb (0),1,,13,"void ch_est::chEstFilterNoDftSOfdmDispatchKernel<float, __half, float, (unsigned int)2>(ch_est::puschRxChEstStatDescr_t *, ch_est::puschRxChEstDynDescr_t *)"
6337619849,6144,166141,103,1,1,128,1,1,16,0.000,0.000,,,,,NVIDIA A100-SXM4-40GB MIG 4g.20gb (0),1,,13,cupy_copy__complex64_complex64
6337821575,15935,166151,1434,1,1,128,1,1,16,0.000,0.000,,,,,NVIDIA A100-SXM4-40GB MIG 4g.20gb (0),1,,13,cupy_copy__complex64_complex64
6338261922,3968,166158,103,1,1,128,1,1,16,0.000,0.000,,,,,NVIDIA A100-SXM4-40GB MIG 4g.20gb (0),1,,13,cupy_copy__complex64_complex64
6338655229,232381,166165,1,1,1,32,32,1,30,0.000,0.000,,,,,NVIDIA A100-SXM4-40GB MIG 4g.20gb (0),1,,13,"void convert_kernel<__half2, float2>(tensor_layout_any, T1 *, tensor_layout_any, const T2 *)"
6338917466,5536,166168,,,,,,,,,,0.094,16924.777,Pinned,Device,NVIDIA A100-SXM4-40GB MIG 4g.20gb (0),1,,13,[CUDA memcpy Host-to-Device]
6339061560,61312,166169,,,,,,,,,,35.810,584059.795,Device,,NVIDIA A100-SXM4-40GB MIG 4g.20gb (0),1,,13,[CUDA memset]
6339126680,3392,166171,,,,,,,,,,0.000,23.585,Pinned,Device,NVIDIA A100-SXM4-40GB MIG 4g.20gb (0),1,,13,[CUDA memcpy Host-to-Device]
6339136760,12544,166172,,,,,,,,,,0.197,15673.393,Pinned,Device,NVIDIA A100-SXM4-40GB MIG 4g.20gb (0),1,,13,[CUDA memcpy Host-to-Device]
6339515123,19744,166173,273,1,1,48,1,1,40,0.000,0.001,,,,,NVIDIA A100-SXM4-40GB MIG 4g.20gb (0),1,,13,"void pusch_noise_intf_est::noiseIntfEstNoDftSOfdmKernel<float, __half, float, float, (unsigned int)2, (unsigned int)1, (unsigned char)4, (unsigned char)4>(pusch_noise_intf_est::puschRxNoiseIntfEstDynDescr)"
6339657874,9888,166184,35,1,1,128,1,1,16,0.000,0.000,,,,,NVIDIA A100-SXM4-40GB MIG 4g.20gb (0),1,,13,cupy_copy__complex64_complex64
6339736785,3168,166193,1,1,1,1,1,1,18,0.000,0.000,,,,,NVIDIA A100-SXM4-40GB MIG 4g.20gb (0),1,,13,cupy_copy__float32_float32
6339744113,2048,166199,,,,,,,,,,0.000,1.953,Device,Pageable,NVIDIA A100-SXM4-40GB MIG 4g.20gb (0),1,,7,[CUDA memcpy Device-to-Host]
6339880783,15264,166210,1434,1,1,128,1,1,16,0.000,0.000,,,,,NVIDIA A100-SXM4-40GB MIG 4g.20gb (0),1,,13,cupy_copy__complex64_complex64
6340019054,4864,166217,103,1,1,128,1,1,16,0.000,0.000,,,,,NVIDIA A100-SXM4-40GB MIG 4g.20gb (0),1,,13,cupy_copy__complex64_complex64
6340073229,4800,166224,35,1,1,128,1,1,16,0.000,0.000,,,,,NVIDIA A100-SXM4-40GB MIG 4g.20gb (0),1,,13,cupy_copy__complex64_complex64
6340106829,2432,166231,1,1,1,1,1,1,18,0.000,0.000,,,,,NVIDIA A100-SXM4-40GB MIG 4g.20gb (0),1,,13,cupy_copy__float32_float32
6340160812,202334,166242,1,1,1,32,32,1,30,0.000,0.000,,,,,NVIDIA A100-SXM4-40GB MIG 4g.20gb (0),1,,13,"void convert_kernel<__half2, float2>(tensor_layout_any, T1 *, tensor_layout_any, const T2 *)"
6340391849,5504,166245,,,,,,,,,,0.094,17023.251,Pinned,Device,NVIDIA A100-SXM4-40GB MIG 4g.20gb (0),1,,13,[CUDA memcpy Host-to-Device]
6340504168,5632,166246,,,,,,,,,,1.547,274612.371,Device,,NVIDIA A100-SXM4-40GB MIG 4g.20gb (0),1,,13,[CUDA memset]
6340514184,6720,166251,,,,,,,,,,0.031,4657.126,Pinned,Device,NVIDIA A100-SXM4-40GB MIG 4g.20gb (0),1,,13,[CUDA memcpy Host-to-Device]
6340523336,9568,166252,,,,,,,,,,0.197,20548.485,Pinned,Device,NVIDIA A100-SXM4-40GB MIG 4g.20gb (0),1,,13,[CUDA memcpy Host-to-Device]
6340584519,11456,166253,273,1,1,8,4,1,39,0.002,0.000,,,,,NVIDIA A100-SXM4-40GB MIG 4g.20gb (0),1,,13,"void channel_eq::eqMmseCoefCompLowMimoKernel<float, float, float, (unsigned int)4, (unsigned int)1, (unsigned int)4>(const channel_eq::_puschRxChEqStatDescr *, channel_eq::_puschRxChEqCoefCompDynDescr)"
6340648551,9695,166254,273,1,1,12,11,1,51,0.002,0.000,,,,,NVIDIA A100-SXM4-40GB MIG 4g.20gb (0),1,,13,"void channel_eq::eqMmseSoftDemapKernel<float, __half, __half, float, (unsigned int)4, (unsigned short)16383>(channel_eq::_puschRxChEqStatDescr *, channel_eq::_puschRxChEqSoftDemapDynDescr)"
6340715878,339996,166255,1,1,1,32,32,1,30,0.000,0.000,,,,,NVIDIA A100-SXM4-40GB MIG 4g.20gb (0),1,,13,"void convert_kernel<float2, __half2>(tensor_layout_any, T1 *, tensor_layout_any, const T2 *)"
6341106721,14208,166267,2253,1,1,128,1,1,16,0.000,0.000,,,,,NVIDIA A100-SXM4-40GB MIG 4g.20gb (0),1,,13,cupy_copy__float16_float16
6341159297,4224,166276,282,1,1,128,1,1,16,0.000,0.000,,,,,NVIDIA A100-SXM4-40GB MIG 4g.20gb (0),1,,13,cupy_copy__complex64_complex64
6341241600,3776,166285,26,1,1,128,1,1,16,0.000,0.000,,,,,NVIDIA A100-SXM4-40GB MIG 4g.20gb (0),1,,13,cupy_copy__float32_float32
6341630107,5952,166294,103,1,1,128,1,1,16,0.000,0.000,,,,,NVIDIA A100-SXM4-40GB MIG 4g.20gb (0),1,,13,cupy_copy__complex64_complex64
6341675355,16096,166304,1434,1,1,128,1,1,16,0.000,0.000,,,,,NVIDIA A100-SXM4-40GB MIG 4g.20gb (0),1,,13,cupy_copy__complex64_complex64
6342076342,236862,166309,1,1,1,32,32,1,30,0.000,0.000,,,,,NVIDIA A100-SXM4-40GB MIG 4g.20gb (0),1,,13,"void convert_kernel<__half2, float2>(tensor_layout_any, T1 *, tensor_layout_any, const T2 *)"
6342343507,5728,166312,,,,,,,,,,0.094,16357.541,Pinned,Device,NVIDIA A100-SXM4-40GB MIG 4g.20gb (0),1,,13,[CUDA memcpy Host-to-Device]
6342621488,612249,166313,,,,,,,,,,456.561,745564.832,Device,,NVIDIA A100-SXM4-40GB MIG 4g.20gb (0),1,,13,[CUDA memset]
6343241001,61855,166318,,,,,,,,,,1.235,19964.105,Pinned,Device,NVIDIA A100-SXM4-40GB MIG 4g.20gb (0),1,,13,[CUDA memcpy Host-to-Device]
6343307688,13120,166319,,,,,,,,,,0.197,14985.265,Pinned,Device,NVIDIA A100-SXM4-40GB MIG 4g.20gb (0),1,,13,[CUDA memcpy Host-to-Device]
6343809699,16896,166320,69,4,1,48,1,1,76,0.002,0.000,,,,,NVIDIA A100-SXM4-40GB MIG 4g.20gb (0),1,,13,"void ch_est::windowedChEstPreNoDftSOfdmKernel<float, __half, float, (unsigned int)2, (unsigned int)1, (unsigned short)4>(ch_est::puschRxChEstStatDescr_t *, ch_est::puschRxChEstDynDescr_t *)"
6344450811,12864,166321,137,2,1,24,2,1,44,0.001,0.001,,,,,NVIDIA A100-SXM4-40GB MIG 4g.20gb (0),1,,13,"void ch_est::chEstFilterNoDftSOfdmDispatchKernel<float, __half, float, (unsigned int)2>(ch_est::puschRxChEstStatDescr_t *, ch_est::puschRxChEstDynDescr_t *)"
6345092884,16384,166322,137,2,1,24,2,1,44,0.001,0.001,,,,,NVIDIA A100-SXM4-40GB MIG 4g.20gb (0),1,,13,"void ch_est::chEstFilterNoDftSOfdmDispatchKernel<float, __half, float, (unsigned int)2>(ch_est::puschRxChEstStatDescr_t *, ch_est::puschRxChEstDynDescr_t *)"
6345615982,5792,166333,103,1,1,128,1,1,16,0.000,0.000,,,,,NVIDIA A100-SXM4-40GB MIG 4g.20gb (0),1,,13,cupy_copy__complex64_complex64
6346154664,21184,166343,1434,1,1,128,1,1,16,0.000,0.000,,,,,NVIDIA A100-SXM4-40GB MIG 4g.20gb (0),1,,13,cupy_copy__complex64_complex64
6346800833,4096,166350,103,1,1,128,1,1,16,0.000,0.000,,,,,NVIDIA A100-SXM4-40GB MIG 4g.20gb (0),1,,13,cupy_copy__complex64_complex64
6347425114,287197,166357,1,1,1,32,32,1,30,0.000,0.000,,,,,NVIDIA A100-SXM4-40GB MIG 4g.20gb (0),1,,13,"void convert_kernel<__half2, float2>(tensor_layout_any, T1 *, tensor_layout_any, const T2 *)"
6347747958,5824,166360,,,,,,,,,,0.094,16087.884,Pinned,Device,NVIDIA A100-SXM4-40GB MIG 4g.20gb (0),1,,13,[CUDA memcpy Host-to-Device]
6347970900,49375,166361,,,,,,,,,,35.810,725258.310,Device,,NVIDIA A100-SXM4-40GB MIG 4g.20gb (0),1,,13,[CUDA memset]
6348027443,2560,166363,,,,,,,,,,0.000,31.250,Pinned,Device,NVIDIA A100-SXM4-40GB MIG 4g.20gb (0),1,,13,[CUDA memcpy Host-to-Device]
6348036403,10016,166364,,,,,,,,,,0.197,19629.343,Pinned,Device,NVIDIA A100-SXM4-40GB MIG 4g.20gb (0),1,,13,[CUDA memcpy Host-to-Device]
6348287408,18592,166365,273,1,1,48,1,1,40,0.000,0.001,,,,,NVIDIA A100-SXM4-40GB MIG 4g.20gb (0),1,,13,"void pusch_noise_intf_est::noiseIntfEstNoDftSOfdmKernel<float, __half, float, float, (unsigned int)2, (unsigned int)1, (unsigned char)4, (unsigned char)4>(pusch_noise_intf_est::puschRxNoiseIntfEstDynDescr)"
6348550957,5792,166376,35,1,1,128,1,1,16,0.000,0.000,,,,,NVIDIA A100-SXM4-40GB MIG 4g.20gb (0),1,,13,cupy_copy__complex64_complex64
6348695147,3392,166385,1,1,1,1,1,1,18,0.000,0.000,,,,,NVIDIA A100-SXM4-40GB MIG 4g.20gb (0),1,,13,cupy_copy__float32_float32
6348699883,1760,166391,,,,,,,,,,0.000,2.273,Device,Pageable,NVIDIA A100-SXM4-40GB MIG 4g.20gb (0),1,,7,[CUDA memcpy Device-to-Host]
6348792842,14656,166402,1434,1,1,128,1,1,16,0.000,0.000,,,,,NVIDIA A100-SXM4-40GB MIG 4g.20gb (0),1,,13,cupy_copy__complex64_complex64
6348833482,4128,166409,103,1,1,128,1,1,16,0.000,0.000,,,,,NVIDIA A100-SXM4-40GB MIG 4g.20gb (0),1,,13,cupy_copy__complex64_complex64
6348860586,4960,166416,35,1,1,128,1,1,16,0.000,0.000,,,,,NVIDIA A100-SXM4-40GB MIG 4g.20gb (0),1,,13,cupy_copy__complex64_complex64
6348888265,2688,166423,1,1,1,1,1,1,18,0.000,0.000,,,,,NVIDIA A100-SXM4-40GB MIG 4g.20gb (0),1,,13,cupy_copy__float32_float32
6348989864,107487,166434,1,1,1,32,32,1,30,0.000,0.000,,,,,NVIDIA A100-SXM4-40GB MIG 4g.20gb (0),1,,13,"void convert_kernel<__half2, float2>(tensor_layout_any, T1 *, tensor_layout_any, const T2 *)"
6349126695,5471,166437,,,,,,,,,,0.094,17125.849,Pinned,Device,NVIDIA A100-SXM4-40GB MIG 4g.20gb (0),1,,13,[CUDA memcpy Host-to-Device]
6349159622,5440,166438,,,,,,,,,,1.547,284305.064,Device,,NVIDIA A100-SXM4-40GB MIG 4g.20gb (0),1,,13,[CUDA memset]
6349170982,3488,166443,,,,,,,,,,0.031,8972.469,Pinned,Device,NVIDIA A100-SXM4-40GB MIG 4g.20gb (0),1,,13,[CUDA memcpy Host-to-Device]
6349180006,9952,166444,,,,,,,,,,0.197,19755.565,Pinned,Device,NVIDIA A100-SXM4-40GB MIG 4g.20gb (0),1,,13,[CUDA memcpy Host-to-Device]
6349218918,8799,166445,273,1,1,8,4,1,39,0.002,0.000,,,,,NVIDIA A100-SXM4-40GB MIG 4g.20gb (0),1,,13,"void channel_eq::eqMmseCoefCompLowMimoKernel<float, float, float, (unsigned int)4, (unsigned int)1, (unsigned int)4>(const channel_eq::_puschRxChEqStatDescr *, channel_eq::_puschRxChEqCoefCompDynDescr)"
6349246661,9120,166446,273,1,1,12,11,1,51,0.002,0.000,,,,,NVIDIA A100-SXM4-40GB MIG 4g.20gb (0),1,,13,"void channel_eq::eqMmseSoftDemapKernel<float, __half, __half, float, (unsigned int)4, (unsigned short)16383>(channel_eq::_puschRxChEqStatDescr *, channel_eq::_puschRxChEqSoftDemapDynDescr)"
6349277829,526170,166447,1,1,1,32,32,1,30,0.000,0.000,,,,,NVIDIA A100-SXM4-40GB MIG 4g.20gb (0),1,,13,"void convert_kernel<float2, __half2>(tensor_layout_any, T1 *, tensor_layout_any, const T2 *)"
6349921310,16543,166459,2253,1,1,128,1,1,16,0.000,0.000,,,,,NVIDIA A100-SXM4-40GB MIG 4g.20gb (0),1,,13,cupy_copy__float16_float16
6350379992,5952,166468,282,1,1,128,1,1,16,0.000,0.000,,,,,NVIDIA A100-SXM4-40GB MIG 4g.20gb (0),1,,13,cupy_copy__complex64_complex64
6350515159,3776,166477,26,1,1,128,1,1,16,0.000,0.000,,,,,NVIDIA A100-SXM4-40GB MIG 4g.20gb (0),1,,13,cupy_copy__float32_float32
6351007473,5856,166486,103,1,1,128,1,1,16,0.000,0.000,,,,,NVIDIA A100-SXM4-40GB MIG 4g.20gb (0),1,,13,cupy_copy__complex64_complex64
6351418893,20863,166496,1434,1,1,128,1,1,16,0.000,0.000,,,,,NVIDIA A100-SXM4-40GB MIG 4g.20gb (0),1,,13,cupy_copy__complex64_complex64
6352006470,287997,166501,1,1,1,32,32,1,30,0.000,0.000,,,,,NVIDIA A100-SXM4-40GB MIG 4g.20gb (0),1,,13,"void convert_kernel<__half2, float2>(tensor_layout_any, T1 *, tensor_layout_any, const T2 *)"
6352324386,8352,166504,,,,,,,,,,0.094,11218.316,Pinned,Device,NVIDIA A100-SXM4-40GB MIG 4g.20gb (0),1,,13,[CUDA memcpy Host-to-Device]
6352896476,610777,166505,,,,,,,,,,456.561,747391.077,Device,,NVIDIA A100-SXM4-40GB MIG 4g.20gb (0),1,,13,[CUDA memset]
6353510485,61439,166510,,,,,,,,,,1.235,20099.949,Pinned,Device,NVIDIA A100-SXM4-40GB MIG 4g.20gb (0),1,,13,[CUDA memcpy Host-to-Device]
6353574804,11264,166511,,,,,,,,,,0.197,17454.465,Pinned,Device,NVIDIA A100-SXM4-40GB MIG 4g.20gb (0),1,,13,[CUDA memcpy Host-to-Device]
6354133902,15776,166512,69,4,1,48,1,1,76,0.002,0.000,,,,,NVIDIA A100-SXM4-40GB MIG 4g.20gb (0),1,,13,"void ch_est::windowedChEstPreNoDftSOfdmKernel<float, __half, float, (unsigned int)2, (unsigned int)1, (unsigned short)4>(ch_est::puschRxChEstStatDescr_t *, ch_est::puschRxChEstDynDescr_t *)"
6354765319,13472,166513,137,2,1,24,2,1,44,0.001,0.001,,,,,NVIDIA A100-SXM4-40GB MIG 4g.20gb (0),1,,13,"void ch_est::chEstFilterNoDftSOfdmDispatchKernel<float, __half, float, (unsigned int)2>(ch_est::puschRxChEstStatDescr_t *, ch_est::puschRxChEstDynDescr_t *)"
6355395232,11071,166514,137,2,1,24,2,1,44,0.001,0.001,,,,,NVIDIA A100-SXM4-40GB MIG 4g.20gb (0),1,,13,"void ch_est::chEstFilterNoDftSOfdmDispatchKernel<float, __half, float, (unsigned int)2>(ch_est::puschRxChEstStatDescr_t *, ch_est::puschRxChEstDynDescr_t *)"
6356027640,4096,166525,103,1,1,128,1,1,16,0.000,0.000,,,,,NVIDIA A100-SXM4-40GB MIG 4g.20gb (0),1,,13,cupy_copy__complex64_complex64
6356173975,19072,166535,1434,1,1,128,1,1,16,0.000,0.000,,,,,NVIDIA A100-SXM4-40GB MIG 4g.20gb (0),1,,13,cupy_copy__complex64_complex64
6356340149,4256,166542,103,1,1,128,1,1,16,0.000,0.000,,,,,NVIDIA A100-SXM4-40GB MIG 4g.20gb (0),1,,13,cupy_copy__complex64_complex64
6356471763,287645,166549,1,1,1,32,32,1,30,0.000,0.000,,,,,NVIDIA A100-SXM4-40GB MIG 4g.20gb (0),1,,13,"void convert_kernel<__half2, float2>(tensor_layout_any, T1 *, tensor_layout_any, const T2 *)"
6356788464,5408,166552,,,,,,,,,,0.094,17325.421,Pinned,Device,NVIDIA A100-SXM4-40GB MIG 4g.20gb (0),1,,13,[CUDA memcpy Host-to-Device]
6356827823,49664,166553,,,,,,,,,,35.810,721032.739,Device,,NVIDIA A100-SXM4-40GB MIG 4g.20gb (0),1,,13,[CUDA memset]
6356882639,1792,166555,,,,,,,,,,0.000,44.643,Pinned,Device,NVIDIA A100-SXM4-40GB MIG 4g.20gb (0),1,,13,[CUDA memcpy Host-to-Device]
6356886895,10880,166556,,,,,,,,,,0.197,18070.438,Pinned,Device,NVIDIA A100-SXM4-40GB MIG 4g.20gb (0),1,,13,[CUDA memcpy Host-to-Device]
6356926990,14272,166557,273,1,1,48,1,1,40,0.000,0.001,,,,,NVIDIA A100-SXM4-40GB MIG 4g.20gb (0),1,,13,"void pusch_noise_intf_est::noiseIntfEstNoDftSOfdmKernel<float, __half, float, float, (unsigned int)2, (unsigned int)1, (unsigned char)4, (unsigned char)4>(pusch_noise_intf_est::puschRxNoiseIntfEstDynDescr)"
6356972078,5728,166568,35,1,1,128,1,1,16,0.000,0.000,,,,,NVIDIA A100-SXM4-40GB MIG 4g.20gb (0),1,,13,cupy_copy__complex64_complex64
6357003309,2112,166577,1,1,1,1,1,1,18,0.000,0.000,,,,,NVIDIA A100-SXM4-40GB MIG 4g.20gb (0),1,,13,cupy_copy__float32_float32
6357012621,1600,166583,,,,,,,,,,0.000,2.500,Device,Pageable,NVIDIA A100-SXM4-40GB MIG 4g.20gb (0),1,,7,[CUDA memcpy Device-to-Host]
6357100236,14624,166594,1434,1,1,128,1,1,16,0.000,0.000,,,,,NVIDIA A100-SXM4-40GB MIG 4g.20gb (0),1,,13,cupy_copy__complex64_complex64
6357140332,4512,166601,103,1,1,128,1,1,16,0.000,0.000,,,,,NVIDIA A100-SXM4-40GB MIG 4g.20gb (0),1,,13,cupy_copy__complex64_complex64
6357167244,5055,166608,35,1,1,128,1,1,16,0.000,0.000,,,,,NVIDIA A100-SXM4-40GB MIG 4g.20gb (0),1,,13,cupy_copy__complex64_complex64
6357195019,2464,166615,1,1,1,1,1,1,18,0.000,0.000,,,,,NVIDIA A100-SXM4-40GB MIG 4g.20gb (0),1,,13,cupy_copy__float32_float32
6357296522,105727,166626,1,1,1,32,32,1,30,0.000,0.000,,,,,NVIDIA A100-SXM4-40GB MIG 4g.20gb (0),1,,13,"void convert_kernel<__half2, float2>(tensor_layout_any, T1 *, tensor_layout_any, const T2 *)"
6357431049,5407,166629,,,,,,,,,,0.094,17328.607,Pinned,Device,NVIDIA A100-SXM4-40GB MIG 4g.20gb (0),1,,13,[CUDA memcpy Host-to-Device]
6357465992,5088,166630,,,,,,,,,,1.547,303973.481,Device,,NVIDIA A100-SXM4-40GB MIG 4g.20gb (0),1,,13,[CUDA memset]
6357472296,4928,166635,,,,,,,,,,0.031,6350.647,Pinned,Device,NVIDIA A100-SXM4-40GB MIG 4g.20gb (0),1,,13,[CUDA memcpy Host-to-Device]
6357480488,13408,166636,,,,,,,,,,0.197,14663.418,Pinned,Device,NVIDIA A100-SXM4-40GB MIG 4g.20gb (0),1,,13,[CUDA memcpy Host-to-Device]
6357509544,18751,166637,273,1,1,8,4,1,39,0.002,0.000,,,,,NVIDIA A100-SXM4-40GB MIG 4g.20gb (0),1,,13,"void channel_eq::eqMmseCoefCompLowMimoKernel<float, float, float, (unsigned int)4, (unsigned int)1, (unsigned int)4>(const channel_eq::_puschRxChEqStatDescr *, channel_eq::_puschRxChEqCoefCompDynDescr)"
6357591975,13824,166638,273,1,1,12,11,1,51,0.002,0.000,,,,,NVIDIA A100-SXM4-40GB MIG 4g.20gb (0),1,,13,"void channel_eq::eqMmseSoftDemapKernel<float, __half, __half, float, (unsigned int)4, (unsigned short)16383>(channel_eq::_puschRxChEqStatDescr *, channel_eq::_puschRxChEqSoftDemapDynDescr)"
6358013026,657145,166639,1,1,1,32,32,1,30,0.000,0.000,,,,,NVIDIA A100-SXM4-40GB MIG 4g.20gb (0),1,,13,"void convert_kernel<float2, __half2>(tensor_layout_any, T1 *, tensor_layout_any, const T2 *)"
6359044374,16928,166651,2253,1,1,128,1,1,16,0.000,0.000,,,,,NVIDIA A100-SXM4-40GB MIG 4g.20gb (0),1,,13,cupy_copy__float16_float16
6359558608,4480,166660,282,1,1,128,1,1,16,0.000,0.000,,,,,NVIDIA A100-SXM4-40GB MIG 4g.20gb (0),1,,13,cupy_copy__complex64_complex64
6360111050,3424,166669,26,1,1,128,1,1,16,0.000,0.000,,,,,NVIDIA A100-SXM4-40GB MIG 4g.20gb (0),1,,13,cupy_copy__float32_float32
6360655492,7232,166678,103,1,1,128,1,1,16,0.000,0.000,,,,,NVIDIA A100-SXM4-40GB MIG 4g.20gb (0),1,,13,cupy_copy__complex64_complex64
6361198622,16320,166688,1434,1,1,128,1,1,16,0.000,0.000,,,,,NVIDIA A100-SXM4-40GB MIG 4g.20gb (0),1,,13,cupy_copy__complex64_complex64
6361749400,250397,166693,1,1,1,32,32,1,30,0.000,0.000,,,,,NVIDIA A100-SXM4-40GB MIG 4g.20gb (0),1,,13,"void convert_kernel<__half2, float2>(tensor_layout_any, T1 *, tensor_layout_any, const T2 *)"
6362029524,5952,166696,,,,,,,,,,0.094,15741.865,Pinned,Device,NVIDIA A100-SXM4-40GB MIG 4g.20gb (0),1,,13,[CUDA memcpy Host-to-Device]
6362500687,611065,166697,,,,,,,,,,456.561,746934.516,Device,,NVIDIA A100-SXM4-40GB MIG 4g.20gb (0),1,,13,[CUDA memset]
6363118664,61823,166702,,,,,,,,,,1.235,19975.219,Pinned,Device,NVIDIA A100-SXM4-40GB MIG 4g.20gb (0),1,,13,[CUDA memcpy Host-to-Device]
6363187271,10304,166703,,,,,,,,,,0.197,19080.610,Pinned,Device,NVIDIA A100-SXM4-40GB MIG 4g.20gb (0),1,,13,[CUDA memcpy Host-to-Device]
6363672962,12736,166704,69,4,1,48,1,1,76,0.002,0.000,,,,,NVIDIA A100-SXM4-40GB MIG 4g.20gb (0),1,,13,"void ch_est::windowedChEstPreNoDftSOfdmKernel<float, __half, float, (unsigned int)2, (unsigned int)1, (unsigned short)4>(ch_est::puschRxChEstStatDescr_t *, ch_est::puschRxChEstDynDescr_t *)"
6363749153,9312,166705,137,2,1,24,2,1,44,0.001,0.001,,,,,NVIDIA A100-SXM4-40GB MIG 4g.20gb (0),1,,13,"void ch_est::chEstFilterNoDftSOfdmDispatchKernel<float, __half, float, (unsigned int)2>(ch_est::puschRxChEstStatDescr_t *, ch_est::puschRxChEstDynDescr_t *)"
6363935103,8608,166706,137,2,1,24,2,1,44,0.001,0.001,,,,,NVIDIA A100-SXM4-40GB MIG 4g.20gb (0),1,,13,"void ch_est::chEstFilterNoDftSOfdmDispatchKernel<float, __half, float, (unsigned int)2>(ch_est::puschRxChEstStatDescr_t *, ch_est::puschRxChEstDynDescr_t *)"
6364120829,5056,166717,103,1,1,128,1,1,16,0.000,0.000,,,,,NVIDIA A100-SXM4-40GB MIG 4g.20gb (0),1,,13,cupy_copy__complex64_complex64
6364295963,16640,166727,1434,1,1,128,1,1,16,0.000,0.000,,,,,NVIDIA A100-SXM4-40GB MIG 4g.20gb (0),1,,13,cupy_copy__complex64_complex64
6364350458,4640,166734,103,1,1,128,1,1,16,0.000,0.000,,,,,NVIDIA A100-SXM4-40GB MIG 4g.20gb (0),1,,13,cupy_copy__complex64_complex64
6364394970,107039,166741,1,1,1,32,32,1,30,0.000,0.000,,,,,NVIDIA A100-SXM4-40GB MIG 4g.20gb (0),1,,13,"void convert_kernel<__half2, float2>(tensor_layout_any, T1 *, tensor_layout_any, const T2 *)"
6364535160,5728,166744,,,,,,,,,,0.094,16357.541,Pinned,Device,NVIDIA A100-SXM4-40GB MIG 4g.20gb (0),1,,13,[CUDA memcpy Host-to-Device]
6364580536,49951,166745,,,,,,,,,,35.810,716878.788,Device,,NVIDIA A100-SXM4-40GB MIG 4g.20gb (0),1,,13,[CUDA memset]
6364638263,1824,166747,,,,,,,,,,0.000,43.860,Pinned,Device,NVIDIA A100-SXM4-40GB MIG 4g.20gb (0),1,,13,[CUDA memcpy Host-to-Device]
6364642519,10400,166748,,,,,,,,,,0.197,18904.449,Pinned,Device,NVIDIA A100-SXM4-40GB MIG 4g.20gb (0),1,,13,[CUDA memcpy Host-to-Device]
6364689878,12608,166749,273,1,1,48,1,1,40,0.000,0.001,,,,,NVIDIA A100-SXM4-40GB MIG 4g.20gb (0),1,,13,"void pusch_noise_intf_est::noiseIntfEstNoDftSOfdmKernel<float, __half, float, float, (unsigned int)2, (unsigned int)1, (unsigned char)4, (unsigned char)4>(pusch_noise_intf_est::puschRxNoiseIntfEstDynDescr)"
6364749334,6880,166760,35,1,1,128,1,1,16,0.000,0.000,,,,,NVIDIA A100-SXM4-40GB MIG 4g.20gb (0),1,,13,cupy_copy__complex64_complex64
6364792277,2080,166769,1,1,1,1,1,1,18,0.000,0.000,,,,,NVIDIA A100-SXM4-40GB MIG 4g.20gb (0),1,,13,cupy_copy__float32_float32
6364802101,1888,166775,,,,,,,,,,0.000,2.119,Device,Pageable,NVIDIA A100-SXM4-40GB MIG 4g.20gb (0),1,,7,[CUDA memcpy Device-to-Host]
6364891540,14592,166786,1434,1,1,128,1,1,16,0.000,0.000,,,,,NVIDIA A100-SXM4-40GB MIG 4g.20gb (0),1,,13,cupy_copy__complex64_complex64
6364958227,4224,166793,103,1,1,128,1,1,16,0.000,0.000,,,,,NVIDIA A100-SXM4-40GB MIG 4g.20gb (0),1,,13,cupy_copy__complex64_complex64
6364989011,6464,166800,35,1,1,128,1,1,16,0.000,0.000,,,,,NVIDIA A100-SXM4-40GB MIG 4g.20gb (0),1,,13,cupy_copy__complex64_complex64
6365031923,2015,166807,1,1,1,1,1,1,18,0.000,0.000,,,,,NVIDIA A100-SXM4-40GB MIG 4g.20gb (0),1,,13,cupy_copy__float32_float32
6365105554,191102,166818,1,1,1,32,32,1,30,0.000,0.000,,,,,NVIDIA A100-SXM4-40GB MIG 4g.20gb (0),1,,13,"void convert_kernel<__half2, float2>(tensor_layout_any, T1 *, tensor_layout_any, const T2 *)"
6365328879,5600,166821,,,,,,,,,,0.094,16731.388,Pinned,Device,NVIDIA A100-SXM4-40GB MIG 4g.20gb (0),1,,13,[CUDA memcpy Host-to-Device]
6365728459,6304,166822,,,,,,,,,,1.547,245339.418,Device,,NVIDIA A100-SXM4-40GB MIG 4g.20gb (0),1,,13,[CUDA memset]
6365737611,4031,166827,,,,,,,,,,0.031,7763.818,Pinned,Device,NVIDIA A100-SXM4-40GB MIG 4g.20gb (0),1,,13,[CUDA memcpy Host-to-Device]
6365747178,10272,166828,,,,,,,,,,0.197,19140.182,Pinned,Device,NVIDIA A100-SXM4-40GB MIG 4g.20gb (0),1,,13,[CUDA memcpy Host-to-Device]
6366185093,10528,166829,273,1,1,8,4,1,39,0.002,0.000,,,,,NVIDIA A100-SXM4-40GB MIG 4g.20gb (0),1,,13,"void channel_eq::eqMmseCoefCompLowMimoKernel<float, float, float, (unsigned int)4, (unsigned int)1, (unsigned int)4>(const channel_eq::_puschRxChEqStatDescr *, channel_eq::_puschRxChEqCoefCompDynDescr)"
6366242597,12032,166830,273,1,1,12,11,1,51,0.002,0.000,,,,,NVIDIA A100-SXM4-40GB MIG 4g.20gb (0),1,,13,"void channel_eq::eqMmseSoftDemapKernel<float, __half, __half, float, (unsigned int)4, (unsigned short)16383>(channel_eq::_puschRxChEqStatDescr *, channel_eq::_puschRxChEqSoftDemapDynDescr)"
6366687008,699800,166831,1,1,1,32,32,1,30,0.000,0.000,,,,,NVIDIA A100-SXM4-40GB MIG 4g.20gb (0),1,,13,"void convert_kernel<float2, __half2>(tensor_layout_any, T1 *, tensor_layout_any, const T2 *)"
6367903090,14528,166843,2253,1,1,128,1,1,16,0.000,0.000,,,,,NVIDIA A100-SXM4-40GB MIG 4g.20gb (0),1,,13,cupy_copy__float16_float16
6368372429,5344,166852,282,1,1,128,1,1,16,0.000,0.000,,,,,NVIDIA A100-SXM4-40GB MIG 4g.20gb (0),1,,13,cupy_copy__complex64_complex64
6368945542,4000,166861,26,1,1,128,1,1,16,0.000,0.000,,,,,NVIDIA A100-SXM4-40GB MIG 4g.20gb (0),1,,13,cupy_copy__float32_float32
6369499168,5536,166870,103,1,1,128,1,1,16,0.000,0.000,,,,,NVIDIA A100-SXM4-40GB MIG 4g.20gb (0),1,,13,cupy_copy__complex64_complex64
6370049082,16096,166880,1434,1,1,128,1,1,16,0.000,0.000,,,,,NVIDIA A100-SXM4-40GB MIG 4g.20gb (0),1,,13,cupy_copy__complex64_complex64
6370634899,259677,166885,1,1,1,32,32,1,30,0.000,0.000,,,,,NVIDIA A100-SXM4-40GB MIG 4g.20gb (0),1,,13,"void convert_kernel<__half2, float2>(tensor_layout_any, T1 *, tensor_layout_any, const T2 *)"
6370927344,6880,166888,,,,,,,,,,0.094,13618.526,Pinned,Device,NVIDIA A100-SXM4-40GB MIG 4g.20gb (0),1,,13,[CUDA memcpy Host-to-Device]
6371036367,607801,166889,,,,,,,,,,456.561,751043.569,Device,,NVIDIA A100-SXM4-40GB MIG 4g.20gb (0),1,,13,[CUDA memset]
6371648584,65375,166894,,,,,,,,,,1.235,18889.703,Pinned,Device,NVIDIA A100-SXM4-40GB MIG 4g.20gb (0),1,,13,[CUDA memcpy Host-to-Device]
6371716487,10976,166895,,,,,,,,,,0.197,17912.365,Pinned,Device,NVIDIA A100-SXM4-40GB MIG 4g.20gb (0),1,,13,[CUDA memcpy Host-to-Device]
6371828518,14175,166896,69,4,1,48,1,1,76,0.002,0.000,,,,,NVIDIA A100-SXM4-40GB MIG 4g.20gb (0),1,,13,"void ch_est::windowedChEstPreNoDftSOfdmKernel<float, __half, float, (unsigned int)2, (unsigned int)1, (unsigned short)4>(ch_est::puschRxChEstStatDescr_t *, ch_est::puschRxChEstDynDescr_t *)"
6372013891,8800,166897,137,2,1,24,2,1,44,0.001,0.001,,,,,NVIDIA A100-SXM4-40GB MIG 4g.20gb (0),1,,13,"void ch_est::chEstFilterNoDftSOfdmDispatchKernel<float, __half, float, (unsigned int)2>(ch_est::puschRxChEstStatDescr_t *, ch_est::puschRxChEstDynDescr_t *)"
6372072515,11968,166898,137,2,1,24,2,1,44,0.001,0.001,,,,,NVIDIA A100-SXM4-40GB MIG 4g.20gb (0),1,,13,"void ch_est::chEstFilterNoDftSOfdmDispatchKernel<float, __half, float, (unsigned int)2>(ch_est::puschRxChEstStatDescr_t *, ch_est::puschRxChEstDynDescr_t *)"
6372118082,4480,166909,103,1,1,128,1,1,16,0.000,0.000,,,,,NVIDIA A100-SXM4-40GB MIG 4g.20gb (0),1,,13,cupy_copy__complex64_complex64
6372160002,14336,166919,1434,1,1,128,1,1,16,0.000,0.000,,,,,NVIDIA A100-SXM4-40GB MIG 4g.20gb (0),1,,13,cupy_copy__complex64_complex64
6372216129,3200,166926,103,1,1,128,1,1,16,0.000,0.000,,,,,NVIDIA A100-SXM4-40GB MIG 4g.20gb (0),1,,13,cupy_copy__complex64_complex64
6372259297,103103,166933,1,1,1,32,32,1,30,0.000,0.000,,,,,NVIDIA A100-SXM4-40GB MIG 4g.20gb (0),1,,13,"void convert_kernel<__half2, float2>(tensor_layout_any, T1 *, tensor_layout_any, const T2 *)"
6372392159,5568,166936,,,,,,,,,,0.094,16827.521,Pinned,Device,NVIDIA A100-SXM4-40GB MIG 4g.20gb (0),1,,13,[CUDA memcpy Host-to-Device]
6372429599,48927,166937,,,,,,,,,,35.810,731883.145,Device,,NVIDIA A100-SXM4-40GB MIG 4g.20gb (0),1,,13,[CUDA memset]
6372485086,1824,166939,,,,,,,,,,0.000,43.860,Pinned,Device,NVIDIA A100-SXM4-40GB MIG 4g.20gb (0),1,,13,[CUDA memcpy Host-to-Device]
6372489566,9920,166940,,,,,,,,,,0.197,19819.266,Pinned,Device,NVIDIA A100-SXM4-40GB MIG 4g.20gb (0),1,,13,[CUDA memcpy Host-to-Device]
6372541917,11904,166941,273,1,1,48,1,1,40,0.000,0.001,,,,,NVIDIA A100-SXM4-40GB MIG 4g.20gb (0),1,,13,"void pusch_noise_intf_est::noiseIntfEstNoDftSOfdmKernel<float, __half, float, float, (unsigned int)2, (unsigned int)1, (unsigned char)4, (unsigned char)4>(pusch_noise_intf_est::puschRxNoiseIntfEstDynDescr)"
6372600829,6752,166952,35,1,1,128,1,1,16,0.000,0.000,,,,,NVIDIA A100-SXM4-40GB MIG 4g.20gb (0),1,,13,cupy_copy__complex64_complex64
6372643708,2144,166961,1,1,1,1,1,1,18,0.000,0.000,,,,,NVIDIA A100-SXM4-40GB MIG 4g.20gb (0),1,,13,cupy_copy__float32_float32
6372646876,1664,166967,,,,,,,,,,0.000,2.404,Device,Pageable,NVIDIA A100-SXM4-40GB MIG 4g.20gb (0),1,,7,[CUDA memcpy Device-to-Host]
6372742875,14656,166978,1434,1,1,128,1,1,16,0.000,0.000,,,,,NVIDIA A100-SXM4-40GB MIG 4g.20gb (0),1,,13,cupy_copy__complex64_complex64
6372798843,4032,166985,103,1,1,128,1,1,16,0.000,0.000,,,,,NVIDIA A100-SXM4-40GB MIG 4g.20gb (0),1,,13,cupy_copy__complex64_complex64
6372839866,5824,166992,35,1,1,128,1,1,16,0.000,0.000,,,,,NVIDIA A100-SXM4-40GB MIG 4g.20gb (0),1,,13,cupy_copy__complex64_complex64
6372882586,2240,166999,1,1,1,1,1,1,18,0.000,0.000,,,,,NVIDIA A100-SXM4-40GB MIG 4g.20gb (0),1,,13,cupy_copy__float32_float32
6372956473,182654,167010,1,1,1,32,32,1,30,0.000,0.000,,,,,NVIDIA A100-SXM4-40GB MIG 4g.20gb (0),1,,13,"void convert_kernel<__half2, float2>(tensor_layout_any, T1 *, tensor_layout_any, const T2 *)"
6373168150,5600,167013,,,,,,,,,,0.094,16731.388,Pinned,Device,NVIDIA A100-SXM4-40GB MIG 4g.20gb (0),1,,13,[CUDA memcpy Host-to-Device]
6373535570,6112,167014,,,,,,,,,,1.547,253046.246,Device,,NVIDIA A100-SXM4-40GB MIG 4g.20gb (0),1,,13,[CUDA memset]
6373550034,6592,167019,,,,,,,,,,0.031,4747.572,Pinned,Device,NVIDIA A100-SXM4-40GB MIG 4g.20gb (0),1,,13,[CUDA memcpy Host-to-Device]
6373559410,15872,167020,,,,,,,,,,0.197,12387.090,Pinned,Device,NVIDIA A100-SXM4-40GB MIG 4g.20gb (0),1,,13,[CUDA memcpy Host-to-Device]
6373938542,10336,167021,273,1,1,8,4,1,39,0.002,0.000,,,,,NVIDIA A100-SXM4-40GB MIG 4g.20gb (0),1,,13,"void channel_eq::eqMmseCoefCompLowMimoKernel<float, float, float, (unsigned int)4, (unsigned int)1, (unsigned int)4>(const channel_eq::_puschRxChEqStatDescr *, channel_eq::_puschRxChEqCoefCompDynDescr)"
6373996397,11392,167022,273,1,1,12,11,1,51,0.002,0.000,,,,,NVIDIA A100-SXM4-40GB MIG 4g.20gb (0),1,,13,"void channel_eq::eqMmseSoftDemapKernel<float, __half, __half, float, (unsigned int)4, (unsigned short)16383>(channel_eq::_puschRxChEqStatDescr *, channel_eq::_puschRxChEqSoftDemapDynDescr)"
6374396329,591001,167023,1,1,1,32,32,1,30,0.000,0.000,,,,,NVIDIA A100-SXM4-40GB MIG 4g.20gb (0),1,,13,"void convert_kernel<float2, __half2>(tensor_layout_any, T1 *, tensor_layout_any, const T2 *)"
6375346846,22655,167035,2253,1,1,128,1,1,16,0.000,0.000,,,,,NVIDIA A100-SXM4-40GB MIG 4g.20gb (0),1,,13,cupy_copy__float16_float16
6375767769,9536,167044,282,1,1,128,1,1,16,0.000,0.000,,,,,NVIDIA A100-SXM4-40GB MIG 4g.20gb (0),1,,13,cupy_copy__complex64_complex64
6376232116,4640,167053,26,1,1,128,1,1,16,0.000,0.000,,,,,NVIDIA A100-SXM4-40GB MIG 4g.20gb (0),1,,13,cupy_copy__float32_float32
6376697966,6080,167062,103,1,1,128,1,1,16,0.000,0.000,,,,,NVIDIA A100-SXM4-40GB MIG 4g.20gb (0),1,,13,cupy_copy__complex64_complex64
6377161417,16672,167072,1434,1,1,128,1,1,16,0.000,0.000,,,,,NVIDIA A100-SXM4-40GB MIG 4g.20gb (0),1,,13,cupy_copy__complex64_complex64
6377639076,295036,167077,1,1,1,32,32,1,30,0.000,0.000,,,,,NVIDIA A100-SXM4-40GB MIG 4g.20gb (0),1,,13,"void convert_kernel<__half2, float2>(tensor_layout_any, T1 *, tensor_layout_any, const T2 *)"
6377963936,8416,167080,,,,,,,,,,0.094,11133.052,Pinned,Device,NVIDIA A100-SXM4-40GB MIG 4g.20gb (0),1,,13,[CUDA memcpy Host-to-Device]
6378087775,608185,167081,,,,,,,,,,456.561,750587.007,Device,,NVIDIA A100-SXM4-40GB MIG 4g.20gb (0),1,,13,[CUDA memset]
6378699992,61119,167086,,,,,,,,,,1.235,20204.919,Pinned,Device,NVIDIA A100-SXM4-40GB MIG 4g.20gb (0),1,,13,[CUDA memcpy Host-to-Device]
6378764759,12928,167087,,,,,,,,,,0.197,15207.825,Pinned,Device,NVIDIA A100-SXM4-40GB MIG 4g.20gb (0),1,,13,[CUDA memcpy Host-to-Device]
6378898870,10495,167088,69,4,1,48,1,1,76,0.002,0.000,,,,,NVIDIA A100-SXM4-40GB MIG 4g.20gb (0),1,,13,"void ch_est::windowedChEstPreNoDftSOfdmKernel<float, __half, float, (unsigned int)2, (unsigned int)1, (unsigned short)4>(ch_est::puschRxChEstStatDescr_t *, ch_est::puschRxChEstDynDescr_t *)"
6379036340,8992,167089,137,2,1,24,2,1,44,0.001,0.001,,,,,NVIDIA A100-SXM4-40GB MIG 4g.20gb (0),1,,13,"void ch_est::chEstFilterNoDftSOfdmDispatchKernel<float, __half, float, (unsigned int)2>(ch_est::puschRxChEstStatDescr_t *, ch_est::puschRxChEstDynDescr_t *)"
6379098579,11072,167090,137,2,1,24,2,1,44,0.001,0.001,,,,,NVIDIA A100-SXM4-40GB MIG 4g.20gb (0),1,,13,"void ch_est::chEstFilterNoDftSOfdmDispatchKernel<float, __half, float, (unsigned int)2>(ch_est::puschRxChEstStatDescr_t *, ch_est::puschRxChEstDynDescr_t *)"
6379143379,3904,167101,103,1,1,128,1,1,16,0.000,0.000,,,,,NVIDIA A100-SXM4-40GB MIG 4g.20gb (0),1,,13,cupy_copy__complex64_complex64
6379185714,15008,167111,1434,1,1,128,1,1,16,0.000,0.000,,,,,NVIDIA A100-SXM4-40GB MIG 4g.20gb (0),1,,13,cupy_copy__complex64_complex64
6379252498,4415,167118,103,1,1,128,1,1,16,0.000,0.000,,,,,NVIDIA A100-SXM4-40GB MIG 4g.20gb (0),1,,13,cupy_copy__complex64_complex64
6379285105,109983,167125,1,1,1,32,32,1,30,0.000,0.000,,,,,NVIDIA A100-SXM4-40GB MIG 4g.20gb (0),1,,13,"void convert_kernel<__half2, float2>(tensor_layout_any, T1 *, tensor_layout_any, const T2 *)"
6379424208,5888,167128,,,,,,,,,,0.094,15912.954,Pinned,Device,NVIDIA A100-SXM4-40GB MIG 4g.20gb (0),1,,13,[CUDA memcpy Host-to-Device]
6379471375,48192,167129,,,,,,,,,,35.810,743055.840,Device,,NVIDIA A100-SXM4-40GB MIG 4g.20gb (0),1,,13,[CUDA memset]
6379523214,1888,167131,,,,,,,,,,0.000,42.373,Pinned,Device,NVIDIA A100-SXM4-40GB MIG 4g.20gb (0),1,,13,[CUDA memcpy Host-to-Device]
6379527566,10208,167132,,,,,,,,,,0.197,19260.113,Pinned,Device,NVIDIA A100-SXM4-40GB MIG 4g.20gb (0),1,,13,[CUDA memcpy Host-to-Device]
6379591118,14976,167133,273,1,1,48,1,1,40,0.000,0.001,,,,,NVIDIA A100-SXM4-40GB MIG 4g.20gb (0),1,,13,"void pusch_noise_intf_est::noiseIntfEstNoDftSOfdmKernel<float, __half, float, float, (unsigned int)2, (unsigned int)1, (unsigned char)4, (unsigned char)4>(pusch_noise_intf_est::puschRxNoiseIntfEstDynDescr)"
6379630669,7680,167144,35,1,1,128,1,1,16,0.000,0.000,,,,,NVIDIA A100-SXM4-40GB MIG 4g.20gb (0),1,,13,cupy_copy__complex64_complex64
6379664269,2592,167153,1,1,1,1,1,1,18,0.000,0.000,,,,,NVIDIA A100-SXM4-40GB MIG 4g.20gb (0),1,,13,cupy_copy__float32_float32
6379672141,1856,167159,,,,,,,,,,0.000,2.155,Device,Pageable,NVIDIA A100-SXM4-40GB MIG 4g.20gb (0),1,,7,[CUDA memcpy Device-to-Host]
6379777804,14719,167170,1434,1,1,128,1,1,16,0.000,0.000,,,,,NVIDIA A100-SXM4-40GB MIG 4g.20gb (0),1,,13,cupy_copy__complex64_complex64
6379825611,4160,167177,103,1,1,128,1,1,16,0.000,0.000,,,,,NVIDIA A100-SXM4-40GB MIG 4g.20gb (0),1,,13,cupy_copy__complex64_complex64
6379867147,4704,167184,35,1,1,128,1,1,16,0.000,0.000,,,,,NVIDIA A100-SXM4-40GB MIG 4g.20gb (0),1,,13,cupy_copy__complex64_complex64
6379906698,2880,167191,1,1,1,1,1,1,18,0.000,0.000,,,,,NVIDIA A100-SXM4-40GB MIG 4g.20gb (0),1,,13,cupy_copy__float32_float32
6380049033,254045,167202,1,1,1,32,32,1,30,0.000,0.000,,,,,NVIDIA A100-SXM4-40GB MIG 4g.20gb (0),1,,13,"void convert_kernel<__half2, float2>(tensor_layout_any, T1 *, tensor_layout_any, const T2 *)"
6380335077,6016,167205,,,,,,,,,,0.094,15574.430,Pinned,Device,NVIDIA A100-SXM4-40GB MIG 4g.20gb (0),1,,13,[CUDA memcpy Host-to-Device]
6380535971,7328,167206,,,,,,,,,,1.547,211055.404,Device,,NVIDIA A100-SXM4-40GB MIG 4g.20gb (0),1,,13,[CUDA memset]
6380550723,8448,167211,,,,,,,,,,0.031,3704.539,Pinned,Device,NVIDIA A100-SXM4-40GB MIG 4g.20gb (0),1,,13,[CUDA memcpy Host-to-Device]
6380561859,12288,167212,,,,,,,,,,0.197,15999.959,Pinned,Device,NVIDIA A100-SXM4-40GB MIG 4g.20gb (0),1,,13,[CUDA memcpy Host-to-Device]
6380968830,15584,167213,273,1,1,8,4,1,39,0.002,0.000,,,,,NVIDIA A100-SXM4-40GB MIG 4g.20gb (0),1,,13,"void channel_eq::eqMmseCoefCompLowMimoKernel<float, float, float, (unsigned int)4, (unsigned int)1, (unsigned int)4>(const channel_eq::_puschRxChEqStatDescr *, channel_eq::_puschRxChEqCoefCompDynDescr)"
6381012350,10975,167214,273,1,1,12,11,1,51,0.002,0.000,,,,,NVIDIA A100-SXM4-40GB MIG 4g.20gb (0),1,,13,"void channel_eq::eqMmseSoftDemapKernel<float, __half, __half, float, (unsigned int)4, (unsigned short)16383>(channel_eq::_puschRxChEqStatDescr *, channel_eq::_puschRxChEqSoftDemapDynDescr)"
6381444057,620729,167215,1,1,1,32,32,1,30,0.000,0.000,,,,,NVIDIA A100-SXM4-40GB MIG 4g.20gb (0),1,,13,"void convert_kernel<float2, __half2>(tensor_layout_any, T1 *, tensor_layout_any, const T2 *)"
6382501645,13600,167227,2253,1,1,128,1,1,16,0.000,0.000,,,,,NVIDIA A100-SXM4-40GB MIG 4g.20gb (0),1,,13,cupy_copy__float16_float16
6383039335,8288,167236,282,1,1,128,1,1,16,0.000,0.000,,,,,NVIDIA A100-SXM4-40GB MIG 4g.20gb (0),1,,13,cupy_copy__complex64_complex64
6383231716,4992,167245,26,1,1,128,1,1,16,0.000,0.000,,,,,NVIDIA A100-SXM4-40GB MIG 4g.20gb (0),1,,13,cupy_copy__float32_float32
6383666144,13311,167254,103,1,1,128,1,1,16,0.000,0.000,,,,,NVIDIA A100-SXM4-40GB MIG 4g.20gb (0),1,,13,cupy_copy__complex64_complex64
6384214969,16128,167264,1434,1,1,128,1,1,16,0.000,0.000,,,,,NVIDIA A100-SXM4-40GB MIG 4g.20gb (0),1,,13,cupy_copy__complex64_complex64
6384781939,281501,167269,1,1,1,32,32,1,30,0.000,0.000,,,,,NVIDIA A100-SXM4-40GB MIG 4g.20gb (0),1,,13,"void convert_kernel<__half2, float2>(tensor_layout_any, T1 *, tensor_layout_any, const T2 *)"
6385096271,5408,167272,,,,,,,,,,0.094,17325.421,Pinned,Device,NVIDIA A100-SXM4-40GB MIG 4g.20gb (0),1,,13,[CUDA memcpy Host-to-Device]
6385462155,613369,167273,,,,,,,,,,456.561,744195.147,Device,,NVIDIA A100-SXM4-40GB MIG 4g.20gb (0),1,,13,[CUDA memset]
6386081188,54784,167278,,,,,,,,,,1.235,22541.433,Pinned,Device,NVIDIA A100-SXM4-40GB MIG 4g.20gb (0),1,,13,[CUDA memcpy Host-to-Device]
6386141860,10047,167279,,,,,,,,,,0.197,19568.787,Pinned,Device,NVIDIA A100-SXM4-40GB MIG 4g.20gb (0),1,,13,[CUDA memcpy Host-to-Device]
6386324481,16352,167280,69,4,1,48,1,1,76,0.002,0.000,,,,,NVIDIA A100-SXM4-40GB MIG 4g.20gb (0),1,,13,"void ch_est::windowedChEstPreNoDftSOfdmKernel<float, __half, float, (unsigned int)2, (unsigned int)1, (unsigned short)4>(ch_est::puschRxChEstStatDescr_t *, ch_est::puschRxChEstDynDescr_t *)"
6386503871,8864,167281,137,2,1,24,2,1,44,0.001,0.001,,,,,NVIDIA A100-SXM4-40GB MIG 4g.20gb (0),1,,13,"void ch_est::chEstFilterNoDftSOfdmDispatchKernel<float, __half, float, (unsigned int)2>(ch_est::puschRxChEstStatDescr_t *, ch_est::puschRxChEstDynDescr_t *)"
6386689405,10144,167282,137,2,1,24,2,1,44,0.001,0.001,,,,,NVIDIA A100-SXM4-40GB MIG 4g.20gb (0),1,,13,"void ch_est::chEstFilterNoDftSOfdmDispatchKernel<float, __half, float, (unsigned int)2>(ch_est::puschRxChEstStatDescr_t *, ch_est::puschRxChEstDynDescr_t *)"
6386750813,4352,167293,103,1,1,128,1,1,16,0.000,0.000,,,,,NVIDIA A100-SXM4-40GB MIG 4g.20gb (0),1,,13,cupy_copy__complex64_complex64
6386791388,14688,167303,1434,1,1,128,1,1,16,0.000,0.000,,,,,NVIDIA A100-SXM4-40GB MIG 4g.20gb (0),1,,13,cupy_copy__complex64_complex64
6386838972,3840,167310,103,1,1,128,1,1,16,0.000,0.000,,,,,NVIDIA A100-SXM4-40GB MIG 4g.20gb (0),1,,13,cupy_copy__complex64_complex64
6386880987,108735,167317,1,1,1,32,32,1,30,0.000,0.000,,,,,NVIDIA A100-SXM4-40GB MIG 4g.20gb (0),1,,13,"void convert_kernel<__half2, float2>(tensor_layout_any, T1 *, tensor_layout_any, const T2 *)"
6387018714,5440,167320,,,,,,,,,,0.094,17223.480,Pinned,Device,NVIDIA A100-SXM4-40GB MIG 4g.20gb (0),1,,13,[CUDA memcpy Host-to-Device]
6387067097,48768,167321,,,,,,,,,,35.810,734282.410,Device,,NVIDIA A100-SXM4-40GB MIG 4g.20gb (0),1,,13,[CUDA memset]
6387116921,5311,167323,,,,,,,,,,0.000,15.063,Pinned,Device,NVIDIA A100-SXM4-40GB MIG 4g.20gb (0),1,,13,[CUDA memcpy Host-to-Device]
6387125720,10048,167324,,,,,,,,,,0.197,19566.821,Pinned,Device,NVIDIA A100-SXM4-40GB MIG 4g.20gb (0),1,,13,[CUDA memcpy Host-to-Device]
6387172696,12384,167325,273,1,1,48,1,1,40,0.000,0.001,,,,,NVIDIA A100-SXM4-40GB MIG 4g.20gb (0),1,,13,"void pusch_noise_intf_est::noiseIntfEstNoDftSOfdmKernel<float, __half, float, float, (unsigned int)2, (unsigned int)1, (unsigned char)4, (unsigned char)4>(pusch_noise_intf_est::puschRxNoiseIntfEstDynDescr)"
6387213815,8544,167336,35,1,1,128,1,1,16,0.000,0.000,,,,,NVIDIA A100-SXM4-40GB MIG 4g.20gb (0),1,,13,cupy_copy__complex64_complex64
6387265047,2528,167345,1,1,1,1,1,1,18,0.000,0.000,,,,,NVIDIA A100-SXM4-40GB MIG 4g.20gb (0),1,,13,cupy_copy__float32_float32
6387274551,1632,167351,,,,,,,,,,0.000,2.451,Device,Pageable,NVIDIA A100-SXM4-40GB MIG 4g.20gb (0),1,,7,[CUDA memcpy Device-to-Host]
6387427637,16448,167362,1434,1,1,128,1,1,16,0.000,0.000,,,,,NVIDIA A100-SXM4-40GB MIG 4g.20gb (0),1,,13,cupy_copy__complex64_complex64
6387696210,5984,167369,103,1,1,128,1,1,16,0.000,0.000,,,,,NVIDIA A100-SXM4-40GB MIG 4g.20gb (0),1,,13,cupy_copy__complex64_complex64
6387926607,7392,167376,35,1,1,128,1,1,16,0.000,0.000,,,,,NVIDIA A100-SXM4-40GB MIG 4g.20gb (0),1,,13,cupy_copy__complex64_complex64
6387997615,2976,167383,1,1,1,1,1,1,18,0.000,0.000,,,,,NVIDIA A100-SXM4-40GB MIG 4g.20gb (0),1,,13,cupy_copy__float32_float32
6388040494,281213,167394,1,1,1,32,32,1,30,0.000,0.000,,,,,NVIDIA A100-SXM4-40GB MIG 4g.20gb (0),1,,13,"void convert_kernel<__half2, float2>(tensor_layout_any, T1 *, tensor_layout_any, const T2 *)"
6388356042,9536,167397,,,,,,,,,,0.094,9825.431,Pinned,Device,NVIDIA A100-SXM4-40GB MIG 4g.20gb (0),1,,13,[CUDA memcpy Host-to-Device]
6388593224,10560,167398,,,,,,,,,,1.547,146459.106,Device,,NVIDIA A100-SXM4-40GB MIG 4g.20gb (0),1,,13,[CUDA memset]
6388606760,3040,167403,,,,,,,,,,0.031,10294.725,Pinned,Device,NVIDIA A100-SXM4-40GB MIG 4g.20gb (0),1,,13,[CUDA memcpy Host-to-Device]
6388614472,16991,167404,,,,,,,,,,0.197,11571.167,Pinned,Device,NVIDIA A100-SXM4-40GB MIG 4g.20gb (0),1,,13,[CUDA memcpy Host-to-Device]
6388912324,27008,167405,273,1,1,8,4,1,39,0.002,0.000,,,,,NVIDIA A100-SXM4-40GB MIG 4g.20gb (0),1,,13,"void channel_eq::eqMmseCoefCompLowMimoKernel<float, float, float, (unsigned int)4, (unsigned int)1, (unsigned int)4>(const channel_eq::_puschRxChEqStatDescr *, channel_eq::_puschRxChEqCoefCompDynDescr)"
6389309952,18847,167406,273,1,1,12,11,1,51,0.002,0.000,,,,,NVIDIA A100-SXM4-40GB MIG 4g.20gb (0),1,,13,"void channel_eq::eqMmseSoftDemapKernel<float, __half, __half, float, (unsigned int)4, (unsigned short)16383>(channel_eq::_puschRxChEqStatDescr *, channel_eq::_puschRxChEqSoftDemapDynDescr)"
6389715355,714072,167407,1,1,1,32,32,1,30,0.000,0.000,,,,,NVIDIA A100-SXM4-40GB MIG 4g.20gb (0),1,,13,"void convert_kernel<float2, __half2>(tensor_layout_any, T1 *, tensor_layout_any, const T2 *)"
6390791407,17728,167419,2253,1,1,128,1,1,16,0.000,0.000,,,,,NVIDIA A100-SXM4-40GB MIG 4g.20gb (0),1,,13,cupy_copy__float16_float16
6390998253,6815,167428,282,1,1,128,1,1,16,0.000,0.000,,,,,NVIDIA A100-SXM4-40GB MIG 4g.20gb (0),1,,13,cupy_copy__complex64_complex64
6391193482,4416,167437,26,1,1,128,1,1,16,0.000,0.000,,,,,NVIDIA A100-SXM4-40GB MIG 4g.20gb (0),1,,13,cupy_copy__float32_float32
6391375944,7328,167446,103,1,1,128,1,1,16,0.000,0.000,,,,,NVIDIA A100-SXM4-40GB MIG 4g.20gb (0),1,,13,cupy_copy__complex64_complex64
6391601542,19456,167462,1434,1,1,128,1,1,16,0.000,0.000,,,,,NVIDIA A100-SXM4-40GB MIG 4g.20gb (0),1,,13,cupy_copy__complex64_complex64
6391814595,247038,167467,1,1,1,32,32,1,30,0.000,0.000,,,,,NVIDIA A100-SXM4-40GB MIG 4g.20gb (0),1,,13,"void convert_kernel<__half2, float2>(tensor_layout_any, T1 *, tensor_layout_any, const T2 *)"
6392091744,6144,167470,,,,,,,,,,0.094,15249.961,Pinned,Device,NVIDIA A100-SXM4-40GB MIG 4g.20gb (0),1,,13,[CUDA memcpy Host-to-Device]
6392143264,604601,167471,,,,,,,,,,456.561,754696.060,Device,,NVIDIA A100-SXM4-40GB MIG 4g.20gb (0),1,,13,[CUDA memset]
6392752505,57535,167476,,,,,,,,,,1.235,21463.327,Pinned,Device,NVIDIA A100-SXM4-40GB MIG 4g.20gb (0),1,,13,[CUDA memcpy Host-to-Device]
6392812728,17216,167477,,,,,,,,,,0.197,11419.976,Pinned,Device,NVIDIA A100-SXM4-40GB MIG 4g.20gb (0),1,,13,[CUDA memcpy Host-to-Device]
6392926967,13312,167478,69,4,1,48,1,1,76,0.002,0.000,,,,,NVIDIA A100-SXM4-40GB MIG 4g.20gb (0),1,,13,"void ch_est::windowedChEstPreNoDftSOfdmKernel<float, __half, float, (unsigned int)2, (unsigned int)1, (unsigned short)4>(ch_est::puschRxChEstStatDescr_t *, ch_est::puschRxChEstDynDescr_t *)"
6393126644,13792,167479,137,2,1,24,2,1,44,0.001,0.001,,,,,NVIDIA A100-SXM4-40GB MIG 4g.20gb (0),1,,13,"void ch_est::chEstFilterNoDftSOfdmDispatchKernel<float, __half, float, (unsigned int)2>(ch_est::puschRxChEstStatDescr_t *, ch_est::puschRxChEstDynDescr_t *)"
6393351378,13824,167480,137,2,1,24,2,1,44,0.001,0.001,,,,,NVIDIA A100-SXM4-40GB MIG 4g.20gb (0),1,,13,"void ch_est::chEstFilterNoDftSOfdmDispatchKernel<float, __half, float, (unsigned int)2>(ch_est::puschRxChEstStatDescr_t *, ch_est::puschRxChEstDynDescr_t *)"
6393417201,5120,167491,103,1,1,128,1,1,16,0.000,0.000,,,,,NVIDIA A100-SXM4-40GB MIG 4g.20gb (0),1,,13,cupy_copy__complex64_complex64
6393620399,15840,167501,1434,1,1,128,1,1,16,0.000,0.000,,,,,NVIDIA A100-SXM4-40GB MIG 4g.20gb (0),1,,13,cupy_copy__complex64_complex64
6393818989,20351,167508,103,1,1,128,1,1,16,0.000,0.000,,,,,NVIDIA A100-SXM4-40GB MIG 4g.20gb (0),1,,13,cupy_copy__complex64_complex64
6393894412,274205,167515,1,1,1,32,32,1,30,0.000,0.000,,,,,NVIDIA A100-SXM4-40GB MIG 4g.20gb (0),1,,13,"void convert_kernel<__half2, float2>(tensor_layout_any, T1 *, tensor_layout_any, const T2 *)"
6394201352,12864,167518,,,,,,,,,,0.094,7283.552,Pinned,Device,NVIDIA A100-SXM4-40GB MIG 4g.20gb (0),1,,13,[CUDA memcpy Host-to-Device]
6394330343,48127,167519,,,,,,,,,,35.810,744058.518,Device,,NVIDIA A100-SXM4-40GB MIG 4g.20gb (0),1,,13,[CUDA memset]
6394383334,5888,167521,,,,,,,,,,0.000,13.587,Pinned,Device,NVIDIA A100-SXM4-40GB MIG 4g.20gb (0),1,,13,[CUDA memcpy Host-to-Device]
6394395910,13728,167522,,,,,,,,,,0.197,14321.517,Pinned,Device,NVIDIA A100-SXM4-40GB MIG 4g.20gb (0),1,,13,[CUDA memcpy Host-to-Device]
6394597828,41759,167523,273,1,1,48,1,1,40,0.000,0.001,,,,,NVIDIA A100-SXM4-40GB MIG 4g.20gb (0),1,,13,"void pusch_noise_intf_est::noiseIntfEstNoDftSOfdmKernel<float, __half, float, float, (unsigned int)2, (unsigned int)1, (unsigned char)4, (unsigned char)4>(pusch_noise_intf_est::puschRxNoiseIntfEstDynDescr)"
6394874305,4224,167534,35,1,1,128,1,1,16,0.000,0.000,,,,,NVIDIA A100-SXM4-40GB MIG 4g.20gb (0),1,,13,cupy_copy__complex64_complex64
6395176509,3520,167543,1,1,1,1,1,1,18,0.000,0.000,,,,,NVIDIA A100-SXM4-40GB MIG 4g.20gb (0),1,,13,cupy_copy__float32_float32
6395180765,1600,167549,,,,,,,,,,0.000,2.500,Device,Pageable,NVIDIA A100-SXM4-40GB MIG 4g.20gb (0),1,,7,[CUDA memcpy Device-to-Host]
6395513273,16800,167560,1434,1,1,128,1,1,16,0.000,0.000,,,,,NVIDIA A100-SXM4-40GB MIG 4g.20gb (0),1,,13,cupy_copy__complex64_complex64
6395667608,4192,167567,103,1,1,128,1,1,16,0.000,0.000,,,,,NVIDIA A100-SXM4-40GB MIG 4g.20gb (0),1,,13,cupy_copy__complex64_complex64
6395794742,10272,167574,35,1,1,128,1,1,16,0.000,0.000,,,,,NVIDIA A100-SXM4-40GB MIG 4g.20gb (0),1,,13,cupy_copy__complex64_complex64
6395943957,4032,167581,1,1,1,1,1,1,18,0.000,0.000,,,,,NVIDIA A100-SXM4-40GB MIG 4g.20gb (0),1,,13,cupy_copy__float32_float32
6396067571,269021,167592,1,1,1,32,32,1,30,0.000,0.000,,,,,NVIDIA A100-SXM4-40GB MIG 4g.20gb (0),1,,13,"void convert_kernel<__half2, float2>(tensor_layout_any, T1 *, tensor_layout_any, const T2 *)"
6396367472,7200,167595,,,,,,,,,,0.094,13013.250,Pinned,Device,NVIDIA A100-SXM4-40GB MIG 4g.20gb (0),1,,13,[CUDA memcpy Host-to-Device]
6396455119,6496,167596,,,,,,,,,,1.547,238087.299,Device,,NVIDIA A100-SXM4-40GB MIG 4g.20gb (0),1,,13,[CUDA memset]
6396463023,3200,167601,,,,,,,,,,0.031,9780.000,Pinned,Device,NVIDIA A100-SXM4-40GB MIG 4g.20gb (0),1,,13,[CUDA memcpy Host-to-Device]
6396468847,10112,167602,,,,,,,,,,0.197,19442.958,Pinned,Device,NVIDIA A100-SXM4-40GB MIG 4g.20gb (0),1,,13,[CUDA memcpy Host-to-Device]
6396597133,9472,167603,273,1,1,8,4,1,39,0.002,0.000,,,,,NVIDIA A100-SXM4-40GB MIG 4g.20gb (0),1,,13,"void channel_eq::eqMmseCoefCompLowMimoKernel<float, float, float, (unsigned int)4, (unsigned int)1, (unsigned int)4>(const channel_eq::_puschRxChEqStatDescr *, channel_eq::_puschRxChEqCoefCompDynDescr)"
6396747083,10592,167604,273,1,1,12,11,1,51,0.002,0.000,,,,,NVIDIA A100-SXM4-40GB MIG 4g.20gb (0),1,,13,"void channel_eq::eqMmseSoftDemapKernel<float, __half, __half, float, (unsigned int)4, (unsigned short)16383>(channel_eq::_puschRxChEqStatDescr *, channel_eq::_puschRxChEqSoftDemapDynDescr)"
6396813707,335676,167605,1,1,1,32,32,1,30,0.000,0.000,,,,,NVIDIA A100-SXM4-40GB MIG 4g.20gb (0),1,,13,"void convert_kernel<float2, __half2>(tensor_layout_any, T1 *, tensor_layout_any, const T2 *)"
6397189862,13120,167617,2253,1,1,128,1,1,16,0.000,0.000,,,,,NVIDIA A100-SXM4-40GB MIG 4g.20gb (0),1,,13,cupy_copy__float16_float16
6397239814,4608,167626,282,1,1,128,1,1,16,0.000,0.000,,,,,NVIDIA A100-SXM4-40GB MIG 4g.20gb (0),1,,13,cupy_copy__complex64_complex64
6397282309,3264,167635,26,1,1,128,1,1,16,0.000,0.000,,,,,NVIDIA A100-SXM4-40GB MIG 4g.20gb (0),1,,13,cupy_copy__float32_float32
6397312581,7456,167644,103,1,1,128,1,1,16,0.000,0.000,,,,,NVIDIA A100-SXM4-40GB MIG 4g.20gb (0),1,,13,cupy_copy__complex64_complex64
6397355973,14431,167654,1434,1,1,128,1,1,16,0.000,0.000,,,,,NVIDIA A100-SXM4-40GB MIG 4g.20gb (0),1,,13,cupy_copy__complex64_complex64
6397406308,108351,167659,1,1,1,32,32,1,30,0.000,0.000,,,,,NVIDIA A100-SXM4-40GB MIG 4g.20gb (0),1,,13,"void convert_kernel<__half2, float2>(tensor_layout_any, T1 *, tensor_layout_any, const T2 *)"
6397544514,5696,167662,,,,,,,,,,0.094,16449.363,Pinned,Device,NVIDIA A100-SXM4-40GB MIG 4g.20gb (0),1,,13,[CUDA memcpy Host-to-Device]
6397592930,610905,167663,,,,,,,,,,456.561,746934.516,Device,,NVIDIA A100-SXM4-40GB MIG 4g.20gb (0),1,,13,[CUDA memset]
6398205019,61375,167668,,,,,,,,,,1.235,20120.943,Pinned,Device,NVIDIA A100-SXM4-40GB MIG 4g.20gb (0),1,,13,[CUDA memcpy Host-to-Device]
6398268858,10176,167669,,,,,,,,,,0.197,19320.668,Pinned,Device,NVIDIA A100-SXM4-40GB MIG 4g.20gb (0),1,,13,[CUDA memcpy Host-to-Device]
6398335130,11807,167670,69,4,1,48,1,1,76,0.002,0.000,,,,,NVIDIA A100-SXM4-40GB MIG 4g.20gb (0),1,,13,"void ch_est::windowedChEstPreNoDftSOfdmKernel<float, __half, float, (unsigned int)2, (unsigned int)1, (unsigned short)4>(ch_est::puschRxChEstStatDescr_t *, ch_est::puschRxChEstDynDescr_t *)"
6398396281,11456,167671,137,2,1,24,2,1,44,0.001,0.001,,,,,NVIDIA A100-SXM4-40GB MIG 4g.20gb (0),1,,13,"void ch_est::chEstFilterNoDftSOfdmDispatchKernel<float, __half, float, (unsigned int)2>(ch_est::puschRxChEstStatDescr_t *, ch_est::puschRxChEstDynDescr_t *)"
6398456792,12544,167672,137,2,1,24,2,1,44,0.001,0.001,,,,,NVIDIA A100-SXM4-40GB MIG 4g.20gb (0),1,,13,"void ch_est::chEstFilterNoDftSOfdmDispatchKernel<float, __half, float, (unsigned int)2>(ch_est::puschRxChEstStatDescr_t *, ch_est::puschRxChEstDynDescr_t *)"
6398517239,4416,167683,103,1,1,128,1,1,16,0.000,0.000,,,,,NVIDIA A100-SXM4-40GB MIG 4g.20gb (0),1,,13,cupy_copy__complex64_complex64
6398559447,14144,167693,1434,1,1,128,1,1,16,0.000,0.000,,,,,NVIDIA A100-SXM4-40GB MIG 4g.20gb (0),1,,13,cupy_copy__complex64_complex64
6398598391,3775,167700,103,1,1,128,1,1,16,0.000,0.000,,,,,NVIDIA A100-SXM4-40GB MIG 4g.20gb (0),1,,13,cupy_copy__complex64_complex64
6398633174,110367,167707,1,1,1,32,32,1,30,0.000,0.000,,,,,NVIDIA A100-SXM4-40GB MIG 4g.20gb (0),1,,13,"void convert_kernel<__half2, float2>(tensor_layout_any, T1 *, tensor_layout_any, const T2 *)"
6398772501,5503,167710,,,,,,,,,,0.094,17026.343,Pinned,Device,NVIDIA A100-SXM4-40GB MIG 4g.20gb (0),1,,13,[CUDA memcpy Host-to-Device]
6398808884,48992,167711,,,,,,,,,,35.810,730916.277,Device,,NVIDIA A100-SXM4-40GB MIG 4g.20gb (0),1,,13,[CUDA memset]
6398865812,2303,167713,,,,,,,,,,0.000,34.737,Pinned,Device,NVIDIA A100-SXM4-40GB MIG 4g.20gb (0),1,,13,[CUDA memcpy Host-to-Device]
6398874035,9952,167714,,,,,,,,,,0.197,19755.565,Pinned,Device,NVIDIA A100-SXM4-40GB MIG 4g.20gb (0),1,,13,[CUDA memcpy Host-to-Device]
6398918291,12448,167715,273,1,1,48,1,1,40,0.000,0.001,,,,,NVIDIA A100-SXM4-40GB MIG 4g.20gb (0),1,,13,"void pusch_noise_intf_est::noiseIntfEstNoDftSOfdmKernel<float, __half, float, float, (unsigned int)2, (unsigned int)1, (unsigned char)4, (unsigned char)4>(pusch_noise_intf_est::puschRxNoiseIntfEstDynDescr)"
6398968146,6304,167726,35,1,1,128,1,1,16,0.000,0.000,,,,,NVIDIA A100-SXM4-40GB MIG 4g.20gb (0),1,,13,cupy_copy__complex64_complex64
6399000338,2528,167735,1,1,1,1,1,1,18,0.000,0.000,,,,,NVIDIA A100-SXM4-40GB MIG 4g.20gb (0),1,,13,cupy_copy__float32_float32
6399009138,5472,167741,,,,,,,,,,0.000,0.731,Device,Pageable,NVIDIA A100-SXM4-40GB MIG 4g.20gb (0),1,,7,[CUDA memcpy Device-to-Host]
6399113873,14592,167752,1434,1,1,128,1,1,16,0.000,0.000,,,,,NVIDIA A100-SXM4-40GB MIG 4g.20gb (0),1,,13,cupy_copy__complex64_complex64
6399206192,4800,167759,103,1,1,128,1,1,16,0.000,0.000,,,,,NVIDIA A100-SXM4-40GB MIG 4g.20gb (0),1,,13,cupy_copy__complex64_complex64
6399258031,7552,167766,35,1,1,128,1,1,16,0.000,0.000,,,,,NVIDIA A100-SXM4-40GB MIG 4g.20gb (0),1,,13,cupy_copy__complex64_complex64
6399348494,3744,167773,1,1,1,1,1,1,18,0.000,0.000,,,,,NVIDIA A100-SXM4-40GB MIG 4g.20gb (0),1,,13,cupy_copy__float32_float32
6399451469,300316,167784,1,1,1,32,32,1,30,0.000,0.000,,,,,NVIDIA A100-SXM4-40GB MIG 4g.20gb (0),1,,13,"void convert_kernel<__half2, float2>(tensor_layout_any, T1 *, tensor_layout_any, const T2 *)"
6399783849,5824,167787,,,,,,,,,,0.094,16087.884,Pinned,Device,NVIDIA A100-SXM4-40GB MIG 4g.20gb (0),1,,13,[CUDA memcpy Host-to-Device]
6399894248,4832,167788,,,,,,,,,,1.547,320078.477,Device,,NVIDIA A100-SXM4-40GB MIG 4g.20gb (0),1,,13,[CUDA memset]
6399903368,3360,167793,,,,,,,,,,0.031,9314.284,Pinned,Device,NVIDIA A100-SXM4-40GB MIG 4g.20gb (0),1,,13,[CUDA memcpy Host-to-Device]
6399913128,10112,167794,,,,,,,,,,0.197,19442.958,Pinned,Device,NVIDIA A100-SXM4-40GB MIG 4g.20gb (0),1,,13,[CUDA memcpy Host-to-Device]
6400081766,12736,167795,273,1,1,8,4,1,39,0.002,0.000,,,,,NVIDIA A100-SXM4-40GB MIG 4g.20gb (0),1,,13,"void channel_eq::eqMmseCoefCompLowMimoKernel<float, float, float, (unsigned int)4, (unsigned int)1, (unsigned int)4>(const channel_eq::_puschRxChEqStatDescr *, channel_eq::_puschRxChEqCoefCompDynDescr)"
6400427106,9920,167796,273,1,1,12,11,1,51,0.002,0.000,,,,,NVIDIA A100-SXM4-40GB MIG 4g.20gb (0),1,,13,"void channel_eq::eqMmseSoftDemapKernel<float, __half, __half, float, (unsigned int)4, (unsigned short)16383>(channel_eq::_puschRxChEqStatDescr *, channel_eq::_puschRxChEqSoftDemapDynDescr)"
6400775486,661624,167797,1,1,1,32,32,1,30,0.000,0.000,,,,,NVIDIA A100-SXM4-40GB MIG 4g.20gb (0),1,,13,"void convert_kernel<float2, __half2>(tensor_layout_any, T1 *, tensor_layout_any, const T2 *)"
6401529589,13536,167809,2253,1,1,128,1,1,16,0.000,0.000,,,,,NVIDIA A100-SXM4-40GB MIG 4g.20gb (0),1,,13,cupy_copy__float16_float16
6401789554,5152,167818,282,1,1,128,1,1,16,0.000,0.000,,,,,NVIDIA A100-SXM4-40GB MIG 4g.20gb (0),1,,13,cupy_copy__complex64_complex64
6402024112,4192,167827,26,1,1,128,1,1,16,0.000,0.000,,,,,NVIDIA A100-SXM4-40GB MIG 4g.20gb (0),1,,13,cupy_copy__float32_float32
6402259405,5408,167836,103,1,1,128,1,1,16,0.000,0.000,,,,,NVIDIA A100-SXM4-40GB MIG 4g.20gb (0),1,,13,cupy_copy__complex64_complex64
6402496362,16128,167846,1434,1,1,128,1,1,16,0.000,0.000,,,,,NVIDIA A100-SXM4-40GB MIG 4g.20gb (0),1,,13,cupy_copy__complex64_complex64
6402557674,155358,167851,1,1,1,32,32,1,30,0.000,0.000,,,,,NVIDIA A100-SXM4-40GB MIG 4g.20gb (0),1,,13,"void convert_kernel<__half2, float2>(tensor_layout_any, T1 *, tensor_layout_any, const T2 *)"
6402744936,6080,167854,,,,,,,,,,0.094,15410.462,Pinned,Device,NVIDIA A100-SXM4-40GB MIG 4g.20gb (0),1,,13,[CUDA memcpy Host-to-Device]
6402809447,616633,167855,,,,,,,,,,456.561,740086.094,Device,,NVIDIA A100-SXM4-40GB MIG 4g.20gb (0),1,,13,[CUDA memset]
6403428576,62527,167860,,,,,,,,,,1.235,19750.459,Pinned,Device,NVIDIA A100-SXM4-40GB MIG 4g.20gb (0),1,,13,[CUDA memcpy Host-to-Device]
6403493695,14464,167861,,,,,,,,,,0.197,13592.887,Pinned,Device,NVIDIA A100-SXM4-40GB MIG 4g.20gb (0),1,,13,[CUDA memcpy Host-to-Device]
6403728604,10784,167862,69,4,1,48,1,1,76,0.002,0.000,,,,,NVIDIA A100-SXM4-40GB MIG 4g.20gb (0),1,,13,"void ch_est::windowedChEstPreNoDftSOfdmKernel<float, __half, float, (unsigned int)2, (unsigned int)1, (unsigned short)4>(ch_est::puschRxChEstStatDescr_t *, ch_est::puschRxChEstDynDescr_t *)"
6403887931,10176,167863,137,2,1,24,2,1,44,0.001,0.001,,,,,NVIDIA A100-SXM4-40GB MIG 4g.20gb (0),1,,13,"void ch_est::chEstFilterNoDftSOfdmDispatchKernel<float, __half, float, (unsigned int)2>(ch_est::puschRxChEstStatDescr_t *, ch_est::puschRxChEstDynDescr_t *)"
6403946618,12000,167864,137,2,1,24,2,1,44,0.001,0.001,,,,,NVIDIA A100-SXM4-40GB MIG 4g.20gb (0),1,,13,"void ch_est::chEstFilterNoDftSOfdmDispatchKernel<float, __half, float, (unsigned int)2>(ch_est::puschRxChEstStatDescr_t *, ch_est::puschRxChEstDynDescr_t *)"
6404105880,5568,167875,103,1,1,128,1,1,16,0.000,0.000,,,,,NVIDIA A100-SXM4-40GB MIG 4g.20gb (0),1,,13,cupy_copy__complex64_complex64
6404138392,14752,167885,1434,1,1,128,1,1,16,0.000,0.000,,,,,NVIDIA A100-SXM4-40GB MIG 4g.20gb (0),1,,13,cupy_copy__complex64_complex64
6404279574,5888,167892,103,1,1,128,1,1,16,0.000,0.000,,,,,NVIDIA A100-SXM4-40GB MIG 4g.20gb (0),1,,13,cupy_copy__complex64_complex64
6404333366,313500,167899,1,1,1,32,32,1,30,0.000,0.000,,,,,NVIDIA A100-SXM4-40GB MIG 4g.20gb (0),1,,13,"void convert_kernel<__half2, float2>(tensor_layout_any, T1 *, tensor_layout_any, const T2 *)"
6404681842,5632,167902,,,,,,,,,,0.094,16636.287,Pinned,Device,NVIDIA A100-SXM4-40GB MIG 4g.20gb (0),1,,13,[CUDA memcpy Host-to-Device]
6404795024,47776,167903,,,,,,,,,,35.810,749537.436,Device,,NVIDIA A100-SXM4-40GB MIG 4g.20gb (0),1,,13,[CUDA memset]
6404851952,2880,167905,,,,,,,,,,0.000,27.778,Pinned,Device,NVIDIA A100-SXM4-40GB MIG 4g.20gb (0),1,,13,[CUDA memcpy Host-to-Device]
6404858864,13248,167906,,,,,,,,,,0.197,14840.562,Pinned,Device,NVIDIA A100-SXM4-40GB MIG 4g.20gb (0),1,,13,[CUDA memcpy Host-to-Device]
6405005358,16128,167907,273,1,1,48,1,1,40,0.000,0.001,,,,,NVIDIA A100-SXM4-40GB MIG 4g.20gb (0),1,,13,"void pusch_noise_intf_est::noiseIntfEstNoDftSOfdmKernel<float, __half, float, float, (unsigned int)2, (unsigned int)1, (unsigned char)4, (unsigned char)4>(pusch_noise_intf_est::puschRxNoiseIntfEstDynDescr)"
6405165324,3808,167918,35,1,1,128,1,1,16,0.000,0.000,,,,,NVIDIA A100-SXM4-40GB MIG 4g.20gb (0),1,,13,cupy_copy__complex64_complex64
6405306635,3744,167927,1,1,1,1,1,1,18,0.000,0.000,,,,,NVIDIA A100-SXM4-40GB MIG 4g.20gb (0),1,,13,cupy_copy__float32_float32
6405312683,4767,167933,,,,,,,,,,0.000,0.839,Device,Pageable,NVIDIA A100-SXM4-40GB MIG 4g.20gb (0),1,,7,[CUDA memcpy Device-to-Host]
6405477641,15039,167944,1434,1,1,128,1,1,16,0.000,0.000,,,,,NVIDIA A100-SXM4-40GB MIG 4g.20gb (0),1,,13,cupy_copy__complex64_complex64
6405519080,4608,167951,103,1,1,128,1,1,16,0.000,0.000,,,,,NVIDIA A100-SXM4-40GB MIG 4g.20gb (0),1,,13,cupy_copy__complex64_complex64
6405551176,5376,167958,35,1,1,128,1,1,16,0.000,0.000,,,,,NVIDIA A100-SXM4-40GB MIG 4g.20gb (0),1,,13,cupy_copy__complex64_complex64
6405584263,2336,167965,1,1,1,1,1,1,18,0.000,0.000,,,,,NVIDIA A100-SXM4-40GB MIG 4g.20gb (0),1,,13,cupy_copy__float32_float32
6405618727,105343,167976,1,1,1,32,32,1,30,0.000,0.000,,,,,NVIDIA A100-SXM4-40GB MIG 4g.20gb (0),1,,13,"void convert_kernel<__half2, float2>(tensor_layout_any, T1 *, tensor_layout_any, const T2 *)"
6405755014,5439,167979,,,,,,,,,,0.094,17226.665,Pinned,Device,NVIDIA A100-SXM4-40GB MIG 4g.20gb (0),1,,13,[CUDA memcpy Host-to-Device]
6405794405,5280,167980,,,,,,,,,,1.547,292919.759,Device,,NVIDIA A100-SXM4-40GB MIG 4g.20gb (0),1,,13,[CUDA memset]
6405806053,6720,167985,,,,,,,,,,0.031,4657.126,Pinned,Device,NVIDIA A100-SXM4-40GB MIG 4g.20gb (0),1,,13,[CUDA memcpy Host-to-Device]
6405815301,9856,167986,,,,,,,,,,0.197,19948.044,Pinned,Device,NVIDIA A100-SXM4-40GB MIG 4g.20gb (0),1,,13,[CUDA memcpy Host-to-Device]
6405860260,10624,167987,273,1,1,8,4,1,39,0.002,0.000,,,,,NVIDIA A100-SXM4-40GB MIG 4g.20gb (0),1,,13,"void channel_eq::eqMmseCoefCompLowMimoKernel<float, float, float, (unsigned int)4, (unsigned int)1, (unsigned int)4>(const channel_eq::_puschRxChEqStatDescr *, channel_eq::_puschRxChEqCoefCompDynDescr)"
6405910340,11616,167988,273,1,1,12,11,1,51,0.002,0.000,,,,,NVIDIA A100-SXM4-40GB MIG 4g.20gb (0),1,,13,"void channel_eq::eqMmseSoftDemapKernel<float, __half, __half, float, (unsigned int)4, (unsigned short)16383>(channel_eq::_puschRxChEqStatDescr *, channel_eq::_puschRxChEqSoftDemapDynDescr)"
6405965667,330204,167989,1,1,1,32,32,1,30,0.000,0.000,,,,,NVIDIA A100-SXM4-40GB MIG 4g.20gb (0),1,,13,"void convert_kernel<float2, __half2>(tensor_layout_any, T1 *, tensor_layout_any, const T2 *)"
6406322687,12736,168001,2253,1,1,128,1,1,16,0.000,0.000,,,,,NVIDIA A100-SXM4-40GB MIG 4g.20gb (0),1,,13,cupy_copy__float16_float16
6406361375,5088,168010,282,1,1,128,1,1,16,0.000,0.000,,,,,NVIDIA A100-SXM4-40GB MIG 4g.20gb (0),1,,13,cupy_copy__complex64_complex64
6406393726,3936,168019,26,1,1,128,1,1,16,0.000,0.000,,,,,NVIDIA A100-SXM4-40GB MIG 4g.20gb (0),1,,13,cupy_copy__float32_float32
6406426142,5056,168028,103,1,1,128,1,1,16,0.000,0.000,,,,,NVIDIA A100-SXM4-40GB MIG 4g.20gb (0),1,,13,cupy_copy__complex64_complex64
6406508605,16000,168038,1434,1,1,128,1,1,16,0.000,0.000,,,,,NVIDIA A100-SXM4-40GB MIG 4g.20gb (0),1,,13,cupy_copy__complex64_complex64
6406552540,106623,168043,1,1,1,32,32,1,30,0.000,0.000,,,,,NVIDIA A100-SXM4-40GB MIG 4g.20gb (0),1,,13,"void convert_kernel<__half2, float2>(tensor_layout_any, T1 *, tensor_layout_any, const T2 *)"
6406688667,5408,168046,,,,,,,,,,0.094,17325.421,Pinned,Device,NVIDIA A100-SXM4-40GB MIG 4g.20gb (0),1,,13,[CUDA memcpy Host-to-Device]
6406729978,612762,168047,,,,,,,,,,456.561,744651.709,Device,,NVIDIA A100-SXM4-40GB MIG 4g.20gb (0),1,,13,[CUDA memset]
6407348819,59616,168052,,,,,,,,,,1.235,20714.951,Pinned,Device,NVIDIA A100-SXM4-40GB MIG 4g.20gb (0),1,,13,[CUDA memcpy Host-to-Device]
6407412179,14016,168053,,,,,,,,,,0.197,14027.391,Pinned,Device,NVIDIA A100-SXM4-40GB MIG 4g.20gb (0),1,,13,[CUDA memcpy Host-to-Device]
6407499346,8832,168054,69,4,1,48,1,1,76,0.002,0.000,,,,,NVIDIA A100-SXM4-40GB MIG 4g.20gb (0),1,,13,"void ch_est::windowedChEstPreNoDftSOfdmKernel<float, __half, float, (unsigned int)2, (unsigned int)1, (unsigned short)4>(ch_est::puschRxChEstStatDescr_t *, ch_est::puschRxChEstDynDescr_t *)"
6407622256,8800,168055,137,2,1,24,2,1,44,0.001,0.001,,,,,NVIDIA A100-SXM4-40GB MIG 4g.20gb (0),1,,13,"void ch_est::chEstFilterNoDftSOfdmDispatchKernel<float, __half, float, (unsigned int)2>(ch_est::puschRxChEstStatDescr_t *, ch_est::puschRxChEstDynDescr_t *)"
6407813582,10112,168056,137,2,1,24,2,1,44,0.001,0.001,,,,,NVIDIA A100-SXM4-40GB MIG 4g.20gb (0),1,,13,"void ch_est::chEstFilterNoDftSOfdmDispatchKernel<float, __half, float, (unsigned int)2>(ch_est::puschRxChEstStatDescr_t *, ch_est::puschRxChEstDynDescr_t *)"
6407902317,4736,168067,103,1,1,128,1,1,16,0.000,0.000,,,,,NVIDIA A100-SXM4-40GB MIG 4g.20gb (0),1,,13,cupy_copy__complex64_complex64
6408073771,14976,168077,1434,1,1,128,1,1,16,0.000,0.000,,,,,NVIDIA A100-SXM4-40GB MIG 4g.20gb (0),1,,13,cupy_copy__complex64_complex64
6408255881,5568,168084,103,1,1,128,1,1,16,0.000,0.000,,,,,NVIDIA A100-SXM4-40GB MIG 4g.20gb (0),1,,13,cupy_copy__complex64_complex64
6408413351,251230,168091,1,1,1,32,32,1,30,0.000,0.000,,,,,NVIDIA A100-SXM4-40GB MIG 4g.20gb (0),1,,13,"void convert_kernel<__half2, float2>(tensor_layout_any, T1 *, tensor_layout_any, const T2 *)"
6408694852,9120,168094,,,,,,,,,,0.094,10273.673,Pinned,Device,NVIDIA A100-SXM4-40GB MIG 4g.20gb (0),1,,13,[CUDA memcpy Host-to-Device]
6408871874,48704,168095,,,,,,,,,,35.810,735249.277,Device,,NVIDIA A100-SXM4-40GB MIG 4g.20gb (0),1,,13,[CUDA memset]
6408924386,2624,168097,,,,,,,,,,0.000,30.488,Pinned,Device,NVIDIA A100-SXM4-40GB MIG 4g.20gb (0),1,,13,[CUDA memcpy Host-to-Device]
6408933218,12863,168098,,,,,,,,,,0.197,15284.699,Pinned,Device,NVIDIA A100-SXM4-40GB MIG 4g.20gb (0),1,,13,[CUDA memcpy Host-to-Device]
6409116543,16288,168099,273,1,1,48,1,1,40,0.000,0.001,,,,,NVIDIA A100-SXM4-40GB MIG 4g.20gb (0),1,,13,"void pusch_noise_intf_est::noiseIntfEstNoDftSOfdmKernel<float, __half, float, float, (unsigned int)2, (unsigned int)1, (unsigned char)4, (unsigned char)4>(pusch_noise_intf_est::puschRxNoiseIntfEstDynDescr)"
6409315741,5248,168110,35,1,1,128,1,1,16,0.000,0.000,,,,,NVIDIA A100-SXM4-40GB MIG 4g.20gb (0),1,,13,cupy_copy__complex64_complex64
6409486139,3008,168119,1,1,1,1,1,1,18,0.000,0.000,,,,,NVIDIA A100-SXM4-40GB MIG 4g.20gb (0),1,,13,cupy_copy__float32_float32
6409492027,1600,168125,,,,,,,,,,0.000,2.500,Device,Pageable,NVIDIA A100-SXM4-40GB MIG 4g.20gb (0),1,,7,[CUDA memcpy Device-to-Host]
6409607578,16032,168136,1434,1,1,128,1,1,16,0.000,0.000,,,,,NVIDIA A100-SXM4-40GB MIG 4g.20gb (0),1,,13,cupy_copy__complex64_complex64
6409649369,3648,168143,103,1,1,128,1,1,16,0.000,0.000,,,,,NVIDIA A100-SXM4-40GB MIG 4g.20gb (0),1,,13,cupy_copy__complex64_complex64
6409703353,4640,168150,35,1,1,128,1,1,16,0.000,0.000,,,,,NVIDIA A100-SXM4-40GB MIG 4g.20gb (0),1,,13,cupy_copy__complex64_complex64
6409754808,2112,168157,1,1,1,1,1,1,18,0.000,0.000,,,,,NVIDIA A100-SXM4-40GB MIG 4g.20gb (0),1,,13,cupy_copy__float32_float32
6409789752,100063,168168,1,1,1,32,32,1,30,0.000,0.000,,,,,NVIDIA A100-SXM4-40GB MIG 4g.20gb (0),1,,13,"void convert_kernel<__half2, float2>(tensor_layout_any, T1 *, tensor_layout_any, const T2 *)"
6409918550,5440,168171,,,,,,,,,,0.094,17223.480,Pinned,Device,NVIDIA A100-SXM4-40GB MIG 4g.20gb (0),1,,13,[CUDA memcpy Host-to-Device]
6409979926,4416,168172,,,,,,,,,,1.547,350231.458,Device,,NVIDIA A100-SXM4-40GB MIG 4g.20gb (0),1,,13,[CUDA memset]
6409989302,3104,168177,,,,,,,,,,0.031,10082.445,Pinned,Device,NVIDIA A100-SXM4-40GB MIG 4g.20gb (0),1,,13,[CUDA memcpy Host-to-Device]
6409995190,10367,168178,,,,,,,,,,0.197,18964.611,Pinned,Device,NVIDIA A100-SXM4-40GB MIG 4g.20gb (0),1,,13,[CUDA memcpy Host-to-Device]
6410049621,8352,168179,273,1,1,8,4,1,39,0.002,0.000,,,,,NVIDIA A100-SXM4-40GB MIG 4g.20gb (0),1,,13,"void channel_eq::eqMmseCoefCompLowMimoKernel<float, float, float, (unsigned int)4, (unsigned int)1, (unsigned int)4>(const channel_eq::_puschRxChEqStatDescr *, channel_eq::_puschRxChEqCoefCompDynDescr)"
6410101556,10240,168180,273,1,1,12,11,1,51,0.002,0.000,,,,,NVIDIA A100-SXM4-40GB MIG 4g.20gb (0),1,,13,"void channel_eq::eqMmseSoftDemapKernel<float, __half, __half, float, (unsigned int)4, (unsigned short)16383>(channel_eq::_puschRxChEqStatDescr *, channel_eq::_puschRxChEqSoftDemapDynDescr)"
6410139380,336636,168181,1,1,1,32,32,1,30,0.000,0.000,,,,,NVIDIA A100-SXM4-40GB MIG 4g.20gb (0),1,,13,"void convert_kernel<float2, __half2>(tensor_layout_any, T1 *, tensor_layout_any, const T2 *)"
6410571311,16000,168193,2253,1,1,128,1,1,16,0.000,0.000,,,,,NVIDIA A100-SXM4-40GB MIG 4g.20gb (0),1,,13,cupy_copy__float16_float16
6410819564,4928,168202,282,1,1,128,1,1,16,0.000,0.000,,,,,NVIDIA A100-SXM4-40GB MIG 4g.20gb (0),1,,13,cupy_copy__complex64_complex64
6411093929,6144,168211,26,1,1,128,1,1,16,0.000,0.000,,,,,NVIDIA A100-SXM4-40GB MIG 4g.20gb (0),1,,13,cupy_copy__float32_float32
6411220200,8224,168220,103,1,1,128,1,1,16,0.000,0.000,,,,,NVIDIA A100-SXM4-40GB MIG 4g.20gb (0),1,,13,cupy_copy__complex64_complex64
6411495493,15295,168230,1434,1,1,128,1,1,16,0.000,0.000,,,,,NVIDIA A100-SXM4-40GB MIG 4g.20gb (0),1,,13,cupy_copy__complex64_complex64
6411841313,284988,168235,1,1,1,32,32,1,30,0.000,0.000,,,,,NVIDIA A100-SXM4-40GB MIG 4g.20gb (0),1,,13,"void convert_kernel<__half2, float2>(tensor_layout_any, T1 *, tensor_layout_any, const T2 *)"
6412159581,11040,168238,,,,,,,,,,0.094,8486.890,Pinned,Device,NVIDIA A100-SXM4-40GB MIG 4g.20gb (0),1,,13,[CUDA memcpy Host-to-Device]
6412378171,614489,168239,,,,,,,,,,456.561,742825.463,Device,,NVIDIA A100-SXM4-40GB MIG 4g.20gb (0),1,,13,[CUDA memset]
6412997524,69151,168244,,,,,,,,,,1.235,17858.525,Pinned,Device,NVIDIA A100-SXM4-40GB MIG 4g.20gb (0),1,,13,[CUDA memcpy Host-to-Device]
6413069427,13824,168245,,,,,,,,,,0.197,14222.033,Pinned,Device,NVIDIA A100-SXM4-40GB MIG 4g.20gb (0),1,,13,[CUDA memcpy Host-to-Device]
6413391247,13440,168246,69,4,1,48,1,1,76,0.002,0.000,,,,,NVIDIA A100-SXM4-40GB MIG 4g.20gb (0),1,,13,"void ch_est::windowedChEstPreNoDftSOfdmKernel<float, __half, float, (unsigned int)2, (unsigned int)1, (unsigned short)4>(ch_est::puschRxChEstStatDescr_t *, ch_est::puschRxChEstDynDescr_t *)"
6413792971,12543,168247,137,2,1,24,2,1,44,0.001,0.001,,,,,NVIDIA A100-SXM4-40GB MIG 4g.20gb (0),1,,13,"void ch_est::chEstFilterNoDftSOfdmDispatchKernel<float, __half, float, (unsigned int)2>(ch_est::puschRxChEstStatDescr_t *, ch_est::puschRxChEstDynDescr_t *)"
6414099111,9280,168248,137,2,1,24,2,1,44,0.001,0.001,,,,,NVIDIA A100-SXM4-40GB MIG 4g.20gb (0),1,,13,"void ch_est::chEstFilterNoDftSOfdmDispatchKernel<float, __half, float, (unsigned int)2>(ch_est::puschRxChEstStatDescr_t *, ch_est::puschRxChEstDynDescr_t *)"
6414272421,4704,168259,103,1,1,128,1,1,16,0.000,0.000,,,,,NVIDIA A100-SXM4-40GB MIG 4g.20gb (0),1,,13,cupy_copy__complex64_complex64
6414439107,18368,168269,1434,1,1,128,1,1,16,0.000,0.000,,,,,NVIDIA A100-SXM4-40GB MIG 4g.20gb (0),1,,13,cupy_copy__complex64_complex64
6414599777,4384,168276,103,1,1,128,1,1,16,0.000,0.000,,,,,NVIDIA A100-SXM4-40GB MIG 4g.20gb (0),1,,13,cupy_copy__complex64_complex64
6414764928,259901,168283,1,1,1,32,32,1,30,0.000,0.000,,,,,NVIDIA A100-SXM4-40GB MIG 4g.20gb (0),1,,13,"void convert_kernel<__half2, float2>(tensor_layout_any, T1 *, tensor_layout_any, const T2 *)"
6415053372,6496,168286,,,,,,,,,,0.094,14423.562,Pinned,Device,NVIDIA A100-SXM4-40GB MIG 4g.20gb (0),1,,13,[CUDA memcpy Host-to-Device]
6415229210,48832,168287,,,,,,,,,,35.810,733315.542,Device,,NVIDIA A100-SXM4-40GB MIG 4g.20gb (0),1,,13,[CUDA memset]
6415279962,4064,168289,,,,,,,,,,0.000,19.685,Pinned,Device,NVIDIA A100-SXM4-40GB MIG 4g.20gb (0),1,,13,[CUDA memcpy Host-to-Device]
6415286522,12255,168290,,,,,,,,,,0.197,16043.016,Pinned,Device,NVIDIA A100-SXM4-40GB MIG 4g.20gb (0),1,,13,[CUDA memcpy Host-to-Device]
6415375641,15807,168291,273,1,1,48,1,1,40,0.000,0.001,,,,,NVIDIA A100-SXM4-40GB MIG 4g.20gb (0),1,,13,"void pusch_noise_intf_est::noiseIntfEstNoDftSOfdmKernel<float, __half, float, float, (unsigned int)2, (unsigned int)1, (unsigned char)4, (unsigned char)4>(pusch_noise_intf_est::puschRxNoiseIntfEstDynDescr)"
6415462648,6688,168302,35,1,1,128,1,1,16,0.000,0.000,,,,,NVIDIA A100-SXM4-40GB MIG 4g.20gb (0),1,,13,cupy_copy__complex64_complex64
6415531095,2112,168311,1,1,1,1,1,1,18,0.000,0.000,,,,,NVIDIA A100-SXM4-40GB MIG 4g.20gb (0),1,,13,cupy_copy__float32_float32
6415540727,1856,168317,,,,,,,,,,0.000,2.155,Device,Pageable,NVIDIA A100-SXM4-40GB MIG 4g.20gb (0),1,,7,[CUDA memcpy Device-to-Host]
6415660373,17440,168328,1434,1,1,128,1,1,16,0.000,0.000,,,,,NVIDIA A100-SXM4-40GB MIG 4g.20gb (0),1,,13,cupy_copy__complex64_complex64
6415720373,4576,168335,103,1,1,128,1,1,16,0.000,0.000,,,,,NVIDIA A100-SXM4-40GB MIG 4g.20gb (0),1,,13,cupy_copy__complex64_complex64
6415788244,5344,168342,35,1,1,128,1,1,16,0.000,0.000,,,,,NVIDIA A100-SXM4-40GB MIG 4g.20gb (0),1,,13,cupy_copy__complex64_complex64
6415855859,2048,168349,1,1,1,1,1,1,18,0.000,0.000,,,,,NVIDIA A100-SXM4-40GB MIG 4g.20gb (0),1,,13,cupy_copy__float32_float32
6415917938,107999,168360,1,1,1,32,32,1,30,0.000,0.000,,,,,NVIDIA A100-SXM4-40GB MIG 4g.20gb (0),1,,13,"void convert_kernel<__half2, float2>(tensor_layout_any, T1 *, tensor_layout_any, const T2 *)"
6416058065,6048,168363,,,,,,,,,,0.094,15491.978,Pinned,Device,NVIDIA A100-SXM4-40GB MIG 4g.20gb (0),1,,13,[CUDA memcpy Host-to-Device]
6416135152,6144,168364,,,,,,,,,,1.547,251728.522,Device,,NVIDIA A100-SXM4-40GB MIG 4g.20gb (0),1,,13,[CUDA memset]
6416149680,3040,168369,,,,,,,,,,0.031,10294.725,Pinned,Device,NVIDIA A100-SXM4-40GB MIG 4g.20gb (0),1,,13,[CUDA memcpy Host-to-Device]
6416155216,9536,168370,,,,,,,,,,0.197,20617.298,Pinned,Device,NVIDIA A100-SXM4-40GB MIG 4g.20gb (0),1,,13,[CUDA memcpy Host-to-Device]
6416275758,10080,168371,273,1,1,8,4,1,39,0.002,0.000,,,,,NVIDIA A100-SXM4-40GB MIG 4g.20gb (0),1,,13,"void channel_eq::eqMmseCoefCompLowMimoKernel<float, float, float, (unsigned int)4, (unsigned int)1, (unsigned int)4>(const channel_eq::_puschRxChEqStatDescr *, channel_eq::_puschRxChEqCoefCompDynDescr)"
6416465004,10528,168372,273,1,1,12,11,1,51,0.002,0.000,,,,,NVIDIA A100-SXM4-40GB MIG 4g.20gb (0),1,,13,"void channel_eq::eqMmseSoftDemapKernel<float, __half, __half, float, (unsigned int)4, (unsigned short)16383>(channel_eq::_puschRxChEqStatDescr *, channel_eq::_puschRxChEqSoftDemapDynDescr)"
6416665546,701592,168373,1,1,1,32,32,1,30,0.000,0.000,,,,,NVIDIA A100-SXM4-40GB MIG 4g.20gb (0),1,,13,"void convert_kernel<float2, __half2>(tensor_layout_any, T1 *, tensor_layout_any, const T2 *)"
6417672959,13567,168385,2253,1,1,128,1,1,16,0.000,0.000,,,,,NVIDIA A100-SXM4-40GB MIG 4g.20gb (0),1,,13,cupy_copy__float16_float16
6417884060,4768,168394,282,1,1,128,1,1,16,0.000,0.000,,,,,NVIDIA A100-SXM4-40GB MIG 4g.20gb (0),1,,13,cupy_copy__complex64_complex64
6418172825,4384,168403,26,1,1,128,1,1,16,0.000,0.000,,,,,NVIDIA A100-SXM4-40GB MIG 4g.20gb (0),1,,13,cupy_copy__float32_float32
6418500213,7072,168412,103,1,1,128,1,1,16,0.000,0.000,,,,,NVIDIA A100-SXM4-40GB MIG 4g.20gb (0),1,,13,cupy_copy__complex64_complex64
6418809394,16128,168422,1434,1,1,128,1,1,16,0.000,0.000,,,,,NVIDIA A100-SXM4-40GB MIG 4g.20gb (0),1,,13,cupy_copy__complex64_complex64
6419122990,257533,168427,1,1,1,32,32,1,30,0.000,0.000,,,,,NVIDIA A100-SXM4-40GB MIG 4g.20gb (0),1,,13,"void convert_kernel<__half2, float2>(tensor_layout_any, T1 *, tensor_layout_any, const T2 *)"
6419412939,7040,168430,,,,,,,,,,0.094,13309.048,Pinned,Device,NVIDIA A100-SXM4-40GB MIG 4g.20gb (0),1,,13,[CUDA memcpy Host-to-Device]
6419608969,617753,168431,,,,,,,,,,456.561,738716.410,Device,,NVIDIA A100-SXM4-40GB MIG 4g.20gb (0),1,,13,[CUDA memset]
6420232226,66335,168436,,,,,,,,,,1.235,18615.546,Pinned,Device,NVIDIA A100-SXM4-40GB MIG 4g.20gb (0),1,,13,[CUDA memcpy Host-to-Device]
6420301857,13664,168437,,,,,,,,,,0.197,14388.756,Pinned,Device,NVIDIA A100-SXM4-40GB MIG 4g.20gb (0),1,,13,[CUDA memcpy Host-to-Device]
6420439167,10784,168438,69,4,1,48,1,1,76,0.002,0.000,,,,,NVIDIA A100-SXM4-40GB MIG 4g.20gb (0),1,,13,"void ch_est::windowedChEstPreNoDftSOfdmKernel<float, __half, float, (unsigned int)2, (unsigned int)1, (unsigned short)4>(ch_est::puschRxChEstStatDescr_t *, ch_est::puschRxChEstDynDescr_t *)"
6420628701,10912,168439,137,2,1,24,2,1,44,0.001,0.001,,,,,NVIDIA A100-SXM4-40GB MIG 4g.20gb (0),1,,13,"void ch_est::chEstFilterNoDftSOfdmDispatchKernel<float, __half, float, (unsigned int)2>(ch_est::puschRxChEstStatDescr_t *, ch_est::puschRxChEstDynDescr_t *)"
6420715420,11296,168440,137,2,1,24,2,1,44,0.001,0.001,,,,,NVIDIA A100-SXM4-40GB MIG 4g.20gb (0),1,,13,"void ch_est::chEstFilterNoDftSOfdmDispatchKernel<float, __half, float, (unsigned int)2>(ch_est::puschRxChEstStatDescr_t *, ch_est::puschRxChEstDynDescr_t *)"
6420801339,5024,168451,103,1,1,128,1,1,16,0.000,0.000,,,,,NVIDIA A100-SXM4-40GB MIG 4g.20gb (0),1,,13,cupy_copy__complex64_complex64
6420869882,13824,168461,1434,1,1,128,1,1,16,0.000,0.000,,,,,NVIDIA A100-SXM4-40GB MIG 4g.20gb (0),1,,13,cupy_copy__complex64_complex64
6420945210,3360,168468,103,1,1,128,1,1,16,0.000,0.000,,,,,NVIDIA A100-SXM4-40GB MIG 4g.20gb (0),1,,13,cupy_copy__complex64_complex64
6421007641,100063,168475,1,1,1,32,32,1,30,0.000,0.000,,,,,NVIDIA A100-SXM4-40GB MIG 4g.20gb (0),1,,13,"void convert_kernel<__half2, float2>(tensor_layout_any, T1 *, tensor_layout_any, const T2 *)"
6421137815,5760,168478,,,,,,,,,,0.094,16266.656,Pinned,Device,NVIDIA A100-SXM4-40GB MIG 4g.20gb (0),1,,13,[CUDA memcpy Host-to-Device]
6421209175,49439,168479,,,,,,,,,,35.810,724291.442,Device,,NVIDIA A100-SXM4-40GB MIG 4g.20gb (0),1,,13,[CUDA memset]
6421266870,2112,168481,,,,,,,,,,0.000,37.879,Pinned,Device,NVIDIA A100-SXM4-40GB MIG 4g.20gb (0),1,,13,[CUDA memcpy Host-to-Device]
6421271446,11648,168482,,,,,,,,,,0.197,16878.993,Pinned,Device,NVIDIA A100-SXM4-40GB MIG 4g.20gb (0),1,,13,[CUDA memcpy Host-to-Device]
6421357109,15744,168483,273,1,1,48,1,1,40,0.000,0.001,,,,,NVIDIA A100-SXM4-40GB MIG 4g.20gb (0),1,,13,"void pusch_noise_intf_est::noiseIntfEstNoDftSOfdmKernel<float, __half, float, float, (unsigned int)2, (unsigned int)1, (unsigned char)4, (unsigned char)4>(pusch_noise_intf_est::puschRxNoiseIntfEstDynDescr)"
6421443700,6912,168494,35,1,1,128,1,1,16,0.000,0.000,,,,,NVIDIA A100-SXM4-40GB MIG 4g.20gb (0),1,,13,cupy_copy__complex64_complex64
6421512435,2336,168503,1,1,1,1,1,1,18,0.000,0.000,,,,,NVIDIA A100-SXM4-40GB MIG 4g.20gb (0),1,,13,cupy_copy__float32_float32
6421519795,3520,168509,,,,,,,,,,0.000,1.136,Device,Pageable,NVIDIA A100-SXM4-40GB MIG 4g.20gb (0),1,,7,[CUDA memcpy Device-to-Host]
6421641874,17183,168520,1434,1,1,128,1,1,16,0.000,0.000,,,,,NVIDIA A100-SXM4-40GB MIG 4g.20gb (0),1,,13,cupy_copy__complex64_complex64
6421701681,4640,168527,103,1,1,128,1,1,16,0.000,0.000,,,,,NVIDIA A100-SXM4-40GB MIG 4g.20gb (0),1,,13,cupy_copy__complex64_complex64
6421769360,5312,168534,35,1,1,128,1,1,16,0.000,0.000,,,,,NVIDIA A100-SXM4-40GB MIG 4g.20gb (0),1,,13,cupy_copy__complex64_complex64
6421837231,2112,168541,1,1,1,1,1,1,18,0.000,0.000,,,,,NVIDIA A100-SXM4-40GB MIG 4g.20gb (0),1,,13,cupy_copy__float32_float32
6421899087,104991,168552,1,1,1,32,32,1,30,0.000,0.000,,,,,NVIDIA A100-SXM4-40GB MIG 4g.20gb (0),1,,13,"void convert_kernel<__half2, float2>(tensor_layout_any, T1 *, tensor_layout_any, const T2 *)"
6422033357,9056,168555,,,,,,,,,,0.094,10346.287,Pinned,Device,NVIDIA A100-SXM4-40GB MIG 4g.20gb (0),1,,13,[CUDA memcpy Host-to-Device]
6422115916,6368,168556,,,,,,,,,,1.547,242874.100,Device,,NVIDIA A100-SXM4-40GB MIG 4g.20gb (0),1,,13,[CUDA memset]
6422125356,6080,168561,,,,,,,,,,0.031,5147.347,Pinned,Device,NVIDIA A100-SXM4-40GB MIG 4g.20gb (0),1,,13,[CUDA memcpy Host-to-Device]
6422134124,9504,168562,,,,,,,,,,0.197,20686.701,Pinned,Device,NVIDIA A100-SXM4-40GB MIG 4g.20gb (0),1,,13,[CUDA memcpy Host-to-Device]
6422199819,13664,168563,273,1,1,8,4,1,39,0.002,0.000,,,,,NVIDIA A100-SXM4-40GB MIG 4g.20gb (0),1,,13,"void channel_eq::eqMmseCoefCompLowMimoKernel<float, float, float, (unsigned int)4, (unsigned int)1, (unsigned int)4>(const channel_eq::_puschRxChEqStatDescr *, channel_eq::_puschRxChEqCoefCompDynDescr)"
6422285386,11072,168564,273,1,1,12,11,1,51,0.002,0.000,,,,,NVIDIA A100-SXM4-40GB MIG 4g.20gb (0),1,,13,"void channel_eq::eqMmseSoftDemapKernel<float, __half, __half, float, (unsigned int)4, (unsigned short)16383>(channel_eq::_puschRxChEqStatDescr *, channel_eq::_puschRxChEqSoftDemapDynDescr)"
6422374857,558394,168565,1,1,1,32,32,1,30,0.000,0.000,,,,,NVIDIA A100-SXM4-40GB MIG 4g.20gb (0),1,,13,"void convert_kernel<float2, __half2>(tensor_layout_any, T1 *, tensor_layout_any, const T2 *)"
6423167488,13152,168577,2253,1,1,128,1,1,16,0.000,0.000,,,,,NVIDIA A100-SXM4-40GB MIG 4g.20gb (0),1,,13,cupy_copy__float16_float16
6423457245,8256,168586,282,1,1,128,1,1,16,0.000,0.000,,,,,NVIDIA A100-SXM4-40GB MIG 4g.20gb (0),1,,13,cupy_copy__complex64_complex64
6423711290,6272,168595,26,1,1,128,1,1,16,0.000,0.000,,,,,NVIDIA A100-SXM4-40GB MIG 4g.20gb (0),1,,13,cupy_copy__float32_float32
6423898328,15360,168604,103,1,1,128,1,1,16,0.000,0.000,,,,,NVIDIA A100-SXM4-40GB MIG 4g.20gb (0),1,,13,cupy_copy__complex64_complex64
6424090838,18528,168614,1434,1,1,128,1,1,16,0.000,0.000,,,,,NVIDIA A100-SXM4-40GB MIG 4g.20gb (0),1,,13,cupy_copy__complex64_complex64
6424342451,291805,168619,1,1,1,32,32,1,30,0.000,0.000,,,,,NVIDIA A100-SXM4-40GB MIG 4g.20gb (0),1,,13,"void convert_kernel<__half2, float2>(tensor_layout_any, T1 *, tensor_layout_any, const T2 *)"
6424664335,6016,168622,,,,,,,,,,0.094,15574.430,Pinned,Device,NVIDIA A100-SXM4-40GB MIG 4g.20gb (0),1,,13,[CUDA memcpy Host-to-Device]
6424932844,615321,168623,,,,,,,,,,456.561,741912.340,Device,,NVIDIA A100-SXM4-40GB MIG 4g.20gb (0),1,,13,[CUDA memset]
6425557093,59456,168628,,,,,,,,,,1.235,20770.523,Pinned,Device,NVIDIA A100-SXM4-40GB MIG 4g.20gb (0),1,,13,[CUDA memcpy Host-to-Device]
6425622693,10080,168629,,,,,,,,,,0.197,19504.693,Pinned,Device,NVIDIA A100-SXM4-40GB MIG 4g.20gb (0),1,,13,[CUDA memcpy Host-to-Device]
6425819042,11552,168630,69,4,1,48,1,1,76,0.002,0.000,,,,,NVIDIA A100-SXM4-40GB MIG 4g.20gb (0),1,,13,"void ch_est::windowedChEstPreNoDftSOfdmKernel<float, __half, float, (unsigned int)2, (unsigned int)1, (unsigned short)4>(ch_est::puschRxChEstStatDescr_t *, ch_est::puschRxChEstDynDescr_t *)"
6426065888,10111,168631,137,2,1,24,2,1,44,0.001,0.001,,,,,NVIDIA A100-SXM4-40GB MIG 4g.20gb (0),1,,13,"void ch_est::chEstFilterNoDftSOfdmDispatchKernel<float, __half, float, (unsigned int)2>(ch_est::puschRxChEstStatDescr_t *, ch_est::puschRxChEstDynDescr_t *)"
6426262269,9632,168632,137,2,1,24,2,1,44,0.001,0.001,,,,,NVIDIA A100-SXM4-40GB MIG 4g.20gb (0),1,,13,"void ch_est::chEstFilterNoDftSOfdmDispatchKernel<float, __half, float, (unsigned int)2>(ch_est::puschRxChEstStatDescr_t *, ch_est::puschRxChEstDynDescr_t *)"
6426348988,4992,168643,103,1,1,128,1,1,16,0.000,0.000,,,,,NVIDIA A100-SXM4-40GB MIG 4g.20gb (0),1,,13,cupy_copy__complex64_complex64
6426417436,14527,168653,1434,1,1,128,1,1,16,0.000,0.000,,,,,NVIDIA A100-SXM4-40GB MIG 4g.20gb (0),1,,13,cupy_copy__complex64_complex64
6426493051,3040,168660,103,1,1,128,1,1,16,0.000,0.000,,,,,NVIDIA A100-SXM4-40GB MIG 4g.20gb (0),1,,13,cupy_copy__complex64_complex64
6426555418,104191,168667,1,1,1,32,32,1,30,0.000,0.000,,,,,NVIDIA A100-SXM4-40GB MIG 4g.20gb (0),1,,13,"void convert_kernel<__half2, float2>(tensor_layout_any, T1 *, tensor_layout_any, const T2 *)"
6426688889,8927,168670,,,,,,,,,,0.094,10495.732,Pinned,Device,NVIDIA A100-SXM4-40GB MIG 4g.20gb (0),1,,13,[CUDA memcpy Host-to-Device]
6426771896,50495,168671,,,,,,,,,,35.810,709143.846,Device,,NVIDIA A100-SXM4-40GB MIG 4g.20gb (0),1,,13,[CUDA memset]
6426829207,1888,168673,,,,,,,,,,0.000,42.373,Pinned,Device,NVIDIA A100-SXM4-40GB MIG 4g.20gb (0),1,,13,[CUDA memcpy Host-to-Device]
6426833559,9472,168674,,,,,,,,,,0.197,20756.693,Pinned,Device,NVIDIA A100-SXM4-40GB MIG 4g.20gb (0),1,,13,[CUDA memcpy Host-to-Device]
6426905878,14368,168675,273,1,1,48,1,1,40,0.000,0.001,,,,,NVIDIA A100-SXM4-40GB MIG 4g.20gb (0),1,,13,"void pusch_noise_intf_est::noiseIntfEstNoDftSOfdmKernel<float, __half, float, float, (unsigned int)2, (unsigned int)1, (unsigned char)4, (unsigned char)4>(pusch_noise_intf_est::puschRxNoiseIntfEstDynDescr)"
6426992373,5344,168686,35,1,1,128,1,1,16,0.000,0.000,,,,,NVIDIA A100-SXM4-40GB MIG 4g.20gb (0),1,,13,cupy_copy__complex64_complex64
6427059924,2112,168695,1,1,1,1,1,1,18,0.000,0.000,,,,,NVIDIA A100-SXM4-40GB MIG 4g.20gb (0),1,,13,cupy_copy__float32_float32
6427069812,1792,168701,,,,,,,,,,0.000,2.232,Device,Pageable,NVIDIA A100-SXM4-40GB MIG 4g.20gb (0),1,,7,[CUDA memcpy Device-to-Host]
6427189331,17024,168712,1434,1,1,128,1,1,16,0.000,0.000,,,,,NVIDIA A100-SXM4-40GB MIG 4g.20gb (0),1,,13,cupy_copy__complex64_complex64
6427248946,4512,168719,103,1,1,128,1,1,16,0.000,0.000,,,,,NVIDIA A100-SXM4-40GB MIG 4g.20gb (0),1,,13,cupy_copy__complex64_complex64
6427316945,5120,168726,35,1,1,128,1,1,16,0.000,0.000,,,,,NVIDIA A100-SXM4-40GB MIG 4g.20gb (0),1,,13,cupy_copy__complex64_complex64
6427384785,2048,168733,1,1,1,1,1,1,18,0.000,0.000,,,,,NVIDIA A100-SXM4-40GB MIG 4g.20gb (0),1,,13,cupy_copy__float32_float32
6427446640,100511,168744,1,1,1,32,32,1,30,0.000,0.000,,,,,NVIDIA A100-SXM4-40GB MIG 4g.20gb (0),1,,13,"void convert_kernel<__half2, float2>(tensor_layout_any, T1 *, tensor_layout_any, const T2 *)"
6427576558,5632,168747,,,,,,,,,,0.094,16636.287,Pinned,Device,NVIDIA A100-SXM4-40GB MIG 4g.20gb (0),1,,13,[CUDA memcpy Host-to-Device]
6427702253,7072,168748,,,,,,,,,,1.547,218695.727,Device,,NVIDIA A100-SXM4-40GB MIG 4g.20gb (0),1,,13,[CUDA memset]
6427712493,3168,168753,,,,,,,,,,0.031,9878.770,Pinned,Device,NVIDIA A100-SXM4-40GB MIG 4g.20gb (0),1,,13,[CUDA memcpy Host-to-Device]
6427718093,14240,168754,,,,,,,,,,0.197,13806.600,Pinned,Device,NVIDIA A100-SXM4-40GB MIG 4g.20gb (0),1,,13,[CUDA memcpy Host-to-Device]
6427938250,11808,168755,273,1,1,8,4,1,39,0.002,0.000,,,,,NVIDIA A100-SXM4-40GB MIG 4g.20gb (0),1,,13,"void channel_eq::eqMmseCoefCompLowMimoKernel<float, float, float, (unsigned int)4, (unsigned int)1, (unsigned int)4>(const channel_eq::_puschRxChEqStatDescr *, channel_eq::_puschRxChEqCoefCompDynDescr)"
6428219911,10496,168756,273,1,1,12,11,1,51,0.002,0.000,,,,,NVIDIA A100-SXM4-40GB MIG 4g.20gb (0),1,,13,"void channel_eq::eqMmseSoftDemapKernel<float, __half, __half, float, (unsigned int)4, (unsigned short)16383>(channel_eq::_puschRxChEqStatDescr *, channel_eq::_puschRxChEqSoftDemapDynDescr)"
6428490916,658457,168757,1,1,1,32,32,1,30,0.000,0.000,,,,,NVIDIA A100-SXM4-40GB MIG 4g.20gb (0),1,,13,"void convert_kernel<float2, __half2>(tensor_layout_any, T1 *, tensor_layout_any, const T2 *)"
6429537752,12960,168769,2253,1,1,128,1,1,16,0.000,0.000,,,,,NVIDIA A100-SXM4-40GB MIG 4g.20gb (0),1,,13,cupy_copy__float16_float16
6429968435,6304,168778,282,1,1,128,1,1,16,0.000,0.000,,,,,NVIDIA A100-SXM4-40GB MIG 4g.20gb (0),1,,13,cupy_copy__complex64_complex64
6430368431,3552,168787,26,1,1,128,1,1,16,0.000,0.000,,,,,NVIDIA A100-SXM4-40GB MIG 4g.20gb (0),1,,13,cupy_copy__float32_float32
6430754539,4863,168796,103,1,1,128,1,1,16,0.000,0.000,,,,,NVIDIA A100-SXM4-40GB MIG 4g.20gb (0),1,,13,cupy_copy__complex64_complex64
6431041287,18432,168806,1434,1,1,128,1,1,16,0.000,0.000,,,,,NVIDIA A100-SXM4-40GB MIG 4g.20gb (0),1,,13,cupy_copy__complex64_complex64
6431276069,274781,168811,1,1,1,32,32,1,30,0.000,0.000,,,,,NVIDIA A100-SXM4-40GB MIG 4g.20gb (0),1,,13,"void convert_kernel<__half2, float2>(tensor_layout_any, T1 *, tensor_layout_any, const T2 *)"
6431583201,9408,168814,,,,,,,,,,0.094,9959.135,Pinned,Device,NVIDIA A100-SXM4-40GB MIG 4g.20gb (0),1,,13,[CUDA memcpy Host-to-Device]
6431889342,613433,168815,,,,,,,,,,456.561,744195.147,Device,,NVIDIA A100-SXM4-40GB MIG 4g.20gb (0),1,,13,[CUDA memset]
6432505111,58303,168820,,,,,,,,,,1.235,21180.525,Pinned,Device,NVIDIA A100-SXM4-40GB MIG 4g.20gb (0),1,,13,[CUDA memcpy Host-to-Device]
6432566230,10272,168821,,,,,,,,,,0.197,19140.182,Pinned,Device,NVIDIA A100-SXM4-40GB MIG 4g.20gb (0),1,,13,[CUDA memcpy Host-to-Device]
6432838547,10272,168822,69,4,1,48,1,1,76,0.002,0.000,,,,,NVIDIA A100-SXM4-40GB MIG 4g.20gb (0),1,,13,"void ch_est::windowedChEstPreNoDftSOfdmKernel<float, __half, float, (unsigned int)2, (unsigned int)1, (unsigned short)4>(ch_est::puschRxChEstStatDescr_t *, ch_est::puschRxChEstDynDescr_t *)"
6432909650,10048,168823,137,2,1,24,2,1,44,0.001,0.001,,,,,NVIDIA A100-SXM4-40GB MIG 4g.20gb (0),1,,13,"void ch_est::chEstFilterNoDftSOfdmDispatchKernel<float, __half, float, (unsigned int)2>(ch_est::puschRxChEstStatDescr_t *, ch_est::puschRxChEstDynDescr_t *)"
6432963346,11071,168824,137,2,1,24,2,1,44,0.001,0.001,,,,,NVIDIA A100-SXM4-40GB MIG 4g.20gb (0),1,,13,"void ch_est::chEstFilterNoDftSOfdmDispatchKernel<float, __half, float, (unsigned int)2>(ch_est::puschRxChEstStatDescr_t *, ch_est::puschRxChEstDynDescr_t *)"
6433048657,4735,168835,103,1,1,128,1,1,16,0.000,0.000,,,,,NVIDIA A100-SXM4-40GB MIG 4g.20gb (0),1,,13,cupy_copy__complex64_complex64
6433116912,14720,168845,1434,1,1,128,1,1,16,0.000,0.000,,,,,NVIDIA A100-SXM4-40GB MIG 4g.20gb (0),1,,13,cupy_copy__complex64_complex64
6433192399,3104,168852,103,1,1,128,1,1,16,0.000,0.000,,,,,NVIDIA A100-SXM4-40GB MIG 4g.20gb (0),1,,13,cupy_copy__complex64_complex64
6433254638,108191,168859,1,1,1,32,32,1,30,0.000,0.000,,,,,NVIDIA A100-SXM4-40GB MIG 4g.20gb (0),1,,13,"void convert_kernel<__half2, float2>(tensor_layout_any, T1 *, tensor_layout_any, const T2 *)"
6433401805,5535,168862,,,,,,,,,,0.094,16927.869,Pinned,Device,NVIDIA A100-SXM4-40GB MIG 4g.20gb (0),1,,13,[CUDA memcpy Host-to-Device]
6433471436,50207,168863,,,,,,,,,,35.810,713226.177,Device,,NVIDIA A100-SXM4-40GB MIG 4g.20gb (0),1,,13,[CUDA memset]
6433524427,5280,168865,,,,,,,,,,0.000,15.151,Pinned,Device,NVIDIA A100-SXM4-40GB MIG 4g.20gb (0),1,,13,[CUDA memcpy Host-to-Device]
6433532363,9728,168866,,,,,,,,,,0.197,20210.516,Pinned,Device,NVIDIA A100-SXM4-40GB MIG 4g.20gb (0),1,,13,[CUDA memcpy Host-to-Device]
6433605514,14688,168867,273,1,1,48,1,1,40,0.000,0.001,,,,,NVIDIA A100-SXM4-40GB MIG 4g.20gb (0),1,,13,"void pusch_noise_intf_est::noiseIntfEstNoDftSOfdmKernel<float, __half, float, float, (unsigned int)2, (unsigned int)1, (unsigned char)4, (unsigned char)4>(pusch_noise_intf_est::puschRxNoiseIntfEstDynDescr)"
6433691593,8320,168878,35,1,1,128,1,1,16,0.000,0.000,,,,,NVIDIA A100-SXM4-40GB MIG 4g.20gb (0),1,,13,cupy_copy__complex64_complex64
6433816680,3168,168887,1,1,1,1,1,1,18,0.000,0.000,,,,,NVIDIA A100-SXM4-40GB MIG 4g.20gb (0),1,,13,cupy_copy__float32_float32
6433821000,1600,168893,,,,,,,,,,0.000,2.500,Device,Pageable,NVIDIA A100-SXM4-40GB MIG 4g.20gb (0),1,,7,[CUDA memcpy Device-to-Host]
6434058821,18496,168904,1434,1,1,128,1,1,16,0.000,0.000,,,,,NVIDIA A100-SXM4-40GB MIG 4g.20gb (0),1,,13,cupy_copy__complex64_complex64
6434274883,6016,168911,103,1,1,128,1,1,16,0.000,0.000,,,,,NVIDIA A100-SXM4-40GB MIG 4g.20gb (0),1,,13,cupy_copy__complex64_complex64
6434343650,4352,168918,35,1,1,128,1,1,16,0.000,0.000,,,,,NVIDIA A100-SXM4-40GB MIG 4g.20gb (0),1,,13,cupy_copy__complex64_complex64
6434544832,3360,168925,1,1,1,1,1,1,18,0.000,0.000,,,,,NVIDIA A100-SXM4-40GB MIG 4g.20gb (0),1,,13,cupy_copy__float32_float32
6434798141,234109,168936,1,1,1,32,32,1,30,0.000,0.000,,,,,NVIDIA A100-SXM4-40GB MIG 4g.20gb (0),1,,13,"void convert_kernel<__half2, float2>(tensor_layout_any, T1 *, tensor_layout_any, const T2 *)"
6435061978,11040,168939,,,,,,,,,,0.094,8486.890,Pinned,Device,NVIDIA A100-SXM4-40GB MIG 4g.20gb (0),1,,13,[CUDA memcpy Host-to-Device]
6435348055,5567,168940,,,,,,,,,,1.547,277818.522,Device,,NVIDIA A100-SXM4-40GB MIG 4g.20gb (0),1,,13,[CUDA memset]
6435355126,5568,168945,,,,,,,,,,0.031,5620.668,Pinned,Device,NVIDIA A100-SXM4-40GB MIG 4g.20gb (0),1,,13,[CUDA memcpy Host-to-Device]
6435363350,17824,168946,,,,,,,,,,0.197,11030.495,Pinned,Device,NVIDIA A100-SXM4-40GB MIG 4g.20gb (0),1,,13,[CUDA memcpy Host-to-Device]
6435804305,10720,168947,273,1,1,8,4,1,39,0.002,0.000,,,,,NVIDIA A100-SXM4-40GB MIG 4g.20gb (0),1,,13,"void channel_eq::eqMmseCoefCompLowMimoKernel<float, float, float, (unsigned int)4, (unsigned int)1, (unsigned int)4>(const channel_eq::_puschRxChEqStatDescr *, channel_eq::_puschRxChEqCoefCompDynDescr)"
6436255532,10208,168948,273,1,1,12,11,1,51,0.002,0.000,,,,,NVIDIA A100-SXM4-40GB MIG 4g.20gb (0),1,,13,"void channel_eq::eqMmseSoftDemapKernel<float, __half, __half, float, (unsigned int)4, (unsigned short)16383>(channel_eq::_puschRxChEqStatDescr *, channel_eq::_puschRxChEqSoftDemapDynDescr)"
6436695559,643001,168949,1,1,1,32,32,1,30,0.000,0.000,,,,,NVIDIA A100-SXM4-40GB MIG 4g.20gb (0),1,,13,"void convert_kernel<float2, __half2>(tensor_layout_any, T1 *, tensor_layout_any, const T2 *)"
6437622781,13376,168961,2253,1,1,128,1,1,16,0.000,0.000,,,,,NVIDIA A100-SXM4-40GB MIG 4g.20gb (0),1,,13,cupy_copy__float16_float16
6437938233,5664,168970,282,1,1,128,1,1,16,0.000,0.000,,,,,NVIDIA A100-SXM4-40GB MIG 4g.20gb (0),1,,13,cupy_copy__complex64_complex64
6438225206,4160,168979,26,1,1,128,1,1,16,0.000,0.000,,,,,NVIDIA A100-SXM4-40GB MIG 4g.20gb (0),1,,13,cupy_copy__float32_float32
6438512595,7136,168988,103,1,1,128,1,1,16,0.000,0.000,,,,,NVIDIA A100-SXM4-40GB MIG 4g.20gb (0),1,,13,cupy_copy__complex64_complex64
6438795983,19040,168998,1434,1,1,128,1,1,16,0.000,0.000,,,,,NVIDIA A100-SXM4-40GB MIG 4g.20gb (0),1,,13,cupy_copy__complex64_complex64
6438862511,101311,169003,1,1,1,32,32,1,30,0.000,0.000,,,,,NVIDIA A100-SXM4-40GB MIG 4g.20gb (0),1,,13,"void convert_kernel<__half2, float2>(tensor_layout_any, T1 *, tensor_layout_any, const T2 *)"
6438993869,5440,169006,,,,,,,,,,0.094,17223.480,Pinned,Device,NVIDIA A100-SXM4-40GB MIG 4g.20gb (0),1,,13,[CUDA memcpy Host-to-Device]
6439058893,614649,169007,,,,,,,,,,456.561,742368.901,Device,,NVIDIA A100-SXM4-40GB MIG 4g.20gb (0),1,,13,[CUDA memset]
6439680037,58784,169012,,,,,,,,,,1.235,21007.632,Pinned,Device,NVIDIA A100-SXM4-40GB MIG 4g.20gb (0),1,,13,[CUDA memcpy Host-to-Device]
6439744709,9600,169013,,,,,,,,,,0.197,20479.869,Pinned,Device,NVIDIA A100-SXM4-40GB MIG 4g.20gb (0),1,,13,[CUDA memcpy Host-to-Device]
6439863875,10592,169014,69,4,1,48,1,1,76,0.002,0.000,,,,,NVIDIA A100-SXM4-40GB MIG 4g.20gb (0),1,,13,"void ch_est::windowedChEstPreNoDftSOfdmKernel<float, __half, float, (unsigned int)2, (unsigned int)1, (unsigned short)4>(ch_est::puschRxChEstStatDescr_t *, ch_est::puschRxChEstDynDescr_t *)"
6440048737,10240,169015,137,2,1,24,2,1,44,0.001,0.001,,,,,NVIDIA A100-SXM4-40GB MIG 4g.20gb (0),1,,13,"void ch_est::chEstFilterNoDftSOfdmDispatchKernel<float, __half, float, (unsigned int)2>(ch_est::puschRxChEstStatDescr_t *, ch_est::puschRxChEstDynDescr_t *)"
6440248255,9568,169016,137,2,1,24,2,1,44,0.001,0.001,,,,,NVIDIA A100-SXM4-40GB MIG 4g.20gb (0),1,,13,"void ch_est::chEstFilterNoDftSOfdmDispatchKernel<float, __half, float, (unsigned int)2>(ch_est::puschRxChEstStatDescr_t *, ch_est::puschRxChEstDynDescr_t *)"
6440334718,5152,169027,103,1,1,128,1,1,16,0.000,0.000,,,,,NVIDIA A100-SXM4-40GB MIG 4g.20gb (0),1,,13,cupy_copy__complex64_complex64
6440508220,16128,169037,1434,1,1,128,1,1,16,0.000,0.000,,,,,NVIDIA A100-SXM4-40GB MIG 4g.20gb (0),1,,13,cupy_copy__complex64_complex64
6440691130,4992,169044,103,1,1,128,1,1,16,0.000,0.000,,,,,NVIDIA A100-SXM4-40GB MIG 4g.20gb (0),1,,13,cupy_copy__complex64_complex64
6440865592,256509,169051,1,1,1,32,32,1,30,0.000,0.000,,,,,NVIDIA A100-SXM4-40GB MIG 4g.20gb (0),1,,13,"void convert_kernel<__half2, float2>(tensor_layout_any, T1 *, tensor_layout_any, const T2 *)"
6441157205,6848,169054,,,,,,,,,,0.094,13682.239,Pinned,Device,NVIDIA A100-SXM4-40GB MIG 4g.20gb (0),1,,13,[CUDA memcpy Host-to-Device]
6441369810,49120,169055,,,,,,,,,,35.810,729018.351,Device,,NVIDIA A100-SXM4-40GB MIG 4g.20gb (0),1,,13,[CUDA memset]
6441424082,3552,169057,,,,,,,,,,0.000,22.522,Pinned,Device,NVIDIA A100-SXM4-40GB MIG 4g.20gb (0),1,,13,[CUDA memcpy Host-to-Device]
6441433362,12351,169058,,,,,,,,,,0.197,15918.367,Pinned,Device,NVIDIA A100-SXM4-40GB MIG 4g.20gb (0),1,,13,[CUDA memcpy Host-to-Device]
6441739150,16736,169059,273,1,1,48,1,1,40,0.000,0.001,,,,,NVIDIA A100-SXM4-40GB MIG 4g.20gb (0),1,,13,"void pusch_noise_intf_est::noiseIntfEstNoDftSOfdmKernel<float, __half, float, float, (unsigned int)2, (unsigned int)1, (unsigned char)4, (unsigned char)4>(pusch_noise_intf_est::puschRxNoiseIntfEstDynDescr)"
6442062667,10015,169070,35,1,1,128,1,1,16,0.000,0.000,,,,,NVIDIA A100-SXM4-40GB MIG 4g.20gb (0),1,,13,cupy_copy__complex64_complex64
6442266248,3232,169079,1,1,1,1,1,1,18,0.000,0.000,,,,,NVIDIA A100-SXM4-40GB MIG 4g.20gb (0),1,,13,cupy_copy__float32_float32
6442270408,2464,169085,,,,,,,,,,0.000,1.623,Device,Pageable,NVIDIA A100-SXM4-40GB MIG 4g.20gb (0),1,,7,[CUDA memcpy Device-to-Host]
6442475878,16768,169096,1434,1,1,128,1,1,16,0.000,0.000,,,,,NVIDIA A100-SXM4-40GB MIG 4g.20gb (0),1,,13,cupy_copy__complex64_complex64
6442689475,4384,169103,103,1,1,128,1,1,16,0.000,0.000,,,,,NVIDIA A100-SXM4-40GB MIG 4g.20gb (0),1,,13,cupy_copy__complex64_complex64
6442881089,3776,169110,35,1,1,128,1,1,16,0.000,0.000,,,,,NVIDIA A100-SXM4-40GB MIG 4g.20gb (0),1,,13,cupy_copy__complex64_complex64
6443071263,3424,169117,1,1,1,1,1,1,18,0.000,0.000,,,,,NVIDIA A100-SXM4-40GB MIG 4g.20gb (0),1,,13,cupy_copy__float32_float32
6443259357,244509,169128,1,1,1,32,32,1,30,0.000,0.000,,,,,NVIDIA A100-SXM4-40GB MIG 4g.20gb (0),1,,13,"void convert_kernel<__half2, float2>(tensor_layout_any, T1 *, tensor_layout_any, const T2 *)"
6443534298,6016,169131,,,,,,,,,,0.094,15574.430,Pinned,Device,NVIDIA A100-SXM4-40GB MIG 4g.20gb (0),1,,13,[CUDA memcpy Host-to-Device]
6443731736,5568,169132,,,,,,,,,,1.547,277769.031,Device,,NVIDIA A100-SXM4-40GB MIG 4g.20gb (0),1,,13,[CUDA memset]
6443745463,3264,169137,,,,,,,,,,0.031,9588.218,Pinned,Device,NVIDIA A100-SXM4-40GB MIG 4g.20gb (0),1,,13,[CUDA memcpy Host-to-Device]
6443754071,9696,169138,,,,,,,,,,0.197,20277.166,Pinned,Device,NVIDIA A100-SXM4-40GB MIG 4g.20gb (0),1,,13,[CUDA memcpy Host-to-Device]
6443942069,10944,169139,273,1,1,8,4,1,39,0.002,0.000,,,,,NVIDIA A100-SXM4-40GB MIG 4g.20gb (0),1,,13,"void channel_eq::eqMmseCoefCompLowMimoKernel<float, float, float, (unsigned int)4, (unsigned int)1, (unsigned int)4>(const channel_eq::_puschRxChEqStatDescr *, channel_eq::_puschRxChEqCoefCompDynDescr)"
6444088148,10239,169140,273,1,1,12,11,1,51,0.002,0.000,,,,,NVIDIA A100-SXM4-40GB MIG 4g.20gb (0),1,,13,"void channel_eq::eqMmseSoftDemapKernel<float, __half, __half, float, (unsigned int)4, (unsigned short)16383>(channel_eq::_puschRxChEqStatDescr *, channel_eq::_puschRxChEqSoftDemapDynDescr)"
6444301585,680952,169141,1,1,1,32,32,1,30,0.000,0.000,,,,,NVIDIA A100-SXM4-40GB MIG 4g.20gb (0),1,,13,"void convert_kernel<float2, __half2>(tensor_layout_any, T1 *, tensor_layout_any, const T2 *)"
6445177959,16384,169153,2253,1,1,128,1,1,16,0.000,0.000,,,,,NVIDIA A100-SXM4-40GB MIG 4g.20gb (0),1,,13,cupy_copy__float16_float16
6445369861,5696,169162,282,1,1,128,1,1,16,0.000,0.000,,,,,NVIDIA A100-SXM4-40GB MIG 4g.20gb (0),1,,13,cupy_copy__complex64_complex64
6445461636,4576,169171,26,1,1,128,1,1,16,0.000,0.000,,,,,NVIDIA A100-SXM4-40GB MIG 4g.20gb (0),1,,13,cupy_copy__float32_float32
6445661698,7360,169180,103,1,1,128,1,1,16,0.000,0.000,,,,,NVIDIA A100-SXM4-40GB MIG 4g.20gb (0),1,,13,cupy_copy__complex64_complex64
6445860288,15519,169190,1434,1,1,128,1,1,16,0.000,0.000,,,,,NVIDIA A100-SXM4-40GB MIG 4g.20gb (0),1,,13,cupy_copy__complex64_complex64
6446121469,286364,169195,1,1,1,32,32,1,30,0.000,0.000,,,,,NVIDIA A100-SXM4-40GB MIG 4g.20gb (0),1,,13,"void convert_kernel<__half2, float2>(tensor_layout_any, T1 *, tensor_layout_any, const T2 *)"
6446439001,9248,169198,,,,,,,,,,0.094,10131.442,Pinned,Device,NVIDIA A100-SXM4-40GB MIG 4g.20gb (0),1,,13,[CUDA memcpy Host-to-Device]
6446651191,612601,169199,,,,,,,,,,456.561,745108.270,Device,,NVIDIA A100-SXM4-40GB MIG 4g.20gb (0),1,,13,[CUDA memset]
6447269008,54815,169204,,,,,,,,,,1.235,22529.083,Pinned,Device,NVIDIA A100-SXM4-40GB MIG 4g.20gb (0),1,,13,[CUDA memcpy Host-to-Device]
6447326543,10880,169205,,,,,,,,,,0.197,18070.438,Pinned,Device,NVIDIA A100-SXM4-40GB MIG 4g.20gb (0),1,,13,[CUDA memcpy Host-to-Device]
6447531053,10719,169206,69,4,1,48,1,1,76,0.002,0.000,,,,,NVIDIA A100-SXM4-40GB MIG 4g.20gb (0),1,,13,"void ch_est::windowedChEstPreNoDftSOfdmKernel<float, __half, float, (unsigned int)2, (unsigned int)1, (unsigned short)4>(ch_est::puschRxChEstStatDescr_t *, ch_est::puschRxChEstDynDescr_t *)"
6447730794,11200,169207,137,2,1,24,2,1,44,0.001,0.001,,,,,NVIDIA A100-SXM4-40GB MIG 4g.20gb (0),1,,13,"void ch_est::chEstFilterNoDftSOfdmDispatchKernel<float, __half, float, (unsigned int)2>(ch_est::puschRxChEstStatDescr_t *, ch_est::puschRxChEstDynDescr_t *)"
6447914312,10176,169208,137,2,1,24,2,1,44,0.001,0.001,,,,,NVIDIA A100-SXM4-40GB MIG 4g.20gb (0),1,,13,"void ch_est::chEstFilterNoDftSOfdmDispatchKernel<float, __half, float, (unsigned int)2>(ch_est::puschRxChEstStatDescr_t *, ch_est::puschRxChEstDynDescr_t *)"
6448008295,4768,169219,103,1,1,128,1,1,16,0.000,0.000,,,,,NVIDIA A100-SXM4-40GB MIG 4g.20gb (0),1,,13,cupy_copy__complex64_complex64
6448205381,15872,169229,1434,1,1,128,1,1,16,0.000,0.000,,,,,NVIDIA A100-SXM4-40GB MIG 4g.20gb (0),1,,13,cupy_copy__complex64_complex64
6448407363,5408,169236,103,1,1,128,1,1,16,0.000,0.000,,,,,NVIDIA A100-SXM4-40GB MIG 4g.20gb (0),1,,13,cupy_copy__complex64_complex64
6448599745,249981,169243,1,1,1,32,32,1,30,0.000,0.000,,,,,NVIDIA A100-SXM4-40GB MIG 4g.20gb (0),1,,13,"void convert_kernel<__half2, float2>(tensor_layout_any, T1 *, tensor_layout_any, const T2 *)"
6448879229,6496,169246,,,,,,,,,,0.094,14423.562,Pinned,Device,NVIDIA A100-SXM4-40GB MIG 4g.20gb (0),1,,13,[CUDA memcpy Host-to-Device]
6449131642,51168,169247,,,,,,,,,,35.810,699833.267,Device,,NVIDIA A100-SXM4-40GB MIG 4g.20gb (0),1,,13,[CUDA memset]
6449187994,5088,169249,,,,,,,,,,0.000,15.723,Pinned,Device,NVIDIA A100-SXM4-40GB MIG 4g.20gb (0),1,,13,[CUDA memcpy Host-to-Device]
6449195546,9504,169250,,,,,,,,,,0.197,20686.701,Pinned,Device,NVIDIA A100-SXM4-40GB MIG 4g.20gb (0),1,,13,[CUDA memcpy Host-to-Device]
6449352024,14592,169251,273,1,1,48,1,1,40,0.000,0.001,,,,,NVIDIA A100-SXM4-40GB MIG 4g.20gb (0),1,,13,"void pusch_noise_intf_est::noiseIntfEstNoDftSOfdmKernel<float, __half, float, float, (unsigned int)2, (unsigned int)1, (unsigned char)4, (unsigned char)4>(pusch_noise_intf_est::puschRxNoiseIntfEstDynDescr)"
6449518038,5792,169262,35,1,1,128,1,1,16,0.000,0.000,,,,,NVIDIA A100-SXM4-40GB MIG 4g.20gb (0),1,,13,cupy_copy__complex64_complex64
6449590293,2880,169271,1,1,1,1,1,1,18,0.000,0.000,,,,,NVIDIA A100-SXM4-40GB MIG 4g.20gb (0),1,,13,cupy_copy__float32_float32
6449593973,1728,169277,,,,,,,,,,0.000,2.315,Device,Pageable,NVIDIA A100-SXM4-40GB MIG 4g.20gb (0),1,,7,[CUDA memcpy Device-to-Host]
6449791955,18464,169288,1434,1,1,128,1,1,16,0.000,0.000,,,,,NVIDIA A100-SXM4-40GB MIG 4g.20gb (0),1,,13,cupy_copy__complex64_complex64
6449928817,5568,169295,103,1,1,128,1,1,16,0.000,0.000,,,,,NVIDIA A100-SXM4-40GB MIG 4g.20gb (0),1,,13,cupy_copy__complex64_complex64
6450080400,8992,169302,35,1,1,128,1,1,16,0.000,0.000,,,,,NVIDIA A100-SXM4-40GB MIG 4g.20gb (0),1,,13,cupy_copy__complex64_complex64
6450227118,5792,169309,1,1,1,1,1,1,18,0.000,0.000,,,,,NVIDIA A100-SXM4-40GB MIG 4g.20gb (0),1,,13,cupy_copy__float32_float32
6450323789,297949,169320,1,1,1,32,32,1,30,0.000,0.000,,,,,NVIDIA A100-SXM4-40GB MIG 4g.20gb (0),1,,13,"void convert_kernel<__half2, float2>(tensor_layout_any, T1 *, tensor_layout_any, const T2 *)"
6450651433,5984,169323,,,,,,,,,,0.094,15657.726,Pinned,Device,NVIDIA A100-SXM4-40GB MIG 4g.20gb (0),1,,13,[CUDA memcpy Host-to-Device]
6450801352,5952,169324,,,,,,,,,,1.547,259848.298,Device,,NVIDIA A100-SXM4-40GB MIG 4g.20gb (0),1,,13,[CUDA memset]
6450815111,3072,169329,,,,,,,,,,0.031,10187.474,Pinned,Device,NVIDIA A100-SXM4-40GB MIG 4g.20gb (0),1,,13,[CUDA memcpy Host-to-Device]
6450820647,10304,169330,,,,,,,,,,0.197,19080.610,Pinned,Device,NVIDIA A100-SXM4-40GB MIG 4g.20gb (0),1,,13,[CUDA memcpy Host-to-Device]
6450971622,10112,169331,273,1,1,8,4,1,39,0.002,0.000,,,,,NVIDIA A100-SXM4-40GB MIG 4g.20gb (0),1,,13,"void channel_eq::eqMmseCoefCompLowMimoKernel<float, float, float, (unsigned int)4, (unsigned int)1, (unsigned int)4>(const channel_eq::_puschRxChEqStatDescr *, channel_eq::_puschRxChEqCoefCompDynDescr)"
6451082564,10688,169332,273,1,1,12,11,1,51,0.002,0.000,,,,,NVIDIA A100-SXM4-40GB MIG 4g.20gb (0),1,,13,"void channel_eq::eqMmseSoftDemapKernel<float, __half, __half, float, (unsigned int)4, (unsigned short)16383>(channel_eq::_puschRxChEqStatDescr *, channel_eq::_puschRxChEqSoftDemapDynDescr)"
6451274562,676985,169333,1,1,1,32,32,1,30,0.000,0.000,,,,,NVIDIA A100-SXM4-40GB MIG 4g.20gb (0),1,,13,"void convert_kernel<float2, __half2>(tensor_layout_any, T1 *, tensor_layout_any, const T2 *)"
6452092025,14048,169345,2253,1,1,128,1,1,16,0.000,0.000,,,,,NVIDIA A100-SXM4-40GB MIG 4g.20gb (0),1,,13,cupy_copy__float16_float16
6452290775,5088,169354,282,1,1,128,1,1,16,0.000,0.000,,,,,NVIDIA A100-SXM4-40GB MIG 4g.20gb (0),1,,13,cupy_copy__complex64_complex64
6452464181,3520,169363,26,1,1,128,1,1,16,0.000,0.000,,,,,NVIDIA A100-SXM4-40GB MIG 4g.20gb (0),1,,13,cupy_copy__float32_float32
6452634067,7200,169372,103,1,1,128,1,1,16,0.000,0.000,,,,,NVIDIA A100-SXM4-40GB MIG 4g.20gb (0),1,,13,cupy_copy__complex64_complex64
6452804017,18624,169382,1434,1,1,128,1,1,16,0.000,0.000,,,,,NVIDIA A100-SXM4-40GB MIG 4g.20gb (0),1,,13,cupy_copy__complex64_complex64
6452903280,268765,169387,1,1,1,32,32,1,30,0.000,0.000,,,,,NVIDIA A100-SXM4-40GB MIG 4g.20gb (0),1,,13,"void convert_kernel<__half2, float2>(tensor_layout_any, T1 *, tensor_layout_any, const T2 *)"
6453203916,9312,169390,,,,,,,,,,0.094,10061.826,Pinned,Device,NVIDIA A100-SXM4-40GB MIG 4g.20gb (0),1,,13,[CUDA memcpy Host-to-Device]
6453373994,604570,169391,,,,,,,,,,456.561,755152.622,Device,,NVIDIA A100-SXM4-40GB MIG 4g.20gb (0),1,,13,[CUDA memset]
6453982948,56479,169396,,,,,,,,,,1.235,21864.684,Pinned,Device,NVIDIA A100-SXM4-40GB MIG 4g.20gb (0),1,,13,[CUDA memcpy Host-to-Device]
6454045315,12832,169397,,,,,,,,,,0.197,15321.661,Pinned,Device,NVIDIA A100-SXM4-40GB MIG 4g.20gb (0),1,,13,[CUDA memcpy Host-to-Device]
6454205217,12160,169398,69,4,1,48,1,1,76,0.002,0.000,,,,,NVIDIA A100-SXM4-40GB MIG 4g.20gb (0),1,,13,"void ch_est::windowedChEstPreNoDftSOfdmKernel<float, __half, float, (unsigned int)2, (unsigned int)1, (unsigned short)4>(ch_est::puschRxChEstStatDescr_t *, ch_est::puschRxChEstDynDescr_t *)"
6454359359,11808,169399,137,2,1,24,2,1,44,0.001,0.001,,,,,NVIDIA A100-SXM4-40GB MIG 4g.20gb (0),1,,13,"void ch_est::chEstFilterNoDftSOfdmDispatchKernel<float, __half, float, (unsigned int)2>(ch_est::puschRxChEstStatDescr_t *, ch_est::puschRxChEstDynDescr_t *)"
6454457342,11232,169400,137,2,1,24,2,1,44,0.001,0.001,,,,,NVIDIA A100-SXM4-40GB MIG 4g.20gb (0),1,,13,"void ch_est::chEstFilterNoDftSOfdmDispatchKernel<float, __half, float, (unsigned int)2>(ch_est::puschRxChEstStatDescr_t *, ch_est::puschRxChEstDynDescr_t *)"
6454627388,5120,169411,103,1,1,128,1,1,16,0.000,0.000,,,,,NVIDIA A100-SXM4-40GB MIG 4g.20gb (0),1,,13,cupy_copy__complex64_complex64
6454802330,15680,169421,1434,1,1,128,1,1,16,0.000,0.000,,,,,NVIDIA A100-SXM4-40GB MIG 4g.20gb (0),1,,13,cupy_copy__complex64_complex64
6454982168,5760,169428,103,1,1,128,1,1,16,0.000,0.000,,,,,NVIDIA A100-SXM4-40GB MIG 4g.20gb (0),1,,13,cupy_copy__complex64_complex64
6455196374,221181,169435,1,1,1,32,32,1,30,0.000,0.000,,,,,NVIDIA A100-SXM4-40GB MIG 4g.20gb (0),1,,13,"void convert_kernel<__half2, float2>(tensor_layout_any, T1 *, tensor_layout_any, const T2 *)"
6455447219,8576,169438,,,,,,,,,,0.094,10925.328,Pinned,Device,NVIDIA A100-SXM4-40GB MIG 4g.20gb (0),1,,13,[CUDA memcpy Host-to-Device]
6455785519,49408,169439,,,,,,,,,,35.810,724756.971,Device,,NVIDIA A100-SXM4-40GB MIG 4g.20gb (0),1,,13,[CUDA memset]
6455841839,2847,169441,,,,,,,,,,0.000,28.100,Pinned,Device,NVIDIA A100-SXM4-40GB MIG 4g.20gb (0),1,,13,[CUDA memcpy Host-to-Device]
6455848942,11040,169442,,,,,,,,,,0.197,17808.556,Pinned,Device,NVIDIA A100-SXM4-40GB MIG 4g.20gb (0),1,,13,[CUDA memcpy Host-to-Device]
6456033260,15616,169443,273,1,1,48,1,1,40,0.000,0.001,,,,,NVIDIA A100-SXM4-40GB MIG 4g.20gb (0),1,,13,"void pusch_noise_intf_est::noiseIntfEstNoDftSOfdmKernel<float, __half, float, float, (unsigned int)2, (unsigned int)1, (unsigned char)4, (unsigned char)4>(pusch_noise_intf_est::puschRxNoiseIntfEstDynDescr)"
6456376808,5344,169454,35,1,1,128,1,1,16,0.000,0.000,,,,,NVIDIA A100-SXM4-40GB MIG 4g.20gb (0),1,,13,cupy_copy__complex64_complex64
6456590822,3040,169463,1,1,1,1,1,1,18,0.000,0.000,,,,,NVIDIA A100-SXM4-40GB MIG 4g.20gb (0),1,,13,cupy_copy__float32_float32
6456595750,1600,169469,,,,,,,,,,0.000,2.500,Device,Pageable,NVIDIA A100-SXM4-40GB MIG 4g.20gb (0),1,,7,[CUDA memcpy Device-to-Host]
6456834115,17568,169480,1434,1,1,128,1,1,16,0.000,0.000,,,,,NVIDIA A100-SXM4-40GB MIG 4g.20gb (0),1,,13,cupy_copy__complex64_complex64
6457069025,4832,169487,103,1,1,128,1,1,16,0.000,0.000,,,,,NVIDIA A100-SXM4-40GB MIG 4g.20gb (0),1,,13,cupy_copy__complex64_complex64
6457300286,5952,169494,35,1,1,128,1,1,16,0.000,0.000,,,,,NVIDIA A100-SXM4-40GB MIG 4g.20gb (0),1,,13,cupy_copy__complex64_complex64
6457510876,4864,169501,1,1,1,1,1,1,18,0.000,0.000,,,,,NVIDIA A100-SXM4-40GB MIG 4g.20gb (0),1,,13,cupy_copy__float32_float32
6457723129,248637,169512,1,1,1,32,32,1,30,0.000,0.000,,,,,NVIDIA A100-SXM4-40GB MIG 4g.20gb (0),1,,13,"void convert_kernel<__half2, float2>(tensor_layout_any, T1 *, tensor_layout_any, const T2 *)"
6458001238,5536,169515,,,,,,,,,,0.094,16924.777,Pinned,Device,NVIDIA A100-SXM4-40GB MIG 4g.20gb (0),1,,13,[CUDA memcpy Host-to-Device]
6458065461,6272,169516,,,,,,,,,,1.547,246590.637,Device,,NVIDIA A100-SXM4-40GB MIG 4g.20gb (0),1,,13,[CUDA memset]
6458074709,3200,169521,,,,,,,,,,0.031,9780.000,Pinned,Device,NVIDIA A100-SXM4-40GB MIG 4g.20gb (0),1,,13,[CUDA memcpy Host-to-Device]
6458080373,9920,169522,,,,,,,,,,0.197,19819.266,Pinned,Device,NVIDIA A100-SXM4-40GB MIG 4g.20gb (0),1,,13,[CUDA memcpy Host-to-Device]
6458149300,14368,169523,273,1,1,8,4,1,39,0.002,0.000,,,,,NVIDIA A100-SXM4-40GB MIG 4g.20gb (0),1,,13,"void channel_eq::eqMmseCoefCompLowMimoKernel<float, float, float, (unsigned int)4, (unsigned int)1, (unsigned int)4>(const channel_eq::_puschRxChEqStatDescr *, channel_eq::_puschRxChEqCoefCompDynDescr)"
6458287379,12288,169524,273,1,1,12,11,1,51,0.002,0.000,,,,,NVIDIA A100-SXM4-40GB MIG 4g.20gb (0),1,,13,"void channel_eq::eqMmseSoftDemapKernel<float, __half, __half, float, (unsigned int)4, (unsigned short)16383>(channel_eq::_puschRxChEqStatDescr *, channel_eq::_puschRxChEqSoftDemapDynDescr)"
6458494641,617113,169525,1,1,1,32,32,1,30,0.000,0.000,,,,,NVIDIA A100-SXM4-40GB MIG 4g.20gb (0),1,,13,"void convert_kernel<float2, __half2>(tensor_layout_any, T1 *, tensor_layout_any, const T2 *)"
6459250216,12672,169537,2253,1,1,128,1,1,16,0.000,0.000,,,,,NVIDIA A100-SXM4-40GB MIG 4g.20gb (0),1,,13,cupy_copy__float16_float16
6459451494,4640,169546,282,1,1,128,1,1,16,0.000,0.000,,,,,NVIDIA A100-SXM4-40GB MIG 4g.20gb (0),1,,13,cupy_copy__complex64_complex64
6459630180,3968,169555,26,1,1,128,1,1,16,0.000,0.000,,,,,NVIDIA A100-SXM4-40GB MIG 4g.20gb (0),1,,13,cupy_copy__float32_float32
6459822913,9312,169564,103,1,1,128,1,1,16,0.000,0.000,,,,,NVIDIA A100-SXM4-40GB MIG 4g.20gb (0),1,,13,cupy_copy__complex64_complex64
6460071711,24287,169574,1434,1,1,128,1,1,16,0.000,0.000,,,,,NVIDIA A100-SXM4-40GB MIG 4g.20gb (0),1,,13,cupy_copy__complex64_complex64
6460417531,264125,169579,1,1,1,32,32,1,30,0.000,0.000,,,,,NVIDIA A100-SXM4-40GB MIG 4g.20gb (0),1,,13,"void convert_kernel<__half2, float2>(tensor_layout_any, T1 *, tensor_layout_any, const T2 *)"
6460715255,8192,169582,,,,,,,,,,0.094,11437.471,Pinned,Device,NVIDIA A100-SXM4-40GB MIG 4g.20gb (0),1,,13,[CUDA memcpy Host-to-Device]
6460957813,622457,169583,,,,,,,,,,456.561,733237.673,Device,,NVIDIA A100-SXM4-40GB MIG 4g.20gb (0),1,,13,[CUDA memset]
6461585390,58271,169588,,,,,,,,,,1.235,21192.874,Pinned,Device,NVIDIA A100-SXM4-40GB MIG 4g.20gb (0),1,,13,[CUDA memcpy Host-to-Device]
6461646381,9664,169589,,,,,,,,,,0.197,20344.209,Pinned,Device,NVIDIA A100-SXM4-40GB MIG 4g.20gb (0),1,,13,[CUDA memcpy Host-to-Device]
6461826923,10464,169590,69,4,1,48,1,1,76,0.002,0.000,,,,,NVIDIA A100-SXM4-40GB MIG 4g.20gb (0),1,,13,"void ch_est::windowedChEstPreNoDftSOfdmKernel<float, __half, float, (unsigned int)2, (unsigned int)1, (unsigned short)4>(ch_est::puschRxChEstStatDescr_t *, ch_est::puschRxChEstDynDescr_t *)"
6462038920,9056,169591,137,2,1,24,2,1,44,0.001,0.001,,,,,NVIDIA A100-SXM4-40GB MIG 4g.20gb (0),1,,13,"void ch_est::chEstFilterNoDftSOfdmDispatchKernel<float, __half, float, (unsigned int)2>(ch_est::puschRxChEstStatDescr_t *, ch_est::puschRxChEstDynDescr_t *)"
6462248838,9696,169592,137,2,1,24,2,1,44,0.001,0.001,,,,,NVIDIA A100-SXM4-40GB MIG 4g.20gb (0),1,,13,"void ch_est::chEstFilterNoDftSOfdmDispatchKernel<float, __half, float, (unsigned int)2>(ch_est::puschRxChEstStatDescr_t *, ch_est::puschRxChEstDynDescr_t *)"
6462453636,4544,169603,103,1,1,128,1,1,16,0.000,0.000,,,,,NVIDIA A100-SXM4-40GB MIG 4g.20gb (0),1,,13,cupy_copy__complex64_complex64
6462658433,16128,169613,1434,1,1,128,1,1,16,0.000,0.000,,,,,NVIDIA A100-SXM4-40GB MIG 4g.20gb (0),1,,13,cupy_copy__complex64_complex64
6462874271,5664,169620,103,1,1,128,1,1,16,0.000,0.000,,,,,NVIDIA A100-SXM4-40GB MIG 4g.20gb (0),1,,13,cupy_copy__complex64_complex64
6463086973,283228,169627,1,1,1,32,32,1,30,0.000,0.000,,,,,NVIDIA A100-SXM4-40GB MIG 4g.20gb (0),1,,13,"void convert_kernel<__half2, float2>(tensor_layout_any, T1 *, tensor_layout_any, const T2 *)"
6463400185,8480,169630,,,,,,,,,,0.094,11049.007,Pinned,Device,NVIDIA A100-SXM4-40GB MIG 4g.20gb (0),1,,13,[CUDA memcpy Host-to-Device]
6463447800,49248,169631,,,,,,,,,,35.810,727120.426,Device,,NVIDIA A100-SXM4-40GB MIG 4g.20gb (0),1,,13,[CUDA memset]
6463498488,7264,169633,,,,,,,,,,0.000,11.013,Pinned,Device,NVIDIA A100-SXM4-40GB MIG 4g.20gb (0),1,,13,[CUDA memcpy Host-to-Device]
6463508632,9504,169634,,,,,,,,,,0.197,20686.701,Pinned,Device,NVIDIA A100-SXM4-40GB MIG 4g.20gb (0),1,,13,[CUDA memcpy Host-to-Device]
6463647382,13024,169635,273,1,1,48,1,1,40,0.000,0.001,,,,,NVIDIA A100-SXM4-40GB MIG 4g.20gb (0),1,,13,"void pusch_noise_intf_est::noiseIntfEstNoDftSOfdmKernel<float, __half, float, float, (unsigned int)2, (unsigned int)1, (unsigned char)4, (unsigned char)4>(pusch_noise_intf_est::puschRxNoiseIntfEstDynDescr)"
6463787637,5152,169646,35,1,1,128,1,1,16,0.000,0.000,,,,,NVIDIA A100-SXM4-40GB MIG 4g.20gb (0),1,,13,cupy_copy__complex64_complex64
6463914035,3744,169655,1,1,1,1,1,1,18,0.000,0.000,,,,,NVIDIA A100-SXM4-40GB MIG 4g.20gb (0),1,,13,cupy_copy__float32_float32
6463922707,5600,169661,,,,,,,,,,0.000,0.714,Device,Pageable,NVIDIA A100-SXM4-40GB MIG 4g.20gb (0),1,,7,[CUDA memcpy Device-to-Host]
6464102897,15008,169672,1434,1,1,128,1,1,16,0.000,0.000,,,,,NVIDIA A100-SXM4-40GB MIG 4g.20gb (0),1,,13,cupy_copy__complex64_complex64
6464233552,3999,169679,103,1,1,128,1,1,16,0.000,0.000,,,,,NVIDIA A100-SXM4-40GB MIG 4g.20gb (0),1,,13,cupy_copy__complex64_complex64
6464357806,7072,169686,35,1,1,128,1,1,16,0.000,0.000,,,,,NVIDIA A100-SXM4-40GB MIG 4g.20gb (0),1,,13,cupy_copy__complex64_complex64
6464499309,3167,169693,1,1,1,1,1,1,18,0.000,0.000,,,,,NVIDIA A100-SXM4-40GB MIG 4g.20gb (0),1,,13,cupy_copy__float32_float32
6464624779,316349,169704,1,1,1,32,32,1,30,0.000,0.000,,,,,NVIDIA A100-SXM4-40GB MIG 4g.20gb (0),1,,13,"void convert_kernel<__half2, float2>(tensor_layout_any, T1 *, tensor_layout_any, const T2 *)"
6464976039,9248,169707,,,,,,,,,,0.094,10131.442,Pinned,Device,NVIDIA A100-SXM4-40GB MIG 4g.20gb (0),1,,13,[CUDA memcpy Host-to-Device]
6465383235,5055,169708,,,,,,,,,,1.547,305957.800,Device,,NVIDIA A100-SXM4-40GB MIG 4g.20gb (0),1,,13,[CUDA memset]
6465392578,7424,169713,,,,,,,,,,0.031,4215.509,Pinned,Device,NVIDIA A100-SXM4-40GB MIG 4g.20gb (0),1,,13,[CUDA memcpy Host-to-Device]
6465409602,12096,169714,,,,,,,,,,0.197,16253.780,Pinned,Device,NVIDIA A100-SXM4-40GB MIG 4g.20gb (0),1,,13,[CUDA memcpy Host-to-Device]
6465721855,10400,169715,273,1,1,8,4,1,39,0.002,0.000,,,,,NVIDIA A100-SXM4-40GB MIG 4g.20gb (0),1,,13,"void channel_eq::eqMmseCoefCompLowMimoKernel<float, float, float, (unsigned int)4, (unsigned int)1, (unsigned int)4>(const channel_eq::_puschRxChEqStatDescr *, channel_eq::_puschRxChEqCoefCompDynDescr)"
6465991484,13023,169716,273,1,1,12,11,1,51,0.002,0.000,,,,,NVIDIA A100-SXM4-40GB MIG 4g.20gb (0),1,,13,"void channel_eq::eqMmseSoftDemapKernel<float, __half, __half, float, (unsigned int)4, (unsigned short)16383>(channel_eq::_puschRxChEqStatDescr *, channel_eq::_puschRxChEqSoftDemapDynDescr)"
6466428695,709112,169717,1,1,1,32,32,1,30,0.000,0.000,,,,,NVIDIA A100-SXM4-40GB MIG 4g.20gb (0),1,,13,"void convert_kernel<float2, __half2>(tensor_layout_any, T1 *, tensor_layout_any, const T2 *)"
6467507530,14080,169729,2253,1,1,128,1,1,16,0.000,0.000,,,,,NVIDIA A100-SXM4-40GB MIG 4g.20gb (0),1,,13,cupy_copy__float16_float16
6467957765,6240,169738,282,1,1,128,1,1,16,0.000,0.000,,,,,NVIDIA A100-SXM4-40GB MIG 4g.20gb (0),1,,13,cupy_copy__complex64_complex64
6468221730,3584,169747,26,1,1,128,1,1,16,0.000,0.000,,,,,NVIDIA A100-SXM4-40GB MIG 4g.20gb (0),1,,13,cupy_copy__float32_float32
6468544447,6432,169756,103,1,1,128,1,1,16,0.000,0.000,,,,,NVIDIA A100-SXM4-40GB MIG 4g.20gb (0),1,,13,cupy_copy__complex64_complex64
6468867771,15552,169766,1434,1,1,128,1,1,16,0.000,0.000,,,,,NVIDIA A100-SXM4-40GB MIG 4g.20gb (0),1,,13,cupy_copy__complex64_complex64
6469084185,199357,169771,1,1,1,32,32,1,30,0.000,0.000,,,,,NVIDIA A100-SXM4-40GB MIG 4g.20gb (0),1,,13,"void convert_kernel<__half2, float2>(tensor_layout_any, T1 *, tensor_layout_any, const T2 *)"
6469313430,5344,169774,,,,,,,,,,0.094,17532.864,Pinned,Device,NVIDIA A100-SXM4-40GB MIG 4g.20gb (0),1,,13,[CUDA memcpy Host-to-Device]
6469342422,607321,169775,,,,,,,,,,456.561,751500.130,Device,,NVIDIA A100-SXM4-40GB MIG 4g.20gb (0),1,,13,[CUDA memset]
6469953423,52447,169780,,,,,,,,,,1.235,23545.442,Pinned,Device,NVIDIA A100-SXM4-40GB MIG 4g.20gb (0),1,,13,[CUDA memcpy Host-to-Device]
6470009614,9408,169781,,,,,,,,,,0.197,20897.858,Pinned,Device,NVIDIA A100-SXM4-40GB MIG 4g.20gb (0),1,,13,[CUDA memcpy Host-to-Device]
6470027470,10304,169782,69,4,1,48,1,1,76,0.002,0.000,,,,,NVIDIA A100-SXM4-40GB MIG 4g.20gb (0),1,,13,"void ch_est::windowedChEstPreNoDftSOfdmKernel<float, __half, float, (unsigned int)2, (unsigned int)1, (unsigned short)4>(ch_est::puschRxChEstStatDescr_t *, ch_est::puschRxChEstDynDescr_t *)"
6470047854,7648,169783,137,2,1,24,2,1,44,0.001,0.001,,,,,NVIDIA A100-SXM4-40GB MIG 4g.20gb (0),1,,13,"void ch_est::chEstFilterNoDftSOfdmDispatchKernel<float, __half, float, (unsigned int)2>(ch_est::puschRxChEstStatDescr_t *, ch_est::puschRxChEstDynDescr_t *)"
6470066382,7583,169784,137,2,1,24,2,1,44,0.001,0.001,,,,,NVIDIA A100-SXM4-40GB MIG 4g.20gb (0),1,,13,"void ch_est::chEstFilterNoDftSOfdmDispatchKernel<float, __half, float, (unsigned int)2>(ch_est::puschRxChEstStatDescr_t *, ch_est::puschRxChEstDynDescr_t *)"
6470083789,3744,169795,103,1,1,128,1,1,16,0.000,0.000,,,,,NVIDIA A100-SXM4-40GB MIG 4g.20gb (0),1,,13,cupy_copy__complex64_complex64
6470099821,19680,169805,1434,1,1,128,1,1,16,0.000,0.000,,,,,NVIDIA A100-SXM4-40GB MIG 4g.20gb (0),1,,13,cupy_copy__complex64_complex64
6470177644,4128,169812,103,1,1,128,1,1,16,0.000,0.000,,,,,NVIDIA A100-SXM4-40GB MIG 4g.20gb (0),1,,13,cupy_copy__complex64_complex64
6470277931,258813,169819,1,1,1,32,32,1,30,0.000,0.000,,,,,NVIDIA A100-SXM4-40GB MIG 4g.20gb (0),1,,13,"void convert_kernel<__half2, float2>(tensor_layout_any, T1 *, tensor_layout_any, const T2 *)"
6470569224,6176,169822,,,,,,,,,,0.094,15170.975,Pinned,Device,NVIDIA A100-SXM4-40GB MIG 4g.20gb (0),1,,13,[CUDA memcpy Host-to-Device]
6470646855,49215,169823,,,,,,,,,,35.810,727621.764,Device,,NVIDIA A100-SXM4-40GB MIG 4g.20gb (0),1,,13,[CUDA memset]
6470700390,3616,169825,,,,,,,,,,0.000,22.124,Pinned,Device,NVIDIA A100-SXM4-40GB MIG 4g.20gb (0),1,,13,[CUDA memcpy Host-to-Device]
6470709702,21984,169826,,,,,,,,,,0.197,8943.108,Pinned,Device,NVIDIA A100-SXM4-40GB MIG 4g.20gb (0),1,,13,[CUDA memcpy Host-to-Device]
6470872356,20320,169827,273,1,1,48,1,1,40,0.000,0.001,,,,,NVIDIA A100-SXM4-40GB MIG 4g.20gb (0),1,,13,"void pusch_noise_intf_est::noiseIntfEstNoDftSOfdmKernel<float, __half, float, float, (unsigned int)2, (unsigned int)1, (unsigned char)4, (unsigned char)4>(pusch_noise_intf_est::puschRxNoiseIntfEstDynDescr)"
6471099842,4000,169838,35,1,1,128,1,1,16,0.000,0.000,,,,,NVIDIA A100-SXM4-40GB MIG 4g.20gb (0),1,,13,cupy_copy__complex64_complex64
6471328383,6144,169847,1,1,1,1,1,1,18,0.000,0.000,,,,,NVIDIA A100-SXM4-40GB MIG 4g.20gb (0),1,,13,cupy_copy__float32_float32
6471336703,6208,169853,,,,,,,,,,0.000,0.644,Device,Pageable,NVIDIA A100-SXM4-40GB MIG 4g.20gb (0),1,,7,[CUDA memcpy Device-to-Host]
6471602684,22048,169864,1434,1,1,128,1,1,16,0.000,0.000,,,,,NVIDIA A100-SXM4-40GB MIG 4g.20gb (0),1,,13,cupy_copy__complex64_complex64
6471855321,4768,169871,103,1,1,128,1,1,16,0.000,0.000,,,,,NVIDIA A100-SXM4-40GB MIG 4g.20gb (0),1,,13,cupy_copy__complex64_complex64
6472169782,5088,169878,35,1,1,128,1,1,16,0.000,0.000,,,,,NVIDIA A100-SXM4-40GB MIG 4g.20gb (0),1,,13,cupy_copy__complex64_complex64
6472542001,6112,169885,1,1,1,1,1,1,18,0.000,0.000,,,,,NVIDIA A100-SXM4-40GB MIG 4g.20gb (0),1,,13,cupy_copy__float32_float32
6472841454,283933,169896,1,1,1,32,32,1,30,0.000,0.000,,,,,NVIDIA A100-SXM4-40GB MIG 4g.20gb (0),1,,13,"void convert_kernel<__half2, float2>(tensor_layout_any, T1 *, tensor_layout_any, const T2 *)"
6473163690,6368,169899,,,,,,,,,,0.094,14713.551,Pinned,Device,NVIDIA A100-SXM4-40GB MIG 4g.20gb (0),1,,13,[CUDA memcpy Host-to-Device]
6473443079,6752,169900,,,,,,,,,,1.547,229061.201,Device,,NVIDIA A100-SXM4-40GB MIG 4g.20gb (0),1,,13,[CUDA memset]
6473457191,3520,169905,,,,,,,,,,0.031,8890.881,Pinned,Device,NVIDIA A100-SXM4-40GB MIG 4g.20gb (0),1,,13,[CUDA memcpy Host-to-Device]
6473463207,9728,169906,,,,,,,,,,0.197,20210.516,Pinned,Device,NVIDIA A100-SXM4-40GB MIG 4g.20gb (0),1,,13,[CUDA memcpy Host-to-Device]
6473743876,9664,169907,273,1,1,8,4,1,39,0.002,0.000,,,,,NVIDIA A100-SXM4-40GB MIG 4g.20gb (0),1,,13,"void channel_eq::eqMmseCoefCompLowMimoKernel<float, float, float, (unsigned int)4, (unsigned int)1, (unsigned int)4>(const channel_eq::_puschRxChEqStatDescr *, channel_eq::_puschRxChEqCoefCompDynDescr)"
6474020833,9824,169908,273,1,1,12,11,1,51,0.002,0.000,,,,,NVIDIA A100-SXM4-40GB MIG 4g.20gb (0),1,,13,"void channel_eq::eqMmseSoftDemapKernel<float, __half, __half, float, (unsigned int)4, (unsigned short)16383>(channel_eq::_puschRxChEqStatDescr *, channel_eq::_puschRxChEqSoftDemapDynDescr)"
6474210911,596889,169909,1,1,1,32,32,1,30,0.000,0.000,,,,,NVIDIA A100-SXM4-40GB MIG 4g.20gb (0),1,,13,"void convert_kernel<float2, __half2>(tensor_layout_any, T1 *, tensor_layout_any, const T2 *)"
6474900823,23328,169921,2253,1,1,128,1,1,16,0.000,0.000,,,,,NVIDIA A100-SXM4-40GB MIG 4g.20gb (0),1,,13,cupy_copy__float16_float16
6475092949,14655,169930,282,1,1,128,1,1,16,0.000,0.000,,,,,NVIDIA A100-SXM4-40GB MIG 4g.20gb (0),1,,13,cupy_copy__complex64_complex64
6475205779,3200,169939,26,1,1,128,1,1,16,0.000,0.000,,,,,NVIDIA A100-SXM4-40GB MIG 4g.20gb (0),1,,13,cupy_copy__float32_float32
6475336754,18112,169948,103,1,1,128,1,1,16,0.000,0.000,,,,,NVIDIA A100-SXM4-40GB MIG 4g.20gb (0),1,,13,cupy_copy__complex64_complex64
6475458064,14752,169958,1434,1,1,128,1,1,16,0.000,0.000,,,,,NVIDIA A100-SXM4-40GB MIG 4g.20gb (0),1,,13,cupy_copy__complex64_complex64
6475667566,290717,169963,1,1,1,32,32,1,30,0.000,0.000,,,,,NVIDIA A100-SXM4-40GB MIG 4g.20gb (0),1,,13,"void convert_kernel<__half2, float2>(tensor_layout_any, T1 *, tensor_layout_any, const T2 *)"
6475990506,10720,169966,,,,,,,,,,0.094,8740.244,Pinned,Device,NVIDIA A100-SXM4-40GB MIG 4g.20gb (0),1,,13,[CUDA memcpy Host-to-Device]
6476146825,611129,169967,,,,,,,,,,456.561,746934.516,Device,,NVIDIA A100-SXM4-40GB MIG 4g.20gb (0),1,,13,[CUDA memset]
6476761090,60543,169972,,,,,,,,,,1.235,20397.570,Pinned,Device,NVIDIA A100-SXM4-40GB MIG 4g.20gb (0),1,,13,[CUDA memcpy Host-to-Device]
6476827649,11712,169973,,,,,,,,,,0.197,16786.784,Pinned,Device,NVIDIA A100-SXM4-40GB MIG 4g.20gb (0),1,,13,[CUDA memcpy Host-to-Device]
6476978207,8544,169974,69,4,1,48,1,1,76,0.002,0.000,,,,,NVIDIA A100-SXM4-40GB MIG 4g.20gb (0),1,,13,"void ch_est::windowedChEstPreNoDftSOfdmKernel<float, __half, float, (unsigned int)2, (unsigned int)1, (unsigned short)4>(ch_est::puschRxChEstStatDescr_t *, ch_est::puschRxChEstDynDescr_t *)"
6477176477,14752,169975,137,2,1,24,2,1,44,0.001,0.001,,,,,NVIDIA A100-SXM4-40GB MIG 4g.20gb (0),1,,13,"void ch_est::chEstFilterNoDftSOfdmDispatchKernel<float, __half, float, (unsigned int)2>(ch_est::puschRxChEstStatDescr_t *, ch_est::puschRxChEstDynDescr_t *)"
6477334235,10976,169976,137,2,1,24,2,1,44,0.001,0.001,,,,,NVIDIA A100-SXM4-40GB MIG 4g.20gb (0),1,,13,"void ch_est::chEstFilterNoDftSOfdmDispatchKernel<float, __half, float, (unsigned int)2>(ch_est::puschRxChEstStatDescr_t *, ch_est::puschRxChEstDynDescr_t *)"
6477559225,6112,169987,103,1,1,128,1,1,16,0.000,0.000,,,,,NVIDIA A100-SXM4-40GB MIG 4g.20gb (0),1,,13,cupy_copy__complex64_complex64
6477680599,15264,169997,1434,1,1,128,1,1,16,0.000,0.000,,,,,NVIDIA A100-SXM4-40GB MIG 4g.20gb (0),1,,13,cupy_copy__complex64_complex64
6477786134,4320,170004,103,1,1,128,1,1,16,0.000,0.000,,,,,NVIDIA A100-SXM4-40GB MIG 4g.20gb (0),1,,13,cupy_copy__complex64_complex64
6477869589,88735,170011,1,1,1,32,32,1,30,0.000,0.000,,,,,NVIDIA A100-SXM4-40GB MIG 4g.20gb (0),1,,13,"void convert_kernel<__half2, float2>(tensor_layout_any, T1 *, tensor_layout_any, const T2 *)"
6477987668,6400,170014,,,,,,,,,,0.094,14640.000,Pinned,Device,NVIDIA A100-SXM4-40GB MIG 4g.20gb (0),1,,13,[CUDA memcpy Host-to-Device]
6478079187,49791,170015,,,,,,,,,,35.810,719170.623,Device,,NVIDIA A100-SXM4-40GB MIG 4g.20gb (0),1,,13,[CUDA memset]
6478135090,2080,170017,,,,,,,,,,0.000,38.462,Pinned,Device,NVIDIA A100-SXM4-40GB MIG 4g.20gb (0),1,,13,[CUDA memcpy Host-to-Device]
6478139602,9504,170018,,,,,,,,,,0.197,20686.701,Pinned,Device,NVIDIA A100-SXM4-40GB MIG 4g.20gb (0),1,,13,[CUDA memcpy Host-to-Device]
6478248209,10368,170019,273,1,1,48,1,1,40,0.000,0.001,,,,,NVIDIA A100-SXM4-40GB MIG 4g.20gb (0),1,,13,"void pusch_noise_intf_est::noiseIntfEstNoDftSOfdmKernel<float, __half, float, float, (unsigned int)2, (unsigned int)1, (unsigned char)4, (unsigned char)4>(pusch_noise_intf_est::puschRxNoiseIntfEstDynDescr)"
6478349872,5600,170030,35,1,1,128,1,1,16,0.000,0.000,,,,,NVIDIA A100-SXM4-40GB MIG 4g.20gb (0),1,,13,cupy_copy__complex64_complex64
6478431087,2880,170039,1,1,1,1,1,1,18,0.000,0.000,,,,,NVIDIA A100-SXM4-40GB MIG 4g.20gb (0),1,,13,cupy_copy__float32_float32
6478435119,1632,170045,,,,,,,,,,0.000,2.451,Device,Pageable,NVIDIA A100-SXM4-40GB MIG 4g.20gb (0),1,,7,[CUDA memcpy Device-to-Host]
6478544494,13599,170056,1434,1,1,128,1,1,16,0.000,0.000,,,,,NVIDIA A100-SXM4-40GB MIG 4g.20gb (0),1,,13,cupy_copy__complex64_complex64
6478632397,4223,170063,103,1,1,128,1,1,16,0.000,0.000,,,,,NVIDIA A100-SXM4-40GB MIG 4g.20gb (0),1,,13,cupy_copy__complex64_complex64
6478716108,3264,170070,35,1,1,128,1,1,16,0.000,0.000,,,,,NVIDIA A100-SXM4-40GB MIG 4g.20gb (0),1,,13,cupy_copy__complex64_complex64
6478787531,2496,170077,1,1,1,1,1,1,18,0.000,0.000,,,,,NVIDIA A100-SXM4-40GB MIG 4g.20gb (0),1,,13,cupy_copy__float32_float32
6478845706,95583,170088,1,1,1,32,32,1,30,0.000,0.000,,,,,NVIDIA A100-SXM4-40GB MIG 4g.20gb (0),1,,13,"void convert_kernel<__half2, float2>(tensor_layout_any, T1 *, tensor_layout_any, const T2 *)"
6478972841,5472,170091,,,,,,,,,,0.094,17122.757,Pinned,Device,NVIDIA A100-SXM4-40GB MIG 4g.20gb (0),1,,13,[CUDA memcpy Host-to-Device]
6479037704,6880,170092,,,,,,,,,,1.547,224798.705,Device,,NVIDIA A100-SXM4-40GB MIG 4g.20gb (0),1,,13,[CUDA memset]
6479050248,3200,170097,,,,,,,,,,0.031,9780.000,Pinned,Device,NVIDIA A100-SXM4-40GB MIG 4g.20gb (0),1,,13,[CUDA memcpy Host-to-Device]
6479056168,9728,170098,,,,,,,,,,0.197,20210.516,Pinned,Device,NVIDIA A100-SXM4-40GB MIG 4g.20gb (0),1,,13,[CUDA memcpy Host-to-Device]
6479134727,9888,170099,273,1,1,8,4,1,39,0.002,0.000,,,,,NVIDIA A100-SXM4-40GB MIG 4g.20gb (0),1,,13,"void channel_eq::eqMmseCoefCompLowMimoKernel<float, float, float, (unsigned int)4, (unsigned int)1, (unsigned int)4>(const channel_eq::_puschRxChEqStatDescr *, channel_eq::_puschRxChEqCoefCompDynDescr)"
6479287749,13056,170100,273,1,1,12,11,1,51,0.002,0.000,,,,,NVIDIA A100-SXM4-40GB MIG 4g.20gb (0),1,,13,"void channel_eq::eqMmseSoftDemapKernel<float, __half, __half, float, (unsigned int)4, (unsigned short)16383>(channel_eq::_puschRxChEqStatDescr *, channel_eq::_puschRxChEqSoftDemapDynDescr)"
6479632929,607065,170101,1,1,1,32,32,1,30,0.000,0.000,,,,,NVIDIA A100-SXM4-40GB MIG 4g.20gb (0),1,,13,"void convert_kernel<float2, __half2>(tensor_layout_any, T1 *, tensor_layout_any, const T2 *)"
6480462296,18624,170113,2253,1,1,128,1,1,16,0.000,0.000,,,,,NVIDIA A100-SXM4-40GB MIG 4g.20gb (0),1,,13,cupy_copy__float16_float16
6480804980,9568,170122,282,1,1,128,1,1,16,0.000,0.000,,,,,NVIDIA A100-SXM4-40GB MIG 4g.20gb (0),1,,13,cupy_copy__complex64_complex64
6481080561,4224,170131,26,1,1,128,1,1,16,0.000,0.000,,,,,NVIDIA A100-SXM4-40GB MIG 4g.20gb (0),1,,13,cupy_copy__float32_float32
6481394733,6720,170140,103,1,1,128,1,1,16,0.000,0.000,,,,,NVIDIA A100-SXM4-40GB MIG 4g.20gb (0),1,,13,cupy_copy__complex64_complex64
6481711114,16767,170150,1434,1,1,128,1,1,16,0.000,0.000,,,,,NVIDIA A100-SXM4-40GB MIG 4g.20gb (0),1,,13,cupy_copy__complex64_complex64
6482094917,261117,170155,1,1,1,32,32,1,30,0.000,0.000,,,,,NVIDIA A100-SXM4-40GB MIG 4g.20gb (0),1,,13,"void convert_kernel<__half2, float2>(tensor_layout_any, T1 *, tensor_layout_any, const T2 *)"
6482386274,10176,170158,,,,,,,,,,0.094,9207.506,Pinned,Device,NVIDIA A100-SXM4-40GB MIG 4g.20gb (0),1,,13,[CUDA memcpy Host-to-Device]
6482702302,624793,170159,,,,,,,,,,456.561,730498.304,Device,,NVIDIA A100-SXM4-40GB MIG 4g.20gb (0),1,,13,[CUDA memset]
6483332855,67488,170164,,,,,,,,,,1.235,18298.165,Pinned,Device,NVIDIA A100-SXM4-40GB MIG 4g.20gb (0),1,,13,[CUDA memcpy Host-to-Device]
6483404055,11967,170165,,,,,,,,,,0.197,16429.154,Pinned,Device,NVIDIA A100-SXM4-40GB MIG 4g.20gb (0),1,,13,[CUDA memcpy Host-to-Device]
6483728051,21568,170166,69,4,1,48,1,1,76,0.002,0.000,,,,,NVIDIA A100-SXM4-40GB MIG 4g.20gb (0),1,,13,"void ch_est::windowedChEstPreNoDftSOfdmKernel<float, __half, float, (unsigned int)2, (unsigned int)1, (unsigned short)4>(ch_est::puschRxChEstStatDescr_t *, ch_est::puschRxChEstDynDescr_t *)"
6483936816,18464,170167,137,2,1,24,2,1,44,0.001,0.001,,,,,NVIDIA A100-SXM4-40GB MIG 4g.20gb (0),1,,13,"void ch_est::chEstFilterNoDftSOfdmDispatchKernel<float, __half, float, (unsigned int)2>(ch_est::puschRxChEstStatDescr_t *, ch_est::puschRxChEstDynDescr_t *)"
6484072943,17376,170168,137,2,1,24,2,1,44,0.001,0.001,,,,,NVIDIA A100-SXM4-40GB MIG 4g.20gb (0),1,,13,"void ch_est::chEstFilterNoDftSOfdmDispatchKernel<float, __half, float, (unsigned int)2>(ch_est::puschRxChEstStatDescr_t *, ch_est::puschRxChEstDynDescr_t *)"
6484213645,4896,170179,103,1,1,128,1,1,16,0.000,0.000,,,,,NVIDIA A100-SXM4-40GB MIG 4g.20gb (0),1,,13,cupy_copy__complex64_complex64
6484394091,16896,170189,1434,1,1,128,1,1,16,0.000,0.000,,,,,NVIDIA A100-SXM4-40GB MIG 4g.20gb (0),1,,13,cupy_copy__complex64_complex64
6484581385,7520,170196,103,1,1,128,1,1,16,0.000,0.000,,,,,NVIDIA A100-SXM4-40GB MIG 4g.20gb (0),1,,13,cupy_copy__complex64_complex64
6484753415,262045,170203,1,1,1,32,32,1,30,0.000,0.000,,,,,NVIDIA A100-SXM4-40GB MIG 4g.20gb (0),1,,13,"void convert_kernel<__half2, float2>(tensor_layout_any, T1 *, tensor_layout_any, const T2 *)"
6485044836,5536,170206,,,,,,,,,,0.094,16924.777,Pinned,Device,NVIDIA A100-SXM4-40GB MIG 4g.20gb (0),1,,13,[CUDA memcpy Host-to-Device]
6485219586,49119,170207,,,,,,,,,,35.810,729018.351,Device,,NVIDIA A100-SXM4-40GB MIG 4g.20gb (0),1,,13,[CUDA memset]
6485276385,1856,170209,,,,,,,,,,0.000,43.103,Pinned,Device,NVIDIA A100-SXM4-40GB MIG 4g.20gb (0),1,,13,[CUDA memcpy Host-to-Device]
6485280769,9728,170210,,,,,,,,,,0.197,20210.516,Pinned,Device,NVIDIA A100-SXM4-40GB MIG 4g.20gb (0),1,,13,[CUDA memcpy Host-to-Device]
6485392128,11520,170211,273,1,1,48,1,1,40,0.000,0.001,,,,,NVIDIA A100-SXM4-40GB MIG 4g.20gb (0),1,,13,"void pusch_noise_intf_est::noiseIntfEstNoDftSOfdmKernel<float, __half, float, float, (unsigned int)2, (unsigned int)1, (unsigned char)4, (unsigned char)4>(pusch_noise_intf_est::puschRxNoiseIntfEstDynDescr)"
6485551358,5920,170222,35,1,1,128,1,1,16,0.000,0.000,,,,,NVIDIA A100-SXM4-40GB MIG 4g.20gb (0),1,,13,cupy_copy__complex64_complex64
6485802907,3040,170231,1,1,1,1,1,1,18,0.000,0.000,,,,,NVIDIA A100-SXM4-40GB MIG 4g.20gb (0),1,,13,cupy_copy__float32_float32
6485807515,2016,170237,,,,,,,,,,0.000,1.984,Device,Pageable,NVIDIA A100-SXM4-40GB MIG 4g.20gb (0),1,,7,[CUDA memcpy Device-to-Host]
6486101176,15232,170248,1434,1,1,128,1,1,16,0.000,0.000,,,,,NVIDIA A100-SXM4-40GB MIG 4g.20gb (0),1,,13,cupy_copy__complex64_complex64
6486229303,4479,170255,103,1,1,128,1,1,16,0.000,0.000,,,,,NVIDIA A100-SXM4-40GB MIG 4g.20gb (0),1,,13,cupy_copy__complex64_complex64
6486480020,3872,170262,35,1,1,128,1,1,16,0.000,0.000,,,,,NVIDIA A100-SXM4-40GB MIG 4g.20gb (0),1,,13,cupy_copy__complex64_complex64
6486737329,3584,170269,1,1,1,1,1,1,18,0.000,0.000,,,,,NVIDIA A100-SXM4-40GB MIG 4g.20gb (0),1,,13,cupy_copy__float32_float32
6486987470,221277,170280,1,1,1,32,32,1,30,0.000,0.000,,,,,NVIDIA A100-SXM4-40GB MIG 4g.20gb (0),1,,13,"void convert_kernel<__half2, float2>(tensor_layout_any, T1 *, tensor_layout_any, const T2 *)"
6487238539,5504,170283,,,,,,,,,,0.094,17023.251,Pinned,Device,NVIDIA A100-SXM4-40GB MIG 4g.20gb (0),1,,13,[CUDA memcpy Host-to-Device]
6487491880,4896,170284,,,,,,,,,,1.547,315894.859,Device,,NVIDIA A100-SXM4-40GB MIG 4g.20gb (0),1,,13,[CUDA memset]
6487503208,5056,170289,,,,,,,,,,0.031,6189.848,Pinned,Device,NVIDIA A100-SXM4-40GB MIG 4g.20gb (0),1,,13,[CUDA memcpy Host-to-Device]
6487514536,14048,170290,,,,,,,,,,0.197,13995.344,Pinned,Device,NVIDIA A100-SXM4-40GB MIG 4g.20gb (0),1,,13,[CUDA memcpy Host-to-Device]
6487829284,15200,170291,273,1,1,8,4,1,39,0.002,0.000,,,,,NVIDIA A100-SXM4-40GB MIG 4g.20gb (0),1,,13,"void channel_eq::eqMmseCoefCompLowMimoKernel<float, float, float, (unsigned int)4, (unsigned int)1, (unsigned int)4>(const channel_eq::_puschRxChEqStatDescr *, channel_eq::_puschRxChEqCoefCompDynDescr)"
6488227552,10656,170292,273,1,1,12,11,1,51,0.002,0.000,,,,,NVIDIA A100-SXM4-40GB MIG 4g.20gb (0),1,,13,"void channel_eq::eqMmseSoftDemapKernel<float, __half, __half, float, (unsigned int)4, (unsigned short)16383>(channel_eq::_puschRxChEqStatDescr *, channel_eq::_puschRxChEqSoftDemapDynDescr)"
6488627291,672217,170293,1,1,1,32,32,1,30,0.000,0.000,,,,,NVIDIA A100-SXM4-40GB MIG 4g.20gb (0),1,,13,"void convert_kernel<float2, __half2>(tensor_layout_any, T1 *, tensor_layout_any, const T2 *)"
6489515569,13696,170305,2253,1,1,128,1,1,16,0.000,0.000,,,,,NVIDIA A100-SXM4-40GB MIG 4g.20gb (0),1,,13,cupy_copy__float16_float16
6489730543,5984,170314,282,1,1,128,1,1,16,0.000,0.000,,,,,NVIDIA A100-SXM4-40GB MIG 4g.20gb (0),1,,13,cupy_copy__complex64_complex64
6489852718,3711,170323,26,1,1,128,1,1,16,0.000,0.000,,,,,NVIDIA A100-SXM4-40GB MIG 4g.20gb (0),1,,13,cupy_copy__float32_float32
6490027852,6271,170332,103,1,1,128,1,1,16,0.000,0.000,,,,,NVIDIA A100-SXM4-40GB MIG 4g.20gb (0),1,,13,cupy_copy__complex64_complex64
6490235625,16704,170342,1434,1,1,128,1,1,16,0.000,0.000,,,,,NVIDIA A100-SXM4-40GB MIG 4g.20gb (0),1,,13,cupy_copy__complex64_complex64
6490450247,192990,170347,1,1,1,32,32,1,30,0.000,0.000,,,,,NVIDIA A100-SXM4-40GB MIG 4g.20gb (0),1,,13,"void convert_kernel<__half2, float2>(tensor_layout_any, T1 *, tensor_layout_any, const T2 *)"
6490673188,5920,170350,,,,,,,,,,0.094,15826.941,Pinned,Device,NVIDIA A100-SXM4-40GB MIG 4g.20gb (0),1,,13,[CUDA memcpy Host-to-Device]
6490747555,620409,170351,,,,,,,,,,456.561,735520.480,Device,,NVIDIA A100-SXM4-40GB MIG 4g.20gb (0),1,,13,[CUDA memset]
6491373948,57056,170356,,,,,,,,,,1.235,21643.629,Pinned,Device,NVIDIA A100-SXM4-40GB MIG 4g.20gb (0),1,,13,[CUDA memcpy Host-to-Device]
6491433948,9984,170357,,,,,,,,,,0.197,19692.257,Pinned,Device,NVIDIA A100-SXM4-40GB MIG 4g.20gb (0),1,,13,[CUDA memcpy Host-to-Device]
6491599578,10592,170358,69,4,1,48,1,1,76,0.002,0.000,,,,,NVIDIA A100-SXM4-40GB MIG 4g.20gb (0),1,,13,"void ch_est::windowedChEstPreNoDftSOfdmKernel<float, __half, float, (unsigned int)2, (unsigned int)1, (unsigned short)4>(ch_est::puschRxChEstStatDescr_t *, ch_est::puschRxChEstDynDescr_t *)"
6491796408,8511,170359,137,2,1,24,2,1,44,0.001,0.001,,,,,NVIDIA A100-SXM4-40GB MIG 4g.20gb (0),1,,13,"void ch_est::chEstFilterNoDftSOfdmDispatchKernel<float, __half, float, (unsigned int)2>(ch_est::puschRxChEstStatDescr_t *, ch_est::puschRxChEstDynDescr_t *)"
6492004117,8384,170360,137,2,1,24,2,1,44,0.001,0.001,,,,,NVIDIA A100-SXM4-40GB MIG 4g.20gb (0),1,,13,"void ch_est::chEstFilterNoDftSOfdmDispatchKernel<float, __half, float, (unsigned int)2>(ch_est::puschRxChEstStatDescr_t *, ch_est::puschRxChEstDynDescr_t *)"
6492128564,4608,170371,103,1,1,128,1,1,16,0.000,0.000,,,,,NVIDIA A100-SXM4-40GB MIG 4g.20gb (0),1,,13,cupy_copy__complex64_complex64
6492308658,16544,170381,1434,1,1,128,1,1,16,0.000,0.000,,,,,NVIDIA A100-SXM4-40GB MIG 4g.20gb (0),1,,13,cupy_copy__complex64_complex64
6492513103,4832,170388,103,1,1,128,1,1,16,0.000,0.000,,,,,NVIDIA A100-SXM4-40GB MIG 4g.20gb (0),1,,13,cupy_copy__complex64_complex64
6492702669,232382,170395,1,1,1,32,32,1,30,0.000,0.000,,,,,NVIDIA A100-SXM4-40GB MIG 4g.20gb (0),1,,13,"void convert_kernel<__half2, float2>(tensor_layout_any, T1 *, tensor_layout_any, const T2 *)"
6492964074,6624,170398,,,,,,,,,,0.094,14144.910,Pinned,Device,NVIDIA A100-SXM4-40GB MIG 4g.20gb (0),1,,13,[CUDA memcpy Host-to-Device]
6493221479,49280,170399,,,,,,,,,,35.810,726654.897,Device,,NVIDIA A100-SXM4-40GB MIG 4g.20gb (0),1,,13,[CUDA memset]
6493275783,2528,170401,,,,,,,,,,0.000,31.646,Pinned,Device,NVIDIA A100-SXM4-40GB MIG 4g.20gb (0),1,,13,[CUDA memcpy Host-to-Device]
6493280775,9856,170402,,,,,,,,,,0.197,19948.044,Pinned,Device,NVIDIA A100-SXM4-40GB MIG 4g.20gb (0),1,,13,[CUDA memcpy Host-to-Device]
6493607267,14208,170403,273,1,1,48,1,1,40,0.000,0.001,,,,,NVIDIA A100-SXM4-40GB MIG 4g.20gb (0),1,,13,"void pusch_noise_intf_est::noiseIntfEstNoDftSOfdmKernel<float, __half, float, float, (unsigned int)2, (unsigned int)1, (unsigned char)4, (unsigned char)4>(pusch_noise_intf_est::puschRxNoiseIntfEstDynDescr)"
6493947487,6240,170414,35,1,1,128,1,1,16,0.000,0.000,,,,,NVIDIA A100-SXM4-40GB MIG 4g.20gb (0),1,,13,cupy_copy__complex64_complex64
6494254364,3104,170423,1,1,1,1,1,1,18,0.000,0.000,,,,,NVIDIA A100-SXM4-40GB MIG 4g.20gb (0),1,,13,cupy_copy__float32_float32
6494260476,1600,170429,,,,,,,,,,0.000,2.500,Device,Pageable,NVIDIA A100-SXM4-40GB MIG 4g.20gb (0),1,,7,[CUDA memcpy Device-to-Host]
6494546008,15744,170440,1434,1,1,128,1,1,16,0.000,0.000,,,,,NVIDIA A100-SXM4-40GB MIG 4g.20gb (0),1,,13,cupy_copy__complex64_complex64
6494778198,4288,170447,103,1,1,128,1,1,16,0.000,0.000,,,,,NVIDIA A100-SXM4-40GB MIG 4g.20gb (0),1,,13,cupy_copy__complex64_complex64
6494997075,4416,170454,35,1,1,128,1,1,16,0.000,0.000,,,,,NVIDIA A100-SXM4-40GB MIG 4g.20gb (0),1,,13,cupy_copy__complex64_complex64
6495180145,5472,170461,1,1,1,1,1,1,18,0.000,0.000,,,,,NVIDIA A100-SXM4-40GB MIG 4g.20gb (0),1,,13,cupy_copy__float32_float32
6495309136,237565,170472,1,1,1,32,32,1,30,0.000,0.000,,,,,NVIDIA A100-SXM4-40GB MIG 4g.20gb (0),1,,13,"void convert_kernel<__half2, float2>(tensor_layout_any, T1 *, tensor_layout_any, const T2 *)"
6495577357,5600,170475,,,,,,,,,,0.094,16731.388,Pinned,Device,NVIDIA A100-SXM4-40GB MIG 4g.20gb (0),1,,13,[CUDA memcpy Host-to-Device]
6495800970,5536,170476,,,,,,,,,,1.547,279374.426,Device,,NVIDIA A100-SXM4-40GB MIG 4g.20gb (0),1,,13,[CUDA memset]
6495813642,3392,170481,,,,,,,,,,0.031,9226.405,Pinned,Device,NVIDIA A100-SXM4-40GB MIG 4g.20gb (0),1,,13,[CUDA memcpy Host-to-Device]
6495819850,13088,170482,,,,,,,,,,0.197,15021.834,Pinned,Device,NVIDIA A100-SXM4-40GB MIG 4g.20gb (0),1,,13,[CUDA memcpy Host-to-Device]
6496045863,9472,170483,273,1,1,8,4,1,39,0.002,0.000,,,,,NVIDIA A100-SXM4-40GB MIG 4g.20gb (0),1,,13,"void channel_eq::eqMmseCoefCompLowMimoKernel<float, float, float, (unsigned int)4, (unsigned int)1, (unsigned int)4>(const channel_eq::_puschRxChEqStatDescr *, channel_eq::_puschRxChEqCoefCompDynDescr)"
6496144358,10720,170484,273,1,1,12,11,1,51,0.002,0.000,,,,,NVIDIA A100-SXM4-40GB MIG 4g.20gb (0),1,,13,"void channel_eq::eqMmseSoftDemapKernel<float, __half, __half, float, (unsigned int)4, (unsigned short)16383>(channel_eq::_puschRxChEqStatDescr *, channel_eq::_puschRxChEqSoftDemapDynDescr)"
6496247365,547546,170485,1,1,1,32,32,1,30,0.000,0.000,,,,,NVIDIA A100-SXM4-40GB MIG 4g.20gb (0),1,,13,"void convert_kernel<float2, __half2>(tensor_layout_any, T1 *, tensor_layout_any, const T2 *)"
6496968829,12896,170497,2253,1,1,128,1,1,16,0.000,0.000,,,,,NVIDIA A100-SXM4-40GB MIG 4g.20gb (0),1,,13,cupy_copy__float16_float16
6497178235,4928,170506,282,1,1,128,1,1,16,0.000,0.000,,,,,NVIDIA A100-SXM4-40GB MIG 4g.20gb (0),1,,13,cupy_copy__complex64_complex64
6497389752,3840,170515,26,1,1,128,1,1,16,0.000,0.000,,,,,NVIDIA A100-SXM4-40GB MIG 4g.20gb (0),1,,13,cupy_copy__float32_float32
6497601334,9984,170524,103,1,1,128,1,1,16,0.000,0.000,,,,,NVIDIA A100-SXM4-40GB MIG 4g.20gb (0),1,,13,cupy_copy__complex64_complex64
6497730868,14976,170534,1434,1,1,128,1,1,16,0.000,0.000,,,,,NVIDIA A100-SXM4-40GB MIG 4g.20gb (0),1,,13,cupy_copy__complex64_complex64
6497944978,231293,170539,1,1,1,32,32,1,30,0.000,0.000,,,,,NVIDIA A100-SXM4-40GB MIG 4g.20gb (0),1,,13,"void convert_kernel<__half2, float2>(tensor_layout_any, T1 *, tensor_layout_any, const T2 *)"
6498206063,5888,170542,,,,,,,,,,0.094,15912.954,Pinned,Device,NVIDIA A100-SXM4-40GB MIG 4g.20gb (0),1,,13,[CUDA memcpy Host-to-Device]
6498420109,617529,170543,,,,,,,,,,456.561,739172.971,Device,,NVIDIA A100-SXM4-40GB MIG 4g.20gb (0),1,,13,[CUDA memset]
6499042885,60096,170548,,,,,,,,,,1.235,20549.468,Pinned,Device,NVIDIA A100-SXM4-40GB MIG 4g.20gb (0),1,,13,[CUDA memcpy Host-to-Device]
6499109445,13664,170549,,,,,,,,,,0.197,14388.756,Pinned,Device,NVIDIA A100-SXM4-40GB MIG 4g.20gb (0),1,,13,[CUDA memcpy Host-to-Device]
6499342594,10784,170550,69,4,1,48,1,1,76,0.002,0.000,,,,,NVIDIA A100-SXM4-40GB MIG 4g.20gb (0),1,,13,"void ch_est::windowedChEstPreNoDftSOfdmKernel<float, __half, float, (unsigned int)2, (unsigned int)1, (unsigned short)4>(ch_est::puschRxChEstStatDescr_t *, ch_est::puschRxChEstDynDescr_t *)"
6499694014,13472,170551,137,2,1,24,2,1,44,0.001,0.001,,,,,NVIDIA A100-SXM4-40GB MIG 4g.20gb (0),1,,13,"void ch_est::chEstFilterNoDftSOfdmDispatchKernel<float, __half, float, (unsigned int)2>(ch_est::puschRxChEstStatDescr_t *, ch_est::puschRxChEstDynDescr_t *)"
6499938907,9024,170552,137,2,1,24,2,1,44,0.001,0.001,,,,,NVIDIA A100-SXM4-40GB MIG 4g.20gb (0),1,,13,"void ch_est::chEstFilterNoDftSOfdmDispatchKernel<float, __half, float, (unsigned int)2>(ch_est::puschRxChEstStatDescr_t *, ch_est::puschRxChEstDynDescr_t *)"
6500130297,4608,170563,103,1,1,128,1,1,16,0.000,0.000,,,,,NVIDIA A100-SXM4-40GB MIG 4g.20gb (0),1,,13,cupy_copy__complex64_complex64
6500306967,17312,170573,1434,1,1,128,1,1,16,0.000,0.000,,,,,NVIDIA A100-SXM4-40GB MIG 4g.20gb (0),1,,13,cupy_copy__complex64_complex64
6500444950,4448,170580,103,1,1,128,1,1,16,0.000,0.000,,,,,NVIDIA A100-SXM4-40GB MIG 4g.20gb (0),1,,13,cupy_copy__complex64_complex64
6500685587,251357,170587,1,1,1,32,32,1,30,0.000,0.000,,,,,NVIDIA A100-SXM4-40GB MIG 4g.20gb (0),1,,13,"void convert_kernel<__half2, float2>(tensor_layout_any, T1 *, tensor_layout_any, const T2 *)"
6500971696,5952,170590,,,,,,,,,,0.094,15741.865,Pinned,Device,NVIDIA A100-SXM4-40GB MIG 4g.20gb (0),1,,13,[CUDA memcpy Host-to-Device]
6501162190,49727,170591,,,,,,,,,,35.810,720101.681,Device,,NVIDIA A100-SXM4-40GB MIG 4g.20gb (0),1,,13,[CUDA memset]
6501217773,3072,170593,,,,,,,,,,0.000,26.042,Pinned,Device,NVIDIA A100-SXM4-40GB MIG 4g.20gb (0),1,,13,[CUDA memcpy Host-to-Device]
6501227085,9632,170594,,,,,,,,,,0.197,20411.843,Pinned,Device,NVIDIA A100-SXM4-40GB MIG 4g.20gb (0),1,,13,[CUDA memcpy Host-to-Device]
6501448714,49248,170595,273,1,1,48,1,1,40,0.000,0.001,,,,,NVIDIA A100-SXM4-40GB MIG 4g.20gb (0),1,,13,"void pusch_noise_intf_est::noiseIntfEstNoDftSOfdmKernel<float, __half, float, float, (unsigned int)2, (unsigned int)1, (unsigned char)4, (unsigned char)4>(pusch_noise_intf_est::puschRxNoiseIntfEstDynDescr)"
6501745159,5664,170606,35,1,1,128,1,1,16,0.000,0.000,,,,,NVIDIA A100-SXM4-40GB MIG 4g.20gb (0),1,,13,cupy_copy__complex64_complex64
6502068739,3360,170615,1,1,1,1,1,1,18,0.000,0.000,,,,,NVIDIA A100-SXM4-40GB MIG 4g.20gb (0),1,,13,cupy_copy__float32_float32
6502072867,2464,170621,,,,,,,,,,0.000,1.623,Device,Pageable,NVIDIA A100-SXM4-40GB MIG 4g.20gb (0),1,,7,[CUDA memcpy Device-to-Host]
6502282177,14944,170632,1434,1,1,128,1,1,16,0.000,0.000,,,,,NVIDIA A100-SXM4-40GB MIG 4g.20gb (0),1,,13,cupy_copy__complex64_complex64
6502459423,4736,170639,103,1,1,128,1,1,16,0.000,0.000,,,,,NVIDIA A100-SXM4-40GB MIG 4g.20gb (0),1,,13,cupy_copy__complex64_complex64
6502643901,11904,170646,35,1,1,128,1,1,16,0.000,0.000,,,,,NVIDIA A100-SXM4-40GB MIG 4g.20gb (0),1,,13,cupy_copy__complex64_complex64
6502784187,3008,170653,1,1,1,1,1,1,18,0.000,0.000,,,,,NVIDIA A100-SXM4-40GB MIG 4g.20gb (0),1,,13,cupy_copy__float32_float32
6502976409,232093,170664,1,1,1,32,32,1,30,0.000,0.000,,,,,NVIDIA A100-SXM4-40GB MIG 4g.20gb (0),1,,13,"void convert_kernel<__half2, float2>(tensor_layout_any, T1 *, tensor_layout_any, const T2 *)"
6503245174,7040,170667,,,,,,,,,,0.094,13309.048,Pinned,Device,NVIDIA A100-SXM4-40GB MIG 4g.20gb (0),1,,13,[CUDA memcpy Host-to-Device]
6503447316,5088,170668,,,,,,,,,,1.547,303973.481,Device,,NVIDIA A100-SXM4-40GB MIG 4g.20gb (0),1,,13,[CUDA memset]
6503458132,4095,170673,,,,,,,,,,0.031,7642.483,Pinned,Device,NVIDIA A100-SXM4-40GB MIG 4g.20gb (0),1,,13,[CUDA memcpy Host-to-Device]
6503465043,14016,170674,,,,,,,,,,0.197,14027.391,Pinned,Device,NVIDIA A100-SXM4-40GB MIG 4g.20gb (0),1,,13,[CUDA memcpy Host-to-Device]
6503669329,9184,170675,273,1,1,8,4,1,39,0.002,0.000,,,,,NVIDIA A100-SXM4-40GB MIG 4g.20gb (0),1,,13,"void channel_eq::eqMmseCoefCompLowMimoKernel<float, float, float, (unsigned int)4, (unsigned int)1, (unsigned int)4>(const channel_eq::_puschRxChEqStatDescr *, channel_eq::_puschRxChEqCoefCompDynDescr)"
6503891759,11807,170676,273,1,1,12,11,1,51,0.002,0.000,,,,,NVIDIA A100-SXM4-40GB MIG 4g.20gb (0),1,,13,"void channel_eq::eqMmseSoftDemapKernel<float, __half, __half, float, (unsigned int)4, (unsigned short)16383>(channel_eq::_puschRxChEqStatDescr *, channel_eq::_puschRxChEqSoftDemapDynDescr)"
6504121516,632153,170677,1,1,1,32,32,1,30,0.000,0.000,,,,,NVIDIA A100-SXM4-40GB MIG 4g.20gb (0),1,,13,"void convert_kernel<float2, __half2>(tensor_layout_any, T1 *, tensor_layout_any, const T2 *)"
6504917571,13728,170689,2253,1,1,128,1,1,16,0.000,0.000,,,,,NVIDIA A100-SXM4-40GB MIG 4g.20gb (0),1,,13,cupy_copy__float16_float16
6505129601,4896,170698,282,1,1,128,1,1,16,0.000,0.000,,,,,NVIDIA A100-SXM4-40GB MIG 4g.20gb (0),1,,13,cupy_copy__complex64_complex64
6505315262,3616,170707,26,1,1,128,1,1,16,0.000,0.000,,,,,NVIDIA A100-SXM4-40GB MIG 4g.20gb (0),1,,13,cupy_copy__float32_float32
6505499452,7264,170716,103,1,1,128,1,1,16,0.000,0.000,,,,,NVIDIA A100-SXM4-40GB MIG 4g.20gb (0),1,,13,cupy_copy__complex64_complex64
6505671706,30944,170726,1434,1,1,128,1,1,16,0.000,0.000,,,,,NVIDIA A100-SXM4-40GB MIG 4g.20gb (0),1,,13,cupy_copy__complex64_complex64
6505952439,239678,170731,1,1,1,32,32,1,30,0.000,0.000,,,,,NVIDIA A100-SXM4-40GB MIG 4g.20gb (0),1,,13,"void convert_kernel<__half2, float2>(tensor_layout_any, T1 *, tensor_layout_any, const T2 *)"
6506222964,7584,170734,,,,,,,,,,0.094,12354.380,Pinned,Device,NVIDIA A100-SXM4-40GB MIG 4g.20gb (0),1,,13,[CUDA memcpy Host-to-Device]
6506502865,619961,170735,,,,,,,,,,456.561,736433.603,Device,,NVIDIA A100-SXM4-40GB MIG 4g.20gb (0),1,,13,[CUDA memset]
6507129354,65503,170740,,,,,,,,,,1.235,18852.655,Pinned,Device,NVIDIA A100-SXM4-40GB MIG 4g.20gb (0),1,,13,[CUDA memcpy Host-to-Device]
6507197705,12320,170741,,,,,,,,,,0.197,15958.278,Pinned,Device,NVIDIA A100-SXM4-40GB MIG 4g.20gb (0),1,,13,[CUDA memcpy Host-to-Device]
6507536869,14016,170742,69,4,1,48,1,1,76,0.002,0.000,,,,,NVIDIA A100-SXM4-40GB MIG 4g.20gb (0),1,,13,"void ch_est::windowedChEstPreNoDftSOfdmKernel<float, __half, float, (unsigned int)2, (unsigned int)1, (unsigned short)4>(ch_est::puschRxChEstStatDescr_t *, ch_est::puschRxChEstDynDescr_t *)"
6507597157,9376,170743,137,2,1,24,2,1,44,0.001,0.001,,,,,NVIDIA A100-SXM4-40GB MIG 4g.20gb (0),1,,13,"void ch_est::chEstFilterNoDftSOfdmDispatchKernel<float, __half, float, (unsigned int)2>(ch_est::puschRxChEstStatDescr_t *, ch_est::puschRxChEstDynDescr_t *)"
6507698276,10239,170744,137,2,1,24,2,1,44,0.001,0.001,,,,,NVIDIA A100-SXM4-40GB MIG 4g.20gb (0),1,,13,"void ch_est::chEstFilterNoDftSOfdmDispatchKernel<float, __half, float, (unsigned int)2>(ch_est::puschRxChEstStatDescr_t *, ch_est::puschRxChEstDynDescr_t *)"
6507798338,4160,170755,103,1,1,128,1,1,16,0.000,0.000,,,,,NVIDIA A100-SXM4-40GB MIG 4g.20gb (0),1,,13,cupy_copy__complex64_complex64
6507879873,14720,170765,1434,1,1,128,1,1,16,0.000,0.000,,,,,NVIDIA A100-SXM4-40GB MIG 4g.20gb (0),1,,13,cupy_copy__complex64_complex64
6507969664,3776,170772,103,1,1,128,1,1,16,0.000,0.000,,,,,NVIDIA A100-SXM4-40GB MIG 4g.20gb (0),1,,13,cupy_copy__complex64_complex64
6508041952,80639,170779,1,1,1,32,32,1,30,0.000,0.000,,,,,NVIDIA A100-SXM4-40GB MIG 4g.20gb (0),1,,13,"void convert_kernel<__half2, float2>(tensor_layout_any, T1 *, tensor_layout_any, const T2 *)"
6508151998,5504,170782,,,,,,,,,,0.094,17023.251,Pinned,Device,NVIDIA A100-SXM4-40GB MIG 4g.20gb (0),1,,13,[CUDA memcpy Host-to-Device]
6508239005,55680,170783,,,,,,,,,,35.810,643110.353,Device,,NVIDIA A100-SXM4-40GB MIG 4g.20gb (0),1,,13,[CUDA memset]
6508296221,5440,170785,,,,,,,,,,0.000,14.706,Pinned,Device,NVIDIA A100-SXM4-40GB MIG 4g.20gb (0),1,,13,[CUDA memcpy Host-to-Device]
6508304381,9952,170786,,,,,,,,,,0.197,19755.565,Pinned,Device,NVIDIA A100-SXM4-40GB MIG 4g.20gb (0),1,,13,[CUDA memcpy Host-to-Device]
6508411003,10912,170787,273,1,1,48,1,1,40,0.000,0.001,,,,,NVIDIA A100-SXM4-40GB MIG 4g.20gb (0),1,,13,"void pusch_noise_intf_est::noiseIntfEstNoDftSOfdmKernel<float, __half, float, float, (unsigned int)2, (unsigned int)1, (unsigned char)4, (unsigned char)4>(pusch_noise_intf_est::puschRxNoiseIntfEstDynDescr)"
6508470523,5824,170798,35,1,1,128,1,1,16,0.000,0.000,,,,,NVIDIA A100-SXM4-40GB MIG 4g.20gb (0),1,,13,cupy_copy__complex64_complex64
6508552026,2528,170807,1,1,1,1,1,1,18,0.000,0.000,,,,,NVIDIA A100-SXM4-40GB MIG 4g.20gb (0),1,,13,cupy_copy__float32_float32
6508559866,1568,170813,,,,,,,,,,0.000,2.551,Device,Pageable,NVIDIA A100-SXM4-40GB MIG 4g.20gb (0),1,,7,[CUDA memcpy Device-to-Host]
6508664697,14079,170824,1434,1,1,128,1,1,16,0.000,0.000,,,,,NVIDIA A100-SXM4-40GB MIG 4g.20gb (0),1,,13,cupy_copy__complex64_complex64
6508752696,4352,170831,103,1,1,128,1,1,16,0.000,0.000,,,,,NVIDIA A100-SXM4-40GB MIG 4g.20gb (0),1,,13,cupy_copy__complex64_complex64
6508835863,3360,170838,35,1,1,128,1,1,16,0.000,0.000,,,,,NVIDIA A100-SXM4-40GB MIG 4g.20gb (0),1,,13,cupy_copy__complex64_complex64
6508906934,2464,170845,1,1,1,1,1,1,18,0.000,0.000,,,,,NVIDIA A100-SXM4-40GB MIG 4g.20gb (0),1,,13,cupy_copy__float32_float32
6508965589,96959,170856,1,1,1,32,32,1,30,0.000,0.000,,,,,NVIDIA A100-SXM4-40GB MIG 4g.20gb (0),1,,13,"void convert_kernel<__half2, float2>(tensor_layout_any, T1 *, tensor_layout_any, const T2 *)"
6509091700,5536,170859,,,,,,,,,,0.094,16924.777,Pinned,Device,NVIDIA A100-SXM4-40GB MIG 4g.20gb (0),1,,13,[CUDA memcpy Host-to-Device]
6509158067,6400,170860,,,,,,,,,,1.547,241660.000,Device,,NVIDIA A100-SXM4-40GB MIG 4g.20gb (0),1,,13,[CUDA memset]
6509165555,5824,170865,,,,,,,,,,0.031,5373.617,Pinned,Device,NVIDIA A100-SXM4-40GB MIG 4g.20gb (0),1,,13,[CUDA memcpy Host-to-Device]
6509174035,9536,170866,,,,,,,,,,0.197,20617.298,Pinned,Device,NVIDIA A100-SXM4-40GB MIG 4g.20gb (0),1,,13,[CUDA memcpy Host-to-Device]
6509255826,10848,170867,273,1,1,8,4,1,39,0.002,0.000,,,,,NVIDIA A100-SXM4-40GB MIG 4g.20gb (0),1,,13,"void channel_eq::eqMmseCoefCompLowMimoKernel<float, float, float, (unsigned int)4, (unsigned int)1, (unsigned int)4>(const channel_eq::_puschRxChEqStatDescr *, channel_eq::_puschRxChEqCoefCompDynDescr)"
6509354929,11424,170868,273,1,1,12,11,1,51,0.002,0.000,,,,,NVIDIA A100-SXM4-40GB MIG 4g.20gb (0),1,,13,"void channel_eq::eqMmseSoftDemapKernel<float, __half, __half, float, (unsigned int)4, (unsigned short)16383>(channel_eq::_puschRxChEqStatDescr *, channel_eq::_puschRxChEqSoftDemapDynDescr)"
6509459600,698360,170869,1,1,1,32,32,1,30,0.000,0.000,,,,,NVIDIA A100-SXM4-40GB MIG 4g.20gb (0),1,,13,"void convert_kernel<float2, __half2>(tensor_layout_any, T1 *, tensor_layout_any, const T2 *)"
6510375397,13728,170881,2253,1,1,128,1,1,16,0.000,0.000,,,,,NVIDIA A100-SXM4-40GB MIG 4g.20gb (0),1,,13,cupy_copy__float16_float16
6510589667,4768,170890,282,1,1,128,1,1,16,0.000,0.000,,,,,NVIDIA A100-SXM4-40GB MIG 4g.20gb (0),1,,13,cupy_copy__complex64_complex64
6510926655,4064,170899,26,1,1,128,1,1,16,0.000,0.000,,,,,NVIDIA A100-SXM4-40GB MIG 4g.20gb (0),1,,13,cupy_copy__float32_float32
6511259579,7040,170908,103,1,1,128,1,1,16,0.000,0.000,,,,,NVIDIA A100-SXM4-40GB MIG 4g.20gb (0),1,,13,cupy_copy__complex64_complex64
6511575992,16511,170918,1434,1,1,128,1,1,16,0.000,0.000,,,,,NVIDIA A100-SXM4-40GB MIG 4g.20gb (0),1,,13,cupy_copy__complex64_complex64
6511900692,232221,170923,1,1,1,32,32,1,30,0.000,0.000,,,,,NVIDIA A100-SXM4-40GB MIG 4g.20gb (0),1,,13,"void convert_kernel<__half2, float2>(tensor_layout_any, T1 *, tensor_layout_any, const T2 *)"
6512166513,10112,170926,,,,,,,,,,0.094,9265.785,Pinned,Device,NVIDIA A100-SXM4-40GB MIG 4g.20gb (0),1,,13,[CUDA memcpy Host-to-Device]
6512461870,615289,170927,,,,,,,,,,456.561,741912.340,Device,,NVIDIA A100-SXM4-40GB MIG 4g.20gb (0),1,,13,[CUDA memset]
6513083623,60447,170932,,,,,,,,,,1.235,20429.679,Pinned,Device,NVIDIA A100-SXM4-40GB MIG 4g.20gb (0),1,,13,[CUDA memcpy Host-to-Device]
6513150246,9344,170933,,,,,,,,,,0.197,21040.988,Pinned,Device,NVIDIA A100-SXM4-40GB MIG 4g.20gb (0),1,,13,[CUDA memcpy Host-to-Device]
6513417539,14048,170934,69,4,1,48,1,1,76,0.002,0.000,,,,,NVIDIA A100-SXM4-40GB MIG 4g.20gb (0),1,,13,"void ch_est::windowedChEstPreNoDftSOfdmKernel<float, __half, float, (unsigned int)2, (unsigned int)1, (unsigned short)4>(ch_est::puschRxChEstStatDescr_t *, ch_est::puschRxChEstDynDescr_t *)"
6513709631,10752,170935,137,2,1,24,2,1,44,0.001,0.001,,,,,NVIDIA A100-SXM4-40GB MIG 4g.20gb (0),1,,13,"void ch_est::chEstFilterNoDftSOfdmDispatchKernel<float, __half, float, (unsigned int)2>(ch_est::puschRxChEstStatDescr_t *, ch_est::puschRxChEstDynDescr_t *)"
6513837022,8512,170936,137,2,1,24,2,1,44,0.001,0.001,,,,,NVIDIA A100-SXM4-40GB MIG 4g.20gb (0),1,,13,"void ch_est::chEstFilterNoDftSOfdmDispatchKernel<float, __half, float, (unsigned int)2>(ch_est::puschRxChEstStatDescr_t *, ch_est::puschRxChEstDynDescr_t *)"
6513921085,4128,170947,103,1,1,128,1,1,16,0.000,0.000,,,,,NVIDIA A100-SXM4-40GB MIG 4g.20gb (0),1,,13,cupy_copy__complex64_complex64
6514003804,13856,170957,1434,1,1,128,1,1,16,0.000,0.000,,,,,NVIDIA A100-SXM4-40GB MIG 4g.20gb (0),1,,13,cupy_copy__complex64_complex64
6514083675,8320,170964,103,1,1,128,1,1,16,0.000,0.000,,,,,NVIDIA A100-SXM4-40GB MIG 4g.20gb (0),1,,13,cupy_copy__complex64_complex64
6514143163,90079,170971,1,1,1,32,32,1,30,0.000,0.000,,,,,NVIDIA A100-SXM4-40GB MIG 4g.20gb (0),1,,13,"void convert_kernel<__half2, float2>(tensor_layout_any, T1 *, tensor_layout_any, const T2 *)"
6514262457,5792,170974,,,,,,,,,,0.094,16176.708,Pinned,Device,NVIDIA A100-SXM4-40GB MIG 4g.20gb (0),1,,13,[CUDA memcpy Host-to-Device]
6514336760,49632,170975,,,,,,,,,,35.810,721498.268,Device,,NVIDIA A100-SXM4-40GB MIG 4g.20gb (0),1,,13,[CUDA memset]
6514390072,1856,170977,,,,,,,,,,0.000,43.103,Pinned,Device,NVIDIA A100-SXM4-40GB MIG 4g.20gb (0),1,,13,[CUDA memcpy Host-to-Device]
6514394328,10592,170978,,,,,,,,,,0.197,18561.761,Pinned,Device,NVIDIA A100-SXM4-40GB MIG 4g.20gb (0),1,,13,[CUDA memcpy Host-to-Device]
6514506870,11296,170979,273,1,1,48,1,1,40,0.000,0.001,,,,,NVIDIA A100-SXM4-40GB MIG 4g.20gb (0),1,,13,"void pusch_noise_intf_est::noiseIntfEstNoDftSOfdmKernel<float, __half, float, float, (unsigned int)2, (unsigned int)1, (unsigned char)4, (unsigned char)4>(pusch_noise_intf_est::puschRxNoiseIntfEstDynDescr)"
6514605493,5632,170990,35,1,1,128,1,1,16,0.000,0.000,,,,,NVIDIA A100-SXM4-40GB MIG 4g.20gb (0),1,,13,cupy_copy__complex64_complex64
6514687284,2176,170999,1,1,1,1,1,1,18,0.000,0.000,,,,,NVIDIA A100-SXM4-40GB MIG 4g.20gb (0),1,,13,cupy_copy__float32_float32
6514696596,1600,171005,,,,,,,,,,0.000,2.500,Device,Pageable,NVIDIA A100-SXM4-40GB MIG 4g.20gb (0),1,,7,[CUDA memcpy Device-to-Host]
6514840659,20703,171016,1434,1,1,128,1,1,16,0.000,0.000,,,,,NVIDIA A100-SXM4-40GB MIG 4g.20gb (0),1,,13,cupy_copy__complex64_complex64
6514943090,4671,171023,103,1,1,128,1,1,16,0.000,0.000,,,,,NVIDIA A100-SXM4-40GB MIG 4g.20gb (0),1,,13,cupy_copy__complex64_complex64
6515000465,5664,171030,35,1,1,128,1,1,16,0.000,0.000,,,,,NVIDIA A100-SXM4-40GB MIG 4g.20gb (0),1,,13,cupy_copy__complex64_complex64
6515080400,2368,171037,1,1,1,1,1,1,18,0.000,0.000,,,,,NVIDIA A100-SXM4-40GB MIG 4g.20gb (0),1,,13,cupy_copy__float32_float32
6515164239,97023,171048,1,1,1,32,32,1,30,0.000,0.000,,,,,NVIDIA A100-SXM4-40GB MIG 4g.20gb (0),1,,13,"void convert_kernel<__half2, float2>(tensor_layout_any, T1 *, tensor_layout_any, const T2 *)"
6515290254,8543,171051,,,,,,,,,,0.094,10967.492,Pinned,Device,NVIDIA A100-SXM4-40GB MIG 4g.20gb (0),1,,13,[CUDA memcpy Host-to-Device]
6515389260,6656,171052,,,,,,,,,,1.547,232364.790,Device,,NVIDIA A100-SXM4-40GB MIG 4g.20gb (0),1,,13,[CUDA memset]
6515397420,6304,171057,,,,,,,,,,0.031,4964.453,Pinned,Device,NVIDIA A100-SXM4-40GB MIG 4g.20gb (0),1,,13,[CUDA memcpy Host-to-Device]
6515408652,9664,171058,,,,,,,,,,0.197,20344.209,Pinned,Device,NVIDIA A100-SXM4-40GB MIG 4g.20gb (0),1,,13,[CUDA memcpy Host-to-Device]
6515487371,11136,171059,273,1,1,8,4,1,39,0.002,0.000,,,,,NVIDIA A100-SXM4-40GB MIG 4g.20gb (0),1,,13,"void channel_eq::eqMmseCoefCompLowMimoKernel<float, float, float, (unsigned int)4, (unsigned int)1, (unsigned int)4>(const channel_eq::_puschRxChEqStatDescr *, channel_eq::_puschRxChEqCoefCompDynDescr)"
6515649258,13279,171060,273,1,1,12,11,1,51,0.002,0.000,,,,,NVIDIA A100-SXM4-40GB MIG 4g.20gb (0),1,,13,"void channel_eq::eqMmseSoftDemapKernel<float, __half, __half, float, (unsigned int)4, (unsigned short)16383>(channel_eq::_puschRxChEqStatDescr *, channel_eq::_puschRxChEqSoftDemapDynDescr)"
6515875143,708024,171061,1,1,1,32,32,1,30,0.000,0.000,,,,,NVIDIA A100-SXM4-40GB MIG 4g.20gb (0),1,,13,"void convert_kernel<float2, __half2>(tensor_layout_any, T1 *, tensor_layout_any, const T2 *)"
6516819964,12928,171073,2253,1,1,128,1,1,16,0.000,0.000,,,,,NVIDIA A100-SXM4-40GB MIG 4g.20gb (0),1,,13,cupy_copy__float16_float16
6517176696,4960,171082,282,1,1,128,1,1,16,0.000,0.000,,,,,NVIDIA A100-SXM4-40GB MIG 4g.20gb (0),1,,13,cupy_copy__complex64_complex64
6517493845,3680,171091,26,1,1,128,1,1,16,0.000,0.000,,,,,NVIDIA A100-SXM4-40GB MIG 4g.20gb (0),1,,13,cupy_copy__float32_float32
6517780209,4928,171100,103,1,1,128,1,1,16,0.000,0.000,,,,,NVIDIA A100-SXM4-40GB MIG 4g.20gb (0),1,,13,cupy_copy__complex64_complex64
6518019663,18943,171110,1434,1,1,128,1,1,16,0.000,0.000,,,,,NVIDIA A100-SXM4-40GB MIG 4g.20gb (0),1,,13,cupy_copy__complex64_complex64
6518375307,260893,171115,1,1,1,32,32,1,30,0.000,0.000,,,,,NVIDIA A100-SXM4-40GB MIG 4g.20gb (0),1,,13,"void convert_kernel<__half2, float2>(tensor_layout_any, T1 *, tensor_layout_any, const T2 *)"
6518670503,9312,171118,,,,,,,,,,0.094,10061.826,Pinned,Device,NVIDIA A100-SXM4-40GB MIG 4g.20gb (0),1,,13,[CUDA memcpy Host-to-Device]
6518950116,608761,171119,,,,,,,,,,456.561,749673.884,Device,,NVIDIA A100-SXM4-40GB MIG 4g.20gb (0),1,,13,[CUDA memset]
6519564477,72319,171124,,,,,,,,,,1.235,17075.571,Pinned,Device,NVIDIA A100-SXM4-40GB MIG 4g.20gb (0),1,,13,[CUDA memcpy Host-to-Device]
6519640220,11328,171125,,,,,,,,,,0.197,17355.768,Pinned,Device,NVIDIA A100-SXM4-40GB MIG 4g.20gb (0),1,,13,[CUDA memcpy Host-to-Device]
6519796987,8991,171126,69,4,1,48,1,1,76,0.002,0.000,,,,,NVIDIA A100-SXM4-40GB MIG 4g.20gb (0),1,,13,"void ch_est::windowedChEstPreNoDftSOfdmKernel<float, __half, float, (unsigned int)2, (unsigned int)1, (unsigned short)4>(ch_est::puschRxChEstStatDescr_t *, ch_est::puschRxChEstDynDescr_t *)"
6520033432,8832,171127,137,2,1,24,2,1,44,0.001,0.001,,,,,NVIDIA A100-SXM4-40GB MIG 4g.20gb (0),1,,13,"void ch_est::chEstFilterNoDftSOfdmDispatchKernel<float, __half, float, (unsigned int)2>(ch_est::puschRxChEstStatDescr_t *, ch_est::puschRxChEstDynDescr_t *)"
6520253045,10752,171128,137,2,1,24,2,1,44,0.001,0.001,,,,,NVIDIA A100-SXM4-40GB MIG 4g.20gb (0),1,,13,"void ch_est::chEstFilterNoDftSOfdmDispatchKernel<float, __half, float, (unsigned int)2>(ch_est::puschRxChEstStatDescr_t *, ch_est::puschRxChEstDynDescr_t *)"
6520339476,4736,171139,103,1,1,128,1,1,16,0.000,0.000,,,,,NVIDIA A100-SXM4-40GB MIG 4g.20gb (0),1,,13,cupy_copy__complex64_complex64
6520411828,20287,171149,1434,1,1,128,1,1,16,0.000,0.000,,,,,NVIDIA A100-SXM4-40GB MIG 4g.20gb (0),1,,13,cupy_copy__complex64_complex64
6520513938,8288,171156,103,1,1,128,1,1,16,0.000,0.000,,,,,NVIDIA A100-SXM4-40GB MIG 4g.20gb (0),1,,13,cupy_copy__complex64_complex64
6520572850,98271,171163,1,1,1,32,32,1,30,0.000,0.000,,,,,NVIDIA A100-SXM4-40GB MIG 4g.20gb (0),1,,13,"void convert_kernel<__half2, float2>(tensor_layout_any, T1 *, tensor_layout_any, const T2 *)"
6520703888,6944,171166,,,,,,,,,,0.094,13493.067,Pinned,Device,NVIDIA A100-SXM4-40GB MIG 4g.20gb (0),1,,13,[CUDA memcpy Host-to-Device]
6520846191,49919,171167,,,,,,,,,,35.810,717344.317,Device,,NVIDIA A100-SXM4-40GB MIG 4g.20gb (0),1,,13,[CUDA memset]
6520900942,3872,171169,,,,,,,,,,0.000,20.661,Pinned,Device,NVIDIA A100-SXM4-40GB MIG 4g.20gb (0),1,,13,[CUDA memcpy Host-to-Device]
6520910606,10272,171170,,,,,,,,,,0.197,19140.182,Pinned,Device,NVIDIA A100-SXM4-40GB MIG 4g.20gb (0),1,,13,[CUDA memcpy Host-to-Device]
6521155691,14752,171171,273,1,1,48,1,1,40,0.000,0.001,,,,,NVIDIA A100-SXM4-40GB MIG 4g.20gb (0),1,,13,"void pusch_noise_intf_est::noiseIntfEstNoDftSOfdmKernel<float, __half, float, float, (unsigned int)2, (unsigned int)1, (unsigned char)4, (unsigned char)4>(pusch_noise_intf_est::puschRxNoiseIntfEstDynDescr)"
6521413512,5856,171182,35,1,1,128,1,1,16,0.000,0.000,,,,,NVIDIA A100-SXM4-40GB MIG 4g.20gb (0),1,,13,cupy_copy__complex64_complex64
6521630694,3200,171191,1,1,1,1,1,1,18,0.000,0.000,,,,,NVIDIA A100-SXM4-40GB MIG 4g.20gb (0),1,,13,cupy_copy__float32_float32
6521634310,1856,171197,,,,,,,,,,0.000,2.155,Device,Pageable,NVIDIA A100-SXM4-40GB MIG 4g.20gb (0),1,,7,[CUDA memcpy Device-to-Host]
6521904003,15712,171208,1434,1,1,128,1,1,16,0.000,0.000,,,,,NVIDIA A100-SXM4-40GB MIG 4g.20gb (0),1,,13,cupy_copy__complex64_complex64
6522147520,5696,171215,103,1,1,128,1,1,16,0.000,0.000,,,,,NVIDIA A100-SXM4-40GB MIG 4g.20gb (0),1,,13,cupy_copy__complex64_complex64
6522383005,4256,171222,35,1,1,128,1,1,16,0.000,0.000,,,,,NVIDIA A100-SXM4-40GB MIG 4g.20gb (0),1,,13,cupy_copy__complex64_complex64
6522676250,3488,171229,1,1,1,1,1,1,18,0.000,0.000,,,,,NVIDIA A100-SXM4-40GB MIG 4g.20gb (0),1,,13,cupy_copy__float32_float32
6522919383,255613,171240,1,1,1,32,32,1,30,0.000,0.000,,,,,NVIDIA A100-SXM4-40GB MIG 4g.20gb (0),1,,13,"void convert_kernel<__half2, float2>(tensor_layout_any, T1 *, tensor_layout_any, const T2 *)"
6523205876,8928,171243,,,,,,,,,,0.094,10494.608,Pinned,Device,NVIDIA A100-SXM4-40GB MIG 4g.20gb (0),1,,13,[CUDA memcpy Host-to-Device]
6523554416,6752,171244,,,,,,,,,,1.547,229061.201,Device,,NVIDIA A100-SXM4-40GB MIG 4g.20gb (0),1,,13,[CUDA memset]
6523564336,9056,171249,,,,,,,,,,0.031,3455.830,Pinned,Device,NVIDIA A100-SXM4-40GB MIG 4g.20gb (0),1,,13,[CUDA memcpy Host-to-Device]
6523577328,14144,171250,,,,,,,,,,0.197,13900.382,Pinned,Device,NVIDIA A100-SXM4-40GB MIG 4g.20gb (0),1,,13,[CUDA memcpy Host-to-Device]
6523934636,9952,171251,273,1,1,8,4,1,39,0.002,0.000,,,,,NVIDIA A100-SXM4-40GB MIG 4g.20gb (0),1,,13,"void channel_eq::eqMmseCoefCompLowMimoKernel<float, float, float, (unsigned int)4, (unsigned int)1, (unsigned int)4>(const channel_eq::_puschRxChEqStatDescr *, channel_eq::_puschRxChEqCoefCompDynDescr)"
6524128746,10143,171252,273,1,1,12,11,1,51,0.002,0.000,,,,,NVIDIA A100-SXM4-40GB MIG 4g.20gb (0),1,,13,"void channel_eq::eqMmseSoftDemapKernel<float, __half, __half, float, (unsigned int)4, (unsigned short)16383>(channel_eq::_puschRxChEqStatDescr *, channel_eq::_puschRxChEqSoftDemapDynDescr)"
6524379143,620153,171253,1,1,1,32,32,1,30,0.000,0.000,,,,,NVIDIA A100-SXM4-40GB MIG 4g.20gb (0),1,,13,"void convert_kernel<float2, __half2>(tensor_layout_any, T1 *, tensor_layout_any, const T2 *)"
6525163742,18976,171265,2253,1,1,128,1,1,16,0.000,0.000,,,,,NVIDIA A100-SXM4-40GB MIG 4g.20gb (0),1,,13,cupy_copy__float16_float16
6525420827,9888,171274,282,1,1,128,1,1,16,0.000,0.000,,,,,NVIDIA A100-SXM4-40GB MIG 4g.20gb (0),1,,13,cupy_copy__complex64_complex64
6525602041,3968,171283,26,1,1,128,1,1,16,0.000,0.000,,,,,NVIDIA A100-SXM4-40GB MIG 4g.20gb (0),1,,13,cupy_copy__float32_float32
6525703512,6240,171292,103,1,1,128,1,1,16,0.000,0.000,,,,,NVIDIA A100-SXM4-40GB MIG 4g.20gb (0),1,,13,cupy_copy__complex64_complex64
6525817494,14336,171308,1434,1,1,128,1,1,16,0.000,0.000,,,,,NVIDIA A100-SXM4-40GB MIG 4g.20gb (0),1,,13,cupy_copy__complex64_complex64
6525962261,79871,171313,1,1,1,32,32,1,30,0.000,0.000,,,,,NVIDIA A100-SXM4-40GB MIG 4g.20gb (0),1,,13,"void convert_kernel<__half2, float2>(tensor_layout_any, T1 *, tensor_layout_any, const T2 *)"
6526071892,5503,171316,,,,,,,,,,0.094,17026.343,Pinned,Device,NVIDIA A100-SXM4-40GB MIG 4g.20gb (0),1,,13,[CUDA memcpy Host-to-Device]
6526158515,614489,171317,,,,,,,,,,456.561,742825.463,Device,,NVIDIA A100-SXM4-40GB MIG 4g.20gb (0),1,,13,[CUDA memset]
6526774092,57631,171322,,,,,,,,,,1.235,21427.513,Pinned,Device,NVIDIA A100-SXM4-40GB MIG 4g.20gb (0),1,,13,[CUDA memcpy Host-to-Device]
6526837579,9504,171323,,,,,,,,,,0.197,20686.701,Pinned,Device,NVIDIA A100-SXM4-40GB MIG 4g.20gb (0),1,,13,[CUDA memcpy Host-to-Device]
6527005577,10848,171324,69,4,1,48,1,1,76,0.002,0.000,,,,,NVIDIA A100-SXM4-40GB MIG 4g.20gb (0),1,,13,"void ch_est::windowedChEstPreNoDftSOfdmKernel<float, __half, float, (unsigned int)2, (unsigned int)1, (unsigned short)4>(ch_est::puschRxChEstStatDescr_t *, ch_est::puschRxChEstDynDescr_t *)"
6527222310,8928,171325,137,2,1,24,2,1,44,0.001,0.001,,,,,NVIDIA A100-SXM4-40GB MIG 4g.20gb (0),1,,13,"void ch_est::chEstFilterNoDftSOfdmDispatchKernel<float, __half, float, (unsigned int)2>(ch_est::puschRxChEstStatDescr_t *, ch_est::puschRxChEstDynDescr_t *)"
6527445124,8480,171326,137,2,1,24,2,1,44,0.001,0.001,,,,,NVIDIA A100-SXM4-40GB MIG 4g.20gb (0),1,,13,"void ch_est::chEstFilterNoDftSOfdmDispatchKernel<float, __half, float, (unsigned int)2>(ch_est::puschRxChEstStatDescr_t *, ch_est::puschRxChEstDynDescr_t *)"
6527567075,4672,171337,103,1,1,128,1,1,16,0.000,0.000,,,,,NVIDIA A100-SXM4-40GB MIG 4g.20gb (0),1,,13,cupy_copy__complex64_complex64
6527760704,16192,171347,1434,1,1,128,1,1,16,0.000,0.000,,,,,NVIDIA A100-SXM4-40GB MIG 4g.20gb (0),1,,13,cupy_copy__complex64_complex64
6527975486,4512,171354,103,1,1,128,1,1,16,0.000,0.000,,,,,NVIDIA A100-SXM4-40GB MIG 4g.20gb (0),1,,13,cupy_copy__complex64_complex64
6528177276,232765,171361,1,1,1,32,32,1,30,0.000,0.000,,,,,NVIDIA A100-SXM4-40GB MIG 4g.20gb (0),1,,13,"void convert_kernel<__half2, float2>(tensor_layout_any, T1 *, tensor_layout_any, const T2 *)"
6528440377,5664,171364,,,,,,,,,,0.094,16542.310,Pinned,Device,NVIDIA A100-SXM4-40GB MIG 4g.20gb (0),1,,13,[CUDA memcpy Host-to-Device]
6528721974,48479,171365,,,,,,,,,,35.810,738651.220,Device,,NVIDIA A100-SXM4-40GB MIG 4g.20gb (0),1,,13,[CUDA memset]
6528771541,2656,171367,,,,,,,,,,0.000,30.120,Pinned,Device,NVIDIA A100-SXM4-40GB MIG 4g.20gb (0),1,,13,[CUDA memcpy Host-to-Device]
6528780373,9440,171368,,,,,,,,,,0.197,20827.079,Pinned,Device,NVIDIA A100-SXM4-40GB MIG 4g.20gb (0),1,,13,[CUDA memcpy Host-to-Device]
6529124561,14016,171369,273,1,1,48,1,1,40,0.000,0.001,,,,,NVIDIA A100-SXM4-40GB MIG 4g.20gb (0),1,,13,"void pusch_noise_intf_est::noiseIntfEstNoDftSOfdmKernel<float, __half, float, float, (unsigned int)2, (unsigned int)1, (unsigned char)4, (unsigned char)4>(pusch_noise_intf_est::puschRxNoiseIntfEstDynDescr)"
6529479725,4512,171380,35,1,1,128,1,1,16,0.000,0.000,,,,,NVIDIA A100-SXM4-40GB MIG 4g.20gb (0),1,,13,cupy_copy__complex64_complex64
6529793065,3136,171389,1,1,1,1,1,1,18,0.000,0.000,,,,,NVIDIA A100-SXM4-40GB MIG 4g.20gb (0),1,,13,cupy_copy__float32_float32
6529801001,1632,171395,,,,,,,,,,0.000,2.451,Device,Pageable,NVIDIA A100-SXM4-40GB MIG 4g.20gb (0),1,,7,[CUDA memcpy Device-to-Host]
6530109574,16064,171406,1434,1,1,128,1,1,16,0.000,0.000,,,,,NVIDIA A100-SXM4-40GB MIG 4g.20gb (0),1,,13,cupy_copy__complex64_complex64
6530349155,5088,171413,103,1,1,128,1,1,16,0.000,0.000,,,,,NVIDIA A100-SXM4-40GB MIG 4g.20gb (0),1,,13,cupy_copy__complex64_complex64
6530579073,5983,171420,35,1,1,128,1,1,16,0.000,0.000,,,,,NVIDIA A100-SXM4-40GB MIG 4g.20gb (0),1,,13,cupy_copy__complex64_complex64
6530801182,3488,171427,1,1,1,1,1,1,18,0.000,0.000,,,,,NVIDIA A100-SXM4-40GB MIG 4g.20gb (0),1,,13,cupy_copy__float32_float32
6530990108,223613,171438,1,1,1,32,32,1,30,0.000,0.000,,,,,NVIDIA A100-SXM4-40GB MIG 4g.20gb (0),1,,13,"void convert_kernel<__half2, float2>(tensor_layout_any, T1 *, tensor_layout_any, const T2 *)"
6531243225,5952,171441,,,,,,,,,,0.094,15741.865,Pinned,Device,NVIDIA A100-SXM4-40GB MIG 4g.20gb (0),1,,13,[CUDA memcpy Host-to-Device]
6531489270,5792,171442,,,,,,,,,,1.547,267026.180,Device,,NVIDIA A100-SXM4-40GB MIG 4g.20gb (0),1,,13,[CUDA memset]
6531501846,6048,171447,,,,,,,,,,0.031,5174.575,Pinned,Device,NVIDIA A100-SXM4-40GB MIG 4g.20gb (0),1,,13,[CUDA memcpy Host-to-Device]
6531511414,10880,171448,,,,,,,,,,0.197,18070.438,Pinned,Device,NVIDIA A100-SXM4-40GB MIG 4g.20gb (0),1,,13,[CUDA memcpy Host-to-Device]
6531671348,12256,171449,273,1,1,8,4,1,39,0.002,0.000,,,,,NVIDIA A100-SXM4-40GB MIG 4g.20gb (0),1,,13,"void channel_eq::eqMmseCoefCompLowMimoKernel<float, float, float, (unsigned int)4, (unsigned int)1, (unsigned int)4>(const channel_eq::_puschRxChEqStatDescr *, channel_eq::_puschRxChEqCoefCompDynDescr)"
6532006864,12288,171450,273,1,1,12,11,1,51,0.002,0.000,,,,,NVIDIA A100-SXM4-40GB MIG 4g.20gb (0),1,,13,"void channel_eq::eqMmseSoftDemapKernel<float, __half, __half, float, (unsigned int)4, (unsigned short)16383>(channel_eq::_puschRxChEqStatDescr *, channel_eq::_puschRxChEqSoftDemapDynDescr)"
6532351948,573850,171451,1,1,1,32,32,1,30,0.000,0.000,,,,,NVIDIA A100-SXM4-40GB MIG 4g.20gb (0),1,,13,"void convert_kernel<float2, __half2>(tensor_layout_any, T1 *, tensor_layout_any, const T2 *)"
6533184771,19040,171463,2253,1,1,128,1,1,16,0.000,0.000,,,,,NVIDIA A100-SXM4-40GB MIG 4g.20gb (0),1,,13,cupy_copy__float16_float16
6533528063,9440,171472,282,1,1,128,1,1,16,0.000,0.000,,,,,NVIDIA A100-SXM4-40GB MIG 4g.20gb (0),1,,13,cupy_copy__complex64_complex64
6533801340,3936,171481,26,1,1,128,1,1,16,0.000,0.000,,,,,NVIDIA A100-SXM4-40GB MIG 4g.20gb (0),1,,13,cupy_copy__float32_float32
6534191032,6784,171490,103,1,1,128,1,1,16,0.000,0.000,,,,,NVIDIA A100-SXM4-40GB MIG 4g.20gb (0),1,,13,cupy_copy__complex64_complex64
6534576563,16736,171500,1434,1,1,128,1,1,16,0.000,0.000,,,,,NVIDIA A100-SXM4-40GB MIG 4g.20gb (0),1,,13,cupy_copy__complex64_complex64
6534966927,249501,171505,1,1,1,32,32,1,30,0.000,0.000,,,,,NVIDIA A100-SXM4-40GB MIG 4g.20gb (0),1,,13,"void convert_kernel<__half2, float2>(tensor_layout_any, T1 *, tensor_layout_any, const T2 *)"
6535249260,6624,171508,,,,,,,,,,0.094,14144.910,Pinned,Device,NVIDIA A100-SXM4-40GB MIG 4g.20gb (0),1,,13,[CUDA memcpy Host-to-Device]
6535425002,606393,171509,,,,,,,,,,456.561,752869.815,Device,,NVIDIA A100-SXM4-40GB MIG 4g.20gb (0),1,,13,[CUDA memset]
6536039363,65535,171514,,,,,,,,,,1.235,18844.010,Pinned,Device,NVIDIA A100-SXM4-40GB MIG 4g.20gb (0),1,,13,[CUDA memcpy Host-to-Device]
6536111682,19872,171515,,,,,,,,,,0.197,9893.708,Pinned,Device,NVIDIA A100-SXM4-40GB MIG 4g.20gb (0),1,,13,[CUDA memcpy Host-to-Device]
6536260288,12896,171516,69,4,1,48,1,1,76,0.002,0.000,,,,,NVIDIA A100-SXM4-40GB MIG 4g.20gb (0),1,,13,"void ch_est::windowedChEstPreNoDftSOfdmKernel<float, __half, float, (unsigned int)2, (unsigned int)1, (unsigned short)4>(ch_est::puschRxChEstStatDescr_t *, ch_est::puschRxChEstDynDescr_t *)"
6536454046,21120,171517,137,2,1,24,2,1,44,0.001,0.001,,,,,NVIDIA A100-SXM4-40GB MIG 4g.20gb (0),1,,13,"void ch_est::chEstFilterNoDftSOfdmDispatchKernel<float, __half, float, (unsigned int)2>(ch_est::puschRxChEstStatDescr_t *, ch_est::puschRxChEstDynDescr_t *)"
6536700795,9216,171518,137,2,1,24,2,1,44,0.001,0.001,,,,,NVIDIA A100-SXM4-40GB MIG 4g.20gb (0),1,,13,"void ch_est::chEstFilterNoDftSOfdmDispatchKernel<float, __half, float, (unsigned int)2>(ch_est::puschRxChEstStatDescr_t *, ch_est::puschRxChEstDynDescr_t *)"
6536920537,4960,171529,103,1,1,128,1,1,16,0.000,0.000,,,,,NVIDIA A100-SXM4-40GB MIG 4g.20gb (0),1,,13,cupy_copy__complex64_complex64
6537120246,16448,171539,1434,1,1,128,1,1,16,0.000,0.000,,,,,NVIDIA A100-SXM4-40GB MIG 4g.20gb (0),1,,13,cupy_copy__complex64_complex64
6537328020,4672,171546,103,1,1,128,1,1,16,0.000,0.000,,,,,NVIDIA A100-SXM4-40GB MIG 4g.20gb (0),1,,13,cupy_copy__complex64_complex64
6537527954,281117,171553,1,1,1,32,32,1,30,0.000,0.000,,,,,NVIDIA A100-SXM4-40GB MIG 4g.20gb (0),1,,13,"void convert_kernel<__half2, float2>(tensor_layout_any, T1 *, tensor_layout_any, const T2 *)"
6537839086,6528,171556,,,,,,,,,,0.094,14352.915,Pinned,Device,NVIDIA A100-SXM4-40GB MIG 4g.20gb (0),1,,13,[CUDA memcpy Host-to-Device]
6538015244,52768,171557,,,,,,,,,,35.810,678597.984,Device,,NVIDIA A100-SXM4-40GB MIG 4g.20gb (0),1,,13,[CUDA memset]
6538070764,5472,171559,,,,,,,,,,0.000,14.620,Pinned,Device,NVIDIA A100-SXM4-40GB MIG 4g.20gb (0),1,,13,[CUDA memcpy Host-to-Device]
6538078732,10111,171560,,,,,,,,,,0.197,19444.924,Pinned,Device,NVIDIA A100-SXM4-40GB MIG 4g.20gb (0),1,,13,[CUDA memcpy Host-to-Device]
6538246154,15648,171561,273,1,1,48,1,1,40,0.000,0.001,,,,,NVIDIA A100-SXM4-40GB MIG 4g.20gb (0),1,,13,"void pusch_noise_intf_est::noiseIntfEstNoDftSOfdmKernel<float, __half, float, float, (unsigned int)2, (unsigned int)1, (unsigned char)4, (unsigned char)4>(pusch_noise_intf_est::puschRxNoiseIntfEstDynDescr)"
6538431944,7104,171572,35,1,1,128,1,1,16,0.000,0.000,,,,,NVIDIA A100-SXM4-40GB MIG 4g.20gb (0),1,,13,cupy_copy__complex64_complex64
6538515207,2912,171581,1,1,1,1,1,1,18,0.000,0.000,,,,,NVIDIA A100-SXM4-40GB MIG 4g.20gb (0),1,,13,cupy_copy__float32_float32
6538520391,2016,171587,,,,,,,,,,0.000,1.984,Device,Pageable,NVIDIA A100-SXM4-40GB MIG 4g.20gb (0),1,,7,[CUDA memcpy Device-to-Host]
6538672997,18336,171598,1434,1,1,128,1,1,16,0.000,0.000,,,,,NVIDIA A100-SXM4-40GB MIG 4g.20gb (0),1,,13,cupy_copy__complex64_complex64
6538813219,5600,171605,103,1,1,128,1,1,16,0.000,0.000,,,,,NVIDIA A100-SXM4-40GB MIG 4g.20gb (0),1,,13,cupy_copy__complex64_complex64
6538939010,4928,171612,35,1,1,128,1,1,16,0.000,0.000,,,,,NVIDIA A100-SXM4-40GB MIG 4g.20gb (0),1,,13,cupy_copy__complex64_complex64
6539072768,5184,171619,1,1,1,1,1,1,18,0.000,0.000,,,,,NVIDIA A100-SXM4-40GB MIG 4g.20gb (0),1,,13,cupy_copy__float32_float32
6539132864,324316,171630,1,1,1,32,32,1,30,0.000,0.000,,,,,NVIDIA A100-SXM4-40GB MIG 4g.20gb (0),1,,13,"void convert_kernel<__half2, float2>(tensor_layout_any, T1 *, tensor_layout_any, const T2 *)"
6539486972,8928,171633,,,,,,,,,,0.094,10494.608,Pinned,Device,NVIDIA A100-SXM4-40GB MIG 4g.20gb (0),1,,13,[CUDA memcpy Host-to-Device]
6539637146,6560,171634,,,,,,,,,,1.547,235765.816,Device,,NVIDIA A100-SXM4-40GB MIG 4g.20gb (0),1,,13,[CUDA memset]
6539647674,3360,171639,,,,,,,,,,0.031,9314.284,Pinned,Device,NVIDIA A100-SXM4-40GB MIG 4g.20gb (0),1,,13,[CUDA memcpy Host-to-Device]
6539654202,13696,171640,,,,,,,,,,0.197,14355.137,Pinned,Device,NVIDIA A100-SXM4-40GB MIG 4g.20gb (0),1,,13,[CUDA memcpy Host-to-Device]
6539826264,13152,171641,273,1,1,8,4,1,39,0.002,0.000,,,,,NVIDIA A100-SXM4-40GB MIG 4g.20gb (0),1,,13,"void channel_eq::eqMmseCoefCompLowMimoKernel<float, float, float, (unsigned int)4, (unsigned int)1, (unsigned int)4>(const channel_eq::_puschRxChEqStatDescr *, channel_eq::_puschRxChEqCoefCompDynDescr)"
6539881047,11040,171642,273,1,1,12,11,1,51,0.002,0.000,,,,,NVIDIA A100-SXM4-40GB MIG 4g.20gb (0),1,,13,"void channel_eq::eqMmseSoftDemapKernel<float, __half, __half, float, (unsigned int)4, (unsigned short)16383>(channel_eq::_puschRxChEqStatDescr *, channel_eq::_puschRxChEqSoftDemapDynDescr)"
6539939735,640440,171643,1,1,1,32,32,1,30,0.000,0.000,,,,,NVIDIA A100-SXM4-40GB MIG 4g.20gb (0),1,,13,"void convert_kernel<float2, __half2>(tensor_layout_any, T1 *, tensor_layout_any, const T2 *)"
6540715758,14912,171655,2253,1,1,128,1,1,16,0.000,0.000,,,,,NVIDIA A100-SXM4-40GB MIG 4g.20gb (0),1,,13,cupy_copy__float16_float16
6540836524,5312,171664,282,1,1,128,1,1,16,0.000,0.000,,,,,NVIDIA A100-SXM4-40GB MIG 4g.20gb (0),1,,13,cupy_copy__complex64_complex64
6541028522,4256,171673,26,1,1,128,1,1,16,0.000,0.000,,,,,NVIDIA A100-SXM4-40GB MIG 4g.20gb (0),1,,13,cupy_copy__float32_float32
6541201384,7424,171682,103,1,1,128,1,1,16,0.000,0.000,,,,,NVIDIA A100-SXM4-40GB MIG 4g.20gb (0),1,,13,cupy_copy__complex64_complex64
6541370918,16800,171692,1434,1,1,128,1,1,16,0.000,0.000,,,,,NVIDIA A100-SXM4-40GB MIG 4g.20gb (0),1,,13,cupy_copy__complex64_complex64
6541438854,252413,171697,1,1,1,32,32,1,30,0.000,0.000,,,,,NVIDIA A100-SXM4-40GB MIG 4g.20gb (0),1,,13,"void convert_kernel<__half2, float2>(tensor_layout_any, T1 *, tensor_layout_any, const T2 *)"
6541719874,5696,171700,,,,,,,,,,0.094,16449.363,Pinned,Device,NVIDIA A100-SXM4-40GB MIG 4g.20gb (0),1,,13,[CUDA memcpy Host-to-Device]
6541915168,610009,171701,,,,,,,,,,456.561,748304.200,Device,,NVIDIA A100-SXM4-40GB MIG 4g.20gb (0),1,,13,[CUDA memset]
6542532697,54592,171706,,,,,,,,,,1.235,22620.469,Pinned,Device,NVIDIA A100-SXM4-40GB MIG 4g.20gb (0),1,,13,[CUDA memcpy Host-to-Device]
6542593049,9439,171707,,,,,,,,,,0.197,20829.241,Pinned,Device,NVIDIA A100-SXM4-40GB MIG 4g.20gb (0),1,,13,[CUDA memcpy Host-to-Device]
6542787158,13216,171708,69,4,1,48,1,1,76,0.002,0.000,,,,,NVIDIA A100-SXM4-40GB MIG 4g.20gb (0),1,,13,"void ch_est::windowedChEstPreNoDftSOfdmKernel<float, __half, float, (unsigned int)2, (unsigned int)1, (unsigned short)4>(ch_est::puschRxChEstStatDescr_t *, ch_est::puschRxChEstDynDescr_t *)"
6542991316,12512,171709,137,2,1,24,2,1,44,0.001,0.001,,,,,NVIDIA A100-SXM4-40GB MIG 4g.20gb (0),1,,13,"void ch_est::chEstFilterNoDftSOfdmDispatchKernel<float, __half, float, (unsigned int)2>(ch_est::puschRxChEstStatDescr_t *, ch_est::puschRxChEstDynDescr_t *)"
6543196018,12448,171710,137,2,1,24,2,1,44,0.001,0.001,,,,,NVIDIA A100-SXM4-40GB MIG 4g.20gb (0),1,,13,"void ch_est::chEstFilterNoDftSOfdmDispatchKernel<float, __half, float, (unsigned int)2>(ch_est::puschRxChEstStatDescr_t *, ch_est::puschRxChEstDynDescr_t *)"
6543401519,5280,171721,103,1,1,128,1,1,16,0.000,0.000,,,,,NVIDIA A100-SXM4-40GB MIG 4g.20gb (0),1,,13,cupy_copy__complex64_complex64
6543578285,15936,171731,1434,1,1,128,1,1,16,0.000,0.000,,,,,NVIDIA A100-SXM4-40GB MIG 4g.20gb (0),1,,13,cupy_copy__complex64_complex64
6543824171,4352,171738,103,1,1,128,1,1,16,0.000,0.000,,,,,NVIDIA A100-SXM4-40GB MIG 4g.20gb (0),1,,13,cupy_copy__complex64_complex64
6544114407,271613,171745,1,1,1,32,32,1,30,0.000,0.000,,,,,NVIDIA A100-SXM4-40GB MIG 4g.20gb (0),1,,13,"void convert_kernel<__half2, float2>(tensor_layout_any, T1 *, tensor_layout_any, const T2 *)"
6544416452,11648,171748,,,,,,,,,,0.094,8043.895,Pinned,Device,NVIDIA A100-SXM4-40GB MIG 4g.20gb (0),1,,13,[CUDA memcpy Host-to-Device]
6544503395,49983,171749,,,,,,,,,,35.810,716413.260,Device,,NVIDIA A100-SXM4-40GB MIG 4g.20gb (0),1,,13,[CUDA memset]
6544560194,2144,171751,,,,,,,,,,0.000,37.313,Pinned,Device,NVIDIA A100-SXM4-40GB MIG 4g.20gb (0),1,,13,[CUDA memcpy Host-to-Device]
6544564802,12640,171752,,,,,,,,,,0.197,15554.249,Pinned,Device,NVIDIA A100-SXM4-40GB MIG 4g.20gb (0),1,,13,[CUDA memcpy Host-to-Device]
6544736352,17088,171753,273,1,1,48,1,1,40,0.000,0.001,,,,,NVIDIA A100-SXM4-40GB MIG 4g.20gb (0),1,,13,"void pusch_noise_intf_est::noiseIntfEstNoDftSOfdmKernel<float, __half, float, float, (unsigned int)2, (unsigned int)1, (unsigned char)4, (unsigned char)4>(pusch_noise_intf_est::puschRxNoiseIntfEstDynDescr)"
6544923102,4768,171764,35,1,1,128,1,1,16,0.000,0.000,,,,,NVIDIA A100-SXM4-40GB MIG 4g.20gb (0),1,,13,cupy_copy__complex64_complex64
6545002877,2976,171773,1,1,1,1,1,1,18,0.000,0.000,,,,,NVIDIA A100-SXM4-40GB MIG 4g.20gb (0),1,,13,cupy_copy__float32_float32
6545007677,2784,171779,,,,,,,,,,0.000,1.437,Device,Pageable,NVIDIA A100-SXM4-40GB MIG 4g.20gb (0),1,,7,[CUDA memcpy Device-to-Host]
6545190907,16096,171790,1434,1,1,128,1,1,16,0.000,0.000,,,,,NVIDIA A100-SXM4-40GB MIG 4g.20gb (0),1,,13,cupy_copy__complex64_complex64
6545388089,4608,171797,103,1,1,128,1,1,16,0.000,0.000,,,,,NVIDIA A100-SXM4-40GB MIG 4g.20gb (0),1,,13,cupy_copy__complex64_complex64
6545556631,6816,171804,35,1,1,128,1,1,16,0.000,0.000,,,,,NVIDIA A100-SXM4-40GB MIG 4g.20gb (0),1,,13,cupy_copy__complex64_complex64
6545723733,3008,171811,1,1,1,1,1,1,18,0.000,0.000,,,,,NVIDIA A100-SXM4-40GB MIG 4g.20gb (0),1,,13,cupy_copy__float32_float32
6545893011,249757,171822,1,1,1,32,32,1,30,0.000,0.000,,,,,NVIDIA A100-SXM4-40GB MIG 4g.20gb (0),1,,13,"void convert_kernel<__half2, float2>(tensor_layout_any, T1 *, tensor_layout_any, const T2 *)"
6546172496,5440,171825,,,,,,,,,,0.094,17223.480,Pinned,Device,NVIDIA A100-SXM4-40GB MIG 4g.20gb (0),1,,13,[CUDA memcpy Host-to-Device]
6546236847,5312,171826,,,,,,,,,,1.547,291156.608,Device,,NVIDIA A100-SXM4-40GB MIG 4g.20gb (0),1,,13,[CUDA memset]
6546247375,3296,171831,,,,,,,,,,0.031,9495.144,Pinned,Device,NVIDIA A100-SXM4-40GB MIG 4g.20gb (0),1,,13,[CUDA memcpy Host-to-Device]
6546256271,9696,171832,,,,,,,,,,0.197,20277.166,Pinned,Device,NVIDIA A100-SXM4-40GB MIG 4g.20gb (0),1,,13,[CUDA memcpy Host-to-Device]
6546321870,13216,171833,273,1,1,8,4,1,39,0.002,0.000,,,,,NVIDIA A100-SXM4-40GB MIG 4g.20gb (0),1,,13,"void channel_eq::eqMmseCoefCompLowMimoKernel<float, float, float, (unsigned int)4, (unsigned int)1, (unsigned int)4>(const channel_eq::_puschRxChEqStatDescr *, channel_eq::_puschRxChEqCoefCompDynDescr)"
6546389262,11359,171834,273,1,1,12,11,1,51,0.002,0.000,,,,,NVIDIA A100-SXM4-40GB MIG 4g.20gb (0),1,,13,"void channel_eq::eqMmseSoftDemapKernel<float, __half, __half, float, (unsigned int)4, (unsigned short)16383>(channel_eq::_puschRxChEqStatDescr *, channel_eq::_puschRxChEqSoftDemapDynDescr)"
6546519596,664313,171835,1,1,1,32,32,1,30,0.000,0.000,,,,,NVIDIA A100-SXM4-40GB MIG 4g.20gb (0),1,,13,"void convert_kernel<float2, __half2>(tensor_layout_any, T1 *, tensor_layout_any, const T2 *)"
6547371554,16192,171847,2253,1,1,128,1,1,16,0.000,0.000,,,,,NVIDIA A100-SXM4-40GB MIG 4g.20gb (0),1,,13,cupy_copy__float16_float16
6547587968,6720,171856,282,1,1,128,1,1,16,0.000,0.000,,,,,NVIDIA A100-SXM4-40GB MIG 4g.20gb (0),1,,13,cupy_copy__complex64_complex64
6547774014,4864,171865,26,1,1,128,1,1,16,0.000,0.000,,,,,NVIDIA A100-SXM4-40GB MIG 4g.20gb (0),1,,13,cupy_copy__float32_float32
6547961180,7168,171874,103,1,1,128,1,1,16,0.000,0.000,,,,,NVIDIA A100-SXM4-40GB MIG 4g.20gb (0),1,,13,cupy_copy__complex64_complex64
6548146394,16959,171884,1434,1,1,128,1,1,16,0.000,0.000,,,,,NVIDIA A100-SXM4-40GB MIG 4g.20gb (0),1,,13,cupy_copy__complex64_complex64
6548238169,205117,171889,1,1,1,32,32,1,30,0.000,0.000,,,,,NVIDIA A100-SXM4-40GB MIG 4g.20gb (0),1,,13,"void convert_kernel<__half2, float2>(tensor_layout_any, T1 *, tensor_layout_any, const T2 *)"
6548474006,7584,171892,,,,,,,,,,0.094,12354.380,Pinned,Device,NVIDIA A100-SXM4-40GB MIG 4g.20gb (0),1,,13,[CUDA memcpy Host-to-Device]
6548704755,606649,171893,,,,,,,,,,456.561,752413.253,Device,,NVIDIA A100-SXM4-40GB MIG 4g.20gb (0),1,,13,[CUDA memset]
6549312844,66400,171898,,,,,,,,,,1.235,18598.257,Pinned,Device,NVIDIA A100-SXM4-40GB MIG 4g.20gb (0),1,,13,[CUDA memcpy Host-to-Device]
6549381996,13439,171899,,,,,,,,,,0.197,14629.601,Pinned,Device,NVIDIA A100-SXM4-40GB MIG 4g.20gb (0),1,,13,[CUDA memcpy Host-to-Device]
6549526634,9600,171900,69,4,1,48,1,1,76,0.002,0.000,,,,,NVIDIA A100-SXM4-40GB MIG 4g.20gb (0),1,,13,"void ch_est::windowedChEstPreNoDftSOfdmKernel<float, __half, float, (unsigned int)2, (unsigned int)1, (unsigned short)4>(ch_est::puschRxChEstStatDescr_t *, ch_est::puschRxChEstDynDescr_t *)"
6549742504,9919,171901,137,2,1,24,2,1,44,0.001,0.001,,,,,NVIDIA A100-SXM4-40GB MIG 4g.20gb (0),1,,13,"void ch_est::chEstFilterNoDftSOfdmDispatchKernel<float, __half, float, (unsigned int)2>(ch_est::puschRxChEstStatDescr_t *, ch_est::puschRxChEstDynDescr_t *)"
6549811367,8768,171902,137,2,1,24,2,1,44,0.001,0.001,,,,,NVIDIA A100-SXM4-40GB MIG 4g.20gb (0),1,,13,"void ch_est::chEstFilterNoDftSOfdmDispatchKernel<float, __half, float, (unsigned int)2>(ch_est::puschRxChEstStatDescr_t *, ch_est::puschRxChEstDynDescr_t *)"
6549989637,5280,171913,103,1,1,128,1,1,16,0.000,0.000,,,,,NVIDIA A100-SXM4-40GB MIG 4g.20gb (0),1,,13,cupy_copy__complex64_complex64
6550175203,15295,171923,1434,1,1,128,1,1,16,0.000,0.000,,,,,NVIDIA A100-SXM4-40GB MIG 4g.20gb (0),1,,13,cupy_copy__complex64_complex64
6550372832,6752,171930,103,1,1,128,1,1,16,0.000,0.000,,,,,NVIDIA A100-SXM4-40GB MIG 4g.20gb (0),1,,13,cupy_copy__complex64_complex64
6550561630,239838,171937,1,1,1,32,32,1,30,0.000,0.000,,,,,NVIDIA A100-SXM4-40GB MIG 4g.20gb (0),1,,13,"void convert_kernel<__half2, float2>(tensor_layout_any, T1 *, tensor_layout_any, const T2 *)"
6550830555,10656,171940,,,,,,,,,,0.094,8792.714,Pinned,Device,NVIDIA A100-SXM4-40GB MIG 4g.20gb (0),1,,13,[CUDA memcpy Host-to-Device]
6551103992,51872,171941,,,,,,,,,,35.810,690343.638,Device,,NVIDIA A100-SXM4-40GB MIG 4g.20gb (0),1,,13,[CUDA memset]
6551159768,2367,171943,,,,,,,,,,0.000,33.798,Pinned,Device,NVIDIA A100-SXM4-40GB MIG 4g.20gb (0),1,,13,[CUDA memcpy Host-to-Device]
6551164823,10080,171944,,,,,,,,,,0.197,19504.693,Pinned,Device,NVIDIA A100-SXM4-40GB MIG 4g.20gb (0),1,,13,[CUDA memcpy Host-to-Device]
6551458964,16288,171945,273,1,1,48,1,1,40,0.000,0.001,,,,,NVIDIA A100-SXM4-40GB MIG 4g.20gb (0),1,,13,"void pusch_noise_intf_est::noiseIntfEstNoDftSOfdmKernel<float, __half, float, float, (unsigned int)2, (unsigned int)1, (unsigned char)4, (unsigned char)4>(pusch_noise_intf_est::puschRxNoiseIntfEstDynDescr)"
6551777745,5279,171956,35,1,1,128,1,1,16,0.000,0.000,,,,,NVIDIA A100-SXM4-40GB MIG 4g.20gb (0),1,,13,cupy_copy__complex64_complex64
6551929711,3040,171965,1,1,1,1,1,1,18,0.000,0.000,,,,,NVIDIA A100-SXM4-40GB MIG 4g.20gb (0),1,,13,cupy_copy__float32_float32
6551938735,1856,171971,,,,,,,,,,0.000,2.155,Device,Pageable,NVIDIA A100-SXM4-40GB MIG 4g.20gb (0),1,,7,[CUDA memcpy Device-to-Host]
6552137644,16608,171982,1434,1,1,128,1,1,16,0.000,0.000,,,,,NVIDIA A100-SXM4-40GB MIG 4g.20gb (0),1,,13,cupy_copy__complex64_complex64
6552317002,4448,171989,103,1,1,128,1,1,16,0.000,0.000,,,,,NVIDIA A100-SXM4-40GB MIG 4g.20gb (0),1,,13,cupy_copy__complex64_complex64
6552472073,6176,171996,35,1,1,128,1,1,16,0.000,0.000,,,,,NVIDIA A100-SXM4-40GB MIG 4g.20gb (0),1,,13,cupy_copy__complex64_complex64
6552623239,3200,172003,1,1,1,1,1,1,18,0.000,0.000,,,,,NVIDIA A100-SXM4-40GB MIG 4g.20gb (0),1,,13,cupy_copy__float32_float32
6552776485,287037,172014,1,1,1,32,32,1,30,0.000,0.000,,,,,NVIDIA A100-SXM4-40GB MIG 4g.20gb (0),1,,13,"void convert_kernel<__half2, float2>(tensor_layout_any, T1 *, tensor_layout_any, const T2 *)"
6553095778,5440,172017,,,,,,,,,,0.094,17223.480,Pinned,Device,NVIDIA A100-SXM4-40GB MIG 4g.20gb (0),1,,13,[CUDA memcpy Host-to-Device]
6553177409,5344,172018,,,,,,,,,,1.547,289412.016,Device,,NVIDIA A100-SXM4-40GB MIG 4g.20gb (0),1,,13,[CUDA memset]
6553186881,3552,172023,,,,,,,,,,0.031,8810.794,Pinned,Device,NVIDIA A100-SXM4-40GB MIG 4g.20gb (0),1,,13,[CUDA memcpy Host-to-Device]
6553192897,9983,172024,,,,,,,,,,0.197,19694.223,Pinned,Device,NVIDIA A100-SXM4-40GB MIG 4g.20gb (0),1,,13,[CUDA memcpy Host-to-Device]
6553247968,12256,172025,273,1,1,8,4,1,39,0.002,0.000,,,,,NVIDIA A100-SXM4-40GB MIG 4g.20gb (0),1,,13,"void channel_eq::eqMmseCoefCompLowMimoKernel<float, float, float, (unsigned int)4, (unsigned int)1, (unsigned int)4>(const channel_eq::_puschRxChEqStatDescr *, channel_eq::_puschRxChEqCoefCompDynDescr)"
6553315519,10720,172026,273,1,1,12,11,1,51,0.002,0.000,,,,,NVIDIA A100-SXM4-40GB MIG 4g.20gb (0),1,,13,"void channel_eq::eqMmseSoftDemapKernel<float, __half, __half, float, (unsigned int)4, (unsigned short)16383>(channel_eq::_puschRxChEqStatDescr *, channel_eq::_puschRxChEqSoftDemapDynDescr)"
6553387358,327613,172027,1,1,1,32,32,1,30,0.000,0.000,,,,,NVIDIA A100-SXM4-40GB MIG 4g.20gb (0),1,,13,"void convert_kernel<float2, __half2>(tensor_layout_any, T1 *, tensor_layout_any, const T2 *)"
6553767674,13216,172039,2253,1,1,128,1,1,16,0.000,0.000,,,,,NVIDIA A100-SXM4-40GB MIG 4g.20gb (0),1,,13,cupy_copy__float16_float16
6553819993,4288,172048,282,1,1,128,1,1,16,0.000,0.000,,,,,NVIDIA A100-SXM4-40GB MIG 4g.20gb (0),1,,13,cupy_copy__complex64_complex64
6553869913,2624,172057,26,1,1,128,1,1,16,0.000,0.000,,,,,NVIDIA A100-SXM4-40GB MIG 4g.20gb (0),1,,13,cupy_copy__float32_float32
6553919736,7232,172066,103,1,1,128,1,1,16,0.000,0.000,,,,,NVIDIA A100-SXM4-40GB MIG 4g.20gb (0),1,,13,cupy_copy__complex64_complex64
6553971960,14848,172076,1434,1,1,128,1,1,16,0.000,0.000,,,,,NVIDIA A100-SXM4-40GB MIG 4g.20gb (0),1,,13,cupy_copy__complex64_complex64
6554026999,102783,172081,1,1,1,32,32,1,30,0.000,0.000,,,,,NVIDIA A100-SXM4-40GB MIG 4g.20gb (0),1,,13,"void convert_kernel<__half2, float2>(tensor_layout_any, T1 *, tensor_layout_any, const T2 *)"
6554158678,5504,172084,,,,,,,,,,0.094,17023.251,Pinned,Device,NVIDIA A100-SXM4-40GB MIG 4g.20gb (0),1,,13,[CUDA memcpy Host-to-Device]
6554206549,605465,172085,,,,,,,,,,456.561,753782.937,Device,,NVIDIA A100-SXM4-40GB MIG 4g.20gb (0),1,,13,[CUDA memset]
6554820558,56383,172090,,,,,,,,,,1.235,21901.732,Pinned,Device,NVIDIA A100-SXM4-40GB MIG 4g.20gb (0),1,,13,[CUDA memcpy Host-to-Device]
6554879405,12544,172091,,,,,,,,,,0.197,15673.393,Pinned,Device,NVIDIA A100-SXM4-40GB MIG 4g.20gb (0),1,,13,[CUDA memcpy Host-to-Device]
6554993292,10624,172092,69,4,1,48,1,1,76,0.002,0.000,,,,,NVIDIA A100-SXM4-40GB MIG 4g.20gb (0),1,,13,"void ch_est::windowedChEstPreNoDftSOfdmKernel<float, __half, float, (unsigned int)2, (unsigned int)1, (unsigned short)4>(ch_est::puschRxChEstStatDescr_t *, ch_est::puschRxChEstDynDescr_t *)"
6555142282,9344,172093,137,2,1,24,2,1,44,0.001,0.001,,,,,NVIDIA A100-SXM4-40GB MIG 4g.20gb (0),1,,13,"void ch_est::chEstFilterNoDftSOfdmDispatchKernel<float, __half, float, (unsigned int)2>(ch_est::puschRxChEstStatDescr_t *, ch_est::puschRxChEstDynDescr_t *)"
6555307209,11039,172094,137,2,1,24,2,1,44,0.001,0.001,,,,,NVIDIA A100-SXM4-40GB MIG 4g.20gb (0),1,,13,"void ch_est::chEstFilterNoDftSOfdmDispatchKernel<float, __half, float, (unsigned int)2>(ch_est::puschRxChEstStatDescr_t *, ch_est::puschRxChEstDynDescr_t *)"
6555379048,4384,172105,103,1,1,128,1,1,16,0.000,0.000,,,,,NVIDIA A100-SXM4-40GB MIG 4g.20gb (0),1,,13,cupy_copy__complex64_complex64
6555523174,18240,172115,1434,1,1,128,1,1,16,0.000,0.000,,,,,NVIDIA A100-SXM4-40GB MIG 4g.20gb (0),1,,13,cupy_copy__complex64_complex64
6555699204,5088,172122,103,1,1,128,1,1,16,0.000,0.000,,,,,NVIDIA A100-SXM4-40GB MIG 4g.20gb (0),1,,13,cupy_copy__complex64_complex64
6555844386,266525,172129,1,1,1,32,32,1,30,0.000,0.000,,,,,NVIDIA A100-SXM4-40GB MIG 4g.20gb (0),1,,13,"void convert_kernel<__half2, float2>(tensor_layout_any, T1 *, tensor_layout_any, const T2 *)"
6556145279,6208,172132,,,,,,,,,,0.094,15092.739,Pinned,Device,NVIDIA A100-SXM4-40GB MIG 4g.20gb (0),1,,13,[CUDA memcpy Host-to-Device]
6556235230,47712,172133,,,,,,,,,,35.810,750540.113,Device,,NVIDIA A100-SXM4-40GB MIG 4g.20gb (0),1,,13,[CUDA memset]
6556285757,4416,172135,,,,,,,,,,0.000,18.116,Pinned,Device,NVIDIA A100-SXM4-40GB MIG 4g.20gb (0),1,,13,[CUDA memcpy Host-to-Device]
6556294045,16288,172136,,,,,,,,,,0.197,12070.552,Pinned,Device,NVIDIA A100-SXM4-40GB MIG 4g.20gb (0),1,,13,[CUDA memcpy Host-to-Device]
6556452604,20639,172137,273,1,1,48,1,1,40,0.000,0.001,,,,,NVIDIA A100-SXM4-40GB MIG 4g.20gb (0),1,,13,"void pusch_noise_intf_est::noiseIntfEstNoDftSOfdmKernel<float, __half, float, float, (unsigned int)2, (unsigned int)1, (unsigned char)4, (unsigned char)4>(pusch_noise_intf_est::puschRxNoiseIntfEstDynDescr)"
6556618522,3968,172148,35,1,1,128,1,1,16,0.000,0.000,,,,,NVIDIA A100-SXM4-40GB MIG 4g.20gb (0),1,,13,cupy_copy__complex64_complex64
6556765144,3840,172157,1,1,1,1,1,1,18,0.000,0.000,,,,,NVIDIA A100-SXM4-40GB MIG 4g.20gb (0),1,,13,cupy_copy__float32_float32
6556769912,1952,172163,,,,,,,,,,0.000,2.049,Device,Pageable,NVIDIA A100-SXM4-40GB MIG 4g.20gb (0),1,,7,[CUDA memcpy Device-to-Host]
6556885815,14912,172174,1434,1,1,128,1,1,16,0.000,0.000,,,,,NVIDIA A100-SXM4-40GB MIG 4g.20gb (0),1,,13,cupy_copy__complex64_complex64
6556939734,4160,172181,103,1,1,128,1,1,16,0.000,0.000,,,,,NVIDIA A100-SXM4-40GB MIG 4g.20gb (0),1,,13,cupy_copy__complex64_complex64
6556989206,3679,172188,35,1,1,128,1,1,16,0.000,0.000,,,,,NVIDIA A100-SXM4-40GB MIG 4g.20gb (0),1,,13,cupy_copy__complex64_complex64
6557039221,3104,172195,1,1,1,1,1,1,18,0.000,0.000,,,,,NVIDIA A100-SXM4-40GB MIG 4g.20gb (0),1,,13,cupy_copy__float32_float32
6557092436,108255,172206,1,1,1,32,32,1,30,0.000,0.000,,,,,NVIDIA A100-SXM4-40GB MIG 4g.20gb (0),1,,13,"void convert_kernel<__half2, float2>(tensor_layout_any, T1 *, tensor_layout_any, const T2 *)"
6557230387,6400,172209,,,,,,,,,,0.094,14640.000,Pinned,Device,NVIDIA A100-SXM4-40GB MIG 4g.20gb (0),1,,13,[CUDA memcpy Host-to-Device]
6557301618,5824,172210,,,,,,,,,,1.547,265559.981,Device,,NVIDIA A100-SXM4-40GB MIG 4g.20gb (0),1,,13,[CUDA memset]
6557313234,3200,172215,,,,,,,,,,0.031,9780.000,Pinned,Device,NVIDIA A100-SXM4-40GB MIG 4g.20gb (0),1,,13,[CUDA memcpy Host-to-Device]
6557318898,9632,172216,,,,,,,,,,0.197,20411.843,Pinned,Device,NVIDIA A100-SXM4-40GB MIG 4g.20gb (0),1,,13,[CUDA memcpy Host-to-Device]
6557384273,8704,172217,273,1,1,8,4,1,39,0.002,0.000,,,,,NVIDIA A100-SXM4-40GB MIG 4g.20gb (0),1,,13,"void channel_eq::eqMmseCoefCompLowMimoKernel<float, float, float, (unsigned int)4, (unsigned int)1, (unsigned int)4>(const channel_eq::_puschRxChEqStatDescr *, channel_eq::_puschRxChEqCoefCompDynDescr)"
6557435056,11040,172218,273,1,1,12,11,1,51,0.002,0.000,,,,,NVIDIA A100-SXM4-40GB MIG 4g.20gb (0),1,,13,"void channel_eq::eqMmseSoftDemapKernel<float, __half, __half, float, (unsigned int)4, (unsigned short)16383>(channel_eq::_puschRxChEqStatDescr *, channel_eq::_puschRxChEqSoftDemapDynDescr)"
6557506544,327452,172219,1,1,1,32,32,1,30,0.000,0.000,,,,,NVIDIA A100-SXM4-40GB MIG 4g.20gb (0),1,,13,"void convert_kernel<float2, __half2>(tensor_layout_any, T1 *, tensor_layout_any, const T2 *)"
6557886443,12960,172231,2253,1,1,128,1,1,16,0.000,0.000,,,,,NVIDIA A100-SXM4-40GB MIG 4g.20gb (0),1,,13,cupy_copy__float16_float16
6557938987,3904,172240,282,1,1,128,1,1,16,0.000,0.000,,,,,NVIDIA A100-SXM4-40GB MIG 4g.20gb (0),1,,13,cupy_copy__complex64_complex64
6557988650,3072,172249,26,1,1,128,1,1,16,0.000,0.000,,,,,NVIDIA A100-SXM4-40GB MIG 4g.20gb (0),1,,13,cupy_copy__float32_float32
6558038410,6208,172258,103,1,1,128,1,1,16,0.000,0.000,,,,,NVIDIA A100-SXM4-40GB MIG 4g.20gb (0),1,,13,cupy_copy__complex64_complex64
6558090761,15008,172268,1434,1,1,128,1,1,16,0.000,0.000,,,,,NVIDIA A100-SXM4-40GB MIG 4g.20gb (0),1,,13,cupy_copy__complex64_complex64
6558145864,112191,172273,1,1,1,32,32,1,30,0.000,0.000,,,,,NVIDIA A100-SXM4-40GB MIG 4g.20gb (0),1,,13,"void convert_kernel<__half2, float2>(tensor_layout_any, T1 *, tensor_layout_any, const T2 *)"
6558287591,9376,172276,,,,,,,,,,0.094,9993.147,Pinned,Device,NVIDIA A100-SXM4-40GB MIG 4g.20gb (0),1,,13,[CUDA memcpy Host-to-Device]
6558340774,608441,172277,,,,,,,,,,456.561,750130.446,Device,,NVIDIA A100-SXM4-40GB MIG 4g.20gb (0),1,,13,[CUDA memset]
6558957471,57600,172282,,,,,,,,,,1.235,21439.863,Pinned,Device,NVIDIA A100-SXM4-40GB MIG 4g.20gb (0),1,,13,[CUDA memcpy Host-to-Device]
6559020799,13663,172283,,,,,,,,,,0.197,14389.740,Pinned,Device,NVIDIA A100-SXM4-40GB MIG 4g.20gb (0),1,,13,[CUDA memcpy Host-to-Device]
6559149277,9504,172284,69,4,1,48,1,1,76,0.002,0.000,,,,,NVIDIA A100-SXM4-40GB MIG 4g.20gb (0),1,,13,"void ch_est::windowedChEstPreNoDftSOfdmKernel<float, __half, float, (unsigned int)2, (unsigned int)1, (unsigned short)4>(ch_est::puschRxChEstStatDescr_t *, ch_est::puschRxChEstDynDescr_t *)"
6559315451,9088,172285,137,2,1,24,2,1,44,0.001,0.001,,,,,NVIDIA A100-SXM4-40GB MIG 4g.20gb (0),1,,13,"void ch_est::chEstFilterNoDftSOfdmDispatchKernel<float, __half, float, (unsigned int)2>(ch_est::puschRxChEstStatDescr_t *, ch_est::puschRxChEstDynDescr_t *)"
6559484409,10464,172286,137,2,1,24,2,1,44,0.001,0.001,,,,,NVIDIA A100-SXM4-40GB MIG 4g.20gb (0),1,,13,"void ch_est::chEstFilterNoDftSOfdmDispatchKernel<float, __half, float, (unsigned int)2>(ch_est::puschRxChEstStatDescr_t *, ch_est::puschRxChEstDynDescr_t *)"
6559558520,4672,172297,103,1,1,128,1,1,16,0.000,0.000,,,,,NVIDIA A100-SXM4-40GB MIG 4g.20gb (0),1,,13,cupy_copy__complex64_complex64
6559719703,17631,172307,1434,1,1,128,1,1,16,0.000,0.000,,,,,NVIDIA A100-SXM4-40GB MIG 4g.20gb (0),1,,13,cupy_copy__complex64_complex64
6559916916,5120,172314,103,1,1,128,1,1,16,0.000,0.000,,,,,NVIDIA A100-SXM4-40GB MIG 4g.20gb (0),1,,13,cupy_copy__complex64_complex64
6560086738,251774,172321,1,1,1,32,32,1,30,0.000,0.000,,,,,NVIDIA A100-SXM4-40GB MIG 4g.20gb (0),1,,13,"void convert_kernel<__half2, float2>(tensor_layout_any, T1 *, tensor_layout_any, const T2 *)"
6560368239,12608,172324,,,,,,,,,,0.094,7431.405,Pinned,Device,NVIDIA A100-SXM4-40GB MIG 4g.20gb (0),1,,13,[CUDA memcpy Host-to-Device]
6560547661,49024,172325,,,,,,,,,,35.810,730450.748,Device,,NVIDIA A100-SXM4-40GB MIG 4g.20gb (0),1,,13,[CUDA memset]
6560603789,3296,172327,,,,,,,,,,0.000,24.272,Pinned,Device,NVIDIA A100-SXM4-40GB MIG 4g.20gb (0),1,,13,[CUDA memcpy Host-to-Device]
6560613581,10143,172328,,,,,,,,,,0.197,19383.583,Pinned,Device,NVIDIA A100-SXM4-40GB MIG 4g.20gb (0),1,,13,[CUDA memcpy Host-to-Device]
6560793802,15360,172329,273,1,1,48,1,1,40,0.000,0.001,,,,,NVIDIA A100-SXM4-40GB MIG 4g.20gb (0),1,,13,"void pusch_noise_intf_est::noiseIntfEstNoDftSOfdmKernel<float, __half, float, float, (unsigned int)2, (unsigned int)1, (unsigned char)4, (unsigned char)4>(pusch_noise_intf_est::puschRxNoiseIntfEstDynDescr)"
6560986344,5632,172340,35,1,1,128,1,1,16,0.000,0.000,,,,,NVIDIA A100-SXM4-40GB MIG 4g.20gb (0),1,,13,cupy_copy__complex64_complex64
6561155814,3200,172349,1,1,1,1,1,1,18,0.000,0.000,,,,,NVIDIA A100-SXM4-40GB MIG 4g.20gb (0),1,,13,cupy_copy__float32_float32
6561160070,1600,172355,,,,,,,,,,0.000,2.500,Device,Pageable,NVIDIA A100-SXM4-40GB MIG 4g.20gb (0),1,,7,[CUDA memcpy Device-to-Host]
6561274629,15296,172366,1434,1,1,128,1,1,16,0.000,0.000,,,,,NVIDIA A100-SXM4-40GB MIG 4g.20gb (0),1,,13,cupy_copy__complex64_complex64
6561335044,4800,172373,103,1,1,128,1,1,16,0.000,0.000,,,,,NVIDIA A100-SXM4-40GB MIG 4g.20gb (0),1,,13,cupy_copy__complex64_complex64
6561381092,5504,172380,35,1,1,128,1,1,16,0.000,0.000,,,,,NVIDIA A100-SXM4-40GB MIG 4g.20gb (0),1,,13,cupy_copy__complex64_complex64
6561430979,2336,172387,1,1,1,1,1,1,18,0.000,0.000,,,,,NVIDIA A100-SXM4-40GB MIG 4g.20gb (0),1,,13,cupy_copy__float32_float32
6561482755,107614,172398,1,1,1,32,32,1,30,0.000,0.000,,,,,NVIDIA A100-SXM4-40GB MIG 4g.20gb (0),1,,13,"void convert_kernel<__half2, float2>(tensor_layout_any, T1 *, tensor_layout_any, const T2 *)"
6561624385,6400,172401,,,,,,,,,,0.094,14640.000,Pinned,Device,NVIDIA A100-SXM4-40GB MIG 4g.20gb (0),1,,13,[CUDA memcpy Host-to-Device]
6561677504,5920,172402,,,,,,,,,,1.547,261252.633,Device,,NVIDIA A100-SXM4-40GB MIG 4g.20gb (0),1,,13,[CUDA memset]
6561688416,3040,172407,,,,,,,,,,0.031,10294.725,Pinned,Device,NVIDIA A100-SXM4-40GB MIG 4g.20gb (0),1,,13,[CUDA memcpy Host-to-Device]
6561693888,9536,172408,,,,,,,,,,0.197,20617.298,Pinned,Device,NVIDIA A100-SXM4-40GB MIG 4g.20gb (0),1,,13,[CUDA memcpy Host-to-Device]
6561744480,10656,172409,273,1,1,8,4,1,39,0.002,0.000,,,,,NVIDIA A100-SXM4-40GB MIG 4g.20gb (0),1,,13,"void channel_eq::eqMmseCoefCompLowMimoKernel<float, float, float, (unsigned int)4, (unsigned int)1, (unsigned int)4>(const channel_eq::_puschRxChEqStatDescr *, channel_eq::_puschRxChEqCoefCompDynDescr)"
6561811423,11104,172410,273,1,1,12,11,1,51,0.002,0.000,,,,,NVIDIA A100-SXM4-40GB MIG 4g.20gb (0),1,,13,"void channel_eq::eqMmseSoftDemapKernel<float, __half, __half, float, (unsigned int)4, (unsigned short)16383>(channel_eq::_puschRxChEqStatDescr *, channel_eq::_puschRxChEqSoftDemapDynDescr)"
6561883070,342428,172411,1,1,1,32,32,1,30,0.000,0.000,,,,,NVIDIA A100-SXM4-40GB MIG 4g.20gb (0),1,,13,"void convert_kernel<float2, __half2>(tensor_layout_any, T1 *, tensor_layout_any, const T2 *)"
6562277274,12704,172423,2253,1,1,128,1,1,16,0.000,0.000,,,,,NVIDIA A100-SXM4-40GB MIG 4g.20gb (0),1,,13,cupy_copy__float16_float16
6562409272,5952,172432,282,1,1,128,1,1,16,0.000,0.000,,,,,NVIDIA A100-SXM4-40GB MIG 4g.20gb (0),1,,13,cupy_copy__complex64_complex64
6562547287,4608,172441,26,1,1,128,1,1,16,0.000,0.000,,,,,NVIDIA A100-SXM4-40GB MIG 4g.20gb (0),1,,13,cupy_copy__float32_float32
6562672917,7616,172450,103,1,1,128,1,1,16,0.000,0.000,,,,,NVIDIA A100-SXM4-40GB MIG 4g.20gb (0),1,,13,cupy_copy__complex64_complex64
6562780916,18976,172460,1434,1,1,128,1,1,16,0.000,0.000,,,,,NVIDIA A100-SXM4-40GB MIG 4g.20gb (0),1,,13,cupy_copy__complex64_complex64
6563124816,281405,172465,1,1,1,32,32,1,30,0.000,0.000,,,,,NVIDIA A100-SXM4-40GB MIG 4g.20gb (0),1,,13,"void convert_kernel<__half2, float2>(tensor_layout_any, T1 *, tensor_layout_any, const T2 *)"
6563435789,12639,172468,,,,,,,,,,0.094,7413.228,Pinned,Device,NVIDIA A100-SXM4-40GB MIG 4g.20gb (0),1,,13,[CUDA memcpy Host-to-Device]
6563608971,601913,172469,,,,,,,,,,456.561,758348.552,Device,,NVIDIA A100-SXM4-40GB MIG 4g.20gb (0),1,,13,[CUDA memset]
6564217700,60735,172474,,,,,,,,,,1.235,20332.118,Pinned,Device,NVIDIA A100-SXM4-40GB MIG 4g.20gb (0),1,,13,[CUDA memcpy Host-to-Device]
6564283587,17248,172475,,,,,,,,,,0.197,11398.742,Pinned,Device,NVIDIA A100-SXM4-40GB MIG 4g.20gb (0),1,,13,[CUDA memcpy Host-to-Device]
6564612767,11872,172476,69,4,1,48,1,1,76,0.002,0.000,,,,,NVIDIA A100-SXM4-40GB MIG 4g.20gb (0),1,,13,"void ch_est::windowedChEstPreNoDftSOfdmKernel<float, __half, float, (unsigned int)2, (unsigned int)1, (unsigned short)4>(ch_est::puschRxChEstStatDescr_t *, ch_est::puschRxChEstDynDescr_t *)"
6564933756,9151,172477,137,2,1,24,2,1,44,0.001,0.001,,,,,NVIDIA A100-SXM4-40GB MIG 4g.20gb (0),1,,13,"void ch_est::chEstFilterNoDftSOfdmDispatchKernel<float, __half, float, (unsigned int)2>(ch_est::puschRxChEstStatDescr_t *, ch_est::puschRxChEstDynDescr_t *)"
6565256696,12032,172478,137,2,1,24,2,1,44,0.001,0.001,,,,,NVIDIA A100-SXM4-40GB MIG 4g.20gb (0),1,,13,"void ch_est::chEstFilterNoDftSOfdmDispatchKernel<float, __half, float, (unsigned int)2>(ch_est::puschRxChEstStatDescr_t *, ch_est::puschRxChEstDynDescr_t *)"
6565601428,5728,172489,103,1,1,128,1,1,16,0.000,0.000,,,,,NVIDIA A100-SXM4-40GB MIG 4g.20gb (0),1,,13,cupy_copy__complex64_complex64
6565917648,16768,172499,1434,1,1,128,1,1,16,0.000,0.000,,,,,NVIDIA A100-SXM4-40GB MIG 4g.20gb (0),1,,13,cupy_copy__complex64_complex64
6566174158,3744,172506,103,1,1,128,1,1,16,0.000,0.000,,,,,NVIDIA A100-SXM4-40GB MIG 4g.20gb (0),1,,13,cupy_copy__complex64_complex64
6566435179,248733,172513,1,1,1,32,32,1,30,0.000,0.000,,,,,NVIDIA A100-SXM4-40GB MIG 4g.20gb (0),1,,13,"void convert_kernel<__half2, float2>(tensor_layout_any, T1 *, tensor_layout_any, const T2 *)"
6566713575,6240,172516,,,,,,,,,,0.094,15015.346,Pinned,Device,NVIDIA A100-SXM4-40GB MIG 4g.20gb (0),1,,13,[CUDA memcpy Host-to-Device]
6566767079,47711,172517,,,,,,,,,,35.810,750540.113,Device,,NVIDIA A100-SXM4-40GB MIG 4g.20gb (0),1,,13,[CUDA memset]
6566820358,1888,172519,,,,,,,,,,0.000,42.373,Pinned,Device,NVIDIA A100-SXM4-40GB MIG 4g.20gb (0),1,,13,[CUDA memcpy Host-to-Device]
6566826086,9728,172520,,,,,,,,,,0.197,20210.516,Pinned,Device,NVIDIA A100-SXM4-40GB MIG 4g.20gb (0),1,,13,[CUDA memcpy Host-to-Device]
6566881382,11839,172521,273,1,1,48,1,1,40,0.000,0.001,,,,,NVIDIA A100-SXM4-40GB MIG 4g.20gb (0),1,,13,"void pusch_noise_intf_est::noiseIntfEstNoDftSOfdmKernel<float, __half, float, float, (unsigned int)2, (unsigned int)1, (unsigned char)4, (unsigned char)4>(pusch_noise_intf_est::puschRxNoiseIntfEstDynDescr)"
6566933349,5728,172532,35,1,1,128,1,1,16,0.000,0.000,,,,,NVIDIA A100-SXM4-40GB MIG 4g.20gb (0),1,,13,cupy_copy__complex64_complex64
6566999908,2720,172541,1,1,1,1,1,1,18,0.000,0.000,,,,,NVIDIA A100-SXM4-40GB MIG 4g.20gb (0),1,,13,cupy_copy__float32_float32
6567003972,1728,172547,,,,,,,,,,0.000,2.315,Device,Pageable,NVIDIA A100-SXM4-40GB MIG 4g.20gb (0),1,,7,[CUDA memcpy Device-to-Host]
6567116067,15520,172558,1434,1,1,128,1,1,16,0.000,0.000,,,,,NVIDIA A100-SXM4-40GB MIG 4g.20gb (0),1,,13,cupy_copy__complex64_complex64
6567169666,4096,172565,103,1,1,128,1,1,16,0.000,0.000,,,,,NVIDIA A100-SXM4-40GB MIG 4g.20gb (0),1,,13,cupy_copy__complex64_complex64
6567219202,3776,172572,35,1,1,128,1,1,16,0.000,0.000,,,,,NVIDIA A100-SXM4-40GB MIG 4g.20gb (0),1,,13,cupy_copy__complex64_complex64
6567269121,2848,172579,1,1,1,1,1,1,18,0.000,0.000,,,,,NVIDIA A100-SXM4-40GB MIG 4g.20gb (0),1,,13,cupy_copy__float32_float32
6567321313,106974,172590,1,1,1,32,32,1,30,0.000,0.000,,,,,NVIDIA A100-SXM4-40GB MIG 4g.20gb (0),1,,13,"void convert_kernel<__half2, float2>(tensor_layout_any, T1 *, tensor_layout_any, const T2 *)"
6567457535,5472,172593,,,,,,,,,,0.094,17122.757,Pinned,Device,NVIDIA A100-SXM4-40GB MIG 4g.20gb (0),1,,13,[CUDA memcpy Host-to-Device]
6567516830,5696,172594,,,,,,,,,,1.547,271526.856,Device,,NVIDIA A100-SXM4-40GB MIG 4g.20gb (0),1,,13,[CUDA memset]
6567524542,7744,172599,,,,,,,,,,0.031,4041.315,Pinned,Device,NVIDIA A100-SXM4-40GB MIG 4g.20gb (0),1,,13,[CUDA memcpy Host-to-Device]
6567537118,10144,172600,,,,,,,,,,0.197,19381.617,Pinned,Device,NVIDIA A100-SXM4-40GB MIG 4g.20gb (0),1,,13,[CUDA memcpy Host-to-Device]
6567597501,10752,172601,273,1,1,8,4,1,39,0.002,0.000,,,,,NVIDIA A100-SXM4-40GB MIG 4g.20gb (0),1,,13,"void channel_eq::eqMmseCoefCompLowMimoKernel<float, float, float, (unsigned int)4, (unsigned int)1, (unsigned int)4>(const channel_eq::_puschRxChEqStatDescr *, channel_eq::_puschRxChEqCoefCompDynDescr)"
6567664765,10976,172602,273,1,1,12,11,1,51,0.002,0.000,,,,,NVIDIA A100-SXM4-40GB MIG 4g.20gb (0),1,,13,"void channel_eq::eqMmseSoftDemapKernel<float, __half, __half, float, (unsigned int)4, (unsigned short)16383>(channel_eq::_puschRxChEqStatDescr *, channel_eq::_puschRxChEqSoftDemapDynDescr)"
6567736060,342716,172603,1,1,1,32,32,1,30,0.000,0.000,,,,,NVIDIA A100-SXM4-40GB MIG 4g.20gb (0),1,,13,"void convert_kernel<float2, __half2>(tensor_layout_any, T1 *, tensor_layout_any, const T2 *)"
6568130327,12736,172615,2253,1,1,128,1,1,16,0.000,0.000,,,,,NVIDIA A100-SXM4-40GB MIG 4g.20gb (0),1,,13,cupy_copy__float16_float16
6568264598,6240,172624,282,1,1,128,1,1,16,0.000,0.000,,,,,NVIDIA A100-SXM4-40GB MIG 4g.20gb (0),1,,13,cupy_copy__complex64_complex64
6568399380,4384,172633,26,1,1,128,1,1,16,0.000,0.000,,,,,NVIDIA A100-SXM4-40GB MIG 4g.20gb (0),1,,13,cupy_copy__float32_float32
6568589810,7808,172642,103,1,1,128,1,1,16,0.000,0.000,,,,,NVIDIA A100-SXM4-40GB MIG 4g.20gb (0),1,,13,cupy_copy__complex64_complex64
6568765104,25408,172652,1434,1,1,128,1,1,16,0.000,0.000,,,,,NVIDIA A100-SXM4-40GB MIG 4g.20gb (0),1,,13,cupy_copy__complex64_complex64
6569051917,269629,172657,1,1,1,32,32,1,30,0.000,0.000,,,,,NVIDIA A100-SXM4-40GB MIG 4g.20gb (0),1,,13,"void convert_kernel<__half2, float2>(tensor_layout_any, T1 *, tensor_layout_any, const T2 *)"
6569355626,6815,172660,,,,,,,,,,0.094,13748.483,Pinned,Device,NVIDIA A100-SXM4-40GB MIG 4g.20gb (0),1,,13,[CUDA memcpy Host-to-Device]
6569533096,601337,172661,,,,,,,,,,456.561,758805.113,Device,,NVIDIA A100-SXM4-40GB MIG 4g.20gb (0),1,,13,[CUDA memset]
6570141505,70271,172666,,,,,,,,,,1.235,17573.253,Pinned,Device,NVIDIA A100-SXM4-40GB MIG 4g.20gb (0),1,,13,[CUDA memcpy Host-to-Device]
6570215040,16224,172667,,,,,,,,,,0.197,12118.327,Pinned,Device,NVIDIA A100-SXM4-40GB MIG 4g.20gb (0),1,,13,[CUDA memcpy Host-to-Device]
6570405086,10656,172668,69,4,1,48,1,1,76,0.002,0.000,,,,,NVIDIA A100-SXM4-40GB MIG 4g.20gb (0),1,,13,"void ch_est::windowedChEstPreNoDftSOfdmKernel<float, __half, float, (unsigned int)2, (unsigned int)1, (unsigned short)4>(ch_est::puschRxChEstStatDescr_t *, ch_est::puschRxChEstDynDescr_t *)"
6570666587,9696,172669,137,2,1,24,2,1,44,0.001,0.001,,,,,NVIDIA A100-SXM4-40GB MIG 4g.20gb (0),1,,13,"void ch_est::chEstFilterNoDftSOfdmDispatchKernel<float, __half, float, (unsigned int)2>(ch_est::puschRxChEstStatDescr_t *, ch_est::puschRxChEstDynDescr_t *)"
6570936184,9312,172670,137,2,1,24,2,1,44,0.001,0.001,,,,,NVIDIA A100-SXM4-40GB MIG 4g.20gb (0),1,,13,"void ch_est::chEstFilterNoDftSOfdmDispatchKernel<float, __half, float, (unsigned int)2>(ch_est::puschRxChEstStatDescr_t *, ch_est::puschRxChEstDynDescr_t *)"
6571206677,4768,172681,103,1,1,128,1,1,16,0.000,0.000,,,,,NVIDIA A100-SXM4-40GB MIG 4g.20gb (0),1,,13,cupy_copy__complex64_complex64
6571458098,18496,172691,1434,1,1,128,1,1,16,0.000,0.000,,,,,NVIDIA A100-SXM4-40GB MIG 4g.20gb (0),1,,13,cupy_copy__complex64_complex64
6571640496,6272,172698,103,1,1,128,1,1,16,0.000,0.000,,,,,NVIDIA A100-SXM4-40GB MIG 4g.20gb (0),1,,13,cupy_copy__complex64_complex64
6571816622,214653,172705,1,1,1,32,32,1,30,0.000,0.000,,,,,NVIDIA A100-SXM4-40GB MIG 4g.20gb (0),1,,13,"void convert_kernel<__half2, float2>(tensor_layout_any, T1 *, tensor_layout_any, const T2 *)"
6572064299,5888,172708,,,,,,,,,,0.094,15912.954,Pinned,Device,NVIDIA A100-SXM4-40GB MIG 4g.20gb (0),1,,13,[CUDA memcpy Host-to-Device]
6572110442,48160,172709,,,,,,,,,,35.810,743557.179,Device,,NVIDIA A100-SXM4-40GB MIG 4g.20gb (0),1,,13,[CUDA memset]
6572161770,4416,172711,,,,,,,,,,0.000,18.116,Pinned,Device,NVIDIA A100-SXM4-40GB MIG 4g.20gb (0),1,,13,[CUDA memcpy Host-to-Device]
6572168650,10080,172712,,,,,,,,,,0.197,19504.693,Pinned,Device,NVIDIA A100-SXM4-40GB MIG 4g.20gb (0),1,,13,[CUDA memcpy Host-to-Device]
6572223017,12608,172713,273,1,1,48,1,1,40,0.000,0.001,,,,,NVIDIA A100-SXM4-40GB MIG 4g.20gb (0),1,,13,"void pusch_noise_intf_est::noiseIntfEstNoDftSOfdmKernel<float, __half, float, float, (unsigned int)2, (unsigned int)1, (unsigned char)4, (unsigned char)4>(pusch_noise_intf_est::puschRxNoiseIntfEstDynDescr)"
6572276680,4512,172724,35,1,1,128,1,1,16,0.000,0.000,,,,,NVIDIA A100-SXM4-40GB MIG 4g.20gb (0),1,,13,cupy_copy__complex64_complex64
6572327464,2816,172733,1,1,1,1,1,1,18,0.000,0.000,,,,,NVIDIA A100-SXM4-40GB MIG 4g.20gb (0),1,,13,cupy_copy__float32_float32
6572334440,1728,172739,,,,,,,,,,0.000,2.315,Device,Pageable,NVIDIA A100-SXM4-40GB MIG 4g.20gb (0),1,,7,[CUDA memcpy Device-to-Host]
6572443911,15039,172750,1434,1,1,128,1,1,16,0.000,0.000,,,,,NVIDIA A100-SXM4-40GB MIG 4g.20gb (0),1,,13,cupy_copy__complex64_complex64
6572497766,3648,172757,103,1,1,128,1,1,16,0.000,0.000,,,,,NVIDIA A100-SXM4-40GB MIG 4g.20gb (0),1,,13,cupy_copy__complex64_complex64
6572547141,3872,172764,35,1,1,128,1,1,16,0.000,0.000,,,,,NVIDIA A100-SXM4-40GB MIG 4g.20gb (0),1,,13,cupy_copy__complex64_complex64
6572597125,2720,172771,1,1,1,1,1,1,18,0.000,0.000,,,,,NVIDIA A100-SXM4-40GB MIG 4g.20gb (0),1,,13,cupy_copy__float32_float32
6572650436,110047,172782,1,1,1,32,32,1,30,0.000,0.000,,,,,NVIDIA A100-SXM4-40GB MIG 4g.20gb (0),1,,13,"void convert_kernel<__half2, float2>(tensor_layout_any, T1 *, tensor_layout_any, const T2 *)"
6572789251,6208,172785,,,,,,,,,,0.094,15092.739,Pinned,Device,NVIDIA A100-SXM4-40GB MIG 4g.20gb (0),1,,13,[CUDA memcpy Host-to-Device]
6572859714,5984,172786,,,,,,,,,,1.547,258459.430,Device,,NVIDIA A100-SXM4-40GB MIG 4g.20gb (0),1,,13,[CUDA memset]
6572872002,3168,172791,,,,,,,,,,0.031,9878.770,Pinned,Device,NVIDIA A100-SXM4-40GB MIG 4g.20gb (0),1,,13,[CUDA memcpy Host-to-Device]
6572877858,9696,172792,,,,,,,,,,0.197,20277.166,Pinned,Device,NVIDIA A100-SXM4-40GB MIG 4g.20gb (0),1,,13,[CUDA memcpy Host-to-Device]
6572942785,8800,172793,273,1,1,8,4,1,39,0.002,0.000,,,,,NVIDIA A100-SXM4-40GB MIG 4g.20gb (0),1,,13,"void channel_eq::eqMmseCoefCompLowMimoKernel<float, float, float, (unsigned int)4, (unsigned int)1, (unsigned int)4>(const channel_eq::_puschRxChEqStatDescr *, channel_eq::_puschRxChEqCoefCompDynDescr)"
6572993536,10848,172794,273,1,1,12,11,1,51,0.002,0.000,,,,,NVIDIA A100-SXM4-40GB MIG 4g.20gb (0),1,,13,"void channel_eq::eqMmseSoftDemapKernel<float, __half, __half, float, (unsigned int)4, (unsigned short)16383>(channel_eq::_puschRxChEqStatDescr *, channel_eq::_puschRxChEqSoftDemapDynDescr)"
6573065888,698776,172795,1,1,1,32,32,1,30,0.000,0.000,,,,,NVIDIA A100-SXM4-40GB MIG 4g.20gb (0),1,,13,"void convert_kernel<float2, __half2>(tensor_layout_any, T1 *, tensor_layout_any, const T2 *)"
6573833431,13984,172807,2253,1,1,128,1,1,16,0.000,0.000,,,,,NVIDIA A100-SXM4-40GB MIG 4g.20gb (0),1,,13,cupy_copy__float16_float16
6573992405,9248,172816,282,1,1,128,1,1,16,0.000,0.000,,,,,NVIDIA A100-SXM4-40GB MIG 4g.20gb (0),1,,13,cupy_copy__complex64_complex64
6574186675,4064,172825,26,1,1,128,1,1,16,0.000,0.000,,,,,NVIDIA A100-SXM4-40GB MIG 4g.20gb (0),1,,13,cupy_copy__float32_float32
6574411888,6080,172834,103,1,1,128,1,1,16,0.000,0.000,,,,,NVIDIA A100-SXM4-40GB MIG 4g.20gb (0),1,,13,cupy_copy__complex64_complex64
6574640078,16800,172844,1434,1,1,128,1,1,16,0.000,0.000,,,,,NVIDIA A100-SXM4-40GB MIG 4g.20gb (0),1,,13,cupy_copy__complex64_complex64
6574870123,312637,172849,1,1,1,32,32,1,30,0.000,0.000,,,,,NVIDIA A100-SXM4-40GB MIG 4g.20gb (0),1,,13,"void convert_kernel<__half2, float2>(tensor_layout_any, T1 *, tensor_layout_any, const T2 *)"
6575211079,11136,172852,,,,,,,,,,0.094,8413.713,Pinned,Device,NVIDIA A100-SXM4-40GB MIG 4g.20gb (0),1,,13,[CUDA memcpy Host-to-Device]
6575385253,603353,172853,,,,,,,,,,456.561,756522.306,Device,,NVIDIA A100-SXM4-40GB MIG 4g.20gb (0),1,,13,[CUDA memset]
6575989566,63072,172858,,,,,,,,,,1.235,19578.802,Pinned,Device,NVIDIA A100-SXM4-40GB MIG 4g.20gb (0),1,,13,[CUDA memcpy Host-to-Device]
6576056830,12384,172859,,,,,,,,,,0.197,15875.899,Pinned,Device,NVIDIA A100-SXM4-40GB MIG 4g.20gb (0),1,,13,[CUDA memcpy Host-to-Device]
6576186428,10688,172860,69,4,1,48,1,1,76,0.002,0.000,,,,,NVIDIA A100-SXM4-40GB MIG 4g.20gb (0),1,,13,"void ch_est::windowedChEstPreNoDftSOfdmKernel<float, __half, float, (unsigned int)2, (unsigned int)1, (unsigned short)4>(ch_est::puschRxChEstStatDescr_t *, ch_est::puschRxChEstDynDescr_t *)"
6576371834,9728,172861,137,2,1,24,2,1,44,0.001,0.001,,,,,NVIDIA A100-SXM4-40GB MIG 4g.20gb (0),1,,13,"void ch_est::chEstFilterNoDftSOfdmDispatchKernel<float, __half, float, (unsigned int)2>(ch_est::puschRxChEstStatDescr_t *, ch_est::puschRxChEstDynDescr_t *)"
6576558200,8320,172862,137,2,1,24,2,1,44,0.001,0.001,,,,,NVIDIA A100-SXM4-40GB MIG 4g.20gb (0),1,,13,"void ch_est::chEstFilterNoDftSOfdmDispatchKernel<float, __half, float, (unsigned int)2>(ch_est::puschRxChEstStatDescr_t *, ch_est::puschRxChEstDynDescr_t *)"
6576740918,4480,172873,103,1,1,128,1,1,16,0.000,0.000,,,,,NVIDIA A100-SXM4-40GB MIG 4g.20gb (0),1,,13,cupy_copy__complex64_complex64
6576903796,18176,172883,1434,1,1,128,1,1,16,0.000,0.000,,,,,NVIDIA A100-SXM4-40GB MIG 4g.20gb (0),1,,13,cupy_copy__complex64_complex64
6576983923,5600,172890,103,1,1,128,1,1,16,0.000,0.000,,,,,NVIDIA A100-SXM4-40GB MIG 4g.20gb (0),1,,13,cupy_copy__complex64_complex64
6577034259,109022,172897,1,1,1,32,32,1,30,0.000,0.000,,,,,NVIDIA A100-SXM4-40GB MIG 4g.20gb (0),1,,13,"void convert_kernel<__half2, float2>(tensor_layout_any, T1 *, tensor_layout_any, const T2 *)"
6577172913,8800,172900,,,,,,,,,,0.094,10647.239,Pinned,Device,NVIDIA A100-SXM4-40GB MIG 4g.20gb (0),1,,13,[CUDA memcpy Host-to-Device]
6577226896,48672,172901,,,,,,,,,,35.810,735714.806,Device,,NVIDIA A100-SXM4-40GB MIG 4g.20gb (0),1,,13,[CUDA memset]
6577279216,4736,172903,,,,,,,,,,0.000,16.892,Pinned,Device,NVIDIA A100-SXM4-40GB MIG 4g.20gb (0),1,,13,[CUDA memcpy Host-to-Device]
6577286384,9472,172904,,,,,,,,,,0.197,20756.693,Pinned,Device,NVIDIA A100-SXM4-40GB MIG 4g.20gb (0),1,,13,[CUDA memcpy Host-to-Device]
6577340207,12544,172905,273,1,1,48,1,1,40,0.000,0.001,,,,,NVIDIA A100-SXM4-40GB MIG 4g.20gb (0),1,,13,"void pusch_noise_intf_est::noiseIntfEstNoDftSOfdmKernel<float, __half, float, float, (unsigned int)2, (unsigned int)1, (unsigned char)4, (unsigned char)4>(pusch_noise_intf_est::puschRxNoiseIntfEstDynDescr)"
6577392719,3680,172916,35,1,1,128,1,1,16,0.000,0.000,,,,,NVIDIA A100-SXM4-40GB MIG 4g.20gb (0),1,,13,cupy_copy__complex64_complex64
6577495885,5344,172925,1,1,1,1,1,1,18,0.000,0.000,,,,,NVIDIA A100-SXM4-40GB MIG 4g.20gb (0),1,,13,cupy_copy__float32_float32
6577503213,1600,172931,,,,,,,,,,0.000,2.500,Device,Pageable,NVIDIA A100-SXM4-40GB MIG 4g.20gb (0),1,,7,[CUDA memcpy Device-to-Host]
6577672587,16544,172942,1434,1,1,128,1,1,16,0.000,0.000,,,,,NVIDIA A100-SXM4-40GB MIG 4g.20gb (0),1,,13,cupy_copy__complex64_complex64
6577809130,4992,172949,103,1,1,128,1,1,16,0.000,0.000,,,,,NVIDIA A100-SXM4-40GB MIG 4g.20gb (0),1,,13,cupy_copy__complex64_complex64
6577866409,6560,172956,35,1,1,128,1,1,16,0.000,0.000,,,,,NVIDIA A100-SXM4-40GB MIG 4g.20gb (0),1,,13,cupy_copy__complex64_complex64
6577898345,2368,172963,1,1,1,1,1,1,18,0.000,0.000,,,,,NVIDIA A100-SXM4-40GB MIG 4g.20gb (0),1,,13,cupy_copy__float32_float32
6577992040,353724,172974,1,1,1,32,32,1,30,0.000,0.000,,,,,NVIDIA A100-SXM4-40GB MIG 4g.20gb (0),1,,13,"void convert_kernel<__half2, float2>(tensor_layout_any, T1 *, tensor_layout_any, const T2 *)"
6578377059,8768,172977,,,,,,,,,,0.094,10686.122,Pinned,Device,NVIDIA A100-SXM4-40GB MIG 4g.20gb (0),1,,13,[CUDA memcpy Host-to-Device]
6578465602,6464,172978,,,,,,,,,,1.547,239265.826,Device,,NVIDIA A100-SXM4-40GB MIG 4g.20gb (0),1,,13,[CUDA memset]
6578473922,3488,172983,,,,,,,,,,0.031,8972.469,Pinned,Device,NVIDIA A100-SXM4-40GB MIG 4g.20gb (0),1,,13,[CUDA memcpy Host-to-Device]
6578479906,12192,172984,,,,,,,,,,0.197,16125.788,Pinned,Device,NVIDIA A100-SXM4-40GB MIG 4g.20gb (0),1,,13,[CUDA memcpy Host-to-Device]
6578586081,16864,172985,273,1,1,8,4,1,39,0.002,0.000,,,,,NVIDIA A100-SXM4-40GB MIG 4g.20gb (0),1,,13,"void channel_eq::eqMmseCoefCompLowMimoKernel<float, float, float, (unsigned int)4, (unsigned int)1, (unsigned int)4>(const channel_eq::_puschRxChEqStatDescr *, channel_eq::_puschRxChEqCoefCompDynDescr)"
6578699712,20544,172986,273,1,1,12,11,1,51,0.002,0.000,,,,,NVIDIA A100-SXM4-40GB MIG 4g.20gb (0),1,,13,"void channel_eq::eqMmseSoftDemapKernel<float, __half, __half, float, (unsigned int)4, (unsigned short)16383>(channel_eq::_puschRxChEqStatDescr *, channel_eq::_puschRxChEqSoftDemapDynDescr)"
6578817854,826967,172987,1,1,1,32,32,1,30,0.000,0.000,,,,,NVIDIA A100-SXM4-40GB MIG 4g.20gb (0),1,,13,"void convert_kernel<float2, __half2>(tensor_layout_any, T1 *, tensor_layout_any, const T2 *)"
6579759636,13728,172999,2253,1,1,128,1,1,16,0.000,0.000,,,,,NVIDIA A100-SXM4-40GB MIG 4g.20gb (0),1,,13,cupy_copy__float16_float16
6580009777,5120,173008,282,1,1,128,1,1,16,0.000,0.000,,,,,NVIDIA A100-SXM4-40GB MIG 4g.20gb (0),1,,13,cupy_copy__complex64_complex64
6580295630,4640,173017,26,1,1,128,1,1,16,0.000,0.000,,,,,NVIDIA A100-SXM4-40GB MIG 4g.20gb (0),1,,13,cupy_copy__float32_float32
6580586506,5376,173026,103,1,1,128,1,1,16,0.000,0.000,,,,,NVIDIA A100-SXM4-40GB MIG 4g.20gb (0),1,,13,cupy_copy__complex64_complex64
6580870087,19872,173036,1434,1,1,128,1,1,16,0.000,0.000,,,,,NVIDIA A100-SXM4-40GB MIG 4g.20gb (0),1,,13,cupy_copy__complex64_complex64
6581123236,229598,173041,1,1,1,32,32,1,30,0.000,0.000,,,,,NVIDIA A100-SXM4-40GB MIG 4g.20gb (0),1,,13,"void convert_kernel<__half2, float2>(tensor_layout_any, T1 *, tensor_layout_any, const T2 *)"
6581382497,5856,173044,,,,,,,,,,0.094,15999.997,Pinned,Device,NVIDIA A100-SXM4-40GB MIG 4g.20gb (0),1,,13,[CUDA memcpy Host-to-Device]
6581603103,601145,173045,,,,,,,,,,456.561,759261.675,Device,,NVIDIA A100-SXM4-40GB MIG 4g.20gb (0),1,,13,[CUDA memset]
6582205304,57343,173050,,,,,,,,,,1.235,21534.953,Pinned,Device,NVIDIA A100-SXM4-40GB MIG 4g.20gb (0),1,,13,[CUDA memcpy Host-to-Device]
6582265079,12864,173051,,,,,,,,,,0.197,15283.519,Pinned,Device,NVIDIA A100-SXM4-40GB MIG 4g.20gb (0),1,,13,[CUDA memcpy Host-to-Device]
6582367254,10976,173052,69,4,1,48,1,1,76,0.002,0.000,,,,,NVIDIA A100-SXM4-40GB MIG 4g.20gb (0),1,,13,"void ch_est::windowedChEstPreNoDftSOfdmKernel<float, __half, float, (unsigned int)2, (unsigned int)1, (unsigned short)4>(ch_est::puschRxChEstStatDescr_t *, ch_est::puschRxChEstDynDescr_t *)"
6582470773,11264,173053,137,2,1,24,2,1,44,0.001,0.001,,,,,NVIDIA A100-SXM4-40GB MIG 4g.20gb (0),1,,13,"void ch_est::chEstFilterNoDftSOfdmDispatchKernel<float, __half, float, (unsigned int)2>(ch_est::puschRxChEstStatDescr_t *, ch_est::puschRxChEstDynDescr_t *)"
6582569140,11456,173054,137,2,1,24,2,1,44,0.001,0.001,,,,,NVIDIA A100-SXM4-40GB MIG 4g.20gb (0),1,,13,"void ch_est::chEstFilterNoDftSOfdmDispatchKernel<float, __half, float, (unsigned int)2>(ch_est::puschRxChEstStatDescr_t *, ch_est::puschRxChEstDynDescr_t *)"
6582665651,4480,173065,103,1,1,128,1,1,16,0.000,0.000,,,,,NVIDIA A100-SXM4-40GB MIG 4g.20gb (0),1,,13,cupy_copy__complex64_complex64
6582760818,14272,173075,1434,1,1,128,1,1,16,0.000,0.000,,,,,NVIDIA A100-SXM4-40GB MIG 4g.20gb (0),1,,13,cupy_copy__complex64_complex64
6582847473,4960,173082,103,1,1,128,1,1,16,0.000,0.000,,,,,NVIDIA A100-SXM4-40GB MIG 4g.20gb (0),1,,13,cupy_copy__complex64_complex64
6582911216,106335,173089,1,1,1,32,32,1,30,0.000,0.000,,,,,NVIDIA A100-SXM4-40GB MIG 4g.20gb (0),1,,13,"void convert_kernel<__half2, float2>(tensor_layout_any, T1 *, tensor_layout_any, const T2 *)"
6583047407,5471,173092,,,,,,,,,,0.094,17125.849,Pinned,Device,NVIDIA A100-SXM4-40GB MIG 4g.20gb (0),1,,13,[CUDA memcpy Host-to-Device]
6583083726,49856,173093,,,,,,,,,,35.810,718239.565,Device,,NVIDIA A100-SXM4-40GB MIG 4g.20gb (0),1,,13,[CUDA memset]
6583141005,1888,173095,,,,,,,,,,0.000,42.373,Pinned,Device,NVIDIA A100-SXM4-40GB MIG 4g.20gb (0),1,,13,[CUDA memcpy Host-to-Device]
6583145549,9472,173096,,,,,,,,,,0.197,20756.693,Pinned,Device,NVIDIA A100-SXM4-40GB MIG 4g.20gb (0),1,,13,[CUDA memcpy Host-to-Device]
6583211949,12544,173097,273,1,1,48,1,1,40,0.000,0.001,,,,,NVIDIA A100-SXM4-40GB MIG 4g.20gb (0),1,,13,"void pusch_noise_intf_est::noiseIntfEstNoDftSOfdmKernel<float, __half, float, float, (unsigned int)2, (unsigned int)1, (unsigned char)4, (unsigned char)4>(pusch_noise_intf_est::puschRxNoiseIntfEstDynDescr)"
6583356843,7328,173108,35,1,1,128,1,1,16,0.000,0.000,,,,,NVIDIA A100-SXM4-40GB MIG 4g.20gb (0),1,,13,cupy_copy__complex64_complex64
6583693543,3296,173117,1,1,1,1,1,1,18,0.000,0.000,,,,,NVIDIA A100-SXM4-40GB MIG 4g.20gb (0),1,,13,cupy_copy__float32_float32
6583703879,1600,173123,,,,,,,,,,0.000,2.500,Device,Pageable,NVIDIA A100-SXM4-40GB MIG 4g.20gb (0),1,,7,[CUDA memcpy Device-to-Host]
6584087075,19328,173134,1434,1,1,128,1,1,16,0.000,0.000,,,,,NVIDIA A100-SXM4-40GB MIG 4g.20gb (0),1,,13,cupy_copy__complex64_complex64
6584256449,6720,173141,103,1,1,128,1,1,16,0.000,0.000,,,,,NVIDIA A100-SXM4-40GB MIG 4g.20gb (0),1,,13,cupy_copy__complex64_complex64
6584538430,6656,173148,35,1,1,128,1,1,16,0.000,0.000,,,,,NVIDIA A100-SXM4-40GB MIG 4g.20gb (0),1,,13,cupy_copy__complex64_complex64
6584859194,3424,173155,1,1,1,1,1,1,18,0.000,0.000,,,,,NVIDIA A100-SXM4-40GB MIG 4g.20gb (0),1,,13,cupy_copy__float32_float32
6585034968,252989,173166,1,1,1,32,32,1,30,0.000,0.000,,,,,NVIDIA A100-SXM4-40GB MIG 4g.20gb (0),1,,13,"void convert_kernel<__half2, float2>(tensor_layout_any, T1 *, tensor_layout_any, const T2 *)"
6585322357,9504,173169,,,,,,,,,,0.094,9858.506,Pinned,Device,NVIDIA A100-SXM4-40GB MIG 4g.20gb (0),1,,13,[CUDA memcpy Host-to-Device]
6585672849,5504,173170,,,,,,,,,,1.547,280999.928,Device,,NVIDIA A100-SXM4-40GB MIG 4g.20gb (0),1,,13,[CUDA memset]
6585679985,4544,173175,,,,,,,,,,0.031,6887.311,Pinned,Device,NVIDIA A100-SXM4-40GB MIG 4g.20gb (0),1,,13,[CUDA memcpy Host-to-Device]
6585687473,17247,173176,,,,,,,,,,0.197,11399.528,Pinned,Device,NVIDIA A100-SXM4-40GB MIG 4g.20gb (0),1,,13,[CUDA memcpy Host-to-Device]
6586061484,13824,173177,273,1,1,8,4,1,39,0.002,0.000,,,,,NVIDIA A100-SXM4-40GB MIG 4g.20gb (0),1,,13,"void channel_eq::eqMmseCoefCompLowMimoKernel<float, float, float, (unsigned int)4, (unsigned int)1, (unsigned int)4>(const channel_eq::_puschRxChEqStatDescr *, channel_eq::_puschRxChEqCoefCompDynDescr)"
6586442056,19104,173178,273,1,1,12,11,1,51,0.002,0.000,,,,,NVIDIA A100-SXM4-40GB MIG 4g.20gb (0),1,,13,"void channel_eq::eqMmseSoftDemapKernel<float, __half, __half, float, (unsigned int)4, (unsigned short)16383>(channel_eq::_puschRxChEqStatDescr *, channel_eq::_puschRxChEqSoftDemapDynDescr)"
6586835044,651640,173179,1,1,1,32,32,1,30,0.000,0.000,,,,,NVIDIA A100-SXM4-40GB MIG 4g.20gb (0),1,,13,"void convert_kernel<float2, __half2>(tensor_layout_any, T1 *, tensor_layout_any, const T2 *)"
6587554236,18431,173191,2253,1,1,128,1,1,16,0.000,0.000,,,,,NVIDIA A100-SXM4-40GB MIG 4g.20gb (0),1,,13,cupy_copy__float16_float16
6587674650,9696,173200,282,1,1,128,1,1,16,0.000,0.000,,,,,NVIDIA A100-SXM4-40GB MIG 4g.20gb (0),1,,13,cupy_copy__complex64_complex64
6587747193,3104,173209,26,1,1,128,1,1,16,0.000,0.000,,,,,NVIDIA A100-SXM4-40GB MIG 4g.20gb (0),1,,13,cupy_copy__float32_float32
6587848120,7008,173218,103,1,1,128,1,1,16,0.000,0.000,,,,,NVIDIA A100-SXM4-40GB MIG 4g.20gb (0),1,,13,cupy_copy__complex64_complex64
6587910072,18527,173228,1434,1,1,128,1,1,16,0.000,0.000,,,,,NVIDIA A100-SXM4-40GB MIG 4g.20gb (0),1,,13,cupy_copy__complex64_complex64
6588029942,98591,173233,1,1,1,32,32,1,30,0.000,0.000,,,,,NVIDIA A100-SXM4-40GB MIG 4g.20gb (0),1,,13,"void convert_kernel<__half2, float2>(tensor_layout_any, T1 *, tensor_layout_any, const T2 *)"
6588159733,5504,173236,,,,,,,,,,0.094,17023.251,Pinned,Device,NVIDIA A100-SXM4-40GB MIG 4g.20gb (0),1,,13,[CUDA memcpy Host-to-Device]
6588260660,607353,173237,,,,,,,,,,456.561,751500.130,Device,,NVIDIA A100-SXM4-40GB MIG 4g.20gb (0),1,,13,[CUDA memset]
6588872845,53663,173242,,,,,,,,,,1.235,23011.946,Pinned,Device,NVIDIA A100-SXM4-40GB MIG 4g.20gb (0),1,,13,[CUDA memcpy Host-to-Device]
6588929420,10144,173243,,,,,,,,,,0.197,19381.617,Pinned,Device,NVIDIA A100-SXM4-40GB MIG 4g.20gb (0),1,,13,[CUDA memcpy Host-to-Device]
6589118250,11520,173244,69,4,1,48,1,1,76,0.002,0.000,,,,,NVIDIA A100-SXM4-40GB MIG 4g.20gb (0),1,,13,"void ch_est::windowedChEstPreNoDftSOfdmKernel<float, __half, float, (unsigned int)2, (unsigned int)1, (unsigned short)4>(ch_est::puschRxChEstStatDescr_t *, ch_est::puschRxChEstDynDescr_t *)"
6589355271,9024,173245,137,2,1,24,2,1,44,0.001,0.001,,,,,NVIDIA A100-SXM4-40GB MIG 4g.20gb (0),1,,13,"void ch_est::chEstFilterNoDftSOfdmDispatchKernel<float, __half, float, (unsigned int)2>(ch_est::puschRxChEstStatDescr_t *, ch_est::puschRxChEstDynDescr_t *)"
6589636260,11008,173246,137,2,1,24,2,1,44,0.001,0.001,,,,,NVIDIA A100-SXM4-40GB MIG 4g.20gb (0),1,,13,"void ch_est::chEstFilterNoDftSOfdmDispatchKernel<float, __half, float, (unsigned int)2>(ch_est::puschRxChEstStatDescr_t *, ch_est::puschRxChEstDynDescr_t *)"
6589914497,4384,173257,103,1,1,128,1,1,16,0.000,0.000,,,,,NVIDIA A100-SXM4-40GB MIG 4g.20gb (0),1,,13,cupy_copy__complex64_complex64
6590165790,20064,173267,1434,1,1,128,1,1,16,0.000,0.000,,,,,NVIDIA A100-SXM4-40GB MIG 4g.20gb (0),1,,13,cupy_copy__complex64_complex64
6590408987,5056,173274,103,1,1,128,1,1,16,0.000,0.000,,,,,NVIDIA A100-SXM4-40GB MIG 4g.20gb (0),1,,13,cupy_copy__complex64_complex64
6590656952,242686,173281,1,1,1,32,32,1,30,0.000,0.000,,,,,NVIDIA A100-SXM4-40GB MIG 4g.20gb (0),1,,13,"void convert_kernel<__half2, float2>(tensor_layout_any, T1 *, tensor_layout_any, const T2 *)"
6590931733,8224,173284,,,,,,,,,,0.094,11392.965,Pinned,Device,NVIDIA A100-SXM4-40GB MIG 4g.20gb (0),1,,13,[CUDA memcpy Host-to-Device]
6591225586,51743,173285,,,,,,,,,,35.810,692062.514,Device,,NVIDIA A100-SXM4-40GB MIG 4g.20gb (0),1,,13,[CUDA memset]
6591281521,3488,173287,,,,,,,,,,0.000,22.936,Pinned,Device,NVIDIA A100-SXM4-40GB MIG 4g.20gb (0),1,,13,[CUDA memcpy Host-to-Device]
6591293329,13024,173288,,,,,,,,,,0.197,15095.759,Pinned,Device,NVIDIA A100-SXM4-40GB MIG 4g.20gb (0),1,,13,[CUDA memcpy Host-to-Device]
6591619086,18911,173289,273,1,1,48,1,1,40,0.000,0.001,,,,,NVIDIA A100-SXM4-40GB MIG 4g.20gb (0),1,,13,"void pusch_noise_intf_est::noiseIntfEstNoDftSOfdmKernel<float, __half, float, float, (unsigned int)2, (unsigned int)1, (unsigned char)4, (unsigned char)4>(pusch_noise_intf_est::puschRxNoiseIntfEstDynDescr)"
6591958122,8256,173300,35,1,1,128,1,1,16,0.000,0.000,,,,,NVIDIA A100-SXM4-40GB MIG 4g.20gb (0),1,,13,cupy_copy__complex64_complex64
6592259398,3296,173309,1,1,1,1,1,1,18,0.000,0.000,,,,,NVIDIA A100-SXM4-40GB MIG 4g.20gb (0),1,,13,cupy_copy__float32_float32
6592267814,1760,173315,,,,,,,,,,0.000,2.273,Device,Pageable,NVIDIA A100-SXM4-40GB MIG 4g.20gb (0),1,,7,[CUDA memcpy Device-to-Host]
6592630722,18112,173326,1434,1,1,128,1,1,16,0.000,0.000,,,,,NVIDIA A100-SXM4-40GB MIG 4g.20gb (0),1,,13,cupy_copy__complex64_complex64
6592861151,4864,173333,103,1,1,128,1,1,16,0.000,0.000,,,,,NVIDIA A100-SXM4-40GB MIG 4g.20gb (0),1,,13,cupy_copy__complex64_complex64
6592978206,8864,173340,35,1,1,128,1,1,16,0.000,0.000,,,,,NVIDIA A100-SXM4-40GB MIG 4g.20gb (0),1,,13,cupy_copy__complex64_complex64
6593087485,2656,173347,1,1,1,1,1,1,18,0.000,0.000,,,,,NVIDIA A100-SXM4-40GB MIG 4g.20gb (0),1,,13,cupy_copy__float32_float32
6593218939,201726,173358,1,1,1,32,32,1,30,0.000,0.000,,,,,NVIDIA A100-SXM4-40GB MIG 4g.20gb (0),1,,13,"void convert_kernel<__half2, float2>(tensor_layout_any, T1 *, tensor_layout_any, const T2 *)"
6593451161,6144,173361,,,,,,,,,,0.094,15249.961,Pinned,Device,NVIDIA A100-SXM4-40GB MIG 4g.20gb (0),1,,13,[CUDA memcpy Host-to-Device]
6593587671,6752,173362,,,,,,,,,,1.547,229061.201,Device,,NVIDIA A100-SXM4-40GB MIG 4g.20gb (0),1,,13,[CUDA memset]
6593601047,3392,173367,,,,,,,,,,0.031,9226.405,Pinned,Device,NVIDIA A100-SXM4-40GB MIG 4g.20gb (0),1,,13,[CUDA memcpy Host-to-Device]
6593607607,9632,173368,,,,,,,,,,0.197,20411.843,Pinned,Device,NVIDIA A100-SXM4-40GB MIG 4g.20gb (0),1,,13,[CUDA memcpy Host-to-Device]
6593741269,15328,173369,273,1,1,8,4,1,39,0.002,0.000,,,,,NVIDIA A100-SXM4-40GB MIG 4g.20gb (0),1,,13,"void channel_eq::eqMmseCoefCompLowMimoKernel<float, float, float, (unsigned int)4, (unsigned int)1, (unsigned int)4>(const channel_eq::_puschRxChEqStatDescr *, channel_eq::_puschRxChEqCoefCompDynDescr)"
6593894484,11936,173370,273,1,1,12,11,1,51,0.002,0.000,,,,,NVIDIA A100-SXM4-40GB MIG 4g.20gb (0),1,,13,"void channel_eq::eqMmseSoftDemapKernel<float, __half, __half, float, (unsigned int)4, (unsigned short)16383>(channel_eq::_puschRxChEqStatDescr *, channel_eq::_puschRxChEqSoftDemapDynDescr)"
6594005683,516346,173371,1,1,1,32,32,1,30,0.000,0.000,,,,,NVIDIA A100-SXM4-40GB MIG 4g.20gb (0),1,,13,"void convert_kernel<float2, __half2>(tensor_layout_any, T1 *, tensor_layout_any, const T2 *)"
6594736074,14432,173383,2253,1,1,128,1,1,16,0.000,0.000,,,,,NVIDIA A100-SXM4-40GB MIG 4g.20gb (0),1,,13,cupy_copy__float16_float16
6594921192,5792,173392,282,1,1,128,1,1,16,0.000,0.000,,,,,NVIDIA A100-SXM4-40GB MIG 4g.20gb (0),1,,13,cupy_copy__complex64_complex64
6595149318,5024,173401,26,1,1,128,1,1,16,0.000,0.000,,,,,NVIDIA A100-SXM4-40GB MIG 4g.20gb (0),1,,13,cupy_copy__float32_float32
6595430946,5824,173410,103,1,1,128,1,1,16,0.000,0.000,,,,,NVIDIA A100-SXM4-40GB MIG 4g.20gb (0),1,,13,cupy_copy__complex64_complex64
6595738975,16992,173420,1434,1,1,128,1,1,16,0.000,0.000,,,,,NVIDIA A100-SXM4-40GB MIG 4g.20gb (0),1,,13,cupy_copy__complex64_complex64
6596027644,226077,173425,1,1,1,32,32,1,30,0.000,0.000,,,,,NVIDIA A100-SXM4-40GB MIG 4g.20gb (0),1,,13,"void convert_kernel<__half2, float2>(tensor_layout_any, T1 *, tensor_layout_any, const T2 *)"
6596284505,8832,173428,,,,,,,,,,0.094,10608.636,Pinned,Device,NVIDIA A100-SXM4-40GB MIG 4g.20gb (0),1,,13,[CUDA memcpy Host-to-Device]
6596596725,604345,173429,,,,,,,,,,456.561,755152.622,Device,,NVIDIA A100-SXM4-40GB MIG 4g.20gb (0),1,,13,[CUDA memset]
6597205422,58432,173434,,,,,,,,,,1.235,21133.597,Pinned,Device,NVIDIA A100-SXM4-40GB MIG 4g.20gb (0),1,,13,[CUDA memcpy Host-to-Device]
6597269390,15359,173435,,,,,,,,,,0.197,12800.754,Pinned,Device,NVIDIA A100-SXM4-40GB MIG 4g.20gb (0),1,,13,[CUDA memcpy Host-to-Device]
6597609066,13440,173436,69,4,1,48,1,1,76,0.002,0.000,,,,,NVIDIA A100-SXM4-40GB MIG 4g.20gb (0),1,,13,"void ch_est::windowedChEstPreNoDftSOfdmKernel<float, __half, float, (unsigned int)2, (unsigned int)1, (unsigned short)4>(ch_est::puschRxChEstStatDescr_t *, ch_est::puschRxChEstDynDescr_t *)"
6597915238,8544,173437,137,2,1,24,2,1,44,0.001,0.001,,,,,NVIDIA A100-SXM4-40GB MIG 4g.20gb (0),1,,13,"void ch_est::chEstFilterNoDftSOfdmDispatchKernel<float, __half, float, (unsigned int)2>(ch_est::puschRxChEstStatDescr_t *, ch_est::puschRxChEstDynDescr_t *)"
6598250018,11776,173438,137,2,1,24,2,1,44,0.001,0.001,,,,,NVIDIA A100-SXM4-40GB MIG 4g.20gb (0),1,,13,"void ch_est::chEstFilterNoDftSOfdmDispatchKernel<float, __half, float, (unsigned int)2>(ch_est::puschRxChEstStatDescr_t *, ch_est::puschRxChEstDynDescr_t *)"
6598484608,4128,173449,103,1,1,128,1,1,16,0.000,0.000,,,,,NVIDIA A100-SXM4-40GB MIG 4g.20gb (0),1,,13,cupy_copy__complex64_complex64
6598679614,32063,173459,1434,1,1,128,1,1,16,0.000,0.000,,,,,NVIDIA A100-SXM4-40GB MIG 4g.20gb (0),1,,13,cupy_copy__complex64_complex64
6598961178,13216,173466,103,1,1,128,1,1,16,0.000,0.000,,,,,NVIDIA A100-SXM4-40GB MIG 4g.20gb (0),1,,13,cupy_copy__complex64_complex64
6599147960,240798,173473,1,1,1,32,32,1,30,0.000,0.000,,,,,NVIDIA A100-SXM4-40GB MIG 4g.20gb (0),1,,13,"void convert_kernel<__half2, float2>(tensor_layout_any, T1 *, tensor_layout_any, const T2 *)"
6599417749,5472,173476,,,,,,,,,,0.094,17122.757,Pinned,Device,NVIDIA A100-SXM4-40GB MIG 4g.20gb (0),1,,13,[CUDA memcpy Host-to-Device]
6599525908,49247,173477,,,,,,,,,,35.810,727120.426,Device,,NVIDIA A100-SXM4-40GB MIG 4g.20gb (0),1,,13,[CUDA memset]
6599578099,1920,173479,,,,,,,,,,0.000,41.667,Pinned,Device,NVIDIA A100-SXM4-40GB MIG 4g.20gb (0),1,,13,[CUDA memcpy Host-to-Device]
6599582451,9536,173480,,,,,,,,,,0.197,20617.298,Pinned,Device,NVIDIA A100-SXM4-40GB MIG 4g.20gb (0),1,,13,[CUDA memcpy Host-to-Device]
6599747858,11775,173481,273,1,1,48,1,1,40,0.000,0.001,,,,,NVIDIA A100-SXM4-40GB MIG 4g.20gb (0),1,,13,"void pusch_noise_intf_est::noiseIntfEstNoDftSOfdmKernel<float, __half, float, float, (unsigned int)2, (unsigned int)1, (unsigned char)4, (unsigned char)4>(pusch_noise_intf_est::puschRxNoiseIntfEstDynDescr)"
6599901968,3520,173492,35,1,1,128,1,1,16,0.000,0.000,,,,,NVIDIA A100-SXM4-40GB MIG 4g.20gb (0),1,,13,cupy_copy__complex64_complex64
6600031918,2720,173501,1,1,1,1,1,1,18,0.000,0.000,,,,,NVIDIA A100-SXM4-40GB MIG 4g.20gb (0),1,,13,cupy_copy__float32_float32
6600038542,1984,173507,,,,,,,,,,0.000,2.016,Device,Pageable,NVIDIA A100-SXM4-40GB MIG 4g.20gb (0),1,,7,[CUDA memcpy Device-to-Host]
6600271532,15999,173518,1434,1,1,128,1,1,16,0.000,0.000,,,,,NVIDIA A100-SXM4-40GB MIG 4g.20gb (0),1,,13,cupy_copy__complex64_complex64
6600532137,6048,173525,103,1,1,128,1,1,16,0.000,0.000,,,,,NVIDIA A100-SXM4-40GB MIG 4g.20gb (0),1,,13,cupy_copy__complex64_complex64
6600768934,4704,173532,35,1,1,128,1,1,16,0.000,0.000,,,,,NVIDIA A100-SXM4-40GB MIG 4g.20gb (0),1,,13,cupy_copy__complex64_complex64
6600885413,2912,173539,1,1,1,1,1,1,18,0.000,0.000,,,,,NVIDIA A100-SXM4-40GB MIG 4g.20gb (0),1,,13,cupy_copy__float32_float32
6601092290,296861,173550,1,1,1,32,32,1,30,0.000,0.000,,,,,NVIDIA A100-SXM4-40GB MIG 4g.20gb (0),1,,13,"void convert_kernel<__half2, float2>(tensor_layout_any, T1 *, tensor_layout_any, const T2 *)"
6601418975,6400,173553,,,,,,,,,,0.094,14640.000,Pinned,Device,NVIDIA A100-SXM4-40GB MIG 4g.20gb (0),1,,13,[CUDA memcpy Host-to-Device]
6601792218,5920,173554,,,,,,,,,,1.547,261252.633,Device,,NVIDIA A100-SXM4-40GB MIG 4g.20gb (0),1,,13,[CUDA memset]
6601803642,3040,173559,,,,,,,,,,0.031,10294.725,Pinned,Device,NVIDIA A100-SXM4-40GB MIG 4g.20gb (0),1,,13,[CUDA memcpy Host-to-Device]
6601809338,9728,173560,,,,,,,,,,0.197,20210.516,Pinned,Device,NVIDIA A100-SXM4-40GB MIG 4g.20gb (0),1,,13,[CUDA memcpy Host-to-Device]
6602181462,9984,173561,273,1,1,8,4,1,39,0.002,0.000,,,,,NVIDIA A100-SXM4-40GB MIG 4g.20gb (0),1,,13,"void channel_eq::eqMmseCoefCompLowMimoKernel<float, float, float, (unsigned int)4, (unsigned int)1, (unsigned int)4>(const channel_eq::_puschRxChEqStatDescr *, channel_eq::_puschRxChEqCoefCompDynDescr)"
6602527858,11168,173562,273,1,1,12,11,1,51,0.002,0.000,,,,,NVIDIA A100-SXM4-40GB MIG 4g.20gb (0),1,,13,"void channel_eq::eqMmseSoftDemapKernel<float, __half, __half, float, (unsigned int)4, (unsigned short)16383>(channel_eq::_puschRxChEqStatDescr *, channel_eq::_puschRxChEqSoftDemapDynDescr)"
6602923726,674872,173563,1,1,1,32,32,1,30,0.000,0.000,,,,,NVIDIA A100-SXM4-40GB MIG 4g.20gb (0),1,,13,"void convert_kernel<float2, __half2>(tensor_layout_any, T1 *, tensor_layout_any, const T2 *)"
6603982210,14111,173575,2253,1,1,128,1,1,16,0.000,0.000,,,,,NVIDIA A100-SXM4-40GB MIG 4g.20gb (0),1,,13,cupy_copy__float16_float16
6604168159,6880,173584,282,1,1,128,1,1,16,0.000,0.000,,,,,NVIDIA A100-SXM4-40GB MIG 4g.20gb (0),1,,13,cupy_copy__complex64_complex64
6604393533,3456,173593,26,1,1,128,1,1,16,0.000,0.000,,,,,NVIDIA A100-SXM4-40GB MIG 4g.20gb (0),1,,13,cupy_copy__float32_float32
6604618970,6912,173602,103,1,1,128,1,1,16,0.000,0.000,,,,,NVIDIA A100-SXM4-40GB MIG 4g.20gb (0),1,,13,cupy_copy__complex64_complex64
6604881943,18144,173612,1434,1,1,128,1,1,16,0.000,0.000,,,,,NVIDIA A100-SXM4-40GB MIG 4g.20gb (0),1,,13,cupy_copy__complex64_complex64
6605031638,97247,173617,1,1,1,32,32,1,30,0.000,0.000,,,,,NVIDIA A100-SXM4-40GB MIG 4g.20gb (0),1,,13,"void convert_kernel<__half2, float2>(tensor_layout_any, T1 *, tensor_layout_any, const T2 *)"
6605160596,5920,173620,,,,,,,,,,0.094,15826.941,Pinned,Device,NVIDIA A100-SXM4-40GB MIG 4g.20gb (0),1,,13,[CUDA memcpy Host-to-Device]
6605341746,613817,173621,,,,,,,,,,456.561,743738.586,Device,,NVIDIA A100-SXM4-40GB MIG 4g.20gb (0),1,,13,[CUDA memset]
6605961611,54272,173626,,,,,,,,,,1.235,22753.843,Pinned,Device,NVIDIA A100-SXM4-40GB MIG 4g.20gb (0),1,,13,[CUDA memcpy Host-to-Device]
6606018411,10079,173627,,,,,,,,,,0.197,19506.659,Pinned,Device,NVIDIA A100-SXM4-40GB MIG 4g.20gb (0),1,,13,[CUDA memcpy Host-to-Device]
6606289991,11488,173628,69,4,1,48,1,1,76,0.002,0.000,,,,,NVIDIA A100-SXM4-40GB MIG 4g.20gb (0),1,,13,"void ch_est::windowedChEstPreNoDftSOfdmKernel<float, __half, float, (unsigned int)2, (unsigned int)1, (unsigned short)4>(ch_est::puschRxChEstStatDescr_t *, ch_est::puschRxChEstDynDescr_t *)"
6606505925,9600,173629,137,2,1,24,2,1,44,0.001,0.001,,,,,NVIDIA A100-SXM4-40GB MIG 4g.20gb (0),1,,13,"void ch_est::chEstFilterNoDftSOfdmDispatchKernel<float, __half, float, (unsigned int)2>(ch_est::puschRxChEstStatDescr_t *, ch_est::puschRxChEstDynDescr_t *)"
6606684035,16128,173630,137,2,1,24,2,1,44,0.001,0.001,,,,,NVIDIA A100-SXM4-40GB MIG 4g.20gb (0),1,,13,"void ch_est::chEstFilterNoDftSOfdmDispatchKernel<float, __half, float, (unsigned int)2>(ch_est::puschRxChEstStatDescr_t *, ch_est::puschRxChEstDynDescr_t *)"
6606885601,4736,173641,103,1,1,128,1,1,16,0.000,0.000,,,,,NVIDIA A100-SXM4-40GB MIG 4g.20gb (0),1,,13,cupy_copy__complex64_complex64
6607139806,18048,173651,1434,1,1,128,1,1,16,0.000,0.000,,,,,NVIDIA A100-SXM4-40GB MIG 4g.20gb (0),1,,13,cupy_copy__complex64_complex64
6607387931,4576,173658,103,1,1,128,1,1,16,0.000,0.000,,,,,NVIDIA A100-SXM4-40GB MIG 4g.20gb (0),1,,13,cupy_copy__complex64_complex64
6607566617,275069,173665,1,1,1,32,32,1,30,0.000,0.000,,,,,NVIDIA A100-SXM4-40GB MIG 4g.20gb (0),1,,13,"void convert_kernel<__half2, float2>(tensor_layout_any, T1 *, tensor_layout_any, const T2 *)"
6607872982,5471,173668,,,,,,,,,,0.094,17125.849,Pinned,Device,NVIDIA A100-SXM4-40GB MIG 4g.20gb (0),1,,13,[CUDA memcpy Host-to-Device]
6608241201,52192,173669,,,,,,,,,,35.810,686118.067,Device,,NVIDIA A100-SXM4-40GB MIG 4g.20gb (0),1,,13,[CUDA memset]
6608294865,2336,173671,,,,,,,,,,0.000,34.247,Pinned,Device,NVIDIA A100-SXM4-40GB MIG 4g.20gb (0),1,,13,[CUDA memcpy Host-to-Device]
6608299665,9600,173672,,,,,,,,,,0.197,20479.869,Pinned,Device,NVIDIA A100-SXM4-40GB MIG 4g.20gb (0),1,,13,[CUDA memcpy Host-to-Device]
6608683852,17600,173673,273,1,1,48,1,1,40,0.000,0.001,,,,,NVIDIA A100-SXM4-40GB MIG 4g.20gb (0),1,,13,"void pusch_noise_intf_est::noiseIntfEstNoDftSOfdmKernel<float, __half, float, float, (unsigned int)2, (unsigned int)1, (unsigned char)4, (unsigned char)4>(pusch_noise_intf_est::puschRxNoiseIntfEstDynDescr)"
6608946057,4064,173684,35,1,1,128,1,1,16,0.000,0.000,,,,,NVIDIA A100-SXM4-40GB MIG 4g.20gb (0),1,,13,cupy_copy__complex64_complex64
6609275718,3456,173693,1,1,1,1,1,1,18,0.000,0.000,,,,,NVIDIA A100-SXM4-40GB MIG 4g.20gb (0),1,,13,cupy_copy__float32_float32
6609286214,1600,173699,,,,,,,,,,0.000,2.500,Device,Pageable,NVIDIA A100-SXM4-40GB MIG 4g.20gb (0),1,,7,[CUDA memcpy Device-to-Host]
6609568962,18272,173710,1434,1,1,128,1,1,16,0.000,0.000,,,,,NVIDIA A100-SXM4-40GB MIG 4g.20gb (0),1,,13,cupy_copy__complex64_complex64
6609832383,4864,173717,103,1,1,128,1,1,16,0.000,0.000,,,,,NVIDIA A100-SXM4-40GB MIG 4g.20gb (0),1,,13,cupy_copy__complex64_complex64
6609993950,4959,173724,35,1,1,128,1,1,16,0.000,0.000,,,,,NVIDIA A100-SXM4-40GB MIG 4g.20gb (0),1,,13,cupy_copy__complex64_complex64
6610223803,2976,173731,1,1,1,1,1,1,18,0.000,0.000,,,,,NVIDIA A100-SXM4-40GB MIG 4g.20gb (0),1,,13,cupy_copy__float32_float32
6610447256,218654,173742,1,1,1,32,32,1,30,0.000,0.000,,,,,NVIDIA A100-SXM4-40GB MIG 4g.20gb (0),1,,13,"void convert_kernel<__half2, float2>(tensor_layout_any, T1 *, tensor_layout_any, const T2 *)"
6610697302,5919,173745,,,,,,,,,,0.094,15829.658,Pinned,Device,NVIDIA A100-SXM4-40GB MIG 4g.20gb (0),1,,13,[CUDA memcpy Host-to-Device]
6610860468,5120,173746,,,,,,,,,,1.547,302074.227,Device,,NVIDIA A100-SXM4-40GB MIG 4g.20gb (0),1,,13,[CUDA memset]
6610868116,3104,173751,,,,,,,,,,0.031,10082.445,Pinned,Device,NVIDIA A100-SXM4-40GB MIG 4g.20gb (0),1,,13,[CUDA memcpy Host-to-Device]
6610874996,9823,173752,,,,,,,,,,0.197,20014.891,Pinned,Device,NVIDIA A100-SXM4-40GB MIG 4g.20gb (0),1,,13,[CUDA memcpy Host-to-Device]
6611213040,12832,173753,273,1,1,8,4,1,39,0.002,0.000,,,,,NVIDIA A100-SXM4-40GB MIG 4g.20gb (0),1,,13,"void channel_eq::eqMmseCoefCompLowMimoKernel<float, float, float, (unsigned int)4, (unsigned int)1, (unsigned int)4>(const channel_eq::_puschRxChEqStatDescr *, channel_eq::_puschRxChEqCoefCompDynDescr)"
6611610123,12992,173754,273,1,1,12,11,1,51,0.002,0.000,,,,,NVIDIA A100-SXM4-40GB MIG 4g.20gb (0),1,,13,"void channel_eq::eqMmseSoftDemapKernel<float, __half, __half, float, (unsigned int)4, (unsigned short)16383>(channel_eq::_puschRxChEqStatDescr *, channel_eq::_puschRxChEqSoftDemapDynDescr)"
6611939335,572026,173755,1,1,1,32,32,1,30,0.000,0.000,,,,,NVIDIA A100-SXM4-40GB MIG 4g.20gb (0),1,,13,"void convert_kernel<float2, __half2>(tensor_layout_any, T1 *, tensor_layout_any, const T2 *)"
6612763838,15456,173767,2253,1,1,128,1,1,16,0.000,0.000,,,,,NVIDIA A100-SXM4-40GB MIG 4g.20gb (0),1,,13,cupy_copy__float16_float16
6613025691,5664,173776,282,1,1,128,1,1,16,0.000,0.000,,,,,NVIDIA A100-SXM4-40GB MIG 4g.20gb (0),1,,13,cupy_copy__complex64_complex64
6613220441,4160,173785,26,1,1,128,1,1,16,0.000,0.000,,,,,NVIDIA A100-SXM4-40GB MIG 4g.20gb (0),1,,13,cupy_copy__float32_float32
6613478838,8032,173794,103,1,1,128,1,1,16,0.000,0.000,,,,,NVIDIA A100-SXM4-40GB MIG 4g.20gb (0),1,,13,cupy_copy__complex64_complex64
6613774963,20351,173804,1434,1,1,128,1,1,16,0.000,0.000,,,,,NVIDIA A100-SXM4-40GB MIG 4g.20gb (0),1,,13,cupy_copy__complex64_complex64
6614199150,278525,173809,1,1,1,32,32,1,30,0.000,0.000,,,,,NVIDIA A100-SXM4-40GB MIG 4g.20gb (0),1,,13,"void convert_kernel<__half2, float2>(tensor_layout_any, T1 *, tensor_layout_any, const T2 *)"
6614508682,10464,173812,,,,,,,,,,0.094,8954.058,Pinned,Device,NVIDIA A100-SXM4-40GB MIG 4g.20gb (0),1,,13,[CUDA memcpy Host-to-Device]
6614812359,607289,173813,,,,,,,,,,456.561,751500.130,Device,,NVIDIA A100-SXM4-40GB MIG 4g.20gb (0),1,,13,[CUDA memset]
6615420512,61887,173818,,,,,,,,,,1.235,19954.225,Pinned,Device,NVIDIA A100-SXM4-40GB MIG 4g.20gb (0),1,,13,[CUDA memcpy Host-to-Device]
6615484895,9824,173819,,,,,,,,,,0.197,20012.925,Pinned,Device,NVIDIA A100-SXM4-40GB MIG 4g.20gb (0),1,,13,[CUDA memcpy Host-to-Device]
6615762588,11392,173820,69,4,1,48,1,1,76,0.002,0.000,,,,,NVIDIA A100-SXM4-40GB MIG 4g.20gb (0),1,,13,"void ch_est::windowedChEstPreNoDftSOfdmKernel<float, __half, float, (unsigned int)2, (unsigned int)1, (unsigned short)4>(ch_est::puschRxChEstStatDescr_t *, ch_est::puschRxChEstDynDescr_t *)"
6616037369,10176,173821,137,2,1,24,2,1,44,0.001,0.001,,,,,NVIDIA A100-SXM4-40GB MIG 4g.20gb (0),1,,13,"void ch_est::chEstFilterNoDftSOfdmDispatchKernel<float, __half, float, (unsigned int)2>(ch_est::puschRxChEstStatDescr_t *, ch_est::puschRxChEstDynDescr_t *)"
6616342198,10624,173822,137,2,1,24,2,1,44,0.001,0.001,,,,,NVIDIA A100-SXM4-40GB MIG 4g.20gb (0),1,,13,"void ch_est::chEstFilterNoDftSOfdmDispatchKernel<float, __half, float, (unsigned int)2>(ch_est::puschRxChEstStatDescr_t *, ch_est::puschRxChEstDynDescr_t *)"
6616648626,5376,173833,103,1,1,128,1,1,16,0.000,0.000,,,,,NVIDIA A100-SXM4-40GB MIG 4g.20gb (0),1,,13,cupy_copy__complex64_complex64
6616845552,18080,173843,1434,1,1,128,1,1,16,0.000,0.000,,,,,NVIDIA A100-SXM4-40GB MIG 4g.20gb (0),1,,13,cupy_copy__complex64_complex64
6617191212,4288,173850,103,1,1,128,1,1,16,0.000,0.000,,,,,NVIDIA A100-SXM4-40GB MIG 4g.20gb (0),1,,13,cupy_copy__complex64_complex64
6617551816,247165,173857,1,1,1,32,32,1,30,0.000,0.000,,,,,NVIDIA A100-SXM4-40GB MIG 4g.20gb (0),1,,13,"void convert_kernel<__half2, float2>(tensor_layout_any, T1 *, tensor_layout_any, const T2 *)"
6617828773,5504,173860,,,,,,,,,,0.094,17023.251,Pinned,Device,NVIDIA A100-SXM4-40GB MIG 4g.20gb (0),1,,13,[CUDA memcpy Host-to-Device]
6618102626,50623,173861,,,,,,,,,,35.810,707353.350,Device,,NVIDIA A100-SXM4-40GB MIG 4g.20gb (0),1,,13,[CUDA memset]
6618158017,2336,173863,,,,,,,,,,0.000,34.247,Pinned,Device,NVIDIA A100-SXM4-40GB MIG 4g.20gb (0),1,,13,[CUDA memcpy Host-to-Device]
6618162817,9472,173864,,,,,,,,,,0.197,20756.693,Pinned,Device,NVIDIA A100-SXM4-40GB MIG 4g.20gb (0),1,,13,[CUDA memcpy Host-to-Device]
6618449438,13248,173865,273,1,1,48,1,1,40,0.000,0.001,,,,,NVIDIA A100-SXM4-40GB MIG 4g.20gb (0),1,,13,"void pusch_noise_intf_est::noiseIntfEstNoDftSOfdmKernel<float, __half, float, float, (unsigned int)2, (unsigned int)1, (unsigned char)4, (unsigned char)4>(pusch_noise_intf_est::puschRxNoiseIntfEstDynDescr)"
6618752506,8288,173876,35,1,1,128,1,1,16,0.000,0.000,,,,,NVIDIA A100-SXM4-40GB MIG 4g.20gb (0),1,,13,cupy_copy__complex64_complex64
6619014551,3328,173885,1,1,1,1,1,1,18,0.000,0.000,,,,,NVIDIA A100-SXM4-40GB MIG 4g.20gb (0),1,,13,cupy_copy__float32_float32
6619018999,1600,173891,,,,,,,,,,0.000,2.500,Device,Pageable,NVIDIA A100-SXM4-40GB MIG 4g.20gb (0),1,,7,[CUDA memcpy Device-to-Host]
6619354548,17695,173902,1434,1,1,128,1,1,16,0.000,0.000,,,,,NVIDIA A100-SXM4-40GB MIG 4g.20gb (0),1,,13,cupy_copy__complex64_complex64
6619621265,5439,173909,103,1,1,128,1,1,16,0.000,0.000,,,,,NVIDIA A100-SXM4-40GB MIG 4g.20gb (0),1,,13,cupy_copy__complex64_complex64
6619885902,4511,173916,35,1,1,128,1,1,16,0.000,0.000,,,,,NVIDIA A100-SXM4-40GB MIG 4g.20gb (0),1,,13,cupy_copy__complex64_complex64
6620082891,3136,173923,1,1,1,1,1,1,18,0.000,0.000,,,,,NVIDIA A100-SXM4-40GB MIG 4g.20gb (0),1,,13,cupy_copy__float32_float32
6620325545,226749,173934,1,1,1,32,32,1,30,0.000,0.000,,,,,NVIDIA A100-SXM4-40GB MIG 4g.20gb (0),1,,13,"void convert_kernel<__half2, float2>(tensor_layout_any, T1 *, tensor_layout_any, const T2 *)"
6620583270,5568,173937,,,,,,,,,,0.094,16827.521,Pinned,Device,NVIDIA A100-SXM4-40GB MIG 4g.20gb (0),1,,13,[CUDA memcpy Host-to-Device]
6620808579,5888,173938,,,,,,,,,,1.547,262672.434,Device,,NVIDIA A100-SXM4-40GB MIG 4g.20gb (0),1,,13,[CUDA memset]
6620819939,3456,173943,,,,,,,,,,0.031,9055.529,Pinned,Device,NVIDIA A100-SXM4-40GB MIG 4g.20gb (0),1,,13,[CUDA memcpy Host-to-Device]
6620825923,9632,173944,,,,,,,,,,0.197,20411.843,Pinned,Device,NVIDIA A100-SXM4-40GB MIG 4g.20gb (0),1,,13,[CUDA memcpy Host-to-Device]
6621105344,11776,173945,273,1,1,8,4,1,39,0.002,0.000,,,,,NVIDIA A100-SXM4-40GB MIG 4g.20gb (0),1,,13,"void channel_eq::eqMmseCoefCompLowMimoKernel<float, float, float, (unsigned int)4, (unsigned int)1, (unsigned int)4>(const channel_eq::_puschRxChEqStatDescr *, channel_eq::_puschRxChEqCoefCompDynDescr)"
6621411388,13120,173946,273,1,1,12,11,1,51,0.002,0.000,,,,,NVIDIA A100-SXM4-40GB MIG 4g.20gb (0),1,,13,"void channel_eq::eqMmseSoftDemapKernel<float, __half, __half, float, (unsigned int)4, (unsigned short)16383>(channel_eq::_puschRxChEqStatDescr *, channel_eq::_puschRxChEqSoftDemapDynDescr)"
6621610298,596825,173947,1,1,1,32,32,1,30,0.000,0.000,,,,,NVIDIA A100-SXM4-40GB MIG 4g.20gb (0),1,,13,"void convert_kernel<float2, __half2>(tensor_layout_any, T1 *, tensor_layout_any, const T2 *)"
6622554255,13920,173959,2253,1,1,128,1,1,16,0.000,0.000,,,,,NVIDIA A100-SXM4-40GB MIG 4g.20gb (0),1,,13,cupy_copy__float16_float16
6622942699,6144,173968,282,1,1,128,1,1,16,0.000,0.000,,,,,NVIDIA A100-SXM4-40GB MIG 4g.20gb (0),1,,13,cupy_copy__complex64_complex64
6623331271,3647,173977,26,1,1,128,1,1,16,0.000,0.000,,,,,NVIDIA A100-SXM4-40GB MIG 4g.20gb (0),1,,13,cupy_copy__float32_float32
6623690850,5728,173986,103,1,1,128,1,1,16,0.000,0.000,,,,,NVIDIA A100-SXM4-40GB MIG 4g.20gb (0),1,,13,cupy_copy__complex64_complex64
6624054302,17728,173996,1434,1,1,128,1,1,16,0.000,0.000,,,,,NVIDIA A100-SXM4-40GB MIG 4g.20gb (0),1,,13,cupy_copy__complex64_complex64
6624377947,239965,174001,1,1,1,32,32,1,30,0.000,0.000,,,,,NVIDIA A100-SXM4-40GB MIG 4g.20gb (0),1,,13,"void convert_kernel<__half2, float2>(tensor_layout_any, T1 *, tensor_layout_any, const T2 *)"
6624648888,5568,174004,,,,,,,,,,0.094,16827.521,Pinned,Device,NVIDIA A100-SXM4-40GB MIG 4g.20gb (0),1,,13,[CUDA memcpy Host-to-Device]
6624920213,608281,174005,,,,,,,,,,456.561,750130.446,Device,,NVIDIA A100-SXM4-40GB MIG 4g.20gb (0),1,,13,[CUDA memset]
6625535150,58527,174010,,,,,,,,,,1.235,21100.253,Pinned,Device,NVIDIA A100-SXM4-40GB MIG 4g.20gb (0),1,,13,[CUDA memcpy Host-to-Device]
6625596109,9920,174011,,,,,,,,,,0.197,19819.266,Pinned,Device,NVIDIA A100-SXM4-40GB MIG 4g.20gb (0),1,,13,[CUDA memcpy Host-to-Device]
6625869354,14400,174012,69,4,1,48,1,1,76,0.002,0.000,,,,,NVIDIA A100-SXM4-40GB MIG 4g.20gb (0),1,,13,"void ch_est::windowedChEstPreNoDftSOfdmKernel<float, __half, float, (unsigned int)2, (unsigned int)1, (unsigned short)4>(ch_est::puschRxChEstStatDescr_t *, ch_est::puschRxChEstDynDescr_t *)"
6626184006,11360,174013,137,2,1,24,2,1,44,0.001,0.001,,,,,NVIDIA A100-SXM4-40GB MIG 4g.20gb (0),1,,13,"void ch_est::chEstFilterNoDftSOfdmDispatchKernel<float, __half, float, (unsigned int)2>(ch_est::puschRxChEstStatDescr_t *, ch_est::puschRxChEstDynDescr_t *)"
6626462339,9952,174014,137,2,1,24,2,1,44,0.001,0.001,,,,,NVIDIA A100-SXM4-40GB MIG 4g.20gb (0),1,,13,"void ch_est::chEstFilterNoDftSOfdmDispatchKernel<float, __half, float, (unsigned int)2>(ch_est::puschRxChEstStatDescr_t *, ch_est::puschRxChEstDynDescr_t *)"
6626770976,4480,174025,103,1,1,128,1,1,16,0.000,0.000,,,,,NVIDIA A100-SXM4-40GB MIG 4g.20gb (0),1,,13,cupy_copy__complex64_complex64
6626948382,17407,174035,1434,1,1,128,1,1,16,0.000,0.000,,,,,NVIDIA A100-SXM4-40GB MIG 4g.20gb (0),1,,13,cupy_copy__complex64_complex64
6627352601,4000,174042,103,1,1,128,1,1,16,0.000,0.000,,,,,NVIDIA A100-SXM4-40GB MIG 4g.20gb (0),1,,13,cupy_copy__complex64_complex64
6627548919,233693,174049,1,1,1,32,32,1,30,0.000,0.000,,,,,NVIDIA A100-SXM4-40GB MIG 4g.20gb (0),1,,13,"void convert_kernel<__half2, float2>(tensor_layout_any, T1 *, tensor_layout_any, const T2 *)"
6627811156,5440,174052,,,,,,,,,,0.094,17223.480,Pinned,Device,NVIDIA A100-SXM4-40GB MIG 4g.20gb (0),1,,13,[CUDA memcpy Host-to-Device]
6628006290,46879,174053,,,,,,,,,,35.810,763861.404,Device,,NVIDIA A100-SXM4-40GB MIG 4g.20gb (0),1,,13,[CUDA memset]
6628057233,1888,174055,,,,,,,,,,0.000,42.373,Pinned,Device,NVIDIA A100-SXM4-40GB MIG 4g.20gb (0),1,,13,[CUDA memcpy Host-to-Device]
6628062097,9888,174056,,,,,,,,,,0.197,19883.360,Pinned,Device,NVIDIA A100-SXM4-40GB MIG 4g.20gb (0),1,,13,[CUDA memcpy Host-to-Device]
6628441805,13888,174057,273,1,1,48,1,1,40,0.000,0.001,,,,,NVIDIA A100-SXM4-40GB MIG 4g.20gb (0),1,,13,"void pusch_noise_intf_est::noiseIntfEstNoDftSOfdmKernel<float, __half, float, float, (unsigned int)2, (unsigned int)1, (unsigned char)4, (unsigned char)4>(pusch_noise_intf_est::puschRxNoiseIntfEstDynDescr)"
6628831208,4992,174068,35,1,1,128,1,1,16,0.000,0.000,,,,,NVIDIA A100-SXM4-40GB MIG 4g.20gb (0),1,,13,cupy_copy__complex64_complex64
6629159269,3200,174077,1,1,1,1,1,1,18,0.000,0.000,,,,,NVIDIA A100-SXM4-40GB MIG 4g.20gb (0),1,,13,cupy_copy__float32_float32
6629169284,1664,174083,,,,,,,,,,0.000,2.404,Device,Pageable,NVIDIA A100-SXM4-40GB MIG 4g.20gb (0),1,,7,[CUDA memcpy Device-to-Host]
6629665311,16864,174094,1434,1,1,128,1,1,16,0.000,0.000,,,,,NVIDIA A100-SXM4-40GB MIG 4g.20gb (0),1,,13,cupy_copy__complex64_complex64
6630151257,5376,174101,103,1,1,128,1,1,16,0.000,0.000,,,,,NVIDIA A100-SXM4-40GB MIG 4g.20gb (0),1,,13,cupy_copy__complex64_complex64
6630567605,4544,174108,35,1,1,128,1,1,16,0.000,0.000,,,,,NVIDIA A100-SXM4-40GB MIG 4g.20gb (0),1,,13,cupy_copy__complex64_complex64
6630980592,3424,174115,1,1,1,1,1,1,18,0.000,0.000,,,,,NVIDIA A100-SXM4-40GB MIG 4g.20gb (0),1,,13,cupy_copy__float32_float32
6631422411,196670,174126,1,1,1,32,32,1,30,0.000,0.000,,,,,NVIDIA A100-SXM4-40GB MIG 4g.20gb (0),1,,13,"void convert_kernel<__half2, float2>(tensor_layout_any, T1 *, tensor_layout_any, const T2 *)"
6631651880,8480,174129,,,,,,,,,,0.094,11049.007,Pinned,Device,NVIDIA A100-SXM4-40GB MIG 4g.20gb (0),1,,13,[CUDA memcpy Host-to-Device]
6631901414,6303,174130,,,,,,,,,,1.547,245378.084,Device,,NVIDIA A100-SXM4-40GB MIG 4g.20gb (0),1,,13,[CUDA memset]
6631913445,4896,174135,,,,,,,,,,0.031,6392.145,Pinned,Device,NVIDIA A100-SXM4-40GB MIG 4g.20gb (0),1,,13,[CUDA memcpy Host-to-Device]
6631925477,11008,174136,,,,,,,,,,0.197,17860.461,Pinned,Device,NVIDIA A100-SXM4-40GB MIG 4g.20gb (0),1,,13,[CUDA memcpy Host-to-Device]
6632188866,11648,174137,273,1,1,8,4,1,39,0.002,0.000,,,,,NVIDIA A100-SXM4-40GB MIG 4g.20gb (0),1,,13,"void channel_eq::eqMmseCoefCompLowMimoKernel<float, float, float, (unsigned int)4, (unsigned int)1, (unsigned int)4>(const channel_eq::_puschRxChEqStatDescr *, channel_eq::_puschRxChEqCoefCompDynDescr)"
6632476511,14656,174138,273,1,1,12,11,1,51,0.002,0.000,,,,,NVIDIA A100-SXM4-40GB MIG 4g.20gb (0),1,,13,"void channel_eq::eqMmseSoftDemapKernel<float, __half, __half, float, (unsigned int)4, (unsigned short)16383>(channel_eq::_puschRxChEqStatDescr *, channel_eq::_puschRxChEqSoftDemapDynDescr)"
6632768924,629945,174139,1,1,1,32,32,1,30,0.000,0.000,,,,,NVIDIA A100-SXM4-40GB MIG 4g.20gb (0),1,,13,"void convert_kernel<float2, __half2>(tensor_layout_any, T1 *, tensor_layout_any, const T2 *)"
6633548179,14176,174151,2253,1,1,128,1,1,16,0.000,0.000,,,,,NVIDIA A100-SXM4-40GB MIG 4g.20gb (0),1,,13,cupy_copy__float16_float16
6633751953,6080,174160,282,1,1,128,1,1,16,0.000,0.000,,,,,NVIDIA A100-SXM4-40GB MIG 4g.20gb (0),1,,13,cupy_copy__complex64_complex64
6634067309,3520,174169,26,1,1,128,1,1,16,0.000,0.000,,,,,NVIDIA A100-SXM4-40GB MIG 4g.20gb (0),1,,13,cupy_copy__float32_float32
6634359434,5120,174178,103,1,1,128,1,1,16,0.000,0.000,,,,,NVIDIA A100-SXM4-40GB MIG 4g.20gb (0),1,,13,cupy_copy__complex64_complex64
6634556679,19296,174188,1434,1,1,128,1,1,16,0.000,0.000,,,,,NVIDIA A100-SXM4-40GB MIG 4g.20gb (0),1,,13,cupy_copy__complex64_complex64
6634903876,234685,174193,1,1,1,32,32,1,30,0.000,0.000,,,,,NVIDIA A100-SXM4-40GB MIG 4g.20gb (0),1,,13,"void convert_kernel<__half2, float2>(tensor_layout_any, T1 *, tensor_layout_any, const T2 *)"
6635168577,9503,174196,,,,,,,,,,0.094,9859.536,Pinned,Device,NVIDIA A100-SXM4-40GB MIG 4g.20gb (0),1,,13,[CUDA memcpy Host-to-Device]
6635560860,607321,174197,,,,,,,,,,456.561,751500.130,Device,,NVIDIA A100-SXM4-40GB MIG 4g.20gb (0),1,,13,[CUDA memset]
6636175413,54560,174202,,,,,,,,,,1.235,22634.054,Pinned,Device,NVIDIA A100-SXM4-40GB MIG 4g.20gb (0),1,,13,[CUDA memcpy Host-to-Device]
6636232404,9792,174203,,,,,,,,,,0.197,20078.395,Pinned,Device,NVIDIA A100-SXM4-40GB MIG 4g.20gb (0),1,,13,[CUDA memcpy Host-to-Device]
6636640432,13792,174204,69,4,1,48,1,1,76,0.002,0.000,,,,,NVIDIA A100-SXM4-40GB MIG 4g.20gb (0),1,,13,"void ch_est::windowedChEstPreNoDftSOfdmKernel<float, __half, float, (unsigned int)2, (unsigned int)1, (unsigned short)4>(ch_est::puschRxChEstStatDescr_t *, ch_est::puschRxChEstDynDescr_t *)"
6637078443,10368,174205,137,2,1,24,2,1,44,0.001,0.001,,,,,NVIDIA A100-SXM4-40GB MIG 4g.20gb (0),1,,13,"void ch_est::chEstFilterNoDftSOfdmDispatchKernel<float, __half, float, (unsigned int)2>(ch_est::puschRxChEstStatDescr_t *, ch_est::puschRxChEstDynDescr_t *)"
6637396519,11712,174206,137,2,1,24,2,1,44,0.001,0.001,,,,,NVIDIA A100-SXM4-40GB MIG 4g.20gb (0),1,,13,"void ch_est::chEstFilterNoDftSOfdmDispatchKernel<float, __half, float, (unsigned int)2>(ch_est::puschRxChEstStatDescr_t *, ch_est::puschRxChEstDynDescr_t *)"
6637838786,4224,174217,103,1,1,128,1,1,16,0.000,0.000,,,,,NVIDIA A100-SXM4-40GB MIG 4g.20gb (0),1,,13,cupy_copy__complex64_complex64
6638236990,17216,174227,1434,1,1,128,1,1,16,0.000,0.000,,,,,NVIDIA A100-SXM4-40GB MIG 4g.20gb (0),1,,13,cupy_copy__complex64_complex64
6638529402,5760,174234,103,1,1,128,1,1,16,0.000,0.000,,,,,NVIDIA A100-SXM4-40GB MIG 4g.20gb (0),1,,13,cupy_copy__complex64_complex64
6638747832,228861,174241,1,1,1,32,32,1,30,0.000,0.000,,,,,NVIDIA A100-SXM4-40GB MIG 4g.20gb (0),1,,13,"void convert_kernel<__half2, float2>(tensor_layout_any, T1 *, tensor_layout_any, const T2 *)"
6639006517,5856,174244,,,,,,,,,,0.094,15999.997,Pinned,Device,NVIDIA A100-SXM4-40GB MIG 4g.20gb (0),1,,13,[CUDA memcpy Host-to-Device]
6639240146,62880,174245,,,,,,,,,,35.810,569485.158,Device,,NVIDIA A100-SXM4-40GB MIG 4g.20gb (0),1,,13,[CUDA memset]
6639305746,2016,174247,,,,,,,,,,0.000,39.682,Pinned,Device,NVIDIA A100-SXM4-40GB MIG 4g.20gb (0),1,,13,[CUDA memcpy Host-to-Device]
6639310194,9888,174248,,,,,,,,,,0.197,19883.360,Pinned,Device,NVIDIA A100-SXM4-40GB MIG 4g.20gb (0),1,,13,[CUDA memcpy Host-to-Device]
6639573679,22047,174249,273,1,1,48,1,1,40,0.000,0.001,,,,,NVIDIA A100-SXM4-40GB MIG 4g.20gb (0),1,,13,"void pusch_noise_intf_est::noiseIntfEstNoDftSOfdmKernel<float, __half, float, float, (unsigned int)2, (unsigned int)1, (unsigned char)4, (unsigned char)4>(pusch_noise_intf_est::puschRxNoiseIntfEstDynDescr)"
6639854603,11456,174260,35,1,1,128,1,1,16,0.000,0.000,,,,,NVIDIA A100-SXM4-40GB MIG 4g.20gb (0),1,,13,cupy_copy__complex64_complex64
6640052841,3520,174269,1,1,1,1,1,1,18,0.000,0.000,,,,,NVIDIA A100-SXM4-40GB MIG 4g.20gb (0),1,,13,cupy_copy__float32_float32
6640063497,2240,174275,,,,,,,,,,0.000,1.786,Device,Pageable,NVIDIA A100-SXM4-40GB MIG 4g.20gb (0),1,,7,[CUDA memcpy Device-to-Host]
6640267687,17664,174286,1434,1,1,128,1,1,16,0.000,0.000,,,,,NVIDIA A100-SXM4-40GB MIG 4g.20gb (0),1,,13,cupy_copy__complex64_complex64
6640510020,4448,174293,103,1,1,128,1,1,16,0.000,0.000,,,,,NVIDIA A100-SXM4-40GB MIG 4g.20gb (0),1,,13,cupy_copy__complex64_complex64
6640784961,4128,174300,35,1,1,128,1,1,16,0.000,0.000,,,,,NVIDIA A100-SXM4-40GB MIG 4g.20gb (0),1,,13,cupy_copy__complex64_complex64
6641116285,3360,174307,1,1,1,1,1,1,18,0.000,0.000,,,,,NVIDIA A100-SXM4-40GB MIG 4g.20gb (0),1,,13,cupy_copy__float32_float32
6641306651,252285,174318,1,1,1,32,32,1,30,0.000,0.000,,,,,NVIDIA A100-SXM4-40GB MIG 4g.20gb (0),1,,13,"void convert_kernel<__half2, float2>(tensor_layout_any, T1 *, tensor_layout_any, const T2 *)"
6641588888,5536,174321,,,,,,,,,,0.094,16924.777,Pinned,Device,NVIDIA A100-SXM4-40GB MIG 4g.20gb (0),1,,13,[CUDA memcpy Host-to-Device]
6641895060,5504,174322,,,,,,,,,,1.547,280999.928,Device,,NVIDIA A100-SXM4-40GB MIG 4g.20gb (0),1,,13,[CUDA memset]
6641903604,5632,174327,,,,,,,,,,0.031,5556.793,Pinned,Device,NVIDIA A100-SXM4-40GB MIG 4g.20gb (0),1,,13,[CUDA memcpy Host-to-Device]
6641912212,9952,174328,,,,,,,,,,0.197,19755.565,Pinned,Device,NVIDIA A100-SXM4-40GB MIG 4g.20gb (0),1,,13,[CUDA memcpy Host-to-Device]
6642301136,12896,174329,273,1,1,8,4,1,39,0.002,0.000,,,,,NVIDIA A100-SXM4-40GB MIG 4g.20gb (0),1,,13,"void channel_eq::eqMmseCoefCompLowMimoKernel<float, float, float, (unsigned int)4, (unsigned int)1, (unsigned int)4>(const channel_eq::_puschRxChEqStatDescr *, channel_eq::_puschRxChEqCoefCompDynDescr)"
6642737995,12608,174330,273,1,1,12,11,1,51,0.002,0.000,,,,,NVIDIA A100-SXM4-40GB MIG 4g.20gb (0),1,,13,"void channel_eq::eqMmseSoftDemapKernel<float, __half, __half, float, (unsigned int)4, (unsigned short)16383>(channel_eq::_puschRxChEqStatDescr *, channel_eq::_puschRxChEqSoftDemapDynDescr)"
6643181126,677688,174331,1,1,1,32,32,1,30,0.000,0.000,,,,,NVIDIA A100-SXM4-40GB MIG 4g.20gb (0),1,,13,"void convert_kernel<float2, __half2>(tensor_layout_any, T1 *, tensor_layout_any, const T2 *)"
6644274169,15456,174343,2253,1,1,128,1,1,16,0.000,0.000,,,,,NVIDIA A100-SXM4-40GB MIG 4g.20gb (0),1,,13,cupy_copy__float16_float16
6644627029,9600,174352,282,1,1,128,1,1,16,0.000,0.000,,,,,NVIDIA A100-SXM4-40GB MIG 4g.20gb (0),1,,13,cupy_copy__complex64_complex64
6644852947,5376,174361,26,1,1,128,1,1,16,0.000,0.000,,,,,NVIDIA A100-SXM4-40GB MIG 4g.20gb (0),1,,13,cupy_copy__float32_float32
6645103440,9536,174370,103,1,1,128,1,1,16,0.000,0.000,,,,,NVIDIA A100-SXM4-40GB MIG 4g.20gb (0),1,,13,cupy_copy__complex64_complex64
6645355917,16384,174380,1434,1,1,128,1,1,16,0.000,0.000,,,,,NVIDIA A100-SXM4-40GB MIG 4g.20gb (0),1,,13,cupy_copy__complex64_complex64
6645593387,197693,174385,1,1,1,32,32,1,30,0.000,0.000,,,,,NVIDIA A100-SXM4-40GB MIG 4g.20gb (0),1,,13,"void convert_kernel<__half2, float2>(tensor_layout_any, T1 *, tensor_layout_any, const T2 *)"
6645823272,6592,174388,,,,,,,,,,0.094,14213.590,Pinned,Device,NVIDIA A100-SXM4-40GB MIG 4g.20gb (0),1,,13,[CUDA memcpy Host-to-Device]
6646081701,611673,174389,,,,,,,,,,456.561,746021.393,Device,,NVIDIA A100-SXM4-40GB MIG 4g.20gb (0),1,,13,[CUDA memset]
6646697054,53119,174394,,,,,,,,,,1.235,23247.821,Pinned,Device,NVIDIA A100-SXM4-40GB MIG 4g.20gb (0),1,,13,[CUDA memcpy Host-to-Device]
6646752637,9440,174395,,,,,,,,,,0.197,20827.079,Pinned,Device,NVIDIA A100-SXM4-40GB MIG 4g.20gb (0),1,,13,[CUDA memcpy Host-to-Device]
6647005755,11199,174396,69,4,1,48,1,1,76,0.002,0.000,,,,,NVIDIA A100-SXM4-40GB MIG 4g.20gb (0),1,,13,"void ch_est::windowedChEstPreNoDftSOfdmKernel<float, __half, float, (unsigned int)2, (unsigned int)1, (unsigned short)4>(ch_est::puschRxChEstStatDescr_t *, ch_est::puschRxChEstDynDescr_t *)"
6647348855,8736,174397,137,2,1,24,2,1,44,0.001,0.001,,,,,NVIDIA A100-SXM4-40GB MIG 4g.20gb (0),1,,13,"void ch_est::chEstFilterNoDftSOfdmDispatchKernel<float, __half, float, (unsigned int)2>(ch_est::puschRxChEstStatDescr_t *, ch_est::puschRxChEstDynDescr_t *)"
6647634291,12064,174398,137,2,1,24,2,1,44,0.001,0.001,,,,,NVIDIA A100-SXM4-40GB MIG 4g.20gb (0),1,,13,"void ch_est::chEstFilterNoDftSOfdmDispatchKernel<float, __half, float, (unsigned int)2>(ch_est::puschRxChEstStatDescr_t *, ch_est::puschRxChEstDynDescr_t *)"
6647831633,3936,174409,103,1,1,128,1,1,16,0.000,0.000,,,,,NVIDIA A100-SXM4-40GB MIG 4g.20gb (0),1,,13,cupy_copy__complex64_complex64
6648101358,17056,174419,1434,1,1,128,1,1,16,0.000,0.000,,,,,NVIDIA A100-SXM4-40GB MIG 4g.20gb (0),1,,13,cupy_copy__complex64_complex64
6648410635,3872,174426,103,1,1,128,1,1,16,0.000,0.000,,,,,NVIDIA A100-SXM4-40GB MIG 4g.20gb (0),1,,13,cupy_copy__complex64_complex64
6648774023,194621,174433,1,1,1,32,32,1,30,0.000,0.000,,,,,NVIDIA A100-SXM4-40GB MIG 4g.20gb (0),1,,13,"void convert_kernel<__half2, float2>(tensor_layout_any, T1 *, tensor_layout_any, const T2 *)"
6648999556,9632,174436,,,,,,,,,,0.094,9727.519,Pinned,Device,NVIDIA A100-SXM4-40GB MIG 4g.20gb (0),1,,13,[CUDA memcpy Host-to-Device]
6649407647,48480,174437,,,,,,,,,,35.810,738651.220,Device,,NVIDIA A100-SXM4-40GB MIG 4g.20gb (0),1,,13,[CUDA memset]
6649457855,5536,174439,,,,,,,,,,0.000,14.451,Pinned,Device,NVIDIA A100-SXM4-40GB MIG 4g.20gb (0),1,,13,[CUDA memcpy Host-to-Device]
6649467167,14400,174440,,,,,,,,,,0.197,13653.246,Pinned,Device,NVIDIA A100-SXM4-40GB MIG 4g.20gb (0),1,,13,[CUDA memcpy Host-to-Device]
6649898650,17696,174441,273,1,1,48,1,1,40,0.000,0.001,,,,,NVIDIA A100-SXM4-40GB MIG 4g.20gb (0),1,,13,"void pusch_noise_intf_est::noiseIntfEstNoDftSOfdmKernel<float, __half, float, float, (unsigned int)2, (unsigned int)1, (unsigned char)4, (unsigned char)4>(pusch_noise_intf_est::puschRxNoiseIntfEstDynDescr)"
6650335797,8320,174452,35,1,1,128,1,1,16,0.000,0.000,,,,,NVIDIA A100-SXM4-40GB MIG 4g.20gb (0),1,,13,cupy_copy__complex64_complex64
6650714833,3040,174461,1,1,1,1,1,1,18,0.000,0.000,,,,,NVIDIA A100-SXM4-40GB MIG 4g.20gb (0),1,,13,cupy_copy__float32_float32
6650722192,1728,174467,,,,,,,,,,0.000,2.315,Device,Pageable,NVIDIA A100-SXM4-40GB MIG 4g.20gb (0),1,,7,[CUDA memcpy Device-to-Host]
6651210411,19680,174478,1434,1,1,128,1,1,16,0.000,0.000,,,,,NVIDIA A100-SXM4-40GB MIG 4g.20gb (0),1,,13,cupy_copy__complex64_complex64
6651512168,6335,174485,103,1,1,128,1,1,16,0.000,0.000,,,,,NVIDIA A100-SXM4-40GB MIG 4g.20gb (0),1,,13,cupy_copy__complex64_complex64
6651743013,4192,174492,35,1,1,128,1,1,16,0.000,0.000,,,,,NVIDIA A100-SXM4-40GB MIG 4g.20gb (0),1,,13,cupy_copy__complex64_complex64
6651967170,3424,174499,1,1,1,1,1,1,18,0.000,0.000,,,,,NVIDIA A100-SXM4-40GB MIG 4g.20gb (0),1,,13,cupy_copy__float32_float32
6652217664,217949,174510,1,1,1,32,32,1,30,0.000,0.000,,,,,NVIDIA A100-SXM4-40GB MIG 4g.20gb (0),1,,13,"void convert_kernel<__half2, float2>(tensor_layout_any, T1 *, tensor_layout_any, const T2 *)"
6652468509,8896,174513,,,,,,,,,,0.094,10532.367,Pinned,Device,NVIDIA A100-SXM4-40GB MIG 4g.20gb (0),1,,13,[CUDA memcpy Host-to-Device]
6652666810,4896,174514,,,,,,,,,,1.547,315894.859,Device,,NVIDIA A100-SXM4-40GB MIG 4g.20gb (0),1,,13,[CUDA memset]
6652676730,3552,174519,,,,,,,,,,0.031,8810.794,Pinned,Device,NVIDIA A100-SXM4-40GB MIG 4g.20gb (0),1,,13,[CUDA memcpy Host-to-Device]
6652682714,9888,174520,,,,,,,,,,0.197,19883.360,Pinned,Device,NVIDIA A100-SXM4-40GB MIG 4g.20gb (0),1,,13,[CUDA memcpy Host-to-Device]
6652838105,13599,174521,273,1,1,8,4,1,39,0.002,0.000,,,,,NVIDIA A100-SXM4-40GB MIG 4g.20gb (0),1,,13,"void channel_eq::eqMmseCoefCompLowMimoKernel<float, float, float, (unsigned int)4, (unsigned int)1, (unsigned int)4>(const channel_eq::_puschRxChEqStatDescr *, channel_eq::_puschRxChEqCoefCompDynDescr)"
6653006519,10079,174522,273,1,1,12,11,1,51,0.002,0.000,,,,,NVIDIA A100-SXM4-40GB MIG 4g.20gb (0),1,,13,"void channel_eq::eqMmseSoftDemapKernel<float, __half, __half, float, (unsigned int)4, (unsigned short)16383>(channel_eq::_puschRxChEqStatDescr *, channel_eq::_puschRxChEqSoftDemapDynDescr)"
6653253556,578009,174523,1,1,1,32,32,1,30,0.000,0.000,,,,,NVIDIA A100-SXM4-40GB MIG 4g.20gb (0),1,,13,"void convert_kernel<float2, __half2>(tensor_layout_any, T1 *, tensor_layout_any, const T2 *)"
6654073803,13887,174535,2253,1,1,128,1,1,16,0.000,0.000,,,,,NVIDIA A100-SXM4-40GB MIG 4g.20gb (0),1,,13,cupy_copy__float16_float16
6654281256,10624,174544,282,1,1,128,1,1,16,0.000,0.000,,,,,NVIDIA A100-SXM4-40GB MIG 4g.20gb (0),1,,13,cupy_copy__complex64_complex64
6654520645,5440,174553,26,1,1,128,1,1,16,0.000,0.000,,,,,NVIDIA A100-SXM4-40GB MIG 4g.20gb (0),1,,13,cupy_copy__float32_float32
6654841186,4992,174562,103,1,1,128,1,1,16,0.000,0.000,,,,,NVIDIA A100-SXM4-40GB MIG 4g.20gb (0),1,,13,cupy_copy__complex64_complex64
6655208670,19167,174572,1434,1,1,128,1,1,16,0.000,0.000,,,,,NVIDIA A100-SXM4-40GB MIG 4g.20gb (0),1,,13,cupy_copy__complex64_complex64
6655531578,245181,174577,1,1,1,32,32,1,30,0.000,0.000,,,,,NVIDIA A100-SXM4-40GB MIG 4g.20gb (0),1,,13,"void convert_kernel<__half2, float2>(tensor_layout_any, T1 *, tensor_layout_any, const T2 *)"
6655809783,9120,174580,,,,,,,,,,0.094,10273.673,Pinned,Device,NVIDIA A100-SXM4-40GB MIG 4g.20gb (0),1,,13,[CUDA memcpy Host-to-Device]
6656163731,611737,174581,,,,,,,,,,456.561,746021.393,Device,,NVIDIA A100-SXM4-40GB MIG 4g.20gb (0),1,,13,[CUDA memset]
6656779052,64287,174586,,,,,,,,,,1.235,19209.554,Pinned,Device,NVIDIA A100-SXM4-40GB MIG 4g.20gb (0),1,,13,[CUDA memcpy Host-to-Device]
6656846283,12416,174587,,,,,,,,,,0.197,15835.005,Pinned,Device,NVIDIA A100-SXM4-40GB MIG 4g.20gb (0),1,,13,[CUDA memcpy Host-to-Device]
6657179527,13184,174588,69,4,1,48,1,1,76,0.002,0.000,,,,,NVIDIA A100-SXM4-40GB MIG 4g.20gb (0),1,,13,"void ch_est::windowedChEstPreNoDftSOfdmKernel<float, __half, float, (unsigned int)2, (unsigned int)1, (unsigned short)4>(ch_est::puschRxChEstStatDescr_t *, ch_est::puschRxChEstDynDescr_t *)"
6657526563,12256,174589,137,2,1,24,2,1,44,0.001,0.001,,,,,NVIDIA A100-SXM4-40GB MIG 4g.20gb (0),1,,13,"void ch_est::chEstFilterNoDftSOfdmDispatchKernel<float, __half, float, (unsigned int)2>(ch_est::puschRxChEstStatDescr_t *, ch_est::puschRxChEstDynDescr_t *)"
6657729761,9120,174590,137,2,1,24,2,1,44,0.001,0.001,,,,,NVIDIA A100-SXM4-40GB MIG 4g.20gb (0),1,,13,"void ch_est::chEstFilterNoDftSOfdmDispatchKernel<float, __half, float, (unsigned int)2>(ch_est::puschRxChEstStatDescr_t *, ch_est::puschRxChEstDynDescr_t *)"
6658023998,6144,174601,103,1,1,128,1,1,16,0.000,0.000,,,,,NVIDIA A100-SXM4-40GB MIG 4g.20gb (0),1,,13,cupy_copy__complex64_complex64
6658272795,18176,174611,1434,1,1,128,1,1,16,0.000,0.000,,,,,NVIDIA A100-SXM4-40GB MIG 4g.20gb (0),1,,13,cupy_copy__complex64_complex64
6658534840,4288,174618,103,1,1,128,1,1,16,0.000,0.000,,,,,NVIDIA A100-SXM4-40GB MIG 4g.20gb (0),1,,13,cupy_copy__complex64_complex64
6658763829,222814,174625,1,1,1,32,32,1,30,0.000,0.000,,,,,NVIDIA A100-SXM4-40GB MIG 4g.20gb (0),1,,13,"void convert_kernel<__half2, float2>(tensor_layout_any, T1 *, tensor_layout_any, const T2 *)"
6659015763,5536,174628,,,,,,,,,,0.094,16924.777,Pinned,Device,NVIDIA A100-SXM4-40GB MIG 4g.20gb (0),1,,13,[CUDA memcpy Host-to-Device]
6659184049,50271,174629,,,,,,,,,,35.810,712330.929,Device,,NVIDIA A100-SXM4-40GB MIG 4g.20gb (0),1,,13,[CUDA memset]
6659235856,4224,174631,,,,,,,,,,0.000,18.939,Pinned,Device,NVIDIA A100-SXM4-40GB MIG 4g.20gb (0),1,,13,[CUDA memcpy Host-to-Device]
6659242544,9472,174632,,,,,,,,,,0.197,20756.693,Pinned,Device,NVIDIA A100-SXM4-40GB MIG 4g.20gb (0),1,,13,[CUDA memcpy Host-to-Device]
6659423470,11168,174633,273,1,1,48,1,1,40,0.000,0.001,,,,,NVIDIA A100-SXM4-40GB MIG 4g.20gb (0),1,,13,"void pusch_noise_intf_est::noiseIntfEstNoDftSOfdmKernel<float, __half, float, float, (unsigned int)2, (unsigned int)1, (unsigned char)4, (unsigned char)4>(pusch_noise_intf_est::puschRxNoiseIntfEstDynDescr)"
6659662571,7904,174644,35,1,1,128,1,1,16,0.000,0.000,,,,,NVIDIA A100-SXM4-40GB MIG 4g.20gb (0),1,,13,cupy_copy__complex64_complex64
6659931464,3360,174653,1,1,1,1,1,1,18,0.000,0.000,,,,,NVIDIA A100-SXM4-40GB MIG 4g.20gb (0),1,,13,cupy_copy__float32_float32
6659939144,1632,174659,,,,,,,,,,0.000,2.451,Device,Pageable,NVIDIA A100-SXM4-40GB MIG 4g.20gb (0),1,,7,[CUDA memcpy Device-to-Host]
6660282916,16960,174670,1434,1,1,128,1,1,16,0.000,0.000,,,,,NVIDIA A100-SXM4-40GB MIG 4g.20gb (0),1,,13,cupy_copy__complex64_complex64
6660590465,5632,174677,103,1,1,128,1,1,16,0.000,0.000,,,,,NVIDIA A100-SXM4-40GB MIG 4g.20gb (0),1,,13,cupy_copy__complex64_complex64
6660866910,4416,174684,35,1,1,128,1,1,16,0.000,0.000,,,,,NVIDIA A100-SXM4-40GB MIG 4g.20gb (0),1,,13,cupy_copy__complex64_complex64
6661146362,4160,174691,1,1,1,1,1,1,18,0.000,0.000,,,,,NVIDIA A100-SXM4-40GB MIG 4g.20gb (0),1,,13,cupy_copy__float32_float32
6661516726,194846,174702,1,1,1,32,32,1,30,0.000,0.000,,,,,NVIDIA A100-SXM4-40GB MIG 4g.20gb (0),1,,13,"void convert_kernel<__half2, float2>(tensor_layout_any, T1 *, tensor_layout_any, const T2 *)"
6661744788,9728,174705,,,,,,,,,,0.094,9631.574,Pinned,Device,NVIDIA A100-SXM4-40GB MIG 4g.20gb (0),1,,13,[CUDA memcpy Host-to-Device]
6662128143,5504,174706,,,,,,,,,,1.547,280999.928,Device,,NVIDIA A100-SXM4-40GB MIG 4g.20gb (0),1,,13,[CUDA memset]
6662140943,3168,174711,,,,,,,,,,0.031,9878.770,Pinned,Device,NVIDIA A100-SXM4-40GB MIG 4g.20gb (0),1,,13,[CUDA memcpy Host-to-Device]
6662147247,16576,174712,,,,,,,,,,0.197,11860.967,Pinned,Device,NVIDIA A100-SXM4-40GB MIG 4g.20gb (0),1,,13,[CUDA memcpy Host-to-Device]
6662546795,11967,174713,273,1,1,8,4,1,39,0.002,0.000,,,,,NVIDIA A100-SXM4-40GB MIG 4g.20gb (0),1,,13,"void channel_eq::eqMmseCoefCompLowMimoKernel<float, float, float, (unsigned int)4, (unsigned int)1, (unsigned int)4>(const channel_eq::_puschRxChEqStatDescr *, channel_eq::_puschRxChEqCoefCompDynDescr)"
6662956870,12704,174714,273,1,1,12,11,1,51,0.002,0.000,,,,,NVIDIA A100-SXM4-40GB MIG 4g.20gb (0),1,,13,"void channel_eq::eqMmseSoftDemapKernel<float, __half, __half, float, (unsigned int)4, (unsigned short)16383>(channel_eq::_puschRxChEqStatDescr *, channel_eq::_puschRxChEqSoftDemapDynDescr)"
6663378625,575738,174715,1,1,1,32,32,1,30,0.000,0.000,,,,,NVIDIA A100-SXM4-40GB MIG 4g.20gb (0),1,,13,"void convert_kernel<float2, __half2>(tensor_layout_any, T1 *, tensor_layout_any, const T2 *)"
6664191992,18496,174727,2253,1,1,128,1,1,16,0.000,0.000,,,,,NVIDIA A100-SXM4-40GB MIG 4g.20gb (0),1,,13,cupy_copy__float16_float16
6664438805,9472,174736,282,1,1,128,1,1,16,0.000,0.000,,,,,NVIDIA A100-SXM4-40GB MIG 4g.20gb (0),1,,13,cupy_copy__complex64_complex64
6664603187,5024,174745,26,1,1,128,1,1,16,0.000,0.000,,,,,NVIDIA A100-SXM4-40GB MIG 4g.20gb (0),1,,13,cupy_copy__float32_float32
6664794257,9184,174754,103,1,1,128,1,1,16,0.000,0.000,,,,,NVIDIA A100-SXM4-40GB MIG 4g.20gb (0),1,,13,cupy_copy__complex64_complex64
6664888016,20192,174764,1434,1,1,128,1,1,16,0.000,0.000,,,,,NVIDIA A100-SXM4-40GB MIG 4g.20gb (0),1,,13,cupy_copy__complex64_complex64
6665010895,79775,174769,1,1,1,32,32,1,30,0.000,0.000,,,,,NVIDIA A100-SXM4-40GB MIG 4g.20gb (0),1,,13,"void convert_kernel<__half2, float2>(tensor_layout_any, T1 *, tensor_layout_any, const T2 *)"
6665120653,5344,174772,,,,,,,,,,0.094,17532.864,Pinned,Device,NVIDIA A100-SXM4-40GB MIG 4g.20gb (0),1,,13,[CUDA memcpy Host-to-Device]
6665205517,607353,174773,,,,,,,,,,456.561,751500.130,Device,,NVIDIA A100-SXM4-40GB MIG 4g.20gb (0),1,,13,[CUDA memset]
6665819878,53503,174778,,,,,,,,,,1.235,23081.103,Pinned,Device,NVIDIA A100-SXM4-40GB MIG 4g.20gb (0),1,,13,[CUDA memcpy Host-to-Device]
6665876133,9760,174779,,,,,,,,,,0.197,20144.259,Pinned,Device,NVIDIA A100-SXM4-40GB MIG 4g.20gb (0),1,,13,[CUDA memcpy Host-to-Device]
6666043203,13376,174780,69,4,1,48,1,1,76,0.002,0.000,,,,,NVIDIA A100-SXM4-40GB MIG 4g.20gb (0),1,,13,"void ch_est::windowedChEstPreNoDftSOfdmKernel<float, __half, float, (unsigned int)2, (unsigned int)1, (unsigned short)4>(ch_est::puschRxChEstStatDescr_t *, ch_est::puschRxChEstDynDescr_t *)"
6666223041,9504,174781,137,2,1,24,2,1,44,0.001,0.001,,,,,NVIDIA A100-SXM4-40GB MIG 4g.20gb (0),1,,13,"void ch_est::chEstFilterNoDftSOfdmDispatchKernel<float, __half, float, (unsigned int)2>(ch_est::puschRxChEstStatDescr_t *, ch_est::puschRxChEstDynDescr_t *)"
6666469342,12608,174782,137,2,1,24,2,1,44,0.001,0.001,,,,,NVIDIA A100-SXM4-40GB MIG 4g.20gb (0),1,,13,"void ch_est::chEstFilterNoDftSOfdmDispatchKernel<float, __half, float, (unsigned int)2>(ch_est::puschRxChEstStatDescr_t *, ch_est::puschRxChEstDynDescr_t *)"
6666610685,5024,174793,103,1,1,128,1,1,16,0.000,0.000,,,,,NVIDIA A100-SXM4-40GB MIG 4g.20gb (0),1,,13,cupy_copy__complex64_complex64
6666790043,19007,174803,1434,1,1,128,1,1,16,0.000,0.000,,,,,NVIDIA A100-SXM4-40GB MIG 4g.20gb (0),1,,13,cupy_copy__complex64_complex64
6667003704,4832,174810,103,1,1,128,1,1,16,0.000,0.000,,,,,NVIDIA A100-SXM4-40GB MIG 4g.20gb (0),1,,13,cupy_copy__complex64_complex64
6667138455,226941,174817,1,1,1,32,32,1,30,0.000,0.000,,,,,NVIDIA A100-SXM4-40GB MIG 4g.20gb (0),1,,13,"void convert_kernel<__half2, float2>(tensor_layout_any, T1 *, tensor_layout_any, const T2 *)"
6667394164,5728,174820,,,,,,,,,,0.094,16357.541,Pinned,Device,NVIDIA A100-SXM4-40GB MIG 4g.20gb (0),1,,13,[CUDA memcpy Host-to-Device]
6667623217,55200,174821,,,,,,,,,,35.810,648696.701,Device,,NVIDIA A100-SXM4-40GB MIG 4g.20gb (0),1,,13,[CUDA memset]
6667681360,3456,174823,,,,,,,,,,0.000,23.148,Pinned,Device,NVIDIA A100-SXM4-40GB MIG 4g.20gb (0),1,,13,[CUDA memcpy Host-to-Device]
6667687824,10176,174824,,,,,,,,,,0.197,19320.668,Pinned,Device,NVIDIA A100-SXM4-40GB MIG 4g.20gb (0),1,,13,[CUDA memcpy Host-to-Device]
6667924302,13216,174825,273,1,1,48,1,1,40,0.000,0.001,,,,,NVIDIA A100-SXM4-40GB MIG 4g.20gb (0),1,,13,"void pusch_noise_intf_est::noiseIntfEstNoDftSOfdmKernel<float, __half, float, float, (unsigned int)2, (unsigned int)1, (unsigned char)4, (unsigned char)4>(pusch_noise_intf_est::puschRxNoiseIntfEstDynDescr)"
6668119724,7679,174836,35,1,1,128,1,1,16,0.000,0.000,,,,,NVIDIA A100-SXM4-40GB MIG 4g.20gb (0),1,,13,cupy_copy__complex64_complex64
6668327337,3424,174845,1,1,1,1,1,1,18,0.000,0.000,,,,,NVIDIA A100-SXM4-40GB MIG 4g.20gb (0),1,,13,cupy_copy__float32_float32
6668336873,1632,174851,,,,,,,,,,0.000,2.451,Device,Pageable,NVIDIA A100-SXM4-40GB MIG 4g.20gb (0),1,,7,[CUDA memcpy Device-to-Host]
6668609542,16640,174862,1434,1,1,128,1,1,16,0.000,0.000,,,,,NVIDIA A100-SXM4-40GB MIG 4g.20gb (0),1,,13,cupy_copy__complex64_complex64
6668713029,5504,174869,103,1,1,128,1,1,16,0.000,0.000,,,,,NVIDIA A100-SXM4-40GB MIG 4g.20gb (0),1,,13,cupy_copy__complex64_complex64
6668788164,4480,174876,35,1,1,128,1,1,16,0.000,0.000,,,,,NVIDIA A100-SXM4-40GB MIG 4g.20gb (0),1,,13,cupy_copy__complex64_complex64
6668864291,2272,174883,1,1,1,1,1,1,18,0.000,0.000,,,,,NVIDIA A100-SXM4-40GB MIG 4g.20gb (0),1,,13,cupy_copy__float32_float32
6668942466,87775,174894,1,1,1,32,32,1,30,0.000,0.000,,,,,NVIDIA A100-SXM4-40GB MIG 4g.20gb (0),1,,13,"void convert_kernel<__half2, float2>(tensor_layout_any, T1 *, tensor_layout_any, const T2 *)"
6669059745,5440,174897,,,,,,,,,,0.094,17223.480,Pinned,Device,NVIDIA A100-SXM4-40GB MIG 4g.20gb (0),1,,13,[CUDA memcpy Host-to-Device]
6669171584,5760,174898,,,,,,,,,,1.547,268510.939,Device,,NVIDIA A100-SXM4-40GB MIG 4g.20gb (0),1,,13,[CUDA memset]
6669182623,4000,174903,,,,,,,,,,0.031,7824.000,Pinned,Device,NVIDIA A100-SXM4-40GB MIG 4g.20gb (0),1,,13,[CUDA memcpy Host-to-Device]
6669192255,10144,174904,,,,,,,,,,0.197,19381.617,Pinned,Device,NVIDIA A100-SXM4-40GB MIG 4g.20gb (0),1,,13,[CUDA memcpy Host-to-Device]
6669288894,10784,174905,273,1,1,8,4,1,39,0.002,0.000,,,,,NVIDIA A100-SXM4-40GB MIG 4g.20gb (0),1,,13,"void channel_eq::eqMmseCoefCompLowMimoKernel<float, float, float, (unsigned int)4, (unsigned int)1, (unsigned int)4>(const channel_eq::_puschRxChEqStatDescr *, channel_eq::_puschRxChEqCoefCompDynDescr)"
6669404093,9408,174906,273,1,1,12,11,1,51,0.002,0.000,,,,,NVIDIA A100-SXM4-40GB MIG 4g.20gb (0),1,,13,"void channel_eq::eqMmseSoftDemapKernel<float, __half, __half, float, (unsigned int)4, (unsigned short)16383>(channel_eq::_puschRxChEqStatDescr *, channel_eq::_puschRxChEqSoftDemapDynDescr)"
6669481628,330524,174907,1,1,1,32,32,1,30,0.000,0.000,,,,,NVIDIA A100-SXM4-40GB MIG 4g.20gb (0),1,,13,"void convert_kernel<float2, __half2>(tensor_layout_any, T1 *, tensor_layout_any, const T2 *)"
6669849848,12576,174919,2253,1,1,128,1,1,16,0.000,0.000,,,,,NVIDIA A100-SXM4-40GB MIG 4g.20gb (0),1,,13,cupy_copy__float16_float16
6669889016,5183,174928,282,1,1,128,1,1,16,0.000,0.000,,,,,NVIDIA A100-SXM4-40GB MIG 4g.20gb (0),1,,13,cupy_copy__complex64_complex64
6669926199,4992,174937,26,1,1,128,1,1,16,0.000,0.000,,,,,NVIDIA A100-SXM4-40GB MIG 4g.20gb (0),1,,13,cupy_copy__float32_float32
6669961591,7040,174946,103,1,1,128,1,1,16,0.000,0.000,,,,,NVIDIA A100-SXM4-40GB MIG 4g.20gb (0),1,,13,cupy_copy__complex64_complex64
6669997430,14400,174956,1434,1,1,128,1,1,16,0.000,0.000,,,,,NVIDIA A100-SXM4-40GB MIG 4g.20gb (0),1,,13,cupy_copy__complex64_complex64
6670037846,96799,174961,1,1,1,32,32,1,30,0.000,0.000,,,,,NVIDIA A100-SXM4-40GB MIG 4g.20gb (0),1,,13,"void convert_kernel<__half2, float2>(tensor_layout_any, T1 *, tensor_layout_any, const T2 *)"
6670163156,5344,174964,,,,,,,,,,0.094,17532.864,Pinned,Device,NVIDIA A100-SXM4-40GB MIG 4g.20gb (0),1,,13,[CUDA memcpy Host-to-Device]
6670215028,613529,174965,,,,,,,,,,456.561,743738.586,Device,,NVIDIA A100-SXM4-40GB MIG 4g.20gb (0),1,,13,[CUDA memset]
6670832781,66399,174970,,,,,,,,,,1.235,18598.257,Pinned,Device,NVIDIA A100-SXM4-40GB MIG 4g.20gb (0),1,,13,[CUDA memcpy Host-to-Device]
6670901868,9600,174971,,,,,,,,,,0.197,20479.869,Pinned,Device,NVIDIA A100-SXM4-40GB MIG 4g.20gb (0),1,,13,[CUDA memcpy Host-to-Device]
6671066794,11552,174972,69,4,1,48,1,1,76,0.002,0.000,,,,,NVIDIA A100-SXM4-40GB MIG 4g.20gb (0),1,,13,"void ch_est::windowedChEstPreNoDftSOfdmKernel<float, __half, float, (unsigned int)2, (unsigned int)1, (unsigned short)4>(ch_est::puschRxChEstStatDescr_t *, ch_est::puschRxChEstDynDescr_t *)"
6671259464,12768,174973,137,2,1,24,2,1,44,0.001,0.001,,,,,NVIDIA A100-SXM4-40GB MIG 4g.20gb (0),1,,13,"void ch_est::chEstFilterNoDftSOfdmDispatchKernel<float, __half, float, (unsigned int)2>(ch_est::puschRxChEstStatDescr_t *, ch_est::puschRxChEstDynDescr_t *)"
6671331879,6496,174974,137,2,1,24,2,1,44,0.001,0.001,,,,,NVIDIA A100-SXM4-40GB MIG 4g.20gb (0),1,,13,"void ch_est::chEstFilterNoDftSOfdmDispatchKernel<float, __half, float, (unsigned int)2>(ch_est::puschRxChEstStatDescr_t *, ch_est::puschRxChEstDynDescr_t *)"
6671365895,4160,174985,103,1,1,128,1,1,16,0.000,0.000,,,,,NVIDIA A100-SXM4-40GB MIG 4g.20gb (0),1,,13,cupy_copy__complex64_complex64
6671522757,15584,174995,1434,1,1,128,1,1,16,0.000,0.000,,,,,NVIDIA A100-SXM4-40GB MIG 4g.20gb (0),1,,13,cupy_copy__complex64_complex64
6671601796,6976,175002,103,1,1,128,1,1,16,0.000,0.000,,,,,NVIDIA A100-SXM4-40GB MIG 4g.20gb (0),1,,13,cupy_copy__complex64_complex64
6671753474,250238,175009,1,1,1,32,32,1,30,0.000,0.000,,,,,NVIDIA A100-SXM4-40GB MIG 4g.20gb (0),1,,13,"void convert_kernel<__half2, float2>(tensor_layout_any, T1 *, tensor_layout_any, const T2 *)"
6672034367,8928,175012,,,,,,,,,,0.094,10494.608,Pinned,Device,NVIDIA A100-SXM4-40GB MIG 4g.20gb (0),1,,13,[CUDA memcpy Host-to-Device]
6672173374,48703,175013,,,,,,,,,,35.810,735249.277,Device,,NVIDIA A100-SXM4-40GB MIG 4g.20gb (0),1,,13,[CUDA memset]
6672225885,6240,175015,,,,,,,,,,0.000,12.820,Pinned,Device,NVIDIA A100-SXM4-40GB MIG 4g.20gb (0),1,,13,[CUDA memcpy Host-to-Device]
6672235357,13024,175016,,,,,,,,,,0.197,15095.759,Pinned,Device,NVIDIA A100-SXM4-40GB MIG 4g.20gb (0),1,,13,[CUDA memcpy Host-to-Device]
6672414363,36032,175017,273,1,1,48,1,1,40,0.000,0.001,,,,,NVIDIA A100-SXM4-40GB MIG 4g.20gb (0),1,,13,"void pusch_noise_intf_est::noiseIntfEstNoDftSOfdmKernel<float, __half, float, float, (unsigned int)2, (unsigned int)1, (unsigned char)4, (unsigned char)4>(pusch_noise_intf_est::puschRxNoiseIntfEstDynDescr)"
6672673976,7744,175028,35,1,1,128,1,1,16,0.000,0.000,,,,,NVIDIA A100-SXM4-40GB MIG 4g.20gb (0),1,,13,cupy_copy__complex64_complex64
6672852182,3392,175037,1,1,1,1,1,1,18,0.000,0.000,,,,,NVIDIA A100-SXM4-40GB MIG 4g.20gb (0),1,,13,cupy_copy__float32_float32
6672861558,1632,175043,,,,,,,,,,0.000,2.451,Device,Pageable,NVIDIA A100-SXM4-40GB MIG 4g.20gb (0),1,,7,[CUDA memcpy Device-to-Host]
6673121203,16032,175054,1434,1,1,128,1,1,16,0.000,0.000,,,,,NVIDIA A100-SXM4-40GB MIG 4g.20gb (0),1,,13,cupy_copy__complex64_complex64
6673200370,5600,175061,103,1,1,128,1,1,16,0.000,0.000,,,,,NVIDIA A100-SXM4-40GB MIG 4g.20gb (0),1,,13,cupy_copy__complex64_complex64
6673252849,7840,175068,35,1,1,128,1,1,16,0.000,0.000,,,,,NVIDIA A100-SXM4-40GB MIG 4g.20gb (0),1,,13,cupy_copy__complex64_complex64
6673307889,2784,175075,1,1,1,1,1,1,18,0.000,0.000,,,,,NVIDIA A100-SXM4-40GB MIG 4g.20gb (0),1,,13,cupy_copy__float32_float32
6673377008,101151,175086,1,1,1,32,32,1,30,0.000,0.000,,,,,NVIDIA A100-SXM4-40GB MIG 4g.20gb (0),1,,13,"void convert_kernel<__half2, float2>(tensor_layout_any, T1 *, tensor_layout_any, const T2 *)"
6673506607,5439,175089,,,,,,,,,,0.094,17226.665,Pinned,Device,NVIDIA A100-SXM4-40GB MIG 4g.20gb (0),1,,13,[CUDA memcpy Host-to-Device]
6673572174,5376,175090,,,,,,,,,,1.547,287689.077,Device,,NVIDIA A100-SXM4-40GB MIG 4g.20gb (0),1,,13,[CUDA memset]
6673581166,3232,175095,,,,,,,,,,0.031,9683.139,Pinned,Device,NVIDIA A100-SXM4-40GB MIG 4g.20gb (0),1,,13,[CUDA memcpy Host-to-Device]
6673589870,9727,175096,,,,,,,,,,0.197,20212.482,Pinned,Device,NVIDIA A100-SXM4-40GB MIG 4g.20gb (0),1,,13,[CUDA memcpy Host-to-Device]
6673661133,11040,175097,273,1,1,8,4,1,39,0.002,0.000,,,,,NVIDIA A100-SXM4-40GB MIG 4g.20gb (0),1,,13,"void channel_eq::eqMmseCoefCompLowMimoKernel<float, float, float, (unsigned int)4, (unsigned int)1, (unsigned int)4>(const channel_eq::_puschRxChEqStatDescr *, channel_eq::_puschRxChEqCoefCompDynDescr)"
6673750476,10688,175098,273,1,1,12,11,1,51,0.002,0.000,,,,,NVIDIA A100-SXM4-40GB MIG 4g.20gb (0),1,,13,"void channel_eq::eqMmseSoftDemapKernel<float, __half, __half, float, (unsigned int)4, (unsigned short)16383>(channel_eq::_puschRxChEqStatDescr *, channel_eq::_puschRxChEqSoftDemapDynDescr)"
6673823275,360892,175099,1,1,1,32,32,1,30,0.000,0.000,,,,,NVIDIA A100-SXM4-40GB MIG 4g.20gb (0),1,,13,"void convert_kernel<float2, __half2>(tensor_layout_any, T1 *, tensor_layout_any, const T2 *)"
6674230278,14912,175111,2253,1,1,128,1,1,16,0.000,0.000,,,,,NVIDIA A100-SXM4-40GB MIG 4g.20gb (0),1,,13,cupy_copy__float16_float16
6674291654,4640,175120,282,1,1,128,1,1,16,0.000,0.000,,,,,NVIDIA A100-SXM4-40GB MIG 4g.20gb (0),1,,13,cupy_copy__complex64_complex64
6674361285,3168,175129,26,1,1,128,1,1,16,0.000,0.000,,,,,NVIDIA A100-SXM4-40GB MIG 4g.20gb (0),1,,13,cupy_copy__float32_float32
6674413796,7104,175138,103,1,1,128,1,1,16,0.000,0.000,,,,,NVIDIA A100-SXM4-40GB MIG 4g.20gb (0),1,,13,cupy_copy__complex64_complex64
6674588898,18464,175154,1434,1,1,128,1,1,16,0.000,0.000,,,,,NVIDIA A100-SXM4-40GB MIG 4g.20gb (0),1,,13,cupy_copy__complex64_complex64
6674832064,249277,175159,1,1,1,32,32,1,30,0.000,0.000,,,,,NVIDIA A100-SXM4-40GB MIG 4g.20gb (0),1,,13,"void convert_kernel<__half2, float2>(tensor_layout_any, T1 *, tensor_layout_any, const T2 *)"
6675110876,5408,175162,,,,,,,,,,0.094,17325.421,Pinned,Device,NVIDIA A100-SXM4-40GB MIG 4g.20gb (0),1,,13,[CUDA memcpy Host-to-Device]
6675182524,609529,175163,,,,,,,,,,456.561,748760.762,Device,,NVIDIA A100-SXM4-40GB MIG 4g.20gb (0),1,,13,[CUDA memset]
6675796181,63423,175168,,,,,,,,,,1.235,19471.362,Pinned,Device,NVIDIA A100-SXM4-40GB MIG 4g.20gb (0),1,,13,[CUDA memcpy Host-to-Device]
6675862356,19488,175169,,,,,,,,,,0.197,10088.546,Pinned,Device,NVIDIA A100-SXM4-40GB MIG 4g.20gb (0),1,,13,[CUDA memcpy Host-to-Device]
6676112593,15744,175170,69,4,1,48,1,1,76,0.002,0.000,,,,,NVIDIA A100-SXM4-40GB MIG 4g.20gb (0),1,,13,"void ch_est::windowedChEstPreNoDftSOfdmKernel<float, __half, float, (unsigned int)2, (unsigned int)1, (unsigned short)4>(ch_est::puschRxChEstStatDescr_t *, ch_est::puschRxChEstDynDescr_t *)"
6676385550,12256,175171,137,2,1,24,2,1,44,0.001,0.001,,,,,NVIDIA A100-SXM4-40GB MIG 4g.20gb (0),1,,13,"void ch_est::chEstFilterNoDftSOfdmDispatchKernel<float, __half, float, (unsigned int)2>(ch_est::puschRxChEstStatDescr_t *, ch_est::puschRxChEstDynDescr_t *)"
6676663467,13920,175172,137,2,1,24,2,1,44,0.001,0.001,,,,,NVIDIA A100-SXM4-40GB MIG 4g.20gb (0),1,,13,"void ch_est::chEstFilterNoDftSOfdmDispatchKernel<float, __half, float, (unsigned int)2>(ch_est::puschRxChEstStatDescr_t *, ch_est::puschRxChEstDynDescr_t *)"
6676936424,5152,175183,103,1,1,128,1,1,16,0.000,0.000,,,,,NVIDIA A100-SXM4-40GB MIG 4g.20gb (0),1,,13,cupy_copy__complex64_complex64
6677181381,15392,175193,1434,1,1,128,1,1,16,0.000,0.000,,,,,NVIDIA A100-SXM4-40GB MIG 4g.20gb (0),1,,13,cupy_copy__complex64_complex64
6677415970,3872,175200,103,1,1,128,1,1,16,0.000,0.000,,,,,NVIDIA A100-SXM4-40GB MIG 4g.20gb (0),1,,13,cupy_copy__complex64_complex64
6677647424,261053,175207,1,1,1,32,32,1,30,0.000,0.000,,,,,NVIDIA A100-SXM4-40GB MIG 4g.20gb (0),1,,13,"void convert_kernel<__half2, float2>(tensor_layout_any, T1 *, tensor_layout_any, const T2 *)"
6677939580,5536,175210,,,,,,,,,,0.094,16924.777,Pinned,Device,NVIDIA A100-SXM4-40GB MIG 4g.20gb (0),1,,13,[CUDA memcpy Host-to-Device]
6677998748,49791,175211,,,,,,,,,,35.810,719170.623,Device,,NVIDIA A100-SXM4-40GB MIG 4g.20gb (0),1,,13,[CUDA memset]
6678049275,1824,175213,,,,,,,,,,0.000,43.860,Pinned,Device,NVIDIA A100-SXM4-40GB MIG 4g.20gb (0),1,,13,[CUDA memcpy Host-to-Device]
6678053819,9600,175214,,,,,,,,,,0.197,20479.869,Pinned,Device,NVIDIA A100-SXM4-40GB MIG 4g.20gb (0),1,,13,[CUDA memcpy Host-to-Device]
6678132378,16352,175215,273,1,1,48,1,1,40,0.000,0.001,,,,,NVIDIA A100-SXM4-40GB MIG 4g.20gb (0),1,,13,"void pusch_noise_intf_est::noiseIntfEstNoDftSOfdmKernel<float, __half, float, float, (unsigned int)2, (unsigned int)1, (unsigned char)4, (unsigned char)4>(pusch_noise_intf_est::puschRxNoiseIntfEstDynDescr)"
6678225305,4224,175226,35,1,1,128,1,1,16,0.000,0.000,,,,,NVIDIA A100-SXM4-40GB MIG 4g.20gb (0),1,,13,cupy_copy__complex64_complex64
6678294680,2048,175235,1,1,1,1,1,1,18,0.000,0.000,,,,,NVIDIA A100-SXM4-40GB MIG 4g.20gb (0),1,,13,cupy_copy__float32_float32
6678298904,1760,175241,,,,,,,,,,0.000,2.273,Device,Pageable,NVIDIA A100-SXM4-40GB MIG 4g.20gb (0),1,,7,[CUDA memcpy Device-to-Host]
6678401815,14592,175252,1434,1,1,128,1,1,16,0.000,0.000,,,,,NVIDIA A100-SXM4-40GB MIG 4g.20gb (0),1,,13,cupy_copy__complex64_complex64
6678479158,5696,175259,103,1,1,128,1,1,16,0.000,0.000,,,,,NVIDIA A100-SXM4-40GB MIG 4g.20gb (0),1,,13,cupy_copy__complex64_complex64
6678531478,7424,175266,35,1,1,128,1,1,16,0.000,0.000,,,,,NVIDIA A100-SXM4-40GB MIG 4g.20gb (0),1,,13,cupy_copy__complex64_complex64
6678585973,2176,175273,1,1,1,1,1,1,18,0.000,0.000,,,,,NVIDIA A100-SXM4-40GB MIG 4g.20gb (0),1,,13,cupy_copy__float32_float32
6678655188,97727,175284,1,1,1,32,32,1,30,0.000,0.000,,,,,NVIDIA A100-SXM4-40GB MIG 4g.20gb (0),1,,13,"void convert_kernel<__half2, float2>(tensor_layout_any, T1 *, tensor_layout_any, const T2 *)"
6678781907,5536,175287,,,,,,,,,,0.094,16924.777,Pinned,Device,NVIDIA A100-SXM4-40GB MIG 4g.20gb (0),1,,13,[CUDA memcpy Host-to-Device]
6678850930,5152,175288,,,,,,,,,,1.547,300198.172,Device,,NVIDIA A100-SXM4-40GB MIG 4g.20gb (0),1,,13,[CUDA memset]
6678864466,3104,175293,,,,,,,,,,0.031,10082.445,Pinned,Device,NVIDIA A100-SXM4-40GB MIG 4g.20gb (0),1,,13,[CUDA memcpy Host-to-Device]
6678869970,9504,175294,,,,,,,,,,0.197,20686.701,Pinned,Device,NVIDIA A100-SXM4-40GB MIG 4g.20gb (0),1,,13,[CUDA memcpy Host-to-Device]
6678939985,9952,175295,273,1,1,8,4,1,39,0.002,0.000,,,,,NVIDIA A100-SXM4-40GB MIG 4g.20gb (0),1,,13,"void channel_eq::eqMmseCoefCompLowMimoKernel<float, float, float, (unsigned int)4, (unsigned int)1, (unsigned int)4>(const channel_eq::_puschRxChEqStatDescr *, channel_eq::_puschRxChEqCoefCompDynDescr)"
6679010256,10016,175296,273,1,1,12,11,1,51,0.002,0.000,,,,,NVIDIA A100-SXM4-40GB MIG 4g.20gb (0),1,,13,"void channel_eq::eqMmseSoftDemapKernel<float, __half, __half, float, (unsigned int)4, (unsigned short)16383>(channel_eq::_puschRxChEqStatDescr *, channel_eq::_puschRxChEqSoftDemapDynDescr)"
6679064112,351132,175297,1,1,1,32,32,1,30,0.000,0.000,,,,,NVIDIA A100-SXM4-40GB MIG 4g.20gb (0),1,,13,"void convert_kernel<float2, __half2>(tensor_layout_any, T1 *, tensor_layout_any, const T2 *)"
6679474443,12864,175309,2253,1,1,128,1,1,16,0.000,0.000,,,,,NVIDIA A100-SXM4-40GB MIG 4g.20gb (0),1,,13,cupy_copy__float16_float16
6679621961,6304,175318,282,1,1,128,1,1,16,0.000,0.000,,,,,NVIDIA A100-SXM4-40GB MIG 4g.20gb (0),1,,13,cupy_copy__complex64_complex64
6679817447,4768,175327,26,1,1,128,1,1,16,0.000,0.000,,,,,NVIDIA A100-SXM4-40GB MIG 4g.20gb (0),1,,13,cupy_copy__float32_float32
6679982917,16192,175336,103,1,1,128,1,1,16,0.000,0.000,,,,,NVIDIA A100-SXM4-40GB MIG 4g.20gb (0),1,,13,cupy_copy__complex64_complex64
6680076100,18240,175346,1434,1,1,128,1,1,16,0.000,0.000,,,,,NVIDIA A100-SXM4-40GB MIG 4g.20gb (0),1,,13,cupy_copy__complex64_complex64
6680337569,231934,175351,1,1,1,32,32,1,30,0.000,0.000,,,,,NVIDIA A100-SXM4-40GB MIG 4g.20gb (0),1,,13,"void convert_kernel<__half2, float2>(tensor_layout_any, T1 *, tensor_layout_any, const T2 *)"
6680609150,6240,175354,,,,,,,,,,0.094,15015.346,Pinned,Device,NVIDIA A100-SXM4-40GB MIG 4g.20gb (0),1,,13,[CUDA memcpy Host-to-Device]
6680912635,618969,175355,,,,,,,,,,456.561,737346.726,Device,,NVIDIA A100-SXM4-40GB MIG 4g.20gb (0),1,,13,[CUDA memset]
6681538804,63199,175360,,,,,,,,,,1.235,19540.519,Pinned,Device,NVIDIA A100-SXM4-40GB MIG 4g.20gb (0),1,,13,[CUDA memcpy Host-to-Device]
6681604467,13120,175361,,,,,,,,,,0.197,14985.265,Pinned,Device,NVIDIA A100-SXM4-40GB MIG 4g.20gb (0),1,,13,[CUDA memcpy Host-to-Device]
6681896720,10463,175362,69,4,1,48,1,1,76,0.002,0.000,,,,,NVIDIA A100-SXM4-40GB MIG 4g.20gb (0),1,,13,"void ch_est::windowedChEstPreNoDftSOfdmKernel<float, __half, float, (unsigned int)2, (unsigned int)1, (unsigned short)4>(ch_est::puschRxChEstStatDescr_t *, ch_est::puschRxChEstDynDescr_t *)"
6682255628,8927,175363,137,2,1,24,2,1,44,0.001,0.001,,,,,NVIDIA A100-SXM4-40GB MIG 4g.20gb (0),1,,13,"void ch_est::chEstFilterNoDftSOfdmDispatchKernel<float, __half, float, (unsigned int)2>(ch_est::puschRxChEstStatDescr_t *, ch_est::puschRxChEstDynDescr_t *)"
6682586184,25919,175364,137,2,1,24,2,1,44,0.001,0.001,,,,,NVIDIA A100-SXM4-40GB MIG 4g.20gb (0),1,,13,"void ch_est::chEstFilterNoDftSOfdmDispatchKernel<float, __half, float, (unsigned int)2>(ch_est::puschRxChEstStatDescr_t *, ch_est::puschRxChEstDynDescr_t *)"
6682829989,6656,175375,103,1,1,128,1,1,16,0.000,0.000,,,,,NVIDIA A100-SXM4-40GB MIG 4g.20gb (0),1,,13,cupy_copy__complex64_complex64
6683075490,18912,175385,1434,1,1,128,1,1,16,0.000,0.000,,,,,NVIDIA A100-SXM4-40GB MIG 4g.20gb (0),1,,13,cupy_copy__complex64_complex64
6683415070,4832,175392,103,1,1,128,1,1,16,0.000,0.000,,,,,NVIDIA A100-SXM4-40GB MIG 4g.20gb (0),1,,13,cupy_copy__complex64_complex64
6683768666,243646,175399,1,1,1,32,32,1,30,0.000,0.000,,,,,NVIDIA A100-SXM4-40GB MIG 4g.20gb (0),1,,13,"void convert_kernel<__half2, float2>(tensor_layout_any, T1 *, tensor_layout_any, const T2 *)"
6684042455,5472,175402,,,,,,,,,,0.094,17122.757,Pinned,Device,NVIDIA A100-SXM4-40GB MIG 4g.20gb (0),1,,13,[CUDA memcpy Host-to-Device]
6684342516,51999,175403,,,,,,,,,,35.810,688660.572,Device,,NVIDIA A100-SXM4-40GB MIG 4g.20gb (0),1,,13,[CUDA memset]
6684399123,1856,175405,,,,,,,,,,0.000,43.103,Pinned,Device,NVIDIA A100-SXM4-40GB MIG 4g.20gb (0),1,,13,[CUDA memcpy Host-to-Device]
6684403475,9504,175406,,,,,,,,,,0.197,20686.701,Pinned,Device,NVIDIA A100-SXM4-40GB MIG 4g.20gb (0),1,,13,[CUDA memcpy Host-to-Device]
6684768239,15232,175407,273,1,1,48,1,1,40,0.000,0.001,,,,,NVIDIA A100-SXM4-40GB MIG 4g.20gb (0),1,,13,"void pusch_noise_intf_est::noiseIntfEstNoDftSOfdmKernel<float, __half, float, float, (unsigned int)2, (unsigned int)1, (unsigned char)4, (unsigned char)4>(pusch_noise_intf_est::puschRxNoiseIntfEstDynDescr)"
6685011628,4064,175418,35,1,1,128,1,1,16,0.000,0.000,,,,,NVIDIA A100-SXM4-40GB MIG 4g.20gb (0),1,,13,cupy_copy__complex64_complex64
6685184618,2432,175427,1,1,1,1,1,1,18,0.000,0.000,,,,,NVIDIA A100-SXM4-40GB MIG 4g.20gb (0),1,,13,cupy_copy__float32_float32
6685187818,1824,175433,,,,,,,,,,0.000,2.193,Device,Pageable,NVIDIA A100-SXM4-40GB MIG 4g.20gb (0),1,,7,[CUDA memcpy Device-to-Host]
6685421832,18271,175444,1434,1,1,128,1,1,16,0.000,0.000,,,,,NVIDIA A100-SXM4-40GB MIG 4g.20gb (0),1,,13,cupy_copy__complex64_complex64
6685610694,3999,175451,103,1,1,128,1,1,16,0.000,0.000,,,,,NVIDIA A100-SXM4-40GB MIG 4g.20gb (0),1,,13,cupy_copy__complex64_complex64
6685797315,6976,175458,35,1,1,128,1,1,16,0.000,0.000,,,,,NVIDIA A100-SXM4-40GB MIG 4g.20gb (0),1,,13,cupy_copy__complex64_complex64
6685960162,2208,175465,1,1,1,1,1,1,18,0.000,0.000,,,,,NVIDIA A100-SXM4-40GB MIG 4g.20gb (0),1,,13,cupy_copy__float32_float32
6686052577,184221,175476,1,1,1,32,32,1,30,0.000,0.000,,,,,NVIDIA A100-SXM4-40GB MIG 4g.20gb (0),1,,13,"void convert_kernel<__half2, float2>(tensor_layout_any, T1 *, tensor_layout_any, const T2 *)"
6686266238,5984,175479,,,,,,,,,,0.094,15657.726,Pinned,Device,NVIDIA A100-SXM4-40GB MIG 4g.20gb (0),1,,13,[CUDA memcpy Host-to-Device]
6686461116,5728,175480,,,,,,,,,,1.547,270011.165,Device,,NVIDIA A100-SXM4-40GB MIG 4g.20gb (0),1,,13,[CUDA memset]
6686471580,3040,175485,,,,,,,,,,0.031,10294.725,Pinned,Device,NVIDIA A100-SXM4-40GB MIG 4g.20gb (0),1,,13,[CUDA memcpy Host-to-Device]
6686477436,9792,175486,,,,,,,,,,0.197,20078.395,Pinned,Device,NVIDIA A100-SXM4-40GB MIG 4g.20gb (0),1,,13,[CUDA memcpy Host-to-Device]
6686667034,14367,175487,273,1,1,8,4,1,39,0.002,0.000,,,,,NVIDIA A100-SXM4-40GB MIG 4g.20gb (0),1,,13,"void channel_eq::eqMmseCoefCompLowMimoKernel<float, float, float, (unsigned int)4, (unsigned int)1, (unsigned int)4>(const channel_eq::_puschRxChEqStatDescr *, channel_eq::_puschRxChEqCoefCompDynDescr)"
6686845880,10975,175488,273,1,1,12,11,1,51,0.002,0.000,,,,,NVIDIA A100-SXM4-40GB MIG 4g.20gb (0),1,,13,"void channel_eq::eqMmseSoftDemapKernel<float, __half, __half, float, (unsigned int)4, (unsigned short)16383>(channel_eq::_puschRxChEqStatDescr *, channel_eq::_puschRxChEqSoftDemapDynDescr)"
6687054965,381148,175489,1,1,1,32,32,1,30,0.000,0.000,,,,,NVIDIA A100-SXM4-40GB MIG 4g.20gb (0),1,,13,"void convert_kernel<float2, __half2>(tensor_layout_any, T1 *, tensor_layout_any, const T2 *)"
6687610191,17696,175501,2253,1,1,128,1,1,16,0.000,0.000,,,,,NVIDIA A100-SXM4-40GB MIG 4g.20gb (0),1,,13,cupy_copy__float16_float16
6687708430,6112,175510,282,1,1,128,1,1,16,0.000,0.000,,,,,NVIDIA A100-SXM4-40GB MIG 4g.20gb (0),1,,13,cupy_copy__complex64_complex64
6687969515,4576,175519,26,1,1,128,1,1,16,0.000,0.000,,,,,NVIDIA A100-SXM4-40GB MIG 4g.20gb (0),1,,13,cupy_copy__float32_float32
6688274119,7360,175528,103,1,1,128,1,1,16,0.000,0.000,,,,,NVIDIA A100-SXM4-40GB MIG 4g.20gb (0),1,,13,cupy_copy__complex64_complex64
6688555652,20352,175538,1434,1,1,128,1,1,16,0.000,0.000,,,,,NVIDIA A100-SXM4-40GB MIG 4g.20gb (0),1,,13,cupy_copy__complex64_complex64
6688741954,241821,175543,1,1,1,32,32,1,30,0.000,0.000,,,,,NVIDIA A100-SXM4-40GB MIG 4g.20gb (0),1,,13,"void convert_kernel<__half2, float2>(tensor_layout_any, T1 *, tensor_layout_any, const T2 *)"
6689013791,15456,175546,,,,,,,,,,0.094,6062.038,Pinned,Device,NVIDIA A100-SXM4-40GB MIG 4g.20gb (0),1,,13,[CUDA memcpy Host-to-Device]
6689311484,619257,175547,,,,,,,,,,456.561,736890.164,Device,,NVIDIA A100-SXM4-40GB MIG 4g.20gb (0),1,,13,[CUDA memset]
6689933045,74175,175552,,,,,,,,,,1.235,16648.280,Pinned,Device,NVIDIA A100-SXM4-40GB MIG 4g.20gb (0),1,,13,[CUDA memcpy Host-to-Device]
6690014100,14208,175553,,,,,,,,,,0.197,13837.664,Pinned,Device,NVIDIA A100-SXM4-40GB MIG 4g.20gb (0),1,,13,[CUDA memcpy Host-to-Device]
6690259729,11296,175554,69,4,1,48,1,1,76,0.002,0.000,,,,,NVIDIA A100-SXM4-40GB MIG 4g.20gb (0),1,,13,"void ch_est::windowedChEstPreNoDftSOfdmKernel<float, __half, float, (unsigned int)2, (unsigned int)1, (unsigned short)4>(ch_est::puschRxChEstStatDescr_t *, ch_est::puschRxChEstDynDescr_t *)"
6690556334,13503,175555,137,2,1,24,2,1,44,0.001,0.001,,,,,NVIDIA A100-SXM4-40GB MIG 4g.20gb (0),1,,13,"void ch_est::chEstFilterNoDftSOfdmDispatchKernel<float, __half, float, (unsigned int)2>(ch_est::puschRxChEstStatDescr_t *, ch_est::puschRxChEstDynDescr_t *)"
6690887370,12832,175556,137,2,1,24,2,1,44,0.001,0.001,,,,,NVIDIA A100-SXM4-40GB MIG 4g.20gb (0),1,,13,"void ch_est::chEstFilterNoDftSOfdmDispatchKernel<float, __half, float, (unsigned int)2>(ch_est::puschRxChEstStatDescr_t *, ch_est::puschRxChEstDynDescr_t *)"
6691218822,4736,175567,103,1,1,128,1,1,16,0.000,0.000,,,,,NVIDIA A100-SXM4-40GB MIG 4g.20gb (0),1,,13,cupy_copy__complex64_complex64
6691522275,15583,175577,1434,1,1,128,1,1,16,0.000,0.000,,,,,NVIDIA A100-SXM4-40GB MIG 4g.20gb (0),1,,13,cupy_copy__complex64_complex64
6691811839,5600,175584,103,1,1,128,1,1,16,0.000,0.000,,,,,NVIDIA A100-SXM4-40GB MIG 4g.20gb (0),1,,13,cupy_copy__complex64_complex64
6691921054,229565,175591,1,1,1,32,32,1,30,0.000,0.000,,,,,NVIDIA A100-SXM4-40GB MIG 4g.20gb (0),1,,13,"void convert_kernel<__half2, float2>(tensor_layout_any, T1 *, tensor_layout_any, const T2 *)"
6692181019,5600,175594,,,,,,,,,,0.094,16731.388,Pinned,Device,NVIDIA A100-SXM4-40GB MIG 4g.20gb (0),1,,13,[CUDA memcpy Host-to-Device]
6692333337,56672,175595,,,,,,,,,,35.810,631866.038,Device,,NVIDIA A100-SXM4-40GB MIG 4g.20gb (0),1,,13,[CUDA memset]
6692394425,5760,175597,,,,,,,,,,0.000,13.889,Pinned,Device,NVIDIA A100-SXM4-40GB MIG 4g.20gb (0),1,,13,[CUDA memcpy Host-to-Device]
6692402841,9536,175598,,,,,,,,,,0.197,20617.298,Pinned,Device,NVIDIA A100-SXM4-40GB MIG 4g.20gb (0),1,,13,[CUDA memcpy Host-to-Device]
6692625878,11840,175599,273,1,1,48,1,1,40,0.000,0.001,,,,,NVIDIA A100-SXM4-40GB MIG 4g.20gb (0),1,,13,"void pusch_noise_intf_est::noiseIntfEstNoDftSOfdmKernel<float, __half, float, float, (unsigned int)2, (unsigned int)1, (unsigned char)4, (unsigned char)4>(pusch_noise_intf_est::puschRxNoiseIntfEstDynDescr)"
6692813716,4608,175610,35,1,1,128,1,1,16,0.000,0.000,,,,,NVIDIA A100-SXM4-40GB MIG 4g.20gb (0),1,,13,cupy_copy__complex64_complex64
6692999378,2112,175619,1,1,1,1,1,1,18,0.000,0.000,,,,,NVIDIA A100-SXM4-40GB MIG 4g.20gb (0),1,,13,cupy_copy__float32_float32
6693007826,1728,175625,,,,,,,,,,0.000,2.315,Device,Pageable,NVIDIA A100-SXM4-40GB MIG 4g.20gb (0),1,,7,[CUDA memcpy Device-to-Host]
6693254255,18112,175636,1434,1,1,128,1,1,16,0.000,0.000,,,,,NVIDIA A100-SXM4-40GB MIG 4g.20gb (0),1,,13,cupy_copy__complex64_complex64
6693442061,5536,175643,103,1,1,128,1,1,16,0.000,0.000,,,,,NVIDIA A100-SXM4-40GB MIG 4g.20gb (0),1,,13,cupy_copy__complex64_complex64
6693628971,7680,175650,35,1,1,128,1,1,16,0.000,0.000,,,,,NVIDIA A100-SXM4-40GB MIG 4g.20gb (0),1,,13,cupy_copy__complex64_complex64
6693792489,2336,175657,1,1,1,1,1,1,18,0.000,0.000,,,,,NVIDIA A100-SXM4-40GB MIG 4g.20gb (0),1,,13,cupy_copy__float32_float32
6693885672,197118,175668,1,1,1,32,32,1,30,0.000,0.000,,,,,NVIDIA A100-SXM4-40GB MIG 4g.20gb (0),1,,13,"void convert_kernel<__half2, float2>(tensor_layout_any, T1 *, tensor_layout_any, const T2 *)"
6694116005,14272,175671,,,,,,,,,,0.094,6564.998,Pinned,Device,NVIDIA A100-SXM4-40GB MIG 4g.20gb (0),1,,13,[CUDA memcpy Host-to-Device]
6694390946,5760,175672,,,,,,,,,,1.547,268510.939,Device,,NVIDIA A100-SXM4-40GB MIG 4g.20gb (0),1,,13,[CUDA memset]
6694401986,7200,175677,,,,,,,,,,0.031,4346.639,Pinned,Device,NVIDIA A100-SXM4-40GB MIG 4g.20gb (0),1,,13,[CUDA memcpy Host-to-Device]
6694411650,13920,175678,,,,,,,,,,0.197,14124.122,Pinned,Device,NVIDIA A100-SXM4-40GB MIG 4g.20gb (0),1,,13,[CUDA memcpy Host-to-Device]
6694762430,9984,175679,273,1,1,8,4,1,39,0.002,0.000,,,,,NVIDIA A100-SXM4-40GB MIG 4g.20gb (0),1,,13,"void channel_eq::eqMmseCoefCompLowMimoKernel<float, float, float, (unsigned int)4, (unsigned int)1, (unsigned int)4>(const channel_eq::_puschRxChEqStatDescr *, channel_eq::_puschRxChEqCoefCompDynDescr)"
6695092154,11232,175680,273,1,1,12,11,1,51,0.002,0.000,,,,,NVIDIA A100-SXM4-40GB MIG 4g.20gb (0),1,,13,"void channel_eq::eqMmseSoftDemapKernel<float, __half, __half, float, (unsigned int)4, (unsigned short)16383>(channel_eq::_puschRxChEqStatDescr *, channel_eq::_puschRxChEqSoftDemapDynDescr)"
6695454422,670073,175681,1,1,1,32,32,1,30,0.000,0.000,,,,,NVIDIA A100-SXM4-40GB MIG 4g.20gb (0),1,,13,"void convert_kernel<float2, __half2>(tensor_layout_any, T1 *, tensor_layout_any, const T2 *)"
6696458187,18272,175693,2253,1,1,128,1,1,16,0.000,0.000,,,,,NVIDIA A100-SXM4-40GB MIG 4g.20gb (0),1,,13,cupy_copy__float16_float16
6696691112,5920,175702,282,1,1,128,1,1,16,0.000,0.000,,,,,NVIDIA A100-SXM4-40GB MIG 4g.20gb (0),1,,13,cupy_copy__complex64_complex64
6696935237,3392,175711,26,1,1,128,1,1,16,0.000,0.000,,,,,NVIDIA A100-SXM4-40GB MIG 4g.20gb (0),1,,13,cupy_copy__float32_float32
6697258146,7840,175720,103,1,1,128,1,1,16,0.000,0.000,,,,,NVIDIA A100-SXM4-40GB MIG 4g.20gb (0),1,,13,cupy_copy__complex64_complex64
6697599614,16160,175730,1434,1,1,128,1,1,16,0.000,0.000,,,,,NVIDIA A100-SXM4-40GB MIG 4g.20gb (0),1,,13,cupy_copy__complex64_complex64
6697925626,224446,175735,1,1,1,32,32,1,30,0.000,0.000,,,,,NVIDIA A100-SXM4-40GB MIG 4g.20gb (0),1,,13,"void convert_kernel<__half2, float2>(tensor_layout_any, T1 *, tensor_layout_any, const T2 *)"
6698181463,5472,175738,,,,,,,,,,0.094,17122.757,Pinned,Device,NVIDIA A100-SXM4-40GB MIG 4g.20gb (0),1,,13,[CUDA memcpy Host-to-Device]
6698348789,620409,175739,,,,,,,,,,456.561,735520.480,Device,,NVIDIA A100-SXM4-40GB MIG 4g.20gb (0),1,,13,[CUDA memset]
6698975982,54752,175744,,,,,,,,,,1.235,22555.017,Pinned,Device,NVIDIA A100-SXM4-40GB MIG 4g.20gb (0),1,,13,[CUDA memcpy Host-to-Device]
6699033390,9727,175745,,,,,,,,,,0.197,20212.482,Pinned,Device,NVIDIA A100-SXM4-40GB MIG 4g.20gb (0),1,,13,[CUDA memcpy Host-to-Device]
6699310538,12864,175746,69,4,1,48,1,1,76,0.002,0.000,,,,,NVIDIA A100-SXM4-40GB MIG 4g.20gb (0),1,,13,"void ch_est::windowedChEstPreNoDftSOfdmKernel<float, __half, float, (unsigned int)2, (unsigned int)1, (unsigned short)4>(ch_est::puschRxChEstStatDescr_t *, ch_est::puschRxChEstDynDescr_t *)"
6699547592,12864,175747,137,2,1,24,2,1,44,0.001,0.001,,,,,NVIDIA A100-SXM4-40GB MIG 4g.20gb (0),1,,13,"void ch_est::chEstFilterNoDftSOfdmDispatchKernel<float, __half, float, (unsigned int)2>(ch_est::puschRxChEstStatDescr_t *, ch_est::puschRxChEstDynDescr_t *)"
6699765893,10496,175748,137,2,1,24,2,1,44,0.001,0.001,,,,,NVIDIA A100-SXM4-40GB MIG 4g.20gb (0),1,,13,"void ch_est::chEstFilterNoDftSOfdmDispatchKernel<float, __half, float, (unsigned int)2>(ch_est::puschRxChEstStatDescr_t *, ch_est::puschRxChEstDynDescr_t *)"
6700093090,7488,175759,103,1,1,128,1,1,16,0.000,0.000,,,,,NVIDIA A100-SXM4-40GB MIG 4g.20gb (0),1,,13,cupy_copy__complex64_complex64
6700351903,21247,175769,1434,1,1,128,1,1,16,0.000,0.000,,,,,NVIDIA A100-SXM4-40GB MIG 4g.20gb (0),1,,13,cupy_copy__complex64_complex64
6700776218,16064,175776,103,1,1,128,1,1,16,0.000,0.000,,,,,NVIDIA A100-SXM4-40GB MIG 4g.20gb (0),1,,13,cupy_copy__complex64_complex64
6701197525,251389,175783,1,1,1,32,32,1,30,0.000,0.000,,,,,NVIDIA A100-SXM4-40GB MIG 4g.20gb (0),1,,13,"void convert_kernel<__half2, float2>(tensor_layout_any, T1 *, tensor_layout_any, const T2 *)"
6701478834,9728,175786,,,,,,,,,,0.094,9631.574,Pinned,Device,NVIDIA A100-SXM4-40GB MIG 4g.20gb (0),1,,13,[CUDA memcpy Host-to-Device]
6701927565,54111,175787,,,,,,,,,,35.810,661767.322,Device,,NVIDIA A100-SXM4-40GB MIG 4g.20gb (0),1,,13,[CUDA memset]
6701984076,6912,175789,,,,,,,,,,0.000,11.574,Pinned,Device,NVIDIA A100-SXM4-40GB MIG 4g.20gb (0),1,,13,[CUDA memcpy Host-to-Device]
6701993516,9664,175790,,,,,,,,,,0.197,20344.209,Pinned,Device,NVIDIA A100-SXM4-40GB MIG 4g.20gb (0),1,,13,[CUDA memcpy Host-to-Device]
6702535910,14240,175791,273,1,1,48,1,1,40,0.000,0.001,,,,,NVIDIA A100-SXM4-40GB MIG 4g.20gb (0),1,,13,"void pusch_noise_intf_est::noiseIntfEstNoDftSOfdmKernel<float, __half, float, float, (unsigned int)2, (unsigned int)1, (unsigned char)4, (unsigned char)4>(pusch_noise_intf_est::puschRxNoiseIntfEstDynDescr)"
6703092704,4544,175802,35,1,1,128,1,1,16,0.000,0.000,,,,,NVIDIA A100-SXM4-40GB MIG 4g.20gb (0),1,,13,cupy_copy__complex64_complex64
6703603482,3616,175811,1,1,1,1,1,1,18,0.000,0.000,,,,,NVIDIA A100-SXM4-40GB MIG 4g.20gb (0),1,,13,cupy_copy__float32_float32
6703614266,1728,175817,,,,,,,,,,0.000,2.315,Device,Pageable,NVIDIA A100-SXM4-40GB MIG 4g.20gb (0),1,,7,[CUDA memcpy Device-to-Host]
6704204307,16928,175828,1434,1,1,128,1,1,16,0.000,0.000,,,,,NVIDIA A100-SXM4-40GB MIG 4g.20gb (0),1,,13,cupy_copy__complex64_complex64
6704557743,6112,175835,103,1,1,128,1,1,16,0.000,0.000,,,,,NVIDIA A100-SXM4-40GB MIG 4g.20gb (0),1,,13,cupy_copy__complex64_complex64
6704814764,4320,175842,35,1,1,128,1,1,16,0.000,0.000,,,,,NVIDIA A100-SXM4-40GB MIG 4g.20gb (0),1,,13,cupy_copy__complex64_complex64
6705186376,4000,175849,1,1,1,1,1,1,18,0.000,0.000,,,,,NVIDIA A100-SXM4-40GB MIG 4g.20gb (0),1,,13,cupy_copy__float32_float32
6705425445,267773,175860,1,1,1,32,32,1,30,0.000,0.000,,,,,NVIDIA A100-SXM4-40GB MIG 4g.20gb (0),1,,13,"void convert_kernel<__half2, float2>(tensor_layout_any, T1 *, tensor_layout_any, const T2 *)"
6705723874,5632,175863,,,,,,,,,,0.094,16636.287,Pinned,Device,NVIDIA A100-SXM4-40GB MIG 4g.20gb (0),1,,13,[CUDA memcpy Host-to-Device]
6705843136,5408,175864,,,,,,,,,,1.547,285987.790,Device,,NVIDIA A100-SXM4-40GB MIG 4g.20gb (0),1,,13,[CUDA memset]
6705855808,3392,175869,,,,,,,,,,0.031,9226.405,Pinned,Device,NVIDIA A100-SXM4-40GB MIG 4g.20gb (0),1,,13,[CUDA memcpy Host-to-Device]
6705864672,9536,175870,,,,,,,,,,0.197,20617.298,Pinned,Device,NVIDIA A100-SXM4-40GB MIG 4g.20gb (0),1,,13,[CUDA memcpy Host-to-Device]
6706052030,14080,175871,273,1,1,8,4,1,39,0.002,0.000,,,,,NVIDIA A100-SXM4-40GB MIG 4g.20gb (0),1,,13,"void channel_eq::eqMmseCoefCompLowMimoKernel<float, float, float, (unsigned int)4, (unsigned int)1, (unsigned int)4>(const channel_eq::_puschRxChEqStatDescr *, channel_eq::_puschRxChEqCoefCompDynDescr)"
6706233596,11712,175872,273,1,1,12,11,1,51,0.002,0.000,,,,,NVIDIA A100-SXM4-40GB MIG 4g.20gb (0),1,,13,"void channel_eq::eqMmseSoftDemapKernel<float, __half, __half, float, (unsigned int)4, (unsigned short)16383>(channel_eq::_puschRxChEqStatDescr *, channel_eq::_puschRxChEqSoftDemapDynDescr)"
6706443226,393787,175873,1,1,1,32,32,1,30,0.000,0.000,,,,,NVIDIA A100-SXM4-40GB MIG 4g.20gb (0),1,,13,"void convert_kernel<float2, __half2>(tensor_layout_any, T1 *, tensor_layout_any, const T2 *)"
6706998963,17824,175885,2253,1,1,128,1,1,16,0.000,0.000,,,,,NVIDIA A100-SXM4-40GB MIG 4g.20gb (0),1,,13,cupy_copy__float16_float16
6707097554,5120,175894,282,1,1,128,1,1,16,0.000,0.000,,,,,NVIDIA A100-SXM4-40GB MIG 4g.20gb (0),1,,13,cupy_copy__complex64_complex64
6707269584,3360,175903,26,1,1,128,1,1,16,0.000,0.000,,,,,NVIDIA A100-SXM4-40GB MIG 4g.20gb (0),1,,13,cupy_copy__float32_float32
6707456398,8448,175912,103,1,1,128,1,1,16,0.000,0.000,,,,,NVIDIA A100-SXM4-40GB MIG 4g.20gb (0),1,,13,cupy_copy__complex64_complex64
6707701035,20256,175922,1434,1,1,128,1,1,16,0.000,0.000,,,,,NVIDIA A100-SXM4-40GB MIG 4g.20gb (0),1,,13,cupy_copy__complex64_complex64
6707921225,238909,175927,1,1,1,32,32,1,30,0.000,0.000,,,,,NVIDIA A100-SXM4-40GB MIG 4g.20gb (0),1,,13,"void convert_kernel<__half2, float2>(tensor_layout_any, T1 *, tensor_layout_any, const T2 *)"
6708193062,9280,175930,,,,,,,,,,0.094,10096.494,Pinned,Device,NVIDIA A100-SXM4-40GB MIG 4g.20gb (0),1,,13,[CUDA memcpy Host-to-Device]
6708471107,616761,175931,,,,,,,,,,456.561,740086.094,Device,,NVIDIA A100-SXM4-40GB MIG 4g.20gb (0),1,,13,[CUDA memset]
6709091420,66239,175936,,,,,,,,,,1.235,18642.715,Pinned,Device,NVIDIA A100-SXM4-40GB MIG 4g.20gb (0),1,,13,[CUDA memcpy Host-to-Device]
6709163675,12512,175937,,,,,,,,,,0.197,15713.501,Pinned,Device,NVIDIA A100-SXM4-40GB MIG 4g.20gb (0),1,,13,[CUDA memcpy Host-to-Device]
6709530007,11488,175938,69,4,1,48,1,1,76,0.002,0.000,,,,,NVIDIA A100-SXM4-40GB MIG 4g.20gb (0),1,,13,"void ch_est::windowedChEstPreNoDftSOfdmKernel<float, __half, float, (unsigned int)2, (unsigned int)1, (unsigned short)4>(ch_est::puschRxChEstStatDescr_t *, ch_est::puschRxChEstDynDescr_t *)"
6709844819,12832,175939,137,2,1,24,2,1,44,0.001,0.001,,,,,NVIDIA A100-SXM4-40GB MIG 4g.20gb (0),1,,13,"void ch_est::chEstFilterNoDftSOfdmDispatchKernel<float, __half, float, (unsigned int)2>(ch_est::puschRxChEstStatDescr_t *, ch_est::puschRxChEstDynDescr_t *)"
6710202159,12448,175940,137,2,1,24,2,1,44,0.001,0.001,,,,,NVIDIA A100-SXM4-40GB MIG 4g.20gb (0),1,,13,"void ch_est::chEstFilterNoDftSOfdmDispatchKernel<float, __half, float, (unsigned int)2>(ch_est::puschRxChEstStatDescr_t *, ch_est::puschRxChEstDynDescr_t *)"
6710557163,5664,175951,103,1,1,128,1,1,16,0.000,0.000,,,,,NVIDIA A100-SXM4-40GB MIG 4g.20gb (0),1,,13,cupy_copy__complex64_complex64
6711020966,16416,175961,1434,1,1,128,1,1,16,0.000,0.000,,,,,NVIDIA A100-SXM4-40GB MIG 4g.20gb (0),1,,13,cupy_copy__complex64_complex64
6711470945,16192,175968,103,1,1,128,1,1,16,0.000,0.000,,,,,NVIDIA A100-SXM4-40GB MIG 4g.20gb (0),1,,13,cupy_copy__complex64_complex64
6711825277,242269,175975,1,1,1,32,32,1,30,0.000,0.000,,,,,NVIDIA A100-SXM4-40GB MIG 4g.20gb (0),1,,13,"void convert_kernel<__half2, float2>(tensor_layout_any, T1 *, tensor_layout_any, const T2 *)"
6712098042,8896,175978,,,,,,,,,,0.094,10532.367,Pinned,Device,NVIDIA A100-SXM4-40GB MIG 4g.20gb (0),1,,13,[CUDA memcpy Host-to-Device]
6712556213,57343,175979,,,,,,,,,,35.810,624453.385,Device,,NVIDIA A100-SXM4-40GB MIG 4g.20gb (0),1,,13,[CUDA memset]
6712622324,2496,175981,,,,,,,,,,0.000,32.051,Pinned,Device,NVIDIA A100-SXM4-40GB MIG 4g.20gb (0),1,,13,[CUDA memcpy Host-to-Device]
6712627732,10592,175982,,,,,,,,,,0.197,18561.761,Pinned,Device,NVIDIA A100-SXM4-40GB MIG 4g.20gb (0),1,,13,[CUDA memcpy Host-to-Device]
6712989008,15903,175983,273,1,1,48,1,1,40,0.000,0.001,,,,,NVIDIA A100-SXM4-40GB MIG 4g.20gb (0),1,,13,"void pusch_noise_intf_est::noiseIntfEstNoDftSOfdmKernel<float, __half, float, float, (unsigned int)2, (unsigned int)1, (unsigned char)4, (unsigned char)4>(pusch_noise_intf_est::puschRxNoiseIntfEstDynDescr)"
6713373483,4544,175994,35,1,1,128,1,1,16,0.000,0.000,,,,,NVIDIA A100-SXM4-40GB MIG 4g.20gb (0),1,,13,cupy_copy__complex64_complex64
6713713063,3712,176003,1,1,1,1,1,1,18,0.000,0.000,,,,,NVIDIA A100-SXM4-40GB MIG 4g.20gb (0),1,,13,cupy_copy__float32_float32
6713723079,1952,176009,,,,,,,,,,0.000,2.049,Device,Pageable,NVIDIA A100-SXM4-40GB MIG 4g.20gb (0),1,,7,[CUDA memcpy Device-to-Host]
6714131299,23647,176020,1434,1,1,128,1,1,16,0.000,0.000,,,,,NVIDIA A100-SXM4-40GB MIG 4g.20gb (0),1,,13,cupy_copy__complex64_complex64
6714538942,5504,176027,103,1,1,128,1,1,16,0.000,0.000,,,,,NVIDIA A100-SXM4-40GB MIG 4g.20gb (0),1,,13,cupy_copy__complex64_complex64
6715019065,4416,176034,35,1,1,128,1,1,16,0.000,0.000,,,,,NVIDIA A100-SXM4-40GB MIG 4g.20gb (0),1,,13,cupy_copy__complex64_complex64
6715343029,3520,176041,1,1,1,1,1,1,18,0.000,0.000,,,,,NVIDIA A100-SXM4-40GB MIG 4g.20gb (0),1,,13,cupy_copy__float32_float32
6715575090,240158,176052,1,1,1,32,32,1,30,0.000,0.000,,,,,NVIDIA A100-SXM4-40GB MIG 4g.20gb (0),1,,13,"void convert_kernel<__half2, float2>(tensor_layout_any, T1 *, tensor_layout_any, const T2 *)"
6715860527,13472,176055,,,,,,,,,,0.094,6954.867,Pinned,Device,NVIDIA A100-SXM4-40GB MIG 4g.20gb (0),1,,13,[CUDA memcpy Host-to-Device]
6716182763,5920,176056,,,,,,,,,,1.547,261252.633,Device,,NVIDIA A100-SXM4-40GB MIG 4g.20gb (0),1,,13,[CUDA memset]
6716197931,8480,176061,,,,,,,,,,0.031,3690.550,Pinned,Device,NVIDIA A100-SXM4-40GB MIG 4g.20gb (0),1,,13,[CUDA memcpy Host-to-Device]
6716209099,17664,176062,,,,,,,,,,0.197,11130.372,Pinned,Device,NVIDIA A100-SXM4-40GB MIG 4g.20gb (0),1,,13,[CUDA memcpy Host-to-Device]
6716554439,9696,176063,273,1,1,8,4,1,39,0.002,0.000,,,,,NVIDIA A100-SXM4-40GB MIG 4g.20gb (0),1,,13,"void channel_eq::eqMmseCoefCompLowMimoKernel<float, float, float, (unsigned int)4, (unsigned int)1, (unsigned int)4>(const channel_eq::_puschRxChEqStatDescr *, channel_eq::_puschRxChEqCoefCompDynDescr)"
6716887331,13568,176064,273,1,1,12,11,1,51,0.002,0.000,,,,,NVIDIA A100-SXM4-40GB MIG 4g.20gb (0),1,,13,"void channel_eq::eqMmseSoftDemapKernel<float, __half, __half, float, (unsigned int)4, (unsigned short)16383>(channel_eq::_puschRxChEqStatDescr *, channel_eq::_puschRxChEqSoftDemapDynDescr)"
6717264447,662713,176065,1,1,1,32,32,1,30,0.000,0.000,,,,,NVIDIA A100-SXM4-40GB MIG 4g.20gb (0),1,,13,"void convert_kernel<float2, __half2>(tensor_layout_any, T1 *, tensor_layout_any, const T2 *)"
6718147189,14176,176077,2253,1,1,128,1,1,16,0.000,0.000,,,,,NVIDIA A100-SXM4-40GB MIG 4g.20gb (0),1,,13,cupy_copy__float16_float16
6718402002,4768,176086,282,1,1,128,1,1,16,0.000,0.000,,,,,NVIDIA A100-SXM4-40GB MIG 4g.20gb (0),1,,13,cupy_copy__complex64_complex64
6718575824,3712,176095,26,1,1,128,1,1,16,0.000,0.000,,,,,NVIDIA A100-SXM4-40GB MIG 4g.20gb (0),1,,13,cupy_copy__float32_float32
6718762958,9120,176104,103,1,1,128,1,1,16,0.000,0.000,,,,,NVIDIA A100-SXM4-40GB MIG 4g.20gb (0),1,,13,cupy_copy__complex64_complex64
6718926124,18816,176114,1434,1,1,128,1,1,16,0.000,0.000,,,,,NVIDIA A100-SXM4-40GB MIG 4g.20gb (0),1,,13,cupy_copy__complex64_complex64
6719026667,137567,176119,1,1,1,32,32,1,30,0.000,0.000,,,,,NVIDIA A100-SXM4-40GB MIG 4g.20gb (0),1,,13,"void convert_kernel<__half2, float2>(tensor_layout_any, T1 *, tensor_layout_any, const T2 *)"
6719194729,6208,176122,,,,,,,,,,0.094,15092.739,Pinned,Device,NVIDIA A100-SXM4-40GB MIG 4g.20gb (0),1,,13,[CUDA memcpy Host-to-Device]
6719387719,622905,176123,,,,,,,,,,456.561,732781.111,Device,,NVIDIA A100-SXM4-40GB MIG 4g.20gb (0),1,,13,[CUDA memset]
6720014496,65407,176128,,,,,,,,,,1.235,18879.824,Pinned,Device,NVIDIA A100-SXM4-40GB MIG 4g.20gb (0),1,,13,[CUDA memcpy Host-to-Device]
6720086815,10848,176129,,,,,,,,,,0.197,18123.719,Pinned,Device,NVIDIA A100-SXM4-40GB MIG 4g.20gb (0),1,,13,[CUDA memcpy Host-to-Device]
6720380220,13408,176130,69,4,1,48,1,1,76,0.002,0.000,,,,,NVIDIA A100-SXM4-40GB MIG 4g.20gb (0),1,,13,"void ch_est::windowedChEstPreNoDftSOfdmKernel<float, __half, float, (unsigned int)2, (unsigned int)1, (unsigned short)4>(ch_est::puschRxChEstStatDescr_t *, ch_est::puschRxChEstDynDescr_t *)"
6720725592,13056,176131,137,2,1,24,2,1,44,0.001,0.001,,,,,NVIDIA A100-SXM4-40GB MIG 4g.20gb (0),1,,13,"void ch_est::chEstFilterNoDftSOfdmDispatchKernel<float, __half, float, (unsigned int)2>(ch_est::puschRxChEstStatDescr_t *, ch_est::puschRxChEstDynDescr_t *)"
6721067764,12960,176132,137,2,1,24,2,1,44,0.001,0.001,,,,,NVIDIA A100-SXM4-40GB MIG 4g.20gb (0),1,,13,"void ch_est::chEstFilterNoDftSOfdmDispatchKernel<float, __half, float, (unsigned int)2>(ch_est::puschRxChEstStatDescr_t *, ch_est::puschRxChEstDynDescr_t *)"
6721461552,5024,176143,103,1,1,128,1,1,16,0.000,0.000,,,,,NVIDIA A100-SXM4-40GB MIG 4g.20gb (0),1,,13,cupy_copy__complex64_complex64
6721938698,16768,176153,1434,1,1,128,1,1,16,0.000,0.000,,,,,NVIDIA A100-SXM4-40GB MIG 4g.20gb (0),1,,13,cupy_copy__complex64_complex64
6722254503,5856,176160,103,1,1,128,1,1,16,0.000,0.000,,,,,NVIDIA A100-SXM4-40GB MIG 4g.20gb (0),1,,13,cupy_copy__complex64_complex64
6722614659,246557,176167,1,1,1,32,32,1,30,0.000,0.000,,,,,NVIDIA A100-SXM4-40GB MIG 4g.20gb (0),1,,13,"void convert_kernel<__half2, float2>(tensor_layout_any, T1 *, tensor_layout_any, const T2 *)"
6722892447,12352,176170,,,,,,,,,,0.094,7585.441,Pinned,Device,NVIDIA A100-SXM4-40GB MIG 4g.20gb (0),1,,13,[CUDA memcpy Host-to-Device]
6723310843,57695,176171,,,,,,,,,,35.810,620657.533,Device,,NVIDIA A100-SXM4-40GB MIG 4g.20gb (0),1,,13,[CUDA memset]
6723370810,2848,176173,,,,,,,,,,0.000,28.090,Pinned,Device,NVIDIA A100-SXM4-40GB MIG 4g.20gb (0),1,,13,[CUDA memcpy Host-to-Device]
6723376378,14400,176174,,,,,,,,,,0.197,13653.246,Pinned,Device,NVIDIA A100-SXM4-40GB MIG 4g.20gb (0),1,,13,[CUDA memcpy Host-to-Device]
6723867988,19200,176175,273,1,1,48,1,1,40,0.000,0.001,,,,,NVIDIA A100-SXM4-40GB MIG 4g.20gb (0),1,,13,"void pusch_noise_intf_est::noiseIntfEstNoDftSOfdmKernel<float, __half, float, float, (unsigned int)2, (unsigned int)1, (unsigned char)4, (unsigned char)4>(pusch_noise_intf_est::puschRxNoiseIntfEstDynDescr)"
6724372239,6368,176186,35,1,1,128,1,1,16,0.000,0.000,,,,,NVIDIA A100-SXM4-40GB MIG 4g.20gb (0),1,,13,cupy_copy__complex64_complex64
6724850153,3040,176195,1,1,1,1,1,1,18,0.000,0.000,,,,,NVIDIA A100-SXM4-40GB MIG 4g.20gb (0),1,,13,cupy_copy__float32_float32
6724853865,1696,176201,,,,,,,,,,0.000,2.358,Device,Pageable,NVIDIA A100-SXM4-40GB MIG 4g.20gb (0),1,,7,[CUDA memcpy Device-to-Host]
6725370979,18720,176212,1434,1,1,128,1,1,16,0.000,0.000,,,,,NVIDIA A100-SXM4-40GB MIG 4g.20gb (0),1,,13,cupy_copy__complex64_complex64
6725772095,5248,176219,103,1,1,128,1,1,16,0.000,0.000,,,,,NVIDIA A100-SXM4-40GB MIG 4g.20gb (0),1,,13,cupy_copy__complex64_complex64
6726161754,5824,176226,35,1,1,128,1,1,16,0.000,0.000,,,,,NVIDIA A100-SXM4-40GB MIG 4g.20gb (0),1,,13,cupy_copy__complex64_complex64
6726358840,2944,176233,1,1,1,1,1,1,18,0.000,0.000,,,,,NVIDIA A100-SXM4-40GB MIG 4g.20gb (0),1,,13,cupy_copy__float32_float32
6726521686,225534,176244,1,1,1,32,32,1,30,0.000,0.000,,,,,NVIDIA A100-SXM4-40GB MIG 4g.20gb (0),1,,13,"void convert_kernel<__half2, float2>(tensor_layout_any, T1 *, tensor_layout_any, const T2 *)"
6726779092,5919,176247,,,,,,,,,,0.094,15829.658,Pinned,Device,NVIDIA A100-SXM4-40GB MIG 4g.20gb (0),1,,13,[CUDA memcpy Host-to-Device]
6726971889,5536,176248,,,,,,,,,,1.547,279374.426,Device,,NVIDIA A100-SXM4-40GB MIG 4g.20gb (0),1,,13,[CUDA memset]
6726983121,3104,176253,,,,,,,,,,0.031,10082.445,Pinned,Device,NVIDIA A100-SXM4-40GB MIG 4g.20gb (0),1,,13,[CUDA memcpy Host-to-Device]
6726988689,10400,176254,,,,,,,,,,0.197,18904.449,Pinned,Device,NVIDIA A100-SXM4-40GB MIG 4g.20gb (0),1,,13,[CUDA memcpy Host-to-Device]
6727196047,12224,176255,273,1,1,8,4,1,39,0.002,0.000,,,,,NVIDIA A100-SXM4-40GB MIG 4g.20gb (0),1,,13,"void channel_eq::eqMmseCoefCompLowMimoKernel<float, float, float, (unsigned int)4, (unsigned int)1, (unsigned int)4>(const channel_eq::_puschRxChEqStatDescr *, channel_eq::_puschRxChEqCoefCompDynDescr)"
6727466956,14496,176256,273,1,1,12,11,1,51,0.002,0.000,,,,,NVIDIA A100-SXM4-40GB MIG 4g.20gb (0),1,,13,"void channel_eq::eqMmseSoftDemapKernel<float, __half, __half, float, (unsigned int)4, (unsigned short)16383>(channel_eq::_puschRxChEqStatDescr *, channel_eq::_puschRxChEqSoftDemapDynDescr)"
6727795432,652377,176257,1,1,1,32,32,1,30,0.000,0.000,,,,,NVIDIA A100-SXM4-40GB MIG 4g.20gb (0),1,,13,"void convert_kernel<float2, __half2>(tensor_layout_any, T1 *, tensor_layout_any, const T2 *)"
6728746493,28736,176269,2253,1,1,128,1,1,16,0.000,0.000,,,,,NVIDIA A100-SXM4-40GB MIG 4g.20gb (0),1,,13,cupy_copy__float16_float16
6729088825,12640,176278,282,1,1,128,1,1,16,0.000,0.000,,,,,NVIDIA A100-SXM4-40GB MIG 4g.20gb (0),1,,13,cupy_copy__complex64_complex64
6729337655,4063,176287,26,1,1,128,1,1,16,0.000,0.000,,,,,NVIDIA A100-SXM4-40GB MIG 4g.20gb (0),1,,13,cupy_copy__float32_float32
6729647411,8320,176296,103,1,1,128,1,1,16,0.000,0.000,,,,,NVIDIA A100-SXM4-40GB MIG 4g.20gb (0),1,,13,cupy_copy__complex64_complex64
6729936912,20640,176306,1434,1,1,128,1,1,16,0.000,0.000,,,,,NVIDIA A100-SXM4-40GB MIG 4g.20gb (0),1,,13,cupy_copy__complex64_complex64
6730146093,249662,176311,1,1,1,32,32,1,30,0.000,0.000,,,,,NVIDIA A100-SXM4-40GB MIG 4g.20gb (0),1,,13,"void convert_kernel<__half2, float2>(tensor_layout_any, T1 *, tensor_layout_any, const T2 *)"
6730430474,7520,176314,,,,,,,,,,0.094,12459.507,Pinned,Device,NVIDIA A100-SXM4-40GB MIG 4g.20gb (0),1,,13,[CUDA memcpy Host-to-Device]
6730677607,618681,176315,,,,,,,,,,456.561,737803.287,Device,,NVIDIA A100-SXM4-40GB MIG 4g.20gb (0),1,,13,[CUDA memset]
6731299200,63264,176320,,,,,,,,,,1.235,19519.525,Pinned,Device,NVIDIA A100-SXM4-40GB MIG 4g.20gb (0),1,,13,[CUDA memcpy Host-to-Device]
6731365472,13791,176321,,,,,,,,,,0.197,14256.243,Pinned,Device,NVIDIA A100-SXM4-40GB MIG 4g.20gb (0),1,,13,[CUDA memcpy Host-to-Device]
6731672540,14464,176322,69,4,1,48,1,1,76,0.002,0.000,,,,,NVIDIA A100-SXM4-40GB MIG 4g.20gb (0),1,,13,"void ch_est::windowedChEstPreNoDftSOfdmKernel<float, __half, float, (unsigned int)2, (unsigned int)1, (unsigned short)4>(ch_est::puschRxChEstStatDescr_t *, ch_est::puschRxChEstDynDescr_t *)"
6731896762,8575,176323,137,2,1,24,2,1,44,0.001,0.001,,,,,NVIDIA A100-SXM4-40GB MIG 4g.20gb (0),1,,13,"void ch_est::chEstFilterNoDftSOfdmDispatchKernel<float, __half, float, (unsigned int)2>(ch_est::puschRxChEstStatDescr_t *, ch_est::puschRxChEstDynDescr_t *)"
6732101943,11392,176324,137,2,1,24,2,1,44,0.001,0.001,,,,,NVIDIA A100-SXM4-40GB MIG 4g.20gb (0),1,,13,"void ch_est::chEstFilterNoDftSOfdmDispatchKernel<float, __half, float, (unsigned int)2>(ch_est::puschRxChEstStatDescr_t *, ch_est::puschRxChEstDynDescr_t *)"
6732453683,5280,176335,103,1,1,128,1,1,16,0.000,0.000,,,,,NVIDIA A100-SXM4-40GB MIG 4g.20gb (0),1,,13,cupy_copy__complex64_complex64
6732801935,15808,176345,1434,1,1,128,1,1,16,0.000,0.000,,,,,NVIDIA A100-SXM4-40GB MIG 4g.20gb (0),1,,13,cupy_copy__complex64_complex64
6733003085,5632,176352,103,1,1,128,1,1,16,0.000,0.000,,,,,NVIDIA A100-SXM4-40GB MIG 4g.20gb (0),1,,13,cupy_copy__complex64_complex64
6733243690,251773,176359,1,1,1,32,32,1,30,0.000,0.000,,,,,NVIDIA A100-SXM4-40GB MIG 4g.20gb (0),1,,13,"void convert_kernel<__half2, float2>(tensor_layout_any, T1 *, tensor_layout_any, const T2 *)"
6733525927,9952,176362,,,,,,,,,,0.094,9414.761,Pinned,Device,NVIDIA A100-SXM4-40GB MIG 4g.20gb (0),1,,13,[CUDA memcpy Host-to-Device]
6733874947,51392,176363,,,,,,,,,,35.810,696789.423,Device,,NVIDIA A100-SXM4-40GB MIG 4g.20gb (0),1,,13,[CUDA memset]
6733933539,2367,176365,,,,,,,,,,0.000,33.798,Pinned,Device,NVIDIA A100-SXM4-40GB MIG 4g.20gb (0),1,,13,[CUDA memcpy Host-to-Device]
6733938658,10656,176366,,,,,,,,,,0.197,18450.285,Pinned,Device,NVIDIA A100-SXM4-40GB MIG 4g.20gb (0),1,,13,[CUDA memcpy Host-to-Device]
6734406077,22880,176367,273,1,1,48,1,1,40,0.000,0.001,,,,,NVIDIA A100-SXM4-40GB MIG 4g.20gb (0),1,,13,"void pusch_noise_intf_est::noiseIntfEstNoDftSOfdmKernel<float, __half, float, float, (unsigned int)2, (unsigned int)1, (unsigned char)4, (unsigned char)4>(pusch_noise_intf_est::puschRxNoiseIntfEstDynDescr)"
6734893464,6656,176378,35,1,1,128,1,1,16,0.000,0.000,,,,,NVIDIA A100-SXM4-40GB MIG 4g.20gb (0),1,,13,cupy_copy__complex64_complex64
6735272659,3712,176387,1,1,1,1,1,1,18,0.000,0.000,,,,,NVIDIA A100-SXM4-40GB MIG 4g.20gb (0),1,,13,cupy_copy__float32_float32
6735282131,4576,176393,,,,,,,,,,0.000,0.874,Device,Pageable,NVIDIA A100-SXM4-40GB MIG 4g.20gb (0),1,,7,[CUDA memcpy Device-to-Host]
6735753710,23104,176404,1434,1,1,128,1,1,16,0.000,0.000,,,,,NVIDIA A100-SXM4-40GB MIG 4g.20gb (0),1,,13,cupy_copy__complex64_complex64
6736242824,5216,176411,103,1,1,128,1,1,16,0.000,0.000,,,,,NVIDIA A100-SXM4-40GB MIG 4g.20gb (0),1,,13,cupy_copy__complex64_complex64
6736701443,5088,176418,35,1,1,128,1,1,16,0.000,0.000,,,,,NVIDIA A100-SXM4-40GB MIG 4g.20gb (0),1,,13,cupy_copy__complex64_complex64
6736998944,4416,176425,1,1,1,1,1,1,18,0.000,0.000,,,,,NVIDIA A100-SXM4-40GB MIG 4g.20gb (0),1,,13,cupy_copy__float32_float32
6737207357,253438,176436,1,1,1,32,32,1,30,0.000,0.000,,,,,NVIDIA A100-SXM4-40GB MIG 4g.20gb (0),1,,13,"void convert_kernel<__half2, float2>(tensor_layout_any, T1 *, tensor_layout_any, const T2 *)"
6737495034,8544,176439,,,,,,,,,,0.094,10966.274,Pinned,Device,NVIDIA A100-SXM4-40GB MIG 4g.20gb (0),1,,13,[CUDA memcpy Host-to-Device]
6737741783,8352,176440,,,,,,,,,,1.547,185178.838,Device,,NVIDIA A100-SXM4-40GB MIG 4g.20gb (0),1,,13,[CUDA memset]
6737754327,5824,176445,,,,,,,,,,0.031,5373.617,Pinned,Device,NVIDIA A100-SXM4-40GB MIG 4g.20gb (0),1,,13,[CUDA memcpy Host-to-Device]
6737763767,10496,176446,,,,,,,,,,0.197,18731.631,Pinned,Device,NVIDIA A100-SXM4-40GB MIG 4g.20gb (0),1,,13,[CUDA memcpy Host-to-Device]
6738086899,10752,176447,273,1,1,8,4,1,39,0.002,0.000,,,,,NVIDIA A100-SXM4-40GB MIG 4g.20gb (0),1,,13,"void channel_eq::eqMmseCoefCompLowMimoKernel<float, float, float, (unsigned int)4, (unsigned int)1, (unsigned int)4>(const channel_eq::_puschRxChEqStatDescr *, channel_eq::_puschRxChEqCoefCompDynDescr)"
6738429232,13759,176448,273,1,1,12,11,1,51,0.002,0.000,,,,,NVIDIA A100-SXM4-40GB MIG 4g.20gb (0),1,,13,"void channel_eq::eqMmseSoftDemapKernel<float, __half, __half, float, (unsigned int)4, (unsigned short)16383>(channel_eq::_puschRxChEqStatDescr *, channel_eq::_puschRxChEqSoftDemapDynDescr)"
6738644429,381980,176449,1,1,1,32,32,1,30,0.000,0.000,,,,,NVIDIA A100-SXM4-40GB MIG 4g.20gb (0),1,,13,"void convert_kernel<float2, __half2>(tensor_layout_any, T1 *, tensor_layout_any, const T2 *)"
6739201159,17696,176461,2253,1,1,128,1,1,16,0.000,0.000,,,,,NVIDIA A100-SXM4-40GB MIG 4g.20gb (0),1,,13,cupy_copy__float16_float16
6739299846,5408,176470,282,1,1,128,1,1,16,0.000,0.000,,,,,NVIDIA A100-SXM4-40GB MIG 4g.20gb (0),1,,13,cupy_copy__complex64_complex64
6739471108,3456,176479,26,1,1,128,1,1,16,0.000,0.000,,,,,NVIDIA A100-SXM4-40GB MIG 4g.20gb (0),1,,13,cupy_copy__float32_float32
6739657122,9120,176488,103,1,1,128,1,1,16,0.000,0.000,,,,,NVIDIA A100-SXM4-40GB MIG 4g.20gb (0),1,,13,cupy_copy__complex64_complex64
6739820512,19360,176498,1434,1,1,128,1,1,16,0.000,0.000,,,,,NVIDIA A100-SXM4-40GB MIG 4g.20gb (0),1,,13,cupy_copy__complex64_complex64
6739979454,232285,176503,1,1,1,32,32,1,30,0.000,0.000,,,,,NVIDIA A100-SXM4-40GB MIG 4g.20gb (0),1,,13,"void convert_kernel<__half2, float2>(tensor_layout_any, T1 *, tensor_layout_any, const T2 *)"
6740246267,6496,176506,,,,,,,,,,0.094,14423.562,Pinned,Device,NVIDIA A100-SXM4-40GB MIG 4g.20gb (0),1,,13,[CUDA memcpy Host-to-Device]
6740664886,614457,176507,,,,,,,,,,456.561,742825.463,Device,,NVIDIA A100-SXM4-40GB MIG 4g.20gb (0),1,,13,[CUDA memset]
6741283919,66592,176512,,,,,,,,,,1.235,18543.919,Pinned,Device,NVIDIA A100-SXM4-40GB MIG 4g.20gb (0),1,,13,[CUDA memcpy Host-to-Device]
6741353295,10591,176513,,,,,,,,,,0.197,18563.531,Pinned,Device,NVIDIA A100-SXM4-40GB MIG 4g.20gb (0),1,,13,[CUDA memcpy Host-to-Device]
6741732746,11648,176514,69,4,1,48,1,1,76,0.002,0.000,,,,,NVIDIA A100-SXM4-40GB MIG 4g.20gb (0),1,,13,"void ch_est::windowedChEstPreNoDftSOfdmKernel<float, __half, float, (unsigned int)2, (unsigned int)1, (unsigned short)4>(ch_est::puschRxChEstStatDescr_t *, ch_est::puschRxChEstDynDescr_t *)"
6741916168,8768,176515,137,2,1,24,2,1,44,0.001,0.001,,,,,NVIDIA A100-SXM4-40GB MIG 4g.20gb (0),1,,13,"void ch_est::chEstFilterNoDftSOfdmDispatchKernel<float, __half, float, (unsigned int)2>(ch_est::puschRxChEstStatDescr_t *, ch_est::puschRxChEstDynDescr_t *)"
6742108038,6944,176516,137,2,1,24,2,1,44,0.001,0.001,,,,,NVIDIA A100-SXM4-40GB MIG 4g.20gb (0),1,,13,"void ch_est::chEstFilterNoDftSOfdmDispatchKernel<float, __half, float, (unsigned int)2>(ch_est::puschRxChEstStatDescr_t *, ch_est::puschRxChEstDynDescr_t *)"
6742270980,15712,176527,103,1,1,128,1,1,16,0.000,0.000,,,,,NVIDIA A100-SXM4-40GB MIG 4g.20gb (0),1,,13,cupy_copy__complex64_complex64
6742424482,18464,176537,1434,1,1,128,1,1,16,0.000,0.000,,,,,NVIDIA A100-SXM4-40GB MIG 4g.20gb (0),1,,13,cupy_copy__complex64_complex64
6742666208,4384,176544,103,1,1,128,1,1,16,0.000,0.000,,,,,NVIDIA A100-SXM4-40GB MIG 4g.20gb (0),1,,13,cupy_copy__complex64_complex64
6742841278,177470,176551,1,1,1,32,32,1,30,0.000,0.000,,,,,NVIDIA A100-SXM4-40GB MIG 4g.20gb (0),1,,13,"void convert_kernel<__half2, float2>(tensor_layout_any, T1 *, tensor_layout_any, const T2 *)"
6743049307,5792,176554,,,,,,,,,,0.094,16176.708,Pinned,Device,NVIDIA A100-SXM4-40GB MIG 4g.20gb (0),1,,13,[CUDA memcpy Host-to-Device]
6743251705,56511,176555,,,,,,,,,,35.810,633656.534,Device,,NVIDIA A100-SXM4-40GB MIG 4g.20gb (0),1,,13,[CUDA memset]
6743312248,1920,176557,,,,,,,,,,0.000,41.667,Pinned,Device,NVIDIA A100-SXM4-40GB MIG 4g.20gb (0),1,,13,[CUDA memcpy Host-to-Device]
6743320408,10432,176558,,,,,,,,,,0.197,18846.450,Pinned,Device,NVIDIA A100-SXM4-40GB MIG 4g.20gb (0),1,,13,[CUDA memcpy Host-to-Device]
6743682452,47104,176559,273,1,1,48,1,1,40,0.000,0.001,,,,,NVIDIA A100-SXM4-40GB MIG 4g.20gb (0),1,,13,"void pusch_noise_intf_est::noiseIntfEstNoDftSOfdmKernel<float, __half, float, float, (unsigned int)2, (unsigned int)1, (unsigned char)4, (unsigned char)4>(pusch_noise_intf_est::puschRxNoiseIntfEstDynDescr)"
6744127311,5920,176570,35,1,1,128,1,1,16,0.000,0.000,,,,,NVIDIA A100-SXM4-40GB MIG 4g.20gb (0),1,,13,cupy_copy__complex64_complex64
6744586634,3168,176579,1,1,1,1,1,1,18,0.000,0.000,,,,,NVIDIA A100-SXM4-40GB MIG 4g.20gb (0),1,,13,cupy_copy__float32_float32
6744592234,1920,176585,,,,,,,,,,0.000,2.083,Device,Pageable,NVIDIA A100-SXM4-40GB MIG 4g.20gb (0),1,,7,[CUDA memcpy Device-to-Host]
6745091012,18816,176596,1434,1,1,128,1,1,16,0.000,0.000,,,,,NVIDIA A100-SXM4-40GB MIG 4g.20gb (0),1,,13,cupy_copy__complex64_complex64
6745571071,5216,176603,103,1,1,128,1,1,16,0.000,0.000,,,,,NVIDIA A100-SXM4-40GB MIG 4g.20gb (0),1,,13,cupy_copy__complex64_complex64
6746023962,4992,176610,35,1,1,128,1,1,16,0.000,0.000,,,,,NVIDIA A100-SXM4-40GB MIG 4g.20gb (0),1,,13,cupy_copy__complex64_complex64
6746453813,4288,176617,1,1,1,1,1,1,18,0.000,0.000,,,,,NVIDIA A100-SXM4-40GB MIG 4g.20gb (0),1,,13,cupy_copy__float32_float32
6746790001,245725,176628,1,1,1,32,32,1,30,0.000,0.000,,,,,NVIDIA A100-SXM4-40GB MIG 4g.20gb (0),1,,13,"void convert_kernel<__half2, float2>(tensor_layout_any, T1 *, tensor_layout_any, const T2 *)"
6747072014,6528,176631,,,,,,,,,,0.094,14352.915,Pinned,Device,NVIDIA A100-SXM4-40GB MIG 4g.20gb (0),1,,13,[CUDA memcpy Host-to-Device]
6747516073,6016,176632,,,,,,,,,,1.547,257084.481,Device,,NVIDIA A100-SXM4-40GB MIG 4g.20gb (0),1,,13,[CUDA memset]
6747530057,3744,176637,,,,,,,,,,0.031,8358.974,Pinned,Device,NVIDIA A100-SXM4-40GB MIG 4g.20gb (0),1,,13,[CUDA memcpy Host-to-Device]
6747539784,10048,176638,,,,,,,,,,0.197,19566.821,Pinned,Device,NVIDIA A100-SXM4-40GB MIG 4g.20gb (0),1,,13,[CUDA memcpy Host-to-Device]
6747998019,9184,176639,273,1,1,8,4,1,39,0.002,0.000,,,,,NVIDIA A100-SXM4-40GB MIG 4g.20gb (0),1,,13,"void channel_eq::eqMmseCoefCompLowMimoKernel<float, float, float, (unsigned int)4, (unsigned int)1, (unsigned int)4>(const channel_eq::_puschRxChEqStatDescr *, channel_eq::_puschRxChEqCoefCompDynDescr)"
6748320480,13855,176640,273,1,1,12,11,1,51,0.002,0.000,,,,,NVIDIA A100-SXM4-40GB MIG 4g.20gb (0),1,,13,"void channel_eq::eqMmseSoftDemapKernel<float, __half, __half, float, (unsigned int)4, (unsigned short)16383>(channel_eq::_puschRxChEqStatDescr *, channel_eq::_puschRxChEqSoftDemapDynDescr)"
6748679804,606457,176641,1,1,1,32,32,1,30,0.000,0.000,,,,,NVIDIA A100-SXM4-40GB MIG 4g.20gb (0),1,,13,"void convert_kernel<float2, __half2>(tensor_layout_any, T1 *, tensor_layout_any, const T2 *)"
6749445267,17824,176653,2253,1,1,128,1,1,16,0.000,0.000,,,,,NVIDIA A100-SXM4-40GB MIG 4g.20gb (0),1,,13,cupy_copy__float16_float16
6749543858,5280,176662,282,1,1,128,1,1,16,0.000,0.000,,,,,NVIDIA A100-SXM4-40GB MIG 4g.20gb (0),1,,13,cupy_copy__complex64_complex64
6749715888,2912,176671,26,1,1,128,1,1,16,0.000,0.000,,,,,NVIDIA A100-SXM4-40GB MIG 4g.20gb (0),1,,13,cupy_copy__float32_float32
6749900782,9760,176680,103,1,1,128,1,1,16,0.000,0.000,,,,,NVIDIA A100-SXM4-40GB MIG 4g.20gb (0),1,,13,cupy_copy__complex64_complex64
6750065356,19392,176690,1434,1,1,128,1,1,16,0.000,0.000,,,,,NVIDIA A100-SXM4-40GB MIG 4g.20gb (0),1,,13,cupy_copy__complex64_complex64
6750167083,144030,176695,1,1,1,32,32,1,30,0.000,0.000,,,,,NVIDIA A100-SXM4-40GB MIG 4g.20gb (0),1,,13,"void convert_kernel<__half2, float2>(tensor_layout_any, T1 *, tensor_layout_any, const T2 *)"
6750341705,5440,176698,,,,,,,,,,0.094,17223.480,Pinned,Device,NVIDIA A100-SXM4-40GB MIG 4g.20gb (0),1,,13,[CUDA memcpy Host-to-Device]
6750602182,611961,176699,,,,,,,,,,456.561,746021.393,Device,,NVIDIA A100-SXM4-40GB MIG 4g.20gb (0),1,,13,[CUDA memset]
6751216831,57023,176704,,,,,,,,,,1.235,21655.978,Pinned,Device,NVIDIA A100-SXM4-40GB MIG 4g.20gb (0),1,,13,[CUDA memcpy Host-to-Device]
6751276478,10528,176705,,,,,,,,,,0.197,18674.614,Pinned,Device,NVIDIA A100-SXM4-40GB MIG 4g.20gb (0),1,,13,[CUDA memcpy Host-to-Device]
6751600923,11071,176706,69,4,1,48,1,1,76,0.002,0.000,,,,,NVIDIA A100-SXM4-40GB MIG 4g.20gb (0),1,,13,"void ch_est::windowedChEstPreNoDftSOfdmKernel<float, __half, float, (unsigned int)2, (unsigned int)1, (unsigned short)4>(ch_est::puschRxChEstStatDescr_t *, ch_est::puschRxChEstDynDescr_t *)"
6751918647,12960,176707,137,2,1,24,2,1,44,0.001,0.001,,,,,NVIDIA A100-SXM4-40GB MIG 4g.20gb (0),1,,13,"void ch_est::chEstFilterNoDftSOfdmDispatchKernel<float, __half, float, (unsigned int)2>(ch_est::puschRxChEstStatDescr_t *, ch_est::puschRxChEstDynDescr_t *)"
6752153460,9280,176708,137,2,1,24,2,1,44,0.001,0.001,,,,,NVIDIA A100-SXM4-40GB MIG 4g.20gb (0),1,,13,"void ch_est::chEstFilterNoDftSOfdmDispatchKernel<float, __half, float, (unsigned int)2>(ch_est::puschRxChEstStatDescr_t *, ch_est::puschRxChEstDynDescr_t *)"
6752485009,4639,176719,103,1,1,128,1,1,16,0.000,0.000,,,,,NVIDIA A100-SXM4-40GB MIG 4g.20gb (0),1,,13,cupy_copy__complex64_complex64
6752804685,20960,176729,1434,1,1,128,1,1,16,0.000,0.000,,,,,NVIDIA A100-SXM4-40GB MIG 4g.20gb (0),1,,13,cupy_copy__complex64_complex64
6753042154,5888,176736,103,1,1,128,1,1,16,0.000,0.000,,,,,NVIDIA A100-SXM4-40GB MIG 4g.20gb (0),1,,13,cupy_copy__complex64_complex64
6753425734,238013,176743,1,1,1,32,32,1,30,0.000,0.000,,,,,NVIDIA A100-SXM4-40GB MIG 4g.20gb (0),1,,13,"void convert_kernel<__half2, float2>(tensor_layout_any, T1 *, tensor_layout_any, const T2 *)"
6753694435,6400,176746,,,,,,,,,,0.094,14640.000,Pinned,Device,NVIDIA A100-SXM4-40GB MIG 4g.20gb (0),1,,13,[CUDA memcpy Host-to-Device]
6754030431,56639,176747,,,,,,,,,,35.810,632224.138,Device,,NVIDIA A100-SXM4-40GB MIG 4g.20gb (0),1,,13,[CUDA memset]
6754088286,2080,176749,,,,,,,,,,0.000,38.462,Pinned,Device,NVIDIA A100-SXM4-40GB MIG 4g.20gb (0),1,,13,[CUDA memcpy Host-to-Device]
6754096638,13120,176750,,,,,,,,,,0.197,14985.265,Pinned,Device,NVIDIA A100-SXM4-40GB MIG 4g.20gb (0),1,,13,[CUDA memcpy Host-to-Device]
6754450362,20224,176751,273,1,1,48,1,1,40,0.000,0.001,,,,,NVIDIA A100-SXM4-40GB MIG 4g.20gb (0),1,,13,"void pusch_noise_intf_est::noiseIntfEstNoDftSOfdmKernel<float, __half, float, float, (unsigned int)2, (unsigned int)1, (unsigned char)4, (unsigned char)4>(pusch_noise_intf_est::puschRxNoiseIntfEstDynDescr)"
6754954389,5727,176762,35,1,1,128,1,1,16,0.000,0.000,,,,,NVIDIA A100-SXM4-40GB MIG 4g.20gb (0),1,,13,cupy_copy__complex64_complex64
6755434927,3264,176771,1,1,1,1,1,1,18,0.000,0.000,,,,,NVIDIA A100-SXM4-40GB MIG 4g.20gb (0),1,,13,cupy_copy__float32_float32
6755439343,1824,176777,,,,,,,,,,0.000,2.193,Device,Pageable,NVIDIA A100-SXM4-40GB MIG 4g.20gb (0),1,,7,[CUDA memcpy Device-to-Host]
6755798347,19808,176788,1434,1,1,128,1,1,16,0.000,0.000,,,,,NVIDIA A100-SXM4-40GB MIG 4g.20gb (0),1,,13,cupy_copy__complex64_complex64
6756111463,5216,176795,103,1,1,128,1,1,16,0.000,0.000,,,,,NVIDIA A100-SXM4-40GB MIG 4g.20gb (0),1,,13,cupy_copy__complex64_complex64
6756403268,6912,176802,35,1,1,128,1,1,16,0.000,0.000,,,,,NVIDIA A100-SXM4-40GB MIG 4g.20gb (0),1,,13,cupy_copy__complex64_complex64
6756598594,6496,176809,1,1,1,1,1,1,18,0.000,0.000,,,,,NVIDIA A100-SXM4-40GB MIG 4g.20gb (0),1,,13,cupy_copy__float32_float32
6756814048,267132,176820,1,1,1,32,32,1,30,0.000,0.000,,,,,NVIDIA A100-SXM4-40GB MIG 4g.20gb (0),1,,13,"void convert_kernel<__half2, float2>(tensor_layout_any, T1 *, tensor_layout_any, const T2 *)"
6757110876,6048,176823,,,,,,,,,,0.094,15491.978,Pinned,Device,NVIDIA A100-SXM4-40GB MIG 4g.20gb (0),1,,13,[CUDA memcpy Host-to-Device]
6757401305,15872,176824,,,,,,,,,,1.547,97443.498,Device,,NVIDIA A100-SXM4-40GB MIG 4g.20gb (0),1,,13,[CUDA memset]
6757418713,3328,176829,,,,,,,,,,0.031,9403.822,Pinned,Device,NVIDIA A100-SXM4-40GB MIG 4g.20gb (0),1,,13,[CUDA memcpy Host-to-Device]
6757427513,10303,176830,,,,,,,,,,0.197,19082.576,Pinned,Device,NVIDIA A100-SXM4-40GB MIG 4g.20gb (0),1,,13,[CUDA memcpy Host-to-Device]
6757808244,15872,176831,273,1,1,8,4,1,39,0.002,0.000,,,,,NVIDIA A100-SXM4-40GB MIG 4g.20gb (0),1,,13,"void channel_eq::eqMmseCoefCompLowMimoKernel<float, float, float, (unsigned int)4, (unsigned int)1, (unsigned int)4>(const channel_eq::_puschRxChEqStatDescr *, channel_eq::_puschRxChEqCoefCompDynDescr)"
6758151088,32800,176832,273,1,1,12,11,1,51,0.002,0.000,,,,,NVIDIA A100-SXM4-40GB MIG 4g.20gb (0),1,,13,"void channel_eq::eqMmseSoftDemapKernel<float, __half, __half, float, (unsigned int)4, (unsigned short)16383>(channel_eq::_puschRxChEqStatDescr *, channel_eq::_puschRxChEqSoftDemapDynDescr)"
6758520588,641913,176833,1,1,1,32,32,1,30,0.000,0.000,,,,,NVIDIA A100-SXM4-40GB MIG 4g.20gb (0),1,,13,"void convert_kernel<float2, __half2>(tensor_layout_any, T1 *, tensor_layout_any, const T2 *)"
6759486497,13728,176845,2253,1,1,128,1,1,16,0.000,0.000,,,,,NVIDIA A100-SXM4-40GB MIG 4g.20gb (0),1,,13,cupy_copy__float16_float16
6759849693,8672,176854,282,1,1,128,1,1,16,0.000,0.000,,,,,NVIDIA A100-SXM4-40GB MIG 4g.20gb (0),1,,13,cupy_copy__complex64_complex64
6760143354,3712,176863,26,1,1,128,1,1,16,0.000,0.000,,,,,NVIDIA A100-SXM4-40GB MIG 4g.20gb (0),1,,13,cupy_copy__float32_float32
6760458966,9344,176872,103,1,1,128,1,1,16,0.000,0.000,,,,,NVIDIA A100-SXM4-40GB MIG 4g.20gb (0),1,,13,cupy_copy__complex64_complex64
6760825042,21248,176882,1434,1,1,128,1,1,16,0.000,0.000,,,,,NVIDIA A100-SXM4-40GB MIG 4g.20gb (0),1,,13,cupy_copy__complex64_complex64
6761423819,233982,176887,1,1,1,32,32,1,30,0.000,0.000,,,,,NVIDIA A100-SXM4-40GB MIG 4g.20gb (0),1,,13,"void convert_kernel<__half2, float2>(tensor_layout_any, T1 *, tensor_layout_any, const T2 *)"
6761689000,5760,176890,,,,,,,,,,0.094,16266.656,Pinned,Device,NVIDIA A100-SXM4-40GB MIG 4g.20gb (0),1,,13,[CUDA memcpy Host-to-Device]
6762396096,625881,176891,,,,,,,,,,456.561,729128.620,Device,,NVIDIA A100-SXM4-40GB MIG 4g.20gb (0),1,,13,[CUDA memset]
6763030169,53760,176896,,,,,,,,,,1.235,22971.193,Pinned,Device,NVIDIA A100-SXM4-40GB MIG 4g.20gb (0),1,,13,[CUDA memcpy Host-to-Device]
6763086456,10176,176897,,,,,,,,,,0.197,19320.668,Pinned,Device,NVIDIA A100-SXM4-40GB MIG 4g.20gb (0),1,,13,[CUDA memcpy Host-to-Device]
6763738673,12864,176898,69,4,1,48,1,1,76,0.002,0.000,,,,,NVIDIA A100-SXM4-40GB MIG 4g.20gb (0),1,,13,"void ch_est::windowedChEstPreNoDftSOfdmKernel<float, __half, float, (unsigned int)2, (unsigned int)1, (unsigned short)4>(ch_est::puschRxChEstStatDescr_t *, ch_est::puschRxChEstDynDescr_t *)"
6764399562,10176,176899,137,2,1,24,2,1,44,0.001,0.001,,,,,NVIDIA A100-SXM4-40GB MIG 4g.20gb (0),1,,13,"void ch_est::chEstFilterNoDftSOfdmDispatchKernel<float, __half, float, (unsigned int)2>(ch_est::puschRxChEstStatDescr_t *, ch_est::puschRxChEstDynDescr_t *)"
6765055266,12160,176900,137,2,1,24,2,1,44,0.001,0.001,,,,,NVIDIA A100-SXM4-40GB MIG 4g.20gb (0),1,,13,"void ch_est::chEstFilterNoDftSOfdmDispatchKernel<float, __half, float, (unsigned int)2>(ch_est::puschRxChEstStatDescr_t *, ch_est::puschRxChEstDynDescr_t *)"
6765709115,7840,176911,103,1,1,128,1,1,16,0.000,0.000,,,,,NVIDIA A100-SXM4-40GB MIG 4g.20gb (0),1,,13,cupy_copy__complex64_complex64
6766422579,23839,176921,1434,1,1,128,1,1,16,0.000,0.000,,,,,NVIDIA A100-SXM4-40GB MIG 4g.20gb (0),1,,13,cupy_copy__complex64_complex64
6767171754,4640,176928,103,1,1,128,1,1,16,0.000,0.000,,,,,NVIDIA A100-SXM4-40GB MIG 4g.20gb (0),1,,13,cupy_copy__complex64_complex64
6767854115,316668,176935,1,1,1,32,32,1,30,0.000,0.000,,,,,NVIDIA A100-SXM4-40GB MIG 4g.20gb (0),1,,13,"void convert_kernel<__half2, float2>(tensor_layout_any, T1 *, tensor_layout_any, const T2 *)"
6768201407,5696,176938,,,,,,,,,,0.094,16449.363,Pinned,Device,NVIDIA A100-SXM4-40GB MIG 4g.20gb (0),1,,13,[CUDA memcpy Host-to-Device]
6768725433,58271,176939,,,,,,,,,,35.810,614534.037,Device,,NVIDIA A100-SXM4-40GB MIG 4g.20gb (0),1,,13,[CUDA memset]
6768786616,4672,176941,,,,,,,,,,0.000,17.123,Pinned,Device,NVIDIA A100-SXM4-40GB MIG 4g.20gb (0),1,,13,[CUDA memcpy Host-to-Device]
6768794040,9536,176942,,,,,,,,,,0.197,20617.298,Pinned,Device,NVIDIA A100-SXM4-40GB MIG 4g.20gb (0),1,,13,[CUDA memcpy Host-to-Device]
6769133620,18976,176943,273,1,1,48,1,1,40,0.000,0.001,,,,,NVIDIA A100-SXM4-40GB MIG 4g.20gb (0),1,,13,"void pusch_noise_intf_est::noiseIntfEstNoDftSOfdmKernel<float, __half, float, float, (unsigned int)2, (unsigned int)1, (unsigned char)4, (unsigned char)4>(pusch_noise_intf_est::puschRxNoiseIntfEstDynDescr)"
6769409073,6048,176954,35,1,1,128,1,1,16,0.000,0.000,,,,,NVIDIA A100-SXM4-40GB MIG 4g.20gb (0),1,,13,cupy_copy__complex64_complex64
6769697454,3168,176963,1,1,1,1,1,1,18,0.000,0.000,,,,,NVIDIA A100-SXM4-40GB MIG 4g.20gb (0),1,,13,cupy_copy__float32_float32
6769705550,1760,176969,,,,,,,,,,0.000,2.273,Device,Pageable,NVIDIA A100-SXM4-40GB MIG 4g.20gb (0),1,,7,[CUDA memcpy Device-to-Host]
6770108809,24256,176980,1434,1,1,128,1,1,16,0.000,0.000,,,,,NVIDIA A100-SXM4-40GB MIG 4g.20gb (0),1,,13,cupy_copy__complex64_complex64
6770469509,4064,176987,103,1,1,128,1,1,16,0.000,0.000,,,,,NVIDIA A100-SXM4-40GB MIG 4g.20gb (0),1,,13,cupy_copy__complex64_complex64
6770762210,4448,176994,35,1,1,128,1,1,16,0.000,0.000,,,,,NVIDIA A100-SXM4-40GB MIG 4g.20gb (0),1,,13,cupy_copy__complex64_complex64
6771078878,3296,177001,1,1,1,1,1,1,18,0.000,0.000,,,,,NVIDIA A100-SXM4-40GB MIG 4g.20gb (0),1,,13,cupy_copy__float32_float32
6771364091,225885,177012,1,1,1,32,32,1,30,0.000,0.000,,,,,NVIDIA A100-SXM4-40GB MIG 4g.20gb (0),1,,13,"void convert_kernel<__half2, float2>(tensor_layout_any, T1 *, tensor_layout_any, const T2 *)"
6771620728,9664,177015,,,,,,,,,,0.094,9695.287,Pinned,Device,NVIDIA A100-SXM4-40GB MIG 4g.20gb (0),1,,13,[CUDA memcpy Host-to-Device]
6771940500,5184,177016,,,,,,,,,,1.547,298345.316,Device,,NVIDIA A100-SXM4-40GB MIG 4g.20gb (0),1,,13,[CUDA memset]
6771954228,6400,177021,,,,,,,,,,0.031,4890.000,Pinned,Device,NVIDIA A100-SXM4-40GB MIG 4g.20gb (0),1,,13,[CUDA memcpy Host-to-Device]
6771963284,10176,177022,,,,,,,,,,0.197,19320.668,Pinned,Device,NVIDIA A100-SXM4-40GB MIG 4g.20gb (0),1,,13,[CUDA memcpy Host-to-Device]
6772381039,12032,177023,273,1,1,8,4,1,39,0.002,0.000,,,,,NVIDIA A100-SXM4-40GB MIG 4g.20gb (0),1,,13,"void channel_eq::eqMmseCoefCompLowMimoKernel<float, float, float, (unsigned int)4, (unsigned int)1, (unsigned int)4>(const channel_eq::_puschRxChEqStatDescr *, channel_eq::_puschRxChEqCoefCompDynDescr)"
6772814698,12896,177024,273,1,1,12,11,1,51,0.002,0.000,,,,,NVIDIA A100-SXM4-40GB MIG 4g.20gb (0),1,,13,"void channel_eq::eqMmseSoftDemapKernel<float, __half, __half, float, (unsigned int)4, (unsigned short)16383>(channel_eq::_puschRxChEqStatDescr *, channel_eq::_puschRxChEqSoftDemapDynDescr)"
6773258181,549658,177025,1,1,1,32,32,1,30,0.000,0.000,,,,,NVIDIA A100-SXM4-40GB MIG 4g.20gb (0),1,,13,"void convert_kernel<float2, __half2>(tensor_layout_any, T1 *, tensor_layout_any, const T2 *)"
6774146843,13952,177037,2253,1,1,128,1,1,16,0.000,0.000,,,,,NVIDIA A100-SXM4-40GB MIG 4g.20gb (0),1,,13,cupy_copy__float16_float16
6774595350,6272,177046,282,1,1,128,1,1,16,0.000,0.000,,,,,NVIDIA A100-SXM4-40GB MIG 4g.20gb (0),1,,13,cupy_copy__complex64_complex64
6774975154,3776,177055,26,1,1,128,1,1,16,0.000,0.000,,,,,NVIDIA A100-SXM4-40GB MIG 4g.20gb (0),1,,13,cupy_copy__float32_float32
6775378957,8384,177064,103,1,1,128,1,1,16,0.000,0.000,,,,,NVIDIA A100-SXM4-40GB MIG 4g.20gb (0),1,,13,cupy_copy__complex64_complex64
6775772009,20864,177074,1434,1,1,128,1,1,16,0.000,0.000,,,,,NVIDIA A100-SXM4-40GB MIG 4g.20gb (0),1,,13,cupy_copy__complex64_complex64
6775921319,85471,177079,1,1,1,32,32,1,30,0.000,0.000,,,,,NVIDIA A100-SXM4-40GB MIG 4g.20gb (0),1,,13,"void convert_kernel<__half2, float2>(tensor_layout_any, T1 *, tensor_layout_any, const T2 *)"
6776037190,5440,177082,,,,,,,,,,0.094,17223.480,Pinned,Device,NVIDIA A100-SXM4-40GB MIG 4g.20gb (0),1,,13,[CUDA memcpy Host-to-Device]
6776159589,617881,177083,,,,,,,,,,456.561,738716.410,Device,,NVIDIA A100-SXM4-40GB MIG 4g.20gb (0),1,,13,[CUDA memset]
6776782237,53952,177088,,,,,,,,,,1.235,22888.452,Pinned,Device,NVIDIA A100-SXM4-40GB MIG 4g.20gb (0),1,,13,[CUDA memcpy Host-to-Device]
6776838813,10176,177089,,,,,,,,,,0.197,19320.668,Pinned,Device,NVIDIA A100-SXM4-40GB MIG 4g.20gb (0),1,,13,[CUDA memcpy Host-to-Device]
6777048346,13152,177090,69,4,1,48,1,1,76,0.002,0.000,,,,,NVIDIA A100-SXM4-40GB MIG 4g.20gb (0),1,,13,"void ch_est::windowedChEstPreNoDftSOfdmKernel<float, __half, float, (unsigned int)2, (unsigned int)1, (unsigned short)4>(ch_est::puschRxChEstStatDescr_t *, ch_est::puschRxChEstDynDescr_t *)"
6777303320,15743,177091,137,2,1,24,2,1,44,0.001,0.001,,,,,NVIDIA A100-SXM4-40GB MIG 4g.20gb (0),1,,13,"void ch_est::chEstFilterNoDftSOfdmDispatchKernel<float, __half, float, (unsigned int)2>(ch_est::puschRxChEstStatDescr_t *, ch_est::puschRxChEstDynDescr_t *)"
6777494229,9888,177092,137,2,1,24,2,1,44,0.001,0.001,,,,,NVIDIA A100-SXM4-40GB MIG 4g.20gb (0),1,,13,"void ch_est::chEstFilterNoDftSOfdmDispatchKernel<float, __half, float, (unsigned int)2>(ch_est::puschRxChEstStatDescr_t *, ch_est::puschRxChEstDynDescr_t *)"
6777696627,6336,177103,103,1,1,128,1,1,16,0.000,0.000,,,,,NVIDIA A100-SXM4-40GB MIG 4g.20gb (0),1,,13,cupy_copy__complex64_complex64
6777888977,18400,177113,1434,1,1,128,1,1,16,0.000,0.000,,,,,NVIDIA A100-SXM4-40GB MIG 4g.20gb (0),1,,13,cupy_copy__complex64_complex64
6778088495,5152,177120,103,1,1,128,1,1,16,0.000,0.000,,,,,NVIDIA A100-SXM4-40GB MIG 4g.20gb (0),1,,13,cupy_copy__complex64_complex64
6778641960,230270,177127,1,1,1,32,32,1,30,0.000,0.000,,,,,NVIDIA A100-SXM4-40GB MIG 4g.20gb (0),1,,13,"void convert_kernel<__half2, float2>(tensor_layout_any, T1 *, tensor_layout_any, const T2 *)"
6778901605,5440,177130,,,,,,,,,,0.094,17223.480,Pinned,Device,NVIDIA A100-SXM4-40GB MIG 4g.20gb (0),1,,13,[CUDA memcpy Host-to-Device]
6779483327,53311,177131,,,,,,,,,,35.810,671686.669,Device,,NVIDIA A100-SXM4-40GB MIG 4g.20gb (0),1,,13,[CUDA memset]
6779538238,5024,177133,,,,,,,,,,0.000,15.924,Pinned,Device,NVIDIA A100-SXM4-40GB MIG 4g.20gb (0),1,,13,[CUDA memcpy Host-to-Device]
6779545694,9568,177134,,,,,,,,,,0.197,20548.485,Pinned,Device,NVIDIA A100-SXM4-40GB MIG 4g.20gb (0),1,,13,[CUDA memcpy Host-to-Device]
6780204023,14176,177135,273,1,1,48,1,1,40,0.000,0.001,,,,,NVIDIA A100-SXM4-40GB MIG 4g.20gb (0),1,,13,"void pusch_noise_intf_est::noiseIntfEstNoDftSOfdmKernel<float, __half, float, float, (unsigned int)2, (unsigned int)1, (unsigned char)4, (unsigned char)4>(pusch_noise_intf_est::puschRxNoiseIntfEstDynDescr)"
6780871887,7072,177146,35,1,1,128,1,1,16,0.000,0.000,,,,,NVIDIA A100-SXM4-40GB MIG 4g.20gb (0),1,,13,cupy_copy__complex64_complex64
6781492488,4352,177155,1,1,1,1,1,1,18,0.000,0.000,,,,,NVIDIA A100-SXM4-40GB MIG 4g.20gb (0),1,,13,cupy_copy__float32_float32
6781498504,1888,177161,,,,,,,,,,0.000,2.119,Device,Pageable,NVIDIA A100-SXM4-40GB MIG 4g.20gb (0),1,,7,[CUDA memcpy Device-to-Host]
6782203584,15680,177172,1434,1,1,128,1,1,16,0.000,0.000,,,,,NVIDIA A100-SXM4-40GB MIG 4g.20gb (0),1,,13,cupy_copy__complex64_complex64
6782832121,5920,177179,103,1,1,128,1,1,16,0.000,0.000,,,,,NVIDIA A100-SXM4-40GB MIG 4g.20gb (0),1,,13,cupy_copy__complex64_complex64
6783299636,8608,177186,35,1,1,128,1,1,16,0.000,0.000,,,,,NVIDIA A100-SXM4-40GB MIG 4g.20gb (0),1,,13,cupy_copy__complex64_complex64
6783634640,3200,177193,1,1,1,1,1,1,18,0.000,0.000,,,,,NVIDIA A100-SXM4-40GB MIG 4g.20gb (0),1,,13,cupy_copy__float32_float32
6784244713,329372,177204,1,1,1,32,32,1,30,0.000,0.000,,,,,NVIDIA A100-SXM4-40GB MIG 4g.20gb (0),1,,13,"void convert_kernel<__half2, float2>(tensor_layout_any, T1 *, tensor_layout_any, const T2 *)"
6784605925,8288,177207,,,,,,,,,,0.094,11304.985,Pinned,Device,NVIDIA A100-SXM4-40GB MIG 4g.20gb (0),1,,13,[CUDA memcpy Host-to-Device]
6784971233,5344,177208,,,,,,,,,,1.547,289412.016,Device,,NVIDIA A100-SXM4-40GB MIG 4g.20gb (0),1,,13,[CUDA memset]
6784983105,6336,177213,,,,,,,,,,0.031,4939.385,Pinned,Device,NVIDIA A100-SXM4-40GB MIG 4g.20gb (0),1,,13,[CUDA memcpy Host-to-Device]
6784991969,9887,177214,,,,,,,,,,0.197,19885.326,Pinned,Device,NVIDIA A100-SXM4-40GB MIG 4g.20gb (0),1,,13,[CUDA memcpy Host-to-Device]
6785217630,20576,177215,273,1,1,8,4,1,39,0.002,0.000,,,,,NVIDIA A100-SXM4-40GB MIG 4g.20gb (0),1,,13,"void channel_eq::eqMmseCoefCompLowMimoKernel<float, float, float, (unsigned int)4, (unsigned int)1, (unsigned int)4>(const channel_eq::_puschRxChEqStatDescr *, channel_eq::_puschRxChEqCoefCompDynDescr)"
6785457947,11200,177216,273,1,1,12,11,1,51,0.002,0.000,,,,,NVIDIA A100-SXM4-40GB MIG 4g.20gb (0),1,,13,"void channel_eq::eqMmseSoftDemapKernel<float, __half, __half, float, (unsigned int)4, (unsigned short)16383>(channel_eq::_puschRxChEqStatDescr *, channel_eq::_puschRxChEqSoftDemapDynDescr)"
6785698585,407387,177217,1,1,1,32,32,1,30,0.000,0.000,,,,,NVIDIA A100-SXM4-40GB MIG 4g.20gb (0),1,,13,"void convert_kernel<float2, __half2>(tensor_layout_any, T1 *, tensor_layout_any, const T2 *)"
6786315474,14111,177229,2253,1,1,128,1,1,16,0.000,0.000,,,,,NVIDIA A100-SXM4-40GB MIG 4g.20gb (0),1,,13,cupy_copy__float16_float16
6786515631,16384,177238,282,1,1,128,1,1,16,0.000,0.000,,,,,NVIDIA A100-SXM4-40GB MIG 4g.20gb (0),1,,13,cupy_copy__complex64_complex64
6786695501,4704,177247,26,1,1,128,1,1,16,0.000,0.000,,,,,NVIDIA A100-SXM4-40GB MIG 4g.20gb (0),1,,13,cupy_copy__float32_float32
6787216615,11584,177256,103,1,1,128,1,1,16,0.000,0.000,,,,,NVIDIA A100-SXM4-40GB MIG 4g.20gb (0),1,,13,cupy_copy__complex64_complex64
6787494436,16128,177266,1434,1,1,128,1,1,16,0.000,0.000,,,,,NVIDIA A100-SXM4-40GB MIG 4g.20gb (0),1,,13,cupy_copy__complex64_complex64
6787967327,262301,177271,1,1,1,32,32,1,30,0.000,0.000,,,,,NVIDIA A100-SXM4-40GB MIG 4g.20gb (0),1,,13,"void convert_kernel<__half2, float2>(tensor_layout_any, T1 *, tensor_layout_any, const T2 *)"
6788263483,5888,177274,,,,,,,,,,0.094,15912.954,Pinned,Device,NVIDIA A100-SXM4-40GB MIG 4g.20gb (0),1,,13,[CUDA memcpy Host-to-Device]
6788553880,623449,177275,,,,,,,,,,456.561,731867.988,Device,,NVIDIA A100-SXM4-40GB MIG 4g.20gb (0),1,,13,[CUDA memset]
6789183633,62047,177280,,,,,,,,,,1.235,19902.358,Pinned,Device,NVIDIA A100-SXM4-40GB MIG 4g.20gb (0),1,,13,[CUDA memcpy Host-to-Device]
6789248144,11008,177281,,,,,,,,,,0.197,17860.461,Pinned,Device,NVIDIA A100-SXM4-40GB MIG 4g.20gb (0),1,,13,[CUDA memcpy Host-to-Device]
6789755851,13919,177282,69,4,1,48,1,1,76,0.002,0.000,,,,,NVIDIA A100-SXM4-40GB MIG 4g.20gb (0),1,,13,"void ch_est::windowedChEstPreNoDftSOfdmKernel<float, __half, float, (unsigned int)2, (unsigned int)1, (unsigned short)4>(ch_est::puschRxChEstStatDescr_t *, ch_est::puschRxChEstDynDescr_t *)"
6790284325,10911,177283,137,2,1,24,2,1,44,0.001,0.001,,,,,NVIDIA A100-SXM4-40GB MIG 4g.20gb (0),1,,13,"void ch_est::chEstFilterNoDftSOfdmDispatchKernel<float, __half, float, (unsigned int)2>(ch_est::puschRxChEstStatDescr_t *, ch_est::puschRxChEstDynDescr_t *)"
6790814719,10815,177284,137,2,1,24,2,1,44,0.001,0.001,,,,,NVIDIA A100-SXM4-40GB MIG 4g.20gb (0),1,,13,"void ch_est::chEstFilterNoDftSOfdmDispatchKernel<float, __half, float, (unsigned int)2>(ch_est::puschRxChEstStatDescr_t *, ch_est::puschRxChEstDynDescr_t *)"
6791342425,4832,177295,103,1,1,128,1,1,16,0.000,0.000,,,,,NVIDIA A100-SXM4-40GB MIG 4g.20gb (0),1,,13,cupy_copy__complex64_complex64
6791966002,16255,177305,1434,1,1,128,1,1,16,0.000,0.000,,,,,NVIDIA A100-SXM4-40GB MIG 4g.20gb (0),1,,13,cupy_copy__complex64_complex64
6792663178,4224,177312,103,1,1,128,1,1,16,0.000,0.000,,,,,NVIDIA A100-SXM4-40GB MIG 4g.20gb (0),1,,13,cupy_copy__complex64_complex64
6793312994,229662,177319,1,1,1,32,32,1,30,0.000,0.000,,,,,NVIDIA A100-SXM4-40GB MIG 4g.20gb (0),1,,13,"void convert_kernel<__half2, float2>(tensor_layout_any, T1 *, tensor_layout_any, const T2 *)"
6793572927,9568,177322,,,,,,,,,,0.094,9792.637,Pinned,Device,NVIDIA A100-SXM4-40GB MIG 4g.20gb (0),1,,13,[CUDA memcpy Host-to-Device]
6793965659,58399,177323,,,,,,,,,,35.810,613173.260,Device,,NVIDIA A100-SXM4-40GB MIG 4g.20gb (0),1,,13,[CUDA memset]
6794032442,2528,177325,,,,,,,,,,0.000,31.646,Pinned,Device,NVIDIA A100-SXM4-40GB MIG 4g.20gb (0),1,,13,[CUDA memcpy Host-to-Device]
6794037562,11808,177326,,,,,,,,,,0.197,16650.338,Pinned,Device,NVIDIA A100-SXM4-40GB MIG 4g.20gb (0),1,,13,[CUDA memcpy Host-to-Device]
6794447637,24480,177327,273,1,1,48,1,1,40,0.000,0.001,,,,,NVIDIA A100-SXM4-40GB MIG 4g.20gb (0),1,,13,"void pusch_noise_intf_est::noiseIntfEstNoDftSOfdmKernel<float, __half, float, float, (unsigned int)2, (unsigned int)1, (unsigned char)4, (unsigned char)4>(pusch_noise_intf_est::puschRxNoiseIntfEstDynDescr)"
6794749458,5664,177338,35,1,1,128,1,1,16,0.000,0.000,,,,,NVIDIA A100-SXM4-40GB MIG 4g.20gb (0),1,,13,cupy_copy__complex64_complex64
6795122382,3488,177347,1,1,1,1,1,1,18,0.000,0.000,,,,,NVIDIA A100-SXM4-40GB MIG 4g.20gb (0),1,,13,cupy_copy__float32_float32
6795126606,1824,177353,,,,,,,,,,0.000,2.193,Device,Pageable,NVIDIA A100-SXM4-40GB MIG 4g.20gb (0),1,,7,[CUDA memcpy Device-to-Host]
6795611464,16416,177364,1434,1,1,128,1,1,16,0.000,0.000,,,,,NVIDIA A100-SXM4-40GB MIG 4g.20gb (0),1,,13,cupy_copy__complex64_complex64
6795832422,6912,177371,103,1,1,128,1,1,16,0.000,0.000,,,,,NVIDIA A100-SXM4-40GB MIG 4g.20gb (0),1,,13,cupy_copy__complex64_complex64
6796121987,5151,177378,35,1,1,128,1,1,16,0.000,0.000,,,,,NVIDIA A100-SXM4-40GB MIG 4g.20gb (0),1,,13,cupy_copy__complex64_complex64
6796527454,3616,177385,1,1,1,1,1,1,18,0.000,0.000,,,,,NVIDIA A100-SXM4-40GB MIG 4g.20gb (0),1,,13,cupy_copy__float32_float32
6796844570,240190,177396,1,1,1,32,32,1,30,0.000,0.000,,,,,NVIDIA A100-SXM4-40GB MIG 4g.20gb (0),1,,13,"void convert_kernel<__half2, float2>(tensor_layout_any, T1 *, tensor_layout_any, const T2 *)"
6797116823,5760,177399,,,,,,,,,,0.094,16266.656,Pinned,Device,NVIDIA A100-SXM4-40GB MIG 4g.20gb (0),1,,13,[CUDA memcpy Host-to-Device]
6797570034,5504,177400,,,,,,,,,,1.547,280999.928,Device,,NVIDIA A100-SXM4-40GB MIG 4g.20gb (0),1,,13,[CUDA memset]
6797583282,3072,177405,,,,,,,,,,0.031,10187.474,Pinned,Device,NVIDIA A100-SXM4-40GB MIG 4g.20gb (0),1,,13,[CUDA memcpy Host-to-Device]
6797589138,10784,177406,,,,,,,,,,0.197,18231.263,Pinned,Device,NVIDIA A100-SXM4-40GB MIG 4g.20gb (0),1,,13,[CUDA memcpy Host-to-Device]
6798024365,11520,177407,273,1,1,8,4,1,39,0.002,0.000,,,,,NVIDIA A100-SXM4-40GB MIG 4g.20gb (0),1,,13,"void channel_eq::eqMmseCoefCompLowMimoKernel<float, float, float, (unsigned int)4, (unsigned int)1, (unsigned int)4>(const channel_eq::_puschRxChEqStatDescr *, channel_eq::_puschRxChEqCoefCompDynDescr)"
6798475336,12448,177408,273,1,1,12,11,1,51,0.002,0.000,,,,,NVIDIA A100-SXM4-40GB MIG 4g.20gb (0),1,,13,"void channel_eq::eqMmseSoftDemapKernel<float, __half, __half, float, (unsigned int)4, (unsigned short)16383>(channel_eq::_puschRxChEqStatDescr *, channel_eq::_puschRxChEqSoftDemapDynDescr)"
6798937667,543578,177409,1,1,1,32,32,1,30,0.000,0.000,,,,,NVIDIA A100-SXM4-40GB MIG 4g.20gb (0),1,,13,"void convert_kernel<float2, __half2>(tensor_layout_any, T1 *, tensor_layout_any, const T2 *)"
6799849304,13376,177421,2253,1,1,128,1,1,16,0.000,0.000,,,,,NVIDIA A100-SXM4-40GB MIG 4g.20gb (0),1,,13,cupy_copy__float16_float16
6800311379,6336,177430,282,1,1,128,1,1,16,0.000,0.000,,,,,NVIDIA A100-SXM4-40GB MIG 4g.20gb (0),1,,13,cupy_copy__complex64_complex64
6800703727,5120,177439,26,1,1,128,1,1,16,0.000,0.000,,,,,NVIDIA A100-SXM4-40GB MIG 4g.20gb (0),1,,13,cupy_copy__float32_float32
6800919084,8256,177448,103,1,1,128,1,1,16,0.000,0.000,,,,,NVIDIA A100-SXM4-40GB MIG 4g.20gb (0),1,,13,cupy_copy__complex64_complex64
6801110794,18496,177458,1434,1,1,128,1,1,16,0.000,0.000,,,,,NVIDIA A100-SXM4-40GB MIG 4g.20gb (0),1,,13,cupy_copy__complex64_complex64
6801239561,129950,177463,1,1,1,32,32,1,30,0.000,0.000,,,,,NVIDIA A100-SXM4-40GB MIG 4g.20gb (0),1,,13,"void convert_kernel<__half2, float2>(tensor_layout_any, T1 *, tensor_layout_any, const T2 *)"
6801400679,5792,177466,,,,,,,,,,0.094,16176.708,Pinned,Device,NVIDIA A100-SXM4-40GB MIG 4g.20gb (0),1,,13,[CUDA memcpy Host-to-Device]
6801624100,618617,177467,,,,,,,,,,456.561,737803.287,Device,,NVIDIA A100-SXM4-40GB MIG 4g.20gb (0),1,,13,[CUDA memset]
6802247613,53824,177472,,,,,,,,,,1.235,22944.025,Pinned,Device,NVIDIA A100-SXM4-40GB MIG 4g.20gb (0),1,,13,[CUDA memcpy Host-to-Device]
6802304029,9439,177473,,,,,,,,,,0.197,20829.241,Pinned,Device,NVIDIA A100-SXM4-40GB MIG 4g.20gb (0),1,,13,[CUDA memcpy Host-to-Device]
6802542874,13760,177474,69,4,1,48,1,1,76,0.002,0.000,,,,,NVIDIA A100-SXM4-40GB MIG 4g.20gb (0),1,,13,"void ch_est::windowedChEstPreNoDftSOfdmKernel<float, __half, float, (unsigned int)2, (unsigned int)1, (unsigned short)4>(ch_est::puschRxChEstStatDescr_t *, ch_est::puschRxChEstDynDescr_t *)"
6802869430,12064,177475,137,2,1,24,2,1,44,0.001,0.001,,,,,NVIDIA A100-SXM4-40GB MIG 4g.20gb (0),1,,13,"void ch_est::chEstFilterNoDftSOfdmDispatchKernel<float, __half, float, (unsigned int)2>(ch_est::puschRxChEstStatDescr_t *, ch_est::puschRxChEstDynDescr_t *)"
6803314289,21344,177476,137,2,1,24,2,1,44,0.001,0.001,,,,,NVIDIA A100-SXM4-40GB MIG 4g.20gb (0),1,,13,"void ch_est::chEstFilterNoDftSOfdmDispatchKernel<float, __half, float, (unsigned int)2>(ch_est::puschRxChEstStatDescr_t *, ch_est::puschRxChEstDynDescr_t *)"
6803599758,3872,177487,103,1,1,128,1,1,16,0.000,0.000,,,,,NVIDIA A100-SXM4-40GB MIG 4g.20gb (0),1,,13,cupy_copy__complex64_complex64
6804036137,18656,177497,1434,1,1,128,1,1,16,0.000,0.000,,,,,NVIDIA A100-SXM4-40GB MIG 4g.20gb (0),1,,13,cupy_copy__complex64_complex64
6804445604,3936,177504,103,1,1,128,1,1,16,0.000,0.000,,,,,NVIDIA A100-SXM4-40GB MIG 4g.20gb (0),1,,13,cupy_copy__complex64_complex64
6804865984,232573,177511,1,1,1,32,32,1,30,0.000,0.000,,,,,NVIDIA A100-SXM4-40GB MIG 4g.20gb (0),1,,13,"void convert_kernel<__half2, float2>(tensor_layout_any, T1 *, tensor_layout_any, const T2 *)"
6805129245,7135,177514,,,,,,,,,,0.094,13131.869,Pinned,Device,NVIDIA A100-SXM4-40GB MIG 4g.20gb (0),1,,13,[CUDA memcpy Host-to-Device]
6805584567,53024,177515,,,,,,,,,,35.810,675339.281,Device,,NVIDIA A100-SXM4-40GB MIG 4g.20gb (0),1,,13,[CUDA memset]
6805645495,2048,177517,,,,,,,,,,0.000,39.062,Pinned,Device,NVIDIA A100-SXM4-40GB MIG 4g.20gb (0),1,,13,[CUDA memcpy Host-to-Device]
6805649975,9792,177518,,,,,,,,,,0.197,20078.395,Pinned,Device,NVIDIA A100-SXM4-40GB MIG 4g.20gb (0),1,,13,[CUDA memcpy Host-to-Device]
6806253904,13888,177519,273,1,1,48,1,1,40,0.000,0.001,,,,,NVIDIA A100-SXM4-40GB MIG 4g.20gb (0),1,,13,"void pusch_noise_intf_est::noiseIntfEstNoDftSOfdmKernel<float, __half, float, float, (unsigned int)2, (unsigned int)1, (unsigned char)4, (unsigned char)4>(pusch_noise_intf_est::puschRxNoiseIntfEstDynDescr)"
6806876521,4672,177530,35,1,1,128,1,1,16,0.000,0.000,,,,,NVIDIA A100-SXM4-40GB MIG 4g.20gb (0),1,,13,cupy_copy__complex64_complex64
6807436738,3744,177539,1,1,1,1,1,1,18,0.000,0.000,,,,,NVIDIA A100-SXM4-40GB MIG 4g.20gb (0),1,,13,cupy_copy__float32_float32
6807442594,4864,177545,,,,,,,,,,0.000,0.822,Device,Pageable,NVIDIA A100-SXM4-40GB MIG 4g.20gb (0),1,,7,[CUDA memcpy Device-to-Host]
6808089819,14688,177556,1434,1,1,128,1,1,16,0.000,0.000,,,,,NVIDIA A100-SXM4-40GB MIG 4g.20gb (0),1,,13,cupy_copy__complex64_complex64
6808658645,15999,177563,103,1,1,128,1,1,16,0.000,0.000,,,,,NVIDIA A100-SXM4-40GB MIG 4g.20gb (0),1,,13,cupy_copy__complex64_complex64
6808917938,19199,177570,35,1,1,128,1,1,16,0.000,0.000,,,,,NVIDIA A100-SXM4-40GB MIG 4g.20gb (0),1,,13,cupy_copy__complex64_complex64
6809197455,3295,177577,1,1,1,1,1,1,18,0.000,0.000,,,,,NVIDIA A100-SXM4-40GB MIG 4g.20gb (0),1,,13,cupy_copy__float32_float32
6809537323,273373,177588,1,1,1,32,32,1,30,0.000,0.000,,,,,NVIDIA A100-SXM4-40GB MIG 4g.20gb (0),1,,13,"void convert_kernel<__half2, float2>(tensor_layout_any, T1 *, tensor_layout_any, const T2 *)"
6809841511,6656,177591,,,,,,,,,,0.094,14076.887,Pinned,Device,NVIDIA A100-SXM4-40GB MIG 4g.20gb (0),1,,13,[CUDA memcpy Host-to-Device]
6810113188,15936,177592,,,,,,,,,,1.547,97052.203,Device,,NVIDIA A100-SXM4-40GB MIG 4g.20gb (0),1,,13,[CUDA memset]
6810136708,4960,177597,,,,,,,,,,0.031,6309.649,Pinned,Device,NVIDIA A100-SXM4-40GB MIG 4g.20gb (0),1,,13,[CUDA memcpy Host-to-Device]
6810147972,12416,177598,,,,,,,,,,0.197,15835.005,Pinned,Device,NVIDIA A100-SXM4-40GB MIG 4g.20gb (0),1,,13,[CUDA memcpy Host-to-Device]
6810514912,30815,177599,273,1,1,8,4,1,39,0.002,0.000,,,,,NVIDIA A100-SXM4-40GB MIG 4g.20gb (0),1,,13,"void channel_eq::eqMmseCoefCompLowMimoKernel<float, float, float, (unsigned int)4, (unsigned int)1, (unsigned int)4>(const channel_eq::_puschRxChEqStatDescr *, channel_eq::_puschRxChEqCoefCompDynDescr)"
6810797500,12608,177600,273,1,1,12,11,1,51,0.002,0.000,,,,,NVIDIA A100-SXM4-40GB MIG 4g.20gb (0),1,,13,"void channel_eq::eqMmseSoftDemapKernel<float, __half, __half, float, (unsigned int)4, (unsigned short)16383>(channel_eq::_puschRxChEqStatDescr *, channel_eq::_puschRxChEqSoftDemapDynDescr)"
6811045690,293788,177601,1,1,1,32,32,1,30,0.000,0.000,,,,,NVIDIA A100-SXM4-40GB MIG 4g.20gb (0),1,,13,"void convert_kernel<float2, __half2>(tensor_layout_any, T1 *, tensor_layout_any, const T2 *)"
6811521492,12832,177613,2253,1,1,128,1,1,16,0.000,0.000,,,,,NVIDIA A100-SXM4-40GB MIG 4g.20gb (0),1,,13,cupy_copy__float16_float16
6811844305,6143,177622,282,1,1,128,1,1,16,0.000,0.000,,,,,NVIDIA A100-SXM4-40GB MIG 4g.20gb (0),1,,13,cupy_copy__complex64_complex64
6812222348,3296,177631,26,1,1,128,1,1,16,0.000,0.000,,,,,NVIDIA A100-SXM4-40GB MIG 4g.20gb (0),1,,13,cupy_copy__float32_float32
6812544041,9600,177640,103,1,1,128,1,1,16,0.000,0.000,,,,,NVIDIA A100-SXM4-40GB MIG 4g.20gb (0),1,,13,cupy_copy__complex64_complex64
6812780646,15424,177650,1434,1,1,128,1,1,16,0.000,0.000,,,,,NVIDIA A100-SXM4-40GB MIG 4g.20gb (0),1,,13,cupy_copy__complex64_complex64
6813114146,239357,177655,1,1,1,32,32,1,30,0.000,0.000,,,,,NVIDIA A100-SXM4-40GB MIG 4g.20gb (0),1,,13,"void convert_kernel<__half2, float2>(tensor_layout_any, T1 *, tensor_layout_any, const T2 *)"
6813384415,5984,177658,,,,,,,,,,0.094,15657.726,Pinned,Device,NVIDIA A100-SXM4-40GB MIG 4g.20gb (0),1,,13,[CUDA memcpy Host-to-Device]
6813729147,615129,177659,,,,,,,,,,456.561,741912.340,Device,,NVIDIA A100-SXM4-40GB MIG 4g.20gb (0),1,,13,[CUDA memset]
6814350132,54912,177664,,,,,,,,,,1.235,22488.330,Pinned,Device,NVIDIA A100-SXM4-40GB MIG 4g.20gb (0),1,,13,[CUDA memcpy Host-to-Device]
6814407572,11551,177665,,,,,,,,,,0.197,17020.748,Pinned,Device,NVIDIA A100-SXM4-40GB MIG 4g.20gb (0),1,,13,[CUDA memcpy Host-to-Device]
6814724400,12704,177666,69,4,1,48,1,1,76,0.002,0.000,,,,,NVIDIA A100-SXM4-40GB MIG 4g.20gb (0),1,,13,"void ch_est::windowedChEstPreNoDftSOfdmKernel<float, __half, float, (unsigned int)2, (unsigned int)1, (unsigned short)4>(ch_est::puschRxChEstStatDescr_t *, ch_est::puschRxChEstDynDescr_t *)"
6815105868,10624,177667,137,2,1,24,2,1,44,0.001,0.001,,,,,NVIDIA A100-SXM4-40GB MIG 4g.20gb (0),1,,13,"void ch_est::chEstFilterNoDftSOfdmDispatchKernel<float, __half, float, (unsigned int)2>(ch_est::puschRxChEstStatDescr_t *, ch_est::puschRxChEstDynDescr_t *)"
6815483687,11392,177668,137,2,1,24,2,1,44,0.001,0.001,,,,,NVIDIA A100-SXM4-40GB MIG 4g.20gb (0),1,,13,"void ch_est::chEstFilterNoDftSOfdmDispatchKernel<float, __half, float, (unsigned int)2>(ch_est::puschRxChEstStatDescr_t *, ch_est::puschRxChEstDynDescr_t *)"
6815861251,4864,177679,103,1,1,128,1,1,16,0.000,0.000,,,,,NVIDIA A100-SXM4-40GB MIG 4g.20gb (0),1,,13,cupy_copy__complex64_complex64
6816169664,34655,177689,1434,1,1,128,1,1,16,0.000,0.000,,,,,NVIDIA A100-SXM4-40GB MIG 4g.20gb (0),1,,13,cupy_copy__complex64_complex64
6816470396,4768,177696,103,1,1,128,1,1,16,0.000,0.000,,,,,NVIDIA A100-SXM4-40GB MIG 4g.20gb (0),1,,13,cupy_copy__complex64_complex64
6816679162,254877,177703,1,1,1,32,32,1,30,0.000,0.000,,,,,NVIDIA A100-SXM4-40GB MIG 4g.20gb (0),1,,13,"void convert_kernel<__half2, float2>(tensor_layout_any, T1 *, tensor_layout_any, const T2 *)"
6816964535,5472,177706,,,,,,,,,,0.094,17122.757,Pinned,Device,NVIDIA A100-SXM4-40GB MIG 4g.20gb (0),1,,13,[CUDA memcpy Host-to-Device]
6817091189,55648,177707,,,,,,,,,,35.810,643504.262,Device,,NVIDIA A100-SXM4-40GB MIG 4g.20gb (0),1,,13,[CUDA memset]
6817152052,5952,177709,,,,,,,,,,0.000,13.441,Pinned,Device,NVIDIA A100-SXM4-40GB MIG 4g.20gb (0),1,,13,[CUDA memcpy Host-to-Device]
6817160724,9696,177710,,,,,,,,,,0.197,20277.166,Pinned,Device,NVIDIA A100-SXM4-40GB MIG 4g.20gb (0),1,,13,[CUDA memcpy Host-to-Device]
6817416145,23488,177711,273,1,1,48,1,1,40,0.000,0.001,,,,,NVIDIA A100-SXM4-40GB MIG 4g.20gb (0),1,,13,"void pusch_noise_intf_est::noiseIntfEstNoDftSOfdmKernel<float, __half, float, float, (unsigned int)2, (unsigned int)1, (unsigned char)4, (unsigned char)4>(pusch_noise_intf_est::puschRxNoiseIntfEstDynDescr)"
6817663119,5280,177722,35,1,1,128,1,1,16,0.000,0.000,,,,,NVIDIA A100-SXM4-40GB MIG 4g.20gb (0),1,,13,cupy_copy__complex64_complex64
6818010539,3200,177731,1,1,1,1,1,1,18,0.000,0.000,,,,,NVIDIA A100-SXM4-40GB MIG 4g.20gb (0),1,,13,cupy_copy__float32_float32
6818019083,1600,177737,,,,,,,,,,0.000,2.500,Device,Pageable,NVIDIA A100-SXM4-40GB MIG 4g.20gb (0),1,,7,[CUDA memcpy Device-to-Host]
6818551589,16191,177748,1434,1,1,128,1,1,16,0.000,0.000,,,,,NVIDIA A100-SXM4-40GB MIG 4g.20gb (0),1,,13,cupy_copy__complex64_complex64
6819174270,5792,177755,103,1,1,128,1,1,16,0.000,0.000,,,,,NVIDIA A100-SXM4-40GB MIG 4g.20gb (0),1,,13,cupy_copy__complex64_complex64
6819865366,6720,177762,35,1,1,128,1,1,16,0.000,0.000,,,,,NVIDIA A100-SXM4-40GB MIG 4g.20gb (0),1,,13,cupy_copy__complex64_complex64
6820241170,3039,177769,1,1,1,1,1,1,18,0.000,0.000,,,,,NVIDIA A100-SXM4-40GB MIG 4g.20gb (0),1,,13,cupy_copy__float32_float32
6820944490,252861,177780,1,1,1,32,32,1,30,0.000,0.000,,,,,NVIDIA A100-SXM4-40GB MIG 4g.20gb (0),1,,13,"void convert_kernel<__half2, float2>(tensor_layout_any, T1 *, tensor_layout_any, const T2 *)"
6821230150,6240,177783,,,,,,,,,,0.094,15015.346,Pinned,Device,NVIDIA A100-SXM4-40GB MIG 4g.20gb (0),1,,13,[CUDA memcpy Host-to-Device]
6821778304,6112,177784,,,,,,,,,,1.547,253046.246,Device,,NVIDIA A100-SXM4-40GB MIG 4g.20gb (0),1,,13,[CUDA memset]
6821791744,6880,177789,,,,,,,,,,0.031,4548.811,Pinned,Device,NVIDIA A100-SXM4-40GB MIG 4g.20gb (0),1,,13,[CUDA memcpy Host-to-Device]
6821805952,13280,177790,,,,,,,,,,0.197,14804.779,Pinned,Device,NVIDIA A100-SXM4-40GB MIG 4g.20gb (0),1,,13,[CUDA memcpy Host-to-Device]
6822534360,13055,177791,273,1,1,8,4,1,39,0.002,0.000,,,,,NVIDIA A100-SXM4-40GB MIG 4g.20gb (0),1,,13,"void channel_eq::eqMmseCoefCompLowMimoKernel<float, float, float, (unsigned int)4, (unsigned int)1, (unsigned int)4>(const channel_eq::_puschRxChEqStatDescr *, channel_eq::_puschRxChEqCoefCompDynDescr)"
6823288047,15424,177792,273,1,1,12,11,1,51,0.002,0.000,,,,,NVIDIA A100-SXM4-40GB MIG 4g.20gb (0),1,,13,"void channel_eq::eqMmseSoftDemapKernel<float, __half, __half, float, (unsigned int)4, (unsigned short)16383>(channel_eq::_puschRxChEqStatDescr *, channel_eq::_puschRxChEqSoftDemapDynDescr)"
6824047910,695513,177793,1,1,1,32,32,1,30,0.000,0.000,,,,,NVIDIA A100-SXM4-40GB MIG 4g.20gb (0),1,,13,"void convert_kernel<float2, __half2>(tensor_layout_any, T1 *, tensor_layout_any, const T2 *)"
6825332024,18560,177805,2253,1,1,128,1,1,16,0.000,0.000,,,,,NVIDIA A100-SXM4-40GB MIG 4g.20gb (0),1,,13,cupy_copy__float16_float16
6825816402,6048,177814,282,1,1,128,1,1,16,0.000,0.000,,,,,NVIDIA A100-SXM4-40GB MIG 4g.20gb (0),1,,13,cupy_copy__complex64_complex64
6826030480,4000,177823,26,1,1,128,1,1,16,0.000,0.000,,,,,NVIDIA A100-SXM4-40GB MIG 4g.20gb (0),1,,13,cupy_copy__float32_float32
6826236654,8928,177832,103,1,1,128,1,1,16,0.000,0.000,,,,,NVIDIA A100-SXM4-40GB MIG 4g.20gb (0),1,,13,cupy_copy__complex64_complex64
6826427179,18624,177842,1434,1,1,128,1,1,16,0.000,0.000,,,,,NVIDIA A100-SXM4-40GB MIG 4g.20gb (0),1,,13,cupy_copy__complex64_complex64
6826561802,81087,177847,1,1,1,32,32,1,30,0.000,0.000,,,,,NVIDIA A100-SXM4-40GB MIG 4g.20gb (0),1,,13,"void convert_kernel<__half2, float2>(tensor_layout_any, T1 *, tensor_layout_any, const T2 *)"
6826673961,5472,177850,,,,,,,,,,0.094,17122.757,Pinned,Device,NVIDIA A100-SXM4-40GB MIG 4g.20gb (0),1,,13,[CUDA memcpy Host-to-Device]
6826804903,616057,177851,,,,,,,,,,456.561,740999.217,Device,,NVIDIA A100-SXM4-40GB MIG 4g.20gb (0),1,,13,[CUDA memset]
6827425312,58400,177856,,,,,,,,,,1.235,21145.946,Pinned,Device,NVIDIA A100-SXM4-40GB MIG 4g.20gb (0),1,,13,[CUDA memcpy Host-to-Device]
6827486335,10688,177857,,,,,,,,,,0.197,18395.038,Pinned,Device,NVIDIA A100-SXM4-40GB MIG 4g.20gb (0),1,,13,[CUDA memcpy Host-to-Device]
6827749725,15007,177858,69,4,1,48,1,1,76,0.002,0.000,,,,,NVIDIA A100-SXM4-40GB MIG 4g.20gb (0),1,,13,"void ch_est::windowedChEstPreNoDftSOfdmKernel<float, __half, float, (unsigned int)2, (unsigned int)1, (unsigned short)4>(ch_est::puschRxChEstStatDescr_t *, ch_est::puschRxChEstDynDescr_t *)"
6828516052,17568,177859,137,2,1,24,2,1,44,0.001,0.001,,,,,NVIDIA A100-SXM4-40GB MIG 4g.20gb (0),1,,13,"void ch_est::chEstFilterNoDftSOfdmDispatchKernel<float, __half, float, (unsigned int)2>(ch_est::puschRxChEstStatDescr_t *, ch_est::puschRxChEstDynDescr_t *)"
6828818640,10880,177860,137,2,1,24,2,1,44,0.001,0.001,,,,,NVIDIA A100-SXM4-40GB MIG 4g.20gb (0),1,,13,"void ch_est::chEstFilterNoDftSOfdmDispatchKernel<float, __half, float, (unsigned int)2>(ch_est::puschRxChEstStatDescr_t *, ch_est::puschRxChEstDynDescr_t *)"
6829601576,4703,177871,103,1,1,128,1,1,16,0.000,0.000,,,,,NVIDIA A100-SXM4-40GB MIG 4g.20gb (0),1,,13,cupy_copy__complex64_complex64
6830322719,16288,177881,1434,1,1,128,1,1,16,0.000,0.000,,,,,NVIDIA A100-SXM4-40GB MIG 4g.20gb (0),1,,13,cupy_copy__complex64_complex64
6831111478,5152,177888,103,1,1,128,1,1,16,0.000,0.000,,,,,NVIDIA A100-SXM4-40GB MIG 4g.20gb (0),1,,13,cupy_copy__complex64_complex64
6831893934,243357,177895,1,1,1,32,32,1,30,0.000,0.000,,,,,NVIDIA A100-SXM4-40GB MIG 4g.20gb (0),1,,13,"void convert_kernel<__half2, float2>(tensor_layout_any, T1 *, tensor_layout_any, const T2 *)"
6832169450,6016,177898,,,,,,,,,,0.094,15574.430,Pinned,Device,NVIDIA A100-SXM4-40GB MIG 4g.20gb (0),1,,13,[CUDA memcpy Host-to-Device]
6832770532,53535,177899,,,,,,,,,,35.810,668893.496,Device,,NVIDIA A100-SXM4-40GB MIG 4g.20gb (0),1,,13,[CUDA memset]
6832828291,2816,177901,,,,,,,,,,0.000,28.409,Pinned,Device,NVIDIA A100-SXM4-40GB MIG 4g.20gb (0),1,,13,[CUDA memcpy Host-to-Device]
6832833603,9504,177902,,,,,,,,,,0.197,20686.701,Pinned,Device,NVIDIA A100-SXM4-40GB MIG 4g.20gb (0),1,,13,[CUDA memcpy Host-to-Device]
6833605402,15584,177903,273,1,1,48,1,1,40,0.000,0.001,,,,,NVIDIA A100-SXM4-40GB MIG 4g.20gb (0),1,,13,"void pusch_noise_intf_est::noiseIntfEstNoDftSOfdmKernel<float, __half, float, float, (unsigned int)2, (unsigned int)1, (unsigned char)4, (unsigned char)4>(pusch_noise_intf_est::puschRxNoiseIntfEstDynDescr)"
6834532784,5344,177914,35,1,1,128,1,1,16,0.000,0.000,,,,,NVIDIA A100-SXM4-40GB MIG 4g.20gb (0),1,,13,cupy_copy__complex64_complex64
6835398918,3488,177923,1,1,1,1,1,1,18,0.000,0.000,,,,,NVIDIA A100-SXM4-40GB MIG 4g.20gb (0),1,,13,cupy_copy__float32_float32
6835409766,1600,177929,,,,,,,,,,0.000,2.500,Device,Pageable,NVIDIA A100-SXM4-40GB MIG 4g.20gb (0),1,,7,[CUDA memcpy Device-to-Host]
6836379707,15232,177940,1434,1,1,128,1,1,16,0.000,0.000,,,,,NVIDIA A100-SXM4-40GB MIG 4g.20gb (0),1,,13,cupy_copy__complex64_complex64
6836802262,5024,177947,103,1,1,128,1,1,16,0.000,0.000,,,,,NVIDIA A100-SXM4-40GB MIG 4g.20gb (0),1,,13,cupy_copy__complex64_complex64
6837139090,24768,177954,35,1,1,128,1,1,16,0.000,0.000,,,,,NVIDIA A100-SXM4-40GB MIG 4g.20gb (0),1,,13,cupy_copy__complex64_complex64
6837431215,4224,177961,1,1,1,1,1,1,18,0.000,0.000,,,,,NVIDIA A100-SXM4-40GB MIG 4g.20gb (0),1,,13,cupy_copy__float32_float32
6837810827,247421,177972,1,1,1,32,32,1,30,0.000,0.000,,,,,NVIDIA A100-SXM4-40GB MIG 4g.20gb (0),1,,13,"void convert_kernel<__half2, float2>(tensor_layout_any, T1 *, tensor_layout_any, const T2 *)"
6838088615,6048,177975,,,,,,,,,,0.094,15491.978,Pinned,Device,NVIDIA A100-SXM4-40GB MIG 4g.20gb (0),1,,13,[CUDA memcpy Host-to-Device]
6838461219,4736,177976,,,,,,,,,,1.547,326566.564,Device,,NVIDIA A100-SXM4-40GB MIG 4g.20gb (0),1,,13,[CUDA memset]
6838473539,3552,177981,,,,,,,,,,0.031,8810.794,Pinned,Device,NVIDIA A100-SXM4-40GB MIG 4g.20gb (0),1,,13,[CUDA memcpy Host-to-Device]
6838479811,10144,177982,,,,,,,,,,0.197,19381.617,Pinned,Device,NVIDIA A100-SXM4-40GB MIG 4g.20gb (0),1,,13,[CUDA memcpy Host-to-Device]
6838878975,23007,177983,273,1,1,8,4,1,39,0.002,0.000,,,,,NVIDIA A100-SXM4-40GB MIG 4g.20gb (0),1,,13,"void channel_eq::eqMmseCoefCompLowMimoKernel<float, float, float, (unsigned int)4, (unsigned int)1, (unsigned int)4>(const channel_eq::_puschRxChEqStatDescr *, channel_eq::_puschRxChEqCoefCompDynDescr)"
6839376153,10720,177984,273,1,1,12,11,1,51,0.002,0.000,,,,,NVIDIA A100-SXM4-40GB MIG 4g.20gb (0),1,,13,"void channel_eq::eqMmseSoftDemapKernel<float, __half, __half, float, (unsigned int)4, (unsigned short)16383>(channel_eq::_puschRxChEqStatDescr *, channel_eq::_puschRxChEqSoftDemapDynDescr)"
6839842452,639288,177985,1,1,1,32,32,1,30,0.000,0.000,,,,,NVIDIA A100-SXM4-40GB MIG 4g.20gb (0),1,,13,"void convert_kernel<float2, __half2>(tensor_layout_any, T1 *, tensor_layout_any, const T2 *)"
6840922887,13408,177997,2253,1,1,128,1,1,16,0.000,0.000,,,,,NVIDIA A100-SXM4-40GB MIG 4g.20gb (0),1,,13,cupy_copy__float16_float16
6841347555,16415,178006,282,1,1,128,1,1,16,0.000,0.000,,,,,NVIDIA A100-SXM4-40GB MIG 4g.20gb (0),1,,13,cupy_copy__complex64_complex64
6841678591,5152,178015,26,1,1,128,1,1,16,0.000,0.000,,,,,NVIDIA A100-SXM4-40GB MIG 4g.20gb (0),1,,13,cupy_copy__float32_float32
6842077210,7584,178024,103,1,1,128,1,1,16,0.000,0.000,,,,,NVIDIA A100-SXM4-40GB MIG 4g.20gb (0),1,,13,cupy_copy__complex64_complex64
6842355735,16704,178034,1434,1,1,128,1,1,16,0.000,0.000,,,,,NVIDIA A100-SXM4-40GB MIG 4g.20gb (0),1,,13,cupy_copy__complex64_complex64
6842794066,249117,178039,1,1,1,32,32,1,30,0.000,0.000,,,,,NVIDIA A100-SXM4-40GB MIG 4g.20gb (0),1,,13,"void convert_kernel<__half2, float2>(tensor_layout_any, T1 *, tensor_layout_any, const T2 *)"
6843074447,5920,178042,,,,,,,,,,0.094,15826.941,Pinned,Device,NVIDIA A100-SXM4-40GB MIG 4g.20gb (0),1,,13,[CUDA memcpy Host-to-Device]
6843529418,618809,178043,,,,,,,,,,456.561,737803.287,Device,,NVIDIA A100-SXM4-40GB MIG 4g.20gb (0),1,,13,[CUDA memset]
6844154595,55039,178048,,,,,,,,,,1.235,22436.463,Pinned,Device,NVIDIA A100-SXM4-40GB MIG 4g.20gb (0),1,,13,[CUDA memcpy Host-to-Device]
6844212098,13088,178049,,,,,,,,,,0.197,15021.834,Pinned,Device,NVIDIA A100-SXM4-40GB MIG 4g.20gb (0),1,,13,[CUDA memcpy Host-to-Device]
6844610174,11296,178050,69,4,1,48,1,1,76,0.002,0.000,,,,,NVIDIA A100-SXM4-40GB MIG 4g.20gb (0),1,,13,"void ch_est::windowedChEstPreNoDftSOfdmKernel<float, __half, float, (unsigned int)2, (unsigned int)1, (unsigned short)4>(ch_est::puschRxChEstStatDescr_t *, ch_est::puschRxChEstDynDescr_t *)"
6844888666,13248,178051,137,2,1,24,2,1,44,0.001,0.001,,,,,NVIDIA A100-SXM4-40GB MIG 4g.20gb (0),1,,13,"void ch_est::chEstFilterNoDftSOfdmDispatchKernel<float, __half, float, (unsigned int)2>(ch_est::puschRxChEstStatDescr_t *, ch_est::puschRxChEstDynDescr_t *)"
6845133080,16864,178052,137,2,1,24,2,1,44,0.001,0.001,,,,,NVIDIA A100-SXM4-40GB MIG 4g.20gb (0),1,,13,"void ch_est::chEstFilterNoDftSOfdmDispatchKernel<float, __half, float, (unsigned int)2>(ch_est::puschRxChEstStatDescr_t *, ch_est::puschRxChEstDynDescr_t *)"
6845371381,3744,178063,103,1,1,128,1,1,16,0.000,0.000,,,,,NVIDIA A100-SXM4-40GB MIG 4g.20gb (0),1,,13,cupy_copy__complex64_complex64
6845558099,17600,178073,1434,1,1,128,1,1,16,0.000,0.000,,,,,NVIDIA A100-SXM4-40GB MIG 4g.20gb (0),1,,13,cupy_copy__complex64_complex64
6845890927,7648,178080,103,1,1,128,1,1,16,0.000,0.000,,,,,NVIDIA A100-SXM4-40GB MIG 4g.20gb (0),1,,13,cupy_copy__complex64_complex64
6846116173,220221,178087,1,1,1,32,32,1,30,0.000,0.000,,,,,NVIDIA A100-SXM4-40GB MIG 4g.20gb (0),1,,13,"void convert_kernel<__half2, float2>(tensor_layout_any, T1 *, tensor_layout_any, const T2 *)"
6846366826,5696,178090,,,,,,,,,,0.094,16449.363,Pinned,Device,NVIDIA A100-SXM4-40GB MIG 4g.20gb (0),1,,13,[CUDA memcpy Host-to-Device]
6846786213,49279,178091,,,,,,,,,,35.810,726654.897,Device,,NVIDIA A100-SXM4-40GB MIG 4g.20gb (0),1,,13,[CUDA memset]
6846837636,2176,178093,,,,,,,,,,0.000,36.765,Pinned,Device,NVIDIA A100-SXM4-40GB MIG 4g.20gb (0),1,,13,[CUDA memcpy Host-to-Device]
6846842436,9440,178094,,,,,,,,,,0.197,20827.079,Pinned,Device,NVIDIA A100-SXM4-40GB MIG 4g.20gb (0),1,,13,[CUDA memcpy Host-to-Device]
6847361918,14112,178095,273,1,1,48,1,1,40,0.000,0.001,,,,,NVIDIA A100-SXM4-40GB MIG 4g.20gb (0),1,,13,"void pusch_noise_intf_est::noiseIntfEstNoDftSOfdmKernel<float, __half, float, float, (unsigned int)2, (unsigned int)1, (unsigned char)4, (unsigned char)4>(pusch_noise_intf_est::puschRxNoiseIntfEstDynDescr)"
6847812761,7232,178106,35,1,1,128,1,1,16,0.000,0.000,,,,,NVIDIA A100-SXM4-40GB MIG 4g.20gb (0),1,,13,cupy_copy__complex64_complex64
6848415539,3968,178115,1,1,1,1,1,1,18,0.000,0.000,,,,,NVIDIA A100-SXM4-40GB MIG 4g.20gb (0),1,,13,cupy_copy__float32_float32
6848427730,1600,178121,,,,,,,,,,0.000,2.500,Device,Pageable,NVIDIA A100-SXM4-40GB MIG 4g.20gb (0),1,,7,[CUDA memcpy Device-to-Host]
6848938477,15583,178132,1434,1,1,128,1,1,16,0.000,0.000,,,,,NVIDIA A100-SXM4-40GB MIG 4g.20gb (0),1,,13,cupy_copy__complex64_complex64
6849608805,3968,178139,103,1,1,128,1,1,16,0.000,0.000,,,,,NVIDIA A100-SXM4-40GB MIG 4g.20gb (0),1,,13,cupy_copy__complex64_complex64
6850224702,6688,178146,35,1,1,128,1,1,16,0.000,0.000,,,,,NVIDIA A100-SXM4-40GB MIG 4g.20gb (0),1,,13,cupy_copy__complex64_complex64
6850753304,3104,178153,1,1,1,1,1,1,18,0.000,0.000,,,,,NVIDIA A100-SXM4-40GB MIG 4g.20gb (0),1,,13,cupy_copy__float32_float32
6851351537,233694,178164,1,1,1,32,32,1,30,0.000,0.000,,,,,NVIDIA A100-SXM4-40GB MIG 4g.20gb (0),1,,13,"void convert_kernel<__half2, float2>(tensor_layout_any, T1 *, tensor_layout_any, const T2 *)"
6851615022,5856,178167,,,,,,,,,,0.094,15999.997,Pinned,Device,NVIDIA A100-SXM4-40GB MIG 4g.20gb (0),1,,13,[CUDA memcpy Host-to-Device]
6852247623,5664,178168,,,,,,,,,,1.547,273061.107,Device,,NVIDIA A100-SXM4-40GB MIG 4g.20gb (0),1,,13,[CUDA memset]
6852259495,3424,178173,,,,,,,,,,0.031,9140.185,Pinned,Device,NVIDIA A100-SXM4-40GB MIG 4g.20gb (0),1,,13,[CUDA memcpy Host-to-Device]
6852266119,9760,178174,,,,,,,,,,0.197,20144.259,Pinned,Device,NVIDIA A100-SXM4-40GB MIG 4g.20gb (0),1,,13,[CUDA memcpy Host-to-Device]
6852906880,10688,178175,273,1,1,8,4,1,39,0.002,0.000,,,,,NVIDIA A100-SXM4-40GB MIG 4g.20gb (0),1,,13,"void channel_eq::eqMmseCoefCompLowMimoKernel<float, float, float, (unsigned int)4, (unsigned int)1, (unsigned int)4>(const channel_eq::_puschRxChEqStatDescr *, channel_eq::_puschRxChEqCoefCompDynDescr)"
6853318331,24160,178176,273,1,1,12,11,1,51,0.002,0.000,,,,,NVIDIA A100-SXM4-40GB MIG 4g.20gb (0),1,,13,"void channel_eq::eqMmseSoftDemapKernel<float, __half, __half, float, (unsigned int)4, (unsigned short)16383>(channel_eq::_puschRxChEqStatDescr *, channel_eq::_puschRxChEqSoftDemapDynDescr)"
6853647671,603898,178177,1,1,1,32,32,1,30,0.000,0.000,,,,,NVIDIA A100-SXM4-40GB MIG 4g.20gb (0),1,,13,"void convert_kernel<float2, __half2>(tensor_layout_any, T1 *, tensor_layout_any, const T2 *)"
6854376271,13440,178189,2253,1,1,128,1,1,16,0.000,0.000,,,,,NVIDIA A100-SXM4-40GB MIG 4g.20gb (0),1,,13,cupy_copy__float16_float16
6854624908,6048,178198,282,1,1,128,1,1,16,0.000,0.000,,,,,NVIDIA A100-SXM4-40GB MIG 4g.20gb (0),1,,13,cupy_copy__complex64_complex64
6854811946,4640,178207,26,1,1,128,1,1,16,0.000,0.000,,,,,NVIDIA A100-SXM4-40GB MIG 4g.20gb (0),1,,13,cupy_copy__float32_float32
6855013064,6560,178216,103,1,1,128,1,1,16,0.000,0.000,,,,,NVIDIA A100-SXM4-40GB MIG 4g.20gb (0),1,,13,cupy_copy__complex64_complex64
6855204454,18144,178226,1434,1,1,128,1,1,16,0.000,0.000,,,,,NVIDIA A100-SXM4-40GB MIG 4g.20gb (0),1,,13,cupy_copy__complex64_complex64
6855333892,140639,178231,1,1,1,32,32,1,30,0.000,0.000,,,,,NVIDIA A100-SXM4-40GB MIG 4g.20gb (0),1,,13,"void convert_kernel<__half2, float2>(tensor_layout_any, T1 *, tensor_layout_any, const T2 *)"
6855504642,5600,178234,,,,,,,,,,0.094,16731.388,Pinned,Device,NVIDIA A100-SXM4-40GB MIG 4g.20gb (0),1,,13,[CUDA memcpy Host-to-Device]
6855720704,619449,178235,,,,,,,,,,456.561,736890.164,Device,,NVIDIA A100-SXM4-40GB MIG 4g.20gb (0),1,,13,[CUDA memset]
6856348345,53375,178240,,,,,,,,,,1.235,23136.676,Pinned,Device,NVIDIA A100-SXM4-40GB MIG 4g.20gb (0),1,,13,[CUDA memcpy Host-to-Device]
6856404184,9440,178241,,,,,,,,,,0.197,20827.079,Pinned,Device,NVIDIA A100-SXM4-40GB MIG 4g.20gb (0),1,,13,[CUDA memcpy Host-to-Device]
6856640629,13408,178242,69,4,1,48,1,1,76,0.002,0.000,,,,,NVIDIA A100-SXM4-40GB MIG 4g.20gb (0),1,,13,"void ch_est::windowedChEstPreNoDftSOfdmKernel<float, __half, float, (unsigned int)2, (unsigned int)1, (unsigned short)4>(ch_est::puschRxChEstStatDescr_t *, ch_est::puschRxChEstDynDescr_t *)"
6856908594,9728,178243,137,2,1,24,2,1,44,0.001,0.001,,,,,NVIDIA A100-SXM4-40GB MIG 4g.20gb (0),1,,13,"void ch_est::chEstFilterNoDftSOfdmDispatchKernel<float, __half, float, (unsigned int)2>(ch_est::puschRxChEstStatDescr_t *, ch_est::puschRxChEstDynDescr_t *)"
6857112400,7968,178244,137,2,1,24,2,1,44,0.001,0.001,,,,,NVIDIA A100-SXM4-40GB MIG 4g.20gb (0),1,,13,"void ch_est::chEstFilterNoDftSOfdmDispatchKernel<float, __half, float, (unsigned int)2>(ch_est::puschRxChEstStatDescr_t *, ch_est::puschRxChEstDynDescr_t *)"
6857306990,3360,178255,103,1,1,128,1,1,16,0.000,0.000,,,,,NVIDIA A100-SXM4-40GB MIG 4g.20gb (0),1,,13,cupy_copy__complex64_complex64
6857429293,14719,178265,1434,1,1,128,1,1,16,0.000,0.000,,,,,NVIDIA A100-SXM4-40GB MIG 4g.20gb (0),1,,13,cupy_copy__complex64_complex64
6857684714,12895,178272,103,1,1,128,1,1,16,0.000,0.000,,,,,NVIDIA A100-SXM4-40GB MIG 4g.20gb (0),1,,13,cupy_copy__complex64_complex64
6858099781,241725,178279,1,1,1,32,32,1,30,0.000,0.000,,,,,NVIDIA A100-SXM4-40GB MIG 4g.20gb (0),1,,13,"void convert_kernel<__half2, float2>(tensor_layout_any, T1 *, tensor_layout_any, const T2 *)"
6858372194,5472,178282,,,,,,,,,,0.094,17122.757,Pinned,Device,NVIDIA A100-SXM4-40GB MIG 4g.20gb (0),1,,13,[CUDA memcpy Host-to-Device]
6858708894,55775,178283,,,,,,,,,,35.810,642036.056,Device,,NVIDIA A100-SXM4-40GB MIG 4g.20gb (0),1,,13,[CUDA memset]
6858769021,2144,178285,,,,,,,,,,0.000,37.313,Pinned,Device,NVIDIA A100-SXM4-40GB MIG 4g.20gb (0),1,,13,[CUDA memcpy Host-to-Device]
6858773917,10144,178286,,,,,,,,,,0.197,19381.617,Pinned,Device,NVIDIA A100-SXM4-40GB MIG 4g.20gb (0),1,,13,[CUDA memcpy Host-to-Device]
6859246712,31424,178287,273,1,1,48,1,1,40,0.000,0.001,,,,,NVIDIA A100-SXM4-40GB MIG 4g.20gb (0),1,,13,"void pusch_noise_intf_est::noiseIntfEstNoDftSOfdmKernel<float, __half, float, float, (unsigned int)2, (unsigned int)1, (unsigned char)4, (unsigned char)4>(pusch_noise_intf_est::puschRxNoiseIntfEstDynDescr)"
6859634420,5632,178298,35,1,1,128,1,1,16,0.000,0.000,,,,,NVIDIA A100-SXM4-40GB MIG 4g.20gb (0),1,,13,cupy_copy__complex64_complex64
6860105998,3520,178307,1,1,1,1,1,1,18,0.000,0.000,,,,,NVIDIA A100-SXM4-40GB MIG 4g.20gb (0),1,,13,cupy_copy__float32_float32
6860116590,1600,178313,,,,,,,,,,0.000,2.500,Device,Pageable,NVIDIA A100-SXM4-40GB MIG 4g.20gb (0),1,,7,[CUDA memcpy Device-to-Host]
6860645000,16352,178324,1434,1,1,128,1,1,16,0.000,0.000,,,,,NVIDIA A100-SXM4-40GB MIG 4g.20gb (0),1,,13,cupy_copy__complex64_complex64
6861159906,5728,178331,103,1,1,128,1,1,16,0.000,0.000,,,,,NVIDIA A100-SXM4-40GB MIG 4g.20gb (0),1,,13,cupy_copy__complex64_complex64
6861616509,6464,178338,35,1,1,128,1,1,16,0.000,0.000,,,,,NVIDIA A100-SXM4-40GB MIG 4g.20gb (0),1,,13,cupy_copy__complex64_complex64
6861976793,5024,178345,1,1,1,1,1,1,18,0.000,0.000,,,,,NVIDIA A100-SXM4-40GB MIG 4g.20gb (0),1,,13,cupy_copy__float32_float32
6862376661,293788,178356,1,1,1,32,32,1,30,0.000,0.000,,,,,NVIDIA A100-SXM4-40GB MIG 4g.20gb (0),1,,13,"void convert_kernel<__half2, float2>(tensor_layout_any, T1 *, tensor_layout_any, const T2 *)"
6862700017,5504,178359,,,,,,,,,,0.094,17023.251,Pinned,Device,NVIDIA A100-SXM4-40GB MIG 4g.20gb (0),1,,13,[CUDA memcpy Host-to-Device]
6863102252,5824,178360,,,,,,,,,,1.547,265559.981,Device,,NVIDIA A100-SXM4-40GB MIG 4g.20gb (0),1,,13,[CUDA memset]
6863113548,3424,178365,,,,,,,,,,0.031,9140.185,Pinned,Device,NVIDIA A100-SXM4-40GB MIG 4g.20gb (0),1,,13,[CUDA memcpy Host-to-Device]
6863122572,9888,178366,,,,,,,,,,0.197,19883.360,Pinned,Device,NVIDIA A100-SXM4-40GB MIG 4g.20gb (0),1,,13,[CUDA memcpy Host-to-Device]
6863511112,12320,178367,273,1,1,8,4,1,39,0.002,0.000,,,,,NVIDIA A100-SXM4-40GB MIG 4g.20gb (0),1,,13,"void channel_eq::eqMmseCoefCompLowMimoKernel<float, float, float, (unsigned int)4, (unsigned int)1, (unsigned int)4>(const channel_eq::_puschRxChEqStatDescr *, channel_eq::_puschRxChEqCoefCompDynDescr)"
6863881123,11712,178368,273,1,1,12,11,1,51,0.002,0.000,,,,,NVIDIA A100-SXM4-40GB MIG 4g.20gb (0),1,,13,"void channel_eq::eqMmseSoftDemapKernel<float, __half, __half, float, (unsigned int)4, (unsigned short)16383>(channel_eq::_puschRxChEqStatDescr *, channel_eq::_puschRxChEqSoftDemapDynDescr)"
6864141921,395963,178369,1,1,1,32,32,1,30,0.000,0.000,,,,,NVIDIA A100-SXM4-40GB MIG 4g.20gb (0),1,,13,"void convert_kernel<float2, __half2>(tensor_layout_any, T1 *, tensor_layout_any, const T2 *)"
6864690554,12864,178381,2253,1,1,128,1,1,16,0.000,0.000,,,,,NVIDIA A100-SXM4-40GB MIG 4g.20gb (0),1,,13,cupy_copy__float16_float16
6864937176,5951,178390,282,1,1,128,1,1,16,0.000,0.000,,,,,NVIDIA A100-SXM4-40GB MIG 4g.20gb (0),1,,13,cupy_copy__complex64_complex64
6865124789,5024,178399,26,1,1,128,1,1,16,0.000,0.000,,,,,NVIDIA A100-SXM4-40GB MIG 4g.20gb (0),1,,13,cupy_copy__float32_float32
6865324115,8416,178408,103,1,1,128,1,1,16,0.000,0.000,,,,,NVIDIA A100-SXM4-40GB MIG 4g.20gb (0),1,,13,cupy_copy__complex64_complex64
6865516561,18240,178418,1434,1,1,128,1,1,16,0.000,0.000,,,,,NVIDIA A100-SXM4-40GB MIG 4g.20gb (0),1,,13,cupy_copy__complex64_complex64
6865645584,136926,178423,1,1,1,32,32,1,30,0.000,0.000,,,,,NVIDIA A100-SXM4-40GB MIG 4g.20gb (0),1,,13,"void convert_kernel<__half2, float2>(tensor_layout_any, T1 *, tensor_layout_any, const T2 *)"
6865813390,5888,178426,,,,,,,,,,0.094,15912.954,Pinned,Device,NVIDIA A100-SXM4-40GB MIG 4g.20gb (0),1,,13,[CUDA memcpy Host-to-Device]
6866111786,626553,178427,,,,,,,,,,456.561,728672.058,Device,,NVIDIA A100-SXM4-40GB MIG 4g.20gb (0),1,,13,[CUDA memset]
6866741219,54496,178432,,,,,,,,,,1.235,22659.987,Pinned,Device,NVIDIA A100-SXM4-40GB MIG 4g.20gb (0),1,,13,[CUDA memcpy Host-to-Device]
6866798178,9472,178433,,,,,,,,,,0.197,20756.693,Pinned,Device,NVIDIA A100-SXM4-40GB MIG 4g.20gb (0),1,,13,[CUDA memcpy Host-to-Device]
6867144671,11807,178434,69,4,1,48,1,1,76,0.002,0.000,,,,,NVIDIA A100-SXM4-40GB MIG 4g.20gb (0),1,,13,"void ch_est::windowedChEstPreNoDftSOfdmKernel<float, __half, float, (unsigned int)2, (unsigned int)1, (unsigned short)4>(ch_est::puschRxChEstStatDescr_t *, ch_est::puschRxChEstDynDescr_t *)"
6867489979,9472,178435,137,2,1,24,2,1,44,0.001,0.001,,,,,NVIDIA A100-SXM4-40GB MIG 4g.20gb (0),1,,13,"void ch_est::chEstFilterNoDftSOfdmDispatchKernel<float, __half, float, (unsigned int)2>(ch_est::puschRxChEstStatDescr_t *, ch_est::puschRxChEstDynDescr_t *)"
6867814903,24736,178436,137,2,1,24,2,1,44,0.001,0.001,,,,,NVIDIA A100-SXM4-40GB MIG 4g.20gb (0),1,,13,"void ch_est::chEstFilterNoDftSOfdmDispatchKernel<float, __half, float, (unsigned int)2>(ch_est::puschRxChEstStatDescr_t *, ch_est::puschRxChEstDynDescr_t *)"
6868054324,5184,178447,103,1,1,128,1,1,16,0.000,0.000,,,,,NVIDIA A100-SXM4-40GB MIG 4g.20gb (0),1,,13,cupy_copy__complex64_complex64
6868325489,17024,178457,1434,1,1,128,1,1,16,0.000,0.000,,,,,NVIDIA A100-SXM4-40GB MIG 4g.20gb (0),1,,13,cupy_copy__complex64_complex64
6868705389,4640,178464,103,1,1,128,1,1,16,0.000,0.000,,,,,NVIDIA A100-SXM4-40GB MIG 4g.20gb (0),1,,13,cupy_copy__complex64_complex64
6869016969,255677,178471,1,1,1,32,32,1,30,0.000,0.000,,,,,NVIDIA A100-SXM4-40GB MIG 4g.20gb (0),1,,13,"void convert_kernel<__half2, float2>(tensor_layout_any, T1 *, tensor_layout_any, const T2 *)"
6869304838,9856,178474,,,,,,,,,,0.094,9506.490,Pinned,Device,NVIDIA A100-SXM4-40GB MIG 4g.20gb (0),1,,13,[CUDA memcpy Host-to-Device]
6869605891,51295,178475,,,,,,,,,,35.810,698114.390,Device,,NVIDIA A100-SXM4-40GB MIG 4g.20gb (0),1,,13,[CUDA memset]
6869660098,3104,178477,,,,,,,,,,0.000,25.773,Pinned,Device,NVIDIA A100-SXM4-40GB MIG 4g.20gb (0),1,,13,[CUDA memcpy Host-to-Device]
6869665890,9920,178478,,,,,,,,,,0.197,19819.266,Pinned,Device,NVIDIA A100-SXM4-40GB MIG 4g.20gb (0),1,,13,[CUDA memcpy Host-to-Device]
6870029630,27008,178479,273,1,1,48,1,1,40,0.000,0.001,,,,,NVIDIA A100-SXM4-40GB MIG 4g.20gb (0),1,,13,"void pusch_noise_intf_est::noiseIntfEstNoDftSOfdmKernel<float, __half, float, float, (unsigned int)2, (unsigned int)1, (unsigned char)4, (unsigned char)4>(pusch_noise_intf_est::puschRxNoiseIntfEstDynDescr)"
6870401178,5344,178490,35,1,1,128,1,1,16,0.000,0.000,,,,,NVIDIA A100-SXM4-40GB MIG 4g.20gb (0),1,,13,cupy_copy__complex64_complex64
6870677271,3008,178499,1,1,1,1,1,1,18,0.000,0.000,,,,,NVIDIA A100-SXM4-40GB MIG 4g.20gb (0),1,,13,cupy_copy__float32_float32
6870686166,1792,178505,,,,,,,,,,0.000,2.232,Device,Pageable,NVIDIA A100-SXM4-40GB MIG 4g.20gb (0),1,,7,[CUDA memcpy Device-to-Host]
6871134705,16512,178516,1434,1,1,128,1,1,16,0.000,0.000,,,,,NVIDIA A100-SXM4-40GB MIG 4g.20gb (0),1,,13,cupy_copy__complex64_complex64
6871628012,4288,178523,103,1,1,128,1,1,16,0.000,0.000,,,,,NVIDIA A100-SXM4-40GB MIG 4g.20gb (0),1,,13,cupy_copy__complex64_complex64
6871838633,9888,178530,35,1,1,128,1,1,16,0.000,0.000,,,,,NVIDIA A100-SXM4-40GB MIG 4g.20gb (0),1,,13,cupy_copy__complex64_complex64
6872282436,3136,178537,1,1,1,1,1,1,18,0.000,0.000,,,,,NVIDIA A100-SXM4-40GB MIG 4g.20gb (0),1,,13,cupy_copy__float32_float32
6872713952,241565,178548,1,1,1,32,32,1,30,0.000,0.000,,,,,NVIDIA A100-SXM4-40GB MIG 4g.20gb (0),1,,13,"void convert_kernel<__half2, float2>(tensor_layout_any, T1 *, tensor_layout_any, const T2 *)"
6872987452,15360,178551,,,,,,,,,,0.094,6099.984,Pinned,Device,NVIDIA A100-SXM4-40GB MIG 4g.20gb (0),1,,13,[CUDA memcpy Host-to-Device]
6873273049,5952,178552,,,,,,,,,,1.547,259848.298,Device,,NVIDIA A100-SXM4-40GB MIG 4g.20gb (0),1,,13,[CUDA memset]
6873280441,7200,178557,,,,,,,,,,0.031,4346.639,Pinned,Device,NVIDIA A100-SXM4-40GB MIG 4g.20gb (0),1,,13,[CUDA memcpy Host-to-Device]
6873297113,13184,178558,,,,,,,,,,0.197,14912.520,Pinned,Device,NVIDIA A100-SXM4-40GB MIG 4g.20gb (0),1,,13,[CUDA memcpy Host-to-Device]
6873756436,13856,178559,273,1,1,8,4,1,39,0.002,0.000,,,,,NVIDIA A100-SXM4-40GB MIG 4g.20gb (0),1,,13,"void channel_eq::eqMmseCoefCompLowMimoKernel<float, float, float, (unsigned int)4, (unsigned int)1, (unsigned int)4>(const channel_eq::_puschRxChEqStatDescr *, channel_eq::_puschRxChEqCoefCompDynDescr)"
6874289390,17343,178560,273,1,1,12,11,1,51,0.002,0.000,,,,,NVIDIA A100-SXM4-40GB MIG 4g.20gb (0),1,,13,"void channel_eq::eqMmseSoftDemapKernel<float, __half, __half, float, (unsigned int)4, (unsigned short)16383>(channel_eq::_puschRxChEqStatDescr *, channel_eq::_puschRxChEqSoftDemapDynDescr)"
6874900487,617977,178561,1,1,1,32,32,1,30,0.000,0.000,,,,,NVIDIA A100-SXM4-40GB MIG 4g.20gb (0),1,,13,"void convert_kernel<float2, __half2>(tensor_layout_any, T1 *, tensor_layout_any, const T2 *)"
6876093049,13440,178573,2253,1,1,128,1,1,16,0.000,0.000,,,,,NVIDIA A100-SXM4-40GB MIG 4g.20gb (0),1,,13,cupy_copy__float16_float16
6876452757,16704,178582,282,1,1,128,1,1,16,0.000,0.000,,,,,NVIDIA A100-SXM4-40GB MIG 4g.20gb (0),1,,13,cupy_copy__complex64_complex64
6876716658,5792,178591,26,1,1,128,1,1,16,0.000,0.000,,,,,NVIDIA A100-SXM4-40GB MIG 4g.20gb (0),1,,13,cupy_copy__float32_float32
6876992015,5568,178600,103,1,1,128,1,1,16,0.000,0.000,,,,,NVIDIA A100-SXM4-40GB MIG 4g.20gb (0),1,,13,cupy_copy__complex64_complex64
6877331723,18304,178610,1434,1,1,128,1,1,16,0.000,0.000,,,,,NVIDIA A100-SXM4-40GB MIG 4g.20gb (0),1,,13,cupy_copy__complex64_complex64
6877706055,232349,178615,1,1,1,32,32,1,30,0.000,0.000,,,,,NVIDIA A100-SXM4-40GB MIG 4g.20gb (0),1,,13,"void convert_kernel<__half2, float2>(tensor_layout_any, T1 *, tensor_layout_any, const T2 *)"
6877969124,5792,178618,,,,,,,,,,0.094,16176.708,Pinned,Device,NVIDIA A100-SXM4-40GB MIG 4g.20gb (0),1,,13,[CUDA memcpy Host-to-Device]
6878323712,615673,178619,,,,,,,,,,456.561,741455.779,Device,,NVIDIA A100-SXM4-40GB MIG 4g.20gb (0),1,,13,[CUDA memset]
6878944313,54975,178624,,,,,,,,,,1.235,22463.631,Pinned,Device,NVIDIA A100-SXM4-40GB MIG 4g.20gb (0),1,,13,[CUDA memcpy Host-to-Device]
6879001720,10848,178625,,,,,,,,,,0.197,18123.719,Pinned,Device,NVIDIA A100-SXM4-40GB MIG 4g.20gb (0),1,,13,[CUDA memcpy Host-to-Device]
6879394324,12800,178626,69,4,1,48,1,1,76,0.002,0.000,,,,,NVIDIA A100-SXM4-40GB MIG 4g.20gb (0),1,,13,"void ch_est::windowedChEstPreNoDftSOfdmKernel<float, __half, float, (unsigned int)2, (unsigned int)1, (unsigned short)4>(ch_est::puschRxChEstStatDescr_t *, ch_est::puschRxChEstDynDescr_t *)"
6879810479,14432,178627,137,2,1,24,2,1,44,0.001,0.001,,,,,NVIDIA A100-SXM4-40GB MIG 4g.20gb (0),1,,13,"void ch_est::chEstFilterNoDftSOfdmDispatchKernel<float, __half, float, (unsigned int)2>(ch_est::puschRxChEstStatDescr_t *, ch_est::puschRxChEstDynDescr_t *)"
6880225194,13568,178628,137,2,1,24,2,1,44,0.001,0.001,,,,,NVIDIA A100-SXM4-40GB MIG 4g.20gb (0),1,,13,"void ch_est::chEstFilterNoDftSOfdmDispatchKernel<float, __half, float, (unsigned int)2>(ch_est::puschRxChEstStatDescr_t *, ch_est::puschRxChEstDynDescr_t *)"
6880502599,4288,178639,103,1,1,128,1,1,16,0.000,0.000,,,,,NVIDIA A100-SXM4-40GB MIG 4g.20gb (0),1,,13,cupy_copy__complex64_complex64
6880850883,18176,178649,1434,1,1,128,1,1,16,0.000,0.000,,,,,NVIDIA A100-SXM4-40GB MIG 4g.20gb (0),1,,13,cupy_copy__complex64_complex64
6881179488,5632,178656,103,1,1,128,1,1,16,0.000,0.000,,,,,NVIDIA A100-SXM4-40GB MIG 4g.20gb (0),1,,13,cupy_copy__complex64_complex64
6881483932,259165,178663,1,1,1,32,32,1,30,0.000,0.000,,,,,NVIDIA A100-SXM4-40GB MIG 4g.20gb (0),1,,13,"void convert_kernel<__half2, float2>(tensor_layout_any, T1 *, tensor_layout_any, const T2 *)"
6881773561,5792,178666,,,,,,,,,,0.094,16176.708,Pinned,Device,NVIDIA A100-SXM4-40GB MIG 4g.20gb (0),1,,13,[CUDA memcpy Host-to-Device]
6882045590,50015,178667,,,,,,,,,,35.810,715983.540,Device,,NVIDIA A100-SXM4-40GB MIG 4g.20gb (0),1,,13,[CUDA memset]
6882102613,1856,178669,,,,,,,,,,0.000,43.103,Pinned,Device,NVIDIA A100-SXM4-40GB MIG 4g.20gb (0),1,,13,[CUDA memcpy Host-to-Device]
6882107221,9760,178670,,,,,,,,,,0.197,20144.259,Pinned,Device,NVIDIA A100-SXM4-40GB MIG 4g.20gb (0),1,,13,[CUDA memcpy Host-to-Device]
6882445841,26240,178671,273,1,1,48,1,1,40,0.000,0.001,,,,,NVIDIA A100-SXM4-40GB MIG 4g.20gb (0),1,,13,"void pusch_noise_intf_est::noiseIntfEstNoDftSOfdmKernel<float, __half, float, float, (unsigned int)2, (unsigned int)1, (unsigned char)4, (unsigned char)4>(pusch_noise_intf_est::puschRxNoiseIntfEstDynDescr)"
6882796365,4224,178682,35,1,1,128,1,1,16,0.000,0.000,,,,,NVIDIA A100-SXM4-40GB MIG 4g.20gb (0),1,,13,cupy_copy__complex64_complex64
6883082986,3968,178691,1,1,1,1,1,1,18,0.000,0.000,,,,,NVIDIA A100-SXM4-40GB MIG 4g.20gb (0),1,,13,cupy_copy__float32_float32
6883094858,1824,178697,,,,,,,,,,0.000,2.193,Device,Pageable,NVIDIA A100-SXM4-40GB MIG 4g.20gb (0),1,,7,[CUDA memcpy Device-to-Host]
6883567333,22207,178708,1434,1,1,128,1,1,16,0.000,0.000,,,,,NVIDIA A100-SXM4-40GB MIG 4g.20gb (0),1,,13,cupy_copy__complex64_complex64
6883919329,7040,178715,103,1,1,128,1,1,16,0.000,0.000,,,,,NVIDIA A100-SXM4-40GB MIG 4g.20gb (0),1,,13,cupy_copy__complex64_complex64
6884133662,6944,178722,35,1,1,128,1,1,16,0.000,0.000,,,,,NVIDIA A100-SXM4-40GB MIG 4g.20gb (0),1,,13,cupy_copy__complex64_complex64
6884421755,3232,178729,1,1,1,1,1,1,18,0.000,0.000,,,,,NVIDIA A100-SXM4-40GB MIG 4g.20gb (0),1,,13,cupy_copy__float32_float32
6884710584,240989,178740,1,1,1,32,32,1,30,0.000,0.000,,,,,NVIDIA A100-SXM4-40GB MIG 4g.20gb (0),1,,13,"void convert_kernel<__half2, float2>(tensor_layout_any, T1 *, tensor_layout_any, const T2 *)"
6884981845,5472,178743,,,,,,,,,,0.094,17122.757,Pinned,Device,NVIDIA A100-SXM4-40GB MIG 4g.20gb (0),1,,13,[CUDA memcpy Host-to-Device]
6885245010,5600,178744,,,,,,,,,,1.547,276182.194,Device,,NVIDIA A100-SXM4-40GB MIG 4g.20gb (0),1,,13,[CUDA memset]
6885256210,3263,178749,,,,,,,,,,0.031,9591.160,Pinned,Device,NVIDIA A100-SXM4-40GB MIG 4g.20gb (0),1,,13,[CUDA memcpy Host-to-Device]
6885264977,9920,178750,,,,,,,,,,0.197,19819.266,Pinned,Device,NVIDIA A100-SXM4-40GB MIG 4g.20gb (0),1,,13,[CUDA memcpy Host-to-Device]
6885647757,21024,178751,273,1,1,8,4,1,39,0.002,0.000,,,,,NVIDIA A100-SXM4-40GB MIG 4g.20gb (0),1,,13,"void channel_eq::eqMmseCoefCompLowMimoKernel<float, float, float, (unsigned int)4, (unsigned int)1, (unsigned int)4>(const channel_eq::_puschRxChEqStatDescr *, channel_eq::_puschRxChEqCoefCompDynDescr)"
6886101896,16032,178752,273,1,1,12,11,1,51,0.002,0.000,,,,,NVIDIA A100-SXM4-40GB MIG 4g.20gb (0),1,,13,"void channel_eq::eqMmseSoftDemapKernel<float, __half, __half, float, (unsigned int)4, (unsigned short)16383>(channel_eq::_puschRxChEqStatDescr *, channel_eq::_puschRxChEqSoftDemapDynDescr)"
6886443940,598617,178753,1,1,1,32,32,1,30,0.000,0.000,,,,,NVIDIA A100-SXM4-40GB MIG 4g.20gb (0),1,,13,"void convert_kernel<float2, __half2>(tensor_layout_any, T1 *, tensor_layout_any, const T2 *)"
6887349786,14592,178765,2253,1,1,128,1,1,16,0.000,0.000,,,,,NVIDIA A100-SXM4-40GB MIG 4g.20gb (0),1,,13,cupy_copy__float16_float16
6887681814,5312,178774,282,1,1,128,1,1,16,0.000,0.000,,,,,NVIDIA A100-SXM4-40GB MIG 4g.20gb (0),1,,13,cupy_copy__complex64_complex64
6887892180,3648,178783,26,1,1,128,1,1,16,0.000,0.000,,,,,NVIDIA A100-SXM4-40GB MIG 4g.20gb (0),1,,13,cupy_copy__float32_float32
6888177584,10048,178792,103,1,1,128,1,1,16,0.000,0.000,,,,,NVIDIA A100-SXM4-40GB MIG 4g.20gb (0),1,,13,cupy_copy__complex64_complex64
6888456333,19424,178802,1434,1,1,128,1,1,16,0.000,0.000,,,,,NVIDIA A100-SXM4-40GB MIG 4g.20gb (0),1,,13,cupy_copy__complex64_complex64
6888653579,209502,178807,1,1,1,32,32,1,30,0.000,0.000,,,,,NVIDIA A100-SXM4-40GB MIG 4g.20gb (0),1,,13,"void convert_kernel<__half2, float2>(tensor_layout_any, T1 *, tensor_layout_any, const T2 *)"
6888896040,8384,178810,,,,,,,,,,0.094,11175.497,Pinned,Device,NVIDIA A100-SXM4-40GB MIG 4g.20gb (0),1,,13,[CUDA memcpy Host-to-Device]
6889184133,627225,178811,,,,,,,,,,456.561,727758.935,Device,,NVIDIA A100-SXM4-40GB MIG 4g.20gb (0),1,,13,[CUDA memset]
6889817342,63935,178816,,,,,,,,,,1.235,19314.524,Pinned,Device,NVIDIA A100-SXM4-40GB MIG 4g.20gb (0),1,,13,[CUDA memcpy Host-to-Device]
6889885213,16192,178817,,,,,,,,,,0.197,12142.117,Pinned,Device,NVIDIA A100-SXM4-40GB MIG 4g.20gb (0),1,,13,[CUDA memcpy Host-to-Device]
6890137050,11744,178818,69,4,1,48,1,1,76,0.002,0.000,,,,,NVIDIA A100-SXM4-40GB MIG 4g.20gb (0),1,,13,"void ch_est::windowedChEstPreNoDftSOfdmKernel<float, __half, float, (unsigned int)2, (unsigned int)1, (unsigned short)4>(ch_est::puschRxChEstStatDescr_t *, ch_est::puschRxChEstDynDescr_t *)"
6890301400,8096,178819,137,2,1,24,2,1,44,0.001,0.001,,,,,NVIDIA A100-SXM4-40GB MIG 4g.20gb (0),1,,13,"void ch_est::chEstFilterNoDftSOfdmDispatchKernel<float, __half, float, (unsigned int)2>(ch_est::puschRxChEstStatDescr_t *, ch_est::puschRxChEstDynDescr_t *)"
6890446103,25503,178820,137,2,1,24,2,1,44,0.001,0.001,,,,,NVIDIA A100-SXM4-40GB MIG 4g.20gb (0),1,,13,"void ch_est::chEstFilterNoDftSOfdmDispatchKernel<float, __half, float, (unsigned int)2>(ch_est::puschRxChEstStatDescr_t *, ch_est::puschRxChEstDynDescr_t *)"
6890524726,4640,178831,103,1,1,128,1,1,16,0.000,0.000,,,,,NVIDIA A100-SXM4-40GB MIG 4g.20gb (0),1,,13,cupy_copy__complex64_complex64
6890677044,15552,178841,1434,1,1,128,1,1,16,0.000,0.000,,,,,NVIDIA A100-SXM4-40GB MIG 4g.20gb (0),1,,13,cupy_copy__complex64_complex64
6890829682,15712,178848,103,1,1,128,1,1,16,0.000,0.000,,,,,NVIDIA A100-SXM4-40GB MIG 4g.20gb (0),1,,13,cupy_copy__complex64_complex64
6890905170,159454,178855,1,1,1,32,32,1,30,0.000,0.000,,,,,NVIDIA A100-SXM4-40GB MIG 4g.20gb (0),1,,13,"void convert_kernel<__half2, float2>(tensor_layout_any, T1 *, tensor_layout_any, const T2 *)"
6891094127,8128,178858,,,,,,,,,,0.094,11527.513,Pinned,Device,NVIDIA A100-SXM4-40GB MIG 4g.20gb (0),1,,13,[CUDA memcpy Host-to-Device]
6891324685,57631,178859,,,,,,,,,,35.810,621337.922,Device,,NVIDIA A100-SXM4-40GB MIG 4g.20gb (0),1,,13,[CUDA memset]
6891384876,1856,178861,,,,,,,,,,0.000,43.103,Pinned,Device,NVIDIA A100-SXM4-40GB MIG 4g.20gb (0),1,,13,[CUDA memcpy Host-to-Device]
6891389164,9440,178862,,,,,,,,,,0.197,20827.079,Pinned,Device,NVIDIA A100-SXM4-40GB MIG 4g.20gb (0),1,,13,[CUDA memcpy Host-to-Device]
6891672137,13696,178863,273,1,1,48,1,1,40,0.000,0.001,,,,,NVIDIA A100-SXM4-40GB MIG 4g.20gb (0),1,,13,"void pusch_noise_intf_est::noiseIntfEstNoDftSOfdmKernel<float, __half, float, float, (unsigned int)2, (unsigned int)1, (unsigned char)4, (unsigned char)4>(pusch_noise_intf_est::puschRxNoiseIntfEstDynDescr)"
6891963942,6880,178874,35,1,1,128,1,1,16,0.000,0.000,,,,,NVIDIA A100-SXM4-40GB MIG 4g.20gb (0),1,,13,cupy_copy__complex64_complex64
6892199555,3456,178883,1,1,1,1,1,1,18,0.000,0.000,,,,,NVIDIA A100-SXM4-40GB MIG 4g.20gb (0),1,,13,cupy_copy__float32_float32
6892206179,1824,178889,,,,,,,,,,0.000,2.193,Device,Pageable,NVIDIA A100-SXM4-40GB MIG 4g.20gb (0),1,,7,[CUDA memcpy Device-to-Host]
6892597470,16928,178900,1434,1,1,128,1,1,16,0.000,0.000,,,,,NVIDIA A100-SXM4-40GB MIG 4g.20gb (0),1,,13,cupy_copy__complex64_complex64
6892940315,12927,178907,103,1,1,128,1,1,16,0.000,0.000,,,,,NVIDIA A100-SXM4-40GB MIG 4g.20gb (0),1,,13,cupy_copy__complex64_complex64
6893182456,8160,178914,35,1,1,128,1,1,16,0.000,0.000,,,,,NVIDIA A100-SXM4-40GB MIG 4g.20gb (0),1,,13,cupy_copy__complex64_complex64
6893480596,5408,178921,1,1,1,1,1,1,18,0.000,0.000,,,,,NVIDIA A100-SXM4-40GB MIG 4g.20gb (0),1,,13,cupy_copy__float32_float32
6893780721,319964,178932,1,1,1,32,32,1,30,0.000,0.000,,,,,NVIDIA A100-SXM4-40GB MIG 4g.20gb (0),1,,13,"void convert_kernel<__half2, float2>(tensor_layout_any, T1 *, tensor_layout_any, const T2 *)"
6894131693,5824,178935,,,,,,,,,,0.094,16087.884,Pinned,Device,NVIDIA A100-SXM4-40GB MIG 4g.20gb (0),1,,13,[CUDA memcpy Host-to-Device]
6894503785,5632,178936,,,,,,,,,,1.547,274612.371,Device,,NVIDIA A100-SXM4-40GB MIG 4g.20gb (0),1,,13,[CUDA memset]
6894513961,5152,178941,,,,,,,,,,0.031,6074.522,Pinned,Device,NVIDIA A100-SXM4-40GB MIG 4g.20gb (0),1,,13,[CUDA memcpy Host-to-Device]
6894521609,10048,178942,,,,,,,,,,0.197,19566.821,Pinned,Device,NVIDIA A100-SXM4-40GB MIG 4g.20gb (0),1,,13,[CUDA memcpy Host-to-Device]
6894882917,12735,178943,273,1,1,8,4,1,39,0.002,0.000,,,,,NVIDIA A100-SXM4-40GB MIG 4g.20gb (0),1,,13,"void channel_eq::eqMmseCoefCompLowMimoKernel<float, float, float, (unsigned int)4, (unsigned int)1, (unsigned int)4>(const channel_eq::_puschRxChEqStatDescr *, channel_eq::_puschRxChEqCoefCompDynDescr)"
6895175137,10752,178944,273,1,1,12,11,1,51,0.002,0.000,,,,,NVIDIA A100-SXM4-40GB MIG 4g.20gb (0),1,,13,"void channel_eq::eqMmseSoftDemapKernel<float, __half, __half, float, (unsigned int)4, (unsigned short)16383>(channel_eq::_puschRxChEqStatDescr *, channel_eq::_puschRxChEqSoftDemapDynDescr)"
6895470622,680440,178945,1,1,1,32,32,1,30,0.000,0.000,,,,,NVIDIA A100-SXM4-40GB MIG 4g.20gb (0),1,,13,"void convert_kernel<float2, __half2>(tensor_layout_any, T1 *, tensor_layout_any, const T2 *)"
6896259893,14336,178957,2253,1,1,128,1,1,16,0.000,0.000,,,,,NVIDIA A100-SXM4-40GB MIG 4g.20gb (0),1,,13,cupy_copy__float16_float16
6896458035,5280,178966,282,1,1,128,1,1,16,0.000,0.000,,,,,NVIDIA A100-SXM4-40GB MIG 4g.20gb (0),1,,13,cupy_copy__complex64_complex64
6896610545,4160,178975,26,1,1,128,1,1,16,0.000,0.000,,,,,NVIDIA A100-SXM4-40GB MIG 4g.20gb (0),1,,13,cupy_copy__float32_float32
6896755087,16448,178984,103,1,1,128,1,1,16,0.000,0.000,,,,,NVIDIA A100-SXM4-40GB MIG 4g.20gb (0),1,,13,cupy_copy__complex64_complex64
6896981837,16032,179000,1434,1,1,128,1,1,16,0.000,0.000,,,,,NVIDIA A100-SXM4-40GB MIG 4g.20gb (0),1,,13,cupy_copy__complex64_complex64
6897176363,155582,179005,1,1,1,32,32,1,30,0.000,0.000,,,,,NVIDIA A100-SXM4-40GB MIG 4g.20gb (0),1,,13,"void convert_kernel<__half2, float2>(tensor_layout_any, T1 *, tensor_layout_any, const T2 *)"
6897361001,5375,179008,,,,,,,,,,0.094,17431.766,Pinned,Device,NVIDIA A100-SXM4-40GB MIG 4g.20gb (0),1,,13,[CUDA memcpy Host-to-Device]
6897505415,623097,179009,,,,,,,,,,456.561,732324.550,Device,,NVIDIA A100-SXM4-40GB MIG 4g.20gb (0),1,,13,[CUDA memset]
6898135904,56575,179014,,,,,,,,,,1.235,21827.635,Pinned,Device,NVIDIA A100-SXM4-40GB MIG 4g.20gb (0),1,,13,[CUDA memcpy Host-to-Device]
6898194975,10144,179015,,,,,,,,,,0.197,19381.617,Pinned,Device,NVIDIA A100-SXM4-40GB MIG 4g.20gb (0),1,,13,[CUDA memcpy Host-to-Device]
6898565371,10912,179016,69,4,1,48,1,1,76,0.002,0.000,,,,,NVIDIA A100-SXM4-40GB MIG 4g.20gb (0),1,,13,"void ch_est::windowedChEstPreNoDftSOfdmKernel<float, __half, float, (unsigned int)2, (unsigned int)1, (unsigned short)4>(ch_est::puschRxChEstStatDescr_t *, ch_est::puschRxChEstDynDescr_t *)"
6899182932,11104,179017,137,2,1,24,2,1,44,0.001,0.001,,,,,NVIDIA A100-SXM4-40GB MIG 4g.20gb (0),1,,13,"void ch_est::chEstFilterNoDftSOfdmDispatchKernel<float, __half, float, (unsigned int)2>(ch_est::puschRxChEstStatDescr_t *, ch_est::puschRxChEstDynDescr_t *)"
6899790093,11296,179018,137,2,1,24,2,1,44,0.001,0.001,,,,,NVIDIA A100-SXM4-40GB MIG 4g.20gb (0),1,,13,"void ch_est::chEstFilterNoDftSOfdmDispatchKernel<float, __half, float, (unsigned int)2>(ch_est::puschRxChEstStatDescr_t *, ch_est::puschRxChEstDynDescr_t *)"
6900295623,7456,179029,103,1,1,128,1,1,16,0.000,0.000,,,,,NVIDIA A100-SXM4-40GB MIG 4g.20gb (0),1,,13,cupy_copy__complex64_complex64
6900861953,18208,179039,1434,1,1,128,1,1,16,0.000,0.000,,,,,NVIDIA A100-SXM4-40GB MIG 4g.20gb (0),1,,13,cupy_copy__complex64_complex64
6901472634,5600,179046,103,1,1,128,1,1,16,0.000,0.000,,,,,NVIDIA A100-SXM4-40GB MIG 4g.20gb (0),1,,13,cupy_copy__complex64_complex64
6902038740,265885,179053,1,1,1,32,32,1,30,0.000,0.000,,,,,NVIDIA A100-SXM4-40GB MIG 4g.20gb (0),1,,13,"void convert_kernel<__half2, float2>(tensor_layout_any, T1 *, tensor_layout_any, const T2 *)"
6902335088,5568,179056,,,,,,,,,,0.094,16827.521,Pinned,Device,NVIDIA A100-SXM4-40GB MIG 4g.20gb (0),1,,13,[CUDA memcpy Host-to-Device]
6902809899,51359,179057,,,,,,,,,,35.810,697219.142,Device,,NVIDIA A100-SXM4-40GB MIG 4g.20gb (0),1,,13,[CUDA memset]
6902866666,2400,179059,,,,,,,,,,0.000,33.333,Pinned,Device,NVIDIA A100-SXM4-40GB MIG 4g.20gb (0),1,,13,[CUDA memcpy Host-to-Device]
6902874634,9472,179060,,,,,,,,,,0.197,20756.693,Pinned,Device,NVIDIA A100-SXM4-40GB MIG 4g.20gb (0),1,,13,[CUDA memcpy Host-to-Device]
6903457155,26432,179061,273,1,1,48,1,1,40,0.000,0.001,,,,,NVIDIA A100-SXM4-40GB MIG 4g.20gb (0),1,,13,"void pusch_noise_intf_est::noiseIntfEstNoDftSOfdmKernel<float, __half, float, float, (unsigned int)2, (unsigned int)1, (unsigned char)4, (unsigned char)4>(pusch_noise_intf_est::puschRxNoiseIntfEstDynDescr)"
6904057597,6272,179072,35,1,1,128,1,1,16,0.000,0.000,,,,,NVIDIA A100-SXM4-40GB MIG 4g.20gb (0),1,,13,cupy_copy__complex64_complex64
6904599991,3488,179081,1,1,1,1,1,1,18,0.000,0.000,,,,,NVIDIA A100-SXM4-40GB MIG 4g.20gb (0),1,,13,cupy_copy__float32_float32
6904608854,1824,179087,,,,,,,,,,0.000,2.193,Device,Pageable,NVIDIA A100-SXM4-40GB MIG 4g.20gb (0),1,,7,[CUDA memcpy Device-to-Host]
6905049489,17632,179098,1434,1,1,128,1,1,16,0.000,0.000,,,,,NVIDIA A100-SXM4-40GB MIG 4g.20gb (0),1,,13,cupy_copy__complex64_complex64
6905363054,5376,179105,103,1,1,128,1,1,16,0.000,0.000,,,,,NVIDIA A100-SXM4-40GB MIG 4g.20gb (0),1,,13,cupy_copy__complex64_complex64
6905646763,16032,179112,35,1,1,128,1,1,16,0.000,0.000,,,,,NVIDIA A100-SXM4-40GB MIG 4g.20gb (0),1,,13,cupy_copy__complex64_complex64
6905847592,3488,179119,1,1,1,1,1,1,18,0.000,0.000,,,,,NVIDIA A100-SXM4-40GB MIG 4g.20gb (0),1,,13,cupy_copy__float32_float32
6906046662,244317,179130,1,1,1,32,32,1,30,0.000,0.000,,,,,NVIDIA A100-SXM4-40GB MIG 4g.20gb (0),1,,13,"void convert_kernel<__half2, float2>(tensor_layout_any, T1 *, tensor_layout_any, const T2 *)"
6906320771,5664,179133,,,,,,,,,,0.094,16542.310,Pinned,Device,NVIDIA A100-SXM4-40GB MIG 4g.20gb (0),1,,13,[CUDA memcpy Host-to-Device]
6906617568,16192,179134,,,,,,,,,,1.547,95516.405,Device,,NVIDIA A100-SXM4-40GB MIG 4g.20gb (0),1,,13,[CUDA memset]
6906634976,3679,179139,,,,,,,,,,0.031,8506.628,Pinned,Device,NVIDIA A100-SXM4-40GB MIG 4g.20gb (0),1,,13,[CUDA memcpy Host-to-Device]
6906641279,9760,179140,,,,,,,,,,0.197,20144.259,Pinned,Device,NVIDIA A100-SXM4-40GB MIG 4g.20gb (0),1,,13,[CUDA memcpy Host-to-Device]
6906948284,25376,179141,273,1,1,8,4,1,39,0.002,0.000,,,,,NVIDIA A100-SXM4-40GB MIG 4g.20gb (0),1,,13,"void channel_eq::eqMmseCoefCompLowMimoKernel<float, float, float, (unsigned int)4, (unsigned int)1, (unsigned int)4>(const channel_eq::_puschRxChEqStatDescr *, channel_eq::_puschRxChEqCoefCompDynDescr)"
6907280184,12960,179142,273,1,1,12,11,1,51,0.002,0.000,,,,,NVIDIA A100-SXM4-40GB MIG 4g.20gb (0),1,,13,"void channel_eq::eqMmseSoftDemapKernel<float, __half, __half, float, (unsigned int)4, (unsigned short)16383>(channel_eq::_puschRxChEqStatDescr *, channel_eq::_puschRxChEqSoftDemapDynDescr)"
6907852370,680056,179143,1,1,1,32,32,1,30,0.000,0.000,,,,,NVIDIA A100-SXM4-40GB MIG 4g.20gb (0),1,,13,"void convert_kernel<float2, __half2>(tensor_layout_any, T1 *, tensor_layout_any, const T2 *)"
6908985061,15680,179155,2253,1,1,128,1,1,16,0.000,0.000,,,,,NVIDIA A100-SXM4-40GB MIG 4g.20gb (0),1,,13,cupy_copy__float16_float16
6909465215,16928,179164,282,1,1,128,1,1,16,0.000,0.000,,,,,NVIDIA A100-SXM4-40GB MIG 4g.20gb (0),1,,13,cupy_copy__complex64_complex64
6909905658,4032,179173,26,1,1,128,1,1,16,0.000,0.000,,,,,NVIDIA A100-SXM4-40GB MIG 4g.20gb (0),1,,13,cupy_copy__float32_float32
6910357269,6880,179182,103,1,1,128,1,1,16,0.000,0.000,,,,,NVIDIA A100-SXM4-40GB MIG 4g.20gb (0),1,,13,cupy_copy__complex64_complex64
6910893007,15648,179192,1434,1,1,128,1,1,16,0.000,0.000,,,,,NVIDIA A100-SXM4-40GB MIG 4g.20gb (0),1,,13,cupy_copy__complex64_complex64
6911430345,256157,179197,1,1,1,32,32,1,30,0.000,0.000,,,,,NVIDIA A100-SXM4-40GB MIG 4g.20gb (0),1,,13,"void convert_kernel<__half2, float2>(tensor_layout_any, T1 *, tensor_layout_any, const T2 *)"
6911717286,6432,179200,,,,,,,,,,0.094,14567.105,Pinned,Device,NVIDIA A100-SXM4-40GB MIG 4g.20gb (0),1,,13,[CUDA memcpy Host-to-Device]
6912200161,615769,179201,,,,,,,,,,456.561,740999.217,Device,,NVIDIA A100-SXM4-40GB MIG 4g.20gb (0),1,,13,[CUDA memset]
6912822265,60032,179206,,,,,,,,,,1.235,20570.462,Pinned,Device,NVIDIA A100-SXM4-40GB MIG 4g.20gb (0),1,,13,[CUDA memcpy Host-to-Device]
6912885337,10112,179207,,,,,,,,,,0.197,19442.958,Pinned,Device,NVIDIA A100-SXM4-40GB MIG 4g.20gb (0),1,,13,[CUDA memcpy Host-to-Device]
6913389043,12384,179208,69,4,1,48,1,1,76,0.002,0.000,,,,,NVIDIA A100-SXM4-40GB MIG 4g.20gb (0),1,,13,"void ch_est::windowedChEstPreNoDftSOfdmKernel<float, __half, float, (unsigned int)2, (unsigned int)1, (unsigned short)4>(ch_est::puschRxChEstStatDescr_t *, ch_est::puschRxChEstDynDescr_t *)"
6913841454,11808,179209,137,2,1,24,2,1,44,0.001,0.001,,,,,NVIDIA A100-SXM4-40GB MIG 4g.20gb (0),1,,13,"void ch_est::chEstFilterNoDftSOfdmDispatchKernel<float, __half, float, (unsigned int)2>(ch_est::puschRxChEstStatDescr_t *, ch_est::puschRxChEstDynDescr_t *)"
6914157386,8032,179210,137,2,1,24,2,1,44,0.001,0.001,,,,,NVIDIA A100-SXM4-40GB MIG 4g.20gb (0),1,,13,"void ch_est::chEstFilterNoDftSOfdmDispatchKernel<float, __half, float, (unsigned int)2>(ch_est::puschRxChEstStatDescr_t *, ch_est::puschRxChEstDynDescr_t *)"
6914438695,15744,179221,103,1,1,128,1,1,16,0.000,0.000,,,,,NVIDIA A100-SXM4-40GB MIG 4g.20gb (0),1,,13,cupy_copy__complex64_complex64
6914641189,19296,179231,1434,1,1,128,1,1,16,0.000,0.000,,,,,NVIDIA A100-SXM4-40GB MIG 4g.20gb (0),1,,13,cupy_copy__complex64_complex64
6914861442,6432,179238,103,1,1,128,1,1,16,0.000,0.000,,,,,NVIDIA A100-SXM4-40GB MIG 4g.20gb (0),1,,13,cupy_copy__complex64_complex64
6915155327,234397,179245,1,1,1,32,32,1,30,0.000,0.000,,,,,NVIDIA A100-SXM4-40GB MIG 4g.20gb (0),1,,13,"void convert_kernel<__half2, float2>(tensor_layout_any, T1 *, tensor_layout_any, const T2 *)"
6915419068,5824,179248,,,,,,,,,,0.094,16087.884,Pinned,Device,NVIDIA A100-SXM4-40GB MIG 4g.20gb (0),1,,13,[CUDA memcpy Host-to-Device]
6915638426,57119,179249,,,,,,,,,,35.810,626924.269,Device,,NVIDIA A100-SXM4-40GB MIG 4g.20gb (0),1,,13,[CUDA memset]
6915697145,2528,179251,,,,,,,,,,0.000,31.646,Pinned,Device,NVIDIA A100-SXM4-40GB MIG 4g.20gb (0),1,,13,[CUDA memcpy Host-to-Device]
6915705145,9440,179252,,,,,,,,,,0.197,20827.079,Pinned,Device,NVIDIA A100-SXM4-40GB MIG 4g.20gb (0),1,,13,[CUDA memcpy Host-to-Device]
6916091572,58336,179253,273,1,1,48,1,1,40,0.000,0.001,,,,,NVIDIA A100-SXM4-40GB MIG 4g.20gb (0),1,,13,"void pusch_noise_intf_est::noiseIntfEstNoDftSOfdmKernel<float, __half, float, float, (unsigned int)2, (unsigned int)1, (unsigned char)4, (unsigned char)4>(pusch_noise_intf_est::puschRxNoiseIntfEstDynDescr)"
6916623534,9600,179264,35,1,1,128,1,1,16,0.000,0.000,,,,,NVIDIA A100-SXM4-40GB MIG 4g.20gb (0),1,,13,cupy_copy__complex64_complex64
6917073321,3552,179273,1,1,1,1,1,1,18,0.000,0.000,,,,,NVIDIA A100-SXM4-40GB MIG 4g.20gb (0),1,,13,cupy_copy__float32_float32
6917081033,1824,179279,,,,,,,,,,0.000,2.193,Device,Pageable,NVIDIA A100-SXM4-40GB MIG 4g.20gb (0),1,,7,[CUDA memcpy Device-to-Host]
6917656739,17248,179290,1434,1,1,128,1,1,16,0.000,0.000,,,,,NVIDIA A100-SXM4-40GB MIG 4g.20gb (0),1,,13,cupy_copy__complex64_complex64
6918127901,5824,179297,103,1,1,128,1,1,16,0.000,0.000,,,,,NVIDIA A100-SXM4-40GB MIG 4g.20gb (0),1,,13,cupy_copy__complex64_complex64
6918679447,4992,179304,35,1,1,128,1,1,16,0.000,0.000,,,,,NVIDIA A100-SXM4-40GB MIG 4g.20gb (0),1,,13,cupy_copy__complex64_complex64
6919217489,4096,179311,1,1,1,1,1,1,18,0.000,0.000,,,,,NVIDIA A100-SXM4-40GB MIG 4g.20gb (0),1,,13,cupy_copy__float32_float32
6919663884,248829,179322,1,1,1,32,32,1,30,0.000,0.000,,,,,NVIDIA A100-SXM4-40GB MIG 4g.20gb (0),1,,13,"void convert_kernel<__half2, float2>(tensor_layout_any, T1 *, tensor_layout_any, const T2 *)"
6919951881,12384,179325,,,,,,,,,,0.094,7565.858,Pinned,Device,NVIDIA A100-SXM4-40GB MIG 4g.20gb (0),1,,13,[CUDA memcpy Host-to-Device]
6920458627,6368,179326,,,,,,,,,,1.547,242874.100,Device,,NVIDIA A100-SXM4-40GB MIG 4g.20gb (0),1,,13,[CUDA memset]
6920469571,4128,179331,,,,,,,,,,0.031,7581.393,Pinned,Device,NVIDIA A100-SXM4-40GB MIG 4g.20gb (0),1,,13,[CUDA memcpy Host-to-Device]
6920479523,12448,179332,,,,,,,,,,0.197,15794.307,Pinned,Device,NVIDIA A100-SXM4-40GB MIG 4g.20gb (0),1,,13,[CUDA memcpy Host-to-Device]
6921051260,12960,179333,273,1,1,8,4,1,39,0.002,0.000,,,,,NVIDIA A100-SXM4-40GB MIG 4g.20gb (0),1,,13,"void channel_eq::eqMmseCoefCompLowMimoKernel<float, float, float, (unsigned int)4, (unsigned int)1, (unsigned int)4>(const channel_eq::_puschRxChEqStatDescr *, channel_eq::_puschRxChEqCoefCompDynDescr)"
6921636598,14336,179334,273,1,1,12,11,1,51,0.002,0.000,,,,,NVIDIA A100-SXM4-40GB MIG 4g.20gb (0),1,,13,"void channel_eq::eqMmseSoftDemapKernel<float, __half, __half, float, (unsigned int)4, (unsigned short)16383>(channel_eq::_puschRxChEqStatDescr *, channel_eq::_puschRxChEqSoftDemapDynDescr)"
6922233455,624473,179335,1,1,1,32,32,1,30,0.000,0.000,,,,,NVIDIA A100-SXM4-40GB MIG 4g.20gb (0),1,,13,"void convert_kernel<float2, __half2>(tensor_layout_any, T1 *, tensor_layout_any, const T2 *)"
6923131365,17984,179347,2253,1,1,128,1,1,16,0.000,0.000,,,,,NVIDIA A100-SXM4-40GB MIG 4g.20gb (0),1,,13,cupy_copy__float16_float16
6923335330,16800,179356,282,1,1,128,1,1,16,0.000,0.000,,,,,NVIDIA A100-SXM4-40GB MIG 4g.20gb (0),1,,13,cupy_copy__complex64_complex64
6923595392,4639,179365,26,1,1,128,1,1,16,0.000,0.000,,,,,NVIDIA A100-SXM4-40GB MIG 4g.20gb (0),1,,13,cupy_copy__float32_float32
6924355031,14144,179374,103,1,1,128,1,1,16,0.000,0.000,,,,,NVIDIA A100-SXM4-40GB MIG 4g.20gb (0),1,,13,cupy_copy__complex64_complex64
6924802258,19168,179384,1434,1,1,128,1,1,16,0.000,0.000,,,,,NVIDIA A100-SXM4-40GB MIG 4g.20gb (0),1,,13,cupy_copy__complex64_complex64
6925720775,347549,179389,1,1,1,32,32,1,30,0.000,0.000,,,,,NVIDIA A100-SXM4-40GB MIG 4g.20gb (0),1,,13,"void convert_kernel<__half2, float2>(tensor_layout_any, T1 *, tensor_layout_any, const T2 *)"
6926098467,5440,179392,,,,,,,,,,0.094,17223.480,Pinned,Device,NVIDIA A100-SXM4-40GB MIG 4g.20gb (0),1,,13,[CUDA memcpy Host-to-Device]
6926655645,613401,179393,,,,,,,,,,456.561,744195.147,Device,,NVIDIA A100-SXM4-40GB MIG 4g.20gb (0),1,,13,[CUDA memset]
6927273014,69503,179398,,,,,,,,,,1.235,17767.139,Pinned,Device,NVIDIA A100-SXM4-40GB MIG 4g.20gb (0),1,,13,[CUDA memcpy Host-to-Device]
6927345013,15744,179399,,,,,,,,,,0.197,12487.754,Pinned,Device,NVIDIA A100-SXM4-40GB MIG 4g.20gb (0),1,,13,[CUDA memcpy Host-to-Device]
6928199627,20512,179400,69,4,1,48,1,1,76,0.002,0.000,,,,,NVIDIA A100-SXM4-40GB MIG 4g.20gb (0),1,,13,"void ch_est::windowedChEstPreNoDftSOfdmKernel<float, __half, float, (unsigned int)2, (unsigned int)1, (unsigned short)4>(ch_est::puschRxChEstStatDescr_t *, ch_est::puschRxChEstDynDescr_t *)"
6929135681,13280,179401,137,2,1,24,2,1,44,0.001,0.001,,,,,NVIDIA A100-SXM4-40GB MIG 4g.20gb (0),1,,13,"void ch_est::chEstFilterNoDftSOfdmDispatchKernel<float, __half, float, (unsigned int)2>(ch_est::puschRxChEstStatDescr_t *, ch_est::puschRxChEstDynDescr_t *)"
6930072726,13952,179402,137,2,1,24,2,1,44,0.001,0.001,,,,,NVIDIA A100-SXM4-40GB MIG 4g.20gb (0),1,,13,"void ch_est::chEstFilterNoDftSOfdmDispatchKernel<float, __half, float, (unsigned int)2>(ch_est::puschRxChEstStatDescr_t *, ch_est::puschRxChEstDynDescr_t *)"
6930975180,5216,179413,103,1,1,128,1,1,16,0.000,0.000,,,,,NVIDIA A100-SXM4-40GB MIG 4g.20gb (0),1,,13,cupy_copy__complex64_complex64
6931781891,19392,179423,1434,1,1,128,1,1,16,0.000,0.000,,,,,NVIDIA A100-SXM4-40GB MIG 4g.20gb (0),1,,13,cupy_copy__complex64_complex64
6932727576,5984,179430,103,1,1,128,1,1,16,0.000,0.000,,,,,NVIDIA A100-SXM4-40GB MIG 4g.20gb (0),1,,13,cupy_copy__complex64_complex64
6933625678,262301,179437,1,1,1,32,32,1,30,0.000,0.000,,,,,NVIDIA A100-SXM4-40GB MIG 4g.20gb (0),1,,13,"void convert_kernel<__half2, float2>(tensor_layout_any, T1 *, tensor_layout_any, const T2 *)"
6933920107,6528,179440,,,,,,,,,,0.094,14352.915,Pinned,Device,NVIDIA A100-SXM4-40GB MIG 4g.20gb (0),1,,13,[CUDA memcpy Host-to-Device]
6934345446,57535,179441,,,,,,,,,,35.810,622376.410,Device,,NVIDIA A100-SXM4-40GB MIG 4g.20gb (0),1,,13,[CUDA memset]
6934405285,5664,179443,,,,,,,,,,0.000,14.124,Pinned,Device,NVIDIA A100-SXM4-40GB MIG 4g.20gb (0),1,,13,[CUDA memcpy Host-to-Device]
6934413701,9472,179444,,,,,,,,,,0.197,20756.693,Pinned,Device,NVIDIA A100-SXM4-40GB MIG 4g.20gb (0),1,,13,[CUDA memcpy Host-to-Device]
6934748033,24608,179445,273,1,1,48,1,1,40,0.000,0.001,,,,,NVIDIA A100-SXM4-40GB MIG 4g.20gb (0),1,,13,"void pusch_noise_intf_est::noiseIntfEstNoDftSOfdmKernel<float, __half, float, float, (unsigned int)2, (unsigned int)1, (unsigned char)4, (unsigned char)4>(pusch_noise_intf_est::puschRxNoiseIntfEstDynDescr)"
6934954687,7936,179456,35,1,1,128,1,1,16,0.000,0.000,,,,,NVIDIA A100-SXM4-40GB MIG 4g.20gb (0),1,,13,cupy_copy__complex64_complex64
6935245116,3040,179465,1,1,1,1,1,1,18,0.000,0.000,,,,,NVIDIA A100-SXM4-40GB MIG 4g.20gb (0),1,,13,cupy_copy__float32_float32
6935253756,1568,179471,,,,,,,,,,0.000,2.551,Device,Pageable,NVIDIA A100-SXM4-40GB MIG 4g.20gb (0),1,,7,[CUDA memcpy Device-to-Host]
6935674615,18752,179482,1434,1,1,128,1,1,16,0.000,0.000,,,,,NVIDIA A100-SXM4-40GB MIG 4g.20gb (0),1,,13,cupy_copy__complex64_complex64
6936381231,5120,179489,103,1,1,128,1,1,16,0.000,0.000,,,,,NVIDIA A100-SXM4-40GB MIG 4g.20gb (0),1,,13,cupy_copy__complex64_complex64
6937060359,5344,179496,35,1,1,128,1,1,16,0.000,0.000,,,,,NVIDIA A100-SXM4-40GB MIG 4g.20gb (0),1,,13,cupy_copy__complex64_complex64
6937642881,6335,179503,1,1,1,1,1,1,18,0.000,0.000,,,,,NVIDIA A100-SXM4-40GB MIG 4g.20gb (0),1,,13,cupy_copy__float32_float32
6938133467,295197,179514,1,1,1,32,32,1,30,0.000,0.000,,,,,NVIDIA A100-SXM4-40GB MIG 4g.20gb (0),1,,13,"void convert_kernel<__half2, float2>(tensor_layout_any, T1 *, tensor_layout_any, const T2 *)"
6938459351,6656,179517,,,,,,,,,,0.094,14076.887,Pinned,Device,NVIDIA A100-SXM4-40GB MIG 4g.20gb (0),1,,13,[CUDA memcpy Host-to-Device]
6938934578,17856,179518,,,,,,,,,,1.547,86615.584,Device,,NVIDIA A100-SXM4-40GB MIG 4g.20gb (0),1,,13,[CUDA memset]
6938953106,6912,179523,,,,,,,,,,0.031,4527.749,Pinned,Device,NVIDIA A100-SXM4-40GB MIG 4g.20gb (0),1,,13,[CUDA memcpy Host-to-Device]
6938965906,14495,179524,,,,,,,,,,0.197,13563.789,Pinned,Device,NVIDIA A100-SXM4-40GB MIG 4g.20gb (0),1,,13,[CUDA memcpy Host-to-Device]
6939743433,15680,179525,273,1,1,8,4,1,39,0.002,0.000,,,,,NVIDIA A100-SXM4-40GB MIG 4g.20gb (0),1,,13,"void channel_eq::eqMmseCoefCompLowMimoKernel<float, float, float, (unsigned int)4, (unsigned int)1, (unsigned int)4>(const channel_eq::_puschRxChEqStatDescr *, channel_eq::_puschRxChEqCoefCompDynDescr)"
6940410625,19456,179526,273,1,1,12,11,1,51,0.002,0.000,,,,,NVIDIA A100-SXM4-40GB MIG 4g.20gb (0),1,,13,"void channel_eq::eqMmseSoftDemapKernel<float, __half, __half, float, (unsigned int)4, (unsigned short)16383>(channel_eq::_puschRxChEqStatDescr *, channel_eq::_puschRxChEqSoftDemapDynDescr)"
6941153977,732567,179527,1,1,1,32,32,1,30,0.000,0.000,,,,,NVIDIA A100-SXM4-40GB MIG 4g.20gb (0),1,,13,"void convert_kernel<float2, __half2>(tensor_layout_any, T1 *, tensor_layout_any, const T2 *)"
6942472586,28224,179539,2253,1,1,128,1,1,16,0.000,0.000,,,,,NVIDIA A100-SXM4-40GB MIG 4g.20gb (0),1,,13,cupy_copy__float16_float16
6942976676,16640,179548,282,1,1,128,1,1,16,0.000,0.000,,,,,NVIDIA A100-SXM4-40GB MIG 4g.20gb (0),1,,13,cupy_copy__complex64_complex64
6943646269,7711,179557,26,1,1,128,1,1,16,0.000,0.000,,,,,NVIDIA A100-SXM4-40GB MIG 4g.20gb (0),1,,13,cupy_copy__float32_float32
6943996825,6784,179566,103,1,1,128,1,1,16,0.000,0.000,,,,,NVIDIA A100-SXM4-40GB MIG 4g.20gb (0),1,,13,cupy_copy__complex64_complex64
6944378164,15936,179576,1434,1,1,128,1,1,16,0.000,0.000,,,,,NVIDIA A100-SXM4-40GB MIG 4g.20gb (0),1,,13,cupy_copy__complex64_complex64
6944758768,234429,179581,1,1,1,32,32,1,30,0.000,0.000,,,,,NVIDIA A100-SXM4-40GB MIG 4g.20gb (0),1,,13,"void convert_kernel<__half2, float2>(tensor_layout_any, T1 *, tensor_layout_any, const T2 *)"
6945026765,5472,179584,,,,,,,,,,0.094,17122.757,Pinned,Device,NVIDIA A100-SXM4-40GB MIG 4g.20gb (0),1,,13,[CUDA memcpy Host-to-Device]
6945286858,624281,179585,,,,,,,,,,456.561,730954.865,Device,,NVIDIA A100-SXM4-40GB MIG 4g.20gb (0),1,,13,[CUDA memset]
6945916803,58879,179590,,,,,,,,,,1.235,20973.054,Pinned,Device,NVIDIA A100-SXM4-40GB MIG 4g.20gb (0),1,,13,[CUDA memcpy Host-to-Device]
6945981282,10112,179591,,,,,,,,,,0.197,19442.958,Pinned,Device,NVIDIA A100-SXM4-40GB MIG 4g.20gb (0),1,,13,[CUDA memcpy Host-to-Device]
6946254495,22784,179592,69,4,1,48,1,1,76,0.002,0.000,,,,,NVIDIA A100-SXM4-40GB MIG 4g.20gb (0),1,,13,"void ch_est::windowedChEstPreNoDftSOfdmKernel<float, __half, float, (unsigned int)2, (unsigned int)1, (unsigned short)4>(ch_est::puschRxChEstStatDescr_t *, ch_est::puschRxChEstDynDescr_t *)"
6946466269,9536,179593,137,2,1,24,2,1,44,0.001,0.001,,,,,NVIDIA A100-SXM4-40GB MIG 4g.20gb (0),1,,13,"void ch_est::chEstFilterNoDftSOfdmDispatchKernel<float, __half, float, (unsigned int)2>(ch_est::puschRxChEstStatDescr_t *, ch_est::puschRxChEstDynDescr_t *)"
6946769177,8128,179594,137,2,1,24,2,1,44,0.001,0.001,,,,,NVIDIA A100-SXM4-40GB MIG 4g.20gb (0),1,,13,"void ch_est::chEstFilterNoDftSOfdmDispatchKernel<float, __half, float, (unsigned int)2>(ch_est::puschRxChEstStatDescr_t *, ch_est::puschRxChEstDynDescr_t *)"
6947132245,15776,179605,103,1,1,128,1,1,16,0.000,0.000,,,,,NVIDIA A100-SXM4-40GB MIG 4g.20gb (0),1,,13,cupy_copy__complex64_complex64
6947532721,26623,179615,1434,1,1,128,1,1,16,0.000,0.000,,,,,NVIDIA A100-SXM4-40GB MIG 4g.20gb (0),1,,13,cupy_copy__complex64_complex64
6947991851,9984,179622,103,1,1,128,1,1,16,0.000,0.000,,,,,NVIDIA A100-SXM4-40GB MIG 4g.20gb (0),1,,13,cupy_copy__complex64_complex64
6948464838,236445,179629,1,1,1,32,32,1,30,0.000,0.000,,,,,NVIDIA A100-SXM4-40GB MIG 4g.20gb (0),1,,13,"void convert_kernel<__half2, float2>(tensor_layout_any, T1 *, tensor_layout_any, const T2 *)"
6948730307,5600,179632,,,,,,,,,,0.094,16731.388,Pinned,Device,NVIDIA A100-SXM4-40GB MIG 4g.20gb (0),1,,13,[CUDA memcpy Host-to-Device]
6949268701,87839,179633,,,,,,,,,,35.810,407660.129,Device,,NVIDIA A100-SXM4-40GB MIG 4g.20gb (0),1,,13,[CUDA memset]
6949364060,1824,179635,,,,,,,,,,0.000,43.860,Pinned,Device,NVIDIA A100-SXM4-40GB MIG 4g.20gb (0),1,,13,[CUDA memcpy Host-to-Device]
6949368636,9696,179636,,,,,,,,,,0.197,20277.166,Pinned,Device,NVIDIA A100-SXM4-40GB MIG 4g.20gb (0),1,,13,[CUDA memcpy Host-to-Device]
6949956277,16128,179637,273,1,1,48,1,1,40,0.000,0.001,,,,,NVIDIA A100-SXM4-40GB MIG 4g.20gb (0),1,,13,"void pusch_noise_intf_est::noiseIntfEstNoDftSOfdmKernel<float, __half, float, float, (unsigned int)2, (unsigned int)1, (unsigned char)4, (unsigned char)4>(pusch_noise_intf_est::puschRxNoiseIntfEstDynDescr)"
6950431088,4640,179648,35,1,1,128,1,1,16,0.000,0.000,,,,,NVIDIA A100-SXM4-40GB MIG 4g.20gb (0),1,,13,cupy_copy__complex64_complex64
6951059145,3968,179657,1,1,1,1,1,1,18,0.000,0.000,,,,,NVIDIA A100-SXM4-40GB MIG 4g.20gb (0),1,,13,cupy_copy__float32_float32
6951067657,4575,179663,,,,,,,,,,0.000,0.874,Device,Pageable,NVIDIA A100-SXM4-40GB MIG 4g.20gb (0),1,,7,[CUDA memcpy Device-to-Host]
6951687074,17503,179674,1434,1,1,128,1,1,16,0.000,0.000,,,,,NVIDIA A100-SXM4-40GB MIG 4g.20gb (0),1,,13,cupy_copy__complex64_complex64
6952330042,4864,179681,103,1,1,128,1,1,16,0.000,0.000,,,,,NVIDIA A100-SXM4-40GB MIG 4g.20gb (0),1,,13,cupy_copy__complex64_complex64
6952862324,5088,179688,35,1,1,128,1,1,16,0.000,0.000,,,,,NVIDIA A100-SXM4-40GB MIG 4g.20gb (0),1,,13,cupy_copy__complex64_complex64
6953458669,3104,179695,1,1,1,1,1,1,18,0.000,0.000,,,,,NVIDIA A100-SXM4-40GB MIG 4g.20gb (0),1,,13,cupy_copy__float32_float32
6953861353,264061,179706,1,1,1,32,32,1,30,0.000,0.000,,,,,NVIDIA A100-SXM4-40GB MIG 4g.20gb (0),1,,13,"void convert_kernel<__half2, float2>(tensor_layout_any, T1 *, tensor_layout_any, const T2 *)"
6954158630,5887,179709,,,,,,,,,,0.094,15915.671,Pinned,Device,NVIDIA A100-SXM4-40GB MIG 4g.20gb (0),1,,13,[CUDA memcpy Host-to-Device]
6954387715,6560,179710,,,,,,,,,,1.547,235765.816,Device,,NVIDIA A100-SXM4-40GB MIG 4g.20gb (0),1,,13,[CUDA memset]
6954401155,3264,179715,,,,,,,,,,0.031,9588.218,Pinned,Device,NVIDIA A100-SXM4-40GB MIG 4g.20gb (0),1,,13,[CUDA memcpy Host-to-Device]
6954409859,9760,179716,,,,,,,,,,0.197,20144.259,Pinned,Device,NVIDIA A100-SXM4-40GB MIG 4g.20gb (0),1,,13,[CUDA memcpy Host-to-Device]
6954724383,14560,179717,273,1,1,8,4,1,39,0.002,0.000,,,,,NVIDIA A100-SXM4-40GB MIG 4g.20gb (0),1,,13,"void channel_eq::eqMmseCoefCompLowMimoKernel<float, float, float, (unsigned int)4, (unsigned int)1, (unsigned int)4>(const channel_eq::_puschRxChEqStatDescr *, channel_eq::_puschRxChEqCoefCompDynDescr)"
6955061371,14112,179718,273,1,1,12,11,1,51,0.002,0.000,,,,,NVIDIA A100-SXM4-40GB MIG 4g.20gb (0),1,,13,"void channel_eq::eqMmseSoftDemapKernel<float, __half, __half, float, (unsigned int)4, (unsigned short)16383>(channel_eq::_puschRxChEqStatDescr *, channel_eq::_puschRxChEqSoftDemapDynDescr)"
6955397688,552121,179719,1,1,1,32,32,1,30,0.000,0.000,,,,,NVIDIA A100-SXM4-40GB MIG 4g.20gb (0),1,,13,"void convert_kernel<float2, __half2>(tensor_layout_any, T1 *, tensor_layout_any, const T2 *)"
6956164463,17984,179731,2253,1,1,128,1,1,16,0.000,0.000,,,,,NVIDIA A100-SXM4-40GB MIG 4g.20gb (0),1,,13,cupy_copy__float16_float16
6956444268,6816,179740,282,1,1,128,1,1,16,0.000,0.000,,,,,NVIDIA A100-SXM4-40GB MIG 4g.20gb (0),1,,13,cupy_copy__complex64_complex64
6956992613,4672,179749,26,1,1,128,1,1,16,0.000,0.000,,,,,NVIDIA A100-SXM4-40GB MIG 4g.20gb (0),1,,13,cupy_copy__float32_float32
6957456224,7872,179758,103,1,1,128,1,1,16,0.000,0.000,,,,,NVIDIA A100-SXM4-40GB MIG 4g.20gb (0),1,,13,cupy_copy__complex64_complex64
6958015258,15520,179768,1434,1,1,128,1,1,16,0.000,0.000,,,,,NVIDIA A100-SXM4-40GB MIG 4g.20gb (0),1,,13,cupy_copy__complex64_complex64
6958572148,251901,179773,1,1,1,32,32,1,30,0.000,0.000,,,,,NVIDIA A100-SXM4-40GB MIG 4g.20gb (0),1,,13,"void convert_kernel<__half2, float2>(tensor_layout_any, T1 *, tensor_layout_any, const T2 *)"
6958959567,11040,179776,,,,,,,,,,0.094,8486.890,Pinned,Device,NVIDIA A100-SXM4-40GB MIG 4g.20gb (0),1,,13,[CUDA memcpy Host-to-Device]
6959512489,618393,179777,,,,,,,,,,456.561,738259.848,Device,,NVIDIA A100-SXM4-40GB MIG 4g.20gb (0),1,,13,[CUDA memset]
6960133666,70879,179782,,,,,,,,,,1.235,17422.590,Pinned,Device,NVIDIA A100-SXM4-40GB MIG 4g.20gb (0),1,,13,[CUDA memcpy Host-to-Device]
6960209089,12608,179783,,,,,,,,,,0.197,15593.767,Pinned,Device,NVIDIA A100-SXM4-40GB MIG 4g.20gb (0),1,,13,[CUDA memcpy Host-to-Device]
6960724859,23584,179784,69,4,1,48,1,1,76,0.002,0.000,,,,,NVIDIA A100-SXM4-40GB MIG 4g.20gb (0),1,,13,"void ch_est::windowedChEstPreNoDftSOfdmKernel<float, __half, float, (unsigned int)2, (unsigned int)1, (unsigned short)4>(ch_est::puschRxChEstStatDescr_t *, ch_est::puschRxChEstDynDescr_t *)"
6961194550,12288,179785,137,2,1,24,2,1,44,0.001,0.001,,,,,NVIDIA A100-SXM4-40GB MIG 4g.20gb (0),1,,13,"void ch_est::chEstFilterNoDftSOfdmDispatchKernel<float, __half, float, (unsigned int)2>(ch_est::puschRxChEstStatDescr_t *, ch_est::puschRxChEstDynDescr_t *)"
6961792847,12096,179786,137,2,1,24,2,1,44,0.001,0.001,,,,,NVIDIA A100-SXM4-40GB MIG 4g.20gb (0),1,,13,"void ch_est::chEstFilterNoDftSOfdmDispatchKernel<float, __half, float, (unsigned int)2>(ch_est::puschRxChEstStatDescr_t *, ch_est::puschRxChEstDynDescr_t *)"
6962390248,4832,179797,103,1,1,128,1,1,16,0.000,0.000,,,,,NVIDIA A100-SXM4-40GB MIG 4g.20gb (0),1,,13,cupy_copy__complex64_complex64
6962851907,18400,179807,1434,1,1,128,1,1,16,0.000,0.000,,,,,NVIDIA A100-SXM4-40GB MIG 4g.20gb (0),1,,13,cupy_copy__complex64_complex64
6963450076,4992,179814,103,1,1,128,1,1,16,0.000,0.000,,,,,NVIDIA A100-SXM4-40GB MIG 4g.20gb (0),1,,13,cupy_copy__complex64_complex64
6963750297,245245,179821,1,1,1,32,32,1,30,0.000,0.000,,,,,NVIDIA A100-SXM4-40GB MIG 4g.20gb (0),1,,13,"void convert_kernel<__half2, float2>(tensor_layout_any, T1 *, tensor_layout_any, const T2 *)"
6964029622,5568,179824,,,,,,,,,,0.094,16827.521,Pinned,Device,NVIDIA A100-SXM4-40GB MIG 4g.20gb (0),1,,13,[CUDA memcpy Host-to-Device]
6964238547,56640,179825,,,,,,,,,,35.810,632224.138,Device,,NVIDIA A100-SXM4-40GB MIG 4g.20gb (0),1,,13,[CUDA memset]
6964296115,1888,179827,,,,,,,,,,0.000,42.373,Pinned,Device,NVIDIA A100-SXM4-40GB MIG 4g.20gb (0),1,,13,[CUDA memcpy Host-to-Device]
6964304051,9504,179828,,,,,,,,,,0.197,20686.701,Pinned,Device,NVIDIA A100-SXM4-40GB MIG 4g.20gb (0),1,,13,[CUDA memcpy Host-to-Device]
6964638703,26944,179829,273,1,1,48,1,1,40,0.000,0.001,,,,,NVIDIA A100-SXM4-40GB MIG 4g.20gb (0),1,,13,"void pusch_noise_intf_est::noiseIntfEstNoDftSOfdmKernel<float, __half, float, float, (unsigned int)2, (unsigned int)1, (unsigned char)4, (unsigned char)4>(pusch_noise_intf_est::puschRxNoiseIntfEstDynDescr)"
6964845613,8383,179840,35,1,1,128,1,1,16,0.000,0.000,,,,,NVIDIA A100-SXM4-40GB MIG 4g.20gb (0),1,,13,cupy_copy__complex64_complex64
6965134601,2752,179849,1,1,1,1,1,1,18,0.000,0.000,,,,,NVIDIA A100-SXM4-40GB MIG 4g.20gb (0),1,,13,cupy_copy__float32_float32
6965138345,1632,179855,,,,,,,,,,0.000,2.451,Device,Pageable,NVIDIA A100-SXM4-40GB MIG 4g.20gb (0),1,,7,[CUDA memcpy Device-to-Host]
6965640676,18303,179866,1434,1,1,128,1,1,16,0.000,0.000,,,,,NVIDIA A100-SXM4-40GB MIG 4g.20gb (0),1,,13,cupy_copy__complex64_complex64
6966578009,5376,179873,103,1,1,128,1,1,16,0.000,0.000,,,,,NVIDIA A100-SXM4-40GB MIG 4g.20gb (0),1,,13,cupy_copy__complex64_complex64
6967469679,4640,179880,35,1,1,128,1,1,16,0.000,0.000,,,,,NVIDIA A100-SXM4-40GB MIG 4g.20gb (0),1,,13,cupy_copy__complex64_complex64
6968354853,4160,179887,1,1,1,1,1,1,18,0.000,0.000,,,,,NVIDIA A100-SXM4-40GB MIG 4g.20gb (0),1,,13,cupy_copy__float32_float32
6969140412,247069,179898,1,1,1,32,32,1,30,0.000,0.000,,,,,NVIDIA A100-SXM4-40GB MIG 4g.20gb (0),1,,13,"void convert_kernel<__half2, float2>(tensor_layout_any, T1 *, tensor_layout_any, const T2 *)"
6969423449,8384,179901,,,,,,,,,,0.094,11175.497,Pinned,Device,NVIDIA A100-SXM4-40GB MIG 4g.20gb (0),1,,13,[CUDA memcpy Host-to-Device]
6970292527,6272,179902,,,,,,,,,,1.547,246590.637,Device,,NVIDIA A100-SXM4-40GB MIG 4g.20gb (0),1,,13,[CUDA memset]
6970306095,3264,179907,,,,,,,,,,0.031,9588.218,Pinned,Device,NVIDIA A100-SXM4-40GB MIG 4g.20gb (0),1,,13,[CUDA memcpy Host-to-Device]
6970314479,13376,179908,,,,,,,,,,0.197,14698.414,Pinned,Device,NVIDIA A100-SXM4-40GB MIG 4g.20gb (0),1,,13,[CUDA memcpy Host-to-Device]
6971221156,12896,179909,273,1,1,8,4,1,39,0.002,0.000,,,,,NVIDIA A100-SXM4-40GB MIG 4g.20gb (0),1,,13,"void channel_eq::eqMmseCoefCompLowMimoKernel<float, float, float, (unsigned int)4, (unsigned int)1, (unsigned int)4>(const channel_eq::_puschRxChEqStatDescr *, channel_eq::_puschRxChEqCoefCompDynDescr)"
6972147258,15360,179910,273,1,1,12,11,1,51,0.002,0.000,,,,,NVIDIA A100-SXM4-40GB MIG 4g.20gb (0),1,,13,"void channel_eq::eqMmseSoftDemapKernel<float, __half, __half, float, (unsigned int)4, (unsigned short)16383>(channel_eq::_puschRxChEqStatDescr *, channel_eq::_puschRxChEqSoftDemapDynDescr)"
6973077935,679993,179911,1,1,1,32,32,1,30,0.000,0.000,,,,,NVIDIA A100-SXM4-40GB MIG 4g.20gb (0),1,,13,"void convert_kernel<float2, __half2>(tensor_layout_any, T1 *, tensor_layout_any, const T2 *)"
6974644734,16287,179923,2253,1,1,128,1,1,16,0.000,0.000,,,,,NVIDIA A100-SXM4-40GB MIG 4g.20gb (0),1,,13,cupy_copy__float16_float16
6974962586,5536,179932,282,1,1,128,1,1,16,0.000,0.000,,,,,NVIDIA A100-SXM4-40GB MIG 4g.20gb (0),1,,13,cupy_copy__complex64_complex64
6975265047,4288,179941,26,1,1,128,1,1,16,0.000,0.000,,,,,NVIDIA A100-SXM4-40GB MIG 4g.20gb (0),1,,13,cupy_copy__float32_float32
6975545139,16480,179950,103,1,1,128,1,1,16,0.000,0.000,,,,,NVIDIA A100-SXM4-40GB MIG 4g.20gb (0),1,,13,cupy_copy__complex64_complex64
6975750193,19200,179960,1434,1,1,128,1,1,16,0.000,0.000,,,,,NVIDIA A100-SXM4-40GB MIG 4g.20gb (0),1,,13,cupy_copy__complex64_complex64
6975966639,228157,179965,1,1,1,32,32,1,30,0.000,0.000,,,,,NVIDIA A100-SXM4-40GB MIG 4g.20gb (0),1,,13,"void convert_kernel<__half2, float2>(tensor_layout_any, T1 *, tensor_layout_any, const T2 *)"
6976227148,5600,179968,,,,,,,,,,0.094,16731.388,Pinned,Device,NVIDIA A100-SXM4-40GB MIG 4g.20gb (0),1,,13,[CUDA memcpy Host-to-Device]
6976611687,620889,179969,,,,,,,,,,456.561,735063.918,Device,,NVIDIA A100-SXM4-40GB MIG 4g.20gb (0),1,,13,[CUDA memset]
6977236064,54080,179974,,,,,,,,,,1.235,22835.350,Pinned,Device,NVIDIA A100-SXM4-40GB MIG 4g.20gb (0),1,,13,[CUDA memcpy Host-to-Device]
6977292672,9664,179975,,,,,,,,,,0.197,20344.209,Pinned,Device,NVIDIA A100-SXM4-40GB MIG 4g.20gb (0),1,,13,[CUDA memcpy Host-to-Device]
6978158006,11552,179976,69,4,1,48,1,1,76,0.002,0.000,,,,,NVIDIA A100-SXM4-40GB MIG 4g.20gb (0),1,,13,"void ch_est::windowedChEstPreNoDftSOfdmKernel<float, __half, float, (unsigned int)2, (unsigned int)1, (unsigned short)4>(ch_est::puschRxChEstStatDescr_t *, ch_est::puschRxChEstDynDescr_t *)"
6979027692,16224,179977,137,2,1,24,2,1,44,0.001,0.001,,,,,NVIDIA A100-SXM4-40GB MIG 4g.20gb (0),1,,13,"void ch_est::chEstFilterNoDftSOfdmDispatchKernel<float, __half, float, (unsigned int)2>(ch_est::puschRxChEstStatDescr_t *, ch_est::puschRxChEstDynDescr_t *)"
6979868355,20479,179978,137,2,1,24,2,1,44,0.001,0.001,,,,,NVIDIA A100-SXM4-40GB MIG 4g.20gb (0),1,,13,"void ch_est::chEstFilterNoDftSOfdmDispatchKernel<float, __half, float, (unsigned int)2>(ch_est::puschRxChEstStatDescr_t *, ch_est::puschRxChEstDynDescr_t *)"
6980573435,5055,179989,103,1,1,128,1,1,16,0.000,0.000,,,,,NVIDIA A100-SXM4-40GB MIG 4g.20gb (0),1,,13,cupy_copy__complex64_complex64
6981225075,21376,179999,1434,1,1,128,1,1,16,0.000,0.000,,,,,NVIDIA A100-SXM4-40GB MIG 4g.20gb (0),1,,13,cupy_copy__complex64_complex64
6981783181,9504,180006,103,1,1,128,1,1,16,0.000,0.000,,,,,NVIDIA A100-SXM4-40GB MIG 4g.20gb (0),1,,13,cupy_copy__complex64_complex64
6982631459,333020,180013,1,1,1,32,32,1,30,0.000,0.000,,,,,NVIDIA A100-SXM4-40GB MIG 4g.20gb (0),1,,13,"void convert_kernel<__half2, float2>(tensor_layout_any, T1 *, tensor_layout_any, const T2 *)"
6982999519,11136,180016,,,,,,,,,,0.094,8413.713,Pinned,Device,NVIDIA A100-SXM4-40GB MIG 4g.20gb (0),1,,13,[CUDA memcpy Host-to-Device]
6983611096,60415,180017,,,,,,,,,,35.810,592725.796,Device,,NVIDIA A100-SXM4-40GB MIG 4g.20gb (0),1,,13,[CUDA memset]
6983675799,3648,180019,,,,,,,,,,0.000,21.930,Pinned,Device,NVIDIA A100-SXM4-40GB MIG 4g.20gb (0),1,,13,[CUDA memcpy Host-to-Device]
6983682135,12640,180020,,,,,,,,,,0.197,15554.249,Pinned,Device,NVIDIA A100-SXM4-40GB MIG 4g.20gb (0),1,,13,[CUDA memcpy Host-to-Device]
6984568493,22144,180021,273,1,1,48,1,1,40,0.000,0.001,,,,,NVIDIA A100-SXM4-40GB MIG 4g.20gb (0),1,,13,"void pusch_noise_intf_est::noiseIntfEstNoDftSOfdmKernel<float, __half, float, float, (unsigned int)2, (unsigned int)1, (unsigned char)4, (unsigned char)4>(pusch_noise_intf_est::puschRxNoiseIntfEstDynDescr)"
6985478883,13408,180032,35,1,1,128,1,1,16,0.000,0.000,,,,,NVIDIA A100-SXM4-40GB MIG 4g.20gb (0),1,,13,cupy_copy__complex64_complex64
6986325817,3392,180041,1,1,1,1,1,1,18,0.000,0.000,,,,,NVIDIA A100-SXM4-40GB MIG 4g.20gb (0),1,,13,cupy_copy__float32_float32
6986330329,2656,180047,,,,,,,,,,0.000,1.506,Device,Pageable,NVIDIA A100-SXM4-40GB MIG 4g.20gb (0),1,,7,[CUDA memcpy Device-to-Host]
6986744629,21023,180058,1434,1,1,128,1,1,16,0.000,0.000,,,,,NVIDIA A100-SXM4-40GB MIG 4g.20gb (0),1,,13,cupy_copy__complex64_complex64
6987143056,4704,180065,103,1,1,128,1,1,16,0.000,0.000,,,,,NVIDIA A100-SXM4-40GB MIG 4g.20gb (0),1,,13,cupy_copy__complex64_complex64
6987429421,7552,180072,35,1,1,128,1,1,16,0.000,0.000,,,,,NVIDIA A100-SXM4-40GB MIG 4g.20gb (0),1,,13,cupy_copy__complex64_complex64
6987629483,3360,180079,1,1,1,1,1,1,18,0.000,0.000,,,,,NVIDIA A100-SXM4-40GB MIG 4g.20gb (0),1,,13,cupy_copy__float32_float32
6987888744,253277,180090,1,1,1,32,32,1,30,0.000,0.000,,,,,NVIDIA A100-SXM4-40GB MIG 4g.20gb (0),1,,13,"void convert_kernel<__half2, float2>(tensor_layout_any, T1 *, tensor_layout_any, const T2 *)"
6988172165,5439,180093,,,,,,,,,,0.094,17226.665,Pinned,Device,NVIDIA A100-SXM4-40GB MIG 4g.20gb (0),1,,13,[CUDA memcpy Host-to-Device]
6988988667,7488,180094,,,,,,,,,,1.547,206546.995,Device,,NVIDIA A100-SXM4-40GB MIG 4g.20gb (0),1,,13,[CUDA memset]
6988998267,4928,180099,,,,,,,,,,0.031,6350.647,Pinned,Device,NVIDIA A100-SXM4-40GB MIG 4g.20gb (0),1,,13,[CUDA memcpy Host-to-Device]
6989009531,10016,180100,,,,,,,,,,0.197,19629.343,Pinned,Device,NVIDIA A100-SXM4-40GB MIG 4g.20gb (0),1,,13,[CUDA memcpy Host-to-Device]
6989840914,23487,180101,273,1,1,8,4,1,39,0.002,0.000,,,,,NVIDIA A100-SXM4-40GB MIG 4g.20gb (0),1,,13,"void channel_eq::eqMmseCoefCompLowMimoKernel<float, float, float, (unsigned int)4, (unsigned int)1, (unsigned int)4>(const channel_eq::_puschRxChEqStatDescr *, channel_eq::_puschRxChEqCoefCompDynDescr)"
6990600457,21024,180102,273,1,1,12,11,1,51,0.002,0.000,,,,,NVIDIA A100-SXM4-40GB MIG 4g.20gb (0),1,,13,"void channel_eq::eqMmseSoftDemapKernel<float, __half, __half, float, (unsigned int)4, (unsigned short)16383>(channel_eq::_puschRxChEqStatDescr *, channel_eq::_puschRxChEqSoftDemapDynDescr)"
6991499679,680376,180103,1,1,1,32,32,1,30,0.000,0.000,,,,,NVIDIA A100-SXM4-40GB MIG 4g.20gb (0),1,,13,"void convert_kernel<float2, __half2>(tensor_layout_any, T1 *, tensor_layout_any, const T2 *)"
6992985934,19168,180115,2253,1,1,128,1,1,16,0.000,0.000,,,,,NVIDIA A100-SXM4-40GB MIG 4g.20gb (0),1,,13,cupy_copy__float16_float16
6993474536,5664,180124,282,1,1,128,1,1,16,0.000,0.000,,,,,NVIDIA A100-SXM4-40GB MIG 4g.20gb (0),1,,13,cupy_copy__complex64_complex64
6994337311,3456,180133,26,1,1,128,1,1,16,0.000,0.000,,,,,NVIDIA A100-SXM4-40GB MIG 4g.20gb (0),1,,13,cupy_copy__float32_float32
6995197077,15936,180142,103,1,1,128,1,1,16,0.000,0.000,,,,,NVIDIA A100-SXM4-40GB MIG 4g.20gb (0),1,,13,cupy_copy__complex64_complex64
6995953420,17568,180152,1434,1,1,128,1,1,16,0.000,0.000,,,,,NVIDIA A100-SXM4-40GB MIG 4g.20gb (0),1,,13,cupy_copy__complex64_complex64
6996864738,239229,180157,1,1,1,32,32,1,30,0.000,0.000,,,,,NVIDIA A100-SXM4-40GB MIG 4g.20gb (0),1,,13,"void convert_kernel<__half2, float2>(tensor_layout_any, T1 *, tensor_layout_any, const T2 *)"
6997134271,5536,180160,,,,,,,,,,0.094,16924.777,Pinned,Device,NVIDIA A100-SXM4-40GB MIG 4g.20gb (0),1,,13,[CUDA memcpy Host-to-Device]
6997522011,614073,180161,,,,,,,,,,456.561,743282.024,Device,,NVIDIA A100-SXM4-40GB MIG 4g.20gb (0),1,,13,[CUDA memset]
6998144148,57791,180166,,,,,,,,,,1.235,21368.236,Pinned,Device,NVIDIA A100-SXM4-40GB MIG 4g.20gb (0),1,,13,[CUDA memcpy Host-to-Device]
6998204403,10464,180167,,,,,,,,,,0.197,18788.844,Pinned,Device,NVIDIA A100-SXM4-40GB MIG 4g.20gb (0),1,,13,[CUDA memcpy Host-to-Device]
6998593551,11871,180168,69,4,1,48,1,1,76,0.002,0.000,,,,,NVIDIA A100-SXM4-40GB MIG 4g.20gb (0),1,,13,"void ch_est::windowedChEstPreNoDftSOfdmKernel<float, __half, float, (unsigned int)2, (unsigned int)1, (unsigned short)4>(ch_est::puschRxChEstStatDescr_t *, ch_est::puschRxChEstDynDescr_t *)"
6998944491,10879,180169,137,2,1,24,2,1,44,0.001,0.001,,,,,NVIDIA A100-SXM4-40GB MIG 4g.20gb (0),1,,13,"void ch_est::chEstFilterNoDftSOfdmDispatchKernel<float, __half, float, (unsigned int)2>(ch_est::puschRxChEstStatDescr_t *, ch_est::puschRxChEstDynDescr_t *)"
6999250311,8704,180170,137,2,1,24,2,1,44,0.001,0.001,,,,,NVIDIA A100-SXM4-40GB MIG 4g.20gb (0),1,,13,"void ch_est::chEstFilterNoDftSOfdmDispatchKernel<float, __half, float, (unsigned int)2>(ch_est::puschRxChEstStatDescr_t *, ch_est::puschRxChEstDynDescr_t *)"
6999537028,16288,180181,103,1,1,128,1,1,16,0.000,0.000,,,,,NVIDIA A100-SXM4-40GB MIG 4g.20gb (0),1,,13,cupy_copy__complex64_complex64
6999738562,20255,180191,1434,1,1,128,1,1,16,0.000,0.000,,,,,NVIDIA A100-SXM4-40GB MIG 4g.20gb (0),1,,13,cupy_copy__complex64_complex64
6999960287,4896,180198,103,1,1,128,1,1,16,0.000,0.000,,,,,NVIDIA A100-SXM4-40GB MIG 4g.20gb (0),1,,13,cupy_copy__complex64_complex64
7000260700,236477,180205,1,1,1,32,32,1,30,0.000,0.000,,,,,NVIDIA A100-SXM4-40GB MIG 4g.20gb (0),1,,13,"void convert_kernel<__half2, float2>(tensor_layout_any, T1 *, tensor_layout_any, const T2 *)"
7000529881,7712,180208,,,,,,,,,,0.094,12149.373,Pinned,Device,NVIDIA A100-SXM4-40GB MIG 4g.20gb (0),1,,13,[CUDA memcpy Host-to-Device]
7000812693,60320,180209,,,,,,,,,,35.810,593656.854,Device,,NVIDIA A100-SXM4-40GB MIG 4g.20gb (0),1,,13,[CUDA memset]
7000879861,5824,180211,,,,,,,,,,0.000,13.736,Pinned,Device,NVIDIA A100-SXM4-40GB MIG 4g.20gb (0),1,,13,[CUDA memcpy Host-to-Device]
7000888245,9567,180212,,,,,,,,,,0.197,20550.451,Pinned,Device,NVIDIA A100-SXM4-40GB MIG 4g.20gb (0),1,,13,[CUDA memcpy Host-to-Device]
7001321008,24543,180213,273,1,1,48,1,1,40,0.000,0.001,,,,,NVIDIA A100-SXM4-40GB MIG 4g.20gb (0),1,,13,"void pusch_noise_intf_est::noiseIntfEstNoDftSOfdmKernel<float, __half, float, float, (unsigned int)2, (unsigned int)1, (unsigned char)4, (unsigned char)4>(pusch_noise_intf_est::puschRxNoiseIntfEstDynDescr)"
7001621964,4480,180224,35,1,1,128,1,1,16,0.000,0.000,,,,,NVIDIA A100-SXM4-40GB MIG 4g.20gb (0),1,,13,cupy_copy__complex64_complex64
7001989128,5600,180233,1,1,1,1,1,1,18,0.000,0.000,,,,,NVIDIA A100-SXM4-40GB MIG 4g.20gb (0),1,,13,cupy_copy__float32_float32
7001995784,6688,180239,,,,,,,,,,0.000,0.598,Device,Pageable,NVIDIA A100-SXM4-40GB MIG 4g.20gb (0),1,,7,[CUDA memcpy Device-to-Host]
7002426595,20448,180250,1434,1,1,128,1,1,16,0.000,0.000,,,,,NVIDIA A100-SXM4-40GB MIG 4g.20gb (0),1,,13,cupy_copy__complex64_complex64
7002849438,4384,180257,103,1,1,128,1,1,16,0.000,0.000,,,,,NVIDIA A100-SXM4-40GB MIG 4g.20gb (0),1,,13,cupy_copy__complex64_complex64
7003294809,7584,180264,35,1,1,128,1,1,16,0.000,0.000,,,,,NVIDIA A100-SXM4-40GB MIG 4g.20gb (0),1,,13,cupy_copy__complex64_complex64
7003602870,4064,180271,1,1,1,1,1,1,18,0.000,0.000,,,,,NVIDIA A100-SXM4-40GB MIG 4g.20gb (0),1,,13,cupy_copy__float32_float32
7003910066,210750,180282,1,1,1,32,32,1,30,0.000,0.000,,,,,NVIDIA A100-SXM4-40GB MIG 4g.20gb (0),1,,13,"void convert_kernel<__half2, float2>(tensor_layout_any, T1 *, tensor_layout_any, const T2 *)"
7004154320,9343,180285,,,,,,,,,,0.094,10028.470,Pinned,Device,NVIDIA A100-SXM4-40GB MIG 4g.20gb (0),1,,13,[CUDA memcpy Host-to-Device]
7004488108,15584,180286,,,,,,,,,,1.547,99243.769,Device,,NVIDIA A100-SXM4-40GB MIG 4g.20gb (0),1,,13,[CUDA memset]
7004510188,3360,180291,,,,,,,,,,0.031,9314.284,Pinned,Device,NVIDIA A100-SXM4-40GB MIG 4g.20gb (0),1,,13,[CUDA memcpy Host-to-Device]
7004516203,9760,180292,,,,,,,,,,0.197,20144.259,Pinned,Device,NVIDIA A100-SXM4-40GB MIG 4g.20gb (0),1,,13,[CUDA memcpy Host-to-Device]
7005084229,25920,180293,273,1,1,8,4,1,39,0.002,0.000,,,,,NVIDIA A100-SXM4-40GB MIG 4g.20gb (0),1,,13,"void channel_eq::eqMmseCoefCompLowMimoKernel<float, float, float, (unsigned int)4, (unsigned int)1, (unsigned int)4>(const channel_eq::_puschRxChEqStatDescr *, channel_eq::_puschRxChEqCoefCompDynDescr)"
7005544256,16320,180294,273,1,1,12,11,1,51,0.002,0.000,,,,,NVIDIA A100-SXM4-40GB MIG 4g.20gb (0),1,,13,"void channel_eq::eqMmseSoftDemapKernel<float, __half, __half, float, (unsigned int)4, (unsigned short)16383>(channel_eq::_puschRxChEqStatDescr *, channel_eq::_puschRxChEqSoftDemapDynDescr)"
7006025562,658361,180295,1,1,1,32,32,1,30,0.000,0.000,,,,,NVIDIA A100-SXM4-40GB MIG 4g.20gb (0),1,,13,"void convert_kernel<float2, __half2>(tensor_layout_any, T1 *, tensor_layout_any, const T2 *)"
7007113774,18048,180307,2253,1,1,128,1,1,16,0.000,0.000,,,,,NVIDIA A100-SXM4-40GB MIG 4g.20gb (0),1,,13,cupy_copy__float16_float16
7007463882,17984,180316,282,1,1,128,1,1,16,0.000,0.000,,,,,NVIDIA A100-SXM4-40GB MIG 4g.20gb (0),1,,13,cupy_copy__complex64_complex64
7007822822,4704,180325,26,1,1,128,1,1,16,0.000,0.000,,,,,NVIDIA A100-SXM4-40GB MIG 4g.20gb (0),1,,13,cupy_copy__float32_float32
7008266625,7040,180334,103,1,1,128,1,1,16,0.000,0.000,,,,,NVIDIA A100-SXM4-40GB MIG 4g.20gb (0),1,,13,cupy_copy__complex64_complex64
7008760379,20800,180344,1434,1,1,128,1,1,16,0.000,0.000,,,,,NVIDIA A100-SXM4-40GB MIG 4g.20gb (0),1,,13,cupy_copy__complex64_complex64
7009220118,246461,180349,1,1,1,32,32,1,30,0.000,0.000,,,,,NVIDIA A100-SXM4-40GB MIG 4g.20gb (0),1,,13,"void convert_kernel<__half2, float2>(tensor_layout_any, T1 *, tensor_layout_any, const T2 *)"
7009500691,6592,180352,,,,,,,,,,0.094,14213.590,Pinned,Device,NVIDIA A100-SXM4-40GB MIG 4g.20gb (0),1,,13,[CUDA memcpy Host-to-Device]
7010010925,615481,180353,,,,,,,,,,456.561,741455.779,Device,,NVIDIA A100-SXM4-40GB MIG 4g.20gb (0),1,,13,[CUDA memset]
7010634790,74623,180358,,,,,,,,,,1.235,16548.250,Pinned,Device,NVIDIA A100-SXM4-40GB MIG 4g.20gb (0),1,,13,[CUDA memcpy Host-to-Device]
7010713029,13472,180359,,,,,,,,,,0.197,14593.819,Pinned,Device,NVIDIA A100-SXM4-40GB MIG 4g.20gb (0),1,,13,[CUDA memcpy Host-to-Device]
7011074945,11904,180360,69,4,1,48,1,1,76,0.002,0.000,,,,,NVIDIA A100-SXM4-40GB MIG 4g.20gb (0),1,,13,"void ch_est::windowedChEstPreNoDftSOfdmKernel<float, __half, float, (unsigned int)2, (unsigned int)1, (unsigned short)4>(ch_est::puschRxChEstStatDescr_t *, ch_est::puschRxChEstDynDescr_t *)"
7011494876,9600,180361,137,2,1,24,2,1,44,0.001,0.001,,,,,NVIDIA A100-SXM4-40GB MIG 4g.20gb (0),1,,13,"void ch_est::chEstFilterNoDftSOfdmDispatchKernel<float, __half, float, (unsigned int)2>(ch_est::puschRxChEstStatDescr_t *, ch_est::puschRxChEstDynDescr_t *)"
7011904376,25024,180362,137,2,1,24,2,1,44,0.001,0.001,,,,,NVIDIA A100-SXM4-40GB MIG 4g.20gb (0),1,,13,"void ch_est::chEstFilterNoDftSOfdmDispatchKernel<float, __half, float, (unsigned int)2>(ch_est::puschRxChEstStatDescr_t *, ch_est::puschRxChEstDynDescr_t *)"
7012224148,15456,180373,103,1,1,128,1,1,16,0.000,0.000,,,,,NVIDIA A100-SXM4-40GB MIG 4g.20gb (0),1,,13,cupy_copy__complex64_complex64
7012541713,19455,180383,1434,1,1,128,1,1,16,0.000,0.000,,,,,NVIDIA A100-SXM4-40GB MIG 4g.20gb (0),1,,13,cupy_copy__complex64_complex64
7013001579,7232,180390,103,1,1,128,1,1,16,0.000,0.000,,,,,NVIDIA A100-SXM4-40GB MIG 4g.20gb (0),1,,13,cupy_copy__complex64_complex64
7013355527,333757,180397,1,1,1,32,32,1,30,0.000,0.000,,,,,NVIDIA A100-SXM4-40GB MIG 4g.20gb (0),1,,13,"void convert_kernel<__half2, float2>(tensor_layout_any, T1 *, tensor_layout_any, const T2 *)"
7013719043,5504,180400,,,,,,,,,,0.094,17023.251,Pinned,Device,NVIDIA A100-SXM4-40GB MIG 4g.20gb (0),1,,13,[CUDA memcpy Host-to-Device]
7014254621,50976,180401,,,,,,,,,,35.810,702483.201,Device,,NVIDIA A100-SXM4-40GB MIG 4g.20gb (0),1,,13,[CUDA memset]
7014308893,2080,180403,,,,,,,,,,0.000,38.462,Pinned,Device,NVIDIA A100-SXM4-40GB MIG 4g.20gb (0),1,,13,[CUDA memcpy Host-to-Device]
7014313757,12447,180404,,,,,,,,,,0.197,15795.487,Pinned,Device,NVIDIA A100-SXM4-40GB MIG 4g.20gb (0),1,,13,[CUDA memcpy Host-to-Device]
7014789143,25280,180405,273,1,1,48,1,1,40,0.000,0.001,,,,,NVIDIA A100-SXM4-40GB MIG 4g.20gb (0),1,,13,"void pusch_noise_intf_est::noiseIntfEstNoDftSOfdmKernel<float, __half, float, float, (unsigned int)2, (unsigned int)1, (unsigned char)4, (unsigned char)4>(pusch_noise_intf_est::puschRxNoiseIntfEstDynDescr)"
7015133363,6752,180416,35,1,1,128,1,1,16,0.000,0.000,,,,,NVIDIA A100-SXM4-40GB MIG 4g.20gb (0),1,,13,cupy_copy__complex64_complex64
7015476687,3456,180425,1,1,1,1,1,1,18,0.000,0.000,,,,,NVIDIA A100-SXM4-40GB MIG 4g.20gb (0),1,,13,cupy_copy__float32_float32
7015484015,1664,180431,,,,,,,,,,0.000,2.404,Device,Pageable,NVIDIA A100-SXM4-40GB MIG 4g.20gb (0),1,,7,[CUDA memcpy Device-to-Host]
7015957866,18016,180442,1434,1,1,128,1,1,16,0.000,0.000,,,,,NVIDIA A100-SXM4-40GB MIG 4g.20gb (0),1,,13,cupy_copy__complex64_complex64
7016423749,5792,180449,103,1,1,128,1,1,16,0.000,0.000,,,,,NVIDIA A100-SXM4-40GB MIG 4g.20gb (0),1,,13,cupy_copy__complex64_complex64
7016930271,7200,180456,35,1,1,128,1,1,16,0.000,0.000,,,,,NVIDIA A100-SXM4-40GB MIG 4g.20gb (0),1,,13,cupy_copy__complex64_complex64
7017409530,4287,180463,1,1,1,1,1,1,18,0.000,0.000,,,,,NVIDIA A100-SXM4-40GB MIG 4g.20gb (0),1,,13,cupy_copy__float32_float32
7017880020,272989,180474,1,1,1,32,32,1,30,0.000,0.000,,,,,NVIDIA A100-SXM4-40GB MIG 4g.20gb (0),1,,13,"void convert_kernel<__half2, float2>(tensor_layout_any, T1 *, tensor_layout_any, const T2 *)"
7018183473,5472,180477,,,,,,,,,,0.094,17122.757,Pinned,Device,NVIDIA A100-SXM4-40GB MIG 4g.20gb (0),1,,13,[CUDA memcpy Host-to-Device]
7018771050,15904,180478,,,,,,,,,,1.547,97247.077,Device,,NVIDIA A100-SXM4-40GB MIG 4g.20gb (0),1,,13,[CUDA memset]
7018792362,3136,180483,,,,,,,,,,0.031,9979.575,Pinned,Device,NVIDIA A100-SXM4-40GB MIG 4g.20gb (0),1,,13,[CUDA memcpy Host-to-Device]
7018798154,12096,180484,,,,,,,,,,0.197,16253.780,Pinned,Device,NVIDIA A100-SXM4-40GB MIG 4g.20gb (0),1,,13,[CUDA memcpy Host-to-Device]
7019385731,16608,180485,273,1,1,8,4,1,39,0.002,0.000,,,,,NVIDIA A100-SXM4-40GB MIG 4g.20gb (0),1,,13,"void channel_eq::eqMmseCoefCompLowMimoKernel<float, float, float, (unsigned int)4, (unsigned int)1, (unsigned int)4>(const channel_eq::_puschRxChEqStatDescr *, channel_eq::_puschRxChEqCoefCompDynDescr)"
7019724351,11552,180486,273,1,1,12,11,1,51,0.002,0.000,,,,,NVIDIA A100-SXM4-40GB MIG 4g.20gb (0),1,,13,"void channel_eq::eqMmseSoftDemapKernel<float, __half, __half, float, (unsigned int)4, (unsigned short)16383>(channel_eq::_puschRxChEqStatDescr *, channel_eq::_puschRxChEqSoftDemapDynDescr)"
7020194778,647481,180487,1,1,1,32,32,1,30,0.000,0.000,,,,,NVIDIA A100-SXM4-40GB MIG 4g.20gb (0),1,,13,"void convert_kernel<float2, __half2>(tensor_layout_any, T1 *, tensor_layout_any, const T2 *)"
7021261774,17920,180499,2253,1,1,128,1,1,16,0.000,0.000,,,,,NVIDIA A100-SXM4-40GB MIG 4g.20gb (0),1,,13,cupy_copy__float16_float16
7021607626,4864,180508,282,1,1,128,1,1,16,0.000,0.000,,,,,NVIDIA A100-SXM4-40GB MIG 4g.20gb (0),1,,13,cupy_copy__complex64_complex64
7021956582,5952,180517,26,1,1,128,1,1,16,0.000,0.000,,,,,NVIDIA A100-SXM4-40GB MIG 4g.20gb (0),1,,13,cupy_copy__float32_float32
7022293986,8512,180526,103,1,1,128,1,1,16,0.000,0.000,,,,,NVIDIA A100-SXM4-40GB MIG 4g.20gb (0),1,,13,cupy_copy__complex64_complex64
7022593055,15360,180536,1434,1,1,128,1,1,16,0.000,0.000,,,,,NVIDIA A100-SXM4-40GB MIG 4g.20gb (0),1,,13,cupy_copy__complex64_complex64
7022949755,245597,180541,1,1,1,32,32,1,30,0.000,0.000,,,,,NVIDIA A100-SXM4-40GB MIG 4g.20gb (0),1,,13,"void convert_kernel<__half2, float2>(tensor_layout_any, T1 *, tensor_layout_any, const T2 *)"
7023225176,6688,180544,,,,,,,,,,0.094,14009.520,Pinned,Device,NVIDIA A100-SXM4-40GB MIG 4g.20gb (0),1,,13,[CUDA memcpy Host-to-Device]
7023692850,620985,180545,,,,,,,,,,456.561,735063.918,Device,,NVIDIA A100-SXM4-40GB MIG 4g.20gb (0),1,,13,[CUDA memset]
7024322315,61408,180550,,,,,,,,,,1.235,20109.828,Pinned,Device,NVIDIA A100-SXM4-40GB MIG 4g.20gb (0),1,,13,[CUDA memcpy Host-to-Device]
7024390443,12319,180551,,,,,,,,,,0.197,15959.654,Pinned,Device,NVIDIA A100-SXM4-40GB MIG 4g.20gb (0),1,,13,[CUDA memcpy Host-to-Device]
7024902149,13216,180552,69,4,1,48,1,1,76,0.002,0.000,,,,,NVIDIA A100-SXM4-40GB MIG 4g.20gb (0),1,,13,"void ch_est::windowedChEstPreNoDftSOfdmKernel<float, __half, float, (unsigned int)2, (unsigned int)1, (unsigned short)4>(ch_est::puschRxChEstStatDescr_t *, ch_est::puschRxChEstDynDescr_t *)"
7025327904,16768,180553,137,2,1,24,2,1,44,0.001,0.001,,,,,NVIDIA A100-SXM4-40GB MIG 4g.20gb (0),1,,13,"void ch_est::chEstFilterNoDftSOfdmDispatchKernel<float, __half, float, (unsigned int)2>(ch_est::puschRxChEstStatDescr_t *, ch_est::puschRxChEstDynDescr_t *)"
7025691644,26911,180554,137,2,1,24,2,1,44,0.001,0.001,,,,,NVIDIA A100-SXM4-40GB MIG 4g.20gb (0),1,,13,"void ch_est::chEstFilterNoDftSOfdmDispatchKernel<float, __half, float, (unsigned int)2>(ch_est::puschRxChEstStatDescr_t *, ch_est::puschRxChEstDynDescr_t *)"
7025987544,5888,180565,103,1,1,128,1,1,16,0.000,0.000,,,,,NVIDIA A100-SXM4-40GB MIG 4g.20gb (0),1,,13,cupy_copy__complex64_complex64
7026380564,16192,180575,1434,1,1,128,1,1,16,0.000,0.000,,,,,NVIDIA A100-SXM4-40GB MIG 4g.20gb (0),1,,13,cupy_copy__complex64_complex64
7026770480,9183,180582,103,1,1,128,1,1,16,0.000,0.000,,,,,NVIDIA A100-SXM4-40GB MIG 4g.20gb (0),1,,13,cupy_copy__complex64_complex64
7027126316,249917,180589,1,1,1,32,32,1,30,0.000,0.000,,,,,NVIDIA A100-SXM4-40GB MIG 4g.20gb (0),1,,13,"void convert_kernel<__half2, float2>(tensor_layout_any, T1 *, tensor_layout_any, const T2 *)"
7027406152,6400,180592,,,,,,,,,,0.094,14640.000,Pinned,Device,NVIDIA A100-SXM4-40GB MIG 4g.20gb (0),1,,13,[CUDA memcpy Host-to-Device]
7028183520,57695,180593,,,,,,,,,,35.810,620657.533,Device,,NVIDIA A100-SXM4-40GB MIG 4g.20gb (0),1,,13,[CUDA memset]
7028243967,3456,180595,,,,,,,,,,0.000,23.148,Pinned,Device,NVIDIA A100-SXM4-40GB MIG 4g.20gb (0),1,,13,[CUDA memcpy Host-to-Device]
7028252575,15168,180596,,,,,,,,,,0.197,12961.972,Pinned,Device,NVIDIA A100-SXM4-40GB MIG 4g.20gb (0),1,,13,[CUDA memcpy Host-to-Device]
7029080885,15392,180597,273,1,1,48,1,1,40,0.000,0.001,,,,,NVIDIA A100-SXM4-40GB MIG 4g.20gb (0),1,,13,"void pusch_noise_intf_est::noiseIntfEstNoDftSOfdmKernel<float, __half, float, float, (unsigned int)2, (unsigned int)1, (unsigned char)4, (unsigned char)4>(pusch_noise_intf_est::puschRxNoiseIntfEstDynDescr)"
7029926348,4800,180608,35,1,1,128,1,1,16,0.000,0.000,,,,,NVIDIA A100-SXM4-40GB MIG 4g.20gb (0),1,,13,cupy_copy__complex64_complex64
7030735139,3168,180617,1,1,1,1,1,1,18,0.000,0.000,,,,,NVIDIA A100-SXM4-40GB MIG 4g.20gb (0),1,,13,cupy_copy__float32_float32
7030743747,1600,180623,,,,,,,,,,0.000,2.500,Device,Pageable,NVIDIA A100-SXM4-40GB MIG 4g.20gb (0),1,,7,[CUDA memcpy Device-to-Host]
7031614873,18656,180634,1434,1,1,128,1,1,16,0.000,0.000,,,,,NVIDIA A100-SXM4-40GB MIG 4g.20gb (0),1,,13,cupy_copy__complex64_complex64
7032405904,5536,180641,103,1,1,128,1,1,16,0.000,0.000,,,,,NVIDIA A100-SXM4-40GB MIG 4g.20gb (0),1,,13,cupy_copy__complex64_complex64
7033179943,5760,180648,35,1,1,128,1,1,16,0.000,0.000,,,,,NVIDIA A100-SXM4-40GB MIG 4g.20gb (0),1,,13,cupy_copy__complex64_complex64
7033799232,4832,180655,1,1,1,1,1,1,18,0.000,0.000,,,,,NVIDIA A100-SXM4-40GB MIG 4g.20gb (0),1,,13,cupy_copy__float32_float32
7034430201,290685,180666,1,1,1,32,32,1,30,0.000,0.000,,,,,NVIDIA A100-SXM4-40GB MIG 4g.20gb (0),1,,13,"void convert_kernel<__half2, float2>(tensor_layout_any, T1 *, tensor_layout_any, const T2 *)"
7034753173,9184,180669,,,,,,,,,,0.094,10202.089,Pinned,Device,NVIDIA A100-SXM4-40GB MIG 4g.20gb (0),1,,13,[CUDA memcpy Host-to-Device]
7035634667,4640,180670,,,,,,,,,,1.547,333323.765,Device,,NVIDIA A100-SXM4-40GB MIG 4g.20gb (0),1,,13,[CUDA memset]
7035643755,3872,180675,,,,,,,,,,0.031,8082.630,Pinned,Device,NVIDIA A100-SXM4-40GB MIG 4g.20gb (0),1,,13,[CUDA memcpy Host-to-Device]
7035651819,10368,180676,,,,,,,,,,0.197,18962.842,Pinned,Device,NVIDIA A100-SXM4-40GB MIG 4g.20gb (0),1,,13,[CUDA memcpy Host-to-Device]
7036179109,20320,180677,273,1,1,8,4,1,39,0.002,0.000,,,,,NVIDIA A100-SXM4-40GB MIG 4g.20gb (0),1,,13,"void channel_eq::eqMmseCoefCompLowMimoKernel<float, float, float, (unsigned int)4, (unsigned int)1, (unsigned int)4>(const channel_eq::_puschRxChEqStatDescr *, channel_eq::_puschRxChEqCoefCompDynDescr)"
7036547905,25088,180678,273,1,1,12,11,1,51,0.002,0.000,,,,,NVIDIA A100-SXM4-40GB MIG 4g.20gb (0),1,,13,"void channel_eq::eqMmseSoftDemapKernel<float, __half, __half, float, (unsigned int)4, (unsigned short)16383>(channel_eq::_puschRxChEqStatDescr *, channel_eq::_puschRxChEqSoftDemapDynDescr)"
7036965820,653241,180679,1,1,1,32,32,1,30,0.000,0.000,,,,,NVIDIA A100-SXM4-40GB MIG 4g.20gb (0),1,,13,"void convert_kernel<float2, __half2>(tensor_layout_any, T1 *, tensor_layout_any, const T2 *)"
7038043088,15296,180691,2253,1,1,128,1,1,16,0.000,0.000,,,,,NVIDIA A100-SXM4-40GB MIG 4g.20gb (0),1,,13,cupy_copy__float16_float16
7038666537,5536,180700,282,1,1,128,1,1,16,0.000,0.000,,,,,NVIDIA A100-SXM4-40GB MIG 4g.20gb (0),1,,13,cupy_copy__complex64_complex64
7039571455,3872,180709,26,1,1,128,1,1,16,0.000,0.000,,,,,NVIDIA A100-SXM4-40GB MIG 4g.20gb (0),1,,13,cupy_copy__float32_float32
7040463445,15903,180718,103,1,1,128,1,1,16,0.000,0.000,,,,,NVIDIA A100-SXM4-40GB MIG 4g.20gb (0),1,,13,cupy_copy__complex64_complex64
7041265579,18176,180728,1434,1,1,128,1,1,16,0.000,0.000,,,,,NVIDIA A100-SXM4-40GB MIG 4g.20gb (0),1,,13,cupy_copy__complex64_complex64
7042216065,236701,180733,1,1,1,32,32,1,30,0.000,0.000,,,,,NVIDIA A100-SXM4-40GB MIG 4g.20gb (0),1,,13,"void convert_kernel<__half2, float2>(tensor_layout_any, T1 *, tensor_layout_any, const T2 *)"
7042483070,5472,180736,,,,,,,,,,0.094,17122.757,Pinned,Device,NVIDIA A100-SXM4-40GB MIG 4g.20gb (0),1,,13,[CUDA memcpy Host-to-Device]
7043158870,616729,180737,,,,,,,,,,456.561,740086.094,Device,,NVIDIA A100-SXM4-40GB MIG 4g.20gb (0),1,,13,[CUDA memset]
7043779727,55071,180742,,,,,,,,,,1.235,22424.113,Pinned,Device,NVIDIA A100-SXM4-40GB MIG 4g.20gb (0),1,,13,[CUDA memcpy Host-to-Device]
7043837614,10656,180743,,,,,,,,,,0.197,18450.285,Pinned,Device,NVIDIA A100-SXM4-40GB MIG 4g.20gb (0),1,,13,[CUDA memcpy Host-to-Device]
7044506119,11968,180744,69,4,1,48,1,1,76,0.002,0.000,,,,,NVIDIA A100-SXM4-40GB MIG 4g.20gb (0),1,,13,"void ch_est::windowedChEstPreNoDftSOfdmKernel<float, __half, float, (unsigned int)2, (unsigned int)1, (unsigned short)4>(ch_est::puschRxChEstStatDescr_t *, ch_est::puschRxChEstDynDescr_t *)"
7045213151,8832,180745,137,2,1,24,2,1,44,0.001,0.001,,,,,NVIDIA A100-SXM4-40GB MIG 4g.20gb (0),1,,13,"void ch_est::chEstFilterNoDftSOfdmDispatchKernel<float, __half, float, (unsigned int)2>(ch_est::puschRxChEstStatDescr_t *, ch_est::puschRxChEstDynDescr_t *)"
7045898967,26336,180746,137,2,1,24,2,1,44,0.001,0.001,,,,,NVIDIA A100-SXM4-40GB MIG 4g.20gb (0),1,,13,"void ch_est::chEstFilterNoDftSOfdmDispatchKernel<float, __half, float, (unsigned int)2>(ch_est::puschRxChEstStatDescr_t *, ch_est::puschRxChEstDynDescr_t *)"
7046556816,9343,180757,103,1,1,128,1,1,16,0.000,0.000,,,,,NVIDIA A100-SXM4-40GB MIG 4g.20gb (0),1,,13,cupy_copy__complex64_complex64
7047130601,19584,180767,1434,1,1,128,1,1,16,0.000,0.000,,,,,NVIDIA A100-SXM4-40GB MIG 4g.20gb (0),1,,13,cupy_copy__complex64_complex64
7047956928,4384,180774,103,1,1,128,1,1,16,0.000,0.000,,,,,NVIDIA A100-SXM4-40GB MIG 4g.20gb (0),1,,13,cupy_copy__complex64_complex64
7048308572,248477,180781,1,1,1,32,32,1,30,0.000,0.000,,,,,NVIDIA A100-SXM4-40GB MIG 4g.20gb (0),1,,13,"void convert_kernel<__half2, float2>(tensor_layout_any, T1 *, tensor_layout_any, const T2 *)"
7048587609,11839,180784,,,,,,,,,,0.094,7914.126,Pinned,Device,NVIDIA A100-SXM4-40GB MIG 4g.20gb (0),1,,13,[CUDA memcpy Host-to-Device]
7049084659,48287,180785,,,,,,,,,,35.810,741587.633,Device,,NVIDIA A100-SXM4-40GB MIG 4g.20gb (0),1,,13,[CUDA memset]
7049140722,3328,180787,,,,,,,,,,0.000,24.038,Pinned,Device,NVIDIA A100-SXM4-40GB MIG 4g.20gb (0),1,,13,[CUDA memcpy Host-to-Device]
7049146514,9760,180788,,,,,,,,,,0.197,20144.259,Pinned,Device,NVIDIA A100-SXM4-40GB MIG 4g.20gb (0),1,,13,[CUDA memcpy Host-to-Device]
7049694156,25984,180789,273,1,1,48,1,1,40,0.000,0.001,,,,,NVIDIA A100-SXM4-40GB MIG 4g.20gb (0),1,,13,"void pusch_noise_intf_est::noiseIntfEstNoDftSOfdmKernel<float, __half, float, float, (unsigned int)2, (unsigned int)1, (unsigned char)4, (unsigned char)4>(pusch_noise_intf_est::puschRxNoiseIntfEstDynDescr)"
7050316165,4352,180800,35,1,1,128,1,1,16,0.000,0.000,,,,,NVIDIA A100-SXM4-40GB MIG 4g.20gb (0),1,,13,cupy_copy__complex64_complex64
7051313850,3296,180809,1,1,1,1,1,1,18,0.000,0.000,,,,,NVIDIA A100-SXM4-40GB MIG 4g.20gb (0),1,,13,cupy_copy__float32_float32
7051324890,1632,180815,,,,,,,,,,0.000,2.451,Device,Pageable,NVIDIA A100-SXM4-40GB MIG 4g.20gb (0),1,,7,[CUDA memcpy Device-to-Host]
7052270991,18016,180826,1434,1,1,128,1,1,16,0.000,0.000,,,,,NVIDIA A100-SXM4-40GB MIG 4g.20gb (0),1,,13,cupy_copy__complex64_complex64
7053240484,4192,180833,103,1,1,128,1,1,16,0.000,0.000,,,,,NVIDIA A100-SXM4-40GB MIG 4g.20gb (0),1,,13,cupy_copy__complex64_complex64
7054203289,4256,180840,35,1,1,128,1,1,16,0.000,0.000,,,,,NVIDIA A100-SXM4-40GB MIG 4g.20gb (0),1,,13,cupy_copy__complex64_complex64
7054981744,5408,180847,1,1,1,1,1,1,18,0.000,0.000,,,,,NVIDIA A100-SXM4-40GB MIG 4g.20gb (0),1,,13,cupy_copy__float32_float32
7055364108,251677,180858,1,1,1,32,32,1,30,0.000,0.000,,,,,NVIDIA A100-SXM4-40GB MIG 4g.20gb (0),1,,13,"void convert_kernel<__half2, float2>(tensor_layout_any, T1 *, tensor_layout_any, const T2 *)"
7055646185,6016,180861,,,,,,,,,,0.094,15574.430,Pinned,Device,NVIDIA A100-SXM4-40GB MIG 4g.20gb (0),1,,13,[CUDA memcpy Host-to-Device]
7056139267,6080,180862,,,,,,,,,,1.547,254377.889,Device,,NVIDIA A100-SXM4-40GB MIG 4g.20gb (0),1,,13,[CUDA memset]
7056151203,3136,180867,,,,,,,,,,0.031,9979.575,Pinned,Device,NVIDIA A100-SXM4-40GB MIG 4g.20gb (0),1,,13,[CUDA memcpy Host-to-Device]
7056160323,10880,180868,,,,,,,,,,0.197,18070.438,Pinned,Device,NVIDIA A100-SXM4-40GB MIG 4g.20gb (0),1,,13,[CUDA memcpy Host-to-Device]
7056920314,13408,180869,273,1,1,8,4,1,39,0.002,0.000,,,,,NVIDIA A100-SXM4-40GB MIG 4g.20gb (0),1,,13,"void channel_eq::eqMmseCoefCompLowMimoKernel<float, float, float, (unsigned int)4, (unsigned int)1, (unsigned int)4>(const channel_eq::_puschRxChEqStatDescr *, channel_eq::_puschRxChEqCoefCompDynDescr)"
7057699601,19904,180870,273,1,1,12,11,1,51,0.002,0.000,,,,,NVIDIA A100-SXM4-40GB MIG 4g.20gb (0),1,,13,"void channel_eq::eqMmseSoftDemapKernel<float, __half, __half, float, (unsigned int)4, (unsigned short)16383>(channel_eq::_puschRxChEqStatDescr *, channel_eq::_puschRxChEqSoftDemapDynDescr)"
7058540616,666520,180871,1,1,1,32,32,1,30,0.000,0.000,,,,,NVIDIA A100-SXM4-40GB MIG 4g.20gb (0),1,,13,"void convert_kernel<float2, __half2>(tensor_layout_any, T1 *, tensor_layout_any, const T2 *)"
7059552924,19168,180883,2253,1,1,128,1,1,16,0.000,0.000,,,,,NVIDIA A100-SXM4-40GB MIG 4g.20gb (0),1,,13,cupy_copy__float16_float16
7059920440,5248,180892,282,1,1,128,1,1,16,0.000,0.000,,,,,NVIDIA A100-SXM4-40GB MIG 4g.20gb (0),1,,13,cupy_copy__complex64_complex64
7060349107,3808,180901,26,1,1,128,1,1,16,0.000,0.000,,,,,NVIDIA A100-SXM4-40GB MIG 4g.20gb (0),1,,13,cupy_copy__float32_float32
7060767119,15456,180910,103,1,1,128,1,1,16,0.000,0.000,,,,,NVIDIA A100-SXM4-40GB MIG 4g.20gb (0),1,,13,cupy_copy__complex64_complex64
7061094379,19584,180920,1434,1,1,128,1,1,16,0.000,0.000,,,,,NVIDIA A100-SXM4-40GB MIG 4g.20gb (0),1,,13,cupy_copy__complex64_complex64
7061489127,260701,180925,1,1,1,32,32,1,30,0.000,0.000,,,,,NVIDIA A100-SXM4-40GB MIG 4g.20gb (0),1,,13,"void convert_kernel<__half2, float2>(tensor_layout_any, T1 *, tensor_layout_any, const T2 *)"
7061783107,6272,180928,,,,,,,,,,0.094,14938.703,Pinned,Device,NVIDIA A100-SXM4-40GB MIG 4g.20gb (0),1,,13,[CUDA memcpy Host-to-Device]
7062790040,614905,180929,,,,,,,,,,456.561,742368.901,Device,,NVIDIA A100-SXM4-40GB MIG 4g.20gb (0),1,,13,[CUDA memset]
7063407441,55903,180934,,,,,,,,,,1.235,22090.678,Pinned,Device,NVIDIA A100-SXM4-40GB MIG 4g.20gb (0),1,,13,[CUDA memcpy Host-to-Device]
7063465808,9920,180935,,,,,,,,,,0.197,19819.266,Pinned,Device,NVIDIA A100-SXM4-40GB MIG 4g.20gb (0),1,,13,[CUDA memcpy Host-to-Device]
7064477509,10592,180936,69,4,1,48,1,1,76,0.002,0.000,,,,,NVIDIA A100-SXM4-40GB MIG 4g.20gb (0),1,,13,"void ch_est::windowedChEstPreNoDftSOfdmKernel<float, __half, float, (unsigned int)2, (unsigned int)1, (unsigned short)4>(ch_est::puschRxChEstStatDescr_t *, ch_est::puschRxChEstDynDescr_t *)"
7064900512,25376,180937,137,2,1,24,2,1,44,0.001,0.001,,,,,NVIDIA A100-SXM4-40GB MIG 4g.20gb (0),1,,13,"void ch_est::chEstFilterNoDftSOfdmDispatchKernel<float, __half, float, (unsigned int)2>(ch_est::puschRxChEstStatDescr_t *, ch_est::puschRxChEstDynDescr_t *)"
7065232476,24544,180938,137,2,1,24,2,1,44,0.001,0.001,,,,,NVIDIA A100-SXM4-40GB MIG 4g.20gb (0),1,,13,"void ch_est::chEstFilterNoDftSOfdmDispatchKernel<float, __half, float, (unsigned int)2>(ch_est::puschRxChEstStatDescr_t *, ch_est::puschRxChEstDynDescr_t *)"
7065450362,5504,180949,103,1,1,128,1,1,16,0.000,0.000,,,,,NVIDIA A100-SXM4-40GB MIG 4g.20gb (0),1,,13,cupy_copy__complex64_complex64
7065739702,16960,180959,1434,1,1,128,1,1,16,0.000,0.000,,,,,NVIDIA A100-SXM4-40GB MIG 4g.20gb (0),1,,13,cupy_copy__complex64_complex64
7066034867,15904,180966,103,1,1,128,1,1,16,0.000,0.000,,,,,NVIDIA A100-SXM4-40GB MIG 4g.20gb (0),1,,13,cupy_copy__complex64_complex64
7066304048,256925,180973,1,1,1,32,32,1,30,0.000,0.000,,,,,NVIDIA A100-SXM4-40GB MIG 4g.20gb (0),1,,13,"void convert_kernel<__half2, float2>(tensor_layout_any, T1 *, tensor_layout_any, const T2 *)"
7066590605,5408,180976,,,,,,,,,,0.094,17325.421,Pinned,Device,NVIDIA A100-SXM4-40GB MIG 4g.20gb (0),1,,13,[CUDA memcpy Host-to-Device]
7067255333,52928,180977,,,,,,,,,,35.810,676556.819,Device,,NVIDIA A100-SXM4-40GB MIG 4g.20gb (0),1,,13,[CUDA memset]
7067311013,2304,180979,,,,,,,,,,0.000,34.722,Pinned,Device,NVIDIA A100-SXM4-40GB MIG 4g.20gb (0),1,,13,[CUDA memcpy Host-to-Device]
7067319493,10175,180980,,,,,,,,,,0.197,19322.634,Pinned,Device,NVIDIA A100-SXM4-40GB MIG 4g.20gb (0),1,,13,[CUDA memcpy Host-to-Device]
7068096252,15680,180981,273,1,1,48,1,1,40,0.000,0.001,,,,,NVIDIA A100-SXM4-40GB MIG 4g.20gb (0),1,,13,"void pusch_noise_intf_est::noiseIntfEstNoDftSOfdmKernel<float, __half, float, float, (unsigned int)2, (unsigned int)1, (unsigned char)4, (unsigned char)4>(pusch_noise_intf_est::puschRxNoiseIntfEstDynDescr)"
7068947794,5056,180992,35,1,1,128,1,1,16,0.000,0.000,,,,,NVIDIA A100-SXM4-40GB MIG 4g.20gb (0),1,,13,cupy_copy__complex64_complex64
7069764617,3328,181001,1,1,1,1,1,1,18,0.000,0.000,,,,,NVIDIA A100-SXM4-40GB MIG 4g.20gb (0),1,,13,cupy_copy__float32_float32
7069775145,1568,181007,,,,,,,,,,0.000,2.551,Device,Pageable,NVIDIA A100-SXM4-40GB MIG 4g.20gb (0),1,,7,[CUDA memcpy Device-to-Host]
7070647551,18976,181018,1434,1,1,128,1,1,16,0.000,0.000,,,,,NVIDIA A100-SXM4-40GB MIG 4g.20gb (0),1,,13,cupy_copy__complex64_complex64
7071470294,5152,181025,103,1,1,128,1,1,16,0.000,0.000,,,,,NVIDIA A100-SXM4-40GB MIG 4g.20gb (0),1,,13,cupy_copy__complex64_complex64
7072277484,7552,181032,35,1,1,128,1,1,16,0.000,0.000,,,,,NVIDIA A100-SXM4-40GB MIG 4g.20gb (0),1,,13,cupy_copy__complex64_complex64
7072988932,3840,181039,1,1,1,1,1,1,18,0.000,0.000,,,,,NVIDIA A100-SXM4-40GB MIG 4g.20gb (0),1,,13,cupy_copy__float32_float32
7073722908,279165,181050,1,1,1,32,32,1,30,0.000,0.000,,,,,NVIDIA A100-SXM4-40GB MIG 4g.20gb (0),1,,13,"void convert_kernel<__half2, float2>(tensor_layout_any, T1 *, tensor_layout_any, const T2 *)"
7074032409,5983,181053,,,,,,,,,,0.094,15660.349,Pinned,Device,NVIDIA A100-SXM4-40GB MIG 4g.20gb (0),1,,13,[CUDA memcpy Host-to-Device]
7074869935,5664,181054,,,,,,,,,,1.547,273061.107,Device,,NVIDIA A100-SXM4-40GB MIG 4g.20gb (0),1,,13,[CUDA memset]
7074881135,3520,181059,,,,,,,,,,0.031,8890.881,Pinned,Device,NVIDIA A100-SXM4-40GB MIG 4g.20gb (0),1,,13,[CUDA memcpy Host-to-Device]
7074887151,9760,181060,,,,,,,,,,0.197,20144.259,Pinned,Device,NVIDIA A100-SXM4-40GB MIG 4g.20gb (0),1,,13,[CUDA memcpy Host-to-Device]
7075340458,10240,181061,273,1,1,8,4,1,39,0.002,0.000,,,,,NVIDIA A100-SXM4-40GB MIG 4g.20gb (0),1,,13,"void channel_eq::eqMmseCoefCompLowMimoKernel<float, float, float, (unsigned int)4, (unsigned int)1, (unsigned int)4>(const channel_eq::_puschRxChEqStatDescr *, channel_eq::_puschRxChEqCoefCompDynDescr)"
7075761637,25280,181062,273,1,1,12,11,1,51,0.002,0.000,,,,,NVIDIA A100-SXM4-40GB MIG 4g.20gb (0),1,,13,"void channel_eq::eqMmseSoftDemapKernel<float, __half, __half, float, (unsigned int)4, (unsigned short)16383>(channel_eq::_puschRxChEqStatDescr *, channel_eq::_puschRxChEqSoftDemapDynDescr)"
7075980483,572985,181063,1,1,1,32,32,1,30,0.000,0.000,,,,,NVIDIA A100-SXM4-40GB MIG 4g.20gb (0),1,,13,"void convert_kernel<float2, __half2>(tensor_layout_any, T1 *, tensor_layout_any, const T2 *)"
7076907928,16032,181075,2253,1,1,128,1,1,16,0.000,0.000,,,,,NVIDIA A100-SXM4-40GB MIG 4g.20gb (0),1,,13,cupy_copy__float16_float16
7077721007,6240,181084,282,1,1,128,1,1,16,0.000,0.000,,,,,NVIDIA A100-SXM4-40GB MIG 4g.20gb (0),1,,13,cupy_copy__complex64_complex64
7078494182,3776,181093,26,1,1,128,1,1,16,0.000,0.000,,,,,NVIDIA A100-SXM4-40GB MIG 4g.20gb (0),1,,13,cupy_copy__float32_float32
7079313885,6368,181102,103,1,1,128,1,1,16,0.000,0.000,,,,,NVIDIA A100-SXM4-40GB MIG 4g.20gb (0),1,,13,cupy_copy__complex64_complex64
7080018261,18336,181112,1434,1,1,128,1,1,16,0.000,0.000,,,,,NVIDIA A100-SXM4-40GB MIG 4g.20gb (0),1,,13,cupy_copy__complex64_complex64
7080683789,261885,181117,1,1,1,32,32,1,30,0.000,0.000,,,,,NVIDIA A100-SXM4-40GB MIG 4g.20gb (0),1,,13,"void convert_kernel<__half2, float2>(tensor_layout_any, T1 *, tensor_layout_any, const T2 *)"
7080975722,5632,181120,,,,,,,,,,0.094,16636.287,Pinned,Device,NVIDIA A100-SXM4-40GB MIG 4g.20gb (0),1,,13,[CUDA memcpy Host-to-Device]
7081773121,618137,181121,,,,,,,,,,456.561,738259.848,Device,,NVIDIA A100-SXM4-40GB MIG 4g.20gb (0),1,,13,[CUDA memset]
7082396794,60415,181126,,,,,,,,,,1.235,20440.793,Pinned,Device,NVIDIA A100-SXM4-40GB MIG 4g.20gb (0),1,,13,[CUDA memcpy Host-to-Device]
7082462297,15904,181127,,,,,,,,,,0.197,12362.121,Pinned,Device,NVIDIA A100-SXM4-40GB MIG 4g.20gb (0),1,,13,[CUDA memcpy Host-to-Device]
7083234416,17696,181128,69,4,1,48,1,1,76,0.002,0.000,,,,,NVIDIA A100-SXM4-40GB MIG 4g.20gb (0),1,,13,"void ch_est::windowedChEstPreNoDftSOfdmKernel<float, __half, float, (unsigned int)2, (unsigned int)1, (unsigned short)4>(ch_est::puschRxChEstStatDescr_t *, ch_est::puschRxChEstDynDescr_t *)"
7083869257,29088,181129,137,2,1,24,2,1,44,0.001,0.001,,,,,NVIDIA A100-SXM4-40GB MIG 4g.20gb (0),1,,13,"void ch_est::chEstFilterNoDftSOfdmDispatchKernel<float, __half, float, (unsigned int)2>(ch_est::puschRxChEstStatDescr_t *, ch_est::puschRxChEstDynDescr_t *)"
7084447491,11712,181130,137,2,1,24,2,1,44,0.001,0.001,,,,,NVIDIA A100-SXM4-40GB MIG 4g.20gb (0),1,,13,"void ch_est::chEstFilterNoDftSOfdmDispatchKernel<float, __half, float, (unsigned int)2>(ch_est::puschRxChEstStatDescr_t *, ch_est::puschRxChEstDynDescr_t *)"
7085350584,5248,181141,103,1,1,128,1,1,16,0.000,0.000,,,,,NVIDIA A100-SXM4-40GB MIG 4g.20gb (0),1,,13,cupy_copy__complex64_complex64
7086164911,20288,181151,1434,1,1,128,1,1,16,0.000,0.000,,,,,NVIDIA A100-SXM4-40GB MIG 4g.20gb (0),1,,13,cupy_copy__complex64_complex64
7086584778,4768,181158,103,1,1,128,1,1,16,0.000,0.000,,,,,NVIDIA A100-SXM4-40GB MIG 4g.20gb (0),1,,13,cupy_copy__complex64_complex64
7086983142,263101,181165,1,1,1,32,32,1,30,0.000,0.000,,,,,NVIDIA A100-SXM4-40GB MIG 4g.20gb (0),1,,13,"void convert_kernel<__half2, float2>(tensor_layout_any, T1 *, tensor_layout_any, const T2 *)"
7087276355,5472,181168,,,,,,,,,,0.094,17122.757,Pinned,Device,NVIDIA A100-SXM4-40GB MIG 4g.20gb (0),1,,13,[CUDA memcpy Host-to-Device]
7087504864,54175,181169,,,,,,,,,,35.810,660979.503,Device,,NVIDIA A100-SXM4-40GB MIG 4g.20gb (0),1,,13,[CUDA memset]
7087566879,2176,181171,,,,,,,,,,0.000,36.765,Pinned,Device,NVIDIA A100-SXM4-40GB MIG 4g.20gb (0),1,,13,[CUDA memcpy Host-to-Device]
7087571487,9536,181172,,,,,,,,,,0.197,20617.298,Pinned,Device,NVIDIA A100-SXM4-40GB MIG 4g.20gb (0),1,,13,[CUDA memcpy Host-to-Device]
7087900028,31903,181173,273,1,1,48,1,1,40,0.000,0.001,,,,,NVIDIA A100-SXM4-40GB MIG 4g.20gb (0),1,,13,"void pusch_noise_intf_est::noiseIntfEstNoDftSOfdmKernel<float, __half, float, float, (unsigned int)2, (unsigned int)1, (unsigned char)4, (unsigned char)4>(pusch_noise_intf_est::puschRxNoiseIntfEstDynDescr)"
7088304407,4672,181184,35,1,1,128,1,1,16,0.000,0.000,,,,,NVIDIA A100-SXM4-40GB MIG 4g.20gb (0),1,,13,cupy_copy__complex64_complex64
7089046447,3168,181193,1,1,1,1,1,1,18,0.000,0.000,,,,,NVIDIA A100-SXM4-40GB MIG 4g.20gb (0),1,,13,cupy_copy__float32_float32
7089057870,1568,181199,,,,,,,,,,0.000,2.551,Device,Pageable,NVIDIA A100-SXM4-40GB MIG 4g.20gb (0),1,,7,[CUDA memcpy Device-to-Host]
7089862693,22592,181210,1434,1,1,128,1,1,16,0.000,0.000,,,,,NVIDIA A100-SXM4-40GB MIG 4g.20gb (0),1,,13,cupy_copy__complex64_complex64
7090708572,5920,181217,103,1,1,128,1,1,16,0.000,0.000,,,,,NVIDIA A100-SXM4-40GB MIG 4g.20gb (0),1,,13,cupy_copy__complex64_complex64
7091594706,7040,181224,35,1,1,128,1,1,16,0.000,0.000,,,,,NVIDIA A100-SXM4-40GB MIG 4g.20gb (0),1,,13,cupy_copy__complex64_complex64
7092473000,4544,181231,1,1,1,1,1,1,18,0.000,0.000,,,,,NVIDIA A100-SXM4-40GB MIG 4g.20gb (0),1,,13,cupy_copy__float32_float32
7093238975,244157,181242,1,1,1,32,32,1,30,0.000,0.000,,,,,NVIDIA A100-SXM4-40GB MIG 4g.20gb (0),1,,13,"void convert_kernel<__half2, float2>(tensor_layout_any, T1 *, tensor_layout_any, const T2 *)"
7093514524,10944,181245,,,,,,,,,,0.094,8561.378,Pinned,Device,NVIDIA A100-SXM4-40GB MIG 4g.20gb (0),1,,13,[CUDA memcpy Host-to-Device]
7094393074,6304,181246,,,,,,,,,,1.547,245339.418,Device,,NVIDIA A100-SXM4-40GB MIG 4g.20gb (0),1,,13,[CUDA memset]
7094405106,6240,181251,,,,,,,,,,0.031,5015.372,Pinned,Device,NVIDIA A100-SXM4-40GB MIG 4g.20gb (0),1,,13,[CUDA memcpy Host-to-Device]
7094417138,14976,181252,,,,,,,,,,0.197,13128.106,Pinned,Device,NVIDIA A100-SXM4-40GB MIG 4g.20gb (0),1,,13,[CUDA memcpy Host-to-Device]
7095319112,11455,181253,273,1,1,8,4,1,39,0.002,0.000,,,,,NVIDIA A100-SXM4-40GB MIG 4g.20gb (0),1,,13,"void channel_eq::eqMmseCoefCompLowMimoKernel<float, float, float, (unsigned int)4, (unsigned int)1, (unsigned int)4>(const channel_eq::_puschRxChEqStatDescr *, channel_eq::_puschRxChEqCoefCompDynDescr)"
7096205342,13535,181254,273,1,1,12,11,1,51,0.002,0.000,,,,,NVIDIA A100-SXM4-40GB MIG 4g.20gb (0),1,,13,"void channel_eq::eqMmseSoftDemapKernel<float, __half, __half, float, (unsigned int)4, (unsigned short)16383>(channel_eq::_puschRxChEqStatDescr *, channel_eq::_puschRxChEqSoftDemapDynDescr)"
7097137523,658841,181255,1,1,1,32,32,1,30,0.000,0.000,,,,,NVIDIA A100-SXM4-40GB MIG 4g.20gb (0),1,,13,"void convert_kernel<float2, __half2>(tensor_layout_any, T1 *, tensor_layout_any, const T2 *)"
7098146632,15103,181267,2253,1,1,128,1,1,16,0.000,0.000,,,,,NVIDIA A100-SXM4-40GB MIG 4g.20gb (0),1,,13,cupy_copy__float16_float16
7098611458,5632,181276,282,1,1,128,1,1,16,0.000,0.000,,,,,NVIDIA A100-SXM4-40GB MIG 4g.20gb (0),1,,13,cupy_copy__complex64_complex64
7098893087,15936,181285,26,1,1,128,1,1,16,0.000,0.000,,,,,NVIDIA A100-SXM4-40GB MIG 4g.20gb (0),1,,13,cupy_copy__float32_float32
7099162876,10304,181294,103,1,1,128,1,1,16,0.000,0.000,,,,,NVIDIA A100-SXM4-40GB MIG 4g.20gb (0),1,,13,cupy_copy__complex64_complex64
7099706166,28512,181304,1434,1,1,128,1,1,16,0.000,0.000,,,,,NVIDIA A100-SXM4-40GB MIG 4g.20gb (0),1,,13,cupy_copy__complex64_complex64
7100197456,276029,181309,1,1,1,32,32,1,30,0.000,0.000,,,,,NVIDIA A100-SXM4-40GB MIG 4g.20gb (0),1,,13,"void convert_kernel<__half2, float2>(tensor_layout_any, T1 *, tensor_layout_any, const T2 *)"
7100505293,5984,181312,,,,,,,,,,0.094,15657.726,Pinned,Device,NVIDIA A100-SXM4-40GB MIG 4g.20gb (0),1,,13,[CUDA memcpy Host-to-Device]
7100989991,614649,181313,,,,,,,,,,456.561,742368.901,Device,,NVIDIA A100-SXM4-40GB MIG 4g.20gb (0),1,,13,[CUDA memset]
7101605536,61376,181318,,,,,,,,,,1.235,20120.943,Pinned,Device,NVIDIA A100-SXM4-40GB MIG 4g.20gb (0),1,,13,[CUDA memcpy Host-to-Device]
7101671808,11424,181319,,,,,,,,,,0.197,17210.081,Pinned,Device,NVIDIA A100-SXM4-40GB MIG 4g.20gb (0),1,,13,[CUDA memcpy Host-to-Device]
7102392504,15007,181320,69,4,1,48,1,1,76,0.002,0.000,,,,,NVIDIA A100-SXM4-40GB MIG 4g.20gb (0),1,,13,"void ch_est::windowedChEstPreNoDftSOfdmKernel<float, __half, float, (unsigned int)2, (unsigned int)1, (unsigned short)4>(ch_est::puschRxChEstStatDescr_t *, ch_est::puschRxChEstDynDescr_t *)"
7103237966,12800,181321,137,2,1,24,2,1,44,0.001,0.001,,,,,NVIDIA A100-SXM4-40GB MIG 4g.20gb (0),1,,13,"void ch_est::chEstFilterNoDftSOfdmDispatchKernel<float, __half, float, (unsigned int)2>(ch_est::puschRxChEstStatDescr_t *, ch_est::puschRxChEstDynDescr_t *)"
7104085796,9504,181322,137,2,1,24,2,1,44,0.001,0.001,,,,,NVIDIA A100-SXM4-40GB MIG 4g.20gb (0),1,,13,"void ch_est::chEstFilterNoDftSOfdmDispatchKernel<float, __half, float, (unsigned int)2>(ch_est::puschRxChEstStatDescr_t *, ch_est::puschRxChEstDynDescr_t *)"
7104897051,3968,181333,103,1,1,128,1,1,16,0.000,0.000,,,,,NVIDIA A100-SXM4-40GB MIG 4g.20gb (0),1,,13,cupy_copy__complex64_complex64
7105690514,19904,181343,1434,1,1,128,1,1,16,0.000,0.000,,,,,NVIDIA A100-SXM4-40GB MIG 4g.20gb (0),1,,13,cupy_copy__complex64_complex64
7106403370,4480,181350,103,1,1,128,1,1,16,0.000,0.000,,,,,NVIDIA A100-SXM4-40GB MIG 4g.20gb (0),1,,13,cupy_copy__complex64_complex64
7107135394,282461,181357,1,1,1,32,32,1,30,0.000,0.000,,,,,NVIDIA A100-SXM4-40GB MIG 4g.20gb (0),1,,13,"void convert_kernel<__half2, float2>(tensor_layout_any, T1 *, tensor_layout_any, const T2 *)"
7107447678,5440,181360,,,,,,,,,,0.094,17223.480,Pinned,Device,NVIDIA A100-SXM4-40GB MIG 4g.20gb (0),1,,13,[CUDA memcpy Host-to-Device]
7108270709,52511,181361,,,,,,,,,,35.810,681928.307,Device,,NVIDIA A100-SXM4-40GB MIG 4g.20gb (0),1,,13,[CUDA memset]
7108327892,1856,181363,,,,,,,,,,0.000,43.103,Pinned,Device,NVIDIA A100-SXM4-40GB MIG 4g.20gb (0),1,,13,[CUDA memcpy Host-to-Device]
7108332212,9792,181364,,,,,,,,,,0.197,20078.395,Pinned,Device,NVIDIA A100-SXM4-40GB MIG 4g.20gb (0),1,,13,[CUDA memcpy Host-to-Device]
7108777263,13600,181365,273,1,1,48,1,1,40,0.000,0.001,,,,,NVIDIA A100-SXM4-40GB MIG 4g.20gb (0),1,,13,"void pusch_noise_intf_est::noiseIntfEstNoDftSOfdmKernel<float, __half, float, float, (unsigned int)2, (unsigned int)1, (unsigned char)4, (unsigned char)4>(pusch_noise_intf_est::puschRxNoiseIntfEstDynDescr)"
7109232138,4704,181376,35,1,1,128,1,1,16,0.000,0.000,,,,,NVIDIA A100-SXM4-40GB MIG 4g.20gb (0),1,,13,cupy_copy__complex64_complex64
7109637894,3647,181385,1,1,1,1,1,1,18,0.000,0.000,,,,,NVIDIA A100-SXM4-40GB MIG 4g.20gb (0),1,,13,cupy_copy__float32_float32
7109643077,1568,181391,,,,,,,,,,0.000,2.551,Device,Pageable,NVIDIA A100-SXM4-40GB MIG 4g.20gb (0),1,,7,[CUDA memcpy Device-to-Host]
7110086336,16384,181402,1434,1,1,128,1,1,16,0.000,0.000,,,,,NVIDIA A100-SXM4-40GB MIG 4g.20gb (0),1,,13,cupy_copy__complex64_complex64
7110816600,5984,181409,103,1,1,128,1,1,16,0.000,0.000,,,,,NVIDIA A100-SXM4-40GB MIG 4g.20gb (0),1,,13,cupy_copy__complex64_complex64
7111421201,7712,181416,35,1,1,128,1,1,16,0.000,0.000,,,,,NVIDIA A100-SXM4-40GB MIG 4g.20gb (0),1,,13,cupy_copy__complex64_complex64
7111790189,3616,181423,1,1,1,1,1,1,18,0.000,0.000,,,,,NVIDIA A100-SXM4-40GB MIG 4g.20gb (0),1,,13,cupy_copy__float32_float32
7112419014,259677,181434,1,1,1,32,32,1,30,0.000,0.000,,,,,NVIDIA A100-SXM4-40GB MIG 4g.20gb (0),1,,13,"void convert_kernel<__half2, float2>(tensor_layout_any, T1 *, tensor_layout_any, const T2 *)"
7112709091,8928,181437,,,,,,,,,,0.094,10494.608,Pinned,Device,NVIDIA A100-SXM4-40GB MIG 4g.20gb (0),1,,13,[CUDA memcpy Host-to-Device]
7113366651,15328,181438,,,,,,,,,,1.547,100901.750,Device,,NVIDIA A100-SXM4-40GB MIG 4g.20gb (0),1,,13,[CUDA memset]
7113385787,5824,181443,,,,,,,,,,0.031,5373.617,Pinned,Device,NVIDIA A100-SXM4-40GB MIG 4g.20gb (0),1,,13,[CUDA memcpy Host-to-Device]
7113394555,14816,181444,,,,,,,,,,0.197,13269.860,Pinned,Device,NVIDIA A100-SXM4-40GB MIG 4g.20gb (0),1,,13,[CUDA memcpy Host-to-Device]
7114310897,17055,181445,273,1,1,8,4,1,39,0.002,0.000,,,,,NVIDIA A100-SXM4-40GB MIG 4g.20gb (0),1,,13,"void channel_eq::eqMmseCoefCompLowMimoKernel<float, float, float, (unsigned int)4, (unsigned int)1, (unsigned int)4>(const channel_eq::_puschRxChEqStatDescr *, channel_eq::_puschRxChEqCoefCompDynDescr)"
7115120807,14368,181446,273,1,1,12,11,1,51,0.002,0.000,,,,,NVIDIA A100-SXM4-40GB MIG 4g.20gb (0),1,,13,"void channel_eq::eqMmseSoftDemapKernel<float, __half, __half, float, (unsigned int)4, (unsigned short)16383>(channel_eq::_puschRxChEqStatDescr *, channel_eq::_puschRxChEqSoftDemapDynDescr)"
7116071997,666776,181447,1,1,1,32,32,1,30,0.000,0.000,,,,,NVIDIA A100-SXM4-40GB MIG 4g.20gb (0),1,,13,"void convert_kernel<float2, __half2>(tensor_layout_any, T1 *, tensor_layout_any, const T2 *)"
7117323055,13247,181459,2253,1,1,128,1,1,16,0.000,0.000,,,,,NVIDIA A100-SXM4-40GB MIG 4g.20gb (0),1,,13,cupy_copy__float16_float16
7118271012,5472,181468,282,1,1,128,1,1,16,0.000,0.000,,,,,NVIDIA A100-SXM4-40GB MIG 4g.20gb (0),1,,13,cupy_copy__complex64_complex64
7119210457,3584,181477,26,1,1,128,1,1,16,0.000,0.000,,,,,NVIDIA A100-SXM4-40GB MIG 4g.20gb (0),1,,13,cupy_copy__float32_float32
7119737779,4832,181486,103,1,1,128,1,1,16,0.000,0.000,,,,,NVIDIA A100-SXM4-40GB MIG 4g.20gb (0),1,,13,cupy_copy__complex64_complex64
7120327565,17055,181496,1434,1,1,128,1,1,16,0.000,0.000,,,,,NVIDIA A100-SXM4-40GB MIG 4g.20gb (0),1,,13,cupy_copy__complex64_complex64
7120870022,241982,181501,1,1,1,32,32,1,30,0.000,0.000,,,,,NVIDIA A100-SXM4-40GB MIG 4g.20gb (0),1,,13,"void convert_kernel<__half2, float2>(tensor_layout_any, T1 *, tensor_layout_any, const T2 *)"
7121141859,5440,181504,,,,,,,,,,0.094,17223.480,Pinned,Device,NVIDIA A100-SXM4-40GB MIG 4g.20gb (0),1,,13,[CUDA memcpy Host-to-Device]
7121411232,614233,181505,,,,,,,,,,456.561,743282.024,Device,,NVIDIA A100-SXM4-40GB MIG 4g.20gb (0),1,,13,[CUDA memset]
7122034361,55712,181510,,,,,,,,,,1.235,22166.010,Pinned,Device,NVIDIA A100-SXM4-40GB MIG 4g.20gb (0),1,,13,[CUDA memcpy Host-to-Device]
7122092857,10079,181511,,,,,,,,,,0.197,19506.659,Pinned,Device,NVIDIA A100-SXM4-40GB MIG 4g.20gb (0),1,,13,[CUDA memcpy Host-to-Device]
7122368213,12320,181512,69,4,1,48,1,1,76,0.002,0.000,,,,,NVIDIA A100-SXM4-40GB MIG 4g.20gb (0),1,,13,"void ch_est::windowedChEstPreNoDftSOfdmKernel<float, __half, float, (unsigned int)2, (unsigned int)1, (unsigned short)4>(ch_est::puschRxChEstStatDescr_t *, ch_est::puschRxChEstDynDescr_t *)"
7122682418,8192,181513,137,2,1,24,2,1,44,0.001,0.001,,,,,NVIDIA A100-SXM4-40GB MIG 4g.20gb (0),1,,13,"void ch_est::chEstFilterNoDftSOfdmDispatchKernel<float, __half, float, (unsigned int)2>(ch_est::puschRxChEstStatDescr_t *, ch_est::puschRxChEstDynDescr_t *)"
7122967407,26719,181514,137,2,1,24,2,1,44,0.001,0.001,,,,,NVIDIA A100-SXM4-40GB MIG 4g.20gb (0),1,,13,"void ch_est::chEstFilterNoDftSOfdmDispatchKernel<float, __half, float, (unsigned int)2>(ch_est::puschRxChEstStatDescr_t *, ch_est::puschRxChEstDynDescr_t *)"
7123173900,16096,181525,103,1,1,128,1,1,16,0.000,0.000,,,,,NVIDIA A100-SXM4-40GB MIG 4g.20gb (0),1,,13,cupy_copy__complex64_complex64
7123377930,18016,181535,1434,1,1,128,1,1,16,0.000,0.000,,,,,NVIDIA A100-SXM4-40GB MIG 4g.20gb (0),1,,13,cupy_copy__complex64_complex64
7123694566,4800,181542,103,1,1,128,1,1,16,0.000,0.000,,,,,NVIDIA A100-SXM4-40GB MIG 4g.20gb (0),1,,13,cupy_copy__complex64_complex64
7124054498,269021,181549,1,1,1,32,32,1,30,0.000,0.000,,,,,NVIDIA A100-SXM4-40GB MIG 4g.20gb (0),1,,13,"void convert_kernel<__half2, float2>(tensor_layout_any, T1 *, tensor_layout_any, const T2 *)"
7124353215,5440,181552,,,,,,,,,,0.094,17223.480,Pinned,Device,NVIDIA A100-SXM4-40GB MIG 4g.20gb (0),1,,13,[CUDA memcpy Host-to-Device]
7124675739,53504,181553,,,,,,,,,,35.810,669287.405,Device,,NVIDIA A100-SXM4-40GB MIG 4g.20gb (0),1,,13,[CUDA memset]
7124730747,5792,181555,,,,,,,,,,0.000,13.812,Pinned,Device,NVIDIA A100-SXM4-40GB MIG 4g.20gb (0),1,,13,[CUDA memcpy Host-to-Device]
7124739067,9535,181556,,,,,,,,,,0.197,20619.461,Pinned,Device,NVIDIA A100-SXM4-40GB MIG 4g.20gb (0),1,,13,[CUDA memcpy Host-to-Device]
7125074167,13632,181557,273,1,1,48,1,1,40,0.000,0.001,,,,,NVIDIA A100-SXM4-40GB MIG 4g.20gb (0),1,,13,"void pusch_noise_intf_est::noiseIntfEstNoDftSOfdmKernel<float, __half, float, float, (unsigned int)2, (unsigned int)1, (unsigned char)4, (unsigned char)4>(pusch_noise_intf_est::puschRxNoiseIntfEstDynDescr)"
7125522482,4768,181568,35,1,1,128,1,1,16,0.000,0.000,,,,,NVIDIA A100-SXM4-40GB MIG 4g.20gb (0),1,,13,cupy_copy__complex64_complex64
7125996012,3104,181577,1,1,1,1,1,1,18,0.000,0.000,,,,,NVIDIA A100-SXM4-40GB MIG 4g.20gb (0),1,,13,cupy_copy__float32_float32
7126005388,1664,181583,,,,,,,,,,0.000,2.404,Device,Pageable,NVIDIA A100-SXM4-40GB MIG 4g.20gb (0),1,,7,[CUDA memcpy Device-to-Host]
7126891266,18464,181594,1434,1,1,128,1,1,16,0.000,0.000,,,,,NVIDIA A100-SXM4-40GB MIG 4g.20gb (0),1,,13,cupy_copy__complex64_complex64
7127719353,5504,181601,103,1,1,128,1,1,16,0.000,0.000,,,,,NVIDIA A100-SXM4-40GB MIG 4g.20gb (0),1,,13,cupy_copy__complex64_complex64
7128534832,7200,181608,35,1,1,128,1,1,16,0.000,0.000,,,,,NVIDIA A100-SXM4-40GB MIG 4g.20gb (0),1,,13,cupy_copy__complex64_complex64
7129239240,5664,181615,1,1,1,1,1,1,18,0.000,0.000,,,,,NVIDIA A100-SXM4-40GB MIG 4g.20gb (0),1,,13,cupy_copy__float32_float32
7129712354,266557,181626,1,1,1,32,32,1,30,0.000,0.000,,,,,NVIDIA A100-SXM4-40GB MIG 4g.20gb (0),1,,13,"void convert_kernel<__half2, float2>(tensor_layout_any, T1 *, tensor_layout_any, const T2 *)"
7130011007,9152,181629,,,,,,,,,,0.094,10237.693,Pinned,Device,NVIDIA A100-SXM4-40GB MIG 4g.20gb (0),1,,13,[CUDA memcpy Host-to-Device]
7130573113,17599,181630,,,,,,,,,,1.547,87880.722,Device,,NVIDIA A100-SXM4-40GB MIG 4g.20gb (0),1,,13,[CUDA memset]
7130593880,6592,181635,,,,,,,,,,0.031,4747.572,Pinned,Device,NVIDIA A100-SXM4-40GB MIG 4g.20gb (0),1,,13,[CUDA memcpy Host-to-Device]
7130603192,11776,181636,,,,,,,,,,0.197,16695.558,Pinned,Device,NVIDIA A100-SXM4-40GB MIG 4g.20gb (0),1,,13,[CUDA memcpy Host-to-Device]
7131329136,17056,181637,273,1,1,8,4,1,39,0.002,0.000,,,,,NVIDIA A100-SXM4-40GB MIG 4g.20gb (0),1,,13,"void channel_eq::eqMmseCoefCompLowMimoKernel<float, float, float, (unsigned int)4, (unsigned int)1, (unsigned int)4>(const channel_eq::_puschRxChEqStatDescr *, channel_eq::_puschRxChEqCoefCompDynDescr)"
7131952329,13248,181638,273,1,1,12,11,1,51,0.002,0.000,,,,,NVIDIA A100-SXM4-40GB MIG 4g.20gb (0),1,,13,"void channel_eq::eqMmseSoftDemapKernel<float, __half, __half, float, (unsigned int)4, (unsigned short)16383>(channel_eq::_puschRxChEqStatDescr *, channel_eq::_puschRxChEqSoftDemapDynDescr)"
7132717920,647129,181639,1,1,1,32,32,1,30,0.000,0.000,,,,,NVIDIA A100-SXM4-40GB MIG 4g.20gb (0),1,,13,"void convert_kernel<float2, __half2>(tensor_layout_any, T1 *, tensor_layout_any, const T2 *)"
7133987378,16640,181651,2253,1,1,128,1,1,16,0.000,0.000,,,,,NVIDIA A100-SXM4-40GB MIG 4g.20gb (0),1,,13,cupy_copy__float16_float16
7134407149,6976,181660,282,1,1,128,1,1,16,0.000,0.000,,,,,NVIDIA A100-SXM4-40GB MIG 4g.20gb (0),1,,13,cupy_copy__complex64_complex64
7134819432,10400,181669,26,1,1,128,1,1,16,0.000,0.000,,,,,NVIDIA A100-SXM4-40GB MIG 4g.20gb (0),1,,13,cupy_copy__float32_float32
7135171268,12096,181678,103,1,1,128,1,1,16,0.000,0.000,,,,,NVIDIA A100-SXM4-40GB MIG 4g.20gb (0),1,,13,cupy_copy__complex64_complex64
7135457889,18272,181688,1434,1,1,128,1,1,16,0.000,0.000,,,,,NVIDIA A100-SXM4-40GB MIG 4g.20gb (0),1,,13,cupy_copy__complex64_complex64
7135860669,275357,181693,1,1,1,32,32,1,30,0.000,0.000,,,,,NVIDIA A100-SXM4-40GB MIG 4g.20gb (0),1,,13,"void convert_kernel<__half2, float2>(tensor_layout_any, T1 *, tensor_layout_any, const T2 *)"
7136169561,9728,181696,,,,,,,,,,0.094,9631.574,Pinned,Device,NVIDIA A100-SXM4-40GB MIG 4g.20gb (0),1,,13,[CUDA memcpy Host-to-Device]
7136513173,620569,181697,,,,,,,,,,456.561,735520.480,Device,,NVIDIA A100-SXM4-40GB MIG 4g.20gb (0),1,,13,[CUDA memset]
7137136270,59744,181702,,,,,,,,,,1.235,20670.493,Pinned,Device,NVIDIA A100-SXM4-40GB MIG 4g.20gb (0),1,,13,[CUDA memcpy Host-to-Device]
7137198734,14527,181703,,,,,,,,,,0.197,13533.905,Pinned,Device,NVIDIA A100-SXM4-40GB MIG 4g.20gb (0),1,,13,[CUDA memcpy Host-to-Device]
7137610313,13888,181704,69,4,1,48,1,1,76,0.002,0.000,,,,,NVIDIA A100-SXM4-40GB MIG 4g.20gb (0),1,,13,"void ch_est::windowedChEstPreNoDftSOfdmKernel<float, __half, float, (unsigned int)2, (unsigned int)1, (unsigned short)4>(ch_est::puschRxChEstStatDescr_t *, ch_est::puschRxChEstDynDescr_t *)"
7138225570,28832,181705,137,2,1,24,2,1,44,0.001,0.001,,,,,NVIDIA A100-SXM4-40GB MIG 4g.20gb (0),1,,13,"void ch_est::chEstFilterNoDftSOfdmDispatchKernel<float, __half, float, (unsigned int)2>(ch_est::puschRxChEstStatDescr_t *, ch_est::puschRxChEstDynDescr_t *)"
7138641085,16864,181706,137,2,1,24,2,1,44,0.001,0.001,,,,,NVIDIA A100-SXM4-40GB MIG 4g.20gb (0),1,,13,"void ch_est::chEstFilterNoDftSOfdmDispatchKernel<float, __half, float, (unsigned int)2>(ch_est::puschRxChEstStatDescr_t *, ch_est::puschRxChEstDynDescr_t *)"
7139188407,10016,181717,103,1,1,128,1,1,16,0.000,0.000,,,,,NVIDIA A100-SXM4-40GB MIG 4g.20gb (0),1,,13,cupy_copy__complex64_complex64
7139663346,18623,181727,1434,1,1,128,1,1,16,0.000,0.000,,,,,NVIDIA A100-SXM4-40GB MIG 4g.20gb (0),1,,13,cupy_copy__complex64_complex64
7140252971,4352,181734,103,1,1,128,1,1,16,0.000,0.000,,,,,NVIDIA A100-SXM4-40GB MIG 4g.20gb (0),1,,13,cupy_copy__complex64_complex64
7140736773,246174,181741,1,1,1,32,32,1,30,0.000,0.000,,,,,NVIDIA A100-SXM4-40GB MIG 4g.20gb (0),1,,13,"void convert_kernel<__half2, float2>(tensor_layout_any, T1 *, tensor_layout_any, const T2 *)"
7141014242,5600,181744,,,,,,,,,,0.094,16731.388,Pinned,Device,NVIDIA A100-SXM4-40GB MIG 4g.20gb (0),1,,13,[CUDA memcpy Host-to-Device]
7141477373,55359,181745,,,,,,,,,,35.810,646834.585,Device,,NVIDIA A100-SXM4-40GB MIG 4g.20gb (0),1,,13,[CUDA memset]
7141537660,3072,181747,,,,,,,,,,0.000,26.042,Pinned,Device,NVIDIA A100-SXM4-40GB MIG 4g.20gb (0),1,,13,[CUDA memcpy Host-to-Device]
7141543164,9568,181748,,,,,,,,,,0.197,20548.485,Pinned,Device,NVIDIA A100-SXM4-40GB MIG 4g.20gb (0),1,,13,[CUDA memcpy Host-to-Device]
7142062870,25216,181749,273,1,1,48,1,1,40,0.000,0.001,,,,,NVIDIA A100-SXM4-40GB MIG 4g.20gb (0),1,,13,"void pusch_noise_intf_est::noiseIntfEstNoDftSOfdmKernel<float, __half, float, float, (unsigned int)2, (unsigned int)1, (unsigned char)4, (unsigned char)4>(pusch_noise_intf_est::puschRxNoiseIntfEstDynDescr)"
7142460050,7936,181760,35,1,1,128,1,1,16,0.000,0.000,,,,,NVIDIA A100-SXM4-40GB MIG 4g.20gb (0),1,,13,cupy_copy__complex64_complex64
7143021132,3264,181769,1,1,1,1,1,1,18,0.000,0.000,,,,,NVIDIA A100-SXM4-40GB MIG 4g.20gb (0),1,,13,cupy_copy__float32_float32
7143031243,1664,181775,,,,,,,,,,0.000,2.404,Device,Pageable,NVIDIA A100-SXM4-40GB MIG 4g.20gb (0),1,,7,[CUDA memcpy Device-to-Host]
7143695908,17984,181786,1434,1,1,128,1,1,16,0.000,0.000,,,,,NVIDIA A100-SXM4-40GB MIG 4g.20gb (0),1,,13,cupy_copy__complex64_complex64
7144130399,5376,181793,103,1,1,128,1,1,16,0.000,0.000,,,,,NVIDIA A100-SXM4-40GB MIG 4g.20gb (0),1,,13,cupy_copy__complex64_complex64
7144534650,7712,181800,35,1,1,128,1,1,16,0.000,0.000,,,,,NVIDIA A100-SXM4-40GB MIG 4g.20gb (0),1,,13,cupy_copy__complex64_complex64
7144850903,3648,181807,1,1,1,1,1,1,18,0.000,0.000,,,,,NVIDIA A100-SXM4-40GB MIG 4g.20gb (0),1,,13,cupy_copy__float32_float32
7145305074,207933,181818,1,1,1,32,32,1,30,0.000,0.000,,,,,NVIDIA A100-SXM4-40GB MIG 4g.20gb (0),1,,13,"void convert_kernel<__half2, float2>(tensor_layout_any, T1 *, tensor_layout_any, const T2 *)"
7145544975,5600,181821,,,,,,,,,,0.094,16731.388,Pinned,Device,NVIDIA A100-SXM4-40GB MIG 4g.20gb (0),1,,13,[CUDA memcpy Host-to-Device]
7145975754,6176,181822,,,,,,,,,,1.547,250424.718,Device,,NVIDIA A100-SXM4-40GB MIG 4g.20gb (0),1,,13,[CUDA memset]
7145987818,3264,181827,,,,,,,,,,0.031,9588.218,Pinned,Device,NVIDIA A100-SXM4-40GB MIG 4g.20gb (0),1,,13,[CUDA memcpy Host-to-Device]
7145996522,10336,181828,,,,,,,,,,0.197,19021.627,Pinned,Device,NVIDIA A100-SXM4-40GB MIG 4g.20gb (0),1,,13,[CUDA memcpy Host-to-Device]
7146438309,17056,181829,273,1,1,8,4,1,39,0.002,0.000,,,,,NVIDIA A100-SXM4-40GB MIG 4g.20gb (0),1,,13,"void channel_eq::eqMmseCoefCompLowMimoKernel<float, float, float, (unsigned int)4, (unsigned int)1, (unsigned int)4>(const channel_eq::_puschRxChEqStatDescr *, channel_eq::_puschRxChEqCoefCompDynDescr)"
7146890048,14528,181830,273,1,1,12,11,1,51,0.002,0.000,,,,,NVIDIA A100-SXM4-40GB MIG 4g.20gb (0),1,,13,"void channel_eq::eqMmseSoftDemapKernel<float, __half, __half, float, (unsigned int)4, (unsigned short)16383>(channel_eq::_puschRxChEqStatDescr *, channel_eq::_puschRxChEqSoftDemapDynDescr)"
7147406906,751095,181831,1,1,1,32,32,1,30,0.000,0.000,,,,,NVIDIA A100-SXM4-40GB MIG 4g.20gb (0),1,,13,"void convert_kernel<float2, __half2>(tensor_layout_any, T1 *, tensor_layout_any, const T2 *)"
7148814506,17760,181843,2253,1,1,128,1,1,16,0.000,0.000,,,,,NVIDIA A100-SXM4-40GB MIG 4g.20gb (0),1,,13,cupy_copy__float16_float16
7149490402,7264,181852,282,1,1,128,1,1,16,0.000,0.000,,,,,NVIDIA A100-SXM4-40GB MIG 4g.20gb (0),1,,13,cupy_copy__complex64_complex64
7150128251,11232,181861,26,1,1,128,1,1,16,0.000,0.000,,,,,NVIDIA A100-SXM4-40GB MIG 4g.20gb (0),1,,13,cupy_copy__float32_float32
7150656213,11968,181870,103,1,1,128,1,1,16,0.000,0.000,,,,,NVIDIA A100-SXM4-40GB MIG 4g.20gb (0),1,,13,cupy_copy__complex64_complex64
7151075760,18560,181880,1434,1,1,128,1,1,16,0.000,0.000,,,,,NVIDIA A100-SXM4-40GB MIG 4g.20gb (0),1,,13,cupy_copy__complex64_complex64
7151876615,297949,181885,1,1,1,32,32,1,30,0.000,0.000,,,,,NVIDIA A100-SXM4-40GB MIG 4g.20gb (0),1,,13,"void convert_kernel<__half2, float2>(tensor_layout_any, T1 *, tensor_layout_any, const T2 *)"
7152205348,8000,181888,,,,,,,,,,0.094,11712.000,Pinned,Device,NVIDIA A100-SXM4-40GB MIG 4g.20gb (0),1,,13,[CUDA memcpy Host-to-Device]
7152659870,612186,181889,,,,,,,,,,456.561,745564.832,Device,,NVIDIA A100-SXM4-40GB MIG 4g.20gb (0),1,,13,[CUDA memset]
7153278199,58656,181894,,,,,,,,,,1.235,21053.325,Pinned,Device,NVIDIA A100-SXM4-40GB MIG 4g.20gb (0),1,,13,[CUDA memcpy Host-to-Device]
7153342839,16192,181895,,,,,,,,,,0.197,12142.117,Pinned,Device,NVIDIA A100-SXM4-40GB MIG 4g.20gb (0),1,,13,[CUDA memcpy Host-to-Device]
7154060079,12640,181896,69,4,1,48,1,1,76,0.002,0.000,,,,,NVIDIA A100-SXM4-40GB MIG 4g.20gb (0),1,,13,"void ch_est::windowedChEstPreNoDftSOfdmKernel<float, __half, float, (unsigned int)2, (unsigned int)1, (unsigned short)4>(ch_est::puschRxChEstStatDescr_t *, ch_est::puschRxChEstDynDescr_t *)"
7154741415,26944,181897,137,2,1,24,2,1,44,0.001,0.001,,,,,NVIDIA A100-SXM4-40GB MIG 4g.20gb (0),1,,13,"void ch_est::chEstFilterNoDftSOfdmDispatchKernel<float, __half, float, (unsigned int)2>(ch_est::puschRxChEstStatDescr_t *, ch_est::puschRxChEstDynDescr_t *)"
7155407103,11296,181898,137,2,1,24,2,1,44,0.001,0.001,,,,,NVIDIA A100-SXM4-40GB MIG 4g.20gb (0),1,,13,"void ch_est::chEstFilterNoDftSOfdmDispatchKernel<float, __half, float, (unsigned int)2>(ch_est::puschRxChEstStatDescr_t *, ch_est::puschRxChEstDynDescr_t *)"
7155843610,4288,181909,103,1,1,128,1,1,16,0.000,0.000,,,,,NVIDIA A100-SXM4-40GB MIG 4g.20gb (0),1,,13,cupy_copy__complex64_complex64
7156261590,19392,181919,1434,1,1,128,1,1,16,0.000,0.000,,,,,NVIDIA A100-SXM4-40GB MIG 4g.20gb (0),1,,13,cupy_copy__complex64_complex64
7156591634,7744,181926,103,1,1,128,1,1,16,0.000,0.000,,,,,NVIDIA A100-SXM4-40GB MIG 4g.20gb (0),1,,13,cupy_copy__complex64_complex64
7156941262,262557,181933,1,1,1,32,32,1,30,0.000,0.000,,,,,NVIDIA A100-SXM4-40GB MIG 4g.20gb (0),1,,13,"void convert_kernel<__half2, float2>(tensor_layout_any, T1 *, tensor_layout_any, const T2 *)"
7157233771,5632,181936,,,,,,,,,,0.094,16636.287,Pinned,Device,NVIDIA A100-SXM4-40GB MIG 4g.20gb (0),1,,13,[CUDA memcpy Host-to-Device]
7157650726,57759,181937,,,,,,,,,,35.810,619977.145,Device,,NVIDIA A100-SXM4-40GB MIG 4g.20gb (0),1,,13,[CUDA memset]
7157716261,1824,181939,,,,,,,,,,0.000,43.860,Pinned,Device,NVIDIA A100-SXM4-40GB MIG 4g.20gb (0),1,,13,[CUDA memcpy Host-to-Device]
7157720517,10176,181940,,,,,,,,,,0.197,19320.668,Pinned,Device,NVIDIA A100-SXM4-40GB MIG 4g.20gb (0),1,,13,[CUDA memcpy Host-to-Device]
7158164288,17824,181941,273,1,1,48,1,1,40,0.000,0.001,,,,,NVIDIA A100-SXM4-40GB MIG 4g.20gb (0),1,,13,"void pusch_noise_intf_est::noiseIntfEstNoDftSOfdmKernel<float, __half, float, float, (unsigned int)2, (unsigned int)1, (unsigned char)4, (unsigned char)4>(pusch_noise_intf_est::puschRxNoiseIntfEstDynDescr)"
7158434461,7648,181952,35,1,1,128,1,1,16,0.000,0.000,,,,,NVIDIA A100-SXM4-40GB MIG 4g.20gb (0),1,,13,cupy_copy__complex64_complex64
7158828569,3232,181961,1,1,1,1,1,1,18,0.000,0.000,,,,,NVIDIA A100-SXM4-40GB MIG 4g.20gb (0),1,,13,cupy_copy__float32_float32
7158834489,1664,181967,,,,,,,,,,0.000,2.404,Device,Pageable,NVIDIA A100-SXM4-40GB MIG 4g.20gb (0),1,,7,[CUDA memcpy Device-to-Host]
7159347187,17280,181978,1434,1,1,128,1,1,16,0.000,0.000,,,,,NVIDIA A100-SXM4-40GB MIG 4g.20gb (0),1,,13,cupy_copy__complex64_complex64
7159676239,5600,181985,103,1,1,128,1,1,16,0.000,0.000,,,,,NVIDIA A100-SXM4-40GB MIG 4g.20gb (0),1,,13,cupy_copy__complex64_complex64
7160148010,6368,181992,35,1,1,128,1,1,16,0.000,0.000,,,,,NVIDIA A100-SXM4-40GB MIG 4g.20gb (0),1,,13,cupy_copy__complex64_complex64
7160534565,4096,181999,1,1,1,1,1,1,18,0.000,0.000,,,,,NVIDIA A100-SXM4-40GB MIG 4g.20gb (0),1,,13,cupy_copy__float32_float32
7160923777,270109,182010,1,1,1,32,32,1,30,0.000,0.000,,,,,NVIDIA A100-SXM4-40GB MIG 4g.20gb (0),1,,13,"void convert_kernel<__half2, float2>(tensor_layout_any, T1 *, tensor_layout_any, const T2 *)"
7161224734,6303,182013,,,,,,,,,,0.094,14865.245,Pinned,Device,NVIDIA A100-SXM4-40GB MIG 4g.20gb (0),1,,13,[CUDA memcpy Host-to-Device]
7161764407,15936,182014,,,,,,,,,,1.547,97052.203,Device,,NVIDIA A100-SXM4-40GB MIG 4g.20gb (0),1,,13,[CUDA memset]
7161782231,4000,182019,,,,,,,,,,0.031,7824.000,Pinned,Device,NVIDIA A100-SXM4-40GB MIG 4g.20gb (0),1,,13,[CUDA memcpy Host-to-Device]
7161788823,9792,182020,,,,,,,,,,0.197,20078.395,Pinned,Device,NVIDIA A100-SXM4-40GB MIG 4g.20gb (0),1,,13,[CUDA memcpy Host-to-Device]
7162394224,24576,182021,273,1,1,8,4,1,39,0.002,0.000,,,,,NVIDIA A100-SXM4-40GB MIG 4g.20gb (0),1,,13,"void channel_eq::eqMmseCoefCompLowMimoKernel<float, float, float, (unsigned int)4, (unsigned int)1, (unsigned int)4>(const channel_eq::_puschRxChEqStatDescr *, channel_eq::_puschRxChEqCoefCompDynDescr)"
7162887947,24607,182022,273,1,1,12,11,1,51,0.002,0.000,,,,,NVIDIA A100-SXM4-40GB MIG 4g.20gb (0),1,,13,"void channel_eq::eqMmseSoftDemapKernel<float, __half, __half, float, (unsigned int)4, (unsigned short)16383>(channel_eq::_puschRxChEqStatDescr *, channel_eq::_puschRxChEqSoftDemapDynDescr)"
7163400133,680376,182023,1,1,1,32,32,1,30,0.000,0.000,,,,,NVIDIA A100-SXM4-40GB MIG 4g.20gb (0),1,,13,"void convert_kernel<float2, __half2>(tensor_layout_any, T1 *, tensor_layout_any, const T2 *)"
7164472153,15456,182035,2253,1,1,128,1,1,16,0.000,0.000,,,,,NVIDIA A100-SXM4-40GB MIG 4g.20gb (0),1,,13,cupy_copy__float16_float16
7164834229,6016,182044,282,1,1,128,1,1,16,0.000,0.000,,,,,NVIDIA A100-SXM4-40GB MIG 4g.20gb (0),1,,13,cupy_copy__complex64_complex64
7165257008,3584,182053,26,1,1,128,1,1,16,0.000,0.000,,,,,NVIDIA A100-SXM4-40GB MIG 4g.20gb (0),1,,13,cupy_copy__float32_float32
7165664619,15968,182062,103,1,1,128,1,1,16,0.000,0.000,,,,,NVIDIA A100-SXM4-40GB MIG 4g.20gb (0),1,,13,cupy_copy__complex64_complex64
7165985576,18783,182072,1434,1,1,128,1,1,16,0.000,0.000,,,,,NVIDIA A100-SXM4-40GB MIG 4g.20gb (0),1,,13,cupy_copy__complex64_complex64
7166380483,266301,182077,1,1,1,32,32,1,30,0.000,0.000,,,,,NVIDIA A100-SXM4-40GB MIG 4g.20gb (0),1,,13,"void convert_kernel<__half2, float2>(tensor_layout_any, T1 *, tensor_layout_any, const T2 *)"
7166676768,5728,182080,,,,,,,,,,0.094,16357.541,Pinned,Device,NVIDIA A100-SXM4-40GB MIG 4g.20gb (0),1,,13,[CUDA memcpy Host-to-Device]
7167509110,622617,182081,,,,,,,,,,456.561,733237.673,Device,,NVIDIA A100-SXM4-40GB MIG 4g.20gb (0),1,,13,[CUDA memset]
7168134287,55232,182086,,,,,,,,,,1.235,22358.661,Pinned,Device,NVIDIA A100-SXM4-40GB MIG 4g.20gb (0),1,,13,[CUDA memcpy Host-to-Device]
7168192015,9600,182087,,,,,,,,,,0.197,20479.869,Pinned,Device,NVIDIA A100-SXM4-40GB MIG 4g.20gb (0),1,,13,[CUDA memcpy Host-to-Device]
7169045029,10656,182088,69,4,1,48,1,1,76,0.002,0.000,,,,,NVIDIA A100-SXM4-40GB MIG 4g.20gb (0),1,,13,"void ch_est::windowedChEstPreNoDftSOfdmKernel<float, __half, float, (unsigned int)2, (unsigned int)1, (unsigned short)4>(ch_est::puschRxChEstStatDescr_t *, ch_est::puschRxChEstDynDescr_t *)"
7169333090,26943,182089,137,2,1,24,2,1,44,0.001,0.001,,,,,NVIDIA A100-SXM4-40GB MIG 4g.20gb (0),1,,13,"void ch_est::chEstFilterNoDftSOfdmDispatchKernel<float, __half, float, (unsigned int)2>(ch_est::puschRxChEstStatDescr_t *, ch_est::puschRxChEstDynDescr_t *)"
7169537567,25472,182090,137,2,1,24,2,1,44,0.001,0.001,,,,,NVIDIA A100-SXM4-40GB MIG 4g.20gb (0),1,,13,"void ch_est::chEstFilterNoDftSOfdmDispatchKernel<float, __half, float, (unsigned int)2>(ch_est::puschRxChEstStatDescr_t *, ch_est::puschRxChEstDynDescr_t *)"
7169744637,5312,182101,103,1,1,128,1,1,16,0.000,0.000,,,,,NVIDIA A100-SXM4-40GB MIG 4g.20gb (0),1,,13,cupy_copy__complex64_complex64
7170035258,15328,182111,1434,1,1,128,1,1,16,0.000,0.000,,,,,NVIDIA A100-SXM4-40GB MIG 4g.20gb (0),1,,13,cupy_copy__complex64_complex64
7170328598,16352,182118,103,1,1,128,1,1,16,0.000,0.000,,,,,NVIDIA A100-SXM4-40GB MIG 4g.20gb (0),1,,13,cupy_copy__complex64_complex64
7170594195,267677,182125,1,1,1,32,32,1,30,0.000,0.000,,,,,NVIDIA A100-SXM4-40GB MIG 4g.20gb (0),1,,13,"void convert_kernel<__half2, float2>(tensor_layout_any, T1 *, tensor_layout_any, const T2 *)"
7170891952,7840,182128,,,,,,,,,,0.094,11951.018,Pinned,Device,NVIDIA A100-SXM4-40GB MIG 4g.20gb (0),1,,13,[CUDA memcpy Host-to-Device]
7171337387,63519,182129,,,,,,,,,,35.810,563755.571,Device,,NVIDIA A100-SXM4-40GB MIG 4g.20gb (0),1,,13,[CUDA memset]
7171403978,1984,182131,,,,,,,,,,0.000,40.323,Pinned,Device,NVIDIA A100-SXM4-40GB MIG 4g.20gb (0),1,,13,[CUDA memcpy Host-to-Device]
7171408394,9504,182132,,,,,,,,,,0.197,20686.701,Pinned,Device,NVIDIA A100-SXM4-40GB MIG 4g.20gb (0),1,,13,[CUDA memcpy Host-to-Device]
7171985284,13728,182133,273,1,1,48,1,1,40,0.000,0.001,,,,,NVIDIA A100-SXM4-40GB MIG 4g.20gb (0),1,,13,"void pusch_noise_intf_est::noiseIntfEstNoDftSOfdmKernel<float, __half, float, float, (unsigned int)2, (unsigned int)1, (unsigned char)4, (unsigned char)4>(pusch_noise_intf_est::puschRxNoiseIntfEstDynDescr)"
7172667804,6048,182144,35,1,1,128,1,1,16,0.000,0.000,,,,,NVIDIA A100-SXM4-40GB MIG 4g.20gb (0),1,,13,cupy_copy__complex64_complex64
7173296693,3584,182153,1,1,1,1,1,1,18,0.000,0.000,,,,,NVIDIA A100-SXM4-40GB MIG 4g.20gb (0),1,,13,cupy_copy__float32_float32
7173304437,1728,182159,,,,,,,,,,0.000,2.315,Device,Pageable,NVIDIA A100-SXM4-40GB MIG 4g.20gb (0),1,,7,[CUDA memcpy Device-to-Host]
7174020525,16000,182170,1434,1,1,128,1,1,16,0.000,0.000,,,,,NVIDIA A100-SXM4-40GB MIG 4g.20gb (0),1,,13,cupy_copy__complex64_complex64
7174661093,15648,182177,103,1,1,128,1,1,16,0.000,0.000,,,,,NVIDIA A100-SXM4-40GB MIG 4g.20gb (0),1,,13,cupy_copy__complex64_complex64
7175202175,7712,182184,35,1,1,128,1,1,16,0.000,0.000,,,,,NVIDIA A100-SXM4-40GB MIG 4g.20gb (0),1,,13,cupy_copy__complex64_complex64
7175751545,4320,182191,1,1,1,1,1,1,18,0.000,0.000,,,,,NVIDIA A100-SXM4-40GB MIG 4g.20gb (0),1,,13,cupy_copy__float32_float32
7176180948,293277,182202,1,1,1,32,32,1,30,0.000,0.000,,,,,NVIDIA A100-SXM4-40GB MIG 4g.20gb (0),1,,13,"void convert_kernel<__half2, float2>(tensor_layout_any, T1 *, tensor_layout_any, const T2 *)"
7176505233,5440,182205,,,,,,,,,,0.094,17223.480,Pinned,Device,NVIDIA A100-SXM4-40GB MIG 4g.20gb (0),1,,13,[CUDA memcpy Host-to-Device]
7177103274,14976,182206,,,,,,,,,,1.547,103272.724,Device,,NVIDIA A100-SXM4-40GB MIG 4g.20gb (0),1,,13,[CUDA memset]
7177119658,4032,182211,,,,,,,,,,0.031,7761.877,Pinned,Device,NVIDIA A100-SXM4-40GB MIG 4g.20gb (0),1,,13,[CUDA memcpy Host-to-Device]
7177128202,13279,182212,,,,,,,,,,0.197,14805.762,Pinned,Device,NVIDIA A100-SXM4-40GB MIG 4g.20gb (0),1,,13,[CUDA memcpy Host-to-Device]
7177460070,13216,182213,273,1,1,8,4,1,39,0.002,0.000,,,,,NVIDIA A100-SXM4-40GB MIG 4g.20gb (0),1,,13,"void channel_eq::eqMmseCoefCompLowMimoKernel<float, float, float, (unsigned int)4, (unsigned int)1, (unsigned int)4>(const channel_eq::_puschRxChEqStatDescr *, channel_eq::_puschRxChEqCoefCompDynDescr)"
7178047711,14144,182214,273,1,1,12,11,1,51,0.002,0.000,,,,,NVIDIA A100-SXM4-40GB MIG 4g.20gb (0),1,,13,"void channel_eq::eqMmseSoftDemapKernel<float, __half, __half, float, (unsigned int)4, (unsigned short)16383>(channel_eq::_puschRxChEqStatDescr *, channel_eq::_puschRxChEqSoftDemapDynDescr)"
7178387931,570394,182215,1,1,1,32,32,1,30,0.000,0.000,,,,,NVIDIA A100-SXM4-40GB MIG 4g.20gb (0),1,,13,"void convert_kernel<float2, __half2>(tensor_layout_any, T1 *, tensor_layout_any, const T2 *)"
7179157139,17823,182227,2253,1,1,128,1,1,16,0.000,0.000,,,,,NVIDIA A100-SXM4-40GB MIG 4g.20gb (0),1,,13,cupy_copy__float16_float16
7179376304,7040,182236,282,1,1,128,1,1,16,0.000,0.000,,,,,NVIDIA A100-SXM4-40GB MIG 4g.20gb (0),1,,13,cupy_copy__complex64_complex64
7179746508,3520,182245,26,1,1,128,1,1,16,0.000,0.000,,,,,NVIDIA A100-SXM4-40GB MIG 4g.20gb (0),1,,13,cupy_copy__float32_float32
7180199431,8448,182254,103,1,1,128,1,1,16,0.000,0.000,,,,,NVIDIA A100-SXM4-40GB MIG 4g.20gb (0),1,,13,cupy_copy__complex64_complex64
7180929118,33632,182264,1434,1,1,128,1,1,16,0.000,0.000,,,,,NVIDIA A100-SXM4-40GB MIG 4g.20gb (0),1,,13,cupy_copy__complex64_complex64
7181742549,278077,182269,1,1,1,32,32,1,30,0.000,0.000,,,,,NVIDIA A100-SXM4-40GB MIG 4g.20gb (0),1,,13,"void convert_kernel<__half2, float2>(tensor_layout_any, T1 *, tensor_layout_any, const T2 *)"
7182050194,5568,182272,,,,,,,,,,0.094,16827.521,Pinned,Device,NVIDIA A100-SXM4-40GB MIG 4g.20gb (0),1,,13,[CUDA memcpy Host-to-Device]
7182911464,619065,182273,,,,,,,,,,456.561,737346.726,Device,,NVIDIA A100-SXM4-40GB MIG 4g.20gb (0),1,,13,[CUDA memset]
7183531393,65951,182278,,,,,,,,,,1.235,18724.221,Pinned,Device,NVIDIA A100-SXM4-40GB MIG 4g.20gb (0),1,,13,[CUDA memcpy Host-to-Device]
7183600064,14432,182279,,,,,,,,,,0.197,13622.968,Pinned,Device,NVIDIA A100-SXM4-40GB MIG 4g.20gb (0),1,,13,[CUDA memcpy Host-to-Device]
7184393623,13888,182280,69,4,1,48,1,1,76,0.002,0.000,,,,,NVIDIA A100-SXM4-40GB MIG 4g.20gb (0),1,,13,"void ch_est::windowedChEstPreNoDftSOfdmKernel<float, __half, float, (unsigned int)2, (unsigned int)1, (unsigned short)4>(ch_est::puschRxChEstStatDescr_t *, ch_est::puschRxChEstDynDescr_t *)"
7185266093,13184,182281,137,2,1,24,2,1,44,0.001,0.001,,,,,NVIDIA A100-SXM4-40GB MIG 4g.20gb (0),1,,13,"void ch_est::chEstFilterNoDftSOfdmDispatchKernel<float, __half, float, (unsigned int)2>(ch_est::puschRxChEstStatDescr_t *, ch_est::puschRxChEstDynDescr_t *)"
7186142659,11552,182282,137,2,1,24,2,1,44,0.001,0.001,,,,,NVIDIA A100-SXM4-40GB MIG 4g.20gb (0),1,,13,"void ch_est::chEstFilterNoDftSOfdmDispatchKernel<float, __half, float, (unsigned int)2>(ch_est::puschRxChEstStatDescr_t *, ch_est::puschRxChEstDynDescr_t *)"
7186979834,4768,182293,103,1,1,128,1,1,16,0.000,0.000,,,,,NVIDIA A100-SXM4-40GB MIG 4g.20gb (0),1,,13,cupy_copy__complex64_complex64
7187803473,18943,182303,1434,1,1,128,1,1,16,0.000,0.000,,,,,NVIDIA A100-SXM4-40GB MIG 4g.20gb (0),1,,13,cupy_copy__complex64_complex64
7188540072,11264,182310,103,1,1,128,1,1,16,0.000,0.000,,,,,NVIDIA A100-SXM4-40GB MIG 4g.20gb (0),1,,13,cupy_copy__complex64_complex64
7189335135,249790,182317,1,1,1,32,32,1,30,0.000,0.000,,,,,NVIDIA A100-SXM4-40GB MIG 4g.20gb (0),1,,13,"void convert_kernel<__half2, float2>(tensor_layout_any, T1 *, tensor_layout_any, const T2 *)"
7189615420,5504,182320,,,,,,,,,,0.094,17023.251,Pinned,Device,NVIDIA A100-SXM4-40GB MIG 4g.20gb (0),1,,13,[CUDA memcpy Host-to-Device]
7189887865,54463,182321,,,,,,,,,,35.810,657505.941,Device,,NVIDIA A100-SXM4-40GB MIG 4g.20gb (0),1,,13,[CUDA memset]
7189947320,2816,182323,,,,,,,,,,0.000,28.409,Pinned,Device,NVIDIA A100-SXM4-40GB MIG 4g.20gb (0),1,,13,[CUDA memcpy Host-to-Device]
7189952792,9408,182324,,,,,,,,,,0.197,20897.858,Pinned,Device,NVIDIA A100-SXM4-40GB MIG 4g.20gb (0),1,,13,[CUDA memcpy Host-to-Device]
7190250197,17184,182325,273,1,1,48,1,1,40,0.000,0.001,,,,,NVIDIA A100-SXM4-40GB MIG 4g.20gb (0),1,,13,"void pusch_noise_intf_est::noiseIntfEstNoDftSOfdmKernel<float, __half, float, float, (unsigned int)2, (unsigned int)1, (unsigned char)4, (unsigned char)4>(pusch_noise_intf_est::puschRxNoiseIntfEstDynDescr)"
7190544850,10112,182336,35,1,1,128,1,1,16,0.000,0.000,,,,,NVIDIA A100-SXM4-40GB MIG 4g.20gb (0),1,,13,cupy_copy__complex64_complex64
7190792399,3488,182345,1,1,1,1,1,1,18,0.000,0.000,,,,,NVIDIA A100-SXM4-40GB MIG 4g.20gb (0),1,,13,cupy_copy__float32_float32
7190801327,1696,182351,,,,,,,,,,0.000,2.358,Device,Pageable,NVIDIA A100-SXM4-40GB MIG 4g.20gb (0),1,,7,[CUDA memcpy Device-to-Host]
7191202026,17984,182362,1434,1,1,128,1,1,16,0.000,0.000,,,,,NVIDIA A100-SXM4-40GB MIG 4g.20gb (0),1,,13,cupy_copy__complex64_complex64
7191617925,6624,182369,103,1,1,128,1,1,16,0.000,0.000,,,,,NVIDIA A100-SXM4-40GB MIG 4g.20gb (0),1,,13,cupy_copy__complex64_complex64
7192098304,6464,182376,35,1,1,128,1,1,16,0.000,0.000,,,,,NVIDIA A100-SXM4-40GB MIG 4g.20gb (0),1,,13,cupy_copy__complex64_complex64
7192662458,3104,182383,1,1,1,1,1,1,18,0.000,0.000,,,,,NVIDIA A100-SXM4-40GB MIG 4g.20gb (0),1,,13,cupy_copy__float32_float32
7193328178,246941,182394,1,1,1,32,32,1,30,0.000,0.000,,,,,NVIDIA A100-SXM4-40GB MIG 4g.20gb (0),1,,13,"void convert_kernel<__half2, float2>(tensor_layout_any, T1 *, tensor_layout_any, const T2 *)"
7193607055,9920,182397,,,,,,,,,,0.094,9445.119,Pinned,Device,NVIDIA A100-SXM4-40GB MIG 4g.20gb (0),1,,13,[CUDA memcpy Host-to-Device]
7194239368,5760,182398,,,,,,,,,,1.547,268510.939,Device,,NVIDIA A100-SXM4-40GB MIG 4g.20gb (0),1,,13,[CUDA memset]
7194253192,6912,182403,,,,,,,,,,0.031,4527.749,Pinned,Device,NVIDIA A100-SXM4-40GB MIG 4g.20gb (0),1,,13,[CUDA memcpy Host-to-Device]
7194263176,10879,182404,,,,,,,,,,0.197,18072.207,Pinned,Device,NVIDIA A100-SXM4-40GB MIG 4g.20gb (0),1,,13,[CUDA memcpy Host-to-Device]
7194940768,11072,182405,273,1,1,8,4,1,39,0.002,0.000,,,,,NVIDIA A100-SXM4-40GB MIG 4g.20gb (0),1,,13,"void channel_eq::eqMmseCoefCompLowMimoKernel<float, float, float, (unsigned int)4, (unsigned int)1, (unsigned int)4>(const channel_eq::_puschRxChEqStatDescr *, channel_eq::_puschRxChEqCoefCompDynDescr)"
7195592312,23520,182406,273,1,1,12,11,1,51,0.002,0.000,,,,,NVIDIA A100-SXM4-40GB MIG 4g.20gb (0),1,,13,"void channel_eq::eqMmseSoftDemapKernel<float, __half, __half, float, (unsigned int)4, (unsigned short)16383>(channel_eq::_puschRxChEqStatDescr *, channel_eq::_puschRxChEqSoftDemapDynDescr)"
7196156466,669625,182407,1,1,1,32,32,1,30,0.000,0.000,,,,,NVIDIA A100-SXM4-40GB MIG 4g.20gb (0),1,,13,"void convert_kernel<float2, __half2>(tensor_layout_any, T1 *, tensor_layout_any, const T2 *)"
7197370244,15360,182419,2253,1,1,128,1,1,16,0.000,0.000,,,,,NVIDIA A100-SXM4-40GB MIG 4g.20gb (0),1,,13,cupy_copy__float16_float16
7197972830,4895,182428,282,1,1,128,1,1,16,0.000,0.000,,,,,NVIDIA A100-SXM4-40GB MIG 4g.20gb (0),1,,13,cupy_copy__complex64_complex64
7198322202,3584,182437,26,1,1,128,1,1,16,0.000,0.000,,,,,NVIDIA A100-SXM4-40GB MIG 4g.20gb (0),1,,13,cupy_copy__float32_float32
7198865779,16384,182446,103,1,1,128,1,1,16,0.000,0.000,,,,,NVIDIA A100-SXM4-40GB MIG 4g.20gb (0),1,,13,cupy_copy__complex64_complex64
7199070929,15424,182456,1434,1,1,128,1,1,16,0.000,0.000,,,,,NVIDIA A100-SXM4-40GB MIG 4g.20gb (0),1,,13,cupy_copy__complex64_complex64
7199421421,225918,182461,1,1,1,32,32,1,30,0.000,0.000,,,,,NVIDIA A100-SXM4-40GB MIG 4g.20gb (0),1,,13,"void convert_kernel<__half2, float2>(tensor_layout_any, T1 *, tensor_layout_any, const T2 *)"
7199678250,5408,182464,,,,,,,,,,0.094,17325.421,Pinned,Device,NVIDIA A100-SXM4-40GB MIG 4g.20gb (0),1,,13,[CUDA memcpy Host-to-Device]
7199977511,617849,182465,,,,,,,,,,456.561,738716.410,Device,,NVIDIA A100-SXM4-40GB MIG 4g.20gb (0),1,,13,[CUDA memset]
7200597024,58175,182470,,,,,,,,,,1.235,21227.452,Pinned,Device,NVIDIA A100-SXM4-40GB MIG 4g.20gb (0),1,,13,[CUDA memcpy Host-to-Device]
7200657631,10816,182471,,,,,,,,,,0.197,18177.393,Pinned,Device,NVIDIA A100-SXM4-40GB MIG 4g.20gb (0),1,,13,[CUDA memcpy Host-to-Device]
7201066395,11647,182472,69,4,1,48,1,1,76,0.002,0.000,,,,,NVIDIA A100-SXM4-40GB MIG 4g.20gb (0),1,,13,"void ch_est::windowedChEstPreNoDftSOfdmKernel<float, __half, float, (unsigned int)2, (unsigned int)1, (unsigned short)4>(ch_est::puschRxChEstStatDescr_t *, ch_est::puschRxChEstDynDescr_t *)"
7201511861,8736,182473,137,2,1,24,2,1,44,0.001,0.001,,,,,NVIDIA A100-SXM4-40GB MIG 4g.20gb (0),1,,13,"void ch_est::chEstFilterNoDftSOfdmDispatchKernel<float, __half, float, (unsigned int)2>(ch_est::puschRxChEstStatDescr_t *, ch_est::puschRxChEstDynDescr_t *)"
7201849490,23423,182474,137,2,1,24,2,1,44,0.001,0.001,,,,,NVIDIA A100-SXM4-40GB MIG 4g.20gb (0),1,,13,"void ch_est::chEstFilterNoDftSOfdmDispatchKernel<float, __half, float, (unsigned int)2>(ch_est::puschRxChEstStatDescr_t *, ch_est::puschRxChEstDynDescr_t *)"
7202249485,5600,182485,103,1,1,128,1,1,16,0.000,0.000,,,,,NVIDIA A100-SXM4-40GB MIG 4g.20gb (0),1,,13,cupy_copy__complex64_complex64
7202735624,16479,182495,1434,1,1,128,1,1,16,0.000,0.000,,,,,NVIDIA A100-SXM4-40GB MIG 4g.20gb (0),1,,13,cupy_copy__complex64_complex64
7203327745,4736,182502,103,1,1,128,1,1,16,0.000,0.000,,,,,NVIDIA A100-SXM4-40GB MIG 4g.20gb (0),1,,13,cupy_copy__complex64_complex64
7203915034,265213,182509,1,1,1,32,32,1,30,0.000,0.000,,,,,NVIDIA A100-SXM4-40GB MIG 4g.20gb (0),1,,13,"void convert_kernel<__half2, float2>(tensor_layout_any, T1 *, tensor_layout_any, const T2 *)"
7204213431,9984,182512,,,,,,,,,,0.094,9384.591,Pinned,Device,NVIDIA A100-SXM4-40GB MIG 4g.20gb (0),1,,13,[CUDA memcpy Host-to-Device]
7204782128,54912,182513,,,,,,,,,,35.810,652098.643,Device,,NVIDIA A100-SXM4-40GB MIG 4g.20gb (0),1,,13,[CUDA memset]
7204843504,3072,182515,,,,,,,,,,0.000,26.042,Pinned,Device,NVIDIA A100-SXM4-40GB MIG 4g.20gb (0),1,,13,[CUDA memcpy Host-to-Device]
7204851920,13248,182516,,,,,,,,,,0.197,14840.562,Pinned,Device,NVIDIA A100-SXM4-40GB MIG 4g.20gb (0),1,,13,[CUDA memcpy Host-to-Device]
7205421417,15968,182517,273,1,1,48,1,1,40,0.000,0.001,,,,,NVIDIA A100-SXM4-40GB MIG 4g.20gb (0),1,,13,"void pusch_noise_intf_est::noiseIntfEstNoDftSOfdmKernel<float, __half, float, float, (unsigned int)2, (unsigned int)1, (unsigned char)4, (unsigned char)4>(pusch_noise_intf_est::puschRxNoiseIntfEstDynDescr)"
7206006307,4608,182528,35,1,1,128,1,1,16,0.000,0.000,,,,,NVIDIA A100-SXM4-40GB MIG 4g.20gb (0),1,,13,cupy_copy__complex64_complex64
7206546876,4768,182537,1,1,1,1,1,1,18,0.000,0.000,,,,,NVIDIA A100-SXM4-40GB MIG 4g.20gb (0),1,,13,cupy_copy__float32_float32
7206555420,1568,182543,,,,,,,,,,0.000,2.551,Device,Pageable,NVIDIA A100-SXM4-40GB MIG 4g.20gb (0),1,,7,[CUDA memcpy Device-to-Host]
7207037079,16992,182554,1434,1,1,128,1,1,16,0.000,0.000,,,,,NVIDIA A100-SXM4-40GB MIG 4g.20gb (0),1,,13,cupy_copy__complex64_complex64
7207450674,16448,182561,103,1,1,128,1,1,16,0.000,0.000,,,,,NVIDIA A100-SXM4-40GB MIG 4g.20gb (0),1,,13,cupy_copy__complex64_complex64
7207760111,10848,182568,35,1,1,128,1,1,16,0.000,0.000,,,,,NVIDIA A100-SXM4-40GB MIG 4g.20gb (0),1,,13,cupy_copy__complex64_complex64
7208110763,3296,182575,1,1,1,1,1,1,18,0.000,0.000,,,,,NVIDIA A100-SXM4-40GB MIG 4g.20gb (0),1,,13,cupy_copy__float32_float32
7208409511,229374,182586,1,1,1,32,32,1,30,0.000,0.000,,,,,NVIDIA A100-SXM4-40GB MIG 4g.20gb (0),1,,13,"void convert_kernel<__half2, float2>(tensor_layout_any, T1 *, tensor_layout_any, const T2 *)"
7208680484,7616,182589,,,,,,,,,,0.094,12302.472,Pinned,Device,NVIDIA A100-SXM4-40GB MIG 4g.20gb (0),1,,13,[CUDA memcpy Host-to-Device]
7208949697,5792,182590,,,,,,,,,,1.547,267026.180,Device,,NVIDIA A100-SXM4-40GB MIG 4g.20gb (0),1,,13,[CUDA memset]
7208959073,3648,182595,,,,,,,,,,0.031,8578.922,Pinned,Device,NVIDIA A100-SXM4-40GB MIG 4g.20gb (0),1,,13,[CUDA memcpy Host-to-Device]
7208968801,9952,182596,,,,,,,,,,0.197,19755.565,Pinned,Device,NVIDIA A100-SXM4-40GB MIG 4g.20gb (0),1,,13,[CUDA memcpy Host-to-Device]
7209354653,19519,182597,273,1,1,8,4,1,39,0.002,0.000,,,,,NVIDIA A100-SXM4-40GB MIG 4g.20gb (0),1,,13,"void channel_eq::eqMmseCoefCompLowMimoKernel<float, float, float, (unsigned int)4, (unsigned int)1, (unsigned int)4>(const channel_eq::_puschRxChEqStatDescr *, channel_eq::_puschRxChEqCoefCompDynDescr)"
7209810328,12319,182598,273,1,1,12,11,1,51,0.002,0.000,,,,,NVIDIA A100-SXM4-40GB MIG 4g.20gb (0),1,,13,"void channel_eq::eqMmseSoftDemapKernel<float, __half, __half, float, (unsigned int)4, (unsigned short)16383>(channel_eq::_puschRxChEqStatDescr *, channel_eq::_puschRxChEqSoftDemapDynDescr)"
7210265586,688729,182599,1,1,1,32,32,1,30,0.000,0.000,,,,,NVIDIA A100-SXM4-40GB MIG 4g.20gb (0),1,,13,"void convert_kernel<float2, __half2>(tensor_layout_any, T1 *, tensor_layout_any, const T2 *)"
7211319558,15584,182611,2253,1,1,128,1,1,16,0.000,0.000,,,,,NVIDIA A100-SXM4-40GB MIG 4g.20gb (0),1,,13,cupy_copy__float16_float16
7211779553,5152,182620,282,1,1,128,1,1,16,0.000,0.000,,,,,NVIDIA A100-SXM4-40GB MIG 4g.20gb (0),1,,13,cupy_copy__complex64_complex64
7212228252,4800,182629,26,1,1,128,1,1,16,0.000,0.000,,,,,NVIDIA A100-SXM4-40GB MIG 4g.20gb (0),1,,13,cupy_copy__float32_float32
7212643703,16672,182638,103,1,1,128,1,1,16,0.000,0.000,,,,,NVIDIA A100-SXM4-40GB MIG 4g.20gb (0),1,,13,cupy_copy__complex64_complex64
7212961012,16928,182648,1434,1,1,128,1,1,16,0.000,0.000,,,,,NVIDIA A100-SXM4-40GB MIG 4g.20gb (0),1,,13,cupy_copy__complex64_complex64
7213378479,249757,182653,1,1,1,32,32,1,30,0.000,0.000,,,,,NVIDIA A100-SXM4-40GB MIG 4g.20gb (0),1,,13,"void convert_kernel<__half2, float2>(tensor_layout_any, T1 *, tensor_layout_any, const T2 *)"
7213663788,8768,182656,,,,,,,,,,0.094,10686.122,Pinned,Device,NVIDIA A100-SXM4-40GB MIG 4g.20gb (0),1,,13,[CUDA memcpy Host-to-Device]
7214096359,623481,182657,,,,,,,,,,456.561,731867.988,Device,,NVIDIA A100-SXM4-40GB MIG 4g.20gb (0),1,,13,[CUDA memset]
7214724224,56703,182662,,,,,,,,,,1.235,21778.237,Pinned,Device,NVIDIA A100-SXM4-40GB MIG 4g.20gb (0),1,,13,[CUDA memcpy Host-to-Device]
7214783455,13088,182663,,,,,,,,,,0.197,15021.834,Pinned,Device,NVIDIA A100-SXM4-40GB MIG 4g.20gb (0),1,,13,[CUDA memcpy Host-to-Device]
7215062108,15744,182664,69,4,1,48,1,1,76,0.002,0.000,,,,,NVIDIA A100-SXM4-40GB MIG 4g.20gb (0),1,,13,"void ch_est::windowedChEstPreNoDftSOfdmKernel<float, __half, float, (unsigned int)2, (unsigned int)1, (unsigned short)4>(ch_est::puschRxChEstStatDescr_t *, ch_est::puschRxChEstDynDescr_t *)"
7215270810,7168,182665,137,2,1,24,2,1,44,0.001,0.001,,,,,NVIDIA A100-SXM4-40GB MIG 4g.20gb (0),1,,13,"void ch_est::chEstFilterNoDftSOfdmDispatchKernel<float, __half, float, (unsigned int)2>(ch_est::puschRxChEstStatDescr_t *, ch_est::puschRxChEstDynDescr_t *)"
7215598774,17344,182666,137,2,1,24,2,1,44,0.001,0.001,,,,,NVIDIA A100-SXM4-40GB MIG 4g.20gb (0),1,,13,"void ch_est::chEstFilterNoDftSOfdmDispatchKernel<float, __half, float, (unsigned int)2>(ch_est::puschRxChEstStatDescr_t *, ch_est::puschRxChEstDynDescr_t *)"
7215943986,5792,182677,103,1,1,128,1,1,16,0.000,0.000,,,,,NVIDIA A100-SXM4-40GB MIG 4g.20gb (0),1,,13,cupy_copy__complex64_complex64
7216203567,16864,182687,1434,1,1,128,1,1,16,0.000,0.000,,,,,NVIDIA A100-SXM4-40GB MIG 4g.20gb (0),1,,13,cupy_copy__complex64_complex64
7216757065,5632,182694,103,1,1,128,1,1,16,0.000,0.000,,,,,NVIDIA A100-SXM4-40GB MIG 4g.20gb (0),1,,13,cupy_copy__complex64_complex64
7217272547,261405,182701,1,1,1,32,32,1,30,0.000,0.000,,,,,NVIDIA A100-SXM4-40GB MIG 4g.20gb (0),1,,13,"void convert_kernel<__half2, float2>(tensor_layout_any, T1 *, tensor_layout_any, const T2 *)"
7217567776,5760,182704,,,,,,,,,,0.094,16266.656,Pinned,Device,NVIDIA A100-SXM4-40GB MIG 4g.20gb (0),1,,13,[CUDA memcpy Host-to-Device]
7217961147,73023,182705,,,,,,,,,,35.810,490381.044,Device,,NVIDIA A100-SXM4-40GB MIG 4g.20gb (0),1,,13,[CUDA memset]
7218039706,4192,182707,,,,,,,,,,0.000,19.084,Pinned,Device,NVIDIA A100-SXM4-40GB MIG 4g.20gb (0),1,,13,[CUDA memcpy Host-to-Device]
7218050010,9696,182708,,,,,,,,,,0.197,20277.166,Pinned,Device,NVIDIA A100-SXM4-40GB MIG 4g.20gb (0),1,,13,[CUDA memcpy Host-to-Device]
7218622260,27903,182709,273,1,1,48,1,1,40,0.000,0.001,,,,,NVIDIA A100-SXM4-40GB MIG 4g.20gb (0),1,,13,"void pusch_noise_intf_est::noiseIntfEstNoDftSOfdmKernel<float, __half, float, float, (unsigned int)2, (unsigned int)1, (unsigned char)4, (unsigned char)4>(pusch_noise_intf_est::puschRxNoiseIntfEstDynDescr)"
7219128846,8000,182720,35,1,1,128,1,1,16,0.000,0.000,,,,,NVIDIA A100-SXM4-40GB MIG 4g.20gb (0),1,,13,cupy_copy__complex64_complex64
7219690280,3168,182729,1,1,1,1,1,1,18,0.000,0.000,,,,,NVIDIA A100-SXM4-40GB MIG 4g.20gb (0),1,,13,cupy_copy__float32_float32
7219704424,2560,182735,,,,,,,,,,0.000,1.562,Device,Pageable,NVIDIA A100-SXM4-40GB MIG 4g.20gb (0),1,,7,[CUDA memcpy Device-to-Host]
7220328224,17344,182746,1434,1,1,128,1,1,16,0.000,0.000,,,,,NVIDIA A100-SXM4-40GB MIG 4g.20gb (0),1,,13,cupy_copy__complex64_complex64
7220762172,5984,182753,103,1,1,128,1,1,16,0.000,0.000,,,,,NVIDIA A100-SXM4-40GB MIG 4g.20gb (0),1,,13,cupy_copy__complex64_complex64
7221260374,9024,182760,35,1,1,128,1,1,16,0.000,0.000,,,,,NVIDIA A100-SXM4-40GB MIG 4g.20gb (0),1,,13,cupy_copy__complex64_complex64
7221757296,3488,182767,1,1,1,1,1,1,18,0.000,0.000,,,,,NVIDIA A100-SXM4-40GB MIG 4g.20gb (0),1,,13,cupy_copy__float32_float32
7222225451,236093,182778,1,1,1,32,32,1,30,0.000,0.000,,,,,NVIDIA A100-SXM4-40GB MIG 4g.20gb (0),1,,13,"void convert_kernel<__half2, float2>(tensor_layout_any, T1 *, tensor_layout_any, const T2 *)"
7222493512,5856,182781,,,,,,,,,,0.094,15999.997,Pinned,Device,NVIDIA A100-SXM4-40GB MIG 4g.20gb (0),1,,13,[CUDA memcpy Host-to-Device]
7222725445,14016,182782,,,,,,,,,,1.547,110346.983,Device,,NVIDIA A100-SXM4-40GB MIG 4g.20gb (0),1,,13,[CUDA memset]
7222743621,3264,182787,,,,,,,,,,0.031,9588.218,Pinned,Device,NVIDIA A100-SXM4-40GB MIG 4g.20gb (0),1,,13,[CUDA memcpy Host-to-Device]
7222749349,9664,182788,,,,,,,,,,0.197,20344.209,Pinned,Device,NVIDIA A100-SXM4-40GB MIG 4g.20gb (0),1,,13,[CUDA memcpy Host-to-Device]
7222999298,25312,182789,273,1,1,8,4,1,39,0.002,0.000,,,,,NVIDIA A100-SXM4-40GB MIG 4g.20gb (0),1,,13,"void channel_eq::eqMmseCoefCompLowMimoKernel<float, float, float, (unsigned int)4, (unsigned int)1, (unsigned int)4>(const channel_eq::_puschRxChEqStatDescr *, channel_eq::_puschRxChEqCoefCompDynDescr)"
7223139713,29599,182790,273,1,1,12,11,1,51,0.002,0.000,,,,,NVIDIA A100-SXM4-40GB MIG 4g.20gb (0),1,,13,"void channel_eq::eqMmseSoftDemapKernel<float, __half, __half, float, (unsigned int)4, (unsigned short)16383>(channel_eq::_puschRxChEqStatDescr *, channel_eq::_puschRxChEqSoftDemapDynDescr)"
7223352478,636953,182791,1,1,1,32,32,1,30,0.000,0.000,,,,,NVIDIA A100-SXM4-40GB MIG 4g.20gb (0),1,,13,"void convert_kernel<float2, __half2>(tensor_layout_any, T1 *, tensor_layout_any, const T2 *)"
7224495409,13472,182803,2253,1,1,128,1,1,16,0.000,0.000,,,,,NVIDIA A100-SXM4-40GB MIG 4g.20gb (0),1,,13,cupy_copy__float16_float16
7225081067,5248,182812,282,1,1,128,1,1,16,0.000,0.000,,,,,NVIDIA A100-SXM4-40GB MIG 4g.20gb (0),1,,13,cupy_copy__complex64_complex64
7225618053,3744,182821,26,1,1,128,1,1,16,0.000,0.000,,,,,NVIDIA A100-SXM4-40GB MIG 4g.20gb (0),1,,13,cupy_copy__float32_float32
7226124191,16288,182830,103,1,1,128,1,1,16,0.000,0.000,,,,,NVIDIA A100-SXM4-40GB MIG 4g.20gb (0),1,,13,cupy_copy__complex64_complex64
7226696408,16192,182846,1434,1,1,128,1,1,16,0.000,0.000,,,,,NVIDIA A100-SXM4-40GB MIG 4g.20gb (0),1,,13,cupy_copy__complex64_complex64
7227212083,276156,182851,1,1,1,32,32,1,30,0.000,0.000,,,,,NVIDIA A100-SXM4-40GB MIG 4g.20gb (0),1,,13,"void convert_kernel<__half2, float2>(tensor_layout_any, T1 *, tensor_layout_any, const T2 *)"
7227518159,7840,182854,,,,,,,,,,0.094,11951.018,Pinned,Device,NVIDIA A100-SXM4-40GB MIG 4g.20gb (0),1,,13,[CUDA memcpy Host-to-Device]
7227861195,631929,182855,,,,,,,,,,456.561,722280.198,Device,,NVIDIA A100-SXM4-40GB MIG 4g.20gb (0),1,,13,[CUDA memset]
7228496420,55295,182860,,,,,,,,,,1.235,22332.727,Pinned,Device,NVIDIA A100-SXM4-40GB MIG 4g.20gb (0),1,,13,[CUDA memcpy Host-to-Device]
7228555171,12864,182861,,,,,,,,,,0.197,15283.519,Pinned,Device,NVIDIA A100-SXM4-40GB MIG 4g.20gb (0),1,,13,[CUDA memcpy Host-to-Device]
7229095613,12576,182862,69,4,1,48,1,1,76,0.002,0.000,,,,,NVIDIA A100-SXM4-40GB MIG 4g.20gb (0),1,,13,"void ch_est::windowedChEstPreNoDftSOfdmKernel<float, __half, float, (unsigned int)2, (unsigned int)1, (unsigned short)4>(ch_est::puschRxChEstStatDescr_t *, ch_est::puschRxChEstDynDescr_t *)"
7229670615,9024,182863,137,2,1,24,2,1,44,0.001,0.001,,,,,NVIDIA A100-SXM4-40GB MIG 4g.20gb (0),1,,13,"void ch_est::chEstFilterNoDftSOfdmDispatchKernel<float, __half, float, (unsigned int)2>(ch_est::puschRxChEstStatDescr_t *, ch_est::puschRxChEstDynDescr_t *)"
7230249968,8448,182864,137,2,1,24,2,1,44,0.001,0.001,,,,,NVIDIA A100-SXM4-40GB MIG 4g.20gb (0),1,,13,"void ch_est::chEstFilterNoDftSOfdmDispatchKernel<float, __half, float, (unsigned int)2>(ch_est::puschRxChEstStatDescr_t *, ch_est::puschRxChEstDynDescr_t *)"
7230633772,4992,182875,103,1,1,128,1,1,16,0.000,0.000,,,,,NVIDIA A100-SXM4-40GB MIG 4g.20gb (0),1,,13,cupy_copy__complex64_complex64
7230908841,15584,182885,1434,1,1,128,1,1,16,0.000,0.000,,,,,NVIDIA A100-SXM4-40GB MIG 4g.20gb (0),1,,13,cupy_copy__complex64_complex64
7231195941,4192,182892,103,1,1,128,1,1,16,0.000,0.000,,,,,NVIDIA A100-SXM4-40GB MIG 4g.20gb (0),1,,13,cupy_copy__complex64_complex64
7231467074,238462,182899,1,1,1,32,32,1,30,0.000,0.000,,,,,NVIDIA A100-SXM4-40GB MIG 4g.20gb (0),1,,13,"void convert_kernel<__half2, float2>(tensor_layout_any, T1 *, tensor_layout_any, const T2 *)"
7231735679,5984,182902,,,,,,,,,,0.094,15657.726,Pinned,Device,NVIDIA A100-SXM4-40GB MIG 4g.20gb (0),1,,13,[CUDA memcpy Host-to-Device]
7232006268,54944,182903,,,,,,,,,,35.810,651740.544,Device,,NVIDIA A100-SXM4-40GB MIG 4g.20gb (0),1,,13,[CUDA memset]
7232062780,2496,182905,,,,,,,,,,0.000,32.051,Pinned,Device,NVIDIA A100-SXM4-40GB MIG 4g.20gb (0),1,,13,[CUDA memcpy Host-to-Device]
7232073212,12767,182906,,,,,,,,,,0.197,15399.518,Pinned,Device,NVIDIA A100-SXM4-40GB MIG 4g.20gb (0),1,,13,[CUDA memcpy Host-to-Device]
7232397880,13568,182907,273,1,1,48,1,1,40,0.000,0.001,,,,,NVIDIA A100-SXM4-40GB MIG 4g.20gb (0),1,,13,"void pusch_noise_intf_est::noiseIntfEstNoDftSOfdmKernel<float, __half, float, float, (unsigned int)2, (unsigned int)1, (unsigned char)4, (unsigned char)4>(pusch_noise_intf_est::puschRxNoiseIntfEstDynDescr)"
7233045137,7263,182918,35,1,1,128,1,1,16,0.000,0.000,,,,,NVIDIA A100-SXM4-40GB MIG 4g.20gb (0),1,,13,cupy_copy__complex64_complex64
7233753417,2943,182927,1,1,1,1,1,1,18,0.000,0.000,,,,,NVIDIA A100-SXM4-40GB MIG 4g.20gb (0),1,,13,cupy_copy__float32_float32
7233761768,2944,182933,,,,,,,,,,0.000,1.359,Device,Pageable,NVIDIA A100-SXM4-40GB MIG 4g.20gb (0),1,,7,[CUDA memcpy Device-to-Host]
7234456129,16447,182944,1434,1,1,128,1,1,16,0.000,0.000,,,,,NVIDIA A100-SXM4-40GB MIG 4g.20gb (0),1,,13,cupy_copy__complex64_complex64
7235159833,4192,182951,103,1,1,128,1,1,16,0.000,0.000,,,,,NVIDIA A100-SXM4-40GB MIG 4g.20gb (0),1,,13,cupy_copy__complex64_complex64
7235852721,4384,182958,35,1,1,128,1,1,16,0.000,0.000,,,,,NVIDIA A100-SXM4-40GB MIG 4g.20gb (0),1,,13,cupy_copy__complex64_complex64
7236515849,5472,182965,1,1,1,1,1,1,18,0.000,0.000,,,,,NVIDIA A100-SXM4-40GB MIG 4g.20gb (0),1,,13,cupy_copy__float32_float32
7237097827,245565,182976,1,1,1,32,32,1,30,0.000,0.000,,,,,NVIDIA A100-SXM4-40GB MIG 4g.20gb (0),1,,13,"void convert_kernel<__half2, float2>(tensor_layout_any, T1 *, tensor_layout_any, const T2 *)"
7237376799,11040,182979,,,,,,,,,,0.094,8486.890,Pinned,Device,NVIDIA A100-SXM4-40GB MIG 4g.20gb (0),1,,13,[CUDA memcpy Host-to-Device]
7237934873,4576,182980,,,,,,,,,,1.547,337985.289,Device,,NVIDIA A100-SXM4-40GB MIG 4g.20gb (0),1,,13,[CUDA memset]
7237944825,3808,182985,,,,,,,,,,0.031,8218.486,Pinned,Device,NVIDIA A100-SXM4-40GB MIG 4g.20gb (0),1,,13,[CUDA memcpy Host-to-Device]
7237953945,13344,182986,,,,,,,,,,0.197,14733.804,Pinned,Device,NVIDIA A100-SXM4-40GB MIG 4g.20gb (0),1,,13,[CUDA memcpy Host-to-Device]
7238636785,9216,182987,273,1,1,8,4,1,39,0.002,0.000,,,,,NVIDIA A100-SXM4-40GB MIG 4g.20gb (0),1,,13,"void channel_eq::eqMmseCoefCompLowMimoKernel<float, float, float, (unsigned int)4, (unsigned int)1, (unsigned int)4>(const channel_eq::_puschRxChEqStatDescr *, channel_eq::_puschRxChEqCoefCompDynDescr)"
7239326185,12128,182988,273,1,1,12,11,1,51,0.002,0.000,,,,,NVIDIA A100-SXM4-40GB MIG 4g.20gb (0),1,,13,"void channel_eq::eqMmseSoftDemapKernel<float, __half, __half, float, (unsigned int)4, (unsigned short)16383>(channel_eq::_puschRxChEqStatDescr *, channel_eq::_puschRxChEqSoftDemapDynDescr)"
7239721861,637081,182989,1,1,1,32,32,1,30,0.000,0.000,,,,,NVIDIA A100-SXM4-40GB MIG 4g.20gb (0),1,,13,"void convert_kernel<float2, __half2>(tensor_layout_any, T1 *, tensor_layout_any, const T2 *)"
7240529404,12192,183001,2253,1,1,128,1,1,16,0.000,0.000,,,,,NVIDIA A100-SXM4-40GB MIG 4g.20gb (0),1,,13,cupy_copy__float16_float16
7240812377,7296,183010,282,1,1,128,1,1,16,0.000,0.000,,,,,NVIDIA A100-SXM4-40GB MIG 4g.20gb (0),1,,13,cupy_copy__complex64_complex64
7241115765,5888,183019,26,1,1,128,1,1,16,0.000,0.000,,,,,NVIDIA A100-SXM4-40GB MIG 4g.20gb (0),1,,13,cupy_copy__float32_float32
7241718990,7392,183028,103,1,1,128,1,1,16,0.000,0.000,,,,,NVIDIA A100-SXM4-40GB MIG 4g.20gb (0),1,,13,cupy_copy__complex64_complex64
7242440134,15712,183038,1434,1,1,128,1,1,16,0.000,0.000,,,,,NVIDIA A100-SXM4-40GB MIG 4g.20gb (0),1,,13,cupy_copy__complex64_complex64
7243254461,281469,183043,1,1,1,32,32,1,30,0.000,0.000,,,,,NVIDIA A100-SXM4-40GB MIG 4g.20gb (0),1,,13,"void convert_kernel<__half2, float2>(tensor_layout_any, T1 *, tensor_layout_any, const T2 *)"
7243565433,6240,183046,,,,,,,,,,0.094,15015.346,Pinned,Device,NVIDIA A100-SXM4-40GB MIG 4g.20gb (0),1,,13,[CUDA memcpy Host-to-Device]
7244174771,609529,183047,,,,,,,,,,456.561,748760.762,Device,,NVIDIA A100-SXM4-40GB MIG 4g.20gb (0),1,,13,[CUDA memset]
7244786540,77151,183052,,,,,,,,,,1.235,16006.109,Pinned,Device,NVIDIA A100-SXM4-40GB MIG 4g.20gb (0),1,,13,[CUDA memcpy Host-to-Device]
7244869227,17183,183053,,,,,,,,,,0.197,11441.996,Pinned,Device,NVIDIA A100-SXM4-40GB MIG 4g.20gb (0),1,,13,[CUDA memcpy Host-to-Device]
7245588419,13055,183054,69,4,1,48,1,1,76,0.002,0.000,,,,,NVIDIA A100-SXM4-40GB MIG 4g.20gb (0),1,,13,"void ch_est::windowedChEstPreNoDftSOfdmKernel<float, __half, float, (unsigned int)2, (unsigned int)1, (unsigned short)4>(ch_est::puschRxChEstStatDescr_t *, ch_est::puschRxChEstDynDescr_t *)"
7246394201,8704,183055,137,2,1,24,2,1,44,0.001,0.001,,,,,NVIDIA A100-SXM4-40GB MIG 4g.20gb (0),1,,13,"void ch_est::chEstFilterNoDftSOfdmDispatchKernel<float, __half, float, (unsigned int)2>(ch_est::puschRxChEstStatDescr_t *, ch_est::puschRxChEstDynDescr_t *)"
7247199568,11968,183056,137,2,1,24,2,1,44,0.001,0.001,,,,,NVIDIA A100-SXM4-40GB MIG 4g.20gb (0),1,,13,"void ch_est::chEstFilterNoDftSOfdmDispatchKernel<float, __half, float, (unsigned int)2>(ch_est::puschRxChEstStatDescr_t *, ch_est::puschRxChEstDynDescr_t *)"
7247999463,5088,183067,103,1,1,128,1,1,16,0.000,0.000,,,,,NVIDIA A100-SXM4-40GB MIG 4g.20gb (0),1,,13,cupy_copy__complex64_complex64
7248803390,18688,183077,1434,1,1,128,1,1,16,0.000,0.000,,,,,NVIDIA A100-SXM4-40GB MIG 4g.20gb (0),1,,13,cupy_copy__complex64_complex64
7249617077,4928,183084,103,1,1,128,1,1,16,0.000,0.000,,,,,NVIDIA A100-SXM4-40GB MIG 4g.20gb (0),1,,13,cupy_copy__complex64_complex64
7250029232,264669,183091,1,1,1,32,32,1,30,0.000,0.000,,,,,NVIDIA A100-SXM4-40GB MIG 4g.20gb (0),1,,13,"void convert_kernel<__half2, float2>(tensor_layout_any, T1 *, tensor_layout_any, const T2 *)"
7250323821,6176,183094,,,,,,,,,,0.094,15170.975,Pinned,Device,NVIDIA A100-SXM4-40GB MIG 4g.20gb (0),1,,13,[CUDA memcpy Host-to-Device]
7250602058,53247,183095,,,,,,,,,,35.810,672510.298,Device,,NVIDIA A100-SXM4-40GB MIG 4g.20gb (0),1,,13,[CUDA memset]
7250662857,2272,183097,,,,,,,,,,0.000,35.211,Pinned,Device,NVIDIA A100-SXM4-40GB MIG 4g.20gb (0),1,,13,[CUDA memcpy Host-to-Device]
7250667945,9632,183098,,,,,,,,,,0.197,20411.843,Pinned,Device,NVIDIA A100-SXM4-40GB MIG 4g.20gb (0),1,,13,[CUDA memcpy Host-to-Device]
7250938630,17952,183099,273,1,1,48,1,1,40,0.000,0.001,,,,,NVIDIA A100-SXM4-40GB MIG 4g.20gb (0),1,,13,"void pusch_noise_intf_est::noiseIntfEstNoDftSOfdmKernel<float, __half, float, float, (unsigned int)2, (unsigned int)1, (unsigned char)4, (unsigned char)4>(pusch_noise_intf_est::puschRxNoiseIntfEstDynDescr)"
7251217827,5088,183110,35,1,1,128,1,1,16,0.000,0.000,,,,,NVIDIA A100-SXM4-40GB MIG 4g.20gb (0),1,,13,cupy_copy__complex64_complex64
7251552159,3040,183119,1,1,1,1,1,1,18,0.000,0.000,,,,,NVIDIA A100-SXM4-40GB MIG 4g.20gb (0),1,,13,cupy_copy__float32_float32
7251557631,1888,183125,,,,,,,,,,0.000,2.119,Device,Pageable,NVIDIA A100-SXM4-40GB MIG 4g.20gb (0),1,,7,[CUDA memcpy Device-to-Host]
7252305814,16128,183136,1434,1,1,128,1,1,16,0.000,0.000,,,,,NVIDIA A100-SXM4-40GB MIG 4g.20gb (0),1,,13,cupy_copy__complex64_complex64
7253096590,5247,183143,103,1,1,128,1,1,16,0.000,0.000,,,,,NVIDIA A100-SXM4-40GB MIG 4g.20gb (0),1,,13,cupy_copy__complex64_complex64
7253911844,6592,183150,35,1,1,128,1,1,16,0.000,0.000,,,,,NVIDIA A100-SXM4-40GB MIG 4g.20gb (0),1,,13,cupy_copy__complex64_complex64
7254606588,4224,183157,1,1,1,1,1,1,18,0.000,0.000,,,,,NVIDIA A100-SXM4-40GB MIG 4g.20gb (0),1,,13,cupy_copy__float32_float32
7255002968,266141,183168,1,1,1,32,32,1,30,0.000,0.000,,,,,NVIDIA A100-SXM4-40GB MIG 4g.20gb (0),1,,13,"void convert_kernel<__half2, float2>(tensor_layout_any, T1 *, tensor_layout_any, const T2 *)"
7255299989,6144,183171,,,,,,,,,,0.094,15249.961,Pinned,Device,NVIDIA A100-SXM4-40GB MIG 4g.20gb (0),1,,13,[CUDA memcpy Host-to-Device]
7255848622,7296,183172,,,,,,,,,,1.547,211981.832,Device,,NVIDIA A100-SXM4-40GB MIG 4g.20gb (0),1,,13,[CUDA memset]
7255860494,6944,183177,,,,,,,,,,0.031,4506.906,Pinned,Device,NVIDIA A100-SXM4-40GB MIG 4g.20gb (0),1,,13,[CUDA memcpy Host-to-Device]
7255873966,14720,183178,,,,,,,,,,0.197,13356.368,Pinned,Device,NVIDIA A100-SXM4-40GB MIG 4g.20gb (0),1,,13,[CUDA memcpy Host-to-Device]
7256696389,15936,183179,273,1,1,8,4,1,39,0.002,0.000,,,,,NVIDIA A100-SXM4-40GB MIG 4g.20gb (0),1,,13,"void channel_eq::eqMmseCoefCompLowMimoKernel<float, float, float, (unsigned int)4, (unsigned int)1, (unsigned int)4>(const channel_eq::_puschRxChEqStatDescr *, channel_eq::_puschRxChEqCoefCompDynDescr)"
7257542427,13888,183180,273,1,1,12,11,1,51,0.002,0.000,,,,,NVIDIA A100-SXM4-40GB MIG 4g.20gb (0),1,,13,"void channel_eq::eqMmseSoftDemapKernel<float, __half, __half, float, (unsigned int)4, (unsigned short)16383>(channel_eq::_puschRxChEqStatDescr *, channel_eq::_puschRxChEqSoftDemapDynDescr)"
7258399154,623800,183181,1,1,1,32,32,1,30,0.000,0.000,,,,,NVIDIA A100-SXM4-40GB MIG 4g.20gb (0),1,,13,"void convert_kernel<float2, __half2>(tensor_layout_any, T1 *, tensor_layout_any, const T2 *)"
7259694531,15200,183193,2253,1,1,128,1,1,16,0.000,0.000,,,,,NVIDIA A100-SXM4-40GB MIG 4g.20gb (0),1,,13,cupy_copy__float16_float16
7260084478,5888,183202,282,1,1,128,1,1,16,0.000,0.000,,,,,NVIDIA A100-SXM4-40GB MIG 4g.20gb (0),1,,13,cupy_copy__complex64_complex64
7260373243,4000,183211,26,1,1,128,1,1,16,0.000,0.000,,,,,NVIDIA A100-SXM4-40GB MIG 4g.20gb (0),1,,13,cupy_copy__float32_float32
7260752695,8736,183220,103,1,1,128,1,1,16,0.000,0.000,,,,,NVIDIA A100-SXM4-40GB MIG 4g.20gb (0),1,,13,cupy_copy__complex64_complex64
7261029780,15104,183230,1434,1,1,128,1,1,16,0.000,0.000,,,,,NVIDIA A100-SXM4-40GB MIG 4g.20gb (0),1,,13,cupy_copy__complex64_complex64
7261318480,233182,183235,1,1,1,32,32,1,30,0.000,0.000,,,,,NVIDIA A100-SXM4-40GB MIG 4g.20gb (0),1,,13,"void convert_kernel<__half2, float2>(tensor_layout_any, T1 *, tensor_layout_any, const T2 *)"
7261582925,5920,183238,,,,,,,,,,0.094,15826.941,Pinned,Device,NVIDIA A100-SXM4-40GB MIG 4g.20gb (0),1,,13,[CUDA memcpy Host-to-Device]
7261854442,622425,183239,,,,,,,,,,456.561,733237.673,Device,,NVIDIA A100-SXM4-40GB MIG 4g.20gb (0),1,,13,[CUDA memset]
7262481219,57344,183244,,,,,,,,,,1.235,21534.953,Pinned,Device,NVIDIA A100-SXM4-40GB MIG 4g.20gb (0),1,,13,[CUDA memcpy Host-to-Device]
7262540995,10688,183245,,,,,,,,,,0.197,18395.038,Pinned,Device,NVIDIA A100-SXM4-40GB MIG 4g.20gb (0),1,,13,[CUDA memcpy Host-to-Device]
7262816544,12831,183246,69,4,1,48,1,1,76,0.002,0.000,,,,,NVIDIA A100-SXM4-40GB MIG 4g.20gb (0),1,,13,"void ch_est::windowedChEstPreNoDftSOfdmKernel<float, __half, float, (unsigned int)2, (unsigned int)1, (unsigned short)4>(ch_est::puschRxChEstStatDescr_t *, ch_est::puschRxChEstDynDescr_t *)"
7263311610,11648,183247,137,2,1,24,2,1,44,0.001,0.001,,,,,NVIDIA A100-SXM4-40GB MIG 4g.20gb (0),1,,13,"void ch_est::chEstFilterNoDftSOfdmDispatchKernel<float, __half, float, (unsigned int)2>(ch_est::puschRxChEstStatDescr_t *, ch_est::puschRxChEstDynDescr_t *)"
7263803796,11648,183248,137,2,1,24,2,1,44,0.001,0.001,,,,,NVIDIA A100-SXM4-40GB MIG 4g.20gb (0),1,,13,"void ch_est::chEstFilterNoDftSOfdmDispatchKernel<float, __half, float, (unsigned int)2>(ch_est::puschRxChEstStatDescr_t *, ch_est::puschRxChEstDynDescr_t *)"
7264298351,4928,183259,103,1,1,128,1,1,16,0.000,0.000,,,,,NVIDIA A100-SXM4-40GB MIG 4g.20gb (0),1,,13,cupy_copy__complex64_complex64
7264798345,15808,183269,1434,1,1,128,1,1,16,0.000,0.000,,,,,NVIDIA A100-SXM4-40GB MIG 4g.20gb (0),1,,13,cupy_copy__complex64_complex64
7265308675,4448,183276,103,1,1,128,1,1,16,0.000,0.000,,,,,NVIDIA A100-SXM4-40GB MIG 4g.20gb (0),1,,13,cupy_copy__complex64_complex64
7265778942,243581,183283,1,1,1,32,32,1,30,0.000,0.000,,,,,NVIDIA A100-SXM4-40GB MIG 4g.20gb (0),1,,13,"void convert_kernel<__half2, float2>(tensor_layout_any, T1 *, tensor_layout_any, const T2 *)"
7266052059,5472,183286,,,,,,,,,,0.094,17122.757,Pinned,Device,NVIDIA A100-SXM4-40GB MIG 4g.20gb (0),1,,13,[CUDA memcpy Host-to-Device]
7266478262,53471,183287,,,,,,,,,,35.810,669681.314,Device,,NVIDIA A100-SXM4-40GB MIG 4g.20gb (0),1,,13,[CUDA memset]
7266538197,3968,183289,,,,,,,,,,0.000,20.161,Pinned,Device,NVIDIA A100-SXM4-40GB MIG 4g.20gb (0),1,,13,[CUDA memcpy Host-to-Device]
7266544757,9504,183290,,,,,,,,,,0.197,20686.701,Pinned,Device,NVIDIA A100-SXM4-40GB MIG 4g.20gb (0),1,,13,[CUDA memcpy Host-to-Device]
7267026064,17696,183291,273,1,1,48,1,1,40,0.000,0.001,,,,,NVIDIA A100-SXM4-40GB MIG 4g.20gb (0),1,,13,"void pusch_noise_intf_est::noiseIntfEstNoDftSOfdmKernel<float, __half, float, float, (unsigned int)2, (unsigned int)1, (unsigned char)4, (unsigned char)4>(pusch_noise_intf_est::puschRxNoiseIntfEstDynDescr)"
7267526730,4576,183302,35,1,1,128,1,1,16,0.000,0.000,,,,,NVIDIA A100-SXM4-40GB MIG 4g.20gb (0),1,,13,cupy_copy__complex64_complex64
7268026501,3519,183311,1,1,1,1,1,1,18,0.000,0.000,,,,,NVIDIA A100-SXM4-40GB MIG 4g.20gb (0),1,,13,cupy_copy__float32_float32
7268036676,1664,183317,,,,,,,,,,0.000,2.404,Device,Pageable,NVIDIA A100-SXM4-40GB MIG 4g.20gb (0),1,,7,[CUDA memcpy Device-to-Host]
7268309665,15072,183328,1434,1,1,128,1,1,16,0.000,0.000,,,,,NVIDIA A100-SXM4-40GB MIG 4g.20gb (0),1,,13,cupy_copy__complex64_complex64
7268591902,4896,183335,103,1,1,128,1,1,16,0.000,0.000,,,,,NVIDIA A100-SXM4-40GB MIG 4g.20gb (0),1,,13,cupy_copy__complex64_complex64
7268862619,4160,183342,35,1,1,128,1,1,16,0.000,0.000,,,,,NVIDIA A100-SXM4-40GB MIG 4g.20gb (0),1,,13,cupy_copy__complex64_complex64
7269135672,2912,183349,1,1,1,1,1,1,18,0.000,0.000,,,,,NVIDIA A100-SXM4-40GB MIG 4g.20gb (0),1,,13,cupy_copy__float32_float32
7269369973,242174,183360,1,1,1,32,32,1,30,0.000,0.000,,,,,NVIDIA A100-SXM4-40GB MIG 4g.20gb (0),1,,13,"void convert_kernel<__half2, float2>(tensor_layout_any, T1 *, tensor_layout_any, const T2 *)"
7269641458,5568,183363,,,,,,,,,,0.094,16827.521,Pinned,Device,NVIDIA A100-SXM4-40GB MIG 4g.20gb (0),1,,13,[CUDA memcpy Host-to-Device]
7269779409,3968,183364,,,,,,,,,,1.547,389773.994,Device,,NVIDIA A100-SXM4-40GB MIG 4g.20gb (0),1,,13,[CUDA memset]
7269787793,6080,183369,,,,,,,,,,0.031,5147.347,Pinned,Device,NVIDIA A100-SXM4-40GB MIG 4g.20gb (0),1,,13,[CUDA memcpy Host-to-Device]
7269796912,9792,183370,,,,,,,,,,0.197,20078.395,Pinned,Device,NVIDIA A100-SXM4-40GB MIG 4g.20gb (0),1,,13,[CUDA memcpy Host-to-Device]
7270054190,22943,183371,273,1,1,8,4,1,39,0.002,0.000,,,,,NVIDIA A100-SXM4-40GB MIG 4g.20gb (0),1,,13,"void channel_eq::eqMmseCoefCompLowMimoKernel<float, float, float, (unsigned int)4, (unsigned int)1, (unsigned int)4>(const channel_eq::_puschRxChEqStatDescr *, channel_eq::_puschRxChEqCoefCompDynDescr)"
7270394538,10624,183372,273,1,1,12,11,1,51,0.002,0.000,,,,,NVIDIA A100-SXM4-40GB MIG 4g.20gb (0),1,,13,"void channel_eq::eqMmseSoftDemapKernel<float, __half, __half, float, (unsigned int)4, (unsigned short)16383>(channel_eq::_puschRxChEqStatDescr *, channel_eq::_puschRxChEqSoftDemapDynDescr)"
7270862276,672057,183373,1,1,1,32,32,1,30,0.000,0.000,,,,,NVIDIA A100-SXM4-40GB MIG 4g.20gb (0),1,,13,"void convert_kernel<float2, __half2>(tensor_layout_any, T1 *, tensor_layout_any, const T2 *)"
7271934936,14336,183385,2253,1,1,128,1,1,16,0.000,0.000,,,,,NVIDIA A100-SXM4-40GB MIG 4g.20gb (0),1,,13,cupy_copy__float16_float16
7272399379,5664,183394,282,1,1,128,1,1,16,0.000,0.000,,,,,NVIDIA A100-SXM4-40GB MIG 4g.20gb (0),1,,13,cupy_copy__complex64_complex64
7272853966,4640,183403,26,1,1,128,1,1,16,0.000,0.000,,,,,NVIDIA A100-SXM4-40GB MIG 4g.20gb (0),1,,13,cupy_copy__float32_float32
7273271881,16384,183412,103,1,1,128,1,1,16,0.000,0.000,,,,,NVIDIA A100-SXM4-40GB MIG 4g.20gb (0),1,,13,cupy_copy__complex64_complex64
7273648293,16896,183422,1434,1,1,128,1,1,16,0.000,0.000,,,,,NVIDIA A100-SXM4-40GB MIG 4g.20gb (0),1,,13,cupy_copy__complex64_complex64
7274188607,268509,183427,1,1,1,32,32,1,30,0.000,0.000,,,,,NVIDIA A100-SXM4-40GB MIG 4g.20gb (0),1,,13,"void convert_kernel<__half2, float2>(tensor_layout_any, T1 *, tensor_layout_any, const T2 *)"
7274488251,6816,183430,,,,,,,,,,0.094,13746.421,Pinned,Device,NVIDIA A100-SXM4-40GB MIG 4g.20gb (0),1,,13,[CUDA memcpy Host-to-Device]
7274885399,614713,183431,,,,,,,,,,456.561,742368.901,Device,,NVIDIA A100-SXM4-40GB MIG 4g.20gb (0),1,,13,[CUDA memset]
7275503600,72031,183436,,,,,,,,,,1.235,17143.493,Pinned,Device,NVIDIA A100-SXM4-40GB MIG 4g.20gb (0),1,,13,[CUDA memcpy Host-to-Device]
7275581135,18272,183437,,,,,,,,,,0.197,10759.963,Pinned,Device,NVIDIA A100-SXM4-40GB MIG 4g.20gb (0),1,,13,[CUDA memcpy Host-to-Device]
7276028938,11872,183438,69,4,1,48,1,1,76,0.002,0.000,,,,,NVIDIA A100-SXM4-40GB MIG 4g.20gb (0),1,,13,"void ch_est::windowedChEstPreNoDftSOfdmKernel<float, __half, float, (unsigned int)2, (unsigned int)1, (unsigned short)4>(ch_est::puschRxChEstStatDescr_t *, ch_est::puschRxChEstDynDescr_t *)"
7276387590,9120,183439,137,2,1,24,2,1,44,0.001,0.001,,,,,NVIDIA A100-SXM4-40GB MIG 4g.20gb (0),1,,13,"void ch_est::chEstFilterNoDftSOfdmDispatchKernel<float, __half, float, (unsigned int)2>(ch_est::puschRxChEstStatDescr_t *, ch_est::puschRxChEstDynDescr_t *)"
7276748034,9056,183440,137,2,1,24,2,1,44,0.001,0.001,,,,,NVIDIA A100-SXM4-40GB MIG 4g.20gb (0),1,,13,"void ch_est::chEstFilterNoDftSOfdmDispatchKernel<float, __half, float, (unsigned int)2>(ch_est::puschRxChEstStatDescr_t *, ch_est::puschRxChEstDynDescr_t *)"
7277106814,4480,183451,103,1,1,128,1,1,16,0.000,0.000,,,,,NVIDIA A100-SXM4-40GB MIG 4g.20gb (0),1,,13,cupy_copy__complex64_complex64
7277432986,18976,183461,1434,1,1,128,1,1,16,0.000,0.000,,,,,NVIDIA A100-SXM4-40GB MIG 4g.20gb (0),1,,13,cupy_copy__complex64_complex64
7277661943,10048,183468,103,1,1,128,1,1,16,0.000,0.000,,,,,NVIDIA A100-SXM4-40GB MIG 4g.20gb (0),1,,13,cupy_copy__complex64_complex64
7278002740,288764,183475,1,1,1,32,32,1,30,0.000,0.000,,,,,NVIDIA A100-SXM4-40GB MIG 4g.20gb (0),1,,13,"void convert_kernel<__half2, float2>(tensor_layout_any, T1 *, tensor_layout_any, const T2 *)"
7278321840,12544,183478,,,,,,,,,,0.094,7469.351,Pinned,Device,NVIDIA A100-SXM4-40GB MIG 4g.20gb (0),1,,13,[CUDA memcpy Host-to-Device]
7278804587,53791,183479,,,,,,,,,,35.810,665706.413,Device,,NVIDIA A100-SXM4-40GB MIG 4g.20gb (0),1,,13,[CUDA memset]
7278864330,4640,183481,,,,,,,,,,0.000,17.241,Pinned,Device,NVIDIA A100-SXM4-40GB MIG 4g.20gb (0),1,,13,[CUDA memcpy Host-to-Device]
7278871402,9440,183482,,,,,,,,,,0.197,20827.079,Pinned,Device,NVIDIA A100-SXM4-40GB MIG 4g.20gb (0),1,,13,[CUDA memcpy Host-to-Device]
7279339780,16800,183483,273,1,1,48,1,1,40,0.000,0.001,,,,,NVIDIA A100-SXM4-40GB MIG 4g.20gb (0),1,,13,"void pusch_noise_intf_est::noiseIntfEstNoDftSOfdmKernel<float, __half, float, float, (unsigned int)2, (unsigned int)1, (unsigned char)4, (unsigned char)4>(pusch_noise_intf_est::puschRxNoiseIntfEstDynDescr)"
7279828863,4800,183494,35,1,1,128,1,1,16,0.000,0.000,,,,,NVIDIA A100-SXM4-40GB MIG 4g.20gb (0),1,,13,cupy_copy__complex64_complex64
7280316249,3232,183503,1,1,1,1,1,1,18,0.000,0.000,,,,,NVIDIA A100-SXM4-40GB MIG 4g.20gb (0),1,,13,cupy_copy__float32_float32
7280322489,4544,183509,,,,,,,,,,0.000,0.880,Device,Pageable,NVIDIA A100-SXM4-40GB MIG 4g.20gb (0),1,,7,[CUDA memcpy Device-to-Host]
7280800084,15968,183520,1434,1,1,128,1,1,16,0.000,0.000,,,,,NVIDIA A100-SXM4-40GB MIG 4g.20gb (0),1,,13,cupy_copy__complex64_complex64
7281294574,5280,183527,103,1,1,128,1,1,16,0.000,0.000,,,,,NVIDIA A100-SXM4-40GB MIG 4g.20gb (0),1,,13,cupy_copy__complex64_complex64
7281845768,4064,183534,35,1,1,128,1,1,16,0.000,0.000,,,,,NVIDIA A100-SXM4-40GB MIG 4g.20gb (0),1,,13,cupy_copy__complex64_complex64
7282366690,3264,183541,1,1,1,1,1,1,18,0.000,0.000,,,,,NVIDIA A100-SXM4-40GB MIG 4g.20gb (0),1,,13,cupy_copy__float32_float32
7282783293,253726,183552,1,1,1,32,32,1,30,0.000,0.000,,,,,NVIDIA A100-SXM4-40GB MIG 4g.20gb (0),1,,13,"void convert_kernel<__half2, float2>(tensor_layout_any, T1 *, tensor_layout_any, const T2 *)"
7283066746,5536,183555,,,,,,,,,,0.094,16924.777,Pinned,Device,NVIDIA A100-SXM4-40GB MIG 4g.20gb (0),1,,13,[CUDA memcpy Host-to-Device]
7283633588,4448,183556,,,,,,,,,,1.547,347712.008,Device,,NVIDIA A100-SXM4-40GB MIG 4g.20gb (0),1,,13,[CUDA memset]
7283639508,7680,183561,,,,,,,,,,0.031,4074.990,Pinned,Device,NVIDIA A100-SXM4-40GB MIG 4g.20gb (0),1,,13,[CUDA memcpy Host-to-Device]
7283654388,16159,183562,,,,,,,,,,0.197,12167.086,Pinned,Device,NVIDIA A100-SXM4-40GB MIG 4g.20gb (0),1,,13,[CUDA memcpy Host-to-Device]
7283993296,17216,183563,273,1,1,8,4,1,39,0.002,0.000,,,,,NVIDIA A100-SXM4-40GB MIG 4g.20gb (0),1,,13,"void channel_eq::eqMmseCoefCompLowMimoKernel<float, float, float, (unsigned int)4, (unsigned int)1, (unsigned int)4>(const channel_eq::_puschRxChEqStatDescr *, channel_eq::_puschRxChEqCoefCompDynDescr)"
7284351404,10848,183564,273,1,1,12,11,1,51,0.002,0.000,,,,,NVIDIA A100-SXM4-40GB MIG 4g.20gb (0),1,,13,"void channel_eq::eqMmseSoftDemapKernel<float, __half, __half, float, (unsigned int)4, (unsigned short)16383>(channel_eq::_puschRxChEqStatDescr *, channel_eq::_puschRxChEqSoftDemapDynDescr)"
7284713480,724855,183565,1,1,1,32,32,1,30,0.000,0.000,,,,,NVIDIA A100-SXM4-40GB MIG 4g.20gb (0),1,,13,"void convert_kernel<float2, __half2>(tensor_layout_any, T1 *, tensor_layout_any, const T2 *)"
7285773820,12959,183577,2253,1,1,128,1,1,16,0.000,0.000,,,,,NVIDIA A100-SXM4-40GB MIG 4g.20gb (0),1,,13,cupy_copy__float16_float16
7286191351,4768,183586,282,1,1,128,1,1,16,0.000,0.000,,,,,NVIDIA A100-SXM4-40GB MIG 4g.20gb (0),1,,13,cupy_copy__complex64_complex64
7286652530,4736,183595,26,1,1,128,1,1,16,0.000,0.000,,,,,NVIDIA A100-SXM4-40GB MIG 4g.20gb (0),1,,13,cupy_copy__float32_float32
7287111980,9184,183604,103,1,1,128,1,1,16,0.000,0.000,,,,,NVIDIA A100-SXM4-40GB MIG 4g.20gb (0),1,,13,cupy_copy__complex64_complex64
7287525448,23936,183614,1434,1,1,128,1,1,16,0.000,0.000,,,,,NVIDIA A100-SXM4-40GB MIG 4g.20gb (0),1,,13,cupy_copy__complex64_complex64
7287914499,256957,183619,1,1,1,32,32,1,30,0.000,0.000,,,,,NVIDIA A100-SXM4-40GB MIG 4g.20gb (0),1,,13,"void convert_kernel<__half2, float2>(tensor_layout_any, T1 *, tensor_layout_any, const T2 *)"
7288202336,13920,183622,,,,,,,,,,0.094,6731.027,Pinned,Device,NVIDIA A100-SXM4-40GB MIG 4g.20gb (0),1,,13,[CUDA memcpy Host-to-Device]
7288704378,611514,183623,,,,,,,,,,456.561,746477.954,Device,,NVIDIA A100-SXM4-40GB MIG 4g.20gb (0),1,,13,[CUDA memset]
7289320339,63200,183628,,,,,,,,,,1.235,19539.284,Pinned,Device,NVIDIA A100-SXM4-40GB MIG 4g.20gb (0),1,,13,[CUDA memcpy Host-to-Device]
7289387315,13632,183629,,,,,,,,,,0.197,14422.376,Pinned,Device,NVIDIA A100-SXM4-40GB MIG 4g.20gb (0),1,,13,[CUDA memcpy Host-to-Device]
7289905133,15328,183630,69,4,1,48,1,1,76,0.002,0.000,,,,,NVIDIA A100-SXM4-40GB MIG 4g.20gb (0),1,,13,"void ch_est::windowedChEstPreNoDftSOfdmKernel<float, __half, float, (unsigned int)2, (unsigned int)1, (unsigned short)4>(ch_est::puschRxChEstStatDescr_t *, ch_est::puschRxChEstDynDescr_t *)"
7290363848,19007,183631,137,2,1,24,2,1,44,0.001,0.001,,,,,NVIDIA A100-SXM4-40GB MIG 4g.20gb (0),1,,13,"void ch_est::chEstFilterNoDftSOfdmDispatchKernel<float, __half, float, (unsigned int)2>(ch_est::puschRxChEstStatDescr_t *, ch_est::puschRxChEstDynDescr_t *)"
7290884194,19584,183632,137,2,1,24,2,1,44,0.001,0.001,,,,,NVIDIA A100-SXM4-40GB MIG 4g.20gb (0),1,,13,"void ch_est::chEstFilterNoDftSOfdmDispatchKernel<float, __half, float, (unsigned int)2>(ch_est::puschRxChEstStatDescr_t *, ch_est::puschRxChEstDynDescr_t *)"
7291399068,7392,183643,103,1,1,128,1,1,16,0.000,0.000,,,,,NVIDIA A100-SXM4-40GB MIG 4g.20gb (0),1,,13,cupy_copy__complex64_complex64
7291885398,20352,183653,1434,1,1,128,1,1,16,0.000,0.000,,,,,NVIDIA A100-SXM4-40GB MIG 4g.20gb (0),1,,13,cupy_copy__complex64_complex64
7292108372,5152,183660,103,1,1,128,1,1,16,0.000,0.000,,,,,NVIDIA A100-SXM4-40GB MIG 4g.20gb (0),1,,13,cupy_copy__complex64_complex64
7292462672,299101,183667,1,1,1,32,32,1,30,0.000,0.000,,,,,NVIDIA A100-SXM4-40GB MIG 4g.20gb (0),1,,13,"void convert_kernel<__half2, float2>(tensor_layout_any, T1 *, tensor_layout_any, const T2 *)"
7292791372,6624,183670,,,,,,,,,,0.094,14144.910,Pinned,Device,NVIDIA A100-SXM4-40GB MIG 4g.20gb (0),1,,13,[CUDA memcpy Host-to-Device]
7293125416,65920,183671,,,,,,,,,,35.810,543200.676,Device,,NVIDIA A100-SXM4-40GB MIG 4g.20gb (0),1,,13,[CUDA memset]
7293199144,2144,183673,,,,,,,,,,0.000,37.313,Pinned,Device,NVIDIA A100-SXM4-40GB MIG 4g.20gb (0),1,,13,[CUDA memcpy Host-to-Device]
7293203944,9439,183674,,,,,,,,,,0.197,20829.241,Pinned,Device,NVIDIA A100-SXM4-40GB MIG 4g.20gb (0),1,,13,[CUDA memcpy Host-to-Device]
7293535172,32959,183675,273,1,1,48,1,1,40,0.000,0.001,,,,,NVIDIA A100-SXM4-40GB MIG 4g.20gb (0),1,,13,"void pusch_noise_intf_est::noiseIntfEstNoDftSOfdmKernel<float, __half, float, float, (unsigned int)2, (unsigned int)1, (unsigned char)4, (unsigned char)4>(pusch_noise_intf_est::puschRxNoiseIntfEstDynDescr)"
7293748897,4544,183686,35,1,1,128,1,1,16,0.000,0.000,,,,,NVIDIA A100-SXM4-40GB MIG 4g.20gb (0),1,,13,cupy_copy__complex64_complex64
7293986751,2912,183695,1,1,1,1,1,1,18,0.000,0.000,,,,,NVIDIA A100-SXM4-40GB MIG 4g.20gb (0),1,,13,cupy_copy__float32_float32
7293992415,1600,183701,,,,,,,,,,0.000,2.500,Device,Pageable,NVIDIA A100-SXM4-40GB MIG 4g.20gb (0),1,,7,[CUDA memcpy Device-to-Host]
7294287707,14944,183712,1434,1,1,128,1,1,16,0.000,0.000,,,,,NVIDIA A100-SXM4-40GB MIG 4g.20gb (0),1,,13,cupy_copy__complex64_complex64
7294573944,4544,183719,103,1,1,128,1,1,16,0.000,0.000,,,,,NVIDIA A100-SXM4-40GB MIG 4g.20gb (0),1,,13,cupy_copy__complex64_complex64
7294872661,7392,183726,35,1,1,128,1,1,16,0.000,0.000,,,,,NVIDIA A100-SXM4-40GB MIG 4g.20gb (0),1,,13,cupy_copy__complex64_complex64
7295166641,3488,183733,1,1,1,1,1,1,18,0.000,0.000,,,,,NVIDIA A100-SXM4-40GB MIG 4g.20gb (0),1,,13,cupy_copy__float32_float32
7295514797,272861,183744,1,1,1,32,32,1,30,0.000,0.000,,,,,NVIDIA A100-SXM4-40GB MIG 4g.20gb (0),1,,13,"void convert_kernel<__half2, float2>(tensor_layout_any, T1 *, tensor_layout_any, const T2 *)"
7295817482,5792,183747,,,,,,,,,,0.094,16176.708,Pinned,Device,NVIDIA A100-SXM4-40GB MIG 4g.20gb (0),1,,13,[CUDA memcpy Host-to-Device]
7296311172,4672,183748,,,,,,,,,,1.547,331040.948,Device,,NVIDIA A100-SXM4-40GB MIG 4g.20gb (0),1,,13,[CUDA memset]
7296323428,3552,183753,,,,,,,,,,0.031,8810.794,Pinned,Device,NVIDIA A100-SXM4-40GB MIG 4g.20gb (0),1,,13,[CUDA memcpy Host-to-Device]
7296332644,10144,183754,,,,,,,,,,0.197,19381.617,Pinned,Device,NVIDIA A100-SXM4-40GB MIG 4g.20gb (0),1,,13,[CUDA memcpy Host-to-Device]
7296801759,16160,183755,273,1,1,8,4,1,39,0.002,0.000,,,,,NVIDIA A100-SXM4-40GB MIG 4g.20gb (0),1,,13,"void channel_eq::eqMmseCoefCompLowMimoKernel<float, float, float, (unsigned int)4, (unsigned int)1, (unsigned int)4>(const channel_eq::_puschRxChEqStatDescr *, channel_eq::_puschRxChEqCoefCompDynDescr)"
7297299865,10656,183756,273,1,1,12,11,1,51,0.002,0.000,,,,,NVIDIA A100-SXM4-40GB MIG 4g.20gb (0),1,,13,"void channel_eq::eqMmseSoftDemapKernel<float, __half, __half, float, (unsigned int)4, (unsigned short)16383>(channel_eq::_puschRxChEqStatDescr *, channel_eq::_puschRxChEqSoftDemapDynDescr)"
7297798036,701112,183757,1,1,1,32,32,1,30,0.000,0.000,,,,,NVIDIA A100-SXM4-40GB MIG 4g.20gb (0),1,,13,"void convert_kernel<float2, __half2>(tensor_layout_any, T1 *, tensor_layout_any, const T2 *)"
7298956262,17856,183769,2253,1,1,128,1,1,16,0.000,0.000,,,,,NVIDIA A100-SXM4-40GB MIG 4g.20gb (0),1,,13,cupy_copy__float16_float16
7299458529,7552,183778,282,1,1,128,1,1,16,0.000,0.000,,,,,NVIDIA A100-SXM4-40GB MIG 4g.20gb (0),1,,13,cupy_copy__complex64_complex64
7299955483,7328,183787,26,1,1,128,1,1,16,0.000,0.000,,,,,NVIDIA A100-SXM4-40GB MIG 4g.20gb (0),1,,13,cupy_copy__float32_float32
7300245912,13952,183796,103,1,1,128,1,1,16,0.000,0.000,,,,,NVIDIA A100-SXM4-40GB MIG 4g.20gb (0),1,,13,cupy_copy__complex64_complex64
7300597780,17504,183806,1434,1,1,128,1,1,16,0.000,0.000,,,,,NVIDIA A100-SXM4-40GB MIG 4g.20gb (0),1,,13,cupy_copy__complex64_complex64
7300889393,234813,183811,1,1,1,32,32,1,30,0.000,0.000,,,,,NVIDIA A100-SXM4-40GB MIG 4g.20gb (0),1,,13,"void convert_kernel<__half2, float2>(tensor_layout_any, T1 *, tensor_layout_any, const T2 *)"
7301154158,5503,183814,,,,,,,,,,0.094,17026.343,Pinned,Device,NVIDIA A100-SXM4-40GB MIG 4g.20gb (0),1,,13,[CUDA memcpy Host-to-Device]
7301390251,626393,183815,,,,,,,,,,456.561,728672.058,Device,,NVIDIA A100-SXM4-40GB MIG 4g.20gb (0),1,,13,[CUDA memset]
7302018660,61375,183820,,,,,,,,,,1.235,20120.943,Pinned,Device,NVIDIA A100-SXM4-40GB MIG 4g.20gb (0),1,,13,[CUDA memcpy Host-to-Device]
7302083811,15040,183821,,,,,,,,,,0.197,13072.269,Pinned,Device,NVIDIA A100-SXM4-40GB MIG 4g.20gb (0),1,,13,[CUDA memcpy Host-to-Device]
7302837562,20288,183822,69,4,1,48,1,1,76,0.002,0.000,,,,,NVIDIA A100-SXM4-40GB MIG 4g.20gb (0),1,,13,"void ch_est::windowedChEstPreNoDftSOfdmKernel<float, __half, float, (unsigned int)2, (unsigned int)1, (unsigned short)4>(ch_est::puschRxChEstStatDescr_t *, ch_est::puschRxChEstDynDescr_t *)"
7303614578,15935,183823,137,2,1,24,2,1,44,0.001,0.001,,,,,NVIDIA A100-SXM4-40GB MIG 4g.20gb (0),1,,13,"void ch_est::chEstFilterNoDftSOfdmDispatchKernel<float, __half, float, (unsigned int)2>(ch_est::puschRxChEstStatDescr_t *, ch_est::puschRxChEstDynDescr_t *)"
7303976782,8991,183824,137,2,1,24,2,1,44,0.001,0.001,,,,,NVIDIA A100-SXM4-40GB MIG 4g.20gb (0),1,,13,"void ch_est::chEstFilterNoDftSOfdmDispatchKernel<float, __half, float, (unsigned int)2>(ch_est::puschRxChEstStatDescr_t *, ch_est::puschRxChEstDynDescr_t *)"
7304721285,7808,183835,103,1,1,128,1,1,16,0.000,0.000,,,,,NVIDIA A100-SXM4-40GB MIG 4g.20gb (0),1,,13,cupy_copy__complex64_complex64
7305502556,23584,183845,1434,1,1,128,1,1,16,0.000,0.000,,,,,NVIDIA A100-SXM4-40GB MIG 4g.20gb (0),1,,13,cupy_copy__complex64_complex64
7306252948,4704,183852,103,1,1,128,1,1,16,0.000,0.000,,,,,NVIDIA A100-SXM4-40GB MIG 4g.20gb (0),1,,13,cupy_copy__complex64_complex64
7307042923,287421,183859,1,1,1,32,32,1,30,0.000,0.000,,,,,NVIDIA A100-SXM4-40GB MIG 4g.20gb (0),1,,13,"void convert_kernel<__half2, float2>(tensor_layout_any, T1 *, tensor_layout_any, const T2 *)"
7307360519,5600,183862,,,,,,,,,,0.094,16731.388,Pinned,Device,NVIDIA A100-SXM4-40GB MIG 4g.20gb (0),1,,13,[CUDA memcpy Host-to-Device]
7308096671,52383,183863,,,,,,,,,,35.810,683611.373,Device,,NVIDIA A100-SXM4-40GB MIG 4g.20gb (0),1,,13,[CUDA memset]
7308150398,2816,183865,,,,,,,,,,0.000,28.409,Pinned,Device,NVIDIA A100-SXM4-40GB MIG 4g.20gb (0),1,,13,[CUDA memcpy Host-to-Device]
7308158718,13312,183866,,,,,,,,,,0.197,14769.193,Pinned,Device,NVIDIA A100-SXM4-40GB MIG 4g.20gb (0),1,,13,[CUDA memcpy Host-to-Device]
7308968917,23776,183867,273,1,1,48,1,1,40,0.000,0.001,,,,,NVIDIA A100-SXM4-40GB MIG 4g.20gb (0),1,,13,"void pusch_noise_intf_est::noiseIntfEstNoDftSOfdmKernel<float, __half, float, float, (unsigned int)2, (unsigned int)1, (unsigned char)4, (unsigned char)4>(pusch_noise_intf_est::puschRxNoiseIntfEstDynDescr)"
7309792876,5856,183878,35,1,1,128,1,1,16,0.000,0.000,,,,,NVIDIA A100-SXM4-40GB MIG 4g.20gb (0),1,,13,cupy_copy__complex64_complex64
7310615202,4064,183887,1,1,1,1,1,1,18,0.000,0.000,,,,,NVIDIA A100-SXM4-40GB MIG 4g.20gb (0),1,,13,cupy_copy__float32_float32
7310622210,4512,183893,,,,,,,,,,0.000,0.887,Device,Pageable,NVIDIA A100-SXM4-40GB MIG 4g.20gb (0),1,,7,[CUDA memcpy Device-to-Host]
7310904255,15808,183904,1434,1,1,128,1,1,16,0.000,0.000,,,,,NVIDIA A100-SXM4-40GB MIG 4g.20gb (0),1,,13,cupy_copy__complex64_complex64
7311190716,5152,183911,103,1,1,128,1,1,16,0.000,0.000,,,,,NVIDIA A100-SXM4-40GB MIG 4g.20gb (0),1,,13,cupy_copy__complex64_complex64
7311423449,5568,183918,35,1,1,128,1,1,16,0.000,0.000,,,,,NVIDIA A100-SXM4-40GB MIG 4g.20gb (0),1,,13,cupy_copy__complex64_complex64
7311620887,3328,183925,1,1,1,1,1,1,18,0.000,0.000,,,,,NVIDIA A100-SXM4-40GB MIG 4g.20gb (0),1,,13,cupy_copy__float32_float32
7311853652,233214,183936,1,1,1,32,32,1,30,0.000,0.000,,,,,NVIDIA A100-SXM4-40GB MIG 4g.20gb (0),1,,13,"void convert_kernel<__half2, float2>(tensor_layout_any, T1 *, tensor_layout_any, const T2 *)"
7312117905,5568,183939,,,,,,,,,,0.094,16827.521,Pinned,Device,NVIDIA A100-SXM4-40GB MIG 4g.20gb (0),1,,13,[CUDA memcpy Host-to-Device]
7312265008,6880,183940,,,,,,,,,,1.547,224798.705,Device,,NVIDIA A100-SXM4-40GB MIG 4g.20gb (0),1,,13,[CUDA memset]
7312282928,5183,183945,,,,,,,,,,0.031,6038.188,Pinned,Device,NVIDIA A100-SXM4-40GB MIG 4g.20gb (0),1,,13,[CUDA memcpy Host-to-Device]
7312295567,17600,183946,,,,,,,,,,0.197,11170.873,Pinned,Device,NVIDIA A100-SXM4-40GB MIG 4g.20gb (0),1,,13,[CUDA memcpy Host-to-Device]
7312610732,18912,183947,273,1,1,8,4,1,39,0.002,0.000,,,,,NVIDIA A100-SXM4-40GB MIG 4g.20gb (0),1,,13,"void channel_eq::eqMmseCoefCompLowMimoKernel<float, float, float, (unsigned int)4, (unsigned int)1, (unsigned int)4>(const channel_eq::_puschRxChEqStatDescr *, channel_eq::_puschRxChEqCoefCompDynDescr)"
7312986344,15519,183948,273,1,1,12,11,1,51,0.002,0.000,,,,,NVIDIA A100-SXM4-40GB MIG 4g.20gb (0),1,,13,"void channel_eq::eqMmseSoftDemapKernel<float, __half, __half, float, (unsigned int)4, (unsigned short)16383>(channel_eq::_puschRxChEqStatDescr *, channel_eq::_puschRxChEqSoftDemapDynDescr)"
7313361955,741848,183949,1,1,1,32,32,1,30,0.000,0.000,,,,,NVIDIA A100-SXM4-40GB MIG 4g.20gb (0),1,,13,"void convert_kernel<float2, __half2>(tensor_layout_any, T1 *, tensor_layout_any, const T2 *)"
7314544662,13376,183961,2253,1,1,128,1,1,16,0.000,0.000,,,,,NVIDIA A100-SXM4-40GB MIG 4g.20gb (0),1,,13,cupy_copy__float16_float16
7315056944,5184,183970,282,1,1,128,1,1,16,0.000,0.000,,,,,NVIDIA A100-SXM4-40GB MIG 4g.20gb (0),1,,13,cupy_copy__complex64_complex64
7315556170,4288,183979,26,1,1,128,1,1,16,0.000,0.000,,,,,NVIDIA A100-SXM4-40GB MIG 4g.20gb (0),1,,13,cupy_copy__float32_float32
7316028805,8256,183988,103,1,1,128,1,1,16,0.000,0.000,,,,,NVIDIA A100-SXM4-40GB MIG 4g.20gb (0),1,,13,cupy_copy__complex64_complex64
7316391297,18784,183998,1434,1,1,128,1,1,16,0.000,0.000,,,,,NVIDIA A100-SXM4-40GB MIG 4g.20gb (0),1,,13,cupy_copy__complex64_complex64
7316817340,297533,184003,1,1,1,32,32,1,30,0.000,0.000,,,,,NVIDIA A100-SXM4-40GB MIG 4g.20gb (0),1,,13,"void convert_kernel<__half2, float2>(tensor_layout_any, T1 *, tensor_layout_any, const T2 *)"
7317144953,5599,184006,,,,,,,,,,0.094,16734.387,Pinned,Device,NVIDIA A100-SXM4-40GB MIG 4g.20gb (0),1,,13,[CUDA memcpy Host-to-Device]
7317491285,618809,184007,,,,,,,,,,456.561,737803.287,Device,,NVIDIA A100-SXM4-40GB MIG 4g.20gb (0),1,,13,[CUDA memset]
7318117902,58527,184012,,,,,,,,,,1.235,21100.253,Pinned,Device,NVIDIA A100-SXM4-40GB MIG 4g.20gb (0),1,,13,[CUDA memcpy Host-to-Device]
7318179373,13216,184013,,,,,,,,,,0.197,14876.344,Pinned,Device,NVIDIA A100-SXM4-40GB MIG 4g.20gb (0),1,,13,[CUDA memcpy Host-to-Device]
7318524169,10720,184014,69,4,1,48,1,1,76,0.002,0.000,,,,,NVIDIA A100-SXM4-40GB MIG 4g.20gb (0),1,,13,"void ch_est::windowedChEstPreNoDftSOfdmKernel<float, __half, float, (unsigned int)2, (unsigned int)1, (unsigned short)4>(ch_est::puschRxChEstStatDescr_t *, ch_est::puschRxChEstDynDescr_t *)"
7318946724,8800,184015,137,2,1,24,2,1,44,0.001,0.001,,,,,NVIDIA A100-SXM4-40GB MIG 4g.20gb (0),1,,13,"void ch_est::chEstFilterNoDftSOfdmDispatchKernel<float, __half, float, (unsigned int)2>(ch_est::puschRxChEstStatDescr_t *, ch_est::puschRxChEstDynDescr_t *)"
7319366303,8768,184016,137,2,1,24,2,1,44,0.001,0.001,,,,,NVIDIA A100-SXM4-40GB MIG 4g.20gb (0),1,,13,"void ch_est::chEstFilterNoDftSOfdmDispatchKernel<float, __half, float, (unsigned int)2>(ch_est::puschRxChEstStatDescr_t *, ch_est::puschRxChEstDynDescr_t *)"
7319709851,5440,184027,103,1,1,128,1,1,16,0.000,0.000,,,,,NVIDIA A100-SXM4-40GB MIG 4g.20gb (0),1,,13,cupy_copy__complex64_complex64
7320056344,19007,184037,1434,1,1,128,1,1,16,0.000,0.000,,,,,NVIDIA A100-SXM4-40GB MIG 4g.20gb (0),1,,13,cupy_copy__complex64_complex64
7320306133,4640,184044,103,1,1,128,1,1,16,0.000,0.000,,,,,NVIDIA A100-SXM4-40GB MIG 4g.20gb (0),1,,13,cupy_copy__complex64_complex64
7320596401,266013,184051,1,1,1,32,32,1,30,0.000,0.000,,,,,NVIDIA A100-SXM4-40GB MIG 4g.20gb (0),1,,13,"void convert_kernel<__half2, float2>(tensor_layout_any, T1 *, tensor_layout_any, const T2 *)"
7320892494,10816,184054,,,,,,,,,,0.094,8662.664,Pinned,Device,NVIDIA A100-SXM4-40GB MIG 4g.20gb (0),1,,13,[CUDA memcpy Host-to-Device]
7321228778,52608,184055,,,,,,,,,,35.810,680674.959,Device,,NVIDIA A100-SXM4-40GB MIG 4g.20gb (0),1,,13,[CUDA memset]
7321289194,2464,184057,,,,,,,,,,0.000,32.468,Pinned,Device,NVIDIA A100-SXM4-40GB MIG 4g.20gb (0),1,,13,[CUDA memcpy Host-to-Device]
7321295274,10079,184058,,,,,,,,,,0.197,19506.659,Pinned,Device,NVIDIA A100-SXM4-40GB MIG 4g.20gb (0),1,,13,[CUDA memcpy Host-to-Device]
7321658149,17216,184059,273,1,1,48,1,1,40,0.000,0.001,,,,,NVIDIA A100-SXM4-40GB MIG 4g.20gb (0),1,,13,"void pusch_noise_intf_est::noiseIntfEstNoDftSOfdmKernel<float, __half, float, float, (unsigned int)2, (unsigned int)1, (unsigned char)4, (unsigned char)4>(pusch_noise_intf_est::puschRxNoiseIntfEstDynDescr)"
7322036065,7040,184070,35,1,1,128,1,1,16,0.000,0.000,,,,,NVIDIA A100-SXM4-40GB MIG 4g.20gb (0),1,,13,cupy_copy__complex64_complex64
7322414909,3424,184079,1,1,1,1,1,1,18,0.000,0.000,,,,,NVIDIA A100-SXM4-40GB MIG 4g.20gb (0),1,,13,cupy_copy__float32_float32
7322422749,3456,184085,,,,,,,,,,0.000,1.157,Device,Pageable,NVIDIA A100-SXM4-40GB MIG 4g.20gb (0),1,,7,[CUDA memcpy Device-to-Host]
7322845240,16064,184096,1434,1,1,128,1,1,16,0.000,0.000,,,,,NVIDIA A100-SXM4-40GB MIG 4g.20gb (0),1,,13,cupy_copy__complex64_complex64
7323575152,4896,184103,103,1,1,128,1,1,16,0.000,0.000,,,,,NVIDIA A100-SXM4-40GB MIG 4g.20gb (0),1,,13,cupy_copy__complex64_complex64
7324261576,15392,184110,35,1,1,128,1,1,16,0.000,0.000,,,,,NVIDIA A100-SXM4-40GB MIG 4g.20gb (0),1,,13,cupy_copy__complex64_complex64
7324713923,3552,184117,1,1,1,1,1,1,18,0.000,0.000,,,,,NVIDIA A100-SXM4-40GB MIG 4g.20gb (0),1,,13,cupy_copy__float32_float32
7324981408,286013,184128,1,1,1,32,32,1,30,0.000,0.000,,,,,NVIDIA A100-SXM4-40GB MIG 4g.20gb (0),1,,13,"void convert_kernel<__half2, float2>(tensor_layout_any, T1 *, tensor_layout_any, const T2 *)"
7325301660,5824,184131,,,,,,,,,,0.094,16087.884,Pinned,Device,NVIDIA A100-SXM4-40GB MIG 4g.20gb (0),1,,13,[CUDA memcpy Host-to-Device]
7325563673,4416,184132,,,,,,,,,,1.547,350231.458,Device,,NVIDIA A100-SXM4-40GB MIG 4g.20gb (0),1,,13,[CUDA memset]
7325569913,6496,184137,,,,,,,,,,0.031,4817.706,Pinned,Device,NVIDIA A100-SXM4-40GB MIG 4g.20gb (0),1,,13,[CUDA memcpy Host-to-Device]
7325579193,9664,184138,,,,,,,,,,0.197,20344.209,Pinned,Device,NVIDIA A100-SXM4-40GB MIG 4g.20gb (0),1,,13,[CUDA memcpy Host-to-Device]
7326210354,41055,184139,273,1,1,8,4,1,39,0.002,0.000,,,,,NVIDIA A100-SXM4-40GB MIG 4g.20gb (0),1,,13,"void channel_eq::eqMmseCoefCompLowMimoKernel<float, float, float, (unsigned int)4, (unsigned int)1, (unsigned int)4>(const channel_eq::_puschRxChEqStatDescr *, channel_eq::_puschRxChEqCoefCompDynDescr)"
7326885898,13824,184140,273,1,1,12,11,1,51,0.002,0.000,,,,,NVIDIA A100-SXM4-40GB MIG 4g.20gb (0),1,,13,"void channel_eq::eqMmseSoftDemapKernel<float, __half, __half, float, (unsigned int)4, (unsigned short)16383>(channel_eq::_puschRxChEqStatDescr *, channel_eq::_puschRxChEqSoftDemapDynDescr)"
7327601154,790967,184141,1,1,1,32,32,1,30,0.000,0.000,,,,,NVIDIA A100-SXM4-40GB MIG 4g.20gb (0),1,,13,"void convert_kernel<float2, __half2>(tensor_layout_any, T1 *, tensor_layout_any, const T2 *)"
7329015634,15296,184153,2253,1,1,128,1,1,16,0.000,0.000,,,,,NVIDIA A100-SXM4-40GB MIG 4g.20gb (0),1,,13,cupy_copy__float16_float16
7329712330,4928,184162,282,1,1,128,1,1,16,0.000,0.000,,,,,NVIDIA A100-SXM4-40GB MIG 4g.20gb (0),1,,13,cupy_copy__complex64_complex64
7330072294,3616,184171,26,1,1,128,1,1,16,0.000,0.000,,,,,NVIDIA A100-SXM4-40GB MIG 4g.20gb (0),1,,13,cupy_copy__float32_float32
7330391139,9727,184180,103,1,1,128,1,1,16,0.000,0.000,,,,,NVIDIA A100-SXM4-40GB MIG 4g.20gb (0),1,,13,cupy_copy__complex64_complex64
7330673087,19520,184190,1434,1,1,128,1,1,16,0.000,0.000,,,,,NVIDIA A100-SXM4-40GB MIG 4g.20gb (0),1,,13,cupy_copy__complex64_complex64
7330911837,248317,184195,1,1,1,32,32,1,30,0.000,0.000,,,,,NVIDIA A100-SXM4-40GB MIG 4g.20gb (0),1,,13,"void convert_kernel<__half2, float2>(tensor_layout_any, T1 *, tensor_layout_any, const T2 *)"
7331193145,5568,184198,,,,,,,,,,0.094,16827.521,Pinned,Device,NVIDIA A100-SXM4-40GB MIG 4g.20gb (0),1,,13,[CUDA memcpy Host-to-Device]
7331533942,611225,184199,,,,,,,,,,456.561,746934.516,Device,,NVIDIA A100-SXM4-40GB MIG 4g.20gb (0),1,,13,[CUDA memset]
7332151663,63231,184204,,,,,,,,,,1.235,19530.639,Pinned,Device,NVIDIA A100-SXM4-40GB MIG 4g.20gb (0),1,,13,[CUDA memcpy Host-to-Device]
7332217646,12544,184205,,,,,,,,,,0.197,15673.393,Pinned,Device,NVIDIA A100-SXM4-40GB MIG 4g.20gb (0),1,,13,[CUDA memcpy Host-to-Device]
7332569130,13472,184206,69,4,1,48,1,1,76,0.002,0.000,,,,,NVIDIA A100-SXM4-40GB MIG 4g.20gb (0),1,,13,"void ch_est::windowedChEstPreNoDftSOfdmKernel<float, __half, float, (unsigned int)2, (unsigned int)1, (unsigned short)4>(ch_est::puschRxChEstStatDescr_t *, ch_est::puschRxChEstDynDescr_t *)"
7333106372,18624,184207,137,2,1,24,2,1,44,0.001,0.001,,,,,NVIDIA A100-SXM4-40GB MIG 4g.20gb (0),1,,13,"void ch_est::chEstFilterNoDftSOfdmDispatchKernel<float, __half, float, (unsigned int)2>(ch_est::puschRxChEstStatDescr_t *, ch_est::puschRxChEstDynDescr_t *)"
7333375329,14432,184208,137,2,1,24,2,1,44,0.001,0.001,,,,,NVIDIA A100-SXM4-40GB MIG 4g.20gb (0),1,,13,"void ch_est::chEstFilterNoDftSOfdmDispatchKernel<float, __half, float, (unsigned int)2>(ch_est::puschRxChEstStatDescr_t *, ch_est::puschRxChEstDynDescr_t *)"
7333910075,5728,184219,103,1,1,128,1,1,16,0.000,0.000,,,,,NVIDIA A100-SXM4-40GB MIG 4g.20gb (0),1,,13,cupy_copy__complex64_complex64
7334426197,15872,184229,1434,1,1,128,1,1,16,0.000,0.000,,,,,NVIDIA A100-SXM4-40GB MIG 4g.20gb (0),1,,13,cupy_copy__complex64_complex64
7335024654,4960,184236,103,1,1,128,1,1,16,0.000,0.000,,,,,NVIDIA A100-SXM4-40GB MIG 4g.20gb (0),1,,13,cupy_copy__complex64_complex64
7335648711,279837,184243,1,1,1,32,32,1,30,0.000,0.000,,,,,NVIDIA A100-SXM4-40GB MIG 4g.20gb (0),1,,13,"void convert_kernel<__half2, float2>(tensor_layout_any, T1 *, tensor_layout_any, const T2 *)"
7335959076,7679,184246,,,,,,,,,,0.094,12201.562,Pinned,Device,NVIDIA A100-SXM4-40GB MIG 4g.20gb (0),1,,13,[CUDA memcpy Host-to-Device]
7336384607,49567,184247,,,,,,,,,,35.810,722429.326,Device,,NVIDIA A100-SXM4-40GB MIG 4g.20gb (0),1,,13,[CUDA memset]
7336437822,4064,184249,,,,,,,,,,0.000,19.685,Pinned,Device,NVIDIA A100-SXM4-40GB MIG 4g.20gb (0),1,,13,[CUDA memcpy Host-to-Device]
7336446718,12608,184250,,,,,,,,,,0.197,15593.767,Pinned,Device,NVIDIA A100-SXM4-40GB MIG 4g.20gb (0),1,,13,[CUDA memcpy Host-to-Device]
7337060215,15872,184251,273,1,1,48,1,1,40,0.000,0.001,,,,,NVIDIA A100-SXM4-40GB MIG 4g.20gb (0),1,,13,"void pusch_noise_intf_est::noiseIntfEstNoDftSOfdmKernel<float, __half, float, float, (unsigned int)2, (unsigned int)1, (unsigned char)4, (unsigned char)4>(pusch_noise_intf_est::puschRxNoiseIntfEstDynDescr)"
7337684368,4512,184262,35,1,1,128,1,1,16,0.000,0.000,,,,,NVIDIA A100-SXM4-40GB MIG 4g.20gb (0),1,,13,cupy_copy__complex64_complex64
7338216554,3584,184271,1,1,1,1,1,1,18,0.000,0.000,,,,,NVIDIA A100-SXM4-40GB MIG 4g.20gb (0),1,,13,cupy_copy__float32_float32
7338225258,3200,184277,,,,,,,,,,0.000,1.250,Device,Pageable,NVIDIA A100-SXM4-40GB MIG 4g.20gb (0),1,,7,[CUDA memcpy Device-to-Host]
7338842403,21248,184288,1434,1,1,128,1,1,16,0.000,0.000,,,,,NVIDIA A100-SXM4-40GB MIG 4g.20gb (0),1,,13,cupy_copy__complex64_complex64
7339211135,5632,184295,103,1,1,128,1,1,16,0.000,0.000,,,,,NVIDIA A100-SXM4-40GB MIG 4g.20gb (0),1,,13,cupy_copy__complex64_complex64
7339556411,6816,184302,35,1,1,128,1,1,16,0.000,0.000,,,,,NVIDIA A100-SXM4-40GB MIG 4g.20gb (0),1,,13,cupy_copy__complex64_complex64
7339916951,3424,184309,1,1,1,1,1,1,18,0.000,0.000,,,,,NVIDIA A100-SXM4-40GB MIG 4g.20gb (0),1,,13,cupy_copy__float32_float32
7340237971,244637,184320,1,1,1,32,32,1,30,0.000,0.000,,,,,NVIDIA A100-SXM4-40GB MIG 4g.20gb (0),1,,13,"void convert_kernel<__half2, float2>(tensor_layout_any, T1 *, tensor_layout_any, const T2 *)"
7340512848,6432,184323,,,,,,,,,,0.094,14567.105,Pinned,Device,NVIDIA A100-SXM4-40GB MIG 4g.20gb (0),1,,13,[CUDA memcpy Host-to-Device]
7340735757,16992,184324,,,,,,,,,,1.547,91020.369,Device,,NVIDIA A100-SXM4-40GB MIG 4g.20gb (0),1,,13,[CUDA memset]
7340759309,3296,184329,,,,,,,,,,0.031,9495.144,Pinned,Device,NVIDIA A100-SXM4-40GB MIG 4g.20gb (0),1,,13,[CUDA memcpy Host-to-Device]
7340765517,9792,184330,,,,,,,,,,0.197,20078.395,Pinned,Device,NVIDIA A100-SXM4-40GB MIG 4g.20gb (0),1,,13,[CUDA memcpy Host-to-Device]
7341052298,20320,184331,273,1,1,8,4,1,39,0.002,0.000,,,,,NVIDIA A100-SXM4-40GB MIG 4g.20gb (0),1,,13,"void channel_eq::eqMmseCoefCompLowMimoKernel<float, float, float, (unsigned int)4, (unsigned int)1, (unsigned int)4>(const channel_eq::_puschRxChEqStatDescr *, channel_eq::_puschRxChEqCoefCompDynDescr)"
7341416390,32223,184332,273,1,1,12,11,1,51,0.002,0.000,,,,,NVIDIA A100-SXM4-40GB MIG 4g.20gb (0),1,,13,"void channel_eq::eqMmseSoftDemapKernel<float, __half, __half, float, (unsigned int)4, (unsigned short)16383>(channel_eq::_puschRxChEqStatDescr *, channel_eq::_puschRxChEqSoftDemapDynDescr)"
7341704834,716952,184333,1,1,1,32,32,1,30,0.000,0.000,,,,,NVIDIA A100-SXM4-40GB MIG 4g.20gb (0),1,,13,"void convert_kernel<float2, __half2>(tensor_layout_any, T1 *, tensor_layout_any, const T2 *)"
7342831766,14432,184345,2253,1,1,128,1,1,16,0.000,0.000,,,,,NVIDIA A100-SXM4-40GB MIG 4g.20gb (0),1,,13,cupy_copy__float16_float16
7343285393,16511,184354,282,1,1,128,1,1,16,0.000,0.000,,,,,NVIDIA A100-SXM4-40GB MIG 4g.20gb (0),1,,13,cupy_copy__complex64_complex64
7343685964,4768,184363,26,1,1,128,1,1,16,0.000,0.000,,,,,NVIDIA A100-SXM4-40GB MIG 4g.20gb (0),1,,13,cupy_copy__float32_float32
7344206374,7520,184372,103,1,1,128,1,1,16,0.000,0.000,,,,,NVIDIA A100-SXM4-40GB MIG 4g.20gb (0),1,,13,cupy_copy__complex64_complex64
7344739968,16288,184382,1434,1,1,128,1,1,16,0.000,0.000,,,,,NVIDIA A100-SXM4-40GB MIG 4g.20gb (0),1,,13,cupy_copy__complex64_complex64
7345283002,281597,184387,1,1,1,32,32,1,30,0.000,0.000,,,,,NVIDIA A100-SXM4-40GB MIG 4g.20gb (0),1,,13,"void convert_kernel<__half2, float2>(tensor_layout_any, T1 *, tensor_layout_any, const T2 *)"
7345598902,10912,184390,,,,,,,,,,0.094,8586.489,Pinned,Device,NVIDIA A100-SXM4-40GB MIG 4g.20gb (0),1,,13,[CUDA memcpy Host-to-Device]
7346054609,611609,184391,,,,,,,,,,456.561,746477.954,Device,,NVIDIA A100-SXM4-40GB MIG 4g.20gb (0),1,,13,[CUDA memset]
7346671818,61216,184396,,,,,,,,,,1.235,20172.810,Pinned,Device,NVIDIA A100-SXM4-40GB MIG 4g.20gb (0),1,,13,[CUDA memcpy Host-to-Device]
7346736458,9791,184397,,,,,,,,,,0.197,20080.361,Pinned,Device,NVIDIA A100-SXM4-40GB MIG 4g.20gb (0),1,,13,[CUDA memcpy Host-to-Device]
7347199332,14816,184398,69,4,1,48,1,1,76,0.002,0.000,,,,,NVIDIA A100-SXM4-40GB MIG 4g.20gb (0),1,,13,"void ch_est::windowedChEstPreNoDftSOfdmKernel<float, __half, float, (unsigned int)2, (unsigned int)1, (unsigned short)4>(ch_est::puschRxChEstStatDescr_t *, ch_est::puschRxChEstDynDescr_t *)"
7347558624,8928,184399,137,2,1,24,2,1,44,0.001,0.001,,,,,NVIDIA A100-SXM4-40GB MIG 4g.20gb (0),1,,13,"void ch_est::chEstFilterNoDftSOfdmDispatchKernel<float, __half, float, (unsigned int)2>(ch_est::puschRxChEstStatDescr_t *, ch_est::puschRxChEstDynDescr_t *)"
7347826877,26912,184400,137,2,1,24,2,1,44,0.001,0.001,,,,,NVIDIA A100-SXM4-40GB MIG 4g.20gb (0),1,,13,"void ch_est::chEstFilterNoDftSOfdmDispatchKernel<float, __half, float, (unsigned int)2>(ch_est::puschRxChEstStatDescr_t *, ch_est::puschRxChEstDynDescr_t *)"
7347948924,5440,184411,103,1,1,128,1,1,16,0.000,0.000,,,,,NVIDIA A100-SXM4-40GB MIG 4g.20gb (0),1,,13,cupy_copy__complex64_complex64
7348176825,15680,184421,1434,1,1,128,1,1,16,0.000,0.000,,,,,NVIDIA A100-SXM4-40GB MIG 4g.20gb (0),1,,13,cupy_copy__complex64_complex64
7348437846,5088,184428,103,1,1,128,1,1,16,0.000,0.000,,,,,NVIDIA A100-SXM4-40GB MIG 4g.20gb (0),1,,13,cupy_copy__complex64_complex64
7348646580,243357,184435,1,1,1,32,32,1,30,0.000,0.000,,,,,NVIDIA A100-SXM4-40GB MIG 4g.20gb (0),1,,13,"void convert_kernel<__half2, float2>(tensor_layout_any, T1 *, tensor_layout_any, const T2 *)"
7348919313,5888,184438,,,,,,,,,,0.094,15912.954,Pinned,Device,NVIDIA A100-SXM4-40GB MIG 4g.20gb (0),1,,13,[CUDA memcpy Host-to-Device]
7349138414,61184,184439,,,,,,,,,,35.810,585277.332,Device,,NVIDIA A100-SXM4-40GB MIG 4g.20gb (0),1,,13,[CUDA memset]
7349202542,2112,184441,,,,,,,,,,0.000,37.879,Pinned,Device,NVIDIA A100-SXM4-40GB MIG 4g.20gb (0),1,,13,[CUDA memcpy Host-to-Device]
7349207630,9727,184442,,,,,,,,,,0.197,20212.482,Pinned,Device,NVIDIA A100-SXM4-40GB MIG 4g.20gb (0),1,,13,[CUDA memcpy Host-to-Device]
7349496682,14496,184443,273,1,1,48,1,1,40,0.000,0.001,,,,,NVIDIA A100-SXM4-40GB MIG 4g.20gb (0),1,,13,"void pusch_noise_intf_est::noiseIntfEstNoDftSOfdmKernel<float, __half, float, float, (unsigned int)2, (unsigned int)1, (unsigned char)4, (unsigned char)4>(pusch_noise_intf_est::puschRxNoiseIntfEstDynDescr)"
7350044324,5344,184454,35,1,1,128,1,1,16,0.000,0.000,,,,,NVIDIA A100-SXM4-40GB MIG 4g.20gb (0),1,,13,cupy_copy__complex64_complex64
7350415744,3552,184463,1,1,1,1,1,1,18,0.000,0.000,,,,,NVIDIA A100-SXM4-40GB MIG 4g.20gb (0),1,,13,cupy_copy__float32_float32
7350421376,2208,184469,,,,,,,,,,0.000,1.812,Device,Pageable,NVIDIA A100-SXM4-40GB MIG 4g.20gb (0),1,,7,[CUDA memcpy Device-to-Host]
7350985785,20160,184480,1434,1,1,128,1,1,16,0.000,0.000,,,,,NVIDIA A100-SXM4-40GB MIG 4g.20gb (0),1,,13,cupy_copy__complex64_complex64
7351415861,4384,184487,103,1,1,128,1,1,16,0.000,0.000,,,,,NVIDIA A100-SXM4-40GB MIG 4g.20gb (0),1,,13,cupy_copy__complex64_complex64
7351972782,4512,184494,35,1,1,128,1,1,16,0.000,0.000,,,,,NVIDIA A100-SXM4-40GB MIG 4g.20gb (0),1,,13,cupy_copy__complex64_complex64
7352442889,4384,184501,1,1,1,1,1,1,18,0.000,0.000,,,,,NVIDIA A100-SXM4-40GB MIG 4g.20gb (0),1,,13,cupy_copy__float32_float32
7352928835,285629,184512,1,1,1,32,32,1,30,0.000,0.000,,,,,NVIDIA A100-SXM4-40GB MIG 4g.20gb (0),1,,13,"void convert_kernel<__half2, float2>(tensor_layout_any, T1 *, tensor_layout_any, const T2 *)"
7353245408,5600,184515,,,,,,,,,,0.094,16731.388,Pinned,Device,NVIDIA A100-SXM4-40GB MIG 4g.20gb (0),1,,13,[CUDA memcpy Host-to-Device]
7353669243,4768,184516,,,,,,,,,,1.547,324374.998,Device,,NVIDIA A100-SXM4-40GB MIG 4g.20gb (0),1,,13,[CUDA memset]
7353682043,7200,184521,,,,,,,,,,0.031,4346.639,Pinned,Device,NVIDIA A100-SXM4-40GB MIG 4g.20gb (0),1,,13,[CUDA memcpy Host-to-Device]
7353691707,10176,184522,,,,,,,,,,0.197,19320.668,Pinned,Device,NVIDIA A100-SXM4-40GB MIG 4g.20gb (0),1,,13,[CUDA memcpy Host-to-Device]
7354221045,23392,184523,273,1,1,8,4,1,39,0.002,0.000,,,,,NVIDIA A100-SXM4-40GB MIG 4g.20gb (0),1,,13,"void channel_eq::eqMmseCoefCompLowMimoKernel<float, float, float, (unsigned int)4, (unsigned int)1, (unsigned int)4>(const channel_eq::_puschRxChEqStatDescr *, channel_eq::_puschRxChEqCoefCompDynDescr)"
7354808878,17952,184524,273,1,1,12,11,1,51,0.002,0.000,,,,,NVIDIA A100-SXM4-40GB MIG 4g.20gb (0),1,,13,"void channel_eq::eqMmseSoftDemapKernel<float, __half, __half, float, (unsigned int)4, (unsigned short)16383>(channel_eq::_puschRxChEqStatDescr *, channel_eq::_puschRxChEqSoftDemapDynDescr)"
7355265385,645241,184525,1,1,1,32,32,1,30,0.000,0.000,,,,,NVIDIA A100-SXM4-40GB MIG 4g.20gb (0),1,,13,"void convert_kernel<float2, __half2>(tensor_layout_any, T1 *, tensor_layout_any, const T2 *)"
7356121567,17248,184537,2253,1,1,128,1,1,16,0.000,0.000,,,,,NVIDIA A100-SXM4-40GB MIG 4g.20gb (0),1,,13,cupy_copy__float16_float16
7356244798,16640,184546,282,1,1,128,1,1,16,0.000,0.000,,,,,NVIDIA A100-SXM4-40GB MIG 4g.20gb (0),1,,13,cupy_copy__complex64_complex64
7356480731,4448,184555,26,1,1,128,1,1,16,0.000,0.000,,,,,NVIDIA A100-SXM4-40GB MIG 4g.20gb (0),1,,13,cupy_copy__float32_float32
7356844887,5728,184564,103,1,1,128,1,1,16,0.000,0.000,,,,,NVIDIA A100-SXM4-40GB MIG 4g.20gb (0),1,,13,cupy_copy__complex64_complex64
7357148052,17407,184574,1434,1,1,128,1,1,16,0.000,0.000,,,,,NVIDIA A100-SXM4-40GB MIG 4g.20gb (0),1,,13,cupy_copy__complex64_complex64
7357524431,332125,184579,1,1,1,32,32,1,30,0.000,0.000,,,,,NVIDIA A100-SXM4-40GB MIG 4g.20gb (0),1,,13,"void convert_kernel<__half2, float2>(tensor_layout_any, T1 *, tensor_layout_any, const T2 *)"
7357886955,5664,184582,,,,,,,,,,0.094,16542.310,Pinned,Device,NVIDIA A100-SXM4-40GB MIG 4g.20gb (0),1,,13,[CUDA memcpy Host-to-Device]
7358326150,619097,184583,,,,,,,,,,456.561,737346.726,Device,,NVIDIA A100-SXM4-40GB MIG 4g.20gb (0),1,,13,[CUDA memset]
7358951519,52192,184588,,,,,,,,,,1.235,23661.527,Pinned,Device,NVIDIA A100-SXM4-40GB MIG 4g.20gb (0),1,,13,[CUDA memcpy Host-to-Device]
7359006399,10848,184589,,,,,,,,,,0.197,18123.719,Pinned,Device,NVIDIA A100-SXM4-40GB MIG 4g.20gb (0),1,,13,[CUDA memcpy Host-to-Device]
7359497977,28800,184590,69,4,1,48,1,1,76,0.002,0.000,,,,,NVIDIA A100-SXM4-40GB MIG 4g.20gb (0),1,,13,"void ch_est::windowedChEstPreNoDftSOfdmKernel<float, __half, float, (unsigned int)2, (unsigned int)1, (unsigned short)4>(ch_est::puschRxChEstStatDescr_t *, ch_est::puschRxChEstDynDescr_t *)"
7359843477,30240,184591,137,2,1,24,2,1,44,0.001,0.001,,,,,NVIDIA A100-SXM4-40GB MIG 4g.20gb (0),1,,13,"void ch_est::chEstFilterNoDftSOfdmDispatchKernel<float, __half, float, (unsigned int)2>(ch_est::puschRxChEstStatDescr_t *, ch_est::puschRxChEstDynDescr_t *)"
7360108754,13312,184592,137,2,1,24,2,1,44,0.001,0.001,,,,,NVIDIA A100-SXM4-40GB MIG 4g.20gb (0),1,,13,"void ch_est::chEstFilterNoDftSOfdmDispatchKernel<float, __half, float, (unsigned int)2>(ch_est::puschRxChEstStatDescr_t *, ch_est::puschRxChEstDynDescr_t *)"
7360448782,4096,184603,103,1,1,128,1,1,16,0.000,0.000,,,,,NVIDIA A100-SXM4-40GB MIG 4g.20gb (0),1,,13,cupy_copy__complex64_complex64
7360685900,17951,184613,1434,1,1,128,1,1,16,0.000,0.000,,,,,NVIDIA A100-SXM4-40GB MIG 4g.20gb (0),1,,13,cupy_copy__complex64_complex64
7361004552,14144,184620,103,1,1,128,1,1,16,0.000,0.000,,,,,NVIDIA A100-SXM4-40GB MIG 4g.20gb (0),1,,13,cupy_copy__complex64_complex64
7361206502,303100,184627,1,1,1,32,32,1,30,0.000,0.000,,,,,NVIDIA A100-SXM4-40GB MIG 4g.20gb (0),1,,13,"void convert_kernel<__half2, float2>(tensor_layout_any, T1 *, tensor_layout_any, const T2 *)"
7361539202,5632,184630,,,,,,,,,,0.094,16636.287,Pinned,Device,NVIDIA A100-SXM4-40GB MIG 4g.20gb (0),1,,13,[CUDA memcpy Host-to-Device]
7361764735,52992,184631,,,,,,,,,,35.810,675733.190,Device,,NVIDIA A100-SXM4-40GB MIG 4g.20gb (0),1,,13,[CUDA memset]
7361824479,2784,184633,,,,,,,,,,0.000,28.736,Pinned,Device,NVIDIA A100-SXM4-40GB MIG 4g.20gb (0),1,,13,[CUDA memcpy Host-to-Device]
7361829919,9696,184634,,,,,,,,,,0.197,20277.166,Pinned,Device,NVIDIA A100-SXM4-40GB MIG 4g.20gb (0),1,,13,[CUDA memcpy Host-to-Device]
7362141915,21600,184635,273,1,1,48,1,1,40,0.000,0.001,,,,,NVIDIA A100-SXM4-40GB MIG 4g.20gb (0),1,,13,"void pusch_noise_intf_est::noiseIntfEstNoDftSOfdmKernel<float, __half, float, float, (unsigned int)2, (unsigned int)1, (unsigned char)4, (unsigned char)4>(pusch_noise_intf_est::puschRxNoiseIntfEstDynDescr)"
7362578838,9216,184646,35,1,1,128,1,1,16,0.000,0.000,,,,,NVIDIA A100-SXM4-40GB MIG 4g.20gb (0),1,,13,cupy_copy__complex64_complex64
7362981618,4928,184655,1,1,1,1,1,1,18,0.000,0.000,,,,,NVIDIA A100-SXM4-40GB MIG 4g.20gb (0),1,,13,cupy_copy__float32_float32
7362993170,1599,184661,,,,,,,,,,0.000,2.502,Device,Pageable,NVIDIA A100-SXM4-40GB MIG 4g.20gb (0),1,,7,[CUDA memcpy Device-to-Host]
7363508012,16639,184672,1434,1,1,128,1,1,16,0.000,0.000,,,,,NVIDIA A100-SXM4-40GB MIG 4g.20gb (0),1,,13,cupy_copy__complex64_complex64
7364012070,7360,184679,103,1,1,128,1,1,16,0.000,0.000,,,,,NVIDIA A100-SXM4-40GB MIG 4g.20gb (0),1,,13,cupy_copy__complex64_complex64
7364458049,8416,184686,35,1,1,128,1,1,16,0.000,0.000,,,,,NVIDIA A100-SXM4-40GB MIG 4g.20gb (0),1,,13,cupy_copy__complex64_complex64
7364800701,9440,184693,1,1,1,1,1,1,18,0.000,0.000,,,,,NVIDIA A100-SXM4-40GB MIG 4g.20gb (0),1,,13,cupy_copy__float32_float32
7365250424,300189,184704,1,1,1,32,32,1,30,0.000,0.000,,,,,NVIDIA A100-SXM4-40GB MIG 4g.20gb (0),1,,13,"void convert_kernel<__half2, float2>(tensor_layout_any, T1 *, tensor_layout_any, const T2 *)"
7365580660,6304,184707,,,,,,,,,,0.094,14862.903,Pinned,Device,NVIDIA A100-SXM4-40GB MIG 4g.20gb (0),1,,13,[CUDA memcpy Host-to-Device]
7366026447,9600,184708,,,,,,,,,,1.547,161105.636,Device,,NVIDIA A100-SXM4-40GB MIG 4g.20gb (0),1,,13,[CUDA memset]
7366042191,8736,184713,,,,,,,,,,0.031,3582.391,Pinned,Device,NVIDIA A100-SXM4-40GB MIG 4g.20gb (0),1,,13,[CUDA memcpy Host-to-Device]
7366053423,10496,184714,,,,,,,,,,0.197,18731.631,Pinned,Device,NVIDIA A100-SXM4-40GB MIG 4g.20gb (0),1,,13,[CUDA memcpy Host-to-Device]
7366559241,18624,184715,273,1,1,8,4,1,39,0.002,0.000,,,,,NVIDIA A100-SXM4-40GB MIG 4g.20gb (0),1,,13,"void channel_eq::eqMmseCoefCompLowMimoKernel<float, float, float, (unsigned int)4, (unsigned int)1, (unsigned int)4>(const channel_eq::_puschRxChEqStatDescr *, channel_eq::_puschRxChEqCoefCompDynDescr)"
7366906565,26336,184716,273,1,1,12,11,1,51,0.002,0.000,,,,,NVIDIA A100-SXM4-40GB MIG 4g.20gb (0),1,,13,"void channel_eq::eqMmseSoftDemapKernel<float, __half, __half, float, (unsigned int)4, (unsigned short)16383>(channel_eq::_puschRxChEqStatDescr *, channel_eq::_puschRxChEqSoftDemapDynDescr)"
7367435679,704312,184717,1,1,1,32,32,1,30,0.000,0.000,,,,,NVIDIA A100-SXM4-40GB MIG 4g.20gb (0),1,,13,"void convert_kernel<float2, __half2>(tensor_layout_any, T1 *, tensor_layout_any, const T2 *)"
7368396212,14624,184729,2253,1,1,128,1,1,16,0.000,0.000,,,,,NVIDIA A100-SXM4-40GB MIG 4g.20gb (0),1,,13,cupy_copy__float16_float16
7368662001,5952,184738,282,1,1,128,1,1,16,0.000,0.000,,,,,NVIDIA A100-SXM4-40GB MIG 4g.20gb (0),1,,13,cupy_copy__complex64_complex64
7368889423,5824,184747,26,1,1,128,1,1,16,0.000,0.000,,,,,NVIDIA A100-SXM4-40GB MIG 4g.20gb (0),1,,13,cupy_copy__float32_float32
7369009197,9856,184756,103,1,1,128,1,1,16,0.000,0.000,,,,,NVIDIA A100-SXM4-40GB MIG 4g.20gb (0),1,,13,cupy_copy__complex64_complex64
7369229355,18816,184766,1434,1,1,128,1,1,16,0.000,0.000,,,,,NVIDIA A100-SXM4-40GB MIG 4g.20gb (0),1,,13,cupy_copy__complex64_complex64
7369421865,272541,184771,1,1,1,32,32,1,30,0.000,0.000,,,,,NVIDIA A100-SXM4-40GB MIG 4g.20gb (0),1,,13,"void convert_kernel<__half2, float2>(tensor_layout_any, T1 *, tensor_layout_any, const T2 *)"
7369724453,5632,184774,,,,,,,,,,0.094,16636.287,Pinned,Device,NVIDIA A100-SXM4-40GB MIG 4g.20gb (0),1,,13,[CUDA memcpy Host-to-Device]
7370094529,606521,184775,,,,,,,,,,456.561,752413.253,Device,,NVIDIA A100-SXM4-40GB MIG 4g.20gb (0),1,,13,[CUDA memset]
7370706874,61503,184780,,,,,,,,,,1.235,20078.954,Pinned,Device,NVIDIA A100-SXM4-40GB MIG 4g.20gb (0),1,,13,[CUDA memcpy Host-to-Device]
7370770809,10656,184781,,,,,,,,,,0.197,18450.285,Pinned,Device,NVIDIA A100-SXM4-40GB MIG 4g.20gb (0),1,,13,[CUDA memcpy Host-to-Device]
7371246164,20736,184782,69,4,1,48,1,1,76,0.002,0.000,,,,,NVIDIA A100-SXM4-40GB MIG 4g.20gb (0),1,,13,"void ch_est::windowedChEstPreNoDftSOfdmKernel<float, __half, float, (unsigned int)2, (unsigned int)1, (unsigned short)4>(ch_est::puschRxChEstStatDescr_t *, ch_est::puschRxChEstDynDescr_t *)"
7371606224,19360,184783,137,2,1,24,2,1,44,0.001,0.001,,,,,NVIDIA A100-SXM4-40GB MIG 4g.20gb (0),1,,13,"void ch_est::chEstFilterNoDftSOfdmDispatchKernel<float, __half, float, (unsigned int)2>(ch_est::puschRxChEstStatDescr_t *, ch_est::puschRxChEstDynDescr_t *)"
7371885357,20256,184784,137,2,1,24,2,1,44,0.001,0.001,,,,,NVIDIA A100-SXM4-40GB MIG 4g.20gb (0),1,,13,"void ch_est::chEstFilterNoDftSOfdmDispatchKernel<float, __half, float, (unsigned int)2>(ch_est::puschRxChEstStatDescr_t *, ch_est::puschRxChEstDynDescr_t *)"
7372202153,8608,184795,103,1,1,128,1,1,16,0.000,0.000,,,,,NVIDIA A100-SXM4-40GB MIG 4g.20gb (0),1,,13,cupy_copy__complex64_complex64
7372471270,16416,184805,1434,1,1,128,1,1,16,0.000,0.000,,,,,NVIDIA A100-SXM4-40GB MIG 4g.20gb (0),1,,13,cupy_copy__complex64_complex64
7372830978,5920,184812,103,1,1,128,1,1,16,0.000,0.000,,,,,NVIDIA A100-SXM4-40GB MIG 4g.20gb (0),1,,13,cupy_copy__complex64_complex64
7373154046,281885,184819,1,1,1,32,32,1,30,0.000,0.000,,,,,NVIDIA A100-SXM4-40GB MIG 4g.20gb (0),1,,13,"void convert_kernel<__half2, float2>(tensor_layout_any, T1 *, tensor_layout_any, const T2 *)"
7373470811,5792,184822,,,,,,,,,,0.094,16176.708,Pinned,Device,NVIDIA A100-SXM4-40GB MIG 4g.20gb (0),1,,13,[CUDA memcpy Host-to-Device]
7373711352,64607,184823,,,,,,,,,,35.810,554265.942,Device,,NVIDIA A100-SXM4-40GB MIG 4g.20gb (0),1,,13,[CUDA memset]
7373777207,2720,184825,,,,,,,,,,0.000,29.412,Pinned,Device,NVIDIA A100-SXM4-40GB MIG 4g.20gb (0),1,,13,[CUDA memcpy Host-to-Device]
7373782615,9856,184826,,,,,,,,,,0.197,19948.044,Pinned,Device,NVIDIA A100-SXM4-40GB MIG 4g.20gb (0),1,,13,[CUDA memcpy Host-to-Device]
7374115060,24703,184827,273,1,1,48,1,1,40,0.000,0.001,,,,,NVIDIA A100-SXM4-40GB MIG 4g.20gb (0),1,,13,"void pusch_noise_intf_est::noiseIntfEstNoDftSOfdmKernel<float, __half, float, float, (unsigned int)2, (unsigned int)1, (unsigned char)4, (unsigned char)4>(pusch_noise_intf_est::puschRxNoiseIntfEstDynDescr)"
7374463376,11616,184838,35,1,1,128,1,1,16,0.000,0.000,,,,,NVIDIA A100-SXM4-40GB MIG 4g.20gb (0),1,,13,cupy_copy__complex64_complex64
7374740717,3743,184847,1,1,1,1,1,1,18,0.000,0.000,,,,,NVIDIA A100-SXM4-40GB MIG 4g.20gb (0),1,,13,cupy_copy__float32_float32
7374747564,1856,184853,,,,,,,,,,0.000,2.155,Device,Pageable,NVIDIA A100-SXM4-40GB MIG 4g.20gb (0),1,,7,[CUDA memcpy Device-to-Host]
7374992426,15200,184864,1434,1,1,128,1,1,16,0.000,0.000,,,,,NVIDIA A100-SXM4-40GB MIG 4g.20gb (0),1,,13,cupy_copy__complex64_complex64
7375229639,9120,184871,103,1,1,128,1,1,16,0.000,0.000,,,,,NVIDIA A100-SXM4-40GB MIG 4g.20gb (0),1,,13,cupy_copy__complex64_complex64
7375410981,8864,184878,35,1,1,128,1,1,16,0.000,0.000,,,,,NVIDIA A100-SXM4-40GB MIG 4g.20gb (0),1,,13,cupy_copy__complex64_complex64
7375635202,3200,184885,1,1,1,1,1,1,18,0.000,0.000,,,,,NVIDIA A100-SXM4-40GB MIG 4g.20gb (0),1,,13,cupy_copy__float32_float32
7375757185,238973,184896,1,1,1,32,32,1,30,0.000,0.000,,,,,NVIDIA A100-SXM4-40GB MIG 4g.20gb (0),1,,13,"void convert_kernel<__half2, float2>(tensor_layout_any, T1 *, tensor_layout_any, const T2 *)"
7376026654,5504,184899,,,,,,,,,,0.094,17023.251,Pinned,Device,NVIDIA A100-SXM4-40GB MIG 4g.20gb (0),1,,13,[CUDA memcpy Host-to-Device]
7376261275,9696,184900,,,,,,,,,,1.547,159511.066,Device,,NVIDIA A100-SXM4-40GB MIG 4g.20gb (0),1,,13,[CUDA memset]
7376274651,7904,184905,,,,,,,,,,0.031,3959.507,Pinned,Device,NVIDIA A100-SXM4-40GB MIG 4g.20gb (0),1,,13,[CUDA memcpy Host-to-Device]
7376290683,14496,184906,,,,,,,,,,0.197,13562.806,Pinned,Device,NVIDIA A100-SXM4-40GB MIG 4g.20gb (0),1,,13,[CUDA memcpy Host-to-Device]
7376591480,11135,184907,273,1,1,8,4,1,39,0.002,0.000,,,,,NVIDIA A100-SXM4-40GB MIG 4g.20gb (0),1,,13,"void channel_eq::eqMmseCoefCompLowMimoKernel<float, float, float, (unsigned int)4, (unsigned int)1, (unsigned int)4>(const channel_eq::_puschRxChEqStatDescr *, channel_eq::_puschRxChEqCoefCompDynDescr)"
7376958611,13600,184908,273,1,1,12,11,1,51,0.002,0.000,,,,,NVIDIA A100-SXM4-40GB MIG 4g.20gb (0),1,,13,"void channel_eq::eqMmseSoftDemapKernel<float, __half, __half, float, (unsigned int)4, (unsigned short)16383>(channel_eq::_puschRxChEqStatDescr *, channel_eq::_puschRxChEqSoftDemapDynDescr)"
7377327119,726136,184909,1,1,1,32,32,1,30,0.000,0.000,,,,,NVIDIA A100-SXM4-40GB MIG 4g.20gb (0),1,,13,"void convert_kernel<float2, __half2>(tensor_layout_any, T1 *, tensor_layout_any, const T2 *)"
7378398563,14560,184921,2253,1,1,128,1,1,16,0.000,0.000,,,,,NVIDIA A100-SXM4-40GB MIG 4g.20gb (0),1,,13,cupy_copy__float16_float16
7378767359,5888,184930,282,1,1,128,1,1,16,0.000,0.000,,,,,NVIDIA A100-SXM4-40GB MIG 4g.20gb (0),1,,13,cupy_copy__complex64_complex64
7379102907,7360,184939,26,1,1,128,1,1,16,0.000,0.000,,,,,NVIDIA A100-SXM4-40GB MIG 4g.20gb (0),1,,13,cupy_copy__float32_float32
7379385944,8704,184948,103,1,1,128,1,1,16,0.000,0.000,,,,,NVIDIA A100-SXM4-40GB MIG 4g.20gb (0),1,,13,cupy_copy__complex64_complex64
7379727540,19360,184958,1434,1,1,128,1,1,16,0.000,0.000,,,,,NVIDIA A100-SXM4-40GB MIG 4g.20gb (0),1,,13,cupy_copy__complex64_complex64
7379957009,254302,184963,1,1,1,32,32,1,30,0.000,0.000,,,,,NVIDIA A100-SXM4-40GB MIG 4g.20gb (0),1,,13,"void convert_kernel<__half2, float2>(tensor_layout_any, T1 *, tensor_layout_any, const T2 *)"
7380241902,5440,184966,,,,,,,,,,0.094,17223.480,Pinned,Device,NVIDIA A100-SXM4-40GB MIG 4g.20gb (0),1,,13,[CUDA memcpy Host-to-Device]
7380474444,614233,184967,,,,,,,,,,456.561,743282.024,Device,,NVIDIA A100-SXM4-40GB MIG 4g.20gb (0),1,,13,[CUDA memset]
7381089573,62303,184972,,,,,,,,,,1.235,19820.851,Pinned,Device,NVIDIA A100-SXM4-40GB MIG 4g.20gb (0),1,,13,[CUDA memcpy Host-to-Device]
7381154436,10272,184973,,,,,,,,,,0.197,19140.182,Pinned,Device,NVIDIA A100-SXM4-40GB MIG 4g.20gb (0),1,,13,[CUDA memcpy Host-to-Device]
7381354274,14335,184974,69,4,1,48,1,1,76,0.002,0.000,,,,,NVIDIA A100-SXM4-40GB MIG 4g.20gb (0),1,,13,"void ch_est::windowedChEstPreNoDftSOfdmKernel<float, __half, float, (unsigned int)2, (unsigned int)1, (unsigned short)4>(ch_est::puschRxChEstStatDescr_t *, ch_est::puschRxChEstDynDescr_t *)"
7381618911,12928,184975,137,2,1,24,2,1,44,0.001,0.001,,,,,NVIDIA A100-SXM4-40GB MIG 4g.20gb (0),1,,13,"void ch_est::chEstFilterNoDftSOfdmDispatchKernel<float, __half, float, (unsigned int)2>(ch_est::puschRxChEstStatDescr_t *, ch_est::puschRxChEstDynDescr_t *)"
7381875644,14624,184976,137,2,1,24,2,1,44,0.001,0.001,,,,,NVIDIA A100-SXM4-40GB MIG 4g.20gb (0),1,,13,"void ch_est::chEstFilterNoDftSOfdmDispatchKernel<float, __half, float, (unsigned int)2>(ch_est::puschRxChEstStatDescr_t *, ch_est::puschRxChEstDynDescr_t *)"
7382129145,5152,184987,103,1,1,128,1,1,16,0.000,0.000,,,,,NVIDIA A100-SXM4-40GB MIG 4g.20gb (0),1,,13,cupy_copy__complex64_complex64
7382417590,20031,184997,1434,1,1,128,1,1,16,0.000,0.000,,,,,NVIDIA A100-SXM4-40GB MIG 4g.20gb (0),1,,13,cupy_copy__complex64_complex64
7382708498,4832,185004,103,1,1,128,1,1,16,0.000,0.000,,,,,NVIDIA A100-SXM4-40GB MIG 4g.20gb (0),1,,13,cupy_copy__complex64_complex64
7382981647,288733,185011,1,1,1,32,32,1,30,0.000,0.000,,,,,NVIDIA A100-SXM4-40GB MIG 4g.20gb (0),1,,13,"void convert_kernel<__half2, float2>(tensor_layout_any, T1 *, tensor_layout_any, const T2 *)"
7383300300,8608,185014,,,,,,,,,,0.094,10884.758,Pinned,Device,NVIDIA A100-SXM4-40GB MIG 4g.20gb (0),1,,13,[CUDA memcpy Host-to-Device]
7383531497,55327,185015,,,,,,,,,,35.810,647228.494,Device,,NVIDIA A100-SXM4-40GB MIG 4g.20gb (0),1,,13,[CUDA memset]
7383591400,1984,185017,,,,,,,,,,0.000,40.323,Pinned,Device,NVIDIA A100-SXM4-40GB MIG 4g.20gb (0),1,,13,[CUDA memcpy Host-to-Device]
7383599656,9600,185018,,,,,,,,,,0.197,20479.869,Pinned,Device,NVIDIA A100-SXM4-40GB MIG 4g.20gb (0),1,,13,[CUDA memcpy Host-to-Device]
7383949316,24256,185019,273,1,1,48,1,1,40,0.000,0.001,,,,,NVIDIA A100-SXM4-40GB MIG 4g.20gb (0),1,,13,"void pusch_noise_intf_est::noiseIntfEstNoDftSOfdmKernel<float, __half, float, float, (unsigned int)2, (unsigned int)1, (unsigned char)4, (unsigned char)4>(pusch_noise_intf_est::puschRxNoiseIntfEstDynDescr)"
7384307424,8288,185030,35,1,1,128,1,1,16,0.000,0.000,,,,,NVIDIA A100-SXM4-40GB MIG 4g.20gb (0),1,,13,cupy_copy__complex64_complex64
7384636445,5023,185039,1,1,1,1,1,1,18,0.000,0.000,,,,,NVIDIA A100-SXM4-40GB MIG 4g.20gb (0),1,,13,cupy_copy__float32_float32
7384647452,1824,185045,,,,,,,,,,0.000,2.193,Device,Pageable,NVIDIA A100-SXM4-40GB MIG 4g.20gb (0),1,,7,[CUDA memcpy Device-to-Host]
7385028440,16832,185056,1434,1,1,128,1,1,16,0.000,0.000,,,,,NVIDIA A100-SXM4-40GB MIG 4g.20gb (0),1,,13,cupy_copy__complex64_complex64
7385370036,7360,185063,103,1,1,128,1,1,16,0.000,0.000,,,,,NVIDIA A100-SXM4-40GB MIG 4g.20gb (0),1,,13,cupy_copy__complex64_complex64
7385650417,4864,185070,35,1,1,128,1,1,16,0.000,0.000,,,,,NVIDIA A100-SXM4-40GB MIG 4g.20gb (0),1,,13,cupy_copy__complex64_complex64
7385980013,4672,185077,1,1,1,1,1,1,18,0.000,0.000,,,,,NVIDIA A100-SXM4-40GB MIG 4g.20gb (0),1,,13,cupy_copy__float32_float32
7386516231,263453,185088,1,1,1,32,32,1,30,0.000,0.000,,,,,NVIDIA A100-SXM4-40GB MIG 4g.20gb (0),1,,13,"void convert_kernel<__half2, float2>(tensor_layout_any, T1 *, tensor_layout_any, const T2 *)"
7386810308,6624,185091,,,,,,,,,,0.094,14144.910,Pinned,Device,NVIDIA A100-SXM4-40GB MIG 4g.20gb (0),1,,13,[CUDA memcpy Host-to-Device]
7387224447,9280,185092,,,,,,,,,,1.547,166661.109,Device,,NVIDIA A100-SXM4-40GB MIG 4g.20gb (0),1,,13,[CUDA memset]
7387237855,4608,185097,,,,,,,,,,0.031,6791.639,Pinned,Device,NVIDIA A100-SXM4-40GB MIG 4g.20gb (0),1,,13,[CUDA memcpy Host-to-Device]
7387249535,12800,185098,,,,,,,,,,0.197,15360.000,Pinned,Device,NVIDIA A100-SXM4-40GB MIG 4g.20gb (0),1,,13,[CUDA memcpy Host-to-Device]
7387665658,18560,185099,273,1,1,8,4,1,39,0.002,0.000,,,,,NVIDIA A100-SXM4-40GB MIG 4g.20gb (0),1,,13,"void channel_eq::eqMmseCoefCompLowMimoKernel<float, float, float, (unsigned int)4, (unsigned int)1, (unsigned int)4>(const channel_eq::_puschRxChEqStatDescr *, channel_eq::_puschRxChEqCoefCompDynDescr)"
7388104149,17568,185100,273,1,1,12,11,1,51,0.002,0.000,,,,,NVIDIA A100-SXM4-40GB MIG 4g.20gb (0),1,,13,"void channel_eq::eqMmseSoftDemapKernel<float, __half, __half, float, (unsigned int)4, (unsigned short)16383>(channel_eq::_puschRxChEqStatDescr *, channel_eq::_puschRxChEqSoftDemapDynDescr)"
7388611536,745015,185101,1,1,1,32,32,1,30,0.000,0.000,,,,,NVIDIA A100-SXM4-40GB MIG 4g.20gb (0),1,,13,"void convert_kernel<float2, __half2>(tensor_layout_any, T1 *, tensor_layout_any, const T2 *)"
7389853089,21184,185113,2253,1,1,128,1,1,16,0.000,0.000,,,,,NVIDIA A100-SXM4-40GB MIG 4g.20gb (0),1,,13,cupy_copy__float16_float16
7390236189,6304,185122,282,1,1,128,1,1,16,0.000,0.000,,,,,NVIDIA A100-SXM4-40GB MIG 4g.20gb (0),1,,13,cupy_copy__complex64_complex64
7390579097,3808,185131,26,1,1,128,1,1,16,0.000,0.000,,,,,NVIDIA A100-SXM4-40GB MIG 4g.20gb (0),1,,13,cupy_copy__float32_float32
7390809879,5824,185140,103,1,1,128,1,1,16,0.000,0.000,,,,,NVIDIA A100-SXM4-40GB MIG 4g.20gb (0),1,,13,cupy_copy__complex64_complex64
7391096915,18176,185150,1434,1,1,128,1,1,16,0.000,0.000,,,,,NVIDIA A100-SXM4-40GB MIG 4g.20gb (0),1,,13,cupy_copy__complex64_complex64
7391475215,284701,185155,1,1,1,32,32,1,30,0.000,0.000,,,,,NVIDIA A100-SXM4-40GB MIG 4g.20gb (0),1,,13,"void convert_kernel<__half2, float2>(tensor_layout_any, T1 *, tensor_layout_any, const T2 *)"
7391820331,5824,185158,,,,,,,,,,0.094,16087.884,Pinned,Device,NVIDIA A100-SXM4-40GB MIG 4g.20gb (0),1,,13,[CUDA memcpy Host-to-Device]
7392094696,611673,185159,,,,,,,,,,456.561,746021.393,Device,,NVIDIA A100-SXM4-40GB MIG 4g.20gb (0),1,,13,[CUDA memset]
7392709921,54815,185164,,,,,,,,,,1.235,22529.083,Pinned,Device,NVIDIA A100-SXM4-40GB MIG 4g.20gb (0),1,,13,[CUDA memcpy Host-to-Device]
7392771008,9504,185165,,,,,,,,,,0.197,20686.701,Pinned,Device,NVIDIA A100-SXM4-40GB MIG 4g.20gb (0),1,,13,[CUDA memcpy Host-to-Device]
7393129916,15232,185166,69,4,1,48,1,1,76,0.002,0.000,,,,,NVIDIA A100-SXM4-40GB MIG 4g.20gb (0),1,,13,"void ch_est::windowedChEstPreNoDftSOfdmKernel<float, __half, float, (unsigned int)2, (unsigned int)1, (unsigned short)4>(ch_est::puschRxChEstStatDescr_t *, ch_est::puschRxChEstDynDescr_t *)"
7393681494,31808,185167,137,2,1,24,2,1,44,0.001,0.001,,,,,NVIDIA A100-SXM4-40GB MIG 4g.20gb (0),1,,13,"void ch_est::chEstFilterNoDftSOfdmDispatchKernel<float, __half, float, (unsigned int)2>(ch_est::puschRxChEstStatDescr_t *, ch_est::puschRxChEstDynDescr_t *)"
7393945555,13600,185168,137,2,1,24,2,1,44,0.001,0.001,,,,,NVIDIA A100-SXM4-40GB MIG 4g.20gb (0),1,,13,"void ch_est::chEstFilterNoDftSOfdmDispatchKernel<float, __half, float, (unsigned int)2>(ch_est::puschRxChEstStatDescr_t *, ch_est::puschRxChEstDynDescr_t *)"
7394394798,5248,185179,103,1,1,128,1,1,16,0.000,0.000,,,,,NVIDIA A100-SXM4-40GB MIG 4g.20gb (0),1,,13,cupy_copy__complex64_complex64
7394810313,20800,185189,1434,1,1,128,1,1,16,0.000,0.000,,,,,NVIDIA A100-SXM4-40GB MIG 4g.20gb (0),1,,13,cupy_copy__complex64_complex64
7395135686,25247,185196,103,1,1,128,1,1,16,0.000,0.000,,,,,NVIDIA A100-SXM4-40GB MIG 4g.20gb (0),1,,13,cupy_copy__complex64_complex64
7395401635,336668,185203,1,1,1,32,32,1,30,0.000,0.000,,,,,NVIDIA A100-SXM4-40GB MIG 4g.20gb (0),1,,13,"void convert_kernel<__half2, float2>(tensor_layout_any, T1 *, tensor_layout_any, const T2 *)"
7395769150,6016,185206,,,,,,,,,,0.094,15574.430,Pinned,Device,NVIDIA A100-SXM4-40GB MIG 4g.20gb (0),1,,13,[CUDA memcpy Host-to-Device]
7396197818,54943,185207,,,,,,,,,,35.810,651740.544,Device,,NVIDIA A100-SXM4-40GB MIG 4g.20gb (0),1,,13,[CUDA memset]
7396255641,2176,185209,,,,,,,,,,0.000,36.765,Pinned,Device,NVIDIA A100-SXM4-40GB MIG 4g.20gb (0),1,,13,[CUDA memcpy Host-to-Device]
7396265209,9408,185210,,,,,,,,,,0.197,20897.858,Pinned,Device,NVIDIA A100-SXM4-40GB MIG 4g.20gb (0),1,,13,[CUDA memcpy Host-to-Device]
7396804019,34559,185211,273,1,1,48,1,1,40,0.000,0.001,,,,,NVIDIA A100-SXM4-40GB MIG 4g.20gb (0),1,,13,"void pusch_noise_intf_est::noiseIntfEstNoDftSOfdmKernel<float, __half, float, float, (unsigned int)2, (unsigned int)1, (unsigned char)4, (unsigned char)4>(pusch_noise_intf_est::puschRxNoiseIntfEstDynDescr)"
7397161935,7040,185222,35,1,1,128,1,1,16,0.000,0.000,,,,,NVIDIA A100-SXM4-40GB MIG 4g.20gb (0),1,,13,cupy_copy__complex64_complex64
7397611882,3872,185231,1,1,1,1,1,1,18,0.000,0.000,,,,,NVIDIA A100-SXM4-40GB MIG 4g.20gb (0),1,,13,cupy_copy__float32_float32
7397622154,5343,185237,,,,,,,,,,0.000,0.749,Device,Pageable,NVIDIA A100-SXM4-40GB MIG 4g.20gb (0),1,,7,[CUDA memcpy Device-to-Host]
7398251810,18752,185248,1434,1,1,128,1,1,16,0.000,0.000,,,,,NVIDIA A100-SXM4-40GB MIG 4g.20gb (0),1,,13,cupy_copy__complex64_complex64
7398713085,5120,185255,103,1,1,128,1,1,16,0.000,0.000,,,,,NVIDIA A100-SXM4-40GB MIG 4g.20gb (0),1,,13,cupy_copy__complex64_complex64
7399048025,8480,185262,35,1,1,128,1,1,16,0.000,0.000,,,,,NVIDIA A100-SXM4-40GB MIG 4g.20gb (0),1,,13,cupy_copy__complex64_complex64
7399333078,4096,185269,1,1,1,1,1,1,18,0.000,0.000,,,,,NVIDIA A100-SXM4-40GB MIG 4g.20gb (0),1,,13,cupy_copy__float32_float32
7399674482,277565,185280,1,1,1,32,32,1,30,0.000,0.000,,,,,NVIDIA A100-SXM4-40GB MIG 4g.20gb (0),1,,13,"void convert_kernel<__half2, float2>(tensor_layout_any, T1 *, tensor_layout_any, const T2 *)"
7399982191,5568,185283,,,,,,,,,,0.094,16827.521,Pinned,Device,NVIDIA A100-SXM4-40GB MIG 4g.20gb (0),1,,13,[CUDA memcpy Host-to-Device]
7400264876,6432,185284,,,,,,,,,,1.547,240456.727,Device,,NVIDIA A100-SXM4-40GB MIG 4g.20gb (0),1,,13,[CUDA memset]
7400276171,7040,185289,,,,,,,,,,0.031,4445.440,Pinned,Device,NVIDIA A100-SXM4-40GB MIG 4g.20gb (0),1,,13,[CUDA memcpy Host-to-Device]
7400286859,9920,185290,,,,,,,,,,0.197,19819.266,Pinned,Device,NVIDIA A100-SXM4-40GB MIG 4g.20gb (0),1,,13,[CUDA memcpy Host-to-Device]
7400535497,25407,185291,273,1,1,8,4,1,39,0.002,0.000,,,,,NVIDIA A100-SXM4-40GB MIG 4g.20gb (0),1,,13,"void channel_eq::eqMmseCoefCompLowMimoKernel<float, float, float, (unsigned int)4, (unsigned int)1, (unsigned int)4>(const channel_eq::_puschRxChEqStatDescr *, channel_eq::_puschRxChEqCoefCompDynDescr)"
7400797318,13055,185292,273,1,1,12,11,1,51,0.002,0.000,,,,,NVIDIA A100-SXM4-40GB MIG 4g.20gb (0),1,,13,"void channel_eq::eqMmseSoftDemapKernel<float, __half, __half, float, (unsigned int)4, (unsigned short)16383>(channel_eq::_puschRxChEqStatDescr *, channel_eq::_puschRxChEqSoftDemapDynDescr)"
7401061091,543289,185293,1,1,1,32,32,1,30,0.000,0.000,,,,,NVIDIA A100-SXM4-40GB MIG 4g.20gb (0),1,,13,"void convert_kernel<float2, __half2>(tensor_layout_any, T1 *, tensor_layout_any, const T2 *)"
7401857114,14463,185305,2253,1,1,128,1,1,16,0.000,0.000,,,,,NVIDIA A100-SXM4-40GB MIG 4g.20gb (0),1,,13,cupy_copy__float16_float16
7402332564,5888,185314,282,1,1,128,1,1,16,0.000,0.000,,,,,NVIDIA A100-SXM4-40GB MIG 4g.20gb (0),1,,13,cupy_copy__complex64_complex64
7402771279,15552,185323,26,1,1,128,1,1,16,0.000,0.000,,,,,NVIDIA A100-SXM4-40GB MIG 4g.20gb (0),1,,13,cupy_copy__float32_float32
7402956269,10912,185332,103,1,1,128,1,1,16,0.000,0.000,,,,,NVIDIA A100-SXM4-40GB MIG 4g.20gb (0),1,,13,cupy_copy__complex64_complex64
7403385224,19360,185342,1434,1,1,128,1,1,16,0.000,0.000,,,,,NVIDIA A100-SXM4-40GB MIG 4g.20gb (0),1,,13,cupy_copy__complex64_complex64
7403720452,261374,185347,1,1,1,32,32,1,30,0.000,0.000,,,,,NVIDIA A100-SXM4-40GB MIG 4g.20gb (0),1,,13,"void convert_kernel<__half2, float2>(tensor_layout_any, T1 *, tensor_layout_any, const T2 *)"
7404011169,6400,185350,,,,,,,,,,0.094,14640.000,Pinned,Device,NVIDIA A100-SXM4-40GB MIG 4g.20gb (0),1,,13,[CUDA memcpy Host-to-Device]
7404452892,611513,185351,,,,,,,,,,456.561,746477.954,Device,,NVIDIA A100-SXM4-40GB MIG 4g.20gb (0),1,,13,[CUDA memset]
7405065429,67135,185356,,,,,,,,,,1.235,18394.491,Pinned,Device,NVIDIA A100-SXM4-40GB MIG 4g.20gb (0),1,,13,[CUDA memcpy Host-to-Device]
7405135060,13504,185357,,,,,,,,,,0.197,14559.216,Pinned,Device,NVIDIA A100-SXM4-40GB MIG 4g.20gb (0),1,,13,[CUDA memcpy Host-to-Device]
7405529424,12224,185358,69,4,1,48,1,1,76,0.002,0.000,,,,,NVIDIA A100-SXM4-40GB MIG 4g.20gb (0),1,,13,"void ch_est::windowedChEstPreNoDftSOfdmKernel<float, __half, float, (unsigned int)2, (unsigned int)1, (unsigned short)4>(ch_est::puschRxChEstStatDescr_t *, ch_est::puschRxChEstDynDescr_t *)"
7406001067,10848,185359,137,2,1,24,2,1,44,0.001,0.001,,,,,NVIDIA A100-SXM4-40GB MIG 4g.20gb (0),1,,13,"void ch_est::chEstFilterNoDftSOfdmDispatchKernel<float, __half, float, (unsigned int)2>(ch_est::puschRxChEstStatDescr_t *, ch_est::puschRxChEstDynDescr_t *)"
7406468165,12160,185360,137,2,1,24,2,1,44,0.001,0.001,,,,,NVIDIA A100-SXM4-40GB MIG 4g.20gb (0),1,,13,"void ch_est::chEstFilterNoDftSOfdmDispatchKernel<float, __half, float, (unsigned int)2>(ch_est::puschRxChEstStatDescr_t *, ch_est::puschRxChEstDynDescr_t *)"
7406903872,7040,185371,103,1,1,128,1,1,16,0.000,0.000,,,,,NVIDIA A100-SXM4-40GB MIG 4g.20gb (0),1,,13,cupy_copy__complex64_complex64
7407287932,16928,185381,1434,1,1,128,1,1,16,0.000,0.000,,,,,NVIDIA A100-SXM4-40GB MIG 4g.20gb (0),1,,13,cupy_copy__complex64_complex64
7407538073,16256,185388,103,1,1,128,1,1,16,0.000,0.000,,,,,NVIDIA A100-SXM4-40GB MIG 4g.20gb (0),1,,13,cupy_copy__complex64_complex64
7407658968,241245,185395,1,1,1,32,32,1,30,0.000,0.000,,,,,NVIDIA A100-SXM4-40GB MIG 4g.20gb (0),1,,13,"void convert_kernel<__half2, float2>(tensor_layout_any, T1 *, tensor_layout_any, const T2 *)"
7407930165,5600,185398,,,,,,,,,,0.094,16731.388,Pinned,Device,NVIDIA A100-SXM4-40GB MIG 4g.20gb (0),1,,13,[CUDA memcpy Host-to-Device]
7408163538,55232,185399,,,,,,,,,,35.810,648338.602,Device,,NVIDIA A100-SXM4-40GB MIG 4g.20gb (0),1,,13,[CUDA memset]
7408225809,5024,185401,,,,,,,,,,0.000,15.924,Pinned,Device,NVIDIA A100-SXM4-40GB MIG 4g.20gb (0),1,,13,[CUDA memcpy Host-to-Device]
7408233297,9792,185402,,,,,,,,,,0.197,20078.395,Pinned,Device,NVIDIA A100-SXM4-40GB MIG 4g.20gb (0),1,,13,[CUDA memcpy Host-to-Device]
7408481423,25855,185403,273,1,1,48,1,1,40,0.000,0.001,,,,,NVIDIA A100-SXM4-40GB MIG 4g.20gb (0),1,,13,"void pusch_noise_intf_est::noiseIntfEstNoDftSOfdmKernel<float, __half, float, float, (unsigned int)2, (unsigned int)1, (unsigned char)4, (unsigned char)4>(pusch_noise_intf_est::puschRxNoiseIntfEstDynDescr)"
7408735916,7936,185414,35,1,1,128,1,1,16,0.000,0.000,,,,,NVIDIA A100-SXM4-40GB MIG 4g.20gb (0),1,,13,cupy_copy__complex64_complex64
7408953321,3520,185423,1,1,1,1,1,1,18,0.000,0.000,,,,,NVIDIA A100-SXM4-40GB MIG 4g.20gb (0),1,,13,cupy_copy__float32_float32
7408965129,1600,185429,,,,,,,,,,0.000,2.500,Device,Pageable,NVIDIA A100-SXM4-40GB MIG 4g.20gb (0),1,,7,[CUDA memcpy Device-to-Host]
7409230470,14848,185440,1434,1,1,128,1,1,16,0.000,0.000,,,,,NVIDIA A100-SXM4-40GB MIG 4g.20gb (0),1,,13,cupy_copy__complex64_complex64
7409464835,6240,185447,103,1,1,128,1,1,16,0.000,0.000,,,,,NVIDIA A100-SXM4-40GB MIG 4g.20gb (0),1,,13,cupy_copy__complex64_complex64
7409645953,7488,185454,35,1,1,128,1,1,16,0.000,0.000,,,,,NVIDIA A100-SXM4-40GB MIG 4g.20gb (0),1,,13,cupy_copy__complex64_complex64
7409867807,3136,185461,1,1,1,1,1,1,18,0.000,0.000,,,,,NVIDIA A100-SXM4-40GB MIG 4g.20gb (0),1,,13,cupy_copy__float32_float32
7409988478,242173,185472,1,1,1,32,32,1,30,0.000,0.000,,,,,NVIDIA A100-SXM4-40GB MIG 4g.20gb (0),1,,13,"void convert_kernel<__half2, float2>(tensor_layout_any, T1 *, tensor_layout_any, const T2 *)"
7410260026,5568,185475,,,,,,,,,,0.094,16827.521,Pinned,Device,NVIDIA A100-SXM4-40GB MIG 4g.20gb (0),1,,13,[CUDA memcpy Host-to-Device]
7410489464,8736,185476,,,,,,,,,,1.547,177038.956,Device,,NVIDIA A100-SXM4-40GB MIG 4g.20gb (0),1,,13,[CUDA memset]
7410504696,7328,185481,,,,,,,,,,0.031,4270.715,Pinned,Device,NVIDIA A100-SXM4-40GB MIG 4g.20gb (0),1,,13,[CUDA memcpy Host-to-Device]
7410521079,15680,185482,,,,,,,,,,0.197,12538.675,Pinned,Device,NVIDIA A100-SXM4-40GB MIG 4g.20gb (0),1,,13,[CUDA memcpy Host-to-Device]
7410818548,15520,185483,273,1,1,8,4,1,39,0.002,0.000,,,,,NVIDIA A100-SXM4-40GB MIG 4g.20gb (0),1,,13,"void channel_eq::eqMmseCoefCompLowMimoKernel<float, float, float, (unsigned int)4, (unsigned int)1, (unsigned int)4>(const channel_eq::_puschRxChEqStatDescr *, channel_eq::_puschRxChEqCoefCompDynDescr)"
7411299343,12928,185484,273,1,1,12,11,1,51,0.002,0.000,,,,,NVIDIA A100-SXM4-40GB MIG 4g.20gb (0),1,,13,"void channel_eq::eqMmseSoftDemapKernel<float, __half, __half, float, (unsigned int)4, (unsigned short)16383>(channel_eq::_puschRxChEqStatDescr *, channel_eq::_puschRxChEqSoftDemapDynDescr)"
7411784361,703032,185485,1,1,1,32,32,1,30,0.000,0.000,,,,,NVIDIA A100-SXM4-40GB MIG 4g.20gb (0),1,,13,"void convert_kernel<float2, __half2>(tensor_layout_any, T1 *, tensor_layout_any, const T2 *)"
7412875517,35455,185497,2253,1,1,128,1,1,16,0.000,0.000,,,,,NVIDIA A100-SXM4-40GB MIG 4g.20gb (0),1,,13,cupy_copy__float16_float16
7413185401,6080,185506,282,1,1,128,1,1,16,0.000,0.000,,,,,NVIDIA A100-SXM4-40GB MIG 4g.20gb (0),1,,13,cupy_copy__complex64_complex64
7413636532,8288,185515,26,1,1,128,1,1,16,0.000,0.000,,,,,NVIDIA A100-SXM4-40GB MIG 4g.20gb (0),1,,13,cupy_copy__float32_float32
7414034896,8416,185524,103,1,1,128,1,1,16,0.000,0.000,,,,,NVIDIA A100-SXM4-40GB MIG 4g.20gb (0),1,,13,cupy_copy__complex64_complex64
7414488907,22463,185534,1434,1,1,128,1,1,16,0.000,0.000,,,,,NVIDIA A100-SXM4-40GB MIG 4g.20gb (0),1,,13,cupy_copy__complex64_complex64
7414804391,273981,185539,1,1,1,32,32,1,30,0.000,0.000,,,,,NVIDIA A100-SXM4-40GB MIG 4g.20gb (0),1,,13,"void convert_kernel<__half2, float2>(tensor_layout_any, T1 *, tensor_layout_any, const T2 *)"
7415107396,7583,185542,,,,,,,,,,0.094,12355.973,Pinned,Device,NVIDIA A100-SXM4-40GB MIG 4g.20gb (0),1,,13,[CUDA memcpy Host-to-Device]
7415578366,607897,185543,,,,,,,,,,456.561,751043.569,Device,,NVIDIA A100-SXM4-40GB MIG 4g.20gb (0),1,,13,[CUDA memset]
7416187863,60896,185548,,,,,,,,,,1.235,20279.015,Pinned,Device,NVIDIA A100-SXM4-40GB MIG 4g.20gb (0),1,,13,[CUDA memcpy Host-to-Device]
7416251223,11071,185549,,,,,,,,,,0.197,17758.814,Pinned,Device,NVIDIA A100-SXM4-40GB MIG 4g.20gb (0),1,,13,[CUDA memcpy Host-to-Device]
7416448980,13728,185550,69,4,1,48,1,1,76,0.002,0.000,,,,,NVIDIA A100-SXM4-40GB MIG 4g.20gb (0),1,,13,"void ch_est::windowedChEstPreNoDftSOfdmKernel<float, __half, float, (unsigned int)2, (unsigned int)1, (unsigned short)4>(ch_est::puschRxChEstStatDescr_t *, ch_est::puschRxChEstDynDescr_t *)"
7416714833,13184,185551,137,2,1,24,2,1,44,0.001,0.001,,,,,NVIDIA A100-SXM4-40GB MIG 4g.20gb (0),1,,13,"void ch_est::chEstFilterNoDftSOfdmDispatchKernel<float, __half, float, (unsigned int)2>(ch_est::puschRxChEstStatDescr_t *, ch_est::puschRxChEstDynDescr_t *)"
7416971886,13152,185552,137,2,1,24,2,1,44,0.001,0.001,,,,,NVIDIA A100-SXM4-40GB MIG 4g.20gb (0),1,,13,"void ch_est::chEstFilterNoDftSOfdmDispatchKernel<float, __half, float, (unsigned int)2>(ch_est::puschRxChEstStatDescr_t *, ch_est::puschRxChEstDynDescr_t *)"
7417223916,5024,185563,103,1,1,128,1,1,16,0.000,0.000,,,,,NVIDIA A100-SXM4-40GB MIG 4g.20gb (0),1,,13,cupy_copy__complex64_complex64
7417442793,22944,185573,1434,1,1,128,1,1,16,0.000,0.000,,,,,NVIDIA A100-SXM4-40GB MIG 4g.20gb (0),1,,13,cupy_copy__complex64_complex64
7417631847,5344,185580,103,1,1,128,1,1,16,0.000,0.000,,,,,NVIDIA A100-SXM4-40GB MIG 4g.20gb (0),1,,13,cupy_copy__complex64_complex64
7417857924,235390,185587,1,1,1,32,32,1,30,0.000,0.000,,,,,NVIDIA A100-SXM4-40GB MIG 4g.20gb (0),1,,13,"void convert_kernel<__half2, float2>(tensor_layout_any, T1 *, tensor_layout_any, const T2 *)"
7418122849,6176,185590,,,,,,,,,,0.094,15170.975,Pinned,Device,NVIDIA A100-SXM4-40GB MIG 4g.20gb (0),1,,13,[CUDA memcpy Host-to-Device]
7418236512,54176,185591,,,,,,,,,,35.810,660979.503,Device,,NVIDIA A100-SXM4-40GB MIG 4g.20gb (0),1,,13,[CUDA memset]
7418296735,6240,185593,,,,,,,,,,0.000,12.820,Pinned,Device,NVIDIA A100-SXM4-40GB MIG 4g.20gb (0),1,,13,[CUDA memcpy Host-to-Device]
7418305471,9408,185594,,,,,,,,,,0.197,20897.858,Pinned,Device,NVIDIA A100-SXM4-40GB MIG 4g.20gb (0),1,,13,[CUDA memcpy Host-to-Device]
7418555773,19775,185595,273,1,1,48,1,1,40,0.000,0.001,,,,,NVIDIA A100-SXM4-40GB MIG 4g.20gb (0),1,,13,"void pusch_noise_intf_est::noiseIntfEstNoDftSOfdmKernel<float, __half, float, float, (unsigned int)2, (unsigned int)1, (unsigned char)4, (unsigned char)4>(pusch_noise_intf_est::puschRxNoiseIntfEstDynDescr)"
7418812058,8288,185606,35,1,1,128,1,1,16,0.000,0.000,,,,,NVIDIA A100-SXM4-40GB MIG 4g.20gb (0),1,,13,cupy_copy__complex64_complex64
7419029527,3840,185615,1,1,1,1,1,1,18,0.000,0.000,,,,,NVIDIA A100-SXM4-40GB MIG 4g.20gb (0),1,,13,cupy_copy__float32_float32
7419041207,1920,185621,,,,,,,,,,0.000,2.083,Device,Pageable,NVIDIA A100-SXM4-40GB MIG 4g.20gb (0),1,,7,[CUDA memcpy Device-to-Host]
7419383315,15488,185632,1434,1,1,128,1,1,16,0.000,0.000,,,,,NVIDIA A100-SXM4-40GB MIG 4g.20gb (0),1,,13,cupy_copy__complex64_complex64
7419872046,5088,185639,103,1,1,128,1,1,16,0.000,0.000,,,,,NVIDIA A100-SXM4-40GB MIG 4g.20gb (0),1,,13,cupy_copy__complex64_complex64
7420321801,8927,185646,35,1,1,128,1,1,16,0.000,0.000,,,,,NVIDIA A100-SXM4-40GB MIG 4g.20gb (0),1,,13,cupy_copy__complex64_complex64
7420721796,3776,185653,1,1,1,1,1,1,18,0.000,0.000,,,,,NVIDIA A100-SXM4-40GB MIG 4g.20gb (0),1,,13,cupy_copy__float32_float32
7421173215,263645,185664,1,1,1,32,32,1,30,0.000,0.000,,,,,NVIDIA A100-SXM4-40GB MIG 4g.20gb (0),1,,13,"void convert_kernel<__half2, float2>(tensor_layout_any, T1 *, tensor_layout_any, const T2 *)"
7421467292,10655,185667,,,,,,,,,,0.094,8793.557,Pinned,Device,NVIDIA A100-SXM4-40GB MIG 4g.20gb (0),1,,13,[CUDA memcpy Host-to-Device]
7421776792,6784,185668,,,,,,,,,,1.547,227980.111,Device,,NVIDIA A100-SXM4-40GB MIG 4g.20gb (0),1,,13,[CUDA memset]
7421788120,7200,185673,,,,,,,,,,0.031,4346.639,Pinned,Device,NVIDIA A100-SXM4-40GB MIG 4g.20gb (0),1,,13,[CUDA memcpy Host-to-Device]
7421797752,13536,185674,,,,,,,,,,0.197,14524.809,Pinned,Device,NVIDIA A100-SXM4-40GB MIG 4g.20gb (0),1,,13,[CUDA memcpy Host-to-Device]
7422269043,11071,185675,273,1,1,8,4,1,39,0.002,0.000,,,,,NVIDIA A100-SXM4-40GB MIG 4g.20gb (0),1,,13,"void channel_eq::eqMmseCoefCompLowMimoKernel<float, float, float, (unsigned int)4, (unsigned int)1, (unsigned int)4>(const channel_eq::_puschRxChEqStatDescr *, channel_eq::_puschRxChEqCoefCompDynDescr)"
7422754189,13152,185676,273,1,1,12,11,1,51,0.002,0.000,,,,,NVIDIA A100-SXM4-40GB MIG 4g.20gb (0),1,,13,"void channel_eq::eqMmseSoftDemapKernel<float, __half, __half, float, (unsigned int)4, (unsigned short)16383>(channel_eq::_puschRxChEqStatDescr *, channel_eq::_puschRxChEqSoftDemapDynDescr)"
7423242887,709176,185677,1,1,1,32,32,1,30,0.000,0.000,,,,,NVIDIA A100-SXM4-40GB MIG 4g.20gb (0),1,,13,"void convert_kernel<float2, __half2>(tensor_layout_any, T1 *, tensor_layout_any, const T2 *)"
7424163261,14432,185689,2253,1,1,128,1,1,16,0.000,0.000,,,,,NVIDIA A100-SXM4-40GB MIG 4g.20gb (0),1,,13,cupy_copy__float16_float16
7424430682,6112,185698,282,1,1,128,1,1,16,0.000,0.000,,,,,NVIDIA A100-SXM4-40GB MIG 4g.20gb (0),1,,13,cupy_copy__complex64_complex64
7424656727,4256,185707,26,1,1,128,1,1,16,0.000,0.000,,,,,NVIDIA A100-SXM4-40GB MIG 4g.20gb (0),1,,13,cupy_copy__float32_float32
7424837813,10016,185716,103,1,1,128,1,1,16,0.000,0.000,,,,,NVIDIA A100-SXM4-40GB MIG 4g.20gb (0),1,,13,cupy_copy__complex64_complex64
7425064339,18688,185726,1434,1,1,128,1,1,16,0.000,0.000,,,,,NVIDIA A100-SXM4-40GB MIG 4g.20gb (0),1,,13,cupy_copy__complex64_complex64
7425197233,217950,185731,1,1,1,32,32,1,30,0.000,0.000,,,,,NVIDIA A100-SXM4-40GB MIG 4g.20gb (0),1,,13,"void convert_kernel<__half2, float2>(tensor_layout_any, T1 *, tensor_layout_any, const T2 *)"
7425444143,6431,185734,,,,,,,,,,0.094,14569.353,Pinned,Device,NVIDIA A100-SXM4-40GB MIG 4g.20gb (0),1,,13,[CUDA memcpy Host-to-Device]
7425671916,616409,185735,,,,,,,,,,456.561,740542.656,Device,,NVIDIA A100-SXM4-40GB MIG 4g.20gb (0),1,,13,[CUDA memset]
7426292549,62335,185740,,,,,,,,,,1.235,19810.972,Pinned,Device,NVIDIA A100-SXM4-40GB MIG 4g.20gb (0),1,,13,[CUDA memcpy Host-to-Device]
7426357348,10272,185741,,,,,,,,,,0.197,19140.182,Pinned,Device,NVIDIA A100-SXM4-40GB MIG 4g.20gb (0),1,,13,[CUDA memcpy Host-to-Device]
7426565762,14624,185742,69,4,1,48,1,1,76,0.002,0.000,,,,,NVIDIA A100-SXM4-40GB MIG 4g.20gb (0),1,,13,"void ch_est::windowedChEstPreNoDftSOfdmKernel<float, __half, float, (unsigned int)2, (unsigned int)1, (unsigned short)4>(ch_est::puschRxChEstStatDescr_t *, ch_est::puschRxChEstDynDescr_t *)"
7426829727,15552,185743,137,2,1,24,2,1,44,0.001,0.001,,,,,NVIDIA A100-SXM4-40GB MIG 4g.20gb (0),1,,13,"void ch_est::chEstFilterNoDftSOfdmDispatchKernel<float, __half, float, (unsigned int)2>(ch_est::puschRxChEstStatDescr_t *, ch_est::puschRxChEstDynDescr_t *)"
7427156283,12320,185744,137,2,1,24,2,1,44,0.001,0.001,,,,,NVIDIA A100-SXM4-40GB MIG 4g.20gb (0),1,,13,"void ch_est::chEstFilterNoDftSOfdmDispatchKernel<float, __half, float, (unsigned int)2>(ch_est::puschRxChEstStatDescr_t *, ch_est::puschRxChEstDynDescr_t *)"
7428107312,5152,185755,103,1,1,128,1,1,16,0.000,0.000,,,,,NVIDIA A100-SXM4-40GB MIG 4g.20gb (0),1,,13,cupy_copy__complex64_complex64
7429057126,17247,185765,1434,1,1,128,1,1,16,0.000,0.000,,,,,NVIDIA A100-SXM4-40GB MIG 4g.20gb (0),1,,13,cupy_copy__complex64_complex64
7430010107,5792,185772,103,1,1,128,1,1,16,0.000,0.000,,,,,NVIDIA A100-SXM4-40GB MIG 4g.20gb (0),1,,13,cupy_copy__complex64_complex64
7430959888,234365,185779,1,1,1,32,32,1,30,0.000,0.000,,,,,NVIDIA A100-SXM4-40GB MIG 4g.20gb (0),1,,13,"void convert_kernel<__half2, float2>(tensor_layout_any, T1 *, tensor_layout_any, const T2 *)"
7431224877,6848,185782,,,,,,,,,,0.094,13682.239,Pinned,Device,NVIDIA A100-SXM4-40GB MIG 4g.20gb (0),1,,13,[CUDA memcpy Host-to-Device]
7431904293,53408,185783,,,,,,,,,,35.810,670469.132,Device,,NVIDIA A100-SXM4-40GB MIG 4g.20gb (0),1,,13,[CUDA memset]
7431963909,2656,185785,,,,,,,,,,0.000,30.120,Pinned,Device,NVIDIA A100-SXM4-40GB MIG 4g.20gb (0),1,,13,[CUDA memcpy Host-to-Device]
7431973893,13535,185786,,,,,,,,,,0.197,14525.792,Pinned,Device,NVIDIA A100-SXM4-40GB MIG 4g.20gb (0),1,,13,[CUDA memcpy Host-to-Device]
7432904666,16320,185787,273,1,1,48,1,1,40,0.000,0.001,,,,,NVIDIA A100-SXM4-40GB MIG 4g.20gb (0),1,,13,"void pusch_noise_intf_est::noiseIntfEstNoDftSOfdmKernel<float, __half, float, float, (unsigned int)2, (unsigned int)1, (unsigned char)4, (unsigned char)4>(pusch_noise_intf_est::puschRxNoiseIntfEstDynDescr)"
7433849455,7520,185798,35,1,1,128,1,1,16,0.000,0.000,,,,,NVIDIA A100-SXM4-40GB MIG 4g.20gb (0),1,,13,cupy_copy__complex64_complex64
7434797157,3872,185807,1,1,1,1,1,1,18,0.000,0.000,,,,,NVIDIA A100-SXM4-40GB MIG 4g.20gb (0),1,,13,cupy_copy__float32_float32
7434802405,4032,185813,,,,,,,,,,0.000,0.992,Device,Pageable,NVIDIA A100-SXM4-40GB MIG 4g.20gb (0),1,,7,[CUDA memcpy Device-to-Host]
7435748154,17792,185824,1434,1,1,128,1,1,16,0.000,0.000,,,,,NVIDIA A100-SXM4-40GB MIG 4g.20gb (0),1,,13,cupy_copy__complex64_complex64
7436704559,5792,185831,103,1,1,128,1,1,16,0.000,0.000,,,,,NVIDIA A100-SXM4-40GB MIG 4g.20gb (0),1,,13,cupy_copy__complex64_complex64
7436929997,6399,185838,35,1,1,128,1,1,16,0.000,0.000,,,,,NVIDIA A100-SXM4-40GB MIG 4g.20gb (0),1,,13,cupy_copy__complex64_complex64
7437113482,3008,185845,1,1,1,1,1,1,18,0.000,0.000,,,,,NVIDIA A100-SXM4-40GB MIG 4g.20gb (0),1,,13,cupy_copy__float32_float32
7437342376,274685,185856,1,1,1,32,32,1,30,0.000,0.000,,,,,NVIDIA A100-SXM4-40GB MIG 4g.20gb (0),1,,13,"void convert_kernel<__half2, float2>(tensor_layout_any, T1 *, tensor_layout_any, const T2 *)"
7437648804,5696,185859,,,,,,,,,,0.094,16449.363,Pinned,Device,NVIDIA A100-SXM4-40GB MIG 4g.20gb (0),1,,13,[CUDA memcpy Host-to-Device]
7437788387,6656,185860,,,,,,,,,,1.547,232364.790,Device,,NVIDIA A100-SXM4-40GB MIG 4g.20gb (0),1,,13,[CUDA memset]
7437801667,7200,185865,,,,,,,,,,0.031,4346.639,Pinned,Device,NVIDIA A100-SXM4-40GB MIG 4g.20gb (0),1,,13,[CUDA memcpy Host-to-Device]
7437811363,9855,185866,,,,,,,,,,0.197,19950.010,Pinned,Device,NVIDIA A100-SXM4-40GB MIG 4g.20gb (0),1,,13,[CUDA memcpy Host-to-Device]
7438051392,23296,185867,273,1,1,8,4,1,39,0.002,0.000,,,,,NVIDIA A100-SXM4-40GB MIG 4g.20gb (0),1,,13,"void channel_eq::eqMmseCoefCompLowMimoKernel<float, float, float, (unsigned int)4, (unsigned int)1, (unsigned int)4>(const channel_eq::_puschRxChEqStatDescr *, channel_eq::_puschRxChEqCoefCompDynDescr)"
7438311389,12736,185868,273,1,1,12,11,1,51,0.002,0.000,,,,,NVIDIA A100-SXM4-40GB MIG 4g.20gb (0),1,,13,"void channel_eq::eqMmseSoftDemapKernel<float, __half, __half, float, (unsigned int)4, (unsigned short)16383>(channel_eq::_puschRxChEqStatDescr *, channel_eq::_puschRxChEqSoftDemapDynDescr)"
7438745784,697720,185869,1,1,1,32,32,1,30,0.000,0.000,,,,,NVIDIA A100-SXM4-40GB MIG 4g.20gb (0),1,,13,"void convert_kernel<float2, __half2>(tensor_layout_any, T1 *, tensor_layout_any, const T2 *)"
7439943594,18528,185881,2253,1,1,128,1,1,16,0.000,0.000,,,,,NVIDIA A100-SXM4-40GB MIG 4g.20gb (0),1,,13,cupy_copy__float16_float16
7440398501,22528,185890,282,1,1,128,1,1,16,0.000,0.000,,,,,NVIDIA A100-SXM4-40GB MIG 4g.20gb (0),1,,13,cupy_copy__complex64_complex64
7440783521,4736,185899,26,1,1,128,1,1,16,0.000,0.000,,,,,NVIDIA A100-SXM4-40GB MIG 4g.20gb (0),1,,13,cupy_copy__float32_float32
7441328507,9856,185908,103,1,1,128,1,1,16,0.000,0.000,,,,,NVIDIA A100-SXM4-40GB MIG 4g.20gb (0),1,,13,cupy_copy__complex64_complex64
7441892372,18496,185918,1434,1,1,128,1,1,16,0.000,0.000,,,,,NVIDIA A100-SXM4-40GB MIG 4g.20gb (0),1,,13,cupy_copy__complex64_complex64
7442368879,271645,185923,1,1,1,32,32,1,30,0.000,0.000,,,,,NVIDIA A100-SXM4-40GB MIG 4g.20gb (0),1,,13,"void convert_kernel<__half2, float2>(tensor_layout_any, T1 *, tensor_layout_any, const T2 *)"
7442674028,5823,185926,,,,,,,,,,0.094,16090.601,Pinned,Device,NVIDIA A100-SXM4-40GB MIG 4g.20gb (0),1,,13,[CUDA memcpy Host-to-Device]
7443090311,617465,185927,,,,,,,,,,456.561,739172.971,Device,,NVIDIA A100-SXM4-40GB MIG 4g.20gb (0),1,,13,[CUDA memset]
7443713856,60735,185932,,,,,,,,,,1.235,20332.118,Pinned,Device,NVIDIA A100-SXM4-40GB MIG 4g.20gb (0),1,,13,[CUDA memcpy Host-to-Device]
7443777311,14592,185933,,,,,,,,,,0.197,13473.546,Pinned,Device,NVIDIA A100-SXM4-40GB MIG 4g.20gb (0),1,,13,[CUDA memcpy Host-to-Device]
7444174971,12383,185934,69,4,1,48,1,1,76,0.002,0.000,,,,,NVIDIA A100-SXM4-40GB MIG 4g.20gb (0),1,,13,"void ch_est::windowedChEstPreNoDftSOfdmKernel<float, __half, float, (unsigned int)2, (unsigned int)1, (unsigned short)4>(ch_est::puschRxChEstStatDescr_t *, ch_est::puschRxChEstDynDescr_t *)"
7444643189,12736,185935,137,2,1,24,2,1,44,0.001,0.001,,,,,NVIDIA A100-SXM4-40GB MIG 4g.20gb (0),1,,13,"void ch_est::chEstFilterNoDftSOfdmDispatchKernel<float, __half, float, (unsigned int)2>(ch_est::puschRxChEstStatDescr_t *, ch_est::puschRxChEstDynDescr_t *)"
7445109904,14080,185936,137,2,1,24,2,1,44,0.001,0.001,,,,,NVIDIA A100-SXM4-40GB MIG 4g.20gb (0),1,,13,"void ch_est::chEstFilterNoDftSOfdmDispatchKernel<float, __half, float, (unsigned int)2>(ch_est::puschRxChEstStatDescr_t *, ch_est::puschRxChEstDynDescr_t *)"
7445575915,4992,185947,103,1,1,128,1,1,16,0.000,0.000,,,,,NVIDIA A100-SXM4-40GB MIG 4g.20gb (0),1,,13,cupy_copy__complex64_complex64
7445814184,18400,185957,1434,1,1,128,1,1,16,0.000,0.000,,,,,NVIDIA A100-SXM4-40GB MIG 4g.20gb (0),1,,13,cupy_copy__complex64_complex64
7446018374,4800,185964,103,1,1,128,1,1,16,0.000,0.000,,,,,NVIDIA A100-SXM4-40GB MIG 4g.20gb (0),1,,13,cupy_copy__complex64_complex64
7446252803,241917,185971,1,1,1,32,32,1,30,0.000,0.000,,,,,NVIDIA A100-SXM4-40GB MIG 4g.20gb (0),1,,13,"void convert_kernel<__half2, float2>(tensor_layout_any, T1 *, tensor_layout_any, const T2 *)"
7446526240,5632,185974,,,,,,,,,,0.094,16636.287,Pinned,Device,NVIDIA A100-SXM4-40GB MIG 4g.20gb (0),1,,13,[CUDA memcpy Host-to-Device]
7446656190,54880,185975,,,,,,,,,,35.810,652492.552,Device,,NVIDIA A100-SXM4-40GB MIG 4g.20gb (0),1,,13,[CUDA memset]
7446715966,6624,185977,,,,,,,,,,0.000,12.077,Pinned,Device,NVIDIA A100-SXM4-40GB MIG 4g.20gb (0),1,,13,[CUDA memcpy Host-to-Device]
7446725022,9536,185978,,,,,,,,,,0.197,20617.298,Pinned,Device,NVIDIA A100-SXM4-40GB MIG 4g.20gb (0),1,,13,[CUDA memcpy Host-to-Device]
7446989275,24959,185979,273,1,1,48,1,1,40,0.000,0.001,,,,,NVIDIA A100-SXM4-40GB MIG 4g.20gb (0),1,,13,"void pusch_noise_intf_est::noiseIntfEstNoDftSOfdmKernel<float, __half, float, float, (unsigned int)2, (unsigned int)1, (unsigned char)4, (unsigned char)4>(pusch_noise_intf_est::puschRxNoiseIntfEstDynDescr)"
7447258936,8960,185990,35,1,1,128,1,1,16,0.000,0.000,,,,,NVIDIA A100-SXM4-40GB MIG 4g.20gb (0),1,,13,cupy_copy__complex64_complex64
7447494389,4736,185999,1,1,1,1,1,1,18,0.000,0.000,,,,,NVIDIA A100-SXM4-40GB MIG 4g.20gb (0),1,,13,cupy_copy__float32_float32
7447506005,1632,186005,,,,,,,,,,0.000,2.451,Device,Pageable,NVIDIA A100-SXM4-40GB MIG 4g.20gb (0),1,,7,[CUDA memcpy Device-to-Host]
7447788370,19519,186016,1434,1,1,128,1,1,16,0.000,0.000,,,,,NVIDIA A100-SXM4-40GB MIG 4g.20gb (0),1,,13,cupy_copy__complex64_complex64
7448193485,4992,186023,103,1,1,128,1,1,16,0.000,0.000,,,,,NVIDIA A100-SXM4-40GB MIG 4g.20gb (0),1,,13,cupy_copy__complex64_complex64
7448783142,17536,186030,35,1,1,128,1,1,16,0.000,0.000,,,,,NVIDIA A100-SXM4-40GB MIG 4g.20gb (0),1,,13,cupy_copy__complex64_complex64
7449320352,3968,186037,1,1,1,1,1,1,18,0.000,0.000,,,,,NVIDIA A100-SXM4-40GB MIG 4g.20gb (0),1,,13,cupy_copy__float32_float32
7449735868,304252,186048,1,1,1,32,32,1,30,0.000,0.000,,,,,NVIDIA A100-SXM4-40GB MIG 4g.20gb (0),1,,13,"void convert_kernel<__half2, float2>(tensor_layout_any, T1 *, tensor_layout_any, const T2 *)"
7450072664,9024,186051,,,,,,,,,,0.094,10382.922,Pinned,Device,NVIDIA A100-SXM4-40GB MIG 4g.20gb (0),1,,13,[CUDA memcpy Host-to-Device]
7450565426,18016,186052,,,,,,,,,,1.547,85846.912,Device,,NVIDIA A100-SXM4-40GB MIG 4g.20gb (0),1,,13,[CUDA memset]
7450586770,3328,186057,,,,,,,,,,0.031,9403.822,Pinned,Device,NVIDIA A100-SXM4-40GB MIG 4g.20gb (0),1,,13,[CUDA memcpy Host-to-Device]
7450592562,13120,186058,,,,,,,,,,0.197,14985.265,Pinned,Device,NVIDIA A100-SXM4-40GB MIG 4g.20gb (0),1,,13,[CUDA memcpy Host-to-Device]
7451315882,33919,186059,273,1,1,8,4,1,39,0.002,0.000,,,,,NVIDIA A100-SXM4-40GB MIG 4g.20gb (0),1,,13,"void channel_eq::eqMmseCoefCompLowMimoKernel<float, float, float, (unsigned int)4, (unsigned int)1, (unsigned int)4>(const channel_eq::_puschRxChEqStatDescr *, channel_eq::_puschRxChEqCoefCompDynDescr)"
7451950787,29887,186060,273,1,1,12,11,1,51,0.002,0.000,,,,,NVIDIA A100-SXM4-40GB MIG 4g.20gb (0),1,,13,"void channel_eq::eqMmseSoftDemapKernel<float, __half, __half, float, (unsigned int)4, (unsigned short)16383>(channel_eq::_puschRxChEqStatDescr *, channel_eq::_puschRxChEqSoftDemapDynDescr)"
7452646747,706392,186061,1,1,1,32,32,1,30,0.000,0.000,,,,,NVIDIA A100-SXM4-40GB MIG 4g.20gb (0),1,,13,"void convert_kernel<float2, __half2>(tensor_layout_any, T1 *, tensor_layout_any, const T2 *)"
7453998539,15264,186073,2253,1,1,128,1,1,16,0.000,0.000,,,,,NVIDIA A100-SXM4-40GB MIG 4g.20gb (0),1,,13,cupy_copy__float16_float16
7454435078,5824,186082,282,1,1,128,1,1,16,0.000,0.000,,,,,NVIDIA A100-SXM4-40GB MIG 4g.20gb (0),1,,13,cupy_copy__complex64_complex64
7455149918,10752,186091,26,1,1,128,1,1,16,0.000,0.000,,,,,NVIDIA A100-SXM4-40GB MIG 4g.20gb (0),1,,13,cupy_copy__float32_float32
7455788503,20064,186100,103,1,1,128,1,1,16,0.000,0.000,,,,,NVIDIA A100-SXM4-40GB MIG 4g.20gb (0),1,,13,cupy_copy__complex64_complex64
7456136307,16928,186110,1434,1,1,128,1,1,16,0.000,0.000,,,,,NVIDIA A100-SXM4-40GB MIG 4g.20gb (0),1,,13,cupy_copy__complex64_complex64
7456562286,252605,186115,1,1,1,32,32,1,30,0.000,0.000,,,,,NVIDIA A100-SXM4-40GB MIG 4g.20gb (0),1,,13,"void convert_kernel<__half2, float2>(tensor_layout_any, T1 *, tensor_layout_any, const T2 *)"
7456846571,5472,186118,,,,,,,,,,0.094,17122.757,Pinned,Device,NVIDIA A100-SXM4-40GB MIG 4g.20gb (0),1,,13,[CUDA memcpy Host-to-Device]
7457113128,612921,186119,,,,,,,,,,456.561,744651.709,Device,,NVIDIA A100-SXM4-40GB MIG 4g.20gb (0),1,,13,[CUDA memset]
7457734113,56191,186124,,,,,,,,,,1.235,21977.063,Pinned,Device,NVIDIA A100-SXM4-40GB MIG 4g.20gb (0),1,,13,[CUDA memcpy Host-to-Device]
7457792800,12640,186125,,,,,,,,,,0.197,15554.249,Pinned,Device,NVIDIA A100-SXM4-40GB MIG 4g.20gb (0),1,,13,[CUDA memcpy Host-to-Device]
7458006142,14080,186126,69,4,1,48,1,1,76,0.002,0.000,,,,,NVIDIA A100-SXM4-40GB MIG 4g.20gb (0),1,,13,"void ch_est::windowedChEstPreNoDftSOfdmKernel<float, __half, float, (unsigned int)2, (unsigned int)1, (unsigned short)4>(ch_est::puschRxChEstStatDescr_t *, ch_est::puschRxChEstDynDescr_t *)"
7458344218,9088,186127,137,2,1,24,2,1,44,0.001,0.001,,,,,NVIDIA A100-SXM4-40GB MIG 4g.20gb (0),1,,13,"void ch_est::chEstFilterNoDftSOfdmDispatchKernel<float, __half, float, (unsigned int)2>(ch_est::puschRxChEstStatDescr_t *, ch_est::puschRxChEstDynDescr_t *)"
7458799189,9216,186128,137,2,1,24,2,1,44,0.001,0.001,,,,,NVIDIA A100-SXM4-40GB MIG 4g.20gb (0),1,,13,"void ch_est::chEstFilterNoDftSOfdmDispatchKernel<float, __half, float, (unsigned int)2>(ch_est::puschRxChEstStatDescr_t *, ch_est::puschRxChEstDynDescr_t *)"
7459249840,5120,186139,103,1,1,128,1,1,16,0.000,0.000,,,,,NVIDIA A100-SXM4-40GB MIG 4g.20gb (0),1,,13,cupy_copy__complex64_complex64
7459700075,16288,186149,1434,1,1,128,1,1,16,0.000,0.000,,,,,NVIDIA A100-SXM4-40GB MIG 4g.20gb (0),1,,13,cupy_copy__complex64_complex64
7460162246,5055,186156,103,1,1,128,1,1,16,0.000,0.000,,,,,NVIDIA A100-SXM4-40GB MIG 4g.20gb (0),1,,13,cupy_copy__complex64_complex64
7460575361,260765,186163,1,1,1,32,32,1,30,0.000,0.000,,,,,NVIDIA A100-SXM4-40GB MIG 4g.20gb (0),1,,13,"void convert_kernel<__half2, float2>(tensor_layout_any, T1 *, tensor_layout_any, const T2 *)"
7460870238,10015,186166,,,,,,,,,,0.094,9355.546,Pinned,Device,NVIDIA A100-SXM4-40GB MIG 4g.20gb (0),1,,13,[CUDA memcpy Host-to-Device]
7461176090,51871,186167,,,,,,,,,,35.810,690343.638,Device,,NVIDIA A100-SXM4-40GB MIG 4g.20gb (0),1,,13,[CUDA memset]
7461228697,2240,186169,,,,,,,,,,0.000,35.714,Pinned,Device,NVIDIA A100-SXM4-40GB MIG 4g.20gb (0),1,,13,[CUDA memcpy Host-to-Device]
7461234713,10912,186170,,,,,,,,,,0.197,18017.550,Pinned,Device,NVIDIA A100-SXM4-40GB MIG 4g.20gb (0),1,,13,[CUDA memcpy Host-to-Device]
7461675028,21984,186171,273,1,1,48,1,1,40,0.000,0.001,,,,,NVIDIA A100-SXM4-40GB MIG 4g.20gb (0),1,,13,"void pusch_noise_intf_est::noiseIntfEstNoDftSOfdmKernel<float, __half, float, float, (unsigned int)2, (unsigned int)1, (unsigned char)4, (unsigned char)4>(pusch_noise_intf_est::puschRxNoiseIntfEstDynDescr)"
7462126319,7168,186182,35,1,1,128,1,1,16,0.000,0.000,,,,,NVIDIA A100-SXM4-40GB MIG 4g.20gb (0),1,,13,cupy_copy__complex64_complex64
7462599178,5120,186191,1,1,1,1,1,1,18,0.000,0.000,,,,,NVIDIA A100-SXM4-40GB MIG 4g.20gb (0),1,,13,cupy_copy__float32_float32
7462611882,1824,186197,,,,,,,,,,0.000,2.193,Device,Pageable,NVIDIA A100-SXM4-40GB MIG 4g.20gb (0),1,,7,[CUDA memcpy Device-to-Host]
7463077349,16351,186208,1434,1,1,128,1,1,16,0.000,0.000,,,,,NVIDIA A100-SXM4-40GB MIG 4g.20gb (0),1,,13,cupy_copy__complex64_complex64
7463359873,5120,186215,103,1,1,128,1,1,16,0.000,0.000,,,,,NVIDIA A100-SXM4-40GB MIG 4g.20gb (0),1,,13,cupy_copy__complex64_complex64
7463745693,8896,186222,35,1,1,128,1,1,16,0.000,0.000,,,,,NVIDIA A100-SXM4-40GB MIG 4g.20gb (0),1,,13,cupy_copy__complex64_complex64
7464079993,4096,186229,1,1,1,1,1,1,18,0.000,0.000,,,,,NVIDIA A100-SXM4-40GB MIG 4g.20gb (0),1,,13,cupy_copy__float32_float32
7464374422,251965,186240,1,1,1,32,32,1,30,0.000,0.000,,,,,NVIDIA A100-SXM4-40GB MIG 4g.20gb (0),1,,13,"void convert_kernel<__half2, float2>(tensor_layout_any, T1 *, tensor_layout_any, const T2 *)"
7464660755,11679,186243,,,,,,,,,,0.094,8022.533,Pinned,Device,NVIDIA A100-SXM4-40GB MIG 4g.20gb (0),1,,13,[CUDA memcpy Host-to-Device]
7465026862,8608,186244,,,,,,,,,,1.547,179672.857,Device,,NVIDIA A100-SXM4-40GB MIG 4g.20gb (0),1,,13,[CUDA memset]
7465037070,5984,186249,,,,,,,,,,0.031,5229.937,Pinned,Device,NVIDIA A100-SXM4-40GB MIG 4g.20gb (0),1,,13,[CUDA memcpy Host-to-Device]
7465051822,13408,186250,,,,,,,,,,0.197,14663.418,Pinned,Device,NVIDIA A100-SXM4-40GB MIG 4g.20gb (0),1,,13,[CUDA memcpy Host-to-Device]
7465379498,16736,186251,273,1,1,8,4,1,39,0.002,0.000,,,,,NVIDIA A100-SXM4-40GB MIG 4g.20gb (0),1,,13,"void channel_eq::eqMmseCoefCompLowMimoKernel<float, float, float, (unsigned int)4, (unsigned int)1, (unsigned int)4>(const channel_eq::_puschRxChEqStatDescr *, channel_eq::_puschRxChEqCoefCompDynDescr)"
7466075811,24671,186252,273,1,1,12,11,1,51,0.002,0.000,,,,,NVIDIA A100-SXM4-40GB MIG 4g.20gb (0),1,,13,"void channel_eq::eqMmseSoftDemapKernel<float, __half, __half, float, (unsigned int)4, (unsigned short)16383>(channel_eq::_puschRxChEqStatDescr *, channel_eq::_puschRxChEqSoftDemapDynDescr)"
7466521310,656568,186253,1,1,1,32,32,1,30,0.000,0.000,,,,,NVIDIA A100-SXM4-40GB MIG 4g.20gb (0),1,,13,"void convert_kernel<float2, __half2>(tensor_layout_any, T1 *, tensor_layout_any, const T2 *)"
7467811215,13312,186265,2253,1,1,128,1,1,16,0.000,0.000,,,,,NVIDIA A100-SXM4-40GB MIG 4g.20gb (0),1,,13,cupy_copy__float16_float16
7468393384,5568,186274,282,1,1,128,1,1,16,0.000,0.000,,,,,NVIDIA A100-SXM4-40GB MIG 4g.20gb (0),1,,13,cupy_copy__complex64_complex64
7468964258,4544,186283,26,1,1,128,1,1,16,0.000,0.000,,,,,NVIDIA A100-SXM4-40GB MIG 4g.20gb (0),1,,13,cupy_copy__float32_float32
7469337566,9664,186292,103,1,1,128,1,1,16,0.000,0.000,,,,,NVIDIA A100-SXM4-40GB MIG 4g.20gb (0),1,,13,cupy_copy__complex64_complex64
7469482460,16320,186302,1434,1,1,128,1,1,16,0.000,0.000,,,,,NVIDIA A100-SXM4-40GB MIG 4g.20gb (0),1,,13,cupy_copy__complex64_complex64
7469874264,280476,186307,1,1,1,32,32,1,30,0.000,0.000,,,,,NVIDIA A100-SXM4-40GB MIG 4g.20gb (0),1,,13,"void convert_kernel<__half2, float2>(tensor_layout_any, T1 *, tensor_layout_any, const T2 *)"
7470186164,8544,186310,,,,,,,,,,0.094,10966.274,Pinned,Device,NVIDIA A100-SXM4-40GB MIG 4g.20gb (0),1,,13,[CUDA memcpy Host-to-Device]
7470316147,606041,186311,,,,,,,,,,456.561,753326.376,Device,,NVIDIA A100-SXM4-40GB MIG 4g.20gb (0),1,,13,[CUDA memset]
7470927692,64767,186316,,,,,,,,,,1.235,19066.300,Pinned,Device,NVIDIA A100-SXM4-40GB MIG 4g.20gb (0),1,,13,[CUDA memcpy Host-to-Device]
7470995659,12608,186317,,,,,,,,,,0.197,15593.767,Pinned,Device,NVIDIA A100-SXM4-40GB MIG 4g.20gb (0),1,,13,[CUDA memcpy Host-to-Device]
7471330311,16352,186318,69,4,1,48,1,1,76,0.002,0.000,,,,,NVIDIA A100-SXM4-40GB MIG 4g.20gb (0),1,,13,"void ch_est::windowedChEstPreNoDftSOfdmKernel<float, __half, float, (unsigned int)2, (unsigned int)1, (unsigned short)4>(ch_est::puschRxChEstStatDescr_t *, ch_est::puschRxChEstDynDescr_t *)"
7471747138,15840,186319,137,2,1,24,2,1,44,0.001,0.001,,,,,NVIDIA A100-SXM4-40GB MIG 4g.20gb (0),1,,13,"void ch_est::chEstFilterNoDftSOfdmDispatchKernel<float, __half, float, (unsigned int)2>(ch_est::puschRxChEstStatDescr_t *, ch_est::puschRxChEstDynDescr_t *)"
7471947360,13440,186320,137,2,1,24,2,1,44,0.001,0.001,,,,,NVIDIA A100-SXM4-40GB MIG 4g.20gb (0),1,,13,"void ch_est::chEstFilterNoDftSOfdmDispatchKernel<float, __half, float, (unsigned int)2>(ch_est::puschRxChEstStatDescr_t *, ch_est::puschRxChEstDynDescr_t *)"
7472171646,5056,186331,103,1,1,128,1,1,16,0.000,0.000,,,,,NVIDIA A100-SXM4-40GB MIG 4g.20gb (0),1,,13,cupy_copy__complex64_complex64
7472350236,18911,186341,1434,1,1,128,1,1,16,0.000,0.000,,,,,NVIDIA A100-SXM4-40GB MIG 4g.20gb (0),1,,13,cupy_copy__complex64_complex64
7472504954,4736,186348,103,1,1,128,1,1,16,0.000,0.000,,,,,NVIDIA A100-SXM4-40GB MIG 4g.20gb (0),1,,13,cupy_copy__complex64_complex64
7472679928,202078,186355,1,1,1,32,32,1,30,0.000,0.000,,,,,NVIDIA A100-SXM4-40GB MIG 4g.20gb (0),1,,13,"void convert_kernel<__half2, float2>(tensor_layout_any, T1 *, tensor_layout_any, const T2 *)"
7472912597,5472,186358,,,,,,,,,,0.094,17122.757,Pinned,Device,NVIDIA A100-SXM4-40GB MIG 4g.20gb (0),1,,13,[CUDA memcpy Host-to-Device]
7473046324,54783,186359,,,,,,,,,,35.810,653638.470,Device,,NVIDIA A100-SXM4-40GB MIG 4g.20gb (0),1,,13,[CUDA memset]
7473105299,1856,186361,,,,,,,,,,0.000,43.103,Pinned,Device,NVIDIA A100-SXM4-40GB MIG 4g.20gb (0),1,,13,[CUDA memcpy Host-to-Device]
7473111795,12704,186362,,,,,,,,,,0.197,15475.999,Pinned,Device,NVIDIA A100-SXM4-40GB MIG 4g.20gb (0),1,,13,[CUDA memcpy Host-to-Device]
7473326833,24831,186363,273,1,1,48,1,1,40,0.000,0.001,,,,,NVIDIA A100-SXM4-40GB MIG 4g.20gb (0),1,,13,"void pusch_noise_intf_est::noiseIntfEstNoDftSOfdmKernel<float, __half, float, float, (unsigned int)2, (unsigned int)1, (unsigned char)4, (unsigned char)4>(pusch_noise_intf_est::puschRxNoiseIntfEstDynDescr)"
7473549102,7712,186374,35,1,1,128,1,1,16,0.000,0.000,,,,,NVIDIA A100-SXM4-40GB MIG 4g.20gb (0),1,,13,cupy_copy__complex64_complex64
7473729868,3872,186383,1,1,1,1,1,1,18,0.000,0.000,,,,,NVIDIA A100-SXM4-40GB MIG 4g.20gb (0),1,,13,cupy_copy__float32_float32
7473739116,1600,186389,,,,,,,,,,0.000,2.500,Device,Pageable,NVIDIA A100-SXM4-40GB MIG 4g.20gb (0),1,,7,[CUDA memcpy Device-to-Host]
7474046888,15616,186400,1434,1,1,128,1,1,16,0.000,0.000,,,,,NVIDIA A100-SXM4-40GB MIG 4g.20gb (0),1,,13,cupy_copy__complex64_complex64
7474492131,18720,186407,103,1,1,128,1,1,16,0.000,0.000,,,,,NVIDIA A100-SXM4-40GB MIG 4g.20gb (0),1,,13,cupy_copy__complex64_complex64
7474934398,6208,186414,35,1,1,128,1,1,16,0.000,0.000,,,,,NVIDIA A100-SXM4-40GB MIG 4g.20gb (0),1,,13,cupy_copy__complex64_complex64
7475395673,3552,186421,1,1,1,1,1,1,18,0.000,0.000,,,,,NVIDIA A100-SXM4-40GB MIG 4g.20gb (0),1,,13,cupy_copy__float32_float32
7475794965,285628,186432,1,1,1,32,32,1,30,0.000,0.000,,,,,NVIDIA A100-SXM4-40GB MIG 4g.20gb (0),1,,13,"void convert_kernel<__half2, float2>(tensor_layout_any, T1 *, tensor_layout_any, const T2 *)"
7476110993,6112,186435,,,,,,,,,,0.094,15329.790,Pinned,Device,NVIDIA A100-SXM4-40GB MIG 4g.20gb (0),1,,13,[CUDA memcpy Host-to-Device]
7476499629,18463,186436,,,,,,,,,,1.547,83768.249,Device,,NVIDIA A100-SXM4-40GB MIG 4g.20gb (0),1,,13,[CUDA memset]
7476524812,3744,186441,,,,,,,,,,0.031,8358.974,Pinned,Device,NVIDIA A100-SXM4-40GB MIG 4g.20gb (0),1,,13,[CUDA memcpy Host-to-Device]
7476531148,10976,186442,,,,,,,,,,0.197,17912.365,Pinned,Device,NVIDIA A100-SXM4-40GB MIG 4g.20gb (0),1,,13,[CUDA memcpy Host-to-Device]
7477084806,21856,186443,273,1,1,8,4,1,39,0.002,0.000,,,,,NVIDIA A100-SXM4-40GB MIG 4g.20gb (0),1,,13,"void channel_eq::eqMmseCoefCompLowMimoKernel<float, float, float, (unsigned int)4, (unsigned int)1, (unsigned int)4>(const channel_eq::_puschRxChEqStatDescr *, channel_eq::_puschRxChEqCoefCompDynDescr)"
7477569057,27583,186444,273,1,1,12,11,1,51,0.002,0.000,,,,,NVIDIA A100-SXM4-40GB MIG 4g.20gb (0),1,,13,"void channel_eq::eqMmseSoftDemapKernel<float, __half, __half, float, (unsigned int)4, (unsigned short)16383>(channel_eq::_puschRxChEqStatDescr *, channel_eq::_puschRxChEqSoftDemapDynDescr)"
7478032603,719992,186445,1,1,1,32,32,1,30,0.000,0.000,,,,,NVIDIA A100-SXM4-40GB MIG 4g.20gb (0),1,,13,"void convert_kernel<float2, __half2>(tensor_layout_any, T1 *, tensor_layout_any, const T2 *)"
7479296557,14848,186457,2253,1,1,128,1,1,16,0.000,0.000,,,,,NVIDIA A100-SXM4-40GB MIG 4g.20gb (0),1,,13,cupy_copy__float16_float16
7479672361,5952,186466,282,1,1,128,1,1,16,0.000,0.000,,,,,NVIDIA A100-SXM4-40GB MIG 4g.20gb (0),1,,13,cupy_copy__complex64_complex64
7480034885,5120,186475,26,1,1,128,1,1,16,0.000,0.000,,,,,NVIDIA A100-SXM4-40GB MIG 4g.20gb (0),1,,13,cupy_copy__float32_float32
7480364481,6496,186484,103,1,1,128,1,1,16,0.000,0.000,,,,,NVIDIA A100-SXM4-40GB MIG 4g.20gb (0),1,,13,cupy_copy__complex64_complex64
7480689533,21888,186494,1434,1,1,128,1,1,16,0.000,0.000,,,,,NVIDIA A100-SXM4-40GB MIG 4g.20gb (0),1,,13,cupy_copy__complex64_complex64
7480981082,250845,186499,1,1,1,32,32,1,30,0.000,0.000,,,,,NVIDIA A100-SXM4-40GB MIG 4g.20gb (0),1,,13,"void convert_kernel<__half2, float2>(tensor_layout_any, T1 *, tensor_layout_any, const T2 *)"
7481320502,7168,186502,,,,,,,,,,0.094,13071.342,Pinned,Device,NVIDIA A100-SXM4-40GB MIG 4g.20gb (0),1,,13,[CUDA memcpy Host-to-Device]
7481536788,616441,186503,,,,,,,,,,456.561,740542.656,Device,,NVIDIA A100-SXM4-40GB MIG 4g.20gb (0),1,,13,[CUDA memset]
7482158701,57855,186508,,,,,,,,,,1.235,21344.772,Pinned,Device,NVIDIA A100-SXM4-40GB MIG 4g.20gb (0),1,,13,[CUDA memcpy Host-to-Device]
7482220748,11744,186509,,,,,,,,,,0.197,16740.975,Pinned,Device,NVIDIA A100-SXM4-40GB MIG 4g.20gb (0),1,,13,[CUDA memcpy Host-to-Device]
7482466921,11072,186510,69,4,1,48,1,1,76,0.002,0.000,,,,,NVIDIA A100-SXM4-40GB MIG 4g.20gb (0),1,,13,"void ch_est::windowedChEstPreNoDftSOfdmKernel<float, __half, float, (unsigned int)2, (unsigned int)1, (unsigned short)4>(ch_est::puschRxChEstStatDescr_t *, ch_est::puschRxChEstDynDescr_t *)"
7482946308,8896,186511,137,2,1,24,2,1,44,0.001,0.001,,,,,NVIDIA A100-SXM4-40GB MIG 4g.20gb (0),1,,13,"void ch_est::chEstFilterNoDftSOfdmDispatchKernel<float, __half, float, (unsigned int)2>(ch_est::puschRxChEstStatDescr_t *, ch_est::puschRxChEstDynDescr_t *)"
7483425950,9120,186512,137,2,1,24,2,1,44,0.001,0.001,,,,,NVIDIA A100-SXM4-40GB MIG 4g.20gb (0),1,,13,"void ch_est::chEstFilterNoDftSOfdmDispatchKernel<float, __half, float, (unsigned int)2>(ch_est::puschRxChEstStatDescr_t *, ch_est::puschRxChEstDynDescr_t *)"
7483893433,6080,186523,103,1,1,128,1,1,16,0.000,0.000,,,,,NVIDIA A100-SXM4-40GB MIG 4g.20gb (0),1,,13,cupy_copy__complex64_complex64
7484380115,16640,186533,1434,1,1,128,1,1,16,0.000,0.000,,,,,NVIDIA A100-SXM4-40GB MIG 4g.20gb (0),1,,13,cupy_copy__complex64_complex64
7484887470,6272,186540,103,1,1,128,1,1,16,0.000,0.000,,,,,NVIDIA A100-SXM4-40GB MIG 4g.20gb (0),1,,13,cupy_copy__complex64_complex64
7485339753,246685,186547,1,1,1,32,32,1,30,0.000,0.000,,,,,NVIDIA A100-SXM4-40GB MIG 4g.20gb (0),1,,13,"void convert_kernel<__half2, float2>(tensor_layout_any, T1 *, tensor_layout_any, const T2 *)"
7485617285,6400,186550,,,,,,,,,,0.094,14640.000,Pinned,Device,NVIDIA A100-SXM4-40GB MIG 4g.20gb (0),1,,13,[CUDA memcpy Host-to-Device]
7485946818,62751,186551,,,,,,,,,,35.810,570666.885,Device,,NVIDIA A100-SXM4-40GB MIG 4g.20gb (0),1,,13,[CUDA memset]
7486016161,1984,186553,,,,,,,,,,0.000,40.323,Pinned,Device,NVIDIA A100-SXM4-40GB MIG 4g.20gb (0),1,,13,[CUDA memcpy Host-to-Device]
7486020577,13152,186554,,,,,,,,,,0.197,14948.893,Pinned,Device,NVIDIA A100-SXM4-40GB MIG 4g.20gb (0),1,,13,[CUDA memcpy Host-to-Device]
7486485244,31775,186555,273,1,1,48,1,1,40,0.000,0.001,,,,,NVIDIA A100-SXM4-40GB MIG 4g.20gb (0),1,,13,"void pusch_noise_intf_est::noiseIntfEstNoDftSOfdmKernel<float, __half, float, float, (unsigned int)2, (unsigned int)1, (unsigned char)4, (unsigned char)4>(pusch_noise_intf_est::puschRxNoiseIntfEstDynDescr)"
7486891063,7872,186566,35,1,1,128,1,1,16,0.000,0.000,,,,,NVIDIA A100-SXM4-40GB MIG 4g.20gb (0),1,,13,cupy_copy__complex64_complex64
7487353746,3328,186575,1,1,1,1,1,1,18,0.000,0.000,,,,,NVIDIA A100-SXM4-40GB MIG 4g.20gb (0),1,,13,cupy_copy__float32_float32
7487364434,1632,186581,,,,,,,,,,0.000,2.451,Device,Pageable,NVIDIA A100-SXM4-40GB MIG 4g.20gb (0),1,,7,[CUDA memcpy Device-to-Host]
7487674926,16192,186592,1434,1,1,128,1,1,16,0.000,0.000,,,,,NVIDIA A100-SXM4-40GB MIG 4g.20gb (0),1,,13,cupy_copy__complex64_complex64
7487907947,4416,186599,103,1,1,128,1,1,16,0.000,0.000,,,,,NVIDIA A100-SXM4-40GB MIG 4g.20gb (0),1,,13,cupy_copy__complex64_complex64
7488088617,5952,186606,35,1,1,128,1,1,16,0.000,0.000,,,,,NVIDIA A100-SXM4-40GB MIG 4g.20gb (0),1,,13,cupy_copy__complex64_complex64
7488441829,3456,186613,1,1,1,1,1,1,18,0.000,0.000,,,,,NVIDIA A100-SXM4-40GB MIG 4g.20gb (0),1,,13,cupy_copy__float32_float32
7488761250,257757,186624,1,1,1,32,32,1,30,0.000,0.000,,,,,NVIDIA A100-SXM4-40GB MIG 4g.20gb (0),1,,13,"void convert_kernel<__half2, float2>(tensor_layout_any, T1 *, tensor_layout_any, const T2 *)"
7489050207,6431,186627,,,,,,,,,,0.094,14569.353,Pinned,Device,NVIDIA A100-SXM4-40GB MIG 4g.20gb (0),1,,13,[CUDA memcpy Host-to-Device]
7489399227,4896,186628,,,,,,,,,,1.547,315894.859,Device,,NVIDIA A100-SXM4-40GB MIG 4g.20gb (0),1,,13,[CUDA memset]
7489411802,3072,186633,,,,,,,,,,0.031,10187.474,Pinned,Device,NVIDIA A100-SXM4-40GB MIG 4g.20gb (0),1,,13,[CUDA memcpy Host-to-Device]
7489417306,9984,186634,,,,,,,,,,0.197,19692.257,Pinned,Device,NVIDIA A100-SXM4-40GB MIG 4g.20gb (0),1,,13,[CUDA memcpy Host-to-Device]
7489760438,13984,186635,273,1,1,8,4,1,39,0.002,0.000,,,,,NVIDIA A100-SXM4-40GB MIG 4g.20gb (0),1,,13,"void channel_eq::eqMmseCoefCompLowMimoKernel<float, float, float, (unsigned int)4, (unsigned int)1, (unsigned int)4>(const channel_eq::_puschRxChEqStatDescr *, channel_eq::_puschRxChEqCoefCompDynDescr)"
7490172146,10496,186636,273,1,1,12,11,1,51,0.002,0.000,,,,,NVIDIA A100-SXM4-40GB MIG 4g.20gb (0),1,,13,"void channel_eq::eqMmseSoftDemapKernel<float, __half, __half, float, (unsigned int)4, (unsigned short)16383>(channel_eq::_puschRxChEqStatDescr *, channel_eq::_puschRxChEqSoftDemapDynDescr)"
7490701260,686872,186637,1,1,1,32,32,1,30,0.000,0.000,,,,,NVIDIA A100-SXM4-40GB MIG 4g.20gb (0),1,,13,"void convert_kernel<float2, __half2>(tensor_layout_any, T1 *, tensor_layout_any, const T2 *)"
7491794399,13792,186649,2253,1,1,128,1,1,16,0.000,0.000,,,,,NVIDIA A100-SXM4-40GB MIG 4g.20gb (0),1,,13,cupy_copy__float16_float16
7492329337,6048,186658,282,1,1,128,1,1,16,0.000,0.000,,,,,NVIDIA A100-SXM4-40GB MIG 4g.20gb (0),1,,13,cupy_copy__complex64_complex64
7492823668,3808,186667,26,1,1,128,1,1,16,0.000,0.000,,,,,NVIDIA A100-SXM4-40GB MIG 4g.20gb (0),1,,13,cupy_copy__float32_float32
7493166576,18304,186676,103,1,1,128,1,1,16,0.000,0.000,,,,,NVIDIA A100-SXM4-40GB MIG 4g.20gb (0),1,,13,cupy_copy__complex64_complex64
7493597003,15232,186692,1434,1,1,128,1,1,16,0.000,0.000,,,,,NVIDIA A100-SXM4-40GB MIG 4g.20gb (0),1,,13,cupy_copy__complex64_complex64
7493991335,284188,186697,1,1,1,32,32,1,30,0.000,0.000,,,,,NVIDIA A100-SXM4-40GB MIG 4g.20gb (0),1,,13,"void convert_kernel<__half2, float2>(tensor_layout_any, T1 *, tensor_layout_any, const T2 *)"
7494306851,6144,186700,,,,,,,,,,0.094,15249.961,Pinned,Device,NVIDIA A100-SXM4-40GB MIG 4g.20gb (0),1,,13,[CUDA memcpy Host-to-Device]
7494649471,629817,186701,,,,,,,,,,456.561,724563.005,Device,,NVIDIA A100-SXM4-40GB MIG 4g.20gb (0),1,,13,[CUDA memset]
7495284120,59775,186706,,,,,,,,,,1.235,20659.378,Pinned,Device,NVIDIA A100-SXM4-40GB MIG 4g.20gb (0),1,,13,[CUDA memcpy Host-to-Device]
7495346455,10112,186707,,,,,,,,,,0.197,19442.958,Pinned,Device,NVIDIA A100-SXM4-40GB MIG 4g.20gb (0),1,,13,[CUDA memcpy Host-to-Device]
7495508693,27136,186708,69,4,1,48,1,1,76,0.002,0.000,,,,,NVIDIA A100-SXM4-40GB MIG 4g.20gb (0),1,,13,"void ch_est::windowedChEstPreNoDftSOfdmKernel<float, __half, float, (unsigned int)2, (unsigned int)1, (unsigned short)4>(ch_est::puschRxChEstStatDescr_t *, ch_est::puschRxChEstDynDescr_t *)"
7495662900,8320,186709,137,2,1,24,2,1,44,0.001,0.001,,,,,NVIDIA A100-SXM4-40GB MIG 4g.20gb (0),1,,13,"void ch_est::chEstFilterNoDftSOfdmDispatchKernel<float, __half, float, (unsigned int)2>(ch_est::puschRxChEstStatDescr_t *, ch_est::puschRxChEstDynDescr_t *)"
7495868977,10304,186710,137,2,1,24,2,1,44,0.001,0.001,,,,,NVIDIA A100-SXM4-40GB MIG 4g.20gb (0),1,,13,"void ch_est::chEstFilterNoDftSOfdmDispatchKernel<float, __half, float, (unsigned int)2>(ch_est::puschRxChEstStatDescr_t *, ch_est::puschRxChEstDynDescr_t *)"
7496082319,6144,186721,103,1,1,128,1,1,16,0.000,0.000,,,,,NVIDIA A100-SXM4-40GB MIG 4g.20gb (0),1,,13,cupy_copy__complex64_complex64
7496259053,15136,186731,1434,1,1,128,1,1,16,0.000,0.000,,,,,NVIDIA A100-SXM4-40GB MIG 4g.20gb (0),1,,13,cupy_copy__complex64_complex64
7496441003,16672,186738,103,1,1,128,1,1,16,0.000,0.000,,,,,NVIDIA A100-SXM4-40GB MIG 4g.20gb (0),1,,13,cupy_copy__complex64_complex64
7496580617,279709,186745,1,1,1,32,32,1,30,0.000,0.000,,,,,NVIDIA A100-SXM4-40GB MIG 4g.20gb (0),1,,13,"void convert_kernel<__half2, float2>(tensor_layout_any, T1 *, tensor_layout_any, const T2 *)"
7496891366,9408,186748,,,,,,,,,,0.094,9959.135,Pinned,Device,NVIDIA A100-SXM4-40GB MIG 4g.20gb (0),1,,13,[CUDA memcpy Host-to-Device]
7497308609,64703,186749,,,,,,,,,,35.810,553442.314,Device,,NVIDIA A100-SXM4-40GB MIG 4g.20gb (0),1,,13,[CUDA memset]
7497374656,2016,186751,,,,,,,,,,0.000,39.682,Pinned,Device,NVIDIA A100-SXM4-40GB MIG 4g.20gb (0),1,,13,[CUDA memcpy Host-to-Device]
7497383488,12864,186752,,,,,,,,,,0.197,15283.519,Pinned,Device,NVIDIA A100-SXM4-40GB MIG 4g.20gb (0),1,,13,[CUDA memcpy Host-to-Device]
7497821115,33056,186753,273,1,1,48,1,1,40,0.000,0.001,,,,,NVIDIA A100-SXM4-40GB MIG 4g.20gb (0),1,,13,"void pusch_noise_intf_est::noiseIntfEstNoDftSOfdmKernel<float, __half, float, float, (unsigned int)2, (unsigned int)1, (unsigned char)4, (unsigned char)4>(pusch_noise_intf_est::puschRxNoiseIntfEstDynDescr)"
7498255414,7584,186764,35,1,1,128,1,1,16,0.000,0.000,,,,,NVIDIA A100-SXM4-40GB MIG 4g.20gb (0),1,,13,cupy_copy__complex64_complex64
7498487540,3520,186773,1,1,1,1,1,1,18,0.000,0.000,,,,,NVIDIA A100-SXM4-40GB MIG 4g.20gb (0),1,,13,cupy_copy__float32_float32
7498494356,1696,186779,,,,,,,,,,0.000,2.358,Device,Pageable,NVIDIA A100-SXM4-40GB MIG 4g.20gb (0),1,,7,[CUDA memcpy Device-to-Host]
7498930639,16128,186790,1434,1,1,128,1,1,16,0.000,0.000,,,,,NVIDIA A100-SXM4-40GB MIG 4g.20gb (0),1,,13,cupy_copy__complex64_complex64
7499348682,5280,186797,103,1,1,128,1,1,16,0.000,0.000,,,,,NVIDIA A100-SXM4-40GB MIG 4g.20gb (0),1,,13,cupy_copy__complex64_complex64
7499882756,8544,186804,35,1,1,128,1,1,16,0.000,0.000,,,,,NVIDIA A100-SXM4-40GB MIG 4g.20gb (0),1,,13,cupy_copy__complex64_complex64
7500377470,4864,186811,1,1,1,1,1,1,18,0.000,0.000,,,,,NVIDIA A100-SXM4-40GB MIG 4g.20gb (0),1,,13,cupy_copy__float32_float32
7500833113,261373,186822,1,1,1,32,32,1,30,0.000,0.000,,,,,NVIDIA A100-SXM4-40GB MIG 4g.20gb (0),1,,13,"void convert_kernel<__half2, float2>(tensor_layout_any, T1 *, tensor_layout_any, const T2 *)"
7501129590,14144,186825,,,,,,,,,,0.094,6624.401,Pinned,Device,NVIDIA A100-SXM4-40GB MIG 4g.20gb (0),1,,13,[CUDA memcpy Host-to-Device]
7501707247,5952,186826,,,,,,,,,,1.547,259848.298,Device,,NVIDIA A100-SXM4-40GB MIG 4g.20gb (0),1,,13,[CUDA memset]
7501722159,9664,186831,,,,,,,,,,0.031,3238.385,Pinned,Device,NVIDIA A100-SXM4-40GB MIG 4g.20gb (0),1,,13,[CUDA memcpy Host-to-Device]
7501738031,14784,186832,,,,,,,,,,0.197,13298.565,Pinned,Device,NVIDIA A100-SXM4-40GB MIG 4g.20gb (0),1,,13,[CUDA memcpy Host-to-Device]
7502293289,10208,186833,273,1,1,8,4,1,39,0.002,0.000,,,,,NVIDIA A100-SXM4-40GB MIG 4g.20gb (0),1,,13,"void channel_eq::eqMmseCoefCompLowMimoKernel<float, float, float, (unsigned int)4, (unsigned int)1, (unsigned int)4>(const channel_eq::_puschRxChEqStatDescr *, channel_eq::_puschRxChEqCoefCompDynDescr)"
7502665476,11200,186834,273,1,1,12,11,1,51,0.002,0.000,,,,,NVIDIA A100-SXM4-40GB MIG 4g.20gb (0),1,,13,"void channel_eq::eqMmseSoftDemapKernel<float, __half, __half, float, (unsigned int)4, (unsigned short)16383>(channel_eq::_puschRxChEqStatDescr *, channel_eq::_puschRxChEqSoftDemapDynDescr)"
7503037248,662585,186835,1,1,1,32,32,1,30,0.000,0.000,,,,,NVIDIA A100-SXM4-40GB MIG 4g.20gb (0),1,,13,"void convert_kernel<float2, __half2>(tensor_layout_any, T1 *, tensor_layout_any, const T2 *)"
7503961686,14080,186847,2253,1,1,128,1,1,16,0.000,0.000,,,,,NVIDIA A100-SXM4-40GB MIG 4g.20gb (0),1,,13,cupy_copy__float16_float16
7504336241,5216,186856,282,1,1,128,1,1,16,0.000,0.000,,,,,NVIDIA A100-SXM4-40GB MIG 4g.20gb (0),1,,13,cupy_copy__complex64_complex64
7504587215,6368,186865,26,1,1,128,1,1,16,0.000,0.000,,,,,NVIDIA A100-SXM4-40GB MIG 4g.20gb (0),1,,13,cupy_copy__float32_float32
7504906155,21760,186874,103,1,1,128,1,1,16,0.000,0.000,,,,,NVIDIA A100-SXM4-40GB MIG 4g.20gb (0),1,,13,cupy_copy__complex64_complex64
7505148040,23168,186884,1434,1,1,128,1,1,16,0.000,0.000,,,,,NVIDIA A100-SXM4-40GB MIG 4g.20gb (0),1,,13,cupy_copy__complex64_complex64
7505475429,283996,186889,1,1,1,32,32,1,30,0.000,0.000,,,,,NVIDIA A100-SXM4-40GB MIG 4g.20gb (0),1,,13,"void convert_kernel<__half2, float2>(tensor_layout_any, T1 *, tensor_layout_any, const T2 *)"
7505792321,9568,186892,,,,,,,,,,0.094,9792.637,Pinned,Device,NVIDIA A100-SXM4-40GB MIG 4g.20gb (0),1,,13,[CUDA memcpy Host-to-Device]
7506019742,622553,186893,,,,,,,,,,456.561,733237.673,Device,,NVIDIA A100-SXM4-40GB MIG 4g.20gb (0),1,,13,[CUDA memset]
7506644791,68192,186898,,,,,,,,,,1.235,18109.219,Pinned,Device,NVIDIA A100-SXM4-40GB MIG 4g.20gb (0),1,,13,[CUDA memcpy Host-to-Device]
7506715895,14591,186899,,,,,,,,,,0.197,13474.529,Pinned,Device,NVIDIA A100-SXM4-40GB MIG 4g.20gb (0),1,,13,[CUDA memcpy Host-to-Device]
7507089138,15808,186900,69,4,1,48,1,1,76,0.002,0.000,,,,,NVIDIA A100-SXM4-40GB MIG 4g.20gb (0),1,,13,"void ch_est::windowedChEstPreNoDftSOfdmKernel<float, __half, float, (unsigned int)2, (unsigned int)1, (unsigned short)4>(ch_est::puschRxChEstStatDescr_t *, ch_est::puschRxChEstDynDescr_t *)"
7507839210,17728,186901,137,2,1,24,2,1,44,0.001,0.001,,,,,NVIDIA A100-SXM4-40GB MIG 4g.20gb (0),1,,13,"void ch_est::chEstFilterNoDftSOfdmDispatchKernel<float, __half, float, (unsigned int)2>(ch_est::puschRxChEstStatDescr_t *, ch_est::puschRxChEstDynDescr_t *)"
7508224549,27808,186902,137,2,1,24,2,1,44,0.001,0.001,,,,,NVIDIA A100-SXM4-40GB MIG 4g.20gb (0),1,,13,"void ch_est::chEstFilterNoDftSOfdmDispatchKernel<float, __half, float, (unsigned int)2>(ch_est::puschRxChEstStatDescr_t *, ch_est::puschRxChEstDynDescr_t *)"
7508901726,18624,186913,103,1,1,128,1,1,16,0.000,0.000,,,,,NVIDIA A100-SXM4-40GB MIG 4g.20gb (0),1,,13,cupy_copy__complex64_complex64
7509577718,15360,186923,1434,1,1,128,1,1,16,0.000,0.000,,,,,NVIDIA A100-SXM4-40GB MIG 4g.20gb (0),1,,13,cupy_copy__complex64_complex64
7510338062,6111,186930,103,1,1,128,1,1,16,0.000,0.000,,,,,NVIDIA A100-SXM4-40GB MIG 4g.20gb (0),1,,13,cupy_copy__complex64_complex64
7511093285,294461,186937,1,1,1,32,32,1,30,0.000,0.000,,,,,NVIDIA A100-SXM4-40GB MIG 4g.20gb (0),1,,13,"void convert_kernel<__half2, float2>(tensor_layout_any, T1 *, tensor_layout_any, const T2 *)"
7511421857,5856,186940,,,,,,,,,,0.094,15999.997,Pinned,Device,NVIDIA A100-SXM4-40GB MIG 4g.20gb (0),1,,13,[CUDA memcpy Host-to-Device]
7511834173,65759,186941,,,,,,,,,,35.810,544561.453,Device,,NVIDIA A100-SXM4-40GB MIG 4g.20gb (0),1,,13,[CUDA memset]
7511903612,1856,186943,,,,,,,,,,0.000,43.103,Pinned,Device,NVIDIA A100-SXM4-40GB MIG 4g.20gb (0),1,,13,[CUDA memcpy Host-to-Device]
7511908796,11776,186944,,,,,,,,,,0.197,16695.558,Pinned,Device,NVIDIA A100-SXM4-40GB MIG 4g.20gb (0),1,,13,[CUDA memcpy Host-to-Device]
7512470805,30624,186945,273,1,1,48,1,1,40,0.000,0.001,,,,,NVIDIA A100-SXM4-40GB MIG 4g.20gb (0),1,,13,"void pusch_noise_intf_est::noiseIntfEstNoDftSOfdmKernel<float, __half, float, float, (unsigned int)2, (unsigned int)1, (unsigned char)4, (unsigned char)4>(pusch_noise_intf_est::puschRxNoiseIntfEstDynDescr)"
7512985328,7807,186956,35,1,1,128,1,1,16,0.000,0.000,,,,,NVIDIA A100-SXM4-40GB MIG 4g.20gb (0),1,,13,cupy_copy__complex64_complex64
7513500298,3488,186965,1,1,1,1,1,1,18,0.000,0.000,,,,,NVIDIA A100-SXM4-40GB MIG 4g.20gb (0),1,,13,cupy_copy__float32_float32
7513510250,2080,186971,,,,,,,,,,0.000,1.923,Device,Pageable,NVIDIA A100-SXM4-40GB MIG 4g.20gb (0),1,,7,[CUDA memcpy Device-to-Host]
7514086563,15328,186982,1434,1,1,128,1,1,16,0.000,0.000,,,,,NVIDIA A100-SXM4-40GB MIG 4g.20gb (0),1,,13,cupy_copy__complex64_complex64
7514384960,5920,186989,103,1,1,128,1,1,16,0.000,0.000,,,,,NVIDIA A100-SXM4-40GB MIG 4g.20gb (0),1,,13,cupy_copy__complex64_complex64
7514744092,7232,186996,35,1,1,128,1,1,16,0.000,0.000,,,,,NVIDIA A100-SXM4-40GB MIG 4g.20gb (0),1,,13,cupy_copy__complex64_complex64
7515099128,5824,187003,1,1,1,1,1,1,18,0.000,0.000,,,,,NVIDIA A100-SXM4-40GB MIG 4g.20gb (0),1,,13,cupy_copy__float32_float32
7515325685,220574,187014,1,1,1,32,32,1,30,0.000,0.000,,,,,NVIDIA A100-SXM4-40GB MIG 4g.20gb (0),1,,13,"void convert_kernel<__half2, float2>(tensor_layout_any, T1 *, tensor_layout_any, const T2 *)"
7515579666,9600,187017,,,,,,,,,,0.094,9759.938,Pinned,Device,NVIDIA A100-SXM4-40GB MIG 4g.20gb (0),1,,13,[CUDA memcpy Host-to-Device]
7515796624,5600,187018,,,,,,,,,,1.547,276182.194,Device,,NVIDIA A100-SXM4-40GB MIG 4g.20gb (0),1,,13,[CUDA memset]
7515808240,7232,187023,,,,,,,,,,0.031,4327.423,Pinned,Device,NVIDIA A100-SXM4-40GB MIG 4g.20gb (0),1,,13,[CUDA memcpy Host-to-Device]
7515818032,12767,187024,,,,,,,,,,0.197,15399.518,Pinned,Device,NVIDIA A100-SXM4-40GB MIG 4g.20gb (0),1,,13,[CUDA memcpy Host-to-Device]
7516189163,18496,187025,273,1,1,8,4,1,39,0.002,0.000,,,,,NVIDIA A100-SXM4-40GB MIG 4g.20gb (0),1,,13,"void channel_eq::eqMmseCoefCompLowMimoKernel<float, float, float, (unsigned int)4, (unsigned int)1, (unsigned int)4>(const channel_eq::_puschRxChEqStatDescr *, channel_eq::_puschRxChEqCoefCompDynDescr)"
7516636390,12768,187026,273,1,1,12,11,1,51,0.002,0.000,,,,,NVIDIA A100-SXM4-40GB MIG 4g.20gb (0),1,,13,"void channel_eq::eqMmseSoftDemapKernel<float, __half, __half, float, (unsigned int)4, (unsigned short)16383>(channel_eq::_puschRxChEqStatDescr *, channel_eq::_puschRxChEqSoftDemapDynDescr)"
7517187136,703352,187027,1,1,1,32,32,1,30,0.000,0.000,,,,,NVIDIA A100-SXM4-40GB MIG 4g.20gb (0),1,,13,"void convert_kernel<float2, __half2>(tensor_layout_any, T1 *, tensor_layout_any, const T2 *)"
7518291316,14015,187039,2253,1,1,128,1,1,16,0.000,0.000,,,,,NVIDIA A100-SXM4-40GB MIG 4g.20gb (0),1,,13,cupy_copy__float16_float16
7518851917,5600,187048,282,1,1,128,1,1,16,0.000,0.000,,,,,NVIDIA A100-SXM4-40GB MIG 4g.20gb (0),1,,13,cupy_copy__complex64_complex64
7519238313,5280,187057,26,1,1,128,1,1,16,0.000,0.000,,,,,NVIDIA A100-SXM4-40GB MIG 4g.20gb (0),1,,13,cupy_copy__float32_float32
7519637188,8640,187066,103,1,1,128,1,1,16,0.000,0.000,,,,,NVIDIA A100-SXM4-40GB MIG 4g.20gb (0),1,,13,cupy_copy__complex64_complex64
7520032416,15456,187076,1434,1,1,128,1,1,16,0.000,0.000,,,,,NVIDIA A100-SXM4-40GB MIG 4g.20gb (0),1,,13,cupy_copy__complex64_complex64
7520435131,260125,187081,1,1,1,32,32,1,30,0.000,0.000,,,,,NVIDIA A100-SXM4-40GB MIG 4g.20gb (0),1,,13,"void convert_kernel<__half2, float2>(tensor_layout_any, T1 *, tensor_layout_any, const T2 *)"
7520728984,12960,187084,,,,,,,,,,0.094,7229.583,Pinned,Device,NVIDIA A100-SXM4-40GB MIG 4g.20gb (0),1,,13,[CUDA memcpy Host-to-Device]
7521075572,620313,187085,,,,,,,,,,456.561,735977.041,Device,,NVIDIA A100-SXM4-40GB MIG 4g.20gb (0),1,,13,[CUDA memset]
7521701133,60543,187090,,,,,,,,,,1.235,20397.570,Pinned,Device,NVIDIA A100-SXM4-40GB MIG 4g.20gb (0),1,,13,[CUDA memcpy Host-to-Device]
7521768300,16992,187091,,,,,,,,,,0.197,11570.577,Pinned,Device,NVIDIA A100-SXM4-40GB MIG 4g.20gb (0),1,,13,[CUDA memcpy Host-to-Device]
7522157160,16544,187092,69,4,1,48,1,1,76,0.002,0.000,,,,,NVIDIA A100-SXM4-40GB MIG 4g.20gb (0),1,,13,"void ch_est::windowedChEstPreNoDftSOfdmKernel<float, __half, float, (unsigned int)2, (unsigned int)1, (unsigned short)4>(ch_est::puschRxChEstStatDescr_t *, ch_est::puschRxChEstDynDescr_t *)"
7522586851,26720,187093,137,2,1,24,2,1,44,0.001,0.001,,,,,NVIDIA A100-SXM4-40GB MIG 4g.20gb (0),1,,13,"void ch_est::chEstFilterNoDftSOfdmDispatchKernel<float, __half, float, (unsigned int)2>(ch_est::puschRxChEstStatDescr_t *, ch_est::puschRxChEstDynDescr_t *)"
7522833056,31168,187094,137,2,1,24,2,1,44,0.001,0.001,,,,,NVIDIA A100-SXM4-40GB MIG 4g.20gb (0),1,,13,"void ch_est::chEstFilterNoDftSOfdmDispatchKernel<float, __half, float, (unsigned int)2>(ch_est::puschRxChEstStatDescr_t *, ch_est::puschRxChEstDynDescr_t *)"
7523189084,6304,187105,103,1,1,128,1,1,16,0.000,0.000,,,,,NVIDIA A100-SXM4-40GB MIG 4g.20gb (0),1,,13,cupy_copy__complex64_complex64
7523606583,15296,187115,1434,1,1,128,1,1,16,0.000,0.000,,,,,NVIDIA A100-SXM4-40GB MIG 4g.20gb (0),1,,13,cupy_copy__complex64_complex64
7524039634,8480,187122,103,1,1,128,1,1,16,0.000,0.000,,,,,NVIDIA A100-SXM4-40GB MIG 4g.20gb (0),1,,13,cupy_copy__complex64_complex64
7524483661,352636,187129,1,1,1,32,32,1,30,0.000,0.000,,,,,NVIDIA A100-SXM4-40GB MIG 4g.20gb (0),1,,13,"void convert_kernel<__half2, float2>(tensor_layout_any, T1 *, tensor_layout_any, const T2 *)"
7524868265,6624,187132,,,,,,,,,,0.094,14144.910,Pinned,Device,NVIDIA A100-SXM4-40GB MIG 4g.20gb (0),1,,13,[CUDA memcpy Host-to-Device]
7525336068,49439,187133,,,,,,,,,,35.810,724291.442,Device,,NVIDIA A100-SXM4-40GB MIG 4g.20gb (0),1,,13,[CUDA memset]
7525391299,1824,187135,,,,,,,,,,0.000,43.860,Pinned,Device,NVIDIA A100-SXM4-40GB MIG 4g.20gb (0),1,,13,[CUDA memcpy Host-to-Device]
7525396611,12416,187136,,,,,,,,,,0.197,15835.005,Pinned,Device,NVIDIA A100-SXM4-40GB MIG 4g.20gb (0),1,,13,[CUDA memcpy Host-to-Device]
7526199322,16736,187137,273,1,1,48,1,1,40,0.000,0.001,,,,,NVIDIA A100-SXM4-40GB MIG 4g.20gb (0),1,,13,"void pusch_noise_intf_est::noiseIntfEstNoDftSOfdmKernel<float, __half, float, float, (unsigned int)2, (unsigned int)1, (unsigned char)4, (unsigned char)4>(pusch_noise_intf_est::puschRxNoiseIntfEstDynDescr)"
7527016081,8608,187148,35,1,1,128,1,1,16,0.000,0.000,,,,,NVIDIA A100-SXM4-40GB MIG 4g.20gb (0),1,,13,cupy_copy__complex64_complex64
7527799720,3584,187157,1,1,1,1,1,1,18,0.000,0.000,,,,,NVIDIA A100-SXM4-40GB MIG 4g.20gb (0),1,,13,cupy_copy__float32_float32
7527805128,4896,187163,,,,,,,,,,0.000,0.817,Device,Pageable,NVIDIA A100-SXM4-40GB MIG 4g.20gb (0),1,,7,[CUDA memcpy Device-to-Host]
7528650302,16480,187174,1434,1,1,128,1,1,16,0.000,0.000,,,,,NVIDIA A100-SXM4-40GB MIG 4g.20gb (0),1,,13,cupy_copy__complex64_complex64
7529286519,6848,187181,103,1,1,128,1,1,16,0.000,0.000,,,,,NVIDIA A100-SXM4-40GB MIG 4g.20gb (0),1,,13,cupy_copy__complex64_complex64
7529904080,8800,187188,35,1,1,128,1,1,16,0.000,0.000,,,,,NVIDIA A100-SXM4-40GB MIG 4g.20gb (0),1,,13,cupy_copy__complex64_complex64
7530499177,3648,187195,1,1,1,1,1,1,18,0.000,0.000,,,,,NVIDIA A100-SXM4-40GB MIG 4g.20gb (0),1,,13,cupy_copy__float32_float32
7531086563,315740,187206,1,1,1,32,32,1,30,0.000,0.000,,,,,NVIDIA A100-SXM4-40GB MIG 4g.20gb (0),1,,13,"void convert_kernel<__half2, float2>(tensor_layout_any, T1 *, tensor_layout_any, const T2 *)"
7531431231,6368,187209,,,,,,,,,,0.094,14713.551,Pinned,Device,NVIDIA A100-SXM4-40GB MIG 4g.20gb (0),1,,13,[CUDA memcpy Host-to-Device]
7531821626,5568,187210,,,,,,,,,,1.547,277769.031,Device,,NVIDIA A100-SXM4-40GB MIG 4g.20gb (0),1,,13,[CUDA memset]
7531828986,6560,187215,,,,,,,,,,0.031,4770.731,Pinned,Device,NVIDIA A100-SXM4-40GB MIG 4g.20gb (0),1,,13,[CUDA memcpy Host-to-Device]
7531843834,9760,187216,,,,,,,,,,0.197,20144.259,Pinned,Device,NVIDIA A100-SXM4-40GB MIG 4g.20gb (0),1,,13,[CUDA memcpy Host-to-Device]
7532301813,14656,187217,273,1,1,8,4,1,39,0.002,0.000,,,,,NVIDIA A100-SXM4-40GB MIG 4g.20gb (0),1,,13,"void channel_eq::eqMmseCoefCompLowMimoKernel<float, float, float, (unsigned int)4, (unsigned int)1, (unsigned int)4>(const channel_eq::_puschRxChEqStatDescr *, channel_eq::_puschRxChEqCoefCompDynDescr)"
7532774032,11679,187218,273,1,1,12,11,1,51,0.002,0.000,,,,,NVIDIA A100-SXM4-40GB MIG 4g.20gb (0),1,,13,"void channel_eq::eqMmseSoftDemapKernel<float, __half, __half, float, (unsigned int)4, (unsigned short)16383>(channel_eq::_puschRxChEqStatDescr *, channel_eq::_puschRxChEqSoftDemapDynDescr)"
7533252490,672089,187219,1,1,1,32,32,1,30,0.000,0.000,,,,,NVIDIA A100-SXM4-40GB MIG 4g.20gb (0),1,,13,"void convert_kernel<float2, __half2>(tensor_layout_any, T1 *, tensor_layout_any, const T2 *)"
7534324126,21408,187231,2253,1,1,128,1,1,16,0.000,0.000,,,,,NVIDIA A100-SXM4-40GB MIG 4g.20gb (0),1,,13,cupy_copy__float16_float16
7534985271,5247,187240,282,1,1,128,1,1,16,0.000,0.000,,,,,NVIDIA A100-SXM4-40GB MIG 4g.20gb (0),1,,13,cupy_copy__complex64_complex64
7535670191,8736,187249,26,1,1,128,1,1,16,0.000,0.000,,,,,NVIDIA A100-SXM4-40GB MIG 4g.20gb (0),1,,13,cupy_copy__float32_float32
7536156585,7456,187258,103,1,1,128,1,1,16,0.000,0.000,,,,,NVIDIA A100-SXM4-40GB MIG 4g.20gb (0),1,,13,cupy_copy__complex64_complex64
7536835074,20319,187268,1434,1,1,128,1,1,16,0.000,0.000,,,,,NVIDIA A100-SXM4-40GB MIG 4g.20gb (0),1,,13,cupy_copy__complex64_complex64
7537493626,260925,187273,1,1,1,32,32,1,30,0.000,0.000,,,,,NVIDIA A100-SXM4-40GB MIG 4g.20gb (0),1,,13,"void convert_kernel<__half2, float2>(tensor_layout_any, T1 *, tensor_layout_any, const T2 *)"
7537784503,11360,187276,,,,,,,,,,0.094,8247.871,Pinned,Device,NVIDIA A100-SXM4-40GB MIG 4g.20gb (0),1,,13,[CUDA memcpy Host-to-Device]
7538130867,608345,187277,,,,,,,,,,456.561,750130.446,Device,,NVIDIA A100-SXM4-40GB MIG 4g.20gb (0),1,,13,[CUDA memset]
7538747468,62367,187282,,,,,,,,,,1.235,19801.092,Pinned,Device,NVIDIA A100-SXM4-40GB MIG 4g.20gb (0),1,,13,[CUDA memcpy Host-to-Device]
7538817387,17120,187283,,,,,,,,,,0.197,11484.070,Pinned,Device,NVIDIA A100-SXM4-40GB MIG 4g.20gb (0),1,,13,[CUDA memcpy Host-to-Device]
7539218023,10912,187284,69,4,1,48,1,1,76,0.002,0.000,,,,,NVIDIA A100-SXM4-40GB MIG 4g.20gb (0),1,,13,"void ch_est::windowedChEstPreNoDftSOfdmKernel<float, __half, float, (unsigned int)2, (unsigned int)1, (unsigned short)4>(ch_est::puschRxChEstStatDescr_t *, ch_est::puschRxChEstDynDescr_t *)"
7539706561,9728,187285,137,2,1,24,2,1,44,0.001,0.001,,,,,NVIDIA A100-SXM4-40GB MIG 4g.20gb (0),1,,13,"void ch_est::chEstFilterNoDftSOfdmDispatchKernel<float, __half, float, (unsigned int)2>(ch_est::puschRxChEstStatDescr_t *, ch_est::puschRxChEstDynDescr_t *)"
7540188476,11168,187286,137,2,1,24,2,1,44,0.001,0.001,,,,,NVIDIA A100-SXM4-40GB MIG 4g.20gb (0),1,,13,"void ch_est::chEstFilterNoDftSOfdmDispatchKernel<float, __half, float, (unsigned int)2>(ch_est::puschRxChEstStatDescr_t *, ch_est::puschRxChEstDynDescr_t *)"
7540673206,6720,187297,103,1,1,128,1,1,16,0.000,0.000,,,,,NVIDIA A100-SXM4-40GB MIG 4g.20gb (0),1,,13,cupy_copy__complex64_complex64
7541217168,15616,187307,1434,1,1,128,1,1,16,0.000,0.000,,,,,NVIDIA A100-SXM4-40GB MIG 4g.20gb (0),1,,13,cupy_copy__complex64_complex64
7541662283,6656,187314,103,1,1,128,1,1,16,0.000,0.000,,,,,NVIDIA A100-SXM4-40GB MIG 4g.20gb (0),1,,13,cupy_copy__complex64_complex64
7542064230,279741,187321,1,1,1,32,32,1,30,0.000,0.000,,,,,NVIDIA A100-SXM4-40GB MIG 4g.20gb (0),1,,13,"void convert_kernel<__half2, float2>(tensor_layout_any, T1 *, tensor_layout_any, const T2 *)"
7542373155,7584,187324,,,,,,,,,,0.094,12354.380,Pinned,Device,NVIDIA A100-SXM4-40GB MIG 4g.20gb (0),1,,13,[CUDA memcpy Host-to-Device]
7542737023,54175,187325,,,,,,,,,,35.810,660979.503,Device,,NVIDIA A100-SXM4-40GB MIG 4g.20gb (0),1,,13,[CUDA memset]
7542797342,1824,187327,,,,,,,,,,0.000,43.860,Pinned,Device,NVIDIA A100-SXM4-40GB MIG 4g.20gb (0),1,,13,[CUDA memcpy Host-to-Device]
7542807518,9472,187328,,,,,,,,,,0.197,20756.693,Pinned,Device,NVIDIA A100-SXM4-40GB MIG 4g.20gb (0),1,,13,[CUDA memcpy Host-to-Device]
7543220377,25984,187329,273,1,1,48,1,1,40,0.000,0.001,,,,,NVIDIA A100-SXM4-40GB MIG 4g.20gb (0),1,,13,"void pusch_noise_intf_est::noiseIntfEstNoDftSOfdmKernel<float, __half, float, float, (unsigned int)2, (unsigned int)1, (unsigned char)4, (unsigned char)4>(pusch_noise_intf_est::puschRxNoiseIntfEstDynDescr)"
7543655028,8416,187340,35,1,1,128,1,1,16,0.000,0.000,,,,,NVIDIA A100-SXM4-40GB MIG 4g.20gb (0),1,,13,cupy_copy__complex64_complex64
7543889778,3456,187349,1,1,1,1,1,1,18,0.000,0.000,,,,,NVIDIA A100-SXM4-40GB MIG 4g.20gb (0),1,,13,cupy_copy__float32_float32
7543896082,1952,187355,,,,,,,,,,0.000,2.049,Device,Pageable,NVIDIA A100-SXM4-40GB MIG 4g.20gb (0),1,,7,[CUDA memcpy Device-to-Host]
7544381420,16608,187366,1434,1,1,128,1,1,16,0.000,0.000,,,,,NVIDIA A100-SXM4-40GB MIG 4g.20gb (0),1,,13,cupy_copy__complex64_complex64
7545009733,5856,187373,103,1,1,128,1,1,16,0.000,0.000,,,,,NVIDIA A100-SXM4-40GB MIG 4g.20gb (0),1,,13,cupy_copy__complex64_complex64
7545456480,7424,187380,35,1,1,128,1,1,16,0.000,0.000,,,,,NVIDIA A100-SXM4-40GB MIG 4g.20gb (0),1,,13,cupy_copy__complex64_complex64
7546085145,3232,187387,1,1,1,1,1,1,18,0.000,0.000,,,,,NVIDIA A100-SXM4-40GB MIG 4g.20gb (0),1,,13,cupy_copy__float32_float32
7546459157,247453,187398,1,1,1,32,32,1,30,0.000,0.000,,,,,NVIDIA A100-SXM4-40GB MIG 4g.20gb (0),1,,13,"void convert_kernel<__half2, float2>(tensor_layout_any, T1 *, tensor_layout_any, const T2 *)"
7546740689,8992,187401,,,,,,,,,,0.094,10419.838,Pinned,Device,NVIDIA A100-SXM4-40GB MIG 4g.20gb (0),1,,13,[CUDA memcpy Host-to-Device]
7547073774,6912,187402,,,,,,,,,,1.547,223757.827,Device,,NVIDIA A100-SXM4-40GB MIG 4g.20gb (0),1,,13,[CUDA memset]
7547084494,5312,187407,,,,,,,,,,0.031,5891.566,Pinned,Device,NVIDIA A100-SXM4-40GB MIG 4g.20gb (0),1,,13,[CUDA memcpy Host-to-Device]
7547096109,11968,187408,,,,,,,,,,0.197,16427.778,Pinned,Device,NVIDIA A100-SXM4-40GB MIG 4g.20gb (0),1,,13,[CUDA memcpy Host-to-Device]
7547485577,28864,187409,273,1,1,8,4,1,39,0.002,0.000,,,,,NVIDIA A100-SXM4-40GB MIG 4g.20gb (0),1,,13,"void channel_eq::eqMmseCoefCompLowMimoKernel<float, float, float, (unsigned int)4, (unsigned int)1, (unsigned int)4>(const channel_eq::_puschRxChEqStatDescr *, channel_eq::_puschRxChEqCoefCompDynDescr)"
7547714982,10816,187410,273,1,1,12,11,1,51,0.002,0.000,,,,,NVIDIA A100-SXM4-40GB MIG 4g.20gb (0),1,,13,"void channel_eq::eqMmseSoftDemapKernel<float, __half, __half, float, (unsigned int)4, (unsigned short)16383>(channel_eq::_puschRxChEqStatDescr *, channel_eq::_puschRxChEqSoftDemapDynDescr)"
7548130338,731159,187411,1,1,1,32,32,1,30,0.000,0.000,,,,,NVIDIA A100-SXM4-40GB MIG 4g.20gb (0),1,,13,"void convert_kernel<float2, __half2>(tensor_layout_any, T1 *, tensor_layout_any, const T2 *)"
7549397971,23136,187423,2253,1,1,128,1,1,16,0.000,0.000,,,,,NVIDIA A100-SXM4-40GB MIG 4g.20gb (0),1,,13,cupy_copy__float16_float16
7549856750,6208,187432,282,1,1,128,1,1,16,0.000,0.000,,,,,NVIDIA A100-SXM4-40GB MIG 4g.20gb (0),1,,13,cupy_copy__complex64_complex64
7550307401,5632,187441,26,1,1,128,1,1,16,0.000,0.000,,,,,NVIDIA A100-SXM4-40GB MIG 4g.20gb (0),1,,13,cupy_copy__float32_float32
7550724868,8192,187450,103,1,1,128,1,1,16,0.000,0.000,,,,,NVIDIA A100-SXM4-40GB MIG 4g.20gb (0),1,,13,cupy_copy__complex64_complex64
7551174367,15104,187460,1434,1,1,128,1,1,16,0.000,0.000,,,,,NVIDIA A100-SXM4-40GB MIG 4g.20gb (0),1,,13,cupy_copy__complex64_complex64
7551630202,277181,187465,1,1,1,32,32,1,30,0.000,0.000,,,,,NVIDIA A100-SXM4-40GB MIG 4g.20gb (0),1,,13,"void convert_kernel<__half2, float2>(tensor_layout_any, T1 *, tensor_layout_any, const T2 *)"
7551941719,6176,187468,,,,,,,,,,0.094,15170.975,Pinned,Device,NVIDIA A100-SXM4-40GB MIG 4g.20gb (0),1,,13,[CUDA memcpy Host-to-Device]
7552262899,605913,187469,,,,,,,,,,456.561,753326.376,Device,,NVIDIA A100-SXM4-40GB MIG 4g.20gb (0),1,,13,[CUDA memset]
7552871980,66303,187474,,,,,,,,,,1.235,18625.425,Pinned,Device,NVIDIA A100-SXM4-40GB MIG 4g.20gb (0),1,,13,[CUDA memcpy Host-to-Device]
7552940939,11264,187475,,,,,,,,,,0.197,17454.465,Pinned,Device,NVIDIA A100-SXM4-40GB MIG 4g.20gb (0),1,,13,[CUDA memcpy Host-to-Device]
7553513669,22176,187476,69,4,1,48,1,1,76,0.002,0.000,,,,,NVIDIA A100-SXM4-40GB MIG 4g.20gb (0),1,,13,"void ch_est::windowedChEstPreNoDftSOfdmKernel<float, __half, float, (unsigned int)2, (unsigned int)1, (unsigned short)4>(ch_est::puschRxChEstStatDescr_t *, ch_est::puschRxChEstDynDescr_t *)"
7553967872,30527,187477,137,2,1,24,2,1,44,0.001,0.001,,,,,NVIDIA A100-SXM4-40GB MIG 4g.20gb (0),1,,13,"void ch_est::chEstFilterNoDftSOfdmDispatchKernel<float, __half, float, (unsigned int)2>(ch_est::puschRxChEstStatDescr_t *, ch_est::puschRxChEstDynDescr_t *)"
7554551385,9120,187478,137,2,1,24,2,1,44,0.001,0.001,,,,,NVIDIA A100-SXM4-40GB MIG 4g.20gb (0),1,,13,"void ch_est::chEstFilterNoDftSOfdmDispatchKernel<float, __half, float, (unsigned int)2>(ch_est::puschRxChEstStatDescr_t *, ch_est::puschRxChEstDynDescr_t *)"
7554992500,6272,187489,103,1,1,128,1,1,16,0.000,0.000,,,,,NVIDIA A100-SXM4-40GB MIG 4g.20gb (0),1,,13,cupy_copy__complex64_complex64
7555433935,15200,187499,1434,1,1,128,1,1,16,0.000,0.000,,,,,NVIDIA A100-SXM4-40GB MIG 4g.20gb (0),1,,13,cupy_copy__complex64_complex64
7555881546,6080,187506,103,1,1,128,1,1,16,0.000,0.000,,,,,NVIDIA A100-SXM4-40GB MIG 4g.20gb (0),1,,13,cupy_copy__complex64_complex64
7556325029,278013,187513,1,1,1,32,32,1,30,0.000,0.000,,,,,NVIDIA A100-SXM4-40GB MIG 4g.20gb (0),1,,13,"void convert_kernel<__half2, float2>(tensor_layout_any, T1 *, tensor_layout_any, const T2 *)"
7556632513,12480,187516,,,,,,,,,,0.094,7507.673,Pinned,Device,NVIDIA A100-SXM4-40GB MIG 4g.20gb (0),1,,13,[CUDA memcpy Host-to-Device]
7557054013,58143,187517,,,,,,,,,,35.810,615859.004,Device,,NVIDIA A100-SXM4-40GB MIG 4g.20gb (0),1,,13,[CUDA memset]
7557115804,5216,187519,,,,,,,,,,0.000,15.337,Pinned,Device,NVIDIA A100-SXM4-40GB MIG 4g.20gb (0),1,,13,[CUDA memcpy Host-to-Device]
7557129276,10144,187520,,,,,,,,,,0.197,19381.617,Pinned,Device,NVIDIA A100-SXM4-40GB MIG 4g.20gb (0),1,,13,[CUDA memcpy Host-to-Device]
7557552183,27584,187521,273,1,1,48,1,1,40,0.000,0.001,,,,,NVIDIA A100-SXM4-40GB MIG 4g.20gb (0),1,,13,"void pusch_noise_intf_est::noiseIntfEstNoDftSOfdmKernel<float, __half, float, float, (unsigned int)2, (unsigned int)1, (unsigned char)4, (unsigned char)4>(pusch_noise_intf_est::puschRxNoiseIntfEstDynDescr)"
7557845300,6784,187532,35,1,1,128,1,1,16,0.000,0.000,,,,,NVIDIA A100-SXM4-40GB MIG 4g.20gb (0),1,,13,cupy_copy__complex64_complex64
7558390990,4544,187541,1,1,1,1,1,1,18,0.000,0.000,,,,,NVIDIA A100-SXM4-40GB MIG 4g.20gb (0),1,,13,cupy_copy__float32_float32
7558397646,5183,187547,,,,,,,,,,0.000,0.772,Device,Pageable,NVIDIA A100-SXM4-40GB MIG 4g.20gb (0),1,,7,[CUDA memcpy Device-to-Host]
7558805161,30080,187558,1434,1,1,128,1,1,16,0.000,0.000,,,,,NVIDIA A100-SXM4-40GB MIG 4g.20gb (0),1,,13,cupy_copy__complex64_complex64
7559047750,4224,187565,103,1,1,128,1,1,16,0.000,0.000,,,,,NVIDIA A100-SXM4-40GB MIG 4g.20gb (0),1,,13,cupy_copy__complex64_complex64
7559415298,4672,187572,35,1,1,128,1,1,16,0.000,0.000,,,,,NVIDIA A100-SXM4-40GB MIG 4g.20gb (0),1,,13,cupy_copy__complex64_complex64
7559788894,4096,187579,1,1,1,1,1,1,18,0.000,0.000,,,,,NVIDIA A100-SXM4-40GB MIG 4g.20gb (0),1,,13,cupy_copy__float32_float32
7560124218,249501,187590,1,1,1,32,32,1,30,0.000,0.000,,,,,NVIDIA A100-SXM4-40GB MIG 4g.20gb (0),1,,13,"void convert_kernel<__half2, float2>(tensor_layout_any, T1 *, tensor_layout_any, const T2 *)"
7560407095,9504,187593,,,,,,,,,,0.094,9858.506,Pinned,Device,NVIDIA A100-SXM4-40GB MIG 4g.20gb (0),1,,13,[CUDA memcpy Host-to-Device]
7560767571,19615,187594,,,,,,,,,,1.547,78848.438,Device,,NVIDIA A100-SXM4-40GB MIG 4g.20gb (0),1,,13,[CUDA memset]
7560794994,3968,187599,,,,,,,,,,0.031,7887.093,Pinned,Device,NVIDIA A100-SXM4-40GB MIG 4g.20gb (0),1,,13,[CUDA memcpy Host-to-Device]
7560805138,10368,187600,,,,,,,,,,0.197,18962.842,Pinned,Device,NVIDIA A100-SXM4-40GB MIG 4g.20gb (0),1,,13,[CUDA memcpy Host-to-Device]
7561254189,17600,187601,273,1,1,8,4,1,39,0.002,0.000,,,,,NVIDIA A100-SXM4-40GB MIG 4g.20gb (0),1,,13,"void channel_eq::eqMmseCoefCompLowMimoKernel<float, float, float, (unsigned int)4, (unsigned int)1, (unsigned int)4>(const channel_eq::_puschRxChEqStatDescr *, channel_eq::_puschRxChEqCoefCompDynDescr)"
7561757511,27392,187602,273,1,1,12,11,1,51,0.002,0.000,,,,,NVIDIA A100-SXM4-40GB MIG 4g.20gb (0),1,,13,"void channel_eq::eqMmseSoftDemapKernel<float, __half, __half, float, (unsigned int)4, (unsigned short)16383>(channel_eq::_puschRxChEqStatDescr *, channel_eq::_puschRxChEqSoftDemapDynDescr)"
7562289121,655961,187603,1,1,1,32,32,1,30,0.000,0.000,,,,,NVIDIA A100-SXM4-40GB MIG 4g.20gb (0),1,,13,"void convert_kernel<float2, __half2>(tensor_layout_any, T1 *, tensor_layout_any, const T2 *)"
7563230807,13184,187615,2253,1,1,128,1,1,16,0.000,0.000,,,,,NVIDIA A100-SXM4-40GB MIG 4g.20gb (0),1,,13,cupy_copy__float16_float16
7563558771,5376,187624,282,1,1,128,1,1,16,0.000,0.000,,,,,NVIDIA A100-SXM4-40GB MIG 4g.20gb (0),1,,13,cupy_copy__complex64_complex64
7563883279,4352,187633,26,1,1,128,1,1,16,0.000,0.000,,,,,NVIDIA A100-SXM4-40GB MIG 4g.20gb (0),1,,13,cupy_copy__float32_float32
7564161068,9280,187642,103,1,1,128,1,1,16,0.000,0.000,,,,,NVIDIA A100-SXM4-40GB MIG 4g.20gb (0),1,,13,cupy_copy__complex64_complex64
7564401738,34175,187652,1434,1,1,128,1,1,16,0.000,0.000,,,,,NVIDIA A100-SXM4-40GB MIG 4g.20gb (0),1,,13,cupy_copy__complex64_complex64
7564747206,219965,187657,1,1,1,32,32,1,30,0.000,0.000,,,,,NVIDIA A100-SXM4-40GB MIG 4g.20gb (0),1,,13,"void convert_kernel<__half2, float2>(tensor_layout_any, T1 *, tensor_layout_any, const T2 *)"
7564997603,6496,187660,,,,,,,,,,0.094,14423.562,Pinned,Device,NVIDIA A100-SXM4-40GB MIG 4g.20gb (0),1,,13,[CUDA memcpy Host-to-Device]
7565227168,610713,187661,,,,,,,,,,456.561,747391.077,Device,,NVIDIA A100-SXM4-40GB MIG 4g.20gb (0),1,,13,[CUDA memset]
7565838617,57536,187666,,,,,,,,,,1.235,21463.327,Pinned,Device,NVIDIA A100-SXM4-40GB MIG 4g.20gb (0),1,,13,[CUDA memcpy Host-to-Device]
7565902905,10175,187667,,,,,,,,,,0.197,19322.634,Pinned,Device,NVIDIA A100-SXM4-40GB MIG 4g.20gb (0),1,,13,[CUDA memcpy Host-to-Device]
7566135574,10880,187668,69,4,1,48,1,1,76,0.002,0.000,,,,,NVIDIA A100-SXM4-40GB MIG 4g.20gb (0),1,,13,"void ch_est::windowedChEstPreNoDftSOfdmKernel<float, __half, float, (unsigned int)2, (unsigned int)1, (unsigned short)4>(ch_est::puschRxChEstStatDescr_t *, ch_est::puschRxChEstDynDescr_t *)"
7566558481,9184,187669,137,2,1,24,2,1,44,0.001,0.001,,,,,NVIDIA A100-SXM4-40GB MIG 4g.20gb (0),1,,13,"void ch_est::chEstFilterNoDftSOfdmDispatchKernel<float, __half, float, (unsigned int)2>(ch_est::puschRxChEstStatDescr_t *, ch_est::puschRxChEstDynDescr_t *)"
7566978284,9024,187670,137,2,1,24,2,1,44,0.001,0.001,,,,,NVIDIA A100-SXM4-40GB MIG 4g.20gb (0),1,,13,"void ch_est::chEstFilterNoDftSOfdmDispatchKernel<float, __half, float, (unsigned int)2>(ch_est::puschRxChEstStatDescr_t *, ch_est::puschRxChEstDynDescr_t *)"
7567393544,8672,187681,103,1,1,128,1,1,16,0.000,0.000,,,,,NVIDIA A100-SXM4-40GB MIG 4g.20gb (0),1,,13,cupy_copy__complex64_complex64
7567788547,26848,187691,1434,1,1,128,1,1,16,0.000,0.000,,,,,NVIDIA A100-SXM4-40GB MIG 4g.20gb (0),1,,13,cupy_copy__complex64_complex64
7568348509,6272,187698,103,1,1,128,1,1,16,0.000,0.000,,,,,NVIDIA A100-SXM4-40GB MIG 4g.20gb (0),1,,13,cupy_copy__complex64_complex64
7568997110,283708,187705,1,1,1,32,32,1,30,0.000,0.000,,,,,NVIDIA A100-SXM4-40GB MIG 4g.20gb (0),1,,13,"void convert_kernel<__half2, float2>(tensor_layout_any, T1 *, tensor_layout_any, const T2 *)"
7569310482,9792,187708,,,,,,,,,,0.094,9568.610,Pinned,Device,NVIDIA A100-SXM4-40GB MIG 4g.20gb (0),1,,13,[CUDA memcpy Host-to-Device]
7570127017,49183,187709,,,,,,,,,,35.810,728087.293,Device,,NVIDIA A100-SXM4-40GB MIG 4g.20gb (0),1,,13,[CUDA memset]
7570179816,4672,187711,,,,,,,,,,0.000,17.123,Pinned,Device,NVIDIA A100-SXM4-40GB MIG 4g.20gb (0),1,,13,[CUDA memcpy Host-to-Device]
7570189448,9472,187712,,,,,,,,,,0.197,20756.693,Pinned,Device,NVIDIA A100-SXM4-40GB MIG 4g.20gb (0),1,,13,[CUDA memcpy Host-to-Device]
7571163613,16672,187713,273,1,1,48,1,1,40,0.000,0.001,,,,,NVIDIA A100-SXM4-40GB MIG 4g.20gb (0),1,,13,"void pusch_noise_intf_est::noiseIntfEstNoDftSOfdmKernel<float, __half, float, float, (unsigned int)2, (unsigned int)1, (unsigned char)4, (unsigned char)4>(pusch_noise_intf_est::puschRxNoiseIntfEstDynDescr)"
7572157010,4800,187724,35,1,1,128,1,1,16,0.000,0.000,,,,,NVIDIA A100-SXM4-40GB MIG 4g.20gb (0),1,,13,cupy_copy__complex64_complex64
7573103303,4096,187733,1,1,1,1,1,1,18,0.000,0.000,,,,,NVIDIA A100-SXM4-40GB MIG 4g.20gb (0),1,,13,cupy_copy__float32_float32
7573115623,5504,187739,,,,,,,,,,0.000,0.727,Device,Pageable,NVIDIA A100-SXM4-40GB MIG 4g.20gb (0),1,,7,[CUDA memcpy Device-to-Host]
7573929758,14880,187750,1434,1,1,128,1,1,16,0.000,0.000,,,,,NVIDIA A100-SXM4-40GB MIG 4g.20gb (0),1,,13,cupy_copy__complex64_complex64
7574727029,5824,187757,103,1,1,128,1,1,16,0.000,0.000,,,,,NVIDIA A100-SXM4-40GB MIG 4g.20gb (0),1,,13,cupy_copy__complex64_complex64
7575481804,4576,187764,35,1,1,128,1,1,16,0.000,0.000,,,,,NVIDIA A100-SXM4-40GB MIG 4g.20gb (0),1,,13,cupy_copy__complex64_complex64
7576268323,3104,187771,1,1,1,1,1,1,18,0.000,0.000,,,,,NVIDIA A100-SXM4-40GB MIG 4g.20gb (0),1,,13,cupy_copy__float32_float32
7576701150,243294,187782,1,1,1,32,32,1,30,0.000,0.000,,,,,NVIDIA A100-SXM4-40GB MIG 4g.20gb (0),1,,13,"void convert_kernel<__half2, float2>(tensor_layout_any, T1 *, tensor_layout_any, const T2 *)"
7576977691,10336,187785,,,,,,,,,,0.094,9064.994,Pinned,Device,NVIDIA A100-SXM4-40GB MIG 4g.20gb (0),1,,13,[CUDA memcpy Host-to-Device]
7577318103,18656,187786,,,,,,,,,,1.547,82902.140,Device,,NVIDIA A100-SXM4-40GB MIG 4g.20gb (0),1,,13,[CUDA memset]
7577337527,3072,187791,,,,,,,,,,0.031,10187.474,Pinned,Device,NVIDIA A100-SXM4-40GB MIG 4g.20gb (0),1,,13,[CUDA memcpy Host-to-Device]
7577346519,16896,187792,,,,,,,,,,0.197,11636.244,Pinned,Device,NVIDIA A100-SXM4-40GB MIG 4g.20gb (0),1,,13,[CUDA memcpy Host-to-Device]
7577752402,29376,187793,273,1,1,8,4,1,39,0.002,0.000,,,,,NVIDIA A100-SXM4-40GB MIG 4g.20gb (0),1,,13,"void channel_eq::eqMmseCoefCompLowMimoKernel<float, float, float, (unsigned int)4, (unsigned int)1, (unsigned int)4>(const channel_eq::_puschRxChEqStatDescr *, channel_eq::_puschRxChEqCoefCompDynDescr)"
7577927152,28832,187794,273,1,1,12,11,1,51,0.002,0.000,,,,,NVIDIA A100-SXM4-40GB MIG 4g.20gb (0),1,,13,"void channel_eq::eqMmseSoftDemapKernel<float, __half, __half, float, (unsigned int)4, (unsigned short)16383>(channel_eq::_puschRxChEqStatDescr *, channel_eq::_puschRxChEqSoftDemapDynDescr)"
7578571753,648409,187795,1,1,1,32,32,1,30,0.000,0.000,,,,,NVIDIA A100-SXM4-40GB MIG 4g.20gb (0),1,,13,"void convert_kernel<float2, __half2>(tensor_layout_any, T1 *, tensor_layout_any, const T2 *)"
7579544222,14368,187807,2253,1,1,128,1,1,16,0.000,0.000,,,,,NVIDIA A100-SXM4-40GB MIG 4g.20gb (0),1,,13,cupy_copy__float16_float16
7580271222,5632,187816,282,1,1,128,1,1,16,0.000,0.000,,,,,NVIDIA A100-SXM4-40GB MIG 4g.20gb (0),1,,13,cupy_copy__complex64_complex64
7581115372,4480,187825,26,1,1,128,1,1,16,0.000,0.000,,,,,NVIDIA A100-SXM4-40GB MIG 4g.20gb (0),1,,13,cupy_copy__float32_float32
7581913059,10144,187834,103,1,1,128,1,1,16,0.000,0.000,,,,,NVIDIA A100-SXM4-40GB MIG 4g.20gb (0),1,,13,cupy_copy__complex64_complex64
7582675387,25567,187844,1434,1,1,128,1,1,16,0.000,0.000,,,,,NVIDIA A100-SXM4-40GB MIG 4g.20gb (0),1,,13,cupy_copy__complex64_complex64
7582917560,260189,187849,1,1,1,32,32,1,30,0.000,0.000,,,,,NVIDIA A100-SXM4-40GB MIG 4g.20gb (0),1,,13,"void convert_kernel<__half2, float2>(tensor_layout_any, T1 *, tensor_layout_any, const T2 *)"
7583207349,5504,187852,,,,,,,,,,0.094,17023.251,Pinned,Device,NVIDIA A100-SXM4-40GB MIG 4g.20gb (0),1,,13,[CUDA memcpy Host-to-Device]
7583776334,734168,187853,,,,,,,,,,456.561,621836.681,Device,,NVIDIA A100-SXM4-40GB MIG 4g.20gb (0),1,,13,[CUDA memset]
7584519398,57343,187858,,,,,,,,,,1.235,21534.953,Pinned,Device,NVIDIA A100-SXM4-40GB MIG 4g.20gb (0),1,,13,[CUDA memcpy Host-to-Device]
7584579365,9984,187859,,,,,,,,,,0.197,19692.257,Pinned,Device,NVIDIA A100-SXM4-40GB MIG 4g.20gb (0),1,,13,[CUDA memcpy Host-to-Device]
7585267965,31616,187860,69,4,1,48,1,1,76,0.002,0.000,,,,,NVIDIA A100-SXM4-40GB MIG 4g.20gb (0),1,,13,"void ch_est::windowedChEstPreNoDftSOfdmKernel<float, __half, float, (unsigned int)2, (unsigned int)1, (unsigned short)4>(ch_est::puschRxChEstStatDescr_t *, ch_est::puschRxChEstDynDescr_t *)"
7586152787,31136,187861,137,2,1,24,2,1,44,0.001,0.001,,,,,NVIDIA A100-SXM4-40GB MIG 4g.20gb (0),1,,13,"void ch_est::chEstFilterNoDftSOfdmDispatchKernel<float, __half, float, (unsigned int)2>(ch_est::puschRxChEstStatDescr_t *, ch_est::puschRxChEstDynDescr_t *)"
7589344751,8896,187862,137,2,1,24,2,1,44,0.001,0.001,,,,,NVIDIA A100-SXM4-40GB MIG 4g.20gb (0),1,,13,"void ch_est::chEstFilterNoDftSOfdmDispatchKernel<float, __half, float, (unsigned int)2>(ch_est::puschRxChEstStatDescr_t *, ch_est::puschRxChEstDynDescr_t *)"
7592065776,5120,187873,103,1,1,128,1,1,16,0.000,0.000,,,,,NVIDIA A100-SXM4-40GB MIG 4g.20gb (0),1,,13,cupy_copy__complex64_complex64
7592221935,20767,187883,1434,1,1,128,1,1,16,0.000,0.000,,,,,NVIDIA A100-SXM4-40GB MIG 4g.20gb (0),1,,13,cupy_copy__complex64_complex64
7592362061,4256,187890,103,1,1,128,1,1,16,0.000,0.000,,,,,NVIDIA A100-SXM4-40GB MIG 4g.20gb (0),1,,13,cupy_copy__complex64_complex64
7592552619,268829,187897,1,1,1,32,32,1,30,0.000,0.000,,,,,NVIDIA A100-SXM4-40GB MIG 4g.20gb (0),1,,13,"void convert_kernel<__half2, float2>(tensor_layout_any, T1 *, tensor_layout_any, const T2 *)"
7592852295,11360,187900,,,,,,,,,,0.094,8247.871,Pinned,Device,NVIDIA A100-SXM4-40GB MIG 4g.20gb (0),1,,13,[CUDA memcpy Host-to-Device]
7593110757,65407,187901,,,,,,,,,,35.810,547462.057,Device,,NVIDIA A100-SXM4-40GB MIG 4g.20gb (0),1,,13,[CUDA memset]
7593176868,4672,187903,,,,,,,,,,0.000,17.123,Pinned,Device,NVIDIA A100-SXM4-40GB MIG 4g.20gb (0),1,,13,[CUDA memcpy Host-to-Device]
7593191268,9984,187904,,,,,,,,,,0.197,19692.257,Pinned,Device,NVIDIA A100-SXM4-40GB MIG 4g.20gb (0),1,,13,[CUDA memcpy Host-to-Device]
7593371426,32767,187905,273,1,1,48,1,1,40,0.000,0.001,,,,,NVIDIA A100-SXM4-40GB MIG 4g.20gb (0),1,,13,"void pusch_noise_intf_est::noiseIntfEstNoDftSOfdmKernel<float, __half, float, float, (unsigned int)2, (unsigned int)1, (unsigned char)4, (unsigned char)4>(pusch_noise_intf_est::puschRxNoiseIntfEstDynDescr)"
7593490336,6272,187916,35,1,1,128,1,1,16,0.000,0.000,,,,,NVIDIA A100-SXM4-40GB MIG 4g.20gb (0),1,,13,cupy_copy__complex64_complex64
7593621663,4928,187925,1,1,1,1,1,1,18,0.000,0.000,,,,,NVIDIA A100-SXM4-40GB MIG 4g.20gb (0),1,,13,cupy_copy__float32_float32
7593633247,2976,187931,,,,,,,,,,0.000,1.344,Device,Pageable,NVIDIA A100-SXM4-40GB MIG 4g.20gb (0),1,,7,[CUDA memcpy Device-to-Host]
7593830652,21408,187942,1434,1,1,128,1,1,16,0.000,0.000,,,,,NVIDIA A100-SXM4-40GB MIG 4g.20gb (0),1,,13,cupy_copy__complex64_complex64
7594094489,5376,187949,103,1,1,128,1,1,16,0.000,0.000,,,,,NVIDIA A100-SXM4-40GB MIG 4g.20gb (0),1,,13,cupy_copy__complex64_complex64
7594473013,7648,187956,35,1,1,128,1,1,16,0.000,0.000,,,,,NVIDIA A100-SXM4-40GB MIG 4g.20gb (0),1,,13,cupy_copy__complex64_complex64
7594854705,5248,187963,1,1,1,1,1,1,18,0.000,0.000,,,,,NVIDIA A100-SXM4-40GB MIG 4g.20gb (0),1,,13,cupy_copy__float32_float32
7595290124,276381,187974,1,1,1,32,32,1,30,0.000,0.000,,,,,NVIDIA A100-SXM4-40GB MIG 4g.20gb (0),1,,13,"void convert_kernel<__half2, float2>(tensor_layout_any, T1 *, tensor_layout_any, const T2 *)"
7595596520,14592,187977,,,,,,,,,,0.094,6420.987,Pinned,Device,NVIDIA A100-SXM4-40GB MIG 4g.20gb (0),1,,13,[CUDA memcpy Host-to-Device]
7598351497,26400,187978,,,,,,,,,,1.547,58583.024,Device,,NVIDIA A100-SXM4-40GB MIG 4g.20gb (0),1,,13,[CUDA memset]
7598384137,3264,187983,,,,,,,,,,0.031,9588.218,Pinned,Device,NVIDIA A100-SXM4-40GB MIG 4g.20gb (0),1,,13,[CUDA memcpy Host-to-Device]
7598389865,11072,187984,,,,,,,,,,0.197,17757.045,Pinned,Device,NVIDIA A100-SXM4-40GB MIG 4g.20gb (0),1,,13,[CUDA memcpy Host-to-Device]
7598807204,25632,187985,273,1,1,8,4,1,39,0.002,0.000,,,,,NVIDIA A100-SXM4-40GB MIG 4g.20gb (0),1,,13,"void channel_eq::eqMmseCoefCompLowMimoKernel<float, float, float, (unsigned int)4, (unsigned int)1, (unsigned int)4>(const channel_eq::_puschRxChEqStatDescr *, channel_eq::_puschRxChEqCoefCompDynDescr)"
7599340670,29184,187986,273,1,1,12,11,1,51,0.002,0.000,,,,,NVIDIA A100-SXM4-40GB MIG 4g.20gb (0),1,,13,"void channel_eq::eqMmseSoftDemapKernel<float, __half, __half, float, (unsigned int)4, (unsigned short)16383>(channel_eq::_puschRxChEqStatDescr *, channel_eq::_puschRxChEqSoftDemapDynDescr)"
7602145662,557018,187987,1,1,1,32,32,1,30,0.000,0.000,,,,,NVIDIA A100-SXM4-40GB MIG 4g.20gb (0),1,,13,"void convert_kernel<float2, __half2>(tensor_layout_any, T1 *, tensor_layout_any, const T2 *)"
7603123347,19328,187999,2253,1,1,128,1,1,16,0.000,0.000,,,,,NVIDIA A100-SXM4-40GB MIG 4g.20gb (0),1,,13,cupy_copy__float16_float16
7603580398,10176,188008,282,1,1,128,1,1,16,0.000,0.000,,,,,NVIDIA A100-SXM4-40GB MIG 4g.20gb (0),1,,13,cupy_copy__complex64_complex64
7603773964,4544,188017,26,1,1,128,1,1,16,0.000,0.000,,,,,NVIDIA A100-SXM4-40GB MIG 4g.20gb (0),1,,13,cupy_copy__float32_float32
7603969546,16895,188026,103,1,1,128,1,1,16,0.000,0.000,,,,,NVIDIA A100-SXM4-40GB MIG 4g.20gb (0),1,,13,cupy_copy__complex64_complex64
7604131848,18496,188036,1434,1,1,128,1,1,16,0.000,0.000,,,,,NVIDIA A100-SXM4-40GB MIG 4g.20gb (0),1,,13,cupy_copy__complex64_complex64
7604317894,197341,188041,1,1,1,32,32,1,30,0.000,0.000,,,,,NVIDIA A100-SXM4-40GB MIG 4g.20gb (0),1,,13,"void convert_kernel<__half2, float2>(tensor_layout_any, T1 *, tensor_layout_any, const T2 *)"
7604544643,5440,188044,,,,,,,,,,0.094,17223.480,Pinned,Device,NVIDIA A100-SXM4-40GB MIG 4g.20gb (0),1,,13,[CUDA memcpy Host-to-Device]
7604738465,612345,188045,,,,,,,,,,456.561,745564.832,Device,,NVIDIA A100-SXM4-40GB MIG 4g.20gb (0),1,,13,[CUDA memset]
7605352378,58271,188050,,,,,,,,,,1.235,21192.874,Pinned,Device,NVIDIA A100-SXM4-40GB MIG 4g.20gb (0),1,,13,[CUDA memcpy Host-to-Device]
7605413113,10048,188051,,,,,,,,,,0.197,19566.821,Pinned,Device,NVIDIA A100-SXM4-40GB MIG 4g.20gb (0),1,,13,[CUDA memcpy Host-to-Device]
7605718678,13888,188052,69,4,1,48,1,1,76,0.002,0.000,,,,,NVIDIA A100-SXM4-40GB MIG 4g.20gb (0),1,,13,"void ch_est::windowedChEstPreNoDftSOfdmKernel<float, __half, float, (unsigned int)2, (unsigned int)1, (unsigned short)4>(ch_est::puschRxChEstStatDescr_t *, ch_est::puschRxChEstDynDescr_t *)"
7608742004,10655,188053,137,2,1,24,2,1,44,0.001,0.001,,,,,NVIDIA A100-SXM4-40GB MIG 4g.20gb (0),1,,13,"void ch_est::chEstFilterNoDftSOfdmDispatchKernel<float, __half, float, (unsigned int)2>(ch_est::puschRxChEstStatDescr_t *, ch_est::puschRxChEstDynDescr_t *)"
7611927376,28031,188054,137,2,1,24,2,1,44,0.001,0.001,,,,,NVIDIA A100-SXM4-40GB MIG 4g.20gb (0),1,,13,"void ch_est::chEstFilterNoDftSOfdmDispatchKernel<float, __half, float, (unsigned int)2>(ch_est::puschRxChEstStatDescr_t *, ch_est::puschRxChEstDynDescr_t *)"
7612192781,4607,188065,103,1,1,128,1,1,16,0.000,0.000,,,,,NVIDIA A100-SXM4-40GB MIG 4g.20gb (0),1,,13,cupy_copy__complex64_complex64
7612585928,23360,188075,1434,1,1,128,1,1,16,0.000,0.000,,,,,NVIDIA A100-SXM4-40GB MIG 4g.20gb (0),1,,13,cupy_copy__complex64_complex64
7612951300,17824,188082,103,1,1,128,1,1,16,0.000,0.000,,,,,NVIDIA A100-SXM4-40GB MIG 4g.20gb (0),1,,13,cupy_copy__complex64_complex64
7613314624,251805,188089,1,1,1,32,32,1,30,0.000,0.000,,,,,NVIDIA A100-SXM4-40GB MIG 4g.20gb (0),1,,13,"void convert_kernel<__half2, float2>(tensor_layout_any, T1 *, tensor_layout_any, const T2 *)"
7613596893,5952,188092,,,,,,,,,,0.094,15741.865,Pinned,Device,NVIDIA A100-SXM4-40GB MIG 4g.20gb (0),1,,13,[CUDA memcpy Host-to-Device]
7614010872,57919,188093,,,,,,,,,,35.810,618258.269,Device,,NVIDIA A100-SXM4-40GB MIG 4g.20gb (0),1,,13,[CUDA memset]
7614073591,5088,188095,,,,,,,,,,0.000,15.723,Pinned,Device,NVIDIA A100-SXM4-40GB MIG 4g.20gb (0),1,,13,[CUDA memcpy Host-to-Device]
7614081143,10016,188096,,,,,,,,,,0.197,19629.343,Pinned,Device,NVIDIA A100-SXM4-40GB MIG 4g.20gb (0),1,,13,[CUDA memcpy Host-to-Device]
7614505458,14816,188097,273,1,1,48,1,1,40,0.000,0.001,,,,,NVIDIA A100-SXM4-40GB MIG 4g.20gb (0),1,,13,"void pusch_noise_intf_est::noiseIntfEstNoDftSOfdmKernel<float, __half, float, float, (unsigned int)2, (unsigned int)1, (unsigned char)4, (unsigned char)4>(pusch_noise_intf_est::puschRxNoiseIntfEstDynDescr)"
7614892878,9184,188108,35,1,1,128,1,1,16,0.000,0.000,,,,,NVIDIA A100-SXM4-40GB MIG 4g.20gb (0),1,,13,cupy_copy__complex64_complex64
7615316809,3808,188117,1,1,1,1,1,1,18,0.000,0.000,,,,,NVIDIA A100-SXM4-40GB MIG 4g.20gb (0),1,,13,cupy_copy__float32_float32
7615327177,3904,188123,,,,,,,,,,0.000,1.025,Device,Pageable,NVIDIA A100-SXM4-40GB MIG 4g.20gb (0),1,,7,[CUDA memcpy Device-to-Host]
7618954944,14752,188134,1434,1,1,128,1,1,16,0.000,0.000,,,,,NVIDIA A100-SXM4-40GB MIG 4g.20gb (0),1,,13,cupy_copy__complex64_complex64
7619483642,4160,188141,103,1,1,128,1,1,16,0.000,0.000,,,,,NVIDIA A100-SXM4-40GB MIG 4g.20gb (0),1,,13,cupy_copy__complex64_complex64
7622916211,7424,188148,35,1,1,128,1,1,16,0.000,0.000,,,,,NVIDIA A100-SXM4-40GB MIG 4g.20gb (0),1,,13,cupy_copy__complex64_complex64
7623185520,3808,188155,1,1,1,1,1,1,18,0.000,0.000,,,,,NVIDIA A100-SXM4-40GB MIG 4g.20gb (0),1,,13,cupy_copy__float32_float32
7623449773,227678,188166,1,1,1,32,32,1,30,0.000,0.000,,,,,NVIDIA A100-SXM4-40GB MIG 4g.20gb (0),1,,13,"void convert_kernel<__half2, float2>(tensor_layout_any, T1 *, tensor_layout_any, const T2 *)"
7623708074,9728,188169,,,,,,,,,,0.094,9631.574,Pinned,Device,NVIDIA A100-SXM4-40GB MIG 4g.20gb (0),1,,13,[CUDA memcpy Host-to-Device]
7623931080,7360,188170,,,,,,,,,,1.547,210138.256,Device,,NVIDIA A100-SXM4-40GB MIG 4g.20gb (0),1,,13,[CUDA memset]
7623942184,3232,188175,,,,,,,,,,0.031,9683.139,Pinned,Device,NVIDIA A100-SXM4-40GB MIG 4g.20gb (0),1,,13,[CUDA memcpy Host-to-Device]
7623948071,10240,188176,,,,,,,,,,0.197,19199.951,Pinned,Device,NVIDIA A100-SXM4-40GB MIG 4g.20gb (0),1,,13,[CUDA memcpy Host-to-Device]
7624182565,13952,188177,273,1,1,8,4,1,39,0.002,0.000,,,,,NVIDIA A100-SXM4-40GB MIG 4g.20gb (0),1,,13,"void channel_eq::eqMmseCoefCompLowMimoKernel<float, float, float, (unsigned int)4, (unsigned int)1, (unsigned int)4>(const channel_eq::_puschRxChEqStatDescr *, channel_eq::_puschRxChEqCoefCompDynDescr)"
7624372803,26911,188178,273,1,1,12,11,1,51,0.002,0.000,,,,,NVIDIA A100-SXM4-40GB MIG 4g.20gb (0),1,,13,"void channel_eq::eqMmseSoftDemapKernel<float, __half, __half, float, (unsigned int)4, (unsigned short)16383>(channel_eq::_puschRxChEqStatDescr *, channel_eq::_puschRxChEqSoftDemapDynDescr)"
7624558209,463226,188179,1,1,1,32,32,1,30,0.000,0.000,,,,,NVIDIA A100-SXM4-40GB MIG 4g.20gb (0),1,,13,"void convert_kernel<float2, __half2>(tensor_layout_any, T1 *, tensor_layout_any, const T2 *)"
7625220153,22976,188191,2253,1,1,128,1,1,16,0.000,0.000,,,,,NVIDIA A100-SXM4-40GB MIG 4g.20gb (0),1,,13,cupy_copy__float16_float16
7625398871,9984,188200,282,1,1,128,1,1,16,0.000,0.000,,,,,NVIDIA A100-SXM4-40GB MIG 4g.20gb (0),1,,13,cupy_copy__complex64_complex64
7625646228,5920,188209,26,1,1,128,1,1,16,0.000,0.000,,,,,NVIDIA A100-SXM4-40GB MIG 4g.20gb (0),1,,13,cupy_copy__float32_float32
7625916241,16160,188218,103,1,1,128,1,1,16,0.000,0.000,,,,,NVIDIA A100-SXM4-40GB MIG 4g.20gb (0),1,,13,cupy_copy__complex64_complex64
7626229262,17503,188228,1434,1,1,128,1,1,16,0.000,0.000,,,,,NVIDIA A100-SXM4-40GB MIG 4g.20gb (0),1,,13,cupy_copy__complex64_complex64
7629298731,263677,188233,1,1,1,32,32,1,30,0.000,0.000,,,,,NVIDIA A100-SXM4-40GB MIG 4g.20gb (0),1,,13,"void convert_kernel<__half2, float2>(tensor_layout_any, T1 *, tensor_layout_any, const T2 *)"
7629592232,5952,188236,,,,,,,,,,0.094,15741.865,Pinned,Device,NVIDIA A100-SXM4-40GB MIG 4g.20gb (0),1,,13,[CUDA memcpy Host-to-Device]
7629926340,613945,188237,,,,,,,,,,456.561,743282.024,Device,,NVIDIA A100-SXM4-40GB MIG 4g.20gb (0),1,,13,[CUDA memset]
7630544221,57951,188242,,,,,,,,,,1.235,21308.959,Pinned,Device,NVIDIA A100-SXM4-40GB MIG 4g.20gb (0),1,,13,[CUDA memcpy Host-to-Device]
7630604860,11360,188243,,,,,,,,,,0.197,17307.009,Pinned,Device,NVIDIA A100-SXM4-40GB MIG 4g.20gb (0),1,,13,[CUDA memcpy Host-to-Device]
7633637594,13408,188244,69,4,1,48,1,1,76,0.002,0.000,,,,,NVIDIA A100-SXM4-40GB MIG 4g.20gb (0),1,,13,"void ch_est::windowedChEstPreNoDftSOfdmKernel<float, __half, float, (unsigned int)2, (unsigned int)1, (unsigned short)4>(ch_est::puschRxChEstStatDescr_t *, ch_est::puschRxChEstDynDescr_t *)"
7634031893,18464,188245,137,2,1,24,2,1,44,0.001,0.001,,,,,NVIDIA A100-SXM4-40GB MIG 4g.20gb (0),1,,13,"void ch_est::chEstFilterNoDftSOfdmDispatchKernel<float, __half, float, (unsigned int)2>(ch_est::puschRxChEstStatDescr_t *, ch_est::puschRxChEstDynDescr_t *)"
7634512688,30304,188246,137,2,1,24,2,1,44,0.001,0.001,,,,,NVIDIA A100-SXM4-40GB MIG 4g.20gb (0),1,,13,"void ch_est::chEstFilterNoDftSOfdmDispatchKernel<float, __half, float, (unsigned int)2>(ch_est::puschRxChEstStatDescr_t *, ch_est::puschRxChEstDynDescr_t *)"
7635000618,5376,188257,103,1,1,128,1,1,16,0.000,0.000,,,,,NVIDIA A100-SXM4-40GB MIG 4g.20gb (0),1,,13,cupy_copy__complex64_complex64
7635312167,22112,188267,1434,1,1,128,1,1,16,0.000,0.000,,,,,NVIDIA A100-SXM4-40GB MIG 4g.20gb (0),1,,13,cupy_copy__complex64_complex64
7635811457,4928,188274,103,1,1,128,1,1,16,0.000,0.000,,,,,NVIDIA A100-SXM4-40GB MIG 4g.20gb (0),1,,13,cupy_copy__complex64_complex64
7636304348,239101,188281,1,1,1,32,32,1,30,0.000,0.000,,,,,NVIDIA A100-SXM4-40GB MIG 4g.20gb (0),1,,13,"void convert_kernel<__half2, float2>(tensor_layout_any, T1 *, tensor_layout_any, const T2 *)"
7636574425,6719,188284,,,,,,,,,,0.094,13944.869,Pinned,Device,NVIDIA A100-SXM4-40GB MIG 4g.20gb (0),1,,13,[CUDA memcpy Host-to-Device]
7636987316,67647,188285,,,,,,,,,,35.810,529342.237,Device,,NVIDIA A100-SXM4-40GB MIG 4g.20gb (0),1,,13,[CUDA memset]
7637063251,1888,188287,,,,,,,,,,0.000,42.373,Pinned,Device,NVIDIA A100-SXM4-40GB MIG 4g.20gb (0),1,,13,[CUDA memcpy Host-to-Device]
7637067923,10496,188288,,,,,,,,,,0.197,18731.631,Pinned,Device,NVIDIA A100-SXM4-40GB MIG 4g.20gb (0),1,,13,[CUDA memcpy Host-to-Device]
7640762569,29440,188289,273,1,1,48,1,1,40,0.000,0.001,,,,,NVIDIA A100-SXM4-40GB MIG 4g.20gb (0),1,,13,"void pusch_noise_intf_est::noiseIntfEstNoDftSOfdmKernel<float, __half, float, float, (unsigned int)2, (unsigned int)1, (unsigned char)4, (unsigned char)4>(pusch_noise_intf_est::puschRxNoiseIntfEstDynDescr)"
7644419360,3968,188300,35,1,1,128,1,1,16,0.000,0.000,,,,,NVIDIA A100-SXM4-40GB MIG 4g.20gb (0),1,,13,cupy_copy__complex64_complex64
7644821499,5312,188309,1,1,1,1,1,1,18,0.000,0.000,,,,,NVIDIA A100-SXM4-40GB MIG 4g.20gb (0),1,,13,cupy_copy__float32_float32
7644829179,1600,188315,,,,,,,,,,0.000,2.500,Device,Pageable,NVIDIA A100-SXM4-40GB MIG 4g.20gb (0),1,,7,[CUDA memcpy Device-to-Host]
7645279414,23808,188326,1434,1,1,128,1,1,16,0.000,0.000,,,,,NVIDIA A100-SXM4-40GB MIG 4g.20gb (0),1,,13,cupy_copy__complex64_complex64
7645679921,6464,188333,103,1,1,128,1,1,16,0.000,0.000,,,,,NVIDIA A100-SXM4-40GB MIG 4g.20gb (0),1,,13,cupy_copy__complex64_complex64
7645897519,9408,188340,35,1,1,128,1,1,16,0.000,0.000,,,,,NVIDIA A100-SXM4-40GB MIG 4g.20gb (0),1,,13,cupy_copy__complex64_complex64
7646105517,3104,188347,1,1,1,1,1,1,18,0.000,0.000,,,,,NVIDIA A100-SXM4-40GB MIG 4g.20gb (0),1,,13,cupy_copy__float32_float32
7646366378,248957,188358,1,1,1,32,32,1,30,0.000,0.000,,,,,NVIDIA A100-SXM4-40GB MIG 4g.20gb (0),1,,13,"void convert_kernel<__half2, float2>(tensor_layout_any, T1 *, tensor_layout_any, const T2 *)"
7646644039,5503,188361,,,,,,,,,,0.094,17026.343,Pinned,Device,NVIDIA A100-SXM4-40GB MIG 4g.20gb (0),1,,13,[CUDA memcpy Host-to-Device]
7646830372,18592,188362,,,,,,,,,,1.547,83186.718,Device,,NVIDIA A100-SXM4-40GB MIG 4g.20gb (0),1,,13,[CUDA memset]
7646854020,10784,188367,,,,,,,,,,0.031,2902.047,Pinned,Device,NVIDIA A100-SXM4-40GB MIG 4g.20gb (0),1,,13,[CUDA memcpy Host-to-Device]
7646867268,10368,188368,,,,,,,,,,0.197,18962.842,Pinned,Device,NVIDIA A100-SXM4-40GB MIG 4g.20gb (0),1,,13,[CUDA memcpy Host-to-Device]
7647146401,28512,188369,273,1,1,8,4,1,39,0.002,0.000,,,,,NVIDIA A100-SXM4-40GB MIG 4g.20gb (0),1,,13,"void channel_eq::eqMmseCoefCompLowMimoKernel<float, float, float, (unsigned int)4, (unsigned int)1, (unsigned int)4>(const channel_eq::_puschRxChEqStatDescr *, channel_eq::_puschRxChEqCoefCompDynDescr)"
7647395646,16864,188370,273,1,1,12,11,1,51,0.002,0.000,,,,,NVIDIA A100-SXM4-40GB MIG 4g.20gb (0),1,,13,"void channel_eq::eqMmseSoftDemapKernel<float, __half, __half, float, (unsigned int)4, (unsigned short)16383>(channel_eq::_puschRxChEqStatDescr *, channel_eq::_puschRxChEqSoftDemapDynDescr)"
7647802553,650553,188371,1,1,1,32,32,1,30,0.000,0.000,,,,,NVIDIA A100-SXM4-40GB MIG 4g.20gb (0),1,,13,"void convert_kernel<float2, __half2>(tensor_layout_any, T1 *, tensor_layout_any, const T2 *)"
7648881613,22656,188383,2253,1,1,128,1,1,16,0.000,0.000,,,,,NVIDIA A100-SXM4-40GB MIG 4g.20gb (0),1,,13,cupy_copy__float16_float16
7649288169,17471,188392,282,1,1,128,1,1,16,0.000,0.000,,,,,NVIDIA A100-SXM4-40GB MIG 4g.20gb (0),1,,13,cupy_copy__complex64_complex64
7649532006,3840,188401,26,1,1,128,1,1,16,0.000,0.000,,,,,NVIDIA A100-SXM4-40GB MIG 4g.20gb (0),1,,13,cupy_copy__float32_float32
7649926081,9920,188410,103,1,1,128,1,1,16,0.000,0.000,,,,,NVIDIA A100-SXM4-40GB MIG 4g.20gb (0),1,,13,cupy_copy__complex64_complex64
7650160831,17952,188420,1434,1,1,128,1,1,16,0.000,0.000,,,,,NVIDIA A100-SXM4-40GB MIG 4g.20gb (0),1,,13,cupy_copy__complex64_complex64
7650536602,237534,188425,1,1,1,32,32,1,30,0.000,0.000,,,,,NVIDIA A100-SXM4-40GB MIG 4g.20gb (0),1,,13,"void convert_kernel<__half2, float2>(tensor_layout_any, T1 *, tensor_layout_any, const T2 *)"
7650804151,5984,188428,,,,,,,,,,0.094,15657.726,Pinned,Device,NVIDIA A100-SXM4-40GB MIG 4g.20gb (0),1,,13,[CUDA memcpy Host-to-Device]
7651180051,615449,188429,,,,,,,,,,456.561,741455.779,Device,,NVIDIA A100-SXM4-40GB MIG 4g.20gb (0),1,,13,[CUDA memset]
7651797420,53344,188434,,,,,,,,,,1.235,23150.260,Pinned,Device,NVIDIA A100-SXM4-40GB MIG 4g.20gb (0),1,,13,[CUDA memcpy Host-to-Device]
7651853772,10047,188435,,,,,,,,,,0.197,19568.787,Pinned,Device,NVIDIA A100-SXM4-40GB MIG 4g.20gb (0),1,,13,[CUDA memcpy Host-to-Device]
7652200680,12384,188436,69,4,1,48,1,1,76,0.002,0.000,,,,,NVIDIA A100-SXM4-40GB MIG 4g.20gb (0),1,,13,"void ch_est::windowedChEstPreNoDftSOfdmKernel<float, __half, float, (unsigned int)2, (unsigned int)1, (unsigned short)4>(ch_est::puschRxChEstStatDescr_t *, ch_est::puschRxChEstDynDescr_t *)"
7652376422,10176,188437,137,2,1,24,2,1,44,0.001,0.001,,,,,NVIDIA A100-SXM4-40GB MIG 4g.20gb (0),1,,13,"void ch_est::chEstFilterNoDftSOfdmDispatchKernel<float, __half, float, (unsigned int)2>(ch_est::puschRxChEstStatDescr_t *, ch_est::puschRxChEstDynDescr_t *)"
7652740706,25663,188438,137,2,1,24,2,1,44,0.001,0.001,,,,,NVIDIA A100-SXM4-40GB MIG 4g.20gb (0),1,,13,"void ch_est::chEstFilterNoDftSOfdmDispatchKernel<float, __half, float, (unsigned int)2>(ch_est::puschRxChEstStatDescr_t *, ch_est::puschRxChEstDynDescr_t *)"
7653061790,10720,188449,103,1,1,128,1,1,16,0.000,0.000,,,,,NVIDIA A100-SXM4-40GB MIG 4g.20gb (0),1,,13,cupy_copy__complex64_complex64
7653395098,24512,188459,1434,1,1,128,1,1,16,0.000,0.000,,,,,NVIDIA A100-SXM4-40GB MIG 4g.20gb (0),1,,13,cupy_copy__complex64_complex64
7653682039,4768,188466,103,1,1,128,1,1,16,0.000,0.000,,,,,NVIDIA A100-SXM4-40GB MIG 4g.20gb (0),1,,13,cupy_copy__complex64_complex64
7653961940,229341,188473,1,1,1,32,32,1,30,0.000,0.000,,,,,NVIDIA A100-SXM4-40GB MIG 4g.20gb (0),1,,13,"void convert_kernel<__half2, float2>(tensor_layout_any, T1 *, tensor_layout_any, const T2 *)"
7654333840,5535,188476,,,,,,,,,,0.094,16927.869,Pinned,Device,NVIDIA A100-SXM4-40GB MIG 4g.20gb (0),1,,13,[CUDA memcpy Host-to-Device]
7654499918,60447,188477,,,,,,,,,,35.810,592403.507,Device,,NVIDIA A100-SXM4-40GB MIG 4g.20gb (0),1,,13,[CUDA memset]
7654565869,1856,188479,,,,,,,,,,0.000,43.103,Pinned,Device,NVIDIA A100-SXM4-40GB MIG 4g.20gb (0),1,,13,[CUDA memcpy Host-to-Device]
7654570253,9568,188480,,,,,,,,,,0.197,20548.485,Pinned,Device,NVIDIA A100-SXM4-40GB MIG 4g.20gb (0),1,,13,[CUDA memcpy Host-to-Device]
7654893961,31488,188481,273,1,1,48,1,1,40,0.000,0.001,,,,,NVIDIA A100-SXM4-40GB MIG 4g.20gb (0),1,,13,"void pusch_noise_intf_est::noiseIntfEstNoDftSOfdmKernel<float, __half, float, float, (unsigned int)2, (unsigned int)1, (unsigned char)4, (unsigned char)4>(pusch_noise_intf_est::puschRxNoiseIntfEstDynDescr)"
7655167174,7904,188492,35,1,1,128,1,1,16,0.000,0.000,,,,,NVIDIA A100-SXM4-40GB MIG 4g.20gb (0),1,,13,cupy_copy__complex64_complex64
7655442531,4256,188501,1,1,1,1,1,1,18,0.000,0.000,,,,,NVIDIA A100-SXM4-40GB MIG 4g.20gb (0),1,,13,cupy_copy__float32_float32
7655454083,1760,188507,,,,,,,,,,0.000,2.273,Device,Pageable,NVIDIA A100-SXM4-40GB MIG 4g.20gb (0),1,,7,[CUDA memcpy Device-to-Host]
7655780415,21024,188518,1434,1,1,128,1,1,16,0.000,0.000,,,,,NVIDIA A100-SXM4-40GB MIG 4g.20gb (0),1,,13,cupy_copy__complex64_complex64
7656013820,5056,188525,103,1,1,128,1,1,16,0.000,0.000,,,,,NVIDIA A100-SXM4-40GB MIG 4g.20gb (0),1,,13,cupy_copy__complex64_complex64
7656292793,17408,188532,35,1,1,128,1,1,16,0.000,0.000,,,,,NVIDIA A100-SXM4-40GB MIG 4g.20gb (0),1,,13,cupy_copy__complex64_complex64
7656557302,5536,188539,1,1,1,1,1,1,18,0.000,0.000,,,,,NVIDIA A100-SXM4-40GB MIG 4g.20gb (0),1,,13,cupy_copy__float32_float32
7656818291,284733,188550,1,1,1,32,32,1,30,0.000,0.000,,,,,NVIDIA A100-SXM4-40GB MIG 4g.20gb (0),1,,13,"void convert_kernel<__half2, float2>(tensor_layout_any, T1 *, tensor_layout_any, const T2 *)"
7657311630,6304,188553,,,,,,,,,,0.094,14862.903,Pinned,Device,NVIDIA A100-SXM4-40GB MIG 4g.20gb (0),1,,13,[CUDA memcpy Host-to-Device]
7657568683,17312,188554,,,,,,,,,,1.547,89337.642,Device,,NVIDIA A100-SXM4-40GB MIG 4g.20gb (0),1,,13,[CUDA memset]
7657588171,3040,188559,,,,,,,,,,0.031,10294.725,Pinned,Device,NVIDIA A100-SXM4-40GB MIG 4g.20gb (0),1,,13,[CUDA memcpy Host-to-Device]
7657594379,9727,188560,,,,,,,,,,0.197,20212.482,Pinned,Device,NVIDIA A100-SXM4-40GB MIG 4g.20gb (0),1,,13,[CUDA memcpy Host-to-Device]
7657830792,18816,188561,273,1,1,8,4,1,39,0.002,0.000,,,,,NVIDIA A100-SXM4-40GB MIG 4g.20gb (0),1,,13,"void channel_eq::eqMmseCoefCompLowMimoKernel<float, float, float, (unsigned int)4, (unsigned int)1, (unsigned int)4>(const channel_eq::_puschRxChEqStatDescr *, channel_eq::_puschRxChEqCoefCompDynDescr)"
7658025990,13408,188562,273,1,1,12,11,1,51,0.002,0.000,,,,,NVIDIA A100-SXM4-40GB MIG 4g.20gb (0),1,,13,"void channel_eq::eqMmseSoftDemapKernel<float, __half, __half, float, (unsigned int)4, (unsigned short)16383>(channel_eq::_puschRxChEqStatDescr *, channel_eq::_puschRxChEqSoftDemapDynDescr)"
7658290211,455195,188563,1,1,1,32,32,1,30,0.000,0.000,,,,,NVIDIA A100-SXM4-40GB MIG 4g.20gb (0),1,,13,"void convert_kernel<float2, __half2>(tensor_layout_any, T1 *, tensor_layout_any, const T2 *)"
7658929723,20000,188575,2253,1,1,128,1,1,16,0.000,0.000,,,,,NVIDIA A100-SXM4-40GB MIG 4g.20gb (0),1,,13,cupy_copy__float16_float16
7659130649,9952,188584,282,1,1,128,1,1,16,0.000,0.000,,,,,NVIDIA A100-SXM4-40GB MIG 4g.20gb (0),1,,13,cupy_copy__complex64_complex64
7659332727,9216,188593,26,1,1,128,1,1,16,0.000,0.000,,,,,NVIDIA A100-SXM4-40GB MIG 4g.20gb (0),1,,13,cupy_copy__float32_float32
7659527061,17440,188602,103,1,1,128,1,1,16,0.000,0.000,,,,,NVIDIA A100-SXM4-40GB MIG 4g.20gb (0),1,,13,cupy_copy__complex64_complex64
7659710515,19519,188612,1434,1,1,128,1,1,16,0.000,0.000,,,,,NVIDIA A100-SXM4-40GB MIG 4g.20gb (0),1,,13,cupy_copy__complex64_complex64
7659906128,183486,188617,1,1,1,32,32,1,30,0.000,0.000,,,,,NVIDIA A100-SXM4-40GB MIG 4g.20gb (0),1,,13,"void convert_kernel<__half2, float2>(tensor_layout_any, T1 *, tensor_layout_any, const T2 *)"
7660119342,11712,188620,,,,,,,,,,0.094,7999.952,Pinned,Device,NVIDIA A100-SXM4-40GB MIG 4g.20gb (0),1,,13,[CUDA memcpy Host-to-Device]
7660448458,620761,188621,,,,,,,,,,456.561,735063.918,Device,,NVIDIA A100-SXM4-40GB MIG 4g.20gb (0),1,,13,[CUDA memset]
7661076195,65599,188626,,,,,,,,,,1.235,18825.486,Pinned,Device,NVIDIA A100-SXM4-40GB MIG 4g.20gb (0),1,,13,[CUDA memcpy Host-to-Device]
7661146562,11456,188627,,,,,,,,,,0.197,17161.912,Pinned,Device,NVIDIA A100-SXM4-40GB MIG 4g.20gb (0),1,,13,[CUDA memcpy Host-to-Device]
7661530910,13376,188628,69,4,1,48,1,1,76,0.002,0.000,,,,,NVIDIA A100-SXM4-40GB MIG 4g.20gb (0),1,,13,"void ch_est::windowedChEstPreNoDftSOfdmKernel<float, __half, float, (unsigned int)2, (unsigned int)1, (unsigned short)4>(ch_est::puschRxChEstStatDescr_t *, ch_est::puschRxChEstDynDescr_t *)"
7662113815,8608,188629,137,2,1,24,2,1,44,0.001,0.001,,,,,NVIDIA A100-SXM4-40GB MIG 4g.20gb (0),1,,13,"void ch_est::chEstFilterNoDftSOfdmDispatchKernel<float, __half, float, (unsigned int)2>(ch_est::puschRxChEstStatDescr_t *, ch_est::puschRxChEstDynDescr_t *)"
7662889903,8640,188630,137,2,1,24,2,1,44,0.001,0.001,,,,,NVIDIA A100-SXM4-40GB MIG 4g.20gb (0),1,,13,"void ch_est::chEstFilterNoDftSOfdmDispatchKernel<float, __half, float, (unsigned int)2>(ch_est::puschRxChEstStatDescr_t *, ch_est::puschRxChEstDynDescr_t *)"
7663474888,3776,188641,103,1,1,128,1,1,16,0.000,0.000,,,,,NVIDIA A100-SXM4-40GB MIG 4g.20gb (0),1,,13,cupy_copy__complex64_complex64
7663869444,21919,188651,1434,1,1,128,1,1,16,0.000,0.000,,,,,NVIDIA A100-SXM4-40GB MIG 4g.20gb (0),1,,13,cupy_copy__complex64_complex64
7664459037,5152,188658,103,1,1,128,1,1,16,0.000,0.000,,,,,NVIDIA A100-SXM4-40GB MIG 4g.20gb (0),1,,13,cupy_copy__complex64_complex64
7664969719,247997,188665,1,1,1,32,32,1,30,0.000,0.000,,,,,NVIDIA A100-SXM4-40GB MIG 4g.20gb (0),1,,13,"void convert_kernel<__half2, float2>(tensor_layout_any, T1 *, tensor_layout_any, const T2 *)"
7665246868,5440,188668,,,,,,,,,,0.094,17223.480,Pinned,Device,NVIDIA A100-SXM4-40GB MIG 4g.20gb (0),1,,13,[CUDA memcpy Host-to-Device]
7665787662,48831,188669,,,,,,,,,,35.810,733315.542,Device,,NVIDIA A100-SXM4-40GB MIG 4g.20gb (0),1,,13,[CUDA memset]
7665842541,1888,188671,,,,,,,,,,0.000,42.373,Pinned,Device,NVIDIA A100-SXM4-40GB MIG 4g.20gb (0),1,,13,[CUDA memcpy Host-to-Device]
7665846989,9472,188672,,,,,,,,,,0.197,20756.693,Pinned,Device,NVIDIA A100-SXM4-40GB MIG 4g.20gb (0),1,,13,[CUDA memcpy Host-to-Device]
7666410119,13856,188673,273,1,1,48,1,1,40,0.000,0.001,,,,,NVIDIA A100-SXM4-40GB MIG 4g.20gb (0),1,,13,"void pusch_noise_intf_est::noiseIntfEstNoDftSOfdmKernel<float, __half, float, float, (unsigned int)2, (unsigned int)1, (unsigned char)4, (unsigned char)4>(pusch_noise_intf_est::puschRxNoiseIntfEstDynDescr)"
7666816514,4480,188684,35,1,1,128,1,1,16,0.000,0.000,,,,,NVIDIA A100-SXM4-40GB MIG 4g.20gb (0),1,,13,cupy_copy__complex64_complex64
7667016448,3776,188693,1,1,1,1,1,1,18,0.000,0.000,,,,,NVIDIA A100-SXM4-40GB MIG 4g.20gb (0),1,,13,cupy_copy__float32_float32
7667023232,1632,188699,,,,,,,,,,0.000,2.451,Device,Pageable,NVIDIA A100-SXM4-40GB MIG 4g.20gb (0),1,,7,[CUDA memcpy Device-to-Host]
7667265629,19872,188710,1434,1,1,128,1,1,16,0.000,0.000,,,,,NVIDIA A100-SXM4-40GB MIG 4g.20gb (0),1,,13,cupy_copy__complex64_complex64
7667470043,17184,188717,103,1,1,128,1,1,16,0.000,0.000,,,,,NVIDIA A100-SXM4-40GB MIG 4g.20gb (0),1,,13,cupy_copy__complex64_complex64
7667657913,4960,188724,35,1,1,128,1,1,16,0.000,0.000,,,,,NVIDIA A100-SXM4-40GB MIG 4g.20gb (0),1,,13,cupy_copy__complex64_complex64
7667858934,2912,188731,1,1,1,1,1,1,18,0.000,0.000,,,,,NVIDIA A100-SXM4-40GB MIG 4g.20gb (0),1,,13,cupy_copy__float32_float32
7668057748,214590,188742,1,1,1,32,32,1,30,0.000,0.000,,,,,NVIDIA A100-SXM4-40GB MIG 4g.20gb (0),1,,13,"void convert_kernel<__half2, float2>(tensor_layout_any, T1 *, tensor_layout_any, const T2 *)"
7668302641,5536,188745,,,,,,,,,,0.094,16924.777,Pinned,Device,NVIDIA A100-SXM4-40GB MIG 4g.20gb (0),1,,13,[CUDA memcpy Host-to-Device]
7668501775,16672,188746,,,,,,,,,,1.547,92766.508,Device,,NVIDIA A100-SXM4-40GB MIG 4g.20gb (0),1,,13,[CUDA memset]
7668520623,3040,188751,,,,,,,,,,0.031,10294.725,Pinned,Device,NVIDIA A100-SXM4-40GB MIG 4g.20gb (0),1,,13,[CUDA memcpy Host-to-Device]
7668526287,9952,188752,,,,,,,,,,0.197,19755.565,Pinned,Device,NVIDIA A100-SXM4-40GB MIG 4g.20gb (0),1,,13,[CUDA memcpy Host-to-Device]
7668837355,29184,188753,273,1,1,8,4,1,39,0.002,0.000,,,,,NVIDIA A100-SXM4-40GB MIG 4g.20gb (0),1,,13,"void channel_eq::eqMmseCoefCompLowMimoKernel<float, float, float, (unsigned int)4, (unsigned int)1, (unsigned int)4>(const channel_eq::_puschRxChEqStatDescr *, channel_eq::_puschRxChEqCoefCompDynDescr)"
7669135400,13088,188754,273,1,1,12,11,1,51,0.002,0.000,,,,,NVIDIA A100-SXM4-40GB MIG 4g.20gb (0),1,,13,"void channel_eq::eqMmseSoftDemapKernel<float, __half, __half, float, (unsigned int)4, (unsigned short)16383>(channel_eq::_puschRxChEqStatDescr *, channel_eq::_puschRxChEqSoftDemapDynDescr)"
7669502916,652888,188755,1,1,1,32,32,1,30,0.000,0.000,,,,,NVIDIA A100-SXM4-40GB MIG 4g.20gb (0),1,,13,"void convert_kernel<float2, __half2>(tensor_layout_any, T1 *, tensor_layout_any, const T2 *)"
7670538168,22880,188767,2253,1,1,128,1,1,16,0.000,0.000,,,,,NVIDIA A100-SXM4-40GB MIG 4g.20gb (0),1,,13,cupy_copy__float16_float16
7670935604,18975,188776,282,1,1,128,1,1,16,0.000,0.000,,,,,NVIDIA A100-SXM4-40GB MIG 4g.20gb (0),1,,13,cupy_copy__complex64_complex64
7671309551,7904,188785,26,1,1,128,1,1,16,0.000,0.000,,,,,NVIDIA A100-SXM4-40GB MIG 4g.20gb (0),1,,13,cupy_copy__float32_float32
7671679467,5088,188794,103,1,1,128,1,1,16,0.000,0.000,,,,,NVIDIA A100-SXM4-40GB MIG 4g.20gb (0),1,,13,cupy_copy__complex64_complex64
7672042983,23616,188804,1434,1,1,128,1,1,16,0.000,0.000,,,,,NVIDIA A100-SXM4-40GB MIG 4g.20gb (0),1,,13,cupy_copy__complex64_complex64
7672508578,272093,188809,1,1,1,32,32,1,30,0.000,0.000,,,,,NVIDIA A100-SXM4-40GB MIG 4g.20gb (0),1,,13,"void convert_kernel<__half2, float2>(tensor_layout_any, T1 *, tensor_layout_any, const T2 *)"
7672811198,6912,188812,,,,,,,,,,0.094,13555.469,Pinned,Device,NVIDIA A100-SXM4-40GB MIG 4g.20gb (0),1,,13,[CUDA memcpy Host-to-Device]
7673208218,635961,188813,,,,,,,,,,456.561,717714.584,Device,,NVIDIA A100-SXM4-40GB MIG 4g.20gb (0),1,,13,[CUDA memset]
7673849427,60639,188818,,,,,,,,,,1.235,20365.462,Pinned,Device,NVIDIA A100-SXM4-40GB MIG 4g.20gb (0),1,,13,[CUDA memcpy Host-to-Device]
7673912658,13504,188819,,,,,,,,,,0.197,14559.216,Pinned,Device,NVIDIA A100-SXM4-40GB MIG 4g.20gb (0),1,,13,[CUDA memcpy Host-to-Device]
7674203407,27487,188820,69,4,1,48,1,1,76,0.002,0.000,,,,,NVIDIA A100-SXM4-40GB MIG 4g.20gb (0),1,,13,"void ch_est::windowedChEstPreNoDftSOfdmKernel<float, __half, float, (unsigned int)2, (unsigned int)1, (unsigned short)4>(ch_est::puschRxChEstStatDescr_t *, ch_est::puschRxChEstDynDescr_t *)"
7674484683,17120,188821,137,2,1,24,2,1,44,0.001,0.001,,,,,NVIDIA A100-SXM4-40GB MIG 4g.20gb (0),1,,13,"void ch_est::chEstFilterNoDftSOfdmDispatchKernel<float, __half, float, (unsigned int)2>(ch_est::puschRxChEstStatDescr_t *, ch_est::puschRxChEstDynDescr_t *)"
7674780424,9696,188822,137,2,1,24,2,1,44,0.001,0.001,,,,,NVIDIA A100-SXM4-40GB MIG 4g.20gb (0),1,,13,"void ch_est::chEstFilterNoDftSOfdmDispatchKernel<float, __half, float, (unsigned int)2>(ch_est::puschRxChEstStatDescr_t *, ch_est::puschRxChEstDynDescr_t *)"
7675084997,5248,188833,103,1,1,128,1,1,16,0.000,0.000,,,,,NVIDIA A100-SXM4-40GB MIG 4g.20gb (0),1,,13,cupy_copy__complex64_complex64
7675290722,20032,188843,1434,1,1,128,1,1,16,0.000,0.000,,,,,NVIDIA A100-SXM4-40GB MIG 4g.20gb (0),1,,13,cupy_copy__complex64_complex64
7675497568,17632,188850,103,1,1,128,1,1,16,0.000,0.000,,,,,NVIDIA A100-SXM4-40GB MIG 4g.20gb (0),1,,13,cupy_copy__complex64_complex64
7675685918,222621,188857,1,1,1,32,32,1,30,0.000,0.000,,,,,NVIDIA A100-SXM4-40GB MIG 4g.20gb (0),1,,13,"void convert_kernel<__half2, float2>(tensor_layout_any, T1 *, tensor_layout_any, const T2 *)"
7675939035,5952,188860,,,,,,,,,,0.094,15741.865,Pinned,Device,NVIDIA A100-SXM4-40GB MIG 4g.20gb (0),1,,13,[CUDA memcpy Host-to-Device]
7676134265,60639,188861,,,,,,,,,,35.810,590541.391,Device,,NVIDIA A100-SXM4-40GB MIG 4g.20gb (0),1,,13,[CUDA memset]
7676198168,1824,188863,,,,,,,,,,0.000,43.860,Pinned,Device,NVIDIA A100-SXM4-40GB MIG 4g.20gb (0),1,,13,[CUDA memcpy Host-to-Device]
7676202456,9824,188864,,,,,,,,,,0.197,20012.925,Pinned,Device,NVIDIA A100-SXM4-40GB MIG 4g.20gb (0),1,,13,[CUDA memcpy Host-to-Device]
7676523508,15520,188865,273,1,1,48,1,1,40,0.000,0.001,,,,,NVIDIA A100-SXM4-40GB MIG 4g.20gb (0),1,,13,"void pusch_noise_intf_est::noiseIntfEstNoDftSOfdmKernel<float, __half, float, float, (unsigned int)2, (unsigned int)1, (unsigned char)4, (unsigned char)4>(pusch_noise_intf_est::puschRxNoiseIntfEstDynDescr)"
7676874416,9696,188876,35,1,1,128,1,1,16,0.000,0.000,,,,,NVIDIA A100-SXM4-40GB MIG 4g.20gb (0),1,,13,cupy_copy__complex64_complex64
7677159597,3264,188885,1,1,1,1,1,1,18,0.000,0.000,,,,,NVIDIA A100-SXM4-40GB MIG 4g.20gb (0),1,,13,cupy_copy__float32_float32
7677164077,5088,188891,,,,,,,,,,0.000,0.786,Device,Pageable,NVIDIA A100-SXM4-40GB MIG 4g.20gb (0),1,,7,[CUDA memcpy Device-to-Host]
7677578152,17952,188902,1434,1,1,128,1,1,16,0.000,0.000,,,,,NVIDIA A100-SXM4-40GB MIG 4g.20gb (0),1,,13,cupy_copy__complex64_complex64
7678107970,4544,188909,103,1,1,128,1,1,16,0.000,0.000,,,,,NVIDIA A100-SXM4-40GB MIG 4g.20gb (0),1,,13,cupy_copy__complex64_complex64
7678471198,9824,188916,35,1,1,128,1,1,16,0.000,0.000,,,,,NVIDIA A100-SXM4-40GB MIG 4g.20gb (0),1,,13,cupy_copy__complex64_complex64
7678923769,5152,188923,1,1,1,1,1,1,18,0.000,0.000,,,,,NVIDIA A100-SXM4-40GB MIG 4g.20gb (0),1,,13,cupy_copy__float32_float32
7679371028,226334,188934,1,1,1,32,32,1,30,0.000,0.000,,,,,NVIDIA A100-SXM4-40GB MIG 4g.20gb (0),1,,13,"void convert_kernel<__half2, float2>(tensor_layout_any, T1 *, tensor_layout_any, const T2 *)"
7679630385,11520,188937,,,,,,,,,,0.094,8133.281,Pinned,Device,NVIDIA A100-SXM4-40GB MIG 4g.20gb (0),1,,13,[CUDA memcpy Host-to-Device]
7680090540,8000,188938,,,,,,,,,,1.547,193328.000,Device,,NVIDIA A100-SXM4-40GB MIG 4g.20gb (0),1,,13,[CUDA memset]
7680103948,3680,188943,,,,,,,,,,0.031,8504.344,Pinned,Device,NVIDIA A100-SXM4-40GB MIG 4g.20gb (0),1,,13,[CUDA memcpy Host-to-Device]
7680110636,11296,188944,,,,,,,,,,0.197,17404.920,Pinned,Device,NVIDIA A100-SXM4-40GB MIG 4g.20gb (0),1,,13,[CUDA memcpy Host-to-Device]
7680618790,10784,188945,273,1,1,8,4,1,39,0.002,0.000,,,,,NVIDIA A100-SXM4-40GB MIG 4g.20gb (0),1,,13,"void channel_eq::eqMmseCoefCompLowMimoKernel<float, float, float, (unsigned int)4, (unsigned int)1, (unsigned int)4>(const channel_eq::_puschRxChEqStatDescr *, channel_eq::_puschRxChEqCoefCompDynDescr)"
7681089409,16959,188946,273,1,1,12,11,1,51,0.002,0.000,,,,,NVIDIA A100-SXM4-40GB MIG 4g.20gb (0),1,,13,"void channel_eq::eqMmseSoftDemapKernel<float, __half, __half, float, (unsigned int)4, (unsigned short)16383>(channel_eq::_puschRxChEqStatDescr *, channel_eq::_puschRxChEqSoftDemapDynDescr)"
7681624667,545049,188947,1,1,1,32,32,1,30,0.000,0.000,,,,,NVIDIA A100-SXM4-40GB MIG 4g.20gb (0),1,,13,"void convert_kernel<float2, __half2>(tensor_layout_any, T1 *, tensor_layout_any, const T2 *)"
7682569136,20064,188959,2253,1,1,128,1,1,16,0.000,0.000,,,,,NVIDIA A100-SXM4-40GB MIG 4g.20gb (0),1,,13,cupy_copy__float16_float16
7683022123,10528,188968,282,1,1,128,1,1,16,0.000,0.000,,,,,NVIDIA A100-SXM4-40GB MIG 4g.20gb (0),1,,13,cupy_copy__complex64_complex64
7683226792,8256,188977,26,1,1,128,1,1,16,0.000,0.000,,,,,NVIDIA A100-SXM4-40GB MIG 4g.20gb (0),1,,13,cupy_copy__float32_float32
7683422854,17152,188986,103,1,1,128,1,1,16,0.000,0.000,,,,,NVIDIA A100-SXM4-40GB MIG 4g.20gb (0),1,,13,cupy_copy__complex64_complex64
7683676803,17856,188996,1434,1,1,128,1,1,16,0.000,0.000,,,,,NVIDIA A100-SXM4-40GB MIG 4g.20gb (0),1,,13,cupy_copy__complex64_complex64
7684082047,225021,189001,1,1,1,32,32,1,30,0.000,0.000,,,,,NVIDIA A100-SXM4-40GB MIG 4g.20gb (0),1,,13,"void convert_kernel<__half2, float2>(tensor_layout_any, T1 *, tensor_layout_any, const T2 *)"
7684336796,5568,189004,,,,,,,,,,0.094,16827.521,Pinned,Device,NVIDIA A100-SXM4-40GB MIG 4g.20gb (0),1,,13,[CUDA memcpy Host-to-Device]
7684674168,633785,189005,,,,,,,,,,456.561,719997.391,Device,,NVIDIA A100-SXM4-40GB MIG 4g.20gb (0),1,,13,[CUDA memset]
7685310513,59199,189010,,,,,,,,,,1.235,20860.674,Pinned,Device,NVIDIA A100-SXM4-40GB MIG 4g.20gb (0),1,,13,[CUDA memcpy Host-to-Device]
7685372176,12160,189011,,,,,,,,,,0.197,16168.255,Pinned,Device,NVIDIA A100-SXM4-40GB MIG 4g.20gb (0),1,,13,[CUDA memcpy Host-to-Device]
7685766284,15360,189012,69,4,1,48,1,1,76,0.002,0.000,,,,,NVIDIA A100-SXM4-40GB MIG 4g.20gb (0),1,,13,"void ch_est::windowedChEstPreNoDftSOfdmKernel<float, __half, float, (unsigned int)2, (unsigned int)1, (unsigned short)4>(ch_est::puschRxChEstStatDescr_t *, ch_est::puschRxChEstDynDescr_t *)"
7686279718,15776,189013,137,2,1,24,2,1,44,0.001,0.001,,,,,NVIDIA A100-SXM4-40GB MIG 4g.20gb (0),1,,13,"void ch_est::chEstFilterNoDftSOfdmDispatchKernel<float, __half, float, (unsigned int)2>(ch_est::puschRxChEstStatDescr_t *, ch_est::puschRxChEstDynDescr_t *)"
7686678753,9696,189014,137,2,1,24,2,1,44,0.001,0.001,,,,,NVIDIA A100-SXM4-40GB MIG 4g.20gb (0),1,,13,"void ch_est::chEstFilterNoDftSOfdmDispatchKernel<float, __half, float, (unsigned int)2>(ch_est::puschRxChEstStatDescr_t *, ch_est::puschRxChEstDynDescr_t *)"
7687140124,4992,189025,103,1,1,128,1,1,16,0.000,0.000,,,,,NVIDIA A100-SXM4-40GB MIG 4g.20gb (0),1,,13,cupy_copy__complex64_complex64
7687586263,20896,189035,1434,1,1,128,1,1,16,0.000,0.000,,,,,NVIDIA A100-SXM4-40GB MIG 4g.20gb (0),1,,13,cupy_copy__complex64_complex64
7688030354,4576,189042,103,1,1,128,1,1,16,0.000,0.000,,,,,NVIDIA A100-SXM4-40GB MIG 4g.20gb (0),1,,13,cupy_copy__complex64_complex64
7688428046,238397,189049,1,1,1,32,32,1,30,0.000,0.000,,,,,NVIDIA A100-SXM4-40GB MIG 4g.20gb (0),1,,13,"void convert_kernel<__half2, float2>(tensor_layout_any, T1 *, tensor_layout_any, const T2 *)"
7688697099,5471,189052,,,,,,,,,,0.094,17125.849,Pinned,Device,NVIDIA A100-SXM4-40GB MIG 4g.20gb (0),1,,13,[CUDA memcpy Host-to-Device]
7689191205,62015,189053,,,,,,,,,,35.810,577434.960,Device,,NVIDIA A100-SXM4-40GB MIG 4g.20gb (0),1,,13,[CUDA memset]
7689254340,5504,189055,,,,,,,,,,0.000,14.535,Pinned,Device,NVIDIA A100-SXM4-40GB MIG 4g.20gb (0),1,,13,[CUDA memcpy Host-to-Device]
7689262980,9696,189056,,,,,,,,,,0.197,20277.166,Pinned,Device,NVIDIA A100-SXM4-40GB MIG 4g.20gb (0),1,,13,[CUDA memcpy Host-to-Device]
7689644448,13728,189057,273,1,1,48,1,1,40,0.000,0.001,,,,,NVIDIA A100-SXM4-40GB MIG 4g.20gb (0),1,,13,"void pusch_noise_intf_est::noiseIntfEstNoDftSOfdmKernel<float, __half, float, float, (unsigned int)2, (unsigned int)1, (unsigned char)4, (unsigned char)4>(pusch_noise_intf_est::puschRxNoiseIntfEstDynDescr)"
7689992476,7456,189068,35,1,1,128,1,1,16,0.000,0.000,,,,,NVIDIA A100-SXM4-40GB MIG 4g.20gb (0),1,,13,cupy_copy__complex64_complex64
7690310264,3808,189077,1,1,1,1,1,1,18,0.000,0.000,,,,,NVIDIA A100-SXM4-40GB MIG 4g.20gb (0),1,,13,cupy_copy__float32_float32
7690316760,5248,189083,,,,,,,,,,0.000,0.762,Device,Pageable,NVIDIA A100-SXM4-40GB MIG 4g.20gb (0),1,,7,[CUDA memcpy Device-to-Host]
7690709044,17504,189094,1434,1,1,128,1,1,16,0.000,0.000,,,,,NVIDIA A100-SXM4-40GB MIG 4g.20gb (0),1,,13,cupy_copy__complex64_complex64
7690998544,17760,189101,103,1,1,128,1,1,16,0.000,0.000,,,,,NVIDIA A100-SXM4-40GB MIG 4g.20gb (0),1,,13,cupy_copy__complex64_complex64
7691183854,4064,189108,35,1,1,128,1,1,16,0.000,0.000,,,,,NVIDIA A100-SXM4-40GB MIG 4g.20gb (0),1,,13,cupy_copy__complex64_complex64
7691469611,3104,189115,1,1,1,1,1,1,18,0.000,0.000,,,,,NVIDIA A100-SXM4-40GB MIG 4g.20gb (0),1,,13,cupy_copy__float32_float32
7691810727,222782,189126,1,1,1,32,32,1,30,0.000,0.000,,,,,NVIDIA A100-SXM4-40GB MIG 4g.20gb (0),1,,13,"void convert_kernel<__half2, float2>(tensor_layout_any, T1 *, tensor_layout_any, const T2 *)"
7692064292,9376,189129,,,,,,,,,,0.094,9993.147,Pinned,Device,NVIDIA A100-SXM4-40GB MIG 4g.20gb (0),1,,13,[CUDA memcpy Host-to-Device]
7692417408,18784,189130,,,,,,,,,,1.547,82336.075,Device,,NVIDIA A100-SXM4-40GB MIG 4g.20gb (0),1,,13,[CUDA memset]
7692438912,3040,189135,,,,,,,,,,0.031,10294.725,Pinned,Device,NVIDIA A100-SXM4-40GB MIG 4g.20gb (0),1,,13,[CUDA memcpy Host-to-Device]
7692445216,12064,189136,,,,,,,,,,0.197,16297.034,Pinned,Device,NVIDIA A100-SXM4-40GB MIG 4g.20gb (0),1,,13,[CUDA memcpy Host-to-Device]
7692823644,20256,189137,273,1,1,8,4,1,39,0.002,0.000,,,,,NVIDIA A100-SXM4-40GB MIG 4g.20gb (0),1,,13,"void channel_eq::eqMmseCoefCompLowMimoKernel<float, float, float, (unsigned int)4, (unsigned int)1, (unsigned int)4>(const channel_eq::_puschRxChEqStatDescr *, channel_eq::_puschRxChEqCoefCompDynDescr)"
7693152824,17088,189138,273,1,1,12,11,1,51,0.002,0.000,,,,,NVIDIA A100-SXM4-40GB MIG 4g.20gb (0),1,,13,"void channel_eq::eqMmseSoftDemapKernel<float, __half, __half, float, (unsigned int)4, (unsigned short)16383>(channel_eq::_puschRxChEqStatDescr *, channel_eq::_puschRxChEqSoftDemapDynDescr)"
7693572819,668761,189139,1,1,1,32,32,1,30,0.000,0.000,,,,,NVIDIA A100-SXM4-40GB MIG 4g.20gb (0),1,,13,"void convert_kernel<float2, __half2>(tensor_layout_any, T1 *, tensor_layout_any, const T2 *)"
7694695495,15743,189151,2253,1,1,128,1,1,16,0.000,0.000,,,,,NVIDIA A100-SXM4-40GB MIG 4g.20gb (0),1,,13,cupy_copy__float16_float16
7695109538,9920,189160,282,1,1,128,1,1,16,0.000,0.000,,,,,NVIDIA A100-SXM4-40GB MIG 4g.20gb (0),1,,13,cupy_copy__complex64_complex64
7695582845,4032,189169,26,1,1,128,1,1,16,0.000,0.000,,,,,NVIDIA A100-SXM4-40GB MIG 4g.20gb (0),1,,13,cupy_copy__float32_float32
7696054679,14816,189178,103,1,1,128,1,1,16,0.000,0.000,,,,,NVIDIA A100-SXM4-40GB MIG 4g.20gb (0),1,,13,cupy_copy__complex64_complex64
7696386707,20960,189188,1434,1,1,128,1,1,16,0.000,0.000,,,,,NVIDIA A100-SXM4-40GB MIG 4g.20gb (0),1,,13,cupy_copy__complex64_complex64
7696731824,244765,189193,1,1,1,32,32,1,30,0.000,0.000,,,,,NVIDIA A100-SXM4-40GB MIG 4g.20gb (0),1,,13,"void convert_kernel<__half2, float2>(tensor_layout_any, T1 *, tensor_layout_any, const T2 *)"
7697006124,5696,189196,,,,,,,,,,0.094,16449.363,Pinned,Device,NVIDIA A100-SXM4-40GB MIG 4g.20gb (0),1,,13,[CUDA memcpy Host-to-Device]
7697353193,630552,189197,,,,,,,,,,456.561,723649.882,Device,,NVIDIA A100-SXM4-40GB MIG 4g.20gb (0),1,,13,[CUDA memset]
7697985057,56960,189202,,,,,,,,,,1.235,21680.677,Pinned,Device,NVIDIA A100-SXM4-40GB MIG 4g.20gb (0),1,,13,[CUDA memcpy Host-to-Device]
7698044513,9440,189203,,,,,,,,,,0.197,20827.079,Pinned,Device,NVIDIA A100-SXM4-40GB MIG 4g.20gb (0),1,,13,[CUDA memcpy Host-to-Device]
7698448636,11584,189204,69,4,1,48,1,1,76,0.002,0.000,,,,,NVIDIA A100-SXM4-40GB MIG 4g.20gb (0),1,,13,"void ch_est::windowedChEstPreNoDftSOfdmKernel<float, __half, float, (unsigned int)2, (unsigned int)1, (unsigned short)4>(ch_est::puschRxChEstStatDescr_t *, ch_est::puschRxChEstDynDescr_t *)"
7698944599,10783,189205,137,2,1,24,2,1,44,0.001,0.001,,,,,NVIDIA A100-SXM4-40GB MIG 4g.20gb (0),1,,13,"void ch_est::chEstFilterNoDftSOfdmDispatchKernel<float, __half, float, (unsigned int)2>(ch_est::puschRxChEstStatDescr_t *, ch_est::puschRxChEstDynDescr_t *)"
7699449329,9472,189206,137,2,1,24,2,1,44,0.001,0.001,,,,,NVIDIA A100-SXM4-40GB MIG 4g.20gb (0),1,,13,"void ch_est::chEstFilterNoDftSOfdmDispatchKernel<float, __half, float, (unsigned int)2>(ch_est::puschRxChEstStatDescr_t *, ch_est::puschRxChEstDynDescr_t *)"
7699730638,5120,189217,103,1,1,128,1,1,16,0.000,0.000,,,,,NVIDIA A100-SXM4-40GB MIG 4g.20gb (0),1,,13,cupy_copy__complex64_complex64
7700033738,20320,189227,1434,1,1,128,1,1,16,0.000,0.000,,,,,NVIDIA A100-SXM4-40GB MIG 4g.20gb (0),1,,13,cupy_copy__complex64_complex64
7700338983,6976,189234,103,1,1,128,1,1,16,0.000,0.000,,,,,NVIDIA A100-SXM4-40GB MIG 4g.20gb (0),1,,13,cupy_copy__complex64_complex64
7700630307,241502,189241,1,1,1,32,32,1,30,0.000,0.000,,,,,NVIDIA A100-SXM4-40GB MIG 4g.20gb (0),1,,13,"void convert_kernel<__half2, float2>(tensor_layout_any, T1 *, tensor_layout_any, const T2 *)"
7700900960,5696,189244,,,,,,,,,,0.094,16449.363,Pinned,Device,NVIDIA A100-SXM4-40GB MIG 4g.20gb (0),1,,13,[CUDA memcpy Host-to-Device]
7701280604,52191,189245,,,,,,,,,,35.810,686118.067,Device,,NVIDIA A100-SXM4-40GB MIG 4g.20gb (0),1,,13,[CUDA memset]
7701336027,2880,189247,,,,,,,,,,0.000,27.778,Pinned,Device,NVIDIA A100-SXM4-40GB MIG 4g.20gb (0),1,,13,[CUDA memcpy Host-to-Device]
7701341499,9472,189248,,,,,,,,,,0.197,20756.693,Pinned,Device,NVIDIA A100-SXM4-40GB MIG 4g.20gb (0),1,,13,[CUDA memcpy Host-to-Device]
7702094803,28352,189249,273,1,1,48,1,1,40,0.000,0.001,,,,,NVIDIA A100-SXM4-40GB MIG 4g.20gb (0),1,,13,"void pusch_noise_intf_est::noiseIntfEstNoDftSOfdmKernel<float, __half, float, float, (unsigned int)2, (unsigned int)1, (unsigned char)4, (unsigned char)4>(pusch_noise_intf_est::puschRxNoiseIntfEstDynDescr)"
7702476111,5503,189260,35,1,1,128,1,1,16,0.000,0.000,,,,,NVIDIA A100-SXM4-40GB MIG 4g.20gb (0),1,,13,cupy_copy__complex64_complex64
7703204102,5280,189269,1,1,1,1,1,1,18,0.000,0.000,,,,,NVIDIA A100-SXM4-40GB MIG 4g.20gb (0),1,,13,cupy_copy__float32_float32
7703216390,1632,189275,,,,,,,,,,0.000,2.451,Device,Pageable,NVIDIA A100-SXM4-40GB MIG 4g.20gb (0),1,,7,[CUDA memcpy Device-to-Host]
7703968894,21535,189286,1434,1,1,128,1,1,16,0.000,0.000,,,,,NVIDIA A100-SXM4-40GB MIG 4g.20gb (0),1,,13,cupy_copy__complex64_complex64
7704587703,6400,189293,103,1,1,128,1,1,16,0.000,0.000,,,,,NVIDIA A100-SXM4-40GB MIG 4g.20gb (0),1,,13,cupy_copy__complex64_complex64
7705193360,12416,189300,35,1,1,128,1,1,16,0.000,0.000,,,,,NVIDIA A100-SXM4-40GB MIG 4g.20gb (0),1,,13,cupy_copy__complex64_complex64
7705491244,4608,189307,1,1,1,1,1,1,18,0.000,0.000,,,,,NVIDIA A100-SXM4-40GB MIG 4g.20gb (0),1,,13,cupy_copy__float32_float32
7706115365,201694,189318,1,1,1,32,32,1,30,0.000,0.000,,,,,NVIDIA A100-SXM4-40GB MIG 4g.20gb (0),1,,13,"void convert_kernel<__half2, float2>(tensor_layout_any, T1 *, tensor_layout_any, const T2 *)"
7706347299,6528,189321,,,,,,,,,,0.094,14352.915,Pinned,Device,NVIDIA A100-SXM4-40GB MIG 4g.20gb (0),1,,13,[CUDA memcpy Host-to-Device]
7706923004,6432,189322,,,,,,,,,,1.547,240456.727,Device,,NVIDIA A100-SXM4-40GB MIG 4g.20gb (0),1,,13,[CUDA memset]
7706933852,3456,189327,,,,,,,,,,0.031,9055.529,Pinned,Device,NVIDIA A100-SXM4-40GB MIG 4g.20gb (0),1,,13,[CUDA memcpy Host-to-Device]
7706939772,10304,189328,,,,,,,,,,0.197,19080.610,Pinned,Device,NVIDIA A100-SXM4-40GB MIG 4g.20gb (0),1,,13,[CUDA memcpy Host-to-Device]
7707714099,12800,189329,273,1,1,8,4,1,39,0.002,0.000,,,,,NVIDIA A100-SXM4-40GB MIG 4g.20gb (0),1,,13,"void channel_eq::eqMmseCoefCompLowMimoKernel<float, float, float, (unsigned int)4, (unsigned int)1, (unsigned int)4>(const channel_eq::_puschRxChEqStatDescr *, channel_eq::_puschRxChEqCoefCompDynDescr)"
7708462027,10624,189330,273,1,1,12,11,1,51,0.002,0.000,,,,,NVIDIA A100-SXM4-40GB MIG 4g.20gb (0),1,,13,"void channel_eq::eqMmseSoftDemapKernel<float, __half, __half, float, (unsigned int)4, (unsigned short)16383>(channel_eq::_puschRxChEqStatDescr *, channel_eq::_puschRxChEqSoftDemapDynDescr)"
7709165795,578009,189331,1,1,1,32,32,1,30,0.000,0.000,,,,,NVIDIA A100-SXM4-40GB MIG 4g.20gb (0),1,,13,"void convert_kernel<float2, __half2>(tensor_layout_any, T1 *, tensor_layout_any, const T2 *)"
7710107192,14880,189343,2253,1,1,128,1,1,16,0.000,0.000,,,,,NVIDIA A100-SXM4-40GB MIG 4g.20gb (0),1,,13,cupy_copy__float16_float16
7710396597,10016,189352,282,1,1,128,1,1,16,0.000,0.000,,,,,NVIDIA A100-SXM4-40GB MIG 4g.20gb (0),1,,13,cupy_copy__complex64_complex64
7710725969,3904,189361,26,1,1,128,1,1,16,0.000,0.000,,,,,NVIDIA A100-SXM4-40GB MIG 4g.20gb (0),1,,13,cupy_copy__float32_float32
7711115853,7392,189370,103,1,1,128,1,1,16,0.000,0.000,,,,,NVIDIA A100-SXM4-40GB MIG 4g.20gb (0),1,,13,cupy_copy__complex64_complex64
7711813157,30015,189380,1434,1,1,128,1,1,16,0.000,0.000,,,,,NVIDIA A100-SXM4-40GB MIG 4g.20gb (0),1,,13,cupy_copy__complex64_complex64
7712230944,340220,189385,1,1,1,32,32,1,30,0.000,0.000,,,,,NVIDIA A100-SXM4-40GB MIG 4g.20gb (0),1,,13,"void convert_kernel<__half2, float2>(tensor_layout_any, T1 *, tensor_layout_any, const T2 *)"
7712600572,5472,189388,,,,,,,,,,0.094,17122.757,Pinned,Device,NVIDIA A100-SXM4-40GB MIG 4g.20gb (0),1,,13,[CUDA memcpy Host-to-Device]
7712962104,628921,189389,,,,,,,,,,456.561,725932.690,Device,,NVIDIA A100-SXM4-40GB MIG 4g.20gb (0),1,,13,[CUDA memset]
7713594097,60959,189394,,,,,,,,,,1.235,20258.021,Pinned,Device,NVIDIA A100-SXM4-40GB MIG 4g.20gb (0),1,,13,[CUDA memcpy Host-to-Device]
7713657520,13760,189395,,,,,,,,,,0.197,14288.290,Pinned,Device,NVIDIA A100-SXM4-40GB MIG 4g.20gb (0),1,,13,[CUDA memcpy Host-to-Device]
7714264681,13728,189396,69,4,1,48,1,1,76,0.002,0.000,,,,,NVIDIA A100-SXM4-40GB MIG 4g.20gb (0),1,,13,"void ch_est::windowedChEstPreNoDftSOfdmKernel<float, __half, float, (unsigned int)2, (unsigned int)1, (unsigned short)4>(ch_est::puschRxChEstStatDescr_t *, ch_est::puschRxChEstDynDescr_t *)"
7714817603,30047,189397,137,2,1,24,2,1,44,0.001,0.001,,,,,NVIDIA A100-SXM4-40GB MIG 4g.20gb (0),1,,13,"void ch_est::chEstFilterNoDftSOfdmDispatchKernel<float, __half, float, (unsigned int)2>(ch_est::puschRxChEstStatDescr_t *, ch_est::puschRxChEstDynDescr_t *)"
7715361725,29151,189398,137,2,1,24,2,1,44,0.001,0.001,,,,,NVIDIA A100-SXM4-40GB MIG 4g.20gb (0),1,,13,"void ch_est::chEstFilterNoDftSOfdmDispatchKernel<float, __half, float, (unsigned int)2>(ch_est::puschRxChEstStatDescr_t *, ch_est::puschRxChEstDynDescr_t *)"
7715902519,4543,189409,103,1,1,128,1,1,16,0.000,0.000,,,,,NVIDIA A100-SXM4-40GB MIG 4g.20gb (0),1,,13,cupy_copy__complex64_complex64
7716484656,28288,189419,1434,1,1,128,1,1,16,0.000,0.000,,,,,NVIDIA A100-SXM4-40GB MIG 4g.20gb (0),1,,13,cupy_copy__complex64_complex64
7716862892,8384,189426,103,1,1,128,1,1,16,0.000,0.000,,,,,NVIDIA A100-SXM4-40GB MIG 4g.20gb (0),1,,13,cupy_copy__complex64_complex64
7717483525,262429,189433,1,1,1,32,32,1,30,0.000,0.000,,,,,NVIDIA A100-SXM4-40GB MIG 4g.20gb (0),1,,13,"void convert_kernel<__half2, float2>(tensor_layout_any, T1 *, tensor_layout_any, const T2 *)"
7717775361,6080,189436,,,,,,,,,,0.094,15410.462,Pinned,Device,NVIDIA A100-SXM4-40GB MIG 4g.20gb (0),1,,13,[CUDA memcpy Host-to-Device]
7718241596,59327,189437,,,,,,,,,,35.810,603576.202,Device,,NVIDIA A100-SXM4-40GB MIG 4g.20gb (0),1,,13,[CUDA memset]
7718304347,2208,189439,,,,,,,,,,0.000,36.232,Pinned,Device,NVIDIA A100-SXM4-40GB MIG 4g.20gb (0),1,,13,[CUDA memcpy Host-to-Device]
7718312827,10784,189440,,,,,,,,,,0.197,18231.263,Pinned,Device,NVIDIA A100-SXM4-40GB MIG 4g.20gb (0),1,,13,[CUDA memcpy Host-to-Device]
7718974772,19520,189441,273,1,1,48,1,1,40,0.000,0.001,,,,,NVIDIA A100-SXM4-40GB MIG 4g.20gb (0),1,,13,"void pusch_noise_intf_est::noiseIntfEstNoDftSOfdmKernel<float, __half, float, float, (unsigned int)2, (unsigned int)1, (unsigned char)4, (unsigned char)4>(pusch_noise_intf_est::puschRxNoiseIntfEstDynDescr)"
7719324784,13216,189452,35,1,1,128,1,1,16,0.000,0.000,,,,,NVIDIA A100-SXM4-40GB MIG 4g.20gb (0),1,,13,cupy_copy__complex64_complex64
7719607949,3424,189461,1,1,1,1,1,1,18,0.000,0.000,,,,,NVIDIA A100-SXM4-40GB MIG 4g.20gb (0),1,,13,cupy_copy__float32_float32
7719616589,5599,189467,,,,,,,,,,0.000,0.714,Device,Pageable,NVIDIA A100-SXM4-40GB MIG 4g.20gb (0),1,,7,[CUDA memcpy Device-to-Host]
7719956809,20767,189478,1434,1,1,128,1,1,16,0.000,0.000,,,,,NVIDIA A100-SXM4-40GB MIG 4g.20gb (0),1,,13,cupy_copy__complex64_complex64
7720321189,10367,189485,103,1,1,128,1,1,16,0.000,0.000,,,,,NVIDIA A100-SXM4-40GB MIG 4g.20gb (0),1,,13,cupy_copy__complex64_complex64
7720607265,8384,189492,35,1,1,128,1,1,16,0.000,0.000,,,,,NVIDIA A100-SXM4-40GB MIG 4g.20gb (0),1,,13,cupy_copy__complex64_complex64
7720877406,5056,189499,1,1,1,1,1,1,18,0.000,0.000,,,,,NVIDIA A100-SXM4-40GB MIG 4g.20gb (0),1,,13,cupy_copy__float32_float32
7721150331,219198,189510,1,1,1,32,32,1,30,0.000,0.000,,,,,NVIDIA A100-SXM4-40GB MIG 4g.20gb (0),1,,13,"void convert_kernel<__half2, float2>(tensor_layout_any, T1 *, tensor_layout_any, const T2 *)"
7721398712,5504,189513,,,,,,,,,,0.094,17023.251,Pinned,Device,NVIDIA A100-SXM4-40GB MIG 4g.20gb (0),1,,13,[CUDA memcpy Host-to-Device]
7721624790,7712,189514,,,,,,,,,,1.547,200547.641,Device,,NVIDIA A100-SXM4-40GB MIG 4g.20gb (0),1,,13,[CUDA memset]
7721639990,6688,189519,,,,,,,,,,0.031,4679.409,Pinned,Device,NVIDIA A100-SXM4-40GB MIG 4g.20gb (0),1,,13,[CUDA memcpy Host-to-Device]
7721649301,9696,189520,,,,,,,,,,0.197,20277.166,Pinned,Device,NVIDIA A100-SXM4-40GB MIG 4g.20gb (0),1,,13,[CUDA memcpy Host-to-Device]
7721891443,9760,189521,273,1,1,8,4,1,39,0.002,0.000,,,,,NVIDIA A100-SXM4-40GB MIG 4g.20gb (0),1,,13,"void channel_eq::eqMmseCoefCompLowMimoKernel<float, float, float, (unsigned int)4, (unsigned int)1, (unsigned int)4>(const channel_eq::_puschRxChEqStatDescr *, channel_eq::_puschRxChEqCoefCompDynDescr)"
7722096912,24384,189522,273,1,1,12,11,1,51,0.002,0.000,,,,,NVIDIA A100-SXM4-40GB MIG 4g.20gb (0),1,,13,"void channel_eq::eqMmseSoftDemapKernel<float, __half, __half, float, (unsigned int)4, (unsigned short)16383>(channel_eq::_puschRxChEqStatDescr *, channel_eq::_puschRxChEqSoftDemapDynDescr)"
7722367245,578554,189523,1,1,1,32,32,1,30,0.000,0.000,,,,,NVIDIA A100-SXM4-40GB MIG 4g.20gb (0),1,,13,"void convert_kernel<float2, __half2>(tensor_layout_any, T1 *, tensor_layout_any, const T2 *)"
7723386914,22912,189535,2253,1,1,128,1,1,16,0.000,0.000,,,,,NVIDIA A100-SXM4-40GB MIG 4g.20gb (0),1,,13,cupy_copy__float16_float16
7723869948,17184,189544,282,1,1,128,1,1,16,0.000,0.000,,,,,NVIDIA A100-SXM4-40GB MIG 4g.20gb (0),1,,13,cupy_copy__complex64_complex64
7724316919,5792,189553,26,1,1,128,1,1,16,0.000,0.000,,,,,NVIDIA A100-SXM4-40GB MIG 4g.20gb (0),1,,13,cupy_copy__float32_float32
7724739379,7199,189562,103,1,1,128,1,1,16,0.000,0.000,,,,,NVIDIA A100-SXM4-40GB MIG 4g.20gb (0),1,,13,cupy_copy__complex64_complex64
7725227661,21920,189572,1434,1,1,128,1,1,16,0.000,0.000,,,,,NVIDIA A100-SXM4-40GB MIG 4g.20gb (0),1,,13,cupy_copy__complex64_complex64
7725821318,259741,189577,1,1,1,32,32,1,30,0.000,0.000,,,,,NVIDIA A100-SXM4-40GB MIG 4g.20gb (0),1,,13,"void convert_kernel<__half2, float2>(tensor_layout_any, T1 *, tensor_layout_any, const T2 *)"
7726110595,8256,189580,,,,,,,,,,0.094,11348.834,Pinned,Device,NVIDIA A100-SXM4-40GB MIG 4g.20gb (0),1,,13,[CUDA memcpy Host-to-Device]
7726490431,622809,189581,,,,,,,,,,456.561,732781.111,Device,,NVIDIA A100-SXM4-40GB MIG 4g.20gb (0),1,,13,[CUDA memset]
7727120408,59775,189586,,,,,,,,,,1.235,20659.378,Pinned,Device,NVIDIA A100-SXM4-40GB MIG 4g.20gb (0),1,,13,[CUDA memcpy Host-to-Device]
7727182647,12128,189587,,,,,,,,,,0.197,16210.919,Pinned,Device,NVIDIA A100-SXM4-40GB MIG 4g.20gb (0),1,,13,[CUDA memcpy Host-to-Device]
7727693553,12864,189588,69,4,1,48,1,1,76,0.002,0.000,,,,,NVIDIA A100-SXM4-40GB MIG 4g.20gb (0),1,,13,"void ch_est::windowedChEstPreNoDftSOfdmKernel<float, __half, float, (unsigned int)2, (unsigned int)1, (unsigned short)4>(ch_est::puschRxChEstStatDescr_t *, ch_est::puschRxChEstDynDescr_t *)"
7728184780,9535,189589,137,2,1,24,2,1,44,0.001,0.001,,,,,NVIDIA A100-SXM4-40GB MIG 4g.20gb (0),1,,13,"void ch_est::chEstFilterNoDftSOfdmDispatchKernel<float, __half, float, (unsigned int)2>(ch_est::puschRxChEstStatDescr_t *, ch_est::puschRxChEstDynDescr_t *)"
7728706182,9919,189590,137,2,1,24,2,1,44,0.001,0.001,,,,,NVIDIA A100-SXM4-40GB MIG 4g.20gb (0),1,,13,"void ch_est::chEstFilterNoDftSOfdmDispatchKernel<float, __half, float, (unsigned int)2>(ch_est::puschRxChEstStatDescr_t *, ch_est::puschRxChEstDynDescr_t *)"
7729015554,8928,189601,103,1,1,128,1,1,16,0.000,0.000,,,,,NVIDIA A100-SXM4-40GB MIG 4g.20gb (0),1,,13,cupy_copy__complex64_complex64
7729302847,21440,189611,1434,1,1,128,1,1,16,0.000,0.000,,,,,NVIDIA A100-SXM4-40GB MIG 4g.20gb (0),1,,13,cupy_copy__complex64_complex64
7729600987,5984,189618,103,1,1,128,1,1,16,0.000,0.000,,,,,NVIDIA A100-SXM4-40GB MIG 4g.20gb (0),1,,13,cupy_copy__complex64_complex64
7729884216,197246,189625,1,1,1,32,32,1,30,0.000,0.000,,,,,NVIDIA A100-SXM4-40GB MIG 4g.20gb (0),1,,13,"void convert_kernel<__half2, float2>(tensor_layout_any, T1 *, tensor_layout_any, const T2 *)"
7730110774,5952,189628,,,,,,,,,,0.094,15741.865,Pinned,Device,NVIDIA A100-SXM4-40GB MIG 4g.20gb (0),1,,13,[CUDA memcpy Host-to-Device]
7730340819,61375,189629,,,,,,,,,,35.810,583451.027,Device,,NVIDIA A100-SXM4-40GB MIG 4g.20gb (0),1,,13,[CUDA memset]
7730407378,1856,189631,,,,,,,,,,0.000,43.103,Pinned,Device,NVIDIA A100-SXM4-40GB MIG 4g.20gb (0),1,,13,[CUDA memcpy Host-to-Device]
7730411730,9440,189632,,,,,,,,,,0.197,20827.079,Pinned,Device,NVIDIA A100-SXM4-40GB MIG 4g.20gb (0),1,,13,[CUDA memcpy Host-to-Device]
7730673039,13344,189633,273,1,1,48,1,1,40,0.000,0.001,,,,,NVIDIA A100-SXM4-40GB MIG 4g.20gb (0),1,,13,"void pusch_noise_intf_est::noiseIntfEstNoDftSOfdmKernel<float, __half, float, float, (unsigned int)2, (unsigned int)1, (unsigned char)4, (unsigned char)4>(pusch_noise_intf_est::puschRxNoiseIntfEstDynDescr)"
7730888525,16736,189644,35,1,1,128,1,1,16,0.000,0.000,,,,,NVIDIA A100-SXM4-40GB MIG 4g.20gb (0),1,,13,cupy_copy__complex64_complex64
7731077739,2912,189653,1,1,1,1,1,1,18,0.000,0.000,,,,,NVIDIA A100-SXM4-40GB MIG 4g.20gb (0),1,,13,cupy_copy__float32_float32
7731085259,1600,189659,,,,,,,,,,0.000,2.500,Device,Pageable,NVIDIA A100-SXM4-40GB MIG 4g.20gb (0),1,,7,[CUDA memcpy Device-to-Host]
7731406567,20512,189670,1434,1,1,128,1,1,16,0.000,0.000,,,,,NVIDIA A100-SXM4-40GB MIG 4g.20gb (0),1,,13,cupy_copy__complex64_complex64
7731733571,5088,189677,103,1,1,128,1,1,16,0.000,0.000,,,,,NVIDIA A100-SXM4-40GB MIG 4g.20gb (0),1,,13,cupy_copy__complex64_complex64
7732133503,6816,189684,35,1,1,128,1,1,16,0.000,0.000,,,,,NVIDIA A100-SXM4-40GB MIG 4g.20gb (0),1,,13,cupy_copy__complex64_complex64
7732517178,3136,189691,1,1,1,1,1,1,18,0.000,0.000,,,,,NVIDIA A100-SXM4-40GB MIG 4g.20gb (0),1,,13,cupy_copy__float32_float32
7732943478,234589,189702,1,1,1,32,32,1,30,0.000,0.000,,,,,NVIDIA A100-SXM4-40GB MIG 4g.20gb (0),1,,13,"void convert_kernel<__half2, float2>(tensor_layout_any, T1 *, tensor_layout_any, const T2 *)"
7733207731,5696,189705,,,,,,,,,,0.094,16449.363,Pinned,Device,NVIDIA A100-SXM4-40GB MIG 4g.20gb (0),1,,13,[CUDA memcpy Host-to-Device]
7733667629,5824,189706,,,,,,,,,,1.547,265559.981,Device,,NVIDIA A100-SXM4-40GB MIG 4g.20gb (0),1,,13,[CUDA memset]
7733682381,8032,189711,,,,,,,,,,0.031,3896.383,Pinned,Device,NVIDIA A100-SXM4-40GB MIG 4g.20gb (0),1,,13,[CUDA memcpy Host-to-Device]
7733697677,10048,189712,,,,,,,,,,0.197,19566.821,Pinned,Device,NVIDIA A100-SXM4-40GB MIG 4g.20gb (0),1,,13,[CUDA memcpy Host-to-Device]
7734163112,22880,189713,273,1,1,8,4,1,39,0.002,0.000,,,,,NVIDIA A100-SXM4-40GB MIG 4g.20gb (0),1,,13,"void channel_eq::eqMmseCoefCompLowMimoKernel<float, float, float, (unsigned int)4, (unsigned int)1, (unsigned int)4>(const channel_eq::_puschRxChEqStatDescr *, channel_eq::_puschRxChEqCoefCompDynDescr)"
7734550755,16832,189714,273,1,1,12,11,1,51,0.002,0.000,,,,,NVIDIA A100-SXM4-40GB MIG 4g.20gb (0),1,,13,"void channel_eq::eqMmseSoftDemapKernel<float, __half, __half, float, (unsigned int)4, (unsigned short)16383>(channel_eq::_puschRxChEqStatDescr *, channel_eq::_puschRxChEqSoftDemapDynDescr)"
7735055838,621785,189715,1,1,1,32,32,1,30,0.000,0.000,,,,,NVIDIA A100-SXM4-40GB MIG 4g.20gb (0),1,,13,"void convert_kernel<float2, __half2>(tensor_layout_any, T1 *, tensor_layout_any, const T2 *)"
7736131762,15295,189727,2253,1,1,128,1,1,16,0.000,0.000,,,,,NVIDIA A100-SXM4-40GB MIG 4g.20gb (0),1,,13,cupy_copy__float16_float16
7736527725,9824,189736,282,1,1,128,1,1,16,0.000,0.000,,,,,NVIDIA A100-SXM4-40GB MIG 4g.20gb (0),1,,13,cupy_copy__complex64_complex64
7736851561,3520,189745,26,1,1,128,1,1,16,0.000,0.000,,,,,NVIDIA A100-SXM4-40GB MIG 4g.20gb (0),1,,13,cupy_copy__float32_float32
7737059847,16832,189754,103,1,1,128,1,1,16,0.000,0.000,,,,,NVIDIA A100-SXM4-40GB MIG 4g.20gb (0),1,,13,cupy_copy__complex64_complex64
7737245733,18496,189764,1434,1,1,128,1,1,16,0.000,0.000,,,,,NVIDIA A100-SXM4-40GB MIG 4g.20gb (0),1,,13,cupy_copy__complex64_complex64
7737443427,187454,189769,1,1,1,32,32,1,30,0.000,0.000,,,,,NVIDIA A100-SXM4-40GB MIG 4g.20gb (0),1,,13,"void convert_kernel<__half2, float2>(tensor_layout_any, T1 *, tensor_layout_any, const T2 *)"
7737659744,9472,189772,,,,,,,,,,0.094,9891.862,Pinned,Device,NVIDIA A100-SXM4-40GB MIG 4g.20gb (0),1,,13,[CUDA memcpy Host-to-Device]
7737980797,632920,189773,,,,,,,,,,456.561,720910.514,Device,,NVIDIA A100-SXM4-40GB MIG 4g.20gb (0),1,,13,[CUDA memset]
7738617109,55360,189778,,,,,,,,,,1.235,22306.793,Pinned,Device,NVIDIA A100-SXM4-40GB MIG 4g.20gb (0),1,,13,[CUDA memcpy Host-to-Device]
7738674901,9600,189779,,,,,,,,,,0.197,20479.869,Pinned,Device,NVIDIA A100-SXM4-40GB MIG 4g.20gb (0),1,,13,[CUDA memcpy Host-to-Device]
7739419116,12448,189780,69,4,1,48,1,1,76,0.002,0.000,,,,,NVIDIA A100-SXM4-40GB MIG 4g.20gb (0),1,,13,"void ch_est::windowedChEstPreNoDftSOfdmKernel<float, __half, float, (unsigned int)2, (unsigned int)1, (unsigned short)4>(ch_est::puschRxChEstStatDescr_t *, ch_est::puschRxChEstDynDescr_t *)"
7740232803,11232,189781,137,2,1,24,2,1,44,0.001,0.001,,,,,NVIDIA A100-SXM4-40GB MIG 4g.20gb (0),1,,13,"void ch_est::chEstFilterNoDftSOfdmDispatchKernel<float, __half, float, (unsigned int)2>(ch_est::puschRxChEstStatDescr_t *, ch_est::puschRxChEstDynDescr_t *)"
7741068186,13504,189782,137,2,1,24,2,1,44,0.001,0.001,,,,,NVIDIA A100-SXM4-40GB MIG 4g.20gb (0),1,,13,"void ch_est::chEstFilterNoDftSOfdmDispatchKernel<float, __half, float, (unsigned int)2>(ch_est::puschRxChEstStatDescr_t *, ch_est::puschRxChEstDynDescr_t *)"
7741748626,9504,189793,103,1,1,128,1,1,16,0.000,0.000,,,,,NVIDIA A100-SXM4-40GB MIG 4g.20gb (0),1,,13,cupy_copy__complex64_complex64
7742511081,19328,189803,1434,1,1,128,1,1,16,0.000,0.000,,,,,NVIDIA A100-SXM4-40GB MIG 4g.20gb (0),1,,13,cupy_copy__complex64_complex64
7743347232,9280,189810,103,1,1,128,1,1,16,0.000,0.000,,,,,NVIDIA A100-SXM4-40GB MIG 4g.20gb (0),1,,13,cupy_copy__complex64_complex64
7744388468,275901,189817,1,1,1,32,32,1,30,0.000,0.000,,,,,NVIDIA A100-SXM4-40GB MIG 4g.20gb (0),1,,13,"void convert_kernel<__half2, float2>(tensor_layout_any, T1 *, tensor_layout_any, const T2 *)"
7744693393,5792,189820,,,,,,,,,,0.094,16176.708,Pinned,Device,NVIDIA A100-SXM4-40GB MIG 4g.20gb (0),1,,13,[CUDA memcpy Host-to-Device]
7745724229,65727,189821,,,,,,,,,,35.810,544812.123,Device,,NVIDIA A100-SXM4-40GB MIG 4g.20gb (0),1,,13,[CUDA memset]
7745798756,3232,189823,,,,,,,,,,0.000,24.752,Pinned,Device,NVIDIA A100-SXM4-40GB MIG 4g.20gb (0),1,,13,[CUDA memcpy Host-to-Device]
7745806500,9472,189824,,,,,,,,,,0.197,20756.693,Pinned,Device,NVIDIA A100-SXM4-40GB MIG 4g.20gb (0),1,,13,[CUDA memcpy Host-to-Device]
7746884728,30527,189825,273,1,1,48,1,1,40,0.000,0.001,,,,,NVIDIA A100-SXM4-40GB MIG 4g.20gb (0),1,,13,"void pusch_noise_intf_est::noiseIntfEstNoDftSOfdmKernel<float, __half, float, float, (unsigned int)2, (unsigned int)1, (unsigned char)4, (unsigned char)4>(pusch_noise_intf_est::puschRxNoiseIntfEstDynDescr)"
7747997355,8704,189836,35,1,1,128,1,1,16,0.000,0.000,,,,,NVIDIA A100-SXM4-40GB MIG 4g.20gb (0),1,,13,cupy_copy__complex64_complex64
7748576421,4832,189845,1,1,1,1,1,1,18,0.000,0.000,,,,,NVIDIA A100-SXM4-40GB MIG 4g.20gb (0),1,,13,cupy_copy__float32_float32
7748589317,2720,189851,,,,,,,,,,0.000,1.471,Device,Pageable,NVIDIA A100-SXM4-40GB MIG 4g.20gb (0),1,,7,[CUDA memcpy Device-to-Host]
7749152734,22688,189862,1434,1,1,128,1,1,16,0.000,0.000,,,,,NVIDIA A100-SXM4-40GB MIG 4g.20gb (0),1,,13,cupy_copy__complex64_complex64
7749743575,4992,189869,103,1,1,128,1,1,16,0.000,0.000,,,,,NVIDIA A100-SXM4-40GB MIG 4g.20gb (0),1,,13,cupy_copy__complex64_complex64
7750284081,8128,189876,35,1,1,128,1,1,16,0.000,0.000,,,,,NVIDIA A100-SXM4-40GB MIG 4g.20gb (0),1,,13,cupy_copy__complex64_complex64
7751113448,3520,189883,1,1,1,1,1,1,18,0.000,0.000,,,,,NVIDIA A100-SXM4-40GB MIG 4g.20gb (0),1,,13,cupy_copy__float32_float32
7751754913,231709,189894,1,1,1,32,32,1,30,0.000,0.000,,,,,NVIDIA A100-SXM4-40GB MIG 4g.20gb (0),1,,13,"void convert_kernel<__half2, float2>(tensor_layout_any, T1 *, tensor_layout_any, const T2 *)"
7752016382,6080,189897,,,,,,,,,,0.094,15410.462,Pinned,Device,NVIDIA A100-SXM4-40GB MIG 4g.20gb (0),1,,13,[CUDA memcpy Host-to-Device]
7752718742,9376,189898,,,,,,,,,,1.547,164955.183,Device,,NVIDIA A100-SXM4-40GB MIG 4g.20gb (0),1,,13,[CUDA memset]
7752734422,3040,189903,,,,,,,,,,0.031,10294.725,Pinned,Device,NVIDIA A100-SXM4-40GB MIG 4g.20gb (0),1,,13,[CUDA memcpy Host-to-Device]
7752743766,11775,189904,,,,,,,,,,0.197,16696.934,Pinned,Device,NVIDIA A100-SXM4-40GB MIG 4g.20gb (0),1,,13,[CUDA memcpy Host-to-Device]
7753427278,20128,189905,273,1,1,8,4,1,39,0.002,0.000,,,,,NVIDIA A100-SXM4-40GB MIG 4g.20gb (0),1,,13,"void channel_eq::eqMmseCoefCompLowMimoKernel<float, float, float, (unsigned int)4, (unsigned int)1, (unsigned int)4>(const channel_eq::_puschRxChEqStatDescr *, channel_eq::_puschRxChEqCoefCompDynDescr)"
7753760042,16224,189906,273,1,1,12,11,1,51,0.002,0.000,,,,,NVIDIA A100-SXM4-40GB MIG 4g.20gb (0),1,,13,"void channel_eq::eqMmseSoftDemapKernel<float, __half, __half, float, (unsigned int)4, (unsigned short)16383>(channel_eq::_puschRxChEqStatDescr *, channel_eq::_puschRxChEqSoftDemapDynDescr)"
7754468098,716408,189907,1,1,1,32,32,1,30,0.000,0.000,,,,,NVIDIA A100-SXM4-40GB MIG 4g.20gb (0),1,,13,"void convert_kernel<float2, __half2>(tensor_layout_any, T1 *, tensor_layout_any, const T2 *)"
7756164815,23424,189919,2253,1,1,128,1,1,16,0.000,0.000,,,,,NVIDIA A100-SXM4-40GB MIG 4g.20gb (0),1,,13,cupy_copy__float16_float16
7757139428,10592,189928,282,1,1,128,1,1,16,0.000,0.000,,,,,NVIDIA A100-SXM4-40GB MIG 4g.20gb (0),1,,13,cupy_copy__complex64_complex64
7758104505,5792,189937,26,1,1,128,1,1,16,0.000,0.000,,,,,NVIDIA A100-SXM4-40GB MIG 4g.20gb (0),1,,13,cupy_copy__float32_float32
7759037358,9728,189946,103,1,1,128,1,1,16,0.000,0.000,,,,,NVIDIA A100-SXM4-40GB MIG 4g.20gb (0),1,,13,cupy_copy__complex64_complex64
7759714119,15455,189956,1434,1,1,128,1,1,16,0.000,0.000,,,,,NVIDIA A100-SXM4-40GB MIG 4g.20gb (0),1,,13,cupy_copy__complex64_complex64
7760026691,220574,189961,1,1,1,32,32,1,30,0.000,0.000,,,,,NVIDIA A100-SXM4-40GB MIG 4g.20gb (0),1,,13,"void convert_kernel<__half2, float2>(tensor_layout_any, T1 *, tensor_layout_any, const T2 *)"
7760278112,7360,189964,,,,,,,,,,0.094,12730.382,Pinned,Device,NVIDIA A100-SXM4-40GB MIG 4g.20gb (0),1,,13,[CUDA memcpy Host-to-Device]
7760581405,630649,189965,,,,,,,,,,456.561,723649.882,Device,,NVIDIA A100-SXM4-40GB MIG 4g.20gb (0),1,,13,[CUDA memset]
7761220214,59615,189970,,,,,,,,,,1.235,20714.951,Pinned,Device,NVIDIA A100-SXM4-40GB MIG 4g.20gb (0),1,,13,[CUDA memcpy Host-to-Device]
7761282421,13088,189971,,,,,,,,,,0.197,15021.834,Pinned,Device,NVIDIA A100-SXM4-40GB MIG 4g.20gb (0),1,,13,[CUDA memcpy Host-to-Device]
7761804655,14304,189972,69,4,1,48,1,1,76,0.002,0.000,,,,,NVIDIA A100-SXM4-40GB MIG 4g.20gb (0),1,,13,"void ch_est::windowedChEstPreNoDftSOfdmKernel<float, __half, float, (unsigned int)2, (unsigned int)1, (unsigned short)4>(ch_est::puschRxChEstStatDescr_t *, ch_est::puschRxChEstDynDescr_t *)"
7762706021,12832,189973,137,2,1,24,2,1,44,0.001,0.001,,,,,NVIDIA A100-SXM4-40GB MIG 4g.20gb (0),1,,13,"void ch_est::chEstFilterNoDftSOfdmDispatchKernel<float, __half, float, (unsigned int)2>(ch_est::puschRxChEstStatDescr_t *, ch_est::puschRxChEstDynDescr_t *)"
7763204191,32672,189974,137,2,1,24,2,1,44,0.001,0.001,,,,,NVIDIA A100-SXM4-40GB MIG 4g.20gb (0),1,,13,"void ch_est::chEstFilterNoDftSOfdmDispatchKernel<float, __half, float, (unsigned int)2>(ch_est::puschRxChEstStatDescr_t *, ch_est::puschRxChEstDynDescr_t *)"
7764064149,5568,189985,103,1,1,128,1,1,16,0.000,0.000,,,,,NVIDIA A100-SXM4-40GB MIG 4g.20gb (0),1,,13,cupy_copy__complex64_complex64
7764693838,19968,189995,1434,1,1,128,1,1,16,0.000,0.000,,,,,NVIDIA A100-SXM4-40GB MIG 4g.20gb (0),1,,13,cupy_copy__complex64_complex64
7765314023,10944,190002,103,1,1,128,1,1,16,0.000,0.000,,,,,NVIDIA A100-SXM4-40GB MIG 4g.20gb (0),1,,13,cupy_copy__complex64_complex64
7765932736,267645,190009,1,1,1,32,32,1,30,0.000,0.000,,,,,NVIDIA A100-SXM4-40GB MIG 4g.20gb (0),1,,13,"void convert_kernel<__half2, float2>(tensor_layout_any, T1 *, tensor_layout_any, const T2 *)"
7766229597,6048,190012,,,,,,,,,,0.094,15491.978,Pinned,Device,NVIDIA A100-SXM4-40GB MIG 4g.20gb (0),1,,13,[CUDA memcpy Host-to-Device]
7766914037,63359,190013,,,,,,,,,,35.810,565187.967,Device,,NVIDIA A100-SXM4-40GB MIG 4g.20gb (0),1,,13,[CUDA memset]
7766981876,2336,190015,,,,,,,,,,0.000,34.247,Pinned,Device,NVIDIA A100-SXM4-40GB MIG 4g.20gb (0),1,,13,[CUDA memcpy Host-to-Device]
7766992372,9824,190016,,,,,,,,,,0.197,20012.925,Pinned,Device,NVIDIA A100-SXM4-40GB MIG 4g.20gb (0),1,,13,[CUDA memcpy Host-to-Device]
7767933898,14079,190017,273,1,1,48,1,1,40,0.000,0.001,,,,,NVIDIA A100-SXM4-40GB MIG 4g.20gb (0),1,,13,"void pusch_noise_intf_est::noiseIntfEstNoDftSOfdmKernel<float, __half, float, float, (unsigned int)2, (unsigned int)1, (unsigned char)4, (unsigned char)4>(pusch_noise_intf_est::puschRxNoiseIntfEstDynDescr)"
7768849375,8064,190028,35,1,1,128,1,1,16,0.000,0.000,,,,,NVIDIA A100-SXM4-40GB MIG 4g.20gb (0),1,,13,cupy_copy__complex64_complex64
7769734229,8352,190037,1,1,1,1,1,1,18,0.000,0.000,,,,,NVIDIA A100-SXM4-40GB MIG 4g.20gb (0),1,,13,cupy_copy__float32_float32
7769750037,4416,190043,,,,,,,,,,0.000,0.906,Device,Pageable,NVIDIA A100-SXM4-40GB MIG 4g.20gb (0),1,,7,[CUDA memcpy Device-to-Host]
7770691978,29056,190054,1434,1,1,128,1,1,16,0.000,0.000,,,,,NVIDIA A100-SXM4-40GB MIG 4g.20gb (0),1,,13,cupy_copy__complex64_complex64
7771287556,12671,190061,103,1,1,128,1,1,16,0.000,0.000,,,,,NVIDIA A100-SXM4-40GB MIG 4g.20gb (0),1,,13,cupy_copy__complex64_complex64
7771796062,4704,190068,35,1,1,128,1,1,16,0.000,0.000,,,,,NVIDIA A100-SXM4-40GB MIG 4g.20gb (0),1,,13,cupy_copy__complex64_complex64
7772380119,4544,190075,1,1,1,1,1,1,18,0.000,0.000,,,,,NVIDIA A100-SXM4-40GB MIG 4g.20gb (0),1,,13,cupy_copy__float32_float32
7772597781,249437,190086,1,1,1,32,32,1,30,0.000,0.000,,,,,NVIDIA A100-SXM4-40GB MIG 4g.20gb (0),1,,13,"void convert_kernel<__half2, float2>(tensor_layout_any, T1 *, tensor_layout_any, const T2 *)"
7772881906,8287,190089,,,,,,,,,,0.094,11306.296,Pinned,Device,NVIDIA A100-SXM4-40GB MIG 4g.20gb (0),1,,13,[CUDA memcpy Host-to-Device]
7773376780,4896,190090,,,,,,,,,,1.547,315894.859,Device,,NVIDIA A100-SXM4-40GB MIG 4g.20gb (0),1,,13,[CUDA memset]
7773387020,3520,190095,,,,,,,,,,0.031,8890.881,Pinned,Device,NVIDIA A100-SXM4-40GB MIG 4g.20gb (0),1,,13,[CUDA memcpy Host-to-Device]
7773397420,9696,190096,,,,,,,,,,0.197,20277.166,Pinned,Device,NVIDIA A100-SXM4-40GB MIG 4g.20gb (0),1,,13,[CUDA memcpy Host-to-Device]
7773875942,15136,190097,273,1,1,8,4,1,39,0.002,0.000,,,,,NVIDIA A100-SXM4-40GB MIG 4g.20gb (0),1,,13,"void channel_eq::eqMmseCoefCompLowMimoKernel<float, float, float, (unsigned int)4, (unsigned int)1, (unsigned int)4>(const channel_eq::_puschRxChEqStatDescr *, channel_eq::_puschRxChEqCoefCompDynDescr)"
7774099620,27903,190098,273,1,1,12,11,1,51,0.002,0.000,,,,,NVIDIA A100-SXM4-40GB MIG 4g.20gb (0),1,,13,"void channel_eq::eqMmseSoftDemapKernel<float, __half, __half, float, (unsigned int)4, (unsigned short)16383>(channel_eq::_puschRxChEqStatDescr *, channel_eq::_puschRxChEqSoftDemapDynDescr)"
7774243170,573082,190099,1,1,1,32,32,1,30,0.000,0.000,,,,,NVIDIA A100-SXM4-40GB MIG 4g.20gb (0),1,,13,"void convert_kernel<float2, __half2>(tensor_layout_any, T1 *, tensor_layout_any, const T2 *)"
7775161816,14336,190111,2253,1,1,128,1,1,16,0.000,0.000,,,,,NVIDIA A100-SXM4-40GB MIG 4g.20gb (0),1,,13,cupy_copy__float16_float16
7775388405,19040,190120,282,1,1,128,1,1,16,0.000,0.000,,,,,NVIDIA A100-SXM4-40GB MIG 4g.20gb (0),1,,13,cupy_copy__complex64_complex64
7775701554,4032,190129,26,1,1,128,1,1,16,0.000,0.000,,,,,NVIDIA A100-SXM4-40GB MIG 4g.20gb (0),1,,13,cupy_copy__float32_float32
7776095469,19360,190138,103,1,1,128,1,1,16,0.000,0.000,,,,,NVIDIA A100-SXM4-40GB MIG 4g.20gb (0),1,,13,cupy_copy__complex64_complex64
7776466441,16672,190148,1434,1,1,128,1,1,16,0.000,0.000,,,,,NVIDIA A100-SXM4-40GB MIG 4g.20gb (0),1,,13,cupy_copy__complex64_complex64
7776987811,238525,190153,1,1,1,32,32,1,30,0.000,0.000,,,,,NVIDIA A100-SXM4-40GB MIG 4g.20gb (0),1,,13,"void convert_kernel<__half2, float2>(tensor_layout_any, T1 *, tensor_layout_any, const T2 *)"
7777260160,9120,190156,,,,,,,,,,0.094,10273.673,Pinned,Device,NVIDIA A100-SXM4-40GB MIG 4g.20gb (0),1,,13,[CUDA memcpy Host-to-Device]
7777653532,627192,190157,,,,,,,,,,456.561,727758.935,Device,,NVIDIA A100-SXM4-40GB MIG 4g.20gb (0),1,,13,[CUDA memset]
7778285236,53248,190162,,,,,,,,,,1.235,23192.248,Pinned,Device,NVIDIA A100-SXM4-40GB MIG 4g.20gb (0),1,,13,[CUDA memcpy Host-to-Device]
7778340916,11136,190163,,,,,,,,,,0.197,17655.005,Pinned,Device,NVIDIA A100-SXM4-40GB MIG 4g.20gb (0),1,,13,[CUDA memcpy Host-to-Device]
7778791631,11232,190164,69,4,1,48,1,1,76,0.002,0.000,,,,,NVIDIA A100-SXM4-40GB MIG 4g.20gb (0),1,,13,"void ch_est::windowedChEstPreNoDftSOfdmKernel<float, __half, float, (unsigned int)2, (unsigned int)1, (unsigned short)4>(ch_est::puschRxChEstStatDescr_t *, ch_est::puschRxChEstDynDescr_t *)"
7779374376,10752,190165,137,2,1,24,2,1,44,0.001,0.001,,,,,NVIDIA A100-SXM4-40GB MIG 4g.20gb (0),1,,13,"void ch_est::chEstFilterNoDftSOfdmDispatchKernel<float, __half, float, (unsigned int)2>(ch_est::puschRxChEstStatDescr_t *, ch_est::puschRxChEstDynDescr_t *)"
7779958241,11872,190166,137,2,1,24,2,1,44,0.001,0.001,,,,,NVIDIA A100-SXM4-40GB MIG 4g.20gb (0),1,,13,"void ch_est::chEstFilterNoDftSOfdmDispatchKernel<float, __half, float, (unsigned int)2>(ch_est::puschRxChEstStatDescr_t *, ch_est::puschRxChEstDynDescr_t *)"
7780383357,4768,190177,103,1,1,128,1,1,16,0.000,0.000,,,,,NVIDIA A100-SXM4-40GB MIG 4g.20gb (0),1,,13,cupy_copy__complex64_complex64
7780755512,20448,190187,1434,1,1,128,1,1,16,0.000,0.000,,,,,NVIDIA A100-SXM4-40GB MIG 4g.20gb (0),1,,13,cupy_copy__complex64_complex64
7781122004,4512,190194,103,1,1,128,1,1,16,0.000,0.000,,,,,NVIDIA A100-SXM4-40GB MIG 4g.20gb (0),1,,13,cupy_copy__complex64_complex64
7781479152,224030,190201,1,1,1,32,32,1,30,0.000,0.000,,,,,NVIDIA A100-SXM4-40GB MIG 4g.20gb (0),1,,13,"void convert_kernel<__half2, float2>(tensor_layout_any, T1 *, tensor_layout_any, const T2 *)"
7781732301,6112,190204,,,,,,,,,,0.094,15329.790,Pinned,Device,NVIDIA A100-SXM4-40GB MIG 4g.20gb (0),1,,13,[CUDA memcpy Host-to-Device]
7782179048,58208,190205,,,,,,,,,,35.810,615178.616,Device,,NVIDIA A100-SXM4-40GB MIG 4g.20gb (0),1,,13,[CUDA memset]
7782241288,2912,190207,,,,,,,,,,0.000,27.472,Pinned,Device,NVIDIA A100-SXM4-40GB MIG 4g.20gb (0),1,,13,[CUDA memcpy Host-to-Device]
7782249159,10048,190208,,,,,,,,,,0.197,19566.821,Pinned,Device,NVIDIA A100-SXM4-40GB MIG 4g.20gb (0),1,,13,[CUDA memcpy Host-to-Device]
7782789921,17248,190209,273,1,1,48,1,1,40,0.000,0.001,,,,,NVIDIA A100-SXM4-40GB MIG 4g.20gb (0),1,,13,"void pusch_noise_intf_est::noiseIntfEstNoDftSOfdmKernel<float, __half, float, float, (unsigned int)2, (unsigned int)1, (unsigned char)4, (unsigned char)4>(pusch_noise_intf_est::puschRxNoiseIntfEstDynDescr)"
7783348091,5632,190220,35,1,1,128,1,1,16,0.000,0.000,,,,,NVIDIA A100-SXM4-40GB MIG 4g.20gb (0),1,,13,cupy_copy__complex64_complex64
7783841877,4896,190229,1,1,1,1,1,1,18,0.000,0.000,,,,,NVIDIA A100-SXM4-40GB MIG 4g.20gb (0),1,,13,cupy_copy__float32_float32
7783854453,1664,190235,,,,,,,,,,0.000,2.404,Device,Pageable,NVIDIA A100-SXM4-40GB MIG 4g.20gb (0),1,,7,[CUDA memcpy Device-to-Host]
7784311216,15680,190246,1434,1,1,128,1,1,16,0.000,0.000,,,,,NVIDIA A100-SXM4-40GB MIG 4g.20gb (0),1,,13,cupy_copy__complex64_complex64
7784721996,4895,190253,103,1,1,128,1,1,16,0.000,0.000,,,,,NVIDIA A100-SXM4-40GB MIG 4g.20gb (0),1,,13,cupy_copy__complex64_complex64
7785063272,7200,190260,35,1,1,128,1,1,16,0.000,0.000,,,,,NVIDIA A100-SXM4-40GB MIG 4g.20gb (0),1,,13,cupy_copy__complex64_complex64
7785396100,3136,190267,1,1,1,1,1,1,18,0.000,0.000,,,,,NVIDIA A100-SXM4-40GB MIG 4g.20gb (0),1,,13,cupy_copy__float32_float32
7785741312,200030,190278,1,1,1,32,32,1,30,0.000,0.000,,,,,NVIDIA A100-SXM4-40GB MIG 4g.20gb (0),1,,13,"void convert_kernel<__half2, float2>(tensor_layout_any, T1 *, tensor_layout_any, const T2 *)"
7785971133,5632,190281,,,,,,,,,,0.094,16636.287,Pinned,Device,NVIDIA A100-SXM4-40GB MIG 4g.20gb (0),1,,13,[CUDA memcpy Host-to-Device]
7786343833,4768,190282,,,,,,,,,,1.547,324374.998,Device,,NVIDIA A100-SXM4-40GB MIG 4g.20gb (0),1,,13,[CUDA memset]
7786354169,3104,190287,,,,,,,,,,0.031,10082.445,Pinned,Device,NVIDIA A100-SXM4-40GB MIG 4g.20gb (0),1,,13,[CUDA memcpy Host-to-Device]
7786360473,10176,190288,,,,,,,,,,0.197,19320.668,Pinned,Device,NVIDIA A100-SXM4-40GB MIG 4g.20gb (0),1,,13,[CUDA memcpy Host-to-Device]
7786750837,16383,190289,273,1,1,8,4,1,39,0.002,0.000,,,,,NVIDIA A100-SXM4-40GB MIG 4g.20gb (0),1,,13,"void channel_eq::eqMmseCoefCompLowMimoKernel<float, float, float, (unsigned int)4, (unsigned int)1, (unsigned int)4>(const channel_eq::_puschRxChEqStatDescr *, channel_eq::_puschRxChEqCoefCompDynDescr)"
7787102321,10431,190290,273,1,1,12,11,1,51,0.002,0.000,,,,,NVIDIA A100-SXM4-40GB MIG 4g.20gb (0),1,,13,"void channel_eq::eqMmseSoftDemapKernel<float, __half, __half, float, (unsigned int)4, (unsigned short)16383>(channel_eq::_puschRxChEqStatDescr *, channel_eq::_puschRxChEqSoftDemapDynDescr)"
7787524044,582009,190291,1,1,1,32,32,1,30,0.000,0.000,,,,,NVIDIA A100-SXM4-40GB MIG 4g.20gb (0),1,,13,"void convert_kernel<float2, __half2>(tensor_layout_any, T1 *, tensor_layout_any, const T2 *)"
7788494977,19648,190303,2253,1,1,128,1,1,16,0.000,0.000,,,,,NVIDIA A100-SXM4-40GB MIG 4g.20gb (0),1,,13,cupy_copy__float16_float16
7788929116,9600,190312,282,1,1,128,1,1,16,0.000,0.000,,,,,NVIDIA A100-SXM4-40GB MIG 4g.20gb (0),1,,13,cupy_copy__complex64_complex64
7789287480,6368,190321,26,1,1,128,1,1,16,0.000,0.000,,,,,NVIDIA A100-SXM4-40GB MIG 4g.20gb (0),1,,13,cupy_copy__float32_float32
7789630004,7968,190330,103,1,1,128,1,1,16,0.000,0.000,,,,,NVIDIA A100-SXM4-40GB MIG 4g.20gb (0),1,,13,cupy_copy__complex64_complex64
7790059503,20448,190340,1434,1,1,128,1,1,16,0.000,0.000,,,,,NVIDIA A100-SXM4-40GB MIG 4g.20gb (0),1,,13,cupy_copy__complex64_complex64
7790489162,255357,190345,1,1,1,32,32,1,30,0.000,0.000,,,,,NVIDIA A100-SXM4-40GB MIG 4g.20gb (0),1,,13,"void convert_kernel<__half2, float2>(tensor_layout_any, T1 *, tensor_layout_any, const T2 *)"
7790774023,5568,190348,,,,,,,,,,0.094,16827.521,Pinned,Device,NVIDIA A100-SXM4-40GB MIG 4g.20gb (0),1,,13,[CUDA memcpy Host-to-Device]
7791218658,632313,190349,,,,,,,,,,456.561,721823.637,Device,,NVIDIA A100-SXM4-40GB MIG 4g.20gb (0),1,,13,[CUDA memset]
7791855899,51327,190354,,,,,,,,,,1.235,24059.179,Pinned,Device,NVIDIA A100-SXM4-40GB MIG 4g.20gb (0),1,,13,[CUDA memcpy Host-to-Device]
7791909690,9472,190355,,,,,,,,,,0.197,20756.693,Pinned,Device,NVIDIA A100-SXM4-40GB MIG 4g.20gb (0),1,,13,[CUDA memcpy Host-to-Device]
7792361589,28320,190356,69,4,1,48,1,1,76,0.002,0.000,,,,,NVIDIA A100-SXM4-40GB MIG 4g.20gb (0),1,,13,"void ch_est::windowedChEstPreNoDftSOfdmKernel<float, __half, float, (unsigned int)2, (unsigned int)1, (unsigned short)4>(ch_est::puschRxChEstStatDescr_t *, ch_est::puschRxChEstDynDescr_t *)"
7792651666,12512,190357,137,2,1,24,2,1,44,0.001,0.001,,,,,NVIDIA A100-SXM4-40GB MIG 4g.20gb (0),1,,13,"void ch_est::chEstFilterNoDftSOfdmDispatchKernel<float, __half, float, (unsigned int)2>(ch_est::puschRxChEstStatDescr_t *, ch_est::puschRxChEstDynDescr_t *)"
7793014510,10976,190358,137,2,1,24,2,1,44,0.001,0.001,,,,,NVIDIA A100-SXM4-40GB MIG 4g.20gb (0),1,,13,"void ch_est::chEstFilterNoDftSOfdmDispatchKernel<float, __half, float, (unsigned int)2>(ch_est::puschRxChEstStatDescr_t *, ch_est::puschRxChEstDynDescr_t *)"
7793376266,4959,190369,103,1,1,128,1,1,16,0.000,0.000,,,,,NVIDIA A100-SXM4-40GB MIG 4g.20gb (0),1,,13,cupy_copy__complex64_complex64
7793674662,19936,190379,1434,1,1,128,1,1,16,0.000,0.000,,,,,NVIDIA A100-SXM4-40GB MIG 4g.20gb (0),1,,13,cupy_copy__complex64_complex64
7793898852,9056,190386,103,1,1,128,1,1,16,0.000,0.000,,,,,NVIDIA A100-SXM4-40GB MIG 4g.20gb (0),1,,13,cupy_copy__complex64_complex64
7794124097,272157,190393,1,1,1,32,32,1,30,0.000,0.000,,,,,NVIDIA A100-SXM4-40GB MIG 4g.20gb (0),1,,13,"void convert_kernel<__half2, float2>(tensor_layout_any, T1 *, tensor_layout_any, const T2 *)"
7794427070,5920,190396,,,,,,,,,,0.094,15826.941,Pinned,Device,NVIDIA A100-SXM4-40GB MIG 4g.20gb (0),1,,13,[CUDA memcpy Host-to-Device]
7794640251,56672,190397,,,,,,,,,,35.810,631866.038,Device,,NVIDIA A100-SXM4-40GB MIG 4g.20gb (0),1,,13,[CUDA memset]
7794705242,2368,190399,,,,,,,,,,0.000,33.784,Pinned,Device,NVIDIA A100-SXM4-40GB MIG 4g.20gb (0),1,,13,[CUDA memcpy Host-to-Device]
7794710522,9504,190400,,,,,,,,,,0.197,20686.701,Pinned,Device,NVIDIA A100-SXM4-40GB MIG 4g.20gb (0),1,,13,[CUDA memcpy Host-to-Device]
7794907960,20064,190401,273,1,1,48,1,1,40,0.000,0.001,,,,,NVIDIA A100-SXM4-40GB MIG 4g.20gb (0),1,,13,"void pusch_noise_intf_est::noiseIntfEstNoDftSOfdmKernel<float, __half, float, float, (unsigned int)2, (unsigned int)1, (unsigned char)4, (unsigned char)4>(pusch_noise_intf_est::puschRxNoiseIntfEstDynDescr)"
7795107286,5952,190412,35,1,1,128,1,1,16,0.000,0.000,,,,,NVIDIA A100-SXM4-40GB MIG 4g.20gb (0),1,,13,cupy_copy__complex64_complex64
7795310036,4096,190421,1,1,1,1,1,1,18,0.000,0.000,,,,,NVIDIA A100-SXM4-40GB MIG 4g.20gb (0),1,,13,cupy_copy__float32_float32
7795317588,1696,190427,,,,,,,,,,0.000,2.358,Device,Pageable,NVIDIA A100-SXM4-40GB MIG 4g.20gb (0),1,,7,[CUDA memcpy Device-to-Host]
7795892717,15200,190438,1434,1,1,128,1,1,16,0.000,0.000,,,,,NVIDIA A100-SXM4-40GB MIG 4g.20gb (0),1,,13,cupy_copy__complex64_complex64
7796267529,6464,190445,103,1,1,128,1,1,16,0.000,0.000,,,,,NVIDIA A100-SXM4-40GB MIG 4g.20gb (0),1,,13,cupy_copy__complex64_complex64
7796813187,17087,190452,35,1,1,128,1,1,16,0.000,0.000,,,,,NVIDIA A100-SXM4-40GB MIG 4g.20gb (0),1,,13,cupy_copy__complex64_complex64
7797431132,4928,190459,1,1,1,1,1,1,18,0.000,0.000,,,,,NVIDIA A100-SXM4-40GB MIG 4g.20gb (0),1,,13,cupy_copy__float32_float32
7798129364,270141,190470,1,1,1,32,32,1,30,0.000,0.000,,,,,NVIDIA A100-SXM4-40GB MIG 4g.20gb (0),1,,13,"void convert_kernel<__half2, float2>(tensor_layout_any, T1 *, tensor_layout_any, const T2 *)"
7798429136,5472,190473,,,,,,,,,,0.094,17122.757,Pinned,Device,NVIDIA A100-SXM4-40GB MIG 4g.20gb (0),1,,13,[CUDA memcpy Host-to-Device]
7799260807,5216,190474,,,,,,,,,,1.547,296514.113,Device,,NVIDIA A100-SXM4-40GB MIG 4g.20gb (0),1,,13,[CUDA memset]
7799270503,3552,190479,,,,,,,,,,0.031,8810.794,Pinned,Device,NVIDIA A100-SXM4-40GB MIG 4g.20gb (0),1,,13,[CUDA memcpy Host-to-Device]
7799278215,11648,190480,,,,,,,,,,0.197,16878.993,Pinned,Device,NVIDIA A100-SXM4-40GB MIG 4g.20gb (0),1,,13,[CUDA memcpy Host-to-Device]
7800095581,13952,190481,273,1,1,8,4,1,39,0.002,0.000,,,,,NVIDIA A100-SXM4-40GB MIG 4g.20gb (0),1,,13,"void channel_eq::eqMmseCoefCompLowMimoKernel<float, float, float, (unsigned int)4, (unsigned int)1, (unsigned int)4>(const channel_eq::_puschRxChEqStatDescr *, channel_eq::_puschRxChEqCoefCompDynDescr)"
7800935156,15840,190482,273,1,1,12,11,1,51,0.002,0.000,,,,,NVIDIA A100-SXM4-40GB MIG 4g.20gb (0),1,,13,"void channel_eq::eqMmseSoftDemapKernel<float, __half, __half, float, (unsigned int)4, (unsigned short)16383>(channel_eq::_puschRxChEqStatDescr *, channel_eq::_puschRxChEqSoftDemapDynDescr)"
7801784522,564954,190483,1,1,1,32,32,1,30,0.000,0.000,,,,,NVIDIA A100-SXM4-40GB MIG 4g.20gb (0),1,,13,"void convert_kernel<float2, __half2>(tensor_layout_any, T1 *, tensor_layout_any, const T2 *)"
7803168571,13248,190495,2253,1,1,128,1,1,16,0.000,0.000,,,,,NVIDIA A100-SXM4-40GB MIG 4g.20gb (0),1,,13,cupy_copy__float16_float16
7803639797,14464,190504,282,1,1,128,1,1,16,0.000,0.000,,,,,NVIDIA A100-SXM4-40GB MIG 4g.20gb (0),1,,13,cupy_copy__complex64_complex64
7803995025,5504,190513,26,1,1,128,1,1,16,0.000,0.000,,,,,NVIDIA A100-SXM4-40GB MIG 4g.20gb (0),1,,13,cupy_copy__float32_float32
7804214479,8064,190522,103,1,1,128,1,1,16,0.000,0.000,,,,,NVIDIA A100-SXM4-40GB MIG 4g.20gb (0),1,,13,cupy_copy__complex64_complex64
7804526251,16512,190538,1434,1,1,128,1,1,16,0.000,0.000,,,,,NVIDIA A100-SXM4-40GB MIG 4g.20gb (0),1,,13,cupy_copy__complex64_complex64
7804844264,278909,190543,1,1,1,32,32,1,30,0.000,0.000,,,,,NVIDIA A100-SXM4-40GB MIG 4g.20gb (0),1,,13,"void convert_kernel<__half2, float2>(tensor_layout_any, T1 *, tensor_layout_any, const T2 *)"
7805151428,5472,190546,,,,,,,,,,0.094,17122.757,Pinned,Device,NVIDIA A100-SXM4-40GB MIG 4g.20gb (0),1,,13,[CUDA memcpy Host-to-Device]
7805675902,616921,190547,,,,,,,,,,456.561,739629.533,Device,,NVIDIA A100-SXM4-40GB MIG 4g.20gb (0),1,,13,[CUDA memset]
7806346007,54783,190552,,,,,,,,,,1.235,22541.433,Pinned,Device,NVIDIA A100-SXM4-40GB MIG 4g.20gb (0),1,,13,[CUDA memcpy Host-to-Device]
7806403350,10784,190553,,,,,,,,,,0.197,18231.263,Pinned,Device,NVIDIA A100-SXM4-40GB MIG 4g.20gb (0),1,,13,[CUDA memcpy Host-to-Device]
7806930864,14400,190554,69,4,1,48,1,1,76,0.002,0.000,,,,,NVIDIA A100-SXM4-40GB MIG 4g.20gb (0),1,,13,"void ch_est::windowedChEstPreNoDftSOfdmKernel<float, __half, float, (unsigned int)2, (unsigned int)1, (unsigned short)4>(ch_est::puschRxChEstStatDescr_t *, ch_est::puschRxChEstDynDescr_t *)"
7807534217,10816,190555,137,2,1,24,2,1,44,0.001,0.001,,,,,NVIDIA A100-SXM4-40GB MIG 4g.20gb (0),1,,13,"void ch_est::chEstFilterNoDftSOfdmDispatchKernel<float, __half, float, (unsigned int)2>(ch_est::puschRxChEstStatDescr_t *, ch_est::puschRxChEstDynDescr_t *)"
7808068931,31232,190556,137,2,1,24,2,1,44,0.001,0.001,,,,,NVIDIA A100-SXM4-40GB MIG 4g.20gb (0),1,,13,"void ch_est::chEstFilterNoDftSOfdmDispatchKernel<float, __half, float, (unsigned int)2>(ch_est::puschRxChEstStatDescr_t *, ch_est::puschRxChEstDynDescr_t *)"
7808626941,7712,190567,103,1,1,128,1,1,16,0.000,0.000,,,,,NVIDIA A100-SXM4-40GB MIG 4g.20gb (0),1,,13,cupy_copy__complex64_complex64
7808945561,28288,190577,1434,1,1,128,1,1,16,0.000,0.000,,,,,NVIDIA A100-SXM4-40GB MIG 4g.20gb (0),1,,13,cupy_copy__complex64_complex64
7809665425,11712,190584,103,1,1,128,1,1,16,0.000,0.000,,,,,NVIDIA A100-SXM4-40GB MIG 4g.20gb (0),1,,13,cupy_copy__complex64_complex64
7810525159,357628,190591,1,1,1,32,32,1,30,0.000,0.000,,,,,NVIDIA A100-SXM4-40GB MIG 4g.20gb (0),1,,13,"void convert_kernel<__half2, float2>(tensor_layout_any, T1 *, tensor_layout_any, const T2 *)"
7810912963,6208,190594,,,,,,,,,,0.094,15092.739,Pinned,Device,NVIDIA A100-SXM4-40GB MIG 4g.20gb (0),1,,13,[CUDA memcpy Host-to-Device]
7811532284,61407,190595,,,,,,,,,,35.810,583128.737,Device,,NVIDIA A100-SXM4-40GB MIG 4g.20gb (0),1,,13,[CUDA memset]
7811594651,4512,190597,,,,,,,,,,0.000,17.730,Pinned,Device,NVIDIA A100-SXM4-40GB MIG 4g.20gb (0),1,,13,[CUDA memcpy Host-to-Device]
7811601819,12320,190598,,,,,,,,,,0.197,15958.278,Pinned,Device,NVIDIA A100-SXM4-40GB MIG 4g.20gb (0),1,,13,[CUDA memcpy Host-to-Device]
7812514065,19264,190599,273,1,1,48,1,1,40,0.000,0.001,,,,,NVIDIA A100-SXM4-40GB MIG 4g.20gb (0),1,,13,"void pusch_noise_intf_est::noiseIntfEstNoDftSOfdmKernel<float, __half, float, float, (unsigned int)2, (unsigned int)1, (unsigned char)4, (unsigned char)4>(pusch_noise_intf_est::puschRxNoiseIntfEstDynDescr)"
7813447078,14272,190610,35,1,1,128,1,1,16,0.000,0.000,,,,,NVIDIA A100-SXM4-40GB MIG 4g.20gb (0),1,,13,cupy_copy__complex64_complex64
7814304669,5568,190619,1,1,1,1,1,1,18,0.000,0.000,,,,,NVIDIA A100-SXM4-40GB MIG 4g.20gb (0),1,,13,cupy_copy__float32_float32
7814312573,1632,190625,,,,,,,,,,0.000,2.451,Device,Pageable,NVIDIA A100-SXM4-40GB MIG 4g.20gb (0),1,,7,[CUDA memcpy Device-to-Host]
7815238354,19936,190636,1434,1,1,128,1,1,16,0.000,0.000,,,,,NVIDIA A100-SXM4-40GB MIG 4g.20gb (0),1,,13,cupy_copy__complex64_complex64
7815743628,5280,190643,103,1,1,128,1,1,16,0.000,0.000,,,,,NVIDIA A100-SXM4-40GB MIG 4g.20gb (0),1,,13,cupy_copy__complex64_complex64
7816250343,9087,190650,35,1,1,128,1,1,16,0.000,0.000,,,,,NVIDIA A100-SXM4-40GB MIG 4g.20gb (0),1,,13,cupy_copy__complex64_complex64
7816745793,3712,190657,1,1,1,1,1,1,18,0.000,0.000,,,,,NVIDIA A100-SXM4-40GB MIG 4g.20gb (0),1,,13,cupy_copy__float32_float32
7816963807,247325,190668,1,1,1,32,32,1,30,0.000,0.000,,,,,NVIDIA A100-SXM4-40GB MIG 4g.20gb (0),1,,13,"void convert_kernel<__half2, float2>(tensor_layout_any, T1 *, tensor_layout_any, const T2 *)"
7817242235,6368,190671,,,,,,,,,,0.094,14713.551,Pinned,Device,NVIDIA A100-SXM4-40GB MIG 4g.20gb (0),1,,13,[CUDA memcpy Host-to-Device]
7817466457,19328,190672,,,,,,,,,,1.547,80019.233,Device,,NVIDIA A100-SXM4-40GB MIG 4g.20gb (0),1,,13,[CUDA memset]
7817488281,3968,190677,,,,,,,,,,0.031,7887.093,Pinned,Device,NVIDIA A100-SXM4-40GB MIG 4g.20gb (0),1,,13,[CUDA memcpy Host-to-Device]
7817496376,12064,190678,,,,,,,,,,0.197,16297.034,Pinned,Device,NVIDIA A100-SXM4-40GB MIG 4g.20gb (0),1,,13,[CUDA memcpy Host-to-Device]
7817756950,21951,190679,273,1,1,8,4,1,39,0.002,0.000,,,,,NVIDIA A100-SXM4-40GB MIG 4g.20gb (0),1,,13,"void channel_eq::eqMmseCoefCompLowMimoKernel<float, float, float, (unsigned int)4, (unsigned int)1, (unsigned int)4>(const channel_eq::_puschRxChEqStatDescr *, channel_eq::_puschRxChEqCoefCompDynDescr)"
7818286160,10719,190680,273,1,1,12,11,1,51,0.002,0.000,,,,,NVIDIA A100-SXM4-40GB MIG 4g.20gb (0),1,,13,"void channel_eq::eqMmseSoftDemapKernel<float, __half, __half, float, (unsigned int)4, (unsigned short)16383>(channel_eq::_puschRxChEqStatDescr *, channel_eq::_puschRxChEqSoftDemapDynDescr)"
7818897353,578841,190681,1,1,1,32,32,1,30,0.000,0.000,,,,,NVIDIA A100-SXM4-40GB MIG 4g.20gb (0),1,,13,"void convert_kernel<float2, __half2>(tensor_layout_any, T1 *, tensor_layout_any, const T2 *)"
7819902589,22688,190693,2253,1,1,128,1,1,16,0.000,0.000,,,,,NVIDIA A100-SXM4-40GB MIG 4g.20gb (0),1,,13,cupy_copy__float16_float16
7820614005,16320,190702,282,1,1,128,1,1,16,0.000,0.000,,,,,NVIDIA A100-SXM4-40GB MIG 4g.20gb (0),1,,13,cupy_copy__complex64_complex64
7821372045,3648,190711,26,1,1,128,1,1,16,0.000,0.000,,,,,NVIDIA A100-SXM4-40GB MIG 4g.20gb (0),1,,13,cupy_copy__float32_float32
7822034917,5696,190720,103,1,1,128,1,1,16,0.000,0.000,,,,,NVIDIA A100-SXM4-40GB MIG 4g.20gb (0),1,,13,cupy_copy__complex64_complex64
7822814940,15232,190730,1434,1,1,128,1,1,16,0.000,0.000,,,,,NVIDIA A100-SXM4-40GB MIG 4g.20gb (0),1,,13,cupy_copy__complex64_complex64
7823659987,244253,190735,1,1,1,32,32,1,30,0.000,0.000,,,,,NVIDIA A100-SXM4-40GB MIG 4g.20gb (0),1,,13,"void convert_kernel<__half2, float2>(tensor_layout_any, T1 *, tensor_layout_any, const T2 *)"
7823934480,5920,190738,,,,,,,,,,0.094,15826.941,Pinned,Device,NVIDIA A100-SXM4-40GB MIG 4g.20gb (0),1,,13,[CUDA memcpy Host-to-Device]
7824727687,611097,190739,,,,,,,,,,456.561,746934.516,Device,,NVIDIA A100-SXM4-40GB MIG 4g.20gb (0),1,,13,[CUDA memset]
7825345568,57151,190744,,,,,,,,,,1.235,21607.815,Pinned,Device,NVIDIA A100-SXM4-40GB MIG 4g.20gb (0),1,,13,[CUDA memcpy Host-to-Device]
7825409087,12864,190745,,,,,,,,,,0.197,15283.519,Pinned,Device,NVIDIA A100-SXM4-40GB MIG 4g.20gb (0),1,,13,[CUDA memcpy Host-to-Device]
7826175222,13536,190746,69,4,1,48,1,1,76,0.002,0.000,,,,,NVIDIA A100-SXM4-40GB MIG 4g.20gb (0),1,,13,"void ch_est::windowedChEstPreNoDftSOfdmKernel<float, __half, float, (unsigned int)2, (unsigned int)1, (unsigned short)4>(ch_est::puschRxChEstStatDescr_t *, ch_est::puschRxChEstDynDescr_t *)"
7826625969,9120,190747,137,2,1,24,2,1,44,0.001,0.001,,,,,NVIDIA A100-SXM4-40GB MIG 4g.20gb (0),1,,13,"void ch_est::chEstFilterNoDftSOfdmDispatchKernel<float, __half, float, (unsigned int)2>(ch_est::puschRxChEstStatDescr_t *, ch_est::puschRxChEstDynDescr_t *)"
7827076428,11680,190748,137,2,1,24,2,1,44,0.001,0.001,,,,,NVIDIA A100-SXM4-40GB MIG 4g.20gb (0),1,,13,"void ch_est::chEstFilterNoDftSOfdmDispatchKernel<float, __half, float, (unsigned int)2>(ch_est::puschRxChEstStatDescr_t *, ch_est::puschRxChEstDynDescr_t *)"
7827351689,4256,190759,103,1,1,128,1,1,16,0.000,0.000,,,,,NVIDIA A100-SXM4-40GB MIG 4g.20gb (0),1,,13,cupy_copy__complex64_complex64
7827551047,15136,190769,1434,1,1,128,1,1,16,0.000,0.000,,,,,NVIDIA A100-SXM4-40GB MIG 4g.20gb (0),1,,13,cupy_copy__complex64_complex64
7827815844,5440,190776,103,1,1,128,1,1,16,0.000,0.000,,,,,NVIDIA A100-SXM4-40GB MIG 4g.20gb (0),1,,13,cupy_copy__complex64_complex64
7828073281,225117,190783,1,1,1,32,32,1,30,0.000,0.000,,,,,NVIDIA A100-SXM4-40GB MIG 4g.20gb (0),1,,13,"void convert_kernel<__half2, float2>(tensor_layout_any, T1 *, tensor_layout_any, const T2 *)"
7828327518,5824,190786,,,,,,,,,,0.094,16087.884,Pinned,Device,NVIDIA A100-SXM4-40GB MIG 4g.20gb (0),1,,13,[CUDA memcpy Host-to-Device]
7828934167,65247,190787,,,,,,,,,,35.810,548822.834,Device,,NVIDIA A100-SXM4-40GB MIG 4g.20gb (0),1,,13,[CUDA memset]
7829005174,3712,190789,,,,,,,,,,0.000,21.552,Pinned,Device,NVIDIA A100-SXM4-40GB MIG 4g.20gb (0),1,,13,[CUDA memcpy Host-to-Device]
7829014934,9760,190790,,,,,,,,,,0.197,20144.259,Pinned,Device,NVIDIA A100-SXM4-40GB MIG 4g.20gb (0),1,,13,[CUDA memcpy Host-to-Device]
7829663471,31423,190791,273,1,1,48,1,1,40,0.000,0.001,,,,,NVIDIA A100-SXM4-40GB MIG 4g.20gb (0),1,,13,"void pusch_noise_intf_est::noiseIntfEstNoDftSOfdmKernel<float, __half, float, float, (unsigned int)2, (unsigned int)1, (unsigned char)4, (unsigned char)4>(pusch_noise_intf_est::puschRxNoiseIntfEstDynDescr)"
7830254792,3968,190802,35,1,1,128,1,1,16,0.000,0.000,,,,,NVIDIA A100-SXM4-40GB MIG 4g.20gb (0),1,,13,cupy_copy__complex64_complex64
7830877057,6656,190811,1,1,1,1,1,1,18,0.000,0.000,,,,,NVIDIA A100-SXM4-40GB MIG 4g.20gb (0),1,,13,cupy_copy__float32_float32
7830890337,1856,190817,,,,,,,,,,0.000,2.155,Device,Pageable,NVIDIA A100-SXM4-40GB MIG 4g.20gb (0),1,,7,[CUDA memcpy Device-to-Host]
7831599545,15744,190828,1434,1,1,128,1,1,16,0.000,0.000,,,,,NVIDIA A100-SXM4-40GB MIG 4g.20gb (0),1,,13,cupy_copy__complex64_complex64
7832271089,4032,190835,103,1,1,128,1,1,16,0.000,0.000,,,,,NVIDIA A100-SXM4-40GB MIG 4g.20gb (0),1,,13,cupy_copy__complex64_complex64
7832871370,7296,190842,35,1,1,128,1,1,16,0.000,0.000,,,,,NVIDIA A100-SXM4-40GB MIG 4g.20gb (0),1,,13,cupy_copy__complex64_complex64
7833148391,3488,190849,1,1,1,1,1,1,18,0.000,0.000,,,,,NVIDIA A100-SXM4-40GB MIG 4g.20gb (0),1,,13,cupy_copy__float32_float32
7833744577,272348,190860,1,1,1,32,32,1,30,0.000,0.000,,,,,NVIDIA A100-SXM4-40GB MIG 4g.20gb (0),1,,13,"void convert_kernel<__half2, float2>(tensor_layout_any, T1 *, tensor_layout_any, const T2 *)"
7834051933,5920,190863,,,,,,,,,,0.094,15826.941,Pinned,Device,NVIDIA A100-SXM4-40GB MIG 4g.20gb (0),1,,13,[CUDA memcpy Host-to-Device]
7834470808,4992,190864,,,,,,,,,,1.547,309819.720,Device,,NVIDIA A100-SXM4-40GB MIG 4g.20gb (0),1,,13,[CUDA memset]
7834483512,3040,190869,,,,,,,,,,0.031,10294.725,Pinned,Device,NVIDIA A100-SXM4-40GB MIG 4g.20gb (0),1,,13,[CUDA memcpy Host-to-Device]
7834489336,13344,190870,,,,,,,,,,0.197,14733.804,Pinned,Device,NVIDIA A100-SXM4-40GB MIG 4g.20gb (0),1,,13,[CUDA memcpy Host-to-Device]
7835135825,14528,190871,273,1,1,8,4,1,39,0.002,0.000,,,,,NVIDIA A100-SXM4-40GB MIG 4g.20gb (0),1,,13,"void channel_eq::eqMmseCoefCompLowMimoKernel<float, float, float, (unsigned int)4, (unsigned int)1, (unsigned int)4>(const channel_eq::_puschRxChEqStatDescr *, channel_eq::_puschRxChEqCoefCompDynDescr)"
7835386286,12544,190872,273,1,1,12,11,1,51,0.002,0.000,,,,,NVIDIA A100-SXM4-40GB MIG 4g.20gb (0),1,,13,"void channel_eq::eqMmseSoftDemapKernel<float, __half, __half, float, (unsigned int)4, (unsigned short)16383>(channel_eq::_puschRxChEqStatDescr *, channel_eq::_puschRxChEqSoftDemapDynDescr)"
7835643851,526234,190873,1,1,1,32,32,1,30,0.000,0.000,,,,,NVIDIA A100-SXM4-40GB MIG 4g.20gb (0),1,,13,"void convert_kernel<float2, __half2>(tensor_layout_any, T1 *, tensor_layout_any, const T2 *)"
7836381955,13280,190885,2253,1,1,128,1,1,16,0.000,0.000,,,,,NVIDIA A100-SXM4-40GB MIG 4g.20gb (0),1,,13,cupy_copy__float16_float16
7836642368,5984,190894,282,1,1,128,1,1,16,0.000,0.000,,,,,NVIDIA A100-SXM4-40GB MIG 4g.20gb (0),1,,13,cupy_copy__complex64_complex64
7836908189,6976,190903,26,1,1,128,1,1,16,0.000,0.000,,,,,NVIDIA A100-SXM4-40GB MIG 4g.20gb (0),1,,13,cupy_copy__float32_float32
7837598869,8480,190912,103,1,1,128,1,1,16,0.000,0.000,,,,,NVIDIA A100-SXM4-40GB MIG 4g.20gb (0),1,,13,cupy_copy__complex64_complex64
7838305869,19712,190922,1434,1,1,128,1,1,16,0.000,0.000,,,,,NVIDIA A100-SXM4-40GB MIG 4g.20gb (0),1,,13,cupy_copy__complex64_complex64
7838666729,275293,190927,1,1,1,32,32,1,30,0.000,0.000,,,,,NVIDIA A100-SXM4-40GB MIG 4g.20gb (0),1,,13,"void convert_kernel<__half2, float2>(tensor_layout_any, T1 *, tensor_layout_any, const T2 *)"
7838974277,6176,190930,,,,,,,,,,0.094,15170.975,Pinned,Device,NVIDIA A100-SXM4-40GB MIG 4g.20gb (0),1,,13,[CUDA memcpy Host-to-Device]
7839551679,610201,190931,,,,,,,,,,456.561,747847.639,Device,,NVIDIA A100-SXM4-40GB MIG 4g.20gb (0),1,,13,[CUDA memset]
7840163864,60159,190936,,,,,,,,,,1.235,20527.239,Pinned,Device,NVIDIA A100-SXM4-40GB MIG 4g.20gb (0),1,,13,[CUDA memcpy Host-to-Device]
7840226551,10432,190937,,,,,,,,,,0.197,18846.450,Pinned,Device,NVIDIA A100-SXM4-40GB MIG 4g.20gb (0),1,,13,[CUDA memcpy Host-to-Device]
7841088813,11840,190938,69,4,1,48,1,1,76,0.002,0.000,,,,,NVIDIA A100-SXM4-40GB MIG 4g.20gb (0),1,,13,"void ch_est::windowedChEstPreNoDftSOfdmKernel<float, __half, float, (unsigned int)2, (unsigned int)1, (unsigned short)4>(ch_est::puschRxChEstStatDescr_t *, ch_est::puschRxChEstDynDescr_t *)"
7841920228,11104,190939,137,2,1,24,2,1,44,0.001,0.001,,,,,NVIDIA A100-SXM4-40GB MIG 4g.20gb (0),1,,13,"void ch_est::chEstFilterNoDftSOfdmDispatchKernel<float, __half, float, (unsigned int)2>(ch_est::puschRxChEstStatDescr_t *, ch_est::puschRxChEstDynDescr_t *)"
7842729275,11264,190940,137,2,1,24,2,1,44,0.001,0.001,,,,,NVIDIA A100-SXM4-40GB MIG 4g.20gb (0),1,,13,"void ch_est::chEstFilterNoDftSOfdmDispatchKernel<float, __half, float, (unsigned int)2>(ch_est::puschRxChEstStatDescr_t *, ch_est::puschRxChEstDynDescr_t *)"
7843526962,5056,190951,103,1,1,128,1,1,16,0.000,0.000,,,,,NVIDIA A100-SXM4-40GB MIG 4g.20gb (0),1,,13,cupy_copy__complex64_complex64
7844259658,15711,190961,1434,1,1,128,1,1,16,0.000,0.000,,,,,NVIDIA A100-SXM4-40GB MIG 4g.20gb (0),1,,13,cupy_copy__complex64_complex64
7845050881,5760,190968,103,1,1,128,1,1,16,0.000,0.000,,,,,NVIDIA A100-SXM4-40GB MIG 4g.20gb (0),1,,13,cupy_copy__complex64_complex64
7845766200,228190,190975,1,1,1,32,32,1,30,0.000,0.000,,,,,NVIDIA A100-SXM4-40GB MIG 4g.20gb (0),1,,13,"void convert_kernel<__half2, float2>(tensor_layout_any, T1 *, tensor_layout_any, const T2 *)"
7846024470,5727,190978,,,,,,,,,,0.094,16360.352,Pinned,Device,NVIDIA A100-SXM4-40GB MIG 4g.20gb (0),1,,13,[CUDA memcpy Host-to-Device]
7846210579,62016,190979,,,,,,,,,,35.810,577399.150,Device,,NVIDIA A100-SXM4-40GB MIG 4g.20gb (0),1,,13,[CUDA memset]
7846277843,6880,190981,,,,,,,,,,0.000,11.628,Pinned,Device,NVIDIA A100-SXM4-40GB MIG 4g.20gb (0),1,,13,[CUDA memcpy Host-to-Device]
7846287187,9567,190982,,,,,,,,,,0.197,20550.451,Pinned,Device,NVIDIA A100-SXM4-40GB MIG 4g.20gb (0),1,,13,[CUDA memcpy Host-to-Device]
7846613711,18752,190983,273,1,1,48,1,1,40,0.000,0.001,,,,,NVIDIA A100-SXM4-40GB MIG 4g.20gb (0),1,,13,"void pusch_noise_intf_est::noiseIntfEstNoDftSOfdmKernel<float, __half, float, float, (unsigned int)2, (unsigned int)1, (unsigned char)4, (unsigned char)4>(pusch_noise_intf_est::puschRxNoiseIntfEstDynDescr)"
7846992747,6496,190994,35,1,1,128,1,1,16,0.000,0.000,,,,,NVIDIA A100-SXM4-40GB MIG 4g.20gb (0),1,,13,cupy_copy__complex64_complex64
7847281031,5408,191003,1,1,1,1,1,1,18,0.000,0.000,,,,,NVIDIA A100-SXM4-40GB MIG 4g.20gb (0),1,,13,cupy_copy__float32_float32
7847290247,1760,191009,,,,,,,,,,0.000,2.273,Device,Pageable,NVIDIA A100-SXM4-40GB MIG 4g.20gb (0),1,,7,[CUDA memcpy Device-to-Host]
7847714818,20992,191020,1434,1,1,128,1,1,16,0.000,0.000,,,,,NVIDIA A100-SXM4-40GB MIG 4g.20gb (0),1,,13,cupy_copy__complex64_complex64
7848388059,7840,191027,103,1,1,128,1,1,16,0.000,0.000,,,,,NVIDIA A100-SXM4-40GB MIG 4g.20gb (0),1,,13,cupy_copy__complex64_complex64
7848779062,5472,191034,35,1,1,128,1,1,16,0.000,0.000,,,,,NVIDIA A100-SXM4-40GB MIG 4g.20gb (0),1,,13,cupy_copy__complex64_complex64
7849465903,3104,191041,1,1,1,1,1,1,18,0.000,0.000,,,,,NVIDIA A100-SXM4-40GB MIG 4g.20gb (0),1,,13,cupy_copy__float32_float32
7850150215,267997,191052,1,1,1,32,32,1,30,0.000,0.000,,,,,NVIDIA A100-SXM4-40GB MIG 4g.20gb (0),1,,13,"void convert_kernel<__half2, float2>(tensor_layout_any, T1 *, tensor_layout_any, const T2 *)"
7850449507,6304,191055,,,,,,,,,,0.094,14862.903,Pinned,Device,NVIDIA A100-SXM4-40GB MIG 4g.20gb (0),1,,13,[CUDA memcpy Host-to-Device]
7851025309,5216,191056,,,,,,,,,,1.547,296514.113,Device,,NVIDIA A100-SXM4-40GB MIG 4g.20gb (0),1,,13,[CUDA memset]
7851035453,3744,191061,,,,,,,,,,0.031,8358.974,Pinned,Device,NVIDIA A100-SXM4-40GB MIG 4g.20gb (0),1,,13,[CUDA memcpy Host-to-Device]
7851044829,10816,191062,,,,,,,,,,0.197,18177.393,Pinned,Device,NVIDIA A100-SXM4-40GB MIG 4g.20gb (0),1,,13,[CUDA memcpy Host-to-Device]
7851777012,15520,191063,273,1,1,8,4,1,39,0.002,0.000,,,,,NVIDIA A100-SXM4-40GB MIG 4g.20gb (0),1,,13,"void channel_eq::eqMmseCoefCompLowMimoKernel<float, float, float, (unsigned int)4, (unsigned int)1, (unsigned int)4>(const channel_eq::_puschRxChEqStatDescr *, channel_eq::_puschRxChEqCoefCompDynDescr)"
7852529068,14208,191064,273,1,1,12,11,1,51,0.002,0.000,,,,,NVIDIA A100-SXM4-40GB MIG 4g.20gb (0),1,,13,"void channel_eq::eqMmseSoftDemapKernel<float, __half, __half, float, (unsigned int)4, (unsigned short)16383>(channel_eq::_puschRxChEqStatDescr *, channel_eq::_puschRxChEqSoftDemapDynDescr)"
7853280931,562042,191065,1,1,1,32,32,1,30,0.000,0.000,,,,,NVIDIA A100-SXM4-40GB MIG 4g.20gb (0),1,,13,"void convert_kernel<float2, __half2>(tensor_layout_any, T1 *, tensor_layout_any, const T2 *)"
7854380503,22432,191077,2253,1,1,128,1,1,16,0.000,0.000,,,,,NVIDIA A100-SXM4-40GB MIG 4g.20gb (0),1,,13,cupy_copy__float16_float16
7854952912,8480,191086,282,1,1,128,1,1,16,0.000,0.000,,,,,NVIDIA A100-SXM4-40GB MIG 4g.20gb (0),1,,13,cupy_copy__complex64_complex64
7855246637,3264,191095,26,1,1,128,1,1,16,0.000,0.000,,,,,NVIDIA A100-SXM4-40GB MIG 4g.20gb (0),1,,13,cupy_copy__float32_float32
7855441739,7520,191104,103,1,1,128,1,1,16,0.000,0.000,,,,,NVIDIA A100-SXM4-40GB MIG 4g.20gb (0),1,,13,cupy_copy__complex64_complex64
7855633737,19104,191114,1434,1,1,128,1,1,16,0.000,0.000,,,,,NVIDIA A100-SXM4-40GB MIG 4g.20gb (0),1,,13,cupy_copy__complex64_complex64
7855831783,199773,191119,1,1,1,32,32,1,30,0.000,0.000,,,,,NVIDIA A100-SXM4-40GB MIG 4g.20gb (0),1,,13,"void convert_kernel<__half2, float2>(tensor_layout_any, T1 *, tensor_layout_any, const T2 *)"
7856061700,6624,191122,,,,,,,,,,0.094,14144.910,Pinned,Device,NVIDIA A100-SXM4-40GB MIG 4g.20gb (0),1,,13,[CUDA memcpy Host-to-Device]
7856353025,618713,191123,,,,,,,,,,456.561,737803.287,Device,,NVIDIA A100-SXM4-40GB MIG 4g.20gb (0),1,,13,[CUDA memset]
7856978490,60351,191128,,,,,,,,,,1.235,20461.787,Pinned,Device,NVIDIA A100-SXM4-40GB MIG 4g.20gb (0),1,,13,[CUDA memcpy Host-to-Device]
7857041849,12768,191129,,,,,,,,,,0.197,15398.339,Pinned,Device,NVIDIA A100-SXM4-40GB MIG 4g.20gb (0),1,,13,[CUDA memcpy Host-to-Device]
7857413653,16255,191130,69,4,1,48,1,1,76,0.002,0.000,,,,,NVIDIA A100-SXM4-40GB MIG 4g.20gb (0),1,,13,"void ch_est::windowedChEstPreNoDftSOfdmKernel<float, __half, float, (unsigned int)2, (unsigned int)1, (unsigned short)4>(ch_est::puschRxChEstStatDescr_t *, ch_est::puschRxChEstDynDescr_t *)"
7858122893,26015,191131,137,2,1,24,2,1,44,0.001,0.001,,,,,NVIDIA A100-SXM4-40GB MIG 4g.20gb (0),1,,13,"void ch_est::chEstFilterNoDftSOfdmDispatchKernel<float, __half, float, (unsigned int)2>(ch_est::puschRxChEstStatDescr_t *, ch_est::puschRxChEstDynDescr_t *)"
7858543880,11072,191132,137,2,1,24,2,1,44,0.001,0.001,,,,,NVIDIA A100-SXM4-40GB MIG 4g.20gb (0),1,,13,"void ch_est::chEstFilterNoDftSOfdmDispatchKernel<float, __half, float, (unsigned int)2>(ch_est::puschRxChEstStatDescr_t *, ch_est::puschRxChEstDynDescr_t *)"
7859279744,4255,191143,103,1,1,128,1,1,16,0.000,0.000,,,,,NVIDIA A100-SXM4-40GB MIG 4g.20gb (0),1,,13,cupy_copy__complex64_complex64
7859948408,16192,191153,1434,1,1,128,1,1,16,0.000,0.000,,,,,NVIDIA A100-SXM4-40GB MIG 4g.20gb (0),1,,13,cupy_copy__complex64_complex64
7860615056,15392,191160,103,1,1,128,1,1,16,0.000,0.000,,,,,NVIDIA A100-SXM4-40GB MIG 4g.20gb (0),1,,13,cupy_copy__complex64_complex64
7861267625,227293,191167,1,1,1,32,32,1,30,0.000,0.000,,,,,NVIDIA A100-SXM4-40GB MIG 4g.20gb (0),1,,13,"void convert_kernel<__half2, float2>(tensor_layout_any, T1 *, tensor_layout_any, const T2 *)"
7861525542,5728,191170,,,,,,,,,,0.094,16357.541,Pinned,Device,NVIDIA A100-SXM4-40GB MIG 4g.20gb (0),1,,13,[CUDA memcpy Host-to-Device]
7862190495,53663,191171,,,,,,,,,,35.810,667282.049,Device,,NVIDIA A100-SXM4-40GB MIG 4g.20gb (0),1,,13,[CUDA memset]
7862245502,5632,191173,,,,,,,,,,0.000,14.204,Pinned,Device,NVIDIA A100-SXM4-40GB MIG 4g.20gb (0),1,,13,[CUDA memcpy Host-to-Device]
7862257342,9504,191174,,,,,,,,,,0.197,20686.701,Pinned,Device,NVIDIA A100-SXM4-40GB MIG 4g.20gb (0),1,,13,[CUDA memcpy Host-to-Device]
7862974102,17599,191175,273,1,1,48,1,1,40,0.000,0.001,,,,,NVIDIA A100-SXM4-40GB MIG 4g.20gb (0),1,,13,"void pusch_noise_intf_est::noiseIntfEstNoDftSOfdmKernel<float, __half, float, float, (unsigned int)2, (unsigned int)1, (unsigned char)4, (unsigned char)4>(pusch_noise_intf_est::puschRxNoiseIntfEstDynDescr)"
7863690702,4224,191186,35,1,1,128,1,1,16,0.000,0.000,,,,,NVIDIA A100-SXM4-40GB MIG 4g.20gb (0),1,,13,cupy_copy__complex64_complex64
7864263911,2976,191195,1,1,1,1,1,1,18,0.000,0.000,,,,,NVIDIA A100-SXM4-40GB MIG 4g.20gb (0),1,,13,cupy_copy__float32_float32
7864274407,1984,191201,,,,,,,,,,0.000,2.016,Device,Pageable,NVIDIA A100-SXM4-40GB MIG 4g.20gb (0),1,,7,[CUDA memcpy Device-to-Host]
7864953311,16256,191212,1434,1,1,128,1,1,16,0.000,0.000,,,,,NVIDIA A100-SXM4-40GB MIG 4g.20gb (0),1,,13,cupy_copy__complex64_complex64
7865231580,4000,191219,103,1,1,128,1,1,16,0.000,0.000,,,,,NVIDIA A100-SXM4-40GB MIG 4g.20gb (0),1,,13,cupy_copy__complex64_complex64
7865428154,6336,191226,35,1,1,128,1,1,16,0.000,0.000,,,,,NVIDIA A100-SXM4-40GB MIG 4g.20gb (0),1,,13,cupy_copy__complex64_complex64
7865621080,3392,191233,1,1,1,1,1,1,18,0.000,0.000,,,,,NVIDIA A100-SXM4-40GB MIG 4g.20gb (0),1,,13,cupy_copy__float32_float32
7865798294,222653,191244,1,1,1,32,32,1,30,0.000,0.000,,,,,NVIDIA A100-SXM4-40GB MIG 4g.20gb (0),1,,13,"void convert_kernel<__half2, float2>(tensor_layout_any, T1 *, tensor_layout_any, const T2 *)"
7866050291,12576,191247,,,,,,,,,,0.094,7450.331,Pinned,Device,NVIDIA A100-SXM4-40GB MIG 4g.20gb (0),1,,13,[CUDA memcpy Host-to-Device]
7866243217,5088,191248,,,,,,,,,,1.547,303973.481,Device,,NVIDIA A100-SXM4-40GB MIG 4g.20gb (0),1,,13,[CUDA memset]
7866255857,4767,191253,,,,,,,,,,0.031,6565.118,Pinned,Device,NVIDIA A100-SXM4-40GB MIG 4g.20gb (0),1,,13,[CUDA memcpy Host-to-Device]
7866263248,9792,191254,,,,,,,,,,0.197,20078.395,Pinned,Device,NVIDIA A100-SXM4-40GB MIG 4g.20gb (0),1,,13,[CUDA memcpy Host-to-Device]
7866614412,14112,191255,273,1,1,8,4,1,39,0.002,0.000,,,,,NVIDIA A100-SXM4-40GB MIG 4g.20gb (0),1,,13,"void channel_eq::eqMmseCoefCompLowMimoKernel<float, float, float, (unsigned int)4, (unsigned int)1, (unsigned int)4>(const channel_eq::_puschRxChEqStatDescr *, channel_eq::_puschRxChEqCoefCompDynDescr)"
7867403300,12287,191256,273,1,1,12,11,1,51,0.002,0.000,,,,,NVIDIA A100-SXM4-40GB MIG 4g.20gb (0),1,,13,"void channel_eq::eqMmseSoftDemapKernel<float, __half, __half, float, (unsigned int)4, (unsigned short)16383>(channel_eq::_puschRxChEqStatDescr *, channel_eq::_puschRxChEqSoftDemapDynDescr)"
7868189659,539642,191257,1,1,1,32,32,1,30,0.000,0.000,,,,,NVIDIA A100-SXM4-40GB MIG 4g.20gb (0),1,,13,"void convert_kernel<float2, __half2>(tensor_layout_any, T1 *, tensor_layout_any, const T2 *)"
7869190095,15232,191269,2253,1,1,128,1,1,16,0.000,0.000,,,,,NVIDIA A100-SXM4-40GB MIG 4g.20gb (0),1,,13,cupy_copy__float16_float16
7869975238,6304,191278,282,1,1,128,1,1,16,0.000,0.000,,,,,NVIDIA A100-SXM4-40GB MIG 4g.20gb (0),1,,13,cupy_copy__complex64_complex64
7870748414,4384,191287,26,1,1,128,1,1,16,0.000,0.000,,,,,NVIDIA A100-SXM4-40GB MIG 4g.20gb (0),1,,13,cupy_copy__float32_float32
7871524501,8448,191296,103,1,1,128,1,1,16,0.000,0.000,,,,,NVIDIA A100-SXM4-40GB MIG 4g.20gb (0),1,,13,cupy_copy__complex64_complex64
7872235981,22560,191306,1434,1,1,128,1,1,16,0.000,0.000,,,,,NVIDIA A100-SXM4-40GB MIG 4g.20gb (0),1,,13,cupy_copy__complex64_complex64
7872942405,222749,191311,1,1,1,32,32,1,30,0.000,0.000,,,,,NVIDIA A100-SXM4-40GB MIG 4g.20gb (0),1,,13,"void convert_kernel<__half2, float2>(tensor_layout_any, T1 *, tensor_layout_any, const T2 *)"
7873195874,5728,191314,,,,,,,,,,0.094,16357.541,Pinned,Device,NVIDIA A100-SXM4-40GB MIG 4g.20gb (0),1,,13,[CUDA memcpy Host-to-Device]
7873860090,610586,191315,,,,,,,,,,456.561,747391.077,Device,,NVIDIA A100-SXM4-40GB MIG 4g.20gb (0),1,,13,[CUDA memset]
7874476403,58144,191320,,,,,,,,,,1.235,21238.567,Pinned,Device,NVIDIA A100-SXM4-40GB MIG 4g.20gb (0),1,,13,[CUDA memcpy Host-to-Device]
7874537267,12000,191321,,,,,,,,,,0.197,16383.934,Pinned,Device,NVIDIA A100-SXM4-40GB MIG 4g.20gb (0),1,,13,[CUDA memcpy Host-to-Device]
7875242283,10848,191322,69,4,1,48,1,1,76,0.002,0.000,,,,,NVIDIA A100-SXM4-40GB MIG 4g.20gb (0),1,,13,"void ch_est::windowedChEstPreNoDftSOfdmKernel<float, __half, float, (unsigned int)2, (unsigned int)1, (unsigned short)4>(ch_est::puschRxChEstStatDescr_t *, ch_est::puschRxChEstDynDescr_t *)"
7875498568,10272,191323,137,2,1,24,2,1,44,0.001,0.001,,,,,NVIDIA A100-SXM4-40GB MIG 4g.20gb (0),1,,13,"void ch_est::chEstFilterNoDftSOfdmDispatchKernel<float, __half, float, (unsigned int)2>(ch_est::puschRxChEstStatDescr_t *, ch_est::puschRxChEstDynDescr_t *)"
7875750597,9856,191324,137,2,1,24,2,1,44,0.001,0.001,,,,,NVIDIA A100-SXM4-40GB MIG 4g.20gb (0),1,,13,"void ch_est::chEstFilterNoDftSOfdmDispatchKernel<float, __half, float, (unsigned int)2>(ch_est::puschRxChEstStatDescr_t *, ch_est::puschRxChEstDynDescr_t *)"
7876002690,4224,191335,103,1,1,128,1,1,16,0.000,0.000,,,,,NVIDIA A100-SXM4-40GB MIG 4g.20gb (0),1,,13,cupy_copy__complex64_complex64
7876197536,19744,191345,1434,1,1,128,1,1,16,0.000,0.000,,,,,NVIDIA A100-SXM4-40GB MIG 4g.20gb (0),1,,13,cupy_copy__complex64_complex64
7876394526,6176,191352,103,1,1,128,1,1,16,0.000,0.000,,,,,NVIDIA A100-SXM4-40GB MIG 4g.20gb (0),1,,13,cupy_copy__complex64_complex64
7876636251,243357,191359,1,1,1,32,32,1,30,0.000,0.000,,,,,NVIDIA A100-SXM4-40GB MIG 4g.20gb (0),1,,13,"void convert_kernel<__half2, float2>(tensor_layout_any, T1 *, tensor_layout_any, const T2 *)"
7876911608,5536,191362,,,,,,,,,,0.094,16924.777,Pinned,Device,NVIDIA A100-SXM4-40GB MIG 4g.20gb (0),1,,13,[CUDA memcpy Host-to-Device]
7877547889,51391,191363,,,,,,,,,,35.810,696789.423,Device,,NVIDIA A100-SXM4-40GB MIG 4g.20gb (0),1,,13,[CUDA memset]
7877608400,2592,191365,,,,,,,,,,0.000,30.864,Pinned,Device,NVIDIA A100-SXM4-40GB MIG 4g.20gb (0),1,,13,[CUDA memcpy Host-to-Device]
7877617840,13984,191366,,,,,,,,,,0.197,14059.438,Pinned,Device,NVIDIA A100-SXM4-40GB MIG 4g.20gb (0),1,,13,[CUDA memcpy Host-to-Device]
7878290664,14816,191367,273,1,1,48,1,1,40,0.000,0.001,,,,,NVIDIA A100-SXM4-40GB MIG 4g.20gb (0),1,,13,"void pusch_noise_intf_est::noiseIntfEstNoDftSOfdmKernel<float, __half, float, float, (unsigned int)2, (unsigned int)1, (unsigned char)4, (unsigned char)4>(pusch_noise_intf_est::puschRxNoiseIntfEstDynDescr)"
7879023520,4320,191378,35,1,1,128,1,1,16,0.000,0.000,,,,,NVIDIA A100-SXM4-40GB MIG 4g.20gb (0),1,,13,cupy_copy__complex64_complex64
7879701336,2880,191387,1,1,1,1,1,1,18,0.000,0.000,,,,,NVIDIA A100-SXM4-40GB MIG 4g.20gb (0),1,,13,cupy_copy__float32_float32
7879708984,1600,191393,,,,,,,,,,0.000,2.500,Device,Pageable,NVIDIA A100-SXM4-40GB MIG 4g.20gb (0),1,,7,[CUDA memcpy Device-to-Host]
7880498159,17824,191404,1434,1,1,128,1,1,16,0.000,0.000,,,,,NVIDIA A100-SXM4-40GB MIG 4g.20gb (0),1,,13,cupy_copy__complex64_complex64
7881244647,4000,191411,103,1,1,128,1,1,16,0.000,0.000,,,,,NVIDIA A100-SXM4-40GB MIG 4g.20gb (0),1,,13,cupy_copy__complex64_complex64
7881925023,5120,191418,35,1,1,128,1,1,16,0.000,0.000,,,,,NVIDIA A100-SXM4-40GB MIG 4g.20gb (0),1,,13,cupy_copy__complex64_complex64
7882594104,5344,191425,1,1,1,1,1,1,18,0.000,0.000,,,,,NVIDIA A100-SXM4-40GB MIG 4g.20gb (0),1,,13,cupy_copy__float32_float32
7883241872,239358,191436,1,1,1,32,32,1,30,0.000,0.000,,,,,NVIDIA A100-SXM4-40GB MIG 4g.20gb (0),1,,13,"void convert_kernel<__half2, float2>(tensor_layout_any, T1 *, tensor_layout_any, const T2 *)"
7883517453,8512,191439,,,,,,,,,,0.094,11007.500,Pinned,Device,NVIDIA A100-SXM4-40GB MIG 4g.20gb (0),1,,13,[CUDA memcpy Host-to-Device]
7884194117,5280,191440,,,,,,,,,,1.547,292919.759,Device,,NVIDIA A100-SXM4-40GB MIG 4g.20gb (0),1,,13,[CUDA memset]
7884205093,3296,191445,,,,,,,,,,0.031,9495.144,Pinned,Device,NVIDIA A100-SXM4-40GB MIG 4g.20gb (0),1,,13,[CUDA memcpy Host-to-Device]
7884214213,10592,191446,,,,,,,,,,0.197,18561.761,Pinned,Device,NVIDIA A100-SXM4-40GB MIG 4g.20gb (0),1,,13,[CUDA memcpy Host-to-Device]
7884587777,10496,191447,273,1,1,8,4,1,39,0.002,0.000,,,,,NVIDIA A100-SXM4-40GB MIG 4g.20gb (0),1,,13,"void channel_eq::eqMmseCoefCompLowMimoKernel<float, float, float, (unsigned int)4, (unsigned int)1, (unsigned int)4>(const channel_eq::_puschRxChEqStatDescr *, channel_eq::_puschRxChEqCoefCompDynDescr)"
7884972125,12768,191448,273,1,1,12,11,1,51,0.002,0.000,,,,,NVIDIA A100-SXM4-40GB MIG 4g.20gb (0),1,,13,"void channel_eq::eqMmseSoftDemapKernel<float, __half, __half, float, (unsigned int)4, (unsigned short)16383>(channel_eq::_puschRxChEqStatDescr *, channel_eq::_puschRxChEqSoftDemapDynDescr)"
7885235162,498650,191449,1,1,1,32,32,1,30,0.000,0.000,,,,,NVIDIA A100-SXM4-40GB MIG 4g.20gb (0),1,,13,"void convert_kernel<float2, __half2>(tensor_layout_any, T1 *, tensor_layout_any, const T2 *)"
7885995825,13600,191461,2253,1,1,128,1,1,16,0.000,0.000,,,,,NVIDIA A100-SXM4-40GB MIG 4g.20gb (0),1,,13,cupy_copy__float16_float16
7886679657,4736,191470,282,1,1,128,1,1,16,0.000,0.000,,,,,NVIDIA A100-SXM4-40GB MIG 4g.20gb (0),1,,13,cupy_copy__complex64_complex64
7887343010,6080,191479,26,1,1,128,1,1,16,0.000,0.000,,,,,NVIDIA A100-SXM4-40GB MIG 4g.20gb (0),1,,13,cupy_copy__float32_float32
7887710014,4960,191488,103,1,1,128,1,1,16,0.000,0.000,,,,,NVIDIA A100-SXM4-40GB MIG 4g.20gb (0),1,,13,cupy_copy__complex64_complex64
7888378262,24512,191498,1434,1,1,128,1,1,16,0.000,0.000,,,,,NVIDIA A100-SXM4-40GB MIG 4g.20gb (0),1,,13,cupy_copy__complex64_complex64
7889073678,248381,191503,1,1,1,32,32,1,30,0.000,0.000,,,,,NVIDIA A100-SXM4-40GB MIG 4g.20gb (0),1,,13,"void convert_kernel<__half2, float2>(tensor_layout_any, T1 *, tensor_layout_any, const T2 *)"
7889350699,6112,191506,,,,,,,,,,0.094,15329.790,Pinned,Device,NVIDIA A100-SXM4-40GB MIG 4g.20gb (0),1,,13,[CUDA memcpy Host-to-Device]
7890068611,607449,191507,,,,,,,,,,456.561,751500.130,Device,,NVIDIA A100-SXM4-40GB MIG 4g.20gb (0),1,,13,[CUDA memset]
7890680700,59711,191512,,,,,,,,,,1.235,20681.607,Pinned,Device,NVIDIA A100-SXM4-40GB MIG 4g.20gb (0),1,,13,[CUDA memcpy Host-to-Device]
7890743259,11584,191513,,,,,,,,,,0.197,16972.186,Pinned,Device,NVIDIA A100-SXM4-40GB MIG 4g.20gb (0),1,,13,[CUDA memcpy Host-to-Device]
7891435092,12575,191514,69,4,1,48,1,1,76,0.002,0.000,,,,,NVIDIA A100-SXM4-40GB MIG 4g.20gb (0),1,,13,"void ch_est::windowedChEstPreNoDftSOfdmKernel<float, __half, float, (unsigned int)2, (unsigned int)1, (unsigned short)4>(ch_est::puschRxChEstStatDescr_t *, ch_est::puschRxChEstDynDescr_t *)"
7892196267,10752,191515,137,2,1,24,2,1,44,0.001,0.001,,,,,NVIDIA A100-SXM4-40GB MIG 4g.20gb (0),1,,13,"void ch_est::chEstFilterNoDftSOfdmDispatchKernel<float, __half, float, (unsigned int)2>(ch_est::puschRxChEstStatDescr_t *, ch_est::puschRxChEstDynDescr_t *)"
7892959458,11136,191516,137,2,1,24,2,1,44,0.001,0.001,,,,,NVIDIA A100-SXM4-40GB MIG 4g.20gb (0),1,,13,"void ch_est::chEstFilterNoDftSOfdmDispatchKernel<float, __half, float, (unsigned int)2>(ch_est::puschRxChEstStatDescr_t *, ch_est::puschRxChEstDynDescr_t *)"
7893721594,4736,191527,103,1,1,128,1,1,16,0.000,0.000,,,,,NVIDIA A100-SXM4-40GB MIG 4g.20gb (0),1,,13,cupy_copy__complex64_complex64
7894396338,17920,191537,1434,1,1,128,1,1,16,0.000,0.000,,,,,NVIDIA A100-SXM4-40GB MIG 4g.20gb (0),1,,13,cupy_copy__complex64_complex64
7894768398,5056,191544,103,1,1,128,1,1,16,0.000,0.000,,,,,NVIDIA A100-SXM4-40GB MIG 4g.20gb (0),1,,13,cupy_copy__complex64_complex64
7895064746,224702,191551,1,1,1,32,32,1,30,0.000,0.000,,,,,NVIDIA A100-SXM4-40GB MIG 4g.20gb (0),1,,13,"void convert_kernel<__half2, float2>(tensor_layout_any, T1 *, tensor_layout_any, const T2 *)"
7895320232,8543,191554,,,,,,,,,,0.094,10967.492,Pinned,Device,NVIDIA A100-SXM4-40GB MIG 4g.20gb (0),1,,13,[CUDA memcpy Host-to-Device]
7895515461,61568,191555,,,,,,,,,,35.810,581624.721,Device,,NVIDIA A100-SXM4-40GB MIG 4g.20gb (0),1,,13,[CUDA memset]
7895581829,1856,191557,,,,,,,,,,0.000,43.103,Pinned,Device,NVIDIA A100-SXM4-40GB MIG 4g.20gb (0),1,,13,[CUDA memcpy Host-to-Device]
7895587397,10175,191558,,,,,,,,,,0.197,19322.634,Pinned,Device,NVIDIA A100-SXM4-40GB MIG 4g.20gb (0),1,,13,[CUDA memcpy Host-to-Device]
7895852002,32319,191559,273,1,1,48,1,1,40,0.000,0.001,,,,,NVIDIA A100-SXM4-40GB MIG 4g.20gb (0),1,,13,"void pusch_noise_intf_est::noiseIntfEstNoDftSOfdmKernel<float, __half, float, float, (unsigned int)2, (unsigned int)1, (unsigned char)4, (unsigned char)4>(pusch_noise_intf_est::puschRxNoiseIntfEstDynDescr)"
7896097855,5696,191570,35,1,1,128,1,1,16,0.000,0.000,,,,,NVIDIA A100-SXM4-40GB MIG 4g.20gb (0),1,,13,cupy_copy__complex64_complex64
7896782551,5312,191579,1,1,1,1,1,1,18,0.000,0.000,,,,,NVIDIA A100-SXM4-40GB MIG 4g.20gb (0),1,,13,cupy_copy__float32_float32
7896794231,2272,191585,,,,,,,,,,0.000,1.761,Device,Pageable,NVIDIA A100-SXM4-40GB MIG 4g.20gb (0),1,,7,[CUDA memcpy Device-to-Host]
7897454895,22528,191596,1434,1,1,128,1,1,16,0.000,0.000,,,,,NVIDIA A100-SXM4-40GB MIG 4g.20gb (0),1,,13,cupy_copy__complex64_complex64
7897791820,4064,191603,103,1,1,128,1,1,16,0.000,0.000,,,,,NVIDIA A100-SXM4-40GB MIG 4g.20gb (0),1,,13,cupy_copy__complex64_complex64
7898502723,5632,191610,35,1,1,128,1,1,16,0.000,0.000,,,,,NVIDIA A100-SXM4-40GB MIG 4g.20gb (0),1,,13,cupy_copy__complex64_complex64
7899204764,3648,191617,1,1,1,1,1,1,18,0.000,0.000,,,,,NVIDIA A100-SXM4-40GB MIG 4g.20gb (0),1,,13,cupy_copy__float32_float32
7899879924,231709,191628,1,1,1,32,32,1,30,0.000,0.000,,,,,NVIDIA A100-SXM4-40GB MIG 4g.20gb (0),1,,13,"void convert_kernel<__half2, float2>(tensor_layout_any, T1 *, tensor_layout_any, const T2 *)"
7900146033,9888,191631,,,,,,,,,,0.094,9475.664,Pinned,Device,NVIDIA A100-SXM4-40GB MIG 4g.20gb (0),1,,13,[CUDA memcpy Host-to-Device]
7900851689,4896,191632,,,,,,,,,,1.547,315894.859,Device,,NVIDIA A100-SXM4-40GB MIG 4g.20gb (0),1,,13,[CUDA memset]
7900860105,3520,191637,,,,,,,,,,0.031,8890.881,Pinned,Device,NVIDIA A100-SXM4-40GB MIG 4g.20gb (0),1,,13,[CUDA memcpy Host-to-Device]
7900870217,12832,191638,,,,,,,,,,0.197,15321.661,Pinned,Device,NVIDIA A100-SXM4-40GB MIG 4g.20gb (0),1,,13,[CUDA memcpy Host-to-Device]
7901622528,10688,191639,273,1,1,8,4,1,39,0.002,0.000,,,,,NVIDIA A100-SXM4-40GB MIG 4g.20gb (0),1,,13,"void channel_eq::eqMmseCoefCompLowMimoKernel<float, float, float, (unsigned int)4, (unsigned int)1, (unsigned int)4>(const channel_eq::_puschRxChEqStatDescr *, channel_eq::_puschRxChEqCoefCompDynDescr)"
7902388824,16575,191640,273,1,1,12,11,1,51,0.002,0.000,,,,,NVIDIA A100-SXM4-40GB MIG 4g.20gb (0),1,,13,"void channel_eq::eqMmseSoftDemapKernel<float, __half, __half, float, (unsigned int)4, (unsigned short)16383>(channel_eq::_puschRxChEqStatDescr *, channel_eq::_puschRxChEqSoftDemapDynDescr)"
7903160751,670232,191641,1,1,1,32,32,1,30,0.000,0.000,,,,,NVIDIA A100-SXM4-40GB MIG 4g.20gb (0),1,,13,"void convert_kernel<float2, __half2>(tensor_layout_any, T1 *, tensor_layout_any, const T2 *)"
7904087556,21152,191653,2253,1,1,128,1,1,16,0.000,0.000,,,,,NVIDIA A100-SXM4-40GB MIG 4g.20gb (0),1,,13,cupy_copy__float16_float16
7904393921,5216,191662,282,1,1,128,1,1,16,0.000,0.000,,,,,NVIDIA A100-SXM4-40GB MIG 4g.20gb (0),1,,13,cupy_copy__complex64_complex64
7904669502,3520,191671,26,1,1,128,1,1,16,0.000,0.000,,,,,NVIDIA A100-SXM4-40GB MIG 4g.20gb (0),1,,13,cupy_copy__float32_float32
7904796924,6368,191680,103,1,1,128,1,1,16,0.000,0.000,,,,,NVIDIA A100-SXM4-40GB MIG 4g.20gb (0),1,,13,cupy_copy__complex64_complex64
7904896827,16160,191690,1434,1,1,128,1,1,16,0.000,0.000,,,,,NVIDIA A100-SXM4-40GB MIG 4g.20gb (0),1,,13,cupy_copy__complex64_complex64
7905008794,93535,191695,1,1,1,32,32,1,30,0.000,0.000,,,,,NVIDIA A100-SXM4-40GB MIG 4g.20gb (0),1,,13,"void convert_kernel<__half2, float2>(tensor_layout_any, T1 *, tensor_layout_any, const T2 *)"
7905131800,5376,191698,,,,,,,,,,0.094,17428.487,Pinned,Device,NVIDIA A100-SXM4-40GB MIG 4g.20gb (0),1,,13,[CUDA memcpy Host-to-Device]
7905277943,618745,191699,,,,,,,,,,456.561,737803.287,Device,,NVIDIA A100-SXM4-40GB MIG 4g.20gb (0),1,,13,[CUDA memset]
7905902608,53151,191704,,,,,,,,,,1.235,23234.236,Pinned,Device,NVIDIA A100-SXM4-40GB MIG 4g.20gb (0),1,,13,[CUDA memcpy Host-to-Device]
7905958223,12960,191705,,,,,,,,,,0.197,15170.273,Pinned,Device,NVIDIA A100-SXM4-40GB MIG 4g.20gb (0),1,,13,[CUDA memcpy Host-to-Device]
7906148461,13408,191706,69,4,1,48,1,1,76,0.002,0.000,,,,,NVIDIA A100-SXM4-40GB MIG 4g.20gb (0),1,,13,"void ch_est::windowedChEstPreNoDftSOfdmKernel<float, __half, float, (unsigned int)2, (unsigned int)1, (unsigned short)4>(ch_est::puschRxChEstStatDescr_t *, ch_est::puschRxChEstDynDescr_t *)"
7906310859,19616,191707,137,2,1,24,2,1,44,0.001,0.001,,,,,NVIDIA A100-SXM4-40GB MIG 4g.20gb (0),1,,13,"void ch_est::chEstFilterNoDftSOfdmDispatchKernel<float, __half, float, (unsigned int)2>(ch_est::puschRxChEstStatDescr_t *, ch_est::puschRxChEstDynDescr_t *)"
7906570920,10112,191708,137,2,1,24,2,1,44,0.001,0.001,,,,,NVIDIA A100-SXM4-40GB MIG 4g.20gb (0),1,,13,"void ch_est::chEstFilterNoDftSOfdmDispatchKernel<float, __half, float, (unsigned int)2>(ch_est::puschRxChEstStatDescr_t *, ch_est::puschRxChEstDynDescr_t *)"
7906953380,4000,191719,103,1,1,128,1,1,16,0.000,0.000,,,,,NVIDIA A100-SXM4-40GB MIG 4g.20gb (0),1,,13,cupy_copy__complex64_complex64
7907271712,16000,191729,1434,1,1,128,1,1,16,0.000,0.000,,,,,NVIDIA A100-SXM4-40GB MIG 4g.20gb (0),1,,13,cupy_copy__complex64_complex64
7907719931,5728,191736,103,1,1,128,1,1,16,0.000,0.000,,,,,NVIDIA A100-SXM4-40GB MIG 4g.20gb (0),1,,13,cupy_copy__complex64_complex64
7908155766,242109,191743,1,1,1,32,32,1,30,0.000,0.000,,,,,NVIDIA A100-SXM4-40GB MIG 4g.20gb (0),1,,13,"void convert_kernel<__half2, float2>(tensor_layout_any, T1 *, tensor_layout_any, const T2 *)"
7908608305,11328,191746,,,,,,,,,,0.094,8271.108,Pinned,Device,NVIDIA A100-SXM4-40GB MIG 4g.20gb (0),1,,13,[CUDA memcpy Host-to-Device]
7908962797,65215,191747,,,,,,,,,,35.810,549073.503,Device,,NVIDIA A100-SXM4-40GB MIG 4g.20gb (0),1,,13,[CUDA memset]
7909036012,2048,191749,,,,,,,,,,0.000,39.062,Pinned,Device,NVIDIA A100-SXM4-40GB MIG 4g.20gb (0),1,,13,[CUDA memcpy Host-to-Device]
7909041228,9472,191750,,,,,,,,,,0.197,20756.693,Pinned,Device,NVIDIA A100-SXM4-40GB MIG 4g.20gb (0),1,,13,[CUDA memcpy Host-to-Device]
7909522535,55071,191751,273,1,1,48,1,1,40,0.000,0.001,,,,,NVIDIA A100-SXM4-40GB MIG 4g.20gb (0),1,,13,"void pusch_noise_intf_est::noiseIntfEstNoDftSOfdmKernel<float, __half, float, float, (unsigned int)2, (unsigned int)1, (unsigned char)4, (unsigned char)4>(pusch_noise_intf_est::puschRxNoiseIntfEstDynDescr)"
7910098336,7808,191762,35,1,1,128,1,1,16,0.000,0.000,,,,,NVIDIA A100-SXM4-40GB MIG 4g.20gb (0),1,,13,cupy_copy__complex64_complex64
7910783256,4448,191771,1,1,1,1,1,1,18,0.000,0.000,,,,,NVIDIA A100-SXM4-40GB MIG 4g.20gb (0),1,,13,cupy_copy__float32_float32
7910793624,1984,191777,,,,,,,,,,0.000,2.016,Device,Pageable,NVIDIA A100-SXM4-40GB MIG 4g.20gb (0),1,,7,[CUDA memcpy Device-to-Host]
7911511440,20544,191788,1434,1,1,128,1,1,16,0.000,0.000,,,,,NVIDIA A100-SXM4-40GB MIG 4g.20gb (0),1,,13,cupy_copy__complex64_complex64
7912262376,6976,191795,103,1,1,128,1,1,16,0.000,0.000,,,,,NVIDIA A100-SXM4-40GB MIG 4g.20gb (0),1,,13,cupy_copy__complex64_complex64
7912709891,4096,191802,35,1,1,128,1,1,16,0.000,0.000,,,,,NVIDIA A100-SXM4-40GB MIG 4g.20gb (0),1,,13,cupy_copy__complex64_complex64
7913198589,3008,191809,1,1,1,1,1,1,18,0.000,0.000,,,,,NVIDIA A100-SXM4-40GB MIG 4g.20gb (0),1,,13,cupy_copy__float32_float32
7913679000,229757,191820,1,1,1,32,32,1,30,0.000,0.000,,,,,NVIDIA A100-SXM4-40GB MIG 4g.20gb (0),1,,13,"void convert_kernel<__half2, float2>(tensor_layout_any, T1 *, tensor_layout_any, const T2 *)"
7913941749,6144,191823,,,,,,,,,,0.094,15249.961,Pinned,Device,NVIDIA A100-SXM4-40GB MIG 4g.20gb (0),1,,13,[CUDA memcpy Host-to-Device]
7914282449,16576,191824,,,,,,,,,,1.547,93304.733,Device,,NVIDIA A100-SXM4-40GB MIG 4g.20gb (0),1,,13,[CUDA memset]
7914301041,3264,191829,,,,,,,,,,0.031,9588.218,Pinned,Device,NVIDIA A100-SXM4-40GB MIG 4g.20gb (0),1,,13,[CUDA memcpy Host-to-Device]
7914306865,10367,191830,,,,,,,,,,0.197,18964.611,Pinned,Device,NVIDIA A100-SXM4-40GB MIG 4g.20gb (0),1,,13,[CUDA memcpy Host-to-Device]
7914692012,19904,191831,273,1,1,8,4,1,39,0.002,0.000,,,,,NVIDIA A100-SXM4-40GB MIG 4g.20gb (0),1,,13,"void channel_eq::eqMmseCoefCompLowMimoKernel<float, float, float, (unsigned int)4, (unsigned int)1, (unsigned int)4>(const channel_eq::_puschRxChEqStatDescr *, channel_eq::_puschRxChEqCoefCompDynDescr)"
7915044392,11072,191832,273,1,1,12,11,1,51,0.002,0.000,,,,,NVIDIA A100-SXM4-40GB MIG 4g.20gb (0),1,,13,"void channel_eq::eqMmseSoftDemapKernel<float, __half, __half, float, (unsigned int)4, (unsigned short)16383>(channel_eq::_puschRxChEqStatDescr *, channel_eq::_puschRxChEqSoftDemapDynDescr)"
7915454756,434171,191833,1,1,1,32,32,1,30,0.000,0.000,,,,,NVIDIA A100-SXM4-40GB MIG 4g.20gb (0),1,,13,"void convert_kernel<float2, __half2>(tensor_layout_any, T1 *, tensor_layout_any, const T2 *)"
7916357369,13152,191845,2253,1,1,128,1,1,16,0.000,0.000,,,,,NVIDIA A100-SXM4-40GB MIG 4g.20gb (0),1,,13,cupy_copy__float16_float16
7917132241,4960,191854,282,1,1,128,1,1,16,0.000,0.000,,,,,NVIDIA A100-SXM4-40GB MIG 4g.20gb (0),1,,13,cupy_copy__complex64_complex64
7917835561,4192,191863,26,1,1,128,1,1,16,0.000,0.000,,,,,NVIDIA A100-SXM4-40GB MIG 4g.20gb (0),1,,13,cupy_copy__float32_float32
7918521153,14976,191872,103,1,1,128,1,1,16,0.000,0.000,,,,,NVIDIA A100-SXM4-40GB MIG 4g.20gb (0),1,,13,cupy_copy__complex64_complex64
7919044891,28608,191882,1434,1,1,128,1,1,16,0.000,0.000,,,,,NVIDIA A100-SXM4-40GB MIG 4g.20gb (0),1,,13,cupy_copy__complex64_complex64
7919489782,287133,191887,1,1,1,32,32,1,30,0.000,0.000,,,,,NVIDIA A100-SXM4-40GB MIG 4g.20gb (0),1,,13,"void convert_kernel<__half2, float2>(tensor_layout_any, T1 *, tensor_layout_any, const T2 *)"
7919811442,12512,191890,,,,,,,,,,0.094,7488.465,Pinned,Device,NVIDIA A100-SXM4-40GB MIG 4g.20gb (0),1,,13,[CUDA memcpy Host-to-Device]
7920309005,626585,191891,,,,,,,,,,456.561,728215.497,Device,,NVIDIA A100-SXM4-40GB MIG 4g.20gb (0),1,,13,[CUDA memset]
7920940901,57440,191896,,,,,,,,,,1.235,21499.140,Pinned,Device,NVIDIA A100-SXM4-40GB MIG 4g.20gb (0),1,,13,[CUDA memcpy Host-to-Device]
7921001061,13248,191897,,,,,,,,,,0.197,14840.562,Pinned,Device,NVIDIA A100-SXM4-40GB MIG 4g.20gb (0),1,,13,[CUDA memcpy Host-to-Device]
7921781116,27648,191898,69,4,1,48,1,1,76,0.002,0.000,,,,,NVIDIA A100-SXM4-40GB MIG 4g.20gb (0),1,,13,"void ch_est::windowedChEstPreNoDftSOfdmKernel<float, __half, float, (unsigned int)2, (unsigned int)1, (unsigned short)4>(ch_est::puschRxChEstStatDescr_t *, ch_est::puschRxChEstDynDescr_t *)"
7922569331,8672,191899,137,2,1,24,2,1,44,0.001,0.001,,,,,NVIDIA A100-SXM4-40GB MIG 4g.20gb (0),1,,13,"void ch_est::chEstFilterNoDftSOfdmDispatchKernel<float, __half, float, (unsigned int)2>(ch_est::puschRxChEstStatDescr_t *, ch_est::puschRxChEstDynDescr_t *)"
7923421609,9888,191900,137,2,1,24,2,1,44,0.001,0.001,,,,,NVIDIA A100-SXM4-40GB MIG 4g.20gb (0),1,,13,"void ch_est::chEstFilterNoDftSOfdmDispatchKernel<float, __half, float, (unsigned int)2>(ch_est::puschRxChEstStatDescr_t *, ch_est::puschRxChEstDynDescr_t *)"
7924269536,4256,191911,103,1,1,128,1,1,16,0.000,0.000,,,,,NVIDIA A100-SXM4-40GB MIG 4g.20gb (0),1,,13,cupy_copy__complex64_complex64
7925062839,16960,191921,1434,1,1,128,1,1,16,0.000,0.000,,,,,NVIDIA A100-SXM4-40GB MIG 4g.20gb (0),1,,13,cupy_copy__complex64_complex64
7925591249,5600,191928,103,1,1,128,1,1,16,0.000,0.000,,,,,NVIDIA A100-SXM4-40GB MIG 4g.20gb (0),1,,13,cupy_copy__complex64_complex64
7926044684,244861,191935,1,1,1,32,32,1,30,0.000,0.000,,,,,NVIDIA A100-SXM4-40GB MIG 4g.20gb (0),1,,13,"void convert_kernel<__half2, float2>(tensor_layout_any, T1 *, tensor_layout_any, const T2 *)"
7926325833,11935,191938,,,,,,,,,,0.094,7850.507,Pinned,Device,NVIDIA A100-SXM4-40GB MIG 4g.20gb (0),1,,13,[CUDA memcpy Host-to-Device]
7926764260,62911,191939,,,,,,,,,,35.810,569198.678,Device,,NVIDIA A100-SXM4-40GB MIG 4g.20gb (0),1,,13,[CUDA memset]
7926828483,1856,191941,,,,,,,,,,0.000,43.103,Pinned,Device,NVIDIA A100-SXM4-40GB MIG 4g.20gb (0),1,,13,[CUDA memcpy Host-to-Device]
7926839555,12832,191942,,,,,,,,,,0.197,15321.661,Pinned,Device,NVIDIA A100-SXM4-40GB MIG 4g.20gb (0),1,,13,[CUDA memcpy Host-to-Device]
7927345725,31776,191943,273,1,1,48,1,1,40,0.000,0.001,,,,,NVIDIA A100-SXM4-40GB MIG 4g.20gb (0),1,,13,"void pusch_noise_intf_est::noiseIntfEstNoDftSOfdmKernel<float, __half, float, float, (unsigned int)2, (unsigned int)1, (unsigned char)4, (unsigned char)4>(pusch_noise_intf_est::puschRxNoiseIntfEstDynDescr)"
7927725561,6144,191954,35,1,1,128,1,1,16,0.000,0.000,,,,,NVIDIA A100-SXM4-40GB MIG 4g.20gb (0),1,,13,cupy_copy__complex64_complex64
7928113172,3552,191963,1,1,1,1,1,1,18,0.000,0.000,,,,,NVIDIA A100-SXM4-40GB MIG 4g.20gb (0),1,,13,cupy_copy__float32_float32
7928117204,1696,191969,,,,,,,,,,0.000,2.358,Device,Pageable,NVIDIA A100-SXM4-40GB MIG 4g.20gb (0),1,,7,[CUDA memcpy Device-to-Host]
7928681326,19872,191980,1434,1,1,128,1,1,16,0.000,0.000,,,,,NVIDIA A100-SXM4-40GB MIG 4g.20gb (0),1,,13,cupy_copy__complex64_complex64
7929015434,9504,191987,103,1,1,128,1,1,16,0.000,0.000,,,,,NVIDIA A100-SXM4-40GB MIG 4g.20gb (0),1,,13,cupy_copy__complex64_complex64
7929458373,7648,191994,35,1,1,128,1,1,16,0.000,0.000,,,,,NVIDIA A100-SXM4-40GB MIG 4g.20gb (0),1,,13,cupy_copy__complex64_complex64
7930168157,3040,192001,1,1,1,1,1,1,18,0.000,0.000,,,,,NVIDIA A100-SXM4-40GB MIG 4g.20gb (0),1,,13,cupy_copy__float32_float32
7930943796,255005,192012,1,1,1,32,32,1,30,0.000,0.000,,,,,NVIDIA A100-SXM4-40GB MIG 4g.20gb (0),1,,13,"void convert_kernel<__half2, float2>(tensor_layout_any, T1 *, tensor_layout_any, const T2 *)"
7931238513,10656,192015,,,,,,,,,,0.094,8792.714,Pinned,Device,NVIDIA A100-SXM4-40GB MIG 4g.20gb (0),1,,13,[CUDA memcpy Host-to-Device]
7931951977,14656,192016,,,,,,,,,,1.547,105527.702,Device,,NVIDIA A100-SXM4-40GB MIG 4g.20gb (0),1,,13,[CUDA memset]
7931974025,5280,192021,,,,,,,,,,0.031,5927.243,Pinned,Device,NVIDIA A100-SXM4-40GB MIG 4g.20gb (0),1,,13,[CUDA memcpy Host-to-Device]
7931982153,10975,192022,,,,,,,,,,0.197,17914.135,Pinned,Device,NVIDIA A100-SXM4-40GB MIG 4g.20gb (0),1,,13,[CUDA memcpy Host-to-Device]
7932824191,22080,192023,273,1,1,8,4,1,39,0.002,0.000,,,,,NVIDIA A100-SXM4-40GB MIG 4g.20gb (0),1,,13,"void channel_eq::eqMmseCoefCompLowMimoKernel<float, float, float, (unsigned int)4, (unsigned int)1, (unsigned int)4>(const channel_eq::_puschRxChEqStatDescr *, channel_eq::_puschRxChEqCoefCompDynDescr)"
7933623382,12384,192024,273,1,1,12,11,1,51,0.002,0.000,,,,,NVIDIA A100-SXM4-40GB MIG 4g.20gb (0),1,,13,"void channel_eq::eqMmseSoftDemapKernel<float, __half, __half, float, (unsigned int)4, (unsigned short)16383>(channel_eq::_puschRxChEqStatDescr *, channel_eq::_puschRxChEqSoftDemapDynDescr)"
7934504684,545338,192025,1,1,1,32,32,1,30,0.000,0.000,,,,,NVIDIA A100-SXM4-40GB MIG 4g.20gb (0),1,,13,"void convert_kernel<float2, __half2>(tensor_layout_any, T1 *, tensor_layout_any, const T2 *)"
7935652031,17760,192037,2253,1,1,128,1,1,16,0.000,0.000,,,,,NVIDIA A100-SXM4-40GB MIG 4g.20gb (0),1,,13,cupy_copy__float16_float16
7936352151,18752,192046,282,1,1,128,1,1,16,0.000,0.000,,,,,NVIDIA A100-SXM4-40GB MIG 4g.20gb (0),1,,13,cupy_copy__complex64_complex64
7936964912,4128,192055,26,1,1,128,1,1,16,0.000,0.000,,,,,NVIDIA A100-SXM4-40GB MIG 4g.20gb (0),1,,13,cupy_copy__float32_float32
7937592425,5696,192064,103,1,1,128,1,1,16,0.000,0.000,,,,,NVIDIA A100-SXM4-40GB MIG 4g.20gb (0),1,,13,cupy_copy__complex64_complex64
7938057508,18176,192074,1434,1,1,128,1,1,16,0.000,0.000,,,,,NVIDIA A100-SXM4-40GB MIG 4g.20gb (0),1,,13,cupy_copy__complex64_complex64
7938501055,265789,192079,1,1,1,32,32,1,30,0.000,0.000,,,,,NVIDIA A100-SXM4-40GB MIG 4g.20gb (0),1,,13,"void convert_kernel<__half2, float2>(tensor_layout_any, T1 *, tensor_layout_any, const T2 *)"
7938797979,5440,192082,,,,,,,,,,0.094,17223.480,Pinned,Device,NVIDIA A100-SXM4-40GB MIG 4g.20gb (0),1,,13,[CUDA memcpy Host-to-Device]
7939514835,630585,192083,,,,,,,,,,456.561,723649.882,Device,,NVIDIA A100-SXM4-40GB MIG 4g.20gb (0),1,,13,[CUDA memset]
7940152588,53247,192088,,,,,,,,,,1.235,23192.248,Pinned,Device,NVIDIA A100-SXM4-40GB MIG 4g.20gb (0),1,,13,[CUDA memcpy Host-to-Device]
7940208587,9664,192089,,,,,,,,,,0.197,20344.209,Pinned,Device,NVIDIA A100-SXM4-40GB MIG 4g.20gb (0),1,,13,[CUDA memcpy Host-to-Device]
7940932547,27520,192090,69,4,1,48,1,1,76,0.002,0.000,,,,,NVIDIA A100-SXM4-40GB MIG 4g.20gb (0),1,,13,"void ch_est::windowedChEstPreNoDftSOfdmKernel<float, __half, float, (unsigned int)2, (unsigned int)1, (unsigned short)4>(ch_est::puschRxChEstStatDescr_t *, ch_est::puschRxChEstDynDescr_t *)"
7941254560,10879,192091,137,2,1,24,2,1,44,0.001,0.001,,,,,NVIDIA A100-SXM4-40GB MIG 4g.20gb (0),1,,13,"void ch_est::chEstFilterNoDftSOfdmDispatchKernel<float, __half, float, (unsigned int)2>(ch_est::puschRxChEstStatDescr_t *, ch_est::puschRxChEstDynDescr_t *)"
7941611900,10943,192092,137,2,1,24,2,1,44,0.001,0.001,,,,,NVIDIA A100-SXM4-40GB MIG 4g.20gb (0),1,,13,"void ch_est::chEstFilterNoDftSOfdmDispatchKernel<float, __half, float, (unsigned int)2>(ch_est::puschRxChEstStatDescr_t *, ch_est::puschRxChEstDynDescr_t *)"
7942048951,5599,192103,103,1,1,128,1,1,16,0.000,0.000,,,,,NVIDIA A100-SXM4-40GB MIG 4g.20gb (0),1,,13,cupy_copy__complex64_complex64
7942575793,18783,192113,1434,1,1,128,1,1,16,0.000,0.000,,,,,NVIDIA A100-SXM4-40GB MIG 4g.20gb (0),1,,13,cupy_copy__complex64_complex64
7942884557,4288,192120,103,1,1,128,1,1,16,0.000,0.000,,,,,NVIDIA A100-SXM4-40GB MIG 4g.20gb (0),1,,13,cupy_copy__complex64_complex64
7943277417,315612,192127,1,1,1,32,32,1,30,0.000,0.000,,,,,NVIDIA A100-SXM4-40GB MIG 4g.20gb (0),1,,13,"void convert_kernel<__half2, float2>(tensor_layout_any, T1 *, tensor_layout_any, const T2 *)"
7943623333,8128,192130,,,,,,,,,,0.094,11527.513,Pinned,Device,NVIDIA A100-SXM4-40GB MIG 4g.20gb (0),1,,13,[CUDA memcpy Host-to-Device]
7944296381,48640,192131,,,,,,,,,,35.810,736216.145,Device,,NVIDIA A100-SXM4-40GB MIG 4g.20gb (0),1,,13,[CUDA memset]
7944352828,1888,192133,,,,,,,,,,0.000,42.373,Pinned,Device,NVIDIA A100-SXM4-40GB MIG 4g.20gb (0),1,,13,[CUDA memcpy Host-to-Device]
7944360924,9536,192134,,,,,,,,,,0.197,20617.298,Pinned,Device,NVIDIA A100-SXM4-40GB MIG 4g.20gb (0),1,,13,[CUDA memcpy Host-to-Device]
7945165395,16512,192135,273,1,1,48,1,1,40,0.000,0.001,,,,,NVIDIA A100-SXM4-40GB MIG 4g.20gb (0),1,,13,"void pusch_noise_intf_est::noiseIntfEstNoDftSOfdmKernel<float, __half, float, float, (unsigned int)2, (unsigned int)1, (unsigned char)4, (unsigned char)4>(pusch_noise_intf_est::puschRxNoiseIntfEstDynDescr)"
7945991946,3968,192146,35,1,1,128,1,1,16,0.000,0.000,,,,,NVIDIA A100-SXM4-40GB MIG 4g.20gb (0),1,,13,cupy_copy__complex64_complex64
7946698530,6592,192155,1,1,1,1,1,1,18,0.000,0.000,,,,,NVIDIA A100-SXM4-40GB MIG 4g.20gb (0),1,,13,cupy_copy__float32_float32
7946708546,1600,192161,,,,,,,,,,0.000,2.500,Device,Pageable,NVIDIA A100-SXM4-40GB MIG 4g.20gb (0),1,,7,[CUDA memcpy Device-to-Host]
7947515577,24607,192172,1434,1,1,128,1,1,16,0.000,0.000,,,,,NVIDIA A100-SXM4-40GB MIG 4g.20gb (0),1,,13,cupy_copy__complex64_complex64
7948091570,6336,192179,103,1,1,128,1,1,16,0.000,0.000,,,,,NVIDIA A100-SXM4-40GB MIG 4g.20gb (0),1,,13,cupy_copy__complex64_complex64
7948832266,6592,192186,35,1,1,128,1,1,16,0.000,0.000,,,,,NVIDIA A100-SXM4-40GB MIG 4g.20gb (0),1,,13,cupy_copy__complex64_complex64
7949589921,3680,192193,1,1,1,1,1,1,18,0.000,0.000,,,,,NVIDIA A100-SXM4-40GB MIG 4g.20gb (0),1,,13,cupy_copy__float32_float32
7950019356,251773,192204,1,1,1,32,32,1,30,0.000,0.000,,,,,NVIDIA A100-SXM4-40GB MIG 4g.20gb (0),1,,13,"void convert_kernel<__half2, float2>(tensor_layout_any, T1 *, tensor_layout_any, const T2 *)"
7950301561,5792,192207,,,,,,,,,,0.094,16176.708,Pinned,Device,NVIDIA A100-SXM4-40GB MIG 4g.20gb (0),1,,13,[CUDA memcpy Host-to-Device]
7950904786,7232,192208,,,,,,,,,,1.547,213857.887,Device,,NVIDIA A100-SXM4-40GB MIG 4g.20gb (0),1,,13,[CUDA memset]
7950916178,3200,192213,,,,,,,,,,0.031,9780.000,Pinned,Device,NVIDIA A100-SXM4-40GB MIG 4g.20gb (0),1,,13,[CUDA memcpy Host-to-Device]
7950921874,9888,192214,,,,,,,,,,0.197,19883.360,Pinned,Device,NVIDIA A100-SXM4-40GB MIG 4g.20gb (0),1,,13,[CUDA memcpy Host-to-Device]
7951336525,11232,192215,273,1,1,8,4,1,39,0.002,0.000,,,,,NVIDIA A100-SXM4-40GB MIG 4g.20gb (0),1,,13,"void channel_eq::eqMmseCoefCompLowMimoKernel<float, float, float, (unsigned int)4, (unsigned int)1, (unsigned int)4>(const channel_eq::_puschRxChEqStatDescr *, channel_eq::_puschRxChEqCoefCompDynDescr)"
7951763625,13247,192216,273,1,1,12,11,1,51,0.002,0.000,,,,,NVIDIA A100-SXM4-40GB MIG 4g.20gb (0),1,,13,"void channel_eq::eqMmseSoftDemapKernel<float, __half, __half, float, (unsigned int)4, (unsigned short)16383>(channel_eq::_puschRxChEqStatDescr *, channel_eq::_puschRxChEqSoftDemapDynDescr)"
7952215235,707032,192217,1,1,1,32,32,1,30,0.000,0.000,,,,,NVIDIA A100-SXM4-40GB MIG 4g.20gb (0),1,,13,"void convert_kernel<float2, __half2>(tensor_layout_any, T1 *, tensor_layout_any, const T2 *)"
7953211832,15232,192229,2253,1,1,128,1,1,16,0.000,0.000,,,,,NVIDIA A100-SXM4-40GB MIG 4g.20gb (0),1,,13,cupy_copy__float16_float16
7953765042,16928,192238,282,1,1,128,1,1,16,0.000,0.000,,,,,NVIDIA A100-SXM4-40GB MIG 4g.20gb (0),1,,13,cupy_copy__complex64_complex64
7954621128,7328,192247,26,1,1,128,1,1,16,0.000,0.000,,,,,NVIDIA A100-SXM4-40GB MIG 4g.20gb (0),1,,13,cupy_copy__float32_float32
7955446175,10176,192256,103,1,1,128,1,1,16,0.000,0.000,,,,,NVIDIA A100-SXM4-40GB MIG 4g.20gb (0),1,,13,cupy_copy__complex64_complex64
7955967929,16608,192266,1434,1,1,128,1,1,16,0.000,0.000,,,,,NVIDIA A100-SXM4-40GB MIG 4g.20gb (0),1,,13,cupy_copy__complex64_complex64
7956913710,324541,192271,1,1,1,32,32,1,30,0.000,0.000,,,,,NVIDIA A100-SXM4-40GB MIG 4g.20gb (0),1,,13,"void convert_kernel<__half2, float2>(tensor_layout_any, T1 *, tensor_layout_any, const T2 *)"
7957268650,7968,192274,,,,,,,,,,0.094,11759.035,Pinned,Device,NVIDIA A100-SXM4-40GB MIG 4g.20gb (0),1,,13,[CUDA memcpy Host-to-Device]
7957844708,610681,192275,,,,,,,,,,456.561,747391.077,Device,,NVIDIA A100-SXM4-40GB MIG 4g.20gb (0),1,,13,[CUDA memset]
7958456989,60447,192280,,,,,,,,,,1.235,20429.679,Pinned,Device,NVIDIA A100-SXM4-40GB MIG 4g.20gb (0),1,,13,[CUDA memcpy Host-to-Device]
7958524860,12608,192281,,,,,,,,,,0.197,15593.767,Pinned,Device,NVIDIA A100-SXM4-40GB MIG 4g.20gb (0),1,,13,[CUDA memcpy Host-to-Device]
7959389010,12800,192282,69,4,1,48,1,1,76,0.002,0.000,,,,,NVIDIA A100-SXM4-40GB MIG 4g.20gb (0),1,,13,"void ch_est::windowedChEstPreNoDftSOfdmKernel<float, __half, float, (unsigned int)2, (unsigned int)1, (unsigned short)4>(ch_est::puschRxChEstStatDescr_t *, ch_est::puschRxChEstDynDescr_t *)"
7960323848,12416,192283,137,2,1,24,2,1,44,0.001,0.001,,,,,NVIDIA A100-SXM4-40GB MIG 4g.20gb (0),1,,13,"void ch_est::chEstFilterNoDftSOfdmDispatchKernel<float, __half, float, (unsigned int)2>(ch_est::puschRxChEstStatDescr_t *, ch_est::puschRxChEstDynDescr_t *)"
7961261469,11744,192284,137,2,1,24,2,1,44,0.001,0.001,,,,,NVIDIA A100-SXM4-40GB MIG 4g.20gb (0),1,,13,"void ch_est::chEstFilterNoDftSOfdmDispatchKernel<float, __half, float, (unsigned int)2>(ch_est::puschRxChEstStatDescr_t *, ch_est::puschRxChEstDynDescr_t *)"
7962095156,5504,192295,103,1,1,128,1,1,16,0.000,0.000,,,,,NVIDIA A100-SXM4-40GB MIG 4g.20gb (0),1,,13,cupy_copy__complex64_complex64
7962860651,18848,192305,1434,1,1,128,1,1,16,0.000,0.000,,,,,NVIDIA A100-SXM4-40GB MIG 4g.20gb (0),1,,13,cupy_copy__complex64_complex64
7963459844,5632,192312,103,1,1,128,1,1,16,0.000,0.000,,,,,NVIDIA A100-SXM4-40GB MIG 4g.20gb (0),1,,13,cupy_copy__complex64_complex64
7963838272,194526,192319,1,1,1,32,32,1,30,0.000,0.000,,,,,NVIDIA A100-SXM4-40GB MIG 4g.20gb (0),1,,13,"void convert_kernel<__half2, float2>(tensor_layout_any, T1 *, tensor_layout_any, const T2 *)"
7964062685,5440,192322,,,,,,,,,,0.094,17223.480,Pinned,Device,NVIDIA A100-SXM4-40GB MIG 4g.20gb (0),1,,13,[CUDA memcpy Host-to-Device]
7964251259,57632,192323,,,,,,,,,,35.810,621337.922,Device,,NVIDIA A100-SXM4-40GB MIG 4g.20gb (0),1,,13,[CUDA memset]
7964317210,2688,192325,,,,,,,,,,0.000,29.762,Pinned,Device,NVIDIA A100-SXM4-40GB MIG 4g.20gb (0),1,,13,[CUDA memcpy Host-to-Device]
7964327034,13952,192326,,,,,,,,,,0.197,14091.682,Pinned,Device,NVIDIA A100-SXM4-40GB MIG 4g.20gb (0),1,,13,[CUDA memcpy Host-to-Device]
7964766165,14048,192327,273,1,1,48,1,1,40,0.000,0.001,,,,,NVIDIA A100-SXM4-40GB MIG 4g.20gb (0),1,,13,"void pusch_noise_intf_est::noiseIntfEstNoDftSOfdmKernel<float, __half, float, float, (unsigned int)2, (unsigned int)1, (unsigned char)4, (unsigned char)4>(pusch_noise_intf_est::puschRxNoiseIntfEstDynDescr)"
7965272752,6496,192338,35,1,1,128,1,1,16,0.000,0.000,,,,,NVIDIA A100-SXM4-40GB MIG 4g.20gb (0),1,,13,cupy_copy__complex64_complex64
7965748266,6496,192347,1,1,1,1,1,1,18,0.000,0.000,,,,,NVIDIA A100-SXM4-40GB MIG 4g.20gb (0),1,,13,cupy_copy__float32_float32
7965762922,1760,192353,,,,,,,,,,0.000,2.273,Device,Pageable,NVIDIA A100-SXM4-40GB MIG 4g.20gb (0),1,,7,[CUDA memcpy Device-to-Host]
7966331364,17311,192364,1434,1,1,128,1,1,16,0.000,0.000,,,,,NVIDIA A100-SXM4-40GB MIG 4g.20gb (0),1,,13,cupy_copy__complex64_complex64
7967085051,5856,192371,103,1,1,128,1,1,16,0.000,0.000,,,,,NVIDIA A100-SXM4-40GB MIG 4g.20gb (0),1,,13,cupy_copy__complex64_complex64
7967802227,7808,192378,35,1,1,128,1,1,16,0.000,0.000,,,,,NVIDIA A100-SXM4-40GB MIG 4g.20gb (0),1,,13,cupy_copy__complex64_complex64
7968468011,3008,192385,1,1,1,1,1,1,18,0.000,0.000,,,,,NVIDIA A100-SXM4-40GB MIG 4g.20gb (0),1,,13,cupy_copy__float32_float32
7969143396,275805,192396,1,1,1,32,32,1,30,0.000,0.000,,,,,NVIDIA A100-SXM4-40GB MIG 4g.20gb (0),1,,13,"void convert_kernel<__half2, float2>(tensor_layout_any, T1 *, tensor_layout_any, const T2 *)"
7969452224,11232,192399,,,,,,,,,,0.094,8341.849,Pinned,Device,NVIDIA A100-SXM4-40GB MIG 4g.20gb (0),1,,13,[CUDA memcpy Host-to-Device]
7970146040,14048,192400,,,,,,,,,,1.547,110094.883,Device,,NVIDIA A100-SXM4-40GB MIG 4g.20gb (0),1,,13,[CUDA memset]
7970165240,5792,192405,,,,,,,,,,0.031,5403.286,Pinned,Device,NVIDIA A100-SXM4-40GB MIG 4g.20gb (0),1,,13,[CUDA memcpy Host-to-Device]
7970176952,12448,192406,,,,,,,,,,0.197,15794.307,Pinned,Device,NVIDIA A100-SXM4-40GB MIG 4g.20gb (0),1,,13,[CUDA memcpy Host-to-Device]
7970897680,19040,192407,273,1,1,8,4,1,39,0.002,0.000,,,,,NVIDIA A100-SXM4-40GB MIG 4g.20gb (0),1,,13,"void channel_eq::eqMmseCoefCompLowMimoKernel<float, float, float, (unsigned int)4, (unsigned int)1, (unsigned int)4>(const channel_eq::_puschRxChEqStatDescr *, channel_eq::_puschRxChEqCoefCompDynDescr)"
7971562184,13728,192408,273,1,1,12,11,1,51,0.002,0.000,,,,,NVIDIA A100-SXM4-40GB MIG 4g.20gb (0),1,,13,"void channel_eq::eqMmseSoftDemapKernel<float, __half, __half, float, (unsigned int)4, (unsigned short)16383>(channel_eq::_puschRxChEqStatDescr *, channel_eq::_puschRxChEqSoftDemapDynDescr)"
7972224129,655065,192409,1,1,1,32,32,1,30,0.000,0.000,,,,,NVIDIA A100-SXM4-40GB MIG 4g.20gb (0),1,,13,"void convert_kernel<float2, __half2>(tensor_layout_any, T1 *, tensor_layout_any, const T2 *)"
7973515282,14752,192421,2253,1,1,128,1,1,16,0.000,0.000,,,,,NVIDIA A100-SXM4-40GB MIG 4g.20gb (0),1,,13,cupy_copy__float16_float16
7973881902,17504,192430,282,1,1,128,1,1,16,0.000,0.000,,,,,NVIDIA A100-SXM4-40GB MIG 4g.20gb (0),1,,13,cupy_copy__complex64_complex64
7974268202,4768,192439,26,1,1,128,1,1,16,0.000,0.000,,,,,NVIDIA A100-SXM4-40GB MIG 4g.20gb (0),1,,13,cupy_copy__float32_float32
7974715621,15200,192448,103,1,1,128,1,1,16,0.000,0.000,,,,,NVIDIA A100-SXM4-40GB MIG 4g.20gb (0),1,,13,cupy_copy__complex64_complex64
7974990594,16639,192458,1434,1,1,128,1,1,16,0.000,0.000,,,,,NVIDIA A100-SXM4-40GB MIG 4g.20gb (0),1,,13,cupy_copy__complex64_complex64
7975419101,268157,192463,1,1,1,32,32,1,30,0.000,0.000,,,,,NVIDIA A100-SXM4-40GB MIG 4g.20gb (0),1,,13,"void convert_kernel<__half2, float2>(tensor_layout_any, T1 *, tensor_layout_any, const T2 *)"
7975716793,5760,192466,,,,,,,,,,0.094,16266.656,Pinned,Device,NVIDIA A100-SXM4-40GB MIG 4g.20gb (0),1,,13,[CUDA memcpy Host-to-Device]
7976018166,618169,192467,,,,,,,,,,456.561,738259.848,Device,,NVIDIA A100-SXM4-40GB MIG 4g.20gb (0),1,,13,[CUDA memset]
7976638159,65567,192472,,,,,,,,,,1.235,18834.131,Pinned,Device,NVIDIA A100-SXM4-40GB MIG 4g.20gb (0),1,,13,[CUDA memcpy Host-to-Device]
7976706190,9760,192473,,,,,,,,,,0.197,20144.259,Pinned,Device,NVIDIA A100-SXM4-40GB MIG 4g.20gb (0),1,,13,[CUDA memcpy Host-to-Device]
7977294600,18079,192474,69,4,1,48,1,1,76,0.002,0.000,,,,,NVIDIA A100-SXM4-40GB MIG 4g.20gb (0),1,,13,"void ch_est::windowedChEstPreNoDftSOfdmKernel<float, __half, float, (unsigned int)2, (unsigned int)1, (unsigned short)4>(ch_est::puschRxChEstStatDescr_t *, ch_est::puschRxChEstDynDescr_t *)"
7977823938,9119,192475,137,2,1,24,2,1,44,0.001,0.001,,,,,NVIDIA A100-SXM4-40GB MIG 4g.20gb (0),1,,13,"void ch_est::chEstFilterNoDftSOfdmDispatchKernel<float, __half, float, (unsigned int)2>(ch_est::puschRxChEstStatDescr_t *, ch_est::puschRxChEstDynDescr_t *)"
7978348508,9408,192476,137,2,1,24,2,1,44,0.001,0.001,,,,,NVIDIA A100-SXM4-40GB MIG 4g.20gb (0),1,,13,"void ch_est::chEstFilterNoDftSOfdmDispatchKernel<float, __half, float, (unsigned int)2>(ch_est::puschRxChEstStatDescr_t *, ch_est::puschRxChEstDynDescr_t *)"
7978937077,9984,192487,103,1,1,128,1,1,16,0.000,0.000,,,,,NVIDIA A100-SXM4-40GB MIG 4g.20gb (0),1,,13,cupy_copy__complex64_complex64
7979471535,16800,192497,1434,1,1,128,1,1,16,0.000,0.000,,,,,NVIDIA A100-SXM4-40GB MIG 4g.20gb (0),1,,13,cupy_copy__complex64_complex64
7980092200,5440,192504,103,1,1,128,1,1,16,0.000,0.000,,,,,NVIDIA A100-SXM4-40GB MIG 4g.20gb (0),1,,13,cupy_copy__complex64_complex64
7980636802,239421,192511,1,1,1,32,32,1,30,0.000,0.000,,,,,NVIDIA A100-SXM4-40GB MIG 4g.20gb (0),1,,13,"void convert_kernel<__half2, float2>(tensor_layout_any, T1 *, tensor_layout_any, const T2 *)"
7980906175,9536,192514,,,,,,,,,,0.094,9825.431,Pinned,Device,NVIDIA A100-SXM4-40GB MIG 4g.20gb (0),1,,13,[CUDA memcpy Host-to-Device]
7981326426,54399,192515,,,,,,,,,,35.810,658257.949,Device,,NVIDIA A100-SXM4-40GB MIG 4g.20gb (0),1,,13,[CUDA memset]
7981384569,2144,192517,,,,,,,,,,0.000,37.313,Pinned,Device,NVIDIA A100-SXM4-40GB MIG 4g.20gb (0),1,,13,[CUDA memcpy Host-to-Device]
7981389369,9888,192518,,,,,,,,,,0.197,19883.360,Pinned,Device,NVIDIA A100-SXM4-40GB MIG 4g.20gb (0),1,,13,[CUDA memcpy Host-to-Device]
7981890324,13727,192519,273,1,1,48,1,1,40,0.000,0.001,,,,,NVIDIA A100-SXM4-40GB MIG 4g.20gb (0),1,,13,"void pusch_noise_intf_est::noiseIntfEstNoDftSOfdmKernel<float, __half, float, float, (unsigned int)2, (unsigned int)1, (unsigned char)4, (unsigned char)4>(pusch_noise_intf_est::puschRxNoiseIntfEstDynDescr)"
7982406926,6240,192530,35,1,1,128,1,1,16,0.000,0.000,,,,,NVIDIA A100-SXM4-40GB MIG 4g.20gb (0),1,,13,cupy_copy__complex64_complex64
7982888648,6176,192539,1,1,1,1,1,1,18,0.000,0.000,,,,,NVIDIA A100-SXM4-40GB MIG 4g.20gb (0),1,,13,cupy_copy__float32_float32
7982900392,1600,192545,,,,,,,,,,0.000,2.500,Device,Pageable,NVIDIA A100-SXM4-40GB MIG 4g.20gb (0),1,,7,[CUDA memcpy Device-to-Host]
7983384355,16351,192556,1434,1,1,128,1,1,16,0.000,0.000,,,,,NVIDIA A100-SXM4-40GB MIG 4g.20gb (0),1,,13,cupy_copy__complex64_complex64
7983881053,16512,192563,103,1,1,128,1,1,16,0.000,0.000,,,,,NVIDIA A100-SXM4-40GB MIG 4g.20gb (0),1,,13,cupy_copy__complex64_complex64
7984307672,8992,192570,35,1,1,128,1,1,16,0.000,0.000,,,,,NVIDIA A100-SXM4-40GB MIG 4g.20gb (0),1,,13,cupy_copy__complex64_complex64
7984583125,3264,192577,1,1,1,1,1,1,18,0.000,0.000,,,,,NVIDIA A100-SXM4-40GB MIG 4g.20gb (0),1,,13,cupy_copy__float32_float32
7984920753,240030,192588,1,1,1,32,32,1,30,0.000,0.000,,,,,NVIDIA A100-SXM4-40GB MIG 4g.20gb (0),1,,13,"void convert_kernel<__half2, float2>(tensor_layout_any, T1 *, tensor_layout_any, const T2 *)"
7985191374,5888,192591,,,,,,,,,,0.094,15912.954,Pinned,Device,NVIDIA A100-SXM4-40GB MIG 4g.20gb (0),1,,13,[CUDA memcpy Host-to-Device]
7985635113,5088,192592,,,,,,,,,,1.547,303973.481,Device,,NVIDIA A100-SXM4-40GB MIG 4g.20gb (0),1,,13,[CUDA memset]
7985647753,3040,192597,,,,,,,,,,0.031,10294.725,Pinned,Device,NVIDIA A100-SXM4-40GB MIG 4g.20gb (0),1,,13,[CUDA memcpy Host-to-Device]
7985653321,9728,192598,,,,,,,,,,0.197,20210.516,Pinned,Device,NVIDIA A100-SXM4-40GB MIG 4g.20gb (0),1,,13,[CUDA memcpy Host-to-Device]
7986366017,15584,192599,273,1,1,8,4,1,39,0.002,0.000,,,,,NVIDIA A100-SXM4-40GB MIG 4g.20gb (0),1,,13,"void channel_eq::eqMmseCoefCompLowMimoKernel<float, float, float, (unsigned int)4, (unsigned int)1, (unsigned int)4>(const channel_eq::_puschRxChEqStatDescr *, channel_eq::_puschRxChEqCoefCompDynDescr)"
7987134072,10752,192600,273,1,1,12,11,1,51,0.002,0.000,,,,,NVIDIA A100-SXM4-40GB MIG 4g.20gb (0),1,,13,"void channel_eq::eqMmseSoftDemapKernel<float, __half, __half, float, (unsigned int)4, (unsigned short)16383>(channel_eq::_puschRxChEqStatDescr *, channel_eq::_puschRxChEqSoftDemapDynDescr)"
7987643634,784504,192601,1,1,1,32,32,1,30,0.000,0.000,,,,,NVIDIA A100-SXM4-40GB MIG 4g.20gb (0),1,,13,"void convert_kernel<float2, __half2>(tensor_layout_any, T1 *, tensor_layout_any, const T2 *)"
7989033507,14240,192613,2253,1,1,128,1,1,16,0.000,0.000,,,,,NVIDIA A100-SXM4-40GB MIG 4g.20gb (0),1,,13,cupy_copy__float16_float16
7989820794,7872,192622,282,1,1,128,1,1,16,0.000,0.000,,,,,NVIDIA A100-SXM4-40GB MIG 4g.20gb (0),1,,13,cupy_copy__complex64_complex64
7990354804,4416,192631,26,1,1,128,1,1,16,0.000,0.000,,,,,NVIDIA A100-SXM4-40GB MIG 4g.20gb (0),1,,13,cupy_copy__float32_float32
7990823854,16576,192640,103,1,1,128,1,1,16,0.000,0.000,,,,,NVIDIA A100-SXM4-40GB MIG 4g.20gb (0),1,,13,cupy_copy__complex64_complex64
7991196106,17344,192650,1434,1,1,128,1,1,16,0.000,0.000,,,,,NVIDIA A100-SXM4-40GB MIG 4g.20gb (0),1,,13,cupy_copy__complex64_complex64
7991695493,253117,192655,1,1,1,32,32,1,30,0.000,0.000,,,,,NVIDIA A100-SXM4-40GB MIG 4g.20gb (0),1,,13,"void convert_kernel<__half2, float2>(tensor_layout_any, T1 *, tensor_layout_any, const T2 *)"
7991979361,5408,192658,,,,,,,,,,0.094,17325.421,Pinned,Device,NVIDIA A100-SXM4-40GB MIG 4g.20gb (0),1,,13,[CUDA memcpy Host-to-Device]
7992612378,615321,192659,,,,,,,,,,456.561,741912.340,Device,,NVIDIA A100-SXM4-40GB MIG 4g.20gb (0),1,,13,[CUDA memset]
7993232115,67839,192664,,,,,,,,,,1.235,18203.075,Pinned,Device,NVIDIA A100-SXM4-40GB MIG 4g.20gb (0),1,,13,[CUDA memcpy Host-to-Device]
7993302386,11616,192665,,,,,,,,,,0.197,16925.590,Pinned,Device,NVIDIA A100-SXM4-40GB MIG 4g.20gb (0),1,,13,[CUDA memcpy Host-to-Device]
7993827788,14240,192666,69,4,1,48,1,1,76,0.002,0.000,,,,,NVIDIA A100-SXM4-40GB MIG 4g.20gb (0),1,,13,"void ch_est::windowedChEstPreNoDftSOfdmKernel<float, __half, float, (unsigned int)2, (unsigned int)1, (unsigned short)4>(ch_est::puschRxChEstStatDescr_t *, ch_est::puschRxChEstDynDescr_t *)"
7994379430,14432,192667,137,2,1,24,2,1,44,0.001,0.001,,,,,NVIDIA A100-SXM4-40GB MIG 4g.20gb (0),1,,13,"void ch_est::chEstFilterNoDftSOfdmDispatchKernel<float, __half, float, (unsigned int)2>(ch_est::puschRxChEstStatDescr_t *, ch_est::puschRxChEstDynDescr_t *)"
7994853761,24480,192668,137,2,1,24,2,1,44,0.001,0.001,,,,,NVIDIA A100-SXM4-40GB MIG 4g.20gb (0),1,,13,"void ch_est::chEstFilterNoDftSOfdmDispatchKernel<float, __half, float, (unsigned int)2>(ch_est::puschRxChEstStatDescr_t *, ch_est::puschRxChEstDynDescr_t *)"
7995291580,6784,192679,103,1,1,128,1,1,16,0.000,0.000,,,,,NVIDIA A100-SXM4-40GB MIG 4g.20gb (0),1,,13,cupy_copy__complex64_complex64
7995812982,17824,192689,1434,1,1,128,1,1,16,0.000,0.000,,,,,NVIDIA A100-SXM4-40GB MIG 4g.20gb (0),1,,13,cupy_copy__complex64_complex64
7996285201,6912,192696,103,1,1,128,1,1,16,0.000,0.000,,,,,NVIDIA A100-SXM4-40GB MIG 4g.20gb (0),1,,13,cupy_copy__complex64_complex64
7996587341,263997,192703,1,1,1,32,32,1,30,0.000,0.000,,,,,NVIDIA A100-SXM4-40GB MIG 4g.20gb (0),1,,13,"void convert_kernel<__half2, float2>(tensor_layout_any, T1 *, tensor_layout_any, const T2 *)"
7996881802,6048,192706,,,,,,,,,,0.094,15491.978,Pinned,Device,NVIDIA A100-SXM4-40GB MIG 4g.20gb (0),1,,13,[CUDA memcpy Host-to-Device]
7997365764,60512,192707,,,,,,,,,,35.810,591758.928,Device,,NVIDIA A100-SXM4-40GB MIG 4g.20gb (0),1,,13,[CUDA memset]
7997428964,1824,192709,,,,,,,,,,0.000,43.860,Pinned,Device,NVIDIA A100-SXM4-40GB MIG 4g.20gb (0),1,,13,[CUDA memcpy Host-to-Device]
7997434244,9535,192710,,,,,,,,,,0.197,20619.461,Pinned,Device,NVIDIA A100-SXM4-40GB MIG 4g.20gb (0),1,,13,[CUDA memcpy Host-to-Device]
7997970942,27327,192711,273,1,1,48,1,1,40,0.000,0.001,,,,,NVIDIA A100-SXM4-40GB MIG 4g.20gb (0),1,,13,"void pusch_noise_intf_est::noiseIntfEstNoDftSOfdmKernel<float, __half, float, float, (unsigned int)2, (unsigned int)1, (unsigned char)4, (unsigned char)4>(pusch_noise_intf_est::puschRxNoiseIntfEstDynDescr)"
7998207387,10080,192722,35,1,1,128,1,1,16,0.000,0.000,,,,,NVIDIA A100-SXM4-40GB MIG 4g.20gb (0),1,,13,cupy_copy__complex64_complex64
7998554711,3616,192731,1,1,1,1,1,1,18,0.000,0.000,,,,,NVIDIA A100-SXM4-40GB MIG 4g.20gb (0),1,,13,cupy_copy__float32_float32
7998565079,5632,192737,,,,,,,,,,0.000,0.710,Device,Pageable,NVIDIA A100-SXM4-40GB MIG 4g.20gb (0),1,,7,[CUDA memcpy Device-to-Host]
7998961010,18816,192748,1434,1,1,128,1,1,16,0.000,0.000,,,,,NVIDIA A100-SXM4-40GB MIG 4g.20gb (0),1,,13,cupy_copy__complex64_complex64
7999297454,5632,192755,103,1,1,128,1,1,16,0.000,0.000,,,,,NVIDIA A100-SXM4-40GB MIG 4g.20gb (0),1,,13,cupy_copy__complex64_complex64
7999610059,5632,192762,35,1,1,128,1,1,16,0.000,0.000,,,,,NVIDIA A100-SXM4-40GB MIG 4g.20gb (0),1,,13,cupy_copy__complex64_complex64
7999857224,3200,192769,1,1,1,1,1,1,18,0.000,0.000,,,,,NVIDIA A100-SXM4-40GB MIG 4g.20gb (0),1,,13,cupy_copy__float32_float32
7999981415,250909,192780,1,1,1,32,32,1,30,0.000,0.000,,,,,NVIDIA A100-SXM4-40GB MIG 4g.20gb (0),1,,13,"void convert_kernel<__half2, float2>(tensor_layout_any, T1 *, tensor_layout_any, const T2 *)"
8000263684,5951,192783,,,,,,,,,,0.094,15744.488,Pinned,Device,NVIDIA A100-SXM4-40GB MIG 4g.20gb (0),1,,13,[CUDA memcpy Host-to-Device]
8000521345,6688,192784,,,,,,,,,,1.547,231252.767,Device,,NVIDIA A100-SXM4-40GB MIG 4g.20gb (0),1,,13,[CUDA memset]
8000534912,3232,192789,,,,,,,,,,0.031,9683.139,Pinned,Device,NVIDIA A100-SXM4-40GB MIG 4g.20gb (0),1,,13,[CUDA memcpy Host-to-Device]
8000544320,9856,192790,,,,,,,,,,0.197,19948.044,Pinned,Device,NVIDIA A100-SXM4-40GB MIG 4g.20gb (0),1,,13,[CUDA memcpy Host-to-Device]
8000645503,18464,192791,273,1,1,8,4,1,39,0.002,0.000,,,,,NVIDIA A100-SXM4-40GB MIG 4g.20gb (0),1,,13,"void channel_eq::eqMmseCoefCompLowMimoKernel<float, float, float, (unsigned int)4, (unsigned int)1, (unsigned int)4>(const channel_eq::_puschRxChEqStatDescr *, channel_eq::_puschRxChEqCoefCompDynDescr)"
8000986843,23648,192792,273,1,1,12,11,1,51,0.002,0.000,,,,,NVIDIA A100-SXM4-40GB MIG 4g.20gb (0),1,,13,"void channel_eq::eqMmseSoftDemapKernel<float, __half, __half, float, (unsigned int)4, (unsigned short)16383>(channel_eq::_puschRxChEqStatDescr *, channel_eq::_puschRxChEqSoftDemapDynDescr)"
8001473046,723544,192793,1,1,1,32,32,1,30,0.000,0.000,,,,,NVIDIA A100-SXM4-40GB MIG 4g.20gb (0),1,,13,"void convert_kernel<float2, __half2>(tensor_layout_any, T1 *, tensor_layout_any, const T2 *)"
8002730856,13599,192805,2253,1,1,128,1,1,16,0.000,0.000,,,,,NVIDIA A100-SXM4-40GB MIG 4g.20gb (0),1,,13,cupy_copy__float16_float16
8003352033,7296,192814,282,1,1,128,1,1,16,0.000,0.000,,,,,NVIDIA A100-SXM4-40GB MIG 4g.20gb (0),1,,13,cupy_copy__complex64_complex64
8003960698,5216,192823,26,1,1,128,1,1,16,0.000,0.000,,,,,NVIDIA A100-SXM4-40GB MIG 4g.20gb (0),1,,13,cupy_copy__float32_float32
8004510643,12992,192832,103,1,1,128,1,1,16,0.000,0.000,,,,,NVIDIA A100-SXM4-40GB MIG 4g.20gb (0),1,,13,cupy_copy__complex64_complex64
8004904719,26304,192842,1434,1,1,128,1,1,16,0.000,0.000,,,,,NVIDIA A100-SXM4-40GB MIG 4g.20gb (0),1,,13,cupy_copy__complex64_complex64
8005559624,254589,192847,1,1,1,32,32,1,30,0.000,0.000,,,,,NVIDIA A100-SXM4-40GB MIG 4g.20gb (0),1,,13,"void convert_kernel<__half2, float2>(tensor_layout_any, T1 *, tensor_layout_any, const T2 *)"
8005844324,9536,192850,,,,,,,,,,0.094,9825.431,Pinned,Device,NVIDIA A100-SXM4-40GB MIG 4g.20gb (0),1,,13,[CUDA memcpy Host-to-Device]
8006421022,623641,192851,,,,,,,,,,456.561,731867.988,Device,,NVIDIA A100-SXM4-40GB MIG 4g.20gb (0),1,,13,[CUDA memset]
8007051191,58367,192856,,,,,,,,,,1.235,21157.061,Pinned,Device,NVIDIA A100-SXM4-40GB MIG 4g.20gb (0),1,,13,[CUDA memcpy Host-to-Device]
8007112022,10688,192857,,,,,,,,,,0.197,18395.038,Pinned,Device,NVIDIA A100-SXM4-40GB MIG 4g.20gb (0),1,,13,[CUDA memcpy Host-to-Device]
8007674800,24287,192858,69,4,1,48,1,1,76,0.002,0.000,,,,,NVIDIA A100-SXM4-40GB MIG 4g.20gb (0),1,,13,"void ch_est::windowedChEstPreNoDftSOfdmKernel<float, __half, float, (unsigned int)2, (unsigned int)1, (unsigned short)4>(ch_est::puschRxChEstStatDescr_t *, ch_est::puschRxChEstDynDescr_t *)"
8008073035,15424,192859,137,2,1,24,2,1,44,0.001,0.001,,,,,NVIDIA A100-SXM4-40GB MIG 4g.20gb (0),1,,13,"void ch_est::chEstFilterNoDftSOfdmDispatchKernel<float, __half, float, (unsigned int)2>(ch_est::puschRxChEstStatDescr_t *, ch_est::puschRxChEstDynDescr_t *)"
8008446695,11360,192860,137,2,1,24,2,1,44,0.001,0.001,,,,,NVIDIA A100-SXM4-40GB MIG 4g.20gb (0),1,,13,"void ch_est::chEstFilterNoDftSOfdmDispatchKernel<float, __half, float, (unsigned int)2>(ch_est::puschRxChEstStatDescr_t *, ch_est::puschRxChEstDynDescr_t *)"
8008764067,6400,192871,103,1,1,128,1,1,16,0.000,0.000,,,,,NVIDIA A100-SXM4-40GB MIG 4g.20gb (0),1,,13,cupy_copy__complex64_complex64
8009075744,18112,192881,1434,1,1,128,1,1,16,0.000,0.000,,,,,NVIDIA A100-SXM4-40GB MIG 4g.20gb (0),1,,13,cupy_copy__complex64_complex64
8009338397,7136,192888,103,1,1,128,1,1,16,0.000,0.000,,,,,NVIDIA A100-SXM4-40GB MIG 4g.20gb (0),1,,13,cupy_copy__complex64_complex64
8009463675,249214,192895,1,1,1,32,32,1,30,0.000,0.000,,,,,NVIDIA A100-SXM4-40GB MIG 4g.20gb (0),1,,13,"void convert_kernel<__half2, float2>(tensor_layout_any, T1 *, tensor_layout_any, const T2 *)"
8009741912,6144,192898,,,,,,,,,,0.094,15249.961,Pinned,Device,NVIDIA A100-SXM4-40GB MIG 4g.20gb (0),1,,13,[CUDA memcpy Host-to-Device]
8009992917,56352,192899,,,,,,,,,,35.810,635447.030,Device,,NVIDIA A100-SXM4-40GB MIG 4g.20gb (0),1,,13,[CUDA memset]
8010052245,2304,192901,,,,,,,,,,0.000,34.722,Pinned,Device,NVIDIA A100-SXM4-40GB MIG 4g.20gb (0),1,,13,[CUDA memcpy Host-to-Device]
8010060853,12576,192902,,,,,,,,,,0.197,15633.482,Pinned,Device,NVIDIA A100-SXM4-40GB MIG 4g.20gb (0),1,,13,[CUDA memcpy Host-to-Device]
8010518895,27040,192903,273,1,1,48,1,1,40,0.000,0.001,,,,,NVIDIA A100-SXM4-40GB MIG 4g.20gb (0),1,,13,"void pusch_noise_intf_est::noiseIntfEstNoDftSOfdmKernel<float, __half, float, float, (unsigned int)2, (unsigned int)1, (unsigned char)4, (unsigned char)4>(pusch_noise_intf_est::puschRxNoiseIntfEstDynDescr)"
8011044490,6655,192914,35,1,1,128,1,1,16,0.000,0.000,,,,,NVIDIA A100-SXM4-40GB MIG 4g.20gb (0),1,,13,cupy_copy__complex64_complex64
8011529732,3648,192923,1,1,1,1,1,1,18,0.000,0.000,,,,,NVIDIA A100-SXM4-40GB MIG 4g.20gb (0),1,,13,cupy_copy__float32_float32
8011539748,1568,192929,,,,,,,,,,0.000,2.551,Device,Pageable,NVIDIA A100-SXM4-40GB MIG 4g.20gb (0),1,,7,[CUDA memcpy Device-to-Host]
8012196796,18432,192940,1434,1,1,128,1,1,16,0.000,0.000,,,,,NVIDIA A100-SXM4-40GB MIG 4g.20gb (0),1,,13,cupy_copy__complex64_complex64
8012955252,5632,192947,103,1,1,128,1,1,16,0.000,0.000,,,,,NVIDIA A100-SXM4-40GB MIG 4g.20gb (0),1,,13,cupy_copy__complex64_complex64
8013686924,6240,192954,35,1,1,128,1,1,16,0.000,0.000,,,,,NVIDIA A100-SXM4-40GB MIG 4g.20gb (0),1,,13,cupy_copy__complex64_complex64
8014416484,4224,192961,1,1,1,1,1,1,18,0.000,0.000,,,,,NVIDIA A100-SXM4-40GB MIG 4g.20gb (0),1,,13,cupy_copy__float32_float32
8015087004,279101,192972,1,1,1,32,32,1,30,0.000,0.000,,,,,NVIDIA A100-SXM4-40GB MIG 4g.20gb (0),1,,13,"void convert_kernel<__half2, float2>(tensor_layout_any, T1 *, tensor_layout_any, const T2 *)"
8015396025,6688,192975,,,,,,,,,,0.094,14009.520,Pinned,Device,NVIDIA A100-SXM4-40GB MIG 4g.20gb (0),1,,13,[CUDA memcpy Host-to-Device]
8016054513,4640,192976,,,,,,,,,,1.547,333323.765,Device,,NVIDIA A100-SXM4-40GB MIG 4g.20gb (0),1,,13,[CUDA memset]
8016061841,7008,192981,,,,,,,,,,0.031,4465.751,Pinned,Device,NVIDIA A100-SXM4-40GB MIG 4g.20gb (0),1,,13,[CUDA memcpy Host-to-Device]
8016071281,10208,192982,,,,,,,,,,0.197,19260.113,Pinned,Device,NVIDIA A100-SXM4-40GB MIG 4g.20gb (0),1,,13,[CUDA memcpy Host-to-Device]
8016807753,11936,192983,273,1,1,8,4,1,39,0.002,0.000,,,,,NVIDIA A100-SXM4-40GB MIG 4g.20gb (0),1,,13,"void channel_eq::eqMmseCoefCompLowMimoKernel<float, float, float, (unsigned int)4, (unsigned int)1, (unsigned int)4>(const channel_eq::_puschRxChEqStatDescr *, channel_eq::_puschRxChEqCoefCompDynDescr)"
8017564192,18240,192984,273,1,1,12,11,1,51,0.002,0.000,,,,,NVIDIA A100-SXM4-40GB MIG 4g.20gb (0),1,,13,"void channel_eq::eqMmseSoftDemapKernel<float, __half, __half, float, (unsigned int)4, (unsigned short)16383>(channel_eq::_puschRxChEqStatDescr *, channel_eq::_puschRxChEqSoftDemapDynDescr)"
8018225913,695544,192985,1,1,1,32,32,1,30,0.000,0.000,,,,,NVIDIA A100-SXM4-40GB MIG 4g.20gb (0),1,,13,"void convert_kernel<float2, __half2>(tensor_layout_any, T1 *, tensor_layout_any, const T2 *)"
8019206702,13823,192997,2253,1,1,128,1,1,16,0.000,0.000,,,,,NVIDIA A100-SXM4-40GB MIG 4g.20gb (0),1,,13,cupy_copy__float16_float16
8019536746,7392,193006,282,1,1,128,1,1,16,0.000,0.000,,,,,NVIDIA A100-SXM4-40GB MIG 4g.20gb (0),1,,13,cupy_copy__complex64_complex64
8019933637,8512,193015,26,1,1,128,1,1,16,0.000,0.000,,,,,NVIDIA A100-SXM4-40GB MIG 4g.20gb (0),1,,13,cupy_copy__float32_float32
8020697213,13119,193024,103,1,1,128,1,1,16,0.000,0.000,,,,,NVIDIA A100-SXM4-40GB MIG 4g.20gb (0),1,,13,cupy_copy__complex64_complex64
8021324533,25056,193034,1434,1,1,128,1,1,16,0.000,0.000,,,,,NVIDIA A100-SXM4-40GB MIG 4g.20gb (0),1,,13,cupy_copy__complex64_complex64
8021872815,283485,193039,1,1,1,32,32,1,30,0.000,0.000,,,,,NVIDIA A100-SXM4-40GB MIG 4g.20gb (0),1,,13,"void convert_kernel<__half2, float2>(tensor_layout_any, T1 *, tensor_layout_any, const T2 *)"
8022190540,7999,193042,,,,,,,,,,0.094,11713.405,Pinned,Device,NVIDIA A100-SXM4-40GB MIG 4g.20gb (0),1,,13,[CUDA memcpy Host-to-Device]
8022789285,609593,193043,,,,,,,,,,456.561,748760.762,Device,,NVIDIA A100-SXM4-40GB MIG 4g.20gb (0),1,,13,[CUDA memset]
8023402014,65151,193048,,,,,,,,,,1.235,18953.921,Pinned,Device,NVIDIA A100-SXM4-40GB MIG 4g.20gb (0),1,,13,[CUDA memcpy Host-to-Device]
8023471485,13440,193049,,,,,,,,,,0.197,14628.422,Pinned,Device,NVIDIA A100-SXM4-40GB MIG 4g.20gb (0),1,,13,[CUDA memcpy Host-to-Device]
8024311891,12640,193050,69,4,1,48,1,1,76,0.002,0.000,,,,,NVIDIA A100-SXM4-40GB MIG 4g.20gb (0),1,,13,"void ch_est::windowedChEstPreNoDftSOfdmKernel<float, __half, float, (unsigned int)2, (unsigned int)1, (unsigned short)4>(ch_est::puschRxChEstStatDescr_t *, ch_est::puschRxChEstDynDescr_t *)"
8025114282,8960,193051,137,2,1,24,2,1,44,0.001,0.001,,,,,NVIDIA A100-SXM4-40GB MIG 4g.20gb (0),1,,13,"void ch_est::chEstFilterNoDftSOfdmDispatchKernel<float, __half, float, (unsigned int)2>(ch_est::puschRxChEstStatDescr_t *, ch_est::puschRxChEstDynDescr_t *)"
8026012032,12416,193052,137,2,1,24,2,1,44,0.001,0.001,,,,,NVIDIA A100-SXM4-40GB MIG 4g.20gb (0),1,,13,"void ch_est::chEstFilterNoDftSOfdmDispatchKernel<float, __half, float, (unsigned int)2>(ch_est::puschRxChEstStatDescr_t *, ch_est::puschRxChEstDynDescr_t *)"
8026933462,6592,193063,103,1,1,128,1,1,16,0.000,0.000,,,,,NVIDIA A100-SXM4-40GB MIG 4g.20gb (0),1,,13,cupy_copy__complex64_complex64
8027830347,17376,193073,1434,1,1,128,1,1,16,0.000,0.000,,,,,NVIDIA A100-SXM4-40GB MIG 4g.20gb (0),1,,13,cupy_copy__complex64_complex64
8028661346,8800,193080,103,1,1,128,1,1,16,0.000,0.000,,,,,NVIDIA A100-SXM4-40GB MIG 4g.20gb (0),1,,13,cupy_copy__complex64_complex64
8029293947,250301,193087,1,1,1,32,32,1,30,0.000,0.000,,,,,NVIDIA A100-SXM4-40GB MIG 4g.20gb (0),1,,13,"void convert_kernel<__half2, float2>(tensor_layout_any, T1 *, tensor_layout_any, const T2 *)"
8029574712,7231,193090,,,,,,,,,,0.094,12957.501,Pinned,Device,NVIDIA A100-SXM4-40GB MIG 4g.20gb (0),1,,13,[CUDA memcpy Host-to-Device]
8029808181,50559,193091,,,,,,,,,,35.810,708248.598,Device,,NVIDIA A100-SXM4-40GB MIG 4g.20gb (0),1,,13,[CUDA memset]
8029861140,5856,193093,,,,,,,,,,0.000,13.661,Pinned,Device,NVIDIA A100-SXM4-40GB MIG 4g.20gb (0),1,,13,[CUDA memcpy Host-to-Device]
8029869492,9568,193094,,,,,,,,,,0.197,20548.485,Pinned,Device,NVIDIA A100-SXM4-40GB MIG 4g.20gb (0),1,,13,[CUDA memcpy Host-to-Device]
8030218800,17120,193095,273,1,1,48,1,1,40,0.000,0.001,,,,,NVIDIA A100-SXM4-40GB MIG 4g.20gb (0),1,,13,"void pusch_noise_intf_est::noiseIntfEstNoDftSOfdmKernel<float, __half, float, float, (unsigned int)2, (unsigned int)1, (unsigned char)4, (unsigned char)4>(pusch_noise_intf_est::puschRxNoiseIntfEstDynDescr)"
8030556524,8576,193106,35,1,1,128,1,1,16,0.000,0.000,,,,,NVIDIA A100-SXM4-40GB MIG 4g.20gb (0),1,,13,cupy_copy__complex64_complex64
8030868137,3712,193115,1,1,1,1,1,1,18,0.000,0.000,,,,,NVIDIA A100-SXM4-40GB MIG 4g.20gb (0),1,,13,cupy_copy__float32_float32
8030872713,2592,193121,,,,,,,,,,0.000,1.543,Device,Pageable,NVIDIA A100-SXM4-40GB MIG 4g.20gb (0),1,,7,[CUDA memcpy Device-to-Host]
8031218501,20832,193132,1434,1,1,128,1,1,16,0.000,0.000,,,,,NVIDIA A100-SXM4-40GB MIG 4g.20gb (0),1,,13,cupy_copy__complex64_complex64
8031622496,5856,193139,103,1,1,128,1,1,16,0.000,0.000,,,,,NVIDIA A100-SXM4-40GB MIG 4g.20gb (0),1,,13,cupy_copy__complex64_complex64
8032514198,7872,193146,35,1,1,128,1,1,16,0.000,0.000,,,,,NVIDIA A100-SXM4-40GB MIG 4g.20gb (0),1,,13,cupy_copy__complex64_complex64
8033384652,3552,193153,1,1,1,1,1,1,18,0.000,0.000,,,,,NVIDIA A100-SXM4-40GB MIG 4g.20gb (0),1,,13,cupy_copy__float32_float32
8034237826,271901,193164,1,1,1,32,32,1,30,0.000,0.000,,,,,NVIDIA A100-SXM4-40GB MIG 4g.20gb (0),1,,13,"void convert_kernel<__half2, float2>(tensor_layout_any, T1 *, tensor_layout_any, const T2 *)"
8034540191,6080,193167,,,,,,,,,,0.094,15410.462,Pinned,Device,NVIDIA A100-SXM4-40GB MIG 4g.20gb (0),1,,13,[CUDA memcpy Host-to-Device]
8035406101,7232,193168,,,,,,,,,,1.547,213857.887,Device,,NVIDIA A100-SXM4-40GB MIG 4g.20gb (0),1,,13,[CUDA memset]
8035418581,3744,193173,,,,,,,,,,0.031,8358.974,Pinned,Device,NVIDIA A100-SXM4-40GB MIG 4g.20gb (0),1,,13,[CUDA memcpy Host-to-Device]
8035425045,13120,193174,,,,,,,,,,0.197,14985.265,Pinned,Device,NVIDIA A100-SXM4-40GB MIG 4g.20gb (0),1,,13,[CUDA memcpy Host-to-Device]
8036359498,13536,193175,273,1,1,8,4,1,39,0.002,0.000,,,,,NVIDIA A100-SXM4-40GB MIG 4g.20gb (0),1,,13,"void channel_eq::eqMmseCoefCompLowMimoKernel<float, float, float, (unsigned int)4, (unsigned int)1, (unsigned int)4>(const channel_eq::_puschRxChEqStatDescr *, channel_eq::_puschRxChEqCoefCompDynDescr)"
8037287872,14688,193176,273,1,1,12,11,1,51,0.002,0.000,,,,,NVIDIA A100-SXM4-40GB MIG 4g.20gb (0),1,,13,"void channel_eq::eqMmseSoftDemapKernel<float, __half, __half, float, (unsigned int)4, (unsigned short)16383>(channel_eq::_puschRxChEqStatDescr *, channel_eq::_puschRxChEqSoftDemapDynDescr)"
8038243509,610553,193177,1,1,1,32,32,1,30,0.000,0.000,,,,,NVIDIA A100-SXM4-40GB MIG 4g.20gb (0),1,,13,"void convert_kernel<float2, __half2>(tensor_layout_any, T1 *, tensor_layout_any, const T2 *)"
8039651877,15424,193189,2253,1,1,128,1,1,16,0.000,0.000,,,,,NVIDIA A100-SXM4-40GB MIG 4g.20gb (0),1,,13,cupy_copy__float16_float16
8040125407,8384,193198,282,1,1,128,1,1,16,0.000,0.000,,,,,NVIDIA A100-SXM4-40GB MIG 4g.20gb (0),1,,13,cupy_copy__complex64_complex64
8041054197,4288,193207,26,1,1,128,1,1,16,0.000,0.000,,,,,NVIDIA A100-SXM4-40GB MIG 4g.20gb (0),1,,13,cupy_copy__float32_float32
8041482128,17152,193216,103,1,1,128,1,1,16,0.000,0.000,,,,,NVIDIA A100-SXM4-40GB MIG 4g.20gb (0),1,,13,cupy_copy__complex64_complex64
8041767789,18912,193226,1434,1,1,128,1,1,16,0.000,0.000,,,,,NVIDIA A100-SXM4-40GB MIG 4g.20gb (0),1,,13,cupy_copy__complex64_complex64
8041894187,219550,193231,1,1,1,32,32,1,30,0.000,0.000,,,,,NVIDIA A100-SXM4-40GB MIG 4g.20gb (0),1,,13,"void convert_kernel<__half2, float2>(tensor_layout_any, T1 *, tensor_layout_any, const T2 *)"
8042143209,5471,193234,,,,,,,,,,0.094,17125.849,Pinned,Device,NVIDIA A100-SXM4-40GB MIG 4g.20gb (0),1,,13,[CUDA memcpy Host-to-Device]
8042429093,623801,193235,,,,,,,,,,456.561,731867.988,Device,,NVIDIA A100-SXM4-40GB MIG 4g.20gb (0),1,,13,[CUDA memset]
8043060734,60447,193240,,,,,,,,,,1.235,20429.679,Pinned,Device,NVIDIA A100-SXM4-40GB MIG 4g.20gb (0),1,,13,[CUDA memcpy Host-to-Device]
8043124477,14016,193241,,,,,,,,,,0.197,14027.391,Pinned,Device,NVIDIA A100-SXM4-40GB MIG 4g.20gb (0),1,,13,[CUDA memcpy Host-to-Device]
8043471033,16032,193242,69,4,1,48,1,1,76,0.002,0.000,,,,,NVIDIA A100-SXM4-40GB MIG 4g.20gb (0),1,,13,"void ch_est::windowedChEstPreNoDftSOfdmKernel<float, __half, float, (unsigned int)2, (unsigned int)1, (unsigned short)4>(ch_est::puschRxChEstStatDescr_t *, ch_est::puschRxChEstDynDescr_t *)"
8044050835,24224,193243,137,2,1,24,2,1,44,0.001,0.001,,,,,NVIDIA A100-SXM4-40GB MIG 4g.20gb (0),1,,13,"void ch_est::chEstFilterNoDftSOfdmDispatchKernel<float, __half, float, (unsigned int)2>(ch_est::puschRxChEstStatDescr_t *, ch_est::puschRxChEstDynDescr_t *)"
8044424303,27327,193244,137,2,1,24,2,1,44,0.001,0.001,,,,,NVIDIA A100-SXM4-40GB MIG 4g.20gb (0),1,,13,"void ch_est::chEstFilterNoDftSOfdmDispatchKernel<float, __half, float, (unsigned int)2>(ch_est::puschRxChEstStatDescr_t *, ch_est::puschRxChEstDynDescr_t *)"
8044770923,6624,193255,103,1,1,128,1,1,16,0.000,0.000,,,,,NVIDIA A100-SXM4-40GB MIG 4g.20gb (0),1,,13,cupy_copy__complex64_complex64
8045380740,26015,193265,1434,1,1,128,1,1,16,0.000,0.000,,,,,NVIDIA A100-SXM4-40GB MIG 4g.20gb (0),1,,13,cupy_copy__complex64_complex64
8045858078,5280,193272,103,1,1,128,1,1,16,0.000,0.000,,,,,NVIDIA A100-SXM4-40GB MIG 4g.20gb (0),1,,13,cupy_copy__complex64_complex64
8046504279,239901,193279,1,1,1,32,32,1,30,0.000,0.000,,,,,NVIDIA A100-SXM4-40GB MIG 4g.20gb (0),1,,13,"void convert_kernel<__half2, float2>(tensor_layout_any, T1 *, tensor_layout_any, const T2 *)"
8046774036,6912,193282,,,,,,,,,,0.094,13555.469,Pinned,Device,NVIDIA A100-SXM4-40GB MIG 4g.20gb (0),1,,13,[CUDA memcpy Host-to-Device]
8047417580,60160,193283,,,,,,,,,,35.810,595232.490,Device,,NVIDIA A100-SXM4-40GB MIG 4g.20gb (0),1,,13,[CUDA memset]
8047484364,1888,193285,,,,,,,,,,0.000,42.373,Pinned,Device,NVIDIA A100-SXM4-40GB MIG 4g.20gb (0),1,,13,[CUDA memcpy Host-to-Device]
8047489260,10720,193286,,,,,,,,,,0.197,18340.184,Pinned,Device,NVIDIA A100-SXM4-40GB MIG 4g.20gb (0),1,,13,[CUDA memcpy Host-to-Device]
8048140836,26976,193287,273,1,1,48,1,1,40,0.000,0.001,,,,,NVIDIA A100-SXM4-40GB MIG 4g.20gb (0),1,,13,"void pusch_noise_intf_est::noiseIntfEstNoDftSOfdmKernel<float, __half, float, float, (unsigned int)2, (unsigned int)1, (unsigned char)4, (unsigned char)4>(pusch_noise_intf_est::puschRxNoiseIntfEstDynDescr)"
8048815901,11039,193298,35,1,1,128,1,1,16,0.000,0.000,,,,,NVIDIA A100-SXM4-40GB MIG 4g.20gb (0),1,,13,cupy_copy__complex64_complex64
8049287255,3712,193307,1,1,1,1,1,1,18,0.000,0.000,,,,,NVIDIA A100-SXM4-40GB MIG 4g.20gb (0),1,,13,cupy_copy__float32_float32
8049291383,3104,193313,,,,,,,,,,0.000,1.289,Device,Pageable,NVIDIA A100-SXM4-40GB MIG 4g.20gb (0),1,,7,[CUDA memcpy Device-to-Host]
8049960752,17151,193324,1434,1,1,128,1,1,16,0.000,0.000,,,,,NVIDIA A100-SXM4-40GB MIG 4g.20gb (0),1,,13,cupy_copy__complex64_complex64
8050619944,7904,193331,103,1,1,128,1,1,16,0.000,0.000,,,,,NVIDIA A100-SXM4-40GB MIG 4g.20gb (0),1,,13,cupy_copy__complex64_complex64
8051000868,7232,193338,35,1,1,128,1,1,16,0.000,0.000,,,,,NVIDIA A100-SXM4-40GB MIG 4g.20gb (0),1,,13,cupy_copy__complex64_complex64
8051369120,4191,193345,1,1,1,1,1,1,18,0.000,0.000,,,,,NVIDIA A100-SXM4-40GB MIG 4g.20gb (0),1,,13,cupy_copy__float32_float32
8051591837,202494,193356,1,1,1,32,32,1,30,0.000,0.000,,,,,NVIDIA A100-SXM4-40GB MIG 4g.20gb (0),1,,13,"void convert_kernel<__half2, float2>(tensor_layout_any, T1 *, tensor_layout_any, const T2 *)"
8051823130,8736,193359,,,,,,,,,,0.094,10725.194,Pinned,Device,NVIDIA A100-SXM4-40GB MIG 4g.20gb (0),1,,13,[CUDA memcpy Host-to-Device]
8051955577,6656,193360,,,,,,,,,,1.547,232364.790,Device,,NVIDIA A100-SXM4-40GB MIG 4g.20gb (0),1,,13,[CUDA memset]
8051967129,3264,193365,,,,,,,,,,0.031,9588.218,Pinned,Device,NVIDIA A100-SXM4-40GB MIG 4g.20gb (0),1,,13,[CUDA memcpy Host-to-Device]
8051973081,10848,193366,,,,,,,,,,0.197,18123.719,Pinned,Device,NVIDIA A100-SXM4-40GB MIG 4g.20gb (0),1,,13,[CUDA memcpy Host-to-Device]
8052297141,13632,193367,273,1,1,8,4,1,39,0.002,0.000,,,,,NVIDIA A100-SXM4-40GB MIG 4g.20gb (0),1,,13,"void channel_eq::eqMmseCoefCompLowMimoKernel<float, float, float, (unsigned int)4, (unsigned int)1, (unsigned int)4>(const channel_eq::_puschRxChEqStatDescr *, channel_eq::_puschRxChEqCoefCompDynDescr)"
8052637297,26016,193368,273,1,1,12,11,1,51,0.002,0.000,,,,,NVIDIA A100-SXM4-40GB MIG 4g.20gb (0),1,,13,"void channel_eq::eqMmseSoftDemapKernel<float, __half, __half, float, (unsigned int)4, (unsigned short)16383>(channel_eq::_puschRxChEqStatDescr *, channel_eq::_puschRxChEqSoftDemapDynDescr)"
8053064556,735544,193369,1,1,1,32,32,1,30,0.000,0.000,,,,,NVIDIA A100-SXM4-40GB MIG 4g.20gb (0),1,,13,"void convert_kernel<float2, __half2>(tensor_layout_any, T1 *, tensor_layout_any, const T2 *)"
8054355390,12991,193381,2253,1,1,128,1,1,16,0.000,0.000,,,,,NVIDIA A100-SXM4-40GB MIG 4g.20gb (0),1,,13,cupy_copy__float16_float16
8055073653,5024,193390,282,1,1,128,1,1,16,0.000,0.000,,,,,NVIDIA A100-SXM4-40GB MIG 4g.20gb (0),1,,13,cupy_copy__complex64_complex64
8055620143,3680,193399,26,1,1,128,1,1,16,0.000,0.000,,,,,NVIDIA A100-SXM4-40GB MIG 4g.20gb (0),1,,13,cupy_copy__float32_float32
8056308999,7840,193408,103,1,1,128,1,1,16,0.000,0.000,,,,,NVIDIA A100-SXM4-40GB MIG 4g.20gb (0),1,,13,cupy_copy__complex64_complex64
8056998143,17184,193418,1434,1,1,128,1,1,16,0.000,0.000,,,,,NVIDIA A100-SXM4-40GB MIG 4g.20gb (0),1,,13,cupy_copy__complex64_complex64
8057632088,253213,193423,1,1,1,32,32,1,30,0.000,0.000,,,,,NVIDIA A100-SXM4-40GB MIG 4g.20gb (0),1,,13,"void convert_kernel<__half2, float2>(tensor_layout_any, T1 *, tensor_layout_any, const T2 *)"
8057917845,6944,193426,,,,,,,,,,0.094,13493.067,Pinned,Device,NVIDIA A100-SXM4-40GB MIG 4g.20gb (0),1,,13,[CUDA memcpy Host-to-Device]
8058625901,607993,193427,,,,,,,,,,456.561,750587.007,Device,,NVIDIA A100-SXM4-40GB MIG 4g.20gb (0),1,,13,[CUDA memset]
8059240774,60447,193432,,,,,,,,,,1.235,20429.679,Pinned,Device,NVIDIA A100-SXM4-40GB MIG 4g.20gb (0),1,,13,[CUDA memcpy Host-to-Device]
8059307653,13056,193433,,,,,,,,,,0.197,15058.797,Pinned,Device,NVIDIA A100-SXM4-40GB MIG 4g.20gb (0),1,,13,[CUDA memcpy Host-to-Device]
8059940670,11264,193434,69,4,1,48,1,1,76,0.002,0.000,,,,,NVIDIA A100-SXM4-40GB MIG 4g.20gb (0),1,,13,"void ch_est::windowedChEstPreNoDftSOfdmKernel<float, __half, float, (unsigned int)2, (unsigned int)1, (unsigned short)4>(ch_est::puschRxChEstStatDescr_t *, ch_est::puschRxChEstDynDescr_t *)"
8060645750,11360,193435,137,2,1,24,2,1,44,0.001,0.001,,,,,NVIDIA A100-SXM4-40GB MIG 4g.20gb (0),1,,13,"void ch_est::chEstFilterNoDftSOfdmDispatchKernel<float, __half, float, (unsigned int)2>(ch_est::puschRxChEstStatDescr_t *, ch_est::puschRxChEstDynDescr_t *)"
8061166416,10496,193436,137,2,1,24,2,1,44,0.001,0.001,,,,,NVIDIA A100-SXM4-40GB MIG 4g.20gb (0),1,,13,"void ch_est::chEstFilterNoDftSOfdmDispatchKernel<float, __half, float, (unsigned int)2>(ch_est::puschRxChEstStatDescr_t *, ch_est::puschRxChEstDynDescr_t *)"
8061528588,7456,193447,103,1,1,128,1,1,16,0.000,0.000,,,,,NVIDIA A100-SXM4-40GB MIG 4g.20gb (0),1,,13,cupy_copy__complex64_complex64
8061840200,17152,193457,1434,1,1,128,1,1,16,0.000,0.000,,,,,NVIDIA A100-SXM4-40GB MIG 4g.20gb (0),1,,13,cupy_copy__complex64_complex64
8062171493,8672,193464,103,1,1,128,1,1,16,0.000,0.000,,,,,NVIDIA A100-SXM4-40GB MIG 4g.20gb (0),1,,13,cupy_copy__complex64_complex64
8062421794,280573,193471,1,1,1,32,32,1,30,0.000,0.000,,,,,NVIDIA A100-SXM4-40GB MIG 4g.20gb (0),1,,13,"void convert_kernel<__half2, float2>(tensor_layout_any, T1 *, tensor_layout_any, const T2 *)"
8062731742,5728,193474,,,,,,,,,,0.094,16357.541,Pinned,Device,NVIDIA A100-SXM4-40GB MIG 4g.20gb (0),1,,13,[CUDA memcpy Host-to-Device]
8063159801,51872,193475,,,,,,,,,,35.810,690343.638,Device,,NVIDIA A100-SXM4-40GB MIG 4g.20gb (0),1,,13,[CUDA memset]
8063214809,2240,193477,,,,,,,,,,0.000,35.714,Pinned,Device,NVIDIA A100-SXM4-40GB MIG 4g.20gb (0),1,,13,[CUDA memcpy Host-to-Device]
8063220121,9664,193478,,,,,,,,,,0.197,20344.209,Pinned,Device,NVIDIA A100-SXM4-40GB MIG 4g.20gb (0),1,,13,[CUDA memcpy Host-to-Device]
8063839794,14431,193479,273,1,1,48,1,1,40,0.000,0.001,,,,,NVIDIA A100-SXM4-40GB MIG 4g.20gb (0),1,,13,"void pusch_noise_intf_est::noiseIntfEstNoDftSOfdmKernel<float, __half, float, float, (unsigned int)2, (unsigned int)1, (unsigned char)4, (unsigned char)4>(pusch_noise_intf_est::puschRxNoiseIntfEstDynDescr)"
8064336300,3904,193490,35,1,1,128,1,1,16,0.000,0.000,,,,,NVIDIA A100-SXM4-40GB MIG 4g.20gb (0),1,,13,cupy_copy__complex64_complex64
8065015524,4000,193499,1,1,1,1,1,1,18,0.000,0.000,,,,,NVIDIA A100-SXM4-40GB MIG 4g.20gb (0),1,,13,cupy_copy__float32_float32
8065024900,5280,193505,,,,,,,,,,0.000,0.758,Device,Pageable,NVIDIA A100-SXM4-40GB MIG 4g.20gb (0),1,,7,[CUDA memcpy Device-to-Host]
8065600062,16511,193516,1434,1,1,128,1,1,16,0.000,0.000,,,,,NVIDIA A100-SXM4-40GB MIG 4g.20gb (0),1,,13,cupy_copy__complex64_complex64
8066283446,7616,193523,103,1,1,128,1,1,16,0.000,0.000,,,,,NVIDIA A100-SXM4-40GB MIG 4g.20gb (0),1,,13,cupy_copy__complex64_complex64
8066961198,16736,193530,35,1,1,128,1,1,16,0.000,0.000,,,,,NVIDIA A100-SXM4-40GB MIG 4g.20gb (0),1,,13,cupy_copy__complex64_complex64
8067572231,3872,193537,1,1,1,1,1,1,18,0.000,0.000,,,,,NVIDIA A100-SXM4-40GB MIG 4g.20gb (0),1,,13,cupy_copy__float32_float32
8068031682,255997,193548,1,1,1,32,32,1,30,0.000,0.000,,,,,NVIDIA A100-SXM4-40GB MIG 4g.20gb (0),1,,13,"void convert_kernel<__half2, float2>(tensor_layout_any, T1 *, tensor_layout_any, const T2 *)"
8068321151,6528,193551,,,,,,,,,,0.094,14352.915,Pinned,Device,NVIDIA A100-SXM4-40GB MIG 4g.20gb (0),1,,13,[CUDA memcpy Host-to-Device]
8068951671,7232,193552,,,,,,,,,,1.547,213857.887,Device,,NVIDIA A100-SXM4-40GB MIG 4g.20gb (0),1,,13,[CUDA memset]
8068963607,3424,193557,,,,,,,,,,0.031,9140.185,Pinned,Device,NVIDIA A100-SXM4-40GB MIG 4g.20gb (0),1,,13,[CUDA memcpy Host-to-Device]
8068969943,9760,193558,,,,,,,,,,0.197,20144.259,Pinned,Device,NVIDIA A100-SXM4-40GB MIG 4g.20gb (0),1,,13,[CUDA memcpy Host-to-Device]
8069404850,24576,193559,273,1,1,8,4,1,39,0.002,0.000,,,,,NVIDIA A100-SXM4-40GB MIG 4g.20gb (0),1,,13,"void channel_eq::eqMmseCoefCompLowMimoKernel<float, float, float, (unsigned int)4, (unsigned int)1, (unsigned int)4>(const channel_eq::_puschRxChEqStatDescr *, channel_eq::_puschRxChEqCoefCompDynDescr)"
8069905517,11135,193560,273,1,1,12,11,1,51,0.002,0.000,,,,,NVIDIA A100-SXM4-40GB MIG 4g.20gb (0),1,,13,"void channel_eq::eqMmseSoftDemapKernel<float, __half, __half, float, (unsigned int)4, (unsigned short)16383>(channel_eq::_puschRxChEqStatDescr *, channel_eq::_puschRxChEqSoftDemapDynDescr)"
8070400775,690616,193561,1,1,1,32,32,1,30,0.000,0.000,,,,,NVIDIA A100-SXM4-40GB MIG 4g.20gb (0),1,,13,"void convert_kernel<float2, __half2>(tensor_layout_any, T1 *, tensor_layout_any, const T2 *)"
8071405212,14399,193573,2253,1,1,128,1,1,16,0.000,0.000,,,,,NVIDIA A100-SXM4-40GB MIG 4g.20gb (0),1,,13,cupy_copy__float16_float16
8071735224,7360,193582,282,1,1,128,1,1,16,0.000,0.000,,,,,NVIDIA A100-SXM4-40GB MIG 4g.20gb (0),1,,13,cupy_copy__complex64_complex64
8072130643,14976,193591,26,1,1,128,1,1,16,0.000,0.000,,,,,NVIDIA A100-SXM4-40GB MIG 4g.20gb (0),1,,13,cupy_copy__float32_float32
8072584846,14016,193600,103,1,1,128,1,1,16,0.000,0.000,,,,,NVIDIA A100-SXM4-40GB MIG 4g.20gb (0),1,,13,cupy_copy__complex64_complex64
8072935594,21600,193610,1434,1,1,128,1,1,16,0.000,0.000,,,,,NVIDIA A100-SXM4-40GB MIG 4g.20gb (0),1,,13,cupy_copy__complex64_complex64
8073436484,268285,193615,1,1,1,32,32,1,30,0.000,0.000,,,,,NVIDIA A100-SXM4-40GB MIG 4g.20gb (0),1,,13,"void convert_kernel<__half2, float2>(tensor_layout_any, T1 *, tensor_layout_any, const T2 *)"
8073734145,5888,193618,,,,,,,,,,0.094,15912.954,Pinned,Device,NVIDIA A100-SXM4-40GB MIG 4g.20gb (0),1,,13,[CUDA memcpy Host-to-Device]
8074253723,614169,193619,,,,,,,,,,456.561,743282.024,Device,,NVIDIA A100-SXM4-40GB MIG 4g.20gb (0),1,,13,[CUDA memset]
8074868852,60575,193624,,,,,,,,,,1.235,20386.456,Pinned,Device,NVIDIA A100-SXM4-40GB MIG 4g.20gb (0),1,,13,[CUDA memcpy Host-to-Device]
8074931923,9600,193625,,,,,,,,,,0.197,20479.869,Pinned,Device,NVIDIA A100-SXM4-40GB MIG 4g.20gb (0),1,,13,[CUDA memcpy Host-to-Device]
8075519885,18655,193626,69,4,1,48,1,1,76,0.002,0.000,,,,,NVIDIA A100-SXM4-40GB MIG 4g.20gb (0),1,,13,"void ch_est::windowedChEstPreNoDftSOfdmKernel<float, __half, float, (unsigned int)2, (unsigned int)1, (unsigned short)4>(ch_est::puschRxChEstStatDescr_t *, ch_est::puschRxChEstDynDescr_t *)"
8076180741,18112,193627,137,2,1,24,2,1,44,0.001,0.001,,,,,NVIDIA A100-SXM4-40GB MIG 4g.20gb (0),1,,13,"void ch_est::chEstFilterNoDftSOfdmDispatchKernel<float, __half, float, (unsigned int)2>(ch_est::puschRxChEstStatDescr_t *, ch_est::puschRxChEstDynDescr_t *)"
8076840158,18303,193628,137,2,1,24,2,1,44,0.001,0.001,,,,,NVIDIA A100-SXM4-40GB MIG 4g.20gb (0),1,,13,"void ch_est::chEstFilterNoDftSOfdmDispatchKernel<float, __half, float, (unsigned int)2>(ch_est::puschRxChEstStatDescr_t *, ch_est::puschRxChEstDynDescr_t *)"
8077501686,11296,193639,103,1,1,128,1,1,16,0.000,0.000,,,,,NVIDIA A100-SXM4-40GB MIG 4g.20gb (0),1,,13,cupy_copy__complex64_complex64
8077988433,18495,193649,1434,1,1,128,1,1,16,0.000,0.000,,,,,NVIDIA A100-SXM4-40GB MIG 4g.20gb (0),1,,13,cupy_copy__complex64_complex64
8078652905,4160,193656,103,1,1,128,1,1,16,0.000,0.000,,,,,NVIDIA A100-SXM4-40GB MIG 4g.20gb (0),1,,13,cupy_copy__complex64_complex64
8079183011,259325,193663,1,1,1,32,32,1,30,0.000,0.000,,,,,NVIDIA A100-SXM4-40GB MIG 4g.20gb (0),1,,13,"void convert_kernel<__half2, float2>(tensor_layout_any, T1 *, tensor_layout_any, const T2 *)"
8079471136,5792,193666,,,,,,,,,,0.094,16176.708,Pinned,Device,NVIDIA A100-SXM4-40GB MIG 4g.20gb (0),1,,13,[CUDA memcpy Host-to-Device]
8079767580,48480,193667,,,,,,,,,,35.810,738651.220,Device,,NVIDIA A100-SXM4-40GB MIG 4g.20gb (0),1,,13,[CUDA memset]
8079821596,3744,193669,,,,,,,,,,0.000,21.368,Pinned,Device,NVIDIA A100-SXM4-40GB MIG 4g.20gb (0),1,,13,[CUDA memcpy Host-to-Device]
8079827772,9824,193670,,,,,,,,,,0.197,20012.925,Pinned,Device,NVIDIA A100-SXM4-40GB MIG 4g.20gb (0),1,,13,[CUDA memcpy Host-to-Device]
8080172152,28095,193671,273,1,1,48,1,1,40,0.000,0.001,,,,,NVIDIA A100-SXM4-40GB MIG 4g.20gb (0),1,,13,"void pusch_noise_intf_est::noiseIntfEstNoDftSOfdmKernel<float, __half, float, float, (unsigned int)2, (unsigned int)1, (unsigned char)4, (unsigned char)4>(pusch_noise_intf_est::puschRxNoiseIntfEstDynDescr)"
8080293430,5984,193682,35,1,1,128,1,1,16,0.000,0.000,,,,,NVIDIA A100-SXM4-40GB MIG 4g.20gb (0),1,,13,cupy_copy__complex64_complex64
8080603859,3968,193691,1,1,1,1,1,1,18,0.000,0.000,,,,,NVIDIA A100-SXM4-40GB MIG 4g.20gb (0),1,,13,cupy_copy__float32_float32
8080615219,1856,193697,,,,,,,,,,0.000,2.155,Device,Pageable,NVIDIA A100-SXM4-40GB MIG 4g.20gb (0),1,,7,[CUDA memcpy Device-to-Host]
8080953487,14976,193708,1434,1,1,128,1,1,16,0.000,0.000,,,,,NVIDIA A100-SXM4-40GB MIG 4g.20gb (0),1,,13,cupy_copy__complex64_complex64
8081288971,7264,193715,103,1,1,128,1,1,16,0.000,0.000,,,,,NVIDIA A100-SXM4-40GB MIG 4g.20gb (0),1,,13,cupy_copy__complex64_complex64
8081653927,7520,193722,35,1,1,128,1,1,16,0.000,0.000,,,,,NVIDIA A100-SXM4-40GB MIG 4g.20gb (0),1,,13,cupy_copy__complex64_complex64
8082143105,3840,193729,1,1,1,1,1,1,18,0.000,0.000,,,,,NVIDIA A100-SXM4-40GB MIG 4g.20gb (0),1,,13,cupy_copy__float32_float32
8082623740,271005,193740,1,1,1,32,32,1,30,0.000,0.000,,,,,NVIDIA A100-SXM4-40GB MIG 4g.20gb (0),1,,13,"void convert_kernel<__half2, float2>(tensor_layout_any, T1 *, tensor_layout_any, const T2 *)"
8082922936,5472,193743,,,,,,,,,,0.094,17122.757,Pinned,Device,NVIDIA A100-SXM4-40GB MIG 4g.20gb (0),1,,13,[CUDA memcpy Host-to-Device]
8083506322,6880,193744,,,,,,,,,,1.547,224798.705,Device,,NVIDIA A100-SXM4-40GB MIG 4g.20gb (0),1,,13,[CUDA memset]
8083519218,5984,193749,,,,,,,,,,0.031,5229.937,Pinned,Device,NVIDIA A100-SXM4-40GB MIG 4g.20gb (0),1,,13,[CUDA memcpy Host-to-Device]
8083527634,9887,193750,,,,,,,,,,0.197,19885.326,Pinned,Device,NVIDIA A100-SXM4-40GB MIG 4g.20gb (0),1,,13,[CUDA memcpy Host-to-Device]
8084124235,18368,193751,273,1,1,8,4,1,39,0.002,0.000,,,,,NVIDIA A100-SXM4-40GB MIG 4g.20gb (0),1,,13,"void channel_eq::eqMmseCoefCompLowMimoKernel<float, float, float, (unsigned int)4, (unsigned int)1, (unsigned int)4>(const channel_eq::_puschRxChEqStatDescr *, channel_eq::_puschRxChEqCoefCompDynDescr)"
8084770787,13504,193752,273,1,1,12,11,1,51,0.002,0.000,,,,,NVIDIA A100-SXM4-40GB MIG 4g.20gb (0),1,,13,"void channel_eq::eqMmseSoftDemapKernel<float, __half, __half, float, (unsigned int)4, (unsigned short)16383>(channel_eq::_puschRxChEqStatDescr *, channel_eq::_puschRxChEqSoftDemapDynDescr)"
8085373085,569177,193753,1,1,1,32,32,1,30,0.000,0.000,,,,,NVIDIA A100-SXM4-40GB MIG 4g.20gb (0),1,,13,"void convert_kernel<float2, __half2>(tensor_layout_any, T1 *, tensor_layout_any, const T2 *)"
8086448368,21600,193765,2253,1,1,128,1,1,16,0.000,0.000,,,,,NVIDIA A100-SXM4-40GB MIG 4g.20gb (0),1,,13,cupy_copy__float16_float16
8086998282,5088,193774,282,1,1,128,1,1,16,0.000,0.000,,,,,NVIDIA A100-SXM4-40GB MIG 4g.20gb (0),1,,13,cupy_copy__complex64_complex64
8087610115,3904,193783,26,1,1,128,1,1,16,0.000,0.000,,,,,NVIDIA A100-SXM4-40GB MIG 4g.20gb (0),1,,13,cupy_copy__float32_float32
8088101822,13375,193792,103,1,1,128,1,1,16,0.000,0.000,,,,,NVIDIA A100-SXM4-40GB MIG 4g.20gb (0),1,,13,cupy_copy__complex64_complex64
8088347931,17632,193802,1434,1,1,128,1,1,16,0.000,0.000,,,,,NVIDIA A100-SXM4-40GB MIG 4g.20gb (0),1,,13,cupy_copy__complex64_complex64
8088705143,237053,193807,1,1,1,32,32,1,30,0.000,0.000,,,,,NVIDIA A100-SXM4-40GB MIG 4g.20gb (0),1,,13,"void convert_kernel<__half2, float2>(tensor_layout_any, T1 *, tensor_layout_any, const T2 *)"
8088974804,5440,193810,,,,,,,,,,0.094,17223.480,Pinned,Device,NVIDIA A100-SXM4-40GB MIG 4g.20gb (0),1,,13,[CUDA memcpy Host-to-Device]
8089257200,617945,193811,,,,,,,,,,456.561,738716.410,Device,,NVIDIA A100-SXM4-40GB MIG 4g.20gb (0),1,,13,[CUDA memset]
8089883625,56992,193816,,,,,,,,,,1.235,21668.327,Pinned,Device,NVIDIA A100-SXM4-40GB MIG 4g.20gb (0),1,,13,[CUDA memcpy Host-to-Device]
8089943305,10975,193817,,,,,,,,,,0.197,17914.135,Pinned,Device,NVIDIA A100-SXM4-40GB MIG 4g.20gb (0),1,,13,[CUDA memcpy Host-to-Device]
8090296581,15231,193818,69,4,1,48,1,1,76,0.002,0.000,,,,,NVIDIA A100-SXM4-40GB MIG 4g.20gb (0),1,,13,"void ch_est::windowedChEstPreNoDftSOfdmKernel<float, __half, float, (unsigned int)2, (unsigned int)1, (unsigned short)4>(ch_est::puschRxChEstStatDescr_t *, ch_est::puschRxChEstDynDescr_t *)"
8091060124,14784,193819,137,2,1,24,2,1,44,0.001,0.001,,,,,NVIDIA A100-SXM4-40GB MIG 4g.20gb (0),1,,13,"void ch_est::chEstFilterNoDftSOfdmDispatchKernel<float, __half, float, (unsigned int)2>(ch_est::puschRxChEstStatDescr_t *, ch_est::puschRxChEstDynDescr_t *)"
8091873011,14495,193820,137,2,1,24,2,1,44,0.001,0.001,,,,,NVIDIA A100-SXM4-40GB MIG 4g.20gb (0),1,,13,"void ch_est::chEstFilterNoDftSOfdmDispatchKernel<float, __half, float, (unsigned int)2>(ch_est::puschRxChEstStatDescr_t *, ch_est::puschRxChEstDynDescr_t *)"
8092328749,4544,193831,103,1,1,128,1,1,16,0.000,0.000,,,,,NVIDIA A100-SXM4-40GB MIG 4g.20gb (0),1,,13,cupy_copy__complex64_complex64
8093083269,19584,193841,1434,1,1,128,1,1,16,0.000,0.000,,,,,NVIDIA A100-SXM4-40GB MIG 4g.20gb (0),1,,13,cupy_copy__complex64_complex64
8093708318,4000,193848,103,1,1,128,1,1,16,0.000,0.000,,,,,NVIDIA A100-SXM4-40GB MIG 4g.20gb (0),1,,13,cupy_copy__complex64_complex64
8094545844,240541,193855,1,1,1,32,32,1,30,0.000,0.000,,,,,NVIDIA A100-SXM4-40GB MIG 4g.20gb (0),1,,13,"void convert_kernel<__half2, float2>(tensor_layout_any, T1 *, tensor_layout_any, const T2 *)"
8094820657,9696,193858,,,,,,,,,,0.094,9663.337,Pinned,Device,NVIDIA A100-SXM4-40GB MIG 4g.20gb (0),1,,13,[CUDA memcpy Host-to-Device]
8095638792,58815,193859,,,,,,,,,,35.810,608840.260,Device,,NVIDIA A100-SXM4-40GB MIG 4g.20gb (0),1,,13,[CUDA memset]
8095703559,3168,193861,,,,,,,,,,0.000,25.252,Pinned,Device,NVIDIA A100-SXM4-40GB MIG 4g.20gb (0),1,,13,[CUDA memcpy Host-to-Device]
8095712967,11712,193862,,,,,,,,,,0.197,16786.784,Pinned,Device,NVIDIA A100-SXM4-40GB MIG 4g.20gb (0),1,,13,[CUDA memcpy Host-to-Device]
8096542301,28672,193863,273,1,1,48,1,1,40,0.000,0.001,,,,,NVIDIA A100-SXM4-40GB MIG 4g.20gb (0),1,,13,"void pusch_noise_intf_est::noiseIntfEstNoDftSOfdmKernel<float, __half, float, float, (unsigned int)2, (unsigned int)1, (unsigned char)4, (unsigned char)4>(pusch_noise_intf_est::puschRxNoiseIntfEstDynDescr)"
8097163478,4000,193874,35,1,1,128,1,1,16,0.000,0.000,,,,,NVIDIA A100-SXM4-40GB MIG 4g.20gb (0),1,,13,cupy_copy__complex64_complex64
8098024973,3328,193883,1,1,1,1,1,1,18,0.000,0.000,,,,,NVIDIA A100-SXM4-40GB MIG 4g.20gb (0),1,,13,cupy_copy__float32_float32
8098033549,1888,193889,,,,,,,,,,0.000,2.119,Device,Pageable,NVIDIA A100-SXM4-40GB MIG 4g.20gb (0),1,,7,[CUDA memcpy Device-to-Host]
8098893475,16896,193900,1434,1,1,128,1,1,16,0.000,0.000,,,,,NVIDIA A100-SXM4-40GB MIG 4g.20gb (0),1,,13,cupy_copy__complex64_complex64
8099351966,5279,193907,103,1,1,128,1,1,16,0.000,0.000,,,,,NVIDIA A100-SXM4-40GB MIG 4g.20gb (0),1,,13,cupy_copy__complex64_complex64
8099782425,8480,193914,35,1,1,128,1,1,16,0.000,0.000,,,,,NVIDIA A100-SXM4-40GB MIG 4g.20gb (0),1,,13,cupy_copy__complex64_complex64
8100066357,3872,193921,1,1,1,1,1,1,18,0.000,0.000,,,,,NVIDIA A100-SXM4-40GB MIG 4g.20gb (0),1,,13,cupy_copy__float32_float32
8100191668,257917,193932,1,1,1,32,32,1,30,0.000,0.000,,,,,NVIDIA A100-SXM4-40GB MIG 4g.20gb (0),1,,13,"void convert_kernel<__half2, float2>(tensor_layout_any, T1 *, tensor_layout_any, const T2 *)"
8100479473,5888,193935,,,,,,,,,,0.094,15912.954,Pinned,Device,NVIDIA A100-SXM4-40GB MIG 4g.20gb (0),1,,13,[CUDA memcpy Host-to-Device]
8100727118,6432,193936,,,,,,,,,,1.547,240456.727,Device,,NVIDIA A100-SXM4-40GB MIG 4g.20gb (0),1,,13,[CUDA memset]
8100741998,4128,193941,,,,,,,,,,0.031,7581.393,Pinned,Device,NVIDIA A100-SXM4-40GB MIG 4g.20gb (0),1,,13,[CUDA memcpy Host-to-Device]
8100751694,10399,193942,,,,,,,,,,0.197,18906.415,Pinned,Device,NVIDIA A100-SXM4-40GB MIG 4g.20gb (0),1,,13,[CUDA memcpy Host-to-Device]
8100852940,14272,193943,273,1,1,8,4,1,39,0.002,0.000,,,,,NVIDIA A100-SXM4-40GB MIG 4g.20gb (0),1,,13,"void channel_eq::eqMmseCoefCompLowMimoKernel<float, float, float, (unsigned int)4, (unsigned int)1, (unsigned int)4>(const channel_eq::_puschRxChEqStatDescr *, channel_eq::_puschRxChEqCoefCompDynDescr)"
8101194889,12991,193944,273,1,1,12,11,1,51,0.002,0.000,,,,,NVIDIA A100-SXM4-40GB MIG 4g.20gb (0),1,,13,"void channel_eq::eqMmseSoftDemapKernel<float, __half, __half, float, (unsigned int)4, (unsigned short)16383>(channel_eq::_puschRxChEqStatDescr *, channel_eq::_puschRxChEqSoftDemapDynDescr)"
8101519621,715576,193945,1,1,1,32,32,1,30,0.000,0.000,,,,,NVIDIA A100-SXM4-40GB MIG 4g.20gb (0),1,,13,"void convert_kernel<float2, __half2>(tensor_layout_any, T1 *, tensor_layout_any, const T2 *)"
8102550937,14592,193957,2253,1,1,128,1,1,16,0.000,0.000,,,,,NVIDIA A100-SXM4-40GB MIG 4g.20gb (0),1,,13,cupy_copy__float16_float16
8103047955,6048,193966,282,1,1,128,1,1,16,0.000,0.000,,,,,NVIDIA A100-SXM4-40GB MIG 4g.20gb (0),1,,13,cupy_copy__complex64_complex64
8103515086,4288,193975,26,1,1,128,1,1,16,0.000,0.000,,,,,NVIDIA A100-SXM4-40GB MIG 4g.20gb (0),1,,13,cupy_copy__float32_float32
8104076424,8960,193984,103,1,1,128,1,1,16,0.000,0.000,,,,,NVIDIA A100-SXM4-40GB MIG 4g.20gb (0),1,,13,cupy_copy__complex64_complex64
8104639649,17376,193994,1434,1,1,128,1,1,16,0.000,0.000,,,,,NVIDIA A100-SXM4-40GB MIG 4g.20gb (0),1,,13,cupy_copy__complex64_complex64
8105149948,256509,193999,1,1,1,32,32,1,30,0.000,0.000,,,,,NVIDIA A100-SXM4-40GB MIG 4g.20gb (0),1,,13,"void convert_kernel<__half2, float2>(tensor_layout_any, T1 *, tensor_layout_any, const T2 *)"
8105440248,6688,194002,,,,,,,,,,0.094,14009.520,Pinned,Device,NVIDIA A100-SXM4-40GB MIG 4g.20gb (0),1,,13,[CUDA memcpy Host-to-Device]
8105985074,611705,194003,,,,,,,,,,456.561,746021.393,Device,,NVIDIA A100-SXM4-40GB MIG 4g.20gb (0),1,,13,[CUDA memset]
8106602347,62335,194008,,,,,,,,,,1.235,19810.972,Pinned,Device,NVIDIA A100-SXM4-40GB MIG 4g.20gb (0),1,,13,[CUDA memcpy Host-to-Device]
8106668298,13600,194009,,,,,,,,,,0.197,14456.390,Pinned,Device,NVIDIA A100-SXM4-40GB MIG 4g.20gb (0),1,,13,[CUDA memcpy Host-to-Device]
8107180036,12416,194010,69,4,1,48,1,1,76,0.002,0.000,,,,,NVIDIA A100-SXM4-40GB MIG 4g.20gb (0),1,,13,"void ch_est::windowedChEstPreNoDftSOfdmKernel<float, __half, float, (unsigned int)2, (unsigned int)1, (unsigned short)4>(ch_est::puschRxChEstStatDescr_t *, ch_est::puschRxChEstDynDescr_t *)"
8107639071,9632,194011,137,2,1,24,2,1,44,0.001,0.001,,,,,NVIDIA A100-SXM4-40GB MIG 4g.20gb (0),1,,13,"void ch_est::chEstFilterNoDftSOfdmDispatchKernel<float, __half, float, (unsigned int)2>(ch_est::puschRxChEstStatDescr_t *, ch_est::puschRxChEstDynDescr_t *)"
8108208697,10240,194012,137,2,1,24,2,1,44,0.001,0.001,,,,,NVIDIA A100-SXM4-40GB MIG 4g.20gb (0),1,,13,"void ch_est::chEstFilterNoDftSOfdmDispatchKernel<float, __half, float, (unsigned int)2>(ch_est::puschRxChEstStatDescr_t *, ch_est::puschRxChEstDynDescr_t *)"
8108773458,11264,194023,103,1,1,128,1,1,16,0.000,0.000,,,,,NVIDIA A100-SXM4-40GB MIG 4g.20gb (0),1,,13,cupy_copy__complex64_complex64
8108999248,17920,194033,1434,1,1,128,1,1,16,0.000,0.000,,,,,NVIDIA A100-SXM4-40GB MIG 4g.20gb (0),1,,13,cupy_copy__complex64_complex64
8109108015,5439,194040,103,1,1,128,1,1,16,0.000,0.000,,,,,NVIDIA A100-SXM4-40GB MIG 4g.20gb (0),1,,13,cupy_copy__complex64_complex64
8109399467,244061,194047,1,1,1,32,32,1,30,0.000,0.000,,,,,NVIDIA A100-SXM4-40GB MIG 4g.20gb (0),1,,13,"void convert_kernel<__half2, float2>(tensor_layout_any, T1 *, tensor_layout_any, const T2 *)"
8109674440,5536,194050,,,,,,,,,,0.094,16924.777,Pinned,Device,NVIDIA A100-SXM4-40GB MIG 4g.20gb (0),1,,13,[CUDA memcpy Host-to-Device]
8110017092,60223,194051,,,,,,,,,,35.810,594587.912,Device,,NVIDIA A100-SXM4-40GB MIG 4g.20gb (0),1,,13,[CUDA memset]
8110080099,1824,194053,,,,,,,,,,0.000,43.860,Pinned,Device,NVIDIA A100-SXM4-40GB MIG 4g.20gb (0),1,,13,[CUDA memcpy Host-to-Device]
8110085251,13472,194054,,,,,,,,,,0.197,14593.819,Pinned,Device,NVIDIA A100-SXM4-40GB MIG 4g.20gb (0),1,,13,[CUDA memcpy Host-to-Device]
8110433695,27680,194055,273,1,1,48,1,1,40,0.000,0.001,,,,,NVIDIA A100-SXM4-40GB MIG 4g.20gb (0),1,,13,"void pusch_noise_intf_est::noiseIntfEstNoDftSOfdmKernel<float, __half, float, float, (unsigned int)2, (unsigned int)1, (unsigned char)4, (unsigned char)4>(pusch_noise_intf_est::puschRxNoiseIntfEstDynDescr)"
8110608253,5664,194066,35,1,1,128,1,1,16,0.000,0.000,,,,,NVIDIA A100-SXM4-40GB MIG 4g.20gb (0),1,,13,cupy_copy__complex64_complex64
8111011577,3456,194075,1,1,1,1,1,1,18,0.000,0.000,,,,,NVIDIA A100-SXM4-40GB MIG 4g.20gb (0),1,,13,cupy_copy__float32_float32
8111018361,2560,194081,,,,,,,,,,0.000,1.562,Device,Pageable,NVIDIA A100-SXM4-40GB MIG 4g.20gb (0),1,,7,[CUDA memcpy Device-to-Host]
8111460788,19616,194092,1434,1,1,128,1,1,16,0.000,0.000,,,,,NVIDIA A100-SXM4-40GB MIG 4g.20gb (0),1,,13,cupy_copy__complex64_complex64
8111990478,5728,194099,103,1,1,128,1,1,16,0.000,0.000,,,,,NVIDIA A100-SXM4-40GB MIG 4g.20gb (0),1,,13,cupy_copy__complex64_complex64
8112752933,4992,194106,35,1,1,128,1,1,16,0.000,0.000,,,,,NVIDIA A100-SXM4-40GB MIG 4g.20gb (0),1,,13,cupy_copy__complex64_complex64
8113513372,5728,194113,1,1,1,1,1,1,18,0.000,0.000,,,,,NVIDIA A100-SXM4-40GB MIG 4g.20gb (0),1,,13,cupy_copy__float32_float32
8113884280,271261,194124,1,1,1,32,32,1,30,0.000,0.000,,,,,NVIDIA A100-SXM4-40GB MIG 4g.20gb (0),1,,13,"void convert_kernel<__half2, float2>(tensor_layout_any, T1 *, tensor_layout_any, const T2 *)"
8114185749,5472,194127,,,,,,,,,,0.094,17122.757,Pinned,Device,NVIDIA A100-SXM4-40GB MIG 4g.20gb (0),1,,13,[CUDA memcpy Host-to-Device]
8114789422,6208,194128,,,,,,,,,,1.547,249133.287,Device,,NVIDIA A100-SXM4-40GB MIG 4g.20gb (0),1,,13,[CUDA memset]
8114797614,6304,194133,,,,,,,,,,0.031,4964.453,Pinned,Device,NVIDIA A100-SXM4-40GB MIG 4g.20gb (0),1,,13,[CUDA memcpy Host-to-Device]
8114806382,9984,194134,,,,,,,,,,0.197,19692.257,Pinned,Device,NVIDIA A100-SXM4-40GB MIG 4g.20gb (0),1,,13,[CUDA memcpy Host-to-Device]
8115584261,12448,194135,273,1,1,8,4,1,39,0.002,0.000,,,,,NVIDIA A100-SXM4-40GB MIG 4g.20gb (0),1,,13,"void channel_eq::eqMmseCoefCompLowMimoKernel<float, float, float, (unsigned int)4, (unsigned int)1, (unsigned int)4>(const channel_eq::_puschRxChEqStatDescr *, channel_eq::_puschRxChEqCoefCompDynDescr)"
8116379068,12032,194136,273,1,1,12,11,1,51,0.002,0.000,,,,,NVIDIA A100-SXM4-40GB MIG 4g.20gb (0),1,,13,"void channel_eq::eqMmseSoftDemapKernel<float, __half, __half, float, (unsigned int)4, (unsigned short)16383>(channel_eq::_puschRxChEqStatDescr *, channel_eq::_puschRxChEqSoftDemapDynDescr)"
8117179123,787959,194137,1,1,1,32,32,1,30,0.000,0.000,,,,,NVIDIA A100-SXM4-40GB MIG 4g.20gb (0),1,,13,"void convert_kernel<float2, __half2>(tensor_layout_any, T1 *, tensor_layout_any, const T2 *)"
8118639010,13152,194149,2253,1,1,128,1,1,16,0.000,0.000,,,,,NVIDIA A100-SXM4-40GB MIG 4g.20gb (0),1,,13,cupy_copy__float16_float16
8119334010,4832,194158,282,1,1,128,1,1,16,0.000,0.000,,,,,NVIDIA A100-SXM4-40GB MIG 4g.20gb (0),1,,13,cupy_copy__complex64_complex64
8120003475,5055,194167,26,1,1,128,1,1,16,0.000,0.000,,,,,NVIDIA A100-SXM4-40GB MIG 4g.20gb (0),1,,13,cupy_copy__float32_float32
8120326255,16000,194176,103,1,1,128,1,1,16,0.000,0.000,,,,,NVIDIA A100-SXM4-40GB MIG 4g.20gb (0),1,,13,cupy_copy__complex64_complex64
8120656875,18944,194186,1434,1,1,128,1,1,16,0.000,0.000,,,,,NVIDIA A100-SXM4-40GB MIG 4g.20gb (0),1,,13,cupy_copy__complex64_complex64
8120897448,252029,194191,1,1,1,32,32,1,30,0.000,0.000,,,,,NVIDIA A100-SXM4-40GB MIG 4g.20gb (0),1,,13,"void convert_kernel<__half2, float2>(tensor_layout_any, T1 *, tensor_layout_any, const T2 *)"
8121179525,6304,194194,,,,,,,,,,0.094,14862.903,Pinned,Device,NVIDIA A100-SXM4-40GB MIG 4g.20gb (0),1,,13,[CUDA memcpy Host-to-Device]
8121592000,623673,194195,,,,,,,,,,456.561,731867.988,Device,,NVIDIA A100-SXM4-40GB MIG 4g.20gb (0),1,,13,[CUDA memset]
8122219513,58176,194200,,,,,,,,,,1.235,21227.452,Pinned,Device,NVIDIA A100-SXM4-40GB MIG 4g.20gb (0),1,,13,[CUDA memcpy Host-to-Device]
8122280345,10080,194201,,,,,,,,,,0.197,19504.693,Pinned,Device,NVIDIA A100-SXM4-40GB MIG 4g.20gb (0),1,,13,[CUDA memcpy Host-to-Device]
8122681940,23456,194202,69,4,1,48,1,1,76,0.002,0.000,,,,,NVIDIA A100-SXM4-40GB MIG 4g.20gb (0),1,,13,"void ch_est::windowedChEstPreNoDftSOfdmKernel<float, __half, float, (unsigned int)2, (unsigned int)1, (unsigned short)4>(ch_est::puschRxChEstStatDescr_t *, ch_est::puschRxChEstDynDescr_t *)"
8122967601,12832,194203,137,2,1,24,2,1,44,0.001,0.001,,,,,NVIDIA A100-SXM4-40GB MIG 4g.20gb (0),1,,13,"void ch_est::chEstFilterNoDftSOfdmDispatchKernel<float, __half, float, (unsigned int)2>(ch_est::puschRxChEstStatDescr_t *, ch_est::puschRxChEstDynDescr_t *)"
8123710344,16032,194204,137,2,1,24,2,1,44,0.001,0.001,,,,,NVIDIA A100-SXM4-40GB MIG 4g.20gb (0),1,,13,"void ch_est::chEstFilterNoDftSOfdmDispatchKernel<float, __half, float, (unsigned int)2>(ch_est::puschRxChEstStatDescr_t *, ch_est::puschRxChEstDynDescr_t *)"
8124191683,4224,194215,103,1,1,128,1,1,16,0.000,0.000,,,,,NVIDIA A100-SXM4-40GB MIG 4g.20gb (0),1,,13,cupy_copy__complex64_complex64
8124945722,16608,194225,1434,1,1,128,1,1,16,0.000,0.000,,,,,NVIDIA A100-SXM4-40GB MIG 4g.20gb (0),1,,13,cupy_copy__complex64_complex64
8125593395,4224,194232,103,1,1,128,1,1,16,0.000,0.000,,,,,NVIDIA A100-SXM4-40GB MIG 4g.20gb (0),1,,13,cupy_copy__complex64_complex64
8126326635,272092,194239,1,1,1,32,32,1,30,0.000,0.000,,,,,NVIDIA A100-SXM4-40GB MIG 4g.20gb (0),1,,13,"void convert_kernel<__half2, float2>(tensor_layout_any, T1 *, tensor_layout_any, const T2 *)"
8126630951,6784,194242,,,,,,,,,,0.094,13811.259,Pinned,Device,NVIDIA A100-SXM4-40GB MIG 4g.20gb (0),1,,13,[CUDA memcpy Host-to-Device]
8127196513,47967,194243,,,,,,,,,,35.810,746529.402,Device,,NVIDIA A100-SXM4-40GB MIG 4g.20gb (0),1,,13,[CUDA memset]
8127251008,1856,194245,,,,,,,,,,0.000,43.103,Pinned,Device,NVIDIA A100-SXM4-40GB MIG 4g.20gb (0),1,,13,[CUDA memcpy Host-to-Device]
8127255424,9472,194246,,,,,,,,,,0.197,20756.693,Pinned,Device,NVIDIA A100-SXM4-40GB MIG 4g.20gb (0),1,,13,[CUDA memcpy Host-to-Device]
8127881049,15104,194247,273,1,1,48,1,1,40,0.000,0.001,,,,,NVIDIA A100-SXM4-40GB MIG 4g.20gb (0),1,,13,"void pusch_noise_intf_est::noiseIntfEstNoDftSOfdmKernel<float, __half, float, float, (unsigned int)2, (unsigned int)1, (unsigned char)4, (unsigned char)4>(pusch_noise_intf_est::puschRxNoiseIntfEstDynDescr)"
8128518962,4640,194258,35,1,1,128,1,1,16,0.000,0.000,,,,,NVIDIA A100-SXM4-40GB MIG 4g.20gb (0),1,,13,cupy_copy__complex64_complex64
8129138283,3744,194267,1,1,1,1,1,1,18,0.000,0.000,,,,,NVIDIA A100-SXM4-40GB MIG 4g.20gb (0),1,,13,cupy_copy__float32_float32
8129146442,1600,194273,,,,,,,,,,0.000,2.500,Device,Pageable,NVIDIA A100-SXM4-40GB MIG 4g.20gb (0),1,,7,[CUDA memcpy Device-to-Host]
8129796259,23552,194284,1434,1,1,128,1,1,16,0.000,0.000,,,,,NVIDIA A100-SXM4-40GB MIG 4g.20gb (0),1,,13,cupy_copy__complex64_complex64
8130495003,4640,194291,103,1,1,128,1,1,16,0.000,0.000,,,,,NVIDIA A100-SXM4-40GB MIG 4g.20gb (0),1,,13,cupy_copy__complex64_complex64
8130986102,7007,194298,35,1,1,128,1,1,16,0.000,0.000,,,,,NVIDIA A100-SXM4-40GB MIG 4g.20gb (0),1,,13,cupy_copy__complex64_complex64
8131473200,3840,194305,1,1,1,1,1,1,18,0.000,0.000,,,,,NVIDIA A100-SXM4-40GB MIG 4g.20gb (0),1,,13,cupy_copy__float32_float32
8131893931,269437,194316,1,1,1,32,32,1,30,0.000,0.000,,,,,NVIDIA A100-SXM4-40GB MIG 4g.20gb (0),1,,13,"void convert_kernel<__half2, float2>(tensor_layout_any, T1 *, tensor_layout_any, const T2 *)"
8132193480,5664,194319,,,,,,,,,,0.094,16542.310,Pinned,Device,NVIDIA A100-SXM4-40GB MIG 4g.20gb (0),1,,13,[CUDA memcpy Host-to-Device]
8132672162,6016,194320,,,,,,,,,,1.547,257084.481,Device,,NVIDIA A100-SXM4-40GB MIG 4g.20gb (0),1,,13,[CUDA memset]
8132682402,4288,194325,,,,,,,,,,0.031,7298.478,Pinned,Device,NVIDIA A100-SXM4-40GB MIG 4g.20gb (0),1,,13,[CUDA memcpy Host-to-Device]
8132693410,12960,194326,,,,,,,,,,0.197,15170.273,Pinned,Device,NVIDIA A100-SXM4-40GB MIG 4g.20gb (0),1,,13,[CUDA memcpy Host-to-Device]
8133236764,11776,194327,273,1,1,8,4,1,39,0.002,0.000,,,,,NVIDIA A100-SXM4-40GB MIG 4g.20gb (0),1,,13,"void channel_eq::eqMmseCoefCompLowMimoKernel<float, float, float, (unsigned int)4, (unsigned int)1, (unsigned int)4>(const channel_eq::_puschRxChEqStatDescr *, channel_eq::_puschRxChEqCoefCompDynDescr)"
8133939316,10752,194328,273,1,1,12,11,1,51,0.002,0.000,,,,,NVIDIA A100-SXM4-40GB MIG 4g.20gb (0),1,,13,"void channel_eq::eqMmseSoftDemapKernel<float, __half, __half, float, (unsigned int)4, (unsigned short)16383>(channel_eq::_puschRxChEqStatDescr *, channel_eq::_puschRxChEqSoftDemapDynDescr)"
8134649452,700152,194329,1,1,1,32,32,1,30,0.000,0.000,,,,,NVIDIA A100-SXM4-40GB MIG 4g.20gb (0),1,,13,"void convert_kernel<float2, __half2>(tensor_layout_any, T1 *, tensor_layout_any, const T2 *)"
8136040316,14752,194341,2253,1,1,128,1,1,16,0.000,0.000,,,,,NVIDIA A100-SXM4-40GB MIG 4g.20gb (0),1,,13,cupy_copy__float16_float16
8136603062,5792,194350,282,1,1,128,1,1,16,0.000,0.000,,,,,NVIDIA A100-SXM4-40GB MIG 4g.20gb (0),1,,13,cupy_copy__complex64_complex64
8137135696,4192,194359,26,1,1,128,1,1,16,0.000,0.000,,,,,NVIDIA A100-SXM4-40GB MIG 4g.20gb (0),1,,13,cupy_copy__float32_float32
8137667562,16767,194368,103,1,1,128,1,1,16,0.000,0.000,,,,,NVIDIA A100-SXM4-40GB MIG 4g.20gb (0),1,,13,cupy_copy__complex64_complex64
8138261699,16640,194384,1434,1,1,128,1,1,16,0.000,0.000,,,,,NVIDIA A100-SXM4-40GB MIG 4g.20gb (0),1,,13,cupy_copy__complex64_complex64
8138805597,269149,194389,1,1,1,32,32,1,30,0.000,0.000,,,,,NVIDIA A100-SXM4-40GB MIG 4g.20gb (0),1,,13,"void convert_kernel<__half2, float2>(tensor_layout_any, T1 *, tensor_layout_any, const T2 *)"
8139103673,5440,194392,,,,,,,,,,0.094,17223.480,Pinned,Device,NVIDIA A100-SXM4-40GB MIG 4g.20gb (0),1,,13,[CUDA memcpy Host-to-Device]
8139416566,616825,194393,,,,,,,,,,456.561,740086.094,Device,,NVIDIA A100-SXM4-40GB MIG 4g.20gb (0),1,,13,[CUDA memset]
8140038575,53247,194398,,,,,,,,,,1.235,23192.248,Pinned,Device,NVIDIA A100-SXM4-40GB MIG 4g.20gb (0),1,,13,[CUDA memcpy Host-to-Device]
8140094542,9440,194399,,,,,,,,,,0.197,20827.079,Pinned,Device,NVIDIA A100-SXM4-40GB MIG 4g.20gb (0),1,,13,[CUDA memcpy Host-to-Device]
8140504137,11456,194400,69,4,1,48,1,1,76,0.002,0.000,,,,,NVIDIA A100-SXM4-40GB MIG 4g.20gb (0),1,,13,"void ch_est::windowedChEstPreNoDftSOfdmKernel<float, __half, float, (unsigned int)2, (unsigned int)1, (unsigned short)4>(ch_est::puschRxChEstStatDescr_t *, ch_est::puschRxChEstDynDescr_t *)"
8140869701,11680,194401,137,2,1,24,2,1,44,0.001,0.001,,,,,NVIDIA A100-SXM4-40GB MIG 4g.20gb (0),1,,13,"void ch_est::chEstFilterNoDftSOfdmDispatchKernel<float, __half, float, (unsigned int)2>(ch_est::puschRxChEstStatDescr_t *, ch_est::puschRxChEstDynDescr_t *)"
8141345376,11808,194402,137,2,1,24,2,1,44,0.001,0.001,,,,,NVIDIA A100-SXM4-40GB MIG 4g.20gb (0),1,,13,"void ch_est::chEstFilterNoDftSOfdmDispatchKernel<float, __half, float, (unsigned int)2>(ch_est::puschRxChEstStatDescr_t *, ch_est::puschRxChEstDynDescr_t *)"
8141815002,4384,194413,103,1,1,128,1,1,16,0.000,0.000,,,,,NVIDIA A100-SXM4-40GB MIG 4g.20gb (0),1,,13,cupy_copy__complex64_complex64
8142264085,17376,194423,1434,1,1,128,1,1,16,0.000,0.000,,,,,NVIDIA A100-SXM4-40GB MIG 4g.20gb (0),1,,13,cupy_copy__complex64_complex64
8142777807,14976,194430,103,1,1,128,1,1,16,0.000,0.000,,,,,NVIDIA A100-SXM4-40GB MIG 4g.20gb (0),1,,13,cupy_copy__complex64_complex64
8143342665,264317,194437,1,1,1,32,32,1,30,0.000,0.000,,,,,NVIDIA A100-SXM4-40GB MIG 4g.20gb (0),1,,13,"void convert_kernel<__half2, float2>(tensor_layout_any, T1 *, tensor_layout_any, const T2 *)"
8143640678,9503,194440,,,,,,,,,,0.094,9859.536,Pinned,Device,NVIDIA A100-SXM4-40GB MIG 4g.20gb (0),1,,13,[CUDA memcpy Host-to-Device]
8144218687,52159,194441,,,,,,,,,,35.810,686547.786,Device,,NVIDIA A100-SXM4-40GB MIG 4g.20gb (0),1,,13,[CUDA memset]
8144278910,3616,194443,,,,,,,,,,0.000,22.124,Pinned,Device,NVIDIA A100-SXM4-40GB MIG 4g.20gb (0),1,,13,[CUDA memcpy Host-to-Device]
8144284990,10048,194444,,,,,,,,,,0.197,19566.821,Pinned,Device,NVIDIA A100-SXM4-40GB MIG 4g.20gb (0),1,,13,[CUDA memcpy Host-to-Device]
8144918327,15456,194445,273,1,1,48,1,1,40,0.000,0.001,,,,,NVIDIA A100-SXM4-40GB MIG 4g.20gb (0),1,,13,"void pusch_noise_intf_est::noiseIntfEstNoDftSOfdmKernel<float, __half, float, float, (unsigned int)2, (unsigned int)1, (unsigned char)4, (unsigned char)4>(pusch_noise_intf_est::puschRxNoiseIntfEstDynDescr)"
8145565488,8032,194456,35,1,1,128,1,1,16,0.000,0.000,,,,,NVIDIA A100-SXM4-40GB MIG 4g.20gb (0),1,,13,cupy_copy__complex64_complex64
8146111369,3168,194465,1,1,1,1,1,1,18,0.000,0.000,,,,,NVIDIA A100-SXM4-40GB MIG 4g.20gb (0),1,,13,cupy_copy__float32_float32
8146115433,2208,194471,,,,,,,,,,0.000,1.812,Device,Pageable,NVIDIA A100-SXM4-40GB MIG 4g.20gb (0),1,,7,[CUDA memcpy Device-to-Host]
8146650339,15744,194482,1434,1,1,128,1,1,16,0.000,0.000,,,,,NVIDIA A100-SXM4-40GB MIG 4g.20gb (0),1,,13,cupy_copy__complex64_complex64
8147182397,6720,194489,103,1,1,128,1,1,16,0.000,0.000,,,,,NVIDIA A100-SXM4-40GB MIG 4g.20gb (0),1,,13,cupy_copy__complex64_complex64
8147703127,7520,194496,35,1,1,128,1,1,16,0.000,0.000,,,,,NVIDIA A100-SXM4-40GB MIG 4g.20gb (0),1,,13,cupy_copy__complex64_complex64
8148157874,3456,194503,1,1,1,1,1,1,18,0.000,0.000,,,,,NVIDIA A100-SXM4-40GB MIG 4g.20gb (0),1,,13,cupy_copy__float32_float32
8148468687,251933,194514,1,1,1,32,32,1,30,0.000,0.000,,,,,NVIDIA A100-SXM4-40GB MIG 4g.20gb (0),1,,13,"void convert_kernel<__half2, float2>(tensor_layout_any, T1 *, tensor_layout_any, const T2 *)"
8148750603,7296,194517,,,,,,,,,,0.094,12842.067,Pinned,Device,NVIDIA A100-SXM4-40GB MIG 4g.20gb (0),1,,13,[CUDA memcpy Host-to-Device]
8149019496,6592,194518,,,,,,,,,,1.547,234621.314,Device,,NVIDIA A100-SXM4-40GB MIG 4g.20gb (0),1,,13,[CUDA memset]
8149028872,3264,194523,,,,,,,,,,0.031,9588.218,Pinned,Device,NVIDIA A100-SXM4-40GB MIG 4g.20gb (0),1,,13,[CUDA memcpy Host-to-Device]
8149034568,10048,194524,,,,,,,,,,0.197,19566.821,Pinned,Device,NVIDIA A100-SXM4-40GB MIG 4g.20gb (0),1,,13,[CUDA memcpy Host-to-Device]
8149142535,22656,194525,273,1,1,8,4,1,39,0.002,0.000,,,,,NVIDIA A100-SXM4-40GB MIG 4g.20gb (0),1,,13,"void channel_eq::eqMmseCoefCompLowMimoKernel<float, float, float, (unsigned int)4, (unsigned int)1, (unsigned int)4>(const channel_eq::_puschRxChEqStatDescr *, channel_eq::_puschRxChEqCoefCompDynDescr)"
8149561058,12224,194526,273,1,1,12,11,1,51,0.002,0.000,,,,,NVIDIA A100-SXM4-40GB MIG 4g.20gb (0),1,,13,"void channel_eq::eqMmseSoftDemapKernel<float, __half, __half, float, (unsigned int)4, (unsigned short)16383>(channel_eq::_puschRxChEqStatDescr *, channel_eq::_puschRxChEqSoftDemapDynDescr)"
8150007101,574362,194527,1,1,1,32,32,1,30,0.000,0.000,,,,,NVIDIA A100-SXM4-40GB MIG 4g.20gb (0),1,,13,"void convert_kernel<float2, __half2>(tensor_layout_any, T1 *, tensor_layout_any, const T2 *)"
8150888787,13120,194539,2253,1,1,128,1,1,16,0.000,0.000,,,,,NVIDIA A100-SXM4-40GB MIG 4g.20gb (0),1,,13,cupy_copy__float16_float16
8151338606,5664,194548,282,1,1,128,1,1,16,0.000,0.000,,,,,NVIDIA A100-SXM4-40GB MIG 4g.20gb (0),1,,13,cupy_copy__complex64_complex64
8151760233,4640,194557,26,1,1,128,1,1,16,0.000,0.000,,,,,NVIDIA A100-SXM4-40GB MIG 4g.20gb (0),1,,13,cupy_copy__float32_float32
8152229412,10592,194566,103,1,1,128,1,1,16,0.000,0.000,,,,,NVIDIA A100-SXM4-40GB MIG 4g.20gb (0),1,,13,cupy_copy__complex64_complex64
8152765822,22879,194576,1434,1,1,128,1,1,16,0.000,0.000,,,,,NVIDIA A100-SXM4-40GB MIG 4g.20gb (0),1,,13,cupy_copy__complex64_complex64
8153323319,277885,194581,1,1,1,32,32,1,30,0.000,0.000,,,,,NVIDIA A100-SXM4-40GB MIG 4g.20gb (0),1,,13,"void convert_kernel<__half2, float2>(tensor_layout_any, T1 *, tensor_layout_any, const T2 *)"
8153632596,10016,194584,,,,,,,,,,0.094,9354.609,Pinned,Device,NVIDIA A100-SXM4-40GB MIG 4g.20gb (0),1,,13,[CUDA memcpy Host-to-Device]
8154140782,617145,194585,,,,,,,,,,456.561,739629.533,Device,,NVIDIA A100-SXM4-40GB MIG 4g.20gb (0),1,,13,[CUDA memset]
8154763559,62015,194590,,,,,,,,,,1.235,19913.472,Pinned,Device,NVIDIA A100-SXM4-40GB MIG 4g.20gb (0),1,,13,[CUDA memcpy Host-to-Device]
8154828262,16960,194591,,,,,,,,,,0.197,11592.401,Pinned,Device,NVIDIA A100-SXM4-40GB MIG 4g.20gb (0),1,,13,[CUDA memcpy Host-to-Device]
8155371872,11744,194592,69,4,1,48,1,1,76,0.002,0.000,,,,,NVIDIA A100-SXM4-40GB MIG 4g.20gb (0),1,,13,"void ch_est::windowedChEstPreNoDftSOfdmKernel<float, __half, float, (unsigned int)2, (unsigned int)1, (unsigned short)4>(ch_est::puschRxChEstStatDescr_t *, ch_est::puschRxChEstDynDescr_t *)"
8155906906,10208,194593,137,2,1,24,2,1,44,0.001,0.001,,,,,NVIDIA A100-SXM4-40GB MIG 4g.20gb (0),1,,13,"void ch_est::chEstFilterNoDftSOfdmDispatchKernel<float, __half, float, (unsigned int)2>(ch_est::puschRxChEstStatDescr_t *, ch_est::puschRxChEstDynDescr_t *)"
8156440308,12064,194594,137,2,1,24,2,1,44,0.001,0.001,,,,,NVIDIA A100-SXM4-40GB MIG 4g.20gb (0),1,,13,"void ch_est::chEstFilterNoDftSOfdmDispatchKernel<float, __half, float, (unsigned int)2>(ch_est::puschRxChEstStatDescr_t *, ch_est::puschRxChEstDynDescr_t *)"
8156973454,4448,194605,103,1,1,128,1,1,16,0.000,0.000,,,,,NVIDIA A100-SXM4-40GB MIG 4g.20gb (0),1,,13,cupy_copy__complex64_complex64
8157487176,17152,194615,1434,1,1,128,1,1,16,0.000,0.000,,,,,NVIDIA A100-SXM4-40GB MIG 4g.20gb (0),1,,13,cupy_copy__complex64_complex64
8158011010,5440,194622,103,1,1,128,1,1,16,0.000,0.000,,,,,NVIDIA A100-SXM4-40GB MIG 4g.20gb (0),1,,13,cupy_copy__complex64_complex64
8158503676,251838,194629,1,1,1,32,32,1,30,0.000,0.000,,,,,NVIDIA A100-SXM4-40GB MIG 4g.20gb (0),1,,13,"void convert_kernel<__half2, float2>(tensor_layout_any, T1 *, tensor_layout_any, const T2 *)"
8158787129,6624,194632,,,,,,,,,,0.094,14144.910,Pinned,Device,NVIDIA A100-SXM4-40GB MIG 4g.20gb (0),1,,13,[CUDA memcpy Host-to-Device]
8159044534,55328,194633,,,,,,,,,,35.810,647228.494,Device,,NVIDIA A100-SXM4-40GB MIG 4g.20gb (0),1,,13,[CUDA memset]
8159101366,1856,194635,,,,,,,,,,0.000,43.103,Pinned,Device,NVIDIA A100-SXM4-40GB MIG 4g.20gb (0),1,,13,[CUDA memcpy Host-to-Device]
8159105878,9407,194636,,,,,,,,,,0.197,20900.020,Pinned,Device,NVIDIA A100-SXM4-40GB MIG 4g.20gb (0),1,,13,[CUDA memcpy Host-to-Device]
8159545169,16991,194637,273,1,1,48,1,1,40,0.000,0.001,,,,,NVIDIA A100-SXM4-40GB MIG 4g.20gb (0),1,,13,"void pusch_noise_intf_est::noiseIntfEstNoDftSOfdmKernel<float, __half, float, float, (unsigned int)2, (unsigned int)1, (unsigned char)4, (unsigned char)4>(pusch_noise_intf_est::puschRxNoiseIntfEstDynDescr)"
8159989868,6783,194648,35,1,1,128,1,1,16,0.000,0.000,,,,,NVIDIA A100-SXM4-40GB MIG 4g.20gb (0),1,,13,cupy_copy__complex64_complex64
8160490822,4736,194657,1,1,1,1,1,1,18,0.000,0.000,,,,,NVIDIA A100-SXM4-40GB MIG 4g.20gb (0),1,,13,cupy_copy__float32_float32
8160501958,3424,194663,,,,,,,,,,0.000,1.168,Device,Pageable,NVIDIA A100-SXM4-40GB MIG 4g.20gb (0),1,,7,[CUDA memcpy Device-to-Host]
8160980864,18560,194674,1434,1,1,128,1,1,16,0.000,0.000,,,,,NVIDIA A100-SXM4-40GB MIG 4g.20gb (0),1,,13,cupy_copy__complex64_complex64
8161516378,4480,194681,103,1,1,128,1,1,16,0.000,0.000,,,,,NVIDIA A100-SXM4-40GB MIG 4g.20gb (0),1,,13,cupy_copy__complex64_complex64
8162141299,11200,194688,35,1,1,128,1,1,16,0.000,0.000,,,,,NVIDIA A100-SXM4-40GB MIG 4g.20gb (0),1,,13,cupy_copy__complex64_complex64
8162763020,6272,194695,1,1,1,1,1,1,18,0.000,0.000,,,,,NVIDIA A100-SXM4-40GB MIG 4g.20gb (0),1,,13,cupy_copy__float32_float32
8163327654,218717,194706,1,1,1,32,32,1,30,0.000,0.000,,,,,NVIDIA A100-SXM4-40GB MIG 4g.20gb (0),1,,13,"void convert_kernel<__half2, float2>(tensor_layout_any, T1 *, tensor_layout_any, const T2 *)"
8163577411,8768,194709,,,,,,,,,,0.094,10686.122,Pinned,Device,NVIDIA A100-SXM4-40GB MIG 4g.20gb (0),1,,13,[CUDA memcpy Host-to-Device]
8164098813,5248,194710,,,,,,,,,,1.547,294706.110,Device,,NVIDIA A100-SXM4-40GB MIG 4g.20gb (0),1,,13,[CUDA memset]
8164108061,7904,194715,,,,,,,,,,0.031,3959.507,Pinned,Device,NVIDIA A100-SXM4-40GB MIG 4g.20gb (0),1,,13,[CUDA memcpy Host-to-Device]
8164118909,17663,194716,,,,,,,,,,0.197,11130.962,Pinned,Device,NVIDIA A100-SXM4-40GB MIG 4g.20gb (0),1,,13,[CUDA memcpy Host-to-Device]
8164628983,16704,194717,273,1,1,8,4,1,39,0.002,0.000,,,,,NVIDIA A100-SXM4-40GB MIG 4g.20gb (0),1,,13,"void channel_eq::eqMmseCoefCompLowMimoKernel<float, float, float, (unsigned int)4, (unsigned int)1, (unsigned int)4>(const channel_eq::_puschRxChEqStatDescr *, channel_eq::_puschRxChEqCoefCompDynDescr)"
8165161841,10592,194718,273,1,1,12,11,1,51,0.002,0.000,,,,,NVIDIA A100-SXM4-40GB MIG 4g.20gb (0),1,,13,"void channel_eq::eqMmseSoftDemapKernel<float, __half, __half, float, (unsigned int)4, (unsigned short)16383>(channel_eq::_puschRxChEqStatDescr *, channel_eq::_puschRxChEqSoftDemapDynDescr)"
8165696491,560185,194719,1,1,1,32,32,1,30,0.000,0.000,,,,,NVIDIA A100-SXM4-40GB MIG 4g.20gb (0),1,,13,"void convert_kernel<float2, __half2>(tensor_layout_any, T1 *, tensor_layout_any, const T2 *)"
8166771934,15296,194731,2253,1,1,128,1,1,16,0.000,0.000,,,,,NVIDIA A100-SXM4-40GB MIG 4g.20gb (0),1,,13,cupy_copy__float16_float16
8167365112,5120,194740,282,1,1,128,1,1,16,0.000,0.000,,,,,NVIDIA A100-SXM4-40GB MIG 4g.20gb (0),1,,13,cupy_copy__complex64_complex64
8167830418,4992,194749,26,1,1,128,1,1,16,0.000,0.000,,,,,NVIDIA A100-SXM4-40GB MIG 4g.20gb (0),1,,13,cupy_copy__float32_float32
8168214734,12128,194758,103,1,1,128,1,1,16,0.000,0.000,,,,,NVIDIA A100-SXM4-40GB MIG 4g.20gb (0),1,,13,cupy_copy__complex64_complex64
8168460683,17504,194768,1434,1,1,128,1,1,16,0.000,0.000,,,,,NVIDIA A100-SXM4-40GB MIG 4g.20gb (0),1,,13,cupy_copy__complex64_complex64
8168958181,257502,194773,1,1,1,32,32,1,30,0.000,0.000,,,,,NVIDIA A100-SXM4-40GB MIG 4g.20gb (0),1,,13,"void convert_kernel<__half2, float2>(tensor_layout_any, T1 *, tensor_layout_any, const T2 *)"
8169245602,10112,194776,,,,,,,,,,0.094,9265.785,Pinned,Device,NVIDIA A100-SXM4-40GB MIG 4g.20gb (0),1,,13,[CUDA memcpy Host-to-Device]
8169667837,617113,194777,,,,,,,,,,456.561,739629.533,Device,,NVIDIA A100-SXM4-40GB MIG 4g.20gb (0),1,,13,[CUDA memset]
8170289942,61120,194782,,,,,,,,,,1.235,20204.919,Pinned,Device,NVIDIA A100-SXM4-40GB MIG 4g.20gb (0),1,,13,[CUDA memcpy Host-to-Device]
8170353974,13887,194783,,,,,,,,,,0.197,14157.545,Pinned,Device,NVIDIA A100-SXM4-40GB MIG 4g.20gb (0),1,,13,[CUDA memcpy Host-to-Device]
8170829104,23584,194784,69,4,1,48,1,1,76,0.002,0.000,,,,,NVIDIA A100-SXM4-40GB MIG 4g.20gb (0),1,,13,"void ch_est::windowedChEstPreNoDftSOfdmKernel<float, __half, float, (unsigned int)2, (unsigned int)1, (unsigned short)4>(ch_est::puschRxChEstStatDescr_t *, ch_est::puschRxChEstDynDescr_t *)"
8171273067,10624,194785,137,2,1,24,2,1,44,0.001,0.001,,,,,NVIDIA A100-SXM4-40GB MIG 4g.20gb (0),1,,13,"void ch_est::chEstFilterNoDftSOfdmDispatchKernel<float, __half, float, (unsigned int)2>(ch_est::puschRxChEstStatDescr_t *, ch_est::puschRxChEstDynDescr_t *)"
8171953859,10016,194786,137,2,1,24,2,1,44,0.001,0.001,,,,,NVIDIA A100-SXM4-40GB MIG 4g.20gb (0),1,,13,"void ch_est::chEstFilterNoDftSOfdmDispatchKernel<float, __half, float, (unsigned int)2>(ch_est::puschRxChEstStatDescr_t *, ch_est::puschRxChEstDynDescr_t *)"
8172637244,4928,194797,103,1,1,128,1,1,16,0.000,0.000,,,,,NVIDIA A100-SXM4-40GB MIG 4g.20gb (0),1,,13,cupy_copy__complex64_complex64
8173321140,17664,194807,1434,1,1,128,1,1,16,0.000,0.000,,,,,NVIDIA A100-SXM4-40GB MIG 4g.20gb (0),1,,13,cupy_copy__complex64_complex64
8173889485,8320,194814,103,1,1,128,1,1,16,0.000,0.000,,,,,NVIDIA A100-SXM4-40GB MIG 4g.20gb (0),1,,13,cupy_copy__complex64_complex64
8174254633,223102,194821,1,1,1,32,32,1,30,0.000,0.000,,,,,NVIDIA A100-SXM4-40GB MIG 4g.20gb (0),1,,13,"void convert_kernel<__half2, float2>(tensor_layout_any, T1 *, tensor_layout_any, const T2 *)"
8174506854,5536,194824,,,,,,,,,,0.094,16924.777,Pinned,Device,NVIDIA A100-SXM4-40GB MIG 4g.20gb (0),1,,13,[CUDA memcpy Host-to-Device]
8175003937,53695,194825,,,,,,,,,,35.810,666888.140,Device,,NVIDIA A100-SXM4-40GB MIG 4g.20gb (0),1,,13,[CUDA memset]
8175061056,4800,194827,,,,,,,,,,0.000,16.667,Pinned,Device,NVIDIA A100-SXM4-40GB MIG 4g.20gb (0),1,,13,[CUDA memcpy Host-to-Device]
8175072000,9824,194828,,,,,,,,,,0.197,20012.925,Pinned,Device,NVIDIA A100-SXM4-40GB MIG 4g.20gb (0),1,,13,[CUDA memcpy Host-to-Device]
8175613050,17248,194829,273,1,1,48,1,1,40,0.000,0.001,,,,,NVIDIA A100-SXM4-40GB MIG 4g.20gb (0),1,,13,"void pusch_noise_intf_est::noiseIntfEstNoDftSOfdmKernel<float, __half, float, float, (unsigned int)2, (unsigned int)1, (unsigned char)4, (unsigned char)4>(pusch_noise_intf_est::puschRxNoiseIntfEstDynDescr)"
8176171763,21440,194840,35,1,1,128,1,1,16,0.000,0.000,,,,,NVIDIA A100-SXM4-40GB MIG 4g.20gb (0),1,,13,cupy_copy__complex64_complex64
8176593231,3264,194849,1,1,1,1,1,1,18,0.000,0.000,,,,,NVIDIA A100-SXM4-40GB MIG 4g.20gb (0),1,,13,cupy_copy__float32_float32
8176597551,1696,194855,,,,,,,,,,0.000,2.358,Device,Pageable,NVIDIA A100-SXM4-40GB MIG 4g.20gb (0),1,,7,[CUDA memcpy Device-to-Host]
8177246887,16224,194866,1434,1,1,128,1,1,16,0.000,0.000,,,,,NVIDIA A100-SXM4-40GB MIG 4g.20gb (0),1,,13,cupy_copy__complex64_complex64
8177705826,4352,194873,103,1,1,128,1,1,16,0.000,0.000,,,,,NVIDIA A100-SXM4-40GB MIG 4g.20gb (0),1,,13,cupy_copy__complex64_complex64
8178132477,5440,194880,35,1,1,128,1,1,16,0.000,0.000,,,,,NVIDIA A100-SXM4-40GB MIG 4g.20gb (0),1,,13,cupy_copy__complex64_complex64
8178557272,4256,194887,1,1,1,1,1,1,18,0.000,0.000,,,,,NVIDIA A100-SXM4-40GB MIG 4g.20gb (0),1,,13,cupy_copy__float32_float32
8178921748,261821,194898,1,1,1,32,32,1,30,0.000,0.000,,,,,NVIDIA A100-SXM4-40GB MIG 4g.20gb (0),1,,13,"void convert_kernel<__half2, float2>(tensor_layout_any, T1 *, tensor_layout_any, const T2 *)"
8179212593,5696,194901,,,,,,,,,,0.094,16449.363,Pinned,Device,NVIDIA A100-SXM4-40GB MIG 4g.20gb (0),1,,13,[CUDA memcpy Host-to-Device]
8179569709,6144,194902,,,,,,,,,,1.547,251728.522,Device,,NVIDIA A100-SXM4-40GB MIG 4g.20gb (0),1,,13,[CUDA memset]
8179578989,3232,194907,,,,,,,,,,0.031,9683.139,Pinned,Device,NVIDIA A100-SXM4-40GB MIG 4g.20gb (0),1,,13,[CUDA memcpy Host-to-Device]
8179588269,10015,194908,,,,,,,,,,0.197,19631.309,Pinned,Device,NVIDIA A100-SXM4-40GB MIG 4g.20gb (0),1,,13,[CUDA memcpy Host-to-Device]
8180022120,19135,194909,273,1,1,8,4,1,39,0.002,0.000,,,,,NVIDIA A100-SXM4-40GB MIG 4g.20gb (0),1,,13,"void channel_eq::eqMmseCoefCompLowMimoKernel<float, float, float, (unsigned int)4, (unsigned int)1, (unsigned int)4>(const channel_eq::_puschRxChEqStatDescr *, channel_eq::_puschRxChEqCoefCompDynDescr)"
8180470050,15360,194910,273,1,1,12,11,1,51,0.002,0.000,,,,,NVIDIA A100-SXM4-40GB MIG 4g.20gb (0),1,,13,"void channel_eq::eqMmseSoftDemapKernel<float, __half, __half, float, (unsigned int)4, (unsigned short)16383>(channel_eq::_puschRxChEqStatDescr *, channel_eq::_puschRxChEqSoftDemapDynDescr)"
8180924381,697816,194911,1,1,1,32,32,1,30,0.000,0.000,,,,,NVIDIA A100-SXM4-40GB MIG 4g.20gb (0),1,,13,"void convert_kernel<float2, __half2>(tensor_layout_any, T1 *, tensor_layout_any, const T2 *)"
8181921170,12704,194923,2253,1,1,128,1,1,16,0.000,0.000,,,,,NVIDIA A100-SXM4-40GB MIG 4g.20gb (0),1,,13,cupy_copy__float16_float16
8182263150,4960,194932,282,1,1,128,1,1,16,0.000,0.000,,,,,NVIDIA A100-SXM4-40GB MIG 4g.20gb (0),1,,13,cupy_copy__complex64_complex64
8182574795,3935,194941,26,1,1,128,1,1,16,0.000,0.000,,,,,NVIDIA A100-SXM4-40GB MIG 4g.20gb (0),1,,13,cupy_copy__float32_float32
8182797800,11840,194950,103,1,1,128,1,1,16,0.000,0.000,,,,,NVIDIA A100-SXM4-40GB MIG 4g.20gb (0),1,,13,cupy_copy__complex64_complex64
8182917895,15583,194960,1434,1,1,128,1,1,16,0.000,0.000,,,,,NVIDIA A100-SXM4-40GB MIG 4g.20gb (0),1,,13,cupy_copy__complex64_complex64
8183325442,258045,194965,1,1,1,32,32,1,30,0.000,0.000,,,,,NVIDIA A100-SXM4-40GB MIG 4g.20gb (0),1,,13,"void convert_kernel<__half2, float2>(tensor_layout_any, T1 *, tensor_layout_any, const T2 *)"
8183614495,8640,194968,,,,,,,,,,0.094,10844.375,Pinned,Device,NVIDIA A100-SXM4-40GB MIG 4g.20gb (0),1,,13,[CUDA memcpy Host-to-Device]
8184029786,615993,194969,,,,,,,,,,456.561,740999.217,Device,,NVIDIA A100-SXM4-40GB MIG 4g.20gb (0),1,,13,[CUDA memset]
8184650835,66207,194974,,,,,,,,,,1.235,18652.594,Pinned,Device,NVIDIA A100-SXM4-40GB MIG 4g.20gb (0),1,,13,[CUDA memcpy Host-to-Device]
8184722738,13216,194975,,,,,,,,,,0.197,14876.344,Pinned,Device,NVIDIA A100-SXM4-40GB MIG 4g.20gb (0),1,,13,[CUDA memcpy Host-to-Device]
8185116494,23423,194976,69,4,1,48,1,1,76,0.002,0.000,,,,,NVIDIA A100-SXM4-40GB MIG 4g.20gb (0),1,,13,"void ch_est::windowedChEstPreNoDftSOfdmKernel<float, __half, float, (unsigned int)2, (unsigned int)1, (unsigned short)4>(ch_est::puschRxChEstStatDescr_t *, ch_est::puschRxChEstDynDescr_t *)"
8185236812,15296,194977,137,2,1,24,2,1,44,0.001,0.001,,,,,NVIDIA A100-SXM4-40GB MIG 4g.20gb (0),1,,13,"void ch_est::chEstFilterNoDftSOfdmDispatchKernel<float, __half, float, (unsigned int)2>(ch_est::puschRxChEstStatDescr_t *, ch_est::puschRxChEstDynDescr_t *)"
8185564137,18527,194978,137,2,1,24,2,1,44,0.001,0.001,,,,,NVIDIA A100-SXM4-40GB MIG 4g.20gb (0),1,,13,"void ch_est::chEstFilterNoDftSOfdmDispatchKernel<float, __half, float, (unsigned int)2>(ch_est::puschRxChEstStatDescr_t *, ch_est::puschRxChEstDynDescr_t *)"
8185894821,4160,194989,103,1,1,128,1,1,16,0.000,0.000,,,,,NVIDIA A100-SXM4-40GB MIG 4g.20gb (0),1,,13,cupy_copy__complex64_complex64
8186215521,16480,194999,1434,1,1,128,1,1,16,0.000,0.000,,,,,NVIDIA A100-SXM4-40GB MIG 4g.20gb (0),1,,13,cupy_copy__complex64_complex64
8186536445,5952,195006,103,1,1,128,1,1,16,0.000,0.000,,,,,NVIDIA A100-SXM4-40GB MIG 4g.20gb (0),1,,13,cupy_copy__complex64_complex64
8186783483,285404,195013,1,1,1,32,32,1,30,0.000,0.000,,,,,NVIDIA A100-SXM4-40GB MIG 4g.20gb (0),1,,13,"void convert_kernel<__half2, float2>(tensor_layout_any, T1 *, tensor_layout_any, const T2 *)"
8187098103,5504,195016,,,,,,,,,,0.094,17023.251,Pinned,Device,NVIDIA A100-SXM4-40GB MIG 4g.20gb (0),1,,13,[CUDA memcpy Host-to-Device]
8187392020,52287,195017,,,,,,,,,,35.810,684864.720,Device,,NVIDIA A100-SXM4-40GB MIG 4g.20gb (0),1,,13,[CUDA memset]
8187449267,2176,195019,,,,,,,,,,0.000,36.765,Pinned,Device,NVIDIA A100-SXM4-40GB MIG 4g.20gb (0),1,,13,[CUDA memcpy Host-to-Device]
8187453875,9568,195020,,,,,,,,,,0.197,20548.485,Pinned,Device,NVIDIA A100-SXM4-40GB MIG 4g.20gb (0),1,,13,[CUDA memcpy Host-to-Device]
8187884430,17408,195021,273,1,1,48,1,1,40,0.000,0.001,,,,,NVIDIA A100-SXM4-40GB MIG 4g.20gb (0),1,,13,"void pusch_noise_intf_est::noiseIntfEstNoDftSOfdmKernel<float, __half, float, float, (unsigned int)2, (unsigned int)1, (unsigned char)4, (unsigned char)4>(pusch_noise_intf_est::puschRxNoiseIntfEstDynDescr)"
8188251082,4064,195032,35,1,1,128,1,1,16,0.000,0.000,,,,,NVIDIA A100-SXM4-40GB MIG 4g.20gb (0),1,,13,cupy_copy__complex64_complex64
8188697285,3136,195041,1,1,1,1,1,1,18,0.000,0.000,,,,,NVIDIA A100-SXM4-40GB MIG 4g.20gb (0),1,,13,cupy_copy__float32_float32
8188703621,2336,195047,,,,,,,,,,0.000,1.712,Device,Pageable,NVIDIA A100-SXM4-40GB MIG 4g.20gb (0),1,,7,[CUDA memcpy Device-to-Host]
8189142880,16160,195058,1434,1,1,128,1,1,16,0.000,0.000,,,,,NVIDIA A100-SXM4-40GB MIG 4g.20gb (0),1,,13,cupy_copy__complex64_complex64
8189599003,3968,195065,103,1,1,128,1,1,16,0.000,0.000,,,,,NVIDIA A100-SXM4-40GB MIG 4g.20gb (0),1,,13,cupy_copy__complex64_complex64
8190022998,5120,195072,35,1,1,128,1,1,16,0.000,0.000,,,,,NVIDIA A100-SXM4-40GB MIG 4g.20gb (0),1,,13,cupy_copy__complex64_complex64
8190444977,4320,195079,1,1,1,1,1,1,18,0.000,0.000,,,,,NVIDIA A100-SXM4-40GB MIG 4g.20gb (0),1,,13,cupy_copy__float32_float32
8190805101,315388,195090,1,1,1,32,32,1,30,0.000,0.000,,,,,NVIDIA A100-SXM4-40GB MIG 4g.20gb (0),1,,13,"void convert_kernel<__half2, float2>(tensor_layout_any, T1 *, tensor_layout_any, const T2 *)"
8191149353,5504,195093,,,,,,,,,,0.094,17023.251,Pinned,Device,NVIDIA A100-SXM4-40GB MIG 4g.20gb (0),1,,13,[CUDA memcpy Host-to-Device]
8191662883,10816,195094,,,,,,,,,,1.547,142993.122,Device,,NVIDIA A100-SXM4-40GB MIG 4g.20gb (0),1,,13,[CUDA memset]
8191684419,3712,195099,,,,,,,,,,0.031,8431.017,Pinned,Device,NVIDIA A100-SXM4-40GB MIG 4g.20gb (0),1,,13,[CUDA memcpy Host-to-Device]
8191692963,14048,195100,,,,,,,,,,0.197,13995.344,Pinned,Device,NVIDIA A100-SXM4-40GB MIG 4g.20gb (0),1,,13,[CUDA memcpy Host-to-Device]
8192190877,23104,195101,273,1,1,8,4,1,39,0.002,0.000,,,,,NVIDIA A100-SXM4-40GB MIG 4g.20gb (0),1,,13,"void channel_eq::eqMmseCoefCompLowMimoKernel<float, float, float, (unsigned int)4, (unsigned int)1, (unsigned int)4>(const channel_eq::_puschRxChEqStatDescr *, channel_eq::_puschRxChEqCoefCompDynDescr)"
8192726167,24000,195102,273,1,1,12,11,1,51,0.002,0.000,,,,,NVIDIA A100-SXM4-40GB MIG 4g.20gb (0),1,,13,"void channel_eq::eqMmseSoftDemapKernel<float, __half, __half, float, (unsigned int)4, (unsigned short)16383>(channel_eq::_puschRxChEqStatDescr *, channel_eq::_puschRxChEqSoftDemapDynDescr)"
8193265809,742391,195103,1,1,1,32,32,1,30,0.000,0.000,,,,,NVIDIA A100-SXM4-40GB MIG 4g.20gb (0),1,,13,"void convert_kernel<float2, __half2>(tensor_layout_any, T1 *, tensor_layout_any, const T2 *)"
8194354436,13760,195115,2253,1,1,128,1,1,16,0.000,0.000,,,,,NVIDIA A100-SXM4-40GB MIG 4g.20gb (0),1,,13,cupy_copy__float16_float16
8194972541,10528,195124,282,1,1,128,1,1,16,0.000,0.000,,,,,NVIDIA A100-SXM4-40GB MIG 4g.20gb (0),1,,13,cupy_copy__complex64_complex64
8195509207,8384,195133,26,1,1,128,1,1,16,0.000,0.000,,,,,NVIDIA A100-SXM4-40GB MIG 4g.20gb (0),1,,13,cupy_copy__float32_float32
8195966098,5184,195142,103,1,1,128,1,1,16,0.000,0.000,,,,,NVIDIA A100-SXM4-40GB MIG 4g.20gb (0),1,,13,cupy_copy__complex64_complex64
8196408653,16320,195152,1434,1,1,128,1,1,16,0.000,0.000,,,,,NVIDIA A100-SXM4-40GB MIG 4g.20gb (0),1,,13,cupy_copy__complex64_complex64
8196857384,238077,195157,1,1,1,32,32,1,30,0.000,0.000,,,,,NVIDIA A100-SXM4-40GB MIG 4g.20gb (0),1,,13,"void convert_kernel<__half2, float2>(tensor_layout_any, T1 *, tensor_layout_any, const T2 *)"
8197125317,6176,195160,,,,,,,,,,0.094,15170.975,Pinned,Device,NVIDIA A100-SXM4-40GB MIG 4g.20gb (0),1,,13,[CUDA memcpy Host-to-Device]
8197372866,618329,195161,,,,,,,,,,456.561,738259.848,Device,,NVIDIA A100-SXM4-40GB MIG 4g.20gb (0),1,,13,[CUDA memset]
8197999387,53855,195166,,,,,,,,,,1.235,22930.440,Pinned,Device,NVIDIA A100-SXM4-40GB MIG 4g.20gb (0),1,,13,[CUDA memcpy Host-to-Device]
8198055738,10304,195167,,,,,,,,,,0.197,19080.610,Pinned,Device,NVIDIA A100-SXM4-40GB MIG 4g.20gb (0),1,,13,[CUDA memcpy Host-to-Device]
8198420950,20704,195168,69,4,1,48,1,1,76,0.002,0.000,,,,,NVIDIA A100-SXM4-40GB MIG 4g.20gb (0),1,,13,"void ch_est::windowedChEstPreNoDftSOfdmKernel<float, __half, float, (unsigned int)2, (unsigned int)1, (unsigned short)4>(ch_est::puschRxChEstStatDescr_t *, ch_est::puschRxChEstDynDescr_t *)"
8198868881,16224,195169,137,2,1,24,2,1,44,0.001,0.001,,,,,NVIDIA A100-SXM4-40GB MIG 4g.20gb (0),1,,13,"void ch_est::chEstFilterNoDftSOfdmDispatchKernel<float, __half, float, (unsigned int)2>(ch_est::puschRxChEstStatDescr_t *, ch_est::puschRxChEstDynDescr_t *)"
8199300236,9568,195170,137,2,1,24,2,1,44,0.001,0.001,,,,,NVIDIA A100-SXM4-40GB MIG 4g.20gb (0),1,,13,"void ch_est::chEstFilterNoDftSOfdmDispatchKernel<float, __half, float, (unsigned int)2>(ch_est::puschRxChEstStatDescr_t *, ch_est::puschRxChEstDynDescr_t *)"
8199918117,4256,195181,103,1,1,128,1,1,16,0.000,0.000,,,,,NVIDIA A100-SXM4-40GB MIG 4g.20gb (0),1,,13,cupy_copy__complex64_complex64
8200527326,16960,195191,1434,1,1,128,1,1,16,0.000,0.000,,,,,NVIDIA A100-SXM4-40GB MIG 4g.20gb (0),1,,13,cupy_copy__complex64_complex64
8201073112,5664,195198,103,1,1,128,1,1,16,0.000,0.000,,,,,NVIDIA A100-SXM4-40GB MIG 4g.20gb (0),1,,13,cupy_copy__complex64_complex64
8201587698,282941,195205,1,1,1,32,32,1,30,0.000,0.000,,,,,NVIDIA A100-SXM4-40GB MIG 4g.20gb (0),1,,13,"void convert_kernel<__half2, float2>(tensor_layout_any, T1 *, tensor_layout_any, const T2 *)"
8201899983,5984,195208,,,,,,,,,,0.094,15657.726,Pinned,Device,NVIDIA A100-SXM4-40GB MIG 4g.20gb (0),1,,13,[CUDA memcpy Host-to-Device]
8202347050,54847,195209,,,,,,,,,,35.810,652886.461,Device,,NVIDIA A100-SXM4-40GB MIG 4g.20gb (0),1,,13,[CUDA memset]
8202404617,5376,195211,,,,,,,,,,0.000,14.881,Pinned,Device,NVIDIA A100-SXM4-40GB MIG 4g.20gb (0),1,,13,[CUDA memcpy Host-to-Device]
8202413993,10016,195212,,,,,,,,,,0.197,19629.343,Pinned,Device,NVIDIA A100-SXM4-40GB MIG 4g.20gb (0),1,,13,[CUDA memcpy Host-to-Device]
8202946147,51359,195213,273,1,1,48,1,1,40,0.000,0.001,,,,,NVIDIA A100-SXM4-40GB MIG 4g.20gb (0),1,,13,"void pusch_noise_intf_est::noiseIntfEstNoDftSOfdmKernel<float, __half, float, float, (unsigned int)2, (unsigned int)1, (unsigned char)4, (unsigned char)4>(pusch_noise_intf_est::puschRxNoiseIntfEstDynDescr)"
8203554172,23936,195224,35,1,1,128,1,1,16,0.000,0.000,,,,,NVIDIA A100-SXM4-40GB MIG 4g.20gb (0),1,,13,cupy_copy__complex64_complex64
8203998839,3040,195233,1,1,1,1,1,1,18,0.000,0.000,,,,,NVIDIA A100-SXM4-40GB MIG 4g.20gb (0),1,,13,cupy_copy__float32_float32
8204005079,2208,195239,,,,,,,,,,0.000,1.812,Device,Pageable,NVIDIA A100-SXM4-40GB MIG 4g.20gb (0),1,,7,[CUDA memcpy Device-to-Host]
8204633552,17023,195250,1434,1,1,128,1,1,16,0.000,0.000,,,,,NVIDIA A100-SXM4-40GB MIG 4g.20gb (0),1,,13,cupy_copy__complex64_complex64
8205272456,4288,195257,103,1,1,128,1,1,16,0.000,0.000,,,,,NVIDIA A100-SXM4-40GB MIG 4g.20gb (0),1,,13,cupy_copy__complex64_complex64
8205693155,5344,195264,35,1,1,128,1,1,16,0.000,0.000,,,,,NVIDIA A100-SXM4-40GB MIG 4g.20gb (0),1,,13,cupy_copy__complex64_complex64
8206113535,3872,195271,1,1,1,1,1,1,18,0.000,0.000,,,,,NVIDIA A100-SXM4-40GB MIG 4g.20gb (0),1,,13,cupy_copy__float32_float32
8206470907,266429,195282,1,1,1,32,32,1,30,0.000,0.000,,,,,NVIDIA A100-SXM4-40GB MIG 4g.20gb (0),1,,13,"void convert_kernel<__half2, float2>(tensor_layout_any, T1 *, tensor_layout_any, const T2 *)"
8206767447,5632,195285,,,,,,,,,,0.094,16636.287,Pinned,Device,NVIDIA A100-SXM4-40GB MIG 4g.20gb (0),1,,13,[CUDA memcpy Host-to-Device]
8207100083,6048,195286,,,,,,,,,,1.547,255723.452,Device,,NVIDIA A100-SXM4-40GB MIG 4g.20gb (0),1,,13,[CUDA memset]
8207107955,6912,195291,,,,,,,,,,0.031,4527.749,Pinned,Device,NVIDIA A100-SXM4-40GB MIG 4g.20gb (0),1,,13,[CUDA memcpy Host-to-Device]
8207117331,13312,195292,,,,,,,,,,0.197,14769.193,Pinned,Device,NVIDIA A100-SXM4-40GB MIG 4g.20gb (0),1,,13,[CUDA memcpy Host-to-Device]
8207546286,17856,195293,273,1,1,8,4,1,39,0.002,0.000,,,,,NVIDIA A100-SXM4-40GB MIG 4g.20gb (0),1,,13,"void channel_eq::eqMmseCoefCompLowMimoKernel<float, float, float, (unsigned int)4, (unsigned int)1, (unsigned int)4>(const channel_eq::_puschRxChEqStatDescr *, channel_eq::_puschRxChEqCoefCompDynDescr)"
8208010377,14592,195294,273,1,1,12,11,1,51,0.002,0.000,,,,,NVIDIA A100-SXM4-40GB MIG 4g.20gb (0),1,,13,"void channel_eq::eqMmseSoftDemapKernel<float, __half, __half, float, (unsigned int)4, (unsigned short)16383>(channel_eq::_puschRxChEqStatDescr *, channel_eq::_puschRxChEqSoftDemapDynDescr)"
8208375909,594329,195295,1,1,1,32,32,1,30,0.000,0.000,,,,,NVIDIA A100-SXM4-40GB MIG 4g.20gb (0),1,,13,"void convert_kernel<float2, __half2>(tensor_layout_any, T1 *, tensor_layout_any, const T2 *)"
8209343002,13280,195307,2253,1,1,128,1,1,16,0.000,0.000,,,,,NVIDIA A100-SXM4-40GB MIG 4g.20gb (0),1,,13,cupy_copy__float16_float16
8209889748,5824,195316,282,1,1,128,1,1,16,0.000,0.000,,,,,NVIDIA A100-SXM4-40GB MIG 4g.20gb (0),1,,13,cupy_copy__complex64_complex64
8210417902,6720,195325,26,1,1,128,1,1,16,0.000,0.000,,,,,NVIDIA A100-SXM4-40GB MIG 4g.20gb (0),1,,13,cupy_copy__float32_float32
8210942344,15872,195334,103,1,1,128,1,1,16,0.000,0.000,,,,,NVIDIA A100-SXM4-40GB MIG 4g.20gb (0),1,,13,cupy_copy__complex64_complex64
8211425858,21600,195344,1434,1,1,128,1,1,16,0.000,0.000,,,,,NVIDIA A100-SXM4-40GB MIG 4g.20gb (0),1,,13,cupy_copy__complex64_complex64
8211953660,222942,195349,1,1,1,32,32,1,30,0.000,0.000,,,,,NVIDIA A100-SXM4-40GB MIG 4g.20gb (0),1,,13,"void convert_kernel<__half2, float2>(tensor_layout_any, T1 *, tensor_layout_any, const T2 *)"
8212207417,5952,195352,,,,,,,,,,0.094,15741.865,Pinned,Device,NVIDIA A100-SXM4-40GB MIG 4g.20gb (0),1,,13,[CUDA memcpy Host-to-Device]
8212869042,615161,195353,,,,,,,,,,456.561,741912.340,Device,,NVIDIA A100-SXM4-40GB MIG 4g.20gb (0),1,,13,[CUDA memset]
8213489547,53951,195358,,,,,,,,,,1.235,22889.687,Pinned,Device,NVIDIA A100-SXM4-40GB MIG 4g.20gb (0),1,,13,[CUDA memcpy Host-to-Device]
8213546506,9632,195359,,,,,,,,,,0.197,20411.843,Pinned,Device,NVIDIA A100-SXM4-40GB MIG 4g.20gb (0),1,,13,[CUDA memcpy Host-to-Device]
8214213475,30815,195360,69,4,1,48,1,1,76,0.002,0.000,,,,,NVIDIA A100-SXM4-40GB MIG 4g.20gb (0),1,,13,"void ch_est::windowedChEstPreNoDftSOfdmKernel<float, __half, float, (unsigned int)2, (unsigned int)1, (unsigned short)4>(ch_est::puschRxChEstStatDescr_t *, ch_est::puschRxChEstDynDescr_t *)"
8214731645,11167,195361,137,2,1,24,2,1,44,0.001,0.001,,,,,NVIDIA A100-SXM4-40GB MIG 4g.20gb (0),1,,13,"void ch_est::chEstFilterNoDftSOfdmDispatchKernel<float, __half, float, (unsigned int)2>(ch_est::puschRxChEstStatDescr_t *, ch_est::puschRxChEstDynDescr_t *)"
8215450932,11200,195362,137,2,1,24,2,1,44,0.001,0.001,,,,,NVIDIA A100-SXM4-40GB MIG 4g.20gb (0),1,,13,"void ch_est::chEstFilterNoDftSOfdmDispatchKernel<float, __half, float, (unsigned int)2>(ch_est::puschRxChEstStatDescr_t *, ch_est::puschRxChEstDynDescr_t *)"
8216167532,4160,195373,103,1,1,128,1,1,16,0.000,0.000,,,,,NVIDIA A100-SXM4-40GB MIG 4g.20gb (0),1,,13,cupy_copy__complex64_complex64
8216696390,17504,195383,1434,1,1,128,1,1,16,0.000,0.000,,,,,NVIDIA A100-SXM4-40GB MIG 4g.20gb (0),1,,13,cupy_copy__complex64_complex64
8217232128,3968,195390,103,1,1,128,1,1,16,0.000,0.000,,,,,NVIDIA A100-SXM4-40GB MIG 4g.20gb (0),1,,13,cupy_copy__complex64_complex64
8217597084,229469,195397,1,1,1,32,32,1,30,0.000,0.000,,,,,NVIDIA A100-SXM4-40GB MIG 4g.20gb (0),1,,13,"void convert_kernel<__half2, float2>(tensor_layout_any, T1 *, tensor_layout_any, const T2 *)"
8217856761,5728,195400,,,,,,,,,,0.094,16357.541,Pinned,Device,NVIDIA A100-SXM4-40GB MIG 4g.20gb (0),1,,13,[CUDA memcpy Host-to-Device]
8218119414,49247,195401,,,,,,,,,,35.810,727120.426,Device,,NVIDIA A100-SXM4-40GB MIG 4g.20gb (0),1,,13,[CUDA memset]
8218176085,2016,195403,,,,,,,,,,0.000,39.682,Pinned,Device,NVIDIA A100-SXM4-40GB MIG 4g.20gb (0),1,,13,[CUDA memcpy Host-to-Device]
8218181333,9760,195404,,,,,,,,,,0.197,20144.259,Pinned,Device,NVIDIA A100-SXM4-40GB MIG 4g.20gb (0),1,,13,[CUDA memcpy Host-to-Device]
8218529809,23456,195405,273,1,1,48,1,1,40,0.000,0.001,,,,,NVIDIA A100-SXM4-40GB MIG 4g.20gb (0),1,,13,"void pusch_noise_intf_est::noiseIntfEstNoDftSOfdmKernel<float, __half, float, float, (unsigned int)2, (unsigned int)1, (unsigned char)4, (unsigned char)4>(pusch_noise_intf_est::puschRxNoiseIntfEstDynDescr)"
8218859150,4768,195416,35,1,1,128,1,1,16,0.000,0.000,,,,,NVIDIA A100-SXM4-40GB MIG 4g.20gb (0),1,,13,cupy_copy__complex64_complex64
8219204426,3040,195425,1,1,1,1,1,1,18,0.000,0.000,,,,,NVIDIA A100-SXM4-40GB MIG 4g.20gb (0),1,,13,cupy_copy__float32_float32
8219213354,1600,195431,,,,,,,,,,0.000,2.500,Device,Pageable,NVIDIA A100-SXM4-40GB MIG 4g.20gb (0),1,,7,[CUDA memcpy Device-to-Host]
8219548102,14432,195442,1434,1,1,128,1,1,16,0.000,0.000,,,,,NVIDIA A100-SXM4-40GB MIG 4g.20gb (0),1,,13,cupy_copy__complex64_complex64
8219881762,5664,195449,103,1,1,128,1,1,16,0.000,0.000,,,,,NVIDIA A100-SXM4-40GB MIG 4g.20gb (0),1,,13,cupy_copy__complex64_complex64
8220327229,8864,195456,35,1,1,128,1,1,16,0.000,0.000,,,,,NVIDIA A100-SXM4-40GB MIG 4g.20gb (0),1,,13,cupy_copy__complex64_complex64
8220900694,3776,195463,1,1,1,1,1,1,18,0.000,0.000,,,,,NVIDIA A100-SXM4-40GB MIG 4g.20gb (0),1,,13,cupy_copy__float32_float32
8221290034,252637,195474,1,1,1,32,32,1,30,0.000,0.000,,,,,NVIDIA A100-SXM4-40GB MIG 4g.20gb (0),1,,13,"void convert_kernel<__half2, float2>(tensor_layout_any, T1 *, tensor_layout_any, const T2 *)"
8221573871,6048,195477,,,,,,,,,,0.094,15491.978,Pinned,Device,NVIDIA A100-SXM4-40GB MIG 4g.20gb (0),1,,13,[CUDA memcpy Host-to-Device]
8221945099,10751,195478,,,,,,,,,,1.547,143857.685,Device,,NVIDIA A100-SXM4-40GB MIG 4g.20gb (0),1,,13,[CUDA memset]
8221959690,7008,195483,,,,,,,,,,0.031,4465.751,Pinned,Device,NVIDIA A100-SXM4-40GB MIG 4g.20gb (0),1,,13,[CUDA memcpy Host-to-Device]
8221975402,17408,195484,,,,,,,,,,0.197,11293.950,Pinned,Device,NVIDIA A100-SXM4-40GB MIG 4g.20gb (0),1,,13,[CUDA memcpy Host-to-Device]
8222419717,15456,195485,273,1,1,8,4,1,39,0.002,0.000,,,,,NVIDIA A100-SXM4-40GB MIG 4g.20gb (0),1,,13,"void channel_eq::eqMmseCoefCompLowMimoKernel<float, float, float, (unsigned int)4, (unsigned int)1, (unsigned int)4>(const channel_eq::_puschRxChEqStatDescr *, channel_eq::_puschRxChEqCoefCompDynDescr)"
8223075390,10912,195486,273,1,1,12,11,1,51,0.002,0.000,,,,,NVIDIA A100-SXM4-40GB MIG 4g.20gb (0),1,,13,"void channel_eq::eqMmseSoftDemapKernel<float, __half, __half, float, (unsigned int)4, (unsigned short)16383>(channel_eq::_puschRxChEqStatDescr *, channel_eq::_puschRxChEqSoftDemapDynDescr)"
8223736982,765559,195487,1,1,1,32,32,1,30,0.000,0.000,,,,,NVIDIA A100-SXM4-40GB MIG 4g.20gb (0),1,,13,"void convert_kernel<float2, __half2>(tensor_layout_any, T1 *, tensor_layout_any, const T2 *)"
8225000392,15008,195499,2253,1,1,128,1,1,16,0.000,0.000,,,,,NVIDIA A100-SXM4-40GB MIG 4g.20gb (0),1,,13,cupy_copy__float16_float16
8225575777,5504,195508,282,1,1,128,1,1,16,0.000,0.000,,,,,NVIDIA A100-SXM4-40GB MIG 4g.20gb (0),1,,13,cupy_copy__complex64_complex64
8226233914,3328,195517,26,1,1,128,1,1,16,0.000,0.000,,,,,NVIDIA A100-SXM4-40GB MIG 4g.20gb (0),1,,13,cupy_copy__float32_float32
8226859891,8671,195526,103,1,1,128,1,1,16,0.000,0.000,,,,,NVIDIA A100-SXM4-40GB MIG 4g.20gb (0),1,,13,cupy_copy__complex64_complex64
8227087536,17952,195536,1434,1,1,128,1,1,16,0.000,0.000,,,,,NVIDIA A100-SXM4-40GB MIG 4g.20gb (0),1,,13,cupy_copy__complex64_complex64
8227137743,137599,195541,1,1,1,32,32,1,30,0.000,0.000,,,,,NVIDIA A100-SXM4-40GB MIG 4g.20gb (0),1,,13,"void convert_kernel<__half2, float2>(tensor_layout_any, T1 *, tensor_layout_any, const T2 *)"
8227306958,5471,195544,,,,,,,,,,0.094,17125.849,Pinned,Device,NVIDIA A100-SXM4-40GB MIG 4g.20gb (0),1,,13,[CUDA memcpy Host-to-Device]
8227376077,614329,195545,,,,,,,,,,456.561,742825.463,Device,,NVIDIA A100-SXM4-40GB MIG 4g.20gb (0),1,,13,[CUDA memset]
8227992870,57023,195550,,,,,,,,,,1.235,21655.978,Pinned,Device,NVIDIA A100-SXM4-40GB MIG 4g.20gb (0),1,,13,[CUDA memcpy Host-to-Device]
8228052645,10304,195551,,,,,,,,,,0.197,19080.610,Pinned,Device,NVIDIA A100-SXM4-40GB MIG 4g.20gb (0),1,,13,[CUDA memcpy Host-to-Device]
8228268259,29535,195552,69,4,1,48,1,1,76,0.002,0.000,,,,,NVIDIA A100-SXM4-40GB MIG 4g.20gb (0),1,,13,"void ch_est::windowedChEstPreNoDftSOfdmKernel<float, __half, float, (unsigned int)2, (unsigned int)1, (unsigned short)4>(ch_est::puschRxChEstStatDescr_t *, ch_est::puschRxChEstDynDescr_t *)"
8228612543,8704,195553,137,2,1,24,2,1,44,0.001,0.001,,,,,NVIDIA A100-SXM4-40GB MIG 4g.20gb (0),1,,13,"void ch_est::chEstFilterNoDftSOfdmDispatchKernel<float, __half, float, (unsigned int)2>(ch_est::puschRxChEstStatDescr_t *, ch_est::puschRxChEstDynDescr_t *)"
8228991066,15840,195554,137,2,1,24,2,1,44,0.001,0.001,,,,,NVIDIA A100-SXM4-40GB MIG 4g.20gb (0),1,,13,"void ch_est::chEstFilterNoDftSOfdmDispatchKernel<float, __half, float, (unsigned int)2>(ch_est::puschRxChEstStatDescr_t *, ch_est::puschRxChEstDynDescr_t *)"
8229376854,8544,195565,103,1,1,128,1,1,16,0.000,0.000,,,,,NVIDIA A100-SXM4-40GB MIG 4g.20gb (0),1,,13,cupy_copy__complex64_complex64
8229510996,20832,195575,1434,1,1,128,1,1,16,0.000,0.000,,,,,NVIDIA A100-SXM4-40GB MIG 4g.20gb (0),1,,13,cupy_copy__complex64_complex64
8229897136,6560,195582,103,1,1,128,1,1,16,0.000,0.000,,,,,NVIDIA A100-SXM4-40GB MIG 4g.20gb (0),1,,13,cupy_copy__complex64_complex64
8230169645,251869,195589,1,1,1,32,32,1,30,0.000,0.000,,,,,NVIDIA A100-SXM4-40GB MIG 4g.20gb (0),1,,13,"void convert_kernel<__half2, float2>(tensor_layout_any, T1 *, tensor_layout_any, const T2 *)"
8230450282,5408,195592,,,,,,,,,,0.094,17325.421,Pinned,Device,NVIDIA A100-SXM4-40GB MIG 4g.20gb (0),1,,13,[CUDA memcpy Host-to-Device]
8230670503,48160,195593,,,,,,,,,,35.810,743557.179,Device,,NVIDIA A100-SXM4-40GB MIG 4g.20gb (0),1,,13,[CUDA memset]
8230724743,1824,195595,,,,,,,,,,0.000,43.860,Pinned,Device,NVIDIA A100-SXM4-40GB MIG 4g.20gb (0),1,,13,[CUDA memcpy Host-to-Device]
8230729543,9343,195596,,,,,,,,,,0.197,21043.347,Pinned,Device,NVIDIA A100-SXM4-40GB MIG 4g.20gb (0),1,,13,[CUDA memcpy Host-to-Device]
8231094594,52064,195597,273,1,1,48,1,1,40,0.000,0.001,,,,,NVIDIA A100-SXM4-40GB MIG 4g.20gb (0),1,,13,"void pusch_noise_intf_est::noiseIntfEstNoDftSOfdmKernel<float, __half, float, float, (unsigned int)2, (unsigned int)1, (unsigned char)4, (unsigned char)4>(pusch_noise_intf_est::puschRxNoiseIntfEstDynDescr)"
8231705051,7392,195608,35,1,1,128,1,1,16,0.000,0.000,,,,,NVIDIA A100-SXM4-40GB MIG 4g.20gb (0),1,,13,cupy_copy__complex64_complex64
8232122935,3200,195617,1,1,1,1,1,1,18,0.000,0.000,,,,,NVIDIA A100-SXM4-40GB MIG 4g.20gb (0),1,,13,cupy_copy__float32_float32
8232131991,1664,195623,,,,,,,,,,0.000,2.404,Device,Pageable,NVIDIA A100-SXM4-40GB MIG 4g.20gb (0),1,,7,[CUDA memcpy Device-to-Host]
8232720752,18464,195634,1434,1,1,128,1,1,16,0.000,0.000,,,,,NVIDIA A100-SXM4-40GB MIG 4g.20gb (0),1,,13,cupy_copy__complex64_complex64
8233217482,4032,195641,103,1,1,128,1,1,16,0.000,0.000,,,,,NVIDIA A100-SXM4-40GB MIG 4g.20gb (0),1,,13,cupy_copy__complex64_complex64
8233451816,8575,195648,35,1,1,128,1,1,16,0.000,0.000,,,,,NVIDIA A100-SXM4-40GB MIG 4g.20gb (0),1,,13,cupy_copy__complex64_complex64
8233779332,6240,195655,1,1,1,1,1,1,18,0.000,0.000,,,,,NVIDIA A100-SXM4-40GB MIG 4g.20gb (0),1,,13,cupy_copy__float32_float32
8234524827,265085,195666,1,1,1,32,32,1,30,0.000,0.000,,,,,NVIDIA A100-SXM4-40GB MIG 4g.20gb (0),1,,13,"void convert_kernel<__half2, float2>(tensor_layout_any, T1 *, tensor_layout_any, const T2 *)"
8234819672,5568,195669,,,,,,,,,,0.094,16827.521,Pinned,Device,NVIDIA A100-SXM4-40GB MIG 4g.20gb (0),1,,13,[CUDA memcpy Host-to-Device]
8235452017,7520,195670,,,,,,,,,,1.547,205666.966,Device,,NVIDIA A100-SXM4-40GB MIG 4g.20gb (0),1,,13,[CUDA memset]
8235468849,8128,195675,,,,,,,,,,0.031,3850.378,Pinned,Device,NVIDIA A100-SXM4-40GB MIG 4g.20gb (0),1,,13,[CUDA memcpy Host-to-Device]
8235479665,13823,195676,,,,,,,,,,0.197,14223.213,Pinned,Device,NVIDIA A100-SXM4-40GB MIG 4g.20gb (0),1,,13,[CUDA memcpy Host-to-Device]
8236079082,13152,195677,273,1,1,8,4,1,39,0.002,0.000,,,,,NVIDIA A100-SXM4-40GB MIG 4g.20gb (0),1,,13,"void channel_eq::eqMmseCoefCompLowMimoKernel<float, float, float, (unsigned int)4, (unsigned int)1, (unsigned int)4>(const channel_eq::_puschRxChEqStatDescr *, channel_eq::_puschRxChEqCoefCompDynDescr)"
8236862241,14880,195678,273,1,1,12,11,1,51,0.002,0.000,,,,,NVIDIA A100-SXM4-40GB MIG 4g.20gb (0),1,,13,"void channel_eq::eqMmseSoftDemapKernel<float, __half, __half, float, (unsigned int)4, (unsigned short)16383>(channel_eq::_puschRxChEqStatDescr *, channel_eq::_puschRxChEqSoftDemapDynDescr)"
8237598648,767192,195679,1,1,1,32,32,1,30,0.000,0.000,,,,,NVIDIA A100-SXM4-40GB MIG 4g.20gb (0),1,,13,"void convert_kernel<float2, __half2>(tensor_layout_any, T1 *, tensor_layout_any, const T2 *)"
8238716780,20127,195691,2253,1,1,128,1,1,16,0.000,0.000,,,,,NVIDIA A100-SXM4-40GB MIG 4g.20gb (0),1,,13,cupy_copy__float16_float16
8239083336,10079,195700,282,1,1,128,1,1,16,0.000,0.000,,,,,NVIDIA A100-SXM4-40GB MIG 4g.20gb (0),1,,13,cupy_copy__complex64_complex64
8239623649,4768,195709,26,1,1,128,1,1,16,0.000,0.000,,,,,NVIDIA A100-SXM4-40GB MIG 4g.20gb (0),1,,13,cupy_copy__float32_float32
8239947038,15359,195718,103,1,1,128,1,1,16,0.000,0.000,,,,,NVIDIA A100-SXM4-40GB MIG 4g.20gb (0),1,,13,cupy_copy__complex64_complex64
8240301530,16191,195728,1434,1,1,128,1,1,16,0.000,0.000,,,,,NVIDIA A100-SXM4-40GB MIG 4g.20gb (0),1,,13,cupy_copy__complex64_complex64
8240879091,259901,195733,1,1,1,32,32,1,30,0.000,0.000,,,,,NVIDIA A100-SXM4-40GB MIG 4g.20gb (0),1,,13,"void convert_kernel<__half2, float2>(tensor_layout_any, T1 *, tensor_layout_any, const T2 *)"
8241170032,10144,195736,,,,,,,,,,0.094,9236.552,Pinned,Device,NVIDIA A100-SXM4-40GB MIG 4g.20gb (0),1,,13,[CUDA memcpy Host-to-Device]
8241704458,621017,195737,,,,,,,,,,456.561,735063.918,Device,,NVIDIA A100-SXM4-40GB MIG 4g.20gb (0),1,,13,[CUDA memset]
8242331939,54687,195742,,,,,,,,,,1.235,22580.951,Pinned,Device,NVIDIA A100-SXM4-40GB MIG 4g.20gb (0),1,,13,[CUDA memcpy Host-to-Device]
8242392322,9696,195743,,,,,,,,,,0.197,20277.166,Pinned,Device,NVIDIA A100-SXM4-40GB MIG 4g.20gb (0),1,,13,[CUDA memcpy Host-to-Device]
8242983931,12864,195744,69,4,1,48,1,1,76,0.002,0.000,,,,,NVIDIA A100-SXM4-40GB MIG 4g.20gb (0),1,,13,"void ch_est::windowedChEstPreNoDftSOfdmKernel<float, __half, float, (unsigned int)2, (unsigned int)1, (unsigned short)4>(ch_est::puschRxChEstStatDescr_t *, ch_est::puschRxChEstDynDescr_t *)"
8244221453,27488,195745,137,2,1,24,2,1,44,0.001,0.001,,,,,NVIDIA A100-SXM4-40GB MIG 4g.20gb (0),1,,13,"void ch_est::chEstFilterNoDftSOfdmDispatchKernel<float, __half, float, (unsigned int)2>(ch_est::puschRxChEstStatDescr_t *, ch_est::puschRxChEstDynDescr_t *)"
8244788775,25663,195746,137,2,1,24,2,1,44,0.001,0.001,,,,,NVIDIA A100-SXM4-40GB MIG 4g.20gb (0),1,,13,"void ch_est::chEstFilterNoDftSOfdmDispatchKernel<float, __half, float, (unsigned int)2>(ch_est::puschRxChEstStatDescr_t *, ch_est::puschRxChEstDynDescr_t *)"
8245750780,9248,195757,103,1,1,128,1,1,16,0.000,0.000,,,,,NVIDIA A100-SXM4-40GB MIG 4g.20gb (0),1,,13,cupy_copy__complex64_complex64
8246032600,14912,195767,1434,1,1,128,1,1,16,0.000,0.000,,,,,NVIDIA A100-SXM4-40GB MIG 4g.20gb (0),1,,13,cupy_copy__complex64_complex64
8246533843,4192,195774,103,1,1,128,1,1,16,0.000,0.000,,,,,NVIDIA A100-SXM4-40GB MIG 4g.20gb (0),1,,13,cupy_copy__complex64_complex64
8246776112,285885,195781,1,1,1,32,32,1,30,0.000,0.000,,,,,NVIDIA A100-SXM4-40GB MIG 4g.20gb (0),1,,13,"void convert_kernel<__half2, float2>(tensor_layout_any, T1 *, tensor_layout_any, const T2 *)"
8247090956,5792,195784,,,,,,,,,,0.094,16176.708,Pinned,Device,NVIDIA A100-SXM4-40GB MIG 4g.20gb (0),1,,13,[CUDA memcpy Host-to-Device]
8247665894,48543,195785,,,,,,,,,,35.810,737684.352,Device,,NVIDIA A100-SXM4-40GB MIG 4g.20gb (0),1,,13,[CUDA memset]
8247721189,1856,195787,,,,,,,,,,0.000,43.103,Pinned,Device,NVIDIA A100-SXM4-40GB MIG 4g.20gb (0),1,,13,[CUDA memcpy Host-to-Device]
8247725509,10144,195788,,,,,,,,,,0.197,19381.617,Pinned,Device,NVIDIA A100-SXM4-40GB MIG 4g.20gb (0),1,,13,[CUDA memcpy Host-to-Device]
8248298623,15615,195789,273,1,1,48,1,1,40,0.000,0.001,,,,,NVIDIA A100-SXM4-40GB MIG 4g.20gb (0),1,,13,"void pusch_noise_intf_est::noiseIntfEstNoDftSOfdmKernel<float, __half, float, float, (unsigned int)2, (unsigned int)1, (unsigned char)4, (unsigned char)4>(pusch_noise_intf_est::puschRxNoiseIntfEstDynDescr)"
8248814681,8064,195800,35,1,1,128,1,1,16,0.000,0.000,,,,,NVIDIA A100-SXM4-40GB MIG 4g.20gb (0),1,,13,cupy_copy__complex64_complex64
8249452530,3455,195809,1,1,1,1,1,1,18,0.000,0.000,,,,,NVIDIA A100-SXM4-40GB MIG 4g.20gb (0),1,,13,cupy_copy__float32_float32
8249463025,5856,195815,,,,,,,,,,0.000,0.683,Device,Pageable,NVIDIA A100-SXM4-40GB MIG 4g.20gb (0),1,,7,[CUDA memcpy Device-to-Host]
8250256008,22592,195826,1434,1,1,128,1,1,16,0.000,0.000,,,,,NVIDIA A100-SXM4-40GB MIG 4g.20gb (0),1,,13,cupy_copy__complex64_complex64
8251056767,6880,195833,103,1,1,128,1,1,16,0.000,0.000,,,,,NVIDIA A100-SXM4-40GB MIG 4g.20gb (0),1,,13,cupy_copy__complex64_complex64
8251587481,11200,195840,35,1,1,128,1,1,16,0.000,0.000,,,,,NVIDIA A100-SXM4-40GB MIG 4g.20gb (0),1,,13,cupy_copy__complex64_complex64
8252191762,4128,195847,1,1,1,1,1,1,18,0.000,0.000,,,,,NVIDIA A100-SXM4-40GB MIG 4g.20gb (0),1,,13,cupy_copy__float32_float32
8252700653,248509,195858,1,1,1,32,32,1,30,0.000,0.000,,,,,NVIDIA A100-SXM4-40GB MIG 4g.20gb (0),1,,13,"void convert_kernel<__half2, float2>(tensor_layout_any, T1 *, tensor_layout_any, const T2 *)"
8252980905,10080,195861,,,,,,,,,,0.094,9295.205,Pinned,Device,NVIDIA A100-SXM4-40GB MIG 4g.20gb (0),1,,13,[CUDA memcpy Host-to-Device]
8253757153,6271,195862,,,,,,,,,,1.547,246630.850,Device,,NVIDIA A100-SXM4-40GB MIG 4g.20gb (0),1,,13,[CUDA memset]
8253768032,6208,195867,,,,,,,,,,0.031,5041.222,Pinned,Device,NVIDIA A100-SXM4-40GB MIG 4g.20gb (0),1,,13,[CUDA memcpy Host-to-Device]
8253780864,14528,195868,,,,,,,,,,0.197,13532.922,Pinned,Device,NVIDIA A100-SXM4-40GB MIG 4g.20gb (0),1,,13,[CUDA memcpy Host-to-Device]
8254537240,15391,195869,273,1,1,8,4,1,39,0.002,0.000,,,,,NVIDIA A100-SXM4-40GB MIG 4g.20gb (0),1,,13,"void channel_eq::eqMmseCoefCompLowMimoKernel<float, float, float, (unsigned int)4, (unsigned int)1, (unsigned int)4>(const channel_eq::_puschRxChEqStatDescr *, channel_eq::_puschRxChEqCoefCompDynDescr)"
8255253200,15391,195870,273,1,1,12,11,1,51,0.002,0.000,,,,,NVIDIA A100-SXM4-40GB MIG 4g.20gb (0),1,,13,"void channel_eq::eqMmseSoftDemapKernel<float, __half, __half, float, (unsigned int)4, (unsigned short)16383>(channel_eq::_puschRxChEqStatDescr *, channel_eq::_puschRxChEqSoftDemapDynDescr)"
8255943944,729143,195871,1,1,1,32,32,1,30,0.000,0.000,,,,,NVIDIA A100-SXM4-40GB MIG 4g.20gb (0),1,,13,"void convert_kernel<float2, __half2>(tensor_layout_any, T1 *, tensor_layout_any, const T2 *)"
8257101562,14720,195883,2253,1,1,128,1,1,16,0.000,0.000,,,,,NVIDIA A100-SXM4-40GB MIG 4g.20gb (0),1,,13,cupy_copy__float16_float16
8257354040,11007,195892,282,1,1,128,1,1,16,0.000,0.000,,,,,NVIDIA A100-SXM4-40GB MIG 4g.20gb (0),1,,13,cupy_copy__complex64_complex64
8257603573,4480,195901,26,1,1,128,1,1,16,0.000,0.000,,,,,NVIDIA A100-SXM4-40GB MIG 4g.20gb (0),1,,13,cupy_copy__float32_float32
8257806866,11744,195910,103,1,1,128,1,1,16,0.000,0.000,,,,,NVIDIA A100-SXM4-40GB MIG 4g.20gb (0),1,,13,cupy_copy__complex64_complex64
8258049168,17535,195920,1434,1,1,128,1,1,16,0.000,0.000,,,,,NVIDIA A100-SXM4-40GB MIG 4g.20gb (0),1,,13,cupy_copy__complex64_complex64
8258300461,218141,195925,1,1,1,32,32,1,30,0.000,0.000,,,,,NVIDIA A100-SXM4-40GB MIG 4g.20gb (0),1,,13,"void convert_kernel<__half2, float2>(tensor_layout_any, T1 *, tensor_layout_any, const T2 *)"
8258549354,5344,195928,,,,,,,,,,0.094,17532.864,Pinned,Device,NVIDIA A100-SXM4-40GB MIG 4g.20gb (0),1,,13,[CUDA memcpy Host-to-Device]
8258759624,626424,195929,,,,,,,,,,456.561,728672.058,Device,,NVIDIA A100-SXM4-40GB MIG 4g.20gb (0),1,,13,[CUDA memset]
8259394176,56448,195934,,,,,,,,,,1.235,21877.033,Pinned,Device,NVIDIA A100-SXM4-40GB MIG 4g.20gb (0),1,,13,[CUDA memcpy Host-to-Device]
8259453088,10592,195935,,,,,,,,,,0.197,18561.761,Pinned,Device,NVIDIA A100-SXM4-40GB MIG 4g.20gb (0),1,,13,[CUDA memcpy Host-to-Device]
8259952346,35744,195936,69,4,1,48,1,1,76,0.002,0.000,,,,,NVIDIA A100-SXM4-40GB MIG 4g.20gb (0),1,,13,"void ch_est::windowedChEstPreNoDftSOfdmKernel<float, __half, float, (unsigned int)2, (unsigned int)1, (unsigned short)4>(ch_est::puschRxChEstStatDescr_t *, ch_est::puschRxChEstDynDescr_t *)"
8260510260,25407,195937,137,2,1,24,2,1,44,0.001,0.001,,,,,NVIDIA A100-SXM4-40GB MIG 4g.20gb (0),1,,13,"void ch_est::chEstFilterNoDftSOfdmDispatchKernel<float, __half, float, (unsigned int)2>(ch_est::puschRxChEstStatDescr_t *, ch_est::puschRxChEstDynDescr_t *)"
8261106893,26304,195938,137,2,1,24,2,1,44,0.001,0.001,,,,,NVIDIA A100-SXM4-40GB MIG 4g.20gb (0),1,,13,"void ch_est::chEstFilterNoDftSOfdmDispatchKernel<float, __half, float, (unsigned int)2>(ch_est::puschRxChEstStatDescr_t *, ch_est::puschRxChEstDynDescr_t *)"
8261701766,4736,195949,103,1,1,128,1,1,16,0.000,0.000,,,,,NVIDIA A100-SXM4-40GB MIG 4g.20gb (0),1,,13,cupy_copy__complex64_complex64
8262207424,20128,195959,1434,1,1,128,1,1,16,0.000,0.000,,,,,NVIDIA A100-SXM4-40GB MIG 4g.20gb (0),1,,13,cupy_copy__complex64_complex64
8262837593,8736,195966,103,1,1,128,1,1,16,0.000,0.000,,,,,NVIDIA A100-SXM4-40GB MIG 4g.20gb (0),1,,13,cupy_copy__complex64_complex64
8263454450,246525,195973,1,1,1,32,32,1,30,0.000,0.000,,,,,NVIDIA A100-SXM4-40GB MIG 4g.20gb (0),1,,13,"void convert_kernel<__half2, float2>(tensor_layout_any, T1 *, tensor_layout_any, const T2 *)"
8263734287,6048,195976,,,,,,,,,,0.094,15491.978,Pinned,Device,NVIDIA A100-SXM4-40GB MIG 4g.20gb (0),1,,13,[CUDA memcpy Host-to-Device]
8264522886,57855,195977,,,,,,,,,,35.810,618938.657,Device,,NVIDIA A100-SXM4-40GB MIG 4g.20gb (0),1,,13,[CUDA memset]
8264584677,7232,195979,,,,,,,,,,0.000,11.062,Pinned,Device,NVIDIA A100-SXM4-40GB MIG 4g.20gb (0),1,,13,[CUDA memcpy Host-to-Device]
8264594469,9440,195980,,,,,,,,,,0.197,20827.079,Pinned,Device,NVIDIA A100-SXM4-40GB MIG 4g.20gb (0),1,,13,[CUDA memcpy Host-to-Device]
8265437340,27679,195981,273,1,1,48,1,1,40,0.000,0.001,,,,,NVIDIA A100-SXM4-40GB MIG 4g.20gb (0),1,,13,"void pusch_noise_intf_est::noiseIntfEstNoDftSOfdmKernel<float, __half, float, float, (unsigned int)2, (unsigned int)1, (unsigned char)4, (unsigned char)4>(pusch_noise_intf_est::puschRxNoiseIntfEstDynDescr)"
8266055637,7647,195992,35,1,1,128,1,1,16,0.000,0.000,,,,,NVIDIA A100-SXM4-40GB MIG 4g.20gb (0),1,,13,cupy_copy__complex64_complex64
8266570095,3040,196001,1,1,1,1,1,1,18,0.000,0.000,,,,,NVIDIA A100-SXM4-40GB MIG 4g.20gb (0),1,,13,cupy_copy__float32_float32
8266577967,1984,196007,,,,,,,,,,0.000,2.016,Device,Pageable,NVIDIA A100-SXM4-40GB MIG 4g.20gb (0),1,,7,[CUDA memcpy Device-to-Host]
8267416965,16096,196018,1434,1,1,128,1,1,16,0.000,0.000,,,,,NVIDIA A100-SXM4-40GB MIG 4g.20gb (0),1,,13,cupy_copy__complex64_complex64
8268268635,4288,196025,103,1,1,128,1,1,16,0.000,0.000,,,,,NVIDIA A100-SXM4-40GB MIG 4g.20gb (0),1,,13,cupy_copy__complex64_complex64
8269091954,6368,196032,35,1,1,128,1,1,16,0.000,0.000,,,,,NVIDIA A100-SXM4-40GB MIG 4g.20gb (0),1,,13,cupy_copy__complex64_complex64
8269536397,3808,196039,1,1,1,1,1,1,18,0.000,0.000,,,,,NVIDIA A100-SXM4-40GB MIG 4g.20gb (0),1,,13,cupy_copy__float32_float32
8269804170,256957,196050,1,1,1,32,32,1,30,0.000,0.000,,,,,NVIDIA A100-SXM4-40GB MIG 4g.20gb (0),1,,13,"void convert_kernel<__half2, float2>(tensor_layout_any, T1 *, tensor_layout_any, const T2 *)"
8270095239,5472,196053,,,,,,,,,,0.094,17122.757,Pinned,Device,NVIDIA A100-SXM4-40GB MIG 4g.20gb (0),1,,13,[CUDA memcpy Host-to-Device]
8270581697,5920,196054,,,,,,,,,,1.547,261252.633,Device,,NVIDIA A100-SXM4-40GB MIG 4g.20gb (0),1,,13,[CUDA memset]
8270593857,7136,196059,,,,,,,,,,0.031,4385.634,Pinned,Device,NVIDIA A100-SXM4-40GB MIG 4g.20gb (0),1,,13,[CUDA memcpy Host-to-Device]
8270603585,9696,196060,,,,,,,,,,0.197,20277.166,Pinned,Device,NVIDIA A100-SXM4-40GB MIG 4g.20gb (0),1,,13,[CUDA memcpy Host-to-Device]
8271073755,24032,196061,273,1,1,8,4,1,39,0.002,0.000,,,,,NVIDIA A100-SXM4-40GB MIG 4g.20gb (0),1,,13,"void channel_eq::eqMmseCoefCompLowMimoKernel<float, float, float, (unsigned int)4, (unsigned int)1, (unsigned int)4>(const channel_eq::_puschRxChEqStatDescr *, channel_eq::_puschRxChEqCoefCompDynDescr)"
8271680117,14591,196062,273,1,1,12,11,1,51,0.002,0.000,,,,,NVIDIA A100-SXM4-40GB MIG 4g.20gb (0),1,,13,"void channel_eq::eqMmseSoftDemapKernel<float, __half, __half, float, (unsigned int)4, (unsigned short)16383>(channel_eq::_puschRxChEqStatDescr *, channel_eq::_puschRxChEqSoftDemapDynDescr)"
8272369837,725943,196063,1,1,1,32,32,1,30,0.000,0.000,,,,,NVIDIA A100-SXM4-40GB MIG 4g.20gb (0),1,,13,"void convert_kernel<float2, __half2>(tensor_layout_any, T1 *, tensor_layout_any, const T2 *)"
8273580703,14016,196075,2253,1,1,128,1,1,16,0.000,0.000,,,,,NVIDIA A100-SXM4-40GB MIG 4g.20gb (0),1,,13,cupy_copy__float16_float16
8274278679,6432,196084,282,1,1,128,1,1,16,0.000,0.000,,,,,NVIDIA A100-SXM4-40GB MIG 4g.20gb (0),1,,13,cupy_copy__complex64_complex64
8275022319,4319,196093,26,1,1,128,1,1,16,0.000,0.000,,,,,NVIDIA A100-SXM4-40GB MIG 4g.20gb (0),1,,13,cupy_copy__float32_float32
8275676903,12960,196102,103,1,1,128,1,1,16,0.000,0.000,,,,,NVIDIA A100-SXM4-40GB MIG 4g.20gb (0),1,,13,cupy_copy__complex64_complex64
8276144322,18304,196112,1434,1,1,128,1,1,16,0.000,0.000,,,,,NVIDIA A100-SXM4-40GB MIG 4g.20gb (0),1,,13,cupy_copy__complex64_complex64
8276616668,259325,196117,1,1,1,32,32,1,30,0.000,0.000,,,,,NVIDIA A100-SXM4-40GB MIG 4g.20gb (0),1,,13,"void convert_kernel<__half2, float2>(tensor_layout_any, T1 *, tensor_layout_any, const T2 *)"
8276924249,8864,196120,,,,,,,,,,0.094,10570.314,Pinned,Device,NVIDIA A100-SXM4-40GB MIG 4g.20gb (0),1,,13,[CUDA memcpy Host-to-Device]
8277676336,617945,196121,,,,,,,,,,456.561,738716.410,Device,,NVIDIA A100-SXM4-40GB MIG 4g.20gb (0),1,,13,[CUDA memset]
8278299529,54912,196126,,,,,,,,,,1.235,22488.330,Pinned,Device,NVIDIA A100-SXM4-40GB MIG 4g.20gb (0),1,,13,[CUDA memcpy Host-to-Device]
8278356937,9439,196127,,,,,,,,,,0.197,20829.241,Pinned,Device,NVIDIA A100-SXM4-40GB MIG 4g.20gb (0),1,,13,[CUDA memcpy Host-to-Device]
8279138048,22943,196128,69,4,1,48,1,1,76,0.002,0.000,,,,,NVIDIA A100-SXM4-40GB MIG 4g.20gb (0),1,,13,"void ch_est::windowedChEstPreNoDftSOfdmKernel<float, __half, float, (unsigned int)2, (unsigned int)1, (unsigned short)4>(ch_est::puschRxChEstStatDescr_t *, ch_est::puschRxChEstDynDescr_t *)"
8279743257,23264,196129,137,2,1,24,2,1,44,0.001,0.001,,,,,NVIDIA A100-SXM4-40GB MIG 4g.20gb (0),1,,13,"void ch_est::chEstFilterNoDftSOfdmDispatchKernel<float, __half, float, (unsigned int)2>(ch_est::puschRxChEstStatDescr_t *, ch_est::puschRxChEstDynDescr_t *)"
8280417585,10528,196130,137,2,1,24,2,1,44,0.001,0.001,,,,,NVIDIA A100-SXM4-40GB MIG 4g.20gb (0),1,,13,"void ch_est::chEstFilterNoDftSOfdmDispatchKernel<float, __half, float, (unsigned int)2>(ch_est::puschRxChEstStatDescr_t *, ch_est::puschRxChEstDynDescr_t *)"
8281083978,4384,196141,103,1,1,128,1,1,16,0.000,0.000,,,,,NVIDIA A100-SXM4-40GB MIG 4g.20gb (0),1,,13,cupy_copy__complex64_complex64
8281736770,18080,196151,1434,1,1,128,1,1,16,0.000,0.000,,,,,NVIDIA A100-SXM4-40GB MIG 4g.20gb (0),1,,13,cupy_copy__complex64_complex64
8282267068,6464,196158,103,1,1,128,1,1,16,0.000,0.000,,,,,NVIDIA A100-SXM4-40GB MIG 4g.20gb (0),1,,13,cupy_copy__complex64_complex64
8282890293,293949,196165,1,1,1,32,32,1,30,0.000,0.000,,,,,NVIDIA A100-SXM4-40GB MIG 4g.20gb (0),1,,13,"void convert_kernel<__half2, float2>(tensor_layout_any, T1 *, tensor_layout_any, const T2 *)"
8283213873,5696,196168,,,,,,,,,,0.094,16449.363,Pinned,Device,NVIDIA A100-SXM4-40GB MIG 4g.20gb (0),1,,13,[CUDA memcpy Host-to-Device]
8283906985,55808,196169,,,,,,,,,,35.810,641642.147,Device,,NVIDIA A100-SXM4-40GB MIG 4g.20gb (0),1,,13,[CUDA memset]
8283965321,3264,196171,,,,,,,,,,0.000,24.510,Pinned,Device,NVIDIA A100-SXM4-40GB MIG 4g.20gb (0),1,,13,[CUDA memcpy Host-to-Device]
8283971337,9856,196172,,,,,,,,,,0.197,19948.044,Pinned,Device,NVIDIA A100-SXM4-40GB MIG 4g.20gb (0),1,,13,[CUDA memcpy Host-to-Device]
8284735456,24384,196173,273,1,1,48,1,1,40,0.000,0.001,,,,,NVIDIA A100-SXM4-40GB MIG 4g.20gb (0),1,,13,"void pusch_noise_intf_est::noiseIntfEstNoDftSOfdmKernel<float, __half, float, float, (unsigned int)2, (unsigned int)1, (unsigned char)4, (unsigned char)4>(pusch_noise_intf_est::puschRxNoiseIntfEstDynDescr)"
8285276826,5952,196184,35,1,1,128,1,1,16,0.000,0.000,,,,,NVIDIA A100-SXM4-40GB MIG 4g.20gb (0),1,,13,cupy_copy__complex64_complex64
8286045521,3552,196193,1,1,1,1,1,1,18,0.000,0.000,,,,,NVIDIA A100-SXM4-40GB MIG 4g.20gb (0),1,,13,cupy_copy__float32_float32
8286054193,1600,196199,,,,,,,,,,0.000,2.500,Device,Pageable,NVIDIA A100-SXM4-40GB MIG 4g.20gb (0),1,,7,[CUDA memcpy Device-to-Host]
8286852744,15680,196210,1434,1,1,128,1,1,16,0.000,0.000,,,,,NVIDIA A100-SXM4-40GB MIG 4g.20gb (0),1,,13,cupy_copy__complex64_complex64
8287648959,4128,196217,103,1,1,128,1,1,16,0.000,0.000,,,,,NVIDIA A100-SXM4-40GB MIG 4g.20gb (0),1,,13,cupy_copy__complex64_complex64
8288418134,7808,196224,35,1,1,128,1,1,16,0.000,0.000,,,,,NVIDIA A100-SXM4-40GB MIG 4g.20gb (0),1,,13,cupy_copy__complex64_complex64
8289169646,3360,196231,1,1,1,1,1,1,18,0.000,0.000,,,,,NVIDIA A100-SXM4-40GB MIG 4g.20gb (0),1,,13,cupy_copy__float32_float32
8289724103,260221,196242,1,1,1,32,32,1,30,0.000,0.000,,,,,NVIDIA A100-SXM4-40GB MIG 4g.20gb (0),1,,13,"void convert_kernel<__half2, float2>(tensor_layout_any, T1 *, tensor_layout_any, const T2 *)"
8290015108,6112,196245,,,,,,,,,,0.094,15329.790,Pinned,Device,NVIDIA A100-SXM4-40GB MIG 4g.20gb (0),1,,13,[CUDA memcpy Host-to-Device]
8290797819,5472,196246,,,,,,,,,,1.547,282642.443,Device,,NVIDIA A100-SXM4-40GB MIG 4g.20gb (0),1,,13,[CUDA memset]
8290808891,4256,196251,,,,,,,,,,0.031,7353.371,Pinned,Device,NVIDIA A100-SXM4-40GB MIG 4g.20gb (0),1,,13,[CUDA memcpy Host-to-Device]
8290818043,13088,196252,,,,,,,,,,0.197,15021.834,Pinned,Device,NVIDIA A100-SXM4-40GB MIG 4g.20gb (0),1,,13,[CUDA memcpy Host-to-Device]
8291584274,31328,196253,273,1,1,8,4,1,39,0.002,0.000,,,,,NVIDIA A100-SXM4-40GB MIG 4g.20gb (0),1,,13,"void channel_eq::eqMmseCoefCompLowMimoKernel<float, float, float, (unsigned int)4, (unsigned int)1, (unsigned int)4>(const channel_eq::_puschRxChEqStatDescr *, channel_eq::_puschRxChEqCoefCompDynDescr)"
8292154252,12799,196254,273,1,1,12,11,1,51,0.002,0.000,,,,,NVIDIA A100-SXM4-40GB MIG 4g.20gb (0),1,,13,"void channel_eq::eqMmseSoftDemapKernel<float, __half, __half, float, (unsigned int)4, (unsigned short)16383>(channel_eq::_puschRxChEqStatDescr *, channel_eq::_puschRxChEqSoftDemapDynDescr)"
8292646726,654201,196255,1,1,1,32,32,1,30,0.000,0.000,,,,,NVIDIA A100-SXM4-40GB MIG 4g.20gb (0),1,,13,"void convert_kernel<float2, __half2>(tensor_layout_any, T1 *, tensor_layout_any, const T2 *)"
8293754041,13184,196267,2253,1,1,128,1,1,16,0.000,0.000,,,,,NVIDIA A100-SXM4-40GB MIG 4g.20gb (0),1,,13,cupy_copy__float16_float16
8294486001,6240,196276,282,1,1,128,1,1,16,0.000,0.000,,,,,NVIDIA A100-SXM4-40GB MIG 4g.20gb (0),1,,13,cupy_copy__complex64_complex64
8295331047,8096,196285,26,1,1,128,1,1,16,0.000,0.000,,,,,NVIDIA A100-SXM4-40GB MIG 4g.20gb (0),1,,13,cupy_copy__float32_float32
8295978720,24064,196294,103,1,1,128,1,1,16,0.000,0.000,,,,,NVIDIA A100-SXM4-40GB MIG 4g.20gb (0),1,,13,cupy_copy__complex64_complex64
8296745399,16640,196304,1434,1,1,128,1,1,16,0.000,0.000,,,,,NVIDIA A100-SXM4-40GB MIG 4g.20gb (0),1,,13,cupy_copy__complex64_complex64
8297399728,289661,196309,1,1,1,32,32,1,30,0.000,0.000,,,,,NVIDIA A100-SXM4-40GB MIG 4g.20gb (0),1,,13,"void convert_kernel<__half2, float2>(tensor_layout_any, T1 *, tensor_layout_any, const T2 *)"
8297726476,10432,196312,,,,,,,,,,0.094,8981.511,Pinned,Device,NVIDIA A100-SXM4-40GB MIG 4g.20gb (0),1,,13,[CUDA memcpy Host-to-Device]
8298521283,608185,196313,,,,,,,,,,456.561,750587.007,Device,,NVIDIA A100-SXM4-40GB MIG 4g.20gb (0),1,,13,[CUDA memset]
8299136668,64735,196318,,,,,,,,,,1.235,19076.180,Pinned,Device,NVIDIA A100-SXM4-40GB MIG 4g.20gb (0),1,,13,[CUDA memcpy Host-to-Device]
8299205179,15648,196319,,,,,,,,,,0.197,12564.234,Pinned,Device,NVIDIA A100-SXM4-40GB MIG 4g.20gb (0),1,,13,[CUDA memcpy Host-to-Device]
8300009010,17792,196320,69,4,1,48,1,1,76,0.002,0.000,,,,,NVIDIA A100-SXM4-40GB MIG 4g.20gb (0),1,,13,"void ch_est::windowedChEstPreNoDftSOfdmKernel<float, __half, float, (unsigned int)2, (unsigned int)1, (unsigned short)4>(ch_est::puschRxChEstStatDescr_t *, ch_est::puschRxChEstDynDescr_t *)"
8300898216,17088,196321,137,2,1,24,2,1,44,0.001,0.001,,,,,NVIDIA A100-SXM4-40GB MIG 4g.20gb (0),1,,13,"void ch_est::chEstFilterNoDftSOfdmDispatchKernel<float, __half, float, (unsigned int)2>(ch_est::puschRxChEstStatDescr_t *, ch_est::puschRxChEstDynDescr_t *)"
8301551297,25567,196322,137,2,1,24,2,1,44,0.001,0.001,,,,,NVIDIA A100-SXM4-40GB MIG 4g.20gb (0),1,,13,"void ch_est::chEstFilterNoDftSOfdmDispatchKernel<float, __half, float, (unsigned int)2>(ch_est::puschRxChEstStatDescr_t *, ch_est::puschRxChEstDynDescr_t *)"
8302202393,4384,196333,103,1,1,128,1,1,16,0.000,0.000,,,,,NVIDIA A100-SXM4-40GB MIG 4g.20gb (0),1,,13,cupy_copy__complex64_complex64
8302956817,15871,196343,1434,1,1,128,1,1,16,0.000,0.000,,,,,NVIDIA A100-SXM4-40GB MIG 4g.20gb (0),1,,13,cupy_copy__complex64_complex64
8303692552,8576,196350,103,1,1,128,1,1,16,0.000,0.000,,,,,NVIDIA A100-SXM4-40GB MIG 4g.20gb (0),1,,13,cupy_copy__complex64_complex64
8303986117,243133,196357,1,1,1,32,32,1,30,0.000,0.000,,,,,NVIDIA A100-SXM4-40GB MIG 4g.20gb (0),1,,13,"void convert_kernel<__half2, float2>(tensor_layout_any, T1 *, tensor_layout_any, const T2 *)"
8304259522,6208,196360,,,,,,,,,,0.094,15092.739,Pinned,Device,NVIDIA A100-SXM4-40GB MIG 4g.20gb (0),1,,13,[CUDA memcpy Host-to-Device]
8304754780,52256,196361,,,,,,,,,,35.810,685258.629,Device,,NVIDIA A100-SXM4-40GB MIG 4g.20gb (0),1,,13,[CUDA memset]
8304811932,2368,196363,,,,,,,,,,0.000,33.784,Pinned,Device,NVIDIA A100-SXM4-40GB MIG 4g.20gb (0),1,,13,[CUDA memcpy Host-to-Device]
8304816732,9535,196364,,,,,,,,,,0.197,20619.461,Pinned,Device,NVIDIA A100-SXM4-40GB MIG 4g.20gb (0),1,,13,[CUDA memcpy Host-to-Device]
8305320470,25183,196365,273,1,1,48,1,1,40,0.000,0.001,,,,,NVIDIA A100-SXM4-40GB MIG 4g.20gb (0),1,,13,"void pusch_noise_intf_est::noiseIntfEstNoDftSOfdmKernel<float, __half, float, float, (unsigned int)2, (unsigned int)1, (unsigned char)4, (unsigned char)4>(pusch_noise_intf_est::puschRxNoiseIntfEstDynDescr)"
8305813840,3744,196376,35,1,1,128,1,1,16,0.000,0.000,,,,,NVIDIA A100-SXM4-40GB MIG 4g.20gb (0),1,,13,cupy_copy__complex64_complex64
8306405705,2976,196385,1,1,1,1,1,1,18,0.000,0.000,,,,,NVIDIA A100-SXM4-40GB MIG 4g.20gb (0),1,,13,cupy_copy__float32_float32
8306410057,1792,196391,,,,,,,,,,0.000,2.232,Device,Pageable,NVIDIA A100-SXM4-40GB MIG 4g.20gb (0),1,,7,[CUDA memcpy Device-to-Host]
8306998147,14368,196402,1434,1,1,128,1,1,16,0.000,0.000,,,,,NVIDIA A100-SXM4-40GB MIG 4g.20gb (0),1,,13,cupy_copy__complex64_complex64
8307759098,5024,196409,103,1,1,128,1,1,16,0.000,0.000,,,,,NVIDIA A100-SXM4-40GB MIG 4g.20gb (0),1,,13,cupy_copy__complex64_complex64
8308508946,10751,196416,35,1,1,128,1,1,16,0.000,0.000,,,,,NVIDIA A100-SXM4-40GB MIG 4g.20gb (0),1,,13,cupy_copy__complex64_complex64
8309047275,4864,196423,1,1,1,1,1,1,18,0.000,0.000,,,,,NVIDIA A100-SXM4-40GB MIG 4g.20gb (0),1,,13,cupy_copy__float32_float32
8309628293,252413,196434,1,1,1,32,32,1,30,0.000,0.000,,,,,NVIDIA A100-SXM4-40GB MIG 4g.20gb (0),1,,13,"void convert_kernel<__half2, float2>(tensor_layout_any, T1 *, tensor_layout_any, const T2 *)"
8309912290,5791,196437,,,,,,,,,,0.094,16179.519,Pinned,Device,NVIDIA A100-SXM4-40GB MIG 4g.20gb (0),1,,13,[CUDA memcpy Host-to-Device]
8310625305,7232,196438,,,,,,,,,,1.547,213857.887,Device,,NVIDIA A100-SXM4-40GB MIG 4g.20gb (0),1,,13,[CUDA memset]
8310639129,4512,196443,,,,,,,,,,0.031,6936.164,Pinned,Device,NVIDIA A100-SXM4-40GB MIG 4g.20gb (0),1,,13,[CUDA memcpy Host-to-Device]
8310646233,9760,196444,,,,,,,,,,0.197,20144.259,Pinned,Device,NVIDIA A100-SXM4-40GB MIG 4g.20gb (0),1,,13,[CUDA memcpy Host-to-Device]
8311161587,27392,196445,273,1,1,8,4,1,39,0.002,0.000,,,,,NVIDIA A100-SXM4-40GB MIG 4g.20gb (0),1,,13,"void channel_eq::eqMmseCoefCompLowMimoKernel<float, float, float, (unsigned int)4, (unsigned int)1, (unsigned int)4>(const channel_eq::_puschRxChEqStatDescr *, channel_eq::_puschRxChEqCoefCompDynDescr)"
8311955722,25312,196446,273,1,1,12,11,1,51,0.002,0.000,,,,,NVIDIA A100-SXM4-40GB MIG 4g.20gb (0),1,,13,"void channel_eq::eqMmseSoftDemapKernel<float, __half, __half, float, (unsigned int)4, (unsigned short)16383>(channel_eq::_puschRxChEqStatDescr *, channel_eq::_puschRxChEqSoftDemapDynDescr)"
8312856000,712984,196447,1,1,1,32,32,1,30,0.000,0.000,,,,,NVIDIA A100-SXM4-40GB MIG 4g.20gb (0),1,,13,"void convert_kernel<float2, __half2>(tensor_layout_any, T1 *, tensor_layout_any, const T2 *)"
8314411406,13312,196459,2253,1,1,128,1,1,16,0.000,0.000,,,,,NVIDIA A100-SXM4-40GB MIG 4g.20gb (0),1,,13,cupy_copy__float16_float16
8315314788,6528,196468,282,1,1,128,1,1,16,0.000,0.000,,,,,NVIDIA A100-SXM4-40GB MIG 4g.20gb (0),1,,13,cupy_copy__complex64_complex64
8315950685,5856,196477,26,1,1,128,1,1,16,0.000,0.000,,,,,NVIDIA A100-SXM4-40GB MIG 4g.20gb (0),1,,13,cupy_copy__float32_float32
8316566902,9728,196486,103,1,1,128,1,1,16,0.000,0.000,,,,,NVIDIA A100-SXM4-40GB MIG 4g.20gb (0),1,,13,cupy_copy__complex64_complex64
8317165487,18528,196496,1434,1,1,128,1,1,16,0.000,0.000,,,,,NVIDIA A100-SXM4-40GB MIG 4g.20gb (0),1,,13,cupy_copy__complex64_complex64
8317580234,262845,196501,1,1,1,32,32,1,30,0.000,0.000,,,,,NVIDIA A100-SXM4-40GB MIG 4g.20gb (0),1,,13,"void convert_kernel<__half2, float2>(tensor_layout_any, T1 *, tensor_layout_any, const T2 *)"
8317874023,5792,196504,,,,,,,,,,0.094,16176.708,Pinned,Device,NVIDIA A100-SXM4-40GB MIG 4g.20gb (0),1,,13,[CUDA memcpy Host-to-Device]
8318550783,623577,196505,,,,,,,,,,456.561,731867.988,Device,,NVIDIA A100-SXM4-40GB MIG 4g.20gb (0),1,,13,[CUDA memset]
8319178712,55231,196510,,,,,,,,,,1.235,22358.661,Pinned,Device,NVIDIA A100-SXM4-40GB MIG 4g.20gb (0),1,,13,[CUDA memcpy Host-to-Device]
8319236919,10496,196511,,,,,,,,,,0.197,18731.631,Pinned,Device,NVIDIA A100-SXM4-40GB MIG 4g.20gb (0),1,,13,[CUDA memcpy Host-to-Device]
8319970319,10560,196512,69,4,1,48,1,1,76,0.002,0.000,,,,,NVIDIA A100-SXM4-40GB MIG 4g.20gb (0),1,,13,"void ch_est::windowedChEstPreNoDftSOfdmKernel<float, __half, float, (unsigned int)2, (unsigned int)1, (unsigned short)4>(ch_est::puschRxChEstStatDescr_t *, ch_est::puschRxChEstDynDescr_t *)"
8320639303,25088,196513,137,2,1,24,2,1,44,0.001,0.001,,,,,NVIDIA A100-SXM4-40GB MIG 4g.20gb (0),1,,13,"void ch_est::chEstFilterNoDftSOfdmDispatchKernel<float, __half, float, (unsigned int)2>(ch_est::puschRxChEstStatDescr_t *, ch_est::puschRxChEstDynDescr_t *)"
8321081314,28224,196514,137,2,1,24,2,1,44,0.001,0.001,,,,,NVIDIA A100-SXM4-40GB MIG 4g.20gb (0),1,,13,"void ch_est::chEstFilterNoDftSOfdmDispatchKernel<float, __half, float, (unsigned int)2>(ch_est::puschRxChEstStatDescr_t *, ch_est::puschRxChEstDynDescr_t *)"
8321609116,8672,196525,103,1,1,128,1,1,16,0.000,0.000,,,,,NVIDIA A100-SXM4-40GB MIG 4g.20gb (0),1,,13,cupy_copy__complex64_complex64
8322055959,16544,196535,1434,1,1,128,1,1,16,0.000,0.000,,,,,NVIDIA A100-SXM4-40GB MIG 4g.20gb (0),1,,13,cupy_copy__complex64_complex64
8322716592,8832,196542,103,1,1,128,1,1,16,0.000,0.000,,,,,NVIDIA A100-SXM4-40GB MIG 4g.20gb (0),1,,13,cupy_copy__complex64_complex64
8323166411,250493,196549,1,1,1,32,32,1,30,0.000,0.000,,,,,NVIDIA A100-SXM4-40GB MIG 4g.20gb (0),1,,13,"void convert_kernel<__half2, float2>(tensor_layout_any, T1 *, tensor_layout_any, const T2 *)"
8323447560,5823,196552,,,,,,,,,,0.094,16090.601,Pinned,Device,NVIDIA A100-SXM4-40GB MIG 4g.20gb (0),1,,13,[CUDA memcpy Host-to-Device]
8324118624,54111,196553,,,,,,,,,,35.810,661767.322,Device,,NVIDIA A100-SXM4-40GB MIG 4g.20gb (0),1,,13,[CUDA memset]
8324176031,2080,196555,,,,,,,,,,0.000,38.462,Pinned,Device,NVIDIA A100-SXM4-40GB MIG 4g.20gb (0),1,,13,[CUDA memcpy Host-to-Device]
8324180575,9472,196556,,,,,,,,,,0.197,20756.693,Pinned,Device,NVIDIA A100-SXM4-40GB MIG 4g.20gb (0),1,,13,[CUDA memcpy Host-to-Device]
8324904983,17888,196557,273,1,1,48,1,1,40,0.000,0.001,,,,,NVIDIA A100-SXM4-40GB MIG 4g.20gb (0),1,,13,"void pusch_noise_intf_est::noiseIntfEstNoDftSOfdmKernel<float, __half, float, float, (unsigned int)2, (unsigned int)1, (unsigned char)4, (unsigned char)4>(pusch_noise_intf_est::puschRxNoiseIntfEstDynDescr)"
8325586959,5728,196568,35,1,1,128,1,1,16,0.000,0.000,,,,,NVIDIA A100-SXM4-40GB MIG 4g.20gb (0),1,,13,cupy_copy__complex64_complex64
8326241768,5664,196577,1,1,1,1,1,1,18,0.000,0.000,,,,,NVIDIA A100-SXM4-40GB MIG 4g.20gb (0),1,,13,cupy_copy__float32_float32
8326255976,1600,196583,,,,,,,,,,0.000,2.500,Device,Pageable,NVIDIA A100-SXM4-40GB MIG 4g.20gb (0),1,,7,[CUDA memcpy Device-to-Host]
8326771490,15328,196594,1434,1,1,128,1,1,16,0.000,0.000,,,,,NVIDIA A100-SXM4-40GB MIG 4g.20gb (0),1,,13,cupy_copy__complex64_complex64
8327236604,12288,196601,103,1,1,128,1,1,16,0.000,0.000,,,,,NVIDIA A100-SXM4-40GB MIG 4g.20gb (0),1,,13,cupy_copy__complex64_complex64
8327589176,12896,196608,35,1,1,128,1,1,16,0.000,0.000,,,,,NVIDIA A100-SXM4-40GB MIG 4g.20gb (0),1,,13,cupy_copy__complex64_complex64
8327878773,4288,196615,1,1,1,1,1,1,18,0.000,0.000,,,,,NVIDIA A100-SXM4-40GB MIG 4g.20gb (0),1,,13,cupy_copy__float32_float32
8328346224,258173,196626,1,1,1,32,32,1,30,0.000,0.000,,,,,NVIDIA A100-SXM4-40GB MIG 4g.20gb (0),1,,13,"void convert_kernel<__half2, float2>(tensor_layout_any, T1 *, tensor_layout_any, const T2 *)"
8328636940,8832,196629,,,,,,,,,,0.094,10608.636,Pinned,Device,NVIDIA A100-SXM4-40GB MIG 4g.20gb (0),1,,13,[CUDA memcpy Host-to-Device]
8329386532,10016,196630,,,,,,,,,,1.547,154414.940,Device,,NVIDIA A100-SXM4-40GB MIG 4g.20gb (0),1,,13,[CUDA memset]
8329400228,6496,196635,,,,,,,,,,0.031,4817.706,Pinned,Device,NVIDIA A100-SXM4-40GB MIG 4g.20gb (0),1,,13,[CUDA memcpy Host-to-Device]
8329412772,15551,196636,,,,,,,,,,0.197,12642.681,Pinned,Device,NVIDIA A100-SXM4-40GB MIG 4g.20gb (0),1,,13,[CUDA memcpy Host-to-Device]
8330257850,17696,196637,273,1,1,8,4,1,39,0.002,0.000,,,,,NVIDIA A100-SXM4-40GB MIG 4g.20gb (0),1,,13,"void channel_eq::eqMmseCoefCompLowMimoKernel<float, float, float, (unsigned int)4, (unsigned int)1, (unsigned int)4>(const channel_eq::_puschRxChEqStatDescr *, channel_eq::_puschRxChEqCoefCompDynDescr)"
8330912307,22527,196638,273,1,1,12,11,1,51,0.002,0.000,,,,,NVIDIA A100-SXM4-40GB MIG 4g.20gb (0),1,,13,"void channel_eq::eqMmseSoftDemapKernel<float, __half, __half, float, (unsigned int)4, (unsigned short)16383>(channel_eq::_puschRxChEqStatDescr *, channel_eq::_puschRxChEqSoftDemapDynDescr)"
8331554507,742392,196639,1,1,1,32,32,1,30,0.000,0.000,,,,,NVIDIA A100-SXM4-40GB MIG 4g.20gb (0),1,,13,"void convert_kernel<float2, __half2>(tensor_layout_any, T1 *, tensor_layout_any, const T2 *)"
8332988411,46655,196651,2253,1,1,128,1,1,16,0.000,0.000,,,,,NVIDIA A100-SXM4-40GB MIG 4g.20gb (0),1,,13,cupy_copy__float16_float16
8333763346,7968,196660,282,1,1,128,1,1,16,0.000,0.000,,,,,NVIDIA A100-SXM4-40GB MIG 4g.20gb (0),1,,13,cupy_copy__complex64_complex64
8334415883,9408,196669,26,1,1,128,1,1,16,0.000,0.000,,,,,NVIDIA A100-SXM4-40GB MIG 4g.20gb (0),1,,13,cupy_copy__float32_float32
8335051747,8544,196678,103,1,1,128,1,1,16,0.000,0.000,,,,,NVIDIA A100-SXM4-40GB MIG 4g.20gb (0),1,,13,cupy_copy__complex64_complex64
8335908986,16448,196688,1434,1,1,128,1,1,16,0.000,0.000,,,,,NVIDIA A100-SXM4-40GB MIG 4g.20gb (0),1,,13,cupy_copy__complex64_complex64
8336761648,242461,196693,1,1,1,32,32,1,30,0.000,0.000,,,,,NVIDIA A100-SXM4-40GB MIG 4g.20gb (0),1,,13,"void convert_kernel<__half2, float2>(tensor_layout_any, T1 *, tensor_layout_any, const T2 *)"
8337034253,5792,196696,,,,,,,,,,0.094,16176.708,Pinned,Device,NVIDIA A100-SXM4-40GB MIG 4g.20gb (0),1,,13,[CUDA memcpy Host-to-Device]
8337682502,624024,196697,,,,,,,,,,456.561,731411.427,Device,,NVIDIA A100-SXM4-40GB MIG 4g.20gb (0),1,,13,[CUDA memset]
8338308670,58880,196702,,,,,,,,,,1.235,20973.054,Pinned,Device,NVIDIA A100-SXM4-40GB MIG 4g.20gb (0),1,,13,[CUDA memcpy Host-to-Device]
8338370014,9568,196703,,,,,,,,,,0.197,20548.485,Pinned,Device,NVIDIA A100-SXM4-40GB MIG 4g.20gb (0),1,,13,[CUDA memcpy Host-to-Device]
8338833016,14752,196704,69,4,1,48,1,1,76,0.002,0.000,,,,,NVIDIA A100-SXM4-40GB MIG 4g.20gb (0),1,,13,"void ch_est::windowedChEstPreNoDftSOfdmKernel<float, __half, float, (unsigned int)2, (unsigned int)1, (unsigned short)4>(ch_est::puschRxChEstStatDescr_t *, ch_est::puschRxChEstDynDescr_t *)"
8339357298,11328,196705,137,2,1,24,2,1,44,0.001,0.001,,,,,NVIDIA A100-SXM4-40GB MIG 4g.20gb (0),1,,13,"void ch_est::chEstFilterNoDftSOfdmDispatchKernel<float, __half, float, (unsigned int)2>(ch_est::puschRxChEstStatDescr_t *, ch_est::puschRxChEstDynDescr_t *)"
8339841197,9120,196706,137,2,1,24,2,1,44,0.001,0.001,,,,,NVIDIA A100-SXM4-40GB MIG 4g.20gb (0),1,,13,"void ch_est::chEstFilterNoDftSOfdmDispatchKernel<float, __half, float, (unsigned int)2>(ch_est::puschRxChEstStatDescr_t *, ch_est::puschRxChEstDynDescr_t *)"
8340310696,10816,196717,103,1,1,128,1,1,16,0.000,0.000,,,,,NVIDIA A100-SXM4-40GB MIG 4g.20gb (0),1,,13,cupy_copy__complex64_complex64
8340579749,18239,196727,1434,1,1,128,1,1,16,0.000,0.000,,,,,NVIDIA A100-SXM4-40GB MIG 4g.20gb (0),1,,13,cupy_copy__complex64_complex64
8340930913,5792,196734,103,1,1,128,1,1,16,0.000,0.000,,,,,NVIDIA A100-SXM4-40GB MIG 4g.20gb (0),1,,13,cupy_copy__complex64_complex64
8341632473,251613,196741,1,1,1,32,32,1,30,0.000,0.000,,,,,NVIDIA A100-SXM4-40GB MIG 4g.20gb (0),1,,13,"void convert_kernel<__half2, float2>(tensor_layout_any, T1 *, tensor_layout_any, const T2 *)"
8341914901,5760,196744,,,,,,,,,,0.094,16266.656,Pinned,Device,NVIDIA A100-SXM4-40GB MIG 4g.20gb (0),1,,13,[CUDA memcpy Host-to-Device]
8342550382,57663,196745,,,,,,,,,,35.810,621015.633,Device,,NVIDIA A100-SXM4-40GB MIG 4g.20gb (0),1,,13,[CUDA memset]
8342615341,4800,196747,,,,,,,,,,0.000,16.667,Pinned,Device,NVIDIA A100-SXM4-40GB MIG 4g.20gb (0),1,,13,[CUDA memcpy Host-to-Device]
8342622669,9472,196748,,,,,,,,,,0.197,20756.693,Pinned,Device,NVIDIA A100-SXM4-40GB MIG 4g.20gb (0),1,,13,[CUDA memcpy Host-to-Device]
8343302182,27551,196749,273,1,1,48,1,1,40,0.000,0.001,,,,,NVIDIA A100-SXM4-40GB MIG 4g.20gb (0),1,,13,"void pusch_noise_intf_est::noiseIntfEstNoDftSOfdmKernel<float, __half, float, float, (unsigned int)2, (unsigned int)1, (unsigned char)4, (unsigned char)4>(pusch_noise_intf_est::puschRxNoiseIntfEstDynDescr)"
8343740993,17119,196760,35,1,1,128,1,1,16,0.000,0.000,,,,,NVIDIA A100-SXM4-40GB MIG 4g.20gb (0),1,,13,cupy_copy__complex64_complex64
8344270299,3264,196769,1,1,1,1,1,1,18,0.000,0.000,,,,,NVIDIA A100-SXM4-40GB MIG 4g.20gb (0),1,,13,cupy_copy__float32_float32
8344279194,1920,196775,,,,,,,,,,0.000,2.083,Device,Pageable,NVIDIA A100-SXM4-40GB MIG 4g.20gb (0),1,,7,[CUDA memcpy Device-to-Host]
8345008498,19328,196786,1434,1,1,128,1,1,16,0.000,0.000,,,,,NVIDIA A100-SXM4-40GB MIG 4g.20gb (0),1,,13,cupy_copy__complex64_complex64
8345685226,5824,196793,103,1,1,128,1,1,16,0.000,0.000,,,,,NVIDIA A100-SXM4-40GB MIG 4g.20gb (0),1,,13,cupy_copy__complex64_complex64
8346334019,11424,196800,35,1,1,128,1,1,16,0.000,0.000,,,,,NVIDIA A100-SXM4-40GB MIG 4g.20gb (0),1,,13,cupy_copy__complex64_complex64
8346792350,4544,196807,1,1,1,1,1,1,18,0.000,0.000,,,,,NVIDIA A100-SXM4-40GB MIG 4g.20gb (0),1,,13,cupy_copy__float32_float32
8347405047,250717,196818,1,1,1,32,32,1,30,0.000,0.000,,,,,NVIDIA A100-SXM4-40GB MIG 4g.20gb (0),1,,13,"void convert_kernel<__half2, float2>(tensor_layout_any, T1 *, tensor_layout_any, const T2 *)"
8347686228,5632,196821,,,,,,,,,,0.094,16636.287,Pinned,Device,NVIDIA A100-SXM4-40GB MIG 4g.20gb (0),1,,13,[CUDA memcpy Host-to-Device]
8348475179,7456,196822,,,,,,,,,,1.547,207433.211,Device,,NVIDIA A100-SXM4-40GB MIG 4g.20gb (0),1,,13,[CUDA memset]
8348489835,6175,196827,,,,,,,,,,0.031,5068.168,Pinned,Device,NVIDIA A100-SXM4-40GB MIG 4g.20gb (0),1,,13,[CUDA memcpy Host-to-Device]
8348498602,10272,196828,,,,,,,,,,0.197,19140.182,Pinned,Device,NVIDIA A100-SXM4-40GB MIG 4g.20gb (0),1,,13,[CUDA memcpy Host-to-Device]
8348929990,16703,196829,273,1,1,8,4,1,39,0.002,0.000,,,,,NVIDIA A100-SXM4-40GB MIG 4g.20gb (0),1,,13,"void channel_eq::eqMmseCoefCompLowMimoKernel<float, float, float, (unsigned int)4, (unsigned int)1, (unsigned int)4>(const channel_eq::_puschRxChEqStatDescr *, channel_eq::_puschRxChEqCoefCompDynDescr)"
8349624254,14943,196830,273,1,1,12,11,1,51,0.002,0.000,,,,,NVIDIA A100-SXM4-40GB MIG 4g.20gb (0),1,,13,"void channel_eq::eqMmseSoftDemapKernel<float, __half, __half, float, (unsigned int)4, (unsigned short)16383>(channel_eq::_puschRxChEqStatDescr *, channel_eq::_puschRxChEqSoftDemapDynDescr)"
8350317590,688696,196831,1,1,1,32,32,1,30,0.000,0.000,,,,,NVIDIA A100-SXM4-40GB MIG 4g.20gb (0),1,,13,"void convert_kernel<float2, __half2>(tensor_layout_any, T1 *, tensor_layout_any, const T2 *)"
8351511880,18048,196843,2253,1,1,128,1,1,16,0.000,0.000,,,,,NVIDIA A100-SXM4-40GB MIG 4g.20gb (0),1,,13,cupy_copy__float16_float16
8352260512,6272,196852,282,1,1,128,1,1,16,0.000,0.000,,,,,NVIDIA A100-SXM4-40GB MIG 4g.20gb (0),1,,13,cupy_copy__complex64_complex64
8353091158,4352,196861,26,1,1,128,1,1,16,0.000,0.000,,,,,NVIDIA A100-SXM4-40GB MIG 4g.20gb (0),1,,13,cupy_copy__float32_float32
8353911245,15872,196870,103,1,1,128,1,1,16,0.000,0.000,,,,,NVIDIA A100-SXM4-40GB MIG 4g.20gb (0),1,,13,cupy_copy__complex64_complex64
8354535782,18496,196880,1434,1,1,128,1,1,16,0.000,0.000,,,,,NVIDIA A100-SXM4-40GB MIG 4g.20gb (0),1,,13,cupy_copy__complex64_complex64
8355006816,255453,196885,1,1,1,32,32,1,30,0.000,0.000,,,,,NVIDIA A100-SXM4-40GB MIG 4g.20gb (0),1,,13,"void convert_kernel<__half2, float2>(tensor_layout_any, T1 *, tensor_layout_any, const T2 *)"
8355293309,5920,196888,,,,,,,,,,0.094,15826.941,Pinned,Device,NVIDIA A100-SXM4-40GB MIG 4g.20gb (0),1,,13,[CUDA memcpy Host-to-Device]
8355919446,623161,196889,,,,,,,,,,456.561,732324.550,Device,,NVIDIA A100-SXM4-40GB MIG 4g.20gb (0),1,,13,[CUDA memset]
8356546927,56543,196894,,,,,,,,,,1.235,21839.985,Pinned,Device,NVIDIA A100-SXM4-40GB MIG 4g.20gb (0),1,,13,[CUDA memcpy Host-to-Device]
8356606126,10016,196895,,,,,,,,,,0.197,19629.343,Pinned,Device,NVIDIA A100-SXM4-40GB MIG 4g.20gb (0),1,,13,[CUDA memcpy Host-to-Device]
8357247687,23072,196896,69,4,1,48,1,1,76,0.002,0.000,,,,,NVIDIA A100-SXM4-40GB MIG 4g.20gb (0),1,,13,"void ch_est::windowedChEstPreNoDftSOfdmKernel<float, __half, float, (unsigned int)2, (unsigned int)1, (unsigned short)4>(ch_est::puschRxChEstStatDescr_t *, ch_est::puschRxChEstDynDescr_t *)"
8357705602,21439,196897,137,2,1,24,2,1,44,0.001,0.001,,,,,NVIDIA A100-SXM4-40GB MIG 4g.20gb (0),1,,13,"void ch_est::chEstFilterNoDftSOfdmDispatchKernel<float, __half, float, (unsigned int)2>(ch_est::puschRxChEstStatDescr_t *, ch_est::puschRxChEstDynDescr_t *)"
8358240732,15455,196898,137,2,1,24,2,1,44,0.001,0.001,,,,,NVIDIA A100-SXM4-40GB MIG 4g.20gb (0),1,,13,"void ch_est::chEstFilterNoDftSOfdmDispatchKernel<float, __half, float, (unsigned int)2>(ch_est::puschRxChEstStatDescr_t *, ch_est::puschRxChEstDynDescr_t *)"
8358934420,5600,196909,103,1,1,128,1,1,16,0.000,0.000,,,,,NVIDIA A100-SXM4-40GB MIG 4g.20gb (0),1,,13,cupy_copy__complex64_complex64
8359604172,16864,196919,1434,1,1,128,1,1,16,0.000,0.000,,,,,NVIDIA A100-SXM4-40GB MIG 4g.20gb (0),1,,13,cupy_copy__complex64_complex64
8360263653,7615,196926,103,1,1,128,1,1,16,0.000,0.000,,,,,NVIDIA A100-SXM4-40GB MIG 4g.20gb (0),1,,13,cupy_copy__complex64_complex64
8360540193,246014,196933,1,1,1,32,32,1,30,0.000,0.000,,,,,NVIDIA A100-SXM4-40GB MIG 4g.20gb (0),1,,13,"void convert_kernel<__half2, float2>(tensor_layout_any, T1 *, tensor_layout_any, const T2 *)"
8360816926,6112,196936,,,,,,,,,,0.094,15329.790,Pinned,Device,NVIDIA A100-SXM4-40GB MIG 4g.20gb (0),1,,13,[CUDA memcpy Host-to-Device]
8361294393,52351,196937,,,,,,,,,,35.810,684005.282,Device,,NVIDIA A100-SXM4-40GB MIG 4g.20gb (0),1,,13,[CUDA memset]
8361353176,2880,196939,,,,,,,,,,0.000,27.778,Pinned,Device,NVIDIA A100-SXM4-40GB MIG 4g.20gb (0),1,,13,[CUDA memcpy Host-to-Device]
8361358712,9568,196940,,,,,,,,,,0.197,20548.485,Pinned,Device,NVIDIA A100-SXM4-40GB MIG 4g.20gb (0),1,,13,[CUDA memcpy Host-to-Device]
8361870578,14528,196941,273,1,1,48,1,1,40,0.000,0.001,,,,,NVIDIA A100-SXM4-40GB MIG 4g.20gb (0),1,,13,"void pusch_noise_intf_est::noiseIntfEstNoDftSOfdmKernel<float, __half, float, float, (unsigned int)2, (unsigned int)1, (unsigned char)4, (unsigned char)4>(pusch_noise_intf_est::puschRxNoiseIntfEstDynDescr)"
8362421100,5664,196952,35,1,1,128,1,1,16,0.000,0.000,,,,,NVIDIA A100-SXM4-40GB MIG 4g.20gb (0),1,,13,cupy_copy__complex64_complex64
8362973158,5312,196961,1,1,1,1,1,1,18,0.000,0.000,,,,,NVIDIA A100-SXM4-40GB MIG 4g.20gb (0),1,,13,cupy_copy__float32_float32
8362980294,3424,196967,,,,,,,,,,0.000,1.168,Device,Pageable,NVIDIA A100-SXM4-40GB MIG 4g.20gb (0),1,,7,[CUDA memcpy Device-to-Host]
8363737277,17632,196978,1434,1,1,128,1,1,16,0.000,0.000,,,,,NVIDIA A100-SXM4-40GB MIG 4g.20gb (0),1,,13,cupy_copy__complex64_complex64
8364457653,5312,196985,103,1,1,128,1,1,16,0.000,0.000,,,,,NVIDIA A100-SXM4-40GB MIG 4g.20gb (0),1,,13,cupy_copy__complex64_complex64
8365063726,9472,196992,35,1,1,128,1,1,16,0.000,0.000,,,,,NVIDIA A100-SXM4-40GB MIG 4g.20gb (0),1,,13,cupy_copy__complex64_complex64
8365671175,4640,196999,1,1,1,1,1,1,18,0.000,0.000,,,,,NVIDIA A100-SXM4-40GB MIG 4g.20gb (0),1,,13,cupy_copy__float32_float32
8366272704,274653,197010,1,1,1,32,32,1,30,0.000,0.000,,,,,NVIDIA A100-SXM4-40GB MIG 4g.20gb (0),1,,13,"void convert_kernel<__half2, float2>(tensor_layout_any, T1 *, tensor_layout_any, const T2 *)"
8366578333,8864,197013,,,,,,,,,,0.094,10570.314,Pinned,Device,NVIDIA A100-SXM4-40GB MIG 4g.20gb (0),1,,13,[CUDA memcpy Host-to-Device]
8367340564,7360,197014,,,,,,,,,,1.547,210138.256,Device,,NVIDIA A100-SXM4-40GB MIG 4g.20gb (0),1,,13,[CUDA memset]
8367352468,5984,197019,,,,,,,,,,0.031,5229.937,Pinned,Device,NVIDIA A100-SXM4-40GB MIG 4g.20gb (0),1,,13,[CUDA memcpy Host-to-Device]
8367361012,11200,197020,,,,,,,,,,0.197,17554.145,Pinned,Device,NVIDIA A100-SXM4-40GB MIG 4g.20gb (0),1,,13,[CUDA memcpy Host-to-Device]
8367943917,27360,197021,273,1,1,8,4,1,39,0.002,0.000,,,,,NVIDIA A100-SXM4-40GB MIG 4g.20gb (0),1,,13,"void channel_eq::eqMmseCoefCompLowMimoKernel<float, float, float, (unsigned int)4, (unsigned int)1, (unsigned int)4>(const channel_eq::_puschRxChEqStatDescr *, channel_eq::_puschRxChEqCoefCompDynDescr)"
8368650949,28416,197022,273,1,1,12,11,1,51,0.002,0.000,,,,,NVIDIA A100-SXM4-40GB MIG 4g.20gb (0),1,,13,"void channel_eq::eqMmseSoftDemapKernel<float, __half, __half, float, (unsigned int)4, (unsigned short)16383>(channel_eq::_puschRxChEqStatDescr *, channel_eq::_puschRxChEqSoftDemapDynDescr)"
8369496476,721623,197023,1,1,1,32,32,1,30,0.000,0.000,,,,,NVIDIA A100-SXM4-40GB MIG 4g.20gb (0),1,,13,"void convert_kernel<float2, __half2>(tensor_layout_any, T1 *, tensor_layout_any, const T2 *)"
8370979179,14847,197035,2253,1,1,128,1,1,16,0.000,0.000,,,,,NVIDIA A100-SXM4-40GB MIG 4g.20gb (0),1,,13,cupy_copy__float16_float16
8371801633,6944,197044,282,1,1,128,1,1,16,0.000,0.000,,,,,NVIDIA A100-SXM4-40GB MIG 4g.20gb (0),1,,13,cupy_copy__complex64_complex64
8372404090,6464,197053,26,1,1,128,1,1,16,0.000,0.000,,,,,NVIDIA A100-SXM4-40GB MIG 4g.20gb (0),1,,13,cupy_copy__float32_float32
8372682711,12736,197062,103,1,1,128,1,1,16,0.000,0.000,,,,,NVIDIA A100-SXM4-40GB MIG 4g.20gb (0),1,,13,cupy_copy__complex64_complex64
8372968692,17344,197072,1434,1,1,128,1,1,16,0.000,0.000,,,,,NVIDIA A100-SXM4-40GB MIG 4g.20gb (0),1,,13,cupy_copy__complex64_complex64
8373475758,242333,197077,1,1,1,32,32,1,30,0.000,0.000,,,,,NVIDIA A100-SXM4-40GB MIG 4g.20gb (0),1,,13,"void convert_kernel<__half2, float2>(tensor_layout_any, T1 *, tensor_layout_any, const T2 *)"
8373748907,5632,197080,,,,,,,,,,0.094,16636.287,Pinned,Device,NVIDIA A100-SXM4-40GB MIG 4g.20gb (0),1,,13,[CUDA memcpy Host-to-Device]
8374198982,630681,197081,,,,,,,,,,456.561,723649.882,Device,,NVIDIA A100-SXM4-40GB MIG 4g.20gb (0),1,,13,[CUDA memset]
8374834879,64063,197086,,,,,,,,,,1.235,19276.241,Pinned,Device,NVIDIA A100-SXM4-40GB MIG 4g.20gb (0),1,,13,[CUDA memcpy Host-to-Device]
8374901566,9568,197087,,,,,,,,,,0.197,20548.485,Pinned,Device,NVIDIA A100-SXM4-40GB MIG 4g.20gb (0),1,,13,[CUDA memcpy Host-to-Device]
8375650517,17536,197088,69,4,1,48,1,1,76,0.002,0.000,,,,,NVIDIA A100-SXM4-40GB MIG 4g.20gb (0),1,,13,"void ch_est::windowedChEstPreNoDftSOfdmKernel<float, __half, float, (unsigned int)2, (unsigned int)1, (unsigned short)4>(ch_est::puschRxChEstStatDescr_t *, ch_est::puschRxChEstDynDescr_t *)"
8376194447,26144,197089,137,2,1,24,2,1,44,0.001,0.001,,,,,NVIDIA A100-SXM4-40GB MIG 4g.20gb (0),1,,13,"void ch_est::chEstFilterNoDftSOfdmDispatchKernel<float, __half, float, (unsigned int)2>(ch_est::puschRxChEstStatDescr_t *, ch_est::puschRxChEstDynDescr_t *)"
8376745033,12352,197090,137,2,1,24,2,1,44,0.001,0.001,,,,,NVIDIA A100-SXM4-40GB MIG 4g.20gb (0),1,,13,"void ch_est::chEstFilterNoDftSOfdmDispatchKernel<float, __half, float, (unsigned int)2>(ch_est::puschRxChEstStatDescr_t *, ch_est::puschRxChEstDynDescr_t *)"
8377516512,6176,197101,103,1,1,128,1,1,16,0.000,0.000,,,,,NVIDIA A100-SXM4-40GB MIG 4g.20gb (0),1,,13,cupy_copy__complex64_complex64
8378261336,18432,197111,1434,1,1,128,1,1,16,0.000,0.000,,,,,NVIDIA A100-SXM4-40GB MIG 4g.20gb (0),1,,13,cupy_copy__complex64_complex64
8378805202,6752,197118,103,1,1,128,1,1,16,0.000,0.000,,,,,NVIDIA A100-SXM4-40GB MIG 4g.20gb (0),1,,13,cupy_copy__complex64_complex64
8379345227,282685,197125,1,1,1,32,32,1,30,0.000,0.000,,,,,NVIDIA A100-SXM4-40GB MIG 4g.20gb (0),1,,13,"void convert_kernel<__half2, float2>(tensor_layout_any, T1 *, tensor_layout_any, const T2 *)"
8379659400,7648,197128,,,,,,,,,,0.094,12251.033,Pinned,Device,NVIDIA A100-SXM4-40GB MIG 4g.20gb (0),1,,13,[CUDA memcpy Host-to-Device]
8380427167,55807,197129,,,,,,,,,,35.810,641642.147,Device,,NVIDIA A100-SXM4-40GB MIG 4g.20gb (0),1,,13,[CUDA memset]
8380487070,2592,197131,,,,,,,,,,0.000,30.864,Pinned,Device,NVIDIA A100-SXM4-40GB MIG 4g.20gb (0),1,,13,[CUDA memcpy Host-to-Device]
8380494494,9440,197132,,,,,,,,,,0.197,20827.079,Pinned,Device,NVIDIA A100-SXM4-40GB MIG 4g.20gb (0),1,,13,[CUDA memcpy Host-to-Device]
8381255670,21663,197133,273,1,1,48,1,1,40,0.000,0.001,,,,,NVIDIA A100-SXM4-40GB MIG 4g.20gb (0),1,,13,"void pusch_noise_intf_est::noiseIntfEstNoDftSOfdmKernel<float, __half, float, float, (unsigned int)2, (unsigned int)1, (unsigned char)4, (unsigned char)4>(pusch_noise_intf_est::puschRxNoiseIntfEstDynDescr)"
8382039405,8288,197144,35,1,1,128,1,1,16,0.000,0.000,,,,,NVIDIA A100-SXM4-40GB MIG 4g.20gb (0),1,,13,cupy_copy__complex64_complex64
8382580839,5792,197153,1,1,1,1,1,1,18,0.000,0.000,,,,,NVIDIA A100-SXM4-40GB MIG 4g.20gb (0),1,,13,cupy_copy__float32_float32
8382591431,1631,197159,,,,,,,,,,0.000,2.452,Device,Pageable,NVIDIA A100-SXM4-40GB MIG 4g.20gb (0),1,,7,[CUDA memcpy Device-to-Host]
8383522652,18976,197170,1434,1,1,128,1,1,16,0.000,0.000,,,,,NVIDIA A100-SXM4-40GB MIG 4g.20gb (0),1,,13,cupy_copy__complex64_complex64
8383996695,6239,197177,103,1,1,128,1,1,16,0.000,0.000,,,,,NVIDIA A100-SXM4-40GB MIG 4g.20gb (0),1,,13,cupy_copy__complex64_complex64
8384678767,5504,197184,35,1,1,128,1,1,16,0.000,0.000,,,,,NVIDIA A100-SXM4-40GB MIG 4g.20gb (0),1,,13,cupy_copy__complex64_complex64
8385344903,3808,197191,1,1,1,1,1,1,18,0.000,0.000,,,,,NVIDIA A100-SXM4-40GB MIG 4g.20gb (0),1,,13,cupy_copy__float32_float32
8385810562,250557,197202,1,1,1,32,32,1,30,0.000,0.000,,,,,NVIDIA A100-SXM4-40GB MIG 4g.20gb (0),1,,13,"void convert_kernel<__half2, float2>(tensor_layout_any, T1 *, tensor_layout_any, const T2 *)"
8386091231,5472,197205,,,,,,,,,,0.094,17122.757,Pinned,Device,NVIDIA A100-SXM4-40GB MIG 4g.20gb (0),1,,13,[CUDA memcpy Host-to-Device]
8386831286,4768,197206,,,,,,,,,,1.547,324374.998,Device,,NVIDIA A100-SXM4-40GB MIG 4g.20gb (0),1,,13,[CUDA memset]
8386843798,3072,197211,,,,,,,,,,0.031,10187.474,Pinned,Device,NVIDIA A100-SXM4-40GB MIG 4g.20gb (0),1,,13,[CUDA memcpy Host-to-Device]
8386849334,9888,197212,,,,,,,,,,0.197,19883.360,Pinned,Device,NVIDIA A100-SXM4-40GB MIG 4g.20gb (0),1,,13,[CUDA memcpy Host-to-Device]
8387758988,12768,197213,273,1,1,8,4,1,39,0.002,0.000,,,,,NVIDIA A100-SXM4-40GB MIG 4g.20gb (0),1,,13,"void channel_eq::eqMmseCoefCompLowMimoKernel<float, float, float, (unsigned int)4, (unsigned int)1, (unsigned int)4>(const channel_eq::_puschRxChEqStatDescr *, channel_eq::_puschRxChEqCoefCompDynDescr)"
8388652066,23583,197214,273,1,1,12,11,1,51,0.002,0.000,,,,,NVIDIA A100-SXM4-40GB MIG 4g.20gb (0),1,,13,"void channel_eq::eqMmseSoftDemapKernel<float, __half, __half, float, (unsigned int)4, (unsigned short)16383>(channel_eq::_puschRxChEqStatDescr *, channel_eq::_puschRxChEqSoftDemapDynDescr)"
8389349978,718263,197215,1,1,1,32,32,1,30,0.000,0.000,,,,,NVIDIA A100-SXM4-40GB MIG 4g.20gb (0),1,,13,"void convert_kernel<float2, __half2>(tensor_layout_any, T1 *, tensor_layout_any, const T2 *)"
8390769673,22112,197227,2253,1,1,128,1,1,16,0.000,0.000,,,,,NVIDIA A100-SXM4-40GB MIG 4g.20gb (0),1,,13,cupy_copy__float16_float16
8391306243,6400,197236,282,1,1,128,1,1,16,0.000,0.000,,,,,NVIDIA A100-SXM4-40GB MIG 4g.20gb (0),1,,13,cupy_copy__complex64_complex64
8392030235,4864,197245,26,1,1,128,1,1,16,0.000,0.000,,,,,NVIDIA A100-SXM4-40GB MIG 4g.20gb (0),1,,13,cupy_copy__float32_float32
8392737555,16192,197254,103,1,1,128,1,1,16,0.000,0.000,,,,,NVIDIA A100-SXM4-40GB MIG 4g.20gb (0),1,,13,cupy_copy__complex64_complex64
8393254829,18432,197264,1434,1,1,128,1,1,16,0.000,0.000,,,,,NVIDIA A100-SXM4-40GB MIG 4g.20gb (0),1,,13,cupy_copy__complex64_complex64
8393840455,255197,197269,1,1,1,32,32,1,30,0.000,0.000,,,,,NVIDIA A100-SXM4-40GB MIG 4g.20gb (0),1,,13,"void convert_kernel<__half2, float2>(tensor_layout_any, T1 *, tensor_layout_any, const T2 *)"
8394127459,5632,197272,,,,,,,,,,0.094,16636.287,Pinned,Device,NVIDIA A100-SXM4-40GB MIG 4g.20gb (0),1,,13,[CUDA memcpy Host-to-Device]
8394926330,616121,197273,,,,,,,,,,456.561,740999.217,Device,,NVIDIA A100-SXM4-40GB MIG 4g.20gb (0),1,,13,[CUDA memset]
8395546003,55391,197278,,,,,,,,,,1.235,22294.444,Pinned,Device,NVIDIA A100-SXM4-40GB MIG 4g.20gb (0),1,,13,[CUDA memcpy Host-to-Device]
8395604178,9408,197279,,,,,,,,,,0.197,20897.858,Pinned,Device,NVIDIA A100-SXM4-40GB MIG 4g.20gb (0),1,,13,[CUDA memcpy Host-to-Device]
8396198540,23807,197280,69,4,1,48,1,1,76,0.002,0.000,,,,,NVIDIA A100-SXM4-40GB MIG 4g.20gb (0),1,,13,"void ch_est::windowedChEstPreNoDftSOfdmKernel<float, __half, float, (unsigned int)2, (unsigned int)1, (unsigned short)4>(ch_est::puschRxChEstStatDescr_t *, ch_est::puschRxChEstDynDescr_t *)"
8396606471,11040,197281,137,2,1,24,2,1,44,0.001,0.001,,,,,NVIDIA A100-SXM4-40GB MIG 4g.20gb (0),1,,13,"void ch_est::chEstFilterNoDftSOfdmDispatchKernel<float, __half, float, (unsigned int)2>(ch_est::puschRxChEstStatDescr_t *, ch_est::puschRxChEstDynDescr_t *)"
8397251328,10336,197282,137,2,1,24,2,1,44,0.001,0.001,,,,,NVIDIA A100-SXM4-40GB MIG 4g.20gb (0),1,,13,"void ch_est::chEstFilterNoDftSOfdmDispatchKernel<float, __half, float, (unsigned int)2>(ch_est::puschRxChEstStatDescr_t *, ch_est::puschRxChEstDynDescr_t *)"
8397896984,6688,197293,103,1,1,128,1,1,16,0.000,0.000,,,,,NVIDIA A100-SXM4-40GB MIG 4g.20gb (0),1,,13,cupy_copy__complex64_complex64
8398587216,19136,197303,1434,1,1,128,1,1,16,0.000,0.000,,,,,NVIDIA A100-SXM4-40GB MIG 4g.20gb (0),1,,13,cupy_copy__complex64_complex64
8399345544,5376,197310,103,1,1,128,1,1,16,0.000,0.000,,,,,NVIDIA A100-SXM4-40GB MIG 4g.20gb (0),1,,13,cupy_copy__complex64_complex64
8400186590,293725,197317,1,1,1,32,32,1,30,0.000,0.000,,,,,NVIDIA A100-SXM4-40GB MIG 4g.20gb (0),1,,13,"void convert_kernel<__half2, float2>(tensor_layout_any, T1 *, tensor_layout_any, const T2 *)"
8400513563,5792,197320,,,,,,,,,,0.094,16176.708,Pinned,Device,NVIDIA A100-SXM4-40GB MIG 4g.20gb (0),1,,13,[CUDA memcpy Host-to-Device]
8401184051,48671,197321,,,,,,,,,,35.810,735750.616,Device,,NVIDIA A100-SXM4-40GB MIG 4g.20gb (0),1,,13,[CUDA memset]
8401240690,4512,197323,,,,,,,,,,0.000,17.730,Pinned,Device,NVIDIA A100-SXM4-40GB MIG 4g.20gb (0),1,,13,[CUDA memcpy Host-to-Device]
8401251090,16544,197324,,,,,,,,,,0.197,11883.774,Pinned,Device,NVIDIA A100-SXM4-40GB MIG 4g.20gb (0),1,,13,[CUDA memcpy Host-to-Device]
8402090345,21695,197325,273,1,1,48,1,1,40,0.000,0.001,,,,,NVIDIA A100-SXM4-40GB MIG 4g.20gb (0),1,,13,"void pusch_noise_intf_est::noiseIntfEstNoDftSOfdmKernel<float, __half, float, float, (unsigned int)2, (unsigned int)1, (unsigned char)4, (unsigned char)4>(pusch_noise_intf_est::puschRxNoiseIntfEstDynDescr)"
8402832800,8160,197336,35,1,1,128,1,1,16,0.000,0.000,,,,,NVIDIA A100-SXM4-40GB MIG 4g.20gb (0),1,,13,cupy_copy__complex64_complex64
8403553912,3712,197345,1,1,1,1,1,1,18,0.000,0.000,,,,,NVIDIA A100-SXM4-40GB MIG 4g.20gb (0),1,,13,cupy_copy__float32_float32
8403560952,1600,197351,,,,,,,,,,0.000,2.500,Device,Pageable,NVIDIA A100-SXM4-40GB MIG 4g.20gb (0),1,,7,[CUDA memcpy Device-to-Host]
8404321039,17728,197362,1434,1,1,128,1,1,16,0.000,0.000,,,,,NVIDIA A100-SXM4-40GB MIG 4g.20gb (0),1,,13,cupy_copy__complex64_complex64
8405049255,6720,197369,103,1,1,128,1,1,16,0.000,0.000,,,,,NVIDIA A100-SXM4-40GB MIG 4g.20gb (0),1,,13,cupy_copy__complex64_complex64
8405812958,8096,197376,35,1,1,128,1,1,16,0.000,0.000,,,,,NVIDIA A100-SXM4-40GB MIG 4g.20gb (0),1,,13,cupy_copy__complex64_complex64
8406414743,3168,197383,1,1,1,1,1,1,18,0.000,0.000,,,,,NVIDIA A100-SXM4-40GB MIG 4g.20gb (0),1,,13,cupy_copy__float32_float32
8406785587,246589,197394,1,1,1,32,32,1,30,0.000,0.000,,,,,NVIDIA A100-SXM4-40GB MIG 4g.20gb (0),1,,13,"void convert_kernel<__half2, float2>(tensor_layout_any, T1 *, tensor_layout_any, const T2 *)"
8407062672,5440,197397,,,,,,,,,,0.094,17223.480,Pinned,Device,NVIDIA A100-SXM4-40GB MIG 4g.20gb (0),1,,13,[CUDA memcpy Host-to-Device]
8407630538,7807,197398,,,,,,,,,,1.547,198107.068,Device,,NVIDIA A100-SXM4-40GB MIG 4g.20gb (0),1,,13,[CUDA memset]
8407642505,3424,197403,,,,,,,,,,0.031,9140.185,Pinned,Device,NVIDIA A100-SXM4-40GB MIG 4g.20gb (0),1,,13,[CUDA memcpy Host-to-Device]
8407648425,10496,197404,,,,,,,,,,0.197,18731.631,Pinned,Device,NVIDIA A100-SXM4-40GB MIG 4g.20gb (0),1,,13,[CUDA memcpy Host-to-Device]
8408008325,14816,197405,273,1,1,8,4,1,39,0.002,0.000,,,,,NVIDIA A100-SXM4-40GB MIG 4g.20gb (0),1,,13,"void channel_eq::eqMmseCoefCompLowMimoKernel<float, float, float, (unsigned int)4, (unsigned int)1, (unsigned int)4>(const channel_eq::_puschRxChEqStatDescr *, channel_eq::_puschRxChEqCoefCompDynDescr)"
8408710909,11424,197406,273,1,1,12,11,1,51,0.002,0.000,,,,,NVIDIA A100-SXM4-40GB MIG 4g.20gb (0),1,,13,"void channel_eq::eqMmseSoftDemapKernel<float, __half, __half, float, (unsigned int)4, (unsigned short)16383>(channel_eq::_puschRxChEqStatDescr *, channel_eq::_puschRxChEqSoftDemapDynDescr)"
8409323638,760440,197407,1,1,1,32,32,1,30,0.000,0.000,,,,,NVIDIA A100-SXM4-40GB MIG 4g.20gb (0),1,,13,"void convert_kernel<float2, __half2>(tensor_layout_any, T1 *, tensor_layout_any, const T2 *)"
8410770310,29760,197419,2253,1,1,128,1,1,16,0.000,0.000,,,,,NVIDIA A100-SXM4-40GB MIG 4g.20gb (0),1,,13,cupy_copy__float16_float16
8411391455,5248,197428,282,1,1,128,1,1,16,0.000,0.000,,,,,NVIDIA A100-SXM4-40GB MIG 4g.20gb (0),1,,13,cupy_copy__complex64_complex64
8412109911,4672,197437,26,1,1,128,1,1,16,0.000,0.000,,,,,NVIDIA A100-SXM4-40GB MIG 4g.20gb (0),1,,13,cupy_copy__float32_float32
8412883278,9344,197446,103,1,1,128,1,1,16,0.000,0.000,,,,,NVIDIA A100-SXM4-40GB MIG 4g.20gb (0),1,,13,cupy_copy__complex64_complex64
8413321641,20160,197456,1434,1,1,128,1,1,16,0.000,0.000,,,,,NVIDIA A100-SXM4-40GB MIG 4g.20gb (0),1,,13,cupy_copy__complex64_complex64
8413810083,251709,197461,1,1,1,32,32,1,30,0.000,0.000,,,,,NVIDIA A100-SXM4-40GB MIG 4g.20gb (0),1,,13,"void convert_kernel<__half2, float2>(tensor_layout_any, T1 *, tensor_layout_any, const T2 *)"
8414091456,5504,197464,,,,,,,,,,0.094,17023.251,Pinned,Device,NVIDIA A100-SXM4-40GB MIG 4g.20gb (0),1,,13,[CUDA memcpy Host-to-Device]
8414738329,613305,197465,,,,,,,,,,456.561,744195.147,Device,,NVIDIA A100-SXM4-40GB MIG 4g.20gb (0),1,,13,[CUDA memset]
8415359346,54431,197470,,,,,,,,,,1.235,22687.156,Pinned,Device,NVIDIA A100-SXM4-40GB MIG 4g.20gb (0),1,,13,[CUDA memcpy Host-to-Device]
8415416241,9600,197471,,,,,,,,,,0.197,20479.869,Pinned,Device,NVIDIA A100-SXM4-40GB MIG 4g.20gb (0),1,,13,[CUDA memcpy Host-to-Device]
8416132489,12448,197472,69,4,1,48,1,1,76,0.002,0.000,,,,,NVIDIA A100-SXM4-40GB MIG 4g.20gb (0),1,,13,"void ch_est::windowedChEstPreNoDftSOfdmKernel<float, __half, float, (unsigned int)2, (unsigned int)1, (unsigned short)4>(ch_est::puschRxChEstStatDescr_t *, ch_est::puschRxChEstDynDescr_t *)"
8416924128,12480,197473,137,2,1,24,2,1,44,0.001,0.001,,,,,NVIDIA A100-SXM4-40GB MIG 4g.20gb (0),1,,13,"void ch_est::chEstFilterNoDftSOfdmDispatchKernel<float, __half, float, (unsigned int)2>(ch_est::puschRxChEstStatDescr_t *, ch_est::puschRxChEstDynDescr_t *)"
8417647608,26559,197474,137,2,1,24,2,1,44,0.001,0.001,,,,,NVIDIA A100-SXM4-40GB MIG 4g.20gb (0),1,,13,"void ch_est::chEstFilterNoDftSOfdmDispatchKernel<float, __half, float, (unsigned int)2>(ch_est::puschRxChEstStatDescr_t *, ch_est::puschRxChEstDynDescr_t *)"
8418215345,11040,197485,103,1,1,128,1,1,16,0.000,0.000,,,,,NVIDIA A100-SXM4-40GB MIG 4g.20gb (0),1,,13,cupy_copy__complex64_complex64
8418820554,18784,197495,1434,1,1,128,1,1,16,0.000,0.000,,,,,NVIDIA A100-SXM4-40GB MIG 4g.20gb (0),1,,13,cupy_copy__complex64_complex64
8419425411,5216,197502,103,1,1,128,1,1,16,0.000,0.000,,,,,NVIDIA A100-SXM4-40GB MIG 4g.20gb (0),1,,13,cupy_copy__complex64_complex64
8419990909,243677,197509,1,1,1,32,32,1,30,0.000,0.000,,,,,NVIDIA A100-SXM4-40GB MIG 4g.20gb (0),1,,13,"void convert_kernel<__half2, float2>(tensor_layout_any, T1 *, tensor_layout_any, const T2 *)"
8420265018,5856,197512,,,,,,,,,,0.094,15999.997,Pinned,Device,NVIDIA A100-SXM4-40GB MIG 4g.20gb (0),1,,13,[CUDA memcpy Host-to-Device]
8420643830,60735,197513,,,,,,,,,,35.810,589574.523,Device,,NVIDIA A100-SXM4-40GB MIG 4g.20gb (0),1,,13,[CUDA memset]
8420708501,2336,197515,,,,,,,,,,0.000,34.247,Pinned,Device,NVIDIA A100-SXM4-40GB MIG 4g.20gb (0),1,,13,[CUDA memcpy Host-to-Device]
8420713525,9408,197516,,,,,,,,,,0.197,20897.858,Pinned,Device,NVIDIA A100-SXM4-40GB MIG 4g.20gb (0),1,,13,[CUDA memcpy Host-to-Device]
8421318190,19968,197517,273,1,1,48,1,1,40,0.000,0.001,,,,,NVIDIA A100-SXM4-40GB MIG 4g.20gb (0),1,,13,"void pusch_noise_intf_est::noiseIntfEstNoDftSOfdmKernel<float, __half, float, float, (unsigned int)2, (unsigned int)1, (unsigned char)4, (unsigned char)4>(pusch_noise_intf_est::puschRxNoiseIntfEstDynDescr)"
8421932487,7168,197528,35,1,1,128,1,1,16,0.000,0.000,,,,,NVIDIA A100-SXM4-40GB MIG 4g.20gb (0),1,,13,cupy_copy__complex64_complex64
8422570560,3200,197537,1,1,1,1,1,1,18,0.000,0.000,,,,,NVIDIA A100-SXM4-40GB MIG 4g.20gb (0),1,,13,cupy_copy__float32_float32
8422579519,1600,197543,,,,,,,,,,0.000,2.500,Device,Pageable,NVIDIA A100-SXM4-40GB MIG 4g.20gb (0),1,,7,[CUDA memcpy Device-to-Host]
8423385494,18848,197554,1434,1,1,128,1,1,16,0.000,0.000,,,,,NVIDIA A100-SXM4-40GB MIG 4g.20gb (0),1,,13,cupy_copy__complex64_complex64
8424106574,4864,197561,103,1,1,128,1,1,16,0.000,0.000,,,,,NVIDIA A100-SXM4-40GB MIG 4g.20gb (0),1,,13,cupy_copy__complex64_complex64
8424778854,10528,197568,35,1,1,128,1,1,16,0.000,0.000,,,,,NVIDIA A100-SXM4-40GB MIG 4g.20gb (0),1,,13,cupy_copy__complex64_complex64
8425260321,3520,197575,1,1,1,1,1,1,18,0.000,0.000,,,,,NVIDIA A100-SXM4-40GB MIG 4g.20gb (0),1,,13,cupy_copy__float32_float32
8425785467,277533,197586,1,1,1,32,32,1,30,0.000,0.000,,,,,NVIDIA A100-SXM4-40GB MIG 4g.20gb (0),1,,13,"void convert_kernel<__half2, float2>(tensor_layout_any, T1 *, tensor_layout_any, const T2 *)"
8426149079,5728,197589,,,,,,,,,,0.094,16357.541,Pinned,Device,NVIDIA A100-SXM4-40GB MIG 4g.20gb (0),1,,13,[CUDA memcpy Host-to-Device]
8426752944,11808,197590,,,,,,,,,,1.547,130980.493,Device,,NVIDIA A100-SXM4-40GB MIG 4g.20gb (0),1,,13,[CUDA memset]
8426765456,6400,197595,,,,,,,,,,0.031,4890.000,Pinned,Device,NVIDIA A100-SXM4-40GB MIG 4g.20gb (0),1,,13,[CUDA memcpy Host-to-Device]
8426775728,13056,197596,,,,,,,,,,0.197,15058.797,Pinned,Device,NVIDIA A100-SXM4-40GB MIG 4g.20gb (0),1,,13,[CUDA memcpy Host-to-Device]
8427567783,30687,197597,273,1,1,8,4,1,39,0.002,0.000,,,,,NVIDIA A100-SXM4-40GB MIG 4g.20gb (0),1,,13,"void channel_eq::eqMmseCoefCompLowMimoKernel<float, float, float, (unsigned int)4, (unsigned int)1, (unsigned int)4>(const channel_eq::_puschRxChEqStatDescr *, channel_eq::_puschRxChEqCoefCompDynDescr)"
8428378269,28448,197598,273,1,1,12,11,1,51,0.002,0.000,,,,,NVIDIA A100-SXM4-40GB MIG 4g.20gb (0),1,,13,"void channel_eq::eqMmseSoftDemapKernel<float, __half, __half, float, (unsigned int)4, (unsigned short)16383>(channel_eq::_puschRxChEqStatDescr *, channel_eq::_puschRxChEqSoftDemapDynDescr)"
8429018806,739768,197599,1,1,1,32,32,1,30,0.000,0.000,,,,,NVIDIA A100-SXM4-40GB MIG 4g.20gb (0),1,,13,"void convert_kernel<float2, __half2>(tensor_layout_any, T1 *, tensor_layout_any, const T2 *)"
8430380903,15008,197611,2253,1,1,128,1,1,16,0.000,0.000,,,,,NVIDIA A100-SXM4-40GB MIG 4g.20gb (0),1,,13,cupy_copy__float16_float16
8430924033,12735,197620,282,1,1,128,1,1,16,0.000,0.000,,,,,NVIDIA A100-SXM4-40GB MIG 4g.20gb (0),1,,13,cupy_copy__complex64_complex64
8431302012,4992,197629,26,1,1,128,1,1,16,0.000,0.000,,,,,NVIDIA A100-SXM4-40GB MIG 4g.20gb (0),1,,13,cupy_copy__float32_float32
8431896341,8832,197638,103,1,1,128,1,1,16,0.000,0.000,,,,,NVIDIA A100-SXM4-40GB MIG 4g.20gb (0),1,,13,cupy_copy__complex64_complex64
8432478543,18592,197648,1434,1,1,128,1,1,16,0.000,0.000,,,,,NVIDIA A100-SXM4-40GB MIG 4g.20gb (0),1,,13,cupy_copy__complex64_complex64
8432861418,252638,197653,1,1,1,32,32,1,30,0.000,0.000,,,,,NVIDIA A100-SXM4-40GB MIG 4g.20gb (0),1,,13,"void convert_kernel<__half2, float2>(tensor_layout_any, T1 *, tensor_layout_any, const T2 *)"
8433143783,5408,197656,,,,,,,,,,0.094,17325.421,Pinned,Device,NVIDIA A100-SXM4-40GB MIG 4g.20gb (0),1,,13,[CUDA memcpy Host-to-Device]
8433739744,625369,197657,,,,,,,,,,456.561,730041.743,Device,,NVIDIA A100-SXM4-40GB MIG 4g.20gb (0),1,,13,[CUDA memset]
8434372761,54688,197662,,,,,,,,,,1.235,22580.951,Pinned,Device,NVIDIA A100-SXM4-40GB MIG 4g.20gb (0),1,,13,[CUDA memcpy Host-to-Device]
8434429913,9472,197663,,,,,,,,,,0.197,20756.693,Pinned,Device,NVIDIA A100-SXM4-40GB MIG 4g.20gb (0),1,,13,[CUDA memcpy Host-to-Device]
8434913043,15648,197664,69,4,1,48,1,1,76,0.002,0.000,,,,,NVIDIA A100-SXM4-40GB MIG 4g.20gb (0),1,,13,"void ch_est::windowedChEstPreNoDftSOfdmKernel<float, __half, float, (unsigned int)2, (unsigned int)1, (unsigned short)4>(ch_est::puschRxChEstStatDescr_t *, ch_est::puschRxChEstDynDescr_t *)"
8435424557,11232,197665,137,2,1,24,2,1,44,0.001,0.001,,,,,NVIDIA A100-SXM4-40GB MIG 4g.20gb (0),1,,13,"void ch_est::chEstFilterNoDftSOfdmDispatchKernel<float, __half, float, (unsigned int)2>(ch_est::puschRxChEstStatDescr_t *, ch_est::puschRxChEstDynDescr_t *)"
8435900616,10080,197666,137,2,1,24,2,1,44,0.001,0.001,,,,,NVIDIA A100-SXM4-40GB MIG 4g.20gb (0),1,,13,"void ch_est::chEstFilterNoDftSOfdmDispatchKernel<float, __half, float, (unsigned int)2>(ch_est::puschRxChEstStatDescr_t *, ch_est::puschRxChEstDynDescr_t *)"
8436357507,9568,197677,103,1,1,128,1,1,16,0.000,0.000,,,,,NVIDIA A100-SXM4-40GB MIG 4g.20gb (0),1,,13,cupy_copy__complex64_complex64
8436622592,18111,197687,1434,1,1,128,1,1,16,0.000,0.000,,,,,NVIDIA A100-SXM4-40GB MIG 4g.20gb (0),1,,13,cupy_copy__complex64_complex64
8436975996,5376,197694,103,1,1,128,1,1,16,0.000,0.000,,,,,NVIDIA A100-SXM4-40GB MIG 4g.20gb (0),1,,13,cupy_copy__complex64_complex64
8437604213,193053,197701,1,1,1,32,32,1,30,0.000,0.000,,,,,NVIDIA A100-SXM4-40GB MIG 4g.20gb (0),1,,13,"void convert_kernel<__half2, float2>(tensor_layout_any, T1 *, tensor_layout_any, const T2 *)"
8437826834,5440,197704,,,,,,,,,,0.094,17223.480,Pinned,Device,NVIDIA A100-SXM4-40GB MIG 4g.20gb (0),1,,13,[CUDA memcpy Host-to-Device]
8438222221,52736,197705,,,,,,,,,,35.810,679027.703,Device,,NVIDIA A100-SXM4-40GB MIG 4g.20gb (0),1,,13,[CUDA memset]
8438283405,4768,197707,,,,,,,,,,0.000,16.778,Pinned,Device,NVIDIA A100-SXM4-40GB MIG 4g.20gb (0),1,,13,[CUDA memcpy Host-to-Device]
8438290637,9472,197708,,,,,,,,,,0.197,20756.693,Pinned,Device,NVIDIA A100-SXM4-40GB MIG 4g.20gb (0),1,,13,[CUDA memcpy Host-to-Device]
8438801223,22464,197709,273,1,1,48,1,1,40,0.000,0.001,,,,,NVIDIA A100-SXM4-40GB MIG 4g.20gb (0),1,,13,"void pusch_noise_intf_est::noiseIntfEstNoDftSOfdmKernel<float, __half, float, float, (unsigned int)2, (unsigned int)1, (unsigned char)4, (unsigned char)4>(pusch_noise_intf_est::puschRxNoiseIntfEstDynDescr)"
8439425216,6656,197720,35,1,1,128,1,1,16,0.000,0.000,,,,,NVIDIA A100-SXM4-40GB MIG 4g.20gb (0),1,,13,cupy_copy__complex64_complex64
8440018713,3616,197729,1,1,1,1,1,1,18,0.000,0.000,,,,,NVIDIA A100-SXM4-40GB MIG 4g.20gb (0),1,,13,cupy_copy__float32_float32
8440025785,1600,197735,,,,,,,,,,0.000,2.500,Device,Pageable,NVIDIA A100-SXM4-40GB MIG 4g.20gb (0),1,,7,[CUDA memcpy Device-to-Host]
8440653554,16480,197746,1434,1,1,128,1,1,16,0.000,0.000,,,,,NVIDIA A100-SXM4-40GB MIG 4g.20gb (0),1,,13,cupy_copy__complex64_complex64
8441256139,5216,197753,103,1,1,128,1,1,16,0.000,0.000,,,,,NVIDIA A100-SXM4-40GB MIG 4g.20gb (0),1,,13,cupy_copy__complex64_complex64
8441831492,11872,197760,35,1,1,128,1,1,16,0.000,0.000,,,,,NVIDIA A100-SXM4-40GB MIG 4g.20gb (0),1,,13,cupy_copy__complex64_complex64
8442218144,4704,197767,1,1,1,1,1,1,18,0.000,0.000,,,,,NVIDIA A100-SXM4-40GB MIG 4g.20gb (0),1,,13,cupy_copy__float32_float32
8442662683,193438,197778,1,1,1,32,32,1,30,0.000,0.000,,,,,NVIDIA A100-SXM4-40GB MIG 4g.20gb (0),1,,13,"void convert_kernel<__half2, float2>(tensor_layout_any, T1 *, tensor_layout_any, const T2 *)"
8442885176,5632,197781,,,,,,,,,,0.094,16636.287,Pinned,Device,NVIDIA A100-SXM4-40GB MIG 4g.20gb (0),1,,13,[CUDA memcpy Host-to-Device]
8445674969,7904,197782,,,,,,,,,,1.547,195675.775,Device,,NVIDIA A100-SXM4-40GB MIG 4g.20gb (0),1,,13,[CUDA memset]
8445687513,3583,197787,,,,,,,,,,0.031,8734.557,Pinned,Device,NVIDIA A100-SXM4-40GB MIG 4g.20gb (0),1,,13,[CUDA memcpy Host-to-Device]
8445696984,11168,197788,,,,,,,,,,0.197,17604.477,Pinned,Device,NVIDIA A100-SXM4-40GB MIG 4g.20gb (0),1,,13,[CUDA memcpy Host-to-Device]
8448599671,35040,197789,273,1,1,8,4,1,39,0.002,0.000,,,,,NVIDIA A100-SXM4-40GB MIG 4g.20gb (0),1,,13,"void channel_eq::eqMmseCoefCompLowMimoKernel<float, float, float, (unsigned int)4, (unsigned int)1, (unsigned int)4>(const channel_eq::_puschRxChEqStatDescr *, channel_eq::_puschRxChEqCoefCompDynDescr)"
8449126033,13824,197790,273,1,1,12,11,1,51,0.002,0.000,,,,,NVIDIA A100-SXM4-40GB MIG 4g.20gb (0),1,,13,"void channel_eq::eqMmseSoftDemapKernel<float, __half, __half, float, (unsigned int)4, (unsigned short)16383>(channel_eq::_puschRxChEqStatDescr *, channel_eq::_puschRxChEqSoftDemapDynDescr)"
8449620940,627161,197791,1,1,1,32,32,1,30,0.000,0.000,,,,,NVIDIA A100-SXM4-40GB MIG 4g.20gb (0),1,,13,"void convert_kernel<float2, __half2>(tensor_layout_any, T1 *, tensor_layout_any, const T2 *)"
8450595745,14752,197803,2253,1,1,128,1,1,16,0.000,0.000,,,,,NVIDIA A100-SXM4-40GB MIG 4g.20gb (0),1,,13,cupy_copy__float16_float16
8451191226,6688,197812,282,1,1,128,1,1,16,0.000,0.000,,,,,NVIDIA A100-SXM4-40GB MIG 4g.20gb (0),1,,13,cupy_copy__complex64_complex64
8451799379,4544,197821,26,1,1,128,1,1,16,0.000,0.000,,,,,NVIDIA A100-SXM4-40GB MIG 4g.20gb (0),1,,13,cupy_copy__float32_float32
8452389132,13280,197830,103,1,1,128,1,1,16,0.000,0.000,,,,,NVIDIA A100-SXM4-40GB MIG 4g.20gb (0),1,,13,cupy_copy__complex64_complex64
8452830375,17920,197840,1434,1,1,128,1,1,16,0.000,0.000,,,,,NVIDIA A100-SXM4-40GB MIG 4g.20gb (0),1,,13,cupy_copy__complex64_complex64
8455890020,256510,197845,1,1,1,32,32,1,30,0.000,0.000,,,,,NVIDIA A100-SXM4-40GB MIG 4g.20gb (0),1,,13,"void convert_kernel<__half2, float2>(tensor_layout_any, T1 *, tensor_layout_any, const T2 *)"
8456177441,6112,197848,,,,,,,,,,0.094,15329.790,Pinned,Device,NVIDIA A100-SXM4-40GB MIG 4g.20gb (0),1,,13,[CUDA memcpy Host-to-Device]
8456870169,625273,197849,,,,,,,,,,456.561,730041.743,Device,,NVIDIA A100-SXM4-40GB MIG 4g.20gb (0),1,,13,[CUDA memset]
8457503634,56511,197854,,,,,,,,,,1.235,21852.334,Pinned,Device,NVIDIA A100-SXM4-40GB MIG 4g.20gb (0),1,,13,[CUDA memcpy Host-to-Device]
8457562673,9856,197855,,,,,,,,,,0.197,19948.044,Pinned,Device,NVIDIA A100-SXM4-40GB MIG 4g.20gb (0),1,,13,[CUDA memcpy Host-to-Device]
8460539856,13759,197856,69,4,1,48,1,1,76,0.002,0.000,,,,,NVIDIA A100-SXM4-40GB MIG 4g.20gb (0),1,,13,"void ch_est::windowedChEstPreNoDftSOfdmKernel<float, __half, float, (unsigned int)2, (unsigned int)1, (unsigned short)4>(ch_est::puschRxChEstStatDescr_t *, ch_est::puschRxChEstDynDescr_t *)"
8461247815,11872,197857,137,2,1,24,2,1,44,0.001,0.001,,,,,NVIDIA A100-SXM4-40GB MIG 4g.20gb (0),1,,13,"void ch_est::chEstFilterNoDftSOfdmDispatchKernel<float, __half, float, (unsigned int)2>(ch_est::puschRxChEstStatDescr_t *, ch_est::puschRxChEstDynDescr_t *)"
8461862016,9120,197858,137,2,1,24,2,1,44,0.001,0.001,,,,,NVIDIA A100-SXM4-40GB MIG 4g.20gb (0),1,,13,"void ch_est::chEstFilterNoDftSOfdmDispatchKernel<float, __half, float, (unsigned int)2>(ch_est::puschRxChEstStatDescr_t *, ch_est::puschRxChEstDynDescr_t *)"
8462450810,8000,197869,103,1,1,128,1,1,16,0.000,0.000,,,,,NVIDIA A100-SXM4-40GB MIG 4g.20gb (0),1,,13,cupy_copy__complex64_complex64
8462839221,21504,197879,1434,1,1,128,1,1,16,0.000,0.000,,,,,NVIDIA A100-SXM4-40GB MIG 4g.20gb (0),1,,13,cupy_copy__complex64_complex64
8463367183,7392,197886,103,1,1,128,1,1,16,0.000,0.000,,,,,NVIDIA A100-SXM4-40GB MIG 4g.20gb (0),1,,13,cupy_copy__complex64_complex64
8463628044,245086,197893,1,1,1,32,32,1,30,0.000,0.000,,,,,NVIDIA A100-SXM4-40GB MIG 4g.20gb (0),1,,13,"void convert_kernel<__half2, float2>(tensor_layout_any, T1 *, tensor_layout_any, const T2 *)"
8463904009,5472,197896,,,,,,,,,,0.094,17122.757,Pinned,Device,NVIDIA A100-SXM4-40GB MIG 4g.20gb (0),1,,13,[CUDA memcpy Host-to-Device]
8464292197,60415,197897,,,,,,,,,,35.810,592725.796,Device,,NVIDIA A100-SXM4-40GB MIG 4g.20gb (0),1,,13,[CUDA memset]
8464356164,2752,197899,,,,,,,,,,0.000,29.070,Pinned,Device,NVIDIA A100-SXM4-40GB MIG 4g.20gb (0),1,,13,[CUDA memcpy Host-to-Device]
8464365604,13024,197900,,,,,,,,,,0.197,15095.759,Pinned,Device,NVIDIA A100-SXM4-40GB MIG 4g.20gb (0),1,,13,[CUDA memcpy Host-to-Device]
8464964349,28832,197901,273,1,1,48,1,1,40,0.000,0.001,,,,,NVIDIA A100-SXM4-40GB MIG 4g.20gb (0),1,,13,"void pusch_noise_intf_est::noiseIntfEstNoDftSOfdmKernel<float, __half, float, float, (unsigned int)2, (unsigned int)1, (unsigned char)4, (unsigned char)4>(pusch_noise_intf_est::puschRxNoiseIntfEstDynDescr)"
8468139705,5312,197912,35,1,1,128,1,1,16,0.000,0.000,,,,,NVIDIA A100-SXM4-40GB MIG 4g.20gb (0),1,,13,cupy_copy__complex64_complex64
8471578482,3968,197921,1,1,1,1,1,1,18,0.000,0.000,,,,,NVIDIA A100-SXM4-40GB MIG 4g.20gb (0),1,,13,cupy_copy__float32_float32
8471592402,1984,197927,,,,,,,,,,0.000,2.016,Device,Pageable,NVIDIA A100-SXM4-40GB MIG 4g.20gb (0),1,,7,[CUDA memcpy Device-to-Host]
8472164939,17920,197938,1434,1,1,128,1,1,16,0.000,0.000,,,,,NVIDIA A100-SXM4-40GB MIG 4g.20gb (0),1,,13,cupy_copy__complex64_complex64
8472693285,8256,197945,103,1,1,128,1,1,16,0.000,0.000,,,,,NVIDIA A100-SXM4-40GB MIG 4g.20gb (0),1,,13,cupy_copy__complex64_complex64
8473311710,9056,197952,35,1,1,128,1,1,16,0.000,0.000,,,,,NVIDIA A100-SXM4-40GB MIG 4g.20gb (0),1,,13,cupy_copy__complex64_complex64
8473916215,3744,197959,1,1,1,1,1,1,18,0.000,0.000,,,,,NVIDIA A100-SXM4-40GB MIG 4g.20gb (0),1,,13,cupy_copy__float32_float32
8474498673,247229,197970,1,1,1,32,32,1,30,0.000,0.000,,,,,NVIDIA A100-SXM4-40GB MIG 4g.20gb (0),1,,13,"void convert_kernel<__half2, float2>(tensor_layout_any, T1 *, tensor_layout_any, const T2 *)"
8474778701,6656,197973,,,,,,,,,,0.094,14076.887,Pinned,Device,NVIDIA A100-SXM4-40GB MIG 4g.20gb (0),1,,13,[CUDA memcpy Host-to-Device]
8475382631,7168,197974,,,,,,,,,,1.547,215766.421,Device,,NVIDIA A100-SXM4-40GB MIG 4g.20gb (0),1,,13,[CUDA memset]
8475393862,3424,197979,,,,,,,,,,0.031,9140.185,Pinned,Device,NVIDIA A100-SXM4-40GB MIG 4g.20gb (0),1,,13,[CUDA memcpy Host-to-Device]
8475399686,10464,197980,,,,,,,,,,0.197,18788.844,Pinned,Device,NVIDIA A100-SXM4-40GB MIG 4g.20gb (0),1,,13,[CUDA memcpy Host-to-Device]
8479168924,21823,197981,273,1,1,8,4,1,39,0.002,0.000,,,,,NVIDIA A100-SXM4-40GB MIG 4g.20gb (0),1,,13,"void channel_eq::eqMmseCoefCompLowMimoKernel<float, float, float, (unsigned int)4, (unsigned int)1, (unsigned int)4>(const channel_eq::_puschRxChEqStatDescr *, channel_eq::_puschRxChEqCoefCompDynDescr)"
8480067313,14176,197982,273,1,1,12,11,1,51,0.002,0.000,,,,,NVIDIA A100-SXM4-40GB MIG 4g.20gb (0),1,,13,"void channel_eq::eqMmseSoftDemapKernel<float, __half, __half, float, (unsigned int)4, (unsigned short)16383>(channel_eq::_puschRxChEqStatDescr *, channel_eq::_puschRxChEqSoftDemapDynDescr)"
8484122691,679864,197983,1,1,1,32,32,1,30,0.000,0.000,,,,,NVIDIA A100-SXM4-40GB MIG 4g.20gb (0),1,,13,"void convert_kernel<float2, __half2>(tensor_layout_any, T1 *, tensor_layout_any, const T2 *)"
8485476948,13824,197995,2253,1,1,128,1,1,16,0.000,0.000,,,,,NVIDIA A100-SXM4-40GB MIG 4g.20gb (0),1,,13,cupy_copy__float16_float16
8485994382,12704,198004,282,1,1,128,1,1,16,0.000,0.000,,,,,NVIDIA A100-SXM4-40GB MIG 4g.20gb (0),1,,13,cupy_copy__complex64_complex64
8486494472,4128,198013,26,1,1,128,1,1,16,0.000,0.000,,,,,NVIDIA A100-SXM4-40GB MIG 4g.20gb (0),1,,13,cupy_copy__float32_float32
8487191072,11968,198022,103,1,1,128,1,1,16,0.000,0.000,,,,,NVIDIA A100-SXM4-40GB MIG 4g.20gb (0),1,,13,cupy_copy__complex64_complex64
8487706554,16512,198032,1434,1,1,128,1,1,16,0.000,0.000,,,,,NVIDIA A100-SXM4-40GB MIG 4g.20gb (0),1,,13,cupy_copy__complex64_complex64
8488220533,285084,198037,1,1,1,32,32,1,30,0.000,0.000,,,,,NVIDIA A100-SXM4-40GB MIG 4g.20gb (0),1,,13,"void convert_kernel<__half2, float2>(tensor_layout_any, T1 *, tensor_layout_any, const T2 *)"
8488535793,5728,198040,,,,,,,,,,0.094,16357.541,Pinned,Device,NVIDIA A100-SXM4-40GB MIG 4g.20gb (0),1,,13,[CUDA memcpy Host-to-Device]
8488914349,612761,198041,,,,,,,,,,456.561,744651.709,Device,,NVIDIA A100-SXM4-40GB MIG 4g.20gb (0),1,,13,[CUDA memset]
8489533990,52671,198046,,,,,,,,,,1.235,23445.412,Pinned,Device,NVIDIA A100-SXM4-40GB MIG 4g.20gb (0),1,,13,[CUDA memcpy Host-to-Device]
8489589253,10240,198047,,,,,,,,,,0.197,19199.951,Pinned,Device,NVIDIA A100-SXM4-40GB MIG 4g.20gb (0),1,,13,[CUDA memcpy Host-to-Device]
8492822560,27264,198048,69,4,1,48,1,1,76,0.002,0.000,,,,,NVIDIA A100-SXM4-40GB MIG 4g.20gb (0),1,,13,"void ch_est::windowedChEstPreNoDftSOfdmKernel<float, __half, float, (unsigned int)2, (unsigned int)1, (unsigned short)4>(ch_est::puschRxChEstStatDescr_t *, ch_est::puschRxChEstDynDescr_t *)"
8493470777,14304,198049,137,2,1,24,2,1,44,0.001,0.001,,,,,NVIDIA A100-SXM4-40GB MIG 4g.20gb (0),1,,13,"void ch_est::chEstFilterNoDftSOfdmDispatchKernel<float, __half, float, (unsigned int)2>(ch_est::puschRxChEstStatDescr_t *, ch_est::puschRxChEstDynDescr_t *)"
8494163697,11808,198050,137,2,1,24,2,1,44,0.001,0.001,,,,,NVIDIA A100-SXM4-40GB MIG 4g.20gb (0),1,,13,"void ch_est::chEstFilterNoDftSOfdmDispatchKernel<float, __half, float, (unsigned int)2>(ch_est::puschRxChEstStatDescr_t *, ch_est::puschRxChEstDynDescr_t *)"
8497510475,4896,198061,103,1,1,128,1,1,16,0.000,0.000,,,,,NVIDIA A100-SXM4-40GB MIG 4g.20gb (0),1,,13,cupy_copy__complex64_complex64
8498163299,18912,198071,1434,1,1,128,1,1,16,0.000,0.000,,,,,NVIDIA A100-SXM4-40GB MIG 4g.20gb (0),1,,13,cupy_copy__complex64_complex64
8498721949,9824,198078,103,1,1,128,1,1,16,0.000,0.000,,,,,NVIDIA A100-SXM4-40GB MIG 4g.20gb (0),1,,13,cupy_copy__complex64_complex64
8499103929,267997,198085,1,1,1,32,32,1,30,0.000,0.000,,,,,NVIDIA A100-SXM4-40GB MIG 4g.20gb (0),1,,13,"void convert_kernel<__half2, float2>(tensor_layout_any, T1 *, tensor_layout_any, const T2 *)"
8499405909,7936,198088,,,,,,,,,,0.094,11806.446,Pinned,Device,NVIDIA A100-SXM4-40GB MIG 4g.20gb (0),1,,13,[CUDA memcpy Host-to-Device]
8500004334,56960,198089,,,,,,,,,,35.810,628678.956,Device,,NVIDIA A100-SXM4-40GB MIG 4g.20gb (0),1,,13,[CUDA memset]
8500065294,2080,198091,,,,,,,,,,0.000,38.462,Pinned,Device,NVIDIA A100-SXM4-40GB MIG 4g.20gb (0),1,,13,[CUDA memcpy Host-to-Device]
8500069806,9760,198092,,,,,,,,,,0.197,20144.259,Pinned,Device,NVIDIA A100-SXM4-40GB MIG 4g.20gb (0),1,,13,[CUDA memcpy Host-to-Device]
8500674023,20672,198093,273,1,1,48,1,1,40,0.000,0.001,,,,,NVIDIA A100-SXM4-40GB MIG 4g.20gb (0),1,,13,"void pusch_noise_intf_est::noiseIntfEstNoDftSOfdmKernel<float, __half, float, float, (unsigned int)2, (unsigned int)1, (unsigned char)4, (unsigned char)4>(pusch_noise_intf_est::puschRxNoiseIntfEstDynDescr)"
8501278336,9312,198104,35,1,1,128,1,1,16,0.000,0.000,,,,,NVIDIA A100-SXM4-40GB MIG 4g.20gb (0),1,,13,cupy_copy__complex64_complex64
8504821624,5664,198113,1,1,1,1,1,1,18,0.000,0.000,,,,,NVIDIA A100-SXM4-40GB MIG 4g.20gb (0),1,,13,cupy_copy__float32_float32
8504835447,1600,198119,,,,,,,,,,0.000,2.500,Device,Pageable,NVIDIA A100-SXM4-40GB MIG 4g.20gb (0),1,,7,[CUDA memcpy Device-to-Host]
8508585421,23968,198130,1434,1,1,128,1,1,16,0.000,0.000,,,,,NVIDIA A100-SXM4-40GB MIG 4g.20gb (0),1,,13,cupy_copy__complex64_complex64
8509209638,5312,198137,103,1,1,128,1,1,16,0.000,0.000,,,,,NVIDIA A100-SXM4-40GB MIG 4g.20gb (0),1,,13,cupy_copy__complex64_complex64
8509864830,4832,198144,35,1,1,128,1,1,16,0.000,0.000,,,,,NVIDIA A100-SXM4-40GB MIG 4g.20gb (0),1,,13,cupy_copy__complex64_complex64
8510441752,2976,198151,1,1,1,1,1,1,18,0.000,0.000,,,,,NVIDIA A100-SXM4-40GB MIG 4g.20gb (0),1,,13,cupy_copy__float32_float32
8510821139,249598,198162,1,1,1,32,32,1,30,0.000,0.000,,,,,NVIDIA A100-SXM4-40GB MIG 4g.20gb (0),1,,13,"void convert_kernel<__half2, float2>(tensor_layout_any, T1 *, tensor_layout_any, const T2 *)"
8511104688,6304,198165,,,,,,,,,,0.094,14862.903,Pinned,Device,NVIDIA A100-SXM4-40GB MIG 4g.20gb (0),1,,13,[CUDA memcpy Host-to-Device]
8511728169,5088,198166,,,,,,,,,,1.547,303973.481,Device,,NVIDIA A100-SXM4-40GB MIG 4g.20gb (0),1,,13,[CUDA memset]
8511737737,4192,198171,,,,,,,,,,0.031,7465.630,Pinned,Device,NVIDIA A100-SXM4-40GB MIG 4g.20gb (0),1,,13,[CUDA memcpy Host-to-Device]
8511747305,13760,198172,,,,,,,,,,0.197,14288.290,Pinned,Device,NVIDIA A100-SXM4-40GB MIG 4g.20gb (0),1,,13,[CUDA memcpy Host-to-Device]
8512376898,13664,198173,273,1,1,8,4,1,39,0.002,0.000,,,,,NVIDIA A100-SXM4-40GB MIG 4g.20gb (0),1,,13,"void channel_eq::eqMmseCoefCompLowMimoKernel<float, float, float, (unsigned int)4, (unsigned int)1, (unsigned int)4>(const channel_eq::_puschRxChEqStatDescr *, channel_eq::_puschRxChEqCoefCompDynDescr)"
8513021850,11424,198174,273,1,1,12,11,1,51,0.002,0.000,,,,,NVIDIA A100-SXM4-40GB MIG 4g.20gb (0),1,,13,"void channel_eq::eqMmseSoftDemapKernel<float, __half, __half, float, (unsigned int)4, (unsigned short)16383>(channel_eq::_puschRxChEqStatDescr *, channel_eq::_puschRxChEqSoftDemapDynDescr)"
8513675219,741303,198175,1,1,1,32,32,1,30,0.000,0.000,,,,,NVIDIA A100-SXM4-40GB MIG 4g.20gb (0),1,,13,"void convert_kernel<float2, __half2>(tensor_layout_any, T1 *, tensor_layout_any, const T2 *)"
8515021604,14655,198187,2253,1,1,128,1,1,16,0.000,0.000,,,,,NVIDIA A100-SXM4-40GB MIG 4g.20gb (0),1,,13,cupy_copy__float16_float16
8515592061,7616,198196,282,1,1,128,1,1,16,0.000,0.000,,,,,NVIDIA A100-SXM4-40GB MIG 4g.20gb (0),1,,13,cupy_copy__complex64_complex64
8516200950,9184,198205,26,1,1,128,1,1,16,0.000,0.000,,,,,NVIDIA A100-SXM4-40GB MIG 4g.20gb (0),1,,13,cupy_copy__float32_float32
8516497875,7616,198214,103,1,1,128,1,1,16,0.000,0.000,,,,,NVIDIA A100-SXM4-40GB MIG 4g.20gb (0),1,,13,cupy_copy__complex64_complex64
8517023917,15712,198230,1434,1,1,128,1,1,16,0.000,0.000,,,,,NVIDIA A100-SXM4-40GB MIG 4g.20gb (0),1,,13,cupy_copy__complex64_complex64
8517573575,235965,198235,1,1,1,32,32,1,30,0.000,0.000,,,,,NVIDIA A100-SXM4-40GB MIG 4g.20gb (0),1,,13,"void convert_kernel<__half2, float2>(tensor_layout_any, T1 *, tensor_layout_any, const T2 *)"
8517838436,5439,198238,,,,,,,,,,0.094,17226.665,Pinned,Device,NVIDIA A100-SXM4-40GB MIG 4g.20gb (0),1,,13,[CUDA memcpy Host-to-Device]
8518348926,626617,198239,,,,,,,,,,456.561,728215.497,Device,,NVIDIA A100-SXM4-40GB MIG 4g.20gb (0),1,,13,[CUDA memset]
8518981431,63167,198244,,,,,,,,,,1.235,19550.398,Pinned,Device,NVIDIA A100-SXM4-40GB MIG 4g.20gb (0),1,,13,[CUDA memcpy Host-to-Device]
8519048406,10016,198245,,,,,,,,,,0.197,19629.343,Pinned,Device,NVIDIA A100-SXM4-40GB MIG 4g.20gb (0),1,,13,[CUDA memcpy Host-to-Device]
8519688590,14208,198246,69,4,1,48,1,1,76,0.002,0.000,,,,,NVIDIA A100-SXM4-40GB MIG 4g.20gb (0),1,,13,"void ch_est::windowedChEstPreNoDftSOfdmKernel<float, __half, float, (unsigned int)2, (unsigned int)1, (unsigned short)4>(ch_est::puschRxChEstStatDescr_t *, ch_est::puschRxChEstDynDescr_t *)"
8520357863,11008,198247,137,2,1,24,2,1,44,0.001,0.001,,,,,NVIDIA A100-SXM4-40GB MIG 4g.20gb (0),1,,13,"void ch_est::chEstFilterNoDftSOfdmDispatchKernel<float, __half, float, (unsigned int)2>(ch_est::puschRxChEstStatDescr_t *, ch_est::puschRxChEstDynDescr_t *)"
8520926112,8160,198248,137,2,1,24,2,1,44,0.001,0.001,,,,,NVIDIA A100-SXM4-40GB MIG 4g.20gb (0),1,,13,"void ch_est::chEstFilterNoDftSOfdmDispatchKernel<float, __half, float, (unsigned int)2>(ch_est::puschRxChEstStatDescr_t *, ch_est::puschRxChEstDynDescr_t *)"
8521556057,9632,198259,103,1,1,128,1,1,16,0.000,0.000,,,,,NVIDIA A100-SXM4-40GB MIG 4g.20gb (0),1,,13,cupy_copy__complex64_complex64
8521985428,18240,198269,1434,1,1,128,1,1,16,0.000,0.000,,,,,NVIDIA A100-SXM4-40GB MIG 4g.20gb (0),1,,13,cupy_copy__complex64_complex64
8522619693,7168,198276,103,1,1,128,1,1,16,0.000,0.000,,,,,NVIDIA A100-SXM4-40GB MIG 4g.20gb (0),1,,13,cupy_copy__complex64_complex64
8523046280,198846,198283,1,1,1,32,32,1,30,0.000,0.000,,,,,NVIDIA A100-SXM4-40GB MIG 4g.20gb (0),1,,13,"void convert_kernel<__half2, float2>(tensor_layout_any, T1 *, tensor_layout_any, const T2 *)"
8523274534,5984,198286,,,,,,,,,,0.094,15657.726,Pinned,Device,NVIDIA A100-SXM4-40GB MIG 4g.20gb (0),1,,13,[CUDA memcpy Host-to-Device]
8523711105,50015,198287,,,,,,,,,,35.810,715983.540,Device,,NVIDIA A100-SXM4-40GB MIG 4g.20gb (0),1,,13,[CUDA memset]
8523766944,7424,198289,,,,,,,,,,0.000,10.776,Pinned,Device,NVIDIA A100-SXM4-40GB MIG 4g.20gb (0),1,,13,[CUDA memcpy Host-to-Device]
8523777280,9472,198290,,,,,,,,,,0.197,20756.693,Pinned,Device,NVIDIA A100-SXM4-40GB MIG 4g.20gb (0),1,,13,[CUDA memcpy Host-to-Device]
8524482040,17088,198291,273,1,1,48,1,1,40,0.000,0.001,,,,,NVIDIA A100-SXM4-40GB MIG 4g.20gb (0),1,,13,"void pusch_noise_intf_est::noiseIntfEstNoDftSOfdmKernel<float, __half, float, float, (unsigned int)2, (unsigned int)1, (unsigned char)4, (unsigned char)4>(pusch_noise_intf_est::puschRxNoiseIntfEstDynDescr)"
8525321166,4832,198302,35,1,1,128,1,1,16,0.000,0.000,,,,,NVIDIA A100-SXM4-40GB MIG 4g.20gb (0),1,,13,cupy_copy__complex64_complex64
8526071718,3360,198311,1,1,1,1,1,1,18,0.000,0.000,,,,,NVIDIA A100-SXM4-40GB MIG 4g.20gb (0),1,,13,cupy_copy__float32_float32
8526080166,3488,198317,,,,,,,,,,0.000,1.147,Device,Pageable,NVIDIA A100-SXM4-40GB MIG 4g.20gb (0),1,,7,[CUDA memcpy Device-to-Host]
8526914140,17056,198328,1434,1,1,128,1,1,16,0.000,0.000,,,,,NVIDIA A100-SXM4-40GB MIG 4g.20gb (0),1,,13,cupy_copy__complex64_complex64
8527664372,4128,198335,103,1,1,128,1,1,16,0.000,0.000,,,,,NVIDIA A100-SXM4-40GB MIG 4g.20gb (0),1,,13,cupy_copy__complex64_complex64
8528405227,4224,198342,35,1,1,128,1,1,16,0.000,0.000,,,,,NVIDIA A100-SXM4-40GB MIG 4g.20gb (0),1,,13,cupy_copy__complex64_complex64
8529180738,3296,198349,1,1,1,1,1,1,18,0.000,0.000,,,,,NVIDIA A100-SXM4-40GB MIG 4g.20gb (0),1,,13,cupy_copy__float32_float32
8529966746,247485,198360,1,1,1,32,32,1,30,0.000,0.000,,,,,NVIDIA A100-SXM4-40GB MIG 4g.20gb (0),1,,13,"void convert_kernel<__half2, float2>(tensor_layout_any, T1 *, tensor_layout_any, const T2 *)"
8530245014,6912,198363,,,,,,,,,,0.094,13555.469,Pinned,Device,NVIDIA A100-SXM4-40GB MIG 4g.20gb (0),1,,13,[CUDA memcpy Host-to-Device]
8531052877,5120,198364,,,,,,,,,,1.547,302074.227,Device,,NVIDIA A100-SXM4-40GB MIG 4g.20gb (0),1,,13,[CUDA memset]
8531063661,3520,198369,,,,,,,,,,0.031,8890.881,Pinned,Device,NVIDIA A100-SXM4-40GB MIG 4g.20gb (0),1,,13,[CUDA memcpy Host-to-Device]
8531069837,9760,198370,,,,,,,,,,0.197,20144.259,Pinned,Device,NVIDIA A100-SXM4-40GB MIG 4g.20gb (0),1,,13,[CUDA memcpy Host-to-Device]
8531703846,16928,198371,273,1,1,8,4,1,39,0.002,0.000,,,,,NVIDIA A100-SXM4-40GB MIG 4g.20gb (0),1,,13,"void channel_eq::eqMmseCoefCompLowMimoKernel<float, float, float, (unsigned int)4, (unsigned int)1, (unsigned int)4>(const channel_eq::_puschRxChEqStatDescr *, channel_eq::_puschRxChEqCoefCompDynDescr)"
8532357182,10464,198372,273,1,1,12,11,1,51,0.002,0.000,,,,,NVIDIA A100-SXM4-40GB MIG 4g.20gb (0),1,,13,"void channel_eq::eqMmseSoftDemapKernel<float, __half, __half, float, (unsigned int)4, (unsigned short)16383>(channel_eq::_puschRxChEqStatDescr *, channel_eq::_puschRxChEqSoftDemapDynDescr)"
8533000055,581145,198373,1,1,1,32,32,1,30,0.000,0.000,,,,,NVIDIA A100-SXM4-40GB MIG 4g.20gb (0),1,,13,"void convert_kernel<float2, __half2>(tensor_layout_any, T1 *, tensor_layout_any, const T2 *)"
8533998956,27647,198385,2253,1,1,128,1,1,16,0.000,0.000,,,,,NVIDIA A100-SXM4-40GB MIG 4g.20gb (0),1,,13,cupy_copy__float16_float16
8534700452,12383,198394,282,1,1,128,1,1,16,0.000,0.000,,,,,NVIDIA A100-SXM4-40GB MIG 4g.20gb (0),1,,13,cupy_copy__complex64_complex64
8535364124,5216,198403,26,1,1,128,1,1,16,0.000,0.000,,,,,NVIDIA A100-SXM4-40GB MIG 4g.20gb (0),1,,13,cupy_copy__float32_float32
8536064308,15392,198412,103,1,1,128,1,1,16,0.000,0.000,,,,,NVIDIA A100-SXM4-40GB MIG 4g.20gb (0),1,,13,cupy_copy__complex64_complex64
8536558382,17376,198422,1434,1,1,128,1,1,16,0.000,0.000,,,,,NVIDIA A100-SXM4-40GB MIG 4g.20gb (0),1,,13,cupy_copy__complex64_complex64
8537302054,251325,198427,1,1,1,32,32,1,30,0.000,0.000,,,,,NVIDIA A100-SXM4-40GB MIG 4g.20gb (0),1,,13,"void convert_kernel<__half2, float2>(tensor_layout_any, T1 *, tensor_layout_any, const T2 *)"
8537587171,10880,198430,,,,,,,,,,0.094,8611.693,Pinned,Device,NVIDIA A100-SXM4-40GB MIG 4g.20gb (0),1,,13,[CUDA memcpy Host-to-Device]
8538206172,613593,198431,,,,,,,,,,456.561,743738.586,Device,,NVIDIA A100-SXM4-40GB MIG 4g.20gb (0),1,,13,[CUDA memset]
8538827765,61663,198436,,,,,,,,,,1.235,20027.087,Pinned,Device,NVIDIA A100-SXM4-40GB MIG 4g.20gb (0),1,,13,[CUDA memcpy Host-to-Device]
8538895476,14944,198437,,,,,,,,,,0.197,13156.221,Pinned,Device,NVIDIA A100-SXM4-40GB MIG 4g.20gb (0),1,,13,[CUDA memcpy Host-to-Device]
8539467629,10560,198438,69,4,1,48,1,1,76,0.002,0.000,,,,,NVIDIA A100-SXM4-40GB MIG 4g.20gb (0),1,,13,"void ch_est::windowedChEstPreNoDftSOfdmKernel<float, __half, float, (unsigned int)2, (unsigned int)1, (unsigned short)4>(ch_est::puschRxChEstStatDescr_t *, ch_est::puschRxChEstDynDescr_t *)"
8540119206,11264,198439,137,2,1,24,2,1,44,0.001,0.001,,,,,NVIDIA A100-SXM4-40GB MIG 4g.20gb (0),1,,13,"void ch_est::chEstFilterNoDftSOfdmDispatchKernel<float, __half, float, (unsigned int)2>(ch_est::puschRxChEstStatDescr_t *, ch_est::puschRxChEstDynDescr_t *)"
8540763327,10720,198440,137,2,1,24,2,1,44,0.001,0.001,,,,,NVIDIA A100-SXM4-40GB MIG 4g.20gb (0),1,,13,"void ch_est::chEstFilterNoDftSOfdmDispatchKernel<float, __half, float, (unsigned int)2>(ch_est::puschRxChEstStatDescr_t *, ch_est::puschRxChEstDynDescr_t *)"
8541460343,5344,198451,103,1,1,128,1,1,16,0.000,0.000,,,,,NVIDIA A100-SXM4-40GB MIG 4g.20gb (0),1,,13,cupy_copy__complex64_complex64
8542143087,20320,198461,1434,1,1,128,1,1,16,0.000,0.000,,,,,NVIDIA A100-SXM4-40GB MIG 4g.20gb (0),1,,13,cupy_copy__complex64_complex64
8542551050,4480,198468,103,1,1,128,1,1,16,0.000,0.000,,,,,NVIDIA A100-SXM4-40GB MIG 4g.20gb (0),1,,13,cupy_copy__complex64_complex64
8543133444,258397,198475,1,1,1,32,32,1,30,0.000,0.000,,,,,NVIDIA A100-SXM4-40GB MIG 4g.20gb (0),1,,13,"void convert_kernel<__half2, float2>(tensor_layout_any, T1 *, tensor_layout_any, const T2 *)"
8543422016,6080,198478,,,,,,,,,,0.094,15410.462,Pinned,Device,NVIDIA A100-SXM4-40GB MIG 4g.20gb (0),1,,13,[CUDA memcpy Host-to-Device]
8543798492,55999,198479,,,,,,,,,,35.810,639457.741,Device,,NVIDIA A100-SXM4-40GB MIG 4g.20gb (0),1,,13,[CUDA memset]
8543862715,1856,198481,,,,,,,,,,0.000,43.103,Pinned,Device,NVIDIA A100-SXM4-40GB MIG 4g.20gb (0),1,,13,[CUDA memcpy Host-to-Device]
8543867035,9824,198482,,,,,,,,,,0.197,20012.925,Pinned,Device,NVIDIA A100-SXM4-40GB MIG 4g.20gb (0),1,,13,[CUDA memcpy Host-to-Device]
8544489588,16096,198483,273,1,1,48,1,1,40,0.000,0.001,,,,,NVIDIA A100-SXM4-40GB MIG 4g.20gb (0),1,,13,"void pusch_noise_intf_est::noiseIntfEstNoDftSOfdmKernel<float, __half, float, float, (unsigned int)2, (unsigned int)1, (unsigned char)4, (unsigned char)4>(pusch_noise_intf_est::puschRxNoiseIntfEstDynDescr)"
8545116653,6432,198494,35,1,1,128,1,1,16,0.000,0.000,,,,,NVIDIA A100-SXM4-40GB MIG 4g.20gb (0),1,,13,cupy_copy__complex64_complex64
8545698534,4480,198503,1,1,1,1,1,1,18,0.000,0.000,,,,,NVIDIA A100-SXM4-40GB MIG 4g.20gb (0),1,,13,cupy_copy__float32_float32
8545711014,1632,198509,,,,,,,,,,0.000,2.451,Device,Pageable,NVIDIA A100-SXM4-40GB MIG 4g.20gb (0),1,,7,[CUDA memcpy Device-to-Host]
8546437150,20256,198520,1434,1,1,128,1,1,16,0.000,0.000,,,,,NVIDIA A100-SXM4-40GB MIG 4g.20gb (0),1,,13,cupy_copy__complex64_complex64
8547132022,4416,198527,103,1,1,128,1,1,16,0.000,0.000,,,,,NVIDIA A100-SXM4-40GB MIG 4g.20gb (0),1,,13,cupy_copy__complex64_complex64
8547764783,8064,198534,35,1,1,128,1,1,16,0.000,0.000,,,,,NVIDIA A100-SXM4-40GB MIG 4g.20gb (0),1,,13,cupy_copy__complex64_complex64
8548129771,3616,198541,1,1,1,1,1,1,18,0.000,0.000,,,,,NVIDIA A100-SXM4-40GB MIG 4g.20gb (0),1,,13,cupy_copy__float32_float32
8548477351,255869,198552,1,1,1,32,32,1,30,0.000,0.000,,,,,NVIDIA A100-SXM4-40GB MIG 4g.20gb (0),1,,13,"void convert_kernel<__half2, float2>(tensor_layout_any, T1 *, tensor_layout_any, const T2 *)"
8548764740,5600,198555,,,,,,,,,,0.094,16731.388,Pinned,Device,NVIDIA A100-SXM4-40GB MIG 4g.20gb (0),1,,13,[CUDA memcpy Host-to-Device]
8549350525,7552,198556,,,,,,,,,,1.547,204796.217,Device,,NVIDIA A100-SXM4-40GB MIG 4g.20gb (0),1,,13,[CUDA memset]
8549364605,3040,198561,,,,,,,,,,0.031,10294.725,Pinned,Device,NVIDIA A100-SXM4-40GB MIG 4g.20gb (0),1,,13,[CUDA memcpy Host-to-Device]
8549370077,9888,198562,,,,,,,,,,0.197,19883.360,Pinned,Device,NVIDIA A100-SXM4-40GB MIG 4g.20gb (0),1,,13,[CUDA memcpy Host-to-Device]
8549718169,15744,198563,273,1,1,8,4,1,39,0.002,0.000,,,,,NVIDIA A100-SXM4-40GB MIG 4g.20gb (0),1,,13,"void channel_eq::eqMmseCoefCompLowMimoKernel<float, float, float, (unsigned int)4, (unsigned int)1, (unsigned int)4>(const channel_eq::_puschRxChEqStatDescr *, channel_eq::_puschRxChEqCoefCompDynDescr)"
8550368049,32032,198564,273,1,1,12,11,1,51,0.002,0.000,,,,,NVIDIA A100-SXM4-40GB MIG 4g.20gb (0),1,,13,"void channel_eq::eqMmseSoftDemapKernel<float, __half, __half, float, (unsigned int)4, (unsigned short)16383>(channel_eq::_puschRxChEqStatDescr *, channel_eq::_puschRxChEqSoftDemapDynDescr)"
8551087305,772887,198565,1,1,1,32,32,1,30,0.000,0.000,,,,,NVIDIA A100-SXM4-40GB MIG 4g.20gb (0),1,,13,"void convert_kernel<float2, __half2>(tensor_layout_any, T1 *, tensor_layout_any, const T2 *)"
8552527481,14272,198577,2253,1,1,128,1,1,16,0.000,0.000,,,,,NVIDIA A100-SXM4-40GB MIG 4g.20gb (0),1,,13,cupy_copy__float16_float16
8553294736,6240,198586,282,1,1,128,1,1,16,0.000,0.000,,,,,NVIDIA A100-SXM4-40GB MIG 4g.20gb (0),1,,13,cupy_copy__complex64_complex64
8553915017,8864,198595,26,1,1,128,1,1,16,0.000,0.000,,,,,NVIDIA A100-SXM4-40GB MIG 4g.20gb (0),1,,13,cupy_copy__float32_float32
8554356420,14688,198604,103,1,1,128,1,1,16,0.000,0.000,,,,,NVIDIA A100-SXM4-40GB MIG 4g.20gb (0),1,,13,cupy_copy__complex64_complex64
8554729216,18208,198614,1434,1,1,128,1,1,16,0.000,0.000,,,,,NVIDIA A100-SXM4-40GB MIG 4g.20gb (0),1,,13,cupy_copy__complex64_complex64
8555463863,262269,198619,1,1,1,32,32,1,30,0.000,0.000,,,,,NVIDIA A100-SXM4-40GB MIG 4g.20gb (0),1,,13,"void convert_kernel<__half2, float2>(tensor_layout_any, T1 *, tensor_layout_any, const T2 *)"
8555755476,5728,198622,,,,,,,,,,0.094,16357.541,Pinned,Device,NVIDIA A100-SXM4-40GB MIG 4g.20gb (0),1,,13,[CUDA memcpy Host-to-Device]
8556248782,748888,198623,,,,,,,,,,456.561,609509.522,Device,,NVIDIA A100-SXM4-40GB MIG 4g.20gb (0),1,,13,[CUDA memset]
8556999206,52127,198628,,,,,,,,,,1.235,23689.931,Pinned,Device,NVIDIA A100-SXM4-40GB MIG 4g.20gb (0),1,,13,[CUDA memcpy Host-to-Device]
8557053861,9440,198629,,,,,,,,,,0.197,20827.079,Pinned,Device,NVIDIA A100-SXM4-40GB MIG 4g.20gb (0),1,,13,[CUDA memcpy Host-to-Device]
8557709726,12096,198630,69,4,1,48,1,1,76,0.002,0.000,,,,,NVIDIA A100-SXM4-40GB MIG 4g.20gb (0),1,,13,"void ch_est::windowedChEstPreNoDftSOfdmKernel<float, __half, float, (unsigned int)2, (unsigned int)1, (unsigned short)4>(ch_est::puschRxChEstStatDescr_t *, ch_est::puschRxChEstDynDescr_t *)"
8558322999,13536,198631,137,2,1,24,2,1,44,0.001,0.001,,,,,NVIDIA A100-SXM4-40GB MIG 4g.20gb (0),1,,13,"void ch_est::chEstFilterNoDftSOfdmDispatchKernel<float, __half, float, (unsigned int)2>(ch_est::puschRxChEstStatDescr_t *, ch_est::puschRxChEstDynDescr_t *)"
8558851089,12672,198632,137,2,1,24,2,1,44,0.001,0.001,,,,,NVIDIA A100-SXM4-40GB MIG 4g.20gb (0),1,,13,"void ch_est::chEstFilterNoDftSOfdmDispatchKernel<float, __half, float, (unsigned int)2>(ch_est::puschRxChEstStatDescr_t *, ch_est::puschRxChEstDynDescr_t *)"
8559337003,6176,198643,103,1,1,128,1,1,16,0.000,0.000,,,,,NVIDIA A100-SXM4-40GB MIG 4g.20gb (0),1,,13,cupy_copy__complex64_complex64
8559845990,19295,198653,1434,1,1,128,1,1,16,0.000,0.000,,,,,NVIDIA A100-SXM4-40GB MIG 4g.20gb (0),1,,13,cupy_copy__complex64_complex64
8560376159,4448,198660,103,1,1,128,1,1,16,0.000,0.000,,,,,NVIDIA A100-SXM4-40GB MIG 4g.20gb (0),1,,13,cupy_copy__complex64_complex64
8560942073,249021,198667,1,1,1,32,32,1,30,0.000,0.000,,,,,NVIDIA A100-SXM4-40GB MIG 4g.20gb (0),1,,13,"void convert_kernel<__half2, float2>(tensor_layout_any, T1 *, tensor_layout_any, const T2 *)"
8561221206,6848,198670,,,,,,,,,,0.094,13682.239,Pinned,Device,NVIDIA A100-SXM4-40GB MIG 4g.20gb (0),1,,13,[CUDA memcpy Host-to-Device]
8561887342,58400,198671,,,,,,,,,,35.810,613173.260,Device,,NVIDIA A100-SXM4-40GB MIG 4g.20gb (0),1,,13,[CUDA memset]
8561948846,2880,198673,,,,,,,,,,0.000,27.778,Pinned,Device,NVIDIA A100-SXM4-40GB MIG 4g.20gb (0),1,,13,[CUDA memcpy Host-to-Device]
8561957549,10784,198674,,,,,,,,,,0.197,18231.263,Pinned,Device,NVIDIA A100-SXM4-40GB MIG 4g.20gb (0),1,,13,[CUDA memcpy Host-to-Device]
8562875075,28800,198675,273,1,1,48,1,1,40,0.000,0.001,,,,,NVIDIA A100-SXM4-40GB MIG 4g.20gb (0),1,,13,"void pusch_noise_intf_est::noiseIntfEstNoDftSOfdmKernel<float, __half, float, float, (unsigned int)2, (unsigned int)1, (unsigned char)4, (unsigned char)4>(pusch_noise_intf_est::puschRxNoiseIntfEstDynDescr)"
8563570235,4576,198686,35,1,1,128,1,1,16,0.000,0.000,,,,,NVIDIA A100-SXM4-40GB MIG 4g.20gb (0),1,,13,cupy_copy__complex64_complex64
8564537840,3296,198695,1,1,1,1,1,1,18,0.000,0.000,,,,,NVIDIA A100-SXM4-40GB MIG 4g.20gb (0),1,,13,cupy_copy__float32_float32
8564544208,3584,198701,,,,,,,,,,0.000,1.116,Device,Pageable,NVIDIA A100-SXM4-40GB MIG 4g.20gb (0),1,,7,[CUDA memcpy Device-to-Host]
8565464390,19071,198712,1434,1,1,128,1,1,16,0.000,0.000,,,,,NVIDIA A100-SXM4-40GB MIG 4g.20gb (0),1,,13,cupy_copy__complex64_complex64
8566421851,4928,198719,103,1,1,128,1,1,16,0.000,0.000,,,,,NVIDIA A100-SXM4-40GB MIG 4g.20gb (0),1,,13,cupy_copy__complex64_complex64
8567365712,8768,198726,35,1,1,128,1,1,16,0.000,0.000,,,,,NVIDIA A100-SXM4-40GB MIG 4g.20gb (0),1,,13,cupy_copy__complex64_complex64
8568312165,3648,198733,1,1,1,1,1,1,18,0.000,0.000,,,,,NVIDIA A100-SXM4-40GB MIG 4g.20gb (0),1,,13,cupy_copy__float32_float32
8569139740,294300,198744,1,1,1,32,32,1,30,0.000,0.000,,,,,NVIDIA A100-SXM4-40GB MIG 4g.20gb (0),1,,13,"void convert_kernel<__half2, float2>(tensor_layout_any, T1 *, tensor_layout_any, const T2 *)"
8569464376,6112,198747,,,,,,,,,,0.094,15329.790,Pinned,Device,NVIDIA A100-SXM4-40GB MIG 4g.20gb (0),1,,13,[CUDA memcpy Host-to-Device]
8570039346,5279,198748,,,,,,,,,,1.547,292975.438,Device,,NVIDIA A100-SXM4-40GB MIG 4g.20gb (0),1,,13,[CUDA memset]
8570047601,3872,198753,,,,,,,,,,0.031,8082.630,Pinned,Device,NVIDIA A100-SXM4-40GB MIG 4g.20gb (0),1,,13,[CUDA memcpy Host-to-Device]
8570054161,9824,198754,,,,,,,,,,0.197,20012.925,Pinned,Device,NVIDIA A100-SXM4-40GB MIG 4g.20gb (0),1,,13,[CUDA memcpy Host-to-Device]
8570553068,20511,198755,273,1,1,8,4,1,39,0.002,0.000,,,,,NVIDIA A100-SXM4-40GB MIG 4g.20gb (0),1,,13,"void channel_eq::eqMmseCoefCompLowMimoKernel<float, float, float, (unsigned int)4, (unsigned int)1, (unsigned int)4>(const channel_eq::_puschRxChEqStatDescr *, channel_eq::_puschRxChEqCoefCompDynDescr)"
8571059398,12800,198756,273,1,1,12,11,1,51,0.002,0.000,,,,,NVIDIA A100-SXM4-40GB MIG 4g.20gb (0),1,,13,"void channel_eq::eqMmseSoftDemapKernel<float, __half, __half, float, (unsigned int)4, (unsigned short)16383>(channel_eq::_puschRxChEqStatDescr *, channel_eq::_puschRxChEqSoftDemapDynDescr)"
8571541600,645593,198757,1,1,1,32,32,1,30,0.000,0.000,,,,,NVIDIA A100-SXM4-40GB MIG 4g.20gb (0),1,,13,"void convert_kernel<float2, __half2>(tensor_layout_any, T1 *, tensor_layout_any, const T2 *)"
8572537493,15840,198769,2253,1,1,128,1,1,16,0.000,0.000,,,,,NVIDIA A100-SXM4-40GB MIG 4g.20gb (0),1,,13,cupy_copy__float16_float16
8573229421,5792,198778,282,1,1,128,1,1,16,0.000,0.000,,,,,NVIDIA A100-SXM4-40GB MIG 4g.20gb (0),1,,13,cupy_copy__complex64_complex64
8573940037,3840,198787,26,1,1,128,1,1,16,0.000,0.000,,,,,NVIDIA A100-SXM4-40GB MIG 4g.20gb (0),1,,13,cupy_copy__float32_float32
8574641597,15008,198796,103,1,1,128,1,1,16,0.000,0.000,,,,,NVIDIA A100-SXM4-40GB MIG 4g.20gb (0),1,,13,cupy_copy__complex64_complex64
8575142359,19840,198806,1434,1,1,128,1,1,16,0.000,0.000,,,,,NVIDIA A100-SXM4-40GB MIG 4g.20gb (0),1,,13,cupy_copy__complex64_complex64
8575810640,286397,198811,1,1,1,32,32,1,30,0.000,0.000,,,,,NVIDIA A100-SXM4-40GB MIG 4g.20gb (0),1,,13,"void convert_kernel<__half2, float2>(tensor_layout_any, T1 *, tensor_layout_any, const T2 *)"
8576127660,7392,198814,,,,,,,,,,0.094,12675.289,Pinned,Device,NVIDIA A100-SXM4-40GB MIG 4g.20gb (0),1,,13,[CUDA memcpy Host-to-Device]
8576625639,607193,198815,,,,,,,,,,456.561,751500.130,Device,,NVIDIA A100-SXM4-40GB MIG 4g.20gb (0),1,,13,[CUDA memset]
8577240640,56863,198820,,,,,,,,,,1.235,21717.725,Pinned,Device,NVIDIA A100-SXM4-40GB MIG 4g.20gb (0),1,,13,[CUDA memcpy Host-to-Device]
8577300319,9856,198821,,,,,,,,,,0.197,19948.044,Pinned,Device,NVIDIA A100-SXM4-40GB MIG 4g.20gb (0),1,,13,[CUDA memcpy Host-to-Device]
8577972247,15328,198822,69,4,1,48,1,1,76,0.002,0.000,,,,,NVIDIA A100-SXM4-40GB MIG 4g.20gb (0),1,,13,"void ch_est::windowedChEstPreNoDftSOfdmKernel<float, __half, float, (unsigned int)2, (unsigned int)1, (unsigned short)4>(ch_est::puschRxChEstStatDescr_t *, ch_est::puschRxChEstDynDescr_t *)"
8578621168,9792,198823,137,2,1,24,2,1,44,0.001,0.001,,,,,NVIDIA A100-SXM4-40GB MIG 4g.20gb (0),1,,13,"void ch_est::chEstFilterNoDftSOfdmDispatchKernel<float, __half, float, (unsigned int)2>(ch_est::puschRxChEstStatDescr_t *, ch_est::puschRxChEstDynDescr_t *)"
8579362311,13248,198824,137,2,1,24,2,1,44,0.001,0.001,,,,,NVIDIA A100-SXM4-40GB MIG 4g.20gb (0),1,,13,"void ch_est::chEstFilterNoDftSOfdmDispatchKernel<float, __half, float, (unsigned int)2>(ch_est::puschRxChEstStatDescr_t *, ch_est::puschRxChEstDynDescr_t *)"
8580102591,4640,198835,103,1,1,128,1,1,16,0.000,0.000,,,,,NVIDIA A100-SXM4-40GB MIG 4g.20gb (0),1,,13,cupy_copy__complex64_complex64
8580845143,17311,198845,1434,1,1,128,1,1,16,0.000,0.000,,,,,NVIDIA A100-SXM4-40GB MIG 4g.20gb (0),1,,13,cupy_copy__complex64_complex64
8581501775,9184,198852,103,1,1,128,1,1,16,0.000,0.000,,,,,NVIDIA A100-SXM4-40GB MIG 4g.20gb (0),1,,13,cupy_copy__complex64_complex64
8581807148,249213,198859,1,1,1,32,32,1,30,0.000,0.000,,,,,NVIDIA A100-SXM4-40GB MIG 4g.20gb (0),1,,13,"void convert_kernel<__half2, float2>(tensor_layout_any, T1 *, tensor_layout_any, const T2 *)"
8582085416,5632,198862,,,,,,,,,,0.094,16636.287,Pinned,Device,NVIDIA A100-SXM4-40GB MIG 4g.20gb (0),1,,13,[CUDA memcpy Host-to-Device]
8582530819,57024,198863,,,,,,,,,,35.810,627962.757,Device,,NVIDIA A100-SXM4-40GB MIG 4g.20gb (0),1,,13,[CUDA memset]
8582588579,5344,198865,,,,,,,,,,0.000,14.970,Pinned,Device,NVIDIA A100-SXM4-40GB MIG 4g.20gb (0),1,,13,[CUDA memcpy Host-to-Device]
8582599779,9439,198866,,,,,,,,,,0.197,20829.241,Pinned,Device,NVIDIA A100-SXM4-40GB MIG 4g.20gb (0),1,,13,[CUDA memcpy Host-to-Device]
8583144700,27872,198867,273,1,1,48,1,1,40,0.000,0.001,,,,,NVIDIA A100-SXM4-40GB MIG 4g.20gb (0),1,,13,"void pusch_noise_intf_est::noiseIntfEstNoDftSOfdmKernel<float, __half, float, float, (unsigned int)2, (unsigned int)1, (unsigned char)4, (unsigned char)4>(pusch_noise_intf_est::puschRxNoiseIntfEstDynDescr)"
8583551736,5792,198878,35,1,1,128,1,1,16,0.000,0.000,,,,,NVIDIA A100-SXM4-40GB MIG 4g.20gb (0),1,,13,cupy_copy__complex64_complex64
8584380558,3648,198887,1,1,1,1,1,1,18,0.000,0.000,,,,,NVIDIA A100-SXM4-40GB MIG 4g.20gb (0),1,,13,cupy_copy__float32_float32
8584385742,4352,198893,,,,,,,,,,0.000,0.919,Device,Pageable,NVIDIA A100-SXM4-40GB MIG 4g.20gb (0),1,,7,[CUDA memcpy Device-to-Host]
8585159717,18176,198904,1434,1,1,128,1,1,16,0.000,0.000,,,,,NVIDIA A100-SXM4-40GB MIG 4g.20gb (0),1,,13,cupy_copy__complex64_complex64
8585848382,4064,198911,103,1,1,128,1,1,16,0.000,0.000,,,,,NVIDIA A100-SXM4-40GB MIG 4g.20gb (0),1,,13,cupy_copy__complex64_complex64
8586531574,6016,198918,35,1,1,128,1,1,16,0.000,0.000,,,,,NVIDIA A100-SXM4-40GB MIG 4g.20gb (0),1,,13,cupy_copy__complex64_complex64
8587266189,3552,198925,1,1,1,1,1,1,18,0.000,0.000,,,,,NVIDIA A100-SXM4-40GB MIG 4g.20gb (0),1,,13,cupy_copy__float32_float32
8587808423,252381,198936,1,1,1,32,32,1,30,0.000,0.000,,,,,NVIDIA A100-SXM4-40GB MIG 4g.20gb (0),1,,13,"void convert_kernel<__half2, float2>(tensor_layout_any, T1 *, tensor_layout_any, const T2 *)"
8588093380,11136,198939,,,,,,,,,,0.094,8413.713,Pinned,Device,NVIDIA A100-SXM4-40GB MIG 4g.20gb (0),1,,13,[CUDA memcpy Host-to-Device]
8588862203,4896,198940,,,,,,,,,,1.547,315894.859,Device,,NVIDIA A100-SXM4-40GB MIG 4g.20gb (0),1,,13,[CUDA memset]
8588871643,6400,198945,,,,,,,,,,0.031,4890.000,Pinned,Device,NVIDIA A100-SXM4-40GB MIG 4g.20gb (0),1,,13,[CUDA memcpy Host-to-Device]
8588882235,13632,198946,,,,,,,,,,0.197,14422.376,Pinned,Device,NVIDIA A100-SXM4-40GB MIG 4g.20gb (0),1,,13,[CUDA memcpy Host-to-Device]
8589645746,13024,198947,273,1,1,8,4,1,39,0.002,0.000,,,,,NVIDIA A100-SXM4-40GB MIG 4g.20gb (0),1,,13,"void channel_eq::eqMmseCoefCompLowMimoKernel<float, float, float, (unsigned int)4, (unsigned int)1, (unsigned int)4>(const channel_eq::_puschRxChEqStatDescr *, channel_eq::_puschRxChEqCoefCompDynDescr)"
8590430025,16224,198948,273,1,1,12,11,1,51,0.002,0.000,,,,,NVIDIA A100-SXM4-40GB MIG 4g.20gb (0),1,,13,"void channel_eq::eqMmseSoftDemapKernel<float, __half, __half, float, (unsigned int)4, (unsigned short)16383>(channel_eq::_puschRxChEqStatDescr *, channel_eq::_puschRxChEqSoftDemapDynDescr)"
8591220704,733368,198949,1,1,1,32,32,1,30,0.000,0.000,,,,,NVIDIA A100-SXM4-40GB MIG 4g.20gb (0),1,,13,"void convert_kernel<float2, __half2>(tensor_layout_any, T1 *, tensor_layout_any, const T2 *)"
8592240629,13024,198961,2253,1,1,128,1,1,16,0.000,0.000,,,,,NVIDIA A100-SXM4-40GB MIG 4g.20gb (0),1,,13,cupy_copy__float16_float16
8592726575,10816,198970,282,1,1,128,1,1,16,0.000,0.000,,,,,NVIDIA A100-SXM4-40GB MIG 4g.20gb (0),1,,13,cupy_copy__complex64_complex64
8593037772,5920,198979,26,1,1,128,1,1,16,0.000,0.000,,,,,NVIDIA A100-SXM4-40GB MIG 4g.20gb (0),1,,13,cupy_copy__float32_float32
8593507686,13472,198988,103,1,1,128,1,1,16,0.000,0.000,,,,,NVIDIA A100-SXM4-40GB MIG 4g.20gb (0),1,,13,cupy_copy__complex64_complex64
8593809315,16032,198998,1434,1,1,128,1,1,16,0.000,0.000,,,,,NVIDIA A100-SXM4-40GB MIG 4g.20gb (0),1,,13,cupy_copy__complex64_complex64
8594318269,241309,199003,1,1,1,32,32,1,30,0.000,0.000,,,,,NVIDIA A100-SXM4-40GB MIG 4g.20gb (0),1,,13,"void convert_kernel<__half2, float2>(tensor_layout_any, T1 *, tensor_layout_any, const T2 *)"
8594589018,5440,199006,,,,,,,,,,0.094,17223.480,Pinned,Device,NVIDIA A100-SXM4-40GB MIG 4g.20gb (0),1,,13,[CUDA memcpy Host-to-Device]
8594955446,613593,199007,,,,,,,,,,456.561,743738.586,Device,,NVIDIA A100-SXM4-40GB MIG 4g.20gb (0),1,,13,[CUDA memset]
8595573807,54687,199012,,,,,,,,,,1.235,22580.951,Pinned,Device,NVIDIA A100-SXM4-40GB MIG 4g.20gb (0),1,,13,[CUDA memcpy Host-to-Device]
8595630958,9728,199013,,,,,,,,,,0.197,20210.516,Pinned,Device,NVIDIA A100-SXM4-40GB MIG 4g.20gb (0),1,,13,[CUDA memcpy Host-to-Device]
8596223880,12639,199014,69,4,1,48,1,1,76,0.002,0.000,,,,,NVIDIA A100-SXM4-40GB MIG 4g.20gb (0),1,,13,"void ch_est::windowedChEstPreNoDftSOfdmKernel<float, __half, float, (unsigned int)2, (unsigned int)1, (unsigned short)4>(ch_est::puschRxChEstStatDescr_t *, ch_est::puschRxChEstDynDescr_t *)"
8596874016,10112,199015,137,2,1,24,2,1,44,0.001,0.001,,,,,NVIDIA A100-SXM4-40GB MIG 4g.20gb (0),1,,13,"void ch_est::chEstFilterNoDftSOfdmDispatchKernel<float, __half, float, (unsigned int)2>(ch_est::puschRxChEstStatDescr_t *, ch_est::puschRxChEstDynDescr_t *)"
8597441818,12896,199016,137,2,1,24,2,1,44,0.001,0.001,,,,,NVIDIA A100-SXM4-40GB MIG 4g.20gb (0),1,,13,"void ch_est::chEstFilterNoDftSOfdmDispatchKernel<float, __half, float, (unsigned int)2>(ch_est::puschRxChEstStatDescr_t *, ch_est::puschRxChEstDynDescr_t *)"
8598004243,9984,199027,103,1,1,128,1,1,16,0.000,0.000,,,,,NVIDIA A100-SXM4-40GB MIG 4g.20gb (0),1,,13,cupy_copy__complex64_complex64
8598400559,17024,199037,1434,1,1,128,1,1,16,0.000,0.000,,,,,NVIDIA A100-SXM4-40GB MIG 4g.20gb (0),1,,13,cupy_copy__complex64_complex64
8599001128,8704,199044,103,1,1,128,1,1,16,0.000,0.000,,,,,NVIDIA A100-SXM4-40GB MIG 4g.20gb (0),1,,13,cupy_copy__complex64_complex64
8599402467,243038,199051,1,1,1,32,32,1,30,0.000,0.000,,,,,NVIDIA A100-SXM4-40GB MIG 4g.20gb (0),1,,13,"void convert_kernel<__half2, float2>(tensor_layout_any, T1 *, tensor_layout_any, const T2 *)"
8599674656,5728,199054,,,,,,,,,,0.094,16357.541,Pinned,Device,NVIDIA A100-SXM4-40GB MIG 4g.20gb (0),1,,13,[CUDA memcpy Host-to-Device]
8600307353,56479,199055,,,,,,,,,,35.810,634014.634,Device,,NVIDIA A100-SXM4-40GB MIG 4g.20gb (0),1,,13,[CUDA memset]
8600365880,2016,199057,,,,,,,,,,0.000,39.682,Pinned,Device,NVIDIA A100-SXM4-40GB MIG 4g.20gb (0),1,,13,[CUDA memcpy Host-to-Device]
8600370744,9728,199058,,,,,,,,,,0.197,20210.516,Pinned,Device,NVIDIA A100-SXM4-40GB MIG 4g.20gb (0),1,,13,[CUDA memcpy Host-to-Device]
8600997137,15680,199059,273,1,1,48,1,1,40,0.000,0.001,,,,,NVIDIA A100-SXM4-40GB MIG 4g.20gb (0),1,,13,"void pusch_noise_intf_est::noiseIntfEstNoDftSOfdmKernel<float, __half, float, float, (unsigned int)2, (unsigned int)1, (unsigned char)4, (unsigned char)4>(pusch_noise_intf_est::puschRxNoiseIntfEstDynDescr)"
8601633066,5472,199070,35,1,1,128,1,1,16,0.000,0.000,,,,,NVIDIA A100-SXM4-40GB MIG 4g.20gb (0),1,,13,cupy_copy__complex64_complex64
8602217251,3360,199079,1,1,1,1,1,1,18,0.000,0.000,,,,,NVIDIA A100-SXM4-40GB MIG 4g.20gb (0),1,,13,cupy_copy__float32_float32
8602221891,1600,199085,,,,,,,,,,0.000,2.500,Device,Pageable,NVIDIA A100-SXM4-40GB MIG 4g.20gb (0),1,,7,[CUDA memcpy Device-to-Host]
8602806429,17151,199096,1434,1,1,128,1,1,16,0.000,0.000,,,,,NVIDIA A100-SXM4-40GB MIG 4g.20gb (0),1,,13,cupy_copy__complex64_complex64
8603304503,8864,199103,103,1,1,128,1,1,16,0.000,0.000,,,,,NVIDIA A100-SXM4-40GB MIG 4g.20gb (0),1,,13,cupy_copy__complex64_complex64
8603607988,5471,199110,35,1,1,128,1,1,16,0.000,0.000,,,,,NVIDIA A100-SXM4-40GB MIG 4g.20gb (0),1,,13,cupy_copy__complex64_complex64
8604080590,3744,199117,1,1,1,1,1,1,18,0.000,0.000,,,,,NVIDIA A100-SXM4-40GB MIG 4g.20gb (0),1,,13,cupy_copy__float32_float32
8604359755,248253,199128,1,1,1,32,32,1,30,0.000,0.000,,,,,NVIDIA A100-SXM4-40GB MIG 4g.20gb (0),1,,13,"void convert_kernel<__half2, float2>(tensor_layout_any, T1 *, tensor_layout_any, const T2 *)"
8604637960,5536,199131,,,,,,,,,,0.094,16924.777,Pinned,Device,NVIDIA A100-SXM4-40GB MIG 4g.20gb (0),1,,13,[CUDA memcpy Host-to-Device]
8605138370,4672,199132,,,,,,,,,,1.547,331040.948,Device,,NVIDIA A100-SXM4-40GB MIG 4g.20gb (0),1,,13,[CUDA memset]
8605149506,3072,199137,,,,,,,,,,0.031,10187.474,Pinned,Device,NVIDIA A100-SXM4-40GB MIG 4g.20gb (0),1,,13,[CUDA memcpy Host-to-Device]
8605155042,9760,199138,,,,,,,,,,0.197,20144.259,Pinned,Device,NVIDIA A100-SXM4-40GB MIG 4g.20gb (0),1,,13,[CUDA memcpy Host-to-Device]
8605745467,11616,199139,273,1,1,8,4,1,39,0.002,0.000,,,,,NVIDIA A100-SXM4-40GB MIG 4g.20gb (0),1,,13,"void channel_eq::eqMmseCoefCompLowMimoKernel<float, float, float, (unsigned int)4, (unsigned int)1, (unsigned int)4>(const channel_eq::_puschRxChEqStatDescr *, channel_eq::_puschRxChEqCoefCompDynDescr)"
8606392148,11936,199140,273,1,1,12,11,1,51,0.002,0.000,,,,,NVIDIA A100-SXM4-40GB MIG 4g.20gb (0),1,,13,"void channel_eq::eqMmseSoftDemapKernel<float, __half, __half, float, (unsigned int)4, (unsigned short)16383>(channel_eq::_puschRxChEqStatDescr *, channel_eq::_puschRxChEqSoftDemapDynDescr)"
8607058060,567994,199141,1,1,1,32,32,1,30,0.000,0.000,,,,,NVIDIA A100-SXM4-40GB MIG 4g.20gb (0),1,,13,"void convert_kernel<float2, __half2>(tensor_layout_any, T1 *, tensor_layout_any, const T2 *)"
8608122528,19808,199153,2253,1,1,128,1,1,16,0.000,0.000,,,,,NVIDIA A100-SXM4-40GB MIG 4g.20gb (0),1,,13,cupy_copy__float16_float16
8608629274,12992,199162,282,1,1,128,1,1,16,0.000,0.000,,,,,NVIDIA A100-SXM4-40GB MIG 4g.20gb (0),1,,13,cupy_copy__complex64_complex64
8609283187,5856,199171,26,1,1,128,1,1,16,0.000,0.000,,,,,NVIDIA A100-SXM4-40GB MIG 4g.20gb (0),1,,13,cupy_copy__float32_float32
8609925868,6144,199180,103,1,1,128,1,1,16,0.000,0.000,,,,,NVIDIA A100-SXM4-40GB MIG 4g.20gb (0),1,,13,cupy_copy__complex64_complex64
8610619780,16544,199190,1434,1,1,128,1,1,16,0.000,0.000,,,,,NVIDIA A100-SXM4-40GB MIG 4g.20gb (0),1,,13,cupy_copy__complex64_complex64
8611306556,305468,199195,1,1,1,32,32,1,30,0.000,0.000,,,,,NVIDIA A100-SXM4-40GB MIG 4g.20gb (0),1,,13,"void convert_kernel<__half2, float2>(tensor_layout_any, T1 *, tensor_layout_any, const T2 *)"
8611641656,5472,199198,,,,,,,,,,0.094,17122.757,Pinned,Device,NVIDIA A100-SXM4-40GB MIG 4g.20gb (0),1,,13,[CUDA memcpy Host-to-Device]
8612271185,634521,199199,,,,,,,,,,456.561,719084.268,Device,,NVIDIA A100-SXM4-40GB MIG 4g.20gb (0),1,,13,[CUDA memset]
8612909834,53535,199204,,,,,,,,,,1.235,23067.519,Pinned,Device,NVIDIA A100-SXM4-40GB MIG 4g.20gb (0),1,,13,[CUDA memcpy Host-to-Device]
8612965801,9504,199205,,,,,,,,,,0.197,20686.701,Pinned,Device,NVIDIA A100-SXM4-40GB MIG 4g.20gb (0),1,,13,[CUDA memcpy Host-to-Device]
8613528451,19295,199206,69,4,1,48,1,1,76,0.002,0.000,,,,,NVIDIA A100-SXM4-40GB MIG 4g.20gb (0),1,,13,"void ch_est::windowedChEstPreNoDftSOfdmKernel<float, __half, float, (unsigned int)2, (unsigned int)1, (unsigned short)4>(ch_est::puschRxChEstStatDescr_t *, ch_est::puschRxChEstDynDescr_t *)"
8614171515,16864,199207,137,2,1,24,2,1,44,0.001,0.001,,,,,NVIDIA A100-SXM4-40GB MIG 4g.20gb (0),1,,13,"void ch_est::chEstFilterNoDftSOfdmDispatchKernel<float, __half, float, (unsigned int)2>(ch_est::puschRxChEstStatDescr_t *, ch_est::puschRxChEstDynDescr_t *)"
8614742261,10272,199208,137,2,1,24,2,1,44,0.001,0.001,,,,,NVIDIA A100-SXM4-40GB MIG 4g.20gb (0),1,,13,"void ch_est::chEstFilterNoDftSOfdmDispatchKernel<float, __half, float, (unsigned int)2>(ch_est::puschRxChEstStatDescr_t *, ch_est::puschRxChEstDynDescr_t *)"
8615381614,4896,199219,103,1,1,128,1,1,16,0.000,0.000,,,,,NVIDIA A100-SXM4-40GB MIG 4g.20gb (0),1,,13,cupy_copy__complex64_complex64
8616025766,17216,199229,1434,1,1,128,1,1,16,0.000,0.000,,,,,NVIDIA A100-SXM4-40GB MIG 4g.20gb (0),1,,13,cupy_copy__complex64_complex64
8616689855,4896,199236,103,1,1,128,1,1,16,0.000,0.000,,,,,NVIDIA A100-SXM4-40GB MIG 4g.20gb (0),1,,13,cupy_copy__complex64_complex64
8617299896,240125,199243,1,1,1,32,32,1,30,0.000,0.000,,,,,NVIDIA A100-SXM4-40GB MIG 4g.20gb (0),1,,13,"void convert_kernel<__half2, float2>(tensor_layout_any, T1 *, tensor_layout_any, const T2 *)"
8617569013,5568,199246,,,,,,,,,,0.094,16827.521,Pinned,Device,NVIDIA A100-SXM4-40GB MIG 4g.20gb (0),1,,13,[CUDA memcpy Host-to-Device]
8618132654,52640,199247,,,,,,,,,,35.810,680245.240,Device,,NVIDIA A100-SXM4-40GB MIG 4g.20gb (0),1,,13,[CUDA memset]
8618190958,3104,199249,,,,,,,,,,0.000,25.773,Pinned,Device,NVIDIA A100-SXM4-40GB MIG 4g.20gb (0),1,,13,[CUDA memcpy Host-to-Device]
8618197102,9695,199250,,,,,,,,,,0.197,20279.132,Pinned,Device,NVIDIA A100-SXM4-40GB MIG 4g.20gb (0),1,,13,[CUDA memcpy Host-to-Device]
8618903429,16128,199251,273,1,1,48,1,1,40,0.000,0.001,,,,,NVIDIA A100-SXM4-40GB MIG 4g.20gb (0),1,,13,"void pusch_noise_intf_est::noiseIntfEstNoDftSOfdmKernel<float, __half, float, float, (unsigned int)2, (unsigned int)1, (unsigned char)4, (unsigned char)4>(pusch_noise_intf_est::puschRxNoiseIntfEstDynDescr)"
8619633981,5248,199262,35,1,1,128,1,1,16,0.000,0.000,,,,,NVIDIA A100-SXM4-40GB MIG 4g.20gb (0),1,,13,cupy_copy__complex64_complex64
8620440628,3424,199271,1,1,1,1,1,1,18,0.000,0.000,,,,,NVIDIA A100-SXM4-40GB MIG 4g.20gb (0),1,,13,cupy_copy__float32_float32
8620448852,1760,199277,,,,,,,,,,0.000,2.273,Device,Pageable,NVIDIA A100-SXM4-40GB MIG 4g.20gb (0),1,,7,[CUDA memcpy Device-to-Host]
8621308842,16640,199288,1434,1,1,128,1,1,16,0.000,0.000,,,,,NVIDIA A100-SXM4-40GB MIG 4g.20gb (0),1,,13,cupy_copy__complex64_complex64
8622158464,4512,199295,103,1,1,128,1,1,16,0.000,0.000,,,,,NVIDIA A100-SXM4-40GB MIG 4g.20gb (0),1,,13,cupy_copy__complex64_complex64
8622959159,5760,199302,35,1,1,128,1,1,16,0.000,0.000,,,,,NVIDIA A100-SXM4-40GB MIG 4g.20gb (0),1,,13,cupy_copy__complex64_complex64
8623748302,3232,199309,1,1,1,1,1,1,18,0.000,0.000,,,,,NVIDIA A100-SXM4-40GB MIG 4g.20gb (0),1,,13,cupy_copy__float32_float32
8624237513,243933,199320,1,1,1,32,32,1,30,0.000,0.000,,,,,NVIDIA A100-SXM4-40GB MIG 4g.20gb (0),1,,13,"void convert_kernel<__half2, float2>(tensor_layout_any, T1 *, tensor_layout_any, const T2 *)"
8624511398,5664,199323,,,,,,,,,,0.094,16542.310,Pinned,Device,NVIDIA A100-SXM4-40GB MIG 4g.20gb (0),1,,13,[CUDA memcpy Host-to-Device]
8625237405,4992,199324,,,,,,,,,,1.547,309819.720,Device,,NVIDIA A100-SXM4-40GB MIG 4g.20gb (0),1,,13,[CUDA memset]
8625250333,3040,199329,,,,,,,,,,0.031,10294.725,Pinned,Device,NVIDIA A100-SXM4-40GB MIG 4g.20gb (0),1,,13,[CUDA memcpy Host-to-Device]
8625256061,9792,199330,,,,,,,,,,0.197,20078.395,Pinned,Device,NVIDIA A100-SXM4-40GB MIG 4g.20gb (0),1,,13,[CUDA memcpy Host-to-Device]
8625968277,12992,199331,273,1,1,8,4,1,39,0.002,0.000,,,,,NVIDIA A100-SXM4-40GB MIG 4g.20gb (0),1,,13,"void channel_eq::eqMmseCoefCompLowMimoKernel<float, float, float, (unsigned int)4, (unsigned int)1, (unsigned int)4>(const channel_eq::_puschRxChEqStatDescr *, channel_eq::_puschRxChEqCoefCompDynDescr)"
8626757420,12672,199332,273,1,1,12,11,1,51,0.002,0.000,,,,,NVIDIA A100-SXM4-40GB MIG 4g.20gb (0),1,,13,"void channel_eq::eqMmseSoftDemapKernel<float, __half, __half, float, (unsigned int)4, (unsigned short)16383>(channel_eq::_puschRxChEqStatDescr *, channel_eq::_puschRxChEqSoftDemapDynDescr)"
8627406629,700312,199333,1,1,1,32,32,1,30,0.000,0.000,,,,,NVIDIA A100-SXM4-40GB MIG 4g.20gb (0),1,,13,"void convert_kernel<float2, __half2>(tensor_layout_any, T1 *, tensor_layout_any, const T2 *)"
8628707958,14976,199345,2253,1,1,128,1,1,16,0.000,0.000,,,,,NVIDIA A100-SXM4-40GB MIG 4g.20gb (0),1,,13,cupy_copy__float16_float16
8629369646,7808,199354,282,1,1,128,1,1,16,0.000,0.000,,,,,NVIDIA A100-SXM4-40GB MIG 4g.20gb (0),1,,13,cupy_copy__complex64_complex64
8630039815,3712,199363,26,1,1,128,1,1,16,0.000,0.000,,,,,NVIDIA A100-SXM4-40GB MIG 4g.20gb (0),1,,13,cupy_copy__float32_float32
8630823806,11936,199372,103,1,1,128,1,1,16,0.000,0.000,,,,,NVIDIA A100-SXM4-40GB MIG 4g.20gb (0),1,,13,cupy_copy__complex64_complex64
8631424343,17344,199382,1434,1,1,128,1,1,16,0.000,0.000,,,,,NVIDIA A100-SXM4-40GB MIG 4g.20gb (0),1,,13,cupy_copy__complex64_complex64
8632186318,276925,199387,1,1,1,32,32,1,30,0.000,0.000,,,,,NVIDIA A100-SXM4-40GB MIG 4g.20gb (0),1,,13,"void convert_kernel<__half2, float2>(tensor_layout_any, T1 *, tensor_layout_any, const T2 *)"
8632494187,6112,199390,,,,,,,,,,0.094,15329.790,Pinned,Device,NVIDIA A100-SXM4-40GB MIG 4g.20gb (0),1,,13,[CUDA memcpy Host-to-Device]
8633095780,614745,199391,,,,,,,,,,456.561,742368.901,Device,,NVIDIA A100-SXM4-40GB MIG 4g.20gb (0),1,,13,[CUDA memset]
8633717693,51679,199396,,,,,,,,,,1.235,23896.166,Pinned,Device,NVIDIA A100-SXM4-40GB MIG 4g.20gb (0),1,,13,[CUDA memcpy Host-to-Device]
8633771804,9536,199397,,,,,,,,,,0.197,20617.298,Pinned,Device,NVIDIA A100-SXM4-40GB MIG 4g.20gb (0),1,,13,[CUDA memcpy Host-to-Device]
8634546355,14784,199398,69,4,1,48,1,1,76,0.002,0.000,,,,,NVIDIA A100-SXM4-40GB MIG 4g.20gb (0),1,,13,"void ch_est::windowedChEstPreNoDftSOfdmKernel<float, __half, float, (unsigned int)2, (unsigned int)1, (unsigned short)4>(ch_est::puschRxChEstStatDescr_t *, ch_est::puschRxChEstDynDescr_t *)"
8635299979,25184,199399,137,2,1,24,2,1,44,0.001,0.001,,,,,NVIDIA A100-SXM4-40GB MIG 4g.20gb (0),1,,13,"void ch_est::chEstFilterNoDftSOfdmDispatchKernel<float, __half, float, (unsigned int)2>(ch_est::puschRxChEstStatDescr_t *, ch_est::puschRxChEstDynDescr_t *)"
8635797765,11296,199400,137,2,1,24,2,1,44,0.001,0.001,,,,,NVIDIA A100-SXM4-40GB MIG 4g.20gb (0),1,,13,"void ch_est::chEstFilterNoDftSOfdmDispatchKernel<float, __half, float, (unsigned int)2>(ch_est::puschRxChEstStatDescr_t *, ch_est::puschRxChEstDynDescr_t *)"
8636538941,4256,199411,103,1,1,128,1,1,16,0.000,0.000,,,,,NVIDIA A100-SXM4-40GB MIG 4g.20gb (0),1,,13,cupy_copy__complex64_complex64
8637286836,16480,199421,1434,1,1,128,1,1,16,0.000,0.000,,,,,NVIDIA A100-SXM4-40GB MIG 4g.20gb (0),1,,13,cupy_copy__complex64_complex64
8638048780,8256,199428,103,1,1,128,1,1,16,0.000,0.000,,,,,NVIDIA A100-SXM4-40GB MIG 4g.20gb (0),1,,13,cupy_copy__complex64_complex64
8638648453,275709,199435,1,1,1,32,32,1,30,0.000,0.000,,,,,NVIDIA A100-SXM4-40GB MIG 4g.20gb (0),1,,13,"void convert_kernel<__half2, float2>(tensor_layout_any, T1 *, tensor_layout_any, const T2 *)"
8638953377,5600,199438,,,,,,,,,,0.094,16731.388,Pinned,Device,NVIDIA A100-SXM4-40GB MIG 4g.20gb (0),1,,13,[CUDA memcpy Host-to-Device]
8639364637,53247,199439,,,,,,,,,,35.810,672510.298,Device,,NVIDIA A100-SXM4-40GB MIG 4g.20gb (0),1,,13,[CUDA memset]
8639424092,1856,199441,,,,,,,,,,0.000,43.103,Pinned,Device,NVIDIA A100-SXM4-40GB MIG 4g.20gb (0),1,,13,[CUDA memcpy Host-to-Device]
8639428380,9472,199442,,,,,,,,,,0.197,20756.693,Pinned,Device,NVIDIA A100-SXM4-40GB MIG 4g.20gb (0),1,,13,[CUDA memcpy Host-to-Device]
8639968406,13344,199443,273,1,1,48,1,1,40,0.000,0.001,,,,,NVIDIA A100-SXM4-40GB MIG 4g.20gb (0),1,,13,"void pusch_noise_intf_est::noiseIntfEstNoDftSOfdmKernel<float, __half, float, float, (unsigned int)2, (unsigned int)1, (unsigned char)4, (unsigned char)4>(pusch_noise_intf_est::puschRxNoiseIntfEstDynDescr)"
8640616910,5120,199454,35,1,1,128,1,1,16,0.000,0.000,,,,,NVIDIA A100-SXM4-40GB MIG 4g.20gb (0),1,,13,cupy_copy__complex64_complex64
8641216712,3488,199463,1,1,1,1,1,1,18,0.000,0.000,,,,,NVIDIA A100-SXM4-40GB MIG 4g.20gb (0),1,,13,cupy_copy__float32_float32
8641224551,1600,199469,,,,,,,,,,0.000,2.500,Device,Pageable,NVIDIA A100-SXM4-40GB MIG 4g.20gb (0),1,,7,[CUDA memcpy Device-to-Host]
8641939839,16864,199480,1434,1,1,128,1,1,16,0.000,0.000,,,,,NVIDIA A100-SXM4-40GB MIG 4g.20gb (0),1,,13,cupy_copy__complex64_complex64
8642689175,4192,199487,103,1,1,128,1,1,16,0.000,0.000,,,,,NVIDIA A100-SXM4-40GB MIG 4g.20gb (0),1,,13,cupy_copy__complex64_complex64
8643394383,6848,199494,35,1,1,128,1,1,16,0.000,0.000,,,,,NVIDIA A100-SXM4-40GB MIG 4g.20gb (0),1,,13,cupy_copy__complex64_complex64
8644082119,3424,199501,1,1,1,1,1,1,18,0.000,0.000,,,,,NVIDIA A100-SXM4-40GB MIG 4g.20gb (0),1,,13,cupy_copy__float32_float32
8644588545,249789,199512,1,1,1,32,32,1,30,0.000,0.000,,,,,NVIDIA A100-SXM4-40GB MIG 4g.20gb (0),1,,13,"void convert_kernel<__half2, float2>(tensor_layout_any, T1 *, tensor_layout_any, const T2 *)"
8644868478,5472,199515,,,,,,,,,,0.094,17122.757,Pinned,Device,NVIDIA A100-SXM4-40GB MIG 4g.20gb (0),1,,13,[CUDA memcpy Host-to-Device]
8645600534,4960,199516,,,,,,,,,,1.547,311817.958,Device,,NVIDIA A100-SXM4-40GB MIG 4g.20gb (0),1,,13,[CUDA memset]
8645609878,3200,199521,,,,,,,,,,0.031,9780.000,Pinned,Device,NVIDIA A100-SXM4-40GB MIG 4g.20gb (0),1,,13,[CUDA memcpy Host-to-Device]
8645615574,10079,199522,,,,,,,,,,0.197,19506.659,Pinned,Device,NVIDIA A100-SXM4-40GB MIG 4g.20gb (0),1,,13,[CUDA memcpy Host-to-Device]
8646254382,13440,199523,273,1,1,8,4,1,39,0.002,0.000,,,,,NVIDIA A100-SXM4-40GB MIG 4g.20gb (0),1,,13,"void channel_eq::eqMmseCoefCompLowMimoKernel<float, float, float, (unsigned int)4, (unsigned int)1, (unsigned int)4>(const channel_eq::_puschRxChEqStatDescr *, channel_eq::_puschRxChEqCoefCompDynDescr)"
8646902855,13440,199524,273,1,1,12,11,1,51,0.002,0.000,,,,,NVIDIA A100-SXM4-40GB MIG 4g.20gb (0),1,,13,"void channel_eq::eqMmseSoftDemapKernel<float, __half, __half, float, (unsigned int)4, (unsigned short)16383>(channel_eq::_puschRxChEqStatDescr *, channel_eq::_puschRxChEqSoftDemapDynDescr)"
8647557087,740536,199525,1,1,1,32,32,1,30,0.000,0.000,,,,,NVIDIA A100-SXM4-40GB MIG 4g.20gb (0),1,,13,"void convert_kernel<float2, __half2>(tensor_layout_any, T1 *, tensor_layout_any, const T2 *)"
8649008687,26496,199537,2253,1,1,128,1,1,16,0.000,0.000,,,,,NVIDIA A100-SXM4-40GB MIG 4g.20gb (0),1,,13,cupy_copy__float16_float16
8649657384,12959,199546,282,1,1,128,1,1,16,0.000,0.000,,,,,NVIDIA A100-SXM4-40GB MIG 4g.20gb (0),1,,13,cupy_copy__complex64_complex64
8650230497,3968,199555,26,1,1,128,1,1,16,0.000,0.000,,,,,NVIDIA A100-SXM4-40GB MIG 4g.20gb (0),1,,13,cupy_copy__float32_float32
8650828602,8992,199564,103,1,1,128,1,1,16,0.000,0.000,,,,,NVIDIA A100-SXM4-40GB MIG 4g.20gb (0),1,,13,cupy_copy__complex64_complex64
8651414100,20799,199574,1434,1,1,128,1,1,16,0.000,0.000,,,,,NVIDIA A100-SXM4-40GB MIG 4g.20gb (0),1,,13,cupy_copy__complex64_complex64
8651879150,254749,199579,1,1,1,32,32,1,30,0.000,0.000,,,,,NVIDIA A100-SXM4-40GB MIG 4g.20gb (0),1,,13,"void convert_kernel<__half2, float2>(tensor_layout_any, T1 *, tensor_layout_any, const T2 *)"
8652163307,5408,199582,,,,,,,,,,0.094,17325.421,Pinned,Device,NVIDIA A100-SXM4-40GB MIG 4g.20gb (0),1,,13,[CUDA memcpy Host-to-Device]
8652892035,616089,199583,,,,,,,,,,456.561,740999.217,Device,,NVIDIA A100-SXM4-40GB MIG 4g.20gb (0),1,,13,[CUDA memset]
8653510748,52575,199588,,,,,,,,,,1.235,23488.635,Pinned,Device,NVIDIA A100-SXM4-40GB MIG 4g.20gb (0),1,,13,[CUDA memcpy Host-to-Device]
8653567035,13088,199589,,,,,,,,,,0.197,15021.834,Pinned,Device,NVIDIA A100-SXM4-40GB MIG 4g.20gb (0),1,,13,[CUDA memcpy Host-to-Device]
8654285811,11008,199590,69,4,1,48,1,1,76,0.002,0.000,,,,,NVIDIA A100-SXM4-40GB MIG 4g.20gb (0),1,,13,"void ch_est::windowedChEstPreNoDftSOfdmKernel<float, __half, float, (unsigned int)2, (unsigned int)1, (unsigned short)4>(ch_est::puschRxChEstStatDescr_t *, ch_est::puschRxChEstDynDescr_t *)"
8654931948,10143,199591,137,2,1,24,2,1,44,0.001,0.001,,,,,NVIDIA A100-SXM4-40GB MIG 4g.20gb (0),1,,13,"void ch_est::chEstFilterNoDftSOfdmDispatchKernel<float, __half, float, (unsigned int)2>(ch_est::puschRxChEstStatDescr_t *, ch_est::puschRxChEstDynDescr_t *)"
8655534373,11456,199592,137,2,1,24,2,1,44,0.001,0.001,,,,,NVIDIA A100-SXM4-40GB MIG 4g.20gb (0),1,,13,"void ch_est::chEstFilterNoDftSOfdmDispatchKernel<float, __half, float, (unsigned int)2>(ch_est::puschRxChEstStatDescr_t *, ch_est::puschRxChEstDynDescr_t *)"
8656128414,8896,199603,103,1,1,128,1,1,16,0.000,0.000,,,,,NVIDIA A100-SXM4-40GB MIG 4g.20gb (0),1,,13,cupy_copy__complex64_complex64
8656425403,17855,199613,1434,1,1,128,1,1,16,0.000,0.000,,,,,NVIDIA A100-SXM4-40GB MIG 4g.20gb (0),1,,13,cupy_copy__complex64_complex64
8656791542,5056,199620,103,1,1,128,1,1,16,0.000,0.000,,,,,NVIDIA A100-SXM4-40GB MIG 4g.20gb (0),1,,13,cupy_copy__complex64_complex64
8657438255,254077,199627,1,1,1,32,32,1,30,0.000,0.000,,,,,NVIDIA A100-SXM4-40GB MIG 4g.20gb (0),1,,13,"void convert_kernel<__half2, float2>(tensor_layout_any, T1 *, tensor_layout_any, const T2 *)"
8657721548,5504,199630,,,,,,,,,,0.094,17023.251,Pinned,Device,NVIDIA A100-SXM4-40GB MIG 4g.20gb (0),1,,13,[CUDA memcpy Host-to-Device]
8658304293,57823,199631,,,,,,,,,,35.810,619296.756,Device,,NVIDIA A100-SXM4-40GB MIG 4g.20gb (0),1,,13,[CUDA memset]
8658370884,1856,199633,,,,,,,,,,0.000,43.103,Pinned,Device,NVIDIA A100-SXM4-40GB MIG 4g.20gb (0),1,,13,[CUDA memcpy Host-to-Device]
8658375236,9728,199634,,,,,,,,,,0.197,20210.516,Pinned,Device,NVIDIA A100-SXM4-40GB MIG 4g.20gb (0),1,,13,[CUDA memcpy Host-to-Device]
8659061277,26783,199635,273,1,1,48,1,1,40,0.000,0.001,,,,,NVIDIA A100-SXM4-40GB MIG 4g.20gb (0),1,,13,"void pusch_noise_intf_est::noiseIntfEstNoDftSOfdmKernel<float, __half, float, float, (unsigned int)2, (unsigned int)1, (unsigned char)4, (unsigned char)4>(pusch_noise_intf_est::puschRxNoiseIntfEstDynDescr)"
8659624982,4832,199646,35,1,1,128,1,1,16,0.000,0.000,,,,,NVIDIA A100-SXM4-40GB MIG 4g.20gb (0),1,,13,cupy_copy__complex64_complex64
8660428269,3296,199655,1,1,1,1,1,1,18,0.000,0.000,,,,,NVIDIA A100-SXM4-40GB MIG 4g.20gb (0),1,,13,cupy_copy__float32_float32
8660439693,1856,199661,,,,,,,,,,0.000,2.155,Device,Pageable,NVIDIA A100-SXM4-40GB MIG 4g.20gb (0),1,,7,[CUDA memcpy Device-to-Host]
8661063462,19168,199672,1434,1,1,128,1,1,16,0.000,0.000,,,,,NVIDIA A100-SXM4-40GB MIG 4g.20gb (0),1,,13,cupy_copy__complex64_complex64
8661870013,4608,199679,103,1,1,128,1,1,16,0.000,0.000,,,,,NVIDIA A100-SXM4-40GB MIG 4g.20gb (0),1,,13,cupy_copy__complex64_complex64
8662628628,6848,199686,35,1,1,128,1,1,16,0.000,0.000,,,,,NVIDIA A100-SXM4-40GB MIG 4g.20gb (0),1,,13,cupy_copy__complex64_complex64
8663374795,3168,199693,1,1,1,1,1,1,18,0.000,0.000,,,,,NVIDIA A100-SXM4-40GB MIG 4g.20gb (0),1,,13,cupy_copy__float32_float32
8663939973,257437,199704,1,1,1,32,32,1,30,0.000,0.000,,,,,NVIDIA A100-SXM4-40GB MIG 4g.20gb (0),1,,13,"void convert_kernel<__half2, float2>(tensor_layout_any, T1 *, tensor_layout_any, const T2 *)"
8664227234,5792,199707,,,,,,,,,,0.094,16176.708,Pinned,Device,NVIDIA A100-SXM4-40GB MIG 4g.20gb (0),1,,13,[CUDA memcpy Host-to-Device]
8665008281,5184,199708,,,,,,,,,,1.547,298345.316,Device,,NVIDIA A100-SXM4-40GB MIG 4g.20gb (0),1,,13,[CUDA memset]
8665021017,3136,199713,,,,,,,,,,0.031,9979.575,Pinned,Device,NVIDIA A100-SXM4-40GB MIG 4g.20gb (0),1,,13,[CUDA memcpy Host-to-Device]
8665026617,9760,199714,,,,,,,,,,0.197,20144.259,Pinned,Device,NVIDIA A100-SXM4-40GB MIG 4g.20gb (0),1,,13,[CUDA memcpy Host-to-Device]
8665724785,13440,199715,273,1,1,8,4,1,39,0.002,0.000,,,,,NVIDIA A100-SXM4-40GB MIG 4g.20gb (0),1,,13,"void channel_eq::eqMmseCoefCompLowMimoKernel<float, float, float, (unsigned int)4, (unsigned int)1, (unsigned int)4>(const channel_eq::_puschRxChEqStatDescr *, channel_eq::_puschRxChEqCoefCompDynDescr)"
8666440329,13663,199716,273,1,1,12,11,1,51,0.002,0.000,,,,,NVIDIA A100-SXM4-40GB MIG 4g.20gb (0),1,,13,"void channel_eq::eqMmseSoftDemapKernel<float, __half, __half, float, (unsigned int)4, (unsigned short)16383>(channel_eq::_puschRxChEqStatDescr *, channel_eq::_puschRxChEqSoftDemapDynDescr)"
8667162112,739960,199717,1,1,1,32,32,1,30,0.000,0.000,,,,,NVIDIA A100-SXM4-40GB MIG 4g.20gb (0),1,,13,"void convert_kernel<float2, __half2>(tensor_layout_any, T1 *, tensor_layout_any, const T2 *)"
8668457234,14623,199729,2253,1,1,128,1,1,16,0.000,0.000,,,,,NVIDIA A100-SXM4-40GB MIG 4g.20gb (0),1,,13,cupy_copy__float16_float16
8669135690,5920,199738,282,1,1,128,1,1,16,0.000,0.000,,,,,NVIDIA A100-SXM4-40GB MIG 4g.20gb (0),1,,13,cupy_copy__complex64_complex64
8669763331,3584,199747,26,1,1,128,1,1,16,0.000,0.000,,,,,NVIDIA A100-SXM4-40GB MIG 4g.20gb (0),1,,13,cupy_copy__float32_float32
8670421243,13344,199756,103,1,1,128,1,1,16,0.000,0.000,,,,,NVIDIA A100-SXM4-40GB MIG 4g.20gb (0),1,,13,cupy_copy__complex64_complex64
8670975989,19680,199766,1434,1,1,128,1,1,16,0.000,0.000,,,,,NVIDIA A100-SXM4-40GB MIG 4g.20gb (0),1,,13,cupy_copy__complex64_complex64
8671539599,190589,199771,1,1,1,32,32,1,30,0.000,0.000,,,,,NVIDIA A100-SXM4-40GB MIG 4g.20gb (0),1,,13,"void convert_kernel<__half2, float2>(tensor_layout_any, T1 *, tensor_layout_any, const T2 *)"
8671760364,5440,199774,,,,,,,,,,0.094,17223.480,Pinned,Device,NVIDIA A100-SXM4-40GB MIG 4g.20gb (0),1,,13,[CUDA memcpy Host-to-Device]
8672327014,612601,199775,,,,,,,,,,456.561,745108.270,Device,,NVIDIA A100-SXM4-40GB MIG 4g.20gb (0),1,,13,[CUDA memset]
8672947711,51935,199780,,,,,,,,,,1.235,23777.612,Pinned,Device,NVIDIA A100-SXM4-40GB MIG 4g.20gb (0),1,,13,[CUDA memcpy Host-to-Device]
8673002142,9504,199781,,,,,,,,,,0.197,20686.701,Pinned,Device,NVIDIA A100-SXM4-40GB MIG 4g.20gb (0),1,,13,[CUDA memcpy Host-to-Device]
8673725142,13024,199782,69,4,1,48,1,1,76,0.002,0.000,,,,,NVIDIA A100-SXM4-40GB MIG 4g.20gb (0),1,,13,"void ch_est::windowedChEstPreNoDftSOfdmKernel<float, __half, float, (unsigned int)2, (unsigned int)1, (unsigned short)4>(ch_est::puschRxChEstStatDescr_t *, ch_est::puschRxChEstDynDescr_t *)"
8674522125,10719,199783,137,2,1,24,2,1,44,0.001,0.001,,,,,NVIDIA A100-SXM4-40GB MIG 4g.20gb (0),1,,13,"void ch_est::chEstFilterNoDftSOfdmDispatchKernel<float, __half, float, (unsigned int)2>(ch_est::puschRxChEstStatDescr_t *, ch_est::puschRxChEstDynDescr_t *)"
8675313316,11007,199784,137,2,1,24,2,1,44,0.001,0.001,,,,,NVIDIA A100-SXM4-40GB MIG 4g.20gb (0),1,,13,"void ch_est::chEstFilterNoDftSOfdmDispatchKernel<float, __half, float, (unsigned int)2>(ch_est::puschRxChEstStatDescr_t *, ch_est::puschRxChEstDynDescr_t *)"
8675992572,4832,199795,103,1,1,128,1,1,16,0.000,0.000,,,,,NVIDIA A100-SXM4-40GB MIG 4g.20gb (0),1,,13,cupy_copy__complex64_complex64
8676558933,16480,199805,1434,1,1,128,1,1,16,0.000,0.000,,,,,NVIDIA A100-SXM4-40GB MIG 4g.20gb (0),1,,13,cupy_copy__complex64_complex64
8677198158,6112,199812,103,1,1,128,1,1,16,0.000,0.000,,,,,NVIDIA A100-SXM4-40GB MIG 4g.20gb (0),1,,13,cupy_copy__complex64_complex64
8677818535,287837,199819,1,1,1,32,32,1,30,0.000,0.000,,,,,NVIDIA A100-SXM4-40GB MIG 4g.20gb (0),1,,13,"void convert_kernel<__half2, float2>(tensor_layout_any, T1 *, tensor_layout_any, const T2 *)"
8678136195,5760,199822,,,,,,,,,,0.094,16266.656,Pinned,Device,NVIDIA A100-SXM4-40GB MIG 4g.20gb (0),1,,13,[CUDA memcpy Host-to-Device]
8678716733,50719,199823,,,,,,,,,,35.810,706028.383,Device,,NVIDIA A100-SXM4-40GB MIG 4g.20gb (0),1,,13,[CUDA memset]
8678770812,2112,199825,,,,,,,,,,0.000,37.879,Pinned,Device,NVIDIA A100-SXM4-40GB MIG 4g.20gb (0),1,,13,[CUDA memcpy Host-to-Device]
8678775804,9408,199826,,,,,,,,,,0.197,20897.858,Pinned,Device,NVIDIA A100-SXM4-40GB MIG 4g.20gb (0),1,,13,[CUDA memcpy Host-to-Device]
8679403701,16800,199827,273,1,1,48,1,1,40,0.000,0.001,,,,,NVIDIA A100-SXM4-40GB MIG 4g.20gb (0),1,,13,"void pusch_noise_intf_est::noiseIntfEstNoDftSOfdmKernel<float, __half, float, float, (unsigned int)2, (unsigned int)1, (unsigned char)4, (unsigned char)4>(pusch_noise_intf_est::puschRxNoiseIntfEstDynDescr)"
8679959791,5696,199838,35,1,1,128,1,1,16,0.000,0.000,,,,,NVIDIA A100-SXM4-40GB MIG 4g.20gb (0),1,,13,cupy_copy__complex64_complex64
8680564520,3360,199847,1,1,1,1,1,1,18,0.000,0.000,,,,,NVIDIA A100-SXM4-40GB MIG 4g.20gb (0),1,,13,cupy_copy__float32_float32
8680568744,1600,199853,,,,,,,,,,0.000,2.500,Device,Pageable,NVIDIA A100-SXM4-40GB MIG 4g.20gb (0),1,,7,[CUDA memcpy Device-to-Host]
8681242912,16960,199864,1434,1,1,128,1,1,16,0.000,0.000,,,,,NVIDIA A100-SXM4-40GB MIG 4g.20gb (0),1,,13,cupy_copy__complex64_complex64
8681857305,5536,199871,103,1,1,128,1,1,16,0.000,0.000,,,,,NVIDIA A100-SXM4-40GB MIG 4g.20gb (0),1,,13,cupy_copy__complex64_complex64
8682519090,9247,199878,35,1,1,128,1,1,16,0.000,0.000,,,,,NVIDIA A100-SXM4-40GB MIG 4g.20gb (0),1,,13,cupy_copy__complex64_complex64
8683008044,6464,199885,1,1,1,1,1,1,18,0.000,0.000,,,,,NVIDIA A100-SXM4-40GB MIG 4g.20gb (0),1,,13,cupy_copy__float32_float32
8683663589,289212,199896,1,1,1,32,32,1,30,0.000,0.000,,,,,NVIDIA A100-SXM4-40GB MIG 4g.20gb (0),1,,13,"void convert_kernel<__half2, float2>(tensor_layout_any, T1 *, tensor_layout_any, const T2 *)"
8683983105,5472,199899,,,,,,,,,,0.094,17122.757,Pinned,Device,NVIDIA A100-SXM4-40GB MIG 4g.20gb (0),1,,13,[CUDA memcpy Host-to-Device]
8684463675,8928,199900,,,,,,,,,,1.547,173232.714,Device,,NVIDIA A100-SXM4-40GB MIG 4g.20gb (0),1,,13,[CUDA memset]
8684474075,4384,199905,,,,,,,,,,0.031,7138.680,Pinned,Device,NVIDIA A100-SXM4-40GB MIG 4g.20gb (0),1,,13,[CUDA memcpy Host-to-Device]
8684481019,11104,199906,,,,,,,,,,0.197,17705.927,Pinned,Device,NVIDIA A100-SXM4-40GB MIG 4g.20gb (0),1,,13,[CUDA memcpy Host-to-Device]
8685196019,19104,199907,273,1,1,8,4,1,39,0.002,0.000,,,,,NVIDIA A100-SXM4-40GB MIG 4g.20gb (0),1,,13,"void channel_eq::eqMmseCoefCompLowMimoKernel<float, float, float, (unsigned int)4, (unsigned int)1, (unsigned int)4>(const channel_eq::_puschRxChEqStatDescr *, channel_eq::_puschRxChEqCoefCompDynDescr)"
8685765805,22783,199908,273,1,1,12,11,1,51,0.002,0.000,,,,,NVIDIA A100-SXM4-40GB MIG 4g.20gb (0),1,,13,"void channel_eq::eqMmseSoftDemapKernel<float, __half, __half, float, (unsigned int)4, (unsigned short)16383>(channel_eq::_puschRxChEqStatDescr *, channel_eq::_puschRxChEqSoftDemapDynDescr)"
8686174952,564186,199909,1,1,1,32,32,1,30,0.000,0.000,,,,,NVIDIA A100-SXM4-40GB MIG 4g.20gb (0),1,,13,"void convert_kernel<float2, __half2>(tensor_layout_any, T1 *, tensor_layout_any, const T2 *)"
8687123101,20000,199921,2253,1,1,128,1,1,16,0.000,0.000,,,,,NVIDIA A100-SXM4-40GB MIG 4g.20gb (0),1,,13,cupy_copy__float16_float16
8687695639,11968,199930,282,1,1,128,1,1,16,0.000,0.000,,,,,NVIDIA A100-SXM4-40GB MIG 4g.20gb (0),1,,13,cupy_copy__complex64_complex64
8688151665,3584,199939,26,1,1,128,1,1,16,0.000,0.000,,,,,NVIDIA A100-SXM4-40GB MIG 4g.20gb (0),1,,13,cupy_copy__float32_float32
8688849130,14239,199948,103,1,1,128,1,1,16,0.000,0.000,,,,,NVIDIA A100-SXM4-40GB MIG 4g.20gb (0),1,,13,cupy_copy__complex64_complex64
8689357156,16832,199958,1434,1,1,128,1,1,16,0.000,0.000,,,,,NVIDIA A100-SXM4-40GB MIG 4g.20gb (0),1,,13,cupy_copy__complex64_complex64
8689896926,246365,199963,1,1,1,32,32,1,30,0.000,0.000,,,,,NVIDIA A100-SXM4-40GB MIG 4g.20gb (0),1,,13,"void convert_kernel<__half2, float2>(tensor_layout_any, T1 *, tensor_layout_any, const T2 *)"
8690172986,5408,199966,,,,,,,,,,0.094,17325.421,Pinned,Device,NVIDIA A100-SXM4-40GB MIG 4g.20gb (0),1,,13,[CUDA memcpy Host-to-Device]
8690718420,626521,199967,,,,,,,,,,456.561,728672.058,Device,,NVIDIA A100-SXM4-40GB MIG 4g.20gb (0),1,,13,[CUDA memset]
8691346285,60063,199972,,,,,,,,,,1.235,20560.583,Pinned,Device,NVIDIA A100-SXM4-40GB MIG 4g.20gb (0),1,,13,[CUDA memcpy Host-to-Device]
8691408812,9856,199973,,,,,,,,,,0.197,19948.044,Pinned,Device,NVIDIA A100-SXM4-40GB MIG 4g.20gb (0),1,,13,[CUDA memcpy Host-to-Device]
8692095877,10943,199974,69,4,1,48,1,1,76,0.002,0.000,,,,,NVIDIA A100-SXM4-40GB MIG 4g.20gb (0),1,,13,"void ch_est::windowedChEstPreNoDftSOfdmKernel<float, __half, float, (unsigned int)2, (unsigned int)1, (unsigned short)4>(ch_est::puschRxChEstStatDescr_t *, ch_est::puschRxChEstDynDescr_t *)"
8692813788,8736,199975,137,2,1,24,2,1,44,0.001,0.001,,,,,NVIDIA A100-SXM4-40GB MIG 4g.20gb (0),1,,13,"void ch_est::chEstFilterNoDftSOfdmDispatchKernel<float, __half, float, (unsigned int)2>(ch_est::puschRxChEstStatDescr_t *, ch_est::puschRxChEstDynDescr_t *)"
8693530388,22912,199976,137,2,1,24,2,1,44,0.001,0.001,,,,,NVIDIA A100-SXM4-40GB MIG 4g.20gb (0),1,,13,"void ch_est::chEstFilterNoDftSOfdmDispatchKernel<float, __half, float, (unsigned int)2>(ch_est::puschRxChEstStatDescr_t *, ch_est::puschRxChEstDynDescr_t *)"
8694290892,5664,199987,103,1,1,128,1,1,16,0.000,0.000,,,,,NVIDIA A100-SXM4-40GB MIG 4g.20gb (0),1,,13,cupy_copy__complex64_complex64
8695063523,16480,199997,1434,1,1,128,1,1,16,0.000,0.000,,,,,NVIDIA A100-SXM4-40GB MIG 4g.20gb (0),1,,13,cupy_copy__complex64_complex64
8695883866,4095,200004,103,1,1,128,1,1,16,0.000,0.000,,,,,NVIDIA A100-SXM4-40GB MIG 4g.20gb (0),1,,13,cupy_copy__complex64_complex64
8696532146,269245,200011,1,1,1,32,32,1,30,0.000,0.000,,,,,NVIDIA A100-SXM4-40GB MIG 4g.20gb (0),1,,13,"void convert_kernel<__half2, float2>(tensor_layout_any, T1 *, tensor_layout_any, const T2 *)"
8696830991,5504,200014,,,,,,,,,,0.094,17023.251,Pinned,Device,NVIDIA A100-SXM4-40GB MIG 4g.20gb (0),1,,13,[CUDA memcpy Host-to-Device]
8697320745,51776,200015,,,,,,,,,,35.810,691596.985,Device,,NVIDIA A100-SXM4-40GB MIG 4g.20gb (0),1,,13,[CUDA memset]
8697377129,2431,200017,,,,,,,,,,0.000,32.908,Pinned,Device,NVIDIA A100-SXM4-40GB MIG 4g.20gb (0),1,,13,[CUDA memcpy Host-to-Device]
8697382152,9536,200018,,,,,,,,,,0.197,20617.298,Pinned,Device,NVIDIA A100-SXM4-40GB MIG 4g.20gb (0),1,,13,[CUDA memcpy Host-to-Device]
8698006625,16512,200019,273,1,1,48,1,1,40,0.000,0.001,,,,,NVIDIA A100-SXM4-40GB MIG 4g.20gb (0),1,,13,"void pusch_noise_intf_est::noiseIntfEstNoDftSOfdmKernel<float, __half, float, float, (unsigned int)2, (unsigned int)1, (unsigned char)4, (unsigned char)4>(pusch_noise_intf_est::puschRxNoiseIntfEstDynDescr)"
8698642970,7712,200030,35,1,1,128,1,1,16,0.000,0.000,,,,,NVIDIA A100-SXM4-40GB MIG 4g.20gb (0),1,,13,cupy_copy__complex64_complex64
8699358322,5088,200039,1,1,1,1,1,1,18,0.000,0.000,,,,,NVIDIA A100-SXM4-40GB MIG 4g.20gb (0),1,,13,cupy_copy__float32_float32
8699371730,4512,200045,,,,,,,,,,0.000,0.887,Device,Pageable,NVIDIA A100-SXM4-40GB MIG 4g.20gb (0),1,,7,[CUDA memcpy Device-to-Host]
8700137961,16320,200056,1434,1,1,128,1,1,16,0.000,0.000,,,,,NVIDIA A100-SXM4-40GB MIG 4g.20gb (0),1,,13,cupy_copy__complex64_complex64
8700893409,4223,200063,103,1,1,128,1,1,16,0.000,0.000,,,,,NVIDIA A100-SXM4-40GB MIG 4g.20gb (0),1,,13,cupy_copy__complex64_complex64
8701496634,4864,200070,35,1,1,128,1,1,16,0.000,0.000,,,,,NVIDIA A100-SXM4-40GB MIG 4g.20gb (0),1,,13,cupy_copy__complex64_complex64
8702131346,3008,200077,1,1,1,1,1,1,18,0.000,0.000,,,,,NVIDIA A100-SXM4-40GB MIG 4g.20gb (0),1,,13,cupy_copy__float32_float32
8702818059,254813,200088,1,1,1,32,32,1,30,0.000,0.000,,,,,NVIDIA A100-SXM4-40GB MIG 4g.20gb (0),1,,13,"void convert_kernel<__half2, float2>(tensor_layout_any, T1 *, tensor_layout_any, const T2 *)"
8703104743,10016,200091,,,,,,,,,,0.094,9354.609,Pinned,Device,NVIDIA A100-SXM4-40GB MIG 4g.20gb (0),1,,13,[CUDA memcpy Host-to-Device]
8703678081,7232,200092,,,,,,,,,,1.547,213857.887,Device,,NVIDIA A100-SXM4-40GB MIG 4g.20gb (0),1,,13,[CUDA memset]
8703689505,3456,200097,,,,,,,,,,0.031,9055.529,Pinned,Device,NVIDIA A100-SXM4-40GB MIG 4g.20gb (0),1,,13,[CUDA memcpy Host-to-Device]
8703695649,13503,200098,,,,,,,,,,0.197,14560.199,Pinned,Device,NVIDIA A100-SXM4-40GB MIG 4g.20gb (0),1,,13,[CUDA memcpy Host-to-Device]
8704142172,16639,200099,273,1,1,8,4,1,39,0.002,0.000,,,,,NVIDIA A100-SXM4-40GB MIG 4g.20gb (0),1,,13,"void channel_eq::eqMmseCoefCompLowMimoKernel<float, float, float, (unsigned int)4, (unsigned int)1, (unsigned int)4>(const channel_eq::_puschRxChEqStatDescr *, channel_eq::_puschRxChEqCoefCompDynDescr)"
8704896915,24928,200100,273,1,1,12,11,1,51,0.002,0.000,,,,,NVIDIA A100-SXM4-40GB MIG 4g.20gb (0),1,,13,"void channel_eq::eqMmseSoftDemapKernel<float, __half, __half, float, (unsigned int)4, (unsigned short)16383>(channel_eq::_puschRxChEqStatDescr *, channel_eq::_puschRxChEqSoftDemapDynDescr)"
8705629099,757911,200101,1,1,1,32,32,1,30,0.000,0.000,,,,,NVIDIA A100-SXM4-40GB MIG 4g.20gb (0),1,,13,"void convert_kernel<float2, __half2>(tensor_layout_any, T1 *, tensor_layout_any, const T2 *)"
8706969051,26336,200113,2253,1,1,128,1,1,16,0.000,0.000,,,,,NVIDIA A100-SXM4-40GB MIG 4g.20gb (0),1,,13,cupy_copy__float16_float16
8707613876,13888,200122,282,1,1,128,1,1,16,0.000,0.000,,,,,NVIDIA A100-SXM4-40GB MIG 4g.20gb (0),1,,13,cupy_copy__complex64_complex64
8708176462,3488,200131,26,1,1,128,1,1,16,0.000,0.000,,,,,NVIDIA A100-SXM4-40GB MIG 4g.20gb (0),1,,13,cupy_copy__float32_float32
8708771623,7840,200140,103,1,1,128,1,1,16,0.000,0.000,,,,,NVIDIA A100-SXM4-40GB MIG 4g.20gb (0),1,,13,cupy_copy__complex64_complex64
8709473247,16512,200150,1434,1,1,128,1,1,16,0.000,0.000,,,,,NVIDIA A100-SXM4-40GB MIG 4g.20gb (0),1,,13,cupy_copy__complex64_complex64
8710191383,291964,200155,1,1,1,32,32,1,30,0.000,0.000,,,,,NVIDIA A100-SXM4-40GB MIG 4g.20gb (0),1,,13,"void convert_kernel<__half2, float2>(tensor_layout_any, T1 *, tensor_layout_any, const T2 *)"
8710513491,5440,200158,,,,,,,,,,0.094,17223.480,Pinned,Device,NVIDIA A100-SXM4-40GB MIG 4g.20gb (0),1,,13,[CUDA memcpy Host-to-Device]
8711070765,635576,200159,,,,,,,,,,456.561,718171.145,Device,,NVIDIA A100-SXM4-40GB MIG 4g.20gb (0),1,,13,[CUDA memset]
8711707941,56320,200164,,,,,,,,,,1.235,21926.431,Pinned,Device,NVIDIA A100-SXM4-40GB MIG 4g.20gb (0),1,,13,[CUDA memcpy Host-to-Device]
8711766725,9408,200165,,,,,,,,,,0.197,20897.858,Pinned,Device,NVIDIA A100-SXM4-40GB MIG 4g.20gb (0),1,,13,[CUDA memcpy Host-to-Device]
8712318974,18112,200166,69,4,1,48,1,1,76,0.002,0.000,,,,,NVIDIA A100-SXM4-40GB MIG 4g.20gb (0),1,,13,"void ch_est::windowedChEstPreNoDftSOfdmKernel<float, __half, float, (unsigned int)2, (unsigned int)1, (unsigned short)4>(ch_est::puschRxChEstStatDescr_t *, ch_est::puschRxChEstDynDescr_t *)"
8712883896,10688,200167,137,2,1,24,2,1,44,0.001,0.001,,,,,NVIDIA A100-SXM4-40GB MIG 4g.20gb (0),1,,13,"void ch_est::chEstFilterNoDftSOfdmDispatchKernel<float, __half, float, (unsigned int)2>(ch_est::puschRxChEstStatDescr_t *, ch_est::puschRxChEstDynDescr_t *)"
8713512849,9408,200168,137,2,1,24,2,1,44,0.001,0.001,,,,,NVIDIA A100-SXM4-40GB MIG 4g.20gb (0),1,,13,"void ch_est::chEstFilterNoDftSOfdmDispatchKernel<float, __half, float, (unsigned int)2>(ch_est::puschRxChEstStatDescr_t *, ch_est::puschRxChEstDynDescr_t *)"
8714143018,6336,200179,103,1,1,128,1,1,16,0.000,0.000,,,,,NVIDIA A100-SXM4-40GB MIG 4g.20gb (0),1,,13,cupy_copy__complex64_complex64
8714788194,15808,200189,1434,1,1,128,1,1,16,0.000,0.000,,,,,NVIDIA A100-SXM4-40GB MIG 4g.20gb (0),1,,13,cupy_copy__complex64_complex64
8715596025,4864,200196,103,1,1,128,1,1,16,0.000,0.000,,,,,NVIDIA A100-SXM4-40GB MIG 4g.20gb (0),1,,13,cupy_copy__complex64_complex64
8716349169,291036,200203,1,1,1,32,32,1,30,0.000,0.000,,,,,NVIDIA A100-SXM4-40GB MIG 4g.20gb (0),1,,13,"void convert_kernel<__half2, float2>(tensor_layout_any, T1 *, tensor_layout_any, const T2 *)"
8716671277,12480,200206,,,,,,,,,,0.094,7507.673,Pinned,Device,NVIDIA A100-SXM4-40GB MIG 4g.20gb (0),1,,13,[CUDA memcpy Host-to-Device]
8717395365,47711,200207,,,,,,,,,,35.810,750540.113,Device,,NVIDIA A100-SXM4-40GB MIG 4g.20gb (0),1,,13,[CUDA memset]
8717447172,5088,200209,,,,,,,,,,0.000,15.723,Pinned,Device,NVIDIA A100-SXM4-40GB MIG 4g.20gb (0),1,,13,[CUDA memcpy Host-to-Device]
8717455012,9440,200210,,,,,,,,,,0.197,20827.079,Pinned,Device,NVIDIA A100-SXM4-40GB MIG 4g.20gb (0),1,,13,[CUDA memcpy Host-to-Device]
8718159004,17472,200211,273,1,1,48,1,1,40,0.000,0.001,,,,,NVIDIA A100-SXM4-40GB MIG 4g.20gb (0),1,,13,"void pusch_noise_intf_est::noiseIntfEstNoDftSOfdmKernel<float, __half, float, float, (unsigned int)2, (unsigned int)1, (unsigned char)4, (unsigned char)4>(pusch_noise_intf_est::puschRxNoiseIntfEstDynDescr)"
8718877428,4288,200222,35,1,1,128,1,1,16,0.000,0.000,,,,,NVIDIA A100-SXM4-40GB MIG 4g.20gb (0),1,,13,cupy_copy__complex64_complex64
8719707370,5984,200231,1,1,1,1,1,1,18,0.000,0.000,,,,,NVIDIA A100-SXM4-40GB MIG 4g.20gb (0),1,,13,cupy_copy__float32_float32
8719721034,6624,200237,,,,,,,,,,0.000,0.604,Device,Pageable,NVIDIA A100-SXM4-40GB MIG 4g.20gb (0),1,,7,[CUDA memcpy Device-to-Host]
8720570785,18015,200248,1434,1,1,128,1,1,16,0.000,0.000,,,,,NVIDIA A100-SXM4-40GB MIG 4g.20gb (0),1,,13,cupy_copy__complex64_complex64
8721308088,3968,200255,103,1,1,128,1,1,16,0.000,0.000,,,,,NVIDIA A100-SXM4-40GB MIG 4g.20gb (0),1,,13,cupy_copy__complex64_complex64
8722132655,4096,200262,35,1,1,128,1,1,16,0.000,0.000,,,,,NVIDIA A100-SXM4-40GB MIG 4g.20gb (0),1,,13,cupy_copy__complex64_complex64
8722777703,3136,200269,1,1,1,1,1,1,18,0.000,0.000,,,,,NVIDIA A100-SXM4-40GB MIG 4g.20gb (0),1,,13,cupy_copy__float32_float32
8723381249,257501,200280,1,1,1,32,32,1,30,0.000,0.000,,,,,NVIDIA A100-SXM4-40GB MIG 4g.20gb (0),1,,13,"void convert_kernel<__half2, float2>(tensor_layout_any, T1 *, tensor_layout_any, const T2 *)"
8723669501,5504,200283,,,,,,,,,,0.094,17023.251,Pinned,Device,NVIDIA A100-SXM4-40GB MIG 4g.20gb (0),1,,13,[CUDA memcpy Host-to-Device]
8724138616,5312,200284,,,,,,,,,,1.547,291156.608,Device,,NVIDIA A100-SXM4-40GB MIG 4g.20gb (0),1,,13,[CUDA memset]
8724146712,3392,200289,,,,,,,,,,0.031,9226.405,Pinned,Device,NVIDIA A100-SXM4-40GB MIG 4g.20gb (0),1,,13,[CUDA memcpy Host-to-Device]
8724152792,9760,200290,,,,,,,,,,0.197,20144.259,Pinned,Device,NVIDIA A100-SXM4-40GB MIG 4g.20gb (0),1,,13,[CUDA memcpy Host-to-Device]
8724780753,17663,200291,273,1,1,8,4,1,39,0.002,0.000,,,,,NVIDIA A100-SXM4-40GB MIG 4g.20gb (0),1,,13,"void channel_eq::eqMmseCoefCompLowMimoKernel<float, float, float, (unsigned int)4, (unsigned int)1, (unsigned int)4>(const channel_eq::_puschRxChEqStatDescr *, channel_eq::_puschRxChEqCoefCompDynDescr)"
8725515560,11424,200292,273,1,1,12,11,1,51,0.002,0.000,,,,,NVIDIA A100-SXM4-40GB MIG 4g.20gb (0),1,,13,"void channel_eq::eqMmseSoftDemapKernel<float, __half, __half, float, (unsigned int)4, (unsigned short)16383>(channel_eq::_puschRxChEqStatDescr *, channel_eq::_puschRxChEqSoftDemapDynDescr)"
8726234944,537786,200293,1,1,1,32,32,1,30,0.000,0.000,,,,,NVIDIA A100-SXM4-40GB MIG 4g.20gb (0),1,,13,"void convert_kernel<float2, __half2>(tensor_layout_any, T1 *, tensor_layout_any, const T2 *)"
8727357875,20704,200305,2253,1,1,128,1,1,16,0.000,0.000,,,,,NVIDIA A100-SXM4-40GB MIG 4g.20gb (0),1,,13,cupy_copy__float16_float16
8727933005,11744,200314,282,1,1,128,1,1,16,0.000,0.000,,,,,NVIDIA A100-SXM4-40GB MIG 4g.20gb (0),1,,13,cupy_copy__complex64_complex64
8728355432,3616,200323,26,1,1,128,1,1,16,0.000,0.000,,,,,NVIDIA A100-SXM4-40GB MIG 4g.20gb (0),1,,13,cupy_copy__float32_float32
8728980449,7008,200332,103,1,1,128,1,1,16,0.000,0.000,,,,,NVIDIA A100-SXM4-40GB MIG 4g.20gb (0),1,,13,cupy_copy__complex64_complex64
8729643833,16576,200342,1434,1,1,128,1,1,16,0.000,0.000,,,,,NVIDIA A100-SXM4-40GB MIG 4g.20gb (0),1,,13,cupy_copy__complex64_complex64
8730370961,251933,200347,1,1,1,32,32,1,30,0.000,0.000,,,,,NVIDIA A100-SXM4-40GB MIG 4g.20gb (0),1,,13,"void convert_kernel<__half2, float2>(tensor_layout_any, T1 *, tensor_layout_any, const T2 *)"
8730654094,5504,200350,,,,,,,,,,0.094,17023.251,Pinned,Device,NVIDIA A100-SXM4-40GB MIG 4g.20gb (0),1,,13,[CUDA memcpy Host-to-Device]
8731167240,618009,200351,,,,,,,,,,456.561,738716.410,Device,,NVIDIA A100-SXM4-40GB MIG 4g.20gb (0),1,,13,[CUDA memset]
8731792225,53279,200356,,,,,,,,,,1.235,23178.664,Pinned,Device,NVIDIA A100-SXM4-40GB MIG 4g.20gb (0),1,,13,[CUDA memcpy Host-to-Device]
8731848256,9856,200357,,,,,,,,,,0.197,19948.044,Pinned,Device,NVIDIA A100-SXM4-40GB MIG 4g.20gb (0),1,,13,[CUDA memcpy Host-to-Device]
8732557432,11104,200358,69,4,1,48,1,1,76,0.002,0.000,,,,,NVIDIA A100-SXM4-40GB MIG 4g.20gb (0),1,,13,"void ch_est::windowedChEstPreNoDftSOfdmKernel<float, __half, float, (unsigned int)2, (unsigned int)1, (unsigned short)4>(ch_est::puschRxChEstStatDescr_t *, ch_est::puschRxChEstDynDescr_t *)"
8733236112,10272,200359,137,2,1,24,2,1,44,0.001,0.001,,,,,NVIDIA A100-SXM4-40GB MIG 4g.20gb (0),1,,13,"void ch_est::chEstFilterNoDftSOfdmDispatchKernel<float, __half, float, (unsigned int)2>(ch_est::puschRxChEstStatDescr_t *, ch_est::puschRxChEstDynDescr_t *)"
8733904681,9920,200360,137,2,1,24,2,1,44,0.001,0.001,,,,,NVIDIA A100-SXM4-40GB MIG 4g.20gb (0),1,,13,"void ch_est::chEstFilterNoDftSOfdmDispatchKernel<float, __half, float, (unsigned int)2>(ch_est::puschRxChEstStatDescr_t *, ch_est::puschRxChEstDynDescr_t *)"
8734445379,4320,200371,103,1,1,128,1,1,16,0.000,0.000,,,,,NVIDIA A100-SXM4-40GB MIG 4g.20gb (0),1,,13,cupy_copy__complex64_complex64
8734915805,15392,200381,1434,1,1,128,1,1,16,0.000,0.000,,,,,NVIDIA A100-SXM4-40GB MIG 4g.20gb (0),1,,13,cupy_copy__complex64_complex64
8735514455,5183,200388,103,1,1,128,1,1,16,0.000,0.000,,,,,NVIDIA A100-SXM4-40GB MIG 4g.20gb (0),1,,13,cupy_copy__complex64_complex64
8736163023,242941,200395,1,1,1,32,32,1,30,0.000,0.000,,,,,NVIDIA A100-SXM4-40GB MIG 4g.20gb (0),1,,13,"void convert_kernel<__half2, float2>(tensor_layout_any, T1 *, tensor_layout_any, const T2 *)"
8736435308,9376,200398,,,,,,,,,,0.094,9993.147,Pinned,Device,NVIDIA A100-SXM4-40GB MIG 4g.20gb (0),1,,13,[CUDA memcpy Host-to-Device]
8736842119,58048,200399,,,,,,,,,,35.810,616897.492,Device,,NVIDIA A100-SXM4-40GB MIG 4g.20gb (0),1,,13,[CUDA memset]
8736901703,3008,200401,,,,,,,,,,0.000,26.596,Pinned,Device,NVIDIA A100-SXM4-40GB MIG 4g.20gb (0),1,,13,[CUDA memcpy Host-to-Device]
8736912167,13247,200402,,,,,,,,,,0.197,14841.545,Pinned,Device,NVIDIA A100-SXM4-40GB MIG 4g.20gb (0),1,,13,[CUDA memcpy Host-to-Device]
8737598239,18816,200403,273,1,1,48,1,1,40,0.000,0.001,,,,,NVIDIA A100-SXM4-40GB MIG 4g.20gb (0),1,,13,"void pusch_noise_intf_est::noiseIntfEstNoDftSOfdmKernel<float, __half, float, float, (unsigned int)2, (unsigned int)1, (unsigned char)4, (unsigned char)4>(pusch_noise_intf_est::puschRxNoiseIntfEstDynDescr)"
8738355062,5408,200414,35,1,1,128,1,1,16,0.000,0.000,,,,,NVIDIA A100-SXM4-40GB MIG 4g.20gb (0),1,,13,cupy_copy__complex64_complex64
8739073710,3200,200423,1,1,1,1,1,1,18,0.000,0.000,,,,,NVIDIA A100-SXM4-40GB MIG 4g.20gb (0),1,,13,cupy_copy__float32_float32
8739084046,1600,200429,,,,,,,,,,0.000,2.500,Device,Pageable,NVIDIA A100-SXM4-40GB MIG 4g.20gb (0),1,,7,[CUDA memcpy Device-to-Host]
8739865125,17216,200440,1434,1,1,128,1,1,16,0.000,0.000,,,,,NVIDIA A100-SXM4-40GB MIG 4g.20gb (0),1,,13,cupy_copy__complex64_complex64
8740591517,4800,200447,103,1,1,128,1,1,16,0.000,0.000,,,,,NVIDIA A100-SXM4-40GB MIG 4g.20gb (0),1,,13,cupy_copy__complex64_complex64
8741298101,9472,200454,35,1,1,128,1,1,16,0.000,0.000,,,,,NVIDIA A100-SXM4-40GB MIG 4g.20gb (0),1,,13,cupy_copy__complex64_complex64
8741813039,5024,200461,1,1,1,1,1,1,18,0.000,0.000,,,,,NVIDIA A100-SXM4-40GB MIG 4g.20gb (0),1,,13,cupy_copy__float32_float32
8742473927,300893,200472,1,1,1,32,32,1,30,0.000,0.000,,,,,NVIDIA A100-SXM4-40GB MIG 4g.20gb (0),1,,13,"void convert_kernel<__half2, float2>(tensor_layout_any, T1 *, tensor_layout_any, const T2 *)"
8742804676,5728,200475,,,,,,,,,,0.094,16357.541,Pinned,Device,NVIDIA A100-SXM4-40GB MIG 4g.20gb (0),1,,13,[CUDA memcpy Host-to-Device]
8743218687,7424,200476,,,,,,,,,,1.547,208327.160,Device,,NVIDIA A100-SXM4-40GB MIG 4g.20gb (0),1,,13,[CUDA memset]
8743233247,3040,200481,,,,,,,,,,0.031,10294.725,Pinned,Device,NVIDIA A100-SXM4-40GB MIG 4g.20gb (0),1,,13,[CUDA memcpy Host-to-Device]
8743238847,9760,200482,,,,,,,,,,0.197,20144.259,Pinned,Device,NVIDIA A100-SXM4-40GB MIG 4g.20gb (0),1,,13,[CUDA memcpy Host-to-Device]
8743631226,18304,200483,273,1,1,8,4,1,39,0.002,0.000,,,,,NVIDIA A100-SXM4-40GB MIG 4g.20gb (0),1,,13,"void channel_eq::eqMmseCoefCompLowMimoKernel<float, float, float, (unsigned int)4, (unsigned int)1, (unsigned int)4>(const channel_eq::_puschRxChEqStatDescr *, channel_eq::_puschRxChEqCoefCompDynDescr)"
8744337170,14336,200484,273,1,1,12,11,1,51,0.002,0.000,,,,,NVIDIA A100-SXM4-40GB MIG 4g.20gb (0),1,,13,"void channel_eq::eqMmseSoftDemapKernel<float, __half, __half, float, (unsigned int)4, (unsigned short)16383>(channel_eq::_puschRxChEqStatDescr *, channel_eq::_puschRxChEqSoftDemapDynDescr)"
8744898732,651256,200485,1,1,1,32,32,1,30,0.000,0.000,,,,,NVIDIA A100-SXM4-40GB MIG 4g.20gb (0),1,,13,"void convert_kernel<float2, __half2>(tensor_layout_any, T1 *, tensor_layout_any, const T2 *)"
8746090462,23712,200497,2253,1,1,128,1,1,16,0.000,0.000,,,,,NVIDIA A100-SXM4-40GB MIG 4g.20gb (0),1,,13,cupy_copy__float16_float16
8746745367,13056,200506,282,1,1,128,1,1,16,0.000,0.000,,,,,NVIDIA A100-SXM4-40GB MIG 4g.20gb (0),1,,13,cupy_copy__complex64_complex64
8747329360,3488,200515,26,1,1,128,1,1,16,0.000,0.000,,,,,NVIDIA A100-SXM4-40GB MIG 4g.20gb (0),1,,13,cupy_copy__float32_float32
8747977033,13600,200524,103,1,1,128,1,1,16,0.000,0.000,,,,,NVIDIA A100-SXM4-40GB MIG 4g.20gb (0),1,,13,cupy_copy__complex64_complex64
8748496419,16768,200534,1434,1,1,128,1,1,16,0.000,0.000,,,,,NVIDIA A100-SXM4-40GB MIG 4g.20gb (0),1,,13,cupy_copy__complex64_complex64
8749155995,264157,200539,1,1,1,32,32,1,30,0.000,0.000,,,,,NVIDIA A100-SXM4-40GB MIG 4g.20gb (0),1,,13,"void convert_kernel<__half2, float2>(tensor_layout_any, T1 *, tensor_layout_any, const T2 *)"
8749449944,9248,200542,,,,,,,,,,0.094,10131.442,Pinned,Device,NVIDIA A100-SXM4-40GB MIG 4g.20gb (0),1,,13,[CUDA memcpy Host-to-Device]
8750007730,611289,200543,,,,,,,,,,456.561,746477.954,Device,,NVIDIA A100-SXM4-40GB MIG 4g.20gb (0),1,,13,[CUDA memset]
8750623371,59487,200548,,,,,,,,,,1.235,20759.409,Pinned,Device,NVIDIA A100-SXM4-40GB MIG 4g.20gb (0),1,,13,[CUDA memcpy Host-to-Device]
8750685322,10176,200549,,,,,,,,,,0.197,19320.668,Pinned,Device,NVIDIA A100-SXM4-40GB MIG 4g.20gb (0),1,,13,[CUDA memcpy Host-to-Device]
8751373378,12832,200550,69,4,1,48,1,1,76,0.002,0.000,,,,,NVIDIA A100-SXM4-40GB MIG 4g.20gb (0),1,,13,"void ch_est::windowedChEstPreNoDftSOfdmKernel<float, __half, float, (unsigned int)2, (unsigned int)1, (unsigned short)4>(ch_est::puschRxChEstStatDescr_t *, ch_est::puschRxChEstDynDescr_t *)"
8752131833,11552,200551,137,2,1,24,2,1,44,0.001,0.001,,,,,NVIDIA A100-SXM4-40GB MIG 4g.20gb (0),1,,13,"void ch_est::chEstFilterNoDftSOfdmDispatchKernel<float, __half, float, (unsigned int)2>(ch_est::puschRxChEstStatDescr_t *, ch_est::puschRxChEstDynDescr_t *)"
8752892881,11424,200552,137,2,1,24,2,1,44,0.001,0.001,,,,,NVIDIA A100-SXM4-40GB MIG 4g.20gb (0),1,,13,"void ch_est::chEstFilterNoDftSOfdmDispatchKernel<float, __half, float, (unsigned int)2>(ch_est::puschRxChEstStatDescr_t *, ch_est::puschRxChEstDynDescr_t *)"
8753647848,5056,200563,103,1,1,128,1,1,16,0.000,0.000,,,,,NVIDIA A100-SXM4-40GB MIG 4g.20gb (0),1,,13,cupy_copy__complex64_complex64
8754214498,18080,200573,1434,1,1,128,1,1,16,0.000,0.000,,,,,NVIDIA A100-SXM4-40GB MIG 4g.20gb (0),1,,13,cupy_copy__complex64_complex64
8754851227,8895,200580,103,1,1,128,1,1,16,0.000,0.000,,,,,NVIDIA A100-SXM4-40GB MIG 4g.20gb (0),1,,13,cupy_copy__complex64_complex64
8755284694,199229,200587,1,1,1,32,32,1,30,0.000,0.000,,,,,NVIDIA A100-SXM4-40GB MIG 4g.20gb (0),1,,13,"void convert_kernel<__half2, float2>(tensor_layout_any, T1 *, tensor_layout_any, const T2 *)"
8755514291,5984,200590,,,,,,,,,,0.094,15657.726,Pinned,Device,NVIDIA A100-SXM4-40GB MIG 4g.20gb (0),1,,13,[CUDA memcpy Host-to-Device]
8755954062,54623,200591,,,,,,,,,,35.810,655572.205,Device,,NVIDIA A100-SXM4-40GB MIG 4g.20gb (0),1,,13,[CUDA memset]
8756015725,3712,200593,,,,,,,,,,0.000,21.552,Pinned,Device,NVIDIA A100-SXM4-40GB MIG 4g.20gb (0),1,,13,[CUDA memcpy Host-to-Device]
8756021901,9632,200594,,,,,,,,,,0.197,20411.843,Pinned,Device,NVIDIA A100-SXM4-40GB MIG 4g.20gb (0),1,,13,[CUDA memcpy Host-to-Device]
8756626790,16544,200595,273,1,1,48,1,1,40,0.000,0.001,,,,,NVIDIA A100-SXM4-40GB MIG 4g.20gb (0),1,,13,"void pusch_noise_intf_est::noiseIntfEstNoDftSOfdmKernel<float, __half, float, float, (unsigned int)2, (unsigned int)1, (unsigned char)4, (unsigned char)4>(pusch_noise_intf_est::puschRxNoiseIntfEstDynDescr)"
8757274911,5472,200606,35,1,1,128,1,1,16,0.000,0.000,,,,,NVIDIA A100-SXM4-40GB MIG 4g.20gb (0),1,,13,cupy_copy__complex64_complex64
8757878328,3424,200615,1,1,1,1,1,1,18,0.000,0.000,,,,,NVIDIA A100-SXM4-40GB MIG 4g.20gb (0),1,,13,cupy_copy__float32_float32
8757889592,1792,200621,,,,,,,,,,0.000,2.232,Device,Pageable,NVIDIA A100-SXM4-40GB MIG 4g.20gb (0),1,,7,[CUDA memcpy Device-to-Host]
8758573200,17088,200632,1434,1,1,128,1,1,16,0.000,0.000,,,,,NVIDIA A100-SXM4-40GB MIG 4g.20gb (0),1,,13,cupy_copy__complex64_complex64
8759234569,7712,200639,103,1,1,128,1,1,16,0.000,0.000,,,,,NVIDIA A100-SXM4-40GB MIG 4g.20gb (0),1,,13,cupy_copy__complex64_complex64
8759893985,9088,200646,35,1,1,128,1,1,16,0.000,0.000,,,,,NVIDIA A100-SXM4-40GB MIG 4g.20gb (0),1,,13,cupy_copy__complex64_complex64
8760403451,10336,200653,1,1,1,1,1,1,18,0.000,0.000,,,,,NVIDIA A100-SXM4-40GB MIG 4g.20gb (0),1,,13,cupy_copy__float32_float32
8761042868,280445,200664,1,1,1,32,32,1,30,0.000,0.000,,,,,NVIDIA A100-SXM4-40GB MIG 4g.20gb (0),1,,13,"void convert_kernel<__half2, float2>(tensor_layout_any, T1 *, tensor_layout_any, const T2 *)"
8761353361,9439,200667,,,,,,,,,,0.094,9926.435,Pinned,Device,NVIDIA A100-SXM4-40GB MIG 4g.20gb (0),1,,13,[CUDA memcpy Host-to-Device]
8761813771,14432,200668,,,,,,,,,,1.547,107165.577,Device,,NVIDIA A100-SXM4-40GB MIG 4g.20gb (0),1,,13,[CUDA memset]
8761829643,6432,200673,,,,,,,,,,0.031,4865.652,Pinned,Device,NVIDIA A100-SXM4-40GB MIG 4g.20gb (0),1,,13,[CUDA memcpy Host-to-Device]
8761838699,12256,200674,,,,,,,,,,0.197,16041.640,Pinned,Device,NVIDIA A100-SXM4-40GB MIG 4g.20gb (0),1,,13,[CUDA memcpy Host-to-Device]
8762527203,21984,200675,273,1,1,8,4,1,39,0.002,0.000,,,,,NVIDIA A100-SXM4-40GB MIG 4g.20gb (0),1,,13,"void channel_eq::eqMmseCoefCompLowMimoKernel<float, float, float, (unsigned int)4, (unsigned int)1, (unsigned int)4>(const channel_eq::_puschRxChEqStatDescr *, channel_eq::_puschRxChEqCoefCompDynDescr)"
8763234619,22240,200676,273,1,1,12,11,1,51,0.002,0.000,,,,,NVIDIA A100-SXM4-40GB MIG 4g.20gb (0),1,,13,"void channel_eq::eqMmseSoftDemapKernel<float, __half, __half, float, (unsigned int)4, (unsigned short)16383>(channel_eq::_puschRxChEqStatDescr *, channel_eq::_puschRxChEqSoftDemapDynDescr)"
8763927603,705720,200677,1,1,1,32,32,1,30,0.000,0.000,,,,,NVIDIA A100-SXM4-40GB MIG 4g.20gb (0),1,,13,"void convert_kernel<float2, __half2>(tensor_layout_any, T1 *, tensor_layout_any, const T2 *)"
8765208613,13152,200689,2253,1,1,128,1,1,16,0.000,0.000,,,,,NVIDIA A100-SXM4-40GB MIG 4g.20gb (0),1,,13,cupy_copy__float16_float16
8765874589,5056,200698,282,1,1,128,1,1,16,0.000,0.000,,,,,NVIDIA A100-SXM4-40GB MIG 4g.20gb (0),1,,13,cupy_copy__complex64_complex64
8766536246,9535,200707,26,1,1,128,1,1,16,0.000,0.000,,,,,NVIDIA A100-SXM4-40GB MIG 4g.20gb (0),1,,13,cupy_copy__float32_float32
8766939537,5472,200716,103,1,1,128,1,1,16,0.000,0.000,,,,,NVIDIA A100-SXM4-40GB MIG 4g.20gb (0),1,,13,cupy_copy__complex64_complex64
8767556970,17184,200726,1434,1,1,128,1,1,16,0.000,0.000,,,,,NVIDIA A100-SXM4-40GB MIG 4g.20gb (0),1,,13,cupy_copy__complex64_complex64
8768185347,259325,200731,1,1,1,32,32,1,30,0.000,0.000,,,,,NVIDIA A100-SXM4-40GB MIG 4g.20gb (0),1,,13,"void convert_kernel<__half2, float2>(tensor_layout_any, T1 *, tensor_layout_any, const T2 *)"
8768475007,5920,200734,,,,,,,,,,0.094,15826.941,Pinned,Device,NVIDIA A100-SXM4-40GB MIG 4g.20gb (0),1,,13,[CUDA memcpy Host-to-Device]
8768903931,613081,200735,,,,,,,,,,456.561,744651.709,Device,,NVIDIA A100-SXM4-40GB MIG 4g.20gb (0),1,,13,[CUDA memset]
8769521428,54783,200740,,,,,,,,,,1.235,22541.433,Pinned,Device,NVIDIA A100-SXM4-40GB MIG 4g.20gb (0),1,,13,[CUDA memcpy Host-to-Device]
8769582131,10016,200741,,,,,,,,,,0.197,19629.343,Pinned,Device,NVIDIA A100-SXM4-40GB MIG 4g.20gb (0),1,,13,[CUDA memcpy Host-to-Device]
8770187596,12448,200742,69,4,1,48,1,1,76,0.002,0.000,,,,,NVIDIA A100-SXM4-40GB MIG 4g.20gb (0),1,,13,"void ch_est::windowedChEstPreNoDftSOfdmKernel<float, __half, float, (unsigned int)2, (unsigned int)1, (unsigned short)4>(ch_est::puschRxChEstStatDescr_t *, ch_est::puschRxChEstDynDescr_t *)"
8770930948,16191,200743,137,2,1,24,2,1,44,0.001,0.001,,,,,NVIDIA A100-SXM4-40GB MIG 4g.20gb (0),1,,13,"void ch_est::chEstFilterNoDftSOfdmDispatchKernel<float, __half, float, (unsigned int)2>(ch_est::puschRxChEstStatDescr_t *, ch_est::puschRxChEstDynDescr_t *)"
8771668731,10368,200744,137,2,1,24,2,1,44,0.001,0.001,,,,,NVIDIA A100-SXM4-40GB MIG 4g.20gb (0),1,,13,"void ch_est::chEstFilterNoDftSOfdmDispatchKernel<float, __half, float, (unsigned int)2>(ch_est::puschRxChEstStatDescr_t *, ch_est::puschRxChEstDynDescr_t *)"
8772304244,4352,200755,103,1,1,128,1,1,16,0.000,0.000,,,,,NVIDIA A100-SXM4-40GB MIG 4g.20gb (0),1,,13,cupy_copy__complex64_complex64
8772956844,18976,200765,1434,1,1,128,1,1,16,0.000,0.000,,,,,NVIDIA A100-SXM4-40GB MIG 4g.20gb (0),1,,13,cupy_copy__complex64_complex64
8773693028,5312,200772,103,1,1,128,1,1,16,0.000,0.000,,,,,NVIDIA A100-SXM4-40GB MIG 4g.20gb (0),1,,13,cupy_copy__complex64_complex64
8774391164,253821,200779,1,1,1,32,32,1,30,0.000,0.000,,,,,NVIDIA A100-SXM4-40GB MIG 4g.20gb (0),1,,13,"void convert_kernel<__half2, float2>(tensor_layout_any, T1 *, tensor_layout_any, const T2 *)"
8774676057,6592,200782,,,,,,,,,,0.094,14213.590,Pinned,Device,NVIDIA A100-SXM4-40GB MIG 4g.20gb (0),1,,13,[CUDA memcpy Host-to-Device]
8775175635,49792,200783,,,,,,,,,,35.810,719170.623,Device,,NVIDIA A100-SXM4-40GB MIG 4g.20gb (0),1,,13,[CUDA memset]
8775230515,1824,200785,,,,,,,,,,0.000,43.860,Pinned,Device,NVIDIA A100-SXM4-40GB MIG 4g.20gb (0),1,,13,[CUDA memcpy Host-to-Device]
8775235507,9695,200786,,,,,,,,,,0.197,20279.132,Pinned,Device,NVIDIA A100-SXM4-40GB MIG 4g.20gb (0),1,,13,[CUDA memcpy Host-to-Device]
8775872939,16736,200787,273,1,1,48,1,1,40,0.000,0.001,,,,,NVIDIA A100-SXM4-40GB MIG 4g.20gb (0),1,,13,"void pusch_noise_intf_est::noiseIntfEstNoDftSOfdmKernel<float, __half, float, float, (unsigned int)2, (unsigned int)1, (unsigned char)4, (unsigned char)4>(pusch_noise_intf_est::puschRxNoiseIntfEstDynDescr)"
8776522628,4416,200798,35,1,1,128,1,1,16,0.000,0.000,,,,,NVIDIA A100-SXM4-40GB MIG 4g.20gb (0),1,,13,cupy_copy__complex64_complex64
8777156381,3392,200807,1,1,1,1,1,1,18,0.000,0.000,,,,,NVIDIA A100-SXM4-40GB MIG 4g.20gb (0),1,,13,cupy_copy__float32_float32
8777162077,2112,200813,,,,,,,,,,0.000,1.894,Device,Pageable,NVIDIA A100-SXM4-40GB MIG 4g.20gb (0),1,,7,[CUDA memcpy Device-to-Host]
8777919284,15872,200824,1434,1,1,128,1,1,16,0.000,0.000,,,,,NVIDIA A100-SXM4-40GB MIG 4g.20gb (0),1,,13,cupy_copy__complex64_complex64
8778591212,5184,200831,103,1,1,128,1,1,16,0.000,0.000,,,,,NVIDIA A100-SXM4-40GB MIG 4g.20gb (0),1,,13,cupy_copy__complex64_complex64
8779135718,6592,200838,35,1,1,128,1,1,16,0.000,0.000,,,,,NVIDIA A100-SXM4-40GB MIG 4g.20gb (0),1,,13,cupy_copy__complex64_complex64
8779752991,3104,200845,1,1,1,1,1,1,18,0.000,0.000,,,,,NVIDIA A100-SXM4-40GB MIG 4g.20gb (0),1,,13,cupy_copy__float32_float32
8780357848,293629,200856,1,1,1,32,32,1,30,0.000,0.000,,,,,NVIDIA A100-SXM4-40GB MIG 4g.20gb (0),1,,13,"void convert_kernel<__half2, float2>(tensor_layout_any, T1 *, tensor_layout_any, const T2 *)"
8780681557,5952,200859,,,,,,,,,,0.094,15741.865,Pinned,Device,NVIDIA A100-SXM4-40GB MIG 4g.20gb (0),1,,13,[CUDA memcpy Host-to-Device]
8781327981,4640,200860,,,,,,,,,,1.547,333323.765,Device,,NVIDIA A100-SXM4-40GB MIG 4g.20gb (0),1,,13,[CUDA memset]
8781338573,3360,200865,,,,,,,,,,0.031,9314.284,Pinned,Device,NVIDIA A100-SXM4-40GB MIG 4g.20gb (0),1,,13,[CUDA memcpy Host-to-Device]
8781344557,9760,200866,,,,,,,,,,0.197,20144.259,Pinned,Device,NVIDIA A100-SXM4-40GB MIG 4g.20gb (0),1,,13,[CUDA memcpy Host-to-Device]
8782065413,17824,200867,273,1,1,8,4,1,39,0.002,0.000,,,,,NVIDIA A100-SXM4-40GB MIG 4g.20gb (0),1,,13,"void channel_eq::eqMmseCoefCompLowMimoKernel<float, float, float, (unsigned int)4, (unsigned int)1, (unsigned int)4>(const channel_eq::_puschRxChEqStatDescr *, channel_eq::_puschRxChEqCoefCompDynDescr)"
8782895291,10432,200868,273,1,1,12,11,1,51,0.002,0.000,,,,,NVIDIA A100-SXM4-40GB MIG 4g.20gb (0),1,,13,"void channel_eq::eqMmseSoftDemapKernel<float, __half, __half, float, (unsigned int)4, (unsigned short)16383>(channel_eq::_puschRxChEqStatDescr *, channel_eq::_puschRxChEqSoftDemapDynDescr)"
8783635251,711320,200869,1,1,1,32,32,1,30,0.000,0.000,,,,,NVIDIA A100-SXM4-40GB MIG 4g.20gb (0),1,,13,"void convert_kernel<float2, __half2>(tensor_layout_any, T1 *, tensor_layout_any, const T2 *)"
8784988772,14047,200881,2253,1,1,128,1,1,16,0.000,0.000,,,,,NVIDIA A100-SXM4-40GB MIG 4g.20gb (0),1,,13,cupy_copy__float16_float16
8785545853,4352,200890,282,1,1,128,1,1,16,0.000,0.000,,,,,NVIDIA A100-SXM4-40GB MIG 4g.20gb (0),1,,13,cupy_copy__complex64_complex64
8786145878,4352,200899,26,1,1,128,1,1,16,0.000,0.000,,,,,NVIDIA A100-SXM4-40GB MIG 4g.20gb (0),1,,13,cupy_copy__float32_float32
8786731408,11808,200908,103,1,1,128,1,1,16,0.000,0.000,,,,,NVIDIA A100-SXM4-40GB MIG 4g.20gb (0),1,,13,cupy_copy__complex64_complex64
8787130507,19872,200918,1434,1,1,128,1,1,16,0.000,0.000,,,,,NVIDIA A100-SXM4-40GB MIG 4g.20gb (0),1,,13,cupy_copy__complex64_complex64
8787537127,267485,200923,1,1,1,32,32,1,30,0.000,0.000,,,,,NVIDIA A100-SXM4-40GB MIG 4g.20gb (0),1,,13,"void convert_kernel<__half2, float2>(tensor_layout_any, T1 *, tensor_layout_any, const T2 *)"
8787834243,9568,200926,,,,,,,,,,0.094,9792.637,Pinned,Device,NVIDIA A100-SXM4-40GB MIG 4g.20gb (0),1,,13,[CUDA memcpy Host-to-Device]
8788463996,614201,200927,,,,,,,,,,456.561,743282.024,Device,,NVIDIA A100-SXM4-40GB MIG 4g.20gb (0),1,,13,[CUDA memset]
8789082165,54559,200932,,,,,,,,,,1.235,22634.054,Pinned,Device,NVIDIA A100-SXM4-40GB MIG 4g.20gb (0),1,,13,[CUDA memcpy Host-to-Device]
8789139380,9440,200933,,,,,,,,,,0.197,20827.079,Pinned,Device,NVIDIA A100-SXM4-40GB MIG 4g.20gb (0),1,,13,[CUDA memcpy Host-to-Device]
8789720558,19200,200934,69,4,1,48,1,1,76,0.002,0.000,,,,,NVIDIA A100-SXM4-40GB MIG 4g.20gb (0),1,,13,"void ch_est::windowedChEstPreNoDftSOfdmKernel<float, __half, float, (unsigned int)2, (unsigned int)1, (unsigned short)4>(ch_est::puschRxChEstStatDescr_t *, ch_est::puschRxChEstDynDescr_t *)"
8790287879,25408,200935,137,2,1,24,2,1,44,0.001,0.001,,,,,NVIDIA A100-SXM4-40GB MIG 4g.20gb (0),1,,13,"void ch_est::chEstFilterNoDftSOfdmDispatchKernel<float, __half, float, (unsigned int)2>(ch_est::puschRxChEstStatDescr_t *, ch_est::puschRxChEstDynDescr_t *)"
8790689283,9472,200936,137,2,1,24,2,1,44,0.001,0.001,,,,,NVIDIA A100-SXM4-40GB MIG 4g.20gb (0),1,,13,"void ch_est::chEstFilterNoDftSOfdmDispatchKernel<float, __half, float, (unsigned int)2>(ch_est::puschRxChEstStatDescr_t *, ch_est::puschRxChEstDynDescr_t *)"
8791321628,8191,200947,103,1,1,128,1,1,16,0.000,0.000,,,,,NVIDIA A100-SXM4-40GB MIG 4g.20gb (0),1,,13,cupy_copy__complex64_complex64
8791998900,17312,200957,1434,1,1,128,1,1,16,0.000,0.000,,,,,NVIDIA A100-SXM4-40GB MIG 4g.20gb (0),1,,13,cupy_copy__complex64_complex64
8792745803,5056,200964,103,1,1,128,1,1,16,0.000,0.000,,,,,NVIDIA A100-SXM4-40GB MIG 4g.20gb (0),1,,13,cupy_copy__complex64_complex64
8793446499,258877,200971,1,1,1,32,32,1,30,0.000,0.000,,,,,NVIDIA A100-SXM4-40GB MIG 4g.20gb (0),1,,13,"void convert_kernel<__half2, float2>(tensor_layout_any, T1 *, tensor_layout_any, const T2 *)"
8793734496,7968,200974,,,,,,,,,,0.094,11759.035,Pinned,Device,NVIDIA A100-SXM4-40GB MIG 4g.20gb (0),1,,13,[CUDA memcpy Host-to-Device]
8794336217,49152,200975,,,,,,,,,,35.810,728552.822,Device,,NVIDIA A100-SXM4-40GB MIG 4g.20gb (0),1,,13,[CUDA memset]
8794388729,3296,200977,,,,,,,,,,0.000,24.272,Pinned,Device,NVIDIA A100-SXM4-40GB MIG 4g.20gb (0),1,,13,[CUDA memcpy Host-to-Device]
8794398840,9760,200978,,,,,,,,,,0.197,20144.259,Pinned,Device,NVIDIA A100-SXM4-40GB MIG 4g.20gb (0),1,,13,[CUDA memcpy Host-to-Device]
8795113488,17056,200979,273,1,1,48,1,1,40,0.000,0.001,,,,,NVIDIA A100-SXM4-40GB MIG 4g.20gb (0),1,,13,"void pusch_noise_intf_est::noiseIntfEstNoDftSOfdmKernel<float, __half, float, float, (unsigned int)2, (unsigned int)1, (unsigned char)4, (unsigned char)4>(pusch_noise_intf_est::puschRxNoiseIntfEstDynDescr)"
8795842856,4512,200990,35,1,1,128,1,1,16,0.000,0.000,,,,,NVIDIA A100-SXM4-40GB MIG 4g.20gb (0),1,,13,cupy_copy__complex64_complex64
8796463969,3648,200999,1,1,1,1,1,1,18,0.000,0.000,,,,,NVIDIA A100-SXM4-40GB MIG 4g.20gb (0),1,,13,cupy_copy__float32_float32
8796474497,3360,201005,,,,,,,,,,0.000,1.190,Device,Pageable,NVIDIA A100-SXM4-40GB MIG 4g.20gb (0),1,,7,[CUDA memcpy Device-to-Host]
8797113402,18207,201016,1434,1,1,128,1,1,16,0.000,0.000,,,,,NVIDIA A100-SXM4-40GB MIG 4g.20gb (0),1,,13,cupy_copy__complex64_complex64
8797770834,4704,201023,103,1,1,128,1,1,16,0.000,0.000,,,,,NVIDIA A100-SXM4-40GB MIG 4g.20gb (0),1,,13,cupy_copy__complex64_complex64
8798442858,6592,201030,35,1,1,128,1,1,16,0.000,0.000,,,,,NVIDIA A100-SXM4-40GB MIG 4g.20gb (0),1,,13,cupy_copy__complex64_complex64
8799253665,3040,201037,1,1,1,1,1,1,18,0.000,0.000,,,,,NVIDIA A100-SXM4-40GB MIG 4g.20gb (0),1,,13,cupy_copy__float32_float32
8799798011,238045,201048,1,1,1,32,32,1,30,0.000,0.000,,,,,NVIDIA A100-SXM4-40GB MIG 4g.20gb (0),1,,13,"void convert_kernel<__half2, float2>(tensor_layout_any, T1 *, tensor_layout_any, const T2 *)"
8800067608,5472,201051,,,,,,,,,,0.094,17122.757,Pinned,Device,NVIDIA A100-SXM4-40GB MIG 4g.20gb (0),1,,13,[CUDA memcpy Host-to-Device]
8800721105,4384,201052,,,,,,,,,,1.547,352788.028,Device,,NVIDIA A100-SXM4-40GB MIG 4g.20gb (0),1,,13,[CUDA memset]
8800727344,4064,201057,,,,,,,,,,0.031,7700.756,Pinned,Device,NVIDIA A100-SXM4-40GB MIG 4g.20gb (0),1,,13,[CUDA memcpy Host-to-Device]
8800733936,13312,201058,,,,,,,,,,0.197,14769.193,Pinned,Device,NVIDIA A100-SXM4-40GB MIG 4g.20gb (0),1,,13,[CUDA memcpy Host-to-Device]
8801443752,16832,201059,273,1,1,8,4,1,39,0.002,0.000,,,,,NVIDIA A100-SXM4-40GB MIG 4g.20gb (0),1,,13,"void channel_eq::eqMmseCoefCompLowMimoKernel<float, float, float, (unsigned int)4, (unsigned int)1, (unsigned int)4>(const channel_eq::_puschRxChEqStatDescr *, channel_eq::_puschRxChEqCoefCompDynDescr)"
8802217568,22239,201060,273,1,1,12,11,1,51,0.002,0.000,,,,,NVIDIA A100-SXM4-40GB MIG 4g.20gb (0),1,,13,"void channel_eq::eqMmseSoftDemapKernel<float, __half, __half, float, (unsigned int)4, (unsigned short)16383>(channel_eq::_puschRxChEqStatDescr *, channel_eq::_puschRxChEqSoftDemapDynDescr)"
8802994199,703352,201061,1,1,1,32,32,1,30,0.000,0.000,,,,,NVIDIA A100-SXM4-40GB MIG 4g.20gb (0),1,,13,"void convert_kernel<float2, __half2>(tensor_layout_any, T1 *, tensor_layout_any, const T2 *)"
8804496902,13087,201073,2253,1,1,128,1,1,16,0.000,0.000,,,,,NVIDIA A100-SXM4-40GB MIG 4g.20gb (0),1,,13,cupy_copy__float16_float16
8805342332,5184,201082,282,1,1,128,1,1,16,0.000,0.000,,,,,NVIDIA A100-SXM4-40GB MIG 4g.20gb (0),1,,13,cupy_copy__complex64_complex64
8806179282,4000,201091,26,1,1,128,1,1,16,0.000,0.000,,,,,NVIDIA A100-SXM4-40GB MIG 4g.20gb (0),1,,13,cupy_copy__float32_float32
8806972681,13760,201100,103,1,1,128,1,1,16,0.000,0.000,,,,,NVIDIA A100-SXM4-40GB MIG 4g.20gb (0),1,,13,cupy_copy__complex64_complex64
8807408516,16448,201110,1434,1,1,128,1,1,16,0.000,0.000,,,,,NVIDIA A100-SXM4-40GB MIG 4g.20gb (0),1,,13,cupy_copy__complex64_complex64
8808093341,250333,201115,1,1,1,32,32,1,30,0.000,0.000,,,,,NVIDIA A100-SXM4-40GB MIG 4g.20gb (0),1,,13,"void convert_kernel<__half2, float2>(tensor_layout_any, T1 *, tensor_layout_any, const T2 *)"
8808378617,13408,201118,,,,,,,,,,0.094,6988.035,Pinned,Device,NVIDIA A100-SXM4-40GB MIG 4g.20gb (0),1,,13,[CUDA memcpy Host-to-Device]
8809033586,607609,201119,,,,,,,,,,456.561,751043.569,Device,,NVIDIA A100-SXM4-40GB MIG 4g.20gb (0),1,,13,[CUDA memset]
8809648107,62655,201124,,,,,,,,,,1.235,19709.706,Pinned,Device,NVIDIA A100-SXM4-40GB MIG 4g.20gb (0),1,,13,[CUDA memcpy Host-to-Device]
8809713482,11136,201125,,,,,,,,,,0.197,17655.005,Pinned,Device,NVIDIA A100-SXM4-40GB MIG 4g.20gb (0),1,,13,[CUDA memcpy Host-to-Device]
8810369347,10784,201126,69,4,1,48,1,1,76,0.002,0.000,,,,,NVIDIA A100-SXM4-40GB MIG 4g.20gb (0),1,,13,"void ch_est::windowedChEstPreNoDftSOfdmKernel<float, __half, float, (unsigned int)2, (unsigned int)1, (unsigned short)4>(ch_est::puschRxChEstStatDescr_t *, ch_est::puschRxChEstDynDescr_t *)"
8811133690,9952,201127,137,2,1,24,2,1,44,0.001,0.001,,,,,NVIDIA A100-SXM4-40GB MIG 4g.20gb (0),1,,13,"void ch_est::chEstFilterNoDftSOfdmDispatchKernel<float, __half, float, (unsigned int)2>(ch_est::puschRxChEstStatDescr_t *, ch_est::puschRxChEstDynDescr_t *)"
8811787923,11231,201128,137,2,1,24,2,1,44,0.001,0.001,,,,,NVIDIA A100-SXM4-40GB MIG 4g.20gb (0),1,,13,"void ch_est::chEstFilterNoDftSOfdmDispatchKernel<float, __half, float, (unsigned int)2>(ch_est::puschRxChEstStatDescr_t *, ch_est::puschRxChEstDynDescr_t *)"
8812434955,5056,201139,103,1,1,128,1,1,16,0.000,0.000,,,,,NVIDIA A100-SXM4-40GB MIG 4g.20gb (0),1,,13,cupy_copy__complex64_complex64
8813077252,16672,201149,1434,1,1,128,1,1,16,0.000,0.000,,,,,NVIDIA A100-SXM4-40GB MIG 4g.20gb (0),1,,13,cupy_copy__complex64_complex64
8813736220,4544,201156,103,1,1,128,1,1,16,0.000,0.000,,,,,NVIDIA A100-SXM4-40GB MIG 4g.20gb (0),1,,13,cupy_copy__complex64_complex64
8814334166,260029,201163,1,1,1,32,32,1,30,0.000,0.000,,,,,NVIDIA A100-SXM4-40GB MIG 4g.20gb (0),1,,13,"void convert_kernel<__half2, float2>(tensor_layout_any, T1 *, tensor_layout_any, const T2 *)"
8814624050,6080,201166,,,,,,,,,,0.094,15410.462,Pinned,Device,NVIDIA A100-SXM4-40GB MIG 4g.20gb (0),1,,13,[CUDA memcpy Host-to-Device]
8815060237,57888,201167,,,,,,,,,,35.810,618580.558,Device,,NVIDIA A100-SXM4-40GB MIG 4g.20gb (0),1,,13,[CUDA memset]
8815126157,1888,201169,,,,,,,,,,0.000,42.373,Pinned,Device,NVIDIA A100-SXM4-40GB MIG 4g.20gb (0),1,,13,[CUDA memcpy Host-to-Device]
8815130477,9503,201170,,,,,,,,,,0.197,20688.863,Pinned,Device,NVIDIA A100-SXM4-40GB MIG 4g.20gb (0),1,,13,[CUDA memcpy Host-to-Device]
8815841988,15328,201171,273,1,1,48,1,1,40,0.000,0.001,,,,,NVIDIA A100-SXM4-40GB MIG 4g.20gb (0),1,,13,"void pusch_noise_intf_est::noiseIntfEstNoDftSOfdmKernel<float, __half, float, float, (unsigned int)2, (unsigned int)1, (unsigned char)4, (unsigned char)4>(pusch_noise_intf_est::puschRxNoiseIntfEstDynDescr)"
8816570588,5760,201182,35,1,1,128,1,1,16,0.000,0.000,,,,,NVIDIA A100-SXM4-40GB MIG 4g.20gb (0),1,,13,cupy_copy__complex64_complex64
8817250996,3456,201191,1,1,1,1,1,1,18,0.000,0.000,,,,,NVIDIA A100-SXM4-40GB MIG 4g.20gb (0),1,,13,cupy_copy__float32_float32
8817257460,1888,201197,,,,,,,,,,0.000,2.119,Device,Pageable,NVIDIA A100-SXM4-40GB MIG 4g.20gb (0),1,,7,[CUDA memcpy Device-to-Host]
8817933965,17055,201208,1434,1,1,128,1,1,16,0.000,0.000,,,,,NVIDIA A100-SXM4-40GB MIG 4g.20gb (0),1,,13,cupy_copy__complex64_complex64
8818588645,4480,201215,103,1,1,128,1,1,16,0.000,0.000,,,,,NVIDIA A100-SXM4-40GB MIG 4g.20gb (0),1,,13,cupy_copy__complex64_complex64
8819185182,10016,201222,35,1,1,128,1,1,16,0.000,0.000,,,,,NVIDIA A100-SXM4-40GB MIG 4g.20gb (0),1,,13,cupy_copy__complex64_complex64
8819580890,7616,201229,1,1,1,1,1,1,18,0.000,0.000,,,,,NVIDIA A100-SXM4-40GB MIG 4g.20gb (0),1,,13,cupy_copy__float32_float32
8820202387,289789,201240,1,1,1,32,32,1,30,0.000,0.000,,,,,NVIDIA A100-SXM4-40GB MIG 4g.20gb (0),1,,13,"void convert_kernel<__half2, float2>(tensor_layout_any, T1 *, tensor_layout_any, const T2 *)"
8820522319,5504,201243,,,,,,,,,,0.094,17023.251,Pinned,Device,NVIDIA A100-SXM4-40GB MIG 4g.20gb (0),1,,13,[CUDA memcpy Host-to-Device]
8821015274,10784,201244,,,,,,,,,,1.547,143416.897,Device,,NVIDIA A100-SXM4-40GB MIG 4g.20gb (0),1,,13,[CUDA memset]
8821031113,3104,201249,,,,,,,,,,0.031,10082.445,Pinned,Device,NVIDIA A100-SXM4-40GB MIG 4g.20gb (0),1,,13,[CUDA memcpy Host-to-Device]
8821040233,9888,201250,,,,,,,,,,0.197,19883.360,Pinned,Device,NVIDIA A100-SXM4-40GB MIG 4g.20gb (0),1,,13,[CUDA memcpy Host-to-Device]
8821770145,25088,201251,273,1,1,8,4,1,39,0.002,0.000,,,,,NVIDIA A100-SXM4-40GB MIG 4g.20gb (0),1,,13,"void channel_eq::eqMmseCoefCompLowMimoKernel<float, float, float, (unsigned int)4, (unsigned int)1, (unsigned int)4>(const channel_eq::_puschRxChEqStatDescr *, channel_eq::_puschRxChEqCoefCompDynDescr)"
8822441689,10464,201252,273,1,1,12,11,1,51,0.002,0.000,,,,,NVIDIA A100-SXM4-40GB MIG 4g.20gb (0),1,,13,"void channel_eq::eqMmseSoftDemapKernel<float, __half, __half, float, (unsigned int)4, (unsigned short)16383>(channel_eq::_puschRxChEqStatDescr *, channel_eq::_puschRxChEqSoftDemapDynDescr)"
8822856981,700024,201253,1,1,1,32,32,1,30,0.000,0.000,,,,,NVIDIA A100-SXM4-40GB MIG 4g.20gb (0),1,,13,"void convert_kernel<float2, __half2>(tensor_layout_any, T1 *, tensor_layout_any, const T2 *)"
8823933192,13696,201265,2253,1,1,128,1,1,16,0.000,0.000,,,,,NVIDIA A100-SXM4-40GB MIG 4g.20gb (0),1,,13,cupy_copy__float16_float16
8824352804,8896,201274,282,1,1,128,1,1,16,0.000,0.000,,,,,NVIDIA A100-SXM4-40GB MIG 4g.20gb (0),1,,13,cupy_copy__complex64_complex64
8824823134,3840,201283,26,1,1,128,1,1,16,0.000,0.000,,,,,NVIDIA A100-SXM4-40GB MIG 4g.20gb (0),1,,13,cupy_copy__float32_float32
8825285017,12672,201292,103,1,1,128,1,1,16,0.000,0.000,,,,,NVIDIA A100-SXM4-40GB MIG 4g.20gb (0),1,,13,cupy_copy__complex64_complex64
8825613109,20416,201302,1434,1,1,128,1,1,16,0.000,0.000,,,,,NVIDIA A100-SXM4-40GB MIG 4g.20gb (0),1,,13,cupy_copy__complex64_complex64
8826114960,250077,201307,1,1,1,32,32,1,30,0.000,0.000,,,,,NVIDIA A100-SXM4-40GB MIG 4g.20gb (0),1,,13,"void convert_kernel<__half2, float2>(tensor_layout_any, T1 *, tensor_layout_any, const T2 *)"
8826398348,8640,201310,,,,,,,,,,0.094,10844.375,Pinned,Device,NVIDIA A100-SXM4-40GB MIG 4g.20gb (0),1,,13,[CUDA memcpy Host-to-Device]
8826867047,608921,201311,,,,,,,,,,456.561,749673.884,Device,,NVIDIA A100-SXM4-40GB MIG 4g.20gb (0),1,,13,[CUDA memset]
8827478688,69791,201316,,,,,,,,,,1.235,17694.278,Pinned,Device,NVIDIA A100-SXM4-40GB MIG 4g.20gb (0),1,,13,[CUDA memcpy Host-to-Device]
8827552895,15328,201317,,,,,,,,,,0.197,12826.706,Pinned,Device,NVIDIA A100-SXM4-40GB MIG 4g.20gb (0),1,,13,[CUDA memcpy Host-to-Device]
8827958651,11967,201318,69,4,1,48,1,1,76,0.002,0.000,,,,,NVIDIA A100-SXM4-40GB MIG 4g.20gb (0),1,,13,"void ch_est::windowedChEstPreNoDftSOfdmKernel<float, __half, float, (unsigned int)2, (unsigned int)1, (unsigned short)4>(ch_est::puschRxChEstStatDescr_t *, ch_est::puschRxChEstDynDescr_t *)"
8828442549,10944,201319,137,2,1,24,2,1,44,0.001,0.001,,,,,NVIDIA A100-SXM4-40GB MIG 4g.20gb (0),1,,13,"void ch_est::chEstFilterNoDftSOfdmDispatchKernel<float, __half, float, (unsigned int)2>(ch_est::puschRxChEstStatDescr_t *, ch_est::puschRxChEstDynDescr_t *)"
8828990703,8864,201320,137,2,1,24,2,1,44,0.001,0.001,,,,,NVIDIA A100-SXM4-40GB MIG 4g.20gb (0),1,,13,"void ch_est::chEstFilterNoDftSOfdmDispatchKernel<float, __half, float, (unsigned int)2>(ch_est::puschRxChEstStatDescr_t *, ch_est::puschRxChEstDynDescr_t *)"
8829574600,5536,201331,103,1,1,128,1,1,16,0.000,0.000,,,,,NVIDIA A100-SXM4-40GB MIG 4g.20gb (0),1,,13,cupy_copy__complex64_complex64
8830165218,16095,201341,1434,1,1,128,1,1,16,0.000,0.000,,,,,NVIDIA A100-SXM4-40GB MIG 4g.20gb (0),1,,13,cupy_copy__complex64_complex64
8830758971,5120,201348,103,1,1,128,1,1,16,0.000,0.000,,,,,NVIDIA A100-SXM4-40GB MIG 4g.20gb (0),1,,13,cupy_copy__complex64_complex64
8831246677,268157,201355,1,1,1,32,32,1,30,0.000,0.000,,,,,NVIDIA A100-SXM4-40GB MIG 4g.20gb (0),1,,13,"void convert_kernel<__half2, float2>(tensor_layout_any, T1 *, tensor_layout_any, const T2 *)"
8831543986,5952,201358,,,,,,,,,,0.094,15741.865,Pinned,Device,NVIDIA A100-SXM4-40GB MIG 4g.20gb (0),1,,13,[CUDA memcpy Host-to-Device]
8831933869,50880,201359,,,,,,,,,,35.810,703808.168,Device,,NVIDIA A100-SXM4-40GB MIG 4g.20gb (0),1,,13,[CUDA memset]
8831990509,2016,201361,,,,,,,,,,0.000,39.682,Pinned,Device,NVIDIA A100-SXM4-40GB MIG 4g.20gb (0),1,,13,[CUDA memcpy Host-to-Device]
8831997773,9504,201362,,,,,,,,,,0.197,20686.701,Pinned,Device,NVIDIA A100-SXM4-40GB MIG 4g.20gb (0),1,,13,[CUDA memcpy Host-to-Device]
8832469991,16704,201363,273,1,1,48,1,1,40,0.000,0.001,,,,,NVIDIA A100-SXM4-40GB MIG 4g.20gb (0),1,,13,"void pusch_noise_intf_est::noiseIntfEstNoDftSOfdmKernel<float, __half, float, float, (unsigned int)2, (unsigned int)1, (unsigned char)4, (unsigned char)4>(pusch_noise_intf_est::puschRxNoiseIntfEstDynDescr)"
8833027169,4352,201374,35,1,1,128,1,1,16,0.000,0.000,,,,,NVIDIA A100-SXM4-40GB MIG 4g.20gb (0),1,,13,cupy_copy__complex64_complex64
8833599098,3072,201383,1,1,1,1,1,1,18,0.000,0.000,,,,,NVIDIA A100-SXM4-40GB MIG 4g.20gb (0),1,,13,cupy_copy__float32_float32
8833610490,1824,201389,,,,,,,,,,0.000,2.193,Device,Pageable,NVIDIA A100-SXM4-40GB MIG 4g.20gb (0),1,,7,[CUDA memcpy Device-to-Host]
8834244467,16992,201400,1434,1,1,128,1,1,16,0.000,0.000,,,,,NVIDIA A100-SXM4-40GB MIG 4g.20gb (0),1,,13,cupy_copy__complex64_complex64
8834741901,15648,201407,103,1,1,128,1,1,16,0.000,0.000,,,,,NVIDIA A100-SXM4-40GB MIG 4g.20gb (0),1,,13,cupy_copy__complex64_complex64
8835207944,4864,201414,35,1,1,128,1,1,16,0.000,0.000,,,,,NVIDIA A100-SXM4-40GB MIG 4g.20gb (0),1,,13,cupy_copy__complex64_complex64
8835710050,4672,201421,1,1,1,1,1,1,18,0.000,0.000,,,,,NVIDIA A100-SXM4-40GB MIG 4g.20gb (0),1,,13,cupy_copy__float32_float32
8836020383,242557,201432,1,1,1,32,32,1,30,0.000,0.000,,,,,NVIDIA A100-SXM4-40GB MIG 4g.20gb (0),1,,13,"void convert_kernel<__half2, float2>(tensor_layout_any, T1 *, tensor_layout_any, const T2 *)"
8836293308,6752,201435,,,,,,,,,,0.094,13876.752,Pinned,Device,NVIDIA A100-SXM4-40GB MIG 4g.20gb (0),1,,13,[CUDA memcpy Host-to-Device]
8836830486,4832,201436,,,,,,,,,,1.547,320078.477,Device,,NVIDIA A100-SXM4-40GB MIG 4g.20gb (0),1,,13,[CUDA memset]
8836843318,5631,201441,,,,,,,,,,0.031,5557.794,Pinned,Device,NVIDIA A100-SXM4-40GB MIG 4g.20gb (0),1,,13,[CUDA memcpy Host-to-Device]
8836851349,9792,201442,,,,,,,,,,0.197,20078.395,Pinned,Device,NVIDIA A100-SXM4-40GB MIG 4g.20gb (0),1,,13,[CUDA memcpy Host-to-Device]
8837430351,21056,201443,273,1,1,8,4,1,39,0.002,0.000,,,,,NVIDIA A100-SXM4-40GB MIG 4g.20gb (0),1,,13,"void channel_eq::eqMmseCoefCompLowMimoKernel<float, float, float, (unsigned int)4, (unsigned int)1, (unsigned int)4>(const channel_eq::_puschRxChEqStatDescr *, channel_eq::_puschRxChEqCoefCompDynDescr)"
8838063688,10688,201444,273,1,1,12,11,1,51,0.002,0.000,,,,,NVIDIA A100-SXM4-40GB MIG 4g.20gb (0),1,,13,"void channel_eq::eqMmseSoftDemapKernel<float, __half, __half, float, (unsigned int)4, (unsigned short)16383>(channel_eq::_puschRxChEqStatDescr *, channel_eq::_puschRxChEqSoftDemapDynDescr)"
8838701184,690329,201445,1,1,1,32,32,1,30,0.000,0.000,,,,,NVIDIA A100-SXM4-40GB MIG 4g.20gb (0),1,,13,"void convert_kernel<float2, __half2>(tensor_layout_any, T1 *, tensor_layout_any, const T2 *)"
8839790004,13952,201457,2253,1,1,128,1,1,16,0.000,0.000,,,,,NVIDIA A100-SXM4-40GB MIG 4g.20gb (0),1,,13,cupy_copy__float16_float16
8840272526,5440,201466,282,1,1,128,1,1,16,0.000,0.000,,,,,NVIDIA A100-SXM4-40GB MIG 4g.20gb (0),1,,13,cupy_copy__complex64_complex64
8840750601,4288,201475,26,1,1,128,1,1,16,0.000,0.000,,,,,NVIDIA A100-SXM4-40GB MIG 4g.20gb (0),1,,13,cupy_copy__float32_float32
8841184004,12608,201484,103,1,1,128,1,1,16,0.000,0.000,,,,,NVIDIA A100-SXM4-40GB MIG 4g.20gb (0),1,,13,cupy_copy__complex64_complex64
8841420801,19584,201494,1434,1,1,128,1,1,16,0.000,0.000,,,,,NVIDIA A100-SXM4-40GB MIG 4g.20gb (0),1,,13,cupy_copy__complex64_complex64
8841887740,286013,201499,1,1,1,32,32,1,30,0.000,0.000,,,,,NVIDIA A100-SXM4-40GB MIG 4g.20gb (0),1,,13,"void convert_kernel<__half2, float2>(tensor_layout_any, T1 *, tensor_layout_any, const T2 *)"
8842204409,6047,201502,,,,,,,,,,0.094,15494.601,Pinned,Device,NVIDIA A100-SXM4-40GB MIG 4g.20gb (0),1,,13,[CUDA memcpy Host-to-Device]
8842542517,613881,201503,,,,,,,,,,456.561,743282.024,Device,,NVIDIA A100-SXM4-40GB MIG 4g.20gb (0),1,,13,[CUDA memset]
8843162254,52767,201508,,,,,,,,,,1.235,23403.424,Pinned,Device,NVIDIA A100-SXM4-40GB MIG 4g.20gb (0),1,,13,[CUDA memcpy Host-to-Device]
8843217453,9632,201509,,,,,,,,,,0.197,20411.843,Pinned,Device,NVIDIA A100-SXM4-40GB MIG 4g.20gb (0),1,,13,[CUDA memcpy Host-to-Device]
8843654920,11680,201510,69,4,1,48,1,1,76,0.002,0.000,,,,,NVIDIA A100-SXM4-40GB MIG 4g.20gb (0),1,,13,"void ch_est::windowedChEstPreNoDftSOfdmKernel<float, __half, float, (unsigned int)2, (unsigned int)1, (unsigned short)4>(ch_est::puschRxChEstStatDescr_t *, ch_est::puschRxChEstDynDescr_t *)"
8844054371,9728,201511,137,2,1,24,2,1,44,0.001,0.001,,,,,NVIDIA A100-SXM4-40GB MIG 4g.20gb (0),1,,13,"void ch_est::chEstFilterNoDftSOfdmDispatchKernel<float, __half, float, (unsigned int)2>(ch_est::puschRxChEstStatDescr_t *, ch_est::puschRxChEstDynDescr_t *)"
8844425791,9888,201512,137,2,1,24,2,1,44,0.001,0.001,,,,,NVIDIA A100-SXM4-40GB MIG 4g.20gb (0),1,,13,"void ch_est::chEstFilterNoDftSOfdmDispatchKernel<float, __half, float, (unsigned int)2>(ch_est::puschRxChEstStatDescr_t *, ch_est::puschRxChEstDynDescr_t *)"
8844800443,4352,201523,103,1,1,128,1,1,16,0.000,0.000,,,,,NVIDIA A100-SXM4-40GB MIG 4g.20gb (0),1,,13,cupy_copy__complex64_complex64
8845132279,22976,201533,1434,1,1,128,1,1,16,0.000,0.000,,,,,NVIDIA A100-SXM4-40GB MIG 4g.20gb (0),1,,13,cupy_copy__complex64_complex64
8845448724,4960,201540,103,1,1,128,1,1,16,0.000,0.000,,,,,NVIDIA A100-SXM4-40GB MIG 4g.20gb (0),1,,13,cupy_copy__complex64_complex64
8845779824,223645,201547,1,1,1,32,32,1,30,0.000,0.000,,,,,NVIDIA A100-SXM4-40GB MIG 4g.20gb (0),1,,13,"void convert_kernel<__half2, float2>(tensor_layout_any, T1 *, tensor_layout_any, const T2 *)"
8846032877,5472,201550,,,,,,,,,,0.094,17122.757,Pinned,Device,NVIDIA A100-SXM4-40GB MIG 4g.20gb (0),1,,13,[CUDA memcpy Host-to-Device]
8846294730,55391,201551,,,,,,,,,,35.810,646476.486,Device,,NVIDIA A100-SXM4-40GB MIG 4g.20gb (0),1,,13,[CUDA memset]
8846355017,2176,201553,,,,,,,,,,0.000,36.765,Pinned,Device,NVIDIA A100-SXM4-40GB MIG 4g.20gb (0),1,,13,[CUDA memcpy Host-to-Device]
8846362505,9440,201554,,,,,,,,,,0.197,20827.079,Pinned,Device,NVIDIA A100-SXM4-40GB MIG 4g.20gb (0),1,,13,[CUDA memcpy Host-to-Device]
8846738021,16032,201555,273,1,1,48,1,1,40,0.000,0.001,,,,,NVIDIA A100-SXM4-40GB MIG 4g.20gb (0),1,,13,"void pusch_noise_intf_est::noiseIntfEstNoDftSOfdmKernel<float, __half, float, float, (unsigned int)2, (unsigned int)1, (unsigned char)4, (unsigned char)4>(pusch_noise_intf_est::puschRxNoiseIntfEstDynDescr)"
8847111809,5024,201566,35,1,1,128,1,1,16,0.000,0.000,,,,,NVIDIA A100-SXM4-40GB MIG 4g.20gb (0),1,,13,cupy_copy__complex64_complex64
8847486460,3136,201575,1,1,1,1,1,1,18,0.000,0.000,,,,,NVIDIA A100-SXM4-40GB MIG 4g.20gb (0),1,,13,cupy_copy__float32_float32
8847497500,1632,201581,,,,,,,,,,0.000,2.451,Device,Pageable,NVIDIA A100-SXM4-40GB MIG 4g.20gb (0),1,,7,[CUDA memcpy Device-to-Host]
8847851672,15072,201592,1434,1,1,128,1,1,16,0.000,0.000,,,,,NVIDIA A100-SXM4-40GB MIG 4g.20gb (0),1,,13,cupy_copy__complex64_complex64
8848249652,4992,201599,103,1,1,128,1,1,16,0.000,0.000,,,,,NVIDIA A100-SXM4-40GB MIG 4g.20gb (0),1,,13,cupy_copy__complex64_complex64
8848576848,6816,201606,35,1,1,128,1,1,16,0.000,0.000,,,,,NVIDIA A100-SXM4-40GB MIG 4g.20gb (0),1,,13,cupy_copy__complex64_complex64
8848876269,2592,201613,1,1,1,1,1,1,18,0.000,0.000,,,,,NVIDIA A100-SXM4-40GB MIG 4g.20gb (0),1,,13,cupy_copy__float32_float32
8849269896,275005,201624,1,1,1,32,32,1,30,0.000,0.000,,,,,NVIDIA A100-SXM4-40GB MIG 4g.20gb (0),1,,13,"void convert_kernel<__half2, float2>(tensor_layout_any, T1 *, tensor_layout_any, const T2 *)"
8849575557,5664,201627,,,,,,,,,,0.094,16542.310,Pinned,Device,NVIDIA A100-SXM4-40GB MIG 4g.20gb (0),1,,13,[CUDA memcpy Host-to-Device]
8849981792,13408,201628,,,,,,,,,,1.547,115350.311,Device,,NVIDIA A100-SXM4-40GB MIG 4g.20gb (0),1,,13,[CUDA memset]
8849997952,7200,201633,,,,,,,,,,0.031,4346.639,Pinned,Device,NVIDIA A100-SXM4-40GB MIG 4g.20gb (0),1,,13,[CUDA memcpy Host-to-Device]
8850011008,11200,201634,,,,,,,,,,0.197,17554.145,Pinned,Device,NVIDIA A100-SXM4-40GB MIG 4g.20gb (0),1,,13,[CUDA memcpy Host-to-Device]
8850396827,13824,201635,273,1,1,8,4,1,39,0.002,0.000,,,,,NVIDIA A100-SXM4-40GB MIG 4g.20gb (0),1,,13,"void channel_eq::eqMmseCoefCompLowMimoKernel<float, float, float, (unsigned int)4, (unsigned int)1, (unsigned int)4>(const channel_eq::_puschRxChEqStatDescr *, channel_eq::_puschRxChEqCoefCompDynDescr)"
8850871926,10624,201636,273,1,1,12,11,1,51,0.002,0.000,,,,,NVIDIA A100-SXM4-40GB MIG 4g.20gb (0),1,,13,"void channel_eq::eqMmseSoftDemapKernel<float, __half, __half, float, (unsigned int)4, (unsigned short)16383>(channel_eq::_puschRxChEqStatDescr *, channel_eq::_puschRxChEqSoftDemapDynDescr)"
8851315985,725272,201637,1,1,1,32,32,1,30,0.000,0.000,,,,,NVIDIA A100-SXM4-40GB MIG 4g.20gb (0),1,,13,"void convert_kernel<float2, __half2>(tensor_layout_any, T1 *, tensor_layout_any, const T2 *)"
8852375173,26751,201649,2253,1,1,128,1,1,16,0.000,0.000,,,,,NVIDIA A100-SXM4-40GB MIG 4g.20gb (0),1,,13,cupy_copy__float16_float16
8852871327,13536,201658,282,1,1,128,1,1,16,0.000,0.000,,,,,NVIDIA A100-SXM4-40GB MIG 4g.20gb (0),1,,13,cupy_copy__complex64_complex64
8853279450,4864,201667,26,1,1,128,1,1,16,0.000,0.000,,,,,NVIDIA A100-SXM4-40GB MIG 4g.20gb (0),1,,13,cupy_copy__float32_float32
8853719317,18784,201676,103,1,1,128,1,1,16,0.000,0.000,,,,,NVIDIA A100-SXM4-40GB MIG 4g.20gb (0),1,,13,cupy_copy__complex64_complex64
8854122001,16000,201686,1434,1,1,128,1,1,16,0.000,0.000,,,,,NVIDIA A100-SXM4-40GB MIG 4g.20gb (0),1,,13,cupy_copy__complex64_complex64
8854513740,238750,201691,1,1,1,32,32,1,30,0.000,0.000,,,,,NVIDIA A100-SXM4-40GB MIG 4g.20gb (0),1,,13,"void convert_kernel<__half2, float2>(tensor_layout_any, T1 *, tensor_layout_any, const T2 *)"
8854782345,5600,201694,,,,,,,,,,0.094,16731.388,Pinned,Device,NVIDIA A100-SXM4-40GB MIG 4g.20gb (0),1,,13,[CUDA memcpy Host-to-Device]
8854985991,616153,201695,,,,,,,,,,456.561,740542.656,Device,,NVIDIA A100-SXM4-40GB MIG 4g.20gb (0),1,,13,[CUDA memset]
8855605440,53407,201700,,,,,,,,,,1.235,23123.091,Pinned,Device,NVIDIA A100-SXM4-40GB MIG 4g.20gb (0),1,,13,[CUDA memcpy Host-to-Device]
8855661311,9696,201701,,,,,,,,,,0.197,20277.166,Pinned,Device,NVIDIA A100-SXM4-40GB MIG 4g.20gb (0),1,,13,[CUDA memcpy Host-to-Device]
8856056795,12864,201702,69,4,1,48,1,1,76,0.002,0.000,,,,,NVIDIA A100-SXM4-40GB MIG 4g.20gb (0),1,,13,"void ch_est::windowedChEstPreNoDftSOfdmKernel<float, __half, float, (unsigned int)2, (unsigned int)1, (unsigned short)4>(ch_est::puschRxChEstStatDescr_t *, ch_est::puschRxChEstDynDescr_t *)"
8856515926,23935,201703,137,2,1,24,2,1,44,0.001,0.001,,,,,NVIDIA A100-SXM4-40GB MIG 4g.20gb (0),1,,13,"void ch_est::chEstFilterNoDftSOfdmDispatchKernel<float, __half, float, (unsigned int)2>(ch_est::puschRxChEstStatDescr_t *, ch_est::puschRxChEstDynDescr_t *)"
8856972080,15168,201704,137,2,1,24,2,1,44,0.001,0.001,,,,,NVIDIA A100-SXM4-40GB MIG 4g.20gb (0),1,,13,"void ch_est::chEstFilterNoDftSOfdmDispatchKernel<float, __half, float, (unsigned int)2>(ch_est::puschRxChEstStatDescr_t *, ch_est::puschRxChEstDynDescr_t *)"
8857539562,6880,201715,103,1,1,128,1,1,16,0.000,0.000,,,,,NVIDIA A100-SXM4-40GB MIG 4g.20gb (0),1,,13,cupy_copy__complex64_complex64
8858071044,23456,201725,1434,1,1,128,1,1,16,0.000,0.000,,,,,NVIDIA A100-SXM4-40GB MIG 4g.20gb (0),1,,13,cupy_copy__complex64_complex64
8858568222,5248,201732,103,1,1,128,1,1,16,0.000,0.000,,,,,NVIDIA A100-SXM4-40GB MIG 4g.20gb (0),1,,13,cupy_copy__complex64_complex64
8859085944,315677,201739,1,1,1,32,32,1,30,0.000,0.000,,,,,NVIDIA A100-SXM4-40GB MIG 4g.20gb (0),1,,13,"void convert_kernel<__half2, float2>(tensor_layout_any, T1 *, tensor_layout_any, const T2 *)"
8859431508,5824,201742,,,,,,,,,,0.094,16087.884,Pinned,Device,NVIDIA A100-SXM4-40GB MIG 4g.20gb (0),1,,13,[CUDA memcpy Host-to-Device]
8859976878,49120,201743,,,,,,,,,,35.810,729018.351,Device,,NVIDIA A100-SXM4-40GB MIG 4g.20gb (0),1,,13,[CUDA memset]
8860033486,2336,201745,,,,,,,,,,0.000,34.247,Pinned,Device,NVIDIA A100-SXM4-40GB MIG 4g.20gb (0),1,,13,[CUDA memcpy Host-to-Device]
8860038254,9983,201746,,,,,,,,,,0.197,19694.223,Pinned,Device,NVIDIA A100-SXM4-40GB MIG 4g.20gb (0),1,,13,[CUDA memcpy Host-to-Device]
8860588039,16896,201747,273,1,1,48,1,1,40,0.000,0.001,,,,,NVIDIA A100-SXM4-40GB MIG 4g.20gb (0),1,,13,"void pusch_noise_intf_est::noiseIntfEstNoDftSOfdmKernel<float, __half, float, float, (unsigned int)2, (unsigned int)1, (unsigned char)4, (unsigned char)4>(pusch_noise_intf_est::puschRxNoiseIntfEstDynDescr)"
8861151073,4960,201758,35,1,1,128,1,1,16,0.000,0.000,,,,,NVIDIA A100-SXM4-40GB MIG 4g.20gb (0),1,,13,cupy_copy__complex64_complex64
8861630139,8480,201767,1,1,1,1,1,1,18,0.000,0.000,,,,,NVIDIA A100-SXM4-40GB MIG 4g.20gb (0),1,,13,cupy_copy__float32_float32
8861642171,1888,201773,,,,,,,,,,0.000,2.119,Device,Pageable,NVIDIA A100-SXM4-40GB MIG 4g.20gb (0),1,,7,[CUDA memcpy Device-to-Host]
8862135158,19391,201784,1434,1,1,128,1,1,16,0.000,0.000,,,,,NVIDIA A100-SXM4-40GB MIG 4g.20gb (0),1,,13,cupy_copy__complex64_complex64
8862596880,9920,201791,103,1,1,128,1,1,16,0.000,0.000,,,,,NVIDIA A100-SXM4-40GB MIG 4g.20gb (0),1,,13,cupy_copy__complex64_complex64
8862857741,4480,201798,35,1,1,128,1,1,16,0.000,0.000,,,,,NVIDIA A100-SXM4-40GB MIG 4g.20gb (0),1,,13,cupy_copy__complex64_complex64
8863139050,3776,201805,1,1,1,1,1,1,18,0.000,0.000,,,,,NVIDIA A100-SXM4-40GB MIG 4g.20gb (0),1,,13,cupy_copy__float32_float32
8863248937,197278,201816,1,1,1,32,32,1,30,0.000,0.000,,,,,NVIDIA A100-SXM4-40GB MIG 4g.20gb (0),1,,13,"void convert_kernel<__half2, float2>(tensor_layout_any, T1 *, tensor_layout_any, const T2 *)"
8863475750,5600,201819,,,,,,,,,,0.094,16731.388,Pinned,Device,NVIDIA A100-SXM4-40GB MIG 4g.20gb (0),1,,13,[CUDA memcpy Host-to-Device]
8863675364,5152,201820,,,,,,,,,,1.547,300198.172,Device,,NVIDIA A100-SXM4-40GB MIG 4g.20gb (0),1,,13,[CUDA memset]
8863685828,7136,201825,,,,,,,,,,0.031,4385.634,Pinned,Device,NVIDIA A100-SXM4-40GB MIG 4g.20gb (0),1,,13,[CUDA memcpy Host-to-Device]
8863695620,10432,201826,,,,,,,,,,0.197,18846.450,Pinned,Device,NVIDIA A100-SXM4-40GB MIG 4g.20gb (0),1,,13,[CUDA memcpy Host-to-Device]
8864046624,38368,201827,273,1,1,8,4,1,39,0.002,0.000,,,,,NVIDIA A100-SXM4-40GB MIG 4g.20gb (0),1,,13,"void channel_eq::eqMmseCoefCompLowMimoKernel<float, float, float, (unsigned int)4, (unsigned int)1, (unsigned int)4>(const channel_eq::_puschRxChEqStatDescr *, channel_eq::_puschRxChEqCoefCompDynDescr)"
8864525467,12447,201828,273,1,1,12,11,1,51,0.002,0.000,,,,,NVIDIA A100-SXM4-40GB MIG 4g.20gb (0),1,,13,"void channel_eq::eqMmseSoftDemapKernel<float, __half, __half, float, (unsigned int)4, (unsigned short)16383>(channel_eq::_puschRxChEqStatDescr *, channel_eq::_puschRxChEqSoftDemapDynDescr)"
8865140692,738359,201829,1,1,1,32,32,1,30,0.000,0.000,,,,,NVIDIA A100-SXM4-40GB MIG 4g.20gb (0),1,,13,"void convert_kernel<float2, __half2>(tensor_layout_any, T1 *, tensor_layout_any, const T2 *)"
8866405413,18720,201841,2253,1,1,128,1,1,16,0.000,0.000,,,,,NVIDIA A100-SXM4-40GB MIG 4g.20gb (0),1,,13,cupy_copy__float16_float16
8867012766,4704,201850,282,1,1,128,1,1,16,0.000,0.000,,,,,NVIDIA A100-SXM4-40GB MIG 4g.20gb (0),1,,13,cupy_copy__complex64_complex64
8867605751,3552,201859,26,1,1,128,1,1,16,0.000,0.000,,,,,NVIDIA A100-SXM4-40GB MIG 4g.20gb (0),1,,13,cupy_copy__float32_float32
8868204305,5120,201868,103,1,1,128,1,1,16,0.000,0.000,,,,,NVIDIA A100-SXM4-40GB MIG 4g.20gb (0),1,,13,cupy_copy__complex64_complex64
8868955016,16896,201878,1434,1,1,128,1,1,16,0.000,0.000,,,,,NVIDIA A100-SXM4-40GB MIG 4g.20gb (0),1,,13,cupy_copy__complex64_complex64
8869568225,241693,201883,1,1,1,32,32,1,30,0.000,0.000,,,,,NVIDIA A100-SXM4-40GB MIG 4g.20gb (0),1,,13,"void convert_kernel<__half2, float2>(tensor_layout_any, T1 *, tensor_layout_any, const T2 *)"
8869840030,9280,201886,,,,,,,,,,0.094,10096.494,Pinned,Device,NVIDIA A100-SXM4-40GB MIG 4g.20gb (0),1,,13,[CUDA memcpy Host-to-Device]
8870392024,620889,201887,,,,,,,,,,456.561,735063.918,Device,,NVIDIA A100-SXM4-40GB MIG 4g.20gb (0),1,,13,[CUDA memset]
8871017425,62847,201892,,,,,,,,,,1.235,19649.194,Pinned,Device,NVIDIA A100-SXM4-40GB MIG 4g.20gb (0),1,,13,[CUDA memcpy Host-to-Device]
8871083728,10880,201893,,,,,,,,,,0.197,18070.438,Pinned,Device,NVIDIA A100-SXM4-40GB MIG 4g.20gb (0),1,,13,[CUDA memcpy Host-to-Device]
8871539147,23487,201894,69,4,1,48,1,1,76,0.002,0.000,,,,,NVIDIA A100-SXM4-40GB MIG 4g.20gb (0),1,,13,"void ch_est::windowedChEstPreNoDftSOfdmKernel<float, __half, float, (unsigned int)2, (unsigned int)1, (unsigned short)4>(ch_est::puschRxChEstStatDescr_t *, ch_est::puschRxChEstDynDescr_t *)"
8871662889,17952,201895,137,2,1,24,2,1,44,0.001,0.001,,,,,NVIDIA A100-SXM4-40GB MIG 4g.20gb (0),1,,13,"void ch_est::chEstFilterNoDftSOfdmDispatchKernel<float, __half, float, (unsigned int)2>(ch_est::puschRxChEstStatDescr_t *, ch_est::puschRxChEstDynDescr_t *)"
8872010341,16160,201896,137,2,1,24,2,1,44,0.001,0.001,,,,,NVIDIA A100-SXM4-40GB MIG 4g.20gb (0),1,,13,"void ch_est::chEstFilterNoDftSOfdmDispatchKernel<float, __half, float, (unsigned int)2>(ch_est::puschRxChEstStatDescr_t *, ch_est::puschRxChEstDynDescr_t *)"
8872353409,5568,201907,103,1,1,128,1,1,16,0.000,0.000,,,,,NVIDIA A100-SXM4-40GB MIG 4g.20gb (0),1,,13,cupy_copy__complex64_complex64
8872681694,15296,201917,1434,1,1,128,1,1,16,0.000,0.000,,,,,NVIDIA A100-SXM4-40GB MIG 4g.20gb (0),1,,13,cupy_copy__complex64_complex64
8873109241,4224,201924,103,1,1,128,1,1,16,0.000,0.000,,,,,NVIDIA A100-SXM4-40GB MIG 4g.20gb (0),1,,13,cupy_copy__complex64_complex64
8873496212,271421,201931,1,1,1,32,32,1,30,0.000,0.000,,,,,NVIDIA A100-SXM4-40GB MIG 4g.20gb (0),1,,13,"void convert_kernel<__half2, float2>(tensor_layout_any, T1 *, tensor_layout_any, const T2 *)"
8873797553,6464,201934,,,,,,,,,,0.094,14494.959,Pinned,Device,NVIDIA A100-SXM4-40GB MIG 4g.20gb (0),1,,13,[CUDA memcpy Host-to-Device]
8874064046,55935,201935,,,,,,,,,,35.810,640173.940,Device,,NVIDIA A100-SXM4-40GB MIG 4g.20gb (0),1,,13,[CUDA memset]
8874127629,5856,201937,,,,,,,,,,0.000,13.661,Pinned,Device,NVIDIA A100-SXM4-40GB MIG 4g.20gb (0),1,,13,[CUDA memcpy Host-to-Device]
8874136013,9440,201938,,,,,,,,,,0.197,20827.079,Pinned,Device,NVIDIA A100-SXM4-40GB MIG 4g.20gb (0),1,,13,[CUDA memcpy Host-to-Device]
8874612712,19456,201939,273,1,1,48,1,1,40,0.000,0.001,,,,,NVIDIA A100-SXM4-40GB MIG 4g.20gb (0),1,,13,"void pusch_noise_intf_est::noiseIntfEstNoDftSOfdmKernel<float, __half, float, float, (unsigned int)2, (unsigned int)1, (unsigned char)4, (unsigned char)4>(pusch_noise_intf_est::puschRxNoiseIntfEstDynDescr)"
8875116674,12256,201950,35,1,1,128,1,1,16,0.000,0.000,,,,,NVIDIA A100-SXM4-40GB MIG 4g.20gb (0),1,,13,cupy_copy__complex64_complex64
8875484158,3456,201959,1,1,1,1,1,1,18,0.000,0.000,,,,,NVIDIA A100-SXM4-40GB MIG 4g.20gb (0),1,,13,cupy_copy__float32_float32
8875488190,4480,201965,,,,,,,,,,0.000,0.893,Device,Pageable,NVIDIA A100-SXM4-40GB MIG 4g.20gb (0),1,,7,[CUDA memcpy Device-to-Host]
8875975288,22432,201976,1434,1,1,128,1,1,16,0.000,0.000,,,,,NVIDIA A100-SXM4-40GB MIG 4g.20gb (0),1,,13,cupy_copy__complex64_complex64
8876482258,7008,201983,103,1,1,128,1,1,16,0.000,0.000,,,,,NVIDIA A100-SXM4-40GB MIG 4g.20gb (0),1,,13,cupy_copy__complex64_complex64
8876969805,5024,201990,35,1,1,128,1,1,16,0.000,0.000,,,,,NVIDIA A100-SXM4-40GB MIG 4g.20gb (0),1,,13,cupy_copy__complex64_complex64
8877430792,3904,201997,1,1,1,1,1,1,18,0.000,0.000,,,,,NVIDIA A100-SXM4-40GB MIG 4g.20gb (0),1,,13,cupy_copy__float32_float32
8877842499,279421,202008,1,1,1,32,32,1,30,0.000,0.000,,,,,NVIDIA A100-SXM4-40GB MIG 4g.20gb (0),1,,13,"void convert_kernel<__half2, float2>(tensor_layout_any, T1 *, tensor_layout_any, const T2 *)"
8878155039,5856,202011,,,,,,,,,,0.094,15999.997,Pinned,Device,NVIDIA A100-SXM4-40GB MIG 4g.20gb (0),1,,13,[CUDA memcpy Host-to-Device]
8878444028,11520,202012,,,,,,,,,,1.547,134254.696,Device,,NVIDIA A100-SXM4-40GB MIG 4g.20gb (0),1,,13,[CUDA memset]
8878457916,8064,202017,,,,,,,,,,0.031,3880.923,Pinned,Device,NVIDIA A100-SXM4-40GB MIG 4g.20gb (0),1,,13,[CUDA memcpy Host-to-Device]
8878472156,9760,202018,,,,,,,,,,0.197,20144.259,Pinned,Device,NVIDIA A100-SXM4-40GB MIG 4g.20gb (0),1,,13,[CUDA memcpy Host-to-Device]
8878877463,21664,202019,273,1,1,8,4,1,39,0.002,0.000,,,,,NVIDIA A100-SXM4-40GB MIG 4g.20gb (0),1,,13,"void channel_eq::eqMmseCoefCompLowMimoKernel<float, float, float, (unsigned int)4, (unsigned int)1, (unsigned int)4>(const channel_eq::_puschRxChEqStatDescr *, channel_eq::_puschRxChEqCoefCompDynDescr)"
8879248563,18080,202020,273,1,1,12,11,1,51,0.002,0.000,,,,,NVIDIA A100-SXM4-40GB MIG 4g.20gb (0),1,,13,"void channel_eq::eqMmseSoftDemapKernel<float, __half, __half, float, (unsigned int)4, (unsigned short)16383>(channel_eq::_puschRxChEqStatDescr *, channel_eq::_puschRxChEqSoftDemapDynDescr)"
8879655278,753688,202021,1,1,1,32,32,1,30,0.000,0.000,,,,,NVIDIA A100-SXM4-40GB MIG 4g.20gb (0),1,,13,"void convert_kernel<float2, __half2>(tensor_layout_any, T1 *, tensor_layout_any, const T2 *)"
8880706626,20224,202033,2253,1,1,128,1,1,16,0.000,0.000,,,,,NVIDIA A100-SXM4-40GB MIG 4g.20gb (0),1,,13,cupy_copy__float16_float16
8880897920,6976,202042,282,1,1,128,1,1,16,0.000,0.000,,,,,NVIDIA A100-SXM4-40GB MIG 4g.20gb (0),1,,13,cupy_copy__complex64_complex64
8881318747,3840,202051,26,1,1,128,1,1,16,0.000,0.000,,,,,NVIDIA A100-SXM4-40GB MIG 4g.20gb (0),1,,13,cupy_copy__float32_float32
8881702743,9952,202060,103,1,1,128,1,1,16,0.000,0.000,,,,,NVIDIA A100-SXM4-40GB MIG 4g.20gb (0),1,,13,cupy_copy__complex64_complex64
8882236721,21408,202076,1434,1,1,128,1,1,16,0.000,0.000,,,,,NVIDIA A100-SXM4-40GB MIG 4g.20gb (0),1,,13,cupy_copy__complex64_complex64
8882758155,278557,202081,1,1,1,32,32,1,30,0.000,0.000,,,,,NVIDIA A100-SXM4-40GB MIG 4g.20gb (0),1,,13,"void convert_kernel<__half2, float2>(tensor_layout_any, T1 *, tensor_layout_any, const T2 *)"
8883065128,5663,202084,,,,,,,,,,0.094,16545.214,Pinned,Device,NVIDIA A100-SXM4-40GB MIG 4g.20gb (0),1,,13,[CUDA memcpy Host-to-Device]
8883363172,615929,202085,,,,,,,,,,456.561,740999.217,Device,,NVIDIA A100-SXM4-40GB MIG 4g.20gb (0),1,,13,[CUDA memset]
8883986621,57727,202090,,,,,,,,,,1.235,21391.700,Pinned,Device,NVIDIA A100-SXM4-40GB MIG 4g.20gb (0),1,,13,[CUDA memcpy Host-to-Device]
8884046972,9856,202091,,,,,,,,,,0.197,19948.044,Pinned,Device,NVIDIA A100-SXM4-40GB MIG 4g.20gb (0),1,,13,[CUDA memcpy Host-to-Device]
8884499415,19104,202092,69,4,1,48,1,1,76,0.002,0.000,,,,,NVIDIA A100-SXM4-40GB MIG 4g.20gb (0),1,,13,"void ch_est::windowedChEstPreNoDftSOfdmKernel<float, __half, float, (unsigned int)2, (unsigned int)1, (unsigned short)4>(ch_est::puschRxChEstStatDescr_t *, ch_est::puschRxChEstDynDescr_t *)"
8885028337,18624,202093,137,2,1,24,2,1,44,0.001,0.001,,,,,NVIDIA A100-SXM4-40GB MIG 4g.20gb (0),1,,13,"void ch_est::chEstFilterNoDftSOfdmDispatchKernel<float, __half, float, (unsigned int)2>(ch_est::puschRxChEstStatDescr_t *, ch_est::puschRxChEstDynDescr_t *)"
8885483436,19328,202094,137,2,1,24,2,1,44,0.001,0.001,,,,,NVIDIA A100-SXM4-40GB MIG 4g.20gb (0),1,,13,"void ch_est::chEstFilterNoDftSOfdmDispatchKernel<float, __half, float, (unsigned int)2>(ch_est::puschRxChEstStatDescr_t *, ch_est::puschRxChEstDynDescr_t *)"
8885857096,5152,202105,103,1,1,128,1,1,16,0.000,0.000,,,,,NVIDIA A100-SXM4-40GB MIG 4g.20gb (0),1,,13,cupy_copy__complex64_complex64
8886300931,16000,202115,1434,1,1,128,1,1,16,0.000,0.000,,,,,NVIDIA A100-SXM4-40GB MIG 4g.20gb (0),1,,13,cupy_copy__complex64_complex64
8886758270,4223,202122,103,1,1,128,1,1,16,0.000,0.000,,,,,NVIDIA A100-SXM4-40GB MIG 4g.20gb (0),1,,13,cupy_copy__complex64_complex64
8887230808,303965,202129,1,1,1,32,32,1,30,0.000,0.000,,,,,NVIDIA A100-SXM4-40GB MIG 4g.20gb (0),1,,13,"void convert_kernel<__half2, float2>(tensor_layout_any, T1 *, tensor_layout_any, const T2 *)"
8887564148,5472,202132,,,,,,,,,,0.094,17122.757,Pinned,Device,NVIDIA A100-SXM4-40GB MIG 4g.20gb (0),1,,13,[CUDA memcpy Host-to-Device]
8887855057,51551,202133,,,,,,,,,,35.810,694640.828,Device,,NVIDIA A100-SXM4-40GB MIG 4g.20gb (0),1,,13,[CUDA memset]
8887912368,4576,202135,,,,,,,,,,0.000,17.482,Pinned,Device,NVIDIA A100-SXM4-40GB MIG 4g.20gb (0),1,,13,[CUDA memcpy Host-to-Device]
8887920048,9856,202136,,,,,,,,,,0.197,19948.044,Pinned,Device,NVIDIA A100-SXM4-40GB MIG 4g.20gb (0),1,,13,[CUDA memcpy Host-to-Device]
8888269228,27200,202137,273,1,1,48,1,1,40,0.000,0.001,,,,,NVIDIA A100-SXM4-40GB MIG 4g.20gb (0),1,,13,"void pusch_noise_intf_est::noiseIntfEstNoDftSOfdmKernel<float, __half, float, float, (unsigned int)2, (unsigned int)1, (unsigned char)4, (unsigned char)4>(pusch_noise_intf_est::puschRxNoiseIntfEstDynDescr)"
8888708519,12064,202148,35,1,1,128,1,1,16,0.000,0.000,,,,,NVIDIA A100-SXM4-40GB MIG 4g.20gb (0),1,,13,cupy_copy__complex64_complex64
8889131779,3839,202157,1,1,1,1,1,1,18,0.000,0.000,,,,,NVIDIA A100-SXM4-40GB MIG 4g.20gb (0),1,,13,cupy_copy__float32_float32
8889140322,5184,202163,,,,,,,,,,0.000,0.772,Device,Pageable,NVIDIA A100-SXM4-40GB MIG 4g.20gb (0),1,,7,[CUDA memcpy Device-to-Host]
8889561758,22943,202174,1434,1,1,128,1,1,16,0.000,0.000,,,,,NVIDIA A100-SXM4-40GB MIG 4g.20gb (0),1,,13,cupy_copy__complex64_complex64
8890055448,5568,202181,103,1,1,128,1,1,16,0.000,0.000,,,,,NVIDIA A100-SXM4-40GB MIG 4g.20gb (0),1,,13,cupy_copy__complex64_complex64
8890569426,4256,202188,35,1,1,128,1,1,16,0.000,0.000,,,,,NVIDIA A100-SXM4-40GB MIG 4g.20gb (0),1,,13,cupy_copy__complex64_complex64
8891061325,3616,202195,1,1,1,1,1,1,18,0.000,0.000,,,,,NVIDIA A100-SXM4-40GB MIG 4g.20gb (0),1,,13,cupy_copy__float32_float32
8891497064,316348,202206,1,1,1,32,32,1,30,0.000,0.000,,,,,NVIDIA A100-SXM4-40GB MIG 4g.20gb (0),1,,13,"void convert_kernel<__half2, float2>(tensor_layout_any, T1 *, tensor_layout_any, const T2 *)"
8891853892,10335,202209,,,,,,,,,,0.094,9065.838,Pinned,Device,NVIDIA A100-SXM4-40GB MIG 4g.20gb (0),1,,13,[CUDA memcpy Host-to-Device]
8892219263,5664,202210,,,,,,,,,,1.547,273061.107,Device,,NVIDIA A100-SXM4-40GB MIG 4g.20gb (0),1,,13,[CUDA memset]
8892226463,8544,202215,,,,,,,,,,0.031,3662.915,Pinned,Device,NVIDIA A100-SXM4-40GB MIG 4g.20gb (0),1,,13,[CUDA memcpy Host-to-Device]
8892241951,9824,202216,,,,,,,,,,0.197,20012.925,Pinned,Device,NVIDIA A100-SXM4-40GB MIG 4g.20gb (0),1,,13,[CUDA memcpy Host-to-Device]
8892668442,16512,202217,273,1,1,8,4,1,39,0.002,0.000,,,,,NVIDIA A100-SXM4-40GB MIG 4g.20gb (0),1,,13,"void channel_eq::eqMmseCoefCompLowMimoKernel<float, float, float, (unsigned int)4, (unsigned int)1, (unsigned int)4>(const channel_eq::_puschRxChEqStatDescr *, channel_eq::_puschRxChEqCoefCompDynDescr)"
8893174037,11071,202218,273,1,1,12,11,1,51,0.002,0.000,,,,,NVIDIA A100-SXM4-40GB MIG 4g.20gb (0),1,,13,"void channel_eq::eqMmseSoftDemapKernel<float, __half, __half, float, (unsigned int)4, (unsigned short)16383>(channel_eq::_puschRxChEqStatDescr *, channel_eq::_puschRxChEqSoftDemapDynDescr)"
8893633999,771640,202219,1,1,1,32,32,1,30,0.000,0.000,,,,,NVIDIA A100-SXM4-40GB MIG 4g.20gb (0),1,,13,"void convert_kernel<float2, __half2>(tensor_layout_any, T1 *, tensor_layout_any, const T2 *)"
8894732483,15968,202231,2253,1,1,128,1,1,16,0.000,0.000,,,,,NVIDIA A100-SXM4-40GB MIG 4g.20gb (0),1,,13,cupy_copy__float16_float16
8895106175,6303,202240,282,1,1,128,1,1,16,0.000,0.000,,,,,NVIDIA A100-SXM4-40GB MIG 4g.20gb (0),1,,13,cupy_copy__complex64_complex64
8895537818,4192,202249,26,1,1,128,1,1,16,0.000,0.000,,,,,NVIDIA A100-SXM4-40GB MIG 4g.20gb (0),1,,13,cupy_copy__float32_float32
8895929557,10208,202258,103,1,1,128,1,1,16,0.000,0.000,,,,,NVIDIA A100-SXM4-40GB MIG 4g.20gb (0),1,,13,cupy_copy__complex64_complex64
8896275889,17248,202268,1434,1,1,128,1,1,16,0.000,0.000,,,,,NVIDIA A100-SXM4-40GB MIG 4g.20gb (0),1,,13,cupy_copy__complex64_complex64
8896470063,243485,202273,1,1,1,32,32,1,30,0.000,0.000,,,,,NVIDIA A100-SXM4-40GB MIG 4g.20gb (0),1,,13,"void convert_kernel<__half2, float2>(tensor_layout_any, T1 *, tensor_layout_any, const T2 *)"
8896743884,9856,202276,,,,,,,,,,0.094,9506.490,Pinned,Device,NVIDIA A100-SXM4-40GB MIG 4g.20gb (0),1,,13,[CUDA memcpy Host-to-Device]
8897126184,619736,202277,,,,,,,,,,456.561,736433.603,Device,,NVIDIA A100-SXM4-40GB MIG 4g.20gb (0),1,,13,[CUDA memset]
8897750976,62432,202282,,,,,,,,,,1.235,19780.098,Pinned,Device,NVIDIA A100-SXM4-40GB MIG 4g.20gb (0),1,,13,[CUDA memcpy Host-to-Device]
8897820064,13887,202283,,,,,,,,,,0.197,14157.545,Pinned,Device,NVIDIA A100-SXM4-40GB MIG 4g.20gb (0),1,,13,[CUDA memcpy Host-to-Device]
8898229467,22592,202284,69,4,1,48,1,1,76,0.002,0.000,,,,,NVIDIA A100-SXM4-40GB MIG 4g.20gb (0),1,,13,"void ch_est::windowedChEstPreNoDftSOfdmKernel<float, __half, float, (unsigned int)2, (unsigned int)1, (unsigned short)4>(ch_est::puschRxChEstStatDescr_t *, ch_est::puschRxChEstDynDescr_t *)"
8898551223,10816,202285,137,2,1,24,2,1,44,0.001,0.001,,,,,NVIDIA A100-SXM4-40GB MIG 4g.20gb (0),1,,13,"void ch_est::chEstFilterNoDftSOfdmDispatchKernel<float, __half, float, (unsigned int)2>(ch_est::puschRxChEstStatDescr_t *, ch_est::puschRxChEstDynDescr_t *)"
8899098673,11072,202286,137,2,1,24,2,1,44,0.001,0.001,,,,,NVIDIA A100-SXM4-40GB MIG 4g.20gb (0),1,,13,"void ch_est::chEstFilterNoDftSOfdmDispatchKernel<float, __half, float, (unsigned int)2>(ch_est::puschRxChEstStatDescr_t *, ch_est::puschRxChEstDynDescr_t *)"
8899465037,5888,202297,103,1,1,128,1,1,16,0.000,0.000,,,,,NVIDIA A100-SXM4-40GB MIG 4g.20gb (0),1,,13,cupy_copy__complex64_complex64
8899927688,15871,202307,1434,1,1,128,1,1,16,0.000,0.000,,,,,NVIDIA A100-SXM4-40GB MIG 4g.20gb (0),1,,13,cupy_copy__complex64_complex64
8900416802,5088,202314,103,1,1,128,1,1,16,0.000,0.000,,,,,NVIDIA A100-SXM4-40GB MIG 4g.20gb (0),1,,13,cupy_copy__complex64_complex64
8900854077,289949,202321,1,1,1,32,32,1,30,0.000,0.000,,,,,NVIDIA A100-SXM4-40GB MIG 4g.20gb (0),1,,13,"void convert_kernel<__half2, float2>(tensor_layout_any, T1 *, tensor_layout_any, const T2 *)"
8901174009,8608,202324,,,,,,,,,,0.094,10884.758,Pinned,Device,NVIDIA A100-SXM4-40GB MIG 4g.20gb (0),1,,13,[CUDA memcpy Host-to-Device]
8901656372,48831,202325,,,,,,,,,,35.810,733315.542,Device,,NVIDIA A100-SXM4-40GB MIG 4g.20gb (0),1,,13,[CUDA memset]
8901706355,2336,202327,,,,,,,,,,0.000,34.247,Pinned,Device,NVIDIA A100-SXM4-40GB MIG 4g.20gb (0),1,,13,[CUDA memcpy Host-to-Device]
8901714451,12896,202328,,,,,,,,,,0.197,15245.574,Pinned,Device,NVIDIA A100-SXM4-40GB MIG 4g.20gb (0),1,,13,[CUDA memcpy Host-to-Device]
8902308973,15967,202329,273,1,1,48,1,1,40,0.000,0.001,,,,,NVIDIA A100-SXM4-40GB MIG 4g.20gb (0),1,,13,"void pusch_noise_intf_est::noiseIntfEstNoDftSOfdmKernel<float, __half, float, float, (unsigned int)2, (unsigned int)1, (unsigned char)4, (unsigned char)4>(pusch_noise_intf_est::puschRxNoiseIntfEstDynDescr)"
8902781767,4448,202340,35,1,1,128,1,1,16,0.000,0.000,,,,,NVIDIA A100-SXM4-40GB MIG 4g.20gb (0),1,,13,cupy_copy__complex64_complex64
8903258178,4096,202349,1,1,1,1,1,1,18,0.000,0.000,,,,,NVIDIA A100-SXM4-40GB MIG 4g.20gb (0),1,,13,cupy_copy__float32_float32
8903269314,1952,202355,,,,,,,,,,0.000,2.049,Device,Pageable,NVIDIA A100-SXM4-40GB MIG 4g.20gb (0),1,,7,[CUDA memcpy Device-to-Host]
8903849979,22528,202366,1434,1,1,128,1,1,16,0.000,0.000,,,,,NVIDIA A100-SXM4-40GB MIG 4g.20gb (0),1,,13,cupy_copy__complex64_complex64
8904337333,6496,202373,103,1,1,128,1,1,16,0.000,0.000,,,,,NVIDIA A100-SXM4-40GB MIG 4g.20gb (0),1,,13,cupy_copy__complex64_complex64
8904812816,4672,202380,35,1,1,128,1,1,16,0.000,0.000,,,,,NVIDIA A100-SXM4-40GB MIG 4g.20gb (0),1,,13,cupy_copy__complex64_complex64
8905260299,3488,202387,1,1,1,1,1,1,18,0.000,0.000,,,,,NVIDIA A100-SXM4-40GB MIG 4g.20gb (0),1,,13,cupy_copy__float32_float32
8905656134,312029,202398,1,1,1,32,32,1,30,0.000,0.000,,,,,NVIDIA A100-SXM4-40GB MIG 4g.20gb (0),1,,13,"void convert_kernel<__half2, float2>(tensor_layout_any, T1 *, tensor_layout_any, const T2 *)"
8905997891,5824,202401,,,,,,,,,,0.094,16087.884,Pinned,Device,NVIDIA A100-SXM4-40GB MIG 4g.20gb (0),1,,13,[CUDA memcpy Host-to-Device]
8906532381,5631,202402,,,,,,,,,,1.547,274661.863,Device,,NVIDIA A100-SXM4-40GB MIG 4g.20gb (0),1,,13,[CUDA memset]
8906546108,4960,202407,,,,,,,,,,0.031,6309.649,Pinned,Device,NVIDIA A100-SXM4-40GB MIG 4g.20gb (0),1,,13,[CUDA memcpy Host-to-Device]
8906553852,9760,202408,,,,,,,,,,0.197,20144.259,Pinned,Device,NVIDIA A100-SXM4-40GB MIG 4g.20gb (0),1,,13,[CUDA memcpy Host-to-Device]
8906992279,16864,202409,273,1,1,8,4,1,39,0.002,0.000,,,,,NVIDIA A100-SXM4-40GB MIG 4g.20gb (0),1,,13,"void channel_eq::eqMmseCoefCompLowMimoKernel<float, float, float, (unsigned int)4, (unsigned int)1, (unsigned int)4>(const channel_eq::_puschRxChEqStatDescr *, channel_eq::_puschRxChEqCoefCompDynDescr)"
8907409491,15999,202410,273,1,1,12,11,1,51,0.002,0.000,,,,,NVIDIA A100-SXM4-40GB MIG 4g.20gb (0),1,,13,"void channel_eq::eqMmseSoftDemapKernel<float, __half, __half, float, (unsigned int)4, (unsigned short)16383>(channel_eq::_puschRxChEqStatDescr *, channel_eq::_puschRxChEqSoftDemapDynDescr)"
8907882221,746616,202411,1,1,1,32,32,1,30,0.000,0.000,,,,,NVIDIA A100-SXM4-40GB MIG 4g.20gb (0),1,,13,"void convert_kernel<float2, __half2>(tensor_layout_any, T1 *, tensor_layout_any, const T2 *)"
8909037696,13216,202423,2253,1,1,128,1,1,16,0.000,0.000,,,,,NVIDIA A100-SXM4-40GB MIG 4g.20gb (0),1,,13,cupy_copy__float16_float16
8909619609,4864,202432,282,1,1,128,1,1,16,0.000,0.000,,,,,NVIDIA A100-SXM4-40GB MIG 4g.20gb (0),1,,13,cupy_copy__complex64_complex64
8910077556,3648,202441,26,1,1,128,1,1,16,0.000,0.000,,,,,NVIDIA A100-SXM4-40GB MIG 4g.20gb (0),1,,13,cupy_copy__float32_float32
8910635918,6112,202450,103,1,1,128,1,1,16,0.000,0.000,,,,,NVIDIA A100-SXM4-40GB MIG 4g.20gb (0),1,,13,cupy_copy__complex64_complex64
8911110312,21024,202460,1434,1,1,128,1,1,16,0.000,0.000,,,,,NVIDIA A100-SXM4-40GB MIG 4g.20gb (0),1,,13,cupy_copy__complex64_complex64
8911684962,263069,202465,1,1,1,32,32,1,30,0.000,0.000,,,,,NVIDIA A100-SXM4-40GB MIG 4g.20gb (0),1,,13,"void convert_kernel<__half2, float2>(tensor_layout_any, T1 *, tensor_layout_any, const T2 *)"
8911978751,5727,202468,,,,,,,,,,0.094,16360.352,Pinned,Device,NVIDIA A100-SXM4-40GB MIG 4g.20gb (0),1,,13,[CUDA memcpy Host-to-Device]
8912266811,615865,202469,,,,,,,,,,456.561,740999.217,Device,,NVIDIA A100-SXM4-40GB MIG 4g.20gb (0),1,,13,[CUDA memset]
8912889684,51488,202474,,,,,,,,,,1.235,23985.082,Pinned,Device,NVIDIA A100-SXM4-40GB MIG 4g.20gb (0),1,,13,[CUDA memcpy Host-to-Device]
8912944020,9855,202475,,,,,,,,,,0.197,19950.010,Pinned,Device,NVIDIA A100-SXM4-40GB MIG 4g.20gb (0),1,,13,[CUDA memcpy Host-to-Device]
8913359727,11840,202476,69,4,1,48,1,1,76,0.002,0.000,,,,,NVIDIA A100-SXM4-40GB MIG 4g.20gb (0),1,,13,"void ch_est::windowedChEstPreNoDftSOfdmKernel<float, __half, float, (unsigned int)2, (unsigned int)1, (unsigned short)4>(ch_est::puschRxChEstStatDescr_t *, ch_est::puschRxChEstDynDescr_t *)"
8913840521,10976,202477,137,2,1,24,2,1,44,0.001,0.001,,,,,NVIDIA A100-SXM4-40GB MIG 4g.20gb (0),1,,13,"void ch_est::chEstFilterNoDftSOfdmDispatchKernel<float, __half, float, (unsigned int)2>(ch_est::puschRxChEstStatDescr_t *, ch_est::puschRxChEstDynDescr_t *)"
8914294980,11008,202478,137,2,1,24,2,1,44,0.001,0.001,,,,,NVIDIA A100-SXM4-40GB MIG 4g.20gb (0),1,,13,"void ch_est::chEstFilterNoDftSOfdmDispatchKernel<float, __half, float, (unsigned int)2>(ch_est::puschRxChEstStatDescr_t *, ch_est::puschRxChEstDynDescr_t *)"
8914631648,4576,202489,103,1,1,128,1,1,16,0.000,0.000,,,,,NVIDIA A100-SXM4-40GB MIG 4g.20gb (0),1,,13,cupy_copy__complex64_complex64
8914922557,20224,202499,1434,1,1,128,1,1,16,0.000,0.000,,,,,NVIDIA A100-SXM4-40GB MIG 4g.20gb (0),1,,13,cupy_copy__complex64_complex64
8915159962,8192,202506,103,1,1,128,1,1,16,0.000,0.000,,,,,NVIDIA A100-SXM4-40GB MIG 4g.20gb (0),1,,13,cupy_copy__complex64_complex64
8915296889,254781,202513,1,1,1,32,32,1,30,0.000,0.000,,,,,NVIDIA A100-SXM4-40GB MIG 4g.20gb (0),1,,13,"void convert_kernel<__half2, float2>(tensor_layout_any, T1 *, tensor_layout_any, const T2 *)"
8915582006,5663,202516,,,,,,,,,,0.094,16545.214,Pinned,Device,NVIDIA A100-SXM4-40GB MIG 4g.20gb (0),1,,13,[CUDA memcpy Host-to-Device]
8915938673,55584,202517,,,,,,,,,,35.810,644220.461,Device,,NVIDIA A100-SXM4-40GB MIG 4g.20gb (0),1,,13,[CUDA memset]
8915998513,1856,202519,,,,,,,,,,0.000,43.103,Pinned,Device,NVIDIA A100-SXM4-40GB MIG 4g.20gb (0),1,,13,[CUDA memcpy Host-to-Device]
8916005233,13152,202520,,,,,,,,,,0.197,14948.893,Pinned,Device,NVIDIA A100-SXM4-40GB MIG 4g.20gb (0),1,,13,[CUDA memcpy Host-to-Device]
8916484875,44032,202521,273,1,1,48,1,1,40,0.000,0.001,,,,,NVIDIA A100-SXM4-40GB MIG 4g.20gb (0),1,,13,"void pusch_noise_intf_est::noiseIntfEstNoDftSOfdmKernel<float, __half, float, float, (unsigned int)2, (unsigned int)1, (unsigned char)4, (unsigned char)4>(pusch_noise_intf_est::puschRxNoiseIntfEstDynDescr)"
8917010501,10016,202532,35,1,1,128,1,1,16,0.000,0.000,,,,,NVIDIA A100-SXM4-40GB MIG 4g.20gb (0),1,,13,cupy_copy__complex64_complex64
8917288226,3648,202541,1,1,1,1,1,1,18,0.000,0.000,,,,,NVIDIA A100-SXM4-40GB MIG 4g.20gb (0),1,,13,cupy_copy__float32_float32
8917299714,2112,202547,,,,,,,,,,0.000,1.894,Device,Pageable,NVIDIA A100-SXM4-40GB MIG 4g.20gb (0),1,,7,[CUDA memcpy Device-to-Host]
8917807932,17600,202558,1434,1,1,128,1,1,16,0.000,0.000,,,,,NVIDIA A100-SXM4-40GB MIG 4g.20gb (0),1,,13,cupy_copy__complex64_complex64
8918357718,5920,202565,103,1,1,128,1,1,16,0.000,0.000,,,,,NVIDIA A100-SXM4-40GB MIG 4g.20gb (0),1,,13,cupy_copy__complex64_complex64
8918886160,5632,202572,35,1,1,128,1,1,16,0.000,0.000,,,,,NVIDIA A100-SXM4-40GB MIG 4g.20gb (0),1,,13,cupy_copy__complex64_complex64
8919303339,5248,202579,1,1,1,1,1,1,18,0.000,0.000,,,,,NVIDIA A100-SXM4-40GB MIG 4g.20gb (0),1,,13,cupy_copy__float32_float32
8919724198,281341,202590,1,1,1,32,32,1,30,0.000,0.000,,,,,NVIDIA A100-SXM4-40GB MIG 4g.20gb (0),1,,13,"void convert_kernel<__half2, float2>(tensor_layout_any, T1 *, tensor_layout_any, const T2 *)"
8920035875,5664,202593,,,,,,,,,,0.094,16542.310,Pinned,Device,NVIDIA A100-SXM4-40GB MIG 4g.20gb (0),1,,13,[CUDA memcpy Host-to-Device]
8920450782,10784,202594,,,,,,,,,,1.547,143416.897,Device,,NVIDIA A100-SXM4-40GB MIG 4g.20gb (0),1,,13,[CUDA memset]
8920466846,3744,202599,,,,,,,,,,0.031,8358.974,Pinned,Device,NVIDIA A100-SXM4-40GB MIG 4g.20gb (0),1,,13,[CUDA memcpy Host-to-Device]
8920475614,9728,202600,,,,,,,,,,0.197,20210.516,Pinned,Device,NVIDIA A100-SXM4-40GB MIG 4g.20gb (0),1,,13,[CUDA memcpy Host-to-Device]
8920872153,15904,202601,273,1,1,8,4,1,39,0.002,0.000,,,,,NVIDIA A100-SXM4-40GB MIG 4g.20gb (0),1,,13,"void channel_eq::eqMmseCoefCompLowMimoKernel<float, float, float, (unsigned int)4, (unsigned int)1, (unsigned int)4>(const channel_eq::_puschRxChEqStatDescr *, channel_eq::_puschRxChEqCoefCompDynDescr)"
8921338868,10848,202602,273,1,1,12,11,1,51,0.002,0.000,,,,,NVIDIA A100-SXM4-40GB MIG 4g.20gb (0),1,,13,"void channel_eq::eqMmseSoftDemapKernel<float, __half, __half, float, (unsigned int)4, (unsigned short)16383>(channel_eq::_puschRxChEqStatDescr *, channel_eq::_puschRxChEqSoftDemapDynDescr)"
8921759791,729336,202603,1,1,1,32,32,1,30,0.000,0.000,,,,,NVIDIA A100-SXM4-40GB MIG 4g.20gb (0),1,,13,"void convert_kernel<float2, __half2>(tensor_layout_any, T1 *, tensor_layout_any, const T2 *)"
8922995809,14848,202615,2253,1,1,128,1,1,16,0.000,0.000,,,,,NVIDIA A100-SXM4-40GB MIG 4g.20gb (0),1,,13,cupy_copy__float16_float16
8923514715,4704,202624,282,1,1,128,1,1,16,0.000,0.000,,,,,NVIDIA A100-SXM4-40GB MIG 4g.20gb (0),1,,13,cupy_copy__complex64_complex64
8923916887,4640,202633,26,1,1,128,1,1,16,0.000,0.000,,,,,NVIDIA A100-SXM4-40GB MIG 4g.20gb (0),1,,13,cupy_copy__float32_float32
8924507056,5664,202642,103,1,1,128,1,1,16,0.000,0.000,,,,,NVIDIA A100-SXM4-40GB MIG 4g.20gb (0),1,,13,cupy_copy__complex64_complex64
8925096585,16448,202652,1434,1,1,128,1,1,16,0.000,0.000,,,,,NVIDIA A100-SXM4-40GB MIG 4g.20gb (0),1,,13,cupy_copy__complex64_complex64
8925687619,275836,202657,1,1,1,32,32,1,30,0.000,0.000,,,,,NVIDIA A100-SXM4-40GB MIG 4g.20gb (0),1,,13,"void convert_kernel<__half2, float2>(tensor_layout_any, T1 *, tensor_layout_any, const T2 *)"
8925993375,5856,202660,,,,,,,,,,0.094,15999.997,Pinned,Device,NVIDIA A100-SXM4-40GB MIG 4g.20gb (0),1,,13,[CUDA memcpy Host-to-Device]
8926524025,605081,202661,,,,,,,,,,456.561,754239.499,Device,,NVIDIA A100-SXM4-40GB MIG 4g.20gb (0),1,,13,[CUDA memset]
8927132946,54623,202666,,,,,,,,,,1.235,22608.120,Pinned,Device,NVIDIA A100-SXM4-40GB MIG 4g.20gb (0),1,,13,[CUDA memcpy Host-to-Device]
8927190033,9568,202667,,,,,,,,,,0.197,20548.485,Pinned,Device,NVIDIA A100-SXM4-40GB MIG 4g.20gb (0),1,,13,[CUDA memcpy Host-to-Device]
8927723051,12384,202668,69,4,1,48,1,1,76,0.002,0.000,,,,,NVIDIA A100-SXM4-40GB MIG 4g.20gb (0),1,,13,"void ch_est::windowedChEstPreNoDftSOfdmKernel<float, __half, float, (unsigned int)2, (unsigned int)1, (unsigned short)4>(ch_est::puschRxChEstStatDescr_t *, ch_est::puschRxChEstDynDescr_t *)"
8928312869,10528,202669,137,2,1,24,2,1,44,0.001,0.001,,,,,NVIDIA A100-SXM4-40GB MIG 4g.20gb (0),1,,13,"void ch_est::chEstFilterNoDftSOfdmDispatchKernel<float, __half, float, (unsigned int)2>(ch_est::puschRxChEstStatDescr_t *, ch_est::puschRxChEstDynDescr_t *)"
8928898238,11200,202670,137,2,1,24,2,1,44,0.001,0.001,,,,,NVIDIA A100-SXM4-40GB MIG 4g.20gb (0),1,,13,"void ch_est::chEstFilterNoDftSOfdmDispatchKernel<float, __half, float, (unsigned int)2>(ch_est::puschRxChEstStatDescr_t *, ch_est::puschRxChEstDynDescr_t *)"
8929313049,10304,202681,103,1,1,128,1,1,16,0.000,0.000,,,,,NVIDIA A100-SXM4-40GB MIG 4g.20gb (0),1,,13,cupy_copy__complex64_complex64
8929662581,24928,202691,1434,1,1,128,1,1,16,0.000,0.000,,,,,NVIDIA A100-SXM4-40GB MIG 4g.20gb (0),1,,13,cupy_copy__complex64_complex64
8930085872,4992,202698,103,1,1,128,1,1,16,0.000,0.000,,,,,NVIDIA A100-SXM4-40GB MIG 4g.20gb (0),1,,13,cupy_copy__complex64_complex64
8930400109,197694,202705,1,1,1,32,32,1,30,0.000,0.000,,,,,NVIDIA A100-SXM4-40GB MIG 4g.20gb (0),1,,13,"void convert_kernel<__half2, float2>(tensor_layout_any, T1 *, tensor_layout_any, const T2 *)"
8930628010,5568,202708,,,,,,,,,,0.094,16827.521,Pinned,Device,NVIDIA A100-SXM4-40GB MIG 4g.20gb (0),1,,13,[CUDA memcpy Host-to-Device]
8930732041,52544,202709,,,,,,,,,,35.810,681498.588,Device,,NVIDIA A100-SXM4-40GB MIG 4g.20gb (0),1,,13,[CUDA memset]
8930786633,1856,202711,,,,,,,,,,0.000,43.103,Pinned,Device,NVIDIA A100-SXM4-40GB MIG 4g.20gb (0),1,,13,[CUDA memcpy Host-to-Device]
8930791304,9888,202712,,,,,,,,,,0.197,19883.360,Pinned,Device,NVIDIA A100-SXM4-40GB MIG 4g.20gb (0),1,,13,[CUDA memcpy Host-to-Device]
8931138405,48799,202713,273,1,1,48,1,1,40,0.000,0.001,,,,,NVIDIA A100-SXM4-40GB MIG 4g.20gb (0),1,,13,"void pusch_noise_intf_est::noiseIntfEstNoDftSOfdmKernel<float, __half, float, float, (unsigned int)2, (unsigned int)1, (unsigned char)4, (unsigned char)4>(pusch_noise_intf_est::puschRxNoiseIntfEstDynDescr)"
8931547328,4416,202724,35,1,1,128,1,1,16,0.000,0.000,,,,,NVIDIA A100-SXM4-40GB MIG 4g.20gb (0),1,,13,cupy_copy__complex64_complex64
8932003291,3680,202733,1,1,1,1,1,1,18,0.000,0.000,,,,,NVIDIA A100-SXM4-40GB MIG 4g.20gb (0),1,,13,cupy_copy__float32_float32
8932012667,2144,202739,,,,,,,,,,0.000,1.866,Device,Pageable,NVIDIA A100-SXM4-40GB MIG 4g.20gb (0),1,,7,[CUDA memcpy Device-to-Host]
8932531765,19359,202750,1434,1,1,128,1,1,16,0.000,0.000,,,,,NVIDIA A100-SXM4-40GB MIG 4g.20gb (0),1,,13,cupy_copy__complex64_complex64
8932850289,5440,202757,103,1,1,128,1,1,16,0.000,0.000,,,,,NVIDIA A100-SXM4-40GB MIG 4g.20gb (0),1,,13,cupy_copy__complex64_complex64
8933400427,4352,202764,35,1,1,128,1,1,16,0.000,0.000,,,,,NVIDIA A100-SXM4-40GB MIG 4g.20gb (0),1,,13,cupy_copy__complex64_complex64
8933945541,3488,202771,1,1,1,1,1,1,18,0.000,0.000,,,,,NVIDIA A100-SXM4-40GB MIG 4g.20gb (0),1,,13,cupy_copy__float32_float32
8934356384,249117,202782,1,1,1,32,32,1,30,0.000,0.000,,,,,NVIDIA A100-SXM4-40GB MIG 4g.20gb (0),1,,13,"void convert_kernel<__half2, float2>(tensor_layout_any, T1 *, tensor_layout_any, const T2 *)"
8934635069,5632,202785,,,,,,,,,,0.094,16636.287,Pinned,Device,NVIDIA A100-SXM4-40GB MIG 4g.20gb (0),1,,13,[CUDA memcpy Host-to-Device]
8935036728,9888,202786,,,,,,,,,,1.547,156413.178,Device,,NVIDIA A100-SXM4-40GB MIG 4g.20gb (0),1,,13,[CUDA memset]
8935054936,5088,202791,,,,,,,,,,0.031,6150.916,Pinned,Device,NVIDIA A100-SXM4-40GB MIG 4g.20gb (0),1,,13,[CUDA memcpy Host-to-Device]
8935062456,9792,202792,,,,,,,,,,0.197,20078.395,Pinned,Device,NVIDIA A100-SXM4-40GB MIG 4g.20gb (0),1,,13,[CUDA memcpy Host-to-Device]
8935584818,26144,202793,273,1,1,8,4,1,39,0.002,0.000,,,,,NVIDIA A100-SXM4-40GB MIG 4g.20gb (0),1,,13,"void channel_eq::eqMmseCoefCompLowMimoKernel<float, float, float, (unsigned int)4, (unsigned int)1, (unsigned int)4>(const channel_eq::_puschRxChEqStatDescr *, channel_eq::_puschRxChEqCoefCompDynDescr)"
8936132652,18495,202794,273,1,1,12,11,1,51,0.002,0.000,,,,,NVIDIA A100-SXM4-40GB MIG 4g.20gb (0),1,,13,"void channel_eq::eqMmseSoftDemapKernel<float, __half, __half, float, (unsigned int)4, (unsigned short)16383>(channel_eq::_puschRxChEqStatDescr *, channel_eq::_puschRxChEqSoftDemapDynDescr)"
8936690053,737464,202795,1,1,1,32,32,1,30,0.000,0.000,,,,,NVIDIA A100-SXM4-40GB MIG 4g.20gb (0),1,,13,"void convert_kernel<float2, __half2>(tensor_layout_any, T1 *, tensor_layout_any, const T2 *)"
8937735641,15872,202807,2253,1,1,128,1,1,16,0.000,0.000,,,,,NVIDIA A100-SXM4-40GB MIG 4g.20gb (0),1,,13,cupy_copy__float16_float16
8938062966,7872,202816,282,1,1,128,1,1,16,0.000,0.000,,,,,NVIDIA A100-SXM4-40GB MIG 4g.20gb (0),1,,13,cupy_copy__complex64_complex64
8938374066,3520,202825,26,1,1,128,1,1,16,0.000,0.000,,,,,NVIDIA A100-SXM4-40GB MIG 4g.20gb (0),1,,13,cupy_copy__float32_float32
8938590288,9792,202834,103,1,1,128,1,1,16,0.000,0.000,,,,,NVIDIA A100-SXM4-40GB MIG 4g.20gb (0),1,,13,cupy_copy__complex64_complex64
8938744142,17600,202844,1434,1,1,128,1,1,16,0.000,0.000,,,,,NVIDIA A100-SXM4-40GB MIG 4g.20gb (0),1,,13,cupy_copy__complex64_complex64
8939268712,247421,202849,1,1,1,32,32,1,30,0.000,0.000,,,,,NVIDIA A100-SXM4-40GB MIG 4g.20gb (0),1,,13,"void convert_kernel<__half2, float2>(tensor_layout_any, T1 *, tensor_layout_any, const T2 *)"
8939546181,5760,202852,,,,,,,,,,0.094,16266.656,Pinned,Device,NVIDIA A100-SXM4-40GB MIG 4g.20gb (0),1,,13,[CUDA memcpy Host-to-Device]
8940040703,612633,202853,,,,,,,,,,456.561,745108.270,Device,,NVIDIA A100-SXM4-40GB MIG 4g.20gb (0),1,,13,[CUDA memset]
8940656792,70591,202858,,,,,,,,,,1.235,17494.217,Pinned,Device,NVIDIA A100-SXM4-40GB MIG 4g.20gb (0),1,,13,[CUDA memcpy Host-to-Device]
8940732951,15936,202859,,,,,,,,,,0.197,12337.349,Pinned,Device,NVIDIA A100-SXM4-40GB MIG 4g.20gb (0),1,,13,[CUDA memcpy Host-to-Device]
8941268401,28256,202860,69,4,1,48,1,1,76,0.002,0.000,,,,,NVIDIA A100-SXM4-40GB MIG 4g.20gb (0),1,,13,"void ch_est::windowedChEstPreNoDftSOfdmKernel<float, __half, float, (unsigned int)2, (unsigned int)1, (unsigned short)4>(ch_est::puschRxChEstStatDescr_t *, ch_est::puschRxChEstDynDescr_t *)"
8941656525,26336,202861,137,2,1,24,2,1,44,0.001,0.001,,,,,NVIDIA A100-SXM4-40GB MIG 4g.20gb (0),1,,13,"void ch_est::chEstFilterNoDftSOfdmDispatchKernel<float, __half, float, (unsigned int)2>(ch_est::puschRxChEstStatDescr_t *, ch_est::puschRxChEstDynDescr_t *)"
8941883658,17408,202862,137,2,1,24,2,1,44,0.001,0.001,,,,,NVIDIA A100-SXM4-40GB MIG 4g.20gb (0),1,,13,"void ch_est::chEstFilterNoDftSOfdmDispatchKernel<float, __half, float, (unsigned int)2>(ch_est::puschRxChEstStatDescr_t *, ch_est::puschRxChEstDynDescr_t *)"
8942359237,6208,202873,103,1,1,128,1,1,16,0.000,0.000,,,,,NVIDIA A100-SXM4-40GB MIG 4g.20gb (0),1,,13,cupy_copy__complex64_complex64
8942814848,17023,202883,1434,1,1,128,1,1,16,0.000,0.000,,,,,NVIDIA A100-SXM4-40GB MIG 4g.20gb (0),1,,13,cupy_copy__complex64_complex64
8943225691,16064,202890,103,1,1,128,1,1,16,0.000,0.000,,,,,NVIDIA A100-SXM4-40GB MIG 4g.20gb (0),1,,13,cupy_copy__complex64_complex64
8943672214,300796,202897,1,1,1,32,32,1,30,0.000,0.000,,,,,NVIDIA A100-SXM4-40GB MIG 4g.20gb (0),1,,13,"void convert_kernel<__half2, float2>(tensor_layout_any, T1 *, tensor_layout_any, const T2 *)"
8944034770,5440,202900,,,,,,,,,,0.094,17223.480,Pinned,Device,NVIDIA A100-SXM4-40GB MIG 4g.20gb (0),1,,13,[CUDA memcpy Host-to-Device]
8944435469,52704,202901,,,,,,,,,,35.810,679421.612,Device,,NVIDIA A100-SXM4-40GB MIG 4g.20gb (0),1,,13,[CUDA memset]
8944494477,2048,202903,,,,,,,,,,0.000,39.062,Pinned,Device,NVIDIA A100-SXM4-40GB MIG 4g.20gb (0),1,,13,[CUDA memcpy Host-to-Device]
8944502284,10752,202904,,,,,,,,,,0.197,18285.527,Pinned,Device,NVIDIA A100-SXM4-40GB MIG 4g.20gb (0),1,,13,[CUDA memcpy Host-to-Device]
8944917256,24319,202905,273,1,1,48,1,1,40,0.000,0.001,,,,,NVIDIA A100-SXM4-40GB MIG 4g.20gb (0),1,,13,"void pusch_noise_intf_est::noiseIntfEstNoDftSOfdmKernel<float, __half, float, float, (unsigned int)2, (unsigned int)1, (unsigned char)4, (unsigned char)4>(pusch_noise_intf_est::puschRxNoiseIntfEstDynDescr)"
8945350691,14784,202916,35,1,1,128,1,1,16,0.000,0.000,,,,,NVIDIA A100-SXM4-40GB MIG 4g.20gb (0),1,,13,cupy_copy__complex64_complex64
8945780030,3072,202925,1,1,1,1,1,1,18,0.000,0.000,,,,,NVIDIA A100-SXM4-40GB MIG 4g.20gb (0),1,,13,cupy_copy__float32_float32
8945789406,3488,202931,,,,,,,,,,0.000,1.147,Device,Pageable,NVIDIA A100-SXM4-40GB MIG 4g.20gb (0),1,,7,[CUDA memcpy Device-to-Host]
8946306328,16448,202942,1434,1,1,128,1,1,16,0.000,0.000,,,,,NVIDIA A100-SXM4-40GB MIG 4g.20gb (0),1,,13,cupy_copy__complex64_complex64
8946654644,4512,202949,103,1,1,128,1,1,16,0.000,0.000,,,,,NVIDIA A100-SXM4-40GB MIG 4g.20gb (0),1,,13,cupy_copy__complex64_complex64
8947118703,8032,202956,35,1,1,128,1,1,16,0.000,0.000,,,,,NVIDIA A100-SXM4-40GB MIG 4g.20gb (0),1,,13,cupy_copy__complex64_complex64
8947577865,4320,202963,1,1,1,1,1,1,18,0.000,0.000,,,,,NVIDIA A100-SXM4-40GB MIG 4g.20gb (0),1,,13,cupy_copy__float32_float32
8947879398,251357,202974,1,1,1,32,32,1,30,0.000,0.000,,,,,NVIDIA A100-SXM4-40GB MIG 4g.20gb (0),1,,13,"void convert_kernel<__half2, float2>(tensor_layout_any, T1 *, tensor_layout_any, const T2 *)"
8948161763,9792,202977,,,,,,,,,,0.094,9568.610,Pinned,Device,NVIDIA A100-SXM4-40GB MIG 4g.20gb (0),1,,13,[CUDA memcpy Host-to-Device]
8948565374,7392,202978,,,,,,,,,,1.547,209228.841,Device,,NVIDIA A100-SXM4-40GB MIG 4g.20gb (0),1,,13,[CUDA memset]
8948579454,3040,202983,,,,,,,,,,0.031,10294.725,Pinned,Device,NVIDIA A100-SXM4-40GB MIG 4g.20gb (0),1,,13,[CUDA memcpy Host-to-Device]
8948585022,11200,202984,,,,,,,,,,0.197,17554.145,Pinned,Device,NVIDIA A100-SXM4-40GB MIG 4g.20gb (0),1,,13,[CUDA memcpy Host-to-Device]
8948796284,17311,202985,273,1,1,8,4,1,39,0.002,0.000,,,,,NVIDIA A100-SXM4-40GB MIG 4g.20gb (0),1,,13,"void channel_eq::eqMmseCoefCompLowMimoKernel<float, float, float, (unsigned int)4, (unsigned int)1, (unsigned int)4>(const channel_eq::_puschRxChEqStatDescr *, channel_eq::_puschRxChEqCoefCompDynDescr)"
8949314230,10400,202986,273,1,1,12,11,1,51,0.002,0.000,,,,,NVIDIA A100-SXM4-40GB MIG 4g.20gb (0),1,,13,"void channel_eq::eqMmseSoftDemapKernel<float, __half, __half, float, (unsigned int)4, (unsigned short)16383>(channel_eq::_puschRxChEqStatDescr *, channel_eq::_puschRxChEqSoftDemapDynDescr)"
8949783824,785271,202987,1,1,1,32,32,1,30,0.000,0.000,,,,,NVIDIA A100-SXM4-40GB MIG 4g.20gb (0),1,,13,"void convert_kernel<float2, __half2>(tensor_layout_any, T1 *, tensor_layout_any, const T2 *)"
8950899044,14623,202999,2253,1,1,128,1,1,16,0.000,0.000,,,,,NVIDIA A100-SXM4-40GB MIG 4g.20gb (0),1,,13,cupy_copy__float16_float16
8951397374,5024,203008,282,1,1,128,1,1,16,0.000,0.000,,,,,NVIDIA A100-SXM4-40GB MIG 4g.20gb (0),1,,13,cupy_copy__complex64_complex64
8951937592,3616,203017,26,1,1,128,1,1,16,0.000,0.000,,,,,NVIDIA A100-SXM4-40GB MIG 4g.20gb (0),1,,13,cupy_copy__float32_float32
8952352787,10784,203026,103,1,1,128,1,1,16,0.000,0.000,,,,,NVIDIA A100-SXM4-40GB MIG 4g.20gb (0),1,,13,cupy_copy__complex64_complex64
8952682767,19136,203036,1434,1,1,128,1,1,16,0.000,0.000,,,,,NVIDIA A100-SXM4-40GB MIG 4g.20gb (0),1,,13,cupy_copy__complex64_complex64
8952865677,256381,203041,1,1,1,32,32,1,30,0.000,0.000,,,,,NVIDIA A100-SXM4-40GB MIG 4g.20gb (0),1,,13,"void convert_kernel<__half2, float2>(tensor_layout_any, T1 *, tensor_layout_any, const T2 *)"
8953154538,8256,203044,,,,,,,,,,0.094,11348.834,Pinned,Device,NVIDIA A100-SXM4-40GB MIG 4g.20gb (0),1,,13,[CUDA memcpy Host-to-Device]
8953500070,618521,203045,,,,,,,,,,456.561,737803.287,Device,,NVIDIA A100-SXM4-40GB MIG 4g.20gb (0),1,,13,[CUDA memset]
8954124351,60575,203050,,,,,,,,,,1.235,20386.456,Pinned,Device,NVIDIA A100-SXM4-40GB MIG 4g.20gb (0),1,,13,[CUDA memcpy Host-to-Device]
8954190270,10752,203051,,,,,,,,,,0.197,18285.527,Pinned,Device,NVIDIA A100-SXM4-40GB MIG 4g.20gb (0),1,,13,[CUDA memcpy Host-to-Device]
8954589370,15359,203052,69,4,1,48,1,1,76,0.002,0.000,,,,,NVIDIA A100-SXM4-40GB MIG 4g.20gb (0),1,,13,"void ch_est::windowedChEstPreNoDftSOfdmKernel<float, __half, float, (unsigned int)2, (unsigned int)1, (unsigned short)4>(ch_est::puschRxChEstStatDescr_t *, ch_est::puschRxChEstDynDescr_t *)"
8955101716,17952,203053,137,2,1,24,2,1,44,0.001,0.001,,,,,NVIDIA A100-SXM4-40GB MIG 4g.20gb (0),1,,13,"void ch_est::chEstFilterNoDftSOfdmDispatchKernel<float, __half, float, (unsigned int)2>(ch_est::puschRxChEstStatDescr_t *, ch_est::puschRxChEstDynDescr_t *)"
8955612302,12768,203054,137,2,1,24,2,1,44,0.001,0.001,,,,,NVIDIA A100-SXM4-40GB MIG 4g.20gb (0),1,,13,"void ch_est::chEstFilterNoDftSOfdmDispatchKernel<float, __half, float, (unsigned int)2>(ch_est::puschRxChEstStatDescr_t *, ch_est::puschRxChEstDynDescr_t *)"
8955961930,8544,203065,103,1,1,128,1,1,16,0.000,0.000,,,,,NVIDIA A100-SXM4-40GB MIG 4g.20gb (0),1,,13,cupy_copy__complex64_complex64
8956156200,18336,203075,1434,1,1,128,1,1,16,0.000,0.000,,,,,NVIDIA A100-SXM4-40GB MIG 4g.20gb (0),1,,13,cupy_copy__complex64_complex64
8956592163,7584,203082,103,1,1,128,1,1,16,0.000,0.000,,,,,NVIDIA A100-SXM4-40GB MIG 4g.20gb (0),1,,13,cupy_copy__complex64_complex64
8957008254,287613,203089,1,1,1,32,32,1,30,0.000,0.000,,,,,NVIDIA A100-SXM4-40GB MIG 4g.20gb (0),1,,13,"void convert_kernel<__half2, float2>(tensor_layout_any, T1 *, tensor_layout_any, const T2 *)"
8957328794,6464,203092,,,,,,,,,,0.094,14494.959,Pinned,Device,NVIDIA A100-SXM4-40GB MIG 4g.20gb (0),1,,13,[CUDA memcpy Host-to-Device]
8957594551,50944,203093,,,,,,,,,,35.810,702912.920,Device,,NVIDIA A100-SXM4-40GB MIG 4g.20gb (0),1,,13,[CUDA memset]
8957652311,2624,203095,,,,,,,,,,0.000,30.488,Pinned,Device,NVIDIA A100-SXM4-40GB MIG 4g.20gb (0),1,,13,[CUDA memcpy Host-to-Device]
8957660535,9888,203096,,,,,,,,,,0.197,19883.360,Pinned,Device,NVIDIA A100-SXM4-40GB MIG 4g.20gb (0),1,,13,[CUDA memcpy Host-to-Device]
8958170929,16384,203097,273,1,1,48,1,1,40,0.000,0.001,,,,,NVIDIA A100-SXM4-40GB MIG 4g.20gb (0),1,,13,"void pusch_noise_intf_est::noiseIntfEstNoDftSOfdmKernel<float, __half, float, float, (unsigned int)2, (unsigned int)1, (unsigned char)4, (unsigned char)4>(pusch_noise_intf_est::puschRxNoiseIntfEstDynDescr)"
8958603020,8864,203108,35,1,1,128,1,1,16,0.000,0.000,,,,,NVIDIA A100-SXM4-40GB MIG 4g.20gb (0),1,,13,cupy_copy__complex64_complex64
8959118406,3648,203117,1,1,1,1,1,1,18,0.000,0.000,,,,,NVIDIA A100-SXM4-40GB MIG 4g.20gb (0),1,,13,cupy_copy__float32_float32
8959127590,1568,203123,,,,,,,,,,0.000,2.551,Device,Pageable,NVIDIA A100-SXM4-40GB MIG 4g.20gb (0),1,,7,[CUDA memcpy Device-to-Host]
8959659232,23616,203134,1434,1,1,128,1,1,16,0.000,0.000,,,,,NVIDIA A100-SXM4-40GB MIG 4g.20gb (0),1,,13,cupy_copy__complex64_complex64
8960042108,4256,203141,103,1,1,128,1,1,16,0.000,0.000,,,,,NVIDIA A100-SXM4-40GB MIG 4g.20gb (0),1,,13,cupy_copy__complex64_complex64
8960212378,10944,203148,35,1,1,128,1,1,16,0.000,0.000,,,,,NVIDIA A100-SXM4-40GB MIG 4g.20gb (0),1,,13,cupy_copy__complex64_complex64
8960630997,3584,203155,1,1,1,1,1,1,18,0.000,0.000,,,,,NVIDIA A100-SXM4-40GB MIG 4g.20gb (0),1,,13,cupy_copy__float32_float32
8960964497,270461,203166,1,1,1,32,32,1,30,0.000,0.000,,,,,NVIDIA A100-SXM4-40GB MIG 4g.20gb (0),1,,13,"void convert_kernel<__half2, float2>(tensor_layout_any, T1 *, tensor_layout_any, const T2 *)"
8961264206,5760,203169,,,,,,,,,,0.094,16266.656,Pinned,Device,NVIDIA A100-SXM4-40GB MIG 4g.20gb (0),1,,13,[CUDA memcpy Host-to-Device]
8961469963,10432,203170,,,,,,,,,,1.547,148256.283,Device,,NVIDIA A100-SXM4-40GB MIG 4g.20gb (0),1,,13,[CUDA memset]
8961485675,3552,203175,,,,,,,,,,0.031,8810.794,Pinned,Device,NVIDIA A100-SXM4-40GB MIG 4g.20gb (0),1,,13,[CUDA memcpy Host-to-Device]
8961495051,9632,203176,,,,,,,,,,0.197,20411.843,Pinned,Device,NVIDIA A100-SXM4-40GB MIG 4g.20gb (0),1,,13,[CUDA memcpy Host-to-Device]
8961890087,23615,203177,273,1,1,8,4,1,39,0.002,0.000,,,,,NVIDIA A100-SXM4-40GB MIG 4g.20gb (0),1,,13,"void channel_eq::eqMmseCoefCompLowMimoKernel<float, float, float, (unsigned int)4, (unsigned int)1, (unsigned int)4>(const channel_eq::_puschRxChEqStatDescr *, channel_eq::_puschRxChEqCoefCompDynDescr)"
8962238691,21407,203178,273,1,1,12,11,1,51,0.002,0.000,,,,,NVIDIA A100-SXM4-40GB MIG 4g.20gb (0),1,,13,"void channel_eq::eqMmseSoftDemapKernel<float, __half, __half, float, (unsigned int)4, (unsigned short)16383>(channel_eq::_puschRxChEqStatDescr *, channel_eq::_puschRxChEqSoftDemapDynDescr)"
8962659134,748759,203179,1,1,1,32,32,1,30,0.000,0.000,,,,,NVIDIA A100-SXM4-40GB MIG 4g.20gb (0),1,,13,"void convert_kernel<float2, __half2>(tensor_layout_any, T1 *, tensor_layout_any, const T2 *)"
8963677138,14240,203191,2253,1,1,128,1,1,16,0.000,0.000,,,,,NVIDIA A100-SXM4-40GB MIG 4g.20gb (0),1,,13,cupy_copy__float16_float16
8964232844,5984,203200,282,1,1,128,1,1,16,0.000,0.000,,,,,NVIDIA A100-SXM4-40GB MIG 4g.20gb (0),1,,13,cupy_copy__complex64_complex64
8964682535,3296,203209,26,1,1,128,1,1,16,0.000,0.000,,,,,NVIDIA A100-SXM4-40GB MIG 4g.20gb (0),1,,13,cupy_copy__float32_float32
8965119618,9216,203218,103,1,1,128,1,1,16,0.000,0.000,,,,,NVIDIA A100-SXM4-40GB MIG 4g.20gb (0),1,,13,cupy_copy__complex64_complex64
8965654748,25087,203228,1434,1,1,128,1,1,16,0.000,0.000,,,,,NVIDIA A100-SXM4-40GB MIG 4g.20gb (0),1,,13,cupy_copy__complex64_complex64
8966117942,325917,203233,1,1,1,32,32,1,30,0.000,0.000,,,,,NVIDIA A100-SXM4-40GB MIG 4g.20gb (0),1,,13,"void convert_kernel<__half2, float2>(tensor_layout_any, T1 *, tensor_layout_any, const T2 *)"
8966473874,5696,203236,,,,,,,,,,0.094,16449.363,Pinned,Device,NVIDIA A100-SXM4-40GB MIG 4g.20gb (0),1,,13,[CUDA memcpy Host-to-Device]
8966932333,621433,203237,,,,,,,,,,456.561,734607.357,Device,,NVIDIA A100-SXM4-40GB MIG 4g.20gb (0),1,,13,[CUDA memset]
8967554502,58719,203242,,,,,,,,,,1.235,21031.096,Pinned,Device,NVIDIA A100-SXM4-40GB MIG 4g.20gb (0),1,,13,[CUDA memcpy Host-to-Device]
8967616133,9536,203243,,,,,,,,,,0.197,20617.298,Pinned,Device,NVIDIA A100-SXM4-40GB MIG 4g.20gb (0),1,,13,[CUDA memcpy Host-to-Device]
8968089056,17280,203244,69,4,1,48,1,1,76,0.002,0.000,,,,,NVIDIA A100-SXM4-40GB MIG 4g.20gb (0),1,,13,"void ch_est::windowedChEstPreNoDftSOfdmKernel<float, __half, float, (unsigned int)2, (unsigned int)1, (unsigned short)4>(ch_est::puschRxChEstStatDescr_t *, ch_est::puschRxChEstDynDescr_t *)"
8968526107,15712,203245,137,2,1,24,2,1,44,0.001,0.001,,,,,NVIDIA A100-SXM4-40GB MIG 4g.20gb (0),1,,13,"void ch_est::chEstFilterNoDftSOfdmDispatchKernel<float, __half, float, (unsigned int)2>(ch_est::puschRxChEstStatDescr_t *, ch_est::puschRxChEstDynDescr_t *)"
8968966006,15296,203246,137,2,1,24,2,1,44,0.001,0.001,,,,,NVIDIA A100-SXM4-40GB MIG 4g.20gb (0),1,,13,"void ch_est::chEstFilterNoDftSOfdmDispatchKernel<float, __half, float, (unsigned int)2>(ch_est::puschRxChEstStatDescr_t *, ch_est::puschRxChEstDynDescr_t *)"
8969407025,5984,203257,103,1,1,128,1,1,16,0.000,0.000,,,,,NVIDIA A100-SXM4-40GB MIG 4g.20gb (0),1,,13,cupy_copy__complex64_complex64
8969742861,16768,203267,1434,1,1,128,1,1,16,0.000,0.000,,,,,NVIDIA A100-SXM4-40GB MIG 4g.20gb (0),1,,13,cupy_copy__complex64_complex64
8969987626,5152,203274,103,1,1,128,1,1,16,0.000,0.000,,,,,NVIDIA A100-SXM4-40GB MIG 4g.20gb (0),1,,13,cupy_copy__complex64_complex64
8970091561,246781,203281,1,1,1,32,32,1,30,0.000,0.000,,,,,NVIDIA A100-SXM4-40GB MIG 4g.20gb (0),1,,13,"void convert_kernel<__half2, float2>(tensor_layout_any, T1 *, tensor_layout_any, const T2 *)"
8970370054,8928,203284,,,,,,,,,,0.094,10494.608,Pinned,Device,NVIDIA A100-SXM4-40GB MIG 4g.20gb (0),1,,13,[CUDA memcpy Host-to-Device]
8970620099,57440,203285,,,,,,,,,,35.810,623414.897,Device,,NVIDIA A100-SXM4-40GB MIG 4g.20gb (0),1,,13,[CUDA memset]
8970681699,5663,203287,,,,,,,,,,0.000,14.127,Pinned,Device,NVIDIA A100-SXM4-40GB MIG 4g.20gb (0),1,,13,[CUDA memcpy Host-to-Device]
8970691298,9504,203288,,,,,,,,,,0.197,20686.701,Pinned,Device,NVIDIA A100-SXM4-40GB MIG 4g.20gb (0),1,,13,[CUDA memcpy Host-to-Device]
8971079710,28224,203289,273,1,1,48,1,1,40,0.000,0.001,,,,,NVIDIA A100-SXM4-40GB MIG 4g.20gb (0),1,,13,"void pusch_noise_intf_est::noiseIntfEstNoDftSOfdmKernel<float, __half, float, float, (unsigned int)2, (unsigned int)1, (unsigned char)4, (unsigned char)4>(pusch_noise_intf_est::puschRxNoiseIntfEstDynDescr)"
8971345755,4608,203300,35,1,1,128,1,1,16,0.000,0.000,,,,,NVIDIA A100-SXM4-40GB MIG 4g.20gb (0),1,,13,cupy_copy__complex64_complex64
8971909941,5504,203309,1,1,1,1,1,1,18,0.000,0.000,,,,,NVIDIA A100-SXM4-40GB MIG 4g.20gb (0),1,,13,cupy_copy__float32_float32
8971919476,2112,203315,,,,,,,,,,0.000,1.894,Device,Pageable,NVIDIA A100-SXM4-40GB MIG 4g.20gb (0),1,,7,[CUDA memcpy Device-to-Host]
8972436943,17535,203326,1434,1,1,128,1,1,16,0.000,0.000,,,,,NVIDIA A100-SXM4-40GB MIG 4g.20gb (0),1,,13,cupy_copy__complex64_complex64
8972883721,4960,203333,103,1,1,128,1,1,16,0.000,0.000,,,,,NVIDIA A100-SXM4-40GB MIG 4g.20gb (0),1,,13,cupy_copy__complex64_complex64
8973316965,12287,203340,35,1,1,128,1,1,16,0.000,0.000,,,,,NVIDIA A100-SXM4-40GB MIG 4g.20gb (0),1,,13,cupy_copy__complex64_complex64
8973827167,4896,203347,1,1,1,1,1,1,18,0.000,0.000,,,,,NVIDIA A100-SXM4-40GB MIG 4g.20gb (0),1,,13,cupy_copy__float32_float32
8974268282,322268,203358,1,1,1,32,32,1,30,0.000,0.000,,,,,NVIDIA A100-SXM4-40GB MIG 4g.20gb (0),1,,13,"void convert_kernel<__half2, float2>(tensor_layout_any, T1 *, tensor_layout_any, const T2 *)"
8974622678,5568,203361,,,,,,,,,,0.094,16827.521,Pinned,Device,NVIDIA A100-SXM4-40GB MIG 4g.20gb (0),1,,13,[CUDA memcpy Host-to-Device]
8975054801,12896,203362,,,,,,,,,,1.547,119929.865,Device,,NVIDIA A100-SXM4-40GB MIG 4g.20gb (0),1,,13,[CUDA memset]
8975071921,5664,203367,,,,,,,,,,0.031,5525.403,Pinned,Device,NVIDIA A100-SXM4-40GB MIG 4g.20gb (0),1,,13,[CUDA memcpy Host-to-Device]
8975080720,9856,203368,,,,,,,,,,0.197,19948.044,Pinned,Device,NVIDIA A100-SXM4-40GB MIG 4g.20gb (0),1,,13,[CUDA memcpy Host-to-Device]
8975581643,16608,203369,273,1,1,8,4,1,39,0.002,0.000,,,,,NVIDIA A100-SXM4-40GB MIG 4g.20gb (0),1,,13,"void channel_eq::eqMmseCoefCompLowMimoKernel<float, float, float, (unsigned int)4, (unsigned int)1, (unsigned int)4>(const channel_eq::_puschRxChEqStatDescr *, channel_eq::_puschRxChEqCoefCompDynDescr)"
8976146404,17120,203370,273,1,1,12,11,1,51,0.002,0.000,,,,,NVIDIA A100-SXM4-40GB MIG 4g.20gb (0),1,,13,"void channel_eq::eqMmseSoftDemapKernel<float, __half, __half, float, (unsigned int)4, (unsigned short)16383>(channel_eq::_puschRxChEqStatDescr *, channel_eq::_puschRxChEqSoftDemapDynDescr)"
8976577759,717720,203371,1,1,1,32,32,1,30,0.000,0.000,,,,,NVIDIA A100-SXM4-40GB MIG 4g.20gb (0),1,,13,"void convert_kernel<float2, __half2>(tensor_layout_any, T1 *, tensor_layout_any, const T2 *)"
8977525813,13056,203383,2253,1,1,128,1,1,16,0.000,0.000,,,,,NVIDIA A100-SXM4-40GB MIG 4g.20gb (0),1,,13,cupy_copy__float16_float16
8977856433,4768,203392,282,1,1,128,1,1,16,0.000,0.000,,,,,NVIDIA A100-SXM4-40GB MIG 4g.20gb (0),1,,13,cupy_copy__complex64_complex64
8978073646,6432,203401,26,1,1,128,1,1,16,0.000,0.000,,,,,NVIDIA A100-SXM4-40GB MIG 4g.20gb (0),1,,13,cupy_copy__float32_float32
8978232269,7104,203410,103,1,1,128,1,1,16,0.000,0.000,,,,,NVIDIA A100-SXM4-40GB MIG 4g.20gb (0),1,,13,cupy_copy__complex64_complex64
8978696103,17536,203420,1434,1,1,128,1,1,16,0.000,0.000,,,,,NVIDIA A100-SXM4-40GB MIG 4g.20gb (0),1,,13,cupy_copy__complex64_complex64
8979111363,276796,203425,1,1,1,32,32,1,30,0.000,0.000,,,,,NVIDIA A100-SXM4-40GB MIG 4g.20gb (0),1,,13,"void convert_kernel<__half2, float2>(tensor_layout_any, T1 *, tensor_layout_any, const T2 *)"
8979417823,5952,203428,,,,,,,,,,0.094,15741.865,Pinned,Device,NVIDIA A100-SXM4-40GB MIG 4g.20gb (0),1,,13,[CUDA memcpy Host-to-Device]
8979847930,606169,203429,,,,,,,,,,456.561,752869.815,Device,,NVIDIA A100-SXM4-40GB MIG 4g.20gb (0),1,,13,[CUDA memset]
8980458003,58784,203434,,,,,,,,,,1.235,21007.632,Pinned,Device,NVIDIA A100-SXM4-40GB MIG 4g.20gb (0),1,,13,[CUDA memcpy Host-to-Device]
8980522035,9791,203435,,,,,,,,,,0.197,20080.361,Pinned,Device,NVIDIA A100-SXM4-40GB MIG 4g.20gb (0),1,,13,[CUDA memcpy Host-to-Device]
8980993645,11744,203436,69,4,1,48,1,1,76,0.002,0.000,,,,,NVIDIA A100-SXM4-40GB MIG 4g.20gb (0),1,,13,"void ch_est::windowedChEstPreNoDftSOfdmKernel<float, __half, float, (unsigned int)2, (unsigned int)1, (unsigned short)4>(ch_est::puschRxChEstStatDescr_t *, ch_est::puschRxChEstDynDescr_t *)"
8981525223,10752,203437,137,2,1,24,2,1,44,0.001,0.001,,,,,NVIDIA A100-SXM4-40GB MIG 4g.20gb (0),1,,13,"void ch_est::chEstFilterNoDftSOfdmDispatchKernel<float, __half, float, (unsigned int)2>(ch_est::puschRxChEstStatDescr_t *, ch_est::puschRxChEstDynDescr_t *)"
8982054081,10432,203438,137,2,1,24,2,1,44,0.001,0.001,,,,,NVIDIA A100-SXM4-40GB MIG 4g.20gb (0),1,,13,"void ch_est::chEstFilterNoDftSOfdmDispatchKernel<float, __half, float, (unsigned int)2>(ch_est::puschRxChEstStatDescr_t *, ch_est::puschRxChEstDynDescr_t *)"
8982580955,4352,203449,103,1,1,128,1,1,16,0.000,0.000,,,,,NVIDIA A100-SXM4-40GB MIG 4g.20gb (0),1,,13,cupy_copy__complex64_complex64
8983101621,17408,203459,1434,1,1,128,1,1,16,0.000,0.000,,,,,NVIDIA A100-SXM4-40GB MIG 4g.20gb (0),1,,13,cupy_copy__complex64_complex64
8983636687,4416,203466,103,1,1,128,1,1,16,0.000,0.000,,,,,NVIDIA A100-SXM4-40GB MIG 4g.20gb (0),1,,13,cupy_copy__complex64_complex64
8984159785,255869,203473,1,1,1,32,32,1,30,0.000,0.000,,,,,NVIDIA A100-SXM4-40GB MIG 4g.20gb (0),1,,13,"void convert_kernel<__half2, float2>(tensor_layout_any, T1 *, tensor_layout_any, const T2 *)"
8984447046,10048,203476,,,,,,,,,,0.094,9324.813,Pinned,Device,NVIDIA A100-SXM4-40GB MIG 4g.20gb (0),1,,13,[CUDA memcpy Host-to-Device]
8984809858,58303,203477,,,,,,,,,,35.810,614175.938,Device,,NVIDIA A100-SXM4-40GB MIG 4g.20gb (0),1,,13,[CUDA memset]
8984874017,3392,203479,,,,,,,,,,0.000,23.585,Pinned,Device,NVIDIA A100-SXM4-40GB MIG 4g.20gb (0),1,,13,[CUDA memcpy Host-to-Device]
8984879841,9728,203480,,,,,,,,,,0.197,20210.516,Pinned,Device,NVIDIA A100-SXM4-40GB MIG 4g.20gb (0),1,,13,[CUDA memcpy Host-to-Device]
8985214877,26816,203481,273,1,1,48,1,1,40,0.000,0.001,,,,,NVIDIA A100-SXM4-40GB MIG 4g.20gb (0),1,,13,"void pusch_noise_intf_est::noiseIntfEstNoDftSOfdmKernel<float, __half, float, float, (unsigned int)2, (unsigned int)1, (unsigned char)4, (unsigned char)4>(pusch_noise_intf_est::puschRxNoiseIntfEstDynDescr)"
8985323676,6368,203492,35,1,1,128,1,1,16,0.000,0.000,,,,,NVIDIA A100-SXM4-40GB MIG 4g.20gb (0),1,,13,cupy_copy__complex64_complex64
8985537466,3199,203501,1,1,1,1,1,1,18,0.000,0.000,,,,,NVIDIA A100-SXM4-40GB MIG 4g.20gb (0),1,,13,cupy_copy__float32_float32
8985545753,1920,203507,,,,,,,,,,0.000,2.083,Device,Pageable,NVIDIA A100-SXM4-40GB MIG 4g.20gb (0),1,,7,[CUDA memcpy Device-to-Host]
8985848470,22144,203518,1434,1,1,128,1,1,16,0.000,0.000,,,,,NVIDIA A100-SXM4-40GB MIG 4g.20gb (0),1,,13,cupy_copy__complex64_complex64
8986019700,5248,203525,103,1,1,128,1,1,16,0.000,0.000,,,,,NVIDIA A100-SXM4-40GB MIG 4g.20gb (0),1,,13,cupy_copy__complex64_complex64
8986386256,6880,203532,35,1,1,128,1,1,16,0.000,0.000,,,,,NVIDIA A100-SXM4-40GB MIG 4g.20gb (0),1,,13,cupy_copy__complex64_complex64
8986850571,3712,203539,1,1,1,1,1,1,18,0.000,0.000,,,,,NVIDIA A100-SXM4-40GB MIG 4g.20gb (0),1,,13,cupy_copy__float32_float32
8987252518,284477,203550,1,1,1,32,32,1,30,0.000,0.000,,,,,NVIDIA A100-SXM4-40GB MIG 4g.20gb (0),1,,13,"void convert_kernel<__half2, float2>(tensor_layout_any, T1 *, tensor_layout_any, const T2 *)"
8987566178,8512,203553,,,,,,,,,,0.094,11007.500,Pinned,Device,NVIDIA A100-SXM4-40GB MIG 4g.20gb (0),1,,13,[CUDA memcpy Host-to-Device]
8988001661,8064,203554,,,,,,,,,,1.547,191792.202,Device,,NVIDIA A100-SXM4-40GB MIG 4g.20gb (0),1,,13,[CUDA memset]
8988013181,8576,203559,,,,,,,,,,0.031,3649.239,Pinned,Device,NVIDIA A100-SXM4-40GB MIG 4g.20gb (0),1,,13,[CUDA memcpy Host-to-Device]
8988024221,9920,203560,,,,,,,,,,0.197,19819.266,Pinned,Device,NVIDIA A100-SXM4-40GB MIG 4g.20gb (0),1,,13,[CUDA memcpy Host-to-Device]
8988483704,17120,203561,273,1,1,8,4,1,39,0.002,0.000,,,,,NVIDIA A100-SXM4-40GB MIG 4g.20gb (0),1,,13,"void channel_eq::eqMmseCoefCompLowMimoKernel<float, float, float, (unsigned int)4, (unsigned int)1, (unsigned int)4>(const channel_eq::_puschRxChEqStatDescr *, channel_eq::_puschRxChEqCoefCompDynDescr)"
8989020498,10688,203562,273,1,1,12,11,1,51,0.002,0.000,,,,,NVIDIA A100-SXM4-40GB MIG 4g.20gb (0),1,,13,"void channel_eq::eqMmseSoftDemapKernel<float, __half, __half, float, (unsigned int)4, (unsigned short)16383>(channel_eq::_puschRxChEqStatDescr *, channel_eq::_puschRxChEqSoftDemapDynDescr)"
8989507884,703800,203563,1,1,1,32,32,1,30,0.000,0.000,,,,,NVIDIA A100-SXM4-40GB MIG 4g.20gb (0),1,,13,"void convert_kernel<float2, __half2>(tensor_layout_any, T1 *, tensor_layout_any, const T2 *)"
8990721023,13503,203575,2253,1,1,128,1,1,16,0.000,0.000,,,,,NVIDIA A100-SXM4-40GB MIG 4g.20gb (0),1,,13,cupy_copy__float16_float16
8991408919,7264,203584,282,1,1,128,1,1,16,0.000,0.000,,,,,NVIDIA A100-SXM4-40GB MIG 4g.20gb (0),1,,13,cupy_copy__complex64_complex64
8991937777,6368,203593,26,1,1,128,1,1,16,0.000,0.000,,,,,NVIDIA A100-SXM4-40GB MIG 4g.20gb (0),1,,13,cupy_copy__float32_float32
8992387468,14367,203602,103,1,1,128,1,1,16,0.000,0.000,,,,,NVIDIA A100-SXM4-40GB MIG 4g.20gb (0),1,,13,cupy_copy__complex64_complex64
8992687432,17632,203612,1434,1,1,128,1,1,16,0.000,0.000,,,,,NVIDIA A100-SXM4-40GB MIG 4g.20gb (0),1,,13,cupy_copy__complex64_complex64
8993028260,219166,203617,1,1,1,32,32,1,30,0.000,0.000,,,,,NVIDIA A100-SXM4-40GB MIG 4g.20gb (0),1,,13,"void convert_kernel<__half2, float2>(tensor_layout_any, T1 *, tensor_layout_any, const T2 *)"
8993276737,8448,203620,,,,,,,,,,0.094,11090.889,Pinned,Device,NVIDIA A100-SXM4-40GB MIG 4g.20gb (0),1,,13,[CUDA memcpy Host-to-Device]
8993740188,612281,203621,,,,,,,,,,456.561,745564.832,Device,,NVIDIA A100-SXM4-40GB MIG 4g.20gb (0),1,,13,[CUDA memset]
8994357589,52608,203626,,,,,,,,,,1.235,23473.816,Pinned,Device,NVIDIA A100-SXM4-40GB MIG 4g.20gb (0),1,,13,[CUDA memcpy Host-to-Device]
8994413077,9503,203627,,,,,,,,,,0.197,20688.863,Pinned,Device,NVIDIA A100-SXM4-40GB MIG 4g.20gb (0),1,,13,[CUDA memcpy Host-to-Device]
8994924303,12320,203628,69,4,1,48,1,1,76,0.002,0.000,,,,,NVIDIA A100-SXM4-40GB MIG 4g.20gb (0),1,,13,"void ch_est::windowedChEstPreNoDftSOfdmKernel<float, __half, float, (unsigned int)2, (unsigned int)1, (unsigned short)4>(ch_est::puschRxChEstStatDescr_t *, ch_est::puschRxChEstDynDescr_t *)"
8995559431,12128,203629,137,2,1,24,2,1,44,0.001,0.001,,,,,NVIDIA A100-SXM4-40GB MIG 4g.20gb (0),1,,13,"void ch_est::chEstFilterNoDftSOfdmDispatchKernel<float, __half, float, (unsigned int)2>(ch_est::puschRxChEstStatDescr_t *, ch_est::puschRxChEstDynDescr_t *)"
8996099105,8832,203630,137,2,1,24,2,1,44,0.001,0.001,,,,,NVIDIA A100-SXM4-40GB MIG 4g.20gb (0),1,,13,"void ch_est::chEstFilterNoDftSOfdmDispatchKernel<float, __half, float, (unsigned int)2>(ch_est::puschRxChEstStatDescr_t *, ch_est::puschRxChEstDynDescr_t *)"
8996548988,5568,203641,103,1,1,128,1,1,16,0.000,0.000,,,,,NVIDIA A100-SXM4-40GB MIG 4g.20gb (0),1,,13,cupy_copy__complex64_complex64
8996975095,18272,203651,1434,1,1,128,1,1,16,0.000,0.000,,,,,NVIDIA A100-SXM4-40GB MIG 4g.20gb (0),1,,13,cupy_copy__complex64_complex64
8997346227,9248,203658,103,1,1,128,1,1,16,0.000,0.000,,,,,NVIDIA A100-SXM4-40GB MIG 4g.20gb (0),1,,13,cupy_copy__complex64_complex64
8997551409,251997,203665,1,1,1,32,32,1,30,0.000,0.000,,,,,NVIDIA A100-SXM4-40GB MIG 4g.20gb (0),1,,13,"void convert_kernel<__half2, float2>(tensor_layout_any, T1 *, tensor_layout_any, const T2 *)"
8997835054,9791,203668,,,,,,,,,,0.094,9569.547,Pinned,Device,NVIDIA A100-SXM4-40GB MIG 4g.20gb (0),1,,13,[CUDA memcpy Host-to-Device]
8998220009,59264,203669,,,,,,,,,,35.810,604220.780,Device,,NVIDIA A100-SXM4-40GB MIG 4g.20gb (0),1,,13,[CUDA memset]
8998281864,2176,203671,,,,,,,,,,0.000,36.765,Pinned,Device,NVIDIA A100-SXM4-40GB MIG 4g.20gb (0),1,,13,[CUDA memcpy Host-to-Device]
8998288392,10176,203672,,,,,,,,,,0.197,19320.668,Pinned,Device,NVIDIA A100-SXM4-40GB MIG 4g.20gb (0),1,,13,[CUDA memcpy Host-to-Device]
8998723139,26560,203673,273,1,1,48,1,1,40,0.000,0.001,,,,,NVIDIA A100-SXM4-40GB MIG 4g.20gb (0),1,,13,"void pusch_noise_intf_est::noiseIntfEstNoDftSOfdmKernel<float, __half, float, float, (unsigned int)2, (unsigned int)1, (unsigned char)4, (unsigned char)4>(pusch_noise_intf_est::puschRxNoiseIntfEstDynDescr)"
8998932289,10944,203684,35,1,1,128,1,1,16,0.000,0.000,,,,,NVIDIA A100-SXM4-40GB MIG 4g.20gb (0),1,,13,cupy_copy__complex64_complex64
8999271165,3360,203693,1,1,1,1,1,1,18,0.000,0.000,,,,,NVIDIA A100-SXM4-40GB MIG 4g.20gb (0),1,,13,cupy_copy__float32_float32
8999281213,5152,203699,,,,,,,,,,0.000,0.776,Device,Pageable,NVIDIA A100-SXM4-40GB MIG 4g.20gb (0),1,,7,[CUDA memcpy Device-to-Host]
8999771480,16223,203710,1434,1,1,128,1,1,16,0.000,0.000,,,,,NVIDIA A100-SXM4-40GB MIG 4g.20gb (0),1,,13,cupy_copy__complex64_complex64
9000224786,4384,203717,103,1,1,128,1,1,16,0.000,0.000,,,,,NVIDIA A100-SXM4-40GB MIG 4g.20gb (0),1,,13,cupy_copy__complex64_complex64
9000447472,6528,203724,35,1,1,128,1,1,16,0.000,0.000,,,,,NVIDIA A100-SXM4-40GB MIG 4g.20gb (0),1,,13,cupy_copy__complex64_complex64
9000575086,3104,203731,1,1,1,1,1,1,18,0.000,0.000,,,,,NVIDIA A100-SXM4-40GB MIG 4g.20gb (0),1,,13,cupy_copy__float32_float32
9000856715,251133,203742,1,1,1,32,32,1,30,0.000,0.000,,,,,NVIDIA A100-SXM4-40GB MIG 4g.20gb (0),1,,13,"void convert_kernel<__half2, float2>(tensor_layout_any, T1 *, tensor_layout_any, const T2 *)"
9001138280,5920,203745,,,,,,,,,,0.094,15826.941,Pinned,Device,NVIDIA A100-SXM4-40GB MIG 4g.20gb (0),1,,13,[CUDA memcpy Host-to-Device]
9001247143,11296,203746,,,,,,,,,,1.547,136916.436,Device,,NVIDIA A100-SXM4-40GB MIG 4g.20gb (0),1,,13,[CUDA memset]
9001263655,7007,203751,,,,,,,,,,0.031,4466.377,Pinned,Device,NVIDIA A100-SXM4-40GB MIG 4g.20gb (0),1,,13,[CUDA memcpy Host-to-Device]
9001273062,9824,203752,,,,,,,,,,0.197,20012.925,Pinned,Device,NVIDIA A100-SXM4-40GB MIG 4g.20gb (0),1,,13,[CUDA memcpy Host-to-Device]
9001595299,24832,203753,273,1,1,8,4,1,39,0.002,0.000,,,,,NVIDIA A100-SXM4-40GB MIG 4g.20gb (0),1,,13,"void channel_eq::eqMmseCoefCompLowMimoKernel<float, float, float, (unsigned int)4, (unsigned int)1, (unsigned int)4>(const channel_eq::_puschRxChEqStatDescr *, channel_eq::_puschRxChEqCoefCompDynDescr)"
9001967455,15583,203754,273,1,1,12,11,1,51,0.002,0.000,,,,,NVIDIA A100-SXM4-40GB MIG 4g.20gb (0),1,,13,"void channel_eq::eqMmseSoftDemapKernel<float, __half, __half, float, (unsigned int)4, (unsigned short)16383>(channel_eq::_puschRxChEqStatDescr *, channel_eq::_puschRxChEqSoftDemapDynDescr)"
9002317339,621720,203755,1,1,1,32,32,1,30,0.000,0.000,,,,,NVIDIA A100-SXM4-40GB MIG 4g.20gb (0),1,,13,"void convert_kernel<float2, __half2>(tensor_layout_any, T1 *, tensor_layout_any, const T2 *)"
9003193169,19903,203767,2253,1,1,128,1,1,16,0.000,0.000,,,,,NVIDIA A100-SXM4-40GB MIG 4g.20gb (0),1,,13,cupy_copy__float16_float16
9003387886,6496,203776,282,1,1,128,1,1,16,0.000,0.000,,,,,NVIDIA A100-SXM4-40GB MIG 4g.20gb (0),1,,13,cupy_copy__complex64_complex64
9003834249,8928,203785,26,1,1,128,1,1,16,0.000,0.000,,,,,NVIDIA A100-SXM4-40GB MIG 4g.20gb (0),1,,13,cupy_copy__float32_float32
9004207365,11136,203794,103,1,1,128,1,1,16,0.000,0.000,,,,,NVIDIA A100-SXM4-40GB MIG 4g.20gb (0),1,,13,cupy_copy__complex64_complex64
9004649632,17632,203804,1434,1,1,128,1,1,16,0.000,0.000,,,,,NVIDIA A100-SXM4-40GB MIG 4g.20gb (0),1,,13,cupy_copy__complex64_complex64
9005098075,275773,203809,1,1,1,32,32,1,30,0.000,0.000,,,,,NVIDIA A100-SXM4-40GB MIG 4g.20gb (0),1,,13,"void convert_kernel<__half2, float2>(tensor_layout_any, T1 *, tensor_layout_any, const T2 *)"
9005403991,6752,203812,,,,,,,,,,0.094,13876.752,Pinned,Device,NVIDIA A100-SXM4-40GB MIG 4g.20gb (0),1,,13,[CUDA memcpy Host-to-Device]
9005619029,654425,203813,,,,,,,,,,456.561,697625.880,Device,,NVIDIA A100-SXM4-40GB MIG 4g.20gb (0),1,,13,[CUDA memset]
9006785832,52287,203818,,,,,,,,,,1.235,23618.304,Pinned,Device,NVIDIA A100-SXM4-40GB MIG 4g.20gb (0),1,,13,[CUDA memcpy Host-to-Device]
9006840583,9568,203819,,,,,,,,,,0.197,20548.485,Pinned,Device,NVIDIA A100-SXM4-40GB MIG 4g.20gb (0),1,,13,[CUDA memcpy Host-to-Device]
9007187331,17184,203820,69,4,1,48,1,1,76,0.002,0.000,,,,,NVIDIA A100-SXM4-40GB MIG 4g.20gb (0),1,,13,"void ch_est::windowedChEstPreNoDftSOfdmKernel<float, __half, float, (unsigned int)2, (unsigned int)1, (unsigned short)4>(ch_est::puschRxChEstStatDescr_t *, ch_est::puschRxChEstDynDescr_t *)"
9007578207,10880,203821,137,2,1,24,2,1,44,0.001,0.001,,,,,NVIDIA A100-SXM4-40GB MIG 4g.20gb (0),1,,13,"void ch_est::chEstFilterNoDftSOfdmDispatchKernel<float, __half, float, (unsigned int)2>(ch_est::puschRxChEstStatDescr_t *, ch_est::puschRxChEstDynDescr_t *)"
9008033178,16095,203822,137,2,1,24,2,1,44,0.001,0.001,,,,,NVIDIA A100-SXM4-40GB MIG 4g.20gb (0),1,,13,"void ch_est::chEstFilterNoDftSOfdmDispatchKernel<float, __half, float, (unsigned int)2>(ch_est::puschRxChEstStatDescr_t *, ch_est::puschRxChEstDynDescr_t *)"
9008485620,5472,203833,103,1,1,128,1,1,16,0.000,0.000,,,,,NVIDIA A100-SXM4-40GB MIG 4g.20gb (0),1,,13,cupy_copy__complex64_complex64
9008920495,17664,203843,1434,1,1,128,1,1,16,0.000,0.000,,,,,NVIDIA A100-SXM4-40GB MIG 4g.20gb (0),1,,13,cupy_copy__complex64_complex64
9009231468,16256,203850,103,1,1,128,1,1,16,0.000,0.000,,,,,NVIDIA A100-SXM4-40GB MIG 4g.20gb (0),1,,13,cupy_copy__complex64_complex64
9009485705,251197,203857,1,1,1,32,32,1,30,0.000,0.000,,,,,NVIDIA A100-SXM4-40GB MIG 4g.20gb (0),1,,13,"void convert_kernel<__half2, float2>(tensor_layout_any, T1 *, tensor_layout_any, const T2 *)"
9009768262,5696,203860,,,,,,,,,,0.094,16449.363,Pinned,Device,NVIDIA A100-SXM4-40GB MIG 4g.20gb (0),1,,13,[CUDA memcpy Host-to-Device]
9009950212,57983,203861,,,,,,,,,,35.810,617577.880,Device,,NVIDIA A100-SXM4-40GB MIG 4g.20gb (0),1,,13,[CUDA memset]
9010012963,1824,203863,,,,,,,,,,0.000,43.860,Pinned,Device,NVIDIA A100-SXM4-40GB MIG 4g.20gb (0),1,,13,[CUDA memcpy Host-to-Device]
9010017731,9472,203864,,,,,,,,,,0.197,20756.693,Pinned,Device,NVIDIA A100-SXM4-40GB MIG 4g.20gb (0),1,,13,[CUDA memcpy Host-to-Device]
9010371263,25472,203865,273,1,1,48,1,1,40,0.000,0.001,,,,,NVIDIA A100-SXM4-40GB MIG 4g.20gb (0),1,,13,"void pusch_noise_intf_est::noiseIntfEstNoDftSOfdmKernel<float, __half, float, float, (unsigned int)2, (unsigned int)1, (unsigned char)4, (unsigned char)4>(pusch_noise_intf_est::puschRxNoiseIntfEstDynDescr)"
9010717979,5888,203876,35,1,1,128,1,1,16,0.000,0.000,,,,,NVIDIA A100-SXM4-40GB MIG 4g.20gb (0),1,,13,cupy_copy__complex64_complex64
9011050167,2976,203885,1,1,1,1,1,1,18,0.000,0.000,,,,,NVIDIA A100-SXM4-40GB MIG 4g.20gb (0),1,,13,cupy_copy__float32_float32
9011058423,1600,203891,,,,,,,,,,0.000,2.500,Device,Pageable,NVIDIA A100-SXM4-40GB MIG 4g.20gb (0),1,,7,[CUDA memcpy Device-to-Host]
9011486258,17472,203902,1434,1,1,128,1,1,16,0.000,0.000,,,,,NVIDIA A100-SXM4-40GB MIG 4g.20gb (0),1,,13,cupy_copy__complex64_complex64
9011959885,5472,203909,103,1,1,128,1,1,16,0.000,0.000,,,,,NVIDIA A100-SXM4-40GB MIG 4g.20gb (0),1,,13,cupy_copy__complex64_complex64
9012404232,8768,203916,35,1,1,128,1,1,16,0.000,0.000,,,,,NVIDIA A100-SXM4-40GB MIG 4g.20gb (0),1,,13,cupy_copy__complex64_complex64
9012799011,3648,203923,1,1,1,1,1,1,18,0.000,0.000,,,,,NVIDIA A100-SXM4-40GB MIG 4g.20gb (0),1,,13,cupy_copy__float32_float32
9013040353,248221,203934,1,1,1,32,32,1,30,0.000,0.000,,,,,NVIDIA A100-SXM4-40GB MIG 4g.20gb (0),1,,13,"void convert_kernel<__half2, float2>(tensor_layout_any, T1 *, tensor_layout_any, const T2 *)"
9013320125,6720,203937,,,,,,,,,,0.094,13942.808,Pinned,Device,NVIDIA A100-SXM4-40GB MIG 4g.20gb (0),1,,13,[CUDA memcpy Host-to-Device]
9013740665,7551,203938,,,,,,,,,,1.547,204822.510,Device,,NVIDIA A100-SXM4-40GB MIG 4g.20gb (0),1,,13,[CUDA memset]
9013754584,3200,203943,,,,,,,,,,0.031,9780.000,Pinned,Device,NVIDIA A100-SXM4-40GB MIG 4g.20gb (0),1,,13,[CUDA memcpy Host-to-Device]
9013760216,10464,203944,,,,,,,,,,0.197,18788.844,Pinned,Device,NVIDIA A100-SXM4-40GB MIG 4g.20gb (0),1,,13,[CUDA memcpy Host-to-Device]
9013983574,17280,203945,273,1,1,8,4,1,39,0.002,0.000,,,,,NVIDIA A100-SXM4-40GB MIG 4g.20gb (0),1,,13,"void channel_eq::eqMmseCoefCompLowMimoKernel<float, float, float, (unsigned int)4, (unsigned int)1, (unsigned int)4>(const channel_eq::_puschRxChEqStatDescr *, channel_eq::_puschRxChEqCoefCompDynDescr)"
9014513072,11616,203946,273,1,1,12,11,1,51,0.002,0.000,,,,,NVIDIA A100-SXM4-40GB MIG 4g.20gb (0),1,,13,"void channel_eq::eqMmseSoftDemapKernel<float, __half, __half, float, (unsigned int)4, (unsigned short)16383>(channel_eq::_puschRxChEqStatDescr *, channel_eq::_puschRxChEqSoftDemapDynDescr)"
9014998634,710360,203947,1,1,1,32,32,1,30,0.000,0.000,,,,,NVIDIA A100-SXM4-40GB MIG 4g.20gb (0),1,,13,"void convert_kernel<float2, __half2>(tensor_layout_any, T1 *, tensor_layout_any, const T2 *)"
9015933024,14687,203959,2253,1,1,128,1,1,16,0.000,0.000,,,,,NVIDIA A100-SXM4-40GB MIG 4g.20gb (0),1,,13,cupy_copy__float16_float16
9016313755,6464,203968,282,1,1,128,1,1,16,0.000,0.000,,,,,NVIDIA A100-SXM4-40GB MIG 4g.20gb (0),1,,13,cupy_copy__complex64_complex64
9016645592,6623,203977,26,1,1,128,1,1,16,0.000,0.000,,,,,NVIDIA A100-SXM4-40GB MIG 4g.20gb (0),1,,13,cupy_copy__float32_float32
9016947380,16224,203986,103,1,1,128,1,1,16,0.000,0.000,,,,,NVIDIA A100-SXM4-40GB MIG 4g.20gb (0),1,,13,cupy_copy__complex64_complex64
9017203313,24384,203996,1434,1,1,128,1,1,16,0.000,0.000,,,,,NVIDIA A100-SXM4-40GB MIG 4g.20gb (0),1,,13,cupy_copy__complex64_complex64
9017350000,231645,204001,1,1,1,32,32,1,30,0.000,0.000,,,,,NVIDIA A100-SXM4-40GB MIG 4g.20gb (0),1,,13,"void convert_kernel<__half2, float2>(tensor_layout_any, T1 *, tensor_layout_any, const T2 *)"
9017611341,5887,204004,,,,,,,,,,0.094,15915.671,Pinned,Device,NVIDIA A100-SXM4-40GB MIG 4g.20gb (0),1,,13,[CUDA memcpy Host-to-Device]
9017894601,625465,204005,,,,,,,,,,456.561,729585.181,Device,,NVIDIA A100-SXM4-40GB MIG 4g.20gb (0),1,,13,[CUDA memset]
9018523970,59647,204010,,,,,,,,,,1.235,20703.836,Pinned,Device,NVIDIA A100-SXM4-40GB MIG 4g.20gb (0),1,,13,[CUDA memcpy Host-to-Device]
9018586337,12800,204011,,,,,,,,,,0.197,15360.000,Pinned,Device,NVIDIA A100-SXM4-40GB MIG 4g.20gb (0),1,,13,[CUDA memcpy Host-to-Device]
9018947133,23712,204012,69,4,1,48,1,1,76,0.002,0.000,,,,,NVIDIA A100-SXM4-40GB MIG 4g.20gb (0),1,,13,"void ch_est::windowedChEstPreNoDftSOfdmKernel<float, __half, float, (unsigned int)2, (unsigned int)1, (unsigned short)4>(ch_est::puschRxChEstStatDescr_t *, ch_est::puschRxChEstDynDescr_t *)"
9019216090,13696,204013,137,2,1,24,2,1,44,0.001,0.001,,,,,NVIDIA A100-SXM4-40GB MIG 4g.20gb (0),1,,13,"void ch_est::chEstFilterNoDftSOfdmDispatchKernel<float, __half, float, (unsigned int)2>(ch_est::puschRxChEstStatDescr_t *, ch_est::puschRxChEstDynDescr_t *)"
9019717045,12831,204014,137,2,1,24,2,1,44,0.001,0.001,,,,,NVIDIA A100-SXM4-40GB MIG 4g.20gb (0),1,,13,"void ch_est::chEstFilterNoDftSOfdmDispatchKernel<float, __half, float, (unsigned int)2>(ch_est::puschRxChEstStatDescr_t *, ch_est::puschRxChEstDynDescr_t *)"
9020088080,6080,204025,103,1,1,128,1,1,16,0.000,0.000,,,,,NVIDIA A100-SXM4-40GB MIG 4g.20gb (0),1,,13,cupy_copy__complex64_complex64
9020546635,17632,204035,1434,1,1,128,1,1,16,0.000,0.000,,,,,NVIDIA A100-SXM4-40GB MIG 4g.20gb (0),1,,13,cupy_copy__complex64_complex64
9021004710,8992,204042,103,1,1,128,1,1,16,0.000,0.000,,,,,NVIDIA A100-SXM4-40GB MIG 4g.20gb (0),1,,13,cupy_copy__complex64_complex64
9021431681,207902,204049,1,1,1,32,32,1,30,0.000,0.000,,,,,NVIDIA A100-SXM4-40GB MIG 4g.20gb (0),1,,13,"void convert_kernel<__half2, float2>(tensor_layout_any, T1 *, tensor_layout_any, const T2 *)"
9021669054,5440,204052,,,,,,,,,,0.094,17223.480,Pinned,Device,NVIDIA A100-SXM4-40GB MIG 4g.20gb (0),1,,13,[CUDA memcpy Host-to-Device]
9022071770,54271,204053,,,,,,,,,,35.810,659833.586,Device,,NVIDIA A100-SXM4-40GB MIG 4g.20gb (0),1,,13,[CUDA memset]
9022131993,3392,204055,,,,,,,,,,0.000,23.585,Pinned,Device,NVIDIA A100-SXM4-40GB MIG 4g.20gb (0),1,,13,[CUDA memcpy Host-to-Device]
9022139161,9504,204056,,,,,,,,,,0.197,20686.701,Pinned,Device,NVIDIA A100-SXM4-40GB MIG 4g.20gb (0),1,,13,[CUDA memcpy Host-to-Device]
9022623028,14751,204057,273,1,1,48,1,1,40,0.000,0.001,,,,,NVIDIA A100-SXM4-40GB MIG 4g.20gb (0),1,,13,"void pusch_noise_intf_est::noiseIntfEstNoDftSOfdmKernel<float, __half, float, float, (unsigned int)2, (unsigned int)1, (unsigned char)4, (unsigned char)4>(pusch_noise_intf_est::puschRxNoiseIntfEstDynDescr)"
9023128974,7136,204068,35,1,1,128,1,1,16,0.000,0.000,,,,,NVIDIA A100-SXM4-40GB MIG 4g.20gb (0),1,,13,cupy_copy__complex64_complex64
9023621672,3168,204077,1,1,1,1,1,1,18,0.000,0.000,,,,,NVIDIA A100-SXM4-40GB MIG 4g.20gb (0),1,,13,cupy_copy__float32_float32
9023630952,1792,204083,,,,,,,,,,0.000,2.232,Device,Pageable,NVIDIA A100-SXM4-40GB MIG 4g.20gb (0),1,,7,[CUDA memcpy Device-to-Host]
9024136162,16800,204094,1434,1,1,128,1,1,16,0.000,0.000,,,,,NVIDIA A100-SXM4-40GB MIG 4g.20gb (0),1,,13,cupy_copy__complex64_complex64
9024505694,6624,204101,103,1,1,128,1,1,16,0.000,0.000,,,,,NVIDIA A100-SXM4-40GB MIG 4g.20gb (0),1,,13,cupy_copy__complex64_complex64
9024805723,16127,204108,35,1,1,128,1,1,16,0.000,0.000,,,,,NVIDIA A100-SXM4-40GB MIG 4g.20gb (0),1,,13,cupy_copy__complex64_complex64
9025058808,3104,204115,1,1,1,1,1,1,18,0.000,0.000,,,,,NVIDIA A100-SXM4-40GB MIG 4g.20gb (0),1,,13,cupy_copy__float32_float32
9025192662,253053,204126,1,1,1,32,32,1,30,0.000,0.000,,,,,NVIDIA A100-SXM4-40GB MIG 4g.20gb (0),1,,13,"void convert_kernel<__half2, float2>(tensor_layout_any, T1 *, tensor_layout_any, const T2 *)"
9025474771,9184,204129,,,,,,,,,,0.094,10202.089,Pinned,Device,NVIDIA A100-SXM4-40GB MIG 4g.20gb (0),1,,13,[CUDA memcpy Host-to-Device]
9025737360,6912,204130,,,,,,,,,,1.547,223757.827,Device,,NVIDIA A100-SXM4-40GB MIG 4g.20gb (0),1,,13,[CUDA memset]
9025749776,3584,204135,,,,,,,,,,0.031,8732.116,Pinned,Device,NVIDIA A100-SXM4-40GB MIG 4g.20gb (0),1,,13,[CUDA memcpy Host-to-Device]
9025755856,11808,204136,,,,,,,,,,0.197,16650.338,Pinned,Device,NVIDIA A100-SXM4-40GB MIG 4g.20gb (0),1,,13,[CUDA memcpy Host-to-Device]
9025871375,22655,204137,273,1,1,8,4,1,39,0.002,0.000,,,,,NVIDIA A100-SXM4-40GB MIG 4g.20gb (0),1,,13,"void channel_eq::eqMmseCoefCompLowMimoKernel<float, float, float, (unsigned int)4, (unsigned int)1, (unsigned int)4>(const channel_eq::_puschRxChEqStatDescr *, channel_eq::_puschRxChEqCoefCompDynDescr)"
9026239210,12384,204138,273,1,1,12,11,1,51,0.002,0.000,,,,,NVIDIA A100-SXM4-40GB MIG 4g.20gb (0),1,,13,"void channel_eq::eqMmseSoftDemapKernel<float, __half, __half, float, (unsigned int)4, (unsigned short)16383>(channel_eq::_puschRxChEqStatDescr *, channel_eq::_puschRxChEqSoftDemapDynDescr)"
9026584934,655673,204139,1,1,1,32,32,1,30,0.000,0.000,,,,,NVIDIA A100-SXM4-40GB MIG 4g.20gb (0),1,,13,"void convert_kernel<float2, __half2>(tensor_layout_any, T1 *, tensor_layout_any, const T2 *)"
9027545787,19168,204151,2253,1,1,128,1,1,16,0.000,0.000,,,,,NVIDIA A100-SXM4-40GB MIG 4g.20gb (0),1,,13,cupy_copy__float16_float16
9027814072,15648,204160,282,1,1,128,1,1,16,0.000,0.000,,,,,NVIDIA A100-SXM4-40GB MIG 4g.20gb (0),1,,13,cupy_copy__complex64_complex64
9027944311,5728,204169,26,1,1,128,1,1,16,0.000,0.000,,,,,NVIDIA A100-SXM4-40GB MIG 4g.20gb (0),1,,13,cupy_copy__float32_float32
9028268883,13152,204178,103,1,1,128,1,1,16,0.000,0.000,,,,,NVIDIA A100-SXM4-40GB MIG 4g.20gb (0),1,,13,cupy_copy__complex64_complex64
9028567984,18336,204188,1434,1,1,128,1,1,16,0.000,0.000,,,,,NVIDIA A100-SXM4-40GB MIG 4g.20gb (0),1,,13,cupy_copy__complex64_complex64
9028837421,259869,204193,1,1,1,32,32,1,30,0.000,0.000,,,,,NVIDIA A100-SXM4-40GB MIG 4g.20gb (0),1,,13,"void convert_kernel<__half2, float2>(tensor_layout_any, T1 *, tensor_layout_any, const T2 *)"
9029127049,6432,204196,,,,,,,,,,0.094,14567.105,Pinned,Device,NVIDIA A100-SXM4-40GB MIG 4g.20gb (0),1,,13,[CUDA memcpy Host-to-Device]
9029480901,612154,204197,,,,,,,,,,456.561,745564.832,Device,,NVIDIA A100-SXM4-40GB MIG 4g.20gb (0),1,,13,[CUDA memset]
9030094590,56192,204202,,,,,,,,,,1.235,21977.063,Pinned,Device,NVIDIA A100-SXM4-40GB MIG 4g.20gb (0),1,,13,[CUDA memcpy Host-to-Device]
9030153438,9536,204203,,,,,,,,,,0.197,20617.298,Pinned,Device,NVIDIA A100-SXM4-40GB MIG 4g.20gb (0),1,,13,[CUDA memcpy Host-to-Device]
9030556601,14144,204204,69,4,1,48,1,1,76,0.002,0.000,,,,,NVIDIA A100-SXM4-40GB MIG 4g.20gb (0),1,,13,"void ch_est::windowedChEstPreNoDftSOfdmKernel<float, __half, float, (unsigned int)2, (unsigned int)1, (unsigned short)4>(ch_est::puschRxChEstStatDescr_t *, ch_est::puschRxChEstDynDescr_t *)"
9030934581,13664,204205,137,2,1,24,2,1,44,0.001,0.001,,,,,NVIDIA A100-SXM4-40GB MIG 4g.20gb (0),1,,13,"void ch_est::chEstFilterNoDftSOfdmDispatchKernel<float, __half, float, (unsigned int)2>(ch_est::puschRxChEstStatDescr_t *, ch_est::puschRxChEstDynDescr_t *)"
9031279377,16864,204206,137,2,1,24,2,1,44,0.001,0.001,,,,,NVIDIA A100-SXM4-40GB MIG 4g.20gb (0),1,,13,"void ch_est::chEstFilterNoDftSOfdmDispatchKernel<float, __half, float, (unsigned int)2>(ch_est::puschRxChEstStatDescr_t *, ch_est::puschRxChEstDynDescr_t *)"
9031632877,5344,204217,103,1,1,128,1,1,16,0.000,0.000,,,,,NVIDIA A100-SXM4-40GB MIG 4g.20gb (0),1,,13,cupy_copy__complex64_complex64
9031966953,15456,204227,1434,1,1,128,1,1,16,0.000,0.000,,,,,NVIDIA A100-SXM4-40GB MIG 4g.20gb (0),1,,13,cupy_copy__complex64_complex64
9032275046,7008,204234,103,1,1,128,1,1,16,0.000,0.000,,,,,NVIDIA A100-SXM4-40GB MIG 4g.20gb (0),1,,13,cupy_copy__complex64_complex64
9032528899,231901,204241,1,1,1,32,32,1,30,0.000,0.000,,,,,NVIDIA A100-SXM4-40GB MIG 4g.20gb (0),1,,13,"void convert_kernel<__half2, float2>(tensor_layout_any, T1 *, tensor_layout_any, const T2 *)"
9032790560,6816,204244,,,,,,,,,,0.094,13746.421,Pinned,Device,NVIDIA A100-SXM4-40GB MIG 4g.20gb (0),1,,13,[CUDA memcpy Host-to-Device]
9033056925,52159,204245,,,,,,,,,,35.810,686547.786,Device,,NVIDIA A100-SXM4-40GB MIG 4g.20gb (0),1,,13,[CUDA memset]
9033114108,3136,204247,,,,,,,,,,0.000,25.510,Pinned,Device,NVIDIA A100-SXM4-40GB MIG 4g.20gb (0),1,,13,[CUDA memcpy Host-to-Device]
9033119932,9440,204248,,,,,,,,,,0.197,20827.079,Pinned,Device,NVIDIA A100-SXM4-40GB MIG 4g.20gb (0),1,,13,[CUDA memcpy Host-to-Device]
9033588951,17024,204249,273,1,1,48,1,1,40,0.000,0.001,,,,,NVIDIA A100-SXM4-40GB MIG 4g.20gb (0),1,,13,"void pusch_noise_intf_est::noiseIntfEstNoDftSOfdmKernel<float, __half, float, float, (unsigned int)2, (unsigned int)1, (unsigned char)4, (unsigned char)4>(pusch_noise_intf_est::puschRxNoiseIntfEstDynDescr)"
9034066417,4480,204260,35,1,1,128,1,1,16,0.000,0.000,,,,,NVIDIA A100-SXM4-40GB MIG 4g.20gb (0),1,,13,cupy_copy__complex64_complex64
9034450157,3008,204269,1,1,1,1,1,1,18,0.000,0.000,,,,,NVIDIA A100-SXM4-40GB MIG 4g.20gb (0),1,,13,cupy_copy__float32_float32
9034458701,4352,204275,,,,,,,,,,0.000,0.919,Device,Pageable,NVIDIA A100-SXM4-40GB MIG 4g.20gb (0),1,,7,[CUDA memcpy Device-to-Host]
9034928295,18464,204286,1434,1,1,128,1,1,16,0.000,0.000,,,,,NVIDIA A100-SXM4-40GB MIG 4g.20gb (0),1,,13,cupy_copy__complex64_complex64
9035402818,5664,204293,103,1,1,128,1,1,16,0.000,0.000,,,,,NVIDIA A100-SXM4-40GB MIG 4g.20gb (0),1,,13,cupy_copy__complex64_complex64
9035827837,9056,204300,35,1,1,128,1,1,16,0.000,0.000,,,,,NVIDIA A100-SXM4-40GB MIG 4g.20gb (0),1,,13,cupy_copy__complex64_complex64
9036212313,4544,204307,1,1,1,1,1,1,18,0.000,0.000,,,,,NVIDIA A100-SXM4-40GB MIG 4g.20gb (0),1,,13,cupy_copy__float32_float32
9036442934,250365,204318,1,1,1,32,32,1,30,0.000,0.000,,,,,NVIDIA A100-SXM4-40GB MIG 4g.20gb (0),1,,13,"void convert_kernel<__half2, float2>(tensor_layout_any, T1 *, tensor_layout_any, const T2 *)"
9036722547,5888,204321,,,,,,,,,,0.094,15912.954,Pinned,Device,NVIDIA A100-SXM4-40GB MIG 4g.20gb (0),1,,13,[CUDA memcpy Host-to-Device]
9037134510,8512,204322,,,,,,,,,,1.547,181698.934,Device,,NVIDIA A100-SXM4-40GB MIG 4g.20gb (0),1,,13,[CUDA memset]
9037148622,3968,204327,,,,,,,,,,0.031,7887.093,Pinned,Device,NVIDIA A100-SXM4-40GB MIG 4g.20gb (0),1,,13,[CUDA memcpy Host-to-Device]
9037155502,10336,204328,,,,,,,,,,0.197,19021.627,Pinned,Device,NVIDIA A100-SXM4-40GB MIG 4g.20gb (0),1,,13,[CUDA memcpy Host-to-Device]
9037424139,18144,204329,273,1,1,8,4,1,39,0.002,0.000,,,,,NVIDIA A100-SXM4-40GB MIG 4g.20gb (0),1,,13,"void channel_eq::eqMmseCoefCompLowMimoKernel<float, float, float, (unsigned int)4, (unsigned int)1, (unsigned int)4>(const channel_eq::_puschRxChEqStatDescr *, channel_eq::_puschRxChEqCoefCompDynDescr)"
9038138211,11072,204330,273,1,1,12,11,1,51,0.002,0.000,,,,,NVIDIA A100-SXM4-40GB MIG 4g.20gb (0),1,,13,"void channel_eq::eqMmseSoftDemapKernel<float, __half, __half, float, (unsigned int)4, (unsigned short)16383>(channel_eq::_puschRxChEqStatDescr *, channel_eq::_puschRxChEqSoftDemapDynDescr)"
9038701149,658232,204331,1,1,1,32,32,1,30,0.000,0.000,,,,,NVIDIA A100-SXM4-40GB MIG 4g.20gb (0),1,,13,"void convert_kernel<float2, __half2>(tensor_layout_any, T1 *, tensor_layout_any, const T2 *)"
9039791376,13760,204343,2253,1,1,128,1,1,16,0.000,0.000,,,,,NVIDIA A100-SXM4-40GB MIG 4g.20gb (0),1,,13,cupy_copy__float16_float16
9040151532,6656,204352,282,1,1,128,1,1,16,0.000,0.000,,,,,NVIDIA A100-SXM4-40GB MIG 4g.20gb (0),1,,13,cupy_copy__complex64_complex64
9040663590,6368,204361,26,1,1,128,1,1,16,0.000,0.000,,,,,NVIDIA A100-SXM4-40GB MIG 4g.20gb (0),1,,13,cupy_copy__float32_float32
9041134081,15872,204370,103,1,1,128,1,1,16,0.000,0.000,,,,,NVIDIA A100-SXM4-40GB MIG 4g.20gb (0),1,,13,cupy_copy__complex64_complex64
9041509085,18015,204380,1434,1,1,128,1,1,16,0.000,0.000,,,,,NVIDIA A100-SXM4-40GB MIG 4g.20gb (0),1,,13,cupy_copy__complex64_complex64
9042172661,244381,204385,1,1,1,32,32,1,30,0.000,0.000,,,,,NVIDIA A100-SXM4-40GB MIG 4g.20gb (0),1,,13,"void convert_kernel<__half2, float2>(tensor_layout_any, T1 *, tensor_layout_any, const T2 *)"
9042448050,5536,204388,,,,,,,,,,0.094,16924.777,Pinned,Device,NVIDIA A100-SXM4-40GB MIG 4g.20gb (0),1,,13,[CUDA memcpy Host-to-Device]
9042876237,610457,204389,,,,,,,,,,456.561,747847.639,Device,,NVIDIA A100-SXM4-40GB MIG 4g.20gb (0),1,,13,[CUDA memset]
9043493382,56767,204394,,,,,,,,,,1.235,21753.539,Pinned,Device,NVIDIA A100-SXM4-40GB MIG 4g.20gb (0),1,,13,[CUDA memcpy Host-to-Device]
9043552901,9408,204395,,,,,,,,,,0.197,20897.858,Pinned,Device,NVIDIA A100-SXM4-40GB MIG 4g.20gb (0),1,,13,[CUDA memcpy Host-to-Device]
9044133535,15072,204396,69,4,1,48,1,1,76,0.002,0.000,,,,,NVIDIA A100-SXM4-40GB MIG 4g.20gb (0),1,,13,"void ch_est::windowedChEstPreNoDftSOfdmKernel<float, __half, float, (unsigned int)2, (unsigned int)1, (unsigned short)4>(ch_est::puschRxChEstStatDescr_t *, ch_est::puschRxChEstDynDescr_t *)"
9044500347,8127,204397,137,2,1,24,2,1,44,0.001,0.001,,,,,NVIDIA A100-SXM4-40GB MIG 4g.20gb (0),1,,13,"void ch_est::chEstFilterNoDftSOfdmDispatchKernel<float, __half, float, (unsigned int)2>(ch_est::puschRxChEstStatDescr_t *, ch_est::puschRxChEstDynDescr_t *)"
9044909494,16832,204398,137,2,1,24,2,1,44,0.001,0.001,,,,,NVIDIA A100-SXM4-40GB MIG 4g.20gb (0),1,,13,"void ch_est::chEstFilterNoDftSOfdmDispatchKernel<float, __half, float, (unsigned int)2>(ch_est::puschRxChEstStatDescr_t *, ch_est::puschRxChEstDynDescr_t *)"
9045272882,8992,204409,103,1,1,128,1,1,16,0.000,0.000,,,,,NVIDIA A100-SXM4-40GB MIG 4g.20gb (0),1,,13,cupy_copy__complex64_complex64
9045480015,18144,204419,1434,1,1,128,1,1,16,0.000,0.000,,,,,NVIDIA A100-SXM4-40GB MIG 4g.20gb (0),1,,13,cupy_copy__complex64_complex64
9045854891,5696,204426,103,1,1,128,1,1,16,0.000,0.000,,,,,NVIDIA A100-SXM4-40GB MIG 4g.20gb (0),1,,13,cupy_copy__complex64_complex64
9046259783,257821,204433,1,1,1,32,32,1,30,0.000,0.000,,,,,NVIDIA A100-SXM4-40GB MIG 4g.20gb (0),1,,13,"void convert_kernel<__half2, float2>(tensor_layout_any, T1 *, tensor_layout_any, const T2 *)"
9046548451,5440,204436,,,,,,,,,,0.094,17223.480,Pinned,Device,NVIDIA A100-SXM4-40GB MIG 4g.20gb (0),1,,13,[CUDA memcpy Host-to-Device]
9046817120,53568,204437,,,,,,,,,,35.810,668463.777,Device,,NVIDIA A100-SXM4-40GB MIG 4g.20gb (0),1,,13,[CUDA memset]
9046871744,1920,204439,,,,,,,,,,0.000,41.667,Pinned,Device,NVIDIA A100-SXM4-40GB MIG 4g.20gb (0),1,,13,[CUDA memcpy Host-to-Device]
9046876416,9791,204440,,,,,,,,,,0.197,20080.361,Pinned,Device,NVIDIA A100-SXM4-40GB MIG 4g.20gb (0),1,,13,[CUDA memcpy Host-to-Device]
9047313659,17791,204441,273,1,1,48,1,1,40,0.000,0.001,,,,,NVIDIA A100-SXM4-40GB MIG 4g.20gb (0),1,,13,"void pusch_noise_intf_est::noiseIntfEstNoDftSOfdmKernel<float, __half, float, float, (unsigned int)2, (unsigned int)1, (unsigned char)4, (unsigned char)4>(pusch_noise_intf_est::puschRxNoiseIntfEstDynDescr)"
9047725526,5024,204452,35,1,1,128,1,1,16,0.000,0.000,,,,,NVIDIA A100-SXM4-40GB MIG 4g.20gb (0),1,,13,cupy_copy__complex64_complex64
9048129073,3200,204461,1,1,1,1,1,1,18,0.000,0.000,,,,,NVIDIA A100-SXM4-40GB MIG 4g.20gb (0),1,,13,cupy_copy__float32_float32
9048135697,4320,204467,,,,,,,,,,0.000,0.926,Device,Pageable,NVIDIA A100-SXM4-40GB MIG 4g.20gb (0),1,,7,[CUDA memcpy Device-to-Host]
9048457102,15647,204478,1434,1,1,128,1,1,16,0.000,0.000,,,,,NVIDIA A100-SXM4-40GB MIG 4g.20gb (0),1,,13,cupy_copy__complex64_complex64
9048803786,8703,204485,103,1,1,128,1,1,16,0.000,0.000,,,,,NVIDIA A100-SXM4-40GB MIG 4g.20gb (0),1,,13,cupy_copy__complex64_complex64
9049127718,5408,204492,35,1,1,128,1,1,16,0.000,0.000,,,,,NVIDIA A100-SXM4-40GB MIG 4g.20gb (0),1,,13,cupy_copy__complex64_complex64
9049493282,3584,204499,1,1,1,1,1,1,18,0.000,0.000,,,,,NVIDIA A100-SXM4-40GB MIG 4g.20gb (0),1,,13,cupy_copy__float32_float32
9049733311,245949,204510,1,1,1,32,32,1,30,0.000,0.000,,,,,NVIDIA A100-SXM4-40GB MIG 4g.20gb (0),1,,13,"void convert_kernel<__half2, float2>(tensor_layout_any, T1 *, tensor_layout_any, const T2 *)"
9050011452,6272,204513,,,,,,,,,,0.094,14938.703,Pinned,Device,NVIDIA A100-SXM4-40GB MIG 4g.20gb (0),1,,13,[CUDA memcpy Host-to-Device]
9050435031,6656,204514,,,,,,,,,,1.547,232364.790,Device,,NVIDIA A100-SXM4-40GB MIG 4g.20gb (0),1,,13,[CUDA memset]
9050448183,6656,204519,,,,,,,,,,0.031,4701.911,Pinned,Device,NVIDIA A100-SXM4-40GB MIG 4g.20gb (0),1,,13,[CUDA memcpy Host-to-Device]
9050457271,11680,204520,,,,,,,,,,0.197,16832.791,Pinned,Device,NVIDIA A100-SXM4-40GB MIG 4g.20gb (0),1,,13,[CUDA memcpy Host-to-Device]
9050660436,21152,204521,273,1,1,8,4,1,39,0.002,0.000,,,,,NVIDIA A100-SXM4-40GB MIG 4g.20gb (0),1,,13,"void channel_eq::eqMmseCoefCompLowMimoKernel<float, float, float, (unsigned int)4, (unsigned int)1, (unsigned int)4>(const channel_eq::_puschRxChEqStatDescr *, channel_eq::_puschRxChEqCoefCompDynDescr)"
9051144079,25792,204522,273,1,1,12,11,1,51,0.002,0.000,,,,,NVIDIA A100-SXM4-40GB MIG 4g.20gb (0),1,,13,"void channel_eq::eqMmseSoftDemapKernel<float, __half, __half, float, (unsigned int)4, (unsigned short)16383>(channel_eq::_puschRxChEqStatDescr *, channel_eq::_puschRxChEqSoftDemapDynDescr)"
9051621994,731223,204523,1,1,1,32,32,1,30,0.000,0.000,,,,,NVIDIA A100-SXM4-40GB MIG 4g.20gb (0),1,,13,"void convert_kernel<float2, __half2>(tensor_layout_any, T1 *, tensor_layout_any, const T2 *)"
9052547199,24928,204535,2253,1,1,128,1,1,16,0.000,0.000,,,,,NVIDIA A100-SXM4-40GB MIG 4g.20gb (0),1,,13,cupy_copy__float16_float16
9053031385,10432,204544,282,1,1,128,1,1,16,0.000,0.000,,,,,NVIDIA A100-SXM4-40GB MIG 4g.20gb (0),1,,13,cupy_copy__complex64_complex64
9053435253,3776,204553,26,1,1,128,1,1,16,0.000,0.000,,,,,NVIDIA A100-SXM4-40GB MIG 4g.20gb (0),1,,13,cupy_copy__float32_float32
9053872432,9248,204562,103,1,1,128,1,1,16,0.000,0.000,,,,,NVIDIA A100-SXM4-40GB MIG 4g.20gb (0),1,,13,cupy_copy__complex64_complex64
9054299403,18016,204572,1434,1,1,128,1,1,16,0.000,0.000,,,,,NVIDIA A100-SXM4-40GB MIG 4g.20gb (0),1,,13,cupy_copy__complex64_complex64
9054597096,208989,204577,1,1,1,32,32,1,30,0.000,0.000,,,,,NVIDIA A100-SXM4-40GB MIG 4g.20gb (0),1,,13,"void convert_kernel<__half2, float2>(tensor_layout_any, T1 *, tensor_layout_any, const T2 *)"
9054835781,5728,204580,,,,,,,,,,0.094,16357.541,Pinned,Device,NVIDIA A100-SXM4-40GB MIG 4g.20gb (0),1,,13,[CUDA memcpy Host-to-Device]
9055111746,614585,204581,,,,,,,,,,456.561,742825.463,Device,,NVIDIA A100-SXM4-40GB MIG 4g.20gb (0),1,,13,[CUDA memset]
9055729531,57887,204586,,,,,,,,,,1.235,21333.658,Pinned,Device,NVIDIA A100-SXM4-40GB MIG 4g.20gb (0),1,,13,[CUDA memcpy Host-to-Device]
9055789882,9664,204587,,,,,,,,,,0.197,20344.209,Pinned,Device,NVIDIA A100-SXM4-40GB MIG 4g.20gb (0),1,,13,[CUDA memcpy Host-to-Device]
9056119286,14560,204588,69,4,1,48,1,1,76,0.002,0.000,,,,,NVIDIA A100-SXM4-40GB MIG 4g.20gb (0),1,,13,"void ch_est::windowedChEstPreNoDftSOfdmKernel<float, __half, float, (unsigned int)2, (unsigned int)1, (unsigned short)4>(ch_est::puschRxChEstStatDescr_t *, ch_est::puschRxChEstDynDescr_t *)"
9056497106,10016,204589,137,2,1,24,2,1,44,0.001,0.001,,,,,NVIDIA A100-SXM4-40GB MIG 4g.20gb (0),1,,13,"void ch_est::chEstFilterNoDftSOfdmDispatchKernel<float, __half, float, (unsigned int)2>(ch_est::puschRxChEstStatDescr_t *, ch_est::puschRxChEstDynDescr_t *)"
9056895950,10175,204590,137,2,1,24,2,1,44,0.001,0.001,,,,,NVIDIA A100-SXM4-40GB MIG 4g.20gb (0),1,,13,"void ch_est::chEstFilterNoDftSOfdmDispatchKernel<float, __half, float, (unsigned int)2>(ch_est::puschRxChEstStatDescr_t *, ch_est::puschRxChEstDynDescr_t *)"
9057373576,7264,204601,103,1,1,128,1,1,16,0.000,0.000,,,,,NVIDIA A100-SXM4-40GB MIG 4g.20gb (0),1,,13,cupy_copy__complex64_complex64
9057849251,19679,204611,1434,1,1,128,1,1,16,0.000,0.000,,,,,NVIDIA A100-SXM4-40GB MIG 4g.20gb (0),1,,13,cupy_copy__complex64_complex64
9058255934,5824,204618,103,1,1,128,1,1,16,0.000,0.000,,,,,NVIDIA A100-SXM4-40GB MIG 4g.20gb (0),1,,13,cupy_copy__complex64_complex64
9058693945,256413,204625,1,1,1,32,32,1,30,0.000,0.000,,,,,NVIDIA A100-SXM4-40GB MIG 4g.20gb (0),1,,13,"void convert_kernel<__half2, float2>(tensor_layout_any, T1 *, tensor_layout_any, const T2 *)"
9058980406,5888,204628,,,,,,,,,,0.094,15912.954,Pinned,Device,NVIDIA A100-SXM4-40GB MIG 4g.20gb (0),1,,13,[CUDA memcpy Host-to-Device]
9059310802,51967,204629,,,,,,,,,,35.810,689054.481,Device,,NVIDIA A100-SXM4-40GB MIG 4g.20gb (0),1,,13,[CUDA memset]
9059374033,1984,204631,,,,,,,,,,0.000,40.323,Pinned,Device,NVIDIA A100-SXM4-40GB MIG 4g.20gb (0),1,,13,[CUDA memcpy Host-to-Device]
9059379537,9568,204632,,,,,,,,,,0.197,20548.485,Pinned,Device,NVIDIA A100-SXM4-40GB MIG 4g.20gb (0),1,,13,[CUDA memcpy Host-to-Device]
9059862764,19968,204633,273,1,1,48,1,1,40,0.000,0.001,,,,,NVIDIA A100-SXM4-40GB MIG 4g.20gb (0),1,,13,"void pusch_noise_intf_est::noiseIntfEstNoDftSOfdmKernel<float, __half, float, float, (unsigned int)2, (unsigned int)1, (unsigned char)4, (unsigned char)4>(pusch_noise_intf_est::puschRxNoiseIntfEstDynDescr)"
9060390534,8576,204644,35,1,1,128,1,1,16,0.000,0.000,,,,,NVIDIA A100-SXM4-40GB MIG 4g.20gb (0),1,,13,cupy_copy__complex64_complex64
9060789249,3296,204653,1,1,1,1,1,1,18,0.000,0.000,,,,,NVIDIA A100-SXM4-40GB MIG 4g.20gb (0),1,,13,cupy_copy__float32_float32
9060794561,2848,204659,,,,,,,,,,0.000,1.404,Device,Pageable,NVIDIA A100-SXM4-40GB MIG 4g.20gb (0),1,,7,[CUDA memcpy Device-to-Host]
9061360667,19935,204670,1434,1,1,128,1,1,16,0.000,0.000,,,,,NVIDIA A100-SXM4-40GB MIG 4g.20gb (0),1,,13,cupy_copy__complex64_complex64
9061853749,5344,204677,103,1,1,128,1,1,16,0.000,0.000,,,,,NVIDIA A100-SXM4-40GB MIG 4g.20gb (0),1,,13,cupy_copy__complex64_complex64
9062344368,8287,204684,35,1,1,128,1,1,16,0.000,0.000,,,,,NVIDIA A100-SXM4-40GB MIG 4g.20gb (0),1,,13,cupy_copy__complex64_complex64
9062748811,3616,204691,1,1,1,1,1,1,18,0.000,0.000,,,,,NVIDIA A100-SXM4-40GB MIG 4g.20gb (0),1,,13,cupy_copy__float32_float32
9063110439,265085,204702,1,1,1,32,32,1,30,0.000,0.000,,,,,NVIDIA A100-SXM4-40GB MIG 4g.20gb (0),1,,13,"void convert_kernel<__half2, float2>(tensor_layout_any, T1 *, tensor_layout_any, const T2 *)"
9063405027,5504,204705,,,,,,,,,,0.094,17023.251,Pinned,Device,NVIDIA A100-SXM4-40GB MIG 4g.20gb (0),1,,13,[CUDA memcpy Host-to-Device]
9063746336,8095,204706,,,,,,,,,,1.547,191059.103,Device,,NVIDIA A100-SXM4-40GB MIG 4g.20gb (0),1,,13,[CUDA memset]
9063762079,3168,204711,,,,,,,,,,0.031,9878.770,Pinned,Device,NVIDIA A100-SXM4-40GB MIG 4g.20gb (0),1,,13,[CUDA memcpy Host-to-Device]
9063770399,9728,204712,,,,,,,,,,0.197,20210.516,Pinned,Device,NVIDIA A100-SXM4-40GB MIG 4g.20gb (0),1,,13,[CUDA memcpy Host-to-Device]
9064191098,36224,204713,273,1,1,8,4,1,39,0.002,0.000,,,,,NVIDIA A100-SXM4-40GB MIG 4g.20gb (0),1,,13,"void channel_eq::eqMmseCoefCompLowMimoKernel<float, float, float, (unsigned int)4, (unsigned int)1, (unsigned int)4>(const channel_eq::_puschRxChEqStatDescr *, channel_eq::_puschRxChEqCoefCompDynDescr)"
9064691285,15424,204714,273,1,1,12,11,1,51,0.002,0.000,,,,,NVIDIA A100-SXM4-40GB MIG 4g.20gb (0),1,,13,"void channel_eq::eqMmseSoftDemapKernel<float, __half, __half, float, (unsigned int)4, (unsigned short)16383>(channel_eq::_puschRxChEqStatDescr *, channel_eq::_puschRxChEqSoftDemapDynDescr)"
9065302350,685208,204715,1,1,1,32,32,1,30,0.000,0.000,,,,,NVIDIA A100-SXM4-40GB MIG 4g.20gb (0),1,,13,"void convert_kernel<float2, __half2>(tensor_layout_any, T1 *, tensor_layout_any, const T2 *)"
9066415713,15392,204727,2253,1,1,128,1,1,16,0.000,0.000,,,,,NVIDIA A100-SXM4-40GB MIG 4g.20gb (0),1,,13,cupy_copy__float16_float16
9066948283,7136,204736,282,1,1,128,1,1,16,0.000,0.000,,,,,NVIDIA A100-SXM4-40GB MIG 4g.20gb (0),1,,13,cupy_copy__complex64_complex64
9067465781,8256,204745,26,1,1,128,1,1,16,0.000,0.000,,,,,NVIDIA A100-SXM4-40GB MIG 4g.20gb (0),1,,13,cupy_copy__float32_float32
9067939632,13920,204754,103,1,1,128,1,1,16,0.000,0.000,,,,,NVIDIA A100-SXM4-40GB MIG 4g.20gb (0),1,,13,cupy_copy__complex64_complex64
9068260236,16832,204764,1434,1,1,128,1,1,16,0.000,0.000,,,,,NVIDIA A100-SXM4-40GB MIG 4g.20gb (0),1,,13,cupy_copy__complex64_complex64
9068830342,252925,204769,1,1,1,32,32,1,30,0.000,0.000,,,,,NVIDIA A100-SXM4-40GB MIG 4g.20gb (0),1,,13,"void convert_kernel<__half2, float2>(tensor_layout_any, T1 *, tensor_layout_any, const T2 *)"
9069115266,6016,204772,,,,,,,,,,0.094,15574.430,Pinned,Device,NVIDIA A100-SXM4-40GB MIG 4g.20gb (0),1,,13,[CUDA memcpy Host-to-Device]
9069624285,614073,204773,,,,,,,,,,456.561,743282.024,Device,,NVIDIA A100-SXM4-40GB MIG 4g.20gb (0),1,,13,[CUDA memset]
9070246486,57055,204778,,,,,,,,,,1.235,21643.629,Pinned,Device,NVIDIA A100-SXM4-40GB MIG 4g.20gb (0),1,,13,[CUDA memcpy Host-to-Device]
9070306165,10912,204779,,,,,,,,,,0.197,18017.550,Pinned,Device,NVIDIA A100-SXM4-40GB MIG 4g.20gb (0),1,,13,[CUDA memcpy Host-to-Device]
9070862703,22207,204780,69,4,1,48,1,1,76,0.002,0.000,,,,,NVIDIA A100-SXM4-40GB MIG 4g.20gb (0),1,,13,"void ch_est::windowedChEstPreNoDftSOfdmKernel<float, __half, float, (unsigned int)2, (unsigned int)1, (unsigned short)4>(ch_est::puschRxChEstStatDescr_t *, ch_est::puschRxChEstDynDescr_t *)"
9071024301,9984,204781,137,2,1,24,2,1,44,0.001,0.001,,,,,NVIDIA A100-SXM4-40GB MIG 4g.20gb (0),1,,13,"void ch_est::chEstFilterNoDftSOfdmDispatchKernel<float, __half, float, (unsigned int)2>(ch_est::puschRxChEstStatDescr_t *, ch_est::puschRxChEstDynDescr_t *)"
9071465352,10144,204782,137,2,1,24,2,1,44,0.001,0.001,,,,,NVIDIA A100-SXM4-40GB MIG 4g.20gb (0),1,,13,"void ch_est::chEstFilterNoDftSOfdmDispatchKernel<float, __half, float, (unsigned int)2>(ch_est::puschRxChEstStatDescr_t *, ch_est::puschRxChEstDynDescr_t *)"
9071827748,7552,204793,103,1,1,128,1,1,16,0.000,0.000,,,,,NVIDIA A100-SXM4-40GB MIG 4g.20gb (0),1,,13,cupy_copy__complex64_complex64
9072243679,18336,204803,1434,1,1,128,1,1,16,0.000,0.000,,,,,NVIDIA A100-SXM4-40GB MIG 4g.20gb (0),1,,13,cupy_copy__complex64_complex64
9072544251,8768,204810,103,1,1,128,1,1,16,0.000,0.000,,,,,NVIDIA A100-SXM4-40GB MIG 4g.20gb (0),1,,13,cupy_copy__complex64_complex64
9072771545,255869,204817,1,1,1,32,32,1,30,0.000,0.000,,,,,NVIDIA A100-SXM4-40GB MIG 4g.20gb (0),1,,13,"void convert_kernel<__half2, float2>(tensor_layout_any, T1 *, tensor_layout_any, const T2 *)"
9073057174,9632,204820,,,,,,,,,,0.094,9727.519,Pinned,Device,NVIDIA A100-SXM4-40GB MIG 4g.20gb (0),1,,13,[CUDA memcpy Host-to-Device]
9073511824,59040,204821,,,,,,,,,,35.810,606512.615,Device,,NVIDIA A100-SXM4-40GB MIG 4g.20gb (0),1,,13,[CUDA memset]
9073572336,2304,204823,,,,,,,,,,0.000,34.722,Pinned,Device,NVIDIA A100-SXM4-40GB MIG 4g.20gb (0),1,,13,[CUDA memcpy Host-to-Device]
9073580816,10048,204824,,,,,,,,,,0.197,19566.821,Pinned,Device,NVIDIA A100-SXM4-40GB MIG 4g.20gb (0),1,,13,[CUDA memcpy Host-to-Device]
9074108234,28575,204825,273,1,1,48,1,1,40,0.000,0.001,,,,,NVIDIA A100-SXM4-40GB MIG 4g.20gb (0),1,,13,"void pusch_noise_intf_est::noiseIntfEstNoDftSOfdmKernel<float, __half, float, float, (unsigned int)2, (unsigned int)1, (unsigned char)4, (unsigned char)4>(pusch_noise_intf_est::puschRxNoiseIntfEstDynDescr)"
9074422886,8160,204836,35,1,1,128,1,1,16,0.000,0.000,,,,,NVIDIA A100-SXM4-40GB MIG 4g.20gb (0),1,,13,cupy_copy__complex64_complex64
9074935168,5856,204845,1,1,1,1,1,1,18,0.000,0.000,,,,,NVIDIA A100-SXM4-40GB MIG 4g.20gb (0),1,,13,cupy_copy__float32_float32
9074942304,1792,204851,,,,,,,,,,0.000,2.232,Device,Pageable,NVIDIA A100-SXM4-40GB MIG 4g.20gb (0),1,,7,[CUDA memcpy Device-to-Host]
9075528665,17056,204862,1434,1,1,128,1,1,16,0.000,0.000,,,,,NVIDIA A100-SXM4-40GB MIG 4g.20gb (0),1,,13,cupy_copy__complex64_complex64
9076060147,7552,204869,103,1,1,128,1,1,16,0.000,0.000,,,,,NVIDIA A100-SXM4-40GB MIG 4g.20gb (0),1,,13,cupy_copy__complex64_complex64
9076543118,4320,204876,35,1,1,128,1,1,16,0.000,0.000,,,,,NVIDIA A100-SXM4-40GB MIG 4g.20gb (0),1,,13,cupy_copy__complex64_complex64
9077004137,3424,204883,1,1,1,1,1,1,18,0.000,0.000,,,,,NVIDIA A100-SXM4-40GB MIG 4g.20gb (0),1,,13,cupy_copy__float32_float32
9077516451,279805,204894,1,1,1,32,32,1,30,0.000,0.000,,,,,NVIDIA A100-SXM4-40GB MIG 4g.20gb (0),1,,13,"void convert_kernel<__half2, float2>(tensor_layout_any, T1 *, tensor_layout_any, const T2 *)"
9077829983,5504,204897,,,,,,,,,,0.094,17023.251,Pinned,Device,NVIDIA A100-SXM4-40GB MIG 4g.20gb (0),1,,13,[CUDA memcpy Host-to-Device]
9078223643,5856,204898,,,,,,,,,,1.547,264109.247,Device,,NVIDIA A100-SXM4-40GB MIG 4g.20gb (0),1,,13,[CUDA memset]
9078236091,3904,204903,,,,,,,,,,0.031,8016.377,Pinned,Device,NVIDIA A100-SXM4-40GB MIG 4g.20gb (0),1,,13,[CUDA memcpy Host-to-Device]
9078246299,10015,204904,,,,,,,,,,0.197,19631.309,Pinned,Device,NVIDIA A100-SXM4-40GB MIG 4g.20gb (0),1,,13,[CUDA memcpy Host-to-Device]
9078706357,10944,204905,273,1,1,8,4,1,39,0.002,0.000,,,,,NVIDIA A100-SXM4-40GB MIG 4g.20gb (0),1,,13,"void channel_eq::eqMmseCoefCompLowMimoKernel<float, float, float, (unsigned int)4, (unsigned int)1, (unsigned int)4>(const channel_eq::_puschRxChEqStatDescr *, channel_eq::_puschRxChEqCoefCompDynDescr)"
9079083121,13280,204906,273,1,1,12,11,1,51,0.002,0.000,,,,,NVIDIA A100-SXM4-40GB MIG 4g.20gb (0),1,,13,"void channel_eq::eqMmseSoftDemapKernel<float, __half, __half, float, (unsigned int)4, (unsigned short)16383>(channel_eq::_puschRxChEqStatDescr *, channel_eq::_puschRxChEqSoftDemapDynDescr)"
9079458381,627321,204907,1,1,1,32,32,1,30,0.000,0.000,,,,,NVIDIA A100-SXM4-40GB MIG 4g.20gb (0),1,,13,"void convert_kernel<float2, __half2>(tensor_layout_any, T1 *, tensor_layout_any, const T2 *)"
9080217092,15168,204919,2253,1,1,128,1,1,16,0.000,0.000,,,,,NVIDIA A100-SXM4-40GB MIG 4g.20gb (0),1,,13,cupy_copy__float16_float16
9080580416,8096,204928,282,1,1,128,1,1,16,0.000,0.000,,,,,NVIDIA A100-SXM4-40GB MIG 4g.20gb (0),1,,13,cupy_copy__complex64_complex64
9081020763,7456,204937,26,1,1,128,1,1,16,0.000,0.000,,,,,NVIDIA A100-SXM4-40GB MIG 4g.20gb (0),1,,13,cupy_copy__float32_float32
9081505237,10752,204946,103,1,1,128,1,1,16,0.000,0.000,,,,,NVIDIA A100-SXM4-40GB MIG 4g.20gb (0),1,,13,cupy_copy__complex64_complex64
9082044847,20768,204956,1434,1,1,128,1,1,16,0.000,0.000,,,,,NVIDIA A100-SXM4-40GB MIG 4g.20gb (0),1,,13,cupy_copy__complex64_complex64
9082491786,250269,204961,1,1,1,32,32,1,30,0.000,0.000,,,,,NVIDIA A100-SXM4-40GB MIG 4g.20gb (0),1,,13,"void convert_kernel<__half2, float2>(tensor_layout_any, T1 *, tensor_layout_any, const T2 *)"
9082773959,5472,204964,,,,,,,,,,0.094,17122.757,Pinned,Device,NVIDIA A100-SXM4-40GB MIG 4g.20gb (0),1,,13,[CUDA memcpy Host-to-Device]
9083161955,609273,204965,,,,,,,,,,456.561,749217.323,Device,,NVIDIA A100-SXM4-40GB MIG 4g.20gb (0),1,,13,[CUDA memset]
9083778012,57535,204970,,,,,,,,,,1.235,21463.327,Pinned,Device,NVIDIA A100-SXM4-40GB MIG 4g.20gb (0),1,,13,[CUDA memcpy Host-to-Device]
9083838459,9536,204971,,,,,,,,,,0.197,20617.298,Pinned,Device,NVIDIA A100-SXM4-40GB MIG 4g.20gb (0),1,,13,[CUDA memcpy Host-to-Device]
9084332661,12448,204972,69,4,1,48,1,1,76,0.002,0.000,,,,,NVIDIA A100-SXM4-40GB MIG 4g.20gb (0),1,,13,"void ch_est::windowedChEstPreNoDftSOfdmKernel<float, __half, float, (unsigned int)2, (unsigned int)1, (unsigned short)4>(ch_est::puschRxChEstStatDescr_t *, ch_est::puschRxChEstDynDescr_t *)"
9084793520,9984,204973,137,2,1,24,2,1,44,0.001,0.001,,,,,NVIDIA A100-SXM4-40GB MIG 4g.20gb (0),1,,13,"void ch_est::chEstFilterNoDftSOfdmDispatchKernel<float, __half, float, (unsigned int)2>(ch_est::puschRxChEstStatDescr_t *, ch_est::puschRxChEstDynDescr_t *)"
9085326282,9344,204974,137,2,1,24,2,1,44,0.001,0.001,,,,,NVIDIA A100-SXM4-40GB MIG 4g.20gb (0),1,,13,"void ch_est::chEstFilterNoDftSOfdmDispatchKernel<float, __half, float, (unsigned int)2>(ch_est::puschRxChEstStatDescr_t *, ch_est::puschRxChEstDynDescr_t *)"
9085839620,6464,204985,103,1,1,128,1,1,16,0.000,0.000,,,,,NVIDIA A100-SXM4-40GB MIG 4g.20gb (0),1,,13,cupy_copy__complex64_complex64
9086323103,22431,204995,1434,1,1,128,1,1,16,0.000,0.000,,,,,NVIDIA A100-SXM4-40GB MIG 4g.20gb (0),1,,13,cupy_copy__complex64_complex64
9086841657,9248,205002,103,1,1,128,1,1,16,0.000,0.000,,,,,NVIDIA A100-SXM4-40GB MIG 4g.20gb (0),1,,13,cupy_copy__complex64_complex64
9087165365,254781,205009,1,1,1,32,32,1,30,0.000,0.000,,,,,NVIDIA A100-SXM4-40GB MIG 4g.20gb (0),1,,13,"void convert_kernel<__half2, float2>(tensor_layout_any, T1 *, tensor_layout_any, const T2 *)"
9087453330,6560,205012,,,,,,,,,,0.094,14282.925,Pinned,Device,NVIDIA A100-SXM4-40GB MIG 4g.20gb (0),1,,13,[CUDA memcpy Host-to-Device]
9087887789,59647,205013,,,,,,,,,,35.810,600353.309,Device,,NVIDIA A100-SXM4-40GB MIG 4g.20gb (0),1,,13,[CUDA memset]
9087949036,1856,205015,,,,,,,,,,0.000,43.103,Pinned,Device,NVIDIA A100-SXM4-40GB MIG 4g.20gb (0),1,,13,[CUDA memcpy Host-to-Device]
9087956940,12832,205016,,,,,,,,,,0.197,15321.661,Pinned,Device,NVIDIA A100-SXM4-40GB MIG 4g.20gb (0),1,,13,[CUDA memcpy Host-to-Device]
9088388775,22016,205017,273,1,1,48,1,1,40,0.000,0.001,,,,,NVIDIA A100-SXM4-40GB MIG 4g.20gb (0),1,,13,"void pusch_noise_intf_est::noiseIntfEstNoDftSOfdmKernel<float, __half, float, float, (unsigned int)2, (unsigned int)1, (unsigned char)4, (unsigned char)4>(pusch_noise_intf_est::puschRxNoiseIntfEstDynDescr)"
9088833698,12064,205028,35,1,1,128,1,1,16,0.000,0.000,,,,,NVIDIA A100-SXM4-40GB MIG 4g.20gb (0),1,,13,cupy_copy__complex64_complex64
9089235038,3103,205037,1,1,1,1,1,1,18,0.000,0.000,,,,,NVIDIA A100-SXM4-40GB MIG 4g.20gb (0),1,,13,cupy_copy__float32_float32
9089246077,1728,205043,,,,,,,,,,0.000,2.315,Device,Pageable,NVIDIA A100-SXM4-40GB MIG 4g.20gb (0),1,,7,[CUDA memcpy Device-to-Host]
9089593561,17920,205054,1434,1,1,128,1,1,16,0.000,0.000,,,,,NVIDIA A100-SXM4-40GB MIG 4g.20gb (0),1,,13,cupy_copy__complex64_complex64
9089754168,4544,205061,103,1,1,128,1,1,16,0.000,0.000,,,,,NVIDIA A100-SXM4-40GB MIG 4g.20gb (0),1,,13,cupy_copy__complex64_complex64
9090149683,4640,205068,35,1,1,128,1,1,16,0.000,0.000,,,,,NVIDIA A100-SXM4-40GB MIG 4g.20gb (0),1,,13,cupy_copy__complex64_complex64
9090567214,4512,205075,1,1,1,1,1,1,18,0.000,0.000,,,,,NVIDIA A100-SXM4-40GB MIG 4g.20gb (0),1,,13,cupy_copy__float32_float32
9090713965,289788,205086,1,1,1,32,32,1,30,0.000,0.000,,,,,NVIDIA A100-SXM4-40GB MIG 4g.20gb (0),1,,13,"void convert_kernel<__half2, float2>(tensor_layout_any, T1 *, tensor_layout_any, const T2 *)"
9091034281,5920,205089,,,,,,,,,,0.094,15826.941,Pinned,Device,NVIDIA A100-SXM4-40GB MIG 4g.20gb (0),1,,13,[CUDA memcpy Host-to-Device]
9091234183,6752,205090,,,,,,,,,,1.547,229061.201,Device,,NVIDIA A100-SXM4-40GB MIG 4g.20gb (0),1,,13,[CUDA memset]
9091246087,3040,205095,,,,,,,,,,0.031,10294.725,Pinned,Device,NVIDIA A100-SXM4-40GB MIG 4g.20gb (0),1,,13,[CUDA memcpy Host-to-Device]
9091252263,10271,205096,,,,,,,,,,0.197,19141.951,Pinned,Device,NVIDIA A100-SXM4-40GB MIG 4g.20gb (0),1,,13,[CUDA memcpy Host-to-Device]
9091462116,10176,205097,273,1,1,8,4,1,39,0.002,0.000,,,,,NVIDIA A100-SXM4-40GB MIG 4g.20gb (0),1,,13,"void channel_eq::eqMmseCoefCompLowMimoKernel<float, float, float, (unsigned int)4, (unsigned int)1, (unsigned int)4>(const channel_eq::_puschRxChEqStatDescr *, channel_eq::_puschRxChEqCoefCompDynDescr)"
9091645666,16928,205098,273,1,1,12,11,1,51,0.002,0.000,,,,,NVIDIA A100-SXM4-40GB MIG 4g.20gb (0),1,,13,"void channel_eq::eqMmseSoftDemapKernel<float, __half, __half, float, (unsigned int)4, (unsigned short)16383>(channel_eq::_puschRxChEqStatDescr *, channel_eq::_puschRxChEqSoftDemapDynDescr)"
9091936351,689432,205099,1,1,1,32,32,1,30,0.000,0.000,,,,,NVIDIA A100-SXM4-40GB MIG 4g.20gb (0),1,,13,"void convert_kernel<float2, __half2>(tensor_layout_any, T1 *, tensor_layout_any, const T2 *)"
9092802037,14592,205111,2253,1,1,128,1,1,16,0.000,0.000,,,,,NVIDIA A100-SXM4-40GB MIG 4g.20gb (0),1,,13,cupy_copy__float16_float16
9093041906,6368,205120,282,1,1,128,1,1,16,0.000,0.000,,,,,NVIDIA A100-SXM4-40GB MIG 4g.20gb (0),1,,13,cupy_copy__complex64_complex64
9093289647,6976,205129,26,1,1,128,1,1,16,0.000,0.000,,,,,NVIDIA A100-SXM4-40GB MIG 4g.20gb (0),1,,13,cupy_copy__float32_float32
9093527949,10464,205138,103,1,1,128,1,1,16,0.000,0.000,,,,,NVIDIA A100-SXM4-40GB MIG 4g.20gb (0),1,,13,cupy_copy__complex64_complex64
9093785162,22367,205148,1434,1,1,128,1,1,16,0.000,0.000,,,,,NVIDIA A100-SXM4-40GB MIG 4g.20gb (0),1,,13,cupy_copy__complex64_complex64
9094020871,271485,205153,1,1,1,32,32,1,30,0.000,0.000,,,,,NVIDIA A100-SXM4-40GB MIG 4g.20gb (0),1,,13,"void convert_kernel<__half2, float2>(tensor_layout_any, T1 *, tensor_layout_any, const T2 *)"
9094326500,9567,205156,,,,,,,,,,0.094,9793.574,Pinned,Device,NVIDIA A100-SXM4-40GB MIG 4g.20gb (0),1,,13,[CUDA memcpy Host-to-Device]
9094553889,616473,205157,,,,,,,,,,456.561,740542.656,Device,,NVIDIA A100-SXM4-40GB MIG 4g.20gb (0),1,,13,[CUDA memset]
9095177018,61791,205162,,,,,,,,,,1.235,19985.099,Pinned,Device,NVIDIA A100-SXM4-40GB MIG 4g.20gb (0),1,,13,[CUDA memcpy Host-to-Device]
9095245209,14144,205163,,,,,,,,,,0.197,13900.382,Pinned,Device,NVIDIA A100-SXM4-40GB MIG 4g.20gb (0),1,,13,[CUDA memcpy Host-to-Device]
9095528150,14432,205164,69,4,1,48,1,1,76,0.002,0.000,,,,,NVIDIA A100-SXM4-40GB MIG 4g.20gb (0),1,,13,"void ch_est::windowedChEstPreNoDftSOfdmKernel<float, __half, float, (unsigned int)2, (unsigned int)1, (unsigned short)4>(ch_est::puschRxChEstStatDescr_t *, ch_est::puschRxChEstDynDescr_t *)"
9095899698,15456,205165,137,2,1,24,2,1,44,0.001,0.001,,,,,NVIDIA A100-SXM4-40GB MIG 4g.20gb (0),1,,13,"void ch_est::chEstFilterNoDftSOfdmDispatchKernel<float, __half, float, (unsigned int)2>(ch_est::puschRxChEstStatDescr_t *, ch_est::puschRxChEstDynDescr_t *)"
9096282509,14528,205166,137,2,1,24,2,1,44,0.001,0.001,,,,,NVIDIA A100-SXM4-40GB MIG 4g.20gb (0),1,,13,"void ch_est::chEstFilterNoDftSOfdmDispatchKernel<float, __half, float, (unsigned int)2>(ch_est::puschRxChEstStatDescr_t *, ch_est::puschRxChEstDynDescr_t *)"
9096599786,6048,205177,103,1,1,128,1,1,16,0.000,0.000,,,,,NVIDIA A100-SXM4-40GB MIG 4g.20gb (0),1,,13,cupy_copy__complex64_complex64
9096870791,16639,205187,1434,1,1,128,1,1,16,0.000,0.000,,,,,NVIDIA A100-SXM4-40GB MIG 4g.20gb (0),1,,13,cupy_copy__complex64_complex64
9097174723,5824,205194,103,1,1,128,1,1,16,0.000,0.000,,,,,NVIDIA A100-SXM4-40GB MIG 4g.20gb (0),1,,13,cupy_copy__complex64_complex64
9097427040,273437,205201,1,1,1,32,32,1,30,0.000,0.000,,,,,NVIDIA A100-SXM4-40GB MIG 4g.20gb (0),1,,13,"void convert_kernel<__half2, float2>(tensor_layout_any, T1 *, tensor_layout_any, const T2 *)"
9097730621,9536,205204,,,,,,,,,,0.094,9825.431,Pinned,Device,NVIDIA A100-SXM4-40GB MIG 4g.20gb (0),1,,13,[CUDA memcpy Host-to-Device]
9097953818,57056,205205,,,,,,,,,,35.810,627604.658,Device,,NVIDIA A100-SXM4-40GB MIG 4g.20gb (0),1,,13,[CUDA memset]
9098011354,6368,205207,,,,,,,,,,0.000,12.563,Pinned,Device,NVIDIA A100-SXM4-40GB MIG 4g.20gb (0),1,,13,[CUDA memcpy Host-to-Device]
9098024154,9663,205208,,,,,,,,,,0.197,20346.372,Pinned,Device,NVIDIA A100-SXM4-40GB MIG 4g.20gb (0),1,,13,[CUDA memcpy Host-to-Device]
9098305398,21504,205209,273,1,1,48,1,1,40,0.000,0.001,,,,,NVIDIA A100-SXM4-40GB MIG 4g.20gb (0),1,,13,"void pusch_noise_intf_est::noiseIntfEstNoDftSOfdmKernel<float, __half, float, float, (unsigned int)2, (unsigned int)1, (unsigned char)4, (unsigned char)4>(pusch_noise_intf_est::puschRxNoiseIntfEstDynDescr)"
9098604019,10816,205220,35,1,1,128,1,1,16,0.000,0.000,,,,,NVIDIA A100-SXM4-40GB MIG 4g.20gb (0),1,,13,cupy_copy__complex64_complex64
9098838800,4576,205229,1,1,1,1,1,1,18,0.000,0.000,,,,,NVIDIA A100-SXM4-40GB MIG 4g.20gb (0),1,,13,cupy_copy__float32_float32
9098852112,5056,205235,,,,,,,,,,0.000,0.791,Device,Pageable,NVIDIA A100-SXM4-40GB MIG 4g.20gb (0),1,,7,[CUDA memcpy Device-to-Host]
9099146061,22911,205246,1434,1,1,128,1,1,16,0.000,0.000,,,,,NVIDIA A100-SXM4-40GB MIG 4g.20gb (0),1,,13,cupy_copy__complex64_complex64
9099357610,4192,205253,103,1,1,128,1,1,16,0.000,0.000,,,,,NVIDIA A100-SXM4-40GB MIG 4g.20gb (0),1,,13,cupy_copy__complex64_complex64
9099548680,4608,205260,35,1,1,128,1,1,16,0.000,0.000,,,,,NVIDIA A100-SXM4-40GB MIG 4g.20gb (0),1,,13,cupy_copy__complex64_complex64
9099718822,4000,205267,1,1,1,1,1,1,18,0.000,0.000,,,,,NVIDIA A100-SXM4-40GB MIG 4g.20gb (0),1,,13,cupy_copy__float32_float32
9099909956,283261,205278,1,1,1,32,32,1,30,0.000,0.000,,,,,NVIDIA A100-SXM4-40GB MIG 4g.20gb (0),1,,13,"void convert_kernel<__half2, float2>(tensor_layout_any, T1 *, tensor_layout_any, const T2 *)"
9100224128,7552,205281,,,,,,,,,,0.094,12406.756,Pinned,Device,NVIDIA A100-SXM4-40GB MIG 4g.20gb (0),1,,13,[CUDA memcpy Host-to-Device]
9100408990,16544,205282,,,,,,,,,,1.547,93484.141,Device,,NVIDIA A100-SXM4-40GB MIG 4g.20gb (0),1,,13,[CUDA memset]
9100426686,3072,205287,,,,,,,,,,0.031,10187.474,Pinned,Device,NVIDIA A100-SXM4-40GB MIG 4g.20gb (0),1,,13,[CUDA memcpy Host-to-Device]
9100432670,9952,205288,,,,,,,,,,0.197,19755.565,Pinned,Device,NVIDIA A100-SXM4-40GB MIG 4g.20gb (0),1,,13,[CUDA memcpy Host-to-Device]
9100674491,29344,205289,273,1,1,8,4,1,39,0.002,0.000,,,,,NVIDIA A100-SXM4-40GB MIG 4g.20gb (0),1,,13,"void channel_eq::eqMmseCoefCompLowMimoKernel<float, float, float, (unsigned int)4, (unsigned int)1, (unsigned int)4>(const channel_eq::_puschRxChEqStatDescr *, channel_eq::_puschRxChEqCoefCompDynDescr)"
9100874649,13920,205290,273,1,1,12,11,1,51,0.002,0.000,,,,,NVIDIA A100-SXM4-40GB MIG 4g.20gb (0),1,,13,"void channel_eq::eqMmseSoftDemapKernel<float, __half, __half, float, (unsigned int)4, (unsigned short)16383>(channel_eq::_puschRxChEqStatDescr *, channel_eq::_puschRxChEqSoftDemapDynDescr)"
9101154486,676856,205291,1,1,1,32,32,1,30,0.000,0.000,,,,,NVIDIA A100-SXM4-40GB MIG 4g.20gb (0),1,,13,"void convert_kernel<float2, __half2>(tensor_layout_any, T1 *, tensor_layout_any, const T2 *)"
9102014092,22080,205303,2253,1,1,128,1,1,16,0.000,0.000,,,,,NVIDIA A100-SXM4-40GB MIG 4g.20gb (0),1,,13,cupy_copy__float16_float16
9102232554,5696,205312,282,1,1,128,1,1,16,0.000,0.000,,,,,NVIDIA A100-SXM4-40GB MIG 4g.20gb (0),1,,13,cupy_copy__complex64_complex64
9102465255,3776,205321,26,1,1,128,1,1,16,0.000,0.000,,,,,NVIDIA A100-SXM4-40GB MIG 4g.20gb (0),1,,13,cupy_copy__float32_float32
9102694532,11968,205330,103,1,1,128,1,1,16,0.000,0.000,,,,,NVIDIA A100-SXM4-40GB MIG 4g.20gb (0),1,,13,cupy_copy__complex64_complex64
9102961409,21856,205340,1434,1,1,128,1,1,16,0.000,0.000,,,,,NVIDIA A100-SXM4-40GB MIG 4g.20gb (0),1,,13,cupy_copy__complex64_complex64
9103191679,235069,205345,1,1,1,32,32,1,30,0.000,0.000,,,,,NVIDIA A100-SXM4-40GB MIG 4g.20gb (0),1,,13,"void convert_kernel<__half2, float2>(tensor_layout_any, T1 *, tensor_layout_any, const T2 *)"
9103456924,5504,205348,,,,,,,,,,0.094,17023.251,Pinned,Device,NVIDIA A100-SXM4-40GB MIG 4g.20gb (0),1,,13,[CUDA memcpy Host-to-Device]
9103620954,626873,205349,,,,,,,,,,456.561,728215.497,Device,,NVIDIA A100-SXM4-40GB MIG 4g.20gb (0),1,,13,[CUDA memset]
9104256659,58047,205354,,,,,,,,,,1.235,21274.380,Pinned,Device,NVIDIA A100-SXM4-40GB MIG 4g.20gb (0),1,,13,[CUDA memcpy Host-to-Device]
9104317394,9440,205355,,,,,,,,,,0.197,20827.079,Pinned,Device,NVIDIA A100-SXM4-40GB MIG 4g.20gb (0),1,,13,[CUDA memcpy Host-to-Device]
9104545135,10880,205356,69,4,1,48,1,1,76,0.002,0.000,,,,,NVIDIA A100-SXM4-40GB MIG 4g.20gb (0),1,,13,"void ch_est::windowedChEstPreNoDftSOfdmKernel<float, __half, float, (unsigned int)2, (unsigned int)1, (unsigned short)4>(ch_est::puschRxChEstStatDescr_t *, ch_est::puschRxChEstDynDescr_t *)"
9104737453,8480,205357,137,2,1,24,2,1,44,0.001,0.001,,,,,NVIDIA A100-SXM4-40GB MIG 4g.20gb (0),1,,13,"void ch_est::chEstFilterNoDftSOfdmDispatchKernel<float, __half, float, (unsigned int)2>(ch_est::puschRxChEstStatDescr_t *, ch_est::puschRxChEstDynDescr_t *)"
9104904171,28480,205358,137,2,1,24,2,1,44,0.001,0.001,,,,,NVIDIA A100-SXM4-40GB MIG 4g.20gb (0),1,,13,"void ch_est::chEstFilterNoDftSOfdmDispatchKernel<float, __half, float, (unsigned int)2>(ch_est::puschRxChEstStatDescr_t *, ch_est::puschRxChEstDynDescr_t *)"
9105052458,6111,205369,103,1,1,128,1,1,16,0.000,0.000,,,,,NVIDIA A100-SXM4-40GB MIG 4g.20gb (0),1,,13,cupy_copy__complex64_complex64
9105199240,17184,205379,1434,1,1,128,1,1,16,0.000,0.000,,,,,NVIDIA A100-SXM4-40GB MIG 4g.20gb (0),1,,13,cupy_copy__complex64_complex64
9105393350,5632,205386,103,1,1,128,1,1,16,0.000,0.000,,,,,NVIDIA A100-SXM4-40GB MIG 4g.20gb (0),1,,13,cupy_copy__complex64_complex64
9105565860,234141,205393,1,1,1,32,32,1,30,0.000,0.000,,,,,NVIDIA A100-SXM4-40GB MIG 4g.20gb (0),1,,13,"void convert_kernel<__half2, float2>(tensor_layout_any, T1 *, tensor_layout_any, const T2 *)"
9105830177,10656,205396,,,,,,,,,,0.094,8792.714,Pinned,Device,NVIDIA A100-SXM4-40GB MIG 4g.20gb (0),1,,13,[CUDA memcpy Host-to-Device]
9106077278,53727,205397,,,,,,,,,,35.810,666494.231,Device,,NVIDIA A100-SXM4-40GB MIG 4g.20gb (0),1,,13,[CUDA memset]
9106137053,2592,205399,,,,,,,,,,0.000,30.864,Pinned,Device,NVIDIA A100-SXM4-40GB MIG 4g.20gb (0),1,,13,[CUDA memcpy Host-to-Device]
9106142685,9536,205400,,,,,,,,,,0.197,20617.298,Pinned,Device,NVIDIA A100-SXM4-40GB MIG 4g.20gb (0),1,,13,[CUDA memcpy Host-to-Device]
9106396794,16608,205401,273,1,1,48,1,1,40,0.000,0.001,,,,,NVIDIA A100-SXM4-40GB MIG 4g.20gb (0),1,,13,"void pusch_noise_intf_est::noiseIntfEstNoDftSOfdmKernel<float, __half, float, float, (unsigned int)2, (unsigned int)1, (unsigned char)4, (unsigned char)4>(pusch_noise_intf_est::puschRxNoiseIntfEstDynDescr)"
9106629912,4864,205412,35,1,1,128,1,1,16,0.000,0.000,,,,,NVIDIA A100-SXM4-40GB MIG 4g.20gb (0),1,,13,cupy_copy__complex64_complex64
9106855605,5600,205421,1,1,1,1,1,1,18,0.000,0.000,,,,,NVIDIA A100-SXM4-40GB MIG 4g.20gb (0),1,,13,cupy_copy__float32_float32
9106867829,1728,205427,,,,,,,,,,0.000,2.315,Device,Pageable,NVIDIA A100-SXM4-40GB MIG 4g.20gb (0),1,,7,[CUDA memcpy Device-to-Host]
9107119026,18464,205438,1434,1,1,128,1,1,16,0.000,0.000,,,,,NVIDIA A100-SXM4-40GB MIG 4g.20gb (0),1,,13,cupy_copy__complex64_complex64
9107402255,6176,205445,103,1,1,128,1,1,16,0.000,0.000,,,,,NVIDIA A100-SXM4-40GB MIG 4g.20gb (0),1,,13,cupy_copy__complex64_complex64
9107625484,9120,205452,35,1,1,128,1,1,16,0.000,0.000,,,,,NVIDIA A100-SXM4-40GB MIG 4g.20gb (0),1,,13,cupy_copy__complex64_complex64
9107821354,5376,205459,1,1,1,1,1,1,18,0.000,0.000,,,,,NVIDIA A100-SXM4-40GB MIG 4g.20gb (0),1,,13,cupy_copy__float32_float32
9108023752,275645,205470,1,1,1,32,32,1,30,0.000,0.000,,,,,NVIDIA A100-SXM4-40GB MIG 4g.20gb (0),1,,13,"void convert_kernel<__half2, float2>(tensor_layout_any, T1 *, tensor_layout_any, const T2 *)"
9108329700,8896,205473,,,,,,,,,,0.094,10532.367,Pinned,Device,NVIDIA A100-SXM4-40GB MIG 4g.20gb (0),1,,13,[CUDA memcpy Host-to-Device]
9108571393,5728,205474,,,,,,,,,,1.547,270011.165,Device,,NVIDIA A100-SXM4-40GB MIG 4g.20gb (0),1,,13,[CUDA memset]
9108584033,3840,205479,,,,,,,,,,0.031,8149.979,Pinned,Device,NVIDIA A100-SXM4-40GB MIG 4g.20gb (0),1,,13,[CUDA memcpy Host-to-Device]
9108593537,9920,205480,,,,,,,,,,0.197,19819.266,Pinned,Device,NVIDIA A100-SXM4-40GB MIG 4g.20gb (0),1,,13,[CUDA memcpy Host-to-Device]
9108854110,9248,205481,273,1,1,8,4,1,39,0.002,0.000,,,,,NVIDIA A100-SXM4-40GB MIG 4g.20gb (0),1,,13,"void channel_eq::eqMmseCoefCompLowMimoKernel<float, float, float, (unsigned int)4, (unsigned int)1, (unsigned int)4>(const channel_eq::_puschRxChEqStatDescr *, channel_eq::_puschRxChEqCoefCompDynDescr)"
9109106363,14336,205482,273,1,1,12,11,1,51,0.002,0.000,,,,,NVIDIA A100-SXM4-40GB MIG 4g.20gb (0),1,,13,"void channel_eq::eqMmseSoftDemapKernel<float, __half, __half, float, (unsigned int)4, (unsigned short)16383>(channel_eq::_puschRxChEqStatDescr *, channel_eq::_puschRxChEqSoftDemapDynDescr)"
9109385240,660345,205483,1,1,1,32,32,1,30,0.000,0.000,,,,,NVIDIA A100-SXM4-40GB MIG 4g.20gb (0),1,,13,"void convert_kernel<float2, __half2>(tensor_layout_any, T1 *, tensor_layout_any, const T2 *)"
9110186063,20704,205495,2253,1,1,128,1,1,16,0.000,0.000,,,,,NVIDIA A100-SXM4-40GB MIG 4g.20gb (0),1,,13,cupy_copy__float16_float16
9110354797,5248,205504,282,1,1,128,1,1,16,0.000,0.000,,,,,NVIDIA A100-SXM4-40GB MIG 4g.20gb (0),1,,13,cupy_copy__complex64_complex64
9110532459,3520,205513,26,1,1,128,1,1,16,0.000,0.000,,,,,NVIDIA A100-SXM4-40GB MIG 4g.20gb (0),1,,13,cupy_copy__float32_float32
9110694953,16576,205522,103,1,1,128,1,1,16,0.000,0.000,,,,,NVIDIA A100-SXM4-40GB MIG 4g.20gb (0),1,,13,cupy_copy__complex64_complex64
9110836328,20767,205532,1434,1,1,128,1,1,16,0.000,0.000,,,,,NVIDIA A100-SXM4-40GB MIG 4g.20gb (0),1,,13,cupy_copy__complex64_complex64
9110997926,233853,205537,1,1,1,32,32,1,30,0.000,0.000,,,,,NVIDIA A100-SXM4-40GB MIG 4g.20gb (0),1,,13,"void convert_kernel<__half2, float2>(tensor_layout_any, T1 *, tensor_layout_any, const T2 *)"
9111261699,5760,205540,,,,,,,,,,0.094,16266.656,Pinned,Device,NVIDIA A100-SXM4-40GB MIG 4g.20gb (0),1,,13,[CUDA memcpy Host-to-Device]
9111405409,614425,205541,,,,,,,,,,456.561,742825.463,Device,,NVIDIA A100-SXM4-40GB MIG 4g.20gb (0),1,,13,[CUDA memset]
9112022490,59296,205546,,,,,,,,,,1.235,20826.096,Pinned,Device,NVIDIA A100-SXM4-40GB MIG 4g.20gb (0),1,,13,[CUDA memcpy Host-to-Device]
9112084282,12319,205547,,,,,,,,,,0.197,15959.654,Pinned,Device,NVIDIA A100-SXM4-40GB MIG 4g.20gb (0),1,,13,[CUDA memcpy Host-to-Device]
9112207864,27840,205548,69,4,1,48,1,1,76,0.002,0.000,,,,,NVIDIA A100-SXM4-40GB MIG 4g.20gb (0),1,,13,"void ch_est::windowedChEstPreNoDftSOfdmKernel<float, __half, float, (unsigned int)2, (unsigned int)1, (unsigned short)4>(ch_est::puschRxChEstStatDescr_t *, ch_est::puschRxChEstDynDescr_t *)"
9112329719,8800,205549,137,2,1,24,2,1,44,0.001,0.001,,,,,NVIDIA A100-SXM4-40GB MIG 4g.20gb (0),1,,13,"void ch_est::chEstFilterNoDftSOfdmDispatchKernel<float, __half, float, (unsigned int)2>(ch_est::puschRxChEstStatDescr_t *, ch_est::puschRxChEstDynDescr_t *)"
9112449109,26464,205550,137,2,1,24,2,1,44,0.001,0.001,,,,,NVIDIA A100-SXM4-40GB MIG 4g.20gb (0),1,,13,"void ch_est::chEstFilterNoDftSOfdmDispatchKernel<float, __half, float, (unsigned int)2>(ch_est::puschRxChEstStatDescr_t *, ch_est::puschRxChEstDynDescr_t *)"
9112559796,5696,205561,103,1,1,128,1,1,16,0.000,0.000,,,,,NVIDIA A100-SXM4-40GB MIG 4g.20gb (0),1,,13,cupy_copy__complex64_complex64
9112748402,16544,205571,1434,1,1,128,1,1,16,0.000,0.000,,,,,NVIDIA A100-SXM4-40GB MIG 4g.20gb (0),1,,13,cupy_copy__complex64_complex64
9113128718,4640,205578,103,1,1,128,1,1,16,0.000,0.000,,,,,NVIDIA A100-SXM4-40GB MIG 4g.20gb (0),1,,13,cupy_copy__complex64_complex64
9113440138,286813,205585,1,1,1,32,32,1,30,0.000,0.000,,,,,NVIDIA A100-SXM4-40GB MIG 4g.20gb (0),1,,13,"void convert_kernel<__half2, float2>(tensor_layout_any, T1 *, tensor_layout_any, const T2 *)"
9113767558,9216,205588,,,,,,,,,,0.094,10166.578,Pinned,Device,NVIDIA A100-SXM4-40GB MIG 4g.20gb (0),1,,13,[CUDA memcpy Host-to-Device]
9114057923,51679,205589,,,,,,,,,,35.810,692921.952,Device,,NVIDIA A100-SXM4-40GB MIG 4g.20gb (0),1,,13,[CUDA memset]
9114111362,2592,205591,,,,,,,,,,0.000,30.864,Pinned,Device,NVIDIA A100-SXM4-40GB MIG 4g.20gb (0),1,,13,[CUDA memcpy Host-to-Device]
9114116738,12960,205592,,,,,,,,,,0.197,15170.273,Pinned,Device,NVIDIA A100-SXM4-40GB MIG 4g.20gb (0),1,,13,[CUDA memcpy Host-to-Device]
9114419903,16192,205593,273,1,1,48,1,1,40,0.000,0.001,,,,,NVIDIA A100-SXM4-40GB MIG 4g.20gb (0),1,,13,"void pusch_noise_intf_est::noiseIntfEstNoDftSOfdmKernel<float, __half, float, float, (unsigned int)2, (unsigned int)1, (unsigned char)4, (unsigned char)4>(pusch_noise_intf_est::puschRxNoiseIntfEstDynDescr)"
9114780603,6912,205604,35,1,1,128,1,1,16,0.000,0.000,,,,,NVIDIA A100-SXM4-40GB MIG 4g.20gb (0),1,,13,cupy_copy__complex64_complex64
9115094263,5824,205613,1,1,1,1,1,1,18,0.000,0.000,,,,,NVIDIA A100-SXM4-40GB MIG 4g.20gb (0),1,,13,cupy_copy__float32_float32
9115106903,1664,205619,,,,,,,,,,0.000,2.404,Device,Pageable,NVIDIA A100-SXM4-40GB MIG 4g.20gb (0),1,,7,[CUDA memcpy Device-to-Host]
9115502803,17279,205630,1434,1,1,128,1,1,16,0.000,0.000,,,,,NVIDIA A100-SXM4-40GB MIG 4g.20gb (0),1,,13,cupy_copy__complex64_complex64
9115824239,16000,205637,103,1,1,128,1,1,16,0.000,0.000,,,,,NVIDIA A100-SXM4-40GB MIG 4g.20gb (0),1,,13,cupy_copy__complex64_complex64
9116109932,8928,205644,35,1,1,128,1,1,16,0.000,0.000,,,,,NVIDIA A100-SXM4-40GB MIG 4g.20gb (0),1,,13,cupy_copy__complex64_complex64
9116403208,3520,205651,1,1,1,1,1,1,18,0.000,0.000,,,,,NVIDIA A100-SXM4-40GB MIG 4g.20gb (0),1,,13,cupy_copy__float32_float32
9116702373,278749,205662,1,1,1,32,32,1,30,0.000,0.000,,,,,NVIDIA A100-SXM4-40GB MIG 4g.20gb (0),1,,13,"void convert_kernel<__half2, float2>(tensor_layout_any, T1 *, tensor_layout_any, const T2 *)"
9117012545,5472,205665,,,,,,,,,,0.094,17122.757,Pinned,Device,NVIDIA A100-SXM4-40GB MIG 4g.20gb (0),1,,13,[CUDA memcpy Host-to-Device]
9117193375,5920,205666,,,,,,,,,,1.547,261252.633,Device,,NVIDIA A100-SXM4-40GB MIG 4g.20gb (0),1,,13,[CUDA memset]
9117208255,3648,205671,,,,,,,,,,0.031,8578.922,Pinned,Device,NVIDIA A100-SXM4-40GB MIG 4g.20gb (0),1,,13,[CUDA memcpy Host-to-Device]
9117214335,9792,205672,,,,,,,,,,0.197,20078.395,Pinned,Device,NVIDIA A100-SXM4-40GB MIG 4g.20gb (0),1,,13,[CUDA memcpy Host-to-Device]
9117442621,17439,205673,273,1,1,8,4,1,39,0.002,0.000,,,,,NVIDIA A100-SXM4-40GB MIG 4g.20gb (0),1,,13,"void channel_eq::eqMmseCoefCompLowMimoKernel<float, float, float, (unsigned int)4, (unsigned int)1, (unsigned int)4>(const channel_eq::_puschRxChEqStatDescr *, channel_eq::_puschRxChEqCoefCompDynDescr)"
9117841752,15808,205674,273,1,1,12,11,1,51,0.002,0.000,,,,,NVIDIA A100-SXM4-40GB MIG 4g.20gb (0),1,,13,"void channel_eq::eqMmseSoftDemapKernel<float, __half, __half, float, (unsigned int)4, (unsigned short)16383>(channel_eq::_puschRxChEqStatDescr *, channel_eq::_puschRxChEqSoftDemapDynDescr)"
9118284467,680792,205675,1,1,1,32,32,1,30,0.000,0.000,,,,,NVIDIA A100-SXM4-40GB MIG 4g.20gb (0),1,,13,"void convert_kernel<float2, __half2>(tensor_layout_any, T1 *, tensor_layout_any, const T2 *)"
9119231176,21408,205687,2253,1,1,128,1,1,16,0.000,0.000,,,,,NVIDIA A100-SXM4-40GB MIG 4g.20gb (0),1,,13,cupy_copy__float16_float16
9119612996,6624,205696,282,1,1,128,1,1,16,0.000,0.000,,,,,NVIDIA A100-SXM4-40GB MIG 4g.20gb (0),1,,13,cupy_copy__complex64_complex64
9120056447,4992,205705,26,1,1,128,1,1,16,0.000,0.000,,,,,NVIDIA A100-SXM4-40GB MIG 4g.20gb (0),1,,13,cupy_copy__float32_float32
9120394331,7200,205714,103,1,1,128,1,1,16,0.000,0.000,,,,,NVIDIA A100-SXM4-40GB MIG 4g.20gb (0),1,,13,cupy_copy__complex64_complex64
9120792726,22624,205724,1434,1,1,128,1,1,16,0.000,0.000,,,,,NVIDIA A100-SXM4-40GB MIG 4g.20gb (0),1,,13,cupy_copy__complex64_complex64
9121115699,264349,205729,1,1,1,32,32,1,30,0.000,0.000,,,,,NVIDIA A100-SXM4-40GB MIG 4g.20gb (0),1,,13,"void convert_kernel<__half2, float2>(tensor_layout_any, T1 *, tensor_layout_any, const T2 *)"
9121413167,9472,205732,,,,,,,,,,0.094,9891.862,Pinned,Device,NVIDIA A100-SXM4-40GB MIG 4g.20gb (0),1,,13,[CUDA memcpy Host-to-Device]
9121710732,618073,205733,,,,,,,,,,456.561,738259.848,Device,,NVIDIA A100-SXM4-40GB MIG 4g.20gb (0),1,,13,[CUDA memset]
9122333285,63903,205738,,,,,,,,,,1.235,19324.404,Pinned,Device,NVIDIA A100-SXM4-40GB MIG 4g.20gb (0),1,,13,[CUDA memcpy Host-to-Device]
9122400100,12608,205739,,,,,,,,,,0.197,15593.767,Pinned,Device,NVIDIA A100-SXM4-40GB MIG 4g.20gb (0),1,,13,[CUDA memcpy Host-to-Device]
9122705729,17631,205740,69,4,1,48,1,1,76,0.002,0.000,,,,,NVIDIA A100-SXM4-40GB MIG 4g.20gb (0),1,,13,"void ch_est::windowedChEstPreNoDftSOfdmKernel<float, __half, float, (unsigned int)2, (unsigned int)1, (unsigned short)4>(ch_est::puschRxChEstStatDescr_t *, ch_est::puschRxChEstDynDescr_t *)"
9122901854,11168,205741,137,2,1,24,2,1,44,0.001,0.001,,,,,NVIDIA A100-SXM4-40GB MIG 4g.20gb (0),1,,13,"void ch_est::chEstFilterNoDftSOfdmDispatchKernel<float, __half, float, (unsigned int)2>(ch_est::puschRxChEstStatDescr_t *, ch_est::puschRxChEstDynDescr_t *)"
9123153980,10783,205742,137,2,1,24,2,1,44,0.001,0.001,,,,,NVIDIA A100-SXM4-40GB MIG 4g.20gb (0),1,,13,"void ch_est::chEstFilterNoDftSOfdmDispatchKernel<float, __half, float, (unsigned int)2>(ch_est::puschRxChEstStatDescr_t *, ch_est::puschRxChEstDynDescr_t *)"
9123392313,5408,205753,103,1,1,128,1,1,16,0.000,0.000,,,,,NVIDIA A100-SXM4-40GB MIG 4g.20gb (0),1,,13,cupy_copy__complex64_complex64
9123573495,22432,205763,1434,1,1,128,1,1,16,0.000,0.000,,,,,NVIDIA A100-SXM4-40GB MIG 4g.20gb (0),1,,13,cupy_copy__complex64_complex64
9123770421,17375,205770,103,1,1,128,1,1,16,0.000,0.000,,,,,NVIDIA A100-SXM4-40GB MIG 4g.20gb (0),1,,13,cupy_copy__complex64_complex64
9124035538,272348,205777,1,1,1,32,32,1,30,0.000,0.000,,,,,NVIDIA A100-SXM4-40GB MIG 4g.20gb (0),1,,13,"void convert_kernel<__half2, float2>(tensor_layout_any, T1 *, tensor_layout_any, const T2 *)"
9124360494,5664,205780,,,,,,,,,,0.094,16542.310,Pinned,Device,NVIDIA A100-SXM4-40GB MIG 4g.20gb (0),1,,13,[CUDA memcpy Host-to-Device]
9124615051,52895,205781,,,,,,,,,,35.810,676986.538,Device,,NVIDIA A100-SXM4-40GB MIG 4g.20gb (0),1,,13,[CUDA memset]
9124670570,2112,205783,,,,,,,,,,0.000,37.879,Pinned,Device,NVIDIA A100-SXM4-40GB MIG 4g.20gb (0),1,,13,[CUDA memcpy Host-to-Device]
9124676362,9824,205784,,,,,,,,,,0.197,20012.925,Pinned,Device,NVIDIA A100-SXM4-40GB MIG 4g.20gb (0),1,,13,[CUDA memcpy Host-to-Device]
9124956551,15520,205785,273,1,1,48,1,1,40,0.000,0.001,,,,,NVIDIA A100-SXM4-40GB MIG 4g.20gb (0),1,,13,"void pusch_noise_intf_est::noiseIntfEstNoDftSOfdmKernel<float, __half, float, float, (unsigned int)2, (unsigned int)1, (unsigned char)4, (unsigned char)4>(pusch_noise_intf_est::puschRxNoiseIntfEstDynDescr)"
9125246852,4000,205796,35,1,1,128,1,1,16,0.000,0.000,,,,,NVIDIA A100-SXM4-40GB MIG 4g.20gb (0),1,,13,cupy_copy__complex64_complex64
9125514273,4768,205805,1,1,1,1,1,1,18,0.000,0.000,,,,,NVIDIA A100-SXM4-40GB MIG 4g.20gb (0),1,,13,cupy_copy__float32_float32
9125519905,1632,205811,,,,,,,,,,0.000,2.451,Device,Pageable,NVIDIA A100-SXM4-40GB MIG 4g.20gb (0),1,,7,[CUDA memcpy Device-to-Host]
9125842461,18720,205822,1434,1,1,128,1,1,16,0.000,0.000,,,,,NVIDIA A100-SXM4-40GB MIG 4g.20gb (0),1,,13,cupy_copy__complex64_complex64
9126029915,5088,205829,103,1,1,128,1,1,16,0.000,0.000,,,,,NVIDIA A100-SXM4-40GB MIG 4g.20gb (0),1,,13,cupy_copy__complex64_complex64
9126197145,8064,205836,35,1,1,128,1,1,16,0.000,0.000,,,,,NVIDIA A100-SXM4-40GB MIG 4g.20gb (0),1,,13,cupy_copy__complex64_complex64
9126388983,4672,205843,1,1,1,1,1,1,18,0.000,0.000,,,,,NVIDIA A100-SXM4-40GB MIG 4g.20gb (0),1,,13,cupy_copy__float32_float32
9126522517,246781,205854,1,1,1,32,32,1,30,0.000,0.000,,,,,NVIDIA A100-SXM4-40GB MIG 4g.20gb (0),1,,13,"void convert_kernel<__half2, float2>(tensor_layout_any, T1 *, tensor_layout_any, const T2 *)"
9126799154,6400,205857,,,,,,,,,,0.094,14640.000,Pinned,Device,NVIDIA A100-SXM4-40GB MIG 4g.20gb (0),1,,13,[CUDA memcpy Host-to-Device]
9126980976,15712,205858,,,,,,,,,,1.547,98434.884,Device,,NVIDIA A100-SXM4-40GB MIG 4g.20gb (0),1,,13,[CUDA memset]
9126997456,3232,205863,,,,,,,,,,0.031,9683.139,Pinned,Device,NVIDIA A100-SXM4-40GB MIG 4g.20gb (0),1,,13,[CUDA memcpy Host-to-Device]
9127007504,12992,205864,,,,,,,,,,0.197,15132.918,Pinned,Device,NVIDIA A100-SXM4-40GB MIG 4g.20gb (0),1,,13,[CUDA memcpy Host-to-Device]
9127326668,29728,205865,273,1,1,8,4,1,39,0.002,0.000,,,,,NVIDIA A100-SXM4-40GB MIG 4g.20gb (0),1,,13,"void channel_eq::eqMmseCoefCompLowMimoKernel<float, float, float, (unsigned int)4, (unsigned int)1, (unsigned int)4>(const channel_eq::_puschRxChEqStatDescr *, channel_eq::_puschRxChEqCoefCompDynDescr)"
9127612745,11584,205866,273,1,1,12,11,1,51,0.002,0.000,,,,,NVIDIA A100-SXM4-40GB MIG 4g.20gb (0),1,,13,"void channel_eq::eqMmseSoftDemapKernel<float, __half, __half, float, (unsigned int)4, (unsigned short)16383>(channel_eq::_puschRxChEqStatDescr *, channel_eq::_puschRxChEqSoftDemapDynDescr)"
9127831206,656761,205867,1,1,1,32,32,1,30,0.000,0.000,,,,,NVIDIA A100-SXM4-40GB MIG 4g.20gb (0),1,,13,"void convert_kernel<float2, __half2>(tensor_layout_any, T1 *, tensor_layout_any, const T2 *)"
9128798011,13856,205879,2253,1,1,128,1,1,16,0.000,0.000,,,,,NVIDIA A100-SXM4-40GB MIG 4g.20gb (0),1,,13,cupy_copy__float16_float16
9129199895,5696,205888,282,1,1,128,1,1,16,0.000,0.000,,,,,NVIDIA A100-SXM4-40GB MIG 4g.20gb (0),1,,13,cupy_copy__complex64_complex64
9129510963,6592,205897,26,1,1,128,1,1,16,0.000,0.000,,,,,NVIDIA A100-SXM4-40GB MIG 4g.20gb (0),1,,13,cupy_copy__float32_float32
9129828368,16351,205906,103,1,1,128,1,1,16,0.000,0.000,,,,,NVIDIA A100-SXM4-40GB MIG 4g.20gb (0),1,,13,cupy_copy__complex64_complex64
9130243403,19072,205922,1434,1,1,128,1,1,16,0.000,0.000,,,,,NVIDIA A100-SXM4-40GB MIG 4g.20gb (0),1,,13,cupy_copy__complex64_complex64
9130513352,301692,205927,1,1,1,32,32,1,30,0.000,0.000,,,,,NVIDIA A100-SXM4-40GB MIG 4g.20gb (0),1,,13,"void convert_kernel<__half2, float2>(tensor_layout_any, T1 *, tensor_layout_any, const T2 *)"
9130845220,5440,205930,,,,,,,,,,0.094,17223.480,Pinned,Device,NVIDIA A100-SXM4-40GB MIG 4g.20gb (0),1,,13,[CUDA memcpy Host-to-Device]
9131048450,623641,205931,,,,,,,,,,456.561,731867.988,Device,,NVIDIA A100-SXM4-40GB MIG 4g.20gb (0),1,,13,[CUDA memset]
9131679451,60831,205936,,,,,,,,,,1.235,20300.009,Pinned,Device,NVIDIA A100-SXM4-40GB MIG 4g.20gb (0),1,,13,[CUDA memcpy Host-to-Device]
9131746810,13344,205937,,,,,,,,,,0.197,14733.804,Pinned,Device,NVIDIA A100-SXM4-40GB MIG 4g.20gb (0),1,,13,[CUDA memcpy Host-to-Device]
9131934264,11744,205938,69,4,1,48,1,1,76,0.002,0.000,,,,,NVIDIA A100-SXM4-40GB MIG 4g.20gb (0),1,,13,"void ch_est::windowedChEstPreNoDftSOfdmKernel<float, __half, float, (unsigned int)2, (unsigned int)1, (unsigned short)4>(ch_est::puschRxChEstStatDescr_t *, ch_est::puschRxChEstDynDescr_t *)"
9132208053,10783,205939,137,2,1,24,2,1,44,0.001,0.001,,,,,NVIDIA A100-SXM4-40GB MIG 4g.20gb (0),1,,13,"void ch_est::chEstFilterNoDftSOfdmDispatchKernel<float, __half, float, (unsigned int)2>(ch_est::puschRxChEstStatDescr_t *, ch_est::puschRxChEstDynDescr_t *)"
9132445170,11168,205940,137,2,1,24,2,1,44,0.001,0.001,,,,,NVIDIA A100-SXM4-40GB MIG 4g.20gb (0),1,,13,"void ch_est::chEstFilterNoDftSOfdmDispatchKernel<float, __half, float, (unsigned int)2>(ch_est::puschRxChEstStatDescr_t *, ch_est::puschRxChEstDynDescr_t *)"
9132704751,5408,205951,103,1,1,128,1,1,16,0.000,0.000,,,,,NVIDIA A100-SXM4-40GB MIG 4g.20gb (0),1,,13,cupy_copy__complex64_complex64
9132966092,19744,205961,1434,1,1,128,1,1,16,0.000,0.000,,,,,NVIDIA A100-SXM4-40GB MIG 4g.20gb (0),1,,13,cupy_copy__complex64_complex64
9133235529,5664,205968,103,1,1,128,1,1,16,0.000,0.000,,,,,NVIDIA A100-SXM4-40GB MIG 4g.20gb (0),1,,13,cupy_copy__complex64_complex64
9133497446,271581,205975,1,1,1,32,32,1,30,0.000,0.000,,,,,NVIDIA A100-SXM4-40GB MIG 4g.20gb (0),1,,13,"void convert_kernel<__half2, float2>(tensor_layout_any, T1 *, tensor_layout_any, const T2 *)"
9133799778,5664,205978,,,,,,,,,,0.094,16542.310,Pinned,Device,NVIDIA A100-SXM4-40GB MIG 4g.20gb (0),1,,13,[CUDA memcpy Host-to-Device]
9133971200,51104,205979,,,,,,,,,,35.810,700692.705,Device,,NVIDIA A100-SXM4-40GB MIG 4g.20gb (0),1,,13,[CUDA memset]
9134023616,5312,205981,,,,,,,,,,0.000,15.060,Pinned,Device,NVIDIA A100-SXM4-40GB MIG 4g.20gb (0),1,,13,[CUDA memcpy Host-to-Device]
9134031392,9952,205982,,,,,,,,,,0.197,19755.565,Pinned,Device,NVIDIA A100-SXM4-40GB MIG 4g.20gb (0),1,,13,[CUDA memcpy Host-to-Device]
9134226526,16127,205983,273,1,1,48,1,1,40,0.000,0.001,,,,,NVIDIA A100-SXM4-40GB MIG 4g.20gb (0),1,,13,"void pusch_noise_intf_est::noiseIntfEstNoDftSOfdmKernel<float, __half, float, float, (unsigned int)2, (unsigned int)1, (unsigned char)4, (unsigned char)4>(pusch_noise_intf_est::puschRxNoiseIntfEstDynDescr)"
9134425819,6016,205994,35,1,1,128,1,1,16,0.000,0.000,,,,,NVIDIA A100-SXM4-40GB MIG 4g.20gb (0),1,,13,cupy_copy__complex64_complex64
9134587705,3456,206003,1,1,1,1,1,1,18,0.000,0.000,,,,,NVIDIA A100-SXM4-40GB MIG 4g.20gb (0),1,,13,cupy_copy__float32_float32
9134595449,2496,206009,,,,,,,,,,0.000,1.603,Device,Pageable,NVIDIA A100-SXM4-40GB MIG 4g.20gb (0),1,,7,[CUDA memcpy Device-to-Host]
9134831671,17855,206020,1434,1,1,128,1,1,16,0.000,0.000,,,,,NVIDIA A100-SXM4-40GB MIG 4g.20gb (0),1,,13,cupy_copy__complex64_complex64
9135009493,5184,206027,103,1,1,128,1,1,16,0.000,0.000,,,,,NVIDIA A100-SXM4-40GB MIG 4g.20gb (0),1,,13,cupy_copy__complex64_complex64
9135170419,10368,206034,35,1,1,128,1,1,16,0.000,0.000,,,,,NVIDIA A100-SXM4-40GB MIG 4g.20gb (0),1,,13,cupy_copy__complex64_complex64
9135290513,4256,206041,1,1,1,1,1,1,18,0.000,0.000,,,,,NVIDIA A100-SXM4-40GB MIG 4g.20gb (0),1,,13,cupy_copy__float32_float32
9135492303,255517,206052,1,1,1,32,32,1,30,0.000,0.000,,,,,NVIDIA A100-SXM4-40GB MIG 4g.20gb (0),1,,13,"void convert_kernel<__half2, float2>(tensor_layout_any, T1 *, tensor_layout_any, const T2 *)"
9135777708,8896,206055,,,,,,,,,,0.094,10532.367,Pinned,Device,NVIDIA A100-SXM4-40GB MIG 4g.20gb (0),1,,13,[CUDA memcpy Host-to-Device]
9135947242,16352,206056,,,,,,,,,,1.547,94582.244,Device,,NVIDIA A100-SXM4-40GB MIG 4g.20gb (0),1,,13,[CUDA memset]
9135964746,3232,206061,,,,,,,,,,0.031,9683.139,Pinned,Device,NVIDIA A100-SXM4-40GB MIG 4g.20gb (0),1,,13,[CUDA memcpy Host-to-Device]
9135974538,14048,206062,,,,,,,,,,0.197,13995.344,Pinned,Device,NVIDIA A100-SXM4-40GB MIG 4g.20gb (0),1,,13,[CUDA memcpy Host-to-Device]
9136144296,28063,206063,273,1,1,8,4,1,39,0.002,0.000,,,,,NVIDIA A100-SXM4-40GB MIG 4g.20gb (0),1,,13,"void channel_eq::eqMmseCoefCompLowMimoKernel<float, float, float, (unsigned int)4, (unsigned int)1, (unsigned int)4>(const channel_eq::_puschRxChEqStatDescr *, channel_eq::_puschRxChEqCoefCompDynDescr)"
9136426213,13983,206064,273,1,1,12,11,1,51,0.002,0.000,,,,,NVIDIA A100-SXM4-40GB MIG 4g.20gb (0),1,,13,"void channel_eq::eqMmseSoftDemapKernel<float, __half, __half, float, (unsigned int)4, (unsigned short)16383>(channel_eq::_puschRxChEqStatDescr *, channel_eq::_puschRxChEqSoftDemapDynDescr)"
9136792448,687609,206065,1,1,1,32,32,1,30,0.000,0.000,,,,,NVIDIA A100-SXM4-40GB MIG 4g.20gb (0),1,,13,"void convert_kernel<float2, __half2>(tensor_layout_any, T1 *, tensor_layout_any, const T2 *)"
9137766037,17248,206077,2253,1,1,128,1,1,16,0.000,0.000,,,,,NVIDIA A100-SXM4-40GB MIG 4g.20gb (0),1,,13,cupy_copy__float16_float16
9138209712,4704,206086,282,1,1,128,1,1,16,0.000,0.000,,,,,NVIDIA A100-SXM4-40GB MIG 4g.20gb (0),1,,13,cupy_copy__complex64_complex64
9138609324,4288,206095,26,1,1,128,1,1,16,0.000,0.000,,,,,NVIDIA A100-SXM4-40GB MIG 4g.20gb (0),1,,13,cupy_copy__float32_float32
9138921896,10560,206104,103,1,1,128,1,1,16,0.000,0.000,,,,,NVIDIA A100-SXM4-40GB MIG 4g.20gb (0),1,,13,cupy_copy__complex64_complex64
9139281540,19072,206114,1434,1,1,128,1,1,16,0.000,0.000,,,,,NVIDIA A100-SXM4-40GB MIG 4g.20gb (0),1,,13,cupy_copy__complex64_complex64
9139642944,278173,206119,1,1,1,32,32,1,30,0.000,0.000,,,,,NVIDIA A100-SXM4-40GB MIG 4g.20gb (0),1,,13,"void convert_kernel<__half2, float2>(tensor_layout_any, T1 *, tensor_layout_any, const T2 *)"
9139954044,10112,206122,,,,,,,,,,0.094,9265.785,Pinned,Device,NVIDIA A100-SXM4-40GB MIG 4g.20gb (0),1,,13,[CUDA memcpy Host-to-Device]
9140302776,625753,206123,,,,,,,,,,456.561,729585.181,Device,,NVIDIA A100-SXM4-40GB MIG 4g.20gb (0),1,,13,[CUDA memset]
9140935633,66399,206128,,,,,,,,,,1.235,18598.257,Pinned,Device,NVIDIA A100-SXM4-40GB MIG 4g.20gb (0),1,,13,[CUDA memcpy Host-to-Device]
9141004656,15680,206129,,,,,,,,,,0.197,12538.675,Pinned,Device,NVIDIA A100-SXM4-40GB MIG 4g.20gb (0),1,,13,[CUDA memcpy Host-to-Device]
9141233326,11392,206130,69,4,1,48,1,1,76,0.002,0.000,,,,,NVIDIA A100-SXM4-40GB MIG 4g.20gb (0),1,,13,"void ch_est::windowedChEstPreNoDftSOfdmKernel<float, __half, float, (unsigned int)2, (unsigned int)1, (unsigned short)4>(ch_est::puschRxChEstStatDescr_t *, ch_est::puschRxChEstDynDescr_t *)"
9141509067,10720,206131,137,2,1,24,2,1,44,0.001,0.001,,,,,NVIDIA A100-SXM4-40GB MIG 4g.20gb (0),1,,13,"void ch_est::chEstFilterNoDftSOfdmDispatchKernel<float, __half, float, (unsigned int)2>(ch_est::puschRxChEstStatDescr_t *, ch_est::puschRxChEstDynDescr_t *)"
9141814279,10464,206132,137,2,1,24,2,1,44,0.001,0.001,,,,,NVIDIA A100-SXM4-40GB MIG 4g.20gb (0),1,,13,"void ch_est::chEstFilterNoDftSOfdmDispatchKernel<float, __half, float, (unsigned int)2>(ch_est::puschRxChEstStatDescr_t *, ch_est::puschRxChEstDynDescr_t *)"
9142117732,5312,206143,103,1,1,128,1,1,16,0.000,0.000,,,,,NVIDIA A100-SXM4-40GB MIG 4g.20gb (0),1,,13,cupy_copy__complex64_complex64
9142394337,22751,206153,1434,1,1,128,1,1,16,0.000,0.000,,,,,NVIDIA A100-SXM4-40GB MIG 4g.20gb (0),1,,13,cupy_copy__complex64_complex64
9142629566,8000,206160,103,1,1,128,1,1,16,0.000,0.000,,,,,NVIDIA A100-SXM4-40GB MIG 4g.20gb (0),1,,13,cupy_copy__complex64_complex64
9142855611,254493,206167,1,1,1,32,32,1,30,0.000,0.000,,,,,NVIDIA A100-SXM4-40GB MIG 4g.20gb (0),1,,13,"void convert_kernel<__half2, float2>(tensor_layout_any, T1 *, tensor_layout_any, const T2 *)"
9143155320,5600,206170,,,,,,,,,,0.094,16731.388,Pinned,Device,NVIDIA A100-SXM4-40GB MIG 4g.20gb (0),1,,13,[CUDA memcpy Host-to-Device]
9143329910,63647,206171,,,,,,,,,,35.810,562609.653,Device,,NVIDIA A100-SXM4-40GB MIG 4g.20gb (0),1,,13,[CUDA memset]
9143398357,5856,206173,,,,,,,,,,0.000,13.661,Pinned,Device,NVIDIA A100-SXM4-40GB MIG 4g.20gb (0),1,,13,[CUDA memcpy Host-to-Device]
9143407157,10880,206174,,,,,,,,,,0.197,18070.438,Pinned,Device,NVIDIA A100-SXM4-40GB MIG 4g.20gb (0),1,,13,[CUDA memcpy Host-to-Device]
9143597235,30752,206175,273,1,1,48,1,1,40,0.000,0.001,,,,,NVIDIA A100-SXM4-40GB MIG 4g.20gb (0),1,,13,"void pusch_noise_intf_est::noiseIntfEstNoDftSOfdmKernel<float, __half, float, float, (unsigned int)2, (unsigned int)1, (unsigned char)4, (unsigned char)4>(pusch_noise_intf_est::puschRxNoiseIntfEstDynDescr)"
9143731601,4288,206186,35,1,1,128,1,1,16,0.000,0.000,,,,,NVIDIA A100-SXM4-40GB MIG 4g.20gb (0),1,,13,cupy_copy__complex64_complex64
9143885968,3520,206195,1,1,1,1,1,1,18,0.000,0.000,,,,,NVIDIA A100-SXM4-40GB MIG 4g.20gb (0),1,,13,cupy_copy__float32_float32
9143895056,1664,206201,,,,,,,,,,0.000,2.404,Device,Pageable,NVIDIA A100-SXM4-40GB MIG 4g.20gb (0),1,,7,[CUDA memcpy Device-to-Host]
9144107309,17216,206212,1434,1,1,128,1,1,16,0.000,0.000,,,,,NVIDIA A100-SXM4-40GB MIG 4g.20gb (0),1,,13,cupy_copy__complex64_complex64
9144282987,5664,206219,103,1,1,128,1,1,16,0.000,0.000,,,,,NVIDIA A100-SXM4-40GB MIG 4g.20gb (0),1,,13,cupy_copy__complex64_complex64
9144447497,8128,206226,35,1,1,128,1,1,16,0.000,0.000,,,,,NVIDIA A100-SXM4-40GB MIG 4g.20gb (0),1,,13,cupy_copy__complex64_complex64
9144567048,3616,206233,1,1,1,1,1,1,18,0.000,0.000,,,,,NVIDIA A100-SXM4-40GB MIG 4g.20gb (0),1,,13,cupy_copy__float32_float32
9144692294,249182,206244,1,1,1,32,32,1,30,0.000,0.000,,,,,NVIDIA A100-SXM4-40GB MIG 4g.20gb (0),1,,13,"void convert_kernel<__half2, float2>(tensor_layout_any, T1 *, tensor_layout_any, const T2 *)"
9144970563,5696,206247,,,,,,,,,,0.094,16449.363,Pinned,Device,NVIDIA A100-SXM4-40GB MIG 4g.20gb (0),1,,13,[CUDA memcpy Host-to-Device]
9145098818,15648,206248,,,,,,,,,,1.547,98837.007,Device,,NVIDIA A100-SXM4-40GB MIG 4g.20gb (0),1,,13,[CUDA memset]
9145115906,3040,206253,,,,,,,,,,0.031,10294.725,Pinned,Device,NVIDIA A100-SXM4-40GB MIG 4g.20gb (0),1,,13,[CUDA memcpy Host-to-Device]
9145121666,10591,206254,,,,,,,,,,0.197,18563.531,Pinned,Device,NVIDIA A100-SXM4-40GB MIG 4g.20gb (0),1,,13,[CUDA memcpy Host-to-Device]
9145257184,29184,206255,273,1,1,8,4,1,39,0.002,0.000,,,,,NVIDIA A100-SXM4-40GB MIG 4g.20gb (0),1,,13,"void channel_eq::eqMmseCoefCompLowMimoKernel<float, float, float, (unsigned int)4, (unsigned int)1, (unsigned int)4>(const channel_eq::_puschRxChEqStatDescr *, channel_eq::_puschRxChEqCoefCompDynDescr)"
9145355487,12800,206256,273,1,1,12,11,1,51,0.002,0.000,,,,,NVIDIA A100-SXM4-40GB MIG 4g.20gb (0),1,,13,"void channel_eq::eqMmseSoftDemapKernel<float, __half, __half, float, (unsigned int)4, (unsigned short)16383>(channel_eq::_puschRxChEqStatDescr *, channel_eq::_puschRxChEqSoftDemapDynDescr)"
9145515773,577946,206257,1,1,1,32,32,1,30,0.000,0.000,,,,,NVIDIA A100-SXM4-40GB MIG 4g.20gb (0),1,,13,"void convert_kernel<float2, __half2>(tensor_layout_any, T1 *, tensor_layout_any, const T2 *)"
9146175510,20959,206269,2253,1,1,128,1,1,16,0.000,0.000,,,,,NVIDIA A100-SXM4-40GB MIG 4g.20gb (0),1,,13,cupy_copy__float16_float16
9146282996,5408,206278,282,1,1,128,1,1,16,0.000,0.000,,,,,NVIDIA A100-SXM4-40GB MIG 4g.20gb (0),1,,13,cupy_copy__complex64_complex64
9146415667,6624,206287,26,1,1,128,1,1,16,0.000,0.000,,,,,NVIDIA A100-SXM4-40GB MIG 4g.20gb (0),1,,13,cupy_copy__float32_float32
9146499186,9472,206296,103,1,1,128,1,1,16,0.000,0.000,,,,,NVIDIA A100-SXM4-40GB MIG 4g.20gb (0),1,,13,cupy_copy__complex64_complex64
9146603921,16256,206306,1434,1,1,128,1,1,16,0.000,0.000,,,,,NVIDIA A100-SXM4-40GB MIG 4g.20gb (0),1,,13,cupy_copy__complex64_complex64
9146740495,271229,206311,1,1,1,32,32,1,30,0.000,0.000,,,,,NVIDIA A100-SXM4-40GB MIG 4g.20gb (0),1,,13,"void convert_kernel<__half2, float2>(tensor_layout_any, T1 *, tensor_layout_any, const T2 *)"
9147043500,7744,206314,,,,,,,,,,0.094,12099.152,Pinned,Device,NVIDIA A100-SXM4-40GB MIG 4g.20gb (0),1,,13,[CUDA memcpy Host-to-Device]
9147351560,630585,206315,,,,,,,,,,456.561,723649.882,Device,,NVIDIA A100-SXM4-40GB MIG 4g.20gb (0),1,,13,[CUDA memset]
9147989025,53375,206320,,,,,,,,,,1.235,23136.676,Pinned,Device,NVIDIA A100-SXM4-40GB MIG 4g.20gb (0),1,,13,[CUDA memcpy Host-to-Device]
9148045088,10656,206321,,,,,,,,,,0.197,18450.285,Pinned,Device,NVIDIA A100-SXM4-40GB MIG 4g.20gb (0),1,,13,[CUDA memcpy Host-to-Device]
9148287390,16991,206322,69,4,1,48,1,1,76,0.002,0.000,,,,,NVIDIA A100-SXM4-40GB MIG 4g.20gb (0),1,,13,"void ch_est::windowedChEstPreNoDftSOfdmKernel<float, __half, float, (unsigned int)2, (unsigned int)1, (unsigned short)4>(ch_est::puschRxChEstStatDescr_t *, ch_est::puschRxChEstDynDescr_t *)"
9148465084,30815,206323,137,2,1,24,2,1,44,0.001,0.001,,,,,NVIDIA A100-SXM4-40GB MIG 4g.20gb (0),1,,13,"void ch_est::chEstFilterNoDftSOfdmDispatchKernel<float, __half, float, (unsigned int)2>(ch_est::puschRxChEstStatDescr_t *, ch_est::puschRxChEstDynDescr_t *)"
9148679609,14400,206324,137,2,1,24,2,1,44,0.001,0.001,,,,,NVIDIA A100-SXM4-40GB MIG 4g.20gb (0),1,,13,"void ch_est::chEstFilterNoDftSOfdmDispatchKernel<float, __half, float, (unsigned int)2>(ch_est::puschRxChEstStatDescr_t *, ch_est::puschRxChEstDynDescr_t *)"
9148980342,4320,206335,103,1,1,128,1,1,16,0.000,0.000,,,,,NVIDIA A100-SXM4-40GB MIG 4g.20gb (0),1,,13,cupy_copy__complex64_complex64
9149230643,17440,206345,1434,1,1,128,1,1,16,0.000,0.000,,,,,NVIDIA A100-SXM4-40GB MIG 4g.20gb (0),1,,13,cupy_copy__complex64_complex64
9149531119,5632,206352,103,1,1,128,1,1,16,0.000,0.000,,,,,NVIDIA A100-SXM4-40GB MIG 4g.20gb (0),1,,13,cupy_copy__complex64_complex64
9149870828,291548,206359,1,1,1,32,32,1,30,0.000,0.000,,,,,NVIDIA A100-SXM4-40GB MIG 4g.20gb (0),1,,13,"void convert_kernel<__half2, float2>(tensor_layout_any, T1 *, tensor_layout_any, const T2 *)"
9150193864,6784,206362,,,,,,,,,,0.094,13811.259,Pinned,Device,NVIDIA A100-SXM4-40GB MIG 4g.20gb (0),1,,13,[CUDA memcpy Host-to-Device]
9150457669,65055,206363,,,,,,,,,,35.810,550434.280,Device,,NVIDIA A100-SXM4-40GB MIG 4g.20gb (0),1,,13,[CUDA memset]
9150524164,1952,206365,,,,,,,,,,0.000,40.984,Pinned,Device,NVIDIA A100-SXM4-40GB MIG 4g.20gb (0),1,,13,[CUDA memcpy Host-to-Device]
9150530532,9856,206366,,,,,,,,,,0.197,19948.044,Pinned,Device,NVIDIA A100-SXM4-40GB MIG 4g.20gb (0),1,,13,[CUDA memcpy Host-to-Device]
9150889376,31104,206367,273,1,1,48,1,1,40,0.000,0.001,,,,,NVIDIA A100-SXM4-40GB MIG 4g.20gb (0),1,,13,"void pusch_noise_intf_est::noiseIntfEstNoDftSOfdmKernel<float, __half, float, float, (unsigned int)2, (unsigned int)1, (unsigned char)4, (unsigned char)4>(pusch_noise_intf_est::puschRxNoiseIntfEstDynDescr)"
9151182269,7200,206378,35,1,1,128,1,1,16,0.000,0.000,,,,,NVIDIA A100-SXM4-40GB MIG 4g.20gb (0),1,,13,cupy_copy__complex64_complex64
9151363547,3296,206387,1,1,1,1,1,1,18,0.000,0.000,,,,,NVIDIA A100-SXM4-40GB MIG 4g.20gb (0),1,,13,cupy_copy__float32_float32
9151373498,1792,206393,,,,,,,,,,0.000,2.232,Device,Pageable,NVIDIA A100-SXM4-40GB MIG 4g.20gb (0),1,,7,[CUDA memcpy Device-to-Host]
9151615384,18495,206404,1434,1,1,128,1,1,16,0.000,0.000,,,,,NVIDIA A100-SXM4-40GB MIG 4g.20gb (0),1,,13,cupy_copy__complex64_complex64
9151877237,4864,206411,103,1,1,128,1,1,16,0.000,0.000,,,,,NVIDIA A100-SXM4-40GB MIG 4g.20gb (0),1,,13,cupy_copy__complex64_complex64
9152101426,18496,206418,35,1,1,128,1,1,16,0.000,0.000,,,,,NVIDIA A100-SXM4-40GB MIG 4g.20gb (0),1,,13,cupy_copy__complex64_complex64
9152279696,4512,206425,1,1,1,1,1,1,18,0.000,0.000,,,,,NVIDIA A100-SXM4-40GB MIG 4g.20gb (0),1,,13,cupy_copy__float32_float32
9152457230,332284,206436,1,1,1,32,32,1,30,0.000,0.000,,,,,NVIDIA A100-SXM4-40GB MIG 4g.20gb (0),1,,13,"void convert_kernel<__half2, float2>(tensor_layout_any, T1 *, tensor_layout_any, const T2 *)"
9152819594,6464,206439,,,,,,,,,,0.094,14494.959,Pinned,Device,NVIDIA A100-SXM4-40GB MIG 4g.20gb (0),1,,13,[CUDA memcpy Host-to-Device]
9153120359,6751,206440,,,,,,,,,,1.547,229095.227,Device,,NVIDIA A100-SXM4-40GB MIG 4g.20gb (0),1,,13,[CUDA memset]
9153130438,3744,206445,,,,,,,,,,0.031,8358.974,Pinned,Device,NVIDIA A100-SXM4-40GB MIG 4g.20gb (0),1,,13,[CUDA memcpy Host-to-Device]
9153137542,12896,206446,,,,,,,,,,0.197,15245.574,Pinned,Device,NVIDIA A100-SXM4-40GB MIG 4g.20gb (0),1,,13,[CUDA memcpy Host-to-Device]
9153476163,16575,206447,273,1,1,8,4,1,39,0.002,0.000,,,,,NVIDIA A100-SXM4-40GB MIG 4g.20gb (0),1,,13,"void channel_eq::eqMmseCoefCompLowMimoKernel<float, float, float, (unsigned int)4, (unsigned int)1, (unsigned int)4>(const channel_eq::_puschRxChEqStatDescr *, channel_eq::_puschRxChEqCoefCompDynDescr)"
9153758431,169470,206448,273,1,1,12,11,1,51,0.002,0.000,,,,,NVIDIA A100-SXM4-40GB MIG 4g.20gb (0),1,,13,"void channel_eq::eqMmseSoftDemapKernel<float, __half, __half, float, (unsigned int)4, (unsigned short)16383>(channel_eq::_puschRxChEqStatDescr *, channel_eq::_puschRxChEqSoftDemapDynDescr)"
9154188410,683193,206449,1,1,1,32,32,1,30,0.000,0.000,,,,,NVIDIA A100-SXM4-40GB MIG 4g.20gb (0),1,,13,"void convert_kernel<float2, __half2>(tensor_layout_any, T1 *, tensor_layout_any, const T2 *)"
9155102800,12512,206461,2253,1,1,128,1,1,16,0.000,0.000,,,,,NVIDIA A100-SXM4-40GB MIG 4g.20gb (0),1,,13,cupy_copy__float16_float16
9155384621,4704,206470,282,1,1,128,1,1,16,0.000,0.000,,,,,NVIDIA A100-SXM4-40GB MIG 4g.20gb (0),1,,13,cupy_copy__complex64_complex64
9155655530,3776,206479,26,1,1,128,1,1,16,0.000,0.000,,,,,NVIDIA A100-SXM4-40GB MIG 4g.20gb (0),1,,13,cupy_copy__float32_float32
9155826376,9632,206488,103,1,1,128,1,1,16,0.000,0.000,,,,,NVIDIA A100-SXM4-40GB MIG 4g.20gb (0),1,,13,cupy_copy__complex64_complex64
9155956390,19872,206498,1434,1,1,128,1,1,16,0.000,0.000,,,,,NVIDIA A100-SXM4-40GB MIG 4g.20gb (0),1,,13,cupy_copy__complex64_complex64
9156046757,173246,206503,1,1,1,32,32,1,30,0.000,0.000,,,,,NVIDIA A100-SXM4-40GB MIG 4g.20gb (0),1,,13,"void convert_kernel<__half2, float2>(tensor_layout_any, T1 *, tensor_layout_any, const T2 *)"
9156250051,5376,206506,,,,,,,,,,0.094,17428.487,Pinned,Device,NVIDIA A100-SXM4-40GB MIG 4g.20gb (0),1,,13,[CUDA memcpy Host-to-Device]
9156361922,650776,206507,,,,,,,,,,456.561,701278.372,Device,,NVIDIA A100-SXM4-40GB MIG 4g.20gb (0),1,,13,[CUDA memset]
9157014234,54240,206512,,,,,,,,,,1.235,22767.428,Pinned,Device,NVIDIA A100-SXM4-40GB MIG 4g.20gb (0),1,,13,[CUDA memcpy Host-to-Device]
9157071066,11135,206513,,,,,,,,,,0.197,17656.578,Pinned,Device,NVIDIA A100-SXM4-40GB MIG 4g.20gb (0),1,,13,[CUDA memcpy Host-to-Device]
9157180024,27328,206514,69,4,1,48,1,1,76,0.002,0.000,,,,,NVIDIA A100-SXM4-40GB MIG 4g.20gb (0),1,,13,"void ch_est::windowedChEstPreNoDftSOfdmKernel<float, __half, float, (unsigned int)2, (unsigned int)1, (unsigned short)4>(ch_est::puschRxChEstStatDescr_t *, ch_est::puschRxChEstDynDescr_t *)"
9157285335,13056,206515,137,2,1,24,2,1,44,0.001,0.001,,,,,NVIDIA A100-SXM4-40GB MIG 4g.20gb (0),1,,13,"void ch_est::chEstFilterNoDftSOfdmDispatchKernel<float, __half, float, (unsigned int)2>(ch_est::puschRxChEstStatDescr_t *, ch_est::puschRxChEstDynDescr_t *)"
9157442933,17024,206516,137,2,1,24,2,1,44,0.001,0.001,,,,,NVIDIA A100-SXM4-40GB MIG 4g.20gb (0),1,,13,"void ch_est::chEstFilterNoDftSOfdmDispatchKernel<float, __half, float, (unsigned int)2>(ch_est::puschRxChEstStatDescr_t *, ch_est::puschRxChEstDynDescr_t *)"
9157597972,4544,206527,103,1,1,128,1,1,16,0.000,0.000,,,,,NVIDIA A100-SXM4-40GB MIG 4g.20gb (0),1,,13,cupy_copy__complex64_complex64
9157728146,20704,206537,1434,1,1,128,1,1,16,0.000,0.000,,,,,NVIDIA A100-SXM4-40GB MIG 4g.20gb (0),1,,13,cupy_copy__complex64_complex64
9157821009,14784,206544,103,1,1,128,1,1,16,0.000,0.000,,,,,NVIDIA A100-SXM4-40GB MIG 4g.20gb (0),1,,13,cupy_copy__complex64_complex64
9157913840,259549,206551,1,1,1,32,32,1,30,0.000,0.000,,,,,NVIDIA A100-SXM4-40GB MIG 4g.20gb (0),1,,13,"void convert_kernel<__half2, float2>(tensor_layout_any, T1 *, tensor_layout_any, const T2 *)"
9158203437,5664,206554,,,,,,,,,,0.094,16542.310,Pinned,Device,NVIDIA A100-SXM4-40GB MIG 4g.20gb (0),1,,13,[CUDA memcpy Host-to-Device]
9158350795,65663,206555,,,,,,,,,,35.810,545349.272,Device,,NVIDIA A100-SXM4-40GB MIG 4g.20gb (0),1,,13,[CUDA memset]
9158420266,1952,206557,,,,,,,,,,0.000,40.984,Pinned,Device,NVIDIA A100-SXM4-40GB MIG 4g.20gb (0),1,,13,[CUDA memcpy Host-to-Device]
9158425962,10848,206558,,,,,,,,,,0.197,18123.719,Pinned,Device,NVIDIA A100-SXM4-40GB MIG 4g.20gb (0),1,,13,[CUDA memcpy Host-to-Device]
9158606984,30304,206559,273,1,1,48,1,1,40,0.000,0.001,,,,,NVIDIA A100-SXM4-40GB MIG 4g.20gb (0),1,,13,"void pusch_noise_intf_est::noiseIntfEstNoDftSOfdmKernel<float, __half, float, float, (unsigned int)2, (unsigned int)1, (unsigned char)4, (unsigned char)4>(pusch_noise_intf_est::puschRxNoiseIntfEstDynDescr)"
9158721511,9312,206570,35,1,1,128,1,1,16,0.000,0.000,,,,,NVIDIA A100-SXM4-40GB MIG 4g.20gb (0),1,,13,cupy_copy__complex64_complex64
9158876965,3744,206579,1,1,1,1,1,1,18,0.000,0.000,,,,,NVIDIA A100-SXM4-40GB MIG 4g.20gb (0),1,,13,cupy_copy__float32_float32
9158887205,1632,206585,,,,,,,,,,0.000,2.451,Device,Pageable,NVIDIA A100-SXM4-40GB MIG 4g.20gb (0),1,,7,[CUDA memcpy Device-to-Host]
9159069411,16800,206596,1434,1,1,128,1,1,16,0.000,0.000,,,,,NVIDIA A100-SXM4-40GB MIG 4g.20gb (0),1,,13,cupy_copy__complex64_complex64
9159335392,5728,206603,103,1,1,128,1,1,16,0.000,0.000,,,,,NVIDIA A100-SXM4-40GB MIG 4g.20gb (0),1,,13,cupy_copy__complex64_complex64
9159497694,16672,206610,35,1,1,128,1,1,16,0.000,0.000,,,,,NVIDIA A100-SXM4-40GB MIG 4g.20gb (0),1,,13,cupy_copy__complex64_complex64
9159686812,4192,206617,1,1,1,1,1,1,18,0.000,0.000,,,,,NVIDIA A100-SXM4-40GB MIG 4g.20gb (0),1,,13,cupy_copy__float32_float32
9159946073,259965,206628,1,1,1,32,32,1,30,0.000,0.000,,,,,NVIDIA A100-SXM4-40GB MIG 4g.20gb (0),1,,13,"void convert_kernel<__half2, float2>(tensor_layout_any, T1 *, tensor_layout_any, const T2 *)"
9160236726,5568,206631,,,,,,,,,,0.094,16827.521,Pinned,Device,NVIDIA A100-SXM4-40GB MIG 4g.20gb (0),1,,13,[CUDA memcpy Host-to-Device]
9160470291,17888,206632,,,,,,,,,,1.547,86460.921,Device,,NVIDIA A100-SXM4-40GB MIG 4g.20gb (0),1,,13,[CUDA memset]
9160489043,3840,206637,,,,,,,,,,0.031,8149.979,Pinned,Device,NVIDIA A100-SXM4-40GB MIG 4g.20gb (0),1,,13,[CUDA memcpy Host-to-Device]
9160495411,9920,206638,,,,,,,,,,0.197,19819.266,Pinned,Device,NVIDIA A100-SXM4-40GB MIG 4g.20gb (0),1,,13,[CUDA memcpy Host-to-Device]
9160754544,27999,206639,273,1,1,8,4,1,39,0.002,0.000,,,,,NVIDIA A100-SXM4-40GB MIG 4g.20gb (0),1,,13,"void channel_eq::eqMmseCoefCompLowMimoKernel<float, float, float, (unsigned int)4, (unsigned int)1, (unsigned int)4>(const channel_eq::_puschRxChEqStatDescr *, channel_eq::_puschRxChEqCoefCompDynDescr)"
9161103148,13376,206640,273,1,1,12,11,1,51,0.002,0.000,,,,,NVIDIA A100-SXM4-40GB MIG 4g.20gb (0),1,,13,"void channel_eq::eqMmseSoftDemapKernel<float, __half, __half, float, (unsigned int)4, (unsigned short)16383>(channel_eq::_puschRxChEqStatDescr *, channel_eq::_puschRxChEqSoftDemapDynDescr)"
9161518151,707608,206641,1,1,1,32,32,1,30,0.000,0.000,,,,,NVIDIA A100-SXM4-40GB MIG 4g.20gb (0),1,,13,"void convert_kernel<float2, __half2>(tensor_layout_any, T1 *, tensor_layout_any, const T2 *)"
9162594747,17056,206653,2253,1,1,128,1,1,16,0.000,0.000,,,,,NVIDIA A100-SXM4-40GB MIG 4g.20gb (0),1,,13,cupy_copy__float16_float16
9163004854,6144,206662,282,1,1,128,1,1,16,0.000,0.000,,,,,NVIDIA A100-SXM4-40GB MIG 4g.20gb (0),1,,13,cupy_copy__complex64_complex64
9163390674,4768,206671,26,1,1,128,1,1,16,0.000,0.000,,,,,NVIDIA A100-SXM4-40GB MIG 4g.20gb (0),1,,13,cupy_copy__float32_float32
9163712462,9216,206680,103,1,1,128,1,1,16,0.000,0.000,,,,,NVIDIA A100-SXM4-40GB MIG 4g.20gb (0),1,,13,cupy_copy__complex64_complex64
9164085930,23936,206690,1434,1,1,128,1,1,16,0.000,0.000,,,,,NVIDIA A100-SXM4-40GB MIG 4g.20gb (0),1,,13,cupy_copy__complex64_complex64
9164338567,277277,206695,1,1,1,32,32,1,30,0.000,0.000,,,,,NVIDIA A100-SXM4-40GB MIG 4g.20gb (0),1,,13,"void convert_kernel<__half2, float2>(tensor_layout_any, T1 *, tensor_layout_any, const T2 *)"
9164645795,6272,206698,,,,,,,,,,0.094,14938.703,Pinned,Device,NVIDIA A100-SXM4-40GB MIG 4g.20gb (0),1,,13,[CUDA memcpy Host-to-Device]
9164772322,633753,206699,,,,,,,,,,456.561,719997.391,Device,,NVIDIA A100-SXM4-40GB MIG 4g.20gb (0),1,,13,[CUDA memset]
9165409435,55071,206704,,,,,,,,,,1.235,22424.113,Pinned,Device,NVIDIA A100-SXM4-40GB MIG 4g.20gb (0),1,,13,[CUDA memcpy Host-to-Device]
9165466970,9920,206705,,,,,,,,,,0.197,19819.266,Pinned,Device,NVIDIA A100-SXM4-40GB MIG 4g.20gb (0),1,,13,[CUDA memcpy Host-to-Device]
9165597017,12927,206706,69,4,1,48,1,1,76,0.002,0.000,,,,,NVIDIA A100-SXM4-40GB MIG 4g.20gb (0),1,,13,"void ch_est::windowedChEstPreNoDftSOfdmKernel<float, __half, float, (unsigned int)2, (unsigned int)1, (unsigned short)4>(ch_est::puschRxChEstStatDescr_t *, ch_est::puschRxChEstDynDescr_t *)"
9165785014,13824,206707,137,2,1,24,2,1,44,0.001,0.001,,,,,NVIDIA A100-SXM4-40GB MIG 4g.20gb (0),1,,13,"void ch_est::chEstFilterNoDftSOfdmDispatchKernel<float, __half, float, (unsigned int)2>(ch_est::puschRxChEstStatDescr_t *, ch_est::puschRxChEstDynDescr_t *)"
9165969204,13536,206708,137,2,1,24,2,1,44,0.001,0.001,,,,,NVIDIA A100-SXM4-40GB MIG 4g.20gb (0),1,,13,"void ch_est::chEstFilterNoDftSOfdmDispatchKernel<float, __half, float, (unsigned int)2>(ch_est::puschRxChEstStatDescr_t *, ch_est::puschRxChEstDynDescr_t *)"
9166147570,4736,206719,103,1,1,128,1,1,16,0.000,0.000,,,,,NVIDIA A100-SXM4-40GB MIG 4g.20gb (0),1,,13,cupy_copy__complex64_complex64
9166312752,16288,206729,1434,1,1,128,1,1,16,0.000,0.000,,,,,NVIDIA A100-SXM4-40GB MIG 4g.20gb (0),1,,13,cupy_copy__complex64_complex64
9166498414,4864,206736,103,1,1,128,1,1,16,0.000,0.000,,,,,NVIDIA A100-SXM4-40GB MIG 4g.20gb (0),1,,13,cupy_copy__complex64_complex64
9166643885,241757,206743,1,1,1,32,32,1,30,0.000,0.000,,,,,NVIDIA A100-SXM4-40GB MIG 4g.20gb (0),1,,13,"void convert_kernel<__half2, float2>(tensor_layout_any, T1 *, tensor_layout_any, const T2 *)"
9166914410,5536,206746,,,,,,,,,,0.094,16924.777,Pinned,Device,NVIDIA A100-SXM4-40GB MIG 4g.20gb (0),1,,13,[CUDA memcpy Host-to-Device]
9167032168,57760,206747,,,,,,,,,,35.810,619977.145,Device,,NVIDIA A100-SXM4-40GB MIG 4g.20gb (0),1,,13,[CUDA memset]
9167095048,3200,206749,,,,,,,,,,0.000,25.000,Pinned,Device,NVIDIA A100-SXM4-40GB MIG 4g.20gb (0),1,,13,[CUDA memcpy Host-to-Device]
9167100999,9472,206750,,,,,,,,,,0.197,20756.693,Pinned,Device,NVIDIA A100-SXM4-40GB MIG 4g.20gb (0),1,,13,[CUDA memcpy Host-to-Device]
9167277381,18624,206751,273,1,1,48,1,1,40,0.000,0.001,,,,,NVIDIA A100-SXM4-40GB MIG 4g.20gb (0),1,,13,"void pusch_noise_intf_est::noiseIntfEstNoDftSOfdmKernel<float, __half, float, float, (unsigned int)2, (unsigned int)1, (unsigned char)4, (unsigned char)4>(pusch_noise_intf_est::puschRxNoiseIntfEstDynDescr)"
9167462819,6816,206762,35,1,1,128,1,1,16,0.000,0.000,,,,,NVIDIA A100-SXM4-40GB MIG 4g.20gb (0),1,,13,cupy_copy__complex64_complex64
9167624834,3807,206771,1,1,1,1,1,1,18,0.000,0.000,,,,,NVIDIA A100-SXM4-40GB MIG 4g.20gb (0),1,,13,cupy_copy__float32_float32
9167631393,1600,206777,,,,,,,,,,0.000,2.500,Device,Pageable,NVIDIA A100-SXM4-40GB MIG 4g.20gb (0),1,,7,[CUDA memcpy Device-to-Host]
9167811519,16096,206788,1434,1,1,128,1,1,16,0.000,0.000,,,,,NVIDIA A100-SXM4-40GB MIG 4g.20gb (0),1,,13,cupy_copy__complex64_complex64
9167978269,5024,206795,103,1,1,128,1,1,16,0.000,0.000,,,,,NVIDIA A100-SXM4-40GB MIG 4g.20gb (0),1,,13,cupy_copy__complex64_complex64
9168190267,7360,206802,35,1,1,128,1,1,16,0.000,0.000,,,,,NVIDIA A100-SXM4-40GB MIG 4g.20gb (0),1,,13,cupy_copy__complex64_complex64
9168311034,6656,206809,1,1,1,1,1,1,18,0.000,0.000,,,,,NVIDIA A100-SXM4-40GB MIG 4g.20gb (0),1,,13,cupy_copy__float32_float32
9168478136,326876,206820,1,1,1,32,32,1,30,0.000,0.000,,,,,NVIDIA A100-SXM4-40GB MIG 4g.20gb (0),1,,13,"void convert_kernel<__half2, float2>(tensor_layout_any, T1 *, tensor_layout_any, const T2 *)"
9168834388,6016,206823,,,,,,,,,,0.094,15574.430,Pinned,Device,NVIDIA A100-SXM4-40GB MIG 4g.20gb (0),1,,13,[CUDA memcpy Host-to-Device]
9168981490,9120,206824,,,,,,,,,,1.547,169585.775,Device,,NVIDIA A100-SXM4-40GB MIG 4g.20gb (0),1,,13,[CUDA memset]
9168997042,3584,206829,,,,,,,,,,0.031,8732.116,Pinned,Device,NVIDIA A100-SXM4-40GB MIG 4g.20gb (0),1,,13,[CUDA memcpy Host-to-Device]
9169003090,9792,206830,,,,,,,,,,0.197,20078.395,Pinned,Device,NVIDIA A100-SXM4-40GB MIG 4g.20gb (0),1,,13,[CUDA memcpy Host-to-Device]
9169237871,10752,206831,273,1,1,8,4,1,39,0.002,0.000,,,,,NVIDIA A100-SXM4-40GB MIG 4g.20gb (0),1,,13,"void channel_eq::eqMmseCoefCompLowMimoKernel<float, float, float, (unsigned int)4, (unsigned int)1, (unsigned int)4>(const channel_eq::_puschRxChEqStatDescr *, channel_eq::_puschRxChEqCoefCompDynDescr)"
9169502892,12736,206832,273,1,1,12,11,1,51,0.002,0.000,,,,,NVIDIA A100-SXM4-40GB MIG 4g.20gb (0),1,,13,"void channel_eq::eqMmseSoftDemapKernel<float, __half, __half, float, (unsigned int)4, (unsigned short)16383>(channel_eq::_puschRxChEqStatDescr *, channel_eq::_puschRxChEqSoftDemapDynDescr)"
9169939687,667513,206833,1,1,1,32,32,1,30,0.000,0.000,,,,,NVIDIA A100-SXM4-40GB MIG 4g.20gb (0),1,,13,"void convert_kernel<float2, __half2>(tensor_layout_any, T1 *, tensor_layout_any, const T2 *)"
9170843613,21696,206845,2253,1,1,128,1,1,16,0.000,0.000,,,,,NVIDIA A100-SXM4-40GB MIG 4g.20gb (0),1,,13,cupy_copy__float16_float16
9171186297,6240,206854,282,1,1,128,1,1,16,0.000,0.000,,,,,NVIDIA A100-SXM4-40GB MIG 4g.20gb (0),1,,13,cupy_copy__complex64_complex64
9171585684,7104,206863,26,1,1,128,1,1,16,0.000,0.000,,,,,NVIDIA A100-SXM4-40GB MIG 4g.20gb (0),1,,13,cupy_copy__float32_float32
9171944272,11552,206872,103,1,1,128,1,1,16,0.000,0.000,,,,,NVIDIA A100-SXM4-40GB MIG 4g.20gb (0),1,,13,cupy_copy__complex64_complex64
9172287756,16640,206882,1434,1,1,128,1,1,16,0.000,0.000,,,,,NVIDIA A100-SXM4-40GB MIG 4g.20gb (0),1,,13,cupy_copy__complex64_complex64
9172710696,277212,206887,1,1,1,32,32,1,30,0.000,0.000,,,,,NVIDIA A100-SXM4-40GB MIG 4g.20gb (0),1,,13,"void convert_kernel<__half2, float2>(tensor_layout_any, T1 *, tensor_layout_any, const T2 *)"
9173017476,6560,206890,,,,,,,,,,0.094,14282.925,Pinned,Device,NVIDIA A100-SXM4-40GB MIG 4g.20gb (0),1,,13,[CUDA memcpy Host-to-Device]
9173305153,632249,206891,,,,,,,,,,456.561,721823.637,Device,,NVIDIA A100-SXM4-40GB MIG 4g.20gb (0),1,,13,[CUDA memset]
9173939610,59743,206896,,,,,,,,,,1.235,20670.493,Pinned,Device,NVIDIA A100-SXM4-40GB MIG 4g.20gb (0),1,,13,[CUDA memcpy Host-to-Device]
9174002457,12096,206897,,,,,,,,,,0.197,16253.780,Pinned,Device,NVIDIA A100-SXM4-40GB MIG 4g.20gb (0),1,,13,[CUDA memcpy Host-to-Device]
9174293526,26623,206898,69,4,1,48,1,1,76,0.002,0.000,,,,,NVIDIA A100-SXM4-40GB MIG 4g.20gb (0),1,,13,"void ch_est::windowedChEstPreNoDftSOfdmKernel<float, __half, float, (unsigned int)2, (unsigned int)1, (unsigned short)4>(ch_est::puschRxChEstStatDescr_t *, ch_est::puschRxChEstDynDescr_t *)"
9174423508,12512,206899,137,2,1,24,2,1,44,0.001,0.001,,,,,NVIDIA A100-SXM4-40GB MIG 4g.20gb (0),1,,13,"void ch_est::chEstFilterNoDftSOfdmDispatchKernel<float, __half, float, (unsigned int)2>(ch_est::puschRxChEstStatDescr_t *, ch_est::puschRxChEstDynDescr_t *)"
9174617042,12160,206900,137,2,1,24,2,1,44,0.001,0.001,,,,,NVIDIA A100-SXM4-40GB MIG 4g.20gb (0),1,,13,"void ch_est::chEstFilterNoDftSOfdmDispatchKernel<float, __half, float, (unsigned int)2>(ch_est::puschRxChEstStatDescr_t *, ch_est::puschRxChEstDynDescr_t *)"
9174806800,5536,206911,103,1,1,128,1,1,16,0.000,0.000,,,,,NVIDIA A100-SXM4-40GB MIG 4g.20gb (0),1,,13,cupy_copy__complex64_complex64
9174967534,22336,206921,1434,1,1,128,1,1,16,0.000,0.000,,,,,NVIDIA A100-SXM4-40GB MIG 4g.20gb (0),1,,13,cupy_copy__complex64_complex64
9175098380,5184,206928,103,1,1,128,1,1,16,0.000,0.000,,,,,NVIDIA A100-SXM4-40GB MIG 4g.20gb (0),1,,13,cupy_copy__complex64_complex64
9175262667,241789,206935,1,1,1,32,32,1,30,0.000,0.000,,,,,NVIDIA A100-SXM4-40GB MIG 4g.20gb (0),1,,13,"void convert_kernel<__half2, float2>(tensor_layout_any, T1 *, tensor_layout_any, const T2 *)"
9175535176,5503,206938,,,,,,,,,,0.094,17026.343,Pinned,Device,NVIDIA A100-SXM4-40GB MIG 4g.20gb (0),1,,13,[CUDA memcpy Host-to-Device]
9175671174,53759,206939,,,,,,,,,,35.810,666100.322,Device,,NVIDIA A100-SXM4-40GB MIG 4g.20gb (0),1,,13,[CUDA memset]
9175727045,1920,206941,,,,,,,,,,0.000,41.667,Pinned,Device,NVIDIA A100-SXM4-40GB MIG 4g.20gb (0),1,,13,[CUDA memcpy Host-to-Device]
9175734277,10144,206942,,,,,,,,,,0.197,19381.617,Pinned,Device,NVIDIA A100-SXM4-40GB MIG 4g.20gb (0),1,,13,[CUDA memcpy Host-to-Device]
9175928963,19904,206943,273,1,1,48,1,1,40,0.000,0.001,,,,,NVIDIA A100-SXM4-40GB MIG 4g.20gb (0),1,,13,"void pusch_noise_intf_est::noiseIntfEstNoDftSOfdmKernel<float, __half, float, float, (unsigned int)2, (unsigned int)1, (unsigned char)4, (unsigned char)4>(pusch_noise_intf_est::puschRxNoiseIntfEstDynDescr)"
9176125345,5856,206954,35,1,1,128,1,1,16,0.000,0.000,,,,,NVIDIA A100-SXM4-40GB MIG 4g.20gb (0),1,,13,cupy_copy__complex64_complex64
9176284799,4704,206963,1,1,1,1,1,1,18,0.000,0.000,,,,,NVIDIA A100-SXM4-40GB MIG 4g.20gb (0),1,,13,cupy_copy__float32_float32
9176296351,1600,206969,,,,,,,,,,0.000,2.500,Device,Pageable,NVIDIA A100-SXM4-40GB MIG 4g.20gb (0),1,,7,[CUDA memcpy Device-to-Host]
9176498685,14975,206980,1434,1,1,128,1,1,16,0.000,0.000,,,,,NVIDIA A100-SXM4-40GB MIG 4g.20gb (0),1,,13,cupy_copy__complex64_complex64
9176677595,8415,206987,103,1,1,128,1,1,16,0.000,0.000,,,,,NVIDIA A100-SXM4-40GB MIG 4g.20gb (0),1,,13,cupy_copy__complex64_complex64
9176803769,7744,206994,35,1,1,128,1,1,16,0.000,0.000,,,,,NVIDIA A100-SXM4-40GB MIG 4g.20gb (0),1,,13,cupy_copy__complex64_complex64
9176972951,7520,207001,1,1,1,1,1,1,18,0.000,0.000,,,,,NVIDIA A100-SXM4-40GB MIG 4g.20gb (0),1,,13,cupy_copy__float32_float32
9177095062,248605,207012,1,1,1,32,32,1,30,0.000,0.000,,,,,NVIDIA A100-SXM4-40GB MIG 4g.20gb (0),1,,13,"void convert_kernel<__half2, float2>(tensor_layout_any, T1 *, tensor_layout_any, const T2 *)"
9177374291,6623,207015,,,,,,,,,,0.094,14146.972,Pinned,Device,NVIDIA A100-SXM4-40GB MIG 4g.20gb (0),1,,13,[CUDA memcpy Host-to-Device]
9177621296,16992,207016,,,,,,,,,,1.547,91020.369,Device,,NVIDIA A100-SXM4-40GB MIG 4g.20gb (0),1,,13,[CUDA memset]
9177640528,3744,207021,,,,,,,,,,0.031,8358.974,Pinned,Device,NVIDIA A100-SXM4-40GB MIG 4g.20gb (0),1,,13,[CUDA memcpy Host-to-Device]
9177647759,12384,207022,,,,,,,,,,0.197,15875.899,Pinned,Device,NVIDIA A100-SXM4-40GB MIG 4g.20gb (0),1,,13,[CUDA memcpy Host-to-Device]
9177929100,24320,207023,273,1,1,8,4,1,39,0.002,0.000,,,,,NVIDIA A100-SXM4-40GB MIG 4g.20gb (0),1,,13,"void channel_eq::eqMmseCoefCompLowMimoKernel<float, float, float, (unsigned int)4, (unsigned int)1, (unsigned int)4>(const channel_eq::_puschRxChEqStatDescr *, channel_eq::_puschRxChEqCoefCompDynDescr)"
9178208489,10848,207024,273,1,1,12,11,1,51,0.002,0.000,,,,,NVIDIA A100-SXM4-40GB MIG 4g.20gb (0),1,,13,"void channel_eq::eqMmseSoftDemapKernel<float, __half, __half, float, (unsigned int)4, (unsigned short)16383>(channel_eq::_puschRxChEqStatDescr *, channel_eq::_puschRxChEqSoftDemapDynDescr)"
9178476678,664760,207025,1,1,1,32,32,1,30,0.000,0.000,,,,,NVIDIA A100-SXM4-40GB MIG 4g.20gb (0),1,,13,"void convert_kernel<float2, __half2>(tensor_layout_any, T1 *, tensor_layout_any, const T2 *)"
9179376412,22272,207037,2253,1,1,128,1,1,16,0.000,0.000,,,,,NVIDIA A100-SXM4-40GB MIG 4g.20gb (0),1,,13,cupy_copy__float16_float16
9179737976,5792,207046,282,1,1,128,1,1,16,0.000,0.000,,,,,NVIDIA A100-SXM4-40GB MIG 4g.20gb (0),1,,13,cupy_copy__complex64_complex64
9180147795,4608,207055,26,1,1,128,1,1,16,0.000,0.000,,,,,NVIDIA A100-SXM4-40GB MIG 4g.20gb (0),1,,13,cupy_copy__float32_float32
9180400656,18208,207064,103,1,1,128,1,1,16,0.000,0.000,,,,,NVIDIA A100-SXM4-40GB MIG 4g.20gb (0),1,,13,cupy_copy__complex64_complex64
9180736492,16448,207074,1434,1,1,128,1,1,16,0.000,0.000,,,,,NVIDIA A100-SXM4-40GB MIG 4g.20gb (0),1,,13,cupy_copy__complex64_complex64
9181155048,291964,207079,1,1,1,32,32,1,30,0.000,0.000,,,,,NVIDIA A100-SXM4-40GB MIG 4g.20gb (0),1,,13,"void convert_kernel<__half2, float2>(tensor_layout_any, T1 *, tensor_layout_any, const T2 *)"
9181479300,6848,207082,,,,,,,,,,0.094,13682.239,Pinned,Device,NVIDIA A100-SXM4-40GB MIG 4g.20gb (0),1,,13,[CUDA memcpy Host-to-Device]
9181868319,629945,207083,,,,,,,,,,456.561,724563.005,Device,,NVIDIA A100-SXM4-40GB MIG 4g.20gb (0),1,,13,[CUDA memset]
9182500280,58048,207088,,,,,,,,,,1.235,21274.380,Pinned,Device,NVIDIA A100-SXM4-40GB MIG 4g.20gb (0),1,,13,[CUDA memcpy Host-to-Device]
9182560952,10367,207089,,,,,,,,,,0.197,18964.611,Pinned,Device,NVIDIA A100-SXM4-40GB MIG 4g.20gb (0),1,,13,[CUDA memcpy Host-to-Device]
9182905716,23583,207090,69,4,1,48,1,1,76,0.002,0.000,,,,,NVIDIA A100-SXM4-40GB MIG 4g.20gb (0),1,,13,"void ch_est::windowedChEstPreNoDftSOfdmKernel<float, __half, float, (unsigned int)2, (unsigned int)1, (unsigned short)4>(ch_est::puschRxChEstStatDescr_t *, ch_est::puschRxChEstDynDescr_t *)"
9183153041,43679,207091,137,2,1,24,2,1,44,0.001,0.001,,,,,NVIDIA A100-SXM4-40GB MIG 4g.20gb (0),1,,13,"void ch_est::chEstFilterNoDftSOfdmDispatchKernel<float, __half, float, (unsigned int)2>(ch_est::puschRxChEstStatDescr_t *, ch_est::puschRxChEstDynDescr_t *)"
9183383150,12896,207092,137,2,1,24,2,1,44,0.001,0.001,,,,,NVIDIA A100-SXM4-40GB MIG 4g.20gb (0),1,,13,"void ch_est::chEstFilterNoDftSOfdmDispatchKernel<float, __half, float, (unsigned int)2>(ch_est::puschRxChEstStatDescr_t *, ch_est::puschRxChEstDynDescr_t *)"
9183714314,5504,207103,103,1,1,128,1,1,16,0.000,0.000,,,,,NVIDIA A100-SXM4-40GB MIG 4g.20gb (0),1,,13,cupy_copy__complex64_complex64
9184015015,22848,207113,1434,1,1,128,1,1,16,0.000,0.000,,,,,NVIDIA A100-SXM4-40GB MIG 4g.20gb (0),1,,13,cupy_copy__complex64_complex64
9184149861,4896,207120,103,1,1,128,1,1,16,0.000,0.000,,,,,NVIDIA A100-SXM4-40GB MIG 4g.20gb (0),1,,13,cupy_copy__complex64_complex64
9184317156,243997,207127,1,1,1,32,32,1,30,0.000,0.000,,,,,NVIDIA A100-SXM4-40GB MIG 4g.20gb (0),1,,13,"void convert_kernel<__half2, float2>(tensor_layout_any, T1 *, tensor_layout_any, const T2 *)"
9184592000,5824,207130,,,,,,,,,,0.094,16087.884,Pinned,Device,NVIDIA A100-SXM4-40GB MIG 4g.20gb (0),1,,13,[CUDA memcpy Host-to-Device]
9184723135,54431,207131,,,,,,,,,,35.810,657864.040,Device,,NVIDIA A100-SXM4-40GB MIG 4g.20gb (0),1,,13,[CUDA memset]
9184779326,1856,207133,,,,,,,,,,0.000,43.103,Pinned,Device,NVIDIA A100-SXM4-40GB MIG 4g.20gb (0),1,,13,[CUDA memcpy Host-to-Device]
9184787038,9504,207134,,,,,,,,,,0.197,20686.701,Pinned,Device,NVIDIA A100-SXM4-40GB MIG 4g.20gb (0),1,,13,[CUDA memcpy Host-to-Device]
9184980668,21440,207135,273,1,1,48,1,1,40,0.000,0.001,,,,,NVIDIA A100-SXM4-40GB MIG 4g.20gb (0),1,,13,"void pusch_noise_intf_est::noiseIntfEstNoDftSOfdmKernel<float, __half, float, float, (unsigned int)2, (unsigned int)1, (unsigned char)4, (unsigned char)4>(pusch_noise_intf_est::puschRxNoiseIntfEstDynDescr)"
9185177434,7104,207146,35,1,1,128,1,1,16,0.000,0.000,,,,,NVIDIA A100-SXM4-40GB MIG 4g.20gb (0),1,,13,cupy_copy__complex64_complex64
9185335832,3840,207155,1,1,1,1,1,1,18,0.000,0.000,,,,,NVIDIA A100-SXM4-40GB MIG 4g.20gb (0),1,,13,cupy_copy__float32_float32
9185341304,1664,207161,,,,,,,,,,0.000,2.404,Device,Pageable,NVIDIA A100-SXM4-40GB MIG 4g.20gb (0),1,,7,[CUDA memcpy Device-to-Host]
9185554005,15168,207172,1434,1,1,128,1,1,16,0.000,0.000,,,,,NVIDIA A100-SXM4-40GB MIG 4g.20gb (0),1,,13,cupy_copy__complex64_complex64
9185759603,5152,207179,103,1,1,128,1,1,16,0.000,0.000,,,,,NVIDIA A100-SXM4-40GB MIG 4g.20gb (0),1,,13,cupy_copy__complex64_complex64
9185921585,5632,207186,35,1,1,128,1,1,16,0.000,0.000,,,,,NVIDIA A100-SXM4-40GB MIG 4g.20gb (0),1,,13,cupy_copy__complex64_complex64
9186042896,3424,207193,1,1,1,1,1,1,18,0.000,0.000,,,,,NVIDIA A100-SXM4-40GB MIG 4g.20gb (0),1,,13,cupy_copy__float32_float32
9188575155,271197,207204,1,1,1,32,32,1,30,0.000,0.000,,,,,NVIDIA A100-SXM4-40GB MIG 4g.20gb (0),1,,13,"void convert_kernel<__half2, float2>(tensor_layout_any, T1 *, tensor_layout_any, const T2 *)"
9188929775,5696,207207,,,,,,,,,,0.094,16449.363,Pinned,Device,NVIDIA A100-SXM4-40GB MIG 4g.20gb (0),1,,13,[CUDA memcpy Host-to-Device]
9189367978,6528,207208,,,,,,,,,,1.547,236921.144,Device,,NVIDIA A100-SXM4-40GB MIG 4g.20gb (0),1,,13,[CUDA memset]
9189377450,3072,207213,,,,,,,,,,0.031,10187.474,Pinned,Device,NVIDIA A100-SXM4-40GB MIG 4g.20gb (0),1,,13,[CUDA memcpy Host-to-Device]
9189384298,9728,207214,,,,,,,,,,0.197,20210.516,Pinned,Device,NVIDIA A100-SXM4-40GB MIG 4g.20gb (0),1,,13,[CUDA memcpy Host-to-Device]
9189788549,24352,207215,273,1,1,8,4,1,39,0.002,0.000,,,,,NVIDIA A100-SXM4-40GB MIG 4g.20gb (0),1,,13,"void channel_eq::eqMmseCoefCompLowMimoKernel<float, float, float, (unsigned int)4, (unsigned int)1, (unsigned int)4>(const channel_eq::_puschRxChEqStatDescr *, channel_eq::_puschRxChEqCoefCompDynDescr)"
9190212736,11552,207216,273,1,1,12,11,1,51,0.002,0.000,,,,,NVIDIA A100-SXM4-40GB MIG 4g.20gb (0),1,,13,"void channel_eq::eqMmseSoftDemapKernel<float, __half, __half, float, (unsigned int)4, (unsigned short)16383>(channel_eq::_puschRxChEqStatDescr *, channel_eq::_puschRxChEqSoftDemapDynDescr)"
9190631932,680088,207217,1,1,1,32,32,1,30,0.000,0.000,,,,,NVIDIA A100-SXM4-40GB MIG 4g.20gb (0),1,,13,"void convert_kernel<float2, __half2>(tensor_layout_any, T1 *, tensor_layout_any, const T2 *)"
9191559121,14528,207229,2253,1,1,128,1,1,16,0.000,0.000,,,,,NVIDIA A100-SXM4-40GB MIG 4g.20gb (0),1,,13,cupy_copy__float16_float16
9191938989,5728,207238,282,1,1,128,1,1,16,0.000,0.000,,,,,NVIDIA A100-SXM4-40GB MIG 4g.20gb (0),1,,13,cupy_copy__complex64_complex64
9192285001,7296,207247,26,1,1,128,1,1,16,0.000,0.000,,,,,NVIDIA A100-SXM4-40GB MIG 4g.20gb (0),1,,13,cupy_copy__float32_float32
9192578374,9023,207256,103,1,1,128,1,1,16,0.000,0.000,,,,,NVIDIA A100-SXM4-40GB MIG 4g.20gb (0),1,,13,cupy_copy__complex64_complex64
9192923778,23391,207266,1434,1,1,128,1,1,16,0.000,0.000,,,,,NVIDIA A100-SXM4-40GB MIG 4g.20gb (0),1,,13,cupy_copy__complex64_complex64
9193064512,233661,207271,1,1,1,32,32,1,30,0.000,0.000,,,,,NVIDIA A100-SXM4-40GB MIG 4g.20gb (0),1,,13,"void convert_kernel<__half2, float2>(tensor_layout_any, T1 *, tensor_layout_any, const T2 *)"
9193331325,5504,207274,,,,,,,,,,0.094,17023.251,Pinned,Device,NVIDIA A100-SXM4-40GB MIG 4g.20gb (0),1,,13,[CUDA memcpy Host-to-Device]
9193457372,630200,207275,,,,,,,,,,456.561,724106.444,Device,,NVIDIA A100-SXM4-40GB MIG 4g.20gb (0),1,,13,[CUDA memset]
9194095316,53600,207280,,,,,,,,,,1.235,23039.115,Pinned,Device,NVIDIA A100-SXM4-40GB MIG 4g.20gb (0),1,,13,[CUDA memcpy Host-to-Device]
9194151380,10528,207281,,,,,,,,,,0.197,18674.614,Pinned,Device,NVIDIA A100-SXM4-40GB MIG 4g.20gb (0),1,,13,[CUDA memcpy Host-to-Device]
9194291538,15744,207282,69,4,1,48,1,1,76,0.002,0.000,,,,,NVIDIA A100-SXM4-40GB MIG 4g.20gb (0),1,,13,"void ch_est::windowedChEstPreNoDftSOfdmKernel<float, __half, float, (unsigned int)2, (unsigned int)1, (unsigned short)4>(ch_est::puschRxChEstStatDescr_t *, ch_est::puschRxChEstDynDescr_t *)"
9194490352,12640,207283,137,2,1,24,2,1,44,0.001,0.001,,,,,NVIDIA A100-SXM4-40GB MIG 4g.20gb (0),1,,13,"void ch_est::chEstFilterNoDftSOfdmDispatchKernel<float, __half, float, (unsigned int)2>(ch_est::puschRxChEstStatDescr_t *, ch_est::puschRxChEstDynDescr_t *)"
9194681614,11775,207284,137,2,1,24,2,1,44,0.001,0.001,,,,,NVIDIA A100-SXM4-40GB MIG 4g.20gb (0),1,,13,"void ch_est::chEstFilterNoDftSOfdmDispatchKernel<float, __half, float, (unsigned int)2>(ch_est::puschRxChEstStatDescr_t *, ch_est::puschRxChEstDynDescr_t *)"
9194871115,5184,207295,103,1,1,128,1,1,16,0.000,0.000,,,,,NVIDIA A100-SXM4-40GB MIG 4g.20gb (0),1,,13,cupy_copy__complex64_complex64
9195031914,22751,207305,1434,1,1,128,1,1,16,0.000,0.000,,,,,NVIDIA A100-SXM4-40GB MIG 4g.20gb (0),1,,13,cupy_copy__complex64_complex64
9195165352,4960,207312,103,1,1,128,1,1,16,0.000,0.000,,,,,NVIDIA A100-SXM4-40GB MIG 4g.20gb (0),1,,13,cupy_copy__complex64_complex64
9195333318,234814,207319,1,1,1,32,32,1,30,0.000,0.000,,,,,NVIDIA A100-SXM4-40GB MIG 4g.20gb (0),1,,13,"void convert_kernel<__half2, float2>(tensor_layout_any, T1 *, tensor_layout_any, const T2 *)"
9195603139,5952,207322,,,,,,,,,,0.094,15741.865,Pinned,Device,NVIDIA A100-SXM4-40GB MIG 4g.20gb (0),1,,13,[CUDA memcpy Host-to-Device]
9195746178,54175,207323,,,,,,,,,,35.810,660979.503,Device,,NVIDIA A100-SXM4-40GB MIG 4g.20gb (0),1,,13,[CUDA memset]
9195806561,4352,207325,,,,,,,,,,0.000,18.382,Pinned,Device,NVIDIA A100-SXM4-40GB MIG 4g.20gb (0),1,,13,[CUDA memcpy Host-to-Device]
9195813345,9536,207326,,,,,,,,,,0.197,20617.298,Pinned,Device,NVIDIA A100-SXM4-40GB MIG 4g.20gb (0),1,,13,[CUDA memcpy Host-to-Device]
9196136125,21600,207327,273,1,1,48,1,1,40,0.000,0.001,,,,,NVIDIA A100-SXM4-40GB MIG 4g.20gb (0),1,,13,"void pusch_noise_intf_est::noiseIntfEstNoDftSOfdmKernel<float, __half, float, float, (unsigned int)2, (unsigned int)1, (unsigned char)4, (unsigned char)4>(pusch_noise_intf_est::puschRxNoiseIntfEstDynDescr)"
9196468217,6432,207338,35,1,1,128,1,1,16,0.000,0.000,,,,,NVIDIA A100-SXM4-40GB MIG 4g.20gb (0),1,,13,cupy_copy__complex64_complex64
9196845685,5504,207347,1,1,1,1,1,1,18,0.000,0.000,,,,,NVIDIA A100-SXM4-40GB MIG 4g.20gb (0),1,,13,cupy_copy__float32_float32
9196859797,1728,207353,,,,,,,,,,0.000,2.315,Device,Pageable,NVIDIA A100-SXM4-40GB MIG 4g.20gb (0),1,,7,[CUDA memcpy Device-to-Host]
9197276368,16736,207364,1434,1,1,128,1,1,16,0.000,0.000,,,,,NVIDIA A100-SXM4-40GB MIG 4g.20gb (0),1,,13,cupy_copy__complex64_complex64
9197611340,5120,207371,103,1,1,128,1,1,16,0.000,0.000,,,,,NVIDIA A100-SXM4-40GB MIG 4g.20gb (0),1,,13,cupy_copy__complex64_complex64
9197983720,7648,207378,35,1,1,128,1,1,16,0.000,0.000,,,,,NVIDIA A100-SXM4-40GB MIG 4g.20gb (0),1,,13,cupy_copy__complex64_complex64
9198308132,3456,207385,1,1,1,1,1,1,18,0.000,0.000,,,,,NVIDIA A100-SXM4-40GB MIG 4g.20gb (0),1,,13,cupy_copy__float32_float32
9198707392,265213,207396,1,1,1,32,32,1,30,0.000,0.000,,,,,NVIDIA A100-SXM4-40GB MIG 4g.20gb (0),1,,13,"void convert_kernel<__half2, float2>(tensor_layout_any, T1 *, tensor_layout_any, const T2 *)"
9199005852,5728,207399,,,,,,,,,,0.094,16357.541,Pinned,Device,NVIDIA A100-SXM4-40GB MIG 4g.20gb (0),1,,13,[CUDA memcpy Host-to-Device]
9199393144,5984,207400,,,,,,,,,,1.547,258459.430,Device,,NVIDIA A100-SXM4-40GB MIG 4g.20gb (0),1,,13,[CUDA memset]
9199400824,3136,207405,,,,,,,,,,0.031,9979.575,Pinned,Device,NVIDIA A100-SXM4-40GB MIG 4g.20gb (0),1,,13,[CUDA memcpy Host-to-Device]
9199408024,11072,207406,,,,,,,,,,0.197,17757.045,Pinned,Device,NVIDIA A100-SXM4-40GB MIG 4g.20gb (0),1,,13,[CUDA memcpy Host-to-Device]
9199795827,9344,207407,273,1,1,8,4,1,39,0.002,0.000,,,,,NVIDIA A100-SXM4-40GB MIG 4g.20gb (0),1,,13,"void channel_eq::eqMmseCoefCompLowMimoKernel<float, float, float, (unsigned int)4, (unsigned int)1, (unsigned int)4>(const channel_eq::_puschRxChEqStatDescr *, channel_eq::_puschRxChEqCoefCompDynDescr)"
9200195119,10720,207408,273,1,1,12,11,1,51,0.002,0.000,,,,,NVIDIA A100-SXM4-40GB MIG 4g.20gb (0),1,,13,"void channel_eq::eqMmseSoftDemapKernel<float, __half, __half, float, (unsigned int)4, (unsigned short)16383>(channel_eq::_puschRxChEqStatDescr *, channel_eq::_puschRxChEqSoftDemapDynDescr)"
9200447820,675032,207409,1,1,1,32,32,1,30,0.000,0.000,,,,,NVIDIA A100-SXM4-40GB MIG 4g.20gb (0),1,,13,"void convert_kernel<float2, __half2>(tensor_layout_any, T1 *, tensor_layout_any, const T2 *)"
9201335970,14176,207421,2253,1,1,128,1,1,16,0.000,0.000,,,,,NVIDIA A100-SXM4-40GB MIG 4g.20gb (0),1,,13,cupy_copy__float16_float16
9201553119,5824,207430,282,1,1,128,1,1,16,0.000,0.000,,,,,NVIDIA A100-SXM4-40GB MIG 4g.20gb (0),1,,13,cupy_copy__complex64_complex64
9201716190,4320,207439,26,1,1,128,1,1,16,0.000,0.000,,,,,NVIDIA A100-SXM4-40GB MIG 4g.20gb (0),1,,13,cupy_copy__float32_float32
9201901147,9728,207448,103,1,1,128,1,1,16,0.000,0.000,,,,,NVIDIA A100-SXM4-40GB MIG 4g.20gb (0),1,,13,cupy_copy__complex64_complex64
9202177208,21632,207458,1434,1,1,128,1,1,16,0.000,0.000,,,,,NVIDIA A100-SXM4-40GB MIG 4g.20gb (0),1,,13,cupy_copy__complex64_complex64
9202407574,278621,207463,1,1,1,32,32,1,30,0.000,0.000,,,,,NVIDIA A100-SXM4-40GB MIG 4g.20gb (0),1,,13,"void convert_kernel<__half2, float2>(tensor_layout_any, T1 *, tensor_layout_any, const T2 *)"
9202728210,6112,207466,,,,,,,,,,0.094,15329.790,Pinned,Device,NVIDIA A100-SXM4-40GB MIG 4g.20gb (0),1,,13,[CUDA memcpy Host-to-Device]
9202995183,629465,207467,,,,,,,,,,456.561,725019.567,Device,,NVIDIA A100-SXM4-40GB MIG 4g.20gb (0),1,,13,[CUDA memset]
9203628232,55743,207472,,,,,,,,,,1.235,22153.660,Pinned,Device,NVIDIA A100-SXM4-40GB MIG 4g.20gb (0),1,,13,[CUDA memcpy Host-to-Device]
9203686471,10112,207473,,,,,,,,,,0.197,19442.958,Pinned,Device,NVIDIA A100-SXM4-40GB MIG 4g.20gb (0),1,,13,[CUDA memcpy Host-to-Device]
9203923108,17440,207474,69,4,1,48,1,1,76,0.002,0.000,,,,,NVIDIA A100-SXM4-40GB MIG 4g.20gb (0),1,,13,"void ch_est::windowedChEstPreNoDftSOfdmKernel<float, __half, float, (unsigned int)2, (unsigned int)1, (unsigned short)4>(ch_est::puschRxChEstStatDescr_t *, ch_est::puschRxChEstDynDescr_t *)"
9204220737,14592,207475,137,2,1,24,2,1,44,0.001,0.001,,,,,NVIDIA A100-SXM4-40GB MIG 4g.20gb (0),1,,13,"void ch_est::chEstFilterNoDftSOfdmDispatchKernel<float, __half, float, (unsigned int)2>(ch_est::puschRxChEstStatDescr_t *, ch_est::puschRxChEstDynDescr_t *)"
9204521118,13920,207476,137,2,1,24,2,1,44,0.001,0.001,,,,,NVIDIA A100-SXM4-40GB MIG 4g.20gb (0),1,,13,"void ch_est::chEstFilterNoDftSOfdmDispatchKernel<float, __half, float, (unsigned int)2>(ch_est::puschRxChEstStatDescr_t *, ch_est::puschRxChEstDynDescr_t *)"
9204820858,4352,207487,103,1,1,128,1,1,16,0.000,0.000,,,,,NVIDIA A100-SXM4-40GB MIG 4g.20gb (0),1,,13,cupy_copy__complex64_complex64
9205030616,16864,207497,1434,1,1,128,1,1,16,0.000,0.000,,,,,NVIDIA A100-SXM4-40GB MIG 4g.20gb (0),1,,13,cupy_copy__complex64_complex64
9205353012,5248,207504,103,1,1,128,1,1,16,0.000,0.000,,,,,NVIDIA A100-SXM4-40GB MIG 4g.20gb (0),1,,13,cupy_copy__complex64_complex64
9205684784,272221,207511,1,1,1,32,32,1,30,0.000,0.000,,,,,NVIDIA A100-SXM4-40GB MIG 4g.20gb (0),1,,13,"void convert_kernel<__half2, float2>(tensor_layout_any, T1 *, tensor_layout_any, const T2 *)"
9205987789,5696,207514,,,,,,,,,,0.094,16449.363,Pinned,Device,NVIDIA A100-SXM4-40GB MIG 4g.20gb (0),1,,13,[CUDA memcpy Host-to-Device]
9206175851,51647,207515,,,,,,,,,,35.810,693351.671,Device,,NVIDIA A100-SXM4-40GB MIG 4g.20gb (0),1,,13,[CUDA memset]
9206230506,1856,207517,,,,,,,,,,0.000,43.103,Pinned,Device,NVIDIA A100-SXM4-40GB MIG 4g.20gb (0),1,,13,[CUDA memcpy Host-to-Device]
9206237098,10080,207518,,,,,,,,,,0.197,19504.693,Pinned,Device,NVIDIA A100-SXM4-40GB MIG 4g.20gb (0),1,,13,[CUDA memcpy Host-to-Device]
9206496903,20224,207519,273,1,1,48,1,1,40,0.000,0.001,,,,,NVIDIA A100-SXM4-40GB MIG 4g.20gb (0),1,,13,"void pusch_noise_intf_est::noiseIntfEstNoDftSOfdmKernel<float, __half, float, float, (unsigned int)2, (unsigned int)1, (unsigned char)4, (unsigned char)4>(pusch_noise_intf_est::puschRxNoiseIntfEstDynDescr)"
9206741156,6304,207530,35,1,1,128,1,1,16,0.000,0.000,,,,,NVIDIA A100-SXM4-40GB MIG 4g.20gb (0),1,,13,cupy_copy__complex64_complex64
9206984482,5088,207539,1,1,1,1,1,1,18,0.000,0.000,,,,,NVIDIA A100-SXM4-40GB MIG 4g.20gb (0),1,,13,cupy_copy__float32_float32
9206996194,1599,207545,,,,,,,,,,0.000,2.502,Device,Pageable,NVIDIA A100-SXM4-40GB MIG 4g.20gb (0),1,,7,[CUDA memcpy Device-to-Host]
9207258879,16895,207556,1434,1,1,128,1,1,16,0.000,0.000,,,,,NVIDIA A100-SXM4-40GB MIG 4g.20gb (0),1,,13,cupy_copy__complex64_complex64
9207510332,5568,207563,103,1,1,128,1,1,16,0.000,0.000,,,,,NVIDIA A100-SXM4-40GB MIG 4g.20gb (0),1,,13,cupy_copy__complex64_complex64
9207706297,9728,207570,35,1,1,128,1,1,16,0.000,0.000,,,,,NVIDIA A100-SXM4-40GB MIG 4g.20gb (0),1,,13,cupy_copy__complex64_complex64
9207885303,3008,207577,1,1,1,1,1,1,18,0.000,0.000,,,,,NVIDIA A100-SXM4-40GB MIG 4g.20gb (0),1,,13,cupy_copy__float32_float32
9208114709,278973,207588,1,1,1,32,32,1,30,0.000,0.000,,,,,NVIDIA A100-SXM4-40GB MIG 4g.20gb (0),1,,13,"void convert_kernel<__half2, float2>(tensor_layout_any, T1 *, tensor_layout_any, const T2 *)"
9208424689,5504,207591,,,,,,,,,,0.094,17023.251,Pinned,Device,NVIDIA A100-SXM4-40GB MIG 4g.20gb (0),1,,13,[CUDA memcpy Host-to-Device]
9208726766,6080,207592,,,,,,,,,,1.547,254377.889,Device,,NVIDIA A100-SXM4-40GB MIG 4g.20gb (0),1,,13,[CUDA memset]
9208735886,3072,207597,,,,,,,,,,0.031,10187.474,Pinned,Device,NVIDIA A100-SXM4-40GB MIG 4g.20gb (0),1,,13,[CUDA memcpy Host-to-Device]
9208742190,9728,207598,,,,,,,,,,0.197,20210.516,Pinned,Device,NVIDIA A100-SXM4-40GB MIG 4g.20gb (0),1,,13,[CUDA memcpy Host-to-Device]
9209069066,16960,207599,273,1,1,8,4,1,39,0.002,0.000,,,,,NVIDIA A100-SXM4-40GB MIG 4g.20gb (0),1,,13,"void channel_eq::eqMmseCoefCompLowMimoKernel<float, float, float, (unsigned int)4, (unsigned int)1, (unsigned int)4>(const channel_eq::_puschRxChEqStatDescr *, channel_eq::_puschRxChEqCoefCompDynDescr)"
9209409510,11232,207600,273,1,1,12,11,1,51,0.002,0.000,,,,,NVIDIA A100-SXM4-40GB MIG 4g.20gb (0),1,,13,"void channel_eq::eqMmseSoftDemapKernel<float, __half, __half, float, (unsigned int)4, (unsigned short)16383>(channel_eq::_puschRxChEqStatDescr *, channel_eq::_puschRxChEqSoftDemapDynDescr)"
9209681091,722488,207601,1,1,1,32,32,1,30,0.000,0.000,,,,,NVIDIA A100-SXM4-40GB MIG 4g.20gb (0),1,,13,"void convert_kernel<float2, __half2>(tensor_layout_any, T1 *, tensor_layout_any, const T2 *)"
9210621112,14272,207613,2253,1,1,128,1,1,16,0.000,0.000,,,,,NVIDIA A100-SXM4-40GB MIG 4g.20gb (0),1,,13,cupy_copy__float16_float16
9210897749,5600,207622,282,1,1,128,1,1,16,0.000,0.000,,,,,NVIDIA A100-SXM4-40GB MIG 4g.20gb (0),1,,13,cupy_copy__complex64_complex64
9211145074,8352,207631,26,1,1,128,1,1,16,0.000,0.000,,,,,NVIDIA A100-SXM4-40GB MIG 4g.20gb (0),1,,13,cupy_copy__float32_float32
9211348208,12896,207640,103,1,1,128,1,1,16,0.000,0.000,,,,,NVIDIA A100-SXM4-40GB MIG 4g.20gb (0),1,,13,cupy_copy__complex64_complex64
9211540142,16864,207650,1434,1,1,128,1,1,16,0.000,0.000,,,,,NVIDIA A100-SXM4-40GB MIG 4g.20gb (0),1,,13,cupy_copy__complex64_complex64
9211753547,240798,207655,1,1,1,32,32,1,30,0.000,0.000,,,,,NVIDIA A100-SXM4-40GB MIG 4g.20gb (0),1,,13,"void convert_kernel<__half2, float2>(tensor_layout_any, T1 *, tensor_layout_any, const T2 *)"
9212025992,6048,207658,,,,,,,,,,0.094,15491.978,Pinned,Device,NVIDIA A100-SXM4-40GB MIG 4g.20gb (0),1,,13,[CUDA memcpy Host-to-Device]
9212128775,636121,207659,,,,,,,,,,456.561,717714.584,Device,,NVIDIA A100-SXM4-40GB MIG 4g.20gb (0),1,,13,[CUDA memset]
9212766304,55007,207664,,,,,,,,,,1.235,22450.047,Pinned,Device,NVIDIA A100-SXM4-40GB MIG 4g.20gb (0),1,,13,[CUDA memcpy Host-to-Device]
9212823743,10720,207665,,,,,,,,,,0.197,18340.184,Pinned,Device,NVIDIA A100-SXM4-40GB MIG 4g.20gb (0),1,,13,[CUDA memcpy Host-to-Device]
9212967998,14591,207666,69,4,1,48,1,1,76,0.002,0.000,,,,,NVIDIA A100-SXM4-40GB MIG 4g.20gb (0),1,,13,"void ch_est::windowedChEstPreNoDftSOfdmKernel<float, __half, float, (unsigned int)2, (unsigned int)1, (unsigned short)4>(ch_est::puschRxChEstStatDescr_t *, ch_est::puschRxChEstDynDescr_t *)"
9213168411,13632,207667,137,2,1,24,2,1,44,0.001,0.001,,,,,NVIDIA A100-SXM4-40GB MIG 4g.20gb (0),1,,13,"void ch_est::chEstFilterNoDftSOfdmDispatchKernel<float, __half, float, (unsigned int)2>(ch_est::puschRxChEstStatDescr_t *, ch_est::puschRxChEstDynDescr_t *)"
9213356761,12768,207668,137,2,1,24,2,1,44,0.001,0.001,,,,,NVIDIA A100-SXM4-40GB MIG 4g.20gb (0),1,,13,"void ch_est::chEstFilterNoDftSOfdmDispatchKernel<float, __half, float, (unsigned int)2>(ch_est::puschRxChEstStatDescr_t *, ch_est::puschRxChEstDynDescr_t *)"
9213543543,5024,207679,103,1,1,128,1,1,16,0.000,0.000,,,,,NVIDIA A100-SXM4-40GB MIG 4g.20gb (0),1,,13,cupy_copy__complex64_complex64
9213704501,22976,207689,1434,1,1,128,1,1,16,0.000,0.000,,,,,NVIDIA A100-SXM4-40GB MIG 4g.20gb (0),1,,13,cupy_copy__complex64_complex64
9213837556,4960,207696,103,1,1,128,1,1,16,0.000,0.000,,,,,NVIDIA A100-SXM4-40GB MIG 4g.20gb (0),1,,13,cupy_copy__complex64_complex64
9214001170,292188,207703,1,1,1,32,32,1,30,0.000,0.000,,,,,NVIDIA A100-SXM4-40GB MIG 4g.20gb (0),1,,13,"void convert_kernel<__half2, float2>(tensor_layout_any, T1 *, tensor_layout_any, const T2 *)"
9214323534,6624,207706,,,,,,,,,,0.094,14144.910,Pinned,Device,NVIDIA A100-SXM4-40GB MIG 4g.20gb (0),1,,13,[CUDA memcpy Host-to-Device]
9214739209,53152,207707,,,,,,,,,,35.810,673692.025,Device,,NVIDIA A100-SXM4-40GB MIG 4g.20gb (0),1,,13,[CUDA memset]
9214793865,2208,207709,,,,,,,,,,0.000,36.232,Pinned,Device,NVIDIA A100-SXM4-40GB MIG 4g.20gb (0),1,,13,[CUDA memcpy Host-to-Device]
9214801641,9920,207710,,,,,,,,,,0.197,19819.266,Pinned,Device,NVIDIA A100-SXM4-40GB MIG 4g.20gb (0),1,,13,[CUDA memcpy Host-to-Device]
9215083749,29088,207711,273,1,1,48,1,1,40,0.000,0.001,,,,,NVIDIA A100-SXM4-40GB MIG 4g.20gb (0),1,,13,"void pusch_noise_intf_est::noiseIntfEstNoDftSOfdmKernel<float, __half, float, float, (unsigned int)2, (unsigned int)1, (unsigned char)4, (unsigned char)4>(pusch_noise_intf_est::puschRxNoiseIntfEstDynDescr)"
9215456833,11456,207722,35,1,1,128,1,1,16,0.000,0.000,,,,,NVIDIA A100-SXM4-40GB MIG 4g.20gb (0),1,,13,cupy_copy__complex64_complex64
9215729022,5984,207731,1,1,1,1,1,1,18,0.000,0.000,,,,,NVIDIA A100-SXM4-40GB MIG 4g.20gb (0),1,,13,cupy_copy__float32_float32
9215738974,1600,207737,,,,,,,,,,0.000,2.500,Device,Pageable,NVIDIA A100-SXM4-40GB MIG 4g.20gb (0),1,,7,[CUDA memcpy Device-to-Host]
9216052986,20352,207748,1434,1,1,128,1,1,16,0.000,0.000,,,,,NVIDIA A100-SXM4-40GB MIG 4g.20gb (0),1,,13,cupy_copy__complex64_complex64
9216325783,16896,207755,103,1,1,128,1,1,16,0.000,0.000,,,,,NVIDIA A100-SXM4-40GB MIG 4g.20gb (0),1,,13,cupy_copy__complex64_complex64
9216546325,5472,207762,35,1,1,128,1,1,16,0.000,0.000,,,,,NVIDIA A100-SXM4-40GB MIG 4g.20gb (0),1,,13,cupy_copy__complex64_complex64
9216813202,4768,207769,1,1,1,1,1,1,18,0.000,0.000,,,,,NVIDIA A100-SXM4-40GB MIG 4g.20gb (0),1,,13,cupy_copy__float32_float32
9217029903,292893,207780,1,1,1,32,32,1,30,0.000,0.000,,,,,NVIDIA A100-SXM4-40GB MIG 4g.20gb (0),1,,13,"void convert_kernel<__half2, float2>(tensor_layout_any, T1 *, tensor_layout_any, const T2 *)"
9217352972,6048,207783,,,,,,,,,,0.094,15491.978,Pinned,Device,NVIDIA A100-SXM4-40GB MIG 4g.20gb (0),1,,13,[CUDA memcpy Host-to-Device]
9217620457,6720,207784,,,,,,,,,,1.547,230151.571,Device,,NVIDIA A100-SXM4-40GB MIG 4g.20gb (0),1,,13,[CUDA memset]
9217633352,3520,207789,,,,,,,,,,0.031,8890.881,Pinned,Device,NVIDIA A100-SXM4-40GB MIG 4g.20gb (0),1,,13,[CUDA memcpy Host-to-Device]
9217640424,9888,207790,,,,,,,,,,0.197,19883.360,Pinned,Device,NVIDIA A100-SXM4-40GB MIG 4g.20gb (0),1,,13,[CUDA memcpy Host-to-Device]
9217828326,24576,207791,273,1,1,8,4,1,39,0.002,0.000,,,,,NVIDIA A100-SXM4-40GB MIG 4g.20gb (0),1,,13,"void channel_eq::eqMmseCoefCompLowMimoKernel<float, float, float, (unsigned int)4, (unsigned int)1, (unsigned int)4>(const channel_eq::_puschRxChEqStatDescr *, channel_eq::_puschRxChEqCoefCompDynDescr)"
9218025572,10368,207792,273,1,1,12,11,1,51,0.002,0.000,,,,,NVIDIA A100-SXM4-40GB MIG 4g.20gb (0),1,,13,"void channel_eq::eqMmseSoftDemapKernel<float, __half, __half, float, (unsigned int)4, (unsigned short)16383>(channel_eq::_puschRxChEqStatDescr *, channel_eq::_puschRxChEqSoftDemapDynDescr)"
9218196354,550522,207793,1,1,1,32,32,1,30,0.000,0.000,,,,,NVIDIA A100-SXM4-40GB MIG 4g.20gb (0),1,,13,"void convert_kernel<float2, __half2>(tensor_layout_any, T1 *, tensor_layout_any, const T2 *)"
9218852955,12799,207805,2253,1,1,128,1,1,16,0.000,0.000,,,,,NVIDIA A100-SXM4-40GB MIG 4g.20gb (0),1,,13,cupy_copy__float16_float16
9219051864,5696,207814,282,1,1,128,1,1,16,0.000,0.000,,,,,NVIDIA A100-SXM4-40GB MIG 4g.20gb (0),1,,13,cupy_copy__complex64_complex64
9219214166,5888,207823,26,1,1,128,1,1,16,0.000,0.000,,,,,NVIDIA A100-SXM4-40GB MIG 4g.20gb (0),1,,13,cupy_copy__float32_float32
9219333365,8960,207832,103,1,1,128,1,1,16,0.000,0.000,,,,,NVIDIA A100-SXM4-40GB MIG 4g.20gb (0),1,,13,cupy_copy__complex64_complex64
9219501075,22688,207842,1434,1,1,128,1,1,16,0.000,0.000,,,,,NVIDIA A100-SXM4-40GB MIG 4g.20gb (0),1,,13,cupy_copy__complex64_complex64
9219631442,272669,207847,1,1,1,32,32,1,30,0.000,0.000,,,,,NVIDIA A100-SXM4-40GB MIG 4g.20gb (0),1,,13,"void convert_kernel<__half2, float2>(tensor_layout_any, T1 *, tensor_layout_any, const T2 *)"
9219936174,6688,207850,,,,,,,,,,0.094,14009.520,Pinned,Device,NVIDIA A100-SXM4-40GB MIG 4g.20gb (0),1,,13,[CUDA memcpy Host-to-Device]
9220158604,624313,207851,,,,,,,,,,456.561,730954.865,Device,,NVIDIA A100-SXM4-40GB MIG 4g.20gb (0),1,,13,[CUDA memset]
9220786181,56735,207856,,,,,,,,,,1.235,21765.888,Pinned,Device,NVIDIA A100-SXM4-40GB MIG 4g.20gb (0),1,,13,[CUDA memcpy Host-to-Device]
9220845700,9504,207857,,,,,,,,,,0.197,20686.701,Pinned,Device,NVIDIA A100-SXM4-40GB MIG 4g.20gb (0),1,,13,[CUDA memcpy Host-to-Device]
9221144833,10591,207858,69,4,1,48,1,1,76,0.002,0.000,,,,,NVIDIA A100-SXM4-40GB MIG 4g.20gb (0),1,,13,"void ch_est::windowedChEstPreNoDftSOfdmKernel<float, __half, float, (unsigned int)2, (unsigned int)1, (unsigned short)4>(ch_est::puschRxChEstStatDescr_t *, ch_est::puschRxChEstDynDescr_t *)"
9221450781,12832,207859,137,2,1,24,2,1,44,0.001,0.001,,,,,NVIDIA A100-SXM4-40GB MIG 4g.20gb (0),1,,13,"void ch_est::chEstFilterNoDftSOfdmDispatchKernel<float, __half, float, (unsigned int)2>(ch_est::puschRxChEstStatDescr_t *, ch_est::puschRxChEstDynDescr_t *)"
9221749850,11103,207860,137,2,1,24,2,1,44,0.001,0.001,,,,,NVIDIA A100-SXM4-40GB MIG 4g.20gb (0),1,,13,"void ch_est::chEstFilterNoDftSOfdmDispatchKernel<float, __half, float, (unsigned int)2>(ch_est::puschRxChEstStatDescr_t *, ch_est::puschRxChEstDynDescr_t *)"
9222051382,5376,207871,103,1,1,128,1,1,16,0.000,0.000,,,,,NVIDIA A100-SXM4-40GB MIG 4g.20gb (0),1,,13,cupy_copy__complex64_complex64
9222322707,24800,207881,1434,1,1,128,1,1,16,0.000,0.000,,,,,NVIDIA A100-SXM4-40GB MIG 4g.20gb (0),1,,13,cupy_copy__complex64_complex64
9222553680,5152,207888,103,1,1,128,1,1,16,0.000,0.000,,,,,NVIDIA A100-SXM4-40GB MIG 4g.20gb (0),1,,13,cupy_copy__complex64_complex64
9222823885,294077,207895,1,1,1,32,32,1,30,0.000,0.000,,,,,NVIDIA A100-SXM4-40GB MIG 4g.20gb (0),1,,13,"void convert_kernel<__half2, float2>(tensor_layout_any, T1 *, tensor_layout_any, const T2 *)"
9223147466,5536,207898,,,,,,,,,,0.094,16924.777,Pinned,Device,NVIDIA A100-SXM4-40GB MIG 4g.20gb (0),1,,13,[CUDA memcpy Host-to-Device]
9223422247,65791,207899,,,,,,,,,,35.810,544274.974,Device,,NVIDIA A100-SXM4-40GB MIG 4g.20gb (0),1,,13,[CUDA memset]
9223490534,1984,207901,,,,,,,,,,0.000,40.323,Pinned,Device,NVIDIA A100-SXM4-40GB MIG 4g.20gb (0),1,,13,[CUDA memcpy Host-to-Device]
9223495046,9440,207902,,,,,,,,,,0.197,20827.079,Pinned,Device,NVIDIA A100-SXM4-40GB MIG 4g.20gb (0),1,,13,[CUDA memcpy Host-to-Device]
9223772067,28991,207903,273,1,1,48,1,1,40,0.000,0.001,,,,,NVIDIA A100-SXM4-40GB MIG 4g.20gb (0),1,,13,"void pusch_noise_intf_est::noiseIntfEstNoDftSOfdmKernel<float, __half, float, float, (unsigned int)2, (unsigned int)1, (unsigned char)4, (unsigned char)4>(pusch_noise_intf_est::puschRxNoiseIntfEstDynDescr)"
9223909729,5984,207914,35,1,1,128,1,1,16,0.000,0.000,,,,,NVIDIA A100-SXM4-40GB MIG 4g.20gb (0),1,,13,cupy_copy__complex64_complex64
9224071743,4000,207923,1,1,1,1,1,1,18,0.000,0.000,,,,,NVIDIA A100-SXM4-40GB MIG 4g.20gb (0),1,,13,cupy_copy__float32_float32
9224082815,1600,207929,,,,,,,,,,0.000,2.500,Device,Pageable,NVIDIA A100-SXM4-40GB MIG 4g.20gb (0),1,,7,[CUDA memcpy Device-to-Host]
9224283837,15424,207940,1434,1,1,128,1,1,16,0.000,0.000,,,,,NVIDIA A100-SXM4-40GB MIG 4g.20gb (0),1,,13,cupy_copy__complex64_complex64
9224484730,5152,207947,103,1,1,128,1,1,16,0.000,0.000,,,,,NVIDIA A100-SXM4-40GB MIG 4g.20gb (0),1,,13,cupy_copy__complex64_complex64
9224648121,5920,207954,35,1,1,128,1,1,16,0.000,0.000,,,,,NVIDIA A100-SXM4-40GB MIG 4g.20gb (0),1,,13,cupy_copy__complex64_complex64
9224767319,3744,207961,1,1,1,1,1,1,18,0.000,0.000,,,,,NVIDIA A100-SXM4-40GB MIG 4g.20gb (0),1,,13,cupy_copy__float32_float32
9224926965,239358,207972,1,1,1,32,32,1,30,0.000,0.000,,,,,NVIDIA A100-SXM4-40GB MIG 4g.20gb (0),1,,13,"void convert_kernel<__half2, float2>(tensor_layout_any, T1 *, tensor_layout_any, const T2 *)"
9225196498,5472,207975,,,,,,,,,,0.094,17122.757,Pinned,Device,NVIDIA A100-SXM4-40GB MIG 4g.20gb (0),1,,13,[CUDA memcpy Host-to-Device]
9225332849,6880,207976,,,,,,,,,,1.547,224798.705,Device,,NVIDIA A100-SXM4-40GB MIG 4g.20gb (0),1,,13,[CUDA memset]
9225347697,3424,207981,,,,,,,,,,0.031,9140.185,Pinned,Device,NVIDIA A100-SXM4-40GB MIG 4g.20gb (0),1,,13,[CUDA memcpy Host-to-Device]
9225353937,9631,207982,,,,,,,,,,0.197,20414.005,Pinned,Device,NVIDIA A100-SXM4-40GB MIG 4g.20gb (0),1,,13,[CUDA memcpy Host-to-Device]
9225531119,23679,207983,273,1,1,8,4,1,39,0.002,0.000,,,,,NVIDIA A100-SXM4-40GB MIG 4g.20gb (0),1,,13,"void channel_eq::eqMmseCoefCompLowMimoKernel<float, float, float, (unsigned int)4, (unsigned int)1, (unsigned int)4>(const channel_eq::_puschRxChEqStatDescr *, channel_eq::_puschRxChEqCoefCompDynDescr)"
9225953162,11296,207984,273,1,1,12,11,1,51,0.002,0.000,,,,,NVIDIA A100-SXM4-40GB MIG 4g.20gb (0),1,,13,"void channel_eq::eqMmseSoftDemapKernel<float, __half, __half, float, (unsigned int)4, (unsigned short)16383>(channel_eq::_puschRxChEqStatDescr *, channel_eq::_puschRxChEqSoftDemapDynDescr)"
9226251014,648889,207985,1,1,1,32,32,1,30,0.000,0.000,,,,,NVIDIA A100-SXM4-40GB MIG 4g.20gb (0),1,,13,"void convert_kernel<float2, __half2>(tensor_layout_any, T1 *, tensor_layout_any, const T2 *)"
9227248475,23072,207997,2253,1,1,128,1,1,16,0.000,0.000,,,,,NVIDIA A100-SXM4-40GB MIG 4g.20gb (0),1,,13,cupy_copy__float16_float16
9227479320,6304,208006,282,1,1,128,1,1,16,0.000,0.000,,,,,NVIDIA A100-SXM4-40GB MIG 4g.20gb (0),1,,13,cupy_copy__complex64_complex64
9227924179,5504,208015,26,1,1,128,1,1,16,0.000,0.000,,,,,NVIDIA A100-SXM4-40GB MIG 4g.20gb (0),1,,13,cupy_copy__float32_float32
9228355662,11808,208024,103,1,1,128,1,1,16,0.000,0.000,,,,,NVIDIA A100-SXM4-40GB MIG 4g.20gb (0),1,,13,cupy_copy__complex64_complex64
9228738314,21344,208034,1434,1,1,128,1,1,16,0.000,0.000,,,,,NVIDIA A100-SXM4-40GB MIG 4g.20gb (0),1,,13,cupy_copy__complex64_complex64
9229220133,222301,208039,1,1,1,32,32,1,30,0.000,0.000,,,,,NVIDIA A100-SXM4-40GB MIG 4g.20gb (0),1,,13,"void convert_kernel<__half2, float2>(tensor_layout_any, T1 *, tensor_layout_any, const T2 *)"
9229472194,6720,208042,,,,,,,,,,0.094,13942.808,Pinned,Device,NVIDIA A100-SXM4-40GB MIG 4g.20gb (0),1,,13,[CUDA memcpy Host-to-Device]
9229807390,627929,208043,,,,,,,,,,456.561,726845.812,Device,,NVIDIA A100-SXM4-40GB MIG 4g.20gb (0),1,,13,[CUDA memset]
9230435991,58399,208048,,,,,,,,,,1.235,21145.946,Pinned,Device,NVIDIA A100-SXM4-40GB MIG 4g.20gb (0),1,,13,[CUDA memcpy Host-to-Device]
9230496822,9984,208049,,,,,,,,,,0.197,19692.257,Pinned,Device,NVIDIA A100-SXM4-40GB MIG 4g.20gb (0),1,,13,[CUDA memcpy Host-to-Device]
9230898802,13567,208050,69,4,1,48,1,1,76,0.002,0.000,,,,,NVIDIA A100-SXM4-40GB MIG 4g.20gb (0),1,,13,"void ch_est::windowedChEstPreNoDftSOfdmKernel<float, __half, float, (unsigned int)2, (unsigned int)1, (unsigned short)4>(ch_est::puschRxChEstStatDescr_t *, ch_est::puschRxChEstDynDescr_t *)"
9231267213,12800,208051,137,2,1,24,2,1,44,0.001,0.001,,,,,NVIDIA A100-SXM4-40GB MIG 4g.20gb (0),1,,13,"void ch_est::chEstFilterNoDftSOfdmDispatchKernel<float, __half, float, (unsigned int)2>(ch_est::puschRxChEstStatDescr_t *, ch_est::puschRxChEstDynDescr_t *)"
9231626601,11200,208052,137,2,1,24,2,1,44,0.001,0.001,,,,,NVIDIA A100-SXM4-40GB MIG 4g.20gb (0),1,,13,"void ch_est::chEstFilterNoDftSOfdmDispatchKernel<float, __half, float, (unsigned int)2>(ch_est::puschRxChEstStatDescr_t *, ch_est::puschRxChEstDynDescr_t *)"
9231985989,5344,208063,103,1,1,128,1,1,16,0.000,0.000,,,,,NVIDIA A100-SXM4-40GB MIG 4g.20gb (0),1,,13,cupy_copy__complex64_complex64
9232327585,17344,208073,1434,1,1,128,1,1,16,0.000,0.000,,,,,NVIDIA A100-SXM4-40GB MIG 4g.20gb (0),1,,13,cupy_copy__complex64_complex64
9232489951,15072,208080,103,1,1,128,1,1,16,0.000,0.000,,,,,NVIDIA A100-SXM4-40GB MIG 4g.20gb (0),1,,13,cupy_copy__complex64_complex64
9232596126,254077,208087,1,1,1,32,32,1,30,0.000,0.000,,,,,NVIDIA A100-SXM4-40GB MIG 4g.20gb (0),1,,13,"void convert_kernel<__half2, float2>(tensor_layout_any, T1 *, tensor_layout_any, const T2 *)"
9232880315,5536,208090,,,,,,,,,,0.094,16924.777,Pinned,Device,NVIDIA A100-SXM4-40GB MIG 4g.20gb (0),1,,13,[CUDA memcpy Host-to-Device]
9233117400,52064,208091,,,,,,,,,,35.810,687801.133,Device,,NVIDIA A100-SXM4-40GB MIG 4g.20gb (0),1,,13,[CUDA memset]
9233173784,1888,208093,,,,,,,,,,0.000,42.373,Pinned,Device,NVIDIA A100-SXM4-40GB MIG 4g.20gb (0),1,,13,[CUDA memcpy Host-to-Device]
9233178328,10431,208094,,,,,,,,,,0.197,18848.416,Pinned,Device,NVIDIA A100-SXM4-40GB MIG 4g.20gb (0),1,,13,[CUDA memcpy Host-to-Device]
9233466548,17440,208095,273,1,1,48,1,1,40,0.000,0.001,,,,,NVIDIA A100-SXM4-40GB MIG 4g.20gb (0),1,,13,"void pusch_noise_intf_est::noiseIntfEstNoDftSOfdmKernel<float, __half, float, float, (unsigned int)2, (unsigned int)1, (unsigned char)4, (unsigned char)4>(pusch_noise_intf_est::puschRxNoiseIntfEstDynDescr)"
9233746769,6144,208106,35,1,1,128,1,1,16,0.000,0.000,,,,,NVIDIA A100-SXM4-40GB MIG 4g.20gb (0),1,,13,cupy_copy__complex64_complex64
9234007086,3616,208115,1,1,1,1,1,1,18,0.000,0.000,,,,,NVIDIA A100-SXM4-40GB MIG 4g.20gb (0),1,,13,cupy_copy__float32_float32
9234013070,1600,208121,,,,,,,,,,0.000,2.500,Device,Pageable,NVIDIA A100-SXM4-40GB MIG 4g.20gb (0),1,,7,[CUDA memcpy Device-to-Host]
9234300779,19104,208132,1434,1,1,128,1,1,16,0.000,0.000,,,,,NVIDIA A100-SXM4-40GB MIG 4g.20gb (0),1,,13,cupy_copy__complex64_complex64
9234587592,5407,208139,103,1,1,128,1,1,16,0.000,0.000,,,,,NVIDIA A100-SXM4-40GB MIG 4g.20gb (0),1,,13,cupy_copy__complex64_complex64
9234852197,6463,208146,35,1,1,128,1,1,16,0.000,0.000,,,,,NVIDIA A100-SXM4-40GB MIG 4g.20gb (0),1,,13,cupy_copy__complex64_complex64
9235103970,4832,208153,1,1,1,1,1,1,18,0.000,0.000,,,,,NVIDIA A100-SXM4-40GB MIG 4g.20gb (0),1,,13,cupy_copy__float32_float32
9235309343,275901,208164,1,1,1,32,32,1,30,0.000,0.000,,,,,NVIDIA A100-SXM4-40GB MIG 4g.20gb (0),1,,13,"void convert_kernel<__half2, float2>(tensor_layout_any, T1 *, tensor_layout_any, const T2 *)"
9235614652,5760,208167,,,,,,,,,,0.094,16266.656,Pinned,Device,NVIDIA A100-SXM4-40GB MIG 4g.20gb (0),1,,13,[CUDA memcpy Host-to-Device]
9235866233,17632,208168,,,,,,,,,,1.547,87716.780,Device,,NVIDIA A100-SXM4-40GB MIG 4g.20gb (0),1,,13,[CUDA memset]
9235888377,3392,208173,,,,,,,,,,0.031,9226.405,Pinned,Device,NVIDIA A100-SXM4-40GB MIG 4g.20gb (0),1,,13,[CUDA memcpy Host-to-Device]
9235894233,9760,208174,,,,,,,,,,0.197,20144.259,Pinned,Device,NVIDIA A100-SXM4-40GB MIG 4g.20gb (0),1,,13,[CUDA memcpy Host-to-Device]
9236058935,27455,208175,273,1,1,8,4,1,39,0.002,0.000,,,,,NVIDIA A100-SXM4-40GB MIG 4g.20gb (0),1,,13,"void channel_eq::eqMmseCoefCompLowMimoKernel<float, float, float, (unsigned int)4, (unsigned int)1, (unsigned int)4>(const channel_eq::_puschRxChEqStatDescr *, channel_eq::_puschRxChEqCoefCompDynDescr)"
9236153110,11712,208176,273,1,1,12,11,1,51,0.002,0.000,,,,,NVIDIA A100-SXM4-40GB MIG 4g.20gb (0),1,,13,"void channel_eq::eqMmseSoftDemapKernel<float, __half, __half, float, (unsigned int)4, (unsigned short)16383>(channel_eq::_puschRxChEqStatDescr *, channel_eq::_puschRxChEqSoftDemapDynDescr)"
9236314548,558842,208177,1,1,1,32,32,1,30,0.000,0.000,,,,,NVIDIA A100-SXM4-40GB MIG 4g.20gb (0),1,,13,"void convert_kernel<float2, __half2>(tensor_layout_any, T1 *, tensor_layout_any, const T2 *)"
9236975532,20320,208189,2253,1,1,128,1,1,16,0.000,0.000,,,,,NVIDIA A100-SXM4-40GB MIG 4g.20gb (0),1,,13,cupy_copy__float16_float16
9237083371,5120,208198,282,1,1,128,1,1,16,0.000,0.000,,,,,NVIDIA A100-SXM4-40GB MIG 4g.20gb (0),1,,13,cupy_copy__complex64_complex64
9237219370,15615,208207,26,1,1,128,1,1,16,0.000,0.000,,,,,NVIDIA A100-SXM4-40GB MIG 4g.20gb (0),1,,13,cupy_copy__float32_float32
9237301225,10112,208216,103,1,1,128,1,1,16,0.000,0.000,,,,,NVIDIA A100-SXM4-40GB MIG 4g.20gb (0),1,,13,cupy_copy__complex64_complex64
9237402280,16287,208226,1434,1,1,128,1,1,16,0.000,0.000,,,,,NVIDIA A100-SXM4-40GB MIG 4g.20gb (0),1,,13,cupy_copy__complex64_complex64
9237543526,254301,208231,1,1,1,32,32,1,30,0.000,0.000,,,,,NVIDIA A100-SXM4-40GB MIG 4g.20gb (0),1,,13,"void convert_kernel<__half2, float2>(tensor_layout_any, T1 *, tensor_layout_any, const T2 *)"
9237827779,7072,208234,,,,,,,,,,0.094,13248.802,Pinned,Device,NVIDIA A100-SXM4-40GB MIG 4g.20gb (0),1,,13,[CUDA memcpy Host-to-Device]
9238028448,640281,208235,,,,,,,,,,456.561,712692.408,Device,,NVIDIA A100-SXM4-40GB MIG 4g.20gb (0),1,,13,[CUDA memset]
9238669849,59039,208240,,,,,,,,,,1.235,20916.247,Pinned,Device,NVIDIA A100-SXM4-40GB MIG 4g.20gb (0),1,,13,[CUDA memcpy Host-to-Device]
9238731640,9824,208241,,,,,,,,,,0.197,20012.925,Pinned,Device,NVIDIA A100-SXM4-40GB MIG 4g.20gb (0),1,,13,[CUDA memcpy Host-to-Device]
9239025589,17632,208242,69,4,1,48,1,1,76,0.002,0.000,,,,,NVIDIA A100-SXM4-40GB MIG 4g.20gb (0),1,,13,"void ch_est::windowedChEstPreNoDftSOfdmKernel<float, __half, float, (unsigned int)2, (unsigned int)1, (unsigned short)4>(ch_est::puschRxChEstStatDescr_t *, ch_est::puschRxChEstDynDescr_t *)"
9239349649,15968,208243,137,2,1,24,2,1,44,0.001,0.001,,,,,NVIDIA A100-SXM4-40GB MIG 4g.20gb (0),1,,13,"void ch_est::chEstFilterNoDftSOfdmDispatchKernel<float, __half, float, (unsigned int)2>(ch_est::puschRxChEstStatDescr_t *, ch_est::puschRxChEstDynDescr_t *)"
9239619470,29888,208244,137,2,1,24,2,1,44,0.001,0.001,,,,,NVIDIA A100-SXM4-40GB MIG 4g.20gb (0),1,,13,"void ch_est::chEstFilterNoDftSOfdmDispatchKernel<float, __half, float, (unsigned int)2>(ch_est::puschRxChEstStatDescr_t *, ch_est::puschRxChEstDynDescr_t *)"
9239812748,5184,208255,103,1,1,128,1,1,16,0.000,0.000,,,,,NVIDIA A100-SXM4-40GB MIG 4g.20gb (0),1,,13,cupy_copy__complex64_complex64
9240147272,16864,208265,1434,1,1,128,1,1,16,0.000,0.000,,,,,NVIDIA A100-SXM4-40GB MIG 4g.20gb (0),1,,13,cupy_copy__complex64_complex64
9240471525,6016,208272,103,1,1,128,1,1,16,0.000,0.000,,,,,NVIDIA A100-SXM4-40GB MIG 4g.20gb (0),1,,13,cupy_copy__complex64_complex64
9240736706,311036,208279,1,1,1,32,32,1,30,0.000,0.000,,,,,NVIDIA A100-SXM4-40GB MIG 4g.20gb (0),1,,13,"void convert_kernel<__half2, float2>(tensor_layout_any, T1 *, tensor_layout_any, const T2 *)"
9241076990,5760,208282,,,,,,,,,,0.094,16266.656,Pinned,Device,NVIDIA A100-SXM4-40GB MIG 4g.20gb (0),1,,13,[CUDA memcpy Host-to-Device]
9241395610,55199,208283,,,,,,,,,,35.810,648732.511,Device,,NVIDIA A100-SXM4-40GB MIG 4g.20gb (0),1,,13,[CUDA memset]
9241456441,2208,208285,,,,,,,,,,0.000,36.232,Pinned,Device,NVIDIA A100-SXM4-40GB MIG 4g.20gb (0),1,,13,[CUDA memcpy Host-to-Device]
9241462265,9504,208286,,,,,,,,,,0.197,20686.701,Pinned,Device,NVIDIA A100-SXM4-40GB MIG 4g.20gb (0),1,,13,[CUDA memcpy Host-to-Device]
9241776150,17472,208287,273,1,1,48,1,1,40,0.000,0.001,,,,,NVIDIA A100-SXM4-40GB MIG 4g.20gb (0),1,,13,"void pusch_noise_intf_est::noiseIntfEstNoDftSOfdmKernel<float, __half, float, float, (unsigned int)2, (unsigned int)1, (unsigned char)4, (unsigned char)4>(pusch_noise_intf_est::puschRxNoiseIntfEstDynDescr)"
9242106770,9024,208298,35,1,1,128,1,1,16,0.000,0.000,,,,,NVIDIA A100-SXM4-40GB MIG 4g.20gb (0),1,,13,cupy_copy__complex64_complex64
9242359983,3616,208307,1,1,1,1,1,1,18,0.000,0.000,,,,,NVIDIA A100-SXM4-40GB MIG 4g.20gb (0),1,,13,cupy_copy__float32_float32
9242368239,3136,208313,,,,,,,,,,0.000,1.276,Device,Pageable,NVIDIA A100-SXM4-40GB MIG 4g.20gb (0),1,,7,[CUDA memcpy Device-to-Host]
9242613868,16768,208324,1434,1,1,128,1,1,16,0.000,0.000,,,,,NVIDIA A100-SXM4-40GB MIG 4g.20gb (0),1,,13,cupy_copy__complex64_complex64
9242874825,4768,208331,103,1,1,128,1,1,16,0.000,0.000,,,,,NVIDIA A100-SXM4-40GB MIG 4g.20gb (0),1,,13,cupy_copy__complex64_complex64
9243101671,8416,208338,35,1,1,128,1,1,16,0.000,0.000,,,,,NVIDIA A100-SXM4-40GB MIG 4g.20gb (0),1,,13,cupy_copy__complex64_complex64
9243216165,4384,208345,1,1,1,1,1,1,18,0.000,0.000,,,,,NVIDIA A100-SXM4-40GB MIG 4g.20gb (0),1,,13,cupy_copy__float32_float32
9243325476,258717,208356,1,1,1,32,32,1,30,0.000,0.000,,,,,NVIDIA A100-SXM4-40GB MIG 4g.20gb (0),1,,13,"void convert_kernel<__half2, float2>(tensor_layout_any, T1 *, tensor_layout_any, const T2 *)"
9243614433,7872,208359,,,,,,,,,,0.094,11902.390,Pinned,Device,NVIDIA A100-SXM4-40GB MIG 4g.20gb (0),1,,13,[CUDA memcpy Host-to-Device]
9243739039,16192,208360,,,,,,,,,,1.547,95516.405,Device,,NVIDIA A100-SXM4-40GB MIG 4g.20gb (0),1,,13,[CUDA memset]
9243760895,3360,208365,,,,,,,,,,0.031,9314.284,Pinned,Device,NVIDIA A100-SXM4-40GB MIG 4g.20gb (0),1,,13,[CUDA memcpy Host-to-Device]
9243766911,9632,208366,,,,,,,,,,0.197,20411.843,Pinned,Device,NVIDIA A100-SXM4-40GB MIG 4g.20gb (0),1,,13,[CUDA memcpy Host-to-Device]
9243918717,27808,208367,273,1,1,8,4,1,39,0.002,0.000,,,,,NVIDIA A100-SXM4-40GB MIG 4g.20gb (0),1,,13,"void channel_eq::eqMmseCoefCompLowMimoKernel<float, float, float, (unsigned int)4, (unsigned int)1, (unsigned int)4>(const channel_eq::_puschRxChEqStatDescr *, channel_eq::_puschRxChEqCoefCompDynDescr)"
9244028220,12512,208368,273,1,1,12,11,1,51,0.002,0.000,,,,,NVIDIA A100-SXM4-40GB MIG 4g.20gb (0),1,,13,"void channel_eq::eqMmseSoftDemapKernel<float, __half, __half, float, (unsigned int)4, (unsigned short)16383>(channel_eq::_puschRxChEqStatDescr *, channel_eq::_puschRxChEqSoftDemapDynDescr)"
9244286169,708728,208369,1,1,1,32,32,1,30,0.000,0.000,,,,,NVIDIA A100-SXM4-40GB MIG 4g.20gb (0),1,,13,"void convert_kernel<float2, __half2>(tensor_layout_any, T1 *, tensor_layout_any, const T2 *)"
9245192335,22624,208381,2253,1,1,128,1,1,16,0.000,0.000,,,,,NVIDIA A100-SXM4-40GB MIG 4g.20gb (0),1,,13,cupy_copy__float16_float16
9245414988,6112,208390,282,1,1,128,1,1,16,0.000,0.000,,,,,NVIDIA A100-SXM4-40GB MIG 4g.20gb (0),1,,13,cupy_copy__complex64_complex64
9245689929,4608,208399,26,1,1,128,1,1,16,0.000,0.000,,,,,NVIDIA A100-SXM4-40GB MIG 4g.20gb (0),1,,13,cupy_copy__float32_float32
9245945190,12512,208408,103,1,1,128,1,1,16,0.000,0.000,,,,,NVIDIA A100-SXM4-40GB MIG 4g.20gb (0),1,,13,cupy_copy__complex64_complex64
9246153124,17920,208418,1434,1,1,128,1,1,16,0.000,0.000,,,,,NVIDIA A100-SXM4-40GB MIG 4g.20gb (0),1,,13,cupy_copy__complex64_complex64
9246357410,287292,208423,1,1,1,32,32,1,30,0.000,0.000,,,,,NVIDIA A100-SXM4-40GB MIG 4g.20gb (0),1,,13,"void convert_kernel<__half2, float2>(tensor_layout_any, T1 *, tensor_layout_any, const T2 *)"
9246676798,7072,208426,,,,,,,,,,0.094,13248.802,Pinned,Device,NVIDIA A100-SXM4-40GB MIG 4g.20gb (0),1,,13,[CUDA memcpy Host-to-Device]
9246924187,633785,208427,,,,,,,,,,456.561,719997.391,Device,,NVIDIA A100-SXM4-40GB MIG 4g.20gb (0),1,,13,[CUDA memset]
9247561396,57983,208432,,,,,,,,,,1.235,21297.844,Pinned,Device,NVIDIA A100-SXM4-40GB MIG 4g.20gb (0),1,,13,[CUDA memcpy Host-to-Device]
9247624371,10752,208433,,,,,,,,,,0.197,18285.527,Pinned,Device,NVIDIA A100-SXM4-40GB MIG 4g.20gb (0),1,,13,[CUDA memcpy Host-to-Device]
9248096494,15520,208434,69,4,1,48,1,1,76,0.002,0.000,,,,,NVIDIA A100-SXM4-40GB MIG 4g.20gb (0),1,,13,"void ch_est::windowedChEstPreNoDftSOfdmKernel<float, __half, float, (unsigned int)2, (unsigned int)1, (unsigned short)4>(ch_est::puschRxChEstStatDescr_t *, ch_est::puschRxChEstDynDescr_t *)"
9248290604,29919,208435,137,2,1,24,2,1,44,0.001,0.001,,,,,NVIDIA A100-SXM4-40GB MIG 4g.20gb (0),1,,13,"void ch_est::chEstFilterNoDftSOfdmDispatchKernel<float, __half, float, (unsigned int)2>(ch_est::puschRxChEstStatDescr_t *, ch_est::puschRxChEstDynDescr_t *)"
9248652519,11264,208436,137,2,1,24,2,1,44,0.001,0.001,,,,,NVIDIA A100-SXM4-40GB MIG 4g.20gb (0),1,,13,"void ch_est::chEstFilterNoDftSOfdmDispatchKernel<float, __half, float, (unsigned int)2>(ch_est::puschRxChEstStatDescr_t *, ch_est::puschRxChEstDynDescr_t *)"
9248853669,5152,208447,103,1,1,128,1,1,16,0.000,0.000,,,,,NVIDIA A100-SXM4-40GB MIG 4g.20gb (0),1,,13,cupy_copy__complex64_complex64
9249017731,16544,208457,1434,1,1,128,1,1,16,0.000,0.000,,,,,NVIDIA A100-SXM4-40GB MIG 4g.20gb (0),1,,13,cupy_copy__complex64_complex64
9249208833,4864,208464,103,1,1,128,1,1,16,0.000,0.000,,,,,NVIDIA A100-SXM4-40GB MIG 4g.20gb (0),1,,13,cupy_copy__complex64_complex64
9249354592,248093,208471,1,1,1,32,32,1,30,0.000,0.000,,,,,NVIDIA A100-SXM4-40GB MIG 4g.20gb (0),1,,13,"void convert_kernel<__half2, float2>(tensor_layout_any, T1 *, tensor_layout_any, const T2 *)"
9249633404,8064,208474,,,,,,,,,,0.094,11618.960,Pinned,Device,NVIDIA A100-SXM4-40GB MIG 4g.20gb (0),1,,13,[CUDA memcpy Host-to-Device]
9249814138,59776,208475,,,,,,,,,,35.810,599064.152,Device,,NVIDIA A100-SXM4-40GB MIG 4g.20gb (0),1,,13,[CUDA memset]
9249877082,2048,208477,,,,,,,,,,0.000,39.062,Pinned,Device,NVIDIA A100-SXM4-40GB MIG 4g.20gb (0),1,,13,[CUDA memcpy Host-to-Device]
9249884281,10240,208478,,,,,,,,,,0.197,19199.951,Pinned,Device,NVIDIA A100-SXM4-40GB MIG 4g.20gb (0),1,,13,[CUDA memcpy Host-to-Device]
9250173654,18752,208479,273,1,1,48,1,1,40,0.000,0.001,,,,,NVIDIA A100-SXM4-40GB MIG 4g.20gb (0),1,,13,"void pusch_noise_intf_est::noiseIntfEstNoDftSOfdmKernel<float, __half, float, float, (unsigned int)2, (unsigned int)1, (unsigned char)4, (unsigned char)4>(pusch_noise_intf_est::puschRxNoiseIntfEstDynDescr)"
9250479827,6144,208490,35,1,1,128,1,1,16,0.000,0.000,,,,,NVIDIA A100-SXM4-40GB MIG 4g.20gb (0),1,,13,cupy_copy__complex64_complex64
9250763375,3808,208499,1,1,1,1,1,1,18,0.000,0.000,,,,,NVIDIA A100-SXM4-40GB MIG 4g.20gb (0),1,,13,cupy_copy__float32_float32
9250773071,1664,208505,,,,,,,,,,0.000,2.404,Device,Pageable,NVIDIA A100-SXM4-40GB MIG 4g.20gb (0),1,,7,[CUDA memcpy Device-to-Host]
9251081228,17152,208516,1434,1,1,128,1,1,16,0.000,0.000,,,,,NVIDIA A100-SXM4-40GB MIG 4g.20gb (0),1,,13,cupy_copy__complex64_complex64
9251393256,5632,208523,103,1,1,128,1,1,16,0.000,0.000,,,,,NVIDIA A100-SXM4-40GB MIG 4g.20gb (0),1,,13,cupy_copy__complex64_complex64
9251684037,7392,208530,35,1,1,128,1,1,16,0.000,0.000,,,,,NVIDIA A100-SXM4-40GB MIG 4g.20gb (0),1,,13,cupy_copy__complex64_complex64
9251960994,5504,208537,1,1,1,1,1,1,18,0.000,0.000,,,,,NVIDIA A100-SXM4-40GB MIG 4g.20gb (0),1,,13,cupy_copy__float32_float32
9252191135,224958,208548,1,1,1,32,32,1,30,0.000,0.000,,,,,NVIDIA A100-SXM4-40GB MIG 4g.20gb (0),1,,13,"void convert_kernel<__half2, float2>(tensor_layout_any, T1 *, tensor_layout_any, const T2 *)"
9252447516,7296,208551,,,,,,,,,,0.094,12842.067,Pinned,Device,NVIDIA A100-SXM4-40GB MIG 4g.20gb (0),1,,13,[CUDA memcpy Host-to-Device]
9252694393,17696,208552,,,,,,,,,,1.547,87398.176,Device,,NVIDIA A100-SXM4-40GB MIG 4g.20gb (0),1,,13,[CUDA memset]
9252715577,4256,208557,,,,,,,,,,0.031,7353.371,Pinned,Device,NVIDIA A100-SXM4-40GB MIG 4g.20gb (0),1,,13,[CUDA memcpy Host-to-Device]
9252722617,12032,208558,,,,,,,,,,0.197,16340.287,Pinned,Device,NVIDIA A100-SXM4-40GB MIG 4g.20gb (0),1,,13,[CUDA memcpy Host-to-Device]
9253001142,28160,208559,273,1,1,8,4,1,39,0.002,0.000,,,,,NVIDIA A100-SXM4-40GB MIG 4g.20gb (0),1,,13,"void channel_eq::eqMmseCoefCompLowMimoKernel<float, float, float, (unsigned int)4, (unsigned int)1, (unsigned int)4>(const channel_eq::_puschRxChEqStatDescr *, channel_eq::_puschRxChEqCoefCompDynDescr)"
9253115701,12224,208560,273,1,1,12,11,1,51,0.002,0.000,,,,,NVIDIA A100-SXM4-40GB MIG 4g.20gb (0),1,,13,"void channel_eq::eqMmseSoftDemapKernel<float, __half, __half, float, (unsigned int)4, (unsigned short)16383>(channel_eq::_puschRxChEqStatDescr *, channel_eq::_puschRxChEqSoftDemapDynDescr)"
9253293075,573721,208561,1,1,1,32,32,1,30,0.000,0.000,,,,,NVIDIA A100-SXM4-40GB MIG 4g.20gb (0),1,,13,"void convert_kernel<float2, __half2>(tensor_layout_any, T1 *, tensor_layout_any, const T2 *)"
9254037098,15392,208573,2253,1,1,128,1,1,16,0.000,0.000,,,,,NVIDIA A100-SXM4-40GB MIG 4g.20gb (0),1,,13,cupy_copy__float16_float16
9254226600,17824,208582,282,1,1,128,1,1,16,0.000,0.000,,,,,NVIDIA A100-SXM4-40GB MIG 4g.20gb (0),1,,13,cupy_copy__complex64_complex64
9254391622,5344,208591,26,1,1,128,1,1,16,0.000,0.000,,,,,NVIDIA A100-SXM4-40GB MIG 4g.20gb (0),1,,13,cupy_copy__float32_float32
9254583012,9472,208600,103,1,1,128,1,1,16,0.000,0.000,,,,,NVIDIA A100-SXM4-40GB MIG 4g.20gb (0),1,,13,cupy_copy__complex64_complex64
9254834753,19328,208610,1434,1,1,128,1,1,16,0.000,0.000,,,,,NVIDIA A100-SXM4-40GB MIG 4g.20gb (0),1,,13,cupy_copy__complex64_complex64
9255144702,297372,208615,1,1,1,32,32,1,30,0.000,0.000,,,,,NVIDIA A100-SXM4-40GB MIG 4g.20gb (0),1,,13,"void convert_kernel<__half2, float2>(tensor_layout_any, T1 *, tensor_layout_any, const T2 *)"
9255474106,10048,208618,,,,,,,,,,0.094,9324.813,Pinned,Device,NVIDIA A100-SXM4-40GB MIG 4g.20gb (0),1,,13,[CUDA memcpy Host-to-Device]
9255799734,615129,208619,,,,,,,,,,456.561,741912.340,Device,,NVIDIA A100-SXM4-40GB MIG 4g.20gb (0),1,,13,[CUDA memset]
9256419055,72223,208624,,,,,,,,,,1.235,17099.035,Pinned,Device,NVIDIA A100-SXM4-40GB MIG 4g.20gb (0),1,,13,[CUDA memcpy Host-to-Device]
9256494062,15808,208625,,,,,,,,,,0.197,12437.225,Pinned,Device,NVIDIA A100-SXM4-40GB MIG 4g.20gb (0),1,,13,[CUDA memcpy Host-to-Device]
9256765163,12320,208626,69,4,1,48,1,1,76,0.002,0.000,,,,,NVIDIA A100-SXM4-40GB MIG 4g.20gb (0),1,,13,"void ch_est::windowedChEstPreNoDftSOfdmKernel<float, __half, float, (unsigned int)2, (unsigned int)1, (unsigned short)4>(ch_est::puschRxChEstStatDescr_t *, ch_est::puschRxChEstDynDescr_t *)"
9257109383,8992,208627,137,2,1,24,2,1,44,0.001,0.001,,,,,NVIDIA A100-SXM4-40GB MIG 4g.20gb (0),1,,13,"void ch_est::chEstFilterNoDftSOfdmDispatchKernel<float, __half, float, (unsigned int)2>(ch_est::puschRxChEstStatDescr_t *, ch_est::puschRxChEstDynDescr_t *)"
9257450819,12864,208628,137,2,1,24,2,1,44,0.001,0.001,,,,,NVIDIA A100-SXM4-40GB MIG 4g.20gb (0),1,,13,"void ch_est::chEstFilterNoDftSOfdmDispatchKernel<float, __half, float, (unsigned int)2>(ch_est::puschRxChEstStatDescr_t *, ch_est::puschRxChEstDynDescr_t *)"
9257793567,5472,208639,103,1,1,128,1,1,16,0.000,0.000,,,,,NVIDIA A100-SXM4-40GB MIG 4g.20gb (0),1,,13,cupy_copy__complex64_complex64
9258107772,174686,208649,1434,1,1,128,1,1,16,0.000,0.000,,,,,NVIDIA A100-SXM4-40GB MIG 4g.20gb (0),1,,13,cupy_copy__complex64_complex64
9258600118,13824,208656,103,1,1,128,1,1,16,0.000,0.000,,,,,NVIDIA A100-SXM4-40GB MIG 4g.20gb (0),1,,13,cupy_copy__complex64_complex64
9258865107,255133,208663,1,1,1,32,32,1,30,0.000,0.000,,,,,NVIDIA A100-SXM4-40GB MIG 4g.20gb (0),1,,13,"void convert_kernel<__half2, float2>(tensor_layout_any, T1 *, tensor_layout_any, const T2 *)"
9259151632,9312,208666,,,,,,,,,,0.094,10061.826,Pinned,Device,NVIDIA A100-SXM4-40GB MIG 4g.20gb (0),1,,13,[CUDA memcpy Host-to-Device]
9259352590,54463,208667,,,,,,,,,,35.810,657505.941,Device,,NVIDIA A100-SXM4-40GB MIG 4g.20gb (0),1,,13,[CUDA memset]
9259415533,2176,208669,,,,,,,,,,0.000,36.765,Pinned,Device,NVIDIA A100-SXM4-40GB MIG 4g.20gb (0),1,,13,[CUDA memcpy Host-to-Device]
9259420141,9472,208670,,,,,,,,,,0.197,20756.693,Pinned,Device,NVIDIA A100-SXM4-40GB MIG 4g.20gb (0),1,,13,[CUDA memcpy Host-to-Device]
9259611115,27423,208671,273,1,1,48,1,1,40,0.000,0.001,,,,,NVIDIA A100-SXM4-40GB MIG 4g.20gb (0),1,,13,"void pusch_noise_intf_est::noiseIntfEstNoDftSOfdmKernel<float, __half, float, float, (unsigned int)2, (unsigned int)1, (unsigned char)4, (unsigned char)4>(pusch_noise_intf_est::puschRxNoiseIntfEstDynDescr)"
9259802953,7520,208682,35,1,1,128,1,1,16,0.000,0.000,,,,,NVIDIA A100-SXM4-40GB MIG 4g.20gb (0),1,,13,cupy_copy__complex64_complex64
9259958567,3680,208691,1,1,1,1,1,1,18,0.000,0.000,,,,,NVIDIA A100-SXM4-40GB MIG 4g.20gb (0),1,,13,cupy_copy__float32_float32
9259968487,1824,208697,,,,,,,,,,0.000,2.193,Device,Pageable,NVIDIA A100-SXM4-40GB MIG 4g.20gb (0),1,,7,[CUDA memcpy Device-to-Host]
9260170148,14976,208708,1434,1,1,128,1,1,16,0.000,0.000,,,,,NVIDIA A100-SXM4-40GB MIG 4g.20gb (0),1,,13,cupy_copy__complex64_complex64
9260369762,4992,208715,103,1,1,128,1,1,16,0.000,0.000,,,,,NVIDIA A100-SXM4-40GB MIG 4g.20gb (0),1,,13,cupy_copy__complex64_complex64
9260527136,7712,208722,35,1,1,128,1,1,16,0.000,0.000,,,,,NVIDIA A100-SXM4-40GB MIG 4g.20gb (0),1,,13,cupy_copy__complex64_complex64
9260645279,3456,208729,1,1,1,1,1,1,18,0.000,0.000,,,,,NVIDIA A100-SXM4-40GB MIG 4g.20gb (0),1,,13,cupy_copy__float32_float32
9260739838,249309,208740,1,1,1,32,32,1,30,0.000,0.000,,,,,NVIDIA A100-SXM4-40GB MIG 4g.20gb (0),1,,13,"void convert_kernel<__half2, float2>(tensor_layout_any, T1 *, tensor_layout_any, const T2 *)"
9261020635,5504,208743,,,,,,,,,,0.094,17023.251,Pinned,Device,NVIDIA A100-SXM4-40GB MIG 4g.20gb (0),1,,13,[CUDA memcpy Host-to-Device]
9261207865,6752,208744,,,,,,,,,,1.547,229061.201,Device,,NVIDIA A100-SXM4-40GB MIG 4g.20gb (0),1,,13,[CUDA memset]
9261217721,7679,208749,,,,,,,,,,0.031,4075.522,Pinned,Device,NVIDIA A100-SXM4-40GB MIG 4g.20gb (0),1,,13,[CUDA memcpy Host-to-Device]
9261227896,9984,208750,,,,,,,,,,0.197,19692.257,Pinned,Device,NVIDIA A100-SXM4-40GB MIG 4g.20gb (0),1,,13,[CUDA memcpy Host-to-Device]
9261406582,23200,208751,273,1,1,8,4,1,39,0.002,0.000,,,,,NVIDIA A100-SXM4-40GB MIG 4g.20gb (0),1,,13,"void channel_eq::eqMmseCoefCompLowMimoKernel<float, float, float, (unsigned int)4, (unsigned int)1, (unsigned int)4>(const channel_eq::_puschRxChEqStatDescr *, channel_eq::_puschRxChEqCoefCompDynDescr)"
9261661203,11200,208752,273,1,1,12,11,1,51,0.002,0.000,,,,,NVIDIA A100-SXM4-40GB MIG 4g.20gb (0),1,,13,"void channel_eq::eqMmseSoftDemapKernel<float, __half, __half, float, (unsigned int)4, (unsigned short)16383>(channel_eq::_puschRxChEqStatDescr *, channel_eq::_puschRxChEqSoftDemapDynDescr)"
9261948784,726904,208753,1,1,1,32,32,1,30,0.000,0.000,,,,,NVIDIA A100-SXM4-40GB MIG 4g.20gb (0),1,,13,"void convert_kernel<float2, __half2>(tensor_layout_any, T1 *, tensor_layout_any, const T2 *)"
9262905925,22816,208765,2253,1,1,128,1,1,16,0.000,0.000,,,,,NVIDIA A100-SXM4-40GB MIG 4g.20gb (0),1,,13,cupy_copy__float16_float16
9263116323,5632,208774,282,1,1,128,1,1,16,0.000,0.000,,,,,NVIDIA A100-SXM4-40GB MIG 4g.20gb (0),1,,13,cupy_copy__complex64_complex64
9263352544,8032,208783,26,1,1,128,1,1,16,0.000,0.000,,,,,NVIDIA A100-SXM4-40GB MIG 4g.20gb (0),1,,13,cupy_copy__float32_float32
9263549470,5984,208792,103,1,1,128,1,1,16,0.000,0.000,,,,,NVIDIA A100-SXM4-40GB MIG 4g.20gb (0),1,,13,cupy_copy__complex64_complex64
9264102808,17087,208802,1434,1,1,128,1,1,16,0.000,0.000,,,,,NVIDIA A100-SXM4-40GB MIG 4g.20gb (0),1,,13,cupy_copy__complex64_complex64
9264378101,228189,208807,1,1,1,32,32,1,30,0.000,0.000,,,,,NVIDIA A100-SXM4-40GB MIG 4g.20gb (0),1,,13,"void convert_kernel<__half2, float2>(tensor_layout_any, T1 *, tensor_layout_any, const T2 *)"
9264636562,8960,208810,,,,,,,,,,0.094,10457.129,Pinned,Device,NVIDIA A100-SXM4-40GB MIG 4g.20gb (0),1,,13,[CUDA memcpy Host-to-Device]
9265013165,616985,208811,,,,,,,,,,456.561,739629.533,Device,,NVIDIA A100-SXM4-40GB MIG 4g.20gb (0),1,,13,[CUDA memset]
9265632870,59168,208816,,,,,,,,,,1.235,20871.789,Pinned,Device,NVIDIA A100-SXM4-40GB MIG 4g.20gb (0),1,,13,[CUDA memcpy Host-to-Device]
9265694566,10143,208817,,,,,,,,,,0.197,19383.583,Pinned,Device,NVIDIA A100-SXM4-40GB MIG 4g.20gb (0),1,,13,[CUDA memcpy Host-to-Device]
9265834532,16352,208818,69,4,1,48,1,1,76,0.002,0.000,,,,,NVIDIA A100-SXM4-40GB MIG 4g.20gb (0),1,,13,"void ch_est::windowedChEstPreNoDftSOfdmKernel<float, __half, float, (unsigned int)2, (unsigned int)1, (unsigned short)4>(ch_est::puschRxChEstStatDescr_t *, ch_est::puschRxChEstDynDescr_t *)"
9266033602,13152,208819,137,2,1,24,2,1,44,0.001,0.001,,,,,NVIDIA A100-SXM4-40GB MIG 4g.20gb (0),1,,13,"void ch_est::chEstFilterNoDftSOfdmDispatchKernel<float, __half, float, (unsigned int)2>(ch_est::puschRxChEstStatDescr_t *, ch_est::puschRxChEstDynDescr_t *)"
9266221120,14687,208820,137,2,1,24,2,1,44,0.001,0.001,,,,,NVIDIA A100-SXM4-40GB MIG 4g.20gb (0),1,,13,"void ch_est::chEstFilterNoDftSOfdmDispatchKernel<float, __half, float, (unsigned int)2>(ch_est::puschRxChEstStatDescr_t *, ch_est::puschRxChEstDynDescr_t *)"
9266410493,5312,208831,103,1,1,128,1,1,16,0.000,0.000,,,,,NVIDIA A100-SXM4-40GB MIG 4g.20gb (0),1,,13,cupy_copy__complex64_complex64
9266568892,22847,208841,1434,1,1,128,1,1,16,0.000,0.000,,,,,NVIDIA A100-SXM4-40GB MIG 4g.20gb (0),1,,13,cupy_copy__complex64_complex64
9266698682,4960,208848,103,1,1,128,1,1,16,0.000,0.000,,,,,NVIDIA A100-SXM4-40GB MIG 4g.20gb (0),1,,13,cupy_copy__complex64_complex64
9266926936,279420,208855,1,1,1,32,32,1,30,0.000,0.000,,,,,NVIDIA A100-SXM4-40GB MIG 4g.20gb (0),1,,13,"void convert_kernel<__half2, float2>(tensor_layout_any, T1 *, tensor_layout_any, const T2 *)"
9267235700,9216,208858,,,,,,,,,,0.094,10166.578,Pinned,Device,NVIDIA A100-SXM4-40GB MIG 4g.20gb (0),1,,13,[CUDA memcpy Host-to-Device]
9267510193,50815,208859,,,,,,,,,,35.810,704703.416,Device,,NVIDIA A100-SXM4-40GB MIG 4g.20gb (0),1,,13,[CUDA memset]
9267562800,4608,208861,,,,,,,,,,0.000,17.361,Pinned,Device,NVIDIA A100-SXM4-40GB MIG 4g.20gb (0),1,,13,[CUDA memcpy Host-to-Device]
9267570704,10144,208862,,,,,,,,,,0.197,19381.617,Pinned,Device,NVIDIA A100-SXM4-40GB MIG 4g.20gb (0),1,,13,[CUDA memcpy Host-to-Device]
9267770318,17440,208863,273,1,1,48,1,1,40,0.000,0.001,,,,,NVIDIA A100-SXM4-40GB MIG 4g.20gb (0),1,,13,"void pusch_noise_intf_est::noiseIntfEstNoDftSOfdmKernel<float, __half, float, float, (unsigned int)2, (unsigned int)1, (unsigned char)4, (unsigned char)4>(pusch_noise_intf_est::puschRxNoiseIntfEstDynDescr)"
9268067723,5056,208874,35,1,1,128,1,1,16,0.000,0.000,,,,,NVIDIA A100-SXM4-40GB MIG 4g.20gb (0),1,,13,cupy_copy__complex64_complex64
9268333032,5567,208883,1,1,1,1,1,1,18,0.000,0.000,,,,,NVIDIA A100-SXM4-40GB MIG 4g.20gb (0),1,,13,cupy_copy__float32_float32
9268343495,1600,208889,,,,,,,,,,0.000,2.500,Device,Pageable,NVIDIA A100-SXM4-40GB MIG 4g.20gb (0),1,,7,[CUDA memcpy Device-to-Host]
9268656036,16224,208900,1434,1,1,128,1,1,16,0.000,0.000,,,,,NVIDIA A100-SXM4-40GB MIG 4g.20gb (0),1,,13,cupy_copy__complex64_complex64
9268965312,5344,208907,103,1,1,128,1,1,16,0.000,0.000,,,,,NVIDIA A100-SXM4-40GB MIG 4g.20gb (0),1,,13,cupy_copy__complex64_complex64
9269244157,8832,208914,35,1,1,128,1,1,16,0.000,0.000,,,,,NVIDIA A100-SXM4-40GB MIG 4g.20gb (0),1,,13,cupy_copy__complex64_complex64
9269551226,3552,208921,1,1,1,1,1,1,18,0.000,0.000,,,,,NVIDIA A100-SXM4-40GB MIG 4g.20gb (0),1,,13,cupy_copy__float32_float32
9269821239,289052,208932,1,1,1,32,32,1,30,0.000,0.000,,,,,NVIDIA A100-SXM4-40GB MIG 4g.20gb (0),1,,13,"void convert_kernel<__half2, float2>(tensor_layout_any, T1 *, tensor_layout_any, const T2 *)"
9270144243,8640,208935,,,,,,,,,,0.094,10844.375,Pinned,Device,NVIDIA A100-SXM4-40GB MIG 4g.20gb (0),1,,13,[CUDA memcpy Host-to-Device]
9270341713,7584,208936,,,,,,,,,,1.547,203931.654,Device,,NVIDIA A100-SXM4-40GB MIG 4g.20gb (0),1,,13,[CUDA memset]
9270353681,6591,208941,,,,,,,,,,0.031,4748.292,Pinned,Device,NVIDIA A100-SXM4-40GB MIG 4g.20gb (0),1,,13,[CUDA memcpy Host-to-Device]
9270363600,14752,208942,,,,,,,,,,0.197,13327.466,Pinned,Device,NVIDIA A100-SXM4-40GB MIG 4g.20gb (0),1,,13,[CUDA memcpy Host-to-Device]
9270641549,26144,208943,273,1,1,8,4,1,39,0.002,0.000,,,,,NVIDIA A100-SXM4-40GB MIG 4g.20gb (0),1,,13,"void channel_eq::eqMmseCoefCompLowMimoKernel<float, float, float, (unsigned int)4, (unsigned int)1, (unsigned int)4>(const channel_eq::_puschRxChEqStatDescr *, channel_eq::_puschRxChEqCoefCompDynDescr)"
9270921930,12256,208944,273,1,1,12,11,1,51,0.002,0.000,,,,,NVIDIA A100-SXM4-40GB MIG 4g.20gb (0),1,,13,"void channel_eq::eqMmseSoftDemapKernel<float, __half, __half, float, (unsigned int)4, (unsigned short)16383>(channel_eq::_puschRxChEqStatDescr *, channel_eq::_puschRxChEqSoftDemapDynDescr)"
9271224743,672568,208945,1,1,1,32,32,1,30,0.000,0.000,,,,,NVIDIA A100-SXM4-40GB MIG 4g.20gb (0),1,,13,"void convert_kernel<float2, __half2>(tensor_layout_any, T1 *, tensor_layout_any, const T2 *)"
9272174364,14048,208957,2253,1,1,128,1,1,16,0.000,0.000,,,,,NVIDIA A100-SXM4-40GB MIG 4g.20gb (0),1,,13,cupy_copy__float16_float16
9272536088,5600,208966,282,1,1,128,1,1,16,0.000,0.000,,,,,NVIDIA A100-SXM4-40GB MIG 4g.20gb (0),1,,13,cupy_copy__complex64_complex64
9272901268,4384,208975,26,1,1,128,1,1,16,0.000,0.000,,,,,NVIDIA A100-SXM4-40GB MIG 4g.20gb (0),1,,13,cupy_copy__float32_float32
9273238352,10592,208984,103,1,1,128,1,1,16,0.000,0.000,,,,,NVIDIA A100-SXM4-40GB MIG 4g.20gb (0),1,,13,cupy_copy__complex64_complex64
9273541452,17376,208994,1434,1,1,128,1,1,16,0.000,0.000,,,,,NVIDIA A100-SXM4-40GB MIG 4g.20gb (0),1,,13,cupy_copy__complex64_complex64
9273912744,291069,208999,1,1,1,32,32,1,30,0.000,0.000,,,,,NVIDIA A100-SXM4-40GB MIG 4g.20gb (0),1,,13,"void convert_kernel<__half2, float2>(tensor_layout_any, T1 *, tensor_layout_any, const T2 *)"
9274234884,5472,209002,,,,,,,,,,0.094,17122.757,Pinned,Device,NVIDIA A100-SXM4-40GB MIG 4g.20gb (0),1,,13,[CUDA memcpy Host-to-Device]
9274482594,605529,209003,,,,,,,,,,456.561,753782.937,Device,,NVIDIA A100-SXM4-40GB MIG 4g.20gb (0),1,,13,[CUDA memset]
9275090971,62559,209008,,,,,,,,,,1.235,19739.345,Pinned,Device,NVIDIA A100-SXM4-40GB MIG 4g.20gb (0),1,,13,[CUDA memcpy Host-to-Device]
9275156058,13248,209009,,,,,,,,,,0.197,14840.562,Pinned,Device,NVIDIA A100-SXM4-40GB MIG 4g.20gb (0),1,,13,[CUDA memcpy Host-to-Device]
9275360984,12415,209010,69,4,1,48,1,1,76,0.002,0.000,,,,,NVIDIA A100-SXM4-40GB MIG 4g.20gb (0),1,,13,"void ch_est::windowedChEstPreNoDftSOfdmKernel<float, __half, float, (unsigned int)2, (unsigned int)1, (unsigned short)4>(ch_est::puschRxChEstStatDescr_t *, ch_est::puschRxChEstDynDescr_t *)"
9275645620,15552,209011,137,2,1,24,2,1,44,0.001,0.001,,,,,NVIDIA A100-SXM4-40GB MIG 4g.20gb (0),1,,13,"void ch_est::chEstFilterNoDftSOfdmDispatchKernel<float, __half, float, (unsigned int)2>(ch_est::puschRxChEstStatDescr_t *, ch_est::puschRxChEstDynDescr_t *)"
9275923601,11424,209012,137,2,1,24,2,1,44,0.001,0.001,,,,,NVIDIA A100-SXM4-40GB MIG 4g.20gb (0),1,,13,"void ch_est::chEstFilterNoDftSOfdmDispatchKernel<float, __half, float, (unsigned int)2>(ch_est::puschRxChEstStatDescr_t *, ch_est::puschRxChEstDynDescr_t *)"
9276202798,5056,209023,103,1,1,128,1,1,16,0.000,0.000,,,,,NVIDIA A100-SXM4-40GB MIG 4g.20gb (0),1,,13,cupy_copy__complex64_complex64
9276385580,24992,209033,1434,1,1,128,1,1,16,0.000,0.000,,,,,NVIDIA A100-SXM4-40GB MIG 4g.20gb (0),1,,13,cupy_copy__complex64_complex64
9276517514,4800,209040,103,1,1,128,1,1,16,0.000,0.000,,,,,NVIDIA A100-SXM4-40GB MIG 4g.20gb (0),1,,13,cupy_copy__complex64_complex64
9276681161,241565,209047,1,1,1,32,32,1,30,0.000,0.000,,,,,NVIDIA A100-SXM4-40GB MIG 4g.20gb (0),1,,13,"void convert_kernel<__half2, float2>(tensor_layout_any, T1 *, tensor_layout_any, const T2 *)"
9276952613,5440,209050,,,,,,,,,,0.094,17223.480,Pinned,Device,NVIDIA A100-SXM4-40GB MIG 4g.20gb (0),1,,13,[CUDA memcpy Host-to-Device]
9277082340,53279,209051,,,,,,,,,,35.810,672116.388,Device,,NVIDIA A100-SXM4-40GB MIG 4g.20gb (0),1,,13,[CUDA memset]
9277139523,3392,209053,,,,,,,,,,0.000,23.585,Pinned,Device,NVIDIA A100-SXM4-40GB MIG 4g.20gb (0),1,,13,[CUDA memcpy Host-to-Device]
9277145795,9504,209054,,,,,,,,,,0.197,20686.701,Pinned,Device,NVIDIA A100-SXM4-40GB MIG 4g.20gb (0),1,,13,[CUDA memcpy Host-to-Device]
9277308001,30144,209055,273,1,1,48,1,1,40,0.000,0.001,,,,,NVIDIA A100-SXM4-40GB MIG 4g.20gb (0),1,,13,"void pusch_noise_intf_est::noiseIntfEstNoDftSOfdmKernel<float, __half, float, float, (unsigned int)2, (unsigned int)1, (unsigned char)4, (unsigned char)4>(pusch_noise_intf_est::puschRxNoiseIntfEstDynDescr)"
9277406784,7072,209066,35,1,1,128,1,1,16,0.000,0.000,,,,,NVIDIA A100-SXM4-40GB MIG 4g.20gb (0),1,,13,cupy_copy__complex64_complex64
9277558431,3360,209075,1,1,1,1,1,1,18,0.000,0.000,,,,,NVIDIA A100-SXM4-40GB MIG 4g.20gb (0),1,,13,cupy_copy__float32_float32
9277562655,6431,209081,,,,,,,,,,0.000,0.622,Device,Pageable,NVIDIA A100-SXM4-40GB MIG 4g.20gb (0),1,,7,[CUDA memcpy Device-to-Host]
9277709981,16032,209092,1434,1,1,128,1,1,16,0.000,0.000,,,,,NVIDIA A100-SXM4-40GB MIG 4g.20gb (0),1,,13,cupy_copy__complex64_complex64
9277851675,16224,209099,103,1,1,128,1,1,16,0.000,0.000,,,,,NVIDIA A100-SXM4-40GB MIG 4g.20gb (0),1,,13,cupy_copy__complex64_complex64
9277940154,5344,209106,35,1,1,128,1,1,16,0.000,0.000,,,,,NVIDIA A100-SXM4-40GB MIG 4g.20gb (0),1,,13,cupy_copy__complex64_complex64
9278042777,2816,209113,1,1,1,1,1,1,18,0.000,0.000,,,,,NVIDIA A100-SXM4-40GB MIG 4g.20gb (0),1,,13,cupy_copy__float32_float32
9278101752,266045,209124,1,1,1,32,32,1,30,0.000,0.000,,,,,NVIDIA A100-SXM4-40GB MIG 4g.20gb (0),1,,13,"void convert_kernel<__half2, float2>(tensor_layout_any, T1 *, tensor_layout_any, const T2 *)"
9278398485,12064,209127,,,,,,,,,,0.094,7766.555,Pinned,Device,NVIDIA A100-SXM4-40GB MIG 4g.20gb (0),1,,13,[CUDA memcpy Host-to-Device]
9278734865,20864,209128,,,,,,,,,,1.547,74128.142,Device,,NVIDIA A100-SXM4-40GB MIG 4g.20gb (0),1,,13,[CUDA memset]
9278755313,4832,209133,,,,,,,,,,0.031,6476.801,Pinned,Device,NVIDIA A100-SXM4-40GB MIG 4g.20gb (0),1,,13,[CUDA memcpy Host-to-Device]
9278767697,13600,209134,,,,,,,,,,0.197,14456.390,Pinned,Device,NVIDIA A100-SXM4-40GB MIG 4g.20gb (0),1,,13,[CUDA memcpy Host-to-Device]
9279203596,17248,209135,273,1,1,8,4,1,39,0.002,0.000,,,,,NVIDIA A100-SXM4-40GB MIG 4g.20gb (0),1,,13,"void channel_eq::eqMmseCoefCompLowMimoKernel<float, float, float, (unsigned int)4, (unsigned int)1, (unsigned int)4>(const channel_eq::_puschRxChEqStatDescr *, channel_eq::_puschRxChEqCoefCompDynDescr)"
9279619655,14432,209136,273,1,1,12,11,1,51,0.002,0.000,,,,,NVIDIA A100-SXM4-40GB MIG 4g.20gb (0),1,,13,"void channel_eq::eqMmseSoftDemapKernel<float, __half, __half, float, (unsigned int)4, (unsigned short)16383>(channel_eq::_puschRxChEqStatDescr *, channel_eq::_puschRxChEqSoftDemapDynDescr)"
9279947747,672953,209137,1,1,1,32,32,1,30,0.000,0.000,,,,,NVIDIA A100-SXM4-40GB MIG 4g.20gb (0),1,,13,"void convert_kernel<float2, __half2>(tensor_layout_any, T1 *, tensor_layout_any, const T2 *)"
9281034839,19232,209149,2253,1,1,128,1,1,16,0.000,0.000,,,,,NVIDIA A100-SXM4-40GB MIG 4g.20gb (0),1,,13,cupy_copy__float16_float16
9281533457,10208,209158,282,1,1,128,1,1,16,0.000,0.000,,,,,NVIDIA A100-SXM4-40GB MIG 4g.20gb (0),1,,13,cupy_copy__complex64_complex64
9281953453,6815,209167,26,1,1,128,1,1,16,0.000,0.000,,,,,NVIDIA A100-SXM4-40GB MIG 4g.20gb (0),1,,13,cupy_copy__float32_float32
9282358984,4768,209176,103,1,1,128,1,1,16,0.000,0.000,,,,,NVIDIA A100-SXM4-40GB MIG 4g.20gb (0),1,,13,cupy_copy__complex64_complex64
9282857986,16512,209186,1434,1,1,128,1,1,16,0.000,0.000,,,,,NVIDIA A100-SXM4-40GB MIG 4g.20gb (0),1,,13,cupy_copy__complex64_complex64
9283260286,240573,209191,1,1,1,32,32,1,30,0.000,0.000,,,,,NVIDIA A100-SXM4-40GB MIG 4g.20gb (0),1,,13,"void convert_kernel<__half2, float2>(tensor_layout_any, T1 *, tensor_layout_any, const T2 *)"
9283531067,8736,209194,,,,,,,,,,0.094,10725.194,Pinned,Device,NVIDIA A100-SXM4-40GB MIG 4g.20gb (0),1,,13,[CUDA memcpy Host-to-Device]
9283888567,612729,209195,,,,,,,,,,456.561,745108.270,Device,,NVIDIA A100-SXM4-40GB MIG 4g.20gb (0),1,,13,[CUDA memset]
9284509391,63584,209200,,,,,,,,,,1.235,19421.964,Pinned,Device,NVIDIA A100-SXM4-40GB MIG 4g.20gb (0),1,,13,[CUDA memcpy Host-to-Device]
9284579791,13280,209201,,,,,,,,,,0.197,14804.779,Pinned,Device,NVIDIA A100-SXM4-40GB MIG 4g.20gb (0),1,,13,[CUDA memcpy Host-to-Device]
9284892331,13760,209202,69,4,1,48,1,1,76,0.002,0.000,,,,,NVIDIA A100-SXM4-40GB MIG 4g.20gb (0),1,,13,"void ch_est::windowedChEstPreNoDftSOfdmKernel<float, __half, float, (unsigned int)2, (unsigned int)1, (unsigned short)4>(ch_est::puschRxChEstStatDescr_t *, ch_est::puschRxChEstDynDescr_t *)"
9285286279,14239,209203,137,2,1,24,2,1,44,0.001,0.001,,,,,NVIDIA A100-SXM4-40GB MIG 4g.20gb (0),1,,13,"void ch_est::chEstFilterNoDftSOfdmDispatchKernel<float, __half, float, (unsigned int)2>(ch_est::puschRxChEstStatDescr_t *, ch_est::puschRxChEstDynDescr_t *)"
9285509796,24000,209204,137,2,1,24,2,1,44,0.001,0.001,,,,,NVIDIA A100-SXM4-40GB MIG 4g.20gb (0),1,,13,"void ch_est::chEstFilterNoDftSOfdmDispatchKernel<float, __half, float, (unsigned int)2>(ch_est::puschRxChEstStatDescr_t *, ch_est::puschRxChEstDynDescr_t *)"
9285805057,5696,209215,103,1,1,128,1,1,16,0.000,0.000,,,,,NVIDIA A100-SXM4-40GB MIG 4g.20gb (0),1,,13,cupy_copy__complex64_complex64
9286119005,23904,209225,1434,1,1,128,1,1,16,0.000,0.000,,,,,NVIDIA A100-SXM4-40GB MIG 4g.20gb (0),1,,13,cupy_copy__complex64_complex64
9286391226,5248,209232,103,1,1,128,1,1,16,0.000,0.000,,,,,NVIDIA A100-SXM4-40GB MIG 4g.20gb (0),1,,13,cupy_copy__complex64_complex64
9286667319,270621,209239,1,1,1,32,32,1,30,0.000,0.000,,,,,NVIDIA A100-SXM4-40GB MIG 4g.20gb (0),1,,13,"void convert_kernel<__half2, float2>(tensor_layout_any, T1 *, tensor_layout_any, const T2 *)"
9286968563,10080,209242,,,,,,,,,,0.094,9295.205,Pinned,Device,NVIDIA A100-SXM4-40GB MIG 4g.20gb (0),1,,13,[CUDA memcpy Host-to-Device]
9287270704,48895,209243,,,,,,,,,,35.810,732348.674,Device,,NVIDIA A100-SXM4-40GB MIG 4g.20gb (0),1,,13,[CUDA memset]
9287326191,6944,209245,,,,,,,,,,0.000,11.521,Pinned,Device,NVIDIA A100-SXM4-40GB MIG 4g.20gb (0),1,,13,[CUDA memcpy Host-to-Device]
9287336143,9440,209246,,,,,,,,,,0.197,20827.079,Pinned,Device,NVIDIA A100-SXM4-40GB MIG 4g.20gb (0),1,,13,[CUDA memcpy Host-to-Device]
9287655660,22719,209247,273,1,1,48,1,1,40,0.000,0.001,,,,,NVIDIA A100-SXM4-40GB MIG 4g.20gb (0),1,,13,"void pusch_noise_intf_est::noiseIntfEstNoDftSOfdmKernel<float, __half, float, float, (unsigned int)2, (unsigned int)1, (unsigned char)4, (unsigned char)4>(pusch_noise_intf_est::puschRxNoiseIntfEstDynDescr)"
9287995656,4160,209258,35,1,1,128,1,1,16,0.000,0.000,,,,,NVIDIA A100-SXM4-40GB MIG 4g.20gb (0),1,,13,cupy_copy__complex64_complex64
9288257477,3424,209267,1,1,1,1,1,1,18,0.000,0.000,,,,,NVIDIA A100-SXM4-40GB MIG 4g.20gb (0),1,,13,cupy_copy__float32_float32
9288265381,5376,209273,,,,,,,,,,0.000,0.744,Device,Pageable,NVIDIA A100-SXM4-40GB MIG 4g.20gb (0),1,,7,[CUDA memcpy Device-to-Host]
9288597441,16896,209284,1434,1,1,128,1,1,16,0.000,0.000,,,,,NVIDIA A100-SXM4-40GB MIG 4g.20gb (0),1,,13,cupy_copy__complex64_complex64
9288944797,5760,209291,103,1,1,128,1,1,16,0.000,0.000,,,,,NVIDIA A100-SXM4-40GB MIG 4g.20gb (0),1,,13,cupy_copy__complex64_complex64
9289258233,8192,209298,35,1,1,128,1,1,16,0.000,0.000,,,,,NVIDIA A100-SXM4-40GB MIG 4g.20gb (0),1,,13,cupy_copy__complex64_complex64
9289409656,3904,209305,1,1,1,1,1,1,18,0.000,0.000,,,,,NVIDIA A100-SXM4-40GB MIG 4g.20gb (0),1,,13,cupy_copy__float32_float32
9289567222,232765,209316,1,1,1,32,32,1,30,0.000,0.000,,,,,NVIDIA A100-SXM4-40GB MIG 4g.20gb (0),1,,13,"void convert_kernel<__half2, float2>(tensor_layout_any, T1 *, tensor_layout_any, const T2 *)"
9289830547,5632,209319,,,,,,,,,,0.094,16636.287,Pinned,Device,NVIDIA A100-SXM4-40GB MIG 4g.20gb (0),1,,13,[CUDA memcpy Host-to-Device]
9290017809,16000,209320,,,,,,,,,,1.547,96664.000,Device,,NVIDIA A100-SXM4-40GB MIG 4g.20gb (0),1,,13,[CUDA memset]
9290040657,6047,209325,,,,,,,,,,0.031,5175.451,Pinned,Device,NVIDIA A100-SXM4-40GB MIG 4g.20gb (0),1,,13,[CUDA memcpy Host-to-Device]
9290050448,9632,209326,,,,,,,,,,0.197,20411.843,Pinned,Device,NVIDIA A100-SXM4-40GB MIG 4g.20gb (0),1,,13,[CUDA memcpy Host-to-Device]
9290242638,16768,209327,273,1,1,8,4,1,39,0.002,0.000,,,,,NVIDIA A100-SXM4-40GB MIG 4g.20gb (0),1,,13,"void channel_eq::eqMmseCoefCompLowMimoKernel<float, float, float, (unsigned int)4, (unsigned int)1, (unsigned int)4>(const channel_eq::_puschRxChEqStatDescr *, channel_eq::_puschRxChEqCoefCompDynDescr)"
9290500427,10816,209328,273,1,1,12,11,1,51,0.002,0.000,,,,,NVIDIA A100-SXM4-40GB MIG 4g.20gb (0),1,,13,"void channel_eq::eqMmseSoftDemapKernel<float, __half, __half, float, (unsigned int)4, (unsigned short)16383>(channel_eq::_puschRxChEqStatDescr *, channel_eq::_puschRxChEqSoftDemapDynDescr)"
9290745065,643608,209329,1,1,1,32,32,1,30,0.000,0.000,,,,,NVIDIA A100-SXM4-40GB MIG 4g.20gb (0),1,,13,"void convert_kernel<float2, __half2>(tensor_layout_any, T1 *, tensor_layout_any, const T2 *)"
9291666942,18368,209341,2253,1,1,128,1,1,16,0.000,0.000,,,,,NVIDIA A100-SXM4-40GB MIG 4g.20gb (0),1,,13,cupy_copy__float16_float16
9292088985,9376,209350,282,1,1,128,1,1,16,0.000,0.000,,,,,NVIDIA A100-SXM4-40GB MIG 4g.20gb (0),1,,13,cupy_copy__complex64_complex64
9292442741,11104,209359,26,1,1,128,1,1,16,0.000,0.000,,,,,NVIDIA A100-SXM4-40GB MIG 4g.20gb (0),1,,13,cupy_copy__float32_float32
9292785425,4960,209368,103,1,1,128,1,1,16,0.000,0.000,,,,,NVIDIA A100-SXM4-40GB MIG 4g.20gb (0),1,,13,cupy_copy__complex64_complex64
9293203533,16543,209378,1434,1,1,128,1,1,16,0.000,0.000,,,,,NVIDIA A100-SXM4-40GB MIG 4g.20gb (0),1,,13,cupy_copy__complex64_complex64
9293631976,264765,209383,1,1,1,32,32,1,30,0.000,0.000,,,,,NVIDIA A100-SXM4-40GB MIG 4g.20gb (0),1,,13,"void convert_kernel<__half2, float2>(tensor_layout_any, T1 *, tensor_layout_any, const T2 *)"
9293926436,10368,209386,,,,,,,,,,0.094,9036.979,Pinned,Device,NVIDIA A100-SXM4-40GB MIG 4g.20gb (0),1,,13,[CUDA memcpy Host-to-Device]
9294289216,614521,209387,,,,,,,,,,456.561,742825.463,Device,,NVIDIA A100-SXM4-40GB MIG 4g.20gb (0),1,,13,[CUDA memset]
9294908313,58463,209392,,,,,,,,,,1.235,21122.482,Pinned,Device,NVIDIA A100-SXM4-40GB MIG 4g.20gb (0),1,,13,[CUDA memcpy Host-to-Device]
9294969496,13152,209393,,,,,,,,,,0.197,14948.893,Pinned,Device,NVIDIA A100-SXM4-40GB MIG 4g.20gb (0),1,,13,[CUDA memcpy Host-to-Device]
9295314101,13535,209394,69,4,1,48,1,1,76,0.002,0.000,,,,,NVIDIA A100-SXM4-40GB MIG 4g.20gb (0),1,,13,"void ch_est::windowedChEstPreNoDftSOfdmKernel<float, __half, float, (unsigned int)2, (unsigned int)1, (unsigned short)4>(ch_est::puschRxChEstStatDescr_t *, ch_est::puschRxChEstDynDescr_t *)"
9295731792,14560,209395,137,2,1,24,2,1,44,0.001,0.001,,,,,NVIDIA A100-SXM4-40GB MIG 4g.20gb (0),1,,13,"void ch_est::chEstFilterNoDftSOfdmDispatchKernel<float, __half, float, (unsigned int)2>(ch_est::puschRxChEstStatDescr_t *, ch_est::puschRxChEstDynDescr_t *)"
9296146027,14240,209396,137,2,1,24,2,1,44,0.001,0.001,,,,,NVIDIA A100-SXM4-40GB MIG 4g.20gb (0),1,,13,"void ch_est::chEstFilterNoDftSOfdmDispatchKernel<float, __half, float, (unsigned int)2>(ch_est::puschRxChEstStatDescr_t *, ch_est::puschRxChEstDynDescr_t *)"
9296476359,5344,209407,103,1,1,128,1,1,16,0.000,0.000,,,,,NVIDIA A100-SXM4-40GB MIG 4g.20gb (0),1,,13,cupy_copy__complex64_complex64
9296685797,21696,209417,1434,1,1,128,1,1,16,0.000,0.000,,,,,NVIDIA A100-SXM4-40GB MIG 4g.20gb (0),1,,13,cupy_copy__complex64_complex64
9296851459,8704,209424,103,1,1,128,1,1,16,0.000,0.000,,,,,NVIDIA A100-SXM4-40GB MIG 4g.20gb (0),1,,13,cupy_copy__complex64_complex64
9297018657,197854,209431,1,1,1,32,32,1,30,0.000,0.000,,,,,NVIDIA A100-SXM4-40GB MIG 4g.20gb (0),1,,13,"void convert_kernel<__half2, float2>(tensor_layout_any, T1 *, tensor_layout_any, const T2 *)"
9297249023,5567,209434,,,,,,,,,,0.094,16830.519,Pinned,Device,NVIDIA A100-SXM4-40GB MIG 4g.20gb (0),1,,13,[CUDA memcpy Host-to-Device]
9297396541,53503,209435,,,,,,,,,,35.810,669287.405,Device,,NVIDIA A100-SXM4-40GB MIG 4g.20gb (0),1,,13,[CUDA memset]
9297454684,2880,209437,,,,,,,,,,0.000,27.778,Pinned,Device,NVIDIA A100-SXM4-40GB MIG 4g.20gb (0),1,,13,[CUDA memcpy Host-to-Device]
9297460124,9824,209438,,,,,,,,,,0.197,20012.925,Pinned,Device,NVIDIA A100-SXM4-40GB MIG 4g.20gb (0),1,,13,[CUDA memcpy Host-to-Device]
9297684570,22271,209439,273,1,1,48,1,1,40,0.000,0.001,,,,,NVIDIA A100-SXM4-40GB MIG 4g.20gb (0),1,,13,"void pusch_noise_intf_est::noiseIntfEstNoDftSOfdmKernel<float, __half, float, float, (unsigned int)2, (unsigned int)1, (unsigned char)4, (unsigned char)4>(pusch_noise_intf_est::puschRxNoiseIntfEstDynDescr)"
9297979478,5440,209450,35,1,1,128,1,1,16,0.000,0.000,,,,,NVIDIA A100-SXM4-40GB MIG 4g.20gb (0),1,,13,cupy_copy__complex64_complex64
9298358642,4928,209459,1,1,1,1,1,1,18,0.000,0.000,,,,,NVIDIA A100-SXM4-40GB MIG 4g.20gb (0),1,,13,cupy_copy__float32_float32
9298370098,1728,209465,,,,,,,,,,0.000,2.315,Device,Pageable,NVIDIA A100-SXM4-40GB MIG 4g.20gb (0),1,,7,[CUDA memcpy Device-to-Host]
9298794573,17312,209476,1434,1,1,128,1,1,16,0.000,0.000,,,,,NVIDIA A100-SXM4-40GB MIG 4g.20gb (0),1,,13,cupy_copy__complex64_complex64
9299207144,4896,209483,103,1,1,128,1,1,16,0.000,0.000,,,,,NVIDIA A100-SXM4-40GB MIG 4g.20gb (0),1,,13,cupy_copy__complex64_complex64
9299513957,3968,209490,35,1,1,128,1,1,16,0.000,0.000,,,,,NVIDIA A100-SXM4-40GB MIG 4g.20gb (0),1,,13,cupy_copy__complex64_complex64
9299766626,3136,209497,1,1,1,1,1,1,18,0.000,0.000,,,,,NVIDIA A100-SXM4-40GB MIG 4g.20gb (0),1,,13,cupy_copy__float32_float32
9300093822,243357,209508,1,1,1,32,32,1,30,0.000,0.000,,,,,NVIDIA A100-SXM4-40GB MIG 4g.20gb (0),1,,13,"void convert_kernel<__half2, float2>(tensor_layout_any, T1 *, tensor_layout_any, const T2 *)"
9300370459,6272,209511,,,,,,,,,,0.094,14938.703,Pinned,Device,NVIDIA A100-SXM4-40GB MIG 4g.20gb (0),1,,13,[CUDA memcpy Host-to-Device]
9300724663,7584,209512,,,,,,,,,,1.547,203931.654,Device,,NVIDIA A100-SXM4-40GB MIG 4g.20gb (0),1,,13,[CUDA memset]
9300737847,3168,209517,,,,,,,,,,0.031,9878.770,Pinned,Device,NVIDIA A100-SXM4-40GB MIG 4g.20gb (0),1,,13,[CUDA memcpy Host-to-Device]
9300746775,9888,209518,,,,,,,,,,0.197,19883.360,Pinned,Device,NVIDIA A100-SXM4-40GB MIG 4g.20gb (0),1,,13,[CUDA memcpy Host-to-Device]
9301120914,10176,209519,273,1,1,8,4,1,39,0.002,0.000,,,,,NVIDIA A100-SXM4-40GB MIG 4g.20gb (0),1,,13,"void channel_eq::eqMmseCoefCompLowMimoKernel<float, float, float, (unsigned int)4, (unsigned int)1, (unsigned int)4>(const channel_eq::_puschRxChEqStatDescr *, channel_eq::_puschRxChEqCoefCompDynDescr)"
9301525454,13600,209520,273,1,1,12,11,1,51,0.002,0.000,,,,,NVIDIA A100-SXM4-40GB MIG 4g.20gb (0),1,,13,"void channel_eq::eqMmseSoftDemapKernel<float, __half, __half, float, (unsigned int)4, (unsigned short)16383>(channel_eq::_puschRxChEqStatDescr *, channel_eq::_puschRxChEqSoftDemapDynDescr)"
9301931081,657113,209521,1,1,1,32,32,1,30,0.000,0.000,,,,,NVIDIA A100-SXM4-40GB MIG 4g.20gb (0),1,,13,"void convert_kernel<float2, __half2>(tensor_layout_any, T1 *, tensor_layout_any, const T2 *)"
9302902014,13600,209533,2253,1,1,128,1,1,16,0.000,0.000,,,,,NVIDIA A100-SXM4-40GB MIG 4g.20gb (0),1,,13,cupy_copy__float16_float16
9303291450,6208,209542,282,1,1,128,1,1,16,0.000,0.000,,,,,NVIDIA A100-SXM4-40GB MIG 4g.20gb (0),1,,13,cupy_copy__complex64_complex64
9303503799,4032,209551,26,1,1,128,1,1,16,0.000,0.000,,,,,NVIDIA A100-SXM4-40GB MIG 4g.20gb (0),1,,13,cupy_copy__float32_float32
9303664757,16608,209560,103,1,1,128,1,1,16,0.000,0.000,,,,,NVIDIA A100-SXM4-40GB MIG 4g.20gb (0),1,,13,cupy_copy__complex64_complex64
9303975538,23232,209570,1434,1,1,128,1,1,16,0.000,0.000,,,,,NVIDIA A100-SXM4-40GB MIG 4g.20gb (0),1,,13,cupy_copy__complex64_complex64
9304372525,263101,209575,1,1,1,32,32,1,30,0.000,0.000,,,,,NVIDIA A100-SXM4-40GB MIG 4g.20gb (0),1,,13,"void convert_kernel<__half2, float2>(tensor_layout_any, T1 *, tensor_layout_any, const T2 *)"
9304668970,10400,209578,,,,,,,,,,0.094,9009.151,Pinned,Device,NVIDIA A100-SXM4-40GB MIG 4g.20gb (0),1,,13,[CUDA memcpy Host-to-Device]
9305089925,619577,209579,,,,,,,,,,456.561,736890.164,Device,,NVIDIA A100-SXM4-40GB MIG 4g.20gb (0),1,,13,[CUDA memset]
9305713758,64415,209584,,,,,,,,,,1.235,19171.271,Pinned,Device,NVIDIA A100-SXM4-40GB MIG 4g.20gb (0),1,,13,[CUDA memcpy Host-to-Device]
9305783869,13536,209585,,,,,,,,,,0.197,14524.809,Pinned,Device,NVIDIA A100-SXM4-40GB MIG 4g.20gb (0),1,,13,[CUDA memcpy Host-to-Device]
9306277144,27231,209586,69,4,1,48,1,1,76,0.002,0.000,,,,,NVIDIA A100-SXM4-40GB MIG 4g.20gb (0),1,,13,"void ch_est::windowedChEstPreNoDftSOfdmKernel<float, __half, float, (unsigned int)2, (unsigned int)1, (unsigned short)4>(ch_est::puschRxChEstStatDescr_t *, ch_est::puschRxChEstDynDescr_t *)"
9306595924,30400,209587,137,2,1,24,2,1,44,0.001,0.001,,,,,NVIDIA A100-SXM4-40GB MIG 4g.20gb (0),1,,13,"void ch_est::chEstFilterNoDftSOfdmDispatchKernel<float, __half, float, (unsigned int)2>(ch_est::puschRxChEstStatDescr_t *, ch_est::puschRxChEstDynDescr_t *)"
9306924528,11520,209588,137,2,1,24,2,1,44,0.001,0.001,,,,,NVIDIA A100-SXM4-40GB MIG 4g.20gb (0),1,,13,"void ch_est::chEstFilterNoDftSOfdmDispatchKernel<float, __half, float, (unsigned int)2>(ch_est::puschRxChEstStatDescr_t *, ch_est::puschRxChEstDynDescr_t *)"
9307311660,4480,209599,103,1,1,128,1,1,16,0.000,0.000,,,,,NVIDIA A100-SXM4-40GB MIG 4g.20gb (0),1,,13,cupy_copy__complex64_complex64
9307673864,20544,209609,1434,1,1,128,1,1,16,0.000,0.000,,,,,NVIDIA A100-SXM4-40GB MIG 4g.20gb (0),1,,13,cupy_copy__complex64_complex64
9308070307,4928,209616,103,1,1,128,1,1,16,0.000,0.000,,,,,NVIDIA A100-SXM4-40GB MIG 4g.20gb (0),1,,13,cupy_copy__complex64_complex64
9308401120,267933,209623,1,1,1,32,32,1,30,0.000,0.000,,,,,NVIDIA A100-SXM4-40GB MIG 4g.20gb (0),1,,13,"void convert_kernel<__half2, float2>(tensor_layout_any, T1 *, tensor_layout_any, const T2 *)"
9308699260,5504,209626,,,,,,,,,,0.094,17023.251,Pinned,Device,NVIDIA A100-SXM4-40GB MIG 4g.20gb (0),1,,13,[CUDA memcpy Host-to-Device]
9309019865,62399,209627,,,,,,,,,,35.810,573853.968,Device,,NVIDIA A100-SXM4-40GB MIG 4g.20gb (0),1,,13,[CUDA memset]
9309084952,2016,209629,,,,,,,,,,0.000,39.682,Pinned,Device,NVIDIA A100-SXM4-40GB MIG 4g.20gb (0),1,,13,[CUDA memcpy Host-to-Device]
9309089432,9920,209630,,,,,,,,,,0.197,19819.266,Pinned,Device,NVIDIA A100-SXM4-40GB MIG 4g.20gb (0),1,,13,[CUDA memcpy Host-to-Device]
9309412212,31936,209631,273,1,1,48,1,1,40,0.000,0.001,,,,,NVIDIA A100-SXM4-40GB MIG 4g.20gb (0),1,,13,"void pusch_noise_intf_est::noiseIntfEstNoDftSOfdmKernel<float, __half, float, float, (unsigned int)2, (unsigned int)1, (unsigned char)4, (unsigned char)4>(pusch_noise_intf_est::puschRxNoiseIntfEstDynDescr)"
9309664593,12960,209642,35,1,1,128,1,1,16,0.000,0.000,,,,,NVIDIA A100-SXM4-40GB MIG 4g.20gb (0),1,,13,cupy_copy__complex64_complex64
9309991214,5023,209651,1,1,1,1,1,1,18,0.000,0.000,,,,,NVIDIA A100-SXM4-40GB MIG 4g.20gb (0),1,,13,cupy_copy__float32_float32
9310003917,5184,209657,,,,,,,,,,0.000,0.772,Device,Pageable,NVIDIA A100-SXM4-40GB MIG 4g.20gb (0),1,,7,[CUDA memcpy Device-to-Host]
9310322602,19168,209668,1434,1,1,128,1,1,16,0.000,0.000,,,,,NVIDIA A100-SXM4-40GB MIG 4g.20gb (0),1,,13,cupy_copy__complex64_complex64
9310664230,6720,209675,103,1,1,128,1,1,16,0.000,0.000,,,,,NVIDIA A100-SXM4-40GB MIG 4g.20gb (0),1,,13,cupy_copy__complex64_complex64
9310900931,11168,209682,35,1,1,128,1,1,16,0.000,0.000,,,,,NVIDIA A100-SXM4-40GB MIG 4g.20gb (0),1,,13,cupy_copy__complex64_complex64
9311156064,3488,209689,1,1,1,1,1,1,18,0.000,0.000,,,,,NVIDIA A100-SXM4-40GB MIG 4g.20gb (0),1,,13,cupy_copy__float32_float32
9311466269,276893,209700,1,1,1,32,32,1,30,0.000,0.000,,,,,NVIDIA A100-SXM4-40GB MIG 4g.20gb (0),1,,13,"void convert_kernel<__half2, float2>(tensor_layout_any, T1 *, tensor_layout_any, const T2 *)"
9311772825,5568,209703,,,,,,,,,,0.094,16827.521,Pinned,Device,NVIDIA A100-SXM4-40GB MIG 4g.20gb (0),1,,13,[CUDA memcpy Host-to-Device]
9312065462,17216,209704,,,,,,,,,,1.547,89835.655,Device,,NVIDIA A100-SXM4-40GB MIG 4g.20gb (0),1,,13,[CUDA memset]
9312087446,3200,209709,,,,,,,,,,0.031,9780.000,Pinned,Device,NVIDIA A100-SXM4-40GB MIG 4g.20gb (0),1,,13,[CUDA memcpy Host-to-Device]
9312093174,9695,209710,,,,,,,,,,0.197,20279.132,Pinned,Device,NVIDIA A100-SXM4-40GB MIG 4g.20gb (0),1,,13,[CUDA memcpy Host-to-Device]
9312302867,25600,209711,273,1,1,8,4,1,39,0.002,0.000,,,,,NVIDIA A100-SXM4-40GB MIG 4g.20gb (0),1,,13,"void channel_eq::eqMmseCoefCompLowMimoKernel<float, float, float, (unsigned int)4, (unsigned int)1, (unsigned int)4>(const channel_eq::_puschRxChEqStatDescr *, channel_eq::_puschRxChEqCoefCompDynDescr)"
9312448882,27167,209712,273,1,1,12,11,1,51,0.002,0.000,,,,,NVIDIA A100-SXM4-40GB MIG 4g.20gb (0),1,,13,"void channel_eq::eqMmseSoftDemapKernel<float, __half, __half, float, (unsigned int)4, (unsigned short)16383>(channel_eq::_puschRxChEqStatDescr *, channel_eq::_puschRxChEqSoftDemapDynDescr)"
9312607632,516442,209713,1,1,1,32,32,1,30,0.000,0.000,,,,,NVIDIA A100-SXM4-40GB MIG 4g.20gb (0),1,,13,"void convert_kernel<float2, __half2>(tensor_layout_any, T1 *, tensor_layout_any, const T2 *)"
9313300552,19616,209725,2253,1,1,128,1,1,16,0.000,0.000,,,,,NVIDIA A100-SXM4-40GB MIG 4g.20gb (0),1,,13,cupy_copy__float16_float16
9313466374,5248,209734,282,1,1,128,1,1,16,0.000,0.000,,,,,NVIDIA A100-SXM4-40GB MIG 4g.20gb (0),1,,13,cupy_copy__complex64_complex64
9313684515,4096,209743,26,1,1,128,1,1,16,0.000,0.000,,,,,NVIDIA A100-SXM4-40GB MIG 4g.20gb (0),1,,13,cupy_copy__float32_float32
9313872993,6272,209752,103,1,1,128,1,1,16,0.000,0.000,,,,,NVIDIA A100-SXM4-40GB MIG 4g.20gb (0),1,,13,cupy_copy__complex64_complex64
9314192446,15264,209768,1434,1,1,128,1,1,16,0.000,0.000,,,,,NVIDIA A100-SXM4-40GB MIG 4g.20gb (0),1,,13,cupy_copy__complex64_complex64
9314541498,300444,209773,1,1,1,32,32,1,30,0.000,0.000,,,,,NVIDIA A100-SXM4-40GB MIG 4g.20gb (0),1,,13,"void convert_kernel<__half2, float2>(tensor_layout_any, T1 *, tensor_layout_any, const T2 *)"
9314872182,10400,209776,,,,,,,,,,0.094,9009.151,Pinned,Device,NVIDIA A100-SXM4-40GB MIG 4g.20gb (0),1,,13,[CUDA memcpy Host-to-Device]
9315038964,616793,209777,,,,,,,,,,456.561,740086.094,Device,,NVIDIA A100-SXM4-40GB MIG 4g.20gb (0),1,,13,[CUDA memset]
9315662189,63807,209782,,,,,,,,,,1.235,19354.042,Pinned,Device,NVIDIA A100-SXM4-40GB MIG 4g.20gb (0),1,,13,[CUDA memcpy Host-to-Device]
9315728652,16960,209783,,,,,,,,,,0.197,11592.401,Pinned,Device,NVIDIA A100-SXM4-40GB MIG 4g.20gb (0),1,,13,[CUDA memcpy Host-to-Device]
9316124008,27711,209784,69,4,1,48,1,1,76,0.002,0.000,,,,,NVIDIA A100-SXM4-40GB MIG 4g.20gb (0),1,,13,"void ch_est::windowedChEstPreNoDftSOfdmKernel<float, __half, float, (unsigned int)2, (unsigned int)1, (unsigned short)4>(ch_est::puschRxChEstStatDescr_t *, ch_est::puschRxChEstDynDescr_t *)"
9316397381,30431,209785,137,2,1,24,2,1,44,0.001,0.001,,,,,NVIDIA A100-SXM4-40GB MIG 4g.20gb (0),1,,13,"void ch_est::chEstFilterNoDftSOfdmDispatchKernel<float, __half, float, (unsigned int)2>(ch_est::puschRxChEstStatDescr_t *, ch_est::puschRxChEstDynDescr_t *)"
9316656770,9504,209786,137,2,1,24,2,1,44,0.001,0.001,,,,,NVIDIA A100-SXM4-40GB MIG 4g.20gb (0),1,,13,"void ch_est::chEstFilterNoDftSOfdmDispatchKernel<float, __half, float, (unsigned int)2>(ch_est::puschRxChEstStatDescr_t *, ch_est::puschRxChEstDynDescr_t *)"
9316990814,4608,209797,103,1,1,128,1,1,16,0.000,0.000,,,,,NVIDIA A100-SXM4-40GB MIG 4g.20gb (0),1,,13,cupy_copy__complex64_complex64
9317296858,21312,209807,1434,1,1,128,1,1,16,0.000,0.000,,,,,NVIDIA A100-SXM4-40GB MIG 4g.20gb (0),1,,13,cupy_copy__complex64_complex64
9317633591,5215,209814,103,1,1,128,1,1,16,0.000,0.000,,,,,NVIDIA A100-SXM4-40GB MIG 4g.20gb (0),1,,13,cupy_copy__complex64_complex64
9317907987,238398,209821,1,1,1,32,32,1,30,0.000,0.000,,,,,NVIDIA A100-SXM4-40GB MIG 4g.20gb (0),1,,13,"void convert_kernel<__half2, float2>(tensor_layout_any, T1 *, tensor_layout_any, const T2 *)"
9318179568,12064,209824,,,,,,,,,,0.094,7766.555,Pinned,Device,NVIDIA A100-SXM4-40GB MIG 4g.20gb (0),1,,13,[CUDA memcpy Host-to-Device]
9318470989,62175,209825,,,,,,,,,,35.810,575930.943,Device,,NVIDIA A100-SXM4-40GB MIG 4g.20gb (0),1,,13,[CUDA memset]
9318533868,5088,209827,,,,,,,,,,0.000,15.723,Pinned,Device,NVIDIA A100-SXM4-40GB MIG 4g.20gb (0),1,,13,[CUDA memcpy Host-to-Device]
9318541452,9536,209828,,,,,,,,,,0.197,20617.298,Pinned,Device,NVIDIA A100-SXM4-40GB MIG 4g.20gb (0),1,,13,[CUDA memcpy Host-to-Device]
9318759434,30719,209829,273,1,1,48,1,1,40,0.000,0.001,,,,,NVIDIA A100-SXM4-40GB MIG 4g.20gb (0),1,,13,"void pusch_noise_intf_est::noiseIntfEstNoDftSOfdmKernel<float, __half, float, float, (unsigned int)2, (unsigned int)1, (unsigned char)4, (unsigned char)4>(pusch_noise_intf_est::puschRxNoiseIntfEstDynDescr)"
9318996135,8320,209840,35,1,1,128,1,1,16,0.000,0.000,,,,,NVIDIA A100-SXM4-40GB MIG 4g.20gb (0),1,,13,cupy_copy__complex64_complex64
9319141509,3456,209849,1,1,1,1,1,1,18,0.000,0.000,,,,,NVIDIA A100-SXM4-40GB MIG 4g.20gb (0),1,,13,cupy_copy__float32_float32
9319150917,1888,209855,,,,,,,,,,0.000,2.119,Device,Pageable,NVIDIA A100-SXM4-40GB MIG 4g.20gb (0),1,,7,[CUDA memcpy Device-to-Host]
9319359971,18240,209866,1434,1,1,128,1,1,16,0.000,0.000,,,,,NVIDIA A100-SXM4-40GB MIG 4g.20gb (0),1,,13,cupy_copy__complex64_complex64
9319517089,4288,209873,103,1,1,128,1,1,16,0.000,0.000,,,,,NVIDIA A100-SXM4-40GB MIG 4g.20gb (0),1,,13,cupy_copy__complex64_complex64
9319707775,4416,209880,35,1,1,128,1,1,16,0.000,0.000,,,,,NVIDIA A100-SXM4-40GB MIG 4g.20gb (0),1,,13,cupy_copy__complex64_complex64
9319862685,3936,209887,1,1,1,1,1,1,18,0.000,0.000,,,,,NVIDIA A100-SXM4-40GB MIG 4g.20gb (0),1,,13,cupy_copy__float32_float32
9320007164,241437,209898,1,1,1,32,32,1,30,0.000,0.000,,,,,NVIDIA A100-SXM4-40GB MIG 4g.20gb (0),1,,13,"void convert_kernel<__half2, float2>(tensor_layout_any, T1 *, tensor_layout_any, const T2 *)"
9320279896,5632,209901,,,,,,,,,,0.094,16636.287,Pinned,Device,NVIDIA A100-SXM4-40GB MIG 4g.20gb (0),1,,13,[CUDA memcpy Host-to-Device]
9320511190,17120,209902,,,,,,,,,,1.547,90339.854,Device,,NVIDIA A100-SXM4-40GB MIG 4g.20gb (0),1,,13,[CUDA memset]
9320541525,3168,209907,,,,,,,,,,0.031,9878.770,Pinned,Device,NVIDIA A100-SXM4-40GB MIG 4g.20gb (0),1,,13,[CUDA memcpy Host-to-Device]
9320547125,11648,209908,,,,,,,,,,0.197,16878.993,Pinned,Device,NVIDIA A100-SXM4-40GB MIG 4g.20gb (0),1,,13,[CUDA memcpy Host-to-Device]
9320831378,29440,209909,273,1,1,8,4,1,39,0.002,0.000,,,,,NVIDIA A100-SXM4-40GB MIG 4g.20gb (0),1,,13,"void channel_eq::eqMmseCoefCompLowMimoKernel<float, float, float, (unsigned int)4, (unsigned int)1, (unsigned int)4>(const channel_eq::_puschRxChEqStatDescr *, channel_eq::_puschRxChEqCoefCompDynDescr)"
9321070671,9952,209910,273,1,1,12,11,1,51,0.002,0.000,,,,,NVIDIA A100-SXM4-40GB MIG 4g.20gb (0),1,,13,"void channel_eq::eqMmseSoftDemapKernel<float, __half, __half, float, (unsigned int)4, (unsigned short)16383>(channel_eq::_puschRxChEqStatDescr *, channel_eq::_puschRxChEqSoftDemapDynDescr)"
9321310957,651736,209911,1,1,1,32,32,1,30,0.000,0.000,,,,,NVIDIA A100-SXM4-40GB MIG 4g.20gb (0),1,,13,"void convert_kernel<float2, __half2>(tensor_layout_any, T1 *, tensor_layout_any, const T2 *)"
9322371521,14079,209923,2253,1,1,128,1,1,16,0.000,0.000,,,,,NVIDIA A100-SXM4-40GB MIG 4g.20gb (0),1,,13,cupy_copy__float16_float16
9322697821,5344,209932,282,1,1,128,1,1,16,0.000,0.000,,,,,NVIDIA A100-SXM4-40GB MIG 4g.20gb (0),1,,13,cupy_copy__complex64_complex64
9323112376,3520,209941,26,1,1,128,1,1,16,0.000,0.000,,,,,NVIDIA A100-SXM4-40GB MIG 4g.20gb (0),1,,13,cupy_copy__float32_float32
9323345014,17599,209950,103,1,1,128,1,1,16,0.000,0.000,,,,,NVIDIA A100-SXM4-40GB MIG 4g.20gb (0),1,,13,cupy_copy__complex64_complex64
9323560211,21664,209960,1434,1,1,128,1,1,16,0.000,0.000,,,,,NVIDIA A100-SXM4-40GB MIG 4g.20gb (0),1,,13,cupy_copy__complex64_complex64
9323790736,241534,209965,1,1,1,32,32,1,30,0.000,0.000,,,,,NVIDIA A100-SXM4-40GB MIG 4g.20gb (0),1,,13,"void convert_kernel<__half2, float2>(tensor_layout_any, T1 *, tensor_layout_any, const T2 *)"
9324063021,5728,209968,,,,,,,,,,0.094,16357.541,Pinned,Device,NVIDIA A100-SXM4-40GB MIG 4g.20gb (0),1,,13,[CUDA memcpy Host-to-Device]
9324193964,633465,209969,,,,,,,,,,456.561,720453.952,Device,,NVIDIA A100-SXM4-40GB MIG 4g.20gb (0),1,,13,[CUDA memset]
9324834085,52415,209974,,,,,,,,,,1.235,23560.262,Pinned,Device,NVIDIA A100-SXM4-40GB MIG 4g.20gb (0),1,,13,[CUDA memcpy Host-to-Device]
9324888932,10176,209975,,,,,,,,,,0.197,19320.668,Pinned,Device,NVIDIA A100-SXM4-40GB MIG 4g.20gb (0),1,,13,[CUDA memcpy Host-to-Device]
9325038018,12800,209976,69,4,1,48,1,1,76,0.002,0.000,,,,,NVIDIA A100-SXM4-40GB MIG 4g.20gb (0),1,,13,"void ch_est::windowedChEstPreNoDftSOfdmKernel<float, __half, float, (unsigned int)2, (unsigned int)1, (unsigned short)4>(ch_est::puschRxChEstStatDescr_t *, ch_est::puschRxChEstDynDescr_t *)"
9325246112,16224,209977,137,2,1,24,2,1,44,0.001,0.001,,,,,NVIDIA A100-SXM4-40GB MIG 4g.20gb (0),1,,13,"void ch_est::chEstFilterNoDftSOfdmDispatchKernel<float, __half, float, (unsigned int)2>(ch_est::puschRxChEstStatDescr_t *, ch_est::puschRxChEstDynDescr_t *)"
9325383166,27072,209978,137,2,1,24,2,1,44,0.001,0.001,,,,,NVIDIA A100-SXM4-40GB MIG 4g.20gb (0),1,,13,"void ch_est::chEstFilterNoDftSOfdmDispatchKernel<float, __half, float, (unsigned int)2>(ch_est::puschRxChEstStatDescr_t *, ch_est::puschRxChEstDynDescr_t *)"
9325512477,5120,209989,103,1,1,128,1,1,16,0.000,0.000,,,,,NVIDIA A100-SXM4-40GB MIG 4g.20gb (0),1,,13,cupy_copy__complex64_complex64
9325638299,22272,209999,1434,1,1,128,1,1,16,0.000,0.000,,,,,NVIDIA A100-SXM4-40GB MIG 4g.20gb (0),1,,13,cupy_copy__complex64_complex64
9325848729,4704,210006,103,1,1,128,1,1,16,0.000,0.000,,,,,NVIDIA A100-SXM4-40GB MIG 4g.20gb (0),1,,13,cupy_copy__complex64_complex64
9325989367,254878,210013,1,1,1,32,32,1,30,0.000,0.000,,,,,NVIDIA A100-SXM4-40GB MIG 4g.20gb (0),1,,13,"void convert_kernel<__half2, float2>(tensor_layout_any, T1 *, tensor_layout_any, const T2 *)"
9326274548,6144,210016,,,,,,,,,,0.094,15249.961,Pinned,Device,NVIDIA A100-SXM4-40GB MIG 4g.20gb (0),1,,13,[CUDA memcpy Host-to-Device]
9326489778,60991,210017,,,,,,,,,,35.810,587103.638,Device,,NVIDIA A100-SXM4-40GB MIG 4g.20gb (0),1,,13,[CUDA memset]
9326553969,2112,210019,,,,,,,,,,0.000,37.879,Pinned,Device,NVIDIA A100-SXM4-40GB MIG 4g.20gb (0),1,,13,[CUDA memcpy Host-to-Device]
9326558481,9568,210020,,,,,,,,,,0.197,20548.485,Pinned,Device,NVIDIA A100-SXM4-40GB MIG 4g.20gb (0),1,,13,[CUDA memcpy Host-to-Device]
9326796654,21376,210021,273,1,1,48,1,1,40,0.000,0.001,,,,,NVIDIA A100-SXM4-40GB MIG 4g.20gb (0),1,,13,"void pusch_noise_intf_est::noiseIntfEstNoDftSOfdmKernel<float, __half, float, float, (unsigned int)2, (unsigned int)1, (unsigned char)4, (unsigned char)4>(pusch_noise_intf_est::puschRxNoiseIntfEstDynDescr)"
9327052779,7648,210032,35,1,1,128,1,1,16,0.000,0.000,,,,,NVIDIA A100-SXM4-40GB MIG 4g.20gb (0),1,,13,cupy_copy__complex64_complex64
9327289673,3232,210041,1,1,1,1,1,1,18,0.000,0.000,,,,,NVIDIA A100-SXM4-40GB MIG 4g.20gb (0),1,,13,cupy_copy__float32_float32
9327299305,1984,210047,,,,,,,,,,0.000,2.016,Device,Pageable,NVIDIA A100-SXM4-40GB MIG 4g.20gb (0),1,,7,[CUDA memcpy Device-to-Host]
9327602245,16480,210058,1434,1,1,128,1,1,16,0.000,0.000,,,,,NVIDIA A100-SXM4-40GB MIG 4g.20gb (0),1,,13,cupy_copy__complex64_complex64
9327806371,8896,210065,103,1,1,128,1,1,16,0.000,0.000,,,,,NVIDIA A100-SXM4-40GB MIG 4g.20gb (0),1,,13,cupy_copy__complex64_complex64
9328056672,9376,210072,35,1,1,128,1,1,16,0.000,0.000,,,,,NVIDIA A100-SXM4-40GB MIG 4g.20gb (0),1,,13,cupy_copy__complex64_complex64
9328305373,4992,210079,1,1,1,1,1,1,18,0.000,0.000,,,,,NVIDIA A100-SXM4-40GB MIG 4g.20gb (0),1,,13,cupy_copy__float32_float32
9328539802,220702,210090,1,1,1,32,32,1,30,0.000,0.000,,,,,NVIDIA A100-SXM4-40GB MIG 4g.20gb (0),1,,13,"void convert_kernel<__half2, float2>(tensor_layout_any, T1 *, tensor_layout_any, const T2 *)"
9328789912,5984,210093,,,,,,,,,,0.094,15657.726,Pinned,Device,NVIDIA A100-SXM4-40GB MIG 4g.20gb (0),1,,13,[CUDA memcpy Host-to-Device]
9329041845,7680,210094,,,,,,,,,,1.547,201382.818,Device,,NVIDIA A100-SXM4-40GB MIG 4g.20gb (0),1,,13,[CUDA memset]
9329053269,3552,210099,,,,,,,,,,0.031,8810.794,Pinned,Device,NVIDIA A100-SXM4-40GB MIG 4g.20gb (0),1,,13,[CUDA memcpy Host-to-Device]
9329066804,12928,210100,,,,,,,,,,0.197,15207.825,Pinned,Device,NVIDIA A100-SXM4-40GB MIG 4g.20gb (0),1,,13,[CUDA memcpy Host-to-Device]
9329355921,21664,210101,273,1,1,8,4,1,39,0.002,0.000,,,,,NVIDIA A100-SXM4-40GB MIG 4g.20gb (0),1,,13,"void channel_eq::eqMmseCoefCompLowMimoKernel<float, float, float, (unsigned int)4, (unsigned int)1, (unsigned int)4>(const channel_eq::_puschRxChEqStatDescr *, channel_eq::_puschRxChEqCoefCompDynDescr)"
9329616302,17408,210102,273,1,1,12,11,1,51,0.002,0.000,,,,,NVIDIA A100-SXM4-40GB MIG 4g.20gb (0),1,,13,"void channel_eq::eqMmseSoftDemapKernel<float, __half, __half, float, (unsigned int)4, (unsigned short)16383>(channel_eq::_puschRxChEqStatDescr *, channel_eq::_puschRxChEqSoftDemapDynDescr)"
9330089833,641145,210103,1,1,1,32,32,1,30,0.000,0.000,,,,,NVIDIA A100-SXM4-40GB MIG 4g.20gb (0),1,,13,"void convert_kernel<float2, __half2>(tensor_layout_any, T1 *, tensor_layout_any, const T2 *)"
9330960799,19008,210115,2253,1,1,128,1,1,16,0.000,0.000,,,,,NVIDIA A100-SXM4-40GB MIG 4g.20gb (0),1,,13,cupy_copy__float16_float16
9331367226,9568,210124,282,1,1,128,1,1,16,0.000,0.000,,,,,NVIDIA A100-SXM4-40GB MIG 4g.20gb (0),1,,13,cupy_copy__complex64_complex64
9331911604,5568,210133,26,1,1,128,1,1,16,0.000,0.000,,,,,NVIDIA A100-SXM4-40GB MIG 4g.20gb (0),1,,13,cupy_copy__float32_float32
9332343279,8576,210142,103,1,1,128,1,1,16,0.000,0.000,,,,,NVIDIA A100-SXM4-40GB MIG 4g.20gb (0),1,,13,cupy_copy__complex64_complex64
9332675659,17792,210152,1434,1,1,128,1,1,16,0.000,0.000,,,,,NVIDIA A100-SXM4-40GB MIG 4g.20gb (0),1,,13,cupy_copy__complex64_complex64
9333219973,233822,210157,1,1,1,32,32,1,30,0.000,0.000,,,,,NVIDIA A100-SXM4-40GB MIG 4g.20gb (0),1,,13,"void convert_kernel<__half2, float2>(tensor_layout_any, T1 *, tensor_layout_any, const T2 *)"
9333484482,5952,210160,,,,,,,,,,0.094,15741.865,Pinned,Device,NVIDIA A100-SXM4-40GB MIG 4g.20gb (0),1,,13,[CUDA memcpy Host-to-Device]
9333861918,617945,210161,,,,,,,,,,456.561,738716.410,Device,,NVIDIA A100-SXM4-40GB MIG 4g.20gb (0),1,,13,[CUDA memset]
9334485143,66815,210166,,,,,,,,,,1.235,18482.172,Pinned,Device,NVIDIA A100-SXM4-40GB MIG 4g.20gb (0),1,,13,[CUDA memcpy Host-to-Device]
9334554550,9536,210167,,,,,,,,,,0.197,20617.298,Pinned,Device,NVIDIA A100-SXM4-40GB MIG 4g.20gb (0),1,,13,[CUDA memcpy Host-to-Device]
9335032945,13695,210168,69,4,1,48,1,1,76,0.002,0.000,,,,,NVIDIA A100-SXM4-40GB MIG 4g.20gb (0),1,,13,"void ch_est::windowedChEstPreNoDftSOfdmKernel<float, __half, float, (unsigned int)2, (unsigned int)1, (unsigned short)4>(ch_est::puschRxChEstStatDescr_t *, ch_est::puschRxChEstDynDescr_t *)"
9335595850,12320,210169,137,2,1,24,2,1,44,0.001,0.001,,,,,NVIDIA A100-SXM4-40GB MIG 4g.20gb (0),1,,13,"void ch_est::chEstFilterNoDftSOfdmDispatchKernel<float, __half, float, (unsigned int)2>(ch_est::puschRxChEstStatDescr_t *, ch_est::puschRxChEstDynDescr_t *)"
9336157956,12288,210170,137,2,1,24,2,1,44,0.001,0.001,,,,,NVIDIA A100-SXM4-40GB MIG 4g.20gb (0),1,,13,"void ch_est::chEstFilterNoDftSOfdmDispatchKernel<float, __half, float, (unsigned int)2>(ch_est::puschRxChEstStatDescr_t *, ch_est::puschRxChEstDynDescr_t *)"
9336705054,5023,210181,103,1,1,128,1,1,16,0.000,0.000,,,,,NVIDIA A100-SXM4-40GB MIG 4g.20gb (0),1,,13,cupy_copy__complex64_complex64
9337166392,22048,210191,1434,1,1,128,1,1,16,0.000,0.000,,,,,NVIDIA A100-SXM4-40GB MIG 4g.20gb (0),1,,13,cupy_copy__complex64_complex64
9337744210,4800,210198,103,1,1,128,1,1,16,0.000,0.000,,,,,NVIDIA A100-SXM4-40GB MIG 4g.20gb (0),1,,13,cupy_copy__complex64_complex64
9338361515,199837,210205,1,1,1,32,32,1,30,0.000,0.000,,,,,NVIDIA A100-SXM4-40GB MIG 4g.20gb (0),1,,13,"void convert_kernel<__half2, float2>(tensor_layout_any, T1 *, tensor_layout_any, const T2 *)"
9338592488,5440,210208,,,,,,,,,,0.094,17223.480,Pinned,Device,NVIDIA A100-SXM4-40GB MIG 4g.20gb (0),1,,13,[CUDA memcpy Host-to-Device]
9338992963,55488,210209,,,,,,,,,,35.810,645330.568,Device,,NVIDIA A100-SXM4-40GB MIG 4g.20gb (0),1,,13,[CUDA memset]
9339050531,5856,210211,,,,,,,,,,0.000,13.661,Pinned,Device,NVIDIA A100-SXM4-40GB MIG 4g.20gb (0),1,,13,[CUDA memcpy Host-to-Device]
9339062211,15936,210212,,,,,,,,,,0.197,12337.349,Pinned,Device,NVIDIA A100-SXM4-40GB MIG 4g.20gb (0),1,,13,[CUDA memcpy Host-to-Device]
9339520509,19584,210213,273,1,1,48,1,1,40,0.000,0.001,,,,,NVIDIA A100-SXM4-40GB MIG 4g.20gb (0),1,,13,"void pusch_noise_intf_est::noiseIntfEstNoDftSOfdmKernel<float, __half, float, float, (unsigned int)2, (unsigned int)1, (unsigned char)4, (unsigned char)4>(pusch_noise_intf_est::puschRxNoiseIntfEstDynDescr)"
9339978872,9248,210224,35,1,1,128,1,1,16,0.000,0.000,,,,,NVIDIA A100-SXM4-40GB MIG 4g.20gb (0),1,,13,cupy_copy__complex64_complex64
9340357332,8320,210233,1,1,1,1,1,1,18,0.000,0.000,,,,,NVIDIA A100-SXM4-40GB MIG 4g.20gb (0),1,,13,cupy_copy__float32_float32
9340372052,1600,210239,,,,,,,,,,0.000,2.500,Device,Pageable,NVIDIA A100-SXM4-40GB MIG 4g.20gb (0),1,,7,[CUDA memcpy Device-to-Host]
9340940877,19712,210250,1434,1,1,128,1,1,16,0.000,0.000,,,,,NVIDIA A100-SXM4-40GB MIG 4g.20gb (0),1,,13,cupy_copy__complex64_complex64
9341555686,9376,210257,103,1,1,128,1,1,16,0.000,0.000,,,,,NVIDIA A100-SXM4-40GB MIG 4g.20gb (0),1,,13,cupy_copy__complex64_complex64
9342104160,9504,210264,35,1,1,128,1,1,16,0.000,0.000,,,,,NVIDIA A100-SXM4-40GB MIG 4g.20gb (0),1,,13,cupy_copy__complex64_complex64
9342650714,4576,210271,1,1,1,1,1,1,18,0.000,0.000,,,,,NVIDIA A100-SXM4-40GB MIG 4g.20gb (0),1,,13,cupy_copy__float32_float32
9343145172,232286,210282,1,1,1,32,32,1,30,0.000,0.000,,,,,NVIDIA A100-SXM4-40GB MIG 4g.20gb (0),1,,13,"void convert_kernel<__half2, float2>(tensor_layout_any, T1 *, tensor_layout_any, const T2 *)"
9343407633,7072,210285,,,,,,,,,,0.094,13248.802,Pinned,Device,NVIDIA A100-SXM4-40GB MIG 4g.20gb (0),1,,13,[CUDA memcpy Host-to-Device]
9344031146,5152,210286,,,,,,,,,,1.547,300198.172,Device,,NVIDIA A100-SXM4-40GB MIG 4g.20gb (0),1,,13,[CUDA memset]
9344043050,3488,210291,,,,,,,,,,0.031,8972.469,Pinned,Device,NVIDIA A100-SXM4-40GB MIG 4g.20gb (0),1,,13,[CUDA memcpy Host-to-Device]
9344049130,9792,210292,,,,,,,,,,0.197,20078.395,Pinned,Device,NVIDIA A100-SXM4-40GB MIG 4g.20gb (0),1,,13,[CUDA memcpy Host-to-Device]
9344643651,10944,210293,273,1,1,8,4,1,39,0.002,0.000,,,,,NVIDIA A100-SXM4-40GB MIG 4g.20gb (0),1,,13,"void channel_eq::eqMmseCoefCompLowMimoKernel<float, float, float, (unsigned int)4, (unsigned int)1, (unsigned int)4>(const channel_eq::_puschRxChEqStatDescr *, channel_eq::_puschRxChEqCoefCompDynDescr)"
9345258684,16032,210294,273,1,1,12,11,1,51,0.002,0.000,,,,,NVIDIA A100-SXM4-40GB MIG 4g.20gb (0),1,,13,"void channel_eq::eqMmseSoftDemapKernel<float, __half, __half, float, (unsigned int)4, (unsigned short)16383>(channel_eq::_puschRxChEqStatDescr *, channel_eq::_puschRxChEqSoftDemapDynDescr)"
9345872021,646617,210295,1,1,1,32,32,1,30,0.000,0.000,,,,,NVIDIA A100-SXM4-40GB MIG 4g.20gb (0),1,,13,"void convert_kernel<float2, __half2>(tensor_layout_any, T1 *, tensor_layout_any, const T2 *)"
9347096775,22944,210307,2253,1,1,128,1,1,16,0.000,0.000,,,,,NVIDIA A100-SXM4-40GB MIG 4g.20gb (0),1,,13,cupy_copy__float16_float16
9347437315,6016,210316,282,1,1,128,1,1,16,0.000,0.000,,,,,NVIDIA A100-SXM4-40GB MIG 4g.20gb (0),1,,13,cupy_copy__complex64_complex64
9347691329,4767,210325,26,1,1,128,1,1,16,0.000,0.000,,,,,NVIDIA A100-SXM4-40GB MIG 4g.20gb (0),1,,13,cupy_copy__float32_float32
9348087004,6880,210334,103,1,1,128,1,1,16,0.000,0.000,,,,,NVIDIA A100-SXM4-40GB MIG 4g.20gb (0),1,,13,cupy_copy__complex64_complex64
9348468760,22527,210344,1434,1,1,128,1,1,16,0.000,0.000,,,,,NVIDIA A100-SXM4-40GB MIG 4g.20gb (0),1,,13,cupy_copy__complex64_complex64
9348811252,231165,210349,1,1,1,32,32,1,30,0.000,0.000,,,,,NVIDIA A100-SXM4-40GB MIG 4g.20gb (0),1,,13,"void convert_kernel<__half2, float2>(tensor_layout_any, T1 *, tensor_layout_any, const T2 *)"
9349075793,9920,210352,,,,,,,,,,0.094,9445.119,Pinned,Device,NVIDIA A100-SXM4-40GB MIG 4g.20gb (0),1,,13,[CUDA memcpy Host-to-Device]
9349580203,624569,210353,,,,,,,,,,456.561,730954.865,Device,,NVIDIA A100-SXM4-40GB MIG 4g.20gb (0),1,,13,[CUDA memset]
9350206500,62495,210358,,,,,,,,,,1.235,19760.339,Pinned,Device,NVIDIA A100-SXM4-40GB MIG 4g.20gb (0),1,,13,[CUDA memcpy Host-to-Device]
9350271875,9344,210359,,,,,,,,,,0.197,21040.988,Pinned,Device,NVIDIA A100-SXM4-40GB MIG 4g.20gb (0),1,,13,[CUDA memcpy Host-to-Device]
9350857148,13536,210360,69,4,1,48,1,1,76,0.002,0.000,,,,,NVIDIA A100-SXM4-40GB MIG 4g.20gb (0),1,,13,"void ch_est::windowedChEstPreNoDftSOfdmKernel<float, __half, float, (unsigned int)2, (unsigned int)1, (unsigned short)4>(ch_est::puschRxChEstStatDescr_t *, ch_est::puschRxChEstDynDescr_t *)"
9351415286,15328,210361,137,2,1,24,2,1,44,0.001,0.001,,,,,NVIDIA A100-SXM4-40GB MIG 4g.20gb (0),1,,13,"void ch_est::chEstFilterNoDftSOfdmDispatchKernel<float, __half, float, (unsigned int)2>(ch_est::puschRxChEstStatDescr_t *, ch_est::puschRxChEstDynDescr_t *)"
9352059567,14464,210362,137,2,1,24,2,1,44,0.001,0.001,,,,,NVIDIA A100-SXM4-40GB MIG 4g.20gb (0),1,,13,"void ch_est::chEstFilterNoDftSOfdmDispatchKernel<float, __half, float, (unsigned int)2>(ch_est::puschRxChEstStatDescr_t *, ch_est::puschRxChEstDynDescr_t *)"
9352566761,4960,210373,103,1,1,128,1,1,16,0.000,0.000,,,,,NVIDIA A100-SXM4-40GB MIG 4g.20gb (0),1,,13,cupy_copy__complex64_complex64
9353049764,20447,210383,1434,1,1,128,1,1,16,0.000,0.000,,,,,NVIDIA A100-SXM4-40GB MIG 4g.20gb (0),1,,13,cupy_copy__complex64_complex64
9353489599,5855,210390,103,1,1,128,1,1,16,0.000,0.000,,,,,NVIDIA A100-SXM4-40GB MIG 4g.20gb (0),1,,13,cupy_copy__complex64_complex64
9353810235,243741,210397,1,1,1,32,32,1,30,0.000,0.000,,,,,NVIDIA A100-SXM4-40GB MIG 4g.20gb (0),1,,13,"void convert_kernel<__half2, float2>(tensor_layout_any, T1 *, tensor_layout_any, const T2 *)"
9354084472,5600,210400,,,,,,,,,,0.094,16731.388,Pinned,Device,NVIDIA A100-SXM4-40GB MIG 4g.20gb (0),1,,13,[CUDA memcpy Host-to-Device]
9354352661,53343,210401,,,,,,,,,,35.810,671292.760,Device,,NVIDIA A100-SXM4-40GB MIG 4g.20gb (0),1,,13,[CUDA memset]
9354414004,4256,210403,,,,,,,,,,0.000,18.797,Pinned,Device,NVIDIA A100-SXM4-40GB MIG 4g.20gb (0),1,,13,[CUDA memcpy Host-to-Device]
9354420692,10592,210404,,,,,,,,,,0.197,18561.761,Pinned,Device,NVIDIA A100-SXM4-40GB MIG 4g.20gb (0),1,,13,[CUDA memcpy Host-to-Device]
9354950734,19840,210405,273,1,1,48,1,1,40,0.000,0.001,,,,,NVIDIA A100-SXM4-40GB MIG 4g.20gb (0),1,,13,"void pusch_noise_intf_est::noiseIntfEstNoDftSOfdmKernel<float, __half, float, float, (unsigned int)2, (unsigned int)1, (unsigned char)4, (unsigned char)4>(pusch_noise_intf_est::puschRxNoiseIntfEstDynDescr)"
9355490760,7136,210416,35,1,1,128,1,1,16,0.000,0.000,,,,,NVIDIA A100-SXM4-40GB MIG 4g.20gb (0),1,,13,cupy_copy__complex64_complex64
9355967842,4032,210425,1,1,1,1,1,1,18,0.000,0.000,,,,,NVIDIA A100-SXM4-40GB MIG 4g.20gb (0),1,,13,cupy_copy__float32_float32
9355973282,2048,210431,,,,,,,,,,0.000,1.953,Device,Pageable,NVIDIA A100-SXM4-40GB MIG 4g.20gb (0),1,,7,[CUDA memcpy Device-to-Host]
9356410237,21792,210442,1434,1,1,128,1,1,16,0.000,0.000,,,,,NVIDIA A100-SXM4-40GB MIG 4g.20gb (0),1,,13,cupy_copy__complex64_complex64
9356887416,5216,210449,103,1,1,128,1,1,16,0.000,0.000,,,,,NVIDIA A100-SXM4-40GB MIG 4g.20gb (0),1,,13,cupy_copy__complex64_complex64
9357347667,4512,210456,35,1,1,128,1,1,16,0.000,0.000,,,,,NVIDIA A100-SXM4-40GB MIG 4g.20gb (0),1,,13,cupy_copy__complex64_complex64
9357725678,4256,210463,1,1,1,1,1,1,18,0.000,0.000,,,,,NVIDIA A100-SXM4-40GB MIG 4g.20gb (0),1,,13,cupy_copy__float32_float32
9358125258,229597,210474,1,1,1,32,32,1,30,0.000,0.000,,,,,NVIDIA A100-SXM4-40GB MIG 4g.20gb (0),1,,13,"void convert_kernel<__half2, float2>(tensor_layout_any, T1 *, tensor_layout_any, const T2 *)"
9358387815,11776,210477,,,,,,,,,,0.094,7956.477,Pinned,Device,NVIDIA A100-SXM4-40GB MIG 4g.20gb (0),1,,13,[CUDA memcpy Host-to-Device]
9358908065,6688,210478,,,,,,,,,,1.547,231252.767,Device,,NVIDIA A100-SXM4-40GB MIG 4g.20gb (0),1,,13,[CUDA memset]
9358919585,3712,210483,,,,,,,,,,0.031,8431.017,Pinned,Device,NVIDIA A100-SXM4-40GB MIG 4g.20gb (0),1,,13,[CUDA memcpy Host-to-Device]
9358929185,12287,210484,,,,,,,,,,0.197,16001.139,Pinned,Device,NVIDIA A100-SXM4-40GB MIG 4g.20gb (0),1,,13,[CUDA memcpy Host-to-Device]
9359447291,10464,210485,273,1,1,8,4,1,39,0.002,0.000,,,,,NVIDIA A100-SXM4-40GB MIG 4g.20gb (0),1,,13,"void channel_eq::eqMmseCoefCompLowMimoKernel<float, float, float, (unsigned int)4, (unsigned int)1, (unsigned int)4>(const channel_eq::_puschRxChEqStatDescr *, channel_eq::_puschRxChEqCoefCompDynDescr)"
9359930869,16608,210486,273,1,1,12,11,1,51,0.002,0.000,,,,,NVIDIA A100-SXM4-40GB MIG 4g.20gb (0),1,,13,"void channel_eq::eqMmseSoftDemapKernel<float, __half, __half, float, (unsigned int)4, (unsigned short)16383>(channel_eq::_puschRxChEqStatDescr *, channel_eq::_puschRxChEqSoftDemapDynDescr)"
9360480207,571641,210487,1,1,1,32,32,1,30,0.000,0.000,,,,,NVIDIA A100-SXM4-40GB MIG 4g.20gb (0),1,,13,"void convert_kernel<float2, __half2>(tensor_layout_any, T1 *, tensor_layout_any, const T2 *)"
9361573731,18687,210499,2253,1,1,128,1,1,16,0.000,0.000,,,,,NVIDIA A100-SXM4-40GB MIG 4g.20gb (0),1,,13,cupy_copy__float16_float16
9362121436,9536,210508,282,1,1,128,1,1,16,0.000,0.000,,,,,NVIDIA A100-SXM4-40GB MIG 4g.20gb (0),1,,13,cupy_copy__complex64_complex64
9362610391,15104,210517,26,1,1,128,1,1,16,0.000,0.000,,,,,NVIDIA A100-SXM4-40GB MIG 4g.20gb (0),1,,13,cupy_copy__float32_float32
9363134737,7552,210526,103,1,1,128,1,1,16,0.000,0.000,,,,,NVIDIA A100-SXM4-40GB MIG 4g.20gb (0),1,,13,cupy_copy__complex64_complex64
9363439277,30816,210536,1434,1,1,128,1,1,16,0.000,0.000,,,,,NVIDIA A100-SXM4-40GB MIG 4g.20gb (0),1,,13,cupy_copy__complex64_complex64
9364084550,263805,210541,1,1,1,32,32,1,30,0.000,0.000,,,,,NVIDIA A100-SXM4-40GB MIG 4g.20gb (0),1,,13,"void convert_kernel<__half2, float2>(tensor_layout_any, T1 *, tensor_layout_any, const T2 *)"
9364379363,5984,210544,,,,,,,,,,0.094,15657.726,Pinned,Device,NVIDIA A100-SXM4-40GB MIG 4g.20gb (0),1,,13,[CUDA memcpy Host-to-Device]
9364557505,629400,210545,,,,,,,,,,456.561,725019.567,Device,,NVIDIA A100-SXM4-40GB MIG 4g.20gb (0),1,,13,[CUDA memset]
9365191513,63104,210550,,,,,,,,,,1.235,19568.923,Pinned,Device,NVIDIA A100-SXM4-40GB MIG 4g.20gb (0),1,,13,[CUDA memcpy Host-to-Device]
9365257081,9664,210551,,,,,,,,,,0.197,20344.209,Pinned,Device,NVIDIA A100-SXM4-40GB MIG 4g.20gb (0),1,,13,[CUDA memcpy Host-to-Device]
9365655540,13376,210552,69,4,1,48,1,1,76,0.002,0.000,,,,,NVIDIA A100-SXM4-40GB MIG 4g.20gb (0),1,,13,"void ch_est::windowedChEstPreNoDftSOfdmKernel<float, __half, float, (unsigned int)2, (unsigned int)1, (unsigned short)4>(ch_est::puschRxChEstStatDescr_t *, ch_est::puschRxChEstDynDescr_t *)"
9366055920,15487,210553,137,2,1,24,2,1,44,0.001,0.001,,,,,NVIDIA A100-SXM4-40GB MIG 4g.20gb (0),1,,13,"void ch_est::chEstFilterNoDftSOfdmDispatchKernel<float, __half, float, (unsigned int)2>(ch_est::puschRxChEstStatDescr_t *, ch_est::puschRxChEstDynDescr_t *)"
9366440811,30272,210554,137,2,1,24,2,1,44,0.001,0.001,,,,,NVIDIA A100-SXM4-40GB MIG 4g.20gb (0),1,,13,"void ch_est::chEstFilterNoDftSOfdmDispatchKernel<float, __half, float, (unsigned int)2>(ch_est::puschRxChEstStatDescr_t *, ch_est::puschRxChEstDynDescr_t *)"
9366767815,5056,210565,103,1,1,128,1,1,16,0.000,0.000,,,,,NVIDIA A100-SXM4-40GB MIG 4g.20gb (0),1,,13,cupy_copy__complex64_complex64
9367004613,25247,210575,1434,1,1,128,1,1,16,0.000,0.000,,,,,NVIDIA A100-SXM4-40GB MIG 4g.20gb (0),1,,13,cupy_copy__complex64_complex64
9367559134,9472,210582,103,1,1,128,1,1,16,0.000,0.000,,,,,NVIDIA A100-SXM4-40GB MIG 4g.20gb (0),1,,13,cupy_copy__complex64_complex64
9368056953,237629,210589,1,1,1,32,32,1,30,0.000,0.000,,,,,NVIDIA A100-SXM4-40GB MIG 4g.20gb (0),1,,13,"void convert_kernel<__half2, float2>(tensor_layout_any, T1 *, tensor_layout_any, const T2 *)"
9368324342,5824,210592,,,,,,,,,,0.094,16087.884,Pinned,Device,NVIDIA A100-SXM4-40GB MIG 4g.20gb (0),1,,13,[CUDA memcpy Host-to-Device]
9368766865,51039,210593,,,,,,,,,,35.810,701587.953,Device,,NVIDIA A100-SXM4-40GB MIG 4g.20gb (0),1,,13,[CUDA memset]
9368820752,4928,210595,,,,,,,,,,0.000,16.234,Pinned,Device,NVIDIA A100-SXM4-40GB MIG 4g.20gb (0),1,,13,[CUDA memcpy Host-to-Device]
9368834256,13472,210596,,,,,,,,,,0.197,14593.819,Pinned,Device,NVIDIA A100-SXM4-40GB MIG 4g.20gb (0),1,,13,[CUDA memcpy Host-to-Device]
9369455721,18112,210597,273,1,1,48,1,1,40,0.000,0.001,,,,,NVIDIA A100-SXM4-40GB MIG 4g.20gb (0),1,,13,"void pusch_noise_intf_est::noiseIntfEstNoDftSOfdmKernel<float, __half, float, float, (unsigned int)2, (unsigned int)1, (unsigned char)4, (unsigned char)4>(pusch_noise_intf_est::puschRxNoiseIntfEstDynDescr)"
9370006723,4224,210608,35,1,1,128,1,1,16,0.000,0.000,,,,,NVIDIA A100-SXM4-40GB MIG 4g.20gb (0),1,,13,cupy_copy__complex64_complex64
9370621980,3840,210617,1,1,1,1,1,1,18,0.000,0.000,,,,,NVIDIA A100-SXM4-40GB MIG 4g.20gb (0),1,,13,cupy_copy__float32_float32
9370631003,6016,210623,,,,,,,,,,0.000,0.665,Device,Pageable,NVIDIA A100-SXM4-40GB MIG 4g.20gb (0),1,,7,[CUDA memcpy Device-to-Host]
9371238965,22111,210634,1434,1,1,128,1,1,16,0.000,0.000,,,,,NVIDIA A100-SXM4-40GB MIG 4g.20gb (0),1,,13,cupy_copy__complex64_complex64
9371866541,5152,210641,103,1,1,128,1,1,16,0.000,0.000,,,,,NVIDIA A100-SXM4-40GB MIG 4g.20gb (0),1,,13,cupy_copy__complex64_complex64
9372500774,5728,210648,35,1,1,128,1,1,16,0.000,0.000,,,,,NVIDIA A100-SXM4-40GB MIG 4g.20gb (0),1,,13,cupy_copy__complex64_complex64
9373114879,3936,210655,1,1,1,1,1,1,18,0.000,0.000,,,,,NVIDIA A100-SXM4-40GB MIG 4g.20gb (0),1,,13,cupy_copy__float32_float32
9373654009,249597,210666,1,1,1,32,32,1,30,0.000,0.000,,,,,NVIDIA A100-SXM4-40GB MIG 4g.20gb (0),1,,13,"void convert_kernel<__half2, float2>(tensor_layout_any, T1 *, tensor_layout_any, const T2 *)"
9373933654,5632,210669,,,,,,,,,,0.094,16636.287,Pinned,Device,NVIDIA A100-SXM4-40GB MIG 4g.20gb (0),1,,13,[CUDA memcpy Host-to-Device]
9374183443,5536,210670,,,,,,,,,,1.547,279374.426,Device,,NVIDIA A100-SXM4-40GB MIG 4g.20gb (0),1,,13,[CUDA memset]
9374196051,3936,210675,,,,,,,,,,0.031,7951.218,Pinned,Device,NVIDIA A100-SXM4-40GB MIG 4g.20gb (0),1,,13,[CUDA memcpy Host-to-Device]
9374205747,12736,210676,,,,,,,,,,0.197,15437.070,Pinned,Device,NVIDIA A100-SXM4-40GB MIG 4g.20gb (0),1,,13,[CUDA memcpy Host-to-Device]
9374709421,14048,210677,273,1,1,8,4,1,39,0.002,0.000,,,,,NVIDIA A100-SXM4-40GB MIG 4g.20gb (0),1,,13,"void channel_eq::eqMmseCoefCompLowMimoKernel<float, float, float, (unsigned int)4, (unsigned int)1, (unsigned int)4>(const channel_eq::_puschRxChEqStatDescr *, channel_eq::_puschRxChEqCoefCompDynDescr)"
9375230663,11296,210678,273,1,1,12,11,1,51,0.002,0.000,,,,,NVIDIA A100-SXM4-40GB MIG 4g.20gb (0),1,,13,"void channel_eq::eqMmseSoftDemapKernel<float, __half, __half, float, (unsigned int)4, (unsigned short)16383>(channel_eq::_puschRxChEqStatDescr *, channel_eq::_puschRxChEqSoftDemapDynDescr)"
9375773121,736056,210679,1,1,1,32,32,1,30,0.000,0.000,,,,,NVIDIA A100-SXM4-40GB MIG 4g.20gb (0),1,,13,"void convert_kernel<float2, __half2>(tensor_layout_any, T1 *, tensor_layout_any, const T2 *)"
9377118450,25727,210691,2253,1,1,128,1,1,16,0.000,0.000,,,,,NVIDIA A100-SXM4-40GB MIG 4g.20gb (0),1,,13,cupy_copy__float16_float16
9377595692,9600,210700,282,1,1,128,1,1,16,0.000,0.000,,,,,NVIDIA A100-SXM4-40GB MIG 4g.20gb (0),1,,13,cupy_copy__complex64_complex64
9378111142,3680,210709,26,1,1,128,1,1,16,0.000,0.000,,,,,NVIDIA A100-SXM4-40GB MIG 4g.20gb (0),1,,13,cupy_copy__float32_float32
9378608257,17120,210718,103,1,1,128,1,1,16,0.000,0.000,,,,,NVIDIA A100-SXM4-40GB MIG 4g.20gb (0),1,,13,cupy_copy__complex64_complex64
9379067483,20352,210728,1434,1,1,128,1,1,16,0.000,0.000,,,,,NVIDIA A100-SXM4-40GB MIG 4g.20gb (0),1,,13,cupy_copy__complex64_complex64
9379422903,257310,210733,1,1,1,32,32,1,30,0.000,0.000,,,,,NVIDIA A100-SXM4-40GB MIG 4g.20gb (0),1,,13,"void convert_kernel<__half2, float2>(tensor_layout_any, T1 *, tensor_layout_any, const T2 *)"
9379712276,7168,210736,,,,,,,,,,0.094,13071.342,Pinned,Device,NVIDIA A100-SXM4-40GB MIG 4g.20gb (0),1,,13,[CUDA memcpy Host-to-Device]
9379982897,626137,210737,,,,,,,,,,456.561,729128.620,Device,,NVIDIA A100-SXM4-40GB MIG 4g.20gb (0),1,,13,[CUDA memset]
9380617546,58143,210742,,,,,,,,,,1.235,21238.567,Pinned,Device,NVIDIA A100-SXM4-40GB MIG 4g.20gb (0),1,,13,[CUDA memcpy Host-to-Device]
9380678441,9728,210743,,,,,,,,,,0.197,20210.516,Pinned,Device,NVIDIA A100-SXM4-40GB MIG 4g.20gb (0),1,,13,[CUDA memcpy Host-to-Device]
9381167844,13951,210744,69,4,1,48,1,1,76,0.002,0.000,,,,,NVIDIA A100-SXM4-40GB MIG 4g.20gb (0),1,,13,"void ch_est::windowedChEstPreNoDftSOfdmKernel<float, __half, float, (unsigned int)2, (unsigned int)1, (unsigned short)4>(ch_est::puschRxChEstStatDescr_t *, ch_est::puschRxChEstDynDescr_t *)"
9381626206,14464,210745,137,2,1,24,2,1,44,0.001,0.001,,,,,NVIDIA A100-SXM4-40GB MIG 4g.20gb (0),1,,13,"void ch_est::chEstFilterNoDftSOfdmDispatchKernel<float, __half, float, (unsigned int)2>(ch_est::puschRxChEstStatDescr_t *, ch_est::puschRxChEstDynDescr_t *)"
9382168120,15072,210746,137,2,1,24,2,1,44,0.001,0.001,,,,,NVIDIA A100-SXM4-40GB MIG 4g.20gb (0),1,,13,"void ch_est::chEstFilterNoDftSOfdmDispatchKernel<float, __half, float, (unsigned int)2>(ch_est::puschRxChEstStatDescr_t *, ch_est::puschRxChEstDynDescr_t *)"
9382771697,16032,210757,103,1,1,128,1,1,16,0.000,0.000,,,,,NVIDIA A100-SXM4-40GB MIG 4g.20gb (0),1,,13,cupy_copy__complex64_complex64
9383096718,19711,210767,1434,1,1,128,1,1,16,0.000,0.000,,,,,NVIDIA A100-SXM4-40GB MIG 4g.20gb (0),1,,13,cupy_copy__complex64_complex64
9383448138,9152,210774,103,1,1,128,1,1,16,0.000,0.000,,,,,NVIDIA A100-SXM4-40GB MIG 4g.20gb (0),1,,13,cupy_copy__complex64_complex64
9383846437,198270,210781,1,1,1,32,32,1,30,0.000,0.000,,,,,NVIDIA A100-SXM4-40GB MIG 4g.20gb (0),1,,13,"void convert_kernel<__half2, float2>(tensor_layout_any, T1 *, tensor_layout_any, const T2 *)"
9384074947,6015,210784,,,,,,,,,,0.094,15577.054,Pinned,Device,NVIDIA A100-SXM4-40GB MIG 4g.20gb (0),1,,13,[CUDA memcpy Host-to-Device]
9384350751,60640,210785,,,,,,,,,,35.810,590505.581,Device,,NVIDIA A100-SXM4-40GB MIG 4g.20gb (0),1,,13,[CUDA memset]
9384415871,5504,210787,,,,,,,,,,0.000,14.535,Pinned,Device,NVIDIA A100-SXM4-40GB MIG 4g.20gb (0),1,,13,[CUDA memcpy Host-to-Device]
9384424351,13855,210788,,,,,,,,,,0.197,14190.379,Pinned,Device,NVIDIA A100-SXM4-40GB MIG 4g.20gb (0),1,,13,[CUDA memcpy Host-to-Device]
9384868825,13920,210789,273,1,1,48,1,1,40,0.000,0.001,,,,,NVIDIA A100-SXM4-40GB MIG 4g.20gb (0),1,,13,"void pusch_noise_intf_est::noiseIntfEstNoDftSOfdmKernel<float, __half, float, float, (unsigned int)2, (unsigned int)1, (unsigned char)4, (unsigned char)4>(pusch_noise_intf_est::puschRxNoiseIntfEstDynDescr)"
9385339572,4832,210800,35,1,1,128,1,1,16,0.000,0.000,,,,,NVIDIA A100-SXM4-40GB MIG 4g.20gb (0),1,,13,cupy_copy__complex64_complex64
9385889806,5120,210809,1,1,1,1,1,1,18,0.000,0.000,,,,,NVIDIA A100-SXM4-40GB MIG 4g.20gb (0),1,,13,cupy_copy__float32_float32
9385900014,5280,210815,,,,,,,,,,0.000,0.758,Device,Pageable,NVIDIA A100-SXM4-40GB MIG 4g.20gb (0),1,,7,[CUDA memcpy Device-to-Host]
9386511719,21760,210826,1434,1,1,128,1,1,16,0.000,0.000,,,,,NVIDIA A100-SXM4-40GB MIG 4g.20gb (0),1,,13,cupy_copy__complex64_complex64
9387001569,4416,210833,103,1,1,128,1,1,16,0.000,0.000,,,,,NVIDIA A100-SXM4-40GB MIG 4g.20gb (0),1,,13,cupy_copy__complex64_complex64
9387518651,4384,210840,35,1,1,128,1,1,16,0.000,0.000,,,,,NVIDIA A100-SXM4-40GB MIG 4g.20gb (0),1,,13,cupy_copy__complex64_complex64
9388071413,3936,210847,1,1,1,1,1,1,18,0.000,0.000,,,,,NVIDIA A100-SXM4-40GB MIG 4g.20gb (0),1,,13,cupy_copy__float32_float32
9388620015,253341,210858,1,1,1,32,32,1,30,0.000,0.000,,,,,NVIDIA A100-SXM4-40GB MIG 4g.20gb (0),1,,13,"void convert_kernel<__half2, float2>(tensor_layout_any, T1 *, tensor_layout_any, const T2 *)"
9388904812,5439,210861,,,,,,,,,,0.094,17226.665,Pinned,Device,NVIDIA A100-SXM4-40GB MIG 4g.20gb (0),1,,13,[CUDA memcpy Host-to-Device]
9389458117,7200,210862,,,,,,,,,,1.547,214807.514,Device,,NVIDIA A100-SXM4-40GB MIG 4g.20gb (0),1,,13,[CUDA memset]
9389483109,3072,210867,,,,,,,,,,0.031,10187.474,Pinned,Device,NVIDIA A100-SXM4-40GB MIG 4g.20gb (0),1,,13,[CUDA memcpy Host-to-Device]
9389489061,13920,210868,,,,,,,,,,0.197,14124.122,Pinned,Device,NVIDIA A100-SXM4-40GB MIG 4g.20gb (0),1,,13,[CUDA memcpy Host-to-Device]
9390029599,14848,210869,273,1,1,8,4,1,39,0.002,0.000,,,,,NVIDIA A100-SXM4-40GB MIG 4g.20gb (0),1,,13,"void channel_eq::eqMmseCoefCompLowMimoKernel<float, float, float, (unsigned int)4, (unsigned int)1, (unsigned int)4>(const channel_eq::_puschRxChEqStatDescr *, channel_eq::_puschRxChEqCoefCompDynDescr)"
9390575865,14303,210870,273,1,1,12,11,1,51,0.002,0.000,,,,,NVIDIA A100-SXM4-40GB MIG 4g.20gb (0),1,,13,"void channel_eq::eqMmseSoftDemapKernel<float, __half, __half, float, (unsigned int)4, (unsigned short)16383>(channel_eq::_puschRxChEqStatDescr *, channel_eq::_puschRxChEqSoftDemapDynDescr)"
9391141234,655289,210871,1,1,1,32,32,1,30,0.000,0.000,,,,,NVIDIA A100-SXM4-40GB MIG 4g.20gb (0),1,,13,"void convert_kernel<float2, __half2>(tensor_layout_any, T1 *, tensor_layout_any, const T2 *)"
9392038664,19808,210883,2253,1,1,128,1,1,16,0.000,0.000,,,,,NVIDIA A100-SXM4-40GB MIG 4g.20gb (0),1,,13,cupy_copy__float16_float16
9392498083,9280,210892,282,1,1,128,1,1,16,0.000,0.000,,,,,NVIDIA A100-SXM4-40GB MIG 4g.20gb (0),1,,13,cupy_copy__complex64_complex64
9392895518,3712,210901,26,1,1,128,1,1,16,0.000,0.000,,,,,NVIDIA A100-SXM4-40GB MIG 4g.20gb (0),1,,13,cupy_copy__float32_float32
9393276122,16096,210910,103,1,1,128,1,1,16,0.000,0.000,,,,,NVIDIA A100-SXM4-40GB MIG 4g.20gb (0),1,,13,cupy_copy__complex64_complex64
9393617974,20512,210920,1434,1,1,128,1,1,16,0.000,0.000,,,,,NVIDIA A100-SXM4-40GB MIG 4g.20gb (0),1,,13,cupy_copy__complex64_complex64
9394033073,255293,210925,1,1,1,32,32,1,30,0.000,0.000,,,,,NVIDIA A100-SXM4-40GB MIG 4g.20gb (0),1,,13,"void convert_kernel<__half2, float2>(tensor_layout_any, T1 *, tensor_layout_any, const T2 *)"
9394318734,5856,210928,,,,,,,,,,0.094,15999.997,Pinned,Device,NVIDIA A100-SXM4-40GB MIG 4g.20gb (0),1,,13,[CUDA memcpy Host-to-Device]
9394569707,620601,210929,,,,,,,,,,456.561,735520.480,Device,,NVIDIA A100-SXM4-40GB MIG 4g.20gb (0),1,,13,[CUDA memset]
9395198436,58719,210934,,,,,,,,,,1.235,21031.096,Pinned,Device,NVIDIA A100-SXM4-40GB MIG 4g.20gb (0),1,,13,[CUDA memcpy Host-to-Device]
9395259875,9344,210935,,,,,,,,,,0.197,21040.988,Pinned,Device,NVIDIA A100-SXM4-40GB MIG 4g.20gb (0),1,,13,[CUDA memcpy Host-to-Device]
9395839517,13599,210936,69,4,1,48,1,1,76,0.002,0.000,,,,,NVIDIA A100-SXM4-40GB MIG 4g.20gb (0),1,,13,"void ch_est::windowedChEstPreNoDftSOfdmKernel<float, __half, float, (unsigned int)2, (unsigned int)1, (unsigned short)4>(ch_est::puschRxChEstStatDescr_t *, ch_est::puschRxChEstDynDescr_t *)"
9396254456,14272,210937,137,2,1,24,2,1,44,0.001,0.001,,,,,NVIDIA A100-SXM4-40GB MIG 4g.20gb (0),1,,13,"void ch_est::chEstFilterNoDftSOfdmDispatchKernel<float, __half, float, (unsigned int)2>(ch_est::puschRxChEstStatDescr_t *, ch_est::puschRxChEstDynDescr_t *)"
9396639572,28319,210938,137,2,1,24,2,1,44,0.001,0.001,,,,,NVIDIA A100-SXM4-40GB MIG 4g.20gb (0),1,,13,"void ch_est::chEstFilterNoDftSOfdmDispatchKernel<float, __half, float, (unsigned int)2>(ch_est::puschRxChEstStatDescr_t *, ch_est::puschRxChEstDynDescr_t *)"
9396970096,6592,210949,103,1,1,128,1,1,16,0.000,0.000,,,,,NVIDIA A100-SXM4-40GB MIG 4g.20gb (0),1,,13,cupy_copy__complex64_complex64
9397150062,22207,210959,1434,1,1,128,1,1,16,0.000,0.000,,,,,NVIDIA A100-SXM4-40GB MIG 4g.20gb (0),1,,13,cupy_copy__complex64_complex64
9397547113,6944,210966,103,1,1,128,1,1,16,0.000,0.000,,,,,NVIDIA A100-SXM4-40GB MIG 4g.20gb (0),1,,13,cupy_copy__complex64_complex64
9397867366,241725,210973,1,1,1,32,32,1,30,0.000,0.000,,,,,NVIDIA A100-SXM4-40GB MIG 4g.20gb (0),1,,13,"void convert_kernel<__half2, float2>(tensor_layout_any, T1 *, tensor_layout_any, const T2 *)"
9398139650,6688,210976,,,,,,,,,,0.094,14009.520,Pinned,Device,NVIDIA A100-SXM4-40GB MIG 4g.20gb (0),1,,13,[CUDA memcpy Host-to-Device]
9398427327,51616,210977,,,,,,,,,,35.810,693745.580,Device,,NVIDIA A100-SXM4-40GB MIG 4g.20gb (0),1,,13,[CUDA memset]
9398481663,2240,210979,,,,,,,,,,0.000,35.714,Pinned,Device,NVIDIA A100-SXM4-40GB MIG 4g.20gb (0),1,,13,[CUDA memcpy Host-to-Device]
9398487646,14368,210980,,,,,,,,,,0.197,13683.720,Pinned,Device,NVIDIA A100-SXM4-40GB MIG 4g.20gb (0),1,,13,[CUDA memcpy Host-to-Device]
9398998169,17599,210981,273,1,1,48,1,1,40,0.000,0.001,,,,,NVIDIA A100-SXM4-40GB MIG 4g.20gb (0),1,,13,"void pusch_noise_intf_est::noiseIntfEstNoDftSOfdmKernel<float, __half, float, float, (unsigned int)2, (unsigned int)1, (unsigned char)4, (unsigned char)4>(pusch_noise_intf_est::puschRxNoiseIntfEstDynDescr)"
9399511507,5472,210992,35,1,1,128,1,1,16,0.000,0.000,,,,,NVIDIA A100-SXM4-40GB MIG 4g.20gb (0),1,,13,cupy_copy__complex64_complex64
9399926926,3008,211001,1,1,1,1,1,1,18,0.000,0.000,,,,,NVIDIA A100-SXM4-40GB MIG 4g.20gb (0),1,,13,cupy_copy__float32_float32
9399936142,1568,211007,,,,,,,,,,0.000,2.551,Device,Pageable,NVIDIA A100-SXM4-40GB MIG 4g.20gb (0),1,,7,[CUDA memcpy Device-to-Host]
9400474408,18784,211018,1434,1,1,128,1,1,16,0.000,0.000,,,,,NVIDIA A100-SXM4-40GB MIG 4g.20gb (0),1,,13,cupy_copy__complex64_complex64
9400990146,5120,211025,103,1,1,128,1,1,16,0.000,0.000,,,,,NVIDIA A100-SXM4-40GB MIG 4g.20gb (0),1,,13,cupy_copy__complex64_complex64
9401528188,13248,211032,35,1,1,128,1,1,16,0.000,0.000,,,,,NVIDIA A100-SXM4-40GB MIG 4g.20gb (0),1,,13,cupy_copy__complex64_complex64
9401930775,4448,211039,1,1,1,1,1,1,18,0.000,0.000,,,,,NVIDIA A100-SXM4-40GB MIG 4g.20gb (0),1,,13,cupy_copy__float32_float32
9402302163,271069,211050,1,1,1,32,32,1,30,0.000,0.000,,,,,NVIDIA A100-SXM4-40GB MIG 4g.20gb (0),1,,13,"void convert_kernel<__half2, float2>(tensor_layout_any, T1 *, tensor_layout_any, const T2 *)"
9402606512,9120,211053,,,,,,,,,,0.094,10273.673,Pinned,Device,NVIDIA A100-SXM4-40GB MIG 4g.20gb (0),1,,13,[CUDA memcpy Host-to-Device]
9402813549,15840,211054,,,,,,,,,,1.547,97639.920,Device,,NVIDIA A100-SXM4-40GB MIG 4g.20gb (0),1,,13,[CUDA memset]
9402833229,3168,211059,,,,,,,,,,0.031,9878.770,Pinned,Device,NVIDIA A100-SXM4-40GB MIG 4g.20gb (0),1,,13,[CUDA memcpy Host-to-Device]
9402842637,13888,211060,,,,,,,,,,0.197,14156.562,Pinned,Device,NVIDIA A100-SXM4-40GB MIG 4g.20gb (0),1,,13,[CUDA memcpy Host-to-Device]
9403339591,20608,211061,273,1,1,8,4,1,39,0.002,0.000,,,,,NVIDIA A100-SXM4-40GB MIG 4g.20gb (0),1,,13,"void channel_eq::eqMmseCoefCompLowMimoKernel<float, float, float, (unsigned int)4, (unsigned int)1, (unsigned int)4>(const channel_eq::_puschRxChEqStatDescr *, channel_eq::_puschRxChEqCoefCompDynDescr)"
9403769314,13568,211062,273,1,1,12,11,1,51,0.002,0.000,,,,,NVIDIA A100-SXM4-40GB MIG 4g.20gb (0),1,,13,"void channel_eq::eqMmseSoftDemapKernel<float, __half, __half, float, (unsigned int)4, (unsigned short)16383>(channel_eq::_puschRxChEqStatDescr *, channel_eq::_puschRxChEqSoftDemapDynDescr)"
9404303132,682361,211063,1,1,1,32,32,1,30,0.000,0.000,,,,,NVIDIA A100-SXM4-40GB MIG 4g.20gb (0),1,,13,"void convert_kernel<float2, __half2>(tensor_layout_any, T1 *, tensor_layout_any, const T2 *)"
9405106579,18752,211075,2253,1,1,128,1,1,16,0.000,0.000,,,,,NVIDIA A100-SXM4-40GB MIG 4g.20gb (0),1,,13,cupy_copy__float16_float16
9405527982,10240,211084,282,1,1,128,1,1,16,0.000,0.000,,,,,NVIDIA A100-SXM4-40GB MIG 4g.20gb (0),1,,13,cupy_copy__complex64_complex64
9405912842,3936,211093,26,1,1,128,1,1,16,0.000,0.000,,,,,NVIDIA A100-SXM4-40GB MIG 4g.20gb (0),1,,13,cupy_copy__float32_float32
9406338949,17696,211102,103,1,1,128,1,1,16,0.000,0.000,,,,,NVIDIA A100-SXM4-40GB MIG 4g.20gb (0),1,,13,cupy_copy__complex64_complex64
9406725377,21120,211112,1434,1,1,128,1,1,16,0.000,0.000,,,,,NVIDIA A100-SXM4-40GB MIG 4g.20gb (0),1,,13,cupy_copy__complex64_complex64
9407046077,253021,211117,1,1,1,32,32,1,30,0.000,0.000,,,,,NVIDIA A100-SXM4-40GB MIG 4g.20gb (0),1,,13,"void convert_kernel<__half2, float2>(tensor_layout_any, T1 *, tensor_layout_any, const T2 *)"
9407330010,5664,211120,,,,,,,,,,0.094,16542.310,Pinned,Device,NVIDIA A100-SXM4-40GB MIG 4g.20gb (0),1,,13,[CUDA memcpy Host-to-Device]
9407644694,608601,211121,,,,,,,,,,456.561,750130.446,Device,,NVIDIA A100-SXM4-40GB MIG 4g.20gb (0),1,,13,[CUDA memset]
9408257967,66752,211126,,,,,,,,,,1.235,18499.461,Pinned,Device,NVIDIA A100-SXM4-40GB MIG 4g.20gb (0),1,,13,[CUDA memcpy Host-to-Device]
9408327183,10879,211127,,,,,,,,,,0.197,18072.207,Pinned,Device,NVIDIA A100-SXM4-40GB MIG 4g.20gb (0),1,,13,[CUDA memcpy Host-to-Device]
9408758250,14079,211128,69,4,1,48,1,1,76,0.002,0.000,,,,,NVIDIA A100-SXM4-40GB MIG 4g.20gb (0),1,,13,"void ch_est::windowedChEstPreNoDftSOfdmKernel<float, __half, float, (unsigned int)2, (unsigned int)1, (unsigned short)4>(ch_est::puschRxChEstStatDescr_t *, ch_est::puschRxChEstDynDescr_t *)"
9409348515,13024,211129,137,2,1,24,2,1,44,0.001,0.001,,,,,NVIDIA A100-SXM4-40GB MIG 4g.20gb (0),1,,13,"void ch_est::chEstFilterNoDftSOfdmDispatchKernel<float, __half, float, (unsigned int)2>(ch_est::puschRxChEstStatDescr_t *, ch_est::puschRxChEstDynDescr_t *)"
9409851933,11904,211130,137,2,1,24,2,1,44,0.001,0.001,,,,,NVIDIA A100-SXM4-40GB MIG 4g.20gb (0),1,,13,"void ch_est::chEstFilterNoDftSOfdmDispatchKernel<float, __half, float, (unsigned int)2>(ch_est::puschRxChEstStatDescr_t *, ch_est::puschRxChEstDynDescr_t *)"
9410353879,4960,211141,103,1,1,128,1,1,16,0.000,0.000,,,,,NVIDIA A100-SXM4-40GB MIG 4g.20gb (0),1,,13,cupy_copy__complex64_complex64
9410859922,20447,211151,1434,1,1,128,1,1,16,0.000,0.000,,,,,NVIDIA A100-SXM4-40GB MIG 4g.20gb (0),1,,13,cupy_copy__complex64_complex64
9411306573,5536,211158,103,1,1,128,1,1,16,0.000,0.000,,,,,NVIDIA A100-SXM4-40GB MIG 4g.20gb (0),1,,13,cupy_copy__complex64_complex64
9411784775,231838,211165,1,1,1,32,32,1,30,0.000,0.000,,,,,NVIDIA A100-SXM4-40GB MIG 4g.20gb (0),1,,13,"void convert_kernel<__half2, float2>(tensor_layout_any, T1 *, tensor_layout_any, const T2 *)"
9412048548,8960,211168,,,,,,,,,,0.094,10457.129,Pinned,Device,NVIDIA A100-SXM4-40GB MIG 4g.20gb (0),1,,13,[CUDA memcpy Host-to-Device]
9412314497,59871,211169,,,,,,,,,,35.810,598097.284,Device,,NVIDIA A100-SXM4-40GB MIG 4g.20gb (0),1,,13,[CUDA memset]
9412375616,5728,211171,,,,,,,,,,0.000,13.966,Pinned,Device,NVIDIA A100-SXM4-40GB MIG 4g.20gb (0),1,,13,[CUDA memcpy Host-to-Device]
9412384512,13120,211172,,,,,,,,,,0.197,14985.265,Pinned,Device,NVIDIA A100-SXM4-40GB MIG 4g.20gb (0),1,,13,[CUDA memcpy Host-to-Device]
9412795772,15936,211173,273,1,1,48,1,1,40,0.000,0.001,,,,,NVIDIA A100-SXM4-40GB MIG 4g.20gb (0),1,,13,"void pusch_noise_intf_est::noiseIntfEstNoDftSOfdmKernel<float, __half, float, float, (unsigned int)2, (unsigned int)1, (unsigned char)4, (unsigned char)4>(pusch_noise_intf_est::puschRxNoiseIntfEstDynDescr)"
9413209687,6080,211184,35,1,1,128,1,1,16,0.000,0.000,,,,,NVIDIA A100-SXM4-40GB MIG 4g.20gb (0),1,,13,cupy_copy__complex64_complex64
9413588403,3168,211193,1,1,1,1,1,1,18,0.000,0.000,,,,,NVIDIA A100-SXM4-40GB MIG 4g.20gb (0),1,,13,cupy_copy__float32_float32
9413595411,1600,211199,,,,,,,,,,0.000,2.500,Device,Pageable,NVIDIA A100-SXM4-40GB MIG 4g.20gb (0),1,,7,[CUDA memcpy Device-to-Host]
9414034798,25695,211210,1434,1,1,128,1,1,16,0.000,0.000,,,,,NVIDIA A100-SXM4-40GB MIG 4g.20gb (0),1,,13,cupy_copy__complex64_complex64
9414663366,5216,211217,103,1,1,128,1,1,16,0.000,0.000,,,,,NVIDIA A100-SXM4-40GB MIG 4g.20gb (0),1,,13,cupy_copy__complex64_complex64
9415187744,4640,211224,35,1,1,128,1,1,16,0.000,0.000,,,,,NVIDIA A100-SXM4-40GB MIG 4g.20gb (0),1,,13,cupy_copy__complex64_complex64
9415661019,7040,211231,1,1,1,1,1,1,18,0.000,0.000,,,,,NVIDIA A100-SXM4-40GB MIG 4g.20gb (0),1,,13,cupy_copy__float32_float32
9416208853,249117,211242,1,1,1,32,32,1,30,0.000,0.000,,,,,NVIDIA A100-SXM4-40GB MIG 4g.20gb (0),1,,13,"void convert_kernel<__half2, float2>(tensor_layout_any, T1 *, tensor_layout_any, const T2 *)"
9416490002,13215,211245,,,,,,,,,,0.094,7090.070,Pinned,Device,NVIDIA A100-SXM4-40GB MIG 4g.20gb (0),1,,13,[CUDA memcpy Host-to-Device]
9416948684,8256,211246,,,,,,,,,,1.547,187333.285,Device,,NVIDIA A100-SXM4-40GB MIG 4g.20gb (0),1,,13,[CUDA memset]
9416958188,5920,211251,,,,,,,,,,0.031,5286.458,Pinned,Device,NVIDIA A100-SXM4-40GB MIG 4g.20gb (0),1,,13,[CUDA memcpy Host-to-Device]
9416969420,12192,211252,,,,,,,,,,0.197,16125.788,Pinned,Device,NVIDIA A100-SXM4-40GB MIG 4g.20gb (0),1,,13,[CUDA memcpy Host-to-Device]
9417490246,11808,211253,273,1,1,8,4,1,39,0.002,0.000,,,,,NVIDIA A100-SXM4-40GB MIG 4g.20gb (0),1,,13,"void channel_eq::eqMmseCoefCompLowMimoKernel<float, float, float, (unsigned int)4, (unsigned int)1, (unsigned int)4>(const channel_eq::_puschRxChEqStatDescr *, channel_eq::_puschRxChEqCoefCompDynDescr)"
9418039968,13920,211254,273,1,1,12,11,1,51,0.002,0.000,,,,,NVIDIA A100-SXM4-40GB MIG 4g.20gb (0),1,,13,"void channel_eq::eqMmseSoftDemapKernel<float, __half, __half, float, (unsigned int)4, (unsigned short)16383>(channel_eq::_puschRxChEqStatDescr *, channel_eq::_puschRxChEqSoftDemapDynDescr)"
9418576410,670296,211255,1,1,1,32,32,1,30,0.000,0.000,,,,,NVIDIA A100-SXM4-40GB MIG 4g.20gb (0),1,,13,"void convert_kernel<float2, __half2>(tensor_layout_any, T1 *, tensor_layout_any, const T2 *)"
9419752013,16127,211267,2253,1,1,128,1,1,16,0.000,0.000,,,,,NVIDIA A100-SXM4-40GB MIG 4g.20gb (0),1,,13,cupy_copy__float16_float16
9420189352,8223,211276,282,1,1,128,1,1,16,0.000,0.000,,,,,NVIDIA A100-SXM4-40GB MIG 4g.20gb (0),1,,13,cupy_copy__complex64_complex64
9420590755,3872,211285,26,1,1,128,1,1,16,0.000,0.000,,,,,NVIDIA A100-SXM4-40GB MIG 4g.20gb (0),1,,13,cupy_copy__float32_float32
9421079773,12896,211294,103,1,1,128,1,1,16,0.000,0.000,,,,,NVIDIA A100-SXM4-40GB MIG 4g.20gb (0),1,,13,cupy_copy__complex64_complex64
9421513880,23872,211304,1434,1,1,128,1,1,16,0.000,0.000,,,,,NVIDIA A100-SXM4-40GB MIG 4g.20gb (0),1,,13,cupy_copy__complex64_complex64
9422010739,228701,211309,1,1,1,32,32,1,30,0.000,0.000,,,,,NVIDIA A100-SXM4-40GB MIG 4g.20gb (0),1,,13,"void convert_kernel<__half2, float2>(tensor_layout_any, T1 *, tensor_layout_any, const T2 *)"
9422270096,5504,211312,,,,,,,,,,0.094,17023.251,Pinned,Device,NVIDIA A100-SXM4-40GB MIG 4g.20gb (0),1,,13,[CUDA memcpy Host-to-Device]
9422599692,628313,211313,,,,,,,,,,456.561,726389.251,Device,,NVIDIA A100-SXM4-40GB MIG 4g.20gb (0),1,,13,[CUDA memset]
9423231141,73727,211318,,,,,,,,,,1.235,16749.545,Pinned,Device,NVIDIA A100-SXM4-40GB MIG 4g.20gb (0),1,,13,[CUDA memcpy Host-to-Device]
9423308004,12416,211319,,,,,,,,,,0.197,15835.005,Pinned,Device,NVIDIA A100-SXM4-40GB MIG 4g.20gb (0),1,,13,[CUDA memcpy Host-to-Device]
9423801726,17440,211320,69,4,1,48,1,1,76,0.002,0.000,,,,,NVIDIA A100-SXM4-40GB MIG 4g.20gb (0),1,,13,"void ch_est::windowedChEstPreNoDftSOfdmKernel<float, __half, float, (unsigned int)2, (unsigned int)1, (unsigned short)4>(ch_est::puschRxChEstStatDescr_t *, ch_est::puschRxChEstDynDescr_t *)"
9424333656,16864,211321,137,2,1,24,2,1,44,0.001,0.001,,,,,NVIDIA A100-SXM4-40GB MIG 4g.20gb (0),1,,13,"void ch_est::chEstFilterNoDftSOfdmDispatchKernel<float, __half, float, (unsigned int)2>(ch_est::puschRxChEstStatDescr_t *, ch_est::puschRxChEstDynDescr_t *)"
9424758772,10943,211322,137,2,1,24,2,1,44,0.001,0.001,,,,,NVIDIA A100-SXM4-40GB MIG 4g.20gb (0),1,,13,"void ch_est::chEstFilterNoDftSOfdmDispatchKernel<float, __half, float, (unsigned int)2>(ch_est::puschRxChEstStatDescr_t *, ch_est::puschRxChEstDynDescr_t *)"
9425261742,8864,211333,103,1,1,128,1,1,16,0.000,0.000,,,,,NVIDIA A100-SXM4-40GB MIG 4g.20gb (0),1,,13,cupy_copy__complex64_complex64
9425715625,22943,211343,1434,1,1,128,1,1,16,0.000,0.000,,,,,NVIDIA A100-SXM4-40GB MIG 4g.20gb (0),1,,13,cupy_copy__complex64_complex64
9426137316,5216,211350,103,1,1,128,1,1,16,0.000,0.000,,,,,NVIDIA A100-SXM4-40GB MIG 4g.20gb (0),1,,13,cupy_copy__complex64_complex64
9426438944,253854,211357,1,1,1,32,32,1,30,0.000,0.000,,,,,NVIDIA A100-SXM4-40GB MIG 4g.20gb (0),1,,13,"void convert_kernel<__half2, float2>(tensor_layout_any, T1 *, tensor_layout_any, const T2 *)"
9426723069,6848,211360,,,,,,,,,,0.094,13682.239,Pinned,Device,NVIDIA A100-SXM4-40GB MIG 4g.20gb (0),1,,13,[CUDA memcpy Host-to-Device]
9427027034,53343,211361,,,,,,,,,,35.810,671292.760,Device,,NVIDIA A100-SXM4-40GB MIG 4g.20gb (0),1,,13,[CUDA memset]
9427083641,2272,211363,,,,,,,,,,0.000,35.211,Pinned,Device,NVIDIA A100-SXM4-40GB MIG 4g.20gb (0),1,,13,[CUDA memcpy Host-to-Device]
9427092665,11296,211364,,,,,,,,,,0.197,17404.920,Pinned,Device,NVIDIA A100-SXM4-40GB MIG 4g.20gb (0),1,,13,[CUDA memcpy Host-to-Device]
9427613779,19872,211365,273,1,1,48,1,1,40,0.000,0.001,,,,,NVIDIA A100-SXM4-40GB MIG 4g.20gb (0),1,,13,"void pusch_noise_intf_est::noiseIntfEstNoDftSOfdmKernel<float, __half, float, float, (unsigned int)2, (unsigned int)1, (unsigned char)4, (unsigned char)4>(pusch_noise_intf_est::puschRxNoiseIntfEstDynDescr)"
9428205292,7264,211376,35,1,1,128,1,1,16,0.000,0.000,,,,,NVIDIA A100-SXM4-40GB MIG 4g.20gb (0),1,,13,cupy_copy__complex64_complex64
9428649255,4000,211385,1,1,1,1,1,1,18,0.000,0.000,,,,,NVIDIA A100-SXM4-40GB MIG 4g.20gb (0),1,,13,cupy_copy__float32_float32
9428657255,1600,211391,,,,,,,,,,0.000,2.500,Device,Pageable,NVIDIA A100-SXM4-40GB MIG 4g.20gb (0),1,,7,[CUDA memcpy Device-to-Host]
9429174305,22976,211402,1434,1,1,128,1,1,16,0.000,0.000,,,,,NVIDIA A100-SXM4-40GB MIG 4g.20gb (0),1,,13,cupy_copy__complex64_complex64
9429578333,5216,211409,103,1,1,128,1,1,16,0.000,0.000,,,,,NVIDIA A100-SXM4-40GB MIG 4g.20gb (0),1,,13,cupy_copy__complex64_complex64
9429921977,8992,211416,35,1,1,128,1,1,16,0.000,0.000,,,,,NVIDIA A100-SXM4-40GB MIG 4g.20gb (0),1,,13,cupy_copy__complex64_complex64
9430213269,4480,211423,1,1,1,1,1,1,18,0.000,0.000,,,,,NVIDIA A100-SXM4-40GB MIG 4g.20gb (0),1,,13,cupy_copy__float32_float32
9430419059,256477,211434,1,1,1,32,32,1,30,0.000,0.000,,,,,NVIDIA A100-SXM4-40GB MIG 4g.20gb (0),1,,13,"void convert_kernel<__half2, float2>(tensor_layout_any, T1 *, tensor_layout_any, const T2 *)"
9430705456,7424,211437,,,,,,,,,,0.094,12620.664,Pinned,Device,NVIDIA A100-SXM4-40GB MIG 4g.20gb (0),1,,13,[CUDA memcpy Host-to-Device]
9430881678,6336,211438,,,,,,,,,,1.547,244100.573,Device,,NVIDIA A100-SXM4-40GB MIG 4g.20gb (0),1,,13,[CUDA memset]
9430891214,7072,211443,,,,,,,,,,0.031,4425.317,Pinned,Device,NVIDIA A100-SXM4-40GB MIG 4g.20gb (0),1,,13,[CUDA memcpy Host-to-Device]
9430900814,10432,211444,,,,,,,,,,0.197,18846.450,Pinned,Device,NVIDIA A100-SXM4-40GB MIG 4g.20gb (0),1,,13,[CUDA memcpy Host-to-Device]
9431479239,19264,211445,273,1,1,8,4,1,39,0.002,0.000,,,,,NVIDIA A100-SXM4-40GB MIG 4g.20gb (0),1,,13,"void channel_eq::eqMmseCoefCompLowMimoKernel<float, float, float, (unsigned int)4, (unsigned int)1, (unsigned int)4>(const channel_eq::_puschRxChEqStatDescr *, channel_eq::_puschRxChEqCoefCompDynDescr)"
9432077152,14432,211446,273,1,1,12,11,1,51,0.002,0.000,,,,,NVIDIA A100-SXM4-40GB MIG 4g.20gb (0),1,,13,"void channel_eq::eqMmseSoftDemapKernel<float, __half, __half, float, (unsigned int)4, (unsigned short)16383>(channel_eq::_puschRxChEqStatDescr *, channel_eq::_puschRxChEqSoftDemapDynDescr)"
9432513147,660601,211447,1,1,1,32,32,1,30,0.000,0.000,,,,,NVIDIA A100-SXM4-40GB MIG 4g.20gb (0),1,,13,"void convert_kernel<float2, __half2>(tensor_layout_any, T1 *, tensor_layout_any, const T2 *)"
9433857644,15424,211459,2253,1,1,128,1,1,16,0.000,0.000,,,,,NVIDIA A100-SXM4-40GB MIG 4g.20gb (0),1,,13,cupy_copy__float16_float16
9434458149,7328,211468,282,1,1,128,1,1,16,0.000,0.000,,,,,NVIDIA A100-SXM4-40GB MIG 4g.20gb (0),1,,13,cupy_copy__complex64_complex64
9435151485,3680,211477,26,1,1,128,1,1,16,0.000,0.000,,,,,NVIDIA A100-SXM4-40GB MIG 4g.20gb (0),1,,13,cupy_copy__float32_float32
9435676535,16800,211486,103,1,1,128,1,1,16,0.000,0.000,,,,,NVIDIA A100-SXM4-40GB MIG 4g.20gb (0),1,,13,cupy_copy__complex64_complex64
9436148946,19744,211496,1434,1,1,128,1,1,16,0.000,0.000,,,,,NVIDIA A100-SXM4-40GB MIG 4g.20gb (0),1,,13,cupy_copy__complex64_complex64
9436536046,250973,211501,1,1,1,32,32,1,30,0.000,0.000,,,,,NVIDIA A100-SXM4-40GB MIG 4g.20gb (0),1,,13,"void convert_kernel<__half2, float2>(tensor_layout_any, T1 *, tensor_layout_any, const T2 *)"
9436817834,5856,211504,,,,,,,,,,0.094,15999.997,Pinned,Device,NVIDIA A100-SXM4-40GB MIG 4g.20gb (0),1,,13,[CUDA memcpy Host-to-Device]
9437128807,616057,211505,,,,,,,,,,456.561,740999.217,Device,,NVIDIA A100-SXM4-40GB MIG 4g.20gb (0),1,,13,[CUDA memset]
9437751008,65599,211510,,,,,,,,,,1.235,18825.486,Pinned,Device,NVIDIA A100-SXM4-40GB MIG 4g.20gb (0),1,,13,[CUDA memcpy Host-to-Device]
9437819103,9760,211511,,,,,,,,,,0.197,20144.259,Pinned,Device,NVIDIA A100-SXM4-40GB MIG 4g.20gb (0),1,,13,[CUDA memcpy Host-to-Device]
9438188315,12544,211512,69,4,1,48,1,1,76,0.002,0.000,,,,,NVIDIA A100-SXM4-40GB MIG 4g.20gb (0),1,,13,"void ch_est::windowedChEstPreNoDftSOfdmKernel<float, __half, float, (unsigned int)2, (unsigned int)1, (unsigned short)4>(ch_est::puschRxChEstStatDescr_t *, ch_est::puschRxChEstDynDescr_t *)"
9438605526,13440,211513,137,2,1,24,2,1,44,0.001,0.001,,,,,NVIDIA A100-SXM4-40GB MIG 4g.20gb (0),1,,13,"void ch_est::chEstFilterNoDftSOfdmDispatchKernel<float, __half, float, (unsigned int)2>(ch_est::puschRxChEstStatDescr_t *, ch_est::puschRxChEstDynDescr_t *)"
9439036049,14016,211514,137,2,1,24,2,1,44,0.001,0.001,,,,,NVIDIA A100-SXM4-40GB MIG 4g.20gb (0),1,,13,"void ch_est::chEstFilterNoDftSOfdmDispatchKernel<float, __half, float, (unsigned int)2>(ch_est::puschRxChEstStatDescr_t *, ch_est::puschRxChEstDynDescr_t *)"
9439445836,5024,211525,103,1,1,128,1,1,16,0.000,0.000,,,,,NVIDIA A100-SXM4-40GB MIG 4g.20gb (0),1,,13,cupy_copy__complex64_complex64
9439994918,19648,211535,1434,1,1,128,1,1,16,0.000,0.000,,,,,NVIDIA A100-SXM4-40GB MIG 4g.20gb (0),1,,13,cupy_copy__complex64_complex64
9440537696,4736,211542,103,1,1,128,1,1,16,0.000,0.000,,,,,NVIDIA A100-SXM4-40GB MIG 4g.20gb (0),1,,13,cupy_copy__complex64_complex64
9441054362,255549,211549,1,1,1,32,32,1,30,0.000,0.000,,,,,NVIDIA A100-SXM4-40GB MIG 4g.20gb (0),1,,13,"void convert_kernel<__half2, float2>(tensor_layout_any, T1 *, tensor_layout_any, const T2 *)"
9441340087,5856,211552,,,,,,,,,,0.094,15999.997,Pinned,Device,NVIDIA A100-SXM4-40GB MIG 4g.20gb (0),1,,13,[CUDA memcpy Host-to-Device]
9441749362,52416,211553,,,,,,,,,,35.810,683181.654,Device,,NVIDIA A100-SXM4-40GB MIG 4g.20gb (0),1,,13,[CUDA memset]
9441806930,5919,211555,,,,,,,,,,0.000,13.516,Pinned,Device,NVIDIA A100-SXM4-40GB MIG 4g.20gb (0),1,,13,[CUDA memcpy Host-to-Device]
9441815697,10400,211556,,,,,,,,,,0.197,18904.449,Pinned,Device,NVIDIA A100-SXM4-40GB MIG 4g.20gb (0),1,,13,[CUDA memcpy Host-to-Device]
9442327980,19935,211557,273,1,1,48,1,1,40,0.000,0.001,,,,,NVIDIA A100-SXM4-40GB MIG 4g.20gb (0),1,,13,"void pusch_noise_intf_est::noiseIntfEstNoDftSOfdmKernel<float, __half, float, float, (unsigned int)2, (unsigned int)1, (unsigned char)4, (unsigned char)4>(pusch_noise_intf_est::puschRxNoiseIntfEstDynDescr)"
9442833446,9440,211568,35,1,1,128,1,1,16,0.000,0.000,,,,,NVIDIA A100-SXM4-40GB MIG 4g.20gb (0),1,,13,cupy_copy__complex64_complex64
9443272801,3104,211577,1,1,1,1,1,1,18,0.000,0.000,,,,,NVIDIA A100-SXM4-40GB MIG 4g.20gb (0),1,,13,cupy_copy__float32_float32
9443281857,2816,211583,,,,,,,,,,0.000,1.420,Device,Pageable,NVIDIA A100-SXM4-40GB MIG 4g.20gb (0),1,,7,[CUDA memcpy Device-to-Host]
9443789915,20000,211594,1434,1,1,128,1,1,16,0.000,0.000,,,,,NVIDIA A100-SXM4-40GB MIG 4g.20gb (0),1,,13,cupy_copy__complex64_complex64
9444307157,5472,211601,103,1,1,128,1,1,16,0.000,0.000,,,,,NVIDIA A100-SXM4-40GB MIG 4g.20gb (0),1,,13,cupy_copy__complex64_complex64
9444806351,4544,211608,35,1,1,128,1,1,16,0.000,0.000,,,,,NVIDIA A100-SXM4-40GB MIG 4g.20gb (0),1,,13,cupy_copy__complex64_complex64
9445251722,3648,211615,1,1,1,1,1,1,18,0.000,0.000,,,,,NVIDIA A100-SXM4-40GB MIG 4g.20gb (0),1,,13,cupy_copy__float32_float32
9445676614,247229,211626,1,1,1,32,32,1,30,0.000,0.000,,,,,NVIDIA A100-SXM4-40GB MIG 4g.20gb (0),1,,13,"void convert_kernel<__half2, float2>(tensor_layout_any, T1 *, tensor_layout_any, const T2 *)"
9445954242,5568,211629,,,,,,,,,,0.094,16827.521,Pinned,Device,NVIDIA A100-SXM4-40GB MIG 4g.20gb (0),1,,13,[CUDA memcpy Host-to-Device]
9446399549,7680,211630,,,,,,,,,,1.547,201382.818,Device,,NVIDIA A100-SXM4-40GB MIG 4g.20gb (0),1,,13,[CUDA memset]
9446413181,3136,211635,,,,,,,,,,0.031,9979.575,Pinned,Device,NVIDIA A100-SXM4-40GB MIG 4g.20gb (0),1,,13,[CUDA memcpy Host-to-Device]
9446422173,16704,211636,,,,,,,,,,0.197,11769.938,Pinned,Device,NVIDIA A100-SXM4-40GB MIG 4g.20gb (0),1,,13,[CUDA memcpy Host-to-Device]
9446830968,15200,211637,273,1,1,8,4,1,39,0.002,0.000,,,,,NVIDIA A100-SXM4-40GB MIG 4g.20gb (0),1,,13,"void channel_eq::eqMmseCoefCompLowMimoKernel<float, float, float, (unsigned int)4, (unsigned int)1, (unsigned int)4>(const channel_eq::_puschRxChEqStatDescr *, channel_eq::_puschRxChEqCoefCompDynDescr)"
9447240372,16896,211638,273,1,1,12,11,1,51,0.002,0.000,,,,,NVIDIA A100-SXM4-40GB MIG 4g.20gb (0),1,,13,"void channel_eq::eqMmseSoftDemapKernel<float, __half, __half, float, (unsigned int)4, (unsigned short)16383>(channel_eq::_puschRxChEqStatDescr *, channel_eq::_puschRxChEqSoftDemapDynDescr)"
9447719790,656761,211639,1,1,1,32,32,1,30,0.000,0.000,,,,,NVIDIA A100-SXM4-40GB MIG 4g.20gb (0),1,,13,"void convert_kernel<float2, __half2>(tensor_layout_any, T1 *, tensor_layout_any, const T2 *)"
9448791170,16800,211651,2253,1,1,128,1,1,16,0.000,0.000,,,,,NVIDIA A100-SXM4-40GB MIG 4g.20gb (0),1,,13,cupy_copy__float16_float16
9449229437,7264,211660,282,1,1,128,1,1,16,0.000,0.000,,,,,NVIDIA A100-SXM4-40GB MIG 4g.20gb (0),1,,13,cupy_copy__complex64_complex64
9449729591,8896,211669,26,1,1,128,1,1,16,0.000,0.000,,,,,NVIDIA A100-SXM4-40GB MIG 4g.20gb (0),1,,13,cupy_copy__float32_float32
9450189874,17280,211678,103,1,1,128,1,1,16,0.000,0.000,,,,,NVIDIA A100-SXM4-40GB MIG 4g.20gb (0),1,,13,cupy_copy__complex64_complex64
9450608365,20992,211688,1434,1,1,128,1,1,16,0.000,0.000,,,,,NVIDIA A100-SXM4-40GB MIG 4g.20gb (0),1,,13,cupy_copy__complex64_complex64
9451092008,259197,211693,1,1,1,32,32,1,30,0.000,0.000,,,,,NVIDIA A100-SXM4-40GB MIG 4g.20gb (0),1,,13,"void convert_kernel<__half2, float2>(tensor_layout_any, T1 *, tensor_layout_any, const T2 *)"
9451381957,6624,211696,,,,,,,,,,0.094,14144.910,Pinned,Device,NVIDIA A100-SXM4-40GB MIG 4g.20gb (0),1,,13,[CUDA memcpy Host-to-Device]
9451615810,618201,211697,,,,,,,,,,456.561,738259.848,Device,,NVIDIA A100-SXM4-40GB MIG 4g.20gb (0),1,,13,[CUDA memset]
9452238587,61215,211702,,,,,,,,,,1.235,20172.810,Pinned,Device,NVIDIA A100-SXM4-40GB MIG 4g.20gb (0),1,,13,[CUDA memcpy Host-to-Device]
9452302458,9472,211703,,,,,,,,,,0.197,20756.693,Pinned,Device,NVIDIA A100-SXM4-40GB MIG 4g.20gb (0),1,,13,[CUDA memcpy Host-to-Device]
9452912083,14016,211704,69,4,1,48,1,1,76,0.002,0.000,,,,,NVIDIA A100-SXM4-40GB MIG 4g.20gb (0),1,,13,"void ch_est::windowedChEstPreNoDftSOfdmKernel<float, __half, float, (unsigned int)2, (unsigned int)1, (unsigned short)4>(ch_est::puschRxChEstStatDescr_t *, ch_est::puschRxChEstDynDescr_t *)"
9453355150,11296,211705,137,2,1,24,2,1,44,0.001,0.001,,,,,NVIDIA A100-SXM4-40GB MIG 4g.20gb (0),1,,13,"void ch_est::chEstFilterNoDftSOfdmDispatchKernel<float, __half, float, (unsigned int)2>(ch_est::puschRxChEstStatDescr_t *, ch_est::puschRxChEstDynDescr_t *)"
9453858760,14400,211706,137,2,1,24,2,1,44,0.001,0.001,,,,,NVIDIA A100-SXM4-40GB MIG 4g.20gb (0),1,,13,"void ch_est::chEstFilterNoDftSOfdmDispatchKernel<float, __half, float, (unsigned int)2>(ch_est::puschRxChEstStatDescr_t *, ch_est::puschRxChEstDynDescr_t *)"
9454333635,16672,211717,103,1,1,128,1,1,16,0.000,0.000,,,,,NVIDIA A100-SXM4-40GB MIG 4g.20gb (0),1,,13,cupy_copy__complex64_complex64
9454631552,19487,211727,1434,1,1,128,1,1,16,0.000,0.000,,,,,NVIDIA A100-SXM4-40GB MIG 4g.20gb (0),1,,13,cupy_copy__complex64_complex64
9454851613,5984,211734,103,1,1,128,1,1,16,0.000,0.000,,,,,NVIDIA A100-SXM4-40GB MIG 4g.20gb (0),1,,13,cupy_copy__complex64_complex64
9455235865,200573,211741,1,1,1,32,32,1,30,0.000,0.000,,,,,NVIDIA A100-SXM4-40GB MIG 4g.20gb (0),1,,13,"void convert_kernel<__half2, float2>(tensor_layout_any, T1 *, tensor_layout_any, const T2 *)"
9455467222,9344,211744,,,,,,,,,,0.094,10027.346,Pinned,Device,NVIDIA A100-SXM4-40GB MIG 4g.20gb (0),1,,13,[CUDA memcpy Host-to-Device]
9455677204,57151,211745,,,,,,,,,,35.810,626566.170,Device,,NVIDIA A100-SXM4-40GB MIG 4g.20gb (0),1,,13,[CUDA memset]
9455741747,5216,211747,,,,,,,,,,0.000,15.337,Pinned,Device,NVIDIA A100-SXM4-40GB MIG 4g.20gb (0),1,,13,[CUDA memcpy Host-to-Device]
9455755955,13920,211748,,,,,,,,,,0.197,14124.122,Pinned,Device,NVIDIA A100-SXM4-40GB MIG 4g.20gb (0),1,,13,[CUDA memcpy Host-to-Device]
9456161614,44544,211749,273,1,1,48,1,1,40,0.000,0.001,,,,,NVIDIA A100-SXM4-40GB MIG 4g.20gb (0),1,,13,"void pusch_noise_intf_est::noiseIntfEstNoDftSOfdmKernel<float, __half, float, float, (unsigned int)2, (unsigned int)1, (unsigned char)4, (unsigned char)4>(pusch_noise_intf_est::puschRxNoiseIntfEstDynDescr)"
9456654473,5760,211760,35,1,1,128,1,1,16,0.000,0.000,,,,,NVIDIA A100-SXM4-40GB MIG 4g.20gb (0),1,,13,cupy_copy__complex64_complex64
9457318433,3008,211769,1,1,1,1,1,1,18,0.000,0.000,,,,,NVIDIA A100-SXM4-40GB MIG 4g.20gb (0),1,,13,cupy_copy__float32_float32
9457325857,1664,211775,,,,,,,,,,0.000,2.404,Device,Pageable,NVIDIA A100-SXM4-40GB MIG 4g.20gb (0),1,,7,[CUDA memcpy Device-to-Host]
9457887995,19199,211786,1434,1,1,128,1,1,16,0.000,0.000,,,,,NVIDIA A100-SXM4-40GB MIG 4g.20gb (0),1,,13,cupy_copy__complex64_complex64
9458600626,5600,211793,103,1,1,128,1,1,16,0.000,0.000,,,,,NVIDIA A100-SXM4-40GB MIG 4g.20gb (0),1,,13,cupy_copy__complex64_complex64
9459102413,9312,211800,35,1,1,128,1,1,16,0.000,0.000,,,,,NVIDIA A100-SXM4-40GB MIG 4g.20gb (0),1,,13,cupy_copy__complex64_complex64
9459563720,3871,211807,1,1,1,1,1,1,18,0.000,0.000,,,,,NVIDIA A100-SXM4-40GB MIG 4g.20gb (0),1,,13,cupy_copy__float32_float32
9459970467,244061,211818,1,1,1,32,32,1,30,0.000,0.000,,,,,NVIDIA A100-SXM4-40GB MIG 4g.20gb (0),1,,13,"void convert_kernel<__half2, float2>(tensor_layout_any, T1 *, tensor_layout_any, const T2 *)"
9460245344,10976,211821,,,,,,,,,,0.094,8536.361,Pinned,Device,NVIDIA A100-SXM4-40GB MIG 4g.20gb (0),1,,13,[CUDA memcpy Host-to-Device]
9460719930,7936,211822,,,,,,,,,,1.547,194886.997,Device,,NVIDIA A100-SXM4-40GB MIG 4g.20gb (0),1,,13,[CUDA memset]
9460735770,6368,211827,,,,,,,,,,0.031,4914.567,Pinned,Device,NVIDIA A100-SXM4-40GB MIG 4g.20gb (0),1,,13,[CUDA memcpy Host-to-Device]
9460744570,10208,211828,,,,,,,,,,0.197,19260.113,Pinned,Device,NVIDIA A100-SXM4-40GB MIG 4g.20gb (0),1,,13,[CUDA memcpy Host-to-Device]
9461264852,11584,211829,273,1,1,8,4,1,39,0.002,0.000,,,,,NVIDIA A100-SXM4-40GB MIG 4g.20gb (0),1,,13,"void channel_eq::eqMmseCoefCompLowMimoKernel<float, float, float, (unsigned int)4, (unsigned int)1, (unsigned int)4>(const channel_eq::_puschRxChEqStatDescr *, channel_eq::_puschRxChEqCoefCompDynDescr)"
9461808974,14144,211830,273,1,1,12,11,1,51,0.002,0.000,,,,,NVIDIA A100-SXM4-40GB MIG 4g.20gb (0),1,,13,"void channel_eq::eqMmseSoftDemapKernel<float, __half, __half, float, (unsigned int)4, (unsigned short)16383>(channel_eq::_puschRxChEqStatDescr *, channel_eq::_puschRxChEqSoftDemapDynDescr)"
9462343368,644057,211831,1,1,1,32,32,1,30,0.000,0.000,,,,,NVIDIA A100-SXM4-40GB MIG 4g.20gb (0),1,,13,"void convert_kernel<float2, __half2>(tensor_layout_any, T1 *, tensor_layout_any, const T2 *)"
9463168958,18144,211843,2253,1,1,128,1,1,16,0.000,0.000,,,,,NVIDIA A100-SXM4-40GB MIG 4g.20gb (0),1,,13,cupy_copy__float16_float16
9463680729,6528,211852,282,1,1,128,1,1,16,0.000,0.000,,,,,NVIDIA A100-SXM4-40GB MIG 4g.20gb (0),1,,13,cupy_copy__complex64_complex64
9464085364,4128,211861,26,1,1,128,1,1,16,0.000,0.000,,,,,NVIDIA A100-SXM4-40GB MIG 4g.20gb (0),1,,13,cupy_copy__float32_float32
9464601902,9920,211870,103,1,1,128,1,1,16,0.000,0.000,,,,,NVIDIA A100-SXM4-40GB MIG 4g.20gb (0),1,,13,cupy_copy__complex64_complex64
9465115848,20416,211880,1434,1,1,128,1,1,16,0.000,0.000,,,,,NVIDIA A100-SXM4-40GB MIG 4g.20gb (0),1,,13,cupy_copy__complex64_complex64
9465517316,239069,211885,1,1,1,32,32,1,30,0.000,0.000,,,,,NVIDIA A100-SXM4-40GB MIG 4g.20gb (0),1,,13,"void convert_kernel<__half2, float2>(tensor_layout_any, T1 *, tensor_layout_any, const T2 *)"
9465786209,14624,211888,,,,,,,,,,0.094,6406.932,Pinned,Device,NVIDIA A100-SXM4-40GB MIG 4g.20gb (0),1,,13,[CUDA memcpy Host-to-Device]
9466238652,616601,211889,,,,,,,,,,456.561,740086.094,Device,,NVIDIA A100-SXM4-40GB MIG 4g.20gb (0),1,,13,[CUDA memset]
9466857749,67199,211894,,,,,,,,,,1.235,18377.202,Pinned,Device,NVIDIA A100-SXM4-40GB MIG 4g.20gb (0),1,,13,[CUDA memcpy Host-to-Device]
9466928500,16992,211895,,,,,,,,,,0.197,11570.577,Pinned,Device,NVIDIA A100-SXM4-40GB MIG 4g.20gb (0),1,,13,[CUDA memcpy Host-to-Device]
9467439566,15488,211896,69,4,1,48,1,1,76,0.002,0.000,,,,,NVIDIA A100-SXM4-40GB MIG 4g.20gb (0),1,,13,"void ch_est::windowedChEstPreNoDftSOfdmKernel<float, __half, float, (unsigned int)2, (unsigned int)1, (unsigned short)4>(ch_est::puschRxChEstStatDescr_t *, ch_est::puschRxChEstDynDescr_t *)"
9467941096,13920,211897,137,2,1,24,2,1,44,0.001,0.001,,,,,NVIDIA A100-SXM4-40GB MIG 4g.20gb (0),1,,13,"void ch_est::chEstFilterNoDftSOfdmDispatchKernel<float, __half, float, (unsigned int)2>(ch_est::puschRxChEstStatDescr_t *, ch_est::puschRxChEstDynDescr_t *)"
9468460642,13152,211898,137,2,1,24,2,1,44,0.001,0.001,,,,,NVIDIA A100-SXM4-40GB MIG 4g.20gb (0),1,,13,"void ch_est::chEstFilterNoDftSOfdmDispatchKernel<float, __half, float, (unsigned int)2>(ch_est::puschRxChEstStatDescr_t *, ch_est::puschRxChEstDynDescr_t *)"
9468985980,9152,211909,103,1,1,128,1,1,16,0.000,0.000,,,,,NVIDIA A100-SXM4-40GB MIG 4g.20gb (0),1,,13,cupy_copy__complex64_complex64
9469424375,19232,211919,1434,1,1,128,1,1,16,0.000,0.000,,,,,NVIDIA A100-SXM4-40GB MIG 4g.20gb (0),1,,13,cupy_copy__complex64_complex64
9470034224,5664,211926,103,1,1,128,1,1,16,0.000,0.000,,,,,NVIDIA A100-SXM4-40GB MIG 4g.20gb (0),1,,13,cupy_copy__complex64_complex64
9470454316,266845,211933,1,1,1,32,32,1,30,0.000,0.000,,,,,NVIDIA A100-SXM4-40GB MIG 4g.20gb (0),1,,13,"void convert_kernel<__half2, float2>(tensor_layout_any, T1 *, tensor_layout_any, const T2 *)"
9470752424,5632,211936,,,,,,,,,,0.094,16636.287,Pinned,Device,NVIDIA A100-SXM4-40GB MIG 4g.20gb (0),1,,13,[CUDA memcpy Host-to-Device]
9470957030,57119,211937,,,,,,,,,,35.810,626924.269,Device,,NVIDIA A100-SXM4-40GB MIG 4g.20gb (0),1,,13,[CUDA memset]
9471021477,1824,211939,,,,,,,,,,0.000,43.860,Pinned,Device,NVIDIA A100-SXM4-40GB MIG 4g.20gb (0),1,,13,[CUDA memcpy Host-to-Device]
9471025765,10752,211940,,,,,,,,,,0.197,18285.527,Pinned,Device,NVIDIA A100-SXM4-40GB MIG 4g.20gb (0),1,,13,[CUDA memcpy Host-to-Device]
9471383585,17472,211941,273,1,1,48,1,1,40,0.000,0.001,,,,,NVIDIA A100-SXM4-40GB MIG 4g.20gb (0),1,,13,"void pusch_noise_intf_est::noiseIntfEstNoDftSOfdmKernel<float, __half, float, float, (unsigned int)2, (unsigned int)1, (unsigned char)4, (unsigned char)4>(pusch_noise_intf_est::puschRxNoiseIntfEstDynDescr)"
9471734269,9376,211952,35,1,1,128,1,1,16,0.000,0.000,,,,,NVIDIA A100-SXM4-40GB MIG 4g.20gb (0),1,,13,cupy_copy__complex64_complex64
9472054073,4000,211961,1,1,1,1,1,1,18,0.000,0.000,,,,,NVIDIA A100-SXM4-40GB MIG 4g.20gb (0),1,,13,cupy_copy__float32_float32
9472063097,1632,211967,,,,,,,,,,0.000,2.451,Device,Pageable,NVIDIA A100-SXM4-40GB MIG 4g.20gb (0),1,,7,[CUDA memcpy Device-to-Host]
9472514804,19040,211978,1434,1,1,128,1,1,16,0.000,0.000,,,,,NVIDIA A100-SXM4-40GB MIG 4g.20gb (0),1,,13,cupy_copy__complex64_complex64
9472915376,4448,211985,103,1,1,128,1,1,16,0.000,0.000,,,,,NVIDIA A100-SXM4-40GB MIG 4g.20gb (0),1,,13,cupy_copy__complex64_complex64
9473269036,18271,211992,35,1,1,128,1,1,16,0.000,0.000,,,,,NVIDIA A100-SXM4-40GB MIG 4g.20gb (0),1,,13,cupy_copy__complex64_complex64
9473531081,4096,211999,1,1,1,1,1,1,18,0.000,0.000,,,,,NVIDIA A100-SXM4-40GB MIG 4g.20gb (0),1,,13,cupy_copy__float32_float32
9473712711,242205,212010,1,1,1,32,32,1,30,0.000,0.000,,,,,NVIDIA A100-SXM4-40GB MIG 4g.20gb (0),1,,13,"void convert_kernel<__half2, float2>(tensor_layout_any, T1 *, tensor_layout_any, const T2 *)"
9473984643,5472,212013,,,,,,,,,,0.094,17122.757,Pinned,Device,NVIDIA A100-SXM4-40GB MIG 4g.20gb (0),1,,13,[CUDA memcpy Host-to-Device]
9474218593,8352,212014,,,,,,,,,,1.547,185178.838,Device,,NVIDIA A100-SXM4-40GB MIG 4g.20gb (0),1,,13,[CUDA memset]
9474228513,7168,212019,,,,,,,,,,0.031,4366.042,Pinned,Device,NVIDIA A100-SXM4-40GB MIG 4g.20gb (0),1,,13,[CUDA memcpy Host-to-Device]
9474238561,18975,212020,,,,,,,,,,0.197,10361.242,Pinned,Device,NVIDIA A100-SXM4-40GB MIG 4g.20gb (0),1,,13,[CUDA memcpy Host-to-Device]
9474709307,14464,212021,273,1,1,8,4,1,39,0.002,0.000,,,,,NVIDIA A100-SXM4-40GB MIG 4g.20gb (0),1,,13,"void channel_eq::eqMmseCoefCompLowMimoKernel<float, float, float, (unsigned int)4, (unsigned int)1, (unsigned int)4>(const channel_eq::_puschRxChEqStatDescr *, channel_eq::_puschRxChEqCoefCompDynDescr)"
9475183542,15136,212022,273,1,1,12,11,1,51,0.002,0.000,,,,,NVIDIA A100-SXM4-40GB MIG 4g.20gb (0),1,,13,"void channel_eq::eqMmseSoftDemapKernel<float, __half, __half, float, (unsigned int)4, (unsigned short)16383>(channel_eq::_puschRxChEqStatDescr *, channel_eq::_puschRxChEqSoftDemapDynDescr)"
9475606033,678488,212023,1,1,1,32,32,1,30,0.000,0.000,,,,,NVIDIA A100-SXM4-40GB MIG 4g.20gb (0),1,,13,"void convert_kernel<float2, __half2>(tensor_layout_any, T1 *, tensor_layout_any, const T2 *)"
9476549574,17056,212035,2253,1,1,128,1,1,16,0.000,0.000,,,,,NVIDIA A100-SXM4-40GB MIG 4g.20gb (0),1,,13,cupy_copy__float16_float16
9476737796,6560,212044,282,1,1,128,1,1,16,0.000,0.000,,,,,NVIDIA A100-SXM4-40GB MIG 4g.20gb (0),1,,13,cupy_copy__complex64_complex64
9477094944,5056,212053,26,1,1,128,1,1,16,0.000,0.000,,,,,NVIDIA A100-SXM4-40GB MIG 4g.20gb (0),1,,13,cupy_copy__float32_float32
9477440668,16640,212062,103,1,1,128,1,1,16,0.000,0.000,,,,,NVIDIA A100-SXM4-40GB MIG 4g.20gb (0),1,,13,cupy_copy__complex64_complex64
9477714937,19808,212072,1434,1,1,128,1,1,16,0.000,0.000,,,,,NVIDIA A100-SXM4-40GB MIG 4g.20gb (0),1,,13,cupy_copy__complex64_complex64
9477922231,269117,212077,1,1,1,32,32,1,30,0.000,0.000,,,,,NVIDIA A100-SXM4-40GB MIG 4g.20gb (0),1,,13,"void convert_kernel<__half2, float2>(tensor_layout_any, T1 *, tensor_layout_any, const T2 *)"
9478222803,5952,212080,,,,,,,,,,0.094,15741.865,Pinned,Device,NVIDIA A100-SXM4-40GB MIG 4g.20gb (0),1,,13,[CUDA memcpy Host-to-Device]
9478415313,622969,212081,,,,,,,,,,456.561,732781.111,Device,,NVIDIA A100-SXM4-40GB MIG 4g.20gb (0),1,,13,[CUDA memset]
9479045354,64159,212086,,,,,,,,,,1.235,19247.837,Pinned,Device,NVIDIA A100-SXM4-40GB MIG 4g.20gb (0),1,,13,[CUDA memcpy Host-to-Device]
9479112041,9440,212087,,,,,,,,,,0.197,20827.079,Pinned,Device,NVIDIA A100-SXM4-40GB MIG 4g.20gb (0),1,,13,[CUDA memcpy Host-to-Device]
9479527012,13088,212088,69,4,1,48,1,1,76,0.002,0.000,,,,,NVIDIA A100-SXM4-40GB MIG 4g.20gb (0),1,,13,"void ch_est::windowedChEstPreNoDftSOfdmKernel<float, __half, float, (unsigned int)2, (unsigned int)1, (unsigned short)4>(ch_est::puschRxChEstStatDescr_t *, ch_est::puschRxChEstDynDescr_t *)"
9479999743,12608,212089,137,2,1,24,2,1,44,0.001,0.001,,,,,NVIDIA A100-SXM4-40GB MIG 4g.20gb (0),1,,13,"void ch_est::chEstFilterNoDftSOfdmDispatchKernel<float, __half, float, (unsigned int)2>(ch_est::puschRxChEstStatDescr_t *, ch_est::puschRxChEstDynDescr_t *)"
9480469754,12895,212090,137,2,1,24,2,1,44,0.001,0.001,,,,,NVIDIA A100-SXM4-40GB MIG 4g.20gb (0),1,,13,"void ch_est::chEstFilterNoDftSOfdmDispatchKernel<float, __half, float, (unsigned int)2>(ch_est::puschRxChEstStatDescr_t *, ch_est::puschRxChEstDynDescr_t *)"
9480952180,5600,212101,103,1,1,128,1,1,16,0.000,0.000,,,,,NVIDIA A100-SXM4-40GB MIG 4g.20gb (0),1,,13,cupy_copy__complex64_complex64
9481320016,18176,212111,1434,1,1,128,1,1,16,0.000,0.000,,,,,NVIDIA A100-SXM4-40GB MIG 4g.20gb (0),1,,13,cupy_copy__complex64_complex64
9481792587,5280,212118,103,1,1,128,1,1,16,0.000,0.000,,,,,NVIDIA A100-SXM4-40GB MIG 4g.20gb (0),1,,13,cupy_copy__complex64_complex64
9482243845,289341,212125,1,1,1,32,32,1,30,0.000,0.000,,,,,NVIDIA A100-SXM4-40GB MIG 4g.20gb (0),1,,13,"void convert_kernel<__half2, float2>(tensor_layout_any, T1 *, tensor_layout_any, const T2 *)"
9482564770,5888,212128,,,,,,,,,,0.094,15912.954,Pinned,Device,NVIDIA A100-SXM4-40GB MIG 4g.20gb (0),1,,13,[CUDA memcpy Host-to-Device]
9482964861,60352,212129,,,,,,,,,,35.810,593334.564,Device,,NVIDIA A100-SXM4-40GB MIG 4g.20gb (0),1,,13,[CUDA memset]
9483029020,1824,212131,,,,,,,,,,0.000,43.860,Pinned,Device,NVIDIA A100-SXM4-40GB MIG 4g.20gb (0),1,,13,[CUDA memcpy Host-to-Device]
9483033948,14848,212132,,,,,,,,,,0.197,13241.352,Pinned,Device,NVIDIA A100-SXM4-40GB MIG 4g.20gb (0),1,,13,[CUDA memcpy Host-to-Device]
9483618742,23712,212133,273,1,1,48,1,1,40,0.000,0.001,,,,,NVIDIA A100-SXM4-40GB MIG 4g.20gb (0),1,,13,"void pusch_noise_intf_est::noiseIntfEstNoDftSOfdmKernel<float, __half, float, float, (unsigned int)2, (unsigned int)1, (unsigned char)4, (unsigned char)4>(pusch_noise_intf_est::puschRxNoiseIntfEstDynDescr)"
9484082832,19168,212144,35,1,1,128,1,1,16,0.000,0.000,,,,,NVIDIA A100-SXM4-40GB MIG 4g.20gb (0),1,,13,cupy_copy__complex64_complex64
9484560395,10080,212153,1,1,1,1,1,1,18,0.000,0.000,,,,,NVIDIA A100-SXM4-40GB MIG 4g.20gb (0),1,,13,cupy_copy__float32_float32
9484576587,5728,212159,,,,,,,,,,0.000,0.698,Device,Pageable,NVIDIA A100-SXM4-40GB MIG 4g.20gb (0),1,,7,[CUDA memcpy Device-to-Host]
9485039142,26943,212170,1434,1,1,128,1,1,16,0.000,0.000,,,,,NVIDIA A100-SXM4-40GB MIG 4g.20gb (0),1,,13,cupy_copy__complex64_complex64
9485447873,4800,212177,103,1,1,128,1,1,16,0.000,0.000,,,,,NVIDIA A100-SXM4-40GB MIG 4g.20gb (0),1,,13,cupy_copy__complex64_complex64
9485819197,5888,212184,35,1,1,128,1,1,16,0.000,0.000,,,,,NVIDIA A100-SXM4-40GB MIG 4g.20gb (0),1,,13,cupy_copy__complex64_complex64
9486175577,5376,212191,1,1,1,1,1,1,18,0.000,0.000,,,,,NVIDIA A100-SXM4-40GB MIG 4g.20gb (0),1,,13,cupy_copy__float32_float32
9486610964,250237,212202,1,1,1,32,32,1,30,0.000,0.000,,,,,NVIDIA A100-SXM4-40GB MIG 4g.20gb (0),1,,13,"void convert_kernel<__half2, float2>(tensor_layout_any, T1 *, tensor_layout_any, const T2 *)"
9486891441,5471,212205,,,,,,,,,,0.094,17125.849,Pinned,Device,NVIDIA A100-SXM4-40GB MIG 4g.20gb (0),1,,13,[CUDA memcpy Host-to-Device]
9487321804,8224,212206,,,,,,,,,,1.547,188061.745,Device,,NVIDIA A100-SXM4-40GB MIG 4g.20gb (0),1,,13,[CUDA memset]
9487334539,7744,212211,,,,,,,,,,0.031,4041.315,Pinned,Device,NVIDIA A100-SXM4-40GB MIG 4g.20gb (0),1,,13,[CUDA memcpy Host-to-Device]
9487344875,9792,212212,,,,,,,,,,0.197,20078.395,Pinned,Device,NVIDIA A100-SXM4-40GB MIG 4g.20gb (0),1,,13,[CUDA memcpy Host-to-Device]
9487780870,11744,212213,273,1,1,8,4,1,39,0.002,0.000,,,,,NVIDIA A100-SXM4-40GB MIG 4g.20gb (0),1,,13,"void channel_eq::eqMmseCoefCompLowMimoKernel<float, float, float, (unsigned int)4, (unsigned int)1, (unsigned int)4>(const channel_eq::_puschRxChEqStatDescr *, channel_eq::_puschRxChEqCoefCompDynDescr)"
9488248705,14464,212214,273,1,1,12,11,1,51,0.002,0.000,,,,,NVIDIA A100-SXM4-40GB MIG 4g.20gb (0),1,,13,"void channel_eq::eqMmseSoftDemapKernel<float, __half, __half, float, (unsigned int)4, (unsigned short)16383>(channel_eq::_puschRxChEqStatDescr *, channel_eq::_puschRxChEqSoftDemapDynDescr)"
9488722652,711480,212215,1,1,1,32,32,1,30,0.000,0.000,,,,,NVIDIA A100-SXM4-40GB MIG 4g.20gb (0),1,,13,"void convert_kernel<float2, __half2>(tensor_layout_any, T1 *, tensor_layout_any, const T2 *)"
9489648753,24448,212227,2253,1,1,128,1,1,16,0.000,0.000,,,,,NVIDIA A100-SXM4-40GB MIG 4g.20gb (0),1,,13,cupy_copy__float16_float16
9490070284,6688,212236,282,1,1,128,1,1,16,0.000,0.000,,,,,NVIDIA A100-SXM4-40GB MIG 4g.20gb (0),1,,13,cupy_copy__complex64_complex64
9490604134,4960,212245,26,1,1,128,1,1,16,0.000,0.000,,,,,NVIDIA A100-SXM4-40GB MIG 4g.20gb (0),1,,13,cupy_copy__float32_float32
9491047745,17632,212254,103,1,1,128,1,1,16,0.000,0.000,,,,,NVIDIA A100-SXM4-40GB MIG 4g.20gb (0),1,,13,cupy_copy__complex64_complex64
9491487420,20896,212264,1434,1,1,128,1,1,16,0.000,0.000,,,,,NVIDIA A100-SXM4-40GB MIG 4g.20gb (0),1,,13,cupy_copy__complex64_complex64
9491755641,272285,212269,1,1,1,32,32,1,30,0.000,0.000,,,,,NVIDIA A100-SXM4-40GB MIG 4g.20gb (0),1,,13,"void convert_kernel<__half2, float2>(tensor_layout_any, T1 *, tensor_layout_any, const T2 *)"
9492059510,5760,212272,,,,,,,,,,0.094,16266.656,Pinned,Device,NVIDIA A100-SXM4-40GB MIG 4g.20gb (0),1,,13,[CUDA memcpy Host-to-Device]
9492233172,620569,212273,,,,,,,,,,456.561,735520.480,Device,,NVIDIA A100-SXM4-40GB MIG 4g.20gb (0),1,,13,[CUDA memset]
9492861325,64511,212278,,,,,,,,,,1.235,19142.867,Pinned,Device,NVIDIA A100-SXM4-40GB MIG 4g.20gb (0),1,,13,[CUDA memcpy Host-to-Device]
9492928300,9600,212279,,,,,,,,,,0.197,20479.869,Pinned,Device,NVIDIA A100-SXM4-40GB MIG 4g.20gb (0),1,,13,[CUDA memcpy Host-to-Device]
9493316487,26944,212280,69,4,1,48,1,1,76,0.002,0.000,,,,,NVIDIA A100-SXM4-40GB MIG 4g.20gb (0),1,,13,"void ch_est::windowedChEstPreNoDftSOfdmKernel<float, __half, float, (unsigned int)2, (unsigned int)1, (unsigned short)4>(ch_est::puschRxChEstStatDescr_t *, ch_est::puschRxChEstDynDescr_t *)"
9493721347,15488,212281,137,2,1,24,2,1,44,0.001,0.001,,,,,NVIDIA A100-SXM4-40GB MIG 4g.20gb (0),1,,13,"void ch_est::chEstFilterNoDftSOfdmDispatchKernel<float, __half, float, (unsigned int)2>(ch_est::puschRxChEstStatDescr_t *, ch_est::puschRxChEstDynDescr_t *)"
9494113822,15136,212282,137,2,1,24,2,1,44,0.001,0.001,,,,,NVIDIA A100-SXM4-40GB MIG 4g.20gb (0),1,,13,"void ch_est::chEstFilterNoDftSOfdmDispatchKernel<float, __half, float, (unsigned int)2>(ch_est::puschRxChEstStatDescr_t *, ch_est::puschRxChEstDynDescr_t *)"
9494602393,7488,212293,103,1,1,128,1,1,16,0.000,0.000,,,,,NVIDIA A100-SXM4-40GB MIG 4g.20gb (0),1,,13,cupy_copy__complex64_complex64
9495047380,18912,212303,1434,1,1,128,1,1,16,0.000,0.000,,,,,NVIDIA A100-SXM4-40GB MIG 4g.20gb (0),1,,13,cupy_copy__complex64_complex64
9495460783,5856,212310,103,1,1,128,1,1,16,0.000,0.000,,,,,NVIDIA A100-SXM4-40GB MIG 4g.20gb (0),1,,13,cupy_copy__complex64_complex64
9495907050,274077,212317,1,1,1,32,32,1,30,0.000,0.000,,,,,NVIDIA A100-SXM4-40GB MIG 4g.20gb (0),1,,13,"void convert_kernel<__half2, float2>(tensor_layout_any, T1 *, tensor_layout_any, const T2 *)"
9496211686,5536,212320,,,,,,,,,,0.094,16924.777,Pinned,Device,NVIDIA A100-SXM4-40GB MIG 4g.20gb (0),1,,13,[CUDA memcpy Host-to-Device]
9496469572,55007,212321,,,,,,,,,,35.810,650988.536,Device,,NVIDIA A100-SXM4-40GB MIG 4g.20gb (0),1,,13,[CUDA memset]
9496525603,4608,212323,,,,,,,,,,0.000,17.361,Pinned,Device,NVIDIA A100-SXM4-40GB MIG 4g.20gb (0),1,,13,[CUDA memcpy Host-to-Device]
9496536579,11040,212324,,,,,,,,,,0.197,17808.556,Pinned,Device,NVIDIA A100-SXM4-40GB MIG 4g.20gb (0),1,,13,[CUDA memcpy Host-to-Device]
9496921438,23616,212325,273,1,1,48,1,1,40,0.000,0.001,,,,,NVIDIA A100-SXM4-40GB MIG 4g.20gb (0),1,,13,"void pusch_noise_intf_est::noiseIntfEstNoDftSOfdmKernel<float, __half, float, float, (unsigned int)2, (unsigned int)1, (unsigned char)4, (unsigned char)4>(pusch_noise_intf_est::puschRxNoiseIntfEstDynDescr)"
9497382073,6528,212336,35,1,1,128,1,1,16,0.000,0.000,,,,,NVIDIA A100-SXM4-40GB MIG 4g.20gb (0),1,,13,cupy_copy__complex64_complex64
9497816308,3136,212345,1,1,1,1,1,1,18,0.000,0.000,,,,,NVIDIA A100-SXM4-40GB MIG 4g.20gb (0),1,,13,cupy_copy__float32_float32
9497824596,1600,212351,,,,,,,,,,0.000,2.500,Device,Pageable,NVIDIA A100-SXM4-40GB MIG 4g.20gb (0),1,,7,[CUDA memcpy Device-to-Host]
9498291951,21088,212362,1434,1,1,128,1,1,16,0.000,0.000,,,,,NVIDIA A100-SXM4-40GB MIG 4g.20gb (0),1,,13,cupy_copy__complex64_complex64
9498763241,4512,212369,103,1,1,128,1,1,16,0.000,0.000,,,,,NVIDIA A100-SXM4-40GB MIG 4g.20gb (0),1,,13,cupy_copy__complex64_complex64
9499196261,8255,212376,35,1,1,128,1,1,16,0.000,0.000,,,,,NVIDIA A100-SXM4-40GB MIG 4g.20gb (0),1,,13,cupy_copy__complex64_complex64
9499636928,6495,212383,1,1,1,1,1,1,18,0.000,0.000,,,,,NVIDIA A100-SXM4-40GB MIG 4g.20gb (0),1,,13,cupy_copy__float32_float32
9499981052,296188,212394,1,1,1,32,32,1,30,0.000,0.000,,,,,NVIDIA A100-SXM4-40GB MIG 4g.20gb (0),1,,13,"void convert_kernel<__half2, float2>(tensor_layout_any, T1 *, tensor_layout_any, const T2 *)"
9500307288,9920,212397,,,,,,,,,,0.094,9445.119,Pinned,Device,NVIDIA A100-SXM4-40GB MIG 4g.20gb (0),1,,13,[CUDA memcpy Host-to-Device]
9500706547,8352,212398,,,,,,,,,,1.547,185178.838,Device,,NVIDIA A100-SXM4-40GB MIG 4g.20gb (0),1,,13,[CUDA memset]
9500718387,6624,212403,,,,,,,,,,0.031,4724.632,Pinned,Device,NVIDIA A100-SXM4-40GB MIG 4g.20gb (0),1,,13,[CUDA memcpy Host-to-Device]
9500730963,11776,212404,,,,,,,,,,0.197,16695.558,Pinned,Device,NVIDIA A100-SXM4-40GB MIG 4g.20gb (0),1,,13,[CUDA memcpy Host-to-Device]
9501204430,14624,212405,273,1,1,8,4,1,39,0.002,0.000,,,,,NVIDIA A100-SXM4-40GB MIG 4g.20gb (0),1,,13,"void channel_eq::eqMmseCoefCompLowMimoKernel<float, float, float, (unsigned int)4, (unsigned int)1, (unsigned int)4>(const channel_eq::_puschRxChEqStatDescr *, channel_eq::_puschRxChEqCoefCompDynDescr)"
9501598057,15648,212406,273,1,1,12,11,1,51,0.002,0.000,,,,,NVIDIA A100-SXM4-40GB MIG 4g.20gb (0),1,,13,"void channel_eq::eqMmseSoftDemapKernel<float, __half, __half, float, (unsigned int)4, (unsigned short)16383>(channel_eq::_puschRxChEqStatDescr *, channel_eq::_puschRxChEqSoftDemapDynDescr)"
9502000485,692216,212407,1,1,1,32,32,1,30,0.000,0.000,,,,,NVIDIA A100-SXM4-40GB MIG 4g.20gb (0),1,,13,"void convert_kernel<float2, __half2>(tensor_layout_any, T1 *, tensor_layout_any, const T2 *)"
9502880923,16703,212419,2253,1,1,128,1,1,16,0.000,0.000,,,,,NVIDIA A100-SXM4-40GB MIG 4g.20gb (0),1,,13,cupy_copy__float16_float16
9503360277,6400,212428,282,1,1,128,1,1,16,0.000,0.000,,,,,NVIDIA A100-SXM4-40GB MIG 4g.20gb (0),1,,13,cupy_copy__complex64_complex64
9503732177,3776,212437,26,1,1,128,1,1,16,0.000,0.000,,,,,NVIDIA A100-SXM4-40GB MIG 4g.20gb (0),1,,13,cupy_copy__float32_float32
9504155244,17696,212446,103,1,1,128,1,1,16,0.000,0.000,,,,,NVIDIA A100-SXM4-40GB MIG 4g.20gb (0),1,,13,cupy_copy__complex64_complex64
9504490184,21664,212456,1434,1,1,128,1,1,16,0.000,0.000,,,,,NVIDIA A100-SXM4-40GB MIG 4g.20gb (0),1,,13,cupy_copy__complex64_complex64
9504753029,267805,212461,1,1,1,32,32,1,30,0.000,0.000,,,,,NVIDIA A100-SXM4-40GB MIG 4g.20gb (0),1,,13,"void convert_kernel<__half2, float2>(tensor_layout_any, T1 *, tensor_layout_any, const T2 *)"
9505051778,6272,212464,,,,,,,,,,0.094,14938.703,Pinned,Device,NVIDIA A100-SXM4-40GB MIG 4g.20gb (0),1,,13,[CUDA memcpy Host-to-Device]
9505217952,616057,212465,,,,,,,,,,456.561,740999.217,Device,,NVIDIA A100-SXM4-40GB MIG 4g.20gb (0),1,,13,[CUDA memset]
9505840377,64991,212470,,,,,,,,,,1.235,19000.848,Pinned,Device,NVIDIA A100-SXM4-40GB MIG 4g.20gb (0),1,,13,[CUDA memcpy Host-to-Device]
9505908024,9920,212471,,,,,,,,,,0.197,19819.266,Pinned,Device,NVIDIA A100-SXM4-40GB MIG 4g.20gb (0),1,,13,[CUDA memcpy Host-to-Device]
9506410130,18720,212472,69,4,1,48,1,1,76,0.002,0.000,,,,,NVIDIA A100-SXM4-40GB MIG 4g.20gb (0),1,,13,"void ch_est::windowedChEstPreNoDftSOfdmKernel<float, __half, float, (unsigned int)2, (unsigned int)1, (unsigned short)4>(ch_est::puschRxChEstStatDescr_t *, ch_est::puschRxChEstDynDescr_t *)"
9506869357,16160,212473,137,2,1,24,2,1,44,0.001,0.001,,,,,NVIDIA A100-SXM4-40GB MIG 4g.20gb (0),1,,13,"void ch_est::chEstFilterNoDftSOfdmDispatchKernel<float, __half, float, (unsigned int)2>(ch_est::puschRxChEstStatDescr_t *, ch_est::puschRxChEstDynDescr_t *)"
9507433511,16416,212474,137,2,1,24,2,1,44,0.001,0.001,,,,,NVIDIA A100-SXM4-40GB MIG 4g.20gb (0),1,,13,"void ch_est::chEstFilterNoDftSOfdmDispatchKernel<float, __half, float, (unsigned int)2>(ch_est::puschRxChEstStatDescr_t *, ch_est::puschRxChEstDynDescr_t *)"
9507895394,9407,212485,103,1,1,128,1,1,16,0.000,0.000,,,,,NVIDIA A100-SXM4-40GB MIG 4g.20gb (0),1,,13,cupy_copy__complex64_complex64
9508286909,21056,212495,1434,1,1,128,1,1,16,0.000,0.000,,,,,NVIDIA A100-SXM4-40GB MIG 4g.20gb (0),1,,13,cupy_copy__complex64_complex64
9508681785,5216,212502,103,1,1,128,1,1,16,0.000,0.000,,,,,NVIDIA A100-SXM4-40GB MIG 4g.20gb (0),1,,13,cupy_copy__complex64_complex64
9509037141,251133,212509,1,1,1,32,32,1,30,0.000,0.000,,,,,NVIDIA A100-SXM4-40GB MIG 4g.20gb (0),1,,13,"void convert_kernel<__half2, float2>(tensor_layout_any, T1 *, tensor_layout_any, const T2 *)"
9509320337,8448,212512,,,,,,,,,,0.094,11090.889,Pinned,Device,NVIDIA A100-SXM4-40GB MIG 4g.20gb (0),1,,13,[CUDA memcpy Host-to-Device]
9509444208,57023,212513,,,,,,,,,,35.810,627962.757,Device,,NVIDIA A100-SXM4-40GB MIG 4g.20gb (0),1,,13,[CUDA memset]
9509507311,6432,212515,,,,,,,,,,0.000,12.438,Pinned,Device,NVIDIA A100-SXM4-40GB MIG 4g.20gb (0),1,,13,[CUDA memcpy Host-to-Device]
9509516175,15136,212516,,,,,,,,,,0.197,12989.301,Pinned,Device,NVIDIA A100-SXM4-40GB MIG 4g.20gb (0),1,,13,[CUDA memcpy Host-to-Device]
9509894155,42175,212517,273,1,1,48,1,1,40,0.000,0.001,,,,,NVIDIA A100-SXM4-40GB MIG 4g.20gb (0),1,,13,"void pusch_noise_intf_est::noiseIntfEstNoDftSOfdmKernel<float, __half, float, float, (unsigned int)2, (unsigned int)1, (unsigned char)4, (unsigned char)4>(pusch_noise_intf_est::puschRxNoiseIntfEstDynDescr)"
9510361125,6048,212528,35,1,1,128,1,1,16,0.000,0.000,,,,,NVIDIA A100-SXM4-40GB MIG 4g.20gb (0),1,,13,cupy_copy__complex64_complex64
9510802560,3328,212537,1,1,1,1,1,1,18,0.000,0.000,,,,,NVIDIA A100-SXM4-40GB MIG 4g.20gb (0),1,,13,cupy_copy__float32_float32
9510809792,1728,212543,,,,,,,,,,0.000,2.315,Device,Pageable,NVIDIA A100-SXM4-40GB MIG 4g.20gb (0),1,,7,[CUDA memcpy Device-to-Host]
9511289019,19552,212554,1434,1,1,128,1,1,16,0.000,0.000,,,,,NVIDIA A100-SXM4-40GB MIG 4g.20gb (0),1,,13,cupy_copy__complex64_complex64
9511739062,6144,212561,103,1,1,128,1,1,16,0.000,0.000,,,,,NVIDIA A100-SXM4-40GB MIG 4g.20gb (0),1,,13,cupy_copy__complex64_complex64
9512172657,6624,212568,35,1,1,128,1,1,16,0.000,0.000,,,,,NVIDIA A100-SXM4-40GB MIG 4g.20gb (0),1,,13,cupy_copy__complex64_complex64
9512518381,4320,212575,1,1,1,1,1,1,18,0.000,0.000,,,,,NVIDIA A100-SXM4-40GB MIG 4g.20gb (0),1,,13,cupy_copy__float32_float32
9512762026,247293,212586,1,1,1,32,32,1,30,0.000,0.000,,,,,NVIDIA A100-SXM4-40GB MIG 4g.20gb (0),1,,13,"void convert_kernel<__half2, float2>(tensor_layout_any, T1 *, tensor_layout_any, const T2 *)"
9513040295,6176,212589,,,,,,,,,,0.094,15170.975,Pinned,Device,NVIDIA A100-SXM4-40GB MIG 4g.20gb (0),1,,13,[CUDA memcpy Host-to-Device]
9513224837,5504,212590,,,,,,,,,,1.547,280999.928,Device,,NVIDIA A100-SXM4-40GB MIG 4g.20gb (0),1,,13,[CUDA memset]
9513234405,4736,212595,,,,,,,,,,0.031,6608.088,Pinned,Device,NVIDIA A100-SXM4-40GB MIG 4g.20gb (0),1,,13,[CUDA memcpy Host-to-Device]
9513247973,13567,212596,,,,,,,,,,0.197,14491.582,Pinned,Device,NVIDIA A100-SXM4-40GB MIG 4g.20gb (0),1,,13,[CUDA memcpy Host-to-Device]
9513692512,16031,212597,273,1,1,8,4,1,39,0.002,0.000,,,,,NVIDIA A100-SXM4-40GB MIG 4g.20gb (0),1,,13,"void channel_eq::eqMmseCoefCompLowMimoKernel<float, float, float, (unsigned int)4, (unsigned int)1, (unsigned int)4>(const channel_eq::_puschRxChEqStatDescr *, channel_eq::_puschRxChEqCoefCompDynDescr)"
9514154234,14816,212598,273,1,1,12,11,1,51,0.002,0.000,,,,,NVIDIA A100-SXM4-40GB MIG 4g.20gb (0),1,,13,"void channel_eq::eqMmseSoftDemapKernel<float, __half, __half, float, (unsigned int)4, (unsigned short)16383>(channel_eq::_puschRxChEqStatDescr *, channel_eq::_puschRxChEqSoftDemapDynDescr)"
9514624181,654457,212599,1,1,1,32,32,1,30,0.000,0.000,,,,,NVIDIA A100-SXM4-40GB MIG 4g.20gb (0),1,,13,"void convert_kernel<float2, __half2>(tensor_layout_any, T1 *, tensor_layout_any, const T2 *)"
9515391884,19328,212611,2253,1,1,128,1,1,16,0.000,0.000,,,,,NVIDIA A100-SXM4-40GB MIG 4g.20gb (0),1,,13,cupy_copy__float16_float16
9515780456,6688,212620,282,1,1,128,1,1,16,0.000,0.000,,,,,NVIDIA A100-SXM4-40GB MIG 4g.20gb (0),1,,13,cupy_copy__complex64_complex64
9516137316,4576,212629,26,1,1,128,1,1,16,0.000,0.000,,,,,NVIDIA A100-SXM4-40GB MIG 4g.20gb (0),1,,13,cupy_copy__float32_float32
9516485856,18208,212638,103,1,1,128,1,1,16,0.000,0.000,,,,,NVIDIA A100-SXM4-40GB MIG 4g.20gb (0),1,,13,cupy_copy__complex64_complex64
9516828156,20672,212648,1434,1,1,128,1,1,16,0.000,0.000,,,,,NVIDIA A100-SXM4-40GB MIG 4g.20gb (0),1,,13,cupy_copy__complex64_complex64
9517093273,251485,212653,1,1,1,32,32,1,30,0.000,0.000,,,,,NVIDIA A100-SXM4-40GB MIG 4g.20gb (0),1,,13,"void convert_kernel<__half2, float2>(tensor_layout_any, T1 *, tensor_layout_any, const T2 *)"
9517374198,5440,212656,,,,,,,,,,0.094,17223.480,Pinned,Device,NVIDIA A100-SXM4-40GB MIG 4g.20gb (0),1,,13,[CUDA memcpy Host-to-Device]
9517558196,606521,212657,,,,,,,,,,456.561,752413.253,Device,,NVIDIA A100-SXM4-40GB MIG 4g.20gb (0),1,,13,[CUDA memset]
9518171181,67743,212662,,,,,,,,,,1.235,18229.008,Pinned,Device,NVIDIA A100-SXM4-40GB MIG 4g.20gb (0),1,,13,[CUDA memcpy Host-to-Device]
9518241388,9728,212663,,,,,,,,,,0.197,20210.516,Pinned,Device,NVIDIA A100-SXM4-40GB MIG 4g.20gb (0),1,,13,[CUDA memcpy Host-to-Device]
9518631079,15616,212664,69,4,1,48,1,1,76,0.002,0.000,,,,,NVIDIA A100-SXM4-40GB MIG 4g.20gb (0),1,,13,"void ch_est::windowedChEstPreNoDftSOfdmKernel<float, __half, float, (unsigned int)2, (unsigned int)1, (unsigned short)4>(ch_est::puschRxChEstStatDescr_t *, ch_est::puschRxChEstDynDescr_t *)"
9519040771,16224,212665,137,2,1,24,2,1,44,0.001,0.001,,,,,NVIDIA A100-SXM4-40GB MIG 4g.20gb (0),1,,13,"void ch_est::chEstFilterNoDftSOfdmDispatchKernel<float, __half, float, (unsigned int)2>(ch_est::puschRxChEstStatDescr_t *, ch_est::puschRxChEstDynDescr_t *)"
9519585597,18719,212666,137,2,1,24,2,1,44,0.001,0.001,,,,,NVIDIA A100-SXM4-40GB MIG 4g.20gb (0),1,,13,"void ch_est::chEstFilterNoDftSOfdmDispatchKernel<float, __half, float, (unsigned int)2>(ch_est::puschRxChEstStatDescr_t *, ch_est::puschRxChEstDynDescr_t *)"
9520063671,4640,212677,103,1,1,128,1,1,16,0.000,0.000,,,,,NVIDIA A100-SXM4-40GB MIG 4g.20gb (0),1,,13,cupy_copy__complex64_complex64
9520572881,17120,212687,1434,1,1,128,1,1,16,0.000,0.000,,,,,NVIDIA A100-SXM4-40GB MIG 4g.20gb (0),1,,13,cupy_copy__complex64_complex64
9521110859,6144,212694,103,1,1,128,1,1,16,0.000,0.000,,,,,NVIDIA A100-SXM4-40GB MIG 4g.20gb (0),1,,13,cupy_copy__complex64_complex64
9521640869,320540,212701,1,1,1,32,32,1,30,0.000,0.000,,,,,NVIDIA A100-SXM4-40GB MIG 4g.20gb (0),1,,13,"void convert_kernel<__half2, float2>(tensor_layout_any, T1 *, tensor_layout_any, const T2 *)"
9521992481,7008,212704,,,,,,,,,,0.094,13369.857,Pinned,Device,NVIDIA A100-SXM4-40GB MIG 4g.20gb (0),1,,13,[CUDA memcpy Host-to-Device]
9522333885,54496,212705,,,,,,,,,,35.810,657076.222,Device,,NVIDIA A100-SXM4-40GB MIG 4g.20gb (0),1,,13,[CUDA memset]
9522396253,2048,212707,,,,,,,,,,0.000,39.062,Pinned,Device,NVIDIA A100-SXM4-40GB MIG 4g.20gb (0),1,,13,[CUDA memcpy Host-to-Device]
9522400764,10432,212708,,,,,,,,,,0.197,18846.450,Pinned,Device,NVIDIA A100-SXM4-40GB MIG 4g.20gb (0),1,,13,[CUDA memcpy Host-to-Device]
9522850807,21088,212709,273,1,1,48,1,1,40,0.000,0.001,,,,,NVIDIA A100-SXM4-40GB MIG 4g.20gb (0),1,,13,"void pusch_noise_intf_est::noiseIntfEstNoDftSOfdmKernel<float, __half, float, float, (unsigned int)2, (unsigned int)1, (unsigned char)4, (unsigned char)4>(pusch_noise_intf_est::puschRxNoiseIntfEstDynDescr)"
9523310290,10016,212720,35,1,1,128,1,1,16,0.000,0.000,,,,,NVIDIA A100-SXM4-40GB MIG 4g.20gb (0),1,,13,cupy_copy__complex64_complex64
9523714606,3807,212729,1,1,1,1,1,1,18,0.000,0.000,,,,,NVIDIA A100-SXM4-40GB MIG 4g.20gb (0),1,,13,cupy_copy__float32_float32
9523723949,3104,212735,,,,,,,,,,0.000,1.289,Device,Pageable,NVIDIA A100-SXM4-40GB MIG 4g.20gb (0),1,,7,[CUDA memcpy Device-to-Host]
9524181032,21600,212746,1434,1,1,128,1,1,16,0.000,0.000,,,,,NVIDIA A100-SXM4-40GB MIG 4g.20gb (0),1,,13,cupy_copy__complex64_complex64
9524715426,4768,212753,103,1,1,128,1,1,16,0.000,0.000,,,,,NVIDIA A100-SXM4-40GB MIG 4g.20gb (0),1,,13,cupy_copy__complex64_complex64
9525267900,8544,212760,35,1,1,128,1,1,16,0.000,0.000,,,,,NVIDIA A100-SXM4-40GB MIG 4g.20gb (0),1,,13,cupy_copy__complex64_complex64
9525746166,3328,212767,1,1,1,1,1,1,18,0.000,0.000,,,,,NVIDIA A100-SXM4-40GB MIG 4g.20gb (0),1,,13,cupy_copy__float32_float32
9526135538,259357,212778,1,1,1,32,32,1,30,0.000,0.000,,,,,NVIDIA A100-SXM4-40GB MIG 4g.20gb (0),1,,13,"void convert_kernel<__half2, float2>(tensor_layout_any, T1 *, tensor_layout_any, const T2 *)"
9526429871,12863,212781,,,,,,,,,,0.094,7284.114,Pinned,Device,NVIDIA A100-SXM4-40GB MIG 4g.20gb (0),1,,13,[CUDA memcpy Host-to-Device]
9526946729,4384,212782,,,,,,,,,,1.547,352788.028,Device,,NVIDIA A100-SXM4-40GB MIG 4g.20gb (0),1,,13,[CUDA memset]
9526960201,7360,212787,,,,,,,,,,0.031,4252.156,Pinned,Device,NVIDIA A100-SXM4-40GB MIG 4g.20gb (0),1,,13,[CUDA memcpy Host-to-Device]
9526971720,13088,212788,,,,,,,,,,0.197,15021.834,Pinned,Device,NVIDIA A100-SXM4-40GB MIG 4g.20gb (0),1,,13,[CUDA memcpy Host-to-Device]
9527470403,12576,212789,273,1,1,8,4,1,39,0.002,0.000,,,,,NVIDIA A100-SXM4-40GB MIG 4g.20gb (0),1,,13,"void channel_eq::eqMmseCoefCompLowMimoKernel<float, float, float, (unsigned int)4, (unsigned int)1, (unsigned int)4>(const channel_eq::_puschRxChEqStatDescr *, channel_eq::_puschRxChEqCoefCompDynDescr)"
9528037116,11008,212790,273,1,1,12,11,1,51,0.002,0.000,,,,,NVIDIA A100-SXM4-40GB MIG 4g.20gb (0),1,,13,"void channel_eq::eqMmseSoftDemapKernel<float, __half, __half, float, (unsigned int)4, (unsigned short)16383>(channel_eq::_puschRxChEqStatDescr *, channel_eq::_puschRxChEqSoftDemapDynDescr)"
9528550838,697657,212791,1,1,1,32,32,1,30,0.000,0.000,,,,,NVIDIA A100-SXM4-40GB MIG 4g.20gb (0),1,,13,"void convert_kernel<float2, __half2>(tensor_layout_any, T1 *, tensor_layout_any, const T2 *)"
9529679882,15135,212803,2253,1,1,128,1,1,16,0.000,0.000,,,,,NVIDIA A100-SXM4-40GB MIG 4g.20gb (0),1,,13,cupy_copy__float16_float16
9530082885,8640,212812,282,1,1,128,1,1,16,0.000,0.000,,,,,NVIDIA A100-SXM4-40GB MIG 4g.20gb (0),1,,13,cupy_copy__complex64_complex64
9530492640,10464,212821,26,1,1,128,1,1,16,0.000,0.000,,,,,NVIDIA A100-SXM4-40GB MIG 4g.20gb (0),1,,13,cupy_copy__float32_float32
9530902172,8096,212830,103,1,1,128,1,1,16,0.000,0.000,,,,,NVIDIA A100-SXM4-40GB MIG 4g.20gb (0),1,,13,cupy_copy__complex64_complex64
9531325687,23136,212840,1434,1,1,128,1,1,16,0.000,0.000,,,,,NVIDIA A100-SXM4-40GB MIG 4g.20gb (0),1,,13,cupy_copy__complex64_complex64
9531668947,326620,212845,1,1,1,32,32,1,30,0.000,0.000,,,,,NVIDIA A100-SXM4-40GB MIG 4g.20gb (0),1,,13,"void convert_kernel<__half2, float2>(tensor_layout_any, T1 *, tensor_layout_any, const T2 *)"
9532025903,5792,212848,,,,,,,,,,0.094,16176.708,Pinned,Device,NVIDIA A100-SXM4-40GB MIG 4g.20gb (0),1,,13,[CUDA memcpy Host-to-Device]
9532527177,613945,212849,,,,,,,,,,456.561,743282.024,Device,,NVIDIA A100-SXM4-40GB MIG 4g.20gb (0),1,,13,[CUDA memset]
9533148130,62687,212854,,,,,,,,,,1.235,19699.827,Pinned,Device,NVIDIA A100-SXM4-40GB MIG 4g.20gb (0),1,,13,[CUDA memcpy Host-to-Device]
9533213537,9632,212855,,,,,,,,,,0.197,20411.843,Pinned,Device,NVIDIA A100-SXM4-40GB MIG 4g.20gb (0),1,,13,[CUDA memcpy Host-to-Device]
9533677372,13152,212856,69,4,1,48,1,1,76,0.002,0.000,,,,,NVIDIA A100-SXM4-40GB MIG 4g.20gb (0),1,,13,"void ch_est::windowedChEstPreNoDftSOfdmKernel<float, __half, float, (unsigned int)2, (unsigned int)1, (unsigned short)4>(ch_est::puschRxChEstStatDescr_t *, ch_est::puschRxChEstDynDescr_t *)"
9534102775,13408,212857,137,2,1,24,2,1,44,0.001,0.001,,,,,NVIDIA A100-SXM4-40GB MIG 4g.20gb (0),1,,13,"void ch_est::chEstFilterNoDftSOfdmDispatchKernel<float, __half, float, (unsigned int)2>(ch_est::puschRxChEstStatDescr_t *, ch_est::puschRxChEstDynDescr_t *)"
9534526706,14624,212858,137,2,1,24,2,1,44,0.001,0.001,,,,,NVIDIA A100-SXM4-40GB MIG 4g.20gb (0),1,,13,"void ch_est::chEstFilterNoDftSOfdmDispatchKernel<float, __half, float, (unsigned int)2>(ch_est::puschRxChEstStatDescr_t *, ch_est::puschRxChEstDynDescr_t *)"
9534949358,4704,212869,103,1,1,128,1,1,16,0.000,0.000,,,,,NVIDIA A100-SXM4-40GB MIG 4g.20gb (0),1,,13,cupy_copy__complex64_complex64
9535394601,22655,212879,1434,1,1,128,1,1,16,0.000,0.000,,,,,NVIDIA A100-SXM4-40GB MIG 4g.20gb (0),1,,13,cupy_copy__complex64_complex64
9535897155,18336,212886,103,1,1,128,1,1,16,0.000,0.000,,,,,NVIDIA A100-SXM4-40GB MIG 4g.20gb (0),1,,13,cupy_copy__complex64_complex64
9536285438,265949,212893,1,1,1,32,32,1,30,0.000,0.000,,,,,NVIDIA A100-SXM4-40GB MIG 4g.20gb (0),1,,13,"void convert_kernel<__half2, float2>(tensor_layout_any, T1 *, tensor_layout_any, const T2 *)"
9536583515,12992,212896,,,,,,,,,,0.094,7211.781,Pinned,Device,NVIDIA A100-SXM4-40GB MIG 4g.20gb (0),1,,13,[CUDA memcpy Host-to-Device]
9536997014,53824,212897,,,,,,,,,,35.810,665312.504,Device,,NVIDIA A100-SXM4-40GB MIG 4g.20gb (0),1,,13,[CUDA memset]
9537058806,3872,212899,,,,,,,,,,0.000,20.661,Pinned,Device,NVIDIA A100-SXM4-40GB MIG 4g.20gb (0),1,,13,[CUDA memcpy Host-to-Device]
9537065238,23583,212900,,,,,,,,,,0.197,8336.769,Pinned,Device,NVIDIA A100-SXM4-40GB MIG 4g.20gb (0),1,,13,[CUDA memcpy Host-to-Device]
9537554064,19680,212901,273,1,1,48,1,1,40,0.000,0.001,,,,,NVIDIA A100-SXM4-40GB MIG 4g.20gb (0),1,,13,"void pusch_noise_intf_est::noiseIntfEstNoDftSOfdmKernel<float, __half, float, float, (unsigned int)2, (unsigned int)1, (unsigned char)4, (unsigned char)4>(pusch_noise_intf_est::puschRxNoiseIntfEstDynDescr)"
9538073194,4448,212912,35,1,1,128,1,1,16,0.000,0.000,,,,,NVIDIA A100-SXM4-40GB MIG 4g.20gb (0),1,,13,cupy_copy__complex64_complex64
9538528613,3392,212921,1,1,1,1,1,1,18,0.000,0.000,,,,,NVIDIA A100-SXM4-40GB MIG 4g.20gb (0),1,,13,cupy_copy__float32_float32
9538538373,4768,212927,,,,,,,,,,0.000,0.839,Device,Pageable,NVIDIA A100-SXM4-40GB MIG 4g.20gb (0),1,,7,[CUDA memcpy Device-to-Host]
9539160958,20960,212938,1434,1,1,128,1,1,16,0.000,0.000,,,,,NVIDIA A100-SXM4-40GB MIG 4g.20gb (0),1,,13,cupy_copy__complex64_complex64
9539674552,4672,212945,103,1,1,128,1,1,16,0.000,0.000,,,,,NVIDIA A100-SXM4-40GB MIG 4g.20gb (0),1,,13,cupy_copy__complex64_complex64
9540187666,6336,212952,35,1,1,128,1,1,16,0.000,0.000,,,,,NVIDIA A100-SXM4-40GB MIG 4g.20gb (0),1,,13,cupy_copy__complex64_complex64
9540756652,3648,212959,1,1,1,1,1,1,18,0.000,0.000,,,,,NVIDIA A100-SXM4-40GB MIG 4g.20gb (0),1,,13,cupy_copy__float32_float32
9541228710,263325,212970,1,1,1,32,32,1,30,0.000,0.000,,,,,NVIDIA A100-SXM4-40GB MIG 4g.20gb (0),1,,13,"void convert_kernel<__half2, float2>(tensor_layout_any, T1 *, tensor_layout_any, const T2 *)"
9541524003,5920,212973,,,,,,,,,,0.094,15826.941,Pinned,Device,NVIDIA A100-SXM4-40GB MIG 4g.20gb (0),1,,13,[CUDA memcpy Host-to-Device]
9541876671,5792,212974,,,,,,,,,,1.547,267026.180,Device,,NVIDIA A100-SXM4-40GB MIG 4g.20gb (0),1,,13,[CUDA memset]
9541887455,3392,212979,,,,,,,,,,0.031,9226.405,Pinned,Device,NVIDIA A100-SXM4-40GB MIG 4g.20gb (0),1,,13,[CUDA memcpy Host-to-Device]
9541897183,11295,212980,,,,,,,,,,0.197,17406.493,Pinned,Device,NVIDIA A100-SXM4-40GB MIG 4g.20gb (0),1,,13,[CUDA memcpy Host-to-Device]
9542379737,15136,212981,273,1,1,8,4,1,39,0.002,0.000,,,,,NVIDIA A100-SXM4-40GB MIG 4g.20gb (0),1,,13,"void channel_eq::eqMmseCoefCompLowMimoKernel<float, float, float, (unsigned int)4, (unsigned int)1, (unsigned int)4>(const channel_eq::_puschRxChEqStatDescr *, channel_eq::_puschRxChEqCoefCompDynDescr)"
9542877331,14272,212982,273,1,1,12,11,1,51,0.002,0.000,,,,,NVIDIA A100-SXM4-40GB MIG 4g.20gb (0),1,,13,"void channel_eq::eqMmseSoftDemapKernel<float, __half, __half, float, (unsigned int)4, (unsigned short)16383>(channel_eq::_puschRxChEqStatDescr *, channel_eq::_puschRxChEqSoftDemapDynDescr)"
9543382894,613753,212983,1,1,1,32,32,1,30,0.000,0.000,,,,,NVIDIA A100-SXM4-40GB MIG 4g.20gb (0),1,,13,"void convert_kernel<float2, __half2>(tensor_layout_any, T1 *, tensor_layout_any, const T2 *)"
9544505601,13792,212995,2253,1,1,128,1,1,16,0.000,0.000,,,,,NVIDIA A100-SXM4-40GB MIG 4g.20gb (0),1,,13,cupy_copy__float16_float16
9545080474,5792,213004,282,1,1,128,1,1,16,0.000,0.000,,,,,NVIDIA A100-SXM4-40GB MIG 4g.20gb (0),1,,13,cupy_copy__complex64_complex64
9545584533,6976,213013,26,1,1,128,1,1,16,0.000,0.000,,,,,NVIDIA A100-SXM4-40GB MIG 4g.20gb (0),1,,13,cupy_copy__float32_float32
9546081423,12864,213022,103,1,1,128,1,1,16,0.000,0.000,,,,,NVIDIA A100-SXM4-40GB MIG 4g.20gb (0),1,,13,cupy_copy__complex64_complex64
9546621001,23840,213032,1434,1,1,128,1,1,16,0.000,0.000,,,,,NVIDIA A100-SXM4-40GB MIG 4g.20gb (0),1,,13,cupy_copy__complex64_complex64
9547017316,242718,213037,1,1,1,32,32,1,30,0.000,0.000,,,,,NVIDIA A100-SXM4-40GB MIG 4g.20gb (0),1,,13,"void convert_kernel<__half2, float2>(tensor_layout_any, T1 *, tensor_layout_any, const T2 *)"
9547296385,5920,213040,,,,,,,,,,0.094,15826.941,Pinned,Device,NVIDIA A100-SXM4-40GB MIG 4g.20gb (0),1,,13,[CUDA memcpy Host-to-Device]
9547741180,610201,213041,,,,,,,,,,456.561,747847.639,Device,,NVIDIA A100-SXM4-40GB MIG 4g.20gb (0),1,,13,[CUDA memset]
9548357877,70399,213046,,,,,,,,,,1.235,17541.145,Pinned,Device,NVIDIA A100-SXM4-40GB MIG 4g.20gb (0),1,,13,[CUDA memcpy Host-to-Device]
9548433204,17056,213047,,,,,,,,,,0.197,11527.127,Pinned,Device,NVIDIA A100-SXM4-40GB MIG 4g.20gb (0),1,,13,[CUDA memcpy Host-to-Device]
9548920559,16992,213048,69,4,1,48,1,1,76,0.002,0.000,,,,,NVIDIA A100-SXM4-40GB MIG 4g.20gb (0),1,,13,"void ch_est::windowedChEstPreNoDftSOfdmKernel<float, __half, float, (unsigned int)2, (unsigned int)1, (unsigned short)4>(ch_est::puschRxChEstStatDescr_t *, ch_est::puschRxChEstDynDescr_t *)"
9549431529,20320,213049,137,2,1,24,2,1,44,0.001,0.001,,,,,NVIDIA A100-SXM4-40GB MIG 4g.20gb (0),1,,13,"void ch_est::chEstFilterNoDftSOfdmDispatchKernel<float, __half, float, (unsigned int)2>(ch_est::puschRxChEstStatDescr_t *, ch_est::puschRxChEstDynDescr_t *)"
9549891108,10624,213050,137,2,1,24,2,1,44,0.001,0.001,,,,,NVIDIA A100-SXM4-40GB MIG 4g.20gb (0),1,,13,"void ch_est::chEstFilterNoDftSOfdmDispatchKernel<float, __half, float, (unsigned int)2>(ch_est::puschRxChEstStatDescr_t *, ch_est::puschRxChEstDynDescr_t *)"
9550411102,5792,213061,103,1,1,128,1,1,16,0.000,0.000,,,,,NVIDIA A100-SXM4-40GB MIG 4g.20gb (0),1,,13,cupy_copy__complex64_complex64
9550915576,18912,213071,1434,1,1,128,1,1,16,0.000,0.000,,,,,NVIDIA A100-SXM4-40GB MIG 4g.20gb (0),1,,13,cupy_copy__complex64_complex64
9551364883,5024,213078,103,1,1,128,1,1,16,0.000,0.000,,,,,NVIDIA A100-SXM4-40GB MIG 4g.20gb (0),1,,13,cupy_copy__complex64_complex64
9551870605,243037,213085,1,1,1,32,32,1,30,0.000,0.000,,,,,NVIDIA A100-SXM4-40GB MIG 4g.20gb (0),1,,13,"void convert_kernel<__half2, float2>(tensor_layout_any, T1 *, tensor_layout_any, const T2 *)"
9552144426,5568,213088,,,,,,,,,,0.094,16827.521,Pinned,Device,NVIDIA A100-SXM4-40GB MIG 4g.20gb (0),1,,13,[CUDA memcpy Host-to-Device]
9552521030,48191,213089,,,,,,,,,,35.810,743055.840,Device,,NVIDIA A100-SXM4-40GB MIG 4g.20gb (0),1,,13,[CUDA memset]
9552573125,2496,213091,,,,,,,,,,0.000,32.051,Pinned,Device,NVIDIA A100-SXM4-40GB MIG 4g.20gb (0),1,,13,[CUDA memcpy Host-to-Device]
9552582149,10464,213092,,,,,,,,,,0.197,18788.844,Pinned,Device,NVIDIA A100-SXM4-40GB MIG 4g.20gb (0),1,,13,[CUDA memcpy Host-to-Device]
9553157502,15968,213093,273,1,1,48,1,1,40,0.000,0.001,,,,,NVIDIA A100-SXM4-40GB MIG 4g.20gb (0),1,,13,"void pusch_noise_intf_est::noiseIntfEstNoDftSOfdmKernel<float, __half, float, float, (unsigned int)2, (unsigned int)1, (unsigned char)4, (unsigned char)4>(pusch_noise_intf_est::puschRxNoiseIntfEstDynDescr)"
9553741880,5184,213104,35,1,1,128,1,1,16,0.000,0.000,,,,,NVIDIA A100-SXM4-40GB MIG 4g.20gb (0),1,,13,cupy_copy__complex64_complex64
9554264370,4384,213113,1,1,1,1,1,1,18,0.000,0.000,,,,,NVIDIA A100-SXM4-40GB MIG 4g.20gb (0),1,,13,cupy_copy__float32_float32
9554276050,1728,213119,,,,,,,,,,0.000,2.315,Device,Pageable,NVIDIA A100-SXM4-40GB MIG 4g.20gb (0),1,,7,[CUDA memcpy Device-to-Host]
9554907531,19455,213130,1434,1,1,128,1,1,16,0.000,0.000,,,,,NVIDIA A100-SXM4-40GB MIG 4g.20gb (0),1,,13,cupy_copy__complex64_complex64
9555439813,7039,213137,103,1,1,128,1,1,16,0.000,0.000,,,,,NVIDIA A100-SXM4-40GB MIG 4g.20gb (0),1,,13,cupy_copy__complex64_complex64
9555949407,4864,213144,35,1,1,128,1,1,16,0.000,0.000,,,,,NVIDIA A100-SXM4-40GB MIG 4g.20gb (0),1,,13,cupy_copy__complex64_complex64
9556531448,3584,213151,1,1,1,1,1,1,18,0.000,0.000,,,,,NVIDIA A100-SXM4-40GB MIG 4g.20gb (0),1,,13,cupy_copy__float32_float32
9557058834,279805,213162,1,1,1,32,32,1,30,0.000,0.000,,,,,NVIDIA A100-SXM4-40GB MIG 4g.20gb (0),1,,13,"void convert_kernel<__half2, float2>(tensor_layout_any, T1 *, tensor_layout_any, const T2 *)"
9557369551,5631,213165,,,,,,,,,,0.094,16639.285,Pinned,Device,NVIDIA A100-SXM4-40GB MIG 4g.20gb (0),1,,13,[CUDA memcpy Host-to-Device]
9557862281,5856,213166,,,,,,,,,,1.547,264109.247,Device,,NVIDIA A100-SXM4-40GB MIG 4g.20gb (0),1,,13,[CUDA memset]
9557871913,4544,213171,,,,,,,,,,0.031,6887.311,Pinned,Device,NVIDIA A100-SXM4-40GB MIG 4g.20gb (0),1,,13,[CUDA memcpy Host-to-Device]
9557882825,16768,213172,,,,,,,,,,0.197,11725.111,Pinned,Device,NVIDIA A100-SXM4-40GB MIG 4g.20gb (0),1,,13,[CUDA memcpy Host-to-Device]
9558317028,11072,213173,273,1,1,8,4,1,39,0.002,0.000,,,,,NVIDIA A100-SXM4-40GB MIG 4g.20gb (0),1,,13,"void channel_eq::eqMmseCoefCompLowMimoKernel<float, float, float, (unsigned int)4, (unsigned int)1, (unsigned int)4>(const channel_eq::_puschRxChEqStatDescr *, channel_eq::_puschRxChEqCoefCompDynDescr)"
9558741663,14176,213174,273,1,1,12,11,1,51,0.002,0.000,,,,,NVIDIA A100-SXM4-40GB MIG 4g.20gb (0),1,,13,"void channel_eq::eqMmseSoftDemapKernel<float, __half, __half, float, (unsigned int)4, (unsigned short)16383>(channel_eq::_puschRxChEqStatDescr *, channel_eq::_puschRxChEqSoftDemapDynDescr)"
9559165914,722424,213175,1,1,1,32,32,1,30,0.000,0.000,,,,,NVIDIA A100-SXM4-40GB MIG 4g.20gb (0),1,,13,"void convert_kernel<float2, __half2>(tensor_layout_any, T1 *, tensor_layout_any, const T2 *)"
9560169519,15360,213187,2253,1,1,128,1,1,16,0.000,0.000,,,,,NVIDIA A100-SXM4-40GB MIG 4g.20gb (0),1,,13,cupy_copy__float16_float16
9560611434,6432,213196,282,1,1,128,1,1,16,0.000,0.000,,,,,NVIDIA A100-SXM4-40GB MIG 4g.20gb (0),1,,13,cupy_copy__complex64_complex64
9561061541,4224,213205,26,1,1,128,1,1,16,0.000,0.000,,,,,NVIDIA A100-SXM4-40GB MIG 4g.20gb (0),1,,13,cupy_copy__float32_float32
9561597630,17632,213214,103,1,1,128,1,1,16,0.000,0.000,,,,,NVIDIA A100-SXM4-40GB MIG 4g.20gb (0),1,,13,cupy_copy__complex64_complex64
9561990362,19616,213224,1434,1,1,128,1,1,16,0.000,0.000,,,,,NVIDIA A100-SXM4-40GB MIG 4g.20gb (0),1,,13,cupy_copy__complex64_complex64
9562352022,260285,213229,1,1,1,32,32,1,30,0.000,0.000,,,,,NVIDIA A100-SXM4-40GB MIG 4g.20gb (0),1,,13,"void convert_kernel<__half2, float2>(tensor_layout_any, T1 *, tensor_layout_any, const T2 *)"
9562642579,5951,213232,,,,,,,,,,0.094,15744.488,Pinned,Device,NVIDIA A100-SXM4-40GB MIG 4g.20gb (0),1,,13,[CUDA memcpy Host-to-Device]
9562921743,611705,213233,,,,,,,,,,456.561,746021.393,Device,,NVIDIA A100-SXM4-40GB MIG 4g.20gb (0),1,,13,[CUDA memset]
9563541096,65984,213238,,,,,,,,,,1.235,18715.576,Pinned,Device,NVIDIA A100-SXM4-40GB MIG 4g.20gb (0),1,,13,[CUDA memcpy Host-to-Device]
9563609800,10143,213239,,,,,,,,,,0.197,19383.583,Pinned,Device,NVIDIA A100-SXM4-40GB MIG 4g.20gb (0),1,,13,[CUDA memcpy Host-to-Device]
9564066466,13696,213240,69,4,1,48,1,1,76,0.002,0.000,,,,,NVIDIA A100-SXM4-40GB MIG 4g.20gb (0),1,,13,"void ch_est::windowedChEstPreNoDftSOfdmKernel<float, __half, float, (unsigned int)2, (unsigned int)1, (unsigned short)4>(ch_est::puschRxChEstStatDescr_t *, ch_est::puschRxChEstDynDescr_t *)"
9564651516,16384,213241,137,2,1,24,2,1,44,0.001,0.001,,,,,NVIDIA A100-SXM4-40GB MIG 4g.20gb (0),1,,13,"void ch_est::chEstFilterNoDftSOfdmDispatchKernel<float, __half, float, (unsigned int)2>(ch_est::puschRxChEstStatDescr_t *, ch_est::puschRxChEstDynDescr_t *)"
9565167094,16128,213242,137,2,1,24,2,1,44,0.001,0.001,,,,,NVIDIA A100-SXM4-40GB MIG 4g.20gb (0),1,,13,"void ch_est::chEstFilterNoDftSOfdmDispatchKernel<float, __half, float, (unsigned int)2>(ch_est::puschRxChEstStatDescr_t *, ch_est::puschRxChEstDynDescr_t *)"
9565754799,4384,213253,103,1,1,128,1,1,16,0.000,0.000,,,,,NVIDIA A100-SXM4-40GB MIG 4g.20gb (0),1,,13,cupy_copy__complex64_complex64
9566259337,20352,213263,1434,1,1,128,1,1,16,0.000,0.000,,,,,NVIDIA A100-SXM4-40GB MIG 4g.20gb (0),1,,13,cupy_copy__complex64_complex64
9566757892,4256,213270,103,1,1,128,1,1,16,0.000,0.000,,,,,NVIDIA A100-SXM4-40GB MIG 4g.20gb (0),1,,13,cupy_copy__complex64_complex64
9567188639,269437,213277,1,1,1,32,32,1,30,0.000,0.000,,,,,NVIDIA A100-SXM4-40GB MIG 4g.20gb (0),1,,13,"void convert_kernel<__half2, float2>(tensor_layout_any, T1 *, tensor_layout_any, const T2 *)"
9567601338,6688,213280,,,,,,,,,,0.094,14009.520,Pinned,Device,NVIDIA A100-SXM4-40GB MIG 4g.20gb (0),1,,13,[CUDA memcpy Host-to-Device]
9568085301,74911,213281,,,,,,,,,,35.810,478026.622,Device,,NVIDIA A100-SXM4-40GB MIG 4g.20gb (0),1,,13,[CUDA memset]
9568166260,2368,213283,,,,,,,,,,0.000,33.784,Pinned,Device,NVIDIA A100-SXM4-40GB MIG 4g.20gb (0),1,,13,[CUDA memcpy Host-to-Device]
9568175444,13023,213284,,,,,,,,,,0.197,15096.938,Pinned,Device,NVIDIA A100-SXM4-40GB MIG 4g.20gb (0),1,,13,[CUDA memcpy Host-to-Device]
9568523504,18335,213285,273,1,1,48,1,1,40,0.000,0.001,,,,,NVIDIA A100-SXM4-40GB MIG 4g.20gb (0),1,,13,"void pusch_noise_intf_est::noiseIntfEstNoDftSOfdmKernel<float, __half, float, float, (unsigned int)2, (unsigned int)1, (unsigned char)4, (unsigned char)4>(pusch_noise_intf_est::puschRxNoiseIntfEstDynDescr)"
9569097449,5152,213296,35,1,1,128,1,1,16,0.000,0.000,,,,,NVIDIA A100-SXM4-40GB MIG 4g.20gb (0),1,,13,cupy_copy__complex64_complex64
9569595267,7040,213305,1,1,1,1,1,1,18,0.000,0.000,,,,,NVIDIA A100-SXM4-40GB MIG 4g.20gb (0),1,,13,cupy_copy__float32_float32
9569610211,2752,213311,,,,,,,,,,0.000,1.453,Device,Pageable,NVIDIA A100-SXM4-40GB MIG 4g.20gb (0),1,,7,[CUDA memcpy Device-to-Host]
9570117246,19359,213322,1434,1,1,128,1,1,16,0.000,0.000,,,,,NVIDIA A100-SXM4-40GB MIG 4g.20gb (0),1,,13,cupy_copy__complex64_complex64
9570574712,5440,213329,103,1,1,128,1,1,16,0.000,0.000,,,,,NVIDIA A100-SXM4-40GB MIG 4g.20gb (0),1,,13,cupy_copy__complex64_complex64
9571051475,15968,213336,35,1,1,128,1,1,16,0.000,0.000,,,,,NVIDIA A100-SXM4-40GB MIG 4g.20gb (0),1,,13,cupy_copy__complex64_complex64
9571443438,4928,213343,1,1,1,1,1,1,18,0.000,0.000,,,,,NVIDIA A100-SXM4-40GB MIG 4g.20gb (0),1,,13,cupy_copy__float32_float32
9571749611,251453,213354,1,1,1,32,32,1,30,0.000,0.000,,,,,NVIDIA A100-SXM4-40GB MIG 4g.20gb (0),1,,13,"void convert_kernel<__half2, float2>(tensor_layout_any, T1 *, tensor_layout_any, const T2 *)"
9572034120,5632,213357,,,,,,,,,,0.094,16636.287,Pinned,Device,NVIDIA A100-SXM4-40GB MIG 4g.20gb (0),1,,13,[CUDA memcpy Host-to-Device]
9572262277,4928,213358,,,,,,,,,,1.547,313844.035,Device,,NVIDIA A100-SXM4-40GB MIG 4g.20gb (0),1,,13,[CUDA memset]
9572272101,4032,213363,,,,,,,,,,0.031,7761.877,Pinned,Device,NVIDIA A100-SXM4-40GB MIG 4g.20gb (0),1,,13,[CUDA memcpy Host-to-Device]
9572282245,11328,213364,,,,,,,,,,0.197,17355.768,Pinned,Device,NVIDIA A100-SXM4-40GB MIG 4g.20gb (0),1,,13,[CUDA memcpy Host-to-Device]
9572782079,21760,213365,273,1,1,8,4,1,39,0.002,0.000,,,,,NVIDIA A100-SXM4-40GB MIG 4g.20gb (0),1,,13,"void channel_eq::eqMmseCoefCompLowMimoKernel<float, float, float, (unsigned int)4, (unsigned int)1, (unsigned int)4>(const channel_eq::_puschRxChEqStatDescr *, channel_eq::_puschRxChEqCoefCompDynDescr)"
9573346969,10592,213366,273,1,1,12,11,1,51,0.002,0.000,,,,,NVIDIA A100-SXM4-40GB MIG 4g.20gb (0),1,,13,"void channel_eq::eqMmseSoftDemapKernel<float, __half, __half, float, (unsigned int)4, (unsigned short)16383>(channel_eq::_puschRxChEqStatDescr *, channel_eq::_puschRxChEqSoftDemapDynDescr)"
9573846131,701752,213367,1,1,1,32,32,1,30,0.000,0.000,,,,,NVIDIA A100-SXM4-40GB MIG 4g.20gb (0),1,,13,"void convert_kernel<float2, __half2>(tensor_layout_any, T1 *, tensor_layout_any, const T2 *)"
9574762953,16159,213379,2253,1,1,128,1,1,16,0.000,0.000,,,,,NVIDIA A100-SXM4-40GB MIG 4g.20gb (0),1,,13,cupy_copy__float16_float16
9575237763,8608,213388,282,1,1,128,1,1,16,0.000,0.000,,,,,NVIDIA A100-SXM4-40GB MIG 4g.20gb (0),1,,13,cupy_copy__complex64_complex64
9575775997,4864,213397,26,1,1,128,1,1,16,0.000,0.000,,,,,NVIDIA A100-SXM4-40GB MIG 4g.20gb (0),1,,13,cupy_copy__float32_float32
9576270135,11328,213406,103,1,1,128,1,1,16,0.000,0.000,,,,,NVIDIA A100-SXM4-40GB MIG 4g.20gb (0),1,,13,cupy_copy__complex64_complex64
9576780946,26527,213416,1434,1,1,128,1,1,16,0.000,0.000,,,,,NVIDIA A100-SXM4-40GB MIG 4g.20gb (0),1,,13,cupy_copy__complex64_complex64
9577350507,301597,213421,1,1,1,32,32,1,30,0.000,0.000,,,,,NVIDIA A100-SXM4-40GB MIG 4g.20gb (0),1,,13,"void convert_kernel<__half2, float2>(tensor_layout_any, T1 *, tensor_layout_any, const T2 *)"
9577688487,7584,213424,,,,,,,,,,0.094,12354.380,Pinned,Device,NVIDIA A100-SXM4-40GB MIG 4g.20gb (0),1,,13,[CUDA memcpy Host-to-Device]
9578100227,606329,213425,,,,,,,,,,456.561,752869.815,Device,,NVIDIA A100-SXM4-40GB MIG 4g.20gb (0),1,,13,[CUDA memset]
9578713468,63039,213430,,,,,,,,,,1.235,19589.917,Pinned,Device,NVIDIA A100-SXM4-40GB MIG 4g.20gb (0),1,,13,[CUDA memcpy Host-to-Device]
9578779547,10080,213431,,,,,,,,,,0.197,19504.693,Pinned,Device,NVIDIA A100-SXM4-40GB MIG 4g.20gb (0),1,,13,[CUDA memcpy Host-to-Device]
9579270901,14336,213432,69,4,1,48,1,1,76,0.002,0.000,,,,,NVIDIA A100-SXM4-40GB MIG 4g.20gb (0),1,,13,"void ch_est::windowedChEstPreNoDftSOfdmKernel<float, __half, float, (unsigned int)2, (unsigned int)1, (unsigned short)4>(ch_est::puschRxChEstStatDescr_t *, ch_est::puschRxChEstDynDescr_t *)"
9579833231,11680,213433,137,2,1,24,2,1,44,0.001,0.001,,,,,NVIDIA A100-SXM4-40GB MIG 4g.20gb (0),1,,13,"void ch_est::chEstFilterNoDftSOfdmDispatchKernel<float, __half, float, (unsigned int)2>(ch_est::puschRxChEstStatDescr_t *, ch_est::puschRxChEstDynDescr_t *)"
9580396137,12479,213434,137,2,1,24,2,1,44,0.001,0.001,,,,,NVIDIA A100-SXM4-40GB MIG 4g.20gb (0),1,,13,"void ch_est::chEstFilterNoDftSOfdmDispatchKernel<float, __half, float, (unsigned int)2>(ch_est::puschRxChEstStatDescr_t *, ch_est::puschRxChEstDynDescr_t *)"
9580955778,4832,213445,103,1,1,128,1,1,16,0.000,0.000,,,,,NVIDIA A100-SXM4-40GB MIG 4g.20gb (0),1,,13,cupy_copy__complex64_complex64
9581460252,20672,213455,1434,1,1,128,1,1,16,0.000,0.000,,,,,NVIDIA A100-SXM4-40GB MIG 4g.20gb (0),1,,13,cupy_copy__complex64_complex64
9581919831,5536,213462,103,1,1,128,1,1,16,0.000,0.000,,,,,NVIDIA A100-SXM4-40GB MIG 4g.20gb (0),1,,13,cupy_copy__complex64_complex64
9582270451,241213,213469,1,1,1,32,32,1,30,0.000,0.000,,,,,NVIDIA A100-SXM4-40GB MIG 4g.20gb (0),1,,13,"void convert_kernel<__half2, float2>(tensor_layout_any, T1 *, tensor_layout_any, const T2 *)"
9582548368,5664,213472,,,,,,,,,,0.094,16542.310,Pinned,Device,NVIDIA A100-SXM4-40GB MIG 4g.20gb (0),1,,13,[CUDA memcpy Host-to-Device]
9582752910,54431,213473,,,,,,,,,,35.810,657864.040,Device,,NVIDIA A100-SXM4-40GB MIG 4g.20gb (0),1,,13,[CUDA memset]
9582814285,6464,213475,,,,,,,,,,0.000,12.376,Pinned,Device,NVIDIA A100-SXM4-40GB MIG 4g.20gb (0),1,,13,[CUDA memcpy Host-to-Device]
9582827309,17408,213476,,,,,,,,,,0.197,11293.950,Pinned,Device,NVIDIA A100-SXM4-40GB MIG 4g.20gb (0),1,,13,[CUDA memcpy Host-to-Device]
9583232488,17216,213477,273,1,1,48,1,1,40,0.000,0.001,,,,,NVIDIA A100-SXM4-40GB MIG 4g.20gb (0),1,,13,"void pusch_noise_intf_est::noiseIntfEstNoDftSOfdmKernel<float, __half, float, float, (unsigned int)2, (unsigned int)1, (unsigned char)4, (unsigned char)4>(pusch_noise_intf_est::puschRxNoiseIntfEstDynDescr)"
9583642244,6368,213488,35,1,1,128,1,1,16,0.000,0.000,,,,,NVIDIA A100-SXM4-40GB MIG 4g.20gb (0),1,,13,cupy_copy__complex64_complex64
9584077567,3424,213497,1,1,1,1,1,1,18,0.000,0.000,,,,,NVIDIA A100-SXM4-40GB MIG 4g.20gb (0),1,,13,cupy_copy__float32_float32
9584086399,1696,213503,,,,,,,,,,0.000,2.358,Device,Pageable,NVIDIA A100-SXM4-40GB MIG 4g.20gb (0),1,,7,[CUDA memcpy Device-to-Host]
9584598905,16416,213514,1434,1,1,128,1,1,16,0.000,0.000,,,,,NVIDIA A100-SXM4-40GB MIG 4g.20gb (0),1,,13,cupy_copy__complex64_complex64
9585131731,4672,213521,103,1,1,128,1,1,16,0.000,0.000,,,,,NVIDIA A100-SXM4-40GB MIG 4g.20gb (0),1,,13,cupy_copy__complex64_complex64
9585634349,12864,213528,35,1,1,128,1,1,16,0.000,0.000,,,,,NVIDIA A100-SXM4-40GB MIG 4g.20gb (0),1,,13,cupy_copy__complex64_complex64
9586109768,4351,213535,1,1,1,1,1,1,18,0.000,0.000,,,,,NVIDIA A100-SXM4-40GB MIG 4g.20gb (0),1,,13,cupy_copy__float32_float32
9586406308,259037,213546,1,1,1,32,32,1,30,0.000,0.000,,,,,NVIDIA A100-SXM4-40GB MIG 4g.20gb (0),1,,13,"void convert_kernel<__half2, float2>(tensor_layout_any, T1 *, tensor_layout_any, const T2 *)"
9586695489,7136,213549,,,,,,,,,,0.094,13129.995,Pinned,Device,NVIDIA A100-SXM4-40GB MIG 4g.20gb (0),1,,13,[CUDA memcpy Host-to-Device]
9586995773,5984,213550,,,,,,,,,,1.547,258459.430,Device,,NVIDIA A100-SXM4-40GB MIG 4g.20gb (0),1,,13,[CUDA memset]
9587006205,3680,213555,,,,,,,,,,0.031,8504.344,Pinned,Device,NVIDIA A100-SXM4-40GB MIG 4g.20gb (0),1,,13,[CUDA memcpy Host-to-Device]
9587016701,12224,213556,,,,,,,,,,0.197,16083.714,Pinned,Device,NVIDIA A100-SXM4-40GB MIG 4g.20gb (0),1,,13,[CUDA memcpy Host-to-Device]
9587607414,15200,213557,273,1,1,8,4,1,39,0.002,0.000,,,,,NVIDIA A100-SXM4-40GB MIG 4g.20gb (0),1,,13,"void channel_eq::eqMmseCoefCompLowMimoKernel<float, float, float, (unsigned int)4, (unsigned int)1, (unsigned int)4>(const channel_eq::_puschRxChEqStatDescr *, channel_eq::_puschRxChEqCoefCompDynDescr)"
9588123313,11775,213558,273,1,1,12,11,1,51,0.002,0.000,,,,,NVIDIA A100-SXM4-40GB MIG 4g.20gb (0),1,,13,"void channel_eq::eqMmseSoftDemapKernel<float, __half, __half, float, (unsigned int)4, (unsigned short)16383>(channel_eq::_puschRxChEqStatDescr *, channel_eq::_puschRxChEqSoftDemapDynDescr)"
9588720874,728216,213559,1,1,1,32,32,1,30,0.000,0.000,,,,,NVIDIA A100-SXM4-40GB MIG 4g.20gb (0),1,,13,"void convert_kernel<float2, __half2>(tensor_layout_any, T1 *, tensor_layout_any, const T2 *)"
9589812605,15712,213571,2253,1,1,128,1,1,16,0.000,0.000,,,,,NVIDIA A100-SXM4-40GB MIG 4g.20gb (0),1,,13,cupy_copy__float16_float16
9590321112,6528,213580,282,1,1,128,1,1,16,0.000,0.000,,,,,NVIDIA A100-SXM4-40GB MIG 4g.20gb (0),1,,13,cupy_copy__complex64_complex64
9590757011,7456,213589,26,1,1,128,1,1,16,0.000,0.000,,,,,NVIDIA A100-SXM4-40GB MIG 4g.20gb (0),1,,13,cupy_copy__float32_float32
9591193518,7936,213598,103,1,1,128,1,1,16,0.000,0.000,,,,,NVIDIA A100-SXM4-40GB MIG 4g.20gb (0),1,,13,cupy_copy__complex64_complex64
9591697736,22720,213614,1434,1,1,128,1,1,16,0.000,0.000,,,,,NVIDIA A100-SXM4-40GB MIG 4g.20gb (0),1,,13,cupy_copy__complex64_complex64
9592266721,296317,213619,1,1,1,32,32,1,30,0.000,0.000,,,,,NVIDIA A100-SXM4-40GB MIG 4g.20gb (0),1,,13,"void convert_kernel<__half2, float2>(tensor_layout_any, T1 *, tensor_layout_any, const T2 *)"
9592593118,5568,213622,,,,,,,,,,0.094,16827.521,Pinned,Device,NVIDIA A100-SXM4-40GB MIG 4g.20gb (0),1,,13,[CUDA memcpy Host-to-Device]
9593077400,602425,213623,,,,,,,,,,456.561,757435.429,Device,,NVIDIA A100-SXM4-40GB MIG 4g.20gb (0),1,,13,[CUDA memset]
9593686129,68512,213628,,,,,,,,,,1.235,18024.008,Pinned,Device,NVIDIA A100-SXM4-40GB MIG 4g.20gb (0),1,,13,[CUDA memcpy Host-to-Device]
9593757169,11583,213629,,,,,,,,,,0.197,16973.758,Pinned,Device,NVIDIA A100-SXM4-40GB MIG 4g.20gb (0),1,,13,[CUDA memcpy Host-to-Device]
9594282763,12799,213630,69,4,1,48,1,1,76,0.002,0.000,,,,,NVIDIA A100-SXM4-40GB MIG 4g.20gb (0),1,,13,"void ch_est::windowedChEstPreNoDftSOfdmKernel<float, __half, float, (unsigned int)2, (unsigned int)1, (unsigned short)4>(ch_est::puschRxChEstStatDescr_t *, ch_est::puschRxChEstDynDescr_t *)"
9594799557,11008,213631,137,2,1,24,2,1,44,0.001,0.001,,,,,NVIDIA A100-SXM4-40GB MIG 4g.20gb (0),1,,13,"void ch_est::chEstFilterNoDftSOfdmDispatchKernel<float, __half, float, (unsigned int)2>(ch_est::puschRxChEstStatDescr_t *, ch_est::puschRxChEstDynDescr_t *)"
9595317791,11744,213632,137,2,1,24,2,1,44,0.001,0.001,,,,,NVIDIA A100-SXM4-40GB MIG 4g.20gb (0),1,,13,"void ch_est::chEstFilterNoDftSOfdmDispatchKernel<float, __half, float, (unsigned int)2>(ch_est::puschRxChEstStatDescr_t *, ch_est::puschRxChEstDynDescr_t *)"
9595828985,4608,213643,103,1,1,128,1,1,16,0.000,0.000,,,,,NVIDIA A100-SXM4-40GB MIG 4g.20gb (0),1,,13,cupy_copy__complex64_complex64
9596289140,17087,213653,1434,1,1,128,1,1,16,0.000,0.000,,,,,NVIDIA A100-SXM4-40GB MIG 4g.20gb (0),1,,13,cupy_copy__complex64_complex64
9596812238,5056,213660,103,1,1,128,1,1,16,0.000,0.000,,,,,NVIDIA A100-SXM4-40GB MIG 4g.20gb (0),1,,13,cupy_copy__complex64_complex64
9597328360,236477,213667,1,1,1,32,32,1,30,0.000,0.000,,,,,NVIDIA A100-SXM4-40GB MIG 4g.20gb (0),1,,13,"void convert_kernel<__half2, float2>(tensor_layout_any, T1 *, tensor_layout_any, const T2 *)"
9597596389,5472,213670,,,,,,,,,,0.094,17122.757,Pinned,Device,NVIDIA A100-SXM4-40GB MIG 4g.20gb (0),1,,13,[CUDA memcpy Host-to-Device]
9597899713,51360,213671,,,,,,,,,,35.810,697219.142,Device,,NVIDIA A100-SXM4-40GB MIG 4g.20gb (0),1,,13,[CUDA memset]
9597958913,6176,213673,,,,,,,,,,0.000,12.953,Pinned,Device,NVIDIA A100-SXM4-40GB MIG 4g.20gb (0),1,,13,[CUDA memcpy Host-to-Device]
9597971265,13311,213674,,,,,,,,,,0.197,14770.176,Pinned,Device,NVIDIA A100-SXM4-40GB MIG 4g.20gb (0),1,,13,[CUDA memcpy Host-to-Device]
9598399580,17439,213675,273,1,1,48,1,1,40,0.000,0.001,,,,,NVIDIA A100-SXM4-40GB MIG 4g.20gb (0),1,,13,"void pusch_noise_intf_est::noiseIntfEstNoDftSOfdmKernel<float, __half, float, float, (unsigned int)2, (unsigned int)1, (unsigned char)4, (unsigned char)4>(pusch_noise_intf_est::puschRxNoiseIntfEstDynDescr)"
9598815575,5728,213686,35,1,1,128,1,1,16,0.000,0.000,,,,,NVIDIA A100-SXM4-40GB MIG 4g.20gb (0),1,,13,cupy_copy__complex64_complex64
9599177651,3168,213695,1,1,1,1,1,1,18,0.000,0.000,,,,,NVIDIA A100-SXM4-40GB MIG 4g.20gb (0),1,,13,cupy_copy__float32_float32
9599185107,5568,213701,,,,,,,,,,0.000,0.718,Device,Pageable,NVIDIA A100-SXM4-40GB MIG 4g.20gb (0),1,,7,[CUDA memcpy Device-to-Host]
9599761996,20480,213712,1434,1,1,128,1,1,16,0.000,0.000,,,,,NVIDIA A100-SXM4-40GB MIG 4g.20gb (0),1,,13,cupy_copy__complex64_complex64
9600373989,8288,213719,103,1,1,128,1,1,16,0.000,0.000,,,,,NVIDIA A100-SXM4-40GB MIG 4g.20gb (0),1,,13,cupy_copy__complex64_complex64
9600899135,5152,213726,35,1,1,128,1,1,16,0.000,0.000,,,,,NVIDIA A100-SXM4-40GB MIG 4g.20gb (0),1,,13,cupy_copy__complex64_complex64
9601435801,3296,213733,1,1,1,1,1,1,18,0.000,0.000,,,,,NVIDIA A100-SXM4-40GB MIG 4g.20gb (0),1,,13,cupy_copy__float32_float32
9601916916,300508,213744,1,1,1,32,32,1,30,0.000,0.000,,,,,NVIDIA A100-SXM4-40GB MIG 4g.20gb (0),1,,13,"void convert_kernel<__half2, float2>(tensor_layout_any, T1 *, tensor_layout_any, const T2 *)"
9602248752,5440,213747,,,,,,,,,,0.094,17223.480,Pinned,Device,NVIDIA A100-SXM4-40GB MIG 4g.20gb (0),1,,13,[CUDA memcpy Host-to-Device]
9602780330,6784,213748,,,,,,,,,,1.547,227980.111,Device,,NVIDIA A100-SXM4-40GB MIG 4g.20gb (0),1,,13,[CUDA memset]
9602791690,3904,213753,,,,,,,,,,0.031,8016.377,Pinned,Device,NVIDIA A100-SXM4-40GB MIG 4g.20gb (0),1,,13,[CUDA memcpy Host-to-Device]
9602802090,14911,213754,,,,,,,,,,0.197,13185.319,Pinned,Device,NVIDIA A100-SXM4-40GB MIG 4g.20gb (0),1,,13,[CUDA memcpy Host-to-Device]
9603405507,21983,213755,273,1,1,8,4,1,39,0.002,0.000,,,,,NVIDIA A100-SXM4-40GB MIG 4g.20gb (0),1,,13,"void channel_eq::eqMmseCoefCompLowMimoKernel<float, float, float, (unsigned int)4, (unsigned int)1, (unsigned int)4>(const channel_eq::_puschRxChEqStatDescr *, channel_eq::_puschRxChEqCoefCompDynDescr)"
9603916797,17216,213756,273,1,1,12,11,1,51,0.002,0.000,,,,,NVIDIA A100-SXM4-40GB MIG 4g.20gb (0),1,,13,"void channel_eq::eqMmseSoftDemapKernel<float, __half, __half, float, (unsigned int)4, (unsigned short)16383>(channel_eq::_puschRxChEqStatDescr *, channel_eq::_puschRxChEqSoftDemapDynDescr)"
9604520406,724376,213757,1,1,1,32,32,1,30,0.000,0.000,,,,,NVIDIA A100-SXM4-40GB MIG 4g.20gb (0),1,,13,"void convert_kernel<float2, __half2>(tensor_layout_any, T1 *, tensor_layout_any, const T2 *)"
9605812199,22592,213769,2253,1,1,128,1,1,16,0.000,0.000,,,,,NVIDIA A100-SXM4-40GB MIG 4g.20gb (0),1,,13,cupy_copy__float16_float16
9606260034,5248,213778,282,1,1,128,1,1,16,0.000,0.000,,,,,NVIDIA A100-SXM4-40GB MIG 4g.20gb (0),1,,13,cupy_copy__complex64_complex64
9606719197,4160,213787,26,1,1,128,1,1,16,0.000,0.000,,,,,NVIDIA A100-SXM4-40GB MIG 4g.20gb (0),1,,13,cupy_copy__float32_float32
9607208311,16928,213796,103,1,1,128,1,1,16,0.000,0.000,,,,,NVIDIA A100-SXM4-40GB MIG 4g.20gb (0),1,,13,cupy_copy__complex64_complex64
9607607347,21600,213806,1434,1,1,128,1,1,16,0.000,0.000,,,,,NVIDIA A100-SXM4-40GB MIG 4g.20gb (0),1,,13,cupy_copy__complex64_complex64
9607894800,265789,213811,1,1,1,32,32,1,30,0.000,0.000,,,,,NVIDIA A100-SXM4-40GB MIG 4g.20gb (0),1,,13,"void convert_kernel<__half2, float2>(tensor_layout_any, T1 *, tensor_layout_any, const T2 *)"
9608192428,6176,213814,,,,,,,,,,0.094,15170.975,Pinned,Device,NVIDIA A100-SXM4-40GB MIG 4g.20gb (0),1,,13,[CUDA memcpy Host-to-Device]
9608412298,630713,213815,,,,,,,,,,456.561,723649.882,Device,,NVIDIA A100-SXM4-40GB MIG 4g.20gb (0),1,,13,[CUDA memset]
9609050210,54144,213820,,,,,,,,,,1.235,22808.181,Pinned,Device,NVIDIA A100-SXM4-40GB MIG 4g.20gb (0),1,,13,[CUDA memcpy Host-to-Device]
9609106818,10144,213821,,,,,,,,,,0.197,19381.617,Pinned,Device,NVIDIA A100-SXM4-40GB MIG 4g.20gb (0),1,,13,[CUDA memcpy Host-to-Device]
9609521629,16928,213822,69,4,1,48,1,1,76,0.002,0.000,,,,,NVIDIA A100-SXM4-40GB MIG 4g.20gb (0),1,,13,"void ch_est::windowedChEstPreNoDftSOfdmKernel<float, __half, float, (unsigned int)2, (unsigned int)1, (unsigned short)4>(ch_est::puschRxChEstStatDescr_t *, ch_est::puschRxChEstDynDescr_t *)"
9609939832,11104,213823,137,2,1,24,2,1,44,0.001,0.001,,,,,NVIDIA A100-SXM4-40GB MIG 4g.20gb (0),1,,13,"void ch_est::chEstFilterNoDftSOfdmDispatchKernel<float, __half, float, (unsigned int)2>(ch_est::puschRxChEstStatDescr_t *, ch_est::puschRxChEstDynDescr_t *)"
9610318484,11392,213824,137,2,1,24,2,1,44,0.001,0.001,,,,,NVIDIA A100-SXM4-40GB MIG 4g.20gb (0),1,,13,"void ch_est::chEstFilterNoDftSOfdmDispatchKernel<float, __half, float, (unsigned int)2>(ch_est::puschRxChEstStatDescr_t *, ch_est::puschRxChEstDynDescr_t *)"
9610696240,5888,213835,103,1,1,128,1,1,16,0.000,0.000,,,,,NVIDIA A100-SXM4-40GB MIG 4g.20gb (0),1,,13,cupy_copy__complex64_complex64
9611021740,21024,213845,1434,1,1,128,1,1,16,0.000,0.000,,,,,NVIDIA A100-SXM4-40GB MIG 4g.20gb (0),1,,13,cupy_copy__complex64_complex64
9611294537,4480,213852,103,1,1,128,1,1,16,0.000,0.000,,,,,NVIDIA A100-SXM4-40GB MIG 4g.20gb (0),1,,13,cupy_copy__complex64_complex64
9611476231,296509,213859,1,1,1,32,32,1,30,0.000,0.000,,,,,NVIDIA A100-SXM4-40GB MIG 4g.20gb (0),1,,13,"void convert_kernel<__half2, float2>(tensor_layout_any, T1 *, tensor_layout_any, const T2 *)"
9611800707,5600,213862,,,,,,,,,,0.094,16731.388,Pinned,Device,NVIDIA A100-SXM4-40GB MIG 4g.20gb (0),1,,13,[CUDA memcpy Host-to-Device]
9612005345,53375,213863,,,,,,,,,,35.810,670898.851,Device,,NVIDIA A100-SXM4-40GB MIG 4g.20gb (0),1,,13,[CUDA memset]
9612064736,2592,213865,,,,,,,,,,0.000,30.864,Pinned,Device,NVIDIA A100-SXM4-40GB MIG 4g.20gb (0),1,,13,[CUDA memcpy Host-to-Device]
9612073440,12384,213866,,,,,,,,,,0.197,15875.899,Pinned,Device,NVIDIA A100-SXM4-40GB MIG 4g.20gb (0),1,,13,[CUDA memcpy Host-to-Device]
9612519515,17024,213867,273,1,1,48,1,1,40,0.000,0.001,,,,,NVIDIA A100-SXM4-40GB MIG 4g.20gb (0),1,,13,"void pusch_noise_intf_est::noiseIntfEstNoDftSOfdmKernel<float, __half, float, float, (unsigned int)2, (unsigned int)1, (unsigned char)4, (unsigned char)4>(pusch_noise_intf_est::puschRxNoiseIntfEstDynDescr)"
9612958870,6304,213878,35,1,1,128,1,1,16,0.000,0.000,,,,,NVIDIA A100-SXM4-40GB MIG 4g.20gb (0),1,,13,cupy_copy__complex64_complex64
9613364913,3008,213887,1,1,1,1,1,1,18,0.000,0.000,,,,,NVIDIA A100-SXM4-40GB MIG 4g.20gb (0),1,,13,cupy_copy__float32_float32
9613372465,1600,213893,,,,,,,,,,0.000,2.500,Device,Pageable,NVIDIA A100-SXM4-40GB MIG 4g.20gb (0),1,,7,[CUDA memcpy Device-to-Host]
9613867500,19871,213904,1434,1,1,128,1,1,16,0.000,0.000,,,,,NVIDIA A100-SXM4-40GB MIG 4g.20gb (0),1,,13,cupy_copy__complex64_complex64
9614389542,8064,213911,103,1,1,128,1,1,16,0.000,0.000,,,,,NVIDIA A100-SXM4-40GB MIG 4g.20gb (0),1,,13,cupy_copy__complex64_complex64
9614754818,5792,213918,35,1,1,128,1,1,16,0.000,0.000,,,,,NVIDIA A100-SXM4-40GB MIG 4g.20gb (0),1,,13,cupy_copy__complex64_complex64
9615137245,3424,213925,1,1,1,1,1,1,18,0.000,0.000,,,,,NVIDIA A100-SXM4-40GB MIG 4g.20gb (0),1,,13,cupy_copy__float32_float32
9615472345,235358,213936,1,1,1,32,32,1,30,0.000,0.000,,,,,NVIDIA A100-SXM4-40GB MIG 4g.20gb (0),1,,13,"void convert_kernel<__half2, float2>(tensor_layout_any, T1 *, tensor_layout_any, const T2 *)"
9615737526,5952,213939,,,,,,,,,,0.094,15741.865,Pinned,Device,NVIDIA A100-SXM4-40GB MIG 4g.20gb (0),1,,13,[CUDA memcpy Host-to-Device]
9616044467,5472,213940,,,,,,,,,,1.547,282642.443,Device,,NVIDIA A100-SXM4-40GB MIG 4g.20gb (0),1,,13,[CUDA memset]
9616055827,3424,213945,,,,,,,,,,0.031,9140.185,Pinned,Device,NVIDIA A100-SXM4-40GB MIG 4g.20gb (0),1,,13,[CUDA memcpy Host-to-Device]
9616065075,10272,213946,,,,,,,,,,0.197,19140.182,Pinned,Device,NVIDIA A100-SXM4-40GB MIG 4g.20gb (0),1,,13,[CUDA memcpy Host-to-Device]
9616494574,11872,213947,273,1,1,8,4,1,39,0.002,0.000,,,,,NVIDIA A100-SXM4-40GB MIG 4g.20gb (0),1,,13,"void channel_eq::eqMmseCoefCompLowMimoKernel<float, float, float, (unsigned int)4, (unsigned int)1, (unsigned int)4>(const channel_eq::_puschRxChEqStatDescr *, channel_eq::_puschRxChEqCoefCompDynDescr)"
9616937385,13664,213948,273,1,1,12,11,1,51,0.002,0.000,,,,,NVIDIA A100-SXM4-40GB MIG 4g.20gb (0),1,,13,"void channel_eq::eqMmseSoftDemapKernel<float, __half, __half, float, (unsigned int)4, (unsigned short)16383>(channel_eq::_puschRxChEqStatDescr *, channel_eq::_puschRxChEqSoftDemapDynDescr)"
9617385412,672088,213949,1,1,1,32,32,1,30,0.000,0.000,,,,,NVIDIA A100-SXM4-40GB MIG 4g.20gb (0),1,,13,"void convert_kernel<float2, __half2>(tensor_layout_any, T1 *, tensor_layout_any, const T2 *)"
9618267418,15711,213961,2253,1,1,128,1,1,16,0.000,0.000,,,,,NVIDIA A100-SXM4-40GB MIG 4g.20gb (0),1,,13,cupy_copy__float16_float16
9618720276,6656,213970,282,1,1,128,1,1,16,0.000,0.000,,,,,NVIDIA A100-SXM4-40GB MIG 4g.20gb (0),1,,13,cupy_copy__complex64_complex64
9619154448,4479,213979,26,1,1,128,1,1,16,0.000,0.000,,,,,NVIDIA A100-SXM4-40GB MIG 4g.20gb (0),1,,13,cupy_copy__float32_float32
9619820584,8544,213988,103,1,1,128,1,1,16,0.000,0.000,,,,,NVIDIA A100-SXM4-40GB MIG 4g.20gb (0),1,,13,cupy_copy__complex64_complex64
9620311650,23616,213998,1434,1,1,128,1,1,16,0.000,0.000,,,,,NVIDIA A100-SXM4-40GB MIG 4g.20gb (0),1,,13,cupy_copy__complex64_complex64
9620982299,252701,214003,1,1,1,32,32,1,30,0.000,0.000,,,,,NVIDIA A100-SXM4-40GB MIG 4g.20gb (0),1,,13,"void convert_kernel<__half2, float2>(tensor_layout_any, T1 *, tensor_layout_any, const T2 *)"
9621266807,5952,214006,,,,,,,,,,0.094,15741.865,Pinned,Device,NVIDIA A100-SXM4-40GB MIG 4g.20gb (0),1,,13,[CUDA memcpy Host-to-Device]
9621642035,622169,214007,,,,,,,,,,456.561,733694.234,Device,,NVIDIA A100-SXM4-40GB MIG 4g.20gb (0),1,,13,[CUDA memset]
9622269900,63039,214012,,,,,,,,,,1.235,19589.917,Pinned,Device,NVIDIA A100-SXM4-40GB MIG 4g.20gb (0),1,,13,[CUDA memcpy Host-to-Device]
9622335403,9568,214013,,,,,,,,,,0.197,20548.485,Pinned,Device,NVIDIA A100-SXM4-40GB MIG 4g.20gb (0),1,,13,[CUDA memcpy Host-to-Device]
9622927877,13887,214014,69,4,1,48,1,1,76,0.002,0.000,,,,,NVIDIA A100-SXM4-40GB MIG 4g.20gb (0),1,,13,"void ch_est::windowedChEstPreNoDftSOfdmKernel<float, __half, float, (unsigned int)2, (unsigned int)1, (unsigned short)4>(ch_est::puschRxChEstStatDescr_t *, ch_est::puschRxChEstDynDescr_t *)"
9623592349,14976,214015,137,2,1,24,2,1,44,0.001,0.001,,,,,NVIDIA A100-SXM4-40GB MIG 4g.20gb (0),1,,13,"void ch_est::chEstFilterNoDftSOfdmDispatchKernel<float, __half, float, (unsigned int)2>(ch_est::puschRxChEstStatDescr_t *, ch_est::puschRxChEstDynDescr_t *)"
9624254037,11360,214016,137,2,1,24,2,1,44,0.001,0.001,,,,,NVIDIA A100-SXM4-40GB MIG 4g.20gb (0),1,,13,"void ch_est::chEstFilterNoDftSOfdmDispatchKernel<float, __half, float, (unsigned int)2>(ch_est::puschRxChEstStatDescr_t *, ch_est::puschRxChEstDynDescr_t *)"
9624919022,6848,214027,103,1,1,128,1,1,16,0.000,0.000,,,,,NVIDIA A100-SXM4-40GB MIG 4g.20gb (0),1,,13,cupy_copy__complex64_complex64
9625469672,20543,214037,1434,1,1,128,1,1,16,0.000,0.000,,,,,NVIDIA A100-SXM4-40GB MIG 4g.20gb (0),1,,13,cupy_copy__complex64_complex64
9625923106,5184,214044,103,1,1,128,1,1,16,0.000,0.000,,,,,NVIDIA A100-SXM4-40GB MIG 4g.20gb (0),1,,13,cupy_copy__complex64_complex64
9626477660,228286,214051,1,1,1,32,32,1,30,0.000,0.000,,,,,NVIDIA A100-SXM4-40GB MIG 4g.20gb (0),1,,13,"void convert_kernel<__half2, float2>(tensor_layout_any, T1 *, tensor_layout_any, const T2 *)"
9626741337,6112,214054,,,,,,,,,,0.094,15329.790,Pinned,Device,NVIDIA A100-SXM4-40GB MIG 4g.20gb (0),1,,13,[CUDA memcpy Host-to-Device]
9627255411,60608,214055,,,,,,,,,,35.810,590827.870,Device,,NVIDIA A100-SXM4-40GB MIG 4g.20gb (0),1,,13,[CUDA memset]
9627320851,1824,214057,,,,,,,,,,0.000,43.860,Pinned,Device,NVIDIA A100-SXM4-40GB MIG 4g.20gb (0),1,,13,[CUDA memcpy Host-to-Device]
9627329266,10496,214058,,,,,,,,,,0.197,18731.631,Pinned,Device,NVIDIA A100-SXM4-40GB MIG 4g.20gb (0),1,,13,[CUDA memcpy Host-to-Device]
9628031882,16832,214059,273,1,1,48,1,1,40,0.000,0.001,,,,,NVIDIA A100-SXM4-40GB MIG 4g.20gb (0),1,,13,"void pusch_noise_intf_est::noiseIntfEstNoDftSOfdmKernel<float, __half, float, float, (unsigned int)2, (unsigned int)1, (unsigned char)4, (unsigned char)4>(pusch_noise_intf_est::puschRxNoiseIntfEstDynDescr)"
9628695555,6304,214070,35,1,1,128,1,1,16,0.000,0.000,,,,,NVIDIA A100-SXM4-40GB MIG 4g.20gb (0),1,,13,cupy_copy__complex64_complex64
9629337564,4128,214079,1,1,1,1,1,1,18,0.000,0.000,,,,,NVIDIA A100-SXM4-40GB MIG 4g.20gb (0),1,,13,cupy_copy__float32_float32
9629346300,2400,214085,,,,,,,,,,0.000,1.667,Device,Pageable,NVIDIA A100-SXM4-40GB MIG 4g.20gb (0),1,,7,[CUDA memcpy Device-to-Host]
9629852438,22432,214096,1434,1,1,128,1,1,16,0.000,0.000,,,,,NVIDIA A100-SXM4-40GB MIG 4g.20gb (0),1,,13,cupy_copy__complex64_complex64
9630558062,5856,214103,103,1,1,128,1,1,16,0.000,0.000,,,,,NVIDIA A100-SXM4-40GB MIG 4g.20gb (0),1,,13,cupy_copy__complex64_complex64
9631316517,5344,214110,35,1,1,128,1,1,16,0.000,0.000,,,,,NVIDIA A100-SXM4-40GB MIG 4g.20gb (0),1,,13,cupy_copy__complex64_complex64
9631992125,4448,214117,1,1,1,1,1,1,18,0.000,0.000,,,,,NVIDIA A100-SXM4-40GB MIG 4g.20gb (0),1,,13,cupy_copy__float32_float32
9632606038,261693,214128,1,1,1,32,32,1,30,0.000,0.000,,,,,NVIDIA A100-SXM4-40GB MIG 4g.20gb (0),1,,13,"void convert_kernel<__half2, float2>(tensor_layout_any, T1 *, tensor_layout_any, const T2 *)"
9632899315,5600,214131,,,,,,,,,,0.094,16731.388,Pinned,Device,NVIDIA A100-SXM4-40GB MIG 4g.20gb (0),1,,13,[CUDA memcpy Host-to-Device]
9633539148,5760,214132,,,,,,,,,,1.547,268510.939,Device,,NVIDIA A100-SXM4-40GB MIG 4g.20gb (0),1,,13,[CUDA memset]
9633550156,7424,214137,,,,,,,,,,0.031,4215.509,Pinned,Device,NVIDIA A100-SXM4-40GB MIG 4g.20gb (0),1,,13,[CUDA memcpy Host-to-Device]
9633560044,17567,214138,,,,,,,,,,0.197,11191.714,Pinned,Device,NVIDIA A100-SXM4-40GB MIG 4g.20gb (0),1,,13,[CUDA memcpy Host-to-Device]
9634280451,10784,214139,273,1,1,8,4,1,39,0.002,0.000,,,,,NVIDIA A100-SXM4-40GB MIG 4g.20gb (0),1,,13,"void channel_eq::eqMmseCoefCompLowMimoKernel<float, float, float, (unsigned int)4, (unsigned int)1, (unsigned int)4>(const channel_eq::_puschRxChEqStatDescr *, channel_eq::_puschRxChEqCoefCompDynDescr)"
9635017499,15808,214140,273,1,1,12,11,1,51,0.002,0.000,,,,,NVIDIA A100-SXM4-40GB MIG 4g.20gb (0),1,,13,"void channel_eq::eqMmseSoftDemapKernel<float, __half, __half, float, (unsigned int)4, (unsigned short)16383>(channel_eq::_puschRxChEqStatDescr *, channel_eq::_puschRxChEqSoftDemapDynDescr)"
9635757651,669048,214141,1,1,1,32,32,1,30,0.000,0.000,,,,,NVIDIA A100-SXM4-40GB MIG 4g.20gb (0),1,,13,"void convert_kernel<float2, __half2>(tensor_layout_any, T1 *, tensor_layout_any, const T2 *)"
9637042116,17856,214153,2253,1,1,128,1,1,16,0.000,0.000,,,,,NVIDIA A100-SXM4-40GB MIG 4g.20gb (0),1,,13,cupy_copy__float16_float16
9637557950,6976,214162,282,1,1,128,1,1,16,0.000,0.000,,,,,NVIDIA A100-SXM4-40GB MIG 4g.20gb (0),1,,13,cupy_copy__complex64_complex64
9638188183,4576,214171,26,1,1,128,1,1,16,0.000,0.000,,,,,NVIDIA A100-SXM4-40GB MIG 4g.20gb (0),1,,13,cupy_copy__float32_float32
9638631186,10304,214180,103,1,1,128,1,1,16,0.000,0.000,,,,,NVIDIA A100-SXM4-40GB MIG 4g.20gb (0),1,,13,cupy_copy__complex64_complex64
9639293194,20416,214190,1434,1,1,128,1,1,16,0.000,0.000,,,,,NVIDIA A100-SXM4-40GB MIG 4g.20gb (0),1,,13,cupy_copy__complex64_complex64
9639966915,251229,214195,1,1,1,32,32,1,30,0.000,0.000,,,,,NVIDIA A100-SXM4-40GB MIG 4g.20gb (0),1,,13,"void convert_kernel<__half2, float2>(tensor_layout_any, T1 *, tensor_layout_any, const T2 *)"
9640250143,5888,214198,,,,,,,,,,0.094,15912.954,Pinned,Device,NVIDIA A100-SXM4-40GB MIG 4g.20gb (0),1,,13,[CUDA memcpy Host-to-Device]
9640636603,616953,214199,,,,,,,,,,456.561,739629.533,Device,,NVIDIA A100-SXM4-40GB MIG 4g.20gb (0),1,,13,[CUDA memset]
9641260180,67391,214204,,,,,,,,,,1.235,18324.099,Pinned,Device,NVIDIA A100-SXM4-40GB MIG 4g.20gb (0),1,,13,[CUDA memcpy Host-to-Device]
9641330003,9600,214205,,,,,,,,,,0.197,20479.869,Pinned,Device,NVIDIA A100-SXM4-40GB MIG 4g.20gb (0),1,,13,[CUDA memcpy Host-to-Device]
9641920556,13024,214206,69,4,1,48,1,1,76,0.002,0.000,,,,,NVIDIA A100-SXM4-40GB MIG 4g.20gb (0),1,,13,"void ch_est::windowedChEstPreNoDftSOfdmKernel<float, __half, float, (unsigned int)2, (unsigned int)1, (unsigned short)4>(ch_est::puschRxChEstStatDescr_t *, ch_est::puschRxChEstDynDescr_t *)"
9642602949,11552,214207,137,2,1,24,2,1,44,0.001,0.001,,,,,NVIDIA A100-SXM4-40GB MIG 4g.20gb (0),1,,13,"void ch_est::chEstFilterNoDftSOfdmDispatchKernel<float, __half, float, (unsigned int)2>(ch_est::puschRxChEstStatDescr_t *, ch_est::puschRxChEstDynDescr_t *)"
9643359516,11424,214208,137,2,1,24,2,1,44,0.001,0.001,,,,,NVIDIA A100-SXM4-40GB MIG 4g.20gb (0),1,,13,"void ch_est::chEstFilterNoDftSOfdmDispatchKernel<float, __half, float, (unsigned int)2>(ch_est::puschRxChEstStatDescr_t *, ch_est::puschRxChEstDynDescr_t *)"
9644022581,4735,214219,103,1,1,128,1,1,16,0.000,0.000,,,,,NVIDIA A100-SXM4-40GB MIG 4g.20gb (0),1,,13,cupy_copy__complex64_complex64
9644674093,22240,214229,1434,1,1,128,1,1,16,0.000,0.000,,,,,NVIDIA A100-SXM4-40GB MIG 4g.20gb (0),1,,13,cupy_copy__complex64_complex64
9645133224,6848,214236,103,1,1,128,1,1,16,0.000,0.000,,,,,NVIDIA A100-SXM4-40GB MIG 4g.20gb (0),1,,13,cupy_copy__complex64_complex64
9645797760,250429,214243,1,1,1,32,32,1,30,0.000,0.000,,,,,NVIDIA A100-SXM4-40GB MIG 4g.20gb (0),1,,13,"void convert_kernel<__half2, float2>(tensor_layout_any, T1 *, tensor_layout_any, const T2 *)"
9646079421,5472,214246,,,,,,,,,,0.094,17122.757,Pinned,Device,NVIDIA A100-SXM4-40GB MIG 4g.20gb (0),1,,13,[CUDA memcpy Host-to-Device]
9646462137,60031,214247,,,,,,,,,,35.810,596521.647,Device,,NVIDIA A100-SXM4-40GB MIG 4g.20gb (0),1,,13,[CUDA memset]
9646526168,1952,214249,,,,,,,,,,0.000,40.984,Pinned,Device,NVIDIA A100-SXM4-40GB MIG 4g.20gb (0),1,,13,[CUDA memcpy Host-to-Device]
9646534520,11616,214250,,,,,,,,,,0.197,16925.590,Pinned,Device,NVIDIA A100-SXM4-40GB MIG 4g.20gb (0),1,,13,[CUDA memcpy Host-to-Device]
9647184881,16543,214251,273,1,1,48,1,1,40,0.000,0.001,,,,,NVIDIA A100-SXM4-40GB MIG 4g.20gb (0),1,,13,"void pusch_noise_intf_est::noiseIntfEstNoDftSOfdmKernel<float, __half, float, float, (unsigned int)2, (unsigned int)1, (unsigned char)4, (unsigned char)4>(pusch_noise_intf_est::puschRxNoiseIntfEstDynDescr)"
9647854409,6784,214262,35,1,1,128,1,1,16,0.000,0.000,,,,,NVIDIA A100-SXM4-40GB MIG 4g.20gb (0),1,,13,cupy_copy__complex64_complex64
9648408771,4224,214271,1,1,1,1,1,1,18,0.000,0.000,,,,,NVIDIA A100-SXM4-40GB MIG 4g.20gb (0),1,,13,cupy_copy__float32_float32
9648417059,1855,214277,,,,,,,,,,0.000,2.156,Device,Pageable,NVIDIA A100-SXM4-40GB MIG 4g.20gb (0),1,,7,[CUDA memcpy Device-to-Host]
9648951516,20000,214288,1434,1,1,128,1,1,16,0.000,0.000,,,,,NVIDIA A100-SXM4-40GB MIG 4g.20gb (0),1,,13,cupy_copy__complex64_complex64
9649624821,6816,214295,103,1,1,128,1,1,16,0.000,0.000,,,,,NVIDIA A100-SXM4-40GB MIG 4g.20gb (0),1,,13,cupy_copy__complex64_complex64
9650289645,4800,214302,35,1,1,128,1,1,16,0.000,0.000,,,,,NVIDIA A100-SXM4-40GB MIG 4g.20gb (0),1,,13,cupy_copy__complex64_complex64
9650728456,3168,214309,1,1,1,1,1,1,18,0.000,0.000,,,,,NVIDIA A100-SXM4-40GB MIG 4g.20gb (0),1,,13,cupy_copy__float32_float32
9651282786,245501,214320,1,1,1,32,32,1,30,0.000,0.000,,,,,NVIDIA A100-SXM4-40GB MIG 4g.20gb (0),1,,13,"void convert_kernel<__half2, float2>(tensor_layout_any, T1 *, tensor_layout_any, const T2 *)"
9651559135,6016,214323,,,,,,,,,,0.094,15574.430,Pinned,Device,NVIDIA A100-SXM4-40GB MIG 4g.20gb (0),1,,13,[CUDA memcpy Host-to-Device]
9652049849,6112,214324,,,,,,,,,,1.547,253046.246,Device,,NVIDIA A100-SXM4-40GB MIG 4g.20gb (0),1,,13,[CUDA memset]
9652063897,6112,214329,,,,,,,,,,0.031,5120.401,Pinned,Device,NVIDIA A100-SXM4-40GB MIG 4g.20gb (0),1,,13,[CUDA memcpy Host-to-Device]
9652072601,9792,214330,,,,,,,,,,0.197,20078.395,Pinned,Device,NVIDIA A100-SXM4-40GB MIG 4g.20gb (0),1,,13,[CUDA memcpy Host-to-Device]
9652719122,11455,214331,273,1,1,8,4,1,39,0.002,0.000,,,,,NVIDIA A100-SXM4-40GB MIG 4g.20gb (0),1,,13,"void channel_eq::eqMmseCoefCompLowMimoKernel<float, float, float, (unsigned int)4, (unsigned int)1, (unsigned int)4>(const channel_eq::_puschRxChEqStatDescr *, channel_eq::_puschRxChEqCoefCompDynDescr)"
9653398314,15392,214332,273,1,1,12,11,1,51,0.002,0.000,,,,,NVIDIA A100-SXM4-40GB MIG 4g.20gb (0),1,,13,"void channel_eq::eqMmseSoftDemapKernel<float, __half, __half, float, (unsigned int)4, (unsigned short)16383>(channel_eq::_puschRxChEqStatDescr *, channel_eq::_puschRxChEqSoftDemapDynDescr)"
9654119234,559161,214333,1,1,1,32,32,1,30,0.000,0.000,,,,,NVIDIA A100-SXM4-40GB MIG 4g.20gb (0),1,,13,"void convert_kernel<float2, __half2>(tensor_layout_any, T1 *, tensor_layout_any, const T2 *)"
9655429875,18208,214345,2253,1,1,128,1,1,16,0.000,0.000,,,,,NVIDIA A100-SXM4-40GB MIG 4g.20gb (0),1,,13,cupy_copy__float16_float16
9655939469,6112,214354,282,1,1,128,1,1,16,0.000,0.000,,,,,NVIDIA A100-SXM4-40GB MIG 4g.20gb (0),1,,13,cupy_copy__complex64_complex64
9656597317,6144,214363,26,1,1,128,1,1,16,0.000,0.000,,,,,NVIDIA A100-SXM4-40GB MIG 4g.20gb (0),1,,13,cupy_copy__float32_float32
9657150047,7264,214372,103,1,1,128,1,1,16,0.000,0.000,,,,,NVIDIA A100-SXM4-40GB MIG 4g.20gb (0),1,,13,cupy_copy__complex64_complex64
9657666169,19008,214382,1434,1,1,128,1,1,16,0.000,0.000,,,,,NVIDIA A100-SXM4-40GB MIG 4g.20gb (0),1,,13,cupy_copy__complex64_complex64
9658405553,213885,214387,1,1,1,32,32,1,30,0.000,0.000,,,,,NVIDIA A100-SXM4-40GB MIG 4g.20gb (0),1,,13,"void convert_kernel<__half2, float2>(tensor_layout_any, T1 *, tensor_layout_any, const T2 *)"
9658651310,8608,214390,,,,,,,,,,0.094,10884.758,Pinned,Device,NVIDIA A100-SXM4-40GB MIG 4g.20gb (0),1,,13,[CUDA memcpy Host-to-Device]
9659129417,619257,214391,,,,,,,,,,456.561,736890.164,Device,,NVIDIA A100-SXM4-40GB MIG 4g.20gb (0),1,,13,[CUDA memset]
9659750530,63103,214396,,,,,,,,,,1.235,19570.158,Pinned,Device,NVIDIA A100-SXM4-40GB MIG 4g.20gb (0),1,,13,[CUDA memcpy Host-to-Device]
9659818081,9536,214397,,,,,,,,,,0.197,20617.298,Pinned,Device,NVIDIA A100-SXM4-40GB MIG 4g.20gb (0),1,,13,[CUDA memcpy Host-to-Device]
9660483033,11744,214398,69,4,1,48,1,1,76,0.002,0.000,,,,,NVIDIA A100-SXM4-40GB MIG 4g.20gb (0),1,,13,"void ch_est::windowedChEstPreNoDftSOfdmKernel<float, __half, float, (unsigned int)2, (unsigned int)1, (unsigned short)4>(ch_est::puschRxChEstStatDescr_t *, ch_est::puschRxChEstDynDescr_t *)"
9661229073,11968,214399,137,2,1,24,2,1,44,0.001,0.001,,,,,NVIDIA A100-SXM4-40GB MIG 4g.20gb (0),1,,13,"void ch_est::chEstFilterNoDftSOfdmDispatchKernel<float, __half, float, (unsigned int)2>(ch_est::puschRxChEstStatDescr_t *, ch_est::puschRxChEstDynDescr_t *)"
9661974536,12032,214400,137,2,1,24,2,1,44,0.001,0.001,,,,,NVIDIA A100-SXM4-40GB MIG 4g.20gb (0),1,,13,"void ch_est::chEstFilterNoDftSOfdmDispatchKernel<float, __half, float, (unsigned int)2>(ch_est::puschRxChEstStatDescr_t *, ch_est::puschRxChEstDynDescr_t *)"
9662714560,5632,214411,103,1,1,128,1,1,16,0.000,0.000,,,,,NVIDIA A100-SXM4-40GB MIG 4g.20gb (0),1,,13,cupy_copy__complex64_complex64
9663341849,21311,214421,1434,1,1,128,1,1,16,0.000,0.000,,,,,NVIDIA A100-SXM4-40GB MIG 4g.20gb (0),1,,13,cupy_copy__complex64_complex64
9663875155,5152,214428,103,1,1,128,1,1,16,0.000,0.000,,,,,NVIDIA A100-SXM4-40GB MIG 4g.20gb (0),1,,13,cupy_copy__complex64_complex64
9664550923,238909,214435,1,1,1,32,32,1,30,0.000,0.000,,,,,NVIDIA A100-SXM4-40GB MIG 4g.20gb (0),1,,13,"void convert_kernel<__half2, float2>(tensor_layout_any, T1 *, tensor_layout_any, const T2 *)"
9664826600,5696,214438,,,,,,,,,,0.094,16449.363,Pinned,Device,NVIDIA A100-SXM4-40GB MIG 4g.20gb (0),1,,13,[CUDA memcpy Host-to-Device]
9665272547,58111,214439,,,,,,,,,,35.810,616217.103,Device,,NVIDIA A100-SXM4-40GB MIG 4g.20gb (0),1,,13,[CUDA memset]
9665337826,2272,214441,,,,,,,,,,0.000,35.211,Pinned,Device,NVIDIA A100-SXM4-40GB MIG 4g.20gb (0),1,,13,[CUDA memcpy Host-to-Device]
9665346210,10944,214442,,,,,,,,,,0.197,17964.859,Pinned,Device,NVIDIA A100-SXM4-40GB MIG 4g.20gb (0),1,,13,[CUDA memcpy Host-to-Device]
9665994555,15519,214443,273,1,1,48,1,1,40,0.000,0.001,,,,,NVIDIA A100-SXM4-40GB MIG 4g.20gb (0),1,,13,"void pusch_noise_intf_est::noiseIntfEstNoDftSOfdmKernel<float, __half, float, float, (unsigned int)2, (unsigned int)1, (unsigned char)4, (unsigned char)4>(pusch_noise_intf_est::puschRxNoiseIntfEstDynDescr)"
9666654483,5920,214454,35,1,1,128,1,1,16,0.000,0.000,,,,,NVIDIA A100-SXM4-40GB MIG 4g.20gb (0),1,,13,cupy_copy__complex64_complex64
9667212685,4448,214463,1,1,1,1,1,1,18,0.000,0.000,,,,,NVIDIA A100-SXM4-40GB MIG 4g.20gb (0),1,,13,cupy_copy__float32_float32
9667218893,1632,214469,,,,,,,,,,0.000,2.451,Device,Pageable,NVIDIA A100-SXM4-40GB MIG 4g.20gb (0),1,,7,[CUDA memcpy Device-to-Host]
9667656744,21695,214480,1434,1,1,128,1,1,16,0.000,0.000,,,,,NVIDIA A100-SXM4-40GB MIG 4g.20gb (0),1,,13,cupy_copy__complex64_complex64
9668417375,5728,214487,103,1,1,128,1,1,16,0.000,0.000,,,,,NVIDIA A100-SXM4-40GB MIG 4g.20gb (0),1,,13,cupy_copy__complex64_complex64
9669032856,8704,214494,35,1,1,128,1,1,16,0.000,0.000,,,,,NVIDIA A100-SXM4-40GB MIG 4g.20gb (0),1,,13,cupy_copy__complex64_complex64
9669473427,3232,214501,1,1,1,1,1,1,18,0.000,0.000,,,,,NVIDIA A100-SXM4-40GB MIG 4g.20gb (0),1,,13,cupy_copy__float32_float32
9670117548,266717,214512,1,1,1,32,32,1,30,0.000,0.000,,,,,NVIDIA A100-SXM4-40GB MIG 4g.20gb (0),1,,13,"void convert_kernel<__half2, float2>(tensor_layout_any, T1 *, tensor_layout_any, const T2 *)"
9670416136,5952,214515,,,,,,,,,,0.094,15741.865,Pinned,Device,NVIDIA A100-SXM4-40GB MIG 4g.20gb (0),1,,13,[CUDA memcpy Host-to-Device]
9670979458,5792,214516,,,,,,,,,,1.547,267026.180,Device,,NVIDIA A100-SXM4-40GB MIG 4g.20gb (0),1,,13,[CUDA memset]
9670992578,4384,214521,,,,,,,,,,0.031,7138.680,Pinned,Device,NVIDIA A100-SXM4-40GB MIG 4g.20gb (0),1,,13,[CUDA memcpy Host-to-Device]
9671003170,13247,214522,,,,,,,,,,0.197,14841.545,Pinned,Device,NVIDIA A100-SXM4-40GB MIG 4g.20gb (0),1,,13,[CUDA memcpy Host-to-Device]
9671741177,14016,214523,273,1,1,8,4,1,39,0.002,0.000,,,,,NVIDIA A100-SXM4-40GB MIG 4g.20gb (0),1,,13,"void channel_eq::eqMmseCoefCompLowMimoKernel<float, float, float, (unsigned int)4, (unsigned int)1, (unsigned int)4>(const channel_eq::_puschRxChEqStatDescr *, channel_eq::_puschRxChEqCoefCompDynDescr)"
9672493201,13503,214524,273,1,1,12,11,1,51,0.002,0.000,,,,,NVIDIA A100-SXM4-40GB MIG 4g.20gb (0),1,,13,"void channel_eq::eqMmseSoftDemapKernel<float, __half, __half, float, (unsigned int)4, (unsigned short)16383>(channel_eq::_puschRxChEqStatDescr *, channel_eq::_puschRxChEqSoftDemapDynDescr)"
9673250760,554714,214525,1,1,1,32,32,1,30,0.000,0.000,,,,,NVIDIA A100-SXM4-40GB MIG 4g.20gb (0),1,,13,"void convert_kernel<float2, __half2>(tensor_layout_any, T1 *, tensor_layout_any, const T2 *)"
9674341980,15551,214537,2253,1,1,128,1,1,16,0.000,0.000,,,,,NVIDIA A100-SXM4-40GB MIG 4g.20gb (0),1,,13,cupy_copy__float16_float16
9675101779,7680,214546,282,1,1,128,1,1,16,0.000,0.000,,,,,NVIDIA A100-SXM4-40GB MIG 4g.20gb (0),1,,13,cupy_copy__complex64_complex64
9675857738,4224,214555,26,1,1,128,1,1,16,0.000,0.000,,,,,NVIDIA A100-SXM4-40GB MIG 4g.20gb (0),1,,13,cupy_copy__float32_float32
9676502275,7360,214564,103,1,1,128,1,1,16,0.000,0.000,,,,,NVIDIA A100-SXM4-40GB MIG 4g.20gb (0),1,,13,cupy_copy__complex64_complex64
9677036477,18976,214574,1434,1,1,128,1,1,16,0.000,0.000,,,,,NVIDIA A100-SXM4-40GB MIG 4g.20gb (0),1,,13,cupy_copy__complex64_complex64
9677794548,246877,214579,1,1,1,32,32,1,30,0.000,0.000,,,,,NVIDIA A100-SXM4-40GB MIG 4g.20gb (0),1,,13,"void convert_kernel<__half2, float2>(tensor_layout_any, T1 *, tensor_layout_any, const T2 *)"
9678071409,5600,214582,,,,,,,,,,0.094,16731.388,Pinned,Device,NVIDIA A100-SXM4-40GB MIG 4g.20gb (0),1,,13,[CUDA memcpy Host-to-Device]
9678542828,612281,214583,,,,,,,,,,456.561,745564.832,Device,,NVIDIA A100-SXM4-40GB MIG 4g.20gb (0),1,,13,[CUDA memset]
9679157701,62943,214588,,,,,,,,,,1.235,19619.555,Pinned,Device,NVIDIA A100-SXM4-40GB MIG 4g.20gb (0),1,,13,[CUDA memcpy Host-to-Device]
9679223204,9696,214589,,,,,,,,,,0.197,20277.166,Pinned,Device,NVIDIA A100-SXM4-40GB MIG 4g.20gb (0),1,,13,[CUDA memcpy Host-to-Device]
9679821597,14592,214590,69,4,1,48,1,1,76,0.002,0.000,,,,,NVIDIA A100-SXM4-40GB MIG 4g.20gb (0),1,,13,"void ch_est::windowedChEstPreNoDftSOfdmKernel<float, __half, float, (unsigned int)2, (unsigned int)1, (unsigned short)4>(ch_est::puschRxChEstStatDescr_t *, ch_est::puschRxChEstDynDescr_t *)"
9680488086,11423,214591,137,2,1,24,2,1,44,0.001,0.001,,,,,NVIDIA A100-SXM4-40GB MIG 4g.20gb (0),1,,13,"void ch_est::chEstFilterNoDftSOfdmDispatchKernel<float, __half, float, (unsigned int)2>(ch_est::puschRxChEstStatDescr_t *, ch_est::puschRxChEstDynDescr_t *)"
9681147406,12320,214592,137,2,1,24,2,1,44,0.001,0.001,,,,,NVIDIA A100-SXM4-40GB MIG 4g.20gb (0),1,,13,"void ch_est::chEstFilterNoDftSOfdmDispatchKernel<float, __half, float, (unsigned int)2>(ch_est::puschRxChEstStatDescr_t *, ch_est::puschRxChEstDynDescr_t *)"
9681824806,6144,214603,103,1,1,128,1,1,16,0.000,0.000,,,,,NVIDIA A100-SXM4-40GB MIG 4g.20gb (0),1,,13,cupy_copy__complex64_complex64
9682446687,20320,214613,1434,1,1,128,1,1,16,0.000,0.000,,,,,NVIDIA A100-SXM4-40GB MIG 4g.20gb (0),1,,13,cupy_copy__complex64_complex64
9682955226,7199,214620,103,1,1,128,1,1,16,0.000,0.000,,,,,NVIDIA A100-SXM4-40GB MIG 4g.20gb (0),1,,13,cupy_copy__complex64_complex64
9683631730,230845,214627,1,1,1,32,32,1,30,0.000,0.000,,,,,NVIDIA A100-SXM4-40GB MIG 4g.20gb (0),1,,13,"void convert_kernel<__half2, float2>(tensor_layout_any, T1 *, tensor_layout_any, const T2 *)"
9683892815,8128,214630,,,,,,,,,,0.094,11527.513,Pinned,Device,NVIDIA A100-SXM4-40GB MIG 4g.20gb (0),1,,13,[CUDA memcpy Host-to-Device]
9684468712,52384,214631,,,,,,,,,,35.810,683575.563,Device,,NVIDIA A100-SXM4-40GB MIG 4g.20gb (0),1,,13,[CUDA memset]
9684526408,3424,214633,,,,,,,,,,0.000,23.364,Pinned,Device,NVIDIA A100-SXM4-40GB MIG 4g.20gb (0),1,,13,[CUDA memcpy Host-to-Device]
9684538055,11968,214634,,,,,,,,,,0.197,16427.778,Pinned,Device,NVIDIA A100-SXM4-40GB MIG 4g.20gb (0),1,,13,[CUDA memcpy Host-to-Device]
9685245407,15680,214635,273,1,1,48,1,1,40,0.000,0.001,,,,,NVIDIA A100-SXM4-40GB MIG 4g.20gb (0),1,,13,"void pusch_noise_intf_est::noiseIntfEstNoDftSOfdmKernel<float, __half, float, float, (unsigned int)2, (unsigned int)1, (unsigned char)4, (unsigned char)4>(pusch_noise_intf_est::puschRxNoiseIntfEstDynDescr)"
9686042774,7808,214646,35,1,1,128,1,1,16,0.000,0.000,,,,,NVIDIA A100-SXM4-40GB MIG 4g.20gb (0),1,,13,cupy_copy__complex64_complex64
9686771470,3872,214655,1,1,1,1,1,1,18,0.000,0.000,,,,,NVIDIA A100-SXM4-40GB MIG 4g.20gb (0),1,,13,cupy_copy__float32_float32
9686782862,1600,214661,,,,,,,,,,0.000,2.500,Device,Pageable,NVIDIA A100-SXM4-40GB MIG 4g.20gb (0),1,,7,[CUDA memcpy Device-to-Host]
9687622020,20800,214672,1434,1,1,128,1,1,16,0.000,0.000,,,,,NVIDIA A100-SXM4-40GB MIG 4g.20gb (0),1,,13,cupy_copy__complex64_complex64
9688430907,6688,214679,103,1,1,128,1,1,16,0.000,0.000,,,,,NVIDIA A100-SXM4-40GB MIG 4g.20gb (0),1,,13,cupy_copy__complex64_complex64
9689155731,4832,214686,35,1,1,128,1,1,16,0.000,0.000,,,,,NVIDIA A100-SXM4-40GB MIG 4g.20gb (0),1,,13,cupy_copy__complex64_complex64
9689824203,4416,214693,1,1,1,1,1,1,18,0.000,0.000,,,,,NVIDIA A100-SXM4-40GB MIG 4g.20gb (0),1,,13,cupy_copy__float32_float32
9690394629,257597,214704,1,1,1,32,32,1,30,0.000,0.000,,,,,NVIDIA A100-SXM4-40GB MIG 4g.20gb (0),1,,13,"void convert_kernel<__half2, float2>(tensor_layout_any, T1 *, tensor_layout_any, const T2 *)"
9690685410,5919,214707,,,,,,,,,,0.094,15829.658,Pinned,Device,NVIDIA A100-SXM4-40GB MIG 4g.20gb (0),1,,13,[CUDA memcpy Host-to-Device]
9691187772,5728,214708,,,,,,,,,,1.547,270011.165,Device,,NVIDIA A100-SXM4-40GB MIG 4g.20gb (0),1,,13,[CUDA memset]
9691243867,3552,214713,,,,,,,,,,0.031,8810.794,Pinned,Device,NVIDIA A100-SXM4-40GB MIG 4g.20gb (0),1,,13,[CUDA memcpy Host-to-Device]
9691250395,9792,214714,,,,,,,,,,0.197,20078.395,Pinned,Device,NVIDIA A100-SXM4-40GB MIG 4g.20gb (0),1,,13,[CUDA memcpy Host-to-Device]
9691925363,12576,214715,273,1,1,8,4,1,39,0.002,0.000,,,,,NVIDIA A100-SXM4-40GB MIG 4g.20gb (0),1,,13,"void channel_eq::eqMmseCoefCompLowMimoKernel<float, float, float, (unsigned int)4, (unsigned int)1, (unsigned int)4>(const channel_eq::_puschRxChEqStatDescr *, channel_eq::_puschRxChEqCoefCompDynDescr)"
9692662731,16448,214716,273,1,1,12,11,1,51,0.002,0.000,,,,,NVIDIA A100-SXM4-40GB MIG 4g.20gb (0),1,,13,"void channel_eq::eqMmseSoftDemapKernel<float, __half, __half, float, (unsigned int)4, (unsigned short)16383>(channel_eq::_puschRxChEqStatDescr *, channel_eq::_puschRxChEqSoftDemapDynDescr)"
9693412963,551801,214717,1,1,1,32,32,1,30,0.000,0.000,,,,,NVIDIA A100-SXM4-40GB MIG 4g.20gb (0),1,,13,"void convert_kernel<float2, __half2>(tensor_layout_any, T1 *, tensor_layout_any, const T2 *)"
9694416119,16160,214729,2253,1,1,128,1,1,16,0.000,0.000,,,,,NVIDIA A100-SXM4-40GB MIG 4g.20gb (0),1,,13,cupy_copy__float16_float16
9695106671,6208,214738,282,1,1,128,1,1,16,0.000,0.000,,,,,NVIDIA A100-SXM4-40GB MIG 4g.20gb (0),1,,13,cupy_copy__complex64_complex64
9695739336,4544,214747,26,1,1,128,1,1,16,0.000,0.000,,,,,NVIDIA A100-SXM4-40GB MIG 4g.20gb (0),1,,13,cupy_copy__float32_float32
9696187363,9984,214756,103,1,1,128,1,1,16,0.000,0.000,,,,,NVIDIA A100-SXM4-40GB MIG 4g.20gb (0),1,,13,cupy_copy__complex64_complex64
9697008506,18879,214766,1434,1,1,128,1,1,16,0.000,0.000,,,,,NVIDIA A100-SXM4-40GB MIG 4g.20gb (0),1,,13,cupy_copy__complex64_complex64
9697641874,257437,214771,1,1,1,32,32,1,30,0.000,0.000,,,,,NVIDIA A100-SXM4-40GB MIG 4g.20gb (0),1,,13,"void convert_kernel<__half2, float2>(tensor_layout_any, T1 *, tensor_layout_any, const T2 *)"
9697930959,5600,214774,,,,,,,,,,0.094,16731.388,Pinned,Device,NVIDIA A100-SXM4-40GB MIG 4g.20gb (0),1,,13,[CUDA memcpy Host-to-Device]
9698308171,692632,214775,,,,,,,,,,456.561,658818.158,Device,,NVIDIA A100-SXM4-40GB MIG 4g.20gb (0),1,,13,[CUDA memset]
9699006243,76351,214780,,,,,,,,,,1.235,16174.062,Pinned,Device,NVIDIA A100-SXM4-40GB MIG 4g.20gb (0),1,,13,[CUDA memcpy Host-to-Device]
9699085026,9792,214781,,,,,,,,,,0.197,20078.395,Pinned,Device,NVIDIA A100-SXM4-40GB MIG 4g.20gb (0),1,,13,[CUDA memcpy Host-to-Device]
9699714427,16576,214782,69,4,1,48,1,1,76,0.002,0.000,,,,,NVIDIA A100-SXM4-40GB MIG 4g.20gb (0),1,,13,"void ch_est::windowedChEstPreNoDftSOfdmKernel<float, __half, float, (unsigned int)2, (unsigned int)1, (unsigned short)4>(ch_est::puschRxChEstStatDescr_t *, ch_est::puschRxChEstDynDescr_t *)"
9700133142,14912,214783,137,2,1,24,2,1,44,0.001,0.001,,,,,NVIDIA A100-SXM4-40GB MIG 4g.20gb (0),1,,13,"void ch_est::chEstFilterNoDftSOfdmDispatchKernel<float, __half, float, (unsigned int)2>(ch_est::puschRxChEstStatDescr_t *, ch_est::puschRxChEstDynDescr_t *)"
9700861870,10912,214784,137,2,1,24,2,1,44,0.001,0.001,,,,,NVIDIA A100-SXM4-40GB MIG 4g.20gb (0),1,,13,"void ch_est::chEstFilterNoDftSOfdmDispatchKernel<float, __half, float, (unsigned int)2>(ch_est::puschRxChEstStatDescr_t *, ch_est::puschRxChEstDynDescr_t *)"
9701585670,4575,214795,103,1,1,128,1,1,16,0.000,0.000,,,,,NVIDIA A100-SXM4-40GB MIG 4g.20gb (0),1,,13,cupy_copy__complex64_complex64
9702254078,17856,214805,1434,1,1,128,1,1,16,0.000,0.000,,,,,NVIDIA A100-SXM4-40GB MIG 4g.20gb (0),1,,13,cupy_copy__complex64_complex64
9702889975,7104,214812,103,1,1,128,1,1,16,0.000,0.000,,,,,NVIDIA A100-SXM4-40GB MIG 4g.20gb (0),1,,13,cupy_copy__complex64_complex64
9703519024,290300,214819,1,1,1,32,32,1,30,0.000,0.000,,,,,NVIDIA A100-SXM4-40GB MIG 4g.20gb (0),1,,13,"void convert_kernel<__half2, float2>(tensor_layout_any, T1 *, tensor_layout_any, const T2 *)"
9703850732,6688,214822,,,,,,,,,,0.094,14009.520,Pinned,Device,NVIDIA A100-SXM4-40GB MIG 4g.20gb (0),1,,13,[CUDA memcpy Host-to-Device]
9704546532,47999,214823,,,,,,,,,,35.810,746028.063,Device,,NVIDIA A100-SXM4-40GB MIG 4g.20gb (0),1,,13,[CUDA memset]
9704598115,2016,214825,,,,,,,,,,0.000,39.682,Pinned,Device,NVIDIA A100-SXM4-40GB MIG 4g.20gb (0),1,,13,[CUDA memcpy Host-to-Device]
9704606915,10656,214826,,,,,,,,,,0.197,18450.285,Pinned,Device,NVIDIA A100-SXM4-40GB MIG 4g.20gb (0),1,,13,[CUDA memcpy Host-to-Device]
9705370362,15808,214827,273,1,1,48,1,1,40,0.000,0.001,,,,,NVIDIA A100-SXM4-40GB MIG 4g.20gb (0),1,,13,"void pusch_noise_intf_est::noiseIntfEstNoDftSOfdmKernel<float, __half, float, float, (unsigned int)2, (unsigned int)1, (unsigned char)4, (unsigned char)4>(pusch_noise_intf_est::puschRxNoiseIntfEstDynDescr)"
9706132978,5216,214838,35,1,1,128,1,1,16,0.000,0.000,,,,,NVIDIA A100-SXM4-40GB MIG 4g.20gb (0),1,,13,cupy_copy__complex64_complex64
9706718827,3776,214847,1,1,1,1,1,1,18,0.000,0.000,,,,,NVIDIA A100-SXM4-40GB MIG 4g.20gb (0),1,,13,cupy_copy__float32_float32
9706723403,4448,214853,,,,,,,,,,0.000,0.899,Device,Pageable,NVIDIA A100-SXM4-40GB MIG 4g.20gb (0),1,,7,[CUDA memcpy Device-to-Host]
9707428547,19232,214864,1434,1,1,128,1,1,16,0.000,0.000,,,,,NVIDIA A100-SXM4-40GB MIG 4g.20gb (0),1,,13,cupy_copy__complex64_complex64
9708104667,4992,214871,103,1,1,128,1,1,16,0.000,0.000,,,,,NVIDIA A100-SXM4-40GB MIG 4g.20gb (0),1,,13,cupy_copy__complex64_complex64
9708732788,5216,214878,35,1,1,128,1,1,16,0.000,0.000,,,,,NVIDIA A100-SXM4-40GB MIG 4g.20gb (0),1,,13,cupy_copy__complex64_complex64
9709192527,4320,214885,1,1,1,1,1,1,18,0.000,0.000,,,,,NVIDIA A100-SXM4-40GB MIG 4g.20gb (0),1,,13,cupy_copy__float32_float32
9709683465,285053,214896,1,1,1,32,32,1,30,0.000,0.000,,,,,NVIDIA A100-SXM4-40GB MIG 4g.20gb (0),1,,13,"void convert_kernel<__half2, float2>(tensor_layout_any, T1 *, tensor_layout_any, const T2 *)"
9710001606,5632,214899,,,,,,,,,,0.094,16636.287,Pinned,Device,NVIDIA A100-SXM4-40GB MIG 4g.20gb (0),1,,13,[CUDA memcpy Host-to-Device]
9710430625,15872,214900,,,,,,,,,,1.547,97443.498,Device,,NVIDIA A100-SXM4-40GB MIG 4g.20gb (0),1,,13,[CUDA memset]
9710448097,6432,214905,,,,,,,,,,0.031,4865.652,Pinned,Device,NVIDIA A100-SXM4-40GB MIG 4g.20gb (0),1,,13,[CUDA memcpy Host-to-Device]
9710460545,14079,214906,,,,,,,,,,0.197,13964.476,Pinned,Device,NVIDIA A100-SXM4-40GB MIG 4g.20gb (0),1,,13,[CUDA memcpy Host-to-Device]
9711237368,16127,214907,273,1,1,8,4,1,39,0.002,0.000,,,,,NVIDIA A100-SXM4-40GB MIG 4g.20gb (0),1,,13,"void channel_eq::eqMmseCoefCompLowMimoKernel<float, float, float, (unsigned int)4, (unsigned int)1, (unsigned int)4>(const channel_eq::_puschRxChEqStatDescr *, channel_eq::_puschRxChEqCoefCompDynDescr)"
9711930896,13120,214908,273,1,1,12,11,1,51,0.002,0.000,,,,,NVIDIA A100-SXM4-40GB MIG 4g.20gb (0),1,,13,"void channel_eq::eqMmseSoftDemapKernel<float, __half, __half, float, (unsigned int)4, (unsigned short)16383>(channel_eq::_puschRxChEqStatDescr *, channel_eq::_puschRxChEqSoftDemapDynDescr)"
9712661639,664665,214909,1,1,1,32,32,1,30,0.000,0.000,,,,,NVIDIA A100-SXM4-40GB MIG 4g.20gb (0),1,,13,"void convert_kernel<float2, __half2>(tensor_layout_any, T1 *, tensor_layout_any, const T2 *)"
9713937081,16832,214921,2253,1,1,128,1,1,16,0.000,0.000,,,,,NVIDIA A100-SXM4-40GB MIG 4g.20gb (0),1,,13,cupy_copy__float16_float16
9714533938,16864,214930,282,1,1,128,1,1,16,0.000,0.000,,,,,NVIDIA A100-SXM4-40GB MIG 4g.20gb (0),1,,13,cupy_copy__complex64_complex64
9715289194,3360,214939,26,1,1,128,1,1,16,0.000,0.000,,,,,NVIDIA A100-SXM4-40GB MIG 4g.20gb (0),1,,13,cupy_copy__float32_float32
9716114272,5280,214948,103,1,1,128,1,1,16,0.000,0.000,,,,,NVIDIA A100-SXM4-40GB MIG 4g.20gb (0),1,,13,cupy_copy__complex64_complex64
9716864536,19999,214958,1434,1,1,128,1,1,16,0.000,0.000,,,,,NVIDIA A100-SXM4-40GB MIG 4g.20gb (0),1,,13,cupy_copy__complex64_complex64
9717528368,261885,214963,1,1,1,32,32,1,30,0.000,0.000,,,,,NVIDIA A100-SXM4-40GB MIG 4g.20gb (0),1,,13,"void convert_kernel<__half2, float2>(tensor_layout_any, T1 *, tensor_layout_any, const T2 *)"
9717820941,5472,214966,,,,,,,,,,0.094,17122.757,Pinned,Device,NVIDIA A100-SXM4-40GB MIG 4g.20gb (0),1,,13,[CUDA memcpy Host-to-Device]
9718417030,623705,214967,,,,,,,,,,456.561,731867.988,Device,,NVIDIA A100-SXM4-40GB MIG 4g.20gb (0),1,,13,[CUDA memset]
9719042527,59167,214972,,,,,,,,,,1.235,20871.789,Pinned,Device,NVIDIA A100-SXM4-40GB MIG 4g.20gb (0),1,,13,[CUDA memcpy Host-to-Device]
9719104382,9600,214973,,,,,,,,,,0.197,20479.869,Pinned,Device,NVIDIA A100-SXM4-40GB MIG 4g.20gb (0),1,,13,[CUDA memcpy Host-to-Device]
9719861078,15391,214974,69,4,1,48,1,1,76,0.002,0.000,,,,,NVIDIA A100-SXM4-40GB MIG 4g.20gb (0),1,,13,"void ch_est::windowedChEstPreNoDftSOfdmKernel<float, __half, float, (unsigned int)2, (unsigned int)1, (unsigned short)4>(ch_est::puschRxChEstStatDescr_t *, ch_est::puschRxChEstDynDescr_t *)"
9720475215,15711,214975,137,2,1,24,2,1,44,0.001,0.001,,,,,NVIDIA A100-SXM4-40GB MIG 4g.20gb (0),1,,13,"void ch_est::chEstFilterNoDftSOfdmDispatchKernel<float, __half, float, (unsigned int)2>(ch_est::puschRxChEstStatDescr_t *, ch_est::puschRxChEstDynDescr_t *)"
9721302469,15136,214976,137,2,1,24,2,1,44,0.001,0.001,,,,,NVIDIA A100-SXM4-40GB MIG 4g.20gb (0),1,,13,"void ch_est::chEstFilterNoDftSOfdmDispatchKernel<float, __half, float, (unsigned int)2>(ch_est::puschRxChEstStatDescr_t *, ch_est::puschRxChEstDynDescr_t *)"
9722092380,16256,214987,103,1,1,128,1,1,16,0.000,0.000,,,,,NVIDIA A100-SXM4-40GB MIG 4g.20gb (0),1,,13,cupy_copy__complex64_complex64
9722745589,17824,214997,1434,1,1,128,1,1,16,0.000,0.000,,,,,NVIDIA A100-SXM4-40GB MIG 4g.20gb (0),1,,13,cupy_copy__complex64_complex64
9723536748,4832,215004,103,1,1,128,1,1,16,0.000,0.000,,,,,NVIDIA A100-SXM4-40GB MIG 4g.20gb (0),1,,13,cupy_copy__complex64_complex64
9724144069,238205,215011,1,1,1,32,32,1,30,0.000,0.000,,,,,NVIDIA A100-SXM4-40GB MIG 4g.20gb (0),1,,13,"void convert_kernel<__half2, float2>(tensor_layout_any, T1 *, tensor_layout_any, const T2 *)"
9724417602,5696,215014,,,,,,,,,,0.094,16449.363,Pinned,Device,NVIDIA A100-SXM4-40GB MIG 4g.20gb (0),1,,13,[CUDA memcpy Host-to-Device]
9725094618,58815,215015,,,,,,,,,,35.810,608840.260,Device,,NVIDIA A100-SXM4-40GB MIG 4g.20gb (0),1,,13,[CUDA memset]
9725156889,5056,215017,,,,,,,,,,0.000,15.823,Pinned,Device,NVIDIA A100-SXM4-40GB MIG 4g.20gb (0),1,,13,[CUDA memcpy Host-to-Device]
9725168217,10656,215018,,,,,,,,,,0.197,18450.285,Pinned,Device,NVIDIA A100-SXM4-40GB MIG 4g.20gb (0),1,,13,[CUDA memcpy Host-to-Device]
9725933200,23968,215019,273,1,1,48,1,1,40,0.000,0.001,,,,,NVIDIA A100-SXM4-40GB MIG 4g.20gb (0),1,,13,"void pusch_noise_intf_est::noiseIntfEstNoDftSOfdmKernel<float, __half, float, float, (unsigned int)2, (unsigned int)1, (unsigned char)4, (unsigned char)4>(pusch_noise_intf_est::puschRxNoiseIntfEstDynDescr)"
9726639144,10176,215030,35,1,1,128,1,1,16,0.000,0.000,,,,,NVIDIA A100-SXM4-40GB MIG 4g.20gb (0),1,,13,cupy_copy__complex64_complex64
9727304129,5120,215039,1,1,1,1,1,1,18,0.000,0.000,,,,,NVIDIA A100-SXM4-40GB MIG 4g.20gb (0),1,,13,cupy_copy__float32_float32
9727311361,4480,215045,,,,,,,,,,0.000,0.893,Device,Pageable,NVIDIA A100-SXM4-40GB MIG 4g.20gb (0),1,,7,[CUDA memcpy Device-to-Host]
9728181303,18784,215056,1434,1,1,128,1,1,16,0.000,0.000,,,,,NVIDIA A100-SXM4-40GB MIG 4g.20gb (0),1,,13,cupy_copy__complex64_complex64
9728974926,11904,215063,103,1,1,128,1,1,16,0.000,0.000,,,,,NVIDIA A100-SXM4-40GB MIG 4g.20gb (0),1,,13,cupy_copy__complex64_complex64
9729823332,12000,215070,35,1,1,128,1,1,16,0.000,0.000,,,,,NVIDIA A100-SXM4-40GB MIG 4g.20gb (0),1,,13,cupy_copy__complex64_complex64
9730631707,4096,215077,1,1,1,1,1,1,18,0.000,0.000,,,,,NVIDIA A100-SXM4-40GB MIG 4g.20gb (0),1,,13,cupy_copy__float32_float32
9731165013,248285,215088,1,1,1,32,32,1,30,0.000,0.000,,,,,NVIDIA A100-SXM4-40GB MIG 4g.20gb (0),1,,13,"void convert_kernel<__half2, float2>(tensor_layout_any, T1 *, tensor_layout_any, const T2 *)"
9731445746,6304,215091,,,,,,,,,,0.094,14862.903,Pinned,Device,NVIDIA A100-SXM4-40GB MIG 4g.20gb (0),1,,13,[CUDA memcpy Host-to-Device]
9732091978,5024,215092,,,,,,,,,,1.547,307846.227,Device,,NVIDIA A100-SXM4-40GB MIG 4g.20gb (0),1,,13,[CUDA memset]
9732098538,5696,215097,,,,,,,,,,0.031,5494.357,Pinned,Device,NVIDIA A100-SXM4-40GB MIG 4g.20gb (0),1,,13,[CUDA memcpy Host-to-Device]
9732110666,13440,215098,,,,,,,,,,0.197,14628.422,Pinned,Device,NVIDIA A100-SXM4-40GB MIG 4g.20gb (0),1,,13,[CUDA memcpy Host-to-Device]
9732794306,16160,215099,273,1,1,8,4,1,39,0.002,0.000,,,,,NVIDIA A100-SXM4-40GB MIG 4g.20gb (0),1,,13,"void channel_eq::eqMmseCoefCompLowMimoKernel<float, float, float, (unsigned int)4, (unsigned int)1, (unsigned int)4>(const channel_eq::_puschRxChEqStatDescr *, channel_eq::_puschRxChEqCoefCompDynDescr)"
9733569466,21055,215100,273,1,1,12,11,1,51,0.002,0.000,,,,,NVIDIA A100-SXM4-40GB MIG 4g.20gb (0),1,,13,"void channel_eq::eqMmseSoftDemapKernel<float, __half, __half, float, (unsigned int)4, (unsigned short)16383>(channel_eq::_puschRxChEqStatDescr *, channel_eq::_puschRxChEqSoftDemapDynDescr)"
9734361681,556089,215101,1,1,1,32,32,1,30,0.000,0.000,,,,,NVIDIA A100-SXM4-40GB MIG 4g.20gb (0),1,,13,"void convert_kernel<float2, __half2>(tensor_layout_any, T1 *, tensor_layout_any, const T2 *)"
9735559011,18272,215113,2253,1,1,128,1,1,16,0.000,0.000,,,,,NVIDIA A100-SXM4-40GB MIG 4g.20gb (0),1,,13,cupy_copy__float16_float16
9736349754,5568,215122,282,1,1,128,1,1,16,0.000,0.000,,,,,NVIDIA A100-SXM4-40GB MIG 4g.20gb (0),1,,13,cupy_copy__complex64_complex64
9737147217,3296,215131,26,1,1,128,1,1,16,0.000,0.000,,,,,NVIDIA A100-SXM4-40GB MIG 4g.20gb (0),1,,13,cupy_copy__float32_float32
9738001223,13824,215140,103,1,1,128,1,1,16,0.000,0.000,,,,,NVIDIA A100-SXM4-40GB MIG 4g.20gb (0),1,,13,cupy_copy__complex64_complex64
9738811646,18976,215150,1434,1,1,128,1,1,16,0.000,0.000,,,,,NVIDIA A100-SXM4-40GB MIG 4g.20gb (0),1,,13,cupy_copy__complex64_complex64
9739412183,245117,215155,1,1,1,32,32,1,30,0.000,0.000,,,,,NVIDIA A100-SXM4-40GB MIG 4g.20gb (0),1,,13,"void convert_kernel<__half2, float2>(tensor_layout_any, T1 *, tensor_layout_any, const T2 *)"
9739688948,5472,215158,,,,,,,,,,0.094,17122.757,Pinned,Device,NVIDIA A100-SXM4-40GB MIG 4g.20gb (0),1,,13,[CUDA memcpy Host-to-Device]
9740260781,706648,215159,,,,,,,,,,456.561,646034.438,Device,,NVIDIA A100-SXM4-40GB MIG 4g.20gb (0),1,,13,[CUDA memset]
9740979333,59200,215164,,,,,,,,,,1.235,20859.439,Pinned,Device,NVIDIA A100-SXM4-40GB MIG 4g.20gb (0),1,,13,[CUDA memcpy Host-to-Device]
9741040965,10367,215165,,,,,,,,,,0.197,18964.611,Pinned,Device,NVIDIA A100-SXM4-40GB MIG 4g.20gb (0),1,,13,[CUDA memcpy Host-to-Device]
9741657150,15999,215166,69,4,1,48,1,1,76,0.002,0.000,,,,,NVIDIA A100-SXM4-40GB MIG 4g.20gb (0),1,,13,"void ch_est::windowedChEstPreNoDftSOfdmKernel<float, __half, float, (unsigned int)2, (unsigned int)1, (unsigned short)4>(ch_est::puschRxChEstStatDescr_t *, ch_est::puschRxChEstDynDescr_t *)"
9742143384,27328,215167,137,2,1,24,2,1,44,0.001,0.001,,,,,NVIDIA A100-SXM4-40GB MIG 4g.20gb (0),1,,13,"void ch_est::chEstFilterNoDftSOfdmDispatchKernel<float, __half, float, (unsigned int)2>(ch_est::puschRxChEstStatDescr_t *, ch_est::puschRxChEstDynDescr_t *)"
9742745777,12320,215168,137,2,1,24,2,1,44,0.001,0.001,,,,,NVIDIA A100-SXM4-40GB MIG 4g.20gb (0),1,,13,"void ch_est::chEstFilterNoDftSOfdmDispatchKernel<float, __half, float, (unsigned int)2>(ch_est::puschRxChEstStatDescr_t *, ch_est::puschRxChEstDynDescr_t *)"
9743412778,6111,215179,103,1,1,128,1,1,16,0.000,0.000,,,,,NVIDIA A100-SXM4-40GB MIG 4g.20gb (0),1,,13,cupy_copy__complex64_complex64
9743927908,20927,215189,1434,1,1,128,1,1,16,0.000,0.000,,,,,NVIDIA A100-SXM4-40GB MIG 4g.20gb (0),1,,13,cupy_copy__complex64_complex64
9744474941,8288,215196,103,1,1,128,1,1,16,0.000,0.000,,,,,NVIDIA A100-SXM4-40GB MIG 4g.20gb (0),1,,13,cupy_copy__complex64_complex64
9745179989,249470,215203,1,1,1,32,32,1,30,0.000,0.000,,,,,NVIDIA A100-SXM4-40GB MIG 4g.20gb (0),1,,13,"void convert_kernel<__half2, float2>(tensor_layout_any, T1 *, tensor_layout_any, const T2 *)"
9745469042,9440,215206,,,,,,,,,,0.094,9925.405,Pinned,Device,NVIDIA A100-SXM4-40GB MIG 4g.20gb (0),1,,13,[CUDA memcpy Host-to-Device]
9746038828,58239,215207,,,,,,,,,,35.810,614856.326,Device,,NVIDIA A100-SXM4-40GB MIG 4g.20gb (0),1,,13,[CUDA memset]
9746104203,4800,215209,,,,,,,,,,0.000,16.667,Pinned,Device,NVIDIA A100-SXM4-40GB MIG 4g.20gb (0),1,,13,[CUDA memcpy Host-to-Device]
9746112075,20224,215210,,,,,,,,,,0.197,9721.479,Pinned,Device,NVIDIA A100-SXM4-40GB MIG 4g.20gb (0),1,,13,[CUDA memcpy Host-to-Device]
9746851682,25600,215211,273,1,1,48,1,1,40,0.000,0.001,,,,,NVIDIA A100-SXM4-40GB MIG 4g.20gb (0),1,,13,"void pusch_noise_intf_est::noiseIntfEstNoDftSOfdmKernel<float, __half, float, float, (unsigned int)2, (unsigned int)1, (unsigned char)4, (unsigned char)4>(pusch_noise_intf_est::puschRxNoiseIntfEstDynDescr)"
9747483515,5248,215222,35,1,1,128,1,1,16,0.000,0.000,,,,,NVIDIA A100-SXM4-40GB MIG 4g.20gb (0),1,,13,cupy_copy__complex64_complex64
9748187635,4192,215231,1,1,1,1,1,1,18,0.000,0.000,,,,,NVIDIA A100-SXM4-40GB MIG 4g.20gb (0),1,,13,cupy_copy__float32_float32
9748200019,1824,215237,,,,,,,,,,0.000,2.193,Device,Pageable,NVIDIA A100-SXM4-40GB MIG 4g.20gb (0),1,,7,[CUDA memcpy Device-to-Host]
9748784268,26944,215248,1434,1,1,128,1,1,16,0.000,0.000,,,,,NVIDIA A100-SXM4-40GB MIG 4g.20gb (0),1,,13,cupy_copy__complex64_complex64
9749619715,5888,215255,103,1,1,128,1,1,16,0.000,0.000,,,,,NVIDIA A100-SXM4-40GB MIG 4g.20gb (0),1,,13,cupy_copy__complex64_complex64
9750195068,8448,215262,35,1,1,128,1,1,16,0.000,0.000,,,,,NVIDIA A100-SXM4-40GB MIG 4g.20gb (0),1,,13,cupy_copy__complex64_complex64
9751007891,3488,215269,1,1,1,1,1,1,18,0.000,0.000,,,,,NVIDIA A100-SXM4-40GB MIG 4g.20gb (0),1,,13,cupy_copy__float32_float32
9751813642,219709,215280,1,1,1,32,32,1,30,0.000,0.000,,,,,NVIDIA A100-SXM4-40GB MIG 4g.20gb (0),1,,13,"void convert_kernel<__half2, float2>(tensor_layout_any, T1 *, tensor_layout_any, const T2 *)"
9752064135,5600,215283,,,,,,,,,,0.094,16731.388,Pinned,Device,NVIDIA A100-SXM4-40GB MIG 4g.20gb (0),1,,13,[CUDA memcpy Host-to-Device]
9752736447,15872,215284,,,,,,,,,,1.547,97443.498,Device,,NVIDIA A100-SXM4-40GB MIG 4g.20gb (0),1,,13,[CUDA memset]
9752761695,3712,215289,,,,,,,,,,0.031,8431.017,Pinned,Device,NVIDIA A100-SXM4-40GB MIG 4g.20gb (0),1,,13,[CUDA memcpy Host-to-Device]
9752768351,12992,215290,,,,,,,,,,0.197,15132.918,Pinned,Device,NVIDIA A100-SXM4-40GB MIG 4g.20gb (0),1,,13,[CUDA memcpy Host-to-Device]
9753548150,13024,215291,273,1,1,8,4,1,39,0.002,0.000,,,,,NVIDIA A100-SXM4-40GB MIG 4g.20gb (0),1,,13,"void channel_eq::eqMmseCoefCompLowMimoKernel<float, float, float, (unsigned int)4, (unsigned int)1, (unsigned int)4>(const channel_eq::_puschRxChEqStatDescr *, channel_eq::_puschRxChEqCoefCompDynDescr)"
9754217807,13471,215292,273,1,1,12,11,1,51,0.002,0.000,,,,,NVIDIA A100-SXM4-40GB MIG 4g.20gb (0),1,,13,"void channel_eq::eqMmseSoftDemapKernel<float, __half, __half, float, (unsigned int)4, (unsigned short)16383>(channel_eq::_puschRxChEqStatDescr *, channel_eq::_puschRxChEqSoftDemapDynDescr)"
9754956678,708600,215293,1,1,1,32,32,1,30,0.000,0.000,,,,,NVIDIA A100-SXM4-40GB MIG 4g.20gb (0),1,,13,"void convert_kernel<float2, __half2>(tensor_layout_any, T1 *, tensor_layout_any, const T2 *)"
9756107609,17280,215305,2253,1,1,128,1,1,16,0.000,0.000,,,,,NVIDIA A100-SXM4-40GB MIG 4g.20gb (0),1,,13,cupy_copy__float16_float16
9756679283,16127,215314,282,1,1,128,1,1,16,0.000,0.000,,,,,NVIDIA A100-SXM4-40GB MIG 4g.20gb (0),1,,13,cupy_copy__complex64_complex64
9757338187,4768,215323,26,1,1,128,1,1,16,0.000,0.000,,,,,NVIDIA A100-SXM4-40GB MIG 4g.20gb (0),1,,13,cupy_copy__float32_float32
9758048931,10880,215332,103,1,1,128,1,1,16,0.000,0.000,,,,,NVIDIA A100-SXM4-40GB MIG 4g.20gb (0),1,,13,cupy_copy__complex64_complex64
9758799802,17408,215342,1434,1,1,128,1,1,16,0.000,0.000,,,,,NVIDIA A100-SXM4-40GB MIG 4g.20gb (0),1,,13,cupy_copy__complex64_complex64
9759567410,271645,215347,1,1,1,32,32,1,30,0.000,0.000,,,,,NVIDIA A100-SXM4-40GB MIG 4g.20gb (0),1,,13,"void convert_kernel<__half2, float2>(tensor_layout_any, T1 *, tensor_layout_any, const T2 *)"
9759874222,5696,215350,,,,,,,,,,0.094,16449.363,Pinned,Device,NVIDIA A100-SXM4-40GB MIG 4g.20gb (0),1,,13,[CUDA memcpy Host-to-Device]
9760561638,624153,215351,,,,,,,,,,456.561,731411.427,Device,,NVIDIA A100-SXM4-40GB MIG 4g.20gb (0),1,,13,[CUDA memset]
9761193375,54720,215356,,,,,,,,,,1.235,22567.367,Pinned,Device,NVIDIA A100-SXM4-40GB MIG 4g.20gb (0),1,,13,[CUDA memcpy Host-to-Device]
9761250591,10815,215357,,,,,,,,,,0.197,18179.162,Pinned,Device,NVIDIA A100-SXM4-40GB MIG 4g.20gb (0),1,,13,[CUDA memcpy Host-to-Device]
9762039094,11423,215358,69,4,1,48,1,1,76,0.002,0.000,,,,,NVIDIA A100-SXM4-40GB MIG 4g.20gb (0),1,,13,"void ch_est::windowedChEstPreNoDftSOfdmKernel<float, __half, float, (unsigned int)2, (unsigned int)1, (unsigned short)4>(ch_est::puschRxChEstStatDescr_t *, ch_est::puschRxChEstDynDescr_t *)"
9762858028,11264,215359,137,2,1,24,2,1,44,0.001,0.001,,,,,NVIDIA A100-SXM4-40GB MIG 4g.20gb (0),1,,13,"void ch_est::chEstFilterNoDftSOfdmDispatchKernel<float, __half, float, (unsigned int)2>(ch_est::puschRxChEstStatDescr_t *, ch_est::puschRxChEstDynDescr_t *)"
9763677635,11328,215360,137,2,1,24,2,1,44,0.001,0.001,,,,,NVIDIA A100-SXM4-40GB MIG 4g.20gb (0),1,,13,"void ch_est::chEstFilterNoDftSOfdmDispatchKernel<float, __half, float, (unsigned int)2>(ch_est::puschRxChEstStatDescr_t *, ch_est::puschRxChEstDynDescr_t *)"
9764504986,5631,215371,103,1,1,128,1,1,16,0.000,0.000,,,,,NVIDIA A100-SXM4-40GB MIG 4g.20gb (0),1,,13,cupy_copy__complex64_complex64
9765211282,19839,215381,1434,1,1,128,1,1,16,0.000,0.000,,,,,NVIDIA A100-SXM4-40GB MIG 4g.20gb (0),1,,13,cupy_copy__complex64_complex64
9765829322,8352,215388,103,1,1,128,1,1,16,0.000,0.000,,,,,NVIDIA A100-SXM4-40GB MIG 4g.20gb (0),1,,13,cupy_copy__complex64_complex64
9766522147,307388,215395,1,1,1,32,32,1,30,0.000,0.000,,,,,NVIDIA A100-SXM4-40GB MIG 4g.20gb (0),1,,13,"void convert_kernel<__half2, float2>(tensor_layout_any, T1 *, tensor_layout_any, const T2 *)"
9766860415,5952,215398,,,,,,,,,,0.094,15741.865,Pinned,Device,NVIDIA A100-SXM4-40GB MIG 4g.20gb (0),1,,13,[CUDA memcpy Host-to-Device]
9767384953,75263,215399,,,,,,,,,,35.810,475770.597,Device,,NVIDIA A100-SXM4-40GB MIG 4g.20gb (0),1,,13,[CUDA memset]
9767466712,2304,215401,,,,,,,,,,0.000,34.722,Pinned,Device,NVIDIA A100-SXM4-40GB MIG 4g.20gb (0),1,,13,[CUDA memcpy Host-to-Device]
9767475352,10528,215402,,,,,,,,,,0.197,18674.614,Pinned,Device,NVIDIA A100-SXM4-40GB MIG 4g.20gb (0),1,,13,[CUDA memcpy Host-to-Device]
9768000082,18720,215403,273,1,1,48,1,1,40,0.000,0.001,,,,,NVIDIA A100-SXM4-40GB MIG 4g.20gb (0),1,,13,"void pusch_noise_intf_est::noiseIntfEstNoDftSOfdmKernel<float, __half, float, float, (unsigned int)2, (unsigned int)1, (unsigned char)4, (unsigned char)4>(pusch_noise_intf_est::puschRxNoiseIntfEstDynDescr)"
9768697866,8864,215414,35,1,1,128,1,1,16,0.000,0.000,,,,,NVIDIA A100-SXM4-40GB MIG 4g.20gb (0),1,,13,cupy_copy__complex64_complex64
9769317059,3328,215423,1,1,1,1,1,1,18,0.000,0.000,,,,,NVIDIA A100-SXM4-40GB MIG 4g.20gb (0),1,,13,cupy_copy__float32_float32
9769321795,2624,215429,,,,,,,,,,0.000,1.524,Device,Pageable,NVIDIA A100-SXM4-40GB MIG 4g.20gb (0),1,,7,[CUDA memcpy Device-to-Host]
9770023579,19328,215440,1434,1,1,128,1,1,16,0.000,0.000,,,,,NVIDIA A100-SXM4-40GB MIG 4g.20gb (0),1,,13,cupy_copy__complex64_complex64
9770802738,6016,215447,103,1,1,128,1,1,16,0.000,0.000,,,,,NVIDIA A100-SXM4-40GB MIG 4g.20gb (0),1,,13,cupy_copy__complex64_complex64
9771749127,7424,215454,35,1,1,128,1,1,16,0.000,0.000,,,,,NVIDIA A100-SXM4-40GB MIG 4g.20gb (0),1,,13,cupy_copy__complex64_complex64
9772265633,4384,215461,1,1,1,1,1,1,18,0.000,0.000,,,,,NVIDIA A100-SXM4-40GB MIG 4g.20gb (0),1,,13,cupy_copy__float32_float32
9773116760,259869,215472,1,1,1,32,32,1,30,0.000,0.000,,,,,NVIDIA A100-SXM4-40GB MIG 4g.20gb (0),1,,13,"void convert_kernel<__half2, float2>(tensor_layout_any, T1 *, tensor_layout_any, const T2 *)"
9773407988,5472,215475,,,,,,,,,,0.094,17122.757,Pinned,Device,NVIDIA A100-SXM4-40GB MIG 4g.20gb (0),1,,13,[CUDA memcpy Host-to-Device]
9773889295,16160,215476,,,,,,,,,,1.547,95706.640,Device,,NVIDIA A100-SXM4-40GB MIG 4g.20gb (0),1,,13,[CUDA memset]
9773908175,3456,215481,,,,,,,,,,0.031,9055.529,Pinned,Device,NVIDIA A100-SXM4-40GB MIG 4g.20gb (0),1,,13,[CUDA memcpy Host-to-Device]
9773917358,14624,215482,,,,,,,,,,0.197,13444.055,Pinned,Device,NVIDIA A100-SXM4-40GB MIG 4g.20gb (0),1,,13,[CUDA memcpy Host-to-Device]
9774679142,13568,215483,273,1,1,8,4,1,39,0.002,0.000,,,,,NVIDIA A100-SXM4-40GB MIG 4g.20gb (0),1,,13,"void channel_eq::eqMmseCoefCompLowMimoKernel<float, float, float, (unsigned int)4, (unsigned int)1, (unsigned int)4>(const channel_eq::_puschRxChEqStatDescr *, channel_eq::_puschRxChEqCoefCompDynDescr)"
9775330654,14240,215484,273,1,1,12,11,1,51,0.002,0.000,,,,,NVIDIA A100-SXM4-40GB MIG 4g.20gb (0),1,,13,"void channel_eq::eqMmseSoftDemapKernel<float, __half, __half, float, (unsigned int)4, (unsigned short)16383>(channel_eq::_puschRxChEqStatDescr *, channel_eq::_puschRxChEqSoftDemapDynDescr)"
9776112373,647801,215485,1,1,1,32,32,1,30,0.000,0.000,,,,,NVIDIA A100-SXM4-40GB MIG 4g.20gb (0),1,,13,"void convert_kernel<float2, __half2>(tensor_layout_any, T1 *, tensor_layout_any, const T2 *)"
9777322888,18271,215497,2253,1,1,128,1,1,16,0.000,0.000,,,,,NVIDIA A100-SXM4-40GB MIG 4g.20gb (0),1,,13,cupy_copy__float16_float16
9777867489,17024,215506,282,1,1,128,1,1,16,0.000,0.000,,,,,NVIDIA A100-SXM4-40GB MIG 4g.20gb (0),1,,13,cupy_copy__complex64_complex64
9778520474,5280,215515,26,1,1,128,1,1,16,0.000,0.000,,,,,NVIDIA A100-SXM4-40GB MIG 4g.20gb (0),1,,13,cupy_copy__float32_float32
9779235282,10912,215524,103,1,1,128,1,1,16,0.000,0.000,,,,,NVIDIA A100-SXM4-40GB MIG 4g.20gb (0),1,,13,cupy_copy__complex64_complex64
9780041897,16288,215534,1434,1,1,128,1,1,16,0.000,0.000,,,,,NVIDIA A100-SXM4-40GB MIG 4g.20gb (0),1,,13,cupy_copy__complex64_complex64
9780685889,253886,215539,1,1,1,32,32,1,30,0.000,0.000,,,,,NVIDIA A100-SXM4-40GB MIG 4g.20gb (0),1,,13,"void convert_kernel<__half2, float2>(tensor_layout_any, T1 *, tensor_layout_any, const T2 *)"
9780971294,6112,215542,,,,,,,,,,0.094,15329.790,Pinned,Device,NVIDIA A100-SXM4-40GB MIG 4g.20gb (0),1,,13,[CUDA memcpy Host-to-Device]
9781631543,616665,215543,,,,,,,,,,456.561,740086.094,Device,,NVIDIA A100-SXM4-40GB MIG 4g.20gb (0),1,,13,[CUDA memset]
9782251152,57887,215548,,,,,,,,,,1.235,21333.658,Pinned,Device,NVIDIA A100-SXM4-40GB MIG 4g.20gb (0),1,,13,[CUDA memcpy Host-to-Device]
9782311503,12800,215549,,,,,,,,,,0.197,15360.000,Pinned,Device,NVIDIA A100-SXM4-40GB MIG 4g.20gb (0),1,,13,[CUDA memcpy Host-to-Device]
9783022919,11776,215550,69,4,1,48,1,1,76,0.002,0.000,,,,,NVIDIA A100-SXM4-40GB MIG 4g.20gb (0),1,,13,"void ch_est::windowedChEstPreNoDftSOfdmKernel<float, __half, float, (unsigned int)2, (unsigned int)1, (unsigned short)4>(ch_est::puschRxChEstStatDescr_t *, ch_est::puschRxChEstDynDescr_t *)"
9783826078,11072,215551,137,2,1,24,2,1,44,0.001,0.001,,,,,NVIDIA A100-SXM4-40GB MIG 4g.20gb (0),1,,13,"void ch_est::chEstFilterNoDftSOfdmDispatchKernel<float, __half, float, (unsigned int)2>(ch_est::puschRxChEstStatDescr_t *, ch_est::puschRxChEstDynDescr_t *)"
9784694772,10720,215552,137,2,1,24,2,1,44,0.001,0.001,,,,,NVIDIA A100-SXM4-40GB MIG 4g.20gb (0),1,,13,"void ch_est::chEstFilterNoDftSOfdmDispatchKernel<float, __half, float, (unsigned int)2>(ch_est::puschRxChEstStatDescr_t *, ch_est::puschRxChEstDynDescr_t *)"
9785473355,4256,215563,103,1,1,128,1,1,16,0.000,0.000,,,,,NVIDIA A100-SXM4-40GB MIG 4g.20gb (0),1,,13,cupy_copy__complex64_complex64
9786278818,18144,215573,1434,1,1,128,1,1,16,0.000,0.000,,,,,NVIDIA A100-SXM4-40GB MIG 4g.20gb (0),1,,13,cupy_copy__complex64_complex64
9786958394,5728,215580,103,1,1,128,1,1,16,0.000,0.000,,,,,NVIDIA A100-SXM4-40GB MIG 4g.20gb (0),1,,13,cupy_copy__complex64_complex64
9787581555,257149,215587,1,1,1,32,32,1,30,0.000,0.000,,,,,NVIDIA A100-SXM4-40GB MIG 4g.20gb (0),1,,13,"void convert_kernel<__half2, float2>(tensor_layout_any, T1 *, tensor_layout_any, const T2 *)"
9787877456,10751,215590,,,,,,,,,,0.094,8715.040,Pinned,Device,NVIDIA A100-SXM4-40GB MIG 4g.20gb (0),1,,13,[CUDA memcpy Host-to-Device]
9788360010,74271,215591,,,,,,,,,,35.810,482144.763,Device,,NVIDIA A100-SXM4-40GB MIG 4g.20gb (0),1,,13,[CUDA memset]
9788442697,1824,215593,,,,,,,,,,0.000,43.860,Pinned,Device,NVIDIA A100-SXM4-40GB MIG 4g.20gb (0),1,,13,[CUDA memcpy Host-to-Device]
9788450857,16320,215594,,,,,,,,,,0.197,12046.959,Pinned,Device,NVIDIA A100-SXM4-40GB MIG 4g.20gb (0),1,,13,[CUDA memcpy Host-to-Device]
9789068610,27552,215595,273,1,1,48,1,1,40,0.000,0.001,,,,,NVIDIA A100-SXM4-40GB MIG 4g.20gb (0),1,,13,"void pusch_noise_intf_est::noiseIntfEstNoDftSOfdmKernel<float, __half, float, float, (unsigned int)2, (unsigned int)1, (unsigned char)4, (unsigned char)4>(pusch_noise_intf_est::puschRxNoiseIntfEstDynDescr)"
9789748954,5472,215606,35,1,1,128,1,1,16,0.000,0.000,,,,,NVIDIA A100-SXM4-40GB MIG 4g.20gb (0),1,,13,cupy_copy__complex64_complex64
9790499538,4224,215615,1,1,1,1,1,1,18,0.000,0.000,,,,,NVIDIA A100-SXM4-40GB MIG 4g.20gb (0),1,,13,cupy_copy__float32_float32
9790509138,5408,215621,,,,,,,,,,0.000,0.740,Device,Pageable,NVIDIA A100-SXM4-40GB MIG 4g.20gb (0),1,,7,[CUDA memcpy Device-to-Host]
9791358600,17088,215632,1434,1,1,128,1,1,16,0.000,0.000,,,,,NVIDIA A100-SXM4-40GB MIG 4g.20gb (0),1,,13,cupy_copy__complex64_complex64
9792175135,5024,215639,103,1,1,128,1,1,16,0.000,0.000,,,,,NVIDIA A100-SXM4-40GB MIG 4g.20gb (0),1,,13,cupy_copy__complex64_complex64
9792905622,8000,215646,35,1,1,128,1,1,16,0.000,0.000,,,,,NVIDIA A100-SXM4-40GB MIG 4g.20gb (0),1,,13,cupy_copy__complex64_complex64
9793862027,3552,215653,1,1,1,1,1,1,18,0.000,0.000,,,,,NVIDIA A100-SXM4-40GB MIG 4g.20gb (0),1,,13,cupy_copy__float32_float32
9794399141,255005,215664,1,1,1,32,32,1,30,0.000,0.000,,,,,NVIDIA A100-SXM4-40GB MIG 4g.20gb (0),1,,13,"void convert_kernel<__half2, float2>(tensor_layout_any, T1 *, tensor_layout_any, const T2 *)"
9794685506,6016,215667,,,,,,,,,,0.094,15574.430,Pinned,Device,NVIDIA A100-SXM4-40GB MIG 4g.20gb (0),1,,13,[CUDA memcpy Host-to-Device]
9795483545,5408,215668,,,,,,,,,,1.547,285987.790,Device,,NVIDIA A100-SXM4-40GB MIG 4g.20gb (0),1,,13,[CUDA memset]
9795493049,3872,215673,,,,,,,,,,0.031,8082.630,Pinned,Device,NVIDIA A100-SXM4-40GB MIG 4g.20gb (0),1,,13,[CUDA memcpy Host-to-Device]
9795502777,11808,215674,,,,,,,,,,0.197,16650.338,Pinned,Device,NVIDIA A100-SXM4-40GB MIG 4g.20gb (0),1,,13,[CUDA memcpy Host-to-Device]
9796063602,13920,215675,273,1,1,8,4,1,39,0.002,0.000,,,,,NVIDIA A100-SXM4-40GB MIG 4g.20gb (0),1,,13,"void channel_eq::eqMmseCoefCompLowMimoKernel<float, float, float, (unsigned int)4, (unsigned int)1, (unsigned int)4>(const channel_eq::_puschRxChEqStatDescr *, channel_eq::_puschRxChEqCoefCompDynDescr)"
9796719115,12896,215676,273,1,1,12,11,1,51,0.002,0.000,,,,,NVIDIA A100-SXM4-40GB MIG 4g.20gb (0),1,,13,"void channel_eq::eqMmseSoftDemapKernel<float, __half, __half, float, (unsigned int)4, (unsigned short)16383>(channel_eq::_puschRxChEqStatDescr *, channel_eq::_puschRxChEqSoftDemapDynDescr)"
9797436803,563929,215677,1,1,1,32,32,1,30,0.000,0.000,,,,,NVIDIA A100-SXM4-40GB MIG 4g.20gb (0),1,,13,"void convert_kernel<float2, __half2>(tensor_layout_any, T1 *, tensor_layout_any, const T2 *)"
9798505079,17887,215689,2253,1,1,128,1,1,16,0.000,0.000,,,,,NVIDIA A100-SXM4-40GB MIG 4g.20gb (0),1,,13,cupy_copy__float16_float16
9799060176,7328,215698,282,1,1,128,1,1,16,0.000,0.000,,,,,NVIDIA A100-SXM4-40GB MIG 4g.20gb (0),1,,13,cupy_copy__complex64_complex64
9799758280,5280,215707,26,1,1,128,1,1,16,0.000,0.000,,,,,NVIDIA A100-SXM4-40GB MIG 4g.20gb (0),1,,13,cupy_copy__float32_float32
9800417185,7488,215716,103,1,1,128,1,1,16,0.000,0.000,,,,,NVIDIA A100-SXM4-40GB MIG 4g.20gb (0),1,,13,cupy_copy__complex64_complex64
9801167960,18528,215726,1434,1,1,128,1,1,16,0.000,0.000,,,,,NVIDIA A100-SXM4-40GB MIG 4g.20gb (0),1,,13,cupy_copy__complex64_complex64
9801957999,253117,215731,1,1,1,32,32,1,30,0.000,0.000,,,,,NVIDIA A100-SXM4-40GB MIG 4g.20gb (0),1,,13,"void convert_kernel<__half2, float2>(tensor_layout_any, T1 *, tensor_layout_any, const T2 *)"
9802241740,6144,215734,,,,,,,,,,0.094,15249.961,Pinned,Device,NVIDIA A100-SXM4-40GB MIG 4g.20gb (0),1,,13,[CUDA memcpy Host-to-Device]
9802933412,613273,215735,,,,,,,,,,456.561,744195.147,Device,,NVIDIA A100-SXM4-40GB MIG 4g.20gb (0),1,,13,[CUDA memset]
9803550237,65663,215740,,,,,,,,,,1.235,18806.962,Pinned,Device,NVIDIA A100-SXM4-40GB MIG 4g.20gb (0),1,,13,[CUDA memcpy Host-to-Device]
9803618428,9504,215741,,,,,,,,,,0.197,20686.701,Pinned,Device,NVIDIA A100-SXM4-40GB MIG 4g.20gb (0),1,,13,[CUDA memcpy Host-to-Device]
9804318516,22656,215742,69,4,1,48,1,1,76,0.002,0.000,,,,,NVIDIA A100-SXM4-40GB MIG 4g.20gb (0),1,,13,"void ch_est::windowedChEstPreNoDftSOfdmKernel<float, __half, float, (unsigned int)2, (unsigned int)1, (unsigned short)4>(ch_est::puschRxChEstStatDescr_t *, ch_est::puschRxChEstDynDescr_t *)"
9805008653,15775,215743,137,2,1,24,2,1,44,0.001,0.001,,,,,NVIDIA A100-SXM4-40GB MIG 4g.20gb (0),1,,13,"void ch_est::chEstFilterNoDftSOfdmDispatchKernel<float, __half, float, (unsigned int)2>(ch_est::puschRxChEstStatDescr_t *, ch_est::puschRxChEstDynDescr_t *)"
9805785444,10208,215744,137,2,1,24,2,1,44,0.001,0.001,,,,,NVIDIA A100-SXM4-40GB MIG 4g.20gb (0),1,,13,"void ch_est::chEstFilterNoDftSOfdmDispatchKernel<float, __half, float, (unsigned int)2>(ch_est::puschRxChEstStatDescr_t *, ch_est::puschRxChEstDynDescr_t *)"
9806615802,4896,215755,103,1,1,128,1,1,16,0.000,0.000,,,,,NVIDIA A100-SXM4-40GB MIG 4g.20gb (0),1,,13,cupy_copy__complex64_complex64
9807394193,20736,215765,1434,1,1,128,1,1,16,0.000,0.000,,,,,NVIDIA A100-SXM4-40GB MIG 4g.20gb (0),1,,13,cupy_copy__complex64_complex64
9808183561,6111,215772,103,1,1,128,1,1,16,0.000,0.000,,,,,NVIDIA A100-SXM4-40GB MIG 4g.20gb (0),1,,13,cupy_copy__complex64_complex64
9808905600,285405,215779,1,1,1,32,32,1,30,0.000,0.000,,,,,NVIDIA A100-SXM4-40GB MIG 4g.20gb (0),1,,13,"void convert_kernel<__half2, float2>(tensor_layout_any, T1 *, tensor_layout_any, const T2 *)"
9809220701,5472,215782,,,,,,,,,,0.094,17122.757,Pinned,Device,NVIDIA A100-SXM4-40GB MIG 4g.20gb (0),1,,13,[CUDA memcpy Host-to-Device]
9809999796,58655,215783,,,,,,,,,,35.810,610487.516,Device,,NVIDIA A100-SXM4-40GB MIG 4g.20gb (0),1,,13,[CUDA memset]
9810065267,3072,215785,,,,,,,,,,0.000,26.042,Pinned,Device,NVIDIA A100-SXM4-40GB MIG 4g.20gb (0),1,,13,[CUDA memcpy Host-to-Device]
9810070771,9632,215786,,,,,,,,,,0.197,20411.843,Pinned,Device,NVIDIA A100-SXM4-40GB MIG 4g.20gb (0),1,,13,[CUDA memcpy Host-to-Device]
9810934057,15744,215787,273,1,1,48,1,1,40,0.000,0.001,,,,,NVIDIA A100-SXM4-40GB MIG 4g.20gb (0),1,,13,"void pusch_noise_intf_est::noiseIntfEstNoDftSOfdmKernel<float, __half, float, float, (unsigned int)2, (unsigned int)1, (unsigned char)4, (unsigned char)4>(pusch_noise_intf_est::puschRxNoiseIntfEstDynDescr)"
9811743072,6848,215798,35,1,1,128,1,1,16,0.000,0.000,,,,,NVIDIA A100-SXM4-40GB MIG 4g.20gb (0),1,,13,cupy_copy__complex64_complex64
9812451000,4128,215807,1,1,1,1,1,1,18,0.000,0.000,,,,,NVIDIA A100-SXM4-40GB MIG 4g.20gb (0),1,,13,cupy_copy__float32_float32
9812460408,1856,215813,,,,,,,,,,0.000,2.155,Device,Pageable,NVIDIA A100-SXM4-40GB MIG 4g.20gb (0),1,,7,[CUDA memcpy Device-to-Host]
9813040977,23680,215824,1434,1,1,128,1,1,16,0.000,0.000,,,,,NVIDIA A100-SXM4-40GB MIG 4g.20gb (0),1,,13,cupy_copy__complex64_complex64
9813872104,6752,215831,103,1,1,128,1,1,16,0.000,0.000,,,,,NVIDIA A100-SXM4-40GB MIG 4g.20gb (0),1,,13,cupy_copy__complex64_complex64
9814589344,4704,215838,35,1,1,128,1,1,16,0.000,0.000,,,,,NVIDIA A100-SXM4-40GB MIG 4g.20gb (0),1,,13,cupy_copy__complex64_complex64
9815105754,4096,215845,1,1,1,1,1,1,18,0.000,0.000,,,,,NVIDIA A100-SXM4-40GB MIG 4g.20gb (0),1,,13,cupy_copy__float32_float32
9815598324,268829,215856,1,1,1,32,32,1,30,0.000,0.000,,,,,NVIDIA A100-SXM4-40GB MIG 4g.20gb (0),1,,13,"void convert_kernel<__half2, float2>(tensor_layout_any, T1 *, tensor_layout_any, const T2 *)"
9815899537,5472,215859,,,,,,,,,,0.094,17122.757,Pinned,Device,NVIDIA A100-SXM4-40GB MIG 4g.20gb (0),1,,13,[CUDA memcpy Host-to-Device]
9816631144,15712,215860,,,,,,,,,,1.547,98434.884,Device,,NVIDIA A100-SXM4-40GB MIG 4g.20gb (0),1,,13,[CUDA memset]
9816653608,3328,215865,,,,,,,,,,0.031,9403.822,Pinned,Device,NVIDIA A100-SXM4-40GB MIG 4g.20gb (0),1,,13,[CUDA memcpy Host-to-Device]
9816659912,11648,215866,,,,,,,,,,0.197,16878.993,Pinned,Device,NVIDIA A100-SXM4-40GB MIG 4g.20gb (0),1,,13,[CUDA memcpy Host-to-Device]
9817285377,23840,215867,273,1,1,8,4,1,39,0.002,0.000,,,,,NVIDIA A100-SXM4-40GB MIG 4g.20gb (0),1,,13,"void channel_eq::eqMmseCoefCompLowMimoKernel<float, float, float, (unsigned int)4, (unsigned int)1, (unsigned int)4>(const channel_eq::_puschRxChEqStatDescr *, channel_eq::_puschRxChEqCoefCompDynDescr)"
9817877626,18432,215868,273,1,1,12,11,1,51,0.002,0.000,,,,,NVIDIA A100-SXM4-40GB MIG 4g.20gb (0),1,,13,"void channel_eq::eqMmseSoftDemapKernel<float, __half, __half, float, (unsigned int)4, (unsigned short)16383>(channel_eq::_puschRxChEqStatDescr *, channel_eq::_puschRxChEqSoftDemapDynDescr)"
9818433396,669112,215869,1,1,1,32,32,1,30,0.000,0.000,,,,,NVIDIA A100-SXM4-40GB MIG 4g.20gb (0),1,,13,"void convert_kernel<float2, __half2>(tensor_layout_any, T1 *, tensor_layout_any, const T2 *)"
9819594983,19199,215881,2253,1,1,128,1,1,16,0.000,0.000,,,,,NVIDIA A100-SXM4-40GB MIG 4g.20gb (0),1,,13,cupy_copy__float16_float16
9820196800,6080,215890,282,1,1,128,1,1,16,0.000,0.000,,,,,NVIDIA A100-SXM4-40GB MIG 4g.20gb (0),1,,13,cupy_copy__complex64_complex64
9820752377,4576,215899,26,1,1,128,1,1,16,0.000,0.000,,,,,NVIDIA A100-SXM4-40GB MIG 4g.20gb (0),1,,13,cupy_copy__float32_float32
9821515761,8032,215908,103,1,1,128,1,1,16,0.000,0.000,,,,,NVIDIA A100-SXM4-40GB MIG 4g.20gb (0),1,,13,cupy_copy__complex64_complex64
9822239881,22719,215918,1434,1,1,128,1,1,16,0.000,0.000,,,,,NVIDIA A100-SXM4-40GB MIG 4g.20gb (0),1,,13,cupy_copy__complex64_complex64
9822891873,259325,215923,1,1,1,32,32,1,30,0.000,0.000,,,,,NVIDIA A100-SXM4-40GB MIG 4g.20gb (0),1,,13,"void convert_kernel<__half2, float2>(tensor_layout_any, T1 *, tensor_layout_any, const T2 *)"
9823181790,9664,215926,,,,,,,,,,0.094,9695.287,Pinned,Device,NVIDIA A100-SXM4-40GB MIG 4g.20gb (0),1,,13,[CUDA memcpy Host-to-Device]
9823746455,614489,215927,,,,,,,,,,456.561,742825.463,Device,,NVIDIA A100-SXM4-40GB MIG 4g.20gb (0),1,,13,[CUDA memset]
9824369360,67872,215932,,,,,,,,,,1.235,18194.430,Pinned,Device,NVIDIA A100-SXM4-40GB MIG 4g.20gb (0),1,,13,[CUDA memcpy Host-to-Device]
9824439728,9599,215933,,,,,,,,,,0.197,20482.032,Pinned,Device,NVIDIA A100-SXM4-40GB MIG 4g.20gb (0),1,,13,[CUDA memcpy Host-to-Device]
9825129448,24255,215934,69,4,1,48,1,1,76,0.002,0.000,,,,,NVIDIA A100-SXM4-40GB MIG 4g.20gb (0),1,,13,"void ch_est::windowedChEstPreNoDftSOfdmKernel<float, __half, float, (unsigned int)2, (unsigned int)1, (unsigned short)4>(ch_est::puschRxChEstStatDescr_t *, ch_est::puschRxChEstDynDescr_t *)"
9825863039,22048,215935,137,2,1,24,2,1,44,0.001,0.001,,,,,NVIDIA A100-SXM4-40GB MIG 4g.20gb (0),1,,13,"void ch_est::chEstFilterNoDftSOfdmDispatchKernel<float, __half, float, (unsigned int)2>(ch_est::puschRxChEstStatDescr_t *, ch_est::puschRxChEstDynDescr_t *)"
9826490392,16320,215936,137,2,1,24,2,1,44,0.001,0.001,,,,,NVIDIA A100-SXM4-40GB MIG 4g.20gb (0),1,,13,"void ch_est::chEstFilterNoDftSOfdmDispatchKernel<float, __half, float, (unsigned int)2>(ch_est::puschRxChEstStatDescr_t *, ch_est::puschRxChEstDynDescr_t *)"
9826980979,5312,215947,103,1,1,128,1,1,16,0.000,0.000,,,,,NVIDIA A100-SXM4-40GB MIG 4g.20gb (0),1,,13,cupy_copy__complex64_complex64
9827491885,22336,215957,1434,1,1,128,1,1,16,0.000,0.000,,,,,NVIDIA A100-SXM4-40GB MIG 4g.20gb (0),1,,13,cupy_copy__complex64_complex64
9828102854,5824,215964,103,1,1,128,1,1,16,0.000,0.000,,,,,NVIDIA A100-SXM4-40GB MIG 4g.20gb (0),1,,13,cupy_copy__complex64_complex64
9828653888,246109,215971,1,1,1,32,32,1,30,0.000,0.000,,,,,NVIDIA A100-SXM4-40GB MIG 4g.20gb (0),1,,13,"void convert_kernel<__half2, float2>(tensor_layout_any, T1 *, tensor_layout_any, const T2 *)"
9828930716,5792,215974,,,,,,,,,,0.094,16176.708,Pinned,Device,NVIDIA A100-SXM4-40GB MIG 4g.20gb (0),1,,13,[CUDA memcpy Host-to-Device]
9829495094,49983,215975,,,,,,,,,,35.810,716413.260,Device,,NVIDIA A100-SXM4-40GB MIG 4g.20gb (0),1,,13,[CUDA memset]
9829552469,2656,215977,,,,,,,,,,0.000,30.120,Pinned,Device,NVIDIA A100-SXM4-40GB MIG 4g.20gb (0),1,,13,[CUDA memcpy Host-to-Device]
9829558261,10432,215978,,,,,,,,,,0.197,18846.450,Pinned,Device,NVIDIA A100-SXM4-40GB MIG 4g.20gb (0),1,,13,[CUDA memcpy Host-to-Device]
9830314029,18367,215979,273,1,1,48,1,1,40,0.000,0.001,,,,,NVIDIA A100-SXM4-40GB MIG 4g.20gb (0),1,,13,"void pusch_noise_intf_est::noiseIntfEstNoDftSOfdmKernel<float, __half, float, float, (unsigned int)2, (unsigned int)1, (unsigned char)4, (unsigned char)4>(pusch_noise_intf_est::puschRxNoiseIntfEstDynDescr)"
9831063076,5664,215990,35,1,1,128,1,1,16,0.000,0.000,,,,,NVIDIA A100-SXM4-40GB MIG 4g.20gb (0),1,,13,cupy_copy__complex64_complex64
9831836603,3968,215999,1,1,1,1,1,1,18,0.000,0.000,,,,,NVIDIA A100-SXM4-40GB MIG 4g.20gb (0),1,,13,cupy_copy__float32_float32
9831843451,4928,216005,,,,,,,,,,0.000,0.812,Device,Pageable,NVIDIA A100-SXM4-40GB MIG 4g.20gb (0),1,,7,[CUDA memcpy Device-to-Host]
9832513588,25567,216016,1434,1,1,128,1,1,16,0.000,0.000,,,,,NVIDIA A100-SXM4-40GB MIG 4g.20gb (0),1,,13,cupy_copy__complex64_complex64
9833265195,5120,216023,103,1,1,128,1,1,16,0.000,0.000,,,,,NVIDIA A100-SXM4-40GB MIG 4g.20gb (0),1,,13,cupy_copy__complex64_complex64
9833844133,16799,216030,35,1,1,128,1,1,16,0.000,0.000,,,,,NVIDIA A100-SXM4-40GB MIG 4g.20gb (0),1,,13,cupy_copy__complex64_complex64
9834471613,4192,216037,1,1,1,1,1,1,18,0.000,0.000,,,,,NVIDIA A100-SXM4-40GB MIG 4g.20gb (0),1,,13,cupy_copy__float32_float32
9835014039,260893,216048,1,1,1,32,32,1,30,0.000,0.000,,,,,NVIDIA A100-SXM4-40GB MIG 4g.20gb (0),1,,13,"void convert_kernel<__half2, float2>(tensor_layout_any, T1 *, tensor_layout_any, const T2 *)"
9835304500,5952,216051,,,,,,,,,,0.094,15741.865,Pinned,Device,NVIDIA A100-SXM4-40GB MIG 4g.20gb (0),1,,13,[CUDA memcpy Host-to-Device]
9835889645,5344,216052,,,,,,,,,,1.547,289412.016,Device,,NVIDIA A100-SXM4-40GB MIG 4g.20gb (0),1,,13,[CUDA memset]
9835896621,6304,216057,,,,,,,,,,0.031,4964.453,Pinned,Device,NVIDIA A100-SXM4-40GB MIG 4g.20gb (0),1,,13,[CUDA memcpy Host-to-Device]
9835905709,10432,216058,,,,,,,,,,0.197,18846.450,Pinned,Device,NVIDIA A100-SXM4-40GB MIG 4g.20gb (0),1,,13,[CUDA memcpy Host-to-Device]
9836441479,16672,216059,273,1,1,8,4,1,39,0.002,0.000,,,,,NVIDIA A100-SXM4-40GB MIG 4g.20gb (0),1,,13,"void channel_eq::eqMmseCoefCompLowMimoKernel<float, float, float, (unsigned int)4, (unsigned int)1, (unsigned int)4>(const channel_eq::_puschRxChEqStatDescr *, channel_eq::_puschRxChEqCoefCompDynDescr)"
9837202142,18752,216060,273,1,1,12,11,1,51,0.002,0.000,,,,,NVIDIA A100-SXM4-40GB MIG 4g.20gb (0),1,,13,"void channel_eq::eqMmseSoftDemapKernel<float, __half, __half, float, (unsigned int)4, (unsigned short)16383>(channel_eq::_puschRxChEqStatDescr *, channel_eq::_puschRxChEqSoftDemapDynDescr)"
9837944118,663704,216061,1,1,1,32,32,1,30,0.000,0.000,,,,,NVIDIA A100-SXM4-40GB MIG 4g.20gb (0),1,,13,"void convert_kernel<float2, __half2>(tensor_layout_any, T1 *, tensor_layout_any, const T2 *)"
9839348582,17440,216073,2253,1,1,128,1,1,16,0.000,0.000,,,,,NVIDIA A100-SXM4-40GB MIG 4g.20gb (0),1,,13,cupy_copy__float16_float16
9840070654,7168,216082,282,1,1,128,1,1,16,0.000,0.000,,,,,NVIDIA A100-SXM4-40GB MIG 4g.20gb (0),1,,13,cupy_copy__complex64_complex64
9840951284,6656,216091,26,1,1,128,1,1,16,0.000,0.000,,,,,NVIDIA A100-SXM4-40GB MIG 4g.20gb (0),1,,13,cupy_copy__float32_float32
9841719979,16608,216100,103,1,1,128,1,1,16,0.000,0.000,,,,,NVIDIA A100-SXM4-40GB MIG 4g.20gb (0),1,,13,cupy_copy__complex64_complex64
9842521410,17952,216110,1434,1,1,128,1,1,16,0.000,0.000,,,,,NVIDIA A100-SXM4-40GB MIG 4g.20gb (0),1,,13,cupy_copy__complex64_complex64
9843306617,267741,216115,1,1,1,32,32,1,30,0.000,0.000,,,,,NVIDIA A100-SXM4-40GB MIG 4g.20gb (0),1,,13,"void convert_kernel<__half2, float2>(tensor_layout_any, T1 *, tensor_layout_any, const T2 *)"
9843604981,5792,216118,,,,,,,,,,0.094,16176.708,Pinned,Device,NVIDIA A100-SXM4-40GB MIG 4g.20gb (0),1,,13,[CUDA memcpy Host-to-Device]
9844346061,614297,216119,,,,,,,,,,456.561,742825.463,Device,,NVIDIA A100-SXM4-40GB MIG 4g.20gb (0),1,,13,[CUDA memset]
9844967046,78015,216124,,,,,,,,,,1.235,15829.512,Pinned,Device,NVIDIA A100-SXM4-40GB MIG 4g.20gb (0),1,,13,[CUDA memcpy Host-to-Device]
9845050277,14816,216125,,,,,,,,,,0.197,13269.860,Pinned,Device,NVIDIA A100-SXM4-40GB MIG 4g.20gb (0),1,,13,[CUDA memcpy Host-to-Device]
9845977946,16096,216126,69,4,1,48,1,1,76,0.002,0.000,,,,,NVIDIA A100-SXM4-40GB MIG 4g.20gb (0),1,,13,"void ch_est::windowedChEstPreNoDftSOfdmKernel<float, __half, float, (unsigned int)2, (unsigned int)1, (unsigned short)4>(ch_est::puschRxChEstStatDescr_t *, ch_est::puschRxChEstDynDescr_t *)"
9846842385,23039,216127,137,2,1,24,2,1,44,0.001,0.001,,,,,NVIDIA A100-SXM4-40GB MIG 4g.20gb (0),1,,13,"void ch_est::chEstFilterNoDftSOfdmDispatchKernel<float, __half, float, (unsigned int)2>(ch_est::puschRxChEstStatDescr_t *, ch_est::puschRxChEstDynDescr_t *)"
9847619272,16672,216128,137,2,1,24,2,1,44,0.001,0.001,,,,,NVIDIA A100-SXM4-40GB MIG 4g.20gb (0),1,,13,"void ch_est::chEstFilterNoDftSOfdmDispatchKernel<float, __half, float, (unsigned int)2>(ch_est::puschRxChEstStatDescr_t *, ch_est::puschRxChEstDynDescr_t *)"
9848316480,7744,216139,103,1,1,128,1,1,16,0.000,0.000,,,,,NVIDIA A100-SXM4-40GB MIG 4g.20gb (0),1,,13,cupy_copy__complex64_complex64
9848947065,22879,216149,1434,1,1,128,1,1,16,0.000,0.000,,,,,NVIDIA A100-SXM4-40GB MIG 4g.20gb (0),1,,13,cupy_copy__complex64_complex64
9849682160,6880,216156,103,1,1,128,1,1,16,0.000,0.000,,,,,NVIDIA A100-SXM4-40GB MIG 4g.20gb (0),1,,13,cupy_copy__complex64_complex64
9850472007,273533,216163,1,1,1,32,32,1,30,0.000,0.000,,,,,NVIDIA A100-SXM4-40GB MIG 4g.20gb (0),1,,13,"void convert_kernel<__half2, float2>(tensor_layout_any, T1 *, tensor_layout_any, const T2 *)"
9850776228,7872,216166,,,,,,,,,,0.094,11902.390,Pinned,Device,NVIDIA A100-SXM4-40GB MIG 4g.20gb (0),1,,13,[CUDA memcpy Host-to-Device]
9851540859,58463,216167,,,,,,,,,,35.810,612492.872,Device,,NVIDIA A100-SXM4-40GB MIG 4g.20gb (0),1,,13,[CUDA memset]
9851605466,6816,216169,,,,,,,,,,0.000,11.737,Pinned,Device,NVIDIA A100-SXM4-40GB MIG 4g.20gb (0),1,,13,[CUDA memcpy Host-to-Device]
9851614746,11616,216170,,,,,,,,,,0.197,16925.590,Pinned,Device,NVIDIA A100-SXM4-40GB MIG 4g.20gb (0),1,,13,[CUDA memcpy Host-to-Device]
9852456465,27519,216171,273,1,1,48,1,1,40,0.000,0.001,,,,,NVIDIA A100-SXM4-40GB MIG 4g.20gb (0),1,,13,"void pusch_noise_intf_est::noiseIntfEstNoDftSOfdmKernel<float, __half, float, float, (unsigned int)2, (unsigned int)1, (unsigned char)4, (unsigned char)4>(pusch_noise_intf_est::puschRxNoiseIntfEstDynDescr)"
9853226248,8096,216182,35,1,1,128,1,1,16,0.000,0.000,,,,,NVIDIA A100-SXM4-40GB MIG 4g.20gb (0),1,,13,cupy_copy__complex64_complex64
9854009567,4000,216191,1,1,1,1,1,1,18,0.000,0.000,,,,,NVIDIA A100-SXM4-40GB MIG 4g.20gb (0),1,,13,cupy_copy__float32_float32
9854015871,1696,216197,,,,,,,,,,0.000,2.358,Device,Pageable,NVIDIA A100-SXM4-40GB MIG 4g.20gb (0),1,,7,[CUDA memcpy Device-to-Host]
9854855701,19456,216208,1434,1,1,128,1,1,16,0.000,0.000,,,,,NVIDIA A100-SXM4-40GB MIG 4g.20gb (0),1,,13,cupy_copy__complex64_complex64
9855476622,6368,216215,103,1,1,128,1,1,16,0.000,0.000,,,,,NVIDIA A100-SXM4-40GB MIG 4g.20gb (0),1,,13,cupy_copy__complex64_complex64
9856003944,4768,216222,35,1,1,128,1,1,16,0.000,0.000,,,,,NVIDIA A100-SXM4-40GB MIG 4g.20gb (0),1,,13,cupy_copy__complex64_complex64
9856552194,3776,216229,1,1,1,1,1,1,18,0.000,0.000,,,,,NVIDIA A100-SXM4-40GB MIG 4g.20gb (0),1,,13,cupy_copy__float32_float32
9857188059,260797,216240,1,1,1,32,32,1,30,0.000,0.000,,,,,NVIDIA A100-SXM4-40GB MIG 4g.20gb (0),1,,13,"void convert_kernel<__half2, float2>(tensor_layout_any, T1 *, tensor_layout_any, const T2 *)"
9857494423,5632,216243,,,,,,,,,,0.094,16636.287,Pinned,Device,NVIDIA A100-SXM4-40GB MIG 4g.20gb (0),1,,13,[CUDA memcpy Host-to-Device]
9858117456,15776,216244,,,,,,,,,,1.547,98035.855,Device,,NVIDIA A100-SXM4-40GB MIG 4g.20gb (0),1,,13,[CUDA memset]
9858141520,4960,216249,,,,,,,,,,0.031,6309.649,Pinned,Device,NVIDIA A100-SXM4-40GB MIG 4g.20gb (0),1,,13,[CUDA memcpy Host-to-Device]
9858152432,10848,216250,,,,,,,,,,0.197,18123.719,Pinned,Device,NVIDIA A100-SXM4-40GB MIG 4g.20gb (0),1,,13,[CUDA memcpy Host-to-Device]
9859118373,16320,216251,273,1,1,8,4,1,39,0.002,0.000,,,,,NVIDIA A100-SXM4-40GB MIG 4g.20gb (0),1,,13,"void channel_eq::eqMmseCoefCompLowMimoKernel<float, float, float, (unsigned int)4, (unsigned int)1, (unsigned int)4>(const channel_eq::_puschRxChEqStatDescr *, channel_eq::_puschRxChEqCoefCompDynDescr)"
9859760286,23999,216252,273,1,1,12,11,1,51,0.002,0.000,,,,,NVIDIA A100-SXM4-40GB MIG 4g.20gb (0),1,,13,"void channel_eq::eqMmseSoftDemapKernel<float, __half, __half, float, (unsigned int)4, (unsigned short)16383>(channel_eq::_puschRxChEqStatDescr *, channel_eq::_puschRxChEqSoftDemapDynDescr)"
9860660531,674041,216253,1,1,1,32,32,1,30,0.000,0.000,,,,,NVIDIA A100-SXM4-40GB MIG 4g.20gb (0),1,,13,"void convert_kernel<float2, __half2>(tensor_layout_any, T1 *, tensor_layout_any, const T2 *)"
9862051396,18335,216265,2253,1,1,128,1,1,16,0.000,0.000,,,,,NVIDIA A100-SXM4-40GB MIG 4g.20gb (0),1,,13,cupy_copy__float16_float16
9862687548,6464,216274,282,1,1,128,1,1,16,0.000,0.000,,,,,NVIDIA A100-SXM4-40GB MIG 4g.20gb (0),1,,13,cupy_copy__complex64_complex64
9863460564,7455,216283,26,1,1,128,1,1,16,0.000,0.000,,,,,NVIDIA A100-SXM4-40GB MIG 4g.20gb (0),1,,13,cupy_copy__float32_float32
9864099628,16832,216292,103,1,1,128,1,1,16,0.000,0.000,,,,,NVIDIA A100-SXM4-40GB MIG 4g.20gb (0),1,,13,cupy_copy__complex64_complex64
9864846212,21248,216302,1434,1,1,128,1,1,16,0.000,0.000,,,,,NVIDIA A100-SXM4-40GB MIG 4g.20gb (0),1,,13,cupy_copy__complex64_complex64
9865470557,258365,216307,1,1,1,32,32,1,30,0.000,0.000,,,,,NVIDIA A100-SXM4-40GB MIG 4g.20gb (0),1,,13,"void convert_kernel<__half2, float2>(tensor_layout_any, T1 *, tensor_layout_any, const T2 *)"
9865760857,5824,216310,,,,,,,,,,0.094,16087.884,Pinned,Device,NVIDIA A100-SXM4-40GB MIG 4g.20gb (0),1,,13,[CUDA memcpy Host-to-Device]
9866400690,695480,216311,,,,,,,,,,456.561,656078.789,Device,,NVIDIA A100-SXM4-40GB MIG 4g.20gb (0),1,,13,[CUDA memset]
9867102570,63519,216316,,,,,,,,,,1.235,19441.723,Pinned,Device,NVIDIA A100-SXM4-40GB MIG 4g.20gb (0),1,,13,[CUDA memcpy Host-to-Device]
9867168585,10208,216317,,,,,,,,,,0.197,19260.113,Pinned,Device,NVIDIA A100-SXM4-40GB MIG 4g.20gb (0),1,,13,[CUDA memcpy Host-to-Device]
9867940769,15935,216318,69,4,1,48,1,1,76,0.002,0.000,,,,,NVIDIA A100-SXM4-40GB MIG 4g.20gb (0),1,,13,"void ch_est::windowedChEstPreNoDftSOfdmKernel<float, __half, float, (unsigned int)2, (unsigned int)1, (unsigned short)4>(ch_est::puschRxChEstStatDescr_t *, ch_est::puschRxChEstDynDescr_t *)"
9868571257,27744,216319,137,2,1,24,2,1,44,0.001,0.001,,,,,NVIDIA A100-SXM4-40GB MIG 4g.20gb (0),1,,13,"void ch_est::chEstFilterNoDftSOfdmDispatchKernel<float, __half, float, (unsigned int)2>(ch_est::puschRxChEstStatDescr_t *, ch_est::puschRxChEstDynDescr_t *)"
9869301745,19616,216320,137,2,1,24,2,1,44,0.001,0.001,,,,,NVIDIA A100-SXM4-40GB MIG 4g.20gb (0),1,,13,"void ch_est::chEstFilterNoDftSOfdmDispatchKernel<float, __half, float, (unsigned int)2>(ch_est::puschRxChEstStatDescr_t *, ch_est::puschRxChEstDynDescr_t *)"
9870173127,7456,216331,103,1,1,128,1,1,16,0.000,0.000,,,,,NVIDIA A100-SXM4-40GB MIG 4g.20gb (0),1,,13,cupy_copy__complex64_complex64
9871159196,21120,216341,1434,1,1,128,1,1,16,0.000,0.000,,,,,NVIDIA A100-SXM4-40GB MIG 4g.20gb (0),1,,13,cupy_copy__complex64_complex64
9871862100,6176,216348,103,1,1,128,1,1,16,0.000,0.000,,,,,NVIDIA A100-SXM4-40GB MIG 4g.20gb (0),1,,13,cupy_copy__complex64_complex64
9872674763,244605,216355,1,1,1,32,32,1,30,0.000,0.000,,,,,NVIDIA A100-SXM4-40GB MIG 4g.20gb (0),1,,13,"void convert_kernel<__half2, float2>(tensor_layout_any, T1 *, tensor_layout_any, const T2 *)"
9872949960,5919,216358,,,,,,,,,,0.094,15829.658,Pinned,Device,NVIDIA A100-SXM4-40GB MIG 4g.20gb (0),1,,13,[CUDA memcpy Host-to-Device]
9873531393,76159,216359,,,,,,,,,,35.810,470184.250,Device,,NVIDIA A100-SXM4-40GB MIG 4g.20gb (0),1,,13,[CUDA memset]
9873610272,5920,216361,,,,,,,,,,0.000,13.513,Pinned,Device,NVIDIA A100-SXM4-40GB MIG 4g.20gb (0),1,,13,[CUDA memcpy Host-to-Device]
9873622496,10752,216362,,,,,,,,,,0.197,18285.527,Pinned,Device,NVIDIA A100-SXM4-40GB MIG 4g.20gb (0),1,,13,[CUDA memcpy Host-to-Device]
9874169562,18463,216363,273,1,1,48,1,1,40,0.000,0.001,,,,,NVIDIA A100-SXM4-40GB MIG 4g.20gb (0),1,,13,"void pusch_noise_intf_est::noiseIntfEstNoDftSOfdmKernel<float, __half, float, float, (unsigned int)2, (unsigned int)1, (unsigned char)4, (unsigned char)4>(pusch_noise_intf_est::puschRxNoiseIntfEstDynDescr)"
9874813138,15680,216374,35,1,1,128,1,1,16,0.000,0.000,,,,,NVIDIA A100-SXM4-40GB MIG 4g.20gb (0),1,,13,cupy_copy__complex64_complex64
9875441451,3936,216383,1,1,1,1,1,1,18,0.000,0.000,,,,,NVIDIA A100-SXM4-40GB MIG 4g.20gb (0),1,,13,cupy_copy__float32_float32
9875449995,2464,216389,,,,,,,,,,0.000,1.623,Device,Pageable,NVIDIA A100-SXM4-40GB MIG 4g.20gb (0),1,,7,[CUDA memcpy Device-to-Host]
9875975429,22976,216400,1434,1,1,128,1,1,16,0.000,0.000,,,,,NVIDIA A100-SXM4-40GB MIG 4g.20gb (0),1,,13,cupy_copy__complex64_complex64
9876599134,6208,216407,103,1,1,128,1,1,16,0.000,0.000,,,,,NVIDIA A100-SXM4-40GB MIG 4g.20gb (0),1,,13,cupy_copy__complex64_complex64
9877240759,15232,216414,35,1,1,128,1,1,16,0.000,0.000,,,,,NVIDIA A100-SXM4-40GB MIG 4g.20gb (0),1,,13,cupy_copy__complex64_complex64
9877975630,3872,216421,1,1,1,1,1,1,18,0.000,0.000,,,,,NVIDIA A100-SXM4-40GB MIG 4g.20gb (0),1,,13,cupy_copy__float32_float32
9878714054,277373,216432,1,1,1,32,32,1,30,0.000,0.000,,,,,NVIDIA A100-SXM4-40GB MIG 4g.20gb (0),1,,13,"void convert_kernel<__half2, float2>(tensor_layout_any, T1 *, tensor_layout_any, const T2 *)"
9879023042,10016,216435,,,,,,,,,,0.094,9354.609,Pinned,Device,NVIDIA A100-SXM4-40GB MIG 4g.20gb (0),1,,13,[CUDA memcpy Host-to-Device]
9879837241,16864,216436,,,,,,,,,,1.547,91710.163,Device,,NVIDIA A100-SXM4-40GB MIG 4g.20gb (0),1,,13,[CUDA memset]
9879859289,8512,216441,,,,,,,,,,0.031,3676.685,Pinned,Device,NVIDIA A100-SXM4-40GB MIG 4g.20gb (0),1,,13,[CUDA memcpy Host-to-Device]
9879873721,10880,216442,,,,,,,,,,0.197,18070.438,Pinned,Device,NVIDIA A100-SXM4-40GB MIG 4g.20gb (0),1,,13,[CUDA memcpy Host-to-Device]
9880623472,15968,216443,273,1,1,8,4,1,39,0.002,0.000,,,,,NVIDIA A100-SXM4-40GB MIG 4g.20gb (0),1,,13,"void channel_eq::eqMmseCoefCompLowMimoKernel<float, float, float, (unsigned int)4, (unsigned int)1, (unsigned int)4>(const channel_eq::_puschRxChEqStatDescr *, channel_eq::_puschRxChEqCoefCompDynDescr)"
9881322760,24992,216444,273,1,1,12,11,1,51,0.002,0.000,,,,,NVIDIA A100-SXM4-40GB MIG 4g.20gb (0),1,,13,"void channel_eq::eqMmseSoftDemapKernel<float, __half, __half, float, (unsigned int)4, (unsigned short)16383>(channel_eq::_puschRxChEqStatDescr *, channel_eq::_puschRxChEqSoftDemapDynDescr)"
9882047360,661272,216445,1,1,1,32,32,1,30,0.000,0.000,,,,,NVIDIA A100-SXM4-40GB MIG 4g.20gb (0),1,,13,"void convert_kernel<float2, __half2>(tensor_layout_any, T1 *, tensor_layout_any, const T2 *)"
9883180787,23936,216457,2253,1,1,128,1,1,16,0.000,0.000,,,,,NVIDIA A100-SXM4-40GB MIG 4g.20gb (0),1,,13,cupy_copy__float16_float16
9884158472,17120,216466,282,1,1,128,1,1,16,0.000,0.000,,,,,NVIDIA A100-SXM4-40GB MIG 4g.20gb (0),1,,13,cupy_copy__complex64_complex64
9884896032,16095,216475,26,1,1,128,1,1,16,0.000,0.000,,,,,NVIDIA A100-SXM4-40GB MIG 4g.20gb (0),1,,13,cupy_copy__float32_float32
9885589880,8608,216484,103,1,1,128,1,1,16,0.000,0.000,,,,,NVIDIA A100-SXM4-40GB MIG 4g.20gb (0),1,,13,cupy_copy__complex64_complex64
9886235760,27520,216494,1434,1,1,128,1,1,16,0.000,0.000,,,,,NVIDIA A100-SXM4-40GB MIG 4g.20gb (0),1,,13,cupy_copy__complex64_complex64
9887116582,263293,216499,1,1,1,32,32,1,30,0.000,0.000,,,,,NVIDIA A100-SXM4-40GB MIG 4g.20gb (0),1,,13,"void convert_kernel<__half2, float2>(tensor_layout_any, T1 *, tensor_layout_any, const T2 *)"
9887410691,5760,216502,,,,,,,,,,0.094,16266.656,Pinned,Device,NVIDIA A100-SXM4-40GB MIG 4g.20gb (0),1,,13,[CUDA memcpy Host-to-Device]
9888061212,626680,216503,,,,,,,,,,456.561,728215.497,Device,,NVIDIA A100-SXM4-40GB MIG 4g.20gb (0),1,,13,[CUDA memset]
9888695284,62976,216508,,,,,,,,,,1.235,19609.676,Pinned,Device,NVIDIA A100-SXM4-40GB MIG 4g.20gb (0),1,,13,[CUDA memcpy Host-to-Device]
9888760756,9568,216509,,,,,,,,,,0.197,20548.485,Pinned,Device,NVIDIA A100-SXM4-40GB MIG 4g.20gb (0),1,,13,[CUDA memcpy Host-to-Device]
9889551723,20127,216510,69,4,1,48,1,1,76,0.002,0.000,,,,,NVIDIA A100-SXM4-40GB MIG 4g.20gb (0),1,,13,"void ch_est::windowedChEstPreNoDftSOfdmKernel<float, __half, float, (unsigned int)2, (unsigned int)1, (unsigned short)4>(ch_est::puschRxChEstStatDescr_t *, ch_est::puschRxChEstDynDescr_t *)"
9890487488,15712,216511,137,2,1,24,2,1,44,0.001,0.001,,,,,NVIDIA A100-SXM4-40GB MIG 4g.20gb (0),1,,13,"void ch_est::chEstFilterNoDftSOfdmDispatchKernel<float, __half, float, (unsigned int)2>(ch_est::puschRxChEstStatDescr_t *, ch_est::puschRxChEstDynDescr_t *)"
9891355862,22912,216512,137,2,1,24,2,1,44,0.001,0.001,,,,,NVIDIA A100-SXM4-40GB MIG 4g.20gb (0),1,,13,"void ch_est::chEstFilterNoDftSOfdmDispatchKernel<float, __half, float, (unsigned int)2>(ch_est::puschRxChEstStatDescr_t *, ch_est::puschRxChEstDynDescr_t *)"
9892227980,15616,216523,103,1,1,128,1,1,16,0.000,0.000,,,,,NVIDIA A100-SXM4-40GB MIG 4g.20gb (0),1,,13,cupy_copy__complex64_complex64
9892981220,21375,216533,1434,1,1,128,1,1,16,0.000,0.000,,,,,NVIDIA A100-SXM4-40GB MIG 4g.20gb (0),1,,13,cupy_copy__complex64_complex64
9893551389,15456,216540,103,1,1,128,1,1,16,0.000,0.000,,,,,NVIDIA A100-SXM4-40GB MIG 4g.20gb (0),1,,13,cupy_copy__complex64_complex64
9894213046,259453,216547,1,1,1,32,32,1,30,0.000,0.000,,,,,NVIDIA A100-SXM4-40GB MIG 4g.20gb (0),1,,13,"void convert_kernel<__half2, float2>(tensor_layout_any, T1 *, tensor_layout_any, const T2 *)"
9894503154,6304,216550,,,,,,,,,,0.094,14862.903,Pinned,Device,NVIDIA A100-SXM4-40GB MIG 4g.20gb (0),1,,13,[CUDA memcpy Host-to-Device]
9895254122,57311,216551,,,,,,,,,,35.810,624811.484,Device,,NVIDIA A100-SXM4-40GB MIG 4g.20gb (0),1,,13,[CUDA memset]
9895318057,5344,216553,,,,,,,,,,0.000,14.970,Pinned,Device,NVIDIA A100-SXM4-40GB MIG 4g.20gb (0),1,,13,[CUDA memcpy Host-to-Device]
9895326473,10944,216554,,,,,,,,,,0.197,17964.859,Pinned,Device,NVIDIA A100-SXM4-40GB MIG 4g.20gb (0),1,,13,[CUDA memcpy Host-to-Device]
9896078880,27744,216555,273,1,1,48,1,1,40,0.000,0.001,,,,,NVIDIA A100-SXM4-40GB MIG 4g.20gb (0),1,,13,"void pusch_noise_intf_est::noiseIntfEstNoDftSOfdmKernel<float, __half, float, float, (unsigned int)2, (unsigned int)1, (unsigned char)4, (unsigned char)4>(pusch_noise_intf_est::puschRxNoiseIntfEstDynDescr)"
9896943927,6815,216566,35,1,1,128,1,1,16,0.000,0.000,,,,,NVIDIA A100-SXM4-40GB MIG 4g.20gb (0),1,,13,cupy_copy__complex64_complex64
9897671630,15456,216575,1,1,1,1,1,1,18,0.000,0.000,,,,,NVIDIA A100-SXM4-40GB MIG 4g.20gb (0),1,,13,cupy_copy__float32_float32
9897694830,5088,216581,,,,,,,,,,0.000,0.786,Device,Pageable,NVIDIA A100-SXM4-40GB MIG 4g.20gb (0),1,,7,[CUDA memcpy Device-to-Host]
9898445989,20320,216592,1434,1,1,128,1,1,16,0.000,0.000,,,,,NVIDIA A100-SXM4-40GB MIG 4g.20gb (0),1,,13,cupy_copy__complex64_complex64
9899178845,6016,216599,103,1,1,128,1,1,16,0.000,0.000,,,,,NVIDIA A100-SXM4-40GB MIG 4g.20gb (0),1,,13,cupy_copy__complex64_complex64
9899873909,5344,216606,35,1,1,128,1,1,16,0.000,0.000,,,,,NVIDIA A100-SXM4-40GB MIG 4g.20gb (0),1,,13,cupy_copy__complex64_complex64
9900538798,4288,216613,1,1,1,1,1,1,18,0.000,0.000,,,,,NVIDIA A100-SXM4-40GB MIG 4g.20gb (0),1,,13,cupy_copy__float32_float32
9901349636,219070,216624,1,1,1,32,32,1,30,0.000,0.000,,,,,NVIDIA A100-SXM4-40GB MIG 4g.20gb (0),1,,13,"void convert_kernel<__half2, float2>(tensor_layout_any, T1 *, tensor_layout_any, const T2 *)"
9901599714,6111,216627,,,,,,,,,,0.094,15332.320,Pinned,Device,NVIDIA A100-SXM4-40GB MIG 4g.20gb (0),1,,13,[CUDA memcpy Host-to-Device]
9902465176,16543,216628,,,,,,,,,,1.547,93490.328,Device,,NVIDIA A100-SXM4-40GB MIG 4g.20gb (0),1,,13,[CUDA memset]
9902488407,4512,216633,,,,,,,,,,0.031,6936.164,Pinned,Device,NVIDIA A100-SXM4-40GB MIG 4g.20gb (0),1,,13,[CUDA memcpy Host-to-Device]
9902500983,14656,216634,,,,,,,,,,0.197,13414.760,Pinned,Device,NVIDIA A100-SXM4-40GB MIG 4g.20gb (0),1,,13,[CUDA memcpy Host-to-Device]
9903353070,25055,216635,273,1,1,8,4,1,39,0.002,0.000,,,,,NVIDIA A100-SXM4-40GB MIG 4g.20gb (0),1,,13,"void channel_eq::eqMmseCoefCompLowMimoKernel<float, float, float, (unsigned int)4, (unsigned int)1, (unsigned int)4>(const channel_eq::_puschRxChEqStatDescr *, channel_eq::_puschRxChEqCoefCompDynDescr)"
9904313379,23935,216636,273,1,1,12,11,1,51,0.002,0.000,,,,,NVIDIA A100-SXM4-40GB MIG 4g.20gb (0),1,,13,"void channel_eq::eqMmseSoftDemapKernel<float, __half, __half, float, (unsigned int)4, (unsigned short)16383>(channel_eq::_puschRxChEqStatDescr *, channel_eq::_puschRxChEqSoftDemapDynDescr)"
9905129785,687129,216637,1,1,1,32,32,1,30,0.000,0.000,,,,,NVIDIA A100-SXM4-40GB MIG 4g.20gb (0),1,,13,"void convert_kernel<float2, __half2>(tensor_layout_any, T1 *, tensor_layout_any, const T2 *)"
9906444362,18624,216649,2253,1,1,128,1,1,16,0.000,0.000,,,,,NVIDIA A100-SXM4-40GB MIG 4g.20gb (0),1,,13,cupy_copy__float16_float16
9907184514,17472,216658,282,1,1,128,1,1,16,0.000,0.000,,,,,NVIDIA A100-SXM4-40GB MIG 4g.20gb (0),1,,13,cupy_copy__complex64_complex64
9907904666,5440,216667,26,1,1,128,1,1,16,0.000,0.000,,,,,NVIDIA A100-SXM4-40GB MIG 4g.20gb (0),1,,13,cupy_copy__float32_float32
9908615250,13664,216676,103,1,1,128,1,1,16,0.000,0.000,,,,,NVIDIA A100-SXM4-40GB MIG 4g.20gb (0),1,,13,cupy_copy__complex64_complex64
9909368937,19136,216686,1434,1,1,128,1,1,16,0.000,0.000,,,,,NVIDIA A100-SXM4-40GB MIG 4g.20gb (0),1,,13,cupy_copy__complex64_complex64
9909981666,255933,216691,1,1,1,32,32,1,30,0.000,0.000,,,,,NVIDIA A100-SXM4-40GB MIG 4g.20gb (0),1,,13,"void convert_kernel<__half2, float2>(tensor_layout_any, T1 *, tensor_layout_any, const T2 *)"
9910268767,7008,216694,,,,,,,,,,0.094,13369.857,Pinned,Device,NVIDIA A100-SXM4-40GB MIG 4g.20gb (0),1,,13,[CUDA memcpy Host-to-Device]
9910854424,699160,216695,,,,,,,,,,456.561,652882.859,Device,,NVIDIA A100-SXM4-40GB MIG 4g.20gb (0),1,,13,[CUDA memset]
9911555216,59904,216700,,,,,,,,,,1.235,20614.920,Pinned,Device,NVIDIA A100-SXM4-40GB MIG 4g.20gb (0),1,,13,[CUDA memcpy Host-to-Device]
9911617584,9631,216701,,,,,,,,,,0.197,20414.005,Pinned,Device,NVIDIA A100-SXM4-40GB MIG 4g.20gb (0),1,,13,[CUDA memcpy Host-to-Device]
9912452934,16096,216702,69,4,1,48,1,1,76,0.002,0.000,,,,,NVIDIA A100-SXM4-40GB MIG 4g.20gb (0),1,,13,"void ch_est::windowedChEstPreNoDftSOfdmKernel<float, __half, float, (unsigned int)2, (unsigned int)1, (unsigned short)4>(ch_est::puschRxChEstStatDescr_t *, ch_est::puschRxChEstDynDescr_t *)"
9913079455,15296,216703,137,2,1,24,2,1,44,0.001,0.001,,,,,NVIDIA A100-SXM4-40GB MIG 4g.20gb (0),1,,13,"void ch_est::chEstFilterNoDftSOfdmDispatchKernel<float, __half, float, (unsigned int)2>(ch_est::puschRxChEstStatDescr_t *, ch_est::puschRxChEstDynDescr_t *)"
9913778007,17888,216704,137,2,1,24,2,1,44,0.001,0.001,,,,,NVIDIA A100-SXM4-40GB MIG 4g.20gb (0),1,,13,"void ch_est::chEstFilterNoDftSOfdmDispatchKernel<float, __half, float, (unsigned int)2>(ch_est::puschRxChEstStatDescr_t *, ch_est::puschRxChEstDynDescr_t *)"
9914557006,16320,216715,103,1,1,128,1,1,16,0.000,0.000,,,,,NVIDIA A100-SXM4-40GB MIG 4g.20gb (0),1,,13,cupy_copy__complex64_complex64
9915163303,19840,216725,1434,1,1,128,1,1,16,0.000,0.000,,,,,NVIDIA A100-SXM4-40GB MIG 4g.20gb (0),1,,13,cupy_copy__complex64_complex64
9915690337,4896,216732,103,1,1,128,1,1,16,0.000,0.000,,,,,NVIDIA A100-SXM4-40GB MIG 4g.20gb (0),1,,13,cupy_copy__complex64_complex64
9916238555,251741,216739,1,1,1,32,32,1,30,0.000,0.000,,,,,NVIDIA A100-SXM4-40GB MIG 4g.20gb (0),1,,13,"void convert_kernel<__half2, float2>(tensor_layout_any, T1 *, tensor_layout_any, const T2 *)"
9916521144,6368,216742,,,,,,,,,,0.094,14713.551,Pinned,Device,NVIDIA A100-SXM4-40GB MIG 4g.20gb (0),1,,13,[CUDA memcpy Host-to-Device]
9917015378,55999,216743,,,,,,,,,,35.810,639457.741,Device,,NVIDIA A100-SXM4-40GB MIG 4g.20gb (0),1,,13,[CUDA memset]
9917076145,6752,216745,,,,,,,,,,0.000,11.848,Pinned,Device,NVIDIA A100-SXM4-40GB MIG 4g.20gb (0),1,,13,[CUDA memcpy Host-to-Device]
9917085361,11328,216746,,,,,,,,,,0.197,17355.768,Pinned,Device,NVIDIA A100-SXM4-40GB MIG 4g.20gb (0),1,,13,[CUDA memcpy Host-to-Device]
9917846601,25407,216747,273,1,1,48,1,1,40,0.000,0.001,,,,,NVIDIA A100-SXM4-40GB MIG 4g.20gb (0),1,,13,"void pusch_noise_intf_est::noiseIntfEstNoDftSOfdmKernel<float, __half, float, float, (unsigned int)2, (unsigned int)1, (unsigned char)4, (unsigned char)4>(pusch_noise_intf_est::puschRxNoiseIntfEstDynDescr)"
9918713855,7616,216758,35,1,1,128,1,1,16,0.000,0.000,,,,,NVIDIA A100-SXM4-40GB MIG 4g.20gb (0),1,,13,cupy_copy__complex64_complex64
9919420343,3520,216767,1,1,1,1,1,1,18,0.000,0.000,,,,,NVIDIA A100-SXM4-40GB MIG 4g.20gb (0),1,,13,cupy_copy__float32_float32
9919432343,1920,216773,,,,,,,,,,0.000,2.083,Device,Pageable,NVIDIA A100-SXM4-40GB MIG 4g.20gb (0),1,,7,[CUDA memcpy Device-to-Host]
9920318349,18495,216784,1434,1,1,128,1,1,16,0.000,0.000,,,,,NVIDIA A100-SXM4-40GB MIG 4g.20gb (0),1,,13,cupy_copy__complex64_complex64
9921030884,4704,216791,103,1,1,128,1,1,16,0.000,0.000,,,,,NVIDIA A100-SXM4-40GB MIG 4g.20gb (0),1,,13,cupy_copy__complex64_complex64
9921669085,20832,216798,35,1,1,128,1,1,16,0.000,0.000,,,,,NVIDIA A100-SXM4-40GB MIG 4g.20gb (0),1,,13,cupy_copy__complex64_complex64
9922423381,12383,216805,1,1,1,1,1,1,18,0.000,0.000,,,,,NVIDIA A100-SXM4-40GB MIG 4g.20gb (0),1,,13,cupy_copy__float32_float32
9922987246,265725,216816,1,1,1,32,32,1,30,0.000,0.000,,,,,NVIDIA A100-SXM4-40GB MIG 4g.20gb (0),1,,13,"void convert_kernel<__half2, float2>(tensor_layout_any, T1 *, tensor_layout_any, const T2 *)"
9923284651,5920,216819,,,,,,,,,,0.094,15826.941,Pinned,Device,NVIDIA A100-SXM4-40GB MIG 4g.20gb (0),1,,13,[CUDA memcpy Host-to-Device]
9923954787,8800,216820,,,,,,,,,,1.547,175752.165,Device,,NVIDIA A100-SXM4-40GB MIG 4g.20gb (0),1,,13,[CUDA memset]
9923967171,7008,216825,,,,,,,,,,0.031,4465.751,Pinned,Device,NVIDIA A100-SXM4-40GB MIG 4g.20gb (0),1,,13,[CUDA memcpy Host-to-Device]
9923980099,13856,216826,,,,,,,,,,0.197,14189.199,Pinned,Device,NVIDIA A100-SXM4-40GB MIG 4g.20gb (0),1,,13,[CUDA memcpy Host-to-Device]
9924783098,18240,216827,273,1,1,8,4,1,39,0.002,0.000,,,,,NVIDIA A100-SXM4-40GB MIG 4g.20gb (0),1,,13,"void channel_eq::eqMmseCoefCompLowMimoKernel<float, float, float, (unsigned int)4, (unsigned int)1, (unsigned int)4>(const channel_eq::_puschRxChEqStatDescr *, channel_eq::_puschRxChEqCoefCompDynDescr)"
9925662064,21887,216828,273,1,1,12,11,1,51,0.002,0.000,,,,,NVIDIA A100-SXM4-40GB MIG 4g.20gb (0),1,,13,"void channel_eq::eqMmseSoftDemapKernel<float, __half, __half, float, (unsigned int)4, (unsigned short)16383>(channel_eq::_puschRxChEqStatDescr *, channel_eq::_puschRxChEqSoftDemapDynDescr)"
9926548518,683384,216829,1,1,1,32,32,1,30,0.000,0.000,,,,,NVIDIA A100-SXM4-40GB MIG 4g.20gb (0),1,,13,"void convert_kernel<float2, __half2>(tensor_layout_any, T1 *, tensor_layout_any, const T2 *)"
9928063732,17760,216841,2253,1,1,128,1,1,16,0.000,0.000,,,,,NVIDIA A100-SXM4-40GB MIG 4g.20gb (0),1,,13,cupy_copy__float16_float16
9928796300,5472,216850,282,1,1,128,1,1,16,0.000,0.000,,,,,NVIDIA A100-SXM4-40GB MIG 4g.20gb (0),1,,13,cupy_copy__complex64_complex64
9929433605,3904,216859,26,1,1,128,1,1,16,0.000,0.000,,,,,NVIDIA A100-SXM4-40GB MIG 4g.20gb (0),1,,13,cupy_copy__float32_float32
9930083933,20384,216868,103,1,1,128,1,1,16,0.000,0.000,,,,,NVIDIA A100-SXM4-40GB MIG 4g.20gb (0),1,,13,cupy_copy__complex64_complex64
9930963667,26432,216878,1434,1,1,128,1,1,16,0.000,0.000,,,,,NVIDIA A100-SXM4-40GB MIG 4g.20gb (0),1,,13,cupy_copy__complex64_complex64
9931790730,255485,216883,1,1,1,32,32,1,30,0.000,0.000,,,,,NVIDIA A100-SXM4-40GB MIG 4g.20gb (0),1,,13,"void convert_kernel<__half2, float2>(tensor_layout_any, T1 *, tensor_layout_any, const T2 *)"
9932077255,5568,216886,,,,,,,,,,0.094,16827.521,Pinned,Device,NVIDIA A100-SXM4-40GB MIG 4g.20gb (0),1,,13,[CUDA memcpy Host-to-Device]
9932604065,613209,216887,,,,,,,,,,456.561,744195.147,Device,,NVIDIA A100-SXM4-40GB MIG 4g.20gb (0),1,,13,[CUDA memset]
9933224442,62015,216892,,,,,,,,,,1.235,19913.472,Pinned,Device,NVIDIA A100-SXM4-40GB MIG 4g.20gb (0),1,,13,[CUDA memcpy Host-to-Device]
9933288889,9792,216893,,,,,,,,,,0.197,20078.395,Pinned,Device,NVIDIA A100-SXM4-40GB MIG 4g.20gb (0),1,,13,[CUDA memcpy Host-to-Device]
9934039856,12960,216894,69,4,1,48,1,1,76,0.002,0.000,,,,,NVIDIA A100-SXM4-40GB MIG 4g.20gb (0),1,,13,"void ch_est::windowedChEstPreNoDftSOfdmKernel<float, __half, float, (unsigned int)2, (unsigned int)1, (unsigned short)4>(ch_est::puschRxChEstStatDescr_t *, ch_est::puschRxChEstDynDescr_t *)"
9934858343,11328,216895,137,2,1,24,2,1,44,0.001,0.001,,,,,NVIDIA A100-SXM4-40GB MIG 4g.20gb (0),1,,13,"void ch_est::chEstFilterNoDftSOfdmDispatchKernel<float, __half, float, (unsigned int)2>(ch_est::puschRxChEstStatDescr_t *, ch_est::puschRxChEstDynDescr_t *)"
9935624094,26080,216896,137,2,1,24,2,1,44,0.001,0.001,,,,,NVIDIA A100-SXM4-40GB MIG 4g.20gb (0),1,,13,"void ch_est::chEstFilterNoDftSOfdmDispatchKernel<float, __half, float, (unsigned int)2>(ch_est::puschRxChEstStatDescr_t *, ch_est::puschRxChEstDynDescr_t *)"
9936309207,16703,216907,103,1,1,128,1,1,16,0.000,0.000,,,,,NVIDIA A100-SXM4-40GB MIG 4g.20gb (0),1,,13,cupy_copy__complex64_complex64
9936912304,22687,216917,1434,1,1,128,1,1,16,0.000,0.000,,,,,NVIDIA A100-SXM4-40GB MIG 4g.20gb (0),1,,13,cupy_copy__complex64_complex64
9937450602,7103,216924,103,1,1,128,1,1,16,0.000,0.000,,,,,NVIDIA A100-SXM4-40GB MIG 4g.20gb (0),1,,13,cupy_copy__complex64_complex64
9938088706,258205,216931,1,1,1,32,32,1,30,0.000,0.000,,,,,NVIDIA A100-SXM4-40GB MIG 4g.20gb (0),1,,13,"void convert_kernel<__half2, float2>(tensor_layout_any, T1 *, tensor_layout_any, const T2 *)"
9938377343,5600,216934,,,,,,,,,,0.094,16731.388,Pinned,Device,NVIDIA A100-SXM4-40GB MIG 4g.20gb (0),1,,13,[CUDA memcpy Host-to-Device]
9938866809,56064,216935,,,,,,,,,,35.810,638705.733,Device,,NVIDIA A100-SXM4-40GB MIG 4g.20gb (0),1,,13,[CUDA memset]
9938929497,3008,216937,,,,,,,,,,0.000,26.596,Pinned,Device,NVIDIA A100-SXM4-40GB MIG 4g.20gb (0),1,,13,[CUDA memcpy Host-to-Device]
9938938585,10432,216938,,,,,,,,,,0.197,18846.450,Pinned,Device,NVIDIA A100-SXM4-40GB MIG 4g.20gb (0),1,,13,[CUDA memcpy Host-to-Device]
9939818159,26207,216939,273,1,1,48,1,1,40,0.000,0.001,,,,,NVIDIA A100-SXM4-40GB MIG 4g.20gb (0),1,,13,"void pusch_noise_intf_est::noiseIntfEstNoDftSOfdmKernel<float, __half, float, float, (unsigned int)2, (unsigned int)1, (unsigned char)4, (unsigned char)4>(pusch_noise_intf_est::puschRxNoiseIntfEstDynDescr)"
9940796611,6816,216950,35,1,1,128,1,1,16,0.000,0.000,,,,,NVIDIA A100-SXM4-40GB MIG 4g.20gb (0),1,,13,cupy_copy__complex64_complex64
9941434684,4864,216959,1,1,1,1,1,1,18,0.000,0.000,,,,,NVIDIA A100-SXM4-40GB MIG 4g.20gb (0),1,,13,cupy_copy__float32_float32
9941442364,4800,216965,,,,,,,,,,0.000,0.833,Device,Pageable,NVIDIA A100-SXM4-40GB MIG 4g.20gb (0),1,,7,[CUDA memcpy Device-to-Host]
9942367282,19743,216976,1434,1,1,128,1,1,16,0.000,0.000,,,,,NVIDIA A100-SXM4-40GB MIG 4g.20gb (0),1,,13,cupy_copy__complex64_complex64
9943155721,5664,216983,103,1,1,128,1,1,16,0.000,0.000,,,,,NVIDIA A100-SXM4-40GB MIG 4g.20gb (0),1,,13,cupy_copy__complex64_complex64
9943755618,5888,216990,35,1,1,128,1,1,16,0.000,0.000,,,,,NVIDIA A100-SXM4-40GB MIG 4g.20gb (0),1,,13,cupy_copy__complex64_complex64
9944463162,6944,216997,1,1,1,1,1,1,18,0.000,0.000,,,,,NVIDIA A100-SXM4-40GB MIG 4g.20gb (0),1,,13,cupy_copy__float32_float32
9945333648,255421,217008,1,1,1,32,32,1,30,0.000,0.000,,,,,NVIDIA A100-SXM4-40GB MIG 4g.20gb (0),1,,13,"void convert_kernel<__half2, float2>(tensor_layout_any, T1 *, tensor_layout_any, const T2 *)"
9945619789,5728,217011,,,,,,,,,,0.094,16357.541,Pinned,Device,NVIDIA A100-SXM4-40GB MIG 4g.20gb (0),1,,13,[CUDA memcpy Host-to-Device]
9946342244,9216,217012,,,,,,,,,,1.547,167817.984,Device,,NVIDIA A100-SXM4-40GB MIG 4g.20gb (0),1,,13,[CUDA memset]
9946355940,3424,217017,,,,,,,,,,0.031,9140.185,Pinned,Device,NVIDIA A100-SXM4-40GB MIG 4g.20gb (0),1,,13,[CUDA memcpy Host-to-Device]
9946364420,13248,217018,,,,,,,,,,0.197,14840.562,Pinned,Device,NVIDIA A100-SXM4-40GB MIG 4g.20gb (0),1,,13,[CUDA memcpy Host-to-Device]
9947291002,15103,217019,273,1,1,8,4,1,39,0.002,0.000,,,,,NVIDIA A100-SXM4-40GB MIG 4g.20gb (0),1,,13,"void channel_eq::eqMmseCoefCompLowMimoKernel<float, float, float, (unsigned int)4, (unsigned int)1, (unsigned int)4>(const channel_eq::_puschRxChEqStatDescr *, channel_eq::_puschRxChEqCoefCompDynDescr)"
9948162864,23647,217020,273,1,1,12,11,1,51,0.002,0.000,,,,,NVIDIA A100-SXM4-40GB MIG 4g.20gb (0),1,,13,"void channel_eq::eqMmseSoftDemapKernel<float, __half, __half, float, (unsigned int)4, (unsigned short)16383>(channel_eq::_puschRxChEqStatDescr *, channel_eq::_puschRxChEqSoftDemapDynDescr)"
9949011494,695640,217021,1,1,1,32,32,1,30,0.000,0.000,,,,,NVIDIA A100-SXM4-40GB MIG 4g.20gb (0),1,,13,"void convert_kernel<float2, __half2>(tensor_layout_any, T1 *, tensor_layout_any, const T2 *)"
9950347575,17984,217033,2253,1,1,128,1,1,16,0.000,0.000,,,,,NVIDIA A100-SXM4-40GB MIG 4g.20gb (0),1,,13,cupy_copy__float16_float16
9950990128,6271,217042,282,1,1,128,1,1,16,0.000,0.000,,,,,NVIDIA A100-SXM4-40GB MIG 4g.20gb (0),1,,13,cupy_copy__complex64_complex64
9951757799,5280,217051,26,1,1,128,1,1,16,0.000,0.000,,,,,NVIDIA A100-SXM4-40GB MIG 4g.20gb (0),1,,13,cupy_copy__float32_float32
9952479935,16959,217060,103,1,1,128,1,1,16,0.000,0.000,,,,,NVIDIA A100-SXM4-40GB MIG 4g.20gb (0),1,,13,cupy_copy__complex64_complex64
9953253750,19040,217070,1434,1,1,128,1,1,16,0.000,0.000,,,,,NVIDIA A100-SXM4-40GB MIG 4g.20gb (0),1,,13,cupy_copy__complex64_complex64
9953783216,239005,217075,1,1,1,32,32,1,30,0.000,0.000,,,,,NVIDIA A100-SXM4-40GB MIG 4g.20gb (0),1,,13,"void convert_kernel<__half2, float2>(tensor_layout_any, T1 *, tensor_layout_any, const T2 *)"
9954055693,5472,217078,,,,,,,,,,0.094,17122.757,Pinned,Device,NVIDIA A100-SXM4-40GB MIG 4g.20gb (0),1,,13,[CUDA memcpy Host-to-Device]
9954554471,702872,217079,,,,,,,,,,456.561,649230.368,Device,,NVIDIA A100-SXM4-40GB MIG 4g.20gb (0),1,,13,[CUDA memset]
9955260479,67455,217084,,,,,,,,,,1.235,18306.810,Pinned,Device,NVIDIA A100-SXM4-40GB MIG 4g.20gb (0),1,,13,[CUDA memcpy Host-to-Device]
9955330430,10400,217085,,,,,,,,,,0.197,18904.449,Pinned,Device,NVIDIA A100-SXM4-40GB MIG 4g.20gb (0),1,,13,[CUDA memcpy Host-to-Device]
9956008086,15872,217086,69,4,1,48,1,1,76,0.002,0.000,,,,,NVIDIA A100-SXM4-40GB MIG 4g.20gb (0),1,,13,"void ch_est::windowedChEstPreNoDftSOfdmKernel<float, __half, float, (unsigned int)2, (unsigned int)1, (unsigned short)4>(ch_est::puschRxChEstStatDescr_t *, ch_est::puschRxChEstDynDescr_t *)"
9956576144,26400,217087,137,2,1,24,2,1,44,0.001,0.001,,,,,NVIDIA A100-SXM4-40GB MIG 4g.20gb (0),1,,13,"void ch_est::chEstFilterNoDftSOfdmDispatchKernel<float, __half, float, (unsigned int)2>(ch_est::puschRxChEstStatDescr_t *, ch_est::puschRxChEstDynDescr_t *)"
9957369095,15872,217088,137,2,1,24,2,1,44,0.001,0.001,,,,,NVIDIA A100-SXM4-40GB MIG 4g.20gb (0),1,,13,"void ch_est::chEstFilterNoDftSOfdmDispatchKernel<float, __half, float, (unsigned int)2>(ch_est::puschRxChEstStatDescr_t *, ch_est::puschRxChEstDynDescr_t *)"
9958154590,15104,217099,103,1,1,128,1,1,16,0.000,0.000,,,,,NVIDIA A100-SXM4-40GB MIG 4g.20gb (0),1,,13,cupy_copy__complex64_complex64
9958918229,20608,217109,1434,1,1,128,1,1,16,0.000,0.000,,,,,NVIDIA A100-SXM4-40GB MIG 4g.20gb (0),1,,13,cupy_copy__complex64_complex64
9959720044,6752,217116,103,1,1,128,1,1,16,0.000,0.000,,,,,NVIDIA A100-SXM4-40GB MIG 4g.20gb (0),1,,13,cupy_copy__complex64_complex64
9960321861,255933,217123,1,1,1,32,32,1,30,0.000,0.000,,,,,NVIDIA A100-SXM4-40GB MIG 4g.20gb (0),1,,13,"void convert_kernel<__half2, float2>(tensor_layout_any, T1 *, tensor_layout_any, const T2 *)"
9960608802,5664,217126,,,,,,,,,,0.094,16542.310,Pinned,Device,NVIDIA A100-SXM4-40GB MIG 4g.20gb (0),1,,13,[CUDA memcpy Host-to-Device]
9961275066,53984,217127,,,,,,,,,,35.810,663342.958,Device,,NVIDIA A100-SXM4-40GB MIG 4g.20gb (0),1,,13,[CUDA memset]
9961334586,4992,217129,,,,,,,,,,0.000,16.026,Pinned,Device,NVIDIA A100-SXM4-40GB MIG 4g.20gb (0),1,,13,[CUDA memcpy Host-to-Device]
9961342266,17120,217130,,,,,,,,,,0.197,11484.070,Pinned,Device,NVIDIA A100-SXM4-40GB MIG 4g.20gb (0),1,,13,[CUDA memcpy Host-to-Device]
9962260271,19136,217131,273,1,1,48,1,1,40,0.000,0.001,,,,,NVIDIA A100-SXM4-40GB MIG 4g.20gb (0),1,,13,"void pusch_noise_intf_est::noiseIntfEstNoDftSOfdmKernel<float, __half, float, float, (unsigned int)2, (unsigned int)1, (unsigned char)4, (unsigned char)4>(pusch_noise_intf_est::puschRxNoiseIntfEstDynDescr)"
9963189797,5952,217142,35,1,1,128,1,1,16,0.000,0.000,,,,,NVIDIA A100-SXM4-40GB MIG 4g.20gb (0),1,,13,cupy_copy__complex64_complex64
9964011835,4384,217151,1,1,1,1,1,1,18,0.000,0.000,,,,,NVIDIA A100-SXM4-40GB MIG 4g.20gb (0),1,,13,cupy_copy__float32_float32
9964021243,5120,217157,,,,,,,,,,0.000,0.781,Device,Pageable,NVIDIA A100-SXM4-40GB MIG 4g.20gb (0),1,,7,[CUDA memcpy Device-to-Host]
9964948209,20703,217168,1434,1,1,128,1,1,16,0.000,0.000,,,,,NVIDIA A100-SXM4-40GB MIG 4g.20gb (0),1,,13,cupy_copy__complex64_complex64
9965681352,7680,217175,103,1,1,128,1,1,16,0.000,0.000,,,,,NVIDIA A100-SXM4-40GB MIG 4g.20gb (0),1,,13,cupy_copy__complex64_complex64
9966487295,4608,217182,35,1,1,128,1,1,16,0.000,0.000,,,,,NVIDIA A100-SXM4-40GB MIG 4g.20gb (0),1,,13,cupy_copy__complex64_complex64
9967443124,3808,217189,1,1,1,1,1,1,18,0.000,0.000,,,,,NVIDIA A100-SXM4-40GB MIG 4g.20gb (0),1,,13,cupy_copy__float32_float32
9968376074,248317,217200,1,1,1,32,32,1,30,0.000,0.000,,,,,NVIDIA A100-SXM4-40GB MIG 4g.20gb (0),1,,13,"void convert_kernel<__half2, float2>(tensor_layout_any, T1 *, tensor_layout_any, const T2 *)"
9968655078,6208,217203,,,,,,,,,,0.094,15092.739,Pinned,Device,NVIDIA A100-SXM4-40GB MIG 4g.20gb (0),1,,13,[CUDA memcpy Host-to-Device]
9969443102,16063,217204,,,,,,,,,,1.547,96283.530,Device,,NVIDIA A100-SXM4-40GB MIG 4g.20gb (0),1,,13,[CUDA memset]
9969461629,3296,217209,,,,,,,,,,0.031,9495.144,Pinned,Device,NVIDIA A100-SXM4-40GB MIG 4g.20gb (0),1,,13,[CUDA memcpy Host-to-Device]
9969471549,14240,217210,,,,,,,,,,0.197,13806.600,Pinned,Device,NVIDIA A100-SXM4-40GB MIG 4g.20gb (0),1,,13,[CUDA memcpy Host-to-Device]
9970325427,25632,217211,273,1,1,8,4,1,39,0.002,0.000,,,,,NVIDIA A100-SXM4-40GB MIG 4g.20gb (0),1,,13,"void channel_eq::eqMmseCoefCompLowMimoKernel<float, float, float, (unsigned int)4, (unsigned int)1, (unsigned int)4>(const channel_eq::_puschRxChEqStatDescr *, channel_eq::_puschRxChEqCoefCompDynDescr)"
9970964748,19296,217212,273,1,1,12,11,1,51,0.002,0.000,,,,,NVIDIA A100-SXM4-40GB MIG 4g.20gb (0),1,,13,"void channel_eq::eqMmseSoftDemapKernel<float, __half, __half, float, (unsigned int)4, (unsigned short)16383>(channel_eq::_puschRxChEqStatDescr *, channel_eq::_puschRxChEqSoftDemapDynDescr)"
9971740995,697368,217213,1,1,1,32,32,1,30,0.000,0.000,,,,,NVIDIA A100-SXM4-40GB MIG 4g.20gb (0),1,,13,"void convert_kernel<float2, __half2>(tensor_layout_any, T1 *, tensor_layout_any, const T2 *)"
9972860055,17855,217225,2253,1,1,128,1,1,16,0.000,0.000,,,,,NVIDIA A100-SXM4-40GB MIG 4g.20gb (0),1,,13,cupy_copy__float16_float16
9973479344,15903,217234,282,1,1,128,1,1,16,0.000,0.000,,,,,NVIDIA A100-SXM4-40GB MIG 4g.20gb (0),1,,13,cupy_copy__complex64_complex64
9974123688,8768,217243,26,1,1,128,1,1,16,0.000,0.000,,,,,NVIDIA A100-SXM4-40GB MIG 4g.20gb (0),1,,13,cupy_copy__float32_float32
9974839168,5248,217252,103,1,1,128,1,1,16,0.000,0.000,,,,,NVIDIA A100-SXM4-40GB MIG 4g.20gb (0),1,,13,cupy_copy__complex64_complex64
9975696790,19200,217262,1434,1,1,128,1,1,16,0.000,0.000,,,,,NVIDIA A100-SXM4-40GB MIG 4g.20gb (0),1,,13,cupy_copy__complex64_complex64
9976223120,219710,217267,1,1,1,32,32,1,30,0.000,0.000,,,,,NVIDIA A100-SXM4-40GB MIG 4g.20gb (0),1,,13,"void convert_kernel<__half2, float2>(tensor_layout_any, T1 *, tensor_layout_any, const T2 *)"
9976474062,5759,217270,,,,,,,,,,0.094,16269.467,Pinned,Device,NVIDIA A100-SXM4-40GB MIG 4g.20gb (0),1,,13,[CUDA memcpy Host-to-Device]
9977174950,706104,217271,,,,,,,,,,456.561,646490.999,Device,,NVIDIA A100-SXM4-40GB MIG 4g.20gb (0),1,,13,[CUDA memset]
9977888317,65440,217276,,,,,,,,,,1.235,18871.179,Pinned,Device,NVIDIA A100-SXM4-40GB MIG 4g.20gb (0),1,,13,[CUDA memcpy Host-to-Device]
9977956381,9792,217277,,,,,,,,,,0.197,20078.395,Pinned,Device,NVIDIA A100-SXM4-40GB MIG 4g.20gb (0),1,,13,[CUDA memcpy Host-to-Device]
9978638997,15904,217278,69,4,1,48,1,1,76,0.002,0.000,,,,,NVIDIA A100-SXM4-40GB MIG 4g.20gb (0),1,,13,"void ch_est::windowedChEstPreNoDftSOfdmKernel<float, __half, float, (unsigned int)2, (unsigned int)1, (unsigned short)4>(ch_est::puschRxChEstStatDescr_t *, ch_est::puschRxChEstDynDescr_t *)"
9979356909,26623,217279,137,2,1,24,2,1,44,0.001,0.001,,,,,NVIDIA A100-SXM4-40GB MIG 4g.20gb (0),1,,13,"void ch_est::chEstFilterNoDftSOfdmDispatchKernel<float, __half, float, (unsigned int)2>(ch_est::puschRxChEstStatDescr_t *, ch_est::puschRxChEstDynDescr_t *)"
9980308386,12000,217280,137,2,1,24,2,1,44,0.001,0.001,,,,,NVIDIA A100-SXM4-40GB MIG 4g.20gb (0),1,,13,"void ch_est::chEstFilterNoDftSOfdmDispatchKernel<float, __half, float, (unsigned int)2>(ch_est::puschRxChEstStatDescr_t *, ch_est::puschRxChEstDynDescr_t *)"
9981072505,15968,217291,103,1,1,128,1,1,16,0.000,0.000,,,,,NVIDIA A100-SXM4-40GB MIG 4g.20gb (0),1,,13,cupy_copy__complex64_complex64
9981994479,18047,217301,1434,1,1,128,1,1,16,0.000,0.000,,,,,NVIDIA A100-SXM4-40GB MIG 4g.20gb (0),1,,13,cupy_copy__complex64_complex64
9982829285,6368,217308,103,1,1,128,1,1,16,0.000,0.000,,,,,NVIDIA A100-SXM4-40GB MIG 4g.20gb (0),1,,13,cupy_copy__complex64_complex64
9983535517,261213,217315,1,1,1,32,32,1,30,0.000,0.000,,,,,NVIDIA A100-SXM4-40GB MIG 4g.20gb (0),1,,13,"void convert_kernel<__half2, float2>(tensor_layout_any, T1 *, tensor_layout_any, const T2 *)"
9983826202,6016,217318,,,,,,,,,,0.094,15574.430,Pinned,Device,NVIDIA A100-SXM4-40GB MIG 4g.20gb (0),1,,13,[CUDA memcpy Host-to-Device]
9984596049,74943,217319,,,,,,,,,,35.810,477811.763,Device,,NVIDIA A100-SXM4-40GB MIG 4g.20gb (0),1,,13,[CUDA memset]
9984676784,2080,217321,,,,,,,,,,0.000,38.462,Pinned,Device,NVIDIA A100-SXM4-40GB MIG 4g.20gb (0),1,,13,[CUDA memcpy Host-to-Device]
9984684624,15904,217322,,,,,,,,,,0.197,12362.121,Pinned,Device,NVIDIA A100-SXM4-40GB MIG 4g.20gb (0),1,,13,[CUDA memcpy Host-to-Device]
9985504615,18656,217323,273,1,1,48,1,1,40,0.000,0.001,,,,,NVIDIA A100-SXM4-40GB MIG 4g.20gb (0),1,,13,"void pusch_noise_intf_est::noiseIntfEstNoDftSOfdmKernel<float, __half, float, float, (unsigned int)2, (unsigned int)1, (unsigned char)4, (unsigned char)4>(pusch_noise_intf_est::puschRxNoiseIntfEstDynDescr)"
9986549627,6720,217334,35,1,1,128,1,1,16,0.000,0.000,,,,,NVIDIA A100-SXM4-40GB MIG 4g.20gb (0),1,,13,cupy_copy__complex64_complex64
9987475248,3776,217343,1,1,1,1,1,1,18,0.000,0.000,,,,,NVIDIA A100-SXM4-40GB MIG 4g.20gb (0),1,,13,cupy_copy__float32_float32
9987484560,5216,217349,,,,,,,,,,0.000,0.767,Device,Pageable,NVIDIA A100-SXM4-40GB MIG 4g.20gb (0),1,,7,[CUDA memcpy Device-to-Host]
9988518468,17024,217360,1434,1,1,128,1,1,16,0.000,0.000,,,,,NVIDIA A100-SXM4-40GB MIG 4g.20gb (0),1,,13,cupy_copy__complex64_complex64
9989470138,6432,217367,103,1,1,128,1,1,16,0.000,0.000,,,,,NVIDIA A100-SXM4-40GB MIG 4g.20gb (0),1,,13,cupy_copy__complex64_complex64
9990414095,5056,217374,35,1,1,128,1,1,16,0.000,0.000,,,,,NVIDIA A100-SXM4-40GB MIG 4g.20gb (0),1,,13,cupy_copy__complex64_complex64
9991244485,4128,217381,1,1,1,1,1,1,18,0.000,0.000,,,,,NVIDIA A100-SXM4-40GB MIG 4g.20gb (0),1,,13,cupy_copy__float32_float32
9992051996,256445,217392,1,1,1,32,32,1,30,0.000,0.000,,,,,NVIDIA A100-SXM4-40GB MIG 4g.20gb (0),1,,13,"void convert_kernel<__half2, float2>(tensor_layout_any, T1 *, tensor_layout_any, const T2 *)"
9992340281,5504,217395,,,,,,,,,,0.094,17023.251,Pinned,Device,NVIDIA A100-SXM4-40GB MIG 4g.20gb (0),1,,13,[CUDA memcpy Host-to-Device]
9992931058,6208,217396,,,,,,,,,,1.547,249133.287,Device,,NVIDIA A100-SXM4-40GB MIG 4g.20gb (0),1,,13,[CUDA memset]
9992945490,3648,217401,,,,,,,,,,0.031,8578.922,Pinned,Device,NVIDIA A100-SXM4-40GB MIG 4g.20gb (0),1,,13,[CUDA memcpy Host-to-Device]
9992954130,10368,217402,,,,,,,,,,0.197,18962.842,Pinned,Device,NVIDIA A100-SXM4-40GB MIG 4g.20gb (0),1,,13,[CUDA memcpy Host-to-Device]
9993587563,17664,217403,273,1,1,8,4,1,39,0.002,0.000,,,,,NVIDIA A100-SXM4-40GB MIG 4g.20gb (0),1,,13,"void channel_eq::eqMmseCoefCompLowMimoKernel<float, float, float, (unsigned int)4, (unsigned int)1, (unsigned int)4>(const channel_eq::_puschRxChEqStatDescr *, channel_eq::_puschRxChEqCoefCompDynDescr)"
9994236451,23264,217404,273,1,1,12,11,1,51,0.002,0.000,,,,,NVIDIA A100-SXM4-40GB MIG 4g.20gb (0),1,,13,"void channel_eq::eqMmseSoftDemapKernel<float, __half, __half, float, (unsigned int)4, (unsigned short)16383>(channel_eq::_puschRxChEqStatDescr *, channel_eq::_puschRxChEqSoftDemapDynDescr)"
9994854268,664569,217405,1,1,1,32,32,1,30,0.000,0.000,,,,,NVIDIA A100-SXM4-40GB MIG 4g.20gb (0),1,,13,"void convert_kernel<float2, __half2>(tensor_layout_any, T1 *, tensor_layout_any, const T2 *)"
9996140302,18048,217417,2253,1,1,128,1,1,16,0.000,0.000,,,,,NVIDIA A100-SXM4-40GB MIG 4g.20gb (0),1,,13,cupy_copy__float16_float16
9996693447,16160,217426,282,1,1,128,1,1,16,0.000,0.000,,,,,NVIDIA A100-SXM4-40GB MIG 4g.20gb (0),1,,13,cupy_copy__complex64_complex64
9997340544,14592,217435,26,1,1,128,1,1,16,0.000,0.000,,,,,NVIDIA A100-SXM4-40GB MIG 4g.20gb (0),1,,13,cupy_copy__float32_float32
9997998393,8383,217444,103,1,1,128,1,1,16,0.000,0.000,,,,,NVIDIA A100-SXM4-40GB MIG 4g.20gb (0),1,,13,cupy_copy__complex64_complex64
9998603794,21727,217460,1434,1,1,128,1,1,16,0.000,0.000,,,,,NVIDIA A100-SXM4-40GB MIG 4g.20gb (0),1,,13,cupy_copy__complex64_complex64
9999234443,260029,217465,1,1,1,32,32,1,30,0.000,0.000,,,,,NVIDIA A100-SXM4-40GB MIG 4g.20gb (0),1,,13,"void convert_kernel<__half2, float2>(tensor_layout_any, T1 *, tensor_layout_any, const T2 *)"
9999524199,5472,217468,,,,,,,,,,0.094,17122.757,Pinned,Device,NVIDIA A100-SXM4-40GB MIG 4g.20gb (0),1,,13,[CUDA memcpy Host-to-Device]
10000086977,618009,217469,,,,,,,,,,456.561,738716.410,Device,,NVIDIA A100-SXM4-40GB MIG 4g.20gb (0),1,,13,[CUDA memset]
10000707258,67999,217474,,,,,,,,,,1.235,18161.086,Pinned,Device,NVIDIA A100-SXM4-40GB MIG 4g.20gb (0),1,,13,[CUDA memcpy Host-to-Device]
10000777753,10464,217475,,,,,,,,,,0.197,18788.844,Pinned,Device,NVIDIA A100-SXM4-40GB MIG 4g.20gb (0),1,,13,[CUDA memcpy Host-to-Device]
10001552368,23552,217476,69,4,1,48,1,1,76,0.002,0.000,,,,,NVIDIA A100-SXM4-40GB MIG 4g.20gb (0),1,,13,"void ch_est::windowedChEstPreNoDftSOfdmKernel<float, __half, float, (unsigned int)2, (unsigned int)1, (unsigned short)4>(ch_est::puschRxChEstStatDescr_t *, ch_est::puschRxChEstDynDescr_t *)"
10002198761,25983,217477,137,2,1,24,2,1,44,0.001,0.001,,,,,NVIDIA A100-SXM4-40GB MIG 4g.20gb (0),1,,13,"void ch_est::chEstFilterNoDftSOfdmDispatchKernel<float, __half, float, (unsigned int)2>(ch_est::puschRxChEstStatDescr_t *, ch_est::puschRxChEstDynDescr_t *)"
10002894657,12960,217478,137,2,1,24,2,1,44,0.001,0.001,,,,,NVIDIA A100-SXM4-40GB MIG 4g.20gb (0),1,,13,"void ch_est::chEstFilterNoDftSOfdmDispatchKernel<float, __half, float, (unsigned int)2>(ch_est::puschRxChEstStatDescr_t *, ch_est::puschRxChEstDynDescr_t *)"
10003597081,8512,217489,103,1,1,128,1,1,16,0.000,0.000,,,,,NVIDIA A100-SXM4-40GB MIG 4g.20gb (0),1,,13,cupy_copy__complex64_complex64
10004356048,20224,217499,1434,1,1,128,1,1,16,0.000,0.000,,,,,NVIDIA A100-SXM4-40GB MIG 4g.20gb (0),1,,13,cupy_copy__complex64_complex64
10005085864,11072,217506,103,1,1,128,1,1,16,0.000,0.000,,,,,NVIDIA A100-SXM4-40GB MIG 4g.20gb (0),1,,13,cupy_copy__complex64_complex64
10005823104,256477,217513,1,1,1,32,32,1,30,0.000,0.000,,,,,NVIDIA A100-SXM4-40GB MIG 4g.20gb (0),1,,13,"void convert_kernel<__half2, float2>(tensor_layout_any, T1 *, tensor_layout_any, const T2 *)"
10006114684,6752,217516,,,,,,,,,,0.094,13876.752,Pinned,Device,NVIDIA A100-SXM4-40GB MIG 4g.20gb (0),1,,13,[CUDA memcpy Host-to-Device]
10006826900,55487,217517,,,,,,,,,,35.810,645366.378,Device,,NVIDIA A100-SXM4-40GB MIG 4g.20gb (0),1,,13,[CUDA memset]
10006883219,4160,217519,,,,,,,,,,0.000,19.231,Pinned,Device,NVIDIA A100-SXM4-40GB MIG 4g.20gb (0),1,,13,[CUDA memcpy Host-to-Device]
10006894035,11808,217520,,,,,,,,,,0.197,16650.338,Pinned,Device,NVIDIA A100-SXM4-40GB MIG 4g.20gb (0),1,,13,[CUDA memcpy Host-to-Device]
10007743274,26271,217521,273,1,1,48,1,1,40,0.000,0.001,,,,,NVIDIA A100-SXM4-40GB MIG 4g.20gb (0),1,,13,"void pusch_noise_intf_est::noiseIntfEstNoDftSOfdmKernel<float, __half, float, float, (unsigned int)2, (unsigned int)1, (unsigned char)4, (unsigned char)4>(pusch_noise_intf_est::puschRxNoiseIntfEstDynDescr)"
10008490753,16192,217532,35,1,1,128,1,1,16,0.000,0.000,,,,,NVIDIA A100-SXM4-40GB MIG 4g.20gb (0),1,,13,cupy_copy__complex64_complex64
10009282360,3904,217541,1,1,1,1,1,1,18,0.000,0.000,,,,,NVIDIA A100-SXM4-40GB MIG 4g.20gb (0),1,,13,cupy_copy__float32_float32
10009294520,1664,217547,,,,,,,,,,0.000,2.404,Device,Pageable,NVIDIA A100-SXM4-40GB MIG 4g.20gb (0),1,,7,[CUDA memcpy Device-to-Host]
10009927473,22176,217558,1434,1,1,128,1,1,16,0.000,0.000,,,,,NVIDIA A100-SXM4-40GB MIG 4g.20gb (0),1,,13,cupy_copy__complex64_complex64
10010905990,7520,217565,103,1,1,128,1,1,16,0.000,0.000,,,,,NVIDIA A100-SXM4-40GB MIG 4g.20gb (0),1,,13,cupy_copy__complex64_complex64
10011658909,5024,217572,35,1,1,128,1,1,16,0.000,0.000,,,,,NVIDIA A100-SXM4-40GB MIG 4g.20gb (0),1,,13,cupy_copy__complex64_complex64
10012208503,4160,217579,1,1,1,1,1,1,18,0.000,0.000,,,,,NVIDIA A100-SXM4-40GB MIG 4g.20gb (0),1,,13,cupy_copy__float32_float32
10012856848,215421,217590,1,1,1,32,32,1,30,0.000,0.000,,,,,NVIDIA A100-SXM4-40GB MIG 4g.20gb (0),1,,13,"void convert_kernel<__half2, float2>(tensor_layout_any, T1 *, tensor_layout_any, const T2 *)"
10013103149,5888,217593,,,,,,,,,,0.094,15912.954,Pinned,Device,NVIDIA A100-SXM4-40GB MIG 4g.20gb (0),1,,13,[CUDA memcpy Host-to-Device]
10013752325,15616,217594,,,,,,,,,,1.547,99039.614,Device,,NVIDIA A100-SXM4-40GB MIG 4g.20gb (0),1,,13,[CUDA memset]
10013772677,6688,217599,,,,,,,,,,0.031,4679.409,Pinned,Device,NVIDIA A100-SXM4-40GB MIG 4g.20gb (0),1,,13,[CUDA memcpy Host-to-Device]
10013785957,14304,217600,,,,,,,,,,0.197,13744.865,Pinned,Device,NVIDIA A100-SXM4-40GB MIG 4g.20gb (0),1,,13,[CUDA memcpy Host-to-Device]
10014551004,20672,217601,273,1,1,8,4,1,39,0.002,0.000,,,,,NVIDIA A100-SXM4-40GB MIG 4g.20gb (0),1,,13,"void channel_eq::eqMmseCoefCompLowMimoKernel<float, float, float, (unsigned int)4, (unsigned int)1, (unsigned int)4>(const channel_eq::_puschRxChEqStatDescr *, channel_eq::_puschRxChEqCoefCompDynDescr)"
10015245556,22144,217602,273,1,1,12,11,1,51,0.002,0.000,,,,,NVIDIA A100-SXM4-40GB MIG 4g.20gb (0),1,,13,"void channel_eq::eqMmseSoftDemapKernel<float, __half, __half, float, (unsigned int)4, (unsigned short)16383>(channel_eq::_puschRxChEqStatDescr *, channel_eq::_puschRxChEqSoftDemapDynDescr)"
10015864781,682904,217603,1,1,1,32,32,1,30,0.000,0.000,,,,,NVIDIA A100-SXM4-40GB MIG 4g.20gb (0),1,,13,"void convert_kernel<float2, __half2>(tensor_layout_any, T1 *, tensor_layout_any, const T2 *)"
10017034335,19232,217615,2253,1,1,128,1,1,16,0.000,0.000,,,,,NVIDIA A100-SXM4-40GB MIG 4g.20gb (0),1,,13,cupy_copy__float16_float16
10017683224,15200,217624,282,1,1,128,1,1,16,0.000,0.000,,,,,NVIDIA A100-SXM4-40GB MIG 4g.20gb (0),1,,13,cupy_copy__complex64_complex64
10018454671,5504,217633,26,1,1,128,1,1,16,0.000,0.000,,,,,NVIDIA A100-SXM4-40GB MIG 4g.20gb (0),1,,13,cupy_copy__float32_float32
10018975369,7712,217642,103,1,1,128,1,1,16,0.000,0.000,,,,,NVIDIA A100-SXM4-40GB MIG 4g.20gb (0),1,,13,cupy_copy__complex64_complex64
10019704257,21344,217652,1434,1,1,128,1,1,16,0.000,0.000,,,,,NVIDIA A100-SXM4-40GB MIG 4g.20gb (0),1,,13,cupy_copy__complex64_complex64
10020633046,212190,217657,1,1,1,32,32,1,30,0.000,0.000,,,,,NVIDIA A100-SXM4-40GB MIG 4g.20gb (0),1,,13,"void convert_kernel<__half2, float2>(tensor_layout_any, T1 *, tensor_layout_any, const T2 *)"
10020875732,5600,217660,,,,,,,,,,0.094,16731.388,Pinned,Device,NVIDIA A100-SXM4-40GB MIG 4g.20gb (0),1,,13,[CUDA memcpy Host-to-Device]
10021525420,614073,217661,,,,,,,,,,456.561,743282.024,Device,,NVIDIA A100-SXM4-40GB MIG 4g.20gb (0),1,,13,[CUDA memset]
10022144549,78655,217666,,,,,,,,,,1.235,15699.843,Pinned,Device,NVIDIA A100-SXM4-40GB MIG 4g.20gb (0),1,,13,[CUDA memcpy Host-to-Device]
10022235876,12736,217667,,,,,,,,,,0.197,15437.070,Pinned,Device,NVIDIA A100-SXM4-40GB MIG 4g.20gb (0),1,,13,[CUDA memcpy Host-to-Device]
10023150938,24832,217668,69,4,1,48,1,1,76,0.002,0.000,,,,,NVIDIA A100-SXM4-40GB MIG 4g.20gb (0),1,,13,"void ch_est::windowedChEstPreNoDftSOfdmKernel<float, __half, float, (unsigned int)2, (unsigned int)1, (unsigned short)4>(ch_est::puschRxChEstStatDescr_t *, ch_est::puschRxChEstDynDescr_t *)"
10023956753,27391,217669,137,2,1,24,2,1,44,0.001,0.001,,,,,NVIDIA A100-SXM4-40GB MIG 4g.20gb (0),1,,13,"void ch_est::chEstFilterNoDftSOfdmDispatchKernel<float, __half, float, (unsigned int)2>(ch_est::puschRxChEstStatDescr_t *, ch_est::puschRxChEstDynDescr_t *)"
10024764392,10719,217670,137,2,1,24,2,1,44,0.001,0.001,,,,,NVIDIA A100-SXM4-40GB MIG 4g.20gb (0),1,,13,"void ch_est::chEstFilterNoDftSOfdmDispatchKernel<float, __half, float, (unsigned int)2>(ch_est::puschRxChEstStatDescr_t *, ch_est::puschRxChEstDynDescr_t *)"
10025499039,7168,217681,103,1,1,128,1,1,16,0.000,0.000,,,,,NVIDIA A100-SXM4-40GB MIG 4g.20gb (0),1,,13,cupy_copy__complex64_complex64
10026187159,20160,217691,1434,1,1,128,1,1,16,0.000,0.000,,,,,NVIDIA A100-SXM4-40GB MIG 4g.20gb (0),1,,13,cupy_copy__complex64_complex64
10027092973,15968,217698,103,1,1,128,1,1,16,0.000,0.000,,,,,NVIDIA A100-SXM4-40GB MIG 4g.20gb (0),1,,13,cupy_copy__complex64_complex64
10027903268,288413,217705,1,1,1,32,32,1,30,0.000,0.000,,,,,NVIDIA A100-SXM4-40GB MIG 4g.20gb (0),1,,13,"void convert_kernel<__half2, float2>(tensor_layout_any, T1 *, tensor_layout_any, const T2 *)"
10028222112,5472,217708,,,,,,,,,,0.094,17122.757,Pinned,Device,NVIDIA A100-SXM4-40GB MIG 4g.20gb (0),1,,13,[CUDA memcpy Host-to-Device]
10029106838,57088,217709,,,,,,,,,,35.810,627246.559,Device,,NVIDIA A100-SXM4-40GB MIG 4g.20gb (0),1,,13,[CUDA memset]
10029169142,5920,217711,,,,,,,,,,0.000,13.513,Pinned,Device,NVIDIA A100-SXM4-40GB MIG 4g.20gb (0),1,,13,[CUDA memcpy Host-to-Device]
10029178358,13119,217712,,,,,,,,,,0.197,14986.445,Pinned,Device,NVIDIA A100-SXM4-40GB MIG 4g.20gb (0),1,,13,[CUDA memcpy Host-to-Device]
10030094891,27232,217713,273,1,1,48,1,1,40,0.000,0.001,,,,,NVIDIA A100-SXM4-40GB MIG 4g.20gb (0),1,,13,"void pusch_noise_intf_est::noiseIntfEstNoDftSOfdmKernel<float, __half, float, float, (unsigned int)2, (unsigned int)1, (unsigned char)4, (unsigned char)4>(pusch_noise_intf_est::puschRxNoiseIntfEstDynDescr)"
10030911938,7872,217724,35,1,1,128,1,1,16,0.000,0.000,,,,,NVIDIA A100-SXM4-40GB MIG 4g.20gb (0),1,,13,cupy_copy__complex64_complex64
10031753784,3712,217733,1,1,1,1,1,1,18,0.000,0.000,,,,,NVIDIA A100-SXM4-40GB MIG 4g.20gb (0),1,,13,cupy_copy__float32_float32
10031759128,2336,217739,,,,,,,,,,0.000,1.712,Device,Pageable,NVIDIA A100-SXM4-40GB MIG 4g.20gb (0),1,,7,[CUDA memcpy Device-to-Host]
10032654350,20672,217750,1434,1,1,128,1,1,16,0.000,0.000,,,,,NVIDIA A100-SXM4-40GB MIG 4g.20gb (0),1,,13,cupy_copy__complex64_complex64
10033195880,9344,217757,103,1,1,128,1,1,16,0.000,0.000,,,,,NVIDIA A100-SXM4-40GB MIG 4g.20gb (0),1,,13,cupy_copy__complex64_complex64
10033875904,6432,217764,35,1,1,128,1,1,16,0.000,0.000,,,,,NVIDIA A100-SXM4-40GB MIG 4g.20gb (0),1,,13,cupy_copy__complex64_complex64
10034638392,3488,217771,1,1,1,1,1,1,18,0.000,0.000,,,,,NVIDIA A100-SXM4-40GB MIG 4g.20gb (0),1,,13,cupy_copy__float32_float32
10035397967,253373,217782,1,1,1,32,32,1,30,0.000,0.000,,,,,NVIDIA A100-SXM4-40GB MIG 4g.20gb (0),1,,13,"void convert_kernel<__half2, float2>(tensor_layout_any, T1 *, tensor_layout_any, const T2 *)"
10035681388,10528,217785,,,,,,,,,,0.094,8899.621,Pinned,Device,NVIDIA A100-SXM4-40GB MIG 4g.20gb (0),1,,13,[CUDA memcpy Host-to-Device]
10036435075,16608,217786,,,,,,,,,,1.547,93123.778,Device,,NVIDIA A100-SXM4-40GB MIG 4g.20gb (0),1,,13,[CUDA memset]
10036456867,6752,217791,,,,,,,,,,0.031,4635.063,Pinned,Device,NVIDIA A100-SXM4-40GB MIG 4g.20gb (0),1,,13,[CUDA memcpy Host-to-Device]
10036469923,11200,217792,,,,,,,,,,0.197,17554.145,Pinned,Device,NVIDIA A100-SXM4-40GB MIG 4g.20gb (0),1,,13,[CUDA memcpy Host-to-Device]
10037342457,13824,217793,273,1,1,8,4,1,39,0.002,0.000,,,,,NVIDIA A100-SXM4-40GB MIG 4g.20gb (0),1,,13,"void channel_eq::eqMmseCoefCompLowMimoKernel<float, float, float, (unsigned int)4, (unsigned int)1, (unsigned int)4>(const channel_eq::_puschRxChEqStatDescr *, channel_eq::_puschRxChEqCoefCompDynDescr)"
10038114288,14624,217794,273,1,1,12,11,1,51,0.002,0.000,,,,,NVIDIA A100-SXM4-40GB MIG 4g.20gb (0),1,,13,"void channel_eq::eqMmseSoftDemapKernel<float, __half, __half, float, (unsigned int)4, (unsigned short)16383>(channel_eq::_puschRxChEqStatDescr *, channel_eq::_puschRxChEqSoftDemapDynDescr)"
10039093029,661689,217795,1,1,1,32,32,1,30,0.000,0.000,,,,,NVIDIA A100-SXM4-40GB MIG 4g.20gb (0),1,,13,"void convert_kernel<float2, __half2>(tensor_layout_any, T1 *, tensor_layout_any, const T2 *)"
10040395510,19008,217807,2253,1,1,128,1,1,16,0.000,0.000,,,,,NVIDIA A100-SXM4-40GB MIG 4g.20gb (0),1,,13,cupy_copy__float16_float16
10041141870,7584,217816,282,1,1,128,1,1,16,0.000,0.000,,,,,NVIDIA A100-SXM4-40GB MIG 4g.20gb (0),1,,13,cupy_copy__complex64_complex64
10042031140,5376,217825,26,1,1,128,1,1,16,0.000,0.000,,,,,NVIDIA A100-SXM4-40GB MIG 4g.20gb (0),1,,13,cupy_copy__float32_float32
10042866490,7008,217834,103,1,1,128,1,1,16,0.000,0.000,,,,,NVIDIA A100-SXM4-40GB MIG 4g.20gb (0),1,,13,cupy_copy__complex64_complex64
10043860207,20864,217844,1434,1,1,128,1,1,16,0.000,0.000,,,,,NVIDIA A100-SXM4-40GB MIG 4g.20gb (0),1,,13,cupy_copy__complex64_complex64
10044775013,265789,217849,1,1,1,32,32,1,30,0.000,0.000,,,,,NVIDIA A100-SXM4-40GB MIG 4g.20gb (0),1,,13,"void convert_kernel<__half2, float2>(tensor_layout_any, T1 *, tensor_layout_any, const T2 *)"
10045071649,5760,217852,,,,,,,,,,0.094,16266.656,Pinned,Device,NVIDIA A100-SXM4-40GB MIG 4g.20gb (0),1,,13,[CUDA memcpy Host-to-Device]
10045822361,624473,217853,,,,,,,,,,456.561,730954.865,Device,,NVIDIA A100-SXM4-40GB MIG 4g.20gb (0),1,,13,[CUDA memset]
10046448466,65023,217858,,,,,,,,,,1.235,18992.204,Pinned,Device,NVIDIA A100-SXM4-40GB MIG 4g.20gb (0),1,,13,[CUDA memcpy Host-to-Device]
10046516017,10080,217859,,,,,,,,,,0.197,19504.693,Pinned,Device,NVIDIA A100-SXM4-40GB MIG 4g.20gb (0),1,,13,[CUDA memcpy Host-to-Device]
10047285544,23616,217860,69,4,1,48,1,1,76,0.002,0.000,,,,,NVIDIA A100-SXM4-40GB MIG 4g.20gb (0),1,,13,"void ch_est::windowedChEstPreNoDftSOfdmKernel<float, __half, float, (unsigned int)2, (unsigned int)1, (unsigned short)4>(ch_est::puschRxChEstStatDescr_t *, ch_est::puschRxChEstDynDescr_t *)"
10047991200,14496,217861,137,2,1,24,2,1,44,0.001,0.001,,,,,NVIDIA A100-SXM4-40GB MIG 4g.20gb (0),1,,13,"void ch_est::chEstFilterNoDftSOfdmDispatchKernel<float, __half, float, (unsigned int)2>(ch_est::puschRxChEstStatDescr_t *, ch_est::puschRxChEstDynDescr_t *)"
10048833911,14271,217862,137,2,1,24,2,1,44,0.001,0.001,,,,,NVIDIA A100-SXM4-40GB MIG 4g.20gb (0),1,,13,"void ch_est::chEstFilterNoDftSOfdmDispatchKernel<float, __half, float, (unsigned int)2>(ch_est::puschRxChEstStatDescr_t *, ch_est::puschRxChEstDynDescr_t *)"
10049787372,5792,217873,103,1,1,128,1,1,16,0.000,0.000,,,,,NVIDIA A100-SXM4-40GB MIG 4g.20gb (0),1,,13,cupy_copy__complex64_complex64
10050630274,20064,217883,1434,1,1,128,1,1,16,0.000,0.000,,,,,NVIDIA A100-SXM4-40GB MIG 4g.20gb (0),1,,13,cupy_copy__complex64_complex64
10051494424,16256,217890,103,1,1,128,1,1,16,0.000,0.000,,,,,NVIDIA A100-SXM4-40GB MIG 4g.20gb (0),1,,13,cupy_copy__complex64_complex64
10052172241,266493,217897,1,1,1,32,32,1,30,0.000,0.000,,,,,NVIDIA A100-SXM4-40GB MIG 4g.20gb (0),1,,13,"void convert_kernel<__half2, float2>(tensor_layout_any, T1 *, tensor_layout_any, const T2 *)"
10052470285,8448,217900,,,,,,,,,,0.094,11090.889,Pinned,Device,NVIDIA A100-SXM4-40GB MIG 4g.20gb (0),1,,13,[CUDA memcpy Host-to-Device]
10053090374,61824,217901,,,,,,,,,,35.810,579189.646,Device,,NVIDIA A100-SXM4-40GB MIG 4g.20gb (0),1,,13,[CUDA memset]
10053156678,4799,217903,,,,,,,,,,0.000,16.670,Pinned,Device,NVIDIA A100-SXM4-40GB MIG 4g.20gb (0),1,,13,[CUDA memcpy Host-to-Device]
10053163909,9664,217904,,,,,,,,,,0.197,20344.209,Pinned,Device,NVIDIA A100-SXM4-40GB MIG 4g.20gb (0),1,,13,[CUDA memcpy Host-to-Device]
10053928573,25567,217905,273,1,1,48,1,1,40,0.000,0.001,,,,,NVIDIA A100-SXM4-40GB MIG 4g.20gb (0),1,,13,"void pusch_noise_intf_est::noiseIntfEstNoDftSOfdmKernel<float, __half, float, float, (unsigned int)2, (unsigned int)1, (unsigned char)4, (unsigned char)4>(pusch_noise_intf_est::puschRxNoiseIntfEstDynDescr)"
10054537750,8320,217916,35,1,1,128,1,1,16,0.000,0.000,,,,,NVIDIA A100-SXM4-40GB MIG 4g.20gb (0),1,,13,cupy_copy__complex64_complex64
10055306829,3584,217925,1,1,1,1,1,1,18,0.000,0.000,,,,,NVIDIA A100-SXM4-40GB MIG 4g.20gb (0),1,,13,cupy_copy__float32_float32
10055315597,5216,217931,,,,,,,,,,0.000,0.767,Device,Pageable,NVIDIA A100-SXM4-40GB MIG 4g.20gb (0),1,,7,[CUDA memcpy Device-to-Host]
10056056005,21983,217942,1434,1,1,128,1,1,16,0.000,0.000,,,,,NVIDIA A100-SXM4-40GB MIG 4g.20gb (0),1,,13,cupy_copy__complex64_complex64
10056802908,7328,217949,103,1,1,128,1,1,16,0.000,0.000,,,,,NVIDIA A100-SXM4-40GB MIG 4g.20gb (0),1,,13,cupy_copy__complex64_complex64
10057587283,6240,217956,35,1,1,128,1,1,16,0.000,0.000,,,,,NVIDIA A100-SXM4-40GB MIG 4g.20gb (0),1,,13,cupy_copy__complex64_complex64
10058235628,3360,217963,1,1,1,1,1,1,18,0.000,0.000,,,,,NVIDIA A100-SXM4-40GB MIG 4g.20gb (0),1,,13,cupy_copy__float32_float32
10059113602,261501,217974,1,1,1,32,32,1,30,0.000,0.000,,,,,NVIDIA A100-SXM4-40GB MIG 4g.20gb (0),1,,13,"void convert_kernel<__half2, float2>(tensor_layout_any, T1 *, tensor_layout_any, const T2 *)"
10059405887,5504,217977,,,,,,,,,,0.094,17023.251,Pinned,Device,NVIDIA A100-SXM4-40GB MIG 4g.20gb (0),1,,13,[CUDA memcpy Host-to-Device]
10060064311,13728,217978,,,,,,,,,,1.547,112660.732,Device,,NVIDIA A100-SXM4-40GB MIG 4g.20gb (0),1,,13,[CUDA memset]
10060082455,6592,217983,,,,,,,,,,0.031,4747.572,Pinned,Device,NVIDIA A100-SXM4-40GB MIG 4g.20gb (0),1,,13,[CUDA memcpy Host-to-Device]
10060095095,9664,217984,,,,,,,,,,0.197,20344.209,Pinned,Device,NVIDIA A100-SXM4-40GB MIG 4g.20gb (0),1,,13,[CUDA memcpy Host-to-Device]
10061091212,24863,217985,273,1,1,8,4,1,39,0.002,0.000,,,,,NVIDIA A100-SXM4-40GB MIG 4g.20gb (0),1,,13,"void channel_eq::eqMmseCoefCompLowMimoKernel<float, float, float, (unsigned int)4, (unsigned int)1, (unsigned int)4>(const channel_eq::_puschRxChEqStatDescr *, channel_eq::_puschRxChEqCoefCompDynDescr)"
10062028865,29088,217986,273,1,1,12,11,1,51,0.002,0.000,,,,,NVIDIA A100-SXM4-40GB MIG 4g.20gb (0),1,,13,"void channel_eq::eqMmseSoftDemapKernel<float, __half, __half, float, (unsigned int)4, (unsigned short)16383>(channel_eq::_puschRxChEqStatDescr *, channel_eq::_puschRxChEqSoftDemapDynDescr)"
10062556987,659544,217987,1,1,1,32,32,1,30,0.000,0.000,,,,,NVIDIA A100-SXM4-40GB MIG 4g.20gb (0),1,,13,"void convert_kernel<float2, __half2>(tensor_layout_any, T1 *, tensor_layout_any, const T2 *)"
10064068810,18080,217999,2253,1,1,128,1,1,16,0.000,0.000,,,,,NVIDIA A100-SXM4-40GB MIG 4g.20gb (0),1,,13,cupy_copy__float16_float16
10064932992,6336,218008,282,1,1,128,1,1,16,0.000,0.000,,,,,NVIDIA A100-SXM4-40GB MIG 4g.20gb (0),1,,13,cupy_copy__complex64_complex64
10065709335,4544,218017,26,1,1,128,1,1,16,0.000,0.000,,,,,NVIDIA A100-SXM4-40GB MIG 4g.20gb (0),1,,13,cupy_copy__float32_float32
10066495438,16640,218026,103,1,1,128,1,1,16,0.000,0.000,,,,,NVIDIA A100-SXM4-40GB MIG 4g.20gb (0),1,,13,cupy_copy__complex64_complex64
10067393828,18560,218036,1434,1,1,128,1,1,16,0.000,0.000,,,,,NVIDIA A100-SXM4-40GB MIG 4g.20gb (0),1,,13,cupy_copy__complex64_complex64
10068355769,222622,218041,1,1,1,32,32,1,30,0.000,0.000,,,,,NVIDIA A100-SXM4-40GB MIG 4g.20gb (0),1,,13,"void convert_kernel<__half2, float2>(tensor_layout_any, T1 *, tensor_layout_any, const T2 *)"
10068610934,13312,218044,,,,,,,,,,0.094,7038.444,Pinned,Device,NVIDIA A100-SXM4-40GB MIG 4g.20gb (0),1,,13,[CUDA memcpy Host-to-Device]
10069385837,626969,218045,,,,,,,,,,456.561,727758.935,Device,,NVIDIA A100-SXM4-40GB MIG 4g.20gb (0),1,,13,[CUDA memset]
10070017606,63168,218050,,,,,,,,,,1.235,19549.164,Pinned,Device,NVIDIA A100-SXM4-40GB MIG 4g.20gb (0),1,,13,[CUDA memcpy Host-to-Device]
10070083398,11775,218051,,,,,,,,,,0.197,16696.934,Pinned,Device,NVIDIA A100-SXM4-40GB MIG 4g.20gb (0),1,,13,[CUDA memcpy Host-to-Device]
10071236024,22176,218052,69,4,1,48,1,1,76,0.002,0.000,,,,,NVIDIA A100-SXM4-40GB MIG 4g.20gb (0),1,,13,"void ch_est::windowedChEstPreNoDftSOfdmKernel<float, __half, float, (unsigned int)2, (unsigned int)1, (unsigned short)4>(ch_est::puschRxChEstStatDescr_t *, ch_est::puschRxChEstDynDescr_t *)"
10072081519,19168,218053,137,2,1,24,2,1,44,0.001,0.001,,,,,NVIDIA A100-SXM4-40GB MIG 4g.20gb (0),1,,13,"void ch_est::chEstFilterNoDftSOfdmDispatchKernel<float, __half, float, (unsigned int)2>(ch_est::puschRxChEstStatDescr_t *, ch_est::puschRxChEstDynDescr_t *)"
10072874662,12448,218054,137,2,1,24,2,1,44,0.001,0.001,,,,,NVIDIA A100-SXM4-40GB MIG 4g.20gb (0),1,,13,"void ch_est::chEstFilterNoDftSOfdmDispatchKernel<float, __half, float, (unsigned int)2>(ch_est::puschRxChEstStatDescr_t *, ch_est::puschRxChEstDynDescr_t *)"
10073676765,16544,218065,103,1,1,128,1,1,16,0.000,0.000,,,,,NVIDIA A100-SXM4-40GB MIG 4g.20gb (0),1,,13,cupy_copy__complex64_complex64
10074321717,20672,218075,1434,1,1,128,1,1,16,0.000,0.000,,,,,NVIDIA A100-SXM4-40GB MIG 4g.20gb (0),1,,13,cupy_copy__complex64_complex64
10075252907,16224,218082,103,1,1,128,1,1,16,0.000,0.000,,,,,NVIDIA A100-SXM4-40GB MIG 4g.20gb (0),1,,13,cupy_copy__complex64_complex64
10075858660,277661,218089,1,1,1,32,32,1,30,0.000,0.000,,,,,NVIDIA A100-SXM4-40GB MIG 4g.20gb (0),1,,13,"void convert_kernel<__half2, float2>(tensor_layout_any, T1 *, tensor_layout_any, const T2 *)"
10076167425,10271,218092,,,,,,,,,,0.094,9122.336,Pinned,Device,NVIDIA A100-SXM4-40GB MIG 4g.20gb (0),1,,13,[CUDA memcpy Host-to-Device]
10077032791,56863,218093,,,,,,,,,,35.810,629753.253,Device,,NVIDIA A100-SXM4-40GB MIG 4g.20gb (0),1,,13,[CUDA memset]
10077093942,2336,218095,,,,,,,,,,0.000,34.247,Pinned,Device,NVIDIA A100-SXM4-40GB MIG 4g.20gb (0),1,,13,[CUDA memcpy Host-to-Device]
10077102870,12512,218096,,,,,,,,,,0.197,15713.501,Pinned,Device,NVIDIA A100-SXM4-40GB MIG 4g.20gb (0),1,,13,[CUDA memcpy Host-to-Device]
10077968716,26912,218097,273,1,1,48,1,1,40,0.000,0.001,,,,,NVIDIA A100-SXM4-40GB MIG 4g.20gb (0),1,,13,"void pusch_noise_intf_est::noiseIntfEstNoDftSOfdmKernel<float, __half, float, float, (unsigned int)2, (unsigned int)1, (unsigned char)4, (unsigned char)4>(pusch_noise_intf_est::puschRxNoiseIntfEstDynDescr)"
10078717924,4288,218108,35,1,1,128,1,1,16,0.000,0.000,,,,,NVIDIA A100-SXM4-40GB MIG 4g.20gb (0),1,,13,cupy_copy__complex64_complex64
10079491995,4448,218117,1,1,1,1,1,1,18,0.000,0.000,,,,,NVIDIA A100-SXM4-40GB MIG 4g.20gb (0),1,,13,cupy_copy__float32_float32
10079502203,1632,218123,,,,,,,,,,0.000,2.451,Device,Pageable,NVIDIA A100-SXM4-40GB MIG 4g.20gb (0),1,,7,[CUDA memcpy Device-to-Host]
10080392369,18943,218134,1434,1,1,128,1,1,16,0.000,0.000,,,,,NVIDIA A100-SXM4-40GB MIG 4g.20gb (0),1,,13,cupy_copy__complex64_complex64
10081193736,5727,218141,103,1,1,128,1,1,16,0.000,0.000,,,,,NVIDIA A100-SXM4-40GB MIG 4g.20gb (0),1,,13,cupy_copy__complex64_complex64
10081838336,6080,218148,35,1,1,128,1,1,16,0.000,0.000,,,,,NVIDIA A100-SXM4-40GB MIG 4g.20gb (0),1,,13,cupy_copy__complex64_complex64
10082576088,4480,218155,1,1,1,1,1,1,18,0.000,0.000,,,,,NVIDIA A100-SXM4-40GB MIG 4g.20gb (0),1,,13,cupy_copy__float32_float32
10083394959,251773,218166,1,1,1,32,32,1,30,0.000,0.000,,,,,NVIDIA A100-SXM4-40GB MIG 4g.20gb (0),1,,13,"void convert_kernel<__half2, float2>(tensor_layout_any, T1 *, tensor_layout_any, const T2 *)"
10083677419,5664,218169,,,,,,,,,,0.094,16542.310,Pinned,Device,NVIDIA A100-SXM4-40GB MIG 4g.20gb (0),1,,13,[CUDA memcpy Host-to-Device]
10084427683,15488,218170,,,,,,,,,,1.547,99859.325,Device,,NVIDIA A100-SXM4-40GB MIG 4g.20gb (0),1,,13,[CUDA memset]
10084449795,7040,218175,,,,,,,,,,0.031,4445.440,Pinned,Device,NVIDIA A100-SXM4-40GB MIG 4g.20gb (0),1,,13,[CUDA memcpy Host-to-Device]
10084464802,10432,218176,,,,,,,,,,0.197,18846.450,Pinned,Device,NVIDIA A100-SXM4-40GB MIG 4g.20gb (0),1,,13,[CUDA memcpy Host-to-Device]
10085421688,16703,218177,273,1,1,8,4,1,39,0.002,0.000,,,,,NVIDIA A100-SXM4-40GB MIG 4g.20gb (0),1,,13,"void channel_eq::eqMmseCoefCompLowMimoKernel<float, float, float, (unsigned int)4, (unsigned int)1, (unsigned int)4>(const channel_eq::_puschRxChEqStatDescr *, channel_eq::_puschRxChEqCoefCompDynDescr)"
10086408044,24832,218178,273,1,1,12,11,1,51,0.002,0.000,,,,,NVIDIA A100-SXM4-40GB MIG 4g.20gb (0),1,,13,"void channel_eq::eqMmseSoftDemapKernel<float, __half, __half, float, (unsigned int)4, (unsigned short)16383>(channel_eq::_puschRxChEqStatDescr *, channel_eq::_puschRxChEqSoftDemapDynDescr)"
10087269731,713879,218179,1,1,1,32,32,1,30,0.000,0.000,,,,,NVIDIA A100-SXM4-40GB MIG 4g.20gb (0),1,,13,"void convert_kernel<float2, __half2>(tensor_layout_any, T1 *, tensor_layout_any, const T2 *)"
10088614739,17536,218191,2253,1,1,128,1,1,16,0.000,0.000,,,,,NVIDIA A100-SXM4-40GB MIG 4g.20gb (0),1,,13,cupy_copy__float16_float16
10089501673,11072,218200,282,1,1,128,1,1,16,0.000,0.000,,,,,NVIDIA A100-SXM4-40GB MIG 4g.20gb (0),1,,13,cupy_copy__complex64_complex64
10090380095,6400,218209,26,1,1,128,1,1,16,0.000,0.000,,,,,NVIDIA A100-SXM4-40GB MIG 4g.20gb (0),1,,13,cupy_copy__float32_float32
10091138295,7168,218218,103,1,1,128,1,1,16,0.000,0.000,,,,,NVIDIA A100-SXM4-40GB MIG 4g.20gb (0),1,,13,cupy_copy__complex64_complex64
10091886510,22944,218228,1434,1,1,128,1,1,16,0.000,0.000,,,,,NVIDIA A100-SXM4-40GB MIG 4g.20gb (0),1,,13,cupy_copy__complex64_complex64
10092632518,261437,218233,1,1,1,32,32,1,30,0.000,0.000,,,,,NVIDIA A100-SXM4-40GB MIG 4g.20gb (0),1,,13,"void convert_kernel<__half2, float2>(tensor_layout_any, T1 *, tensor_layout_any, const T2 *)"
10092925858,5952,218236,,,,,,,,,,0.094,15741.865,Pinned,Device,NVIDIA A100-SXM4-40GB MIG 4g.20gb (0),1,,13,[CUDA memcpy Host-to-Device]
10093742137,623673,218237,,,,,,,,,,456.561,731867.988,Device,,NVIDIA A100-SXM4-40GB MIG 4g.20gb (0),1,,13,[CUDA memset]
10094374674,62687,218242,,,,,,,,,,1.235,19699.827,Pinned,Device,NVIDIA A100-SXM4-40GB MIG 4g.20gb (0),1,,13,[CUDA memcpy Host-to-Device]
10094439825,9568,218243,,,,,,,,,,0.197,20548.485,Pinned,Device,NVIDIA A100-SXM4-40GB MIG 4g.20gb (0),1,,13,[CUDA memcpy Host-to-Device]
10095135945,23840,218244,69,4,1,48,1,1,76,0.002,0.000,,,,,NVIDIA A100-SXM4-40GB MIG 4g.20gb (0),1,,13,"void ch_est::windowedChEstPreNoDftSOfdmKernel<float, __half, float, (unsigned int)2, (unsigned int)1, (unsigned short)4>(ch_est::puschRxChEstStatDescr_t *, ch_est::puschRxChEstDynDescr_t *)"
10095773282,24704,218245,137,2,1,24,2,1,44,0.001,0.001,,,,,NVIDIA A100-SXM4-40GB MIG 4g.20gb (0),1,,13,"void ch_est::chEstFilterNoDftSOfdmDispatchKernel<float, __half, float, (unsigned int)2>(ch_est::puschRxChEstStatDescr_t *, ch_est::puschRxChEstDynDescr_t *)"
10096386491,19008,218246,137,2,1,24,2,1,44,0.001,0.001,,,,,NVIDIA A100-SXM4-40GB MIG 4g.20gb (0),1,,13,"void ch_est::chEstFilterNoDftSOfdmDispatchKernel<float, __half, float, (unsigned int)2>(ch_est::puschRxChEstStatDescr_t *, ch_est::puschRxChEstDynDescr_t *)"
10096922293,5280,218257,103,1,1,128,1,1,16,0.000,0.000,,,,,NVIDIA A100-SXM4-40GB MIG 4g.20gb (0),1,,13,cupy_copy__complex64_complex64
10097674029,23583,218267,1434,1,1,128,1,1,16,0.000,0.000,,,,,NVIDIA A100-SXM4-40GB MIG 4g.20gb (0),1,,13,cupy_copy__complex64_complex64
10098322821,16128,218274,103,1,1,128,1,1,16,0.000,0.000,,,,,NVIDIA A100-SXM4-40GB MIG 4g.20gb (0),1,,13,cupy_copy__complex64_complex64
10099095676,248510,218281,1,1,1,32,32,1,30,0.000,0.000,,,,,NVIDIA A100-SXM4-40GB MIG 4g.20gb (0),1,,13,"void convert_kernel<__half2, float2>(tensor_layout_any, T1 *, tensor_layout_any, const T2 *)"
10099376025,5984,218284,,,,,,,,,,0.094,15657.726,Pinned,Device,NVIDIA A100-SXM4-40GB MIG 4g.20gb (0),1,,13,[CUDA memcpy Host-to-Device]
10100043730,61343,218285,,,,,,,,,,35.810,583737.506,Device,,NVIDIA A100-SXM4-40GB MIG 4g.20gb (0),1,,13,[CUDA memset]
10100109937,3328,218287,,,,,,,,,,0.000,24.038,Pinned,Device,NVIDIA A100-SXM4-40GB MIG 4g.20gb (0),1,,13,[CUDA memcpy Host-to-Device]
10100116017,9728,218288,,,,,,,,,,0.197,20210.516,Pinned,Device,NVIDIA A100-SXM4-40GB MIG 4g.20gb (0),1,,13,[CUDA memcpy Host-to-Device]
10101176933,26400,218289,273,1,1,48,1,1,40,0.000,0.001,,,,,NVIDIA A100-SXM4-40GB MIG 4g.20gb (0),1,,13,"void pusch_noise_intf_est::noiseIntfEstNoDftSOfdmKernel<float, __half, float, float, (unsigned int)2, (unsigned int)1, (unsigned char)4, (unsigned char)4>(pusch_noise_intf_est::puschRxNoiseIntfEstDynDescr)"
10101785310,7488,218300,35,1,1,128,1,1,16,0.000,0.000,,,,,NVIDIA A100-SXM4-40GB MIG 4g.20gb (0),1,,13,cupy_copy__complex64_complex64
10102586421,3904,218309,1,1,1,1,1,1,18,0.000,0.000,,,,,NVIDIA A100-SXM4-40GB MIG 4g.20gb (0),1,,13,cupy_copy__float32_float32
10102598293,2336,218315,,,,,,,,,,0.000,1.712,Device,Pageable,NVIDIA A100-SXM4-40GB MIG 4g.20gb (0),1,,7,[CUDA memcpy Device-to-Host]
10103573898,20799,218326,1434,1,1,128,1,1,16,0.000,0.000,,,,,NVIDIA A100-SXM4-40GB MIG 4g.20gb (0),1,,13,cupy_copy__complex64_complex64
10104353089,9952,218333,103,1,1,128,1,1,16,0.000,0.000,,,,,NVIDIA A100-SXM4-40GB MIG 4g.20gb (0),1,,13,cupy_copy__complex64_complex64
10105260983,4575,218340,35,1,1,128,1,1,16,0.000,0.000,,,,,NVIDIA A100-SXM4-40GB MIG 4g.20gb (0),1,,13,cupy_copy__complex64_complex64
10106221964,3456,218347,1,1,1,1,1,1,18,0.000,0.000,,,,,NVIDIA A100-SXM4-40GB MIG 4g.20gb (0),1,,13,cupy_copy__float32_float32
10107091714,251229,218358,1,1,1,32,32,1,30,0.000,0.000,,,,,NVIDIA A100-SXM4-40GB MIG 4g.20gb (0),1,,13,"void convert_kernel<__half2, float2>(tensor_layout_any, T1 *, tensor_layout_any, const T2 *)"
10107375999,6815,218361,,,,,,,,,,0.094,13748.483,Pinned,Device,NVIDIA A100-SXM4-40GB MIG 4g.20gb (0),1,,13,[CUDA memcpy Host-to-Device]
10108290932,16256,218362,,,,,,,,,,1.547,95140.575,Device,,NVIDIA A100-SXM4-40GB MIG 4g.20gb (0),1,,13,[CUDA memset]
10108313684,7360,218367,,,,,,,,,,0.031,4252.156,Pinned,Device,NVIDIA A100-SXM4-40GB MIG 4g.20gb (0),1,,13,[CUDA memcpy Host-to-Device]
10108323764,13824,218368,,,,,,,,,,0.197,14222.033,Pinned,Device,NVIDIA A100-SXM4-40GB MIG 4g.20gb (0),1,,13,[CUDA memcpy Host-to-Device]
10109333640,24928,218369,273,1,1,8,4,1,39,0.002,0.000,,,,,NVIDIA A100-SXM4-40GB MIG 4g.20gb (0),1,,13,"void channel_eq::eqMmseCoefCompLowMimoKernel<float, float, float, (unsigned int)4, (unsigned int)1, (unsigned int)4>(const channel_eq::_puschRxChEqStatDescr *, channel_eq::_puschRxChEqCoefCompDynDescr)"
10110273854,33599,218370,273,1,1,12,11,1,51,0.002,0.000,,,,,NVIDIA A100-SXM4-40GB MIG 4g.20gb (0),1,,13,"void channel_eq::eqMmseSoftDemapKernel<float, __half, __half, float, (unsigned int)4, (unsigned short)16383>(channel_eq::_puschRxChEqStatDescr *, channel_eq::_puschRxChEqSoftDemapDynDescr)"
10111074197,645432,218371,1,1,1,32,32,1,30,0.000,0.000,,,,,NVIDIA A100-SXM4-40GB MIG 4g.20gb (0),1,,13,"void convert_kernel<float2, __half2>(tensor_layout_any, T1 *, tensor_layout_any, const T2 *)"
10112625699,16896,218383,2253,1,1,128,1,1,16,0.000,0.000,,,,,NVIDIA A100-SXM4-40GB MIG 4g.20gb (0),1,,13,cupy_copy__float16_float16
10113504697,6240,218392,282,1,1,128,1,1,16,0.000,0.000,,,,,NVIDIA A100-SXM4-40GB MIG 4g.20gb (0),1,,13,cupy_copy__complex64_complex64
10114285808,4672,218401,26,1,1,128,1,1,16,0.000,0.000,,,,,NVIDIA A100-SXM4-40GB MIG 4g.20gb (0),1,,13,cupy_copy__float32_float32
10115092455,16992,218410,103,1,1,128,1,1,16,0.000,0.000,,,,,NVIDIA A100-SXM4-40GB MIG 4g.20gb (0),1,,13,cupy_copy__complex64_complex64
10115750272,19967,218420,1434,1,1,128,1,1,16,0.000,0.000,,,,,NVIDIA A100-SXM4-40GB MIG 4g.20gb (0),1,,13,cupy_copy__complex64_complex64
10116442840,270141,218425,1,1,1,32,32,1,30,0.000,0.000,,,,,NVIDIA A100-SXM4-40GB MIG 4g.20gb (0),1,,13,"void convert_kernel<__half2, float2>(tensor_layout_any, T1 *, tensor_layout_any, const T2 *)"
10116744564,8448,218428,,,,,,,,,,0.094,11090.889,Pinned,Device,NVIDIA A100-SXM4-40GB MIG 4g.20gb (0),1,,13,[CUDA memcpy Host-to-Device]
10117375949,630137,218429,,,,,,,,,,456.561,724106.444,Device,,NVIDIA A100-SXM4-40GB MIG 4g.20gb (0),1,,13,[CUDA memset]
10118007462,66879,218434,,,,,,,,,,1.235,18464.883,Pinned,Device,NVIDIA A100-SXM4-40GB MIG 4g.20gb (0),1,,13,[CUDA memcpy Host-to-Device]
10118077093,14912,218435,,,,,,,,,,0.197,13184.532,Pinned,Device,NVIDIA A100-SXM4-40GB MIG 4g.20gb (0),1,,13,[CUDA memcpy Host-to-Device]
10118867996,16544,218436,69,4,1,48,1,1,76,0.002,0.000,,,,,NVIDIA A100-SXM4-40GB MIG 4g.20gb (0),1,,13,"void ch_est::windowedChEstPreNoDftSOfdmKernel<float, __half, float, (unsigned int)2, (unsigned int)1, (unsigned short)4>(ch_est::puschRxChEstStatDescr_t *, ch_est::puschRxChEstDynDescr_t *)"
10119482581,14016,218437,137,2,1,24,2,1,44,0.001,0.001,,,,,NVIDIA A100-SXM4-40GB MIG 4g.20gb (0),1,,13,"void ch_est::chEstFilterNoDftSOfdmDispatchKernel<float, __half, float, (unsigned int)2>(ch_est::puschRxChEstStatDescr_t *, ch_est::puschRxChEstDynDescr_t *)"
10119994223,13376,218438,137,2,1,24,2,1,44,0.001,0.001,,,,,NVIDIA A100-SXM4-40GB MIG 4g.20gb (0),1,,13,"void ch_est::chEstFilterNoDftSOfdmDispatchKernel<float, __half, float, (unsigned int)2>(ch_est::puschRxChEstStatDescr_t *, ch_est::puschRxChEstDynDescr_t *)"
10120555593,7904,218449,103,1,1,128,1,1,16,0.000,0.000,,,,,NVIDIA A100-SXM4-40GB MIG 4g.20gb (0),1,,13,cupy_copy__complex64_complex64
10121282913,18304,218459,1434,1,1,128,1,1,16,0.000,0.000,,,,,NVIDIA A100-SXM4-40GB MIG 4g.20gb (0),1,,13,cupy_copy__complex64_complex64
10122071032,15552,218466,103,1,1,128,1,1,16,0.000,0.000,,,,,NVIDIA A100-SXM4-40GB MIG 4g.20gb (0),1,,13,cupy_copy__complex64_complex64
10122866991,264477,218473,1,1,1,32,32,1,30,0.000,0.000,,,,,NVIDIA A100-SXM4-40GB MIG 4g.20gb (0),1,,13,"void convert_kernel<__half2, float2>(tensor_layout_any, T1 *, tensor_layout_any, const T2 *)"
10123163531,10848,218476,,,,,,,,,,0.094,8637.085,Pinned,Device,NVIDIA A100-SXM4-40GB MIG 4g.20gb (0),1,,13,[CUDA memcpy Host-to-Device]
10124012962,55839,218477,,,,,,,,,,35.810,641284.047,Device,,NVIDIA A100-SXM4-40GB MIG 4g.20gb (0),1,,13,[CUDA memset]
10124071553,2272,218479,,,,,,,,,,0.000,35.211,Pinned,Device,NVIDIA A100-SXM4-40GB MIG 4g.20gb (0),1,,13,[CUDA memcpy Host-to-Device]
10124083457,19776,218480,,,,,,,,,,0.197,9941.680,Pinned,Device,NVIDIA A100-SXM4-40GB MIG 4g.20gb (0),1,,13,[CUDA memcpy Host-to-Device]
10124922136,24703,218481,273,1,1,48,1,1,40,0.000,0.001,,,,,NVIDIA A100-SXM4-40GB MIG 4g.20gb (0),1,,13,"void pusch_noise_intf_est::noiseIntfEstNoDftSOfdmKernel<float, __half, float, float, (unsigned int)2, (unsigned int)1, (unsigned char)4, (unsigned char)4>(pusch_noise_intf_est::puschRxNoiseIntfEstDynDescr)"
10125692911,15424,218492,35,1,1,128,1,1,16,0.000,0.000,,,,,NVIDIA A100-SXM4-40GB MIG 4g.20gb (0),1,,13,cupy_copy__complex64_complex64
10126438214,3872,218501,1,1,1,1,1,1,18,0.000,0.000,,,,,NVIDIA A100-SXM4-40GB MIG 4g.20gb (0),1,,13,cupy_copy__float32_float32
10126443110,2016,218507,,,,,,,,,,0.000,1.984,Device,Pageable,NVIDIA A100-SXM4-40GB MIG 4g.20gb (0),1,,7,[CUDA memcpy Device-to-Host]
10127122527,19551,218518,1434,1,1,128,1,1,16,0.000,0.000,,,,,NVIDIA A100-SXM4-40GB MIG 4g.20gb (0),1,,13,cupy_copy__complex64_complex64
10128043284,5024,218525,103,1,1,128,1,1,16,0.000,0.000,,,,,NVIDIA A100-SXM4-40GB MIG 4g.20gb (0),1,,13,cupy_copy__complex64_complex64
10128942794,4704,218532,35,1,1,128,1,1,16,0.000,0.000,,,,,NVIDIA A100-SXM4-40GB MIG 4g.20gb (0),1,,13,cupy_copy__complex64_complex64
10129847648,4160,218539,1,1,1,1,1,1,18,0.000,0.000,,,,,NVIDIA A100-SXM4-40GB MIG 4g.20gb (0),1,,13,cupy_copy__float32_float32
10130625399,276093,218550,1,1,1,32,32,1,30,0.000,0.000,,,,,NVIDIA A100-SXM4-40GB MIG 4g.20gb (0),1,,13,"void convert_kernel<__half2, float2>(tensor_layout_any, T1 *, tensor_layout_any, const T2 *)"
10130933203,10016,218553,,,,,,,,,,0.094,9354.609,Pinned,Device,NVIDIA A100-SXM4-40GB MIG 4g.20gb (0),1,,13,[CUDA memcpy Host-to-Device]
10131692875,4448,218554,,,,,,,,,,1.547,347712.008,Device,,NVIDIA A100-SXM4-40GB MIG 4g.20gb (0),1,,13,[CUDA memset]
10131705131,6239,218559,,,,,,,,,,0.031,5016.185,Pinned,Device,NVIDIA A100-SXM4-40GB MIG 4g.20gb (0),1,,13,[CUDA memcpy Host-to-Device]
10131714026,14592,218560,,,,,,,,,,0.197,13473.546,Pinned,Device,NVIDIA A100-SXM4-40GB MIG 4g.20gb (0),1,,13,[CUDA memcpy Host-to-Device]
10132593632,12224,218561,273,1,1,8,4,1,39,0.002,0.000,,,,,NVIDIA A100-SXM4-40GB MIG 4g.20gb (0),1,,13,"void channel_eq::eqMmseCoefCompLowMimoKernel<float, float, float, (unsigned int)4, (unsigned int)1, (unsigned int)4>(const channel_eq::_puschRxChEqStatDescr *, channel_eq::_puschRxChEqCoefCompDynDescr)"
10133492150,15776,218562,273,1,1,12,11,1,51,0.002,0.000,,,,,NVIDIA A100-SXM4-40GB MIG 4g.20gb (0),1,,13,"void channel_eq::eqMmseSoftDemapKernel<float, __half, __half, float, (unsigned int)4, (unsigned short)16383>(channel_eq::_puschRxChEqStatDescr *, channel_eq::_puschRxChEqSoftDemapDynDescr)"
10134248206,677720,218563,1,1,1,32,32,1,30,0.000,0.000,,,,,NVIDIA A100-SXM4-40GB MIG 4g.20gb (0),1,,13,"void convert_kernel<float2, __half2>(tensor_layout_any, T1 *, tensor_layout_any, const T2 *)"
10135556095,19040,218575,2253,1,1,128,1,1,16,0.000,0.000,,,,,NVIDIA A100-SXM4-40GB MIG 4g.20gb (0),1,,13,cupy_copy__float16_float16
10136216567,17056,218584,282,1,1,128,1,1,16,0.000,0.000,,,,,NVIDIA A100-SXM4-40GB MIG 4g.20gb (0),1,,13,cupy_copy__complex64_complex64
10136819921,5151,218593,26,1,1,128,1,1,16,0.000,0.000,,,,,NVIDIA A100-SXM4-40GB MIG 4g.20gb (0),1,,13,cupy_copy__float32_float32
10137339627,9952,218602,103,1,1,128,1,1,16,0.000,0.000,,,,,NVIDIA A100-SXM4-40GB MIG 4g.20gb (0),1,,13,cupy_copy__complex64_complex64
10137889188,23744,218612,1434,1,1,128,1,1,16,0.000,0.000,,,,,NVIDIA A100-SXM4-40GB MIG 4g.20gb (0),1,,13,cupy_copy__complex64_complex64
10138537661,260605,218617,1,1,1,32,32,1,30,0.000,0.000,,,,,NVIDIA A100-SXM4-40GB MIG 4g.20gb (0),1,,13,"void convert_kernel<__half2, float2>(tensor_layout_any, T1 *, tensor_layout_any, const T2 *)"
10138836922,6272,218620,,,,,,,,,,0.094,14938.703,Pinned,Device,NVIDIA A100-SXM4-40GB MIG 4g.20gb (0),1,,13,[CUDA memcpy Host-to-Device]
10139466291,626104,218621,,,,,,,,,,456.561,729128.620,Device,,NVIDIA A100-SXM4-40GB MIG 4g.20gb (0),1,,13,[CUDA memset]
10140097739,62848,218626,,,,,,,,,,1.235,19649.194,Pinned,Device,NVIDIA A100-SXM4-40GB MIG 4g.20gb (0),1,,13,[CUDA memcpy Host-to-Device]
10140163339,9920,218627,,,,,,,,,,0.197,19819.266,Pinned,Device,NVIDIA A100-SXM4-40GB MIG 4g.20gb (0),1,,13,[CUDA memcpy Host-to-Device]
10141059392,24352,218628,69,4,1,48,1,1,76,0.002,0.000,,,,,NVIDIA A100-SXM4-40GB MIG 4g.20gb (0),1,,13,"void ch_est::windowedChEstPreNoDftSOfdmKernel<float, __half, float, (unsigned int)2, (unsigned int)1, (unsigned short)4>(ch_est::puschRxChEstStatDescr_t *, ch_est::puschRxChEstDynDescr_t *)"
10141699257,25984,218629,137,2,1,24,2,1,44,0.001,0.001,,,,,NVIDIA A100-SXM4-40GB MIG 4g.20gb (0),1,,13,"void ch_est::chEstFilterNoDftSOfdmDispatchKernel<float, __half, float, (unsigned int)2>(ch_est::puschRxChEstStatDescr_t *, ch_est::puschRxChEstDynDescr_t *)"
10142456401,20735,218630,137,2,1,24,2,1,44,0.001,0.001,,,,,NVIDIA A100-SXM4-40GB MIG 4g.20gb (0),1,,13,"void ch_est::chEstFilterNoDftSOfdmDispatchKernel<float, __half, float, (unsigned int)2>(ch_est::puschRxChEstStatDescr_t *, ch_est::puschRxChEstDynDescr_t *)"
10143134249,5728,218641,103,1,1,128,1,1,16,0.000,0.000,,,,,NVIDIA A100-SXM4-40GB MIG 4g.20gb (0),1,,13,cupy_copy__complex64_complex64
10143684771,28671,218651,1434,1,1,128,1,1,16,0.000,0.000,,,,,NVIDIA A100-SXM4-40GB MIG 4g.20gb (0),1,,13,cupy_copy__complex64_complex64
10144480858,4384,218658,103,1,1,128,1,1,16,0.000,0.000,,,,,NVIDIA A100-SXM4-40GB MIG 4g.20gb (0),1,,13,cupy_copy__complex64_complex64
10145258193,276605,218665,1,1,1,32,32,1,30,0.000,0.000,,,,,NVIDIA A100-SXM4-40GB MIG 4g.20gb (0),1,,13,"void convert_kernel<__half2, float2>(tensor_layout_any, T1 *, tensor_layout_any, const T2 *)"
10145570349,11040,218668,,,,,,,,,,0.094,8486.890,Pinned,Device,NVIDIA A100-SXM4-40GB MIG 4g.20gb (0),1,,13,[CUDA memcpy Host-to-Device]
10146475427,59839,218669,,,,,,,,,,35.810,598419.573,Device,,NVIDIA A100-SXM4-40GB MIG 4g.20gb (0),1,,13,[CUDA memset]
10146538178,4000,218671,,,,,,,,,,0.000,20.000,Pinned,Device,NVIDIA A100-SXM4-40GB MIG 4g.20gb (0),1,,13,[CUDA memcpy Host-to-Device]
10146550658,17600,218672,,,,,,,,,,0.197,11170.873,Pinned,Device,NVIDIA A100-SXM4-40GB MIG 4g.20gb (0),1,,13,[CUDA memcpy Host-to-Device]
10147455704,18528,218673,273,1,1,48,1,1,40,0.000,0.001,,,,,NVIDIA A100-SXM4-40GB MIG 4g.20gb (0),1,,13,"void pusch_noise_intf_est::noiseIntfEstNoDftSOfdmKernel<float, __half, float, float, (unsigned int)2, (unsigned int)1, (unsigned char)4, (unsigned char)4>(pusch_noise_intf_est::puschRxNoiseIntfEstDynDescr)"
10148251343,5632,218684,35,1,1,128,1,1,16,0.000,0.000,,,,,NVIDIA A100-SXM4-40GB MIG 4g.20gb (0),1,,13,cupy_copy__complex64_complex64
10149052870,6400,218693,1,1,1,1,1,1,18,0.000,0.000,,,,,NVIDIA A100-SXM4-40GB MIG 4g.20gb (0),1,,13,cupy_copy__float32_float32
10149066886,1984,218699,,,,,,,,,,0.000,2.016,Device,Pageable,NVIDIA A100-SXM4-40GB MIG 4g.20gb (0),1,,7,[CUDA memcpy Device-to-Host]
10149977723,19872,218710,1434,1,1,128,1,1,16,0.000,0.000,,,,,NVIDIA A100-SXM4-40GB MIG 4g.20gb (0),1,,13,cupy_copy__complex64_complex64
10150760466,5440,218717,103,1,1,128,1,1,16,0.000,0.000,,,,,NVIDIA A100-SXM4-40GB MIG 4g.20gb (0),1,,13,cupy_copy__complex64_complex64
10151439787,5312,218724,35,1,1,128,1,1,16,0.000,0.000,,,,,NVIDIA A100-SXM4-40GB MIG 4g.20gb (0),1,,13,cupy_copy__complex64_complex64
10152143299,4000,218731,1,1,1,1,1,1,18,0.000,0.000,,,,,NVIDIA A100-SXM4-40GB MIG 4g.20gb (0),1,,13,cupy_copy__float32_float32
10152942458,242845,218742,1,1,1,32,32,1,30,0.000,0.000,,,,,NVIDIA A100-SXM4-40GB MIG 4g.20gb (0),1,,13,"void convert_kernel<__half2, float2>(tensor_layout_any, T1 *, tensor_layout_any, const T2 *)"
10153216631,6047,218745,,,,,,,,,,0.094,15494.601,Pinned,Device,NVIDIA A100-SXM4-40GB MIG 4g.20gb (0),1,,13,[CUDA memcpy Host-to-Device]
10153854959,16000,218746,,,,,,,,,,1.547,96664.000,Device,,NVIDIA A100-SXM4-40GB MIG 4g.20gb (0),1,,13,[CUDA memset]
10153873167,6784,218751,,,,,,,,,,0.031,4613.187,Pinned,Device,NVIDIA A100-SXM4-40GB MIG 4g.20gb (0),1,,13,[CUDA memcpy Host-to-Device]
10153886927,13952,218752,,,,,,,,,,0.197,14091.682,Pinned,Device,NVIDIA A100-SXM4-40GB MIG 4g.20gb (0),1,,13,[CUDA memcpy Host-to-Device]
10154628359,13727,218753,273,1,1,8,4,1,39,0.002,0.000,,,,,NVIDIA A100-SXM4-40GB MIG 4g.20gb (0),1,,13,"void channel_eq::eqMmseCoefCompLowMimoKernel<float, float, float, (unsigned int)4, (unsigned int)1, (unsigned int)4>(const channel_eq::_puschRxChEqStatDescr *, channel_eq::_puschRxChEqCoefCompDynDescr)"
10155260735,21376,218754,273,1,1,12,11,1,51,0.002,0.000,,,,,NVIDIA A100-SXM4-40GB MIG 4g.20gb (0),1,,13,"void channel_eq::eqMmseSoftDemapKernel<float, __half, __half, float, (unsigned int)4, (unsigned short)16383>(channel_eq::_puschRxChEqStatDescr *, channel_eq::_puschRxChEqSoftDemapDynDescr)"
10155873816,534522,218755,1,1,1,32,32,1,30,0.000,0.000,,,,,NVIDIA A100-SXM4-40GB MIG 4g.20gb (0),1,,13,"void convert_kernel<float2, __half2>(tensor_layout_any, T1 *, tensor_layout_any, const T2 *)"
10156952396,19040,218767,2253,1,1,128,1,1,16,0.000,0.000,,,,,NVIDIA A100-SXM4-40GB MIG 4g.20gb (0),1,,13,cupy_copy__float16_float16
10157729731,16768,218776,282,1,1,128,1,1,16,0.000,0.000,,,,,NVIDIA A100-SXM4-40GB MIG 4g.20gb (0),1,,13,cupy_copy__complex64_complex64
10158385116,15328,218785,26,1,1,128,1,1,16,0.000,0.000,,,,,NVIDIA A100-SXM4-40GB MIG 4g.20gb (0),1,,13,cupy_copy__float32_float32
10158987957,9152,218794,103,1,1,128,1,1,16,0.000,0.000,,,,,NVIDIA A100-SXM4-40GB MIG 4g.20gb (0),1,,13,cupy_copy__complex64_complex64
10159622158,20544,218804,1434,1,1,128,1,1,16,0.000,0.000,,,,,NVIDIA A100-SXM4-40GB MIG 4g.20gb (0),1,,13,cupy_copy__complex64_complex64
10160184136,238269,218809,1,1,1,32,32,1,30,0.000,0.000,,,,,NVIDIA A100-SXM4-40GB MIG 4g.20gb (0),1,,13,"void convert_kernel<__half2, float2>(tensor_layout_any, T1 *, tensor_layout_any, const T2 *)"
10160455748,7040,218812,,,,,,,,,,0.094,13309.048,Pinned,Device,NVIDIA A100-SXM4-40GB MIG 4g.20gb (0),1,,13,[CUDA memcpy Host-to-Device]
10161075933,617145,218813,,,,,,,,,,456.561,739629.533,Device,,NVIDIA A100-SXM4-40GB MIG 4g.20gb (0),1,,13,[CUDA memset]
10161698774,72096,218818,,,,,,,,,,1.235,17128.673,Pinned,Device,NVIDIA A100-SXM4-40GB MIG 4g.20gb (0),1,,13,[CUDA memcpy Host-to-Device]
10161773334,10111,218819,,,,,,,,,,0.197,19444.924,Pinned,Device,NVIDIA A100-SXM4-40GB MIG 4g.20gb (0),1,,13,[CUDA memcpy Host-to-Device]
10162567692,23616,218820,69,4,1,48,1,1,76,0.002,0.000,,,,,NVIDIA A100-SXM4-40GB MIG 4g.20gb (0),1,,13,"void ch_est::windowedChEstPreNoDftSOfdmKernel<float, __half, float, (unsigned int)2, (unsigned int)1, (unsigned short)4>(ch_est::puschRxChEstStatDescr_t *, ch_est::puschRxChEstDynDescr_t *)"
10163212197,23264,218821,137,2,1,24,2,1,44,0.001,0.001,,,,,NVIDIA A100-SXM4-40GB MIG 4g.20gb (0),1,,13,"void ch_est::chEstFilterNoDftSOfdmDispatchKernel<float, __half, float, (unsigned int)2>(ch_est::puschRxChEstStatDescr_t *, ch_est::puschRxChEstDynDescr_t *)"
10163940477,13184,218822,137,2,1,24,2,1,44,0.001,0.001,,,,,NVIDIA A100-SXM4-40GB MIG 4g.20gb (0),1,,13,"void ch_est::chEstFilterNoDftSOfdmDispatchKernel<float, __half, float, (unsigned int)2>(ch_est::puschRxChEstStatDescr_t *, ch_est::puschRxChEstDynDescr_t *)"
10164631477,5024,218833,103,1,1,128,1,1,16,0.000,0.000,,,,,NVIDIA A100-SXM4-40GB MIG 4g.20gb (0),1,,13,cupy_copy__complex64_complex64
10165383309,20223,218843,1434,1,1,128,1,1,16,0.000,0.000,,,,,NVIDIA A100-SXM4-40GB MIG 4g.20gb (0),1,,13,cupy_copy__complex64_complex64
10166076133,7264,218850,103,1,1,128,1,1,16,0.000,0.000,,,,,NVIDIA A100-SXM4-40GB MIG 4g.20gb (0),1,,13,cupy_copy__complex64_complex64
10166844924,221821,218857,1,1,1,32,32,1,30,0.000,0.000,,,,,NVIDIA A100-SXM4-40GB MIG 4g.20gb (0),1,,13,"void convert_kernel<__half2, float2>(tensor_layout_any, T1 *, tensor_layout_any, const T2 *)"
10167097241,5568,218860,,,,,,,,,,0.094,16827.521,Pinned,Device,NVIDIA A100-SXM4-40GB MIG 4g.20gb (0),1,,13,[CUDA memcpy Host-to-Device]
10167872208,55552,218861,,,,,,,,,,35.810,644614.370,Device,,NVIDIA A100-SXM4-40GB MIG 4g.20gb (0),1,,13,[CUDA memset]
10167932816,6752,218863,,,,,,,,,,0.000,11.848,Pinned,Device,NVIDIA A100-SXM4-40GB MIG 4g.20gb (0),1,,13,[CUDA memcpy Host-to-Device]
10167942896,10271,218864,,,,,,,,,,0.197,19141.951,Pinned,Device,NVIDIA A100-SXM4-40GB MIG 4g.20gb (0),1,,13,[CUDA memcpy Host-to-Device]
10168828869,26720,218865,273,1,1,48,1,1,40,0.000,0.001,,,,,NVIDIA A100-SXM4-40GB MIG 4g.20gb (0),1,,13,"void pusch_noise_intf_est::noiseIntfEstNoDftSOfdmKernel<float, __half, float, float, (unsigned int)2, (unsigned int)1, (unsigned char)4, (unsigned char)4>(pusch_noise_intf_est::puschRxNoiseIntfEstDynDescr)"
10169727419,6720,218876,35,1,1,128,1,1,16,0.000,0.000,,,,,NVIDIA A100-SXM4-40GB MIG 4g.20gb (0),1,,13,cupy_copy__complex64_complex64
10170489427,3712,218885,1,1,1,1,1,1,18,0.000,0.000,,,,,NVIDIA A100-SXM4-40GB MIG 4g.20gb (0),1,,13,cupy_copy__float32_float32
10170494291,1792,218891,,,,,,,,,,0.000,2.232,Device,Pageable,NVIDIA A100-SXM4-40GB MIG 4g.20gb (0),1,,7,[CUDA memcpy Device-to-Host]
10171383017,20319,218902,1434,1,1,128,1,1,16,0.000,0.000,,,,,NVIDIA A100-SXM4-40GB MIG 4g.20gb (0),1,,13,cupy_copy__complex64_complex64
10172118048,6304,218909,103,1,1,128,1,1,16,0.000,0.000,,,,,NVIDIA A100-SXM4-40GB MIG 4g.20gb (0),1,,13,cupy_copy__complex64_complex64
10172653690,5792,218916,35,1,1,128,1,1,16,0.000,0.000,,,,,NVIDIA A100-SXM4-40GB MIG 4g.20gb (0),1,,13,cupy_copy__complex64_complex64
10173198228,3200,218923,1,1,1,1,1,1,18,0.000,0.000,,,,,NVIDIA A100-SXM4-40GB MIG 4g.20gb (0),1,,13,cupy_copy__float32_float32
10173829741,255997,218934,1,1,1,32,32,1,30,0.000,0.000,,,,,NVIDIA A100-SXM4-40GB MIG 4g.20gb (0),1,,13,"void convert_kernel<__half2, float2>(tensor_layout_any, T1 *, tensor_layout_any, const T2 *)"
10174117993,6048,218937,,,,,,,,,,0.094,15491.978,Pinned,Device,NVIDIA A100-SXM4-40GB MIG 4g.20gb (0),1,,13,[CUDA memcpy Host-to-Device]
10174734722,15968,218938,,,,,,,,,,1.547,96857.328,Device,,NVIDIA A100-SXM4-40GB MIG 4g.20gb (0),1,,13,[CUDA memset]
10174755170,6752,218943,,,,,,,,,,0.031,4635.063,Pinned,Device,NVIDIA A100-SXM4-40GB MIG 4g.20gb (0),1,,13,[CUDA memcpy Host-to-Device]
10174767394,14816,218944,,,,,,,,,,0.197,13269.860,Pinned,Device,NVIDIA A100-SXM4-40GB MIG 4g.20gb (0),1,,13,[CUDA memcpy Host-to-Device]
10175511194,16383,218945,273,1,1,8,4,1,39,0.002,0.000,,,,,NVIDIA A100-SXM4-40GB MIG 4g.20gb (0),1,,13,"void channel_eq::eqMmseCoefCompLowMimoKernel<float, float, float, (unsigned int)4, (unsigned int)1, (unsigned int)4>(const channel_eq::_puschRxChEqStatDescr *, channel_eq::_puschRxChEqCoefCompDynDescr)"
10176154002,22624,218946,273,1,1,12,11,1,51,0.002,0.000,,,,,NVIDIA A100-SXM4-40GB MIG 4g.20gb (0),1,,13,"void channel_eq::eqMmseSoftDemapKernel<float, __half, __half, float, (unsigned int)4, (unsigned short)16383>(channel_eq::_puschRxChEqStatDescr *, channel_eq::_puschRxChEqSoftDemapDynDescr)"
10176765259,652313,218947,1,1,1,32,32,1,30,0.000,0.000,,,,,NVIDIA A100-SXM4-40GB MIG 4g.20gb (0),1,,13,"void convert_kernel<float2, __half2>(tensor_layout_any, T1 *, tensor_layout_any, const T2 *)"
10178053149,17024,218959,2253,1,1,128,1,1,16,0.000,0.000,,,,,NVIDIA A100-SXM4-40GB MIG 4g.20gb (0),1,,13,cupy_copy__float16_float16
10178798964,16736,218968,282,1,1,128,1,1,16,0.000,0.000,,,,,NVIDIA A100-SXM4-40GB MIG 4g.20gb (0),1,,13,cupy_copy__complex64_complex64
10179435341,15872,218977,26,1,1,128,1,1,16,0.000,0.000,,,,,NVIDIA A100-SXM4-40GB MIG 4g.20gb (0),1,,13,cupy_copy__float32_float32
10180186405,9248,218986,103,1,1,128,1,1,16,0.000,0.000,,,,,NVIDIA A100-SXM4-40GB MIG 4g.20gb (0),1,,13,cupy_copy__complex64_complex64
10180859869,21664,218996,1434,1,1,128,1,1,16,0.000,0.000,,,,,NVIDIA A100-SXM4-40GB MIG 4g.20gb (0),1,,13,cupy_copy__complex64_complex64
10181424983,246653,219001,1,1,1,32,32,1,30,0.000,0.000,,,,,NVIDIA A100-SXM4-40GB MIG 4g.20gb (0),1,,13,"void convert_kernel<__half2, float2>(tensor_layout_any, T1 *, tensor_layout_any, const T2 *)"
10181704627,5600,219004,,,,,,,,,,0.094,16731.388,Pinned,Device,NVIDIA A100-SXM4-40GB MIG 4g.20gb (0),1,,13,[CUDA memcpy Host-to-Device]
10182351436,621721,219005,,,,,,,,,,456.561,734150.796,Device,,NVIDIA A100-SXM4-40GB MIG 4g.20gb (0),1,,13,[CUDA memset]
10182979333,75135,219010,,,,,,,,,,1.235,16435.870,Pinned,Device,NVIDIA A100-SXM4-40GB MIG 4g.20gb (0),1,,13,[CUDA memcpy Host-to-Device]
10183056996,9472,219011,,,,,,,,,,0.197,20756.693,Pinned,Device,NVIDIA A100-SXM4-40GB MIG 4g.20gb (0),1,,13,[CUDA memcpy Host-to-Device]
10183902618,23840,219012,69,4,1,48,1,1,76,0.002,0.000,,,,,NVIDIA A100-SXM4-40GB MIG 4g.20gb (0),1,,13,"void ch_est::windowedChEstPreNoDftSOfdmKernel<float, __half, float, (unsigned int)2, (unsigned int)1, (unsigned short)4>(ch_est::puschRxChEstStatDescr_t *, ch_est::puschRxChEstDynDescr_t *)"
10184713553,13760,219013,137,2,1,24,2,1,44,0.001,0.001,,,,,NVIDIA A100-SXM4-40GB MIG 4g.20gb (0),1,,13,"void ch_est::chEstFilterNoDftSOfdmDispatchKernel<float, __half, float, (unsigned int)2>(ch_est::puschRxChEstStatDescr_t *, ch_est::puschRxChEstDynDescr_t *)"
10185640775,12416,219014,137,2,1,24,2,1,44,0.001,0.001,,,,,NVIDIA A100-SXM4-40GB MIG 4g.20gb (0),1,,13,"void ch_est::chEstFilterNoDftSOfdmDispatchKernel<float, __half, float, (unsigned int)2>(ch_est::puschRxChEstStatDescr_t *, ch_est::puschRxChEstDynDescr_t *)"
10186576924,4384,219025,103,1,1,128,1,1,16,0.000,0.000,,,,,NVIDIA A100-SXM4-40GB MIG 4g.20gb (0),1,,13,cupy_copy__complex64_complex64
10187515986,17663,219035,1434,1,1,128,1,1,16,0.000,0.000,,,,,NVIDIA A100-SXM4-40GB MIG 4g.20gb (0),1,,13,cupy_copy__complex64_complex64
10188453223,4160,219042,103,1,1,128,1,1,16,0.000,0.000,,,,,NVIDIA A100-SXM4-40GB MIG 4g.20gb (0),1,,13,cupy_copy__complex64_complex64
10189231230,281469,219049,1,1,1,32,32,1,30,0.000,0.000,,,,,NVIDIA A100-SXM4-40GB MIG 4g.20gb (0),1,,13,"void convert_kernel<__half2, float2>(tensor_layout_any, T1 *, tensor_layout_any, const T2 *)"
10189706361,6272,219052,,,,,,,,,,0.094,14938.703,Pinned,Device,NVIDIA A100-SXM4-40GB MIG 4g.20gb (0),1,,13,[CUDA memcpy Host-to-Device]
10190443152,61120,219053,,,,,,,,,,35.810,585886.101,Device,,NVIDIA A100-SXM4-40GB MIG 4g.20gb (0),1,,13,[CUDA memset]
10190506672,3552,219055,,,,,,,,,,0.000,22.522,Pinned,Device,NVIDIA A100-SXM4-40GB MIG 4g.20gb (0),1,,13,[CUDA memcpy Host-to-Device]
10190520207,16448,219056,,,,,,,,,,0.197,11953.177,Pinned,Device,NVIDIA A100-SXM4-40GB MIG 4g.20gb (0),1,,13,[CUDA memcpy Host-to-Device]
10191420933,26656,219057,273,1,1,48,1,1,40,0.000,0.001,,,,,NVIDIA A100-SXM4-40GB MIG 4g.20gb (0),1,,13,"void pusch_noise_intf_est::noiseIntfEstNoDftSOfdmKernel<float, __half, float, float, (unsigned int)2, (unsigned int)1, (unsigned char)4, (unsigned char)4>(pusch_noise_intf_est::puschRxNoiseIntfEstDynDescr)"
10192204636,6496,219068,35,1,1,128,1,1,16,0.000,0.000,,,,,NVIDIA A100-SXM4-40GB MIG 4g.20gb (0),1,,13,cupy_copy__complex64_complex64
10192852149,3744,219077,1,1,1,1,1,1,18,0.000,0.000,,,,,NVIDIA A100-SXM4-40GB MIG 4g.20gb (0),1,,13,cupy_copy__float32_float32
10192859765,4096,219083,,,,,,,,,,0.000,0.977,Device,Pageable,NVIDIA A100-SXM4-40GB MIG 4g.20gb (0),1,,7,[CUDA memcpy Device-to-Host]
10193614764,21280,219094,1434,1,1,128,1,1,16,0.000,0.000,,,,,NVIDIA A100-SXM4-40GB MIG 4g.20gb (0),1,,13,cupy_copy__complex64_complex64
10194232997,5984,219101,103,1,1,128,1,1,16,0.000,0.000,,,,,NVIDIA A100-SXM4-40GB MIG 4g.20gb (0),1,,13,cupy_copy__complex64_complex64
10194750015,5824,219108,35,1,1,128,1,1,16,0.000,0.000,,,,,NVIDIA A100-SXM4-40GB MIG 4g.20gb (0),1,,13,cupy_copy__complex64_complex64
10195295993,3904,219115,1,1,1,1,1,1,18,0.000,0.000,,,,,NVIDIA A100-SXM4-40GB MIG 4g.20gb (0),1,,13,cupy_copy__float32_float32
10195944210,258429,219126,1,1,1,32,32,1,30,0.000,0.000,,,,,NVIDIA A100-SXM4-40GB MIG 4g.20gb (0),1,,13,"void convert_kernel<__half2, float2>(tensor_layout_any, T1 *, tensor_layout_any, const T2 *)"
10196242287,7135,219129,,,,,,,,,,0.094,13131.869,Pinned,Device,NVIDIA A100-SXM4-40GB MIG 4g.20gb (0),1,,13,[CUDA memcpy Host-to-Device]
10196860168,16031,219130,,,,,,,,,,1.547,96476.858,Device,,NVIDIA A100-SXM4-40GB MIG 4g.20gb (0),1,,13,[CUDA memset]
10196880967,6432,219135,,,,,,,,,,0.031,4865.652,Pinned,Device,NVIDIA A100-SXM4-40GB MIG 4g.20gb (0),1,,13,[CUDA memcpy Host-to-Device]
10196893895,13088,219136,,,,,,,,,,0.197,15021.834,Pinned,Device,NVIDIA A100-SXM4-40GB MIG 4g.20gb (0),1,,13,[CUDA memcpy Host-to-Device]
10197644095,16511,219137,273,1,1,8,4,1,39,0.002,0.000,,,,,NVIDIA A100-SXM4-40GB MIG 4g.20gb (0),1,,13,"void channel_eq::eqMmseCoefCompLowMimoKernel<float, float, float, (unsigned int)4, (unsigned int)1, (unsigned int)4>(const channel_eq::_puschRxChEqStatDescr *, channel_eq::_puschRxChEqCoefCompDynDescr)"
10198346807,21887,219138,273,1,1,12,11,1,51,0.002,0.000,,,,,NVIDIA A100-SXM4-40GB MIG 4g.20gb (0),1,,13,"void channel_eq::eqMmseSoftDemapKernel<float, __half, __half, float, (unsigned int)4, (unsigned short)16383>(channel_eq::_puschRxChEqStatDescr *, channel_eq::_puschRxChEqSoftDemapDynDescr)"
10198972208,667544,219139,1,1,1,32,32,1,30,0.000,0.000,,,,,NVIDIA A100-SXM4-40GB MIG 4g.20gb (0),1,,13,"void convert_kernel<float2, __half2>(tensor_layout_any, T1 *, tensor_layout_any, const T2 *)"
10200192802,18016,219151,2253,1,1,128,1,1,16,0.000,0.000,,,,,NVIDIA A100-SXM4-40GB MIG 4g.20gb (0),1,,13,cupy_copy__float16_float16
10200861338,18144,219160,282,1,1,128,1,1,16,0.000,0.000,,,,,NVIDIA A100-SXM4-40GB MIG 4g.20gb (0),1,,13,cupy_copy__complex64_complex64
10201569778,6624,219169,26,1,1,128,1,1,16,0.000,0.000,,,,,NVIDIA A100-SXM4-40GB MIG 4g.20gb (0),1,,13,cupy_copy__float32_float32
10202423944,12704,219178,103,1,1,128,1,1,16,0.000,0.000,,,,,NVIDIA A100-SXM4-40GB MIG 4g.20gb (0),1,,13,cupy_copy__complex64_complex64
10203280639,19807,219188,1434,1,1,128,1,1,16,0.000,0.000,,,,,NVIDIA A100-SXM4-40GB MIG 4g.20gb (0),1,,13,cupy_copy__complex64_complex64
10204142421,253309,219193,1,1,1,32,32,1,30,0.000,0.000,,,,,NVIDIA A100-SXM4-40GB MIG 4g.20gb (0),1,,13,"void convert_kernel<__half2, float2>(tensor_layout_any, T1 *, tensor_layout_any, const T2 *)"
10204433970,10175,219196,,,,,,,,,,0.094,9208.443,Pinned,Device,NVIDIA A100-SXM4-40GB MIG 4g.20gb (0),1,,13,[CUDA memcpy Host-to-Device]
10205257320,621817,219197,,,,,,,,,,456.561,734150.796,Device,,NVIDIA A100-SXM4-40GB MIG 4g.20gb (0),1,,13,[CUDA memset]
10205882113,63903,219202,,,,,,,,,,1.235,19324.404,Pinned,Device,NVIDIA A100-SXM4-40GB MIG 4g.20gb (0),1,,13,[CUDA memcpy Host-to-Device]
10205948576,10144,219203,,,,,,,,,,0.197,19381.617,Pinned,Device,NVIDIA A100-SXM4-40GB MIG 4g.20gb (0),1,,13,[CUDA memcpy Host-to-Device]
10206730712,22879,219204,69,4,1,48,1,1,76,0.002,0.000,,,,,NVIDIA A100-SXM4-40GB MIG 4g.20gb (0),1,,13,"void ch_est::windowedChEstPreNoDftSOfdmKernel<float, __half, float, (unsigned int)2, (unsigned int)1, (unsigned short)4>(ch_est::puschRxChEstStatDescr_t *, ch_est::puschRxChEstDynDescr_t *)"
10207452175,16032,219205,137,2,1,24,2,1,44,0.001,0.001,,,,,NVIDIA A100-SXM4-40GB MIG 4g.20gb (0),1,,13,"void ch_est::chEstFilterNoDftSOfdmDispatchKernel<float, __half, float, (unsigned int)2>(ch_est::puschRxChEstStatDescr_t *, ch_est::puschRxChEstDynDescr_t *)"
10208169031,11680,219206,137,2,1,24,2,1,44,0.001,0.001,,,,,NVIDIA A100-SXM4-40GB MIG 4g.20gb (0),1,,13,"void ch_est::chEstFilterNoDftSOfdmDispatchKernel<float, __half, float, (unsigned int)2>(ch_est::puschRxChEstStatDescr_t *, ch_est::puschRxChEstDynDescr_t *)"
10209019742,8064,219217,103,1,1,128,1,1,16,0.000,0.000,,,,,NVIDIA A100-SXM4-40GB MIG 4g.20gb (0),1,,13,cupy_copy__complex64_complex64
10209760053,18688,219227,1434,1,1,128,1,1,16,0.000,0.000,,,,,NVIDIA A100-SXM4-40GB MIG 4g.20gb (0),1,,13,cupy_copy__complex64_complex64
10210374062,5088,219234,103,1,1,128,1,1,16,0.000,0.000,,,,,NVIDIA A100-SXM4-40GB MIG 4g.20gb (0),1,,13,cupy_copy__complex64_complex64
10210922408,246429,219241,1,1,1,32,32,1,30,0.000,0.000,,,,,NVIDIA A100-SXM4-40GB MIG 4g.20gb (0),1,,13,"void convert_kernel<__half2, float2>(tensor_layout_any, T1 *, tensor_layout_any, const T2 *)"
10211203077,7392,219244,,,,,,,,,,0.094,12675.289,Pinned,Device,NVIDIA A100-SXM4-40GB MIG 4g.20gb (0),1,,13,[CUDA memcpy Host-to-Device]
10211709663,55615,219245,,,,,,,,,,35.810,643862.362,Device,,NVIDIA A100-SXM4-40GB MIG 4g.20gb (0),1,,13,[CUDA memset]
10211767262,3040,219247,,,,,,,,,,0.000,26.316,Pinned,Device,NVIDIA A100-SXM4-40GB MIG 4g.20gb (0),1,,13,[CUDA memcpy Host-to-Device]
10211775710,12544,219248,,,,,,,,,,0.197,15673.393,Pinned,Device,NVIDIA A100-SXM4-40GB MIG 4g.20gb (0),1,,13,[CUDA memcpy Host-to-Device]
10212530614,22592,219249,273,1,1,48,1,1,40,0.000,0.001,,,,,NVIDIA A100-SXM4-40GB MIG 4g.20gb (0),1,,13,"void pusch_noise_intf_est::noiseIntfEstNoDftSOfdmKernel<float, __half, float, float, (unsigned int)2, (unsigned int)1, (unsigned char)4, (unsigned char)4>(pusch_noise_intf_est::puschRxNoiseIntfEstDynDescr)"
10213167119,15775,219260,35,1,1,128,1,1,16,0.000,0.000,,,,,NVIDIA A100-SXM4-40GB MIG 4g.20gb (0),1,,13,cupy_copy__complex64_complex64
10213792039,4000,219269,1,1,1,1,1,1,18,0.000,0.000,,,,,NVIDIA A100-SXM4-40GB MIG 4g.20gb (0),1,,13,cupy_copy__float32_float32
10213800903,1632,219275,,,,,,,,,,0.000,2.451,Device,Pageable,NVIDIA A100-SXM4-40GB MIG 4g.20gb (0),1,,7,[CUDA memcpy Device-to-Host]
10214313122,19903,219286,1434,1,1,128,1,1,16,0.000,0.000,,,,,NVIDIA A100-SXM4-40GB MIG 4g.20gb (0),1,,13,cupy_copy__complex64_complex64
10214879707,15488,219293,103,1,1,128,1,1,16,0.000,0.000,,,,,NVIDIA A100-SXM4-40GB MIG 4g.20gb (0),1,,13,cupy_copy__complex64_complex64
10215514612,16416,219300,35,1,1,128,1,1,16,0.000,0.000,,,,,NVIDIA A100-SXM4-40GB MIG 4g.20gb (0),1,,13,cupy_copy__complex64_complex64
10216143501,4416,219307,1,1,1,1,1,1,18,0.000,0.000,,,,,NVIDIA A100-SXM4-40GB MIG 4g.20gb (0),1,,13,cupy_copy__float32_float32
10216836485,264573,219318,1,1,1,32,32,1,30,0.000,0.000,,,,,NVIDIA A100-SXM4-40GB MIG 4g.20gb (0),1,,13,"void convert_kernel<__half2, float2>(tensor_layout_any, T1 *, tensor_layout_any, const T2 *)"
10217134530,5599,219321,,,,,,,,,,0.094,16734.387,Pinned,Device,NVIDIA A100-SXM4-40GB MIG 4g.20gb (0),1,,13,[CUDA memcpy Host-to-Device]
10217587100,10432,219322,,,,,,,,,,1.547,148256.283,Device,,NVIDIA A100-SXM4-40GB MIG 4g.20gb (0),1,,13,[CUDA memset]
10217598588,3008,219327,,,,,,,,,,0.031,10404.230,Pinned,Device,NVIDIA A100-SXM4-40GB MIG 4g.20gb (0),1,,13,[CUDA memcpy Host-to-Device]
10217606300,11584,219328,,,,,,,,,,0.197,16972.186,Pinned,Device,NVIDIA A100-SXM4-40GB MIG 4g.20gb (0),1,,13,[CUDA memcpy Host-to-Device]
10218255189,15840,219329,273,1,1,8,4,1,39,0.002,0.000,,,,,NVIDIA A100-SXM4-40GB MIG 4g.20gb (0),1,,13,"void channel_eq::eqMmseCoefCompLowMimoKernel<float, float, float, (unsigned int)4, (unsigned int)1, (unsigned int)4>(const channel_eq::_puschRxChEqStatDescr *, channel_eq::_puschRxChEqCoefCompDynDescr)"
10219021836,24320,219330,273,1,1,12,11,1,51,0.002,0.000,,,,,NVIDIA A100-SXM4-40GB MIG 4g.20gb (0),1,,13,"void channel_eq::eqMmseSoftDemapKernel<float, __half, __half, float, (unsigned int)4, (unsigned short)16383>(channel_eq::_puschRxChEqStatDescr *, channel_eq::_puschRxChEqSoftDemapDynDescr)"
10219785027,680089,219331,1,1,1,32,32,1,30,0.000,0.000,,,,,NVIDIA A100-SXM4-40GB MIG 4g.20gb (0),1,,13,"void convert_kernel<float2, __half2>(tensor_layout_any, T1 *, tensor_layout_any, const T2 *)"
10221031733,17536,219343,2253,1,1,128,1,1,16,0.000,0.000,,,,,NVIDIA A100-SXM4-40GB MIG 4g.20gb (0),1,,13,cupy_copy__float16_float16
10221701742,16704,219352,282,1,1,128,1,1,16,0.000,0.000,,,,,NVIDIA A100-SXM4-40GB MIG 4g.20gb (0),1,,13,cupy_copy__complex64_complex64
10222466405,5760,219361,26,1,1,128,1,1,16,0.000,0.000,,,,,NVIDIA A100-SXM4-40GB MIG 4g.20gb (0),1,,13,cupy_copy__float32_float32
10223239228,16576,219370,103,1,1,128,1,1,16,0.000,0.000,,,,,NVIDIA A100-SXM4-40GB MIG 4g.20gb (0),1,,13,cupy_copy__complex64_complex64
10223974868,19488,219380,1434,1,1,128,1,1,16,0.000,0.000,,,,,NVIDIA A100-SXM4-40GB MIG 4g.20gb (0),1,,13,cupy_copy__complex64_complex64
10224625165,267389,219385,1,1,1,32,32,1,30,0.000,0.000,,,,,NVIDIA A100-SXM4-40GB MIG 4g.20gb (0),1,,13,"void convert_kernel<__half2, float2>(tensor_layout_any, T1 *, tensor_layout_any, const T2 *)"
10224924329,5632,219388,,,,,,,,,,0.094,16636.287,Pinned,Device,NVIDIA A100-SXM4-40GB MIG 4g.20gb (0),1,,13,[CUDA memcpy Host-to-Device]
10225514978,698841,219389,,,,,,,,,,456.561,652882.859,Device,,NVIDIA A100-SXM4-40GB MIG 4g.20gb (0),1,,13,[CUDA memset]
10226214267,71295,219394,,,,,,,,,,1.235,17321.325,Pinned,Device,NVIDIA A100-SXM4-40GB MIG 4g.20gb (0),1,,13,[CUDA memcpy Host-to-Device]
10226288090,10272,219395,,,,,,,,,,0.197,19140.182,Pinned,Device,NVIDIA A100-SXM4-40GB MIG 4g.20gb (0),1,,13,[CUDA memcpy Host-to-Device]
10227093297,15487,219396,69,4,1,48,1,1,76,0.002,0.000,,,,,NVIDIA A100-SXM4-40GB MIG 4g.20gb (0),1,,13,"void ch_est::windowedChEstPreNoDftSOfdmKernel<float, __half, float, (unsigned int)2, (unsigned int)1, (unsigned short)4>(ch_est::puschRxChEstStatDescr_t *, ch_est::puschRxChEstDynDescr_t *)"
10227763465,15872,219397,137,2,1,24,2,1,44,0.001,0.001,,,,,NVIDIA A100-SXM4-40GB MIG 4g.20gb (0),1,,13,"void ch_est::chEstFilterNoDftSOfdmDispatchKernel<float, __half, float, (unsigned int)2>(ch_est::puschRxChEstStatDescr_t *, ch_est::puschRxChEstDynDescr_t *)"
10228520832,12576,219398,137,2,1,24,2,1,44,0.001,0.001,,,,,NVIDIA A100-SXM4-40GB MIG 4g.20gb (0),1,,13,"void ch_est::chEstFilterNoDftSOfdmDispatchKernel<float, __half, float, (unsigned int)2>(ch_est::puschRxChEstStatDescr_t *, ch_est::puschRxChEstDynDescr_t *)"
10229286296,12736,219409,103,1,1,128,1,1,16,0.000,0.000,,,,,NVIDIA A100-SXM4-40GB MIG 4g.20gb (0),1,,13,cupy_copy__complex64_complex64
10230021423,18208,219419,1434,1,1,128,1,1,16,0.000,0.000,,,,,NVIDIA A100-SXM4-40GB MIG 4g.20gb (0),1,,13,cupy_copy__complex64_complex64
10230540297,5440,219426,103,1,1,128,1,1,16,0.000,0.000,,,,,NVIDIA A100-SXM4-40GB MIG 4g.20gb (0),1,,13,cupy_copy__complex64_complex64
10231093763,251453,219433,1,1,1,32,32,1,30,0.000,0.000,,,,,NVIDIA A100-SXM4-40GB MIG 4g.20gb (0),1,,13,"void convert_kernel<__half2, float2>(tensor_layout_any, T1 *, tensor_layout_any, const T2 *)"
10231376896,5664,219436,,,,,,,,,,0.094,16542.310,Pinned,Device,NVIDIA A100-SXM4-40GB MIG 4g.20gb (0),1,,13,[CUDA memcpy Host-to-Device]
10231866330,57088,219437,,,,,,,,,,35.810,627246.559,Device,,NVIDIA A100-SXM4-40GB MIG 4g.20gb (0),1,,13,[CUDA memset]
10231930042,6592,219439,,,,,,,,,,0.000,12.136,Pinned,Device,NVIDIA A100-SXM4-40GB MIG 4g.20gb (0),1,,13,[CUDA memcpy Host-to-Device]
10231943130,14111,219440,,,,,,,,,,0.197,13932.823,Pinned,Device,NVIDIA A100-SXM4-40GB MIG 4g.20gb (0),1,,13,[CUDA memcpy Host-to-Device]
10232687057,26080,219441,273,1,1,48,1,1,40,0.000,0.001,,,,,NVIDIA A100-SXM4-40GB MIG 4g.20gb (0),1,,13,"void pusch_noise_intf_est::noiseIntfEstNoDftSOfdmKernel<float, __half, float, float, (unsigned int)2, (unsigned int)1, (unsigned char)4, (unsigned char)4>(pusch_noise_intf_est::puschRxNoiseIntfEstDynDescr)"
10233323530,14912,219452,35,1,1,128,1,1,16,0.000,0.000,,,,,NVIDIA A100-SXM4-40GB MIG 4g.20gb (0),1,,13,cupy_copy__complex64_complex64
10233949219,4288,219461,1,1,1,1,1,1,18,0.000,0.000,,,,,NVIDIA A100-SXM4-40GB MIG 4g.20gb (0),1,,13,cupy_copy__float32_float32
10233957603,1760,219467,,,,,,,,,,0.000,2.273,Device,Pageable,NVIDIA A100-SXM4-40GB MIG 4g.20gb (0),1,,7,[CUDA memcpy Device-to-Host]
10234476413,22336,219478,1434,1,1,128,1,1,16,0.000,0.000,,,,,NVIDIA A100-SXM4-40GB MIG 4g.20gb (0),1,,13,cupy_copy__complex64_complex64
10235051190,16192,219485,103,1,1,128,1,1,16,0.000,0.000,,,,,NVIDIA A100-SXM4-40GB MIG 4g.20gb (0),1,,13,cupy_copy__complex64_complex64
10235688943,13376,219492,35,1,1,128,1,1,16,0.000,0.000,,,,,NVIDIA A100-SXM4-40GB MIG 4g.20gb (0),1,,13,cupy_copy__complex64_complex64
10236356424,4287,219499,1,1,1,1,1,1,18,0.000,0.000,,,,,NVIDIA A100-SXM4-40GB MIG 4g.20gb (0),1,,13,cupy_copy__float32_float32
10236880290,244573,219510,1,1,1,32,32,1,30,0.000,0.000,,,,,NVIDIA A100-SXM4-40GB MIG 4g.20gb (0),1,,13,"void convert_kernel<__half2, float2>(tensor_layout_any, T1 *, tensor_layout_any, const T2 *)"
10237157086,5888,219513,,,,,,,,,,0.094,15912.954,Pinned,Device,NVIDIA A100-SXM4-40GB MIG 4g.20gb (0),1,,13,[CUDA memcpy Host-to-Device]
10237743064,5184,219514,,,,,,,,,,1.547,298345.316,Device,,NVIDIA A100-SXM4-40GB MIG 4g.20gb (0),1,,13,[CUDA memset]
10237751704,10496,219519,,,,,,,,,,0.031,2981.695,Pinned,Device,NVIDIA A100-SXM4-40GB MIG 4g.20gb (0),1,,13,[CUDA memcpy Host-to-Device]
10237764984,16703,219520,,,,,,,,,,0.197,11770.724,Pinned,Device,NVIDIA A100-SXM4-40GB MIG 4g.20gb (0),1,,13,[CUDA memcpy Host-to-Device]
10238362449,17056,219521,273,1,1,8,4,1,39,0.002,0.000,,,,,NVIDIA A100-SXM4-40GB MIG 4g.20gb (0),1,,13,"void channel_eq::eqMmseCoefCompLowMimoKernel<float, float, float, (unsigned int)4, (unsigned int)1, (unsigned int)4>(const channel_eq::_puschRxChEqStatDescr *, channel_eq::_puschRxChEqCoefCompDynDescr)"
10239009193,20512,219522,273,1,1,12,11,1,51,0.002,0.000,,,,,NVIDIA A100-SXM4-40GB MIG 4g.20gb (0),1,,13,"void channel_eq::eqMmseSoftDemapKernel<float, __half, __half, float, (unsigned int)4, (unsigned short)16383>(channel_eq::_puschRxChEqStatDescr *, channel_eq::_puschRxChEqSoftDemapDynDescr)"
10239739105,654937,219523,1,1,1,32,32,1,30,0.000,0.000,,,,,NVIDIA A100-SXM4-40GB MIG 4g.20gb (0),1,,13,"void convert_kernel<float2, __half2>(tensor_layout_any, T1 *, tensor_layout_any, const T2 *)"
10241069938,18304,219535,2253,1,1,128,1,1,16,0.000,0.000,,,,,NVIDIA A100-SXM4-40GB MIG 4g.20gb (0),1,,13,cupy_copy__float16_float16
10241696043,15936,219544,282,1,1,128,1,1,16,0.000,0.000,,,,,NVIDIA A100-SXM4-40GB MIG 4g.20gb (0),1,,13,cupy_copy__complex64_complex64
10242412963,5152,219553,26,1,1,128,1,1,16,0.000,0.000,,,,,NVIDIA A100-SXM4-40GB MIG 4g.20gb (0),1,,13,cupy_copy__float32_float32
10243119899,11808,219562,103,1,1,128,1,1,16,0.000,0.000,,,,,NVIDIA A100-SXM4-40GB MIG 4g.20gb (0),1,,13,cupy_copy__complex64_complex64
10243966673,18976,219572,1434,1,1,128,1,1,16,0.000,0.000,,,,,NVIDIA A100-SXM4-40GB MIG 4g.20gb (0),1,,13,cupy_copy__complex64_complex64
10244824487,264573,219577,1,1,1,32,32,1,30,0.000,0.000,,,,,NVIDIA A100-SXM4-40GB MIG 4g.20gb (0),1,,13,"void convert_kernel<__half2, float2>(tensor_layout_any, T1 *, tensor_layout_any, const T2 *)"
10245123588,6016,219580,,,,,,,,,,0.094,15574.430,Pinned,Device,NVIDIA A100-SXM4-40GB MIG 4g.20gb (0),1,,13,[CUDA memcpy Host-to-Device]
10245936699,618009,219581,,,,,,,,,,456.561,738716.410,Device,,NVIDIA A100-SXM4-40GB MIG 4g.20gb (0),1,,13,[CUDA memset]
10246561492,64223,219586,,,,,,,,,,1.235,19228.078,Pinned,Device,NVIDIA A100-SXM4-40GB MIG 4g.20gb (0),1,,13,[CUDA memcpy Host-to-Device]
10246628403,9472,219587,,,,,,,,,,0.197,20756.693,Pinned,Device,NVIDIA A100-SXM4-40GB MIG 4g.20gb (0),1,,13,[CUDA memcpy Host-to-Device]
10247402058,23136,219588,69,4,1,48,1,1,76,0.002,0.000,,,,,NVIDIA A100-SXM4-40GB MIG 4g.20gb (0),1,,13,"void ch_est::windowedChEstPreNoDftSOfdmKernel<float, __half, float, (unsigned int)2, (unsigned int)1, (unsigned short)4>(ch_est::puschRxChEstStatDescr_t *, ch_est::puschRxChEstDynDescr_t *)"
10248112290,23296,219589,137,2,1,24,2,1,44,0.001,0.001,,,,,NVIDIA A100-SXM4-40GB MIG 4g.20gb (0),1,,13,"void ch_est::chEstFilterNoDftSOfdmDispatchKernel<float, __half, float, (unsigned int)2>(ch_est::puschRxChEstStatDescr_t *, ch_est::puschRxChEstDynDescr_t *)"
10248715931,15936,219590,137,2,1,24,2,1,44,0.001,0.001,,,,,NVIDIA A100-SXM4-40GB MIG 4g.20gb (0),1,,13,"void ch_est::chEstFilterNoDftSOfdmDispatchKernel<float, __half, float, (unsigned int)2>(ch_est::puschRxChEstStatDescr_t *, ch_est::puschRxChEstDynDescr_t *)"
10249239605,4608,219601,103,1,1,128,1,1,16,0.000,0.000,,,,,NVIDIA A100-SXM4-40GB MIG 4g.20gb (0),1,,13,cupy_copy__complex64_complex64
10249792143,23520,219611,1434,1,1,128,1,1,16,0.000,0.000,,,,,NVIDIA A100-SXM4-40GB MIG 4g.20gb (0),1,,13,cupy_copy__complex64_complex64
10250437928,15008,219618,103,1,1,128,1,1,16,0.000,0.000,,,,,NVIDIA A100-SXM4-40GB MIG 4g.20gb (0),1,,13,cupy_copy__complex64_complex64
10251054529,267965,219625,1,1,1,32,32,1,30,0.000,0.000,,,,,NVIDIA A100-SXM4-40GB MIG 4g.20gb (0),1,,13,"void convert_kernel<__half2, float2>(tensor_layout_any, T1 *, tensor_layout_any, const T2 *)"
10251355005,8960,219628,,,,,,,,,,0.094,10457.129,Pinned,Device,NVIDIA A100-SXM4-40GB MIG 4g.20gb (0),1,,13,[CUDA memcpy Host-to-Device]
10251986742,60096,219629,,,,,,,,,,35.810,595877.069,Device,,NVIDIA A100-SXM4-40GB MIG 4g.20gb (0),1,,13,[CUDA memset]
10252050389,5472,219631,,,,,,,,,,0.000,14.620,Pinned,Device,NVIDIA A100-SXM4-40GB MIG 4g.20gb (0),1,,13,[CUDA memcpy Host-to-Device]
10252058325,10144,219632,,,,,,,,,,0.197,19381.617,Pinned,Device,NVIDIA A100-SXM4-40GB MIG 4g.20gb (0),1,,13,[CUDA memcpy Host-to-Device]
10252830317,26143,219633,273,1,1,48,1,1,40,0.000,0.001,,,,,NVIDIA A100-SXM4-40GB MIG 4g.20gb (0),1,,13,"void pusch_noise_intf_est::noiseIntfEstNoDftSOfdmKernel<float, __half, float, float, (unsigned int)2, (unsigned int)1, (unsigned char)4, (unsigned char)4>(pusch_noise_intf_est::puschRxNoiseIntfEstDynDescr)"
10253424582,4928,219644,35,1,1,128,1,1,16,0.000,0.000,,,,,NVIDIA A100-SXM4-40GB MIG 4g.20gb (0),1,,13,cupy_copy__complex64_complex64
10253953888,4064,219653,1,1,1,1,1,1,18,0.000,0.000,,,,,NVIDIA A100-SXM4-40GB MIG 4g.20gb (0),1,,13,cupy_copy__float32_float32
10253961152,5792,219659,,,,,,,,,,0.000,0.691,Device,Pageable,NVIDIA A100-SXM4-40GB MIG 4g.20gb (0),1,,7,[CUDA memcpy Device-to-Host]
10254520217,21664,219670,1434,1,1,128,1,1,16,0.000,0.000,,,,,NVIDIA A100-SXM4-40GB MIG 4g.20gb (0),1,,13,cupy_copy__complex64_complex64
10255320912,12704,219677,103,1,1,128,1,1,16,0.000,0.000,,,,,NVIDIA A100-SXM4-40GB MIG 4g.20gb (0),1,,13,cupy_copy__complex64_complex64
10255932905,8000,219684,35,1,1,128,1,1,16,0.000,0.000,,,,,NVIDIA A100-SXM4-40GB MIG 4g.20gb (0),1,,13,cupy_copy__complex64_complex64
10256575714,3648,219691,1,1,1,1,1,1,18,0.000,0.000,,,,,NVIDIA A100-SXM4-40GB MIG 4g.20gb (0),1,,13,cupy_copy__float32_float32
10257244123,206397,219702,1,1,1,32,32,1,30,0.000,0.000,,,,,NVIDIA A100-SXM4-40GB MIG 4g.20gb (0),1,,13,"void convert_kernel<__half2, float2>(tensor_layout_any, T1 *, tensor_layout_any, const T2 *)"
10257483736,6048,219705,,,,,,,,,,0.094,15491.978,Pinned,Device,NVIDIA A100-SXM4-40GB MIG 4g.20gb (0),1,,13,[CUDA memcpy Host-to-Device]
10258003794,26240,219706,,,,,,,,,,1.547,58940.294,Device,,NVIDIA A100-SXM4-40GB MIG 4g.20gb (0),1,,13,[CUDA memset]
10258032530,6400,219711,,,,,,,,,,0.031,4890.000,Pinned,Device,NVIDIA A100-SXM4-40GB MIG 4g.20gb (0),1,,13,[CUDA memcpy Host-to-Device]
10258041650,9759,219712,,,,,,,,,,0.197,20146.225,Pinned,Device,NVIDIA A100-SXM4-40GB MIG 4g.20gb (0),1,,13,[CUDA memcpy Host-to-Device]
10258907208,13984,219713,273,1,1,8,4,1,39,0.002,0.000,,,,,NVIDIA A100-SXM4-40GB MIG 4g.20gb (0),1,,13,"void channel_eq::eqMmseCoefCompLowMimoKernel<float, float, float, (unsigned int)4, (unsigned int)1, (unsigned int)4>(const channel_eq::_puschRxChEqStatDescr *, channel_eq::_puschRxChEqCoefCompDynDescr)"
10259680255,15264,219714,273,1,1,12,11,1,51,0.002,0.000,,,,,NVIDIA A100-SXM4-40GB MIG 4g.20gb (0),1,,13,"void channel_eq::eqMmseSoftDemapKernel<float, __half, __half, float, (unsigned int)4, (unsigned short)16383>(channel_eq::_puschRxChEqStatDescr *, channel_eq::_puschRxChEqSoftDemapDynDescr)"
10260474102,660504,219715,1,1,1,32,32,1,30,0.000,0.000,,,,,NVIDIA A100-SXM4-40GB MIG 4g.20gb (0),1,,13,"void convert_kernel<float2, __half2>(tensor_layout_any, T1 *, tensor_layout_any, const T2 *)"
10261853318,18752,219727,2253,1,1,128,1,1,16,0.000,0.000,,,,,NVIDIA A100-SXM4-40GB MIG 4g.20gb (0),1,,13,cupy_copy__float16_float16
10262536255,16383,219736,282,1,1,128,1,1,16,0.000,0.000,,,,,NVIDIA A100-SXM4-40GB MIG 4g.20gb (0),1,,13,cupy_copy__complex64_complex64
10263302934,5824,219745,26,1,1,128,1,1,16,0.000,0.000,,,,,NVIDIA A100-SXM4-40GB MIG 4g.20gb (0),1,,13,cupy_copy__float32_float32
10264076813,13408,219754,103,1,1,128,1,1,16,0.000,0.000,,,,,NVIDIA A100-SXM4-40GB MIG 4g.20gb (0),1,,13,cupy_copy__complex64_complex64
10264813061,19168,219764,1434,1,1,128,1,1,16,0.000,0.000,,,,,NVIDIA A100-SXM4-40GB MIG 4g.20gb (0),1,,13,cupy_copy__complex64_complex64
10265478845,250205,219769,1,1,1,32,32,1,30,0.000,0.000,,,,,NVIDIA A100-SXM4-40GB MIG 4g.20gb (0),1,,13,"void convert_kernel<__half2, float2>(tensor_layout_any, T1 *, tensor_layout_any, const T2 *)"
10265760762,5664,219772,,,,,,,,,,0.094,16542.310,Pinned,Device,NVIDIA A100-SXM4-40GB MIG 4g.20gb (0),1,,13,[CUDA memcpy Host-to-Device]
10266377427,696536,219773,,,,,,,,,,456.561,655165.666,Device,,NVIDIA A100-SXM4-40GB MIG 4g.20gb (0),1,,13,[CUDA memset]
10267081515,60959,219778,,,,,,,,,,1.235,20258.021,Pinned,Device,NVIDIA A100-SXM4-40GB MIG 4g.20gb (0),1,,13,[CUDA memcpy Host-to-Device]
10267144938,9440,219779,,,,,,,,,,0.197,20827.079,Pinned,Device,NVIDIA A100-SXM4-40GB MIG 4g.20gb (0),1,,13,[CUDA memcpy Host-to-Device]
10267957473,16832,219780,69,4,1,48,1,1,76,0.002,0.000,,,,,NVIDIA A100-SXM4-40GB MIG 4g.20gb (0),1,,13,"void ch_est::windowedChEstPreNoDftSOfdmKernel<float, __half, float, (unsigned int)2, (unsigned int)1, (unsigned short)4>(ch_est::puschRxChEstStatDescr_t *, ch_est::puschRxChEstDynDescr_t *)"
10268520059,16224,219781,137,2,1,24,2,1,44,0.001,0.001,,,,,NVIDIA A100-SXM4-40GB MIG 4g.20gb (0),1,,13,"void ch_est::chEstFilterNoDftSOfdmDispatchKernel<float, __half, float, (unsigned int)2>(ch_est::puschRxChEstStatDescr_t *, ch_est::puschRxChEstDynDescr_t *)"
10269155827,18112,219782,137,2,1,24,2,1,44,0.001,0.001,,,,,NVIDIA A100-SXM4-40GB MIG 4g.20gb (0),1,,13,"void ch_est::chEstFilterNoDftSOfdmDispatchKernel<float, __half, float, (unsigned int)2>(ch_est::puschRxChEstStatDescr_t *, ch_est::puschRxChEstDynDescr_t *)"
10269767789,6559,219793,103,1,1,128,1,1,16,0.000,0.000,,,,,NVIDIA A100-SXM4-40GB MIG 4g.20gb (0),1,,13,cupy_copy__complex64_complex64
10270291175,23007,219803,1434,1,1,128,1,1,16,0.000,0.000,,,,,NVIDIA A100-SXM4-40GB MIG 4g.20gb (0),1,,13,cupy_copy__complex64_complex64
10270858208,15680,219810,103,1,1,128,1,1,16,0.000,0.000,,,,,NVIDIA A100-SXM4-40GB MIG 4g.20gb (0),1,,13,cupy_copy__complex64_complex64
10271488025,220414,219817,1,1,1,32,32,1,30,0.000,0.000,,,,,NVIDIA A100-SXM4-40GB MIG 4g.20gb (0),1,,13,"void convert_kernel<__half2, float2>(tensor_layout_any, T1 *, tensor_layout_any, const T2 *)"
10271740438,5536,219820,,,,,,,,,,0.094,16924.777,Pinned,Device,NVIDIA A100-SXM4-40GB MIG 4g.20gb (0),1,,13,[CUDA memcpy Host-to-Device]
10272377103,56415,219821,,,,,,,,,,35.810,634730.832,Device,,NVIDIA A100-SXM4-40GB MIG 4g.20gb (0),1,,13,[CUDA memset]
10272436078,4352,219823,,,,,,,,,,0.000,18.382,Pinned,Device,NVIDIA A100-SXM4-40GB MIG 4g.20gb (0),1,,13,[CUDA memcpy Host-to-Device]
10272447662,14176,219824,,,,,,,,,,0.197,13868.925,Pinned,Device,NVIDIA A100-SXM4-40GB MIG 4g.20gb (0),1,,13,[CUDA memcpy Host-to-Device]
10273215813,30080,219825,273,1,1,48,1,1,40,0.000,0.001,,,,,NVIDIA A100-SXM4-40GB MIG 4g.20gb (0),1,,13,"void pusch_noise_intf_est::noiseIntfEstNoDftSOfdmKernel<float, __half, float, float, (unsigned int)2, (unsigned int)1, (unsigned char)4, (unsigned char)4>(pusch_noise_intf_est::puschRxNoiseIntfEstDynDescr)"
10273919837,4800,219836,35,1,1,128,1,1,16,0.000,0.000,,,,,NVIDIA A100-SXM4-40GB MIG 4g.20gb (0),1,,13,cupy_copy__complex64_complex64
10274715476,4032,219845,1,1,1,1,1,1,18,0.000,0.000,,,,,NVIDIA A100-SXM4-40GB MIG 4g.20gb (0),1,,13,cupy_copy__float32_float32
10274726644,1696,219851,,,,,,,,,,0.000,2.358,Device,Pageable,NVIDIA A100-SXM4-40GB MIG 4g.20gb (0),1,,7,[CUDA memcpy Device-to-Host]
10275555627,18848,219862,1434,1,1,128,1,1,16,0.000,0.000,,,,,NVIDIA A100-SXM4-40GB MIG 4g.20gb (0),1,,13,cupy_copy__complex64_complex64
10276285283,4608,219869,103,1,1,128,1,1,16,0.000,0.000,,,,,NVIDIA A100-SXM4-40GB MIG 4g.20gb (0),1,,13,cupy_copy__complex64_complex64
10277034842,20832,219876,35,1,1,128,1,1,16,0.000,0.000,,,,,NVIDIA A100-SXM4-40GB MIG 4g.20gb (0),1,,13,cupy_copy__complex64_complex64
10277667027,3968,219883,1,1,1,1,1,1,18,0.000,0.000,,,,,NVIDIA A100-SXM4-40GB MIG 4g.20gb (0),1,,13,cupy_copy__float32_float32
10278539657,248349,219894,1,1,1,32,32,1,30,0.000,0.000,,,,,NVIDIA A100-SXM4-40GB MIG 4g.20gb (0),1,,13,"void convert_kernel<__half2, float2>(tensor_layout_any, T1 *, tensor_layout_any, const T2 *)"
10278822150,7296,219897,,,,,,,,,,0.094,12842.067,Pinned,Device,NVIDIA A100-SXM4-40GB MIG 4g.20gb (0),1,,13,[CUDA memcpy Host-to-Device]
10279415615,6144,219898,,,,,,,,,,1.547,251728.522,Device,,NVIDIA A100-SXM4-40GB MIG 4g.20gb (0),1,,13,[CUDA memset]
10279428767,8032,219903,,,,,,,,,,0.031,3896.383,Pinned,Device,NVIDIA A100-SXM4-40GB MIG 4g.20gb (0),1,,13,[CUDA memcpy Host-to-Device]
10279439263,12256,219904,,,,,,,,,,0.197,16041.640,Pinned,Device,NVIDIA A100-SXM4-40GB MIG 4g.20gb (0),1,,13,[CUDA memcpy Host-to-Device]
10280288373,14144,219905,273,1,1,8,4,1,39,0.002,0.000,,,,,NVIDIA A100-SXM4-40GB MIG 4g.20gb (0),1,,13,"void channel_eq::eqMmseCoefCompLowMimoKernel<float, float, float, (unsigned int)4, (unsigned int)1, (unsigned int)4>(const channel_eq::_puschRxChEqStatDescr *, channel_eq::_puschRxChEqCoefCompDynDescr)"
10281159883,11904,219906,273,1,1,12,11,1,51,0.002,0.000,,,,,NVIDIA A100-SXM4-40GB MIG 4g.20gb (0),1,,13,"void channel_eq::eqMmseSoftDemapKernel<float, __half, __half, float, (unsigned int)4, (unsigned short)16383>(channel_eq::_puschRxChEqStatDescr *, channel_eq::_puschRxChEqSoftDemapDynDescr)"
10282048737,675289,219907,1,1,1,32,32,1,30,0.000,0.000,,,,,NVIDIA A100-SXM4-40GB MIG 4g.20gb (0),1,,13,"void convert_kernel<float2, __half2>(tensor_layout_any, T1 *, tensor_layout_any, const T2 *)"
10283193268,18400,219919,2253,1,1,128,1,1,16,0.000,0.000,,,,,NVIDIA A100-SXM4-40GB MIG 4g.20gb (0),1,,13,cupy_copy__float16_float16
10283683983,15936,219928,282,1,1,128,1,1,16,0.000,0.000,,,,,NVIDIA A100-SXM4-40GB MIG 4g.20gb (0),1,,13,cupy_copy__complex64_complex64
10284161801,4224,219937,26,1,1,128,1,1,16,0.000,0.000,,,,,NVIDIA A100-SXM4-40GB MIG 4g.20gb (0),1,,13,cupy_copy__float32_float32
10284771714,5152,219946,103,1,1,128,1,1,16,0.000,0.000,,,,,NVIDIA A100-SXM4-40GB MIG 4g.20gb (0),1,,13,cupy_copy__complex64_complex64
10285374172,20799,219956,1434,1,1,128,1,1,16,0.000,0.000,,,,,NVIDIA A100-SXM4-40GB MIG 4g.20gb (0),1,,13,cupy_copy__complex64_complex64
10285764087,256029,219961,1,1,1,32,32,1,30,0.000,0.000,,,,,NVIDIA A100-SXM4-40GB MIG 4g.20gb (0),1,,13,"void convert_kernel<__half2, float2>(tensor_layout_any, T1 *, tensor_layout_any, const T2 *)"
10286052564,5984,219964,,,,,,,,,,0.094,15657.726,Pinned,Device,NVIDIA A100-SXM4-40GB MIG 4g.20gb (0),1,,13,[CUDA memcpy Host-to-Device]
10286351792,620953,219965,,,,,,,,,,456.561,735063.918,Device,,NVIDIA A100-SXM4-40GB MIG 4g.20gb (0),1,,13,[CUDA memset]
10286977321,61024,219970,,,,,,,,,,1.235,20235.792,Pinned,Device,NVIDIA A100-SXM4-40GB MIG 4g.20gb (0),1,,13,[CUDA memcpy Host-to-Device]
10287041065,9535,219971,,,,,,,,,,0.197,20619.461,Pinned,Device,NVIDIA A100-SXM4-40GB MIG 4g.20gb (0),1,,13,[CUDA memcpy Host-to-Device]
10287549379,23456,219972,69,4,1,48,1,1,76,0.002,0.000,,,,,NVIDIA A100-SXM4-40GB MIG 4g.20gb (0),1,,13,"void ch_est::windowedChEstPreNoDftSOfdmKernel<float, __half, float, (unsigned int)2, (unsigned int)1, (unsigned short)4>(ch_est::puschRxChEstStatDescr_t *, ch_est::puschRxChEstDynDescr_t *)"
10287984254,36223,219973,137,2,1,24,2,1,44,0.001,0.001,,,,,NVIDIA A100-SXM4-40GB MIG 4g.20gb (0),1,,13,"void ch_est::chEstFilterNoDftSOfdmDispatchKernel<float, __half, float, (unsigned int)2>(ch_est::puschRxChEstStatDescr_t *, ch_est::puschRxChEstDynDescr_t *)"
10288524312,24863,219974,137,2,1,24,2,1,44,0.001,0.001,,,,,NVIDIA A100-SXM4-40GB MIG 4g.20gb (0),1,,13,"void ch_est::chEstFilterNoDftSOfdmDispatchKernel<float, __half, float, (unsigned int)2>(ch_est::puschRxChEstStatDescr_t *, ch_est::puschRxChEstDynDescr_t *)"
10288928083,6080,219985,103,1,1,128,1,1,16,0.000,0.000,,,,,NVIDIA A100-SXM4-40GB MIG 4g.20gb (0),1,,13,cupy_copy__complex64_complex64
10289280783,21888,219995,1434,1,1,128,1,1,16,0.000,0.000,,,,,NVIDIA A100-SXM4-40GB MIG 4g.20gb (0),1,,13,cupy_copy__complex64_complex64
10289729674,8800,220002,103,1,1,128,1,1,16,0.000,0.000,,,,,NVIDIA A100-SXM4-40GB MIG 4g.20gb (0),1,,13,cupy_copy__complex64_complex64
10290267940,255709,220009,1,1,1,32,32,1,30,0.000,0.000,,,,,NVIDIA A100-SXM4-40GB MIG 4g.20gb (0),1,,13,"void convert_kernel<__half2, float2>(tensor_layout_any, T1 *, tensor_layout_any, const T2 *)"
10290554049,5504,220012,,,,,,,,,,0.094,17023.251,Pinned,Device,NVIDIA A100-SXM4-40GB MIG 4g.20gb (0),1,,13,[CUDA memcpy Host-to-Device]
10291028667,56320,220013,,,,,,,,,,35.810,635805.130,Device,,NVIDIA A100-SXM4-40GB MIG 4g.20gb (0),1,,13,[CUDA memset]
10291090875,5568,220015,,,,,,,,,,0.000,14.368,Pinned,Device,NVIDIA A100-SXM4-40GB MIG 4g.20gb (0),1,,13,[CUDA memcpy Host-to-Device]
10291099195,13887,220016,,,,,,,,,,0.197,14157.545,Pinned,Device,NVIDIA A100-SXM4-40GB MIG 4g.20gb (0),1,,13,[CUDA memcpy Host-to-Device]
10291750547,27264,220017,273,1,1,48,1,1,40,0.000,0.001,,,,,NVIDIA A100-SXM4-40GB MIG 4g.20gb (0),1,,13,"void pusch_noise_intf_est::noiseIntfEstNoDftSOfdmKernel<float, __half, float, float, (unsigned int)2, (unsigned int)1, (unsigned char)4, (unsigned char)4>(pusch_noise_intf_est::puschRxNoiseIntfEstDynDescr)"
10292291917,7360,220028,35,1,1,128,1,1,16,0.000,0.000,,,,,NVIDIA A100-SXM4-40GB MIG 4g.20gb (0),1,,13,cupy_copy__complex64_complex64
10292866823,6143,220037,1,1,1,1,1,1,18,0.000,0.000,,,,,NVIDIA A100-SXM4-40GB MIG 4g.20gb (0),1,,13,cupy_copy__float32_float32
10292875206,8576,220043,,,,,,,,,,0.000,0.466,Device,Pageable,NVIDIA A100-SXM4-40GB MIG 4g.20gb (0),1,,7,[CUDA memcpy Device-to-Host]
10293544831,24128,220054,1434,1,1,128,1,1,16,0.000,0.000,,,,,NVIDIA A100-SXM4-40GB MIG 4g.20gb (0),1,,13,cupy_copy__complex64_complex64
10294238007,4960,220061,103,1,1,128,1,1,16,0.000,0.000,,,,,NVIDIA A100-SXM4-40GB MIG 4g.20gb (0),1,,13,cupy_copy__complex64_complex64
10294812880,9888,220068,35,1,1,128,1,1,16,0.000,0.000,,,,,NVIDIA A100-SXM4-40GB MIG 4g.20gb (0),1,,13,cupy_copy__complex64_complex64
10295452169,4512,220075,1,1,1,1,1,1,18,0.000,0.000,,,,,NVIDIA A100-SXM4-40GB MIG 4g.20gb (0),1,,13,cupy_copy__float32_float32
10295953284,266972,220086,1,1,1,32,32,1,30,0.000,0.000,,,,,NVIDIA A100-SXM4-40GB MIG 4g.20gb (0),1,,13,"void convert_kernel<__half2, float2>(tensor_layout_any, T1 *, tensor_layout_any, const T2 *)"
10296252416,18656,220089,,,,,,,,,,0.094,5022.293,Pinned,Device,NVIDIA A100-SXM4-40GB MIG 4g.20gb (0),1,,13,[CUDA memcpy Host-to-Device]
10296839449,10688,220090,,,,,,,,,,1.547,144705.235,Device,,NVIDIA A100-SXM4-40GB MIG 4g.20gb (0),1,,13,[CUDA memset]
10296853369,10720,220095,,,,,,,,,,0.031,2919.385,Pinned,Device,NVIDIA A100-SXM4-40GB MIG 4g.20gb (0),1,,13,[CUDA memcpy Host-to-Device]
10296867993,25952,220096,,,,,,,,,,0.197,7575.699,Pinned,Device,NVIDIA A100-SXM4-40GB MIG 4g.20gb (0),1,,13,[CUDA memcpy Host-to-Device]
10297517106,28607,220097,273,1,1,8,4,1,39,0.002,0.000,,,,,NVIDIA A100-SXM4-40GB MIG 4g.20gb (0),1,,13,"void channel_eq::eqMmseCoefCompLowMimoKernel<float, float, float, (unsigned int)4, (unsigned int)1, (unsigned int)4>(const channel_eq::_puschRxChEqStatDescr *, channel_eq::_puschRxChEqCoefCompDynDescr)"
10298192458,23456,220098,273,1,1,12,11,1,51,0.002,0.000,,,,,NVIDIA A100-SXM4-40GB MIG 4g.20gb (0),1,,13,"void channel_eq::eqMmseSoftDemapKernel<float, __half, __half, float, (unsigned int)4, (unsigned short)16383>(channel_eq::_puschRxChEqStatDescr *, channel_eq::_puschRxChEqSoftDemapDynDescr)"
10298881762,675033,220099,1,1,1,32,32,1,30,0.000,0.000,,,,,NVIDIA A100-SXM4-40GB MIG 4g.20gb (0),1,,13,"void convert_kernel<float2, __half2>(tensor_layout_any, T1 *, tensor_layout_any, const T2 *)"
10300186419,18272,220111,2253,1,1,128,1,1,16,0.000,0.000,,,,,NVIDIA A100-SXM4-40GB MIG 4g.20gb (0),1,,13,cupy_copy__float16_float16
10300701454,6240,220120,282,1,1,128,1,1,16,0.000,0.000,,,,,NVIDIA A100-SXM4-40GB MIG 4g.20gb (0),1,,13,cupy_copy__complex64_complex64
10301062282,5759,220129,26,1,1,128,1,1,16,0.000,0.000,,,,,NVIDIA A100-SXM4-40GB MIG 4g.20gb (0),1,,13,cupy_copy__float32_float32
10301501797,12319,220138,103,1,1,128,1,1,16,0.000,0.000,,,,,NVIDIA A100-SXM4-40GB MIG 4g.20gb (0),1,,13,cupy_copy__complex64_complex64
10302103966,24479,220148,1434,1,1,128,1,1,16,0.000,0.000,,,,,NVIDIA A100-SXM4-40GB MIG 4g.20gb (0),1,,13,cupy_copy__complex64_complex64
10302696119,256445,220153,1,1,1,32,32,1,30,0.000,0.000,,,,,NVIDIA A100-SXM4-40GB MIG 4g.20gb (0),1,,13,"void convert_kernel<__half2, float2>(tensor_layout_any, T1 *, tensor_layout_any, const T2 *)"
10302997620,5792,220156,,,,,,,,,,0.094,16176.708,Pinned,Device,NVIDIA A100-SXM4-40GB MIG 4g.20gb (0),1,,13,[CUDA memcpy Host-to-Device]
10303451054,624921,220157,,,,,,,,,,456.561,730498.304,Device,,NVIDIA A100-SXM4-40GB MIG 4g.20gb (0),1,,13,[CUDA memset]
10304081287,63392,220162,,,,,,,,,,1.235,19480.007,Pinned,Device,NVIDIA A100-SXM4-40GB MIG 4g.20gb (0),1,,13,[CUDA memcpy Host-to-Device]
10304147143,9695,220163,,,,,,,,,,0.197,20279.132,Pinned,Device,NVIDIA A100-SXM4-40GB MIG 4g.20gb (0),1,,13,[CUDA memcpy Host-to-Device]
10304653121,23040,220164,69,4,1,48,1,1,76,0.002,0.000,,,,,NVIDIA A100-SXM4-40GB MIG 4g.20gb (0),1,,13,"void ch_est::windowedChEstPreNoDftSOfdmKernel<float, __half, float, (unsigned int)2, (unsigned int)1, (unsigned short)4>(ch_est::puschRxChEstStatDescr_t *, ch_est::puschRxChEstDynDescr_t *)"
10305091836,34815,220165,137,2,1,24,2,1,44,0.001,0.001,,,,,NVIDIA A100-SXM4-40GB MIG 4g.20gb (0),1,,13,"void ch_est::chEstFilterNoDftSOfdmDispatchKernel<float, __half, float, (unsigned int)2>(ch_est::puschRxChEstStatDescr_t *, ch_est::puschRxChEstDynDescr_t *)"
10305633494,29503,220166,137,2,1,24,2,1,44,0.001,0.001,,,,,NVIDIA A100-SXM4-40GB MIG 4g.20gb (0),1,,13,"void ch_est::chEstFilterNoDftSOfdmDispatchKernel<float, __half, float, (unsigned int)2>(ch_est::puschRxChEstStatDescr_t *, ch_est::puschRxChEstDynDescr_t *)"
10306054737,4640,220177,103,1,1,128,1,1,16,0.000,0.000,,,,,NVIDIA A100-SXM4-40GB MIG 4g.20gb (0),1,,13,cupy_copy__complex64_complex64
10306462636,20064,220187,1434,1,1,128,1,1,16,0.000,0.000,,,,,NVIDIA A100-SXM4-40GB MIG 4g.20gb (0),1,,13,cupy_copy__complex64_complex64
10306914311,9632,220194,103,1,1,128,1,1,16,0.000,0.000,,,,,NVIDIA A100-SXM4-40GB MIG 4g.20gb (0),1,,13,cupy_copy__complex64_complex64
10307511840,252350,220201,1,1,1,32,32,1,30,0.000,0.000,,,,,NVIDIA A100-SXM4-40GB MIG 4g.20gb (0),1,,13,"void convert_kernel<__half2, float2>(tensor_layout_any, T1 *, tensor_layout_any, const T2 *)"
10307794909,5632,220204,,,,,,,,,,0.094,16636.287,Pinned,Device,NVIDIA A100-SXM4-40GB MIG 4g.20gb (0),1,,13,[CUDA memcpy Host-to-Device]
10308326615,58368,220205,,,,,,,,,,35.810,613495.549,Device,,NVIDIA A100-SXM4-40GB MIG 4g.20gb (0),1,,13,[CUDA memset]
10308392278,8160,220207,,,,,,,,,,0.000,9.804,Pinned,Device,NVIDIA A100-SXM4-40GB MIG 4g.20gb (0),1,,13,[CUDA memcpy Host-to-Device]
10308406294,14912,220208,,,,,,,,,,0.197,13184.532,Pinned,Device,NVIDIA A100-SXM4-40GB MIG 4g.20gb (0),1,,13,[CUDA memcpy Host-to-Device]
10308959312,26912,220209,273,1,1,48,1,1,40,0.000,0.001,,,,,NVIDIA A100-SXM4-40GB MIG 4g.20gb (0),1,,13,"void pusch_noise_intf_est::noiseIntfEstNoDftSOfdmKernel<float, __half, float, float, (unsigned int)2, (unsigned int)1, (unsigned char)4, (unsigned char)4>(pusch_noise_intf_est::puschRxNoiseIntfEstDynDescr)"
10309593897,7200,220220,35,1,1,128,1,1,16,0.000,0.000,,,,,NVIDIA A100-SXM4-40GB MIG 4g.20gb (0),1,,13,cupy_copy__complex64_complex64
10310101987,3808,220229,1,1,1,1,1,1,18,0.000,0.000,,,,,NVIDIA A100-SXM4-40GB MIG 4g.20gb (0),1,,13,cupy_copy__float32_float32
10310111459,1792,220235,,,,,,,,,,0.000,2.232,Device,Pageable,NVIDIA A100-SXM4-40GB MIG 4g.20gb (0),1,,7,[CUDA memcpy Device-to-Host]
10310738684,18816,220246,1434,1,1,128,1,1,16,0.000,0.000,,,,,NVIDIA A100-SXM4-40GB MIG 4g.20gb (0),1,,13,cupy_copy__complex64_complex64
10311386068,4608,220253,103,1,1,128,1,1,16,0.000,0.000,,,,,NVIDIA A100-SXM4-40GB MIG 4g.20gb (0),1,,13,cupy_copy__complex64_complex64
10312031501,4384,220260,35,1,1,128,1,1,16,0.000,0.000,,,,,NVIDIA A100-SXM4-40GB MIG 4g.20gb (0),1,,13,cupy_copy__complex64_complex64
10312633798,4096,220267,1,1,1,1,1,1,18,0.000,0.000,,,,,NVIDIA A100-SXM4-40GB MIG 4g.20gb (0),1,,13,cupy_copy__float32_float32
10313231328,274044,220278,1,1,1,32,32,1,30,0.000,0.000,,,,,NVIDIA A100-SXM4-40GB MIG 4g.20gb (0),1,,13,"void convert_kernel<__half2, float2>(tensor_layout_any, T1 *, tensor_layout_any, const T2 *)"
10313536476,5792,220281,,,,,,,,,,0.094,16176.708,Pinned,Device,NVIDIA A100-SXM4-40GB MIG 4g.20gb (0),1,,13,[CUDA memcpy Host-to-Device]
10314107414,16383,220282,,,,,,,,,,1.547,94402.836,Device,,NVIDIA A100-SXM4-40GB MIG 4g.20gb (0),1,,13,[CUDA memset]
10314125941,5984,220287,,,,,,,,,,0.031,5229.937,Pinned,Device,NVIDIA A100-SXM4-40GB MIG 4g.20gb (0),1,,13,[CUDA memcpy Host-to-Device]
10314136213,16928,220288,,,,,,,,,,0.197,11614.224,Pinned,Device,NVIDIA A100-SXM4-40GB MIG 4g.20gb (0),1,,13,[CUDA memcpy Host-to-Device]
10314754702,17856,220289,273,1,1,8,4,1,39,0.002,0.000,,,,,NVIDIA A100-SXM4-40GB MIG 4g.20gb (0),1,,13,"void channel_eq::eqMmseCoefCompLowMimoKernel<float, float, float, (unsigned int)4, (unsigned int)1, (unsigned int)4>(const channel_eq::_puschRxChEqStatDescr *, channel_eq::_puschRxChEqCoefCompDynDescr)"
10315260873,15775,220290,273,1,1,12,11,1,51,0.002,0.000,,,,,NVIDIA A100-SXM4-40GB MIG 4g.20gb (0),1,,13,"void channel_eq::eqMmseSoftDemapKernel<float, __half, __half, float, (unsigned int)4, (unsigned short)16383>(channel_eq::_puschRxChEqStatDescr *, channel_eq::_puschRxChEqSoftDemapDynDescr)"
10315844034,685912,220291,1,1,1,32,32,1,30,0.000,0.000,,,,,NVIDIA A100-SXM4-40GB MIG 4g.20gb (0),1,,13,"void convert_kernel<float2, __half2>(tensor_layout_any, T1 *, tensor_layout_any, const T2 *)"
10316984725,18240,220303,2253,1,1,128,1,1,16,0.000,0.000,,,,,NVIDIA A100-SXM4-40GB MIG 4g.20gb (0),1,,13,cupy_copy__float16_float16
10317530223,15840,220312,282,1,1,128,1,1,16,0.000,0.000,,,,,NVIDIA A100-SXM4-40GB MIG 4g.20gb (0),1,,13,cupy_copy__complex64_complex64
10317929610,4128,220321,26,1,1,128,1,1,16,0.000,0.000,,,,,NVIDIA A100-SXM4-40GB MIG 4g.20gb (0),1,,13,cupy_copy__float32_float32
10318284102,8320,220330,103,1,1,128,1,1,16,0.000,0.000,,,,,NVIDIA A100-SXM4-40GB MIG 4g.20gb (0),1,,13,cupy_copy__complex64_complex64
10318725761,20768,220340,1434,1,1,128,1,1,16,0.000,0.000,,,,,NVIDIA A100-SXM4-40GB MIG 4g.20gb (0),1,,13,cupy_copy__complex64_complex64
10319273307,252477,220345,1,1,1,32,32,1,30,0.000,0.000,,,,,NVIDIA A100-SXM4-40GB MIG 4g.20gb (0),1,,13,"void convert_kernel<__half2, float2>(tensor_layout_any, T1 *, tensor_layout_any, const T2 *)"
10319558040,5856,220348,,,,,,,,,,0.094,15999.997,Pinned,Device,NVIDIA A100-SXM4-40GB MIG 4g.20gb (0),1,,13,[CUDA memcpy Host-to-Device]
10320032498,621337,220349,,,,,,,,,,456.561,734607.357,Device,,NVIDIA A100-SXM4-40GB MIG 4g.20gb (0),1,,13,[CUDA memset]
10320662219,61952,220354,,,,,,,,,,1.235,19933.231,Pinned,Device,NVIDIA A100-SXM4-40GB MIG 4g.20gb (0),1,,13,[CUDA memcpy Host-to-Device]
10320726859,9631,220355,,,,,,,,,,0.197,20414.005,Pinned,Device,NVIDIA A100-SXM4-40GB MIG 4g.20gb (0),1,,13,[CUDA memcpy Host-to-Device]
10321231237,24352,220356,69,4,1,48,1,1,76,0.002,0.000,,,,,NVIDIA A100-SXM4-40GB MIG 4g.20gb (0),1,,13,"void ch_est::windowedChEstPreNoDftSOfdmKernel<float, __half, float, (unsigned int)2, (unsigned int)1, (unsigned short)4>(ch_est::puschRxChEstStatDescr_t *, ch_est::puschRxChEstDynDescr_t *)"
10321679392,30399,220357,137,2,1,24,2,1,44,0.001,0.001,,,,,NVIDIA A100-SXM4-40GB MIG 4g.20gb (0),1,,13,"void ch_est::chEstFilterNoDftSOfdmDispatchKernel<float, __half, float, (unsigned int)2>(ch_est::puschRxChEstStatDescr_t *, ch_est::puschRxChEstDynDescr_t *)"
10322324856,27552,220358,137,2,1,24,2,1,44,0.001,0.001,,,,,NVIDIA A100-SXM4-40GB MIG 4g.20gb (0),1,,13,"void ch_est::chEstFilterNoDftSOfdmDispatchKernel<float, __half, float, (unsigned int)2>(ch_est::puschRxChEstStatDescr_t *, ch_est::puschRxChEstDynDescr_t *)"
10322726900,6976,220369,103,1,1,128,1,1,16,0.000,0.000,,,,,NVIDIA A100-SXM4-40GB MIG 4g.20gb (0),1,,13,cupy_copy__complex64_complex64
10323172719,20896,220379,1434,1,1,128,1,1,16,0.000,0.000,,,,,NVIDIA A100-SXM4-40GB MIG 4g.20gb (0),1,,13,cupy_copy__complex64_complex64
10323753896,5312,220386,103,1,1,128,1,1,16,0.000,0.000,,,,,NVIDIA A100-SXM4-40GB MIG 4g.20gb (0),1,,13,cupy_copy__complex64_complex64
10324279170,245085,220393,1,1,1,32,32,1,30,0.000,0.000,,,,,NVIDIA A100-SXM4-40GB MIG 4g.20gb (0),1,,13,"void convert_kernel<__half2, float2>(tensor_layout_any, T1 *, tensor_layout_any, const T2 *)"
10324555327,5760,220396,,,,,,,,,,0.094,16266.656,Pinned,Device,NVIDIA A100-SXM4-40GB MIG 4g.20gb (0),1,,13,[CUDA memcpy Host-to-Device]
10325089817,58815,220397,,,,,,,,,,35.810,608840.260,Device,,NVIDIA A100-SXM4-40GB MIG 4g.20gb (0),1,,13,[CUDA memset]
10325152952,2688,220399,,,,,,,,,,0.000,29.762,Pinned,Device,NVIDIA A100-SXM4-40GB MIG 4g.20gb (0),1,,13,[CUDA memcpy Host-to-Device]
10325164056,16448,220400,,,,,,,,,,0.197,11953.177,Pinned,Device,NVIDIA A100-SXM4-40GB MIG 4g.20gb (0),1,,13,[CUDA memcpy Host-to-Device]
10325815665,18720,220401,273,1,1,48,1,1,40,0.000,0.001,,,,,NVIDIA A100-SXM4-40GB MIG 4g.20gb (0),1,,13,"void pusch_noise_intf_est::noiseIntfEstNoDftSOfdmKernel<float, __half, float, float, (unsigned int)2, (unsigned int)1, (unsigned char)4, (unsigned char)4>(pusch_noise_intf_est::puschRxNoiseIntfEstDynDescr)"
10326351051,6560,220412,35,1,1,128,1,1,16,0.000,0.000,,,,,NVIDIA A100-SXM4-40GB MIG 4g.20gb (0),1,,13,cupy_copy__complex64_complex64
10326923204,6592,220421,1,1,1,1,1,1,18,0.000,0.000,,,,,NVIDIA A100-SXM4-40GB MIG 4g.20gb (0),1,,13,cupy_copy__float32_float32
10326936708,2272,220427,,,,,,,,,,0.000,1.761,Device,Pageable,NVIDIA A100-SXM4-40GB MIG 4g.20gb (0),1,,7,[CUDA memcpy Device-to-Host]
10327599965,19839,220438,1434,1,1,128,1,1,16,0.000,0.000,,,,,NVIDIA A100-SXM4-40GB MIG 4g.20gb (0),1,,13,cupy_copy__complex64_complex64
10328245525,16032,220445,103,1,1,128,1,1,16,0.000,0.000,,,,,NVIDIA A100-SXM4-40GB MIG 4g.20gb (0),1,,13,cupy_copy__complex64_complex64
10328752719,4704,220452,35,1,1,128,1,1,16,0.000,0.000,,,,,NVIDIA A100-SXM4-40GB MIG 4g.20gb (0),1,,13,cupy_copy__complex64_complex64
10329204362,4736,220459,1,1,1,1,1,1,18,0.000,0.000,,,,,NVIDIA A100-SXM4-40GB MIG 4g.20gb (0),1,,13,cupy_copy__float32_float32
10329749156,212382,220470,1,1,1,32,32,1,30,0.000,0.000,,,,,NVIDIA A100-SXM4-40GB MIG 4g.20gb (0),1,,13,"void convert_kernel<__half2, float2>(tensor_layout_any, T1 *, tensor_layout_any, const T2 *)"
10329992641,5536,220473,,,,,,,,,,0.094,16924.777,Pinned,Device,NVIDIA A100-SXM4-40GB MIG 4g.20gb (0),1,,13,[CUDA memcpy Host-to-Device]
10330553915,16128,220474,,,,,,,,,,1.547,95895.328,Device,,NVIDIA A100-SXM4-40GB MIG 4g.20gb (0),1,,13,[CUDA memset]
10330570843,3456,220479,,,,,,,,,,0.031,9055.529,Pinned,Device,NVIDIA A100-SXM4-40GB MIG 4g.20gb (0),1,,13,[CUDA memcpy Host-to-Device]
10330577435,16480,220480,,,,,,,,,,0.197,11929.977,Pinned,Device,NVIDIA A100-SXM4-40GB MIG 4g.20gb (0),1,,13,[CUDA memcpy Host-to-Device]
10331238515,16960,220481,273,1,1,8,4,1,39,0.002,0.000,,,,,NVIDIA A100-SXM4-40GB MIG 4g.20gb (0),1,,13,"void channel_eq::eqMmseCoefCompLowMimoKernel<float, float, float, (unsigned int)4, (unsigned int)1, (unsigned int)4>(const channel_eq::_puschRxChEqStatDescr *, channel_eq::_puschRxChEqCoefCompDynDescr)"
10331686382,26304,220482,273,1,1,12,11,1,51,0.002,0.000,,,,,NVIDIA A100-SXM4-40GB MIG 4g.20gb (0),1,,13,"void channel_eq::eqMmseSoftDemapKernel<float, __half, __half, float, (unsigned int)4, (unsigned short)16383>(channel_eq::_puschRxChEqStatDescr *, channel_eq::_puschRxChEqSoftDemapDynDescr)"
10332278919,679449,220483,1,1,1,32,32,1,30,0.000,0.000,,,,,NVIDIA A100-SXM4-40GB MIG 4g.20gb (0),1,,13,"void convert_kernel<float2, __half2>(tensor_layout_any, T1 *, tensor_layout_any, const T2 *)"
10333414203,16703,220495,2253,1,1,128,1,1,16,0.000,0.000,,,,,NVIDIA A100-SXM4-40GB MIG 4g.20gb (0),1,,13,cupy_copy__float16_float16
10333963540,16544,220504,282,1,1,128,1,1,16,0.000,0.000,,,,,NVIDIA A100-SXM4-40GB MIG 4g.20gb (0),1,,13,cupy_copy__complex64_complex64
10334360880,4192,220513,26,1,1,128,1,1,16,0.000,0.000,,,,,NVIDIA A100-SXM4-40GB MIG 4g.20gb (0),1,,13,cupy_copy__float32_float32
10334717132,8288,220522,103,1,1,128,1,1,16,0.000,0.000,,,,,NVIDIA A100-SXM4-40GB MIG 4g.20gb (0),1,,13,cupy_copy__complex64_complex64
10335160487,20640,220532,1434,1,1,128,1,1,16,0.000,0.000,,,,,NVIDIA A100-SXM4-40GB MIG 4g.20gb (0),1,,13,cupy_copy__complex64_complex64
10335708961,259101,220537,1,1,1,32,32,1,30,0.000,0.000,,,,,NVIDIA A100-SXM4-40GB MIG 4g.20gb (0),1,,13,"void convert_kernel<__half2, float2>(tensor_layout_any, T1 *, tensor_layout_any, const T2 *)"
10335999709,5888,220540,,,,,,,,,,0.094,15912.954,Pinned,Device,NVIDIA A100-SXM4-40GB MIG 4g.20gb (0),1,,13,[CUDA memcpy Host-to-Device]
10336477304,617497,220541,,,,,,,,,,456.561,739172.971,Device,,NVIDIA A100-SXM4-40GB MIG 4g.20gb (0),1,,13,[CUDA memset]
10337100401,72223,220546,,,,,,,,,,1.235,17099.035,Pinned,Device,NVIDIA A100-SXM4-40GB MIG 4g.20gb (0),1,,13,[CUDA memcpy Host-to-Device]
10337175184,9888,220547,,,,,,,,,,0.197,19883.360,Pinned,Device,NVIDIA A100-SXM4-40GB MIG 4g.20gb (0),1,,13,[CUDA memcpy Host-to-Device]
10337732106,24223,220548,69,4,1,48,1,1,76,0.002,0.000,,,,,NVIDIA A100-SXM4-40GB MIG 4g.20gb (0),1,,13,"void ch_est::windowedChEstPreNoDftSOfdmKernel<float, __half, float, (unsigned int)2, (unsigned int)1, (unsigned short)4>(ch_est::puschRxChEstStatDescr_t *, ch_est::puschRxChEstDynDescr_t *)"
10338175045,32639,220549,137,2,1,24,2,1,44,0.001,0.001,,,,,NVIDIA A100-SXM4-40GB MIG 4g.20gb (0),1,,13,"void ch_est::chEstFilterNoDftSOfdmDispatchKernel<float, __half, float, (unsigned int)2>(ch_est::puschRxChEstStatDescr_t *, ch_est::puschRxChEstDynDescr_t *)"
10338777278,21408,220550,137,2,1,24,2,1,44,0.001,0.001,,,,,NVIDIA A100-SXM4-40GB MIG 4g.20gb (0),1,,13,"void ch_est::chEstFilterNoDftSOfdmDispatchKernel<float, __half, float, (unsigned int)2>(ch_est::puschRxChEstStatDescr_t *, ch_est::puschRxChEstDynDescr_t *)"
10339358135,16704,220561,103,1,1,128,1,1,16,0.000,0.000,,,,,NVIDIA A100-SXM4-40GB MIG 4g.20gb (0),1,,13,cupy_copy__complex64_complex64
10339833650,21472,220571,1434,1,1,128,1,1,16,0.000,0.000,,,,,NVIDIA A100-SXM4-40GB MIG 4g.20gb (0),1,,13,cupy_copy__complex64_complex64
10340206062,16319,220578,103,1,1,128,1,1,16,0.000,0.000,,,,,NVIDIA A100-SXM4-40GB MIG 4g.20gb (0),1,,13,cupy_copy__complex64_complex64
10340707368,244253,220585,1,1,1,32,32,1,30,0.000,0.000,,,,,NVIDIA A100-SXM4-40GB MIG 4g.20gb (0),1,,13,"void convert_kernel<__half2, float2>(tensor_layout_any, T1 *, tensor_layout_any, const T2 *)"
10340981861,8768,220588,,,,,,,,,,0.094,10686.122,Pinned,Device,NVIDIA A100-SXM4-40GB MIG 4g.20gb (0),1,,13,[CUDA memcpy Host-to-Device]
10341484639,58815,220589,,,,,,,,,,35.810,608840.260,Device,,NVIDIA A100-SXM4-40GB MIG 4g.20gb (0),1,,13,[CUDA memset]
10341544254,6496,220591,,,,,,,,,,0.000,12.315,Pinned,Device,NVIDIA A100-SXM4-40GB MIG 4g.20gb (0),1,,13,[CUDA memcpy Host-to-Device]
10341553534,12736,220592,,,,,,,,,,0.197,15437.070,Pinned,Device,NVIDIA A100-SXM4-40GB MIG 4g.20gb (0),1,,13,[CUDA memcpy Host-to-Device]
10342178519,29888,220593,273,1,1,48,1,1,40,0.000,0.001,,,,,NVIDIA A100-SXM4-40GB MIG 4g.20gb (0),1,,13,"void pusch_noise_intf_est::noiseIntfEstNoDftSOfdmKernel<float, __half, float, float, (unsigned int)2, (unsigned int)1, (unsigned char)4, (unsigned char)4>(pusch_noise_intf_est::puschRxNoiseIntfEstDynDescr)"
10342687089,4736,220604,35,1,1,128,1,1,16,0.000,0.000,,,,,NVIDIA A100-SXM4-40GB MIG 4g.20gb (0),1,,13,cupy_copy__complex64_complex64
10343290763,6367,220613,1,1,1,1,1,1,18,0.000,0.000,,,,,NVIDIA A100-SXM4-40GB MIG 4g.20gb (0),1,,13,cupy_copy__float32_float32
10343303114,3584,220619,,,,,,,,,,0.000,1.116,Device,Pageable,NVIDIA A100-SXM4-40GB MIG 4g.20gb (0),1,,7,[CUDA memcpy Device-to-Host]
10343995843,19327,220630,1434,1,1,128,1,1,16,0.000,0.000,,,,,NVIDIA A100-SXM4-40GB MIG 4g.20gb (0),1,,13,cupy_copy__complex64_complex64
10344650075,4672,220637,103,1,1,128,1,1,16,0.000,0.000,,,,,NVIDIA A100-SXM4-40GB MIG 4g.20gb (0),1,,13,cupy_copy__complex64_complex64
10345229269,11103,220644,35,1,1,128,1,1,16,0.000,0.000,,,,,NVIDIA A100-SXM4-40GB MIG 4g.20gb (0),1,,13,cupy_copy__complex64_complex64
10345830638,3648,220651,1,1,1,1,1,1,18,0.000,0.000,,,,,NVIDIA A100-SXM4-40GB MIG 4g.20gb (0),1,,13,cupy_copy__float32_float32
10346296616,285021,220662,1,1,1,32,32,1,30,0.000,0.000,,,,,NVIDIA A100-SXM4-40GB MIG 4g.20gb (0),1,,13,"void convert_kernel<__half2, float2>(tensor_layout_any, T1 *, tensor_layout_any, const T2 *)"
10346611301,5568,220665,,,,,,,,,,0.094,16827.521,Pinned,Device,NVIDIA A100-SXM4-40GB MIG 4g.20gb (0),1,,13,[CUDA memcpy Host-to-Device]
10347150111,8448,220666,,,,,,,,,,1.547,183075.430,Device,,NVIDIA A100-SXM4-40GB MIG 4g.20gb (0),1,,13,[CUDA memset]
10347167615,3072,220671,,,,,,,,,,0.031,10187.474,Pinned,Device,NVIDIA A100-SXM4-40GB MIG 4g.20gb (0),1,,13,[CUDA memcpy Host-to-Device]
10347173151,10079,220672,,,,,,,,,,0.197,19506.659,Pinned,Device,NVIDIA A100-SXM4-40GB MIG 4g.20gb (0),1,,13,[CUDA memcpy Host-to-Device]
10347724920,38080,220673,273,1,1,8,4,1,39,0.002,0.000,,,,,NVIDIA A100-SXM4-40GB MIG 4g.20gb (0),1,,13,"void channel_eq::eqMmseCoefCompLowMimoKernel<float, float, float, (unsigned int)4, (unsigned int)1, (unsigned int)4>(const channel_eq::_puschRxChEqStatDescr *, channel_eq::_puschRxChEqCoefCompDynDescr)"
10348323665,26272,220674,273,1,1,12,11,1,51,0.002,0.000,,,,,NVIDIA A100-SXM4-40GB MIG 4g.20gb (0),1,,13,"void channel_eq::eqMmseSoftDemapKernel<float, __half, __half, float, (unsigned int)4, (unsigned short)16383>(channel_eq::_puschRxChEqStatDescr *, channel_eq::_puschRxChEqSoftDemapDynDescr)"
10348912523,666680,220675,1,1,1,32,32,1,30,0.000,0.000,,,,,NVIDIA A100-SXM4-40GB MIG 4g.20gb (0),1,,13,"void convert_kernel<float2, __half2>(tensor_layout_any, T1 *, tensor_layout_any, const T2 *)"
10350043614,17312,220687,2253,1,1,128,1,1,16,0.000,0.000,,,,,NVIDIA A100-SXM4-40GB MIG 4g.20gb (0),1,,13,cupy_copy__float16_float16
10350587704,17248,220696,282,1,1,128,1,1,16,0.000,0.000,,,,,NVIDIA A100-SXM4-40GB MIG 4g.20gb (0),1,,13,cupy_copy__complex64_complex64
10350988947,4192,220705,26,1,1,128,1,1,16,0.000,0.000,,,,,NVIDIA A100-SXM4-40GB MIG 4g.20gb (0),1,,13,cupy_copy__float32_float32
10351341679,9184,220714,103,1,1,128,1,1,16,0.000,0.000,,,,,NVIDIA A100-SXM4-40GB MIG 4g.20gb (0),1,,13,cupy_copy__complex64_complex64
10351775530,20128,220724,1434,1,1,128,1,1,16,0.000,0.000,,,,,NVIDIA A100-SXM4-40GB MIG 4g.20gb (0),1,,13,cupy_copy__complex64_complex64
10352335524,264509,220729,1,1,1,32,32,1,30,0.000,0.000,,,,,NVIDIA A100-SXM4-40GB MIG 4g.20gb (0),1,,13,"void convert_kernel<__half2, float2>(tensor_layout_any, T1 *, tensor_layout_any, const T2 *)"
10352633281,5920,220732,,,,,,,,,,0.094,15826.941,Pinned,Device,NVIDIA A100-SXM4-40GB MIG 4g.20gb (0),1,,13,[CUDA memcpy Host-to-Device]
10353188346,618809,220733,,,,,,,,,,456.561,737803.287,Device,,NVIDIA A100-SXM4-40GB MIG 4g.20gb (0),1,,13,[CUDA memset]
10353811091,65151,220738,,,,,,,,,,1.235,18953.921,Pinned,Device,NVIDIA A100-SXM4-40GB MIG 4g.20gb (0),1,,13,[CUDA memcpy Host-to-Device]
10353878770,9760,220739,,,,,,,,,,0.197,20144.259,Pinned,Device,NVIDIA A100-SXM4-40GB MIG 4g.20gb (0),1,,13,[CUDA memcpy Host-to-Device]
10354390157,23519,220740,69,4,1,48,1,1,76,0.002,0.000,,,,,NVIDIA A100-SXM4-40GB MIG 4g.20gb (0),1,,13,"void ch_est::windowedChEstPreNoDftSOfdmKernel<float, __half, float, (unsigned int)2, (unsigned int)1, (unsigned short)4>(ch_est::puschRxChEstStatDescr_t *, ch_est::puschRxChEstDynDescr_t *)"
10354938278,29280,220741,137,2,1,24,2,1,44,0.001,0.001,,,,,NVIDIA A100-SXM4-40GB MIG 4g.20gb (0),1,,13,"void ch_est::chEstFilterNoDftSOfdmDispatchKernel<float, __half, float, (unsigned int)2>(ch_est::puschRxChEstStatDescr_t *, ch_est::puschRxChEstDynDescr_t *)"
10355580031,28864,220742,137,2,1,24,2,1,44,0.001,0.001,,,,,NVIDIA A100-SXM4-40GB MIG 4g.20gb (0),1,,13,"void ch_est::chEstFilterNoDftSOfdmDispatchKernel<float, __half, float, (unsigned int)2>(ch_est::puschRxChEstStatDescr_t *, ch_est::puschRxChEstDynDescr_t *)"
10355981819,4992,220753,103,1,1,128,1,1,16,0.000,0.000,,,,,NVIDIA A100-SXM4-40GB MIG 4g.20gb (0),1,,13,cupy_copy__complex64_complex64
10356340087,20159,220763,1434,1,1,128,1,1,16,0.000,0.000,,,,,NVIDIA A100-SXM4-40GB MIG 4g.20gb (0),1,,13,cupy_copy__complex64_complex64
10356876016,9088,220770,103,1,1,128,1,1,16,0.000,0.000,,,,,NVIDIA A100-SXM4-40GB MIG 4g.20gb (0),1,,13,cupy_copy__complex64_complex64
10357502985,275101,220777,1,1,1,32,32,1,30,0.000,0.000,,,,,NVIDIA A100-SXM4-40GB MIG 4g.20gb (0),1,,13,"void convert_kernel<__half2, float2>(tensor_layout_any, T1 *, tensor_layout_any, const T2 *)"
10357812198,7200,220780,,,,,,,,,,0.094,13013.250,Pinned,Device,NVIDIA A100-SXM4-40GB MIG 4g.20gb (0),1,,13,[CUDA memcpy Host-to-Device]
10358442623,51103,220781,,,,,,,,,,35.810,700728.515,Device,,NVIDIA A100-SXM4-40GB MIG 4g.20gb (0),1,,13,[CUDA memset]
10358496990,5792,220783,,,,,,,,,,0.000,13.812,Pinned,Device,NVIDIA A100-SXM4-40GB MIG 4g.20gb (0),1,,13,[CUDA memcpy Host-to-Device]
10358509950,10624,220784,,,,,,,,,,0.197,18505.925,Pinned,Device,NVIDIA A100-SXM4-40GB MIG 4g.20gb (0),1,,13,[CUDA memcpy Host-to-Device]
10359161879,19135,220785,273,1,1,48,1,1,40,0.000,0.001,,,,,NVIDIA A100-SXM4-40GB MIG 4g.20gb (0),1,,13,"void pusch_noise_intf_est::noiseIntfEstNoDftSOfdmKernel<float, __half, float, float, (unsigned int)2, (unsigned int)1, (unsigned char)4, (unsigned char)4>(pusch_noise_intf_est::puschRxNoiseIntfEstDynDescr)"
10359827311,5824,220796,35,1,1,128,1,1,16,0.000,0.000,,,,,NVIDIA A100-SXM4-40GB MIG 4g.20gb (0),1,,13,cupy_copy__complex64_complex64
10360398185,3615,220805,1,1,1,1,1,1,18,0.000,0.000,,,,,NVIDIA A100-SXM4-40GB MIG 4g.20gb (0),1,,13,cupy_copy__float32_float32
10360407816,3904,220811,,,,,,,,,,0.000,1.025,Device,Pageable,NVIDIA A100-SXM4-40GB MIG 4g.20gb (0),1,,7,[CUDA memcpy Device-to-Host]
10361064161,20544,220822,1434,1,1,128,1,1,16,0.000,0.000,,,,,NVIDIA A100-SXM4-40GB MIG 4g.20gb (0),1,,13,cupy_copy__complex64_complex64
10361606779,8736,220829,103,1,1,128,1,1,16,0.000,0.000,,,,,NVIDIA A100-SXM4-40GB MIG 4g.20gb (0),1,,13,cupy_copy__complex64_complex64
10362233396,11680,220836,35,1,1,128,1,1,16,0.000,0.000,,,,,NVIDIA A100-SXM4-40GB MIG 4g.20gb (0),1,,13,cupy_copy__complex64_complex64
10362723566,4128,220843,1,1,1,1,1,1,18,0.000,0.000,,,,,NVIDIA A100-SXM4-40GB MIG 4g.20gb (0),1,,13,cupy_copy__float32_float32
10363081130,239453,220854,1,1,1,32,32,1,30,0.000,0.000,,,,,NVIDIA A100-SXM4-40GB MIG 4g.20gb (0),1,,13,"void convert_kernel<__half2, float2>(tensor_layout_any, T1 *, tensor_layout_any, const T2 *)"
10363352551,6304,220857,,,,,,,,,,0.094,14862.903,Pinned,Device,NVIDIA A100-SXM4-40GB MIG 4g.20gb (0),1,,13,[CUDA memcpy Host-to-Device]
10363661827,15392,220858,,,,,,,,,,1.547,100481.068,Device,,NVIDIA A100-SXM4-40GB MIG 4g.20gb (0),1,,13,[CUDA memset]
10363679491,6976,220863,,,,,,,,,,0.031,4486.219,Pinned,Device,NVIDIA A100-SXM4-40GB MIG 4g.20gb (0),1,,13,[CUDA memcpy Host-to-Device]
10363692515,12896,220864,,,,,,,,,,0.197,15245.574,Pinned,Device,NVIDIA A100-SXM4-40GB MIG 4g.20gb (0),1,,13,[CUDA memcpy Host-to-Device]
10364247133,13440,220865,273,1,1,8,4,1,39,0.002,0.000,,,,,NVIDIA A100-SXM4-40GB MIG 4g.20gb (0),1,,13,"void channel_eq::eqMmseCoefCompLowMimoKernel<float, float, float, (unsigned int)4, (unsigned int)1, (unsigned int)4>(const channel_eq::_puschRxChEqStatDescr *, channel_eq::_puschRxChEqCoefCompDynDescr)"
10364687032,23648,220866,273,1,1,12,11,1,51,0.002,0.000,,,,,NVIDIA A100-SXM4-40GB MIG 4g.20gb (0),1,,13,"void channel_eq::eqMmseSoftDemapKernel<float, __half, __half, float, (unsigned int)4, (unsigned short)16383>(channel_eq::_puschRxChEqStatDescr *, channel_eq::_puschRxChEqSoftDemapDynDescr)"
10365228370,802231,220867,1,1,1,32,32,1,30,0.000,0.000,,,,,NVIDIA A100-SXM4-40GB MIG 4g.20gb (0),1,,13,"void convert_kernel<float2, __half2>(tensor_layout_any, T1 *, tensor_layout_any, const T2 *)"
10366559555,18719,220879,2253,1,1,128,1,1,16,0.000,0.000,,,,,NVIDIA A100-SXM4-40GB MIG 4g.20gb (0),1,,13,cupy_copy__float16_float16
10367108476,16448,220888,282,1,1,128,1,1,16,0.000,0.000,,,,,NVIDIA A100-SXM4-40GB MIG 4g.20gb (0),1,,13,cupy_copy__complex64_complex64
10367503832,4704,220897,26,1,1,128,1,1,16,0.000,0.000,,,,,NVIDIA A100-SXM4-40GB MIG 4g.20gb (0),1,,13,cupy_copy__float32_float32
10367869492,12224,220906,103,1,1,128,1,1,16,0.000,0.000,,,,,NVIDIA A100-SXM4-40GB MIG 4g.20gb (0),1,,13,cupy_copy__complex64_complex64
10368313263,20384,220916,1434,1,1,128,1,1,16,0.000,0.000,,,,,NVIDIA A100-SXM4-40GB MIG 4g.20gb (0),1,,13,cupy_copy__complex64_complex64
10368917480,304444,220921,1,1,1,32,32,1,30,0.000,0.000,,,,,NVIDIA A100-SXM4-40GB MIG 4g.20gb (0),1,,13,"void convert_kernel<__half2, float2>(tensor_layout_any, T1 *, tensor_layout_any, const T2 *)"
10369254596,5600,220924,,,,,,,,,,0.094,16731.388,Pinned,Device,NVIDIA A100-SXM4-40GB MIG 4g.20gb (0),1,,13,[CUDA memcpy Host-to-Device]
10369835485,612186,220925,,,,,,,,,,456.561,745564.832,Device,,NVIDIA A100-SXM4-40GB MIG 4g.20gb (0),1,,13,[CUDA memset]
10370451126,74304,220930,,,,,,,,,,1.235,16619.876,Pinned,Device,NVIDIA A100-SXM4-40GB MIG 4g.20gb (0),1,,13,[CUDA memcpy Host-to-Device]
10370527926,9792,220931,,,,,,,,,,0.197,20078.395,Pinned,Device,NVIDIA A100-SXM4-40GB MIG 4g.20gb (0),1,,13,[CUDA memcpy Host-to-Device]
10371131887,14176,220932,69,4,1,48,1,1,76,0.002,0.000,,,,,NVIDIA A100-SXM4-40GB MIG 4g.20gb (0),1,,13,"void ch_est::windowedChEstPreNoDftSOfdmKernel<float, __half, float, (unsigned int)2, (unsigned int)1, (unsigned short)4>(ch_est::puschRxChEstStatDescr_t *, ch_est::puschRxChEstDynDescr_t *)"
10371755176,11328,220933,137,2,1,24,2,1,44,0.001,0.001,,,,,NVIDIA A100-SXM4-40GB MIG 4g.20gb (0),1,,13,"void ch_est::chEstFilterNoDftSOfdmDispatchKernel<float, __half, float, (unsigned int)2>(ch_est::puschRxChEstStatDescr_t *, ch_est::puschRxChEstDynDescr_t *)"
10372573214,10528,220934,137,2,1,24,2,1,44,0.001,0.001,,,,,NVIDIA A100-SXM4-40GB MIG 4g.20gb (0),1,,13,"void ch_est::chEstFilterNoDftSOfdmDispatchKernel<float, __half, float, (unsigned int)2>(ch_est::puschRxChEstStatDescr_t *, ch_est::puschRxChEstDynDescr_t *)"
10373354038,9215,220945,103,1,1,128,1,1,16,0.000,0.000,,,,,NVIDIA A100-SXM4-40GB MIG 4g.20gb (0),1,,13,cupy_copy__complex64_complex64
10373989262,22080,220955,1434,1,1,128,1,1,16,0.000,0.000,,,,,NVIDIA A100-SXM4-40GB MIG 4g.20gb (0),1,,13,cupy_copy__complex64_complex64
10374557800,6016,220962,103,1,1,128,1,1,16,0.000,0.000,,,,,NVIDIA A100-SXM4-40GB MIG 4g.20gb (0),1,,13,cupy_copy__complex64_complex64
10375198209,299164,220969,1,1,1,32,32,1,30,0.000,0.000,,,,,NVIDIA A100-SXM4-40GB MIG 4g.20gb (0),1,,13,"void convert_kernel<__half2, float2>(tensor_layout_any, T1 *, tensor_layout_any, const T2 *)"
10375528061,5472,220972,,,,,,,,,,0.094,17122.757,Pinned,Device,NVIDIA A100-SXM4-40GB MIG 4g.20gb (0),1,,13,[CUDA memcpy Host-to-Device]
10376112406,50432,220973,,,,,,,,,,35.810,710039.094,Device,,NVIDIA A100-SXM4-40GB MIG 4g.20gb (0),1,,13,[CUDA memset]
10376164918,1920,220975,,,,,,,,,,0.000,41.667,Pinned,Device,NVIDIA A100-SXM4-40GB MIG 4g.20gb (0),1,,13,[CUDA memcpy Host-to-Device]
10376173366,10303,220976,,,,,,,,,,0.197,19082.576,Pinned,Device,NVIDIA A100-SXM4-40GB MIG 4g.20gb (0),1,,13,[CUDA memcpy Host-to-Device]
10376978220,16352,220977,273,1,1,48,1,1,40,0.000,0.001,,,,,NVIDIA A100-SXM4-40GB MIG 4g.20gb (0),1,,13,"void pusch_noise_intf_est::noiseIntfEstNoDftSOfdmKernel<float, __half, float, float, (unsigned int)2, (unsigned int)1, (unsigned char)4, (unsigned char)4>(pusch_noise_intf_est::puschRxNoiseIntfEstDynDescr)"
10377761060,9407,220988,35,1,1,128,1,1,16,0.000,0.000,,,,,NVIDIA A100-SXM4-40GB MIG 4g.20gb (0),1,,13,cupy_copy__complex64_complex64
10378396988,7776,220997,1,1,1,1,1,1,18,0.000,0.000,,,,,NVIDIA A100-SXM4-40GB MIG 4g.20gb (0),1,,13,cupy_copy__float32_float32
10378412732,4960,221003,,,,,,,,,,0.000,0.806,Device,Pageable,NVIDIA A100-SXM4-40GB MIG 4g.20gb (0),1,,7,[CUDA memcpy Device-to-Host]
10379134196,22912,221014,1434,1,1,128,1,1,16,0.000,0.000,,,,,NVIDIA A100-SXM4-40GB MIG 4g.20gb (0),1,,13,cupy_copy__complex64_complex64
10379768365,6304,221021,103,1,1,128,1,1,16,0.000,0.000,,,,,NVIDIA A100-SXM4-40GB MIG 4g.20gb (0),1,,13,cupy_copy__complex64_complex64
10380396614,8736,221028,35,1,1,128,1,1,16,0.000,0.000,,,,,NVIDIA A100-SXM4-40GB MIG 4g.20gb (0),1,,13,cupy_copy__complex64_complex64
10381143357,3552,221035,1,1,1,1,1,1,18,0.000,0.000,,,,,NVIDIA A100-SXM4-40GB MIG 4g.20gb (0),1,,13,cupy_copy__float32_float32
10381857813,256413,221046,1,1,1,32,32,1,30,0.000,0.000,,,,,NVIDIA A100-SXM4-40GB MIG 4g.20gb (0),1,,13,"void convert_kernel<__half2, float2>(tensor_layout_any, T1 *, tensor_layout_any, const T2 *)"
10382147250,5696,221049,,,,,,,,,,0.094,16449.363,Pinned,Device,NVIDIA A100-SXM4-40GB MIG 4g.20gb (0),1,,13,[CUDA memcpy Host-to-Device]
10382483758,9824,221050,,,,,,,,,,1.547,157432.404,Device,,NVIDIA A100-SXM4-40GB MIG 4g.20gb (0),1,,13,[CUDA memset]
10382499534,3040,221055,,,,,,,,,,0.031,10294.725,Pinned,Device,NVIDIA A100-SXM4-40GB MIG 4g.20gb (0),1,,13,[CUDA memcpy Host-to-Device]
10382508718,12224,221056,,,,,,,,,,0.197,16083.714,Pinned,Device,NVIDIA A100-SXM4-40GB MIG 4g.20gb (0),1,,13,[CUDA memcpy Host-to-Device]
10383106759,17632,221057,273,1,1,8,4,1,39,0.002,0.000,,,,,NVIDIA A100-SXM4-40GB MIG 4g.20gb (0),1,,13,"void channel_eq::eqMmseCoefCompLowMimoKernel<float, float, float, (unsigned int)4, (unsigned int)1, (unsigned int)4>(const channel_eq::_puschRxChEqStatDescr *, channel_eq::_puschRxChEqCoefCompDynDescr)"
10383728896,12928,221058,273,1,1,12,11,1,51,0.002,0.000,,,,,NVIDIA A100-SXM4-40GB MIG 4g.20gb (0),1,,13,"void channel_eq::eqMmseSoftDemapKernel<float, __half, __half, float, (unsigned int)4, (unsigned short)16383>(channel_eq::_puschRxChEqStatDescr *, channel_eq::_puschRxChEqSoftDemapDynDescr)"
10384357913,655448,221059,1,1,1,32,32,1,30,0.000,0.000,,,,,NVIDIA A100-SXM4-40GB MIG 4g.20gb (0),1,,13,"void convert_kernel<float2, __half2>(tensor_layout_any, T1 *, tensor_layout_any, const T2 *)"
10385772809,19039,221071,2253,1,1,128,1,1,16,0.000,0.000,,,,,NVIDIA A100-SXM4-40GB MIG 4g.20gb (0),1,,13,cupy_copy__float16_float16
10386500832,19296,221080,282,1,1,128,1,1,16,0.000,0.000,,,,,NVIDIA A100-SXM4-40GB MIG 4g.20gb (0),1,,13,cupy_copy__complex64_complex64
10387093626,4672,221089,26,1,1,128,1,1,16,0.000,0.000,,,,,NVIDIA A100-SXM4-40GB MIG 4g.20gb (0),1,,13,cupy_copy__float32_float32
10387714099,12992,221098,103,1,1,128,1,1,16,0.000,0.000,,,,,NVIDIA A100-SXM4-40GB MIG 4g.20gb (0),1,,13,cupy_copy__complex64_complex64
10388399979,21984,221108,1434,1,1,128,1,1,16,0.000,0.000,,,,,NVIDIA A100-SXM4-40GB MIG 4g.20gb (0),1,,13,cupy_copy__complex64_complex64
10388868518,272092,221113,1,1,1,32,32,1,30,0.000,0.000,,,,,NVIDIA A100-SXM4-40GB MIG 4g.20gb (0),1,,13,"void convert_kernel<__half2, float2>(tensor_layout_any, T1 *, tensor_layout_any, const T2 *)"
10389174786,9184,221116,,,,,,,,,,0.094,10202.089,Pinned,Device,NVIDIA A100-SXM4-40GB MIG 4g.20gb (0),1,,13,[CUDA memcpy Host-to-Device]
10390028248,615545,221117,,,,,,,,,,456.561,741455.779,Device,,NVIDIA A100-SXM4-40GB MIG 4g.20gb (0),1,,13,[CUDA memset]
10390648753,64704,221122,,,,,,,,,,1.235,19084.825,Pinned,Device,NVIDIA A100-SXM4-40GB MIG 4g.20gb (0),1,,13,[CUDA memcpy Host-to-Device]
10390719025,9951,221123,,,,,,,,,,0.197,19757.531,Pinned,Device,NVIDIA A100-SXM4-40GB MIG 4g.20gb (0),1,,13,[CUDA memcpy Host-to-Device]
10391449608,21536,221124,69,4,1,48,1,1,76,0.002,0.000,,,,,NVIDIA A100-SXM4-40GB MIG 4g.20gb (0),1,,13,"void ch_est::windowedChEstPreNoDftSOfdmKernel<float, __half, float, (unsigned int)2, (unsigned int)1, (unsigned short)4>(ch_est::puschRxChEstStatDescr_t *, ch_est::puschRxChEstDynDescr_t *)"
10392144896,20640,221125,137,2,1,24,2,1,44,0.001,0.001,,,,,NVIDIA A100-SXM4-40GB MIG 4g.20gb (0),1,,13,"void ch_est::chEstFilterNoDftSOfdmDispatchKernel<float, __half, float, (unsigned int)2>(ch_est::puschRxChEstStatDescr_t *, ch_est::puschRxChEstDynDescr_t *)"
10392865144,20960,221126,137,2,1,24,2,1,44,0.001,0.001,,,,,NVIDIA A100-SXM4-40GB MIG 4g.20gb (0),1,,13,"void ch_est::chEstFilterNoDftSOfdmDispatchKernel<float, __half, float, (unsigned int)2>(ch_est::puschRxChEstStatDescr_t *, ch_est::puschRxChEstDynDescr_t *)"
10393595312,5088,221137,103,1,1,128,1,1,16,0.000,0.000,,,,,NVIDIA A100-SXM4-40GB MIG 4g.20gb (0),1,,13,cupy_copy__complex64_complex64
10394216681,20352,221147,1434,1,1,128,1,1,16,0.000,0.000,,,,,NVIDIA A100-SXM4-40GB MIG 4g.20gb (0),1,,13,cupy_copy__complex64_complex64
10394899201,5504,221154,103,1,1,128,1,1,16,0.000,0.000,,,,,NVIDIA A100-SXM4-40GB MIG 4g.20gb (0),1,,13,cupy_copy__complex64_complex64
10395492922,248606,221161,1,1,1,32,32,1,30,0.000,0.000,,,,,NVIDIA A100-SXM4-40GB MIG 4g.20gb (0),1,,13,"void convert_kernel<__half2, float2>(tensor_layout_any, T1 *, tensor_layout_any, const T2 *)"
10395770743,5600,221164,,,,,,,,,,0.094,16731.388,Pinned,Device,NVIDIA A100-SXM4-40GB MIG 4g.20gb (0),1,,13,[CUDA memcpy Host-to-Device]
10396216242,54272,221165,,,,,,,,,,35.810,659797.776,Device,,NVIDIA A100-SXM4-40GB MIG 4g.20gb (0),1,,13,[CUDA memset]
10396275090,3360,221167,,,,,,,,,,0.000,23.810,Pinned,Device,NVIDIA A100-SXM4-40GB MIG 4g.20gb (0),1,,13,[CUDA memcpy Host-to-Device]
10396281138,9951,221168,,,,,,,,,,0.197,19757.531,Pinned,Device,NVIDIA A100-SXM4-40GB MIG 4g.20gb (0),1,,13,[CUDA memcpy Host-to-Device]
10396980234,18847,221169,273,1,1,48,1,1,40,0.000,0.001,,,,,NVIDIA A100-SXM4-40GB MIG 4g.20gb (0),1,,13,"void pusch_noise_intf_est::noiseIntfEstNoDftSOfdmKernel<float, __half, float, float, (unsigned int)2, (unsigned int)1, (unsigned char)4, (unsigned char)4>(pusch_noise_intf_est::puschRxNoiseIntfEstDynDescr)"
10397604898,7296,221180,35,1,1,128,1,1,16,0.000,0.000,,,,,NVIDIA A100-SXM4-40GB MIG 4g.20gb (0),1,,13,cupy_copy__complex64_complex64
10398229403,3968,221189,1,1,1,1,1,1,18,0.000,0.000,,,,,NVIDIA A100-SXM4-40GB MIG 4g.20gb (0),1,,13,cupy_copy__float32_float32
10398239291,1888,221195,,,,,,,,,,0.000,2.119,Device,Pageable,NVIDIA A100-SXM4-40GB MIG 4g.20gb (0),1,,7,[CUDA memcpy Device-to-Host]
10398981075,18912,221206,1434,1,1,128,1,1,16,0.000,0.000,,,,,NVIDIA A100-SXM4-40GB MIG 4g.20gb (0),1,,13,cupy_copy__complex64_complex64
10399708555,10336,221213,103,1,1,128,1,1,16,0.000,0.000,,,,,NVIDIA A100-SXM4-40GB MIG 4g.20gb (0),1,,13,cupy_copy__complex64_complex64
10400279300,18880,221220,35,1,1,128,1,1,16,0.000,0.000,,,,,NVIDIA A100-SXM4-40GB MIG 4g.20gb (0),1,,13,cupy_copy__complex64_complex64
10400771775,5088,221227,1,1,1,1,1,1,18,0.000,0.000,,,,,NVIDIA A100-SXM4-40GB MIG 4g.20gb (0),1,,13,cupy_copy__float32_float32
10401350456,292957,221238,1,1,1,32,32,1,30,0.000,0.000,,,,,NVIDIA A100-SXM4-40GB MIG 4g.20gb (0),1,,13,"void convert_kernel<__half2, float2>(tensor_layout_any, T1 *, tensor_layout_any, const T2 *)"
10401674452,5600,221241,,,,,,,,,,0.094,16731.388,Pinned,Device,NVIDIA A100-SXM4-40GB MIG 4g.20gb (0),1,,13,[CUDA memcpy Host-to-Device]
10402200110,7040,221242,,,,,,,,,,1.547,219690.206,Device,,NVIDIA A100-SXM4-40GB MIG 4g.20gb (0),1,,13,[CUDA memset]
10402208366,3552,221247,,,,,,,,,,0.031,8810.794,Pinned,Device,NVIDIA A100-SXM4-40GB MIG 4g.20gb (0),1,,13,[CUDA memcpy Host-to-Device]
10402217550,13344,221248,,,,,,,,,,0.197,14733.804,Pinned,Device,NVIDIA A100-SXM4-40GB MIG 4g.20gb (0),1,,13,[CUDA memcpy Host-to-Device]
10402961062,10816,221249,273,1,1,8,4,1,39,0.002,0.000,,,,,NVIDIA A100-SXM4-40GB MIG 4g.20gb (0),1,,13,"void channel_eq::eqMmseCoefCompLowMimoKernel<float, float, float, (unsigned int)4, (unsigned int)1, (unsigned int)4>(const channel_eq::_puschRxChEqStatDescr *, channel_eq::_puschRxChEqCoefCompDynDescr)"
10403769917,12639,221250,273,1,1,12,11,1,51,0.002,0.000,,,,,NVIDIA A100-SXM4-40GB MIG 4g.20gb (0),1,,13,"void channel_eq::eqMmseSoftDemapKernel<float, __half, __half, float, (unsigned int)4, (unsigned short)16383>(channel_eq::_puschRxChEqStatDescr *, channel_eq::_puschRxChEqSoftDemapDynDescr)"
10404401781,696376,221251,1,1,1,32,32,1,30,0.000,0.000,,,,,NVIDIA A100-SXM4-40GB MIG 4g.20gb (0),1,,13,"void convert_kernel<float2, __half2>(tensor_layout_any, T1 *, tensor_layout_any, const T2 *)"
10405785702,21919,221263,2253,1,1,128,1,1,16,0.000,0.000,,,,,NVIDIA A100-SXM4-40GB MIG 4g.20gb (0),1,,13,cupy_copy__float16_float16
10406290560,16000,221272,282,1,1,128,1,1,16,0.000,0.000,,,,,NVIDIA A100-SXM4-40GB MIG 4g.20gb (0),1,,13,cupy_copy__complex64_complex64
10406969432,3936,221281,26,1,1,128,1,1,16,0.000,0.000,,,,,NVIDIA A100-SXM4-40GB MIG 4g.20gb (0),1,,13,cupy_copy__float32_float32
10407724208,16128,221290,103,1,1,128,1,1,16,0.000,0.000,,,,,NVIDIA A100-SXM4-40GB MIG 4g.20gb (0),1,,13,cupy_copy__complex64_complex64
10408536006,21408,221306,1434,1,1,128,1,1,16,0.000,0.000,,,,,NVIDIA A100-SXM4-40GB MIG 4g.20gb (0),1,,13,cupy_copy__complex64_complex64
10409050241,259837,221311,1,1,1,32,32,1,30,0.000,0.000,,,,,NVIDIA A100-SXM4-40GB MIG 4g.20gb (0),1,,13,"void convert_kernel<__half2, float2>(tensor_layout_any, T1 *, tensor_layout_any, const T2 *)"
10409339997,10336,221314,,,,,,,,,,0.094,9064.994,Pinned,Device,NVIDIA A100-SXM4-40GB MIG 4g.20gb (0),1,,13,[CUDA memcpy Host-to-Device]
10409992022,611705,221315,,,,,,,,,,456.561,746021.393,Device,,NVIDIA A100-SXM4-40GB MIG 4g.20gb (0),1,,13,[CUDA memset]
10410608911,66175,221320,,,,,,,,,,1.235,18661.239,Pinned,Device,NVIDIA A100-SXM4-40GB MIG 4g.20gb (0),1,,13,[CUDA memcpy Host-to-Device]
10410678830,12672,221321,,,,,,,,,,0.197,15515.124,Pinned,Device,NVIDIA A100-SXM4-40GB MIG 4g.20gb (0),1,,13,[CUDA memcpy Host-to-Device]
10411318311,17344,221322,69,4,1,48,1,1,76,0.002,0.000,,,,,NVIDIA A100-SXM4-40GB MIG 4g.20gb (0),1,,13,"void ch_est::windowedChEstPreNoDftSOfdmKernel<float, __half, float, (unsigned int)2, (unsigned int)1, (unsigned short)4>(ch_est::puschRxChEstStatDescr_t *, ch_est::puschRxChEstDynDescr_t *)"
10411956928,20063,221323,137,2,1,24,2,1,44,0.001,0.001,,,,,NVIDIA A100-SXM4-40GB MIG 4g.20gb (0),1,,13,"void ch_est::chEstFilterNoDftSOfdmDispatchKernel<float, __half, float, (unsigned int)2>(ch_est::puschRxChEstStatDescr_t *, ch_est::puschRxChEstDynDescr_t *)"
10412632568,18272,221324,137,2,1,24,2,1,44,0.001,0.001,,,,,NVIDIA A100-SXM4-40GB MIG 4g.20gb (0),1,,13,"void ch_est::chEstFilterNoDftSOfdmDispatchKernel<float, __half, float, (unsigned int)2>(ch_est::puschRxChEstStatDescr_t *, ch_est::puschRxChEstDynDescr_t *)"
10413298896,4672,221335,103,1,1,128,1,1,16,0.000,0.000,,,,,NVIDIA A100-SXM4-40GB MIG 4g.20gb (0),1,,13,cupy_copy__complex64_complex64
10413874666,21120,221345,1434,1,1,128,1,1,16,0.000,0.000,,,,,NVIDIA A100-SXM4-40GB MIG 4g.20gb (0),1,,13,cupy_copy__complex64_complex64
10414386916,5472,221352,103,1,1,128,1,1,16,0.000,0.000,,,,,NVIDIA A100-SXM4-40GB MIG 4g.20gb (0),1,,13,cupy_copy__complex64_complex64
10414740064,242269,221359,1,1,1,32,32,1,30,0.000,0.000,,,,,NVIDIA A100-SXM4-40GB MIG 4g.20gb (0),1,,13,"void convert_kernel<__half2, float2>(tensor_layout_any, T1 *, tensor_layout_any, const T2 *)"
10415014397,5472,221362,,,,,,,,,,0.094,17122.757,Pinned,Device,NVIDIA A100-SXM4-40GB MIG 4g.20gb (0),1,,13,[CUDA memcpy Host-to-Device]
10415325753,54528,221363,,,,,,,,,,35.810,656718.123,Device,,NVIDIA A100-SXM4-40GB MIG 4g.20gb (0),1,,13,[CUDA memset]
10415384761,2496,221365,,,,,,,,,,0.000,32.051,Pinned,Device,NVIDIA A100-SXM4-40GB MIG 4g.20gb (0),1,,13,[CUDA memcpy Host-to-Device]
10415390137,9632,221366,,,,,,,,,,0.197,20411.843,Pinned,Device,NVIDIA A100-SXM4-40GB MIG 4g.20gb (0),1,,13,[CUDA memcpy Host-to-Device]
10415946354,26240,221367,273,1,1,48,1,1,40,0.000,0.001,,,,,NVIDIA A100-SXM4-40GB MIG 4g.20gb (0),1,,13,"void pusch_noise_intf_est::noiseIntfEstNoDftSOfdmKernel<float, __half, float, float, (unsigned int)2, (unsigned int)1, (unsigned char)4, (unsigned char)4>(pusch_noise_intf_est::puschRxNoiseIntfEstDynDescr)"
10416379918,12543,221378,35,1,1,128,1,1,16,0.000,0.000,,,,,NVIDIA A100-SXM4-40GB MIG 4g.20gb (0),1,,13,cupy_copy__complex64_complex64
10416911719,3616,221387,1,1,1,1,1,1,18,0.000,0.000,,,,,NVIDIA A100-SXM4-40GB MIG 4g.20gb (0),1,,13,cupy_copy__float32_float32
10416916615,1888,221393,,,,,,,,,,0.000,2.119,Device,Pageable,NVIDIA A100-SXM4-40GB MIG 4g.20gb (0),1,,7,[CUDA memcpy Device-to-Host]
10417529024,19008,221404,1434,1,1,128,1,1,16,0.000,0.000,,,,,NVIDIA A100-SXM4-40GB MIG 4g.20gb (0),1,,13,cupy_copy__complex64_complex64
10418072090,16480,221411,103,1,1,128,1,1,16,0.000,0.000,,,,,NVIDIA A100-SXM4-40GB MIG 4g.20gb (0),1,,13,cupy_copy__complex64_complex64
10418474902,4640,221418,35,1,1,128,1,1,16,0.000,0.000,,,,,NVIDIA A100-SXM4-40GB MIG 4g.20gb (0),1,,13,cupy_copy__complex64_complex64
10418829010,4256,221425,1,1,1,1,1,1,18,0.000,0.000,,,,,NVIDIA A100-SXM4-40GB MIG 4g.20gb (0),1,,13,cupy_copy__float32_float32
10419270509,251005,221436,1,1,1,32,32,1,30,0.000,0.000,,,,,NVIDIA A100-SXM4-40GB MIG 4g.20gb (0),1,,13,"void convert_kernel<__half2, float2>(tensor_layout_any, T1 *, tensor_layout_any, const T2 *)"
10419553354,6015,221439,,,,,,,,,,0.094,15577.054,Pinned,Device,NVIDIA A100-SXM4-40GB MIG 4g.20gb (0),1,,13,[CUDA memcpy Host-to-Device]
10419985925,15679,221440,,,,,,,,,,1.547,98642.132,Device,,NVIDIA A100-SXM4-40GB MIG 4g.20gb (0),1,,13,[CUDA memset]
10420002148,7104,221445,,,,,,,,,,0.031,4405.381,Pinned,Device,NVIDIA A100-SXM4-40GB MIG 4g.20gb (0),1,,13,[CUDA memcpy Host-to-Device]
10420016292,14368,221446,,,,,,,,,,0.197,13683.720,Pinned,Device,NVIDIA A100-SXM4-40GB MIG 4g.20gb (0),1,,13,[CUDA memcpy Host-to-Device]
10420668893,13888,221447,273,1,1,8,4,1,39,0.002,0.000,,,,,NVIDIA A100-SXM4-40GB MIG 4g.20gb (0),1,,13,"void channel_eq::eqMmseCoefCompLowMimoKernel<float, float, float, (unsigned int)4, (unsigned int)1, (unsigned int)4>(const channel_eq::_puschRxChEqStatDescr *, channel_eq::_puschRxChEqCoefCompDynDescr)"
10421106744,28544,221448,273,1,1,12,11,1,51,0.002,0.000,,,,,NVIDIA A100-SXM4-40GB MIG 4g.20gb (0),1,,13,"void channel_eq::eqMmseSoftDemapKernel<float, __half, __half, float, (unsigned int)4, (unsigned short)16383>(channel_eq::_puschRxChEqStatDescr *, channel_eq::_puschRxChEqSoftDemapDynDescr)"
10421778128,672409,221449,1,1,1,32,32,1,30,0.000,0.000,,,,,NVIDIA A100-SXM4-40GB MIG 4g.20gb (0),1,,13,"void convert_kernel<float2, __half2>(tensor_layout_any, T1 *, tensor_layout_any, const T2 *)"
10423001378,18176,221461,2253,1,1,128,1,1,16,0.000,0.000,,,,,NVIDIA A100-SXM4-40GB MIG 4g.20gb (0),1,,13,cupy_copy__float16_float16
10423639131,17152,221470,282,1,1,128,1,1,16,0.000,0.000,,,,,NVIDIA A100-SXM4-40GB MIG 4g.20gb (0),1,,13,cupy_copy__complex64_complex64
10424127414,4096,221479,26,1,1,128,1,1,16,0.000,0.000,,,,,NVIDIA A100-SXM4-40GB MIG 4g.20gb (0),1,,13,cupy_copy__float32_float32
10424570865,8448,221488,103,1,1,128,1,1,16,0.000,0.000,,,,,NVIDIA A100-SXM4-40GB MIG 4g.20gb (0),1,,13,cupy_copy__complex64_complex64
10425102795,17695,221498,1434,1,1,128,1,1,16,0.000,0.000,,,,,NVIDIA A100-SXM4-40GB MIG 4g.20gb (0),1,,13,cupy_copy__complex64_complex64
10425691588,257917,221503,1,1,1,32,32,1,30,0.000,0.000,,,,,NVIDIA A100-SXM4-40GB MIG 4g.20gb (0),1,,13,"void convert_kernel<__half2, float2>(tensor_layout_any, T1 *, tensor_layout_any, const T2 *)"
10425979713,5824,221506,,,,,,,,,,0.094,16087.884,Pinned,Device,NVIDIA A100-SXM4-40GB MIG 4g.20gb (0),1,,13,[CUDA memcpy Host-to-Device]
10426581562,620313,221507,,,,,,,,,,456.561,735977.041,Device,,NVIDIA A100-SXM4-40GB MIG 4g.20gb (0),1,,13,[CUDA memset]
10427207827,65439,221512,,,,,,,,,,1.235,18871.179,Pinned,Device,NVIDIA A100-SXM4-40GB MIG 4g.20gb (0),1,,13,[CUDA memcpy Host-to-Device]
10427275954,9472,221513,,,,,,,,,,0.197,20756.693,Pinned,Device,NVIDIA A100-SXM4-40GB MIG 4g.20gb (0),1,,13,[CUDA memcpy Host-to-Device]
10427866635,23552,221514,69,4,1,48,1,1,76,0.002,0.000,,,,,NVIDIA A100-SXM4-40GB MIG 4g.20gb (0),1,,13,"void ch_est::windowedChEstPreNoDftSOfdmKernel<float, __half, float, (unsigned int)2, (unsigned int)1, (unsigned short)4>(ch_est::puschRxChEstStatDescr_t *, ch_est::puschRxChEstDynDescr_t *)"
10428396581,12128,221515,137,2,1,24,2,1,44,0.001,0.001,,,,,NVIDIA A100-SXM4-40GB MIG 4g.20gb (0),1,,13,"void ch_est::chEstFilterNoDftSOfdmDispatchKernel<float, __half, float, (unsigned int)2>(ch_est::puschRxChEstStatDescr_t *, ch_est::puschRxChEstDynDescr_t *)"
10429062942,13568,221516,137,2,1,24,2,1,44,0.001,0.001,,,,,NVIDIA A100-SXM4-40GB MIG 4g.20gb (0),1,,13,"void ch_est::chEstFilterNoDftSOfdmDispatchKernel<float, __half, float, (unsigned int)2>(ch_est::puschRxChEstStatDescr_t *, ch_est::puschRxChEstDynDescr_t *)"
10429727766,4960,221527,103,1,1,128,1,1,16,0.000,0.000,,,,,NVIDIA A100-SXM4-40GB MIG 4g.20gb (0),1,,13,cupy_copy__complex64_complex64
10430304400,20319,221537,1434,1,1,128,1,1,16,0.000,0.000,,,,,NVIDIA A100-SXM4-40GB MIG 4g.20gb (0),1,,13,cupy_copy__complex64_complex64
10430850441,15840,221544,103,1,1,128,1,1,16,0.000,0.000,,,,,NVIDIA A100-SXM4-40GB MIG 4g.20gb (0),1,,13,cupy_copy__complex64_complex64
10431256549,265117,221551,1,1,1,32,32,1,30,0.000,0.000,,,,,NVIDIA A100-SXM4-40GB MIG 4g.20gb (0),1,,13,"void convert_kernel<__half2, float2>(tensor_layout_any, T1 *, tensor_layout_any, const T2 *)"
10431554465,5568,221554,,,,,,,,,,0.094,16827.521,Pinned,Device,NVIDIA A100-SXM4-40GB MIG 4g.20gb (0),1,,13,[CUDA memcpy Host-to-Device]
10432044956,57471,221555,,,,,,,,,,35.810,623092.608,Device,,NVIDIA A100-SXM4-40GB MIG 4g.20gb (0),1,,13,[CUDA memset]
10432104347,1792,221557,,,,,,,,,,0.000,44.643,Pinned,Device,NVIDIA A100-SXM4-40GB MIG 4g.20gb (0),1,,13,[CUDA memcpy Host-to-Device]
10432112603,9632,221558,,,,,,,,,,0.197,20411.843,Pinned,Device,NVIDIA A100-SXM4-40GB MIG 4g.20gb (0),1,,13,[CUDA memcpy Host-to-Device]
10432680469,36319,221559,273,1,1,48,1,1,40,0.000,0.001,,,,,NVIDIA A100-SXM4-40GB MIG 4g.20gb (0),1,,13,"void pusch_noise_intf_est::noiseIntfEstNoDftSOfdmKernel<float, __half, float, float, (unsigned int)2, (unsigned int)1, (unsigned char)4, (unsigned char)4>(pusch_noise_intf_est::puschRxNoiseIntfEstDynDescr)"
10433256654,11168,221570,35,1,1,128,1,1,16,0.000,0.000,,,,,NVIDIA A100-SXM4-40GB MIG 4g.20gb (0),1,,13,cupy_copy__complex64_complex64
10433800200,3616,221579,1,1,1,1,1,1,18,0.000,0.000,,,,,NVIDIA A100-SXM4-40GB MIG 4g.20gb (0),1,,13,cupy_copy__float32_float32
10433806280,1856,221585,,,,,,,,,,0.000,2.155,Device,Pageable,NVIDIA A100-SXM4-40GB MIG 4g.20gb (0),1,,7,[CUDA memcpy Device-to-Host]
10434413761,20224,221596,1434,1,1,128,1,1,16,0.000,0.000,,,,,NVIDIA A100-SXM4-40GB MIG 4g.20gb (0),1,,13,cupy_copy__complex64_complex64
10434955899,16576,221603,103,1,1,128,1,1,16,0.000,0.000,,,,,NVIDIA A100-SXM4-40GB MIG 4g.20gb (0),1,,13,cupy_copy__complex64_complex64
10435367318,4832,221610,35,1,1,128,1,1,16,0.000,0.000,,,,,NVIDIA A100-SXM4-40GB MIG 4g.20gb (0),1,,13,cupy_copy__complex64_complex64
10435714674,3840,221617,1,1,1,1,1,1,18,0.000,0.000,,,,,NVIDIA A100-SXM4-40GB MIG 4g.20gb (0),1,,13,cupy_copy__float32_float32
10436162285,251357,221628,1,1,1,32,32,1,30,0.000,0.000,,,,,NVIDIA A100-SXM4-40GB MIG 4g.20gb (0),1,,13,"void convert_kernel<__half2, float2>(tensor_layout_any, T1 *, tensor_layout_any, const T2 *)"
10436444458,10176,221631,,,,,,,,,,0.094,9207.506,Pinned,Device,NVIDIA A100-SXM4-40GB MIG 4g.20gb (0),1,,13,[CUDA memcpy Host-to-Device]
10437004260,15487,221632,,,,,,,,,,1.547,99865.512,Device,,NVIDIA A100-SXM4-40GB MIG 4g.20gb (0),1,,13,[CUDA memset]
10437023075,7104,221637,,,,,,,,,,0.031,4405.381,Pinned,Device,NVIDIA A100-SXM4-40GB MIG 4g.20gb (0),1,,13,[CUDA memcpy Host-to-Device]
10437036995,13824,221638,,,,,,,,,,0.197,14222.033,Pinned,Device,NVIDIA A100-SXM4-40GB MIG 4g.20gb (0),1,,13,[CUDA memcpy Host-to-Device]
10437593117,14048,221639,273,1,1,8,4,1,39,0.002,0.000,,,,,NVIDIA A100-SXM4-40GB MIG 4g.20gb (0),1,,13,"void channel_eq::eqMmseCoefCompLowMimoKernel<float, float, float, (unsigned int)4, (unsigned int)1, (unsigned int)4>(const channel_eq::_puschRxChEqStatDescr *, channel_eq::_puschRxChEqCoefCompDynDescr)"
10438151991,24799,221640,273,1,1,12,11,1,51,0.002,0.000,,,,,NVIDIA A100-SXM4-40GB MIG 4g.20gb (0),1,,13,"void channel_eq::eqMmseSoftDemapKernel<float, __half, __half, float, (unsigned int)4, (unsigned short)16383>(channel_eq::_puschRxChEqStatDescr *, channel_eq::_puschRxChEqSoftDemapDynDescr)"
10438698192,654905,221641,1,1,1,32,32,1,30,0.000,0.000,,,,,NVIDIA A100-SXM4-40GB MIG 4g.20gb (0),1,,13,"void convert_kernel<float2, __half2>(tensor_layout_any, T1 *, tensor_layout_any, const T2 *)"
10439810436,17184,221653,2253,1,1,128,1,1,16,0.000,0.000,,,,,NVIDIA A100-SXM4-40GB MIG 4g.20gb (0),1,,13,cupy_copy__float16_float16
10440291358,16288,221662,282,1,1,128,1,1,16,0.000,0.000,,,,,NVIDIA A100-SXM4-40GB MIG 4g.20gb (0),1,,13,cupy_copy__complex64_complex64
10440850744,9344,221671,26,1,1,128,1,1,16,0.000,0.000,,,,,NVIDIA A100-SXM4-40GB MIG 4g.20gb (0),1,,13,cupy_copy__float32_float32
10441515600,12864,221680,103,1,1,128,1,1,16,0.000,0.000,,,,,NVIDIA A100-SXM4-40GB MIG 4g.20gb (0),1,,13,cupy_copy__complex64_complex64
10442090602,20832,221690,1434,1,1,128,1,1,16,0.000,0.000,,,,,NVIDIA A100-SXM4-40GB MIG 4g.20gb (0),1,,13,cupy_copy__complex64_complex64
10442631396,247517,221695,1,1,1,32,32,1,30,0.000,0.000,,,,,NVIDIA A100-SXM4-40GB MIG 4g.20gb (0),1,,13,"void convert_kernel<__half2, float2>(tensor_layout_any, T1 *, tensor_layout_any, const T2 *)"
10442909953,12959,221698,,,,,,,,,,0.094,7230.146,Pinned,Device,NVIDIA A100-SXM4-40GB MIG 4g.20gb (0),1,,13,[CUDA memcpy Host-to-Device]
10443508250,622169,221699,,,,,,,,,,456.561,733694.234,Device,,NVIDIA A100-SXM4-40GB MIG 4g.20gb (0),1,,13,[CUDA memset]
10444131955,70239,221704,,,,,,,,,,1.235,17581.898,Pinned,Device,NVIDIA A100-SXM4-40GB MIG 4g.20gb (0),1,,13,[CUDA memcpy Host-to-Device]
10444208594,16992,221705,,,,,,,,,,0.197,11570.577,Pinned,Device,NVIDIA A100-SXM4-40GB MIG 4g.20gb (0),1,,13,[CUDA memcpy Host-to-Device]
10444825739,22176,221706,69,4,1,48,1,1,76,0.002,0.000,,,,,NVIDIA A100-SXM4-40GB MIG 4g.20gb (0),1,,13,"void ch_est::windowedChEstPreNoDftSOfdmKernel<float, __half, float, (unsigned int)2, (unsigned int)1, (unsigned short)4>(ch_est::puschRxChEstStatDescr_t *, ch_est::puschRxChEstDynDescr_t *)"
10445354725,12480,221707,137,2,1,24,2,1,44,0.001,0.001,,,,,NVIDIA A100-SXM4-40GB MIG 4g.20gb (0),1,,13,"void ch_est::chEstFilterNoDftSOfdmDispatchKernel<float, __half, float, (unsigned int)2>(ch_est::puschRxChEstStatDescr_t *, ch_est::puschRxChEstDynDescr_t *)"
10445827647,25152,221708,137,2,1,24,2,1,44,0.001,0.001,,,,,NVIDIA A100-SXM4-40GB MIG 4g.20gb (0),1,,13,"void ch_est::chEstFilterNoDftSOfdmDispatchKernel<float, __half, float, (unsigned int)2>(ch_est::puschRxChEstStatDescr_t *, ch_est::puschRxChEstDynDescr_t *)"
10446385273,9344,221719,103,1,1,128,1,1,16,0.000,0.000,,,,,NVIDIA A100-SXM4-40GB MIG 4g.20gb (0),1,,13,cupy_copy__complex64_complex64
10447052722,24223,221729,1434,1,1,128,1,1,16,0.000,0.000,,,,,NVIDIA A100-SXM4-40GB MIG 4g.20gb (0),1,,13,cupy_copy__complex64_complex64
10447646795,15744,221736,103,1,1,128,1,1,16,0.000,0.000,,,,,NVIDIA A100-SXM4-40GB MIG 4g.20gb (0),1,,13,cupy_copy__complex64_complex64
10448057862,266973,221743,1,1,1,32,32,1,30,0.000,0.000,,,,,NVIDIA A100-SXM4-40GB MIG 4g.20gb (0),1,,13,"void convert_kernel<__half2, float2>(tensor_layout_any, T1 *, tensor_layout_any, const T2 *)"
10448355651,7456,221746,,,,,,,,,,0.094,12566.508,Pinned,Device,NVIDIA A100-SXM4-40GB MIG 4g.20gb (0),1,,13,[CUDA memcpy Host-to-Device]
10448843677,55680,221747,,,,,,,,,,35.810,643110.353,Device,,NVIDIA A100-SXM4-40GB MIG 4g.20gb (0),1,,13,[CUDA memset]
10448901085,3904,221749,,,,,,,,,,0.000,20.492,Pinned,Device,NVIDIA A100-SXM4-40GB MIG 4g.20gb (0),1,,13,[CUDA memcpy Host-to-Device]
10448910845,9695,221750,,,,,,,,,,0.197,20279.132,Pinned,Device,NVIDIA A100-SXM4-40GB MIG 4g.20gb (0),1,,13,[CUDA memcpy Host-to-Device]
10449471830,34496,221751,273,1,1,48,1,1,40,0.000,0.001,,,,,NVIDIA A100-SXM4-40GB MIG 4g.20gb (0),1,,13,"void pusch_noise_intf_est::noiseIntfEstNoDftSOfdmKernel<float, __half, float, float, (unsigned int)2, (unsigned int)1, (unsigned char)4, (unsigned char)4>(pusch_noise_intf_est::puschRxNoiseIntfEstDynDescr)"
10450044080,10592,221762,35,1,1,128,1,1,16,0.000,0.000,,,,,NVIDIA A100-SXM4-40GB MIG 4g.20gb (0),1,,13,cupy_copy__complex64_complex64
10450593449,3360,221771,1,1,1,1,1,1,18,0.000,0.000,,,,,NVIDIA A100-SXM4-40GB MIG 4g.20gb (0),1,,13,cupy_copy__float32_float32
10450598665,1984,221777,,,,,,,,,,0.000,2.016,Device,Pageable,NVIDIA A100-SXM4-40GB MIG 4g.20gb (0),1,,7,[CUDA memcpy Device-to-Host]
10451230754,20128,221788,1434,1,1,128,1,1,16,0.000,0.000,,,,,NVIDIA A100-SXM4-40GB MIG 4g.20gb (0),1,,13,cupy_copy__complex64_complex64
10451802908,16064,221795,103,1,1,128,1,1,16,0.000,0.000,,,,,NVIDIA A100-SXM4-40GB MIG 4g.20gb (0),1,,13,cupy_copy__complex64_complex64
10452230231,4640,221802,35,1,1,128,1,1,16,0.000,0.000,,,,,NVIDIA A100-SXM4-40GB MIG 4g.20gb (0),1,,13,cupy_copy__complex64_complex64
10452590099,3648,221809,1,1,1,1,1,1,18,0.000,0.000,,,,,NVIDIA A100-SXM4-40GB MIG 4g.20gb (0),1,,13,cupy_copy__float32_float32
10453054990,258173,221820,1,1,1,32,32,1,30,0.000,0.000,,,,,NVIDIA A100-SXM4-40GB MIG 4g.20gb (0),1,,13,"void convert_kernel<__half2, float2>(tensor_layout_any, T1 *, tensor_layout_any, const T2 *)"
10453344490,11072,221823,,,,,,,,,,0.094,8462.342,Pinned,Device,NVIDIA A100-SXM4-40GB MIG 4g.20gb (0),1,,13,[CUDA memcpy Host-to-Device]
10453785573,16160,221824,,,,,,,,,,1.547,95706.640,Device,,NVIDIA A100-SXM4-40GB MIG 4g.20gb (0),1,,13,[CUDA memset]
10453806821,3808,221829,,,,,,,,,,0.031,8218.486,Pinned,Device,NVIDIA A100-SXM4-40GB MIG 4g.20gb (0),1,,13,[CUDA memcpy Host-to-Device]
10453817957,10304,221830,,,,,,,,,,0.197,19080.610,Pinned,Device,NVIDIA A100-SXM4-40GB MIG 4g.20gb (0),1,,13,[CUDA memcpy Host-to-Device]
10454371583,15935,221831,273,1,1,8,4,1,39,0.002,0.000,,,,,NVIDIA A100-SXM4-40GB MIG 4g.20gb (0),1,,13,"void channel_eq::eqMmseCoefCompLowMimoKernel<float, float, float, (unsigned int)4, (unsigned int)1, (unsigned int)4>(const channel_eq::_puschRxChEqStatDescr *, channel_eq::_puschRxChEqCoefCompDynDescr)"
10454812058,26303,221832,273,1,1,12,11,1,51,0.002,0.000,,,,,NVIDIA A100-SXM4-40GB MIG 4g.20gb (0),1,,13,"void channel_eq::eqMmseSoftDemapKernel<float, __half, __half, float, (unsigned int)4, (unsigned short)16383>(channel_eq::_puschRxChEqStatDescr *, channel_eq::_puschRxChEqSoftDemapDynDescr)"
10455413075,655096,221833,1,1,1,32,32,1,30,0.000,0.000,,,,,NVIDIA A100-SXM4-40GB MIG 4g.20gb (0),1,,13,"void convert_kernel<float2, __half2>(tensor_layout_any, T1 *, tensor_layout_any, const T2 *)"
10456691972,18688,221845,2253,1,1,128,1,1,16,0.000,0.000,,,,,NVIDIA A100-SXM4-40GB MIG 4g.20gb (0),1,,13,cupy_copy__float16_float16
10457370269,9023,221854,282,1,1,128,1,1,16,0.000,0.000,,,,,NVIDIA A100-SXM4-40GB MIG 4g.20gb (0),1,,13,cupy_copy__complex64_complex64
10457954678,16672,221863,26,1,1,128,1,1,16,0.000,0.000,,,,,NVIDIA A100-SXM4-40GB MIG 4g.20gb (0),1,,13,cupy_copy__float32_float32
10458486736,8352,221872,103,1,1,128,1,1,16,0.000,0.000,,,,,NVIDIA A100-SXM4-40GB MIG 4g.20gb (0),1,,13,cupy_copy__complex64_complex64
10458835468,22816,221882,1434,1,1,128,1,1,16,0.000,0.000,,,,,NVIDIA A100-SXM4-40GB MIG 4g.20gb (0),1,,13,cupy_copy__complex64_complex64
10459407909,254750,221887,1,1,1,32,32,1,30,0.000,0.000,,,,,NVIDIA A100-SXM4-40GB MIG 4g.20gb (0),1,,13,"void convert_kernel<__half2, float2>(tensor_layout_any, T1 *, tensor_layout_any, const T2 *)"
10459694690,5952,221890,,,,,,,,,,0.094,15741.865,Pinned,Device,NVIDIA A100-SXM4-40GB MIG 4g.20gb (0),1,,13,[CUDA memcpy Host-to-Device]
10460247484,607609,221891,,,,,,,,,,456.561,751043.569,Device,,NVIDIA A100-SXM4-40GB MIG 4g.20gb (0),1,,13,[CUDA memset]
10460860661,69951,221896,,,,,,,,,,1.235,17653.524,Pinned,Device,NVIDIA A100-SXM4-40GB MIG 4g.20gb (0),1,,13,[CUDA memcpy Host-to-Device]
10460933076,9568,221897,,,,,,,,,,0.197,20548.485,Pinned,Device,NVIDIA A100-SXM4-40GB MIG 4g.20gb (0),1,,13,[CUDA memcpy Host-to-Device]
10461515214,22751,221898,69,4,1,48,1,1,76,0.002,0.000,,,,,NVIDIA A100-SXM4-40GB MIG 4g.20gb (0),1,,13,"void ch_est::windowedChEstPreNoDftSOfdmKernel<float, __half, float, (unsigned int)2, (unsigned int)1, (unsigned short)4>(ch_est::puschRxChEstStatDescr_t *, ch_est::puschRxChEstDynDescr_t *)"
10462047688,13951,221899,137,2,1,24,2,1,44,0.001,0.001,,,,,NVIDIA A100-SXM4-40GB MIG 4g.20gb (0),1,,13,"void ch_est::chEstFilterNoDftSOfdmDispatchKernel<float, __half, float, (unsigned int)2>(ch_est::puschRxChEstStatDescr_t *, ch_est::puschRxChEstDynDescr_t *)"
10462714336,15776,221900,137,2,1,24,2,1,44,0.001,0.001,,,,,NVIDIA A100-SXM4-40GB MIG 4g.20gb (0),1,,13,"void ch_est::chEstFilterNoDftSOfdmDispatchKernel<float, __half, float, (unsigned int)2>(ch_est::puschRxChEstStatDescr_t *, ch_est::puschRxChEstDynDescr_t *)"
10463383448,6016,221911,103,1,1,128,1,1,16,0.000,0.000,,,,,NVIDIA A100-SXM4-40GB MIG 4g.20gb (0),1,,13,cupy_copy__complex64_complex64
10463923026,20128,221921,1434,1,1,128,1,1,16,0.000,0.000,,,,,NVIDIA A100-SXM4-40GB MIG 4g.20gb (0),1,,13,cupy_copy__complex64_complex64
10464429708,5824,221928,103,1,1,128,1,1,16,0.000,0.000,,,,,NVIDIA A100-SXM4-40GB MIG 4g.20gb (0),1,,13,cupy_copy__complex64_complex64
10464928423,265053,221935,1,1,1,32,32,1,30,0.000,0.000,,,,,NVIDIA A100-SXM4-40GB MIG 4g.20gb (0),1,,13,"void convert_kernel<__half2, float2>(tensor_layout_any, T1 *, tensor_layout_any, const T2 *)"
10465224355,5632,221938,,,,,,,,,,0.094,16636.287,Pinned,Device,NVIDIA A100-SXM4-40GB MIG 4g.20gb (0),1,,13,[CUDA memcpy Host-to-Device]
10465688126,51712,221939,,,,,,,,,,35.810,692456.423,Device,,NVIDIA A100-SXM4-40GB MIG 4g.20gb (0),1,,13,[CUDA memset]
10465744158,7136,221941,,,,,,,,,,0.000,11.211,Pinned,Device,NVIDIA A100-SXM4-40GB MIG 4g.20gb (0),1,,13,[CUDA memcpy Host-to-Device]
10465758653,13568,221942,,,,,,,,,,0.197,14490.403,Pinned,Device,NVIDIA A100-SXM4-40GB MIG 4g.20gb (0),1,,13,[CUDA memcpy Host-to-Device]
10466506933,17088,221943,273,1,1,48,1,1,40,0.000,0.001,,,,,NVIDIA A100-SXM4-40GB MIG 4g.20gb (0),1,,13,"void pusch_noise_intf_est::noiseIntfEstNoDftSOfdmKernel<float, __half, float, float, (unsigned int)2, (unsigned int)1, (unsigned char)4, (unsigned char)4>(pusch_noise_intf_est::puschRxNoiseIntfEstDynDescr)"
10467044367,7712,221954,35,1,1,128,1,1,16,0.000,0.000,,,,,NVIDIA A100-SXM4-40GB MIG 4g.20gb (0),1,,13,cupy_copy__complex64_complex64
10467520201,5568,221963,1,1,1,1,1,1,18,0.000,0.000,,,,,NVIDIA A100-SXM4-40GB MIG 4g.20gb (0),1,,13,cupy_copy__float32_float32
10467534089,1856,221969,,,,,,,,,,0.000,2.155,Device,Pageable,NVIDIA A100-SXM4-40GB MIG 4g.20gb (0),1,,7,[CUDA memcpy Device-to-Host]
10468141506,20736,221980,1434,1,1,128,1,1,16,0.000,0.000,,,,,NVIDIA A100-SXM4-40GB MIG 4g.20gb (0),1,,13,cupy_copy__complex64_complex64
10468602685,5024,221987,103,1,1,128,1,1,16,0.000,0.000,,,,,NVIDIA A100-SXM4-40GB MIG 4g.20gb (0),1,,13,cupy_copy__complex64_complex64
10469005881,4320,221994,35,1,1,128,1,1,16,0.000,0.000,,,,,NVIDIA A100-SXM4-40GB MIG 4g.20gb (0),1,,13,cupy_copy__complex64_complex64
10469537139,3168,222001,1,1,1,1,1,1,18,0.000,0.000,,,,,NVIDIA A100-SXM4-40GB MIG 4g.20gb (0),1,,13,cupy_copy__float32_float32
10470024077,247965,222012,1,1,1,32,32,1,30,0.000,0.000,,,,,NVIDIA A100-SXM4-40GB MIG 4g.20gb (0),1,,13,"void convert_kernel<__half2, float2>(tensor_layout_any, T1 *, tensor_layout_any, const T2 *)"
10470303850,5984,222015,,,,,,,,,,0.094,15657.726,Pinned,Device,NVIDIA A100-SXM4-40GB MIG 4g.20gb (0),1,,13,[CUDA memcpy Host-to-Device]
10470861252,4319,222016,,,,,,,,,,1.547,358097.588,Device,,NVIDIA A100-SXM4-40GB MIG 4g.20gb (0),1,,13,[CUDA memset]
10470867107,7520,222021,,,,,,,,,,0.031,4161.679,Pinned,Device,NVIDIA A100-SXM4-40GB MIG 4g.20gb (0),1,,13,[CUDA memcpy Host-to-Device]
10470881251,13280,222022,,,,,,,,,,0.197,14804.779,Pinned,Device,NVIDIA A100-SXM4-40GB MIG 4g.20gb (0),1,,13,[CUDA memcpy Host-to-Device]
10471402685,18112,222023,273,1,1,8,4,1,39,0.002,0.000,,,,,NVIDIA A100-SXM4-40GB MIG 4g.20gb (0),1,,13,"void channel_eq::eqMmseCoefCompLowMimoKernel<float, float, float, (unsigned int)4, (unsigned int)1, (unsigned int)4>(const channel_eq::_puschRxChEqStatDescr *, channel_eq::_puschRxChEqCoefCompDynDescr)"
10471893176,24000,222024,273,1,1,12,11,1,51,0.002,0.000,,,,,NVIDIA A100-SXM4-40GB MIG 4g.20gb (0),1,,13,"void channel_eq::eqMmseSoftDemapKernel<float, __half, __half, float, (unsigned int)4, (unsigned short)16383>(channel_eq::_puschRxChEqStatDescr *, channel_eq::_puschRxChEqSoftDemapDynDescr)"
10472349331,689624,222025,1,1,1,32,32,1,30,0.000,0.000,,,,,NVIDIA A100-SXM4-40GB MIG 4g.20gb (0),1,,13,"void convert_kernel<float2, __half2>(tensor_layout_any, T1 *, tensor_layout_any, const T2 *)"
10473457094,15840,222037,2253,1,1,128,1,1,16,0.000,0.000,,,,,NVIDIA A100-SXM4-40GB MIG 4g.20gb (0),1,,13,cupy_copy__float16_float16
10474007136,18688,222046,282,1,1,128,1,1,16,0.000,0.000,,,,,NVIDIA A100-SXM4-40GB MIG 4g.20gb (0),1,,13,cupy_copy__complex64_complex64
10474493338,6912,222055,26,1,1,128,1,1,16,0.000,0.000,,,,,NVIDIA A100-SXM4-40GB MIG 4g.20gb (0),1,,13,cupy_copy__float32_float32
10474938613,6368,222064,103,1,1,128,1,1,16,0.000,0.000,,,,,NVIDIA A100-SXM4-40GB MIG 4g.20gb (0),1,,13,cupy_copy__complex64_complex64
10475418288,22144,222074,1434,1,1,128,1,1,16,0.000,0.000,,,,,NVIDIA A100-SXM4-40GB MIG 4g.20gb (0),1,,13,cupy_copy__complex64_complex64
10475960714,247677,222079,1,1,1,32,32,1,30,0.000,0.000,,,,,NVIDIA A100-SXM4-40GB MIG 4g.20gb (0),1,,13,"void convert_kernel<__half2, float2>(tensor_layout_any, T1 *, tensor_layout_any, const T2 *)"
10476239815,5631,222082,,,,,,,,,,0.094,16639.285,Pinned,Device,NVIDIA A100-SXM4-40GB MIG 4g.20gb (0),1,,13,[CUDA memcpy Host-to-Device]
10476746721,614521,222083,,,,,,,,,,456.561,742825.463,Device,,NVIDIA A100-SXM4-40GB MIG 4g.20gb (0),1,,13,[CUDA memset]
10477363578,73823,222088,,,,,,,,,,1.235,16727.316,Pinned,Device,NVIDIA A100-SXM4-40GB MIG 4g.20gb (0),1,,13,[CUDA memcpy Host-to-Device]
10477440025,9824,222089,,,,,,,,,,0.197,20012.925,Pinned,Device,NVIDIA A100-SXM4-40GB MIG 4g.20gb (0),1,,13,[CUDA memcpy Host-to-Device]
10478073266,13824,222090,69,4,1,48,1,1,76,0.002,0.000,,,,,NVIDIA A100-SXM4-40GB MIG 4g.20gb (0),1,,13,"void ch_est::windowedChEstPreNoDftSOfdmKernel<float, __half, float, (unsigned int)2, (unsigned int)1, (unsigned short)4>(ch_est::puschRxChEstStatDescr_t *, ch_est::puschRxChEstDynDescr_t *)"
10478605548,25023,222091,137,2,1,24,2,1,44,0.001,0.001,,,,,NVIDIA A100-SXM4-40GB MIG 4g.20gb (0),1,,13,"void ch_est::chEstFilterNoDftSOfdmDispatchKernel<float, __half, float, (unsigned int)2>(ch_est::puschRxChEstStatDescr_t *, ch_est::puschRxChEstDynDescr_t *)"
10479169093,26112,222092,137,2,1,24,2,1,44,0.001,0.001,,,,,NVIDIA A100-SXM4-40GB MIG 4g.20gb (0),1,,13,"void ch_est::chEstFilterNoDftSOfdmDispatchKernel<float, __half, float, (unsigned int)2>(ch_est::puschRxChEstStatDescr_t *, ch_est::puschRxChEstDynDescr_t *)"
10479698335,5408,222103,103,1,1,128,1,1,16,0.000,0.000,,,,,NVIDIA A100-SXM4-40GB MIG 4g.20gb (0),1,,13,cupy_copy__complex64_complex64
10480178330,22368,222113,1434,1,1,128,1,1,16,0.000,0.000,,,,,NVIDIA A100-SXM4-40GB MIG 4g.20gb (0),1,,13,cupy_copy__complex64_complex64
10480892210,4992,222120,103,1,1,128,1,1,16,0.000,0.000,,,,,NVIDIA A100-SXM4-40GB MIG 4g.20gb (0),1,,13,cupy_copy__complex64_complex64
10481591754,247357,222127,1,1,1,32,32,1,30,0.000,0.000,,,,,NVIDIA A100-SXM4-40GB MIG 4g.20gb (0),1,,13,"void convert_kernel<__half2, float2>(tensor_layout_any, T1 *, tensor_layout_any, const T2 *)"
10481870759,8224,222130,,,,,,,,,,0.094,11392.965,Pinned,Device,NVIDIA A100-SXM4-40GB MIG 4g.20gb (0),1,,13,[CUDA memcpy Host-to-Device]
10482289154,49983,222131,,,,,,,,,,35.810,716413.260,Device,,NVIDIA A100-SXM4-40GB MIG 4g.20gb (0),1,,13,[CUDA memset]
10482344353,2496,222133,,,,,,,,,,0.000,32.051,Pinned,Device,NVIDIA A100-SXM4-40GB MIG 4g.20gb (0),1,,13,[CUDA memcpy Host-to-Device]
10482349889,9696,222134,,,,,,,,,,0.197,20277.166,Pinned,Device,NVIDIA A100-SXM4-40GB MIG 4g.20gb (0),1,,13,[CUDA memcpy Host-to-Device]
10483045337,17824,222135,273,1,1,48,1,1,40,0.000,0.001,,,,,NVIDIA A100-SXM4-40GB MIG 4g.20gb (0),1,,13,"void pusch_noise_intf_est::noiseIntfEstNoDftSOfdmKernel<float, __half, float, float, (unsigned int)2, (unsigned int)1, (unsigned char)4, (unsigned char)4>(pusch_noise_intf_est::puschRxNoiseIntfEstDynDescr)"
10483748113,5056,222146,35,1,1,128,1,1,16,0.000,0.000,,,,,NVIDIA A100-SXM4-40GB MIG 4g.20gb (0),1,,13,cupy_copy__complex64_complex64
10484457097,4288,222155,1,1,1,1,1,1,18,0.000,0.000,,,,,NVIDIA A100-SXM4-40GB MIG 4g.20gb (0),1,,13,cupy_copy__float32_float32
10484464489,2112,222161,,,,,,,,,,0.000,1.894,Device,Pageable,NVIDIA A100-SXM4-40GB MIG 4g.20gb (0),1,,7,[CUDA memcpy Device-to-Host]
10485244480,26624,222172,1434,1,1,128,1,1,16,0.000,0.000,,,,,NVIDIA A100-SXM4-40GB MIG 4g.20gb (0),1,,13,cupy_copy__complex64_complex64
10485880985,4544,222179,103,1,1,128,1,1,16,0.000,0.000,,,,,NVIDIA A100-SXM4-40GB MIG 4g.20gb (0),1,,13,cupy_copy__complex64_complex64
10486502226,7712,222186,35,1,1,128,1,1,16,0.000,0.000,,,,,NVIDIA A100-SXM4-40GB MIG 4g.20gb (0),1,,13,cupy_copy__complex64_complex64
10487074284,7840,222193,1,1,1,1,1,1,18,0.000,0.000,,,,,NVIDIA A100-SXM4-40GB MIG 4g.20gb (0),1,,13,cupy_copy__float32_float32
10487709412,295165,222204,1,1,1,32,32,1,30,0.000,0.000,,,,,NVIDIA A100-SXM4-40GB MIG 4g.20gb (0),1,,13,"void convert_kernel<__half2, float2>(tensor_layout_any, T1 *, tensor_layout_any, const T2 *)"
10488036289,12096,222207,,,,,,,,,,0.094,7745.942,Pinned,Device,NVIDIA A100-SXM4-40GB MIG 4g.20gb (0),1,,13,[CUDA memcpy Host-to-Device]
10488634106,15808,222208,,,,,,,,,,1.547,97837.888,Device,,NVIDIA A100-SXM4-40GB MIG 4g.20gb (0),1,,13,[CUDA memset]
10488654170,7104,222213,,,,,,,,,,0.031,4405.381,Pinned,Device,NVIDIA A100-SXM4-40GB MIG 4g.20gb (0),1,,13,[CUDA memcpy Host-to-Device]
10488664218,13919,222214,,,,,,,,,,0.197,14125.105,Pinned,Device,NVIDIA A100-SXM4-40GB MIG 4g.20gb (0),1,,13,[CUDA memcpy Host-to-Device]
10489352370,17216,222215,273,1,1,8,4,1,39,0.002,0.000,,,,,NVIDIA A100-SXM4-40GB MIG 4g.20gb (0),1,,13,"void channel_eq::eqMmseCoefCompLowMimoKernel<float, float, float, (unsigned int)4, (unsigned int)1, (unsigned int)4>(const channel_eq::_puschRxChEqStatDescr *, channel_eq::_puschRxChEqCoefCompDynDescr)"
10489928971,17184,222216,273,1,1,12,11,1,51,0.002,0.000,,,,,NVIDIA A100-SXM4-40GB MIG 4g.20gb (0),1,,13,"void channel_eq::eqMmseSoftDemapKernel<float, __half, __half, float, (unsigned int)4, (unsigned short)16383>(channel_eq::_puschRxChEqStatDescr *, channel_eq::_puschRxChEqSoftDemapDynDescr)"
10490646051,717784,222217,1,1,1,32,32,1,30,0.000,0.000,,,,,NVIDIA A100-SXM4-40GB MIG 4g.20gb (0),1,,13,"void convert_kernel<float2, __half2>(tensor_layout_any, T1 *, tensor_layout_any, const T2 *)"
10491995636,18112,222229,2253,1,1,128,1,1,16,0.000,0.000,,,,,NVIDIA A100-SXM4-40GB MIG 4g.20gb (0),1,,13,cupy_copy__float16_float16
10492675468,5696,222238,282,1,1,128,1,1,16,0.000,0.000,,,,,NVIDIA A100-SXM4-40GB MIG 4g.20gb (0),1,,13,cupy_copy__complex64_complex64
10493169223,3903,222247,26,1,1,128,1,1,16,0.000,0.000,,,,,NVIDIA A100-SXM4-40GB MIG 4g.20gb (0),1,,13,cupy_copy__float32_float32
10493831775,8896,222256,103,1,1,128,1,1,16,0.000,0.000,,,,,NVIDIA A100-SXM4-40GB MIG 4g.20gb (0),1,,13,cupy_copy__complex64_complex64
10494442488,15808,222266,1434,1,1,128,1,1,16,0.000,0.000,,,,,NVIDIA A100-SXM4-40GB MIG 4g.20gb (0),1,,13,cupy_copy__complex64_complex64
10495081265,261821,222271,1,1,1,32,32,1,30,0.000,0.000,,,,,NVIDIA A100-SXM4-40GB MIG 4g.20gb (0),1,,13,"void convert_kernel<__half2, float2>(tensor_layout_any, T1 *, tensor_layout_any, const T2 *)"
10495374253,5856,222274,,,,,,,,,,0.094,15999.997,Pinned,Device,NVIDIA A100-SXM4-40GB MIG 4g.20gb (0),1,,13,[CUDA memcpy Host-to-Device]
10496062726,613913,222275,,,,,,,,,,456.561,743282.024,Device,,NVIDIA A100-SXM4-40GB MIG 4g.20gb (0),1,,13,[CUDA memset]
10496683647,75935,222280,,,,,,,,,,1.235,16262.978,Pinned,Device,NVIDIA A100-SXM4-40GB MIG 4g.20gb (0),1,,13,[CUDA memcpy Host-to-Device]
10496762046,9440,222281,,,,,,,,,,0.197,20827.079,Pinned,Device,NVIDIA A100-SXM4-40GB MIG 4g.20gb (0),1,,13,[CUDA memcpy Host-to-Device]
10497551637,20000,222282,69,4,1,48,1,1,76,0.002,0.000,,,,,NVIDIA A100-SXM4-40GB MIG 4g.20gb (0),1,,13,"void ch_est::windowedChEstPreNoDftSOfdmKernel<float, __half, float, (unsigned int)2, (unsigned int)1, (unsigned short)4>(ch_est::puschRxChEstStatDescr_t *, ch_est::puschRxChEstDynDescr_t *)"
10498228685,26176,222283,137,2,1,24,2,1,44,0.001,0.001,,,,,NVIDIA A100-SXM4-40GB MIG 4g.20gb (0),1,,13,"void ch_est::chEstFilterNoDftSOfdmDispatchKernel<float, __half, float, (unsigned int)2>(ch_est::puschRxChEstStatDescr_t *, ch_est::puschRxChEstDynDescr_t *)"
10498964933,26367,222284,137,2,1,24,2,1,44,0.001,0.001,,,,,NVIDIA A100-SXM4-40GB MIG 4g.20gb (0),1,,13,"void ch_est::chEstFilterNoDftSOfdmDispatchKernel<float, __half, float, (unsigned int)2>(ch_est::puschRxChEstStatDescr_t *, ch_est::puschRxChEstDynDescr_t *)"
10499702140,7680,222295,103,1,1,128,1,1,16,0.000,0.000,,,,,NVIDIA A100-SXM4-40GB MIG 4g.20gb (0),1,,13,cupy_copy__complex64_complex64
10500454580,20736,222305,1434,1,1,128,1,1,16,0.000,0.000,,,,,NVIDIA A100-SXM4-40GB MIG 4g.20gb (0),1,,13,cupy_copy__complex64_complex64
10501329482,4448,222312,103,1,1,128,1,1,16,0.000,0.000,,,,,NVIDIA A100-SXM4-40GB MIG 4g.20gb (0),1,,13,cupy_copy__complex64_complex64
10502082337,272477,222319,1,1,1,32,32,1,30,0.000,0.000,,,,,NVIDIA A100-SXM4-40GB MIG 4g.20gb (0),1,,13,"void convert_kernel<__half2, float2>(tensor_layout_any, T1 *, tensor_layout_any, const T2 *)"
10502384958,8768,222322,,,,,,,,,,0.094,10686.122,Pinned,Device,NVIDIA A100-SXM4-40GB MIG 4g.20gb (0),1,,13,[CUDA memcpy Host-to-Device]
10503223124,58112,222323,,,,,,,,,,35.810,616217.103,Device,,NVIDIA A100-SXM4-40GB MIG 4g.20gb (0),1,,13,[CUDA memset]
10503289012,1856,222325,,,,,,,,,,0.000,43.103,Pinned,Device,NVIDIA A100-SXM4-40GB MIG 4g.20gb (0),1,,13,[CUDA memcpy Host-to-Device]
10503293460,9408,222326,,,,,,,,,,0.197,20897.858,Pinned,Device,NVIDIA A100-SXM4-40GB MIG 4g.20gb (0),1,,13,[CUDA memcpy Host-to-Device]
10504162410,25120,222327,273,1,1,48,1,1,40,0.000,0.001,,,,,NVIDIA A100-SXM4-40GB MIG 4g.20gb (0),1,,13,"void pusch_noise_intf_est::noiseIntfEstNoDftSOfdmKernel<float, __half, float, float, (unsigned int)2, (unsigned int)1, (unsigned char)4, (unsigned char)4>(pusch_noise_intf_est::puschRxNoiseIntfEstDynDescr)"
10504776771,9824,222338,35,1,1,128,1,1,16,0.000,0.000,,,,,NVIDIA A100-SXM4-40GB MIG 4g.20gb (0),1,,13,cupy_copy__complex64_complex64
10505355740,4544,222347,1,1,1,1,1,1,18,0.000,0.000,,,,,NVIDIA A100-SXM4-40GB MIG 4g.20gb (0),1,,13,cupy_copy__float32_float32
10505363612,1824,222353,,,,,,,,,,0.000,2.193,Device,Pageable,NVIDIA A100-SXM4-40GB MIG 4g.20gb (0),1,,7,[CUDA memcpy Device-to-Host]
10505884950,20672,222364,1434,1,1,128,1,1,16,0.000,0.000,,,,,NVIDIA A100-SXM4-40GB MIG 4g.20gb (0),1,,13,cupy_copy__complex64_complex64
10506548143,6688,222371,103,1,1,128,1,1,16,0.000,0.000,,,,,NVIDIA A100-SXM4-40GB MIG 4g.20gb (0),1,,13,cupy_copy__complex64_complex64
10507158856,7840,222378,35,1,1,128,1,1,16,0.000,0.000,,,,,NVIDIA A100-SXM4-40GB MIG 4g.20gb (0),1,,13,cupy_copy__complex64_complex64
10507758721,4928,222385,1,1,1,1,1,1,18,0.000,0.000,,,,,NVIDIA A100-SXM4-40GB MIG 4g.20gb (0),1,,13,cupy_copy__float32_float32
10508338330,277469,222396,1,1,1,32,32,1,30,0.000,0.000,,,,,NVIDIA A100-SXM4-40GB MIG 4g.20gb (0),1,,13,"void convert_kernel<__half2, float2>(tensor_layout_any, T1 *, tensor_layout_any, const T2 *)"
10508649143,6144,222399,,,,,,,,,,0.094,15249.961,Pinned,Device,NVIDIA A100-SXM4-40GB MIG 4g.20gb (0),1,,13,[CUDA memcpy Host-to-Device]
10509253040,13568,222400,,,,,,,,,,1.547,113989.282,Device,,NVIDIA A100-SXM4-40GB MIG 4g.20gb (0),1,,13,[CUDA memset]
10509268592,6496,222405,,,,,,,,,,0.031,4817.706,Pinned,Device,NVIDIA A100-SXM4-40GB MIG 4g.20gb (0),1,,13,[CUDA memcpy Host-to-Device]
10509281008,9760,222406,,,,,,,,,,0.197,20144.259,Pinned,Device,NVIDIA A100-SXM4-40GB MIG 4g.20gb (0),1,,13,[CUDA memcpy Host-to-Device]
10509882473,22688,222407,273,1,1,8,4,1,39,0.002,0.000,,,,,NVIDIA A100-SXM4-40GB MIG 4g.20gb (0),1,,13,"void channel_eq::eqMmseCoefCompLowMimoKernel<float, float, float, (unsigned int)4, (unsigned int)1, (unsigned int)4>(const channel_eq::_puschRxChEqStatDescr *, channel_eq::_puschRxChEqCoefCompDynDescr)"
10510442371,20127,222408,273,1,1,12,11,1,51,0.002,0.000,,,,,NVIDIA A100-SXM4-40GB MIG 4g.20gb (0),1,,13,"void channel_eq::eqMmseSoftDemapKernel<float, __half, __half, float, (unsigned int)4, (unsigned short)16383>(channel_eq::_puschRxChEqStatDescr *, channel_eq::_puschRxChEqSoftDemapDynDescr)"
10510845438,542522,222409,1,1,1,32,32,1,30,0.000,0.000,,,,,NVIDIA A100-SXM4-40GB MIG 4g.20gb (0),1,,13,"void convert_kernel<float2, __half2>(tensor_layout_any, T1 *, tensor_layout_any, const T2 *)"
10511964241,18400,222421,2253,1,1,128,1,1,16,0.000,0.000,,,,,NVIDIA A100-SXM4-40GB MIG 4g.20gb (0),1,,13,cupy_copy__float16_float16
10512586954,6272,222430,282,1,1,128,1,1,16,0.000,0.000,,,,,NVIDIA A100-SXM4-40GB MIG 4g.20gb (0),1,,13,cupy_copy__complex64_complex64
10512987174,3872,222439,26,1,1,128,1,1,16,0.000,0.000,,,,,NVIDIA A100-SXM4-40GB MIG 4g.20gb (0),1,,13,cupy_copy__float32_float32
10513694110,13856,222448,103,1,1,128,1,1,16,0.000,0.000,,,,,NVIDIA A100-SXM4-40GB MIG 4g.20gb (0),1,,13,cupy_copy__complex64_complex64
10514347190,19136,222458,1434,1,1,128,1,1,16,0.000,0.000,,,,,NVIDIA A100-SXM4-40GB MIG 4g.20gb (0),1,,13,cupy_copy__complex64_complex64
10515055118,211710,222463,1,1,1,32,32,1,30,0.000,0.000,,,,,NVIDIA A100-SXM4-40GB MIG 4g.20gb (0),1,,13,"void convert_kernel<__half2, float2>(tensor_layout_any, T1 *, tensor_layout_any, const T2 *)"
10515299755,7488,222466,,,,,,,,,,0.094,12512.820,Pinned,Device,NVIDIA A100-SXM4-40GB MIG 4g.20gb (0),1,,13,[CUDA memcpy Host-to-Device]
10515981348,612377,222467,,,,,,,,,,456.561,745108.270,Device,,NVIDIA A100-SXM4-40GB MIG 4g.20gb (0),1,,13,[CUDA memset]
10516596445,63679,222472,,,,,,,,,,1.235,19392.326,Pinned,Device,NVIDIA A100-SXM4-40GB MIG 4g.20gb (0),1,,13,[CUDA memcpy Host-to-Device]
10516662780,10464,222473,,,,,,,,,,0.197,18788.844,Pinned,Device,NVIDIA A100-SXM4-40GB MIG 4g.20gb (0),1,,13,[CUDA memcpy Host-to-Device]
10517382100,23744,222474,69,4,1,48,1,1,76,0.002,0.000,,,,,NVIDIA A100-SXM4-40GB MIG 4g.20gb (0),1,,13,"void ch_est::windowedChEstPreNoDftSOfdmKernel<float, __half, float, (unsigned int)2, (unsigned int)1, (unsigned short)4>(ch_est::puschRxChEstStatDescr_t *, ch_est::puschRxChEstDynDescr_t *)"
10518032524,13376,222475,137,2,1,24,2,1,44,0.001,0.001,,,,,NVIDIA A100-SXM4-40GB MIG 4g.20gb (0),1,,13,"void ch_est::chEstFilterNoDftSOfdmDispatchKernel<float, __half, float, (unsigned int)2>(ch_est::puschRxChEstStatDescr_t *, ch_est::puschRxChEstDynDescr_t *)"
10518824899,13344,222476,137,2,1,24,2,1,44,0.001,0.001,,,,,NVIDIA A100-SXM4-40GB MIG 4g.20gb (0),1,,13,"void ch_est::chEstFilterNoDftSOfdmDispatchKernel<float, __half, float, (unsigned int)2>(ch_est::puschRxChEstStatDescr_t *, ch_est::puschRxChEstDynDescr_t *)"
10519618650,4384,222487,103,1,1,128,1,1,16,0.000,0.000,,,,,NVIDIA A100-SXM4-40GB MIG 4g.20gb (0),1,,13,cupy_copy__complex64_complex64
10520341906,22176,222497,1434,1,1,128,1,1,16,0.000,0.000,,,,,NVIDIA A100-SXM4-40GB MIG 4g.20gb (0),1,,13,cupy_copy__complex64_complex64
10520969579,4864,222504,103,1,1,128,1,1,16,0.000,0.000,,,,,NVIDIA A100-SXM4-40GB MIG 4g.20gb (0),1,,13,cupy_copy__complex64_complex64
10521529509,256285,222511,1,1,1,32,32,1,30,0.000,0.000,,,,,NVIDIA A100-SXM4-40GB MIG 4g.20gb (0),1,,13,"void convert_kernel<__half2, float2>(tensor_layout_any, T1 *, tensor_layout_any, const T2 *)"
10521817954,7935,222514,,,,,,,,,,0.094,11807.851,Pinned,Device,NVIDIA A100-SXM4-40GB MIG 4g.20gb (0),1,,13,[CUDA memcpy Host-to-Device]
10522249661,57023,222515,,,,,,,,,,35.810,627962.757,Device,,NVIDIA A100-SXM4-40GB MIG 4g.20gb (0),1,,13,[CUDA memset]
10522310332,5760,222517,,,,,,,,,,0.000,13.889,Pinned,Device,NVIDIA A100-SXM4-40GB MIG 4g.20gb (0),1,,13,[CUDA memcpy Host-to-Device]
10522318908,13504,222518,,,,,,,,,,0.197,14559.216,Pinned,Device,NVIDIA A100-SXM4-40GB MIG 4g.20gb (0),1,,13,[CUDA memcpy Host-to-Device]
10523014548,21856,222519,273,1,1,48,1,1,40,0.000,0.001,,,,,NVIDIA A100-SXM4-40GB MIG 4g.20gb (0),1,,13,"void pusch_noise_intf_est::noiseIntfEstNoDftSOfdmKernel<float, __half, float, float, (unsigned int)2, (unsigned int)1, (unsigned char)4, (unsigned char)4>(pusch_noise_intf_est::puschRxNoiseIntfEstDynDescr)"
10523640685,4192,222530,35,1,1,128,1,1,16,0.000,0.000,,,,,NVIDIA A100-SXM4-40GB MIG 4g.20gb (0),1,,13,cupy_copy__complex64_complex64
10524170919,3168,222539,1,1,1,1,1,1,18,0.000,0.000,,,,,NVIDIA A100-SXM4-40GB MIG 4g.20gb (0),1,,13,cupy_copy__float32_float32
10524175303,1728,222545,,,,,,,,,,0.000,2.315,Device,Pageable,NVIDIA A100-SXM4-40GB MIG 4g.20gb (0),1,,7,[CUDA memcpy Device-to-Host]
10524787424,20448,222556,1434,1,1,128,1,1,16,0.000,0.000,,,,,NVIDIA A100-SXM4-40GB MIG 4g.20gb (0),1,,13,cupy_copy__complex64_complex64
10525291130,15904,222563,103,1,1,128,1,1,16,0.000,0.000,,,,,NVIDIA A100-SXM4-40GB MIG 4g.20gb (0),1,,13,cupy_copy__complex64_complex64
10525740565,4512,222570,35,1,1,128,1,1,16,0.000,0.000,,,,,NVIDIA A100-SXM4-40GB MIG 4g.20gb (0),1,,13,cupy_copy__complex64_complex64
10526151472,3552,222577,1,1,1,1,1,1,18,0.000,0.000,,,,,NVIDIA A100-SXM4-40GB MIG 4g.20gb (0),1,,13,cupy_copy__float32_float32
10526805193,243773,222588,1,1,1,32,32,1,30,0.000,0.000,,,,,NVIDIA A100-SXM4-40GB MIG 4g.20gb (0),1,,13,"void convert_kernel<__half2, float2>(tensor_layout_any, T1 *, tensor_layout_any, const T2 *)"
10527079622,5632,222591,,,,,,,,,,0.094,16636.287,Pinned,Device,NVIDIA A100-SXM4-40GB MIG 4g.20gb (0),1,,13,[CUDA memcpy Host-to-Device]
10527529601,4384,222592,,,,,,,,,,1.547,352788.028,Device,,NVIDIA A100-SXM4-40GB MIG 4g.20gb (0),1,,13,[CUDA memset]
10527541825,3616,222597,,,,,,,,,,0.031,8654.846,Pinned,Device,NVIDIA A100-SXM4-40GB MIG 4g.20gb (0),1,,13,[CUDA memcpy Host-to-Device]
10527551105,10591,222598,,,,,,,,,,0.197,18563.531,Pinned,Device,NVIDIA A100-SXM4-40GB MIG 4g.20gb (0),1,,13,[CUDA memcpy Host-to-Device]
10528323192,17408,222599,273,1,1,8,4,1,39,0.002,0.000,,,,,NVIDIA A100-SXM4-40GB MIG 4g.20gb (0),1,,13,"void channel_eq::eqMmseCoefCompLowMimoKernel<float, float, float, (unsigned int)4, (unsigned int)1, (unsigned int)4>(const channel_eq::_puschRxChEqStatDescr *, channel_eq::_puschRxChEqCoefCompDynDescr)"
10528954321,19263,222600,273,1,1,12,11,1,51,0.002,0.000,,,,,NVIDIA A100-SXM4-40GB MIG 4g.20gb (0),1,,13,"void channel_eq::eqMmseSoftDemapKernel<float, __half, __half, float, (unsigned int)4, (unsigned short)16383>(channel_eq::_puschRxChEqStatDescr *, channel_eq::_puschRxChEqSoftDemapDynDescr)"
10529581993,590138,222601,1,1,1,32,32,1,30,0.000,0.000,,,,,NVIDIA A100-SXM4-40GB MIG 4g.20gb (0),1,,13,"void convert_kernel<float2, __half2>(tensor_layout_any, T1 *, tensor_layout_any, const T2 *)"
10530942810,16032,222613,2253,1,1,128,1,1,16,0.000,0.000,,,,,NVIDIA A100-SXM4-40GB MIG 4g.20gb (0),1,,13,cupy_copy__float16_float16
10531615250,7776,222622,282,1,1,128,1,1,16,0.000,0.000,,,,,NVIDIA A100-SXM4-40GB MIG 4g.20gb (0),1,,13,cupy_copy__complex64_complex64
10532380298,5888,222631,26,1,1,128,1,1,16,0.000,0.000,,,,,NVIDIA A100-SXM4-40GB MIG 4g.20gb (0),1,,13,cupy_copy__float32_float32
10533128385,16288,222640,103,1,1,128,1,1,16,0.000,0.000,,,,,NVIDIA A100-SXM4-40GB MIG 4g.20gb (0),1,,13,cupy_copy__complex64_complex64
10533872153,20768,222650,1434,1,1,128,1,1,16,0.000,0.000,,,,,NVIDIA A100-SXM4-40GB MIG 4g.20gb (0),1,,13,cupy_copy__complex64_complex64
10534547761,247133,222655,1,1,1,32,32,1,30,0.000,0.000,,,,,NVIDIA A100-SXM4-40GB MIG 4g.20gb (0),1,,13,"void convert_kernel<__half2, float2>(tensor_layout_any, T1 *, tensor_layout_any, const T2 *)"
10534825518,5632,222658,,,,,,,,,,0.094,16636.287,Pinned,Device,NVIDIA A100-SXM4-40GB MIG 4g.20gb (0),1,,13,[CUDA memcpy Host-to-Device]
10535429383,605497,222659,,,,,,,,,,456.561,753782.937,Device,,NVIDIA A100-SXM4-40GB MIG 4g.20gb (0),1,,13,[CUDA memset]
10536042304,58656,222664,,,,,,,,,,1.235,21053.325,Pinned,Device,NVIDIA A100-SXM4-40GB MIG 4g.20gb (0),1,,13,[CUDA memcpy Host-to-Device]
10536103584,10175,222665,,,,,,,,,,0.197,19322.634,Pinned,Device,NVIDIA A100-SXM4-40GB MIG 4g.20gb (0),1,,13,[CUDA memcpy Host-to-Device]
10536929494,18304,222666,69,4,1,48,1,1,76,0.002,0.000,,,,,NVIDIA A100-SXM4-40GB MIG 4g.20gb (0),1,,13,"void ch_est::windowedChEstPreNoDftSOfdmKernel<float, __half, float, (unsigned int)2, (unsigned int)1, (unsigned short)4>(ch_est::puschRxChEstStatDescr_t *, ch_est::puschRxChEstDynDescr_t *)"
10537815628,19904,222667,137,2,1,24,2,1,44,0.001,0.001,,,,,NVIDIA A100-SXM4-40GB MIG 4g.20gb (0),1,,13,"void ch_est::chEstFilterNoDftSOfdmDispatchKernel<float, __half, float, (unsigned int)2>(ch_est::puschRxChEstStatDescr_t *, ch_est::puschRxChEstDynDescr_t *)"
10538691074,17920,222668,137,2,1,24,2,1,44,0.001,0.001,,,,,NVIDIA A100-SXM4-40GB MIG 4g.20gb (0),1,,13,"void ch_est::chEstFilterNoDftSOfdmDispatchKernel<float, __half, float, (unsigned int)2>(ch_est::puschRxChEstStatDescr_t *, ch_est::puschRxChEstDynDescr_t *)"
10539449146,5343,222679,103,1,1,128,1,1,16,0.000,0.000,,,,,NVIDIA A100-SXM4-40GB MIG 4g.20gb (0),1,,13,cupy_copy__complex64_complex64
10540066547,20479,222689,1434,1,1,128,1,1,16,0.000,0.000,,,,,NVIDIA A100-SXM4-40GB MIG 4g.20gb (0),1,,13,cupy_copy__complex64_complex64
10540729643,17472,222696,103,1,1,128,1,1,16,0.000,0.000,,,,,NVIDIA A100-SXM4-40GB MIG 4g.20gb (0),1,,13,cupy_copy__complex64_complex64
10541219557,208286,222703,1,1,1,32,32,1,30,0.000,0.000,,,,,NVIDIA A100-SXM4-40GB MIG 4g.20gb (0),1,,13,"void convert_kernel<__half2, float2>(tensor_layout_any, T1 *, tensor_layout_any, const T2 *)"
10541458851,5472,222706,,,,,,,,,,0.094,17122.757,Pinned,Device,NVIDIA A100-SXM4-40GB MIG 4g.20gb (0),1,,13,[CUDA memcpy Host-to-Device]
10541969341,54815,222707,,,,,,,,,,35.810,653280.371,Device,,NVIDIA A100-SXM4-40GB MIG 4g.20gb (0),1,,13,[CUDA memset]
10542032796,3072,222709,,,,,,,,,,0.000,26.042,Pinned,Device,NVIDIA A100-SXM4-40GB MIG 4g.20gb (0),1,,13,[CUDA memcpy Host-to-Device]
10542038524,14048,222710,,,,,,,,,,0.197,13995.344,Pinned,Device,NVIDIA A100-SXM4-40GB MIG 4g.20gb (0),1,,13,[CUDA memcpy Host-to-Device]
10542736660,26528,222711,273,1,1,48,1,1,40,0.000,0.001,,,,,NVIDIA A100-SXM4-40GB MIG 4g.20gb (0),1,,13,"void pusch_noise_intf_est::noiseIntfEstNoDftSOfdmKernel<float, __half, float, float, (unsigned int)2, (unsigned int)1, (unsigned char)4, (unsigned char)4>(pusch_noise_intf_est::puschRxNoiseIntfEstDynDescr)"
10543297422,12224,222722,35,1,1,128,1,1,16,0.000,0.000,,,,,NVIDIA A100-SXM4-40GB MIG 4g.20gb (0),1,,13,cupy_copy__complex64_complex64
10543922919,3488,222731,1,1,1,1,1,1,18,0.000,0.000,,,,,NVIDIA A100-SXM4-40GB MIG 4g.20gb (0),1,,13,cupy_copy__float32_float32
10543932135,1632,222737,,,,,,,,,,0.000,2.451,Device,Pageable,NVIDIA A100-SXM4-40GB MIG 4g.20gb (0),1,,7,[CUDA memcpy Device-to-Host]
10544634175,22623,222748,1434,1,1,128,1,1,16,0.000,0.000,,,,,NVIDIA A100-SXM4-40GB MIG 4g.20gb (0),1,,13,cupy_copy__complex64_complex64
10545241080,8160,222755,103,1,1,128,1,1,16,0.000,0.000,,,,,NVIDIA A100-SXM4-40GB MIG 4g.20gb (0),1,,13,cupy_copy__complex64_complex64
10545974288,9951,222762,35,1,1,128,1,1,16,0.000,0.000,,,,,NVIDIA A100-SXM4-40GB MIG 4g.20gb (0),1,,13,cupy_copy__complex64_complex64
10546699495,4000,222769,1,1,1,1,1,1,18,0.000,0.000,,,,,NVIDIA A100-SXM4-40GB MIG 4g.20gb (0),1,,13,cupy_copy__float32_float32
10547213537,204350,222780,1,1,1,32,32,1,30,0.000,0.000,,,,,NVIDIA A100-SXM4-40GB MIG 4g.20gb (0),1,,13,"void convert_kernel<__half2, float2>(tensor_layout_any, T1 *, tensor_layout_any, const T2 *)"
10547456543,9728,222783,,,,,,,,,,0.094,9631.574,Pinned,Device,NVIDIA A100-SXM4-40GB MIG 4g.20gb (0),1,,13,[CUDA memcpy Host-to-Device]
10548086200,4352,222784,,,,,,,,,,1.547,355381.716,Device,,NVIDIA A100-SXM4-40GB MIG 4g.20gb (0),1,,13,[CUDA memset]
10548099159,7136,222789,,,,,,,,,,0.031,4385.634,Pinned,Device,NVIDIA A100-SXM4-40GB MIG 4g.20gb (0),1,,13,[CUDA memcpy Host-to-Device]
10548110487,16384,222790,,,,,,,,,,0.197,11999.969,Pinned,Device,NVIDIA A100-SXM4-40GB MIG 4g.20gb (0),1,,13,[CUDA memcpy Host-to-Device]
10548871887,16095,222791,273,1,1,8,4,1,39,0.002,0.000,,,,,NVIDIA A100-SXM4-40GB MIG 4g.20gb (0),1,,13,"void channel_eq::eqMmseCoefCompLowMimoKernel<float, float, float, (unsigned int)4, (unsigned int)1, (unsigned int)4>(const channel_eq::_puschRxChEqStatDescr *, channel_eq::_puschRxChEqCoefCompDynDescr)"
10549464648,24512,222792,273,1,1,12,11,1,51,0.002,0.000,,,,,NVIDIA A100-SXM4-40GB MIG 4g.20gb (0),1,,13,"void channel_eq::eqMmseSoftDemapKernel<float, __half, __half, float, (unsigned int)4, (unsigned short)16383>(channel_eq::_puschRxChEqStatDescr *, channel_eq::_puschRxChEqSoftDemapDynDescr)"
10550202880,668088,222793,1,1,1,32,32,1,30,0.000,0.000,,,,,NVIDIA A100-SXM4-40GB MIG 4g.20gb (0),1,,13,"void convert_kernel<float2, __half2>(tensor_layout_any, T1 *, tensor_layout_any, const T2 *)"
10551638543,17728,222805,2253,1,1,128,1,1,16,0.000,0.000,,,,,NVIDIA A100-SXM4-40GB MIG 4g.20gb (0),1,,13,cupy_copy__float16_float16
10552297960,6112,222814,282,1,1,128,1,1,16,0.000,0.000,,,,,NVIDIA A100-SXM4-40GB MIG 4g.20gb (0),1,,13,cupy_copy__complex64_complex64
10553076927,4960,222823,26,1,1,128,1,1,16,0.000,0.000,,,,,NVIDIA A100-SXM4-40GB MIG 4g.20gb (0),1,,13,cupy_copy__float32_float32
10553731192,9215,222832,103,1,1,128,1,1,16,0.000,0.000,,,,,NVIDIA A100-SXM4-40GB MIG 4g.20gb (0),1,,13,cupy_copy__complex64_complex64
10554397840,17952,222842,1434,1,1,128,1,1,16,0.000,0.000,,,,,NVIDIA A100-SXM4-40GB MIG 4g.20gb (0),1,,13,cupy_copy__complex64_complex64
10554990057,268285,222847,1,1,1,32,32,1,30,0.000,0.000,,,,,NVIDIA A100-SXM4-40GB MIG 4g.20gb (0),1,,13,"void convert_kernel<__half2, float2>(tensor_layout_any, T1 *, tensor_layout_any, const T2 *)"
10555291942,8832,222850,,,,,,,,,,0.094,10608.636,Pinned,Device,NVIDIA A100-SXM4-40GB MIG 4g.20gb (0),1,,13,[CUDA memcpy Host-to-Device]
10555985246,606265,222851,,,,,,,,,,456.561,752869.815,Device,,NVIDIA A100-SXM4-40GB MIG 4g.20gb (0),1,,13,[CUDA memset]
10556595799,56607,222856,,,,,,,,,,1.235,21815.286,Pinned,Device,NVIDIA A100-SXM4-40GB MIG 4g.20gb (0),1,,13,[CUDA memcpy Host-to-Device]
10556654838,10624,222857,,,,,,,,,,0.197,18505.925,Pinned,Device,NVIDIA A100-SXM4-40GB MIG 4g.20gb (0),1,,13,[CUDA memcpy Host-to-Device]
10557467821,12896,222858,69,4,1,48,1,1,76,0.002,0.000,,,,,NVIDIA A100-SXM4-40GB MIG 4g.20gb (0),1,,13,"void ch_est::windowedChEstPreNoDftSOfdmKernel<float, __half, float, (unsigned int)2, (unsigned int)1, (unsigned short)4>(ch_est::puschRxChEstStatDescr_t *, ch_est::puschRxChEstDynDescr_t *)"
10558257860,14752,222859,137,2,1,24,2,1,44,0.001,0.001,,,,,NVIDIA A100-SXM4-40GB MIG 4g.20gb (0),1,,13,"void ch_est::chEstFilterNoDftSOfdmDispatchKernel<float, __half, float, (unsigned int)2>(ch_est::puschRxChEstStatDescr_t *, ch_est::puschRxChEstDynDescr_t *)"
10558934013,11167,222860,137,2,1,24,2,1,44,0.001,0.001,,,,,NVIDIA A100-SXM4-40GB MIG 4g.20gb (0),1,,13,"void ch_est::chEstFilterNoDftSOfdmDispatchKernel<float, __half, float, (unsigned int)2>(ch_est::puschRxChEstStatDescr_t *, ch_est::puschRxChEstDynDescr_t *)"
10559418583,4608,222871,103,1,1,128,1,1,16,0.000,0.000,,,,,NVIDIA A100-SXM4-40GB MIG 4g.20gb (0),1,,13,cupy_copy__complex64_complex64
10559963921,20480,222881,1434,1,1,128,1,1,16,0.000,0.000,,,,,NVIDIA A100-SXM4-40GB MIG 4g.20gb (0),1,,13,cupy_copy__complex64_complex64
10560549610,8480,222888,103,1,1,128,1,1,16,0.000,0.000,,,,,NVIDIA A100-SXM4-40GB MIG 4g.20gb (0),1,,13,cupy_copy__complex64_complex64
10561183651,305309,222895,1,1,1,32,32,1,30,0.000,0.000,,,,,NVIDIA A100-SXM4-40GB MIG 4g.20gb (0),1,,13,"void convert_kernel<__half2, float2>(tensor_layout_any, T1 *, tensor_layout_any, const T2 *)"
10561521663,5408,222898,,,,,,,,,,0.094,17325.421,Pinned,Device,NVIDIA A100-SXM4-40GB MIG 4g.20gb (0),1,,13,[CUDA memcpy Host-to-Device]
10561971066,54751,222899,,,,,,,,,,35.810,654032.379,Device,,NVIDIA A100-SXM4-40GB MIG 4g.20gb (0),1,,13,[CUDA memset]
10562032185,1792,222901,,,,,,,,,,0.000,44.643,Pinned,Device,NVIDIA A100-SXM4-40GB MIG 4g.20gb (0),1,,13,[CUDA memcpy Host-to-Device]
10562036505,13440,222902,,,,,,,,,,0.197,14628.422,Pinned,Device,NVIDIA A100-SXM4-40GB MIG 4g.20gb (0),1,,13,[CUDA memcpy Host-to-Device]
10562598483,17472,222903,273,1,1,48,1,1,40,0.000,0.001,,,,,NVIDIA A100-SXM4-40GB MIG 4g.20gb (0),1,,13,"void pusch_noise_intf_est::noiseIntfEstNoDftSOfdmKernel<float, __half, float, float, (unsigned int)2, (unsigned int)1, (unsigned char)4, (unsigned char)4>(pusch_noise_intf_est::puschRxNoiseIntfEstDynDescr)"
10563176876,9184,222914,35,1,1,128,1,1,16,0.000,0.000,,,,,NVIDIA A100-SXM4-40GB MIG 4g.20gb (0),1,,13,cupy_copy__complex64_complex64
10563677319,4064,222923,1,1,1,1,1,1,18,0.000,0.000,,,,,NVIDIA A100-SXM4-40GB MIG 4g.20gb (0),1,,13,cupy_copy__float32_float32
10563684455,1696,222929,,,,,,,,,,0.000,2.358,Device,Pageable,NVIDIA A100-SXM4-40GB MIG 4g.20gb (0),1,,7,[CUDA memcpy Device-to-Host]
10564415294,22400,222940,1434,1,1,128,1,1,16,0.000,0.000,,,,,NVIDIA A100-SXM4-40GB MIG 4g.20gb (0),1,,13,cupy_copy__complex64_complex64
10564910553,8736,222947,103,1,1,128,1,1,16,0.000,0.000,,,,,NVIDIA A100-SXM4-40GB MIG 4g.20gb (0),1,,13,cupy_copy__complex64_complex64
10565537586,8128,222954,35,1,1,128,1,1,16,0.000,0.000,,,,,NVIDIA A100-SXM4-40GB MIG 4g.20gb (0),1,,13,cupy_copy__complex64_complex64
10566278857,3072,222961,1,1,1,1,1,1,18,0.000,0.000,,,,,NVIDIA A100-SXM4-40GB MIG 4g.20gb (0),1,,13,cupy_copy__float32_float32
10566858499,253437,222972,1,1,1,32,32,1,30,0.000,0.000,,,,,NVIDIA A100-SXM4-40GB MIG 4g.20gb (0),1,,13,"void convert_kernel<__half2, float2>(tensor_layout_any, T1 *, tensor_layout_any, const T2 *)"
10567141855,5728,222975,,,,,,,,,,0.094,16357.541,Pinned,Device,NVIDIA A100-SXM4-40GB MIG 4g.20gb (0),1,,13,[CUDA memcpy Host-to-Device]
10567799032,16928,222976,,,,,,,,,,1.547,91363.720,Device,,NVIDIA A100-SXM4-40GB MIG 4g.20gb (0),1,,13,[CUDA memset]
10567824856,5216,222981,,,,,,,,,,0.031,5999.975,Pinned,Device,NVIDIA A100-SXM4-40GB MIG 4g.20gb (0),1,,13,[CUDA memcpy Host-to-Device]
10567833976,11839,222982,,,,,,,,,,0.197,16606.691,Pinned,Device,NVIDIA A100-SXM4-40GB MIG 4g.20gb (0),1,,13,[CUDA memcpy Host-to-Device]
10568560911,27072,222983,273,1,1,8,4,1,39,0.002,0.000,,,,,NVIDIA A100-SXM4-40GB MIG 4g.20gb (0),1,,13,"void channel_eq::eqMmseCoefCompLowMimoKernel<float, float, float, (unsigned int)4, (unsigned int)1, (unsigned int)4>(const channel_eq::_puschRxChEqStatDescr *, channel_eq::_puschRxChEqCoefCompDynDescr)"
10569216328,19264,222984,273,1,1,12,11,1,51,0.002,0.000,,,,,NVIDIA A100-SXM4-40GB MIG 4g.20gb (0),1,,13,"void channel_eq::eqMmseSoftDemapKernel<float, __half, __half, float, (unsigned int)4, (unsigned short)16383>(channel_eq::_puschRxChEqStatDescr *, channel_eq::_puschRxChEqSoftDemapDynDescr)"
10569885312,703416,222985,1,1,1,32,32,1,30,0.000,0.000,,,,,NVIDIA A100-SXM4-40GB MIG 4g.20gb (0),1,,13,"void convert_kernel<float2, __half2>(tensor_layout_any, T1 *, tensor_layout_any, const T2 *)"
10571295056,18880,222997,2253,1,1,128,1,1,16,0.000,0.000,,,,,NVIDIA A100-SXM4-40GB MIG 4g.20gb (0),1,,13,cupy_copy__float16_float16
10571967721,5824,223006,282,1,1,128,1,1,16,0.000,0.000,,,,,NVIDIA A100-SXM4-40GB MIG 4g.20gb (0),1,,13,cupy_copy__complex64_complex64
10572576098,6176,223015,26,1,1,128,1,1,16,0.000,0.000,,,,,NVIDIA A100-SXM4-40GB MIG 4g.20gb (0),1,,13,cupy_copy__float32_float32
10573240378,6752,223024,103,1,1,128,1,1,16,0.000,0.000,,,,,NVIDIA A100-SXM4-40GB MIG 4g.20gb (0),1,,13,cupy_copy__complex64_complex64
10573989586,20480,223034,1434,1,1,128,1,1,16,0.000,0.000,,,,,NVIDIA A100-SXM4-40GB MIG 4g.20gb (0),1,,13,cupy_copy__complex64_complex64
10574834088,252573,223039,1,1,1,32,32,1,30,0.000,0.000,,,,,NVIDIA A100-SXM4-40GB MIG 4g.20gb (0),1,,13,"void convert_kernel<__half2, float2>(tensor_layout_any, T1 *, tensor_layout_any, const T2 *)"
10575119717,5696,223042,,,,,,,,,,0.094,16449.363,Pinned,Device,NVIDIA A100-SXM4-40GB MIG 4g.20gb (0),1,,13,[CUDA memcpy Host-to-Device]
10575705502,623129,223043,,,,,,,,,,456.561,732324.550,Device,,NVIDIA A100-SXM4-40GB MIG 4g.20gb (0),1,,13,[CUDA memset]
10576333783,63071,223048,,,,,,,,,,1.235,19580.037,Pinned,Device,NVIDIA A100-SXM4-40GB MIG 4g.20gb (0),1,,13,[CUDA memcpy Host-to-Device]
10576399286,9632,223049,,,,,,,,,,0.197,20411.843,Pinned,Device,NVIDIA A100-SXM4-40GB MIG 4g.20gb (0),1,,13,[CUDA memcpy Host-to-Device]
10577003728,25311,223050,69,4,1,48,1,1,76,0.002,0.000,,,,,NVIDIA A100-SXM4-40GB MIG 4g.20gb (0),1,,13,"void ch_est::windowedChEstPreNoDftSOfdmKernel<float, __half, float, (unsigned int)2, (unsigned int)1, (unsigned short)4>(ch_est::puschRxChEstStatDescr_t *, ch_est::puschRxChEstDynDescr_t *)"
10577684072,29664,223051,137,2,1,24,2,1,44,0.001,0.001,,,,,NVIDIA A100-SXM4-40GB MIG 4g.20gb (0),1,,13,"void ch_est::chEstFilterNoDftSOfdmDispatchKernel<float, __half, float, (unsigned int)2>(ch_est::puschRxChEstStatDescr_t *, ch_est::puschRxChEstDynDescr_t *)"
10578258273,10656,223052,137,2,1,24,2,1,44,0.001,0.001,,,,,NVIDIA A100-SXM4-40GB MIG 4g.20gb (0),1,,13,"void ch_est::chEstFilterNoDftSOfdmDispatchKernel<float, __half, float, (unsigned int)2>(ch_est::puschRxChEstStatDescr_t *, ch_est::puschRxChEstDynDescr_t *)"
10578835259,5856,223063,103,1,1,128,1,1,16,0.000,0.000,,,,,NVIDIA A100-SXM4-40GB MIG 4g.20gb (0),1,,13,cupy_copy__complex64_complex64
10579421076,22912,223073,1434,1,1,128,1,1,16,0.000,0.000,,,,,NVIDIA A100-SXM4-40GB MIG 4g.20gb (0),1,,13,cupy_copy__complex64_complex64
10579933998,4928,223080,103,1,1,128,1,1,16,0.000,0.000,,,,,NVIDIA A100-SXM4-40GB MIG 4g.20gb (0),1,,13,cupy_copy__complex64_complex64
10580390537,262749,223087,1,1,1,32,32,1,30,0.000,0.000,,,,,NVIDIA A100-SXM4-40GB MIG 4g.20gb (0),1,,13,"void convert_kernel<__half2, float2>(tensor_layout_any, T1 *, tensor_layout_any, const T2 *)"
10580683910,5952,223090,,,,,,,,,,0.094,15741.865,Pinned,Device,NVIDIA A100-SXM4-40GB MIG 4g.20gb (0),1,,13,[CUDA memcpy Host-to-Device]
10581156960,54048,223091,,,,,,,,,,35.810,662555.140,Device,,NVIDIA A100-SXM4-40GB MIG 4g.20gb (0),1,,13,[CUDA memset]
10581217728,2432,223093,,,,,,,,,,0.000,32.895,Pinned,Device,NVIDIA A100-SXM4-40GB MIG 4g.20gb (0),1,,13,[CUDA memcpy Host-to-Device]
10581226368,15967,223094,,,,,,,,,,0.197,12313.362,Pinned,Device,NVIDIA A100-SXM4-40GB MIG 4g.20gb (0),1,,13,[CUDA memcpy Host-to-Device]
10581801977,29568,223095,273,1,1,48,1,1,40,0.000,0.001,,,,,NVIDIA A100-SXM4-40GB MIG 4g.20gb (0),1,,13,"void pusch_noise_intf_est::noiseIntfEstNoDftSOfdmKernel<float, __half, float, float, (unsigned int)2, (unsigned int)1, (unsigned char)4, (unsigned char)4>(pusch_noise_intf_est::puschRxNoiseIntfEstDynDescr)"
10582388083,8895,223106,35,1,1,128,1,1,16,0.000,0.000,,,,,NVIDIA A100-SXM4-40GB MIG 4g.20gb (0),1,,13,cupy_copy__complex64_complex64
10582969036,3104,223115,1,1,1,1,1,1,18,0.000,0.000,,,,,NVIDIA A100-SXM4-40GB MIG 4g.20gb (0),1,,13,cupy_copy__float32_float32
10582973228,2208,223121,,,,,,,,,,0.000,1.812,Device,Pageable,NVIDIA A100-SXM4-40GB MIG 4g.20gb (0),1,,7,[CUDA memcpy Device-to-Host]
10583641188,21024,223132,1434,1,1,128,1,1,16,0.000,0.000,,,,,NVIDIA A100-SXM4-40GB MIG 4g.20gb (0),1,,13,cupy_copy__complex64_complex64
10584156478,6272,223139,103,1,1,128,1,1,16,0.000,0.000,,,,,NVIDIA A100-SXM4-40GB MIG 4g.20gb (0),1,,13,cupy_copy__complex64_complex64
10584855415,8063,223146,35,1,1,128,1,1,16,0.000,0.000,,,,,NVIDIA A100-SXM4-40GB MIG 4g.20gb (0),1,,13,cupy_copy__complex64_complex64
10585490895,8608,223153,1,1,1,1,1,1,18,0.000,0.000,,,,,NVIDIA A100-SXM4-40GB MIG 4g.20gb (0),1,,13,cupy_copy__float32_float32
10586090313,263837,223164,1,1,1,32,32,1,30,0.000,0.000,,,,,NVIDIA A100-SXM4-40GB MIG 4g.20gb (0),1,,13,"void convert_kernel<__half2, float2>(tensor_layout_any, T1 *, tensor_layout_any, const T2 *)"
10586385445,5472,223167,,,,,,,,,,0.094,17122.757,Pinned,Device,NVIDIA A100-SXM4-40GB MIG 4g.20gb (0),1,,13,[CUDA memcpy Host-to-Device]
10586909983,5760,223168,,,,,,,,,,1.547,268510.939,Device,,NVIDIA A100-SXM4-40GB MIG 4g.20gb (0),1,,13,[CUDA memset]
10586921983,4672,223173,,,,,,,,,,0.031,6698.627,Pinned,Device,NVIDIA A100-SXM4-40GB MIG 4g.20gb (0),1,,13,[CUDA memcpy Host-to-Device]
10586932319,13504,223174,,,,,,,,,,0.197,14559.216,Pinned,Device,NVIDIA A100-SXM4-40GB MIG 4g.20gb (0),1,,13,[CUDA memcpy Host-to-Device]
10587581624,19199,223175,273,1,1,8,4,1,39,0.002,0.000,,,,,NVIDIA A100-SXM4-40GB MIG 4g.20gb (0),1,,13,"void channel_eq::eqMmseCoefCompLowMimoKernel<float, float, float, (unsigned int)4, (unsigned int)1, (unsigned int)4>(const channel_eq::_puschRxChEqStatDescr *, channel_eq::_puschRxChEqCoefCompDynDescr)"
10588323439,19552,223176,273,1,1,12,11,1,51,0.002,0.000,,,,,NVIDIA A100-SXM4-40GB MIG 4g.20gb (0),1,,13,"void channel_eq::eqMmseSoftDemapKernel<float, __half, __half, float, (unsigned int)4, (unsigned short)16383>(channel_eq::_puschRxChEqStatDescr *, channel_eq::_puschRxChEqSoftDemapDynDescr)"
10589009543,701496,223177,1,1,1,32,32,1,30,0.000,0.000,,,,,NVIDIA A100-SXM4-40GB MIG 4g.20gb (0),1,,13,"void convert_kernel<float2, __half2>(tensor_layout_any, T1 *, tensor_layout_any, const T2 *)"
10590459735,18368,223189,2253,1,1,128,1,1,16,0.000,0.000,,,,,NVIDIA A100-SXM4-40GB MIG 4g.20gb (0),1,,13,cupy_copy__float16_float16
10591120303,5760,223198,282,1,1,128,1,1,16,0.000,0.000,,,,,NVIDIA A100-SXM4-40GB MIG 4g.20gb (0),1,,13,cupy_copy__complex64_complex64
10591718249,6624,223207,26,1,1,128,1,1,16,0.000,0.000,,,,,NVIDIA A100-SXM4-40GB MIG 4g.20gb (0),1,,13,cupy_copy__float32_float32
10592384801,6496,223216,103,1,1,128,1,1,16,0.000,0.000,,,,,NVIDIA A100-SXM4-40GB MIG 4g.20gb (0),1,,13,cupy_copy__complex64_complex64
10592959931,20991,223226,1434,1,1,128,1,1,16,0.000,0.000,,,,,NVIDIA A100-SXM4-40GB MIG 4g.20gb (0),1,,13,cupy_copy__complex64_complex64
10593613075,288925,223231,1,1,1,32,32,1,30,0.000,0.000,,,,,NVIDIA A100-SXM4-40GB MIG 4g.20gb (0),1,,13,"void convert_kernel<__half2, float2>(tensor_layout_any, T1 *, tensor_layout_any, const T2 *)"
10593932816,11647,223234,,,,,,,,,,0.094,8044.645,Pinned,Device,NVIDIA A100-SXM4-40GB MIG 4g.20gb (0),1,,13,[CUDA memcpy Host-to-Device]
10594594760,620185,223235,,,,,,,,,,456.561,735977.041,Device,,NVIDIA A100-SXM4-40GB MIG 4g.20gb (0),1,,13,[CUDA memset]
10595216801,60319,223240,,,,,,,,,,1.235,20472.902,Pinned,Device,NVIDIA A100-SXM4-40GB MIG 4g.20gb (0),1,,13,[CUDA memcpy Host-to-Device]
10595279808,10112,223241,,,,,,,,,,0.197,19442.958,Pinned,Device,NVIDIA A100-SXM4-40GB MIG 4g.20gb (0),1,,13,[CUDA memcpy Host-to-Device]
10595948281,18175,223242,69,4,1,48,1,1,76,0.002,0.000,,,,,NVIDIA A100-SXM4-40GB MIG 4g.20gb (0),1,,13,"void ch_est::windowedChEstPreNoDftSOfdmKernel<float, __half, float, (unsigned int)2, (unsigned int)1, (unsigned short)4>(ch_est::puschRxChEstStatDescr_t *, ch_est::puschRxChEstDynDescr_t *)"
10596533522,11456,223243,137,2,1,24,2,1,44,0.001,0.001,,,,,NVIDIA A100-SXM4-40GB MIG 4g.20gb (0),1,,13,"void ch_est::chEstFilterNoDftSOfdmDispatchKernel<float, __half, float, (unsigned int)2>(ch_est::puschRxChEstStatDescr_t *, ch_est::puschRxChEstDynDescr_t *)"
10597026892,25024,223244,137,2,1,24,2,1,44,0.001,0.001,,,,,NVIDIA A100-SXM4-40GB MIG 4g.20gb (0),1,,13,"void ch_est::chEstFilterNoDftSOfdmDispatchKernel<float, __half, float, (unsigned int)2>(ch_est::puschRxChEstStatDescr_t *, ch_est::puschRxChEstDynDescr_t *)"
10597449256,5504,223255,103,1,1,128,1,1,16,0.000,0.000,,,,,NVIDIA A100-SXM4-40GB MIG 4g.20gb (0),1,,13,cupy_copy__complex64_complex64
10597907426,20928,223265,1434,1,1,128,1,1,16,0.000,0.000,,,,,NVIDIA A100-SXM4-40GB MIG 4g.20gb (0),1,,13,cupy_copy__complex64_complex64
10598506940,7488,223272,103,1,1,128,1,1,16,0.000,0.000,,,,,NVIDIA A100-SXM4-40GB MIG 4g.20gb (0),1,,13,cupy_copy__complex64_complex64
10599108661,255293,223279,1,1,1,32,32,1,30,0.000,0.000,,,,,NVIDIA A100-SXM4-40GB MIG 4g.20gb (0),1,,13,"void convert_kernel<__half2, float2>(tensor_layout_any, T1 *, tensor_layout_any, const T2 *)"
10599394354,5440,223282,,,,,,,,,,0.094,17223.480,Pinned,Device,NVIDIA A100-SXM4-40GB MIG 4g.20gb (0),1,,13,[CUDA memcpy Host-to-Device]
10599960651,52384,223283,,,,,,,,,,35.810,683575.563,Device,,NVIDIA A100-SXM4-40GB MIG 4g.20gb (0),1,,13,[CUDA memset]
10600021098,2400,223285,,,,,,,,,,0.000,33.333,Pinned,Device,NVIDIA A100-SXM4-40GB MIG 4g.20gb (0),1,,13,[CUDA memcpy Host-to-Device]
10600032202,16064,223286,,,,,,,,,,0.197,12238.848,Pinned,Device,NVIDIA A100-SXM4-40GB MIG 4g.20gb (0),1,,13,[CUDA memcpy Host-to-Device]
10600598948,29632,223287,273,1,1,48,1,1,40,0.000,0.001,,,,,NVIDIA A100-SXM4-40GB MIG 4g.20gb (0),1,,13,"void pusch_noise_intf_est::noiseIntfEstNoDftSOfdmKernel<float, __half, float, float, (unsigned int)2, (unsigned int)1, (unsigned char)4, (unsigned char)4>(pusch_noise_intf_est::puschRxNoiseIntfEstDynDescr)"
10601303004,6976,223298,35,1,1,128,1,1,16,0.000,0.000,,,,,NVIDIA A100-SXM4-40GB MIG 4g.20gb (0),1,,13,cupy_copy__complex64_complex64
10601988564,3040,223307,1,1,1,1,1,1,18,0.000,0.000,,,,,NVIDIA A100-SXM4-40GB MIG 4g.20gb (0),1,,13,cupy_copy__float32_float32
10601999444,4192,223313,,,,,,,,,,0.000,0.954,Device,Pageable,NVIDIA A100-SXM4-40GB MIG 4g.20gb (0),1,,7,[CUDA memcpy Device-to-Host]
10602674636,21216,223324,1434,1,1,128,1,1,16,0.000,0.000,,,,,NVIDIA A100-SXM4-40GB MIG 4g.20gb (0),1,,13,cupy_copy__complex64_complex64
10603354885,16959,223331,103,1,1,128,1,1,16,0.000,0.000,,,,,NVIDIA A100-SXM4-40GB MIG 4g.20gb (0),1,,13,cupy_copy__complex64_complex64
10603946622,5664,223338,35,1,1,128,1,1,16,0.000,0.000,,,,,NVIDIA A100-SXM4-40GB MIG 4g.20gb (0),1,,13,cupy_copy__complex64_complex64
10604495768,7680,223345,1,1,1,1,1,1,18,0.000,0.000,,,,,NVIDIA A100-SXM4-40GB MIG 4g.20gb (0),1,,13,cupy_copy__float32_float32
10605170800,296253,223356,1,1,1,32,32,1,30,0.000,0.000,,,,,NVIDIA A100-SXM4-40GB MIG 4g.20gb (0),1,,13,"void convert_kernel<__half2, float2>(tensor_layout_any, T1 *, tensor_layout_any, const T2 *)"
10605497580,5952,223359,,,,,,,,,,0.094,15741.865,Pinned,Device,NVIDIA A100-SXM4-40GB MIG 4g.20gb (0),1,,13,[CUDA memcpy Host-to-Device]
10606027814,8128,223360,,,,,,,,,,1.547,190282.697,Device,,NVIDIA A100-SXM4-40GB MIG 4g.20gb (0),1,,13,[CUDA memset]
10606041126,3392,223365,,,,,,,,,,0.031,9226.405,Pinned,Device,NVIDIA A100-SXM4-40GB MIG 4g.20gb (0),1,,13,[CUDA memcpy Host-to-Device]
10606047238,14144,223366,,,,,,,,,,0.197,13900.382,Pinned,Device,NVIDIA A100-SXM4-40GB MIG 4g.20gb (0),1,,13,[CUDA memcpy Host-to-Device]
10606795678,16767,223367,273,1,1,8,4,1,39,0.002,0.000,,,,,NVIDIA A100-SXM4-40GB MIG 4g.20gb (0),1,,13,"void channel_eq::eqMmseCoefCompLowMimoKernel<float, float, float, (unsigned int)4, (unsigned int)1, (unsigned int)4>(const channel_eq::_puschRxChEqStatDescr *, channel_eq::_puschRxChEqCoefCompDynDescr)"
10607563317,17312,223368,273,1,1,12,11,1,51,0.002,0.000,,,,,NVIDIA A100-SXM4-40GB MIG 4g.20gb (0),1,,13,"void channel_eq::eqMmseSoftDemapKernel<float, __half, __half, float, (unsigned int)4, (unsigned short)16383>(channel_eq::_puschRxChEqStatDescr *, channel_eq::_puschRxChEqSoftDemapDynDescr)"
10608329548,704728,223369,1,1,1,32,32,1,30,0.000,0.000,,,,,NVIDIA A100-SXM4-40GB MIG 4g.20gb (0),1,,13,"void convert_kernel<float2, __half2>(tensor_layout_any, T1 *, tensor_layout_any, const T2 *)"
10609670941,18496,223381,2253,1,1,128,1,1,16,0.000,0.000,,,,,NVIDIA A100-SXM4-40GB MIG 4g.20gb (0),1,,13,cupy_copy__float16_float16
10610274422,9984,223390,282,1,1,128,1,1,16,0.000,0.000,,,,,NVIDIA A100-SXM4-40GB MIG 4g.20gb (0),1,,13,cupy_copy__complex64_complex64
10610761873,3648,223399,26,1,1,128,1,1,16,0.000,0.000,,,,,NVIDIA A100-SXM4-40GB MIG 4g.20gb (0),1,,13,cupy_copy__float32_float32
10611252107,16608,223408,103,1,1,128,1,1,16,0.000,0.000,,,,,NVIDIA A100-SXM4-40GB MIG 4g.20gb (0),1,,13,cupy_copy__complex64_complex64
10611707078,20960,223418,1434,1,1,128,1,1,16,0.000,0.000,,,,,NVIDIA A100-SXM4-40GB MIG 4g.20gb (0),1,,13,cupy_copy__complex64_complex64
10612087842,259709,223423,1,1,1,32,32,1,30,0.000,0.000,,,,,NVIDIA A100-SXM4-40GB MIG 4g.20gb (0),1,,13,"void convert_kernel<__half2, float2>(tensor_layout_any, T1 *, tensor_layout_any, const T2 *)"
10612380446,5632,223426,,,,,,,,,,0.094,16636.287,Pinned,Device,NVIDIA A100-SXM4-40GB MIG 4g.20gb (0),1,,13,[CUDA memcpy Host-to-Device]
10612678907,617337,223427,,,,,,,,,,456.561,739172.971,Device,,NVIDIA A100-SXM4-40GB MIG 4g.20gb (0),1,,13,[CUDA memset]
10613299796,63103,223432,,,,,,,,,,1.235,19570.158,Pinned,Device,NVIDIA A100-SXM4-40GB MIG 4g.20gb (0),1,,13,[CUDA memcpy Host-to-Device]
10613365555,10112,223433,,,,,,,,,,0.197,19442.958,Pinned,Device,NVIDIA A100-SXM4-40GB MIG 4g.20gb (0),1,,13,[CUDA memcpy Host-to-Device]
10614050347,14240,223434,69,4,1,48,1,1,76,0.002,0.000,,,,,NVIDIA A100-SXM4-40GB MIG 4g.20gb (0),1,,13,"void ch_est::windowedChEstPreNoDftSOfdmKernel<float, __half, float, (unsigned int)2, (unsigned int)1, (unsigned short)4>(ch_est::puschRxChEstStatDescr_t *, ch_est::puschRxChEstDynDescr_t *)"
10614650181,25951,223435,137,2,1,24,2,1,44,0.001,0.001,,,,,NVIDIA A100-SXM4-40GB MIG 4g.20gb (0),1,,13,"void ch_est::chEstFilterNoDftSOfdmDispatchKernel<float, __half, float, (unsigned int)2>(ch_est::puschRxChEstStatDescr_t *, ch_est::puschRxChEstDynDescr_t *)"
10615401276,16704,223436,137,2,1,24,2,1,44,0.001,0.001,,,,,NVIDIA A100-SXM4-40GB MIG 4g.20gb (0),1,,13,"void ch_est::chEstFilterNoDftSOfdmDispatchKernel<float, __half, float, (unsigned int)2>(ch_est::puschRxChEstStatDescr_t *, ch_est::puschRxChEstDynDescr_t *)"
10615974838,4095,223447,103,1,1,128,1,1,16,0.000,0.000,,,,,NVIDIA A100-SXM4-40GB MIG 4g.20gb (0),1,,13,cupy_copy__complex64_complex64
10616740045,21376,223457,1434,1,1,128,1,1,16,0.000,0.000,,,,,NVIDIA A100-SXM4-40GB MIG 4g.20gb (0),1,,13,cupy_copy__complex64_complex64
10617320294,8480,223464,103,1,1,128,1,1,16,0.000,0.000,,,,,NVIDIA A100-SXM4-40GB MIG 4g.20gb (0),1,,13,cupy_copy__complex64_complex64
10618037502,285885,223471,1,1,1,32,32,1,30,0.000,0.000,,,,,NVIDIA A100-SXM4-40GB MIG 4g.20gb (0),1,,13,"void convert_kernel<__half2, float2>(tensor_layout_any, T1 *, tensor_layout_any, const T2 *)"
10618354043,12447,223474,,,,,,,,,,0.094,7527.537,Pinned,Device,NVIDIA A100-SXM4-40GB MIG 4g.20gb (0),1,,13,[CUDA memcpy Host-to-Device]
10619054451,61855,223475,,,,,,,,,,35.810,578903.167,Device,,NVIDIA A100-SXM4-40GB MIG 4g.20gb (0),1,,13,[CUDA memset]
10619120626,3232,223477,,,,,,,,,,0.000,24.752,Pinned,Device,NVIDIA A100-SXM4-40GB MIG 4g.20gb (0),1,,13,[CUDA memcpy Host-to-Device]
10619129746,12032,223478,,,,,,,,,,0.197,16340.287,Pinned,Device,NVIDIA A100-SXM4-40GB MIG 4g.20gb (0),1,,13,[CUDA memcpy Host-to-Device]
10619959848,27584,223479,273,1,1,48,1,1,40,0.000,0.001,,,,,NVIDIA A100-SXM4-40GB MIG 4g.20gb (0),1,,13,"void pusch_noise_intf_est::noiseIntfEstNoDftSOfdmKernel<float, __half, float, float, (unsigned int)2, (unsigned int)1, (unsigned char)4, (unsigned char)4>(pusch_noise_intf_est::puschRxNoiseIntfEstDynDescr)"
10620627425,6400,223490,35,1,1,128,1,1,16,0.000,0.000,,,,,NVIDIA A100-SXM4-40GB MIG 4g.20gb (0),1,,13,cupy_copy__complex64_complex64
10621242554,5312,223499,1,1,1,1,1,1,18,0.000,0.000,,,,,NVIDIA A100-SXM4-40GB MIG 4g.20gb (0),1,,13,cupy_copy__float32_float32
10621251450,5408,223505,,,,,,,,,,0.000,0.740,Device,Pageable,NVIDIA A100-SXM4-40GB MIG 4g.20gb (0),1,,7,[CUDA memcpy Device-to-Host]
10622085200,21184,223516,1434,1,1,128,1,1,16,0.000,0.000,,,,,NVIDIA A100-SXM4-40GB MIG 4g.20gb (0),1,,13,cupy_copy__complex64_complex64
10622848680,6719,223523,103,1,1,128,1,1,16,0.000,0.000,,,,,NVIDIA A100-SXM4-40GB MIG 4g.20gb (0),1,,13,cupy_copy__complex64_complex64
10623588479,4096,223530,35,1,1,128,1,1,16,0.000,0.000,,,,,NVIDIA A100-SXM4-40GB MIG 4g.20gb (0),1,,13,cupy_copy__complex64_complex64
10624335895,3680,223537,1,1,1,1,1,1,18,0.000,0.000,,,,,NVIDIA A100-SXM4-40GB MIG 4g.20gb (0),1,,13,cupy_copy__float32_float32
10625009711,305277,223548,1,1,1,32,32,1,30,0.000,0.000,,,,,NVIDIA A100-SXM4-40GB MIG 4g.20gb (0),1,,13,"void convert_kernel<__half2, float2>(tensor_layout_any, T1 *, tensor_layout_any, const T2 *)"
10625345771,9408,223551,,,,,,,,,,0.094,9959.135,Pinned,Device,NVIDIA A100-SXM4-40GB MIG 4g.20gb (0),1,,13,[CUDA memcpy Host-to-Device]
10625929125,4224,223552,,,,,,,,,,1.547,366150.859,Device,,NVIDIA A100-SXM4-40GB MIG 4g.20gb (0),1,,13,[CUDA memset]
10625935429,4831,223557,,,,,,,,,,0.031,6478.147,Pinned,Device,NVIDIA A100-SXM4-40GB MIG 4g.20gb (0),1,,13,[CUDA memcpy Host-to-Device]
10625942692,11360,223558,,,,,,,,,,0.197,17307.009,Pinned,Device,NVIDIA A100-SXM4-40GB MIG 4g.20gb (0),1,,13,[CUDA memcpy Host-to-Device]
10626508414,24704,223559,273,1,1,8,4,1,39,0.002,0.000,,,,,NVIDIA A100-SXM4-40GB MIG 4g.20gb (0),1,,13,"void channel_eq::eqMmseCoefCompLowMimoKernel<float, float, float, (unsigned int)4, (unsigned int)1, (unsigned int)4>(const channel_eq::_puschRxChEqStatDescr *, channel_eq::_puschRxChEqCoefCompDynDescr)"
10626939897,20352,223560,273,1,1,12,11,1,51,0.002,0.000,,,,,NVIDIA A100-SXM4-40GB MIG 4g.20gb (0),1,,13,"void channel_eq::eqMmseSoftDemapKernel<float, __half, __half, float, (unsigned int)4, (unsigned short)16383>(channel_eq::_puschRxChEqStatDescr *, channel_eq::_puschRxChEqSoftDemapDynDescr)"
10627310837,538810,223561,1,1,1,32,32,1,30,0.000,0.000,,,,,NVIDIA A100-SXM4-40GB MIG 4g.20gb (0),1,,13,"void convert_kernel<float2, __half2>(tensor_layout_any, T1 *, tensor_layout_any, const T2 *)"
10628314154,20063,223573,2253,1,1,128,1,1,16,0.000,0.000,,,,,NVIDIA A100-SXM4-40GB MIG 4g.20gb (0),1,,13,cupy_copy__float16_float16
10629055137,18048,223582,282,1,1,128,1,1,16,0.000,0.000,,,,,NVIDIA A100-SXM4-40GB MIG 4g.20gb (0),1,,13,cupy_copy__complex64_complex64
10629467004,5600,223591,26,1,1,128,1,1,16,0.000,0.000,,,,,NVIDIA A100-SXM4-40GB MIG 4g.20gb (0),1,,13,cupy_copy__float32_float32
10629838232,17184,223600,103,1,1,128,1,1,16,0.000,0.000,,,,,NVIDIA A100-SXM4-40GB MIG 4g.20gb (0),1,,13,cupy_copy__complex64_complex64
10630457713,20320,223610,1434,1,1,128,1,1,16,0.000,0.000,,,,,NVIDIA A100-SXM4-40GB MIG 4g.20gb (0),1,,13,cupy_copy__complex64_complex64
10631083690,249757,223615,1,1,1,32,32,1,30,0.000,0.000,,,,,NVIDIA A100-SXM4-40GB MIG 4g.20gb (0),1,,13,"void convert_kernel<__half2, float2>(tensor_layout_any, T1 *, tensor_layout_any, const T2 *)"
10631364455,5600,223618,,,,,,,,,,0.094,16731.388,Pinned,Device,NVIDIA A100-SXM4-40GB MIG 4g.20gb (0),1,,13,[CUDA memcpy Host-to-Device]
10631976544,625337,223619,,,,,,,,,,456.561,730041.743,Device,,NVIDIA A100-SXM4-40GB MIG 4g.20gb (0),1,,13,[CUDA memset]
10632607513,61727,223624,,,,,,,,,,1.235,20006.093,Pinned,Device,NVIDIA A100-SXM4-40GB MIG 4g.20gb (0),1,,13,[CUDA memcpy Host-to-Device]
10632673624,9504,223625,,,,,,,,,,0.197,20686.701,Pinned,Device,NVIDIA A100-SXM4-40GB MIG 4g.20gb (0),1,,13,[CUDA memcpy Host-to-Device]
10633406352,27455,223626,69,4,1,48,1,1,76,0.002,0.000,,,,,NVIDIA A100-SXM4-40GB MIG 4g.20gb (0),1,,13,"void ch_est::windowedChEstPreNoDftSOfdmKernel<float, __half, float, (unsigned int)2, (unsigned int)1, (unsigned short)4>(ch_est::puschRxChEstStatDescr_t *, ch_est::puschRxChEstDynDescr_t *)"
10634052648,16832,223627,137,2,1,24,2,1,44,0.001,0.001,,,,,NVIDIA A100-SXM4-40GB MIG 4g.20gb (0),1,,13,"void ch_est::chEstFilterNoDftSOfdmDispatchKernel<float, __half, float, (unsigned int)2>(ch_est::puschRxChEstStatDescr_t *, ch_est::puschRxChEstDynDescr_t *)"
10634740129,17471,223628,137,2,1,24,2,1,44,0.001,0.001,,,,,NVIDIA A100-SXM4-40GB MIG 4g.20gb (0),1,,13,"void ch_est::chEstFilterNoDftSOfdmDispatchKernel<float, __half, float, (unsigned int)2>(ch_est::puschRxChEstStatDescr_t *, ch_est::puschRxChEstDynDescr_t *)"
10635448377,4000,223639,103,1,1,128,1,1,16,0.000,0.000,,,,,NVIDIA A100-SXM4-40GB MIG 4g.20gb (0),1,,13,cupy_copy__complex64_complex64
10636164657,21823,223649,1434,1,1,128,1,1,16,0.000,0.000,,,,,NVIDIA A100-SXM4-40GB MIG 4g.20gb (0),1,,13,cupy_copy__complex64_complex64
10636724714,4896,223656,103,1,1,128,1,1,16,0.000,0.000,,,,,NVIDIA A100-SXM4-40GB MIG 4g.20gb (0),1,,13,cupy_copy__complex64_complex64
10637308164,217597,223663,1,1,1,32,32,1,30,0.000,0.000,,,,,NVIDIA A100-SXM4-40GB MIG 4g.20gb (0),1,,13,"void convert_kernel<__half2, float2>(tensor_layout_any, T1 *, tensor_layout_any, const T2 *)"
10637559297,5792,223666,,,,,,,,,,0.094,16176.708,Pinned,Device,NVIDIA A100-SXM4-40GB MIG 4g.20gb (0),1,,13,[CUDA memcpy Host-to-Device]
10638132698,67487,223667,,,,,,,,,,35.810,530595.585,Device,,NVIDIA A100-SXM4-40GB MIG 4g.20gb (0),1,,13,[CUDA memset]
10638205305,5568,223669,,,,,,,,,,0.000,14.368,Pinned,Device,NVIDIA A100-SXM4-40GB MIG 4g.20gb (0),1,,13,[CUDA memcpy Host-to-Device]
10638218521,13984,223670,,,,,,,,,,0.197,14059.438,Pinned,Device,NVIDIA A100-SXM4-40GB MIG 4g.20gb (0),1,,13,[CUDA memcpy Host-to-Device]
10639001200,32448,223671,273,1,1,48,1,1,40,0.000,0.001,,,,,NVIDIA A100-SXM4-40GB MIG 4g.20gb (0),1,,13,"void pusch_noise_intf_est::noiseIntfEstNoDftSOfdmKernel<float, __half, float, float, (unsigned int)2, (unsigned int)1, (unsigned char)4, (unsigned char)4>(pusch_noise_intf_est::puschRxNoiseIntfEstDynDescr)"
10639747112,8160,223682,35,1,1,128,1,1,16,0.000,0.000,,,,,NVIDIA A100-SXM4-40GB MIG 4g.20gb (0),1,,13,cupy_copy__complex64_complex64
10640424672,3168,223691,1,1,1,1,1,1,18,0.000,0.000,,,,,NVIDIA A100-SXM4-40GB MIG 4g.20gb (0),1,,13,cupy_copy__float32_float32
10640435872,2016,223697,,,,,,,,,,0.000,1.984,Device,Pageable,NVIDIA A100-SXM4-40GB MIG 4g.20gb (0),1,,7,[CUDA memcpy Device-to-Host]
10641120056,20224,223708,1434,1,1,128,1,1,16,0.000,0.000,,,,,NVIDIA A100-SXM4-40GB MIG 4g.20gb (0),1,,13,cupy_copy__complex64_complex64
10641718770,8927,223715,103,1,1,128,1,1,16,0.000,0.000,,,,,NVIDIA A100-SXM4-40GB MIG 4g.20gb (0),1,,13,cupy_copy__complex64_complex64
10642315307,16576,223722,35,1,1,128,1,1,16,0.000,0.000,,,,,NVIDIA A100-SXM4-40GB MIG 4g.20gb (0),1,,13,cupy_copy__complex64_complex64
10642830821,4224,223729,1,1,1,1,1,1,18,0.000,0.000,,,,,NVIDIA A100-SXM4-40GB MIG 4g.20gb (0),1,,13,cupy_copy__float32_float32
10643315743,259005,223740,1,1,1,32,32,1,30,0.000,0.000,,,,,NVIDIA A100-SXM4-40GB MIG 4g.20gb (0),1,,13,"void convert_kernel<__half2, float2>(tensor_layout_any, T1 *, tensor_layout_any, const T2 *)"
10643605180,5984,223743,,,,,,,,,,0.094,15657.726,Pinned,Device,NVIDIA A100-SXM4-40GB MIG 4g.20gb (0),1,,13,[CUDA memcpy Host-to-Device]
10644168854,15232,223744,,,,,,,,,,1.547,101537.412,Device,,NVIDIA A100-SXM4-40GB MIG 4g.20gb (0),1,,13,[CUDA memset]
10644191861,5216,223749,,,,,,,,,,0.031,5999.975,Pinned,Device,NVIDIA A100-SXM4-40GB MIG 4g.20gb (0),1,,13,[CUDA memcpy Host-to-Device]
10644203957,10912,223750,,,,,,,,,,0.197,18017.550,Pinned,Device,NVIDIA A100-SXM4-40GB MIG 4g.20gb (0),1,,13,[CUDA memcpy Host-to-Device]
10644768303,28000,223751,273,1,1,8,4,1,39,0.002,0.000,,,,,NVIDIA A100-SXM4-40GB MIG 4g.20gb (0),1,,13,"void channel_eq::eqMmseCoefCompLowMimoKernel<float, float, float, (unsigned int)4, (unsigned int)1, (unsigned int)4>(const channel_eq::_puschRxChEqStatDescr *, channel_eq::_puschRxChEqCoefCompDynDescr)"
10645507079,25727,223752,273,1,1,12,11,1,51,0.002,0.000,,,,,NVIDIA A100-SXM4-40GB MIG 4g.20gb (0),1,,13,"void channel_eq::eqMmseSoftDemapKernel<float, __half, __half, float, (unsigned int)4, (unsigned short)16383>(channel_eq::_puschRxChEqStatDescr *, channel_eq::_puschRxChEqSoftDemapDynDescr)"
10646151327,550042,223753,1,1,1,32,32,1,30,0.000,0.000,,,,,NVIDIA A100-SXM4-40GB MIG 4g.20gb (0),1,,13,"void convert_kernel<float2, __half2>(tensor_layout_any, T1 *, tensor_layout_any, const T2 *)"
10647401265,17952,223765,2253,1,1,128,1,1,16,0.000,0.000,,,,,NVIDIA A100-SXM4-40GB MIG 4g.20gb (0),1,,13,cupy_copy__float16_float16
10647974539,5855,223774,282,1,1,128,1,1,16,0.000,0.000,,,,,NVIDIA A100-SXM4-40GB MIG 4g.20gb (0),1,,13,cupy_copy__complex64_complex64
10648488613,6560,223783,26,1,1,128,1,1,16,0.000,0.000,,,,,NVIDIA A100-SXM4-40GB MIG 4g.20gb (0),1,,13,cupy_copy__float32_float32
10649152125,8192,223792,103,1,1,128,1,1,16,0.000,0.000,,,,,NVIDIA A100-SXM4-40GB MIG 4g.20gb (0),1,,13,cupy_copy__complex64_complex64
10649732727,20895,223802,1434,1,1,128,1,1,16,0.000,0.000,,,,,NVIDIA A100-SXM4-40GB MIG 4g.20gb (0),1,,13,cupy_copy__complex64_complex64
10650529358,296892,223807,1,1,1,32,32,1,30,0.000,0.000,,,,,NVIDIA A100-SXM4-40GB MIG 4g.20gb (0),1,,13,"void convert_kernel<__half2, float2>(tensor_layout_any, T1 *, tensor_layout_any, const T2 *)"
10650857002,9152,223810,,,,,,,,,,0.094,10237.693,Pinned,Device,NVIDIA A100-SXM4-40GB MIG 4g.20gb (0),1,,13,[CUDA memcpy Host-to-Device]
10651661697,610393,223811,,,,,,,,,,456.561,747847.639,Device,,NVIDIA A100-SXM4-40GB MIG 4g.20gb (0),1,,13,[CUDA memset]
10652280346,66655,223816,,,,,,,,,,1.235,18526.630,Pinned,Device,NVIDIA A100-SXM4-40GB MIG 4g.20gb (0),1,,13,[CUDA memcpy Host-to-Device]
10652353209,19424,223817,,,,,,,,,,0.197,10121.773,Pinned,Device,NVIDIA A100-SXM4-40GB MIG 4g.20gb (0),1,,13,[CUDA memcpy Host-to-Device]
10653236751,28352,223818,69,4,1,48,1,1,76,0.002,0.000,,,,,NVIDIA A100-SXM4-40GB MIG 4g.20gb (0),1,,13,"void ch_est::windowedChEstPreNoDftSOfdmKernel<float, __half, float, (unsigned int)2, (unsigned int)1, (unsigned short)4>(ch_est::puschRxChEstStatDescr_t *, ch_est::puschRxChEstDynDescr_t *)"
10653915207,17792,223819,137,2,1,24,2,1,44,0.001,0.001,,,,,NVIDIA A100-SXM4-40GB MIG 4g.20gb (0),1,,13,"void ch_est::chEstFilterNoDftSOfdmDispatchKernel<float, __half, float, (unsigned int)2>(ch_est::puschRxChEstStatDescr_t *, ch_est::puschRxChEstDynDescr_t *)"
10654802685,17408,223820,137,2,1,24,2,1,44,0.001,0.001,,,,,NVIDIA A100-SXM4-40GB MIG 4g.20gb (0),1,,13,"void ch_est::chEstFilterNoDftSOfdmDispatchKernel<float, __half, float, (unsigned int)2>(ch_est::puschRxChEstStatDescr_t *, ch_est::puschRxChEstDynDescr_t *)"
10655529557,4320,223831,103,1,1,128,1,1,16,0.000,0.000,,,,,NVIDIA A100-SXM4-40GB MIG 4g.20gb (0),1,,13,cupy_copy__complex64_complex64
10656174126,17311,223841,1434,1,1,128,1,1,16,0.000,0.000,,,,,NVIDIA A100-SXM4-40GB MIG 4g.20gb (0),1,,13,cupy_copy__complex64_complex64
10656914085,4672,223848,103,1,1,128,1,1,16,0.000,0.000,,,,,NVIDIA A100-SXM4-40GB MIG 4g.20gb (0),1,,13,cupy_copy__complex64_complex64
10657649277,249117,223855,1,1,1,32,32,1,30,0.000,0.000,,,,,NVIDIA A100-SXM4-40GB MIG 4g.20gb (0),1,,13,"void convert_kernel<__half2, float2>(tensor_layout_any, T1 *, tensor_layout_any, const T2 *)"
10657931162,5632,223858,,,,,,,,,,0.094,16636.287,Pinned,Device,NVIDIA A100-SXM4-40GB MIG 4g.20gb (0),1,,13,[CUDA memcpy Host-to-Device]
10658582290,51264,223859,,,,,,,,,,35.810,698508.300,Device,,NVIDIA A100-SXM4-40GB MIG 4g.20gb (0),1,,13,[CUDA memset]
10658642578,6879,223861,,,,,,,,,,0.000,11.630,Pinned,Device,NVIDIA A100-SXM4-40GB MIG 4g.20gb (0),1,,13,[CUDA memcpy Host-to-Device]
10658652145,10624,223862,,,,,,,,,,0.197,18505.925,Pinned,Device,NVIDIA A100-SXM4-40GB MIG 4g.20gb (0),1,,13,[CUDA memcpy Host-to-Device]
10659451816,28960,223863,273,1,1,48,1,1,40,0.000,0.001,,,,,NVIDIA A100-SXM4-40GB MIG 4g.20gb (0),1,,13,"void pusch_noise_intf_est::noiseIntfEstNoDftSOfdmKernel<float, __half, float, float, (unsigned int)2, (unsigned int)1, (unsigned char)4, (unsigned char)4>(pusch_noise_intf_est::puschRxNoiseIntfEstDynDescr)"
10660188032,11136,223874,35,1,1,128,1,1,16,0.000,0.000,,,,,NVIDIA A100-SXM4-40GB MIG 4g.20gb (0),1,,13,cupy_copy__complex64_complex64
10660917112,3072,223883,1,1,1,1,1,1,18,0.000,0.000,,,,,NVIDIA A100-SXM4-40GB MIG 4g.20gb (0),1,,13,cupy_copy__float32_float32
10660920856,2880,223889,,,,,,,,,,0.000,1.389,Device,Pageable,NVIDIA A100-SXM4-40GB MIG 4g.20gb (0),1,,7,[CUDA memcpy Device-to-Host]
10661750542,22048,223900,1434,1,1,128,1,1,16,0.000,0.000,,,,,NVIDIA A100-SXM4-40GB MIG 4g.20gb (0),1,,13,cupy_copy__complex64_complex64
10662253353,16159,223907,103,1,1,128,1,1,16,0.000,0.000,,,,,NVIDIA A100-SXM4-40GB MIG 4g.20gb (0),1,,13,cupy_copy__complex64_complex64
10662766115,5312,223914,35,1,1,128,1,1,16,0.000,0.000,,,,,NVIDIA A100-SXM4-40GB MIG 4g.20gb (0),1,,13,cupy_copy__complex64_complex64
10663228606,4511,223921,1,1,1,1,1,1,18,0.000,0.000,,,,,NVIDIA A100-SXM4-40GB MIG 4g.20gb (0),1,,13,cupy_copy__float32_float32
10663811159,216541,223932,1,1,1,32,32,1,30,0.000,0.000,,,,,NVIDIA A100-SXM4-40GB MIG 4g.20gb (0),1,,13,"void convert_kernel<__half2, float2>(tensor_layout_any, T1 *, tensor_layout_any, const T2 *)"
10664058932,9632,223935,,,,,,,,,,0.094,9727.519,Pinned,Device,NVIDIA A100-SXM4-40GB MIG 4g.20gb (0),1,,13,[CUDA memcpy Host-to-Device]
10664584622,17024,223936,,,,,,,,,,1.547,90848.694,Device,,NVIDIA A100-SXM4-40GB MIG 4g.20gb (0),1,,13,[CUDA memset]
10664603438,6016,223941,,,,,,,,,,0.031,5202.115,Pinned,Device,NVIDIA A100-SXM4-40GB MIG 4g.20gb (0),1,,13,[CUDA memcpy Host-to-Device]
10664618446,15680,223942,,,,,,,,,,0.197,12538.675,Pinned,Device,NVIDIA A100-SXM4-40GB MIG 4g.20gb (0),1,,13,[CUDA memcpy Host-to-Device]
10665151624,20351,223943,273,1,1,8,4,1,39,0.002,0.000,,,,,NVIDIA A100-SXM4-40GB MIG 4g.20gb (0),1,,13,"void channel_eq::eqMmseCoefCompLowMimoKernel<float, float, float, (unsigned int)4, (unsigned int)1, (unsigned int)4>(const channel_eq::_puschRxChEqStatDescr *, channel_eq::_puschRxChEqCoefCompDynDescr)"
10665645506,14816,223944,273,1,1,12,11,1,51,0.002,0.000,,,,,NVIDIA A100-SXM4-40GB MIG 4g.20gb (0),1,,13,"void channel_eq::eqMmseSoftDemapKernel<float, __half, __half, float, (unsigned int)4, (unsigned short)16383>(channel_eq::_puschRxChEqStatDescr *, channel_eq::_puschRxChEqSoftDemapDynDescr)"
10666225244,696248,223945,1,1,1,32,32,1,30,0.000,0.000,,,,,NVIDIA A100-SXM4-40GB MIG 4g.20gb (0),1,,13,"void convert_kernel<float2, __half2>(tensor_layout_any, T1 *, tensor_layout_any, const T2 *)"
10667615308,21696,223957,2253,1,1,128,1,1,16,0.000,0.000,,,,,NVIDIA A100-SXM4-40GB MIG 4g.20gb (0),1,,13,cupy_copy__float16_float16
10668275908,5152,223966,282,1,1,128,1,1,16,0.000,0.000,,,,,NVIDIA A100-SXM4-40GB MIG 4g.20gb (0),1,,13,cupy_copy__complex64_complex64
10668767359,12672,223975,26,1,1,128,1,1,16,0.000,0.000,,,,,NVIDIA A100-SXM4-40GB MIG 4g.20gb (0),1,,13,cupy_copy__float32_float32
10669238521,8320,223984,103,1,1,128,1,1,16,0.000,0.000,,,,,NVIDIA A100-SXM4-40GB MIG 4g.20gb (0),1,,13,cupy_copy__complex64_complex64
10669495478,20320,223994,1434,1,1,128,1,1,16,0.000,0.000,,,,,NVIDIA A100-SXM4-40GB MIG 4g.20gb (0),1,,13,cupy_copy__complex64_complex64
10669796755,259325,223999,1,1,1,32,32,1,30,0.000,0.000,,,,,NVIDIA A100-SXM4-40GB MIG 4g.20gb (0),1,,13,"void convert_kernel<__half2, float2>(tensor_layout_any, T1 *, tensor_layout_any, const T2 *)"
10670086640,6912,224002,,,,,,,,,,0.094,13555.469,Pinned,Device,NVIDIA A100-SXM4-40GB MIG 4g.20gb (0),1,,13,[CUDA memcpy Host-to-Device]
10670381708,605370,224003,,,,,,,,,,456.561,753782.937,Device,,NVIDIA A100-SXM4-40GB MIG 4g.20gb (0),1,,13,[CUDA memset]
10670995877,50912,224008,,,,,,,,,,1.235,24255.535,Pinned,Device,NVIDIA A100-SXM4-40GB MIG 4g.20gb (0),1,,13,[CUDA memcpy Host-to-Device]
10671051045,9792,224009,,,,,,,,,,0.197,20078.395,Pinned,Device,NVIDIA A100-SXM4-40GB MIG 4g.20gb (0),1,,13,[CUDA memcpy Host-to-Device]
10671351553,32576,224010,69,4,1,48,1,1,76,0.002,0.000,,,,,NVIDIA A100-SXM4-40GB MIG 4g.20gb (0),1,,13,"void ch_est::windowedChEstPreNoDftSOfdmKernel<float, __half, float, (unsigned int)2, (unsigned int)1, (unsigned short)4>(ch_est::puschRxChEstStatDescr_t *, ch_est::puschRxChEstDynDescr_t *)"
10671787996,10816,224011,137,2,1,24,2,1,44,0.001,0.001,,,,,NVIDIA A100-SXM4-40GB MIG 4g.20gb (0),1,,13,"void ch_est::chEstFilterNoDftSOfdmDispatchKernel<float, __half, float, (unsigned int)2>(ch_est::puschRxChEstStatDescr_t *, ch_est::puschRxChEstDynDescr_t *)"
10672434069,9920,224012,137,2,1,24,2,1,44,0.001,0.001,,,,,NVIDIA A100-SXM4-40GB MIG 4g.20gb (0),1,,13,"void ch_est::chEstFilterNoDftSOfdmDispatchKernel<float, __half, float, (unsigned int)2>(ch_est::puschRxChEstStatDescr_t *, ch_est::puschRxChEstDynDescr_t *)"
10672954383,7008,224023,103,1,1,128,1,1,16,0.000,0.000,,,,,NVIDIA A100-SXM4-40GB MIG 4g.20gb (0),1,,13,cupy_copy__complex64_complex64
10673512681,19456,224033,1434,1,1,128,1,1,16,0.000,0.000,,,,,NVIDIA A100-SXM4-40GB MIG 4g.20gb (0),1,,13,cupy_copy__complex64_complex64
10674144930,8480,224040,103,1,1,128,1,1,16,0.000,0.000,,,,,NVIDIA A100-SXM4-40GB MIG 4g.20gb (0),1,,13,cupy_copy__complex64_complex64
10674670780,241085,224047,1,1,1,32,32,1,30,0.000,0.000,,,,,NVIDIA A100-SXM4-40GB MIG 4g.20gb (0),1,,13,"void convert_kernel<__half2, float2>(tensor_layout_any, T1 *, tensor_layout_any, const T2 *)"
10674941913,6400,224050,,,,,,,,,,0.094,14640.000,Pinned,Device,NVIDIA A100-SXM4-40GB MIG 4g.20gb (0),1,,13,[CUDA memcpy Host-to-Device]
10675500210,67808,224051,,,,,,,,,,35.810,528088.890,Device,,NVIDIA A100-SXM4-40GB MIG 4g.20gb (0),1,,13,[CUDA memset]
10675575793,2208,224053,,,,,,,,,,0.000,36.232,Pinned,Device,NVIDIA A100-SXM4-40GB MIG 4g.20gb (0),1,,13,[CUDA memcpy Host-to-Device]
10675583441,10400,224054,,,,,,,,,,0.197,18904.449,Pinned,Device,NVIDIA A100-SXM4-40GB MIG 4g.20gb (0),1,,13,[CUDA memcpy Host-to-Device]
10676164587,24864,224055,273,1,1,48,1,1,40,0.000,0.001,,,,,NVIDIA A100-SXM4-40GB MIG 4g.20gb (0),1,,13,"void pusch_noise_intf_est::noiseIntfEstNoDftSOfdmKernel<float, __half, float, float, (unsigned int)2, (unsigned int)1, (unsigned char)4, (unsigned char)4>(pusch_noise_intf_est::puschRxNoiseIntfEstDynDescr)"
10676669029,5088,224066,35,1,1,128,1,1,16,0.000,0.000,,,,,NVIDIA A100-SXM4-40GB MIG 4g.20gb (0),1,,13,cupy_copy__complex64_complex64
10677057185,4992,224075,1,1,1,1,1,1,18,0.000,0.000,,,,,NVIDIA A100-SXM4-40GB MIG 4g.20gb (0),1,,13,cupy_copy__float32_float32
10677067137,1824,224081,,,,,,,,,,0.000,2.193,Device,Pageable,NVIDIA A100-SXM4-40GB MIG 4g.20gb (0),1,,7,[CUDA memcpy Device-to-Host]
10677684442,20287,224092,1434,1,1,128,1,1,16,0.000,0.000,,,,,NVIDIA A100-SXM4-40GB MIG 4g.20gb (0),1,,13,cupy_copy__complex64_complex64
10678245171,6944,224099,103,1,1,128,1,1,16,0.000,0.000,,,,,NVIDIA A100-SXM4-40GB MIG 4g.20gb (0),1,,13,cupy_copy__complex64_complex64
10678734030,10752,224106,35,1,1,128,1,1,16,0.000,0.000,,,,,NVIDIA A100-SXM4-40GB MIG 4g.20gb (0),1,,13,cupy_copy__complex64_complex64
10679310023,4608,224113,1,1,1,1,1,1,18,0.000,0.000,,,,,NVIDIA A100-SXM4-40GB MIG 4g.20gb (0),1,,13,cupy_copy__float32_float32
10679813025,270237,224124,1,1,1,32,32,1,30,0.000,0.000,,,,,NVIDIA A100-SXM4-40GB MIG 4g.20gb (0),1,,13,"void convert_kernel<__half2, float2>(tensor_layout_any, T1 *, tensor_layout_any, const T2 *)"
10680116446,9952,224127,,,,,,,,,,0.094,9414.761,Pinned,Device,NVIDIA A100-SXM4-40GB MIG 4g.20gb (0),1,,13,[CUDA memcpy Host-to-Device]
10680600216,8864,224128,,,,,,,,,,1.547,174482.387,Device,,NVIDIA A100-SXM4-40GB MIG 4g.20gb (0),1,,13,[CUDA memset]
10680615384,8928,224133,,,,,,,,,,0.031,3505.371,Pinned,Device,NVIDIA A100-SXM4-40GB MIG 4g.20gb (0),1,,13,[CUDA memcpy Host-to-Device]
10680626776,11520,224134,,,,,,,,,,0.197,17066.557,Pinned,Device,NVIDIA A100-SXM4-40GB MIG 4g.20gb (0),1,,13,[CUDA memcpy Host-to-Device]
10681233457,20672,224135,273,1,1,8,4,1,39,0.002,0.000,,,,,NVIDIA A100-SXM4-40GB MIG 4g.20gb (0),1,,13,"void channel_eq::eqMmseCoefCompLowMimoKernel<float, float, float, (unsigned int)4, (unsigned int)1, (unsigned int)4>(const channel_eq::_puschRxChEqStatDescr *, channel_eq::_puschRxChEqCoefCompDynDescr)"
10681809163,23168,224136,273,1,1,12,11,1,51,0.002,0.000,,,,,NVIDIA A100-SXM4-40GB MIG 4g.20gb (0),1,,13,"void channel_eq::eqMmseSoftDemapKernel<float, __half, __half, float, (unsigned int)4, (unsigned short)16383>(channel_eq::_puschRxChEqStatDescr *, channel_eq::_puschRxChEqSoftDemapDynDescr)"
10682342149,653400,224137,1,1,1,32,32,1,30,0.000,0.000,,,,,NVIDIA A100-SXM4-40GB MIG 4g.20gb (0),1,,13,"void convert_kernel<float2, __half2>(tensor_layout_any, T1 *, tensor_layout_any, const T2 *)"
10683430360,21248,224149,2253,1,1,128,1,1,16,0.000,0.000,,,,,NVIDIA A100-SXM4-40GB MIG 4g.20gb (0),1,,13,cupy_copy__float16_float16
10683980274,10688,224158,282,1,1,128,1,1,16,0.000,0.000,,,,,NVIDIA A100-SXM4-40GB MIG 4g.20gb (0),1,,13,cupy_copy__complex64_complex64
10684540684,14848,224167,26,1,1,128,1,1,16,0.000,0.000,,,,,NVIDIA A100-SXM4-40GB MIG 4g.20gb (0),1,,13,cupy_copy__float32_float32
10684986631,9280,224176,103,1,1,128,1,1,16,0.000,0.000,,,,,NVIDIA A100-SXM4-40GB MIG 4g.20gb (0),1,,13,cupy_copy__complex64_complex64
10685409698,19648,224186,1434,1,1,128,1,1,16,0.000,0.000,,,,,NVIDIA A100-SXM4-40GB MIG 4g.20gb (0),1,,13,cupy_copy__complex64_complex64
10685995419,253309,224191,1,1,1,32,32,1,30,0.000,0.000,,,,,NVIDIA A100-SXM4-40GB MIG 4g.20gb (0),1,,13,"void convert_kernel<__half2, float2>(tensor_layout_any, T1 *, tensor_layout_any, const T2 *)"
10686279448,5696,224194,,,,,,,,,,0.094,16449.363,Pinned,Device,NVIDIA A100-SXM4-40GB MIG 4g.20gb (0),1,,13,[CUDA memcpy Host-to-Device]
10686644116,619609,224195,,,,,,,,,,456.561,736433.603,Device,,NVIDIA A100-SXM4-40GB MIG 4g.20gb (0),1,,13,[CUDA memset]
10687270029,65375,224200,,,,,,,,,,1.235,18889.703,Pinned,Device,NVIDIA A100-SXM4-40GB MIG 4g.20gb (0),1,,13,[CUDA memcpy Host-to-Device]
10687338092,9984,224201,,,,,,,,,,0.197,19692.257,Pinned,Device,NVIDIA A100-SXM4-40GB MIG 4g.20gb (0),1,,13,[CUDA memcpy Host-to-Device]
10687925925,29760,224202,69,4,1,48,1,1,76,0.002,0.000,,,,,NVIDIA A100-SXM4-40GB MIG 4g.20gb (0),1,,13,"void ch_est::windowedChEstPreNoDftSOfdmKernel<float, __half, float, (unsigned int)2, (unsigned int)1, (unsigned short)4>(ch_est::puschRxChEstStatDescr_t *, ch_est::puschRxChEstDynDescr_t *)"
10688516095,27679,224203,137,2,1,24,2,1,44,0.001,0.001,,,,,NVIDIA A100-SXM4-40GB MIG 4g.20gb (0),1,,13,"void ch_est::chEstFilterNoDftSOfdmDispatchKernel<float, __half, float, (unsigned int)2>(ch_est::puschRxChEstStatDescr_t *, ch_est::puschRxChEstDynDescr_t *)"
10689136184,16863,224204,137,2,1,24,2,1,44,0.001,0.001,,,,,NVIDIA A100-SXM4-40GB MIG 4g.20gb (0),1,,13,"void ch_est::chEstFilterNoDftSOfdmDispatchKernel<float, __half, float, (unsigned int)2>(ch_est::puschRxChEstStatDescr_t *, ch_est::puschRxChEstDynDescr_t *)"
10689715761,9056,224215,103,1,1,128,1,1,16,0.000,0.000,,,,,NVIDIA A100-SXM4-40GB MIG 4g.20gb (0),1,,13,cupy_copy__complex64_complex64
10690383402,18879,224225,1434,1,1,128,1,1,16,0.000,0.000,,,,,NVIDIA A100-SXM4-40GB MIG 4g.20gb (0),1,,13,cupy_copy__complex64_complex64
10690976771,15680,224232,103,1,1,128,1,1,16,0.000,0.000,,,,,NVIDIA A100-SXM4-40GB MIG 4g.20gb (0),1,,13,cupy_copy__complex64_complex64
10691441502,298684,224239,1,1,1,32,32,1,30,0.000,0.000,,,,,NVIDIA A100-SXM4-40GB MIG 4g.20gb (0),1,,13,"void convert_kernel<__half2, float2>(tensor_layout_any, T1 *, tensor_layout_any, const T2 *)"
10691771770,5664,224242,,,,,,,,,,0.094,16542.310,Pinned,Device,NVIDIA A100-SXM4-40GB MIG 4g.20gb (0),1,,13,[CUDA memcpy Host-to-Device]
10692289652,61343,224243,,,,,,,,,,35.810,583737.506,Device,,NVIDIA A100-SXM4-40GB MIG 4g.20gb (0),1,,13,[CUDA memset]
10692353875,2016,224245,,,,,,,,,,0.000,39.682,Pinned,Device,NVIDIA A100-SXM4-40GB MIG 4g.20gb (0),1,,13,[CUDA memcpy Host-to-Device]
10692361971,10240,224246,,,,,,,,,,0.197,19199.951,Pinned,Device,NVIDIA A100-SXM4-40GB MIG 4g.20gb (0),1,,13,[CUDA memcpy Host-to-Device]
10692930541,29375,224247,273,1,1,48,1,1,40,0.000,0.001,,,,,NVIDIA A100-SXM4-40GB MIG 4g.20gb (0),1,,13,"void pusch_noise_intf_est::noiseIntfEstNoDftSOfdmKernel<float, __half, float, float, (unsigned int)2, (unsigned int)1, (unsigned char)4, (unsigned char)4>(pusch_noise_intf_est::puschRxNoiseIntfEstDynDescr)"
10693509318,6432,224258,35,1,1,128,1,1,16,0.000,0.000,,,,,NVIDIA A100-SXM4-40GB MIG 4g.20gb (0),1,,13,cupy_copy__complex64_complex64
10693949729,5536,224267,1,1,1,1,1,1,18,0.000,0.000,,,,,NVIDIA A100-SXM4-40GB MIG 4g.20gb (0),1,,13,cupy_copy__float32_float32
10693957697,5088,224273,,,,,,,,,,0.000,0.786,Device,Pageable,NVIDIA A100-SXM4-40GB MIG 4g.20gb (0),1,,7,[CUDA memcpy Device-to-Host]
10694475547,18944,224284,1434,1,1,128,1,1,16,0.000,0.000,,,,,NVIDIA A100-SXM4-40GB MIG 4g.20gb (0),1,,13,cupy_copy__complex64_complex64
10694924822,16800,224291,103,1,1,128,1,1,16,0.000,0.000,,,,,NVIDIA A100-SXM4-40GB MIG 4g.20gb (0),1,,13,cupy_copy__complex64_complex64
10695298290,6464,224298,35,1,1,128,1,1,16,0.000,0.000,,,,,NVIDIA A100-SXM4-40GB MIG 4g.20gb (0),1,,13,cupy_copy__complex64_complex64
10695546927,5088,224305,1,1,1,1,1,1,18,0.000,0.000,,,,,NVIDIA A100-SXM4-40GB MIG 4g.20gb (0),1,,13,cupy_copy__float32_float32
10695956554,243006,224316,1,1,1,32,32,1,30,0.000,0.000,,,,,NVIDIA A100-SXM4-40GB MIG 4g.20gb (0),1,,13,"void convert_kernel<__half2, float2>(tensor_layout_any, T1 *, tensor_layout_any, const T2 *)"
10696230503,5600,224319,,,,,,,,,,0.094,16731.388,Pinned,Device,NVIDIA A100-SXM4-40GB MIG 4g.20gb (0),1,,13,[CUDA memcpy Host-to-Device]
10696633411,7072,224320,,,,,,,,,,1.547,218695.727,Device,,NVIDIA A100-SXM4-40GB MIG 4g.20gb (0),1,,13,[CUDA memset]
10696648162,6400,224325,,,,,,,,,,0.031,4890.000,Pinned,Device,NVIDIA A100-SXM4-40GB MIG 4g.20gb (0),1,,13,[CUDA memcpy Host-to-Device]
10696660802,12480,224326,,,,,,,,,,0.197,15753.806,Pinned,Device,NVIDIA A100-SXM4-40GB MIG 4g.20gb (0),1,,13,[CUDA memcpy Host-to-Device]
10697255388,20351,224327,273,1,1,8,4,1,39,0.002,0.000,,,,,NVIDIA A100-SXM4-40GB MIG 4g.20gb (0),1,,13,"void channel_eq::eqMmseCoefCompLowMimoKernel<float, float, float, (unsigned int)4, (unsigned int)1, (unsigned int)4>(const channel_eq::_puschRxChEqStatDescr *, channel_eq::_puschRxChEqCoefCompDynDescr)"
10697738646,14720,224328,273,1,1,12,11,1,51,0.002,0.000,,,,,NVIDIA A100-SXM4-40GB MIG 4g.20gb (0),1,,13,"void channel_eq::eqMmseSoftDemapKernel<float, __half, __half, float, (unsigned int)4, (unsigned short)16383>(channel_eq::_puschRxChEqStatDescr *, channel_eq::_puschRxChEqSoftDemapDynDescr)"
10698370447,668824,224329,1,1,1,32,32,1,30,0.000,0.000,,,,,NVIDIA A100-SXM4-40GB MIG 4g.20gb (0),1,,13,"void convert_kernel<float2, __half2>(tensor_layout_any, T1 *, tensor_layout_any, const T2 *)"
10699390915,18240,224341,2253,1,1,128,1,1,16,0.000,0.000,,,,,NVIDIA A100-SXM4-40GB MIG 4g.20gb (0),1,,13,cupy_copy__float16_float16
10699871646,17632,224350,282,1,1,128,1,1,16,0.000,0.000,,,,,NVIDIA A100-SXM4-40GB MIG 4g.20gb (0),1,,13,cupy_copy__complex64_complex64
10700501911,7104,224359,26,1,1,128,1,1,16,0.000,0.000,,,,,NVIDIA A100-SXM4-40GB MIG 4g.20gb (0),1,,13,cupy_copy__float32_float32
10701079536,10336,224368,103,1,1,128,1,1,16,0.000,0.000,,,,,NVIDIA A100-SXM4-40GB MIG 4g.20gb (0),1,,13,cupy_copy__complex64_complex64
10701753033,20095,224378,1434,1,1,128,1,1,16,0.000,0.000,,,,,NVIDIA A100-SXM4-40GB MIG 4g.20gb (0),1,,13,cupy_copy__complex64_complex64
10702381217,267677,224383,1,1,1,32,32,1,30,0.000,0.000,,,,,NVIDIA A100-SXM4-40GB MIG 4g.20gb (0),1,,13,"void convert_kernel<__half2, float2>(tensor_layout_any, T1 *, tensor_layout_any, const T2 *)"
10702679934,9216,224386,,,,,,,,,,0.094,10166.578,Pinned,Device,NVIDIA A100-SXM4-40GB MIG 4g.20gb (0),1,,13,[CUDA memcpy Host-to-Device]
10703374006,611513,224387,,,,,,,,,,456.561,746477.954,Device,,NVIDIA A100-SXM4-40GB MIG 4g.20gb (0),1,,13,[CUDA memset]
10703990735,59423,224392,,,,,,,,,,1.235,20781.638,Pinned,Device,NVIDIA A100-SXM4-40GB MIG 4g.20gb (0),1,,13,[CUDA memcpy Host-to-Device]
10704052878,12384,224393,,,,,,,,,,0.197,15875.899,Pinned,Device,NVIDIA A100-SXM4-40GB MIG 4g.20gb (0),1,,13,[CUDA memcpy Host-to-Device]
10704697159,12832,224394,69,4,1,48,1,1,76,0.002,0.000,,,,,NVIDIA A100-SXM4-40GB MIG 4g.20gb (0),1,,13,"void ch_est::windowedChEstPreNoDftSOfdmKernel<float, __half, float, (unsigned int)2, (unsigned int)1, (unsigned short)4>(ch_est::puschRxChEstStatDescr_t *, ch_est::puschRxChEstDynDescr_t *)"
10705270785,23551,224395,137,2,1,24,2,1,44,0.001,0.001,,,,,NVIDIA A100-SXM4-40GB MIG 4g.20gb (0),1,,13,"void ch_est::chEstFilterNoDftSOfdmDispatchKernel<float, __half, float, (unsigned int)2>(ch_est::puschRxChEstStatDescr_t *, ch_est::puschRxChEstDynDescr_t *)"
10705992408,25472,224396,137,2,1,24,2,1,44,0.001,0.001,,,,,NVIDIA A100-SXM4-40GB MIG 4g.20gb (0),1,,13,"void ch_est::chEstFilterNoDftSOfdmDispatchKernel<float, __half, float, (unsigned int)2>(ch_est::puschRxChEstStatDescr_t *, ch_est::puschRxChEstDynDescr_t *)"
10706673969,10368,224407,103,1,1,128,1,1,16,0.000,0.000,,,,,NVIDIA A100-SXM4-40GB MIG 4g.20gb (0),1,,13,cupy_copy__complex64_complex64
10707297738,24255,224417,1434,1,1,128,1,1,16,0.000,0.000,,,,,NVIDIA A100-SXM4-40GB MIG 4g.20gb (0),1,,13,cupy_copy__complex64_complex64
10707672869,6688,224424,103,1,1,128,1,1,16,0.000,0.000,,,,,NVIDIA A100-SXM4-40GB MIG 4g.20gb (0),1,,13,cupy_copy__complex64_complex64
10707923907,230109,224431,1,1,1,32,32,1,30,0.000,0.000,,,,,NVIDIA A100-SXM4-40GB MIG 4g.20gb (0),1,,13,"void convert_kernel<__half2, float2>(tensor_layout_any, T1 *, tensor_layout_any, const T2 *)"
10708184928,5472,224434,,,,,,,,,,0.094,17122.757,Pinned,Device,NVIDIA A100-SXM4-40GB MIG 4g.20gb (0),1,,13,[CUDA memcpy Host-to-Device]
10708405373,62463,224435,,,,,,,,,,35.810,573281.009,Device,,NVIDIA A100-SXM4-40GB MIG 4g.20gb (0),1,,13,[CUDA memset]
10708469660,4224,224437,,,,,,,,,,0.000,18.939,Pinned,Device,NVIDIA A100-SXM4-40GB MIG 4g.20gb (0),1,,13,[CUDA memcpy Host-to-Device]
10708477756,12096,224438,,,,,,,,,,0.197,16253.780,Pinned,Device,NVIDIA A100-SXM4-40GB MIG 4g.20gb (0),1,,13,[CUDA memcpy Host-to-Device]
10708945655,31648,224439,273,1,1,48,1,1,40,0.000,0.001,,,,,NVIDIA A100-SXM4-40GB MIG 4g.20gb (0),1,,13,"void pusch_noise_intf_est::noiseIntfEstNoDftSOfdmKernel<float, __half, float, float, (unsigned int)2, (unsigned int)1, (unsigned char)4, (unsigned char)4>(pusch_noise_intf_est::puschRxNoiseIntfEstDynDescr)"
10709425778,7423,224450,35,1,1,128,1,1,16,0.000,0.000,,,,,NVIDIA A100-SXM4-40GB MIG 4g.20gb (0),1,,13,cupy_copy__complex64_complex64
10709844237,6592,224459,1,1,1,1,1,1,18,0.000,0.000,,,,,NVIDIA A100-SXM4-40GB MIG 4g.20gb (0),1,,13,cupy_copy__float32_float32
10709851245,5280,224465,,,,,,,,,,0.000,0.758,Device,Pageable,NVIDIA A100-SXM4-40GB MIG 4g.20gb (0),1,,7,[CUDA memcpy Device-to-Host]
10710411558,18688,224476,1434,1,1,128,1,1,16,0.000,0.000,,,,,NVIDIA A100-SXM4-40GB MIG 4g.20gb (0),1,,13,cupy_copy__complex64_complex64
10710868225,7648,224483,103,1,1,128,1,1,16,0.000,0.000,,,,,NVIDIA A100-SXM4-40GB MIG 4g.20gb (0),1,,13,cupy_copy__complex64_complex64
10711327548,5312,224490,35,1,1,128,1,1,16,0.000,0.000,,,,,NVIDIA A100-SXM4-40GB MIG 4g.20gb (0),1,,13,cupy_copy__complex64_complex64
10711664088,4928,224497,1,1,1,1,1,1,18,0.000,0.000,,,,,NVIDIA A100-SXM4-40GB MIG 4g.20gb (0),1,,13,cupy_copy__float32_float32
10712080787,234942,224508,1,1,1,32,32,1,30,0.000,0.000,,,,,NVIDIA A100-SXM4-40GB MIG 4g.20gb (0),1,,13,"void convert_kernel<__half2, float2>(tensor_layout_any, T1 *, tensor_layout_any, const T2 *)"
10712346256,5472,224511,,,,,,,,,,0.094,17122.757,Pinned,Device,NVIDIA A100-SXM4-40GB MIG 4g.20gb (0),1,,13,[CUDA memcpy Host-to-Device]
10712749132,17920,224512,,,,,,,,,,1.547,86306.259,Device,,NVIDIA A100-SXM4-40GB MIG 4g.20gb (0),1,,13,[CUDA memset]
10712775020,4287,224517,,,,,,,,,,0.031,7300.199,Pinned,Device,NVIDIA A100-SXM4-40GB MIG 4g.20gb (0),1,,13,[CUDA memcpy Host-to-Device]
10712785227,10368,224518,,,,,,,,,,0.197,18962.842,Pinned,Device,NVIDIA A100-SXM4-40GB MIG 4g.20gb (0),1,,13,[CUDA memcpy Host-to-Device]
10713345445,19680,224519,273,1,1,8,4,1,39,0.002,0.000,,,,,NVIDIA A100-SXM4-40GB MIG 4g.20gb (0),1,,13,"void channel_eq::eqMmseCoefCompLowMimoKernel<float, float, float, (unsigned int)4, (unsigned int)1, (unsigned int)4>(const channel_eq::_puschRxChEqStatDescr *, channel_eq::_puschRxChEqCoefCompDynDescr)"
10713836767,19424,224520,273,1,1,12,11,1,51,0.002,0.000,,,,,NVIDIA A100-SXM4-40GB MIG 4g.20gb (0),1,,13,"void channel_eq::eqMmseSoftDemapKernel<float, __half, __half, float, (unsigned int)4, (unsigned short)16383>(channel_eq::_puschRxChEqStatDescr *, channel_eq::_puschRxChEqSoftDemapDynDescr)"
10714393241,574522,224521,1,1,1,32,32,1,30,0.000,0.000,,,,,NVIDIA A100-SXM4-40GB MIG 4g.20gb (0),1,,13,"void convert_kernel<float2, __half2>(tensor_layout_any, T1 *, tensor_layout_any, const T2 *)"
10715573036,26655,224533,2253,1,1,128,1,1,16,0.000,0.000,,,,,NVIDIA A100-SXM4-40GB MIG 4g.20gb (0),1,,13,cupy_copy__float16_float16
10716169989,15936,224542,282,1,1,128,1,1,16,0.000,0.000,,,,,NVIDIA A100-SXM4-40GB MIG 4g.20gb (0),1,,13,cupy_copy__complex64_complex64
10716737919,5856,224551,26,1,1,128,1,1,16,0.000,0.000,,,,,NVIDIA A100-SXM4-40GB MIG 4g.20gb (0),1,,13,cupy_copy__float32_float32
10717195065,12832,224560,103,1,1,128,1,1,16,0.000,0.000,,,,,NVIDIA A100-SXM4-40GB MIG 4g.20gb (0),1,,13,cupy_copy__complex64_complex64
10717775475,24256,224570,1434,1,1,128,1,1,16,0.000,0.000,,,,,NVIDIA A100-SXM4-40GB MIG 4g.20gb (0),1,,13,cupy_copy__complex64_complex64
10718284237,267453,224575,1,1,1,32,32,1,30,0.000,0.000,,,,,NVIDIA A100-SXM4-40GB MIG 4g.20gb (0),1,,13,"void convert_kernel<__half2, float2>(tensor_layout_any, T1 *, tensor_layout_any, const T2 *)"
10718582282,5600,224578,,,,,,,,,,0.094,16731.388,Pinned,Device,NVIDIA A100-SXM4-40GB MIG 4g.20gb (0),1,,13,[CUDA memcpy Host-to-Device]
10719058884,621529,224579,,,,,,,,,,456.561,734150.796,Device,,NVIDIA A100-SXM4-40GB MIG 4g.20gb (0),1,,13,[CUDA memset]
10719684029,65151,224584,,,,,,,,,,1.235,18953.921,Pinned,Device,NVIDIA A100-SXM4-40GB MIG 4g.20gb (0),1,,13,[CUDA memcpy Host-to-Device]
10719751772,9504,224585,,,,,,,,,,0.197,20686.701,Pinned,Device,NVIDIA A100-SXM4-40GB MIG 4g.20gb (0),1,,13,[CUDA memcpy Host-to-Device]
10720266999,27871,224586,69,4,1,48,1,1,76,0.002,0.000,,,,,NVIDIA A100-SXM4-40GB MIG 4g.20gb (0),1,,13,"void ch_est::windowedChEstPreNoDftSOfdmKernel<float, __half, float, (unsigned int)2, (unsigned int)1, (unsigned short)4>(ch_est::puschRxChEstStatDescr_t *, ch_est::puschRxChEstDynDescr_t *)"
10720784081,13568,224587,137,2,1,24,2,1,44,0.001,0.001,,,,,NVIDIA A100-SXM4-40GB MIG 4g.20gb (0),1,,13,"void ch_est::chEstFilterNoDftSOfdmDispatchKernel<float, __half, float, (unsigned int)2>(ch_est::puschRxChEstStatDescr_t *, ch_est::puschRxChEstDynDescr_t *)"
10721381034,12416,224588,137,2,1,24,2,1,44,0.001,0.001,,,,,NVIDIA A100-SXM4-40GB MIG 4g.20gb (0),1,,13,"void ch_est::chEstFilterNoDftSOfdmDispatchKernel<float, __half, float, (unsigned int)2>(ch_est::puschRxChEstStatDescr_t *, ch_est::puschRxChEstDynDescr_t *)"
10721872036,9920,224599,103,1,1,128,1,1,16,0.000,0.000,,,,,NVIDIA A100-SXM4-40GB MIG 4g.20gb (0),1,,13,cupy_copy__complex64_complex64
10722410270,21344,224609,1434,1,1,128,1,1,16,0.000,0.000,,,,,NVIDIA A100-SXM4-40GB MIG 4g.20gb (0),1,,13,cupy_copy__complex64_complex64
10722889913,6176,224616,103,1,1,128,1,1,16,0.000,0.000,,,,,NVIDIA A100-SXM4-40GB MIG 4g.20gb (0),1,,13,cupy_copy__complex64_complex64
10723242549,237469,224623,1,1,1,32,32,1,30,0.000,0.000,,,,,NVIDIA A100-SXM4-40GB MIG 4g.20gb (0),1,,13,"void convert_kernel<__half2, float2>(tensor_layout_any, T1 *, tensor_layout_any, const T2 *)"
10723520978,5536,224626,,,,,,,,,,0.094,16924.777,Pinned,Device,NVIDIA A100-SXM4-40GB MIG 4g.20gb (0),1,,13,[CUDA memcpy Host-to-Device]
10723838222,66175,224627,,,,,,,,,,35.810,541123.701,Device,,NVIDIA A100-SXM4-40GB MIG 4g.20gb (0),1,,13,[CUDA memset]
10723913357,2464,224629,,,,,,,,,,0.000,32.468,Pinned,Device,NVIDIA A100-SXM4-40GB MIG 4g.20gb (0),1,,13,[CUDA memcpy Host-to-Device]
10723922413,13024,224630,,,,,,,,,,0.197,15095.759,Pinned,Device,NVIDIA A100-SXM4-40GB MIG 4g.20gb (0),1,,13,[CUDA memcpy Host-to-Device]
10724622533,31424,224631,273,1,1,48,1,1,40,0.000,0.001,,,,,NVIDIA A100-SXM4-40GB MIG 4g.20gb (0),1,,13,"void pusch_noise_intf_est::noiseIntfEstNoDftSOfdmKernel<float, __half, float, float, (unsigned int)2, (unsigned int)1, (unsigned char)4, (unsigned char)4>(pusch_noise_intf_est::puschRxNoiseIntfEstDynDescr)"
10725042816,10816,224642,35,1,1,128,1,1,16,0.000,0.000,,,,,NVIDIA A100-SXM4-40GB MIG 4g.20gb (0),1,,13,cupy_copy__complex64_complex64
10725624378,5024,224651,1,1,1,1,1,1,18,0.000,0.000,,,,,NVIDIA A100-SXM4-40GB MIG 4g.20gb (0),1,,13,cupy_copy__float32_float32
10725637882,3712,224657,,,,,,,,,,0.000,1.078,Device,Pageable,NVIDIA A100-SXM4-40GB MIG 4g.20gb (0),1,,7,[CUDA memcpy Device-to-Host]
10726148436,19488,224668,1434,1,1,128,1,1,16,0.000,0.000,,,,,NVIDIA A100-SXM4-40GB MIG 4g.20gb (0),1,,13,cupy_copy__complex64_complex64
10726728269,17088,224675,103,1,1,128,1,1,16,0.000,0.000,,,,,NVIDIA A100-SXM4-40GB MIG 4g.20gb (0),1,,13,cupy_copy__complex64_complex64
10727097257,6848,224682,35,1,1,128,1,1,16,0.000,0.000,,,,,NVIDIA A100-SXM4-40GB MIG 4g.20gb (0),1,,13,cupy_copy__complex64_complex64
10727484229,6528,224689,1,1,1,1,1,1,18,0.000,0.000,,,,,NVIDIA A100-SXM4-40GB MIG 4g.20gb (0),1,,13,cupy_copy__float32_float32
10728019423,251421,224700,1,1,1,32,32,1,30,0.000,0.000,,,,,NVIDIA A100-SXM4-40GB MIG 4g.20gb (0),1,,13,"void convert_kernel<__half2, float2>(tensor_layout_any, T1 *, tensor_layout_any, const T2 *)"
10728302107,5760,224703,,,,,,,,,,0.094,16266.656,Pinned,Device,NVIDIA A100-SXM4-40GB MIG 4g.20gb (0),1,,13,[CUDA memcpy Host-to-Device]
10728729239,18399,224704,,,,,,,,,,1.547,84059.014,Device,,NVIDIA A100-SXM4-40GB MIG 4g.20gb (0),1,,13,[CUDA memset]
10728753846,3616,224709,,,,,,,,,,0.031,8654.846,Pinned,Device,NVIDIA A100-SXM4-40GB MIG 4g.20gb (0),1,,13,[CUDA memcpy Host-to-Device]
10728763862,10688,224710,,,,,,,,,,0.197,18395.038,Pinned,Device,NVIDIA A100-SXM4-40GB MIG 4g.20gb (0),1,,13,[CUDA memcpy Host-to-Device]
10729341168,30047,224711,273,1,1,8,4,1,39,0.002,0.000,,,,,NVIDIA A100-SXM4-40GB MIG 4g.20gb (0),1,,13,"void channel_eq::eqMmseCoefCompLowMimoKernel<float, float, float, (unsigned int)4, (unsigned int)1, (unsigned int)4>(const channel_eq::_puschRxChEqStatDescr *, channel_eq::_puschRxChEqCoefCompDynDescr)"
10729870762,23071,224712,273,1,1,12,11,1,51,0.002,0.000,,,,,NVIDIA A100-SXM4-40GB MIG 4g.20gb (0),1,,13,"void channel_eq::eqMmseSoftDemapKernel<float, __half, __half, float, (unsigned int)4, (unsigned short)16383>(channel_eq::_puschRxChEqStatDescr *, channel_eq::_puschRxChEqSoftDemapDynDescr)"
10730512322,662105,224713,1,1,1,32,32,1,30,0.000,0.000,,,,,NVIDIA A100-SXM4-40GB MIG 4g.20gb (0),1,,13,"void convert_kernel<float2, __half2>(tensor_layout_any, T1 *, tensor_layout_any, const T2 *)"
10731757172,17312,224725,2253,1,1,128,1,1,16,0.000,0.000,,,,,NVIDIA A100-SXM4-40GB MIG 4g.20gb (0),1,,13,cupy_copy__float16_float16
10732396973,10304,224734,282,1,1,128,1,1,16,0.000,0.000,,,,,NVIDIA A100-SXM4-40GB MIG 4g.20gb (0),1,,13,cupy_copy__complex64_complex64
10733089413,5568,224743,26,1,1,128,1,1,16,0.000,0.000,,,,,NVIDIA A100-SXM4-40GB MIG 4g.20gb (0),1,,13,cupy_copy__float32_float32
10733567008,18015,224752,103,1,1,128,1,1,16,0.000,0.000,,,,,NVIDIA A100-SXM4-40GB MIG 4g.20gb (0),1,,13,cupy_copy__complex64_complex64
10734099546,21119,224762,1434,1,1,128,1,1,16,0.000,0.000,,,,,NVIDIA A100-SXM4-40GB MIG 4g.20gb (0),1,,13,cupy_copy__complex64_complex64
10734475477,245022,224767,1,1,1,32,32,1,30,0.000,0.000,,,,,NVIDIA A100-SXM4-40GB MIG 4g.20gb (0),1,,13,"void convert_kernel<__half2, float2>(tensor_layout_any, T1 *, tensor_layout_any, const T2 *)"
10734751826,11840,224770,,,,,,,,,,0.094,7913.470,Pinned,Device,NVIDIA A100-SXM4-40GB MIG 4g.20gb (0),1,,13,[CUDA memcpy Host-to-Device]
10734949200,615449,224771,,,,,,,,,,456.561,741455.779,Device,,NVIDIA A100-SXM4-40GB MIG 4g.20gb (0),1,,13,[CUDA memset]
10735571817,67455,224776,,,,,,,,,,1.235,18306.810,Pinned,Device,NVIDIA A100-SXM4-40GB MIG 4g.20gb (0),1,,13,[CUDA memcpy Host-to-Device]
10735642248,9664,224777,,,,,,,,,,0.197,20344.209,Pinned,Device,NVIDIA A100-SXM4-40GB MIG 4g.20gb (0),1,,13,[CUDA memcpy Host-to-Device]
10736147906,26784,224778,69,4,1,48,1,1,76,0.002,0.000,,,,,NVIDIA A100-SXM4-40GB MIG 4g.20gb (0),1,,13,"void ch_est::windowedChEstPreNoDftSOfdmKernel<float, __half, float, (unsigned int)2, (unsigned int)1, (unsigned short)4>(ch_est::puschRxChEstStatDescr_t *, ch_est::puschRxChEstDynDescr_t *)"
10736690300,13024,224779,137,2,1,24,2,1,44,0.001,0.001,,,,,NVIDIA A100-SXM4-40GB MIG 4g.20gb (0),1,,13,"void ch_est::chEstFilterNoDftSOfdmDispatchKernel<float, __half, float, (unsigned int)2>(ch_est::puschRxChEstStatDescr_t *, ch_est::puschRxChEstDynDescr_t *)"
10737261782,24192,224780,137,2,1,24,2,1,44,0.001,0.001,,,,,NVIDIA A100-SXM4-40GB MIG 4g.20gb (0),1,,13,"void ch_est::chEstFilterNoDftSOfdmDispatchKernel<float, __half, float, (unsigned int)2>(ch_est::puschRxChEstStatDescr_t *, ch_est::puschRxChEstDynDescr_t *)"
10737799440,15712,224791,103,1,1,128,1,1,16,0.000,0.000,,,,,NVIDIA A100-SXM4-40GB MIG 4g.20gb (0),1,,13,cupy_copy__complex64_complex64
10738360489,22208,224801,1434,1,1,128,1,1,16,0.000,0.000,,,,,NVIDIA A100-SXM4-40GB MIG 4g.20gb (0),1,,13,cupy_copy__complex64_complex64
10738813124,7072,224808,103,1,1,128,1,1,16,0.000,0.000,,,,,NVIDIA A100-SXM4-40GB MIG 4g.20gb (0),1,,13,cupy_copy__complex64_complex64
10739336158,248893,224815,1,1,1,32,32,1,30,0.000,0.000,,,,,NVIDIA A100-SXM4-40GB MIG 4g.20gb (0),1,,13,"void convert_kernel<__half2, float2>(tensor_layout_any, T1 *, tensor_layout_any, const T2 *)"
10739617179,5664,224818,,,,,,,,,,0.094,16542.310,Pinned,Device,NVIDIA A100-SXM4-40GB MIG 4g.20gb (0),1,,13,[CUDA memcpy Host-to-Device]
10740106870,65599,224819,,,,,,,,,,35.810,545886.420,Device,,NVIDIA A100-SXM4-40GB MIG 4g.20gb (0),1,,13,[CUDA memset]
10740180117,5632,224821,,,,,,,,,,0.000,14.204,Pinned,Device,NVIDIA A100-SXM4-40GB MIG 4g.20gb (0),1,,13,[CUDA memcpy Host-to-Device]
10740190133,17119,224822,,,,,,,,,,0.197,11484.660,Pinned,Device,NVIDIA A100-SXM4-40GB MIG 4g.20gb (0),1,,13,[CUDA memcpy Host-to-Device]
10740851917,33984,224823,273,1,1,48,1,1,40,0.000,0.001,,,,,NVIDIA A100-SXM4-40GB MIG 4g.20gb (0),1,,13,"void pusch_noise_intf_est::noiseIntfEstNoDftSOfdmKernel<float, __half, float, float, (unsigned int)2, (unsigned int)1, (unsigned char)4, (unsigned char)4>(pusch_noise_intf_est::puschRxNoiseIntfEstDynDescr)"
10741550821,7776,224834,35,1,1,128,1,1,16,0.000,0.000,,,,,NVIDIA A100-SXM4-40GB MIG 4g.20gb (0),1,,13,cupy_copy__complex64_complex64
10742158334,4576,224843,1,1,1,1,1,1,18,0.000,0.000,,,,,NVIDIA A100-SXM4-40GB MIG 4g.20gb (0),1,,13,cupy_copy__float32_float32
10742167646,5024,224849,,,,,,,,,,0.000,0.796,Device,Pageable,NVIDIA A100-SXM4-40GB MIG 4g.20gb (0),1,,7,[CUDA memcpy Device-to-Host]
10742732024,21407,224860,1434,1,1,128,1,1,16,0.000,0.000,,,,,NVIDIA A100-SXM4-40GB MIG 4g.20gb (0),1,,13,cupy_copy__complex64_complex64
10743319185,8096,224867,103,1,1,128,1,1,16,0.000,0.000,,,,,NVIDIA A100-SXM4-40GB MIG 4g.20gb (0),1,,13,cupy_copy__complex64_complex64
10743811531,9024,224874,35,1,1,128,1,1,16,0.000,0.000,,,,,NVIDIA A100-SXM4-40GB MIG 4g.20gb (0),1,,13,cupy_copy__complex64_complex64
10744342437,3872,224881,1,1,1,1,1,1,18,0.000,0.000,,,,,NVIDIA A100-SXM4-40GB MIG 4g.20gb (0),1,,13,cupy_copy__float32_float32
10744799776,298653,224892,1,1,1,32,32,1,30,0.000,0.000,,,,,NVIDIA A100-SXM4-40GB MIG 4g.20gb (0),1,,13,"void convert_kernel<__half2, float2>(tensor_layout_any, T1 *, tensor_layout_any, const T2 *)"
10745132477,5567,224895,,,,,,,,,,0.094,16830.519,Pinned,Device,NVIDIA A100-SXM4-40GB MIG 4g.20gb (0),1,,13,[CUDA memcpy Host-to-Device]
10745640247,9760,224896,,,,,,,,,,1.547,158465.548,Device,,NVIDIA A100-SXM4-40GB MIG 4g.20gb (0),1,,13,[CUDA memset]
10745655383,3168,224901,,,,,,,,,,0.031,9878.770,Pinned,Device,NVIDIA A100-SXM4-40GB MIG 4g.20gb (0),1,,13,[CUDA memcpy Host-to-Device]
10745662774,9760,224902,,,,,,,,,,0.197,20144.259,Pinned,Device,NVIDIA A100-SXM4-40GB MIG 4g.20gb (0),1,,13,[CUDA memcpy Host-to-Device]
10746139153,37376,224903,273,1,1,8,4,1,39,0.002,0.000,,,,,NVIDIA A100-SXM4-40GB MIG 4g.20gb (0),1,,13,"void channel_eq::eqMmseCoefCompLowMimoKernel<float, float, float, (unsigned int)4, (unsigned int)1, (unsigned int)4>(const channel_eq::_puschRxChEqStatDescr *, channel_eq::_puschRxChEqCoefCompDynDescr)"
10746629452,25791,224904,273,1,1,12,11,1,51,0.002,0.000,,,,,NVIDIA A100-SXM4-40GB MIG 4g.20gb (0),1,,13,"void channel_eq::eqMmseSoftDemapKernel<float, __half, __half, float, (unsigned int)4, (unsigned short)16383>(channel_eq::_puschRxChEqStatDescr *, channel_eq::_puschRxChEqSoftDemapDynDescr)"
10747052487,658712,224905,1,1,1,32,32,1,30,0.000,0.000,,,,,NVIDIA A100-SXM4-40GB MIG 4g.20gb (0),1,,13,"void convert_kernel<float2, __half2>(tensor_layout_any, T1 *, tensor_layout_any, const T2 *)"
10748148602,23552,224917,2253,1,1,128,1,1,16,0.000,0.000,,,,,NVIDIA A100-SXM4-40GB MIG 4g.20gb (0),1,,13,cupy_copy__float16_float16
10748586933,16864,224926,282,1,1,128,1,1,16,0.000,0.000,,,,,NVIDIA A100-SXM4-40GB MIG 4g.20gb (0),1,,13,cupy_copy__complex64_complex64
10748937233,6048,224935,26,1,1,128,1,1,16,0.000,0.000,,,,,NVIDIA A100-SXM4-40GB MIG 4g.20gb (0),1,,13,cupy_copy__float32_float32
10749321997,11072,224944,103,1,1,128,1,1,16,0.000,0.000,,,,,NVIDIA A100-SXM4-40GB MIG 4g.20gb (0),1,,13,cupy_copy__complex64_complex64
10749757416,22208,224954,1434,1,1,128,1,1,16,0.000,0.000,,,,,NVIDIA A100-SXM4-40GB MIG 4g.20gb (0),1,,13,cupy_copy__complex64_complex64
10750305762,258301,224959,1,1,1,32,32,1,30,0.000,0.000,,,,,NVIDIA A100-SXM4-40GB MIG 4g.20gb (0),1,,13,"void convert_kernel<__half2, float2>(tensor_layout_any, T1 *, tensor_layout_any, const T2 *)"
10750595839,8223,224962,,,,,,,,,,0.094,11394.371,Pinned,Device,NVIDIA A100-SXM4-40GB MIG 4g.20gb (0),1,,13,[CUDA memcpy Host-to-Device]
10751063993,618521,224963,,,,,,,,,,456.561,737803.287,Device,,NVIDIA A100-SXM4-40GB MIG 4g.20gb (0),1,,13,[CUDA memset]
10751691186,60447,224968,,,,,,,,,,1.235,20429.679,Pinned,Device,NVIDIA A100-SXM4-40GB MIG 4g.20gb (0),1,,13,[CUDA memcpy Host-to-Device]
10751754193,9728,224969,,,,,,,,,,0.197,20210.516,Pinned,Device,NVIDIA A100-SXM4-40GB MIG 4g.20gb (0),1,,13,[CUDA memcpy Host-to-Device]
10752305579,25120,224970,69,4,1,48,1,1,76,0.002,0.000,,,,,NVIDIA A100-SXM4-40GB MIG 4g.20gb (0),1,,13,"void ch_est::windowedChEstPreNoDftSOfdmKernel<float, __half, float, (unsigned int)2, (unsigned int)1, (unsigned short)4>(ch_est::puschRxChEstStatDescr_t *, ch_est::puschRxChEstDynDescr_t *)"
10752912388,29888,224971,137,2,1,24,2,1,44,0.001,0.001,,,,,NVIDIA A100-SXM4-40GB MIG 4g.20gb (0),1,,13,"void ch_est::chEstFilterNoDftSOfdmDispatchKernel<float, __half, float, (unsigned int)2>(ch_est::puschRxChEstStatDescr_t *, ch_est::puschRxChEstDynDescr_t *)"
10753545757,26144,224972,137,2,1,24,2,1,44,0.001,0.001,,,,,NVIDIA A100-SXM4-40GB MIG 4g.20gb (0),1,,13,"void ch_est::chEstFilterNoDftSOfdmDispatchKernel<float, __half, float, (unsigned int)2>(ch_est::puschRxChEstStatDescr_t *, ch_est::puschRxChEstDynDescr_t *)"
10754154262,8672,224983,103,1,1,128,1,1,16,0.000,0.000,,,,,NVIDIA A100-SXM4-40GB MIG 4g.20gb (0),1,,13,cupy_copy__complex64_complex64
10754736080,25823,224993,1434,1,1,128,1,1,16,0.000,0.000,,,,,NVIDIA A100-SXM4-40GB MIG 4g.20gb (0),1,,13,cupy_copy__complex64_complex64
10755384072,8064,225000,103,1,1,128,1,1,16,0.000,0.000,,,,,NVIDIA A100-SXM4-40GB MIG 4g.20gb (0),1,,13,cupy_copy__complex64_complex64
10755878147,266269,225007,1,1,1,32,32,1,30,0.000,0.000,,,,,NVIDIA A100-SXM4-40GB MIG 4g.20gb (0),1,,13,"void convert_kernel<__half2, float2>(tensor_layout_any, T1 *, tensor_layout_any, const T2 *)"
10756177759,5568,225010,,,,,,,,,,0.094,16827.521,Pinned,Device,NVIDIA A100-SXM4-40GB MIG 4g.20gb (0),1,,13,[CUDA memcpy Host-to-Device]
10756650458,62559,225011,,,,,,,,,,35.810,572385.761,Device,,NVIDIA A100-SXM4-40GB MIG 4g.20gb (0),1,,13,[CUDA memset]
10756717529,2016,225013,,,,,,,,,,0.000,39.682,Pinned,Device,NVIDIA A100-SXM4-40GB MIG 4g.20gb (0),1,,13,[CUDA memcpy Host-to-Device]
10756722009,12768,225014,,,,,,,,,,0.197,15398.339,Pinned,Device,NVIDIA A100-SXM4-40GB MIG 4g.20gb (0),1,,13,[CUDA memcpy Host-to-Device]
10757334706,29536,225015,273,1,1,48,1,1,40,0.000,0.001,,,,,NVIDIA A100-SXM4-40GB MIG 4g.20gb (0),1,,13,"void pusch_noise_intf_est::noiseIntfEstNoDftSOfdmKernel<float, __half, float, float, (unsigned int)2, (unsigned int)1, (unsigned char)4, (unsigned char)4>(pusch_noise_intf_est::puschRxNoiseIntfEstDynDescr)"
10757963403,8928,225026,35,1,1,128,1,1,16,0.000,0.000,,,,,NVIDIA A100-SXM4-40GB MIG 4g.20gb (0),1,,13,cupy_copy__complex64_complex64
10758407238,5248,225035,1,1,1,1,1,1,18,0.000,0.000,,,,,NVIDIA A100-SXM4-40GB MIG 4g.20gb (0),1,,13,cupy_copy__float32_float32
10758416902,2048,225041,,,,,,,,,,0.000,1.953,Device,Pageable,NVIDIA A100-SXM4-40GB MIG 4g.20gb (0),1,,7,[CUDA memcpy Device-to-Host]
10758923936,18816,225052,1434,1,1,128,1,1,16,0.000,0.000,,,,,NVIDIA A100-SXM4-40GB MIG 4g.20gb (0),1,,13,cupy_copy__complex64_complex64
10759383291,9728,225059,103,1,1,128,1,1,16,0.000,0.000,,,,,NVIDIA A100-SXM4-40GB MIG 4g.20gb (0),1,,13,cupy_copy__complex64_complex64
10759781494,17184,225066,35,1,1,128,1,1,16,0.000,0.000,,,,,NVIDIA A100-SXM4-40GB MIG 4g.20gb (0),1,,13,cupy_copy__complex64_complex64
10760181234,4160,225073,1,1,1,1,1,1,18,0.000,0.000,,,,,NVIDIA A100-SXM4-40GB MIG 4g.20gb (0),1,,13,cupy_copy__float32_float32
10760450799,235933,225084,1,1,1,32,32,1,30,0.000,0.000,,,,,NVIDIA A100-SXM4-40GB MIG 4g.20gb (0),1,,13,"void convert_kernel<__half2, float2>(tensor_layout_any, T1 *, tensor_layout_any, const T2 *)"
10760722796,5568,225087,,,,,,,,,,0.094,16827.521,Pinned,Device,NVIDIA A100-SXM4-40GB MIG 4g.20gb (0),1,,13,[CUDA memcpy Host-to-Device]
10760934697,8544,225088,,,,,,,,,,1.547,181018.420,Device,,NVIDIA A100-SXM4-40GB MIG 4g.20gb (0),1,,13,[CUDA memset]
10760949609,3392,225093,,,,,,,,,,0.031,9226.405,Pinned,Device,NVIDIA A100-SXM4-40GB MIG 4g.20gb (0),1,,13,[CUDA memcpy Host-to-Device]
10760955465,10944,225094,,,,,,,,,,0.197,17964.859,Pinned,Device,NVIDIA A100-SXM4-40GB MIG 4g.20gb (0),1,,13,[CUDA memcpy Host-to-Device]
10761515971,19487,225095,273,1,1,8,4,1,39,0.002,0.000,,,,,NVIDIA A100-SXM4-40GB MIG 4g.20gb (0),1,,13,"void channel_eq::eqMmseCoefCompLowMimoKernel<float, float, float, (unsigned int)4, (unsigned int)1, (unsigned int)4>(const channel_eq::_puschRxChEqStatDescr *, channel_eq::_puschRxChEqCoefCompDynDescr)"
10762090204,19744,225096,273,1,1,12,11,1,51,0.002,0.000,,,,,NVIDIA A100-SXM4-40GB MIG 4g.20gb (0),1,,13,"void channel_eq::eqMmseSoftDemapKernel<float, __half, __half, float, (unsigned int)4, (unsigned short)16383>(channel_eq::_puschRxChEqStatDescr *, channel_eq::_puschRxChEqSoftDemapDynDescr)"
10762583767,656152,225097,1,1,1,32,32,1,30,0.000,0.000,,,,,NVIDIA A100-SXM4-40GB MIG 4g.20gb (0),1,,13,"void convert_kernel<float2, __half2>(tensor_layout_any, T1 *, tensor_layout_any, const T2 *)"
10763706954,16064,225109,2253,1,1,128,1,1,16,0.000,0.000,,,,,NVIDIA A100-SXM4-40GB MIG 4g.20gb (0),1,,13,cupy_copy__float16_float16
10764296899,7168,225118,282,1,1,128,1,1,16,0.000,0.000,,,,,NVIDIA A100-SXM4-40GB MIG 4g.20gb (0),1,,13,cupy_copy__complex64_complex64
10764836317,5056,225127,26,1,1,128,1,1,16,0.000,0.000,,,,,NVIDIA A100-SXM4-40GB MIG 4g.20gb (0),1,,13,cupy_copy__float32_float32
10765323863,20064,225136,103,1,1,128,1,1,16,0.000,0.000,,,,,NVIDIA A100-SXM4-40GB MIG 4g.20gb (0),1,,13,cupy_copy__complex64_complex64
10765906001,21120,225152,1434,1,1,128,1,1,16,0.000,0.000,,,,,NVIDIA A100-SXM4-40GB MIG 4g.20gb (0),1,,13,cupy_copy__complex64_complex64
10766420907,263453,225157,1,1,1,32,32,1,30,0.000,0.000,,,,,NVIDIA A100-SXM4-40GB MIG 4g.20gb (0),1,,13,"void convert_kernel<__half2, float2>(tensor_layout_any, T1 *, tensor_layout_any, const T2 *)"
10766714568,5920,225160,,,,,,,,,,0.094,15826.941,Pinned,Device,NVIDIA A100-SXM4-40GB MIG 4g.20gb (0),1,,13,[CUDA memcpy Host-to-Device]
10767259970,612313,225161,,,,,,,,,,456.561,745564.832,Device,,NVIDIA A100-SXM4-40GB MIG 4g.20gb (0),1,,13,[CUDA memset]
10767873339,76383,225166,,,,,,,,,,1.235,16166.652,Pinned,Device,NVIDIA A100-SXM4-40GB MIG 4g.20gb (0),1,,13,[CUDA memcpy Host-to-Device]
10767955834,16671,225167,,,,,,,,,,0.197,11793.334,Pinned,Device,NVIDIA A100-SXM4-40GB MIG 4g.20gb (0),1,,13,[CUDA memcpy Host-to-Device]
10768500915,19008,225168,69,4,1,48,1,1,76,0.002,0.000,,,,,NVIDIA A100-SXM4-40GB MIG 4g.20gb (0),1,,13,"void ch_est::windowedChEstPreNoDftSOfdmKernel<float, __half, float, (unsigned int)2, (unsigned int)1, (unsigned short)4>(ch_est::puschRxChEstStatDescr_t *, ch_est::puschRxChEstDynDescr_t *)"
10769148652,19360,225169,137,2,1,24,2,1,44,0.001,0.001,,,,,NVIDIA A100-SXM4-40GB MIG 4g.20gb (0),1,,13,"void ch_est::chEstFilterNoDftSOfdmDispatchKernel<float, __half, float, (unsigned int)2>(ch_est::puschRxChEstStatDescr_t *, ch_est::puschRxChEstDynDescr_t *)"
10769745413,19744,225170,137,2,1,24,2,1,44,0.001,0.001,,,,,NVIDIA A100-SXM4-40GB MIG 4g.20gb (0),1,,13,"void ch_est::chEstFilterNoDftSOfdmDispatchKernel<float, __half, float, (unsigned int)2>(ch_est::puschRxChEstStatDescr_t *, ch_est::puschRxChEstDynDescr_t *)"
10770292607,6688,225181,103,1,1,128,1,1,16,0.000,0.000,,,,,NVIDIA A100-SXM4-40GB MIG 4g.20gb (0),1,,13,cupy_copy__complex64_complex64
10770793785,22752,225191,1434,1,1,128,1,1,16,0.000,0.000,,,,,NVIDIA A100-SXM4-40GB MIG 4g.20gb (0),1,,13,cupy_copy__complex64_complex64
10771263284,18080,225198,103,1,1,128,1,1,16,0.000,0.000,,,,,NVIDIA A100-SXM4-40GB MIG 4g.20gb (0),1,,13,cupy_copy__complex64_complex64
10771708559,288637,225205,1,1,1,32,32,1,30,0.000,0.000,,,,,NVIDIA A100-SXM4-40GB MIG 4g.20gb (0),1,,13,"void convert_kernel<__half2, float2>(tensor_layout_any, T1 *, tensor_layout_any, const T2 *)"
10772030635,6848,225208,,,,,,,,,,0.094,13682.239,Pinned,Device,NVIDIA A100-SXM4-40GB MIG 4g.20gb (0),1,,13,[CUDA memcpy Host-to-Device]
10772552965,56416,225209,,,,,,,,,,35.810,634730.832,Device,,NVIDIA A100-SXM4-40GB MIG 4g.20gb (0),1,,13,[CUDA memset]
10772614117,2400,225211,,,,,,,,,,0.000,33.333,Pinned,Device,NVIDIA A100-SXM4-40GB MIG 4g.20gb (0),1,,13,[CUDA memcpy Host-to-Device]
10772619653,13152,225212,,,,,,,,,,0.197,14948.893,Pinned,Device,NVIDIA A100-SXM4-40GB MIG 4g.20gb (0),1,,13,[CUDA memcpy Host-to-Device]
10773155519,19519,225213,273,1,1,48,1,1,40,0.000,0.001,,,,,NVIDIA A100-SXM4-40GB MIG 4g.20gb (0),1,,13,"void pusch_noise_intf_est::noiseIntfEstNoDftSOfdmKernel<float, __half, float, float, (unsigned int)2, (unsigned int)1, (unsigned char)4, (unsigned char)4>(pusch_noise_intf_est::puschRxNoiseIntfEstDynDescr)"
10774014805,7968,225224,35,1,1,128,1,1,16,0.000,0.000,,,,,NVIDIA A100-SXM4-40GB MIG 4g.20gb (0),1,,13,cupy_copy__complex64_complex64
10774522191,4608,225233,1,1,1,1,1,1,18,0.000,0.000,,,,,NVIDIA A100-SXM4-40GB MIG 4g.20gb (0),1,,13,cupy_copy__float32_float32
10774533039,4832,225239,,,,,,,,,,0.000,0.828,Device,Pageable,NVIDIA A100-SXM4-40GB MIG 4g.20gb (0),1,,7,[CUDA memcpy Device-to-Host]
10775382213,19456,225250,1434,1,1,128,1,1,16,0.000,0.000,,,,,NVIDIA A100-SXM4-40GB MIG 4g.20gb (0),1,,13,cupy_copy__complex64_complex64
10776139837,6400,225257,103,1,1,128,1,1,16,0.000,0.000,,,,,NVIDIA A100-SXM4-40GB MIG 4g.20gb (0),1,,13,cupy_copy__complex64_complex64
10776541464,15264,225264,35,1,1,128,1,1,16,0.000,0.000,,,,,NVIDIA A100-SXM4-40GB MIG 4g.20gb (0),1,,13,cupy_copy__complex64_complex64
10777321647,4288,225271,1,1,1,1,1,1,18,0.000,0.000,,,,,NVIDIA A100-SXM4-40GB MIG 4g.20gb (0),1,,13,cupy_copy__float32_float32
10777744747,221437,225282,1,1,1,32,32,1,30,0.000,0.000,,,,,NVIDIA A100-SXM4-40GB MIG 4g.20gb (0),1,,13,"void convert_kernel<__half2, float2>(tensor_layout_any, T1 *, tensor_layout_any, const T2 *)"
10777997768,12352,225285,,,,,,,,,,0.094,7585.441,Pinned,Device,NVIDIA A100-SXM4-40GB MIG 4g.20gb (0),1,,13,[CUDA memcpy Host-to-Device]
10778543970,6655,225286,,,,,,,,,,1.547,232398.815,Device,,NVIDIA A100-SXM4-40GB MIG 4g.20gb (0),1,,13,[CUDA memset]
10778559361,3040,225291,,,,,,,,,,0.031,10294.725,Pinned,Device,NVIDIA A100-SXM4-40GB MIG 4g.20gb (0),1,,13,[CUDA memcpy Host-to-Device]
10778565665,14016,225292,,,,,,,,,,0.197,14027.391,Pinned,Device,NVIDIA A100-SXM4-40GB MIG 4g.20gb (0),1,,13,[CUDA memcpy Host-to-Device]
10779116859,18848,225293,273,1,1,8,4,1,39,0.002,0.000,,,,,NVIDIA A100-SXM4-40GB MIG 4g.20gb (0),1,,13,"void channel_eq::eqMmseCoefCompLowMimoKernel<float, float, float, (unsigned int)4, (unsigned int)1, (unsigned int)4>(const channel_eq::_puschRxChEqStatDescr *, channel_eq::_puschRxChEqCoefCompDynDescr)"
10779929938,24384,225294,273,1,1,12,11,1,51,0.002,0.000,,,,,NVIDIA A100-SXM4-40GB MIG 4g.20gb (0),1,,13,"void channel_eq::eqMmseSoftDemapKernel<float, __half, __half, float, (unsigned int)4, (unsigned short)16383>(channel_eq::_puschRxChEqStatDescr *, channel_eq::_puschRxChEqSoftDemapDynDescr)"
10780798760,583993,225295,1,1,1,32,32,1,30,0.000,0.000,,,,,NVIDIA A100-SXM4-40GB MIG 4g.20gb (0),1,,13,"void convert_kernel<float2, __half2>(tensor_layout_any, T1 *, tensor_layout_any, const T2 *)"
10781875388,17632,225307,2253,1,1,128,1,1,16,0.000,0.000,,,,,NVIDIA A100-SXM4-40GB MIG 4g.20gb (0),1,,13,cupy_copy__float16_float16
10782495093,10720,225316,282,1,1,128,1,1,16,0.000,0.000,,,,,NVIDIA A100-SXM4-40GB MIG 4g.20gb (0),1,,13,cupy_copy__complex64_complex64
10783297452,10111,225325,26,1,1,128,1,1,16,0.000,0.000,,,,,NVIDIA A100-SXM4-40GB MIG 4g.20gb (0),1,,13,cupy_copy__float32_float32
10784105378,8480,225334,103,1,1,128,1,1,16,0.000,0.000,,,,,NVIDIA A100-SXM4-40GB MIG 4g.20gb (0),1,,13,cupy_copy__complex64_complex64
10784959161,21088,225344,1434,1,1,128,1,1,16,0.000,0.000,,,,,NVIDIA A100-SXM4-40GB MIG 4g.20gb (0),1,,13,cupy_copy__complex64_complex64
10785469139,272125,225349,1,1,1,32,32,1,30,0.000,0.000,,,,,NVIDIA A100-SXM4-40GB MIG 4g.20gb (0),1,,13,"void convert_kernel<__half2, float2>(tensor_layout_any, T1 *, tensor_layout_any, const T2 *)"
10785772336,5599,225352,,,,,,,,,,0.094,16734.387,Pinned,Device,NVIDIA A100-SXM4-40GB MIG 4g.20gb (0),1,,13,[CUDA memcpy Host-to-Device]
10786117004,611769,225353,,,,,,,,,,456.561,746021.393,Device,,NVIDIA A100-SXM4-40GB MIG 4g.20gb (0),1,,13,[CUDA memset]
10786732677,66431,225358,,,,,,,,,,1.235,18589.612,Pinned,Device,NVIDIA A100-SXM4-40GB MIG 4g.20gb (0),1,,13,[CUDA memcpy Host-to-Device]
10786801860,9504,225359,,,,,,,,,,0.197,20686.701,Pinned,Device,NVIDIA A100-SXM4-40GB MIG 4g.20gb (0),1,,13,[CUDA memcpy Host-to-Device]
10787255807,18495,225360,69,4,1,48,1,1,76,0.002,0.000,,,,,NVIDIA A100-SXM4-40GB MIG 4g.20gb (0),1,,13,"void ch_est::windowedChEstPreNoDftSOfdmKernel<float, __half, float, (unsigned int)2, (unsigned int)1, (unsigned short)4>(ch_est::puschRxChEstStatDescr_t *, ch_est::puschRxChEstDynDescr_t *)"
10787789433,17887,225361,137,2,1,24,2,1,44,0.001,0.001,,,,,NVIDIA A100-SXM4-40GB MIG 4g.20gb (0),1,,13,"void ch_est::chEstFilterNoDftSOfdmDispatchKernel<float, __half, float, (unsigned int)2>(ch_est::puschRxChEstStatDescr_t *, ch_est::puschRxChEstDynDescr_t *)"
10788308499,18944,225362,137,2,1,24,2,1,44,0.001,0.001,,,,,NVIDIA A100-SXM4-40GB MIG 4g.20gb (0),1,,13,"void ch_est::chEstFilterNoDftSOfdmDispatchKernel<float, __half, float, (unsigned int)2>(ch_est::puschRxChEstStatDescr_t *, ch_est::puschRxChEstDynDescr_t *)"
10788894604,15008,225373,103,1,1,128,1,1,16,0.000,0.000,,,,,NVIDIA A100-SXM4-40GB MIG 4g.20gb (0),1,,13,cupy_copy__complex64_complex64
10789346983,24608,225383,1434,1,1,128,1,1,16,0.000,0.000,,,,,NVIDIA A100-SXM4-40GB MIG 4g.20gb (0),1,,13,cupy_copy__complex64_complex64
10789886049,4576,225390,103,1,1,128,1,1,16,0.000,0.000,,,,,NVIDIA A100-SXM4-40GB MIG 4g.20gb (0),1,,13,cupy_copy__complex64_complex64
10790271548,245182,225397,1,1,1,32,32,1,30,0.000,0.000,,,,,NVIDIA A100-SXM4-40GB MIG 4g.20gb (0),1,,13,"void convert_kernel<__half2, float2>(tensor_layout_any, T1 *, tensor_layout_any, const T2 *)"
10790546937,9216,225400,,,,,,,,,,0.094,10166.578,Pinned,Device,NVIDIA A100-SXM4-40GB MIG 4g.20gb (0),1,,13,[CUDA memcpy Host-to-Device]
10790744951,54848,225401,,,,,,,,,,35.810,652886.461,Device,,NVIDIA A100-SXM4-40GB MIG 4g.20gb (0),1,,13,[CUDA memset]
10790802742,1856,225403,,,,,,,,,,0.000,43.103,Pinned,Device,NVIDIA A100-SXM4-40GB MIG 4g.20gb (0),1,,13,[CUDA memcpy Host-to-Device]
10790810198,13440,225404,,,,,,,,,,0.197,14628.422,Pinned,Device,NVIDIA A100-SXM4-40GB MIG 4g.20gb (0),1,,13,[CUDA memcpy Host-to-Device]
10791368176,19072,225405,273,1,1,48,1,1,40,0.000,0.001,,,,,NVIDIA A100-SXM4-40GB MIG 4g.20gb (0),1,,13,"void pusch_noise_intf_est::noiseIntfEstNoDftSOfdmKernel<float, __half, float, float, (unsigned int)2, (unsigned int)1, (unsigned char)4, (unsigned char)4>(pusch_noise_intf_est::puschRxNoiseIntfEstDynDescr)"
10791962345,8384,225416,35,1,1,128,1,1,16,0.000,0.000,,,,,NVIDIA A100-SXM4-40GB MIG 4g.20gb (0),1,,13,cupy_copy__complex64_complex64
10792506435,4608,225425,1,1,1,1,1,1,18,0.000,0.000,,,,,NVIDIA A100-SXM4-40GB MIG 4g.20gb (0),1,,13,cupy_copy__float32_float32
10792515235,2400,225431,,,,,,,,,,0.000,1.667,Device,Pageable,NVIDIA A100-SXM4-40GB MIG 4g.20gb (0),1,,7,[CUDA memcpy Device-to-Host]
10793131260,18528,225442,1434,1,1,128,1,1,16,0.000,0.000,,,,,NVIDIA A100-SXM4-40GB MIG 4g.20gb (0),1,,13,cupy_copy__complex64_complex64
10793676374,5504,225449,103,1,1,128,1,1,16,0.000,0.000,,,,,NVIDIA A100-SXM4-40GB MIG 4g.20gb (0),1,,13,cupy_copy__complex64_complex64
10794248943,6496,225456,35,1,1,128,1,1,16,0.000,0.000,,,,,NVIDIA A100-SXM4-40GB MIG 4g.20gb (0),1,,13,cupy_copy__complex64_complex64
10794761610,5664,225463,1,1,1,1,1,1,18,0.000,0.000,,,,,NVIDIA A100-SXM4-40GB MIG 4g.20gb (0),1,,13,cupy_copy__float32_float32
10795266628,290813,225474,1,1,1,32,32,1,30,0.000,0.000,,,,,NVIDIA A100-SXM4-40GB MIG 4g.20gb (0),1,,13,"void convert_kernel<__half2, float2>(tensor_layout_any, T1 *, tensor_layout_any, const T2 *)"
10795587872,5568,225477,,,,,,,,,,0.094,16827.521,Pinned,Device,NVIDIA A100-SXM4-40GB MIG 4g.20gb (0),1,,13,[CUDA memcpy Host-to-Device]
10796069083,7456,225478,,,,,,,,,,1.547,207433.211,Device,,NVIDIA A100-SXM4-40GB MIG 4g.20gb (0),1,,13,[CUDA memset]
10796084059,3616,225483,,,,,,,,,,0.031,8654.846,Pinned,Device,NVIDIA A100-SXM4-40GB MIG 4g.20gb (0),1,,13,[CUDA memcpy Host-to-Device]
10796094426,12864,225484,,,,,,,,,,0.197,15283.519,Pinned,Device,NVIDIA A100-SXM4-40GB MIG 4g.20gb (0),1,,13,[CUDA memcpy Host-to-Device]
10796666292,17472,225485,273,1,1,8,4,1,39,0.002,0.000,,,,,NVIDIA A100-SXM4-40GB MIG 4g.20gb (0),1,,13,"void channel_eq::eqMmseCoefCompLowMimoKernel<float, float, float, (unsigned int)4, (unsigned int)1, (unsigned int)4>(const channel_eq::_puschRxChEqStatDescr *, channel_eq::_puschRxChEqCoefCompDynDescr)"
10797216814,26623,225486,273,1,1,12,11,1,51,0.002,0.000,,,,,NVIDIA A100-SXM4-40GB MIG 4g.20gb (0),1,,13,"void channel_eq::eqMmseSoftDemapKernel<float, __half, __half, float, (unsigned int)4, (unsigned short)16383>(channel_eq::_puschRxChEqStatDescr *, channel_eq::_puschRxChEqSoftDemapDynDescr)"
10797668937,554105,225487,1,1,1,32,32,1,30,0.000,0.000,,,,,NVIDIA A100-SXM4-40GB MIG 4g.20gb (0),1,,13,"void convert_kernel<float2, __half2>(tensor_layout_any, T1 *, tensor_layout_any, const T2 *)"
10798609630,22816,225499,2253,1,1,128,1,1,16,0.000,0.000,,,,,NVIDIA A100-SXM4-40GB MIG 4g.20gb (0),1,,13,cupy_copy__float16_float16
10799040185,7264,225508,282,1,1,128,1,1,16,0.000,0.000,,,,,NVIDIA A100-SXM4-40GB MIG 4g.20gb (0),1,,13,cupy_copy__complex64_complex64
10799285526,7104,225517,26,1,1,128,1,1,16,0.000,0.000,,,,,NVIDIA A100-SXM4-40GB MIG 4g.20gb (0),1,,13,cupy_copy__float32_float32
10799799760,11392,225526,103,1,1,128,1,1,16,0.000,0.000,,,,,NVIDIA A100-SXM4-40GB MIG 4g.20gb (0),1,,13,cupy_copy__complex64_complex64
10800594375,18848,225536,1434,1,1,128,1,1,16,0.000,0.000,,,,,NVIDIA A100-SXM4-40GB MIG 4g.20gb (0),1,,13,cupy_copy__complex64_complex64
10801101858,269341,225541,1,1,1,32,32,1,30,0.000,0.000,,,,,NVIDIA A100-SXM4-40GB MIG 4g.20gb (0),1,,13,"void convert_kernel<__half2, float2>(tensor_layout_any, T1 *, tensor_layout_any, const T2 *)"
10801402366,5568,225544,,,,,,,,,,0.094,16827.521,Pinned,Device,NVIDIA A100-SXM4-40GB MIG 4g.20gb (0),1,,13,[CUDA memcpy Host-to-Device]
10802146806,612121,225545,,,,,,,,,,456.561,745564.832,Device,,NVIDIA A100-SXM4-40GB MIG 4g.20gb (0),1,,13,[CUDA memset]
10802761359,65407,225550,,,,,,,,,,1.235,18879.824,Pinned,Device,NVIDIA A100-SXM4-40GB MIG 4g.20gb (0),1,,13,[CUDA memcpy Host-to-Device]
10802829678,9504,225551,,,,,,,,,,0.197,20686.701,Pinned,Device,NVIDIA A100-SXM4-40GB MIG 4g.20gb (0),1,,13,[CUDA memcpy Host-to-Device]
10803612357,21792,225552,69,4,1,48,1,1,76,0.002,0.000,,,,,NVIDIA A100-SXM4-40GB MIG 4g.20gb (0),1,,13,"void ch_est::windowedChEstPreNoDftSOfdmKernel<float, __half, float, (unsigned int)2, (unsigned int)1, (unsigned short)4>(ch_est::puschRxChEstStatDescr_t *, ch_est::puschRxChEstDynDescr_t *)"
10804182495,21439,225553,137,2,1,24,2,1,44,0.001,0.001,,,,,NVIDIA A100-SXM4-40GB MIG 4g.20gb (0),1,,13,"void ch_est::chEstFilterNoDftSOfdmDispatchKernel<float, __half, float, (unsigned int)2>(ch_est::puschRxChEstStatDescr_t *, ch_est::puschRxChEstDynDescr_t *)"
10805004469,33024,225554,137,2,1,24,2,1,44,0.001,0.001,,,,,NVIDIA A100-SXM4-40GB MIG 4g.20gb (0),1,,13,"void ch_est::chEstFilterNoDftSOfdmDispatchKernel<float, __half, float, (unsigned int)2>(ch_est::puschRxChEstStatDescr_t *, ch_est::puschRxChEstDynDescr_t *)"
10805805388,6528,225565,103,1,1,128,1,1,16,0.000,0.000,,,,,NVIDIA A100-SXM4-40GB MIG 4g.20gb (0),1,,13,cupy_copy__complex64_complex64
10806605571,21344,225575,1434,1,1,128,1,1,16,0.000,0.000,,,,,NVIDIA A100-SXM4-40GB MIG 4g.20gb (0),1,,13,cupy_copy__complex64_complex64
10807410298,4672,225582,103,1,1,128,1,1,16,0.000,0.000,,,,,NVIDIA A100-SXM4-40GB MIG 4g.20gb (0),1,,13,cupy_copy__complex64_complex64
10807904372,221310,225589,1,1,1,32,32,1,30,0.000,0.000,,,,,NVIDIA A100-SXM4-40GB MIG 4g.20gb (0),1,,13,"void convert_kernel<__half2, float2>(tensor_layout_any, T1 *, tensor_layout_any, const T2 *)"
10808193329,9312,225592,,,,,,,,,,0.094,10061.826,Pinned,Device,NVIDIA A100-SXM4-40GB MIG 4g.20gb (0),1,,13,[CUDA memcpy Host-to-Device]
10808697931,73056,225593,,,,,,,,,,35.810,490166.185,Device,,NVIDIA A100-SXM4-40GB MIG 4g.20gb (0),1,,13,[CUDA memset]
10808773163,2176,225595,,,,,,,,,,0.000,36.765,Pinned,Device,NVIDIA A100-SXM4-40GB MIG 4g.20gb (0),1,,13,[CUDA memcpy Host-to-Device]
10808777771,9919,225596,,,,,,,,,,0.197,19821.232,Pinned,Device,NVIDIA A100-SXM4-40GB MIG 4g.20gb (0),1,,13,[CUDA memcpy Host-to-Device]
10809341604,23200,225597,273,1,1,48,1,1,40,0.000,0.001,,,,,NVIDIA A100-SXM4-40GB MIG 4g.20gb (0),1,,13,"void pusch_noise_intf_est::noiseIntfEstNoDftSOfdmKernel<float, __half, float, float, (unsigned int)2, (unsigned int)1, (unsigned char)4, (unsigned char)4>(pusch_noise_intf_est::puschRxNoiseIntfEstDynDescr)"
10810138363,11200,225608,35,1,1,128,1,1,16,0.000,0.000,,,,,NVIDIA A100-SXM4-40GB MIG 4g.20gb (0),1,,13,cupy_copy__complex64_complex64
10810925874,6912,225617,1,1,1,1,1,1,18,0.000,0.000,,,,,NVIDIA A100-SXM4-40GB MIG 4g.20gb (0),1,,13,cupy_copy__float32_float32
10810933906,2080,225623,,,,,,,,,,0.000,1.923,Device,Pageable,NVIDIA A100-SXM4-40GB MIG 4g.20gb (0),1,,7,[CUDA memcpy Device-to-Host]
10811710441,20096,225634,1434,1,1,128,1,1,16,0.000,0.000,,,,,NVIDIA A100-SXM4-40GB MIG 4g.20gb (0),1,,13,cupy_copy__complex64_complex64
10812466657,18880,225641,103,1,1,128,1,1,16,0.000,0.000,,,,,NVIDIA A100-SXM4-40GB MIG 4g.20gb (0),1,,13,cupy_copy__complex64_complex64
10812877692,15072,225648,35,1,1,128,1,1,16,0.000,0.000,,,,,NVIDIA A100-SXM4-40GB MIG 4g.20gb (0),1,,13,cupy_copy__complex64_complex64
10813277944,4639,225655,1,1,1,1,1,1,18,0.000,0.000,,,,,NVIDIA A100-SXM4-40GB MIG 4g.20gb (0),1,,13,cupy_copy__float32_float32
10813523381,237149,225666,1,1,1,32,32,1,30,0.000,0.000,,,,,NVIDIA A100-SXM4-40GB MIG 4g.20gb (0),1,,13,"void convert_kernel<__half2, float2>(tensor_layout_any, T1 *, tensor_layout_any, const T2 *)"
10813792754,6464,225669,,,,,,,,,,0.094,14494.959,Pinned,Device,NVIDIA A100-SXM4-40GB MIG 4g.20gb (0),1,,13,[CUDA memcpy Host-to-Device]
10813992143,8800,225670,,,,,,,,,,1.547,175752.165,Device,,NVIDIA A100-SXM4-40GB MIG 4g.20gb (0),1,,13,[CUDA memset]
10814013007,7232,225675,,,,,,,,,,0.031,4327.423,Pinned,Device,NVIDIA A100-SXM4-40GB MIG 4g.20gb (0),1,,13,[CUDA memcpy Host-to-Device]
10814026735,9696,225676,,,,,,,,,,0.197,20277.166,Pinned,Device,NVIDIA A100-SXM4-40GB MIG 4g.20gb (0),1,,13,[CUDA memcpy Host-to-Device]
10814474570,23392,225677,273,1,1,8,4,1,39,0.002,0.000,,,,,NVIDIA A100-SXM4-40GB MIG 4g.20gb (0),1,,13,"void channel_eq::eqMmseCoefCompLowMimoKernel<float, float, float, (unsigned int)4, (unsigned int)1, (unsigned int)4>(const channel_eq::_puschRxChEqStatDescr *, channel_eq::_puschRxChEqCoefCompDynDescr)"
10815038628,23391,225678,273,1,1,12,11,1,51,0.002,0.000,,,,,NVIDIA A100-SXM4-40GB MIG 4g.20gb (0),1,,13,"void channel_eq::eqMmseSoftDemapKernel<float, __half, __half, float, (unsigned int)4, (unsigned short)16383>(channel_eq::_puschRxChEqStatDescr *, channel_eq::_puschRxChEqSoftDemapDynDescr)"
10815571422,696632,225679,1,1,1,32,32,1,30,0.000,0.000,,,,,NVIDIA A100-SXM4-40GB MIG 4g.20gb (0),1,,13,"void convert_kernel<float2, __half2>(tensor_layout_any, T1 *, tensor_layout_any, const T2 *)"
10816750128,16416,225691,2253,1,1,128,1,1,16,0.000,0.000,,,,,NVIDIA A100-SXM4-40GB MIG 4g.20gb (0),1,,13,cupy_copy__float16_float16
10817293354,17344,225700,282,1,1,128,1,1,16,0.000,0.000,,,,,NVIDIA A100-SXM4-40GB MIG 4g.20gb (0),1,,13,cupy_copy__complex64_complex64
10817872675,14688,225709,26,1,1,128,1,1,16,0.000,0.000,,,,,NVIDIA A100-SXM4-40GB MIG 4g.20gb (0),1,,13,cupy_copy__float32_float32
10818309118,8480,225718,103,1,1,128,1,1,16,0.000,0.000,,,,,NVIDIA A100-SXM4-40GB MIG 4g.20gb (0),1,,13,cupy_copy__complex64_complex64
10818759513,26368,225728,1434,1,1,128,1,1,16,0.000,0.000,,,,,NVIDIA A100-SXM4-40GB MIG 4g.20gb (0),1,,13,cupy_copy__complex64_complex64
10819354643,230173,225733,1,1,1,32,32,1,30,0.000,0.000,,,,,NVIDIA A100-SXM4-40GB MIG 4g.20gb (0),1,,13,"void convert_kernel<__half2, float2>(tensor_layout_any, T1 *, tensor_layout_any, const T2 *)"
10819615664,5728,225736,,,,,,,,,,0.094,16357.541,Pinned,Device,NVIDIA A100-SXM4-40GB MIG 4g.20gb (0),1,,13,[CUDA memcpy Host-to-Device]
10820124874,622681,225737,,,,,,,,,,456.561,732781.111,Device,,NVIDIA A100-SXM4-40GB MIG 4g.20gb (0),1,,13,[CUDA memset]
10820752035,64095,225742,,,,,,,,,,1.235,19266.361,Pinned,Device,NVIDIA A100-SXM4-40GB MIG 4g.20gb (0),1,,13,[CUDA memcpy Host-to-Device]
10820818562,9632,225743,,,,,,,,,,0.197,20411.843,Pinned,Device,NVIDIA A100-SXM4-40GB MIG 4g.20gb (0),1,,13,[CUDA memcpy Host-to-Device]
10821430075,18720,225744,69,4,1,48,1,1,76,0.002,0.000,,,,,NVIDIA A100-SXM4-40GB MIG 4g.20gb (0),1,,13,"void ch_est::windowedChEstPreNoDftSOfdmKernel<float, __half, float, (unsigned int)2, (unsigned int)1, (unsigned short)4>(ch_est::puschRxChEstStatDescr_t *, ch_est::puschRxChEstDynDescr_t *)"
10822018132,15744,225745,137,2,1,24,2,1,44,0.001,0.001,,,,,NVIDIA A100-SXM4-40GB MIG 4g.20gb (0),1,,13,"void ch_est::chEstFilterNoDftSOfdmDispatchKernel<float, __half, float, (unsigned int)2>(ch_est::puschRxChEstStatDescr_t *, ch_est::puschRxChEstDynDescr_t *)"
10822690349,14656,225746,137,2,1,24,2,1,44,0.001,0.001,,,,,NVIDIA A100-SXM4-40GB MIG 4g.20gb (0),1,,13,"void ch_est::chEstFilterNoDftSOfdmDispatchKernel<float, __half, float, (unsigned int)2>(ch_est::puschRxChEstStatDescr_t *, ch_est::puschRxChEstDynDescr_t *)"
10823348613,5696,225757,103,1,1,128,1,1,16,0.000,0.000,,,,,NVIDIA A100-SXM4-40GB MIG 4g.20gb (0),1,,13,cupy_copy__complex64_complex64
10823933407,19263,225767,1434,1,1,128,1,1,16,0.000,0.000,,,,,NVIDIA A100-SXM4-40GB MIG 4g.20gb (0),1,,13,cupy_copy__complex64_complex64
10824576151,13152,225774,103,1,1,128,1,1,16,0.000,0.000,,,,,NVIDIA A100-SXM4-40GB MIG 4g.20gb (0),1,,13,cupy_copy__complex64_complex64
10825087218,285820,225781,1,1,1,32,32,1,30,0.000,0.000,,,,,NVIDIA A100-SXM4-40GB MIG 4g.20gb (0),1,,13,"void convert_kernel<__half2, float2>(tensor_layout_any, T1 *, tensor_layout_any, const T2 *)"
10825403438,5664,225784,,,,,,,,,,0.094,16542.310,Pinned,Device,NVIDIA A100-SXM4-40GB MIG 4g.20gb (0),1,,13,[CUDA memcpy Host-to-Device]
10825790346,55647,225785,,,,,,,,,,35.810,643504.262,Device,,NVIDIA A100-SXM4-40GB MIG 4g.20gb (0),1,,13,[CUDA memset]
10825848905,6016,225787,,,,,,,,,,0.000,13.298,Pinned,Device,NVIDIA A100-SXM4-40GB MIG 4g.20gb (0),1,,13,[CUDA memcpy Host-to-Device]
10825857705,11008,225788,,,,,,,,,,0.197,17860.461,Pinned,Device,NVIDIA A100-SXM4-40GB MIG 4g.20gb (0),1,,13,[CUDA memcpy Host-to-Device]
10826330659,25248,225789,273,1,1,48,1,1,40,0.000,0.001,,,,,NVIDIA A100-SXM4-40GB MIG 4g.20gb (0),1,,13,"void pusch_noise_intf_est::noiseIntfEstNoDftSOfdmKernel<float, __half, float, float, (unsigned int)2, (unsigned int)1, (unsigned char)4, (unsigned char)4>(pusch_noise_intf_est::puschRxNoiseIntfEstDynDescr)"
10826826654,10304,225800,35,1,1,128,1,1,16,0.000,0.000,,,,,NVIDIA A100-SXM4-40GB MIG 4g.20gb (0),1,,13,cupy_copy__complex64_complex64
10827279609,5728,225809,1,1,1,1,1,1,18,0.000,0.000,,,,,NVIDIA A100-SXM4-40GB MIG 4g.20gb (0),1,,13,cupy_copy__float32_float32
10827288729,1600,225815,,,,,,,,,,0.000,2.500,Device,Pageable,NVIDIA A100-SXM4-40GB MIG 4g.20gb (0),1,,7,[CUDA memcpy Device-to-Host]
10827794195,19104,225826,1434,1,1,128,1,1,16,0.000,0.000,,,,,NVIDIA A100-SXM4-40GB MIG 4g.20gb (0),1,,13,cupy_copy__complex64_complex64
10828297453,8128,225833,103,1,1,128,1,1,16,0.000,0.000,,,,,NVIDIA A100-SXM4-40GB MIG 4g.20gb (0),1,,13,cupy_copy__complex64_complex64
10828761256,8416,225840,35,1,1,128,1,1,16,0.000,0.000,,,,,NVIDIA A100-SXM4-40GB MIG 4g.20gb (0),1,,13,cupy_copy__complex64_complex64
10829631646,4288,225847,1,1,1,1,1,1,18,0.000,0.000,,,,,NVIDIA A100-SXM4-40GB MIG 4g.20gb (0),1,,13,cupy_copy__float32_float32
10829984698,258493,225858,1,1,1,32,32,1,30,0.000,0.000,,,,,NVIDIA A100-SXM4-40GB MIG 4g.20gb (0),1,,13,"void convert_kernel<__half2, float2>(tensor_layout_any, T1 *, tensor_layout_any, const T2 *)"
10830274199,8512,225861,,,,,,,,,,0.094,11007.500,Pinned,Device,NVIDIA A100-SXM4-40GB MIG 4g.20gb (0),1,,13,[CUDA memcpy Host-to-Device]
10831168013,18271,225862,,,,,,,,,,1.547,84648.278,Device,,NVIDIA A100-SXM4-40GB MIG 4g.20gb (0),1,,13,[CUDA memset]
10831187724,3552,225867,,,,,,,,,,0.031,8810.794,Pinned,Device,NVIDIA A100-SXM4-40GB MIG 4g.20gb (0),1,,13,[CUDA memcpy Host-to-Device]
10831197548,13248,225868,,,,,,,,,,0.197,14840.562,Pinned,Device,NVIDIA A100-SXM4-40GB MIG 4g.20gb (0),1,,13,[CUDA memcpy Host-to-Device]
10831712966,30656,225869,273,1,1,8,4,1,39,0.002,0.000,,,,,NVIDIA A100-SXM4-40GB MIG 4g.20gb (0),1,,13,"void channel_eq::eqMmseCoefCompLowMimoKernel<float, float, float, (unsigned int)4, (unsigned int)1, (unsigned int)4>(const channel_eq::_puschRxChEqStatDescr *, channel_eq::_puschRxChEqCoefCompDynDescr)"
10832195745,21920,225870,273,1,1,12,11,1,51,0.002,0.000,,,,,NVIDIA A100-SXM4-40GB MIG 4g.20gb (0),1,,13,"void channel_eq::eqMmseSoftDemapKernel<float, __half, __half, float, (unsigned int)4, (unsigned short)16383>(channel_eq::_puschRxChEqStatDescr *, channel_eq::_puschRxChEqSoftDemapDynDescr)"
10832693307,641497,225871,1,1,1,32,32,1,30,0.000,0.000,,,,,NVIDIA A100-SXM4-40GB MIG 4g.20gb (0),1,,13,"void convert_kernel<float2, __half2>(tensor_layout_any, T1 *, tensor_layout_any, const T2 *)"
10833768175,16992,225883,2253,1,1,128,1,1,16,0.000,0.000,,,,,NVIDIA A100-SXM4-40GB MIG 4g.20gb (0),1,,13,cupy_copy__float16_float16
10834415304,8992,225892,282,1,1,128,1,1,16,0.000,0.000,,,,,NVIDIA A100-SXM4-40GB MIG 4g.20gb (0),1,,13,cupy_copy__complex64_complex64
10834898434,17408,225901,26,1,1,128,1,1,16,0.000,0.000,,,,,NVIDIA A100-SXM4-40GB MIG 4g.20gb (0),1,,13,cupy_copy__float32_float32
10835446300,7232,225910,103,1,1,128,1,1,16,0.000,0.000,,,,,NVIDIA A100-SXM4-40GB MIG 4g.20gb (0),1,,13,cupy_copy__complex64_complex64
10835855959,20288,225920,1434,1,1,128,1,1,16,0.000,0.000,,,,,NVIDIA A100-SXM4-40GB MIG 4g.20gb (0),1,,13,cupy_copy__complex64_complex64
10836432497,203070,225925,1,1,1,32,32,1,30,0.000,0.000,,,,,NVIDIA A100-SXM4-40GB MIG 4g.20gb (0),1,,13,"void convert_kernel<__half2, float2>(tensor_layout_any, T1 *, tensor_layout_any, const T2 *)"
10836670414,11808,225928,,,,,,,,,,0.094,7934.927,Pinned,Device,NVIDIA A100-SXM4-40GB MIG 4g.20gb (0),1,,13,[CUDA memcpy Host-to-Device]
10837086729,624633,225929,,,,,,,,,,456.561,730498.304,Device,,NVIDIA A100-SXM4-40GB MIG 4g.20gb (0),1,,13,[CUDA memset]
10837713986,58656,225934,,,,,,,,,,1.235,21053.325,Pinned,Device,NVIDIA A100-SXM4-40GB MIG 4g.20gb (0),1,,13,[CUDA memcpy Host-to-Device]
10837775714,10176,225935,,,,,,,,,,0.197,19320.668,Pinned,Device,NVIDIA A100-SXM4-40GB MIG 4g.20gb (0),1,,13,[CUDA memcpy Host-to-Device]
10838362267,17568,225936,69,4,1,48,1,1,76,0.002,0.000,,,,,NVIDIA A100-SXM4-40GB MIG 4g.20gb (0),1,,13,"void ch_est::windowedChEstPreNoDftSOfdmKernel<float, __half, float, (unsigned int)2, (unsigned int)1, (unsigned short)4>(ch_est::puschRxChEstStatDescr_t *, ch_est::puschRxChEstDynDescr_t *)"
10839011860,19487,225937,137,2,1,24,2,1,44,0.001,0.001,,,,,NVIDIA A100-SXM4-40GB MIG 4g.20gb (0),1,,13,"void ch_est::chEstFilterNoDftSOfdmDispatchKernel<float, __half, float, (unsigned int)2>(ch_est::puschRxChEstStatDescr_t *, ch_est::puschRxChEstDynDescr_t *)"
10839651820,28224,225938,137,2,1,24,2,1,44,0.001,0.001,,,,,NVIDIA A100-SXM4-40GB MIG 4g.20gb (0),1,,13,"void ch_est::chEstFilterNoDftSOfdmDispatchKernel<float, __half, float, (unsigned int)2>(ch_est::puschRxChEstStatDescr_t *, ch_est::puschRxChEstDynDescr_t *)"
10840239142,5056,225949,103,1,1,128,1,1,16,0.000,0.000,,,,,NVIDIA A100-SXM4-40GB MIG 4g.20gb (0),1,,13,cupy_copy__complex64_complex64
10840729472,20992,225959,1434,1,1,128,1,1,16,0.000,0.000,,,,,NVIDIA A100-SXM4-40GB MIG 4g.20gb (0),1,,13,cupy_copy__complex64_complex64
10841206267,6592,225966,103,1,1,128,1,1,16,0.000,0.000,,,,,NVIDIA A100-SXM4-40GB MIG 4g.20gb (0),1,,13,cupy_copy__complex64_complex64
10841570359,236989,225973,1,1,1,32,32,1,30,0.000,0.000,,,,,NVIDIA A100-SXM4-40GB MIG 4g.20gb (0),1,,13,"void convert_kernel<__half2, float2>(tensor_layout_any, T1 *, tensor_layout_any, const T2 *)"
10841837620,6080,225976,,,,,,,,,,0.094,15410.462,Pinned,Device,NVIDIA A100-SXM4-40GB MIG 4g.20gb (0),1,,13,[CUDA memcpy Host-to-Device]
10842150480,63871,225977,,,,,,,,,,35.810,560640.108,Device,,NVIDIA A100-SXM4-40GB MIG 4g.20gb (0),1,,13,[CUDA memset]
10842215567,2336,225979,,,,,,,,,,0.000,34.247,Pinned,Device,NVIDIA A100-SXM4-40GB MIG 4g.20gb (0),1,,13,[CUDA memcpy Host-to-Device]
10842220495,12160,225980,,,,,,,,,,0.197,16168.255,Pinned,Device,NVIDIA A100-SXM4-40GB MIG 4g.20gb (0),1,,13,[CUDA memcpy Host-to-Device]
10842789001,33631,225981,273,1,1,48,1,1,40,0.000,0.001,,,,,NVIDIA A100-SXM4-40GB MIG 4g.20gb (0),1,,13,"void pusch_noise_intf_est::noiseIntfEstNoDftSOfdmKernel<float, __half, float, float, (unsigned int)2, (unsigned int)1, (unsigned char)4, (unsigned char)4>(pusch_noise_intf_est::puschRxNoiseIntfEstDynDescr)"
10843374882,8192,225992,35,1,1,128,1,1,16,0.000,0.000,,,,,NVIDIA A100-SXM4-40GB MIG 4g.20gb (0),1,,13,cupy_copy__complex64_complex64
10843787901,5248,226001,1,1,1,1,1,1,18,0.000,0.000,,,,,NVIDIA A100-SXM4-40GB MIG 4g.20gb (0),1,,13,cupy_copy__float32_float32
10843793501,4224,226007,,,,,,,,,,0.000,0.947,Device,Pageable,NVIDIA A100-SXM4-40GB MIG 4g.20gb (0),1,,7,[CUDA memcpy Device-to-Host]
10844263288,18976,226018,1434,1,1,128,1,1,16,0.000,0.000,,,,,NVIDIA A100-SXM4-40GB MIG 4g.20gb (0),1,,13,cupy_copy__complex64_complex64
10844719507,7840,226025,103,1,1,128,1,1,16,0.000,0.000,,,,,NVIDIA A100-SXM4-40GB MIG 4g.20gb (0),1,,13,cupy_copy__complex64_complex64
10845081103,5248,226032,35,1,1,128,1,1,16,0.000,0.000,,,,,NVIDIA A100-SXM4-40GB MIG 4g.20gb (0),1,,13,cupy_copy__complex64_complex64
10845334604,5376,226039,1,1,1,1,1,1,18,0.000,0.000,,,,,NVIDIA A100-SXM4-40GB MIG 4g.20gb (0),1,,13,cupy_copy__float32_float32
10845740967,278909,226050,1,1,1,32,32,1,30,0.000,0.000,,,,,NVIDIA A100-SXM4-40GB MIG 4g.20gb (0),1,,13,"void convert_kernel<__half2, float2>(tensor_layout_any, T1 *, tensor_layout_any, const T2 *)"
10846049636,5984,226053,,,,,,,,,,0.094,15657.726,Pinned,Device,NVIDIA A100-SXM4-40GB MIG 4g.20gb (0),1,,13,[CUDA memcpy Host-to-Device]
10846351296,17952,226054,,,,,,,,,,1.547,86153.143,Device,,NVIDIA A100-SXM4-40GB MIG 4g.20gb (0),1,,13,[CUDA memset]
10846376032,6464,226059,,,,,,,,,,0.031,4841.554,Pinned,Device,NVIDIA A100-SXM4-40GB MIG 4g.20gb (0),1,,13,[CUDA memcpy Host-to-Device]
10846388640,12992,226060,,,,,,,,,,0.197,15132.918,Pinned,Device,NVIDIA A100-SXM4-40GB MIG 4g.20gb (0),1,,13,[CUDA memcpy Host-to-Device]
10846893050,19232,226061,273,1,1,8,4,1,39,0.002,0.000,,,,,NVIDIA A100-SXM4-40GB MIG 4g.20gb (0),1,,13,"void channel_eq::eqMmseCoefCompLowMimoKernel<float, float, float, (unsigned int)4, (unsigned int)1, (unsigned int)4>(const channel_eq::_puschRxChEqStatDescr *, channel_eq::_puschRxChEqCoefCompDynDescr)"
10847795792,25440,226062,273,1,1,12,11,1,51,0.002,0.000,,,,,NVIDIA A100-SXM4-40GB MIG 4g.20gb (0),1,,13,"void channel_eq::eqMmseSoftDemapKernel<float, __half, __half, float, (unsigned int)4, (unsigned short)16383>(channel_eq::_puschRxChEqStatDescr *, channel_eq::_puschRxChEqSoftDemapDynDescr)"
10848337930,574649,226063,1,1,1,32,32,1,30,0.000,0.000,,,,,NVIDIA A100-SXM4-40GB MIG 4g.20gb (0),1,,13,"void convert_kernel<float2, __half2>(tensor_layout_any, T1 *, tensor_layout_any, const T2 *)"
10849456221,22368,226075,2253,1,1,128,1,1,16,0.000,0.000,,,,,NVIDIA A100-SXM4-40GB MIG 4g.20gb (0),1,,13,cupy_copy__float16_float16
10849921208,10112,226084,282,1,1,128,1,1,16,0.000,0.000,,,,,NVIDIA A100-SXM4-40GB MIG 4g.20gb (0),1,,13,cupy_copy__complex64_complex64
10850410610,13184,226093,26,1,1,128,1,1,16,0.000,0.000,,,,,NVIDIA A100-SXM4-40GB MIG 4g.20gb (0),1,,13,cupy_copy__float32_float32
10850896301,20224,226102,103,1,1,128,1,1,16,0.000,0.000,,,,,NVIDIA A100-SXM4-40GB MIG 4g.20gb (0),1,,13,cupy_copy__complex64_complex64
10851362984,21887,226112,1434,1,1,128,1,1,16,0.000,0.000,,,,,NVIDIA A100-SXM4-40GB MIG 4g.20gb (0),1,,13,cupy_copy__complex64_complex64
10851673380,239133,226117,1,1,1,32,32,1,30,0.000,0.000,,,,,NVIDIA A100-SXM4-40GB MIG 4g.20gb (0),1,,13,"void convert_kernel<__half2, float2>(tensor_layout_any, T1 *, tensor_layout_any, const T2 *)"
10851949217,7776,226120,,,,,,,,,,0.094,12049.306,Pinned,Device,NVIDIA A100-SXM4-40GB MIG 4g.20gb (0),1,,13,[CUDA memcpy Host-to-Device]
10852215902,634297,226121,,,,,,,,,,456.561,719540.829,Device,,NVIDIA A100-SXM4-40GB MIG 4g.20gb (0),1,,13,[CUDA memset]
10852856119,60799,226126,,,,,,,,,,1.235,20311.124,Pinned,Device,NVIDIA A100-SXM4-40GB MIG 4g.20gb (0),1,,13,[CUDA memcpy Host-to-Device]
10852923830,13248,226127,,,,,,,,,,0.197,14840.562,Pinned,Device,NVIDIA A100-SXM4-40GB MIG 4g.20gb (0),1,,13,[CUDA memcpy Host-to-Device]
10853479440,29215,226128,69,4,1,48,1,1,76,0.002,0.000,,,,,NVIDIA A100-SXM4-40GB MIG 4g.20gb (0),1,,13,"void ch_est::windowedChEstPreNoDftSOfdmKernel<float, __half, float, (unsigned int)2, (unsigned int)1, (unsigned short)4>(ch_est::puschRxChEstStatDescr_t *, ch_est::puschRxChEstDynDescr_t *)"
10854039017,16256,226129,137,2,1,24,2,1,44,0.001,0.001,,,,,NVIDIA A100-SXM4-40GB MIG 4g.20gb (0),1,,13,"void ch_est::chEstFilterNoDftSOfdmDispatchKernel<float, __half, float, (unsigned int)2>(ch_est::puschRxChEstStatDescr_t *, ch_est::puschRxChEstDynDescr_t *)"
10854569347,17184,226130,137,2,1,24,2,1,44,0.001,0.001,,,,,NVIDIA A100-SXM4-40GB MIG 4g.20gb (0),1,,13,"void ch_est::chEstFilterNoDftSOfdmDispatchKernel<float, __half, float, (unsigned int)2>(ch_est::puschRxChEstStatDescr_t *, ch_est::puschRxChEstDynDescr_t *)"
10855211164,11424,226141,103,1,1,128,1,1,16,0.000,0.000,,,,,NVIDIA A100-SXM4-40GB MIG 4g.20gb (0),1,,13,cupy_copy__complex64_complex64
10855703926,21248,226151,1434,1,1,128,1,1,16,0.000,0.000,,,,,NVIDIA A100-SXM4-40GB MIG 4g.20gb (0),1,,13,cupy_copy__complex64_complex64
10856266480,7584,226158,103,1,1,128,1,1,16,0.000,0.000,,,,,NVIDIA A100-SXM4-40GB MIG 4g.20gb (0),1,,13,cupy_copy__complex64_complex64
10856735339,299324,226165,1,1,1,32,32,1,30,0.000,0.000,,,,,NVIDIA A100-SXM4-40GB MIG 4g.20gb (0),1,,13,"void convert_kernel<__half2, float2>(tensor_layout_any, T1 *, tensor_layout_any, const T2 *)"
10857065063,6304,226168,,,,,,,,,,0.094,14862.903,Pinned,Device,NVIDIA A100-SXM4-40GB MIG 4g.20gb (0),1,,13,[CUDA memcpy Host-to-Device]
10857612033,52287,226169,,,,,,,,,,35.810,684864.720,Device,,NVIDIA A100-SXM4-40GB MIG 4g.20gb (0),1,,13,[CUDA memset]
10857669888,4064,226171,,,,,,,,,,0.000,19.685,Pinned,Device,NVIDIA A100-SXM4-40GB MIG 4g.20gb (0),1,,13,[CUDA memcpy Host-to-Device]
10857676416,9728,226172,,,,,,,,,,0.197,20210.516,Pinned,Device,NVIDIA A100-SXM4-40GB MIG 4g.20gb (0),1,,13,[CUDA memcpy Host-to-Device]
10858250809,18976,226173,273,1,1,48,1,1,40,0.000,0.001,,,,,NVIDIA A100-SXM4-40GB MIG 4g.20gb (0),1,,13,"void pusch_noise_intf_est::noiseIntfEstNoDftSOfdmKernel<float, __half, float, float, (unsigned int)2, (unsigned int)1, (unsigned char)4, (unsigned char)4>(pusch_noise_intf_est::puschRxNoiseIntfEstDynDescr)"
10858848147,5440,226184,35,1,1,128,1,1,16,0.000,0.000,,,,,NVIDIA A100-SXM4-40GB MIG 4g.20gb (0),1,,13,cupy_copy__complex64_complex64
10859346765,4896,226193,1,1,1,1,1,1,18,0.000,0.000,,,,,NVIDIA A100-SXM4-40GB MIG 4g.20gb (0),1,,13,cupy_copy__float32_float32
10859354285,2944,226199,,,,,,,,,,0.000,1.359,Device,Pageable,NVIDIA A100-SXM4-40GB MIG 4g.20gb (0),1,,7,[CUDA memcpy Device-to-Host]
10859941638,19072,226210,1434,1,1,128,1,1,16,0.000,0.000,,,,,NVIDIA A100-SXM4-40GB MIG 4g.20gb (0),1,,13,cupy_copy__complex64_complex64
10860490912,15616,226217,103,1,1,128,1,1,16,0.000,0.000,,,,,NVIDIA A100-SXM4-40GB MIG 4g.20gb (0),1,,13,cupy_copy__complex64_complex64
10860973627,6239,226224,35,1,1,128,1,1,16,0.000,0.000,,,,,NVIDIA A100-SXM4-40GB MIG 4g.20gb (0),1,,13,cupy_copy__complex64_complex64
10861335542,5856,226231,1,1,1,1,1,1,18,0.000,0.000,,,,,NVIDIA A100-SXM4-40GB MIG 4g.20gb (0),1,,13,cupy_copy__float32_float32
10861820241,246717,226242,1,1,1,32,32,1,30,0.000,0.000,,,,,NVIDIA A100-SXM4-40GB MIG 4g.20gb (0),1,,13,"void convert_kernel<__half2, float2>(tensor_layout_any, T1 *, tensor_layout_any, const T2 *)"
10862098606,5440,226245,,,,,,,,,,0.094,17223.480,Pinned,Device,NVIDIA A100-SXM4-40GB MIG 4g.20gb (0),1,,13,[CUDA memcpy Host-to-Device]
10862382059,17855,226246,,,,,,,,,,1.547,86620.224,Device,,NVIDIA A100-SXM4-40GB MIG 4g.20gb (0),1,,13,[CUDA memset]
10862403818,3488,226251,,,,,,,,,,0.031,8972.469,Pinned,Device,NVIDIA A100-SXM4-40GB MIG 4g.20gb (0),1,,13,[CUDA memcpy Host-to-Device]
10862409802,13760,226252,,,,,,,,,,0.197,14288.290,Pinned,Device,NVIDIA A100-SXM4-40GB MIG 4g.20gb (0),1,,13,[CUDA memcpy Host-to-Device]
10862938660,20384,226253,273,1,1,8,4,1,39,0.002,0.000,,,,,NVIDIA A100-SXM4-40GB MIG 4g.20gb (0),1,,13,"void channel_eq::eqMmseCoefCompLowMimoKernel<float, float, float, (unsigned int)4, (unsigned int)1, (unsigned int)4>(const channel_eq::_puschRxChEqStatDescr *, channel_eq::_puschRxChEqCoefCompDynDescr)"
10863416799,26336,226254,273,1,1,12,11,1,51,0.002,0.000,,,,,NVIDIA A100-SXM4-40GB MIG 4g.20gb (0),1,,13,"void channel_eq::eqMmseSoftDemapKernel<float, __half, __half, float, (unsigned int)4, (unsigned short)16383>(channel_eq::_puschRxChEqStatDescr *, channel_eq::_puschRxChEqSoftDemapDynDescr)"
10863919065,654777,226255,1,1,1,32,32,1,30,0.000,0.000,,,,,NVIDIA A100-SXM4-40GB MIG 4g.20gb (0),1,,13,"void convert_kernel<float2, __half2>(tensor_layout_any, T1 *, tensor_layout_any, const T2 *)"
10865246346,23040,226267,2253,1,1,128,1,1,16,0.000,0.000,,,,,NVIDIA A100-SXM4-40GB MIG 4g.20gb (0),1,,13,cupy_copy__float16_float16
10865749604,9088,226276,282,1,1,128,1,1,16,0.000,0.000,,,,,NVIDIA A100-SXM4-40GB MIG 4g.20gb (0),1,,13,cupy_copy__complex64_complex64
10866405373,8352,226285,26,1,1,128,1,1,16,0.000,0.000,,,,,NVIDIA A100-SXM4-40GB MIG 4g.20gb (0),1,,13,cupy_copy__float32_float32
10867013398,16736,226294,103,1,1,128,1,1,16,0.000,0.000,,,,,NVIDIA A100-SXM4-40GB MIG 4g.20gb (0),1,,13,cupy_copy__complex64_complex64
10867455633,21152,226304,1434,1,1,128,1,1,16,0.000,0.000,,,,,NVIDIA A100-SXM4-40GB MIG 4g.20gb (0),1,,13,cupy_copy__complex64_complex64
10867931788,204381,226309,1,1,1,32,32,1,30,0.000,0.000,,,,,NVIDIA A100-SXM4-40GB MIG 4g.20gb (0),1,,13,"void convert_kernel<__half2, float2>(tensor_layout_any, T1 *, tensor_layout_any, const T2 *)"
10868167305,8832,226312,,,,,,,,,,0.094,10608.636,Pinned,Device,NVIDIA A100-SXM4-40GB MIG 4g.20gb (0),1,,13,[CUDA memcpy Host-to-Device]
10868643172,632536,226313,,,,,,,,,,456.561,721367.075,Device,,NVIDIA A100-SXM4-40GB MIG 4g.20gb (0),1,,13,[CUDA memset]
10869278844,60480,226318,,,,,,,,,,1.235,20418.564,Pinned,Device,NVIDIA A100-SXM4-40GB MIG 4g.20gb (0),1,,13,[CUDA memcpy Host-to-Device]
10869341884,10111,226319,,,,,,,,,,0.197,19444.924,Pinned,Device,NVIDIA A100-SXM4-40GB MIG 4g.20gb (0),1,,13,[CUDA memcpy Host-to-Device]
10869965237,28543,226320,69,4,1,48,1,1,76,0.002,0.000,,,,,NVIDIA A100-SXM4-40GB MIG 4g.20gb (0),1,,13,"void ch_est::windowedChEstPreNoDftSOfdmKernel<float, __half, float, (unsigned int)2, (unsigned int)1, (unsigned short)4>(ch_est::puschRxChEstStatDescr_t *, ch_est::puschRxChEstDynDescr_t *)"
10870600077,12704,226321,137,2,1,24,2,1,44,0.001,0.001,,,,,NVIDIA A100-SXM4-40GB MIG 4g.20gb (0),1,,13,"void ch_est::chEstFilterNoDftSOfdmDispatchKernel<float, __half, float, (unsigned int)2>(ch_est::puschRxChEstStatDescr_t *, ch_est::puschRxChEstDynDescr_t *)"
10871302629,12480,226322,137,2,1,24,2,1,44,0.001,0.001,,,,,NVIDIA A100-SXM4-40GB MIG 4g.20gb (0),1,,13,"void ch_est::chEstFilterNoDftSOfdmDispatchKernel<float, __half, float, (unsigned int)2>(ch_est::puschRxChEstStatDescr_t *, ch_est::puschRxChEstDynDescr_t *)"
10871798688,7744,226333,103,1,1,128,1,1,16,0.000,0.000,,,,,NVIDIA A100-SXM4-40GB MIG 4g.20gb (0),1,,13,cupy_copy__complex64_complex64
10872383705,22624,226343,1434,1,1,128,1,1,16,0.000,0.000,,,,,NVIDIA A100-SXM4-40GB MIG 4g.20gb (0),1,,13,cupy_copy__complex64_complex64
10872905619,6976,226350,103,1,1,128,1,1,16,0.000,0.000,,,,,NVIDIA A100-SXM4-40GB MIG 4g.20gb (0),1,,13,cupy_copy__complex64_complex64
10873295439,213085,226357,1,1,1,32,32,1,30,0.000,0.000,,,,,NVIDIA A100-SXM4-40GB MIG 4g.20gb (0),1,,13,"void convert_kernel<__half2, float2>(tensor_layout_any, T1 *, tensor_layout_any, const T2 *)"
10873538700,11776,226360,,,,,,,,,,0.094,7956.477,Pinned,Device,NVIDIA A100-SXM4-40GB MIG 4g.20gb (0),1,,13,[CUDA memcpy Host-to-Device]
10873932328,67903,226361,,,,,,,,,,35.810,527336.882,Device,,NVIDIA A100-SXM4-40GB MIG 4g.20gb (0),1,,13,[CUDA memset]
10874003527,1952,226363,,,,,,,,,,0.000,40.984,Pinned,Device,NVIDIA A100-SXM4-40GB MIG 4g.20gb (0),1,,13,[CUDA memcpy Host-to-Device]
10874009959,15359,226364,,,,,,,,,,0.197,12800.754,Pinned,Device,NVIDIA A100-SXM4-40GB MIG 4g.20gb (0),1,,13,[CUDA memcpy Host-to-Device]
10874621568,32767,226365,273,1,1,48,1,1,40,0.000,0.001,,,,,NVIDIA A100-SXM4-40GB MIG 4g.20gb (0),1,,13,"void pusch_noise_intf_est::noiseIntfEstNoDftSOfdmKernel<float, __half, float, float, (unsigned int)2, (unsigned int)1, (unsigned char)4, (unsigned char)4>(pusch_noise_intf_est::puschRxNoiseIntfEstDynDescr)"
10875046011,8992,226376,35,1,1,128,1,1,16,0.000,0.000,,,,,NVIDIA A100-SXM4-40GB MIG 4g.20gb (0),1,,13,cupy_copy__complex64_complex64
10875488566,4512,226385,1,1,1,1,1,1,18,0.000,0.000,,,,,NVIDIA A100-SXM4-40GB MIG 4g.20gb (0),1,,13,cupy_copy__float32_float32
10875496054,1600,226391,,,,,,,,,,0.000,2.500,Device,Pageable,NVIDIA A100-SXM4-40GB MIG 4g.20gb (0),1,,7,[CUDA memcpy Device-to-Host]
10876027216,17920,226402,1434,1,1,128,1,1,16,0.000,0.000,,,,,NVIDIA A100-SXM4-40GB MIG 4g.20gb (0),1,,13,cupy_copy__complex64_complex64
10876473643,14400,226409,103,1,1,128,1,1,16,0.000,0.000,,,,,NVIDIA A100-SXM4-40GB MIG 4g.20gb (0),1,,13,cupy_copy__complex64_complex64
10876844807,6047,226416,35,1,1,128,1,1,16,0.000,0.000,,,,,NVIDIA A100-SXM4-40GB MIG 4g.20gb (0),1,,13,cupy_copy__complex64_complex64
10877089316,5120,226423,1,1,1,1,1,1,18,0.000,0.000,,,,,NVIDIA A100-SXM4-40GB MIG 4g.20gb (0),1,,13,cupy_copy__float32_float32
10877506943,283709,226434,1,1,1,32,32,1,30,0.000,0.000,,,,,NVIDIA A100-SXM4-40GB MIG 4g.20gb (0),1,,13,"void convert_kernel<__half2, float2>(tensor_layout_any, T1 *, tensor_layout_any, const T2 *)"
10877821499,6048,226437,,,,,,,,,,0.094,15491.978,Pinned,Device,NVIDIA A100-SXM4-40GB MIG 4g.20gb (0),1,,13,[CUDA memcpy Host-to-Device]
10878247671,17823,226438,,,,,,,,,,1.547,86776.433,Device,,NVIDIA A100-SXM4-40GB MIG 4g.20gb (0),1,,13,[CUDA memset]
10878266614,7264,226443,,,,,,,,,,0.031,4308.364,Pinned,Device,NVIDIA A100-SXM4-40GB MIG 4g.20gb (0),1,,13,[CUDA memcpy Host-to-Device]
10878280662,12832,226444,,,,,,,,,,0.197,15321.661,Pinned,Device,NVIDIA A100-SXM4-40GB MIG 4g.20gb (0),1,,13,[CUDA memcpy Host-to-Device]
10878834224,21824,226445,273,1,1,8,4,1,39,0.002,0.000,,,,,NVIDIA A100-SXM4-40GB MIG 4g.20gb (0),1,,13,"void channel_eq::eqMmseCoefCompLowMimoKernel<float, float, float, (unsigned int)4, (unsigned int)1, (unsigned int)4>(const channel_eq::_puschRxChEqStatDescr *, channel_eq::_puschRxChEqCoefCompDynDescr)"
10879439049,15200,226446,273,1,1,12,11,1,51,0.002,0.000,,,,,NVIDIA A100-SXM4-40GB MIG 4g.20gb (0),1,,13,"void channel_eq::eqMmseSoftDemapKernel<float, __half, __half, float, (unsigned int)4, (unsigned short)16383>(channel_eq::_puschRxChEqStatDescr *, channel_eq::_puschRxChEqSoftDemapDynDescr)"
10880009379,682456,226447,1,1,1,32,32,1,30,0.000,0.000,,,,,NVIDIA A100-SXM4-40GB MIG 4g.20gb (0),1,,13,"void convert_kernel<float2, __half2>(tensor_layout_any, T1 *, tensor_layout_any, const T2 *)"
10881258580,15872,226459,2253,1,1,128,1,1,16,0.000,0.000,,,,,NVIDIA A100-SXM4-40GB MIG 4g.20gb (0),1,,13,cupy_copy__float16_float16
10881911277,6560,226468,282,1,1,128,1,1,16,0.000,0.000,,,,,NVIDIA A100-SXM4-40GB MIG 4g.20gb (0),1,,13,cupy_copy__complex64_complex64
10882489254,6112,226477,26,1,1,128,1,1,16,0.000,0.000,,,,,NVIDIA A100-SXM4-40GB MIG 4g.20gb (0),1,,13,cupy_copy__float32_float32
10883097024,10527,226486,103,1,1,128,1,1,16,0.000,0.000,,,,,NVIDIA A100-SXM4-40GB MIG 4g.20gb (0),1,,13,cupy_copy__complex64_complex64
10883637113,21312,226496,1434,1,1,128,1,1,16,0.000,0.000,,,,,NVIDIA A100-SXM4-40GB MIG 4g.20gb (0),1,,13,cupy_copy__complex64_complex64
10884090164,246526,226501,1,1,1,32,32,1,30,0.000,0.000,,,,,NVIDIA A100-SXM4-40GB MIG 4g.20gb (0),1,,13,"void convert_kernel<__half2, float2>(tensor_layout_any, T1 *, tensor_layout_any, const T2 *)"
10884367601,5632,226504,,,,,,,,,,0.094,16636.287,Pinned,Device,NVIDIA A100-SXM4-40GB MIG 4g.20gb (0),1,,13,[CUDA memcpy Host-to-Device]
10884769005,629048,226505,,,,,,,,,,456.561,725476.128,Device,,NVIDIA A100-SXM4-40GB MIG 4g.20gb (0),1,,13,[CUDA memset]
10885400741,62912,226510,,,,,,,,,,1.235,19629.435,Pinned,Device,NVIDIA A100-SXM4-40GB MIG 4g.20gb (0),1,,13,[CUDA memcpy Host-to-Device]
10885466117,9696,226511,,,,,,,,,,0.197,20277.166,Pinned,Device,NVIDIA A100-SXM4-40GB MIG 4g.20gb (0),1,,13,[CUDA memcpy Host-to-Device]
10886066942,28416,226512,69,4,1,48,1,1,76,0.002,0.000,,,,,NVIDIA A100-SXM4-40GB MIG 4g.20gb (0),1,,13,"void ch_est::windowedChEstPreNoDftSOfdmKernel<float, __half, float, (unsigned int)2, (unsigned int)1, (unsigned short)4>(ch_est::puschRxChEstStatDescr_t *, ch_est::puschRxChEstDynDescr_t *)"
10886656663,31104,226513,137,2,1,24,2,1,44,0.001,0.001,,,,,NVIDIA A100-SXM4-40GB MIG 4g.20gb (0),1,,13,"void ch_est::chEstFilterNoDftSOfdmDispatchKernel<float, __half, float, (unsigned int)2>(ch_est::puschRxChEstStatDescr_t *, ch_est::puschRxChEstDynDescr_t *)"
10887321936,26111,226514,137,2,1,24,2,1,44,0.001,0.001,,,,,NVIDIA A100-SXM4-40GB MIG 4g.20gb (0),1,,13,"void ch_est::chEstFilterNoDftSOfdmDispatchKernel<float, __half, float, (unsigned int)2>(ch_est::puschRxChEstStatDescr_t *, ch_est::puschRxChEstDynDescr_t *)"
10887858730,7903,226525,103,1,1,128,1,1,16,0.000,0.000,,,,,NVIDIA A100-SXM4-40GB MIG 4g.20gb (0),1,,13,cupy_copy__complex64_complex64
10888221221,21888,226535,1434,1,1,128,1,1,16,0.000,0.000,,,,,NVIDIA A100-SXM4-40GB MIG 4g.20gb (0),1,,13,cupy_copy__complex64_complex64
10888489570,17728,226542,103,1,1,128,1,1,16,0.000,0.000,,,,,NVIDIA A100-SXM4-40GB MIG 4g.20gb (0),1,,13,cupy_copy__complex64_complex64
10888897342,237885,226549,1,1,1,32,32,1,30,0.000,0.000,,,,,NVIDIA A100-SXM4-40GB MIG 4g.20gb (0),1,,13,"void convert_kernel<__half2, float2>(tensor_layout_any, T1 *, tensor_layout_any, const T2 *)"
10889165691,6080,226552,,,,,,,,,,0.094,15410.462,Pinned,Device,NVIDIA A100-SXM4-40GB MIG 4g.20gb (0),1,,13,[CUDA memcpy Host-to-Device]
10889462231,63456,226553,,,,,,,,,,35.810,564292.719,Device,,NVIDIA A100-SXM4-40GB MIG 4g.20gb (0),1,,13,[CUDA memset]
10889530295,5024,226555,,,,,,,,,,0.000,15.924,Pinned,Device,NVIDIA A100-SXM4-40GB MIG 4g.20gb (0),1,,13,[CUDA memcpy Host-to-Device]
10889541078,13728,226556,,,,,,,,,,0.197,14321.517,Pinned,Device,NVIDIA A100-SXM4-40GB MIG 4g.20gb (0),1,,13,[CUDA memcpy Host-to-Device]
10890002673,32320,226557,273,1,1,48,1,1,40,0.000,0.001,,,,,NVIDIA A100-SXM4-40GB MIG 4g.20gb (0),1,,13,"void pusch_noise_intf_est::noiseIntfEstNoDftSOfdmKernel<float, __half, float, float, (unsigned int)2, (unsigned int)1, (unsigned char)4, (unsigned char)4>(pusch_noise_intf_est::puschRxNoiseIntfEstDynDescr)"
10890425292,8608,226568,35,1,1,128,1,1,16,0.000,0.000,,,,,NVIDIA A100-SXM4-40GB MIG 4g.20gb (0),1,,13,cupy_copy__complex64_complex64
10891009414,4768,226577,1,1,1,1,1,1,18,0.000,0.000,,,,,NVIDIA A100-SXM4-40GB MIG 4g.20gb (0),1,,13,cupy_copy__float32_float32
10891020070,1888,226583,,,,,,,,,,0.000,2.119,Device,Pageable,NVIDIA A100-SXM4-40GB MIG 4g.20gb (0),1,,7,[CUDA memcpy Device-to-Host]
10891539264,17632,226594,1434,1,1,128,1,1,16,0.000,0.000,,,,,NVIDIA A100-SXM4-40GB MIG 4g.20gb (0),1,,13,cupy_copy__complex64_complex64
10892124537,17920,226601,103,1,1,128,1,1,16,0.000,0.000,,,,,NVIDIA A100-SXM4-40GB MIG 4g.20gb (0),1,,13,cupy_copy__complex64_complex64
10892644595,6848,226608,35,1,1,128,1,1,16,0.000,0.000,,,,,NVIDIA A100-SXM4-40GB MIG 4g.20gb (0),1,,13,cupy_copy__complex64_complex64
10892892144,4448,226615,1,1,1,1,1,1,18,0.000,0.000,,,,,NVIDIA A100-SXM4-40GB MIG 4g.20gb (0),1,,13,cupy_copy__float32_float32
10893462282,238365,226626,1,1,1,32,32,1,30,0.000,0.000,,,,,NVIDIA A100-SXM4-40GB MIG 4g.20gb (0),1,,13,"void convert_kernel<__half2, float2>(tensor_layout_any, T1 *, tensor_layout_any, const T2 *)"
10893732007,5600,226629,,,,,,,,,,0.094,16731.388,Pinned,Device,NVIDIA A100-SXM4-40GB MIG 4g.20gb (0),1,,13,[CUDA memcpy Host-to-Device]
10894235137,18016,226630,,,,,,,,,,1.547,85846.912,Device,,NVIDIA A100-SXM4-40GB MIG 4g.20gb (0),1,,13,[CUDA memset]
10894256033,4448,226635,,,,,,,,,,0.031,7035.967,Pinned,Device,NVIDIA A100-SXM4-40GB MIG 4g.20gb (0),1,,13,[CUDA memcpy Host-to-Device]
10894266017,13440,226636,,,,,,,,,,0.197,14628.422,Pinned,Device,NVIDIA A100-SXM4-40GB MIG 4g.20gb (0),1,,13,[CUDA memcpy Host-to-Device]
10894883514,17568,226637,273,1,1,8,4,1,39,0.002,0.000,,,,,NVIDIA A100-SXM4-40GB MIG 4g.20gb (0),1,,13,"void channel_eq::eqMmseCoefCompLowMimoKernel<float, float, float, (unsigned int)4, (unsigned int)1, (unsigned int)4>(const channel_eq::_puschRxChEqStatDescr *, channel_eq::_puschRxChEqCoefCompDynDescr)"
10895495443,24704,226638,273,1,1,12,11,1,51,0.002,0.000,,,,,NVIDIA A100-SXM4-40GB MIG 4g.20gb (0),1,,13,"void channel_eq::eqMmseSoftDemapKernel<float, __half, __half, float, (unsigned int)4, (unsigned short)16383>(channel_eq::_puschRxChEqStatDescr *, channel_eq::_puschRxChEqSoftDemapDynDescr)"
10896205099,630905,226639,1,1,1,32,32,1,30,0.000,0.000,,,,,NVIDIA A100-SXM4-40GB MIG 4g.20gb (0),1,,13,"void convert_kernel<float2, __half2>(tensor_layout_any, T1 *, tensor_layout_any, const T2 *)"
10897477372,22144,226651,2253,1,1,128,1,1,16,0.000,0.000,,,,,NVIDIA A100-SXM4-40GB MIG 4g.20gb (0),1,,13,cupy_copy__float16_float16
10898105877,8672,226660,282,1,1,128,1,1,16,0.000,0.000,,,,,NVIDIA A100-SXM4-40GB MIG 4g.20gb (0),1,,13,cupy_copy__complex64_complex64
10898749070,6880,226669,26,1,1,128,1,1,16,0.000,0.000,,,,,NVIDIA A100-SXM4-40GB MIG 4g.20gb (0),1,,13,cupy_copy__float32_float32
10899252136,8672,226678,103,1,1,128,1,1,16,0.000,0.000,,,,,NVIDIA A100-SXM4-40GB MIG 4g.20gb (0),1,,13,cupy_copy__complex64_complex64
10899716771,19232,226688,1434,1,1,128,1,1,16,0.000,0.000,,,,,NVIDIA A100-SXM4-40GB MIG 4g.20gb (0),1,,13,cupy_copy__complex64_complex64
10900224221,239646,226693,1,1,1,32,32,1,30,0.000,0.000,,,,,NVIDIA A100-SXM4-40GB MIG 4g.20gb (0),1,,13,"void convert_kernel<__half2, float2>(tensor_layout_any, T1 *, tensor_layout_any, const T2 *)"
10900494714,5760,226696,,,,,,,,,,0.094,16266.656,Pinned,Device,NVIDIA A100-SXM4-40GB MIG 4g.20gb (0),1,,13,[CUDA memcpy Host-to-Device]
10900871222,628377,226697,,,,,,,,,,456.561,726389.251,Device,,NVIDIA A100-SXM4-40GB MIG 4g.20gb (0),1,,13,[CUDA memset]
10901501359,63679,226702,,,,,,,,,,1.235,19392.326,Pinned,Device,NVIDIA A100-SXM4-40GB MIG 4g.20gb (0),1,,13,[CUDA memcpy Host-to-Device]
10901567694,9632,226703,,,,,,,,,,0.197,20411.843,Pinned,Device,NVIDIA A100-SXM4-40GB MIG 4g.20gb (0),1,,13,[CUDA memcpy Host-to-Device]
10902066408,27360,226704,69,4,1,48,1,1,76,0.002,0.000,,,,,NVIDIA A100-SXM4-40GB MIG 4g.20gb (0),1,,13,"void ch_est::windowedChEstPreNoDftSOfdmKernel<float, __half, float, (unsigned int)2, (unsigned int)1, (unsigned short)4>(ch_est::puschRxChEstStatDescr_t *, ch_est::puschRxChEstDynDescr_t *)"
10902566979,31263,226705,137,2,1,24,2,1,44,0.001,0.001,,,,,NVIDIA A100-SXM4-40GB MIG 4g.20gb (0),1,,13,"void ch_est::chEstFilterNoDftSOfdmDispatchKernel<float, __half, float, (unsigned int)2>(ch_est::puschRxChEstStatDescr_t *, ch_est::puschRxChEstDynDescr_t *)"
10903264859,34815,226706,137,2,1,24,2,1,44,0.001,0.001,,,,,NVIDIA A100-SXM4-40GB MIG 4g.20gb (0),1,,13,"void ch_est::chEstFilterNoDftSOfdmDispatchKernel<float, __half, float, (unsigned int)2>(ch_est::puschRxChEstStatDescr_t *, ch_est::puschRxChEstDynDescr_t *)"
10903763189,6048,226717,103,1,1,128,1,1,16,0.000,0.000,,,,,NVIDIA A100-SXM4-40GB MIG 4g.20gb (0),1,,13,cupy_copy__complex64_complex64
10904383278,20768,226727,1434,1,1,128,1,1,16,0.000,0.000,,,,,NVIDIA A100-SXM4-40GB MIG 4g.20gb (0),1,,13,cupy_copy__complex64_complex64
10904819369,7072,226734,103,1,1,128,1,1,16,0.000,0.000,,,,,NVIDIA A100-SXM4-40GB MIG 4g.20gb (0),1,,13,cupy_copy__complex64_complex64
10905232645,244381,226741,1,1,1,32,32,1,30,0.000,0.000,,,,,NVIDIA A100-SXM4-40GB MIG 4g.20gb (0),1,,13,"void convert_kernel<__half2, float2>(tensor_layout_any, T1 *, tensor_layout_any, const T2 *)"
10905507649,5952,226744,,,,,,,,,,0.094,15741.865,Pinned,Device,NVIDIA A100-SXM4-40GB MIG 4g.20gb (0),1,,13,[CUDA memcpy Host-to-Device]
10905964252,67423,226745,,,,,,,,,,35.810,531096.924,Device,,NVIDIA A100-SXM4-40GB MIG 4g.20gb (0),1,,13,[CUDA memset]
10906037979,1856,226747,,,,,,,,,,0.000,43.103,Pinned,Device,NVIDIA A100-SXM4-40GB MIG 4g.20gb (0),1,,13,[CUDA memcpy Host-to-Device]
10906045979,14336,226748,,,,,,,,,,0.197,13714.194,Pinned,Device,NVIDIA A100-SXM4-40GB MIG 4g.20gb (0),1,,13,[CUDA memcpy Host-to-Device]
10906678644,33088,226749,273,1,1,48,1,1,40,0.000,0.001,,,,,NVIDIA A100-SXM4-40GB MIG 4g.20gb (0),1,,13,"void pusch_noise_intf_est::noiseIntfEstNoDftSOfdmKernel<float, __half, float, float, (unsigned int)2, (unsigned int)1, (unsigned char)4, (unsigned char)4>(pusch_noise_intf_est::puschRxNoiseIntfEstDynDescr)"
10907261357,4448,226760,35,1,1,128,1,1,16,0.000,0.000,,,,,NVIDIA A100-SXM4-40GB MIG 4g.20gb (0),1,,13,cupy_copy__complex64_complex64
10907934694,3424,226769,1,1,1,1,1,1,18,0.000,0.000,,,,,NVIDIA A100-SXM4-40GB MIG 4g.20gb (0),1,,13,cupy_copy__float32_float32
10907940326,1632,226775,,,,,,,,,,0.000,2.451,Device,Pageable,NVIDIA A100-SXM4-40GB MIG 4g.20gb (0),1,,7,[CUDA memcpy Device-to-Host]
10908592318,17248,226786,1434,1,1,128,1,1,16,0.000,0.000,,,,,NVIDIA A100-SXM4-40GB MIG 4g.20gb (0),1,,13,cupy_copy__complex64_complex64
10909257591,4512,226793,103,1,1,128,1,1,16,0.000,0.000,,,,,NVIDIA A100-SXM4-40GB MIG 4g.20gb (0),1,,13,cupy_copy__complex64_complex64
10909757137,8352,226800,35,1,1,128,1,1,16,0.000,0.000,,,,,NVIDIA A100-SXM4-40GB MIG 4g.20gb (0),1,,13,cupy_copy__complex64_complex64
10910433546,4767,226807,1,1,1,1,1,1,18,0.000,0.000,,,,,NVIDIA A100-SXM4-40GB MIG 4g.20gb (0),1,,13,cupy_copy__float32_float32
10911107042,277821,226818,1,1,1,32,32,1,30,0.000,0.000,,,,,NVIDIA A100-SXM4-40GB MIG 4g.20gb (0),1,,13,"void convert_kernel<__half2, float2>(tensor_layout_any, T1 *, tensor_layout_any, const T2 *)"
10911415230,10848,226821,,,,,,,,,,0.094,8637.085,Pinned,Device,NVIDIA A100-SXM4-40GB MIG 4g.20gb (0),1,,13,[CUDA memcpy Host-to-Device]
10912113622,17408,226822,,,,,,,,,,1.547,88844.269,Device,,NVIDIA A100-SXM4-40GB MIG 4g.20gb (0),1,,13,[CUDA memset]
10912141206,7392,226827,,,,,,,,,,0.031,4233.754,Pinned,Device,NVIDIA A100-SXM4-40GB MIG 4g.20gb (0),1,,13,[CUDA memcpy Host-to-Device]
10912153142,18848,226828,,,,,,,,,,0.197,10431.234,Pinned,Device,NVIDIA A100-SXM4-40GB MIG 4g.20gb (0),1,,13,[CUDA memcpy Host-to-Device]
10912665200,19232,226829,273,1,1,8,4,1,39,0.002,0.000,,,,,NVIDIA A100-SXM4-40GB MIG 4g.20gb (0),1,,13,"void channel_eq::eqMmseCoefCompLowMimoKernel<float, float, float, (unsigned int)4, (unsigned int)1, (unsigned int)4>(const channel_eq::_puschRxChEqStatDescr *, channel_eq::_puschRxChEqCoefCompDynDescr)"
10913072268,23135,226830,273,1,1,12,11,1,51,0.002,0.000,,,,,NVIDIA A100-SXM4-40GB MIG 4g.20gb (0),1,,13,"void channel_eq::eqMmseSoftDemapKernel<float, __half, __half, float, (unsigned int)4, (unsigned short)16383>(channel_eq::_puschRxChEqStatDescr *, channel_eq::_puschRxChEqSoftDemapDynDescr)"
10913578470,670328,226831,1,1,1,32,32,1,30,0.000,0.000,,,,,NVIDIA A100-SXM4-40GB MIG 4g.20gb (0),1,,13,"void convert_kernel<float2, __half2>(tensor_layout_any, T1 *, tensor_layout_any, const T2 *)"
10914769208,22496,226843,2253,1,1,128,1,1,16,0.000,0.000,,,,,NVIDIA A100-SXM4-40GB MIG 4g.20gb (0),1,,13,cupy_copy__float16_float16
10915251539,6656,226852,282,1,1,128,1,1,16,0.000,0.000,,,,,NVIDIA A100-SXM4-40GB MIG 4g.20gb (0),1,,13,cupy_copy__complex64_complex64
10916042730,5760,226861,26,1,1,128,1,1,16,0.000,0.000,,,,,NVIDIA A100-SXM4-40GB MIG 4g.20gb (0),1,,13,cupy_copy__float32_float32
10916517508,18656,226870,103,1,1,128,1,1,16,0.000,0.000,,,,,NVIDIA A100-SXM4-40GB MIG 4g.20gb (0),1,,13,cupy_copy__complex64_complex64
10917234620,21152,226880,1434,1,1,128,1,1,16,0.000,0.000,,,,,NVIDIA A100-SXM4-40GB MIG 4g.20gb (0),1,,13,cupy_copy__complex64_complex64
10917846133,215070,226885,1,1,1,32,32,1,30,0.000,0.000,,,,,NVIDIA A100-SXM4-40GB MIG 4g.20gb (0),1,,13,"void convert_kernel<__half2, float2>(tensor_layout_any, T1 *, tensor_layout_any, const T2 *)"
10918095123,5696,226888,,,,,,,,,,0.094,16449.363,Pinned,Device,NVIDIA A100-SXM4-40GB MIG 4g.20gb (0),1,,13,[CUDA memcpy Host-to-Device]
10918394447,635193,226889,,,,,,,,,,456.561,718627.707,Device,,NVIDIA A100-SXM4-40GB MIG 4g.20gb (0),1,,13,[CUDA memset]
10919033256,62783,226894,,,,,,,,,,1.235,19668.953,Pinned,Device,NVIDIA A100-SXM4-40GB MIG 4g.20gb (0),1,,13,[CUDA memcpy Host-to-Device]
10919098503,10304,226895,,,,,,,,,,0.197,19080.610,Pinned,Device,NVIDIA A100-SXM4-40GB MIG 4g.20gb (0),1,,13,[CUDA memcpy Host-to-Device]
10919856543,29183,226896,69,4,1,48,1,1,76,0.002,0.000,,,,,NVIDIA A100-SXM4-40GB MIG 4g.20gb (0),1,,13,"void ch_est::windowedChEstPreNoDftSOfdmKernel<float, __half, float, (unsigned int)2, (unsigned int)1, (unsigned short)4>(ch_est::puschRxChEstStatDescr_t *, ch_est::puschRxChEstDynDescr_t *)"
10920620406,30112,226897,137,2,1,24,2,1,44,0.001,0.001,,,,,NVIDIA A100-SXM4-40GB MIG 4g.20gb (0),1,,13,"void ch_est::chEstFilterNoDftSOfdmDispatchKernel<float, __half, float, (unsigned int)2>(ch_est::puschRxChEstStatDescr_t *, ch_est::puschRxChEstDynDescr_t *)"
10921366637,24160,226898,137,2,1,24,2,1,44,0.001,0.001,,,,,NVIDIA A100-SXM4-40GB MIG 4g.20gb (0),1,,13,"void ch_est::chEstFilterNoDftSOfdmDispatchKernel<float, __half, float, (unsigned int)2>(ch_est::puschRxChEstStatDescr_t *, ch_est::puschRxChEstDynDescr_t *)"
10922154405,4576,226909,103,1,1,128,1,1,16,0.000,0.000,,,,,NVIDIA A100-SXM4-40GB MIG 4g.20gb (0),1,,13,cupy_copy__complex64_complex64
10922634975,21920,226919,1434,1,1,128,1,1,16,0.000,0.000,,,,,NVIDIA A100-SXM4-40GB MIG 4g.20gb (0),1,,13,cupy_copy__complex64_complex64
10923300824,6655,226926,103,1,1,128,1,1,16,0.000,0.000,,,,,NVIDIA A100-SXM4-40GB MIG 4g.20gb (0),1,,13,cupy_copy__complex64_complex64
10923842897,229502,226933,1,1,1,32,32,1,30,0.000,0.000,,,,,NVIDIA A100-SXM4-40GB MIG 4g.20gb (0),1,,13,"void convert_kernel<__half2, float2>(tensor_layout_any, T1 *, tensor_layout_any, const T2 *)"
10924103598,8960,226936,,,,,,,,,,0.094,10457.129,Pinned,Device,NVIDIA A100-SXM4-40GB MIG 4g.20gb (0),1,,13,[CUDA memcpy Host-to-Device]
10924632072,64384,226937,,,,,,,,,,35.810,556163.868,Device,,NVIDIA A100-SXM4-40GB MIG 4g.20gb (0),1,,13,[CUDA memset]
10924699720,2112,226939,,,,,,,,,,0.000,37.879,Pinned,Device,NVIDIA A100-SXM4-40GB MIG 4g.20gb (0),1,,13,[CUDA memcpy Host-to-Device]
10924704296,13183,226940,,,,,,,,,,0.197,14913.700,Pinned,Device,NVIDIA A100-SXM4-40GB MIG 4g.20gb (0),1,,13,[CUDA memcpy Host-to-Device]
10925471359,35488,226941,273,1,1,48,1,1,40,0.000,0.001,,,,,NVIDIA A100-SXM4-40GB MIG 4g.20gb (0),1,,13,"void pusch_noise_intf_est::noiseIntfEstNoDftSOfdmKernel<float, __half, float, float, (unsigned int)2, (unsigned int)1, (unsigned char)4, (unsigned char)4>(pusch_noise_intf_est::puschRxNoiseIntfEstDynDescr)"
10926250838,7168,226952,35,1,1,128,1,1,16,0.000,0.000,,,,,NVIDIA A100-SXM4-40GB MIG 4g.20gb (0),1,,13,cupy_copy__complex64_complex64
10926964846,4288,226961,1,1,1,1,1,1,18,0.000,0.000,,,,,NVIDIA A100-SXM4-40GB MIG 4g.20gb (0),1,,13,cupy_copy__float32_float32
10926974446,4224,226967,,,,,,,,,,0.000,0.947,Device,Pageable,NVIDIA A100-SXM4-40GB MIG 4g.20gb (0),1,,7,[CUDA memcpy Device-to-Host]
10927572615,19648,226978,1434,1,1,128,1,1,16,0.000,0.000,,,,,NVIDIA A100-SXM4-40GB MIG 4g.20gb (0),1,,13,cupy_copy__complex64_complex64
10928022818,11232,226985,103,1,1,128,1,1,16,0.000,0.000,,,,,NVIDIA A100-SXM4-40GB MIG 4g.20gb (0),1,,13,cupy_copy__complex64_complex64
10928489213,5440,226992,35,1,1,128,1,1,16,0.000,0.000,,,,,NVIDIA A100-SXM4-40GB MIG 4g.20gb (0),1,,13,cupy_copy__complex64_complex64
10928845561,3776,226999,1,1,1,1,1,1,18,0.000,0.000,,,,,NVIDIA A100-SXM4-40GB MIG 4g.20gb (0),1,,13,cupy_copy__float32_float32
10929325843,242269,227010,1,1,1,32,32,1,30,0.000,0.000,,,,,NVIDIA A100-SXM4-40GB MIG 4g.20gb (0),1,,13,"void convert_kernel<__half2, float2>(tensor_layout_any, T1 *, tensor_layout_any, const T2 *)"
10929602608,5664,227013,,,,,,,,,,0.094,16542.310,Pinned,Device,NVIDIA A100-SXM4-40GB MIG 4g.20gb (0),1,,13,[CUDA memcpy Host-to-Device]
10929905261,17055,227014,,,,,,,,,,1.547,90683.205,Device,,NVIDIA A100-SXM4-40GB MIG 4g.20gb (0),1,,13,[CUDA memset]
10929926604,3328,227019,,,,,,,,,,0.031,9403.822,Pinned,Device,NVIDIA A100-SXM4-40GB MIG 4g.20gb (0),1,,13,[CUDA memcpy Host-to-Device]
10929939852,12192,227020,,,,,,,,,,0.197,16125.788,Pinned,Device,NVIDIA A100-SXM4-40GB MIG 4g.20gb (0),1,,13,[CUDA memcpy Host-to-Device]
10930663716,12736,227021,273,1,1,8,4,1,39,0.002,0.000,,,,,NVIDIA A100-SXM4-40GB MIG 4g.20gb (0),1,,13,"void channel_eq::eqMmseCoefCompLowMimoKernel<float, float, float, (unsigned int)4, (unsigned int)1, (unsigned int)4>(const channel_eq::_puschRxChEqStatDescr *, channel_eq::_puschRxChEqCoefCompDynDescr)"
10931243709,29280,227022,273,1,1,12,11,1,51,0.002,0.000,,,,,NVIDIA A100-SXM4-40GB MIG 4g.20gb (0),1,,13,"void channel_eq::eqMmseSoftDemapKernel<float, __half, __half, float, (unsigned int)4, (unsigned short)16383>(channel_eq::_puschRxChEqStatDescr *, channel_eq::_puschRxChEqSoftDemapDynDescr)"
10931930326,644024,227023,1,1,1,32,32,1,30,0.000,0.000,,,,,NVIDIA A100-SXM4-40GB MIG 4g.20gb (0),1,,13,"void convert_kernel<float2, __half2>(tensor_layout_any, T1 *, tensor_layout_any, const T2 *)"
10933267175,16191,227035,2253,1,1,128,1,1,16,0.000,0.000,,,,,NVIDIA A100-SXM4-40GB MIG 4g.20gb (0),1,,13,cupy_copy__float16_float16
10933762625,8384,227044,282,1,1,128,1,1,16,0.000,0.000,,,,,NVIDIA A100-SXM4-40GB MIG 4g.20gb (0),1,,13,cupy_copy__complex64_complex64
10934465817,15264,227053,26,1,1,128,1,1,16,0.000,0.000,,,,,NVIDIA A100-SXM4-40GB MIG 4g.20gb (0),1,,13,cupy_copy__float32_float32
10935098770,9184,227062,103,1,1,128,1,1,16,0.000,0.000,,,,,NVIDIA A100-SXM4-40GB MIG 4g.20gb (0),1,,13,cupy_copy__complex64_complex64
10935613964,20896,227072,1434,1,1,128,1,1,16,0.000,0.000,,,,,NVIDIA A100-SXM4-40GB MIG 4g.20gb (0),1,,13,cupy_copy__complex64_complex64
10936304772,245277,227077,1,1,1,32,32,1,30,0.000,0.000,,,,,NVIDIA A100-SXM4-40GB MIG 4g.20gb (0),1,,13,"void convert_kernel<__half2, float2>(tensor_layout_any, T1 *, tensor_layout_any, const T2 *)"
10936579521,5472,227080,,,,,,,,,,0.094,17122.757,Pinned,Device,NVIDIA A100-SXM4-40GB MIG 4g.20gb (0),1,,13,[CUDA memcpy Host-to-Device]
10937032956,637689,227081,,,,,,,,,,456.561,715888.338,Device,,NVIDIA A100-SXM4-40GB MIG 4g.20gb (0),1,,13,[CUDA memset]
10937677460,64096,227086,,,,,,,,,,1.235,19266.361,Pinned,Device,NVIDIA A100-SXM4-40GB MIG 4g.20gb (0),1,,13,[CUDA memcpy Host-to-Device]
10937744020,9472,227087,,,,,,,,,,0.197,20756.693,Pinned,Device,NVIDIA A100-SXM4-40GB MIG 4g.20gb (0),1,,13,[CUDA memcpy Host-to-Device]
10938314221,28416,227088,69,4,1,48,1,1,76,0.002,0.000,,,,,NVIDIA A100-SXM4-40GB MIG 4g.20gb (0),1,,13,"void ch_est::windowedChEstPreNoDftSOfdmKernel<float, __half, float, (unsigned int)2, (unsigned int)1, (unsigned short)4>(ch_est::puschRxChEstStatDescr_t *, ch_est::puschRxChEstDynDescr_t *)"
10938973382,30399,227089,137,2,1,24,2,1,44,0.001,0.001,,,,,NVIDIA A100-SXM4-40GB MIG 4g.20gb (0),1,,13,"void ch_est::chEstFilterNoDftSOfdmDispatchKernel<float, __half, float, (unsigned int)2>(ch_est::puschRxChEstStatDescr_t *, ch_est::puschRxChEstDynDescr_t *)"
10939549855,13408,227090,137,2,1,24,2,1,44,0.001,0.001,,,,,NVIDIA A100-SXM4-40GB MIG 4g.20gb (0),1,,13,"void ch_est::chEstFilterNoDftSOfdmDispatchKernel<float, __half, float, (unsigned int)2>(ch_est::puschRxChEstStatDescr_t *, ch_est::puschRxChEstDynDescr_t *)"
10940205208,4480,227101,103,1,1,128,1,1,16,0.000,0.000,,,,,NVIDIA A100-SXM4-40GB MIG 4g.20gb (0),1,,13,cupy_copy__complex64_complex64
10940856944,17088,227111,1434,1,1,128,1,1,16,0.000,0.000,,,,,NVIDIA A100-SXM4-40GB MIG 4g.20gb (0),1,,13,cupy_copy__complex64_complex64
10941355307,7296,227118,103,1,1,128,1,1,16,0.000,0.000,,,,,NVIDIA A100-SXM4-40GB MIG 4g.20gb (0),1,,13,cupy_copy__complex64_complex64
10941815558,251869,227125,1,1,1,32,32,1,30,0.000,0.000,,,,,NVIDIA A100-SXM4-40GB MIG 4g.20gb (0),1,,13,"void convert_kernel<__half2, float2>(tensor_layout_any, T1 *, tensor_layout_any, const T2 *)"
10942097442,5696,227128,,,,,,,,,,0.094,16449.363,Pinned,Device,NVIDIA A100-SXM4-40GB MIG 4g.20gb (0),1,,13,[CUDA memcpy Host-to-Device]
10942424031,63679,227129,,,,,,,,,,35.810,562323.174,Device,,NVIDIA A100-SXM4-40GB MIG 4g.20gb (0),1,,13,[CUDA memset]
10942495038,6144,227131,,,,,,,,,,0.000,13.021,Pinned,Device,NVIDIA A100-SXM4-40GB MIG 4g.20gb (0),1,,13,[CUDA memcpy Host-to-Device]
10942507710,14176,227132,,,,,,,,,,0.197,13868.925,Pinned,Device,NVIDIA A100-SXM4-40GB MIG 4g.20gb (0),1,,13,[CUDA memcpy Host-to-Device]
10943078903,32192,227133,273,1,1,48,1,1,40,0.000,0.001,,,,,NVIDIA A100-SXM4-40GB MIG 4g.20gb (0),1,,13,"void pusch_noise_intf_est::noiseIntfEstNoDftSOfdmKernel<float, __half, float, float, (unsigned int)2, (unsigned int)1, (unsigned char)4, (unsigned char)4>(pusch_noise_intf_est::puschRxNoiseIntfEstDynDescr)"
10943587793,5952,227144,35,1,1,128,1,1,16,0.000,0.000,,,,,NVIDIA A100-SXM4-40GB MIG 4g.20gb (0),1,,13,cupy_copy__complex64_complex64
10944084620,4256,227153,1,1,1,1,1,1,18,0.000,0.000,,,,,NVIDIA A100-SXM4-40GB MIG 4g.20gb (0),1,,13,cupy_copy__float32_float32
10944095020,5792,227159,,,,,,,,,,0.000,0.691,Device,Pageable,NVIDIA A100-SXM4-40GB MIG 4g.20gb (0),1,,7,[CUDA memcpy Device-to-Host]
10944978882,18303,227170,1434,1,1,128,1,1,16,0.000,0.000,,,,,NVIDIA A100-SXM4-40GB MIG 4g.20gb (0),1,,13,cupy_copy__complex64_complex64
10945425917,15647,227177,103,1,1,128,1,1,16,0.000,0.000,,,,,NVIDIA A100-SXM4-40GB MIG 4g.20gb (0),1,,13,cupy_copy__complex64_complex64
10946197844,5760,227184,35,1,1,128,1,1,16,0.000,0.000,,,,,NVIDIA A100-SXM4-40GB MIG 4g.20gb (0),1,,13,cupy_copy__complex64_complex64
10946850796,5728,227191,1,1,1,1,1,1,18,0.000,0.000,,,,,NVIDIA A100-SXM4-40GB MIG 4g.20gb (0),1,,13,cupy_copy__float32_float32
10947363079,239325,227202,1,1,1,32,32,1,30,0.000,0.000,,,,,NVIDIA A100-SXM4-40GB MIG 4g.20gb (0),1,,13,"void convert_kernel<__half2, float2>(tensor_layout_any, T1 *, tensor_layout_any, const T2 *)"
10947632452,5791,227205,,,,,,,,,,0.094,16179.519,Pinned,Device,NVIDIA A100-SXM4-40GB MIG 4g.20gb (0),1,,13,[CUDA memcpy Host-to-Device]
10948320028,17888,227206,,,,,,,,,,1.547,86460.921,Device,,NVIDIA A100-SXM4-40GB MIG 4g.20gb (0),1,,13,[CUDA memset]
10948345115,3840,227211,,,,,,,,,,0.031,8149.979,Pinned,Device,NVIDIA A100-SXM4-40GB MIG 4g.20gb (0),1,,13,[CUDA memcpy Host-to-Device]
10948352283,13920,227212,,,,,,,,,,0.197,14124.122,Pinned,Device,NVIDIA A100-SXM4-40GB MIG 4g.20gb (0),1,,13,[CUDA memcpy Host-to-Device]
10949202386,20352,227213,273,1,1,8,4,1,39,0.002,0.000,,,,,NVIDIA A100-SXM4-40GB MIG 4g.20gb (0),1,,13,"void channel_eq::eqMmseCoefCompLowMimoKernel<float, float, float, (unsigned int)4, (unsigned int)1, (unsigned int)4>(const channel_eq::_puschRxChEqStatDescr *, channel_eq::_puschRxChEqCoefCompDynDescr)"
10950011433,17311,227214,273,1,1,12,11,1,51,0.002,0.000,,,,,NVIDIA A100-SXM4-40GB MIG 4g.20gb (0),1,,13,"void channel_eq::eqMmseSoftDemapKernel<float, __half, __half, float, (unsigned int)4, (unsigned short)16383>(channel_eq::_puschRxChEqStatDescr *, channel_eq::_puschRxChEqSoftDemapDynDescr)"
10950907390,678137,227215,1,1,1,32,32,1,30,0.000,0.000,,,,,NVIDIA A100-SXM4-40GB MIG 4g.20gb (0),1,,13,"void convert_kernel<float2, __half2>(tensor_layout_any, T1 *, tensor_layout_any, const T2 *)"
10952223183,26368,227227,2253,1,1,128,1,1,16,0.000,0.000,,,,,NVIDIA A100-SXM4-40GB MIG 4g.20gb (0),1,,13,cupy_copy__float16_float16
10953130757,18240,227236,282,1,1,128,1,1,16,0.000,0.000,,,,,NVIDIA A100-SXM4-40GB MIG 4g.20gb (0),1,,13,cupy_copy__complex64_complex64
10953889437,5568,227245,26,1,1,128,1,1,16,0.000,0.000,,,,,NVIDIA A100-SXM4-40GB MIG 4g.20gb (0),1,,13,cupy_copy__float32_float32
10954435478,9760,227254,103,1,1,128,1,1,16,0.000,0.000,,,,,NVIDIA A100-SXM4-40GB MIG 4g.20gb (0),1,,13,cupy_copy__complex64_complex64
10955130191,18815,227264,1434,1,1,128,1,1,16,0.000,0.000,,,,,NVIDIA A100-SXM4-40GB MIG 4g.20gb (0),1,,13,cupy_copy__complex64_complex64
10955885990,248093,227269,1,1,1,32,32,1,30,0.000,0.000,,,,,NVIDIA A100-SXM4-40GB MIG 4g.20gb (0),1,,13,"void convert_kernel<__half2, float2>(tensor_layout_any, T1 *, tensor_layout_any, const T2 *)"
10956164803,5984,227272,,,,,,,,,,0.094,15657.726,Pinned,Device,NVIDIA A100-SXM4-40GB MIG 4g.20gb (0),1,,13,[CUDA memcpy Host-to-Device]
10956494847,630585,227273,,,,,,,,,,456.561,723649.882,Device,,NVIDIA A100-SXM4-40GB MIG 4g.20gb (0),1,,13,[CUDA memset]
10957131928,63935,227278,,,,,,,,,,1.235,19314.524,Pinned,Device,NVIDIA A100-SXM4-40GB MIG 4g.20gb (0),1,,13,[CUDA memcpy Host-to-Device]
10957198423,9440,227279,,,,,,,,,,0.197,20827.079,Pinned,Device,NVIDIA A100-SXM4-40GB MIG 4g.20gb (0),1,,13,[CUDA memcpy Host-to-Device]
10957610290,28192,227280,69,4,1,48,1,1,76,0.002,0.000,,,,,NVIDIA A100-SXM4-40GB MIG 4g.20gb (0),1,,13,"void ch_est::windowedChEstPreNoDftSOfdmKernel<float, __half, float, (unsigned int)2, (unsigned int)1, (unsigned short)4>(ch_est::puschRxChEstStatDescr_t *, ch_est::puschRxChEstDynDescr_t *)"
10958012366,30975,227281,137,2,1,24,2,1,44,0.001,0.001,,,,,NVIDIA A100-SXM4-40GB MIG 4g.20gb (0),1,,13,"void ch_est::chEstFilterNoDftSOfdmDispatchKernel<float, __half, float, (unsigned int)2>(ch_est::puschRxChEstStatDescr_t *, ch_est::puschRxChEstDynDescr_t *)"
10958497576,32288,227282,137,2,1,24,2,1,44,0.001,0.001,,,,,NVIDIA A100-SXM4-40GB MIG 4g.20gb (0),1,,13,"void ch_est::chEstFilterNoDftSOfdmDispatchKernel<float, __half, float, (unsigned int)2>(ch_est::puschRxChEstStatDescr_t *, ch_est::puschRxChEstDynDescr_t *)"
10958993027,9248,227293,103,1,1,128,1,1,16,0.000,0.000,,,,,NVIDIA A100-SXM4-40GB MIG 4g.20gb (0),1,,13,cupy_copy__complex64_complex64
10959537277,24063,227303,1434,1,1,128,1,1,16,0.000,0.000,,,,,NVIDIA A100-SXM4-40GB MIG 4g.20gb (0),1,,13,cupy_copy__complex64_complex64
10959972440,6880,227310,103,1,1,128,1,1,16,0.000,0.000,,,,,NVIDIA A100-SXM4-40GB MIG 4g.20gb (0),1,,13,cupy_copy__complex64_complex64
10960327124,238269,227317,1,1,1,32,32,1,30,0.000,0.000,,,,,NVIDIA A100-SXM4-40GB MIG 4g.20gb (0),1,,13,"void convert_kernel<__half2, float2>(tensor_layout_any, T1 *, tensor_layout_any, const T2 *)"
10960599120,7232,227320,,,,,,,,,,0.094,12955.721,Pinned,Device,NVIDIA A100-SXM4-40GB MIG 4g.20gb (0),1,,13,[CUDA memcpy Host-to-Device]
10960977132,65887,227321,,,,,,,,,,35.810,543487.156,Device,,NVIDIA A100-SXM4-40GB MIG 4g.20gb (0),1,,13,[CUDA memset]
10961046667,8352,227323,,,,,,,,,,0.000,9.578,Pinned,Device,NVIDIA A100-SXM4-40GB MIG 4g.20gb (0),1,,13,[CUDA memcpy Host-to-Device]
10961062539,15488,227324,,,,,,,,,,0.197,12694.192,Pinned,Device,NVIDIA A100-SXM4-40GB MIG 4g.20gb (0),1,,13,[CUDA memcpy Host-to-Device]
10961581541,32672,227325,273,1,1,48,1,1,40,0.000,0.001,,,,,NVIDIA A100-SXM4-40GB MIG 4g.20gb (0),1,,13,"void pusch_noise_intf_est::noiseIntfEstNoDftSOfdmKernel<float, __half, float, float, (unsigned int)2, (unsigned int)1, (unsigned char)4, (unsigned char)4>(pusch_noise_intf_est::puschRxNoiseIntfEstDynDescr)"
10962169471,7456,227336,35,1,1,128,1,1,16,0.000,0.000,,,,,NVIDIA A100-SXM4-40GB MIG 4g.20gb (0),1,,13,cupy_copy__complex64_complex64
10962744888,3808,227345,1,1,1,1,1,1,18,0.000,0.000,,,,,NVIDIA A100-SXM4-40GB MIG 4g.20gb (0),1,,13,cupy_copy__float32_float32
10962754648,2176,227351,,,,,,,,,,0.000,1.838,Device,Pageable,NVIDIA A100-SXM4-40GB MIG 4g.20gb (0),1,,7,[CUDA memcpy Device-to-Host]
10963390289,18368,227362,1434,1,1,128,1,1,16,0.000,0.000,,,,,NVIDIA A100-SXM4-40GB MIG 4g.20gb (0),1,,13,cupy_copy__complex64_complex64
10964047945,4544,227369,103,1,1,128,1,1,16,0.000,0.000,,,,,NVIDIA A100-SXM4-40GB MIG 4g.20gb (0),1,,13,cupy_copy__complex64_complex64
10964698018,4640,227376,35,1,1,128,1,1,16,0.000,0.000,,,,,NVIDIA A100-SXM4-40GB MIG 4g.20gb (0),1,,13,cupy_copy__complex64_complex64
10965362650,3776,227383,1,1,1,1,1,1,18,0.000,0.000,,,,,NVIDIA A100-SXM4-40GB MIG 4g.20gb (0),1,,13,cupy_copy__float32_float32
10965906132,269181,227394,1,1,1,32,32,1,30,0.000,0.000,,,,,NVIDIA A100-SXM4-40GB MIG 4g.20gb (0),1,,13,"void convert_kernel<__half2, float2>(tensor_layout_any, T1 *, tensor_layout_any, const T2 *)"
10966205553,5824,227397,,,,,,,,,,0.094,16087.884,Pinned,Device,NVIDIA A100-SXM4-40GB MIG 4g.20gb (0),1,,13,[CUDA memcpy Host-to-Device]
10966752107,17215,227398,,,,,,,,,,1.547,89840.295,Device,,NVIDIA A100-SXM4-40GB MIG 4g.20gb (0),1,,13,[CUDA memset]
10966774762,6688,227403,,,,,,,,,,0.031,4679.409,Pinned,Device,NVIDIA A100-SXM4-40GB MIG 4g.20gb (0),1,,13,[CUDA memcpy Host-to-Device]
10966785034,15808,227404,,,,,,,,,,0.197,12437.225,Pinned,Device,NVIDIA A100-SXM4-40GB MIG 4g.20gb (0),1,,13,[CUDA memcpy Host-to-Device]
10967410723,27072,227405,273,1,1,8,4,1,39,0.002,0.000,,,,,NVIDIA A100-SXM4-40GB MIG 4g.20gb (0),1,,13,"void channel_eq::eqMmseCoefCompLowMimoKernel<float, float, float, (unsigned int)4, (unsigned int)1, (unsigned int)4>(const channel_eq::_puschRxChEqStatDescr *, channel_eq::_puschRxChEqCoefCompDynDescr)"
10967981341,13088,227406,273,1,1,12,11,1,51,0.002,0.000,,,,,NVIDIA A100-SXM4-40GB MIG 4g.20gb (0),1,,13,"void channel_eq::eqMmseSoftDemapKernel<float, __half, __half, float, (unsigned int)4, (unsigned short)16383>(channel_eq::_puschRxChEqStatDescr *, channel_eq::_puschRxChEqSoftDemapDynDescr)"
10968533430,653881,227407,1,1,1,32,32,1,30,0.000,0.000,,,,,NVIDIA A100-SXM4-40GB MIG 4g.20gb (0),1,,13,"void convert_kernel<float2, __half2>(tensor_layout_any, T1 *, tensor_layout_any, const T2 *)"
10969572555,22495,227419,2253,1,1,128,1,1,16,0.000,0.000,,,,,NVIDIA A100-SXM4-40GB MIG 4g.20gb (0),1,,13,cupy_copy__float16_float16
10969992710,7712,227428,282,1,1,128,1,1,16,0.000,0.000,,,,,NVIDIA A100-SXM4-40GB MIG 4g.20gb (0),1,,13,cupy_copy__complex64_complex64
10970429345,15744,227437,26,1,1,128,1,1,16,0.000,0.000,,,,,NVIDIA A100-SXM4-40GB MIG 4g.20gb (0),1,,13,cupy_copy__float32_float32
10970796349,8864,227446,103,1,1,128,1,1,16,0.000,0.000,,,,,NVIDIA A100-SXM4-40GB MIG 4g.20gb (0),1,,13,cupy_copy__complex64_complex64
10971053690,20896,227456,1434,1,1,128,1,1,16,0.000,0.000,,,,,NVIDIA A100-SXM4-40GB MIG 4g.20gb (0),1,,13,cupy_copy__complex64_complex64
10971641811,249341,227461,1,1,1,32,32,1,30,0.000,0.000,,,,,NVIDIA A100-SXM4-40GB MIG 4g.20gb (0),1,,13,"void convert_kernel<__half2, float2>(tensor_layout_any, T1 *, tensor_layout_any, const T2 *)"
10971922128,5632,227464,,,,,,,,,,0.094,16636.287,Pinned,Device,NVIDIA A100-SXM4-40GB MIG 4g.20gb (0),1,,13,[CUDA memcpy Host-to-Device]
10972375243,632825,227465,,,,,,,,,,456.561,721367.075,Device,,NVIDIA A100-SXM4-40GB MIG 4g.20gb (0),1,,13,[CUDA memset]
10973013700,61887,227470,,,,,,,,,,1.235,19954.225,Pinned,Device,NVIDIA A100-SXM4-40GB MIG 4g.20gb (0),1,,13,[CUDA memcpy Host-to-Device]
10973078051,9728,227471,,,,,,,,,,0.197,20210.516,Pinned,Device,NVIDIA A100-SXM4-40GB MIG 4g.20gb (0),1,,13,[CUDA memcpy Host-to-Device]
10973662876,27392,227472,69,4,1,48,1,1,76,0.002,0.000,,,,,NVIDIA A100-SXM4-40GB MIG 4g.20gb (0),1,,13,"void ch_est::windowedChEstPreNoDftSOfdmKernel<float, __half, float, (unsigned int)2, (unsigned int)1, (unsigned short)4>(ch_est::puschRxChEstStatDescr_t *, ch_est::puschRxChEstDynDescr_t *)"
10974086359,32416,227473,137,2,1,24,2,1,44,0.001,0.001,,,,,NVIDIA A100-SXM4-40GB MIG 4g.20gb (0),1,,13,"void ch_est::chEstFilterNoDftSOfdmDispatchKernel<float, __half, float, (unsigned int)2>(ch_est::puschRxChEstStatDescr_t *, ch_est::puschRxChEstDynDescr_t *)"
10974745424,26624,227474,137,2,1,24,2,1,44,0.001,0.001,,,,,NVIDIA A100-SXM4-40GB MIG 4g.20gb (0),1,,13,"void ch_est::chEstFilterNoDftSOfdmDispatchKernel<float, __half, float, (unsigned int)2>(ch_est::puschRxChEstStatDescr_t *, ch_est::puschRxChEstDynDescr_t *)"
10975440968,4384,227485,103,1,1,128,1,1,16,0.000,0.000,,,,,NVIDIA A100-SXM4-40GB MIG 4g.20gb (0),1,,13,cupy_copy__complex64_complex64
10975916323,22623,227495,1434,1,1,128,1,1,16,0.000,0.000,,,,,NVIDIA A100-SXM4-40GB MIG 4g.20gb (0),1,,13,cupy_copy__complex64_complex64
10976555963,6432,227502,103,1,1,128,1,1,16,0.000,0.000,,,,,NVIDIA A100-SXM4-40GB MIG 4g.20gb (0),1,,13,cupy_copy__complex64_complex64
10977057750,203677,227509,1,1,1,32,32,1,30,0.000,0.000,,,,,NVIDIA A100-SXM4-40GB MIG 4g.20gb (0),1,,13,"void convert_kernel<__half2, float2>(tensor_layout_any, T1 *, tensor_layout_any, const T2 *)"
10977292947,7296,227512,,,,,,,,,,0.094,12842.067,Pinned,Device,NVIDIA A100-SXM4-40GB MIG 4g.20gb (0),1,,13,[CUDA memcpy Host-to-Device]
10977717262,64928,227513,,,,,,,,,,35.810,551508.578,Device,,NVIDIA A100-SXM4-40GB MIG 4g.20gb (0),1,,13,[CUDA memset]
10977790605,5696,227515,,,,,,,,,,0.000,14.045,Pinned,Device,NVIDIA A100-SXM4-40GB MIG 4g.20gb (0),1,,13,[CUDA memcpy Host-to-Device]
10977805325,10240,227516,,,,,,,,,,0.197,19199.951,Pinned,Device,NVIDIA A100-SXM4-40GB MIG 4g.20gb (0),1,,13,[CUDA memcpy Host-to-Device]
10978524581,33824,227517,273,1,1,48,1,1,40,0.000,0.001,,,,,NVIDIA A100-SXM4-40GB MIG 4g.20gb (0),1,,13,"void pusch_noise_intf_est::noiseIntfEstNoDftSOfdmKernel<float, __half, float, float, (unsigned int)2, (unsigned int)1, (unsigned char)4, (unsigned char)4>(pusch_noise_intf_est::puschRxNoiseIntfEstDynDescr)"
10979206909,7328,227528,35,1,1,128,1,1,16,0.000,0.000,,,,,NVIDIA A100-SXM4-40GB MIG 4g.20gb (0),1,,13,cupy_copy__complex64_complex64
10979867414,4096,227537,1,1,1,1,1,1,18,0.000,0.000,,,,,NVIDIA A100-SXM4-40GB MIG 4g.20gb (0),1,,13,cupy_copy__float32_float32
10979874742,4224,227543,,,,,,,,,,0.000,0.947,Device,Pageable,NVIDIA A100-SXM4-40GB MIG 4g.20gb (0),1,,7,[CUDA memcpy Device-to-Host]
10980615213,19264,227554,1434,1,1,128,1,1,16,0.000,0.000,,,,,NVIDIA A100-SXM4-40GB MIG 4g.20gb (0),1,,13,cupy_copy__complex64_complex64
10981337093,4704,227561,103,1,1,128,1,1,16,0.000,0.000,,,,,NVIDIA A100-SXM4-40GB MIG 4g.20gb (0),1,,13,cupy_copy__complex64_complex64
10981902047,16640,227568,35,1,1,128,1,1,16,0.000,0.000,,,,,NVIDIA A100-SXM4-40GB MIG 4g.20gb (0),1,,13,cupy_copy__complex64_complex64
10982367322,4320,227575,1,1,1,1,1,1,18,0.000,0.000,,,,,NVIDIA A100-SXM4-40GB MIG 4g.20gb (0),1,,13,cupy_copy__float32_float32
10982701302,244605,227586,1,1,1,32,32,1,30,0.000,0.000,,,,,NVIDIA A100-SXM4-40GB MIG 4g.20gb (0),1,,13,"void convert_kernel<__half2, float2>(tensor_layout_any, T1 *, tensor_layout_any, const T2 *)"
10982976787,5632,227589,,,,,,,,,,0.094,16636.287,Pinned,Device,NVIDIA A100-SXM4-40GB MIG 4g.20gb (0),1,,13,[CUDA memcpy Host-to-Device]
10983278479,18144,227590,,,,,,,,,,1.547,85240.635,Device,,NVIDIA A100-SXM4-40GB MIG 4g.20gb (0),1,,13,[CUDA memset]
10983303023,6816,227595,,,,,,,,,,0.031,4591.530,Pinned,Device,NVIDIA A100-SXM4-40GB MIG 4g.20gb (0),1,,13,[CUDA memcpy Host-to-Device]
10983316847,10528,227596,,,,,,,,,,0.197,18674.614,Pinned,Device,NVIDIA A100-SXM4-40GB MIG 4g.20gb (0),1,,13,[CUDA memcpy Host-to-Device]
10983857417,31423,227597,273,1,1,8,4,1,39,0.002,0.000,,,,,NVIDIA A100-SXM4-40GB MIG 4g.20gb (0),1,,13,"void channel_eq::eqMmseCoefCompLowMimoKernel<float, float, float, (unsigned int)4, (unsigned int)1, (unsigned int)4>(const channel_eq::_puschRxChEqStatDescr *, channel_eq::_puschRxChEqCoefCompDynDescr)"
10984348515,24032,227598,273,1,1,12,11,1,51,0.002,0.000,,,,,NVIDIA A100-SXM4-40GB MIG 4g.20gb (0),1,,13,"void channel_eq::eqMmseSoftDemapKernel<float, __half, __half, float, (unsigned int)4, (unsigned short)16383>(channel_eq::_puschRxChEqStatDescr *, channel_eq::_puschRxChEqSoftDemapDynDescr)"
10984839326,672344,227599,1,1,1,32,32,1,30,0.000,0.000,,,,,NVIDIA A100-SXM4-40GB MIG 4g.20gb (0),1,,13,"void convert_kernel<float2, __half2>(tensor_layout_any, T1 *, tensor_layout_any, const T2 *)"
10985994064,13664,227611,2253,1,1,128,1,1,16,0.000,0.000,,,,,NVIDIA A100-SXM4-40GB MIG 4g.20gb (0),1,,13,cupy_copy__float16_float16
10986484811,10464,227620,282,1,1,128,1,1,16,0.000,0.000,,,,,NVIDIA A100-SXM4-40GB MIG 4g.20gb (0),1,,13,cupy_copy__complex64_complex64
10987078564,5824,227629,26,1,1,128,1,1,16,0.000,0.000,,,,,NVIDIA A100-SXM4-40GB MIG 4g.20gb (0),1,,13,cupy_copy__float32_float32
10987514687,16448,227638,103,1,1,128,1,1,16,0.000,0.000,,,,,NVIDIA A100-SXM4-40GB MIG 4g.20gb (0),1,,13,cupy_copy__complex64_complex64
10987980186,21408,227648,1434,1,1,128,1,1,16,0.000,0.000,,,,,NVIDIA A100-SXM4-40GB MIG 4g.20gb (0),1,,13,cupy_copy__complex64_complex64
10988344566,240989,227653,1,1,1,32,32,1,30,0.000,0.000,,,,,NVIDIA A100-SXM4-40GB MIG 4g.20gb (0),1,,13,"void convert_kernel<__half2, float2>(tensor_layout_any, T1 *, tensor_layout_any, const T2 *)"
10988616563,5760,227656,,,,,,,,,,0.094,16266.656,Pinned,Device,NVIDIA A100-SXM4-40GB MIG 4g.20gb (0),1,,13,[CUDA memcpy Host-to-Device]
10988935215,635577,227657,,,,,,,,,,456.561,718171.145,Device,,NVIDIA A100-SXM4-40GB MIG 4g.20gb (0),1,,13,[CUDA memset]
10989574664,59135,227662,,,,,,,,,,1.235,20882.903,Pinned,Device,NVIDIA A100-SXM4-40GB MIG 4g.20gb (0),1,,13,[CUDA memcpy Host-to-Device]
10989636263,9600,227663,,,,,,,,,,0.197,20479.869,Pinned,Device,NVIDIA A100-SXM4-40GB MIG 4g.20gb (0),1,,13,[CUDA memcpy Host-to-Device]
10990151681,28704,227664,69,4,1,48,1,1,76,0.002,0.000,,,,,NVIDIA A100-SXM4-40GB MIG 4g.20gb (0),1,,13,"void ch_est::windowedChEstPreNoDftSOfdmKernel<float, __half, float, (unsigned int)2, (unsigned int)1, (unsigned short)4>(ch_est::puschRxChEstStatDescr_t *, ch_est::puschRxChEstDynDescr_t *)"
10990674235,26336,227665,137,2,1,24,2,1,44,0.001,0.001,,,,,NVIDIA A100-SXM4-40GB MIG 4g.20gb (0),1,,13,"void ch_est::chEstFilterNoDftSOfdmDispatchKernel<float, __half, float, (unsigned int)2>(ch_est::puschRxChEstStatDescr_t *, ch_est::puschRxChEstDynDescr_t *)"
10991275797,20927,227666,137,2,1,24,2,1,44,0.001,0.001,,,,,NVIDIA A100-SXM4-40GB MIG 4g.20gb (0),1,,13,"void ch_est::chEstFilterNoDftSOfdmDispatchKernel<float, __half, float, (unsigned int)2>(ch_est::puschRxChEstStatDescr_t *, ch_est::puschRxChEstDynDescr_t *)"
10991865614,6272,227677,103,1,1,128,1,1,16,0.000,0.000,,,,,NVIDIA A100-SXM4-40GB MIG 4g.20gb (0),1,,13,cupy_copy__complex64_complex64
10992408648,19103,227687,1434,1,1,128,1,1,16,0.000,0.000,,,,,NVIDIA A100-SXM4-40GB MIG 4g.20gb (0),1,,13,cupy_copy__complex64_complex64
10993006049,16672,227694,103,1,1,128,1,1,16,0.000,0.000,,,,,NVIDIA A100-SXM4-40GB MIG 4g.20gb (0),1,,13,cupy_copy__complex64_complex64
10993526779,275709,227701,1,1,1,32,32,1,30,0.000,0.000,,,,,NVIDIA A100-SXM4-40GB MIG 4g.20gb (0),1,,13,"void convert_kernel<__half2, float2>(tensor_layout_any, T1 *, tensor_layout_any, const T2 *)"
10993831672,9503,227704,,,,,,,,,,0.094,9859.536,Pinned,Device,NVIDIA A100-SXM4-40GB MIG 4g.20gb (0),1,,13,[CUDA memcpy Host-to-Device]
10994373233,57600,227705,,,,,,,,,,35.810,621696.021,Device,,NVIDIA A100-SXM4-40GB MIG 4g.20gb (0),1,,13,[CUDA memset]
10994439537,6144,227707,,,,,,,,,,0.000,13.021,Pinned,Device,NVIDIA A100-SXM4-40GB MIG 4g.20gb (0),1,,13,[CUDA memcpy Host-to-Device]
10994449745,9631,227708,,,,,,,,,,0.197,20414.005,Pinned,Device,NVIDIA A100-SXM4-40GB MIG 4g.20gb (0),1,,13,[CUDA memcpy Host-to-Device]
10994997258,36608,227709,273,1,1,48,1,1,40,0.000,0.001,,,,,NVIDIA A100-SXM4-40GB MIG 4g.20gb (0),1,,13,"void pusch_noise_intf_est::noiseIntfEstNoDftSOfdmKernel<float, __half, float, float, (unsigned int)2, (unsigned int)1, (unsigned char)4, (unsigned char)4>(pusch_noise_intf_est::puschRxNoiseIntfEstDynDescr)"
10995508869,8799,227720,35,1,1,128,1,1,16,0.000,0.000,,,,,NVIDIA A100-SXM4-40GB MIG 4g.20gb (0),1,,13,cupy_copy__complex64_complex64
10995986943,4128,227729,1,1,1,1,1,1,18,0.000,0.000,,,,,NVIDIA A100-SXM4-40GB MIG 4g.20gb (0),1,,13,cupy_copy__float32_float32
10995995135,5440,227735,,,,,,,,,,0.000,0.735,Device,Pageable,NVIDIA A100-SXM4-40GB MIG 4g.20gb (0),1,,7,[CUDA memcpy Device-to-Host]
10996553913,17343,227746,1434,1,1,128,1,1,16,0.000,0.000,,,,,NVIDIA A100-SXM4-40GB MIG 4g.20gb (0),1,,13,cupy_copy__complex64_complex64
10997019379,6944,227753,103,1,1,128,1,1,16,0.000,0.000,,,,,NVIDIA A100-SXM4-40GB MIG 4g.20gb (0),1,,13,cupy_copy__complex64_complex64
10997535790,4319,227760,35,1,1,128,1,1,16,0.000,0.000,,,,,NVIDIA A100-SXM4-40GB MIG 4g.20gb (0),1,,13,cupy_copy__complex64_complex64
10998094343,6176,227767,1,1,1,1,1,1,18,0.000,0.000,,,,,NVIDIA A100-SXM4-40GB MIG 4g.20gb (0),1,,13,cupy_copy__float32_float32
10998589250,282396,227778,1,1,1,32,32,1,30,0.000,0.000,,,,,NVIDIA A100-SXM4-40GB MIG 4g.20gb (0),1,,13,"void convert_kernel<__half2, float2>(tensor_layout_any, T1 *, tensor_layout_any, const T2 *)"
10998901662,5696,227781,,,,,,,,,,0.094,16449.363,Pinned,Device,NVIDIA A100-SXM4-40GB MIG 4g.20gb (0),1,,13,[CUDA memcpy Host-to-Device]
10999588566,13760,227782,,,,,,,,,,1.547,112399.353,Device,,NVIDIA A100-SXM4-40GB MIG 4g.20gb (0),1,,13,[CUDA memset]
10999603350,3264,227787,,,,,,,,,,0.031,9588.218,Pinned,Device,NVIDIA A100-SXM4-40GB MIG 4g.20gb (0),1,,13,[CUDA memcpy Host-to-Device]
10999609846,15808,227788,,,,,,,,,,0.197,12437.225,Pinned,Device,NVIDIA A100-SXM4-40GB MIG 4g.20gb (0),1,,13,[CUDA memcpy Host-to-Device]
11000165872,18655,227789,273,1,1,8,4,1,39,0.002,0.000,,,,,NVIDIA A100-SXM4-40GB MIG 4g.20gb (0),1,,13,"void channel_eq::eqMmseCoefCompLowMimoKernel<float, float, float, (unsigned int)4, (unsigned int)1, (unsigned int)4>(const channel_eq::_puschRxChEqStatDescr *, channel_eq::_puschRxChEqCoefCompDynDescr)"
11000743049,23360,227790,273,1,1,12,11,1,51,0.002,0.000,,,,,NVIDIA A100-SXM4-40GB MIG 4g.20gb (0),1,,13,"void channel_eq::eqMmseSoftDemapKernel<float, __half, __half, float, (unsigned int)4, (unsigned short)16383>(channel_eq::_puschRxChEqStatDescr *, channel_eq::_puschRxChEqSoftDemapDynDescr)"
11001425985,662809,227791,1,1,1,32,32,1,30,0.000,0.000,,,,,NVIDIA A100-SXM4-40GB MIG 4g.20gb (0),1,,13,"void convert_kernel<float2, __half2>(tensor_layout_any, T1 *, tensor_layout_any, const T2 *)"
11002706227,14560,227803,2253,1,1,128,1,1,16,0.000,0.000,,,,,NVIDIA A100-SXM4-40GB MIG 4g.20gb (0),1,,13,cupy_copy__float16_float16
11003197389,17472,227812,282,1,1,128,1,1,16,0.000,0.000,,,,,NVIDIA A100-SXM4-40GB MIG 4g.20gb (0),1,,13,cupy_copy__complex64_complex64
11003739271,5440,227821,26,1,1,128,1,1,16,0.000,0.000,,,,,NVIDIA A100-SXM4-40GB MIG 4g.20gb (0),1,,13,cupy_copy__float32_float32
11004158306,18752,227830,103,1,1,128,1,1,16,0.000,0.000,,,,,NVIDIA A100-SXM4-40GB MIG 4g.20gb (0),1,,13,cupy_copy__complex64_complex64
11004731100,18368,227840,1434,1,1,128,1,1,16,0.000,0.000,,,,,NVIDIA A100-SXM4-40GB MIG 4g.20gb (0),1,,13,cupy_copy__complex64_complex64
11005366997,255261,227845,1,1,1,32,32,1,30,0.000,0.000,,,,,NVIDIA A100-SXM4-40GB MIG 4g.20gb (0),1,,13,"void convert_kernel<__half2, float2>(tensor_layout_any, T1 *, tensor_layout_any, const T2 *)"
11005656273,8896,227848,,,,,,,,,,0.094,10532.367,Pinned,Device,NVIDIA A100-SXM4-40GB MIG 4g.20gb (0),1,,13,[CUDA memcpy Host-to-Device]
11006159852,627097,227849,,,,,,,,,,456.561,727758.935,Device,,NVIDIA A100-SXM4-40GB MIG 4g.20gb (0),1,,13,[CUDA memset]
11006789285,64511,227854,,,,,,,,,,1.235,19142.867,Pinned,Device,NVIDIA A100-SXM4-40GB MIG 4g.20gb (0),1,,13,[CUDA memcpy Host-to-Device]
11006856772,10784,227855,,,,,,,,,,0.197,18231.263,Pinned,Device,NVIDIA A100-SXM4-40GB MIG 4g.20gb (0),1,,13,[CUDA memcpy Host-to-Device]
11007524028,28928,227856,69,4,1,48,1,1,76,0.002,0.000,,,,,NVIDIA A100-SXM4-40GB MIG 4g.20gb (0),1,,13,"void ch_est::windowedChEstPreNoDftSOfdmKernel<float, __half, float, (unsigned int)2, (unsigned int)1, (unsigned short)4>(ch_est::puschRxChEstStatDescr_t *, ch_est::puschRxChEstDynDescr_t *)"
11008033686,24096,227857,137,2,1,24,2,1,44,0.001,0.001,,,,,NVIDIA A100-SXM4-40GB MIG 4g.20gb (0),1,,13,"void ch_est::chEstFilterNoDftSOfdmDispatchKernel<float, __half, float, (unsigned int)2>(ch_est::puschRxChEstStatDescr_t *, ch_est::puschRxChEstDynDescr_t *)"
11008516881,30528,227858,137,2,1,24,2,1,44,0.001,0.001,,,,,NVIDIA A100-SXM4-40GB MIG 4g.20gb (0),1,,13,"void ch_est::chEstFilterNoDftSOfdmDispatchKernel<float, __half, float, (unsigned int)2>(ch_est::puschRxChEstStatDescr_t *, ch_est::puschRxChEstDynDescr_t *)"
11009024619,16096,227869,103,1,1,128,1,1,16,0.000,0.000,,,,,NVIDIA A100-SXM4-40GB MIG 4g.20gb (0),1,,13,cupy_copy__complex64_complex64
11009400519,21920,227879,1434,1,1,128,1,1,16,0.000,0.000,,,,,NVIDIA A100-SXM4-40GB MIG 4g.20gb (0),1,,13,cupy_copy__complex64_complex64
11009749443,7616,227886,103,1,1,128,1,1,16,0.000,0.000,,,,,NVIDIA A100-SXM4-40GB MIG 4g.20gb (0),1,,13,cupy_copy__complex64_complex64
11010249149,204542,227893,1,1,1,32,32,1,30,0.000,0.000,,,,,NVIDIA A100-SXM4-40GB MIG 4g.20gb (0),1,,13,"void convert_kernel<__half2, float2>(tensor_layout_any, T1 *, tensor_layout_any, const T2 *)"
11010487227,8128,227896,,,,,,,,,,0.094,11527.513,Pinned,Device,NVIDIA A100-SXM4-40GB MIG 4g.20gb (0),1,,13,[CUDA memcpy Host-to-Device]
11010889686,65023,227897,,,,,,,,,,35.810,550720.760,Device,,NVIDIA A100-SXM4-40GB MIG 4g.20gb (0),1,,13,[CUDA memset]
11010958901,6816,227899,,,,,,,,,,0.000,11.737,Pinned,Device,NVIDIA A100-SXM4-40GB MIG 4g.20gb (0),1,,13,[CUDA memcpy Host-to-Device]
11010968245,16064,227900,,,,,,,,,,0.197,12238.848,Pinned,Device,NVIDIA A100-SXM4-40GB MIG 4g.20gb (0),1,,13,[CUDA memcpy Host-to-Device]
11011623726,33183,227901,273,1,1,48,1,1,40,0.000,0.001,,,,,NVIDIA A100-SXM4-40GB MIG 4g.20gb (0),1,,13,"void pusch_noise_intf_est::noiseIntfEstNoDftSOfdmKernel<float, __half, float, float, (unsigned int)2, (unsigned int)1, (unsigned char)4, (unsigned char)4>(pusch_noise_intf_est::puschRxNoiseIntfEstDynDescr)"
11012234375,4704,227912,35,1,1,128,1,1,16,0.000,0.000,,,,,NVIDIA A100-SXM4-40GB MIG 4g.20gb (0),1,,13,cupy_copy__complex64_complex64
11012818752,3488,227921,1,1,1,1,1,1,18,0.000,0.000,,,,,NVIDIA A100-SXM4-40GB MIG 4g.20gb (0),1,,13,cupy_copy__float32_float32
11012823104,5120,227927,,,,,,,,,,0.000,0.781,Device,Pageable,NVIDIA A100-SXM4-40GB MIG 4g.20gb (0),1,,7,[CUDA memcpy Device-to-Host]
11013495544,17824,227938,1434,1,1,128,1,1,16,0.000,0.000,,,,,NVIDIA A100-SXM4-40GB MIG 4g.20gb (0),1,,13,cupy_copy__complex64_complex64
11013988883,8544,227945,103,1,1,128,1,1,16,0.000,0.000,,,,,NVIDIA A100-SXM4-40GB MIG 4g.20gb (0),1,,13,cupy_copy__complex64_complex64
11014670923,10016,227952,35,1,1,128,1,1,16,0.000,0.000,,,,,NVIDIA A100-SXM4-40GB MIG 4g.20gb (0),1,,13,cupy_copy__complex64_complex64
11015309284,5824,227959,1,1,1,1,1,1,18,0.000,0.000,,,,,NVIDIA A100-SXM4-40GB MIG 4g.20gb (0),1,,13,cupy_copy__float32_float32
11015870014,302236,227970,1,1,1,32,32,1,30,0.000,0.000,,,,,NVIDIA A100-SXM4-40GB MIG 4g.20gb (0),1,,13,"void convert_kernel<__half2, float2>(tensor_layout_any, T1 *, tensor_layout_any, const T2 *)"
11016203674,5952,227973,,,,,,,,,,0.094,15741.865,Pinned,Device,NVIDIA A100-SXM4-40GB MIG 4g.20gb (0),1,,13,[CUDA memcpy Host-to-Device]
11016746196,5312,227974,,,,,,,,,,1.547,291156.608,Device,,NVIDIA A100-SXM4-40GB MIG 4g.20gb (0),1,,13,[CUDA memset]
11016756307,3264,227979,,,,,,,,,,0.031,9588.218,Pinned,Device,NVIDIA A100-SXM4-40GB MIG 4g.20gb (0),1,,13,[CUDA memcpy Host-to-Device]
11016766259,10592,227980,,,,,,,,,,0.197,18561.761,Pinned,Device,NVIDIA A100-SXM4-40GB MIG 4g.20gb (0),1,,13,[CUDA memcpy Host-to-Device]
11017340717,12224,227981,273,1,1,8,4,1,39,0.002,0.000,,,,,NVIDIA A100-SXM4-40GB MIG 4g.20gb (0),1,,13,"void channel_eq::eqMmseCoefCompLowMimoKernel<float, float, float, (unsigned int)4, (unsigned int)1, (unsigned int)4>(const channel_eq::_puschRxChEqStatDescr *, channel_eq::_puschRxChEqCoefCompDynDescr)"
11017948454,12416,227982,273,1,1,12,11,1,51,0.002,0.000,,,,,NVIDIA A100-SXM4-40GB MIG 4g.20gb (0),1,,13,"void channel_eq::eqMmseSoftDemapKernel<float, __half, __half, float, (unsigned int)4, (unsigned short)16383>(channel_eq::_puschRxChEqStatDescr *, channel_eq::_puschRxChEqSoftDemapDynDescr)"
11018544991,666649,227983,1,1,1,32,32,1,30,0.000,0.000,,,,,NVIDIA A100-SXM4-40GB MIG 4g.20gb (0),1,,13,"void convert_kernel<float2, __half2>(tensor_layout_any, T1 *, tensor_layout_any, const T2 *)"
11019739922,13631,227995,2253,1,1,128,1,1,16,0.000,0.000,,,,,NVIDIA A100-SXM4-40GB MIG 4g.20gb (0),1,,13,cupy_copy__float16_float16
11020233068,9728,228004,282,1,1,128,1,1,16,0.000,0.000,,,,,NVIDIA A100-SXM4-40GB MIG 4g.20gb (0),1,,13,cupy_copy__complex64_complex64
11020667527,15936,228013,26,1,1,128,1,1,16,0.000,0.000,,,,,NVIDIA A100-SXM4-40GB MIG 4g.20gb (0),1,,13,cupy_copy__float32_float32
11021026659,8608,228022,103,1,1,128,1,1,16,0.000,0.000,,,,,NVIDIA A100-SXM4-40GB MIG 4g.20gb (0),1,,13,cupy_copy__complex64_complex64
11021291808,20928,228032,1434,1,1,128,1,1,16,0.000,0.000,,,,,NVIDIA A100-SXM4-40GB MIG 4g.20gb (0),1,,13,cupy_copy__complex64_complex64
11021779291,235677,228037,1,1,1,32,32,1,30,0.000,0.000,,,,,NVIDIA A100-SXM4-40GB MIG 4g.20gb (0),1,,13,"void convert_kernel<__half2, float2>(tensor_layout_any, T1 *, tensor_layout_any, const T2 *)"
11022045751,5536,228040,,,,,,,,,,0.094,16924.777,Pinned,Device,NVIDIA A100-SXM4-40GB MIG 4g.20gb (0),1,,13,[CUDA memcpy Host-to-Device]
11022340308,628985,228041,,,,,,,,,,456.561,725476.128,Device,,NVIDIA A100-SXM4-40GB MIG 4g.20gb (0),1,,13,[CUDA memset]
11022979981,63775,228046,,,,,,,,,,1.235,19363.922,Pinned,Device,NVIDIA A100-SXM4-40GB MIG 4g.20gb (0),1,,13,[CUDA memcpy Host-to-Device]
11023046476,9440,228047,,,,,,,,,,0.197,20827.079,Pinned,Device,NVIDIA A100-SXM4-40GB MIG 4g.20gb (0),1,,13,[CUDA memcpy Host-to-Device]
11023532007,29567,228048,69,4,1,48,1,1,76,0.002,0.000,,,,,NVIDIA A100-SXM4-40GB MIG 4g.20gb (0),1,,13,"void ch_est::windowedChEstPreNoDftSOfdmKernel<float, __half, float, (unsigned int)2, (unsigned int)1, (unsigned short)4>(ch_est::puschRxChEstStatDescr_t *, ch_est::puschRxChEstDynDescr_t *)"
11024117024,17376,228049,137,2,1,24,2,1,44,0.001,0.001,,,,,NVIDIA A100-SXM4-40GB MIG 4g.20gb (0),1,,13,"void ch_est::chEstFilterNoDftSOfdmDispatchKernel<float, __half, float, (unsigned int)2>(ch_est::puschRxChEstStatDescr_t *, ch_est::puschRxChEstDynDescr_t *)"
11024598043,33599,228050,137,2,1,24,2,1,44,0.001,0.001,,,,,NVIDIA A100-SXM4-40GB MIG 4g.20gb (0),1,,13,"void ch_est::chEstFilterNoDftSOfdmDispatchKernel<float, __half, float, (unsigned int)2>(ch_est::puschRxChEstStatDescr_t *, ch_est::puschRxChEstDynDescr_t *)"
11025212980,5248,228061,103,1,1,128,1,1,16,0.000,0.000,,,,,NVIDIA A100-SXM4-40GB MIG 4g.20gb (0),1,,13,cupy_copy__complex64_complex64
11025693262,25280,228071,1434,1,1,128,1,1,16,0.000,0.000,,,,,NVIDIA A100-SXM4-40GB MIG 4g.20gb (0),1,,13,cupy_copy__complex64_complex64
11026249448,7008,228078,103,1,1,128,1,1,16,0.000,0.000,,,,,NVIDIA A100-SXM4-40GB MIG 4g.20gb (0),1,,13,cupy_copy__complex64_complex64
11026501957,243805,228085,1,1,1,32,32,1,30,0.000,0.000,,,,,NVIDIA A100-SXM4-40GB MIG 4g.20gb (0),1,,13,"void convert_kernel<__half2, float2>(tensor_layout_any, T1 *, tensor_layout_any, const T2 *)"
11026777218,5760,228088,,,,,,,,,,0.094,16266.656,Pinned,Device,NVIDIA A100-SXM4-40GB MIG 4g.20gb (0),1,,13,[CUDA memcpy Host-to-Device]
11027158590,63487,228089,,,,,,,,,,35.810,564042.050,Device,,NVIDIA A100-SXM4-40GB MIG 4g.20gb (0),1,,13,[CUDA memset]
11027225981,2784,228091,,,,,,,,,,0.000,28.736,Pinned,Device,NVIDIA A100-SXM4-40GB MIG 4g.20gb (0),1,,13,[CUDA memcpy Host-to-Device]
11027235453,12831,228092,,,,,,,,,,0.197,15322.841,Pinned,Device,NVIDIA A100-SXM4-40GB MIG 4g.20gb (0),1,,13,[CUDA memcpy Host-to-Device]
11027873685,33024,228093,273,1,1,48,1,1,40,0.000,0.001,,,,,NVIDIA A100-SXM4-40GB MIG 4g.20gb (0),1,,13,"void pusch_noise_intf_est::noiseIntfEstNoDftSOfdmKernel<float, __half, float, float, (unsigned int)2, (unsigned int)1, (unsigned char)4, (unsigned char)4>(pusch_noise_intf_est::puschRxNoiseIntfEstDynDescr)"
11028448239,7968,228104,35,1,1,128,1,1,16,0.000,0.000,,,,,NVIDIA A100-SXM4-40GB MIG 4g.20gb (0),1,,13,cupy_copy__complex64_complex64
11029065416,3488,228113,1,1,1,1,1,1,18,0.000,0.000,,,,,NVIDIA A100-SXM4-40GB MIG 4g.20gb (0),1,,13,cupy_copy__float32_float32
11029077352,2080,228119,,,,,,,,,,0.000,1.923,Device,Pageable,NVIDIA A100-SXM4-40GB MIG 4g.20gb (0),1,,7,[CUDA memcpy Device-to-Host]
11029764416,18304,228130,1434,1,1,128,1,1,16,0.000,0.000,,,,,NVIDIA A100-SXM4-40GB MIG 4g.20gb (0),1,,13,cupy_copy__complex64_complex64
11030526423,4832,228137,103,1,1,128,1,1,16,0.000,0.000,,,,,NVIDIA A100-SXM4-40GB MIG 4g.20gb (0),1,,13,cupy_copy__complex64_complex64
11031010290,7328,228144,35,1,1,128,1,1,16,0.000,0.000,,,,,NVIDIA A100-SXM4-40GB MIG 4g.20gb (0),1,,13,cupy_copy__complex64_complex64
11031676298,4736,228151,1,1,1,1,1,1,18,0.000,0.000,,,,,NVIDIA A100-SXM4-40GB MIG 4g.20gb (0),1,,13,cupy_copy__float32_float32
11032233348,230973,228162,1,1,1,32,32,1,30,0.000,0.000,,,,,NVIDIA A100-SXM4-40GB MIG 4g.20gb (0),1,,13,"void convert_kernel<__half2, float2>(tensor_layout_any, T1 *, tensor_layout_any, const T2 *)"
11032494817,6272,228165,,,,,,,,,,0.094,14938.703,Pinned,Device,NVIDIA A100-SXM4-40GB MIG 4g.20gb (0),1,,13,[CUDA memcpy Host-to-Device]
11032877821,23359,228166,,,,,,,,,,1.547,66210.973,Device,,NVIDIA A100-SXM4-40GB MIG 4g.20gb (0),1,,13,[CUDA memset]
11032905020,5088,228171,,,,,,,,,,0.031,6150.916,Pinned,Device,NVIDIA A100-SXM4-40GB MIG 4g.20gb (0),1,,13,[CUDA memcpy Host-to-Device]
11032919260,15456,228172,,,,,,,,,,0.197,12720.341,Pinned,Device,NVIDIA A100-SXM4-40GB MIG 4g.20gb (0),1,,13,[CUDA memcpy Host-to-Device]
11033689459,19392,228173,273,1,1,8,4,1,39,0.002,0.000,,,,,NVIDIA A100-SXM4-40GB MIG 4g.20gb (0),1,,13,"void channel_eq::eqMmseCoefCompLowMimoKernel<float, float, float, (unsigned int)4, (unsigned int)1, (unsigned int)4>(const channel_eq::_puschRxChEqStatDescr *, channel_eq::_puschRxChEqCoefCompDynDescr)"
11034232045,20992,228174,273,1,1,12,11,1,51,0.002,0.000,,,,,NVIDIA A100-SXM4-40GB MIG 4g.20gb (0),1,,13,"void channel_eq::eqMmseSoftDemapKernel<float, __half, __half, float, (unsigned int)4, (unsigned short)16383>(channel_eq::_puschRxChEqStatDescr *, channel_eq::_puschRxChEqSoftDemapDynDescr)"
11034722024,648760,228175,1,1,1,32,32,1,30,0.000,0.000,,,,,NVIDIA A100-SXM4-40GB MIG 4g.20gb (0),1,,13,"void convert_kernel<float2, __half2>(tensor_layout_any, T1 *, tensor_layout_any, const T2 *)"
11035959226,15648,228187,2253,1,1,128,1,1,16,0.000,0.000,,,,,NVIDIA A100-SXM4-40GB MIG 4g.20gb (0),1,,13,cupy_copy__float16_float16
11036552435,17120,228196,282,1,1,128,1,1,16,0.000,0.000,,,,,NVIDIA A100-SXM4-40GB MIG 4g.20gb (0),1,,13,cupy_copy__complex64_complex64
11037154060,5152,228205,26,1,1,128,1,1,16,0.000,0.000,,,,,NVIDIA A100-SXM4-40GB MIG 4g.20gb (0),1,,13,cupy_copy__float32_float32
11037538152,10624,228214,103,1,1,128,1,1,16,0.000,0.000,,,,,NVIDIA A100-SXM4-40GB MIG 4g.20gb (0),1,,13,cupy_copy__complex64_complex64
11038185472,18112,228224,1434,1,1,128,1,1,16,0.000,0.000,,,,,NVIDIA A100-SXM4-40GB MIG 4g.20gb (0),1,,13,cupy_copy__complex64_complex64
11038819225,275165,228229,1,1,1,32,32,1,30,0.000,0.000,,,,,NVIDIA A100-SXM4-40GB MIG 4g.20gb (0),1,,13,"void convert_kernel<__half2, float2>(tensor_layout_any, T1 *, tensor_layout_any, const T2 *)"
11039125334,10016,228232,,,,,,,,,,0.094,9354.609,Pinned,Device,NVIDIA A100-SXM4-40GB MIG 4g.20gb (0),1,,13,[CUDA memcpy Host-to-Device]
11039622480,642073,228233,,,,,,,,,,456.561,710866.162,Device,,NVIDIA A100-SXM4-40GB MIG 4g.20gb (0),1,,13,[CUDA memset]
11040272521,63551,228238,,,,,,,,,,1.235,19431.844,Pinned,Device,NVIDIA A100-SXM4-40GB MIG 4g.20gb (0),1,,13,[CUDA memcpy Host-to-Device]
11040338536,10016,228239,,,,,,,,,,0.197,19629.343,Pinned,Device,NVIDIA A100-SXM4-40GB MIG 4g.20gb (0),1,,13,[CUDA memcpy Host-to-Device]
11040842786,26784,228240,69,4,1,48,1,1,76,0.002,0.000,,,,,NVIDIA A100-SXM4-40GB MIG 4g.20gb (0),1,,13,"void ch_est::windowedChEstPreNoDftSOfdmKernel<float, __half, float, (unsigned int)2, (unsigned int)1, (unsigned short)4>(ch_est::puschRxChEstStatDescr_t *, ch_est::puschRxChEstDynDescr_t *)"
11041351709,14335,228241,137,2,1,24,2,1,44,0.001,0.001,,,,,NVIDIA A100-SXM4-40GB MIG 4g.20gb (0),1,,13,"void ch_est::chEstFilterNoDftSOfdmDispatchKernel<float, __half, float, (unsigned int)2>(ch_est::puschRxChEstStatDescr_t *, ch_est::puschRxChEstDynDescr_t *)"
11041940790,9408,228242,137,2,1,24,2,1,44,0.001,0.001,,,,,NVIDIA A100-SXM4-40GB MIG 4g.20gb (0),1,,13,"void ch_est::chEstFilterNoDftSOfdmDispatchKernel<float, __half, float, (unsigned int)2>(ch_est::puschRxChEstStatDescr_t *, ch_est::puschRxChEstDynDescr_t *)"
11042532623,4672,228253,103,1,1,128,1,1,16,0.000,0.000,,,,,NVIDIA A100-SXM4-40GB MIG 4g.20gb (0),1,,13,cupy_copy__complex64_complex64
11043127304,18752,228263,1434,1,1,128,1,1,16,0.000,0.000,,,,,NVIDIA A100-SXM4-40GB MIG 4g.20gb (0),1,,13,cupy_copy__complex64_complex64
11043730914,4255,228270,103,1,1,128,1,1,16,0.000,0.000,,,,,NVIDIA A100-SXM4-40GB MIG 4g.20gb (0),1,,13,cupy_copy__complex64_complex64
11044324155,243805,228277,1,1,1,32,32,1,30,0.000,0.000,,,,,NVIDIA A100-SXM4-40GB MIG 4g.20gb (0),1,,13,"void convert_kernel<__half2, float2>(tensor_layout_any, T1 *, tensor_layout_any, const T2 *)"
11044598360,5632,228280,,,,,,,,,,0.094,16636.287,Pinned,Device,NVIDIA A100-SXM4-40GB MIG 4g.20gb (0),1,,13,[CUDA memcpy Host-to-Device]
11044990867,66399,228281,,,,,,,,,,35.810,539297.395,Device,,NVIDIA A100-SXM4-40GB MIG 4g.20gb (0),1,,13,[CUDA memset]
11045063058,3296,228283,,,,,,,,,,0.000,24.272,Pinned,Device,NVIDIA A100-SXM4-40GB MIG 4g.20gb (0),1,,13,[CUDA memcpy Host-to-Device]
11045071090,14176,228284,,,,,,,,,,0.197,13868.925,Pinned,Device,NVIDIA A100-SXM4-40GB MIG 4g.20gb (0),1,,13,[CUDA memcpy Host-to-Device]
11045645228,31935,228285,273,1,1,48,1,1,40,0.000,0.001,,,,,NVIDIA A100-SXM4-40GB MIG 4g.20gb (0),1,,13,"void pusch_noise_intf_est::noiseIntfEstNoDftSOfdmKernel<float, __half, float, float, (unsigned int)2, (unsigned int)1, (unsigned char)4, (unsigned char)4>(pusch_noise_intf_est::puschRxNoiseIntfEstDynDescr)"
11046219429,4960,228296,35,1,1,128,1,1,16,0.000,0.000,,,,,NVIDIA A100-SXM4-40GB MIG 4g.20gb (0),1,,13,cupy_copy__complex64_complex64
11046715776,6624,228305,1,1,1,1,1,1,18,0.000,0.000,,,,,NVIDIA A100-SXM4-40GB MIG 4g.20gb (0),1,,13,cupy_copy__float32_float32
11046724768,2720,228311,,,,,,,,,,0.000,1.471,Device,Pageable,NVIDIA A100-SXM4-40GB MIG 4g.20gb (0),1,,7,[CUDA memcpy Device-to-Host]
11047269273,18592,228322,1434,1,1,128,1,1,16,0.000,0.000,,,,,NVIDIA A100-SXM4-40GB MIG 4g.20gb (0),1,,13,cupy_copy__complex64_complex64
11047782356,16255,228329,103,1,1,128,1,1,16,0.000,0.000,,,,,NVIDIA A100-SXM4-40GB MIG 4g.20gb (0),1,,13,cupy_copy__complex64_complex64
11048153647,5952,228336,35,1,1,128,1,1,16,0.000,0.000,,,,,NVIDIA A100-SXM4-40GB MIG 4g.20gb (0),1,,13,cupy_copy__complex64_complex64
11048471212,5568,228343,1,1,1,1,1,1,18,0.000,0.000,,,,,NVIDIA A100-SXM4-40GB MIG 4g.20gb (0),1,,13,cupy_copy__float32_float32
11048942502,234462,228354,1,1,1,32,32,1,30,0.000,0.000,,,,,NVIDIA A100-SXM4-40GB MIG 4g.20gb (0),1,,13,"void convert_kernel<__half2, float2>(tensor_layout_any, T1 *, tensor_layout_any, const T2 *)"
11049208195,6016,228357,,,,,,,,,,0.094,15574.430,Pinned,Device,NVIDIA A100-SXM4-40GB MIG 4g.20gb (0),1,,13,[CUDA memcpy Host-to-Device]
11049586847,14400,228358,,,,,,,,,,1.547,107403.757,Device,,NVIDIA A100-SXM4-40GB MIG 4g.20gb (0),1,,13,[CUDA memset]
11049609343,3168,228363,,,,,,,,,,0.031,9878.770,Pinned,Device,NVIDIA A100-SXM4-40GB MIG 4g.20gb (0),1,,13,[CUDA memcpy Host-to-Device]
11049616703,14976,228364,,,,,,,,,,0.197,13128.106,Pinned,Device,NVIDIA A100-SXM4-40GB MIG 4g.20gb (0),1,,13,[CUDA memcpy Host-to-Device]
11050309303,19296,228365,273,1,1,8,4,1,39,0.002,0.000,,,,,NVIDIA A100-SXM4-40GB MIG 4g.20gb (0),1,,13,"void channel_eq::eqMmseCoefCompLowMimoKernel<float, float, float, (unsigned int)4, (unsigned int)1, (unsigned int)4>(const channel_eq::_puschRxChEqStatDescr *, channel_eq::_puschRxChEqCoefCompDynDescr)"
11050957136,12767,228366,273,1,1,12,11,1,51,0.002,0.000,,,,,NVIDIA A100-SXM4-40GB MIG 4g.20gb (0),1,,13,"void channel_eq::eqMmseSoftDemapKernel<float, __half, __half, float, (unsigned int)4, (unsigned short)16383>(channel_eq::_puschRxChEqStatDescr *, channel_eq::_puschRxChEqSoftDemapDynDescr)"
11051512233,676025,228367,1,1,1,32,32,1,30,0.000,0.000,,,,,NVIDIA A100-SXM4-40GB MIG 4g.20gb (0),1,,13,"void convert_kernel<float2, __half2>(tensor_layout_any, T1 *, tensor_layout_any, const T2 *)"
11052729723,18176,228379,2253,1,1,128,1,1,16,0.000,0.000,,,,,NVIDIA A100-SXM4-40GB MIG 4g.20gb (0),1,,13,cupy_copy__float16_float16
11053418740,18239,228388,282,1,1,128,1,1,16,0.000,0.000,,,,,NVIDIA A100-SXM4-40GB MIG 4g.20gb (0),1,,13,cupy_copy__complex64_complex64
11054032845,4992,228397,26,1,1,128,1,1,16,0.000,0.000,,,,,NVIDIA A100-SXM4-40GB MIG 4g.20gb (0),1,,13,cupy_copy__float32_float32
11054521255,9120,228406,103,1,1,128,1,1,16,0.000,0.000,,,,,NVIDIA A100-SXM4-40GB MIG 4g.20gb (0),1,,13,cupy_copy__complex64_complex64
11055111072,17472,228416,1434,1,1,128,1,1,16,0.000,0.000,,,,,NVIDIA A100-SXM4-40GB MIG 4g.20gb (0),1,,13,cupy_copy__complex64_complex64
11055605595,275485,228421,1,1,1,32,32,1,30,0.000,0.000,,,,,NVIDIA A100-SXM4-40GB MIG 4g.20gb (0),1,,13,"void convert_kernel<__half2, float2>(tensor_layout_any, T1 *, tensor_layout_any, const T2 *)"
11055911991,5440,228424,,,,,,,,,,0.094,17223.480,Pinned,Device,NVIDIA A100-SXM4-40GB MIG 4g.20gb (0),1,,13,[CUDA memcpy Host-to-Device]
11056520816,633625,228425,,,,,,,,,,456.561,720453.952,Device,,NVIDIA A100-SXM4-40GB MIG 4g.20gb (0),1,,13,[CUDA memset]
11057161289,61823,228430,,,,,,,,,,1.235,19975.219,Pinned,Device,NVIDIA A100-SXM4-40GB MIG 4g.20gb (0),1,,13,[CUDA memcpy Host-to-Device]
11057225608,10144,228431,,,,,,,,,,0.197,19381.617,Pinned,Device,NVIDIA A100-SXM4-40GB MIG 4g.20gb (0),1,,13,[CUDA memcpy Host-to-Device]
11057810402,28895,228432,69,4,1,48,1,1,76,0.002,0.000,,,,,NVIDIA A100-SXM4-40GB MIG 4g.20gb (0),1,,13,"void ch_est::windowedChEstPreNoDftSOfdmKernel<float, __half, float, (unsigned int)2, (unsigned int)1, (unsigned short)4>(ch_est::puschRxChEstStatDescr_t *, ch_est::puschRxChEstDynDescr_t *)"
11058409307,14752,228433,137,2,1,24,2,1,44,0.001,0.001,,,,,NVIDIA A100-SXM4-40GB MIG 4g.20gb (0),1,,13,"void ch_est::chEstFilterNoDftSOfdmDispatchKernel<float, __half, float, (unsigned int)2>(ch_est::puschRxChEstStatDescr_t *, ch_est::puschRxChEstDynDescr_t *)"
11059065044,16703,228434,137,2,1,24,2,1,44,0.001,0.001,,,,,NVIDIA A100-SXM4-40GB MIG 4g.20gb (0),1,,13,"void ch_est::chEstFilterNoDftSOfdmDispatchKernel<float, __half, float, (unsigned int)2>(ch_est::puschRxChEstStatDescr_t *, ch_est::puschRxChEstDynDescr_t *)"
11059545486,8832,228445,103,1,1,128,1,1,16,0.000,0.000,,,,,NVIDIA A100-SXM4-40GB MIG 4g.20gb (0),1,,13,cupy_copy__complex64_complex64
11060166567,22784,228455,1434,1,1,128,1,1,16,0.000,0.000,,,,,NVIDIA A100-SXM4-40GB MIG 4g.20gb (0),1,,13,cupy_copy__complex64_complex64
11060545027,6688,228462,103,1,1,128,1,1,16,0.000,0.000,,,,,NVIDIA A100-SXM4-40GB MIG 4g.20gb (0),1,,13,cupy_copy__complex64_complex64
11060938046,233118,228469,1,1,1,32,32,1,30,0.000,0.000,,,,,NVIDIA A100-SXM4-40GB MIG 4g.20gb (0),1,,13,"void convert_kernel<__half2, float2>(tensor_layout_any, T1 *, tensor_layout_any, const T2 *)"
11061202299,5600,228472,,,,,,,,,,0.094,16731.388,Pinned,Device,NVIDIA A100-SXM4-40GB MIG 4g.20gb (0),1,,13,[CUDA memcpy Host-to-Device]
11061406425,67167,228473,,,,,,,,,,35.810,533138.089,Device,,NVIDIA A100-SXM4-40GB MIG 4g.20gb (0),1,,13,[CUDA memset]
11061474968,3168,228475,,,,,,,,,,0.000,25.252,Pinned,Device,NVIDIA A100-SXM4-40GB MIG 4g.20gb (0),1,,13,[CUDA memcpy Host-to-Device]
11061484856,10496,228476,,,,,,,,,,0.197,18731.631,Pinned,Device,NVIDIA A100-SXM4-40GB MIG 4g.20gb (0),1,,13,[CUDA memcpy Host-to-Device]
11062085489,32384,228477,273,1,1,48,1,1,40,0.000,0.001,,,,,NVIDIA A100-SXM4-40GB MIG 4g.20gb (0),1,,13,"void pusch_noise_intf_est::noiseIntfEstNoDftSOfdmKernel<float, __half, float, float, (unsigned int)2, (unsigned int)1, (unsigned char)4, (unsigned char)4>(pusch_noise_intf_est::puschRxNoiseIntfEstDynDescr)"
11062567276,7328,228488,35,1,1,128,1,1,16,0.000,0.000,,,,,NVIDIA A100-SXM4-40GB MIG 4g.20gb (0),1,,13,cupy_copy__complex64_complex64
11063113446,6176,228497,1,1,1,1,1,1,18,0.000,0.000,,,,,NVIDIA A100-SXM4-40GB MIG 4g.20gb (0),1,,13,cupy_copy__float32_float32
11063125990,1632,228503,,,,,,,,,,0.000,2.451,Device,Pageable,NVIDIA A100-SXM4-40GB MIG 4g.20gb (0),1,,7,[CUDA memcpy Device-to-Host]
11063712255,20480,228514,1434,1,1,128,1,1,16,0.000,0.000,,,,,NVIDIA A100-SXM4-40GB MIG 4g.20gb (0),1,,13,cupy_copy__complex64_complex64
11064342712,7488,228521,103,1,1,128,1,1,16,0.000,0.000,,,,,NVIDIA A100-SXM4-40GB MIG 4g.20gb (0),1,,13,cupy_copy__complex64_complex64
11065034128,17152,228528,35,1,1,128,1,1,16,0.000,0.000,,,,,NVIDIA A100-SXM4-40GB MIG 4g.20gb (0),1,,13,cupy_copy__complex64_complex64
11065669513,4160,228535,1,1,1,1,1,1,18,0.000,0.000,,,,,NVIDIA A100-SXM4-40GB MIG 4g.20gb (0),1,,13,cupy_copy__float32_float32
11066056388,208446,228546,1,1,1,32,32,1,30,0.000,0.000,,,,,NVIDIA A100-SXM4-40GB MIG 4g.20gb (0),1,,13,"void convert_kernel<__half2, float2>(tensor_layout_any, T1 *, tensor_layout_any, const T2 *)"
11066295778,5728,228549,,,,,,,,,,0.094,16357.541,Pinned,Device,NVIDIA A100-SXM4-40GB MIG 4g.20gb (0),1,,13,[CUDA memcpy Host-to-Device]
11066812988,18271,228550,,,,,,,,,,1.547,84648.278,Device,,NVIDIA A100-SXM4-40GB MIG 4g.20gb (0),1,,13,[CUDA memset]
11066834459,3232,228555,,,,,,,,,,0.031,9683.139,Pinned,Device,NVIDIA A100-SXM4-40GB MIG 4g.20gb (0),1,,13,[CUDA memcpy Host-to-Device]
11066844315,13792,228556,,,,,,,,,,0.197,14255.063,Pinned,Device,NVIDIA A100-SXM4-40GB MIG 4g.20gb (0),1,,13,[CUDA memcpy Host-to-Device]
11067563251,20064,228557,273,1,1,8,4,1,39,0.002,0.000,,,,,NVIDIA A100-SXM4-40GB MIG 4g.20gb (0),1,,13,"void channel_eq::eqMmseCoefCompLowMimoKernel<float, float, float, (unsigned int)4, (unsigned int)1, (unsigned int)4>(const channel_eq::_puschRxChEqStatDescr *, channel_eq::_puschRxChEqCoefCompDynDescr)"
11068225836,23551,228558,273,1,1,12,11,1,51,0.002,0.000,,,,,NVIDIA A100-SXM4-40GB MIG 4g.20gb (0),1,,13,"void channel_eq::eqMmseSoftDemapKernel<float, __half, __half, float, (unsigned int)4, (unsigned short)16383>(channel_eq::_puschRxChEqStatDescr *, channel_eq::_puschRxChEqSoftDemapDynDescr)"
11068980803,689208,228559,1,1,1,32,32,1,30,0.000,0.000,,,,,NVIDIA A100-SXM4-40GB MIG 4g.20gb (0),1,,13,"void convert_kernel<float2, __half2>(tensor_layout_any, T1 *, tensor_layout_any, const T2 *)"
11070327124,14496,228571,2253,1,1,128,1,1,16,0.000,0.000,,,,,NVIDIA A100-SXM4-40GB MIG 4g.20gb (0),1,,13,cupy_copy__float16_float16
11070959725,11232,228580,282,1,1,128,1,1,16,0.000,0.000,,,,,NVIDIA A100-SXM4-40GB MIG 4g.20gb (0),1,,13,cupy_copy__complex64_complex64
11071525798,15552,228589,26,1,1,128,1,1,16,0.000,0.000,,,,,NVIDIA A100-SXM4-40GB MIG 4g.20gb (0),1,,13,cupy_copy__float32_float32
11072004865,8672,228598,103,1,1,128,1,1,16,0.000,0.000,,,,,NVIDIA A100-SXM4-40GB MIG 4g.20gb (0),1,,13,cupy_copy__complex64_complex64
11072370109,19647,228608,1434,1,1,128,1,1,16,0.000,0.000,,,,,NVIDIA A100-SXM4-40GB MIG 4g.20gb (0),1,,13,cupy_copy__complex64_complex64
11072908727,241981,228613,1,1,1,32,32,1,30,0.000,0.000,,,,,NVIDIA A100-SXM4-40GB MIG 4g.20gb (0),1,,13,"void convert_kernel<__half2, float2>(tensor_layout_any, T1 *, tensor_layout_any, const T2 *)"
11073181811,5536,228616,,,,,,,,,,0.094,16924.777,Pinned,Device,NVIDIA A100-SXM4-40GB MIG 4g.20gb (0),1,,13,[CUDA memcpy Host-to-Device]
11073475248,625081,228617,,,,,,,,,,456.561,730041.743,Device,,NVIDIA A100-SXM4-40GB MIG 4g.20gb (0),1,,13,[CUDA memset]
11074106217,61567,228622,,,,,,,,,,1.235,20057.960,Pinned,Device,NVIDIA A100-SXM4-40GB MIG 4g.20gb (0),1,,13,[CUDA memcpy Host-to-Device]
11074170248,9824,228623,,,,,,,,,,0.197,20012.925,Pinned,Device,NVIDIA A100-SXM4-40GB MIG 4g.20gb (0),1,,13,[CUDA memcpy Host-to-Device]
11074584772,28543,228624,69,4,1,48,1,1,76,0.002,0.000,,,,,NVIDIA A100-SXM4-40GB MIG 4g.20gb (0),1,,13,"void ch_est::windowedChEstPreNoDftSOfdmKernel<float, __half, float, (unsigned int)2, (unsigned int)1, (unsigned short)4>(ch_est::puschRxChEstStatDescr_t *, ch_est::puschRxChEstDynDescr_t *)"
11074989375,29184,228625,137,2,1,24,2,1,44,0.001,0.001,,,,,NVIDIA A100-SXM4-40GB MIG 4g.20gb (0),1,,13,"void ch_est::chEstFilterNoDftSOfdmDispatchKernel<float, __half, float, (unsigned int)2>(ch_est::puschRxChEstStatDescr_t *, ch_est::puschRxChEstDynDescr_t *)"
11075468858,28383,228626,137,2,1,24,2,1,44,0.001,0.001,,,,,NVIDIA A100-SXM4-40GB MIG 4g.20gb (0),1,,13,"void ch_est::chEstFilterNoDftSOfdmDispatchKernel<float, __half, float, (unsigned int)2>(ch_est::puschRxChEstStatDescr_t *, ch_est::puschRxChEstDynDescr_t *)"
11075962836,7808,228637,103,1,1,128,1,1,16,0.000,0.000,,,,,NVIDIA A100-SXM4-40GB MIG 4g.20gb (0),1,,13,cupy_copy__complex64_complex64
11076632236,24224,228647,1434,1,1,128,1,1,16,0.000,0.000,,,,,NVIDIA A100-SXM4-40GB MIG 4g.20gb (0),1,,13,cupy_copy__complex64_complex64
11077066823,6880,228654,103,1,1,128,1,1,16,0.000,0.000,,,,,NVIDIA A100-SXM4-40GB MIG 4g.20gb (0),1,,13,cupy_copy__complex64_complex64
11077534050,230589,228661,1,1,1,32,32,1,30,0.000,0.000,,,,,NVIDIA A100-SXM4-40GB MIG 4g.20gb (0),1,,13,"void convert_kernel<__half2, float2>(tensor_layout_any, T1 *, tensor_layout_any, const T2 *)"
11077794911,5696,228664,,,,,,,,,,0.094,16449.363,Pinned,Device,NVIDIA A100-SXM4-40GB MIG 4g.20gb (0),1,,13,[CUDA memcpy Host-to-Device]
11078308697,50240,228665,,,,,,,,,,35.810,712760.648,Device,,NVIDIA A100-SXM4-40GB MIG 4g.20gb (0),1,,13,[CUDA memset]
11078372697,6112,228667,,,,,,,,,,0.000,13.089,Pinned,Device,NVIDIA A100-SXM4-40GB MIG 4g.20gb (0),1,,13,[CUDA memcpy Host-to-Device]
11078387736,17664,228668,,,,,,,,,,0.197,11130.372,Pinned,Device,NVIDIA A100-SXM4-40GB MIG 4g.20gb (0),1,,13,[CUDA memcpy Host-to-Device]
11078908019,19359,228669,273,1,1,48,1,1,40,0.000,0.001,,,,,NVIDIA A100-SXM4-40GB MIG 4g.20gb (0),1,,13,"void pusch_noise_intf_est::noiseIntfEstNoDftSOfdmKernel<float, __half, float, float, (unsigned int)2, (unsigned int)1, (unsigned char)4, (unsigned char)4>(pusch_noise_intf_est::puschRxNoiseIntfEstDynDescr)"
11079604555,10687,228680,35,1,1,128,1,1,16,0.000,0.000,,,,,NVIDIA A100-SXM4-40GB MIG 4g.20gb (0),1,,13,cupy_copy__complex64_complex64
11080082725,4992,228689,1,1,1,1,1,1,18,0.000,0.000,,,,,NVIDIA A100-SXM4-40GB MIG 4g.20gb (0),1,,13,cupy_copy__float32_float32
11080095525,2144,228695,,,,,,,,,,0.000,1.866,Device,Pageable,NVIDIA A100-SXM4-40GB MIG 4g.20gb (0),1,,7,[CUDA memcpy Device-to-Host]
11080922364,16767,228706,1434,1,1,128,1,1,16,0.000,0.000,,,,,NVIDIA A100-SXM4-40GB MIG 4g.20gb (0),1,,13,cupy_copy__complex64_complex64
11081638452,6303,228713,103,1,1,128,1,1,16,0.000,0.000,,,,,NVIDIA A100-SXM4-40GB MIG 4g.20gb (0),1,,13,cupy_copy__complex64_complex64
11082327372,9120,228720,35,1,1,128,1,1,16,0.000,0.000,,,,,NVIDIA A100-SXM4-40GB MIG 4g.20gb (0),1,,13,cupy_copy__complex64_complex64
11083062083,4544,228727,1,1,1,1,1,1,18,0.000,0.000,,,,,NVIDIA A100-SXM4-40GB MIG 4g.20gb (0),1,,13,cupy_copy__float32_float32
11083707132,272669,228738,1,1,1,32,32,1,30,0.000,0.000,,,,,NVIDIA A100-SXM4-40GB MIG 4g.20gb (0),1,,13,"void convert_kernel<__half2, float2>(tensor_layout_any, T1 *, tensor_layout_any, const T2 *)"
11084010393,11008,228741,,,,,,,,,,0.094,8511.626,Pinned,Device,NVIDIA A100-SXM4-40GB MIG 4g.20gb (0),1,,13,[CUDA memcpy Host-to-Device]
11084736752,16032,228742,,,,,,,,,,1.547,96470.672,Device,,NVIDIA A100-SXM4-40GB MIG 4g.20gb (0),1,,13,[CUDA memset]
11084758768,4160,228747,,,,,,,,,,0.031,7523.058,Pinned,Device,NVIDIA A100-SXM4-40GB MIG 4g.20gb (0),1,,13,[CUDA memcpy Host-to-Device]
11084769040,13600,228748,,,,,,,,,,0.197,14456.390,Pinned,Device,NVIDIA A100-SXM4-40GB MIG 4g.20gb (0),1,,13,[CUDA memcpy Host-to-Device]
11085511048,30591,228749,273,1,1,8,4,1,39,0.002,0.000,,,,,NVIDIA A100-SXM4-40GB MIG 4g.20gb (0),1,,13,"void channel_eq::eqMmseCoefCompLowMimoKernel<float, float, float, (unsigned int)4, (unsigned int)1, (unsigned int)4>(const channel_eq::_puschRxChEqStatDescr *, channel_eq::_puschRxChEqCoefCompDynDescr)"
11086203968,27839,228750,273,1,1,12,11,1,51,0.002,0.000,,,,,NVIDIA A100-SXM4-40GB MIG 4g.20gb (0),1,,13,"void channel_eq::eqMmseSoftDemapKernel<float, __half, __half, float, (unsigned int)4, (unsigned short)16383>(channel_eq::_puschRxChEqStatDescr *, channel_eq::_puschRxChEqSoftDemapDynDescr)"
11086988727,652312,228751,1,1,1,32,32,1,30,0.000,0.000,,,,,NVIDIA A100-SXM4-40GB MIG 4g.20gb (0),1,,13,"void convert_kernel<float2, __half2>(tensor_layout_any, T1 *, tensor_layout_any, const T2 *)"
11088079018,21856,228763,2253,1,1,128,1,1,16,0.000,0.000,,,,,NVIDIA A100-SXM4-40GB MIG 4g.20gb (0),1,,13,cupy_copy__float16_float16
11088497350,9408,228772,282,1,1,128,1,1,16,0.000,0.000,,,,,NVIDIA A100-SXM4-40GB MIG 4g.20gb (0),1,,13,cupy_copy__complex64_complex64
11088937921,16512,228781,26,1,1,128,1,1,16,0.000,0.000,,,,,NVIDIA A100-SXM4-40GB MIG 4g.20gb (0),1,,13,cupy_copy__float32_float32
11089303997,10207,228790,103,1,1,128,1,1,16,0.000,0.000,,,,,NVIDIA A100-SXM4-40GB MIG 4g.20gb (0),1,,13,cupy_copy__complex64_complex64
11089555130,19104,228800,1434,1,1,128,1,1,16,0.000,0.000,,,,,NVIDIA A100-SXM4-40GB MIG 4g.20gb (0),1,,13,cupy_copy__complex64_complex64
11090086580,245629,228805,1,1,1,32,32,1,30,0.000,0.000,,,,,NVIDIA A100-SXM4-40GB MIG 4g.20gb (0),1,,13,"void convert_kernel<__half2, float2>(tensor_layout_any, T1 *, tensor_layout_any, const T2 *)"
11090362609,5568,228808,,,,,,,,,,0.094,16827.521,Pinned,Device,NVIDIA A100-SXM4-40GB MIG 4g.20gb (0),1,,13,[CUDA memcpy Host-to-Device]
11090756044,630553,228809,,,,,,,,,,456.561,723649.882,Device,,NVIDIA A100-SXM4-40GB MIG 4g.20gb (0),1,,13,[CUDA memset]
11091387429,65919,228814,,,,,,,,,,1.235,18734.100,Pinned,Device,NVIDIA A100-SXM4-40GB MIG 4g.20gb (0),1,,13,[CUDA memcpy Host-to-Device]
11091455844,9568,228815,,,,,,,,,,0.197,20548.485,Pinned,Device,NVIDIA A100-SXM4-40GB MIG 4g.20gb (0),1,,13,[CUDA memcpy Host-to-Device]
11091982558,28096,228816,69,4,1,48,1,1,76,0.002,0.000,,,,,NVIDIA A100-SXM4-40GB MIG 4g.20gb (0),1,,13,"void ch_est::windowedChEstPreNoDftSOfdmKernel<float, __half, float, (unsigned int)2, (unsigned int)1, (unsigned short)4>(ch_est::puschRxChEstStatDescr_t *, ch_est::puschRxChEstDynDescr_t *)"
11092404057,32128,228817,137,2,1,24,2,1,44,0.001,0.001,,,,,NVIDIA A100-SXM4-40GB MIG 4g.20gb (0),1,,13,"void ch_est::chEstFilterNoDftSOfdmDispatchKernel<float, __half, float, (unsigned int)2>(ch_est::puschRxChEstStatDescr_t *, ch_est::puschRxChEstDynDescr_t *)"
11092966195,18144,228818,137,2,1,24,2,1,44,0.001,0.001,,,,,NVIDIA A100-SXM4-40GB MIG 4g.20gb (0),1,,13,"void ch_est::chEstFilterNoDftSOfdmDispatchKernel<float, __half, float, (unsigned int)2>(ch_est::puschRxChEstStatDescr_t *, ch_est::puschRxChEstDynDescr_t *)"
11093584844,4896,228829,103,1,1,128,1,1,16,0.000,0.000,,,,,NVIDIA A100-SXM4-40GB MIG 4g.20gb (0),1,,13,cupy_copy__complex64_complex64
11094345635,23872,228839,1434,1,1,128,1,1,16,0.000,0.000,,,,,NVIDIA A100-SXM4-40GB MIG 4g.20gb (0),1,,13,cupy_copy__complex64_complex64
11094838974,6112,228846,103,1,1,128,1,1,16,0.000,0.000,,,,,NVIDIA A100-SXM4-40GB MIG 4g.20gb (0),1,,13,cupy_copy__complex64_complex64
11095498710,240030,228853,1,1,1,32,32,1,30,0.000,0.000,,,,,NVIDIA A100-SXM4-40GB MIG 4g.20gb (0),1,,13,"void convert_kernel<__half2, float2>(tensor_layout_any, T1 *, tensor_layout_any, const T2 *)"
11095769267,6176,228856,,,,,,,,,,0.094,15170.975,Pinned,Device,NVIDIA A100-SXM4-40GB MIG 4g.20gb (0),1,,13,[CUDA memcpy Host-to-Device]
11096393260,54880,228857,,,,,,,,,,35.810,652492.552,Device,,NVIDIA A100-SXM4-40GB MIG 4g.20gb (0),1,,13,[CUDA memset]
11096451276,2015,228859,,,,,,,,,,0.000,39.702,Pinned,Device,NVIDIA A100-SXM4-40GB MIG 4g.20gb (0),1,,13,[CUDA memcpy Host-to-Device]
11096456011,13248,228860,,,,,,,,,,0.197,14840.562,Pinned,Device,NVIDIA A100-SXM4-40GB MIG 4g.20gb (0),1,,13,[CUDA memcpy Host-to-Device]
11097044325,33791,228861,273,1,1,48,1,1,40,0.000,0.001,,,,,NVIDIA A100-SXM4-40GB MIG 4g.20gb (0),1,,13,"void pusch_noise_intf_est::noiseIntfEstNoDftSOfdmKernel<float, __half, float, float, (unsigned int)2, (unsigned int)1, (unsigned char)4, (unsigned char)4>(pusch_noise_intf_est::puschRxNoiseIntfEstDynDescr)"
11097952026,12864,228872,35,1,1,128,1,1,16,0.000,0.000,,,,,NVIDIA A100-SXM4-40GB MIG 4g.20gb (0),1,,13,cupy_copy__complex64_complex64
11098764305,3264,228881,1,1,1,1,1,1,18,0.000,0.000,,,,,NVIDIA A100-SXM4-40GB MIG 4g.20gb (0),1,,13,cupy_copy__float32_float32
11098769553,5312,228887,,,,,,,,,,0.000,0.753,Device,Pageable,NVIDIA A100-SXM4-40GB MIG 4g.20gb (0),1,,7,[CUDA memcpy Device-to-Host]
11099660103,17216,228898,1434,1,1,128,1,1,16,0.000,0.000,,,,,NVIDIA A100-SXM4-40GB MIG 4g.20gb (0),1,,13,cupy_copy__complex64_complex64
11100273600,6496,228905,103,1,1,128,1,1,16,0.000,0.000,,,,,NVIDIA A100-SXM4-40GB MIG 4g.20gb (0),1,,13,cupy_copy__complex64_complex64
11101006488,6976,228912,35,1,1,128,1,1,16,0.000,0.000,,,,,NVIDIA A100-SXM4-40GB MIG 4g.20gb (0),1,,13,cupy_copy__complex64_complex64
11101658288,4000,228919,1,1,1,1,1,1,18,0.000,0.000,,,,,NVIDIA A100-SXM4-40GB MIG 4g.20gb (0),1,,13,cupy_copy__float32_float32
11102191306,241310,228930,1,1,1,32,32,1,30,0.000,0.000,,,,,NVIDIA A100-SXM4-40GB MIG 4g.20gb (0),1,,13,"void convert_kernel<__half2, float2>(tensor_layout_any, T1 *, tensor_layout_any, const T2 *)"
11102464423,8064,228933,,,,,,,,,,0.094,11618.960,Pinned,Device,NVIDIA A100-SXM4-40GB MIG 4g.20gb (0),1,,13,[CUDA memcpy Host-to-Device]
11102962082,8192,228934,,,,,,,,,,1.547,188796.392,Device,,NVIDIA A100-SXM4-40GB MIG 4g.20gb (0),1,,13,[CUDA memset]
11102974242,6943,228939,,,,,,,,,,0.031,4507.532,Pinned,Device,NVIDIA A100-SXM4-40GB MIG 4g.20gb (0),1,,13,[CUDA memcpy Host-to-Device]
11102986913,13664,228940,,,,,,,,,,0.197,14388.756,Pinned,Device,NVIDIA A100-SXM4-40GB MIG 4g.20gb (0),1,,13,[CUDA memcpy Host-to-Device]
11103745945,27167,228941,273,1,1,8,4,1,39,0.002,0.000,,,,,NVIDIA A100-SXM4-40GB MIG 4g.20gb (0),1,,13,"void channel_eq::eqMmseCoefCompLowMimoKernel<float, float, float, (unsigned int)4, (unsigned int)1, (unsigned int)4>(const channel_eq::_puschRxChEqStatDescr *, channel_eq::_puschRxChEqCoefCompDynDescr)"
11104652814,14816,228942,273,1,1,12,11,1,51,0.002,0.000,,,,,NVIDIA A100-SXM4-40GB MIG 4g.20gb (0),1,,13,"void channel_eq::eqMmseSoftDemapKernel<float, __half, __half, float, (unsigned int)4, (unsigned short)16383>(channel_eq::_puschRxChEqStatDescr *, channel_eq::_puschRxChEqSoftDemapDynDescr)"
11105156521,608025,228943,1,1,1,32,32,1,30,0.000,0.000,,,,,NVIDIA A100-SXM4-40GB MIG 4g.20gb (0),1,,13,"void convert_kernel<float2, __half2>(tensor_layout_any, T1 *, tensor_layout_any, const T2 *)"
11106229981,22975,228955,2253,1,1,128,1,1,16,0.000,0.000,,,,,NVIDIA A100-SXM4-40GB MIG 4g.20gb (0),1,,13,cupy_copy__float16_float16
11106654776,9568,228964,282,1,1,128,1,1,16,0.000,0.000,,,,,NVIDIA A100-SXM4-40GB MIG 4g.20gb (0),1,,13,cupy_copy__complex64_complex64
11107089395,7264,228973,26,1,1,128,1,1,16,0.000,0.000,,,,,NVIDIA A100-SXM4-40GB MIG 4g.20gb (0),1,,13,cupy_copy__float32_float32
11107445999,7712,228982,103,1,1,128,1,1,16,0.000,0.000,,,,,NVIDIA A100-SXM4-40GB MIG 4g.20gb (0),1,,13,cupy_copy__complex64_complex64
11107696396,20736,228998,1434,1,1,128,1,1,16,0.000,0.000,,,,,NVIDIA A100-SXM4-40GB MIG 4g.20gb (0),1,,13,cupy_copy__complex64_complex64
11108112807,244253,229003,1,1,1,32,32,1,30,0.000,0.000,,,,,NVIDIA A100-SXM4-40GB MIG 4g.20gb (0),1,,13,"void convert_kernel<__half2, float2>(tensor_layout_any, T1 *, tensor_layout_any, const T2 *)"
11108388548,5920,229006,,,,,,,,,,0.094,15826.941,Pinned,Device,NVIDIA A100-SXM4-40GB MIG 4g.20gb (0),1,,13,[CUDA memcpy Host-to-Device]
11108680705,627801,229007,,,,,,,,,,456.561,726845.812,Device,,NVIDIA A100-SXM4-40GB MIG 4g.20gb (0),1,,13,[CUDA memset]
11109311002,62591,229012,,,,,,,,,,1.235,19729.465,Pinned,Device,NVIDIA A100-SXM4-40GB MIG 4g.20gb (0),1,,13,[CUDA memcpy Host-to-Device]
11109376185,10144,229013,,,,,,,,,,0.197,19381.617,Pinned,Device,NVIDIA A100-SXM4-40GB MIG 4g.20gb (0),1,,13,[CUDA memcpy Host-to-Device]
11109798132,28192,229014,69,4,1,48,1,1,76,0.002,0.000,,,,,NVIDIA A100-SXM4-40GB MIG 4g.20gb (0),1,,13,"void ch_est::windowedChEstPreNoDftSOfdmKernel<float, __half, float, (unsigned int)2, (unsigned int)1, (unsigned short)4>(ch_est::puschRxChEstStatDescr_t *, ch_est::puschRxChEstDynDescr_t *)"
11110321902,34560,229015,137,2,1,24,2,1,44,0.001,0.001,,,,,NVIDIA A100-SXM4-40GB MIG 4g.20gb (0),1,,13,"void ch_est::chEstFilterNoDftSOfdmDispatchKernel<float, __half, float, (unsigned int)2>(ch_est::puschRxChEstStatDescr_t *, ch_est::puschRxChEstDynDescr_t *)"
11110800553,22720,229016,137,2,1,24,2,1,44,0.001,0.001,,,,,NVIDIA A100-SXM4-40GB MIG 4g.20gb (0),1,,13,"void ch_est::chEstFilterNoDftSOfdmDispatchKernel<float, __half, float, (unsigned int)2>(ch_est::puschRxChEstStatDescr_t *, ch_est::puschRxChEstDynDescr_t *)"
11111420034,7456,229027,103,1,1,128,1,1,16,0.000,0.000,,,,,NVIDIA A100-SXM4-40GB MIG 4g.20gb (0),1,,13,cupy_copy__complex64_complex64
11112035355,24127,229037,1434,1,1,128,1,1,16,0.000,0.000,,,,,NVIDIA A100-SXM4-40GB MIG 4g.20gb (0),1,,13,cupy_copy__complex64_complex64
11112410007,6015,229044,103,1,1,128,1,1,16,0.000,0.000,,,,,NVIDIA A100-SXM4-40GB MIG 4g.20gb (0),1,,13,cupy_copy__complex64_complex64
11112858033,209662,229051,1,1,1,32,32,1,30,0.000,0.000,,,,,NVIDIA A100-SXM4-40GB MIG 4g.20gb (0),1,,13,"void convert_kernel<__half2, float2>(tensor_layout_any, T1 *, tensor_layout_any, const T2 *)"
11113098063,13664,229054,,,,,,,,,,0.094,6857.142,Pinned,Device,NVIDIA A100-SXM4-40GB MIG 4g.20gb (0),1,,13,[CUDA memcpy Host-to-Device]
11113547274,47903,229055,,,,,,,,,,35.810,747532.080,Device,,NVIDIA A100-SXM4-40GB MIG 4g.20gb (0),1,,13,[CUDA memset]
11113599401,4416,229057,,,,,,,,,,0.000,18.116,Pinned,Device,NVIDIA A100-SXM4-40GB MIG 4g.20gb (0),1,,13,[CUDA memcpy Host-to-Device]
11113610441,16736,229058,,,,,,,,,,0.197,11747.525,Pinned,Device,NVIDIA A100-SXM4-40GB MIG 4g.20gb (0),1,,13,[CUDA memcpy Host-to-Device]
11114195874,31200,229059,273,1,1,48,1,1,40,0.000,0.001,,,,,NVIDIA A100-SXM4-40GB MIG 4g.20gb (0),1,,13,"void pusch_noise_intf_est::noiseIntfEstNoDftSOfdmKernel<float, __half, float, float, (unsigned int)2, (unsigned int)1, (unsigned char)4, (unsigned char)4>(pusch_noise_intf_est::puschRxNoiseIntfEstDynDescr)"
11114809755,5280,229070,35,1,1,128,1,1,16,0.000,0.000,,,,,NVIDIA A100-SXM4-40GB MIG 4g.20gb (0),1,,13,cupy_copy__complex64_complex64
11115506323,5056,229079,1,1,1,1,1,1,18,0.000,0.000,,,,,NVIDIA A100-SXM4-40GB MIG 4g.20gb (0),1,,13,cupy_copy__float32_float32
11115517043,5120,229085,,,,,,,,,,0.000,0.781,Device,Pageable,NVIDIA A100-SXM4-40GB MIG 4g.20gb (0),1,,7,[CUDA memcpy Device-to-Host]
11116198796,18175,229096,1434,1,1,128,1,1,16,0.000,0.000,,,,,NVIDIA A100-SXM4-40GB MIG 4g.20gb (0),1,,13,cupy_copy__complex64_complex64
11116825028,5760,229103,103,1,1,128,1,1,16,0.000,0.000,,,,,NVIDIA A100-SXM4-40GB MIG 4g.20gb (0),1,,13,cupy_copy__complex64_complex64
11117469789,4736,229110,35,1,1,128,1,1,16,0.000,0.000,,,,,NVIDIA A100-SXM4-40GB MIG 4g.20gb (0),1,,13,cupy_copy__complex64_complex64
11118166357,4128,229117,1,1,1,1,1,1,18,0.000,0.000,,,,,NVIDIA A100-SXM4-40GB MIG 4g.20gb (0),1,,13,cupy_copy__float32_float32
11118851021,254878,229128,1,1,1,32,32,1,30,0.000,0.000,,,,,NVIDIA A100-SXM4-40GB MIG 4g.20gb (0),1,,13,"void convert_kernel<__half2, float2>(tensor_layout_any, T1 *, tensor_layout_any, const T2 *)"
11119137290,5952,229131,,,,,,,,,,0.094,15741.865,Pinned,Device,NVIDIA A100-SXM4-40GB MIG 4g.20gb (0),1,,13,[CUDA memcpy Host-to-Device]
11119607653,18656,229132,,,,,,,,,,1.547,82902.140,Device,,NVIDIA A100-SXM4-40GB MIG 4g.20gb (0),1,,13,[CUDA memset]
11119632325,7967,229137,,,,,,,,,,0.031,3928.180,Pinned,Device,NVIDIA A100-SXM4-40GB MIG 4g.20gb (0),1,,13,[CUDA memcpy Host-to-Device]
11119645732,14816,229138,,,,,,,,,,0.197,13269.860,Pinned,Device,NVIDIA A100-SXM4-40GB MIG 4g.20gb (0),1,,13,[CUDA memcpy Host-to-Device]
11120169182,29920,229139,273,1,1,8,4,1,39,0.002,0.000,,,,,NVIDIA A100-SXM4-40GB MIG 4g.20gb (0),1,,13,"void channel_eq::eqMmseCoefCompLowMimoKernel<float, float, float, (unsigned int)4, (unsigned int)1, (unsigned int)4>(const channel_eq::_puschRxChEqStatDescr *, channel_eq::_puschRxChEqCoefCompDynDescr)"
11120645977,11776,229140,273,1,1,12,11,1,51,0.002,0.000,,,,,NVIDIA A100-SXM4-40GB MIG 4g.20gb (0),1,,13,"void channel_eq::eqMmseSoftDemapKernel<float, __half, __half, float, (unsigned int)4, (unsigned short)16383>(channel_eq::_puschRxChEqStatDescr *, channel_eq::_puschRxChEqSoftDemapDynDescr)"
11121137716,661912,229141,1,1,1,32,32,1,30,0.000,0.000,,,,,NVIDIA A100-SXM4-40GB MIG 4g.20gb (0),1,,13,"void convert_kernel<float2, __half2>(tensor_layout_any, T1 *, tensor_layout_any, const T2 *)"
11122168264,23680,229153,2253,1,1,128,1,1,16,0.000,0.000,,,,,NVIDIA A100-SXM4-40GB MIG 4g.20gb (0),1,,13,cupy_copy__float16_float16
11122781633,9952,229162,282,1,1,128,1,1,16,0.000,0.000,,,,,NVIDIA A100-SXM4-40GB MIG 4g.20gb (0),1,,13,cupy_copy__complex64_complex64
11123217020,15936,229171,26,1,1,128,1,1,16,0.000,0.000,,,,,NVIDIA A100-SXM4-40GB MIG 4g.20gb (0),1,,13,cupy_copy__float32_float32
11123784533,9216,229180,103,1,1,128,1,1,16,0.000,0.000,,,,,NVIDIA A100-SXM4-40GB MIG 4g.20gb (0),1,,13,cupy_copy__complex64_complex64
11124236496,20672,229190,1434,1,1,128,1,1,16,0.000,0.000,,,,,NVIDIA A100-SXM4-40GB MIG 4g.20gb (0),1,,13,cupy_copy__complex64_complex64
11124658540,238557,229195,1,1,1,32,32,1,30,0.000,0.000,,,,,NVIDIA A100-SXM4-40GB MIG 4g.20gb (0),1,,13,"void convert_kernel<__half2, float2>(tensor_layout_any, T1 *, tensor_layout_any, const T2 *)"
11124928489,5471,229198,,,,,,,,,,0.094,17125.849,Pinned,Device,NVIDIA A100-SXM4-40GB MIG 4g.20gb (0),1,,13,[CUDA memcpy Host-to-Device]
11125432067,634841,229199,,,,,,,,,,456.561,719084.268,Device,,NVIDIA A100-SXM4-40GB MIG 4g.20gb (0),1,,13,[CUDA memset]
11126072924,64511,229204,,,,,,,,,,1.235,19142.867,Pinned,Device,NVIDIA A100-SXM4-40GB MIG 4g.20gb (0),1,,13,[CUDA memcpy Host-to-Device]
11126140123,9952,229205,,,,,,,,,,0.197,19755.565,Pinned,Device,NVIDIA A100-SXM4-40GB MIG 4g.20gb (0),1,,13,[CUDA memcpy Host-to-Device]
11126757428,28607,229206,69,4,1,48,1,1,76,0.002,0.000,,,,,NVIDIA A100-SXM4-40GB MIG 4g.20gb (0),1,,13,"void ch_est::windowedChEstPreNoDftSOfdmKernel<float, __half, float, (unsigned int)2, (unsigned int)1, (unsigned short)4>(ch_est::puschRxChEstStatDescr_t *, ch_est::puschRxChEstDynDescr_t *)"
11127373325,33311,229207,137,2,1,24,2,1,44,0.001,0.001,,,,,NVIDIA A100-SXM4-40GB MIG 4g.20gb (0),1,,13,"void ch_est::chEstFilterNoDftSOfdmDispatchKernel<float, __half, float, (unsigned int)2>(ch_est::puschRxChEstStatDescr_t *, ch_est::puschRxChEstDynDescr_t *)"
11128033925,23584,229208,137,2,1,24,2,1,44,0.001,0.001,,,,,NVIDIA A100-SXM4-40GB MIG 4g.20gb (0),1,,13,"void ch_est::chEstFilterNoDftSOfdmDispatchKernel<float, __half, float, (unsigned int)2>(ch_est::puschRxChEstStatDescr_t *, ch_est::puschRxChEstDynDescr_t *)"
11129002202,6272,229219,103,1,1,128,1,1,16,0.000,0.000,,,,,NVIDIA A100-SXM4-40GB MIG 4g.20gb (0),1,,13,cupy_copy__complex64_complex64
11129483573,22336,229229,1434,1,1,128,1,1,16,0.000,0.000,,,,,NVIDIA A100-SXM4-40GB MIG 4g.20gb (0),1,,13,cupy_copy__complex64_complex64
11130343627,6944,229236,103,1,1,128,1,1,16,0.000,0.000,,,,,NVIDIA A100-SXM4-40GB MIG 4g.20gb (0),1,,13,cupy_copy__complex64_complex64
11130794854,233629,229243,1,1,1,32,32,1,30,0.000,0.000,,,,,NVIDIA A100-SXM4-40GB MIG 4g.20gb (0),1,,13,"void convert_kernel<__half2, float2>(tensor_layout_any, T1 *, tensor_layout_any, const T2 *)"
11131058979,5952,229246,,,,,,,,,,0.094,15741.865,Pinned,Device,NVIDIA A100-SXM4-40GB MIG 4g.20gb (0),1,,13,[CUDA memcpy Host-to-Device]
11131485406,63391,229247,,,,,,,,,,35.810,564901.488,Device,,NVIDIA A100-SXM4-40GB MIG 4g.20gb (0),1,,13,[CUDA memset]
11131553085,2016,229249,,,,,,,,,,0.000,39.682,Pinned,Device,NVIDIA A100-SXM4-40GB MIG 4g.20gb (0),1,,13,[CUDA memcpy Host-to-Device]
11131561853,12864,229250,,,,,,,,,,0.197,15283.519,Pinned,Device,NVIDIA A100-SXM4-40GB MIG 4g.20gb (0),1,,13,[CUDA memcpy Host-to-Device]
11132227030,33695,229251,273,1,1,48,1,1,40,0.000,0.001,,,,,NVIDIA A100-SXM4-40GB MIG 4g.20gb (0),1,,13,"void pusch_noise_intf_est::noiseIntfEstNoDftSOfdmKernel<float, __half, float, float, (unsigned int)2, (unsigned int)1, (unsigned char)4, (unsigned char)4>(pusch_noise_intf_est::puschRxNoiseIntfEstDynDescr)"
11132835343,9024,229262,35,1,1,128,1,1,16,0.000,0.000,,,,,NVIDIA A100-SXM4-40GB MIG 4g.20gb (0),1,,13,cupy_copy__complex64_complex64
11133279018,6368,229271,1,1,1,1,1,1,18,0.000,0.000,,,,,NVIDIA A100-SXM4-40GB MIG 4g.20gb (0),1,,13,cupy_copy__float32_float32
11133290378,4192,229277,,,,,,,,,,0.000,0.954,Device,Pageable,NVIDIA A100-SXM4-40GB MIG 4g.20gb (0),1,,7,[CUDA memcpy Device-to-Host]
11133815428,18975,229288,1434,1,1,128,1,1,16,0.000,0.000,,,,,NVIDIA A100-SXM4-40GB MIG 4g.20gb (0),1,,13,cupy_copy__complex64_complex64
11134256127,17600,229295,103,1,1,128,1,1,16,0.000,0.000,,,,,NVIDIA A100-SXM4-40GB MIG 4g.20gb (0),1,,13,cupy_copy__complex64_complex64
11134629722,6912,229302,35,1,1,128,1,1,16,0.000,0.000,,,,,NVIDIA A100-SXM4-40GB MIG 4g.20gb (0),1,,13,cupy_copy__complex64_complex64
11134878168,5344,229309,1,1,1,1,1,1,18,0.000,0.000,,,,,NVIDIA A100-SXM4-40GB MIG 4g.20gb (0),1,,13,cupy_copy__float32_float32
11135280179,236829,229320,1,1,1,32,32,1,30,0.000,0.000,,,,,NVIDIA A100-SXM4-40GB MIG 4g.20gb (0),1,,13,"void convert_kernel<__half2, float2>(tensor_layout_any, T1 *, tensor_layout_any, const T2 *)"
11135546992,5472,229323,,,,,,,,,,0.094,17122.757,Pinned,Device,NVIDIA A100-SXM4-40GB MIG 4g.20gb (0),1,,13,[CUDA memcpy Host-to-Device]
11135865932,18816,229324,,,,,,,,,,1.547,82196.879,Device,,NVIDIA A100-SXM4-40GB MIG 4g.20gb (0),1,,13,[CUDA memset]
11135888108,5312,229329,,,,,,,,,,0.031,5891.566,Pinned,Device,NVIDIA A100-SXM4-40GB MIG 4g.20gb (0),1,,13,[CUDA memcpy Host-to-Device]
11135897516,13920,229330,,,,,,,,,,0.197,14124.122,Pinned,Device,NVIDIA A100-SXM4-40GB MIG 4g.20gb (0),1,,13,[CUDA memcpy Host-to-Device]
11136466758,18431,229331,273,1,1,8,4,1,39,0.002,0.000,,,,,NVIDIA A100-SXM4-40GB MIG 4g.20gb (0),1,,13,"void channel_eq::eqMmseCoefCompLowMimoKernel<float, float, float, (unsigned int)4, (unsigned int)1, (unsigned int)4>(const channel_eq::_puschRxChEqStatDescr *, channel_eq::_puschRxChEqCoefCompDynDescr)"
11137037759,16608,229332,273,1,1,12,11,1,51,0.002,0.000,,,,,NVIDIA A100-SXM4-40GB MIG 4g.20gb (0),1,,13,"void channel_eq::eqMmseSoftDemapKernel<float, __half, __half, float, (unsigned int)4, (unsigned short)16383>(channel_eq::_puschRxChEqStatDescr *, channel_eq::_puschRxChEqSoftDemapDynDescr)"
11137527386,707992,229333,1,1,1,32,32,1,30,0.000,0.000,,,,,NVIDIA A100-SXM4-40GB MIG 4g.20gb (0),1,,13,"void convert_kernel<float2, __half2>(tensor_layout_any, T1 *, tensor_layout_any, const T2 *)"
11138780971,13696,229345,2253,1,1,128,1,1,16,0.000,0.000,,,,,NVIDIA A100-SXM4-40GB MIG 4g.20gb (0),1,,13,cupy_copy__float16_float16
11139457572,9664,229354,282,1,1,128,1,1,16,0.000,0.000,,,,,NVIDIA A100-SXM4-40GB MIG 4g.20gb (0),1,,13,cupy_copy__complex64_complex64
11140118812,5408,229363,26,1,1,128,1,1,16,0.000,0.000,,,,,NVIDIA A100-SXM4-40GB MIG 4g.20gb (0),1,,13,cupy_copy__float32_float32
11140723797,8192,229372,103,1,1,128,1,1,16,0.000,0.000,,,,,NVIDIA A100-SXM4-40GB MIG 4g.20gb (0),1,,13,cupy_copy__complex64_complex64
11141277583,18592,229382,1434,1,1,128,1,1,16,0.000,0.000,,,,,NVIDIA A100-SXM4-40GB MIG 4g.20gb (0),1,,13,cupy_copy__complex64_complex64
11141905224,334716,229387,1,1,1,32,32,1,30,0.000,0.000,,,,,NVIDIA A100-SXM4-40GB MIG 4g.20gb (0),1,,13,"void convert_kernel<__half2, float2>(tensor_layout_any, T1 *, tensor_layout_any, const T2 *)"
11142270180,5568,229390,,,,,,,,,,0.094,16827.521,Pinned,Device,NVIDIA A100-SXM4-40GB MIG 4g.20gb (0),1,,13,[CUDA memcpy Host-to-Device]
11142870685,631737,229391,,,,,,,,,,456.561,722280.198,Device,,NVIDIA A100-SXM4-40GB MIG 4g.20gb (0),1,,13,[CUDA memset]
11143504790,58751,229396,,,,,,,,,,1.235,21018.747,Pinned,Device,NVIDIA A100-SXM4-40GB MIG 4g.20gb (0),1,,13,[CUDA memcpy Host-to-Device]
11143566037,9472,229397,,,,,,,,,,0.197,20756.693,Pinned,Device,NVIDIA A100-SXM4-40GB MIG 4g.20gb (0),1,,13,[CUDA memcpy Host-to-Device]
11144160302,26400,229398,69,4,1,48,1,1,76,0.002,0.000,,,,,NVIDIA A100-SXM4-40GB MIG 4g.20gb (0),1,,13,"void ch_est::windowedChEstPreNoDftSOfdmKernel<float, __half, float, (unsigned int)2, (unsigned int)1, (unsigned short)4>(ch_est::puschRxChEstStatDescr_t *, ch_est::puschRxChEstDynDescr_t *)"
11144748328,13344,229399,137,2,1,24,2,1,44,0.001,0.001,,,,,NVIDIA A100-SXM4-40GB MIG 4g.20gb (0),1,,13,"void ch_est::chEstFilterNoDftSOfdmDispatchKernel<float, __half, float, (unsigned int)2>(ch_est::puschRxChEstStatDescr_t *, ch_est::puschRxChEstDynDescr_t *)"
11145413312,12512,229400,137,2,1,24,2,1,44,0.001,0.001,,,,,NVIDIA A100-SXM4-40GB MIG 4g.20gb (0),1,,13,"void ch_est::chEstFilterNoDftSOfdmDispatchKernel<float, __half, float, (unsigned int)2>(ch_est::puschRxChEstStatDescr_t *, ch_est::puschRxChEstDynDescr_t *)"
11145964858,5120,229411,103,1,1,128,1,1,16,0.000,0.000,,,,,NVIDIA A100-SXM4-40GB MIG 4g.20gb (0),1,,13,cupy_copy__complex64_complex64
11146516180,18079,229421,1434,1,1,128,1,1,16,0.000,0.000,,,,,NVIDIA A100-SXM4-40GB MIG 4g.20gb (0),1,,13,cupy_copy__complex64_complex64
11147014030,8384,229428,103,1,1,128,1,1,16,0.000,0.000,,,,,NVIDIA A100-SXM4-40GB MIG 4g.20gb (0),1,,13,cupy_copy__complex64_complex64
11147475689,246333,229435,1,1,1,32,32,1,30,0.000,0.000,,,,,NVIDIA A100-SXM4-40GB MIG 4g.20gb (0),1,,13,"void convert_kernel<__half2, float2>(tensor_layout_any, T1 *, tensor_layout_any, const T2 *)"
11147752678,5824,229438,,,,,,,,,,0.094,16087.884,Pinned,Device,NVIDIA A100-SXM4-40GB MIG 4g.20gb (0),1,,13,[CUDA memcpy Host-to-Device]
11148081890,64191,229439,,,,,,,,,,35.810,557846.934,Device,,NVIDIA A100-SXM4-40GB MIG 4g.20gb (0),1,,13,[CUDA memset]
11148153441,4352,229441,,,,,,,,,,0.000,18.382,Pinned,Device,NVIDIA A100-SXM4-40GB MIG 4g.20gb (0),1,,13,[CUDA memcpy Host-to-Device]
11148163521,13088,229442,,,,,,,,,,0.197,15021.834,Pinned,Device,NVIDIA A100-SXM4-40GB MIG 4g.20gb (0),1,,13,[CUDA memcpy Host-to-Device]
11148634620,31615,229443,273,1,1,48,1,1,40,0.000,0.001,,,,,NVIDIA A100-SXM4-40GB MIG 4g.20gb (0),1,,13,"void pusch_noise_intf_est::noiseIntfEstNoDftSOfdmKernel<float, __half, float, float, (unsigned int)2, (unsigned int)1, (unsigned char)4, (unsigned char)4>(pusch_noise_intf_est::puschRxNoiseIntfEstDynDescr)"
11149333332,9184,229454,35,1,1,128,1,1,16,0.000,0.000,,,,,NVIDIA A100-SXM4-40GB MIG 4g.20gb (0),1,,13,cupy_copy__complex64_complex64
11149938957,3584,229463,1,1,1,1,1,1,18,0.000,0.000,,,,,NVIDIA A100-SXM4-40GB MIG 4g.20gb (0),1,,13,cupy_copy__float32_float32
11149945869,4512,229469,,,,,,,,,,0.000,0.887,Device,Pageable,NVIDIA A100-SXM4-40GB MIG 4g.20gb (0),1,,7,[CUDA memcpy Device-to-Host]
11150419367,19200,229480,1434,1,1,128,1,1,16,0.000,0.000,,,,,NVIDIA A100-SXM4-40GB MIG 4g.20gb (0),1,,13,cupy_copy__complex64_complex64
11151072672,15904,229487,103,1,1,128,1,1,16,0.000,0.000,,,,,NVIDIA A100-SXM4-40GB MIG 4g.20gb (0),1,,13,cupy_copy__complex64_complex64
11151448092,6784,229494,35,1,1,128,1,1,16,0.000,0.000,,,,,NVIDIA A100-SXM4-40GB MIG 4g.20gb (0),1,,13,cupy_copy__complex64_complex64
11151907158,5888,229501,1,1,1,1,1,1,18,0.000,0.000,,,,,NVIDIA A100-SXM4-40GB MIG 4g.20gb (0),1,,13,cupy_copy__float32_float32
11152519760,250557,229512,1,1,1,32,32,1,30,0.000,0.000,,,,,NVIDIA A100-SXM4-40GB MIG 4g.20gb (0),1,,13,"void convert_kernel<__half2, float2>(tensor_layout_any, T1 *, tensor_layout_any, const T2 *)"
11152801452,5952,229515,,,,,,,,,,0.094,15741.865,Pinned,Device,NVIDIA A100-SXM4-40GB MIG 4g.20gb (0),1,,13,[CUDA memcpy Host-to-Device]
11153393606,17983,229516,,,,,,,,,,1.547,86004.667,Device,,NVIDIA A100-SXM4-40GB MIG 4g.20gb (0),1,,13,[CUDA memset]
11153414853,7168,229521,,,,,,,,,,0.031,4366.042,Pinned,Device,NVIDIA A100-SXM4-40GB MIG 4g.20gb (0),1,,13,[CUDA memcpy Host-to-Device]
11153424837,13376,229522,,,,,,,,,,0.197,14698.414,Pinned,Device,NVIDIA A100-SXM4-40GB MIG 4g.20gb (0),1,,13,[CUDA memcpy Host-to-Device]
11154097726,19807,229523,273,1,1,8,4,1,39,0.002,0.000,,,,,NVIDIA A100-SXM4-40GB MIG 4g.20gb (0),1,,13,"void channel_eq::eqMmseCoefCompLowMimoKernel<float, float, float, (unsigned int)4, (unsigned int)1, (unsigned int)4>(const channel_eq::_puschRxChEqStatDescr *, channel_eq::_puschRxChEqCoefCompDynDescr)"
11154809078,26911,229524,273,1,1,12,11,1,51,0.002,0.000,,,,,NVIDIA A100-SXM4-40GB MIG 4g.20gb (0),1,,13,"void channel_eq::eqMmseSoftDemapKernel<float, __half, __half, float, (unsigned int)4, (unsigned short)16383>(channel_eq::_puschRxChEqStatDescr *, channel_eq::_puschRxChEqSoftDemapDynDescr)"
11155504782,647064,229525,1,1,1,32,32,1,30,0.000,0.000,,,,,NVIDIA A100-SXM4-40GB MIG 4g.20gb (0),1,,13,"void convert_kernel<float2, __half2>(tensor_layout_any, T1 *, tensor_layout_any, const T2 *)"
11156728640,23936,229537,2253,1,1,128,1,1,16,0.000,0.000,,,,,NVIDIA A100-SXM4-40GB MIG 4g.20gb (0),1,,13,cupy_copy__float16_float16
11157528407,18208,229546,282,1,1,128,1,1,16,0.000,0.000,,,,,NVIDIA A100-SXM4-40GB MIG 4g.20gb (0),1,,13,cupy_copy__complex64_complex64
11158194735,5536,229555,26,1,1,128,1,1,16,0.000,0.000,,,,,NVIDIA A100-SXM4-40GB MIG 4g.20gb (0),1,,13,cupy_copy__float32_float32
11158749769,19200,229564,103,1,1,128,1,1,16,0.000,0.000,,,,,NVIDIA A100-SXM4-40GB MIG 4g.20gb (0),1,,13,cupy_copy__complex64_complex64
11159260739,18848,229574,1434,1,1,128,1,1,16,0.000,0.000,,,,,NVIDIA A100-SXM4-40GB MIG 4g.20gb (0),1,,13,cupy_copy__complex64_complex64
11159831101,217981,229579,1,1,1,32,32,1,30,0.000,0.000,,,,,NVIDIA A100-SXM4-40GB MIG 4g.20gb (0),1,,13,"void convert_kernel<__half2, float2>(tensor_layout_any, T1 *, tensor_layout_any, const T2 *)"
11160088730,7904,229582,,,,,,,,,,0.094,11854.231,Pinned,Device,NVIDIA A100-SXM4-40GB MIG 4g.20gb (0),1,,13,[CUDA memcpy Host-to-Device]
11160519253,627737,229583,,,,,,,,,,456.561,727302.374,Device,,NVIDIA A100-SXM4-40GB MIG 4g.20gb (0),1,,13,[CUDA memset]
11161152142,61663,229588,,,,,,,,,,1.235,20027.087,Pinned,Device,NVIDIA A100-SXM4-40GB MIG 4g.20gb (0),1,,13,[CUDA memcpy Host-to-Device]
11161216269,9920,229589,,,,,,,,,,0.197,19819.266,Pinned,Device,NVIDIA A100-SXM4-40GB MIG 4g.20gb (0),1,,13,[CUDA memcpy Host-to-Device]
11161734919,27136,229590,69,4,1,48,1,1,76,0.002,0.000,,,,,NVIDIA A100-SXM4-40GB MIG 4g.20gb (0),1,,13,"void ch_est::windowedChEstPreNoDftSOfdmKernel<float, __half, float, (unsigned int)2, (unsigned int)1, (unsigned short)4>(ch_est::puschRxChEstStatDescr_t *, ch_est::puschRxChEstDynDescr_t *)"
11162240737,32416,229591,137,2,1,24,2,1,44,0.001,0.001,,,,,NVIDIA A100-SXM4-40GB MIG 4g.20gb (0),1,,13,"void ch_est::chEstFilterNoDftSOfdmDispatchKernel<float, __half, float, (unsigned int)2>(ch_est::puschRxChEstStatDescr_t *, ch_est::puschRxChEstDynDescr_t *)"
11163083448,17504,229592,137,2,1,24,2,1,44,0.001,0.001,,,,,NVIDIA A100-SXM4-40GB MIG 4g.20gb (0),1,,13,"void ch_est::chEstFilterNoDftSOfdmDispatchKernel<float, __half, float, (unsigned int)2>(ch_est::puschRxChEstStatDescr_t *, ch_est::puschRxChEstDynDescr_t *)"
11163572178,9216,229603,103,1,1,128,1,1,16,0.000,0.000,,,,,NVIDIA A100-SXM4-40GB MIG 4g.20gb (0),1,,13,cupy_copy__complex64_complex64
11164317674,21727,229613,1434,1,1,128,1,1,16,0.000,0.000,,,,,NVIDIA A100-SXM4-40GB MIG 4g.20gb (0),1,,13,cupy_copy__complex64_complex64
11164859652,6719,229620,103,1,1,128,1,1,16,0.000,0.000,,,,,NVIDIA A100-SXM4-40GB MIG 4g.20gb (0),1,,13,cupy_copy__complex64_complex64
11165274463,242429,229627,1,1,1,32,32,1,30,0.000,0.000,,,,,NVIDIA A100-SXM4-40GB MIG 4g.20gb (0),1,,13,"void convert_kernel<__half2, float2>(tensor_layout_any, T1 *, tensor_layout_any, const T2 *)"
11165547420,5824,229630,,,,,,,,,,0.094,16087.884,Pinned,Device,NVIDIA A100-SXM4-40GB MIG 4g.20gb (0),1,,13,[CUDA memcpy Host-to-Device]
11166126613,63487,229631,,,,,,,,,,35.810,564042.050,Device,,NVIDIA A100-SXM4-40GB MIG 4g.20gb (0),1,,13,[CUDA memset]
11166192500,2560,229633,,,,,,,,,,0.000,31.250,Pinned,Device,NVIDIA A100-SXM4-40GB MIG 4g.20gb (0),1,,13,[CUDA memcpy Host-to-Device]
11166201460,13248,229634,,,,,,,,,,0.197,14840.562,Pinned,Device,NVIDIA A100-SXM4-40GB MIG 4g.20gb (0),1,,13,[CUDA memcpy Host-to-Device]
11166949644,33759,229635,273,1,1,48,1,1,40,0.000,0.001,,,,,NVIDIA A100-SXM4-40GB MIG 4g.20gb (0),1,,13,"void pusch_noise_intf_est::noiseIntfEstNoDftSOfdmKernel<float, __half, float, float, (unsigned int)2, (unsigned int)1, (unsigned char)4, (unsigned char)4>(pusch_noise_intf_est::puschRxNoiseIntfEstDynDescr)"
11167722563,8352,229646,35,1,1,128,1,1,16,0.000,0.000,,,,,NVIDIA A100-SXM4-40GB MIG 4g.20gb (0),1,,13,cupy_copy__complex64_complex64
11168416987,4160,229655,1,1,1,1,1,1,18,0.000,0.000,,,,,NVIDIA A100-SXM4-40GB MIG 4g.20gb (0),1,,13,cupy_copy__float32_float32
11168427611,5088,229661,,,,,,,,,,0.000,0.786,Device,Pageable,NVIDIA A100-SXM4-40GB MIG 4g.20gb (0),1,,7,[CUDA memcpy Device-to-Host]
11169184019,18623,229672,1434,1,1,128,1,1,16,0.000,0.000,,,,,NVIDIA A100-SXM4-40GB MIG 4g.20gb (0),1,,13,cupy_copy__complex64_complex64
11169945578,4544,229679,103,1,1,128,1,1,16,0.000,0.000,,,,,NVIDIA A100-SXM4-40GB MIG 4g.20gb (0),1,,13,cupy_copy__complex64_complex64
11170499780,7744,229686,35,1,1,128,1,1,16,0.000,0.000,,,,,NVIDIA A100-SXM4-40GB MIG 4g.20gb (0),1,,13,cupy_copy__complex64_complex64
11171155452,5984,229693,1,1,1,1,1,1,18,0.000,0.000,,,,,NVIDIA A100-SXM4-40GB MIG 4g.20gb (0),1,,13,cupy_copy__float32_float32
11171691062,267581,229704,1,1,1,32,32,1,30,0.000,0.000,,,,,NVIDIA A100-SXM4-40GB MIG 4g.20gb (0),1,,13,"void convert_kernel<__half2, float2>(tensor_layout_any, T1 *, tensor_layout_any, const T2 *)"
11171989235,9056,229707,,,,,,,,,,0.094,10346.287,Pinned,Device,NVIDIA A100-SXM4-40GB MIG 4g.20gb (0),1,,13,[CUDA memcpy Host-to-Device]
11172578796,5536,229708,,,,,,,,,,1.547,279374.426,Device,,NVIDIA A100-SXM4-40GB MIG 4g.20gb (0),1,,13,[CUDA memset]
11172593420,5280,229713,,,,,,,,,,0.031,5927.243,Pinned,Device,NVIDIA A100-SXM4-40GB MIG 4g.20gb (0),1,,13,[CUDA memcpy Host-to-Device]
11172604012,16832,229714,,,,,,,,,,0.197,11680.481,Pinned,Device,NVIDIA A100-SXM4-40GB MIG 4g.20gb (0),1,,13,[CUDA memcpy Host-to-Device]
11173344739,29600,229715,273,1,1,8,4,1,39,0.002,0.000,,,,,NVIDIA A100-SXM4-40GB MIG 4g.20gb (0),1,,13,"void channel_eq::eqMmseCoefCompLowMimoKernel<float, float, float, (unsigned int)4, (unsigned int)1, (unsigned int)4>(const channel_eq::_puschRxChEqStatDescr *, channel_eq::_puschRxChEqCoefCompDynDescr)"
11173899805,28096,229716,273,1,1,12,11,1,51,0.002,0.000,,,,,NVIDIA A100-SXM4-40GB MIG 4g.20gb (0),1,,13,"void channel_eq::eqMmseSoftDemapKernel<float, __half, __half, float, (unsigned int)4, (unsigned short)16383>(channel_eq::_puschRxChEqStatDescr *, channel_eq::_puschRxChEqSoftDemapDynDescr)"
11174383800,675384,229717,1,1,1,32,32,1,30,0.000,0.000,,,,,NVIDIA A100-SXM4-40GB MIG 4g.20gb (0),1,,13,"void convert_kernel<float2, __half2>(tensor_layout_any, T1 *, tensor_layout_any, const T2 *)"
11175551594,21952,229729,2253,1,1,128,1,1,16,0.000,0.000,,,,,NVIDIA A100-SXM4-40GB MIG 4g.20gb (0),1,,13,cupy_copy__float16_float16
11176028645,6336,229738,282,1,1,128,1,1,16,0.000,0.000,,,,,NVIDIA A100-SXM4-40GB MIG 4g.20gb (0),1,,13,cupy_copy__complex64_complex64
11176518655,6912,229747,26,1,1,128,1,1,16,0.000,0.000,,,,,NVIDIA A100-SXM4-40GB MIG 4g.20gb (0),1,,13,cupy_copy__float32_float32
11177332310,16992,229756,103,1,1,128,1,1,16,0.000,0.000,,,,,NVIDIA A100-SXM4-40GB MIG 4g.20gb (0),1,,13,cupy_copy__complex64_complex64
11177806769,21119,229766,1434,1,1,128,1,1,16,0.000,0.000,,,,,NVIDIA A100-SXM4-40GB MIG 4g.20gb (0),1,,13,cupy_copy__complex64_complex64
11178437194,212189,229771,1,1,1,32,32,1,30,0.000,0.000,,,,,NVIDIA A100-SXM4-40GB MIG 4g.20gb (0),1,,13,"void convert_kernel<__half2, float2>(tensor_layout_any, T1 *, tensor_layout_any, const T2 *)"
11178680615,8928,229774,,,,,,,,,,0.094,10494.608,Pinned,Device,NVIDIA A100-SXM4-40GB MIG 4g.20gb (0),1,,13,[CUDA memcpy Host-to-Device]
11179301184,628985,229775,,,,,,,,,,456.561,725476.128,Device,,NVIDIA A100-SXM4-40GB MIG 4g.20gb (0),1,,13,[CUDA memset]
11179937465,59903,229780,,,,,,,,,,1.235,20614.920,Pinned,Device,NVIDIA A100-SXM4-40GB MIG 4g.20gb (0),1,,13,[CUDA memcpy Host-to-Device]
11179999992,9408,229781,,,,,,,,,,0.197,20897.858,Pinned,Device,NVIDIA A100-SXM4-40GB MIG 4g.20gb (0),1,,13,[CUDA memcpy Host-to-Device]
11180474098,28256,229782,69,4,1,48,1,1,76,0.002,0.000,,,,,NVIDIA A100-SXM4-40GB MIG 4g.20gb (0),1,,13,"void ch_est::windowedChEstPreNoDftSOfdmKernel<float, __half, float, (unsigned int)2, (unsigned int)1, (unsigned short)4>(ch_est::puschRxChEstStatDescr_t *, ch_est::puschRxChEstDynDescr_t *)"
11181206282,9120,229783,137,2,1,24,2,1,44,0.001,0.001,,,,,NVIDIA A100-SXM4-40GB MIG 4g.20gb (0),1,,13,"void ch_est::chEstFilterNoDftSOfdmDispatchKernel<float, __half, float, (unsigned int)2>(ch_est::puschRxChEstStatDescr_t *, ch_est::puschRxChEstDynDescr_t *)"
11182008289,9056,229784,137,2,1,24,2,1,44,0.001,0.001,,,,,NVIDIA A100-SXM4-40GB MIG 4g.20gb (0),1,,13,"void ch_est::chEstFilterNoDftSOfdmDispatchKernel<float, __half, float, (unsigned int)2>(ch_est::puschRxChEstStatDescr_t *, ch_est::puschRxChEstDynDescr_t *)"
11182807864,4512,229795,103,1,1,128,1,1,16,0.000,0.000,,,,,NVIDIA A100-SXM4-40GB MIG 4g.20gb (0),1,,13,cupy_copy__complex64_complex64
11183293682,17632,229805,1434,1,1,128,1,1,16,0.000,0.000,,,,,NVIDIA A100-SXM4-40GB MIG 4g.20gb (0),1,,13,cupy_copy__complex64_complex64
11184057386,11936,229812,103,1,1,128,1,1,16,0.000,0.000,,,,,NVIDIA A100-SXM4-40GB MIG 4g.20gb (0),1,,13,cupy_copy__complex64_complex64
11184738210,253757,229819,1,1,1,32,32,1,30,0.000,0.000,,,,,NVIDIA A100-SXM4-40GB MIG 4g.20gb (0),1,,13,"void convert_kernel<__half2, float2>(tensor_layout_any, T1 *, tensor_layout_any, const T2 *)"
11185022815,8384,229822,,,,,,,,,,0.094,11175.497,Pinned,Device,NVIDIA A100-SXM4-40GB MIG 4g.20gb (0),1,,13,[CUDA memcpy Host-to-Device]
11185705143,55583,229823,,,,,,,,,,35.810,644256.271,Device,,NVIDIA A100-SXM4-40GB MIG 4g.20gb (0),1,,13,[CUDA memset]
11185762550,2144,229825,,,,,,,,,,0.000,37.313,Pinned,Device,NVIDIA A100-SXM4-40GB MIG 4g.20gb (0),1,,13,[CUDA memcpy Host-to-Device]
11185770134,13952,229826,,,,,,,,,,0.197,14091.682,Pinned,Device,NVIDIA A100-SXM4-40GB MIG 4g.20gb (0),1,,13,[CUDA memcpy Host-to-Device]
11186565741,22432,229827,273,1,1,48,1,1,40,0.000,0.001,,,,,NVIDIA A100-SXM4-40GB MIG 4g.20gb (0),1,,13,"void pusch_noise_intf_est::noiseIntfEstNoDftSOfdmKernel<float, __half, float, float, (unsigned int)2, (unsigned int)1, (unsigned char)4, (unsigned char)4>(pusch_noise_intf_est::puschRxNoiseIntfEstDynDescr)"
11187459427,8672,229838,35,1,1,128,1,1,16,0.000,0.000,,,,,NVIDIA A100-SXM4-40GB MIG 4g.20gb (0),1,,13,cupy_copy__complex64_complex64
11188208091,7136,229847,1,1,1,1,1,1,18,0.000,0.000,,,,,NVIDIA A100-SXM4-40GB MIG 4g.20gb (0),1,,13,cupy_copy__float32_float32
11188216507,1600,229853,,,,,,,,,,0.000,2.500,Device,Pageable,NVIDIA A100-SXM4-40GB MIG 4g.20gb (0),1,,7,[CUDA memcpy Device-to-Host]
11189161680,18400,229864,1434,1,1,128,1,1,16,0.000,0.000,,,,,NVIDIA A100-SXM4-40GB MIG 4g.20gb (0),1,,13,cupy_copy__complex64_complex64
11189699402,16672,229871,103,1,1,128,1,1,16,0.000,0.000,,,,,NVIDIA A100-SXM4-40GB MIG 4g.20gb (0),1,,13,cupy_copy__complex64_complex64
11190069254,4864,229878,35,1,1,128,1,1,16,0.000,0.000,,,,,NVIDIA A100-SXM4-40GB MIG 4g.20gb (0),1,,13,cupy_copy__complex64_complex64
11190413506,4928,229885,1,1,1,1,1,1,18,0.000,0.000,,,,,NVIDIA A100-SXM4-40GB MIG 4g.20gb (0),1,,13,cupy_copy__float32_float32
11190917756,202814,229896,1,1,1,32,32,1,30,0.000,0.000,,,,,NVIDIA A100-SXM4-40GB MIG 4g.20gb (0),1,,13,"void convert_kernel<__half2, float2>(tensor_layout_any, T1 *, tensor_layout_any, const T2 *)"
11191152953,10752,229899,,,,,,,,,,0.094,8714.196,Pinned,Device,NVIDIA A100-SXM4-40GB MIG 4g.20gb (0),1,,13,[CUDA memcpy Host-to-Device]
11191562997,18495,229900,,,,,,,,,,1.547,83622.866,Device,,NVIDIA A100-SXM4-40GB MIG 4g.20gb (0),1,,13,[CUDA memset]
11191589460,8064,229905,,,,,,,,,,0.031,3880.923,Pinned,Device,NVIDIA A100-SXM4-40GB MIG 4g.20gb (0),1,,13,[CUDA memcpy Host-to-Device]
11191603892,14368,229906,,,,,,,,,,0.197,13683.720,Pinned,Device,NVIDIA A100-SXM4-40GB MIG 4g.20gb (0),1,,13,[CUDA memcpy Host-to-Device]
11192160590,22112,229907,273,1,1,8,4,1,39,0.002,0.000,,,,,NVIDIA A100-SXM4-40GB MIG 4g.20gb (0),1,,13,"void channel_eq::eqMmseCoefCompLowMimoKernel<float, float, float, (unsigned int)4, (unsigned int)1, (unsigned int)4>(const channel_eq::_puschRxChEqStatDescr *, channel_eq::_puschRxChEqCoefCompDynDescr)"
11192831334,27456,229908,273,1,1,12,11,1,51,0.002,0.000,,,,,NVIDIA A100-SXM4-40GB MIG 4g.20gb (0),1,,13,"void channel_eq::eqMmseSoftDemapKernel<float, __half, __half, float, (unsigned int)4, (unsigned short)16383>(channel_eq::_puschRxChEqStatDescr *, channel_eq::_puschRxChEqSoftDemapDynDescr)"
11193321793,688824,229909,1,1,1,32,32,1,30,0.000,0.000,,,,,NVIDIA A100-SXM4-40GB MIG 4g.20gb (0),1,,13,"void convert_kernel<float2, __half2>(tensor_layout_any, T1 *, tensor_layout_any, const T2 *)"
11194636370,17824,229921,2253,1,1,128,1,1,16,0.000,0.000,,,,,NVIDIA A100-SXM4-40GB MIG 4g.20gb (0),1,,13,cupy_copy__float16_float16
11194991566,18656,229930,282,1,1,128,1,1,16,0.000,0.000,,,,,NVIDIA A100-SXM4-40GB MIG 4g.20gb (0),1,,13,cupy_copy__complex64_complex64
11195659430,5376,229939,26,1,1,128,1,1,16,0.000,0.000,,,,,NVIDIA A100-SXM4-40GB MIG 4g.20gb (0),1,,13,cupy_copy__float32_float32
11196304863,9312,229948,103,1,1,128,1,1,16,0.000,0.000,,,,,NVIDIA A100-SXM4-40GB MIG 4g.20gb (0),1,,13,cupy_copy__complex64_complex64
11196898104,20544,229958,1434,1,1,128,1,1,16,0.000,0.000,,,,,NVIDIA A100-SXM4-40GB MIG 4g.20gb (0),1,,13,cupy_copy__complex64_complex64
11197506865,298269,229963,1,1,1,32,32,1,30,0.000,0.000,,,,,NVIDIA A100-SXM4-40GB MIG 4g.20gb (0),1,,13,"void convert_kernel<__half2, float2>(tensor_layout_any, T1 *, tensor_layout_any, const T2 *)"
11197836014,9311,229966,,,,,,,,,,0.094,10062.857,Pinned,Device,NVIDIA A100-SXM4-40GB MIG 4g.20gb (0),1,,13,[CUDA memcpy Host-to-Device]
11198430151,634201,229967,,,,,,,,,,456.561,719540.829,Device,,NVIDIA A100-SXM4-40GB MIG 4g.20gb (0),1,,13,[CUDA memset]
11199069664,62879,229972,,,,,,,,,,1.235,19639.314,Pinned,Device,NVIDIA A100-SXM4-40GB MIG 4g.20gb (0),1,,13,[CUDA memcpy Host-to-Device]
11199134975,9952,229973,,,,,,,,,,0.197,19755.565,Pinned,Device,NVIDIA A100-SXM4-40GB MIG 4g.20gb (0),1,,13,[CUDA memcpy Host-to-Device]
11199694712,27616,229974,69,4,1,48,1,1,76,0.002,0.000,,,,,NVIDIA A100-SXM4-40GB MIG 4g.20gb (0),1,,13,"void ch_est::windowedChEstPreNoDftSOfdmKernel<float, __half, float, (unsigned int)2, (unsigned int)1, (unsigned short)4>(ch_est::puschRxChEstStatDescr_t *, ch_est::puschRxChEstDynDescr_t *)"
11200263378,16128,229975,137,2,1,24,2,1,44,0.001,0.001,,,,,NVIDIA A100-SXM4-40GB MIG 4g.20gb (0),1,,13,"void ch_est::chEstFilterNoDftSOfdmDispatchKernel<float, __half, float, (unsigned int)2>(ch_est::puschRxChEstStatDescr_t *, ch_est::puschRxChEstDynDescr_t *)"
11200915115,14175,229976,137,2,1,24,2,1,44,0.001,0.001,,,,,NVIDIA A100-SXM4-40GB MIG 4g.20gb (0),1,,13,"void ch_est::chEstFilterNoDftSOfdmDispatchKernel<float, __half, float, (unsigned int)2>(ch_est::puschRxChEstStatDescr_t *, ch_est::puschRxChEstDynDescr_t *)"
11201411301,8736,229987,103,1,1,128,1,1,16,0.000,0.000,,,,,NVIDIA A100-SXM4-40GB MIG 4g.20gb (0),1,,13,cupy_copy__complex64_complex64
11202010206,24896,229997,1434,1,1,128,1,1,16,0.000,0.000,,,,,NVIDIA A100-SXM4-40GB MIG 4g.20gb (0),1,,13,cupy_copy__complex64_complex64
11202552920,5536,230004,103,1,1,128,1,1,16,0.000,0.000,,,,,NVIDIA A100-SXM4-40GB MIG 4g.20gb (0),1,,13,cupy_copy__complex64_complex64
11202863540,211998,230011,1,1,1,32,32,1,30,0.000,0.000,,,,,NVIDIA A100-SXM4-40GB MIG 4g.20gb (0),1,,13,"void convert_kernel<__half2, float2>(tensor_layout_any, T1 *, tensor_layout_any, const T2 *)"
11203113682,5728,230014,,,,,,,,,,0.094,16357.541,Pinned,Device,NVIDIA A100-SXM4-40GB MIG 4g.20gb (0),1,,13,[CUDA memcpy Host-to-Device]
11203362479,64319,230015,,,,,,,,,,35.810,556736.826,Device,,NVIDIA A100-SXM4-40GB MIG 4g.20gb (0),1,,13,[CUDA memset]
11203429806,2368,230017,,,,,,,,,,0.000,33.784,Pinned,Device,NVIDIA A100-SXM4-40GB MIG 4g.20gb (0),1,,13,[CUDA memcpy Host-to-Device]
11203435054,10528,230018,,,,,,,,,,0.197,18674.614,Pinned,Device,NVIDIA A100-SXM4-40GB MIG 4g.20gb (0),1,,13,[CUDA memcpy Host-to-Device]
11203985608,35423,230019,273,1,1,48,1,1,40,0.000,0.001,,,,,NVIDIA A100-SXM4-40GB MIG 4g.20gb (0),1,,13,"void pusch_noise_intf_est::noiseIntfEstNoDftSOfdmKernel<float, __half, float, float, (unsigned int)2, (unsigned int)1, (unsigned char)4, (unsigned char)4>(pusch_noise_intf_est::puschRxNoiseIntfEstDynDescr)"
11204453250,9664,230030,35,1,1,128,1,1,16,0.000,0.000,,,,,NVIDIA A100-SXM4-40GB MIG 4g.20gb (0),1,,13,cupy_copy__complex64_complex64
11204933245,10240,230039,1,1,1,1,1,1,18,0.000,0.000,,,,,NVIDIA A100-SXM4-40GB MIG 4g.20gb (0),1,,13,cupy_copy__float32_float32
11204949725,2208,230045,,,,,,,,,,0.000,1.812,Device,Pageable,NVIDIA A100-SXM4-40GB MIG 4g.20gb (0),1,,7,[CUDA memcpy Device-to-Host]
11205492823,18143,230056,1434,1,1,128,1,1,16,0.000,0.000,,,,,NVIDIA A100-SXM4-40GB MIG 4g.20gb (0),1,,13,cupy_copy__complex64_complex64
11206196239,8896,230063,103,1,1,128,1,1,16,0.000,0.000,,,,,NVIDIA A100-SXM4-40GB MIG 4g.20gb (0),1,,13,cupy_copy__complex64_complex64
11206677001,15776,230070,35,1,1,128,1,1,16,0.000,0.000,,,,,NVIDIA A100-SXM4-40GB MIG 4g.20gb (0),1,,13,cupy_copy__complex64_complex64
11207286786,4384,230077,1,1,1,1,1,1,18,0.000,0.000,,,,,NVIDIA A100-SXM4-40GB MIG 4g.20gb (0),1,,13,cupy_copy__float32_float32
11207772509,213789,230088,1,1,1,32,32,1,30,0.000,0.000,,,,,NVIDIA A100-SXM4-40GB MIG 4g.20gb (0),1,,13,"void convert_kernel<__half2, float2>(tensor_layout_any, T1 *, tensor_layout_any, const T2 *)"
11208019706,10272,230091,,,,,,,,,,0.094,9121.493,Pinned,Device,NVIDIA A100-SXM4-40GB MIG 4g.20gb (0),1,,13,[CUDA memcpy Host-to-Device]
11208329462,14496,230092,,,,,,,,,,1.547,106692.310,Device,,NVIDIA A100-SXM4-40GB MIG 4g.20gb (0),1,,13,[CUDA memset]
11208350070,3808,230097,,,,,,,,,,0.031,8218.486,Pinned,Device,NVIDIA A100-SXM4-40GB MIG 4g.20gb (0),1,,13,[CUDA memcpy Host-to-Device]
11208361270,14144,230098,,,,,,,,,,0.197,13900.382,Pinned,Device,NVIDIA A100-SXM4-40GB MIG 4g.20gb (0),1,,13,[CUDA memcpy Host-to-Device]
11209063566,31104,230099,273,1,1,8,4,1,39,0.002,0.000,,,,,NVIDIA A100-SXM4-40GB MIG 4g.20gb (0),1,,13,"void channel_eq::eqMmseCoefCompLowMimoKernel<float, float, float, (unsigned int)4, (unsigned int)1, (unsigned int)4>(const channel_eq::_puschRxChEqStatDescr *, channel_eq::_puschRxChEqCoefCompDynDescr)"
11209784934,28864,230100,273,1,1,12,11,1,51,0.002,0.000,,,,,NVIDIA A100-SXM4-40GB MIG 4g.20gb (0),1,,13,"void channel_eq::eqMmseSoftDemapKernel<float, __half, __half, float, (unsigned int)4, (unsigned short)16383>(channel_eq::_puschRxChEqStatDescr *, channel_eq::_puschRxChEqSoftDemapDynDescr)"
11210437151,712600,230101,1,1,1,32,32,1,30,0.000,0.000,,,,,NVIDIA A100-SXM4-40GB MIG 4g.20gb (0),1,,13,"void convert_kernel<float2, __half2>(tensor_layout_any, T1 *, tensor_layout_any, const T2 *)"
11211863918,18560,230113,2253,1,1,128,1,1,16,0.000,0.000,,,,,NVIDIA A100-SXM4-40GB MIG 4g.20gb (0),1,,13,cupy_copy__float16_float16
11212360649,15872,230122,282,1,1,128,1,1,16,0.000,0.000,,,,,NVIDIA A100-SXM4-40GB MIG 4g.20gb (0),1,,13,cupy_copy__complex64_complex64
11212905187,5216,230131,26,1,1,128,1,1,16,0.000,0.000,,,,,NVIDIA A100-SXM4-40GB MIG 4g.20gb (0),1,,13,cupy_copy__float32_float32
11213341662,9888,230140,103,1,1,128,1,1,16,0.000,0.000,,,,,NVIDIA A100-SXM4-40GB MIG 4g.20gb (0),1,,13,cupy_copy__complex64_complex64
11213939799,18496,230150,1434,1,1,128,1,1,16,0.000,0.000,,,,,NVIDIA A100-SXM4-40GB MIG 4g.20gb (0),1,,13,cupy_copy__complex64_complex64
11214626191,252285,230155,1,1,1,32,32,1,30,0.000,0.000,,,,,NVIDIA A100-SXM4-40GB MIG 4g.20gb (0),1,,13,"void convert_kernel<__half2, float2>(tensor_layout_any, T1 *, tensor_layout_any, const T2 *)"
11214909548,5824,230158,,,,,,,,,,0.094,16087.884,Pinned,Device,NVIDIA A100-SXM4-40GB MIG 4g.20gb (0),1,,13,[CUDA memcpy Host-to-Device]
11215386150,637497,230159,,,,,,,,,,456.561,715888.338,Device,,NVIDIA A100-SXM4-40GB MIG 4g.20gb (0),1,,13,[CUDA memset]
11216033311,59103,230164,,,,,,,,,,1.235,20894.018,Pinned,Device,NVIDIA A100-SXM4-40GB MIG 4g.20gb (0),1,,13,[CUDA memcpy Host-to-Device]
11216094910,9664,230165,,,,,,,,,,0.197,20344.209,Pinned,Device,NVIDIA A100-SXM4-40GB MIG 4g.20gb (0),1,,13,[CUDA memcpy Host-to-Device]
11216504602,27359,230166,69,4,1,48,1,1,76,0.002,0.000,,,,,NVIDIA A100-SXM4-40GB MIG 4g.20gb (0),1,,13,"void ch_est::windowedChEstPreNoDftSOfdmKernel<float, __half, float, (unsigned int)2, (unsigned int)1, (unsigned short)4>(ch_est::puschRxChEstStatDescr_t *, ch_est::puschRxChEstDynDescr_t *)"
11216899317,30752,230167,137,2,1,24,2,1,44,0.001,0.001,,,,,NVIDIA A100-SXM4-40GB MIG 4g.20gb (0),1,,13,"void ch_est::chEstFilterNoDftSOfdmDispatchKernel<float, __half, float, (unsigned int)2>(ch_est::puschRxChEstStatDescr_t *, ch_est::puschRxChEstDynDescr_t *)"
11217321904,32832,230168,137,2,1,24,2,1,44,0.001,0.001,,,,,NVIDIA A100-SXM4-40GB MIG 4g.20gb (0),1,,13,"void ch_est::chEstFilterNoDftSOfdmDispatchKernel<float, __half, float, (unsigned int)2>(ch_est::puschRxChEstStatDescr_t *, ch_est::puschRxChEstDynDescr_t *)"
11217692236,6656,230179,103,1,1,128,1,1,16,0.000,0.000,,,,,NVIDIA A100-SXM4-40GB MIG 4g.20gb (0),1,,13,cupy_copy__complex64_complex64
11217952233,21792,230189,1434,1,1,128,1,1,16,0.000,0.000,,,,,NVIDIA A100-SXM4-40GB MIG 4g.20gb (0),1,,13,cupy_copy__complex64_complex64
11218380932,8160,230196,103,1,1,128,1,1,16,0.000,0.000,,,,,NVIDIA A100-SXM4-40GB MIG 4g.20gb (0),1,,13,cupy_copy__complex64_complex64
11219168828,261277,230203,1,1,1,32,32,1,30,0.000,0.000,,,,,NVIDIA A100-SXM4-40GB MIG 4g.20gb (0),1,,13,"void convert_kernel<__half2, float2>(tensor_layout_any, T1 *, tensor_layout_any, const T2 *)"
11219460728,5664,230206,,,,,,,,,,0.094,16542.310,Pinned,Device,NVIDIA A100-SXM4-40GB MIG 4g.20gb (0),1,,13,[CUDA memcpy Host-to-Device]
11220131601,61695,230207,,,,,,,,,,35.810,580407.183,Device,,NVIDIA A100-SXM4-40GB MIG 4g.20gb (0),1,,13,[CUDA memset]
11220195568,3232,230209,,,,,,,,,,0.000,24.752,Pinned,Device,NVIDIA A100-SXM4-40GB MIG 4g.20gb (0),1,,13,[CUDA memcpy Host-to-Device]
11220201360,11328,230210,,,,,,,,,,0.197,17355.768,Pinned,Device,NVIDIA A100-SXM4-40GB MIG 4g.20gb (0),1,,13,[CUDA memcpy Host-to-Device]
11220841673,33375,230211,273,1,1,48,1,1,40,0.000,0.001,,,,,NVIDIA A100-SXM4-40GB MIG 4g.20gb (0),1,,13,"void pusch_noise_intf_est::noiseIntfEstNoDftSOfdmKernel<float, __half, float, float, (unsigned int)2, (unsigned int)1, (unsigned char)4, (unsigned char)4>(pusch_noise_intf_est::puschRxNoiseIntfEstDynDescr)"
11221522049,11232,230222,35,1,1,128,1,1,16,0.000,0.000,,,,,NVIDIA A100-SXM4-40GB MIG 4g.20gb (0),1,,13,cupy_copy__complex64_complex64
11222268408,3680,230231,1,1,1,1,1,1,18,0.000,0.000,,,,,NVIDIA A100-SXM4-40GB MIG 4g.20gb (0),1,,13,cupy_copy__float32_float32
11222273816,5472,230237,,,,,,,,,,0.000,0.731,Device,Pageable,NVIDIA A100-SXM4-40GB MIG 4g.20gb (0),1,,7,[CUDA memcpy Device-to-Host]
11222940273,20000,230248,1434,1,1,128,1,1,16,0.000,0.000,,,,,NVIDIA A100-SXM4-40GB MIG 4g.20gb (0),1,,13,cupy_copy__complex64_complex64
11223796871,8352,230255,103,1,1,128,1,1,16,0.000,0.000,,,,,NVIDIA A100-SXM4-40GB MIG 4g.20gb (0),1,,13,cupy_copy__complex64_complex64
11224615198,10464,230262,35,1,1,128,1,1,16,0.000,0.000,,,,,NVIDIA A100-SXM4-40GB MIG 4g.20gb (0),1,,13,cupy_copy__complex64_complex64
11225285910,5248,230269,1,1,1,1,1,1,18,0.000,0.000,,,,,NVIDIA A100-SXM4-40GB MIG 4g.20gb (0),1,,13,cupy_copy__float32_float32
11226015502,292893,230280,1,1,1,32,32,1,30,0.000,0.000,,,,,NVIDIA A100-SXM4-40GB MIG 4g.20gb (0),1,,13,"void convert_kernel<__half2, float2>(tensor_layout_any, T1 *, tensor_layout_any, const T2 *)"
11226339050,10560,230283,,,,,,,,,,0.094,8872.636,Pinned,Device,NVIDIA A100-SXM4-40GB MIG 4g.20gb (0),1,,13,[CUDA memcpy Host-to-Device]
11227162561,10240,230284,,,,,,,,,,1.547,151037.113,Device,,NVIDIA A100-SXM4-40GB MIG 4g.20gb (0),1,,13,[CUDA memset]
11227180193,3584,230289,,,,,,,,,,0.031,8732.116,Pinned,Device,NVIDIA A100-SXM4-40GB MIG 4g.20gb (0),1,,13,[CUDA memcpy Host-to-Device]
11227189953,13215,230290,,,,,,,,,,0.197,14877.524,Pinned,Device,NVIDIA A100-SXM4-40GB MIG 4g.20gb (0),1,,13,[CUDA memcpy Host-to-Device]
11228022327,35072,230291,273,1,1,8,4,1,39,0.002,0.000,,,,,NVIDIA A100-SXM4-40GB MIG 4g.20gb (0),1,,13,"void channel_eq::eqMmseCoefCompLowMimoKernel<float, float, float, (unsigned int)4, (unsigned int)1, (unsigned int)4>(const channel_eq::_puschRxChEqStatDescr *, channel_eq::_puschRxChEqCoefCompDynDescr)"
11228878317,16192,230292,273,1,1,12,11,1,51,0.002,0.000,,,,,NVIDIA A100-SXM4-40GB MIG 4g.20gb (0),1,,13,"void channel_eq::eqMmseSoftDemapKernel<float, __half, __half, float, (unsigned int)4, (unsigned short)16383>(channel_eq::_puschRxChEqStatDescr *, channel_eq::_puschRxChEqSoftDemapDynDescr)"
11229745924,631704,230293,1,1,1,32,32,1,30,0.000,0.000,,,,,NVIDIA A100-SXM4-40GB MIG 4g.20gb (0),1,,13,"void convert_kernel<float2, __half2>(tensor_layout_any, T1 *, tensor_layout_any, const T2 *)"
11230545946,21792,230305,2253,1,1,128,1,1,16,0.000,0.000,,,,,NVIDIA A100-SXM4-40GB MIG 4g.20gb (0),1,,13,cupy_copy__float16_float16
11230966230,7680,230314,282,1,1,128,1,1,16,0.000,0.000,,,,,NVIDIA A100-SXM4-40GB MIG 4g.20gb (0),1,,13,cupy_copy__complex64_complex64
11231393841,16288,230323,26,1,1,128,1,1,16,0.000,0.000,,,,,NVIDIA A100-SXM4-40GB MIG 4g.20gb (0),1,,13,cupy_copy__float32_float32
11231757421,7872,230332,103,1,1,128,1,1,16,0.000,0.000,,,,,NVIDIA A100-SXM4-40GB MIG 4g.20gb (0),1,,13,cupy_copy__complex64_complex64
11232005354,22464,230342,1434,1,1,128,1,1,16,0.000,0.000,,,,,NVIDIA A100-SXM4-40GB MIG 4g.20gb (0),1,,13,cupy_copy__complex64_complex64
11232422117,239549,230347,1,1,1,32,32,1,30,0.000,0.000,,,,,NVIDIA A100-SXM4-40GB MIG 4g.20gb (0),1,,13,"void convert_kernel<__half2, float2>(tensor_layout_any, T1 *, tensor_layout_any, const T2 *)"
11232692930,6560,230350,,,,,,,,,,0.094,14282.925,Pinned,Device,NVIDIA A100-SXM4-40GB MIG 4g.20gb (0),1,,13,[CUDA memcpy Host-to-Device]
11233000671,631096,230351,,,,,,,,,,456.561,723193.321,Device,,NVIDIA A100-SXM4-40GB MIG 4g.20gb (0),1,,13,[CUDA memset]
11233637463,62752,230356,,,,,,,,,,1.235,19678.833,Pinned,Device,NVIDIA A100-SXM4-40GB MIG 4g.20gb (0),1,,13,[CUDA memcpy Host-to-Device]
11233703671,15711,230357,,,,,,,,,,0.197,12513.903,Pinned,Device,NVIDIA A100-SXM4-40GB MIG 4g.20gb (0),1,,13,[CUDA memcpy Host-to-Device]
11234291536,26272,230358,69,4,1,48,1,1,76,0.002,0.000,,,,,NVIDIA A100-SXM4-40GB MIG 4g.20gb (0),1,,13,"void ch_est::windowedChEstPreNoDftSOfdmKernel<float, __half, float, (unsigned int)2, (unsigned int)1, (unsigned short)4>(ch_est::puschRxChEstStatDescr_t *, ch_est::puschRxChEstDynDescr_t *)"
11234883497,13536,230359,137,2,1,24,2,1,44,0.001,0.001,,,,,NVIDIA A100-SXM4-40GB MIG 4g.20gb (0),1,,13,"void ch_est::chEstFilterNoDftSOfdmDispatchKernel<float, __half, float, (unsigned int)2>(ch_est::puschRxChEstStatDescr_t *, ch_est::puschRxChEstDynDescr_t *)"
11235376708,22687,230360,137,2,1,24,2,1,44,0.001,0.001,,,,,NVIDIA A100-SXM4-40GB MIG 4g.20gb (0),1,,13,"void ch_est::chEstFilterNoDftSOfdmDispatchKernel<float, __half, float, (unsigned int)2>(ch_est::puschRxChEstStatDescr_t *, ch_est::puschRxChEstDynDescr_t *)"
11236065948,9312,230371,103,1,1,128,1,1,16,0.000,0.000,,,,,NVIDIA A100-SXM4-40GB MIG 4g.20gb (0),1,,13,cupy_copy__complex64_complex64
11236504695,20128,230381,1434,1,1,128,1,1,16,0.000,0.000,,,,,NVIDIA A100-SXM4-40GB MIG 4g.20gb (0),1,,13,cupy_copy__complex64_complex64
11237118128,7104,230388,103,1,1,128,1,1,16,0.000,0.000,,,,,NVIDIA A100-SXM4-40GB MIG 4g.20gb (0),1,,13,cupy_copy__complex64_complex64
11237558603,207198,230395,1,1,1,32,32,1,30,0.000,0.000,,,,,NVIDIA A100-SXM4-40GB MIG 4g.20gb (0),1,,13,"void convert_kernel<__half2, float2>(tensor_layout_any, T1 *, tensor_layout_any, const T2 *)"
11237795592,7328,230398,,,,,,,,,,0.094,12785.944,Pinned,Device,NVIDIA A100-SXM4-40GB MIG 4g.20gb (0),1,,13,[CUDA memcpy Host-to-Device]
11238306690,62656,230399,,,,,,,,,,35.810,571526.323,Device,,NVIDIA A100-SXM4-40GB MIG 4g.20gb (0),1,,13,[CUDA memset]
11238374466,7520,230401,,,,,,,,,,0.000,10.638,Pinned,Device,NVIDIA A100-SXM4-40GB MIG 4g.20gb (0),1,,13,[CUDA memcpy Host-to-Device]
11238392225,12000,230402,,,,,,,,,,0.197,16383.934,Pinned,Device,NVIDIA A100-SXM4-40GB MIG 4g.20gb (0),1,,13,[CUDA memcpy Host-to-Device]
11239095130,32447,230403,273,1,1,48,1,1,40,0.000,0.001,,,,,NVIDIA A100-SXM4-40GB MIG 4g.20gb (0),1,,13,"void pusch_noise_intf_est::noiseIntfEstNoDftSOfdmKernel<float, __half, float, float, (unsigned int)2, (unsigned int)1, (unsigned char)4, (unsigned char)4>(pusch_noise_intf_est::puschRxNoiseIntfEstDynDescr)"
11239681715,8064,230414,35,1,1,128,1,1,16,0.000,0.000,,,,,NVIDIA A100-SXM4-40GB MIG 4g.20gb (0),1,,13,cupy_copy__complex64_complex64
11240380203,10080,230423,1,1,1,1,1,1,18,0.000,0.000,,,,,NVIDIA A100-SXM4-40GB MIG 4g.20gb (0),1,,13,cupy_copy__float32_float32
11240396715,5984,230429,,,,,,,,,,0.000,0.668,Device,Pageable,NVIDIA A100-SXM4-40GB MIG 4g.20gb (0),1,,7,[CUDA memcpy Device-to-Host]
11241169858,18080,230440,1434,1,1,128,1,1,16,0.000,0.000,,,,,NVIDIA A100-SXM4-40GB MIG 4g.20gb (0),1,,13,cupy_copy__complex64_complex64
11241873370,11904,230447,103,1,1,128,1,1,16,0.000,0.000,,,,,NVIDIA A100-SXM4-40GB MIG 4g.20gb (0),1,,13,cupy_copy__complex64_complex64
11242557426,8032,230454,35,1,1,128,1,1,16,0.000,0.000,,,,,NVIDIA A100-SXM4-40GB MIG 4g.20gb (0),1,,13,cupy_copy__complex64_complex64
11243106700,5632,230461,1,1,1,1,1,1,18,0.000,0.000,,,,,NVIDIA A100-SXM4-40GB MIG 4g.20gb (0),1,,13,cupy_copy__float32_float32
11243734405,297917,230472,1,1,1,32,32,1,30,0.000,0.000,,,,,NVIDIA A100-SXM4-40GB MIG 4g.20gb (0),1,,13,"void convert_kernel<__half2, float2>(tensor_layout_any, T1 *, tensor_layout_any, const T2 *)"
11244067457,12160,230475,,,,,,,,,,0.094,7705.184,Pinned,Device,NVIDIA A100-SXM4-40GB MIG 4g.20gb (0),1,,13,[CUDA memcpy Host-to-Device]
11244597339,17824,230476,,,,,,,,,,1.547,86771.793,Device,,NVIDIA A100-SXM4-40GB MIG 4g.20gb (0),1,,13,[CUDA memset]
11244620859,6880,230481,,,,,,,,,,0.031,4548.811,Pinned,Device,NVIDIA A100-SXM4-40GB MIG 4g.20gb (0),1,,13,[CUDA memcpy Host-to-Device]
11244630363,13888,230482,,,,,,,,,,0.197,14156.562,Pinned,Device,NVIDIA A100-SXM4-40GB MIG 4g.20gb (0),1,,13,[CUDA memcpy Host-to-Device]
11245143445,20704,230483,273,1,1,8,4,1,39,0.002,0.000,,,,,NVIDIA A100-SXM4-40GB MIG 4g.20gb (0),1,,13,"void channel_eq::eqMmseCoefCompLowMimoKernel<float, float, float, (unsigned int)4, (unsigned int)1, (unsigned int)4>(const channel_eq::_puschRxChEqStatDescr *, channel_eq::_puschRxChEqCoefCompDynDescr)"
11245603120,18271,230484,273,1,1,12,11,1,51,0.002,0.000,,,,,NVIDIA A100-SXM4-40GB MIG 4g.20gb (0),1,,13,"void channel_eq::eqMmseSoftDemapKernel<float, __half, __half, float, (unsigned int)4, (unsigned short)16383>(channel_eq::_puschRxChEqStatDescr *, channel_eq::_puschRxChEqSoftDemapDynDescr)"
11246176745,645145,230485,1,1,1,32,32,1,30,0.000,0.000,,,,,NVIDIA A100-SXM4-40GB MIG 4g.20gb (0),1,,13,"void convert_kernel<float2, __half2>(tensor_layout_any, T1 *, tensor_layout_any, const T2 *)"
11247426843,17120,230497,2253,1,1,128,1,1,16,0.000,0.000,,,,,NVIDIA A100-SXM4-40GB MIG 4g.20gb (0),1,,13,cupy_copy__float16_float16
11247918357,8736,230506,282,1,1,128,1,1,16,0.000,0.000,,,,,NVIDIA A100-SXM4-40GB MIG 4g.20gb (0),1,,13,cupy_copy__complex64_complex64
11248635117,18272,230515,26,1,1,128,1,1,16,0.000,0.000,,,,,NVIDIA A100-SXM4-40GB MIG 4g.20gb (0),1,,13,cupy_copy__float32_float32
11249273830,8896,230524,103,1,1,128,1,1,16,0.000,0.000,,,,,NVIDIA A100-SXM4-40GB MIG 4g.20gb (0),1,,13,cupy_copy__complex64_complex64
11249523587,19936,230534,1434,1,1,128,1,1,16,0.000,0.000,,,,,NVIDIA A100-SXM4-40GB MIG 4g.20gb (0),1,,13,cupy_copy__complex64_complex64
11250218907,243902,230539,1,1,1,32,32,1,30,0.000,0.000,,,,,NVIDIA A100-SXM4-40GB MIG 4g.20gb (0),1,,13,"void convert_kernel<__half2, float2>(tensor_layout_any, T1 *, tensor_layout_any, const T2 *)"
11250493272,5792,230542,,,,,,,,,,0.094,16176.708,Pinned,Device,NVIDIA A100-SXM4-40GB MIG 4g.20gb (0),1,,13,[CUDA memcpy Host-to-Device]
11251072402,634808,230543,,,,,,,,,,456.561,719084.268,Device,,NVIDIA A100-SXM4-40GB MIG 4g.20gb (0),1,,13,[CUDA memset]
11251712106,59776,230548,,,,,,,,,,1.235,20659.378,Pinned,Device,NVIDIA A100-SXM4-40GB MIG 4g.20gb (0),1,,13,[CUDA memcpy Host-to-Device]
11251774506,10336,230549,,,,,,,,,,0.197,19021.627,Pinned,Device,NVIDIA A100-SXM4-40GB MIG 4g.20gb (0),1,,13,[CUDA memcpy Host-to-Device]
11252470370,28063,230550,69,4,1,48,1,1,76,0.002,0.000,,,,,NVIDIA A100-SXM4-40GB MIG 4g.20gb (0),1,,13,"void ch_est::windowedChEstPreNoDftSOfdmKernel<float, __half, float, (unsigned int)2, (unsigned int)1, (unsigned short)4>(ch_est::puschRxChEstStatDescr_t *, ch_est::puschRxChEstDynDescr_t *)"
11253162394,28864,230551,137,2,1,24,2,1,44,0.001,0.001,,,,,NVIDIA A100-SXM4-40GB MIG 4g.20gb (0),1,,13,"void ch_est::chEstFilterNoDftSOfdmDispatchKernel<float, __half, float, (unsigned int)2>(ch_est::puschRxChEstStatDescr_t *, ch_est::puschRxChEstDynDescr_t *)"
11253934609,26496,230552,137,2,1,24,2,1,44,0.001,0.001,,,,,NVIDIA A100-SXM4-40GB MIG 4g.20gb (0),1,,13,"void ch_est::chEstFilterNoDftSOfdmDispatchKernel<float, __half, float, (unsigned int)2>(ch_est::puschRxChEstStatDescr_t *, ch_est::puschRxChEstDynDescr_t *)"
11254852103,4320,230563,103,1,1,128,1,1,16,0.000,0.000,,,,,NVIDIA A100-SXM4-40GB MIG 4g.20gb (0),1,,13,cupy_copy__complex64_complex64
11255327265,25440,230573,1434,1,1,128,1,1,16,0.000,0.000,,,,,NVIDIA A100-SXM4-40GB MIG 4g.20gb (0),1,,13,cupy_copy__complex64_complex64
11256182808,6976,230580,103,1,1,128,1,1,16,0.000,0.000,,,,,NVIDIA A100-SXM4-40GB MIG 4g.20gb (0),1,,13,cupy_copy__complex64_complex64
11256718674,229309,230587,1,1,1,32,32,1,30,0.000,0.000,,,,,NVIDIA A100-SXM4-40GB MIG 4g.20gb (0),1,,13,"void convert_kernel<__half2, float2>(tensor_layout_any, T1 *, tensor_layout_any, const T2 *)"
11256978575,5760,230590,,,,,,,,,,0.094,16266.656,Pinned,Device,NVIDIA A100-SXM4-40GB MIG 4g.20gb (0),1,,13,[CUDA memcpy Host-to-Device]
11257496393,66143,230591,,,,,,,,,,35.810,541374.371,Device,,NVIDIA A100-SXM4-40GB MIG 4g.20gb (0),1,,13,[CUDA memset]
11257569128,2784,230593,,,,,,,,,,0.000,28.736,Pinned,Device,NVIDIA A100-SXM4-40GB MIG 4g.20gb (0),1,,13,[CUDA memcpy Host-to-Device]
11257578024,13184,230594,,,,,,,,,,0.197,14912.520,Pinned,Device,NVIDIA A100-SXM4-40GB MIG 4g.20gb (0),1,,13,[CUDA memcpy Host-to-Device]
11258330911,33344,230595,273,1,1,48,1,1,40,0.000,0.001,,,,,NVIDIA A100-SXM4-40GB MIG 4g.20gb (0),1,,13,"void pusch_noise_intf_est::noiseIntfEstNoDftSOfdmKernel<float, __half, float, float, (unsigned int)2, (unsigned int)1, (unsigned char)4, (unsigned char)4>(pusch_noise_intf_est::puschRxNoiseIntfEstDynDescr)"
11258737915,9920,230606,35,1,1,128,1,1,16,0.000,0.000,,,,,NVIDIA A100-SXM4-40GB MIG 4g.20gb (0),1,,13,cupy_copy__complex64_complex64
11259178678,7168,230615,1,1,1,1,1,1,18,0.000,0.000,,,,,NVIDIA A100-SXM4-40GB MIG 4g.20gb (0),1,,13,cupy_copy__float32_float32
11259193174,1632,230621,,,,,,,,,,0.000,2.451,Device,Pageable,NVIDIA A100-SXM4-40GB MIG 4g.20gb (0),1,,7,[CUDA memcpy Device-to-Host]
11259709968,18303,230632,1434,1,1,128,1,1,16,0.000,0.000,,,,,NVIDIA A100-SXM4-40GB MIG 4g.20gb (0),1,,13,cupy_copy__complex64_complex64
11260207818,7968,230639,103,1,1,128,1,1,16,0.000,0.000,,,,,NVIDIA A100-SXM4-40GB MIG 4g.20gb (0),1,,13,cupy_copy__complex64_complex64
11260640549,16672,230646,35,1,1,128,1,1,16,0.000,0.000,,,,,NVIDIA A100-SXM4-40GB MIG 4g.20gb (0),1,,13,cupy_copy__complex64_complex64
11261021889,4384,230653,1,1,1,1,1,1,18,0.000,0.000,,,,,NVIDIA A100-SXM4-40GB MIG 4g.20gb (0),1,,13,cupy_copy__float32_float32
11261589146,237118,230664,1,1,1,32,32,1,30,0.000,0.000,,,,,NVIDIA A100-SXM4-40GB MIG 4g.20gb (0),1,,13,"void convert_kernel<__half2, float2>(tensor_layout_any, T1 *, tensor_layout_any, const T2 *)"
11261857175,5728,230667,,,,,,,,,,0.094,16357.541,Pinned,Device,NVIDIA A100-SXM4-40GB MIG 4g.20gb (0),1,,13,[CUDA memcpy Host-to-Device]
11262128660,8256,230668,,,,,,,,,,1.547,187333.285,Device,,NVIDIA A100-SXM4-40GB MIG 4g.20gb (0),1,,13,[CUDA memset]
11262139732,4256,230673,,,,,,,,,,0.031,7353.371,Pinned,Device,NVIDIA A100-SXM4-40GB MIG 4g.20gb (0),1,,13,[CUDA memcpy Host-to-Device]
11262149684,16320,230674,,,,,,,,,,0.197,12046.959,Pinned,Device,NVIDIA A100-SXM4-40GB MIG 4g.20gb (0),1,,13,[CUDA memcpy Host-to-Device]
11262915179,30304,230675,273,1,1,8,4,1,39,0.002,0.000,,,,,NVIDIA A100-SXM4-40GB MIG 4g.20gb (0),1,,13,"void channel_eq::eqMmseCoefCompLowMimoKernel<float, float, float, (unsigned int)4, (unsigned int)1, (unsigned int)4>(const channel_eq::_puschRxChEqStatDescr *, channel_eq::_puschRxChEqCoefCompDynDescr)"
11263685955,23647,230676,273,1,1,12,11,1,51,0.002,0.000,,,,,NVIDIA A100-SXM4-40GB MIG 4g.20gb (0),1,,13,"void channel_eq::eqMmseSoftDemapKernel<float, __half, __half, float, (unsigned int)4, (unsigned short)16383>(channel_eq::_puschRxChEqStatDescr *, channel_eq::_puschRxChEqSoftDemapDynDescr)"
11264188477,662456,230677,1,1,1,32,32,1,30,0.000,0.000,,,,,NVIDIA A100-SXM4-40GB MIG 4g.20gb (0),1,,13,"void convert_kernel<float2, __half2>(tensor_layout_any, T1 *, tensor_layout_any, const T2 *)"
11265500334,14400,230689,2253,1,1,128,1,1,16,0.000,0.000,,,,,NVIDIA A100-SXM4-40GB MIG 4g.20gb (0),1,,13,cupy_copy__float16_float16
11266237702,6976,230698,282,1,1,128,1,1,16,0.000,0.000,,,,,NVIDIA A100-SXM4-40GB MIG 4g.20gb (0),1,,13,cupy_copy__complex64_complex64
11266875198,6880,230707,26,1,1,128,1,1,16,0.000,0.000,,,,,NVIDIA A100-SXM4-40GB MIG 4g.20gb (0),1,,13,cupy_copy__float32_float32
11267665557,9504,230716,103,1,1,128,1,1,16,0.000,0.000,,,,,NVIDIA A100-SXM4-40GB MIG 4g.20gb (0),1,,13,cupy_copy__complex64_complex64
11268497100,27968,230726,1434,1,1,128,1,1,16,0.000,0.000,,,,,NVIDIA A100-SXM4-40GB MIG 4g.20gb (0),1,,13,cupy_copy__complex64_complex64
11269377570,259869,230731,1,1,1,32,32,1,30,0.000,0.000,,,,,NVIDIA A100-SXM4-40GB MIG 4g.20gb (0),1,,13,"void convert_kernel<__half2, float2>(tensor_layout_any, T1 *, tensor_layout_any, const T2 *)"
11269666815,5920,230734,,,,,,,,,,0.094,15826.941,Pinned,Device,NVIDIA A100-SXM4-40GB MIG 4g.20gb (0),1,,13,[CUDA memcpy Host-to-Device]
11270370583,627353,230735,,,,,,,,,,456.561,727302.374,Device,,NVIDIA A100-SXM4-40GB MIG 4g.20gb (0),1,,13,[CUDA memset]
11271006640,61503,230740,,,,,,,,,,1.235,20078.954,Pinned,Device,NVIDIA A100-SXM4-40GB MIG 4g.20gb (0),1,,13,[CUDA memcpy Host-to-Device]
11271070639,10016,230741,,,,,,,,,,0.197,19629.343,Pinned,Device,NVIDIA A100-SXM4-40GB MIG 4g.20gb (0),1,,13,[CUDA memcpy Host-to-Device]
11271863622,28640,230742,69,4,1,48,1,1,76,0.002,0.000,,,,,NVIDIA A100-SXM4-40GB MIG 4g.20gb (0),1,,13,"void ch_est::windowedChEstPreNoDftSOfdmKernel<float, __half, float, (unsigned int)2, (unsigned int)1, (unsigned short)4>(ch_est::puschRxChEstStatDescr_t *, ch_est::puschRxChEstDynDescr_t *)"
11272648157,28896,230743,137,2,1,24,2,1,44,0.001,0.001,,,,,NVIDIA A100-SXM4-40GB MIG 4g.20gb (0),1,,13,"void ch_est::chEstFilterNoDftSOfdmDispatchKernel<float, __half, float, (unsigned int)2>(ch_est::puschRxChEstStatDescr_t *, ch_est::puschRxChEstDynDescr_t *)"
11273505779,27392,230744,137,2,1,24,2,1,44,0.001,0.001,,,,,NVIDIA A100-SXM4-40GB MIG 4g.20gb (0),1,,13,"void ch_est::chEstFilterNoDftSOfdmDispatchKernel<float, __half, float, (unsigned int)2>(ch_est::puschRxChEstStatDescr_t *, ch_est::puschRxChEstDynDescr_t *)"
11274020557,12000,230755,103,1,1,128,1,1,16,0.000,0.000,,,,,NVIDIA A100-SXM4-40GB MIG 4g.20gb (0),1,,13,cupy_copy__complex64_complex64
11274509288,23424,230765,1434,1,1,128,1,1,16,0.000,0.000,,,,,NVIDIA A100-SXM4-40GB MIG 4g.20gb (0),1,,13,cupy_copy__complex64_complex64
11274886756,6175,230772,103,1,1,128,1,1,16,0.000,0.000,,,,,NVIDIA A100-SXM4-40GB MIG 4g.20gb (0),1,,13,cupy_copy__complex64_complex64
11275132609,233469,230779,1,1,1,32,32,1,30,0.000,0.000,,,,,NVIDIA A100-SXM4-40GB MIG 4g.20gb (0),1,,13,"void convert_kernel<__half2, float2>(tensor_layout_any, T1 *, tensor_layout_any, const T2 *)"
11275399134,5632,230782,,,,,,,,,,0.094,16636.287,Pinned,Device,NVIDIA A100-SXM4-40GB MIG 4g.20gb (0),1,,13,[CUDA memcpy Host-to-Device]
11275623579,62815,230783,,,,,,,,,,35.810,570058.116,Device,,NVIDIA A100-SXM4-40GB MIG 4g.20gb (0),1,,13,[CUDA memset]
11275689626,1888,230785,,,,,,,,,,0.000,42.373,Pinned,Device,NVIDIA A100-SXM4-40GB MIG 4g.20gb (0),1,,13,[CUDA memcpy Host-to-Device]
11275694010,10624,230786,,,,,,,,,,0.197,18505.925,Pinned,Device,NVIDIA A100-SXM4-40GB MIG 4g.20gb (0),1,,13,[CUDA memcpy Host-to-Device]
11276164405,32384,230787,273,1,1,48,1,1,40,0.000,0.001,,,,,NVIDIA A100-SXM4-40GB MIG 4g.20gb (0),1,,13,"void pusch_noise_intf_est::noiseIntfEstNoDftSOfdmKernel<float, __half, float, float, (unsigned int)2, (unsigned int)1, (unsigned char)4, (unsigned char)4>(pusch_noise_intf_est::puschRxNoiseIntfEstDynDescr)"
11276569488,8928,230798,35,1,1,128,1,1,16,0.000,0.000,,,,,NVIDIA A100-SXM4-40GB MIG 4g.20gb (0),1,,13,cupy_copy__complex64_complex64
11277003468,4319,230807,1,1,1,1,1,1,18,0.000,0.000,,,,,NVIDIA A100-SXM4-40GB MIG 4g.20gb (0),1,,13,cupy_copy__float32_float32
11277011563,1632,230813,,,,,,,,,,0.000,2.451,Device,Pageable,NVIDIA A100-SXM4-40GB MIG 4g.20gb (0),1,,7,[CUDA memcpy Device-to-Host]
11277538245,18304,230824,1434,1,1,128,1,1,16,0.000,0.000,,,,,NVIDIA A100-SXM4-40GB MIG 4g.20gb (0),1,,13,cupy_copy__complex64_complex64
11277982528,16832,230831,103,1,1,128,1,1,16,0.000,0.000,,,,,NVIDIA A100-SXM4-40GB MIG 4g.20gb (0),1,,13,cupy_copy__complex64_complex64
11278355132,6592,230838,35,1,1,128,1,1,16,0.000,0.000,,,,,NVIDIA A100-SXM4-40GB MIG 4g.20gb (0),1,,13,cupy_copy__complex64_complex64
11278602809,4704,230845,1,1,1,1,1,1,18,0.000,0.000,,,,,NVIDIA A100-SXM4-40GB MIG 4g.20gb (0),1,,13,cupy_copy__float32_float32
11279005941,246237,230856,1,1,1,32,32,1,30,0.000,0.000,,,,,NVIDIA A100-SXM4-40GB MIG 4g.20gb (0),1,,13,"void convert_kernel<__half2, float2>(tensor_layout_any, T1 *, tensor_layout_any, const T2 *)"
11279283026,5600,230859,,,,,,,,,,0.094,16731.388,Pinned,Device,NVIDIA A100-SXM4-40GB MIG 4g.20gb (0),1,,13,[CUDA memcpy Host-to-Device]
11279567662,18560,230860,,,,,,,,,,1.547,83330.554,Device,,NVIDIA A100-SXM4-40GB MIG 4g.20gb (0),1,,13,[CUDA memset]
11279586894,3328,230865,,,,,,,,,,0.031,9403.822,Pinned,Device,NVIDIA A100-SXM4-40GB MIG 4g.20gb (0),1,,13,[CUDA memcpy Host-to-Device]
11279593006,17440,230866,,,,,,,,,,0.197,11273.306,Pinned,Device,NVIDIA A100-SXM4-40GB MIG 4g.20gb (0),1,,13,[CUDA memcpy Host-to-Device]
11280067369,19488,230867,273,1,1,8,4,1,39,0.002,0.000,,,,,NVIDIA A100-SXM4-40GB MIG 4g.20gb (0),1,,13,"void channel_eq::eqMmseCoefCompLowMimoKernel<float, float, float, (unsigned int)4, (unsigned int)1, (unsigned int)4>(const channel_eq::_puschRxChEqStatDescr *, channel_eq::_puschRxChEqCoefCompDynDescr)"
11280568483,24320,230868,273,1,1,12,11,1,51,0.002,0.000,,,,,NVIDIA A100-SXM4-40GB MIG 4g.20gb (0),1,,13,"void channel_eq::eqMmseSoftDemapKernel<float, __half, __half, float, (unsigned int)4, (unsigned short)16383>(channel_eq::_puschRxChEqStatDescr *, channel_eq::_puschRxChEqSoftDemapDynDescr)"
11281075645,626489,230869,1,1,1,32,32,1,30,0.000,0.000,,,,,NVIDIA A100-SXM4-40GB MIG 4g.20gb (0),1,,13,"void convert_kernel<float2, __half2>(tensor_layout_any, T1 *, tensor_layout_any, const T2 *)"
11282258896,16672,230881,2253,1,1,128,1,1,16,0.000,0.000,,,,,NVIDIA A100-SXM4-40GB MIG 4g.20gb (0),1,,13,cupy_copy__float16_float16
11282713003,21184,230890,282,1,1,128,1,1,16,0.000,0.000,,,,,NVIDIA A100-SXM4-40GB MIG 4g.20gb (0),1,,13,cupy_copy__complex64_complex64
11283224485,5376,230899,26,1,1,128,1,1,16,0.000,0.000,,,,,NVIDIA A100-SXM4-40GB MIG 4g.20gb (0),1,,13,cupy_copy__float32_float32
11283665248,9152,230908,103,1,1,128,1,1,16,0.000,0.000,,,,,NVIDIA A100-SXM4-40GB MIG 4g.20gb (0),1,,13,cupy_copy__complex64_complex64
11284035580,23104,230918,1434,1,1,128,1,1,16,0.000,0.000,,,,,NVIDIA A100-SXM4-40GB MIG 4g.20gb (0),1,,13,cupy_copy__complex64_complex64
11284575510,242653,230923,1,1,1,32,32,1,30,0.000,0.000,,,,,NVIDIA A100-SXM4-40GB MIG 4g.20gb (0),1,,13,"void convert_kernel<__half2, float2>(tensor_layout_any, T1 *, tensor_layout_any, const T2 *)"
11284849747,5823,230926,,,,,,,,,,0.094,16090.601,Pinned,Device,NVIDIA A100-SXM4-40GB MIG 4g.20gb (0),1,,13,[CUDA memcpy Host-to-Device]
11285253774,625209,230927,,,,,,,,,,456.561,730041.743,Device,,NVIDIA A100-SXM4-40GB MIG 4g.20gb (0),1,,13,[CUDA memset]
11285887527,65759,230932,,,,,,,,,,1.235,18779.793,Pinned,Device,NVIDIA A100-SXM4-40GB MIG 4g.20gb (0),1,,13,[CUDA memcpy Host-to-Device]
11285955942,10336,230933,,,,,,,,,,0.197,19021.627,Pinned,Device,NVIDIA A100-SXM4-40GB MIG 4g.20gb (0),1,,13,[CUDA memcpy Host-to-Device]
11286478400,27648,230934,69,4,1,48,1,1,76,0.002,0.000,,,,,NVIDIA A100-SXM4-40GB MIG 4g.20gb (0),1,,13,"void ch_est::windowedChEstPreNoDftSOfdmKernel<float, __half, float, (unsigned int)2, (unsigned int)1, (unsigned short)4>(ch_est::puschRxChEstStatDescr_t *, ch_est::puschRxChEstDynDescr_t *)"
11286997178,31584,230935,137,2,1,24,2,1,44,0.001,0.001,,,,,NVIDIA A100-SXM4-40GB MIG 4g.20gb (0),1,,13,"void ch_est::chEstFilterNoDftSOfdmDispatchKernel<float, __half, float, (unsigned int)2>(ch_est::puschRxChEstStatDescr_t *, ch_est::puschRxChEstDynDescr_t *)"
11287552052,29920,230936,137,2,1,24,2,1,44,0.001,0.001,,,,,NVIDIA A100-SXM4-40GB MIG 4g.20gb (0),1,,13,"void ch_est::chEstFilterNoDftSOfdmDispatchKernel<float, __half, float, (unsigned int)2>(ch_est::puschRxChEstStatDescr_t *, ch_est::puschRxChEstDynDescr_t *)"
11288086702,6656,230947,103,1,1,128,1,1,16,0.000,0.000,,,,,NVIDIA A100-SXM4-40GB MIG 4g.20gb (0),1,,13,cupy_copy__complex64_complex64
11288531721,20864,230957,1434,1,1,128,1,1,16,0.000,0.000,,,,,NVIDIA A100-SXM4-40GB MIG 4g.20gb (0),1,,13,cupy_copy__complex64_complex64
11288910820,10208,230964,103,1,1,128,1,1,16,0.000,0.000,,,,,NVIDIA A100-SXM4-40GB MIG 4g.20gb (0),1,,13,cupy_copy__complex64_complex64
11289475198,248349,230971,1,1,1,32,32,1,30,0.000,0.000,,,,,NVIDIA A100-SXM4-40GB MIG 4g.20gb (0),1,,13,"void convert_kernel<__half2, float2>(tensor_layout_any, T1 *, tensor_layout_any, const T2 *)"
11289759611,5632,230974,,,,,,,,,,0.094,16636.287,Pinned,Device,NVIDIA A100-SXM4-40GB MIG 4g.20gb (0),1,,13,[CUDA memcpy Host-to-Device]
11290078615,63807,230975,,,,,,,,,,35.810,561213.066,Device,,NVIDIA A100-SXM4-40GB MIG 4g.20gb (0),1,,13,[CUDA memset]
11290150198,2240,230977,,,,,,,,,,0.000,35.714,Pinned,Device,NVIDIA A100-SXM4-40GB MIG 4g.20gb (0),1,,13,[CUDA memcpy Host-to-Device]
11290158166,12768,230978,,,,,,,,,,0.197,15398.339,Pinned,Device,NVIDIA A100-SXM4-40GB MIG 4g.20gb (0),1,,13,[CUDA memcpy Host-to-Device]
11290663409,31743,230979,273,1,1,48,1,1,40,0.000,0.001,,,,,NVIDIA A100-SXM4-40GB MIG 4g.20gb (0),1,,13,"void pusch_noise_intf_est::noiseIntfEstNoDftSOfdmKernel<float, __half, float, float, (unsigned int)2, (unsigned int)1, (unsigned char)4, (unsigned char)4>(pusch_noise_intf_est::puschRxNoiseIntfEstDynDescr)"
11291115339,4000,230990,35,1,1,128,1,1,16,0.000,0.000,,,,,NVIDIA A100-SXM4-40GB MIG 4g.20gb (0),1,,13,cupy_copy__complex64_complex64
11291648101,3392,230999,1,1,1,1,1,1,18,0.000,0.000,,,,,NVIDIA A100-SXM4-40GB MIG 4g.20gb (0),1,,13,cupy_copy__float32_float32
11291659717,1600,231005,,,,,,,,,,0.000,2.500,Device,Pageable,NVIDIA A100-SXM4-40GB MIG 4g.20gb (0),1,,7,[CUDA memcpy Device-to-Host]
11292175615,15680,231016,1434,1,1,128,1,1,16,0.000,0.000,,,,,NVIDIA A100-SXM4-40GB MIG 4g.20gb (0),1,,13,cupy_copy__complex64_complex64
11292713657,3968,231023,103,1,1,128,1,1,16,0.000,0.000,,,,,NVIDIA A100-SXM4-40GB MIG 4g.20gb (0),1,,13,cupy_copy__complex64_complex64
11293235059,4000,231030,35,1,1,128,1,1,16,0.000,0.000,,,,,NVIDIA A100-SXM4-40GB MIG 4g.20gb (0),1,,13,cupy_copy__complex64_complex64
11293718702,6880,231037,1,1,1,1,1,1,18,0.000,0.000,,,,,NVIDIA A100-SXM4-40GB MIG 4g.20gb (0),1,,13,cupy_copy__float32_float32
11294196681,274204,231048,1,1,1,32,32,1,30,0.000,0.000,,,,,NVIDIA A100-SXM4-40GB MIG 4g.20gb (0),1,,13,"void convert_kernel<__half2, float2>(tensor_layout_any, T1 *, tensor_layout_any, const T2 *)"
11294501093,5856,231051,,,,,,,,,,0.094,15999.997,Pinned,Device,NVIDIA A100-SXM4-40GB MIG 4g.20gb (0),1,,13,[CUDA memcpy Host-to-Device]
11294899201,17503,231052,,,,,,,,,,1.547,88363.269,Device,,NVIDIA A100-SXM4-40GB MIG 4g.20gb (0),1,,13,[CUDA memset]
11294922592,4512,231057,,,,,,,,,,0.031,6936.164,Pinned,Device,NVIDIA A100-SXM4-40GB MIG 4g.20gb (0),1,,13,[CUDA memcpy Host-to-Device]
11294933504,10464,231058,,,,,,,,,,0.197,18788.844,Pinned,Device,NVIDIA A100-SXM4-40GB MIG 4g.20gb (0),1,,13,[CUDA memcpy Host-to-Device]
11295402235,20064,231059,273,1,1,8,4,1,39,0.002,0.000,,,,,NVIDIA A100-SXM4-40GB MIG 4g.20gb (0),1,,13,"void channel_eq::eqMmseCoefCompLowMimoKernel<float, float, float, (unsigned int)4, (unsigned int)1, (unsigned int)4>(const channel_eq::_puschRxChEqStatDescr *, channel_eq::_puschRxChEqCoefCompDynDescr)"
11295870326,20607,231060,273,1,1,12,11,1,51,0.002,0.000,,,,,NVIDIA A100-SXM4-40GB MIG 4g.20gb (0),1,,13,"void channel_eq::eqMmseSoftDemapKernel<float, __half, __half, float, (unsigned int)4, (unsigned short)16383>(channel_eq::_puschRxChEqStatDescr *, channel_eq::_puschRxChEqSoftDemapDynDescr)"
11296313041,665912,231061,1,1,1,32,32,1,30,0.000,0.000,,,,,NVIDIA A100-SXM4-40GB MIG 4g.20gb (0),1,,13,"void convert_kernel<float2, __half2>(tensor_layout_any, T1 *, tensor_layout_any, const T2 *)"
11297441028,16128,231073,2253,1,1,128,1,1,16,0.000,0.000,,,,,NVIDIA A100-SXM4-40GB MIG 4g.20gb (0),1,,13,cupy_copy__float16_float16
11297896863,17471,231082,282,1,1,128,1,1,16,0.000,0.000,,,,,NVIDIA A100-SXM4-40GB MIG 4g.20gb (0),1,,13,cupy_copy__complex64_complex64
11298388089,5280,231091,26,1,1,128,1,1,16,0.000,0.000,,,,,NVIDIA A100-SXM4-40GB MIG 4g.20gb (0),1,,13,cupy_copy__float32_float32
11298712373,9600,231100,103,1,1,128,1,1,16,0.000,0.000,,,,,NVIDIA A100-SXM4-40GB MIG 4g.20gb (0),1,,13,cupy_copy__complex64_complex64
11299180624,24736,231110,1434,1,1,128,1,1,16,0.000,0.000,,,,,NVIDIA A100-SXM4-40GB MIG 4g.20gb (0),1,,13,cupy_copy__complex64_complex64
11299808649,263069,231115,1,1,1,32,32,1,30,0.000,0.000,,,,,NVIDIA A100-SXM4-40GB MIG 4g.20gb (0),1,,13,"void convert_kernel<__half2, float2>(tensor_layout_any, T1 *, tensor_layout_any, const T2 *)"
11300103046,6751,231118,,,,,,,,,,0.094,13878.814,Pinned,Device,NVIDIA A100-SXM4-40GB MIG 4g.20gb (0),1,,13,[CUDA memcpy Host-to-Device]
11300510913,625433,231119,,,,,,,,,,456.561,729585.181,Device,,NVIDIA A100-SXM4-40GB MIG 4g.20gb (0),1,,13,[CUDA memset]
11301142330,64383,231124,,,,,,,,,,1.235,19181.150,Pinned,Device,NVIDIA A100-SXM4-40GB MIG 4g.20gb (0),1,,13,[CUDA memcpy Host-to-Device]
11301209241,9600,231125,,,,,,,,,,0.197,20479.869,Pinned,Device,NVIDIA A100-SXM4-40GB MIG 4g.20gb (0),1,,13,[CUDA memcpy Host-to-Device]
11301742739,28096,231126,69,4,1,48,1,1,76,0.002,0.000,,,,,NVIDIA A100-SXM4-40GB MIG 4g.20gb (0),1,,13,"void ch_est::windowedChEstPreNoDftSOfdmKernel<float, __half, float, (unsigned int)2, (unsigned int)1, (unsigned short)4>(ch_est::puschRxChEstStatDescr_t *, ch_est::puschRxChEstDynDescr_t *)"
11302359372,31296,231127,137,2,1,24,2,1,44,0.001,0.001,,,,,NVIDIA A100-SXM4-40GB MIG 4g.20gb (0),1,,13,"void ch_est::chEstFilterNoDftSOfdmDispatchKernel<float, __half, float, (unsigned int)2>(ch_est::puschRxChEstStatDescr_t *, ch_est::puschRxChEstDynDescr_t *)"
11302891750,13888,231128,137,2,1,24,2,1,44,0.001,0.001,,,,,NVIDIA A100-SXM4-40GB MIG 4g.20gb (0),1,,13,"void ch_est::chEstFilterNoDftSOfdmDispatchKernel<float, __half, float, (unsigned int)2>(ch_est::puschRxChEstStatDescr_t *, ch_est::puschRxChEstDynDescr_t *)"
11303458431,4448,231139,103,1,1,128,1,1,16,0.000,0.000,,,,,NVIDIA A100-SXM4-40GB MIG 4g.20gb (0),1,,13,cupy_copy__complex64_complex64
11304001017,21024,231149,1434,1,1,128,1,1,16,0.000,0.000,,,,,NVIDIA A100-SXM4-40GB MIG 4g.20gb (0),1,,13,cupy_copy__complex64_complex64
11304578899,11776,231156,103,1,1,128,1,1,16,0.000,0.000,,,,,NVIDIA A100-SXM4-40GB MIG 4g.20gb (0),1,,13,cupy_copy__complex64_complex64
11305018926,280605,231163,1,1,1,32,32,1,30,0.000,0.000,,,,,NVIDIA A100-SXM4-40GB MIG 4g.20gb (0),1,,13,"void convert_kernel<__half2, float2>(tensor_layout_any, T1 *, tensor_layout_any, const T2 *)"
11305329834,5760,231166,,,,,,,,,,0.094,16266.656,Pinned,Device,NVIDIA A100-SXM4-40GB MIG 4g.20gb (0),1,,13,[CUDA memcpy Host-to-Device]
11305823557,44255,231167,,,,,,,,,,35.810,809160.952,Device,,NVIDIA A100-SXM4-40GB MIG 4g.20gb (0),1,,13,[CUDA memset]
11305872708,1824,231169,,,,,,,,,,0.000,43.860,Pinned,Device,NVIDIA A100-SXM4-40GB MIG 4g.20gb (0),1,,13,[CUDA memcpy Host-to-Device]
11305879044,9952,231170,,,,,,,,,,0.197,19755.565,Pinned,Device,NVIDIA A100-SXM4-40GB MIG 4g.20gb (0),1,,13,[CUDA memcpy Host-to-Device]
11306424606,29951,231171,273,1,1,48,1,1,40,0.000,0.001,,,,,NVIDIA A100-SXM4-40GB MIG 4g.20gb (0),1,,13,"void pusch_noise_intf_est::noiseIntfEstNoDftSOfdmKernel<float, __half, float, float, (unsigned int)2, (unsigned int)1, (unsigned char)4, (unsigned char)4>(pusch_noise_intf_est::puschRxNoiseIntfEstDynDescr)"
11306970328,6688,231182,35,1,1,128,1,1,16,0.000,0.000,,,,,NVIDIA A100-SXM4-40GB MIG 4g.20gb (0),1,,13,cupy_copy__complex64_complex64
11307454290,4288,231191,1,1,1,1,1,1,18,0.000,0.000,,,,,NVIDIA A100-SXM4-40GB MIG 4g.20gb (0),1,,13,cupy_copy__float32_float32
11307463986,1632,231197,,,,,,,,,,0.000,2.451,Device,Pageable,NVIDIA A100-SXM4-40GB MIG 4g.20gb (0),1,,7,[CUDA memcpy Device-to-Host]
11307938957,19647,231208,1434,1,1,128,1,1,16,0.000,0.000,,,,,NVIDIA A100-SXM4-40GB MIG 4g.20gb (0),1,,13,cupy_copy__complex64_complex64
11308390056,8447,231215,103,1,1,128,1,1,16,0.000,0.000,,,,,NVIDIA A100-SXM4-40GB MIG 4g.20gb (0),1,,13,cupy_copy__complex64_complex64
11308753091,6336,231222,35,1,1,128,1,1,16,0.000,0.000,,,,,NVIDIA A100-SXM4-40GB MIG 4g.20gb (0),1,,13,cupy_copy__complex64_complex64
11308999841,5248,231229,1,1,1,1,1,1,18,0.000,0.000,,,,,NVIDIA A100-SXM4-40GB MIG 4g.20gb (0),1,,13,cupy_copy__float32_float32
11309401852,243869,231240,1,1,1,32,32,1,30,0.000,0.000,,,,,NVIDIA A100-SXM4-40GB MIG 4g.20gb (0),1,,13,"void convert_kernel<__half2, float2>(tensor_layout_any, T1 *, tensor_layout_any, const T2 *)"
11309677913,5504,231243,,,,,,,,,,0.094,17023.251,Pinned,Device,NVIDIA A100-SXM4-40GB MIG 4g.20gb (0),1,,13,[CUDA memcpy Host-to-Device]
11309978070,14687,231244,,,,,,,,,,1.547,105304.988,Device,,NVIDIA A100-SXM4-40GB MIG 4g.20gb (0),1,,13,[CUDA memset]
11310040245,7584,231249,,,,,,,,,,0.031,4126.565,Pinned,Device,NVIDIA A100-SXM4-40GB MIG 4g.20gb (0),1,,13,[CUDA memcpy Host-to-Device]
11310050485,13536,231250,,,,,,,,,,0.197,14524.809,Pinned,Device,NVIDIA A100-SXM4-40GB MIG 4g.20gb (0),1,,13,[CUDA memcpy Host-to-Device]
11310500656,19295,231251,273,1,1,8,4,1,39,0.002,0.000,,,,,NVIDIA A100-SXM4-40GB MIG 4g.20gb (0),1,,13,"void channel_eq::eqMmseCoefCompLowMimoKernel<float, float, float, (unsigned int)4, (unsigned int)1, (unsigned int)4>(const channel_eq::_puschRxChEqStatDescr *, channel_eq::_puschRxChEqCoefCompDynDescr)"
11311043337,12736,231252,273,1,1,12,11,1,51,0.002,0.000,,,,,NVIDIA A100-SXM4-40GB MIG 4g.20gb (0),1,,13,"void channel_eq::eqMmseSoftDemapKernel<float, __half, __half, float, (unsigned int)4, (unsigned short)16383>(channel_eq::_puschRxChEqStatDescr *, channel_eq::_puschRxChEqSoftDemapDynDescr)"
11311518660,677432,231253,1,1,1,32,32,1,30,0.000,0.000,,,,,NVIDIA A100-SXM4-40GB MIG 4g.20gb (0),1,,13,"void convert_kernel<float2, __half2>(tensor_layout_any, T1 *, tensor_layout_any, const T2 *)"
11312764470,14656,231265,2253,1,1,128,1,1,16,0.000,0.000,,,,,NVIDIA A100-SXM4-40GB MIG 4g.20gb (0),1,,13,cupy_copy__float16_float16
11313302160,7776,231274,282,1,1,128,1,1,16,0.000,0.000,,,,,NVIDIA A100-SXM4-40GB MIG 4g.20gb (0),1,,13,cupy_copy__complex64_complex64
11313892425,3872,231283,26,1,1,128,1,1,16,0.000,0.000,,,,,NVIDIA A100-SXM4-40GB MIG 4g.20gb (0),1,,13,cupy_copy__float32_float32
11314470307,15455,231292,103,1,1,128,1,1,16,0.000,0.000,,,,,NVIDIA A100-SXM4-40GB MIG 4g.20gb (0),1,,13,cupy_copy__complex64_complex64
11314980093,21216,231302,1434,1,1,128,1,1,16,0.000,0.000,,,,,NVIDIA A100-SXM4-40GB MIG 4g.20gb (0),1,,13,cupy_copy__complex64_complex64
11315387416,247901,231307,1,1,1,32,32,1,30,0.000,0.000,,,,,NVIDIA A100-SXM4-40GB MIG 4g.20gb (0),1,,13,"void convert_kernel<__half2, float2>(tensor_layout_any, T1 *, tensor_layout_any, const T2 *)"
11315664661,5792,231310,,,,,,,,,,0.094,16176.708,Pinned,Device,NVIDIA A100-SXM4-40GB MIG 4g.20gb (0),1,,13,[CUDA memcpy Host-to-Device]
11316019505,622777,231311,,,,,,,,,,456.561,732781.111,Device,,NVIDIA A100-SXM4-40GB MIG 4g.20gb (0),1,,13,[CUDA memset]
11316650858,59423,231316,,,,,,,,,,1.235,20781.638,Pinned,Device,NVIDIA A100-SXM4-40GB MIG 4g.20gb (0),1,,13,[CUDA memcpy Host-to-Device]
11316713033,9920,231317,,,,,,,,,,0.197,19819.266,Pinned,Device,NVIDIA A100-SXM4-40GB MIG 4g.20gb (0),1,,13,[CUDA memcpy Host-to-Device]
11317268323,28319,231318,69,4,1,48,1,1,76,0.002,0.000,,,,,NVIDIA A100-SXM4-40GB MIG 4g.20gb (0),1,,13,"void ch_est::windowedChEstPreNoDftSOfdmKernel<float, __half, float, (unsigned int)2, (unsigned int)1, (unsigned short)4>(ch_est::puschRxChEstStatDescr_t *, ch_est::puschRxChEstDynDescr_t *)"
11317814941,11071,231319,137,2,1,24,2,1,44,0.001,0.001,,,,,NVIDIA A100-SXM4-40GB MIG 4g.20gb (0),1,,13,"void ch_est::chEstFilterNoDftSOfdmDispatchKernel<float, __half, float, (unsigned int)2>(ch_est::puschRxChEstStatDescr_t *, ch_est::puschRxChEstDynDescr_t *)"
11318357974,19136,231320,137,2,1,24,2,1,44,0.001,0.001,,,,,NVIDIA A100-SXM4-40GB MIG 4g.20gb (0),1,,13,"void ch_est::chEstFilterNoDftSOfdmDispatchKernel<float, __half, float, (unsigned int)2>(ch_est::puschRxChEstStatDescr_t *, ch_est::puschRxChEstDynDescr_t *)"
11318954448,4160,231331,103,1,1,128,1,1,16,0.000,0.000,,,,,NVIDIA A100-SXM4-40GB MIG 4g.20gb (0),1,,13,cupy_copy__complex64_complex64
11319543593,23168,231341,1434,1,1,128,1,1,16,0.000,0.000,,,,,NVIDIA A100-SXM4-40GB MIG 4g.20gb (0),1,,13,cupy_copy__complex64_complex64
11320017476,6912,231348,103,1,1,128,1,1,16,0.000,0.000,,,,,NVIDIA A100-SXM4-40GB MIG 4g.20gb (0),1,,13,cupy_copy__complex64_complex64
11320271137,191710,231355,1,1,1,32,32,1,30,0.000,0.000,,,,,NVIDIA A100-SXM4-40GB MIG 4g.20gb (0),1,,13,"void convert_kernel<__half2, float2>(tensor_layout_any, T1 *, tensor_layout_any, const T2 *)"
11320493150,6016,231358,,,,,,,,,,0.094,15574.430,Pinned,Device,NVIDIA A100-SXM4-40GB MIG 4g.20gb (0),1,,13,[CUDA memcpy Host-to-Device]
11320751899,63232,231359,,,,,,,,,,35.810,566298.075,Device,,NVIDIA A100-SXM4-40GB MIG 4g.20gb (0),1,,13,[CUDA memset]
11320816059,5152,231361,,,,,,,,,,0.000,15.528,Pinned,Device,NVIDIA A100-SXM4-40GB MIG 4g.20gb (0),1,,13,[CUDA memcpy Host-to-Device]
11320824218,12256,231362,,,,,,,,,,0.197,16041.640,Pinned,Device,NVIDIA A100-SXM4-40GB MIG 4g.20gb (0),1,,13,[CUDA memcpy Host-to-Device]
11321296085,35712,231363,273,1,1,48,1,1,40,0.000,0.001,,,,,NVIDIA A100-SXM4-40GB MIG 4g.20gb (0),1,,13,"void pusch_noise_intf_est::noiseIntfEstNoDftSOfdmKernel<float, __half, float, float, (unsigned int)2, (unsigned int)1, (unsigned char)4, (unsigned char)4>(pusch_noise_intf_est::puschRxNoiseIntfEstDynDescr)"
11321697521,9343,231374,35,1,1,128,1,1,16,0.000,0.000,,,,,NVIDIA A100-SXM4-40GB MIG 4g.20gb (0),1,,13,cupy_copy__complex64_complex64
11322144491,3936,231383,1,1,1,1,1,1,18,0.000,0.000,,,,,NVIDIA A100-SXM4-40GB MIG 4g.20gb (0),1,,13,cupy_copy__float32_float32
11322155115,1696,231389,,,,,,,,,,0.000,2.358,Device,Pageable,NVIDIA A100-SXM4-40GB MIG 4g.20gb (0),1,,7,[CUDA memcpy Device-to-Host]
11322730853,18944,231400,1434,1,1,128,1,1,16,0.000,0.000,,,,,NVIDIA A100-SXM4-40GB MIG 4g.20gb (0),1,,13,cupy_copy__complex64_complex64
11323174848,16512,231407,103,1,1,128,1,1,16,0.000,0.000,,,,,NVIDIA A100-SXM4-40GB MIG 4g.20gb (0),1,,13,cupy_copy__complex64_complex64
11323612923,6080,231414,35,1,1,128,1,1,16,0.000,0.000,,,,,NVIDIA A100-SXM4-40GB MIG 4g.20gb (0),1,,13,cupy_copy__complex64_complex64
11323927383,4992,231421,1,1,1,1,1,1,18,0.000,0.000,,,,,NVIDIA A100-SXM4-40GB MIG 4g.20gb (0),1,,13,cupy_copy__float32_float32
11324333875,239837,231432,1,1,1,32,32,1,30,0.000,0.000,,,,,NVIDIA A100-SXM4-40GB MIG 4g.20gb (0),1,,13,"void convert_kernel<__half2, float2>(tensor_layout_any, T1 *, tensor_layout_any, const T2 *)"
11324605136,5536,231435,,,,,,,,,,0.094,16924.777,Pinned,Device,NVIDIA A100-SXM4-40GB MIG 4g.20gb (0),1,,13,[CUDA memcpy Host-to-Device]
11324961964,17087,231436,,,,,,,,,,1.547,90514.623,Device,,NVIDIA A100-SXM4-40GB MIG 4g.20gb (0),1,,13,[CUDA memset]
11324984427,7680,231441,,,,,,,,,,0.031,4074.990,Pinned,Device,NVIDIA A100-SXM4-40GB MIG 4g.20gb (0),1,,13,[CUDA memcpy Host-to-Device]
11324994539,12928,231442,,,,,,,,,,0.197,15207.825,Pinned,Device,NVIDIA A100-SXM4-40GB MIG 4g.20gb (0),1,,13,[CUDA memcpy Host-to-Device]
11325520229,19168,231443,273,1,1,8,4,1,39,0.002,0.000,,,,,NVIDIA A100-SXM4-40GB MIG 4g.20gb (0),1,,13,"void channel_eq::eqMmseCoefCompLowMimoKernel<float, float, float, (unsigned int)4, (unsigned int)1, (unsigned int)4>(const channel_eq::_puschRxChEqStatDescr *, channel_eq::_puschRxChEqCoefCompDynDescr)"
11325986144,25184,231444,273,1,1,12,11,1,51,0.002,0.000,,,,,NVIDIA A100-SXM4-40GB MIG 4g.20gb (0),1,,13,"void channel_eq::eqMmseSoftDemapKernel<float, __half, __half, float, (unsigned int)4, (unsigned short)16383>(channel_eq::_puschRxChEqStatDescr *, channel_eq::_puschRxChEqSoftDemapDynDescr)"
11326608569,686968,231445,1,1,1,32,32,1,30,0.000,0.000,,,,,NVIDIA A100-SXM4-40GB MIG 4g.20gb (0),1,,13,"void convert_kernel<float2, __half2>(tensor_layout_any, T1 *, tensor_layout_any, const T2 *)"
11327824299,14016,231457,2253,1,1,128,1,1,16,0.000,0.000,,,,,NVIDIA A100-SXM4-40GB MIG 4g.20gb (0),1,,13,cupy_copy__float16_float16
11328382149,14112,231466,282,1,1,128,1,1,16,0.000,0.000,,,,,NVIDIA A100-SXM4-40GB MIG 4g.20gb (0),1,,13,cupy_copy__complex64_complex64
11328945182,4448,231475,26,1,1,128,1,1,16,0.000,0.000,,,,,NVIDIA A100-SXM4-40GB MIG 4g.20gb (0),1,,13,cupy_copy__float32_float32
11329502584,6816,231484,103,1,1,128,1,1,16,0.000,0.000,,,,,NVIDIA A100-SXM4-40GB MIG 4g.20gb (0),1,,13,cupy_copy__complex64_complex64
11330042642,18560,231494,1434,1,1,128,1,1,16,0.000,0.000,,,,,NVIDIA A100-SXM4-40GB MIG 4g.20gb (0),1,,13,cupy_copy__complex64_complex64
11330550284,298973,231499,1,1,1,32,32,1,30,0.000,0.000,,,,,NVIDIA A100-SXM4-40GB MIG 4g.20gb (0),1,,13,"void convert_kernel<__half2, float2>(tensor_layout_any, T1 *, tensor_layout_any, const T2 *)"
11330882792,9760,231502,,,,,,,,,,0.094,9599.998,Pinned,Device,NVIDIA A100-SXM4-40GB MIG 4g.20gb (0),1,,13,[CUDA memcpy Host-to-Device]
11331396899,620601,231503,,,,,,,,,,456.561,735520.480,Device,,NVIDIA A100-SXM4-40GB MIG 4g.20gb (0),1,,13,[CUDA memset]
11332019995,65504,231508,,,,,,,,,,1.235,18852.655,Pinned,Device,NVIDIA A100-SXM4-40GB MIG 4g.20gb (0),1,,13,[CUDA memcpy Host-to-Device]
11332088027,9760,231509,,,,,,,,,,0.197,20144.259,Pinned,Device,NVIDIA A100-SXM4-40GB MIG 4g.20gb (0),1,,13,[CUDA memcpy Host-to-Device]
11332567125,26816,231510,69,4,1,48,1,1,76,0.002,0.000,,,,,NVIDIA A100-SXM4-40GB MIG 4g.20gb (0),1,,13,"void ch_est::windowedChEstPreNoDftSOfdmKernel<float, __half, float, (unsigned int)2, (unsigned int)1, (unsigned short)4>(ch_est::puschRxChEstStatDescr_t *, ch_est::puschRxChEstDynDescr_t *)"
11333024048,28512,231511,137,2,1,24,2,1,44,0.001,0.001,,,,,NVIDIA A100-SXM4-40GB MIG 4g.20gb (0),1,,13,"void ch_est::chEstFilterNoDftSOfdmDispatchKernel<float, __half, float, (unsigned int)2>(ch_est::puschRxChEstStatDescr_t *, ch_est::puschRxChEstDynDescr_t *)"
11333541098,18112,231512,137,2,1,24,2,1,44,0.001,0.001,,,,,NVIDIA A100-SXM4-40GB MIG 4g.20gb (0),1,,13,"void ch_est::chEstFilterNoDftSOfdmDispatchKernel<float, __half, float, (unsigned int)2>(ch_est::puschRxChEstStatDescr_t *, ch_est::puschRxChEstDynDescr_t *)"
11334134819,5376,231523,103,1,1,128,1,1,16,0.000,0.000,,,,,NVIDIA A100-SXM4-40GB MIG 4g.20gb (0),1,,13,cupy_copy__complex64_complex64
11334616094,22784,231533,1434,1,1,128,1,1,16,0.000,0.000,,,,,NVIDIA A100-SXM4-40GB MIG 4g.20gb (0),1,,13,cupy_copy__complex64_complex64
11335104792,7136,231540,103,1,1,128,1,1,16,0.000,0.000,,,,,NVIDIA A100-SXM4-40GB MIG 4g.20gb (0),1,,13,cupy_copy__complex64_complex64
11335407253,235005,231547,1,1,1,32,32,1,30,0.000,0.000,,,,,NVIDIA A100-SXM4-40GB MIG 4g.20gb (0),1,,13,"void convert_kernel<__half2, float2>(tensor_layout_any, T1 *, tensor_layout_any, const T2 *)"
11335673202,6080,231550,,,,,,,,,,0.094,15410.462,Pinned,Device,NVIDIA A100-SXM4-40GB MIG 4g.20gb (0),1,,13,[CUDA memcpy Host-to-Device]
11335896368,63551,231551,,,,,,,,,,35.810,563469.091,Device,,NVIDIA A100-SXM4-40GB MIG 4g.20gb (0),1,,13,[CUDA memset]
11335960911,2112,231553,,,,,,,,,,0.000,37.879,Pinned,Device,NVIDIA A100-SXM4-40GB MIG 4g.20gb (0),1,,13,[CUDA memcpy Host-to-Device]
11335969455,12320,231554,,,,,,,,,,0.197,15958.278,Pinned,Device,NVIDIA A100-SXM4-40GB MIG 4g.20gb (0),1,,13,[CUDA memcpy Host-to-Device]
11336503369,30847,231555,273,1,1,48,1,1,40,0.000,0.001,,,,,NVIDIA A100-SXM4-40GB MIG 4g.20gb (0),1,,13,"void pusch_noise_intf_est::noiseIntfEstNoDftSOfdmKernel<float, __half, float, float, (unsigned int)2, (unsigned int)1, (unsigned char)4, (unsigned char)4>(pusch_noise_intf_est::puschRxNoiseIntfEstDynDescr)"
11336966723,7232,231566,35,1,1,128,1,1,16,0.000,0.000,,,,,NVIDIA A100-SXM4-40GB MIG 4g.20gb (0),1,,13,cupy_copy__complex64_complex64
11337451294,4992,231575,1,1,1,1,1,1,18,0.000,0.000,,,,,NVIDIA A100-SXM4-40GB MIG 4g.20gb (0),1,,13,cupy_copy__float32_float32
11337458430,2208,231581,,,,,,,,,,0.000,1.812,Device,Pageable,NVIDIA A100-SXM4-40GB MIG 4g.20gb (0),1,,7,[CUDA memcpy Device-to-Host]
11338040407,17376,231592,1434,1,1,128,1,1,16,0.000,0.000,,,,,NVIDIA A100-SXM4-40GB MIG 4g.20gb (0),1,,13,cupy_copy__complex64_complex64
11338557905,7328,231599,103,1,1,128,1,1,16,0.000,0.000,,,,,NVIDIA A100-SXM4-40GB MIG 4g.20gb (0),1,,13,cupy_copy__complex64_complex64
11339043724,15584,231606,35,1,1,128,1,1,16,0.000,0.000,,,,,NVIDIA A100-SXM4-40GB MIG 4g.20gb (0),1,,13,cupy_copy__complex64_complex64
11339464615,4352,231613,1,1,1,1,1,1,18,0.000,0.000,,,,,NVIDIA A100-SXM4-40GB MIG 4g.20gb (0),1,,13,cupy_copy__float32_float32
11339757348,201917,231624,1,1,1,32,32,1,30,0.000,0.000,,,,,NVIDIA A100-SXM4-40GB MIG 4g.20gb (0),1,,13,"void convert_kernel<__half2, float2>(tensor_layout_any, T1 *, tensor_layout_any, const T2 *)"
11339990273,8928,231627,,,,,,,,,,0.094,10494.608,Pinned,Device,NVIDIA A100-SXM4-40GB MIG 4g.20gb (0),1,,13,[CUDA memcpy Host-to-Device]
11340300126,17919,231628,,,,,,,,,,1.547,86310.899,Device,,NVIDIA A100-SXM4-40GB MIG 4g.20gb (0),1,,13,[CUDA memset]
11340321693,6848,231633,,,,,,,,,,0.031,4570.092,Pinned,Device,NVIDIA A100-SXM4-40GB MIG 4g.20gb (0),1,,13,[CUDA memcpy Host-to-Device]
11340331389,14496,231634,,,,,,,,,,0.197,13562.806,Pinned,Device,NVIDIA A100-SXM4-40GB MIG 4g.20gb (0),1,,13,[CUDA memcpy Host-to-Device]
11340842519,19008,231635,273,1,1,8,4,1,39,0.002,0.000,,,,,NVIDIA A100-SXM4-40GB MIG 4g.20gb (0),1,,13,"void channel_eq::eqMmseCoefCompLowMimoKernel<float, float, float, (unsigned int)4, (unsigned int)1, (unsigned int)4>(const channel_eq::_puschRxChEqStatDescr *, channel_eq::_puschRxChEqCoefCompDynDescr)"
11341393425,23552,231636,273,1,1,12,11,1,51,0.002,0.000,,,,,NVIDIA A100-SXM4-40GB MIG 4g.20gb (0),1,,13,"void channel_eq::eqMmseSoftDemapKernel<float, __half, __half, float, (unsigned int)4, (unsigned short)16383>(channel_eq::_puschRxChEqStatDescr *, channel_eq::_puschRxChEqSoftDemapDynDescr)"
11341884876,665112,231637,1,1,1,32,32,1,30,0.000,0.000,,,,,NVIDIA A100-SXM4-40GB MIG 4g.20gb (0),1,,13,"void convert_kernel<float2, __half2>(tensor_layout_any, T1 *, tensor_layout_any, const T2 *)"
11343037919,14719,231649,2253,1,1,128,1,1,16,0.000,0.000,,,,,NVIDIA A100-SXM4-40GB MIG 4g.20gb (0),1,,13,cupy_copy__float16_float16
11343532665,13696,231658,282,1,1,128,1,1,16,0.000,0.000,,,,,NVIDIA A100-SXM4-40GB MIG 4g.20gb (0),1,,13,cupy_copy__complex64_complex64
11343974804,8672,231667,26,1,1,128,1,1,16,0.000,0.000,,,,,NVIDIA A100-SXM4-40GB MIG 4g.20gb (0),1,,13,cupy_copy__float32_float32
11344439887,9599,231676,103,1,1,128,1,1,16,0.000,0.000,,,,,NVIDIA A100-SXM4-40GB MIG 4g.20gb (0),1,,13,cupy_copy__complex64_complex64
11344861610,18016,231686,1434,1,1,128,1,1,16,0.000,0.000,,,,,NVIDIA A100-SXM4-40GB MIG 4g.20gb (0),1,,13,cupy_copy__complex64_complex64
11345446403,207102,231691,1,1,1,32,32,1,30,0.000,0.000,,,,,NVIDIA A100-SXM4-40GB MIG 4g.20gb (0),1,,13,"void convert_kernel<__half2, float2>(tensor_layout_any, T1 *, tensor_layout_any, const T2 *)"
11345686048,5664,231694,,,,,,,,,,0.094,16542.310,Pinned,Device,NVIDIA A100-SXM4-40GB MIG 4g.20gb (0),1,,13,[CUDA memcpy Host-to-Device]
11346095388,619609,231695,,,,,,,,,,456.561,736433.603,Device,,NVIDIA A100-SXM4-40GB MIG 4g.20gb (0),1,,13,[CUDA memset]
11346723669,60895,231700,,,,,,,,,,1.235,20279.015,Pinned,Device,NVIDIA A100-SXM4-40GB MIG 4g.20gb (0),1,,13,[CUDA memcpy Host-to-Device]
11346787252,9664,231701,,,,,,,,,,0.197,20344.209,Pinned,Device,NVIDIA A100-SXM4-40GB MIG 4g.20gb (0),1,,13,[CUDA memcpy Host-to-Device]
11347345806,27871,231702,69,4,1,48,1,1,76,0.002,0.000,,,,,NVIDIA A100-SXM4-40GB MIG 4g.20gb (0),1,,13,"void ch_est::windowedChEstPreNoDftSOfdmKernel<float, __half, float, (unsigned int)2, (unsigned int)1, (unsigned short)4>(ch_est::puschRxChEstStatDescr_t *, ch_est::puschRxChEstDynDescr_t *)"
11347941703,30560,231703,137,2,1,24,2,1,44,0.001,0.001,,,,,NVIDIA A100-SXM4-40GB MIG 4g.20gb (0),1,,13,"void ch_est::chEstFilterNoDftSOfdmDispatchKernel<float, __half, float, (unsigned int)2>(ch_est::puschRxChEstStatDescr_t *, ch_est::puschRxChEstDynDescr_t *)"
11348514208,31584,231704,137,2,1,24,2,1,44,0.001,0.001,,,,,NVIDIA A100-SXM4-40GB MIG 4g.20gb (0),1,,13,"void ch_est::chEstFilterNoDftSOfdmDispatchKernel<float, __half, float, (unsigned int)2>(ch_est::puschRxChEstStatDescr_t *, ch_est::puschRxChEstDynDescr_t *)"
11349129817,7712,231715,103,1,1,128,1,1,16,0.000,0.000,,,,,NVIDIA A100-SXM4-40GB MIG 4g.20gb (0),1,,13,cupy_copy__complex64_complex64
11349710867,17728,231725,1434,1,1,128,1,1,16,0.000,0.000,,,,,NVIDIA A100-SXM4-40GB MIG 4g.20gb (0),1,,13,cupy_copy__complex64_complex64
11350264141,14847,231732,103,1,1,128,1,1,16,0.000,0.000,,,,,NVIDIA A100-SXM4-40GB MIG 4g.20gb (0),1,,13,cupy_copy__complex64_complex64
11350785479,277276,231739,1,1,1,32,32,1,30,0.000,0.000,,,,,NVIDIA A100-SXM4-40GB MIG 4g.20gb (0),1,,13,"void convert_kernel<__half2, float2>(tensor_layout_any, T1 *, tensor_layout_any, const T2 *)"
11351098435,5536,231742,,,,,,,,,,0.094,16924.777,Pinned,Device,NVIDIA A100-SXM4-40GB MIG 4g.20gb (0),1,,13,[CUDA memcpy Host-to-Device]
11351541374,56095,231743,,,,,,,,,,35.810,638347.634,Device,,NVIDIA A100-SXM4-40GB MIG 4g.20gb (0),1,,13,[CUDA memset]
11351600957,2048,231745,,,,,,,,,,0.000,39.062,Pinned,Device,NVIDIA A100-SXM4-40GB MIG 4g.20gb (0),1,,13,[CUDA memcpy Host-to-Device]
11351610813,9600,231746,,,,,,,,,,0.197,20479.869,Pinned,Device,NVIDIA A100-SXM4-40GB MIG 4g.20gb (0),1,,13,[CUDA memcpy Host-to-Device]
11352137783,33952,231747,273,1,1,48,1,1,40,0.000,0.001,,,,,NVIDIA A100-SXM4-40GB MIG 4g.20gb (0),1,,13,"void pusch_noise_intf_est::noiseIntfEstNoDftSOfdmKernel<float, __half, float, float, (unsigned int)2, (unsigned int)1, (unsigned char)4, (unsigned char)4>(pusch_noise_intf_est::puschRxNoiseIntfEstDynDescr)"
11352693329,10784,231758,35,1,1,128,1,1,16,0.000,0.000,,,,,NVIDIA A100-SXM4-40GB MIG 4g.20gb (0),1,,13,cupy_copy__complex64_complex64
11353209323,4608,231767,1,1,1,1,1,1,18,0.000,0.000,,,,,NVIDIA A100-SXM4-40GB MIG 4g.20gb (0),1,,13,cupy_copy__float32_float32
11353222923,4256,231773,,,,,,,,,,0.000,0.940,Device,Pageable,NVIDIA A100-SXM4-40GB MIG 4g.20gb (0),1,,7,[CUDA memcpy Device-to-Host]
11353809892,19232,231784,1434,1,1,128,1,1,16,0.000,0.000,,,,,NVIDIA A100-SXM4-40GB MIG 4g.20gb (0),1,,13,cupy_copy__complex64_complex64
11354259199,15968,231791,103,1,1,128,1,1,16,0.000,0.000,,,,,NVIDIA A100-SXM4-40GB MIG 4g.20gb (0),1,,13,cupy_copy__complex64_complex64
11354635611,5376,231798,35,1,1,128,1,1,16,0.000,0.000,,,,,NVIDIA A100-SXM4-40GB MIG 4g.20gb (0),1,,13,cupy_copy__complex64_complex64
11354884312,5088,231805,1,1,1,1,1,1,18,0.000,0.000,,,,,NVIDIA A100-SXM4-40GB MIG 4g.20gb (0),1,,13,cupy_copy__float32_float32
11355290196,242909,231816,1,1,1,32,32,1,30,0.000,0.000,,,,,NVIDIA A100-SXM4-40GB MIG 4g.20gb (0),1,,13,"void convert_kernel<__half2, float2>(tensor_layout_any, T1 *, tensor_layout_any, const T2 *)"
11355563344,5920,231819,,,,,,,,,,0.094,15826.941,Pinned,Device,NVIDIA A100-SXM4-40GB MIG 4g.20gb (0),1,,13,[CUDA memcpy Host-to-Device]
11355860813,18464,231820,,,,,,,,,,1.547,83763.609,Device,,NVIDIA A100-SXM4-40GB MIG 4g.20gb (0),1,,13,[CUDA memset]
11355881197,4352,231825,,,,,,,,,,0.031,7191.164,Pinned,Device,NVIDIA A100-SXM4-40GB MIG 4g.20gb (0),1,,13,[CUDA memcpy Host-to-Device]
11355892013,12544,231826,,,,,,,,,,0.197,15673.393,Pinned,Device,NVIDIA A100-SXM4-40GB MIG 4g.20gb (0),1,,13,[CUDA memcpy Host-to-Device]
11356345768,19295,231827,273,1,1,8,4,1,39,0.002,0.000,,,,,NVIDIA A100-SXM4-40GB MIG 4g.20gb (0),1,,13,"void channel_eq::eqMmseCoefCompLowMimoKernel<float, float, float, (unsigned int)4, (unsigned int)1, (unsigned int)4>(const channel_eq::_puschRxChEqStatDescr *, channel_eq::_puschRxChEqCoefCompDynDescr)"
11356824450,21344,231828,273,1,1,12,11,1,51,0.002,0.000,,,,,NVIDIA A100-SXM4-40GB MIG 4g.20gb (0),1,,13,"void channel_eq::eqMmseSoftDemapKernel<float, __half, __half, float, (unsigned int)4, (unsigned short)16383>(channel_eq::_puschRxChEqStatDescr *, channel_eq::_puschRxChEqSoftDemapDynDescr)"
11357312445,713304,231829,1,1,1,32,32,1,30,0.000,0.000,,,,,NVIDIA A100-SXM4-40GB MIG 4g.20gb (0),1,,13,"void convert_kernel<float2, __half2>(tensor_layout_any, T1 *, tensor_layout_any, const T2 *)"
11358478511,17216,231841,2253,1,1,128,1,1,16,0.000,0.000,,,,,NVIDIA A100-SXM4-40GB MIG 4g.20gb (0),1,,13,cupy_copy__float16_float16
11358967050,17920,231850,282,1,1,128,1,1,16,0.000,0.000,,,,,NVIDIA A100-SXM4-40GB MIG 4g.20gb (0),1,,13,cupy_copy__complex64_complex64
11359400229,4704,231859,26,1,1,128,1,1,16,0.000,0.000,,,,,NVIDIA A100-SXM4-40GB MIG 4g.20gb (0),1,,13,cupy_copy__float32_float32
11359770945,8960,231868,103,1,1,128,1,1,16,0.000,0.000,,,,,NVIDIA A100-SXM4-40GB MIG 4g.20gb (0),1,,13,cupy_copy__complex64_complex64
11360290427,16928,231878,1434,1,1,128,1,1,16,0.000,0.000,,,,,NVIDIA A100-SXM4-40GB MIG 4g.20gb (0),1,,13,cupy_copy__complex64_complex64
11360898580,234941,231883,1,1,1,32,32,1,30,0.000,0.000,,,,,NVIDIA A100-SXM4-40GB MIG 4g.20gb (0),1,,13,"void convert_kernel<__half2, float2>(tensor_layout_any, T1 *, tensor_layout_any, const T2 *)"
11361164337,5664,231886,,,,,,,,,,0.094,16542.310,Pinned,Device,NVIDIA A100-SXM4-40GB MIG 4g.20gb (0),1,,13,[CUDA memcpy Host-to-Device]
11361573804,623609,231887,,,,,,,,,,456.561,731867.988,Device,,NVIDIA A100-SXM4-40GB MIG 4g.20gb (0),1,,13,[CUDA memset]
11362201061,64031,231892,,,,,,,,,,1.235,19286.120,Pinned,Device,NVIDIA A100-SXM4-40GB MIG 4g.20gb (0),1,,13,[CUDA memcpy Host-to-Device]
11362267684,9568,231893,,,,,,,,,,0.197,20548.485,Pinned,Device,NVIDIA A100-SXM4-40GB MIG 4g.20gb (0),1,,13,[CUDA memcpy Host-to-Device]
11362796286,26528,231894,69,4,1,48,1,1,76,0.002,0.000,,,,,NVIDIA A100-SXM4-40GB MIG 4g.20gb (0),1,,13,"void ch_est::windowedChEstPreNoDftSOfdmKernel<float, __half, float, (unsigned int)2, (unsigned int)1, (unsigned short)4>(ch_est::puschRxChEstStatDescr_t *, ch_est::puschRxChEstDynDescr_t *)"
11363346552,13920,231895,137,2,1,24,2,1,44,0.001,0.001,,,,,NVIDIA A100-SXM4-40GB MIG 4g.20gb (0),1,,13,"void ch_est::chEstFilterNoDftSOfdmDispatchKernel<float, __half, float, (unsigned int)2>(ch_est::puschRxChEstStatDescr_t *, ch_est::puschRxChEstDynDescr_t *)"
11363952017,11360,231896,137,2,1,24,2,1,44,0.001,0.001,,,,,NVIDIA A100-SXM4-40GB MIG 4g.20gb (0),1,,13,"void ch_est::chEstFilterNoDftSOfdmDispatchKernel<float, __half, float, (unsigned int)2>(ch_est::puschRxChEstStatDescr_t *, ch_est::puschRxChEstDynDescr_t *)"
11364542539,4736,231907,103,1,1,128,1,1,16,0.000,0.000,,,,,NVIDIA A100-SXM4-40GB MIG 4g.20gb (0),1,,13,cupy_copy__complex64_complex64
11365075717,17663,231917,1434,1,1,128,1,1,16,0.000,0.000,,,,,NVIDIA A100-SXM4-40GB MIG 4g.20gb (0),1,,13,cupy_copy__complex64_complex64
11365650910,8768,231924,103,1,1,128,1,1,16,0.000,0.000,,,,,NVIDIA A100-SXM4-40GB MIG 4g.20gb (0),1,,13,cupy_copy__complex64_complex64
11366138776,257566,231931,1,1,1,32,32,1,30,0.000,0.000,,,,,NVIDIA A100-SXM4-40GB MIG 4g.20gb (0),1,,13,"void convert_kernel<__half2, float2>(tensor_layout_any, T1 *, tensor_layout_any, const T2 *)"
11366426965,5952,231934,,,,,,,,,,0.094,15741.865,Pinned,Device,NVIDIA A100-SXM4-40GB MIG 4g.20gb (0),1,,13,[CUDA memcpy Host-to-Device]
11366748018,61951,231935,,,,,,,,,,35.810,578007.919,Device,,NVIDIA A100-SXM4-40GB MIG 4g.20gb (0),1,,13,[CUDA memset]
11366812305,5824,231937,,,,,,,,,,0.000,13.736,Pinned,Device,NVIDIA A100-SXM4-40GB MIG 4g.20gb (0),1,,13,[CUDA memcpy Host-to-Device]
11366821233,17984,231938,,,,,,,,,,0.197,10932.191,Pinned,Device,NVIDIA A100-SXM4-40GB MIG 4g.20gb (0),1,,13,[CUDA memcpy Host-to-Device]
11367282412,30975,231939,273,1,1,48,1,1,40,0.000,0.001,,,,,NVIDIA A100-SXM4-40GB MIG 4g.20gb (0),1,,13,"void pusch_noise_intf_est::noiseIntfEstNoDftSOfdmKernel<float, __half, float, float, (unsigned int)2, (unsigned int)1, (unsigned char)4, (unsigned char)4>(pusch_noise_intf_est::puschRxNoiseIntfEstDynDescr)"
11367683431,9760,231950,35,1,1,128,1,1,16,0.000,0.000,,,,,NVIDIA A100-SXM4-40GB MIG 4g.20gb (0),1,,13,cupy_copy__complex64_complex64
11368113634,4576,231959,1,1,1,1,1,1,18,0.000,0.000,,,,,NVIDIA A100-SXM4-40GB MIG 4g.20gb (0),1,,13,cupy_copy__float32_float32
11368126050,1792,231965,,,,,,,,,,0.000,2.232,Device,Pageable,NVIDIA A100-SXM4-40GB MIG 4g.20gb (0),1,,7,[CUDA memcpy Device-to-Host]
11368650300,18784,231976,1434,1,1,128,1,1,16,0.000,0.000,,,,,NVIDIA A100-SXM4-40GB MIG 4g.20gb (0),1,,13,cupy_copy__complex64_complex64
11369140822,14560,231983,103,1,1,128,1,1,16,0.000,0.000,,,,,NVIDIA A100-SXM4-40GB MIG 4g.20gb (0),1,,13,cupy_copy__complex64_complex64
11369510834,6400,231990,35,1,1,128,1,1,16,0.000,0.000,,,,,NVIDIA A100-SXM4-40GB MIG 4g.20gb (0),1,,13,cupy_copy__complex64_complex64
11369819983,4736,231997,1,1,1,1,1,1,18,0.000,0.000,,,,,NVIDIA A100-SXM4-40GB MIG 4g.20gb (0),1,,13,cupy_copy__float32_float32
11370230410,251037,232008,1,1,1,32,32,1,30,0.000,0.000,,,,,NVIDIA A100-SXM4-40GB MIG 4g.20gb (0),1,,13,"void convert_kernel<__half2, float2>(tensor_layout_any, T1 *, tensor_layout_any, const T2 *)"
11370512551,9312,232011,,,,,,,,,,0.094,10061.826,Pinned,Device,NVIDIA A100-SXM4-40GB MIG 4g.20gb (0),1,,13,[CUDA memcpy Host-to-Device]
11370855875,17440,232012,,,,,,,,,,1.547,88681.874,Device,,NVIDIA A100-SXM4-40GB MIG 4g.20gb (0),1,,13,[CUDA memset]
11370878563,3136,232017,,,,,,,,,,0.031,9979.575,Pinned,Device,NVIDIA A100-SXM4-40GB MIG 4g.20gb (0),1,,13,[CUDA memcpy Host-to-Device]
11370887235,12639,232018,,,,,,,,,,0.197,15555.625,Pinned,Device,NVIDIA A100-SXM4-40GB MIG 4g.20gb (0),1,,13,[CUDA memcpy Host-to-Device]
11371420093,20895,232019,273,1,1,8,4,1,39,0.002,0.000,,,,,NVIDIA A100-SXM4-40GB MIG 4g.20gb (0),1,,13,"void channel_eq::eqMmseCoefCompLowMimoKernel<float, float, float, (unsigned int)4, (unsigned int)1, (unsigned int)4>(const channel_eq::_puschRxChEqStatDescr *, channel_eq::_puschRxChEqCoefCompDynDescr)"
11371891063,22528,232020,273,1,1,12,11,1,51,0.002,0.000,,,,,NVIDIA A100-SXM4-40GB MIG 4g.20gb (0),1,,13,"void channel_eq::eqMmseSoftDemapKernel<float, __half, __half, float, (unsigned int)4, (unsigned short)16383>(channel_eq::_puschRxChEqStatDescr *, channel_eq::_puschRxChEqSoftDemapDynDescr)"
11372504368,683385,232021,1,1,1,32,32,1,30,0.000,0.000,,,,,NVIDIA A100-SXM4-40GB MIG 4g.20gb (0),1,,13,"void convert_kernel<float2, __half2>(tensor_layout_any, T1 *, tensor_layout_any, const T2 *)"
11373727042,16000,232033,2253,1,1,128,1,1,16,0.000,0.000,,,,,NVIDIA A100-SXM4-40GB MIG 4g.20gb (0),1,,13,cupy_copy__float16_float16
11374332892,9055,232042,282,1,1,128,1,1,16,0.000,0.000,,,,,NVIDIA A100-SXM4-40GB MIG 4g.20gb (0),1,,13,cupy_copy__complex64_complex64
11374806134,15840,232051,26,1,1,128,1,1,16,0.000,0.000,,,,,NVIDIA A100-SXM4-40GB MIG 4g.20gb (0),1,,13,cupy_copy__float32_float32
11375319920,8704,232060,103,1,1,128,1,1,16,0.000,0.000,,,,,NVIDIA A100-SXM4-40GB MIG 4g.20gb (0),1,,13,cupy_copy__complex64_complex64
11375738892,20927,232070,1434,1,1,128,1,1,16,0.000,0.000,,,,,NVIDIA A100-SXM4-40GB MIG 4g.20gb (0),1,,13,cupy_copy__complex64_complex64
11376303589,208670,232075,1,1,1,32,32,1,30,0.000,0.000,,,,,NVIDIA A100-SXM4-40GB MIG 4g.20gb (0),1,,13,"void convert_kernel<__half2, float2>(tensor_layout_any, T1 *, tensor_layout_any, const T2 *)"
11376544322,10272,232078,,,,,,,,,,0.094,9121.493,Pinned,Device,NVIDIA A100-SXM4-40GB MIG 4g.20gb (0),1,,13,[CUDA memcpy Host-to-Device]
11377034269,624345,232079,,,,,,,,,,456.561,730954.865,Device,,NVIDIA A100-SXM4-40GB MIG 4g.20gb (0),1,,13,[CUDA memset]
11377666294,67551,232084,,,,,,,,,,1.235,18280.876,Pinned,Device,NVIDIA A100-SXM4-40GB MIG 4g.20gb (0),1,,13,[CUDA memcpy Host-to-Device]
11377736437,9408,232085,,,,,,,,,,0.197,20897.858,Pinned,Device,NVIDIA A100-SXM4-40GB MIG 4g.20gb (0),1,,13,[CUDA memcpy Host-to-Device]
11378234127,27840,232086,69,4,1,48,1,1,76,0.002,0.000,,,,,NVIDIA A100-SXM4-40GB MIG 4g.20gb (0),1,,13,"void ch_est::windowedChEstPreNoDftSOfdmKernel<float, __half, float, (unsigned int)2, (unsigned int)1, (unsigned short)4>(ch_est::puschRxChEstStatDescr_t *, ch_est::puschRxChEstDynDescr_t *)"
11378748041,19776,232087,137,2,1,24,2,1,44,0.001,0.001,,,,,NVIDIA A100-SXM4-40GB MIG 4g.20gb (0),1,,13,"void ch_est::chEstFilterNoDftSOfdmDispatchKernel<float, __half, float, (unsigned int)2>(ch_est::puschRxChEstStatDescr_t *, ch_est::puschRxChEstDynDescr_t *)"
11379231044,24384,232088,137,2,1,24,2,1,44,0.001,0.001,,,,,NVIDIA A100-SXM4-40GB MIG 4g.20gb (0),1,,13,"void ch_est::chEstFilterNoDftSOfdmDispatchKernel<float, __half, float, (unsigned int)2>(ch_est::puschRxChEstStatDescr_t *, ch_est::puschRxChEstDynDescr_t *)"
11379766334,16896,232099,103,1,1,128,1,1,16,0.000,0.000,,,,,NVIDIA A100-SXM4-40GB MIG 4g.20gb (0),1,,13,cupy_copy__complex64_complex64
11380246104,21504,232109,1434,1,1,128,1,1,16,0.000,0.000,,,,,NVIDIA A100-SXM4-40GB MIG 4g.20gb (0),1,,13,cupy_copy__complex64_complex64
11380663412,5632,232116,103,1,1,128,1,1,16,0.000,0.000,,,,,NVIDIA A100-SXM4-40GB MIG 4g.20gb (0),1,,13,cupy_copy__complex64_complex64
11381227725,207998,232123,1,1,1,32,32,1,30,0.000,0.000,,,,,NVIDIA A100-SXM4-40GB MIG 4g.20gb (0),1,,13,"void convert_kernel<__half2, float2>(tensor_layout_any, T1 *, tensor_layout_any, const T2 *)"
11381465835,8608,232126,,,,,,,,,,0.094,10884.758,Pinned,Device,NVIDIA A100-SXM4-40GB MIG 4g.20gb (0),1,,13,[CUDA memcpy Host-to-Device]
11381758663,63936,232127,,,,,,,,,,35.810,560067.149,Device,,NVIDIA A100-SXM4-40GB MIG 4g.20gb (0),1,,13,[CUDA memset]
11381824359,2336,232129,,,,,,,,,,0.000,34.247,Pinned,Device,NVIDIA A100-SXM4-40GB MIG 4g.20gb (0),1,,13,[CUDA memcpy Host-to-Device]
11381832326,12640,232130,,,,,,,,,,0.197,15554.249,Pinned,Device,NVIDIA A100-SXM4-40GB MIG 4g.20gb (0),1,,13,[CUDA memcpy Host-to-Device]
11382347233,31359,232131,273,1,1,48,1,1,40,0.000,0.001,,,,,NVIDIA A100-SXM4-40GB MIG 4g.20gb (0),1,,13,"void pusch_noise_intf_est::noiseIntfEstNoDftSOfdmKernel<float, __half, float, float, (unsigned int)2, (unsigned int)1, (unsigned char)4, (unsigned char)4>(pusch_noise_intf_est::puschRxNoiseIntfEstDynDescr)"
11382831195,7232,232142,35,1,1,128,1,1,16,0.000,0.000,,,,,NVIDIA A100-SXM4-40GB MIG 4g.20gb (0),1,,13,cupy_copy__complex64_complex64
11383278422,4192,232151,1,1,1,1,1,1,18,0.000,0.000,,,,,NVIDIA A100-SXM4-40GB MIG 4g.20gb (0),1,,13,cupy_copy__float32_float32
11383288246,2016,232157,,,,,,,,,,0.000,1.984,Device,Pageable,NVIDIA A100-SXM4-40GB MIG 4g.20gb (0),1,,7,[CUDA memcpy Device-to-Host]
11383807760,16128,232168,1434,1,1,128,1,1,16,0.000,0.000,,,,,NVIDIA A100-SXM4-40GB MIG 4g.20gb (0),1,,13,cupy_copy__complex64_complex64
11384290987,10143,232175,103,1,1,128,1,1,16,0.000,0.000,,,,,NVIDIA A100-SXM4-40GB MIG 4g.20gb (0),1,,13,cupy_copy__complex64_complex64
11384773605,16544,232182,35,1,1,128,1,1,16,0.000,0.000,,,,,NVIDIA A100-SXM4-40GB MIG 4g.20gb (0),1,,13,cupy_copy__complex64_complex64
11385199488,3968,232189,1,1,1,1,1,1,18,0.000,0.000,,,,,NVIDIA A100-SXM4-40GB MIG 4g.20gb (0),1,,13,cupy_copy__float32_float32
11385494333,237789,232200,1,1,1,32,32,1,30,0.000,0.000,,,,,NVIDIA A100-SXM4-40GB MIG 4g.20gb (0),1,,13,"void convert_kernel<__half2, float2>(tensor_layout_any, T1 *, tensor_layout_any, const T2 *)"
11385762394,5536,232203,,,,,,,,,,0.094,16924.777,Pinned,Device,NVIDIA A100-SXM4-40GB MIG 4g.20gb (0),1,,13,[CUDA memcpy Host-to-Device]
11386025751,18208,232204,,,,,,,,,,1.547,84940.590,Device,,NVIDIA A100-SXM4-40GB MIG 4g.20gb (0),1,,13,[CUDA memset]
11386049687,7424,232209,,,,,,,,,,0.031,4215.509,Pinned,Device,NVIDIA A100-SXM4-40GB MIG 4g.20gb (0),1,,13,[CUDA memcpy Host-to-Device]
11386059543,15583,232210,,,,,,,,,,0.197,12616.729,Pinned,Device,NVIDIA A100-SXM4-40GB MIG 4g.20gb (0),1,,13,[CUDA memcpy Host-to-Device]
11386556177,19488,232211,273,1,1,8,4,1,39,0.002,0.000,,,,,NVIDIA A100-SXM4-40GB MIG 4g.20gb (0),1,,13,"void channel_eq::eqMmseCoefCompLowMimoKernel<float, float, float, (unsigned int)4, (unsigned int)1, (unsigned int)4>(const channel_eq::_puschRxChEqStatDescr *, channel_eq::_puschRxChEqCoefCompDynDescr)"
11387016364,10816,232212,273,1,1,12,11,1,51,0.002,0.000,,,,,NVIDIA A100-SXM4-40GB MIG 4g.20gb (0),1,,13,"void channel_eq::eqMmseSoftDemapKernel<float, __half, __half, float, (unsigned int)4, (unsigned short)16383>(channel_eq::_puschRxChEqStatDescr *, channel_eq::_puschRxChEqSoftDemapDynDescr)"
11387616229,658200,232213,1,1,1,32,32,1,30,0.000,0.000,,,,,NVIDIA A100-SXM4-40GB MIG 4g.20gb (0),1,,13,"void convert_kernel<float2, __half2>(tensor_layout_any, T1 *, tensor_layout_any, const T2 *)"
11388777176,22527,232225,2253,1,1,128,1,1,16,0.000,0.000,,,,,NVIDIA A100-SXM4-40GB MIG 4g.20gb (0),1,,13,cupy_copy__float16_float16
11389260306,5184,232234,282,1,1,128,1,1,16,0.000,0.000,,,,,NVIDIA A100-SXM4-40GB MIG 4g.20gb (0),1,,13,cupy_copy__complex64_complex64
11389745037,11904,232243,26,1,1,128,1,1,16,0.000,0.000,,,,,NVIDIA A100-SXM4-40GB MIG 4g.20gb (0),1,,13,cupy_copy__float32_float32
11390247559,5248,232252,103,1,1,128,1,1,16,0.000,0.000,,,,,NVIDIA A100-SXM4-40GB MIG 4g.20gb (0),1,,13,cupy_copy__complex64_complex64
11390790145,23488,232262,1434,1,1,128,1,1,16,0.000,0.000,,,,,NVIDIA A100-SXM4-40GB MIG 4g.20gb (0),1,,13,cupy_copy__complex64_complex64
11391229532,282301,232267,1,1,1,32,32,1,30,0.000,0.000,,,,,NVIDIA A100-SXM4-40GB MIG 4g.20gb (0),1,,13,"void convert_kernel<__half2, float2>(tensor_layout_any, T1 *, tensor_layout_any, const T2 *)"
11391543800,5664,232270,,,,,,,,,,0.094,16542.310,Pinned,Device,NVIDIA A100-SXM4-40GB MIG 4g.20gb (0),1,,13,[CUDA memcpy Host-to-Device]
11392130866,611545,232271,,,,,,,,,,456.561,746477.954,Device,,NVIDIA A100-SXM4-40GB MIG 4g.20gb (0),1,,13,[CUDA memset]
11392745995,63711,232276,,,,,,,,,,1.235,19382.446,Pinned,Device,NVIDIA A100-SXM4-40GB MIG 4g.20gb (0),1,,13,[CUDA memcpy Host-to-Device]
11392812170,13504,232277,,,,,,,,,,0.197,14559.216,Pinned,Device,NVIDIA A100-SXM4-40GB MIG 4g.20gb (0),1,,13,[CUDA memcpy Host-to-Device]
11393290948,20384,232278,69,4,1,48,1,1,76,0.002,0.000,,,,,NVIDIA A100-SXM4-40GB MIG 4g.20gb (0),1,,13,"void ch_est::windowedChEstPreNoDftSOfdmKernel<float, __half, float, (unsigned int)2, (unsigned int)1, (unsigned short)4>(ch_est::puschRxChEstStatDescr_t *, ch_est::puschRxChEstDynDescr_t *)"
11393959069,28416,232279,137,2,1,24,2,1,44,0.001,0.001,,,,,NVIDIA A100-SXM4-40GB MIG 4g.20gb (0),1,,13,"void ch_est::chEstFilterNoDftSOfdmDispatchKernel<float, __half, float, (unsigned int)2>(ch_est::puschRxChEstStatDescr_t *, ch_est::puschRxChEstDynDescr_t *)"
11394575446,20896,232280,137,2,1,24,2,1,44,0.001,0.001,,,,,NVIDIA A100-SXM4-40GB MIG 4g.20gb (0),1,,13,"void ch_est::chEstFilterNoDftSOfdmDispatchKernel<float, __half, float, (unsigned int)2>(ch_est::puschRxChEstStatDescr_t *, ch_est::puschRxChEstDynDescr_t *)"
11395126384,4320,232291,103,1,1,128,1,1,16,0.000,0.000,,,,,NVIDIA A100-SXM4-40GB MIG 4g.20gb (0),1,,13,cupy_copy__complex64_complex64
11395783144,19424,232301,1434,1,1,128,1,1,16,0.000,0.000,,,,,NVIDIA A100-SXM4-40GB MIG 4g.20gb (0),1,,13,cupy_copy__complex64_complex64
11396447809,4608,232308,103,1,1,128,1,1,16,0.000,0.000,,,,,NVIDIA A100-SXM4-40GB MIG 4g.20gb (0),1,,13,cupy_copy__complex64_complex64
11397034266,275389,232315,1,1,1,32,32,1,30,0.000,0.000,,,,,NVIDIA A100-SXM4-40GB MIG 4g.20gb (0),1,,13,"void convert_kernel<__half2, float2>(tensor_layout_any, T1 *, tensor_layout_any, const T2 *)"
11397340791,7007,232318,,,,,,,,,,0.094,13371.731,Pinned,Device,NVIDIA A100-SXM4-40GB MIG 4g.20gb (0),1,,13,[CUDA memcpy Host-to-Device]
11397876368,45312,232319,,,,,,,,,,35.810,790289.124,Device,,NVIDIA A100-SXM4-40GB MIG 4g.20gb (0),1,,13,[CUDA memset]
11397927184,2272,232321,,,,,,,,,,0.000,35.211,Pinned,Device,NVIDIA A100-SXM4-40GB MIG 4g.20gb (0),1,,13,[CUDA memcpy Host-to-Device]
11397932784,13504,232322,,,,,,,,,,0.197,14559.216,Pinned,Device,NVIDIA A100-SXM4-40GB MIG 4g.20gb (0),1,,13,[CUDA memcpy Host-to-Device]
11398526729,21024,232323,273,1,1,48,1,1,40,0.000,0.001,,,,,NVIDIA A100-SXM4-40GB MIG 4g.20gb (0),1,,13,"void pusch_noise_intf_est::noiseIntfEstNoDftSOfdmKernel<float, __half, float, float, (unsigned int)2, (unsigned int)1, (unsigned char)4, (unsigned char)4>(pusch_noise_intf_est::puschRxNoiseIntfEstDynDescr)"
11399001828,7840,232334,35,1,1,128,1,1,16,0.000,0.000,,,,,NVIDIA A100-SXM4-40GB MIG 4g.20gb (0),1,,13,cupy_copy__complex64_complex64
11399515262,6304,232343,1,1,1,1,1,1,18,0.000,0.000,,,,,NVIDIA A100-SXM4-40GB MIG 4g.20gb (0),1,,13,cupy_copy__float32_float32
11399525694,2720,232349,,,,,,,,,,0.000,1.471,Device,Pageable,NVIDIA A100-SXM4-40GB MIG 4g.20gb (0),1,,7,[CUDA memcpy Device-to-Host]
11400102135,18016,232360,1434,1,1,128,1,1,16,0.000,0.000,,,,,NVIDIA A100-SXM4-40GB MIG 4g.20gb (0),1,,13,cupy_copy__complex64_complex64
11400653873,15200,232367,103,1,1,128,1,1,16,0.000,0.000,,,,,NVIDIA A100-SXM4-40GB MIG 4g.20gb (0),1,,13,cupy_copy__complex64_complex64
11401133580,6879,232374,35,1,1,128,1,1,16,0.000,0.000,,,,,NVIDIA A100-SXM4-40GB MIG 4g.20gb (0),1,,13,cupy_copy__complex64_complex64
11401385961,5536,232381,1,1,1,1,1,1,18,0.000,0.000,,,,,NVIDIA A100-SXM4-40GB MIG 4g.20gb (0),1,,13,cupy_copy__float32_float32
11401792324,241853,232392,1,1,1,32,32,1,30,0.000,0.000,,,,,NVIDIA A100-SXM4-40GB MIG 4g.20gb (0),1,,13,"void convert_kernel<__half2, float2>(tensor_layout_any, T1 *, tensor_layout_any, const T2 *)"
11402065985,5664,232395,,,,,,,,,,0.094,16542.310,Pinned,Device,NVIDIA A100-SXM4-40GB MIG 4g.20gb (0),1,,13,[CUDA memcpy Host-to-Device]
11402365054,17535,232396,,,,,,,,,,1.547,88200.873,Device,,NVIDIA A100-SXM4-40GB MIG 4g.20gb (0),1,,13,[CUDA memset]
11402388733,3616,232401,,,,,,,,,,0.031,8654.846,Pinned,Device,NVIDIA A100-SXM4-40GB MIG 4g.20gb (0),1,,13,[CUDA memcpy Host-to-Device]
11402397885,16864,232402,,,,,,,,,,0.197,11658.265,Pinned,Device,NVIDIA A100-SXM4-40GB MIG 4g.20gb (0),1,,13,[CUDA memcpy Host-to-Device]
11402910295,19552,232403,273,1,1,8,4,1,39,0.002,0.000,,,,,NVIDIA A100-SXM4-40GB MIG 4g.20gb (0),1,,13,"void channel_eq::eqMmseCoefCompLowMimoKernel<float, float, float, (unsigned int)4, (unsigned int)1, (unsigned int)4>(const channel_eq::_puschRxChEqStatDescr *, channel_eq::_puschRxChEqCoefCompDynDescr)"
11403380882,13504,232404,273,1,1,12,11,1,51,0.002,0.000,,,,,NVIDIA A100-SXM4-40GB MIG 4g.20gb (0),1,,13,"void channel_eq::eqMmseSoftDemapKernel<float, __half, __half, float, (unsigned int)4, (unsigned short)16383>(channel_eq::_puschRxChEqStatDescr *, channel_eq::_puschRxChEqSoftDemapDynDescr)"
11403868205,660184,232405,1,1,1,32,32,1,30,0.000,0.000,,,,,NVIDIA A100-SXM4-40GB MIG 4g.20gb (0),1,,13,"void convert_kernel<float2, __half2>(tensor_layout_any, T1 *, tensor_layout_any, const T2 *)"
11405077727,21920,232417,2253,1,1,128,1,1,16,0.000,0.000,,,,,NVIDIA A100-SXM4-40GB MIG 4g.20gb (0),1,,13,cupy_copy__float16_float16
11405684152,16800,232426,282,1,1,128,1,1,16,0.000,0.000,,,,,NVIDIA A100-SXM4-40GB MIG 4g.20gb (0),1,,13,cupy_copy__complex64_complex64
11406199250,5312,232435,26,1,1,128,1,1,16,0.000,0.000,,,,,NVIDIA A100-SXM4-40GB MIG 4g.20gb (0),1,,13,cupy_copy__float32_float32
11406738444,11360,232444,103,1,1,128,1,1,16,0.000,0.000,,,,,NVIDIA A100-SXM4-40GB MIG 4g.20gb (0),1,,13,cupy_copy__complex64_complex64
11407251142,24800,232454,1434,1,1,128,1,1,16,0.000,0.000,,,,,NVIDIA A100-SXM4-40GB MIG 4g.20gb (0),1,,13,cupy_copy__complex64_complex64
11407856639,275037,232459,1,1,1,32,32,1,30,0.000,0.000,,,,,NVIDIA A100-SXM4-40GB MIG 4g.20gb (0),1,,13,"void convert_kernel<__half2, float2>(tensor_layout_any, T1 *, tensor_layout_any, const T2 *)"
11408162620,6816,232462,,,,,,,,,,0.094,13746.421,Pinned,Device,NVIDIA A100-SXM4-40GB MIG 4g.20gb (0),1,,13,[CUDA memcpy Host-to-Device]
11408651254,618969,232463,,,,,,,,,,456.561,737346.726,Device,,NVIDIA A100-SXM4-40GB MIG 4g.20gb (0),1,,13,[CUDA memset]
11409271951,62848,232468,,,,,,,,,,1.235,19649.194,Pinned,Device,NVIDIA A100-SXM4-40GB MIG 4g.20gb (0),1,,13,[CUDA memcpy Host-to-Device]
11409337230,9472,232469,,,,,,,,,,0.197,20756.693,Pinned,Device,NVIDIA A100-SXM4-40GB MIG 4g.20gb (0),1,,13,[CUDA memcpy Host-to-Device]
11409872808,28288,232470,69,4,1,48,1,1,76,0.002,0.000,,,,,NVIDIA A100-SXM4-40GB MIG 4g.20gb (0),1,,13,"void ch_est::windowedChEstPreNoDftSOfdmKernel<float, __half, float, (unsigned int)2, (unsigned int)1, (unsigned short)4>(ch_est::puschRxChEstStatDescr_t *, ch_est::puschRxChEstDynDescr_t *)"
11410394786,27808,232471,137,2,1,24,2,1,44,0.001,0.001,,,,,NVIDIA A100-SXM4-40GB MIG 4g.20gb (0),1,,13,"void ch_est::chEstFilterNoDftSOfdmDispatchKernel<float, __half, float, (unsigned int)2>(ch_est::puschRxChEstStatDescr_t *, ch_est::puschRxChEstDynDescr_t *)"
11410986140,30015,232472,137,2,1,24,2,1,44,0.001,0.001,,,,,NVIDIA A100-SXM4-40GB MIG 4g.20gb (0),1,,13,"void ch_est::chEstFilterNoDftSOfdmDispatchKernel<float, __half, float, (unsigned int)2>(ch_est::puschRxChEstStatDescr_t *, ch_est::puschRxChEstDynDescr_t *)"
11411476438,8160,232483,103,1,1,128,1,1,16,0.000,0.000,,,,,NVIDIA A100-SXM4-40GB MIG 4g.20gb (0),1,,13,cupy_copy__complex64_complex64
11411957489,24319,232493,1434,1,1,128,1,1,16,0.000,0.000,,,,,NVIDIA A100-SXM4-40GB MIG 4g.20gb (0),1,,13,cupy_copy__complex64_complex64
11412382956,6656,232500,103,1,1,128,1,1,16,0.000,0.000,,,,,NVIDIA A100-SXM4-40GB MIG 4g.20gb (0),1,,13,cupy_copy__complex64_complex64
11412684841,234941,232507,1,1,1,32,32,1,30,0.000,0.000,,,,,NVIDIA A100-SXM4-40GB MIG 4g.20gb (0),1,,13,"void convert_kernel<__half2, float2>(tensor_layout_any, T1 *, tensor_layout_any, const T2 *)"
11412950501,5472,232510,,,,,,,,,,0.094,17122.757,Pinned,Device,NVIDIA A100-SXM4-40GB MIG 4g.20gb (0),1,,13,[CUDA memcpy Host-to-Device]
11413222434,63744,232511,,,,,,,,,,35.810,561750.215,Device,,NVIDIA A100-SXM4-40GB MIG 4g.20gb (0),1,,13,[CUDA memset]
11413293154,1888,232513,,,,,,,,,,0.000,42.373,Pinned,Device,NVIDIA A100-SXM4-40GB MIG 4g.20gb (0),1,,13,[CUDA memcpy Host-to-Device]
11413297826,10655,232514,,,,,,,,,,0.197,18452.054,Pinned,Device,NVIDIA A100-SXM4-40GB MIG 4g.20gb (0),1,,13,[CUDA memcpy Host-to-Device]
11413767356,31648,232515,273,1,1,48,1,1,40,0.000,0.001,,,,,NVIDIA A100-SXM4-40GB MIG 4g.20gb (0),1,,13,"void pusch_noise_intf_est::noiseIntfEstNoDftSOfdmKernel<float, __half, float, float, (unsigned int)2, (unsigned int)1, (unsigned char)4, (unsigned char)4>(pusch_noise_intf_est::puschRxNoiseIntfEstDynDescr)"
11414170136,9792,232526,35,1,1,128,1,1,16,0.000,0.000,,,,,NVIDIA A100-SXM4-40GB MIG 4g.20gb (0),1,,13,cupy_copy__complex64_complex64
11414602451,5184,232535,1,1,1,1,1,1,18,0.000,0.000,,,,,NVIDIA A100-SXM4-40GB MIG 4g.20gb (0),1,,13,cupy_copy__float32_float32
11414608339,4224,232541,,,,,,,,,,0.000,0.947,Device,Pageable,NVIDIA A100-SXM4-40GB MIG 4g.20gb (0),1,,7,[CUDA memcpy Device-to-Host]
11415134317,18880,232552,1434,1,1,128,1,1,16,0.000,0.000,,,,,NVIDIA A100-SXM4-40GB MIG 4g.20gb (0),1,,13,cupy_copy__complex64_complex64
11415575944,17760,232559,103,1,1,128,1,1,16,0.000,0.000,,,,,NVIDIA A100-SXM4-40GB MIG 4g.20gb (0),1,,13,cupy_copy__complex64_complex64
11415949443,6976,232566,35,1,1,128,1,1,16,0.000,0.000,,,,,NVIDIA A100-SXM4-40GB MIG 4g.20gb (0),1,,13,cupy_copy__complex64_complex64
11416196961,4992,232573,1,1,1,1,1,1,18,0.000,0.000,,,,,NVIDIA A100-SXM4-40GB MIG 4g.20gb (0),1,,13,cupy_copy__float32_float32
11416619452,271805,232584,1,1,1,32,32,1,30,0.000,0.000,,,,,NVIDIA A100-SXM4-40GB MIG 4g.20gb (0),1,,13,"void convert_kernel<__half2, float2>(tensor_layout_any, T1 *, tensor_layout_any, const T2 *)"
11416922264,5536,232587,,,,,,,,,,0.094,16924.777,Pinned,Device,NVIDIA A100-SXM4-40GB MIG 4g.20gb (0),1,,13,[CUDA memcpy Host-to-Device]
11417289236,18656,232588,,,,,,,,,,1.547,82902.140,Device,,NVIDIA A100-SXM4-40GB MIG 4g.20gb (0),1,,13,[CUDA memset]
11417308916,6624,232593,,,,,,,,,,0.031,4724.632,Pinned,Device,NVIDIA A100-SXM4-40GB MIG 4g.20gb (0),1,,13,[CUDA memcpy Host-to-Device]
11417318708,15264,232594,,,,,,,,,,0.197,12880.380,Pinned,Device,NVIDIA A100-SXM4-40GB MIG 4g.20gb (0),1,,13,[CUDA memcpy Host-to-Device]
11417968493,19615,232595,273,1,1,8,4,1,39,0.002,0.000,,,,,NVIDIA A100-SXM4-40GB MIG 4g.20gb (0),1,,13,"void channel_eq::eqMmseCoefCompLowMimoKernel<float, float, float, (unsigned int)4, (unsigned int)1, (unsigned int)4>(const channel_eq::_puschRxChEqStatDescr *, channel_eq::_puschRxChEqCoefCompDynDescr)"
11418585094,19199,232596,273,1,1,12,11,1,51,0.002,0.000,,,,,NVIDIA A100-SXM4-40GB MIG 4g.20gb (0),1,,13,"void channel_eq::eqMmseSoftDemapKernel<float, __half, __half, float, (unsigned int)4, (unsigned short)16383>(channel_eq::_puschRxChEqStatDescr *, channel_eq::_puschRxChEqSoftDemapDynDescr)"
11419179295,667864,232597,1,1,1,32,32,1,30,0.000,0.000,,,,,NVIDIA A100-SXM4-40GB MIG 4g.20gb (0),1,,13,"void convert_kernel<float2, __half2>(tensor_layout_any, T1 *, tensor_layout_any, const T2 *)"
11420451248,14048,232609,2253,1,1,128,1,1,16,0.000,0.000,,,,,NVIDIA A100-SXM4-40GB MIG 4g.20gb (0),1,,13,cupy_copy__float16_float16
11421046634,5024,232618,282,1,1,128,1,1,16,0.000,0.000,,,,,NVIDIA A100-SXM4-40GB MIG 4g.20gb (0),1,,13,cupy_copy__complex64_complex64
11421625155,6528,232627,26,1,1,128,1,1,16,0.000,0.000,,,,,NVIDIA A100-SXM4-40GB MIG 4g.20gb (0),1,,13,cupy_copy__float32_float32
11422267580,17696,232636,103,1,1,128,1,1,16,0.000,0.000,,,,,NVIDIA A100-SXM4-40GB MIG 4g.20gb (0),1,,13,cupy_copy__complex64_complex64
11422899285,21535,232646,1434,1,1,128,1,1,16,0.000,0.000,,,,,NVIDIA A100-SXM4-40GB MIG 4g.20gb (0),1,,13,cupy_copy__complex64_complex64
11423371567,235934,232651,1,1,1,32,32,1,30,0.000,0.000,,,,,NVIDIA A100-SXM4-40GB MIG 4g.20gb (0),1,,13,"void convert_kernel<__half2, float2>(tensor_layout_any, T1 *, tensor_layout_any, const T2 *)"
11423637228,5824,232654,,,,,,,,,,0.094,16087.884,Pinned,Device,NVIDIA A100-SXM4-40GB MIG 4g.20gb (0),1,,13,[CUDA memcpy Host-to-Device]
11424064295,617849,232655,,,,,,,,,,456.561,738716.410,Device,,NVIDIA A100-SXM4-40GB MIG 4g.20gb (0),1,,13,[CUDA memset]
11424686048,61184,232660,,,,,,,,,,1.235,20183.925,Pinned,Device,NVIDIA A100-SXM4-40GB MIG 4g.20gb (0),1,,13,[CUDA memcpy Host-to-Device]
11424749664,9792,232661,,,,,,,,,,0.197,20078.395,Pinned,Device,NVIDIA A100-SXM4-40GB MIG 4g.20gb (0),1,,13,[CUDA memcpy Host-to-Device]
11425369305,28127,232662,69,4,1,48,1,1,76,0.002,0.000,,,,,NVIDIA A100-SXM4-40GB MIG 4g.20gb (0),1,,13,"void ch_est::windowedChEstPreNoDftSOfdmKernel<float, __half, float, (unsigned int)2, (unsigned int)1, (unsigned short)4>(ch_est::puschRxChEstStatDescr_t *, ch_est::puschRxChEstDynDescr_t *)"
11425990514,14719,232663,137,2,1,24,2,1,44,0.001,0.001,,,,,NVIDIA A100-SXM4-40GB MIG 4g.20gb (0),1,,13,"void ch_est::chEstFilterNoDftSOfdmDispatchKernel<float, __half, float, (unsigned int)2>(ch_est::puschRxChEstStatDescr_t *, ch_est::puschRxChEstDynDescr_t *)"
11426574443,14624,232664,137,2,1,24,2,1,44,0.001,0.001,,,,,NVIDIA A100-SXM4-40GB MIG 4g.20gb (0),1,,13,"void ch_est::chEstFilterNoDftSOfdmDispatchKernel<float, __half, float, (unsigned int)2>(ch_est::puschRxChEstStatDescr_t *, ch_est::puschRxChEstDynDescr_t *)"
11427162500,9856,232675,103,1,1,128,1,1,16,0.000,0.000,,,,,NVIDIA A100-SXM4-40GB MIG 4g.20gb (0),1,,13,cupy_copy__complex64_complex64
11427709150,25952,232685,1434,1,1,128,1,1,16,0.000,0.000,,,,,NVIDIA A100-SXM4-40GB MIG 4g.20gb (0),1,,13,cupy_copy__complex64_complex64
11428088442,5792,232692,103,1,1,128,1,1,16,0.000,0.000,,,,,NVIDIA A100-SXM4-40GB MIG 4g.20gb (0),1,,13,cupy_copy__complex64_complex64
11428334519,244733,232699,1,1,1,32,32,1,30,0.000,0.000,,,,,NVIDIA A100-SXM4-40GB MIG 4g.20gb (0),1,,13,"void convert_kernel<__half2, float2>(tensor_layout_any, T1 *, tensor_layout_any, const T2 *)"
11428609876,5856,232702,,,,,,,,,,0.094,15999.997,Pinned,Device,NVIDIA A100-SXM4-40GB MIG 4g.20gb (0),1,,13,[CUDA memcpy Host-to-Device]
11428742226,57984,232703,,,,,,,,,,35.810,617577.880,Device,,NVIDIA A100-SXM4-40GB MIG 4g.20gb (0),1,,13,[CUDA memset]
11428806610,2112,232705,,,,,,,,,,0.000,37.879,Pinned,Device,NVIDIA A100-SXM4-40GB MIG 4g.20gb (0),1,,13,[CUDA memcpy Host-to-Device]
11428811666,16447,232706,,,,,,,,,,0.197,11953.963,Pinned,Device,NVIDIA A100-SXM4-40GB MIG 4g.20gb (0),1,,13,[CUDA memcpy Host-to-Device]
11429200973,29568,232707,273,1,1,48,1,1,40,0.000,0.001,,,,,NVIDIA A100-SXM4-40GB MIG 4g.20gb (0),1,,13,"void pusch_noise_intf_est::noiseIntfEstNoDftSOfdmKernel<float, __half, float, float, (unsigned int)2, (unsigned int)1, (unsigned char)4, (unsigned char)4>(pusch_noise_intf_est::puschRxNoiseIntfEstDynDescr)"
11429615240,13152,232718,35,1,1,128,1,1,16,0.000,0.000,,,,,NVIDIA A100-SXM4-40GB MIG 4g.20gb (0),1,,13,cupy_copy__complex64_complex64
11430015780,3456,232727,1,1,1,1,1,1,18,0.000,0.000,,,,,NVIDIA A100-SXM4-40GB MIG 4g.20gb (0),1,,13,cupy_copy__float32_float32
11430023108,4288,232733,,,,,,,,,,0.000,0.933,Device,Pageable,NVIDIA A100-SXM4-40GB MIG 4g.20gb (0),1,,7,[CUDA memcpy Device-to-Host]
11430499166,18144,232744,1434,1,1,128,1,1,16,0.000,0.000,,,,,NVIDIA A100-SXM4-40GB MIG 4g.20gb (0),1,,13,cupy_copy__complex64_complex64
11430863354,16288,232751,103,1,1,128,1,1,16,0.000,0.000,,,,,NVIDIA A100-SXM4-40GB MIG 4g.20gb (0),1,,13,cupy_copy__complex64_complex64
11431192823,4960,232758,35,1,1,128,1,1,16,0.000,0.000,,,,,NVIDIA A100-SXM4-40GB MIG 4g.20gb (0),1,,13,cupy_copy__complex64_complex64
11431359157,7040,232765,1,1,1,1,1,1,18,0.000,0.000,,,,,NVIDIA A100-SXM4-40GB MIG 4g.20gb (0),1,,13,cupy_copy__float32_float32
11431877647,243805,232776,1,1,1,32,32,1,30,0.000,0.000,,,,,NVIDIA A100-SXM4-40GB MIG 4g.20gb (0),1,,13,"void convert_kernel<__half2, float2>(tensor_layout_any, T1 *, tensor_layout_any, const T2 *)"
11432153452,6240,232779,,,,,,,,,,0.094,15015.346,Pinned,Device,NVIDIA A100-SXM4-40GB MIG 4g.20gb (0),1,,13,[CUDA memcpy Host-to-Device]
11432804900,8064,232780,,,,,,,,,,1.547,191792.202,Device,,NVIDIA A100-SXM4-40GB MIG 4g.20gb (0),1,,13,[CUDA memset]
11432820196,3616,232785,,,,,,,,,,0.031,8654.846,Pinned,Device,NVIDIA A100-SXM4-40GB MIG 4g.20gb (0),1,,13,[CUDA memcpy Host-to-Device]
11432826372,13728,232786,,,,,,,,,,0.197,14321.517,Pinned,Device,NVIDIA A100-SXM4-40GB MIG 4g.20gb (0),1,,13,[CUDA memcpy Host-to-Device]
11433267135,32992,232787,273,1,1,8,4,1,39,0.002,0.000,,,,,NVIDIA A100-SXM4-40GB MIG 4g.20gb (0),1,,13,"void channel_eq::eqMmseCoefCompLowMimoKernel<float, float, float, (unsigned int)4, (unsigned int)1, (unsigned int)4>(const channel_eq::_puschRxChEqStatDescr *, channel_eq::_puschRxChEqCoefCompDynDescr)"
11434057750,22304,232788,273,1,1,12,11,1,51,0.002,0.000,,,,,NVIDIA A100-SXM4-40GB MIG 4g.20gb (0),1,,13,"void channel_eq::eqMmseSoftDemapKernel<float, __half, __half, float, (unsigned int)4, (unsigned short)16383>(channel_eq::_puschRxChEqStatDescr *, channel_eq::_puschRxChEqSoftDemapDynDescr)"
11434758030,713560,232789,1,1,1,32,32,1,30,0.000,0.000,,,,,NVIDIA A100-SXM4-40GB MIG 4g.20gb (0),1,,13,"void convert_kernel<float2, __half2>(tensor_layout_any, T1 *, tensor_layout_any, const T2 *)"
11436211742,13471,232801,2253,1,1,128,1,1,16,0.000,0.000,,,,,NVIDIA A100-SXM4-40GB MIG 4g.20gb (0),1,,13,cupy_copy__float16_float16
11436854934,9504,232810,282,1,1,128,1,1,16,0.000,0.000,,,,,NVIDIA A100-SXM4-40GB MIG 4g.20gb (0),1,,13,cupy_copy__complex64_complex64
11437483023,4608,232819,26,1,1,128,1,1,16,0.000,0.000,,,,,NVIDIA A100-SXM4-40GB MIG 4g.20gb (0),1,,13,cupy_copy__float32_float32
11437998857,11808,232828,103,1,1,128,1,1,16,0.000,0.000,,,,,NVIDIA A100-SXM4-40GB MIG 4g.20gb (0),1,,13,cupy_copy__complex64_complex64
11438738945,18240,232844,1434,1,1,128,1,1,16,0.000,0.000,,,,,NVIDIA A100-SXM4-40GB MIG 4g.20gb (0),1,,13,cupy_copy__complex64_complex64
11439214556,256253,232849,1,1,1,32,32,1,30,0.000,0.000,,,,,NVIDIA A100-SXM4-40GB MIG 4g.20gb (0),1,,13,"void convert_kernel<__half2, float2>(tensor_layout_any, T1 *, tensor_layout_any, const T2 *)"
11439505112,6432,232852,,,,,,,,,,0.094,14567.105,Pinned,Device,NVIDIA A100-SXM4-40GB MIG 4g.20gb (0),1,,13,[CUDA memcpy Host-to-Device]
11440155697,613465,232853,,,,,,,,,,456.561,744195.147,Device,,NVIDIA A100-SXM4-40GB MIG 4g.20gb (0),1,,13,[CUDA memset]
11440774986,64255,232858,,,,,,,,,,1.235,19218.199,Pinned,Device,NVIDIA A100-SXM4-40GB MIG 4g.20gb (0),1,,13,[CUDA memcpy Host-to-Device]
11440841705,10208,232859,,,,,,,,,,0.197,19260.113,Pinned,Device,NVIDIA A100-SXM4-40GB MIG 4g.20gb (0),1,,13,[CUDA memcpy Host-to-Device]
11441472546,22880,232860,69,4,1,48,1,1,76,0.002,0.000,,,,,NVIDIA A100-SXM4-40GB MIG 4g.20gb (0),1,,13,"void ch_est::windowedChEstPreNoDftSOfdmKernel<float, __half, float, (unsigned int)2, (unsigned int)1, (unsigned short)4>(ch_est::puschRxChEstStatDescr_t *, ch_est::puschRxChEstDynDescr_t *)"
11441949053,21407,232861,137,2,1,24,2,1,44,0.001,0.001,,,,,NVIDIA A100-SXM4-40GB MIG 4g.20gb (0),1,,13,"void ch_est::chEstFilterNoDftSOfdmDispatchKernel<float, __half, float, (unsigned int)2>(ch_est::puschRxChEstStatDescr_t *, ch_est::puschRxChEstDynDescr_t *)"
11442732980,30271,232862,137,2,1,24,2,1,44,0.001,0.001,,,,,NVIDIA A100-SXM4-40GB MIG 4g.20gb (0),1,,13,"void ch_est::chEstFilterNoDftSOfdmDispatchKernel<float, __half, float, (unsigned int)2>(ch_est::puschRxChEstStatDescr_t *, ch_est::puschRxChEstDynDescr_t *)"
11443434380,6272,232873,103,1,1,128,1,1,16,0.000,0.000,,,,,NVIDIA A100-SXM4-40GB MIG 4g.20gb (0),1,,13,cupy_copy__complex64_complex64
11444208419,18144,232883,1434,1,1,128,1,1,16,0.000,0.000,,,,,NVIDIA A100-SXM4-40GB MIG 4g.20gb (0),1,,13,cupy_copy__complex64_complex64
11444885531,16256,232890,103,1,1,128,1,1,16,0.000,0.000,,,,,NVIDIA A100-SXM4-40GB MIG 4g.20gb (0),1,,13,cupy_copy__complex64_complex64
11445422933,275613,232897,1,1,1,32,32,1,30,0.000,0.000,,,,,NVIDIA A100-SXM4-40GB MIG 4g.20gb (0),1,,13,"void convert_kernel<__half2, float2>(tensor_layout_any, T1 *, tensor_layout_any, const T2 *)"
11445729970,5632,232900,,,,,,,,,,0.094,16636.287,Pinned,Device,NVIDIA A100-SXM4-40GB MIG 4g.20gb (0),1,,13,[CUDA memcpy Host-to-Device]
11446338155,48639,232901,,,,,,,,,,35.810,736216.145,Device,,NVIDIA A100-SXM4-40GB MIG 4g.20gb (0),1,,13,[CUDA memset]
11446394634,2464,232903,,,,,,,,,,0.000,32.468,Pinned,Device,NVIDIA A100-SXM4-40GB MIG 4g.20gb (0),1,,13,[CUDA memcpy Host-to-Device]
11446402698,9440,232904,,,,,,,,,,0.197,20827.079,Pinned,Device,NVIDIA A100-SXM4-40GB MIG 4g.20gb (0),1,,13,[CUDA memcpy Host-to-Device]
11447096834,28896,232905,273,1,1,48,1,1,40,0.000,0.001,,,,,NVIDIA A100-SXM4-40GB MIG 4g.20gb (0),1,,13,"void pusch_noise_intf_est::noiseIntfEstNoDftSOfdmKernel<float, __half, float, float, (unsigned int)2, (unsigned int)1, (unsigned char)4, (unsigned char)4>(pusch_noise_intf_est::puschRxNoiseIntfEstDynDescr)"
11447733691,9952,232916,35,1,1,128,1,1,16,0.000,0.000,,,,,NVIDIA A100-SXM4-40GB MIG 4g.20gb (0),1,,13,cupy_copy__complex64_complex64
11448385044,7455,232925,1,1,1,1,1,1,18,0.000,0.000,,,,,NVIDIA A100-SXM4-40GB MIG 4g.20gb (0),1,,13,cupy_copy__float32_float32
11448396499,1600,232931,,,,,,,,,,0.000,2.500,Device,Pageable,NVIDIA A100-SXM4-40GB MIG 4g.20gb (0),1,,7,[CUDA memcpy Device-to-Host]
11449138155,18752,232942,1434,1,1,128,1,1,16,0.000,0.000,,,,,NVIDIA A100-SXM4-40GB MIG 4g.20gb (0),1,,13,cupy_copy__complex64_complex64
11449803299,17408,232949,103,1,1,128,1,1,16,0.000,0.000,,,,,NVIDIA A100-SXM4-40GB MIG 4g.20gb (0),1,,13,cupy_copy__complex64_complex64
11450397373,6496,232956,35,1,1,128,1,1,16,0.000,0.000,,,,,NVIDIA A100-SXM4-40GB MIG 4g.20gb (0),1,,13,cupy_copy__complex64_complex64
11450886423,3424,232963,1,1,1,1,1,1,18,0.000,0.000,,,,,NVIDIA A100-SXM4-40GB MIG 4g.20gb (0),1,,13,cupy_copy__float32_float32
11451417297,250077,232974,1,1,1,32,32,1,30,0.000,0.000,,,,,NVIDIA A100-SXM4-40GB MIG 4g.20gb (0),1,,13,"void convert_kernel<__half2, float2>(tensor_layout_any, T1 *, tensor_layout_any, const T2 *)"
11451697390,5600,232977,,,,,,,,,,0.094,16731.388,Pinned,Device,NVIDIA A100-SXM4-40GB MIG 4g.20gb (0),1,,13,[CUDA memcpy Host-to-Device]
11452353895,7423,232978,,,,,,,,,,1.547,208354.999,Device,,NVIDIA A100-SXM4-40GB MIG 4g.20gb (0),1,,13,[CUDA memset]
11452379814,6400,232983,,,,,,,,,,0.031,4890.000,Pinned,Device,NVIDIA A100-SXM4-40GB MIG 4g.20gb (0),1,,13,[CUDA memcpy Host-to-Device]
11452391558,10816,232984,,,,,,,,,,0.197,18177.393,Pinned,Device,NVIDIA A100-SXM4-40GB MIG 4g.20gb (0),1,,13,[CUDA memcpy Host-to-Device]
11453071678,27424,232985,273,1,1,8,4,1,39,0.002,0.000,,,,,NVIDIA A100-SXM4-40GB MIG 4g.20gb (0),1,,13,"void channel_eq::eqMmseCoefCompLowMimoKernel<float, float, float, (unsigned int)4, (unsigned int)1, (unsigned int)4>(const channel_eq::_puschRxChEqStatDescr *, channel_eq::_puschRxChEqCoefCompDynDescr)"
11453547321,10464,232986,273,1,1,12,11,1,51,0.002,0.000,,,,,NVIDIA A100-SXM4-40GB MIG 4g.20gb (0),1,,13,"void channel_eq::eqMmseSoftDemapKernel<float, __half, __half, float, (unsigned int)4, (unsigned short)16383>(channel_eq::_puschRxChEqStatDescr *, channel_eq::_puschRxChEqSoftDemapDynDescr)"
11454201906,691320,232987,1,1,1,32,32,1,30,0.000,0.000,,,,,NVIDIA A100-SXM4-40GB MIG 4g.20gb (0),1,,13,"void convert_kernel<float2, __half2>(tensor_layout_any, T1 *, tensor_layout_any, const T2 *)"
11455576226,13728,232999,2253,1,1,128,1,1,16,0.000,0.000,,,,,NVIDIA A100-SXM4-40GB MIG 4g.20gb (0),1,,13,cupy_copy__float16_float16
11456335641,5024,233008,282,1,1,128,1,1,16,0.000,0.000,,,,,NVIDIA A100-SXM4-40GB MIG 4g.20gb (0),1,,13,cupy_copy__complex64_complex64
11457039153,3872,233017,26,1,1,128,1,1,16,0.000,0.000,,,,,NVIDIA A100-SXM4-40GB MIG 4g.20gb (0),1,,13,cupy_copy__float32_float32
11457730378,17119,233026,103,1,1,128,1,1,16,0.000,0.000,,,,,NVIDIA A100-SXM4-40GB MIG 4g.20gb (0),1,,13,cupy_copy__complex64_complex64
11458369794,21536,233036,1434,1,1,128,1,1,16,0.000,0.000,,,,,NVIDIA A100-SXM4-40GB MIG 4g.20gb (0),1,,13,cupy_copy__complex64_complex64
11458873181,224669,233041,1,1,1,32,32,1,30,0.000,0.000,,,,,NVIDIA A100-SXM4-40GB MIG 4g.20gb (0),1,,13,"void convert_kernel<__half2, float2>(tensor_layout_any, T1 *, tensor_layout_any, const T2 *)"
11459131866,9472,233044,,,,,,,,,,0.094,9891.862,Pinned,Device,NVIDIA A100-SXM4-40GB MIG 4g.20gb (0),1,,13,[CUDA memcpy Host-to-Device]
11459640660,615417,233045,,,,,,,,,,456.561,741455.779,Device,,NVIDIA A100-SXM4-40GB MIG 4g.20gb (0),1,,13,[CUDA memset]
11460260429,65279,233050,,,,,,,,,,1.235,18916.872,Pinned,Device,NVIDIA A100-SXM4-40GB MIG 4g.20gb (0),1,,13,[CUDA memcpy Host-to-Device]
11460328236,9760,233051,,,,,,,,,,0.197,20144.259,Pinned,Device,NVIDIA A100-SXM4-40GB MIG 4g.20gb (0),1,,13,[CUDA memcpy Host-to-Device]
11461023684,23808,233052,69,4,1,48,1,1,76,0.002,0.000,,,,,NVIDIA A100-SXM4-40GB MIG 4g.20gb (0),1,,13,"void ch_est::windowedChEstPreNoDftSOfdmKernel<float, __half, float, (unsigned int)2, (unsigned int)1, (unsigned short)4>(ch_est::puschRxChEstStatDescr_t *, ch_est::puschRxChEstDynDescr_t *)"
11461547358,25856,233053,137,2,1,24,2,1,44,0.001,0.001,,,,,NVIDIA A100-SXM4-40GB MIG 4g.20gb (0),1,,13,"void ch_est::chEstFilterNoDftSOfdmDispatchKernel<float, __half, float, (unsigned int)2>(ch_est::puschRxChEstStatDescr_t *, ch_est::puschRxChEstDynDescr_t *)"
11462261942,23200,233054,137,2,1,24,2,1,44,0.001,0.001,,,,,NVIDIA A100-SXM4-40GB MIG 4g.20gb (0),1,,13,"void ch_est::chEstFilterNoDftSOfdmDispatchKernel<float, __half, float, (unsigned int)2>(ch_est::puschRxChEstStatDescr_t *, ch_est::puschRxChEstDynDescr_t *)"
11462953326,4736,233065,103,1,1,128,1,1,16,0.000,0.000,,,,,NVIDIA A100-SXM4-40GB MIG 4g.20gb (0),1,,13,cupy_copy__complex64_complex64
11463594439,24608,233075,1434,1,1,128,1,1,16,0.000,0.000,,,,,NVIDIA A100-SXM4-40GB MIG 4g.20gb (0),1,,13,cupy_copy__complex64_complex64
11464179680,6560,233082,103,1,1,128,1,1,16,0.000,0.000,,,,,NVIDIA A100-SXM4-40GB MIG 4g.20gb (0),1,,13,cupy_copy__complex64_complex64
11464649819,238909,233089,1,1,1,32,32,1,30,0.000,0.000,,,,,NVIDIA A100-SXM4-40GB MIG 4g.20gb (0),1,,13,"void convert_kernel<__half2, float2>(tensor_layout_any, T1 *, tensor_layout_any, const T2 *)"
11464920056,7488,233092,,,,,,,,,,0.094,12512.820,Pinned,Device,NVIDIA A100-SXM4-40GB MIG 4g.20gb (0),1,,13,[CUDA memcpy Host-to-Device]
11465344787,58752,233093,,,,,,,,,,35.810,609484.838,Device,,NVIDIA A100-SXM4-40GB MIG 4g.20gb (0),1,,13,[CUDA memset]
11465409042,2176,233095,,,,,,,,,,0.000,36.765,Pinned,Device,NVIDIA A100-SXM4-40GB MIG 4g.20gb (0),1,,13,[CUDA memcpy Host-to-Device]
11465418226,12512,233096,,,,,,,,,,0.197,15713.501,Pinned,Device,NVIDIA A100-SXM4-40GB MIG 4g.20gb (0),1,,13,[CUDA memcpy Host-to-Device]
11466103211,25311,233097,273,1,1,48,1,1,40,0.000,0.001,,,,,NVIDIA A100-SXM4-40GB MIG 4g.20gb (0),1,,13,"void pusch_noise_intf_est::noiseIntfEstNoDftSOfdmKernel<float, __half, float, float, (unsigned int)2, (unsigned int)1, (unsigned char)4, (unsigned char)4>(pusch_noise_intf_est::puschRxNoiseIntfEstDynDescr)"
11466544998,8959,233108,35,1,1,128,1,1,16,0.000,0.000,,,,,NVIDIA A100-SXM4-40GB MIG 4g.20gb (0),1,,13,cupy_copy__complex64_complex64
11467148511,4832,233117,1,1,1,1,1,1,18,0.000,0.000,,,,,NVIDIA A100-SXM4-40GB MIG 4g.20gb (0),1,,13,cupy_copy__float32_float32
11467157503,1856,233123,,,,,,,,,,0.000,2.155,Device,Pageable,NVIDIA A100-SXM4-40GB MIG 4g.20gb (0),1,,7,[CUDA memcpy Device-to-Host]
11467832375,18496,233134,1434,1,1,128,1,1,16,0.000,0.000,,,,,NVIDIA A100-SXM4-40GB MIG 4g.20gb (0),1,,13,cupy_copy__complex64_complex64
11468437968,13248,233141,103,1,1,128,1,1,16,0.000,0.000,,,,,NVIDIA A100-SXM4-40GB MIG 4g.20gb (0),1,,13,cupy_copy__complex64_complex64
11468992298,6656,233148,35,1,1,128,1,1,16,0.000,0.000,,,,,NVIDIA A100-SXM4-40GB MIG 4g.20gb (0),1,,13,cupy_copy__complex64_complex64
11469502180,3776,233155,1,1,1,1,1,1,18,0.000,0.000,,,,,NVIDIA A100-SXM4-40GB MIG 4g.20gb (0),1,,13,cupy_copy__float32_float32
11469910751,249726,233166,1,1,1,32,32,1,30,0.000,0.000,,,,,NVIDIA A100-SXM4-40GB MIG 4g.20gb (0),1,,13,"void convert_kernel<__half2, float2>(tensor_layout_any, T1 *, tensor_layout_any, const T2 *)"
11470192604,10336,233169,,,,,,,,,,0.094,9064.994,Pinned,Device,NVIDIA A100-SXM4-40GB MIG 4g.20gb (0),1,,13,[CUDA memcpy Host-to-Device]
11470939412,13536,233170,,,,,,,,,,1.547,114259.941,Device,,NVIDIA A100-SXM4-40GB MIG 4g.20gb (0),1,,13,[CUDA memset]
11470954964,7295,233175,,,,,,,,,,0.031,4290.056,Pinned,Device,NVIDIA A100-SXM4-40GB MIG 4g.20gb (0),1,,13,[CUDA memcpy Host-to-Device]
11470971251,16608,233176,,,,,,,,,,0.197,11837.964,Pinned,Device,NVIDIA A100-SXM4-40GB MIG 4g.20gb (0),1,,13,[CUDA memcpy Host-to-Device]
11471767242,25376,233177,273,1,1,8,4,1,39,0.002,0.000,,,,,NVIDIA A100-SXM4-40GB MIG 4g.20gb (0),1,,13,"void channel_eq::eqMmseCoefCompLowMimoKernel<float, float, float, (unsigned int)4, (unsigned int)1, (unsigned int)4>(const channel_eq::_puschRxChEqStatDescr *, channel_eq::_puschRxChEqCoefCompDynDescr)"
11472232261,29088,233178,273,1,1,12,11,1,51,0.002,0.000,,,,,NVIDIA A100-SXM4-40GB MIG 4g.20gb (0),1,,13,"void channel_eq::eqMmseSoftDemapKernel<float, __half, __half, float, (unsigned int)4, (unsigned short)16383>(channel_eq::_puschRxChEqStatDescr *, channel_eq::_puschRxChEqSoftDemapDynDescr)"
11472978941,672568,233179,1,1,1,32,32,1,30,0.000,0.000,,,,,NVIDIA A100-SXM4-40GB MIG 4g.20gb (0),1,,13,"void convert_kernel<float2, __half2>(tensor_layout_any, T1 *, tensor_layout_any, const T2 *)"
11474384557,24543,233191,2253,1,1,128,1,1,16,0.000,0.000,,,,,NVIDIA A100-SXM4-40GB MIG 4g.20gb (0),1,,13,cupy_copy__float16_float16
11475219459,15392,233200,282,1,1,128,1,1,16,0.000,0.000,,,,,NVIDIA A100-SXM4-40GB MIG 4g.20gb (0),1,,13,cupy_copy__complex64_complex64
11475916667,5120,233209,26,1,1,128,1,1,16,0.000,0.000,,,,,NVIDIA A100-SXM4-40GB MIG 4g.20gb (0),1,,13,cupy_copy__float32_float32
11476522964,13248,233218,103,1,1,128,1,1,16,0.000,0.000,,,,,NVIDIA A100-SXM4-40GB MIG 4g.20gb (0),1,,13,cupy_copy__complex64_complex64
11477096142,17536,233228,1434,1,1,128,1,1,16,0.000,0.000,,,,,NVIDIA A100-SXM4-40GB MIG 4g.20gb (0),1,,13,cupy_copy__complex64_complex64
11477879173,244765,233233,1,1,1,32,32,1,30,0.000,0.000,,,,,NVIDIA A100-SXM4-40GB MIG 4g.20gb (0),1,,13,"void convert_kernel<__half2, float2>(tensor_layout_any, T1 *, tensor_layout_any, const T2 *)"
11478153570,8512,233236,,,,,,,,,,0.094,11007.500,Pinned,Device,NVIDIA A100-SXM4-40GB MIG 4g.20gb (0),1,,13,[CUDA memcpy Host-to-Device]
11478724059,611929,233237,,,,,,,,,,456.561,746021.393,Device,,NVIDIA A100-SXM4-40GB MIG 4g.20gb (0),1,,13,[CUDA memset]
11479337652,56096,233242,,,,,,,,,,1.235,22014.112,Pinned,Device,NVIDIA A100-SXM4-40GB MIG 4g.20gb (0),1,,13,[CUDA memcpy Host-to-Device]
11479396436,12256,233243,,,,,,,,,,0.197,16041.640,Pinned,Device,NVIDIA A100-SXM4-40GB MIG 4g.20gb (0),1,,13,[CUDA memcpy Host-to-Device]
11480173323,22336,233244,69,4,1,48,1,1,76,0.002,0.000,,,,,NVIDIA A100-SXM4-40GB MIG 4g.20gb (0),1,,13,"void ch_est::windowedChEstPreNoDftSOfdmKernel<float, __half, float, (unsigned int)2, (unsigned int)1, (unsigned short)4>(ch_est::puschRxChEstStatDescr_t *, ch_est::puschRxChEstDynDescr_t *)"
11480993122,27487,233245,137,2,1,24,2,1,44,0.001,0.001,,,,,NVIDIA A100-SXM4-40GB MIG 4g.20gb (0),1,,13,"void ch_est::chEstFilterNoDftSOfdmDispatchKernel<float, __half, float, (unsigned int)2>(ch_est::puschRxChEstStatDescr_t *, ch_est::puschRxChEstDynDescr_t *)"
11481716409,26272,233246,137,2,1,24,2,1,44,0.001,0.001,,,,,NVIDIA A100-SXM4-40GB MIG 4g.20gb (0),1,,13,"void ch_est::chEstFilterNoDftSOfdmDispatchKernel<float, __half, float, (unsigned int)2>(ch_est::puschRxChEstStatDescr_t *, ch_est::puschRxChEstDynDescr_t *)"
11482323699,9055,233257,103,1,1,128,1,1,16,0.000,0.000,,,,,NVIDIA A100-SXM4-40GB MIG 4g.20gb (0),1,,13,cupy_copy__complex64_complex64
11482863308,20800,233267,1434,1,1,128,1,1,16,0.000,0.000,,,,,NVIDIA A100-SXM4-40GB MIG 4g.20gb (0),1,,13,cupy_copy__complex64_complex64
11483286056,8704,233274,103,1,1,128,1,1,16,0.000,0.000,,,,,NVIDIA A100-SXM4-40GB MIG 4g.20gb (0),1,,13,cupy_copy__complex64_complex64
11483679459,252061,233281,1,1,1,32,32,1,30,0.000,0.000,,,,,NVIDIA A100-SXM4-40GB MIG 4g.20gb (0),1,,13,"void convert_kernel<__half2, float2>(tensor_layout_any, T1 *, tensor_layout_any, const T2 *)"
11483961984,7392,233284,,,,,,,,,,0.094,12675.289,Pinned,Device,NVIDIA A100-SXM4-40GB MIG 4g.20gb (0),1,,13,[CUDA memcpy Host-to-Device]
11484539545,56288,233285,,,,,,,,,,35.810,636163.229,Device,,NVIDIA A100-SXM4-40GB MIG 4g.20gb (0),1,,13,[CUDA memset]
11484604793,2816,233287,,,,,,,,,,0.000,28.409,Pinned,Device,NVIDIA A100-SXM4-40GB MIG 4g.20gb (0),1,,13,[CUDA memcpy Host-to-Device]
11484613369,15999,233288,,,,,,,,,,0.197,12288.590,Pinned,Device,NVIDIA A100-SXM4-40GB MIG 4g.20gb (0),1,,13,[CUDA memcpy Host-to-Device]
11485250801,27808,233289,273,1,1,48,1,1,40,0.000,0.001,,,,,NVIDIA A100-SXM4-40GB MIG 4g.20gb (0),1,,13,"void pusch_noise_intf_est::noiseIntfEstNoDftSOfdmKernel<float, __half, float, float, (unsigned int)2, (unsigned int)1, (unsigned char)4, (unsigned char)4>(pusch_noise_intf_est::puschRxNoiseIntfEstDynDescr)"
11485699500,8416,233300,35,1,1,128,1,1,16,0.000,0.000,,,,,NVIDIA A100-SXM4-40GB MIG 4g.20gb (0),1,,13,cupy_copy__complex64_complex64
11486299558,7263,233309,1,1,1,1,1,1,18,0.000,0.000,,,,,NVIDIA A100-SXM4-40GB MIG 4g.20gb (0),1,,13,cupy_copy__float32_float32
11486309701,1632,233315,,,,,,,,,,0.000,2.451,Device,Pageable,NVIDIA A100-SXM4-40GB MIG 4g.20gb (0),1,,7,[CUDA memcpy Device-to-Host]
11487044797,21728,233326,1434,1,1,128,1,1,16,0.000,0.000,,,,,NVIDIA A100-SXM4-40GB MIG 4g.20gb (0),1,,13,cupy_copy__complex64_complex64
11487759253,9184,233333,103,1,1,128,1,1,16,0.000,0.000,,,,,NVIDIA A100-SXM4-40GB MIG 4g.20gb (0),1,,13,cupy_copy__complex64_complex64
11488295887,7008,233340,35,1,1,128,1,1,16,0.000,0.000,,,,,NVIDIA A100-SXM4-40GB MIG 4g.20gb (0),1,,13,cupy_copy__complex64_complex64
11488831081,3840,233347,1,1,1,1,1,1,18,0.000,0.000,,,,,NVIDIA A100-SXM4-40GB MIG 4g.20gb (0),1,,13,cupy_copy__float32_float32
11489349539,256637,233358,1,1,1,32,32,1,30,0.000,0.000,,,,,NVIDIA A100-SXM4-40GB MIG 4g.20gb (0),1,,13,"void convert_kernel<__half2, float2>(tensor_layout_any, T1 *, tensor_layout_any, const T2 *)"
11489637440,6016,233361,,,,,,,,,,0.094,15574.430,Pinned,Device,NVIDIA A100-SXM4-40GB MIG 4g.20gb (0),1,,13,[CUDA memcpy Host-to-Device]
11490276920,7904,233362,,,,,,,,,,1.547,195675.775,Device,,NVIDIA A100-SXM4-40GB MIG 4g.20gb (0),1,,13,[CUDA memset]
11490293016,7840,233367,,,,,,,,,,0.031,3991.836,Pinned,Device,NVIDIA A100-SXM4-40GB MIG 4g.20gb (0),1,,13,[CUDA memcpy Host-to-Device]
11490309048,16864,233368,,,,,,,,,,0.197,11658.265,Pinned,Device,NVIDIA A100-SXM4-40GB MIG 4g.20gb (0),1,,13,[CUDA memcpy Host-to-Device]
11491042704,28319,233369,273,1,1,8,4,1,39,0.002,0.000,,,,,NVIDIA A100-SXM4-40GB MIG 4g.20gb (0),1,,13,"void channel_eq::eqMmseCoefCompLowMimoKernel<float, float, float, (unsigned int)4, (unsigned int)1, (unsigned int)4>(const channel_eq::_puschRxChEqStatDescr *, channel_eq::_puschRxChEqCoefCompDynDescr)"
11491557610,20160,233370,273,1,1,12,11,1,51,0.002,0.000,,,,,NVIDIA A100-SXM4-40GB MIG 4g.20gb (0),1,,13,"void channel_eq::eqMmseSoftDemapKernel<float, __half, __half, float, (unsigned int)4, (unsigned short)16383>(channel_eq::_puschRxChEqStatDescr *, channel_eq::_puschRxChEqSoftDemapDynDescr)"
11492321249,672377,233371,1,1,1,32,32,1,30,0.000,0.000,,,,,NVIDIA A100-SXM4-40GB MIG 4g.20gb (0),1,,13,"void convert_kernel<float2, __half2>(tensor_layout_any, T1 *, tensor_layout_any, const T2 *)"
11493723697,12768,233383,2253,1,1,128,1,1,16,0.000,0.000,,,,,NVIDIA A100-SXM4-40GB MIG 4g.20gb (0),1,,13,cupy_copy__float16_float16
11494487881,4288,233392,282,1,1,128,1,1,16,0.000,0.000,,,,,NVIDIA A100-SXM4-40GB MIG 4g.20gb (0),1,,13,cupy_copy__complex64_complex64
11495246208,3328,233401,26,1,1,128,1,1,16,0.000,0.000,,,,,NVIDIA A100-SXM4-40GB MIG 4g.20gb (0),1,,13,cupy_copy__float32_float32
11496008023,4992,233410,103,1,1,128,1,1,16,0.000,0.000,,,,,NVIDIA A100-SXM4-40GB MIG 4g.20gb (0),1,,13,cupy_copy__complex64_complex64
11496871502,18495,233420,1434,1,1,128,1,1,16,0.000,0.000,,,,,NVIDIA A100-SXM4-40GB MIG 4g.20gb (0),1,,13,cupy_copy__complex64_complex64
11497588005,253630,233425,1,1,1,32,32,1,30,0.000,0.000,,,,,NVIDIA A100-SXM4-40GB MIG 4g.20gb (0),1,,13,"void convert_kernel<__half2, float2>(tensor_layout_any, T1 *, tensor_layout_any, const T2 *)"
11497872386,12096,233428,,,,,,,,,,0.094,7745.942,Pinned,Device,NVIDIA A100-SXM4-40GB MIG 4g.20gb (0),1,,13,[CUDA memcpy Host-to-Device]
11498255870,611417,233429,,,,,,,,,,456.561,746477.954,Device,,NVIDIA A100-SXM4-40GB MIG 4g.20gb (0),1,,13,[CUDA memset]
11498874871,56415,233434,,,,,,,,,,1.235,21889.382,Pinned,Device,NVIDIA A100-SXM4-40GB MIG 4g.20gb (0),1,,13,[CUDA memcpy Host-to-Device]
11498933718,9440,233435,,,,,,,,,,0.197,20827.079,Pinned,Device,NVIDIA A100-SXM4-40GB MIG 4g.20gb (0),1,,13,[CUDA memcpy Host-to-Device]
11499605455,20223,233436,69,4,1,48,1,1,76,0.002,0.000,,,,,NVIDIA A100-SXM4-40GB MIG 4g.20gb (0),1,,13,"void ch_est::windowedChEstPreNoDftSOfdmKernel<float, __half, float, (unsigned int)2, (unsigned int)1, (unsigned short)4>(ch_est::puschRxChEstStatDescr_t *, ch_est::puschRxChEstDynDescr_t *)"
11500242823,29024,233437,137,2,1,24,2,1,44,0.001,0.001,,,,,NVIDIA A100-SXM4-40GB MIG 4g.20gb (0),1,,13,"void ch_est::chEstFilterNoDftSOfdmDispatchKernel<float, __half, float, (unsigned int)2>(ch_est::puschRxChEstStatDescr_t *, ch_est::puschRxChEstDynDescr_t *)"
11500958271,29568,233438,137,2,1,24,2,1,44,0.001,0.001,,,,,NVIDIA A100-SXM4-40GB MIG 4g.20gb (0),1,,13,"void ch_est::chEstFilterNoDftSOfdmDispatchKernel<float, __half, float, (unsigned int)2>(ch_est::puschRxChEstStatDescr_t *, ch_est::puschRxChEstDynDescr_t *)"
11501548729,16223,233449,103,1,1,128,1,1,16,0.000,0.000,,,,,NVIDIA A100-SXM4-40GB MIG 4g.20gb (0),1,,13,cupy_copy__complex64_complex64
11502154066,20671,233459,1434,1,1,128,1,1,16,0.000,0.000,,,,,NVIDIA A100-SXM4-40GB MIG 4g.20gb (0),1,,13,cupy_copy__complex64_complex64
11502583085,10528,233466,103,1,1,128,1,1,16,0.000,0.000,,,,,NVIDIA A100-SXM4-40GB MIG 4g.20gb (0),1,,13,cupy_copy__complex64_complex64
11503069511,248445,233473,1,1,1,32,32,1,30,0.000,0.000,,,,,NVIDIA A100-SXM4-40GB MIG 4g.20gb (0),1,,13,"void convert_kernel<__half2, float2>(tensor_layout_any, T1 *, tensor_layout_any, const T2 *)"
11503348548,5600,233476,,,,,,,,,,0.094,16731.388,Pinned,Device,NVIDIA A100-SXM4-40GB MIG 4g.20gb (0),1,,13,[CUDA memcpy Host-to-Device]
11504079004,57215,233477,,,,,,,,,,35.810,625849.972,Device,,NVIDIA A100-SXM4-40GB MIG 4g.20gb (0),1,,13,[CUDA memset]
11504142651,2592,233479,,,,,,,,,,0.000,30.864,Pinned,Device,NVIDIA A100-SXM4-40GB MIG 4g.20gb (0),1,,13,[CUDA memcpy Host-to-Device]
11504151803,13376,233480,,,,,,,,,,0.197,14698.414,Pinned,Device,NVIDIA A100-SXM4-40GB MIG 4g.20gb (0),1,,13,[CUDA memcpy Host-to-Device]
11504876659,28191,233481,273,1,1,48,1,1,40,0.000,0.001,,,,,NVIDIA A100-SXM4-40GB MIG 4g.20gb (0),1,,13,"void pusch_noise_intf_est::noiseIntfEstNoDftSOfdmKernel<float, __half, float, float, (unsigned int)2, (unsigned int)1, (unsigned char)4, (unsigned char)4>(pusch_noise_intf_est::puschRxNoiseIntfEstDynDescr)"
11505440012,7328,233492,35,1,1,128,1,1,16,0.000,0.000,,,,,NVIDIA A100-SXM4-40GB MIG 4g.20gb (0),1,,13,cupy_copy__complex64_complex64
11506131269,3616,233501,1,1,1,1,1,1,18,0.000,0.000,,,,,NVIDIA A100-SXM4-40GB MIG 4g.20gb (0),1,,13,cupy_copy__float32_float32
11506142308,7584,233507,,,,,,,,,,0.000,0.527,Device,Pageable,NVIDIA A100-SXM4-40GB MIG 4g.20gb (0),1,,7,[CUDA memcpy Device-to-Host]
11506954555,19872,233518,1434,1,1,128,1,1,16,0.000,0.000,,,,,NVIDIA A100-SXM4-40GB MIG 4g.20gb (0),1,,13,cupy_copy__complex64_complex64
11507640819,4544,233525,103,1,1,128,1,1,16,0.000,0.000,,,,,NVIDIA A100-SXM4-40GB MIG 4g.20gb (0),1,,13,cupy_copy__complex64_complex64
11508336076,16351,233532,35,1,1,128,1,1,16,0.000,0.000,,,,,NVIDIA A100-SXM4-40GB MIG 4g.20gb (0),1,,13,cupy_copy__complex64_complex64
11509005092,4288,233539,1,1,1,1,1,1,18,0.000,0.000,,,,,NVIDIA A100-SXM4-40GB MIG 4g.20gb (0),1,,13,cupy_copy__float32_float32
11509567134,244093,233550,1,1,1,32,32,1,30,0.000,0.000,,,,,NVIDIA A100-SXM4-40GB MIG 4g.20gb (0),1,,13,"void convert_kernel<__half2, float2>(tensor_layout_any, T1 *, tensor_layout_any, const T2 *)"
11509841114,8224,233553,,,,,,,,,,0.094,11392.965,Pinned,Device,NVIDIA A100-SXM4-40GB MIG 4g.20gb (0),1,,13,[CUDA memcpy Host-to-Device]
11510345077,8096,233554,,,,,,,,,,1.547,191034.357,Device,,NVIDIA A100-SXM4-40GB MIG 4g.20gb (0),1,,13,[CUDA memset]
11510357749,4672,233559,,,,,,,,,,0.031,6698.627,Pinned,Device,NVIDIA A100-SXM4-40GB MIG 4g.20gb (0),1,,13,[CUDA memcpy Host-to-Device]
11510369940,15264,233560,,,,,,,,,,0.197,12880.380,Pinned,Device,NVIDIA A100-SXM4-40GB MIG 4g.20gb (0),1,,13,[CUDA memcpy Host-to-Device]
11510807408,23391,233561,273,1,1,8,4,1,39,0.002,0.000,,,,,NVIDIA A100-SXM4-40GB MIG 4g.20gb (0),1,,13,"void channel_eq::eqMmseCoefCompLowMimoKernel<float, float, float, (unsigned int)4, (unsigned int)1, (unsigned int)4>(const channel_eq::_puschRxChEqStatDescr *, channel_eq::_puschRxChEqCoefCompDynDescr)"
11511548871,17440,233562,273,1,1,12,11,1,51,0.002,0.000,,,,,NVIDIA A100-SXM4-40GB MIG 4g.20gb (0),1,,13,"void channel_eq::eqMmseSoftDemapKernel<float, __half, __half, float, (unsigned int)4, (unsigned short)16383>(channel_eq::_puschRxChEqStatDescr *, channel_eq::_puschRxChEqSoftDemapDynDescr)"
11512217792,662168,233563,1,1,1,32,32,1,30,0.000,0.000,,,,,NVIDIA A100-SXM4-40GB MIG 4g.20gb (0),1,,13,"void convert_kernel<float2, __half2>(tensor_layout_any, T1 *, tensor_layout_any, const T2 *)"
11513551728,23008,233575,2253,1,1,128,1,1,16,0.000,0.000,,,,,NVIDIA A100-SXM4-40GB MIG 4g.20gb (0),1,,13,cupy_copy__float16_float16
11514197193,7232,233584,282,1,1,128,1,1,16,0.000,0.000,,,,,NVIDIA A100-SXM4-40GB MIG 4g.20gb (0),1,,13,cupy_copy__complex64_complex64
11514676036,5472,233593,26,1,1,128,1,1,16,0.000,0.000,,,,,NVIDIA A100-SXM4-40GB MIG 4g.20gb (0),1,,13,cupy_copy__float32_float32
11515129438,9056,233602,103,1,1,128,1,1,16,0.000,0.000,,,,,NVIDIA A100-SXM4-40GB MIG 4g.20gb (0),1,,13,cupy_copy__complex64_complex64
11515761975,21472,233612,1434,1,1,128,1,1,16,0.000,0.000,,,,,NVIDIA A100-SXM4-40GB MIG 4g.20gb (0),1,,13,cupy_copy__complex64_complex64
11516336433,248797,233617,1,1,1,32,32,1,30,0.000,0.000,,,,,NVIDIA A100-SXM4-40GB MIG 4g.20gb (0),1,,13,"void convert_kernel<__half2, float2>(tensor_layout_any, T1 *, tensor_layout_any, const T2 *)"
11516616814,5440,233620,,,,,,,,,,0.094,17223.480,Pinned,Device,NVIDIA A100-SXM4-40GB MIG 4g.20gb (0),1,,13,[CUDA memcpy Host-to-Device]
11517185735,611257,233621,,,,,,,,,,456.561,746477.954,Device,,NVIDIA A100-SXM4-40GB MIG 4g.20gb (0),1,,13,[CUDA memset]
11517805536,53440,233626,,,,,,,,,,1.235,23108.272,Pinned,Device,NVIDIA A100-SXM4-40GB MIG 4g.20gb (0),1,,13,[CUDA memcpy Host-to-Device]
11517861439,9888,233627,,,,,,,,,,0.197,19883.360,Pinned,Device,NVIDIA A100-SXM4-40GB MIG 4g.20gb (0),1,,13,[CUDA memcpy Host-to-Device]
11518490360,18656,233628,69,4,1,48,1,1,76,0.002,0.000,,,,,NVIDIA A100-SXM4-40GB MIG 4g.20gb (0),1,,13,"void ch_est::windowedChEstPreNoDftSOfdmKernel<float, __half, float, (unsigned int)2, (unsigned int)1, (unsigned short)4>(ch_est::puschRxChEstStatDescr_t *, ch_est::puschRxChEstDynDescr_t *)"
11519142993,16544,233629,137,2,1,24,2,1,44,0.001,0.001,,,,,NVIDIA A100-SXM4-40GB MIG 4g.20gb (0),1,,13,"void ch_est::chEstFilterNoDftSOfdmDispatchKernel<float, __half, float, (unsigned int)2>(ch_est::puschRxChEstStatDescr_t *, ch_est::puschRxChEstDynDescr_t *)"
11519833033,17632,233630,137,2,1,24,2,1,44,0.001,0.001,,,,,NVIDIA A100-SXM4-40GB MIG 4g.20gb (0),1,,13,"void ch_est::chEstFilterNoDftSOfdmDispatchKernel<float, __half, float, (unsigned int)2>(ch_est::puschRxChEstStatDescr_t *, ch_est::puschRxChEstDynDescr_t *)"
11520532705,5216,233641,103,1,1,128,1,1,16,0.000,0.000,,,,,NVIDIA A100-SXM4-40GB MIG 4g.20gb (0),1,,13,cupy_copy__complex64_complex64
11521286425,23103,233651,1434,1,1,128,1,1,16,0.000,0.000,,,,,NVIDIA A100-SXM4-40GB MIG 4g.20gb (0),1,,13,cupy_copy__complex64_complex64
11521863794,5696,233658,103,1,1,128,1,1,16,0.000,0.000,,,,,NVIDIA A100-SXM4-40GB MIG 4g.20gb (0),1,,13,cupy_copy__complex64_complex64
11522439084,239581,233665,1,1,1,32,32,1,30,0.000,0.000,,,,,NVIDIA A100-SXM4-40GB MIG 4g.20gb (0),1,,13,"void convert_kernel<__half2, float2>(tensor_layout_any, T1 *, tensor_layout_any, const T2 *)"
11522709321,5471,233668,,,,,,,,,,0.094,17125.849,Pinned,Device,NVIDIA A100-SXM4-40GB MIG 4g.20gb (0),1,,13,[CUDA memcpy Host-to-Device]
11523241026,57696,233669,,,,,,,,,,35.810,620657.533,Device,,NVIDIA A100-SXM4-40GB MIG 4g.20gb (0),1,,13,[CUDA memset]
11523305218,5920,233671,,,,,,,,,,0.000,13.513,Pinned,Device,NVIDIA A100-SXM4-40GB MIG 4g.20gb (0),1,,13,[CUDA memcpy Host-to-Device]
11523317986,16223,233672,,,,,,,,,,0.197,12118.917,Pinned,Device,NVIDIA A100-SXM4-40GB MIG 4g.20gb (0),1,,13,[CUDA memcpy Host-to-Device]
11523994458,28928,233673,273,1,1,48,1,1,40,0.000,0.001,,,,,NVIDIA A100-SXM4-40GB MIG 4g.20gb (0),1,,13,"void pusch_noise_intf_est::noiseIntfEstNoDftSOfdmKernel<float, __half, float, float, (unsigned int)2, (unsigned int)1, (unsigned char)4, (unsigned char)4>(pusch_noise_intf_est::puschRxNoiseIntfEstDynDescr)"
11524564339,9536,233684,35,1,1,128,1,1,16,0.000,0.000,,,,,NVIDIA A100-SXM4-40GB MIG 4g.20gb (0),1,,13,cupy_copy__complex64_complex64
11525287787,3520,233693,1,1,1,1,1,1,18,0.000,0.000,,,,,NVIDIA A100-SXM4-40GB MIG 4g.20gb (0),1,,13,cupy_copy__float32_float32
11525298027,2624,233699,,,,,,,,,,0.000,1.524,Device,Pageable,NVIDIA A100-SXM4-40GB MIG 4g.20gb (0),1,,7,[CUDA memcpy Device-to-Host]
11526082722,18720,233710,1434,1,1,128,1,1,16,0.000,0.000,,,,,NVIDIA A100-SXM4-40GB MIG 4g.20gb (0),1,,13,cupy_copy__complex64_complex64
11526818906,4704,233717,103,1,1,128,1,1,16,0.000,0.000,,,,,NVIDIA A100-SXM4-40GB MIG 4g.20gb (0),1,,13,cupy_copy__complex64_complex64
11527446195,12416,233724,35,1,1,128,1,1,16,0.000,0.000,,,,,NVIDIA A100-SXM4-40GB MIG 4g.20gb (0),1,,13,cupy_copy__complex64_complex64
11528099019,4256,233731,1,1,1,1,1,1,18,0.000,0.000,,,,,NVIDIA A100-SXM4-40GB MIG 4g.20gb (0),1,,13,cupy_copy__float32_float32
11528711588,244510,233742,1,1,1,32,32,1,30,0.000,0.000,,,,,NVIDIA A100-SXM4-40GB MIG 4g.20gb (0),1,,13,"void convert_kernel<__half2, float2>(tensor_layout_any, T1 *, tensor_layout_any, const T2 *)"
11528987649,5600,233745,,,,,,,,,,0.094,16731.388,Pinned,Device,NVIDIA A100-SXM4-40GB MIG 4g.20gb (0),1,,13,[CUDA memcpy Host-to-Device]
11529469948,6656,233746,,,,,,,,,,1.547,232364.790,Device,,NVIDIA A100-SXM4-40GB MIG 4g.20gb (0),1,,13,[CUDA memset]
11529483228,3168,233751,,,,,,,,,,0.031,9878.770,Pinned,Device,NVIDIA A100-SXM4-40GB MIG 4g.20gb (0),1,,13,[CUDA memcpy Host-to-Device]
11529492380,13471,233752,,,,,,,,,,0.197,14594.802,Pinned,Device,NVIDIA A100-SXM4-40GB MIG 4g.20gb (0),1,,13,[CUDA memcpy Host-to-Device]
11530085461,36543,233753,273,1,1,8,4,1,39,0.002,0.000,,,,,NVIDIA A100-SXM4-40GB MIG 4g.20gb (0),1,,13,"void channel_eq::eqMmseCoefCompLowMimoKernel<float, float, float, (unsigned int)4, (unsigned int)1, (unsigned int)4>(const channel_eq::_puschRxChEqStatDescr *, channel_eq::_puschRxChEqCoefCompDynDescr)"
11530865868,21664,233754,273,1,1,12,11,1,51,0.002,0.000,,,,,NVIDIA A100-SXM4-40GB MIG 4g.20gb (0),1,,13,"void channel_eq::eqMmseSoftDemapKernel<float, __half, __half, float, (unsigned int)4, (unsigned short)16383>(channel_eq::_puschRxChEqStatDescr *, channel_eq::_puschRxChEqSoftDemapDynDescr)"
11531635715,690616,233755,1,1,1,32,32,1,30,0.000,0.000,,,,,NVIDIA A100-SXM4-40GB MIG 4g.20gb (0),1,,13,"void convert_kernel<float2, __half2>(tensor_layout_any, T1 *, tensor_layout_any, const T2 *)"
11532888085,16576,233767,2253,1,1,128,1,1,16,0.000,0.000,,,,,NVIDIA A100-SXM4-40GB MIG 4g.20gb (0),1,,13,cupy_copy__float16_float16
11533502382,11680,233776,282,1,1,128,1,1,16,0.000,0.000,,,,,NVIDIA A100-SXM4-40GB MIG 4g.20gb (0),1,,13,cupy_copy__complex64_complex64
11534062312,5632,233785,26,1,1,128,1,1,16,0.000,0.000,,,,,NVIDIA A100-SXM4-40GB MIG 4g.20gb (0),1,,13,cupy_copy__float32_float32
11534470947,10880,233794,103,1,1,128,1,1,16,0.000,0.000,,,,,NVIDIA A100-SXM4-40GB MIG 4g.20gb (0),1,,13,cupy_copy__complex64_complex64
11534656449,15680,233804,1434,1,1,128,1,1,16,0.000,0.000,,,,,NVIDIA A100-SXM4-40GB MIG 4g.20gb (0),1,,13,cupy_copy__complex64_complex64
11534993149,266333,233809,1,1,1,32,32,1,30,0.000,0.000,,,,,NVIDIA A100-SXM4-40GB MIG 4g.20gb (0),1,,13,"void convert_kernel<__half2, float2>(tensor_layout_any, T1 *, tensor_layout_any, const T2 *)"
11535290234,5408,233812,,,,,,,,,,0.094,17325.421,Pinned,Device,NVIDIA A100-SXM4-40GB MIG 4g.20gb (0),1,,13,[CUDA memcpy Host-to-Device]
11535360025,605881,233813,,,,,,,,,,456.561,753326.376,Device,,NVIDIA A100-SXM4-40GB MIG 4g.20gb (0),1,,13,[CUDA memset]
11535972082,50048,233818,,,,,,,,,,1.235,24674.181,Pinned,Device,NVIDIA A100-SXM4-40GB MIG 4g.20gb (0),1,,13,[CUDA memcpy Host-to-Device]
11536024817,9440,233819,,,,,,,,,,0.197,20827.079,Pinned,Device,NVIDIA A100-SXM4-40GB MIG 4g.20gb (0),1,,13,[CUDA memcpy Host-to-Device]
11536338414,27136,233820,69,4,1,48,1,1,76,0.002,0.000,,,,,NVIDIA A100-SXM4-40GB MIG 4g.20gb (0),1,,13,"void ch_est::windowedChEstPreNoDftSOfdmKernel<float, __half, float, (unsigned int)2, (unsigned int)1, (unsigned short)4>(ch_est::puschRxChEstStatDescr_t *, ch_est::puschRxChEstDynDescr_t *)"
11536687978,9984,233821,137,2,1,24,2,1,44,0.001,0.001,,,,,NVIDIA A100-SXM4-40GB MIG 4g.20gb (0),1,,13,"void ch_est::chEstFilterNoDftSOfdmDispatchKernel<float, __half, float, (unsigned int)2>(ch_est::puschRxChEstStatDescr_t *, ch_est::puschRxChEstDynDescr_t *)"
11537088133,43488,233822,137,2,1,24,2,1,44,0.001,0.001,,,,,NVIDIA A100-SXM4-40GB MIG 4g.20gb (0),1,,13,"void ch_est::chEstFilterNoDftSOfdmDispatchKernel<float, __half, float, (unsigned int)2>(ch_est::puschRxChEstStatDescr_t *, ch_est::puschRxChEstDynDescr_t *)"
11537468801,6208,233833,103,1,1,128,1,1,16,0.000,0.000,,,,,NVIDIA A100-SXM4-40GB MIG 4g.20gb (0),1,,13,cupy_copy__complex64_complex64
11537849757,19488,233843,1434,1,1,128,1,1,16,0.000,0.000,,,,,NVIDIA A100-SXM4-40GB MIG 4g.20gb (0),1,,13,cupy_copy__complex64_complex64
11537930140,18112,233850,103,1,1,128,1,1,16,0.000,0.000,,,,,NVIDIA A100-SXM4-40GB MIG 4g.20gb (0),1,,13,cupy_copy__complex64_complex64
11538350199,254749,233857,1,1,1,32,32,1,30,0.000,0.000,,,,,NVIDIA A100-SXM4-40GB MIG 4g.20gb (0),1,,13,"void convert_kernel<__half2, float2>(tensor_layout_any, T1 *, tensor_layout_any, const T2 *)"
11538636820,12448,233860,,,,,,,,,,0.094,7526.974,Pinned,Device,NVIDIA A100-SXM4-40GB MIG 4g.20gb (0),1,,13,[CUDA memcpy Host-to-Device]
11539042127,57920,233861,,,,,,,,,,35.810,618258.269,Device,,NVIDIA A100-SXM4-40GB MIG 4g.20gb (0),1,,13,[CUDA memset]
11539105871,2591,233863,,,,,,,,,,0.000,30.876,Pinned,Device,NVIDIA A100-SXM4-40GB MIG 4g.20gb (0),1,,13,[CUDA memcpy Host-to-Device]
11539115022,12192,233864,,,,,,,,,,0.197,16125.788,Pinned,Device,NVIDIA A100-SXM4-40GB MIG 4g.20gb (0),1,,13,[CUDA memcpy Host-to-Device]
11539477962,26656,233865,273,1,1,48,1,1,40,0.000,0.001,,,,,NVIDIA A100-SXM4-40GB MIG 4g.20gb (0),1,,13,"void pusch_noise_intf_est::noiseIntfEstNoDftSOfdmKernel<float, __half, float, float, (unsigned int)2, (unsigned int)1, (unsigned char)4, (unsigned char)4>(pusch_noise_intf_est::puschRxNoiseIntfEstDynDescr)"
11539793063,3936,233876,35,1,1,128,1,1,16,0.000,0.000,,,,,NVIDIA A100-SXM4-40GB MIG 4g.20gb (0),1,,13,cupy_copy__complex64_complex64
11540277153,11296,233885,1,1,1,1,1,1,18,0.000,0.000,,,,,NVIDIA A100-SXM4-40GB MIG 4g.20gb (0),1,,13,cupy_copy__float32_float32
11540290433,4864,233891,,,,,,,,,,0.000,0.822,Device,Pageable,NVIDIA A100-SXM4-40GB MIG 4g.20gb (0),1,,7,[CUDA memcpy Device-to-Host]
11540780156,37823,233902,1434,1,1,128,1,1,16,0.000,0.000,,,,,NVIDIA A100-SXM4-40GB MIG 4g.20gb (0),1,,13,cupy_copy__complex64_complex64
11541299766,4192,233909,103,1,1,128,1,1,16,0.000,0.000,,,,,NVIDIA A100-SXM4-40GB MIG 4g.20gb (0),1,,13,cupy_copy__complex64_complex64
11541664977,13824,233916,35,1,1,128,1,1,16,0.000,0.000,,,,,NVIDIA A100-SXM4-40GB MIG 4g.20gb (0),1,,13,cupy_copy__complex64_complex64
11541984494,2944,233923,1,1,1,1,1,1,18,0.000,0.000,,,,,NVIDIA A100-SXM4-40GB MIG 4g.20gb (0),1,,13,cupy_copy__float32_float32
11542630247,247965,233934,1,1,1,32,32,1,30,0.000,0.000,,,,,NVIDIA A100-SXM4-40GB MIG 4g.20gb (0),1,,13,"void convert_kernel<__half2, float2>(tensor_layout_any, T1 *, tensor_layout_any, const T2 *)"
11542908003,6016,233937,,,,,,,,,,0.094,15574.430,Pinned,Device,NVIDIA A100-SXM4-40GB MIG 4g.20gb (0),1,,13,[CUDA memcpy Host-to-Device]
11543459293,4448,233938,,,,,,,,,,1.547,347712.008,Device,,NVIDIA A100-SXM4-40GB MIG 4g.20gb (0),1,,13,[CUDA memset]
11543464829,7840,233943,,,,,,,,,,0.031,3991.836,Pinned,Device,NVIDIA A100-SXM4-40GB MIG 4g.20gb (0),1,,13,[CUDA memcpy Host-to-Device]
11543475389,9920,233944,,,,,,,,,,0.197,19819.266,Pinned,Device,NVIDIA A100-SXM4-40GB MIG 4g.20gb (0),1,,13,[CUDA memcpy Host-to-Device]
11544103126,56927,233945,273,1,1,8,4,1,39,0.002,0.000,,,,,NVIDIA A100-SXM4-40GB MIG 4g.20gb (0),1,,13,"void channel_eq::eqMmseCoefCompLowMimoKernel<float, float, float, (unsigned int)4, (unsigned int)1, (unsigned int)4>(const channel_eq::_puschRxChEqStatDescr *, channel_eq::_puschRxChEqCoefCompDynDescr)"
11544942860,39328,233946,273,1,1,12,11,1,51,0.002,0.000,,,,,NVIDIA A100-SXM4-40GB MIG 4g.20gb (0),1,,13,"void channel_eq::eqMmseSoftDemapKernel<float, __half, __half, float, (unsigned int)4, (unsigned short)16383>(channel_eq::_puschRxChEqStatDescr *, channel_eq::_puschRxChEqSoftDemapDynDescr)"
11545661380,723320,233947,1,1,1,32,32,1,30,0.000,0.000,,,,,NVIDIA A100-SXM4-40GB MIG 4g.20gb (0),1,,13,"void convert_kernel<float2, __half2>(tensor_layout_any, T1 *, tensor_layout_any, const T2 *)"
11547024021,19775,233959,2253,1,1,128,1,1,16,0.000,0.000,,,,,NVIDIA A100-SXM4-40GB MIG 4g.20gb (0),1,,13,cupy_copy__float16_float16
11547400656,13248,233968,282,1,1,128,1,1,16,0.000,0.000,,,,,NVIDIA A100-SXM4-40GB MIG 4g.20gb (0),1,,13,cupy_copy__complex64_complex64
11547864523,5120,233977,26,1,1,128,1,1,16,0.000,0.000,,,,,NVIDIA A100-SXM4-40GB MIG 4g.20gb (0),1,,13,cupy_copy__float32_float32
11548448517,4575,233986,103,1,1,128,1,1,16,0.000,0.000,,,,,NVIDIA A100-SXM4-40GB MIG 4g.20gb (0),1,,13,cupy_copy__complex64_complex64
11549036318,22880,233996,1434,1,1,128,1,1,16,0.000,0.000,,,,,NVIDIA A100-SXM4-40GB MIG 4g.20gb (0),1,,13,cupy_copy__complex64_complex64
11549702518,260893,234001,1,1,1,32,32,1,30,0.000,0.000,,,,,NVIDIA A100-SXM4-40GB MIG 4g.20gb (0),1,,13,"void convert_kernel<__half2, float2>(tensor_layout_any, T1 *, tensor_layout_any, const T2 *)"
11550205233,6048,234004,,,,,,,,,,0.094,15491.978,Pinned,Device,NVIDIA A100-SXM4-40GB MIG 4g.20gb (0),1,,13,[CUDA memcpy Host-to-Device]
11550825770,618361,234005,,,,,,,,,,456.561,738259.848,Device,,NVIDIA A100-SXM4-40GB MIG 4g.20gb (0),1,,13,[CUDA memset]
11551450658,53824,234010,,,,,,,,,,1.235,22944.025,Pinned,Device,NVIDIA A100-SXM4-40GB MIG 4g.20gb (0),1,,13,[CUDA memcpy Host-to-Device]
11551507202,9728,234011,,,,,,,,,,0.197,20210.516,Pinned,Device,NVIDIA A100-SXM4-40GB MIG 4g.20gb (0),1,,13,[CUDA memcpy Host-to-Device]
11552239322,11103,234012,69,4,1,48,1,1,76,0.002,0.000,,,,,NVIDIA A100-SXM4-40GB MIG 4g.20gb (0),1,,13,"void ch_est::windowedChEstPreNoDftSOfdmKernel<float, __half, float, (unsigned int)2, (unsigned int)1, (unsigned short)4>(ch_est::puschRxChEstStatDescr_t *, ch_est::puschRxChEstDynDescr_t *)"
11552946450,26143,234013,137,2,1,24,2,1,44,0.001,0.001,,,,,NVIDIA A100-SXM4-40GB MIG 4g.20gb (0),1,,13,"void ch_est::chEstFilterNoDftSOfdmDispatchKernel<float, __half, float, (unsigned int)2>(ch_est::puschRxChEstStatDescr_t *, ch_est::puschRxChEstDynDescr_t *)"
11553483275,10688,234014,137,2,1,24,2,1,44,0.001,0.001,,,,,NVIDIA A100-SXM4-40GB MIG 4g.20gb (0),1,,13,"void ch_est::chEstFilterNoDftSOfdmDispatchKernel<float, __half, float, (unsigned int)2>(ch_est::puschRxChEstStatDescr_t *, ch_est::puschRxChEstDynDescr_t *)"
11554189411,6240,234025,103,1,1,128,1,1,16,0.000,0.000,,,,,NVIDIA A100-SXM4-40GB MIG 4g.20gb (0),1,,13,cupy_copy__complex64_complex64
11554865980,20832,234035,1434,1,1,128,1,1,16,0.000,0.000,,,,,NVIDIA A100-SXM4-40GB MIG 4g.20gb (0),1,,13,cupy_copy__complex64_complex64
11555460117,16864,234042,103,1,1,128,1,1,16,0.000,0.000,,,,,NVIDIA A100-SXM4-40GB MIG 4g.20gb (0),1,,13,cupy_copy__complex64_complex64
11556118798,260061,234049,1,1,1,32,32,1,30,0.000,0.000,,,,,NVIDIA A100-SXM4-40GB MIG 4g.20gb (0),1,,13,"void convert_kernel<__half2, float2>(tensor_layout_any, T1 *, tensor_layout_any, const T2 *)"
11556430858,5632,234052,,,,,,,,,,0.094,16636.287,Pinned,Device,NVIDIA A100-SXM4-40GB MIG 4g.20gb (0),1,,13,[CUDA memcpy Host-to-Device]
11557010435,51840,234053,,,,,,,,,,35.810,690773.357,Device,,NVIDIA A100-SXM4-40GB MIG 4g.20gb (0),1,,13,[CUDA memset]
11557063331,7520,234055,,,,,,,,,,0.000,10.638,Pinned,Device,NVIDIA A100-SXM4-40GB MIG 4g.20gb (0),1,,13,[CUDA memcpy Host-to-Device]
11557073283,11200,234056,,,,,,,,,,0.197,17554.145,Pinned,Device,NVIDIA A100-SXM4-40GB MIG 4g.20gb (0),1,,13,[CUDA memcpy Host-to-Device]
11557744859,15456,234057,273,1,1,48,1,1,40,0.000,0.001,,,,,NVIDIA A100-SXM4-40GB MIG 4g.20gb (0),1,,13,"void pusch_noise_intf_est::noiseIntfEstNoDftSOfdmKernel<float, __half, float, float, (unsigned int)2, (unsigned int)1, (unsigned char)4, (unsigned char)4>(pusch_noise_intf_est::puschRxNoiseIntfEstDynDescr)"
11558443571,7456,234068,35,1,1,128,1,1,16,0.000,0.000,,,,,NVIDIA A100-SXM4-40GB MIG 4g.20gb (0),1,,13,cupy_copy__complex64_complex64
11559086444,3168,234077,1,1,1,1,1,1,18,0.000,0.000,,,,,NVIDIA A100-SXM4-40GB MIG 4g.20gb (0),1,,13,cupy_copy__float32_float32
11559093740,3072,234083,,,,,,,,,,0.000,1.302,Device,Pageable,NVIDIA A100-SXM4-40GB MIG 4g.20gb (0),1,,7,[CUDA memcpy Device-to-Host]
11559776292,19104,234094,1434,1,1,128,1,1,16,0.000,0.000,,,,,NVIDIA A100-SXM4-40GB MIG 4g.20gb (0),1,,13,cupy_copy__complex64_complex64
11560455164,18976,234101,103,1,1,128,1,1,16,0.000,0.000,,,,,NVIDIA A100-SXM4-40GB MIG 4g.20gb (0),1,,13,cupy_copy__complex64_complex64
11561175476,8096,234108,35,1,1,128,1,1,16,0.000,0.000,,,,,NVIDIA A100-SXM4-40GB MIG 4g.20gb (0),1,,13,cupy_copy__complex64_complex64
11561627023,4512,234115,1,1,1,1,1,1,18,0.000,0.000,,,,,NVIDIA A100-SXM4-40GB MIG 4g.20gb (0),1,,13,cupy_copy__float32_float32
11562132425,246974,234126,1,1,1,32,32,1,30,0.000,0.000,,,,,NVIDIA A100-SXM4-40GB MIG 4g.20gb (0),1,,13,"void convert_kernel<__half2, float2>(tensor_layout_any, T1 *, tensor_layout_any, const T2 *)"
11562456678,5760,234129,,,,,,,,,,0.094,16266.656,Pinned,Device,NVIDIA A100-SXM4-40GB MIG 4g.20gb (0),1,,13,[CUDA memcpy Host-to-Device]
11563035551,7520,234130,,,,,,,,,,1.547,205666.966,Device,,NVIDIA A100-SXM4-40GB MIG 4g.20gb (0),1,,13,[CUDA memset]
11563050431,3040,234135,,,,,,,,,,0.031,10294.725,Pinned,Device,NVIDIA A100-SXM4-40GB MIG 4g.20gb (0),1,,13,[CUDA memcpy Host-to-Device]
11563056191,9824,234136,,,,,,,,,,0.197,20012.925,Pinned,Device,NVIDIA A100-SXM4-40GB MIG 4g.20gb (0),1,,13,[CUDA memcpy Host-to-Device]
11563457338,18208,234137,273,1,1,8,4,1,39,0.002,0.000,,,,,NVIDIA A100-SXM4-40GB MIG 4g.20gb (0),1,,13,"void channel_eq::eqMmseCoefCompLowMimoKernel<float, float, float, (unsigned int)4, (unsigned int)1, (unsigned int)4>(const channel_eq::_puschRxChEqStatDescr *, channel_eq::_puschRxChEqCoefCompDynDescr)"
11564133363,11936,234138,273,1,1,12,11,1,51,0.002,0.000,,,,,NVIDIA A100-SXM4-40GB MIG 4g.20gb (0),1,,13,"void channel_eq::eqMmseSoftDemapKernel<float, __half, __half, float, (unsigned int)4, (unsigned short)16383>(channel_eq::_puschRxChEqStatDescr *, channel_eq::_puschRxChEqSoftDemapDynDescr)"
11564785579,703512,234139,1,1,1,32,32,1,30,0.000,0.000,,,,,NVIDIA A100-SXM4-40GB MIG 4g.20gb (0),1,,13,"void convert_kernel<float2, __half2>(tensor_layout_any, T1 *, tensor_layout_any, const T2 *)"
11566092636,13376,234151,2253,1,1,128,1,1,16,0.000,0.000,,,,,NVIDIA A100-SXM4-40GB MIG 4g.20gb (0),1,,13,cupy_copy__float16_float16
11566698294,4831,234160,282,1,1,128,1,1,16,0.000,0.000,,,,,NVIDIA A100-SXM4-40GB MIG 4g.20gb (0),1,,13,cupy_copy__complex64_complex64
11567273391,6848,234169,26,1,1,128,1,1,16,0.000,0.000,,,,,NVIDIA A100-SXM4-40GB MIG 4g.20gb (0),1,,13,cupy_copy__float32_float32
11567905704,13632,234178,103,1,1,128,1,1,16,0.000,0.000,,,,,NVIDIA A100-SXM4-40GB MIG 4g.20gb (0),1,,13,cupy_copy__complex64_complex64
11568345859,18592,234188,1434,1,1,128,1,1,16,0.000,0.000,,,,,NVIDIA A100-SXM4-40GB MIG 4g.20gb (0),1,,13,cupy_copy__complex64_complex64
11568717823,207709,234193,1,1,1,32,32,1,30,0.000,0.000,,,,,NVIDIA A100-SXM4-40GB MIG 4g.20gb (0),1,,13,"void convert_kernel<__half2, float2>(tensor_layout_any, T1 *, tensor_layout_any, const T2 *)"
11568959228,5856,234196,,,,,,,,,,0.094,15999.997,Pinned,Device,NVIDIA A100-SXM4-40GB MIG 4g.20gb (0),1,,13,[CUDA memcpy Host-to-Device]
11569512342,623641,234197,,,,,,,,,,456.561,731867.988,Device,,NVIDIA A100-SXM4-40GB MIG 4g.20gb (0),1,,13,[CUDA memset]
11570141582,53120,234202,,,,,,,,,,1.235,23247.821,Pinned,Device,NVIDIA A100-SXM4-40GB MIG 4g.20gb (0),1,,13,[CUDA memcpy Host-to-Device]
11570197678,9856,234203,,,,,,,,,,0.197,19948.044,Pinned,Device,NVIDIA A100-SXM4-40GB MIG 4g.20gb (0),1,,13,[CUDA memcpy Host-to-Device]
11570907302,16512,234204,69,4,1,48,1,1,76,0.002,0.000,,,,,NVIDIA A100-SXM4-40GB MIG 4g.20gb (0),1,,13,"void ch_est::windowedChEstPreNoDftSOfdmKernel<float, __half, float, (unsigned int)2, (unsigned int)1, (unsigned short)4>(ch_est::puschRxChEstStatDescr_t *, ch_est::puschRxChEstDynDescr_t *)"
11571420256,39296,234205,137,2,1,24,2,1,44,0.001,0.001,,,,,NVIDIA A100-SXM4-40GB MIG 4g.20gb (0),1,,13,"void ch_est::chEstFilterNoDftSOfdmDispatchKernel<float, __half, float, (unsigned int)2>(ch_est::puschRxChEstStatDescr_t *, ch_est::puschRxChEstDynDescr_t *)"
11572001689,25728,234206,137,2,1,24,2,1,44,0.001,0.001,,,,,NVIDIA A100-SXM4-40GB MIG 4g.20gb (0),1,,13,"void ch_est::chEstFilterNoDftSOfdmDispatchKernel<float, __half, float, (unsigned int)2>(ch_est::puschRxChEstStatDescr_t *, ch_est::puschRxChEstDynDescr_t *)"
11572460564,8928,234217,103,1,1,128,1,1,16,0.000,0.000,,,,,NVIDIA A100-SXM4-40GB MIG 4g.20gb (0),1,,13,cupy_copy__complex64_complex64
11572813648,20096,234227,1434,1,1,128,1,1,16,0.000,0.000,,,,,NVIDIA A100-SXM4-40GB MIG 4g.20gb (0),1,,13,cupy_copy__complex64_complex64
11573410761,7136,234234,103,1,1,128,1,1,16,0.000,0.000,,,,,NVIDIA A100-SXM4-40GB MIG 4g.20gb (0),1,,13,cupy_copy__complex64_complex64
11574004003,236477,234241,1,1,1,32,32,1,30,0.000,0.000,,,,,NVIDIA A100-SXM4-40GB MIG 4g.20gb (0),1,,13,"void convert_kernel<__half2, float2>(tensor_layout_any, T1 *, tensor_layout_any, const T2 *)"
11574271936,8224,234244,,,,,,,,,,0.094,11392.965,Pinned,Device,NVIDIA A100-SXM4-40GB MIG 4g.20gb (0),1,,13,[CUDA memcpy Host-to-Device]
11574751002,50560,234245,,,,,,,,,,35.810,708248.598,Device,,NVIDIA A100-SXM4-40GB MIG 4g.20gb (0),1,,13,[CUDA memset]
11574806426,1984,234247,,,,,,,,,,0.000,40.323,Pinned,Device,NVIDIA A100-SXM4-40GB MIG 4g.20gb (0),1,,13,[CUDA memcpy Host-to-Device]
11574811226,10719,234248,,,,,,,,,,0.197,18341.954,Pinned,Device,NVIDIA A100-SXM4-40GB MIG 4g.20gb (0),1,,13,[CUDA memcpy Host-to-Device]
11575476850,17344,234249,273,1,1,48,1,1,40,0.000,0.001,,,,,NVIDIA A100-SXM4-40GB MIG 4g.20gb (0),1,,13,"void pusch_noise_intf_est::noiseIntfEstNoDftSOfdmKernel<float, __half, float, float, (unsigned int)2, (unsigned int)1, (unsigned char)4, (unsigned char)4>(pusch_noise_intf_est::puschRxNoiseIntfEstDynDescr)"
11576062187,25216,234260,35,1,1,128,1,1,16,0.000,0.000,,,,,NVIDIA A100-SXM4-40GB MIG 4g.20gb (0),1,,13,cupy_copy__complex64_complex64
11576745540,3744,234269,1,1,1,1,1,1,18,0.000,0.000,,,,,NVIDIA A100-SXM4-40GB MIG 4g.20gb (0),1,,13,cupy_copy__float32_float32
11576750660,1568,234275,,,,,,,,,,0.000,2.551,Device,Pageable,NVIDIA A100-SXM4-40GB MIG 4g.20gb (0),1,,7,[CUDA memcpy Device-to-Host]
11577555674,20832,234286,1434,1,1,128,1,1,16,0.000,0.000,,,,,NVIDIA A100-SXM4-40GB MIG 4g.20gb (0),1,,13,cupy_copy__complex64_complex64
11578004373,6464,234293,103,1,1,128,1,1,16,0.000,0.000,,,,,NVIDIA A100-SXM4-40GB MIG 4g.20gb (0),1,,13,cupy_copy__complex64_complex64
11578605390,10976,234300,35,1,1,128,1,1,16,0.000,0.000,,,,,NVIDIA A100-SXM4-40GB MIG 4g.20gb (0),1,,13,cupy_copy__complex64_complex64
11579134120,3136,234307,1,1,1,1,1,1,18,0.000,0.000,,,,,NVIDIA A100-SXM4-40GB MIG 4g.20gb (0),1,,13,cupy_copy__float32_float32
11579802977,236157,234318,1,1,1,32,32,1,30,0.000,0.000,,,,,NVIDIA A100-SXM4-40GB MIG 4g.20gb (0),1,,13,"void convert_kernel<__half2, float2>(tensor_layout_any, T1 *, tensor_layout_any, const T2 *)"
11580070462,6496,234321,,,,,,,,,,0.094,14423.562,Pinned,Device,NVIDIA A100-SXM4-40GB MIG 4g.20gb (0),1,,13,[CUDA memcpy Host-to-Device]
11580571960,4480,234322,,,,,,,,,,1.547,345228.130,Device,,NVIDIA A100-SXM4-40GB MIG 4g.20gb (0),1,,13,[CUDA memset]
11580583928,6656,234327,,,,,,,,,,0.031,4701.911,Pinned,Device,NVIDIA A100-SXM4-40GB MIG 4g.20gb (0),1,,13,[CUDA memcpy Host-to-Device]
11580596120,12704,234328,,,,,,,,,,0.197,15475.999,Pinned,Device,NVIDIA A100-SXM4-40GB MIG 4g.20gb (0),1,,13,[CUDA memcpy Host-to-Device]
11581242321,47199,234329,273,1,1,8,4,1,39,0.002,0.000,,,,,NVIDIA A100-SXM4-40GB MIG 4g.20gb (0),1,,13,"void channel_eq::eqMmseCoefCompLowMimoKernel<float, float, float, (unsigned int)4, (unsigned int)1, (unsigned int)4>(const channel_eq::_puschRxChEqStatDescr *, channel_eq::_puschRxChEqCoefCompDynDescr)"
11582005448,37695,234330,273,1,1,12,11,1,51,0.002,0.000,,,,,NVIDIA A100-SXM4-40GB MIG 4g.20gb (0),1,,13,"void channel_eq::eqMmseSoftDemapKernel<float, __half, __half, float, (unsigned int)4, (unsigned short)16383>(channel_eq::_puschRxChEqStatDescr *, channel_eq::_puschRxChEqSoftDemapDynDescr)"
11582669024,718520,234331,1,1,1,32,32,1,30,0.000,0.000,,,,,NVIDIA A100-SXM4-40GB MIG 4g.20gb (0),1,,13,"void convert_kernel<float2, __half2>(tensor_layout_any, T1 *, tensor_layout_any, const T2 *)"
11584028465,20384,234343,2253,1,1,128,1,1,16,0.000,0.000,,,,,NVIDIA A100-SXM4-40GB MIG 4g.20gb (0),1,,13,cupy_copy__float16_float16
11584489388,9408,234352,282,1,1,128,1,1,16,0.000,0.000,,,,,NVIDIA A100-SXM4-40GB MIG 4g.20gb (0),1,,13,cupy_copy__complex64_complex64
11584935655,5888,234361,26,1,1,128,1,1,16,0.000,0.000,,,,,NVIDIA A100-SXM4-40GB MIG 4g.20gb (0),1,,13,cupy_copy__float32_float32
11585556000,4480,234370,103,1,1,128,1,1,16,0.000,0.000,,,,,NVIDIA A100-SXM4-40GB MIG 4g.20gb (0),1,,13,cupy_copy__complex64_complex64
11586206680,20992,234380,1434,1,1,128,1,1,16,0.000,0.000,,,,,NVIDIA A100-SXM4-40GB MIG 4g.20gb (0),1,,13,cupy_copy__complex64_complex64
11586875281,279741,234385,1,1,1,32,32,1,30,0.000,0.000,,,,,NVIDIA A100-SXM4-40GB MIG 4g.20gb (0),1,,13,"void convert_kernel<__half2, float2>(tensor_layout_any, T1 *, tensor_layout_any, const T2 *)"
11587185069,5696,234388,,,,,,,,,,0.094,16449.363,Pinned,Device,NVIDIA A100-SXM4-40GB MIG 4g.20gb (0),1,,13,[CUDA memcpy Host-to-Device]
11587780870,611257,234389,,,,,,,,,,456.561,746477.954,Device,,NVIDIA A100-SXM4-40GB MIG 4g.20gb (0),1,,13,[CUDA memset]
11588400095,55872,234394,,,,,,,,,,1.235,22103.028,Pinned,Device,NVIDIA A100-SXM4-40GB MIG 4g.20gb (0),1,,13,[CUDA memcpy Host-to-Device]
11588458559,9408,234395,,,,,,,,,,0.197,20897.858,Pinned,Device,NVIDIA A100-SXM4-40GB MIG 4g.20gb (0),1,,13,[CUDA memcpy Host-to-Device]
11588985817,13824,234396,69,4,1,48,1,1,76,0.002,0.000,,,,,NVIDIA A100-SXM4-40GB MIG 4g.20gb (0),1,,13,"void ch_est::windowedChEstPreNoDftSOfdmKernel<float, __half, float, (unsigned int)2, (unsigned int)1, (unsigned short)4>(ch_est::puschRxChEstStatDescr_t *, ch_est::puschRxChEstDynDescr_t *)"
11589545810,13344,234397,137,2,1,24,2,1,44,0.001,0.001,,,,,NVIDIA A100-SXM4-40GB MIG 4g.20gb (0),1,,13,"void ch_est::chEstFilterNoDftSOfdmDispatchKernel<float, __half, float, (unsigned int)2>(ch_est::puschRxChEstStatDescr_t *, ch_est::puschRxChEstDynDescr_t *)"
11590212075,12320,234398,137,2,1,24,2,1,44,0.001,0.001,,,,,NVIDIA A100-SXM4-40GB MIG 4g.20gb (0),1,,13,"void ch_est::chEstFilterNoDftSOfdmDispatchKernel<float, __half, float, (unsigned int)2>(ch_est::puschRxChEstStatDescr_t *, ch_est::puschRxChEstDynDescr_t *)"
11590818788,15008,234409,103,1,1,128,1,1,16,0.000,0.000,,,,,NVIDIA A100-SXM4-40GB MIG 4g.20gb (0),1,,13,cupy_copy__complex64_complex64
11591207296,26495,234419,1434,1,1,128,1,1,16,0.000,0.000,,,,,NVIDIA A100-SXM4-40GB MIG 4g.20gb (0),1,,13,cupy_copy__complex64_complex64
11591628667,4032,234426,103,1,1,128,1,1,16,0.000,0.000,,,,,NVIDIA A100-SXM4-40GB MIG 4g.20gb (0),1,,13,cupy_copy__complex64_complex64
11592203700,235486,234433,1,1,1,32,32,1,30,0.000,0.000,,,,,NVIDIA A100-SXM4-40GB MIG 4g.20gb (0),1,,13,"void convert_kernel<__half2, float2>(tensor_layout_any, T1 *, tensor_layout_any, const T2 *)"
11592469649,5632,234436,,,,,,,,,,0.094,16636.287,Pinned,Device,NVIDIA A100-SXM4-40GB MIG 4g.20gb (0),1,,13,[CUDA memcpy Host-to-Device]
11592940556,52159,234437,,,,,,,,,,35.810,686547.786,Device,,NVIDIA A100-SXM4-40GB MIG 4g.20gb (0),1,,13,[CUDA memset]
11592994187,1952,234439,,,,,,,,,,0.000,40.984,Pinned,Device,NVIDIA A100-SXM4-40GB MIG 4g.20gb (0),1,,13,[CUDA memcpy Host-to-Device]
11593002731,10976,234440,,,,,,,,,,0.197,17912.365,Pinned,Device,NVIDIA A100-SXM4-40GB MIG 4g.20gb (0),1,,13,[CUDA memcpy Host-to-Device]
11593672932,16639,234441,273,1,1,48,1,1,40,0.000,0.001,,,,,NVIDIA A100-SXM4-40GB MIG 4g.20gb (0),1,,13,"void pusch_noise_intf_est::noiseIntfEstNoDftSOfdmKernel<float, __half, float, float, (unsigned int)2, (unsigned int)1, (unsigned char)4, (unsigned char)4>(pusch_noise_intf_est::puschRxNoiseIntfEstDynDescr)"
11594420027,6656,234452,35,1,1,128,1,1,16,0.000,0.000,,,,,NVIDIA A100-SXM4-40GB MIG 4g.20gb (0),1,,13,cupy_copy__complex64_complex64
11595136947,3456,234461,1,1,1,1,1,1,18,0.000,0.000,,,,,NVIDIA A100-SXM4-40GB MIG 4g.20gb (0),1,,13,cupy_copy__float32_float32
11595142227,1664,234467,,,,,,,,,,0.000,2.404,Device,Pageable,NVIDIA A100-SXM4-40GB MIG 4g.20gb (0),1,,7,[CUDA memcpy Device-to-Host]
11596039753,16352,234478,1434,1,1,128,1,1,16,0.000,0.000,,,,,NVIDIA A100-SXM4-40GB MIG 4g.20gb (0),1,,13,cupy_copy__complex64_complex64
11596839552,9664,234485,103,1,1,128,1,1,16,0.000,0.000,,,,,NVIDIA A100-SXM4-40GB MIG 4g.20gb (0),1,,13,cupy_copy__complex64_complex64
11597193884,36959,234492,35,1,1,128,1,1,16,0.000,0.000,,,,,NVIDIA A100-SXM4-40GB MIG 4g.20gb (0),1,,13,cupy_copy__complex64_complex64
11597994515,3360,234499,1,1,1,1,1,1,18,0.000,0.000,,,,,NVIDIA A100-SXM4-40GB MIG 4g.20gb (0),1,,13,cupy_copy__float32_float32
11598531948,256766,234510,1,1,1,32,32,1,30,0.000,0.000,,,,,NVIDIA A100-SXM4-40GB MIG 4g.20gb (0),1,,13,"void convert_kernel<__half2, float2>(tensor_layout_any, T1 *, tensor_layout_any, const T2 *)"
11598822985,11168,234513,,,,,,,,,,0.094,8389.634,Pinned,Device,NVIDIA A100-SXM4-40GB MIG 4g.20gb (0),1,,13,[CUDA memcpy Host-to-Device]
11599585953,12799,234514,,,,,,,,,,1.547,120839.280,Device,,NVIDIA A100-SXM4-40GB MIG 4g.20gb (0),1,,13,[CUDA memset]
11599601280,8160,234519,,,,,,,,,,0.031,3835.294,Pinned,Device,NVIDIA A100-SXM4-40GB MIG 4g.20gb (0),1,,13,[CUDA memcpy Host-to-Device]
11599613376,10656,234520,,,,,,,,,,0.197,18450.285,Pinned,Device,NVIDIA A100-SXM4-40GB MIG 4g.20gb (0),1,,13,[CUDA memcpy Host-to-Device]
11600393399,39712,234521,273,1,1,8,4,1,39,0.002,0.000,,,,,NVIDIA A100-SXM4-40GB MIG 4g.20gb (0),1,,13,"void channel_eq::eqMmseCoefCompLowMimoKernel<float, float, float, (unsigned int)4, (unsigned int)1, (unsigned int)4>(const channel_eq::_puschRxChEqStatDescr *, channel_eq::_puschRxChEqCoefCompDynDescr)"
11601317357,21760,234522,273,1,1,12,11,1,51,0.002,0.000,,,,,NVIDIA A100-SXM4-40GB MIG 4g.20gb (0),1,,13,"void channel_eq::eqMmseSoftDemapKernel<float, __half, __half, float, (unsigned int)4, (unsigned short)16383>(channel_eq::_puschRxChEqStatDescr *, channel_eq::_puschRxChEqSoftDemapDynDescr)"
11601864263,551545,234523,1,1,1,32,32,1,30,0.000,0.000,,,,,NVIDIA A100-SXM4-40GB MIG 4g.20gb (0),1,,13,"void convert_kernel<float2, __half2>(tensor_layout_any, T1 *, tensor_layout_any, const T2 *)"
11603112441,17727,234535,2253,1,1,128,1,1,16,0.000,0.000,,,,,NVIDIA A100-SXM4-40GB MIG 4g.20gb (0),1,,13,cupy_copy__float16_float16
11603884656,15744,234544,282,1,1,128,1,1,16,0.000,0.000,,,,,NVIDIA A100-SXM4-40GB MIG 4g.20gb (0),1,,13,cupy_copy__complex64_complex64
11604426442,3424,234553,26,1,1,128,1,1,16,0.000,0.000,,,,,NVIDIA A100-SXM4-40GB MIG 4g.20gb (0),1,,13,cupy_copy__float32_float32
11605116930,10528,234562,103,1,1,128,1,1,16,0.000,0.000,,,,,NVIDIA A100-SXM4-40GB MIG 4g.20gb (0),1,,13,cupy_copy__complex64_complex64
11605715899,31232,234572,1434,1,1,128,1,1,16,0.000,0.000,,,,,NVIDIA A100-SXM4-40GB MIG 4g.20gb (0),1,,13,cupy_copy__complex64_complex64
11606104887,250589,234577,1,1,1,32,32,1,30,0.000,0.000,,,,,NVIDIA A100-SXM4-40GB MIG 4g.20gb (0),1,,13,"void convert_kernel<__half2, float2>(tensor_layout_any, T1 *, tensor_layout_any, const T2 *)"
11606389171,7616,234580,,,,,,,,,,0.094,12302.472,Pinned,Device,NVIDIA A100-SXM4-40GB MIG 4g.20gb (0),1,,13,[CUDA memcpy Host-to-Device]
11606988301,618649,234581,,,,,,,,,,456.561,737803.287,Device,,NVIDIA A100-SXM4-40GB MIG 4g.20gb (0),1,,13,[CUDA memset]
11607611333,56448,234586,,,,,,,,,,1.235,21877.033,Pinned,Device,NVIDIA A100-SXM4-40GB MIG 4g.20gb (0),1,,13,[CUDA memcpy Host-to-Device]
11607670405,10304,234587,,,,,,,,,,0.197,19080.610,Pinned,Device,NVIDIA A100-SXM4-40GB MIG 4g.20gb (0),1,,13,[CUDA memcpy Host-to-Device]
11608267390,22112,234588,69,4,1,48,1,1,76,0.002,0.000,,,,,NVIDIA A100-SXM4-40GB MIG 4g.20gb (0),1,,13,"void ch_est::windowedChEstPreNoDftSOfdmKernel<float, __half, float, (unsigned int)2, (unsigned int)1, (unsigned short)4>(ch_est::puschRxChEstStatDescr_t *, ch_est::puschRxChEstDynDescr_t *)"
11608631994,46975,234589,137,2,1,24,2,1,44,0.001,0.001,,,,,NVIDIA A100-SXM4-40GB MIG 4g.20gb (0),1,,13,"void ch_est::chEstFilterNoDftSOfdmDispatchKernel<float, __half, float, (unsigned int)2>(ch_est::puschRxChEstStatDescr_t *, ch_est::puschRxChEstDynDescr_t *)"
11609201683,25568,234590,137,2,1,24,2,1,44,0.001,0.001,,,,,NVIDIA A100-SXM4-40GB MIG 4g.20gb (0),1,,13,"void ch_est::chEstFilterNoDftSOfdmDispatchKernel<float, __half, float, (unsigned int)2>(ch_est::puschRxChEstStatDescr_t *, ch_est::puschRxChEstDynDescr_t *)"
11609556527,4096,234601,103,1,1,128,1,1,16,0.000,0.000,,,,,NVIDIA A100-SXM4-40GB MIG 4g.20gb (0),1,,13,cupy_copy__complex64_complex64
11610077002,21087,234611,1434,1,1,128,1,1,16,0.000,0.000,,,,,NVIDIA A100-SXM4-40GB MIG 4g.20gb (0),1,,13,cupy_copy__complex64_complex64
11610462533,17824,234618,103,1,1,128,1,1,16,0.000,0.000,,,,,NVIDIA A100-SXM4-40GB MIG 4g.20gb (0),1,,13,cupy_copy__complex64_complex64
11611043903,260221,234625,1,1,1,32,32,1,30,0.000,0.000,,,,,NVIDIA A100-SXM4-40GB MIG 4g.20gb (0),1,,13,"void convert_kernel<__half2, float2>(tensor_layout_any, T1 *, tensor_layout_any, const T2 *)"
11611338427,5472,234628,,,,,,,,,,0.094,17122.757,Pinned,Device,NVIDIA A100-SXM4-40GB MIG 4g.20gb (0),1,,13,[CUDA memcpy Host-to-Device]
11611802102,47007,234629,,,,,,,,,,35.810,761784.428,Device,,NVIDIA A100-SXM4-40GB MIG 4g.20gb (0),1,,13,[CUDA memset]
11611857941,1888,234631,,,,,,,,,,0.000,42.373,Pinned,Device,NVIDIA A100-SXM4-40GB MIG 4g.20gb (0),1,,13,[CUDA memcpy Host-to-Device]
11611865173,9408,234632,,,,,,,,,,0.197,20897.858,Pinned,Device,NVIDIA A100-SXM4-40GB MIG 4g.20gb (0),1,,13,[CUDA memcpy Host-to-Device]
11612631085,43007,234633,273,1,1,48,1,1,40,0.000,0.001,,,,,NVIDIA A100-SXM4-40GB MIG 4g.20gb (0),1,,13,"void pusch_noise_intf_est::noiseIntfEstNoDftSOfdmKernel<float, __half, float, float, (unsigned int)2, (unsigned int)1, (unsigned char)4, (unsigned char)4>(pusch_noise_intf_est::puschRxNoiseIntfEstDynDescr)"
11613349316,19328,234644,35,1,1,128,1,1,16,0.000,0.000,,,,,NVIDIA A100-SXM4-40GB MIG 4g.20gb (0),1,,13,cupy_copy__complex64_complex64
11614255226,3392,234653,1,1,1,1,1,1,18,0.000,0.000,,,,,NVIDIA A100-SXM4-40GB MIG 4g.20gb (0),1,,13,cupy_copy__float32_float32
11614265210,8160,234659,,,,,,,,,,0.000,0.490,Device,Pageable,NVIDIA A100-SXM4-40GB MIG 4g.20gb (0),1,,7,[CUDA memcpy Device-to-Host]
11614885491,22624,234670,1434,1,1,128,1,1,16,0.000,0.000,,,,,NVIDIA A100-SXM4-40GB MIG 4g.20gb (0),1,,13,cupy_copy__complex64_complex64
11615591755,6368,234677,103,1,1,128,1,1,16,0.000,0.000,,,,,NVIDIA A100-SXM4-40GB MIG 4g.20gb (0),1,,13,cupy_copy__complex64_complex64
11616068838,4287,234684,35,1,1,128,1,1,16,0.000,0.000,,,,,NVIDIA A100-SXM4-40GB MIG 4g.20gb (0),1,,13,cupy_copy__complex64_complex64
11616819357,3584,234691,1,1,1,1,1,1,18,0.000,0.000,,,,,NVIDIA A100-SXM4-40GB MIG 4g.20gb (0),1,,13,cupy_copy__float32_float32
11617422774,239581,234702,1,1,1,32,32,1,30,0.000,0.000,,,,,NVIDIA A100-SXM4-40GB MIG 4g.20gb (0),1,,13,"void convert_kernel<__half2, float2>(tensor_layout_any, T1 *, tensor_layout_any, const T2 *)"
11617693075,11136,234705,,,,,,,,,,0.094,8413.713,Pinned,Device,NVIDIA A100-SXM4-40GB MIG 4g.20gb (0),1,,13,[CUDA memcpy Host-to-Device]
11618423787,4480,234706,,,,,,,,,,1.547,345228.130,Device,,NVIDIA A100-SXM4-40GB MIG 4g.20gb (0),1,,13,[CUDA memset]
11618435915,4768,234711,,,,,,,,,,0.031,6563.741,Pinned,Device,NVIDIA A100-SXM4-40GB MIG 4g.20gb (0),1,,13,[CUDA memcpy Host-to-Device]
11618444683,10815,234712,,,,,,,,,,0.197,18179.162,Pinned,Device,NVIDIA A100-SXM4-40GB MIG 4g.20gb (0),1,,13,[CUDA memcpy Host-to-Device]
11619116515,11488,234713,273,1,1,8,4,1,39,0.002,0.000,,,,,NVIDIA A100-SXM4-40GB MIG 4g.20gb (0),1,,13,"void channel_eq::eqMmseCoefCompLowMimoKernel<float, float, float, (unsigned int)4, (unsigned int)1, (unsigned int)4>(const channel_eq::_puschRxChEqStatDescr *, channel_eq::_puschRxChEqCoefCompDynDescr)"
11619945146,13343,234714,273,1,1,12,11,1,51,0.002,0.000,,,,,NVIDIA A100-SXM4-40GB MIG 4g.20gb (0),1,,13,"void channel_eq::eqMmseSoftDemapKernel<float, __half, __half, float, (unsigned int)4, (unsigned short)16383>(channel_eq::_puschRxChEqStatDescr *, channel_eq::_puschRxChEqSoftDemapDynDescr)"
11620740209,530202,234715,1,1,1,32,32,1,30,0.000,0.000,,,,,NVIDIA A100-SXM4-40GB MIG 4g.20gb (0),1,,13,"void convert_kernel<float2, __half2>(tensor_layout_any, T1 *, tensor_layout_any, const T2 *)"
11621904643,20992,234727,2253,1,1,128,1,1,16,0.000,0.000,,,,,NVIDIA A100-SXM4-40GB MIG 4g.20gb (0),1,,13,cupy_copy__float16_float16
11622675227,12959,234736,282,1,1,128,1,1,16,0.000,0.000,,,,,NVIDIA A100-SXM4-40GB MIG 4g.20gb (0),1,,13,cupy_copy__complex64_complex64
11623118774,3392,234745,26,1,1,128,1,1,16,0.000,0.000,,,,,NVIDIA A100-SXM4-40GB MIG 4g.20gb (0),1,,13,cupy_copy__float32_float32
11623698767,4608,234754,103,1,1,128,1,1,16,0.000,0.000,,,,,NVIDIA A100-SXM4-40GB MIG 4g.20gb (0),1,,13,cupy_copy__complex64_complex64
11624508454,27839,234764,1434,1,1,128,1,1,16,0.000,0.000,,,,,NVIDIA A100-SXM4-40GB MIG 4g.20gb (0),1,,13,cupy_copy__complex64_complex64
11624937665,238749,234769,1,1,1,32,32,1,30,0.000,0.000,,,,,NVIDIA A100-SXM4-40GB MIG 4g.20gb (0),1,,13,"void convert_kernel<__half2, float2>(tensor_layout_any, T1 *, tensor_layout_any, const T2 *)"
11625207070,9824,234772,,,,,,,,,,0.094,9537.410,Pinned,Device,NVIDIA A100-SXM4-40GB MIG 4g.20gb (0),1,,13,[CUDA memcpy Host-to-Device]
11625811703,634233,234773,,,,,,,,,,456.561,719540.829,Device,,NVIDIA A100-SXM4-40GB MIG 4g.20gb (0),1,,13,[CUDA memset]
11626453776,63903,234778,,,,,,,,,,1.235,19324.404,Pinned,Device,NVIDIA A100-SXM4-40GB MIG 4g.20gb (0),1,,13,[CUDA memcpy Host-to-Device]
11626520303,13888,234779,,,,,,,,,,0.197,14156.562,Pinned,Device,NVIDIA A100-SXM4-40GB MIG 4g.20gb (0),1,,13,[CUDA memcpy Host-to-Device]
11627167112,19807,234780,69,4,1,48,1,1,76,0.002,0.000,,,,,NVIDIA A100-SXM4-40GB MIG 4g.20gb (0),1,,13,"void ch_est::windowedChEstPreNoDftSOfdmKernel<float, __half, float, (unsigned int)2, (unsigned int)1, (unsigned short)4>(ch_est::puschRxChEstStatDescr_t *, ch_est::puschRxChEstDynDescr_t *)"
11627850784,14528,234781,137,2,1,24,2,1,44,0.001,0.001,,,,,NVIDIA A100-SXM4-40GB MIG 4g.20gb (0),1,,13,"void ch_est::chEstFilterNoDftSOfdmDispatchKernel<float, __half, float, (unsigned int)2>(ch_est::puschRxChEstStatDescr_t *, ch_est::puschRxChEstDynDescr_t *)"
11628534424,17120,234782,137,2,1,24,2,1,44,0.001,0.001,,,,,NVIDIA A100-SXM4-40GB MIG 4g.20gb (0),1,,13,"void ch_est::chEstFilterNoDftSOfdmDispatchKernel<float, __half, float, (unsigned int)2>(ch_est::puschRxChEstStatDescr_t *, ch_est::puschRxChEstDynDescr_t *)"
11629235408,7552,234793,103,1,1,128,1,1,16,0.000,0.000,,,,,NVIDIA A100-SXM4-40GB MIG 4g.20gb (0),1,,13,cupy_copy__complex64_complex64
11629612140,26784,234803,1434,1,1,128,1,1,16,0.000,0.000,,,,,NVIDIA A100-SXM4-40GB MIG 4g.20gb (0),1,,13,cupy_copy__complex64_complex64
11630091206,4128,234810,103,1,1,128,1,1,16,0.000,0.000,,,,,NVIDIA A100-SXM4-40GB MIG 4g.20gb (0),1,,13,cupy_copy__complex64_complex64
11630616513,236445,234817,1,1,1,32,32,1,30,0.000,0.000,,,,,NVIDIA A100-SXM4-40GB MIG 4g.20gb (0),1,,13,"void convert_kernel<__half2, float2>(tensor_layout_any, T1 *, tensor_layout_any, const T2 *)"
11630886781,5504,234820,,,,,,,,,,0.094,17023.251,Pinned,Device,NVIDIA A100-SXM4-40GB MIG 4g.20gb (0),1,,13,[CUDA memcpy Host-to-Device]
11631407064,50271,234821,,,,,,,,,,35.810,712330.929,Device,,NVIDIA A100-SXM4-40GB MIG 4g.20gb (0),1,,13,[CUDA memset]
11631460567,8704,234823,,,,,,,,,,0.000,9.191,Pinned,Device,NVIDIA A100-SXM4-40GB MIG 4g.20gb (0),1,,13,[CUDA memcpy Host-to-Device]
11631473719,12160,234824,,,,,,,,,,0.197,16168.255,Pinned,Device,NVIDIA A100-SXM4-40GB MIG 4g.20gb (0),1,,13,[CUDA memcpy Host-to-Device]
11632175887,17536,234825,273,1,1,48,1,1,40,0.000,0.001,,,,,NVIDIA A100-SXM4-40GB MIG 4g.20gb (0),1,,13,"void pusch_noise_intf_est::noiseIntfEstNoDftSOfdmKernel<float, __half, float, float, (unsigned int)2, (unsigned int)1, (unsigned char)4, (unsigned char)4>(pusch_noise_intf_est::puschRxNoiseIntfEstDynDescr)"
11632929862,22304,234836,35,1,1,128,1,1,16,0.000,0.000,,,,,NVIDIA A100-SXM4-40GB MIG 4g.20gb (0),1,,13,cupy_copy__complex64_complex64
11633640222,3712,234845,1,1,1,1,1,1,18,0.000,0.000,,,,,NVIDIA A100-SXM4-40GB MIG 4g.20gb (0),1,,13,cupy_copy__float32_float32
11633648286,2176,234851,,,,,,,,,,0.000,1.838,Device,Pageable,NVIDIA A100-SXM4-40GB MIG 4g.20gb (0),1,,7,[CUDA memcpy Device-to-Host]
11634531540,22880,234862,1434,1,1,128,1,1,16,0.000,0.000,,,,,NVIDIA A100-SXM4-40GB MIG 4g.20gb (0),1,,13,cupy_copy__complex64_complex64
11635003119,4384,234869,103,1,1,128,1,1,16,0.000,0.000,,,,,NVIDIA A100-SXM4-40GB MIG 4g.20gb (0),1,,13,cupy_copy__complex64_complex64
11635590600,10848,234876,35,1,1,128,1,1,16,0.000,0.000,,,,,NVIDIA A100-SXM4-40GB MIG 4g.20gb (0),1,,13,cupy_copy__complex64_complex64
11636033475,3296,234883,1,1,1,1,1,1,18,0.000,0.000,,,,,NVIDIA A100-SXM4-40GB MIG 4g.20gb (0),1,,13,cupy_copy__float32_float32
11636635036,243549,234894,1,1,1,32,32,1,30,0.000,0.000,,,,,NVIDIA A100-SXM4-40GB MIG 4g.20gb (0),1,,13,"void convert_kernel<__half2, float2>(tensor_layout_any, T1 *, tensor_layout_any, const T2 *)"
11636909465,6048,234897,,,,,,,,,,0.094,15491.978,Pinned,Device,NVIDIA A100-SXM4-40GB MIG 4g.20gb (0),1,,13,[CUDA memcpy Host-to-Device]
11637412755,5792,234898,,,,,,,,,,1.547,267026.180,Device,,NVIDIA A100-SXM4-40GB MIG 4g.20gb (0),1,,13,[CUDA memset]
11637425459,3328,234903,,,,,,,,,,0.031,9403.822,Pinned,Device,NVIDIA A100-SXM4-40GB MIG 4g.20gb (0),1,,13,[CUDA memcpy Host-to-Device]
11637434643,9888,234904,,,,,,,,,,0.197,19883.360,Pinned,Device,NVIDIA A100-SXM4-40GB MIG 4g.20gb (0),1,,13,[CUDA memcpy Host-to-Device]
11638080524,27456,234905,273,1,1,8,4,1,39,0.002,0.000,,,,,NVIDIA A100-SXM4-40GB MIG 4g.20gb (0),1,,13,"void channel_eq::eqMmseCoefCompLowMimoKernel<float, float, float, (unsigned int)4, (unsigned int)1, (unsigned int)4>(const channel_eq::_puschRxChEqStatDescr *, channel_eq::_puschRxChEqCoefCompDynDescr)"
11638532807,37087,234906,273,1,1,12,11,1,51,0.002,0.000,,,,,NVIDIA A100-SXM4-40GB MIG 4g.20gb (0),1,,13,"void channel_eq::eqMmseSoftDemapKernel<float, __half, __half, float, (unsigned int)4, (unsigned short)16383>(channel_eq::_puschRxChEqStatDescr *, channel_eq::_puschRxChEqSoftDemapDynDescr)"
11639199263,717208,234907,1,1,1,32,32,1,30,0.000,0.000,,,,,NVIDIA A100-SXM4-40GB MIG 4g.20gb (0),1,,13,"void convert_kernel<float2, __half2>(tensor_layout_any, T1 *, tensor_layout_any, const T2 *)"
11640441489,19776,234919,2253,1,1,128,1,1,16,0.000,0.000,,,,,NVIDIA A100-SXM4-40GB MIG 4g.20gb (0),1,,13,cupy_copy__float16_float16
11641094026,12928,234928,282,1,1,128,1,1,16,0.000,0.000,,,,,NVIDIA A100-SXM4-40GB MIG 4g.20gb (0),1,,13,cupy_copy__complex64_complex64
11641521541,3840,234937,26,1,1,128,1,1,16,0.000,0.000,,,,,NVIDIA A100-SXM4-40GB MIG 4g.20gb (0),1,,13,cupy_copy__float32_float32
11642113150,4608,234946,103,1,1,128,1,1,16,0.000,0.000,,,,,NVIDIA A100-SXM4-40GB MIG 4g.20gb (0),1,,13,cupy_copy__complex64_complex64
11642692888,18495,234956,1434,1,1,128,1,1,16,0.000,0.000,,,,,NVIDIA A100-SXM4-40GB MIG 4g.20gb (0),1,,13,cupy_copy__complex64_complex64
11643134291,256765,234961,1,1,1,32,32,1,30,0.000,0.000,,,,,NVIDIA A100-SXM4-40GB MIG 4g.20gb (0),1,,13,"void convert_kernel<__half2, float2>(tensor_layout_any, T1 *, tensor_layout_any, const T2 *)"
11643421999,6528,234964,,,,,,,,,,0.094,14352.915,Pinned,Device,NVIDIA A100-SXM4-40GB MIG 4g.20gb (0),1,,13,[CUDA memcpy Host-to-Device]
11644024200,621497,234965,,,,,,,,,,456.561,734607.357,Device,,NVIDIA A100-SXM4-40GB MIG 4g.20gb (0),1,,13,[CUDA memset]
11644650305,56736,234970,,,,,,,,,,1.235,21765.888,Pinned,Device,NVIDIA A100-SXM4-40GB MIG 4g.20gb (0),1,,13,[CUDA memcpy Host-to-Device]
11644709761,10176,234971,,,,,,,,,,0.197,19320.668,Pinned,Device,NVIDIA A100-SXM4-40GB MIG 4g.20gb (0),1,,13,[CUDA memcpy Host-to-Device]
11645503576,14559,234972,69,4,1,48,1,1,76,0.002,0.000,,,,,NVIDIA A100-SXM4-40GB MIG 4g.20gb (0),1,,13,"void ch_est::windowedChEstPreNoDftSOfdmKernel<float, __half, float, (unsigned int)2, (unsigned int)1, (unsigned short)4>(ch_est::puschRxChEstStatDescr_t *, ch_est::puschRxChEstDynDescr_t *)"
11646187408,25600,234973,137,2,1,24,2,1,44,0.001,0.001,,,,,NVIDIA A100-SXM4-40GB MIG 4g.20gb (0),1,,13,"void ch_est::chEstFilterNoDftSOfdmDispatchKernel<float, __half, float, (unsigned int)2>(ch_est::puschRxChEstStatDescr_t *, ch_est::puschRxChEstDynDescr_t *)"
11646784361,19616,234974,137,2,1,24,2,1,44,0.001,0.001,,,,,NVIDIA A100-SXM4-40GB MIG 4g.20gb (0),1,,13,"void ch_est::chEstFilterNoDftSOfdmDispatchKernel<float, __half, float, (unsigned int)2>(ch_est::puschRxChEstStatDescr_t *, ch_est::puschRxChEstDynDescr_t *)"
11647466049,14528,234985,103,1,1,128,1,1,16,0.000,0.000,,,,,NVIDIA A100-SXM4-40GB MIG 4g.20gb (0),1,,13,cupy_copy__complex64_complex64
11648268120,17760,234995,1434,1,1,128,1,1,16,0.000,0.000,,,,,NVIDIA A100-SXM4-40GB MIG 4g.20gb (0),1,,13,cupy_copy__complex64_complex64
11648631956,4160,235002,103,1,1,128,1,1,16,0.000,0.000,,,,,NVIDIA A100-SXM4-40GB MIG 4g.20gb (0),1,,13,cupy_copy__complex64_complex64
11649311756,235582,235009,1,1,1,32,32,1,30,0.000,0.000,,,,,NVIDIA A100-SXM4-40GB MIG 4g.20gb (0),1,,13,"void convert_kernel<__half2, float2>(tensor_layout_any, T1 *, tensor_layout_any, const T2 *)"
11649577993,5792,235012,,,,,,,,,,0.094,16176.708,Pinned,Device,NVIDIA A100-SXM4-40GB MIG 4g.20gb (0),1,,13,[CUDA memcpy Host-to-Device]
11650145571,52095,235013,,,,,,,,,,35.810,687371.414,Device,,NVIDIA A100-SXM4-40GB MIG 4g.20gb (0),1,,13,[CUDA memset]
11650201058,2880,235015,,,,,,,,,,0.000,27.778,Pinned,Device,NVIDIA A100-SXM4-40GB MIG 4g.20gb (0),1,,13,[CUDA memcpy Host-to-Device]
11650211906,11808,235016,,,,,,,,,,0.197,16650.338,Pinned,Device,NVIDIA A100-SXM4-40GB MIG 4g.20gb (0),1,,13,[CUDA memcpy Host-to-Device]
11650946458,17216,235017,273,1,1,48,1,1,40,0.000,0.001,,,,,NVIDIA A100-SXM4-40GB MIG 4g.20gb (0),1,,13,"void pusch_noise_intf_est::noiseIntfEstNoDftSOfdmKernel<float, __half, float, float, (unsigned int)2, (unsigned int)1, (unsigned char)4, (unsigned char)4>(pusch_noise_intf_est::puschRxNoiseIntfEstDynDescr)"
11651610706,9216,235028,35,1,1,128,1,1,16,0.000,0.000,,,,,NVIDIA A100-SXM4-40GB MIG 4g.20gb (0),1,,13,cupy_copy__complex64_complex64
11652258539,6496,235037,1,1,1,1,1,1,18,0.000,0.000,,,,,NVIDIA A100-SXM4-40GB MIG 4g.20gb (0),1,,13,cupy_copy__float32_float32
11652271499,2016,235043,,,,,,,,,,0.000,1.984,Device,Pageable,NVIDIA A100-SXM4-40GB MIG 4g.20gb (0),1,,7,[CUDA memcpy Device-to-Host]
11653012610,31264,235054,1434,1,1,128,1,1,16,0.000,0.000,,,,,NVIDIA A100-SXM4-40GB MIG 4g.20gb (0),1,,13,cupy_copy__complex64_complex64
11653932632,6048,235061,103,1,1,128,1,1,16,0.000,0.000,,,,,NVIDIA A100-SXM4-40GB MIG 4g.20gb (0),1,,13,cupy_copy__complex64_complex64
11654646160,9280,235068,35,1,1,128,1,1,16,0.000,0.000,,,,,NVIDIA A100-SXM4-40GB MIG 4g.20gb (0),1,,13,cupy_copy__complex64_complex64
11655157962,3840,235075,1,1,1,1,1,1,18,0.000,0.000,,,,,NVIDIA A100-SXM4-40GB MIG 4g.20gb (0),1,,13,cupy_copy__float32_float32
11655824835,239869,235086,1,1,1,32,32,1,30,0.000,0.000,,,,,NVIDIA A100-SXM4-40GB MIG 4g.20gb (0),1,,13,"void convert_kernel<__half2, float2>(tensor_layout_any, T1 *, tensor_layout_any, const T2 *)"
11656096992,6399,235089,,,,,,,,,,0.094,14642.249,Pinned,Device,NVIDIA A100-SXM4-40GB MIG 4g.20gb (0),1,,13,[CUDA memcpy Host-to-Device]
11656942294,4608,235090,,,,,,,,,,1.547,335637.514,Device,,NVIDIA A100-SXM4-40GB MIG 4g.20gb (0),1,,13,[CUDA memset]
11656951926,4448,235095,,,,,,,,,,0.031,7035.967,Pinned,Device,NVIDIA A100-SXM4-40GB MIG 4g.20gb (0),1,,13,[CUDA memcpy Host-to-Device]
11656959350,10304,235096,,,,,,,,,,0.197,19080.610,Pinned,Device,NVIDIA A100-SXM4-40GB MIG 4g.20gb (0),1,,13,[CUDA memcpy Host-to-Device]
11657584207,21023,235097,273,1,1,8,4,1,39,0.002,0.000,,,,,NVIDIA A100-SXM4-40GB MIG 4g.20gb (0),1,,13,"void channel_eq::eqMmseCoefCompLowMimoKernel<float, float, float, (unsigned int)4, (unsigned int)1, (unsigned int)4>(const channel_eq::_puschRxChEqStatDescr *, channel_eq::_puschRxChEqCoefCompDynDescr)"
11658260551,17344,235098,273,1,1,12,11,1,51,0.002,0.000,,,,,NVIDIA A100-SXM4-40GB MIG 4g.20gb (0),1,,13,"void channel_eq::eqMmseSoftDemapKernel<float, __half, __half, float, (unsigned int)4, (unsigned short)16383>(channel_eq::_puschRxChEqStatDescr *, channel_eq::_puschRxChEqSoftDemapDynDescr)"
11658772545,691896,235099,1,1,1,32,32,1,30,0.000,0.000,,,,,NVIDIA A100-SXM4-40GB MIG 4g.20gb (0),1,,13,"void convert_kernel<float2, __half2>(tensor_layout_any, T1 *, tensor_layout_any, const T2 *)"
11659960820,17119,235111,2253,1,1,128,1,1,16,0.000,0.000,,,,,NVIDIA A100-SXM4-40GB MIG 4g.20gb (0),1,,13,cupy_copy__float16_float16
11660612940,4960,235120,282,1,1,128,1,1,16,0.000,0.000,,,,,NVIDIA A100-SXM4-40GB MIG 4g.20gb (0),1,,13,cupy_copy__complex64_complex64
11661208774,6207,235129,26,1,1,128,1,1,16,0.000,0.000,,,,,NVIDIA A100-SXM4-40GB MIG 4g.20gb (0),1,,13,cupy_copy__float32_float32
11661716960,31903,235138,103,1,1,128,1,1,16,0.000,0.000,,,,,NVIDIA A100-SXM4-40GB MIG 4g.20gb (0),1,,13,cupy_copy__complex64_complex64
11662488727,25856,235148,1434,1,1,128,1,1,16,0.000,0.000,,,,,NVIDIA A100-SXM4-40GB MIG 4g.20gb (0),1,,13,cupy_copy__complex64_complex64
11663001201,196670,235153,1,1,1,32,32,1,30,0.000,0.000,,,,,NVIDIA A100-SXM4-40GB MIG 4g.20gb (0),1,,13,"void convert_kernel<__half2, float2>(tensor_layout_any, T1 *, tensor_layout_any, const T2 *)"
11663228943,5792,235156,,,,,,,,,,0.094,16176.708,Pinned,Device,NVIDIA A100-SXM4-40GB MIG 4g.20gb (0),1,,13,[CUDA memcpy Host-to-Device]
11663777672,615737,235157,,,,,,,,,,456.561,741455.779,Device,,NVIDIA A100-SXM4-40GB MIG 4g.20gb (0),1,,13,[CUDA memset]
11664396193,57120,235162,,,,,,,,,,1.235,21620.165,Pinned,Device,NVIDIA A100-SXM4-40GB MIG 4g.20gb (0),1,,13,[CUDA memcpy Host-to-Device]
11664456193,9760,235163,,,,,,,,,,0.197,20144.259,Pinned,Device,NVIDIA A100-SXM4-40GB MIG 4g.20gb (0),1,,13,[CUDA memcpy Host-to-Device]
11664993691,19711,235164,69,4,1,48,1,1,76,0.002,0.000,,,,,NVIDIA A100-SXM4-40GB MIG 4g.20gb (0),1,,13,"void ch_est::windowedChEstPreNoDftSOfdmKernel<float, __half, float, (unsigned int)2, (unsigned int)1, (unsigned short)4>(ch_est::puschRxChEstStatDescr_t *, ch_est::puschRxChEstDynDescr_t *)"
11665676403,26304,235165,137,2,1,24,2,1,44,0.001,0.001,,,,,NVIDIA A100-SXM4-40GB MIG 4g.20gb (0),1,,13,"void ch_est::chEstFilterNoDftSOfdmDispatchKernel<float, __half, float, (unsigned int)2>(ch_est::puschRxChEstStatDescr_t *, ch_est::puschRxChEstDynDescr_t *)"
11666214157,22175,235166,137,2,1,24,2,1,44,0.001,0.001,,,,,NVIDIA A100-SXM4-40GB MIG 4g.20gb (0),1,,13,"void ch_est::chEstFilterNoDftSOfdmDispatchKernel<float, __half, float, (unsigned int)2>(ch_est::puschRxChEstStatDescr_t *, ch_est::puschRxChEstDynDescr_t *)"
11666583785,3968,235177,103,1,1,128,1,1,16,0.000,0.000,,,,,NVIDIA A100-SXM4-40GB MIG 4g.20gb (0),1,,13,cupy_copy__complex64_complex64
11667347904,23264,235187,1434,1,1,128,1,1,16,0.000,0.000,,,,,NVIDIA A100-SXM4-40GB MIG 4g.20gb (0),1,,13,cupy_copy__complex64_complex64
11668158647,5824,235194,103,1,1,128,1,1,16,0.000,0.000,,,,,NVIDIA A100-SXM4-40GB MIG 4g.20gb (0),1,,13,cupy_copy__complex64_complex64
11668833711,217246,235201,1,1,1,32,32,1,30,0.000,0.000,,,,,NVIDIA A100-SXM4-40GB MIG 4g.20gb (0),1,,13,"void convert_kernel<__half2, float2>(tensor_layout_any, T1 *, tensor_layout_any, const T2 *)"
11669081772,7008,235204,,,,,,,,,,0.094,13369.857,Pinned,Device,NVIDIA A100-SXM4-40GB MIG 4g.20gb (0),1,,13,[CUDA memcpy Host-to-Device]
11669861987,50464,235205,,,,,,,,,,35.810,709609.375,Device,,NVIDIA A100-SXM4-40GB MIG 4g.20gb (0),1,,13,[CUDA memset]
11669915683,3680,235207,,,,,,,,,,0.000,21.739,Pinned,Device,NVIDIA A100-SXM4-40GB MIG 4g.20gb (0),1,,13,[CUDA memcpy Host-to-Device]
11669925827,12799,235208,,,,,,,,,,0.197,15361.180,Pinned,Device,NVIDIA A100-SXM4-40GB MIG 4g.20gb (0),1,,13,[CUDA memcpy Host-to-Device]
11670683258,28608,235209,273,1,1,48,1,1,40,0.000,0.001,,,,,NVIDIA A100-SXM4-40GB MIG 4g.20gb (0),1,,13,"void pusch_noise_intf_est::noiseIntfEstNoDftSOfdmKernel<float, __half, float, float, (unsigned int)2, (unsigned int)1, (unsigned char)4, (unsigned char)4>(pusch_noise_intf_est::puschRxNoiseIntfEstDynDescr)"
11671541744,11328,235220,35,1,1,128,1,1,16,0.000,0.000,,,,,NVIDIA A100-SXM4-40GB MIG 4g.20gb (0),1,,13,cupy_copy__complex64_complex64
11672210121,4480,235229,1,1,1,1,1,1,18,0.000,0.000,,,,,NVIDIA A100-SXM4-40GB MIG 4g.20gb (0),1,,13,cupy_copy__float32_float32
11672218889,5472,235235,,,,,,,,,,0.000,0.731,Device,Pageable,NVIDIA A100-SXM4-40GB MIG 4g.20gb (0),1,,7,[CUDA memcpy Device-to-Host]
11673056767,20928,235246,1434,1,1,128,1,1,16,0.000,0.000,,,,,NVIDIA A100-SXM4-40GB MIG 4g.20gb (0),1,,13,cupy_copy__complex64_complex64
11673873622,8960,235253,103,1,1,128,1,1,16,0.000,0.000,,,,,NVIDIA A100-SXM4-40GB MIG 4g.20gb (0),1,,13,cupy_copy__complex64_complex64
11674490607,12416,235260,35,1,1,128,1,1,16,0.000,0.000,,,,,NVIDIA A100-SXM4-40GB MIG 4g.20gb (0),1,,13,cupy_copy__complex64_complex64
11675104168,3168,235267,1,1,1,1,1,1,18,0.000,0.000,,,,,NVIDIA A100-SXM4-40GB MIG 4g.20gb (0),1,,13,cupy_copy__float32_float32
11675682625,192606,235278,1,1,1,32,32,1,30,0.000,0.000,,,,,NVIDIA A100-SXM4-40GB MIG 4g.20gb (0),1,,13,"void convert_kernel<__half2, float2>(tensor_layout_any, T1 *, tensor_layout_any, const T2 *)"
11675906975,6112,235281,,,,,,,,,,0.094,15329.790,Pinned,Device,NVIDIA A100-SXM4-40GB MIG 4g.20gb (0),1,,13,[CUDA memcpy Host-to-Device]
11676439737,4480,235282,,,,,,,,,,1.547,345228.130,Device,,NVIDIA A100-SXM4-40GB MIG 4g.20gb (0),1,,13,[CUDA memset]
11676445081,6944,235287,,,,,,,,,,0.031,4506.906,Pinned,Device,NVIDIA A100-SXM4-40GB MIG 4g.20gb (0),1,,13,[CUDA memcpy Host-to-Device]
11676454521,9855,235288,,,,,,,,,,0.197,19950.010,Pinned,Device,NVIDIA A100-SXM4-40GB MIG 4g.20gb (0),1,,13,[CUDA memcpy Host-to-Device]
11677008786,11008,235289,273,1,1,8,4,1,39,0.002,0.000,,,,,NVIDIA A100-SXM4-40GB MIG 4g.20gb (0),1,,13,"void channel_eq::eqMmseCoefCompLowMimoKernel<float, float, float, (unsigned int)4, (unsigned int)1, (unsigned int)4>(const channel_eq::_puschRxChEqStatDescr *, channel_eq::_puschRxChEqCoefCompDynDescr)"
11677782442,10335,235290,273,1,1,12,11,1,51,0.002,0.000,,,,,NVIDIA A100-SXM4-40GB MIG 4g.20gb (0),1,,13,"void channel_eq::eqMmseSoftDemapKernel<float, __half, __half, float, (unsigned int)4, (unsigned short)16383>(channel_eq::_puschRxChEqStatDescr *, channel_eq::_puschRxChEqSoftDemapDynDescr)"
11678370627,707256,235291,1,1,1,32,32,1,30,0.000,0.000,,,,,NVIDIA A100-SXM4-40GB MIG 4g.20gb (0),1,,13,"void convert_kernel<float2, __half2>(tensor_layout_any, T1 *, tensor_layout_any, const T2 *)"
11679528342,19136,235303,2253,1,1,128,1,1,16,0.000,0.000,,,,,NVIDIA A100-SXM4-40GB MIG 4g.20gb (0),1,,13,cupy_copy__float16_float16
11680120047,8608,235312,282,1,1,128,1,1,16,0.000,0.000,,,,,NVIDIA A100-SXM4-40GB MIG 4g.20gb (0),1,,13,cupy_copy__complex64_complex64
11680495275,7360,235321,26,1,1,128,1,1,16,0.000,0.000,,,,,NVIDIA A100-SXM4-40GB MIG 4g.20gb (0),1,,13,cupy_copy__float32_float32
11680857511,4864,235330,103,1,1,128,1,1,16,0.000,0.000,,,,,NVIDIA A100-SXM4-40GB MIG 4g.20gb (0),1,,13,cupy_copy__complex64_complex64
11681547743,21024,235340,1434,1,1,128,1,1,16,0.000,0.000,,,,,NVIDIA A100-SXM4-40GB MIG 4g.20gb (0),1,,13,cupy_copy__complex64_complex64
11682382357,252157,235345,1,1,1,32,32,1,30,0.000,0.000,,,,,NVIDIA A100-SXM4-40GB MIG 4g.20gb (0),1,,13,"void convert_kernel<__half2, float2>(tensor_layout_any, T1 *, tensor_layout_any, const T2 *)"
11682668530,5728,235348,,,,,,,,,,0.094,16357.541,Pinned,Device,NVIDIA A100-SXM4-40GB MIG 4g.20gb (0),1,,13,[CUDA memcpy Host-to-Device]
11683439305,621593,235349,,,,,,,,,,456.561,734150.796,Device,,NVIDIA A100-SXM4-40GB MIG 4g.20gb (0),1,,13,[CUDA memset]
11684070338,89759,235354,,,,,,,,,,1.235,13757.276,Pinned,Device,NVIDIA A100-SXM4-40GB MIG 4g.20gb (0),1,,13,[CUDA memcpy Host-to-Device]
11684163265,10048,235355,,,,,,,,,,0.197,19566.821,Pinned,Device,NVIDIA A100-SXM4-40GB MIG 4g.20gb (0),1,,13,[CUDA memcpy Host-to-Device]
11684742043,19711,235356,69,4,1,48,1,1,76,0.002,0.000,,,,,NVIDIA A100-SXM4-40GB MIG 4g.20gb (0),1,,13,"void ch_est::windowedChEstPreNoDftSOfdmKernel<float, __half, float, (unsigned int)2, (unsigned int)1, (unsigned short)4>(ch_est::puschRxChEstStatDescr_t *, ch_est::puschRxChEstDynDescr_t *)"
11685339316,8448,235357,137,2,1,24,2,1,44,0.001,0.001,,,,,NVIDIA A100-SXM4-40GB MIG 4g.20gb (0),1,,13,"void ch_est::chEstFilterNoDftSOfdmDispatchKernel<float, __half, float, (unsigned int)2>(ch_est::puschRxChEstStatDescr_t *, ch_est::puschRxChEstDynDescr_t *)"
11686023436,8224,235358,137,2,1,24,2,1,44,0.001,0.001,,,,,NVIDIA A100-SXM4-40GB MIG 4g.20gb (0),1,,13,"void ch_est::chEstFilterNoDftSOfdmDispatchKernel<float, __half, float, (unsigned int)2>(ch_est::puschRxChEstStatDescr_t *, ch_est::puschRxChEstDynDescr_t *)"
11686723716,3744,235369,103,1,1,128,1,1,16,0.000,0.000,,,,,NVIDIA A100-SXM4-40GB MIG 4g.20gb (0),1,,13,cupy_copy__complex64_complex64
11687478332,16703,235379,1434,1,1,128,1,1,16,0.000,0.000,,,,,NVIDIA A100-SXM4-40GB MIG 4g.20gb (0),1,,13,cupy_copy__complex64_complex64
11688186644,3999,235386,103,1,1,128,1,1,16,0.000,0.000,,,,,NVIDIA A100-SXM4-40GB MIG 4g.20gb (0),1,,13,cupy_copy__complex64_complex64
11688964107,238205,235393,1,1,1,32,32,1,30,0.000,0.000,,,,,NVIDIA A100-SXM4-40GB MIG 4g.20gb (0),1,,13,"void convert_kernel<__half2, float2>(tensor_layout_any, T1 *, tensor_layout_any, const T2 *)"
11689232872,5888,235396,,,,,,,,,,0.094,15912.954,Pinned,Device,NVIDIA A100-SXM4-40GB MIG 4g.20gb (0),1,,13,[CUDA memcpy Host-to-Device]
11689799201,54720,235397,,,,,,,,,,35.810,654390.478,Device,,NVIDIA A100-SXM4-40GB MIG 4g.20gb (0),1,,13,[CUDA memset]
11689856097,2400,235399,,,,,,,,,,0.000,33.333,Pinned,Device,NVIDIA A100-SXM4-40GB MIG 4g.20gb (0),1,,13,[CUDA memcpy Host-to-Device]
11689865760,9824,235400,,,,,,,,,,0.197,20012.925,Pinned,Device,NVIDIA A100-SXM4-40GB MIG 4g.20gb (0),1,,13,[CUDA memcpy Host-to-Device]
11690528089,18944,235401,273,1,1,48,1,1,40,0.000,0.001,,,,,NVIDIA A100-SXM4-40GB MIG 4g.20gb (0),1,,13,"void pusch_noise_intf_est::noiseIntfEstNoDftSOfdmKernel<float, __half, float, float, (unsigned int)2, (unsigned int)1, (unsigned char)4, (unsigned char)4>(pusch_noise_intf_est::puschRxNoiseIntfEstDynDescr)"
11691184210,4095,235412,35,1,1,128,1,1,16,0.000,0.000,,,,,NVIDIA A100-SXM4-40GB MIG 4g.20gb (0),1,,13,cupy_copy__complex64_complex64
11691941161,3072,235421,1,1,1,1,1,1,18,0.000,0.000,,,,,NVIDIA A100-SXM4-40GB MIG 4g.20gb (0),1,,13,cupy_copy__float32_float32
11691952137,2400,235427,,,,,,,,,,0.000,1.667,Device,Pageable,NVIDIA A100-SXM4-40GB MIG 4g.20gb (0),1,,7,[CUDA memcpy Device-to-Host]
11692603873,20704,235438,1434,1,1,128,1,1,16,0.000,0.000,,,,,NVIDIA A100-SXM4-40GB MIG 4g.20gb (0),1,,13,cupy_copy__complex64_complex64
11693248122,8512,235445,103,1,1,128,1,1,16,0.000,0.000,,,,,NVIDIA A100-SXM4-40GB MIG 4g.20gb (0),1,,13,cupy_copy__complex64_complex64
11693680693,8352,235452,35,1,1,128,1,1,16,0.000,0.000,,,,,NVIDIA A100-SXM4-40GB MIG 4g.20gb (0),1,,13,cupy_copy__complex64_complex64
11694119952,3232,235459,1,1,1,1,1,1,18,0.000,0.000,,,,,NVIDIA A100-SXM4-40GB MIG 4g.20gb (0),1,,13,cupy_copy__float32_float32
11694711497,208702,235470,1,1,1,32,32,1,30,0.000,0.000,,,,,NVIDIA A100-SXM4-40GB MIG 4g.20gb (0),1,,13,"void convert_kernel<__half2, float2>(tensor_layout_any, T1 *, tensor_layout_any, const T2 *)"
11694950183,8192,235473,,,,,,,,,,0.094,11437.471,Pinned,Device,NVIDIA A100-SXM4-40GB MIG 4g.20gb (0),1,,13,[CUDA memcpy Host-to-Device]
11695457857,4640,235474,,,,,,,,,,1.547,333323.765,Device,,NVIDIA A100-SXM4-40GB MIG 4g.20gb (0),1,,13,[CUDA memset]
11695469473,6112,235479,,,,,,,,,,0.031,5120.401,Pinned,Device,NVIDIA A100-SXM4-40GB MIG 4g.20gb (0),1,,13,[CUDA memcpy Host-to-Device]
11695478401,9792,235480,,,,,,,,,,0.197,20078.395,Pinned,Device,NVIDIA A100-SXM4-40GB MIG 4g.20gb (0),1,,13,[CUDA memcpy Host-to-Device]
11696123353,16416,235481,273,1,1,8,4,1,39,0.002,0.000,,,,,NVIDIA A100-SXM4-40GB MIG 4g.20gb (0),1,,13,"void channel_eq::eqMmseCoefCompLowMimoKernel<float, float, float, (unsigned int)4, (unsigned int)1, (unsigned int)4>(const channel_eq::_puschRxChEqStatDescr *, channel_eq::_puschRxChEqCoefCompDynDescr)"
11696885937,9792,235482,273,1,1,12,11,1,51,0.002,0.000,,,,,NVIDIA A100-SXM4-40GB MIG 4g.20gb (0),1,,13,"void channel_eq::eqMmseSoftDemapKernel<float, __half, __half, float, (unsigned int)4, (unsigned short)16383>(channel_eq::_puschRxChEqStatDescr *, channel_eq::_puschRxChEqSoftDemapDynDescr)"
11697471978,543834,235483,1,1,1,32,32,1,30,0.000,0.000,,,,,NVIDIA A100-SXM4-40GB MIG 4g.20gb (0),1,,13,"void convert_kernel<float2, __half2>(tensor_layout_any, T1 *, tensor_layout_any, const T2 *)"
11698638909,18624,235495,2253,1,1,128,1,1,16,0.000,0.000,,,,,NVIDIA A100-SXM4-40GB MIG 4g.20gb (0),1,,13,cupy_copy__float16_float16
11699020825,13183,235504,282,1,1,128,1,1,16,0.000,0.000,,,,,NVIDIA A100-SXM4-40GB MIG 4g.20gb (0),1,,13,cupy_copy__complex64_complex64
11699458452,3424,235513,26,1,1,128,1,1,16,0.000,0.000,,,,,NVIDIA A100-SXM4-40GB MIG 4g.20gb (0),1,,13,cupy_copy__float32_float32
11699954702,32160,235522,103,1,1,128,1,1,16,0.000,0.000,,,,,NVIDIA A100-SXM4-40GB MIG 4g.20gb (0),1,,13,cupy_copy__complex64_complex64
11700613191,21471,235532,1434,1,1,128,1,1,16,0.000,0.000,,,,,NVIDIA A100-SXM4-40GB MIG 4g.20gb (0),1,,13,cupy_copy__complex64_complex64
11701243231,260701,235537,1,1,1,32,32,1,30,0.000,0.000,,,,,NVIDIA A100-SXM4-40GB MIG 4g.20gb (0),1,,13,"void convert_kernel<__half2, float2>(tensor_layout_any, T1 *, tensor_layout_any, const T2 *)"
11701535196,10016,235540,,,,,,,,,,0.094,9354.609,Pinned,Device,NVIDIA A100-SXM4-40GB MIG 4g.20gb (0),1,,13,[CUDA memcpy Host-to-Device]
11702158741,613081,235541,,,,,,,,,,456.561,744651.709,Device,,NVIDIA A100-SXM4-40GB MIG 4g.20gb (0),1,,13,[CUDA memset]
11702775726,77599,235546,,,,,,,,,,1.235,15913.488,Pinned,Device,NVIDIA A100-SXM4-40GB MIG 4g.20gb (0),1,,13,[CUDA memcpy Host-to-Device]
11702861805,17408,235547,,,,,,,,,,0.197,11293.950,Pinned,Device,NVIDIA A100-SXM4-40GB MIG 4g.20gb (0),1,,13,[CUDA memcpy Host-to-Device]
11703774659,18015,235548,69,4,1,48,1,1,76,0.002,0.000,,,,,NVIDIA A100-SXM4-40GB MIG 4g.20gb (0),1,,13,"void ch_est::windowedChEstPreNoDftSOfdmKernel<float, __half, float, (unsigned int)2, (unsigned int)1, (unsigned short)4>(ch_est::puschRxChEstStatDescr_t *, ch_est::puschRxChEstDynDescr_t *)"
11704458011,15200,235549,137,2,1,24,2,1,44,0.001,0.001,,,,,NVIDIA A100-SXM4-40GB MIG 4g.20gb (0),1,,13,"void ch_est::chEstFilterNoDftSOfdmDispatchKernel<float, __half, float, (unsigned int)2>(ch_est::puschRxChEstStatDescr_t *, ch_est::puschRxChEstDynDescr_t *)"
11705147059,17344,235550,137,2,1,24,2,1,44,0.001,0.001,,,,,NVIDIA A100-SXM4-40GB MIG 4g.20gb (0),1,,13,"void ch_est::chEstFilterNoDftSOfdmDispatchKernel<float, __half, float, (unsigned int)2>(ch_est::puschRxChEstStatDescr_t *, ch_est::puschRxChEstDynDescr_t *)"
11705822443,3968,235561,103,1,1,128,1,1,16,0.000,0.000,,,,,NVIDIA A100-SXM4-40GB MIG 4g.20gb (0),1,,13,cupy_copy__complex64_complex64
11706502020,15392,235571,1434,1,1,128,1,1,16,0.000,0.000,,,,,NVIDIA A100-SXM4-40GB MIG 4g.20gb (0),1,,13,cupy_copy__complex64_complex64
11707254107,4096,235578,103,1,1,128,1,1,16,0.000,0.000,,,,,NVIDIA A100-SXM4-40GB MIG 4g.20gb (0),1,,13,cupy_copy__complex64_complex64
11707962899,256765,235585,1,1,1,32,32,1,30,0.000,0.000,,,,,NVIDIA A100-SXM4-40GB MIG 4g.20gb (0),1,,13,"void convert_kernel<__half2, float2>(tensor_layout_any, T1 *, tensor_layout_any, const T2 *)"
11708250896,5728,235588,,,,,,,,,,0.094,16357.541,Pinned,Device,NVIDIA A100-SXM4-40GB MIG 4g.20gb (0),1,,13,[CUDA memcpy Host-to-Device]
11708765514,52031,235589,,,,,,,,,,35.810,688230.852,Device,,NVIDIA A100-SXM4-40GB MIG 4g.20gb (0),1,,13,[CUDA memset]
11708825097,5088,235591,,,,,,,,,,0.000,15.723,Pinned,Device,NVIDIA A100-SXM4-40GB MIG 4g.20gb (0),1,,13,[CUDA memcpy Host-to-Device]
11708832937,9824,235592,,,,,,,,,,0.197,20012.925,Pinned,Device,NVIDIA A100-SXM4-40GB MIG 4g.20gb (0),1,,13,[CUDA memcpy Host-to-Device]
11709458530,17696,235593,273,1,1,48,1,1,40,0.000,0.001,,,,,NVIDIA A100-SXM4-40GB MIG 4g.20gb (0),1,,13,"void pusch_noise_intf_est::noiseIntfEstNoDftSOfdmKernel<float, __half, float, float, (unsigned int)2, (unsigned int)1, (unsigned char)4, (unsigned char)4>(pusch_noise_intf_est::puschRxNoiseIntfEstDynDescr)"
11709955997,26143,235604,35,1,1,128,1,1,16,0.000,0.000,,,,,NVIDIA A100-SXM4-40GB MIG 4g.20gb (0),1,,13,cupy_copy__complex64_complex64
11710567734,3328,235613,1,1,1,1,1,1,18,0.000,0.000,,,,,NVIDIA A100-SXM4-40GB MIG 4g.20gb (0),1,,13,cupy_copy__float32_float32
11710576438,1856,235619,,,,,,,,,,0.000,2.155,Device,Pageable,NVIDIA A100-SXM4-40GB MIG 4g.20gb (0),1,,7,[CUDA memcpy Device-to-Host]
11711204750,21952,235630,1434,1,1,128,1,1,16,0.000,0.000,,,,,NVIDIA A100-SXM4-40GB MIG 4g.20gb (0),1,,13,cupy_copy__complex64_complex64
11711631274,6720,235637,103,1,1,128,1,1,16,0.000,0.000,,,,,NVIDIA A100-SXM4-40GB MIG 4g.20gb (0),1,,13,cupy_copy__complex64_complex64
11712043909,11552,235644,35,1,1,128,1,1,16,0.000,0.000,,,,,NVIDIA A100-SXM4-40GB MIG 4g.20gb (0),1,,13,cupy_copy__complex64_complex64
11712627710,3040,235651,1,1,1,1,1,1,18,0.000,0.000,,,,,NVIDIA A100-SXM4-40GB MIG 4g.20gb (0),1,,13,cupy_copy__float32_float32
11713178392,249181,235662,1,1,1,32,32,1,30,0.000,0.000,,,,,NVIDIA A100-SXM4-40GB MIG 4g.20gb (0),1,,13,"void convert_kernel<__half2, float2>(tensor_layout_any, T1 *, tensor_layout_any, const T2 *)"
11713459509,5664,235665,,,,,,,,,,0.094,16542.310,Pinned,Device,NVIDIA A100-SXM4-40GB MIG 4g.20gb (0),1,,13,[CUDA memcpy Host-to-Device]
11713963087,10688,235666,,,,,,,,,,1.547,144705.235,Device,,NVIDIA A100-SXM4-40GB MIG 4g.20gb (0),1,,13,[CUDA memset]
11713979759,6016,235671,,,,,,,,,,0.031,5202.115,Pinned,Device,NVIDIA A100-SXM4-40GB MIG 4g.20gb (0),1,,13,[CUDA memcpy Host-to-Device]
11713988207,9856,235672,,,,,,,,,,0.197,19948.044,Pinned,Device,NVIDIA A100-SXM4-40GB MIG 4g.20gb (0),1,,13,[CUDA memcpy Host-to-Device]
11714608520,24096,235673,273,1,1,8,4,1,39,0.002,0.000,,,,,NVIDIA A100-SXM4-40GB MIG 4g.20gb (0),1,,13,"void channel_eq::eqMmseCoefCompLowMimoKernel<float, float, float, (unsigned int)4, (unsigned int)1, (unsigned int)4>(const channel_eq::_puschRxChEqStatDescr *, channel_eq::_puschRxChEqCoefCompDynDescr)"
11715200641,17824,235674,273,1,1,12,11,1,51,0.002,0.000,,,,,NVIDIA A100-SXM4-40GB MIG 4g.20gb (0),1,,13,"void channel_eq::eqMmseSoftDemapKernel<float, __half, __half, float, (unsigned int)4, (unsigned short)16383>(channel_eq::_puschRxChEqStatDescr *, channel_eq::_puschRxChEqSoftDemapDynDescr)"
11715756123,722776,235675,1,1,1,32,32,1,30,0.000,0.000,,,,,NVIDIA A100-SXM4-40GB MIG 4g.20gb (0),1,,13,"void convert_kernel<float2, __half2>(tensor_layout_any, T1 *, tensor_layout_any, const T2 *)"
11716999693,19295,235687,2253,1,1,128,1,1,16,0.000,0.000,,,,,NVIDIA A100-SXM4-40GB MIG 4g.20gb (0),1,,13,cupy_copy__float16_float16
11717587942,14144,235696,282,1,1,128,1,1,16,0.000,0.000,,,,,NVIDIA A100-SXM4-40GB MIG 4g.20gb (0),1,,13,cupy_copy__complex64_complex64
11717962402,8736,235705,26,1,1,128,1,1,16,0.000,0.000,,,,,NVIDIA A100-SXM4-40GB MIG 4g.20gb (0),1,,13,cupy_copy__float32_float32
11718375965,6496,235714,103,1,1,128,1,1,16,0.000,0.000,,,,,NVIDIA A100-SXM4-40GB MIG 4g.20gb (0),1,,13,cupy_copy__complex64_complex64
11718978710,22336,235724,1434,1,1,128,1,1,16,0.000,0.000,,,,,NVIDIA A100-SXM4-40GB MIG 4g.20gb (0),1,,13,cupy_copy__complex64_complex64
11719579535,254846,235729,1,1,1,32,32,1,30,0.000,0.000,,,,,NVIDIA A100-SXM4-40GB MIG 4g.20gb (0),1,,13,"void convert_kernel<__half2, float2>(tensor_layout_any, T1 *, tensor_layout_any, const T2 *)"
11719870700,5536,235732,,,,,,,,,,0.094,16924.777,Pinned,Device,NVIDIA A100-SXM4-40GB MIG 4g.20gb (0),1,,13,[CUDA memcpy Host-to-Device]
11720336071,622169,235733,,,,,,,,,,456.561,733694.234,Device,,NVIDIA A100-SXM4-40GB MIG 4g.20gb (0),1,,13,[CUDA memset]
11720961216,54815,235738,,,,,,,,,,1.235,22529.083,Pinned,Device,NVIDIA A100-SXM4-40GB MIG 4g.20gb (0),1,,13,[CUDA memcpy Host-to-Device]
11721018463,9408,235739,,,,,,,,,,0.197,20897.858,Pinned,Device,NVIDIA A100-SXM4-40GB MIG 4g.20gb (0),1,,13,[CUDA memcpy Host-to-Device]
11721587513,19391,235740,69,4,1,48,1,1,76,0.002,0.000,,,,,NVIDIA A100-SXM4-40GB MIG 4g.20gb (0),1,,13,"void ch_est::windowedChEstPreNoDftSOfdmKernel<float, __half, float, (unsigned int)2, (unsigned int)1, (unsigned short)4>(ch_est::puschRxChEstStatDescr_t *, ch_est::puschRxChEstDynDescr_t *)"
11722095411,34079,235741,137,2,1,24,2,1,44,0.001,0.001,,,,,NVIDIA A100-SXM4-40GB MIG 4g.20gb (0),1,,13,"void ch_est::chEstFilterNoDftSOfdmDispatchKernel<float, __half, float, (unsigned int)2>(ch_est::puschRxChEstStatDescr_t *, ch_est::puschRxChEstDynDescr_t *)"
11722663788,24928,235742,137,2,1,24,2,1,44,0.001,0.001,,,,,NVIDIA A100-SXM4-40GB MIG 4g.20gb (0),1,,13,"void ch_est::chEstFilterNoDftSOfdmDispatchKernel<float, __half, float, (unsigned int)2>(ch_est::puschRxChEstStatDescr_t *, ch_est::puschRxChEstDynDescr_t *)"
11723043272,8160,235753,103,1,1,128,1,1,16,0.000,0.000,,,,,NVIDIA A100-SXM4-40GB MIG 4g.20gb (0),1,,13,cupy_copy__complex64_complex64
11723405252,18464,235763,1434,1,1,128,1,1,16,0.000,0.000,,,,,NVIDIA A100-SXM4-40GB MIG 4g.20gb (0),1,,13,cupy_copy__complex64_complex64
11723920126,14368,235770,103,1,1,128,1,1,16,0.000,0.000,,,,,NVIDIA A100-SXM4-40GB MIG 4g.20gb (0),1,,13,cupy_copy__complex64_complex64
11724500216,250749,235777,1,1,1,32,32,1,30,0.000,0.000,,,,,NVIDIA A100-SXM4-40GB MIG 4g.20gb (0),1,,13,"void convert_kernel<__half2, float2>(tensor_layout_any, T1 *, tensor_layout_any, const T2 *)"
11724780788,5920,235780,,,,,,,,,,0.094,15826.941,Pinned,Device,NVIDIA A100-SXM4-40GB MIG 4g.20gb (0),1,,13,[CUDA memcpy Host-to-Device]
11725304910,44384,235781,,,,,,,,,,35.810,806797.498,Device,,NVIDIA A100-SXM4-40GB MIG 4g.20gb (0),1,,13,[CUDA memset]
11725353262,1920,235783,,,,,,,,,,0.000,41.667,Pinned,Device,NVIDIA A100-SXM4-40GB MIG 4g.20gb (0),1,,13,[CUDA memcpy Host-to-Device]
11725362254,9760,235784,,,,,,,,,,0.197,20144.259,Pinned,Device,NVIDIA A100-SXM4-40GB MIG 4g.20gb (0),1,,13,[CUDA memcpy Host-to-Device]
11725936743,18720,235785,273,1,1,48,1,1,40,0.000,0.001,,,,,NVIDIA A100-SXM4-40GB MIG 4g.20gb (0),1,,13,"void pusch_noise_intf_est::noiseIntfEstNoDftSOfdmKernel<float, __half, float, float, (unsigned int)2, (unsigned int)1, (unsigned char)4, (unsigned char)4>(pusch_noise_intf_est::puschRxNoiseIntfEstDynDescr)"
11726475457,4832,235796,35,1,1,128,1,1,16,0.000,0.000,,,,,NVIDIA A100-SXM4-40GB MIG 4g.20gb (0),1,,13,cupy_copy__complex64_complex64
11727048251,3520,235805,1,1,1,1,1,1,18,0.000,0.000,,,,,NVIDIA A100-SXM4-40GB MIG 4g.20gb (0),1,,13,cupy_copy__float32_float32
11727058555,1600,235811,,,,,,,,,,0.000,2.500,Device,Pageable,NVIDIA A100-SXM4-40GB MIG 4g.20gb (0),1,,7,[CUDA memcpy Device-to-Host]
11727673428,19583,235822,1434,1,1,128,1,1,16,0.000,0.000,,,,,NVIDIA A100-SXM4-40GB MIG 4g.20gb (0),1,,13,cupy_copy__complex64_complex64
11728082383,4768,235829,103,1,1,128,1,1,16,0.000,0.000,,,,,NVIDIA A100-SXM4-40GB MIG 4g.20gb (0),1,,13,cupy_copy__complex64_complex64
11728648041,7167,235836,35,1,1,128,1,1,16,0.000,0.000,,,,,NVIDIA A100-SXM4-40GB MIG 4g.20gb (0),1,,13,cupy_copy__complex64_complex64
11729109571,3808,235843,1,1,1,1,1,1,18,0.000,0.000,,,,,NVIDIA A100-SXM4-40GB MIG 4g.20gb (0),1,,13,cupy_copy__float32_float32
11729795068,246077,235854,1,1,1,32,32,1,30,0.000,0.000,,,,,NVIDIA A100-SXM4-40GB MIG 4g.20gb (0),1,,13,"void convert_kernel<__half2, float2>(tensor_layout_any, T1 *, tensor_layout_any, const T2 *)"
11730074840,10624,235857,,,,,,,,,,0.094,8819.230,Pinned,Device,NVIDIA A100-SXM4-40GB MIG 4g.20gb (0),1,,13,[CUDA memcpy Host-to-Device]
11730694065,7712,235858,,,,,,,,,,1.547,200547.641,Device,,NVIDIA A100-SXM4-40GB MIG 4g.20gb (0),1,,13,[CUDA memset]
11730703889,5344,235863,,,,,,,,,,0.031,5856.264,Pinned,Device,NVIDIA A100-SXM4-40GB MIG 4g.20gb (0),1,,13,[CUDA memcpy Host-to-Device]
11730712017,10464,235864,,,,,,,,,,0.197,18788.844,Pinned,Device,NVIDIA A100-SXM4-40GB MIG 4g.20gb (0),1,,13,[CUDA memcpy Host-to-Device]
11731129644,50336,235865,273,1,1,8,4,1,39,0.002,0.000,,,,,NVIDIA A100-SXM4-40GB MIG 4g.20gb (0),1,,13,"void channel_eq::eqMmseCoefCompLowMimoKernel<float, float, float, (unsigned int)4, (unsigned int)1, (unsigned int)4>(const channel_eq::_puschRxChEqStatDescr *, channel_eq::_puschRxChEqCoefCompDynDescr)"
11731706630,24800,235866,273,1,1,12,11,1,51,0.002,0.000,,,,,NVIDIA A100-SXM4-40GB MIG 4g.20gb (0),1,,13,"void channel_eq::eqMmseSoftDemapKernel<float, __half, __half, float, (unsigned int)4, (unsigned short)16383>(channel_eq::_puschRxChEqStatDescr *, channel_eq::_puschRxChEqSoftDemapDynDescr)"
11732171457,707576,235867,1,1,1,32,32,1,30,0.000,0.000,,,,,NVIDIA A100-SXM4-40GB MIG 4g.20gb (0),1,,13,"void convert_kernel<float2, __half2>(tensor_layout_any, T1 *, tensor_layout_any, const T2 *)"
11733509105,13408,235879,2253,1,1,128,1,1,16,0.000,0.000,,,,,NVIDIA A100-SXM4-40GB MIG 4g.20gb (0),1,,13,cupy_copy__float16_float16
11734146090,11200,235888,282,1,1,128,1,1,16,0.000,0.000,,,,,NVIDIA A100-SXM4-40GB MIG 4g.20gb (0),1,,13,cupy_copy__complex64_complex64
11734593861,3616,235897,26,1,1,128,1,1,16,0.000,0.000,,,,,NVIDIA A100-SXM4-40GB MIG 4g.20gb (0),1,,13,cupy_copy__float32_float32
11735120095,12800,235906,103,1,1,128,1,1,16,0.000,0.000,,,,,NVIDIA A100-SXM4-40GB MIG 4g.20gb (0),1,,13,cupy_copy__complex64_complex64
11735504475,24704,235916,1434,1,1,128,1,1,16,0.000,0.000,,,,,NVIDIA A100-SXM4-40GB MIG 4g.20gb (0),1,,13,cupy_copy__complex64_complex64
11736095732,244285,235921,1,1,1,32,32,1,30,0.000,0.000,,,,,NVIDIA A100-SXM4-40GB MIG 4g.20gb (0),1,,13,"void convert_kernel<__half2, float2>(tensor_layout_any, T1 *, tensor_layout_any, const T2 *)"
11736370577,6304,235924,,,,,,,,,,0.094,14862.903,Pinned,Device,NVIDIA A100-SXM4-40GB MIG 4g.20gb (0),1,,13,[CUDA memcpy Host-to-Device]
11736778252,628281,235925,,,,,,,,,,456.561,726389.251,Device,,NVIDIA A100-SXM4-40GB MIG 4g.20gb (0),1,,13,[CUDA memset]
11737413285,62911,235930,,,,,,,,,,1.235,19629.435,Pinned,Device,NVIDIA A100-SXM4-40GB MIG 4g.20gb (0),1,,13,[CUDA memcpy Host-to-Device]
11737479844,12064,235931,,,,,,,,,,0.197,16297.034,Pinned,Device,NVIDIA A100-SXM4-40GB MIG 4g.20gb (0),1,,13,[CUDA memcpy Host-to-Device]
11738023774,28448,235932,69,4,1,48,1,1,76,0.002,0.000,,,,,NVIDIA A100-SXM4-40GB MIG 4g.20gb (0),1,,13,"void ch_est::windowedChEstPreNoDftSOfdmKernel<float, __half, float, (unsigned int)2, (unsigned int)1, (unsigned short)4>(ch_est::puschRxChEstStatDescr_t *, ch_est::puschRxChEstDynDescr_t *)"
11738670423,19648,235933,137,2,1,24,2,1,44,0.001,0.001,,,,,NVIDIA A100-SXM4-40GB MIG 4g.20gb (0),1,,13,"void ch_est::chEstFilterNoDftSOfdmDispatchKernel<float, __half, float, (unsigned int)2>(ch_est::puschRxChEstStatDescr_t *, ch_est::puschRxChEstDynDescr_t *)"
11739048883,12607,235934,137,2,1,24,2,1,44,0.001,0.001,,,,,NVIDIA A100-SXM4-40GB MIG 4g.20gb (0),1,,13,"void ch_est::chEstFilterNoDftSOfdmDispatchKernel<float, __half, float, (unsigned int)2>(ch_est::puschRxChEstStatDescr_t *, ch_est::puschRxChEstDynDescr_t *)"
11739651148,9984,235945,103,1,1,128,1,1,16,0.000,0.000,,,,,NVIDIA A100-SXM4-40GB MIG 4g.20gb (0),1,,13,cupy_copy__complex64_complex64
11740095623,16800,235955,1434,1,1,128,1,1,16,0.000,0.000,,,,,NVIDIA A100-SXM4-40GB MIG 4g.20gb (0),1,,13,cupy_copy__complex64_complex64
11740726400,8223,235962,103,1,1,128,1,1,16,0.000,0.000,,,,,NVIDIA A100-SXM4-40GB MIG 4g.20gb (0),1,,13,cupy_copy__complex64_complex64
11741361080,240094,235969,1,1,1,32,32,1,30,0.000,0.000,,,,,NVIDIA A100-SXM4-40GB MIG 4g.20gb (0),1,,13,"void convert_kernel<__half2, float2>(tensor_layout_any, T1 *, tensor_layout_any, const T2 *)"
11741630901,5824,235972,,,,,,,,,,0.094,16087.884,Pinned,Device,NVIDIA A100-SXM4-40GB MIG 4g.20gb (0),1,,13,[CUDA memcpy Host-to-Device]
11742089040,62015,235973,,,,,,,,,,35.810,577434.960,Device,,NVIDIA A100-SXM4-40GB MIG 4g.20gb (0),1,,13,[CUDA memset]
11742152751,2528,235975,,,,,,,,,,0.000,31.646,Pinned,Device,NVIDIA A100-SXM4-40GB MIG 4g.20gb (0),1,,13,[CUDA memcpy Host-to-Device]
11742160751,10464,235976,,,,,,,,,,0.197,18788.844,Pinned,Device,NVIDIA A100-SXM4-40GB MIG 4g.20gb (0),1,,13,[CUDA memcpy Host-to-Device]
11742838792,31743,235977,273,1,1,48,1,1,40,0.000,0.001,,,,,NVIDIA A100-SXM4-40GB MIG 4g.20gb (0),1,,13,"void pusch_noise_intf_est::noiseIntfEstNoDftSOfdmKernel<float, __half, float, float, (unsigned int)2, (unsigned int)1, (unsigned char)4, (unsigned char)4>(pusch_noise_intf_est::puschRxNoiseIntfEstDynDescr)"
11743480192,5216,235988,35,1,1,128,1,1,16,0.000,0.000,,,,,NVIDIA A100-SXM4-40GB MIG 4g.20gb (0),1,,13,cupy_copy__complex64_complex64
11744099897,6144,235997,1,1,1,1,1,1,18,0.000,0.000,,,,,NVIDIA A100-SXM4-40GB MIG 4g.20gb (0),1,,13,cupy_copy__float32_float32
11744107961,2336,236003,,,,,,,,,,0.000,1.712,Device,Pageable,NVIDIA A100-SXM4-40GB MIG 4g.20gb (0),1,,7,[CUDA memcpy Device-to-Host]
11744788529,26624,236014,1434,1,1,128,1,1,16,0.000,0.000,,,,,NVIDIA A100-SXM4-40GB MIG 4g.20gb (0),1,,13,cupy_copy__complex64_complex64
11745243628,4000,236021,103,1,1,128,1,1,16,0.000,0.000,,,,,NVIDIA A100-SXM4-40GB MIG 4g.20gb (0),1,,13,cupy_copy__complex64_complex64
11745856165,11456,236028,35,1,1,128,1,1,16,0.000,0.000,,,,,NVIDIA A100-SXM4-40GB MIG 4g.20gb (0),1,,13,cupy_copy__complex64_complex64
11746303712,3424,236035,1,1,1,1,1,1,18,0.000,0.000,,,,,NVIDIA A100-SXM4-40GB MIG 4g.20gb (0),1,,13,cupy_copy__float32_float32
11746934521,242621,236046,1,1,1,32,32,1,30,0.000,0.000,,,,,NVIDIA A100-SXM4-40GB MIG 4g.20gb (0),1,,13,"void convert_kernel<__half2, float2>(tensor_layout_any, T1 *, tensor_layout_any, const T2 *)"
11747207126,6624,236049,,,,,,,,,,0.094,14144.910,Pinned,Device,NVIDIA A100-SXM4-40GB MIG 4g.20gb (0),1,,13,[CUDA memcpy Host-to-Device]
11747665073,5984,236050,,,,,,,,,,1.547,258459.430,Device,,NVIDIA A100-SXM4-40GB MIG 4g.20gb (0),1,,13,[CUDA memset]
11747676561,5376,236055,,,,,,,,,,0.031,5821.400,Pinned,Device,NVIDIA A100-SXM4-40GB MIG 4g.20gb (0),1,,13,[CUDA memcpy Host-to-Device]
11747685105,10624,236056,,,,,,,,,,0.197,18505.925,Pinned,Device,NVIDIA A100-SXM4-40GB MIG 4g.20gb (0),1,,13,[CUDA memcpy Host-to-Device]
11748275146,51167,236057,273,1,1,8,4,1,39,0.002,0.000,,,,,NVIDIA A100-SXM4-40GB MIG 4g.20gb (0),1,,13,"void channel_eq::eqMmseCoefCompLowMimoKernel<float, float, float, (unsigned int)4, (unsigned int)1, (unsigned int)4>(const channel_eq::_puschRxChEqStatDescr *, channel_eq::_puschRxChEqCoefCompDynDescr)"
11748906627,23488,236058,273,1,1,12,11,1,51,0.002,0.000,,,,,NVIDIA A100-SXM4-40GB MIG 4g.20gb (0),1,,13,"void channel_eq::eqMmseSoftDemapKernel<float, __half, __half, float, (unsigned int)4, (unsigned short)16383>(channel_eq::_puschRxChEqStatDescr *, channel_eq::_puschRxChEqSoftDemapDynDescr)"
11749285278,534906,236059,1,1,1,32,32,1,30,0.000,0.000,,,,,NVIDIA A100-SXM4-40GB MIG 4g.20gb (0),1,,13,"void convert_kernel<float2, __half2>(tensor_layout_any, T1 *, tensor_layout_any, const T2 *)"
11750226644,23360,236071,2253,1,1,128,1,1,16,0.000,0.000,,,,,NVIDIA A100-SXM4-40GB MIG 4g.20gb (0),1,,13,cupy_copy__float16_float16
11750809805,12768,236080,282,1,1,128,1,1,16,0.000,0.000,,,,,NVIDIA A100-SXM4-40GB MIG 4g.20gb (0),1,,13,cupy_copy__complex64_complex64
11751180937,3648,236089,26,1,1,128,1,1,16,0.000,0.000,,,,,NVIDIA A100-SXM4-40GB MIG 4g.20gb (0),1,,13,cupy_copy__float32_float32
11751720995,11648,236098,103,1,1,128,1,1,16,0.000,0.000,,,,,NVIDIA A100-SXM4-40GB MIG 4g.20gb (0),1,,13,cupy_copy__complex64_complex64
11752153534,22464,236108,1434,1,1,128,1,1,16,0.000,0.000,,,,,NVIDIA A100-SXM4-40GB MIG 4g.20gb (0),1,,13,cupy_copy__complex64_complex64
11752742839,245981,236113,1,1,1,32,32,1,30,0.000,0.000,,,,,NVIDIA A100-SXM4-40GB MIG 4g.20gb (0),1,,13,"void convert_kernel<__half2, float2>(tensor_layout_any, T1 *, tensor_layout_any, const T2 *)"
11753024180,6208,236116,,,,,,,,,,0.094,15092.739,Pinned,Device,NVIDIA A100-SXM4-40GB MIG 4g.20gb (0),1,,13,[CUDA memcpy Host-to-Device]
11753474031,633465,236117,,,,,,,,,,456.561,720453.952,Device,,NVIDIA A100-SXM4-40GB MIG 4g.20gb (0),1,,13,[CUDA memset]
11754112904,54879,236122,,,,,,,,,,1.235,22501.915,Pinned,Device,NVIDIA A100-SXM4-40GB MIG 4g.20gb (0),1,,13,[CUDA memcpy Host-to-Device]
11754170247,10592,236123,,,,,,,,,,0.197,18561.761,Pinned,Device,NVIDIA A100-SXM4-40GB MIG 4g.20gb (0),1,,13,[CUDA memcpy Host-to-Device]
11754792000,31456,236124,69,4,1,48,1,1,76,0.002,0.000,,,,,NVIDIA A100-SXM4-40GB MIG 4g.20gb (0),1,,13,"void ch_est::windowedChEstPreNoDftSOfdmKernel<float, __half, float, (unsigned int)2, (unsigned int)1, (unsigned short)4>(ch_est::puschRxChEstStatDescr_t *, ch_est::puschRxChEstDynDescr_t *)"
11755376953,21792,236125,137,2,1,24,2,1,44,0.001,0.001,,,,,NVIDIA A100-SXM4-40GB MIG 4g.20gb (0),1,,13,"void ch_est::chEstFilterNoDftSOfdmDispatchKernel<float, __half, float, (unsigned int)2>(ch_est::puschRxChEstStatDescr_t *, ch_est::puschRxChEstDynDescr_t *)"
11755814708,17632,236126,137,2,1,24,2,1,44,0.001,0.001,,,,,NVIDIA A100-SXM4-40GB MIG 4g.20gb (0),1,,13,"void ch_est::chEstFilterNoDftSOfdmDispatchKernel<float, __half, float, (unsigned int)2>(ch_est::puschRxChEstStatDescr_t *, ch_est::puschRxChEstDynDescr_t *)"
11756412942,8448,236137,103,1,1,128,1,1,16,0.000,0.000,,,,,NVIDIA A100-SXM4-40GB MIG 4g.20gb (0),1,,13,cupy_copy__complex64_complex64
11756846313,20991,236147,1434,1,1,128,1,1,16,0.000,0.000,,,,,NVIDIA A100-SXM4-40GB MIG 4g.20gb (0),1,,13,cupy_copy__complex64_complex64
11757473026,10815,236154,103,1,1,128,1,1,16,0.000,0.000,,,,,NVIDIA A100-SXM4-40GB MIG 4g.20gb (0),1,,13,cupy_copy__complex64_complex64
11758097403,251293,236161,1,1,1,32,32,1,30,0.000,0.000,,,,,NVIDIA A100-SXM4-40GB MIG 4g.20gb (0),1,,13,"void convert_kernel<__half2, float2>(tensor_layout_any, T1 *, tensor_layout_any, const T2 *)"
11758377399,5856,236164,,,,,,,,,,0.094,15999.997,Pinned,Device,NVIDIA A100-SXM4-40GB MIG 4g.20gb (0),1,,13,[CUDA memcpy Host-to-Device]
11758867442,52991,236165,,,,,,,,,,35.810,675769.000,Device,,NVIDIA A100-SXM4-40GB MIG 4g.20gb (0),1,,13,[CUDA memset]
11758921809,1824,236167,,,,,,,,,,0.000,43.860,Pinned,Device,NVIDIA A100-SXM4-40GB MIG 4g.20gb (0),1,,13,[CUDA memcpy Host-to-Device]
11758929393,10464,236168,,,,,,,,,,0.197,18788.844,Pinned,Device,NVIDIA A100-SXM4-40GB MIG 4g.20gb (0),1,,13,[CUDA memcpy Host-to-Device]
11759587914,23359,236169,273,1,1,48,1,1,40,0.000,0.001,,,,,NVIDIA A100-SXM4-40GB MIG 4g.20gb (0),1,,13,"void pusch_noise_intf_est::noiseIntfEstNoDftSOfdmKernel<float, __half, float, float, (unsigned int)2, (unsigned int)1, (unsigned char)4, (unsigned char)4>(pusch_noise_intf_est::puschRxNoiseIntfEstDynDescr)"
11760269474,7776,236180,35,1,1,128,1,1,16,0.000,0.000,,,,,NVIDIA A100-SXM4-40GB MIG 4g.20gb (0),1,,13,cupy_copy__complex64_complex64
11760882779,3904,236189,1,1,1,1,1,1,18,0.000,0.000,,,,,NVIDIA A100-SXM4-40GB MIG 4g.20gb (0),1,,13,cupy_copy__float32_float32
11760895995,5728,236195,,,,,,,,,,0.000,0.698,Device,Pageable,NVIDIA A100-SXM4-40GB MIG 4g.20gb (0),1,,7,[CUDA memcpy Device-to-Host]
11761615539,21855,236206,1434,1,1,128,1,1,16,0.000,0.000,,,,,NVIDIA A100-SXM4-40GB MIG 4g.20gb (0),1,,13,cupy_copy__complex64_complex64
11762241228,10559,236213,103,1,1,128,1,1,16,0.000,0.000,,,,,NVIDIA A100-SXM4-40GB MIG 4g.20gb (0),1,,13,cupy_copy__complex64_complex64
11762804901,10560,236220,35,1,1,128,1,1,16,0.000,0.000,,,,,NVIDIA A100-SXM4-40GB MIG 4g.20gb (0),1,,13,cupy_copy__complex64_complex64
11763181441,3776,236227,1,1,1,1,1,1,18,0.000,0.000,,,,,NVIDIA A100-SXM4-40GB MIG 4g.20gb (0),1,,13,cupy_copy__float32_float32
11763719803,246749,236238,1,1,1,32,32,1,30,0.000,0.000,,,,,NVIDIA A100-SXM4-40GB MIG 4g.20gb (0),1,,13,"void convert_kernel<__half2, float2>(tensor_layout_any, T1 *, tensor_layout_any, const T2 *)"
11764001848,5983,236241,,,,,,,,,,0.094,15660.349,Pinned,Device,NVIDIA A100-SXM4-40GB MIG 4g.20gb (0),1,,13,[CUDA memcpy Host-to-Device]
11764422323,5760,236242,,,,,,,,,,1.547,268510.939,Device,,NVIDIA A100-SXM4-40GB MIG 4g.20gb (0),1,,13,[CUDA memset]
11764434259,3040,236247,,,,,,,,,,0.031,10294.725,Pinned,Device,NVIDIA A100-SXM4-40GB MIG 4g.20gb (0),1,,13,[CUDA memcpy Host-to-Device]
11764439795,10207,236248,,,,,,,,,,0.197,19261.882,Pinned,Device,NVIDIA A100-SXM4-40GB MIG 4g.20gb (0),1,,13,[CUDA memcpy Host-to-Device]
11764949325,26591,236249,273,1,1,8,4,1,39,0.002,0.000,,,,,NVIDIA A100-SXM4-40GB MIG 4g.20gb (0),1,,13,"void channel_eq::eqMmseCoefCompLowMimoKernel<float, float, float, (unsigned int)4, (unsigned int)1, (unsigned int)4>(const channel_eq::_puschRxChEqStatDescr *, channel_eq::_puschRxChEqCoefCompDynDescr)"
11765401192,21823,236250,273,1,1,12,11,1,51,0.002,0.000,,,,,NVIDIA A100-SXM4-40GB MIG 4g.20gb (0),1,,13,"void channel_eq::eqMmseSoftDemapKernel<float, __half, __half, float, (unsigned int)4, (unsigned short)16383>(channel_eq::_puschRxChEqStatDescr *, channel_eq::_puschRxChEqSoftDemapDynDescr)"
11765972097,696664,236251,1,1,1,32,32,1,30,0.000,0.000,,,,,NVIDIA A100-SXM4-40GB MIG 4g.20gb (0),1,,13,"void convert_kernel<float2, __half2>(tensor_layout_any, T1 *, tensor_layout_any, const T2 *)"
11767287634,18688,236263,2253,1,1,128,1,1,16,0.000,0.000,,,,,NVIDIA A100-SXM4-40GB MIG 4g.20gb (0),1,,13,cupy_copy__float16_float16
11767670862,5728,236272,282,1,1,128,1,1,16,0.000,0.000,,,,,NVIDIA A100-SXM4-40GB MIG 4g.20gb (0),1,,13,cupy_copy__complex64_complex64
11768261511,5856,236281,26,1,1,128,1,1,16,0.000,0.000,,,,,NVIDIA A100-SXM4-40GB MIG 4g.20gb (0),1,,13,cupy_copy__float32_float32
11768880160,12960,236290,103,1,1,128,1,1,16,0.000,0.000,,,,,NVIDIA A100-SXM4-40GB MIG 4g.20gb (0),1,,13,cupy_copy__complex64_complex64
11769327419,34656,236300,1434,1,1,128,1,1,16,0.000,0.000,,,,,NVIDIA A100-SXM4-40GB MIG 4g.20gb (0),1,,13,cupy_copy__complex64_complex64
11769988244,253789,236305,1,1,1,32,32,1,30,0.000,0.000,,,,,NVIDIA A100-SXM4-40GB MIG 4g.20gb (0),1,,13,"void convert_kernel<__half2, float2>(tensor_layout_any, T1 *, tensor_layout_any, const T2 *)"
11770271920,6432,236308,,,,,,,,,,0.094,14567.105,Pinned,Device,NVIDIA A100-SXM4-40GB MIG 4g.20gb (0),1,,13,[CUDA memcpy Host-to-Device]
11770711563,634073,236309,,,,,,,,,,456.561,719997.391,Device,,NVIDIA A100-SXM4-40GB MIG 4g.20gb (0),1,,13,[CUDA memset]
11771347620,54880,236314,,,,,,,,,,1.235,22501.915,Pinned,Device,NVIDIA A100-SXM4-40GB MIG 4g.20gb (0),1,,13,[CUDA memcpy Host-to-Device]
11771405380,9439,236315,,,,,,,,,,0.197,20829.241,Pinned,Device,NVIDIA A100-SXM4-40GB MIG 4g.20gb (0),1,,13,[CUDA memcpy Host-to-Device]
11772035228,26400,236316,69,4,1,48,1,1,76,0.002,0.000,,,,,NVIDIA A100-SXM4-40GB MIG 4g.20gb (0),1,,13,"void ch_est::windowedChEstPreNoDftSOfdmKernel<float, __half, float, (unsigned int)2, (unsigned int)1, (unsigned short)4>(ch_est::puschRxChEstStatDescr_t *, ch_est::puschRxChEstDynDescr_t *)"
11772681301,24800,236317,137,2,1,24,2,1,44,0.001,0.001,,,,,NVIDIA A100-SXM4-40GB MIG 4g.20gb (0),1,,13,"void ch_est::chEstFilterNoDftSOfdmDispatchKernel<float, __half, float, (unsigned int)2>(ch_est::puschRxChEstStatDescr_t *, ch_est::puschRxChEstDynDescr_t *)"
11773133008,12384,236318,137,2,1,24,2,1,44,0.001,0.001,,,,,NVIDIA A100-SXM4-40GB MIG 4g.20gb (0),1,,13,"void ch_est::chEstFilterNoDftSOfdmDispatchKernel<float, __half, float, (unsigned int)2>(ch_est::puschRxChEstStatDescr_t *, ch_est::puschRxChEstDynDescr_t *)"
11773721033,6880,236329,103,1,1,128,1,1,16,0.000,0.000,,,,,NVIDIA A100-SXM4-40GB MIG 4g.20gb (0),1,,13,cupy_copy__complex64_complex64
11774338338,19040,236339,1434,1,1,128,1,1,16,0.000,0.000,,,,,NVIDIA A100-SXM4-40GB MIG 4g.20gb (0),1,,13,cupy_copy__complex64_complex64
11774799805,9184,236346,103,1,1,128,1,1,16,0.000,0.000,,,,,NVIDIA A100-SXM4-40GB MIG 4g.20gb (0),1,,13,cupy_copy__complex64_complex64
11775434934,244189,236353,1,1,1,32,32,1,30,0.000,0.000,,,,,NVIDIA A100-SXM4-40GB MIG 4g.20gb (0),1,,13,"void convert_kernel<__half2, float2>(tensor_layout_any, T1 *, tensor_layout_any, const T2 *)"
11775708915,6336,236356,,,,,,,,,,0.094,14787.852,Pinned,Device,NVIDIA A100-SXM4-40GB MIG 4g.20gb (0),1,,13,[CUDA memcpy Host-to-Device]
11776092206,68544,236357,,,,,,,,,,35.810,522430.923,Device,,NVIDIA A100-SXM4-40GB MIG 4g.20gb (0),1,,13,[CUDA memset]
11776162094,5824,236359,,,,,,,,,,0.000,13.736,Pinned,Device,NVIDIA A100-SXM4-40GB MIG 4g.20gb (0),1,,13,[CUDA memcpy Host-to-Device]
11776170638,9631,236360,,,,,,,,,,0.197,20414.005,Pinned,Device,NVIDIA A100-SXM4-40GB MIG 4g.20gb (0),1,,13,[CUDA memcpy Host-to-Device]
11776773575,28223,236361,273,1,1,48,1,1,40,0.000,0.001,,,,,NVIDIA A100-SXM4-40GB MIG 4g.20gb (0),1,,13,"void pusch_noise_intf_est::noiseIntfEstNoDftSOfdmKernel<float, __half, float, float, (unsigned int)2, (unsigned int)1, (unsigned char)4, (unsigned char)4>(pusch_noise_intf_est::puschRxNoiseIntfEstDynDescr)"
11777336864,8320,236372,35,1,1,128,1,1,16,0.000,0.000,,,,,NVIDIA A100-SXM4-40GB MIG 4g.20gb (0),1,,13,cupy_copy__complex64_complex64
11777719996,3136,236381,1,1,1,1,1,1,18,0.000,0.000,,,,,NVIDIA A100-SXM4-40GB MIG 4g.20gb (0),1,,13,cupy_copy__float32_float32
11777723868,1600,236387,,,,,,,,,,0.000,2.500,Device,Pageable,NVIDIA A100-SXM4-40GB MIG 4g.20gb (0),1,,7,[CUDA memcpy Device-to-Host]
11778349877,19712,236398,1434,1,1,128,1,1,16,0.000,0.000,,,,,NVIDIA A100-SXM4-40GB MIG 4g.20gb (0),1,,13,cupy_copy__complex64_complex64
11778947342,8544,236405,103,1,1,128,1,1,16,0.000,0.000,,,,,NVIDIA A100-SXM4-40GB MIG 4g.20gb (0),1,,13,cupy_copy__complex64_complex64
11779327562,15776,236412,35,1,1,128,1,1,16,0.000,0.000,,,,,NVIDIA A100-SXM4-40GB MIG 4g.20gb (0),1,,13,cupy_copy__complex64_complex64
11779963682,3040,236419,1,1,1,1,1,1,18,0.000,0.000,,,,,NVIDIA A100-SXM4-40GB MIG 4g.20gb (0),1,,13,cupy_copy__float32_float32
11780585659,253918,236430,1,1,1,32,32,1,30,0.000,0.000,,,,,NVIDIA A100-SXM4-40GB MIG 4g.20gb (0),1,,13,"void convert_kernel<__half2, float2>(tensor_layout_any, T1 *, tensor_layout_any, const T2 *)"
11780870232,5600,236433,,,,,,,,,,0.094,16731.388,Pinned,Device,NVIDIA A100-SXM4-40GB MIG 4g.20gb (0),1,,13,[CUDA memcpy Host-to-Device]
11781308083,10688,236434,,,,,,,,,,1.547,144705.235,Device,,NVIDIA A100-SXM4-40GB MIG 4g.20gb (0),1,,13,[CUDA memset]
11781325843,3200,236439,,,,,,,,,,0.031,9780.000,Pinned,Device,NVIDIA A100-SXM4-40GB MIG 4g.20gb (0),1,,13,[CUDA memcpy Host-to-Device]
11781331507,12768,236440,,,,,,,,,,0.197,15398.339,Pinned,Device,NVIDIA A100-SXM4-40GB MIG 4g.20gb (0),1,,13,[CUDA memcpy Host-to-Device]
11781982476,47775,236441,273,1,1,8,4,1,39,0.002,0.000,,,,,NVIDIA A100-SXM4-40GB MIG 4g.20gb (0),1,,13,"void channel_eq::eqMmseCoefCompLowMimoKernel<float, float, float, (unsigned int)4, (unsigned int)1, (unsigned int)4>(const channel_eq::_puschRxChEqStatDescr *, channel_eq::_puschRxChEqCoefCompDynDescr)"
11782630948,22752,236442,273,1,1,12,11,1,51,0.002,0.000,,,,,NVIDIA A100-SXM4-40GB MIG 4g.20gb (0),1,,13,"void channel_eq::eqMmseSoftDemapKernel<float, __half, __half, float, (unsigned int)4, (unsigned short)16383>(channel_eq::_puschRxChEqStatDescr *, channel_eq::_puschRxChEqSoftDemapDynDescr)"
11783070495,699128,236443,1,1,1,32,32,1,30,0.000,0.000,,,,,NVIDIA A100-SXM4-40GB MIG 4g.20gb (0),1,,13,"void convert_kernel<float2, __half2>(tensor_layout_any, T1 *, tensor_layout_any, const T2 *)"
11784376560,12608,236455,2253,1,1,128,1,1,16,0.000,0.000,,,,,NVIDIA A100-SXM4-40GB MIG 4g.20gb (0),1,,13,cupy_copy__float16_float16
11785055209,4992,236464,282,1,1,128,1,1,16,0.000,0.000,,,,,NVIDIA A100-SXM4-40GB MIG 4g.20gb (0),1,,13,cupy_copy__complex64_complex64
11785652450,3520,236473,26,1,1,128,1,1,16,0.000,0.000,,,,,NVIDIA A100-SXM4-40GB MIG 4g.20gb (0),1,,13,cupy_copy__float32_float32
11786236795,12256,236482,103,1,1,128,1,1,16,0.000,0.000,,,,,NVIDIA A100-SXM4-40GB MIG 4g.20gb (0),1,,13,cupy_copy__complex64_complex64
11786668726,21664,236492,1434,1,1,128,1,1,16,0.000,0.000,,,,,NVIDIA A100-SXM4-40GB MIG 4g.20gb (0),1,,13,cupy_copy__complex64_complex64
11787299023,245821,236497,1,1,1,32,32,1,30,0.000,0.000,,,,,NVIDIA A100-SXM4-40GB MIG 4g.20gb (0),1,,13,"void convert_kernel<__half2, float2>(tensor_layout_any, T1 *, tensor_layout_any, const T2 *)"
11787574060,5472,236500,,,,,,,,,,0.094,17122.757,Pinned,Device,NVIDIA A100-SXM4-40GB MIG 4g.20gb (0),1,,13,[CUDA memcpy Host-to-Device]
11788015943,629977,236501,,,,,,,,,,456.561,724563.005,Device,,NVIDIA A100-SXM4-40GB MIG 4g.20gb (0),1,,13,[CUDA memset]
11788652512,57855,236506,,,,,,,,,,1.235,21344.772,Pinned,Device,NVIDIA A100-SXM4-40GB MIG 4g.20gb (0),1,,13,[CUDA memcpy Host-to-Device]
11788712895,9600,236507,,,,,,,,,,0.197,20479.869,Pinned,Device,NVIDIA A100-SXM4-40GB MIG 4g.20gb (0),1,,13,[CUDA memcpy Host-to-Device]
11789261337,16160,236508,69,4,1,48,1,1,76,0.002,0.000,,,,,NVIDIA A100-SXM4-40GB MIG 4g.20gb (0),1,,13,"void ch_est::windowedChEstPreNoDftSOfdmKernel<float, __half, float, (unsigned int)2, (unsigned int)1, (unsigned short)4>(ch_est::puschRxChEstStatDescr_t *, ch_est::puschRxChEstDynDescr_t *)"
11789836691,23551,236509,137,2,1,24,2,1,44,0.001,0.001,,,,,NVIDIA A100-SXM4-40GB MIG 4g.20gb (0),1,,13,"void ch_est::chEstFilterNoDftSOfdmDispatchKernel<float, __half, float, (unsigned int)2>(ch_est::puschRxChEstStatDescr_t *, ch_est::puschRxChEstDynDescr_t *)"
11790208846,18752,236510,137,2,1,24,2,1,44,0.001,0.001,,,,,NVIDIA A100-SXM4-40GB MIG 4g.20gb (0),1,,13,"void ch_est::chEstFilterNoDftSOfdmDispatchKernel<float, __half, float, (unsigned int)2>(ch_est::puschRxChEstStatDescr_t *, ch_est::puschRxChEstDynDescr_t *)"
11790763080,5280,236521,103,1,1,128,1,1,16,0.000,0.000,,,,,NVIDIA A100-SXM4-40GB MIG 4g.20gb (0),1,,13,cupy_copy__complex64_complex64
11791211075,17184,236531,1434,1,1,128,1,1,16,0.000,0.000,,,,,NVIDIA A100-SXM4-40GB MIG 4g.20gb (0),1,,13,cupy_copy__complex64_complex64
11791847996,8640,236538,103,1,1,128,1,1,16,0.000,0.000,,,,,NVIDIA A100-SXM4-40GB MIG 4g.20gb (0),1,,13,cupy_copy__complex64_complex64
11792484212,241470,236545,1,1,1,32,32,1,30,0.000,0.000,,,,,NVIDIA A100-SXM4-40GB MIG 4g.20gb (0),1,,13,"void convert_kernel<__half2, float2>(tensor_layout_any, T1 *, tensor_layout_any, const T2 *)"
11792757009,6208,236548,,,,,,,,,,0.094,15092.739,Pinned,Device,NVIDIA A100-SXM4-40GB MIG 4g.20gb (0),1,,13,[CUDA memcpy Host-to-Device]
11793200652,61408,236549,,,,,,,,,,35.810,583128.737,Device,,NVIDIA A100-SXM4-40GB MIG 4g.20gb (0),1,,13,[CUDA memset]
11793267596,2432,236551,,,,,,,,,,0.000,32.895,Pinned,Device,NVIDIA A100-SXM4-40GB MIG 4g.20gb (0),1,,13,[CUDA memcpy Host-to-Device]
11793275499,9440,236552,,,,,,,,,,0.197,20827.079,Pinned,Device,NVIDIA A100-SXM4-40GB MIG 4g.20gb (0),1,,13,[CUDA memcpy Host-to-Device]
11793870661,35455,236553,273,1,1,48,1,1,40,0.000,0.001,,,,,NVIDIA A100-SXM4-40GB MIG 4g.20gb (0),1,,13,"void pusch_noise_intf_est::noiseIntfEstNoDftSOfdmKernel<float, __half, float, float, (unsigned int)2, (unsigned int)1, (unsigned char)4, (unsigned char)4>(pusch_noise_intf_est::puschRxNoiseIntfEstDynDescr)"
11794492638,6464,236564,35,1,1,128,1,1,16,0.000,0.000,,,,,NVIDIA A100-SXM4-40GB MIG 4g.20gb (0),1,,13,cupy_copy__complex64_complex64
11794922105,3296,236573,1,1,1,1,1,1,18,0.000,0.000,,,,,NVIDIA A100-SXM4-40GB MIG 4g.20gb (0),1,,13,cupy_copy__float32_float32
11794931577,4640,236579,,,,,,,,,,0.000,0.862,Device,Pageable,NVIDIA A100-SXM4-40GB MIG 4g.20gb (0),1,,7,[CUDA memcpy Device-to-Host]
11795592273,20640,236590,1434,1,1,128,1,1,16,0.000,0.000,,,,,NVIDIA A100-SXM4-40GB MIG 4g.20gb (0),1,,13,cupy_copy__complex64_complex64
11796188138,4160,236597,103,1,1,128,1,1,16,0.000,0.000,,,,,NVIDIA A100-SXM4-40GB MIG 4g.20gb (0),1,,13,cupy_copy__complex64_complex64
11796886083,4159,236604,35,1,1,128,1,1,16,0.000,0.000,,,,,NVIDIA A100-SXM4-40GB MIG 4g.20gb (0),1,,13,cupy_copy__complex64_complex64
11797706489,2880,236611,1,1,1,1,1,1,18,0.000,0.000,,,,,NVIDIA A100-SXM4-40GB MIG 4g.20gb (0),1,,13,cupy_copy__float32_float32
11798376626,236925,236622,1,1,1,32,32,1,30,0.000,0.000,,,,,NVIDIA A100-SXM4-40GB MIG 4g.20gb (0),1,,13,"void convert_kernel<__half2, float2>(tensor_layout_any, T1 *, tensor_layout_any, const T2 *)"
11798643439,5472,236625,,,,,,,,,,0.094,17122.757,Pinned,Device,NVIDIA A100-SXM4-40GB MIG 4g.20gb (0),1,,13,[CUDA memcpy Host-to-Device]
11799127529,5536,236626,,,,,,,,,,1.547,279374.426,Device,,NVIDIA A100-SXM4-40GB MIG 4g.20gb (0),1,,13,[CUDA memset]
11799139337,3072,236631,,,,,,,,,,0.031,10187.474,Pinned,Device,NVIDIA A100-SXM4-40GB MIG 4g.20gb (0),1,,13,[CUDA memcpy Host-to-Device]
11799147497,9792,236632,,,,,,,,,,0.197,20078.395,Pinned,Device,NVIDIA A100-SXM4-40GB MIG 4g.20gb (0),1,,13,[CUDA memcpy Host-to-Device]
11799701571,8896,236633,273,1,1,8,4,1,39,0.002,0.000,,,,,NVIDIA A100-SXM4-40GB MIG 4g.20gb (0),1,,13,"void channel_eq::eqMmseCoefCompLowMimoKernel<float, float, float, (unsigned int)4, (unsigned int)1, (unsigned int)4>(const channel_eq::_puschRxChEqStatDescr *, channel_eq::_puschRxChEqCoefCompDynDescr)"
11800508889,14432,236634,273,1,1,12,11,1,51,0.002,0.000,,,,,NVIDIA A100-SXM4-40GB MIG 4g.20gb (0),1,,13,"void channel_eq::eqMmseSoftDemapKernel<float, __half, __half, float, (unsigned int)4, (unsigned short)16383>(channel_eq::_puschRxChEqStatDescr *, channel_eq::_puschRxChEqSoftDemapDynDescr)"
11801128178,708152,236635,1,1,1,32,32,1,30,0.000,0.000,,,,,NVIDIA A100-SXM4-40GB MIG 4g.20gb (0),1,,13,"void convert_kernel<float2, __half2>(tensor_layout_any, T1 *, tensor_layout_any, const T2 *)"
11802326949,19648,236647,2253,1,1,128,1,1,16,0.000,0.000,,,,,NVIDIA A100-SXM4-40GB MIG 4g.20gb (0),1,,13,cupy_copy__float16_float16
11802731744,7712,236656,282,1,1,128,1,1,16,0.000,0.000,,,,,NVIDIA A100-SXM4-40GB MIG 4g.20gb (0),1,,13,cupy_copy__complex64_complex64
11803296954,5344,236665,26,1,1,128,1,1,16,0.000,0.000,,,,,NVIDIA A100-SXM4-40GB MIG 4g.20gb (0),1,,13,cupy_copy__float32_float32
11803678293,4992,236674,103,1,1,128,1,1,16,0.000,0.000,,,,,NVIDIA A100-SXM4-40GB MIG 4g.20gb (0),1,,13,cupy_copy__complex64_complex64
11804371918,18367,236690,1434,1,1,128,1,1,16,0.000,0.000,,,,,NVIDIA A100-SXM4-40GB MIG 4g.20gb (0),1,,13,cupy_copy__complex64_complex64
11804776137,253021,236695,1,1,1,32,32,1,30,0.000,0.000,,,,,NVIDIA A100-SXM4-40GB MIG 4g.20gb (0),1,,13,"void convert_kernel<__half2, float2>(tensor_layout_any, T1 *, tensor_layout_any, const T2 *)"
11805058982,8576,236698,,,,,,,,,,0.094,10925.328,Pinned,Device,NVIDIA A100-SXM4-40GB MIG 4g.20gb (0),1,,13,[CUDA memcpy Host-to-Device]
11805692511,623065,236699,,,,,,,,,,456.561,732324.550,Device,,NVIDIA A100-SXM4-40GB MIG 4g.20gb (0),1,,13,[CUDA memset]
11806323447,58016,236704,,,,,,,,,,1.235,21285.495,Pinned,Device,NVIDIA A100-SXM4-40GB MIG 4g.20gb (0),1,,13,[CUDA memcpy Host-to-Device]
11806387959,11296,236705,,,,,,,,,,0.197,17404.920,Pinned,Device,NVIDIA A100-SXM4-40GB MIG 4g.20gb (0),1,,13,[CUDA memcpy Host-to-Device]
11806994192,23712,236706,69,4,1,48,1,1,76,0.002,0.000,,,,,NVIDIA A100-SXM4-40GB MIG 4g.20gb (0),1,,13,"void ch_est::windowedChEstPreNoDftSOfdmKernel<float, __half, float, (unsigned int)2, (unsigned int)1, (unsigned short)4>(ch_est::puschRxChEstStatDescr_t *, ch_est::puschRxChEstDynDescr_t *)"
11807388907,30912,236707,137,2,1,24,2,1,44,0.001,0.001,,,,,NVIDIA A100-SXM4-40GB MIG 4g.20gb (0),1,,13,"void ch_est::chEstFilterNoDftSOfdmDispatchKernel<float, __half, float, (unsigned int)2>(ch_est::puschRxChEstStatDescr_t *, ch_est::puschRxChEstDynDescr_t *)"
11808011876,25696,236708,137,2,1,24,2,1,44,0.001,0.001,,,,,NVIDIA A100-SXM4-40GB MIG 4g.20gb (0),1,,13,"void ch_est::chEstFilterNoDftSOfdmDispatchKernel<float, __half, float, (unsigned int)2>(ch_est::puschRxChEstStatDescr_t *, ch_est::puschRxChEstDynDescr_t *)"
11808442591,4352,236719,103,1,1,128,1,1,16,0.000,0.000,,,,,NVIDIA A100-SXM4-40GB MIG 4g.20gb (0),1,,13,cupy_copy__complex64_complex64
11809071704,19840,236729,1434,1,1,128,1,1,16,0.000,0.000,,,,,NVIDIA A100-SXM4-40GB MIG 4g.20gb (0),1,,13,cupy_copy__complex64_complex64
11809657682,6496,236736,103,1,1,128,1,1,16,0.000,0.000,,,,,NVIDIA A100-SXM4-40GB MIG 4g.20gb (0),1,,13,cupy_copy__complex64_complex64
11810094189,256509,236743,1,1,1,32,32,1,30,0.000,0.000,,,,,NVIDIA A100-SXM4-40GB MIG 4g.20gb (0),1,,13,"void convert_kernel<__half2, float2>(tensor_layout_any, T1 *, tensor_layout_any, const T2 *)"
11810381065,10752,236746,,,,,,,,,,0.094,8714.196,Pinned,Device,NVIDIA A100-SXM4-40GB MIG 4g.20gb (0),1,,13,[CUDA memcpy Host-to-Device]
11810992227,56895,236747,,,,,,,,,,35.810,629395.154,Device,,NVIDIA A100-SXM4-40GB MIG 4g.20gb (0),1,,13,[CUDA memset]
11811050786,1824,236749,,,,,,,,,,0.000,43.860,Pinned,Device,NVIDIA A100-SXM4-40GB MIG 4g.20gb (0),1,,13,[CUDA memcpy Host-to-Device]
11811055682,10528,236750,,,,,,,,,,0.197,18674.614,Pinned,Device,NVIDIA A100-SXM4-40GB MIG 4g.20gb (0),1,,13,[CUDA memcpy Host-to-Device]
11811727642,27328,236751,273,1,1,48,1,1,40,0.000,0.001,,,,,NVIDIA A100-SXM4-40GB MIG 4g.20gb (0),1,,13,"void pusch_noise_intf_est::noiseIntfEstNoDftSOfdmKernel<float, __half, float, float, (unsigned int)2, (unsigned int)1, (unsigned char)4, (unsigned char)4>(pusch_noise_intf_est::puschRxNoiseIntfEstDynDescr)"
11812160149,12896,236762,35,1,1,128,1,1,16,0.000,0.000,,,,,NVIDIA A100-SXM4-40GB MIG 4g.20gb (0),1,,13,cupy_copy__complex64_complex64
11812780238,3232,236771,1,1,1,1,1,1,18,0.000,0.000,,,,,NVIDIA A100-SXM4-40GB MIG 4g.20gb (0),1,,13,cupy_copy__float32_float32
11812789934,1792,236777,,,,,,,,,,0.000,2.232,Device,Pageable,NVIDIA A100-SXM4-40GB MIG 4g.20gb (0),1,,7,[CUDA memcpy Device-to-Host]
11813444263,18112,236788,1434,1,1,128,1,1,16,0.000,0.000,,,,,NVIDIA A100-SXM4-40GB MIG 4g.20gb (0),1,,13,cupy_copy__complex64_complex64
11813888578,4288,236795,103,1,1,128,1,1,16,0.000,0.000,,,,,NVIDIA A100-SXM4-40GB MIG 4g.20gb (0),1,,13,cupy_copy__complex64_complex64
11814520123,4223,236802,35,1,1,128,1,1,16,0.000,0.000,,,,,NVIDIA A100-SXM4-40GB MIG 4g.20gb (0),1,,13,cupy_copy__complex64_complex64
11815207219,3456,236809,1,1,1,1,1,1,18,0.000,0.000,,,,,NVIDIA A100-SXM4-40GB MIG 4g.20gb (0),1,,13,cupy_copy__float32_float32
11815671405,246782,236820,1,1,1,32,32,1,30,0.000,0.000,,,,,NVIDIA A100-SXM4-40GB MIG 4g.20gb (0),1,,13,"void convert_kernel<__half2, float2>(tensor_layout_any, T1 *, tensor_layout_any, const T2 *)"
11815949578,6208,236823,,,,,,,,,,0.094,15092.739,Pinned,Device,NVIDIA A100-SXM4-40GB MIG 4g.20gb (0),1,,13,[CUDA memcpy Host-to-Device]
11816442693,20095,236824,,,,,,,,,,1.547,76964.650,Device,,NVIDIA A100-SXM4-40GB MIG 4g.20gb (0),1,,13,[CUDA memset]
11816467716,5376,236829,,,,,,,,,,0.031,5821.400,Pinned,Device,NVIDIA A100-SXM4-40GB MIG 4g.20gb (0),1,,13,[CUDA memcpy Host-to-Device]
11816478628,10592,236830,,,,,,,,,,0.197,18561.761,Pinned,Device,NVIDIA A100-SXM4-40GB MIG 4g.20gb (0),1,,13,[CUDA memcpy Host-to-Device]
11817132829,20608,236831,273,1,1,8,4,1,39,0.002,0.000,,,,,NVIDIA A100-SXM4-40GB MIG 4g.20gb (0),1,,13,"void channel_eq::eqMmseCoefCompLowMimoKernel<float, float, float, (unsigned int)4, (unsigned int)1, (unsigned int)4>(const channel_eq::_puschRxChEqStatDescr *, channel_eq::_puschRxChEqCoefCompDynDescr)"
11817692695,12639,236832,273,1,1,12,11,1,51,0.002,0.000,,,,,NVIDIA A100-SXM4-40GB MIG 4g.20gb (0),1,,13,"void channel_eq::eqMmseSoftDemapKernel<float, __half, __half, float, (unsigned int)4, (unsigned short)16383>(channel_eq::_puschRxChEqStatDescr *, channel_eq::_puschRxChEqSoftDemapDynDescr)"
11818295152,719256,236833,1,1,1,32,32,1,30,0.000,0.000,,,,,NVIDIA A100-SXM4-40GB MIG 4g.20gb (0),1,,13,"void convert_kernel<float2, __half2>(tensor_layout_any, T1 *, tensor_layout_any, const T2 *)"
11819601761,13408,236845,2253,1,1,128,1,1,16,0.000,0.000,,,,,NVIDIA A100-SXM4-40GB MIG 4g.20gb (0),1,,13,cupy_copy__float16_float16
11820235098,10432,236854,282,1,1,128,1,1,16,0.000,0.000,,,,,NVIDIA A100-SXM4-40GB MIG 4g.20gb (0),1,,13,cupy_copy__complex64_complex64
11820710836,3840,236863,26,1,1,128,1,1,16,0.000,0.000,,,,,NVIDIA A100-SXM4-40GB MIG 4g.20gb (0),1,,13,cupy_copy__float32_float32
11821325197,21376,236872,103,1,1,128,1,1,16,0.000,0.000,,,,,NVIDIA A100-SXM4-40GB MIG 4g.20gb (0),1,,13,cupy_copy__complex64_complex64
11821984390,26496,236882,1434,1,1,128,1,1,16,0.000,0.000,,,,,NVIDIA A100-SXM4-40GB MIG 4g.20gb (0),1,,13,cupy_copy__complex64_complex64
11822472288,196766,236887,1,1,1,32,32,1,30,0.000,0.000,,,,,NVIDIA A100-SXM4-40GB MIG 4g.20gb (0),1,,13,"void convert_kernel<__half2, float2>(tensor_layout_any, T1 *, tensor_layout_any, const T2 *)"
11822699390,5600,236890,,,,,,,,,,0.094,16731.388,Pinned,Device,NVIDIA A100-SXM4-40GB MIG 4g.20gb (0),1,,13,[CUDA memcpy Host-to-Device]
11823178968,625881,236891,,,,,,,,,,456.561,729128.620,Device,,NVIDIA A100-SXM4-40GB MIG 4g.20gb (0),1,,13,[CUDA memset]
11823813169,53663,236896,,,,,,,,,,1.235,23011.946,Pinned,Device,NVIDIA A100-SXM4-40GB MIG 4g.20gb (0),1,,13,[CUDA memcpy Host-to-Device]
11823869328,9632,236897,,,,,,,,,,0.197,20411.843,Pinned,Device,NVIDIA A100-SXM4-40GB MIG 4g.20gb (0),1,,13,[CUDA memcpy Host-to-Device]
11824509737,17056,236898,69,4,1,48,1,1,76,0.002,0.000,,,,,NVIDIA A100-SXM4-40GB MIG 4g.20gb (0),1,,13,"void ch_est::windowedChEstPreNoDftSOfdmKernel<float, __half, float, (unsigned int)2, (unsigned int)1, (unsigned short)4>(ch_est::puschRxChEstStatDescr_t *, ch_est::puschRxChEstDynDescr_t *)"
11825142882,26080,236899,137,2,1,24,2,1,44,0.001,0.001,,,,,NVIDIA A100-SXM4-40GB MIG 4g.20gb (0),1,,13,"void ch_est::chEstFilterNoDftSOfdmDispatchKernel<float, __half, float, (unsigned int)2>(ch_est::puschRxChEstStatDescr_t *, ch_est::puschRxChEstDynDescr_t *)"
11825611805,14944,236900,137,2,1,24,2,1,44,0.001,0.001,,,,,NVIDIA A100-SXM4-40GB MIG 4g.20gb (0),1,,13,"void ch_est::chEstFilterNoDftSOfdmDispatchKernel<float, __half, float, (unsigned int)2>(ch_est::puschRxChEstStatDescr_t *, ch_est::puschRxChEstDynDescr_t *)"
11826325845,4608,236911,103,1,1,128,1,1,16,0.000,0.000,,,,,NVIDIA A100-SXM4-40GB MIG 4g.20gb (0),1,,13,cupy_copy__complex64_complex64
11826964429,28064,236921,1434,1,1,128,1,1,16,0.000,0.000,,,,,NVIDIA A100-SXM4-40GB MIG 4g.20gb (0),1,,13,cupy_copy__complex64_complex64
11827634726,7744,236928,103,1,1,128,1,1,16,0.000,0.000,,,,,NVIDIA A100-SXM4-40GB MIG 4g.20gb (0),1,,13,cupy_copy__complex64_complex64
11828092129,202621,236935,1,1,1,32,32,1,30,0.000,0.000,,,,,NVIDIA A100-SXM4-40GB MIG 4g.20gb (0),1,,13,"void convert_kernel<__half2, float2>(tensor_layout_any, T1 *, tensor_layout_any, const T2 *)"
11828325886,6304,236938,,,,,,,,,,0.094,14862.903,Pinned,Device,NVIDIA A100-SXM4-40GB MIG 4g.20gb (0),1,,13,[CUDA memcpy Host-to-Device]
11828712378,53343,236939,,,,,,,,,,35.810,671292.760,Device,,NVIDIA A100-SXM4-40GB MIG 4g.20gb (0),1,,13,[CUDA memset]
11828768025,4992,236941,,,,,,,,,,0.000,16.026,Pinned,Device,NVIDIA A100-SXM4-40GB MIG 4g.20gb (0),1,,13,[CUDA memcpy Host-to-Device]
11828778617,9504,236942,,,,,,,,,,0.197,20686.701,Pinned,Device,NVIDIA A100-SXM4-40GB MIG 4g.20gb (0),1,,13,[CUDA memcpy Host-to-Device]
11829370418,16928,236943,273,1,1,48,1,1,40,0.000,0.001,,,,,NVIDIA A100-SXM4-40GB MIG 4g.20gb (0),1,,13,"void pusch_noise_intf_est::noiseIntfEstNoDftSOfdmKernel<float, __half, float, float, (unsigned int)2, (unsigned int)1, (unsigned char)4, (unsigned char)4>(pusch_noise_intf_est::puschRxNoiseIntfEstDynDescr)"
11829887116,9760,236954,35,1,1,128,1,1,16,0.000,0.000,,,,,NVIDIA A100-SXM4-40GB MIG 4g.20gb (0),1,,13,cupy_copy__complex64_complex64
11830270248,3200,236963,1,1,1,1,1,1,18,0.000,0.000,,,,,NVIDIA A100-SXM4-40GB MIG 4g.20gb (0),1,,13,cupy_copy__float32_float32
11830276584,5312,236969,,,,,,,,,,0.000,0.753,Device,Pageable,NVIDIA A100-SXM4-40GB MIG 4g.20gb (0),1,,7,[CUDA memcpy Device-to-Host]
11830841249,40352,236980,1434,1,1,128,1,1,16,0.000,0.000,,,,,NVIDIA A100-SXM4-40GB MIG 4g.20gb (0),1,,13,cupy_copy__complex64_complex64
11831307260,4128,236987,103,1,1,128,1,1,16,0.000,0.000,,,,,NVIDIA A100-SXM4-40GB MIG 4g.20gb (0),1,,13,cupy_copy__complex64_complex64
11831935061,4160,236994,35,1,1,128,1,1,16,0.000,0.000,,,,,NVIDIA A100-SXM4-40GB MIG 4g.20gb (0),1,,13,cupy_copy__complex64_complex64
11832628493,4864,237001,1,1,1,1,1,1,18,0.000,0.000,,,,,NVIDIA A100-SXM4-40GB MIG 4g.20gb (0),1,,13,cupy_copy__float32_float32
11833066536,255965,237012,1,1,1,32,32,1,30,0.000,0.000,,,,,NVIDIA A100-SXM4-40GB MIG 4g.20gb (0),1,,13,"void convert_kernel<__half2, float2>(tensor_layout_any, T1 *, tensor_layout_any, const T2 *)"
11833354725,7008,237015,,,,,,,,,,0.094,13369.857,Pinned,Device,NVIDIA A100-SXM4-40GB MIG 4g.20gb (0),1,,13,[CUDA memcpy Host-to-Device]
11833909183,7072,237016,,,,,,,,,,1.547,218695.727,Device,,NVIDIA A100-SXM4-40GB MIG 4g.20gb (0),1,,13,[CUDA memset]
11833921982,3072,237021,,,,,,,,,,0.031,10187.474,Pinned,Device,NVIDIA A100-SXM4-40GB MIG 4g.20gb (0),1,,13,[CUDA memcpy Host-to-Device]
11833927710,13824,237022,,,,,,,,,,0.197,14222.033,Pinned,Device,NVIDIA A100-SXM4-40GB MIG 4g.20gb (0),1,,13,[CUDA memcpy Host-to-Device]
11834284282,43744,237023,273,1,1,8,4,1,39,0.002,0.000,,,,,NVIDIA A100-SXM4-40GB MIG 4g.20gb (0),1,,13,"void channel_eq::eqMmseCoefCompLowMimoKernel<float, float, float, (unsigned int)4, (unsigned int)1, (unsigned int)4>(const channel_eq::_puschRxChEqStatDescr *, channel_eq::_puschRxChEqCoefCompDynDescr)"
11834848692,25504,237024,273,1,1,12,11,1,51,0.002,0.000,,,,,NVIDIA A100-SXM4-40GB MIG 4g.20gb (0),1,,13,"void channel_eq::eqMmseSoftDemapKernel<float, __half, __half, float, (unsigned int)4, (unsigned short)16383>(channel_eq::_puschRxChEqStatDescr *, channel_eq::_puschRxChEqSoftDemapDynDescr)"
11835241231,538938,237025,1,1,1,32,32,1,30,0.000,0.000,,,,,NVIDIA A100-SXM4-40GB MIG 4g.20gb (0),1,,13,"void convert_kernel<float2, __half2>(tensor_layout_any, T1 *, tensor_layout_any, const T2 *)"
11836171109,20480,237037,2253,1,1,128,1,1,16,0.000,0.000,,,,,NVIDIA A100-SXM4-40GB MIG 4g.20gb (0),1,,13,cupy_copy__float16_float16
11836829469,9856,237046,282,1,1,128,1,1,16,0.000,0.000,,,,,NVIDIA A100-SXM4-40GB MIG 4g.20gb (0),1,,13,cupy_copy__complex64_complex64
11837204889,3648,237055,26,1,1,128,1,1,16,0.000,0.000,,,,,NVIDIA A100-SXM4-40GB MIG 4g.20gb (0),1,,13,cupy_copy__float32_float32
11837821842,13792,237064,103,1,1,128,1,1,16,0.000,0.000,,,,,NVIDIA A100-SXM4-40GB MIG 4g.20gb (0),1,,13,cupy_copy__complex64_complex64
11838300557,25407,237074,1434,1,1,128,1,1,16,0.000,0.000,,,,,NVIDIA A100-SXM4-40GB MIG 4g.20gb (0),1,,13,cupy_copy__complex64_complex64
11838897158,243037,237079,1,1,1,32,32,1,30,0.000,0.000,,,,,NVIDIA A100-SXM4-40GB MIG 4g.20gb (0),1,,13,"void convert_kernel<__half2, float2>(tensor_layout_any, T1 *, tensor_layout_any, const T2 *)"
11839170947,5984,237082,,,,,,,,,,0.094,15657.726,Pinned,Device,NVIDIA A100-SXM4-40GB MIG 4g.20gb (0),1,,13,[CUDA memcpy Host-to-Device]
11839642110,628440,237083,,,,,,,,,,456.561,726389.251,Device,,NVIDIA A100-SXM4-40GB MIG 4g.20gb (0),1,,13,[CUDA memset]
11840275862,54944,237088,,,,,,,,,,1.235,22475.981,Pinned,Device,NVIDIA A100-SXM4-40GB MIG 4g.20gb (0),1,,13,[CUDA memcpy Host-to-Device]
11840333334,9984,237089,,,,,,,,,,0.197,19692.257,Pinned,Device,NVIDIA A100-SXM4-40GB MIG 4g.20gb (0),1,,13,[CUDA memcpy Host-to-Device]
11840982190,28768,237090,69,4,1,48,1,1,76,0.002,0.000,,,,,NVIDIA A100-SXM4-40GB MIG 4g.20gb (0),1,,13,"void ch_est::windowedChEstPreNoDftSOfdmKernel<float, __half, float, (unsigned int)2, (unsigned int)1, (unsigned short)4>(ch_est::puschRxChEstStatDescr_t *, ch_est::puschRxChEstDynDescr_t *)"
11841639399,25568,237091,137,2,1,24,2,1,44,0.001,0.001,,,,,NVIDIA A100-SXM4-40GB MIG 4g.20gb (0),1,,13,"void ch_est::chEstFilterNoDftSOfdmDispatchKernel<float, __half, float, (unsigned int)2>(ch_est::puschRxChEstStatDescr_t *, ch_est::puschRxChEstDynDescr_t *)"
11842097378,13888,237092,137,2,1,24,2,1,44,0.001,0.001,,,,,NVIDIA A100-SXM4-40GB MIG 4g.20gb (0),1,,13,"void ch_est::chEstFilterNoDftSOfdmDispatchKernel<float, __half, float, (unsigned int)2>(ch_est::puschRxChEstStatDescr_t *, ch_est::puschRxChEstDynDescr_t *)"
11842704667,4160,237103,103,1,1,128,1,1,16,0.000,0.000,,,,,NVIDIA A100-SXM4-40GB MIG 4g.20gb (0),1,,13,cupy_copy__complex64_complex64
11843309108,17600,237113,1434,1,1,128,1,1,16,0.000,0.000,,,,,NVIDIA A100-SXM4-40GB MIG 4g.20gb (0),1,,13,cupy_copy__complex64_complex64
11843782895,6688,237120,103,1,1,128,1,1,16,0.000,0.000,,,,,NVIDIA A100-SXM4-40GB MIG 4g.20gb (0),1,,13,cupy_copy__complex64_complex64
11844426471,258461,237127,1,1,1,32,32,1,30,0.000,0.000,,,,,NVIDIA A100-SXM4-40GB MIG 4g.20gb (0),1,,13,"void convert_kernel<__half2, float2>(tensor_layout_any, T1 *, tensor_layout_any, const T2 *)"
11844714116,5952,237130,,,,,,,,,,0.094,15741.865,Pinned,Device,NVIDIA A100-SXM4-40GB MIG 4g.20gb (0),1,,13,[CUDA memcpy Host-to-Device]
11845164543,65471,237131,,,,,,,,,,35.810,546924.908,Device,,NVIDIA A100-SXM4-40GB MIG 4g.20gb (0),1,,13,[CUDA memset]
11845233726,2112,237133,,,,,,,,,,0.000,37.879,Pinned,Device,NVIDIA A100-SXM4-40GB MIG 4g.20gb (0),1,,13,[CUDA memcpy Host-to-Device]
11845238430,9536,237134,,,,,,,,,,0.197,20617.298,Pinned,Device,NVIDIA A100-SXM4-40GB MIG 4g.20gb (0),1,,13,[CUDA memcpy Host-to-Device]
11845930102,35424,237135,273,1,1,48,1,1,40,0.000,0.001,,,,,NVIDIA A100-SXM4-40GB MIG 4g.20gb (0),1,,13,"void pusch_noise_intf_est::noiseIntfEstNoDftSOfdmKernel<float, __half, float, float, (unsigned int)2, (unsigned int)1, (unsigned char)4, (unsigned char)4>(pusch_noise_intf_est::puschRxNoiseIntfEstDynDescr)"
11846569455,7840,237146,35,1,1,128,1,1,16,0.000,0.000,,,,,NVIDIA A100-SXM4-40GB MIG 4g.20gb (0),1,,13,cupy_copy__complex64_complex64
11846950795,3488,237155,1,1,1,1,1,1,18,0.000,0.000,,,,,NVIDIA A100-SXM4-40GB MIG 4g.20gb (0),1,,13,cupy_copy__float32_float32
11846959435,2112,237161,,,,,,,,,,0.000,1.894,Device,Pageable,NVIDIA A100-SXM4-40GB MIG 4g.20gb (0),1,,7,[CUDA memcpy Device-to-Host]
11847498820,36224,237172,1434,1,1,128,1,1,16,0.000,0.000,,,,,NVIDIA A100-SXM4-40GB MIG 4g.20gb (0),1,,13,cupy_copy__complex64_complex64
11847926176,8863,237179,103,1,1,128,1,1,16,0.000,0.000,,,,,NVIDIA A100-SXM4-40GB MIG 4g.20gb (0),1,,13,cupy_copy__complex64_complex64
11848496441,8800,237186,35,1,1,128,1,1,16,0.000,0.000,,,,,NVIDIA A100-SXM4-40GB MIG 4g.20gb (0),1,,13,cupy_copy__complex64_complex64
11848873845,3712,237193,1,1,1,1,1,1,18,0.000,0.000,,,,,NVIDIA A100-SXM4-40GB MIG 4g.20gb (0),1,,13,cupy_copy__float32_float32
11849430543,232573,237204,1,1,1,32,32,1,30,0.000,0.000,,,,,NVIDIA A100-SXM4-40GB MIG 4g.20gb (0),1,,13,"void convert_kernel<__half2, float2>(tensor_layout_any, T1 *, tensor_layout_any, const T2 *)"
11849695372,8095,237207,,,,,,,,,,0.094,11574.548,Pinned,Device,NVIDIA A100-SXM4-40GB MIG 4g.20gb (0),1,,13,[CUDA memcpy Host-to-Device]
11850189030,4576,237208,,,,,,,,,,1.547,337985.289,Device,,NVIDIA A100-SXM4-40GB MIG 4g.20gb (0),1,,13,[CUDA memset]
11850200870,3872,237213,,,,,,,,,,0.031,8082.630,Pinned,Device,NVIDIA A100-SXM4-40GB MIG 4g.20gb (0),1,,13,[CUDA memcpy Host-to-Device]
11850207174,9760,237214,,,,,,,,,,0.197,20144.259,Pinned,Device,NVIDIA A100-SXM4-40GB MIG 4g.20gb (0),1,,13,[CUDA memcpy Host-to-Device]
11850709184,26688,237215,273,1,1,8,4,1,39,0.002,0.000,,,,,NVIDIA A100-SXM4-40GB MIG 4g.20gb (0),1,,13,"void channel_eq::eqMmseCoefCompLowMimoKernel<float, float, float, (unsigned int)4, (unsigned int)1, (unsigned int)4>(const channel_eq::_puschRxChEqStatDescr *, channel_eq::_puschRxChEqCoefCompDynDescr)"
11851141403,31936,237216,273,1,1,12,11,1,51,0.002,0.000,,,,,NVIDIA A100-SXM4-40GB MIG 4g.20gb (0),1,,13,"void channel_eq::eqMmseSoftDemapKernel<float, __half, __half, float, (unsigned int)4, (unsigned short)16383>(channel_eq::_puschRxChEqStatDescr *, channel_eq::_puschRxChEqSoftDemapDynDescr)"
11851784436,709080,237217,1,1,1,32,32,1,30,0.000,0.000,,,,,NVIDIA A100-SXM4-40GB MIG 4g.20gb (0),1,,13,"void convert_kernel<float2, __half2>(tensor_layout_any, T1 *, tensor_layout_any, const T2 *)"
11853069797,22912,237229,2253,1,1,128,1,1,16,0.000,0.000,,,,,NVIDIA A100-SXM4-40GB MIG 4g.20gb (0),1,,13,cupy_copy__float16_float16
11853694430,16320,237238,282,1,1,128,1,1,16,0.000,0.000,,,,,NVIDIA A100-SXM4-40GB MIG 4g.20gb (0),1,,13,cupy_copy__complex64_complex64
11854308919,5440,237247,26,1,1,128,1,1,16,0.000,0.000,,,,,NVIDIA A100-SXM4-40GB MIG 4g.20gb (0),1,,13,cupy_copy__float32_float32
11854721395,4511,237256,103,1,1,128,1,1,16,0.000,0.000,,,,,NVIDIA A100-SXM4-40GB MIG 4g.20gb (0),1,,13,cupy_copy__complex64_complex64
11855373099,17984,237266,1434,1,1,128,1,1,16,0.000,0.000,,,,,NVIDIA A100-SXM4-40GB MIG 4g.20gb (0),1,,13,cupy_copy__complex64_complex64
11855809542,244189,237271,1,1,1,32,32,1,30,0.000,0.000,,,,,NVIDIA A100-SXM4-40GB MIG 4g.20gb (0),1,,13,"void convert_kernel<__half2, float2>(tensor_layout_any, T1 *, tensor_layout_any, const T2 *)"
11856084131,5568,237274,,,,,,,,,,0.094,16827.521,Pinned,Device,NVIDIA A100-SXM4-40GB MIG 4g.20gb (0),1,,13,[CUDA memcpy Host-to-Device]
11856452383,625625,237275,,,,,,,,,,456.561,729585.181,Device,,NVIDIA A100-SXM4-40GB MIG 4g.20gb (0),1,,13,[CUDA memset]
11857078808,55903,237280,,,,,,,,,,1.235,22090.678,Pinned,Device,NVIDIA A100-SXM4-40GB MIG 4g.20gb (0),1,,13,[CUDA memcpy Host-to-Device]
11857137271,9952,237281,,,,,,,,,,0.197,19755.565,Pinned,Device,NVIDIA A100-SXM4-40GB MIG 4g.20gb (0),1,,13,[CUDA memcpy Host-to-Device]
11857739856,34048,237282,69,4,1,48,1,1,76,0.002,0.000,,,,,NVIDIA A100-SXM4-40GB MIG 4g.20gb (0),1,,13,"void ch_est::windowedChEstPreNoDftSOfdmKernel<float, __half, float, (unsigned int)2, (unsigned int)1, (unsigned short)4>(ch_est::puschRxChEstStatDescr_t *, ch_est::puschRxChEstDynDescr_t *)"
11858354441,31136,237283,137,2,1,24,2,1,44,0.001,0.001,,,,,NVIDIA A100-SXM4-40GB MIG 4g.20gb (0),1,,13,"void ch_est::chEstFilterNoDftSOfdmDispatchKernel<float, __half, float, (unsigned int)2>(ch_est::puschRxChEstStatDescr_t *, ch_est::puschRxChEstDynDescr_t *)"
11858980258,21696,237284,137,2,1,24,2,1,44,0.001,0.001,,,,,NVIDIA A100-SXM4-40GB MIG 4g.20gb (0),1,,13,"void ch_est::chEstFilterNoDftSOfdmDispatchKernel<float, __half, float, (unsigned int)2>(ch_est::puschRxChEstStatDescr_t *, ch_est::puschRxChEstDynDescr_t *)"
11859396573,4096,237295,103,1,1,128,1,1,16,0.000,0.000,,,,,NVIDIA A100-SXM4-40GB MIG 4g.20gb (0),1,,13,cupy_copy__complex64_complex64
11859974647,19072,237305,1434,1,1,128,1,1,16,0.000,0.000,,,,,NVIDIA A100-SXM4-40GB MIG 4g.20gb (0),1,,13,cupy_copy__complex64_complex64
11860373362,8288,237312,103,1,1,128,1,1,16,0.000,0.000,,,,,NVIDIA A100-SXM4-40GB MIG 4g.20gb (0),1,,13,cupy_copy__complex64_complex64
11860939116,241725,237319,1,1,1,32,32,1,30,0.000,0.000,,,,,NVIDIA A100-SXM4-40GB MIG 4g.20gb (0),1,,13,"void convert_kernel<__half2, float2>(tensor_layout_any, T1 *, tensor_layout_any, const T2 *)"
11861212521,5888,237322,,,,,,,,,,0.094,15912.954,Pinned,Device,NVIDIA A100-SXM4-40GB MIG 4g.20gb (0),1,,13,[CUDA memcpy Host-to-Device]
11861612292,68032,237323,,,,,,,,,,35.810,526334.204,Device,,NVIDIA A100-SXM4-40GB MIG 4g.20gb (0),1,,13,[CUDA memset]
11861684356,2208,237325,,,,,,,,,,0.000,36.232,Pinned,Device,NVIDIA A100-SXM4-40GB MIG 4g.20gb (0),1,,13,[CUDA memcpy Host-to-Device]
11861689123,9440,237326,,,,,,,,,,0.197,20827.079,Pinned,Device,NVIDIA A100-SXM4-40GB MIG 4g.20gb (0),1,,13,[CUDA memcpy Host-to-Device]
11862294429,37599,237327,273,1,1,48,1,1,40,0.000,0.001,,,,,NVIDIA A100-SXM4-40GB MIG 4g.20gb (0),1,,13,"void pusch_noise_intf_est::noiseIntfEstNoDftSOfdmKernel<float, __half, float, float, (unsigned int)2, (unsigned int)1, (unsigned char)4, (unsigned char)4>(pusch_noise_intf_est::puschRxNoiseIntfEstDynDescr)"
11862862518,13280,237338,35,1,1,128,1,1,16,0.000,0.000,,,,,NVIDIA A100-SXM4-40GB MIG 4g.20gb (0),1,,13,cupy_copy__complex64_complex64
11863243954,3328,237347,1,1,1,1,1,1,18,0.000,0.000,,,,,NVIDIA A100-SXM4-40GB MIG 4g.20gb (0),1,,13,cupy_copy__float32_float32
11863251058,1856,237353,,,,,,,,,,0.000,2.155,Device,Pageable,NVIDIA A100-SXM4-40GB MIG 4g.20gb (0),1,,7,[CUDA memcpy Device-to-Host]
11863837387,18592,237364,1434,1,1,128,1,1,16,0.000,0.000,,,,,NVIDIA A100-SXM4-40GB MIG 4g.20gb (0),1,,13,cupy_copy__complex64_complex64
11864236583,8735,237371,103,1,1,128,1,1,16,0.000,0.000,,,,,NVIDIA A100-SXM4-40GB MIG 4g.20gb (0),1,,13,cupy_copy__complex64_complex64
11864846176,7584,237378,35,1,1,128,1,1,16,0.000,0.000,,,,,NVIDIA A100-SXM4-40GB MIG 4g.20gb (0),1,,13,cupy_copy__complex64_complex64
11865281115,4128,237385,1,1,1,1,1,1,18,0.000,0.000,,,,,NVIDIA A100-SXM4-40GB MIG 4g.20gb (0),1,,13,cupy_copy__float32_float32
11865874420,194334,237396,1,1,1,32,32,1,30,0.000,0.000,,,,,NVIDIA A100-SXM4-40GB MIG 4g.20gb (0),1,,13,"void convert_kernel<__half2, float2>(tensor_layout_any, T1 *, tensor_layout_any, const T2 *)"
11866100529,6016,237399,,,,,,,,,,0.094,15574.430,Pinned,Device,NVIDIA A100-SXM4-40GB MIG 4g.20gb (0),1,,13,[CUDA memcpy Host-to-Device]
11866534189,4319,237400,,,,,,,,,,1.547,358097.588,Device,,NVIDIA A100-SXM4-40GB MIG 4g.20gb (0),1,,13,[CUDA memset]
11866540332,3616,237405,,,,,,,,,,0.031,8654.846,Pinned,Device,NVIDIA A100-SXM4-40GB MIG 4g.20gb (0),1,,13,[CUDA memcpy Host-to-Device]
11866550860,12384,237406,,,,,,,,,,0.197,15875.899,Pinned,Device,NVIDIA A100-SXM4-40GB MIG 4g.20gb (0),1,,13,[CUDA memcpy Host-to-Device]
11867093766,31264,237407,273,1,1,8,4,1,39,0.002,0.000,,,,,NVIDIA A100-SXM4-40GB MIG 4g.20gb (0),1,,13,"void channel_eq::eqMmseCoefCompLowMimoKernel<float, float, float, (unsigned int)4, (unsigned int)1, (unsigned int)4>(const channel_eq::_puschRxChEqStatDescr *, channel_eq::_puschRxChEqCoefCompDynDescr)"
11867709439,22336,237408,273,1,1,12,11,1,51,0.002,0.000,,,,,NVIDIA A100-SXM4-40GB MIG 4g.20gb (0),1,,13,"void channel_eq::eqMmseSoftDemapKernel<float, __half, __half, float, (unsigned int)4, (unsigned short)16383>(channel_eq::_puschRxChEqStatDescr *, channel_eq::_puschRxChEqSoftDemapDynDescr)"
11868147386,706744,237409,1,1,1,32,32,1,30,0.000,0.000,,,,,NVIDIA A100-SXM4-40GB MIG 4g.20gb (0),1,,13,"void convert_kernel<float2, __half2>(tensor_layout_any, T1 *, tensor_layout_any, const T2 *)"
11869439244,29695,237421,2253,1,1,128,1,1,16,0.000,0.000,,,,,NVIDIA A100-SXM4-40GB MIG 4g.20gb (0),1,,13,cupy_copy__float16_float16
11870071268,12576,237430,282,1,1,128,1,1,16,0.000,0.000,,,,,NVIDIA A100-SXM4-40GB MIG 4g.20gb (0),1,,13,cupy_copy__complex64_complex64
11870493408,3520,237439,26,1,1,128,1,1,16,0.000,0.000,,,,,NVIDIA A100-SXM4-40GB MIG 4g.20gb (0),1,,13,cupy_copy__float32_float32
11871062809,12160,237448,103,1,1,128,1,1,16,0.000,0.000,,,,,NVIDIA A100-SXM4-40GB MIG 4g.20gb (0),1,,13,cupy_copy__complex64_complex64
11871668818,18912,237458,1434,1,1,128,1,1,16,0.000,0.000,,,,,NVIDIA A100-SXM4-40GB MIG 4g.20gb (0),1,,13,cupy_copy__complex64_complex64
11872099981,255198,237463,1,1,1,32,32,1,30,0.000,0.000,,,,,NVIDIA A100-SXM4-40GB MIG 4g.20gb (0),1,,13,"void convert_kernel<__half2, float2>(tensor_layout_any, T1 *, tensor_layout_any, const T2 *)"
11872385162,7680,237466,,,,,,,,,,0.094,12199.969,Pinned,Device,NVIDIA A100-SXM4-40GB MIG 4g.20gb (0),1,,13,[CUDA memcpy Host-to-Device]
11872978531,620377,237467,,,,,,,,,,456.561,735520.480,Device,,NVIDIA A100-SXM4-40GB MIG 4g.20gb (0),1,,13,[CUDA memset]
11873600700,60032,237472,,,,,,,,,,1.235,20570.462,Pinned,Device,NVIDIA A100-SXM4-40GB MIG 4g.20gb (0),1,,13,[CUDA memcpy Host-to-Device]
11873663260,10112,237473,,,,,,,,,,0.197,19442.958,Pinned,Device,NVIDIA A100-SXM4-40GB MIG 4g.20gb (0),1,,13,[CUDA memcpy Host-to-Device]
11874220469,22432,237474,69,4,1,48,1,1,76,0.002,0.000,,,,,NVIDIA A100-SXM4-40GB MIG 4g.20gb (0),1,,13,"void ch_est::windowedChEstPreNoDftSOfdmKernel<float, __half, float, (unsigned int)2, (unsigned int)1, (unsigned short)4>(ch_est::puschRxChEstStatDescr_t *, ch_est::puschRxChEstDynDescr_t *)"
11874610289,36640,237475,137,2,1,24,2,1,44,0.001,0.001,,,,,NVIDIA A100-SXM4-40GB MIG 4g.20gb (0),1,,13,"void ch_est::chEstFilterNoDftSOfdmDispatchKernel<float, __half, float, (unsigned int)2>(ch_est::puschRxChEstStatDescr_t *, ch_est::puschRxChEstDynDescr_t *)"
11875185578,22496,237476,137,2,1,24,2,1,44,0.001,0.001,,,,,NVIDIA A100-SXM4-40GB MIG 4g.20gb (0),1,,13,"void ch_est::chEstFilterNoDftSOfdmDispatchKernel<float, __half, float, (unsigned int)2>(ch_est::puschRxChEstStatDescr_t *, ch_est::puschRxChEstDynDescr_t *)"
11875564838,4512,237487,103,1,1,128,1,1,16,0.000,0.000,,,,,NVIDIA A100-SXM4-40GB MIG 4g.20gb (0),1,,13,cupy_copy__complex64_complex64
11876106944,22016,237497,1434,1,1,128,1,1,16,0.000,0.000,,,,,NVIDIA A100-SXM4-40GB MIG 4g.20gb (0),1,,13,cupy_copy__complex64_complex64
11876561115,8160,237504,103,1,1,128,1,1,16,0.000,0.000,,,,,NVIDIA A100-SXM4-40GB MIG 4g.20gb (0),1,,13,cupy_copy__complex64_complex64
11877122676,252894,237511,1,1,1,32,32,1,30,0.000,0.000,,,,,NVIDIA A100-SXM4-40GB MIG 4g.20gb (0),1,,13,"void convert_kernel<__half2, float2>(tensor_layout_any, T1 *, tensor_layout_any, const T2 *)"
11877405937,5504,237514,,,,,,,,,,0.094,17023.251,Pinned,Device,NVIDIA A100-SXM4-40GB MIG 4g.20gb (0),1,,13,[CUDA memcpy Host-to-Device]
11877906188,45791,237515,,,,,,,,,,35.810,782017.033,Device,,NVIDIA A100-SXM4-40GB MIG 4g.20gb (0),1,,13,[CUDA memset]
11877958635,5600,237517,,,,,,,,,,0.000,14.286,Pinned,Device,NVIDIA A100-SXM4-40GB MIG 4g.20gb (0),1,,13,[CUDA memcpy Host-to-Device]
11877966699,9632,237518,,,,,,,,,,0.197,20411.843,Pinned,Device,NVIDIA A100-SXM4-40GB MIG 4g.20gb (0),1,,13,[CUDA memcpy Host-to-Device]
11878565796,31328,237519,273,1,1,48,1,1,40,0.000,0.001,,,,,NVIDIA A100-SXM4-40GB MIG 4g.20gb (0),1,,13,"void pusch_noise_intf_est::noiseIntfEstNoDftSOfdmKernel<float, __half, float, float, (unsigned int)2, (unsigned int)1, (unsigned char)4, (unsigned char)4>(pusch_noise_intf_est::puschRxNoiseIntfEstDynDescr)"
11879189597,9888,237530,35,1,1,128,1,1,16,0.000,0.000,,,,,NVIDIA A100-SXM4-40GB MIG 4g.20gb (0),1,,13,cupy_copy__complex64_complex64
11879812950,3168,237539,1,1,1,1,1,1,18,0.000,0.000,,,,,NVIDIA A100-SXM4-40GB MIG 4g.20gb (0),1,,13,cupy_copy__float32_float32
11879821238,1664,237545,,,,,,,,,,0.000,2.404,Device,Pageable,NVIDIA A100-SXM4-40GB MIG 4g.20gb (0),1,,7,[CUDA memcpy Device-to-Host]
11880539566,18239,237556,1434,1,1,128,1,1,16,0.000,0.000,,,,,NVIDIA A100-SXM4-40GB MIG 4g.20gb (0),1,,13,cupy_copy__complex64_complex64
11881228518,6720,237563,103,1,1,128,1,1,16,0.000,0.000,,,,,NVIDIA A100-SXM4-40GB MIG 4g.20gb (0),1,,13,cupy_copy__complex64_complex64
11881847743,8480,237570,35,1,1,128,1,1,16,0.000,0.000,,,,,NVIDIA A100-SXM4-40GB MIG 4g.20gb (0),1,,13,cupy_copy__complex64_complex64
11882281690,3200,237577,1,1,1,1,1,1,18,0.000,0.000,,,,,NVIDIA A100-SXM4-40GB MIG 4g.20gb (0),1,,13,cupy_copy__float32_float32
11882870483,237374,237588,1,1,1,32,32,1,30,0.000,0.000,,,,,NVIDIA A100-SXM4-40GB MIG 4g.20gb (0),1,,13,"void convert_kernel<__half2, float2>(tensor_layout_any, T1 *, tensor_layout_any, const T2 *)"
11883136592,6080,237591,,,,,,,,,,0.094,15410.462,Pinned,Device,NVIDIA A100-SXM4-40GB MIG 4g.20gb (0),1,,13,[CUDA memcpy Host-to-Device]
11883626315,4928,237592,,,,,,,,,,1.547,313844.035,Device,,NVIDIA A100-SXM4-40GB MIG 4g.20gb (0),1,,13,[CUDA memset]
11883632747,5568,237597,,,,,,,,,,0.031,5620.668,Pinned,Device,NVIDIA A100-SXM4-40GB MIG 4g.20gb (0),1,,13,[CUDA memcpy Host-to-Device]
11883643978,9888,237598,,,,,,,,,,0.197,19883.360,Pinned,Device,NVIDIA A100-SXM4-40GB MIG 4g.20gb (0),1,,13,[CUDA memcpy Host-to-Device]
11884211300,27200,237599,273,1,1,8,4,1,39,0.002,0.000,,,,,NVIDIA A100-SXM4-40GB MIG 4g.20gb (0),1,,13,"void channel_eq::eqMmseCoefCompLowMimoKernel<float, float, float, (unsigned int)4, (unsigned int)1, (unsigned int)4>(const channel_eq::_puschRxChEqStatDescr *, channel_eq::_puschRxChEqCoefCompDynDescr)"
11884656479,36064,237600,273,1,1,12,11,1,51,0.002,0.000,,,,,NVIDIA A100-SXM4-40GB MIG 4g.20gb (0),1,,13,"void channel_eq::eqMmseSoftDemapKernel<float, __half, __half, float, (unsigned int)4, (unsigned short)16383>(channel_eq::_puschRxChEqStatDescr *, channel_eq::_puschRxChEqSoftDemapDynDescr)"
11885286520,695480,237601,1,1,1,32,32,1,30,0.000,0.000,,,,,NVIDIA A100-SXM4-40GB MIG 4g.20gb (0),1,,13,"void convert_kernel<float2, __half2>(tensor_layout_any, T1 *, tensor_layout_any, const T2 *)"
11886554793,26048,237613,2253,1,1,128,1,1,16,0.000,0.000,,,,,NVIDIA A100-SXM4-40GB MIG 4g.20gb (0),1,,13,cupy_copy__float16_float16
11887148099,7808,237622,282,1,1,128,1,1,16,0.000,0.000,,,,,NVIDIA A100-SXM4-40GB MIG 4g.20gb (0),1,,13,cupy_copy__complex64_complex64
11887523870,3296,237631,26,1,1,128,1,1,16,0.000,0.000,,,,,NVIDIA A100-SXM4-40GB MIG 4g.20gb (0),1,,13,cupy_copy__float32_float32
11888052632,13632,237640,103,1,1,128,1,1,16,0.000,0.000,,,,,NVIDIA A100-SXM4-40GB MIG 4g.20gb (0),1,,13,cupy_copy__complex64_complex64
11888439028,25728,237650,1434,1,1,128,1,1,16,0.000,0.000,,,,,NVIDIA A100-SXM4-40GB MIG 4g.20gb (0),1,,13,cupy_copy__complex64_complex64
11889040621,236606,237655,1,1,1,32,32,1,30,0.000,0.000,,,,,NVIDIA A100-SXM4-40GB MIG 4g.20gb (0),1,,13,"void convert_kernel<__half2, float2>(tensor_layout_any, T1 *, tensor_layout_any, const T2 *)"
11889309002,5664,237658,,,,,,,,,,0.094,16542.310,Pinned,Device,NVIDIA A100-SXM4-40GB MIG 4g.20gb (0),1,,13,[CUDA memcpy Host-to-Device]
11889787365,630905,237659,,,,,,,,,,456.561,723649.882,Device,,NVIDIA A100-SXM4-40GB MIG 4g.20gb (0),1,,13,[CUDA memset]
11890421118,55743,237664,,,,,,,,,,1.235,22153.660,Pinned,Device,NVIDIA A100-SXM4-40GB MIG 4g.20gb (0),1,,13,[CUDA memcpy Host-to-Device]
11890479517,9504,237665,,,,,,,,,,0.197,20686.701,Pinned,Device,NVIDIA A100-SXM4-40GB MIG 4g.20gb (0),1,,13,[CUDA memcpy Host-to-Device]
11891139285,33760,237666,69,4,1,48,1,1,76,0.002,0.000,,,,,NVIDIA A100-SXM4-40GB MIG 4g.20gb (0),1,,13,"void ch_est::windowedChEstPreNoDftSOfdmKernel<float, __half, float, (unsigned int)2, (unsigned int)1, (unsigned short)4>(ch_est::puschRxChEstStatDescr_t *, ch_est::puschRxChEstDynDescr_t *)"
11891711951,25344,237667,137,2,1,24,2,1,44,0.001,0.001,,,,,NVIDIA A100-SXM4-40GB MIG 4g.20gb (0),1,,13,"void ch_est::chEstFilterNoDftSOfdmDispatchKernel<float, __half, float, (unsigned int)2>(ch_est::puschRxChEstStatDescr_t *, ch_est::puschRxChEstDynDescr_t *)"
11892085387,12256,237668,137,2,1,24,2,1,44,0.001,0.001,,,,,NVIDIA A100-SXM4-40GB MIG 4g.20gb (0),1,,13,"void ch_est::chEstFilterNoDftSOfdmDispatchKernel<float, __half, float, (unsigned int)2>(ch_est::puschRxChEstStatDescr_t *, ch_est::puschRxChEstDynDescr_t *)"
11892626277,7231,237679,103,1,1,128,1,1,16,0.000,0.000,,,,,NVIDIA A100-SXM4-40GB MIG 4g.20gb (0),1,,13,cupy_copy__complex64_complex64
11893013760,25664,237689,1434,1,1,128,1,1,16,0.000,0.000,,,,,NVIDIA A100-SXM4-40GB MIG 4g.20gb (0),1,,13,cupy_copy__complex64_complex64
11893597434,8671,237696,103,1,1,128,1,1,16,0.000,0.000,,,,,NVIDIA A100-SXM4-40GB MIG 4g.20gb (0),1,,13,cupy_copy__complex64_complex64
11893977397,241054,237703,1,1,1,32,32,1,30,0.000,0.000,,,,,NVIDIA A100-SXM4-40GB MIG 4g.20gb (0),1,,13,"void convert_kernel<__half2, float2>(tensor_layout_any, T1 *, tensor_layout_any, const T2 *)"
11894253394,5504,237706,,,,,,,,,,0.094,17023.251,Pinned,Device,NVIDIA A100-SXM4-40GB MIG 4g.20gb (0),1,,13,[CUDA memcpy Host-to-Device]
11894611086,52031,237707,,,,,,,,,,35.810,688230.852,Device,,NVIDIA A100-SXM4-40GB MIG 4g.20gb (0),1,,13,[CUDA memset]
11894671725,5504,237709,,,,,,,,,,0.000,14.535,Pinned,Device,NVIDIA A100-SXM4-40GB MIG 4g.20gb (0),1,,13,[CUDA memcpy Host-to-Device]
11894679693,9760,237710,,,,,,,,,,0.197,20144.259,Pinned,Device,NVIDIA A100-SXM4-40GB MIG 4g.20gb (0),1,,13,[CUDA memcpy Host-to-Device]
11895332934,16608,237711,273,1,1,48,1,1,40,0.000,0.001,,,,,NVIDIA A100-SXM4-40GB MIG 4g.20gb (0),1,,13,"void pusch_noise_intf_est::noiseIntfEstNoDftSOfdmKernel<float, __half, float, float, (unsigned int)2, (unsigned int)1, (unsigned char)4, (unsigned char)4>(pusch_noise_intf_est::puschRxNoiseIntfEstDynDescr)"
11895861280,8704,237722,35,1,1,128,1,1,16,0.000,0.000,,,,,NVIDIA A100-SXM4-40GB MIG 4g.20gb (0),1,,13,cupy_copy__complex64_complex64
11896299899,3584,237731,1,1,1,1,1,1,18,0.000,0.000,,,,,NVIDIA A100-SXM4-40GB MIG 4g.20gb (0),1,,13,cupy_copy__float32_float32
11896305979,1600,237737,,,,,,,,,,0.000,2.500,Device,Pageable,NVIDIA A100-SXM4-40GB MIG 4g.20gb (0),1,,7,[CUDA memcpy Device-to-Host]
11896922900,18496,237748,1434,1,1,128,1,1,16,0.000,0.000,,,,,NVIDIA A100-SXM4-40GB MIG 4g.20gb (0),1,,13,cupy_copy__complex64_complex64
11897303952,4159,237755,103,1,1,128,1,1,16,0.000,0.000,,,,,NVIDIA A100-SXM4-40GB MIG 4g.20gb (0),1,,13,cupy_copy__complex64_complex64
11897911913,10143,237762,35,1,1,128,1,1,16,0.000,0.000,,,,,NVIDIA A100-SXM4-40GB MIG 4g.20gb (0),1,,13,cupy_copy__complex64_complex64
11898541505,4192,237769,1,1,1,1,1,1,18,0.000,0.000,,,,,NVIDIA A100-SXM4-40GB MIG 4g.20gb (0),1,,13,cupy_copy__float32_float32
11898985692,242814,237780,1,1,1,32,32,1,30,0.000,0.000,,,,,NVIDIA A100-SXM4-40GB MIG 4g.20gb (0),1,,13,"void convert_kernel<__half2, float2>(tensor_layout_any, T1 *, tensor_layout_any, const T2 *)"
11899262905,11616,237783,,,,,,,,,,0.094,8066.101,Pinned,Device,NVIDIA A100-SXM4-40GB MIG 4g.20gb (0),1,,13,[CUDA memcpy Host-to-Device]
11899891186,8000,237784,,,,,,,,,,1.547,193328.000,Device,,NVIDIA A100-SXM4-40GB MIG 4g.20gb (0),1,,13,[CUDA memset]
11899902322,3072,237789,,,,,,,,,,0.031,10187.474,Pinned,Device,NVIDIA A100-SXM4-40GB MIG 4g.20gb (0),1,,13,[CUDA memcpy Host-to-Device]
11899911506,10080,237790,,,,,,,,,,0.197,19504.693,Pinned,Device,NVIDIA A100-SXM4-40GB MIG 4g.20gb (0),1,,13,[CUDA memcpy Host-to-Device]
11900338349,50912,237791,273,1,1,8,4,1,39,0.002,0.000,,,,,NVIDIA A100-SXM4-40GB MIG 4g.20gb (0),1,,13,"void channel_eq::eqMmseCoefCompLowMimoKernel<float, float, float, (unsigned int)4, (unsigned int)1, (unsigned int)4>(const channel_eq::_puschRxChEqStatDescr *, channel_eq::_puschRxChEqCoefCompDynDescr)"
11900998502,19807,237792,273,1,1,12,11,1,51,0.002,0.000,,,,,NVIDIA A100-SXM4-40GB MIG 4g.20gb (0),1,,13,"void channel_eq::eqMmseSoftDemapKernel<float, __half, __half, float, (unsigned int)4, (unsigned short)16383>(channel_eq::_puschRxChEqStatDescr *, channel_eq::_puschRxChEqSoftDemapDynDescr)"
11901447809,538905,237793,1,1,1,32,32,1,30,0.000,0.000,,,,,NVIDIA A100-SXM4-40GB MIG 4g.20gb (0),1,,13,"void convert_kernel<float2, __half2>(tensor_layout_any, T1 *, tensor_layout_any, const T2 *)"
11902438645,28192,237805,2253,1,1,128,1,1,16,0.000,0.000,,,,,NVIDIA A100-SXM4-40GB MIG 4g.20gb (0),1,,13,cupy_copy__float16_float16
11903098574,14176,237814,282,1,1,128,1,1,16,0.000,0.000,,,,,NVIDIA A100-SXM4-40GB MIG 4g.20gb (0),1,,13,cupy_copy__complex64_complex64
11903535497,3424,237823,26,1,1,128,1,1,16,0.000,0.000,,,,,NVIDIA A100-SXM4-40GB MIG 4g.20gb (0),1,,13,cupy_copy__float32_float32
11904122114,11744,237832,103,1,1,128,1,1,16,0.000,0.000,,,,,NVIDIA A100-SXM4-40GB MIG 4g.20gb (0),1,,13,cupy_copy__complex64_complex64
11904762203,32576,237842,1434,1,1,128,1,1,16,0.000,0.000,,,,,NVIDIA A100-SXM4-40GB MIG 4g.20gb (0),1,,13,cupy_copy__complex64_complex64
11905176854,242941,237847,1,1,1,32,32,1,30,0.000,0.000,,,,,NVIDIA A100-SXM4-40GB MIG 4g.20gb (0),1,,13,"void convert_kernel<__half2, float2>(tensor_layout_any, T1 *, tensor_layout_any, const T2 *)"
11905453491,5536,237850,,,,,,,,,,0.094,16924.777,Pinned,Device,NVIDIA A100-SXM4-40GB MIG 4g.20gb (0),1,,13,[CUDA memcpy Host-to-Device]
11906035884,621785,237851,,,,,,,,,,456.561,734150.796,Device,,NVIDIA A100-SXM4-40GB MIG 4g.20gb (0),1,,13,[CUDA memset]
11906661413,64448,237856,,,,,,,,,,1.235,19161.391,Pinned,Device,NVIDIA A100-SXM4-40GB MIG 4g.20gb (0),1,,13,[CUDA memcpy Host-to-Device]
11906728517,17279,237857,,,,,,,,,,0.197,11378.295,Pinned,Device,NVIDIA A100-SXM4-40GB MIG 4g.20gb (0),1,,13,[CUDA memcpy Host-to-Device]
11907278814,22144,237858,69,4,1,48,1,1,76,0.002,0.000,,,,,NVIDIA A100-SXM4-40GB MIG 4g.20gb (0),1,,13,"void ch_est::windowedChEstPreNoDftSOfdmKernel<float, __half, float, (unsigned int)2, (unsigned int)1, (unsigned short)4>(ch_est::puschRxChEstStatDescr_t *, ch_est::puschRxChEstDynDescr_t *)"
11907672410,38047,237859,137,2,1,24,2,1,44,0.001,0.001,,,,,NVIDIA A100-SXM4-40GB MIG 4g.20gb (0),1,,13,"void ch_est::chEstFilterNoDftSOfdmDispatchKernel<float, __half, float, (unsigned int)2>(ch_est::puschRxChEstStatDescr_t *, ch_est::puschRxChEstDynDescr_t *)"
11908246419,20448,237860,137,2,1,24,2,1,44,0.001,0.001,,,,,NVIDIA A100-SXM4-40GB MIG 4g.20gb (0),1,,13,"void ch_est::chEstFilterNoDftSOfdmDispatchKernel<float, __half, float, (unsigned int)2>(ch_est::puschRxChEstStatDescr_t *, ch_est::puschRxChEstDynDescr_t *)"
11908722350,4032,237871,103,1,1,128,1,1,16,0.000,0.000,,,,,NVIDIA A100-SXM4-40GB MIG 4g.20gb (0),1,,13,cupy_copy__complex64_complex64
11909263688,21280,237881,1434,1,1,128,1,1,16,0.000,0.000,,,,,NVIDIA A100-SXM4-40GB MIG 4g.20gb (0),1,,13,cupy_copy__complex64_complex64
11909762850,6176,237888,103,1,1,128,1,1,16,0.000,0.000,,,,,NVIDIA A100-SXM4-40GB MIG 4g.20gb (0),1,,13,cupy_copy__complex64_complex64
11910328572,238557,237895,1,1,1,32,32,1,30,0.000,0.000,,,,,NVIDIA A100-SXM4-40GB MIG 4g.20gb (0),1,,13,"void convert_kernel<__half2, float2>(tensor_layout_any, T1 *, tensor_layout_any, const T2 *)"
11910598297,7040,237898,,,,,,,,,,0.094,13309.048,Pinned,Device,NVIDIA A100-SXM4-40GB MIG 4g.20gb (0),1,,13,[CUDA memcpy Host-to-Device]
11910978964,62528,237899,,,,,,,,,,35.810,572672.241,Device,,NVIDIA A100-SXM4-40GB MIG 4g.20gb (0),1,,13,[CUDA memset]
11911049844,4704,237901,,,,,,,,,,0.000,17.007,Pinned,Device,NVIDIA A100-SXM4-40GB MIG 4g.20gb (0),1,,13,[CUDA memcpy Host-to-Device]
11911057396,9503,237902,,,,,,,,,,0.197,20688.863,Pinned,Device,NVIDIA A100-SXM4-40GB MIG 4g.20gb (0),1,,13,[CUDA memcpy Host-to-Device]
11911704588,26432,237903,273,1,1,48,1,1,40,0.000,0.001,,,,,NVIDIA A100-SXM4-40GB MIG 4g.20gb (0),1,,13,"void pusch_noise_intf_est::noiseIntfEstNoDftSOfdmKernel<float, __half, float, float, (unsigned int)2, (unsigned int)1, (unsigned char)4, (unsigned char)4>(pusch_noise_intf_est::puschRxNoiseIntfEstDynDescr)"
11912126855,9024,237914,35,1,1,128,1,1,16,0.000,0.000,,,,,NVIDIA A100-SXM4-40GB MIG 4g.20gb (0),1,,13,cupy_copy__complex64_complex64
11912673185,3072,237923,1,1,1,1,1,1,18,0.000,0.000,,,,,NVIDIA A100-SXM4-40GB MIG 4g.20gb (0),1,,13,cupy_copy__float32_float32
11912678305,5408,237929,,,,,,,,,,0.000,0.740,Device,Pageable,NVIDIA A100-SXM4-40GB MIG 4g.20gb (0),1,,7,[CUDA memcpy Device-to-Host]
11913394841,20736,237940,1434,1,1,128,1,1,16,0.000,0.000,,,,,NVIDIA A100-SXM4-40GB MIG 4g.20gb (0),1,,13,cupy_copy__complex64_complex64
11914039986,9344,237947,103,1,1,128,1,1,16,0.000,0.000,,,,,NVIDIA A100-SXM4-40GB MIG 4g.20gb (0),1,,13,cupy_copy__complex64_complex64
11914533804,12224,237954,35,1,1,128,1,1,16,0.000,0.000,,,,,NVIDIA A100-SXM4-40GB MIG 4g.20gb (0),1,,13,cupy_copy__complex64_complex64
11915012775,5248,237961,1,1,1,1,1,1,18,0.000,0.000,,,,,NVIDIA A100-SXM4-40GB MIG 4g.20gb (0),1,,13,cupy_copy__float32_float32
11915682911,245981,237972,1,1,1,32,32,1,30,0.000,0.000,,,,,NVIDIA A100-SXM4-40GB MIG 4g.20gb (0),1,,13,"void convert_kernel<__half2, float2>(tensor_layout_any, T1 *, tensor_layout_any, const T2 *)"
11915959324,10272,237975,,,,,,,,,,0.094,9121.493,Pinned,Device,NVIDIA A100-SXM4-40GB MIG 4g.20gb (0),1,,13,[CUDA memcpy Host-to-Device]
11916444022,11648,237976,,,,,,,,,,1.547,132779.217,Device,,NVIDIA A100-SXM4-40GB MIG 4g.20gb (0),1,,13,[CUDA memset]
11916460342,6784,237981,,,,,,,,,,0.031,4613.187,Pinned,Device,NVIDIA A100-SXM4-40GB MIG 4g.20gb (0),1,,13,[CUDA memcpy Host-to-Device]
11916470006,13056,237982,,,,,,,,,,0.197,15058.797,Pinned,Device,NVIDIA A100-SXM4-40GB MIG 4g.20gb (0),1,,13,[CUDA memcpy Host-to-Device]
11917170830,26048,237983,273,1,1,8,4,1,39,0.002,0.000,,,,,NVIDIA A100-SXM4-40GB MIG 4g.20gb (0),1,,13,"void channel_eq::eqMmseCoefCompLowMimoKernel<float, float, float, (unsigned int)4, (unsigned int)1, (unsigned int)4>(const channel_eq::_puschRxChEqStatDescr *, channel_eq::_puschRxChEqCoefCompDynDescr)"
11917916774,24927,237984,273,1,1,12,11,1,51,0.002,0.000,,,,,NVIDIA A100-SXM4-40GB MIG 4g.20gb (0),1,,13,"void channel_eq::eqMmseSoftDemapKernel<float, __half, __half, float, (unsigned int)4, (unsigned short)16383>(channel_eq::_puschRxChEqStatDescr *, channel_eq::_puschRxChEqSoftDemapDynDescr)"
11918481631,538106,237985,1,1,1,32,32,1,30,0.000,0.000,,,,,NVIDIA A100-SXM4-40GB MIG 4g.20gb (0),1,,13,"void convert_kernel<float2, __half2>(tensor_layout_any, T1 *, tensor_layout_any, const T2 *)"
11919411125,19328,237997,2253,1,1,128,1,1,16,0.000,0.000,,,,,NVIDIA A100-SXM4-40GB MIG 4g.20gb (0),1,,13,cupy_copy__float16_float16
11919812528,15616,238006,282,1,1,128,1,1,16,0.000,0.000,,,,,NVIDIA A100-SXM4-40GB MIG 4g.20gb (0),1,,13,cupy_copy__complex64_complex64
11920367946,3488,238015,26,1,1,128,1,1,16,0.000,0.000,,,,,NVIDIA A100-SXM4-40GB MIG 4g.20gb (0),1,,13,cupy_copy__float32_float32
11920917188,11168,238024,103,1,1,128,1,1,16,0.000,0.000,,,,,NVIDIA A100-SXM4-40GB MIG 4g.20gb (0),1,,13,cupy_copy__complex64_complex64
11921331135,41631,238034,1434,1,1,128,1,1,16,0.000,0.000,,,,,NVIDIA A100-SXM4-40GB MIG 4g.20gb (0),1,,13,cupy_copy__complex64_complex64
11921811930,243965,238039,1,1,1,32,32,1,30,0.000,0.000,,,,,NVIDIA A100-SXM4-40GB MIG 4g.20gb (0),1,,13,"void convert_kernel<__half2, float2>(tensor_layout_any, T1 *, tensor_layout_any, const T2 *)"
11922086998,5472,238042,,,,,,,,,,0.094,17122.757,Pinned,Device,NVIDIA A100-SXM4-40GB MIG 4g.20gb (0),1,,13,[CUDA memcpy Host-to-Device]
11922476658,612537,238043,,,,,,,,,,456.561,745108.270,Device,,NVIDIA A100-SXM4-40GB MIG 4g.20gb (0),1,,13,[CUDA memset]
11923094155,54495,238048,,,,,,,,,,1.235,22661.222,Pinned,Device,NVIDIA A100-SXM4-40GB MIG 4g.20gb (0),1,,13,[CUDA memcpy Host-to-Device]
11923151146,9440,238049,,,,,,,,,,0.197,20827.079,Pinned,Device,NVIDIA A100-SXM4-40GB MIG 4g.20gb (0),1,,13,[CUDA memcpy Host-to-Device]
11923777347,11520,238050,69,4,1,48,1,1,76,0.002,0.000,,,,,NVIDIA A100-SXM4-40GB MIG 4g.20gb (0),1,,13,"void ch_est::windowedChEstPreNoDftSOfdmKernel<float, __half, float, (unsigned int)2, (unsigned int)1, (unsigned short)4>(ch_est::puschRxChEstStatDescr_t *, ch_est::puschRxChEstDynDescr_t *)"
11924404796,22592,238051,137,2,1,24,2,1,44,0.001,0.001,,,,,NVIDIA A100-SXM4-40GB MIG 4g.20gb (0),1,,13,"void ch_est::chEstFilterNoDftSOfdmDispatchKernel<float, __half, float, (unsigned int)2>(ch_est::puschRxChEstStatDescr_t *, ch_est::puschRxChEstDynDescr_t *)"
11925038485,16096,238052,137,2,1,24,2,1,44,0.001,0.001,,,,,NVIDIA A100-SXM4-40GB MIG 4g.20gb (0),1,,13,"void ch_est::chEstFilterNoDftSOfdmDispatchKernel<float, __half, float, (unsigned int)2>(ch_est::puschRxChEstStatDescr_t *, ch_est::puschRxChEstDynDescr_t *)"
11925715277,4128,238063,103,1,1,128,1,1,16,0.000,0.000,,,,,NVIDIA A100-SXM4-40GB MIG 4g.20gb (0),1,,13,cupy_copy__complex64_complex64
11926339974,22336,238073,1434,1,1,128,1,1,16,0.000,0.000,,,,,NVIDIA A100-SXM4-40GB MIG 4g.20gb (0),1,,13,cupy_copy__complex64_complex64
11926937183,8160,238080,103,1,1,128,1,1,16,0.000,0.000,,,,,NVIDIA A100-SXM4-40GB MIG 4g.20gb (0),1,,13,cupy_copy__complex64_complex64
11927387962,246237,238087,1,1,1,32,32,1,30,0.000,0.000,,,,,NVIDIA A100-SXM4-40GB MIG 4g.20gb (0),1,,13,"void convert_kernel<__half2, float2>(tensor_layout_any, T1 *, tensor_layout_any, const T2 *)"
11927664535,9408,238090,,,,,,,,,,0.094,9959.135,Pinned,Device,NVIDIA A100-SXM4-40GB MIG 4g.20gb (0),1,,13,[CUDA memcpy Host-to-Device]
11928288656,57983,238091,,,,,,,,,,35.810,617577.880,Device,,NVIDIA A100-SXM4-40GB MIG 4g.20gb (0),1,,13,[CUDA memset]
11928350703,1952,238093,,,,,,,,,,0.000,40.984,Pinned,Device,NVIDIA A100-SXM4-40GB MIG 4g.20gb (0),1,,13,[CUDA memcpy Host-to-Device]
11928355119,12896,238094,,,,,,,,,,0.197,15245.574,Pinned,Device,NVIDIA A100-SXM4-40GB MIG 4g.20gb (0),1,,13,[CUDA memcpy Host-to-Device]
11929037576,28127,238095,273,1,1,48,1,1,40,0.000,0.001,,,,,NVIDIA A100-SXM4-40GB MIG 4g.20gb (0),1,,13,"void pusch_noise_intf_est::noiseIntfEstNoDftSOfdmKernel<float, __half, float, float, (unsigned int)2, (unsigned int)1, (unsigned char)4, (unsigned char)4>(pusch_noise_intf_est::puschRxNoiseIntfEstDynDescr)"
11929478915,10303,238106,35,1,1,128,1,1,16,0.000,0.000,,,,,NVIDIA A100-SXM4-40GB MIG 4g.20gb (0),1,,13,cupy_copy__complex64_complex64
11929907646,4672,238115,1,1,1,1,1,1,18,0.000,0.000,,,,,NVIDIA A100-SXM4-40GB MIG 4g.20gb (0),1,,13,cupy_copy__float32_float32
11929917758,2112,238121,,,,,,,,,,0.000,1.894,Device,Pageable,NVIDIA A100-SXM4-40GB MIG 4g.20gb (0),1,,7,[CUDA memcpy Device-to-Host]
11930586486,17952,238132,1434,1,1,128,1,1,16,0.000,0.000,,,,,NVIDIA A100-SXM4-40GB MIG 4g.20gb (0),1,,13,cupy_copy__complex64_complex64
11931224175,4224,238139,103,1,1,128,1,1,16,0.000,0.000,,,,,NVIDIA A100-SXM4-40GB MIG 4g.20gb (0),1,,13,cupy_copy__complex64_complex64
11931855112,3968,238146,35,1,1,128,1,1,16,0.000,0.000,,,,,NVIDIA A100-SXM4-40GB MIG 4g.20gb (0),1,,13,cupy_copy__complex64_complex64
11932545664,3328,238153,1,1,1,1,1,1,18,0.000,0.000,,,,,NVIDIA A100-SXM4-40GB MIG 4g.20gb (0),1,,13,cupy_copy__float32_float32
11933027770,259837,238164,1,1,1,32,32,1,30,0.000,0.000,,,,,NVIDIA A100-SXM4-40GB MIG 4g.20gb (0),1,,13,"void convert_kernel<__half2, float2>(tensor_layout_any, T1 *, tensor_layout_any, const T2 *)"
11933319031,8384,238167,,,,,,,,,,0.094,11175.497,Pinned,Device,NVIDIA A100-SXM4-40GB MIG 4g.20gb (0),1,,13,[CUDA memcpy Host-to-Device]
11933802354,9247,238168,,,,,,,,,,1.547,167256.559,Device,,NVIDIA A100-SXM4-40GB MIG 4g.20gb (0),1,,13,[CUDA memset]
11933812945,5216,238173,,,,,,,,,,0.031,5999.975,Pinned,Device,NVIDIA A100-SXM4-40GB MIG 4g.20gb (0),1,,13,[CUDA memcpy Host-to-Device]
11933820721,10208,238174,,,,,,,,,,0.197,19260.113,Pinned,Device,NVIDIA A100-SXM4-40GB MIG 4g.20gb (0),1,,13,[CUDA memcpy Host-to-Device]
11934245804,24672,238175,273,1,1,8,4,1,39,0.002,0.000,,,,,NVIDIA A100-SXM4-40GB MIG 4g.20gb (0),1,,13,"void channel_eq::eqMmseCoefCompLowMimoKernel<float, float, float, (unsigned int)4, (unsigned int)1, (unsigned int)4>(const channel_eq::_puschRxChEqStatDescr *, channel_eq::_puschRxChEqCoefCompDynDescr)"
11934920869,18752,238176,273,1,1,12,11,1,51,0.002,0.000,,,,,NVIDIA A100-SXM4-40GB MIG 4g.20gb (0),1,,13,"void channel_eq::eqMmseSoftDemapKernel<float, __half, __half, float, (unsigned int)4, (unsigned short)16383>(channel_eq::_puschRxChEqStatDescr *, channel_eq::_puschRxChEqSoftDemapDynDescr)"
11935557726,693304,238177,1,1,1,32,32,1,30,0.000,0.000,,,,,NVIDIA A100-SXM4-40GB MIG 4g.20gb (0),1,,13,"void convert_kernel<float2, __half2>(tensor_layout_any, T1 *, tensor_layout_any, const T2 *)"
11936876623,19295,238189,2253,1,1,128,1,1,16,0.000,0.000,,,,,NVIDIA A100-SXM4-40GB MIG 4g.20gb (0),1,,13,cupy_copy__float16_float16
11937383497,10688,238198,282,1,1,128,1,1,16,0.000,0.000,,,,,NVIDIA A100-SXM4-40GB MIG 4g.20gb (0),1,,13,cupy_copy__complex64_complex64
11937762309,12351,238207,26,1,1,128,1,1,16,0.000,0.000,,,,,NVIDIA A100-SXM4-40GB MIG 4g.20gb (0),1,,13,cupy_copy__float32_float32
11938422525,7648,238216,103,1,1,128,1,1,16,0.000,0.000,,,,,NVIDIA A100-SXM4-40GB MIG 4g.20gb (0),1,,13,cupy_copy__complex64_complex64
11939215572,20576,238226,1434,1,1,128,1,1,16,0.000,0.000,,,,,NVIDIA A100-SXM4-40GB MIG 4g.20gb (0),1,,13,cupy_copy__complex64_complex64
11939854925,250173,238231,1,1,1,32,32,1,30,0.000,0.000,,,,,NVIDIA A100-SXM4-40GB MIG 4g.20gb (0),1,,13,"void convert_kernel<__half2, float2>(tensor_layout_any, T1 *, tensor_layout_any, const T2 *)"
11940136074,5888,238234,,,,,,,,,,0.094,15912.954,Pinned,Device,NVIDIA A100-SXM4-40GB MIG 4g.20gb (0),1,,13,[CUDA memcpy Host-to-Device]
11940797506,628217,238235,,,,,,,,,,456.561,726389.251,Device,,NVIDIA A100-SXM4-40GB MIG 4g.20gb (0),1,,13,[CUDA memset]
11941429435,54623,238240,,,,,,,,,,1.235,22608.120,Pinned,Device,NVIDIA A100-SXM4-40GB MIG 4g.20gb (0),1,,13,[CUDA memcpy Host-to-Device]
11941486490,9472,238241,,,,,,,,,,0.197,20756.693,Pinned,Device,NVIDIA A100-SXM4-40GB MIG 4g.20gb (0),1,,13,[CUDA memcpy Host-to-Device]
11942131379,21504,238242,69,4,1,48,1,1,76,0.002,0.000,,,,,NVIDIA A100-SXM4-40GB MIG 4g.20gb (0),1,,13,"void ch_est::windowedChEstPreNoDftSOfdmKernel<float, __half, float, (unsigned int)2, (unsigned int)1, (unsigned short)4>(ch_est::puschRxChEstStatDescr_t *, ch_est::puschRxChEstDynDescr_t *)"
11942859627,25055,238243,137,2,1,24,2,1,44,0.001,0.001,,,,,NVIDIA A100-SXM4-40GB MIG 4g.20gb (0),1,,13,"void ch_est::chEstFilterNoDftSOfdmDispatchKernel<float, __half, float, (unsigned int)2>(ch_est::puschRxChEstStatDescr_t *, ch_est::puschRxChEstDynDescr_t *)"
11943577699,23327,238244,137,2,1,24,2,1,44,0.001,0.001,,,,,NVIDIA A100-SXM4-40GB MIG 4g.20gb (0),1,,13,"void ch_est::chEstFilterNoDftSOfdmDispatchKernel<float, __half, float, (unsigned int)2>(ch_est::puschRxChEstStatDescr_t *, ch_est::puschRxChEstDynDescr_t *)"
11944246139,4672,238255,103,1,1,128,1,1,16,0.000,0.000,,,,,NVIDIA A100-SXM4-40GB MIG 4g.20gb (0),1,,13,cupy_copy__complex64_complex64
11944864340,20288,238265,1434,1,1,128,1,1,16,0.000,0.000,,,,,NVIDIA A100-SXM4-40GB MIG 4g.20gb (0),1,,13,cupy_copy__complex64_complex64
11945499053,7648,238272,103,1,1,128,1,1,16,0.000,0.000,,,,,NVIDIA A100-SXM4-40GB MIG 4g.20gb (0),1,,13,cupy_copy__complex64_complex64
11945981095,243966,238279,1,1,1,32,32,1,30,0.000,0.000,,,,,NVIDIA A100-SXM4-40GB MIG 4g.20gb (0),1,,13,"void convert_kernel<__half2, float2>(tensor_layout_any, T1 *, tensor_layout_any, const T2 *)"
11946259076,5536,238282,,,,,,,,,,0.094,16924.777,Pinned,Device,NVIDIA A100-SXM4-40GB MIG 4g.20gb (0),1,,13,[CUDA memcpy Host-to-Device]
11946831422,56607,238283,,,,,,,,,,35.810,632582.237,Device,,NVIDIA A100-SXM4-40GB MIG 4g.20gb (0),1,,13,[CUDA memset]
11946893501,1888,238285,,,,,,,,,,0.000,42.373,Pinned,Device,NVIDIA A100-SXM4-40GB MIG 4g.20gb (0),1,,13,[CUDA memcpy Host-to-Device]
11946897853,10592,238286,,,,,,,,,,0.197,18561.761,Pinned,Device,NVIDIA A100-SXM4-40GB MIG 4g.20gb (0),1,,13,[CUDA memcpy Host-to-Device]
11947517846,26880,238287,273,1,1,48,1,1,40,0.000,0.001,,,,,NVIDIA A100-SXM4-40GB MIG 4g.20gb (0),1,,13,"void pusch_noise_intf_est::noiseIntfEstNoDftSOfdmKernel<float, __half, float, float, (unsigned int)2, (unsigned int)1, (unsigned char)4, (unsigned char)4>(pusch_noise_intf_est::puschRxNoiseIntfEstDynDescr)"
11947906002,9951,238298,35,1,1,128,1,1,16,0.000,0.000,,,,,NVIDIA A100-SXM4-40GB MIG 4g.20gb (0),1,,13,cupy_copy__complex64_complex64
11948284589,5664,238307,1,1,1,1,1,1,18,0.000,0.000,,,,,NVIDIA A100-SXM4-40GB MIG 4g.20gb (0),1,,13,cupy_copy__float32_float32
11948294733,1760,238313,,,,,,,,,,0.000,2.273,Device,Pageable,NVIDIA A100-SXM4-40GB MIG 4g.20gb (0),1,,7,[CUDA memcpy Device-to-Host]
11948912742,18848,238324,1434,1,1,128,1,1,16,0.000,0.000,,,,,NVIDIA A100-SXM4-40GB MIG 4g.20gb (0),1,,13,cupy_copy__complex64_complex64
11949549407,4160,238331,103,1,1,128,1,1,16,0.000,0.000,,,,,NVIDIA A100-SXM4-40GB MIG 4g.20gb (0),1,,13,cupy_copy__complex64_complex64
11950105017,6272,238338,35,1,1,128,1,1,16,0.000,0.000,,,,,NVIDIA A100-SXM4-40GB MIG 4g.20gb (0),1,,13,cupy_copy__complex64_complex64
11950566867,2944,238345,1,1,1,1,1,1,18,0.000,0.000,,,,,NVIDIA A100-SXM4-40GB MIG 4g.20gb (0),1,,13,cupy_copy__float32_float32
11951208556,269277,238356,1,1,1,32,32,1,30,0.000,0.000,,,,,NVIDIA A100-SXM4-40GB MIG 4g.20gb (0),1,,13,"void convert_kernel<__half2, float2>(tensor_layout_any, T1 *, tensor_layout_any, const T2 *)"
11951511369,9632,238359,,,,,,,,,,0.094,9727.519,Pinned,Device,NVIDIA A100-SXM4-40GB MIG 4g.20gb (0),1,,13,[CUDA memcpy Host-to-Device]
11951885764,7328,238360,,,,,,,,,,1.547,211055.404,Device,,NVIDIA A100-SXM4-40GB MIG 4g.20gb (0),1,,13,[CUDA memset]
11951896644,3136,238365,,,,,,,,,,0.031,9979.575,Pinned,Device,NVIDIA A100-SXM4-40GB MIG 4g.20gb (0),1,,13,[CUDA memcpy Host-to-Device]
11951903268,9984,238366,,,,,,,,,,0.197,19692.257,Pinned,Device,NVIDIA A100-SXM4-40GB MIG 4g.20gb (0),1,,13,[CUDA memcpy Host-to-Device]
11952332927,14272,238367,273,1,1,8,4,1,39,0.002,0.000,,,,,NVIDIA A100-SXM4-40GB MIG 4g.20gb (0),1,,13,"void channel_eq::eqMmseCoefCompLowMimoKernel<float, float, float, (unsigned int)4, (unsigned int)1, (unsigned int)4>(const channel_eq::_puschRxChEqStatDescr *, channel_eq::_puschRxChEqCoefCompDynDescr)"
11953125782,9344,238368,273,1,1,12,11,1,51,0.002,0.000,,,,,NVIDIA A100-SXM4-40GB MIG 4g.20gb (0),1,,13,"void channel_eq::eqMmseSoftDemapKernel<float, __half, __half, float, (unsigned int)4, (unsigned short)16383>(channel_eq::_puschRxChEqStatDescr *, channel_eq::_puschRxChEqSoftDemapDynDescr)"
11953807407,710136,238369,1,1,1,32,32,1,30,0.000,0.000,,,,,NVIDIA A100-SXM4-40GB MIG 4g.20gb (0),1,,13,"void convert_kernel<float2, __half2>(tensor_layout_any, T1 *, tensor_layout_any, const T2 *)"
11955139103,13056,238381,2253,1,1,128,1,1,16,0.000,0.000,,,,,NVIDIA A100-SXM4-40GB MIG 4g.20gb (0),1,,13,cupy_copy__float16_float16
11955829560,4352,238390,282,1,1,128,1,1,16,0.000,0.000,,,,,NVIDIA A100-SXM4-40GB MIG 4g.20gb (0),1,,13,cupy_copy__complex64_complex64
11956437137,11008,238399,26,1,1,128,1,1,16,0.000,0.000,,,,,NVIDIA A100-SXM4-40GB MIG 4g.20gb (0),1,,13,cupy_copy__float32_float32
11957051082,4704,238408,103,1,1,128,1,1,16,0.000,0.000,,,,,NVIDIA A100-SXM4-40GB MIG 4g.20gb (0),1,,13,cupy_copy__complex64_complex64
11957675107,21439,238418,1434,1,1,128,1,1,16,0.000,0.000,,,,,NVIDIA A100-SXM4-40GB MIG 4g.20gb (0),1,,13,cupy_copy__complex64_complex64
11958145885,252510,238423,1,1,1,32,32,1,30,0.000,0.000,,,,,NVIDIA A100-SXM4-40GB MIG 4g.20gb (0),1,,13,"void convert_kernel<__half2, float2>(tensor_layout_any, T1 *, tensor_layout_any, const T2 *)"
11958431770,6048,238426,,,,,,,,,,0.094,15491.978,Pinned,Device,NVIDIA A100-SXM4-40GB MIG 4g.20gb (0),1,,13,[CUDA memcpy Host-to-Device]
11959051475,625401,238427,,,,,,,,,,456.561,729585.181,Device,,NVIDIA A100-SXM4-40GB MIG 4g.20gb (0),1,,13,[CUDA memset]
11959683820,56095,238432,,,,,,,,,,1.235,22014.112,Pinned,Device,NVIDIA A100-SXM4-40GB MIG 4g.20gb (0),1,,13,[CUDA memcpy Host-to-Device]
11959743019,12352,238433,,,,,,,,,,0.197,15916.990,Pinned,Device,NVIDIA A100-SXM4-40GB MIG 4g.20gb (0),1,,13,[CUDA memcpy Host-to-Device]
11960303621,22720,238434,69,4,1,48,1,1,76,0.002,0.000,,,,,NVIDIA A100-SXM4-40GB MIG 4g.20gb (0),1,,13,"void ch_est::windowedChEstPreNoDftSOfdmKernel<float, __half, float, (unsigned int)2, (unsigned int)1, (unsigned short)4>(ch_est::puschRxChEstStatDescr_t *, ch_est::puschRxChEstDynDescr_t *)"
11960703328,22752,238435,137,2,1,24,2,1,44,0.001,0.001,,,,,NVIDIA A100-SXM4-40GB MIG 4g.20gb (0),1,,13,"void ch_est::chEstFilterNoDftSOfdmDispatchKernel<float, __half, float, (unsigned int)2>(ch_est::puschRxChEstStatDescr_t *, ch_est::puschRxChEstDynDescr_t *)"
11961083420,23040,238436,137,2,1,24,2,1,44,0.001,0.001,,,,,NVIDIA A100-SXM4-40GB MIG 4g.20gb (0),1,,13,"void ch_est::chEstFilterNoDftSOfdmDispatchKernel<float, __half, float, (unsigned int)2>(ch_est::puschRxChEstStatDescr_t *, ch_est::puschRxChEstDynDescr_t *)"
11961649654,4032,238447,103,1,1,128,1,1,16,0.000,0.000,,,,,NVIDIA A100-SXM4-40GB MIG 4g.20gb (0),1,,13,cupy_copy__complex64_complex64
11962227375,23968,238457,1434,1,1,128,1,1,16,0.000,0.000,,,,,NVIDIA A100-SXM4-40GB MIG 4g.20gb (0),1,,13,cupy_copy__complex64_complex64
11962734313,4960,238464,103,1,1,128,1,1,16,0.000,0.000,,,,,NVIDIA A100-SXM4-40GB MIG 4g.20gb (0),1,,13,cupy_copy__complex64_complex64
11963375970,239261,238471,1,1,1,32,32,1,30,0.000,0.000,,,,,NVIDIA A100-SXM4-40GB MIG 4g.20gb (0),1,,13,"void convert_kernel<__half2, float2>(tensor_layout_any, T1 *, tensor_layout_any, const T2 *)"
11963645599,8320,238474,,,,,,,,,,0.094,11261.510,Pinned,Device,NVIDIA A100-SXM4-40GB MIG 4g.20gb (0),1,,13,[CUDA memcpy Host-to-Device]
11964103546,57631,238475,,,,,,,,,,35.810,621337.922,Device,,NVIDIA A100-SXM4-40GB MIG 4g.20gb (0),1,,13,[CUDA memset]
11964166169,5984,238477,,,,,,,,,,0.000,13.369,Pinned,Device,NVIDIA A100-SXM4-40GB MIG 4g.20gb (0),1,,13,[CUDA memcpy Host-to-Device]
11964174585,9696,238478,,,,,,,,,,0.197,20277.166,Pinned,Device,NVIDIA A100-SXM4-40GB MIG 4g.20gb (0),1,,13,[CUDA memcpy Host-to-Device]
11964879505,27136,238479,273,1,1,48,1,1,40,0.000,0.001,,,,,NVIDIA A100-SXM4-40GB MIG 4g.20gb (0),1,,13,"void pusch_noise_intf_est::noiseIntfEstNoDftSOfdmKernel<float, __half, float, float, (unsigned int)2, (unsigned int)1, (unsigned char)4, (unsigned char)4>(pusch_noise_intf_est::puschRxNoiseIntfEstDynDescr)"
11965253389,12992,238490,35,1,1,128,1,1,16,0.000,0.000,,,,,NVIDIA A100-SXM4-40GB MIG 4g.20gb (0),1,,13,cupy_copy__complex64_complex64
11965915589,3008,238499,1,1,1,1,1,1,18,0.000,0.000,,,,,NVIDIA A100-SXM4-40GB MIG 4g.20gb (0),1,,13,cupy_copy__float32_float32
11965920325,3040,238505,,,,,,,,,,0.000,1.316,Device,Pageable,NVIDIA A100-SXM4-40GB MIG 4g.20gb (0),1,,7,[CUDA memcpy Device-to-Host]
11966676765,20319,238516,1434,1,1,128,1,1,16,0.000,0.000,,,,,NVIDIA A100-SXM4-40GB MIG 4g.20gb (0),1,,13,cupy_copy__complex64_complex64
11967361781,4832,238523,103,1,1,128,1,1,16,0.000,0.000,,,,,NVIDIA A100-SXM4-40GB MIG 4g.20gb (0),1,,13,cupy_copy__complex64_complex64
11967985038,4320,238530,35,1,1,128,1,1,16,0.000,0.000,,,,,NVIDIA A100-SXM4-40GB MIG 4g.20gb (0),1,,13,cupy_copy__complex64_complex64
11968610087,3616,238537,1,1,1,1,1,1,18,0.000,0.000,,,,,NVIDIA A100-SXM4-40GB MIG 4g.20gb (0),1,,13,cupy_copy__float32_float32
11969094401,252477,238548,1,1,1,32,32,1,30,0.000,0.000,,,,,NVIDIA A100-SXM4-40GB MIG 4g.20gb (0),1,,13,"void convert_kernel<__half2, float2>(tensor_layout_any, T1 *, tensor_layout_any, const T2 *)"
11969376510,6048,238551,,,,,,,,,,0.094,15491.978,Pinned,Device,NVIDIA A100-SXM4-40GB MIG 4g.20gb (0),1,,13,[CUDA memcpy Host-to-Device]
11970027799,6880,238552,,,,,,,,,,1.547,224798.705,Device,,NVIDIA A100-SXM4-40GB MIG 4g.20gb (0),1,,13,[CUDA memset]
11970041750,3360,238557,,,,,,,,,,0.031,9314.284,Pinned,Device,NVIDIA A100-SXM4-40GB MIG 4g.20gb (0),1,,13,[CUDA memcpy Host-to-Device]
11970050454,10560,238558,,,,,,,,,,0.197,18617.991,Pinned,Device,NVIDIA A100-SXM4-40GB MIG 4g.20gb (0),1,,13,[CUDA memcpy Host-to-Device]
11970643152,28255,238559,273,1,1,8,4,1,39,0.002,0.000,,,,,NVIDIA A100-SXM4-40GB MIG 4g.20gb (0),1,,13,"void channel_eq::eqMmseCoefCompLowMimoKernel<float, float, float, (unsigned int)4, (unsigned int)1, (unsigned int)4>(const channel_eq::_puschRxChEqStatDescr *, channel_eq::_puschRxChEqCoefCompDynDescr)"
11971112746,24928,238560,273,1,1,12,11,1,51,0.002,0.000,,,,,NVIDIA A100-SXM4-40GB MIG 4g.20gb (0),1,,13,"void channel_eq::eqMmseSoftDemapKernel<float, __half, __half, float, (unsigned int)4, (unsigned short)16383>(channel_eq::_puschRxChEqStatDescr *, channel_eq::_puschRxChEqSoftDemapDynDescr)"
11971777219,711256,238561,1,1,1,32,32,1,30,0.000,0.000,,,,,NVIDIA A100-SXM4-40GB MIG 4g.20gb (0),1,,13,"void convert_kernel<float2, __half2>(tensor_layout_any, T1 *, tensor_layout_any, const T2 *)"
11973102196,18816,238573,2253,1,1,128,1,1,16,0.000,0.000,,,,,NVIDIA A100-SXM4-40GB MIG 4g.20gb (0),1,,13,cupy_copy__float16_float16
11973651182,8607,238582,282,1,1,128,1,1,16,0.000,0.000,,,,,NVIDIA A100-SXM4-40GB MIG 4g.20gb (0),1,,13,cupy_copy__complex64_complex64
11974046121,11424,238591,26,1,1,128,1,1,16,0.000,0.000,,,,,NVIDIA A100-SXM4-40GB MIG 4g.20gb (0),1,,13,cupy_copy__float32_float32
11974481700,10464,238600,103,1,1,128,1,1,16,0.000,0.000,,,,,NVIDIA A100-SXM4-40GB MIG 4g.20gb (0),1,,13,cupy_copy__complex64_complex64
11975360986,15712,238610,1434,1,1,128,1,1,16,0.000,0.000,,,,,NVIDIA A100-SXM4-40GB MIG 4g.20gb (0),1,,13,cupy_copy__complex64_complex64
11976046578,246526,238615,1,1,1,32,32,1,30,0.000,0.000,,,,,NVIDIA A100-SXM4-40GB MIG 4g.20gb (0),1,,13,"void convert_kernel<__half2, float2>(tensor_layout_any, T1 *, tensor_layout_any, const T2 *)"
11976324527,5472,238618,,,,,,,,,,0.094,17122.757,Pinned,Device,NVIDIA A100-SXM4-40GB MIG 4g.20gb (0),1,,13,[CUDA memcpy Host-to-Device]
11977026023,620633,238619,,,,,,,,,,456.561,735520.480,Device,,NVIDIA A100-SXM4-40GB MIG 4g.20gb (0),1,,13,[CUDA memset]
11977654432,58943,238624,,,,,,,,,,1.235,20950.825,Pinned,Device,NVIDIA A100-SXM4-40GB MIG 4g.20gb (0),1,,13,[CUDA memcpy Host-to-Device]
11977715871,10784,238625,,,,,,,,,,0.197,18231.263,Pinned,Device,NVIDIA A100-SXM4-40GB MIG 4g.20gb (0),1,,13,[CUDA memcpy Host-to-Device]
11978451191,22400,238626,69,4,1,48,1,1,76,0.002,0.000,,,,,NVIDIA A100-SXM4-40GB MIG 4g.20gb (0),1,,13,"void ch_est::windowedChEstPreNoDftSOfdmKernel<float, __half, float, (unsigned int)2, (unsigned int)1, (unsigned short)4>(ch_est::puschRxChEstStatDescr_t *, ch_est::puschRxChEstDynDescr_t *)"
11979050960,9952,238627,137,2,1,24,2,1,44,0.001,0.001,,,,,NVIDIA A100-SXM4-40GB MIG 4g.20gb (0),1,,13,"void ch_est::chEstFilterNoDftSOfdmDispatchKernel<float, __half, float, (unsigned int)2>(ch_est::puschRxChEstStatDescr_t *, ch_est::puschRxChEstDynDescr_t *)"
11979802408,15296,238628,137,2,1,24,2,1,44,0.001,0.001,,,,,NVIDIA A100-SXM4-40GB MIG 4g.20gb (0),1,,13,"void ch_est::chEstFilterNoDftSOfdmDispatchKernel<float, __half, float, (unsigned int)2>(ch_est::puschRxChEstStatDescr_t *, ch_est::puschRxChEstDynDescr_t *)"
11980589983,4416,238639,103,1,1,128,1,1,16,0.000,0.000,,,,,NVIDIA A100-SXM4-40GB MIG 4g.20gb (0),1,,13,cupy_copy__complex64_complex64
11981266551,24288,238649,1434,1,1,128,1,1,16,0.000,0.000,,,,,NVIDIA A100-SXM4-40GB MIG 4g.20gb (0),1,,13,cupy_copy__complex64_complex64
11981941871,4064,238656,103,1,1,128,1,1,16,0.000,0.000,,,,,NVIDIA A100-SXM4-40GB MIG 4g.20gb (0),1,,13,cupy_copy__complex64_complex64
11982598312,241981,238663,1,1,1,32,32,1,30,0.000,0.000,,,,,NVIDIA A100-SXM4-40GB MIG 4g.20gb (0),1,,13,"void convert_kernel<__half2, float2>(tensor_layout_any, T1 *, tensor_layout_any, const T2 *)"
11982869637,9376,238666,,,,,,,,,,0.094,9993.147,Pinned,Device,NVIDIA A100-SXM4-40GB MIG 4g.20gb (0),1,,13,[CUDA memcpy Host-to-Device]
11983604445,63455,238667,,,,,,,,,,35.810,564328.529,Device,,NVIDIA A100-SXM4-40GB MIG 4g.20gb (0),1,,13,[CUDA memset]
11983676220,2720,238669,,,,,,,,,,0.000,29.412,Pinned,Device,NVIDIA A100-SXM4-40GB MIG 4g.20gb (0),1,,13,[CUDA memcpy Host-to-Device]
11983681788,14592,238670,,,,,,,,,,0.197,13473.546,Pinned,Device,NVIDIA A100-SXM4-40GB MIG 4g.20gb (0),1,,13,[CUDA memcpy Host-to-Device]
11984475347,50239,238671,273,1,1,48,1,1,40,0.000,0.001,,,,,NVIDIA A100-SXM4-40GB MIG 4g.20gb (0),1,,13,"void pusch_noise_intf_est::noiseIntfEstNoDftSOfdmKernel<float, __half, float, float, (unsigned int)2, (unsigned int)1, (unsigned char)4, (unsigned char)4>(pusch_noise_intf_est::puschRxNoiseIntfEstDynDescr)"
11985216810,15552,238682,35,1,1,128,1,1,16,0.000,0.000,,,,,NVIDIA A100-SXM4-40GB MIG 4g.20gb (0),1,,13,cupy_copy__complex64_complex64
11985988002,3904,238691,1,1,1,1,1,1,18,0.000,0.000,,,,,NVIDIA A100-SXM4-40GB MIG 4g.20gb (0),1,,13,cupy_copy__float32_float32
11985997569,2016,238697,,,,,,,,,,0.000,1.984,Device,Pageable,NVIDIA A100-SXM4-40GB MIG 4g.20gb (0),1,,7,[CUDA memcpy Device-to-Host]
11986717881,21504,238708,1434,1,1,128,1,1,16,0.000,0.000,,,,,NVIDIA A100-SXM4-40GB MIG 4g.20gb (0),1,,13,cupy_copy__complex64_complex64
11987378738,7808,238715,103,1,1,128,1,1,16,0.000,0.000,,,,,NVIDIA A100-SXM4-40GB MIG 4g.20gb (0),1,,13,cupy_copy__complex64_complex64
11988006027,10848,238722,35,1,1,128,1,1,16,0.000,0.000,,,,,NVIDIA A100-SXM4-40GB MIG 4g.20gb (0),1,,13,cupy_copy__complex64_complex64
11988532997,5184,238729,1,1,1,1,1,1,18,0.000,0.000,,,,,NVIDIA A100-SXM4-40GB MIG 4g.20gb (0),1,,13,cupy_copy__float32_float32
11989207037,264349,238740,1,1,1,32,32,1,30,0.000,0.000,,,,,NVIDIA A100-SXM4-40GB MIG 4g.20gb (0),1,,13,"void convert_kernel<__half2, float2>(tensor_layout_any, T1 *, tensor_layout_any, const T2 *)"
11989502618,5504,238743,,,,,,,,,,0.094,17023.251,Pinned,Device,NVIDIA A100-SXM4-40GB MIG 4g.20gb (0),1,,13,[CUDA memcpy Host-to-Device]
11990203794,7520,238744,,,,,,,,,,1.547,205666.966,Device,,NVIDIA A100-SXM4-40GB MIG 4g.20gb (0),1,,13,[CUDA memset]
11990214034,3040,238749,,,,,,,,,,0.031,10294.725,Pinned,Device,NVIDIA A100-SXM4-40GB MIG 4g.20gb (0),1,,13,[CUDA memcpy Host-to-Device]
11990219538,9919,238750,,,,,,,,,,0.197,19821.232,Pinned,Device,NVIDIA A100-SXM4-40GB MIG 4g.20gb (0),1,,13,[CUDA memcpy Host-to-Device]
11990643821,18912,238751,273,1,1,8,4,1,39,0.002,0.000,,,,,NVIDIA A100-SXM4-40GB MIG 4g.20gb (0),1,,13,"void channel_eq::eqMmseCoefCompLowMimoKernel<float, float, float, (unsigned int)4, (unsigned int)1, (unsigned int)4>(const channel_eq::_puschRxChEqStatDescr *, channel_eq::_puschRxChEqCoefCompDynDescr)"
11991360421,17439,238752,273,1,1,12,11,1,51,0.002,0.000,,,,,NVIDIA A100-SXM4-40GB MIG 4g.20gb (0),1,,13,"void channel_eq::eqMmseSoftDemapKernel<float, __half, __half, float, (unsigned int)4, (unsigned short)16383>(channel_eq::_puschRxChEqStatDescr *, channel_eq::_puschRxChEqSoftDemapDynDescr)"
11992227963,799479,238753,1,1,1,32,32,1,30,0.000,0.000,,,,,NVIDIA A100-SXM4-40GB MIG 4g.20gb (0),1,,13,"void convert_kernel<float2, __half2>(tensor_layout_any, T1 *, tensor_layout_any, const T2 *)"
11993711338,17984,238765,2253,1,1,128,1,1,16,0.000,0.000,,,,,NVIDIA A100-SXM4-40GB MIG 4g.20gb (0),1,,13,cupy_copy__float16_float16
11994507617,4832,238774,282,1,1,128,1,1,16,0.000,0.000,,,,,NVIDIA A100-SXM4-40GB MIG 4g.20gb (0),1,,13,cupy_copy__complex64_complex64
11995121722,19552,238783,26,1,1,128,1,1,16,0.000,0.000,,,,,NVIDIA A100-SXM4-40GB MIG 4g.20gb (0),1,,13,cupy_copy__float32_float32
11995728595,4800,238792,103,1,1,128,1,1,16,0.000,0.000,,,,,NVIDIA A100-SXM4-40GB MIG 4g.20gb (0),1,,13,cupy_copy__complex64_complex64
11996355404,18752,238802,1434,1,1,128,1,1,16,0.000,0.000,,,,,NVIDIA A100-SXM4-40GB MIG 4g.20gb (0),1,,13,cupy_copy__complex64_complex64
11996946277,256573,238807,1,1,1,32,32,1,30,0.000,0.000,,,,,NVIDIA A100-SXM4-40GB MIG 4g.20gb (0),1,,13,"void convert_kernel<__half2, float2>(tensor_layout_any, T1 *, tensor_layout_any, const T2 *)"
11997233954,12032,238810,,,,,,,,,,0.094,7787.168,Pinned,Device,NVIDIA A100-SXM4-40GB MIG 4g.20gb (0),1,,13,[CUDA memcpy Host-to-Device]
11997944762,621561,238811,,,,,,,,,,456.561,734150.796,Device,,NVIDIA A100-SXM4-40GB MIG 4g.20gb (0),1,,13,[CUDA memset]
11998571059,58655,238816,,,,,,,,,,1.235,21053.325,Pinned,Device,NVIDIA A100-SXM4-40GB MIG 4g.20gb (0),1,,13,[CUDA memcpy Host-to-Device]
11998632178,12512,238817,,,,,,,,,,0.197,15713.501,Pinned,Device,NVIDIA A100-SXM4-40GB MIG 4g.20gb (0),1,,13,[CUDA memcpy Host-to-Device]
11999252459,21696,238818,69,4,1,48,1,1,76,0.002,0.000,,,,,NVIDIA A100-SXM4-40GB MIG 4g.20gb (0),1,,13,"void ch_est::windowedChEstPreNoDftSOfdmKernel<float, __half, float, (unsigned int)2, (unsigned int)1, (unsigned short)4>(ch_est::puschRxChEstStatDescr_t *, ch_est::puschRxChEstDynDescr_t *)"
11999797925,26528,238819,137,2,1,24,2,1,44,0.001,0.001,,,,,NVIDIA A100-SXM4-40GB MIG 4g.20gb (0),1,,13,"void ch_est::chEstFilterNoDftSOfdmDispatchKernel<float, __half, float, (unsigned int)2>(ch_est::puschRxChEstStatDescr_t *, ch_est::puschRxChEstDynDescr_t *)"
12000234656,11520,238820,137,2,1,24,2,1,44,0.001,0.001,,,,,NVIDIA A100-SXM4-40GB MIG 4g.20gb (0),1,,13,"void ch_est::chEstFilterNoDftSOfdmDispatchKernel<float, __half, float, (unsigned int)2>(ch_est::puschRxChEstStatDescr_t *, ch_est::puschRxChEstDynDescr_t *)"
12000920344,9664,238831,103,1,1,128,1,1,16,0.000,0.000,,,,,NVIDIA A100-SXM4-40GB MIG 4g.20gb (0),1,,13,cupy_copy__complex64_complex64
12001728527,15744,238841,1434,1,1,128,1,1,16,0.000,0.000,,,,,NVIDIA A100-SXM4-40GB MIG 4g.20gb (0),1,,13,cupy_copy__complex64_complex64
12002514758,7456,238848,103,1,1,128,1,1,16,0.000,0.000,,,,,NVIDIA A100-SXM4-40GB MIG 4g.20gb (0),1,,13,cupy_copy__complex64_complex64
12003139423,294045,238855,1,1,1,32,32,1,30,0.000,0.000,,,,,NVIDIA A100-SXM4-40GB MIG 4g.20gb (0),1,,13,"void convert_kernel<__half2, float2>(tensor_layout_any, T1 *, tensor_layout_any, const T2 *)"
12003464251,8672,238858,,,,,,,,,,0.094,10804.367,Pinned,Device,NVIDIA A100-SXM4-40GB MIG 4g.20gb (0),1,,13,[CUDA memcpy Host-to-Device]
12003962966,49183,238859,,,,,,,,,,35.810,728087.293,Device,,NVIDIA A100-SXM4-40GB MIG 4g.20gb (0),1,,13,[CUDA memset]
12004019061,6144,238861,,,,,,,,,,0.000,13.021,Pinned,Device,NVIDIA A100-SXM4-40GB MIG 4g.20gb (0),1,,13,[CUDA memcpy Host-to-Device]
12004027669,9664,238862,,,,,,,,,,0.197,20344.209,Pinned,Device,NVIDIA A100-SXM4-40GB MIG 4g.20gb (0),1,,13,[CUDA memcpy Host-to-Device]
12004677198,16703,238863,273,1,1,48,1,1,40,0.000,0.001,,,,,NVIDIA A100-SXM4-40GB MIG 4g.20gb (0),1,,13,"void pusch_noise_intf_est::noiseIntfEstNoDftSOfdmKernel<float, __half, float, float, (unsigned int)2, (unsigned int)1, (unsigned char)4, (unsigned char)4>(pusch_noise_intf_est::puschRxNoiseIntfEstDynDescr)"
12005352070,8736,238874,35,1,1,128,1,1,16,0.000,0.000,,,,,NVIDIA A100-SXM4-40GB MIG 4g.20gb (0),1,,13,cupy_copy__complex64_complex64
12006174845,3008,238883,1,1,1,1,1,1,18,0.000,0.000,,,,,NVIDIA A100-SXM4-40GB MIG 4g.20gb (0),1,,13,cupy_copy__float32_float32
12006183452,3744,238889,,,,,,,,,,0.000,1.068,Device,Pageable,NVIDIA A100-SXM4-40GB MIG 4g.20gb (0),1,,7,[CUDA memcpy Device-to-Host]
12007026035,17920,238900,1434,1,1,128,1,1,16,0.000,0.000,,,,,NVIDIA A100-SXM4-40GB MIG 4g.20gb (0),1,,13,cupy_copy__complex64_complex64
12007730987,12576,238907,103,1,1,128,1,1,16,0.000,0.000,,,,,NVIDIA A100-SXM4-40GB MIG 4g.20gb (0),1,,13,cupy_copy__complex64_complex64
12008577569,7008,238914,35,1,1,128,1,1,16,0.000,0.000,,,,,NVIDIA A100-SXM4-40GB MIG 4g.20gb (0),1,,13,cupy_copy__complex64_complex64
12009264122,7455,238921,1,1,1,1,1,1,18,0.000,0.000,,,,,NVIDIA A100-SXM4-40GB MIG 4g.20gb (0),1,,13,cupy_copy__float32_float32
12009936562,251037,238932,1,1,1,32,32,1,30,0.000,0.000,,,,,NVIDIA A100-SXM4-40GB MIG 4g.20gb (0),1,,13,"void convert_kernel<__half2, float2>(tensor_layout_any, T1 *, tensor_layout_any, const T2 *)"
12010219823,6112,238935,,,,,,,,,,0.094,15329.790,Pinned,Device,NVIDIA A100-SXM4-40GB MIG 4g.20gb (0),1,,13,[CUDA memcpy Host-to-Device]
12011003398,6176,238936,,,,,,,,,,1.547,250424.718,Device,,NVIDIA A100-SXM4-40GB MIG 4g.20gb (0),1,,13,[CUDA memset]
12011016710,6048,238941,,,,,,,,,,0.031,5174.575,Pinned,Device,NVIDIA A100-SXM4-40GB MIG 4g.20gb (0),1,,13,[CUDA memcpy Host-to-Device]
12011025190,9791,238942,,,,,,,,,,0.197,20080.361,Pinned,Device,NVIDIA A100-SXM4-40GB MIG 4g.20gb (0),1,,13,[CUDA memcpy Host-to-Device]
12011827484,17536,238943,273,1,1,8,4,1,39,0.002,0.000,,,,,NVIDIA A100-SXM4-40GB MIG 4g.20gb (0),1,,13,"void channel_eq::eqMmseCoefCompLowMimoKernel<float, float, float, (unsigned int)4, (unsigned int)1, (unsigned int)4>(const channel_eq::_puschRxChEqStatDescr *, channel_eq::_puschRxChEqCoefCompDynDescr)"
12012613396,16287,238944,273,1,1,12,11,1,51,0.002,0.000,,,,,NVIDIA A100-SXM4-40GB MIG 4g.20gb (0),1,,13,"void channel_eq::eqMmseSoftDemapKernel<float, __half, __half, float, (unsigned int)4, (unsigned short)16383>(channel_eq::_puschRxChEqStatDescr *, channel_eq::_puschRxChEqSoftDemapDynDescr)"
12013468490,769143,238945,1,1,1,32,32,1,30,0.000,0.000,,,,,NVIDIA A100-SXM4-40GB MIG 4g.20gb (0),1,,13,"void convert_kernel<float2, __half2>(tensor_layout_any, T1 *, tensor_layout_any, const T2 *)"
12014940025,20416,238957,2253,1,1,128,1,1,16,0.000,0.000,,,,,NVIDIA A100-SXM4-40GB MIG 4g.20gb (0),1,,13,cupy_copy__float16_float16
12015821775,5056,238966,282,1,1,128,1,1,16,0.000,0.000,,,,,NVIDIA A100-SXM4-40GB MIG 4g.20gb (0),1,,13,cupy_copy__complex64_complex64
12016577959,6656,238975,26,1,1,128,1,1,16,0.000,0.000,,,,,NVIDIA A100-SXM4-40GB MIG 4g.20gb (0),1,,13,cupy_copy__float32_float32
12017193408,17504,238984,103,1,1,128,1,1,16,0.000,0.000,,,,,NVIDIA A100-SXM4-40GB MIG 4g.20gb (0),1,,13,cupy_copy__complex64_complex64
12017982199,21408,238994,1434,1,1,128,1,1,16,0.000,0.000,,,,,NVIDIA A100-SXM4-40GB MIG 4g.20gb (0),1,,13,cupy_copy__complex64_complex64
12018646800,249469,238999,1,1,1,32,32,1,30,0.000,0.000,,,,,NVIDIA A100-SXM4-40GB MIG 4g.20gb (0),1,,13,"void convert_kernel<__half2, float2>(tensor_layout_any, T1 *, tensor_layout_any, const T2 *)"
12018927597,5696,239002,,,,,,,,,,0.094,16449.363,Pinned,Device,NVIDIA A100-SXM4-40GB MIG 4g.20gb (0),1,,13,[CUDA memcpy Host-to-Device]
12019408743,624025,239003,,,,,,,,,,456.561,731411.427,Device,,NVIDIA A100-SXM4-40GB MIG 4g.20gb (0),1,,13,[CUDA memset]
12020034208,66624,239008,,,,,,,,,,1.235,18535.274,Pinned,Device,NVIDIA A100-SXM4-40GB MIG 4g.20gb (0),1,,13,[CUDA memcpy Host-to-Device]
12020103456,17119,239009,,,,,,,,,,0.197,11484.660,Pinned,Device,NVIDIA A100-SXM4-40GB MIG 4g.20gb (0),1,,13,[CUDA memcpy Host-to-Device]
12020727512,25248,239010,69,4,1,48,1,1,76,0.002,0.000,,,,,NVIDIA A100-SXM4-40GB MIG 4g.20gb (0),1,,13,"void ch_est::windowedChEstPreNoDftSOfdmKernel<float, __half, float, (unsigned int)2, (unsigned int)1, (unsigned short)4>(ch_est::puschRxChEstStatDescr_t *, ch_est::puschRxChEstDynDescr_t *)"
12021348753,23776,239011,137,2,1,24,2,1,44,0.001,0.001,,,,,NVIDIA A100-SXM4-40GB MIG 4g.20gb (0),1,,13,"void ch_est::chEstFilterNoDftSOfdmDispatchKernel<float, __half, float, (unsigned int)2>(ch_est::puschRxChEstStatDescr_t *, ch_est::puschRxChEstDynDescr_t *)"
12021893419,25504,239012,137,2,1,24,2,1,44,0.001,0.001,,,,,NVIDIA A100-SXM4-40GB MIG 4g.20gb (0),1,,13,"void ch_est::chEstFilterNoDftSOfdmDispatchKernel<float, __half, float, (unsigned int)2>(ch_est::puschRxChEstStatDescr_t *, ch_est::puschRxChEstDynDescr_t *)"
12022358502,7456,239023,103,1,1,128,1,1,16,0.000,0.000,,,,,NVIDIA A100-SXM4-40GB MIG 4g.20gb (0),1,,13,cupy_copy__complex64_complex64
12022803137,19008,239033,1434,1,1,128,1,1,16,0.000,0.000,,,,,NVIDIA A100-SXM4-40GB MIG 4g.20gb (0),1,,13,cupy_copy__complex64_complex64
12023460410,4640,239040,103,1,1,128,1,1,16,0.000,0.000,,,,,NVIDIA A100-SXM4-40GB MIG 4g.20gb (0),1,,13,cupy_copy__complex64_complex64
12024087475,216221,239047,1,1,1,32,32,1,30,0.000,0.000,,,,,NVIDIA A100-SXM4-40GB MIG 4g.20gb (0),1,,13,"void convert_kernel<__half2, float2>(tensor_layout_any, T1 *, tensor_layout_any, const T2 *)"
12024333616,5856,239050,,,,,,,,,,0.094,15999.997,Pinned,Device,NVIDIA A100-SXM4-40GB MIG 4g.20gb (0),1,,13,[CUDA memcpy Host-to-Device]
12024907881,58400,239051,,,,,,,,,,35.810,613173.260,Device,,NVIDIA A100-SXM4-40GB MIG 4g.20gb (0),1,,13,[CUDA memset]
12024967785,5216,239053,,,,,,,,,,0.000,15.337,Pinned,Device,NVIDIA A100-SXM4-40GB MIG 4g.20gb (0),1,,13,[CUDA memcpy Host-to-Device]
12024976201,9567,239054,,,,,,,,,,0.197,20550.451,Pinned,Device,NVIDIA A100-SXM4-40GB MIG 4g.20gb (0),1,,13,[CUDA memcpy Host-to-Device]
12025644321,22816,239055,273,1,1,48,1,1,40,0.000,0.001,,,,,NVIDIA A100-SXM4-40GB MIG 4g.20gb (0),1,,13,"void pusch_noise_intf_est::noiseIntfEstNoDftSOfdmKernel<float, __half, float, float, (unsigned int)2, (unsigned int)1, (unsigned char)4, (unsigned char)4>(pusch_noise_intf_est::puschRxNoiseIntfEstDynDescr)"
12026276282,6432,239066,35,1,1,128,1,1,16,0.000,0.000,,,,,NVIDIA A100-SXM4-40GB MIG 4g.20gb (0),1,,13,cupy_copy__complex64_complex64
12027002674,3712,239075,1,1,1,1,1,1,18,0.000,0.000,,,,,NVIDIA A100-SXM4-40GB MIG 4g.20gb (0),1,,13,cupy_copy__float32_float32
12027013426,2400,239081,,,,,,,,,,0.000,1.667,Device,Pageable,NVIDIA A100-SXM4-40GB MIG 4g.20gb (0),1,,7,[CUDA memcpy Device-to-Host]
12027691914,20800,239092,1434,1,1,128,1,1,16,0.000,0.000,,,,,NVIDIA A100-SXM4-40GB MIG 4g.20gb (0),1,,13,cupy_copy__complex64_complex64
12028304355,6880,239099,103,1,1,128,1,1,16,0.000,0.000,,,,,NVIDIA A100-SXM4-40GB MIG 4g.20gb (0),1,,13,cupy_copy__complex64_complex64
12028763678,8288,239106,35,1,1,128,1,1,16,0.000,0.000,,,,,NVIDIA A100-SXM4-40GB MIG 4g.20gb (0),1,,13,cupy_copy__complex64_complex64
12029156441,4768,239113,1,1,1,1,1,1,18,0.000,0.000,,,,,NVIDIA A100-SXM4-40GB MIG 4g.20gb (0),1,,13,cupy_copy__float32_float32
12029718771,207678,239124,1,1,1,32,32,1,30,0.000,0.000,,,,,NVIDIA A100-SXM4-40GB MIG 4g.20gb (0),1,,13,"void convert_kernel<__half2, float2>(tensor_layout_any, T1 *, tensor_layout_any, const T2 *)"
12029957904,6912,239127,,,,,,,,,,0.094,13555.469,Pinned,Device,NVIDIA A100-SXM4-40GB MIG 4g.20gb (0),1,,13,[CUDA memcpy Host-to-Device]
12030432523,14112,239128,,,,,,,,,,1.547,109595.323,Device,,NVIDIA A100-SXM4-40GB MIG 4g.20gb (0),1,,13,[CUDA memset]
12030448587,6720,239133,,,,,,,,,,0.031,4657.126,Pinned,Device,NVIDIA A100-SXM4-40GB MIG 4g.20gb (0),1,,13,[CUDA memcpy Host-to-Device]
12030457931,10272,239134,,,,,,,,,,0.197,19140.182,Pinned,Device,NVIDIA A100-SXM4-40GB MIG 4g.20gb (0),1,,13,[CUDA memcpy Host-to-Device]
12031048292,26560,239135,273,1,1,8,4,1,39,0.002,0.000,,,,,NVIDIA A100-SXM4-40GB MIG 4g.20gb (0),1,,13,"void channel_eq::eqMmseCoefCompLowMimoKernel<float, float, float, (unsigned int)4, (unsigned int)1, (unsigned int)4>(const channel_eq::_puschRxChEqStatDescr *, channel_eq::_puschRxChEqCoefCompDynDescr)"
12031721820,28512,239136,273,1,1,12,11,1,51,0.002,0.000,,,,,NVIDIA A100-SXM4-40GB MIG 4g.20gb (0),1,,13,"void channel_eq::eqMmseSoftDemapKernel<float, __half, __half, float, (unsigned int)4, (unsigned short)16383>(channel_eq::_puschRxChEqStatDescr *, channel_eq::_puschRxChEqSoftDemapDynDescr)"
12032418933,541145,239137,1,1,1,32,32,1,30,0.000,0.000,,,,,NVIDIA A100-SXM4-40GB MIG 4g.20gb (0),1,,13,"void convert_kernel<float2, __half2>(tensor_layout_any, T1 *, tensor_layout_any, const T2 *)"
12033519720,20032,239149,2253,1,1,128,1,1,16,0.000,0.000,,,,,NVIDIA A100-SXM4-40GB MIG 4g.20gb (0),1,,13,cupy_copy__float16_float16
12034037250,5344,239158,282,1,1,128,1,1,16,0.000,0.000,,,,,NVIDIA A100-SXM4-40GB MIG 4g.20gb (0),1,,13,cupy_copy__complex64_complex64
12034674907,12864,239167,26,1,1,128,1,1,16,0.000,0.000,,,,,NVIDIA A100-SXM4-40GB MIG 4g.20gb (0),1,,13,cupy_copy__float32_float32
12035373203,8832,239176,103,1,1,128,1,1,16,0.000,0.000,,,,,NVIDIA A100-SXM4-40GB MIG 4g.20gb (0),1,,13,cupy_copy__complex64_complex64
12036099307,20416,239186,1434,1,1,128,1,1,16,0.000,0.000,,,,,NVIDIA A100-SXM4-40GB MIG 4g.20gb (0),1,,13,cupy_copy__complex64_complex64
12036778723,260957,239191,1,1,1,32,32,1,30,0.000,0.000,,,,,NVIDIA A100-SXM4-40GB MIG 4g.20gb (0),1,,13,"void convert_kernel<__half2, float2>(tensor_layout_any, T1 *, tensor_layout_any, const T2 *)"
12037072416,5536,239194,,,,,,,,,,0.094,16924.777,Pinned,Device,NVIDIA A100-SXM4-40GB MIG 4g.20gb (0),1,,13,[CUDA memcpy Host-to-Device]
12037798520,619673,239195,,,,,,,,,,456.561,736433.603,Device,,NVIDIA A100-SXM4-40GB MIG 4g.20gb (0),1,,13,[CUDA memset]
12038419377,56895,239200,,,,,,,,,,1.235,21705.376,Pinned,Device,NVIDIA A100-SXM4-40GB MIG 4g.20gb (0),1,,13,[CUDA memcpy Host-to-Device]
12038479216,9568,239201,,,,,,,,,,0.197,20548.485,Pinned,Device,NVIDIA A100-SXM4-40GB MIG 4g.20gb (0),1,,13,[CUDA memcpy Host-to-Device]
12039152521,20127,239202,69,4,1,48,1,1,76,0.002,0.000,,,,,NVIDIA A100-SXM4-40GB MIG 4g.20gb (0),1,,13,"void ch_est::windowedChEstPreNoDftSOfdmKernel<float, __half, float, (unsigned int)2, (unsigned int)1, (unsigned short)4>(ch_est::puschRxChEstStatDescr_t *, ch_est::puschRxChEstDynDescr_t *)"
12039851521,18495,239203,137,2,1,24,2,1,44,0.001,0.001,,,,,NVIDIA A100-SXM4-40GB MIG 4g.20gb (0),1,,13,"void ch_est::chEstFilterNoDftSOfdmDispatchKernel<float, __half, float, (unsigned int)2>(ch_est::puschRxChEstStatDescr_t *, ch_est::puschRxChEstDynDescr_t *)"
12040461690,11936,239204,137,2,1,24,2,1,44,0.001,0.001,,,,,NVIDIA A100-SXM4-40GB MIG 4g.20gb (0),1,,13,"void ch_est::chEstFilterNoDftSOfdmDispatchKernel<float, __half, float, (unsigned int)2>(ch_est::puschRxChEstStatDescr_t *, ch_est::puschRxChEstDynDescr_t *)"
12041135730,8352,239215,103,1,1,128,1,1,16,0.000,0.000,,,,,NVIDIA A100-SXM4-40GB MIG 4g.20gb (0),1,,13,cupy_copy__complex64_complex64
12041658348,17408,239225,1434,1,1,128,1,1,16,0.000,0.000,,,,,NVIDIA A100-SXM4-40GB MIG 4g.20gb (0),1,,13,cupy_copy__complex64_complex64
12042166535,7551,239232,103,1,1,128,1,1,16,0.000,0.000,,,,,NVIDIA A100-SXM4-40GB MIG 4g.20gb (0),1,,13,cupy_copy__complex64_complex64
12042863039,242141,239239,1,1,1,32,32,1,30,0.000,0.000,,,,,NVIDIA A100-SXM4-40GB MIG 4g.20gb (0),1,,13,"void convert_kernel<__half2, float2>(tensor_layout_any, T1 *, tensor_layout_any, const T2 *)"
12043146331,5504,239242,,,,,,,,,,0.094,17023.251,Pinned,Device,NVIDIA A100-SXM4-40GB MIG 4g.20gb (0),1,,13,[CUDA memcpy Host-to-Device]
12043556663,59775,239243,,,,,,,,,,35.810,599064.152,Device,,NVIDIA A100-SXM4-40GB MIG 4g.20gb (0),1,,13,[CUDA memset]
12043621494,2208,239245,,,,,,,,,,0.000,36.232,Pinned,Device,NVIDIA A100-SXM4-40GB MIG 4g.20gb (0),1,,13,[CUDA memcpy Host-to-Device]
12043626166,9472,239246,,,,,,,,,,0.197,20756.693,Pinned,Device,NVIDIA A100-SXM4-40GB MIG 4g.20gb (0),1,,13,[CUDA memcpy Host-to-Device]
12044226095,29536,239247,273,1,1,48,1,1,40,0.000,0.001,,,,,NVIDIA A100-SXM4-40GB MIG 4g.20gb (0),1,,13,"void pusch_noise_intf_est::noiseIntfEstNoDftSOfdmKernel<float, __half, float, float, (unsigned int)2, (unsigned int)1, (unsigned char)4, (unsigned char)4>(pusch_noise_intf_est::puschRxNoiseIntfEstDynDescr)"
12044778985,4096,239258,35,1,1,128,1,1,16,0.000,0.000,,,,,NVIDIA A100-SXM4-40GB MIG 4g.20gb (0),1,,13,cupy_copy__complex64_complex64
12045455809,3744,239267,1,1,1,1,1,1,18,0.000,0.000,,,,,NVIDIA A100-SXM4-40GB MIG 4g.20gb (0),1,,13,cupy_copy__float32_float32
12045460609,1600,239273,,,,,,,,,,0.000,2.500,Device,Pageable,NVIDIA A100-SXM4-40GB MIG 4g.20gb (0),1,,7,[CUDA memcpy Device-to-Host]
12046230841,22943,239284,1434,1,1,128,1,1,16,0.000,0.000,,,,,NVIDIA A100-SXM4-40GB MIG 4g.20gb (0),1,,13,cupy_copy__complex64_complex64
12046752115,7648,239291,103,1,1,128,1,1,16,0.000,0.000,,,,,NVIDIA A100-SXM4-40GB MIG 4g.20gb (0),1,,13,cupy_copy__complex64_complex64
12047139310,10592,239298,35,1,1,128,1,1,16,0.000,0.000,,,,,NVIDIA A100-SXM4-40GB MIG 4g.20gb (0),1,,13,cupy_copy__complex64_complex64
12047899270,4064,239305,1,1,1,1,1,1,18,0.000,0.000,,,,,NVIDIA A100-SXM4-40GB MIG 4g.20gb (0),1,,13,cupy_copy__float32_float32
12048517407,212189,239316,1,1,1,32,32,1,30,0.000,0.000,,,,,NVIDIA A100-SXM4-40GB MIG 4g.20gb (0),1,,13,"void convert_kernel<__half2, float2>(tensor_layout_any, T1 *, tensor_layout_any, const T2 *)"
12048760508,5600,239319,,,,,,,,,,0.094,16731.388,Pinned,Device,NVIDIA A100-SXM4-40GB MIG 4g.20gb (0),1,,13,[CUDA memcpy Host-to-Device]
12049321718,12384,239320,,,,,,,,,,1.547,124888.341,Device,,NVIDIA A100-SXM4-40GB MIG 4g.20gb (0),1,,13,[CUDA memset]
12049337110,5600,239325,,,,,,,,,,0.031,5588.558,Pinned,Device,NVIDIA A100-SXM4-40GB MIG 4g.20gb (0),1,,13,[CUDA memcpy Host-to-Device]
12049345685,9824,239326,,,,,,,,,,0.197,20012.925,Pinned,Device,NVIDIA A100-SXM4-40GB MIG 4g.20gb (0),1,,13,[CUDA memcpy Host-to-Device]
12050046862,20127,239327,273,1,1,8,4,1,39,0.002,0.000,,,,,NVIDIA A100-SXM4-40GB MIG 4g.20gb (0),1,,13,"void channel_eq::eqMmseCoefCompLowMimoKernel<float, float, float, (unsigned int)4, (unsigned int)1, (unsigned int)4>(const channel_eq::_puschRxChEqStatDescr *, channel_eq::_puschRxChEqCoefCompDynDescr)"
12050817669,22752,239328,273,1,1,12,11,1,51,0.002,0.000,,,,,NVIDIA A100-SXM4-40GB MIG 4g.20gb (0),1,,13,"void channel_eq::eqMmseSoftDemapKernel<float, __half, __half, float, (unsigned int)4, (unsigned short)16383>(channel_eq::_puschRxChEqStatDescr *, channel_eq::_puschRxChEqSoftDemapDynDescr)"
12051493469,677017,239329,1,1,1,32,32,1,30,0.000,0.000,,,,,NVIDIA A100-SXM4-40GB MIG 4g.20gb (0),1,,13,"void convert_kernel<float2, __half2>(tensor_layout_any, T1 *, tensor_layout_any, const T2 *)"
12052842510,17376,239341,2253,1,1,128,1,1,16,0.000,0.000,,,,,NVIDIA A100-SXM4-40GB MIG 4g.20gb (0),1,,13,cupy_copy__float16_float16
12053502279,11519,239350,282,1,1,128,1,1,16,0.000,0.000,,,,,NVIDIA A100-SXM4-40GB MIG 4g.20gb (0),1,,13,cupy_copy__complex64_complex64
12054009793,5376,239359,26,1,1,128,1,1,16,0.000,0.000,,,,,NVIDIA A100-SXM4-40GB MIG 4g.20gb (0),1,,13,cupy_copy__float32_float32
12054498011,10144,239368,103,1,1,128,1,1,16,0.000,0.000,,,,,NVIDIA A100-SXM4-40GB MIG 4g.20gb (0),1,,13,cupy_copy__complex64_complex64
12055395633,17440,239378,1434,1,1,128,1,1,16,0.000,0.000,,,,,NVIDIA A100-SXM4-40GB MIG 4g.20gb (0),1,,13,cupy_copy__complex64_complex64
12056025898,209950,239383,1,1,1,32,32,1,30,0.000,0.000,,,,,NVIDIA A100-SXM4-40GB MIG 4g.20gb (0),1,,13,"void convert_kernel<__half2, float2>(tensor_layout_any, T1 *, tensor_layout_any, const T2 *)"
12056267911,5664,239386,,,,,,,,,,0.094,16542.310,Pinned,Device,NVIDIA A100-SXM4-40GB MIG 4g.20gb (0),1,,13,[CUDA memcpy Host-to-Device]
12056939392,619961,239387,,,,,,,,,,456.561,736433.603,Device,,NVIDIA A100-SXM4-40GB MIG 4g.20gb (0),1,,13,[CUDA memset]
12057562297,58015,239392,,,,,,,,,,1.235,21285.495,Pinned,Device,NVIDIA A100-SXM4-40GB MIG 4g.20gb (0),1,,13,[CUDA memcpy Host-to-Device]
12057622744,9632,239393,,,,,,,,,,0.197,20411.843,Pinned,Device,NVIDIA A100-SXM4-40GB MIG 4g.20gb (0),1,,13,[CUDA memcpy Host-to-Device]
12058181074,22912,239394,69,4,1,48,1,1,76,0.002,0.000,,,,,NVIDIA A100-SXM4-40GB MIG 4g.20gb (0),1,,13,"void ch_est::windowedChEstPreNoDftSOfdmKernel<float, __half, float, (unsigned int)2, (unsigned int)1, (unsigned short)4>(ch_est::puschRxChEstStatDescr_t *, ch_est::puschRxChEstDynDescr_t *)"
12058752811,23744,239395,137,2,1,24,2,1,44,0.001,0.001,,,,,NVIDIA A100-SXM4-40GB MIG 4g.20gb (0),1,,13,"void ch_est::chEstFilterNoDftSOfdmDispatchKernel<float, __half, float, (unsigned int)2>(ch_est::puschRxChEstStatDescr_t *, ch_est::puschRxChEstDynDescr_t *)"
12059299685,25824,239396,137,2,1,24,2,1,44,0.001,0.001,,,,,NVIDIA A100-SXM4-40GB MIG 4g.20gb (0),1,,13,"void ch_est::chEstFilterNoDftSOfdmDispatchKernel<float, __half, float, (unsigned int)2>(ch_est::puschRxChEstStatDescr_t *, ch_est::puschRxChEstDynDescr_t *)"
12059711616,5504,239407,103,1,1,128,1,1,16,0.000,0.000,,,,,NVIDIA A100-SXM4-40GB MIG 4g.20gb (0),1,,13,cupy_copy__complex64_complex64
12060107708,19264,239417,1434,1,1,128,1,1,16,0.000,0.000,,,,,NVIDIA A100-SXM4-40GB MIG 4g.20gb (0),1,,13,cupy_copy__complex64_complex64
12060765013,4256,239424,103,1,1,128,1,1,16,0.000,0.000,,,,,NVIDIA A100-SXM4-40GB MIG 4g.20gb (0),1,,13,cupy_copy__complex64_complex64
12061330478,254973,239431,1,1,1,32,32,1,30,0.000,0.000,,,,,NVIDIA A100-SXM4-40GB MIG 4g.20gb (0),1,,13,"void convert_kernel<__half2, float2>(tensor_layout_any, T1 *, tensor_layout_any, const T2 *)"
12061615083,5888,239434,,,,,,,,,,0.094,15912.954,Pinned,Device,NVIDIA A100-SXM4-40GB MIG 4g.20gb (0),1,,13,[CUDA memcpy Host-to-Device]
12062179333,59199,239435,,,,,,,,,,35.810,604901.169,Device,,NVIDIA A100-SXM4-40GB MIG 4g.20gb (0),1,,13,[CUDA memset]
12062242596,2336,239437,,,,,,,,,,0.000,34.247,Pinned,Device,NVIDIA A100-SXM4-40GB MIG 4g.20gb (0),1,,13,[CUDA memcpy Host-to-Device]
12062252708,12800,239438,,,,,,,,,,0.197,15360.000,Pinned,Device,NVIDIA A100-SXM4-40GB MIG 4g.20gb (0),1,,13,[CUDA memcpy Host-to-Device]
12062942236,21152,239439,273,1,1,48,1,1,40,0.000,0.001,,,,,NVIDIA A100-SXM4-40GB MIG 4g.20gb (0),1,,13,"void pusch_noise_intf_est::noiseIntfEstNoDftSOfdmKernel<float, __half, float, float, (unsigned int)2, (unsigned int)1, (unsigned char)4, (unsigned char)4>(pusch_noise_intf_est::puschRxNoiseIntfEstDynDescr)"
12063643988,8288,239450,35,1,1,128,1,1,16,0.000,0.000,,,,,NVIDIA A100-SXM4-40GB MIG 4g.20gb (0),1,,13,cupy_copy__complex64_complex64
12064312269,3936,239459,1,1,1,1,1,1,18,0.000,0.000,,,,,NVIDIA A100-SXM4-40GB MIG 4g.20gb (0),1,,13,cupy_copy__float32_float32
12064322092,1600,239465,,,,,,,,,,0.000,2.500,Device,Pageable,NVIDIA A100-SXM4-40GB MIG 4g.20gb (0),1,,7,[CUDA memcpy Device-to-Host]
12065096484,17856,239476,1434,1,1,128,1,1,16,0.000,0.000,,,,,NVIDIA A100-SXM4-40GB MIG 4g.20gb (0),1,,13,cupy_copy__complex64_complex64
12065768796,6336,239483,103,1,1,128,1,1,16,0.000,0.000,,,,,NVIDIA A100-SXM4-40GB MIG 4g.20gb (0),1,,13,cupy_copy__complex64_complex64
12066406261,4416,239490,35,1,1,128,1,1,16,0.000,0.000,,,,,NVIDIA A100-SXM4-40GB MIG 4g.20gb (0),1,,13,cupy_copy__complex64_complex64
12067049678,3712,239497,1,1,1,1,1,1,18,0.000,0.000,,,,,NVIDIA A100-SXM4-40GB MIG 4g.20gb (0),1,,13,cupy_copy__float32_float32
12067529608,238910,239508,1,1,1,32,32,1,30,0.000,0.000,,,,,NVIDIA A100-SXM4-40GB MIG 4g.20gb (0),1,,13,"void convert_kernel<__half2, float2>(tensor_layout_any, T1 *, tensor_layout_any, const T2 *)"
12067799205,10528,239511,,,,,,,,,,0.094,8899.621,Pinned,Device,NVIDIA A100-SXM4-40GB MIG 4g.20gb (0),1,,13,[CUDA memcpy Host-to-Device]
12068246912,8608,239512,,,,,,,,,,1.547,179672.857,Device,,NVIDIA A100-SXM4-40GB MIG 4g.20gb (0),1,,13,[CUDA memset]
12068258496,3648,239517,,,,,,,,,,0.031,8578.922,Pinned,Device,NVIDIA A100-SXM4-40GB MIG 4g.20gb (0),1,,13,[CUDA memcpy Host-to-Device]
12068264800,10368,239518,,,,,,,,,,0.197,18962.842,Pinned,Device,NVIDIA A100-SXM4-40GB MIG 4g.20gb (0),1,,13,[CUDA memcpy Host-to-Device]
12068695643,21344,239519,273,1,1,8,4,1,39,0.002,0.000,,,,,NVIDIA A100-SXM4-40GB MIG 4g.20gb (0),1,,13,"void channel_eq::eqMmseCoefCompLowMimoKernel<float, float, float, (unsigned int)4, (unsigned int)1, (unsigned int)4>(const channel_eq::_puschRxChEqStatDescr *, channel_eq::_puschRxChEqCoefCompDynDescr)"
12069433619,22176,239520,273,1,1,12,11,1,51,0.002,0.000,,,,,NVIDIA A100-SXM4-40GB MIG 4g.20gb (0),1,,13,"void channel_eq::eqMmseSoftDemapKernel<float, __half, __half, float, (unsigned int)4, (unsigned short)16383>(channel_eq::_puschRxChEqStatDescr *, channel_eq::_puschRxChEqSoftDemapDynDescr)"
12070130955,693048,239521,1,1,1,32,32,1,30,0.000,0.000,,,,,NVIDIA A100-SXM4-40GB MIG 4g.20gb (0),1,,13,"void convert_kernel<float2, __half2>(tensor_layout_any, T1 *, tensor_layout_any, const T2 *)"
12071399741,19231,239533,2253,1,1,128,1,1,16,0.000,0.000,,,,,NVIDIA A100-SXM4-40GB MIG 4g.20gb (0),1,,13,cupy_copy__float16_float16
12072035925,16896,239542,282,1,1,128,1,1,16,0.000,0.000,,,,,NVIDIA A100-SXM4-40GB MIG 4g.20gb (0),1,,13,cupy_copy__complex64_complex64
12072591855,3584,239551,26,1,1,128,1,1,16,0.000,0.000,,,,,NVIDIA A100-SXM4-40GB MIG 4g.20gb (0),1,,13,cupy_copy__float32_float32
12073163273,16031,239560,103,1,1,128,1,1,16,0.000,0.000,,,,,NVIDIA A100-SXM4-40GB MIG 4g.20gb (0),1,,13,cupy_copy__complex64_complex64
12073624547,18976,239570,1434,1,1,128,1,1,16,0.000,0.000,,,,,NVIDIA A100-SXM4-40GB MIG 4g.20gb (0),1,,13,cupy_copy__complex64_complex64
12074028511,244381,239575,1,1,1,32,32,1,30,0.000,0.000,,,,,NVIDIA A100-SXM4-40GB MIG 4g.20gb (0),1,,13,"void convert_kernel<__half2, float2>(tensor_layout_any, T1 *, tensor_layout_any, const T2 *)"
12074303932,9216,239578,,,,,,,,,,0.094,10166.578,Pinned,Device,NVIDIA A100-SXM4-40GB MIG 4g.20gb (0),1,,13,[CUDA memcpy Host-to-Device]
12074967828,623641,239579,,,,,,,,,,456.561,731867.988,Device,,NVIDIA A100-SXM4-40GB MIG 4g.20gb (0),1,,13,[CUDA memset]
12075596557,56384,239584,,,,,,,,,,1.235,21901.732,Pinned,Device,NVIDIA A100-SXM4-40GB MIG 4g.20gb (0),1,,13,[CUDA memcpy Host-to-Device]
12075655373,9695,239585,,,,,,,,,,0.197,20279.132,Pinned,Device,NVIDIA A100-SXM4-40GB MIG 4g.20gb (0),1,,13,[CUDA memcpy Host-to-Device]
12076292293,22336,239586,69,4,1,48,1,1,76,0.002,0.000,,,,,NVIDIA A100-SXM4-40GB MIG 4g.20gb (0),1,,13,"void ch_est::windowedChEstPreNoDftSOfdmKernel<float, __half, float, (unsigned int)2, (unsigned int)1, (unsigned short)4>(ch_est::puschRxChEstStatDescr_t *, ch_est::puschRxChEstDynDescr_t *)"
12076684385,21472,239587,137,2,1,24,2,1,44,0.001,0.001,,,,,NVIDIA A100-SXM4-40GB MIG 4g.20gb (0),1,,13,"void ch_est::chEstFilterNoDftSOfdmDispatchKernel<float, __half, float, (unsigned int)2>(ch_est::puschRxChEstStatDescr_t *, ch_est::puschRxChEstDynDescr_t *)"
12077327226,24895,239588,137,2,1,24,2,1,44,0.001,0.001,,,,,NVIDIA A100-SXM4-40GB MIG 4g.20gb (0),1,,13,"void ch_est::chEstFilterNoDftSOfdmDispatchKernel<float, __half, float, (unsigned int)2>(ch_est::puschRxChEstStatDescr_t *, ch_est::puschRxChEstDynDescr_t *)"
12077945651,3904,239599,103,1,1,128,1,1,16,0.000,0.000,,,,,NVIDIA A100-SXM4-40GB MIG 4g.20gb (0),1,,13,cupy_copy__complex64_complex64
12078570284,23999,239609,1434,1,1,128,1,1,16,0.000,0.000,,,,,NVIDIA A100-SXM4-40GB MIG 4g.20gb (0),1,,13,cupy_copy__complex64_complex64
12079057638,6848,239616,103,1,1,128,1,1,16,0.000,0.000,,,,,NVIDIA A100-SXM4-40GB MIG 4g.20gb (0),1,,13,cupy_copy__complex64_complex64
12079516833,248829,239623,1,1,1,32,32,1,30,0.000,0.000,,,,,NVIDIA A100-SXM4-40GB MIG 4g.20gb (0),1,,13,"void convert_kernel<__half2, float2>(tensor_layout_any, T1 *, tensor_layout_any, const T2 *)"
12079795038,8864,239626,,,,,,,,,,0.094,10570.314,Pinned,Device,NVIDIA A100-SXM4-40GB MIG 4g.20gb (0),1,,13,[CUDA memcpy Host-to-Device]
12080461622,58368,239627,,,,,,,,,,35.810,613495.549,Device,,NVIDIA A100-SXM4-40GB MIG 4g.20gb (0),1,,13,[CUDA memset]
12080526038,2560,239629,,,,,,,,,,0.000,31.250,Pinned,Device,NVIDIA A100-SXM4-40GB MIG 4g.20gb (0),1,,13,[CUDA memcpy Host-to-Device]
12080534101,9664,239630,,,,,,,,,,0.197,20344.209,Pinned,Device,NVIDIA A100-SXM4-40GB MIG 4g.20gb (0),1,,13,[CUDA memcpy Host-to-Device]
12081230798,26335,239631,273,1,1,48,1,1,40,0.000,0.001,,,,,NVIDIA A100-SXM4-40GB MIG 4g.20gb (0),1,,13,"void pusch_noise_intf_est::noiseIntfEstNoDftSOfdmKernel<float, __half, float, float, (unsigned int)2, (unsigned int)1, (unsigned char)4, (unsigned char)4>(pusch_noise_intf_est::puschRxNoiseIntfEstDynDescr)"
12081685416,9216,239642,35,1,1,128,1,1,16,0.000,0.000,,,,,NVIDIA A100-SXM4-40GB MIG 4g.20gb (0),1,,13,cupy_copy__complex64_complex64
12082415296,3808,239651,1,1,1,1,1,1,18,0.000,0.000,,,,,NVIDIA A100-SXM4-40GB MIG 4g.20gb (0),1,,13,cupy_copy__float32_float32
12082426560,1568,239657,,,,,,,,,,0.000,2.551,Device,Pageable,NVIDIA A100-SXM4-40GB MIG 4g.20gb (0),1,,7,[CUDA memcpy Device-to-Host]
12083124312,17728,239668,1434,1,1,128,1,1,16,0.000,0.000,,,,,NVIDIA A100-SXM4-40GB MIG 4g.20gb (0),1,,13,cupy_copy__complex64_complex64
12083759345,4256,239675,103,1,1,128,1,1,16,0.000,0.000,,,,,NVIDIA A100-SXM4-40GB MIG 4g.20gb (0),1,,13,cupy_copy__complex64_complex64
12084384234,9568,239682,35,1,1,128,1,1,16,0.000,0.000,,,,,NVIDIA A100-SXM4-40GB MIG 4g.20gb (0),1,,13,cupy_copy__complex64_complex64
12084795333,2976,239689,1,1,1,1,1,1,18,0.000,0.000,,,,,NVIDIA A100-SXM4-40GB MIG 4g.20gb (0),1,,13,cupy_copy__float32_float32
12085199233,241405,239700,1,1,1,32,32,1,30,0.000,0.000,,,,,NVIDIA A100-SXM4-40GB MIG 4g.20gb (0),1,,13,"void convert_kernel<__half2, float2>(tensor_layout_any, T1 *, tensor_layout_any, const T2 *)"
12085474910,8992,239703,,,,,,,,,,0.094,10419.838,Pinned,Device,NVIDIA A100-SXM4-40GB MIG 4g.20gb (0),1,,13,[CUDA memcpy Host-to-Device]
12086084983,8032,239704,,,,,,,,,,1.547,192556.235,Device,,NVIDIA A100-SXM4-40GB MIG 4g.20gb (0),1,,13,[CUDA memset]
12086100631,3328,239709,,,,,,,,,,0.031,9403.822,Pinned,Device,NVIDIA A100-SXM4-40GB MIG 4g.20gb (0),1,,13,[CUDA memcpy Host-to-Device]
12086106391,13471,239710,,,,,,,,,,0.197,14594.802,Pinned,Device,NVIDIA A100-SXM4-40GB MIG 4g.20gb (0),1,,13,[CUDA memcpy Host-to-Device]
12086482770,27776,239711,273,1,1,8,4,1,39,0.002,0.000,,,,,NVIDIA A100-SXM4-40GB MIG 4g.20gb (0),1,,13,"void channel_eq::eqMmseCoefCompLowMimoKernel<float, float, float, (unsigned int)4, (unsigned int)1, (unsigned int)4>(const channel_eq::_puschRxChEqStatDescr *, channel_eq::_puschRxChEqCoefCompDynDescr)"
12087080684,28831,239712,273,1,1,12,11,1,51,0.002,0.000,,,,,NVIDIA A100-SXM4-40GB MIG 4g.20gb (0),1,,13,"void channel_eq::eqMmseSoftDemapKernel<float, __half, __half, float, (unsigned int)4, (unsigned short)16383>(channel_eq::_puschRxChEqStatDescr *, channel_eq::_puschRxChEqSoftDemapDynDescr)"
12087683781,697272,239713,1,1,1,32,32,1,30,0.000,0.000,,,,,NVIDIA A100-SXM4-40GB MIG 4g.20gb (0),1,,13,"void convert_kernel<float2, __half2>(tensor_layout_any, T1 *, tensor_layout_any, const T2 *)"
12089071541,19872,239725,2253,1,1,128,1,1,16,0.000,0.000,,,,,NVIDIA A100-SXM4-40GB MIG 4g.20gb (0),1,,13,cupy_copy__float16_float16
12089553776,10304,239734,282,1,1,128,1,1,16,0.000,0.000,,,,,NVIDIA A100-SXM4-40GB MIG 4g.20gb (0),1,,13,cupy_copy__complex64_complex64
12089930219,11872,239743,26,1,1,128,1,1,16,0.000,0.000,,,,,NVIDIA A100-SXM4-40GB MIG 4g.20gb (0),1,,13,cupy_copy__float32_float32
12090557508,6592,239752,103,1,1,128,1,1,16,0.000,0.000,,,,,NVIDIA A100-SXM4-40GB MIG 4g.20gb (0),1,,13,cupy_copy__complex64_complex64
12091319036,21856,239762,1434,1,1,128,1,1,16,0.000,0.000,,,,,NVIDIA A100-SXM4-40GB MIG 4g.20gb (0),1,,13,cupy_copy__complex64_complex64
12091929429,262237,239767,1,1,1,32,32,1,30,0.000,0.000,,,,,NVIDIA A100-SXM4-40GB MIG 4g.20gb (0),1,,13,"void convert_kernel<__half2, float2>(tensor_layout_any, T1 *, tensor_layout_any, const T2 *)"
12092223218,5759,239770,,,,,,,,,,0.094,16269.467,Pinned,Device,NVIDIA A100-SXM4-40GB MIG 4g.20gb (0),1,,13,[CUDA memcpy Host-to-Device]
12092797355,623257,239771,,,,,,,,,,456.561,732324.550,Device,,NVIDIA A100-SXM4-40GB MIG 4g.20gb (0),1,,13,[CUDA memset]
12093427300,56127,239776,,,,,,,,,,1.235,22001.762,Pinned,Device,NVIDIA A100-SXM4-40GB MIG 4g.20gb (0),1,,13,[CUDA memcpy Host-to-Device]
12093486083,9760,239777,,,,,,,,,,0.197,20144.259,Pinned,Device,NVIDIA A100-SXM4-40GB MIG 4g.20gb (0),1,,13,[CUDA memcpy Host-to-Device]
12094098716,21152,239778,69,4,1,48,1,1,76,0.002,0.000,,,,,NVIDIA A100-SXM4-40GB MIG 4g.20gb (0),1,,13,"void ch_est::windowedChEstPreNoDftSOfdmKernel<float, __half, float, (unsigned int)2, (unsigned int)1, (unsigned short)4>(ch_est::puschRxChEstStatDescr_t *, ch_est::puschRxChEstDynDescr_t *)"
12094747317,17664,239779,137,2,1,24,2,1,44,0.001,0.001,,,,,NVIDIA A100-SXM4-40GB MIG 4g.20gb (0),1,,13,"void ch_est::chEstFilterNoDftSOfdmDispatchKernel<float, __half, float, (unsigned int)2>(ch_est::puschRxChEstStatDescr_t *, ch_est::puschRxChEstDynDescr_t *)"
12095363694,20704,239780,137,2,1,24,2,1,44,0.001,0.001,,,,,NVIDIA A100-SXM4-40GB MIG 4g.20gb (0),1,,13,"void ch_est::chEstFilterNoDftSOfdmDispatchKernel<float, __half, float, (unsigned int)2>(ch_est::puschRxChEstStatDescr_t *, ch_est::puschRxChEstDynDescr_t *)"
12095960199,5952,239791,103,1,1,128,1,1,16,0.000,0.000,,,,,NVIDIA A100-SXM4-40GB MIG 4g.20gb (0),1,,13,cupy_copy__complex64_complex64
12096408066,19648,239801,1434,1,1,128,1,1,16,0.000,0.000,,,,,NVIDIA A100-SXM4-40GB MIG 4g.20gb (0),1,,13,cupy_copy__complex64_complex64
12096851357,10784,239808,103,1,1,128,1,1,16,0.000,0.000,,,,,NVIDIA A100-SXM4-40GB MIG 4g.20gb (0),1,,13,cupy_copy__complex64_complex64
12097495798,253085,239815,1,1,1,32,32,1,30,0.000,0.000,,,,,NVIDIA A100-SXM4-40GB MIG 4g.20gb (0),1,,13,"void convert_kernel<__half2, float2>(tensor_layout_any, T1 *, tensor_layout_any, const T2 *)"
12097779027,9824,239818,,,,,,,,,,0.094,9537.410,Pinned,Device,NVIDIA A100-SXM4-40GB MIG 4g.20gb (0),1,,13,[CUDA memcpy Host-to-Device]
12098157743,59647,239819,,,,,,,,,,35.810,600353.309,Device,,NVIDIA A100-SXM4-40GB MIG 4g.20gb (0),1,,13,[CUDA memset]
12098225710,4448,239821,,,,,,,,,,0.000,17.986,Pinned,Device,NVIDIA A100-SXM4-40GB MIG 4g.20gb (0),1,,13,[CUDA memcpy Host-to-Device]
12098232590,9664,239822,,,,,,,,,,0.197,20344.209,Pinned,Device,NVIDIA A100-SXM4-40GB MIG 4g.20gb (0),1,,13,[CUDA memcpy Host-to-Device]
12098835303,25760,239823,273,1,1,48,1,1,40,0.000,0.001,,,,,NVIDIA A100-SXM4-40GB MIG 4g.20gb (0),1,,13,"void pusch_noise_intf_est::noiseIntfEstNoDftSOfdmKernel<float, __half, float, float, (unsigned int)2, (unsigned int)1, (unsigned char)4, (unsigned char)4>(pusch_noise_intf_est::puschRxNoiseIntfEstDynDescr)"
12099455232,14016,239834,35,1,1,128,1,1,16,0.000,0.000,,,,,NVIDIA A100-SXM4-40GB MIG 4g.20gb (0),1,,13,cupy_copy__complex64_complex64
12100111609,3967,239843,1,1,1,1,1,1,18,0.000,0.000,,,,,NVIDIA A100-SXM4-40GB MIG 4g.20gb (0),1,,13,cupy_copy__float32_float32
12100132312,2944,239849,,,,,,,,,,0.000,1.359,Device,Pageable,NVIDIA A100-SXM4-40GB MIG 4g.20gb (0),1,,7,[CUDA memcpy Device-to-Host]
12100864784,19712,239860,1434,1,1,128,1,1,16,0.000,0.000,,,,,NVIDIA A100-SXM4-40GB MIG 4g.20gb (0),1,,13,cupy_copy__complex64_complex64
12101564520,8288,239867,103,1,1,128,1,1,16,0.000,0.000,,,,,NVIDIA A100-SXM4-40GB MIG 4g.20gb (0),1,,13,cupy_copy__complex64_complex64
12101960676,7712,239874,35,1,1,128,1,1,16,0.000,0.000,,,,,NVIDIA A100-SXM4-40GB MIG 4g.20gb (0),1,,13,cupy_copy__complex64_complex64
12102494814,4864,239881,1,1,1,1,1,1,18,0.000,0.000,,,,,NVIDIA A100-SXM4-40GB MIG 4g.20gb (0),1,,13,cupy_copy__float32_float32
12103141142,276829,239892,1,1,1,32,32,1,30,0.000,0.000,,,,,NVIDIA A100-SXM4-40GB MIG 4g.20gb (0),1,,13,"void convert_kernel<__half2, float2>(tensor_layout_any, T1 *, tensor_layout_any, const T2 *)"
12103448275,5632,239895,,,,,,,,,,0.094,16636.287,Pinned,Device,NVIDIA A100-SXM4-40GB MIG 4g.20gb (0),1,,13,[CUDA memcpy Host-to-Device]
12103952717,11552,239896,,,,,,,,,,1.547,133883.507,Device,,NVIDIA A100-SXM4-40GB MIG 4g.20gb (0),1,,13,[CUDA memset]
12103967917,8768,239901,,,,,,,,,,0.031,3569.340,Pinned,Device,NVIDIA A100-SXM4-40GB MIG 4g.20gb (0),1,,13,[CUDA memcpy Host-to-Device]
12103980205,10080,239902,,,,,,,,,,0.197,19504.693,Pinned,Device,NVIDIA A100-SXM4-40GB MIG 4g.20gb (0),1,,13,[CUDA memcpy Host-to-Device]
12104724676,22976,239903,273,1,1,8,4,1,39,0.002,0.000,,,,,NVIDIA A100-SXM4-40GB MIG 4g.20gb (0),1,,13,"void channel_eq::eqMmseCoefCompLowMimoKernel<float, float, float, (unsigned int)4, (unsigned int)1, (unsigned int)4>(const channel_eq::_puschRxChEqStatDescr *, channel_eq::_puschRxChEqCoefCompDynDescr)"
12105516796,23519,239904,273,1,1,12,11,1,51,0.002,0.000,,,,,NVIDIA A100-SXM4-40GB MIG 4g.20gb (0),1,,13,"void channel_eq::eqMmseSoftDemapKernel<float, __half, __half, float, (unsigned int)4, (unsigned short)16383>(channel_eq::_puschRxChEqStatDescr *, channel_eq::_puschRxChEqSoftDemapDynDescr)"
12106228115,763928,239905,1,1,1,32,32,1,30,0.000,0.000,,,,,NVIDIA A100-SXM4-40GB MIG 4g.20gb (0),1,,13,"void convert_kernel<float2, __half2>(tensor_layout_any, T1 *, tensor_layout_any, const T2 *)"
12107632452,20479,239917,2253,1,1,128,1,1,16,0.000,0.000,,,,,NVIDIA A100-SXM4-40GB MIG 4g.20gb (0),1,,13,cupy_copy__float16_float16
12108291580,11200,239926,282,1,1,128,1,1,16,0.000,0.000,,,,,NVIDIA A100-SXM4-40GB MIG 4g.20gb (0),1,,13,cupy_copy__complex64_complex64
12109010420,7104,239935,26,1,1,128,1,1,16,0.000,0.000,,,,,NVIDIA A100-SXM4-40GB MIG 4g.20gb (0),1,,13,cupy_copy__float32_float32
12109684428,5024,239944,103,1,1,128,1,1,16,0.000,0.000,,,,,NVIDIA A100-SXM4-40GB MIG 4g.20gb (0),1,,13,cupy_copy__complex64_complex64
12110281254,20448,239954,1434,1,1,128,1,1,16,0.000,0.000,,,,,NVIDIA A100-SXM4-40GB MIG 4g.20gb (0),1,,13,cupy_copy__complex64_complex64
12110746592,251742,239959,1,1,1,32,32,1,30,0.000,0.000,,,,,NVIDIA A100-SXM4-40GB MIG 4g.20gb (0),1,,13,"void convert_kernel<__half2, float2>(tensor_layout_any, T1 *, tensor_layout_any, const T2 *)"
12111030109,6272,239962,,,,,,,,,,0.094,14938.703,Pinned,Device,NVIDIA A100-SXM4-40GB MIG 4g.20gb (0),1,,13,[CUDA memcpy Host-to-Device]
12111656758,624377,239963,,,,,,,,,,456.561,730954.865,Device,,NVIDIA A100-SXM4-40GB MIG 4g.20gb (0),1,,13,[CUDA memset]
12112289039,57983,239968,,,,,,,,,,1.235,21297.844,Pinned,Device,NVIDIA A100-SXM4-40GB MIG 4g.20gb (0),1,,13,[CUDA memcpy Host-to-Device]
12112349486,11008,239969,,,,,,,,,,0.197,17860.461,Pinned,Device,NVIDIA A100-SXM4-40GB MIG 4g.20gb (0),1,,13,[CUDA memcpy Host-to-Device]
12112925864,22496,239970,69,4,1,48,1,1,76,0.002,0.000,,,,,NVIDIA A100-SXM4-40GB MIG 4g.20gb (0),1,,13,"void ch_est::windowedChEstPreNoDftSOfdmKernel<float, __half, float, (unsigned int)2, (unsigned int)1, (unsigned short)4>(ch_est::puschRxChEstStatDescr_t *, ch_est::puschRxChEstDynDescr_t *)"
12113441634,14080,239971,137,2,1,24,2,1,44,0.001,0.001,,,,,NVIDIA A100-SXM4-40GB MIG 4g.20gb (0),1,,13,"void ch_est::chEstFilterNoDftSOfdmDispatchKernel<float, __half, float, (unsigned int)2>(ch_est::puschRxChEstStatDescr_t *, ch_est::puschRxChEstDynDescr_t *)"
12114095995,24063,239972,137,2,1,24,2,1,44,0.001,0.001,,,,,NVIDIA A100-SXM4-40GB MIG 4g.20gb (0),1,,13,"void ch_est::chEstFilterNoDftSOfdmDispatchKernel<float, __half, float, (unsigned int)2>(ch_est::puschRxChEstStatDescr_t *, ch_est::puschRxChEstDynDescr_t *)"
12114601653,7840,239983,103,1,1,128,1,1,16,0.000,0.000,,,,,NVIDIA A100-SXM4-40GB MIG 4g.20gb (0),1,,13,cupy_copy__complex64_complex64
12115313293,19040,239993,1434,1,1,128,1,1,16,0.000,0.000,,,,,NVIDIA A100-SXM4-40GB MIG 4g.20gb (0),1,,13,cupy_copy__complex64_complex64
12115990053,4160,240000,103,1,1,128,1,1,16,0.000,0.000,,,,,NVIDIA A100-SXM4-40GB MIG 4g.20gb (0),1,,13,cupy_copy__complex64_complex64
12116612030,287229,240007,1,1,1,32,32,1,30,0.000,0.000,,,,,NVIDIA A100-SXM4-40GB MIG 4g.20gb (0),1,,13,"void convert_kernel<__half2, float2>(tensor_layout_any, T1 *, tensor_layout_any, const T2 *)"
12116929627,7872,240010,,,,,,,,,,0.094,11902.390,Pinned,Device,NVIDIA A100-SXM4-40GB MIG 4g.20gb (0),1,,13,[CUDA memcpy Host-to-Device]
12117688530,68703,240011,,,,,,,,,,35.810,521213.386,Device,,NVIDIA A100-SXM4-40GB MIG 4g.20gb (0),1,,13,[CUDA memset]
12117763377,4928,240013,,,,,,,,,,0.000,16.234,Pinned,Device,NVIDIA A100-SXM4-40GB MIG 4g.20gb (0),1,,13,[CUDA memcpy Host-to-Device]
12117772625,9696,240014,,,,,,,,,,0.197,20277.166,Pinned,Device,NVIDIA A100-SXM4-40GB MIG 4g.20gb (0),1,,13,[CUDA memcpy Host-to-Device]
12118569928,20576,240015,273,1,1,48,1,1,40,0.000,0.001,,,,,NVIDIA A100-SXM4-40GB MIG 4g.20gb (0),1,,13,"void pusch_noise_intf_est::noiseIntfEstNoDftSOfdmKernel<float, __half, float, float, (unsigned int)2, (unsigned int)1, (unsigned char)4, (unsigned char)4>(pusch_noise_intf_est::puschRxNoiseIntfEstDynDescr)"
12119291072,8608,240026,35,1,1,128,1,1,16,0.000,0.000,,,,,NVIDIA A100-SXM4-40GB MIG 4g.20gb (0),1,,13,cupy_copy__complex64_complex64
12120039448,5472,240035,1,1,1,1,1,1,18,0.000,0.000,,,,,NVIDIA A100-SXM4-40GB MIG 4g.20gb (0),1,,13,cupy_copy__float32_float32
12120053015,2176,240041,,,,,,,,,,0.000,1.838,Device,Pageable,NVIDIA A100-SXM4-40GB MIG 4g.20gb (0),1,,7,[CUDA memcpy Device-to-Host]
12120906766,19200,240052,1434,1,1,128,1,1,16,0.000,0.000,,,,,NVIDIA A100-SXM4-40GB MIG 4g.20gb (0),1,,13,cupy_copy__complex64_complex64
12121657893,9728,240059,103,1,1,128,1,1,16,0.000,0.000,,,,,NVIDIA A100-SXM4-40GB MIG 4g.20gb (0),1,,13,cupy_copy__complex64_complex64
12122344606,4064,240066,35,1,1,128,1,1,16,0.000,0.000,,,,,NVIDIA A100-SXM4-40GB MIG 4g.20gb (0),1,,13,cupy_copy__complex64_complex64
12123065333,3200,240073,1,1,1,1,1,1,18,0.000,0.000,,,,,NVIDIA A100-SXM4-40GB MIG 4g.20gb (0),1,,13,cupy_copy__float32_float32
12123645935,242237,240084,1,1,1,32,32,1,30,0.000,0.000,,,,,NVIDIA A100-SXM4-40GB MIG 4g.20gb (0),1,,13,"void convert_kernel<__half2, float2>(tensor_layout_any, T1 *, tensor_layout_any, const T2 *)"
12123920940,6080,240087,,,,,,,,,,0.094,15410.462,Pinned,Device,NVIDIA A100-SXM4-40GB MIG 4g.20gb (0),1,,13,[CUDA memcpy Host-to-Device]
12124669379,7136,240088,,,,,,,,,,1.547,216734.608,Device,,NVIDIA A100-SXM4-40GB MIG 4g.20gb (0),1,,13,[CUDA memset]
12124679171,6592,240093,,,,,,,,,,0.031,4747.572,Pinned,Device,NVIDIA A100-SXM4-40GB MIG 4g.20gb (0),1,,13,[CUDA memcpy Host-to-Device]
12124688451,10944,240094,,,,,,,,,,0.197,17964.859,Pinned,Device,NVIDIA A100-SXM4-40GB MIG 4g.20gb (0),1,,13,[CUDA memcpy Host-to-Device]
12125143070,27776,240095,273,1,1,8,4,1,39,0.002,0.000,,,,,NVIDIA A100-SXM4-40GB MIG 4g.20gb (0),1,,13,"void channel_eq::eqMmseCoefCompLowMimoKernel<float, float, float, (unsigned int)4, (unsigned int)1, (unsigned int)4>(const channel_eq::_puschRxChEqStatDescr *, channel_eq::_puschRxChEqCoefCompDynDescr)"
12125603385,23616,240096,273,1,1,12,11,1,51,0.002,0.000,,,,,NVIDIA A100-SXM4-40GB MIG 4g.20gb (0),1,,13,"void channel_eq::eqMmseSoftDemapKernel<float, __half, __half, float, (unsigned int)4, (unsigned short)16383>(channel_eq::_puschRxChEqStatDescr *, channel_eq::_puschRxChEqSoftDemapDynDescr)"
12126237426,716664,240097,1,1,1,32,32,1,30,0.000,0.000,,,,,NVIDIA A100-SXM4-40GB MIG 4g.20gb (0),1,,13,"void convert_kernel<float2, __half2>(tensor_layout_any, T1 *, tensor_layout_any, const T2 *)"
12127555491,20320,240109,2253,1,1,128,1,1,16,0.000,0.000,,,,,NVIDIA A100-SXM4-40GB MIG 4g.20gb (0),1,,13,cupy_copy__float16_float16
12128128700,5248,240118,282,1,1,128,1,1,16,0.000,0.000,,,,,NVIDIA A100-SXM4-40GB MIG 4g.20gb (0),1,,13,cupy_copy__complex64_complex64
12128784309,7584,240127,26,1,1,128,1,1,16,0.000,0.000,,,,,NVIDIA A100-SXM4-40GB MIG 4g.20gb (0),1,,13,cupy_copy__float32_float32
12129345487,15583,240136,103,1,1,128,1,1,16,0.000,0.000,,,,,NVIDIA A100-SXM4-40GB MIG 4g.20gb (0),1,,13,cupy_copy__complex64_complex64
12130080678,23040,240146,1434,1,1,128,1,1,16,0.000,0.000,,,,,NVIDIA A100-SXM4-40GB MIG 4g.20gb (0),1,,13,cupy_copy__complex64_complex64
12130664800,238045,240151,1,1,1,32,32,1,30,0.000,0.000,,,,,NVIDIA A100-SXM4-40GB MIG 4g.20gb (0),1,,13,"void convert_kernel<__half2, float2>(tensor_layout_any, T1 *, tensor_layout_any, const T2 *)"
12130933565,6016,240154,,,,,,,,,,0.094,15574.430,Pinned,Device,NVIDIA A100-SXM4-40GB MIG 4g.20gb (0),1,,13,[CUDA memcpy Host-to-Device]
12131439479,611993,240155,,,,,,,,,,456.561,746021.393,Device,,NVIDIA A100-SXM4-40GB MIG 4g.20gb (0),1,,13,[CUDA memset]
12132056208,59711,240160,,,,,,,,,,1.235,20681.607,Pinned,Device,NVIDIA A100-SXM4-40GB MIG 4g.20gb (0),1,,13,[CUDA memcpy Host-to-Device]
12132118671,9440,240161,,,,,,,,,,0.197,20827.079,Pinned,Device,NVIDIA A100-SXM4-40GB MIG 4g.20gb (0),1,,13,[CUDA memcpy Host-to-Device]
12132753736,14240,240162,69,4,1,48,1,1,76,0.002,0.000,,,,,NVIDIA A100-SXM4-40GB MIG 4g.20gb (0),1,,13,"void ch_est::windowedChEstPreNoDftSOfdmKernel<float, __half, float, (unsigned int)2, (unsigned int)1, (unsigned short)4>(ch_est::puschRxChEstStatDescr_t *, ch_est::puschRxChEstDynDescr_t *)"
12133559871,19456,240163,137,2,1,24,2,1,44,0.001,0.001,,,,,NVIDIA A100-SXM4-40GB MIG 4g.20gb (0),1,,13,"void ch_est::chEstFilterNoDftSOfdmDispatchKernel<float, __half, float, (unsigned int)2>(ch_est::puschRxChEstStatDescr_t *, ch_est::puschRxChEstDynDescr_t *)"
12134266103,18080,240164,137,2,1,24,2,1,44,0.001,0.001,,,,,NVIDIA A100-SXM4-40GB MIG 4g.20gb (0),1,,13,"void ch_est::chEstFilterNoDftSOfdmDispatchKernel<float, __half, float, (unsigned int)2>(ch_est::puschRxChEstStatDescr_t *, ch_est::puschRxChEstDynDescr_t *)"
12135047278,9216,240175,103,1,1,128,1,1,16,0.000,0.000,,,,,NVIDIA A100-SXM4-40GB MIG 4g.20gb (0),1,,13,cupy_copy__complex64_complex64
12135748326,19168,240185,1434,1,1,128,1,1,16,0.000,0.000,,,,,NVIDIA A100-SXM4-40GB MIG 4g.20gb (0),1,,13,cupy_copy__complex64_complex64
12136468254,4000,240192,103,1,1,128,1,1,16,0.000,0.000,,,,,NVIDIA A100-SXM4-40GB MIG 4g.20gb (0),1,,13,cupy_copy__complex64_complex64
12137173526,322493,240199,1,1,1,32,32,1,30,0.000,0.000,,,,,NVIDIA A100-SXM4-40GB MIG 4g.20gb (0),1,,13,"void convert_kernel<__half2, float2>(tensor_layout_any, T1 *, tensor_layout_any, const T2 *)"
12137526162,6592,240202,,,,,,,,,,0.094,14213.590,Pinned,Device,NVIDIA A100-SXM4-40GB MIG 4g.20gb (0),1,,13,[CUDA memcpy Host-to-Device]
12138277034,56415,240203,,,,,,,,,,35.810,634730.832,Device,,NVIDIA A100-SXM4-40GB MIG 4g.20gb (0),1,,13,[CUDA memset]
12138337289,2048,240205,,,,,,,,,,0.000,39.062,Pinned,Device,NVIDIA A100-SXM4-40GB MIG 4g.20gb (0),1,,13,[CUDA memcpy Host-to-Device]
12138342217,9760,240206,,,,,,,,,,0.197,20144.259,Pinned,Device,NVIDIA A100-SXM4-40GB MIG 4g.20gb (0),1,,13,[CUDA memcpy Host-to-Device]
12139031873,18560,240207,273,1,1,48,1,1,40,0.000,0.001,,,,,NVIDIA A100-SXM4-40GB MIG 4g.20gb (0),1,,13,"void pusch_noise_intf_est::noiseIntfEstNoDftSOfdmKernel<float, __half, float, float, (unsigned int)2, (unsigned int)1, (unsigned char)4, (unsigned char)4>(pusch_noise_intf_est::puschRxNoiseIntfEstDynDescr)"
12139641594,11296,240218,35,1,1,128,1,1,16,0.000,0.000,,,,,NVIDIA A100-SXM4-40GB MIG 4g.20gb (0),1,,13,cupy_copy__complex64_complex64
12140262419,3008,240227,1,1,1,1,1,1,18,0.000,0.000,,,,,NVIDIA A100-SXM4-40GB MIG 4g.20gb (0),1,,13,cupy_copy__float32_float32
12140267603,1632,240233,,,,,,,,,,0.000,2.451,Device,Pageable,NVIDIA A100-SXM4-40GB MIG 4g.20gb (0),1,,7,[CUDA memcpy Device-to-Host]
12140948748,21663,240244,1434,1,1,128,1,1,16,0.000,0.000,,,,,NVIDIA A100-SXM4-40GB MIG 4g.20gb (0),1,,13,cupy_copy__complex64_complex64
12141508389,6240,240251,103,1,1,128,1,1,16,0.000,0.000,,,,,NVIDIA A100-SXM4-40GB MIG 4g.20gb (0),1,,13,cupy_copy__complex64_complex64
12141920161,8800,240258,35,1,1,128,1,1,16,0.000,0.000,,,,,NVIDIA A100-SXM4-40GB MIG 4g.20gb (0),1,,13,cupy_copy__complex64_complex64
12142430811,4864,240265,1,1,1,1,1,1,18,0.000,0.000,,,,,NVIDIA A100-SXM4-40GB MIG 4g.20gb (0),1,,13,cupy_copy__float32_float32
12143060532,246845,240276,1,1,1,32,32,1,30,0.000,0.000,,,,,NVIDIA A100-SXM4-40GB MIG 4g.20gb (0),1,,13,"void convert_kernel<__half2, float2>(tensor_layout_any, T1 *, tensor_layout_any, const T2 *)"
12143337233,5472,240279,,,,,,,,,,0.094,17122.757,Pinned,Device,NVIDIA A100-SXM4-40GB MIG 4g.20gb (0),1,,13,[CUDA memcpy Host-to-Device]
12144129576,6560,240280,,,,,,,,,,1.547,235765.816,Device,,NVIDIA A100-SXM4-40GB MIG 4g.20gb (0),1,,13,[CUDA memset]
12144142376,3552,240285,,,,,,,,,,0.031,8810.794,Pinned,Device,NVIDIA A100-SXM4-40GB MIG 4g.20gb (0),1,,13,[CUDA memcpy Host-to-Device]
12144148392,12671,240286,,,,,,,,,,0.197,15516.303,Pinned,Device,NVIDIA A100-SXM4-40GB MIG 4g.20gb (0),1,,13,[CUDA memcpy Host-to-Device]
12144634882,22368,240287,273,1,1,8,4,1,39,0.002,0.000,,,,,NVIDIA A100-SXM4-40GB MIG 4g.20gb (0),1,,13,"void channel_eq::eqMmseCoefCompLowMimoKernel<float, float, float, (unsigned int)4, (unsigned int)1, (unsigned int)4>(const channel_eq::_puschRxChEqStatDescr *, channel_eq::_puschRxChEqCoefCompDynDescr)"
12145353530,24288,240288,273,1,1,12,11,1,51,0.002,0.000,,,,,NVIDIA A100-SXM4-40GB MIG 4g.20gb (0),1,,13,"void channel_eq::eqMmseSoftDemapKernel<float, __half, __half, float, (unsigned int)4, (unsigned short)16383>(channel_eq::_puschRxChEqStatDescr *, channel_eq::_puschRxChEqSoftDemapDynDescr)"
12146099345,722552,240289,1,1,1,32,32,1,30,0.000,0.000,,,,,NVIDIA A100-SXM4-40GB MIG 4g.20gb (0),1,,13,"void convert_kernel<float2, __half2>(tensor_layout_any, T1 *, tensor_layout_any, const T2 *)"
12147552353,19744,240301,2253,1,1,128,1,1,16,0.000,0.000,,,,,NVIDIA A100-SXM4-40GB MIG 4g.20gb (0),1,,13,cupy_copy__float16_float16
12148325208,4960,240310,282,1,1,128,1,1,16,0.000,0.000,,,,,NVIDIA A100-SXM4-40GB MIG 4g.20gb (0),1,,13,cupy_copy__complex64_complex64
12149069072,8896,240319,26,1,1,128,1,1,16,0.000,0.000,,,,,NVIDIA A100-SXM4-40GB MIG 4g.20gb (0),1,,13,cupy_copy__float32_float32
12149674569,15648,240328,103,1,1,128,1,1,16,0.000,0.000,,,,,NVIDIA A100-SXM4-40GB MIG 4g.20gb (0),1,,13,cupy_copy__complex64_complex64
12150288834,16992,240338,1434,1,1,128,1,1,16,0.000,0.000,,,,,NVIDIA A100-SXM4-40GB MIG 4g.20gb (0),1,,13,cupy_copy__complex64_complex64
12151016122,257789,240343,1,1,1,32,32,1,30,0.000,0.000,,,,,NVIDIA A100-SXM4-40GB MIG 4g.20gb (0),1,,13,"void convert_kernel<__half2, float2>(tensor_layout_any, T1 *, tensor_layout_any, const T2 *)"
12151303831,5600,240346,,,,,,,,,,0.094,16731.388,Pinned,Device,NVIDIA A100-SXM4-40GB MIG 4g.20gb (0),1,,13,[CUDA memcpy Host-to-Device]
12151953103,621977,240347,,,,,,,,,,456.561,733694.234,Device,,NVIDIA A100-SXM4-40GB MIG 4g.20gb (0),1,,13,[CUDA memset]
12152576488,56768,240352,,,,,,,,,,1.235,21753.539,Pinned,Device,NVIDIA A100-SXM4-40GB MIG 4g.20gb (0),1,,13,[CUDA memcpy Host-to-Device]
12152635752,10112,240353,,,,,,,,,,0.197,19442.958,Pinned,Device,NVIDIA A100-SXM4-40GB MIG 4g.20gb (0),1,,13,[CUDA memcpy Host-to-Device]
12153406623,12800,240354,69,4,1,48,1,1,76,0.002,0.000,,,,,NVIDIA A100-SXM4-40GB MIG 4g.20gb (0),1,,13,"void ch_est::windowedChEstPreNoDftSOfdmKernel<float, __half, float, (unsigned int)2, (unsigned int)1, (unsigned short)4>(ch_est::puschRxChEstStatDescr_t *, ch_est::puschRxChEstDynDescr_t *)"
12154124567,18912,240355,137,2,1,24,2,1,44,0.001,0.001,,,,,NVIDIA A100-SXM4-40GB MIG 4g.20gb (0),1,,13,"void ch_est::chEstFilterNoDftSOfdmDispatchKernel<float, __half, float, (unsigned int)2>(ch_est::puschRxChEstStatDescr_t *, ch_est::puschRxChEstDynDescr_t *)"
12154862063,23071,240356,137,2,1,24,2,1,44,0.001,0.001,,,,,NVIDIA A100-SXM4-40GB MIG 4g.20gb (0),1,,13,"void ch_est::chEstFilterNoDftSOfdmDispatchKernel<float, __half, float, (unsigned int)2>(ch_est::puschRxChEstStatDescr_t *, ch_est::puschRxChEstDynDescr_t *)"
12155503527,4000,240367,103,1,1,128,1,1,16,0.000,0.000,,,,,NVIDIA A100-SXM4-40GB MIG 4g.20gb (0),1,,13,cupy_copy__complex64_complex64
12156132864,24640,240377,1434,1,1,128,1,1,16,0.000,0.000,,,,,NVIDIA A100-SXM4-40GB MIG 4g.20gb (0),1,,13,cupy_copy__complex64_complex64
12156553851,9600,240384,103,1,1,128,1,1,16,0.000,0.000,,,,,NVIDIA A100-SXM4-40GB MIG 4g.20gb (0),1,,13,cupy_copy__complex64_complex64
12156943351,250013,240391,1,1,1,32,32,1,30,0.000,0.000,,,,,NVIDIA A100-SXM4-40GB MIG 4g.20gb (0),1,,13,"void convert_kernel<__half2, float2>(tensor_layout_any, T1 *, tensor_layout_any, const T2 *)"
12157224852,7392,240394,,,,,,,,,,0.094,12675.289,Pinned,Device,NVIDIA A100-SXM4-40GB MIG 4g.20gb (0),1,,13,[CUDA memcpy Host-to-Device]
12157807213,58528,240395,,,,,,,,,,35.810,611812.483,Device,,NVIDIA A100-SXM4-40GB MIG 4g.20gb (0),1,,13,[CUDA memset]
12157867277,1888,240397,,,,,,,,,,0.000,42.373,Pinned,Device,NVIDIA A100-SXM4-40GB MIG 4g.20gb (0),1,,13,[CUDA memcpy Host-to-Device]
12157872013,12927,240398,,,,,,,,,,0.197,15209.005,Pinned,Device,NVIDIA A100-SXM4-40GB MIG 4g.20gb (0),1,,13,[CUDA memcpy Host-to-Device]
12158615620,26528,240399,273,1,1,48,1,1,40,0.000,0.001,,,,,NVIDIA A100-SXM4-40GB MIG 4g.20gb (0),1,,13,"void pusch_noise_intf_est::noiseIntfEstNoDftSOfdmKernel<float, __half, float, float, (unsigned int)2, (unsigned int)1, (unsigned char)4, (unsigned char)4>(pusch_noise_intf_est::puschRxNoiseIntfEstDynDescr)"
12159089151,8960,240410,35,1,1,128,1,1,16,0.000,0.000,,,,,NVIDIA A100-SXM4-40GB MIG 4g.20gb (0),1,,13,cupy_copy__complex64_complex64
12159864790,11008,240419,1,1,1,1,1,1,18,0.000,0.000,,,,,NVIDIA A100-SXM4-40GB MIG 4g.20gb (0),1,,13,cupy_copy__float32_float32
12159880022,2912,240425,,,,,,,,,,0.000,1.374,Device,Pageable,NVIDIA A100-SXM4-40GB MIG 4g.20gb (0),1,,7,[CUDA memcpy Device-to-Host]
12160667245,17824,240436,1434,1,1,128,1,1,16,0.000,0.000,,,,,NVIDIA A100-SXM4-40GB MIG 4g.20gb (0),1,,13,cupy_copy__complex64_complex64
12161244615,4351,240443,103,1,1,128,1,1,16,0.000,0.000,,,,,NVIDIA A100-SXM4-40GB MIG 4g.20gb (0),1,,13,cupy_copy__complex64_complex64
12161949439,10623,240450,35,1,1,128,1,1,16,0.000,0.000,,,,,NVIDIA A100-SXM4-40GB MIG 4g.20gb (0),1,,13,cupy_copy__complex64_complex64
12162430937,3872,240457,1,1,1,1,1,1,18,0.000,0.000,,,,,NVIDIA A100-SXM4-40GB MIG 4g.20gb (0),1,,13,cupy_copy__float32_float32
12162968563,245981,240468,1,1,1,32,32,1,30,0.000,0.000,,,,,NVIDIA A100-SXM4-40GB MIG 4g.20gb (0),1,,13,"void convert_kernel<__half2, float2>(tensor_layout_any, T1 *, tensor_layout_any, const T2 *)"
12163248112,7264,240471,,,,,,,,,,0.094,12898.660,Pinned,Device,NVIDIA A100-SXM4-40GB MIG 4g.20gb (0),1,,13,[CUDA memcpy Host-to-Device]
12163980424,7456,240472,,,,,,,,,,1.547,207433.211,Device,,NVIDIA A100-SXM4-40GB MIG 4g.20gb (0),1,,13,[CUDA memset]
12163990504,4480,240477,,,,,,,,,,0.031,6985.705,Pinned,Device,NVIDIA A100-SXM4-40GB MIG 4g.20gb (0),1,,13,[CUDA memcpy Host-to-Device]
12163997767,10592,240478,,,,,,,,,,0.197,18561.761,Pinned,Device,NVIDIA A100-SXM4-40GB MIG 4g.20gb (0),1,,13,[CUDA memcpy Host-to-Device]
12164523906,22943,240479,273,1,1,8,4,1,39,0.002,0.000,,,,,NVIDIA A100-SXM4-40GB MIG 4g.20gb (0),1,,13,"void channel_eq::eqMmseCoefCompLowMimoKernel<float, float, float, (unsigned int)4, (unsigned int)1, (unsigned int)4>(const channel_eq::_puschRxChEqStatDescr *, channel_eq::_puschRxChEqCoefCompDynDescr)"
12165315897,13983,240480,273,1,1,12,11,1,51,0.002,0.000,,,,,NVIDIA A100-SXM4-40GB MIG 4g.20gb (0),1,,13,"void channel_eq::eqMmseSoftDemapKernel<float, __half, __half, float, (unsigned int)4, (unsigned short)16383>(channel_eq::_puschRxChEqStatDescr *, channel_eq::_puschRxChEqSoftDemapDynDescr)"
12166090064,711448,240481,1,1,1,32,32,1,30,0.000,0.000,,,,,NVIDIA A100-SXM4-40GB MIG 4g.20gb (0),1,,13,"void convert_kernel<float2, __half2>(tensor_layout_any, T1 *, tensor_layout_any, const T2 *)"
12167561951,21920,240493,2253,1,1,128,1,1,16,0.000,0.000,,,,,NVIDIA A100-SXM4-40GB MIG 4g.20gb (0),1,,13,cupy_copy__float16_float16
12168353270,14016,240502,282,1,1,128,1,1,16,0.000,0.000,,,,,NVIDIA A100-SXM4-40GB MIG 4g.20gb (0),1,,13,cupy_copy__complex64_complex64
12169079118,4288,240511,26,1,1,128,1,1,16,0.000,0.000,,,,,NVIDIA A100-SXM4-40GB MIG 4g.20gb (0),1,,13,cupy_copy__float32_float32
12169689735,5056,240520,103,1,1,128,1,1,16,0.000,0.000,,,,,NVIDIA A100-SXM4-40GB MIG 4g.20gb (0),1,,13,cupy_copy__complex64_complex64
12170390719,20544,240536,1434,1,1,128,1,1,16,0.000,0.000,,,,,NVIDIA A100-SXM4-40GB MIG 4g.20gb (0),1,,13,cupy_copy__complex64_complex64
12170953593,253181,240541,1,1,1,32,32,1,30,0.000,0.000,,,,,NVIDIA A100-SXM4-40GB MIG 4g.20gb (0),1,,13,"void convert_kernel<__half2, float2>(tensor_layout_any, T1 *, tensor_layout_any, const T2 *)"
12171236470,6016,240544,,,,,,,,,,0.094,15574.430,Pinned,Device,NVIDIA A100-SXM4-40GB MIG 4g.20gb (0),1,,13,[CUDA memcpy Host-to-Device]
12171734864,621849,240545,,,,,,,,,,456.561,734150.796,Device,,NVIDIA A100-SXM4-40GB MIG 4g.20gb (0),1,,13,[CUDA memset]
12172358729,57823,240550,,,,,,,,,,1.235,21357.122,Pinned,Device,NVIDIA A100-SXM4-40GB MIG 4g.20gb (0),1,,13,[CUDA memcpy Host-to-Device]
12172419112,10240,240551,,,,,,,,,,0.197,19199.951,Pinned,Device,NVIDIA A100-SXM4-40GB MIG 4g.20gb (0),1,,13,[CUDA memcpy Host-to-Device]
12173002946,18784,240552,69,4,1,48,1,1,76,0.002,0.000,,,,,NVIDIA A100-SXM4-40GB MIG 4g.20gb (0),1,,13,"void ch_est::windowedChEstPreNoDftSOfdmKernel<float, __half, float, (unsigned int)2, (unsigned int)1, (unsigned short)4>(ch_est::puschRxChEstStatDescr_t *, ch_est::puschRxChEstDynDescr_t *)"
12173827545,21855,240553,137,2,1,24,2,1,44,0.001,0.001,,,,,NVIDIA A100-SXM4-40GB MIG 4g.20gb (0),1,,13,"void ch_est::chEstFilterNoDftSOfdmDispatchKernel<float, __half, float, (unsigned int)2>(ch_est::puschRxChEstStatDescr_t *, ch_est::puschRxChEstDynDescr_t *)"
12174572560,21696,240554,137,2,1,24,2,1,44,0.001,0.001,,,,,NVIDIA A100-SXM4-40GB MIG 4g.20gb (0),1,,13,"void ch_est::chEstFilterNoDftSOfdmDispatchKernel<float, __half, float, (unsigned int)2>(ch_est::puschRxChEstStatDescr_t *, ch_est::puschRxChEstDynDescr_t *)"
12175323656,4128,240565,103,1,1,128,1,1,16,0.000,0.000,,,,,NVIDIA A100-SXM4-40GB MIG 4g.20gb (0),1,,13,cupy_copy__complex64_complex64
12176137726,41760,240575,1434,1,1,128,1,1,16,0.000,0.000,,,,,NVIDIA A100-SXM4-40GB MIG 4g.20gb (0),1,,13,cupy_copy__complex64_complex64
12176667576,15008,240582,103,1,1,128,1,1,16,0.000,0.000,,,,,NVIDIA A100-SXM4-40GB MIG 4g.20gb (0),1,,13,cupy_copy__complex64_complex64
12177492335,232190,240589,1,1,1,32,32,1,30,0.000,0.000,,,,,NVIDIA A100-SXM4-40GB MIG 4g.20gb (0),1,,13,"void convert_kernel<__half2, float2>(tensor_layout_any, T1 *, tensor_layout_any, const T2 *)"
12177757516,6560,240592,,,,,,,,,,0.094,14282.925,Pinned,Device,NVIDIA A100-SXM4-40GB MIG 4g.20gb (0),1,,13,[CUDA memcpy Host-to-Device]
12178610339,78943,240593,,,,,,,,,,35.810,453604.257,Device,,NVIDIA A100-SXM4-40GB MIG 4g.20gb (0),1,,13,[CUDA memset]
12178694786,3968,240595,,,,,,,,,,0.000,20.161,Pinned,Device,NVIDIA A100-SXM4-40GB MIG 4g.20gb (0),1,,13,[CUDA memcpy Host-to-Device]
12178701698,12127,240596,,,,,,,,,,0.197,16212.296,Pinned,Device,NVIDIA A100-SXM4-40GB MIG 4g.20gb (0),1,,13,[CUDA memcpy Host-to-Device]
12179581688,26655,240597,273,1,1,48,1,1,40,0.000,0.001,,,,,NVIDIA A100-SXM4-40GB MIG 4g.20gb (0),1,,13,"void pusch_noise_intf_est::noiseIntfEstNoDftSOfdmKernel<float, __half, float, float, (unsigned int)2, (unsigned int)1, (unsigned char)4, (unsigned char)4>(pusch_noise_intf_est::puschRxNoiseIntfEstDynDescr)"
12180261776,4064,240608,35,1,1,128,1,1,16,0.000,0.000,,,,,NVIDIA A100-SXM4-40GB MIG 4g.20gb (0),1,,13,cupy_copy__complex64_complex64
12181010727,3232,240617,1,1,1,1,1,1,18,0.000,0.000,,,,,NVIDIA A100-SXM4-40GB MIG 4g.20gb (0),1,,13,cupy_copy__float32_float32
12181018951,6144,240623,,,,,,,,,,0.000,0.651,Device,Pageable,NVIDIA A100-SXM4-40GB MIG 4g.20gb (0),1,,7,[CUDA memcpy Device-to-Host]
12181896157,20064,240634,1434,1,1,128,1,1,16,0.000,0.000,,,,,NVIDIA A100-SXM4-40GB MIG 4g.20gb (0),1,,13,cupy_copy__complex64_complex64
12182551766,7392,240641,103,1,1,128,1,1,16,0.000,0.000,,,,,NVIDIA A100-SXM4-40GB MIG 4g.20gb (0),1,,13,cupy_copy__complex64_complex64
12183446380,8576,240648,35,1,1,128,1,1,16,0.000,0.000,,,,,NVIDIA A100-SXM4-40GB MIG 4g.20gb (0),1,,13,cupy_copy__complex64_complex64
12184346530,5088,240655,1,1,1,1,1,1,18,0.000,0.000,,,,,NVIDIA A100-SXM4-40GB MIG 4g.20gb (0),1,,13,cupy_copy__float32_float32
12185232216,256253,240666,1,1,1,32,32,1,30,0.000,0.000,,,,,NVIDIA A100-SXM4-40GB MIG 4g.20gb (0),1,,13,"void convert_kernel<__half2, float2>(tensor_layout_any, T1 *, tensor_layout_any, const T2 *)"
12185518773,5984,240669,,,,,,,,,,0.094,15657.726,Pinned,Device,NVIDIA A100-SXM4-40GB MIG 4g.20gb (0),1,,13,[CUDA memcpy Host-to-Device]
12186339563,7392,240670,,,,,,,,,,1.547,209228.841,Device,,NVIDIA A100-SXM4-40GB MIG 4g.20gb (0),1,,13,[CUDA memset]
12186351915,3072,240675,,,,,,,,,,0.031,10187.474,Pinned,Device,NVIDIA A100-SXM4-40GB MIG 4g.20gb (0),1,,13,[CUDA memcpy Host-to-Device]
12186357739,11936,240676,,,,,,,,,,0.197,16471.818,Pinned,Device,NVIDIA A100-SXM4-40GB MIG 4g.20gb (0),1,,13,[CUDA memcpy Host-to-Device]
12186730951,20992,240677,273,1,1,8,4,1,39,0.002,0.000,,,,,NVIDIA A100-SXM4-40GB MIG 4g.20gb (0),1,,13,"void channel_eq::eqMmseCoefCompLowMimoKernel<float, float, float, (unsigned int)4, (unsigned int)1, (unsigned int)4>(const channel_eq::_puschRxChEqStatDescr *, channel_eq::_puschRxChEqCoefCompDynDescr)"
12187385408,18527,240678,273,1,1,12,11,1,51,0.002,0.000,,,,,NVIDIA A100-SXM4-40GB MIG 4g.20gb (0),1,,13,"void channel_eq::eqMmseSoftDemapKernel<float, __half, __half, float, (unsigned int)4, (unsigned short)16383>(channel_eq::_puschRxChEqStatDescr *, channel_eq::_puschRxChEqSoftDemapDynDescr)"
12187940281,545594,240679,1,1,1,32,32,1,30,0.000,0.000,,,,,NVIDIA A100-SXM4-40GB MIG 4g.20gb (0),1,,13,"void convert_kernel<float2, __half2>(tensor_layout_any, T1 *, tensor_layout_any, const T2 *)"
12189005389,26784,240691,2253,1,1,128,1,1,16,0.000,0.000,,,,,NVIDIA A100-SXM4-40GB MIG 4g.20gb (0),1,,13,cupy_copy__float16_float16
12189616518,12608,240700,282,1,1,128,1,1,16,0.000,0.000,,,,,NVIDIA A100-SXM4-40GB MIG 4g.20gb (0),1,,13,cupy_copy__complex64_complex64
12190169024,3488,240709,26,1,1,128,1,1,16,0.000,0.000,,,,,NVIDIA A100-SXM4-40GB MIG 4g.20gb (0),1,,13,cupy_copy__float32_float32
12190910488,9984,240718,103,1,1,128,1,1,16,0.000,0.000,,,,,NVIDIA A100-SXM4-40GB MIG 4g.20gb (0),1,,13,cupy_copy__complex64_complex64
12191594416,17152,240728,1434,1,1,128,1,1,16,0.000,0.000,,,,,NVIDIA A100-SXM4-40GB MIG 4g.20gb (0),1,,13,cupy_copy__complex64_complex64
12192243081,255837,240733,1,1,1,32,32,1,30,0.000,0.000,,,,,NVIDIA A100-SXM4-40GB MIG 4g.20gb (0),1,,13,"void convert_kernel<__half2, float2>(tensor_layout_any, T1 *, tensor_layout_any, const T2 *)"
12192530661,8160,240736,,,,,,,,,,0.094,11482.351,Pinned,Device,NVIDIA A100-SXM4-40GB MIG 4g.20gb (0),1,,13,[CUDA memcpy Host-to-Device]
12193407580,616281,240737,,,,,,,,,,456.561,740542.656,Device,,NVIDIA A100-SXM4-40GB MIG 4g.20gb (0),1,,13,[CUDA memset]
12194027989,68671,240742,,,,,,,,,,1.235,17983.255,Pinned,Device,NVIDIA A100-SXM4-40GB MIG 4g.20gb (0),1,,13,[CUDA memcpy Host-to-Device]
12194102292,19231,240743,,,,,,,,,,0.197,10223.419,Pinned,Device,NVIDIA A100-SXM4-40GB MIG 4g.20gb (0),1,,13,[CUDA memcpy Host-to-Device]
12194967146,21696,240744,69,4,1,48,1,1,76,0.002,0.000,,,,,NVIDIA A100-SXM4-40GB MIG 4g.20gb (0),1,,13,"void ch_est::windowedChEstPreNoDftSOfdmKernel<float, __half, float, (unsigned int)2, (unsigned int)1, (unsigned short)4>(ch_est::puschRxChEstStatDescr_t *, ch_est::puschRxChEstDynDescr_t *)"
12195569123,24288,240745,137,2,1,24,2,1,44,0.001,0.001,,,,,NVIDIA A100-SXM4-40GB MIG 4g.20gb (0),1,,13,"void ch_est::chEstFilterNoDftSOfdmDispatchKernel<float, __half, float, (unsigned int)2>(ch_est::puschRxChEstStatDescr_t *, ch_est::puschRxChEstDynDescr_t *)"
12196218268,10880,240746,137,2,1,24,2,1,44,0.001,0.001,,,,,NVIDIA A100-SXM4-40GB MIG 4g.20gb (0),1,,13,"void ch_est::chEstFilterNoDftSOfdmDispatchKernel<float, __half, float, (unsigned int)2>(ch_est::puschRxChEstStatDescr_t *, ch_est::puschRxChEstDynDescr_t *)"
12196930868,6048,240757,103,1,1,128,1,1,16,0.000,0.000,,,,,NVIDIA A100-SXM4-40GB MIG 4g.20gb (0),1,,13,cupy_copy__complex64_complex64
12197825354,22975,240767,1434,1,1,128,1,1,16,0.000,0.000,,,,,NVIDIA A100-SXM4-40GB MIG 4g.20gb (0),1,,13,cupy_copy__complex64_complex64
12198731615,5792,240774,103,1,1,128,1,1,16,0.000,0.000,,,,,NVIDIA A100-SXM4-40GB MIG 4g.20gb (0),1,,13,cupy_copy__complex64_complex64
12199626453,212318,240781,1,1,1,32,32,1,30,0.000,0.000,,,,,NVIDIA A100-SXM4-40GB MIG 4g.20gb (0),1,,13,"void convert_kernel<__half2, float2>(tensor_layout_any, T1 *, tensor_layout_any, const T2 *)"
12199873203,5856,240784,,,,,,,,,,0.094,15999.997,Pinned,Device,NVIDIA A100-SXM4-40GB MIG 4g.20gb (0),1,,13,[CUDA memcpy Host-to-Device]
12200523787,53568,240785,,,,,,,,,,35.810,668463.777,Device,,NVIDIA A100-SXM4-40GB MIG 4g.20gb (0),1,,13,[CUDA memset]
12200582347,2400,240787,,,,,,,,,,0.000,33.333,Pinned,Device,NVIDIA A100-SXM4-40GB MIG 4g.20gb (0),1,,13,[CUDA memcpy Host-to-Device]
12200592042,11008,240788,,,,,,,,,,0.197,17860.461,Pinned,Device,NVIDIA A100-SXM4-40GB MIG 4g.20gb (0),1,,13,[CUDA memcpy Host-to-Device]
12201470977,19071,240789,273,1,1,48,1,1,40,0.000,0.001,,,,,NVIDIA A100-SXM4-40GB MIG 4g.20gb (0),1,,13,"void pusch_noise_intf_est::noiseIntfEstNoDftSOfdmKernel<float, __half, float, float, (unsigned int)2, (unsigned int)1, (unsigned char)4, (unsigned char)4>(pusch_noise_intf_est::puschRxNoiseIntfEstDynDescr)"
12202364438,6336,240800,35,1,1,128,1,1,16,0.000,0.000,,,,,NVIDIA A100-SXM4-40GB MIG 4g.20gb (0),1,,13,cupy_copy__complex64_complex64
12203166189,5056,240809,1,1,1,1,1,1,18,0.000,0.000,,,,,NVIDIA A100-SXM4-40GB MIG 4g.20gb (0),1,,13,cupy_copy__float32_float32
12203177549,4800,240815,,,,,,,,,,0.000,0.833,Device,Pageable,NVIDIA A100-SXM4-40GB MIG 4g.20gb (0),1,,7,[CUDA memcpy Device-to-Host]
12203873477,20864,240826,1434,1,1,128,1,1,16,0.000,0.000,,,,,NVIDIA A100-SXM4-40GB MIG 4g.20gb (0),1,,13,cupy_copy__complex64_complex64
12204527326,7872,240833,103,1,1,128,1,1,16,0.000,0.000,,,,,NVIDIA A100-SXM4-40GB MIG 4g.20gb (0),1,,13,cupy_copy__complex64_complex64
12205123735,3840,240840,35,1,1,128,1,1,16,0.000,0.000,,,,,NVIDIA A100-SXM4-40GB MIG 4g.20gb (0),1,,13,cupy_copy__complex64_complex64
12205819279,3488,240847,1,1,1,1,1,1,18,0.000,0.000,,,,,NVIDIA A100-SXM4-40GB MIG 4g.20gb (0),1,,13,cupy_copy__float32_float32
12206221675,261053,240858,1,1,1,32,32,1,30,0.000,0.000,,,,,NVIDIA A100-SXM4-40GB MIG 4g.20gb (0),1,,13,"void convert_kernel<__half2, float2>(tensor_layout_any, T1 *, tensor_layout_any, const T2 *)"
12206515720,6240,240861,,,,,,,,,,0.094,15015.346,Pinned,Device,NVIDIA A100-SXM4-40GB MIG 4g.20gb (0),1,,13,[CUDA memcpy Host-to-Device]
12207205664,8384,240862,,,,,,,,,,1.547,184472.031,Device,,NVIDIA A100-SXM4-40GB MIG 4g.20gb (0),1,,13,[CUDA memset]
12207220032,3200,240867,,,,,,,,,,0.031,9780.000,Pinned,Device,NVIDIA A100-SXM4-40GB MIG 4g.20gb (0),1,,13,[CUDA memcpy Host-to-Device]
12207228768,9951,240868,,,,,,,,,,0.197,19757.531,Pinned,Device,NVIDIA A100-SXM4-40GB MIG 4g.20gb (0),1,,13,[CUDA memcpy Host-to-Device]
12207738906,26879,240869,273,1,1,8,4,1,39,0.002,0.000,,,,,NVIDIA A100-SXM4-40GB MIG 4g.20gb (0),1,,13,"void channel_eq::eqMmseCoefCompLowMimoKernel<float, float, float, (unsigned int)4, (unsigned int)1, (unsigned int)4>(const channel_eq::_puschRxChEqStatDescr *, channel_eq::_puschRxChEqCoefCompDynDescr)"
12208126997,20032,240870,273,1,1,12,11,1,51,0.002,0.000,,,,,NVIDIA A100-SXM4-40GB MIG 4g.20gb (0),1,,13,"void channel_eq::eqMmseSoftDemapKernel<float, __half, __half, float, (unsigned int)4, (unsigned short)16383>(channel_eq::_puschRxChEqStatDescr *, channel_eq::_puschRxChEqSoftDemapDynDescr)"
12208828077,534618,240871,1,1,1,32,32,1,30,0.000,0.000,,,,,NVIDIA A100-SXM4-40GB MIG 4g.20gb (0),1,,13,"void convert_kernel<float2, __half2>(tensor_layout_any, T1 *, tensor_layout_any, const T2 *)"
12209907201,18912,240883,2253,1,1,128,1,1,16,0.000,0.000,,,,,NVIDIA A100-SXM4-40GB MIG 4g.20gb (0),1,,13,cupy_copy__float16_float16
12210587482,6080,240892,282,1,1,128,1,1,16,0.000,0.000,,,,,NVIDIA A100-SXM4-40GB MIG 4g.20gb (0),1,,13,cupy_copy__complex64_complex64
12211347121,9728,240901,26,1,1,128,1,1,16,0.000,0.000,,,,,NVIDIA A100-SXM4-40GB MIG 4g.20gb (0),1,,13,cupy_copy__float32_float32
12212190600,9663,240910,103,1,1,128,1,1,16,0.000,0.000,,,,,NVIDIA A100-SXM4-40GB MIG 4g.20gb (0),1,,13,cupy_copy__complex64_complex64
12212954143,16160,240920,1434,1,1,128,1,1,16,0.000,0.000,,,,,NVIDIA A100-SXM4-40GB MIG 4g.20gb (0),1,,13,cupy_copy__complex64_complex64
12213717750,205822,240925,1,1,1,32,32,1,30,0.000,0.000,,,,,NVIDIA A100-SXM4-40GB MIG 4g.20gb (0),1,,13,"void convert_kernel<__half2, float2>(tensor_layout_any, T1 *, tensor_layout_any, const T2 *)"
12213954836,5792,240928,,,,,,,,,,0.094,16176.708,Pinned,Device,NVIDIA A100-SXM4-40GB MIG 4g.20gb (0),1,,13,[CUDA memcpy Host-to-Device]
12214825034,625913,240929,,,,,,,,,,456.561,729128.620,Device,,NVIDIA A100-SXM4-40GB MIG 4g.20gb (0),1,,13,[CUDA memset]
12215456963,58111,240934,,,,,,,,,,1.235,21250.916,Pinned,Device,NVIDIA A100-SXM4-40GB MIG 4g.20gb (0),1,,13,[CUDA memcpy Host-to-Device]
12215517826,9536,240935,,,,,,,,,,0.197,20617.298,Pinned,Device,NVIDIA A100-SXM4-40GB MIG 4g.20gb (0),1,,13,[CUDA memcpy Host-to-Device]
12216347545,18943,240936,69,4,1,48,1,1,76,0.002,0.000,,,,,NVIDIA A100-SXM4-40GB MIG 4g.20gb (0),1,,13,"void ch_est::windowedChEstPreNoDftSOfdmKernel<float, __half, float, (unsigned int)2, (unsigned int)1, (unsigned short)4>(ch_est::puschRxChEstStatDescr_t *, ch_est::puschRxChEstDynDescr_t *)"
12217274062,21184,240937,137,2,1,24,2,1,44,0.001,0.001,,,,,NVIDIA A100-SXM4-40GB MIG 4g.20gb (0),1,,13,"void ch_est::chEstFilterNoDftSOfdmDispatchKernel<float, __half, float, (unsigned int)2>(ch_est::puschRxChEstStatDescr_t *, ch_est::puschRxChEstDynDescr_t *)"
12218001414,16320,240938,137,2,1,24,2,1,44,0.001,0.001,,,,,NVIDIA A100-SXM4-40GB MIG 4g.20gb (0),1,,13,"void ch_est::chEstFilterNoDftSOfdmDispatchKernel<float, __half, float, (unsigned int)2>(ch_est::puschRxChEstStatDescr_t *, ch_est::puschRxChEstDynDescr_t *)"
12218624959,4032,240949,103,1,1,128,1,1,16,0.000,0.000,,,,,NVIDIA A100-SXM4-40GB MIG 4g.20gb (0),1,,13,cupy_copy__complex64_complex64
12219306647,20096,240959,1434,1,1,128,1,1,16,0.000,0.000,,,,,NVIDIA A100-SXM4-40GB MIG 4g.20gb (0),1,,13,cupy_copy__complex64_complex64
12219872913,8512,240966,103,1,1,128,1,1,16,0.000,0.000,,,,,NVIDIA A100-SXM4-40GB MIG 4g.20gb (0),1,,13,cupy_copy__complex64_complex64
12220408299,250493,240973,1,1,1,32,32,1,30,0.000,0.000,,,,,NVIDIA A100-SXM4-40GB MIG 4g.20gb (0),1,,13,"void convert_kernel<__half2, float2>(tensor_layout_any, T1 *, tensor_layout_any, const T2 *)"
12220689480,5984,240976,,,,,,,,,,0.094,15657.726,Pinned,Device,NVIDIA A100-SXM4-40GB MIG 4g.20gb (0),1,,13,[CUDA memcpy Host-to-Device]
12221296577,66111,240977,,,,,,,,,,35.810,541660.850,Device,,NVIDIA A100-SXM4-40GB MIG 4g.20gb (0),1,,13,[CUDA memset]
12221365792,2560,240979,,,,,,,,,,0.000,31.250,Pinned,Device,NVIDIA A100-SXM4-40GB MIG 4g.20gb (0),1,,13,[CUDA memcpy Host-to-Device]
12221371040,9792,240980,,,,,,,,,,0.197,20078.395,Pinned,Device,NVIDIA A100-SXM4-40GB MIG 4g.20gb (0),1,,13,[CUDA memcpy Host-to-Device]
12222253462,25632,240981,273,1,1,48,1,1,40,0.000,0.001,,,,,NVIDIA A100-SXM4-40GB MIG 4g.20gb (0),1,,13,"void pusch_noise_intf_est::noiseIntfEstNoDftSOfdmKernel<float, __half, float, float, (unsigned int)2, (unsigned int)1, (unsigned char)4, (unsigned char)4>(pusch_noise_intf_est::puschRxNoiseIntfEstDynDescr)"
12222969710,7360,240992,35,1,1,128,1,1,16,0.000,0.000,,,,,NVIDIA A100-SXM4-40GB MIG 4g.20gb (0),1,,13,cupy_copy__complex64_complex64
12223716581,3168,241001,1,1,1,1,1,1,18,0.000,0.000,,,,,NVIDIA A100-SXM4-40GB MIG 4g.20gb (0),1,,13,cupy_copy__float32_float32
12223727461,4928,241007,,,,,,,,,,0.000,0.812,Device,Pageable,NVIDIA A100-SXM4-40GB MIG 4g.20gb (0),1,,7,[CUDA memcpy Device-to-Host]
12224340094,21568,241018,1434,1,1,128,1,1,16,0.000,0.000,,,,,NVIDIA A100-SXM4-40GB MIG 4g.20gb (0),1,,13,cupy_copy__complex64_complex64
12225020503,6752,241025,103,1,1,128,1,1,16,0.000,0.000,,,,,NVIDIA A100-SXM4-40GB MIG 4g.20gb (0),1,,13,cupy_copy__complex64_complex64
12225545681,10912,241032,35,1,1,128,1,1,16,0.000,0.000,,,,,NVIDIA A100-SXM4-40GB MIG 4g.20gb (0),1,,13,cupy_copy__complex64_complex64
12226057035,5024,241039,1,1,1,1,1,1,18,0.000,0.000,,,,,NVIDIA A100-SXM4-40GB MIG 4g.20gb (0),1,,13,cupy_copy__float32_float32
12226756483,200478,241050,1,1,1,32,32,1,30,0.000,0.000,,,,,NVIDIA A100-SXM4-40GB MIG 4g.20gb (0),1,,13,"void convert_kernel<__half2, float2>(tensor_layout_any, T1 *, tensor_layout_any, const T2 *)"
12226988257,5471,241053,,,,,,,,,,0.094,17125.849,Pinned,Device,NVIDIA A100-SXM4-40GB MIG 4g.20gb (0),1,,13,[CUDA memcpy Host-to-Device]
12227569434,10240,241054,,,,,,,,,,1.547,151037.113,Device,,NVIDIA A100-SXM4-40GB MIG 4g.20gb (0),1,,13,[CUDA memset]
12227583962,3808,241059,,,,,,,,,,0.031,8218.486,Pinned,Device,NVIDIA A100-SXM4-40GB MIG 4g.20gb (0),1,,13,[CUDA memcpy Host-to-Device]
12227593082,10240,241060,,,,,,,,,,0.197,19199.951,Pinned,Device,NVIDIA A100-SXM4-40GB MIG 4g.20gb (0),1,,13,[CUDA memcpy Host-to-Device]
12228318706,21951,241061,273,1,1,8,4,1,39,0.002,0.000,,,,,NVIDIA A100-SXM4-40GB MIG 4g.20gb (0),1,,13,"void channel_eq::eqMmseCoefCompLowMimoKernel<float, float, float, (unsigned int)4, (unsigned int)1, (unsigned int)4>(const channel_eq::_puschRxChEqStatDescr *, channel_eq::_puschRxChEqCoefCompDynDescr)"
12229139912,23104,241062,273,1,1,12,11,1,51,0.002,0.000,,,,,NVIDIA A100-SXM4-40GB MIG 4g.20gb (0),1,,13,"void channel_eq::eqMmseSoftDemapKernel<float, __half, __half, float, (unsigned int)4, (unsigned short)16383>(channel_eq::_puschRxChEqStatDescr *, channel_eq::_puschRxChEqSoftDemapDynDescr)"
12229839840,536282,241063,1,1,1,32,32,1,30,0.000,0.000,,,,,NVIDIA A100-SXM4-40GB MIG 4g.20gb (0),1,,13,"void convert_kernel<float2, __half2>(tensor_layout_any, T1 *, tensor_layout_any, const T2 *)"
12231134034,19584,241075,2253,1,1,128,1,1,16,0.000,0.000,,,,,NVIDIA A100-SXM4-40GB MIG 4g.20gb (0),1,,13,cupy_copy__float16_float16
12231753195,7104,241084,282,1,1,128,1,1,16,0.000,0.000,,,,,NVIDIA A100-SXM4-40GB MIG 4g.20gb (0),1,,13,cupy_copy__complex64_complex64
12232380388,7840,241093,26,1,1,128,1,1,16,0.000,0.000,,,,,NVIDIA A100-SXM4-40GB MIG 4g.20gb (0),1,,13,cupy_copy__float32_float32
12233028124,6976,241102,103,1,1,128,1,1,16,0.000,0.000,,,,,NVIDIA A100-SXM4-40GB MIG 4g.20gb (0),1,,13,cupy_copy__complex64_complex64
12233910898,23328,241112,1434,1,1,128,1,1,16,0.000,0.000,,,,,NVIDIA A100-SXM4-40GB MIG 4g.20gb (0),1,,13,cupy_copy__complex64_complex64
12234566027,241053,241117,1,1,1,32,32,1,30,0.000,0.000,,,,,NVIDIA A100-SXM4-40GB MIG 4g.20gb (0),1,,13,"void convert_kernel<__half2, float2>(tensor_layout_any, T1 *, tensor_layout_any, const T2 *)"
12234839816,5600,241120,,,,,,,,,,0.094,16731.388,Pinned,Device,NVIDIA A100-SXM4-40GB MIG 4g.20gb (0),1,,13,[CUDA memcpy Host-to-Device]
12235795165,627481,241121,,,,,,,,,,456.561,727302.374,Device,,NVIDIA A100-SXM4-40GB MIG 4g.20gb (0),1,,13,[CUDA memset]
12236429302,54751,241126,,,,,,,,,,1.235,22555.017,Pinned,Device,NVIDIA A100-SXM4-40GB MIG 4g.20gb (0),1,,13,[CUDA memcpy Host-to-Device]
12236486549,9728,241127,,,,,,,,,,0.197,20210.516,Pinned,Device,NVIDIA A100-SXM4-40GB MIG 4g.20gb (0),1,,13,[CUDA memcpy Host-to-Device]
12237129742,21536,241128,69,4,1,48,1,1,76,0.002,0.000,,,,,NVIDIA A100-SXM4-40GB MIG 4g.20gb (0),1,,13,"void ch_est::windowedChEstPreNoDftSOfdmKernel<float, __half, float, (unsigned int)2, (unsigned int)1, (unsigned short)4>(ch_est::puschRxChEstStatDescr_t *, ch_est::puschRxChEstDynDescr_t *)"
12238126531,23168,241129,137,2,1,24,2,1,44,0.001,0.001,,,,,NVIDIA A100-SXM4-40GB MIG 4g.20gb (0),1,,13,"void ch_est::chEstFilterNoDftSOfdmDispatchKernel<float, __half, float, (unsigned int)2>(ch_est::puschRxChEstStatDescr_t *, ch_est::puschRxChEstDynDescr_t *)"
12239066616,21152,241130,137,2,1,24,2,1,44,0.001,0.001,,,,,NVIDIA A100-SXM4-40GB MIG 4g.20gb (0),1,,13,"void ch_est::chEstFilterNoDftSOfdmDispatchKernel<float, __half, float, (unsigned int)2>(ch_est::puschRxChEstStatDescr_t *, ch_est::puschRxChEstDynDescr_t *)"
12239789232,5568,241141,103,1,1,128,1,1,16,0.000,0.000,,,,,NVIDIA A100-SXM4-40GB MIG 4g.20gb (0),1,,13,cupy_copy__complex64_complex64
12240761285,23104,241151,1434,1,1,128,1,1,16,0.000,0.000,,,,,NVIDIA A100-SXM4-40GB MIG 4g.20gb (0),1,,13,cupy_copy__complex64_complex64
12241741146,5760,241158,103,1,1,128,1,1,16,0.000,0.000,,,,,NVIDIA A100-SXM4-40GB MIG 4g.20gb (0),1,,13,cupy_copy__complex64_complex64
12242622608,206462,241165,1,1,1,32,32,1,30,0.000,0.000,,,,,NVIDIA A100-SXM4-40GB MIG 4g.20gb (0),1,,13,"void convert_kernel<__half2, float2>(tensor_layout_any, T1 *, tensor_layout_any, const T2 *)"
12242860493,6944,241168,,,,,,,,,,0.094,13493.067,Pinned,Device,NVIDIA A100-SXM4-40GB MIG 4g.20gb (0),1,,13,[CUDA memcpy Host-to-Device]
12243572229,58976,241169,,,,,,,,,,35.810,607193.004,Device,,NVIDIA A100-SXM4-40GB MIG 4g.20gb (0),1,,13,[CUDA memset]
12243632965,1920,241171,,,,,,,,,,0.000,41.667,Pinned,Device,NVIDIA A100-SXM4-40GB MIG 4g.20gb (0),1,,13,[CUDA memcpy Host-to-Device]
12243640837,13631,241172,,,,,,,,,,0.197,14423.556,Pinned,Device,NVIDIA A100-SXM4-40GB MIG 4g.20gb (0),1,,13,[CUDA memcpy Host-to-Device]
12244509371,23392,241173,273,1,1,48,1,1,40,0.000,0.001,,,,,NVIDIA A100-SXM4-40GB MIG 4g.20gb (0),1,,13,"void pusch_noise_intf_est::noiseIntfEstNoDftSOfdmKernel<float, __half, float, float, (unsigned int)2, (unsigned int)1, (unsigned char)4, (unsigned char)4>(pusch_noise_intf_est::puschRxNoiseIntfEstDynDescr)"
12245395409,9856,241184,35,1,1,128,1,1,16,0.000,0.000,,,,,NVIDIA A100-SXM4-40GB MIG 4g.20gb (0),1,,13,cupy_copy__complex64_complex64
12246197416,3328,241193,1,1,1,1,1,1,18,0.000,0.000,,,,,NVIDIA A100-SXM4-40GB MIG 4g.20gb (0),1,,13,cupy_copy__float32_float32
12246208392,2048,241199,,,,,,,,,,0.000,1.953,Device,Pageable,NVIDIA A100-SXM4-40GB MIG 4g.20gb (0),1,,7,[CUDA memcpy Device-to-Host]
12247072958,20608,241210,1434,1,1,128,1,1,16,0.000,0.000,,,,,NVIDIA A100-SXM4-40GB MIG 4g.20gb (0),1,,13,cupy_copy__complex64_complex64
12247888533,6752,241217,103,1,1,128,1,1,16,0.000,0.000,,,,,NVIDIA A100-SXM4-40GB MIG 4g.20gb (0),1,,13,cupy_copy__complex64_complex64
12248706379,6112,241224,35,1,1,128,1,1,16,0.000,0.000,,,,,NVIDIA A100-SXM4-40GB MIG 4g.20gb (0),1,,13,cupy_copy__complex64_complex64
12249344644,4256,241231,1,1,1,1,1,1,18,0.000,0.000,,,,,NVIDIA A100-SXM4-40GB MIG 4g.20gb (0),1,,13,cupy_copy__float32_float32
12249893566,251549,241242,1,1,1,32,32,1,30,0.000,0.000,,,,,NVIDIA A100-SXM4-40GB MIG 4g.20gb (0),1,,13,"void convert_kernel<__half2, float2>(tensor_layout_any, T1 *, tensor_layout_any, const T2 *)"
12250180507,5472,241245,,,,,,,,,,0.094,17122.757,Pinned,Device,NVIDIA A100-SXM4-40GB MIG 4g.20gb (0),1,,13,[CUDA memcpy Host-to-Device]
12250908275,7327,241246,,,,,,,,,,1.547,211084.790,Device,,NVIDIA A100-SXM4-40GB MIG 4g.20gb (0),1,,13,[CUDA memset]
12250919826,5472,241251,,,,,,,,,,0.031,5719.281,Pinned,Device,NVIDIA A100-SXM4-40GB MIG 4g.20gb (0),1,,13,[CUDA memcpy Host-to-Device]
12250929458,13024,241252,,,,,,,,,,0.197,15095.759,Pinned,Device,NVIDIA A100-SXM4-40GB MIG 4g.20gb (0),1,,13,[CUDA memcpy Host-to-Device]
12251302446,21984,241253,273,1,1,8,4,1,39,0.002,0.000,,,,,NVIDIA A100-SXM4-40GB MIG 4g.20gb (0),1,,13,"void channel_eq::eqMmseCoefCompLowMimoKernel<float, float, float, (unsigned int)4, (unsigned int)1, (unsigned int)4>(const channel_eq::_puschRxChEqStatDescr *, channel_eq::_puschRxChEqCoefCompDynDescr)"
12252132389,18080,241254,273,1,1,12,11,1,51,0.002,0.000,,,,,NVIDIA A100-SXM4-40GB MIG 4g.20gb (0),1,,13,"void channel_eq::eqMmseSoftDemapKernel<float, __half, __half, float, (unsigned int)4, (unsigned short)16383>(channel_eq::_puschRxChEqStatDescr *, channel_eq::_puschRxChEqSoftDemapDynDescr)"
12253173977,719352,241255,1,1,1,32,32,1,30,0.000,0.000,,,,,NVIDIA A100-SXM4-40GB MIG 4g.20gb (0),1,,13,"void convert_kernel<float2, __half2>(tensor_layout_any, T1 *, tensor_layout_any, const T2 *)"
12254841606,18496,241267,2253,1,1,128,1,1,16,0.000,0.000,,,,,NVIDIA A100-SXM4-40GB MIG 4g.20gb (0),1,,13,cupy_copy__float16_float16
12255800603,9856,241276,282,1,1,128,1,1,16,0.000,0.000,,,,,NVIDIA A100-SXM4-40GB MIG 4g.20gb (0),1,,13,cupy_copy__complex64_complex64
12256360309,5856,241285,26,1,1,128,1,1,16,0.000,0.000,,,,,NVIDIA A100-SXM4-40GB MIG 4g.20gb (0),1,,13,cupy_copy__float32_float32
12257183852,11936,241294,103,1,1,128,1,1,16,0.000,0.000,,,,,NVIDIA A100-SXM4-40GB MIG 4g.20gb (0),1,,13,cupy_copy__complex64_complex64
12258326495,17440,241304,1434,1,1,128,1,1,16,0.000,0.000,,,,,NVIDIA A100-SXM4-40GB MIG 4g.20gb (0),1,,13,cupy_copy__complex64_complex64
12259117334,207646,241309,1,1,1,32,32,1,30,0.000,0.000,,,,,NVIDIA A100-SXM4-40GB MIG 4g.20gb (0),1,,13,"void convert_kernel<__half2, float2>(tensor_layout_any, T1 *, tensor_layout_any, const T2 *)"
12259356819,8384,241312,,,,,,,,,,0.094,11175.497,Pinned,Device,NVIDIA A100-SXM4-40GB MIG 4g.20gb (0),1,,13,[CUDA memcpy Host-to-Device]
12260173770,613593,241313,,,,,,,,,,456.561,743738.586,Device,,NVIDIA A100-SXM4-40GB MIG 4g.20gb (0),1,,13,[CUDA memset]
12260795107,61375,241318,,,,,,,,,,1.235,20120.943,Pinned,Device,NVIDIA A100-SXM4-40GB MIG 4g.20gb (0),1,,13,[CUDA memcpy Host-to-Device]
12260858946,13472,241319,,,,,,,,,,0.197,14593.819,Pinned,Device,NVIDIA A100-SXM4-40GB MIG 4g.20gb (0),1,,13,[CUDA memcpy Host-to-Device]
12261838935,14112,241320,69,4,1,48,1,1,76,0.002,0.000,,,,,NVIDIA A100-SXM4-40GB MIG 4g.20gb (0),1,,13,"void ch_est::windowedChEstPreNoDftSOfdmKernel<float, __half, float, (unsigned int)2, (unsigned int)1, (unsigned short)4>(ch_est::puschRxChEstStatDescr_t *, ch_est::puschRxChEstDynDescr_t *)"
12262724525,11680,241321,137,2,1,24,2,1,44,0.001,0.001,,,,,NVIDIA A100-SXM4-40GB MIG 4g.20gb (0),1,,13,"void ch_est::chEstFilterNoDftSOfdmDispatchKernel<float, __half, float, (unsigned int)2>(ch_est::puschRxChEstStatDescr_t *, ch_est::puschRxChEstDynDescr_t *)"
12263520004,26304,241322,137,2,1,24,2,1,44,0.001,0.001,,,,,NVIDIA A100-SXM4-40GB MIG 4g.20gb (0),1,,13,"void ch_est::chEstFilterNoDftSOfdmDispatchKernel<float, __half, float, (unsigned int)2>(ch_est::puschRxChEstStatDescr_t *, ch_est::puschRxChEstDynDescr_t *)"
12264176317,9216,241333,103,1,1,128,1,1,16,0.000,0.000,,,,,NVIDIA A100-SXM4-40GB MIG 4g.20gb (0),1,,13,cupy_copy__complex64_complex64
12264822934,17887,241343,1434,1,1,128,1,1,16,0.000,0.000,,,,,NVIDIA A100-SXM4-40GB MIG 4g.20gb (0),1,,13,cupy_copy__complex64_complex64
12265396783,4096,241350,103,1,1,128,1,1,16,0.000,0.000,,,,,NVIDIA A100-SXM4-40GB MIG 4g.20gb (0),1,,13,cupy_copy__complex64_complex64
12266192358,222206,241357,1,1,1,32,32,1,30,0.000,0.000,,,,,NVIDIA A100-SXM4-40GB MIG 4g.20gb (0),1,,13,"void convert_kernel<__half2, float2>(tensor_layout_any, T1 *, tensor_layout_any, const T2 *)"
12266445315,6720,241360,,,,,,,,,,0.094,13942.808,Pinned,Device,NVIDIA A100-SXM4-40GB MIG 4g.20gb (0),1,,13,[CUDA memcpy Host-to-Device]
12267156219,52192,241361,,,,,,,,,,35.810,686118.067,Device,,NVIDIA A100-SXM4-40GB MIG 4g.20gb (0),1,,13,[CUDA memset]
12267210587,2784,241363,,,,,,,,,,0.000,28.736,Pinned,Device,NVIDIA A100-SXM4-40GB MIG 4g.20gb (0),1,,13,[CUDA memcpy Host-to-Device]
12267215931,10175,241364,,,,,,,,,,0.197,19322.634,Pinned,Device,NVIDIA A100-SXM4-40GB MIG 4g.20gb (0),1,,13,[CUDA memcpy Host-to-Device]
12267821332,34015,241365,273,1,1,48,1,1,40,0.000,0.001,,,,,NVIDIA A100-SXM4-40GB MIG 4g.20gb (0),1,,13,"void pusch_noise_intf_est::noiseIntfEstNoDftSOfdmKernel<float, __half, float, float, (unsigned int)2, (unsigned int)1, (unsigned char)4, (unsigned char)4>(pusch_noise_intf_est::puschRxNoiseIntfEstDynDescr)"
12268379181,12672,241376,35,1,1,128,1,1,16,0.000,0.000,,,,,NVIDIA A100-SXM4-40GB MIG 4g.20gb (0),1,,13,cupy_copy__complex64_complex64
12268900040,3583,241385,1,1,1,1,1,1,18,0.000,0.000,,,,,NVIDIA A100-SXM4-40GB MIG 4g.20gb (0),1,,13,cupy_copy__float32_float32
12268905959,1984,241391,,,,,,,,,,0.000,2.016,Device,Pageable,NVIDIA A100-SXM4-40GB MIG 4g.20gb (0),1,,7,[CUDA memcpy Device-to-Host]
12269545376,17216,241402,1434,1,1,128,1,1,16,0.000,0.000,,,,,NVIDIA A100-SXM4-40GB MIG 4g.20gb (0),1,,13,cupy_copy__complex64_complex64
12270107738,9120,241409,103,1,1,128,1,1,16,0.000,0.000,,,,,NVIDIA A100-SXM4-40GB MIG 4g.20gb (0),1,,13,cupy_copy__complex64_complex64
12270856241,9312,241416,35,1,1,128,1,1,16,0.000,0.000,,,,,NVIDIA A100-SXM4-40GB MIG 4g.20gb (0),1,,13,cupy_copy__complex64_complex64
12271518794,9472,241423,1,1,1,1,1,1,18,0.000,0.000,,,,,NVIDIA A100-SXM4-40GB MIG 4g.20gb (0),1,,13,cupy_copy__float32_float32
12272278881,275101,241434,1,1,1,32,32,1,30,0.000,0.000,,,,,NVIDIA A100-SXM4-40GB MIG 4g.20gb (0),1,,13,"void convert_kernel<__half2, float2>(tensor_layout_any, T1 *, tensor_layout_any, const T2 *)"
12272588542,6656,241437,,,,,,,,,,0.094,14076.887,Pinned,Device,NVIDIA A100-SXM4-40GB MIG 4g.20gb (0),1,,13,[CUDA memcpy Host-to-Device]
12273294230,7296,241438,,,,,,,,,,1.547,211981.832,Device,,NVIDIA A100-SXM4-40GB MIG 4g.20gb (0),1,,13,[CUDA memset]
12273309270,5600,241443,,,,,,,,,,0.031,5588.558,Pinned,Device,NVIDIA A100-SXM4-40GB MIG 4g.20gb (0),1,,13,[CUDA memcpy Host-to-Device]
12273317590,11648,241444,,,,,,,,,,0.197,16878.993,Pinned,Device,NVIDIA A100-SXM4-40GB MIG 4g.20gb (0),1,,13,[CUDA memcpy Host-to-Device]
12273854704,17759,241445,273,1,1,8,4,1,39,0.002,0.000,,,,,NVIDIA A100-SXM4-40GB MIG 4g.20gb (0),1,,13,"void channel_eq::eqMmseCoefCompLowMimoKernel<float, float, float, (unsigned int)4, (unsigned int)1, (unsigned int)4>(const channel_eq::_puschRxChEqStatDescr *, channel_eq::_puschRxChEqCoefCompDynDescr)"
12274725606,12448,241446,273,1,1,12,11,1,51,0.002,0.000,,,,,NVIDIA A100-SXM4-40GB MIG 4g.20gb (0),1,,13,"void channel_eq::eqMmseSoftDemapKernel<float, __half, __half, float, (unsigned int)4, (unsigned short)16383>(channel_eq::_puschRxChEqStatDescr *, channel_eq::_puschRxChEqSoftDemapDynDescr)"
12275517021,729528,241447,1,1,1,32,32,1,30,0.000,0.000,,,,,NVIDIA A100-SXM4-40GB MIG 4g.20gb (0),1,,13,"void convert_kernel<float2, __half2>(tensor_layout_any, T1 *, tensor_layout_any, const T2 *)"
12276946285,25023,241459,2253,1,1,128,1,1,16,0.000,0.000,,,,,NVIDIA A100-SXM4-40GB MIG 4g.20gb (0),1,,13,cupy_copy__float16_float16
12277711588,13920,241468,282,1,1,128,1,1,16,0.000,0.000,,,,,NVIDIA A100-SXM4-40GB MIG 4g.20gb (0),1,,13,cupy_copy__complex64_complex64
12278435324,3648,241477,26,1,1,128,1,1,16,0.000,0.000,,,,,NVIDIA A100-SXM4-40GB MIG 4g.20gb (0),1,,13,cupy_copy__float32_float32
12279136244,14880,241486,103,1,1,128,1,1,16,0.000,0.000,,,,,NVIDIA A100-SXM4-40GB MIG 4g.20gb (0),1,,13,cupy_copy__complex64_complex64
12279698734,17887,241496,1434,1,1,128,1,1,16,0.000,0.000,,,,,NVIDIA A100-SXM4-40GB MIG 4g.20gb (0),1,,13,cupy_copy__complex64_complex64
12280147401,241725,241501,1,1,1,32,32,1,30,0.000,0.000,,,,,NVIDIA A100-SXM4-40GB MIG 4g.20gb (0),1,,13,"void convert_kernel<__half2, float2>(tensor_layout_any, T1 *, tensor_layout_any, const T2 *)"
12280421573,5536,241504,,,,,,,,,,0.094,16924.777,Pinned,Device,NVIDIA A100-SXM4-40GB MIG 4g.20gb (0),1,,13,[CUDA memcpy Host-to-Device]
12281031999,622105,241505,,,,,,,,,,456.561,733694.234,Device,,NVIDIA A100-SXM4-40GB MIG 4g.20gb (0),1,,13,[CUDA memset]
12281660471,56576,241510,,,,,,,,,,1.235,21827.635,Pinned,Device,NVIDIA A100-SXM4-40GB MIG 4g.20gb (0),1,,13,[CUDA memcpy Host-to-Device]
12281719543,9536,241511,,,,,,,,,,0.197,20617.298,Pinned,Device,NVIDIA A100-SXM4-40GB MIG 4g.20gb (0),1,,13,[CUDA memcpy Host-to-Device]
12282294928,21728,241512,69,4,1,48,1,1,76,0.002,0.000,,,,,NVIDIA A100-SXM4-40GB MIG 4g.20gb (0),1,,13,"void ch_est::windowedChEstPreNoDftSOfdmKernel<float, __half, float, (unsigned int)2, (unsigned int)1, (unsigned short)4>(ch_est::puschRxChEstStatDescr_t *, ch_est::puschRxChEstDynDescr_t *)"
12282681708,21568,241513,137,2,1,24,2,1,44,0.001,0.001,,,,,NVIDIA A100-SXM4-40GB MIG 4g.20gb (0),1,,13,"void ch_est::chEstFilterNoDftSOfdmDispatchKernel<float, __half, float, (unsigned int)2>(ch_est::puschRxChEstStatDescr_t *, ch_est::puschRxChEstDynDescr_t *)"
12283251302,27199,241514,137,2,1,24,2,1,44,0.001,0.001,,,,,NVIDIA A100-SXM4-40GB MIG 4g.20gb (0),1,,13,"void ch_est::chEstFilterNoDftSOfdmDispatchKernel<float, __half, float, (unsigned int)2>(ch_est::puschRxChEstStatDescr_t *, ch_est::puschRxChEstDynDescr_t *)"
12283827007,6144,241525,103,1,1,128,1,1,16,0.000,0.000,,,,,NVIDIA A100-SXM4-40GB MIG 4g.20gb (0),1,,13,cupy_copy__complex64_complex64
12284254266,15552,241535,1434,1,1,128,1,1,16,0.000,0.000,,,,,NVIDIA A100-SXM4-40GB MIG 4g.20gb (0),1,,13,cupy_copy__complex64_complex64
12284650934,9504,241542,103,1,1,128,1,1,16,0.000,0.000,,,,,NVIDIA A100-SXM4-40GB MIG 4g.20gb (0),1,,13,cupy_copy__complex64_complex64
12285278671,239069,241549,1,1,1,32,32,1,30,0.000,0.000,,,,,NVIDIA A100-SXM4-40GB MIG 4g.20gb (0),1,,13,"void convert_kernel<__half2, float2>(tensor_layout_any, T1 *, tensor_layout_any, const T2 *)"
12285547852,6400,241552,,,,,,,,,,0.094,14640.000,Pinned,Device,NVIDIA A100-SXM4-40GB MIG 4g.20gb (0),1,,13,[CUDA memcpy Host-to-Device]
12286157957,53087,241553,,,,,,,,,,35.810,674551.463,Device,,NVIDIA A100-SXM4-40GB MIG 4g.20gb (0),1,,13,[CUDA memset]
12286215652,2048,241555,,,,,,,,,,0.000,39.062,Pinned,Device,NVIDIA A100-SXM4-40GB MIG 4g.20gb (0),1,,13,[CUDA memcpy Host-to-Device]
12286224004,9632,241556,,,,,,,,,,0.197,20411.843,Pinned,Device,NVIDIA A100-SXM4-40GB MIG 4g.20gb (0),1,,13,[CUDA memcpy Host-to-Device]
12286832061,22208,241557,273,1,1,48,1,1,40,0.000,0.001,,,,,NVIDIA A100-SXM4-40GB MIG 4g.20gb (0),1,,13,"void pusch_noise_intf_est::noiseIntfEstNoDftSOfdmKernel<float, __half, float, float, (unsigned int)2, (unsigned int)1, (unsigned char)4, (unsigned char)4>(pusch_noise_intf_est::puschRxNoiseIntfEstDynDescr)"
12287589589,10751,241568,35,1,1,128,1,1,16,0.000,0.000,,,,,NVIDIA A100-SXM4-40GB MIG 4g.20gb (0),1,,13,cupy_copy__complex64_complex64
12288210862,3232,241577,1,1,1,1,1,1,18,0.000,0.000,,,,,NVIDIA A100-SXM4-40GB MIG 4g.20gb (0),1,,13,cupy_copy__float32_float32
12288217517,5632,241583,,,,,,,,,,0.000,0.710,Device,Pageable,NVIDIA A100-SXM4-40GB MIG 4g.20gb (0),1,,7,[CUDA memcpy Device-to-Host]
12289025732,19168,241594,1434,1,1,128,1,1,16,0.000,0.000,,,,,NVIDIA A100-SXM4-40GB MIG 4g.20gb (0),1,,13,cupy_copy__complex64_complex64
12289618974,7488,241601,103,1,1,128,1,1,16,0.000,0.000,,,,,NVIDIA A100-SXM4-40GB MIG 4g.20gb (0),1,,13,cupy_copy__complex64_complex64
12290228087,6976,241608,35,1,1,128,1,1,16,0.000,0.000,,,,,NVIDIA A100-SXM4-40GB MIG 4g.20gb (0),1,,13,cupy_copy__complex64_complex64
12290833712,4352,241615,1,1,1,1,1,1,18,0.000,0.000,,,,,NVIDIA A100-SXM4-40GB MIG 4g.20gb (0),1,,13,cupy_copy__float32_float32
12291613735,247229,241626,1,1,1,32,32,1,30,0.000,0.000,,,,,NVIDIA A100-SXM4-40GB MIG 4g.20gb (0),1,,13,"void convert_kernel<__half2, float2>(tensor_layout_any, T1 *, tensor_layout_any, const T2 *)"
12292671867,5632,241629,,,,,,,,,,0.094,16636.287,Pinned,Device,NVIDIA A100-SXM4-40GB MIG 4g.20gb (0),1,,13,[CUDA memcpy Host-to-Device]
12293336628,8992,241630,,,,,,,,,,1.547,171998.508,Device,,NVIDIA A100-SXM4-40GB MIG 4g.20gb (0),1,,13,[CUDA memset]
12293352820,3231,241635,,,,,,,,,,0.031,9686.143,Pinned,Device,NVIDIA A100-SXM4-40GB MIG 4g.20gb (0),1,,13,[CUDA memcpy Host-to-Device]
12293358579,10304,241636,,,,,,,,,,0.197,19080.610,Pinned,Device,NVIDIA A100-SXM4-40GB MIG 4g.20gb (0),1,,13,[CUDA memcpy Host-to-Device]
12294168458,19200,241637,273,1,1,8,4,1,39,0.002,0.000,,,,,NVIDIA A100-SXM4-40GB MIG 4g.20gb (0),1,,13,"void channel_eq::eqMmseCoefCompLowMimoKernel<float, float, float, (unsigned int)4, (unsigned int)1, (unsigned int)4>(const channel_eq::_puschRxChEqStatDescr *, channel_eq::_puschRxChEqCoefCompDynDescr)"
12295042208,22368,241638,273,1,1,12,11,1,51,0.002,0.000,,,,,NVIDIA A100-SXM4-40GB MIG 4g.20gb (0),1,,13,"void channel_eq::eqMmseSoftDemapKernel<float, __half, __half, float, (unsigned int)4, (unsigned short)16383>(channel_eq::_puschRxChEqStatDescr *, channel_eq::_puschRxChEqSoftDemapDynDescr)"
12295825912,545401,241639,1,1,1,32,32,1,30,0.000,0.000,,,,,NVIDIA A100-SXM4-40GB MIG 4g.20gb (0),1,,13,"void convert_kernel<float2, __half2>(tensor_layout_any, T1 *, tensor_layout_any, const T2 *)"
12296942251,19168,241651,2253,1,1,128,1,1,16,0.000,0.000,,,,,NVIDIA A100-SXM4-40GB MIG 4g.20gb (0),1,,13,cupy_copy__float16_float16
12297513989,12511,241660,282,1,1,128,1,1,16,0.000,0.000,,,,,NVIDIA A100-SXM4-40GB MIG 4g.20gb (0),1,,13,cupy_copy__complex64_complex64
12298143805,4704,241669,26,1,1,128,1,1,16,0.000,0.000,,,,,NVIDIA A100-SXM4-40GB MIG 4g.20gb (0),1,,13,cupy_copy__float32_float32
12298745623,6816,241678,103,1,1,128,1,1,16,0.000,0.000,,,,,NVIDIA A100-SXM4-40GB MIG 4g.20gb (0),1,,13,cupy_copy__complex64_complex64
12299532302,15904,241688,1434,1,1,128,1,1,16,0.000,0.000,,,,,NVIDIA A100-SXM4-40GB MIG 4g.20gb (0),1,,13,cupy_copy__complex64_complex64
12300180486,243582,241693,1,1,1,32,32,1,30,0.000,0.000,,,,,NVIDIA A100-SXM4-40GB MIG 4g.20gb (0),1,,13,"void convert_kernel<__half2, float2>(tensor_layout_any, T1 *, tensor_layout_any, const T2 *)"
12300455779,5856,241696,,,,,,,,,,0.094,15999.997,Pinned,Device,NVIDIA A100-SXM4-40GB MIG 4g.20gb (0),1,,13,[CUDA memcpy Host-to-Device]
12301021341,623225,241697,,,,,,,,,,456.561,732324.550,Device,,NVIDIA A100-SXM4-40GB MIG 4g.20gb (0),1,,13,[CUDA memset]
12301648246,55327,241702,,,,,,,,,,1.235,22320.378,Pinned,Device,NVIDIA A100-SXM4-40GB MIG 4g.20gb (0),1,,13,[CUDA memcpy Host-to-Device]
12301706069,9888,241703,,,,,,,,,,0.197,19883.360,Pinned,Device,NVIDIA A100-SXM4-40GB MIG 4g.20gb (0),1,,13,[CUDA memcpy Host-to-Device]
12302341966,17920,241704,69,4,1,48,1,1,76,0.002,0.000,,,,,NVIDIA A100-SXM4-40GB MIG 4g.20gb (0),1,,13,"void ch_est::windowedChEstPreNoDftSOfdmKernel<float, __half, float, (unsigned int)2, (unsigned int)1, (unsigned short)4>(ch_est::puschRxChEstStatDescr_t *, ch_est::puschRxChEstDynDescr_t *)"
12302997031,22559,241705,137,2,1,24,2,1,44,0.001,0.001,,,,,NVIDIA A100-SXM4-40GB MIG 4g.20gb (0),1,,13,"void ch_est::chEstFilterNoDftSOfdmDispatchKernel<float, __half, float, (unsigned int)2>(ch_est::puschRxChEstStatDescr_t *, ch_est::puschRxChEstDynDescr_t *)"
12303705023,13024,241706,137,2,1,24,2,1,44,0.001,0.001,,,,,NVIDIA A100-SXM4-40GB MIG 4g.20gb (0),1,,13,"void ch_est::chEstFilterNoDftSOfdmDispatchKernel<float, __half, float, (unsigned int)2>(ch_est::puschRxChEstStatDescr_t *, ch_est::puschRxChEstDynDescr_t *)"
12304422327,9151,241717,103,1,1,128,1,1,16,0.000,0.000,,,,,NVIDIA A100-SXM4-40GB MIG 4g.20gb (0),1,,13,cupy_copy__complex64_complex64
12304968336,26880,241727,1434,1,1,128,1,1,16,0.000,0.000,,,,,NVIDIA A100-SXM4-40GB MIG 4g.20gb (0),1,,13,cupy_copy__complex64_complex64
12305704296,4768,241734,103,1,1,128,1,1,16,0.000,0.000,,,,,NVIDIA A100-SXM4-40GB MIG 4g.20gb (0),1,,13,cupy_copy__complex64_complex64
12306430816,246685,241741,1,1,1,32,32,1,30,0.000,0.000,,,,,NVIDIA A100-SXM4-40GB MIG 4g.20gb (0),1,,13,"void convert_kernel<__half2, float2>(tensor_layout_any, T1 *, tensor_layout_any, const T2 *)"
12306708477,7808,241744,,,,,,,,,,0.094,11999.928,Pinned,Device,NVIDIA A100-SXM4-40GB MIG 4g.20gb (0),1,,13,[CUDA memcpy Host-to-Device]
12307266230,44320,241745,,,,,,,,,,35.810,807979.225,Device,,NVIDIA A100-SXM4-40GB MIG 4g.20gb (0),1,,13,[CUDA memset]
12307312598,7552,241747,,,,,,,,,,0.000,10.593,Pinned,Device,NVIDIA A100-SXM4-40GB MIG 4g.20gb (0),1,,13,[CUDA memcpy Host-to-Device]
12307325750,9568,241748,,,,,,,,,,0.197,20548.485,Pinned,Device,NVIDIA A100-SXM4-40GB MIG 4g.20gb (0),1,,13,[CUDA memcpy Host-to-Device]
12308100909,17152,241749,273,1,1,48,1,1,40,0.000,0.001,,,,,NVIDIA A100-SXM4-40GB MIG 4g.20gb (0),1,,13,"void pusch_noise_intf_est::noiseIntfEstNoDftSOfdmKernel<float, __half, float, float, (unsigned int)2, (unsigned int)1, (unsigned char)4, (unsigned char)4>(pusch_noise_intf_est::puschRxNoiseIntfEstDynDescr)"
12308889540,6208,241760,35,1,1,128,1,1,16,0.000,0.000,,,,,NVIDIA A100-SXM4-40GB MIG 4g.20gb (0),1,,13,cupy_copy__complex64_complex64
12309642300,5984,241769,1,1,1,1,1,1,18,0.000,0.000,,,,,NVIDIA A100-SXM4-40GB MIG 4g.20gb (0),1,,13,cupy_copy__float32_float32
12309651196,5024,241775,,,,,,,,,,0.000,0.796,Device,Pageable,NVIDIA A100-SXM4-40GB MIG 4g.20gb (0),1,,7,[CUDA memcpy Device-to-Host]
12310384691,22880,241786,1434,1,1,128,1,1,16,0.000,0.000,,,,,NVIDIA A100-SXM4-40GB MIG 4g.20gb (0),1,,13,cupy_copy__complex64_complex64
12311140715,9248,241793,103,1,1,128,1,1,16,0.000,0.000,,,,,NVIDIA A100-SXM4-40GB MIG 4g.20gb (0),1,,13,cupy_copy__complex64_complex64
12311797891,10848,241800,35,1,1,128,1,1,16,0.000,0.000,,,,,NVIDIA A100-SXM4-40GB MIG 4g.20gb (0),1,,13,cupy_copy__complex64_complex64
12312347837,4576,241807,1,1,1,1,1,1,18,0.000,0.000,,,,,NVIDIA A100-SXM4-40GB MIG 4g.20gb (0),1,,13,cupy_copy__float32_float32
12313010518,213789,241818,1,1,1,32,32,1,30,0.000,0.000,,,,,NVIDIA A100-SXM4-40GB MIG 4g.20gb (0),1,,13,"void convert_kernel<__half2, float2>(tensor_layout_any, T1 *, tensor_layout_any, const T2 *)"
12313259667,8320,241821,,,,,,,,,,0.094,11261.510,Pinned,Device,NVIDIA A100-SXM4-40GB MIG 4g.20gb (0),1,,13,[CUDA memcpy Host-to-Device]
12313888204,9440,241822,,,,,,,,,,1.547,163836.974,Device,,NVIDIA A100-SXM4-40GB MIG 4g.20gb (0),1,,13,[CUDA memset]
12313900172,3296,241827,,,,,,,,,,0.031,9495.144,Pinned,Device,NVIDIA A100-SXM4-40GB MIG 4g.20gb (0),1,,13,[CUDA memcpy Host-to-Device]
12313909100,9951,241828,,,,,,,,,,0.197,19757.531,Pinned,Device,NVIDIA A100-SXM4-40GB MIG 4g.20gb (0),1,,13,[CUDA memcpy Host-to-Device]
12314682819,22976,241829,273,1,1,8,4,1,39,0.002,0.000,,,,,NVIDIA A100-SXM4-40GB MIG 4g.20gb (0),1,,13,"void channel_eq::eqMmseCoefCompLowMimoKernel<float, float, float, (unsigned int)4, (unsigned int)1, (unsigned int)4>(const channel_eq::_puschRxChEqStatDescr *, channel_eq::_puschRxChEqCoefCompDynDescr)"
12315333595,17568,241830,273,1,1,12,11,1,51,0.002,0.000,,,,,NVIDIA A100-SXM4-40GB MIG 4g.20gb (0),1,,13,"void channel_eq::eqMmseSoftDemapKernel<float, __half, __half, float, (unsigned int)4, (unsigned short)16383>(channel_eq::_puschRxChEqStatDescr *, channel_eq::_puschRxChEqSoftDemapDynDescr)"
12315933109,715800,241831,1,1,1,32,32,1,30,0.000,0.000,,,,,NVIDIA A100-SXM4-40GB MIG 4g.20gb (0),1,,13,"void convert_kernel<float2, __half2>(tensor_layout_any, T1 *, tensor_layout_any, const T2 *)"
12317269702,19263,241843,2253,1,1,128,1,1,16,0.000,0.000,,,,,NVIDIA A100-SXM4-40GB MIG 4g.20gb (0),1,,13,cupy_copy__float16_float16
12317740224,10176,241852,282,1,1,128,1,1,16,0.000,0.000,,,,,NVIDIA A100-SXM4-40GB MIG 4g.20gb (0),1,,13,cupy_copy__complex64_complex64
12318179067,4512,241861,26,1,1,128,1,1,16,0.000,0.000,,,,,NVIDIA A100-SXM4-40GB MIG 4g.20gb (0),1,,13,cupy_copy__float32_float32
12318793364,11104,241870,103,1,1,128,1,1,16,0.000,0.000,,,,,NVIDIA A100-SXM4-40GB MIG 4g.20gb (0),1,,13,cupy_copy__complex64_complex64
12319400366,19679,241880,1434,1,1,128,1,1,16,0.000,0.000,,,,,NVIDIA A100-SXM4-40GB MIG 4g.20gb (0),1,,13,cupy_copy__complex64_complex64
12319998759,263645,241885,1,1,1,32,32,1,30,0.000,0.000,,,,,NVIDIA A100-SXM4-40GB MIG 4g.20gb (0),1,,13,"void convert_kernel<__half2, float2>(tensor_layout_any, T1 *, tensor_layout_any, const T2 *)"
12320294051,5664,241888,,,,,,,,,,0.094,16542.310,Pinned,Device,NVIDIA A100-SXM4-40GB MIG 4g.20gb (0),1,,13,[CUDA memcpy Host-to-Device]
12320903549,603161,241889,,,,,,,,,,456.561,756522.306,Device,,NVIDIA A100-SXM4-40GB MIG 4g.20gb (0),1,,13,[CUDA memset]
12321513526,68095,241894,,,,,,,,,,1.235,18135.153,Pinned,Device,NVIDIA A100-SXM4-40GB MIG 4g.20gb (0),1,,13,[CUDA memcpy Host-to-Device]
12321584181,16384,241895,,,,,,,,,,0.197,11999.969,Pinned,Device,NVIDIA A100-SXM4-40GB MIG 4g.20gb (0),1,,13,[CUDA memcpy Host-to-Device]
12322265165,16032,241896,69,4,1,48,1,1,76,0.002,0.000,,,,,NVIDIA A100-SXM4-40GB MIG 4g.20gb (0),1,,13,"void ch_est::windowedChEstPreNoDftSOfdmKernel<float, __half, float, (unsigned int)2, (unsigned int)1, (unsigned short)4>(ch_est::puschRxChEstStatDescr_t *, ch_est::puschRxChEstDynDescr_t *)"
12322978021,18144,241897,137,2,1,24,2,1,44,0.001,0.001,,,,,NVIDIA A100-SXM4-40GB MIG 4g.20gb (0),1,,13,"void ch_est::chEstFilterNoDftSOfdmDispatchKernel<float, __half, float, (unsigned int)2>(ch_est::puschRxChEstStatDescr_t *, ch_est::puschRxChEstDynDescr_t *)"
12323543167,18144,241898,137,2,1,24,2,1,44,0.001,0.001,,,,,NVIDIA A100-SXM4-40GB MIG 4g.20gb (0),1,,13,"void ch_est::chEstFilterNoDftSOfdmDispatchKernel<float, __half, float, (unsigned int)2>(ch_est::puschRxChEstStatDescr_t *, ch_est::puschRxChEstDynDescr_t *)"
12324143704,9120,241909,103,1,1,128,1,1,16,0.000,0.000,,,,,NVIDIA A100-SXM4-40GB MIG 4g.20gb (0),1,,13,cupy_copy__complex64_complex64
12324523764,18975,241919,1434,1,1,128,1,1,16,0.000,0.000,,,,,NVIDIA A100-SXM4-40GB MIG 4g.20gb (0),1,,13,cupy_copy__complex64_complex64
12325020398,4000,241926,103,1,1,128,1,1,16,0.000,0.000,,,,,NVIDIA A100-SXM4-40GB MIG 4g.20gb (0),1,,13,cupy_copy__complex64_complex64
12325663111,216669,241933,1,1,1,32,32,1,30,0.000,0.000,,,,,NVIDIA A100-SXM4-40GB MIG 4g.20gb (0),1,,13,"void convert_kernel<__half2, float2>(tensor_layout_any, T1 *, tensor_layout_any, const T2 *)"
12325910628,6144,241936,,,,,,,,,,0.094,15249.961,Pinned,Device,NVIDIA A100-SXM4-40GB MIG 4g.20gb (0),1,,13,[CUDA memcpy Host-to-Device]
12326489214,53983,241937,,,,,,,,,,35.810,663342.958,Device,,NVIDIA A100-SXM4-40GB MIG 4g.20gb (0),1,,13,[CUDA memset]
12326551389,2496,241939,,,,,,,,,,0.000,32.051,Pinned,Device,NVIDIA A100-SXM4-40GB MIG 4g.20gb (0),1,,13,[CUDA memcpy Host-to-Device]
12326556637,9472,241940,,,,,,,,,,0.197,20756.693,Pinned,Device,NVIDIA A100-SXM4-40GB MIG 4g.20gb (0),1,,13,[CUDA memcpy Host-to-Device]
12327174006,36607,241941,273,1,1,48,1,1,40,0.000,0.001,,,,,NVIDIA A100-SXM4-40GB MIG 4g.20gb (0),1,,13,"void pusch_noise_intf_est::noiseIntfEstNoDftSOfdmKernel<float, __half, float, float, (unsigned int)2, (unsigned int)1, (unsigned char)4, (unsigned char)4>(pusch_noise_intf_est::puschRxNoiseIntfEstDynDescr)"
12327965773,7360,241952,35,1,1,128,1,1,16,0.000,0.000,,,,,NVIDIA A100-SXM4-40GB MIG 4g.20gb (0),1,,13,cupy_copy__complex64_complex64
12328716004,3488,241961,1,1,1,1,1,1,18,0.000,0.000,,,,,NVIDIA A100-SXM4-40GB MIG 4g.20gb (0),1,,13,cupy_copy__float32_float32
12328722756,5600,241967,,,,,,,,,,0.000,0.714,Device,Pageable,NVIDIA A100-SXM4-40GB MIG 4g.20gb (0),1,,7,[CUDA memcpy Device-to-Host]
12329523899,21696,241978,1434,1,1,128,1,1,16,0.000,0.000,,,,,NVIDIA A100-SXM4-40GB MIG 4g.20gb (0),1,,13,cupy_copy__complex64_complex64
12330292051,12223,241985,103,1,1,128,1,1,16,0.000,0.000,,,,,NVIDIA A100-SXM4-40GB MIG 4g.20gb (0),1,,13,cupy_copy__complex64_complex64
12331026186,10400,241992,35,1,1,128,1,1,16,0.000,0.000,,,,,NVIDIA A100-SXM4-40GB MIG 4g.20gb (0),1,,13,cupy_copy__complex64_complex64
12331690627,3808,241999,1,1,1,1,1,1,18,0.000,0.000,,,,,NVIDIA A100-SXM4-40GB MIG 4g.20gb (0),1,,13,cupy_copy__float32_float32
12332252956,259390,242010,1,1,1,32,32,1,30,0.000,0.000,,,,,NVIDIA A100-SXM4-40GB MIG 4g.20gb (0),1,,13,"void convert_kernel<__half2, float2>(tensor_layout_any, T1 *, tensor_layout_any, const T2 *)"
12332544185,8704,242013,,,,,,,,,,0.094,10764.640,Pinned,Device,NVIDIA A100-SXM4-40GB MIG 4g.20gb (0),1,,13,[CUDA memcpy Host-to-Device]
12333144594,9376,242014,,,,,,,,,,1.547,164955.183,Device,,NVIDIA A100-SXM4-40GB MIG 4g.20gb (0),1,,13,[CUDA memset]
12333156882,3616,242019,,,,,,,,,,0.031,8654.846,Pinned,Device,NVIDIA A100-SXM4-40GB MIG 4g.20gb (0),1,,13,[CUDA memcpy Host-to-Device]
12333166706,17344,242020,,,,,,,,,,0.197,11335.631,Pinned,Device,NVIDIA A100-SXM4-40GB MIG 4g.20gb (0),1,,13,[CUDA memcpy Host-to-Device]
12333812427,30336,242021,273,1,1,8,4,1,39,0.002,0.000,,,,,NVIDIA A100-SXM4-40GB MIG 4g.20gb (0),1,,13,"void channel_eq::eqMmseCoefCompLowMimoKernel<float, float, float, (unsigned int)4, (unsigned int)1, (unsigned int)4>(const channel_eq::_puschRxChEqStatDescr *, channel_eq::_puschRxChEqCoefCompDynDescr)"
12334242630,25536,242022,273,1,1,12,11,1,51,0.002,0.000,,,,,NVIDIA A100-SXM4-40GB MIG 4g.20gb (0),1,,13,"void channel_eq::eqMmseSoftDemapKernel<float, __half, __half, float, (unsigned int)4, (unsigned short)16383>(channel_eq::_puschRxChEqStatDescr *, channel_eq::_puschRxChEqSoftDemapDynDescr)"
12334667105,531226,242023,1,1,1,32,32,1,30,0.000,0.000,,,,,NVIDIA A100-SXM4-40GB MIG 4g.20gb (0),1,,13,"void convert_kernel<float2, __half2>(tensor_layout_any, T1 *, tensor_layout_any, const T2 *)"
12335831508,22144,242035,2253,1,1,128,1,1,16,0.000,0.000,,,,,NVIDIA A100-SXM4-40GB MIG 4g.20gb (0),1,,13,cupy_copy__float16_float16
12336262511,11648,242044,282,1,1,128,1,1,16,0.000,0.000,,,,,NVIDIA A100-SXM4-40GB MIG 4g.20gb (0),1,,13,cupy_copy__complex64_complex64
12336675083,3424,242053,26,1,1,128,1,1,16,0.000,0.000,,,,,NVIDIA A100-SXM4-40GB MIG 4g.20gb (0),1,,13,cupy_copy__float32_float32
12337239780,8224,242062,103,1,1,128,1,1,16,0.000,0.000,,,,,NVIDIA A100-SXM4-40GB MIG 4g.20gb (0),1,,13,cupy_copy__complex64_complex64
12337884125,20416,242072,1434,1,1,128,1,1,16,0.000,0.000,,,,,NVIDIA A100-SXM4-40GB MIG 4g.20gb (0),1,,13,cupy_copy__complex64_complex64
12338377303,271741,242077,1,1,1,32,32,1,30,0.000,0.000,,,,,NVIDIA A100-SXM4-40GB MIG 4g.20gb (0),1,,13,"void convert_kernel<__half2, float2>(tensor_layout_any, T1 *, tensor_layout_any, const T2 *)"
12338684660,5600,242080,,,,,,,,,,0.094,16731.388,Pinned,Device,NVIDIA A100-SXM4-40GB MIG 4g.20gb (0),1,,13,[CUDA memcpy Host-to-Device]
12339253645,625753,242081,,,,,,,,,,456.561,729585.181,Device,,NVIDIA A100-SXM4-40GB MIG 4g.20gb (0),1,,13,[CUDA memset]
12339882502,56000,242086,,,,,,,,,,1.235,22052.395,Pinned,Device,NVIDIA A100-SXM4-40GB MIG 4g.20gb (0),1,,13,[CUDA memcpy Host-to-Device]
12339941318,9440,242087,,,,,,,,,,0.197,20827.079,Pinned,Device,NVIDIA A100-SXM4-40GB MIG 4g.20gb (0),1,,13,[CUDA memcpy Host-to-Device]
12340584382,20736,242088,69,4,1,48,1,1,76,0.002,0.000,,,,,NVIDIA A100-SXM4-40GB MIG 4g.20gb (0),1,,13,"void ch_est::windowedChEstPreNoDftSOfdmKernel<float, __half, float, (unsigned int)2, (unsigned int)1, (unsigned short)4>(ch_est::puschRxChEstStatDescr_t *, ch_est::puschRxChEstDynDescr_t *)"
12341172504,24832,242089,137,2,1,24,2,1,44,0.001,0.001,,,,,NVIDIA A100-SXM4-40GB MIG 4g.20gb (0),1,,13,"void ch_est::chEstFilterNoDftSOfdmDispatchKernel<float, __half, float, (unsigned int)2>(ch_est::puschRxChEstStatDescr_t *, ch_est::puschRxChEstDynDescr_t *)"
12341555571,20704,242090,137,2,1,24,2,1,44,0.001,0.001,,,,,NVIDIA A100-SXM4-40GB MIG 4g.20gb (0),1,,13,"void ch_est::chEstFilterNoDftSOfdmDispatchKernel<float, __half, float, (unsigned int)2>(ch_est::puschRxChEstStatDescr_t *, ch_est::puschRxChEstDynDescr_t *)"
12341973135,12096,242101,103,1,1,128,1,1,16,0.000,0.000,,,,,NVIDIA A100-SXM4-40GB MIG 4g.20gb (0),1,,13,cupy_copy__complex64_complex64
12342566760,19200,242111,1434,1,1,128,1,1,16,0.000,0.000,,,,,NVIDIA A100-SXM4-40GB MIG 4g.20gb (0),1,,13,cupy_copy__complex64_complex64
12343130850,7456,242118,103,1,1,128,1,1,16,0.000,0.000,,,,,NVIDIA A100-SXM4-40GB MIG 4g.20gb (0),1,,13,cupy_copy__complex64_complex64
12343740091,248541,242125,1,1,1,32,32,1,30,0.000,0.000,,,,,NVIDIA A100-SXM4-40GB MIG 4g.20gb (0),1,,13,"void convert_kernel<__half2, float2>(tensor_layout_any, T1 *, tensor_layout_any, const T2 *)"
12344020472,5792,242128,,,,,,,,,,0.094,16176.708,Pinned,Device,NVIDIA A100-SXM4-40GB MIG 4g.20gb (0),1,,13,[CUDA memcpy Host-to-Device]
12344473235,51423,242129,,,,,,,,,,35.810,696359.704,Device,,NVIDIA A100-SXM4-40GB MIG 4g.20gb (0),1,,13,[CUDA memset]
12344528402,2432,242131,,,,,,,,,,0.000,32.895,Pinned,Device,NVIDIA A100-SXM4-40GB MIG 4g.20gb (0),1,,13,[CUDA memcpy Host-to-Device]
12344533362,11040,242132,,,,,,,,,,0.197,17808.556,Pinned,Device,NVIDIA A100-SXM4-40GB MIG 4g.20gb (0),1,,13,[CUDA memcpy Host-to-Device]
12345180715,17087,242133,273,1,1,48,1,1,40,0.000,0.001,,,,,NVIDIA A100-SXM4-40GB MIG 4g.20gb (0),1,,13,"void pusch_noise_intf_est::noiseIntfEstNoDftSOfdmKernel<float, __half, float, float, (unsigned int)2, (unsigned int)1, (unsigned char)4, (unsigned char)4>(pusch_noise_intf_est::puschRxNoiseIntfEstDynDescr)"
12345756644,9408,242144,35,1,1,128,1,1,16,0.000,0.000,,,,,NVIDIA A100-SXM4-40GB MIG 4g.20gb (0),1,,13,cupy_copy__complex64_complex64
12346157056,3807,242153,1,1,1,1,1,1,18,0.000,0.000,,,,,NVIDIA A100-SXM4-40GB MIG 4g.20gb (0),1,,13,cupy_copy__float32_float32
12346162143,2016,242159,,,,,,,,,,0.000,1.984,Device,Pageable,NVIDIA A100-SXM4-40GB MIG 4g.20gb (0),1,,7,[CUDA memcpy Device-to-Host]
12346828216,19200,242170,1434,1,1,128,1,1,16,0.000,0.000,,,,,NVIDIA A100-SXM4-40GB MIG 4g.20gb (0),1,,13,cupy_copy__complex64_complex64
12347466097,8288,242177,103,1,1,128,1,1,16,0.000,0.000,,,,,NVIDIA A100-SXM4-40GB MIG 4g.20gb (0),1,,13,cupy_copy__complex64_complex64
12348019691,3871,242184,35,1,1,128,1,1,16,0.000,0.000,,,,,NVIDIA A100-SXM4-40GB MIG 4g.20gb (0),1,,13,cupy_copy__complex64_complex64
12348652899,4064,242191,1,1,1,1,1,1,18,0.000,0.000,,,,,NVIDIA A100-SXM4-40GB MIG 4g.20gb (0),1,,13,cupy_copy__float32_float32
12349430811,261917,242202,1,1,1,32,32,1,30,0.000,0.000,,,,,NVIDIA A100-SXM4-40GB MIG 4g.20gb (0),1,,13,"void convert_kernel<__half2, float2>(tensor_layout_any, T1 *, tensor_layout_any, const T2 *)"
12349723543,8096,242205,,,,,,,,,,0.094,11573.049,Pinned,Device,NVIDIA A100-SXM4-40GB MIG 4g.20gb (0),1,,13,[CUDA memcpy Host-to-Device]
12350362096,4608,242206,,,,,,,,,,1.547,335637.514,Device,,NVIDIA A100-SXM4-40GB MIG 4g.20gb (0),1,,13,[CUDA memset]
12350377264,3424,242211,,,,,,,,,,0.031,9140.185,Pinned,Device,NVIDIA A100-SXM4-40GB MIG 4g.20gb (0),1,,13,[CUDA memcpy Host-to-Device]
12350383184,10752,242212,,,,,,,,,,0.197,18285.527,Pinned,Device,NVIDIA A100-SXM4-40GB MIG 4g.20gb (0),1,,13,[CUDA memcpy Host-to-Device]
12350932778,36511,242213,273,1,1,8,4,1,39,0.002,0.000,,,,,NVIDIA A100-SXM4-40GB MIG 4g.20gb (0),1,,13,"void channel_eq::eqMmseCoefCompLowMimoKernel<float, float, float, (unsigned int)4, (unsigned int)1, (unsigned int)4>(const channel_eq::_puschRxChEqStatDescr *, channel_eq::_puschRxChEqCoefCompDynDescr)"
12351735041,29439,242214,273,1,1,12,11,1,51,0.002,0.000,,,,,NVIDIA A100-SXM4-40GB MIG 4g.20gb (0),1,,13,"void channel_eq::eqMmseSoftDemapKernel<float, __half, __half, float, (unsigned int)4, (unsigned short)16383>(channel_eq::_puschRxChEqStatDescr *, channel_eq::_puschRxChEqSoftDemapDynDescr)"
12352447929,706616,242215,1,1,1,32,32,1,30,0.000,0.000,,,,,NVIDIA A100-SXM4-40GB MIG 4g.20gb (0),1,,13,"void convert_kernel<float2, __half2>(tensor_layout_any, T1 *, tensor_layout_any, const T2 *)"
12353669323,24895,242227,2253,1,1,128,1,1,16,0.000,0.000,,,,,NVIDIA A100-SXM4-40GB MIG 4g.20gb (0),1,,13,cupy_copy__float16_float16
12354452098,11424,242236,282,1,1,128,1,1,16,0.000,0.000,,,,,NVIDIA A100-SXM4-40GB MIG 4g.20gb (0),1,,13,cupy_copy__complex64_complex64
12355161562,5696,242245,26,1,1,128,1,1,16,0.000,0.000,,,,,NVIDIA A100-SXM4-40GB MIG 4g.20gb (0),1,,13,cupy_copy__float32_float32
12355664468,9824,242254,103,1,1,128,1,1,16,0.000,0.000,,,,,NVIDIA A100-SXM4-40GB MIG 4g.20gb (0),1,,13,cupy_copy__complex64_complex64
12356476587,15936,242264,1434,1,1,128,1,1,16,0.000,0.000,,,,,NVIDIA A100-SXM4-40GB MIG 4g.20gb (0),1,,13,cupy_copy__complex64_complex64
12357223267,256733,242269,1,1,1,32,32,1,30,0.000,0.000,,,,,NVIDIA A100-SXM4-40GB MIG 4g.20gb (0),1,,13,"void convert_kernel<__half2, float2>(tensor_layout_any, T1 *, tensor_layout_any, const T2 *)"
12357510911,6208,242272,,,,,,,,,,0.094,15092.739,Pinned,Device,NVIDIA A100-SXM4-40GB MIG 4g.20gb (0),1,,13,[CUDA memcpy Host-to-Device]
12358134968,620057,242273,,,,,,,,,,456.561,735977.041,Device,,NVIDIA A100-SXM4-40GB MIG 4g.20gb (0),1,,13,[CUDA memset]
12358758641,57088,242278,,,,,,,,,,1.235,21631.279,Pinned,Device,NVIDIA A100-SXM4-40GB MIG 4g.20gb (0),1,,13,[CUDA memcpy Host-to-Device]
12358818513,9408,242279,,,,,,,,,,0.197,20897.858,Pinned,Device,NVIDIA A100-SXM4-40GB MIG 4g.20gb (0),1,,13,[CUDA memcpy Host-to-Device]
12359590408,15296,242280,69,4,1,48,1,1,76,0.002,0.000,,,,,NVIDIA A100-SXM4-40GB MIG 4g.20gb (0),1,,13,"void ch_est::windowedChEstPreNoDftSOfdmKernel<float, __half, float, (unsigned int)2, (unsigned int)1, (unsigned short)4>(ch_est::puschRxChEstStatDescr_t *, ch_est::puschRxChEstDynDescr_t *)"
12360197793,31072,242281,137,2,1,24,2,1,44,0.001,0.001,,,,,NVIDIA A100-SXM4-40GB MIG 4g.20gb (0),1,,13,"void ch_est::chEstFilterNoDftSOfdmDispatchKernel<float, __half, float, (unsigned int)2>(ch_est::puschRxChEstStatDescr_t *, ch_est::puschRxChEstDynDescr_t *)"
12360875769,26464,242282,137,2,1,24,2,1,44,0.001,0.001,,,,,NVIDIA A100-SXM4-40GB MIG 4g.20gb (0),1,,13,"void ch_est::chEstFilterNoDftSOfdmDispatchKernel<float, __half, float, (unsigned int)2>(ch_est::puschRxChEstStatDescr_t *, ch_est::puschRxChEstDynDescr_t *)"
12361344756,4512,242293,103,1,1,128,1,1,16,0.000,0.000,,,,,NVIDIA A100-SXM4-40GB MIG 4g.20gb (0),1,,13,cupy_copy__complex64_complex64
12361976749,25120,242303,1434,1,1,128,1,1,16,0.000,0.000,,,,,NVIDIA A100-SXM4-40GB MIG 4g.20gb (0),1,,13,cupy_copy__complex64_complex64
12362441992,3936,242310,103,1,1,128,1,1,16,0.000,0.000,,,,,NVIDIA A100-SXM4-40GB MIG 4g.20gb (0),1,,13,cupy_copy__complex64_complex64
12363059233,244541,242317,1,1,1,32,32,1,30,0.000,0.000,,,,,NVIDIA A100-SXM4-40GB MIG 4g.20gb (0),1,,13,"void convert_kernel<__half2, float2>(tensor_layout_any, T1 *, tensor_layout_any, const T2 *)"
12363334142,7136,242320,,,,,,,,,,0.094,13129.995,Pinned,Device,NVIDIA A100-SXM4-40GB MIG 4g.20gb (0),1,,13,[CUDA memcpy Host-to-Device]
12363847256,50911,242321,,,,,,,,,,35.810,703378.449,Device,,NVIDIA A100-SXM4-40GB MIG 4g.20gb (0),1,,13,[CUDA memset]
12363906583,1824,242323,,,,,,,,,,0.000,43.860,Pinned,Device,NVIDIA A100-SXM4-40GB MIG 4g.20gb (0),1,,13,[CUDA memcpy Host-to-Device]
12363910967,9600,242324,,,,,,,,,,0.197,20479.869,Pinned,Device,NVIDIA A100-SXM4-40GB MIG 4g.20gb (0),1,,13,[CUDA memcpy Host-to-Device]
12364487249,37663,242325,273,1,1,48,1,1,40,0.000,0.001,,,,,NVIDIA A100-SXM4-40GB MIG 4g.20gb (0),1,,13,"void pusch_noise_intf_est::noiseIntfEstNoDftSOfdmKernel<float, __half, float, float, (unsigned int)2, (unsigned int)1, (unsigned char)4, (unsigned char)4>(pusch_noise_intf_est::puschRxNoiseIntfEstDynDescr)"
12365162057,11040,242336,35,1,1,128,1,1,16,0.000,0.000,,,,,NVIDIA A100-SXM4-40GB MIG 4g.20gb (0),1,,13,cupy_copy__complex64_complex64
12365714051,3744,242345,1,1,1,1,1,1,18,0.000,0.000,,,,,NVIDIA A100-SXM4-40GB MIG 4g.20gb (0),1,,13,cupy_copy__float32_float32
12365726275,2528,242351,,,,,,,,,,0.000,1.582,Device,Pageable,NVIDIA A100-SXM4-40GB MIG 4g.20gb (0),1,,7,[CUDA memcpy Device-to-Host]
12366323868,30432,242362,1434,1,1,128,1,1,16,0.000,0.000,,,,,NVIDIA A100-SXM4-40GB MIG 4g.20gb (0),1,,13,cupy_copy__complex64_complex64
12366811606,10016,242369,103,1,1,128,1,1,16,0.000,0.000,,,,,NVIDIA A100-SXM4-40GB MIG 4g.20gb (0),1,,13,cupy_copy__complex64_complex64
12367419280,3712,242376,35,1,1,128,1,1,16,0.000,0.000,,,,,NVIDIA A100-SXM4-40GB MIG 4g.20gb (0),1,,13,cupy_copy__complex64_complex64
12368021545,3328,242383,1,1,1,1,1,1,18,0.000,0.000,,,,,NVIDIA A100-SXM4-40GB MIG 4g.20gb (0),1,,13,cupy_copy__float32_float32
12368366565,251485,242394,1,1,1,32,32,1,30,0.000,0.000,,,,,NVIDIA A100-SXM4-40GB MIG 4g.20gb (0),1,,13,"void convert_kernel<__half2, float2>(tensor_layout_any, T1 *, tensor_layout_any, const T2 *)"
12368649538,11680,242397,,,,,,,,,,0.094,8021.877,Pinned,Device,NVIDIA A100-SXM4-40GB MIG 4g.20gb (0),1,,13,[CUDA memcpy Host-to-Device]
12369409369,7456,242398,,,,,,,,,,1.547,207433.211,Device,,NVIDIA A100-SXM4-40GB MIG 4g.20gb (0),1,,13,[CUDA memset]
12369423897,6816,242403,,,,,,,,,,0.031,4591.530,Pinned,Device,NVIDIA A100-SXM4-40GB MIG 4g.20gb (0),1,,13,[CUDA memcpy Host-to-Device]
12369436665,15648,242404,,,,,,,,,,0.197,12564.234,Pinned,Device,NVIDIA A100-SXM4-40GB MIG 4g.20gb (0),1,,13,[CUDA memcpy Host-to-Device]
12370110449,34496,242405,273,1,1,8,4,1,39,0.002,0.000,,,,,NVIDIA A100-SXM4-40GB MIG 4g.20gb (0),1,,13,"void channel_eq::eqMmseCoefCompLowMimoKernel<float, float, float, (unsigned int)4, (unsigned int)1, (unsigned int)4>(const channel_eq::_puschRxChEqStatDescr *, channel_eq::_puschRxChEqCoefCompDynDescr)"
12370890152,30048,242406,273,1,1,12,11,1,51,0.002,0.000,,,,,NVIDIA A100-SXM4-40GB MIG 4g.20gb (0),1,,13,"void channel_eq::eqMmseSoftDemapKernel<float, __half, __half, float, (unsigned int)4, (unsigned short)16383>(channel_eq::_puschRxChEqStatDescr *, channel_eq::_puschRxChEqSoftDemapDynDescr)"
12371641792,721240,242407,1,1,1,32,32,1,30,0.000,0.000,,,,,NVIDIA A100-SXM4-40GB MIG 4g.20gb (0),1,,13,"void convert_kernel<float2, __half2>(tensor_layout_any, T1 *, tensor_layout_any, const T2 *)"
12372880562,22720,242419,2253,1,1,128,1,1,16,0.000,0.000,,,,,NVIDIA A100-SXM4-40GB MIG 4g.20gb (0),1,,13,cupy_copy__float16_float16
12373430956,5056,242428,282,1,1,128,1,1,16,0.000,0.000,,,,,NVIDIA A100-SXM4-40GB MIG 4g.20gb (0),1,,13,cupy_copy__complex64_complex64
12374105828,7040,242437,26,1,1,128,1,1,16,0.000,0.000,,,,,NVIDIA A100-SXM4-40GB MIG 4g.20gb (0),1,,13,cupy_copy__float32_float32
12374876187,13792,242446,103,1,1,128,1,1,16,0.000,0.000,,,,,NVIDIA A100-SXM4-40GB MIG 4g.20gb (0),1,,13,cupy_copy__complex64_complex64
12375667538,25408,242456,1434,1,1,128,1,1,16,0.000,0.000,,,,,NVIDIA A100-SXM4-40GB MIG 4g.20gb (0),1,,13,cupy_copy__complex64_complex64
12376378474,235102,242461,1,1,1,32,32,1,30,0.000,0.000,,,,,NVIDIA A100-SXM4-40GB MIG 4g.20gb (0),1,,13,"void convert_kernel<__half2, float2>(tensor_layout_any, T1 *, tensor_layout_any, const T2 *)"
12376645031,5472,242464,,,,,,,,,,0.094,17122.757,Pinned,Device,NVIDIA A100-SXM4-40GB MIG 4g.20gb (0),1,,13,[CUDA memcpy Host-to-Device]
12377133378,622937,242465,,,,,,,,,,456.561,732781.111,Device,,NVIDIA A100-SXM4-40GB MIG 4g.20gb (0),1,,13,[CUDA memset]
12377758939,56831,242470,,,,,,,,,,1.235,21730.075,Pinned,Device,NVIDIA A100-SXM4-40GB MIG 4g.20gb (0),1,,13,[CUDA memcpy Host-to-Device]
12377818266,9888,242471,,,,,,,,,,0.197,19883.360,Pinned,Device,NVIDIA A100-SXM4-40GB MIG 4g.20gb (0),1,,13,[CUDA memcpy Host-to-Device]
12378428307,12192,242472,69,4,1,48,1,1,76,0.002,0.000,,,,,NVIDIA A100-SXM4-40GB MIG 4g.20gb (0),1,,13,"void ch_est::windowedChEstPreNoDftSOfdmKernel<float, __half, float, (unsigned int)2, (unsigned int)1, (unsigned short)4>(ch_est::puschRxChEstStatDescr_t *, ch_est::puschRxChEstDynDescr_t *)"
12379020493,11552,242473,137,2,1,24,2,1,44,0.001,0.001,,,,,NVIDIA A100-SXM4-40GB MIG 4g.20gb (0),1,,13,"void ch_est::chEstFilterNoDftSOfdmDispatchKernel<float, __half, float, (unsigned int)2>(ch_est::puschRxChEstStatDescr_t *, ch_est::puschRxChEstDynDescr_t *)"
12379625734,27743,242474,137,2,1,24,2,1,44,0.001,0.001,,,,,NVIDIA A100-SXM4-40GB MIG 4g.20gb (0),1,,13,"void ch_est::chEstFilterNoDftSOfdmDispatchKernel<float, __half, float, (unsigned int)2>(ch_est::puschRxChEstStatDescr_t *, ch_est::puschRxChEstDynDescr_t *)"
12380273886,6176,242485,103,1,1,128,1,1,16,0.000,0.000,,,,,NVIDIA A100-SXM4-40GB MIG 4g.20gb (0),1,,13,cupy_copy__complex64_complex64
12380643002,28480,242495,1434,1,1,128,1,1,16,0.000,0.000,,,,,NVIDIA A100-SXM4-40GB MIG 4g.20gb (0),1,,13,cupy_copy__complex64_complex64
12381026710,4224,242502,103,1,1,128,1,1,16,0.000,0.000,,,,,NVIDIA A100-SXM4-40GB MIG 4g.20gb (0),1,,13,cupy_copy__complex64_complex64
12381549392,235165,242509,1,1,1,32,32,1,30,0.000,0.000,,,,,NVIDIA A100-SXM4-40GB MIG 4g.20gb (0),1,,13,"void convert_kernel<__half2, float2>(tensor_layout_any, T1 *, tensor_layout_any, const T2 *)"
12381815117,5696,242512,,,,,,,,,,0.094,16449.363,Pinned,Device,NVIDIA A100-SXM4-40GB MIG 4g.20gb (0),1,,13,[CUDA memcpy Host-to-Device]
12382260104,51391,242513,,,,,,,,,,35.810,696789.423,Device,,NVIDIA A100-SXM4-40GB MIG 4g.20gb (0),1,,13,[CUDA memset]
12382320135,4736,242515,,,,,,,,,,0.000,16.892,Pinned,Device,NVIDIA A100-SXM4-40GB MIG 4g.20gb (0),1,,13,[CUDA memcpy Host-to-Device]
12382327751,9856,242516,,,,,,,,,,0.197,19948.044,Pinned,Device,NVIDIA A100-SXM4-40GB MIG 4g.20gb (0),1,,13,[CUDA memcpy Host-to-Device]
12383084063,24383,242517,273,1,1,48,1,1,40,0.000,0.001,,,,,NVIDIA A100-SXM4-40GB MIG 4g.20gb (0),1,,13,"void pusch_noise_intf_est::noiseIntfEstNoDftSOfdmKernel<float, __half, float, float, (unsigned int)2, (unsigned int)1, (unsigned char)4, (unsigned char)4>(pusch_noise_intf_est::puschRxNoiseIntfEstDynDescr)"
12383635769,8735,242528,35,1,1,128,1,1,16,0.000,0.000,,,,,NVIDIA A100-SXM4-40GB MIG 4g.20gb (0),1,,13,cupy_copy__complex64_complex64
12384344305,3456,242537,1,1,1,1,1,1,18,0.000,0.000,,,,,NVIDIA A100-SXM4-40GB MIG 4g.20gb (0),1,,13,cupy_copy__float32_float32
12384350576,1824,242543,,,,,,,,,,0.000,2.193,Device,Pageable,NVIDIA A100-SXM4-40GB MIG 4g.20gb (0),1,,7,[CUDA memcpy Device-to-Host]
12385144424,25727,242554,1434,1,1,128,1,1,16,0.000,0.000,,,,,NVIDIA A100-SXM4-40GB MIG 4g.20gb (0),1,,13,cupy_copy__complex64_complex64
12385762561,7743,242561,103,1,1,128,1,1,16,0.000,0.000,,,,,NVIDIA A100-SXM4-40GB MIG 4g.20gb (0),1,,13,cupy_copy__complex64_complex64
12386261115,13472,242568,35,1,1,128,1,1,16,0.000,0.000,,,,,NVIDIA A100-SXM4-40GB MIG 4g.20gb (0),1,,13,cupy_copy__complex64_complex64
12386808629,3008,242575,1,1,1,1,1,1,18,0.000,0.000,,,,,NVIDIA A100-SXM4-40GB MIG 4g.20gb (0),1,,13,cupy_copy__float32_float32
12387505165,248861,242586,1,1,1,32,32,1,30,0.000,0.000,,,,,NVIDIA A100-SXM4-40GB MIG 4g.20gb (0),1,,13,"void convert_kernel<__half2, float2>(tensor_layout_any, T1 *, tensor_layout_any, const T2 *)"
12387783050,6176,242589,,,,,,,,,,0.094,15170.975,Pinned,Device,NVIDIA A100-SXM4-40GB MIG 4g.20gb (0),1,,13,[CUDA memcpy Host-to-Device]
12388382115,4320,242590,,,,,,,,,,1.547,358014.070,Device,,NVIDIA A100-SXM4-40GB MIG 4g.20gb (0),1,,13,[CUDA memset]
12388387747,8576,242595,,,,,,,,,,0.031,3649.239,Pinned,Device,NVIDIA A100-SXM4-40GB MIG 4g.20gb (0),1,,13,[CUDA memcpy Host-to-Device]
12388399747,9792,242596,,,,,,,,,,0.197,20078.395,Pinned,Device,NVIDIA A100-SXM4-40GB MIG 4g.20gb (0),1,,13,[CUDA memcpy Host-to-Device]
12389075963,14752,242597,273,1,1,8,4,1,39,0.002,0.000,,,,,NVIDIA A100-SXM4-40GB MIG 4g.20gb (0),1,,13,"void channel_eq::eqMmseCoefCompLowMimoKernel<float, float, float, (unsigned int)4, (unsigned int)1, (unsigned int)4>(const channel_eq::_puschRxChEqStatDescr *, channel_eq::_puschRxChEqCoefCompDynDescr)"
12389742132,22559,242598,273,1,1,12,11,1,51,0.002,0.000,,,,,NVIDIA A100-SXM4-40GB MIG 4g.20gb (0),1,,13,"void channel_eq::eqMmseSoftDemapKernel<float, __half, __half, float, (unsigned int)4, (unsigned short)16383>(channel_eq::_puschRxChEqStatDescr *, channel_eq::_puschRxChEqSoftDemapDynDescr)"
12390305517,696632,242599,1,1,1,32,32,1,30,0.000,0.000,,,,,NVIDIA A100-SXM4-40GB MIG 4g.20gb (0),1,,13,"void convert_kernel<float2, __half2>(tensor_layout_any, T1 *, tensor_layout_any, const T2 *)"
12391539519,14848,242611,2253,1,1,128,1,1,16,0.000,0.000,,,,,NVIDIA A100-SXM4-40GB MIG 4g.20gb (0),1,,13,cupy_copy__float16_float16
12392239319,7296,242620,282,1,1,128,1,1,16,0.000,0.000,,,,,NVIDIA A100-SXM4-40GB MIG 4g.20gb (0),1,,13,cupy_copy__complex64_complex64
12392905840,6144,242629,26,1,1,128,1,1,16,0.000,0.000,,,,,NVIDIA A100-SXM4-40GB MIG 4g.20gb (0),1,,13,cupy_copy__float32_float32
12393441322,10752,242638,103,1,1,128,1,1,16,0.000,0.000,,,,,NVIDIA A100-SXM4-40GB MIG 4g.20gb (0),1,,13,cupy_copy__complex64_complex64
12394232193,28288,242648,1434,1,1,128,1,1,16,0.000,0.000,,,,,NVIDIA A100-SXM4-40GB MIG 4g.20gb (0),1,,13,cupy_copy__complex64_complex64
12394655580,244509,242653,1,1,1,32,32,1,30,0.000,0.000,,,,,NVIDIA A100-SXM4-40GB MIG 4g.20gb (0),1,,13,"void convert_kernel<__half2, float2>(tensor_layout_any, T1 *, tensor_layout_any, const T2 *)"
12394930777,5952,242656,,,,,,,,,,0.094,15741.865,Pinned,Device,NVIDIA A100-SXM4-40GB MIG 4g.20gb (0),1,,13,[CUDA memcpy Host-to-Device]
12395357140,625369,242657,,,,,,,,,,456.561,730041.743,Device,,NVIDIA A100-SXM4-40GB MIG 4g.20gb (0),1,,13,[CUDA memset]
12395985901,56416,242662,,,,,,,,,,1.235,21889.382,Pinned,Device,NVIDIA A100-SXM4-40GB MIG 4g.20gb (0),1,,13,[CUDA memcpy Host-to-Device]
12396044780,10112,242663,,,,,,,,,,0.197,19442.958,Pinned,Device,NVIDIA A100-SXM4-40GB MIG 4g.20gb (0),1,,13,[CUDA memcpy Host-to-Device]
12396601126,13184,242664,69,4,1,48,1,1,76,0.002,0.000,,,,,NVIDIA A100-SXM4-40GB MIG 4g.20gb (0),1,,13,"void ch_est::windowedChEstPreNoDftSOfdmKernel<float, __half, float, (unsigned int)2, (unsigned int)1, (unsigned short)4>(ch_est::puschRxChEstStatDescr_t *, ch_est::puschRxChEstDynDescr_t *)"
12397154208,24736,242665,137,2,1,24,2,1,44,0.001,0.001,,,,,NVIDIA A100-SXM4-40GB MIG 4g.20gb (0),1,,13,"void ch_est::chEstFilterNoDftSOfdmDispatchKernel<float, __half, float, (unsigned int)2>(ch_est::puschRxChEstStatDescr_t *, ch_est::puschRxChEstDynDescr_t *)"
12397514364,22464,242666,137,2,1,24,2,1,44,0.001,0.001,,,,,NVIDIA A100-SXM4-40GB MIG 4g.20gb (0),1,,13,"void ch_est::chEstFilterNoDftSOfdmDispatchKernel<float, __half, float, (unsigned int)2>(ch_est::puschRxChEstStatDescr_t *, ch_est::puschRxChEstDynDescr_t *)"
12398116245,8832,242677,103,1,1,128,1,1,16,0.000,0.000,,,,,NVIDIA A100-SXM4-40GB MIG 4g.20gb (0),1,,13,cupy_copy__complex64_complex64
12398530640,17408,242687,1434,1,1,128,1,1,16,0.000,0.000,,,,,NVIDIA A100-SXM4-40GB MIG 4g.20gb (0),1,,13,cupy_copy__complex64_complex64
12399138666,9535,242694,103,1,1,128,1,1,16,0.000,0.000,,,,,NVIDIA A100-SXM4-40GB MIG 4g.20gb (0),1,,13,cupy_copy__complex64_complex64
12399797250,238269,242701,1,1,1,32,32,1,30,0.000,0.000,,,,,NVIDIA A100-SXM4-40GB MIG 4g.20gb (0),1,,13,"void convert_kernel<__half2, float2>(tensor_layout_any, T1 *, tensor_layout_any, const T2 *)"
12400065791,5472,242704,,,,,,,,,,0.094,17122.757,Pinned,Device,NVIDIA A100-SXM4-40GB MIG 4g.20gb (0),1,,13,[CUDA memcpy Host-to-Device]
12400622489,54655,242705,,,,,,,,,,35.810,655178.296,Device,,NVIDIA A100-SXM4-40GB MIG 4g.20gb (0),1,,13,[CUDA memset]
12400681144,8160,242707,,,,,,,,,,0.000,9.804,Pinned,Device,NVIDIA A100-SXM4-40GB MIG 4g.20gb (0),1,,13,[CUDA memcpy Host-to-Device]
12400696184,13376,242708,,,,,,,,,,0.197,14698.414,Pinned,Device,NVIDIA A100-SXM4-40GB MIG 4g.20gb (0),1,,13,[CUDA memcpy Host-to-Device]
12401405104,18176,242709,273,1,1,48,1,1,40,0.000,0.001,,,,,NVIDIA A100-SXM4-40GB MIG 4g.20gb (0),1,,13,"void pusch_noise_intf_est::noiseIntfEstNoDftSOfdmKernel<float, __half, float, float, (unsigned int)2, (unsigned int)1, (unsigned char)4, (unsigned char)4>(pusch_noise_intf_est::puschRxNoiseIntfEstDynDescr)"
12401955082,10144,242720,35,1,1,128,1,1,16,0.000,0.000,,,,,NVIDIA A100-SXM4-40GB MIG 4g.20gb (0),1,,13,cupy_copy__complex64_complex64
12402204263,7744,242729,1,1,1,1,1,1,18,0.000,0.000,,,,,NVIDIA A100-SXM4-40GB MIG 4g.20gb (0),1,,13,cupy_copy__float32_float32
12402218407,6016,242735,,,,,,,,,,0.000,0.665,Device,Pageable,NVIDIA A100-SXM4-40GB MIG 4g.20gb (0),1,,7,[CUDA memcpy Device-to-Host]
12402696225,22240,242746,1434,1,1,128,1,1,16,0.000,0.000,,,,,NVIDIA A100-SXM4-40GB MIG 4g.20gb (0),1,,13,cupy_copy__complex64_complex64
12403161660,11776,242753,103,1,1,128,1,1,16,0.000,0.000,,,,,NVIDIA A100-SXM4-40GB MIG 4g.20gb (0),1,,13,cupy_copy__complex64_complex64
12403564312,10815,242760,35,1,1,128,1,1,16,0.000,0.000,,,,,NVIDIA A100-SXM4-40GB MIG 4g.20gb (0),1,,13,cupy_copy__complex64_complex64
12403945043,3296,242767,1,1,1,1,1,1,18,0.000,0.000,,,,,NVIDIA A100-SXM4-40GB MIG 4g.20gb (0),1,,13,cupy_copy__float32_float32
12404199792,249950,242778,1,1,1,32,32,1,30,0.000,0.000,,,,,NVIDIA A100-SXM4-40GB MIG 4g.20gb (0),1,,13,"void convert_kernel<__half2, float2>(tensor_layout_any, T1 *, tensor_layout_any, const T2 *)"
12404482381,6272,242781,,,,,,,,,,0.094,14938.703,Pinned,Device,NVIDIA A100-SXM4-40GB MIG 4g.20gb (0),1,,13,[CUDA memcpy Host-to-Device]
12404975880,6912,242782,,,,,,,,,,1.547,223757.827,Device,,NVIDIA A100-SXM4-40GB MIG 4g.20gb (0),1,,13,[CUDA memset]
12404984968,5280,242787,,,,,,,,,,0.031,5927.243,Pinned,Device,NVIDIA A100-SXM4-40GB MIG 4g.20gb (0),1,,13,[CUDA memcpy Host-to-Device]
12404992999,15520,242788,,,,,,,,,,0.197,12667.847,Pinned,Device,NVIDIA A100-SXM4-40GB MIG 4g.20gb (0),1,,13,[CUDA memcpy Host-to-Device]
12405270596,18368,242789,273,1,1,8,4,1,39,0.002,0.000,,,,,NVIDIA A100-SXM4-40GB MIG 4g.20gb (0),1,,13,"void channel_eq::eqMmseCoefCompLowMimoKernel<float, float, float, (unsigned int)4, (unsigned int)1, (unsigned int)4>(const channel_eq::_puschRxChEqStatDescr *, channel_eq::_puschRxChEqCoefCompDynDescr)"
12405756447,14016,242790,273,1,1,12,11,1,51,0.002,0.000,,,,,NVIDIA A100-SXM4-40GB MIG 4g.20gb (0),1,,13,"void channel_eq::eqMmseSoftDemapKernel<float, __half, __half, float, (unsigned int)4, (unsigned short)16383>(channel_eq::_puschRxChEqStatDescr *, channel_eq::_puschRxChEqSoftDemapDynDescr)"
12406290201,703128,242791,1,1,1,32,32,1,30,0.000,0.000,,,,,NVIDIA A100-SXM4-40GB MIG 4g.20gb (0),1,,13,"void convert_kernel<float2, __half2>(tensor_layout_any, T1 *, tensor_layout_any, const T2 *)"
12407350957,19456,242803,2253,1,1,128,1,1,16,0.000,0.000,,,,,NVIDIA A100-SXM4-40GB MIG 4g.20gb (0),1,,13,cupy_copy__float16_float16
12407725001,5056,242812,282,1,1,128,1,1,16,0.000,0.000,,,,,NVIDIA A100-SXM4-40GB MIG 4g.20gb (0),1,,13,cupy_copy__complex64_complex64
12408117316,4160,242821,26,1,1,128,1,1,16,0.000,0.000,,,,,NVIDIA A100-SXM4-40GB MIG 4g.20gb (0),1,,13,cupy_copy__float32_float32
12408629150,13632,242830,103,1,1,128,1,1,16,0.000,0.000,,,,,NVIDIA A100-SXM4-40GB MIG 4g.20gb (0),1,,13,cupy_copy__complex64_complex64
12408854844,22208,242840,1434,1,1,128,1,1,16,0.000,0.000,,,,,NVIDIA A100-SXM4-40GB MIG 4g.20gb (0),1,,13,cupy_copy__complex64_complex64
12409353174,243262,242845,1,1,1,32,32,1,30,0.000,0.000,,,,,NVIDIA A100-SXM4-40GB MIG 4g.20gb (0),1,,13,"void convert_kernel<__half2, float2>(tensor_layout_any, T1 *, tensor_layout_any, const T2 *)"
12409627571,5664,242848,,,,,,,,,,0.094,16542.310,Pinned,Device,NVIDIA A100-SXM4-40GB MIG 4g.20gb (0),1,,13,[CUDA memcpy Host-to-Device]
12409956527,631737,242849,,,,,,,,,,456.561,722280.198,Device,,NVIDIA A100-SXM4-40GB MIG 4g.20gb (0),1,,13,[CUDA memset]
12410589864,57248,242854,,,,,,,,,,1.235,21570.767,Pinned,Device,NVIDIA A100-SXM4-40GB MIG 4g.20gb (0),1,,13,[CUDA memcpy Host-to-Device]
12410649736,9440,242855,,,,,,,,,,0.197,20827.079,Pinned,Device,NVIDIA A100-SXM4-40GB MIG 4g.20gb (0),1,,13,[CUDA memcpy Host-to-Device]
12411060035,23264,242856,69,4,1,48,1,1,76,0.002,0.000,,,,,NVIDIA A100-SXM4-40GB MIG 4g.20gb (0),1,,13,"void ch_est::windowedChEstPreNoDftSOfdmKernel<float, __half, float, (unsigned int)2, (unsigned int)1, (unsigned short)4>(ch_est::puschRxChEstStatDescr_t *, ch_est::puschRxChEstDynDescr_t *)"
12411543870,10175,242857,137,2,1,24,2,1,44,0.001,0.001,,,,,NVIDIA A100-SXM4-40GB MIG 4g.20gb (0),1,,13,"void ch_est::chEstFilterNoDftSOfdmDispatchKernel<float, __half, float, (unsigned int)2>(ch_est::puschRxChEstStatDescr_t *, ch_est::puschRxChEstDynDescr_t *)"
12411981497,13215,242858,137,2,1,24,2,1,44,0.001,0.001,,,,,NVIDIA A100-SXM4-40GB MIG 4g.20gb (0),1,,13,"void ch_est::chEstFilterNoDftSOfdmDispatchKernel<float, __half, float, (unsigned int)2>(ch_est::puschRxChEstStatDescr_t *, ch_est::puschRxChEstDynDescr_t *)"
12412434900,9119,242869,103,1,1,128,1,1,16,0.000,0.000,,,,,NVIDIA A100-SXM4-40GB MIG 4g.20gb (0),1,,13,cupy_copy__complex64_complex64
12412722704,22688,242879,1434,1,1,128,1,1,16,0.000,0.000,,,,,NVIDIA A100-SXM4-40GB MIG 4g.20gb (0),1,,13,cupy_copy__complex64_complex64
12413229259,6655,242886,103,1,1,128,1,1,16,0.000,0.000,,,,,NVIDIA A100-SXM4-40GB MIG 4g.20gb (0),1,,13,cupy_copy__complex64_complex64
12413805188,214718,242893,1,1,1,32,32,1,30,0.000,0.000,,,,,NVIDIA A100-SXM4-40GB MIG 4g.20gb (0),1,,13,"void convert_kernel<__half2, float2>(tensor_layout_any, T1 *, tensor_layout_any, const T2 *)"
12414049697,5632,242896,,,,,,,,,,0.094,16636.287,Pinned,Device,NVIDIA A100-SXM4-40GB MIG 4g.20gb (0),1,,13,[CUDA memcpy Host-to-Device]
12414668442,65600,242897,,,,,,,,,,35.810,545850.611,Device,,NVIDIA A100-SXM4-40GB MIG 4g.20gb (0),1,,13,[CUDA memset]
12414737338,1823,242899,,,,,,,,,,0.000,43.884,Pinned,Device,NVIDIA A100-SXM4-40GB MIG 4g.20gb (0),1,,13,[CUDA memcpy Host-to-Device]
12414746745,9696,242900,,,,,,,,,,0.197,20277.166,Pinned,Device,NVIDIA A100-SXM4-40GB MIG 4g.20gb (0),1,,13,[CUDA memcpy Host-to-Device]
12415414194,30656,242901,273,1,1,48,1,1,40,0.000,0.001,,,,,NVIDIA A100-SXM4-40GB MIG 4g.20gb (0),1,,13,"void pusch_noise_intf_est::noiseIntfEstNoDftSOfdmKernel<float, __half, float, float, (unsigned int)2, (unsigned int)1, (unsigned char)4, (unsigned char)4>(pusch_noise_intf_est::puschRxNoiseIntfEstDynDescr)"
12415903564,10240,242912,35,1,1,128,1,1,16,0.000,0.000,,,,,NVIDIA A100-SXM4-40GB MIG 4g.20gb (0),1,,13,cupy_copy__complex64_complex64
12416485094,5536,242921,1,1,1,1,1,1,18,0.000,0.000,,,,,NVIDIA A100-SXM4-40GB MIG 4g.20gb (0),1,,13,cupy_copy__float32_float32
12416493414,4352,242927,,,,,,,,,,0.000,0.919,Device,Pageable,NVIDIA A100-SXM4-40GB MIG 4g.20gb (0),1,,7,[CUDA memcpy Device-to-Host]
12417162078,29088,242938,1434,1,1,128,1,1,16,0.000,0.000,,,,,NVIDIA A100-SXM4-40GB MIG 4g.20gb (0),1,,13,cupy_copy__complex64_complex64
12417867094,9920,242945,103,1,1,128,1,1,16,0.000,0.000,,,,,NVIDIA A100-SXM4-40GB MIG 4g.20gb (0),1,,13,cupy_copy__complex64_complex64
12418318417,3776,242952,35,1,1,128,1,1,16,0.000,0.000,,,,,NVIDIA A100-SXM4-40GB MIG 4g.20gb (0),1,,13,cupy_copy__complex64_complex64
12418811660,4319,242959,1,1,1,1,1,1,18,0.000,0.000,,,,,NVIDIA A100-SXM4-40GB MIG 4g.20gb (0),1,,13,cupy_copy__float32_float32
12419127912,258301,242970,1,1,1,32,32,1,30,0.000,0.000,,,,,NVIDIA A100-SXM4-40GB MIG 4g.20gb (0),1,,13,"void convert_kernel<__half2, float2>(tensor_layout_any, T1 *, tensor_layout_any, const T2 *)"
12419417637,8320,242973,,,,,,,,,,0.094,11261.510,Pinned,Device,NVIDIA A100-SXM4-40GB MIG 4g.20gb (0),1,,13,[CUDA memcpy Host-to-Device]
12419979582,8608,242974,,,,,,,,,,1.547,179672.857,Device,,NVIDIA A100-SXM4-40GB MIG 4g.20gb (0),1,,13,[CUDA memset]
12419994590,6656,242979,,,,,,,,,,0.031,4701.911,Pinned,Device,NVIDIA A100-SXM4-40GB MIG 4g.20gb (0),1,,13,[CUDA memcpy Host-to-Device]
12420004254,12768,242980,,,,,,,,,,0.197,15398.339,Pinned,Device,NVIDIA A100-SXM4-40GB MIG 4g.20gb (0),1,,13,[CUDA memcpy Host-to-Device]
12420574712,31871,242981,273,1,1,8,4,1,39,0.002,0.000,,,,,NVIDIA A100-SXM4-40GB MIG 4g.20gb (0),1,,13,"void channel_eq::eqMmseCoefCompLowMimoKernel<float, float, float, (unsigned int)4, (unsigned int)1, (unsigned int)4>(const channel_eq::_puschRxChEqStatDescr *, channel_eq::_puschRxChEqCoefCompDynDescr)"
12421163697,27744,242982,273,1,1,12,11,1,51,0.002,0.000,,,,,NVIDIA A100-SXM4-40GB MIG 4g.20gb (0),1,,13,"void channel_eq::eqMmseSoftDemapKernel<float, __half, __half, float, (unsigned int)4, (unsigned short)16383>(channel_eq::_puschRxChEqStatDescr *, channel_eq::_puschRxChEqSoftDemapDynDescr)"
12421807850,681016,242983,1,1,1,32,32,1,30,0.000,0.000,,,,,NVIDIA A100-SXM4-40GB MIG 4g.20gb (0),1,,13,"void convert_kernel<float2, __half2>(tensor_layout_any, T1 *, tensor_layout_any, const T2 *)"
12422790879,29663,242995,2253,1,1,128,1,1,16,0.000,0.000,,,,,NVIDIA A100-SXM4-40GB MIG 4g.20gb (0),1,,13,cupy_copy__float16_float16
12423271769,12960,243004,282,1,1,128,1,1,16,0.000,0.000,,,,,NVIDIA A100-SXM4-40GB MIG 4g.20gb (0),1,,13,cupy_copy__complex64_complex64
12423751156,5152,243013,26,1,1,128,1,1,16,0.000,0.000,,,,,NVIDIA A100-SXM4-40GB MIG 4g.20gb (0),1,,13,cupy_copy__float32_float32
12424179471,4832,243022,103,1,1,128,1,1,16,0.000,0.000,,,,,NVIDIA A100-SXM4-40GB MIG 4g.20gb (0),1,,13,cupy_copy__complex64_complex64
12424641930,22047,243032,1434,1,1,128,1,1,16,0.000,0.000,,,,,NVIDIA A100-SXM4-40GB MIG 4g.20gb (0),1,,13,cupy_copy__complex64_complex64
12425171172,245821,243037,1,1,1,32,32,1,30,0.000,0.000,,,,,NVIDIA A100-SXM4-40GB MIG 4g.20gb (0),1,,13,"void convert_kernel<__half2, float2>(tensor_layout_any, T1 *, tensor_layout_any, const T2 *)"
12425447649,8448,243040,,,,,,,,,,0.094,11090.889,Pinned,Device,NVIDIA A100-SXM4-40GB MIG 4g.20gb (0),1,,13,[CUDA memcpy Host-to-Device]
12425959451,613337,243041,,,,,,,,,,456.561,744195.147,Device,,NVIDIA A100-SXM4-40GB MIG 4g.20gb (0),1,,13,[CUDA memset]
12426581972,57791,243046,,,,,,,,,,1.235,21368.236,Pinned,Device,NVIDIA A100-SXM4-40GB MIG 4g.20gb (0),1,,13,[CUDA memcpy Host-to-Device]
12426642515,12960,243047,,,,,,,,,,0.197,15170.273,Pinned,Device,NVIDIA A100-SXM4-40GB MIG 4g.20gb (0),1,,13,[CUDA memcpy Host-to-Device]
12427131406,11328,243048,69,4,1,48,1,1,76,0.002,0.000,,,,,NVIDIA A100-SXM4-40GB MIG 4g.20gb (0),1,,13,"void ch_est::windowedChEstPreNoDftSOfdmKernel<float, __half, float, (unsigned int)2, (unsigned int)1, (unsigned short)4>(ch_est::puschRxChEstStatDescr_t *, ch_est::puschRxChEstDynDescr_t *)"
12427554953,9952,243049,137,2,1,24,2,1,44,0.001,0.001,,,,,NVIDIA A100-SXM4-40GB MIG 4g.20gb (0),1,,13,"void ch_est::chEstFilterNoDftSOfdmDispatchKernel<float, __half, float, (unsigned int)2>(ch_est::puschRxChEstStatDescr_t *, ch_est::puschRxChEstDynDescr_t *)"
12428009252,25407,243050,137,2,1,24,2,1,44,0.001,0.001,,,,,NVIDIA A100-SXM4-40GB MIG 4g.20gb (0),1,,13,"void ch_est::chEstFilterNoDftSOfdmDispatchKernel<float, __half, float, (unsigned int)2>(ch_est::puschRxChEstStatDescr_t *, ch_est::puschRxChEstDynDescr_t *)"
12428408767,5696,243061,103,1,1,128,1,1,16,0.000,0.000,,,,,NVIDIA A100-SXM4-40GB MIG 4g.20gb (0),1,,13,cupy_copy__complex64_complex64
12428955065,24192,243071,1434,1,1,128,1,1,16,0.000,0.000,,,,,NVIDIA A100-SXM4-40GB MIG 4g.20gb (0),1,,13,cupy_copy__complex64_complex64
12429493523,9408,243078,103,1,1,128,1,1,16,0.000,0.000,,,,,NVIDIA A100-SXM4-40GB MIG 4g.20gb (0),1,,13,cupy_copy__complex64_complex64
12429958702,250621,243085,1,1,1,32,32,1,30,0.000,0.000,,,,,NVIDIA A100-SXM4-40GB MIG 4g.20gb (0),1,,13,"void convert_kernel<__half2, float2>(tensor_layout_any, T1 *, tensor_layout_any, const T2 *)"
12430240203,8671,243088,,,,,,,,,,0.094,10805.585,Pinned,Device,NVIDIA A100-SXM4-40GB MIG 4g.20gb (0),1,,13,[CUDA memcpy Host-to-Device]
12430632230,56063,243089,,,,,,,,,,35.810,638741.543,Device,,NVIDIA A100-SXM4-40GB MIG 4g.20gb (0),1,,13,[CUDA memset]
12430695013,4032,243091,,,,,,,,,,0.000,19.841,Pinned,Device,NVIDIA A100-SXM4-40GB MIG 4g.20gb (0),1,,13,[CUDA memcpy Host-to-Device]
12430702309,9504,243092,,,,,,,,,,0.197,20686.701,Pinned,Device,NVIDIA A100-SXM4-40GB MIG 4g.20gb (0),1,,13,[CUDA memcpy Host-to-Device]
12431232287,18400,243093,273,1,1,48,1,1,40,0.000,0.001,,,,,NVIDIA A100-SXM4-40GB MIG 4g.20gb (0),1,,13,"void pusch_noise_intf_est::noiseIntfEstNoDftSOfdmKernel<float, __half, float, float, (unsigned int)2, (unsigned int)1, (unsigned char)4, (unsigned char)4>(pusch_noise_intf_est::puschRxNoiseIntfEstDynDescr)"
12431780185,6048,243104,35,1,1,128,1,1,16,0.000,0.000,,,,,NVIDIA A100-SXM4-40GB MIG 4g.20gb (0),1,,13,cupy_copy__complex64_complex64
12432353299,4096,243113,1,1,1,1,1,1,18,0.000,0.000,,,,,NVIDIA A100-SXM4-40GB MIG 4g.20gb (0),1,,13,cupy_copy__float32_float32
12432365011,2560,243119,,,,,,,,,,0.000,1.562,Device,Pageable,NVIDIA A100-SXM4-40GB MIG 4g.20gb (0),1,,7,[CUDA memcpy Device-to-Host]
12433030059,19808,243130,1434,1,1,128,1,1,16,0.000,0.000,,,,,NVIDIA A100-SXM4-40GB MIG 4g.20gb (0),1,,13,cupy_copy__complex64_complex64
12433563749,5728,243137,103,1,1,128,1,1,16,0.000,0.000,,,,,NVIDIA A100-SXM4-40GB MIG 4g.20gb (0),1,,13,cupy_copy__complex64_complex64
12434101919,7872,243144,35,1,1,128,1,1,16,0.000,0.000,,,,,NVIDIA A100-SXM4-40GB MIG 4g.20gb (0),1,,13,cupy_copy__complex64_complex64
12434559386,2976,243151,1,1,1,1,1,1,18,0.000,0.000,,,,,NVIDIA A100-SXM4-40GB MIG 4g.20gb (0),1,,13,cupy_copy__float32_float32
12435106420,298908,243162,1,1,1,32,32,1,30,0.000,0.000,,,,,NVIDIA A100-SXM4-40GB MIG 4g.20gb (0),1,,13,"void convert_kernel<__half2, float2>(tensor_layout_any, T1 *, tensor_layout_any, const T2 *)"
12435435152,5952,243165,,,,,,,,,,0.094,15741.865,Pinned,Device,NVIDIA A100-SXM4-40GB MIG 4g.20gb (0),1,,13,[CUDA memcpy Host-to-Device]
12436067625,5696,243166,,,,,,,,,,1.547,271526.856,Device,,NVIDIA A100-SXM4-40GB MIG 4g.20gb (0),1,,13,[CUDA memset]
12436080425,3872,243171,,,,,,,,,,0.031,8082.630,Pinned,Device,NVIDIA A100-SXM4-40GB MIG 4g.20gb (0),1,,13,[CUDA memcpy Host-to-Device]
12436089993,9791,243172,,,,,,,,,,0.197,20080.361,Pinned,Device,NVIDIA A100-SXM4-40GB MIG 4g.20gb (0),1,,13,[CUDA memcpy Host-to-Device]
12436715105,18016,243173,273,1,1,8,4,1,39,0.002,0.000,,,,,NVIDIA A100-SXM4-40GB MIG 4g.20gb (0),1,,13,"void channel_eq::eqMmseCoefCompLowMimoKernel<float, float, float, (unsigned int)4, (unsigned int)1, (unsigned int)4>(const channel_eq::_puschRxChEqStatDescr *, channel_eq::_puschRxChEqCoefCompDynDescr)"
12437311003,29247,243174,273,1,1,12,11,1,51,0.002,0.000,,,,,NVIDIA A100-SXM4-40GB MIG 4g.20gb (0),1,,13,"void channel_eq::eqMmseSoftDemapKernel<float, __half, __half, float, (unsigned int)4, (unsigned short)16383>(channel_eq::_puschRxChEqStatDescr *, channel_eq::_puschRxChEqSoftDemapDynDescr)"
12437834357,690808,243175,1,1,1,32,32,1,30,0.000,0.000,,,,,NVIDIA A100-SXM4-40GB MIG 4g.20gb (0),1,,13,"void convert_kernel<float2, __half2>(tensor_layout_any, T1 *, tensor_layout_any, const T2 *)"
12438934152,15520,243187,2253,1,1,128,1,1,16,0.000,0.000,,,,,NVIDIA A100-SXM4-40GB MIG 4g.20gb (0),1,,13,cupy_copy__float16_float16
12439467330,13824,243196,282,1,1,128,1,1,16,0.000,0.000,,,,,NVIDIA A100-SXM4-40GB MIG 4g.20gb (0),1,,13,cupy_copy__complex64_complex64
12439913853,3776,243205,26,1,1,128,1,1,16,0.000,0.000,,,,,NVIDIA A100-SXM4-40GB MIG 4g.20gb (0),1,,13,cupy_copy__float32_float32
12440368312,8288,243214,103,1,1,128,1,1,16,0.000,0.000,,,,,NVIDIA A100-SXM4-40GB MIG 4g.20gb (0),1,,13,cupy_copy__complex64_complex64
12440975793,24832,243224,1434,1,1,128,1,1,16,0.000,0.000,,,,,NVIDIA A100-SXM4-40GB MIG 4g.20gb (0),1,,13,cupy_copy__complex64_complex64
12441299598,251101,243229,1,1,1,32,32,1,30,0.000,0.000,,,,,NVIDIA A100-SXM4-40GB MIG 4g.20gb (0),1,,13,"void convert_kernel<__half2, float2>(tensor_layout_any, T1 *, tensor_layout_any, const T2 *)"
12441581483,5951,243232,,,,,,,,,,0.094,15744.488,Pinned,Device,NVIDIA A100-SXM4-40GB MIG 4g.20gb (0),1,,13,[CUDA memcpy Host-to-Device]
12441969670,622201,243233,,,,,,,,,,456.561,733694.234,Device,,NVIDIA A100-SXM4-40GB MIG 4g.20gb (0),1,,13,[CUDA memset]
12442597023,62943,243238,,,,,,,,,,1.235,19619.555,Pinned,Device,NVIDIA A100-SXM4-40GB MIG 4g.20gb (0),1,,13,[CUDA memcpy Host-to-Device]
12442662750,15904,243239,,,,,,,,,,0.197,12362.121,Pinned,Device,NVIDIA A100-SXM4-40GB MIG 4g.20gb (0),1,,13,[CUDA memcpy Host-to-Device]
12443060666,21952,243240,69,4,1,48,1,1,76,0.002,0.000,,,,,NVIDIA A100-SXM4-40GB MIG 4g.20gb (0),1,,13,"void ch_est::windowedChEstPreNoDftSOfdmKernel<float, __half, float, (unsigned int)2, (unsigned int)1, (unsigned short)4>(ch_est::puschRxChEstStatDescr_t *, ch_est::puschRxChEstDynDescr_t *)"
12443573908,34080,243241,137,2,1,24,2,1,44,0.001,0.001,,,,,NVIDIA A100-SXM4-40GB MIG 4g.20gb (0),1,,13,"void ch_est::chEstFilterNoDftSOfdmDispatchKernel<float, __half, float, (unsigned int)2>(ch_est::puschRxChEstStatDescr_t *, ch_est::puschRxChEstDynDescr_t *)"
12444015119,29984,243242,137,2,1,24,2,1,44,0.001,0.001,,,,,NVIDIA A100-SXM4-40GB MIG 4g.20gb (0),1,,13,"void ch_est::chEstFilterNoDftSOfdmDispatchKernel<float, __half, float, (unsigned int)2>(ch_est::puschRxChEstStatDescr_t *, ch_est::puschRxChEstDynDescr_t *)"
12444796774,4064,243253,103,1,1,128,1,1,16,0.000,0.000,,,,,NVIDIA A100-SXM4-40GB MIG 4g.20gb (0),1,,13,cupy_copy__complex64_complex64
12445494974,17024,243263,1434,1,1,128,1,1,16,0.000,0.000,,,,,NVIDIA A100-SXM4-40GB MIG 4g.20gb (0),1,,13,cupy_copy__complex64_complex64
12446052952,12288,243270,103,1,1,128,1,1,16,0.000,0.000,,,,,NVIDIA A100-SXM4-40GB MIG 4g.20gb (0),1,,13,cupy_copy__complex64_complex64
12446667793,254685,243277,1,1,1,32,32,1,30,0.000,0.000,,,,,NVIDIA A100-SXM4-40GB MIG 4g.20gb (0),1,,13,"void convert_kernel<__half2, float2>(tensor_layout_any, T1 *, tensor_layout_any, const T2 *)"
12446956366,9280,243280,,,,,,,,,,0.094,10096.494,Pinned,Device,NVIDIA A100-SXM4-40GB MIG 4g.20gb (0),1,,13,[CUDA memcpy Host-to-Device]
12447653542,59775,243281,,,,,,,,,,35.810,599064.152,Device,,NVIDIA A100-SXM4-40GB MIG 4g.20gb (0),1,,13,[CUDA memset]
12447721413,2080,243283,,,,,,,,,,0.000,38.462,Pinned,Device,NVIDIA A100-SXM4-40GB MIG 4g.20gb (0),1,,13,[CUDA memcpy Host-to-Device]
12447726181,15264,243284,,,,,,,,,,0.197,12880.380,Pinned,Device,NVIDIA A100-SXM4-40GB MIG 4g.20gb (0),1,,13,[CUDA memcpy Host-to-Device]
12448569564,26591,243285,273,1,1,48,1,1,40,0.000,0.001,,,,,NVIDIA A100-SXM4-40GB MIG 4g.20gb (0),1,,13,"void pusch_noise_intf_est::noiseIntfEstNoDftSOfdmKernel<float, __half, float, float, (unsigned int)2, (unsigned int)1, (unsigned char)4, (unsigned char)4>(pusch_noise_intf_est::puschRxNoiseIntfEstDynDescr)"
12449186453,4064,243296,35,1,1,128,1,1,16,0.000,0.000,,,,,NVIDIA A100-SXM4-40GB MIG 4g.20gb (0),1,,13,cupy_copy__complex64_complex64
12449711823,3712,243305,1,1,1,1,1,1,18,0.000,0.000,,,,,NVIDIA A100-SXM4-40GB MIG 4g.20gb (0),1,,13,cupy_copy__float32_float32
12449717711,1984,243311,,,,,,,,,,0.000,2.016,Device,Pageable,NVIDIA A100-SXM4-40GB MIG 4g.20gb (0),1,,7,[CUDA memcpy Device-to-Host]
12450555909,18656,243322,1434,1,1,128,1,1,16,0.000,0.000,,,,,NVIDIA A100-SXM4-40GB MIG 4g.20gb (0),1,,13,cupy_copy__complex64_complex64
12451382460,4768,243329,103,1,1,128,1,1,16,0.000,0.000,,,,,NVIDIA A100-SXM4-40GB MIG 4g.20gb (0),1,,13,cupy_copy__complex64_complex64
12452143283,8416,243336,35,1,1,128,1,1,16,0.000,0.000,,,,,NVIDIA A100-SXM4-40GB MIG 4g.20gb (0),1,,13,cupy_copy__complex64_complex64
12452889515,3104,243343,1,1,1,1,1,1,18,0.000,0.000,,,,,NVIDIA A100-SXM4-40GB MIG 4g.20gb (0),1,,13,cupy_copy__float32_float32
12453647298,284221,243354,1,1,1,32,32,1,30,0.000,0.000,,,,,NVIDIA A100-SXM4-40GB MIG 4g.20gb (0),1,,13,"void convert_kernel<__half2, float2>(tensor_layout_any, T1 *, tensor_layout_any, const T2 *)"
12453964287,8832,243357,,,,,,,,,,0.094,10608.636,Pinned,Device,NVIDIA A100-SXM4-40GB MIG 4g.20gb (0),1,,13,[CUDA memcpy Host-to-Device]
12454787285,7616,243358,,,,,,,,,,1.547,203074.824,Device,,NVIDIA A100-SXM4-40GB MIG 4g.20gb (0),1,,13,[CUDA memset]
12454797685,3488,243363,,,,,,,,,,0.031,8972.469,Pinned,Device,NVIDIA A100-SXM4-40GB MIG 4g.20gb (0),1,,13,[CUDA memcpy Host-to-Device]
12454803605,10400,243364,,,,,,,,,,0.197,18904.449,Pinned,Device,NVIDIA A100-SXM4-40GB MIG 4g.20gb (0),1,,13,[CUDA memcpy Host-to-Device]
12455322447,23712,243365,273,1,1,8,4,1,39,0.002,0.000,,,,,NVIDIA A100-SXM4-40GB MIG 4g.20gb (0),1,,13,"void channel_eq::eqMmseCoefCompLowMimoKernel<float, float, float, (unsigned int)4, (unsigned int)1, (unsigned int)4>(const channel_eq::_puschRxChEqStatDescr *, channel_eq::_puschRxChEqCoefCompDynDescr)"
12455754571,24255,243366,273,1,1,12,11,1,51,0.002,0.000,,,,,NVIDIA A100-SXM4-40GB MIG 4g.20gb (0),1,,13,"void channel_eq::eqMmseSoftDemapKernel<float, __half, __half, float, (unsigned int)4, (unsigned short)16383>(channel_eq::_puschRxChEqStatDescr *, channel_eq::_puschRxChEqSoftDemapDynDescr)"
12456114215,557625,243367,1,1,1,32,32,1,30,0.000,0.000,,,,,NVIDIA A100-SXM4-40GB MIG 4g.20gb (0),1,,13,"void convert_kernel<float2, __half2>(tensor_layout_any, T1 *, tensor_layout_any, const T2 *)"
12456996029,25407,243379,2253,1,1,128,1,1,16,0.000,0.000,,,,,NVIDIA A100-SXM4-40GB MIG 4g.20gb (0),1,,13,cupy_copy__float16_float16
12457362072,14976,243388,282,1,1,128,1,1,16,0.000,0.000,,,,,NVIDIA A100-SXM4-40GB MIG 4g.20gb (0),1,,13,cupy_copy__complex64_complex64
12457570678,4896,243397,26,1,1,128,1,1,16,0.000,0.000,,,,,NVIDIA A100-SXM4-40GB MIG 4g.20gb (0),1,,13,cupy_copy__float32_float32
12457982609,10912,243406,103,1,1,128,1,1,16,0.000,0.000,,,,,NVIDIA A100-SXM4-40GB MIG 4g.20gb (0),1,,13,cupy_copy__complex64_complex64
12458480012,23360,243416,1434,1,1,128,1,1,16,0.000,0.000,,,,,NVIDIA A100-SXM4-40GB MIG 4g.20gb (0),1,,13,cupy_copy__complex64_complex64
12458961222,249694,243421,1,1,1,32,32,1,30,0.000,0.000,,,,,NVIDIA A100-SXM4-40GB MIG 4g.20gb (0),1,,13,"void convert_kernel<__half2, float2>(tensor_layout_any, T1 *, tensor_layout_any, const T2 *)"
12459242467,5696,243424,,,,,,,,,,0.094,16449.363,Pinned,Device,NVIDIA A100-SXM4-40GB MIG 4g.20gb (0),1,,13,[CUDA memcpy Host-to-Device]
12459710910,616793,243425,,,,,,,,,,456.561,740086.094,Device,,NVIDIA A100-SXM4-40GB MIG 4g.20gb (0),1,,13,[CUDA memset]
12460334647,56127,243430,,,,,,,,,,1.235,22001.762,Pinned,Device,NVIDIA A100-SXM4-40GB MIG 4g.20gb (0),1,,13,[CUDA memcpy Host-to-Device]
12460393494,9440,243431,,,,,,,,,,0.197,20827.079,Pinned,Device,NVIDIA A100-SXM4-40GB MIG 4g.20gb (0),1,,13,[CUDA memcpy Host-to-Device]
12460980080,13695,243432,69,4,1,48,1,1,76,0.002,0.000,,,,,NVIDIA A100-SXM4-40GB MIG 4g.20gb (0),1,,13,"void ch_est::windowedChEstPreNoDftSOfdmKernel<float, __half, float, (unsigned int)2, (unsigned int)1, (unsigned short)4>(ch_est::puschRxChEstStatDescr_t *, ch_est::puschRxChEstDynDescr_t *)"
12461444042,27968,243433,137,2,1,24,2,1,44,0.001,0.001,,,,,NVIDIA A100-SXM4-40GB MIG 4g.20gb (0),1,,13,"void ch_est::chEstFilterNoDftSOfdmDispatchKernel<float, __half, float, (unsigned int)2>(ch_est::puschRxChEstStatDescr_t *, ch_est::puschRxChEstDynDescr_t *)"
12462092963,26752,243434,137,2,1,24,2,1,44,0.001,0.001,,,,,NVIDIA A100-SXM4-40GB MIG 4g.20gb (0),1,,13,"void ch_est::chEstFilterNoDftSOfdmDispatchKernel<float, __half, float, (unsigned int)2>(ch_est::puschRxChEstStatDescr_t *, ch_est::puschRxChEstDynDescr_t *)"
12462628637,4256,243445,103,1,1,128,1,1,16,0.000,0.000,,,,,NVIDIA A100-SXM4-40GB MIG 4g.20gb (0),1,,13,cupy_copy__complex64_complex64
12463173495,17824,243455,1434,1,1,128,1,1,16,0.000,0.000,,,,,NVIDIA A100-SXM4-40GB MIG 4g.20gb (0),1,,13,cupy_copy__complex64_complex64
12463640850,4064,243462,103,1,1,128,1,1,16,0.000,0.000,,,,,NVIDIA A100-SXM4-40GB MIG 4g.20gb (0),1,,13,cupy_copy__complex64_complex64
12464210827,253309,243469,1,1,1,32,32,1,30,0.000,0.000,,,,,NVIDIA A100-SXM4-40GB MIG 4g.20gb (0),1,,13,"void convert_kernel<__half2, float2>(tensor_layout_any, T1 *, tensor_layout_any, const T2 *)"
12464494088,13664,243472,,,,,,,,,,0.094,6857.142,Pinned,Device,NVIDIA A100-SXM4-40GB MIG 4g.20gb (0),1,,13,[CUDA memcpy Host-to-Device]
12465046530,50399,243473,,,,,,,,,,35.810,710504.623,Device,,NVIDIA A100-SXM4-40GB MIG 4g.20gb (0),1,,13,[CUDA memset]
12465102849,4576,243475,,,,,,,,,,0.000,17.482,Pinned,Device,NVIDIA A100-SXM4-40GB MIG 4g.20gb (0),1,,13,[CUDA memcpy Host-to-Device]
12465113217,9440,243476,,,,,,,,,,0.197,20827.079,Pinned,Device,NVIDIA A100-SXM4-40GB MIG 4g.20gb (0),1,,13,[CUDA memcpy Host-to-Device]
12465756858,28543,243477,273,1,1,48,1,1,40,0.000,0.001,,,,,NVIDIA A100-SXM4-40GB MIG 4g.20gb (0),1,,13,"void pusch_noise_intf_est::noiseIntfEstNoDftSOfdmKernel<float, __half, float, float, (unsigned int)2, (unsigned int)1, (unsigned char)4, (unsigned char)4>(pusch_noise_intf_est::puschRxNoiseIntfEstDynDescr)"
12466314771,4320,243488,35,1,1,128,1,1,16,0.000,0.000,,,,,NVIDIA A100-SXM4-40GB MIG 4g.20gb (0),1,,13,cupy_copy__complex64_complex64
12466884109,3488,243497,1,1,1,1,1,1,18,0.000,0.000,,,,,NVIDIA A100-SXM4-40GB MIG 4g.20gb (0),1,,13,cupy_copy__float32_float32
12466892237,1728,243503,,,,,,,,,,0.000,2.315,Device,Pageable,NVIDIA A100-SXM4-40GB MIG 4g.20gb (0),1,,7,[CUDA memcpy Device-to-Host]
12467534630,19103,243514,1434,1,1,128,1,1,16,0.000,0.000,,,,,NVIDIA A100-SXM4-40GB MIG 4g.20gb (0),1,,13,cupy_copy__complex64_complex64
12467955425,5696,243521,103,1,1,128,1,1,16,0.000,0.000,,,,,NVIDIA A100-SXM4-40GB MIG 4g.20gb (0),1,,13,cupy_copy__complex64_complex64
12468481307,5600,243528,35,1,1,128,1,1,16,0.000,0.000,,,,,NVIDIA A100-SXM4-40GB MIG 4g.20gb (0),1,,13,cupy_copy__complex64_complex64
12469069044,5120,243535,1,1,1,1,1,1,18,0.000,0.000,,,,,NVIDIA A100-SXM4-40GB MIG 4g.20gb (0),1,,13,cupy_copy__float32_float32
12469526895,287485,243546,1,1,1,32,32,1,30,0.000,0.000,,,,,NVIDIA A100-SXM4-40GB MIG 4g.20gb (0),1,,13,"void convert_kernel<__half2, float2>(tensor_layout_any, T1 *, tensor_layout_any, const T2 *)"
12469845868,5919,243549,,,,,,,,,,0.094,15829.658,Pinned,Device,NVIDIA A100-SXM4-40GB MIG 4g.20gb (0),1,,13,[CUDA memcpy Host-to-Device]
12470090921,8544,243550,,,,,,,,,,1.547,181018.420,Device,,NVIDIA A100-SXM4-40GB MIG 4g.20gb (0),1,,13,[CUDA memset]
12470106377,5632,243555,,,,,,,,,,0.031,5556.793,Pinned,Device,NVIDIA A100-SXM4-40GB MIG 4g.20gb (0),1,,13,[CUDA memcpy Host-to-Device]
12470114697,10207,243556,,,,,,,,,,0.197,19261.882,Pinned,Device,NVIDIA A100-SXM4-40GB MIG 4g.20gb (0),1,,13,[CUDA memcpy Host-to-Device]
12470538212,30655,243557,273,1,1,8,4,1,39,0.002,0.000,,,,,NVIDIA A100-SXM4-40GB MIG 4g.20gb (0),1,,13,"void channel_eq::eqMmseCoefCompLowMimoKernel<float, float, float, (unsigned int)4, (unsigned int)1, (unsigned int)4>(const channel_eq::_puschRxChEqStatDescr *, channel_eq::_puschRxChEqCoefCompDynDescr)"
12470996831,24479,243558,273,1,1,12,11,1,51,0.002,0.000,,,,,NVIDIA A100-SXM4-40GB MIG 4g.20gb (0),1,,13,"void channel_eq::eqMmseSoftDemapKernel<float, __half, __half, float, (unsigned int)4, (unsigned short)16383>(channel_eq::_puschRxChEqStatDescr *, channel_eq::_puschRxChEqSoftDemapDynDescr)"
12471456249,554426,243559,1,1,1,32,32,1,30,0.000,0.000,,,,,NVIDIA A100-SXM4-40GB MIG 4g.20gb (0),1,,13,"void convert_kernel<float2, __half2>(tensor_layout_any, T1 *, tensor_layout_any, const T2 *)"
12472460302,17024,243571,2253,1,1,128,1,1,16,0.000,0.000,,,,,NVIDIA A100-SXM4-40GB MIG 4g.20gb (0),1,,13,cupy_copy__float16_float16
12472925161,15616,243580,282,1,1,128,1,1,16,0.000,0.000,,,,,NVIDIA A100-SXM4-40GB MIG 4g.20gb (0),1,,13,cupy_copy__complex64_complex64
12473137158,5856,243589,26,1,1,128,1,1,16,0.000,0.000,,,,,NVIDIA A100-SXM4-40GB MIG 4g.20gb (0),1,,13,cupy_copy__float32_float32
12473554850,16351,243598,103,1,1,128,1,1,16,0.000,0.000,,,,,NVIDIA A100-SXM4-40GB MIG 4g.20gb (0),1,,13,cupy_copy__complex64_complex64
12474011133,20287,243608,1434,1,1,128,1,1,16,0.000,0.000,,,,,NVIDIA A100-SXM4-40GB MIG 4g.20gb (0),1,,13,cupy_copy__complex64_complex64
12474478679,274333,243613,1,1,1,32,32,1,30,0.000,0.000,,,,,NVIDIA A100-SXM4-40GB MIG 4g.20gb (0),1,,13,"void convert_kernel<__half2, float2>(tensor_layout_any, T1 *, tensor_layout_any, const T2 *)"
12474783444,5472,243616,,,,,,,,,,0.094,17122.757,Pinned,Device,NVIDIA A100-SXM4-40GB MIG 4g.20gb (0),1,,13,[CUDA memcpy Host-to-Device]
12475311054,606937,243617,,,,,,,,,,456.561,751956.692,Device,,NVIDIA A100-SXM4-40GB MIG 4g.20gb (0),1,,13,[CUDA memset]
12475924391,60895,243622,,,,,,,,,,1.235,20279.015,Pinned,Device,NVIDIA A100-SXM4-40GB MIG 4g.20gb (0),1,,13,[CUDA memcpy Host-to-Device]
12475987974,9568,243623,,,,,,,,,,0.197,20548.485,Pinned,Device,NVIDIA A100-SXM4-40GB MIG 4g.20gb (0),1,,13,[CUDA memcpy Host-to-Device]
12476810013,21888,243624,69,4,1,48,1,1,76,0.002,0.000,,,,,NVIDIA A100-SXM4-40GB MIG 4g.20gb (0),1,,13,"void ch_est::windowedChEstPreNoDftSOfdmKernel<float, __half, float, (unsigned int)2, (unsigned int)1, (unsigned short)4>(ch_est::puschRxChEstStatDescr_t *, ch_est::puschRxChEstDynDescr_t *)"
12477348311,16640,243625,137,2,1,24,2,1,44,0.001,0.001,,,,,NVIDIA A100-SXM4-40GB MIG 4g.20gb (0),1,,13,"void ch_est::chEstFilterNoDftSOfdmDispatchKernel<float, __half, float, (unsigned int)2>(ch_est::puschRxChEstStatDescr_t *, ch_est::puschRxChEstDynDescr_t *)"
12478108174,9792,243626,137,2,1,24,2,1,44,0.001,0.001,,,,,NVIDIA A100-SXM4-40GB MIG 4g.20gb (0),1,,13,"void ch_est::chEstFilterNoDftSOfdmDispatchKernel<float, __half, float, (unsigned int)2>(ch_est::puschRxChEstStatDescr_t *, ch_est::puschRxChEstDynDescr_t *)"
12478668136,9856,243637,103,1,1,128,1,1,16,0.000,0.000,,,,,NVIDIA A100-SXM4-40GB MIG 4g.20gb (0),1,,13,cupy_copy__complex64_complex64
12479120707,20672,243647,1434,1,1,128,1,1,16,0.000,0.000,,,,,NVIDIA A100-SXM4-40GB MIG 4g.20gb (0),1,,13,cupy_copy__complex64_complex64
12479593022,8127,243654,103,1,1,128,1,1,16,0.000,0.000,,,,,NVIDIA A100-SXM4-40GB MIG 4g.20gb (0),1,,13,cupy_copy__complex64_complex64
12479906970,244093,243661,1,1,1,32,32,1,30,0.000,0.000,,,,,NVIDIA A100-SXM4-40GB MIG 4g.20gb (0),1,,13,"void convert_kernel<__half2, float2>(tensor_layout_any, T1 *, tensor_layout_any, const T2 *)"
12480184279,7776,243664,,,,,,,,,,0.094,12049.306,Pinned,Device,NVIDIA A100-SXM4-40GB MIG 4g.20gb (0),1,,13,[CUDA memcpy Host-to-Device]
12480581170,56640,243665,,,,,,,,,,35.810,632224.138,Device,,NVIDIA A100-SXM4-40GB MIG 4g.20gb (0),1,,13,[CUDA memset]
12480641330,1888,243667,,,,,,,,,,0.000,42.373,Pinned,Device,NVIDIA A100-SXM4-40GB MIG 4g.20gb (0),1,,13,[CUDA memcpy Host-to-Device]
12480645650,10048,243668,,,,,,,,,,0.197,19566.821,Pinned,Device,NVIDIA A100-SXM4-40GB MIG 4g.20gb (0),1,,13,[CUDA memcpy Host-to-Device]
12481095437,27423,243669,273,1,1,48,1,1,40,0.000,0.001,,,,,NVIDIA A100-SXM4-40GB MIG 4g.20gb (0),1,,13,"void pusch_noise_intf_est::noiseIntfEstNoDftSOfdmKernel<float, __half, float, float, (unsigned int)2, (unsigned int)1, (unsigned char)4, (unsigned char)4>(pusch_noise_intf_est::puschRxNoiseIntfEstDynDescr)"
12481299882,6368,243680,35,1,1,128,1,1,16,0.000,0.000,,,,,NVIDIA A100-SXM4-40GB MIG 4g.20gb (0),1,,13,cupy_copy__complex64_complex64
12481747301,3776,243689,1,1,1,1,1,1,18,0.000,0.000,,,,,NVIDIA A100-SXM4-40GB MIG 4g.20gb (0),1,,13,cupy_copy__float32_float32
12481756037,1568,243695,,,,,,,,,,0.000,2.551,Device,Pageable,NVIDIA A100-SXM4-40GB MIG 4g.20gb (0),1,,7,[CUDA memcpy Device-to-Host]
12482236512,21503,243706,1434,1,1,128,1,1,16,0.000,0.000,,,,,NVIDIA A100-SXM4-40GB MIG 4g.20gb (0),1,,13,cupy_copy__complex64_complex64
12482602940,4128,243713,103,1,1,128,1,1,16,0.000,0.000,,,,,NVIDIA A100-SXM4-40GB MIG 4g.20gb (0),1,,13,cupy_copy__complex64_complex64
12482983319,6272,243720,35,1,1,128,1,1,16,0.000,0.000,,,,,NVIDIA A100-SXM4-40GB MIG 4g.20gb (0),1,,13,cupy_copy__complex64_complex64
12483192949,4352,243727,1,1,1,1,1,1,18,0.000,0.000,,,,,NVIDIA A100-SXM4-40GB MIG 4g.20gb (0),1,,13,cupy_copy__float32_float32
12483758895,256221,243738,1,1,1,32,32,1,30,0.000,0.000,,,,,NVIDIA A100-SXM4-40GB MIG 4g.20gb (0),1,,13,"void convert_kernel<__half2, float2>(tensor_layout_any, T1 *, tensor_layout_any, const T2 *)"
12484046795,9728,243741,,,,,,,,,,0.094,9631.574,Pinned,Device,NVIDIA A100-SXM4-40GB MIG 4g.20gb (0),1,,13,[CUDA memcpy Host-to-Device]
12484472902,6912,243742,,,,,,,,,,1.547,223757.827,Device,,NVIDIA A100-SXM4-40GB MIG 4g.20gb (0),1,,13,[CUDA memset]
12484486406,4224,243747,,,,,,,,,,0.031,7409.078,Pinned,Device,NVIDIA A100-SXM4-40GB MIG 4g.20gb (0),1,,13,[CUDA memcpy Host-to-Device]
12484497286,9728,243748,,,,,,,,,,0.197,20210.516,Pinned,Device,NVIDIA A100-SXM4-40GB MIG 4g.20gb (0),1,,13,[CUDA memcpy Host-to-Device]
12485065216,16928,243749,273,1,1,8,4,1,39,0.002,0.000,,,,,NVIDIA A100-SXM4-40GB MIG 4g.20gb (0),1,,13,"void channel_eq::eqMmseCoefCompLowMimoKernel<float, float, float, (unsigned int)4, (unsigned int)1, (unsigned int)4>(const channel_eq::_puschRxChEqStatDescr *, channel_eq::_puschRxChEqCoefCompDynDescr)"
12485658009,17952,243750,273,1,1,12,11,1,51,0.002,0.000,,,,,NVIDIA A100-SXM4-40GB MIG 4g.20gb (0),1,,13,"void channel_eq::eqMmseSoftDemapKernel<float, __half, __half, float, (unsigned int)4, (unsigned short)16383>(channel_eq::_puschRxChEqStatDescr *, channel_eq::_puschRxChEqSoftDemapDynDescr)"
12486255922,717464,243751,1,1,1,32,32,1,30,0.000,0.000,,,,,NVIDIA A100-SXM4-40GB MIG 4g.20gb (0),1,,13,"void convert_kernel<float2, __half2>(tensor_layout_any, T1 *, tensor_layout_any, const T2 *)"
12487615555,13888,243763,2253,1,1,128,1,1,16,0.000,0.000,,,,,NVIDIA A100-SXM4-40GB MIG 4g.20gb (0),1,,13,cupy_copy__float16_float16
12488321435,5632,243772,282,1,1,128,1,1,16,0.000,0.000,,,,,NVIDIA A100-SXM4-40GB MIG 4g.20gb (0),1,,13,cupy_copy__complex64_complex64
12488865493,5632,243781,26,1,1,128,1,1,16,0.000,0.000,,,,,NVIDIA A100-SXM4-40GB MIG 4g.20gb (0),1,,13,cupy_copy__float32_float32
12489456494,9344,243790,103,1,1,128,1,1,16,0.000,0.000,,,,,NVIDIA A100-SXM4-40GB MIG 4g.20gb (0),1,,13,cupy_copy__complex64_complex64
12490116423,17920,243800,1434,1,1,128,1,1,16,0.000,0.000,,,,,NVIDIA A100-SXM4-40GB MIG 4g.20gb (0),1,,13,cupy_copy__complex64_complex64
12490716096,253725,243805,1,1,1,32,32,1,30,0.000,0.000,,,,,NVIDIA A100-SXM4-40GB MIG 4g.20gb (0),1,,13,"void convert_kernel<__half2, float2>(tensor_layout_any, T1 *, tensor_layout_any, const T2 *)"
12491001501,6560,243808,,,,,,,,,,0.094,14282.925,Pinned,Device,NVIDIA A100-SXM4-40GB MIG 4g.20gb (0),1,,13,[CUDA memcpy Host-to-Device]
12491635286,613433,243809,,,,,,,,,,456.561,744195.147,Device,,NVIDIA A100-SXM4-40GB MIG 4g.20gb (0),1,,13,[CUDA memset]
12492249519,58719,243814,,,,,,,,,,1.235,21031.096,Pinned,Device,NVIDIA A100-SXM4-40GB MIG 4g.20gb (0),1,,13,[CUDA memcpy Host-to-Device]
12492310734,11968,243815,,,,,,,,,,0.197,16427.778,Pinned,Device,NVIDIA A100-SXM4-40GB MIG 4g.20gb (0),1,,13,[CUDA memcpy Host-to-Device]
12492938887,15168,243816,69,4,1,48,1,1,76,0.002,0.000,,,,,NVIDIA A100-SXM4-40GB MIG 4g.20gb (0),1,,13,"void ch_est::windowedChEstPreNoDftSOfdmKernel<float, __half, float, (unsigned int)2, (unsigned int)1, (unsigned short)4>(ch_est::puschRxChEstStatDescr_t *, ch_est::puschRxChEstDynDescr_t *)"
12493531104,11936,243817,137,2,1,24,2,1,44,0.001,0.001,,,,,NVIDIA A100-SXM4-40GB MIG 4g.20gb (0),1,,13,"void ch_est::chEstFilterNoDftSOfdmDispatchKernel<float, __half, float, (unsigned int)2>(ch_est::puschRxChEstStatDescr_t *, ch_est::puschRxChEstDynDescr_t *)"
12493984923,13728,243818,137,2,1,24,2,1,44,0.001,0.001,,,,,NVIDIA A100-SXM4-40GB MIG 4g.20gb (0),1,,13,"void ch_est::chEstFilterNoDftSOfdmDispatchKernel<float, __half, float, (unsigned int)2>(ch_est::puschRxChEstStatDescr_t *, ch_est::puschRxChEstDynDescr_t *)"
12494335767,5600,243829,103,1,1,128,1,1,16,0.000,0.000,,,,,NVIDIA A100-SXM4-40GB MIG 4g.20gb (0),1,,13,cupy_copy__complex64_complex64
12494651444,19391,243839,1434,1,1,128,1,1,16,0.000,0.000,,,,,NVIDIA A100-SXM4-40GB MIG 4g.20gb (0),1,,13,cupy_copy__complex64_complex64
12494926256,7008,243846,103,1,1,128,1,1,16,0.000,0.000,,,,,NVIDIA A100-SXM4-40GB MIG 4g.20gb (0),1,,13,cupy_copy__complex64_complex64
12495035727,273565,243853,1,1,1,32,32,1,30,0.000,0.000,,,,,NVIDIA A100-SXM4-40GB MIG 4g.20gb (0),1,,13,"void convert_kernel<__half2, float2>(tensor_layout_any, T1 *, tensor_layout_any, const T2 *)"
12495339532,5344,243856,,,,,,,,,,0.094,17532.864,Pinned,Device,NVIDIA A100-SXM4-40GB MIG 4g.20gb (0),1,,13,[CUDA memcpy Host-to-Device]
12495358380,59295,243857,,,,,,,,,,35.810,603898.491,Device,,NVIDIA A100-SXM4-40GB MIG 4g.20gb (0),1,,13,[CUDA memset]
12495423307,1856,243859,,,,,,,,,,0.000,43.103,Pinned,Device,NVIDIA A100-SXM4-40GB MIG 4g.20gb (0),1,,13,[CUDA memcpy Host-to-Device]
12495427243,9184,243860,,,,,,,,,,0.197,21407.662,Pinned,Device,NVIDIA A100-SXM4-40GB MIG 4g.20gb (0),1,,13,[CUDA memcpy Host-to-Device]
12495467978,32416,243861,273,1,1,48,1,1,40,0.000,0.001,,,,,NVIDIA A100-SXM4-40GB MIG 4g.20gb (0),1,,13,"void pusch_noise_intf_est::noiseIntfEstNoDftSOfdmKernel<float, __half, float, float, (unsigned int)2, (unsigned int)1, (unsigned char)4, (unsigned char)4>(pusch_noise_intf_est::puschRxNoiseIntfEstDynDescr)"
12495501450,2880,243872,35,1,1,128,1,1,16,0.000,0.000,,,,,NVIDIA A100-SXM4-40GB MIG 4g.20gb (0),1,,13,cupy_copy__complex64_complex64
12495573481,2304,243881,1,1,1,1,1,1,18,0.000,0.000,,,,,NVIDIA A100-SXM4-40GB MIG 4g.20gb (0),1,,13,cupy_copy__float32_float32
12495577961,1600,243887,,,,,,,,,,0.000,2.500,Device,Pageable,NVIDIA A100-SXM4-40GB MIG 4g.20gb (0),1,,7,[CUDA memcpy Device-to-Host]
12495691176,20928,243898,1434,1,1,128,1,1,16,0.000,0.000,,,,,NVIDIA A100-SXM4-40GB MIG 4g.20gb (0),1,,13,cupy_copy__complex64_complex64
12495758887,12832,243905,103,1,1,128,1,1,16,0.000,0.000,,,,,NVIDIA A100-SXM4-40GB MIG 4g.20gb (0),1,,13,cupy_copy__complex64_complex64
12495785447,9216,243912,35,1,1,128,1,1,16,0.000,0.000,,,,,NVIDIA A100-SXM4-40GB MIG 4g.20gb (0),1,,13,cupy_copy__complex64_complex64
12495853030,3712,243919,1,1,1,1,1,1,18,0.000,0.000,,,,,NVIDIA A100-SXM4-40GB MIG 4g.20gb (0),1,,13,cupy_copy__float32_float32
12495878822,259293,243930,1,1,1,32,32,1,30,0.000,0.000,,,,,NVIDIA A100-SXM4-40GB MIG 4g.20gb (0),1,,13,"void convert_kernel<__half2, float2>(tensor_layout_any, T1 *, tensor_layout_any, const T2 *)"
12496167714,6240,243933,,,,,,,,,,0.094,15015.346,Pinned,Device,NVIDIA A100-SXM4-40GB MIG 4g.20gb (0),1,,13,[CUDA memcpy Host-to-Device]
12496279649,16960,243934,,,,,,,,,,1.547,91192.044,Device,,NVIDIA A100-SXM4-40GB MIG 4g.20gb (0),1,,13,[CUDA memset]
12496299841,3168,243939,,,,,,,,,,0.031,9878.770,Pinned,Device,NVIDIA A100-SXM4-40GB MIG 4g.20gb (0),1,,13,[CUDA memcpy Host-to-Device]
12496305601,10304,243940,,,,,,,,,,0.197,19080.610,Pinned,Device,NVIDIA A100-SXM4-40GB MIG 4g.20gb (0),1,,13,[CUDA memcpy Host-to-Device]
12496507135,25599,243941,273,1,1,8,4,1,39,0.002,0.000,,,,,NVIDIA A100-SXM4-40GB MIG 4g.20gb (0),1,,13,"void channel_eq::eqMmseCoefCompLowMimoKernel<float, float, float, (unsigned int)4, (unsigned int)1, (unsigned int)4>(const channel_eq::_puschRxChEqStatDescr *, channel_eq::_puschRxChEqCoefCompDynDescr)"
12496681789,10656,243942,273,1,1,12,11,1,51,0.002,0.000,,,,,NVIDIA A100-SXM4-40GB MIG 4g.20gb (0),1,,13,"void channel_eq::eqMmseSoftDemapKernel<float, __half, __half, float, (unsigned int)4, (unsigned short)16383>(channel_eq::_puschRxChEqStatDescr *, channel_eq::_puschRxChEqSoftDemapDynDescr)"
12496778108,642744,243943,1,1,1,32,32,1,30,0.000,0.000,,,,,NVIDIA A100-SXM4-40GB MIG 4g.20gb (0),1,,13,"void convert_kernel<float2, __half2>(tensor_layout_any, T1 *, tensor_layout_any, const T2 *)"
12497504339,19936,243955,2253,1,1,128,1,1,16,0.000,0.000,,,,,NVIDIA A100-SXM4-40GB MIG 4g.20gb (0),1,,13,cupy_copy__float16_float16
12497678033,4896,243964,282,1,1,128,1,1,16,0.000,0.000,,,,,NVIDIA A100-SXM4-40GB MIG 4g.20gb (0),1,,13,cupy_copy__complex64_complex64
12497879311,4096,243973,26,1,1,128,1,1,16,0.000,0.000,,,,,NVIDIA A100-SXM4-40GB MIG 4g.20gb (0),1,,13,cupy_copy__float32_float32
12498036077,11584,243982,103,1,1,128,1,1,16,0.000,0.000,,,,,NVIDIA A100-SXM4-40GB MIG 4g.20gb (0),1,,13,cupy_copy__complex64_complex64
12498500168,20128,243992,1434,1,1,128,1,1,16,0.000,0.000,,,,,NVIDIA A100-SXM4-40GB MIG 4g.20gb (0),1,,13,cupy_copy__complex64_complex64
12498884836,232445,243997,1,1,1,32,32,1,30,0.000,0.000,,,,,NVIDIA A100-SXM4-40GB MIG 4g.20gb (0),1,,13,"void convert_kernel<__half2, float2>(tensor_layout_any, T1 *, tensor_layout_any, const T2 *)"
12499146017,9856,244000,,,,,,,,,,0.094,9506.490,Pinned,Device,NVIDIA A100-SXM4-40GB MIG 4g.20gb (0),1,,13,[CUDA memcpy Host-to-Device]
12499485693,628217,244001,,,,,,,,,,456.561,726389.251,Device,,NVIDIA A100-SXM4-40GB MIG 4g.20gb (0),1,,13,[CUDA memset]
12500120054,59135,244006,,,,,,,,,,1.235,20882.903,Pinned,Device,NVIDIA A100-SXM4-40GB MIG 4g.20gb (0),1,,13,[CUDA memcpy Host-to-Device]
12500181813,9664,244007,,,,,,,,,,0.197,20344.209,Pinned,Device,NVIDIA A100-SXM4-40GB MIG 4g.20gb (0),1,,13,[CUDA memcpy Host-to-Device]
12500724111,29664,244008,69,4,1,48,1,1,76,0.002,0.000,,,,,NVIDIA A100-SXM4-40GB MIG 4g.20gb (0),1,,13,"void ch_est::windowedChEstPreNoDftSOfdmKernel<float, __half, float, (unsigned int)2, (unsigned int)1, (unsigned short)4>(ch_est::puschRxChEstStatDescr_t *, ch_est::puschRxChEstDynDescr_t *)"
12501703684,8736,244009,137,2,1,24,2,1,44,0.001,0.001,,,,,NVIDIA A100-SXM4-40GB MIG 4g.20gb (0),1,,13,"void ch_est::chEstFilterNoDftSOfdmDispatchKernel<float, __half, float, (unsigned int)2>(ch_est::puschRxChEstStatDescr_t *, ch_est::puschRxChEstDynDescr_t *)"
12502178751,25503,244010,137,2,1,24,2,1,44,0.001,0.001,,,,,NVIDIA A100-SXM4-40GB MIG 4g.20gb (0),1,,13,"void ch_est::chEstFilterNoDftSOfdmDispatchKernel<float, __half, float, (unsigned int)2>(ch_est::puschRxChEstStatDescr_t *, ch_est::puschRxChEstDynDescr_t *)"
12503100660,4448,244021,103,1,1,128,1,1,16,0.000,0.000,,,,,NVIDIA A100-SXM4-40GB MIG 4g.20gb (0),1,,13,cupy_copy__complex64_complex64
12503569039,23392,244031,1434,1,1,128,1,1,16,0.000,0.000,,,,,NVIDIA A100-SXM4-40GB MIG 4g.20gb (0),1,,13,cupy_copy__complex64_complex64
12503929387,6624,244038,103,1,1,128,1,1,16,0.000,0.000,,,,,NVIDIA A100-SXM4-40GB MIG 4g.20gb (0),1,,13,cupy_copy__complex64_complex64
12504168200,228478,244045,1,1,1,32,32,1,30,0.000,0.000,,,,,NVIDIA A100-SXM4-40GB MIG 4g.20gb (0),1,,13,"void convert_kernel<__half2, float2>(tensor_layout_any, T1 *, tensor_layout_any, const T2 *)"
12504427589,5536,244048,,,,,,,,,,0.094,16924.777,Pinned,Device,NVIDIA A100-SXM4-40GB MIG 4g.20gb (0),1,,13,[CUDA memcpy Host-to-Device]
12504655779,61951,244049,,,,,,,,,,35.810,578007.919,Device,,NVIDIA A100-SXM4-40GB MIG 4g.20gb (0),1,,13,[CUDA memset]
12504724482,2464,244051,,,,,,,,,,0.000,32.468,Pinned,Device,NVIDIA A100-SXM4-40GB MIG 4g.20gb (0),1,,13,[CUDA memcpy Host-to-Device]
12504733730,12640,244052,,,,,,,,,,0.197,15554.249,Pinned,Device,NVIDIA A100-SXM4-40GB MIG 4g.20gb (0),1,,13,[CUDA memcpy Host-to-Device]
12505369627,30527,244053,273,1,1,48,1,1,40,0.000,0.001,,,,,NVIDIA A100-SXM4-40GB MIG 4g.20gb (0),1,,13,"void pusch_noise_intf_est::noiseIntfEstNoDftSOfdmKernel<float, __half, float, float, (unsigned int)2, (unsigned int)1, (unsigned char)4, (unsigned char)4>(pusch_noise_intf_est::puschRxNoiseIntfEstDynDescr)"
12505833589,8160,244064,35,1,1,128,1,1,16,0.000,0.000,,,,,NVIDIA A100-SXM4-40GB MIG 4g.20gb (0),1,,13,cupy_copy__complex64_complex64
12506392431,4000,244073,1,1,1,1,1,1,18,0.000,0.000,,,,,NVIDIA A100-SXM4-40GB MIG 4g.20gb (0),1,,13,cupy_copy__float32_float32
12506402831,5280,244079,,,,,,,,,,0.000,0.758,Device,Pageable,NVIDIA A100-SXM4-40GB MIG 4g.20gb (0),1,,7,[CUDA memcpy Device-to-Host]
12507018632,19392,244090,1434,1,1,128,1,1,16,0.000,0.000,,,,,NVIDIA A100-SXM4-40GB MIG 4g.20gb (0),1,,13,cupy_copy__complex64_complex64
12507461315,11072,244097,103,1,1,128,1,1,16,0.000,0.000,,,,,NVIDIA A100-SXM4-40GB MIG 4g.20gb (0),1,,13,cupy_copy__complex64_complex64
12507978909,6368,244104,35,1,1,128,1,1,16,0.000,0.000,,,,,NVIDIA A100-SXM4-40GB MIG 4g.20gb (0),1,,13,cupy_copy__complex64_complex64
12508387705,15295,244111,1,1,1,1,1,1,18,0.000,0.000,,,,,NVIDIA A100-SXM4-40GB MIG 4g.20gb (0),1,,13,cupy_copy__float32_float32
12508969042,192158,244122,1,1,1,32,32,1,30,0.000,0.000,,,,,NVIDIA A100-SXM4-40GB MIG 4g.20gb (0),1,,13,"void convert_kernel<__half2, float2>(tensor_layout_any, T1 *, tensor_layout_any, const T2 *)"
12509192463,5920,244125,,,,,,,,,,0.094,15826.941,Pinned,Device,NVIDIA A100-SXM4-40GB MIG 4g.20gb (0),1,,13,[CUDA memcpy Host-to-Device]
12509770505,16928,244126,,,,,,,,,,1.547,91363.720,Device,,NVIDIA A100-SXM4-40GB MIG 4g.20gb (0),1,,13,[CUDA memset]
12509792233,7424,244131,,,,,,,,,,0.031,4215.509,Pinned,Device,NVIDIA A100-SXM4-40GB MIG 4g.20gb (0),1,,13,[CUDA memcpy Host-to-Device]
12509802089,14751,244132,,,,,,,,,,0.197,13328.450,Pinned,Device,NVIDIA A100-SXM4-40GB MIG 4g.20gb (0),1,,13,[CUDA memcpy Host-to-Device]
12510423426,25471,244133,273,1,1,8,4,1,39,0.002,0.000,,,,,NVIDIA A100-SXM4-40GB MIG 4g.20gb (0),1,,13,"void channel_eq::eqMmseCoefCompLowMimoKernel<float, float, float, (unsigned int)4, (unsigned int)1, (unsigned int)4>(const channel_eq::_puschRxChEqStatDescr *, channel_eq::_puschRxChEqCoefCompDynDescr)"
12511099034,14656,244134,273,1,1,12,11,1,51,0.002,0.000,,,,,NVIDIA A100-SXM4-40GB MIG 4g.20gb (0),1,,13,"void channel_eq::eqMmseSoftDemapKernel<float, __half, __half, float, (unsigned int)4, (unsigned short)16383>(channel_eq::_puschRxChEqStatDescr *, channel_eq::_puschRxChEqSoftDemapDynDescr)"
12511663604,610297,244135,1,1,1,32,32,1,30,0.000,0.000,,,,,NVIDIA A100-SXM4-40GB MIG 4g.20gb (0),1,,13,"void convert_kernel<float2, __half2>(tensor_layout_any, T1 *, tensor_layout_any, const T2 *)"
12512796551,18816,244147,2253,1,1,128,1,1,16,0.000,0.000,,,,,NVIDIA A100-SXM4-40GB MIG 4g.20gb (0),1,,13,cupy_copy__float16_float16
12513327745,15776,244156,282,1,1,128,1,1,16,0.000,0.000,,,,,NVIDIA A100-SXM4-40GB MIG 4g.20gb (0),1,,13,cupy_copy__complex64_complex64
12513994137,4608,244165,26,1,1,128,1,1,16,0.000,0.000,,,,,NVIDIA A100-SXM4-40GB MIG 4g.20gb (0),1,,13,cupy_copy__float32_float32
12514552307,7360,244174,103,1,1,128,1,1,16,0.000,0.000,,,,,NVIDIA A100-SXM4-40GB MIG 4g.20gb (0),1,,13,cupy_copy__complex64_complex64
12515109677,22751,244184,1434,1,1,128,1,1,16,0.000,0.000,,,,,NVIDIA A100-SXM4-40GB MIG 4g.20gb (0),1,,13,cupy_copy__complex64_complex64
12515692582,256669,244189,1,1,1,32,32,1,30,0.000,0.000,,,,,NVIDIA A100-SXM4-40GB MIG 4g.20gb (0),1,,13,"void convert_kernel<__half2, float2>(tensor_layout_any, T1 *, tensor_layout_any, const T2 *)"
12515979875,6176,244192,,,,,,,,,,0.094,15170.975,Pinned,Device,NVIDIA A100-SXM4-40GB MIG 4g.20gb (0),1,,13,[CUDA memcpy Host-to-Device]
12516371070,626393,244193,,,,,,,,,,456.561,728672.058,Device,,NVIDIA A100-SXM4-40GB MIG 4g.20gb (0),1,,13,[CUDA memset]
12517000631,66048,244198,,,,,,,,,,1.235,18697.052,Pinned,Device,NVIDIA A100-SXM4-40GB MIG 4g.20gb (0),1,,13,[CUDA memcpy Host-to-Device]
12517069143,11871,244199,,,,,,,,,,0.197,16561.865,Pinned,Device,NVIDIA A100-SXM4-40GB MIG 4g.20gb (0),1,,13,[CUDA memcpy Host-to-Device]
12517580785,27103,244200,69,4,1,48,1,1,76,0.002,0.000,,,,,NVIDIA A100-SXM4-40GB MIG 4g.20gb (0),1,,13,"void ch_est::windowedChEstPreNoDftSOfdmKernel<float, __half, float, (unsigned int)2, (unsigned int)1, (unsigned short)4>(ch_est::puschRxChEstStatDescr_t *, ch_est::puschRxChEstDynDescr_t *)"
12518250761,16320,244201,137,2,1,24,2,1,44,0.001,0.001,,,,,NVIDIA A100-SXM4-40GB MIG 4g.20gb (0),1,,13,"void ch_est::chEstFilterNoDftSOfdmDispatchKernel<float, __half, float, (unsigned int)2>(ch_est::puschRxChEstStatDescr_t *, ch_est::puschRxChEstDynDescr_t *)"
12518792675,20064,244202,137,2,1,24,2,1,44,0.001,0.001,,,,,NVIDIA A100-SXM4-40GB MIG 4g.20gb (0),1,,13,"void ch_est::chEstFilterNoDftSOfdmDispatchKernel<float, __half, float, (unsigned int)2>(ch_est::puschRxChEstStatDescr_t *, ch_est::puschRxChEstDynDescr_t *)"
12519537403,5280,244213,103,1,1,128,1,1,16,0.000,0.000,,,,,NVIDIA A100-SXM4-40GB MIG 4g.20gb (0),1,,13,cupy_copy__complex64_complex64
12520012981,22624,244223,1434,1,1,128,1,1,16,0.000,0.000,,,,,NVIDIA A100-SXM4-40GB MIG 4g.20gb (0),1,,13,cupy_copy__complex64_complex64
12520369073,6944,244230,103,1,1,128,1,1,16,0.000,0.000,,,,,NVIDIA A100-SXM4-40GB MIG 4g.20gb (0),1,,13,cupy_copy__complex64_complex64
12520599951,233021,244237,1,1,1,32,32,1,30,0.000,0.000,,,,,NVIDIA A100-SXM4-40GB MIG 4g.20gb (0),1,,13,"void convert_kernel<__half2, float2>(tensor_layout_any, T1 *, tensor_layout_any, const T2 *)"
12520864204,5984,244240,,,,,,,,,,0.094,15657.726,Pinned,Device,NVIDIA A100-SXM4-40GB MIG 4g.20gb (0),1,,13,[CUDA memcpy Host-to-Device]
12521068169,61824,244241,,,,,,,,,,35.810,579189.646,Device,,NVIDIA A100-SXM4-40GB MIG 4g.20gb (0),1,,13,[CUDA memset]
12521137001,1952,244243,,,,,,,,,,0.000,40.984,Pinned,Device,NVIDIA A100-SXM4-40GB MIG 4g.20gb (0),1,,13,[CUDA memcpy Host-to-Device]
12521141833,16735,244244,,,,,,,,,,0.197,11748.311,Pinned,Device,NVIDIA A100-SXM4-40GB MIG 4g.20gb (0),1,,13,[CUDA memcpy Host-to-Device]
12521590468,29951,244245,273,1,1,48,1,1,40,0.000,0.001,,,,,NVIDIA A100-SXM4-40GB MIG 4g.20gb (0),1,,13,"void pusch_noise_intf_est::noiseIntfEstNoDftSOfdmKernel<float, __half, float, float, (unsigned int)2, (unsigned int)1, (unsigned char)4, (unsigned char)4>(pusch_noise_intf_est::puschRxNoiseIntfEstDynDescr)"
12521989119,7968,244256,35,1,1,128,1,1,16,0.000,0.000,,,,,NVIDIA A100-SXM4-40GB MIG 4g.20gb (0),1,,13,cupy_copy__complex64_complex64
12522434266,8736,244265,1,1,1,1,1,1,18,0.000,0.000,,,,,NVIDIA A100-SXM4-40GB MIG 4g.20gb (0),1,,13,cupy_copy__float32_float32
12522444698,5056,244271,,,,,,,,,,0.000,0.791,Device,Pageable,NVIDIA A100-SXM4-40GB MIG 4g.20gb (0),1,,7,[CUDA memcpy Device-to-Host]
12523079539,19615,244282,1434,1,1,128,1,1,16,0.000,0.000,,,,,NVIDIA A100-SXM4-40GB MIG 4g.20gb (0),1,,13,cupy_copy__complex64_complex64
12523522254,15808,244289,103,1,1,128,1,1,16,0.000,0.000,,,,,NVIDIA A100-SXM4-40GB MIG 4g.20gb (0),1,,13,cupy_copy__complex64_complex64
12524023176,6240,244296,35,1,1,128,1,1,16,0.000,0.000,,,,,NVIDIA A100-SXM4-40GB MIG 4g.20gb (0),1,,13,cupy_copy__complex64_complex64
12524418532,4256,244303,1,1,1,1,1,1,18,0.000,0.000,,,,,NVIDIA A100-SXM4-40GB MIG 4g.20gb (0),1,,13,cupy_copy__float32_float32
12524799423,244158,244314,1,1,1,32,32,1,30,0.000,0.000,,,,,NVIDIA A100-SXM4-40GB MIG 4g.20gb (0),1,,13,"void convert_kernel<__half2, float2>(tensor_layout_any, T1 *, tensor_layout_any, const T2 *)"
12525075196,5824,244317,,,,,,,,,,0.094,16087.884,Pinned,Device,NVIDIA A100-SXM4-40GB MIG 4g.20gb (0),1,,13,[CUDA memcpy Host-to-Device]
12525515319,17664,244318,,,,,,,,,,1.547,87557.478,Device,,NVIDIA A100-SXM4-40GB MIG 4g.20gb (0),1,,13,[CUDA memset]
12525535863,7008,244323,,,,,,,,,,0.031,4465.751,Pinned,Device,NVIDIA A100-SXM4-40GB MIG 4g.20gb (0),1,,13,[CUDA memcpy Host-to-Device]
12525545783,13696,244324,,,,,,,,,,0.197,14355.137,Pinned,Device,NVIDIA A100-SXM4-40GB MIG 4g.20gb (0),1,,13,[CUDA memcpy Host-to-Device]
12526168016,19104,244325,273,1,1,8,4,1,39,0.002,0.000,,,,,NVIDIA A100-SXM4-40GB MIG 4g.20gb (0),1,,13,"void channel_eq::eqMmseCoefCompLowMimoKernel<float, float, float, (unsigned int)4, (unsigned int)1, (unsigned int)4>(const channel_eq::_puschRxChEqStatDescr *, channel_eq::_puschRxChEqCoefCompDynDescr)"
12527248004,23039,244326,273,1,1,12,11,1,51,0.002,0.000,,,,,NVIDIA A100-SXM4-40GB MIG 4g.20gb (0),1,,13,"void channel_eq::eqMmseSoftDemapKernel<float, __half, __half, float, (unsigned int)4, (unsigned short)16383>(channel_eq::_puschRxChEqStatDescr *, channel_eq::_puschRxChEqSoftDemapDynDescr)"
12527854365,606841,244327,1,1,1,32,32,1,30,0.000,0.000,,,,,NVIDIA A100-SXM4-40GB MIG 4g.20gb (0),1,,13,"void convert_kernel<float2, __half2>(tensor_layout_any, T1 *, tensor_layout_any, const T2 *)"
12529339948,18560,244339,2253,1,1,128,1,1,16,0.000,0.000,,,,,NVIDIA A100-SXM4-40GB MIG 4g.20gb (0),1,,13,cupy_copy__float16_float16
12529765255,17280,244348,282,1,1,128,1,1,16,0.000,0.000,,,,,NVIDIA A100-SXM4-40GB MIG 4g.20gb (0),1,,13,cupy_copy__complex64_complex64
12530329057,4288,244357,26,1,1,128,1,1,16,0.000,0.000,,,,,NVIDIA A100-SXM4-40GB MIG 4g.20gb (0),1,,13,cupy_copy__float32_float32
12530937242,10144,244366,103,1,1,128,1,1,16,0.000,0.000,,,,,NVIDIA A100-SXM4-40GB MIG 4g.20gb (0),1,,13,cupy_copy__complex64_complex64
12531597299,26463,244382,1434,1,1,128,1,1,16,0.000,0.000,,,,,NVIDIA A100-SXM4-40GB MIG 4g.20gb (0),1,,13,cupy_copy__complex64_complex64
12532255499,235869,244387,1,1,1,32,32,1,30,0.000,0.000,,,,,NVIDIA A100-SXM4-40GB MIG 4g.20gb (0),1,,13,"void convert_kernel<__half2, float2>(tensor_layout_any, T1 *, tensor_layout_any, const T2 *)"
12532533064,5760,244390,,,,,,,,,,0.094,16266.656,Pinned,Device,NVIDIA A100-SXM4-40GB MIG 4g.20gb (0),1,,13,[CUDA memcpy Host-to-Device]
12532829093,623865,244391,,,,,,,,,,456.561,731411.427,Device,,NVIDIA A100-SXM4-40GB MIG 4g.20gb (0),1,,13,[CUDA memset]
12533456446,66655,244396,,,,,,,,,,1.235,18526.630,Pinned,Device,NVIDIA A100-SXM4-40GB MIG 4g.20gb (0),1,,13,[CUDA memcpy Host-to-Device]
12533525565,9728,244397,,,,,,,,,,0.197,20210.516,Pinned,Device,NVIDIA A100-SXM4-40GB MIG 4g.20gb (0),1,,13,[CUDA memcpy Host-to-Device]
12533919000,26304,244398,69,4,1,48,1,1,76,0.002,0.000,,,,,NVIDIA A100-SXM4-40GB MIG 4g.20gb (0),1,,13,"void ch_est::windowedChEstPreNoDftSOfdmKernel<float, __half, float, (unsigned int)2, (unsigned int)1, (unsigned short)4>(ch_est::puschRxChEstStatDescr_t *, ch_est::puschRxChEstDynDescr_t *)"
12534315380,23456,244399,137,2,1,24,2,1,44,0.001,0.001,,,,,NVIDIA A100-SXM4-40GB MIG 4g.20gb (0),1,,13,"void ch_est::chEstFilterNoDftSOfdmDispatchKernel<float, __half, float, (unsigned int)2>(ch_est::puschRxChEstStatDescr_t *, ch_est::puschRxChEstDynDescr_t *)"
12534759759,23840,244400,137,2,1,24,2,1,44,0.001,0.001,,,,,NVIDIA A100-SXM4-40GB MIG 4g.20gb (0),1,,13,"void ch_est::chEstFilterNoDftSOfdmDispatchKernel<float, __half, float, (unsigned int)2>(ch_est::puschRxChEstStatDescr_t *, ch_est::puschRxChEstDynDescr_t *)"
12535194058,6272,244411,103,1,1,128,1,1,16,0.000,0.000,,,,,NVIDIA A100-SXM4-40GB MIG 4g.20gb (0),1,,13,cupy_copy__complex64_complex64
12535417127,23200,244421,1434,1,1,128,1,1,16,0.000,0.000,,,,,NVIDIA A100-SXM4-40GB MIG 4g.20gb (0),1,,13,cupy_copy__complex64_complex64
12535926562,5024,244428,103,1,1,128,1,1,16,0.000,0.000,,,,,NVIDIA A100-SXM4-40GB MIG 4g.20gb (0),1,,13,cupy_copy__complex64_complex64
12536555067,276861,244435,1,1,1,32,32,1,30,0.000,0.000,,,,,NVIDIA A100-SXM4-40GB MIG 4g.20gb (0),1,,13,"void convert_kernel<__half2, float2>(tensor_layout_any, T1 *, tensor_layout_any, const T2 *)"
12536864887,8320,244438,,,,,,,,,,0.094,11261.510,Pinned,Device,NVIDIA A100-SXM4-40GB MIG 4g.20gb (0),1,,13,[CUDA memcpy Host-to-Device]
12537363921,50080,244439,,,,,,,,,,35.810,715052.483,Device,,NVIDIA A100-SXM4-40GB MIG 4g.20gb (0),1,,13,[CUDA memset]
12537414929,8768,244441,,,,,,,,,,0.000,9.124,Pinned,Device,NVIDIA A100-SXM4-40GB MIG 4g.20gb (0),1,,13,[CUDA memcpy Host-to-Device]
12537432977,14720,244442,,,,,,,,,,0.197,13356.368,Pinned,Device,NVIDIA A100-SXM4-40GB MIG 4g.20gb (0),1,,13,[CUDA memcpy Host-to-Device]
12537981611,31775,244443,273,1,1,48,1,1,40,0.000,0.001,,,,,NVIDIA A100-SXM4-40GB MIG 4g.20gb (0),1,,13,"void pusch_noise_intf_est::noiseIntfEstNoDftSOfdmKernel<float, __half, float, float, (unsigned int)2, (unsigned int)1, (unsigned char)4, (unsigned char)4>(pusch_noise_intf_est::puschRxNoiseIntfEstDynDescr)"
12538719746,11040,244454,35,1,1,128,1,1,16,0.000,0.000,,,,,NVIDIA A100-SXM4-40GB MIG 4g.20gb (0),1,,13,cupy_copy__complex64_complex64
12539219069,4160,244463,1,1,1,1,1,1,18,0.000,0.000,,,,,NVIDIA A100-SXM4-40GB MIG 4g.20gb (0),1,,13,cupy_copy__float32_float32
12539227772,4384,244469,,,,,,,,,,0.000,0.912,Device,Pageable,NVIDIA A100-SXM4-40GB MIG 4g.20gb (0),1,,7,[CUDA memcpy Device-to-Host]
12539940500,18880,244480,1434,1,1,128,1,1,16,0.000,0.000,,,,,NVIDIA A100-SXM4-40GB MIG 4g.20gb (0),1,,13,cupy_copy__complex64_complex64
12540688684,5280,244487,103,1,1,128,1,1,16,0.000,0.000,,,,,NVIDIA A100-SXM4-40GB MIG 4g.20gb (0),1,,13,cupy_copy__complex64_complex64
12541310821,12224,244494,35,1,1,128,1,1,16,0.000,0.000,,,,,NVIDIA A100-SXM4-40GB MIG 4g.20gb (0),1,,13,cupy_copy__complex64_complex64
12542003805,15040,244501,1,1,1,1,1,1,18,0.000,0.000,,,,,NVIDIA A100-SXM4-40GB MIG 4g.20gb (0),1,,13,cupy_copy__float32_float32
12542607830,293405,244512,1,1,1,32,32,1,30,0.000,0.000,,,,,NVIDIA A100-SXM4-40GB MIG 4g.20gb (0),1,,13,"void convert_kernel<__half2, float2>(tensor_layout_any, T1 *, tensor_layout_any, const T2 *)"
12542933459,5472,244515,,,,,,,,,,0.094,17122.757,Pinned,Device,NVIDIA A100-SXM4-40GB MIG 4g.20gb (0),1,,13,[CUDA memcpy Host-to-Device]
12543600619,6272,244516,,,,,,,,,,1.547,246590.637,Device,,NVIDIA A100-SXM4-40GB MIG 4g.20gb (0),1,,13,[CUDA memset]
12543608043,3808,244521,,,,,,,,,,0.031,8218.486,Pinned,Device,NVIDIA A100-SXM4-40GB MIG 4g.20gb (0),1,,13,[CUDA memcpy Host-to-Device]
12543617867,9728,244522,,,,,,,,,,0.197,20210.516,Pinned,Device,NVIDIA A100-SXM4-40GB MIG 4g.20gb (0),1,,13,[CUDA memcpy Host-to-Device]
12544331715,16256,244523,273,1,1,8,4,1,39,0.002,0.000,,,,,NVIDIA A100-SXM4-40GB MIG 4g.20gb (0),1,,13,"void channel_eq::eqMmseCoefCompLowMimoKernel<float, float, float, (unsigned int)4, (unsigned int)1, (unsigned int)4>(const channel_eq::_puschRxChEqStatDescr *, channel_eq::_puschRxChEqCoefCompDynDescr)"
12544964732,35455,244524,273,1,1,12,11,1,51,0.002,0.000,,,,,NVIDIA A100-SXM4-40GB MIG 4g.20gb (0),1,,13,"void channel_eq::eqMmseSoftDemapKernel<float, __half, __half, float, (unsigned int)4, (unsigned short)16383>(channel_eq::_puschRxChEqStatDescr *, channel_eq::_puschRxChEqSoftDemapDynDescr)"
12545577205,606937,244525,1,1,1,32,32,1,30,0.000,0.000,,,,,NVIDIA A100-SXM4-40GB MIG 4g.20gb (0),1,,13,"void convert_kernel<float2, __half2>(tensor_layout_any, T1 *, tensor_layout_any, const T2 *)"
12546303661,22079,244537,2253,1,1,128,1,1,16,0.000,0.000,,,,,NVIDIA A100-SXM4-40GB MIG 4g.20gb (0),1,,13,cupy_copy__float16_float16
12546703688,7456,244546,282,1,1,128,1,1,16,0.000,0.000,,,,,NVIDIA A100-SXM4-40GB MIG 4g.20gb (0),1,,13,cupy_copy__complex64_complex64
12547138147,10272,244555,26,1,1,128,1,1,16,0.000,0.000,,,,,NVIDIA A100-SXM4-40GB MIG 4g.20gb (0),1,,13,cupy_copy__float32_float32
12547476191,7520,244564,103,1,1,128,1,1,16,0.000,0.000,,,,,NVIDIA A100-SXM4-40GB MIG 4g.20gb (0),1,,13,cupy_copy__complex64_complex64
12547695645,24608,244574,1434,1,1,128,1,1,16,0.000,0.000,,,,,NVIDIA A100-SXM4-40GB MIG 4g.20gb (0),1,,13,cupy_copy__complex64_complex64
12548098232,240510,244579,1,1,1,32,32,1,30,0.000,0.000,,,,,NVIDIA A100-SXM4-40GB MIG 4g.20gb (0),1,,13,"void convert_kernel<__half2, float2>(tensor_layout_any, T1 *, tensor_layout_any, const T2 *)"
12548370005,5632,244582,,,,,,,,,,0.094,16636.287,Pinned,Device,NVIDIA A100-SXM4-40GB MIG 4g.20gb (0),1,,13,[CUDA memcpy Host-to-Device]
12548637778,622905,244583,,,,,,,,,,456.561,732781.111,Device,,NVIDIA A100-SXM4-40GB MIG 4g.20gb (0),1,,13,[CUDA memset]
12549268491,64543,244588,,,,,,,,,,1.235,19132.987,Pinned,Device,NVIDIA A100-SXM4-40GB MIG 4g.20gb (0),1,,13,[CUDA memcpy Host-to-Device]
12549335914,9760,244589,,,,,,,,,,0.197,20144.259,Pinned,Device,NVIDIA A100-SXM4-40GB MIG 4g.20gb (0),1,,13,[CUDA memcpy Host-to-Device]
12549931844,26239,244590,69,4,1,48,1,1,76,0.002,0.000,,,,,NVIDIA A100-SXM4-40GB MIG 4g.20gb (0),1,,13,"void ch_est::windowedChEstPreNoDftSOfdmKernel<float, __half, float, (unsigned int)2, (unsigned int)1, (unsigned short)4>(ch_est::puschRxChEstStatDescr_t *, ch_est::puschRxChEstDynDescr_t *)"
12550393310,29120,244591,137,2,1,24,2,1,44,0.001,0.001,,,,,NVIDIA A100-SXM4-40GB MIG 4g.20gb (0),1,,13,"void ch_est::chEstFilterNoDftSOfdmDispatchKernel<float, __half, float, (unsigned int)2>(ch_est::puschRxChEstStatDescr_t *, ch_est::puschRxChEstDynDescr_t *)"
12551002200,26655,244592,137,2,1,24,2,1,44,0.001,0.001,,,,,NVIDIA A100-SXM4-40GB MIG 4g.20gb (0),1,,13,"void ch_est::chEstFilterNoDftSOfdmDispatchKernel<float, __half, float, (unsigned int)2>(ch_est::puschRxChEstStatDescr_t *, ch_est::puschRxChEstDynDescr_t *)"
12551472018,6304,244603,103,1,1,128,1,1,16,0.000,0.000,,,,,NVIDIA A100-SXM4-40GB MIG 4g.20gb (0),1,,13,cupy_copy__complex64_complex64
12552118795,20832,244613,1434,1,1,128,1,1,16,0.000,0.000,,,,,NVIDIA A100-SXM4-40GB MIG 4g.20gb (0),1,,13,cupy_copy__complex64_complex64
12552482439,6144,244620,103,1,1,128,1,1,16,0.000,0.000,,,,,NVIDIA A100-SXM4-40GB MIG 4g.20gb (0),1,,13,cupy_copy__complex64_complex64
12552923938,244125,244627,1,1,1,32,32,1,30,0.000,0.000,,,,,NVIDIA A100-SXM4-40GB MIG 4g.20gb (0),1,,13,"void convert_kernel<__half2, float2>(tensor_layout_any, T1 *, tensor_layout_any, const T2 *)"
12553197727,5792,244630,,,,,,,,,,0.094,16176.708,Pinned,Device,NVIDIA A100-SXM4-40GB MIG 4g.20gb (0),1,,13,[CUDA memcpy Host-to-Device]
12553605562,62303,244631,,,,,,,,,,35.810,574749.216,Device,,NVIDIA A100-SXM4-40GB MIG 4g.20gb (0),1,,13,[CUDA memset]
12553668729,5952,244633,,,,,,,,,,0.000,13.441,Pinned,Device,NVIDIA A100-SXM4-40GB MIG 4g.20gb (0),1,,13,[CUDA memcpy Host-to-Device]
12553681081,13760,244634,,,,,,,,,,0.197,14288.290,Pinned,Device,NVIDIA A100-SXM4-40GB MIG 4g.20gb (0),1,,13,[CUDA memcpy Host-to-Device]
12554348882,30847,244635,273,1,1,48,1,1,40,0.000,0.001,,,,,NVIDIA A100-SXM4-40GB MIG 4g.20gb (0),1,,13,"void pusch_noise_intf_est::noiseIntfEstNoDftSOfdmKernel<float, __half, float, float, (unsigned int)2, (unsigned int)1, (unsigned char)4, (unsigned char)4>(pusch_noise_intf_est::puschRxNoiseIntfEstDynDescr)"
12555030570,6688,244646,35,1,1,128,1,1,16,0.000,0.000,,,,,NVIDIA A100-SXM4-40GB MIG 4g.20gb (0),1,,13,cupy_copy__complex64_complex64
12555628771,6080,244655,1,1,1,1,1,1,18,0.000,0.000,,,,,NVIDIA A100-SXM4-40GB MIG 4g.20gb (0),1,,13,cupy_copy__float32_float32
12555638723,2304,244661,,,,,,,,,,0.000,1.736,Device,Pageable,NVIDIA A100-SXM4-40GB MIG 4g.20gb (0),1,,7,[CUDA memcpy Device-to-Host]
12556298012,17824,244672,1434,1,1,128,1,1,16,0.000,0.000,,,,,NVIDIA A100-SXM4-40GB MIG 4g.20gb (0),1,,13,cupy_copy__complex64_complex64
12556961140,11104,244679,103,1,1,128,1,1,16,0.000,0.000,,,,,NVIDIA A100-SXM4-40GB MIG 4g.20gb (0),1,,13,cupy_copy__complex64_complex64
12557566157,11904,244686,35,1,1,128,1,1,16,0.000,0.000,,,,,NVIDIA A100-SXM4-40GB MIG 4g.20gb (0),1,,13,cupy_copy__complex64_complex64
12558104871,3232,244693,1,1,1,1,1,1,18,0.000,0.000,,,,,NVIDIA A100-SXM4-40GB MIG 4g.20gb (0),1,,13,cupy_copy__float32_float32
12558650689,265117,244704,1,1,1,32,32,1,30,0.000,0.000,,,,,NVIDIA A100-SXM4-40GB MIG 4g.20gb (0),1,,13,"void convert_kernel<__half2, float2>(tensor_layout_any, T1 *, tensor_layout_any, const T2 *)"
12558946302,7616,244707,,,,,,,,,,0.094,12302.472,Pinned,Device,NVIDIA A100-SXM4-40GB MIG 4g.20gb (0),1,,13,[CUDA memcpy Host-to-Device]
12559463416,10848,244708,,,,,,,,,,1.547,142570.894,Device,,NVIDIA A100-SXM4-40GB MIG 4g.20gb (0),1,,13,[CUDA memset]
12559476856,3264,244713,,,,,,,,,,0.031,9588.218,Pinned,Device,NVIDIA A100-SXM4-40GB MIG 4g.20gb (0),1,,13,[CUDA memcpy Host-to-Device]
12559482552,10720,244714,,,,,,,,,,0.197,18340.184,Pinned,Device,NVIDIA A100-SXM4-40GB MIG 4g.20gb (0),1,,13,[CUDA memcpy Host-to-Device]
12559919315,29888,244715,273,1,1,8,4,1,39,0.002,0.000,,,,,NVIDIA A100-SXM4-40GB MIG 4g.20gb (0),1,,13,"void channel_eq::eqMmseCoefCompLowMimoKernel<float, float, float, (unsigned int)4, (unsigned int)1, (unsigned int)4>(const channel_eq::_puschRxChEqStatDescr *, channel_eq::_puschRxChEqCoefCompDynDescr)"
12560277007,16032,244716,273,1,1,12,11,1,51,0.002,0.000,,,,,NVIDIA A100-SXM4-40GB MIG 4g.20gb (0),1,,13,"void channel_eq::eqMmseSoftDemapKernel<float, __half, __half, float, (unsigned int)4, (unsigned short)16383>(channel_eq::_puschRxChEqStatDescr *, channel_eq::_puschRxChEqSoftDemapDynDescr)"
12560512044,662873,244717,1,1,1,32,32,1,30,0.000,0.000,,,,,NVIDIA A100-SXM4-40GB MIG 4g.20gb (0),1,,13,"void convert_kernel<float2, __half2>(tensor_layout_any, T1 *, tensor_layout_any, const T2 *)"
12561477537,19008,244729,2253,1,1,128,1,1,16,0.000,0.000,,,,,NVIDIA A100-SXM4-40GB MIG 4g.20gb (0),1,,13,cupy_copy__float16_float16
12561916508,17312,244738,282,1,1,128,1,1,16,0.000,0.000,,,,,NVIDIA A100-SXM4-40GB MIG 4g.20gb (0),1,,13,cupy_copy__complex64_complex64
12562317496,8352,244747,26,1,1,128,1,1,16,0.000,0.000,,,,,NVIDIA A100-SXM4-40GB MIG 4g.20gb (0),1,,13,cupy_copy__float32_float32
12562721459,7200,244756,103,1,1,128,1,1,16,0.000,0.000,,,,,NVIDIA A100-SXM4-40GB MIG 4g.20gb (0),1,,13,cupy_copy__complex64_complex64
12562943857,22176,244766,1434,1,1,128,1,1,16,0.000,0.000,,,,,NVIDIA A100-SXM4-40GB MIG 4g.20gb (0),1,,13,cupy_copy__complex64_complex64
12563465707,238781,244771,1,1,1,32,32,1,30,0.000,0.000,,,,,NVIDIA A100-SXM4-40GB MIG 4g.20gb (0),1,,13,"void convert_kernel<__half2, float2>(tensor_layout_any, T1 *, tensor_layout_any, const T2 *)"
12563736968,8192,244774,,,,,,,,,,0.094,11437.471,Pinned,Device,NVIDIA A100-SXM4-40GB MIG 4g.20gb (0),1,,13,[CUDA memcpy Host-to-Device]
12564031589,633720,244775,,,,,,,,,,456.561,719997.391,Device,,NVIDIA A100-SXM4-40GB MIG 4g.20gb (0),1,,13,[CUDA memset]
12564669981,65184,244780,,,,,,,,,,1.235,18945.276,Pinned,Device,NVIDIA A100-SXM4-40GB MIG 4g.20gb (0),1,,13,[CUDA memcpy Host-to-Device]
12564737661,9439,244781,,,,,,,,,,0.197,20829.241,Pinned,Device,NVIDIA A100-SXM4-40GB MIG 4g.20gb (0),1,,13,[CUDA memcpy Host-to-Device]
12565121368,34208,244782,69,4,1,48,1,1,76,0.002,0.000,,,,,NVIDIA A100-SXM4-40GB MIG 4g.20gb (0),1,,13,"void ch_est::windowedChEstPreNoDftSOfdmKernel<float, __half, float, (unsigned int)2, (unsigned int)1, (unsigned short)4>(ch_est::puschRxChEstStatDescr_t *, ch_est::puschRxChEstDynDescr_t *)"
12565738001,27744,244783,137,2,1,24,2,1,44,0.001,0.001,,,,,NVIDIA A100-SXM4-40GB MIG 4g.20gb (0),1,,13,"void ch_est::chEstFilterNoDftSOfdmDispatchKernel<float, __half, float, (unsigned int)2>(ch_est::puschRxChEstStatDescr_t *, ch_est::puschRxChEstDynDescr_t *)"
12566204140,29984,244784,137,2,1,24,2,1,44,0.001,0.001,,,,,NVIDIA A100-SXM4-40GB MIG 4g.20gb (0),1,,13,"void ch_est::chEstFilterNoDftSOfdmDispatchKernel<float, __half, float, (unsigned int)2>(ch_est::puschRxChEstStatDescr_t *, ch_est::puschRxChEstDynDescr_t *)"
12566784741,11104,244795,103,1,1,128,1,1,16,0.000,0.000,,,,,NVIDIA A100-SXM4-40GB MIG 4g.20gb (0),1,,13,cupy_copy__complex64_complex64
12567298240,20927,244805,1434,1,1,128,1,1,16,0.000,0.000,,,,,NVIDIA A100-SXM4-40GB MIG 4g.20gb (0),1,,13,cupy_copy__complex64_complex64
12567619420,6016,244812,103,1,1,128,1,1,16,0.000,0.000,,,,,NVIDIA A100-SXM4-40GB MIG 4g.20gb (0),1,,13,cupy_copy__complex64_complex64
12568231669,244989,244819,1,1,1,32,32,1,30,0.000,0.000,,,,,NVIDIA A100-SXM4-40GB MIG 4g.20gb (0),1,,13,"void convert_kernel<__half2, float2>(tensor_layout_any, T1 *, tensor_layout_any, const T2 *)"
12568509202,7648,244822,,,,,,,,,,0.094,12251.033,Pinned,Device,NVIDIA A100-SXM4-40GB MIG 4g.20gb (0),1,,13,[CUDA memcpy Host-to-Device]
12568908397,61600,244823,,,,,,,,,,35.810,581302.431,Device,,NVIDIA A100-SXM4-40GB MIG 4g.20gb (0),1,,13,[CUDA memset]
12568975885,4320,244825,,,,,,,,,,0.000,18.518,Pinned,Device,NVIDIA A100-SXM4-40GB MIG 4g.20gb (0),1,,13,[CUDA memcpy Host-to-Device]
12568988205,14591,244826,,,,,,,,,,0.197,13474.529,Pinned,Device,NVIDIA A100-SXM4-40GB MIG 4g.20gb (0),1,,13,[CUDA memcpy Host-to-Device]
12569609510,35679,244827,273,1,1,48,1,1,40,0.000,0.001,,,,,NVIDIA A100-SXM4-40GB MIG 4g.20gb (0),1,,13,"void pusch_noise_intf_est::noiseIntfEstNoDftSOfdmKernel<float, __half, float, float, (unsigned int)2, (unsigned int)1, (unsigned char)4, (unsigned char)4>(pusch_noise_intf_est::puschRxNoiseIntfEstDynDescr)"
12570224031,6880,244838,35,1,1,128,1,1,16,0.000,0.000,,,,,NVIDIA A100-SXM4-40GB MIG 4g.20gb (0),1,,13,cupy_copy__complex64_complex64
12570801880,4576,244847,1,1,1,1,1,1,18,0.000,0.000,,,,,NVIDIA A100-SXM4-40GB MIG 4g.20gb (0),1,,13,cupy_copy__float32_float32
12570811160,1792,244853,,,,,,,,,,0.000,2.232,Device,Pageable,NVIDIA A100-SXM4-40GB MIG 4g.20gb (0),1,,7,[CUDA memcpy Device-to-Host]
12571452945,20800,244864,1434,1,1,128,1,1,16,0.000,0.000,,,,,NVIDIA A100-SXM4-40GB MIG 4g.20gb (0),1,,13,cupy_copy__complex64_complex64
12571968907,5024,244871,103,1,1,128,1,1,16,0.000,0.000,,,,,NVIDIA A100-SXM4-40GB MIG 4g.20gb (0),1,,13,cupy_copy__complex64_complex64
12572543076,4928,244878,35,1,1,128,1,1,16,0.000,0.000,,,,,NVIDIA A100-SXM4-40GB MIG 4g.20gb (0),1,,13,cupy_copy__complex64_complex64
12572987775,4192,244885,1,1,1,1,1,1,18,0.000,0.000,,,,,NVIDIA A100-SXM4-40GB MIG 4g.20gb (0),1,,13,cupy_copy__float32_float32
12573328444,236349,244896,1,1,1,32,32,1,30,0.000,0.000,,,,,NVIDIA A100-SXM4-40GB MIG 4g.20gb (0),1,,13,"void convert_kernel<__half2, float2>(tensor_layout_any, T1 *, tensor_layout_any, const T2 *)"
12573597433,9215,244899,,,,,,,,,,0.094,10167.703,Pinned,Device,NVIDIA A100-SXM4-40GB MIG 4g.20gb (0),1,,13,[CUDA memcpy Host-to-Device]
12573909621,8032,244900,,,,,,,,,,1.547,192556.235,Device,,NVIDIA A100-SXM4-40GB MIG 4g.20gb (0),1,,13,[CUDA memset]
12573925557,6336,244905,,,,,,,,,,0.031,4939.385,Pinned,Device,NVIDIA A100-SXM4-40GB MIG 4g.20gb (0),1,,13,[CUDA memcpy Host-to-Device]
12573937749,13120,244906,,,,,,,,,,0.197,14985.265,Pinned,Device,NVIDIA A100-SXM4-40GB MIG 4g.20gb (0),1,,13,[CUDA memcpy Host-to-Device]
12574383280,37535,244907,273,1,1,8,4,1,39,0.002,0.000,,,,,NVIDIA A100-SXM4-40GB MIG 4g.20gb (0),1,,13,"void channel_eq::eqMmseCoefCompLowMimoKernel<float, float, float, (unsigned int)4, (unsigned int)1, (unsigned int)4>(const channel_eq::_puschRxChEqStatDescr *, channel_eq::_puschRxChEqCoefCompDynDescr)"
12574914506,31871,244908,273,1,1,12,11,1,51,0.002,0.000,,,,,NVIDIA A100-SXM4-40GB MIG 4g.20gb (0),1,,13,"void channel_eq::eqMmseSoftDemapKernel<float, __half, __half, float, (unsigned int)4, (unsigned short)16383>(channel_eq::_puschRxChEqStatDescr *, channel_eq::_puschRxChEqSoftDemapDynDescr)"
12575443428,665944,244909,1,1,1,32,32,1,30,0.000,0.000,,,,,NVIDIA A100-SXM4-40GB MIG 4g.20gb (0),1,,13,"void convert_kernel<float2, __half2>(tensor_layout_any, T1 *, tensor_layout_any, const T2 *)"
12576479928,21152,244921,2253,1,1,128,1,1,16,0.000,0.000,,,,,NVIDIA A100-SXM4-40GB MIG 4g.20gb (0),1,,13,cupy_copy__float16_float16
12577001618,17216,244930,282,1,1,128,1,1,16,0.000,0.000,,,,,NVIDIA A100-SXM4-40GB MIG 4g.20gb (0),1,,13,cupy_copy__complex64_complex64
12577455565,12800,244939,26,1,1,128,1,1,16,0.000,0.000,,,,,NVIDIA A100-SXM4-40GB MIG 4g.20gb (0),1,,13,cupy_copy__float32_float32
12577922696,11776,244948,103,1,1,128,1,1,16,0.000,0.000,,,,,NVIDIA A100-SXM4-40GB MIG 4g.20gb (0),1,,13,cupy_copy__complex64_complex64
12578327971,21312,244958,1434,1,1,128,1,1,16,0.000,0.000,,,,,NVIDIA A100-SXM4-40GB MIG 4g.20gb (0),1,,13,cupy_copy__complex64_complex64
12578641216,234205,244963,1,1,1,32,32,1,30,0.000,0.000,,,,,NVIDIA A100-SXM4-40GB MIG 4g.20gb (0),1,,13,"void convert_kernel<__half2, float2>(tensor_layout_any, T1 *, tensor_layout_any, const T2 *)"
12578908957,11103,244966,,,,,,,,,,0.094,8438.730,Pinned,Device,NVIDIA A100-SXM4-40GB MIG 4g.20gb (0),1,,13,[CUDA memcpy Host-to-Device]
12579180282,630008,244967,,,,,,,,,,456.561,724563.005,Device,,NVIDIA A100-SXM4-40GB MIG 4g.20gb (0),1,,13,[CUDA memset]
12579816722,63840,244972,,,,,,,,,,1.235,19344.163,Pinned,Device,NVIDIA A100-SXM4-40GB MIG 4g.20gb (0),1,,13,[CUDA memcpy Host-to-Device]
12579883058,9471,244973,,,,,,,,,,0.197,20758.856,Pinned,Device,NVIDIA A100-SXM4-40GB MIG 4g.20gb (0),1,,13,[CUDA memcpy Host-to-Device]
12580476715,14080,244974,69,4,1,48,1,1,76,0.002,0.000,,,,,NVIDIA A100-SXM4-40GB MIG 4g.20gb (0),1,,13,"void ch_est::windowedChEstPreNoDftSOfdmKernel<float, __half, float, (unsigned int)2, (unsigned int)1, (unsigned short)4>(ch_est::puschRxChEstStatDescr_t *, ch_est::puschRxChEstDynDescr_t *)"
12581020421,32959,244975,137,2,1,24,2,1,44,0.001,0.001,,,,,NVIDIA A100-SXM4-40GB MIG 4g.20gb (0),1,,13,"void ch_est::chEstFilterNoDftSOfdmDispatchKernel<float, __half, float, (unsigned int)2>(ch_est::puschRxChEstStatDescr_t *, ch_est::puschRxChEstDynDescr_t *)"
12581695037,14944,244976,137,2,1,24,2,1,44,0.001,0.001,,,,,NVIDIA A100-SXM4-40GB MIG 4g.20gb (0),1,,13,"void ch_est::chEstFilterNoDftSOfdmDispatchKernel<float, __half, float, (unsigned int)2>(ch_est::puschRxChEstStatDescr_t *, ch_est::puschRxChEstDynDescr_t *)"
12582240247,6624,244987,103,1,1,128,1,1,16,0.000,0.000,,,,,NVIDIA A100-SXM4-40GB MIG 4g.20gb (0),1,,13,cupy_copy__complex64_complex64
12582878928,22304,244997,1434,1,1,128,1,1,16,0.000,0.000,,,,,NVIDIA A100-SXM4-40GB MIG 4g.20gb (0),1,,13,cupy_copy__complex64_complex64
12583294859,9120,245004,103,1,1,128,1,1,16,0.000,0.000,,,,,NVIDIA A100-SXM4-40GB MIG 4g.20gb (0),1,,13,cupy_copy__complex64_complex64
12583787654,257533,245011,1,1,1,32,32,1,30,0.000,0.000,,,,,NVIDIA A100-SXM4-40GB MIG 4g.20gb (0),1,,13,"void convert_kernel<__half2, float2>(tensor_layout_any, T1 *, tensor_layout_any, const T2 *)"
12584079458,15616,245014,,,,,,,,,,0.094,5999.917,Pinned,Device,NVIDIA A100-SXM4-40GB MIG 4g.20gb (0),1,,13,[CUDA memcpy Host-to-Device]
12584602940,63456,245015,,,,,,,,,,35.810,564292.719,Device,,NVIDIA A100-SXM4-40GB MIG 4g.20gb (0),1,,13,[CUDA memset]
12584667644,5056,245017,,,,,,,,,,0.000,15.823,Pinned,Device,NVIDIA A100-SXM4-40GB MIG 4g.20gb (0),1,,13,[CUDA memcpy Host-to-Device]
12584680763,10432,245018,,,,,,,,,,0.197,18846.450,Pinned,Device,NVIDIA A100-SXM4-40GB MIG 4g.20gb (0),1,,13,[CUDA memcpy Host-to-Device]
12585271381,31839,245019,273,1,1,48,1,1,40,0.000,0.001,,,,,NVIDIA A100-SXM4-40GB MIG 4g.20gb (0),1,,13,"void pusch_noise_intf_est::noiseIntfEstNoDftSOfdmKernel<float, __half, float, float, (unsigned int)2, (unsigned int)1, (unsigned char)4, (unsigned char)4>(pusch_noise_intf_est::puschRxNoiseIntfEstDynDescr)"
12585823151,11711,245030,35,1,1,128,1,1,16,0.000,0.000,,,,,NVIDIA A100-SXM4-40GB MIG 4g.20gb (0),1,,13,cupy_copy__complex64_complex64
12586396008,5024,245039,1,1,1,1,1,1,18,0.000,0.000,,,,,NVIDIA A100-SXM4-40GB MIG 4g.20gb (0),1,,13,cupy_copy__float32_float32
12586401928,1760,245045,,,,,,,,,,0.000,2.273,Device,Pageable,NVIDIA A100-SXM4-40GB MIG 4g.20gb (0),1,,7,[CUDA memcpy Device-to-Host]
12586765316,19040,245056,1434,1,1,128,1,1,16,0.000,0.000,,,,,NVIDIA A100-SXM4-40GB MIG 4g.20gb (0),1,,13,cupy_copy__complex64_complex64
12587436540,13504,245063,103,1,1,128,1,1,16,0.000,0.000,,,,,NVIDIA A100-SXM4-40GB MIG 4g.20gb (0),1,,13,cupy_copy__complex64_complex64
12588051061,13632,245070,35,1,1,128,1,1,16,0.000,0.000,,,,,NVIDIA A100-SXM4-40GB MIG 4g.20gb (0),1,,13,cupy_copy__complex64_complex64
12588518288,4608,245077,1,1,1,1,1,1,18,0.000,0.000,,,,,NVIDIA A100-SXM4-40GB MIG 4g.20gb (0),1,,13,cupy_copy__float32_float32
12589056330,268605,245088,1,1,1,32,32,1,30,0.000,0.000,,,,,NVIDIA A100-SXM4-40GB MIG 4g.20gb (0),1,,13,"void convert_kernel<__half2, float2>(tensor_layout_any, T1 *, tensor_layout_any, const T2 *)"
12589355943,5632,245091,,,,,,,,,,0.094,16636.287,Pinned,Device,NVIDIA A100-SXM4-40GB MIG 4g.20gb (0),1,,13,[CUDA memcpy Host-to-Device]
12589777442,9856,245092,,,,,,,,,,1.547,156922.018,Device,,NVIDIA A100-SXM4-40GB MIG 4g.20gb (0),1,,13,[CUDA memset]
12589793058,5632,245097,,,,,,,,,,0.031,5556.793,Pinned,Device,NVIDIA A100-SXM4-40GB MIG 4g.20gb (0),1,,13,[CUDA memcpy Host-to-Device]
12589804610,13471,245098,,,,,,,,,,0.197,14594.802,Pinned,Device,NVIDIA A100-SXM4-40GB MIG 4g.20gb (0),1,,13,[CUDA memcpy Host-to-Device]
12590256125,39295,245099,273,1,1,8,4,1,39,0.002,0.000,,,,,NVIDIA A100-SXM4-40GB MIG 4g.20gb (0),1,,13,"void channel_eq::eqMmseCoefCompLowMimoKernel<float, float, float, (unsigned int)4, (unsigned int)1, (unsigned int)4>(const channel_eq::_puschRxChEqStatDescr *, channel_eq::_puschRxChEqCoefCompDynDescr)"
12590787351,27615,245100,273,1,1,12,11,1,51,0.002,0.000,,,,,NVIDIA A100-SXM4-40GB MIG 4g.20gb (0),1,,13,"void channel_eq::eqMmseSoftDemapKernel<float, __half, __half, float, (unsigned int)4, (unsigned short)16383>(channel_eq::_puschRxChEqStatDescr *, channel_eq::_puschRxChEqSoftDemapDynDescr)"
12591198194,652665,245101,1,1,1,32,32,1,30,0.000,0.000,,,,,NVIDIA A100-SXM4-40GB MIG 4g.20gb (0),1,,13,"void convert_kernel<float2, __half2>(tensor_layout_any, T1 *, tensor_layout_any, const T2 *)"
12592327333,19104,245113,2253,1,1,128,1,1,16,0.000,0.000,,,,,NVIDIA A100-SXM4-40GB MIG 4g.20gb (0),1,,13,cupy_copy__float16_float16
12592683841,6656,245122,282,1,1,128,1,1,16,0.000,0.000,,,,,NVIDIA A100-SXM4-40GB MIG 4g.20gb (0),1,,13,cupy_copy__complex64_complex64
12593030685,4480,245131,26,1,1,128,1,1,16,0.000,0.000,,,,,NVIDIA A100-SXM4-40GB MIG 4g.20gb (0),1,,13,cupy_copy__float32_float32
12593584983,6304,245140,103,1,1,128,1,1,16,0.000,0.000,,,,,NVIDIA A100-SXM4-40GB MIG 4g.20gb (0),1,,13,cupy_copy__complex64_complex64
12594076145,21696,245150,1434,1,1,128,1,1,16,0.000,0.000,,,,,NVIDIA A100-SXM4-40GB MIG 4g.20gb (0),1,,13,cupy_copy__complex64_complex64
12594584652,254077,245155,1,1,1,32,32,1,30,0.000,0.000,,,,,NVIDIA A100-SXM4-40GB MIG 4g.20gb (0),1,,13,"void convert_kernel<__half2, float2>(tensor_layout_any, T1 *, tensor_layout_any, const T2 *)"
12594869416,5632,245158,,,,,,,,,,0.094,16636.287,Pinned,Device,NVIDIA A100-SXM4-40GB MIG 4g.20gb (0),1,,13,[CUDA memcpy Host-to-Device]
12595542529,618105,245159,,,,,,,,,,456.561,738259.848,Device,,NVIDIA A100-SXM4-40GB MIG 4g.20gb (0),1,,13,[CUDA memset]
12596167738,63231,245164,,,,,,,,,,1.235,19530.639,Pinned,Device,NVIDIA A100-SXM4-40GB MIG 4g.20gb (0),1,,13,[CUDA memcpy Host-to-Device]
12596233689,9888,245165,,,,,,,,,,0.197,19883.360,Pinned,Device,NVIDIA A100-SXM4-40GB MIG 4g.20gb (0),1,,13,[CUDA memcpy Host-to-Device]
12596729683,12896,245166,69,4,1,48,1,1,76,0.002,0.000,,,,,NVIDIA A100-SXM4-40GB MIG 4g.20gb (0),1,,13,"void ch_est::windowedChEstPreNoDftSOfdmKernel<float, __half, float, (unsigned int)2, (unsigned int)1, (unsigned short)4>(ch_est::puschRxChEstStatDescr_t *, ch_est::puschRxChEstDynDescr_t *)"
12597483051,12512,245167,137,2,1,24,2,1,44,0.001,0.001,,,,,NVIDIA A100-SXM4-40GB MIG 4g.20gb (0),1,,13,"void ch_est::chEstFilterNoDftSOfdmDispatchKernel<float, __half, float, (unsigned int)2>(ch_est::puschRxChEstStatDescr_t *, ch_est::puschRxChEstDynDescr_t *)"
12598235554,12576,245168,137,2,1,24,2,1,44,0.001,0.001,,,,,NVIDIA A100-SXM4-40GB MIG 4g.20gb (0),1,,13,"void ch_est::chEstFilterNoDftSOfdmDispatchKernel<float, __half, float, (unsigned int)2>(ch_est::puschRxChEstStatDescr_t *, ch_est::puschRxChEstDynDescr_t *)"
12598786780,4384,245179,103,1,1,128,1,1,16,0.000,0.000,,,,,NVIDIA A100-SXM4-40GB MIG 4g.20gb (0),1,,13,cupy_copy__complex64_complex64
12599429589,20960,245189,1434,1,1,128,1,1,16,0.000,0.000,,,,,NVIDIA A100-SXM4-40GB MIG 4g.20gb (0),1,,13,cupy_copy__complex64_complex64
12600118829,4064,245196,103,1,1,128,1,1,16,0.000,0.000,,,,,NVIDIA A100-SXM4-40GB MIG 4g.20gb (0),1,,13,cupy_copy__complex64_complex64
12600773958,248829,245203,1,1,1,32,32,1,30,0.000,0.000,,,,,NVIDIA A100-SXM4-40GB MIG 4g.20gb (0),1,,13,"void convert_kernel<__half2, float2>(tensor_layout_any, T1 *, tensor_layout_any, const T2 *)"
12601054051,5472,245206,,,,,,,,,,0.094,17122.757,Pinned,Device,NVIDIA A100-SXM4-40GB MIG 4g.20gb (0),1,,13,[CUDA memcpy Host-to-Device]
12601525149,62304,245207,,,,,,,,,,35.810,574749.216,Device,,NVIDIA A100-SXM4-40GB MIG 4g.20gb (0),1,,13,[CUDA memset]
12601595869,2240,245209,,,,,,,,,,0.000,35.714,Pinned,Device,NVIDIA A100-SXM4-40GB MIG 4g.20gb (0),1,,13,[CUDA memcpy Host-to-Device]
12601604796,14240,245210,,,,,,,,,,0.197,13806.600,Pinned,Device,NVIDIA A100-SXM4-40GB MIG 4g.20gb (0),1,,13,[CUDA memcpy Host-to-Device]
12602226869,36736,245211,273,1,1,48,1,1,40,0.000,0.001,,,,,NVIDIA A100-SXM4-40GB MIG 4g.20gb (0),1,,13,"void pusch_noise_intf_est::noiseIntfEstNoDftSOfdmKernel<float, __half, float, float, (unsigned int)2, (unsigned int)1, (unsigned char)4, (unsigned char)4>(pusch_noise_intf_est::puschRxNoiseIntfEstDynDescr)"
12602963661,7040,245222,35,1,1,128,1,1,16,0.000,0.000,,,,,NVIDIA A100-SXM4-40GB MIG 4g.20gb (0),1,,13,cupy_copy__complex64_complex64
12603543399,3648,245231,1,1,1,1,1,1,18,0.000,0.000,,,,,NVIDIA A100-SXM4-40GB MIG 4g.20gb (0),1,,13,cupy_copy__float32_float32
12603548423,1823,245237,,,,,,,,,,0.000,2.194,Device,Pageable,NVIDIA A100-SXM4-40GB MIG 4g.20gb (0),1,,7,[CUDA memcpy Device-to-Host]
12604313598,18176,245248,1434,1,1,128,1,1,16,0.000,0.000,,,,,NVIDIA A100-SXM4-40GB MIG 4g.20gb (0),1,,13,cupy_copy__complex64_complex64
12604971702,4640,245255,103,1,1,128,1,1,16,0.000,0.000,,,,,NVIDIA A100-SXM4-40GB MIG 4g.20gb (0),1,,13,cupy_copy__complex64_complex64
12605627567,4608,245262,35,1,1,128,1,1,16,0.000,0.000,,,,,NVIDIA A100-SXM4-40GB MIG 4g.20gb (0),1,,13,cupy_copy__complex64_complex64
12606111370,3744,245269,1,1,1,1,1,1,18,0.000,0.000,,,,,NVIDIA A100-SXM4-40GB MIG 4g.20gb (0),1,,13,cupy_copy__float32_float32
12606446342,270589,245280,1,1,1,32,32,1,30,0.000,0.000,,,,,NVIDIA A100-SXM4-40GB MIG 4g.20gb (0),1,,13,"void convert_kernel<__half2, float2>(tensor_layout_any, T1 *, tensor_layout_any, const T2 *)"
12606751234,5632,245283,,,,,,,,,,0.094,16636.287,Pinned,Device,NVIDIA A100-SXM4-40GB MIG 4g.20gb (0),1,,13,[CUDA memcpy Host-to-Device]
12607150814,10016,245284,,,,,,,,,,1.547,154414.940,Device,,NVIDIA A100-SXM4-40GB MIG 4g.20gb (0),1,,13,[CUDA memset]
12607168062,4320,245289,,,,,,,,,,0.031,7244.429,Pinned,Device,NVIDIA A100-SXM4-40GB MIG 4g.20gb (0),1,,13,[CUDA memcpy Host-to-Device]
12607178366,13535,245290,,,,,,,,,,0.197,14525.792,Pinned,Device,NVIDIA A100-SXM4-40GB MIG 4g.20gb (0),1,,13,[CUDA memcpy Host-to-Device]
12607696632,31871,245291,273,1,1,8,4,1,39,0.002,0.000,,,,,NVIDIA A100-SXM4-40GB MIG 4g.20gb (0),1,,13,"void channel_eq::eqMmseCoefCompLowMimoKernel<float, float, float, (unsigned int)4, (unsigned int)1, (unsigned int)4>(const channel_eq::_puschRxChEqStatDescr *, channel_eq::_puschRxChEqCoefCompDynDescr)"
12608161682,34528,245292,273,1,1,12,11,1,51,0.002,0.000,,,,,NVIDIA A100-SXM4-40GB MIG 4g.20gb (0),1,,13,"void channel_eq::eqMmseSoftDemapKernel<float, __half, __half, float, (unsigned int)4, (unsigned short)16383>(channel_eq::_puschRxChEqStatDescr *, channel_eq::_puschRxChEqSoftDemapDynDescr)"
12608688396,669305,245293,1,1,1,32,32,1,30,0.000,0.000,,,,,NVIDIA A100-SXM4-40GB MIG 4g.20gb (0),1,,13,"void convert_kernel<float2, __half2>(tensor_layout_any, T1 *, tensor_layout_any, const T2 *)"
12609781760,16576,245305,2253,1,1,128,1,1,16,0.000,0.000,,,,,NVIDIA A100-SXM4-40GB MIG 4g.20gb (0),1,,13,cupy_copy__float16_float16
12610299866,27360,245314,282,1,1,128,1,1,16,0.000,0.000,,,,,NVIDIA A100-SXM4-40GB MIG 4g.20gb (0),1,,13,cupy_copy__complex64_complex64
12610783765,7296,245323,26,1,1,128,1,1,16,0.000,0.000,,,,,NVIDIA A100-SXM4-40GB MIG 4g.20gb (0),1,,13,cupy_copy__float32_float32
12611265679,11904,245332,103,1,1,128,1,1,16,0.000,0.000,,,,,NVIDIA A100-SXM4-40GB MIG 4g.20gb (0),1,,13,cupy_copy__complex64_complex64
12612061094,17120,245342,1434,1,1,128,1,1,16,0.000,0.000,,,,,NVIDIA A100-SXM4-40GB MIG 4g.20gb (0),1,,13,cupy_copy__complex64_complex64
12612564161,268733,245347,1,1,1,32,32,1,30,0.000,0.000,,,,,NVIDIA A100-SXM4-40GB MIG 4g.20gb (0),1,,13,"void convert_kernel<__half2, float2>(tensor_layout_any, T1 *, tensor_layout_any, const T2 *)"
12612863517,8960,245350,,,,,,,,,,0.094,10457.129,Pinned,Device,NVIDIA A100-SXM4-40GB MIG 4g.20gb (0),1,,13,[CUDA memcpy Host-to-Device]
12613662708,614681,245351,,,,,,,,,,456.561,742368.901,Device,,NVIDIA A100-SXM4-40GB MIG 4g.20gb (0),1,,13,[CUDA memset]
12614285133,82655,245356,,,,,,,,,,1.235,14940.353,Pinned,Device,NVIDIA A100-SXM4-40GB MIG 4g.20gb (0),1,,13,[CUDA memcpy Host-to-Device]
12614377644,15424,245357,,,,,,,,,,0.197,12746.883,Pinned,Device,NVIDIA A100-SXM4-40GB MIG 4g.20gb (0),1,,13,[CUDA memcpy Host-to-Device]
12615149924,22815,245358,69,4,1,48,1,1,76,0.002,0.000,,,,,NVIDIA A100-SXM4-40GB MIG 4g.20gb (0),1,,13,"void ch_est::windowedChEstPreNoDftSOfdmKernel<float, __half, float, (unsigned int)2, (unsigned int)1, (unsigned short)4>(ch_est::puschRxChEstStatDescr_t *, ch_est::puschRxChEstDynDescr_t *)"
12615969274,19136,245359,137,2,1,24,2,1,44,0.001,0.001,,,,,NVIDIA A100-SXM4-40GB MIG 4g.20gb (0),1,,13,"void ch_est::chEstFilterNoDftSOfdmDispatchKernel<float, __half, float, (unsigned int)2>(ch_est::puschRxChEstStatDescr_t *, ch_est::puschRxChEstDynDescr_t *)"
12616806257,20416,245360,137,2,1,24,2,1,44,0.001,0.001,,,,,NVIDIA A100-SXM4-40GB MIG 4g.20gb (0),1,,13,"void ch_est::chEstFilterNoDftSOfdmDispatchKernel<float, __half, float, (unsigned int)2>(ch_est::puschRxChEstStatDescr_t *, ch_est::puschRxChEstDynDescr_t *)"
12617577608,4256,245371,103,1,1,128,1,1,16,0.000,0.000,,,,,NVIDIA A100-SXM4-40GB MIG 4g.20gb (0),1,,13,cupy_copy__complex64_complex64
12618347743,19456,245381,1434,1,1,128,1,1,16,0.000,0.000,,,,,NVIDIA A100-SXM4-40GB MIG 4g.20gb (0),1,,13,cupy_copy__complex64_complex64
12619131735,4352,245388,103,1,1,128,1,1,16,0.000,0.000,,,,,NVIDIA A100-SXM4-40GB MIG 4g.20gb (0),1,,13,cupy_copy__complex64_complex64
12619616081,289149,245395,1,1,1,32,32,1,30,0.000,0.000,,,,,NVIDIA A100-SXM4-40GB MIG 4g.20gb (0),1,,13,"void convert_kernel<__half2, float2>(tensor_layout_any, T1 *, tensor_layout_any, const T2 *)"
12619939374,5855,245398,,,,,,,,,,0.094,16002.715,Pinned,Device,NVIDIA A100-SXM4-40GB MIG 4g.20gb (0),1,,13,[CUDA memcpy Host-to-Device]
12620758180,48800,245399,,,,,,,,,,35.810,733781.071,Device,,NVIDIA A100-SXM4-40GB MIG 4g.20gb (0),1,,13,[CUDA memset]
12620814116,2368,245401,,,,,,,,,,0.000,33.784,Pinned,Device,NVIDIA A100-SXM4-40GB MIG 4g.20gb (0),1,,13,[CUDA memcpy Host-to-Device]
12620819524,13599,245402,,,,,,,,,,0.197,14457.373,Pinned,Device,NVIDIA A100-SXM4-40GB MIG 4g.20gb (0),1,,13,[CUDA memcpy Host-to-Device]
12621573883,27072,245403,273,1,1,48,1,1,40,0.000,0.001,,,,,NVIDIA A100-SXM4-40GB MIG 4g.20gb (0),1,,13,"void pusch_noise_intf_est::noiseIntfEstNoDftSOfdmKernel<float, __half, float, float, (unsigned int)2, (unsigned int)1, (unsigned char)4, (unsigned char)4>(pusch_noise_intf_est::puschRxNoiseIntfEstDynDescr)"
12622416338,6015,245414,35,1,1,128,1,1,16,0.000,0.000,,,,,NVIDIA A100-SXM4-40GB MIG 4g.20gb (0),1,,13,cupy_copy__complex64_complex64
12623189929,3424,245423,1,1,1,1,1,1,18,0.000,0.000,,,,,NVIDIA A100-SXM4-40GB MIG 4g.20gb (0),1,,13,cupy_copy__float32_float32
12623199977,1664,245429,,,,,,,,,,0.000,2.404,Device,Pageable,NVIDIA A100-SXM4-40GB MIG 4g.20gb (0),1,,7,[CUDA memcpy Device-to-Host]
12623683075,21408,245440,1434,1,1,128,1,1,16,0.000,0.000,,,,,NVIDIA A100-SXM4-40GB MIG 4g.20gb (0),1,,13,cupy_copy__complex64_complex64
12624124638,17824,245447,103,1,1,128,1,1,16,0.000,0.000,,,,,NVIDIA A100-SXM4-40GB MIG 4g.20gb (0),1,,13,cupy_copy__complex64_complex64
12624512730,17280,245454,35,1,1,128,1,1,16,0.000,0.000,,,,,NVIDIA A100-SXM4-40GB MIG 4g.20gb (0),1,,13,cupy_copy__complex64_complex64
12624878902,4608,245461,1,1,1,1,1,1,18,0.000,0.000,,,,,NVIDIA A100-SXM4-40GB MIG 4g.20gb (0),1,,13,cupy_copy__float32_float32
12625106323,240509,245472,1,1,1,32,32,1,30,0.000,0.000,,,,,NVIDIA A100-SXM4-40GB MIG 4g.20gb (0),1,,13,"void convert_kernel<__half2, float2>(tensor_layout_any, T1 *, tensor_layout_any, const T2 *)"
12625378928,6016,245475,,,,,,,,,,0.094,15574.430,Pinned,Device,NVIDIA A100-SXM4-40GB MIG 4g.20gb (0),1,,13,[CUDA memcpy Host-to-Device]
12625650317,5632,245476,,,,,,,,,,1.547,274612.371,Device,,NVIDIA A100-SXM4-40GB MIG 4g.20gb (0),1,,13,[CUDA memset]
12625659149,3232,245481,,,,,,,,,,0.031,9683.139,Pinned,Device,NVIDIA A100-SXM4-40GB MIG 4g.20gb (0),1,,13,[CUDA memcpy Host-to-Device]
12625665869,16704,245482,,,,,,,,,,0.197,11769.938,Pinned,Device,NVIDIA A100-SXM4-40GB MIG 4g.20gb (0),1,,13,[CUDA memcpy Host-to-Device]
12626100008,35904,245483,273,1,1,8,4,1,39,0.002,0.000,,,,,NVIDIA A100-SXM4-40GB MIG 4g.20gb (0),1,,13,"void channel_eq::eqMmseCoefCompLowMimoKernel<float, float, float, (unsigned int)4, (unsigned int)1, (unsigned int)4>(const channel_eq::_puschRxChEqStatDescr *, channel_eq::_puschRxChEqCoefCompDynDescr)"
12626618402,16768,245484,273,1,1,12,11,1,51,0.002,0.000,,,,,NVIDIA A100-SXM4-40GB MIG 4g.20gb (0),1,,13,"void channel_eq::eqMmseSoftDemapKernel<float, __half, __half, float, (unsigned int)4, (unsigned short)16383>(channel_eq::_puschRxChEqStatDescr *, channel_eq::_puschRxChEqSoftDemapDynDescr)"
12627090173,678040,245485,1,1,1,32,32,1,30,0.000,0.000,,,,,NVIDIA A100-SXM4-40GB MIG 4g.20gb (0),1,,13,"void convert_kernel<float2, __half2>(tensor_layout_any, T1 *, tensor_layout_any, const T2 *)"
12628187056,23328,245497,2253,1,1,128,1,1,16,0.000,0.000,,,,,NVIDIA A100-SXM4-40GB MIG 4g.20gb (0),1,,13,cupy_copy__float16_float16
12628664811,11584,245506,282,1,1,128,1,1,16,0.000,0.000,,,,,NVIDIA A100-SXM4-40GB MIG 4g.20gb (0),1,,13,cupy_copy__complex64_complex64
12629346659,8512,245515,26,1,1,128,1,1,16,0.000,0.000,,,,,NVIDIA A100-SXM4-40GB MIG 4g.20gb (0),1,,13,cupy_copy__float32_float32
12629883005,10720,245524,103,1,1,128,1,1,16,0.000,0.000,,,,,NVIDIA A100-SXM4-40GB MIG 4g.20gb (0),1,,13,cupy_copy__complex64_complex64
12630513206,16832,245534,1434,1,1,128,1,1,16,0.000,0.000,,,,,NVIDIA A100-SXM4-40GB MIG 4g.20gb (0),1,,13,cupy_copy__complex64_complex64
12631048464,294173,245539,1,1,1,32,32,1,30,0.000,0.000,,,,,NVIDIA A100-SXM4-40GB MIG 4g.20gb (0),1,,13,"void convert_kernel<__half2, float2>(tensor_layout_any, T1 *, tensor_layout_any, const T2 *)"
12631375980,8832,245542,,,,,,,,,,0.094,10608.636,Pinned,Device,NVIDIA A100-SXM4-40GB MIG 4g.20gb (0),1,,13,[CUDA memcpy Host-to-Device]
12631858791,620857,245543,,,,,,,,,,456.561,735063.918,Device,,NVIDIA A100-SXM4-40GB MIG 4g.20gb (0),1,,13,[CUDA memset]
12632485888,71391,245548,,,,,,,,,,1.235,17297.861,Pinned,Device,NVIDIA A100-SXM4-40GB MIG 4g.20gb (0),1,,13,[CUDA memcpy Host-to-Device]
12632559743,12320,245549,,,,,,,,,,0.197,15958.278,Pinned,Device,NVIDIA A100-SXM4-40GB MIG 4g.20gb (0),1,,13,[CUDA memcpy Host-to-Device]
12633208024,28959,245550,69,4,1,48,1,1,76,0.002,0.000,,,,,NVIDIA A100-SXM4-40GB MIG 4g.20gb (0),1,,13,"void ch_est::windowedChEstPreNoDftSOfdmKernel<float, __half, float, (unsigned int)2, (unsigned int)1, (unsigned short)4>(ch_est::puschRxChEstStatDescr_t *, ch_est::puschRxChEstDynDescr_t *)"
12633893040,31456,245551,137,2,1,24,2,1,44,0.001,0.001,,,,,NVIDIA A100-SXM4-40GB MIG 4g.20gb (0),1,,13,"void ch_est::chEstFilterNoDftSOfdmDispatchKernel<float, __half, float, (unsigned int)2>(ch_est::puschRxChEstStatDescr_t *, ch_est::puschRxChEstDynDescr_t *)"
12634529193,29536,245552,137,2,1,24,2,1,44,0.001,0.001,,,,,NVIDIA A100-SXM4-40GB MIG 4g.20gb (0),1,,13,"void ch_est::chEstFilterNoDftSOfdmDispatchKernel<float, __half, float, (unsigned int)2>(ch_est::puschRxChEstStatDescr_t *, ch_est::puschRxChEstDynDescr_t *)"
12635159394,4224,245563,103,1,1,128,1,1,16,0.000,0.000,,,,,NVIDIA A100-SXM4-40GB MIG 4g.20gb (0),1,,13,cupy_copy__complex64_complex64
12635809530,17120,245573,1434,1,1,128,1,1,16,0.000,0.000,,,,,NVIDIA A100-SXM4-40GB MIG 4g.20gb (0),1,,13,cupy_copy__complex64_complex64
12636473907,4416,245580,103,1,1,128,1,1,16,0.000,0.000,,,,,NVIDIA A100-SXM4-40GB MIG 4g.20gb (0),1,,13,cupy_copy__complex64_complex64
12637125740,258813,245587,1,1,1,32,32,1,30,0.000,0.000,,,,,NVIDIA A100-SXM4-40GB MIG 4g.20gb (0),1,,13,"void convert_kernel<__half2, float2>(tensor_layout_any, T1 *, tensor_layout_any, const T2 *)"
12637414728,5600,245590,,,,,,,,,,0.094,16731.388,Pinned,Device,NVIDIA A100-SXM4-40GB MIG 4g.20gb (0),1,,13,[CUDA memcpy Host-to-Device]
12637948706,63136,245591,,,,,,,,,,35.810,567157.513,Device,,NVIDIA A100-SXM4-40GB MIG 4g.20gb (0),1,,13,[CUDA memset]
12638021057,5984,245593,,,,,,,,,,0.000,13.369,Pinned,Device,NVIDIA A100-SXM4-40GB MIG 4g.20gb (0),1,,13,[CUDA memcpy Host-to-Device]
12638034721,14496,245594,,,,,,,,,,0.197,13562.806,Pinned,Device,NVIDIA A100-SXM4-40GB MIG 4g.20gb (0),1,,13,[CUDA memcpy Host-to-Device]
12638731513,33472,245595,273,1,1,48,1,1,40,0.000,0.001,,,,,NVIDIA A100-SXM4-40GB MIG 4g.20gb (0),1,,13,"void pusch_noise_intf_est::noiseIntfEstNoDftSOfdmKernel<float, __half, float, float, (unsigned int)2, (unsigned int)1, (unsigned char)4, (unsigned char)4>(pusch_noise_intf_est::puschRxNoiseIntfEstDynDescr)"
12639352562,11072,245606,35,1,1,128,1,1,16,0.000,0.000,,,,,NVIDIA A100-SXM4-40GB MIG 4g.20gb (0),1,,13,cupy_copy__complex64_complex64
12639873005,3135,245615,1,1,1,1,1,1,18,0.000,0.000,,,,,NVIDIA A100-SXM4-40GB MIG 4g.20gb (0),1,,13,cupy_copy__float32_float32
12639877356,2272,245621,,,,,,,,,,0.000,1.761,Device,Pageable,NVIDIA A100-SXM4-40GB MIG 4g.20gb (0),1,,7,[CUDA memcpy Device-to-Host]
12640381863,21152,245632,1434,1,1,128,1,1,16,0.000,0.000,,,,,NVIDIA A100-SXM4-40GB MIG 4g.20gb (0),1,,13,cupy_copy__complex64_complex64
12640880033,18496,245639,103,1,1,128,1,1,16,0.000,0.000,,,,,NVIDIA A100-SXM4-40GB MIG 4g.20gb (0),1,,13,cupy_copy__complex64_complex64
12641272253,10688,245646,35,1,1,128,1,1,16,0.000,0.000,,,,,NVIDIA A100-SXM4-40GB MIG 4g.20gb (0),1,,13,cupy_copy__complex64_complex64
12641713304,4320,245653,1,1,1,1,1,1,18,0.000,0.000,,,,,NVIDIA A100-SXM4-40GB MIG 4g.20gb (0),1,,13,cupy_copy__float32_float32
12642016372,228286,245664,1,1,1,32,32,1,30,0.000,0.000,,,,,NVIDIA A100-SXM4-40GB MIG 4g.20gb (0),1,,13,"void convert_kernel<__half2, float2>(tensor_layout_any, T1 *, tensor_layout_any, const T2 *)"
12642275089,5600,245667,,,,,,,,,,0.094,16731.388,Pinned,Device,NVIDIA A100-SXM4-40GB MIG 4g.20gb (0),1,,13,[CUDA memcpy Host-to-Device]
12642532431,7839,245668,,,,,,,,,,1.547,197298.184,Device,,NVIDIA A100-SXM4-40GB MIG 4g.20gb (0),1,,13,[CUDA memset]
12642541294,7232,245673,,,,,,,,,,0.031,4327.423,Pinned,Device,NVIDIA A100-SXM4-40GB MIG 4g.20gb (0),1,,13,[CUDA memcpy Host-to-Device]
12642551534,16928,245674,,,,,,,,,,0.197,11614.224,Pinned,Device,NVIDIA A100-SXM4-40GB MIG 4g.20gb (0),1,,13,[CUDA memcpy Host-to-Device]
12642985769,36096,245675,273,1,1,8,4,1,39,0.002,0.000,,,,,NVIDIA A100-SXM4-40GB MIG 4g.20gb (0),1,,13,"void channel_eq::eqMmseCoefCompLowMimoKernel<float, float, float, (unsigned int)4, (unsigned int)1, (unsigned int)4>(const channel_eq::_puschRxChEqStatDescr *, channel_eq::_puschRxChEqCoefCompDynDescr)"
12643480228,28831,245676,273,1,1,12,11,1,51,0.002,0.000,,,,,NVIDIA A100-SXM4-40GB MIG 4g.20gb (0),1,,13,"void channel_eq::eqMmseSoftDemapKernel<float, __half, __half, float, (unsigned int)4, (unsigned short)16383>(channel_eq::_puschRxChEqStatDescr *, channel_eq::_puschRxChEqSoftDemapDynDescr)"
12643953086,695737,245677,1,1,1,32,32,1,30,0.000,0.000,,,,,NVIDIA A100-SXM4-40GB MIG 4g.20gb (0),1,,13,"void convert_kernel<float2, __half2>(tensor_layout_any, T1 *, tensor_layout_any, const T2 *)"
12645107025,19072,245689,2253,1,1,128,1,1,16,0.000,0.000,,,,,NVIDIA A100-SXM4-40GB MIG 4g.20gb (0),1,,13,cupy_copy__float16_float16
12645933576,18400,245698,282,1,1,128,1,1,16,0.000,0.000,,,,,NVIDIA A100-SXM4-40GB MIG 4g.20gb (0),1,,13,cupy_copy__complex64_complex64
12646384291,8288,245707,26,1,1,128,1,1,16,0.000,0.000,,,,,NVIDIA A100-SXM4-40GB MIG 4g.20gb (0),1,,13,cupy_copy__float32_float32
12647085115,9312,245716,103,1,1,128,1,1,16,0.000,0.000,,,,,NVIDIA A100-SXM4-40GB MIG 4g.20gb (0),1,,13,cupy_copy__complex64_complex64
12647621077,23840,245726,1434,1,1,128,1,1,16,0.000,0.000,,,,,NVIDIA A100-SXM4-40GB MIG 4g.20gb (0),1,,13,cupy_copy__complex64_complex64
12648090736,232733,245731,1,1,1,32,32,1,30,0.000,0.000,,,,,NVIDIA A100-SXM4-40GB MIG 4g.20gb (0),1,,13,"void convert_kernel<__half2, float2>(tensor_layout_any, T1 *, tensor_layout_any, const T2 *)"
12648353805,8704,245734,,,,,,,,,,0.094,10764.640,Pinned,Device,NVIDIA A100-SXM4-40GB MIG 4g.20gb (0),1,,13,[CUDA memcpy Host-to-Device]
12648895335,626297,245735,,,,,,,,,,456.561,728672.058,Device,,NVIDIA A100-SXM4-40GB MIG 4g.20gb (0),1,,13,[CUDA memset]
12649524704,71487,245740,,,,,,,,,,1.235,17274.397,Pinned,Device,NVIDIA A100-SXM4-40GB MIG 4g.20gb (0),1,,13,[CUDA memcpy Host-to-Device]
12649598879,11712,245741,,,,,,,,,,0.197,16786.784,Pinned,Device,NVIDIA A100-SXM4-40GB MIG 4g.20gb (0),1,,13,[CUDA memcpy Host-to-Device]
12650295639,31904,245742,69,4,1,48,1,1,76,0.002,0.000,,,,,NVIDIA A100-SXM4-40GB MIG 4g.20gb (0),1,,13,"void ch_est::windowedChEstPreNoDftSOfdmKernel<float, __half, float, (unsigned int)2, (unsigned int)1, (unsigned short)4>(ch_est::puschRxChEstStatDescr_t *, ch_est::puschRxChEstDynDescr_t *)"
12651334219,31936,245743,137,2,1,24,2,1,44,0.001,0.001,,,,,NVIDIA A100-SXM4-40GB MIG 4g.20gb (0),1,,13,"void ch_est::chEstFilterNoDftSOfdmDispatchKernel<float, __half, float, (unsigned int)2>(ch_est::puschRxChEstStatDescr_t *, ch_est::puschRxChEstDynDescr_t *)"
12652041699,30112,245744,137,2,1,24,2,1,44,0.001,0.001,,,,,NVIDIA A100-SXM4-40GB MIG 4g.20gb (0),1,,13,"void ch_est::chEstFilterNoDftSOfdmDispatchKernel<float, __half, float, (unsigned int)2>(ch_est::puschRxChEstStatDescr_t *, ch_est::puschRxChEstDynDescr_t *)"
12653020920,4288,245755,103,1,1,128,1,1,16,0.000,0.000,,,,,NVIDIA A100-SXM4-40GB MIG 4g.20gb (0),1,,13,cupy_copy__complex64_complex64
12653795919,18048,245765,1434,1,1,128,1,1,16,0.000,0.000,,,,,NVIDIA A100-SXM4-40GB MIG 4g.20gb (0),1,,13,cupy_copy__complex64_complex64
12654579591,4447,245772,103,1,1,128,1,1,16,0.000,0.000,,,,,NVIDIA A100-SXM4-40GB MIG 4g.20gb (0),1,,13,cupy_copy__complex64_complex64
12654997506,296540,245779,1,1,1,32,32,1,30,0.000,0.000,,,,,NVIDIA A100-SXM4-40GB MIG 4g.20gb (0),1,,13,"void convert_kernel<__half2, float2>(tensor_layout_any, T1 *, tensor_layout_any, const T2 *)"
12655325854,8160,245782,,,,,,,,,,0.094,11482.351,Pinned,Device,NVIDIA A100-SXM4-40GB MIG 4g.20gb (0),1,,13,[CUDA memcpy Host-to-Device]
12655777721,72287,245783,,,,,,,,,,35.810,495358.623,Device,,NVIDIA A100-SXM4-40GB MIG 4g.20gb (0),1,,13,[CUDA memset]
12655853944,2848,245785,,,,,,,,,,0.000,28.090,Pinned,Device,NVIDIA A100-SXM4-40GB MIG 4g.20gb (0),1,,13,[CUDA memcpy Host-to-Device]
12655863896,13600,245786,,,,,,,,,,0.197,14456.390,Pinned,Device,NVIDIA A100-SXM4-40GB MIG 4g.20gb (0),1,,13,[CUDA memcpy Host-to-Device]
12656662447,37952,245787,273,1,1,48,1,1,40,0.000,0.001,,,,,NVIDIA A100-SXM4-40GB MIG 4g.20gb (0),1,,13,"void pusch_noise_intf_est::noiseIntfEstNoDftSOfdmKernel<float, __half, float, float, (unsigned int)2, (unsigned int)1, (unsigned char)4, (unsigned char)4>(pusch_noise_intf_est::puschRxNoiseIntfEstDynDescr)"
12657402439,9024,245798,35,1,1,128,1,1,16,0.000,0.000,,,,,NVIDIA A100-SXM4-40GB MIG 4g.20gb (0),1,,13,cupy_copy__complex64_complex64
12658086655,3808,245807,1,1,1,1,1,1,18,0.000,0.000,,,,,NVIDIA A100-SXM4-40GB MIG 4g.20gb (0),1,,13,cupy_copy__float32_float32
12658092671,1600,245813,,,,,,,,,,0.000,2.500,Device,Pageable,NVIDIA A100-SXM4-40GB MIG 4g.20gb (0),1,,7,[CUDA memcpy Device-to-Host]
12658551610,20223,245824,1434,1,1,128,1,1,16,0.000,0.000,,,,,NVIDIA A100-SXM4-40GB MIG 4g.20gb (0),1,,13,cupy_copy__complex64_complex64
12658908438,7136,245831,103,1,1,128,1,1,16,0.000,0.000,,,,,NVIDIA A100-SXM4-40GB MIG 4g.20gb (0),1,,13,cupy_copy__complex64_complex64
12659157011,9056,245838,35,1,1,128,1,1,16,0.000,0.000,,,,,NVIDIA A100-SXM4-40GB MIG 4g.20gb (0),1,,13,cupy_copy__complex64_complex64
12659591022,5184,245845,1,1,1,1,1,1,18,0.000,0.000,,,,,NVIDIA A100-SXM4-40GB MIG 4g.20gb (0),1,,13,cupy_copy__float32_float32
12659971626,254941,245856,1,1,1,32,32,1,30,0.000,0.000,,,,,NVIDIA A100-SXM4-40GB MIG 4g.20gb (0),1,,13,"void convert_kernel<__half2, float2>(tensor_layout_any, T1 *, tensor_layout_any, const T2 *)"
12660257702,5504,245859,,,,,,,,,,0.094,17023.251,Pinned,Device,NVIDIA A100-SXM4-40GB MIG 4g.20gb (0),1,,13,[CUDA memcpy Host-to-Device]
12660536291,9856,245860,,,,,,,,,,1.547,156922.018,Device,,NVIDIA A100-SXM4-40GB MIG 4g.20gb (0),1,,13,[CUDA memset]
12660549507,3840,245865,,,,,,,,,,0.031,8149.979,Pinned,Device,NVIDIA A100-SXM4-40GB MIG 4g.20gb (0),1,,13,[CUDA memcpy Host-to-Device]
12660559555,17120,245866,,,,,,,,,,0.197,11484.070,Pinned,Device,NVIDIA A100-SXM4-40GB MIG 4g.20gb (0),1,,13,[CUDA memcpy Host-to-Device]
12661003582,31936,245867,273,1,1,8,4,1,39,0.002,0.000,,,,,NVIDIA A100-SXM4-40GB MIG 4g.20gb (0),1,,13,"void channel_eq::eqMmseCoefCompLowMimoKernel<float, float, float, (unsigned int)4, (unsigned int)1, (unsigned int)4>(const channel_eq::_puschRxChEqStatDescr *, channel_eq::_puschRxChEqCoefCompDynDescr)"
12661433881,28768,245868,273,1,1,12,11,1,51,0.002,0.000,,,,,NVIDIA A100-SXM4-40GB MIG 4g.20gb (0),1,,13,"void channel_eq::eqMmseSoftDemapKernel<float, __half, __half, float, (unsigned int)4, (unsigned short)16383>(channel_eq::_puschRxChEqStatDescr *, channel_eq::_puschRxChEqSoftDemapDynDescr)"
12661834261,639512,245869,1,1,1,32,32,1,30,0.000,0.000,,,,,NVIDIA A100-SXM4-40GB MIG 4g.20gb (0),1,,13,"void convert_kernel<float2, __half2>(tensor_layout_any, T1 *, tensor_layout_any, const T2 *)"
12662888585,19872,245881,2253,1,1,128,1,1,16,0.000,0.000,,,,,NVIDIA A100-SXM4-40GB MIG 4g.20gb (0),1,,13,cupy_copy__float16_float16
12663405827,7424,245890,282,1,1,128,1,1,16,0.000,0.000,,,,,NVIDIA A100-SXM4-40GB MIG 4g.20gb (0),1,,13,cupy_copy__complex64_complex64
12663792959,7711,245899,26,1,1,128,1,1,16,0.000,0.000,,,,,NVIDIA A100-SXM4-40GB MIG 4g.20gb (0),1,,13,cupy_copy__float32_float32
12664265017,16704,245908,103,1,1,128,1,1,16,0.000,0.000,,,,,NVIDIA A100-SXM4-40GB MIG 4g.20gb (0),1,,13,cupy_copy__complex64_complex64
12664968049,19744,245918,1434,1,1,128,1,1,16,0.000,0.000,,,,,NVIDIA A100-SXM4-40GB MIG 4g.20gb (0),1,,13,cupy_copy__complex64_complex64
12665441996,244061,245923,1,1,1,32,32,1,30,0.000,0.000,,,,,NVIDIA A100-SXM4-40GB MIG 4g.20gb (0),1,,13,"void convert_kernel<__half2, float2>(tensor_layout_any, T1 *, tensor_layout_any, const T2 *)"
12665718185,5600,245926,,,,,,,,,,0.094,16731.388,Pinned,Device,NVIDIA A100-SXM4-40GB MIG 4g.20gb (0),1,,13,[CUDA memcpy Host-to-Device]
12666379425,623193,245927,,,,,,,,,,456.561,732324.550,Device,,NVIDIA A100-SXM4-40GB MIG 4g.20gb (0),1,,13,[CUDA memset]
12667003610,62816,245932,,,,,,,,,,1.235,19659.074,Pinned,Device,NVIDIA A100-SXM4-40GB MIG 4g.20gb (0),1,,13,[CUDA memcpy Host-to-Device]
12667068890,11807,245933,,,,,,,,,,0.197,16651.715,Pinned,Device,NVIDIA A100-SXM4-40GB MIG 4g.20gb (0),1,,13,[CUDA memcpy Host-to-Device]
12667742770,32288,245934,69,4,1,48,1,1,76,0.002,0.000,,,,,NVIDIA A100-SXM4-40GB MIG 4g.20gb (0),1,,13,"void ch_est::windowedChEstPreNoDftSOfdmKernel<float, __half, float, (unsigned int)2, (unsigned int)1, (unsigned short)4>(ch_est::puschRxChEstStatDescr_t *, ch_est::puschRxChEstDynDescr_t *)"
12668474346,19168,245935,137,2,1,24,2,1,44,0.001,0.001,,,,,NVIDIA A100-SXM4-40GB MIG 4g.20gb (0),1,,13,"void ch_est::chEstFilterNoDftSOfdmDispatchKernel<float, __half, float, (unsigned int)2>(ch_est::puschRxChEstStatDescr_t *, ch_est::puschRxChEstDynDescr_t *)"
12669207841,16608,245936,137,2,1,24,2,1,44,0.001,0.001,,,,,NVIDIA A100-SXM4-40GB MIG 4g.20gb (0),1,,13,"void ch_est::chEstFilterNoDftSOfdmDispatchKernel<float, __half, float, (unsigned int)2>(ch_est::puschRxChEstStatDescr_t *, ch_est::puschRxChEstDynDescr_t *)"
12669946681,4544,245947,103,1,1,128,1,1,16,0.000,0.000,,,,,NVIDIA A100-SXM4-40GB MIG 4g.20gb (0),1,,13,cupy_copy__complex64_complex64
12670688657,21983,245957,1434,1,1,128,1,1,16,0.000,0.000,,,,,NVIDIA A100-SXM4-40GB MIG 4g.20gb (0),1,,13,cupy_copy__complex64_complex64
12671457992,4608,245964,103,1,1,128,1,1,16,0.000,0.000,,,,,NVIDIA A100-SXM4-40GB MIG 4g.20gb (0),1,,13,cupy_copy__complex64_complex64
12672201248,247389,245971,1,1,1,32,32,1,30,0.000,0.000,,,,,NVIDIA A100-SXM4-40GB MIG 4g.20gb (0),1,,13,"void convert_kernel<__half2, float2>(tensor_layout_any, T1 *, tensor_layout_any, const T2 *)"
12672479037,5823,245974,,,,,,,,,,0.094,16090.601,Pinned,Device,NVIDIA A100-SXM4-40GB MIG 4g.20gb (0),1,,13,[CUDA memcpy Host-to-Device]
12672822681,61471,245975,,,,,,,,,,35.810,582519.969,Device,,NVIDIA A100-SXM4-40GB MIG 4g.20gb (0),1,,13,[CUDA memset]
12672889336,6144,245977,,,,,,,,,,0.000,13.021,Pinned,Device,NVIDIA A100-SXM4-40GB MIG 4g.20gb (0),1,,13,[CUDA memcpy Host-to-Device]
12672898168,15488,245978,,,,,,,,,,0.197,12694.192,Pinned,Device,NVIDIA A100-SXM4-40GB MIG 4g.20gb (0),1,,13,[CUDA memcpy Host-to-Device]
12673474801,19072,245979,273,1,1,48,1,1,40,0.000,0.001,,,,,NVIDIA A100-SXM4-40GB MIG 4g.20gb (0),1,,13,"void pusch_noise_intf_est::noiseIntfEstNoDftSOfdmKernel<float, __half, float, float, (unsigned int)2, (unsigned int)1, (unsigned char)4, (unsigned char)4>(pusch_noise_intf_est::puschRxNoiseIntfEstDynDescr)"
12674060331,6432,245990,35,1,1,128,1,1,16,0.000,0.000,,,,,NVIDIA A100-SXM4-40GB MIG 4g.20gb (0),1,,13,cupy_copy__complex64_complex64
12674621700,3616,245999,1,1,1,1,1,1,18,0.000,0.000,,,,,NVIDIA A100-SXM4-40GB MIG 4g.20gb (0),1,,13,cupy_copy__float32_float32
12674631044,2784,246005,,,,,,,,,,0.000,1.437,Device,Pageable,NVIDIA A100-SXM4-40GB MIG 4g.20gb (0),1,,7,[CUDA memcpy Device-to-Host]
12675115487,22368,246016,1434,1,1,128,1,1,16,0.000,0.000,,,,,NVIDIA A100-SXM4-40GB MIG 4g.20gb (0),1,,13,cupy_copy__complex64_complex64
12675564570,18495,246023,103,1,1,128,1,1,16,0.000,0.000,,,,,NVIDIA A100-SXM4-40GB MIG 4g.20gb (0),1,,13,cupy_copy__complex64_complex64
12676093108,9920,246030,35,1,1,128,1,1,16,0.000,0.000,,,,,NVIDIA A100-SXM4-40GB MIG 4g.20gb (0),1,,13,cupy_copy__complex64_complex64
12676453424,4416,246037,1,1,1,1,1,1,18,0.000,0.000,,,,,NVIDIA A100-SXM4-40GB MIG 4g.20gb (0),1,,13,cupy_copy__float32_float32
12676841227,230142,246048,1,1,1,32,32,1,30,0.000,0.000,,,,,NVIDIA A100-SXM4-40GB MIG 4g.20gb (0),1,,13,"void convert_kernel<__half2, float2>(tensor_layout_any, T1 *, tensor_layout_any, const T2 *)"
12677103112,9664,246051,,,,,,,,,,0.094,9695.287,Pinned,Device,NVIDIA A100-SXM4-40GB MIG 4g.20gb (0),1,,13,[CUDA memcpy Host-to-Device]
12677472996,8128,246052,,,,,,,,,,1.547,190282.697,Device,,NVIDIA A100-SXM4-40GB MIG 4g.20gb (0),1,,13,[CUDA memset]
12677482724,3104,246057,,,,,,,,,,0.031,10082.445,Pinned,Device,NVIDIA A100-SXM4-40GB MIG 4g.20gb (0),1,,13,[CUDA memcpy Host-to-Device]
12677491940,13952,246058,,,,,,,,,,0.197,14091.682,Pinned,Device,NVIDIA A100-SXM4-40GB MIG 4g.20gb (0),1,,13,[CUDA memcpy Host-to-Device]
12677941887,35391,246059,273,1,1,8,4,1,39,0.002,0.000,,,,,NVIDIA A100-SXM4-40GB MIG 4g.20gb (0),1,,13,"void channel_eq::eqMmseCoefCompLowMimoKernel<float, float, float, (unsigned int)4, (unsigned int)1, (unsigned int)4>(const channel_eq::_puschRxChEqStatDescr *, channel_eq::_puschRxChEqCoefCompDynDescr)"
12678569944,29087,246060,273,1,1,12,11,1,51,0.002,0.000,,,,,NVIDIA A100-SXM4-40GB MIG 4g.20gb (0),1,,13,"void channel_eq::eqMmseSoftDemapKernel<float, __half, __half, float, (unsigned int)4, (unsigned short)16383>(channel_eq::_puschRxChEqStatDescr *, channel_eq::_puschRxChEqSoftDemapDynDescr)"
12679172689,682200,246061,1,1,1,32,32,1,30,0.000,0.000,,,,,NVIDIA A100-SXM4-40GB MIG 4g.20gb (0),1,,13,"void convert_kernel<float2, __half2>(tensor_layout_any, T1 *, tensor_layout_any, const T2 *)"
12680430755,18368,246073,2253,1,1,128,1,1,16,0.000,0.000,,,,,NVIDIA A100-SXM4-40GB MIG 4g.20gb (0),1,,13,cupy_copy__float16_float16
12681029852,15904,246082,282,1,1,128,1,1,16,0.000,0.000,,,,,NVIDIA A100-SXM4-40GB MIG 4g.20gb (0),1,,13,cupy_copy__complex64_complex64
12681755604,6176,246091,26,1,1,128,1,1,16,0.000,0.000,,,,,NVIDIA A100-SXM4-40GB MIG 4g.20gb (0),1,,13,cupy_copy__float32_float32
12682211119,11584,246100,103,1,1,128,1,1,16,0.000,0.000,,,,,NVIDIA A100-SXM4-40GB MIG 4g.20gb (0),1,,13,cupy_copy__complex64_complex64
12682883015,21056,246110,1434,1,1,128,1,1,16,0.000,0.000,,,,,NVIDIA A100-SXM4-40GB MIG 4g.20gb (0),1,,13,cupy_copy__complex64_complex64
12683278531,235965,246115,1,1,1,32,32,1,30,0.000,0.000,,,,,NVIDIA A100-SXM4-40GB MIG 4g.20gb (0),1,,13,"void convert_kernel<__half2, float2>(tensor_layout_any, T1 *, tensor_layout_any, const T2 *)"
12683545760,5472,246118,,,,,,,,,,0.094,17122.757,Pinned,Device,NVIDIA A100-SXM4-40GB MIG 4g.20gb (0),1,,13,[CUDA memcpy Host-to-Device]
12683893756,630201,246119,,,,,,,,,,456.561,724106.444,Device,,NVIDIA A100-SXM4-40GB MIG 4g.20gb (0),1,,13,[CUDA memset]
12684530741,63487,246124,,,,,,,,,,1.235,19451.603,Pinned,Device,NVIDIA A100-SXM4-40GB MIG 4g.20gb (0),1,,13,[CUDA memcpy Host-to-Device]
12684596724,9632,246125,,,,,,,,,,0.197,20411.843,Pinned,Device,NVIDIA A100-SXM4-40GB MIG 4g.20gb (0),1,,13,[CUDA memcpy Host-to-Device]
12685137518,28415,246126,69,4,1,48,1,1,76,0.002,0.000,,,,,NVIDIA A100-SXM4-40GB MIG 4g.20gb (0),1,,13,"void ch_est::windowedChEstPreNoDftSOfdmKernel<float, __half, float, (unsigned int)2, (unsigned int)1, (unsigned short)4>(ch_est::puschRxChEstStatDescr_t *, ch_est::puschRxChEstDynDescr_t *)"
12685587369,33087,246127,137,2,1,24,2,1,44,0.001,0.001,,,,,NVIDIA A100-SXM4-40GB MIG 4g.20gb (0),1,,13,"void ch_est::chEstFilterNoDftSOfdmDispatchKernel<float, __half, float, (unsigned int)2>(ch_est::puschRxChEstStatDescr_t *, ch_est::puschRxChEstDynDescr_t *)"
12685980772,29312,246128,137,2,1,24,2,1,44,0.001,0.001,,,,,NVIDIA A100-SXM4-40GB MIG 4g.20gb (0),1,,13,"void ch_est::chEstFilterNoDftSOfdmDispatchKernel<float, __half, float, (unsigned int)2>(ch_est::puschRxChEstStatDescr_t *, ch_est::puschRxChEstDynDescr_t *)"
12686328768,5568,246139,103,1,1,128,1,1,16,0.000,0.000,,,,,NVIDIA A100-SXM4-40GB MIG 4g.20gb (0),1,,13,cupy_copy__complex64_complex64
12686558174,20831,246149,1434,1,1,128,1,1,16,0.000,0.000,,,,,NVIDIA A100-SXM4-40GB MIG 4g.20gb (0),1,,13,cupy_copy__complex64_complex64
12687002137,9056,246156,103,1,1,128,1,1,16,0.000,0.000,,,,,NVIDIA A100-SXM4-40GB MIG 4g.20gb (0),1,,13,cupy_copy__complex64_complex64
12687404532,254781,246163,1,1,1,32,32,1,30,0.000,0.000,,,,,NVIDIA A100-SXM4-40GB MIG 4g.20gb (0),1,,13,"void convert_kernel<__half2, float2>(tensor_layout_any, T1 *, tensor_layout_any, const T2 *)"
12687689329,5728,246166,,,,,,,,,,0.094,16357.541,Pinned,Device,NVIDIA A100-SXM4-40GB MIG 4g.20gb (0),1,,13,[CUDA memcpy Host-to-Device]
12688200779,54271,246167,,,,,,,,,,35.810,659833.586,Device,,NVIDIA A100-SXM4-40GB MIG 4g.20gb (0),1,,13,[CUDA memset]
12688262762,5824,246169,,,,,,,,,,0.000,13.736,Pinned,Device,NVIDIA A100-SXM4-40GB MIG 4g.20gb (0),1,,13,[CUDA memcpy Host-to-Device]
12688272202,13952,246170,,,,,,,,,,0.197,14091.682,Pinned,Device,NVIDIA A100-SXM4-40GB MIG 4g.20gb (0),1,,13,[CUDA memcpy Host-to-Device]
12688829316,17792,246171,273,1,1,48,1,1,40,0.000,0.001,,,,,NVIDIA A100-SXM4-40GB MIG 4g.20gb (0),1,,13,"void pusch_noise_intf_est::noiseIntfEstNoDftSOfdmKernel<float, __half, float, float, (unsigned int)2, (unsigned int)1, (unsigned char)4, (unsigned char)4>(pusch_noise_intf_est::puschRxNoiseIntfEstDynDescr)"
12689520508,9568,246182,35,1,1,128,1,1,16,0.000,0.000,,,,,NVIDIA A100-SXM4-40GB MIG 4g.20gb (0),1,,13,cupy_copy__complex64_complex64
12690053654,5376,246191,1,1,1,1,1,1,18,0.000,0.000,,,,,NVIDIA A100-SXM4-40GB MIG 4g.20gb (0),1,,13,cupy_copy__float32_float32
12690064374,3488,246197,,,,,,,,,,0.000,1.147,Device,Pageable,NVIDIA A100-SXM4-40GB MIG 4g.20gb (0),1,,7,[CUDA memcpy Device-to-Host]
12690664271,18336,246208,1434,1,1,128,1,1,16,0.000,0.000,,,,,NVIDIA A100-SXM4-40GB MIG 4g.20gb (0),1,,13,cupy_copy__complex64_complex64
12691116746,9376,246215,103,1,1,128,1,1,16,0.000,0.000,,,,,NVIDIA A100-SXM4-40GB MIG 4g.20gb (0),1,,13,cupy_copy__complex64_complex64
12691617477,4191,246222,35,1,1,128,1,1,16,0.000,0.000,,,,,NVIDIA A100-SXM4-40GB MIG 4g.20gb (0),1,,13,cupy_copy__complex64_complex64
12692211038,3616,246229,1,1,1,1,1,1,18,0.000,0.000,,,,,NVIDIA A100-SXM4-40GB MIG 4g.20gb (0),1,,13,cupy_copy__float32_float32
12692913398,294269,246240,1,1,1,32,32,1,30,0.000,0.000,,,,,NVIDIA A100-SXM4-40GB MIG 4g.20gb (0),1,,13,"void convert_kernel<__half2, float2>(tensor_layout_any, T1 *, tensor_layout_any, const T2 *)"
12693238674,5920,246243,,,,,,,,,,0.094,15826.941,Pinned,Device,NVIDIA A100-SXM4-40GB MIG 4g.20gb (0),1,,13,[CUDA memcpy Host-to-Device]
12693936554,6336,246244,,,,,,,,,,1.547,244100.573,Device,,NVIDIA A100-SXM4-40GB MIG 4g.20gb (0),1,,13,[CUDA memset]
12693949354,4416,246249,,,,,,,,,,0.031,7086.948,Pinned,Device,NVIDIA A100-SXM4-40GB MIG 4g.20gb (0),1,,13,[CUDA memcpy Host-to-Device]
12693961930,13952,246250,,,,,,,,,,0.197,14091.682,Pinned,Device,NVIDIA A100-SXM4-40GB MIG 4g.20gb (0),1,,13,[CUDA memcpy Host-to-Device]
12694509412,38079,246251,273,1,1,8,4,1,39,0.002,0.000,,,,,NVIDIA A100-SXM4-40GB MIG 4g.20gb (0),1,,13,"void channel_eq::eqMmseCoefCompLowMimoKernel<float, float, float, (unsigned int)4, (unsigned int)1, (unsigned int)4>(const channel_eq::_puschRxChEqStatDescr *, channel_eq::_puschRxChEqCoefCompDynDescr)"
12695057022,27839,246252,273,1,1,12,11,1,51,0.002,0.000,,,,,NVIDIA A100-SXM4-40GB MIG 4g.20gb (0),1,,13,"void channel_eq::eqMmseSoftDemapKernel<float, __half, __half, float, (unsigned int)4, (unsigned short)16383>(channel_eq::_puschRxChEqStatDescr *, channel_eq::_puschRxChEqSoftDemapDynDescr)"
12695569368,691256,246253,1,1,1,32,32,1,30,0.000,0.000,,,,,NVIDIA A100-SXM4-40GB MIG 4g.20gb (0),1,,13,"void convert_kernel<float2, __half2>(tensor_layout_any, T1 *, tensor_layout_any, const T2 *)"
12696786058,21376,246265,2253,1,1,128,1,1,16,0.000,0.000,,,,,NVIDIA A100-SXM4-40GB MIG 4g.20gb (0),1,,13,cupy_copy__float16_float16
12697314180,5344,246274,282,1,1,128,1,1,16,0.000,0.000,,,,,NVIDIA A100-SXM4-40GB MIG 4g.20gb (0),1,,13,cupy_copy__complex64_complex64
12697916253,10176,246283,26,1,1,128,1,1,16,0.000,0.000,,,,,NVIDIA A100-SXM4-40GB MIG 4g.20gb (0),1,,13,cupy_copy__float32_float32
12698252314,8352,246292,103,1,1,128,1,1,16,0.000,0.000,,,,,NVIDIA A100-SXM4-40GB MIG 4g.20gb (0),1,,13,cupy_copy__complex64_complex64
12698639701,18240,246302,1434,1,1,128,1,1,16,0.000,0.000,,,,,NVIDIA A100-SXM4-40GB MIG 4g.20gb (0),1,,13,cupy_copy__complex64_complex64
12699087120,218462,246307,1,1,1,32,32,1,30,0.000,0.000,,,,,NVIDIA A100-SXM4-40GB MIG 4g.20gb (0),1,,13,"void convert_kernel<__half2, float2>(tensor_layout_any, T1 *, tensor_layout_any, const T2 *)"
12699336333,5760,246310,,,,,,,,,,0.094,16266.656,Pinned,Device,NVIDIA A100-SXM4-40GB MIG 4g.20gb (0),1,,13,[CUDA memcpy Host-to-Device]
12699717097,631449,246311,,,,,,,,,,456.561,722736.760,Device,,NVIDIA A100-SXM4-40GB MIG 4g.20gb (0),1,,13,[CUDA memset]
12700350818,62399,246316,,,,,,,,,,1.235,19789.978,Pinned,Device,NVIDIA A100-SXM4-40GB MIG 4g.20gb (0),1,,13,[CUDA memcpy Host-to-Device]
12700415745,9472,246317,,,,,,,,,,0.197,20756.693,Pinned,Device,NVIDIA A100-SXM4-40GB MIG 4g.20gb (0),1,,13,[CUDA memcpy Host-to-Device]
12700982491,16672,246318,69,4,1,48,1,1,76,0.002,0.000,,,,,NVIDIA A100-SXM4-40GB MIG 4g.20gb (0),1,,13,"void ch_est::windowedChEstPreNoDftSOfdmKernel<float, __half, float, (unsigned int)2, (unsigned int)1, (unsigned short)4>(ch_est::puschRxChEstStatDescr_t *, ch_est::puschRxChEstDynDescr_t *)"
12701572340,29600,246319,137,2,1,24,2,1,44,0.001,0.001,,,,,NVIDIA A100-SXM4-40GB MIG 4g.20gb (0),1,,13,"void ch_est::chEstFilterNoDftSOfdmDispatchKernel<float, __half, float, (unsigned int)2>(ch_est::puschRxChEstStatDescr_t *, ch_est::puschRxChEstDynDescr_t *)"
12702035727,31616,246320,137,2,1,24,2,1,44,0.001,0.001,,,,,NVIDIA A100-SXM4-40GB MIG 4g.20gb (0),1,,13,"void ch_est::chEstFilterNoDftSOfdmDispatchKernel<float, __half, float, (unsigned int)2>(ch_est::puschRxChEstStatDescr_t *, ch_est::puschRxChEstDynDescr_t *)"
12702589385,9760,246331,103,1,1,128,1,1,16,0.000,0.000,,,,,NVIDIA A100-SXM4-40GB MIG 4g.20gb (0),1,,13,cupy_copy__complex64_complex64
12703082691,21536,246341,1434,1,1,128,1,1,16,0.000,0.000,,,,,NVIDIA A100-SXM4-40GB MIG 4g.20gb (0),1,,13,cupy_copy__complex64_complex64
12703502078,5632,246348,103,1,1,128,1,1,16,0.000,0.000,,,,,NVIDIA A100-SXM4-40GB MIG 4g.20gb (0),1,,13,cupy_copy__complex64_complex64
12704270902,241149,246355,1,1,1,32,32,1,30,0.000,0.000,,,,,NVIDIA A100-SXM4-40GB MIG 4g.20gb (0),1,,13,"void convert_kernel<__half2, float2>(tensor_layout_any, T1 *, tensor_layout_any, const T2 *)"
12704544211,9792,246358,,,,,,,,,,0.094,9568.610,Pinned,Device,NVIDIA A100-SXM4-40GB MIG 4g.20gb (0),1,,13,[CUDA memcpy Host-to-Device]
12704920654,61024,246359,,,,,,,,,,35.810,586781.349,Device,,NVIDIA A100-SXM4-40GB MIG 4g.20gb (0),1,,13,[CUDA memset]
12704983790,2560,246361,,,,,,,,,,0.000,31.250,Pinned,Device,NVIDIA A100-SXM4-40GB MIG 4g.20gb (0),1,,13,[CUDA memcpy Host-to-Device]
12704992590,13311,246362,,,,,,,,,,0.197,14770.176,Pinned,Device,NVIDIA A100-SXM4-40GB MIG 4g.20gb (0),1,,13,[CUDA memcpy Host-to-Device]
12705780485,22623,246363,273,1,1,48,1,1,40,0.000,0.001,,,,,NVIDIA A100-SXM4-40GB MIG 4g.20gb (0),1,,13,"void pusch_noise_intf_est::noiseIntfEstNoDftSOfdmKernel<float, __half, float, float, (unsigned int)2, (unsigned int)1, (unsigned char)4, (unsigned char)4>(pusch_noise_intf_est::puschRxNoiseIntfEstDynDescr)"
12706399230,4832,246374,35,1,1,128,1,1,16,0.000,0.000,,,,,NVIDIA A100-SXM4-40GB MIG 4g.20gb (0),1,,13,cupy_copy__complex64_complex64
12706991767,4064,246383,1,1,1,1,1,1,18,0.000,0.000,,,,,NVIDIA A100-SXM4-40GB MIG 4g.20gb (0),1,,13,cupy_copy__float32_float32
12706996535,2272,246389,,,,,,,,,,0.000,1.761,Device,Pageable,NVIDIA A100-SXM4-40GB MIG 4g.20gb (0),1,,7,[CUDA memcpy Device-to-Host]
12707479857,23072,246400,1434,1,1,128,1,1,16,0.000,0.000,,,,,NVIDIA A100-SXM4-40GB MIG 4g.20gb (0),1,,13,cupy_copy__complex64_complex64
12707932748,18336,246407,103,1,1,128,1,1,16,0.000,0.000,,,,,NVIDIA A100-SXM4-40GB MIG 4g.20gb (0),1,,13,cupy_copy__complex64_complex64
12708327496,10176,246414,35,1,1,128,1,1,16,0.000,0.000,,,,,NVIDIA A100-SXM4-40GB MIG 4g.20gb (0),1,,13,cupy_copy__complex64_complex64
12708695268,4800,246421,1,1,1,1,1,1,18,0.000,0.000,,,,,NVIDIA A100-SXM4-40GB MIG 4g.20gb (0),1,,13,cupy_copy__float32_float32
12708924033,229246,246432,1,1,1,32,32,1,30,0.000,0.000,,,,,NVIDIA A100-SXM4-40GB MIG 4g.20gb (0),1,,13,"void convert_kernel<__half2, float2>(tensor_layout_any, T1 *, tensor_layout_any, const T2 *)"
12709184958,5952,246435,,,,,,,,,,0.094,15741.865,Pinned,Device,NVIDIA A100-SXM4-40GB MIG 4g.20gb (0),1,,13,[CUDA memcpy Host-to-Device]
12709395644,10144,246436,,,,,,,,,,1.547,152466.194,Device,,NVIDIA A100-SXM4-40GB MIG 4g.20gb (0),1,,13,[CUDA memset]
12709409788,3328,246441,,,,,,,,,,0.031,9403.822,Pinned,Device,NVIDIA A100-SXM4-40GB MIG 4g.20gb (0),1,,13,[CUDA memcpy Host-to-Device]
12709416636,17887,246442,,,,,,,,,,0.197,10991.567,Pinned,Device,NVIDIA A100-SXM4-40GB MIG 4g.20gb (0),1,,13,[CUDA memcpy Host-to-Device]
12709863639,34175,246443,273,1,1,8,4,1,39,0.002,0.000,,,,,NVIDIA A100-SXM4-40GB MIG 4g.20gb (0),1,,13,"void channel_eq::eqMmseCoefCompLowMimoKernel<float, float, float, (unsigned int)4, (unsigned int)1, (unsigned int)4>(const channel_eq::_puschRxChEqStatDescr *, channel_eq::_puschRxChEqCoefCompDynDescr)"
12710305170,29087,246444,273,1,1,12,11,1,51,0.002,0.000,,,,,NVIDIA A100-SXM4-40GB MIG 4g.20gb (0),1,,13,"void channel_eq::eqMmseSoftDemapKernel<float, __half, __half, float, (unsigned int)4, (unsigned short)16383>(channel_eq::_puschRxChEqStatDescr *, channel_eq::_puschRxChEqSoftDemapDynDescr)"
12710840236,666872,246445,1,1,1,32,32,1,30,0.000,0.000,,,,,NVIDIA A100-SXM4-40GB MIG 4g.20gb (0),1,,13,"void convert_kernel<float2, __half2>(tensor_layout_any, T1 *, tensor_layout_any, const T2 *)"
12712095517,22400,246457,2253,1,1,128,1,1,16,0.000,0.000,,,,,NVIDIA A100-SXM4-40GB MIG 4g.20gb (0),1,,13,cupy_copy__float16_float16
12712640183,12128,246466,282,1,1,128,1,1,16,0.000,0.000,,,,,NVIDIA A100-SXM4-40GB MIG 4g.20gb (0),1,,13,cupy_copy__complex64_complex64
12713091154,4704,246475,26,1,1,128,1,1,16,0.000,0.000,,,,,NVIDIA A100-SXM4-40GB MIG 4g.20gb (0),1,,13,cupy_copy__float32_float32
12713563021,5760,246484,103,1,1,128,1,1,16,0.000,0.000,,,,,NVIDIA A100-SXM4-40GB MIG 4g.20gb (0),1,,13,cupy_copy__complex64_complex64
12714166502,25664,246494,1434,1,1,128,1,1,16,0.000,0.000,,,,,NVIDIA A100-SXM4-40GB MIG 4g.20gb (0),1,,13,cupy_copy__complex64_complex64
12714736128,248477,246499,1,1,1,32,32,1,30,0.000,0.000,,,,,NVIDIA A100-SXM4-40GB MIG 4g.20gb (0),1,,13,"void convert_kernel<__half2, float2>(tensor_layout_any, T1 *, tensor_layout_any, const T2 *)"
12715015004,8800,246502,,,,,,,,,,0.094,10647.239,Pinned,Device,NVIDIA A100-SXM4-40GB MIG 4g.20gb (0),1,,13,[CUDA memcpy Host-to-Device]
12715603414,610041,246503,,,,,,,,,,456.561,748304.200,Device,,NVIDIA A100-SXM4-40GB MIG 4g.20gb (0),1,,13,[CUDA memset]
12716219983,72863,246508,,,,,,,,,,1.235,16948.371,Pinned,Device,NVIDIA A100-SXM4-40GB MIG 4g.20gb (0),1,,13,[CUDA memcpy Host-to-Device]
12716295342,10944,246509,,,,,,,,,,0.197,17964.859,Pinned,Device,NVIDIA A100-SXM4-40GB MIG 4g.20gb (0),1,,13,[CUDA memcpy Host-to-Device]
12716938503,28447,246510,69,4,1,48,1,1,76,0.002,0.000,,,,,NVIDIA A100-SXM4-40GB MIG 4g.20gb (0),1,,13,"void ch_est::windowedChEstPreNoDftSOfdmKernel<float, __half, float, (unsigned int)2, (unsigned int)1, (unsigned short)4>(ch_est::puschRxChEstStatDescr_t *, ch_est::puschRxChEstDynDescr_t *)"
12717495328,10240,246511,137,2,1,24,2,1,44,0.001,0.001,,,,,NVIDIA A100-SXM4-40GB MIG 4g.20gb (0),1,,13,"void ch_est::chEstFilterNoDftSOfdmDispatchKernel<float, __half, float, (unsigned int)2>(ch_est::puschRxChEstStatDescr_t *, ch_est::puschRxChEstDynDescr_t *)"
12718221144,10176,246512,137,2,1,24,2,1,44,0.001,0.001,,,,,NVIDIA A100-SXM4-40GB MIG 4g.20gb (0),1,,13,"void ch_est::chEstFilterNoDftSOfdmDispatchKernel<float, __half, float, (unsigned int)2>(ch_est::puschRxChEstStatDescr_t *, ch_est::puschRxChEstDynDescr_t *)"
12718929136,4864,246523,103,1,1,128,1,1,16,0.000,0.000,,,,,NVIDIA A100-SXM4-40GB MIG 4g.20gb (0),1,,13,cupy_copy__complex64_complex64
12719637576,19808,246533,1434,1,1,128,1,1,16,0.000,0.000,,,,,NVIDIA A100-SXM4-40GB MIG 4g.20gb (0),1,,13,cupy_copy__complex64_complex64
12720356320,4896,246540,103,1,1,128,1,1,16,0.000,0.000,,,,,NVIDIA A100-SXM4-40GB MIG 4g.20gb (0),1,,13,cupy_copy__complex64_complex64
12721079832,244093,246547,1,1,1,32,32,1,30,0.000,0.000,,,,,NVIDIA A100-SXM4-40GB MIG 4g.20gb (0),1,,13,"void convert_kernel<__half2, float2>(tensor_layout_any, T1 *, tensor_layout_any, const T2 *)"
12721355509,6016,246550,,,,,,,,,,0.094,15574.430,Pinned,Device,NVIDIA A100-SXM4-40GB MIG 4g.20gb (0),1,,13,[CUDA memcpy Host-to-Device]
12721650034,51199,246551,,,,,,,,,,35.810,699403.548,Device,,NVIDIA A100-SXM4-40GB MIG 4g.20gb (0),1,,13,[CUDA memset]
12721703377,5248,246553,,,,,,,,,,0.000,15.244,Pinned,Device,NVIDIA A100-SXM4-40GB MIG 4g.20gb (0),1,,13,[CUDA memcpy Host-to-Device]
12721711537,10656,246554,,,,,,,,,,0.197,18450.285,Pinned,Device,NVIDIA A100-SXM4-40GB MIG 4g.20gb (0),1,,13,[CUDA memcpy Host-to-Device]
12722175020,42399,246555,273,1,1,48,1,1,40,0.000,0.001,,,,,NVIDIA A100-SXM4-40GB MIG 4g.20gb (0),1,,13,"void pusch_noise_intf_est::noiseIntfEstNoDftSOfdmKernel<float, __half, float, float, (unsigned int)2, (unsigned int)1, (unsigned char)4, (unsigned char)4>(pusch_noise_intf_est::puschRxNoiseIntfEstDynDescr)"
12722611591,8320,246566,35,1,1,128,1,1,16,0.000,0.000,,,,,NVIDIA A100-SXM4-40GB MIG 4g.20gb (0),1,,13,cupy_copy__complex64_complex64
12723009410,3776,246575,1,1,1,1,1,1,18,0.000,0.000,,,,,NVIDIA A100-SXM4-40GB MIG 4g.20gb (0),1,,13,cupy_copy__float32_float32
12723021442,1760,246581,,,,,,,,,,0.000,2.273,Device,Pageable,NVIDIA A100-SXM4-40GB MIG 4g.20gb (0),1,,7,[CUDA memcpy Device-to-Host]
12723472925,20480,246592,1434,1,1,128,1,1,16,0.000,0.000,,,,,NVIDIA A100-SXM4-40GB MIG 4g.20gb (0),1,,13,cupy_copy__complex64_complex64
12723829401,7136,246599,103,1,1,128,1,1,16,0.000,0.000,,,,,NVIDIA A100-SXM4-40GB MIG 4g.20gb (0),1,,13,cupy_copy__complex64_complex64
12724057046,9152,246606,35,1,1,128,1,1,16,0.000,0.000,,,,,NVIDIA A100-SXM4-40GB MIG 4g.20gb (0),1,,13,cupy_copy__complex64_complex64
12724507601,5344,246613,1,1,1,1,1,1,18,0.000,0.000,,,,,NVIDIA A100-SXM4-40GB MIG 4g.20gb (0),1,,13,cupy_copy__float32_float32
12725054059,250269,246624,1,1,1,32,32,1,30,0.000,0.000,,,,,NVIDIA A100-SXM4-40GB MIG 4g.20gb (0),1,,13,"void convert_kernel<__half2, float2>(tensor_layout_any, T1 *, tensor_layout_any, const T2 *)"
12725335432,5632,246627,,,,,,,,,,0.094,16636.287,Pinned,Device,NVIDIA A100-SXM4-40GB MIG 4g.20gb (0),1,,13,[CUDA memcpy Host-to-Device]
12725617861,10208,246628,,,,,,,,,,1.547,151510.380,Device,,NVIDIA A100-SXM4-40GB MIG 4g.20gb (0),1,,13,[CUDA memset]
12725633285,3616,246633,,,,,,,,,,0.031,8654.846,Pinned,Device,NVIDIA A100-SXM4-40GB MIG 4g.20gb (0),1,,13,[CUDA memcpy Host-to-Device]
12725643620,12800,246634,,,,,,,,,,0.197,15360.000,Pinned,Device,NVIDIA A100-SXM4-40GB MIG 4g.20gb (0),1,,13,[CUDA memcpy Host-to-Device]
12726200350,32800,246635,273,1,1,8,4,1,39,0.002,0.000,,,,,NVIDIA A100-SXM4-40GB MIG 4g.20gb (0),1,,13,"void channel_eq::eqMmseCoefCompLowMimoKernel<float, float, float, (unsigned int)4, (unsigned int)1, (unsigned int)4>(const channel_eq::_puschRxChEqStatDescr *, channel_eq::_puschRxChEqCoefCompDynDescr)"
12726755544,28800,246636,273,1,1,12,11,1,51,0.002,0.000,,,,,NVIDIA A100-SXM4-40GB MIG 4g.20gb (0),1,,13,"void channel_eq::eqMmseSoftDemapKernel<float, __half, __half, float, (unsigned int)4, (unsigned short)16383>(channel_eq::_puschRxChEqStatDescr *, channel_eq::_puschRxChEqSoftDemapDynDescr)"
12727157651,699705,246637,1,1,1,32,32,1,30,0.000,0.000,,,,,NVIDIA A100-SXM4-40GB MIG 4g.20gb (0),1,,13,"void convert_kernel<float2, __half2>(tensor_layout_any, T1 *, tensor_layout_any, const T2 *)"
12728566307,18688,246649,2253,1,1,128,1,1,16,0.000,0.000,,,,,NVIDIA A100-SXM4-40GB MIG 4g.20gb (0),1,,13,cupy_copy__float16_float16
12729210460,12384,246658,282,1,1,128,1,1,16,0.000,0.000,,,,,NVIDIA A100-SXM4-40GB MIG 4g.20gb (0),1,,13,cupy_copy__complex64_complex64
12729885365,5216,246667,26,1,1,128,1,1,16,0.000,0.000,,,,,NVIDIA A100-SXM4-40GB MIG 4g.20gb (0),1,,13,cupy_copy__float32_float32
12730276176,16864,246676,103,1,1,128,1,1,16,0.000,0.000,,,,,NVIDIA A100-SXM4-40GB MIG 4g.20gb (0),1,,13,cupy_copy__complex64_complex64
12730845322,46047,246686,1434,1,1,128,1,1,16,0.000,0.000,,,,,NVIDIA A100-SXM4-40GB MIG 4g.20gb (0),1,,13,cupy_copy__complex64_complex64
12731343268,261917,246691,1,1,1,32,32,1,30,0.000,0.000,,,,,NVIDIA A100-SXM4-40GB MIG 4g.20gb (0),1,,13,"void convert_kernel<__half2, float2>(tensor_layout_any, T1 *, tensor_layout_any, const T2 *)"
12731636577,5696,246694,,,,,,,,,,0.094,16449.363,Pinned,Device,NVIDIA A100-SXM4-40GB MIG 4g.20gb (0),1,,13,[CUDA memcpy Host-to-Device]
12732142555,631385,246695,,,,,,,,,,456.561,722736.760,Device,,NVIDIA A100-SXM4-40GB MIG 4g.20gb (0),1,,13,[CUDA memset]
12732775540,64415,246700,,,,,,,,,,1.235,19171.271,Pinned,Device,NVIDIA A100-SXM4-40GB MIG 4g.20gb (0),1,,13,[CUDA memcpy Host-to-Device]
12732842451,10144,246701,,,,,,,,,,0.197,19381.617,Pinned,Device,NVIDIA A100-SXM4-40GB MIG 4g.20gb (0),1,,13,[CUDA memcpy Host-to-Device]
12733408813,25920,246702,69,4,1,48,1,1,76,0.002,0.000,,,,,NVIDIA A100-SXM4-40GB MIG 4g.20gb (0),1,,13,"void ch_est::windowedChEstPreNoDftSOfdmKernel<float, __half, float, (unsigned int)2, (unsigned int)1, (unsigned short)4>(ch_est::puschRxChEstStatDescr_t *, ch_est::puschRxChEstDynDescr_t *)"
12733990566,10560,246703,137,2,1,24,2,1,44,0.001,0.001,,,,,NVIDIA A100-SXM4-40GB MIG 4g.20gb (0),1,,13,"void ch_est::chEstFilterNoDftSOfdmDispatchKernel<float, __half, float, (unsigned int)2>(ch_est::puschRxChEstStatDescr_t *, ch_est::puschRxChEstDynDescr_t *)"
12734482337,32063,246704,137,2,1,24,2,1,44,0.001,0.001,,,,,NVIDIA A100-SXM4-40GB MIG 4g.20gb (0),1,,13,"void ch_est::chEstFilterNoDftSOfdmDispatchKernel<float, __half, float, (unsigned int)2>(ch_est::puschRxChEstStatDescr_t *, ch_est::puschRxChEstDynDescr_t *)"
12734880892,11296,246715,103,1,1,128,1,1,16,0.000,0.000,,,,,NVIDIA A100-SXM4-40GB MIG 4g.20gb (0),1,,13,cupy_copy__complex64_complex64
12735233400,20320,246725,1434,1,1,128,1,1,16,0.000,0.000,,,,,NVIDIA A100-SXM4-40GB MIG 4g.20gb (0),1,,13,cupy_copy__complex64_complex64
12735581460,4448,246732,103,1,1,128,1,1,16,0.000,0.000,,,,,NVIDIA A100-SXM4-40GB MIG 4g.20gb (0),1,,13,cupy_copy__complex64_complex64
12736044239,235805,246739,1,1,1,32,32,1,30,0.000,0.000,,,,,NVIDIA A100-SXM4-40GB MIG 4g.20gb (0),1,,13,"void convert_kernel<__half2, float2>(tensor_layout_any, T1 *, tensor_layout_any, const T2 *)"
12736318508,5504,246742,,,,,,,,,,0.094,17023.251,Pinned,Device,NVIDIA A100-SXM4-40GB MIG 4g.20gb (0),1,,13,[CUDA memcpy Host-to-Device]
12736622633,61215,246743,,,,,,,,,,35.810,584955.043,Device,,NVIDIA A100-SXM4-40GB MIG 4g.20gb (0),1,,13,[CUDA memset]
12736692968,6080,246745,,,,,,,,,,0.000,13.158,Pinned,Device,NVIDIA A100-SXM4-40GB MIG 4g.20gb (0),1,,13,[CUDA memcpy Host-to-Device]
12736702696,13568,246746,,,,,,,,,,0.197,14490.403,Pinned,Device,NVIDIA A100-SXM4-40GB MIG 4g.20gb (0),1,,13,[CUDA memcpy Host-to-Device]
12737247970,17695,246747,273,1,1,48,1,1,40,0.000,0.001,,,,,NVIDIA A100-SXM4-40GB MIG 4g.20gb (0),1,,13,"void pusch_noise_intf_est::noiseIntfEstNoDftSOfdmKernel<float, __half, float, float, (unsigned int)2, (unsigned int)1, (unsigned char)4, (unsigned char)4>(pusch_noise_intf_est::puschRxNoiseIntfEstDynDescr)"
12737717180,9888,246758,35,1,1,128,1,1,16,0.000,0.000,,,,,NVIDIA A100-SXM4-40GB MIG 4g.20gb (0),1,,13,cupy_copy__complex64_complex64
12738286806,5408,246767,1,1,1,1,1,1,18,0.000,0.000,,,,,NVIDIA A100-SXM4-40GB MIG 4g.20gb (0),1,,13,cupy_copy__float32_float32
12738292982,4864,246773,,,,,,,,,,0.000,0.822,Device,Pageable,NVIDIA A100-SXM4-40GB MIG 4g.20gb (0),1,,7,[CUDA memcpy Device-to-Host]
12738858511,22816,246784,1434,1,1,128,1,1,16,0.000,0.000,,,,,NVIDIA A100-SXM4-40GB MIG 4g.20gb (0),1,,13,cupy_copy__complex64_complex64
12739528008,13152,246791,103,1,1,128,1,1,16,0.000,0.000,,,,,NVIDIA A100-SXM4-40GB MIG 4g.20gb (0),1,,13,cupy_copy__complex64_complex64
12739983875,7104,246798,35,1,1,128,1,1,16,0.000,0.000,,,,,NVIDIA A100-SXM4-40GB MIG 4g.20gb (0),1,,13,cupy_copy__complex64_complex64
12740329375,5344,246805,1,1,1,1,1,1,18,0.000,0.000,,,,,NVIDIA A100-SXM4-40GB MIG 4g.20gb (0),1,,13,cupy_copy__float32_float32
12740876217,244829,246816,1,1,1,32,32,1,30,0.000,0.000,,,,,NVIDIA A100-SXM4-40GB MIG 4g.20gb (0),1,,13,"void convert_kernel<__half2, float2>(tensor_layout_any, T1 *, tensor_layout_any, const T2 *)"
12741154197,6496,246819,,,,,,,,,,0.094,14423.562,Pinned,Device,NVIDIA A100-SXM4-40GB MIG 4g.20gb (0),1,,13,[CUDA memcpy Host-to-Device]
12741481810,7456,246820,,,,,,,,,,1.547,207433.211,Device,,NVIDIA A100-SXM4-40GB MIG 4g.20gb (0),1,,13,[CUDA memset]
12741495218,6240,246825,,,,,,,,,,0.031,5015.372,Pinned,Device,NVIDIA A100-SXM4-40GB MIG 4g.20gb (0),1,,13,[CUDA memcpy Host-to-Device]
12741506897,13344,246826,,,,,,,,,,0.197,14733.804,Pinned,Device,NVIDIA A100-SXM4-40GB MIG 4g.20gb (0),1,,13,[CUDA memcpy Host-to-Device]
12742054315,13120,246827,273,1,1,8,4,1,39,0.002,0.000,,,,,NVIDIA A100-SXM4-40GB MIG 4g.20gb (0),1,,13,"void channel_eq::eqMmseCoefCompLowMimoKernel<float, float, float, (unsigned int)4, (unsigned int)1, (unsigned int)4>(const channel_eq::_puschRxChEqStatDescr *, channel_eq::_puschRxChEqCoefCompDynDescr)"
12742600069,19072,246828,273,1,1,12,11,1,51,0.002,0.000,,,,,NVIDIA A100-SXM4-40GB MIG 4g.20gb (0),1,,13,"void channel_eq::eqMmseSoftDemapKernel<float, __half, __half, float, (unsigned int)4, (unsigned short)16383>(channel_eq::_puschRxChEqStatDescr *, channel_eq::_puschRxChEqSoftDemapDynDescr)"
12743173279,701688,246829,1,1,1,32,32,1,30,0.000,0.000,,,,,NVIDIA A100-SXM4-40GB MIG 4g.20gb (0),1,,13,"void convert_kernel<float2, __half2>(tensor_layout_any, T1 *, tensor_layout_any, const T2 *)"
12744238483,21343,246841,2253,1,1,128,1,1,16,0.000,0.000,,,,,NVIDIA A100-SXM4-40GB MIG 4g.20gb (0),1,,13,cupy_copy__float16_float16
12744702317,18624,246850,282,1,1,128,1,1,16,0.000,0.000,,,,,NVIDIA A100-SXM4-40GB MIG 4g.20gb (0),1,,13,cupy_copy__complex64_complex64
12745099753,17152,246859,26,1,1,128,1,1,16,0.000,0.000,,,,,NVIDIA A100-SXM4-40GB MIG 4g.20gb (0),1,,13,cupy_copy__float32_float32
12745453509,7456,246868,103,1,1,128,1,1,16,0.000,0.000,,,,,NVIDIA A100-SXM4-40GB MIG 4g.20gb (0),1,,13,cupy_copy__complex64_complex64
12745675842,23488,246878,1434,1,1,128,1,1,16,0.000,0.000,,,,,NVIDIA A100-SXM4-40GB MIG 4g.20gb (0),1,,13,cupy_copy__complex64_complex64
12746127805,310205,246883,1,1,1,32,32,1,30,0.000,0.000,,,,,NVIDIA A100-SXM4-40GB MIG 4g.20gb (0),1,,13,"void convert_kernel<__half2, float2>(tensor_layout_any, T1 *, tensor_layout_any, const T2 *)"
12746468825,5696,246886,,,,,,,,,,0.094,16449.363,Pinned,Device,NVIDIA A100-SXM4-40GB MIG 4g.20gb (0),1,,13,[CUDA memcpy Host-to-Device]
12746713655,624953,246887,,,,,,,,,,456.561,730498.304,Device,,NVIDIA A100-SXM4-40GB MIG 4g.20gb (0),1,,13,[CUDA memset]
12747342192,64415,246892,,,,,,,,,,1.235,19171.271,Pinned,Device,NVIDIA A100-SXM4-40GB MIG 4g.20gb (0),1,,13,[CUDA memcpy Host-to-Device]
12747409327,9888,246893,,,,,,,,,,0.197,19883.360,Pinned,Device,NVIDIA A100-SXM4-40GB MIG 4g.20gb (0),1,,13,[CUDA memcpy Host-to-Device]
12747798442,31296,246894,69,4,1,48,1,1,76,0.002,0.000,,,,,NVIDIA A100-SXM4-40GB MIG 4g.20gb (0),1,,13,"void ch_est::windowedChEstPreNoDftSOfdmKernel<float, __half, float, (unsigned int)2, (unsigned int)1, (unsigned short)4>(ch_est::puschRxChEstStatDescr_t *, ch_est::puschRxChEstDynDescr_t *)"
12748244133,34080,246895,137,2,1,24,2,1,44,0.001,0.001,,,,,NVIDIA A100-SXM4-40GB MIG 4g.20gb (0),1,,13,"void ch_est::chEstFilterNoDftSOfdmDispatchKernel<float, __half, float, (unsigned int)2>(ch_est::puschRxChEstStatDescr_t *, ch_est::puschRxChEstDynDescr_t *)"
12748636193,32352,246896,137,2,1,24,2,1,44,0.001,0.001,,,,,NVIDIA A100-SXM4-40GB MIG 4g.20gb (0),1,,13,"void ch_est::chEstFilterNoDftSOfdmDispatchKernel<float, __half, float, (unsigned int)2>(ch_est::puschRxChEstStatDescr_t *, ch_est::puschRxChEstDynDescr_t *)"
12748978973,6336,246907,103,1,1,128,1,1,16,0.000,0.000,,,,,NVIDIA A100-SXM4-40GB MIG 4g.20gb (0),1,,13,cupy_copy__complex64_complex64
12749208859,22719,246917,1434,1,1,128,1,1,16,0.000,0.000,,,,,NVIDIA A100-SXM4-40GB MIG 4g.20gb (0),1,,13,cupy_copy__complex64_complex64
12749654965,7744,246924,103,1,1,128,1,1,16,0.000,0.000,,,,,NVIDIA A100-SXM4-40GB MIG 4g.20gb (0),1,,13,cupy_copy__complex64_complex64
12750043025,290685,246931,1,1,1,32,32,1,30,0.000,0.000,,,,,NVIDIA A100-SXM4-40GB MIG 4g.20gb (0),1,,13,"void convert_kernel<__half2, float2>(tensor_layout_any, T1 *, tensor_layout_any, const T2 *)"
12750364365,8992,246934,,,,,,,,,,0.094,10419.838,Pinned,Device,NVIDIA A100-SXM4-40GB MIG 4g.20gb (0),1,,13,[CUDA memcpy Host-to-Device]
12750797097,63487,246935,,,,,,,,,,35.810,564042.050,Device,,NVIDIA A100-SXM4-40GB MIG 4g.20gb (0),1,,13,[CUDA memset]
12750867496,5312,246937,,,,,,,,,,0.000,15.060,Pinned,Device,NVIDIA A100-SXM4-40GB MIG 4g.20gb (0),1,,13,[CUDA memcpy Host-to-Device]
12750879176,16127,246938,,,,,,,,,,0.197,12191.072,Pinned,Device,NVIDIA A100-SXM4-40GB MIG 4g.20gb (0),1,,13,[CUDA memcpy Host-to-Device]
12751497665,35807,246939,273,1,1,48,1,1,40,0.000,0.001,,,,,NVIDIA A100-SXM4-40GB MIG 4g.20gb (0),1,,13,"void pusch_noise_intf_est::noiseIntfEstNoDftSOfdmKernel<float, __half, float, float, (unsigned int)2, (unsigned int)1, (unsigned char)4, (unsigned char)4>(pusch_noise_intf_est::puschRxNoiseIntfEstDynDescr)"
12752117690,8992,246950,35,1,1,128,1,1,16,0.000,0.000,,,,,NVIDIA A100-SXM4-40GB MIG 4g.20gb (0),1,,13,cupy_copy__complex64_complex64
12752588660,9504,246959,1,1,1,1,1,1,18,0.000,0.000,,,,,NVIDIA A100-SXM4-40GB MIG 4g.20gb (0),1,,13,cupy_copy__float32_float32
12752599636,6048,246965,,,,,,,,,,0.000,0.661,Device,Pageable,NVIDIA A100-SXM4-40GB MIG 4g.20gb (0),1,,7,[CUDA memcpy Device-to-Host]
12753278157,21247,246976,1434,1,1,128,1,1,16,0.000,0.000,,,,,NVIDIA A100-SXM4-40GB MIG 4g.20gb (0),1,,13,cupy_copy__complex64_complex64
12753933253,7712,246983,103,1,1,128,1,1,16,0.000,0.000,,,,,NVIDIA A100-SXM4-40GB MIG 4g.20gb (0),1,,13,cupy_copy__complex64_complex64
12754517311,6016,246990,35,1,1,128,1,1,16,0.000,0.000,,,,,NVIDIA A100-SXM4-40GB MIG 4g.20gb (0),1,,13,cupy_copy__complex64_complex64
12755000665,9952,246997,1,1,1,1,1,1,18,0.000,0.000,,,,,NVIDIA A100-SXM4-40GB MIG 4g.20gb (0),1,,13,cupy_copy__float32_float32
12755522707,268157,247008,1,1,1,32,32,1,30,0.000,0.000,,,,,NVIDIA A100-SXM4-40GB MIG 4g.20gb (0),1,,13,"void convert_kernel<__half2, float2>(tensor_layout_any, T1 *, tensor_layout_any, const T2 *)"
12755821520,14112,247011,,,,,,,,,,0.094,6639.392,Pinned,Device,NVIDIA A100-SXM4-40GB MIG 4g.20gb (0),1,,13,[CUDA memcpy Host-to-Device]
12756467401,4800,247012,,,,,,,,,,1.547,322212.818,Device,,NVIDIA A100-SXM4-40GB MIG 4g.20gb (0),1,,13,[CUDA memset]
12756474761,9279,247017,,,,,,,,,,0.031,3372.770,Pinned,Device,NVIDIA A100-SXM4-40GB MIG 4g.20gb (0),1,,13,[CUDA memcpy Host-to-Device]
12756487528,10176,247018,,,,,,,,,,0.197,19320.668,Pinned,Device,NVIDIA A100-SXM4-40GB MIG 4g.20gb (0),1,,13,[CUDA memcpy Host-to-Device]
12757115617,21568,247019,273,1,1,8,4,1,39,0.002,0.000,,,,,NVIDIA A100-SXM4-40GB MIG 4g.20gb (0),1,,13,"void channel_eq::eqMmseCoefCompLowMimoKernel<float, float, float, (unsigned int)4, (unsigned int)1, (unsigned int)4>(const channel_eq::_puschRxChEqStatDescr *, channel_eq::_puschRxChEqCoefCompDynDescr)"
12757778330,13536,247020,273,1,1,12,11,1,51,0.002,0.000,,,,,NVIDIA A100-SXM4-40GB MIG 4g.20gb (0),1,,13,"void channel_eq::eqMmseSoftDemapKernel<float, __half, __half, float, (unsigned int)4, (unsigned short)16383>(channel_eq::_puschRxChEqStatDescr *, channel_eq::_puschRxChEqSoftDemapDynDescr)"
12758249940,677433,247021,1,1,1,32,32,1,30,0.000,0.000,,,,,NVIDIA A100-SXM4-40GB MIG 4g.20gb (0),1,,13,"void convert_kernel<float2, __half2>(tensor_layout_any, T1 *, tensor_layout_any, const T2 *)"
12759542662,18528,247033,2253,1,1,128,1,1,16,0.000,0.000,,,,,NVIDIA A100-SXM4-40GB MIG 4g.20gb (0),1,,13,cupy_copy__float16_float16
12759899586,6784,247042,282,1,1,128,1,1,16,0.000,0.000,,,,,NVIDIA A100-SXM4-40GB MIG 4g.20gb (0),1,,13,cupy_copy__complex64_complex64
12760125855,5664,247051,26,1,1,128,1,1,16,0.000,0.000,,,,,NVIDIA A100-SXM4-40GB MIG 4g.20gb (0),1,,13,cupy_copy__float32_float32
12760554394,20192,247060,103,1,1,128,1,1,16,0.000,0.000,,,,,NVIDIA A100-SXM4-40GB MIG 4g.20gb (0),1,,13,cupy_copy__complex64_complex64
12760958710,20384,247070,1434,1,1,128,1,1,16,0.000,0.000,,,,,NVIDIA A100-SXM4-40GB MIG 4g.20gb (0),1,,13,cupy_copy__complex64_complex64
12761317714,265981,247075,1,1,1,32,32,1,30,0.000,0.000,,,,,NVIDIA A100-SXM4-40GB MIG 4g.20gb (0),1,,13,"void convert_kernel<__half2, float2>(tensor_layout_any, T1 *, tensor_layout_any, const T2 *)"
12761616878,6240,247078,,,,,,,,,,0.094,15015.346,Pinned,Device,NVIDIA A100-SXM4-40GB MIG 4g.20gb (0),1,,13,[CUDA memcpy Host-to-Device]
12762007370,623641,247079,,,,,,,,,,456.561,731867.988,Device,,NVIDIA A100-SXM4-40GB MIG 4g.20gb (0),1,,13,[CUDA memset]
12762637219,62879,247084,,,,,,,,,,1.235,19639.314,Pinned,Device,NVIDIA A100-SXM4-40GB MIG 4g.20gb (0),1,,13,[CUDA memcpy Host-to-Device]
12762702562,10560,247085,,,,,,,,,,0.197,18617.991,Pinned,Device,NVIDIA A100-SXM4-40GB MIG 4g.20gb (0),1,,13,[CUDA memcpy Host-to-Device]
12763096350,35167,247086,69,4,1,48,1,1,76,0.002,0.000,,,,,NVIDIA A100-SXM4-40GB MIG 4g.20gb (0),1,,13,"void ch_est::windowedChEstPreNoDftSOfdmKernel<float, __half, float, (unsigned int)2, (unsigned int)1, (unsigned short)4>(ch_est::puschRxChEstStatDescr_t *, ch_est::puschRxChEstDynDescr_t *)"
12763543289,35103,247087,137,2,1,24,2,1,44,0.001,0.001,,,,,NVIDIA A100-SXM4-40GB MIG 4g.20gb (0),1,,13,"void ch_est::chEstFilterNoDftSOfdmDispatchKernel<float, __half, float, (unsigned int)2>(ch_est::puschRxChEstStatDescr_t *, ch_est::puschRxChEstDynDescr_t *)"
12763945140,18400,247088,137,2,1,24,2,1,44,0.001,0.001,,,,,NVIDIA A100-SXM4-40GB MIG 4g.20gb (0),1,,13,"void ch_est::chEstFilterNoDftSOfdmDispatchKernel<float, __half, float, (unsigned int)2>(ch_est::puschRxChEstStatDescr_t *, ch_est::puschRxChEstDynDescr_t *)"
12764287152,5440,247099,103,1,1,128,1,1,16,0.000,0.000,,,,,NVIDIA A100-SXM4-40GB MIG 4g.20gb (0),1,,13,cupy_copy__complex64_complex64
12764517070,22623,247109,1434,1,1,128,1,1,16,0.000,0.000,,,,,NVIDIA A100-SXM4-40GB MIG 4g.20gb (0),1,,13,cupy_copy__complex64_complex64
12764973545,17983,247116,103,1,1,128,1,1,16,0.000,0.000,,,,,NVIDIA A100-SXM4-40GB MIG 4g.20gb (0),1,,13,cupy_copy__complex64_complex64
12765480515,265789,247123,1,1,1,32,32,1,30,0.000,0.000,,,,,NVIDIA A100-SXM4-40GB MIG 4g.20gb (0),1,,13,"void convert_kernel<__half2, float2>(tensor_layout_any, T1 *, tensor_layout_any, const T2 *)"
12765777888,6047,247126,,,,,,,,,,0.094,15494.601,Pinned,Device,NVIDIA A100-SXM4-40GB MIG 4g.20gb (0),1,,13,[CUDA memcpy Host-to-Device]
12766167291,65151,247127,,,,,,,,,,35.810,549610.652,Device,,NVIDIA A100-SXM4-40GB MIG 4g.20gb (0),1,,13,[CUDA memset]
12766236250,5824,247129,,,,,,,,,,0.000,13.736,Pinned,Device,NVIDIA A100-SXM4-40GB MIG 4g.20gb (0),1,,13,[CUDA memcpy Host-to-Device]
12766251034,19488,247130,,,,,,,,,,0.197,10088.546,Pinned,Device,NVIDIA A100-SXM4-40GB MIG 4g.20gb (0),1,,13,[CUDA memcpy Host-to-Device]
12766809044,38335,247131,273,1,1,48,1,1,40,0.000,0.001,,,,,NVIDIA A100-SXM4-40GB MIG 4g.20gb (0),1,,13,"void pusch_noise_intf_est::noiseIntfEstNoDftSOfdmKernel<float, __half, float, float, (unsigned int)2, (unsigned int)1, (unsigned char)4, (unsigned char)4>(pusch_noise_intf_est::puschRxNoiseIntfEstDynDescr)"
12767255599,6976,247142,35,1,1,128,1,1,16,0.000,0.000,,,,,NVIDIA A100-SXM4-40GB MIG 4g.20gb (0),1,,13,cupy_copy__complex64_complex64
12767779369,5632,247151,1,1,1,1,1,1,18,0.000,0.000,,,,,NVIDIA A100-SXM4-40GB MIG 4g.20gb (0),1,,13,cupy_copy__float32_float32
12767790217,1600,247157,,,,,,,,,,0.000,2.500,Device,Pageable,NVIDIA A100-SXM4-40GB MIG 4g.20gb (0),1,,7,[CUDA memcpy Device-to-Host]
12768376194,21024,247168,1434,1,1,128,1,1,16,0.000,0.000,,,,,NVIDIA A100-SXM4-40GB MIG 4g.20gb (0),1,,13,cupy_copy__complex64_complex64
12768916060,4448,247175,103,1,1,128,1,1,16,0.000,0.000,,,,,NVIDIA A100-SXM4-40GB MIG 4g.20gb (0),1,,13,cupy_copy__complex64_complex64
12769517557,4576,247182,35,1,1,128,1,1,16,0.000,0.000,,,,,NVIDIA A100-SXM4-40GB MIG 4g.20gb (0),1,,13,cupy_copy__complex64_complex64
12769970960,4032,247189,1,1,1,1,1,1,18,0.000,0.000,,,,,NVIDIA A100-SXM4-40GB MIG 4g.20gb (0),1,,13,cupy_copy__float32_float32
12770328716,230014,247200,1,1,1,32,32,1,30,0.000,0.000,,,,,NVIDIA A100-SXM4-40GB MIG 4g.20gb (0),1,,13,"void convert_kernel<__half2, float2>(tensor_layout_any, T1 *, tensor_layout_any, const T2 *)"
12770589641,6368,247203,,,,,,,,,,0.094,14713.551,Pinned,Device,NVIDIA A100-SXM4-40GB MIG 4g.20gb (0),1,,13,[CUDA memcpy Host-to-Device]
12770923013,8544,247204,,,,,,,,,,1.547,181018.420,Device,,NVIDIA A100-SXM4-40GB MIG 4g.20gb (0),1,,13,[CUDA memset]
12770933893,5792,247209,,,,,,,,,,0.031,5403.286,Pinned,Device,NVIDIA A100-SXM4-40GB MIG 4g.20gb (0),1,,13,[CUDA memcpy Host-to-Device]
12770947205,17696,247210,,,,,,,,,,0.197,11110.121,Pinned,Device,NVIDIA A100-SXM4-40GB MIG 4g.20gb (0),1,,13,[CUDA memcpy Host-to-Device]
12771518623,36991,247211,273,1,1,8,4,1,39,0.002,0.000,,,,,NVIDIA A100-SXM4-40GB MIG 4g.20gb (0),1,,13,"void channel_eq::eqMmseCoefCompLowMimoKernel<float, float, float, (unsigned int)4, (unsigned int)1, (unsigned int)4>(const channel_eq::_puschRxChEqStatDescr *, channel_eq::_puschRxChEqCoefCompDynDescr)"
12772081912,27904,247212,273,1,1,12,11,1,51,0.002,0.000,,,,,NVIDIA A100-SXM4-40GB MIG 4g.20gb (0),1,,13,"void channel_eq::eqMmseSoftDemapKernel<float, __half, __half, float, (unsigned int)4, (unsigned short)16383>(channel_eq::_puschRxChEqStatDescr *, channel_eq::_puschRxChEqSoftDemapDynDescr)"
12772610098,692793,247213,1,1,1,32,32,1,30,0.000,0.000,,,,,NVIDIA A100-SXM4-40GB MIG 4g.20gb (0),1,,13,"void convert_kernel<float2, __half2>(tensor_layout_any, T1 *, tensor_layout_any, const T2 *)"
12773736646,22495,247225,2253,1,1,128,1,1,16,0.000,0.000,,,,,NVIDIA A100-SXM4-40GB MIG 4g.20gb (0),1,,13,cupy_copy__float16_float16
12774149953,10496,247234,282,1,1,128,1,1,16,0.000,0.000,,,,,NVIDIA A100-SXM4-40GB MIG 4g.20gb (0),1,,13,cupy_copy__complex64_complex64
12774499037,4800,247243,26,1,1,128,1,1,16,0.000,0.000,,,,,NVIDIA A100-SXM4-40GB MIG 4g.20gb (0),1,,13,cupy_copy__float32_float32
12774721243,12127,247252,103,1,1,128,1,1,16,0.000,0.000,,,,,NVIDIA A100-SXM4-40GB MIG 4g.20gb (0),1,,13,cupy_copy__complex64_complex64
12775156886,21791,247262,1434,1,1,128,1,1,16,0.000,0.000,,,,,NVIDIA A100-SXM4-40GB MIG 4g.20gb (0),1,,13,cupy_copy__complex64_complex64
12775560753,258237,247267,1,1,1,32,32,1,30,0.000,0.000,,,,,NVIDIA A100-SXM4-40GB MIG 4g.20gb (0),1,,13,"void convert_kernel<__half2, float2>(tensor_layout_any, T1 *, tensor_layout_any, const T2 *)"
12775857070,5888,247270,,,,,,,,,,0.094,15912.954,Pinned,Device,NVIDIA A100-SXM4-40GB MIG 4g.20gb (0),1,,13,[CUDA memcpy Host-to-Device]
12776126187,628505,247271,,,,,,,,,,456.561,726389.251,Device,,NVIDIA A100-SXM4-40GB MIG 4g.20gb (0),1,,13,[CUDA memset]
12776755620,67999,247276,,,,,,,,,,1.235,18161.086,Pinned,Device,NVIDIA A100-SXM4-40GB MIG 4g.20gb (0),1,,13,[CUDA memcpy Host-to-Device]
12776826083,9536,247277,,,,,,,,,,0.197,20617.298,Pinned,Device,NVIDIA A100-SXM4-40GB MIG 4g.20gb (0),1,,13,[CUDA memcpy Host-to-Device]
12777216190,33920,247278,69,4,1,48,1,1,76,0.002,0.000,,,,,NVIDIA A100-SXM4-40GB MIG 4g.20gb (0),1,,13,"void ch_est::windowedChEstPreNoDftSOfdmKernel<float, __half, float, (unsigned int)2, (unsigned int)1, (unsigned short)4>(ch_est::puschRxChEstStatDescr_t *, ch_est::puschRxChEstDynDescr_t *)"
12777663993,33024,247279,137,2,1,24,2,1,44,0.001,0.001,,,,,NVIDIA A100-SXM4-40GB MIG 4g.20gb (0),1,,13,"void ch_est::chEstFilterNoDftSOfdmDispatchKernel<float, __half, float, (unsigned int)2>(ch_est::puschRxChEstStatDescr_t *, ch_est::puschRxChEstDynDescr_t *)"
12778059925,27424,247280,137,2,1,24,2,1,44,0.001,0.001,,,,,NVIDIA A100-SXM4-40GB MIG 4g.20gb (0),1,,13,"void ch_est::chEstFilterNoDftSOfdmDispatchKernel<float, __half, float, (unsigned int)2>(ch_est::puschRxChEstStatDescr_t *, ch_est::puschRxChEstDynDescr_t *)"
12778403025,5664,247291,103,1,1,128,1,1,16,0.000,0.000,,,,,NVIDIA A100-SXM4-40GB MIG 4g.20gb (0),1,,13,cupy_copy__complex64_complex64
12778629422,22688,247301,1434,1,1,128,1,1,16,0.000,0.000,,,,,NVIDIA A100-SXM4-40GB MIG 4g.20gb (0),1,,13,cupy_copy__complex64_complex64
12779080617,8864,247308,103,1,1,128,1,1,16,0.000,0.000,,,,,NVIDIA A100-SXM4-40GB MIG 4g.20gb (0),1,,13,cupy_copy__complex64_complex64
12779691266,266397,247315,1,1,1,32,32,1,30,0.000,0.000,,,,,NVIDIA A100-SXM4-40GB MIG 4g.20gb (0),1,,13,"void convert_kernel<__half2, float2>(tensor_layout_any, T1 *, tensor_layout_any, const T2 *)"
12779988959,5536,247318,,,,,,,,,,0.094,16924.777,Pinned,Device,NVIDIA A100-SXM4-40GB MIG 4g.20gb (0),1,,13,[CUDA memcpy Host-to-Device]
12780485146,62591,247319,,,,,,,,,,35.810,572099.282,Device,,NVIDIA A100-SXM4-40GB MIG 4g.20gb (0),1,,13,[CUDA memset]
12780553209,5568,247321,,,,,,,,,,0.000,14.368,Pinned,Device,NVIDIA A100-SXM4-40GB MIG 4g.20gb (0),1,,13,[CUDA memcpy Host-to-Device]
12780561401,12864,247322,,,,,,,,,,0.197,15283.519,Pinned,Device,NVIDIA A100-SXM4-40GB MIG 4g.20gb (0),1,,13,[CUDA memcpy Host-to-Device]
12781236017,22144,247323,273,1,1,48,1,1,40,0.000,0.001,,,,,NVIDIA A100-SXM4-40GB MIG 4g.20gb (0),1,,13,"void pusch_noise_intf_est::noiseIntfEstNoDftSOfdmKernel<float, __half, float, float, (unsigned int)2, (unsigned int)1, (unsigned char)4, (unsigned char)4>(pusch_noise_intf_est::puschRxNoiseIntfEstDynDescr)"
12781699180,10528,247334,35,1,1,128,1,1,16,0.000,0.000,,,,,NVIDIA A100-SXM4-40GB MIG 4g.20gb (0),1,,13,cupy_copy__complex64_complex64
12782136455,5408,247343,1,1,1,1,1,1,18,0.000,0.000,,,,,NVIDIA A100-SXM4-40GB MIG 4g.20gb (0),1,,13,cupy_copy__float32_float32
12782143527,1600,247349,,,,,,,,,,0.000,2.500,Device,Pageable,NVIDIA A100-SXM4-40GB MIG 4g.20gb (0),1,,7,[CUDA memcpy Device-to-Host]
12782825663,22848,247360,1434,1,1,128,1,1,16,0.000,0.000,,,,,NVIDIA A100-SXM4-40GB MIG 4g.20gb (0),1,,13,cupy_copy__complex64_complex64
12783451832,11808,247367,103,1,1,128,1,1,16,0.000,0.000,,,,,NVIDIA A100-SXM4-40GB MIG 4g.20gb (0),1,,13,cupy_copy__complex64_complex64
12784012786,6048,247374,35,1,1,128,1,1,16,0.000,0.000,,,,,NVIDIA A100-SXM4-40GB MIG 4g.20gb (0),1,,13,cupy_copy__complex64_complex64
12784456397,3680,247381,1,1,1,1,1,1,18,0.000,0.000,,,,,NVIDIA A100-SXM4-40GB MIG 4g.20gb (0),1,,13,cupy_copy__float32_float32
12785112389,217566,247392,1,1,1,32,32,1,30,0.000,0.000,,,,,NVIDIA A100-SXM4-40GB MIG 4g.20gb (0),1,,13,"void convert_kernel<__half2, float2>(tensor_layout_any, T1 *, tensor_layout_any, const T2 *)"
12785360674,5920,247395,,,,,,,,,,0.094,15826.941,Pinned,Device,NVIDIA A100-SXM4-40GB MIG 4g.20gb (0),1,,13,[CUDA memcpy Host-to-Device]
12785838333,8128,247396,,,,,,,,,,1.547,190282.697,Device,,NVIDIA A100-SXM4-40GB MIG 4g.20gb (0),1,,13,[CUDA memset]
12785849917,7168,247401,,,,,,,,,,0.031,4366.042,Pinned,Device,NVIDIA A100-SXM4-40GB MIG 4g.20gb (0),1,,13,[CUDA memcpy Host-to-Device]
12785863133,13536,247402,,,,,,,,,,0.197,14524.809,Pinned,Device,NVIDIA A100-SXM4-40GB MIG 4g.20gb (0),1,,13,[CUDA memcpy Host-to-Device]
12786532181,10752,247403,273,1,1,8,4,1,39,0.002,0.000,,,,,NVIDIA A100-SXM4-40GB MIG 4g.20gb (0),1,,13,"void channel_eq::eqMmseCoefCompLowMimoKernel<float, float, float, (unsigned int)4, (unsigned int)1, (unsigned int)4>(const channel_eq::_puschRxChEqStatDescr *, channel_eq::_puschRxChEqCoefCompDynDescr)"
12787217294,21887,247404,273,1,1,12,11,1,51,0.002,0.000,,,,,NVIDIA A100-SXM4-40GB MIG 4g.20gb (0),1,,13,"void channel_eq::eqMmseSoftDemapKernel<float, __half, __half, float, (unsigned int)4, (unsigned short)16383>(channel_eq::_puschRxChEqStatDescr *, channel_eq::_puschRxChEqSoftDemapDynDescr)"
12787697672,654073,247405,1,1,1,32,32,1,30,0.000,0.000,,,,,NVIDIA A100-SXM4-40GB MIG 4g.20gb (0),1,,13,"void convert_kernel<float2, __half2>(tensor_layout_any, T1 *, tensor_layout_any, const T2 *)"
12788985338,23871,247417,2253,1,1,128,1,1,16,0.000,0.000,,,,,NVIDIA A100-SXM4-40GB MIG 4g.20gb (0),1,,13,cupy_copy__float16_float16
12789352053,7424,247426,282,1,1,128,1,1,16,0.000,0.000,,,,,NVIDIA A100-SXM4-40GB MIG 4g.20gb (0),1,,13,cupy_copy__complex64_complex64
12789577171,5920,247435,26,1,1,128,1,1,16,0.000,0.000,,,,,NVIDIA A100-SXM4-40GB MIG 4g.20gb (0),1,,13,cupy_copy__float32_float32
12790023086,20576,247444,103,1,1,128,1,1,16,0.000,0.000,,,,,NVIDIA A100-SXM4-40GB MIG 4g.20gb (0),1,,13,cupy_copy__complex64_complex64
12790426089,20224,247454,1434,1,1,128,1,1,16,0.000,0.000,,,,,NVIDIA A100-SXM4-40GB MIG 4g.20gb (0),1,,13,cupy_copy__complex64_complex64
12790788933,270909,247459,1,1,1,32,32,1,30,0.000,0.000,,,,,NVIDIA A100-SXM4-40GB MIG 4g.20gb (0),1,,13,"void convert_kernel<__half2, float2>(tensor_layout_any, T1 *, tensor_layout_any, const T2 *)"
12791091170,5664,247462,,,,,,,,,,0.094,16542.310,Pinned,Device,NVIDIA A100-SXM4-40GB MIG 4g.20gb (0),1,,13,[CUDA memcpy Host-to-Device]
12791488221,628729,247463,,,,,,,,,,456.561,725932.690,Device,,NVIDIA A100-SXM4-40GB MIG 4g.20gb (0),1,,13,[CUDA memset]
12792122998,62047,247468,,,,,,,,,,1.235,19902.358,Pinned,Device,NVIDIA A100-SXM4-40GB MIG 4g.20gb (0),1,,13,[CUDA memcpy Host-to-Device]
12792187957,9696,247469,,,,,,,,,,0.197,20277.166,Pinned,Device,NVIDIA A100-SXM4-40GB MIG 4g.20gb (0),1,,13,[CUDA memcpy Host-to-Device]
12792572049,36256,247470,69,4,1,48,1,1,76,0.002,0.000,,,,,NVIDIA A100-SXM4-40GB MIG 4g.20gb (0),1,,13,"void ch_est::windowedChEstPreNoDftSOfdmKernel<float, __half, float, (unsigned int)2, (unsigned int)1, (unsigned short)4>(ch_est::puschRxChEstStatDescr_t *, ch_est::puschRxChEstDynDescr_t *)"
12793034540,33504,247471,137,2,1,24,2,1,44,0.001,0.001,,,,,NVIDIA A100-SXM4-40GB MIG 4g.20gb (0),1,,13,"void ch_est::chEstFilterNoDftSOfdmDispatchKernel<float, __half, float, (unsigned int)2>(ch_est::puschRxChEstStatDescr_t *, ch_est::puschRxChEstDynDescr_t *)"
12793436391,27616,247472,137,2,1,24,2,1,44,0.001,0.001,,,,,NVIDIA A100-SXM4-40GB MIG 4g.20gb (0),1,,13,"void ch_est::chEstFilterNoDftSOfdmDispatchKernel<float, __half, float, (unsigned int)2>(ch_est::puschRxChEstStatDescr_t *, ch_est::puschRxChEstDynDescr_t *)"
12793775652,6175,247483,103,1,1,128,1,1,16,0.000,0.000,,,,,NVIDIA A100-SXM4-40GB MIG 4g.20gb (0),1,,13,cupy_copy__complex64_complex64
12794010817,22656,247493,1434,1,1,128,1,1,16,0.000,0.000,,,,,NVIDIA A100-SXM4-40GB MIG 4g.20gb (0),1,,13,cupy_copy__complex64_complex64
12794472860,16735,247500,103,1,1,128,1,1,16,0.000,0.000,,,,,NVIDIA A100-SXM4-40GB MIG 4g.20gb (0),1,,13,cupy_copy__complex64_complex64
12794975222,260829,247507,1,1,1,32,32,1,30,0.000,0.000,,,,,NVIDIA A100-SXM4-40GB MIG 4g.20gb (0),1,,13,"void convert_kernel<__half2, float2>(tensor_layout_any, T1 *, tensor_layout_any, const T2 *)"
12795266835,6048,247510,,,,,,,,,,0.094,15491.978,Pinned,Device,NVIDIA A100-SXM4-40GB MIG 4g.20gb (0),1,,13,[CUDA memcpy Host-to-Device]
12795684846,62303,247511,,,,,,,,,,35.810,574749.216,Device,,NVIDIA A100-SXM4-40GB MIG 4g.20gb (0),1,,13,[CUDA memset]
12795759405,2304,247513,,,,,,,,,,0.000,34.722,Pinned,Device,NVIDIA A100-SXM4-40GB MIG 4g.20gb (0),1,,13,[CUDA memcpy Host-to-Device]
12795767533,13696,247514,,,,,,,,,,0.197,14355.137,Pinned,Device,NVIDIA A100-SXM4-40GB MIG 4g.20gb (0),1,,13,[CUDA memcpy Host-to-Device]
12796324039,18368,247515,273,1,1,48,1,1,40,0.000,0.001,,,,,NVIDIA A100-SXM4-40GB MIG 4g.20gb (0),1,,13,"void pusch_noise_intf_est::noiseIntfEstNoDftSOfdmKernel<float, __half, float, float, (unsigned int)2, (unsigned int)1, (unsigned char)4, (unsigned char)4>(pusch_noise_intf_est::puschRxNoiseIntfEstDynDescr)"
12796779682,12159,247526,35,1,1,128,1,1,16,0.000,0.000,,,,,NVIDIA A100-SXM4-40GB MIG 4g.20gb (0),1,,13,cupy_copy__complex64_complex64
12797211101,7008,247535,1,1,1,1,1,1,18,0.000,0.000,,,,,NVIDIA A100-SXM4-40GB MIG 4g.20gb (0),1,,13,cupy_copy__float32_float32
12797220669,1632,247541,,,,,,,,,,0.000,2.451,Device,Pageable,NVIDIA A100-SXM4-40GB MIG 4g.20gb (0),1,,7,[CUDA memcpy Device-to-Host]
12797804502,26432,247552,1434,1,1,128,1,1,16,0.000,0.000,,,,,NVIDIA A100-SXM4-40GB MIG 4g.20gb (0),1,,13,cupy_copy__complex64_complex64
12798334032,10560,247559,103,1,1,128,1,1,16,0.000,0.000,,,,,NVIDIA A100-SXM4-40GB MIG 4g.20gb (0),1,,13,cupy_copy__complex64_complex64
12798798411,6688,247566,35,1,1,128,1,1,16,0.000,0.000,,,,,NVIDIA A100-SXM4-40GB MIG 4g.20gb (0),1,,13,cupy_copy__complex64_complex64
12799148423,4832,247573,1,1,1,1,1,1,18,0.000,0.000,,,,,NVIDIA A100-SXM4-40GB MIG 4g.20gb (0),1,,13,cupy_copy__float32_float32
12799710977,245341,247584,1,1,1,32,32,1,30,0.000,0.000,,,,,NVIDIA A100-SXM4-40GB MIG 4g.20gb (0),1,,13,"void convert_kernel<__half2, float2>(tensor_layout_any, T1 *, tensor_layout_any, const T2 *)"
12799987549,6368,247587,,,,,,,,,,0.094,14713.551,Pinned,Device,NVIDIA A100-SXM4-40GB MIG 4g.20gb (0),1,,13,[CUDA memcpy Host-to-Device]
12800342105,5504,247588,,,,,,,,,,1.547,280999.928,Device,,NVIDIA A100-SXM4-40GB MIG 4g.20gb (0),1,,13,[CUDA memset]
12800355097,7232,247593,,,,,,,,,,0.031,4327.423,Pinned,Device,NVIDIA A100-SXM4-40GB MIG 4g.20gb (0),1,,13,[CUDA memcpy Host-to-Device]
12800368345,12800,247594,,,,,,,,,,0.197,15360.000,Pinned,Device,NVIDIA A100-SXM4-40GB MIG 4g.20gb (0),1,,13,[CUDA memcpy Host-to-Device]
12800931603,12064,247595,273,1,1,8,4,1,39,0.002,0.000,,,,,NVIDIA A100-SXM4-40GB MIG 4g.20gb (0),1,,13,"void channel_eq::eqMmseCoefCompLowMimoKernel<float, float, float, (unsigned int)4, (unsigned int)1, (unsigned int)4>(const channel_eq::_puschRxChEqStatDescr *, channel_eq::_puschRxChEqCoefCompDynDescr)"
12801490028,17664,247596,273,1,1,12,11,1,51,0.002,0.000,,,,,NVIDIA A100-SXM4-40GB MIG 4g.20gb (0),1,,13,"void channel_eq::eqMmseSoftDemapKernel<float, __half, __half, float, (unsigned int)4, (unsigned short)16383>(channel_eq::_puschRxChEqStatDescr *, channel_eq::_puschRxChEqSoftDemapDynDescr)"
12802088358,679384,247597,1,1,1,32,32,1,30,0.000,0.000,,,,,NVIDIA A100-SXM4-40GB MIG 4g.20gb (0),1,,13,"void convert_kernel<float2, __half2>(tensor_layout_any, T1 *, tensor_layout_any, const T2 *)"
12803182425,20480,247609,2253,1,1,128,1,1,16,0.000,0.000,,,,,NVIDIA A100-SXM4-40GB MIG 4g.20gb (0),1,,13,cupy_copy__float16_float16
12803629396,18592,247618,282,1,1,128,1,1,16,0.000,0.000,,,,,NVIDIA A100-SXM4-40GB MIG 4g.20gb (0),1,,13,cupy_copy__complex64_complex64
12804013840,14528,247627,26,1,1,128,1,1,16,0.000,0.000,,,,,NVIDIA A100-SXM4-40GB MIG 4g.20gb (0),1,,13,cupy_copy__float32_float32
12804352652,7968,247636,103,1,1,128,1,1,16,0.000,0.000,,,,,NVIDIA A100-SXM4-40GB MIG 4g.20gb (0),1,,13,cupy_copy__complex64_complex64
12804575818,24319,247646,1434,1,1,128,1,1,16,0.000,0.000,,,,,NVIDIA A100-SXM4-40GB MIG 4g.20gb (0),1,,13,cupy_copy__complex64_complex64
12805025605,240925,247651,1,1,1,32,32,1,30,0.000,0.000,,,,,NVIDIA A100-SXM4-40GB MIG 4g.20gb (0),1,,13,"void convert_kernel<__half2, float2>(tensor_layout_any, T1 *, tensor_layout_any, const T2 *)"
12805297921,5504,247654,,,,,,,,,,0.094,17023.251,Pinned,Device,NVIDIA A100-SXM4-40GB MIG 4g.20gb (0),1,,13,[CUDA memcpy Host-to-Device]
12805520191,628249,247655,,,,,,,,,,456.561,726389.251,Device,,NVIDIA A100-SXM4-40GB MIG 4g.20gb (0),1,,13,[CUDA memset]
12806154968,62303,247660,,,,,,,,,,1.235,19820.851,Pinned,Device,NVIDIA A100-SXM4-40GB MIG 4g.20gb (0),1,,13,[CUDA memcpy Host-to-Device]
12806219735,9728,247661,,,,,,,,,,0.197,20210.516,Pinned,Device,NVIDIA A100-SXM4-40GB MIG 4g.20gb (0),1,,13,[CUDA memcpy Host-to-Device]
12806619891,33567,247662,69,4,1,48,1,1,76,0.002,0.000,,,,,NVIDIA A100-SXM4-40GB MIG 4g.20gb (0),1,,13,"void ch_est::windowedChEstPreNoDftSOfdmKernel<float, __half, float, (unsigned int)2, (unsigned int)1, (unsigned short)4>(ch_est::puschRxChEstStatDescr_t *, ch_est::puschRxChEstDynDescr_t *)"
12807069197,31680,247663,137,2,1,24,2,1,44,0.001,0.001,,,,,NVIDIA A100-SXM4-40GB MIG 4g.20gb (0),1,,13,"void ch_est::chEstFilterNoDftSOfdmDispatchKernel<float, __half, float, (unsigned int)2>(ch_est::puschRxChEstStatDescr_t *, ch_est::puschRxChEstDynDescr_t *)"
12807467529,19136,247664,137,2,1,24,2,1,44,0.001,0.001,,,,,NVIDIA A100-SXM4-40GB MIG 4g.20gb (0),1,,13,"void ch_est::chEstFilterNoDftSOfdmDispatchKernel<float, __half, float, (unsigned int)2>(ch_est::puschRxChEstStatDescr_t *, ch_est::puschRxChEstDynDescr_t *)"
12807810309,5760,247675,103,1,1,128,1,1,16,0.000,0.000,,,,,NVIDIA A100-SXM4-40GB MIG 4g.20gb (0),1,,13,cupy_copy__complex64_complex64
12808029923,23423,247685,1434,1,1,128,1,1,16,0.000,0.000,,,,,NVIDIA A100-SXM4-40GB MIG 4g.20gb (0),1,,13,cupy_copy__complex64_complex64
12808499165,8608,247692,103,1,1,128,1,1,16,0.000,0.000,,,,,NVIDIA A100-SXM4-40GB MIG 4g.20gb (0),1,,13,cupy_copy__complex64_complex64
12809106870,245470,247699,1,1,1,32,32,1,30,0.000,0.000,,,,,NVIDIA A100-SXM4-40GB MIG 4g.20gb (0),1,,13,"void convert_kernel<__half2, float2>(tensor_layout_any, T1 *, tensor_layout_any, const T2 *)"
12809383443,5920,247702,,,,,,,,,,0.094,15826.941,Pinned,Device,NVIDIA A100-SXM4-40GB MIG 4g.20gb (0),1,,13,[CUDA memcpy Host-to-Device]
12809877614,63039,247703,,,,,,,,,,35.810,568052.761,Device,,NVIDIA A100-SXM4-40GB MIG 4g.20gb (0),1,,13,[CUDA memset]
12809948877,2176,247705,,,,,,,,,,0.000,36.765,Pinned,Device,NVIDIA A100-SXM4-40GB MIG 4g.20gb (0),1,,13,[CUDA memcpy Host-to-Device]
12809959085,15008,247706,,,,,,,,,,0.197,13100.188,Pinned,Device,NVIDIA A100-SXM4-40GB MIG 4g.20gb (0),1,,13,[CUDA memcpy Host-to-Device]
12810628261,25824,247707,273,1,1,48,1,1,40,0.000,0.001,,,,,NVIDIA A100-SXM4-40GB MIG 4g.20gb (0),1,,13,"void pusch_noise_intf_est::noiseIntfEstNoDftSOfdmKernel<float, __half, float, float, (unsigned int)2, (unsigned int)1, (unsigned char)4, (unsigned char)4>(pusch_noise_intf_est::puschRxNoiseIntfEstDynDescr)"
12811104000,18368,247718,35,1,1,128,1,1,16,0.000,0.000,,,,,NVIDIA A100-SXM4-40GB MIG 4g.20gb (0),1,,13,cupy_copy__complex64_complex64
12811755353,3296,247727,1,1,1,1,1,1,18,0.000,0.000,,,,,NVIDIA A100-SXM4-40GB MIG 4g.20gb (0),1,,13,cupy_copy__float32_float32
12811765400,2176,247733,,,,,,,,,,0.000,1.838,Device,Pageable,NVIDIA A100-SXM4-40GB MIG 4g.20gb (0),1,,7,[CUDA memcpy Device-to-Host]
12812473168,19136,247744,1434,1,1,128,1,1,16,0.000,0.000,,,,,NVIDIA A100-SXM4-40GB MIG 4g.20gb (0),1,,13,cupy_copy__complex64_complex64
12813141481,4416,247751,103,1,1,128,1,1,16,0.000,0.000,,,,,NVIDIA A100-SXM4-40GB MIG 4g.20gb (0),1,,13,cupy_copy__complex64_complex64
12813605796,7072,247758,35,1,1,128,1,1,16,0.000,0.000,,,,,NVIDIA A100-SXM4-40GB MIG 4g.20gb (0),1,,13,cupy_copy__complex64_complex64
12814208253,12448,247765,1,1,1,1,1,1,18,0.000,0.000,,,,,NVIDIA A100-SXM4-40GB MIG 4g.20gb (0),1,,13,cupy_copy__float32_float32
12814778038,263581,247776,1,1,1,32,32,1,30,0.000,0.000,,,,,NVIDIA A100-SXM4-40GB MIG 4g.20gb (0),1,,13,"void convert_kernel<__half2, float2>(tensor_layout_any, T1 *, tensor_layout_any, const T2 *)"
12815081619,14080,247779,,,,,,,,,,0.094,6654.477,Pinned,Device,NVIDIA A100-SXM4-40GB MIG 4g.20gb (0),1,,13,[CUDA memcpy Host-to-Device]
12815671820,18816,247780,,,,,,,,,,1.547,82196.879,Device,,NVIDIA A100-SXM4-40GB MIG 4g.20gb (0),1,,13,[CUDA memset]
12815698572,6016,247785,,,,,,,,,,0.031,5202.115,Pinned,Device,NVIDIA A100-SXM4-40GB MIG 4g.20gb (0),1,,13,[CUDA memcpy Host-to-Device]
12815712012,16928,247786,,,,,,,,,,0.197,11614.224,Pinned,Device,NVIDIA A100-SXM4-40GB MIG 4g.20gb (0),1,,13,[CUDA memcpy Host-to-Device]
12816361189,28479,247787,273,1,1,8,4,1,39,0.002,0.000,,,,,NVIDIA A100-SXM4-40GB MIG 4g.20gb (0),1,,13,"void channel_eq::eqMmseCoefCompLowMimoKernel<float, float, float, (unsigned int)4, (unsigned int)1, (unsigned int)4>(const channel_eq::_puschRxChEqStatDescr *, channel_eq::_puschRxChEqCoefCompDynDescr)"
12816985086,22623,247788,273,1,1,12,11,1,51,0.002,0.000,,,,,NVIDIA A100-SXM4-40GB MIG 4g.20gb (0),1,,13,"void channel_eq::eqMmseSoftDemapKernel<float, __half, __half, float, (unsigned int)4, (unsigned short)16383>(channel_eq::_puschRxChEqStatDescr *, channel_eq::_puschRxChEqSoftDemapDynDescr)"
12817694390,679832,247789,1,1,1,32,32,1,30,0.000,0.000,,,,,NVIDIA A100-SXM4-40GB MIG 4g.20gb (0),1,,13,"void convert_kernel<float2, __half2>(tensor_layout_any, T1 *, tensor_layout_any, const T2 *)"
12818704746,17088,247801,2253,1,1,128,1,1,16,0.000,0.000,,,,,NVIDIA A100-SXM4-40GB MIG 4g.20gb (0),1,,13,cupy_copy__float16_float16
12818936680,7903,247810,282,1,1,128,1,1,16,0.000,0.000,,,,,NVIDIA A100-SXM4-40GB MIG 4g.20gb (0),1,,13,cupy_copy__complex64_complex64
12819370531,6560,247819,26,1,1,128,1,1,16,0.000,0.000,,,,,NVIDIA A100-SXM4-40GB MIG 4g.20gb (0),1,,13,cupy_copy__float32_float32
12819752638,16672,247828,103,1,1,128,1,1,16,0.000,0.000,,,,,NVIDIA A100-SXM4-40GB MIG 4g.20gb (0),1,,13,cupy_copy__complex64_complex64
12820132474,21280,247838,1434,1,1,128,1,1,16,0.000,0.000,,,,,NVIDIA A100-SXM4-40GB MIG 4g.20gb (0),1,,13,cupy_copy__complex64_complex64
12820390327,229470,247843,1,1,1,32,32,1,30,0.000,0.000,,,,,NVIDIA A100-SXM4-40GB MIG 4g.20gb (0),1,,13,"void convert_kernel<__half2, float2>(tensor_layout_any, T1 *, tensor_layout_any, const T2 *)"
12820656500,8256,247846,,,,,,,,,,0.094,11348.834,Pinned,Device,NVIDIA A100-SXM4-40GB MIG 4g.20gb (0),1,,13,[CUDA memcpy Host-to-Device]
12820856530,629497,247847,,,,,,,,,,456.561,725019.567,Device,,NVIDIA A100-SXM4-40GB MIG 4g.20gb (0),1,,13,[CUDA memset]
12821493323,61119,247852,,,,,,,,,,1.235,20204.919,Pinned,Device,NVIDIA A100-SXM4-40GB MIG 4g.20gb (0),1,,13,[CUDA memcpy Host-to-Device]
12821557130,9472,247853,,,,,,,,,,0.197,20756.693,Pinned,Device,NVIDIA A100-SXM4-40GB MIG 4g.20gb (0),1,,13,[CUDA memcpy Host-to-Device]
12821942534,32575,247854,69,4,1,48,1,1,76,0.002,0.000,,,,,NVIDIA A100-SXM4-40GB MIG 4g.20gb (0),1,,13,"void ch_est::windowedChEstPreNoDftSOfdmKernel<float, __half, float, (unsigned int)2, (unsigned int)1, (unsigned short)4>(ch_est::puschRxChEstStatDescr_t *, ch_est::puschRxChEstDynDescr_t *)"
12822403008,32864,247855,137,2,1,24,2,1,44,0.001,0.001,,,,,NVIDIA A100-SXM4-40GB MIG 4g.20gb (0),1,,13,"void ch_est::chEstFilterNoDftSOfdmDispatchKernel<float, __half, float, (unsigned int)2>(ch_est::puschRxChEstStatDescr_t *, ch_est::puschRxChEstDynDescr_t *)"
12822800636,21664,247856,137,2,1,24,2,1,44,0.001,0.001,,,,,NVIDIA A100-SXM4-40GB MIG 4g.20gb (0),1,,13,"void ch_est::chEstFilterNoDftSOfdmDispatchKernel<float, __half, float, (unsigned int)2>(ch_est::puschRxChEstStatDescr_t *, ch_est::puschRxChEstDynDescr_t *)"
12823141624,6656,247867,103,1,1,128,1,1,16,0.000,0.000,,,,,NVIDIA A100-SXM4-40GB MIG 4g.20gb (0),1,,13,cupy_copy__complex64_complex64
12823387925,22048,247877,1434,1,1,128,1,1,16,0.000,0.000,,,,,NVIDIA A100-SXM4-40GB MIG 4g.20gb (0),1,,13,cupy_copy__complex64_complex64
12823839152,17312,247884,103,1,1,128,1,1,16,0.000,0.000,,,,,NVIDIA A100-SXM4-40GB MIG 4g.20gb (0),1,,13,cupy_copy__complex64_complex64
12824345514,247710,247891,1,1,1,32,32,1,30,0.000,0.000,,,,,NVIDIA A100-SXM4-40GB MIG 4g.20gb (0),1,,13,"void convert_kernel<__half2, float2>(tensor_layout_any, T1 *, tensor_layout_any, const T2 *)"
12824625287,5984,247894,,,,,,,,,,0.094,15657.726,Pinned,Device,NVIDIA A100-SXM4-40GB MIG 4g.20gb (0),1,,13,[CUDA memcpy Host-to-Device]
12825038563,61471,247895,,,,,,,,,,35.810,582519.969,Device,,NVIDIA A100-SXM4-40GB MIG 4g.20gb (0),1,,13,[CUDA memset]
12825107330,3360,247897,,,,,,,,,,0.000,23.810,Pinned,Device,NVIDIA A100-SXM4-40GB MIG 4g.20gb (0),1,,13,[CUDA memcpy Host-to-Device]
12825119394,20608,247898,,,,,,,,,,0.197,9540.207,Pinned,Device,NVIDIA A100-SXM4-40GB MIG 4g.20gb (0),1,,13,[CUDA memcpy Host-to-Device]
12825685467,16992,247899,273,1,1,48,1,1,40,0.000,0.001,,,,,NVIDIA A100-SXM4-40GB MIG 4g.20gb (0),1,,13,"void pusch_noise_intf_est::noiseIntfEstNoDftSOfdmKernel<float, __half, float, float, (unsigned int)2, (unsigned int)1, (unsigned char)4, (unsigned char)4>(pusch_noise_intf_est::puschRxNoiseIntfEstDynDescr)"
12826141334,13696,247910,35,1,1,128,1,1,16,0.000,0.000,,,,,NVIDIA A100-SXM4-40GB MIG 4g.20gb (0),1,,13,cupy_copy__complex64_complex64
12826569233,4864,247919,1,1,1,1,1,1,18,0.000,0.000,,,,,NVIDIA A100-SXM4-40GB MIG 4g.20gb (0),1,,13,cupy_copy__float32_float32
12826582513,1600,247925,,,,,,,,,,0.000,2.500,Device,Pageable,NVIDIA A100-SXM4-40GB MIG 4g.20gb (0),1,,7,[CUDA memcpy Device-to-Host]
12827161803,22079,247936,1434,1,1,128,1,1,16,0.000,0.000,,,,,NVIDIA A100-SXM4-40GB MIG 4g.20gb (0),1,,13,cupy_copy__complex64_complex64
12827686373,10976,247943,103,1,1,128,1,1,16,0.000,0.000,,,,,NVIDIA A100-SXM4-40GB MIG 4g.20gb (0),1,,13,cupy_copy__complex64_complex64
12828168991,5984,247950,35,1,1,128,1,1,16,0.000,0.000,,,,,NVIDIA A100-SXM4-40GB MIG 4g.20gb (0),1,,13,cupy_copy__complex64_complex64
12828526043,4704,247957,1,1,1,1,1,1,18,0.000,0.000,,,,,NVIDIA A100-SXM4-40GB MIG 4g.20gb (0),1,,13,cupy_copy__float32_float32
12829080373,219582,247968,1,1,1,32,32,1,30,0.000,0.000,,,,,NVIDIA A100-SXM4-40GB MIG 4g.20gb (0),1,,13,"void convert_kernel<__half2, float2>(tensor_layout_any, T1 *, tensor_layout_any, const T2 *)"
12829331858,5792,247971,,,,,,,,,,0.094,16176.708,Pinned,Device,NVIDIA A100-SXM4-40GB MIG 4g.20gb (0),1,,13,[CUDA memcpy Host-to-Device]
12829712750,6080,247972,,,,,,,,,,1.547,254377.889,Device,,NVIDIA A100-SXM4-40GB MIG 4g.20gb (0),1,,13,[CUDA memset]
12829725134,3552,247977,,,,,,,,,,0.031,8810.794,Pinned,Device,NVIDIA A100-SXM4-40GB MIG 4g.20gb (0),1,,13,[CUDA memcpy Host-to-Device]
12829734894,13248,247978,,,,,,,,,,0.197,14840.562,Pinned,Device,NVIDIA A100-SXM4-40GB MIG 4g.20gb (0),1,,13,[CUDA memcpy Host-to-Device]
12830319527,13120,247979,273,1,1,8,4,1,39,0.002,0.000,,,,,NVIDIA A100-SXM4-40GB MIG 4g.20gb (0),1,,13,"void channel_eq::eqMmseCoefCompLowMimoKernel<float, float, float, (unsigned int)4, (unsigned int)1, (unsigned int)4>(const channel_eq::_puschRxChEqStatDescr *, channel_eq::_puschRxChEqCoefCompDynDescr)"
12830882017,17600,247980,273,1,1,12,11,1,51,0.002,0.000,,,,,NVIDIA A100-SXM4-40GB MIG 4g.20gb (0),1,,13,"void channel_eq::eqMmseSoftDemapKernel<float, __half, __half, float, (unsigned int)4, (unsigned short)16383>(channel_eq::_puschRxChEqStatDescr *, channel_eq::_puschRxChEqSoftDemapDynDescr)"
12831469978,668569,247981,1,1,1,32,32,1,30,0.000,0.000,,,,,NVIDIA A100-SXM4-40GB MIG 4g.20gb (0),1,,13,"void convert_kernel<float2, __half2>(tensor_layout_any, T1 *, tensor_layout_any, const T2 *)"
12832548142,19680,247993,2253,1,1,128,1,1,16,0.000,0.000,,,,,NVIDIA A100-SXM4-40GB MIG 4g.20gb (0),1,,13,cupy_copy__float16_float16
12832987177,17984,248002,282,1,1,128,1,1,16,0.000,0.000,,,,,NVIDIA A100-SXM4-40GB MIG 4g.20gb (0),1,,13,cupy_copy__complex64_complex64
12833381189,9375,248011,26,1,1,128,1,1,16,0.000,0.000,,,,,NVIDIA A100-SXM4-40GB MIG 4g.20gb (0),1,,13,cupy_copy__float32_float32
12833717089,9184,248020,103,1,1,128,1,1,16,0.000,0.000,,,,,NVIDIA A100-SXM4-40GB MIG 4g.20gb (0),1,,13,cupy_copy__complex64_complex64
12833944510,23136,248030,1434,1,1,128,1,1,16,0.000,0.000,,,,,NVIDIA A100-SXM4-40GB MIG 4g.20gb (0),1,,13,cupy_copy__complex64_complex64
12834395385,211070,248035,1,1,1,32,32,1,30,0.000,0.000,,,,,NVIDIA A100-SXM4-40GB MIG 4g.20gb (0),1,,13,"void convert_kernel<__half2, float2>(tensor_layout_any, T1 *, tensor_layout_any, const T2 *)"
12834638038,5472,248038,,,,,,,,,,0.094,17122.757,Pinned,Device,NVIDIA A100-SXM4-40GB MIG 4g.20gb (0),1,,13,[CUDA memcpy Host-to-Device]
12834895059,627833,248039,,,,,,,,,,456.561,726845.812,Device,,NVIDIA A100-SXM4-40GB MIG 4g.20gb (0),1,,13,[CUDA memset]
12835524652,64032,248044,,,,,,,,,,1.235,19286.120,Pinned,Device,NVIDIA A100-SXM4-40GB MIG 4g.20gb (0),1,,13,[CUDA memcpy Host-to-Device]
12835591148,9951,248045,,,,,,,,,,0.197,19757.531,Pinned,Device,NVIDIA A100-SXM4-40GB MIG 4g.20gb (0),1,,13,[CUDA memcpy Host-to-Device]
12835980903,34304,248046,69,4,1,48,1,1,76,0.002,0.000,,,,,NVIDIA A100-SXM4-40GB MIG 4g.20gb (0),1,,13,"void ch_est::windowedChEstPreNoDftSOfdmKernel<float, __half, float, (unsigned int)2, (unsigned int)1, (unsigned short)4>(ch_est::puschRxChEstStatDescr_t *, ch_est::puschRxChEstDynDescr_t *)"
12836437250,33184,248047,137,2,1,24,2,1,44,0.001,0.001,,,,,NVIDIA A100-SXM4-40GB MIG 4g.20gb (0),1,,13,"void ch_est::chEstFilterNoDftSOfdmDispatchKernel<float, __half, float, (unsigned int)2>(ch_est::puschRxChEstStatDescr_t *, ch_est::puschRxChEstDynDescr_t *)"
12836840061,21888,248048,137,2,1,24,2,1,44,0.001,0.001,,,,,NVIDIA A100-SXM4-40GB MIG 4g.20gb (0),1,,13,"void ch_est::chEstFilterNoDftSOfdmDispatchKernel<float, __half, float, (unsigned int)2>(ch_est::puschRxChEstStatDescr_t *, ch_est::puschRxChEstDynDescr_t *)"
12837177338,5760,248059,103,1,1,128,1,1,16,0.000,0.000,,,,,NVIDIA A100-SXM4-40GB MIG 4g.20gb (0),1,,13,cupy_copy__complex64_complex64
12837401847,22016,248069,1434,1,1,128,1,1,16,0.000,0.000,,,,,NVIDIA A100-SXM4-40GB MIG 4g.20gb (0),1,,13,cupy_copy__complex64_complex64
12837857010,18464,248076,103,1,1,128,1,1,16,0.000,0.000,,,,,NVIDIA A100-SXM4-40GB MIG 4g.20gb (0),1,,13,cupy_copy__complex64_complex64
12838456747,248893,248083,1,1,1,32,32,1,30,0.000,0.000,,,,,NVIDIA A100-SXM4-40GB MIG 4g.20gb (0),1,,13,"void convert_kernel<__half2, float2>(tensor_layout_any, T1 *, tensor_layout_any, const T2 *)"
12838736904,5696,248086,,,,,,,,,,0.094,16449.363,Pinned,Device,NVIDIA A100-SXM4-40GB MIG 4g.20gb (0),1,,13,[CUDA memcpy Host-to-Device]
12839033701,64575,248087,,,,,,,,,,35.810,554516.611,Device,,NVIDIA A100-SXM4-40GB MIG 4g.20gb (0),1,,13,[CUDA memset]
12839099268,5856,248089,,,,,,,,,,0.000,13.661,Pinned,Device,NVIDIA A100-SXM4-40GB MIG 4g.20gb (0),1,,13,[CUDA memcpy Host-to-Device]
12839111812,12640,248090,,,,,,,,,,0.197,15554.249,Pinned,Device,NVIDIA A100-SXM4-40GB MIG 4g.20gb (0),1,,13,[CUDA memcpy Host-to-Device]
12839771036,36832,248091,273,1,1,48,1,1,40,0.000,0.001,,,,,NVIDIA A100-SXM4-40GB MIG 4g.20gb (0),1,,13,"void pusch_noise_intf_est::noiseIntfEstNoDftSOfdmKernel<float, __half, float, float, (unsigned int)2, (unsigned int)1, (unsigned char)4, (unsigned char)4>(pusch_noise_intf_est::puschRxNoiseIntfEstDynDescr)"
12840451989,9504,248102,35,1,1,128,1,1,16,0.000,0.000,,,,,NVIDIA A100-SXM4-40GB MIG 4g.20gb (0),1,,13,cupy_copy__complex64_complex64
12840893872,4672,248111,1,1,1,1,1,1,18,0.000,0.000,,,,,NVIDIA A100-SXM4-40GB MIG 4g.20gb (0),1,,13,cupy_copy__float32_float32
12840899408,2528,248117,,,,,,,,,,0.000,1.582,Device,Pageable,NVIDIA A100-SXM4-40GB MIG 4g.20gb (0),1,,7,[CUDA memcpy Device-to-Host]
12841599464,19712,248128,1434,1,1,128,1,1,16,0.000,0.000,,,,,NVIDIA A100-SXM4-40GB MIG 4g.20gb (0),1,,13,cupy_copy__complex64_complex64
12842260096,17248,248135,103,1,1,128,1,1,16,0.000,0.000,,,,,NVIDIA A100-SXM4-40GB MIG 4g.20gb (0),1,,13,cupy_copy__complex64_complex64
12842869433,7968,248142,35,1,1,128,1,1,16,0.000,0.000,,,,,NVIDIA A100-SXM4-40GB MIG 4g.20gb (0),1,,13,cupy_copy__complex64_complex64
12843485906,3936,248149,1,1,1,1,1,1,18,0.000,0.000,,,,,NVIDIA A100-SXM4-40GB MIG 4g.20gb (0),1,,13,cupy_copy__float32_float32
12843901006,222109,248160,1,1,1,32,32,1,30,0.000,0.000,,,,,NVIDIA A100-SXM4-40GB MIG 4g.20gb (0),1,,13,"void convert_kernel<__half2, float2>(tensor_layout_any, T1 *, tensor_layout_any, const T2 *)"
12844153931,11456,248163,,,,,,,,,,0.094,8178.724,Pinned,Device,NVIDIA A100-SXM4-40GB MIG 4g.20gb (0),1,,13,[CUDA memcpy Host-to-Device]
12844588870,6784,248164,,,,,,,,,,1.547,227980.111,Device,,NVIDIA A100-SXM4-40GB MIG 4g.20gb (0),1,,13,[CUDA memset]
12844601638,3040,248169,,,,,,,,,,0.031,10294.725,Pinned,Device,NVIDIA A100-SXM4-40GB MIG 4g.20gb (0),1,,13,[CUDA memcpy Host-to-Device]
12844607110,10272,248170,,,,,,,,,,0.197,19140.182,Pinned,Device,NVIDIA A100-SXM4-40GB MIG 4g.20gb (0),1,,13,[CUDA memcpy Host-to-Device]
12845035105,34464,248171,273,1,1,8,4,1,39,0.002,0.000,,,,,NVIDIA A100-SXM4-40GB MIG 4g.20gb (0),1,,13,"void channel_eq::eqMmseCoefCompLowMimoKernel<float, float, float, (unsigned int)4, (unsigned int)1, (unsigned int)4>(const channel_eq::_puschRxChEqStatDescr *, channel_eq::_puschRxChEqCoefCompDynDescr)"
12845682970,28191,248172,273,1,1,12,11,1,51,0.002,0.000,,,,,NVIDIA A100-SXM4-40GB MIG 4g.20gb (0),1,,13,"void channel_eq::eqMmseSoftDemapKernel<float, __half, __half, float, (unsigned int)4, (unsigned short)16383>(channel_eq::_puschRxChEqStatDescr *, channel_eq::_puschRxChEqSoftDemapDynDescr)"
12846304083,633881,248173,1,1,1,32,32,1,30,0.000,0.000,,,,,NVIDIA A100-SXM4-40GB MIG 4g.20gb (0),1,,13,"void convert_kernel<float2, __half2>(tensor_layout_any, T1 *, tensor_layout_any, const T2 *)"
12847586724,14752,248185,2253,1,1,128,1,1,16,0.000,0.000,,,,,NVIDIA A100-SXM4-40GB MIG 4g.20gb (0),1,,13,cupy_copy__float16_float16
12848011167,7584,248194,282,1,1,128,1,1,16,0.000,0.000,,,,,NVIDIA A100-SXM4-40GB MIG 4g.20gb (0),1,,13,cupy_copy__complex64_complex64
12848233437,5824,248203,26,1,1,128,1,1,16,0.000,0.000,,,,,NVIDIA A100-SXM4-40GB MIG 4g.20gb (0),1,,13,cupy_copy__float32_float32
12848665720,19584,248212,103,1,1,128,1,1,16,0.000,0.000,,,,,NVIDIA A100-SXM4-40GB MIG 4g.20gb (0),1,,13,cupy_copy__complex64_complex64
12849168946,21568,248228,1434,1,1,128,1,1,16,0.000,0.000,,,,,NVIDIA A100-SXM4-40GB MIG 4g.20gb (0),1,,13,cupy_copy__complex64_complex64
12849617037,239070,248233,1,1,1,32,32,1,30,0.000,0.000,,,,,NVIDIA A100-SXM4-40GB MIG 4g.20gb (0),1,,13,"void convert_kernel<__half2, float2>(tensor_layout_any, T1 *, tensor_layout_any, const T2 *)"
12849886986,9120,248236,,,,,,,,,,0.094,10273.673,Pinned,Device,NVIDIA A100-SXM4-40GB MIG 4g.20gb (0),1,,13,[CUDA memcpy Host-to-Device]
12850114664,630649,248237,,,,,,,,,,456.561,723649.882,Device,,NVIDIA A100-SXM4-40GB MIG 4g.20gb (0),1,,13,[CUDA memset]
12850753760,64288,248242,,,,,,,,,,1.235,19209.554,Pinned,Device,NVIDIA A100-SXM4-40GB MIG 4g.20gb (0),1,,13,[CUDA memcpy Host-to-Device]
12850820608,9920,248243,,,,,,,,,,0.197,19819.266,Pinned,Device,NVIDIA A100-SXM4-40GB MIG 4g.20gb (0),1,,13,[CUDA memcpy Host-to-Device]
12851204667,32544,248244,69,4,1,48,1,1,76,0.002,0.000,,,,,NVIDIA A100-SXM4-40GB MIG 4g.20gb (0),1,,13,"void ch_est::windowedChEstPreNoDftSOfdmKernel<float, __half, float, (unsigned int)2, (unsigned int)1, (unsigned short)4>(ch_est::puschRxChEstStatDescr_t *, ch_est::puschRxChEstDynDescr_t *)"
12851668470,33696,248245,137,2,1,24,2,1,44,0.001,0.001,,,,,NVIDIA A100-SXM4-40GB MIG 4g.20gb (0),1,,13,"void ch_est::chEstFilterNoDftSOfdmDispatchKernel<float, __half, float, (unsigned int)2>(ch_est::puschRxChEstStatDescr_t *, ch_est::puschRxChEstDynDescr_t *)"
12852058802,31071,248246,137,2,1,24,2,1,44,0.001,0.001,,,,,NVIDIA A100-SXM4-40GB MIG 4g.20gb (0),1,,13,"void ch_est::chEstFilterNoDftSOfdmDispatchKernel<float, __half, float, (unsigned int)2>(ch_est::puschRxChEstStatDescr_t *, ch_est::puschRxChEstDynDescr_t *)"
12852411118,6752,248257,103,1,1,128,1,1,16,0.000,0.000,,,,,NVIDIA A100-SXM4-40GB MIG 4g.20gb (0),1,,13,cupy_copy__complex64_complex64
12852639563,23072,248267,1434,1,1,128,1,1,16,0.000,0.000,,,,,NVIDIA A100-SXM4-40GB MIG 4g.20gb (0),1,,13,cupy_copy__complex64_complex64
12853100134,8864,248274,103,1,1,128,1,1,16,0.000,0.000,,,,,NVIDIA A100-SXM4-40GB MIG 4g.20gb (0),1,,13,cupy_copy__complex64_complex64
12853495329,300381,248281,1,1,1,32,32,1,30,0.000,0.000,,,,,NVIDIA A100-SXM4-40GB MIG 4g.20gb (0),1,,13,"void convert_kernel<__half2, float2>(tensor_layout_any, T1 *, tensor_layout_any, const T2 *)"
12853826366,5536,248284,,,,,,,,,,0.094,16924.777,Pinned,Device,NVIDIA A100-SXM4-40GB MIG 4g.20gb (0),1,,13,[CUDA memcpy Host-to-Device]
12854187194,64703,248285,,,,,,,,,,35.810,553442.314,Device,,NVIDIA A100-SXM4-40GB MIG 4g.20gb (0),1,,13,[CUDA memset]
12854257849,4896,248287,,,,,,,,,,0.000,16.340,Pinned,Device,NVIDIA A100-SXM4-40GB MIG 4g.20gb (0),1,,13,[CUDA memcpy Host-to-Device]
12854270489,13760,248288,,,,,,,,,,0.197,14288.290,Pinned,Device,NVIDIA A100-SXM4-40GB MIG 4g.20gb (0),1,,13,[CUDA memcpy Host-to-Device]
12854837842,34656,248289,273,1,1,48,1,1,40,0.000,0.001,,,,,NVIDIA A100-SXM4-40GB MIG 4g.20gb (0),1,,13,"void pusch_noise_intf_est::noiseIntfEstNoDftSOfdmKernel<float, __half, float, float, (unsigned int)2, (unsigned int)1, (unsigned char)4, (unsigned char)4>(pusch_noise_intf_est::puschRxNoiseIntfEstDynDescr)"
12855389228,8224,248300,35,1,1,128,1,1,16,0.000,0.000,,,,,NVIDIA A100-SXM4-40GB MIG 4g.20gb (0),1,,13,cupy_copy__complex64_complex64
12855784488,13856,248309,1,1,1,1,1,1,18,0.000,0.000,,,,,NVIDIA A100-SXM4-40GB MIG 4g.20gb (0),1,,13,cupy_copy__float32_float32
12855803047,4928,248315,,,,,,,,,,0.000,0.812,Device,Pageable,NVIDIA A100-SXM4-40GB MIG 4g.20gb (0),1,,7,[CUDA memcpy Device-to-Host]
12856371105,20864,248326,1434,1,1,128,1,1,16,0.000,0.000,,,,,NVIDIA A100-SXM4-40GB MIG 4g.20gb (0),1,,13,cupy_copy__complex64_complex64
12856902747,4448,248333,103,1,1,128,1,1,16,0.000,0.000,,,,,NVIDIA A100-SXM4-40GB MIG 4g.20gb (0),1,,13,cupy_copy__complex64_complex64
12857496756,4352,248340,35,1,1,128,1,1,16,0.000,0.000,,,,,NVIDIA A100-SXM4-40GB MIG 4g.20gb (0),1,,13,cupy_copy__complex64_complex64
12857947727,4064,248347,1,1,1,1,1,1,18,0.000,0.000,,,,,NVIDIA A100-SXM4-40GB MIG 4g.20gb (0),1,,13,cupy_copy__float32_float32
12858302571,236190,248358,1,1,1,32,32,1,30,0.000,0.000,,,,,NVIDIA A100-SXM4-40GB MIG 4g.20gb (0),1,,13,"void convert_kernel<__half2, float2>(tensor_layout_any, T1 *, tensor_layout_any, const T2 *)"
12858570504,8864,248361,,,,,,,,,,0.094,10570.314,Pinned,Device,NVIDIA A100-SXM4-40GB MIG 4g.20gb (0),1,,13,[CUDA memcpy Host-to-Device]
12858890949,7840,248362,,,,,,,,,,1.547,197273.438,Device,,NVIDIA A100-SXM4-40GB MIG 4g.20gb (0),1,,13,[CUDA memset]
12858900420,8032,248367,,,,,,,,,,0.031,3896.383,Pinned,Device,NVIDIA A100-SXM4-40GB MIG 4g.20gb (0),1,,13,[CUDA memcpy Host-to-Device]
12858910916,17248,248368,,,,,,,,,,0.197,11398.742,Pinned,Device,NVIDIA A100-SXM4-40GB MIG 4g.20gb (0),1,,13,[CUDA memcpy Host-to-Device]
12859484958,34112,248369,273,1,1,8,4,1,39,0.002,0.000,,,,,NVIDIA A100-SXM4-40GB MIG 4g.20gb (0),1,,13,"void channel_eq::eqMmseCoefCompLowMimoKernel<float, float, float, (unsigned int)4, (unsigned int)1, (unsigned int)4>(const channel_eq::_puschRxChEqStatDescr *, channel_eq::_puschRxChEqCoefCompDynDescr)"
12860047576,28767,248370,273,1,1,12,11,1,51,0.002,0.000,,,,,NVIDIA A100-SXM4-40GB MIG 4g.20gb (0),1,,13,"void channel_eq::eqMmseSoftDemapKernel<float, __half, __half, float, (unsigned int)4, (unsigned short)16383>(channel_eq::_puschRxChEqStatDescr *, channel_eq::_puschRxChEqSoftDemapDynDescr)"
12860573170,674232,248371,1,1,1,32,32,1,30,0.000,0.000,,,,,NVIDIA A100-SXM4-40GB MIG 4g.20gb (0),1,,13,"void convert_kernel<float2, __half2>(tensor_layout_any, T1 *, tensor_layout_any, const T2 *)"
12861742020,21472,248383,2253,1,1,128,1,1,16,0.000,0.000,,,,,NVIDIA A100-SXM4-40GB MIG 4g.20gb (0),1,,13,cupy_copy__float16_float16
12862109984,7136,248392,282,1,1,128,1,1,16,0.000,0.000,,,,,NVIDIA A100-SXM4-40GB MIG 4g.20gb (0),1,,13,cupy_copy__complex64_complex64
12862337950,6752,248401,26,1,1,128,1,1,16,0.000,0.000,,,,,NVIDIA A100-SXM4-40GB MIG 4g.20gb (0),1,,13,cupy_copy__float32_float32
12862792761,21279,248410,103,1,1,128,1,1,16,0.000,0.000,,,,,NVIDIA A100-SXM4-40GB MIG 4g.20gb (0),1,,13,cupy_copy__complex64_complex64
12863196212,19488,248420,1434,1,1,128,1,1,16,0.000,0.000,,,,,NVIDIA A100-SXM4-40GB MIG 4g.20gb (0),1,,13,cupy_copy__complex64_complex64
12863555120,272253,248425,1,1,1,32,32,1,30,0.000,0.000,,,,,NVIDIA A100-SXM4-40GB MIG 4g.20gb (0),1,,13,"void convert_kernel<__half2, float2>(tensor_layout_any, T1 *, tensor_layout_any, const T2 *)"
12863866892,5440,248428,,,,,,,,,,0.094,17223.480,Pinned,Device,NVIDIA A100-SXM4-40GB MIG 4g.20gb (0),1,,13,[CUDA memcpy Host-to-Device]
12864255752,628057,248429,,,,,,,,,,456.561,726845.812,Device,,NVIDIA A100-SXM4-40GB MIG 4g.20gb (0),1,,13,[CUDA memset]
12864889953,65343,248434,,,,,,,,,,1.235,18898.348,Pinned,Device,NVIDIA A100-SXM4-40GB MIG 4g.20gb (0),1,,13,[CUDA memcpy Host-to-Device]
12864957792,10080,248435,,,,,,,,,,0.197,19504.693,Pinned,Device,NVIDIA A100-SXM4-40GB MIG 4g.20gb (0),1,,13,[CUDA memcpy Host-to-Device]
12865340796,33023,248436,69,4,1,48,1,1,76,0.002,0.000,,,,,NVIDIA A100-SXM4-40GB MIG 4g.20gb (0),1,,13,"void ch_est::windowedChEstPreNoDftSOfdmKernel<float, __half, float, (unsigned int)2, (unsigned int)1, (unsigned short)4>(ch_est::puschRxChEstStatDescr_t *, ch_est::puschRxChEstDynDescr_t *)"
12865799127,31871,248437,137,2,1,24,2,1,44,0.001,0.001,,,,,NVIDIA A100-SXM4-40GB MIG 4g.20gb (0),1,,13,"void ch_est::chEstFilterNoDftSOfdmDispatchKernel<float, __half, float, (unsigned int)2>(ch_est::puschRxChEstStatDescr_t *, ch_est::puschRxChEstDynDescr_t *)"
12866200754,19584,248438,137,2,1,24,2,1,44,0.001,0.001,,,,,NVIDIA A100-SXM4-40GB MIG 4g.20gb (0),1,,13,"void ch_est::chEstFilterNoDftSOfdmDispatchKernel<float, __half, float, (unsigned int)2>(ch_est::puschRxChEstStatDescr_t *, ch_est::puschRxChEstDynDescr_t *)"
12866549998,7008,248449,103,1,1,128,1,1,16,0.000,0.000,,,,,NVIDIA A100-SXM4-40GB MIG 4g.20gb (0),1,,13,cupy_copy__complex64_complex64
12866792203,21472,248459,1434,1,1,128,1,1,16,0.000,0.000,,,,,NVIDIA A100-SXM4-40GB MIG 4g.20gb (0),1,,13,cupy_copy__complex64_complex64
12867254566,8832,248466,103,1,1,128,1,1,16,0.000,0.000,,,,,NVIDIA A100-SXM4-40GB MIG 4g.20gb (0),1,,13,cupy_copy__complex64_complex64
12867640802,301276,248473,1,1,1,32,32,1,30,0.000,0.000,,,,,NVIDIA A100-SXM4-40GB MIG 4g.20gb (0),1,,13,"void convert_kernel<__half2, float2>(tensor_layout_any, T1 *, tensor_layout_any, const T2 *)"
12867975614,12864,248476,,,,,,,,,,0.094,7283.552,Pinned,Device,NVIDIA A100-SXM4-40GB MIG 4g.20gb (0),1,,13,[CUDA memcpy Host-to-Device]
12868428441,63583,248477,,,,,,,,,,35.810,563182.612,Device,,NVIDIA A100-SXM4-40GB MIG 4g.20gb (0),1,,13,[CUDA memset]
12868496184,5312,248479,,,,,,,,,,0.000,15.060,Pinned,Device,NVIDIA A100-SXM4-40GB MIG 4g.20gb (0),1,,13,[CUDA memcpy Host-to-Device]
12868508216,12320,248480,,,,,,,,,,0.197,15958.278,Pinned,Device,NVIDIA A100-SXM4-40GB MIG 4g.20gb (0),1,,13,[CUDA memcpy Host-to-Device]
12869176081,17407,248481,273,1,1,48,1,1,40,0.000,0.001,,,,,NVIDIA A100-SXM4-40GB MIG 4g.20gb (0),1,,13,"void pusch_noise_intf_est::noiseIntfEstNoDftSOfdmKernel<float, __half, float, float, (unsigned int)2, (unsigned int)1, (unsigned char)4, (unsigned char)4>(pusch_noise_intf_est::puschRxNoiseIntfEstDynDescr)"
12869646667,8832,248492,35,1,1,128,1,1,16,0.000,0.000,,,,,NVIDIA A100-SXM4-40GB MIG 4g.20gb (0),1,,13,cupy_copy__complex64_complex64
12870298660,7296,248501,1,1,1,1,1,1,18,0.000,0.000,,,,,NVIDIA A100-SXM4-40GB MIG 4g.20gb (0),1,,13,cupy_copy__float32_float32
12870309892,1600,248507,,,,,,,,,,0.000,2.500,Device,Pageable,NVIDIA A100-SXM4-40GB MIG 4g.20gb (0),1,,7,[CUDA memcpy Device-to-Host]
12871007644,18848,248518,1434,1,1,128,1,1,16,0.000,0.000,,,,,NVIDIA A100-SXM4-40GB MIG 4g.20gb (0),1,,13,cupy_copy__complex64_complex64
12871664820,7840,248525,103,1,1,128,1,1,16,0.000,0.000,,,,,NVIDIA A100-SXM4-40GB MIG 4g.20gb (0),1,,13,cupy_copy__complex64_complex64
12872135375,9728,248532,35,1,1,128,1,1,16,0.000,0.000,,,,,NVIDIA A100-SXM4-40GB MIG 4g.20gb (0),1,,13,cupy_copy__complex64_complex64
12872738952,11840,248539,1,1,1,1,1,1,18,0.000,0.000,,,,,NVIDIA A100-SXM4-40GB MIG 4g.20gb (0),1,,13,cupy_copy__float32_float32
12873298210,252701,248550,1,1,1,32,32,1,30,0.000,0.000,,,,,NVIDIA A100-SXM4-40GB MIG 4g.20gb (0),1,,13,"void convert_kernel<__half2, float2>(tensor_layout_any, T1 *, tensor_layout_any, const T2 *)"
12873582111,14432,248553,,,,,,,,,,0.094,6492.196,Pinned,Device,NVIDIA A100-SXM4-40GB MIG 4g.20gb (0),1,,13,[CUDA memcpy Host-to-Device]
12874175128,16544,248554,,,,,,,,,,1.547,93484.141,Device,,NVIDIA A100-SXM4-40GB MIG 4g.20gb (0),1,,13,[CUDA memset]
12874193880,4672,248559,,,,,,,,,,0.031,6698.627,Pinned,Device,NVIDIA A100-SXM4-40GB MIG 4g.20gb (0),1,,13,[CUDA memcpy Host-to-Device]
12874205400,13760,248560,,,,,,,,,,0.197,14288.290,Pinned,Device,NVIDIA A100-SXM4-40GB MIG 4g.20gb (0),1,,13,[CUDA memcpy Host-to-Device]
12874852048,29184,248561,273,1,1,8,4,1,39,0.002,0.000,,,,,NVIDIA A100-SXM4-40GB MIG 4g.20gb (0),1,,13,"void channel_eq::eqMmseCoefCompLowMimoKernel<float, float, float, (unsigned int)4, (unsigned int)1, (unsigned int)4>(const channel_eq::_puschRxChEqStatDescr *, channel_eq::_puschRxChEqCoefCompDynDescr)"
12875452138,25823,248562,273,1,1,12,11,1,51,0.002,0.000,,,,,NVIDIA A100-SXM4-40GB MIG 4g.20gb (0),1,,13,"void channel_eq::eqMmseSoftDemapKernel<float, __half, __half, float, (unsigned int)4, (unsigned short)16383>(channel_eq::_puschRxChEqStatDescr *, channel_eq::_puschRxChEqSoftDemapDynDescr)"
12876022435,627033,248563,1,1,1,32,32,1,30,0.000,0.000,,,,,NVIDIA A100-SXM4-40GB MIG 4g.20gb (0),1,,13,"void convert_kernel<float2, __half2>(tensor_layout_any, T1 *, tensor_layout_any, const T2 *)"
12877141719,15679,248575,2253,1,1,128,1,1,16,0.000,0.000,,,,,NVIDIA A100-SXM4-40GB MIG 4g.20gb (0),1,,13,cupy_copy__float16_float16
12877594194,19551,248584,282,1,1,128,1,1,16,0.000,0.000,,,,,NVIDIA A100-SXM4-40GB MIG 4g.20gb (0),1,,13,cupy_copy__complex64_complex64
12877981453,14592,248593,26,1,1,128,1,1,16,0.000,0.000,,,,,NVIDIA A100-SXM4-40GB MIG 4g.20gb (0),1,,13,cupy_copy__float32_float32
12878326025,7584,248602,103,1,1,128,1,1,16,0.000,0.000,,,,,NVIDIA A100-SXM4-40GB MIG 4g.20gb (0),1,,13,cupy_copy__complex64_complex64
12878556199,23007,248612,1434,1,1,128,1,1,16,0.000,0.000,,,,,NVIDIA A100-SXM4-40GB MIG 4g.20gb (0),1,,13,cupy_copy__complex64_complex64
12879007458,239933,248617,1,1,1,32,32,1,30,0.000,0.000,,,,,NVIDIA A100-SXM4-40GB MIG 4g.20gb (0),1,,13,"void convert_kernel<__half2, float2>(tensor_layout_any, T1 *, tensor_layout_any, const T2 *)"
12879279486,5952,248620,,,,,,,,,,0.094,15741.865,Pinned,Device,NVIDIA A100-SXM4-40GB MIG 4g.20gb (0),1,,13,[CUDA memcpy Host-to-Device]
12879502492,629657,248621,,,,,,,,,,456.561,725019.567,Device,,NVIDIA A100-SXM4-40GB MIG 4g.20gb (0),1,,13,[CUDA memset]
12880139637,64415,248626,,,,,,,,,,1.235,19171.271,Pinned,Device,NVIDIA A100-SXM4-40GB MIG 4g.20gb (0),1,,13,[CUDA memcpy Host-to-Device]
12880206516,10048,248627,,,,,,,,,,0.197,19566.821,Pinned,Device,NVIDIA A100-SXM4-40GB MIG 4g.20gb (0),1,,13,[CUDA memcpy Host-to-Device]
12880587536,36639,248628,69,4,1,48,1,1,76,0.002,0.000,,,,,NVIDIA A100-SXM4-40GB MIG 4g.20gb (0),1,,13,"void ch_est::windowedChEstPreNoDftSOfdmKernel<float, __half, float, (unsigned int)2, (unsigned int)1, (unsigned short)4>(ch_est::puschRxChEstStatDescr_t *, ch_est::puschRxChEstDynDescr_t *)"
12881034475,33983,248629,137,2,1,24,2,1,44,0.001,0.001,,,,,NVIDIA A100-SXM4-40GB MIG 4g.20gb (0),1,,13,"void ch_est::chEstFilterNoDftSOfdmDispatchKernel<float, __half, float, (unsigned int)2>(ch_est::puschRxChEstStatDescr_t *, ch_est::puschRxChEstDynDescr_t *)"
12881438214,18976,248630,137,2,1,24,2,1,44,0.001,0.001,,,,,NVIDIA A100-SXM4-40GB MIG 4g.20gb (0),1,,13,"void ch_est::chEstFilterNoDftSOfdmDispatchKernel<float, __half, float, (unsigned int)2>(ch_est::puschRxChEstStatDescr_t *, ch_est::puschRxChEstDynDescr_t *)"
12881791170,6560,248641,103,1,1,128,1,1,16,0.000,0.000,,,,,NVIDIA A100-SXM4-40GB MIG 4g.20gb (0),1,,13,cupy_copy__complex64_complex64
12882013728,21759,248651,1434,1,1,128,1,1,16,0.000,0.000,,,,,NVIDIA A100-SXM4-40GB MIG 4g.20gb (0),1,,13,cupy_copy__complex64_complex64
12882460699,8223,248658,103,1,1,128,1,1,16,0.000,0.000,,,,,NVIDIA A100-SXM4-40GB MIG 4g.20gb (0),1,,13,cupy_copy__complex64_complex64
12883141011,261181,248665,1,1,1,32,32,1,30,0.000,0.000,,,,,NVIDIA A100-SXM4-40GB MIG 4g.20gb (0),1,,13,"void convert_kernel<__half2, float2>(tensor_layout_any, T1 *, tensor_layout_any, const T2 *)"
12883433808,5728,248668,,,,,,,,,,0.094,16357.541,Pinned,Device,NVIDIA A100-SXM4-40GB MIG 4g.20gb (0),1,,13,[CUDA memcpy Host-to-Device]
12884014121,62079,248669,,,,,,,,,,35.810,576826.191,Device,,NVIDIA A100-SXM4-40GB MIG 4g.20gb (0),1,,13,[CUDA memset]
12884076872,3968,248671,,,,,,,,,,0.000,20.161,Pinned,Device,NVIDIA A100-SXM4-40GB MIG 4g.20gb (0),1,,13,[CUDA memcpy Host-to-Device]
12884083624,14400,248672,,,,,,,,,,0.197,13653.246,Pinned,Device,NVIDIA A100-SXM4-40GB MIG 4g.20gb (0),1,,13,[CUDA memcpy Host-to-Device]
12884534947,36256,248673,273,1,1,48,1,1,40,0.000,0.001,,,,,NVIDIA A100-SXM4-40GB MIG 4g.20gb (0),1,,13,"void pusch_noise_intf_est::noiseIntfEstNoDftSOfdmKernel<float, __half, float, float, (unsigned int)2, (unsigned int)1, (unsigned char)4, (unsigned char)4>(pusch_noise_intf_est::puschRxNoiseIntfEstDynDescr)"
12885284667,10944,248684,35,1,1,128,1,1,16,0.000,0.000,,,,,NVIDIA A100-SXM4-40GB MIG 4g.20gb (0),1,,13,cupy_copy__complex64_complex64
12886012114,3712,248693,1,1,1,1,1,1,18,0.000,0.000,,,,,NVIDIA A100-SXM4-40GB MIG 4g.20gb (0),1,,13,cupy_copy__float32_float32
12886019922,2272,248699,,,,,,,,,,0.000,1.761,Device,Pageable,NVIDIA A100-SXM4-40GB MIG 4g.20gb (0),1,,7,[CUDA memcpy Device-to-Host]
12886812361,20768,248710,1434,1,1,128,1,1,16,0.000,0.000,,,,,NVIDIA A100-SXM4-40GB MIG 4g.20gb (0),1,,13,cupy_copy__complex64_complex64
12887553377,4672,248717,103,1,1,128,1,1,16,0.000,0.000,,,,,NVIDIA A100-SXM4-40GB MIG 4g.20gb (0),1,,13,cupy_copy__complex64_complex64
12888037916,8192,248724,35,1,1,128,1,1,16,0.000,0.000,,,,,NVIDIA A100-SXM4-40GB MIG 4g.20gb (0),1,,13,cupy_copy__complex64_complex64
12888727252,4928,248731,1,1,1,1,1,1,18,0.000,0.000,,,,,NVIDIA A100-SXM4-40GB MIG 4g.20gb (0),1,,13,cupy_copy__float32_float32
12889369549,263165,248742,1,1,1,32,32,1,30,0.000,0.000,,,,,NVIDIA A100-SXM4-40GB MIG 4g.20gb (0),1,,13,"void convert_kernel<__half2, float2>(tensor_layout_any, T1 *, tensor_layout_any, const T2 *)"
12889665769,6688,248745,,,,,,,,,,0.094,14009.520,Pinned,Device,NVIDIA A100-SXM4-40GB MIG 4g.20gb (0),1,,13,[CUDA memcpy Host-to-Device]
12890324418,17248,248746,,,,,,,,,,1.547,89668.620,Device,,NVIDIA A100-SXM4-40GB MIG 4g.20gb (0),1,,13,[CUDA memset]
12890344834,3008,248751,,,,,,,,,,0.031,10404.230,Pinned,Device,NVIDIA A100-SXM4-40GB MIG 4g.20gb (0),1,,13,[CUDA memcpy Host-to-Device]
12890350850,17343,248752,,,,,,,,,,0.197,11336.417,Pinned,Device,NVIDIA A100-SXM4-40GB MIG 4g.20gb (0),1,,13,[CUDA memcpy Host-to-Device]
12891089529,24320,248753,273,1,1,8,4,1,39,0.002,0.000,,,,,NVIDIA A100-SXM4-40GB MIG 4g.20gb (0),1,,13,"void channel_eq::eqMmseCoefCompLowMimoKernel<float, float, float, (unsigned int)4, (unsigned int)1, (unsigned int)4>(const channel_eq::_puschRxChEqStatDescr *, channel_eq::_puschRxChEqCoefCompDynDescr)"
12891782353,21472,248754,273,1,1,12,11,1,51,0.002,0.000,,,,,NVIDIA A100-SXM4-40GB MIG 4g.20gb (0),1,,13,"void channel_eq::eqMmseSoftDemapKernel<float, __half, __half, float, (unsigned int)4, (unsigned short)16383>(channel_eq::_puschRxChEqStatDescr *, channel_eq::_puschRxChEqSoftDemapDynDescr)"
12892446442,644185,248755,1,1,1,32,32,1,30,0.000,0.000,,,,,NVIDIA A100-SXM4-40GB MIG 4g.20gb (0),1,,13,"void convert_kernel<float2, __half2>(tensor_layout_any, T1 *, tensor_layout_any, const T2 *)"
12893443103,20351,248767,2253,1,1,128,1,1,16,0.000,0.000,,,,,NVIDIA A100-SXM4-40GB MIG 4g.20gb (0),1,,13,cupy_copy__float16_float16
12893887674,18527,248776,282,1,1,128,1,1,16,0.000,0.000,,,,,NVIDIA A100-SXM4-40GB MIG 4g.20gb (0),1,,13,cupy_copy__complex64_complex64
12894268053,17088,248785,26,1,1,128,1,1,16,0.000,0.000,,,,,NVIDIA A100-SXM4-40GB MIG 4g.20gb (0),1,,13,cupy_copy__float32_float32
12894607857,8800,248794,103,1,1,128,1,1,16,0.000,0.000,,,,,NVIDIA A100-SXM4-40GB MIG 4g.20gb (0),1,,13,cupy_copy__complex64_complex64
12894843471,22816,248804,1434,1,1,128,1,1,16,0.000,0.000,,,,,NVIDIA A100-SXM4-40GB MIG 4g.20gb (0),1,,13,cupy_copy__complex64_complex64
12895290378,216573,248809,1,1,1,32,32,1,30,0.000,0.000,,,,,NVIDIA A100-SXM4-40GB MIG 4g.20gb (0),1,,13,"void convert_kernel<__half2, float2>(tensor_layout_any, T1 *, tensor_layout_any, const T2 *)"
12895539431,5984,248812,,,,,,,,,,0.094,15657.726,Pinned,Device,NVIDIA A100-SXM4-40GB MIG 4g.20gb (0),1,,13,[CUDA memcpy Host-to-Device]
12895798628,630777,248813,,,,,,,,,,456.561,723649.882,Device,,NVIDIA A100-SXM4-40GB MIG 4g.20gb (0),1,,13,[CUDA memset]
12896435165,62303,248818,,,,,,,,,,1.235,19820.851,Pinned,Device,NVIDIA A100-SXM4-40GB MIG 4g.20gb (0),1,,13,[CUDA memcpy Host-to-Device]
12896500252,9472,248819,,,,,,,,,,0.197,20756.693,Pinned,Device,NVIDIA A100-SXM4-40GB MIG 4g.20gb (0),1,,13,[CUDA memcpy Host-to-Device]
12896885432,29663,248820,69,4,1,48,1,1,76,0.002,0.000,,,,,NVIDIA A100-SXM4-40GB MIG 4g.20gb (0),1,,13,"void ch_est::windowedChEstPreNoDftSOfdmKernel<float, __half, float, (unsigned int)2, (unsigned int)1, (unsigned short)4>(ch_est::puschRxChEstStatDescr_t *, ch_est::puschRxChEstDynDescr_t *)"
12897323443,34143,248821,137,2,1,24,2,1,44,0.001,0.001,,,,,NVIDIA A100-SXM4-40GB MIG 4g.20gb (0),1,,13,"void ch_est::chEstFilterNoDftSOfdmDispatchKernel<float, __half, float, (unsigned int)2>(ch_est::puschRxChEstStatDescr_t *, ch_est::puschRxChEstDynDescr_t *)"
12897716942,29920,248822,137,2,1,24,2,1,44,0.001,0.001,,,,,NVIDIA A100-SXM4-40GB MIG 4g.20gb (0),1,,13,"void ch_est::chEstFilterNoDftSOfdmDispatchKernel<float, __half, float, (unsigned int)2>(ch_est::puschRxChEstStatDescr_t *, ch_est::puschRxChEstDynDescr_t *)"
12898059531,6943,248833,103,1,1,128,1,1,16,0.000,0.000,,,,,NVIDIA A100-SXM4-40GB MIG 4g.20gb (0),1,,13,cupy_copy__complex64_complex64
12898613988,17568,248843,1434,1,1,128,1,1,16,0.000,0.000,,,,,NVIDIA A100-SXM4-40GB MIG 4g.20gb (0),1,,13,cupy_copy__complex64_complex64
12899095103,11552,248850,103,1,1,128,1,1,16,0.000,0.000,,,,,NVIDIA A100-SXM4-40GB MIG 4g.20gb (0),1,,13,cupy_copy__complex64_complex64
12899855958,247933,248857,1,1,1,32,32,1,30,0.000,0.000,,,,,NVIDIA A100-SXM4-40GB MIG 4g.20gb (0),1,,13,"void convert_kernel<__half2, float2>(tensor_layout_any, T1 *, tensor_layout_any, const T2 *)"
12900136019,8768,248860,,,,,,,,,,0.094,10686.122,Pinned,Device,NVIDIA A100-SXM4-40GB MIG 4g.20gb (0),1,,13,[CUDA memcpy Host-to-Device]
12900685421,49599,248861,,,,,,,,,,35.810,721963.797,Device,,NVIDIA A100-SXM4-40GB MIG 4g.20gb (0),1,,13,[CUDA memset]
12900737004,4704,248863,,,,,,,,,,0.000,17.007,Pinned,Device,NVIDIA A100-SXM4-40GB MIG 4g.20gb (0),1,,13,[CUDA memcpy Host-to-Device]
12900744428,18208,248864,,,,,,,,,,0.197,10797.711,Pinned,Device,NVIDIA A100-SXM4-40GB MIG 4g.20gb (0),1,,13,[CUDA memcpy Host-to-Device]
12901196551,39200,248865,273,1,1,48,1,1,40,0.000,0.001,,,,,NVIDIA A100-SXM4-40GB MIG 4g.20gb (0),1,,13,"void pusch_noise_intf_est::noiseIntfEstNoDftSOfdmKernel<float, __half, float, float, (unsigned int)2, (unsigned int)1, (unsigned char)4, (unsigned char)4>(pusch_noise_intf_est::puschRxNoiseIntfEstDynDescr)"
12901999934,5184,248876,35,1,1,128,1,1,16,0.000,0.000,,,,,NVIDIA A100-SXM4-40GB MIG 4g.20gb (0),1,,13,cupy_copy__complex64_complex64
12902768213,3520,248885,1,1,1,1,1,1,18,0.000,0.000,,,,,NVIDIA A100-SXM4-40GB MIG 4g.20gb (0),1,,13,cupy_copy__float32_float32
12902773397,4416,248891,,,,,,,,,,0.000,0.906,Device,Pageable,NVIDIA A100-SXM4-40GB MIG 4g.20gb (0),1,,7,[CUDA memcpy Device-to-Host]
12903602412,19744,248902,1434,1,1,128,1,1,16,0.000,0.000,,,,,NVIDIA A100-SXM4-40GB MIG 4g.20gb (0),1,,13,cupy_copy__complex64_complex64
12904374819,4800,248909,103,1,1,128,1,1,16,0.000,0.000,,,,,NVIDIA A100-SXM4-40GB MIG 4g.20gb (0),1,,13,cupy_copy__complex64_complex64
12904847198,8160,248916,35,1,1,128,1,1,16,0.000,0.000,,,,,NVIDIA A100-SXM4-40GB MIG 4g.20gb (0),1,,13,cupy_copy__complex64_complex64
12905560982,4800,248923,1,1,1,1,1,1,18,0.000,0.000,,,,,NVIDIA A100-SXM4-40GB MIG 4g.20gb (0),1,,13,cupy_copy__float32_float32
12906225614,251838,248934,1,1,1,32,32,1,30,0.000,0.000,,,,,NVIDIA A100-SXM4-40GB MIG 4g.20gb (0),1,,13,"void convert_kernel<__half2, float2>(tensor_layout_any, T1 *, tensor_layout_any, const T2 *)"
12906508747,7520,248937,,,,,,,,,,0.094,12459.507,Pinned,Device,NVIDIA A100-SXM4-40GB MIG 4g.20gb (0),1,,13,[CUDA memcpy Host-to-Device]
12907211011,16704,248938,,,,,,,,,,1.547,92588.646,Device,,NVIDIA A100-SXM4-40GB MIG 4g.20gb (0),1,,13,[CUDA memset]
12907238595,8064,248943,,,,,,,,,,0.031,3880.923,Pinned,Device,NVIDIA A100-SXM4-40GB MIG 4g.20gb (0),1,,13,[CUDA memcpy Host-to-Device]
12907249539,18432,248944,,,,,,,,,,0.197,10666.574,Pinned,Device,NVIDIA A100-SXM4-40GB MIG 4g.20gb (0),1,,13,[CUDA memcpy Host-to-Device]
12908004410,19552,248945,273,1,1,8,4,1,39,0.002,0.000,,,,,NVIDIA A100-SXM4-40GB MIG 4g.20gb (0),1,,13,"void channel_eq::eqMmseCoefCompLowMimoKernel<float, float, float, (unsigned int)4, (unsigned int)1, (unsigned int)4>(const channel_eq::_puschRxChEqStatDescr *, channel_eq::_puschRxChEqCoefCompDynDescr)"
12908723090,22112,248946,273,1,1,12,11,1,51,0.002,0.000,,,,,NVIDIA A100-SXM4-40GB MIG 4g.20gb (0),1,,13,"void channel_eq::eqMmseSoftDemapKernel<float, __half, __half, float, (unsigned int)4, (unsigned short)16383>(channel_eq::_puschRxChEqStatDescr *, channel_eq::_puschRxChEqSoftDemapDynDescr)"
12909409514,671833,248947,1,1,1,32,32,1,30,0.000,0.000,,,,,NVIDIA A100-SXM4-40GB MIG 4g.20gb (0),1,,13,"void convert_kernel<float2, __half2>(tensor_layout_any, T1 *, tensor_layout_any, const T2 *)"
12910451327,19583,248959,2253,1,1,128,1,1,16,0.000,0.000,,,,,NVIDIA A100-SXM4-40GB MIG 4g.20gb (0),1,,13,cupy_copy__float16_float16
12910809211,6752,248968,282,1,1,128,1,1,16,0.000,0.000,,,,,NVIDIA A100-SXM4-40GB MIG 4g.20gb (0),1,,13,cupy_copy__complex64_complex64
12911030968,6208,248977,26,1,1,128,1,1,16,0.000,0.000,,,,,NVIDIA A100-SXM4-40GB MIG 4g.20gb (0),1,,13,cupy_copy__float32_float32
12911472851,20352,248986,103,1,1,128,1,1,16,0.000,0.000,,,,,NVIDIA A100-SXM4-40GB MIG 4g.20gb (0),1,,13,cupy_copy__complex64_complex64
12911884910,18880,248996,1434,1,1,128,1,1,16,0.000,0.000,,,,,NVIDIA A100-SXM4-40GB MIG 4g.20gb (0),1,,13,cupy_copy__complex64_complex64
12912242058,277053,249001,1,1,1,32,32,1,30,0.000,0.000,,,,,NVIDIA A100-SXM4-40GB MIG 4g.20gb (0),1,,13,"void convert_kernel<__half2, float2>(tensor_layout_any, T1 *, tensor_layout_any, const T2 *)"
12912552423,6144,249004,,,,,,,,,,0.094,15249.961,Pinned,Device,NVIDIA A100-SXM4-40GB MIG 4g.20gb (0),1,,13,[CUDA memcpy Host-to-Device]
12912930371,635865,249005,,,,,,,,,,456.561,717714.584,Device,,NVIDIA A100-SXM4-40GB MIG 4g.20gb (0),1,,13,[CUDA memset]
12913571387,63904,249010,,,,,,,,,,1.235,19324.404,Pinned,Device,NVIDIA A100-SXM4-40GB MIG 4g.20gb (0),1,,13,[CUDA memcpy Host-to-Device]
12913637787,9728,249011,,,,,,,,,,0.197,20210.516,Pinned,Device,NVIDIA A100-SXM4-40GB MIG 4g.20gb (0),1,,13,[CUDA memcpy Host-to-Device]
12914023798,32672,249012,69,4,1,48,1,1,76,0.002,0.000,,,,,NVIDIA A100-SXM4-40GB MIG 4g.20gb (0),1,,13,"void ch_est::windowedChEstPreNoDftSOfdmKernel<float, __half, float, (unsigned int)2, (unsigned int)1, (unsigned short)4>(ch_est::puschRxChEstStatDescr_t *, ch_est::puschRxChEstDynDescr_t *)"
12914468593,33120,249013,137,2,1,24,2,1,44,0.001,0.001,,,,,NVIDIA A100-SXM4-40GB MIG 4g.20gb (0),1,,13,"void ch_est::chEstFilterNoDftSOfdmDispatchKernel<float, __half, float, (unsigned int)2>(ch_est::puschRxChEstStatDescr_t *, ch_est::puschRxChEstDynDescr_t *)"
12914863789,29568,249014,137,2,1,24,2,1,44,0.001,0.001,,,,,NVIDIA A100-SXM4-40GB MIG 4g.20gb (0),1,,13,"void ch_est::chEstFilterNoDftSOfdmDispatchKernel<float, __half, float, (unsigned int)2>(ch_est::puschRxChEstStatDescr_t *, ch_est::puschRxChEstDynDescr_t *)"
12915365703,6784,249025,103,1,1,128,1,1,16,0.000,0.000,,,,,NVIDIA A100-SXM4-40GB MIG 4g.20gb (0),1,,13,cupy_copy__complex64_complex64
12915610852,22816,249035,1434,1,1,128,1,1,16,0.000,0.000,,,,,NVIDIA A100-SXM4-40GB MIG 4g.20gb (0),1,,13,cupy_copy__complex64_complex64
12916232893,13312,249042,103,1,1,128,1,1,16,0.000,0.000,,,,,NVIDIA A100-SXM4-40GB MIG 4g.20gb (0),1,,13,cupy_copy__complex64_complex64
12916704376,252861,249049,1,1,1,32,32,1,30,0.000,0.000,,,,,NVIDIA A100-SXM4-40GB MIG 4g.20gb (0),1,,13,"void convert_kernel<__half2, float2>(tensor_layout_any, T1 *, tensor_layout_any, const T2 *)"
12916989717,5632,249052,,,,,,,,,,0.094,16636.287,Pinned,Device,NVIDIA A100-SXM4-40GB MIG 4g.20gb (0),1,,13,[CUDA memcpy Host-to-Device]
12917363729,63327,249053,,,,,,,,,,35.810,565474.447,Device,,NVIDIA A100-SXM4-40GB MIG 4g.20gb (0),1,,13,[CUDA memset]
12917432816,3808,249055,,,,,,,,,,0.000,21.008,Pinned,Device,NVIDIA A100-SXM4-40GB MIG 4g.20gb (0),1,,13,[CUDA memcpy Host-to-Device]
12917442704,16832,249056,,,,,,,,,,0.197,11680.481,Pinned,Device,NVIDIA A100-SXM4-40GB MIG 4g.20gb (0),1,,13,[CUDA memcpy Host-to-Device]
12918067657,16512,249057,273,1,1,48,1,1,40,0.000,0.001,,,,,NVIDIA A100-SXM4-40GB MIG 4g.20gb (0),1,,13,"void pusch_noise_intf_est::noiseIntfEstNoDftSOfdmKernel<float, __half, float, float, (unsigned int)2, (unsigned int)1, (unsigned char)4, (unsigned char)4>(pusch_noise_intf_est::puschRxNoiseIntfEstDynDescr)"
12918674882,13184,249068,35,1,1,128,1,1,16,0.000,0.000,,,,,NVIDIA A100-SXM4-40GB MIG 4g.20gb (0),1,,13,cupy_copy__complex64_complex64
12919147165,5279,249077,1,1,1,1,1,1,18,0.000,0.000,,,,,NVIDIA A100-SXM4-40GB MIG 4g.20gb (0),1,,13,cupy_copy__float32_float32
12919157212,2656,249083,,,,,,,,,,0.000,1.506,Device,Pageable,NVIDIA A100-SXM4-40GB MIG 4g.20gb (0),1,,7,[CUDA memcpy Device-to-Host]
12919787157,23360,249094,1434,1,1,128,1,1,16,0.000,0.000,,,,,NVIDIA A100-SXM4-40GB MIG 4g.20gb (0),1,,13,cupy_copy__complex64_complex64
12920357391,10848,249101,103,1,1,128,1,1,16,0.000,0.000,,,,,NVIDIA A100-SXM4-40GB MIG 4g.20gb (0),1,,13,cupy_copy__complex64_complex64
12920871497,5472,249108,35,1,1,128,1,1,16,0.000,0.000,,,,,NVIDIA A100-SXM4-40GB MIG 4g.20gb (0),1,,13,cupy_copy__complex64_complex64
12921265029,3712,249115,1,1,1,1,1,1,18,0.000,0.000,,,,,NVIDIA A100-SXM4-40GB MIG 4g.20gb (0),1,,13,cupy_copy__float32_float32
12921876446,248797,249126,1,1,1,32,32,1,30,0.000,0.000,,,,,NVIDIA A100-SXM4-40GB MIG 4g.20gb (0),1,,13,"void convert_kernel<__half2, float2>(tensor_layout_any, T1 *, tensor_layout_any, const T2 *)"
12922157755,6623,249129,,,,,,,,,,0.094,14146.972,Pinned,Device,NVIDIA A100-SXM4-40GB MIG 4g.20gb (0),1,,13,[CUDA memcpy Host-to-Device]
12922550646,7232,249130,,,,,,,,,,1.547,213857.887,Device,,NVIDIA A100-SXM4-40GB MIG 4g.20gb (0),1,,13,[CUDA memset]
12922566070,4704,249135,,,,,,,,,,0.031,6653.060,Pinned,Device,NVIDIA A100-SXM4-40GB MIG 4g.20gb (0),1,,13,[CUDA memcpy Host-to-Device]
12922575510,17248,249136,,,,,,,,,,0.197,11398.742,Pinned,Device,NVIDIA A100-SXM4-40GB MIG 4g.20gb (0),1,,13,[CUDA memcpy Host-to-Device]
12923189583,12160,249137,273,1,1,8,4,1,39,0.002,0.000,,,,,NVIDIA A100-SXM4-40GB MIG 4g.20gb (0),1,,13,"void channel_eq::eqMmseCoefCompLowMimoKernel<float, float, float, (unsigned int)4, (unsigned int)1, (unsigned int)4>(const channel_eq::_puschRxChEqStatDescr *, channel_eq::_puschRxChEqCoefCompDynDescr)"
12923800744,15616,249138,273,1,1,12,11,1,51,0.002,0.000,,,,,NVIDIA A100-SXM4-40GB MIG 4g.20gb (0),1,,13,"void channel_eq::eqMmseSoftDemapKernel<float, __half, __half, float, (unsigned int)4, (unsigned short)16383>(channel_eq::_puschRxChEqStatDescr *, channel_eq::_puschRxChEqSoftDemapDynDescr)"
12924278723,651544,249139,1,1,1,32,32,1,30,0.000,0.000,,,,,NVIDIA A100-SXM4-40GB MIG 4g.20gb (0),1,,13,"void convert_kernel<float2, __half2>(tensor_layout_any, T1 *, tensor_layout_any, const T2 *)"
12925233976,21056,249151,2253,1,1,128,1,1,16,0.000,0.000,,,,,NVIDIA A100-SXM4-40GB MIG 4g.20gb (0),1,,13,cupy_copy__float16_float16
12925682547,18496,249160,282,1,1,128,1,1,16,0.000,0.000,,,,,NVIDIA A100-SXM4-40GB MIG 4g.20gb (0),1,,13,cupy_copy__complex64_complex64
12926072174,10912,249169,26,1,1,128,1,1,16,0.000,0.000,,,,,NVIDIA A100-SXM4-40GB MIG 4g.20gb (0),1,,13,cupy_copy__float32_float32
12926412939,8191,249178,103,1,1,128,1,1,16,0.000,0.000,,,,,NVIDIA A100-SXM4-40GB MIG 4g.20gb (0),1,,13,cupy_copy__complex64_complex64
12926640552,21664,249188,1434,1,1,128,1,1,16,0.000,0.000,,,,,NVIDIA A100-SXM4-40GB MIG 4g.20gb (0),1,,13,cupy_copy__complex64_complex64
12927103523,215069,249193,1,1,1,32,32,1,30,0.000,0.000,,,,,NVIDIA A100-SXM4-40GB MIG 4g.20gb (0),1,,13,"void convert_kernel<__half2, float2>(tensor_layout_any, T1 *, tensor_layout_any, const T2 *)"
12927349632,5952,249196,,,,,,,,,,0.094,15741.865,Pinned,Device,NVIDIA A100-SXM4-40GB MIG 4g.20gb (0),1,,13,[CUDA memcpy Host-to-Device]
12927606813,636729,249197,,,,,,,,,,456.561,716801.461,Device,,NVIDIA A100-SXM4-40GB MIG 4g.20gb (0),1,,13,[CUDA memset]
12928244342,66431,249202,,,,,,,,,,1.235,18589.612,Pinned,Device,NVIDIA A100-SXM4-40GB MIG 4g.20gb (0),1,,13,[CUDA memcpy Host-to-Device]
12928313557,10272,249203,,,,,,,,,,0.197,19140.182,Pinned,Device,NVIDIA A100-SXM4-40GB MIG 4g.20gb (0),1,,13,[CUDA memcpy Host-to-Device]
12928705553,31487,249204,69,4,1,48,1,1,76,0.002,0.000,,,,,NVIDIA A100-SXM4-40GB MIG 4g.20gb (0),1,,13,"void ch_est::windowedChEstPreNoDftSOfdmKernel<float, __half, float, (unsigned int)2, (unsigned int)1, (unsigned short)4>(ch_est::puschRxChEstStatDescr_t *, ch_est::puschRxChEstDynDescr_t *)"
12929161515,33856,249205,137,2,1,24,2,1,44,0.001,0.001,,,,,NVIDIA A100-SXM4-40GB MIG 4g.20gb (0),1,,13,"void ch_est::chEstFilterNoDftSOfdmDispatchKernel<float, __half, float, (unsigned int)2>(ch_est::puschRxChEstStatDescr_t *, ch_est::puschRxChEstDynDescr_t *)"
12929563815,22144,249206,137,2,1,24,2,1,44,0.001,0.001,,,,,NVIDIA A100-SXM4-40GB MIG 4g.20gb (0),1,,13,"void ch_est::chEstFilterNoDftSOfdmDispatchKernel<float, __half, float, (unsigned int)2>(ch_est::puschRxChEstStatDescr_t *, ch_est::puschRxChEstDynDescr_t *)"
12930092481,7104,249217,103,1,1,128,1,1,16,0.000,0.000,,,,,NVIDIA A100-SXM4-40GB MIG 4g.20gb (0),1,,13,cupy_copy__complex64_complex64
12930318750,22400,249227,1434,1,1,128,1,1,16,0.000,0.000,,,,,NVIDIA A100-SXM4-40GB MIG 4g.20gb (0),1,,13,cupy_copy__complex64_complex64
12930957463,17888,249234,103,1,1,128,1,1,16,0.000,0.000,,,,,NVIDIA A100-SXM4-40GB MIG 4g.20gb (0),1,,13,cupy_copy__complex64_complex64
12931344787,314556,249241,1,1,1,32,32,1,30,0.000,0.000,,,,,NVIDIA A100-SXM4-40GB MIG 4g.20gb (0),1,,13,"void convert_kernel<__half2, float2>(tensor_layout_any, T1 *, tensor_layout_any, const T2 *)"
12931689519,15616,249244,,,,,,,,,,0.094,5999.917,Pinned,Device,NVIDIA A100-SXM4-40GB MIG 4g.20gb (0),1,,13,[CUDA memcpy Host-to-Device]
12932112746,65919,249245,,,,,,,,,,35.810,543236.486,Device,,NVIDIA A100-SXM4-40GB MIG 4g.20gb (0),1,,13,[CUDA memset]
12932184425,10432,249247,,,,,,,,,,0.000,7.669,Pinned,Device,NVIDIA A100-SXM4-40GB MIG 4g.20gb (0),1,,13,[CUDA memcpy Host-to-Device]
12932199465,11968,249248,,,,,,,,,,0.197,16427.778,Pinned,Device,NVIDIA A100-SXM4-40GB MIG 4g.20gb (0),1,,13,[CUDA memcpy Host-to-Device]
12932833410,37376,249249,273,1,1,48,1,1,40,0.000,0.001,,,,,NVIDIA A100-SXM4-40GB MIG 4g.20gb (0),1,,13,"void pusch_noise_intf_est::noiseIntfEstNoDftSOfdmKernel<float, __half, float, float, (unsigned int)2, (unsigned int)1, (unsigned char)4, (unsigned char)4>(pusch_noise_intf_est::puschRxNoiseIntfEstDynDescr)"
12933494683,9503,249260,35,1,1,128,1,1,16,0.000,0.000,,,,,NVIDIA A100-SXM4-40GB MIG 4g.20gb (0),1,,13,cupy_copy__complex64_complex64
12934123347,5280,249269,1,1,1,1,1,1,18,0.000,0.000,,,,,NVIDIA A100-SXM4-40GB MIG 4g.20gb (0),1,,13,cupy_copy__float32_float32
12934134099,1856,249275,,,,,,,,,,0.000,2.155,Device,Pageable,NVIDIA A100-SXM4-40GB MIG 4g.20gb (0),1,,7,[CUDA memcpy Device-to-Host]
12934815724,23743,249286,1434,1,1,128,1,1,16,0.000,0.000,,,,,NVIDIA A100-SXM4-40GB MIG 4g.20gb (0),1,,13,cupy_copy__complex64_complex64
12935458052,16672,249293,103,1,1,128,1,1,16,0.000,0.000,,,,,NVIDIA A100-SXM4-40GB MIG 4g.20gb (0),1,,13,cupy_copy__complex64_complex64
12936043454,7680,249300,35,1,1,128,1,1,16,0.000,0.000,,,,,NVIDIA A100-SXM4-40GB MIG 4g.20gb (0),1,,13,cupy_copy__complex64_complex64
12936514393,3775,249307,1,1,1,1,1,1,18,0.000,0.000,,,,,NVIDIA A100-SXM4-40GB MIG 4g.20gb (0),1,,13,cupy_copy__float32_float32
12937050258,293085,249318,1,1,1,32,32,1,30,0.000,0.000,,,,,NVIDIA A100-SXM4-40GB MIG 4g.20gb (0),1,,13,"void convert_kernel<__half2, float2>(tensor_layout_any, T1 *, tensor_layout_any, const T2 *)"
12937377007,5408,249321,,,,,,,,,,0.094,17325.421,Pinned,Device,NVIDIA A100-SXM4-40GB MIG 4g.20gb (0),1,,13,[CUDA memcpy Host-to-Device]
12938030215,10048,249322,,,,,,,,,,1.547,153923.114,Device,,NVIDIA A100-SXM4-40GB MIG 4g.20gb (0),1,,13,[CUDA memset]
12938046311,3360,249327,,,,,,,,,,0.031,9314.284,Pinned,Device,NVIDIA A100-SXM4-40GB MIG 4g.20gb (0),1,,13,[CUDA memcpy Host-to-Device]
12938056327,10176,249328,,,,,,,,,,0.197,19320.668,Pinned,Device,NVIDIA A100-SXM4-40GB MIG 4g.20gb (0),1,,13,[CUDA memcpy Host-to-Device]
12938698656,19808,249329,273,1,1,8,4,1,39,0.002,0.000,,,,,NVIDIA A100-SXM4-40GB MIG 4g.20gb (0),1,,13,"void channel_eq::eqMmseCoefCompLowMimoKernel<float, float, float, (unsigned int)4, (unsigned int)1, (unsigned int)4>(const channel_eq::_puschRxChEqStatDescr *, channel_eq::_puschRxChEqCoefCompDynDescr)"
12939179098,20640,249330,273,1,1,12,11,1,51,0.002,0.000,,,,,NVIDIA A100-SXM4-40GB MIG 4g.20gb (0),1,,13,"void channel_eq::eqMmseSoftDemapKernel<float, __half, __half, float, (unsigned int)4, (unsigned short)16383>(channel_eq::_puschRxChEqStatDescr *, channel_eq::_puschRxChEqSoftDemapDynDescr)"
12939533206,665657,249331,1,1,1,32,32,1,30,0.000,0.000,,,,,NVIDIA A100-SXM4-40GB MIG 4g.20gb (0),1,,13,"void convert_kernel<float2, __half2>(tensor_layout_any, T1 *, tensor_layout_any, const T2 *)"
12940577291,19839,249343,2253,1,1,128,1,1,16,0.000,0.000,,,,,NVIDIA A100-SXM4-40GB MIG 4g.20gb (0),1,,13,cupy_copy__float16_float16
12940937735,7711,249352,282,1,1,128,1,1,16,0.000,0.000,,,,,NVIDIA A100-SXM4-40GB MIG 4g.20gb (0),1,,13,cupy_copy__complex64_complex64
12941164964,6432,249361,26,1,1,128,1,1,16,0.000,0.000,,,,,NVIDIA A100-SXM4-40GB MIG 4g.20gb (0),1,,13,cupy_copy__float32_float32
12941601791,18688,249370,103,1,1,128,1,1,16,0.000,0.000,,,,,NVIDIA A100-SXM4-40GB MIG 4g.20gb (0),1,,13,cupy_copy__complex64_complex64
12942004059,19935,249380,1434,1,1,128,1,1,16,0.000,0.000,,,,,NVIDIA A100-SXM4-40GB MIG 4g.20gb (0),1,,13,cupy_copy__complex64_complex64
12942359031,272380,249385,1,1,1,32,32,1,30,0.000,0.000,,,,,NVIDIA A100-SXM4-40GB MIG 4g.20gb (0),1,,13,"void convert_kernel<__half2, float2>(tensor_layout_any, T1 *, tensor_layout_any, const T2 *)"
12942662547,5728,249388,,,,,,,,,,0.094,16357.541,Pinned,Device,NVIDIA A100-SXM4-40GB MIG 4g.20gb (0),1,,13,[CUDA memcpy Host-to-Device]
12943053071,636985,249389,,,,,,,,,,456.561,716344.899,Device,,NVIDIA A100-SXM4-40GB MIG 4g.20gb (0),1,,13,[CUDA memset]
12943692711,64960,249394,,,,,,,,,,1.235,19010.728,Pinned,Device,NVIDIA A100-SXM4-40GB MIG 4g.20gb (0),1,,13,[CUDA memcpy Host-to-Device]
12943760167,9504,249395,,,,,,,,,,0.197,20686.701,Pinned,Device,NVIDIA A100-SXM4-40GB MIG 4g.20gb (0),1,,13,[CUDA memcpy Host-to-Device]
12944145506,30752,249396,69,4,1,48,1,1,76,0.002,0.000,,,,,NVIDIA A100-SXM4-40GB MIG 4g.20gb (0),1,,13,"void ch_est::windowedChEstPreNoDftSOfdmKernel<float, __half, float, (unsigned int)2, (unsigned int)1, (unsigned short)4>(ch_est::puschRxChEstStatDescr_t *, ch_est::puschRxChEstDynDescr_t *)"
12944597405,33536,249397,137,2,1,24,2,1,44,0.001,0.001,,,,,NVIDIA A100-SXM4-40GB MIG 4g.20gb (0),1,,13,"void ch_est::chEstFilterNoDftSOfdmDispatchKernel<float, __half, float, (unsigned int)2>(ch_est::puschRxChEstStatDescr_t *, ch_est::puschRxChEstDynDescr_t *)"
12945006041,17823,249398,137,2,1,24,2,1,44,0.001,0.001,,,,,NVIDIA A100-SXM4-40GB MIG 4g.20gb (0),1,,13,"void ch_est::chEstFilterNoDftSOfdmDispatchKernel<float, __half, float, (unsigned int)2>(ch_est::puschRxChEstStatDescr_t *, ch_est::puschRxChEstDynDescr_t *)"
12945527443,6912,249409,103,1,1,128,1,1,16,0.000,0.000,,,,,NVIDIA A100-SXM4-40GB MIG 4g.20gb (0),1,,13,cupy_copy__complex64_complex64
12945757232,23136,249419,1434,1,1,128,1,1,16,0.000,0.000,,,,,NVIDIA A100-SXM4-40GB MIG 4g.20gb (0),1,,13,cupy_copy__complex64_complex64
12946383977,7520,249426,103,1,1,128,1,1,16,0.000,0.000,,,,,NVIDIA A100-SXM4-40GB MIG 4g.20gb (0),1,,13,cupy_copy__complex64_complex64
12946858052,290972,249433,1,1,1,32,32,1,30,0.000,0.000,,,,,NVIDIA A100-SXM4-40GB MIG 4g.20gb (0),1,,13,"void convert_kernel<__half2, float2>(tensor_layout_any, T1 *, tensor_layout_any, const T2 *)"
12947178304,5472,249436,,,,,,,,,,0.094,17122.757,Pinned,Device,NVIDIA A100-SXM4-40GB MIG 4g.20gb (0),1,,13,[CUDA memcpy Host-to-Device]
12947527932,63679,249437,,,,,,,,,,35.810,562323.174,Device,,NVIDIA A100-SXM4-40GB MIG 4g.20gb (0),1,,13,[CUDA memset]
12947596155,2784,249439,,,,,,,,,,0.000,28.736,Pinned,Device,NVIDIA A100-SXM4-40GB MIG 4g.20gb (0),1,,13,[CUDA memcpy Host-to-Device]
12947606363,21568,249440,,,,,,,,,,0.197,9115.533,Pinned,Device,NVIDIA A100-SXM4-40GB MIG 4g.20gb (0),1,,13,[CUDA memcpy Host-to-Device]
12948217620,20448,249441,273,1,1,48,1,1,40,0.000,0.001,,,,,NVIDIA A100-SXM4-40GB MIG 4g.20gb (0),1,,13,"void pusch_noise_intf_est::noiseIntfEstNoDftSOfdmKernel<float, __half, float, float, (unsigned int)2, (unsigned int)1, (unsigned char)4, (unsigned char)4>(pusch_noise_intf_est::puschRxNoiseIntfEstDynDescr)"
12948825230,9599,249452,35,1,1,128,1,1,16,0.000,0.000,,,,,NVIDIA A100-SXM4-40GB MIG 4g.20gb (0),1,,13,cupy_copy__complex64_complex64
12949294088,5536,249461,1,1,1,1,1,1,18,0.000,0.000,,,,,NVIDIA A100-SXM4-40GB MIG 4g.20gb (0),1,,13,cupy_copy__float32_float32
12949305480,2176,249467,,,,,,,,,,0.000,1.838,Device,Pageable,NVIDIA A100-SXM4-40GB MIG 4g.20gb (0),1,,7,[CUDA memcpy Device-to-Host]
12949936353,23520,249478,1434,1,1,128,1,1,16,0.000,0.000,,,,,NVIDIA A100-SXM4-40GB MIG 4g.20gb (0),1,,13,cupy_copy__complex64_complex64
12950506523,14687,249485,103,1,1,128,1,1,16,0.000,0.000,,,,,NVIDIA A100-SXM4-40GB MIG 4g.20gb (0),1,,13,cupy_copy__complex64_complex64
12951023509,6784,249492,35,1,1,128,1,1,16,0.000,0.000,,,,,NVIDIA A100-SXM4-40GB MIG 4g.20gb (0),1,,13,cupy_copy__complex64_complex64
12951437136,4064,249499,1,1,1,1,1,1,18,0.000,0.000,,,,,NVIDIA A100-SXM4-40GB MIG 4g.20gb (0),1,,13,cupy_copy__float32_float32
12952072457,240989,249510,1,1,1,32,32,1,30,0.000,0.000,,,,,NVIDIA A100-SXM4-40GB MIG 4g.20gb (0),1,,13,"void convert_kernel<__half2, float2>(tensor_layout_any, T1 *, tensor_layout_any, const T2 *)"
12952347270,5696,249513,,,,,,,,,,0.094,16449.363,Pinned,Device,NVIDIA A100-SXM4-40GB MIG 4g.20gb (0),1,,13,[CUDA memcpy Host-to-Device]
12952752577,6112,249514,,,,,,,,,,1.547,253046.246,Device,,NVIDIA A100-SXM4-40GB MIG 4g.20gb (0),1,,13,[CUDA memset]
12952766241,7104,249519,,,,,,,,,,0.031,4405.381,Pinned,Device,NVIDIA A100-SXM4-40GB MIG 4g.20gb (0),1,,13,[CUDA memcpy Host-to-Device]
12952776065,13664,249520,,,,,,,,,,0.197,14388.756,Pinned,Device,NVIDIA A100-SXM4-40GB MIG 4g.20gb (0),1,,13,[CUDA memcpy Host-to-Device]
12953402938,11840,249521,273,1,1,8,4,1,39,0.002,0.000,,,,,NVIDIA A100-SXM4-40GB MIG 4g.20gb (0),1,,13,"void channel_eq::eqMmseCoefCompLowMimoKernel<float, float, float, (unsigned int)4, (unsigned int)1, (unsigned int)4>(const channel_eq::_puschRxChEqStatDescr *, channel_eq::_puschRxChEqCoefCompDynDescr)"
12954016019,27968,249522,273,1,1,12,11,1,51,0.002,0.000,,,,,NVIDIA A100-SXM4-40GB MIG 4g.20gb (0),1,,13,"void channel_eq::eqMmseSoftDemapKernel<float, __half, __half, float, (unsigned int)4, (unsigned short)16383>(channel_eq::_puschRxChEqStatDescr *, channel_eq::_puschRxChEqSoftDemapDynDescr)"
12954509677,655513,249523,1,1,1,32,32,1,30,0.000,0.000,,,,,NVIDIA A100-SXM4-40GB MIG 4g.20gb (0),1,,13,"void convert_kernel<float2, __half2>(tensor_layout_any, T1 *, tensor_layout_any, const T2 *)"
12955458851,21439,249535,2253,1,1,128,1,1,16,0.000,0.000,,,,,NVIDIA A100-SXM4-40GB MIG 4g.20gb (0),1,,13,cupy_copy__float16_float16
12955908894,18207,249544,282,1,1,128,1,1,16,0.000,0.000,,,,,NVIDIA A100-SXM4-40GB MIG 4g.20gb (0),1,,13,cupy_copy__complex64_complex64
12956300793,11040,249553,26,1,1,128,1,1,16,0.000,0.000,,,,,NVIDIA A100-SXM4-40GB MIG 4g.20gb (0),1,,13,cupy_copy__float32_float32
12956638773,8512,249562,103,1,1,128,1,1,16,0.000,0.000,,,,,NVIDIA A100-SXM4-40GB MIG 4g.20gb (0),1,,13,cupy_copy__complex64_complex64
12956884563,21759,249572,1434,1,1,128,1,1,16,0.000,0.000,,,,,NVIDIA A100-SXM4-40GB MIG 4g.20gb (0),1,,13,cupy_copy__complex64_complex64
12957335502,244093,249577,1,1,1,32,32,1,30,0.000,0.000,,,,,NVIDIA A100-SXM4-40GB MIG 4g.20gb (0),1,,13,"void convert_kernel<__half2, float2>(tensor_layout_any, T1 *, tensor_layout_any, const T2 *)"
12957610986,10400,249580,,,,,,,,,,0.094,9009.151,Pinned,Device,NVIDIA A100-SXM4-40GB MIG 4g.20gb (0),1,,13,[CUDA memcpy Host-to-Device]
12957829064,630745,249581,,,,,,,,,,456.561,723649.882,Device,,NVIDIA A100-SXM4-40GB MIG 4g.20gb (0),1,,13,[CUDA memset]
12958463905,74815,249586,,,,,,,,,,1.235,16506.262,Pinned,Device,NVIDIA A100-SXM4-40GB MIG 4g.20gb (0),1,,13,[CUDA memcpy Host-to-Device]
12958541312,9760,249587,,,,,,,,,,0.197,20144.259,Pinned,Device,NVIDIA A100-SXM4-40GB MIG 4g.20gb (0),1,,13,[CUDA memcpy Host-to-Device]
12958923388,33663,249588,69,4,1,48,1,1,76,0.002,0.000,,,,,NVIDIA A100-SXM4-40GB MIG 4g.20gb (0),1,,13,"void ch_est::windowedChEstPreNoDftSOfdmKernel<float, __half, float, (unsigned int)2, (unsigned int)1, (unsigned short)4>(ch_est::puschRxChEstStatDescr_t *, ch_est::puschRxChEstDynDescr_t *)"
12959367447,29311,249589,137,2,1,24,2,1,44,0.001,0.001,,,,,NVIDIA A100-SXM4-40GB MIG 4g.20gb (0),1,,13,"void ch_est::chEstFilterNoDftSOfdmDispatchKernel<float, __half, float, (unsigned int)2>(ch_est::puschRxChEstStatDescr_t *, ch_est::puschRxChEstDynDescr_t *)"
12959764818,24512,249590,137,2,1,24,2,1,44,0.001,0.001,,,,,NVIDIA A100-SXM4-40GB MIG 4g.20gb (0),1,,13,"void ch_est::chEstFilterNoDftSOfdmDispatchKernel<float, __half, float, (unsigned int)2>(ch_est::puschRxChEstStatDescr_t *, ch_est::puschRxChEstDynDescr_t *)"
12960287596,6496,249601,103,1,1,128,1,1,16,0.000,0.000,,,,,NVIDIA A100-SXM4-40GB MIG 4g.20gb (0),1,,13,cupy_copy__complex64_complex64
12960532489,21664,249611,1434,1,1,128,1,1,16,0.000,0.000,,,,,NVIDIA A100-SXM4-40GB MIG 4g.20gb (0),1,,13,cupy_copy__complex64_complex64
12961165058,9984,249618,103,1,1,128,1,1,16,0.000,0.000,,,,,NVIDIA A100-SXM4-40GB MIG 4g.20gb (0),1,,13,cupy_copy__complex64_complex64
12961630109,292637,249625,1,1,1,32,32,1,30,0.000,0.000,,,,,NVIDIA A100-SXM4-40GB MIG 4g.20gb (0),1,,13,"void convert_kernel<__half2, float2>(tensor_layout_any, T1 *, tensor_layout_any, const T2 *)"
12961953945,5504,249628,,,,,,,,,,0.094,17023.251,Pinned,Device,NVIDIA A100-SXM4-40GB MIG 4g.20gb (0),1,,13,[CUDA memcpy Host-to-Device]
12962305621,65600,249629,,,,,,,,,,35.810,545850.611,Device,,NVIDIA A100-SXM4-40GB MIG 4g.20gb (0),1,,13,[CUDA memset]
12962376501,8416,249631,,,,,,,,,,0.000,9.506,Pinned,Device,NVIDIA A100-SXM4-40GB MIG 4g.20gb (0),1,,13,[CUDA memcpy Host-to-Device]
12962390836,15424,249632,,,,,,,,,,0.197,12746.883,Pinned,Device,NVIDIA A100-SXM4-40GB MIG 4g.20gb (0),1,,13,[CUDA memcpy Host-to-Device]
12963020781,39072,249633,273,1,1,48,1,1,40,0.000,0.001,,,,,NVIDIA A100-SXM4-40GB MIG 4g.20gb (0),1,,13,"void pusch_noise_intf_est::noiseIntfEstNoDftSOfdmKernel<float, __half, float, float, (unsigned int)2, (unsigned int)1, (unsigned char)4, (unsigned char)4>(pusch_noise_intf_est::puschRxNoiseIntfEstDynDescr)"
12963682342,10784,249644,35,1,1,128,1,1,16,0.000,0.000,,,,,NVIDIA A100-SXM4-40GB MIG 4g.20gb (0),1,,13,cupy_copy__complex64_complex64
12964317119,4544,249653,1,1,1,1,1,1,18,0.000,0.000,,,,,NVIDIA A100-SXM4-40GB MIG 4g.20gb (0),1,,13,cupy_copy__float32_float32
12964322815,5184,249659,,,,,,,,,,0.000,0.772,Device,Pageable,NVIDIA A100-SXM4-40GB MIG 4g.20gb (0),1,,7,[CUDA memcpy Device-to-Host]
12965011511,23360,249670,1434,1,1,128,1,1,16,0.000,0.000,,,,,NVIDIA A100-SXM4-40GB MIG 4g.20gb (0),1,,13,cupy_copy__complex64_complex64
12965654928,17887,249677,103,1,1,128,1,1,16,0.000,0.000,,,,,NVIDIA A100-SXM4-40GB MIG 4g.20gb (0),1,,13,cupy_copy__complex64_complex64
12966239241,8800,249684,35,1,1,128,1,1,16,0.000,0.000,,,,,NVIDIA A100-SXM4-40GB MIG 4g.20gb (0),1,,13,cupy_copy__complex64_complex64
12966712260,5184,249691,1,1,1,1,1,1,18,0.000,0.000,,,,,NVIDIA A100-SXM4-40GB MIG 4g.20gb (0),1,,13,cupy_copy__float32_float32
12967251358,280604,249702,1,1,1,32,32,1,30,0.000,0.000,,,,,NVIDIA A100-SXM4-40GB MIG 4g.20gb (0),1,,13,"void convert_kernel<__half2, float2>(tensor_layout_any, T1 *, tensor_layout_any, const T2 *)"
12967564090,12992,249705,,,,,,,,,,0.094,7211.781,Pinned,Device,NVIDIA A100-SXM4-40GB MIG 4g.20gb (0),1,,13,[CUDA memcpy Host-to-Device]
12968031253,18240,249706,,,,,,,,,,1.547,84792.114,Device,,NVIDIA A100-SXM4-40GB MIG 4g.20gb (0),1,,13,[CUDA memset]
12968055413,6207,249711,,,,,,,,,,0.031,5042.036,Pinned,Device,NVIDIA A100-SXM4-40GB MIG 4g.20gb (0),1,,13,[CUDA memcpy Host-to-Device]
12968067444,12928,249712,,,,,,,,,,0.197,15207.825,Pinned,Device,NVIDIA A100-SXM4-40GB MIG 4g.20gb (0),1,,13,[CUDA memcpy Host-to-Device]
12968699021,19808,249713,273,1,1,8,4,1,39,0.002,0.000,,,,,NVIDIA A100-SXM4-40GB MIG 4g.20gb (0),1,,13,"void channel_eq::eqMmseCoefCompLowMimoKernel<float, float, float, (unsigned int)4, (unsigned int)1, (unsigned int)4>(const channel_eq::_puschRxChEqStatDescr *, channel_eq::_puschRxChEqCoefCompDynDescr)"
12969237127,18560,249714,273,1,1,12,11,1,51,0.002,0.000,,,,,NVIDIA A100-SXM4-40GB MIG 4g.20gb (0),1,,13,"void channel_eq::eqMmseSoftDemapKernel<float, __half, __half, float, (unsigned int)4, (unsigned short)16383>(channel_eq::_puschRxChEqStatDescr *, channel_eq::_puschRxChEqSoftDemapDynDescr)"
12969474884,637817,249715,1,1,1,32,32,1,30,0.000,0.000,,,,,NVIDIA A100-SXM4-40GB MIG 4g.20gb (0),1,,13,"void convert_kernel<float2, __half2>(tensor_layout_any, T1 *, tensor_layout_any, const T2 *)"
12970403610,19552,249727,2253,1,1,128,1,1,16,0.000,0.000,,,,,NVIDIA A100-SXM4-40GB MIG 4g.20gb (0),1,,13,cupy_copy__float16_float16
12970865333,18912,249736,282,1,1,128,1,1,16,0.000,0.000,,,,,NVIDIA A100-SXM4-40GB MIG 4g.20gb (0),1,,13,cupy_copy__complex64_complex64
12971252560,11136,249745,26,1,1,128,1,1,16,0.000,0.000,,,,,NVIDIA A100-SXM4-40GB MIG 4g.20gb (0),1,,13,cupy_copy__float32_float32
12971587565,8800,249754,103,1,1,128,1,1,16,0.000,0.000,,,,,NVIDIA A100-SXM4-40GB MIG 4g.20gb (0),1,,13,cupy_copy__complex64_complex64
12971821610,22016,249764,1434,1,1,128,1,1,16,0.000,0.000,,,,,NVIDIA A100-SXM4-40GB MIG 4g.20gb (0),1,,13,cupy_copy__complex64_complex64
12972283493,241117,249769,1,1,1,32,32,1,30,0.000,0.000,,,,,NVIDIA A100-SXM4-40GB MIG 4g.20gb (0),1,,13,"void convert_kernel<__half2, float2>(tensor_layout_any, T1 *, tensor_layout_any, const T2 *)"
12972562722,5728,249772,,,,,,,,,,0.094,16357.541,Pinned,Device,NVIDIA A100-SXM4-40GB MIG 4g.20gb (0),1,,13,[CUDA memcpy Host-to-Device]
12972780191,635705,249773,,,,,,,,,,456.561,718171.145,Device,,NVIDIA A100-SXM4-40GB MIG 4g.20gb (0),1,,13,[CUDA memset]
12973421016,64543,249778,,,,,,,,,,1.235,19132.987,Pinned,Device,NVIDIA A100-SXM4-40GB MIG 4g.20gb (0),1,,13,[CUDA memcpy Host-to-Device]
12973488023,9536,249779,,,,,,,,,,0.197,20617.298,Pinned,Device,NVIDIA A100-SXM4-40GB MIG 4g.20gb (0),1,,13,[CUDA memcpy Host-to-Device]
12973887955,31487,249780,69,4,1,48,1,1,76,0.002,0.000,,,,,NVIDIA A100-SXM4-40GB MIG 4g.20gb (0),1,,13,"void ch_est::windowedChEstPreNoDftSOfdmKernel<float, __half, float, (unsigned int)2, (unsigned int)1, (unsigned short)4>(ch_est::puschRxChEstStatDescr_t *, ch_est::puschRxChEstDynDescr_t *)"
12974337006,33887,249781,137,2,1,24,2,1,44,0.001,0.001,,,,,NVIDIA A100-SXM4-40GB MIG 4g.20gb (0),1,,13,"void ch_est::chEstFilterNoDftSOfdmDispatchKernel<float, __half, float, (unsigned int)2>(ch_est::puschRxChEstStatDescr_t *, ch_est::puschRxChEstDynDescr_t *)"
12975012518,24576,249782,137,2,1,24,2,1,44,0.001,0.001,,,,,NVIDIA A100-SXM4-40GB MIG 4g.20gb (0),1,,13,"void ch_est::chEstFilterNoDftSOfdmDispatchKernel<float, __half, float, (unsigned int)2>(ch_est::puschRxChEstStatDescr_t *, ch_est::puschRxChEstDynDescr_t *)"
12975352162,7104,249793,103,1,1,128,1,1,16,0.000,0.000,,,,,NVIDIA A100-SXM4-40GB MIG 4g.20gb (0),1,,13,cupy_copy__complex64_complex64
12975871804,19616,249803,1434,1,1,128,1,1,16,0.000,0.000,,,,,NVIDIA A100-SXM4-40GB MIG 4g.20gb (0),1,,13,cupy_copy__complex64_complex64
12976318679,7264,249810,103,1,1,128,1,1,16,0.000,0.000,,,,,NVIDIA A100-SXM4-40GB MIG 4g.20gb (0),1,,13,cupy_copy__complex64_complex64
12976991664,253981,249817,1,1,1,32,32,1,30,0.000,0.000,,,,,NVIDIA A100-SXM4-40GB MIG 4g.20gb (0),1,,13,"void convert_kernel<__half2, float2>(tensor_layout_any, T1 *, tensor_layout_any, const T2 *)"
12977277836,5856,249820,,,,,,,,,,0.094,15999.997,Pinned,Device,NVIDIA A100-SXM4-40GB MIG 4g.20gb (0),1,,13,[CUDA memcpy Host-to-Device]
12977853350,61855,249821,,,,,,,,,,35.810,578903.167,Device,,NVIDIA A100-SXM4-40GB MIG 4g.20gb (0),1,,13,[CUDA memset]
12977917765,4672,249823,,,,,,,,,,0.000,17.123,Pinned,Device,NVIDIA A100-SXM4-40GB MIG 4g.20gb (0),1,,13,[CUDA memcpy Host-to-Device]
12977930277,18976,249824,,,,,,,,,,0.197,10360.848,Pinned,Device,NVIDIA A100-SXM4-40GB MIG 4g.20gb (0),1,,13,[CUDA memcpy Host-to-Device]
12978658525,19072,249825,273,1,1,48,1,1,40,0.000,0.001,,,,,NVIDIA A100-SXM4-40GB MIG 4g.20gb (0),1,,13,"void pusch_noise_intf_est::noiseIntfEstNoDftSOfdmKernel<float, __half, float, float, (unsigned int)2, (unsigned int)1, (unsigned char)4, (unsigned char)4>(pusch_noise_intf_est::puschRxNoiseIntfEstDynDescr)"
12979417140,6080,249836,35,1,1,128,1,1,16,0.000,0.000,,,,,NVIDIA A100-SXM4-40GB MIG 4g.20gb (0),1,,13,cupy_copy__complex64_complex64
12980150444,3648,249845,1,1,1,1,1,1,18,0.000,0.000,,,,,NVIDIA A100-SXM4-40GB MIG 4g.20gb (0),1,,13,cupy_copy__float32_float32
12980158252,4192,249851,,,,,,,,,,0.000,0.954,Device,Pageable,NVIDIA A100-SXM4-40GB MIG 4g.20gb (0),1,,7,[CUDA memcpy Device-to-Host]
12980933187,19680,249862,1434,1,1,128,1,1,16,0.000,0.000,,,,,NVIDIA A100-SXM4-40GB MIG 4g.20gb (0),1,,13,cupy_copy__complex64_complex64
12981671035,4608,249869,103,1,1,128,1,1,16,0.000,0.000,,,,,NVIDIA A100-SXM4-40GB MIG 4g.20gb (0),1,,13,cupy_copy__complex64_complex64
12982140630,6943,249876,35,1,1,128,1,1,16,0.000,0.000,,,,,NVIDIA A100-SXM4-40GB MIG 4g.20gb (0),1,,13,cupy_copy__complex64_complex64
12982821902,3712,249883,1,1,1,1,1,1,18,0.000,0.000,,,,,NVIDIA A100-SXM4-40GB MIG 4g.20gb (0),1,,13,cupy_copy__float32_float32
12983451783,249117,249894,1,1,1,32,32,1,30,0.000,0.000,,,,,NVIDIA A100-SXM4-40GB MIG 4g.20gb (0),1,,13,"void convert_kernel<__half2, float2>(tensor_layout_any, T1 *, tensor_layout_any, const T2 *)"
12983733732,10111,249897,,,,,,,,,,0.094,9266.722,Pinned,Device,NVIDIA A100-SXM4-40GB MIG 4g.20gb (0),1,,13,[CUDA memcpy Host-to-Device]
12984403420,18400,249898,,,,,,,,,,1.547,84054.375,Device,,NVIDIA A100-SXM4-40GB MIG 4g.20gb (0),1,,13,[CUDA memset]
12984429308,3136,249903,,,,,,,,,,0.031,9979.575,Pinned,Device,NVIDIA A100-SXM4-40GB MIG 4g.20gb (0),1,,13,[CUDA memcpy Host-to-Device]
12984439036,14847,249904,,,,,,,,,,0.197,13242.139,Pinned,Device,NVIDIA A100-SXM4-40GB MIG 4g.20gb (0),1,,13,[CUDA memcpy Host-to-Device]
12985177907,24800,249905,273,1,1,8,4,1,39,0.002,0.000,,,,,NVIDIA A100-SXM4-40GB MIG 4g.20gb (0),1,,13,"void channel_eq::eqMmseCoefCompLowMimoKernel<float, float, float, (unsigned int)4, (unsigned int)1, (unsigned int)4>(const channel_eq::_puschRxChEqStatDescr *, channel_eq::_puschRxChEqCoefCompDynDescr)"
12985578063,22751,249906,273,1,1,12,11,1,51,0.002,0.000,,,,,NVIDIA A100-SXM4-40GB MIG 4g.20gb (0),1,,13,"void channel_eq::eqMmseSoftDemapKernel<float, __half, __half, float, (unsigned int)4, (unsigned short)16383>(channel_eq::_puschRxChEqStatDescr *, channel_eq::_puschRxChEqSoftDemapDynDescr)"
12985943723,667128,249907,1,1,1,32,32,1,30,0.000,0.000,,,,,NVIDIA A100-SXM4-40GB MIG 4g.20gb (0),1,,13,"void convert_kernel<float2, __half2>(tensor_layout_any, T1 *, tensor_layout_any, const T2 *)"
12986980383,20064,249919,2253,1,1,128,1,1,16,0.000,0.000,,,,,NVIDIA A100-SXM4-40GB MIG 4g.20gb (0),1,,13,cupy_copy__float16_float16
12987342107,7168,249928,282,1,1,128,1,1,16,0.000,0.000,,,,,NVIDIA A100-SXM4-40GB MIG 4g.20gb (0),1,,13,cupy_copy__complex64_complex64
12987564536,5088,249937,26,1,1,128,1,1,16,0.000,0.000,,,,,NVIDIA A100-SXM4-40GB MIG 4g.20gb (0),1,,13,cupy_copy__float32_float32
12987994451,19840,249946,103,1,1,128,1,1,16,0.000,0.000,,,,,NVIDIA A100-SXM4-40GB MIG 4g.20gb (0),1,,13,cupy_copy__complex64_complex64
12988395503,21408,249956,1434,1,1,128,1,1,16,0.000,0.000,,,,,NVIDIA A100-SXM4-40GB MIG 4g.20gb (0),1,,13,cupy_copy__complex64_complex64
12988764203,260509,249961,1,1,1,32,32,1,30,0.000,0.000,,,,,NVIDIA A100-SXM4-40GB MIG 4g.20gb (0),1,,13,"void convert_kernel<__half2, float2>(tensor_layout_any, T1 *, tensor_layout_any, const T2 *)"
12989059367,11712,249964,,,,,,,,,,0.094,7999.952,Pinned,Device,NVIDIA A100-SXM4-40GB MIG 4g.20gb (0),1,,13,[CUDA memcpy Host-to-Device]
12989774623,636761,249965,,,,,,,,,,456.561,716801.461,Device,,NVIDIA A100-SXM4-40GB MIG 4g.20gb (0),1,,13,[CUDA memset]
12990419640,63647,249970,,,,,,,,,,1.235,19402.205,Pinned,Device,NVIDIA A100-SXM4-40GB MIG 4g.20gb (0),1,,13,[CUDA memcpy Host-to-Device]
12990486039,9408,249971,,,,,,,,,,0.197,20897.858,Pinned,Device,NVIDIA A100-SXM4-40GB MIG 4g.20gb (0),1,,13,[CUDA memcpy Host-to-Device]
12991182383,15552,249972,69,4,1,48,1,1,76,0.002,0.000,,,,,NVIDIA A100-SXM4-40GB MIG 4g.20gb (0),1,,13,"void ch_est::windowedChEstPreNoDftSOfdmKernel<float, __half, float, (unsigned int)2, (unsigned int)1, (unsigned short)4>(ch_est::puschRxChEstStatDescr_t *, ch_est::puschRxChEstDynDescr_t *)"
12991639370,28608,249973,137,2,1,24,2,1,44,0.001,0.001,,,,,NVIDIA A100-SXM4-40GB MIG 4g.20gb (0),1,,13,"void ch_est::chEstFilterNoDftSOfdmDispatchKernel<float, __half, float, (unsigned int)2>(ch_est::puschRxChEstStatDescr_t *, ch_est::puschRxChEstDynDescr_t *)"
12992075141,31680,249974,137,2,1,24,2,1,44,0.001,0.001,,,,,NVIDIA A100-SXM4-40GB MIG 4g.20gb (0),1,,13,"void ch_est::chEstFilterNoDftSOfdmDispatchKernel<float, __half, float, (unsigned int)2>(ch_est::puschRxChEstStatDescr_t *, ch_est::puschRxChEstDynDescr_t *)"
12992474305,9984,249985,103,1,1,128,1,1,16,0.000,0.000,,,,,NVIDIA A100-SXM4-40GB MIG 4g.20gb (0),1,,13,cupy_copy__complex64_complex64
12992812253,21088,249995,1434,1,1,128,1,1,16,0.000,0.000,,,,,NVIDIA A100-SXM4-40GB MIG 4g.20gb (0),1,,13,cupy_copy__complex64_complex64
12993219289,8287,250002,103,1,1,128,1,1,16,0.000,0.000,,,,,NVIDIA A100-SXM4-40GB MIG 4g.20gb (0),1,,13,cupy_copy__complex64_complex64
12993658388,237565,250009,1,1,1,32,32,1,30,0.000,0.000,,,,,NVIDIA A100-SXM4-40GB MIG 4g.20gb (0),1,,13,"void convert_kernel<__half2, float2>(tensor_layout_any, T1 *, tensor_layout_any, const T2 *)"
12993929072,6528,250012,,,,,,,,,,0.094,14352.915,Pinned,Device,NVIDIA A100-SXM4-40GB MIG 4g.20gb (0),1,,13,[CUDA memcpy Host-to-Device]
12994155150,64287,250013,,,,,,,,,,35.810,557023.306,Device,,NVIDIA A100-SXM4-40GB MIG 4g.20gb (0),1,,13,[CUDA memset]
12994220909,5632,250015,,,,,,,,,,0.000,14.204,Pinned,Device,NVIDIA A100-SXM4-40GB MIG 4g.20gb (0),1,,13,[CUDA memcpy Host-to-Device]
12994230061,14464,250016,,,,,,,,,,0.197,13592.887,Pinned,Device,NVIDIA A100-SXM4-40GB MIG 4g.20gb (0),1,,13,[CUDA memcpy Host-to-Device]
12994675720,36768,250017,273,1,1,48,1,1,40,0.000,0.001,,,,,NVIDIA A100-SXM4-40GB MIG 4g.20gb (0),1,,13,"void pusch_noise_intf_est::noiseIntfEstNoDftSOfdmKernel<float, __half, float, float, (unsigned int)2, (unsigned int)1, (unsigned char)4, (unsigned char)4>(pusch_noise_intf_est::puschRxNoiseIntfEstDynDescr)"
12995132963,8544,250028,35,1,1,128,1,1,16,0.000,0.000,,,,,NVIDIA A100-SXM4-40GB MIG 4g.20gb (0),1,,13,cupy_copy__complex64_complex64
12995561310,5280,250037,1,1,1,1,1,1,18,0.000,0.000,,,,,NVIDIA A100-SXM4-40GB MIG 4g.20gb (0),1,,13,cupy_copy__float32_float32
12995572382,4960,250043,,,,,,,,,,0.000,0.806,Device,Pageable,NVIDIA A100-SXM4-40GB MIG 4g.20gb (0),1,,7,[CUDA memcpy Device-to-Host]
12996047065,22303,250054,1434,1,1,128,1,1,16,0.000,0.000,,,,,NVIDIA A100-SXM4-40GB MIG 4g.20gb (0),1,,13,cupy_copy__complex64_complex64
12996498227,11744,250061,103,1,1,128,1,1,16,0.000,0.000,,,,,NVIDIA A100-SXM4-40GB MIG 4g.20gb (0),1,,13,cupy_copy__complex64_complex64
12996894607,11424,250068,35,1,1,128,1,1,16,0.000,0.000,,,,,NVIDIA A100-SXM4-40GB MIG 4g.20gb (0),1,,13,cupy_copy__complex64_complex64
12997253099,3872,250075,1,1,1,1,1,1,18,0.000,0.000,,,,,NVIDIA A100-SXM4-40GB MIG 4g.20gb (0),1,,13,cupy_copy__float32_float32
12997475016,234174,250086,1,1,1,32,32,1,30,0.000,0.000,,,,,NVIDIA A100-SXM4-40GB MIG 4g.20gb (0),1,,13,"void convert_kernel<__half2, float2>(tensor_layout_any, T1 *, tensor_layout_any, const T2 *)"
12997744805,5504,250089,,,,,,,,,,0.094,17023.251,Pinned,Device,NVIDIA A100-SXM4-40GB MIG 4g.20gb (0),1,,13,[CUDA memcpy Host-to-Device]
12997948451,10240,250090,,,,,,,,,,1.547,151037.113,Device,,NVIDIA A100-SXM4-40GB MIG 4g.20gb (0),1,,13,[CUDA memset]
12997961955,3360,250095,,,,,,,,,,0.031,9314.284,Pinned,Device,NVIDIA A100-SXM4-40GB MIG 4g.20gb (0),1,,13,[CUDA memcpy Host-to-Device]
12997971875,16768,250096,,,,,,,,,,0.197,11725.111,Pinned,Device,NVIDIA A100-SXM4-40GB MIG 4g.20gb (0),1,,13,[CUDA memcpy Host-to-Device]
12998430910,38911,250097,273,1,1,8,4,1,39,0.002,0.000,,,,,NVIDIA A100-SXM4-40GB MIG 4g.20gb (0),1,,13,"void channel_eq::eqMmseCoefCompLowMimoKernel<float, float, float, (unsigned int)4, (unsigned int)1, (unsigned int)4>(const channel_eq::_puschRxChEqStatDescr *, channel_eq::_puschRxChEqCoefCompDynDescr)"
12998873081,27231,250098,273,1,1,12,11,1,51,0.002,0.000,,,,,NVIDIA A100-SXM4-40GB MIG 4g.20gb (0),1,,13,"void channel_eq::eqMmseSoftDemapKernel<float, __half, __half, float, (unsigned int)4, (unsigned short)16383>(channel_eq::_puschRxChEqStatDescr *, channel_eq::_puschRxChEqSoftDemapDynDescr)"
12999309652,773175,250099,1,1,1,32,32,1,30,0.000,0.000,,,,,NVIDIA A100-SXM4-40GB MIG 4g.20gb (0),1,,13,"void convert_kernel<float2, __half2>(tensor_layout_any, T1 *, tensor_layout_any, const T2 *)"
13000727108,17728,250111,2253,1,1,128,1,1,16,0.000,0.000,,,,,NVIDIA A100-SXM4-40GB MIG 4g.20gb (0),1,,13,cupy_copy__float16_float16
13001190239,11903,250120,282,1,1,128,1,1,16,0.000,0.000,,,,,NVIDIA A100-SXM4-40GB MIG 4g.20gb (0),1,,13,cupy_copy__complex64_complex64
13001635418,8415,250129,26,1,1,128,1,1,16,0.000,0.000,,,,,NVIDIA A100-SXM4-40GB MIG 4g.20gb (0),1,,13,cupy_copy__float32_float32
13002073653,16831,250138,103,1,1,128,1,1,16,0.000,0.000,,,,,NVIDIA A100-SXM4-40GB MIG 4g.20gb (0),1,,13,cupy_copy__complex64_complex64
13002550223,19904,250148,1434,1,1,128,1,1,16,0.000,0.000,,,,,NVIDIA A100-SXM4-40GB MIG 4g.20gb (0),1,,13,cupy_copy__complex64_complex64
13002897259,209182,250153,1,1,1,32,32,1,30,0.000,0.000,,,,,NVIDIA A100-SXM4-40GB MIG 4g.20gb (0),1,,13,"void convert_kernel<__half2, float2>(tensor_layout_any, T1 *, tensor_layout_any, const T2 *)"
13003137929,8735,250156,,,,,,,,,,0.094,10726.412,Pinned,Device,NVIDIA A100-SXM4-40GB MIG 4g.20gb (0),1,,13,[CUDA memcpy Host-to-Device]
13003560452,624601,250157,,,,,,,,,,456.561,730954.865,Device,,NVIDIA A100-SXM4-40GB MIG 4g.20gb (0),1,,13,[CUDA memset]
13004187229,64287,250162,,,,,,,,,,1.235,19209.554,Pinned,Device,NVIDIA A100-SXM4-40GB MIG 4g.20gb (0),1,,13,[CUDA memcpy Host-to-Device]
13004254268,9856,250163,,,,,,,,,,0.197,19948.044,Pinned,Device,NVIDIA A100-SXM4-40GB MIG 4g.20gb (0),1,,13,[CUDA memcpy Host-to-Device]
13004655127,13920,250164,69,4,1,48,1,1,76,0.002,0.000,,,,,NVIDIA A100-SXM4-40GB MIG 4g.20gb (0),1,,13,"void ch_est::windowedChEstPreNoDftSOfdmKernel<float, __half, float, (unsigned int)2, (unsigned int)1, (unsigned short)4>(ch_est::puschRxChEstStatDescr_t *, ch_est::puschRxChEstDynDescr_t *)"
13005145138,32256,250165,137,2,1,24,2,1,44,0.001,0.001,,,,,NVIDIA A100-SXM4-40GB MIG 4g.20gb (0),1,,13,"void ch_est::chEstFilterNoDftSOfdmDispatchKernel<float, __half, float, (unsigned int)2>(ch_est::puschRxChEstStatDescr_t *, ch_est::puschRxChEstDynDescr_t *)"
13005635884,15232,250166,137,2,1,24,2,1,44,0.001,0.001,,,,,NVIDIA A100-SXM4-40GB MIG 4g.20gb (0),1,,13,"void ch_est::chEstFilterNoDftSOfdmDispatchKernel<float, __half, float, (unsigned int)2>(ch_est::puschRxChEstStatDescr_t *, ch_est::puschRxChEstDynDescr_t *)"
13006226918,5824,250177,103,1,1,128,1,1,16,0.000,0.000,,,,,NVIDIA A100-SXM4-40GB MIG 4g.20gb (0),1,,13,cupy_copy__complex64_complex64
13006900318,16640,250187,1434,1,1,128,1,1,16,0.000,0.000,,,,,NVIDIA A100-SXM4-40GB MIG 4g.20gb (0),1,,13,cupy_copy__complex64_complex64
13007382169,5344,250194,103,1,1,128,1,1,16,0.000,0.000,,,,,NVIDIA A100-SXM4-40GB MIG 4g.20gb (0),1,,13,cupy_copy__complex64_complex64
13007891891,296605,250201,1,1,1,32,32,1,30,0.000,0.000,,,,,NVIDIA A100-SXM4-40GB MIG 4g.20gb (0),1,,13,"void convert_kernel<__half2, float2>(tensor_layout_any, T1 *, tensor_layout_any, const T2 *)"
13008221135,6016,250204,,,,,,,,,,0.094,15574.430,Pinned,Device,NVIDIA A100-SXM4-40GB MIG 4g.20gb (0),1,,13,[CUDA memcpy Host-to-Device]
13008659402,50784,250205,,,,,,,,,,35.810,705133.135,Device,,NVIDIA A100-SXM4-40GB MIG 4g.20gb (0),1,,13,[CUDA memset]
13008718346,2016,250207,,,,,,,,,,0.000,39.682,Pinned,Device,NVIDIA A100-SXM4-40GB MIG 4g.20gb (0),1,,13,[CUDA memcpy Host-to-Device]
13008723050,16319,250208,,,,,,,,,,0.197,12047.745,Pinned,Device,NVIDIA A100-SXM4-40GB MIG 4g.20gb (0),1,,13,[CUDA memcpy Host-to-Device]
13009354274,15264,250209,273,1,1,48,1,1,40,0.000,0.001,,,,,NVIDIA A100-SXM4-40GB MIG 4g.20gb (0),1,,13,"void pusch_noise_intf_est::noiseIntfEstNoDftSOfdmKernel<float, __half, float, float, (unsigned int)2, (unsigned int)1, (unsigned char)4, (unsigned char)4>(pusch_noise_intf_est::puschRxNoiseIntfEstDynDescr)"
13009814749,9024,250220,35,1,1,128,1,1,16,0.000,0.000,,,,,NVIDIA A100-SXM4-40GB MIG 4g.20gb (0),1,,13,cupy_copy__complex64_complex64
13010260152,8352,250229,1,1,1,1,1,1,18,0.000,0.000,,,,,NVIDIA A100-SXM4-40GB MIG 4g.20gb (0),1,,13,cupy_copy__float32_float32
13010270552,4576,250235,,,,,,,,,,0.000,0.874,Device,Pageable,NVIDIA A100-SXM4-40GB MIG 4g.20gb (0),1,,7,[CUDA memcpy Device-to-Host]
13010869233,22528,250246,1434,1,1,128,1,1,16,0.000,0.000,,,,,NVIDIA A100-SXM4-40GB MIG 4g.20gb (0),1,,13,cupy_copy__complex64_complex64
13011455563,9696,250253,103,1,1,128,1,1,16,0.000,0.000,,,,,NVIDIA A100-SXM4-40GB MIG 4g.20gb (0),1,,13,cupy_copy__complex64_complex64
13012112547,8032,250260,35,1,1,128,1,1,16,0.000,0.000,,,,,NVIDIA A100-SXM4-40GB MIG 4g.20gb (0),1,,13,cupy_copy__complex64_complex64
13012593950,4320,250267,1,1,1,1,1,1,18,0.000,0.000,,,,,NVIDIA A100-SXM4-40GB MIG 4g.20gb (0),1,,13,cupy_copy__float32_float32
13012975098,283292,250278,1,1,1,32,32,1,30,0.000,0.000,,,,,NVIDIA A100-SXM4-40GB MIG 4g.20gb (0),1,,13,"void convert_kernel<__half2, float2>(tensor_layout_any, T1 *, tensor_layout_any, const T2 *)"
13013289622,5472,250281,,,,,,,,,,0.094,17122.757,Pinned,Device,NVIDIA A100-SXM4-40GB MIG 4g.20gb (0),1,,13,[CUDA memcpy Host-to-Device]
13013696561,9120,250282,,,,,,,,,,1.547,169585.775,Device,,NVIDIA A100-SXM4-40GB MIG 4g.20gb (0),1,,13,[CUDA memset]
13013714353,3328,250287,,,,,,,,,,0.031,9403.822,Pinned,Device,NVIDIA A100-SXM4-40GB MIG 4g.20gb (0),1,,13,[CUDA memcpy Host-to-Device]
13013723089,12928,250288,,,,,,,,,,0.197,15207.825,Pinned,Device,NVIDIA A100-SXM4-40GB MIG 4g.20gb (0),1,,13,[CUDA memcpy Host-to-Device]
13014285515,34111,250289,273,1,1,8,4,1,39,0.002,0.000,,,,,NVIDIA A100-SXM4-40GB MIG 4g.20gb (0),1,,13,"void channel_eq::eqMmseCoefCompLowMimoKernel<float, float, float, (unsigned int)4, (unsigned int)1, (unsigned int)4>(const channel_eq::_puschRxChEqStatDescr *, channel_eq::_puschRxChEqCoefCompDynDescr)"
13014913252,27103,250290,273,1,1,12,11,1,51,0.002,0.000,,,,,NVIDIA A100-SXM4-40GB MIG 4g.20gb (0),1,,13,"void channel_eq::eqMmseSoftDemapKernel<float, __half, __half, float, (unsigned int)4, (unsigned short)16383>(channel_eq::_puschRxChEqStatDescr *, channel_eq::_puschRxChEqSoftDemapDynDescr)"
13015332351,720376,250291,1,1,1,32,32,1,30,0.000,0.000,,,,,NVIDIA A100-SXM4-40GB MIG 4g.20gb (0),1,,13,"void convert_kernel<float2, __half2>(tensor_layout_any, T1 *, tensor_layout_any, const T2 *)"
13016570545,18240,250303,2253,1,1,128,1,1,16,0.000,0.000,,,,,NVIDIA A100-SXM4-40GB MIG 4g.20gb (0),1,,13,cupy_copy__float16_float16
13017179530,17728,250312,282,1,1,128,1,1,16,0.000,0.000,,,,,NVIDIA A100-SXM4-40GB MIG 4g.20gb (0),1,,13,cupy_copy__complex64_complex64
13017801987,3552,250321,26,1,1,128,1,1,16,0.000,0.000,,,,,NVIDIA A100-SXM4-40GB MIG 4g.20gb (0),1,,13,cupy_copy__float32_float32
13018328381,4768,250330,103,1,1,128,1,1,16,0.000,0.000,,,,,NVIDIA A100-SXM4-40GB MIG 4g.20gb (0),1,,13,cupy_copy__complex64_complex64
13018932182,16384,250340,1434,1,1,128,1,1,16,0.000,0.000,,,,,NVIDIA A100-SXM4-40GB MIG 4g.20gb (0),1,,13,cupy_copy__complex64_complex64
13019539375,324349,250345,1,1,1,32,32,1,30,0.000,0.000,,,,,NVIDIA A100-SXM4-40GB MIG 4g.20gb (0),1,,13,"void convert_kernel<__half2, float2>(tensor_layout_any, T1 *, tensor_layout_any, const T2 *)"
13019895083,9472,250348,,,,,,,,,,0.094,9891.862,Pinned,Device,NVIDIA A100-SXM4-40GB MIG 4g.20gb (0),1,,13,[CUDA memcpy Host-to-Device]
13020438021,611353,250349,,,,,,,,,,456.561,746477.954,Device,,NVIDIA A100-SXM4-40GB MIG 4g.20gb (0),1,,13,[CUDA memset]
13021052574,62976,250354,,,,,,,,,,1.235,19609.676,Pinned,Device,NVIDIA A100-SXM4-40GB MIG 4g.20gb (0),1,,13,[CUDA memcpy Host-to-Device]
13021118206,10208,250355,,,,,,,,,,0.197,19260.113,Pinned,Device,NVIDIA A100-SXM4-40GB MIG 4g.20gb (0),1,,13,[CUDA memcpy Host-to-Device]
13021571129,15167,250356,69,4,1,48,1,1,76,0.002,0.000,,,,,NVIDIA A100-SXM4-40GB MIG 4g.20gb (0),1,,13,"void ch_est::windowedChEstPreNoDftSOfdmKernel<float, __half, float, (unsigned int)2, (unsigned int)1, (unsigned short)4>(ch_est::puschRxChEstStatDescr_t *, ch_est::puschRxChEstDynDescr_t *)"
13022104019,19359,250357,137,2,1,24,2,1,44,0.001,0.001,,,,,NVIDIA A100-SXM4-40GB MIG 4g.20gb (0),1,,13,"void ch_est::chEstFilterNoDftSOfdmDispatchKernel<float, __half, float, (unsigned int)2>(ch_est::puschRxChEstStatDescr_t *, ch_est::puschRxChEstDynDescr_t *)"
13022715532,19999,250358,137,2,1,24,2,1,44,0.001,0.001,,,,,NVIDIA A100-SXM4-40GB MIG 4g.20gb (0),1,,13,"void ch_est::chEstFilterNoDftSOfdmDispatchKernel<float, __half, float, (unsigned int)2>(ch_est::puschRxChEstStatDescr_t *, ch_est::puschRxChEstDynDescr_t *)"
13023344357,7839,250369,103,1,1,128,1,1,16,0.000,0.000,,,,,NVIDIA A100-SXM4-40GB MIG 4g.20gb (0),1,,13,cupy_copy__complex64_complex64
13024000221,17408,250379,1434,1,1,128,1,1,16,0.000,0.000,,,,,NVIDIA A100-SXM4-40GB MIG 4g.20gb (0),1,,13,cupy_copy__complex64_complex64
13024484920,8608,250386,103,1,1,128,1,1,16,0.000,0.000,,,,,NVIDIA A100-SXM4-40GB MIG 4g.20gb (0),1,,13,cupy_copy__complex64_complex64
13024861747,258525,250393,1,1,1,32,32,1,30,0.000,0.000,,,,,NVIDIA A100-SXM4-40GB MIG 4g.20gb (0),1,,13,"void convert_kernel<__half2, float2>(tensor_layout_any, T1 *, tensor_layout_any, const T2 *)"
13025151376,5952,250396,,,,,,,,,,0.094,15741.865,Pinned,Device,NVIDIA A100-SXM4-40GB MIG 4g.20gb (0),1,,13,[CUDA memcpy Host-to-Device]
13025435373,63679,250397,,,,,,,,,,35.810,562323.174,Device,,NVIDIA A100-SXM4-40GB MIG 4g.20gb (0),1,,13,[CUDA memset]
13025505580,2720,250399,,,,,,,,,,0.000,29.412,Pinned,Device,NVIDIA A100-SXM4-40GB MIG 4g.20gb (0),1,,13,[CUDA memcpy Host-to-Device]
13025514348,13824,250400,,,,,,,,,,0.197,14222.033,Pinned,Device,NVIDIA A100-SXM4-40GB MIG 4g.20gb (0),1,,13,[CUDA memcpy Host-to-Device]
13025957767,38944,250401,273,1,1,48,1,1,40,0.000,0.001,,,,,NVIDIA A100-SXM4-40GB MIG 4g.20gb (0),1,,13,"void pusch_noise_intf_est::noiseIntfEstNoDftSOfdmKernel<float, __half, float, float, (unsigned int)2, (unsigned int)1, (unsigned char)4, (unsigned char)4>(pusch_noise_intf_est::puschRxNoiseIntfEstDynDescr)"
13026406306,9312,250412,35,1,1,128,1,1,16,0.000,0.000,,,,,NVIDIA A100-SXM4-40GB MIG 4g.20gb (0),1,,13,cupy_copy__complex64_complex64
13026812317,3808,250421,1,1,1,1,1,1,18,0.000,0.000,,,,,NVIDIA A100-SXM4-40GB MIG 4g.20gb (0),1,,13,cupy_copy__float32_float32
13026817309,1664,250427,,,,,,,,,,0.000,2.404,Device,Pageable,NVIDIA A100-SXM4-40GB MIG 4g.20gb (0),1,,7,[CUDA memcpy Device-to-Host]
13027269304,21344,250438,1434,1,1,128,1,1,16,0.000,0.000,,,,,NVIDIA A100-SXM4-40GB MIG 4g.20gb (0),1,,13,cupy_copy__complex64_complex64
13027625460,6048,250445,103,1,1,128,1,1,16,0.000,0.000,,,,,NVIDIA A100-SXM4-40GB MIG 4g.20gb (0),1,,13,cupy_copy__complex64_complex64
13027944049,6976,250452,35,1,1,128,1,1,16,0.000,0.000,,,,,NVIDIA A100-SXM4-40GB MIG 4g.20gb (0),1,,13,cupy_copy__complex64_complex64
13028434795,3360,250459,1,1,1,1,1,1,18,0.000,0.000,,,,,NVIDIA A100-SXM4-40GB MIG 4g.20gb (0),1,,13,cupy_copy__float32_float32
13028994789,232573,250470,1,1,1,32,32,1,30,0.000,0.000,,,,,NVIDIA A100-SXM4-40GB MIG 4g.20gb (0),1,,13,"void convert_kernel<__half2, float2>(tensor_layout_any, T1 *, tensor_layout_any, const T2 *)"
13029259010,6080,250473,,,,,,,,,,0.094,15410.462,Pinned,Device,NVIDIA A100-SXM4-40GB MIG 4g.20gb (0),1,,13,[CUDA memcpy Host-to-Device]
13029565854,5536,250474,,,,,,,,,,1.547,279374.426,Device,,NVIDIA A100-SXM4-40GB MIG 4g.20gb (0),1,,13,[CUDA memset]
13029578942,3136,250479,,,,,,,,,,0.031,9979.575,Pinned,Device,NVIDIA A100-SXM4-40GB MIG 4g.20gb (0),1,,13,[CUDA memcpy Host-to-Device]
13029587422,19456,250480,,,,,,,,,,0.197,10105.258,Pinned,Device,NVIDIA A100-SXM4-40GB MIG 4g.20gb (0),1,,13,[CUDA memcpy Host-to-Device]
13030072633,12575,250481,273,1,1,8,4,1,39,0.002,0.000,,,,,NVIDIA A100-SXM4-40GB MIG 4g.20gb (0),1,,13,"void channel_eq::eqMmseCoefCompLowMimoKernel<float, float, float, (unsigned int)4, (unsigned int)1, (unsigned int)4>(const channel_eq::_puschRxChEqStatDescr *, channel_eq::_puschRxChEqCoefCompDynDescr)"
13030629106,15488,250482,273,1,1,12,11,1,51,0.002,0.000,,,,,NVIDIA A100-SXM4-40GB MIG 4g.20gb (0),1,,13,"void channel_eq::eqMmseSoftDemapKernel<float, __half, __half, float, (unsigned int)4, (unsigned short)16383>(channel_eq::_puschRxChEqStatDescr *, channel_eq::_puschRxChEqSoftDemapDynDescr)"
13031155788,679161,250483,1,1,1,32,32,1,30,0.000,0.000,,,,,NVIDIA A100-SXM4-40GB MIG 4g.20gb (0),1,,13,"void convert_kernel<float2, __half2>(tensor_layout_any, T1 *, tensor_layout_any, const T2 *)"
13032297151,17344,250495,2253,1,1,128,1,1,16,0.000,0.000,,,,,NVIDIA A100-SXM4-40GB MIG 4g.20gb (0),1,,13,cupy_copy__float16_float16
13032825593,5376,250504,282,1,1,128,1,1,16,0.000,0.000,,,,,NVIDIA A100-SXM4-40GB MIG 4g.20gb (0),1,,13,cupy_copy__complex64_complex64
13033289012,9184,250513,26,1,1,128,1,1,16,0.000,0.000,,,,,NVIDIA A100-SXM4-40GB MIG 4g.20gb (0),1,,13,cupy_copy__float32_float32
13033752751,11296,250522,103,1,1,128,1,1,16,0.000,0.000,,,,,NVIDIA A100-SXM4-40GB MIG 4g.20gb (0),1,,13,cupy_copy__complex64_complex64
13034197290,20384,250532,1434,1,1,128,1,1,16,0.000,0.000,,,,,NVIDIA A100-SXM4-40GB MIG 4g.20gb (0),1,,13,cupy_copy__complex64_complex64
13034513894,228190,250537,1,1,1,32,32,1,30,0.000,0.000,,,,,NVIDIA A100-SXM4-40GB MIG 4g.20gb (0),1,,13,"void convert_kernel<__half2, float2>(tensor_layout_any, T1 *, tensor_layout_any, const T2 *)"
13034773476,5695,250540,,,,,,,,,,0.094,16452.268,Pinned,Device,NVIDIA A100-SXM4-40GB MIG 4g.20gb (0),1,,13,[CUDA memcpy Host-to-Device]
13035054720,615801,250541,,,,,,,,,,456.561,740999.217,Device,,NVIDIA A100-SXM4-40GB MIG 4g.20gb (0),1,,13,[CUDA memset]
13035675769,61632,250546,,,,,,,,,,1.235,20036.966,Pinned,Device,NVIDIA A100-SXM4-40GB MIG 4g.20gb (0),1,,13,[CUDA memcpy Host-to-Device]
13035740857,10111,250547,,,,,,,,,,0.197,19444.924,Pinned,Device,NVIDIA A100-SXM4-40GB MIG 4g.20gb (0),1,,13,[CUDA memcpy Host-to-Device]
13036207379,13344,250548,69,4,1,48,1,1,76,0.002,0.000,,,,,NVIDIA A100-SXM4-40GB MIG 4g.20gb (0),1,,13,"void ch_est::windowedChEstPreNoDftSOfdmKernel<float, __half, float, (unsigned int)2, (unsigned int)1, (unsigned short)4>(ch_est::puschRxChEstStatDescr_t *, ch_est::puschRxChEstDynDescr_t *)"
13036642606,32640,250549,137,2,1,24,2,1,44,0.001,0.001,,,,,NVIDIA A100-SXM4-40GB MIG 4g.20gb (0),1,,13,"void ch_est::chEstFilterNoDftSOfdmDispatchKernel<float, __half, float, (unsigned int)2>(ch_est::puschRxChEstStatDescr_t *, ch_est::puschRxChEstDynDescr_t *)"
13037045642,19168,250550,137,2,1,24,2,1,44,0.001,0.001,,,,,NVIDIA A100-SXM4-40GB MIG 4g.20gb (0),1,,13,"void ch_est::chEstFilterNoDftSOfdmDispatchKernel<float, __half, float, (unsigned int)2>(ch_est::puschRxChEstStatDescr_t *, ch_est::puschRxChEstDynDescr_t *)"
13037400294,6144,250561,103,1,1,128,1,1,16,0.000,0.000,,,,,NVIDIA A100-SXM4-40GB MIG 4g.20gb (0),1,,13,cupy_copy__complex64_complex64
13037621923,19808,250571,1434,1,1,128,1,1,16,0.000,0.000,,,,,NVIDIA A100-SXM4-40GB MIG 4g.20gb (0),1,,13,cupy_copy__complex64_complex64
13038079518,18240,250578,103,1,1,128,1,1,16,0.000,0.000,,,,,NVIDIA A100-SXM4-40GB MIG 4g.20gb (0),1,,13,cupy_copy__complex64_complex64
13038472858,254621,250585,1,1,1,32,32,1,30,0.000,0.000,,,,,NVIDIA A100-SXM4-40GB MIG 4g.20gb (0),1,,13,"void convert_kernel<__half2, float2>(tensor_layout_any, T1 *, tensor_layout_any, const T2 *)"
13038791702,6368,250588,,,,,,,,,,0.094,14713.551,Pinned,Device,NVIDIA A100-SXM4-40GB MIG 4g.20gb (0),1,,13,[CUDA memcpy Host-to-Device]
13039050931,63200,250589,,,,,,,,,,35.810,566584.554,Device,,NVIDIA A100-SXM4-40GB MIG 4g.20gb (0),1,,13,[CUDA memset]
13039119506,1856,250591,,,,,,,,,,0.000,43.103,Pinned,Device,NVIDIA A100-SXM4-40GB MIG 4g.20gb (0),1,,13,[CUDA memcpy Host-to-Device]
13039123986,13920,250592,,,,,,,,,,0.197,14124.122,Pinned,Device,NVIDIA A100-SXM4-40GB MIG 4g.20gb (0),1,,13,[CUDA memcpy Host-to-Device]
13039588621,39264,250593,273,1,1,48,1,1,40,0.000,0.001,,,,,NVIDIA A100-SXM4-40GB MIG 4g.20gb (0),1,,13,"void pusch_noise_intf_est::noiseIntfEstNoDftSOfdmKernel<float, __half, float, float, (unsigned int)2, (unsigned int)1, (unsigned char)4, (unsigned char)4>(pusch_noise_intf_est::puschRxNoiseIntfEstDynDescr)"
13040076488,10304,250604,35,1,1,128,1,1,16,0.000,0.000,,,,,NVIDIA A100-SXM4-40GB MIG 4g.20gb (0),1,,13,cupy_copy__complex64_complex64
13040533091,4575,250613,1,1,1,1,1,1,18,0.000,0.000,,,,,NVIDIA A100-SXM4-40GB MIG 4g.20gb (0),1,,13,cupy_copy__float32_float32
13040545954,1600,250619,,,,,,,,,,0.000,2.500,Device,Pageable,NVIDIA A100-SXM4-40GB MIG 4g.20gb (0),1,,7,[CUDA memcpy Device-to-Host]
13041072444,19168,250630,1434,1,1,128,1,1,16,0.000,0.000,,,,,NVIDIA A100-SXM4-40GB MIG 4g.20gb (0),1,,13,cupy_copy__complex64_complex64
13041558231,10368,250637,103,1,1,128,1,1,16,0.000,0.000,,,,,NVIDIA A100-SXM4-40GB MIG 4g.20gb (0),1,,13,cupy_copy__complex64_complex64
13042014674,9440,250644,35,1,1,128,1,1,16,0.000,0.000,,,,,NVIDIA A100-SXM4-40GB MIG 4g.20gb (0),1,,13,cupy_copy__complex64_complex64
13042471021,3328,250651,1,1,1,1,1,1,18,0.000,0.000,,,,,NVIDIA A100-SXM4-40GB MIG 4g.20gb (0),1,,13,cupy_copy__float32_float32
13042833929,297244,250662,1,1,1,32,32,1,30,0.000,0.000,,,,,NVIDIA A100-SXM4-40GB MIG 4g.20gb (0),1,,13,"void convert_kernel<__half2, float2>(tensor_layout_any, T1 *, tensor_layout_any, const T2 *)"
13043165061,12608,250665,,,,,,,,,,0.094,7431.405,Pinned,Device,NVIDIA A100-SXM4-40GB MIG 4g.20gb (0),1,,13,[CUDA memcpy Host-to-Device]
13043674175,9824,250666,,,,,,,,,,1.547,157432.404,Device,,NVIDIA A100-SXM4-40GB MIG 4g.20gb (0),1,,13,[CUDA memset]
13043690303,7136,250671,,,,,,,,,,0.031,4385.634,Pinned,Device,NVIDIA A100-SXM4-40GB MIG 4g.20gb (0),1,,13,[CUDA memcpy Host-to-Device]
13043712543,12063,250672,,,,,,,,,,0.197,16298.410,Pinned,Device,NVIDIA A100-SXM4-40GB MIG 4g.20gb (0),1,,13,[CUDA memcpy Host-to-Device]
13044146010,34847,250673,273,1,1,8,4,1,39,0.002,0.000,,,,,NVIDIA A100-SXM4-40GB MIG 4g.20gb (0),1,,13,"void channel_eq::eqMmseCoefCompLowMimoKernel<float, float, float, (unsigned int)4, (unsigned int)1, (unsigned int)4>(const channel_eq::_puschRxChEqStatDescr *, channel_eq::_puschRxChEqCoefCompDynDescr)"
13044660148,25664,250674,273,1,1,12,11,1,51,0.002,0.000,,,,,NVIDIA A100-SXM4-40GB MIG 4g.20gb (0),1,,13,"void channel_eq::eqMmseSoftDemapKernel<float, __half, __half, float, (unsigned int)4, (unsigned short)16383>(channel_eq::_puschRxChEqStatDescr *, channel_eq::_puschRxChEqSoftDemapDynDescr)"
13045124367,679000,250675,1,1,1,32,32,1,30,0.000,0.000,,,,,NVIDIA A100-SXM4-40GB MIG 4g.20gb (0),1,,13,"void convert_kernel<float2, __half2>(tensor_layout_any, T1 *, tensor_layout_any, const T2 *)"
13046291266,15583,250687,2253,1,1,128,1,1,16,0.000,0.000,,,,,NVIDIA A100-SXM4-40GB MIG 4g.20gb (0),1,,13,cupy_copy__float16_float16
13046795196,17216,250696,282,1,1,128,1,1,16,0.000,0.000,,,,,NVIDIA A100-SXM4-40GB MIG 4g.20gb (0),1,,13,cupy_copy__complex64_complex64
13047262583,6175,250705,26,1,1,128,1,1,16,0.000,0.000,,,,,NVIDIA A100-SXM4-40GB MIG 4g.20gb (0),1,,13,cupy_copy__float32_float32
13047728209,6720,250714,103,1,1,128,1,1,16,0.000,0.000,,,,,NVIDIA A100-SXM4-40GB MIG 4g.20gb (0),1,,13,cupy_copy__complex64_complex64
13048176236,21440,250724,1434,1,1,128,1,1,16,0.000,0.000,,,,,NVIDIA A100-SXM4-40GB MIG 4g.20gb (0),1,,13,cupy_copy__complex64_complex64
13048485737,236829,250729,1,1,1,32,32,1,30,0.000,0.000,,,,,NVIDIA A100-SXM4-40GB MIG 4g.20gb (0),1,,13,"void convert_kernel<__half2, float2>(tensor_layout_any, T1 *, tensor_layout_any, const T2 *)"
13048753894,8736,250732,,,,,,,,,,0.094,10725.194,Pinned,Device,NVIDIA A100-SXM4-40GB MIG 4g.20gb (0),1,,13,[CUDA memcpy Host-to-Device]
13049022147,627705,250733,,,,,,,,,,456.561,727302.374,Device,,NVIDIA A100-SXM4-40GB MIG 4g.20gb (0),1,,13,[CUDA memset]
13049651228,61759,250738,,,,,,,,,,1.235,19994.978,Pinned,Device,NVIDIA A100-SXM4-40GB MIG 4g.20gb (0),1,,13,[CUDA memcpy Host-to-Device]
13049715483,9760,250739,,,,,,,,,,0.197,20144.259,Pinned,Device,NVIDIA A100-SXM4-40GB MIG 4g.20gb (0),1,,13,[CUDA memcpy Host-to-Device]
13050177718,33663,250740,69,4,1,48,1,1,76,0.002,0.000,,,,,NVIDIA A100-SXM4-40GB MIG 4g.20gb (0),1,,13,"void ch_est::windowedChEstPreNoDftSOfdmKernel<float, __half, float, (unsigned int)2, (unsigned int)1, (unsigned short)4>(ch_est::puschRxChEstStatDescr_t *, ch_est::puschRxChEstDynDescr_t *)"
13050648784,32608,250741,137,2,1,24,2,1,44,0.001,0.001,,,,,NVIDIA A100-SXM4-40GB MIG 4g.20gb (0),1,,13,"void ch_est::chEstFilterNoDftSOfdmDispatchKernel<float, __half, float, (unsigned int)2>(ch_est::puschRxChEstStatDescr_t *, ch_est::puschRxChEstDynDescr_t *)"
13051060108,19071,250742,137,2,1,24,2,1,44,0.001,0.001,,,,,NVIDIA A100-SXM4-40GB MIG 4g.20gb (0),1,,13,"void ch_est::chEstFilterNoDftSOfdmDispatchKernel<float, __half, float, (unsigned int)2>(ch_est::puschRxChEstStatDescr_t *, ch_est::puschRxChEstDynDescr_t *)"
13051423144,6656,250753,103,1,1,128,1,1,16,0.000,0.000,,,,,NVIDIA A100-SXM4-40GB MIG 4g.20gb (0),1,,13,cupy_copy__complex64_complex64
13051681893,18655,250763,1434,1,1,128,1,1,16,0.000,0.000,,,,,NVIDIA A100-SXM4-40GB MIG 4g.20gb (0),1,,13,cupy_copy__complex64_complex64
13052147199,8800,250770,103,1,1,128,1,1,16,0.000,0.000,,,,,NVIDIA A100-SXM4-40GB MIG 4g.20gb (0),1,,13,cupy_copy__complex64_complex64
13052610266,256701,250777,1,1,1,32,32,1,30,0.000,0.000,,,,,NVIDIA A100-SXM4-40GB MIG 4g.20gb (0),1,,13,"void convert_kernel<__half2, float2>(tensor_layout_any, T1 *, tensor_layout_any, const T2 *)"
13052898135,5856,250780,,,,,,,,,,0.094,15999.997,Pinned,Device,NVIDIA A100-SXM4-40GB MIG 4g.20gb (0),1,,13,[CUDA memcpy Host-to-Device]
13053162132,55871,250781,,,,,,,,,,35.810,640925.948,Device,,NVIDIA A100-SXM4-40GB MIG 4g.20gb (0),1,,13,[CUDA memset]
13053220947,2880,250783,,,,,,,,,,0.000,27.778,Pinned,Device,NVIDIA A100-SXM4-40GB MIG 4g.20gb (0),1,,13,[CUDA memcpy Host-to-Device]
13053229491,17600,250784,,,,,,,,,,0.197,11170.873,Pinned,Device,NVIDIA A100-SXM4-40GB MIG 4g.20gb (0),1,,13,[CUDA memcpy Host-to-Device]
13053699086,15296,250785,273,1,1,48,1,1,40,0.000,0.001,,,,,NVIDIA A100-SXM4-40GB MIG 4g.20gb (0),1,,13,"void pusch_noise_intf_est::noiseIntfEstNoDftSOfdmKernel<float, __half, float, float, (unsigned int)2, (unsigned int)1, (unsigned char)4, (unsigned char)4>(pusch_noise_intf_est::puschRxNoiseIntfEstDynDescr)"
13054199624,5600,250796,35,1,1,128,1,1,16,0.000,0.000,,,,,NVIDIA A100-SXM4-40GB MIG 4g.20gb (0),1,,13,cupy_copy__complex64_complex64
13054661091,5888,250805,1,1,1,1,1,1,18,0.000,0.000,,,,,NVIDIA A100-SXM4-40GB MIG 4g.20gb (0),1,,13,cupy_copy__float32_float32
13054669347,2080,250811,,,,,,,,,,0.000,1.923,Device,Pageable,NVIDIA A100-SXM4-40GB MIG 4g.20gb (0),1,,7,[CUDA memcpy Device-to-Host]
13055174301,18624,250822,1434,1,1,128,1,1,16,0.000,0.000,,,,,NVIDIA A100-SXM4-40GB MIG 4g.20gb (0),1,,13,cupy_copy__complex64_complex64
13055636920,17824,250829,103,1,1,128,1,1,16,0.000,0.000,,,,,NVIDIA A100-SXM4-40GB MIG 4g.20gb (0),1,,13,cupy_copy__complex64_complex64
13056122387,8447,250836,35,1,1,128,1,1,16,0.000,0.000,,,,,NVIDIA A100-SXM4-40GB MIG 4g.20gb (0),1,,13,cupy_copy__complex64_complex64
13056482222,8064,250843,1,1,1,1,1,1,18,0.000,0.000,,,,,NVIDIA A100-SXM4-40GB MIG 4g.20gb (0),1,,13,cupy_copy__float32_float32
13056810219,221277,250854,1,1,1,32,32,1,30,0.000,0.000,,,,,NVIDIA A100-SXM4-40GB MIG 4g.20gb (0),1,,13,"void convert_kernel<__half2, float2>(tensor_layout_any, T1 *, tensor_layout_any, const T2 *)"
13057061512,5536,250857,,,,,,,,,,0.094,16924.777,Pinned,Device,NVIDIA A100-SXM4-40GB MIG 4g.20gb (0),1,,13,[CUDA memcpy Host-to-Device]
13057360549,5280,250858,,,,,,,,,,1.547,292919.759,Device,,NVIDIA A100-SXM4-40GB MIG 4g.20gb (0),1,,13,[CUDA memset]
13057373124,9504,250863,,,,,,,,,,0.031,3292.903,Pinned,Device,NVIDIA A100-SXM4-40GB MIG 4g.20gb (0),1,,13,[CUDA memcpy Host-to-Device]
13057388356,17600,250864,,,,,,,,,,0.197,11170.873,Pinned,Device,NVIDIA A100-SXM4-40GB MIG 4g.20gb (0),1,,13,[CUDA memcpy Host-to-Device]
13057841983,12896,250865,273,1,1,8,4,1,39,0.002,0.000,,,,,NVIDIA A100-SXM4-40GB MIG 4g.20gb (0),1,,13,"void channel_eq::eqMmseCoefCompLowMimoKernel<float, float, float, (unsigned int)4, (unsigned int)1, (unsigned int)4>(const channel_eq::_puschRxChEqStatDescr *, channel_eq::_puschRxChEqCoefCompDynDescr)"
13058380153,16736,250866,273,1,1,12,11,1,51,0.002,0.000,,,,,NVIDIA A100-SXM4-40GB MIG 4g.20gb (0),1,,13,"void channel_eq::eqMmseSoftDemapKernel<float, __half, __half, float, (unsigned int)4, (unsigned short)16383>(channel_eq::_puschRxChEqStatDescr *, channel_eq::_puschRxChEqSoftDemapDynDescr)"
13058947379,640760,250867,1,1,1,32,32,1,30,0.000,0.000,,,,,NVIDIA A100-SXM4-40GB MIG 4g.20gb (0),1,,13,"void convert_kernel<float2, __half2>(tensor_layout_any, T1 *, tensor_layout_any, const T2 *)"
13060076934,18240,250879,2253,1,1,128,1,1,16,0.000,0.000,,,,,NVIDIA A100-SXM4-40GB MIG 4g.20gb (0),1,,13,cupy_copy__float16_float16
13060649247,10336,250888,282,1,1,128,1,1,16,0.000,0.000,,,,,NVIDIA A100-SXM4-40GB MIG 4g.20gb (0),1,,13,cupy_copy__complex64_complex64
13061190809,4000,250897,26,1,1,128,1,1,16,0.000,0.000,,,,,NVIDIA A100-SXM4-40GB MIG 4g.20gb (0),1,,13,cupy_copy__float32_float32
13061674196,11072,250906,103,1,1,128,1,1,16,0.000,0.000,,,,,NVIDIA A100-SXM4-40GB MIG 4g.20gb (0),1,,13,cupy_copy__complex64_complex64
13062174510,23392,250916,1434,1,1,128,1,1,16,0.000,0.000,,,,,NVIDIA A100-SXM4-40GB MIG 4g.20gb (0),1,,13,cupy_copy__complex64_complex64
13062650441,271517,250921,1,1,1,32,32,1,30,0.000,0.000,,,,,NVIDIA A100-SXM4-40GB MIG 4g.20gb (0),1,,13,"void convert_kernel<__half2, float2>(tensor_layout_any, T1 *, tensor_layout_any, const T2 *)"
13062952197,5632,250924,,,,,,,,,,0.094,16636.287,Pinned,Device,NVIDIA A100-SXM4-40GB MIG 4g.20gb (0),1,,13,[CUDA memcpy Host-to-Device]
13063369409,617497,250925,,,,,,,,,,456.561,739172.971,Device,,NVIDIA A100-SXM4-40GB MIG 4g.20gb (0),1,,13,[CUDA memset]
13063995578,62687,250930,,,,,,,,,,1.235,19699.827,Pinned,Device,NVIDIA A100-SXM4-40GB MIG 4g.20gb (0),1,,13,[CUDA memcpy Host-to-Device]
13064060729,9472,250931,,,,,,,,,,0.197,20756.693,Pinned,Device,NVIDIA A100-SXM4-40GB MIG 4g.20gb (0),1,,13,[CUDA memcpy Host-to-Device]
13064468308,12576,250932,69,4,1,48,1,1,76,0.002,0.000,,,,,NVIDIA A100-SXM4-40GB MIG 4g.20gb (0),1,,13,"void ch_est::windowedChEstPreNoDftSOfdmKernel<float, __half, float, (unsigned int)2, (unsigned int)1, (unsigned short)4>(ch_est::puschRxChEstStatDescr_t *, ch_est::puschRxChEstDynDescr_t *)"
13064948047,11360,250933,137,2,1,24,2,1,44,0.001,0.001,,,,,NVIDIA A100-SXM4-40GB MIG 4g.20gb (0),1,,13,"void ch_est::chEstFilterNoDftSOfdmDispatchKernel<float, __half, float, (unsigned int)2>(ch_est::puschRxChEstStatDescr_t *, ch_est::puschRxChEstDynDescr_t *)"
13065435753,37792,250934,137,2,1,24,2,1,44,0.001,0.001,,,,,NVIDIA A100-SXM4-40GB MIG 4g.20gb (0),1,,13,"void ch_est::chEstFilterNoDftSOfdmDispatchKernel<float, __half, float, (unsigned int)2>(ch_est::puschRxChEstStatDescr_t *, ch_est::puschRxChEstDynDescr_t *)"
13065925636,7136,250945,103,1,1,128,1,1,16,0.000,0.000,,,,,NVIDIA A100-SXM4-40GB MIG 4g.20gb (0),1,,13,cupy_copy__complex64_complex64
13066382207,20640,250955,1434,1,1,128,1,1,16,0.000,0.000,,,,,NVIDIA A100-SXM4-40GB MIG 4g.20gb (0),1,,13,cupy_copy__complex64_complex64
13066805658,5664,250962,103,1,1,128,1,1,16,0.000,0.000,,,,,NVIDIA A100-SXM4-40GB MIG 4g.20gb (0),1,,13,cupy_copy__complex64_complex64
13067278101,251101,250969,1,1,1,32,32,1,30,0.000,0.000,,,,,NVIDIA A100-SXM4-40GB MIG 4g.20gb (0),1,,13,"void convert_kernel<__half2, float2>(tensor_layout_any, T1 *, tensor_layout_any, const T2 *)"
13067559025,5920,250972,,,,,,,,,,0.094,15826.941,Pinned,Device,NVIDIA A100-SXM4-40GB MIG 4g.20gb (0),1,,13,[CUDA memcpy Host-to-Device]
13067861838,67743,250973,,,,,,,,,,35.810,528590.229,Device,,NVIDIA A100-SXM4-40GB MIG 4g.20gb (0),1,,13,[CUDA memset]
13067936269,1856,250975,,,,,,,,,,0.000,43.103,Pinned,Device,NVIDIA A100-SXM4-40GB MIG 4g.20gb (0),1,,13,[CUDA memcpy Host-to-Device]
13067944301,13600,250976,,,,,,,,,,0.197,14456.390,Pinned,Device,NVIDIA A100-SXM4-40GB MIG 4g.20gb (0),1,,13,[CUDA memcpy Host-to-Device]
13068431016,15039,250977,273,1,1,48,1,1,40,0.000,0.001,,,,,NVIDIA A100-SXM4-40GB MIG 4g.20gb (0),1,,13,"void pusch_noise_intf_est::noiseIntfEstNoDftSOfdmKernel<float, __half, float, float, (unsigned int)2, (unsigned int)1, (unsigned char)4, (unsigned char)4>(pusch_noise_intf_est::puschRxNoiseIntfEstDynDescr)"
13068920578,6528,250988,35,1,1,128,1,1,16,0.000,0.000,,,,,NVIDIA A100-SXM4-40GB MIG 4g.20gb (0),1,,13,cupy_copy__complex64_complex64
13069380957,4448,250997,1,1,1,1,1,1,18,0.000,0.000,,,,,NVIDIA A100-SXM4-40GB MIG 4g.20gb (0),1,,13,cupy_copy__float32_float32
13069390653,4096,251003,,,,,,,,,,0.000,0.977,Device,Pageable,NVIDIA A100-SXM4-40GB MIG 4g.20gb (0),1,,7,[CUDA memcpy Device-to-Host]
13069936471,22367,251014,1434,1,1,128,1,1,16,0.000,0.000,,,,,NVIDIA A100-SXM4-40GB MIG 4g.20gb (0),1,,13,cupy_copy__complex64_complex64
13070462193,9024,251021,103,1,1,128,1,1,16,0.000,0.000,,,,,NVIDIA A100-SXM4-40GB MIG 4g.20gb (0),1,,13,cupy_copy__complex64_complex64
13070870380,12544,251028,35,1,1,128,1,1,16,0.000,0.000,,,,,NVIDIA A100-SXM4-40GB MIG 4g.20gb (0),1,,13,cupy_copy__complex64_complex64
13071401190,7200,251035,1,1,1,1,1,1,18,0.000,0.000,,,,,NVIDIA A100-SXM4-40GB MIG 4g.20gb (0),1,,13,cupy_copy__float32_float32
13071760034,283325,251046,1,1,1,32,32,1,30,0.000,0.000,,,,,NVIDIA A100-SXM4-40GB MIG 4g.20gb (0),1,,13,"void convert_kernel<__half2, float2>(tensor_layout_any, T1 *, tensor_layout_any, const T2 *)"
13072076702,11456,251049,,,,,,,,,,0.094,8178.724,Pinned,Device,NVIDIA A100-SXM4-40GB MIG 4g.20gb (0),1,,13,[CUDA memcpy Host-to-Device]
13072589209,6272,251050,,,,,,,,,,1.547,246590.637,Device,,NVIDIA A100-SXM4-40GB MIG 4g.20gb (0),1,,13,[CUDA memset]
13072601561,8447,251055,,,,,,,,,,0.031,3704.977,Pinned,Device,NVIDIA A100-SXM4-40GB MIG 4g.20gb (0),1,,13,[CUDA memcpy Host-to-Device]
13072617528,17312,251056,,,,,,,,,,0.197,11356.668,Pinned,Device,NVIDIA A100-SXM4-40GB MIG 4g.20gb (0),1,,13,[CUDA memcpy Host-to-Device]
13073135123,12127,251057,273,1,1,8,4,1,39,0.002,0.000,,,,,NVIDIA A100-SXM4-40GB MIG 4g.20gb (0),1,,13,"void channel_eq::eqMmseCoefCompLowMimoKernel<float, float, float, (unsigned int)4, (unsigned int)1, (unsigned int)4>(const channel_eq::_puschRxChEqStatDescr *, channel_eq::_puschRxChEqCoefCompDynDescr)"
13073625293,28864,251058,273,1,1,12,11,1,51,0.002,0.000,,,,,NVIDIA A100-SXM4-40GB MIG 4g.20gb (0),1,,13,"void channel_eq::eqMmseSoftDemapKernel<float, __half, __half, float, (unsigned int)4, (unsigned short)16383>(channel_eq::_puschRxChEqStatDescr *, channel_eq::_puschRxChEqSoftDemapDynDescr)"
13074097288,679352,251059,1,1,1,32,32,1,30,0.000,0.000,,,,,NVIDIA A100-SXM4-40GB MIG 4g.20gb (0),1,,13,"void convert_kernel<float2, __half2>(tensor_layout_any, T1 *, tensor_layout_any, const T2 *)"
13075278202,17408,251071,2253,1,1,128,1,1,16,0.000,0.000,,,,,NVIDIA A100-SXM4-40GB MIG 4g.20gb (0),1,,13,cupy_copy__float16_float16
13075828308,8736,251080,282,1,1,128,1,1,16,0.000,0.000,,,,,NVIDIA A100-SXM4-40GB MIG 4g.20gb (0),1,,13,cupy_copy__complex64_complex64
13076334862,7904,251089,26,1,1,128,1,1,16,0.000,0.000,,,,,NVIDIA A100-SXM4-40GB MIG 4g.20gb (0),1,,13,cupy_copy__float32_float32
13076839657,19104,251098,103,1,1,128,1,1,16,0.000,0.000,,,,,NVIDIA A100-SXM4-40GB MIG 4g.20gb (0),1,,13,cupy_copy__complex64_complex64
13077281796,19840,251108,1434,1,1,128,1,1,16,0.000,0.000,,,,,NVIDIA A100-SXM4-40GB MIG 4g.20gb (0),1,,13,cupy_copy__complex64_complex64
13077660127,279933,251113,1,1,1,32,32,1,30,0.000,0.000,,,,,NVIDIA A100-SXM4-40GB MIG 4g.20gb (0),1,,13,"void convert_kernel<__half2, float2>(tensor_layout_any, T1 *, tensor_layout_any, const T2 *)"
13077973116,5728,251116,,,,,,,,,,0.094,16357.541,Pinned,Device,NVIDIA A100-SXM4-40GB MIG 4g.20gb (0),1,,13,[CUDA memcpy Host-to-Device]
13078396407,624121,251117,,,,,,,,,,456.561,731411.427,Device,,NVIDIA A100-SXM4-40GB MIG 4g.20gb (0),1,,13,[CUDA memset]
13079021808,65439,251122,,,,,,,,,,1.235,18871.179,Pinned,Device,NVIDIA A100-SXM4-40GB MIG 4g.20gb (0),1,,13,[CUDA memcpy Host-to-Device]
13079089839,9888,251123,,,,,,,,,,0.197,19883.360,Pinned,Device,NVIDIA A100-SXM4-40GB MIG 4g.20gb (0),1,,13,[CUDA memcpy Host-to-Device]
13079502635,32831,251124,69,4,1,48,1,1,76,0.002,0.000,,,,,NVIDIA A100-SXM4-40GB MIG 4g.20gb (0),1,,13,"void ch_est::windowedChEstPreNoDftSOfdmKernel<float, __half, float, (unsigned int)2, (unsigned int)1, (unsigned short)4>(ch_est::puschRxChEstStatDescr_t *, ch_est::puschRxChEstDynDescr_t *)"
13079965349,32576,251125,137,2,1,24,2,1,44,0.001,0.001,,,,,NVIDIA A100-SXM4-40GB MIG 4g.20gb (0),1,,13,"void ch_est::chEstFilterNoDftSOfdmDispatchKernel<float, __half, float, (unsigned int)2>(ch_est::puschRxChEstStatDescr_t *, ch_est::puschRxChEstDynDescr_t *)"
13080377569,21664,251126,137,2,1,24,2,1,44,0.001,0.001,,,,,NVIDIA A100-SXM4-40GB MIG 4g.20gb (0),1,,13,"void ch_est::chEstFilterNoDftSOfdmDispatchKernel<float, __half, float, (unsigned int)2>(ch_est::puschRxChEstStatDescr_t *, ch_est::puschRxChEstDynDescr_t *)"
13080744253,6848,251137,103,1,1,128,1,1,16,0.000,0.000,,,,,NVIDIA A100-SXM4-40GB MIG 4g.20gb (0),1,,13,cupy_copy__complex64_complex64
13081012378,18143,251147,1434,1,1,128,1,1,16,0.000,0.000,,,,,NVIDIA A100-SXM4-40GB MIG 4g.20gb (0),1,,13,cupy_copy__complex64_complex64
13081478740,8928,251154,103,1,1,128,1,1,16,0.000,0.000,,,,,NVIDIA A100-SXM4-40GB MIG 4g.20gb (0),1,,13,cupy_copy__complex64_complex64
13081938159,242749,251161,1,1,1,32,32,1,30,0.000,0.000,,,,,NVIDIA A100-SXM4-40GB MIG 4g.20gb (0),1,,13,"void convert_kernel<__half2, float2>(tensor_layout_any, T1 *, tensor_layout_any, const T2 *)"
13082211468,5728,251164,,,,,,,,,,0.094,16357.541,Pinned,Device,NVIDIA A100-SXM4-40GB MIG 4g.20gb (0),1,,13,[CUDA memcpy Host-to-Device]
13082506057,56063,251165,,,,,,,,,,35.810,638741.543,Device,,NVIDIA A100-SXM4-40GB MIG 4g.20gb (0),1,,13,[CUDA memset]
13082570440,2400,251167,,,,,,,,,,0.000,33.333,Pinned,Device,NVIDIA A100-SXM4-40GB MIG 4g.20gb (0),1,,13,[CUDA memcpy Host-to-Device]
13082579144,13760,251168,,,,,,,,,,0.197,14288.290,Pinned,Device,NVIDIA A100-SXM4-40GB MIG 4g.20gb (0),1,,13,[CUDA memcpy Host-to-Device]
13083106466,17312,251169,273,1,1,48,1,1,40,0.000,0.001,,,,,NVIDIA A100-SXM4-40GB MIG 4g.20gb (0),1,,13,"void pusch_noise_intf_est::noiseIntfEstNoDftSOfdmKernel<float, __half, float, float, (unsigned int)2, (unsigned int)1, (unsigned char)4, (unsigned char)4>(pusch_noise_intf_est::puschRxNoiseIntfEstDynDescr)"
13083599580,5600,251180,35,1,1,128,1,1,16,0.000,0.000,,,,,NVIDIA A100-SXM4-40GB MIG 4g.20gb (0),1,,13,cupy_copy__complex64_complex64
13084118455,4800,251189,1,1,1,1,1,1,18,0.000,0.000,,,,,NVIDIA A100-SXM4-40GB MIG 4g.20gb (0),1,,13,cupy_copy__float32_float32
13084126390,5696,251195,,,,,,,,,,0.000,0.702,Device,Pageable,NVIDIA A100-SXM4-40GB MIG 4g.20gb (0),1,,7,[CUDA memcpy Device-to-Host]
13084661328,25440,251206,1434,1,1,128,1,1,16,0.000,0.000,,,,,NVIDIA A100-SXM4-40GB MIG 4g.20gb (0),1,,13,cupy_copy__complex64_complex64
13085116843,16384,251213,103,1,1,128,1,1,16,0.000,0.000,,,,,NVIDIA A100-SXM4-40GB MIG 4g.20gb (0),1,,13,cupy_copy__complex64_complex64
13085592486,5376,251220,35,1,1,128,1,1,16,0.000,0.000,,,,,NVIDIA A100-SXM4-40GB MIG 4g.20gb (0),1,,13,cupy_copy__complex64_complex64
13086016385,4192,251227,1,1,1,1,1,1,18,0.000,0.000,,,,,NVIDIA A100-SXM4-40GB MIG 4g.20gb (0),1,,13,cupy_copy__float32_float32
13086318622,238205,251238,1,1,1,32,32,1,30,0.000,0.000,,,,,NVIDIA A100-SXM4-40GB MIG 4g.20gb (0),1,,13,"void convert_kernel<__half2, float2>(tensor_layout_any, T1 *, tensor_layout_any, const T2 *)"
13086586171,6048,251241,,,,,,,,,,0.094,15491.978,Pinned,Device,NVIDIA A100-SXM4-40GB MIG 4g.20gb (0),1,,13,[CUDA memcpy Host-to-Device]
13086864472,10079,251242,,,,,,,,,,1.547,153449.847,Device,,NVIDIA A100-SXM4-40GB MIG 4g.20gb (0),1,,13,[CUDA memset]
13086876023,5440,251247,,,,,,,,,,0.031,5752.925,Pinned,Device,NVIDIA A100-SXM4-40GB MIG 4g.20gb (0),1,,13,[CUDA memcpy Host-to-Device]
13086887543,14112,251248,,,,,,,,,,0.197,13931.839,Pinned,Device,NVIDIA A100-SXM4-40GB MIG 4g.20gb (0),1,,13,[CUDA memcpy Host-to-Device]
13087414737,9408,251249,273,1,1,8,4,1,39,0.002,0.000,,,,,NVIDIA A100-SXM4-40GB MIG 4g.20gb (0),1,,13,"void channel_eq::eqMmseCoefCompLowMimoKernel<float, float, float, (unsigned int)4, (unsigned int)1, (unsigned int)4>(const channel_eq::_puschRxChEqStatDescr *, channel_eq::_puschRxChEqCoefCompDynDescr)"
13087929324,28031,251250,273,1,1,12,11,1,51,0.002,0.000,,,,,NVIDIA A100-SXM4-40GB MIG 4g.20gb (0),1,,13,"void channel_eq::eqMmseSoftDemapKernel<float, __half, __half, float, (unsigned int)4, (unsigned short)16383>(channel_eq::_puschRxChEqStatDescr *, channel_eq::_puschRxChEqSoftDemapDynDescr)"
13088448838,653208,251251,1,1,1,32,32,1,30,0.000,0.000,,,,,NVIDIA A100-SXM4-40GB MIG 4g.20gb (0),1,,13,"void convert_kernel<float2, __half2>(tensor_layout_any, T1 *, tensor_layout_any, const T2 *)"
13089577881,16640,251263,2253,1,1,128,1,1,16,0.000,0.000,,,,,NVIDIA A100-SXM4-40GB MIG 4g.20gb (0),1,,13,cupy_copy__float16_float16
13090124467,8096,251272,282,1,1,128,1,1,16,0.000,0.000,,,,,NVIDIA A100-SXM4-40GB MIG 4g.20gb (0),1,,13,cupy_copy__complex64_complex64
13090596205,8224,251281,26,1,1,128,1,1,16,0.000,0.000,,,,,NVIDIA A100-SXM4-40GB MIG 4g.20gb (0),1,,13,cupy_copy__float32_float32
13090997801,10016,251290,103,1,1,128,1,1,16,0.000,0.000,,,,,NVIDIA A100-SXM4-40GB MIG 4g.20gb (0),1,,13,cupy_copy__complex64_complex64
13091387973,20127,251300,1434,1,1,128,1,1,16,0.000,0.000,,,,,NVIDIA A100-SXM4-40GB MIG 4g.20gb (0),1,,13,cupy_copy__complex64_complex64
13091643394,201533,251305,1,1,1,32,32,1,30,0.000,0.000,,,,,NVIDIA A100-SXM4-40GB MIG 4g.20gb (0),1,,13,"void convert_kernel<__half2, float2>(tensor_layout_any, T1 *, tensor_layout_any, const T2 *)"
13091875519,5472,251308,,,,,,,,,,0.094,17122.757,Pinned,Device,NVIDIA A100-SXM4-40GB MIG 4g.20gb (0),1,,13,[CUDA memcpy Host-to-Device]
13092135164,635001,251309,,,,,,,,,,456.561,718627.707,Device,,NVIDIA A100-SXM4-40GB MIG 4g.20gb (0),1,,13,[CUDA memset]
13092776501,62751,251314,,,,,,,,,,1.235,19680.068,Pinned,Device,NVIDIA A100-SXM4-40GB MIG 4g.20gb (0),1,,13,[CUDA memcpy Host-to-Device]
13092842036,9440,251315,,,,,,,,,,0.197,20827.079,Pinned,Device,NVIDIA A100-SXM4-40GB MIG 4g.20gb (0),1,,13,[CUDA memcpy Host-to-Device]
13093253167,29472,251316,69,4,1,48,1,1,76,0.002,0.000,,,,,NVIDIA A100-SXM4-40GB MIG 4g.20gb (0),1,,13,"void ch_est::windowedChEstPreNoDftSOfdmKernel<float, __half, float, (unsigned int)2, (unsigned int)1, (unsigned short)4>(ch_est::puschRxChEstStatDescr_t *, ch_est::puschRxChEstDynDescr_t *)"
13093712778,27232,251317,137,2,1,24,2,1,44,0.001,0.001,,,,,NVIDIA A100-SXM4-40GB MIG 4g.20gb (0),1,,13,"void ch_est::chEstFilterNoDftSOfdmDispatchKernel<float, __half, float, (unsigned int)2>(ch_est::puschRxChEstStatDescr_t *, ch_est::puschRxChEstDynDescr_t *)"
13094129030,21407,251318,137,2,1,24,2,1,44,0.001,0.001,,,,,NVIDIA A100-SXM4-40GB MIG 4g.20gb (0),1,,13,"void ch_est::chEstFilterNoDftSOfdmDispatchKernel<float, __half, float, (unsigned int)2>(ch_est::puschRxChEstStatDescr_t *, ch_est::puschRxChEstDynDescr_t *)"
13094619648,10720,251329,103,1,1,128,1,1,16,0.000,0.000,,,,,NVIDIA A100-SXM4-40GB MIG 4g.20gb (0),1,,13,cupy_copy__complex64_complex64
13094979452,21472,251339,1434,1,1,128,1,1,16,0.000,0.000,,,,,NVIDIA A100-SXM4-40GB MIG 4g.20gb (0),1,,13,cupy_copy__complex64_complex64
13095240313,8672,251346,103,1,1,128,1,1,16,0.000,0.000,,,,,NVIDIA A100-SXM4-40GB MIG 4g.20gb (0),1,,13,cupy_copy__complex64_complex64
13095705108,250909,251353,1,1,1,32,32,1,30,0.000,0.000,,,,,NVIDIA A100-SXM4-40GB MIG 4g.20gb (0),1,,13,"void convert_kernel<__half2, float2>(tensor_layout_any, T1 *, tensor_layout_any, const T2 *)"
13095986097,8320,251356,,,,,,,,,,0.094,11261.510,Pinned,Device,NVIDIA A100-SXM4-40GB MIG 4g.20gb (0),1,,13,[CUDA memcpy Host-to-Device]
13096262830,56671,251357,,,,,,,,,,35.810,631866.038,Device,,NVIDIA A100-SXM4-40GB MIG 4g.20gb (0),1,,13,[CUDA memset]
13096325261,1920,251359,,,,,,,,,,0.000,41.667,Pinned,Device,NVIDIA A100-SXM4-40GB MIG 4g.20gb (0),1,,13,[CUDA memcpy Host-to-Device]
13096330349,12160,251360,,,,,,,,,,0.197,16168.255,Pinned,Device,NVIDIA A100-SXM4-40GB MIG 4g.20gb (0),1,,13,[CUDA memcpy Host-to-Device]
13096797927,22400,251361,273,1,1,48,1,1,40,0.000,0.001,,,,,NVIDIA A100-SXM4-40GB MIG 4g.20gb (0),1,,13,"void pusch_noise_intf_est::noiseIntfEstNoDftSOfdmKernel<float, __half, float, float, (unsigned int)2, (unsigned int)1, (unsigned char)4, (unsigned char)4>(pusch_noise_intf_est::puschRxNoiseIntfEstDynDescr)"
13097318850,9919,251372,35,1,1,128,1,1,16,0.000,0.000,,,,,NVIDIA A100-SXM4-40GB MIG 4g.20gb (0),1,,13,cupy_copy__complex64_complex64
13097841948,6528,251381,1,1,1,1,1,1,18,0.000,0.000,,,,,NVIDIA A100-SXM4-40GB MIG 4g.20gb (0),1,,13,cupy_copy__float32_float32
13097853724,3616,251387,,,,,,,,,,0.000,1.106,Device,Pageable,NVIDIA A100-SXM4-40GB MIG 4g.20gb (0),1,,7,[CUDA memcpy Device-to-Host]
13098380534,18175,251398,1434,1,1,128,1,1,16,0.000,0.000,,,,,NVIDIA A100-SXM4-40GB MIG 4g.20gb (0),1,,13,cupy_copy__complex64_complex64
13098897712,9280,251405,103,1,1,128,1,1,16,0.000,0.000,,,,,NVIDIA A100-SXM4-40GB MIG 4g.20gb (0),1,,13,cupy_copy__complex64_complex64
13099391114,4576,251412,35,1,1,128,1,1,16,0.000,0.000,,,,,NVIDIA A100-SXM4-40GB MIG 4g.20gb (0),1,,13,cupy_copy__complex64_complex64
13099915108,8640,251419,1,1,1,1,1,1,18,0.000,0.000,,,,,NVIDIA A100-SXM4-40GB MIG 4g.20gb (0),1,,13,cupy_copy__float32_float32
13100368735,300189,251430,1,1,1,32,32,1,30,0.000,0.000,,,,,NVIDIA A100-SXM4-40GB MIG 4g.20gb (0),1,,13,"void convert_kernel<__half2, float2>(tensor_layout_any, T1 *, tensor_layout_any, const T2 *)"
13100702779,8416,251433,,,,,,,,,,0.094,11133.052,Pinned,Device,NVIDIA A100-SXM4-40GB MIG 4g.20gb (0),1,,13,[CUDA memcpy Host-to-Device]
13101082167,7712,251434,,,,,,,,,,1.547,200547.641,Device,,NVIDIA A100-SXM4-40GB MIG 4g.20gb (0),1,,13,[CUDA memset]
13101097431,3040,251439,,,,,,,,,,0.031,10294.725,Pinned,Device,NVIDIA A100-SXM4-40GB MIG 4g.20gb (0),1,,13,[CUDA memcpy Host-to-Device]
13101107767,12896,251440,,,,,,,,,,0.197,15245.574,Pinned,Device,NVIDIA A100-SXM4-40GB MIG 4g.20gb (0),1,,13,[CUDA memcpy Host-to-Device]
13101617041,12928,251441,273,1,1,8,4,1,39,0.002,0.000,,,,,NVIDIA A100-SXM4-40GB MIG 4g.20gb (0),1,,13,"void channel_eq::eqMmseCoefCompLowMimoKernel<float, float, float, (unsigned int)4, (unsigned int)1, (unsigned int)4>(const channel_eq::_puschRxChEqStatDescr *, channel_eq::_puschRxChEqCoefCompDynDescr)"
13102125163,13408,251442,273,1,1,12,11,1,51,0.002,0.000,,,,,NVIDIA A100-SXM4-40GB MIG 4g.20gb (0),1,,13,"void channel_eq::eqMmseSoftDemapKernel<float, __half, __half, float, (unsigned int)4, (unsigned short)16383>(channel_eq::_puschRxChEqStatDescr *, channel_eq::_puschRxChEqSoftDemapDynDescr)"
13102661189,663353,251443,1,1,1,32,32,1,30,0.000,0.000,,,,,NVIDIA A100-SXM4-40GB MIG 4g.20gb (0),1,,13,"void convert_kernel<float2, __half2>(tensor_layout_any, T1 *, tensor_layout_any, const T2 *)"
13103748057,16512,251455,2253,1,1,128,1,1,16,0.000,0.000,,,,,NVIDIA A100-SXM4-40GB MIG 4g.20gb (0),1,,13,cupy_copy__float16_float16
13104245491,10528,251464,282,1,1,128,1,1,16,0.000,0.000,,,,,NVIDIA A100-SXM4-40GB MIG 4g.20gb (0),1,,13,cupy_copy__complex64_complex64
13104722062,5824,251473,26,1,1,128,1,1,16,0.000,0.000,,,,,NVIDIA A100-SXM4-40GB MIG 4g.20gb (0),1,,13,cupy_copy__float32_float32
13105183401,21056,251482,103,1,1,128,1,1,16,0.000,0.000,,,,,NVIDIA A100-SXM4-40GB MIG 4g.20gb (0),1,,13,cupy_copy__complex64_complex64
13105606340,21504,251492,1434,1,1,128,1,1,16,0.000,0.000,,,,,NVIDIA A100-SXM4-40GB MIG 4g.20gb (0),1,,13,cupy_copy__complex64_complex64
13105988288,277373,251497,1,1,1,32,32,1,30,0.000,0.000,,,,,NVIDIA A100-SXM4-40GB MIG 4g.20gb (0),1,,13,"void convert_kernel<__half2, float2>(tensor_layout_any, T1 *, tensor_layout_any, const T2 *)"
13106295228,5504,251500,,,,,,,,,,0.094,17023.251,Pinned,Device,NVIDIA A100-SXM4-40GB MIG 4g.20gb (0),1,,13,[CUDA memcpy Host-to-Device]
13106705112,629497,251501,,,,,,,,,,456.561,725019.567,Device,,NVIDIA A100-SXM4-40GB MIG 4g.20gb (0),1,,13,[CUDA memset]
13107335537,62207,251506,,,,,,,,,,1.235,19851.725,Pinned,Device,NVIDIA A100-SXM4-40GB MIG 4g.20gb (0),1,,13,[CUDA memcpy Host-to-Device]
13107400176,10080,251507,,,,,,,,,,0.197,19504.693,Pinned,Device,NVIDIA A100-SXM4-40GB MIG 4g.20gb (0),1,,13,[CUDA memcpy Host-to-Device]
13107821963,14016,251508,69,4,1,48,1,1,76,0.002,0.000,,,,,NVIDIA A100-SXM4-40GB MIG 4g.20gb (0),1,,13,"void ch_est::windowedChEstPreNoDftSOfdmKernel<float, __half, float, (unsigned int)2, (unsigned int)1, (unsigned short)4>(ch_est::puschRxChEstStatDescr_t *, ch_est::puschRxChEstDynDescr_t *)"
13108299110,11936,251509,137,2,1,24,2,1,44,0.001,0.001,,,,,NVIDIA A100-SXM4-40GB MIG 4g.20gb (0),1,,13,"void ch_est::chEstFilterNoDftSOfdmDispatchKernel<float, __half, float, (unsigned int)2>(ch_est::puschRxChEstStatDescr_t *, ch_est::puschRxChEstDynDescr_t *)"
13108772224,36352,251510,137,2,1,24,2,1,44,0.001,0.001,,,,,NVIDIA A100-SXM4-40GB MIG 4g.20gb (0),1,,13,"void ch_est::chEstFilterNoDftSOfdmDispatchKernel<float, __half, float, (unsigned int)2>(ch_est::puschRxChEstStatDescr_t *, ch_est::puschRxChEstDynDescr_t *)"
13109343674,6880,251521,103,1,1,128,1,1,16,0.000,0.000,,,,,NVIDIA A100-SXM4-40GB MIG 4g.20gb (0),1,,13,cupy_copy__complex64_complex64
13109806933,23423,251531,1434,1,1,128,1,1,16,0.000,0.000,,,,,NVIDIA A100-SXM4-40GB MIG 4g.20gb (0),1,,13,cupy_copy__complex64_complex64
13110298191,5184,251538,103,1,1,128,1,1,16,0.000,0.000,,,,,NVIDIA A100-SXM4-40GB MIG 4g.20gb (0),1,,13,cupy_copy__complex64_complex64
13110641227,285949,251545,1,1,1,32,32,1,30,0.000,0.000,,,,,NVIDIA A100-SXM4-40GB MIG 4g.20gb (0),1,,13,"void convert_kernel<__half2, float2>(tensor_layout_any, T1 *, tensor_layout_any, const T2 *)"
13110961064,15743,251548,,,,,,,,,,0.094,5951.570,Pinned,Device,NVIDIA A100-SXM4-40GB MIG 4g.20gb (0),1,,13,[CUDA memcpy Host-to-Device]
13111436354,65792,251549,,,,,,,,,,35.810,544274.974,Device,,NVIDIA A100-SXM4-40GB MIG 4g.20gb (0),1,,13,[CUDA memset]
13111507297,2624,251551,,,,,,,,,,0.000,30.488,Pinned,Device,NVIDIA A100-SXM4-40GB MIG 4g.20gb (0),1,,13,[CUDA memcpy Host-to-Device]
13111518689,15936,251552,,,,,,,,,,0.197,12337.349,Pinned,Device,NVIDIA A100-SXM4-40GB MIG 4g.20gb (0),1,,13,[CUDA memcpy Host-to-Device]
13112053403,40096,251553,273,1,1,48,1,1,40,0.000,0.001,,,,,NVIDIA A100-SXM4-40GB MIG 4g.20gb (0),1,,13,"void pusch_noise_intf_est::noiseIntfEstNoDftSOfdmKernel<float, __half, float, float, (unsigned int)2, (unsigned int)1, (unsigned char)4, (unsigned char)4>(pusch_noise_intf_est::puschRxNoiseIntfEstDynDescr)"
13112567957,8928,251564,35,1,1,128,1,1,16,0.000,0.000,,,,,NVIDIA A100-SXM4-40GB MIG 4g.20gb (0),1,,13,cupy_copy__complex64_complex64
13113040272,5536,251573,1,1,1,1,1,1,18,0.000,0.000,,,,,NVIDIA A100-SXM4-40GB MIG 4g.20gb (0),1,,13,cupy_copy__float32_float32
13113053552,2144,251579,,,,,,,,,,0.000,1.866,Device,Pageable,NVIDIA A100-SXM4-40GB MIG 4g.20gb (0),1,,7,[CUDA memcpy Device-to-Host]
13113581066,20640,251590,1434,1,1,128,1,1,16,0.000,0.000,,,,,NVIDIA A100-SXM4-40GB MIG 4g.20gb (0),1,,13,cupy_copy__complex64_complex64
13114073604,9376,251597,103,1,1,128,1,1,16,0.000,0.000,,,,,NVIDIA A100-SXM4-40GB MIG 4g.20gb (0),1,,13,cupy_copy__complex64_complex64
13114499584,5824,251604,35,1,1,128,1,1,16,0.000,0.000,,,,,NVIDIA A100-SXM4-40GB MIG 4g.20gb (0),1,,13,cupy_copy__complex64_complex64
13114809852,5152,251611,1,1,1,1,1,1,18,0.000,0.000,,,,,NVIDIA A100-SXM4-40GB MIG 4g.20gb (0),1,,13,cupy_copy__float32_float32
13115327894,237854,251622,1,1,1,32,32,1,30,0.000,0.000,,,,,NVIDIA A100-SXM4-40GB MIG 4g.20gb (0),1,,13,"void convert_kernel<__half2, float2>(tensor_layout_any, T1 *, tensor_layout_any, const T2 *)"
13115595987,11776,251625,,,,,,,,,,0.094,7956.477,Pinned,Device,NVIDIA A100-SXM4-40GB MIG 4g.20gb (0),1,,13,[CUDA memcpy Host-to-Device]
13115895632,7968,251626,,,,,,,,,,1.547,194104.405,Device,,NVIDIA A100-SXM4-40GB MIG 4g.20gb (0),1,,13,[CUDA memset]
13115904528,7232,251631,,,,,,,,,,0.031,4327.423,Pinned,Device,NVIDIA A100-SXM4-40GB MIG 4g.20gb (0),1,,13,[CUDA memcpy Host-to-Device]
13115915248,13504,251632,,,,,,,,,,0.197,14559.216,Pinned,Device,NVIDIA A100-SXM4-40GB MIG 4g.20gb (0),1,,13,[CUDA memcpy Host-to-Device]
13116450346,11616,251633,273,1,1,8,4,1,39,0.002,0.000,,,,,NVIDIA A100-SXM4-40GB MIG 4g.20gb (0),1,,13,"void channel_eq::eqMmseCoefCompLowMimoKernel<float, float, float, (unsigned int)4, (unsigned int)1, (unsigned int)4>(const channel_eq::_puschRxChEqStatDescr *, channel_eq::_puschRxChEqCoefCompDynDescr)"
13117002851,9856,251634,273,1,1,12,11,1,51,0.002,0.000,,,,,NVIDIA A100-SXM4-40GB MIG 4g.20gb (0),1,,13,"void channel_eq::eqMmseSoftDemapKernel<float, __half, __half, float, (unsigned int)4, (unsigned short)16383>(channel_eq::_puschRxChEqStatDescr *, channel_eq::_puschRxChEqSoftDemapDynDescr)"
13117487390,664824,251635,1,1,1,32,32,1,30,0.000,0.000,,,,,NVIDIA A100-SXM4-40GB MIG 4g.20gb (0),1,,13,"void convert_kernel<float2, __half2>(tensor_layout_any, T1 *, tensor_layout_any, const T2 *)"
13118447315,16736,251647,2253,1,1,128,1,1,16,0.000,0.000,,,,,NVIDIA A100-SXM4-40GB MIG 4g.20gb (0),1,,13,cupy_copy__float16_float16
13118950029,8864,251656,282,1,1,128,1,1,16,0.000,0.000,,,,,NVIDIA A100-SXM4-40GB MIG 4g.20gb (0),1,,13,cupy_copy__complex64_complex64
13119425832,7168,251665,26,1,1,128,1,1,16,0.000,0.000,,,,,NVIDIA A100-SXM4-40GB MIG 4g.20gb (0),1,,13,cupy_copy__float32_float32
13119886979,18592,251674,103,1,1,128,1,1,16,0.000,0.000,,,,,NVIDIA A100-SXM4-40GB MIG 4g.20gb (0),1,,13,cupy_copy__complex64_complex64
13120265887,20767,251684,1434,1,1,128,1,1,16,0.000,0.000,,,,,NVIDIA A100-SXM4-40GB MIG 4g.20gb (0),1,,13,cupy_copy__complex64_complex64
13120617723,261789,251689,1,1,1,32,32,1,30,0.000,0.000,,,,,NVIDIA A100-SXM4-40GB MIG 4g.20gb (0),1,,13,"void convert_kernel<__half2, float2>(tensor_layout_any, T1 *, tensor_layout_any, const T2 *)"
13120910199,5472,251692,,,,,,,,,,0.094,17122.757,Pinned,Device,NVIDIA A100-SXM4-40GB MIG 4g.20gb (0),1,,13,[CUDA memcpy Host-to-Device]
13121311187,619417,251693,,,,,,,,,,456.561,736890.164,Device,,NVIDIA A100-SXM4-40GB MIG 4g.20gb (0),1,,13,[CUDA memset]
13121934988,64543,251698,,,,,,,,,,1.235,19132.987,Pinned,Device,NVIDIA A100-SXM4-40GB MIG 4g.20gb (0),1,,13,[CUDA memcpy Host-to-Device]
13122001995,9600,251699,,,,,,,,,,0.197,20479.869,Pinned,Device,NVIDIA A100-SXM4-40GB MIG 4g.20gb (0),1,,13,[CUDA memcpy Host-to-Device]
13122454726,14336,251700,69,4,1,48,1,1,76,0.002,0.000,,,,,NVIDIA A100-SXM4-40GB MIG 4g.20gb (0),1,,13,"void ch_est::windowedChEstPreNoDftSOfdmKernel<float, __half, float, (unsigned int)2, (unsigned int)1, (unsigned short)4>(ch_est::puschRxChEstStatDescr_t *, ch_est::puschRxChEstDynDescr_t *)"
13122945472,32384,251701,137,2,1,24,2,1,44,0.001,0.001,,,,,NVIDIA A100-SXM4-40GB MIG 4g.20gb (0),1,,13,"void ch_est::chEstFilterNoDftSOfdmDispatchKernel<float, __half, float, (unsigned int)2>(ch_est::puschRxChEstStatDescr_t *, ch_est::puschRxChEstDynDescr_t *)"
13123407451,10528,251702,137,2,1,24,2,1,44,0.001,0.001,,,,,NVIDIA A100-SXM4-40GB MIG 4g.20gb (0),1,,13,"void ch_est::chEstFilterNoDftSOfdmDispatchKernel<float, __half, float, (unsigned int)2>(ch_est::puschRxChEstStatDescr_t *, ch_est::puschRxChEstDynDescr_t *)"
13123908597,7456,251713,103,1,1,128,1,1,16,0.000,0.000,,,,,NVIDIA A100-SXM4-40GB MIG 4g.20gb (0),1,,13,cupy_copy__complex64_complex64
13124319217,21664,251723,1434,1,1,128,1,1,16,0.000,0.000,,,,,NVIDIA A100-SXM4-40GB MIG 4g.20gb (0),1,,13,cupy_copy__complex64_complex64
13124744492,6880,251730,103,1,1,128,1,1,16,0.000,0.000,,,,,NVIDIA A100-SXM4-40GB MIG 4g.20gb (0),1,,13,cupy_copy__complex64_complex64
13125049737,222205,251737,1,1,1,32,32,1,30,0.000,0.000,,,,,NVIDIA A100-SXM4-40GB MIG 4g.20gb (0),1,,13,"void convert_kernel<__half2, float2>(tensor_layout_any, T1 *, tensor_layout_any, const T2 *)"
13125306726,8608,251740,,,,,,,,,,0.094,10884.758,Pinned,Device,NVIDIA A100-SXM4-40GB MIG 4g.20gb (0),1,,13,[CUDA memcpy Host-to-Device]
13125531203,45920,251741,,,,,,,,,,35.810,779832.628,Device,,NVIDIA A100-SXM4-40GB MIG 4g.20gb (0),1,,13,[CUDA memset]
13125584067,2400,251743,,,,,,,,,,0.000,33.333,Pinned,Device,NVIDIA A100-SXM4-40GB MIG 4g.20gb (0),1,,13,[CUDA memcpy Host-to-Device]
13125592866,19200,251744,,,,,,,,,,0.197,10239.934,Pinned,Device,NVIDIA A100-SXM4-40GB MIG 4g.20gb (0),1,,13,[CUDA memcpy Host-to-Device]
13126105789,14976,251745,273,1,1,48,1,1,40,0.000,0.001,,,,,NVIDIA A100-SXM4-40GB MIG 4g.20gb (0),1,,13,"void pusch_noise_intf_est::noiseIntfEstNoDftSOfdmKernel<float, __half, float, float, (unsigned int)2, (unsigned int)1, (unsigned char)4, (unsigned char)4>(pusch_noise_intf_est::puschRxNoiseIntfEstDynDescr)"
13126625463,8064,251756,35,1,1,128,1,1,16,0.000,0.000,,,,,NVIDIA A100-SXM4-40GB MIG 4g.20gb (0),1,,13,cupy_copy__complex64_complex64
13127134705,3872,251765,1,1,1,1,1,1,18,0.000,0.000,,,,,NVIDIA A100-SXM4-40GB MIG 4g.20gb (0),1,,13,cupy_copy__float32_float32
13127144241,4096,251771,,,,,,,,,,0.000,0.977,Device,Pageable,NVIDIA A100-SXM4-40GB MIG 4g.20gb (0),1,,7,[CUDA memcpy Device-to-Host]
13127672811,18176,251782,1434,1,1,128,1,1,16,0.000,0.000,,,,,NVIDIA A100-SXM4-40GB MIG 4g.20gb (0),1,,13,cupy_copy__complex64_complex64
13128210597,8224,251789,103,1,1,128,1,1,16,0.000,0.000,,,,,NVIDIA A100-SXM4-40GB MIG 4g.20gb (0),1,,13,cupy_copy__complex64_complex64
13128718975,5824,251796,35,1,1,128,1,1,16,0.000,0.000,,,,,NVIDIA A100-SXM4-40GB MIG 4g.20gb (0),1,,13,cupy_copy__complex64_complex64
13129183258,9312,251803,1,1,1,1,1,1,18,0.000,0.000,,,,,NVIDIA A100-SXM4-40GB MIG 4g.20gb (0),1,,13,cupy_copy__float32_float32
13129670676,267229,251814,1,1,1,32,32,1,30,0.000,0.000,,,,,NVIDIA A100-SXM4-40GB MIG 4g.20gb (0),1,,13,"void convert_kernel<__half2, float2>(tensor_layout_any, T1 *, tensor_layout_any, const T2 *)"
13129967537,5472,251817,,,,,,,,,,0.094,17122.757,Pinned,Device,NVIDIA A100-SXM4-40GB MIG 4g.20gb (0),1,,13,[CUDA memcpy Host-to-Device]
13130280238,5312,251818,,,,,,,,,,1.547,291156.608,Device,,NVIDIA A100-SXM4-40GB MIG 4g.20gb (0),1,,13,[CUDA memset]
13130288173,3296,251823,,,,,,,,,,0.031,9495.144,Pinned,Device,NVIDIA A100-SXM4-40GB MIG 4g.20gb (0),1,,13,[CUDA memcpy Host-to-Device]
13130294605,14144,251824,,,,,,,,,,0.197,13900.382,Pinned,Device,NVIDIA A100-SXM4-40GB MIG 4g.20gb (0),1,,13,[CUDA memcpy Host-to-Device]
13130821799,10336,251825,273,1,1,8,4,1,39,0.002,0.000,,,,,NVIDIA A100-SXM4-40GB MIG 4g.20gb (0),1,,13,"void channel_eq::eqMmseCoefCompLowMimoKernel<float, float, float, (unsigned int)4, (unsigned int)1, (unsigned int)4>(const channel_eq::_puschRxChEqStatDescr *, channel_eq::_puschRxChEqCoefCompDynDescr)"
13131303170,9888,251826,273,1,1,12,11,1,51,0.002,0.000,,,,,NVIDIA A100-SXM4-40GB MIG 4g.20gb (0),1,,13,"void channel_eq::eqMmseSoftDemapKernel<float, __half, __half, float, (unsigned int)4, (unsigned short)16383>(channel_eq::_puschRxChEqStatDescr *, channel_eq::_puschRxChEqSoftDemapDynDescr)"
13131806812,641081,251827,1,1,1,32,32,1,30,0.000,0.000,,,,,NVIDIA A100-SXM4-40GB MIG 4g.20gb (0),1,,13,"void convert_kernel<float2, __half2>(tensor_layout_any, T1 *, tensor_layout_any, const T2 *)"
13132777713,17536,251839,2253,1,1,128,1,1,16,0.000,0.000,,,,,NVIDIA A100-SXM4-40GB MIG 4g.20gb (0),1,,13,cupy_copy__float16_float16
13133254188,4448,251848,282,1,1,128,1,1,16,0.000,0.000,,,,,NVIDIA A100-SXM4-40GB MIG 4g.20gb (0),1,,13,cupy_copy__complex64_complex64
13133714951,7104,251857,26,1,1,128,1,1,16,0.000,0.000,,,,,NVIDIA A100-SXM4-40GB MIG 4g.20gb (0),1,,13,cupy_copy__float32_float32
13134129954,12512,251866,103,1,1,128,1,1,16,0.000,0.000,,,,,NVIDIA A100-SXM4-40GB MIG 4g.20gb (0),1,,13,cupy_copy__complex64_complex64
13134533150,21535,251876,1434,1,1,128,1,1,16,0.000,0.000,,,,,NVIDIA A100-SXM4-40GB MIG 4g.20gb (0),1,,13,cupy_copy__complex64_complex64
13134798075,230941,251881,1,1,1,32,32,1,30,0.000,0.000,,,,,NVIDIA A100-SXM4-40GB MIG 4g.20gb (0),1,,13,"void convert_kernel<__half2, float2>(tensor_layout_any, T1 *, tensor_layout_any, const T2 *)"
13135060664,8704,251884,,,,,,,,,,0.094,10764.640,Pinned,Device,NVIDIA A100-SXM4-40GB MIG 4g.20gb (0),1,,13,[CUDA memcpy Host-to-Device]
13135298101,624185,251885,,,,,,,,,,456.561,731411.427,Device,,NVIDIA A100-SXM4-40GB MIG 4g.20gb (0),1,,13,[CUDA memset]
13135930702,62591,251890,,,,,,,,,,1.235,19729.465,Pinned,Device,NVIDIA A100-SXM4-40GB MIG 4g.20gb (0),1,,13,[CUDA memcpy Host-to-Device]
13135995853,9504,251891,,,,,,,,,,0.197,20686.701,Pinned,Device,NVIDIA A100-SXM4-40GB MIG 4g.20gb (0),1,,13,[CUDA memcpy Host-to-Device]
13136410184,10816,251892,69,4,1,48,1,1,76,0.002,0.000,,,,,NVIDIA A100-SXM4-40GB MIG 4g.20gb (0),1,,13,"void ch_est::windowedChEstPreNoDftSOfdmKernel<float, __half, float, (unsigned int)2, (unsigned int)1, (unsigned short)4>(ch_est::puschRxChEstStatDescr_t *, ch_est::puschRxChEstDynDescr_t *)"
13136916643,11616,251893,137,2,1,24,2,1,44,0.001,0.001,,,,,NVIDIA A100-SXM4-40GB MIG 4g.20gb (0),1,,13,"void ch_est::chEstFilterNoDftSOfdmDispatchKernel<float, __half, float, (unsigned int)2>(ch_est::puschRxChEstStatDescr_t *, ch_est::puschRxChEstDynDescr_t *)"
13137381885,33824,251894,137,2,1,24,2,1,44,0.001,0.001,,,,,NVIDIA A100-SXM4-40GB MIG 4g.20gb (0),1,,13,"void ch_est::chEstFilterNoDftSOfdmDispatchKernel<float, __half, float, (unsigned int)2>(ch_est::puschRxChEstStatDescr_t *, ch_est::puschRxChEstDynDescr_t *)"
13137942391,18208,251905,103,1,1,128,1,1,16,0.000,0.000,,,,,NVIDIA A100-SXM4-40GB MIG 4g.20gb (0),1,,13,cupy_copy__complex64_complex64
13138367634,19392,251915,1434,1,1,128,1,1,16,0.000,0.000,,,,,NVIDIA A100-SXM4-40GB MIG 4g.20gb (0),1,,13,cupy_copy__complex64_complex64
13138852717,7232,251922,103,1,1,128,1,1,16,0.000,0.000,,,,,NVIDIA A100-SXM4-40GB MIG 4g.20gb (0),1,,13,cupy_copy__complex64_complex64
13139233769,236925,251929,1,1,1,32,32,1,30,0.000,0.000,,,,,NVIDIA A100-SXM4-40GB MIG 4g.20gb (0),1,,13,"void convert_kernel<__half2, float2>(tensor_layout_any, T1 *, tensor_layout_any, const T2 *)"
13139501222,9023,251932,,,,,,,,,,0.094,10384.047,Pinned,Device,NVIDIA A100-SXM4-40GB MIG 4g.20gb (0),1,,13,[CUDA memcpy Host-to-Device]
13139719139,52959,251933,,,,,,,,,,35.810,676162.909,Device,,NVIDIA A100-SXM4-40GB MIG 4g.20gb (0),1,,13,[CUDA memset]
13139778274,8096,251935,,,,,,,,,,0.000,9.881,Pinned,Device,NVIDIA A100-SXM4-40GB MIG 4g.20gb (0),1,,13,[CUDA memcpy Host-to-Device]
13139795138,16640,251936,,,,,,,,,,0.197,11815.354,Pinned,Device,NVIDIA A100-SXM4-40GB MIG 4g.20gb (0),1,,13,[CUDA memcpy Host-to-Device]
13140379068,17567,251937,273,1,1,48,1,1,40,0.000,0.001,,,,,NVIDIA A100-SXM4-40GB MIG 4g.20gb (0),1,,13,"void pusch_noise_intf_est::noiseIntfEstNoDftSOfdmKernel<float, __half, float, float, (unsigned int)2, (unsigned int)1, (unsigned char)4, (unsigned char)4>(pusch_noise_intf_est::puschRxNoiseIntfEstDynDescr)"
13140950037,6400,251948,35,1,1,128,1,1,16,0.000,0.000,,,,,NVIDIA A100-SXM4-40GB MIG 4g.20gb (0),1,,13,cupy_copy__complex64_complex64
13141406736,7840,251957,1,1,1,1,1,1,18,0.000,0.000,,,,,NVIDIA A100-SXM4-40GB MIG 4g.20gb (0),1,,13,cupy_copy__float32_float32
13141420048,1856,251963,,,,,,,,,,0.000,2.155,Device,Pageable,NVIDIA A100-SXM4-40GB MIG 4g.20gb (0),1,,7,[CUDA memcpy Device-to-Host]
13141984617,28608,251974,1434,1,1,128,1,1,16,0.000,0.000,,,,,NVIDIA A100-SXM4-40GB MIG 4g.20gb (0),1,,13,cupy_copy__complex64_complex64
13142564675,17216,251981,103,1,1,128,1,1,16,0.000,0.000,,,,,NVIDIA A100-SXM4-40GB MIG 4g.20gb (0),1,,13,cupy_copy__complex64_complex64
13143072669,13024,251988,35,1,1,128,1,1,16,0.000,0.000,,,,,NVIDIA A100-SXM4-40GB MIG 4g.20gb (0),1,,13,cupy_copy__complex64_complex64
13143539960,4416,251995,1,1,1,1,1,1,18,0.000,0.000,,,,,NVIDIA A100-SXM4-40GB MIG 4g.20gb (0),1,,13,cupy_copy__float32_float32
13143899252,226109,252006,1,1,1,32,32,1,30,0.000,0.000,,,,,NVIDIA A100-SXM4-40GB MIG 4g.20gb (0),1,,13,"void convert_kernel<__half2, float2>(tensor_layout_any, T1 *, tensor_layout_any, const T2 *)"
13144154993,5728,252009,,,,,,,,,,0.094,16357.541,Pinned,Device,NVIDIA A100-SXM4-40GB MIG 4g.20gb (0),1,,13,[CUDA memcpy Host-to-Device]
13144491885,4800,252010,,,,,,,,,,1.547,322212.818,Device,,NVIDIA A100-SXM4-40GB MIG 4g.20gb (0),1,,13,[CUDA memset]
13144502157,4704,252015,,,,,,,,,,0.031,6653.060,Pinned,Device,NVIDIA A100-SXM4-40GB MIG 4g.20gb (0),1,,13,[CUDA memcpy Host-to-Device]
13144511981,12416,252016,,,,,,,,,,0.197,15835.005,Pinned,Device,NVIDIA A100-SXM4-40GB MIG 4g.20gb (0),1,,13,[CUDA memcpy Host-to-Device]
13145092006,14496,252017,273,1,1,8,4,1,39,0.002,0.000,,,,,NVIDIA A100-SXM4-40GB MIG 4g.20gb (0),1,,13,"void channel_eq::eqMmseCoefCompLowMimoKernel<float, float, float, (unsigned int)4, (unsigned int)1, (unsigned int)4>(const channel_eq::_puschRxChEqStatDescr *, channel_eq::_puschRxChEqCoefCompDynDescr)"
13145563681,31680,252018,273,1,1,12,11,1,51,0.002,0.000,,,,,NVIDIA A100-SXM4-40GB MIG 4g.20gb (0),1,,13,"void channel_eq::eqMmseSoftDemapKernel<float, __half, __half, float, (unsigned int)4, (unsigned short)16383>(channel_eq::_puschRxChEqStatDescr *, channel_eq::_puschRxChEqSoftDemapDynDescr)"
13146159162,651065,252019,1,1,1,32,32,1,30,0.000,0.000,,,,,NVIDIA A100-SXM4-40GB MIG 4g.20gb (0),1,,13,"void convert_kernel<float2, __half2>(tensor_layout_any, T1 *, tensor_layout_any, const T2 *)"
13147141487,17792,252031,2253,1,1,128,1,1,16,0.000,0.000,,,,,NVIDIA A100-SXM4-40GB MIG 4g.20gb (0),1,,13,cupy_copy__float16_float16
13147611818,18304,252040,282,1,1,128,1,1,16,0.000,0.000,,,,,NVIDIA A100-SXM4-40GB MIG 4g.20gb (0),1,,13,cupy_copy__complex64_complex64
13148022661,4224,252049,26,1,1,128,1,1,16,0.000,0.000,,,,,NVIDIA A100-SXM4-40GB MIG 4g.20gb (0),1,,13,cupy_copy__float32_float32
13148513728,5984,252058,103,1,1,128,1,1,16,0.000,0.000,,,,,NVIDIA A100-SXM4-40GB MIG 4g.20gb (0),1,,13,cupy_copy__complex64_complex64
13149035482,17472,252074,1434,1,1,128,1,1,16,0.000,0.000,,,,,NVIDIA A100-SXM4-40GB MIG 4g.20gb (0),1,,13,cupy_copy__complex64_complex64
13149537780,249021,252079,1,1,1,32,32,1,30,0.000,0.000,,,,,NVIDIA A100-SXM4-40GB MIG 4g.20gb (0),1,,13,"void convert_kernel<__half2, float2>(tensor_layout_any, T1 *, tensor_layout_any, const T2 *)"
13149816849,5440,252082,,,,,,,,,,0.094,17223.480,Pinned,Device,NVIDIA A100-SXM4-40GB MIG 4g.20gb (0),1,,13,[CUDA memcpy Host-to-Device]
13150126734,626809,252083,,,,,,,,,,456.561,728215.497,Device,,NVIDIA A100-SXM4-40GB MIG 4g.20gb (0),1,,13,[CUDA memset]
13150763206,62880,252088,,,,,,,,,,1.235,19639.314,Pinned,Device,NVIDIA A100-SXM4-40GB MIG 4g.20gb (0),1,,13,[CUDA memcpy Host-to-Device]
13150828646,9888,252089,,,,,,,,,,0.197,19883.360,Pinned,Device,NVIDIA A100-SXM4-40GB MIG 4g.20gb (0),1,,13,[CUDA memcpy Host-to-Device]
13151238305,30624,252090,69,4,1,48,1,1,76,0.002,0.000,,,,,NVIDIA A100-SXM4-40GB MIG 4g.20gb (0),1,,13,"void ch_est::windowedChEstPreNoDftSOfdmKernel<float, __half, float, (unsigned int)2, (unsigned int)1, (unsigned short)4>(ch_est::puschRxChEstStatDescr_t *, ch_est::puschRxChEstDynDescr_t *)"
13151719484,30879,252091,137,2,1,24,2,1,44,0.001,0.001,,,,,NVIDIA A100-SXM4-40GB MIG 4g.20gb (0),1,,13,"void ch_est::chEstFilterNoDftSOfdmDispatchKernel<float, __half, float, (unsigned int)2>(ch_est::puschRxChEstStatDescr_t *, ch_est::puschRxChEstDynDescr_t *)"
13152204790,10528,252092,137,2,1,24,2,1,44,0.001,0.001,,,,,NVIDIA A100-SXM4-40GB MIG 4g.20gb (0),1,,13,"void ch_est::chEstFilterNoDftSOfdmDispatchKernel<float, __half, float, (unsigned int)2>(ch_est::puschRxChEstStatDescr_t *, ch_est::puschRxChEstDynDescr_t *)"
13152721328,8576,252103,103,1,1,128,1,1,16,0.000,0.000,,,,,NVIDIA A100-SXM4-40GB MIG 4g.20gb (0),1,,13,cupy_copy__complex64_complex64
13153146891,19712,252113,1434,1,1,128,1,1,16,0.000,0.000,,,,,NVIDIA A100-SXM4-40GB MIG 4g.20gb (0),1,,13,cupy_copy__complex64_complex64
13153573511,4672,252120,103,1,1,128,1,1,16,0.000,0.000,,,,,NVIDIA A100-SXM4-40GB MIG 4g.20gb (0),1,,13,cupy_copy__complex64_complex64
13153872931,224862,252127,1,1,1,32,32,1,30,0.000,0.000,,,,,NVIDIA A100-SXM4-40GB MIG 4g.20gb (0),1,,13,"void convert_kernel<__half2, float2>(tensor_layout_any, T1 *, tensor_layout_any, const T2 *)"
13154129248,6144,252130,,,,,,,,,,0.094,15249.961,Pinned,Device,NVIDIA A100-SXM4-40GB MIG 4g.20gb (0),1,,13,[CUDA memcpy Host-to-Device]
13154346078,54111,252131,,,,,,,,,,35.810,661767.322,Device,,NVIDIA A100-SXM4-40GB MIG 4g.20gb (0),1,,13,[CUDA memset]
13154402877,8704,252133,,,,,,,,,,0.000,9.191,Pinned,Device,NVIDIA A100-SXM4-40GB MIG 4g.20gb (0),1,,13,[CUDA memcpy Host-to-Device]
13154417725,16320,252134,,,,,,,,,,0.197,12046.959,Pinned,Device,NVIDIA A100-SXM4-40GB MIG 4g.20gb (0),1,,13,[CUDA memcpy Host-to-Device]
13154930551,16064,252135,273,1,1,48,1,1,40,0.000,0.001,,,,,NVIDIA A100-SXM4-40GB MIG 4g.20gb (0),1,,13,"void pusch_noise_intf_est::noiseIntfEstNoDftSOfdmKernel<float, __half, float, float, (unsigned int)2, (unsigned int)1, (unsigned char)4, (unsigned char)4>(pusch_noise_intf_est::puschRxNoiseIntfEstDynDescr)"
13155457905,6464,252146,35,1,1,128,1,1,16,0.000,0.000,,,,,NVIDIA A100-SXM4-40GB MIG 4g.20gb (0),1,,13,cupy_copy__complex64_complex64
13155960332,3808,252155,1,1,1,1,1,1,18,0.000,0.000,,,,,NVIDIA A100-SXM4-40GB MIG 4g.20gb (0),1,,13,cupy_copy__float32_float32
13155971820,3808,252161,,,,,,,,,,0.000,1.050,Device,Pageable,NVIDIA A100-SXM4-40GB MIG 4g.20gb (0),1,,7,[CUDA memcpy Device-to-Host]
13156506566,18975,252172,1434,1,1,128,1,1,16,0.000,0.000,,,,,NVIDIA A100-SXM4-40GB MIG 4g.20gb (0),1,,13,cupy_copy__complex64_complex64
13157058911,9024,252179,103,1,1,128,1,1,16,0.000,0.000,,,,,NVIDIA A100-SXM4-40GB MIG 4g.20gb (0),1,,13,cupy_copy__complex64_complex64
13157569018,9087,252186,35,1,1,128,1,1,16,0.000,0.000,,,,,NVIDIA A100-SXM4-40GB MIG 4g.20gb (0),1,,13,cupy_copy__complex64_complex64
13158088372,4192,252193,1,1,1,1,1,1,18,0.000,0.000,,,,,NVIDIA A100-SXM4-40GB MIG 4g.20gb (0),1,,13,cupy_copy__float32_float32
13158558286,244798,252204,1,1,1,32,32,1,30,0.000,0.000,,,,,NVIDIA A100-SXM4-40GB MIG 4g.20gb (0),1,,13,"void convert_kernel<__half2, float2>(tensor_layout_any, T1 *, tensor_layout_any, const T2 *)"
13158832043,5440,252207,,,,,,,,,,0.094,17223.480,Pinned,Device,NVIDIA A100-SXM4-40GB MIG 4g.20gb (0),1,,13,[CUDA memcpy Host-to-Device]
13159159560,7392,252208,,,,,,,,,,1.547,209228.841,Device,,NVIDIA A100-SXM4-40GB MIG 4g.20gb (0),1,,13,[CUDA memset]
13159174663,5088,252213,,,,,,,,,,0.031,6150.916,Pinned,Device,NVIDIA A100-SXM4-40GB MIG 4g.20gb (0),1,,13,[CUDA memcpy Host-to-Device]
13159183143,12896,252214,,,,,,,,,,0.197,15245.574,Pinned,Device,NVIDIA A100-SXM4-40GB MIG 4g.20gb (0),1,,13,[CUDA memcpy Host-to-Device]
13159680834,10208,252215,273,1,1,8,4,1,39,0.002,0.000,,,,,NVIDIA A100-SXM4-40GB MIG 4g.20gb (0),1,,13,"void channel_eq::eqMmseCoefCompLowMimoKernel<float, float, float, (unsigned int)4, (unsigned int)1, (unsigned int)4>(const channel_eq::_puschRxChEqStatDescr *, channel_eq::_puschRxChEqCoefCompDynDescr)"
13160153244,9760,252216,273,1,1,12,11,1,51,0.002,0.000,,,,,NVIDIA A100-SXM4-40GB MIG 4g.20gb (0),1,,13,"void channel_eq::eqMmseSoftDemapKernel<float, __half, __half, float, (unsigned int)4, (unsigned short)16383>(channel_eq::_puschRxChEqStatDescr *, channel_eq::_puschRxChEqSoftDemapDynDescr)"
13160653047,655544,252217,1,1,1,32,32,1,30,0.000,0.000,,,,,NVIDIA A100-SXM4-40GB MIG 4g.20gb (0),1,,13,"void convert_kernel<float2, __half2>(tensor_layout_any, T1 *, tensor_layout_any, const T2 *)"
13161603692,12960,252229,2253,1,1,128,1,1,16,0.000,0.000,,,,,NVIDIA A100-SXM4-40GB MIG 4g.20gb (0),1,,13,cupy_copy__float16_float16
13162100902,5024,252238,282,1,1,128,1,1,16,0.000,0.000,,,,,NVIDIA A100-SXM4-40GB MIG 4g.20gb (0),1,,13,cupy_copy__complex64_complex64
13162583649,3648,252247,26,1,1,128,1,1,16,0.000,0.000,,,,,NVIDIA A100-SXM4-40GB MIG 4g.20gb (0),1,,13,cupy_copy__float32_float32
13163041756,23712,252256,103,1,1,128,1,1,16,0.000,0.000,,,,,NVIDIA A100-SXM4-40GB MIG 4g.20gb (0),1,,13,cupy_copy__complex64_complex64
13163562454,24000,252266,1434,1,1,128,1,1,16,0.000,0.000,,,,,NVIDIA A100-SXM4-40GB MIG 4g.20gb (0),1,,13,cupy_copy__complex64_complex64
13164119760,354300,252271,1,1,1,32,32,1,30,0.000,0.000,,,,,NVIDIA A100-SXM4-40GB MIG 4g.20gb (0),1,,13,"void convert_kernel<__half2, float2>(tensor_layout_any, T1 *, tensor_layout_any, const T2 *)"
13164507243,5728,252274,,,,,,,,,,0.094,16357.541,Pinned,Device,NVIDIA A100-SXM4-40GB MIG 4g.20gb (0),1,,13,[CUDA memcpy Host-to-Device]
13165009382,611385,252275,,,,,,,,,,456.561,746477.954,Device,,NVIDIA A100-SXM4-40GB MIG 4g.20gb (0),1,,13,[CUDA memset]
13165624191,67871,252280,,,,,,,,,,1.235,18194.430,Pinned,Device,NVIDIA A100-SXM4-40GB MIG 4g.20gb (0),1,,13,[CUDA memcpy Host-to-Device]
13165694686,10176,252281,,,,,,,,,,0.197,19320.668,Pinned,Device,NVIDIA A100-SXM4-40GB MIG 4g.20gb (0),1,,13,[CUDA memcpy Host-to-Device]
13166356790,14752,252282,69,4,1,48,1,1,76,0.002,0.000,,,,,NVIDIA A100-SXM4-40GB MIG 4g.20gb (0),1,,13,"void ch_est::windowedChEstPreNoDftSOfdmKernel<float, __half, float, (unsigned int)2, (unsigned int)1, (unsigned short)4>(ch_est::puschRxChEstStatDescr_t *, ch_est::puschRxChEstDynDescr_t *)"
13166966320,16063,252283,137,2,1,24,2,1,44,0.001,0.001,,,,,NVIDIA A100-SXM4-40GB MIG 4g.20gb (0),1,,13,"void ch_est::chEstFilterNoDftSOfdmDispatchKernel<float, __half, float, (unsigned int)2>(ch_est::puschRxChEstStatDescr_t *, ch_est::puschRxChEstDynDescr_t *)"
13167699943,10304,252284,137,2,1,24,2,1,44,0.001,0.001,,,,,NVIDIA A100-SXM4-40GB MIG 4g.20gb (0),1,,13,"void ch_est::chEstFilterNoDftSOfdmDispatchKernel<float, __half, float, (unsigned int)2>(ch_est::puschRxChEstStatDescr_t *, ch_est::puschRxChEstDynDescr_t *)"
13168431807,5280,252295,103,1,1,128,1,1,16,0.000,0.000,,,,,NVIDIA A100-SXM4-40GB MIG 4g.20gb (0),1,,13,cupy_copy__complex64_complex64
13168888698,29439,252305,1434,1,1,128,1,1,16,0.000,0.000,,,,,NVIDIA A100-SXM4-40GB MIG 4g.20gb (0),1,,13,cupy_copy__complex64_complex64
13169607634,4800,252312,103,1,1,128,1,1,16,0.000,0.000,,,,,NVIDIA A100-SXM4-40GB MIG 4g.20gb (0),1,,13,cupy_copy__complex64_complex64
13170119820,298941,252319,1,1,1,32,32,1,30,0.000,0.000,,,,,NVIDIA A100-SXM4-40GB MIG 4g.20gb (0),1,,13,"void convert_kernel<__half2, float2>(tensor_layout_any, T1 *, tensor_layout_any, const T2 *)"
13170448360,7808,252322,,,,,,,,,,0.094,11999.928,Pinned,Device,NVIDIA A100-SXM4-40GB MIG 4g.20gb (0),1,,13,[CUDA memcpy Host-to-Device]
13170926211,55711,252323,,,,,,,,,,35.810,642752.254,Device,,NVIDIA A100-SXM4-40GB MIG 4g.20gb (0),1,,13,[CUDA memset]
13170989794,4416,252325,,,,,,,,,,0.000,18.116,Pinned,Device,NVIDIA A100-SXM4-40GB MIG 4g.20gb (0),1,,13,[CUDA memcpy Host-to-Device]
13171001026,17440,252326,,,,,,,,,,0.197,11273.306,Pinned,Device,NVIDIA A100-SXM4-40GB MIG 4g.20gb (0),1,,13,[CUDA memcpy Host-to-Device]
13171566716,33535,252327,273,1,1,48,1,1,40,0.000,0.001,,,,,NVIDIA A100-SXM4-40GB MIG 4g.20gb (0),1,,13,"void pusch_noise_intf_est::noiseIntfEstNoDftSOfdmKernel<float, __half, float, float, (unsigned int)2, (unsigned int)1, (unsigned char)4, (unsigned char)4>(pusch_noise_intf_est::puschRxNoiseIntfEstDynDescr)"
13172202900,10400,252338,35,1,1,128,1,1,16,0.000,0.000,,,,,NVIDIA A100-SXM4-40GB MIG 4g.20gb (0),1,,13,cupy_copy__complex64_complex64
13172800878,3296,252347,1,1,1,1,1,1,18,0.000,0.000,,,,,NVIDIA A100-SXM4-40GB MIG 4g.20gb (0),1,,13,cupy_copy__float32_float32
13172811438,5663,252353,,,,,,,,,,0.000,0.706,Device,Pageable,NVIDIA A100-SXM4-40GB MIG 4g.20gb (0),1,,7,[CUDA memcpy Device-to-Host]
13173452486,21024,252364,1434,1,1,128,1,1,16,0.000,0.000,,,,,NVIDIA A100-SXM4-40GB MIG 4g.20gb (0),1,,13,cupy_copy__complex64_complex64
13174076767,4928,252371,103,1,1,128,1,1,16,0.000,0.000,,,,,NVIDIA A100-SXM4-40GB MIG 4g.20gb (0),1,,13,cupy_copy__complex64_complex64
13174602841,8224,252378,35,1,1,128,1,1,16,0.000,0.000,,,,,NVIDIA A100-SXM4-40GB MIG 4g.20gb (0),1,,13,cupy_copy__complex64_complex64
13175155123,4128,252385,1,1,1,1,1,1,18,0.000,0.000,,,,,NVIDIA A100-SXM4-40GB MIG 4g.20gb (0),1,,13,cupy_copy__float32_float32
13175651661,301213,252396,1,1,1,32,32,1,30,0.000,0.000,,,,,NVIDIA A100-SXM4-40GB MIG 4g.20gb (0),1,,13,"void convert_kernel<__half2, float2>(tensor_layout_any, T1 *, tensor_layout_any, const T2 *)"
13175986186,5664,252399,,,,,,,,,,0.094,16542.310,Pinned,Device,NVIDIA A100-SXM4-40GB MIG 4g.20gb (0),1,,13,[CUDA memcpy Host-to-Device]
13176408485,13344,252400,,,,,,,,,,1.547,115904.003,Device,,NVIDIA A100-SXM4-40GB MIG 4g.20gb (0),1,,13,[CUDA memset]
13176423845,7424,252405,,,,,,,,,,0.031,4215.509,Pinned,Device,NVIDIA A100-SXM4-40GB MIG 4g.20gb (0),1,,13,[CUDA memcpy Host-to-Device]
13176433797,15007,252406,,,,,,,,,,0.197,13100.974,Pinned,Device,NVIDIA A100-SXM4-40GB MIG 4g.20gb (0),1,,13,[CUDA memcpy Host-to-Device]
13176933375,35136,252407,273,1,1,8,4,1,39,0.002,0.000,,,,,NVIDIA A100-SXM4-40GB MIG 4g.20gb (0),1,,13,"void channel_eq::eqMmseCoefCompLowMimoKernel<float, float, float, (unsigned int)4, (unsigned int)1, (unsigned int)4>(const channel_eq::_puschRxChEqStatDescr *, channel_eq::_puschRxChEqCoefCompDynDescr)"
13177454425,40416,252408,273,1,1,12,11,1,51,0.002,0.000,,,,,NVIDIA A100-SXM4-40GB MIG 4g.20gb (0),1,,13,"void channel_eq::eqMmseSoftDemapKernel<float, __half, __half, float, (unsigned int)4, (unsigned short)16383>(channel_eq::_puschRxChEqStatDescr *, channel_eq::_puschRxChEqSoftDemapDynDescr)"
13177986707,713816,252409,1,1,1,32,32,1,30,0.000,0.000,,,,,NVIDIA A100-SXM4-40GB MIG 4g.20gb (0),1,,13,"void convert_kernel<float2, __half2>(tensor_layout_any, T1 *, tensor_layout_any, const T2 *)"
13179077991,14240,252421,2253,1,1,128,1,1,16,0.000,0.000,,,,,NVIDIA A100-SXM4-40GB MIG 4g.20gb (0),1,,13,cupy_copy__float16_float16
13179611553,5664,252430,282,1,1,128,1,1,16,0.000,0.000,,,,,NVIDIA A100-SXM4-40GB MIG 4g.20gb (0),1,,13,cupy_copy__complex64_complex64
13180135547,4544,252439,26,1,1,128,1,1,16,0.000,0.000,,,,,NVIDIA A100-SXM4-40GB MIG 4g.20gb (0),1,,13,cupy_copy__float32_float32
13180671093,8096,252448,103,1,1,128,1,1,16,0.000,0.000,,,,,NVIDIA A100-SXM4-40GB MIG 4g.20gb (0),1,,13,cupy_copy__complex64_complex64
13181191471,19360,252458,1434,1,1,128,1,1,16,0.000,0.000,,,,,NVIDIA A100-SXM4-40GB MIG 4g.20gb (0),1,,13,cupy_copy__complex64_complex64
13181653866,256861,252463,1,1,1,32,32,1,30,0.000,0.000,,,,,NVIDIA A100-SXM4-40GB MIG 4g.20gb (0),1,,13,"void convert_kernel<__half2, float2>(tensor_layout_any, T1 *, tensor_layout_any, const T2 *)"
13181941671,5983,252466,,,,,,,,,,0.094,15660.349,Pinned,Device,NVIDIA A100-SXM4-40GB MIG 4g.20gb (0),1,,13,[CUDA memcpy Host-to-Device]
13182148164,610393,252467,,,,,,,,,,456.561,747847.639,Device,,NVIDIA A100-SXM4-40GB MIG 4g.20gb (0),1,,13,[CUDA memset]
13182761117,60288,252472,,,,,,,,,,1.235,20484.016,Pinned,Device,NVIDIA A100-SXM4-40GB MIG 4g.20gb (0),1,,13,[CUDA memcpy Host-to-Device]
13182824061,9887,252473,,,,,,,,,,0.197,19885.326,Pinned,Device,NVIDIA A100-SXM4-40GB MIG 4g.20gb (0),1,,13,[CUDA memcpy Host-to-Device]
13183353015,12991,252474,69,4,1,48,1,1,76,0.002,0.000,,,,,NVIDIA A100-SXM4-40GB MIG 4g.20gb (0),1,,13,"void ch_est::windowedChEstPreNoDftSOfdmKernel<float, __half, float, (unsigned int)2, (unsigned int)1, (unsigned short)4>(ch_est::puschRxChEstStatDescr_t *, ch_est::puschRxChEstDynDescr_t *)"
13183895760,10048,252475,137,2,1,24,2,1,44,0.001,0.001,,,,,NVIDIA A100-SXM4-40GB MIG 4g.20gb (0),1,,13,"void ch_est::chEstFilterNoDftSOfdmDispatchKernel<float, __half, float, (unsigned int)2>(ch_est::puschRxChEstStatDescr_t *, ch_est::puschRxChEstDynDescr_t *)"
13184435818,10432,252476,137,2,1,24,2,1,44,0.001,0.001,,,,,NVIDIA A100-SXM4-40GB MIG 4g.20gb (0),1,,13,"void ch_est::chEstFilterNoDftSOfdmDispatchKernel<float, __half, float, (unsigned int)2>(ch_est::puschRxChEstStatDescr_t *, ch_est::puschRxChEstDynDescr_t *)"
13185030276,4992,252487,103,1,1,128,1,1,16,0.000,0.000,,,,,NVIDIA A100-SXM4-40GB MIG 4g.20gb (0),1,,13,cupy_copy__complex64_complex64
13185636733,24320,252497,1434,1,1,128,1,1,16,0.000,0.000,,,,,NVIDIA A100-SXM4-40GB MIG 4g.20gb (0),1,,13,cupy_copy__complex64_complex64
13186232854,9536,252504,103,1,1,128,1,1,16,0.000,0.000,,,,,NVIDIA A100-SXM4-40GB MIG 4g.20gb (0),1,,13,cupy_copy__complex64_complex64
13187012237,265245,252511,1,1,1,32,32,1,30,0.000,0.000,,,,,NVIDIA A100-SXM4-40GB MIG 4g.20gb (0),1,,13,"void convert_kernel<__half2, float2>(tensor_layout_any, T1 *, tensor_layout_any, const T2 *)"
13187309450,13664,252514,,,,,,,,,,0.094,6857.142,Pinned,Device,NVIDIA A100-SXM4-40GB MIG 4g.20gb (0),1,,13,[CUDA memcpy Host-to-Device]
13187838948,60479,252515,,,,,,,,,,35.810,592081.217,Device,,NVIDIA A100-SXM4-40GB MIG 4g.20gb (0),1,,13,[CUDA memset]
13187909955,6592,252517,,,,,,,,,,0.000,12.136,Pinned,Device,NVIDIA A100-SXM4-40GB MIG 4g.20gb (0),1,,13,[CUDA memcpy Host-to-Device]
13187919203,10816,252518,,,,,,,,,,0.197,18177.393,Pinned,Device,NVIDIA A100-SXM4-40GB MIG 4g.20gb (0),1,,13,[CUDA memcpy Host-to-Device]
13188706106,31648,252519,273,1,1,48,1,1,40,0.000,0.001,,,,,NVIDIA A100-SXM4-40GB MIG 4g.20gb (0),1,,13,"void pusch_noise_intf_est::noiseIntfEstNoDftSOfdmKernel<float, __half, float, float, (unsigned int)2, (unsigned int)1, (unsigned char)4, (unsigned char)4>(pusch_noise_intf_est::puschRxNoiseIntfEstDynDescr)"
13189434866,15200,252530,35,1,1,128,1,1,16,0.000,0.000,,,,,NVIDIA A100-SXM4-40GB MIG 4g.20gb (0),1,,13,cupy_copy__complex64_complex64
13190092715,3647,252539,1,1,1,1,1,1,18,0.000,0.000,,,,,NVIDIA A100-SXM4-40GB MIG 4g.20gb (0),1,,13,cupy_copy__float32_float32
13190098410,1760,252545,,,,,,,,,,0.000,2.273,Device,Pageable,NVIDIA A100-SXM4-40GB MIG 4g.20gb (0),1,,7,[CUDA memcpy Device-to-Host]
13190864642,23168,252556,1434,1,1,128,1,1,16,0.000,0.000,,,,,NVIDIA A100-SXM4-40GB MIG 4g.20gb (0),1,,13,cupy_copy__complex64_complex64
13191537434,16896,252563,103,1,1,128,1,1,16,0.000,0.000,,,,,NVIDIA A100-SXM4-40GB MIG 4g.20gb (0),1,,13,cupy_copy__complex64_complex64
13192159411,7904,252570,35,1,1,128,1,1,16,0.000,0.000,,,,,NVIDIA A100-SXM4-40GB MIG 4g.20gb (0),1,,13,cupy_copy__complex64_complex64
13192651822,4128,252577,1,1,1,1,1,1,18,0.000,0.000,,,,,NVIDIA A100-SXM4-40GB MIG 4g.20gb (0),1,,13,cupy_copy__float32_float32
13193107016,262942,252588,1,1,1,32,32,1,30,0.000,0.000,,,,,NVIDIA A100-SXM4-40GB MIG 4g.20gb (0),1,,13,"void convert_kernel<__half2, float2>(tensor_layout_any, T1 *, tensor_layout_any, const T2 *)"
13193400421,5568,252591,,,,,,,,,,0.094,16827.521,Pinned,Device,NVIDIA A100-SXM4-40GB MIG 4g.20gb (0),1,,13,[CUDA memcpy Host-to-Device]
13193854400,7616,252592,,,,,,,,,,1.547,203074.824,Device,,NVIDIA A100-SXM4-40GB MIG 4g.20gb (0),1,,13,[CUDA memset]
13193865248,8992,252597,,,,,,,,,,0.031,3480.397,Pinned,Device,NVIDIA A100-SXM4-40GB MIG 4g.20gb (0),1,,13,[CUDA memcpy Host-to-Device]
13193879584,14464,252598,,,,,,,,,,0.197,13592.887,Pinned,Device,NVIDIA A100-SXM4-40GB MIG 4g.20gb (0),1,,13,[CUDA memcpy Host-to-Device]
13194598104,18463,252599,273,1,1,8,4,1,39,0.002,0.000,,,,,NVIDIA A100-SXM4-40GB MIG 4g.20gb (0),1,,13,"void channel_eq::eqMmseCoefCompLowMimoKernel<float, float, float, (unsigned int)4, (unsigned int)1, (unsigned int)4>(const channel_eq::_puschRxChEqStatDescr *, channel_eq::_puschRxChEqCoefCompDynDescr)"
13195342799,17472,252600,273,1,1,12,11,1,51,0.002,0.000,,,,,NVIDIA A100-SXM4-40GB MIG 4g.20gb (0),1,,13,"void channel_eq::eqMmseSoftDemapKernel<float, __half, __half, float, (unsigned int)4, (unsigned short)16383>(channel_eq::_puschRxChEqStatDescr *, channel_eq::_puschRxChEqSoftDemapDynDescr)"
13196092679,698872,252601,1,1,1,32,32,1,30,0.000,0.000,,,,,NVIDIA A100-SXM4-40GB MIG 4g.20gb (0),1,,13,"void convert_kernel<float2, __half2>(tensor_layout_any, T1 *, tensor_layout_any, const T2 *)"
13197462519,21728,252613,2253,1,1,128,1,1,16,0.000,0.000,,,,,NVIDIA A100-SXM4-40GB MIG 4g.20gb (0),1,,13,cupy_copy__float16_float16
13198192239,16224,252622,282,1,1,128,1,1,16,0.000,0.000,,,,,NVIDIA A100-SXM4-40GB MIG 4g.20gb (0),1,,13,cupy_copy__complex64_complex64
13198821992,5376,252631,26,1,1,128,1,1,16,0.000,0.000,,,,,NVIDIA A100-SXM4-40GB MIG 4g.20gb (0),1,,13,cupy_copy__float32_float32
13199304867,9471,252640,103,1,1,128,1,1,16,0.000,0.000,,,,,NVIDIA A100-SXM4-40GB MIG 4g.20gb (0),1,,13,cupy_copy__complex64_complex64
13199838813,19871,252650,1434,1,1,128,1,1,16,0.000,0.000,,,,,NVIDIA A100-SXM4-40GB MIG 4g.20gb (0),1,,13,cupy_copy__complex64_complex64
13200596884,252797,252655,1,1,1,32,32,1,30,0.000,0.000,,,,,NVIDIA A100-SXM4-40GB MIG 4g.20gb (0),1,,13,"void convert_kernel<__half2, float2>(tensor_layout_any, T1 *, tensor_layout_any, const T2 *)"
13200936112,5824,252658,,,,,,,,,,0.094,16087.884,Pinned,Device,NVIDIA A100-SXM4-40GB MIG 4g.20gb (0),1,,13,[CUDA memcpy Host-to-Device]
13201488586,695800,252659,,,,,,,,,,456.561,656078.789,Device,,NVIDIA A100-SXM4-40GB MIG 4g.20gb (0),1,,13,[CUDA memset]
13202191714,60447,252664,,,,,,,,,,1.235,20429.679,Pinned,Device,NVIDIA A100-SXM4-40GB MIG 4g.20gb (0),1,,13,[CUDA memcpy Host-to-Device]
13202254593,9824,252665,,,,,,,,,,0.197,20012.925,Pinned,Device,NVIDIA A100-SXM4-40GB MIG 4g.20gb (0),1,,13,[CUDA memcpy Host-to-Device]
13202849275,14815,252666,69,4,1,48,1,1,76,0.002,0.000,,,,,NVIDIA A100-SXM4-40GB MIG 4g.20gb (0),1,,13,"void ch_est::windowedChEstPreNoDftSOfdmKernel<float, __half, float, (unsigned int)2, (unsigned int)1, (unsigned short)4>(ch_est::puschRxChEstStatDescr_t *, ch_est::puschRxChEstDynDescr_t *)"
13203309749,11840,252667,137,2,1,24,2,1,44,0.001,0.001,,,,,NVIDIA A100-SXM4-40GB MIG 4g.20gb (0),1,,13,"void ch_est::chEstFilterNoDftSOfdmDispatchKernel<float, __half, float, (unsigned int)2>(ch_est::puschRxChEstStatDescr_t *, ch_est::puschRxChEstDynDescr_t *)"
13203988398,12672,252668,137,2,1,24,2,1,44,0.001,0.001,,,,,NVIDIA A100-SXM4-40GB MIG 4g.20gb (0),1,,13,"void ch_est::chEstFilterNoDftSOfdmDispatchKernel<float, __half, float, (unsigned int)2>(ch_est::puschRxChEstStatDescr_t *, ch_est::puschRxChEstDynDescr_t *)"
13204671174,5952,252679,103,1,1,128,1,1,16,0.000,0.000,,,,,NVIDIA A100-SXM4-40GB MIG 4g.20gb (0),1,,13,cupy_copy__complex64_complex64
13205294239,25984,252689,1434,1,1,128,1,1,16,0.000,0.000,,,,,NVIDIA A100-SXM4-40GB MIG 4g.20gb (0),1,,13,cupy_copy__complex64_complex64
13205968471,17440,252696,103,1,1,128,1,1,16,0.000,0.000,,,,,NVIDIA A100-SXM4-40GB MIG 4g.20gb (0),1,,13,cupy_copy__complex64_complex64
13206624816,374940,252703,1,1,1,32,32,1,30,0.000,0.000,,,,,NVIDIA A100-SXM4-40GB MIG 4g.20gb (0),1,,13,"void convert_kernel<__half2, float2>(tensor_layout_any, T1 *, tensor_layout_any, const T2 *)"
13207029675,5472,252706,,,,,,,,,,0.094,17122.757,Pinned,Device,NVIDIA A100-SXM4-40GB MIG 4g.20gb (0),1,,13,[CUDA memcpy Host-to-Device]
13207722660,47295,252707,,,,,,,,,,35.810,757129.139,Device,,NVIDIA A100-SXM4-40GB MIG 4g.20gb (0),1,,13,[CUDA memset]
13207772003,5216,252709,,,,,,,,,,0.000,15.337,Pinned,Device,NVIDIA A100-SXM4-40GB MIG 4g.20gb (0),1,,13,[CUDA memcpy Host-to-Device]
13207779939,15296,252710,,,,,,,,,,0.197,12853.445,Pinned,Device,NVIDIA A100-SXM4-40GB MIG 4g.20gb (0),1,,13,[CUDA memcpy Host-to-Device]
13208584538,16288,252711,273,1,1,48,1,1,40,0.000,0.001,,,,,NVIDIA A100-SXM4-40GB MIG 4g.20gb (0),1,,13,"void pusch_noise_intf_est::noiseIntfEstNoDftSOfdmKernel<float, __half, float, float, (unsigned int)2, (unsigned int)1, (unsigned char)4, (unsigned char)4>(pusch_noise_intf_est::puschRxNoiseIntfEstDynDescr)"
13209359729,5088,252722,35,1,1,128,1,1,16,0.000,0.000,,,,,NVIDIA A100-SXM4-40GB MIG 4g.20gb (0),1,,13,cupy_copy__complex64_complex64
13210125416,3744,252731,1,1,1,1,1,1,18,0.000,0.000,,,,,NVIDIA A100-SXM4-40GB MIG 4g.20gb (0),1,,13,cupy_copy__float32_float32
13210131432,4096,252737,,,,,,,,,,0.000,0.977,Device,Pageable,NVIDIA A100-SXM4-40GB MIG 4g.20gb (0),1,,7,[CUDA memcpy Device-to-Host]
13210895680,20447,252748,1434,1,1,128,1,1,16,0.000,0.000,,,,,NVIDIA A100-SXM4-40GB MIG 4g.20gb (0),1,,13,cupy_copy__complex64_complex64
13211677303,4864,252755,103,1,1,128,1,1,16,0.000,0.000,,,,,NVIDIA A100-SXM4-40GB MIG 4g.20gb (0),1,,13,cupy_copy__complex64_complex64
13212296400,11776,252762,35,1,1,128,1,1,16,0.000,0.000,,,,,NVIDIA A100-SXM4-40GB MIG 4g.20gb (0),1,,13,cupy_copy__complex64_complex64
13212969384,6400,252769,1,1,1,1,1,1,18,0.000,0.000,,,,,NVIDIA A100-SXM4-40GB MIG 4g.20gb (0),1,,13,cupy_copy__float32_float32
13213550786,306524,252780,1,1,1,32,32,1,30,0.000,0.000,,,,,NVIDIA A100-SXM4-40GB MIG 4g.20gb (0),1,,13,"void convert_kernel<__half2, float2>(tensor_layout_any, T1 *, tensor_layout_any, const T2 *)"
13213888286,5472,252783,,,,,,,,,,0.094,17122.757,Pinned,Device,NVIDIA A100-SXM4-40GB MIG 4g.20gb (0),1,,13,[CUDA memcpy Host-to-Device]
13214437528,12224,252784,,,,,,,,,,1.547,126523.123,Device,,NVIDIA A100-SXM4-40GB MIG 4g.20gb (0),1,,13,[CUDA memset]
13214455000,4991,252789,,,,,,,,,,0.031,6270.467,Pinned,Device,NVIDIA A100-SXM4-40GB MIG 4g.20gb (0),1,,13,[CUDA memcpy Host-to-Device]
13214463735,13568,252790,,,,,,,,,,0.197,14490.403,Pinned,Device,NVIDIA A100-SXM4-40GB MIG 4g.20gb (0),1,,13,[CUDA memcpy Host-to-Device]
13215182767,18048,252791,273,1,1,8,4,1,39,0.002,0.000,,,,,NVIDIA A100-SXM4-40GB MIG 4g.20gb (0),1,,13,"void channel_eq::eqMmseCoefCompLowMimoKernel<float, float, float, (unsigned int)4, (unsigned int)1, (unsigned int)4>(const channel_eq::_puschRxChEqStatDescr *, channel_eq::_puschRxChEqCoefCompDynDescr)"
13215862504,22015,252792,273,1,1,12,11,1,51,0.002,0.000,,,,,NVIDIA A100-SXM4-40GB MIG 4g.20gb (0),1,,13,"void channel_eq::eqMmseSoftDemapKernel<float, __half, __half, float, (unsigned int)4, (unsigned short)16383>(channel_eq::_puschRxChEqStatDescr *, channel_eq::_puschRxChEqSoftDemapDynDescr)"
13216568000,682104,252793,1,1,1,32,32,1,30,0.000,0.000,,,,,NVIDIA A100-SXM4-40GB MIG 4g.20gb (0),1,,13,"void convert_kernel<float2, __half2>(tensor_layout_any, T1 *, tensor_layout_any, const T2 *)"
13217864849,16576,252805,2253,1,1,128,1,1,16,0.000,0.000,,,,,NVIDIA A100-SXM4-40GB MIG 4g.20gb (0),1,,13,cupy_copy__float16_float16
13218288012,6176,252814,282,1,1,128,1,1,16,0.000,0.000,,,,,NVIDIA A100-SXM4-40GB MIG 4g.20gb (0),1,,13,cupy_copy__complex64_complex64
13218802182,11328,252823,26,1,1,128,1,1,16,0.000,0.000,,,,,NVIDIA A100-SXM4-40GB MIG 4g.20gb (0),1,,13,cupy_copy__float32_float32
13219500255,9471,252832,103,1,1,128,1,1,16,0.000,0.000,,,,,NVIDIA A100-SXM4-40GB MIG 4g.20gb (0),1,,13,cupy_copy__complex64_complex64
13220176887,24896,252842,1434,1,1,128,1,1,16,0.000,0.000,,,,,NVIDIA A100-SXM4-40GB MIG 4g.20gb (0),1,,13,cupy_copy__complex64_complex64
13220907023,310204,252847,1,1,1,32,32,1,30,0.000,0.000,,,,,NVIDIA A100-SXM4-40GB MIG 4g.20gb (0),1,,13,"void convert_kernel<__half2, float2>(tensor_layout_any, T1 *, tensor_layout_any, const T2 *)"
13221246667,9056,252850,,,,,,,,,,0.094,10346.287,Pinned,Device,NVIDIA A100-SXM4-40GB MIG 4g.20gb (0),1,,13,[CUDA memcpy Host-to-Device]
13221785797,610969,252851,,,,,,,,,,456.561,746934.516,Device,,NVIDIA A100-SXM4-40GB MIG 4g.20gb (0),1,,13,[CUDA memset]
13222398046,64095,252856,,,,,,,,,,1.235,19266.361,Pinned,Device,NVIDIA A100-SXM4-40GB MIG 4g.20gb (0),1,,13,[CUDA memcpy Host-to-Device]
13222464605,10080,252857,,,,,,,,,,0.197,19504.693,Pinned,Device,NVIDIA A100-SXM4-40GB MIG 4g.20gb (0),1,,13,[CUDA memcpy Host-to-Device]
13223129782,15647,252858,69,4,1,48,1,1,76,0.002,0.000,,,,,NVIDIA A100-SXM4-40GB MIG 4g.20gb (0),1,,13,"void ch_est::windowedChEstPreNoDftSOfdmKernel<float, __half, float, (unsigned int)2, (unsigned int)1, (unsigned short)4>(ch_est::puschRxChEstStatDescr_t *, ch_est::puschRxChEstDynDescr_t *)"
13223874253,13312,252859,137,2,1,24,2,1,44,0.001,0.001,,,,,NVIDIA A100-SXM4-40GB MIG 4g.20gb (0),1,,13,"void ch_est::chEstFilterNoDftSOfdmDispatchKernel<float, __half, float, (unsigned int)2>(ch_est::puschRxChEstStatDescr_t *, ch_est::puschRxChEstDynDescr_t *)"
13224612325,13216,252860,137,2,1,24,2,1,44,0.001,0.001,,,,,NVIDIA A100-SXM4-40GB MIG 4g.20gb (0),1,,13,"void ch_est::chEstFilterNoDftSOfdmDispatchKernel<float, __half, float, (unsigned int)2>(ch_est::puschRxChEstStatDescr_t *, ch_est::puschRxChEstDynDescr_t *)"
13225343709,7488,252871,103,1,1,128,1,1,16,0.000,0.000,,,,,NVIDIA A100-SXM4-40GB MIG 4g.20gb (0),1,,13,cupy_copy__complex64_complex64
13226080788,19904,252881,1434,1,1,128,1,1,16,0.000,0.000,,,,,NVIDIA A100-SXM4-40GB MIG 4g.20gb (0),1,,13,cupy_copy__complex64_complex64
13226787820,6208,252888,103,1,1,128,1,1,16,0.000,0.000,,,,,NVIDIA A100-SXM4-40GB MIG 4g.20gb (0),1,,13,cupy_copy__complex64_complex64
13227466117,257309,252895,1,1,1,32,32,1,30,0.000,0.000,,,,,NVIDIA A100-SXM4-40GB MIG 4g.20gb (0),1,,13,"void convert_kernel<__half2, float2>(tensor_layout_any, T1 *, tensor_layout_any, const T2 *)"
13227754465,7040,252898,,,,,,,,,,0.094,13309.048,Pinned,Device,NVIDIA A100-SXM4-40GB MIG 4g.20gb (0),1,,13,[CUDA memcpy Host-to-Device]
13228133341,48672,252899,,,,,,,,,,35.810,735714.806,Device,,NVIDIA A100-SXM4-40GB MIG 4g.20gb (0),1,,13,[CUDA memset]
13228190461,5727,252901,,,,,,,,,,0.000,13.969,Pinned,Device,NVIDIA A100-SXM4-40GB MIG 4g.20gb (0),1,,13,[CUDA memcpy Host-to-Device]
13228199516,12416,252902,,,,,,,,,,0.197,15835.005,Pinned,Device,NVIDIA A100-SXM4-40GB MIG 4g.20gb (0),1,,13,[CUDA memcpy Host-to-Device]
13228802358,70079,252903,273,1,1,48,1,1,40,0.000,0.001,,,,,NVIDIA A100-SXM4-40GB MIG 4g.20gb (0),1,,13,"void pusch_noise_intf_est::noiseIntfEstNoDftSOfdmKernel<float, __half, float, float, (unsigned int)2, (unsigned int)1, (unsigned char)4, (unsigned char)4>(pusch_noise_intf_est::puschRxNoiseIntfEstDynDescr)"
13229493870,10304,252914,35,1,1,128,1,1,16,0.000,0.000,,,,,NVIDIA A100-SXM4-40GB MIG 4g.20gb (0),1,,13,cupy_copy__complex64_complex64
13230166118,3808,252923,1,1,1,1,1,1,18,0.000,0.000,,,,,NVIDIA A100-SXM4-40GB MIG 4g.20gb (0),1,,13,cupy_copy__float32_float32
13230170630,1600,252929,,,,,,,,,,0.000,2.500,Device,Pageable,NVIDIA A100-SXM4-40GB MIG 4g.20gb (0),1,,7,[CUDA memcpy Device-to-Host]
13230890814,23776,252940,1434,1,1,128,1,1,16,0.000,0.000,,,,,NVIDIA A100-SXM4-40GB MIG 4g.20gb (0),1,,13,cupy_copy__complex64_complex64
13231582038,15936,252947,103,1,1,128,1,1,16,0.000,0.000,,,,,NVIDIA A100-SXM4-40GB MIG 4g.20gb (0),1,,13,cupy_copy__complex64_complex64
13232175920,8543,252954,35,1,1,128,1,1,16,0.000,0.000,,,,,NVIDIA A100-SXM4-40GB MIG 4g.20gb (0),1,,13,cupy_copy__complex64_complex64
13232685930,4032,252961,1,1,1,1,1,1,18,0.000,0.000,,,,,NVIDIA A100-SXM4-40GB MIG 4g.20gb (0),1,,13,cupy_copy__float32_float32
13233169284,243998,252972,1,1,1,32,32,1,30,0.000,0.000,,,,,NVIDIA A100-SXM4-40GB MIG 4g.20gb (0),1,,13,"void convert_kernel<__half2, float2>(tensor_layout_any, T1 *, tensor_layout_any, const T2 *)"
13233445505,5504,252975,,,,,,,,,,0.094,17023.251,Pinned,Device,NVIDIA A100-SXM4-40GB MIG 4g.20gb (0),1,,13,[CUDA memcpy Host-to-Device]
13233925852,4864,252976,,,,,,,,,,1.547,317973.521,Device,,NVIDIA A100-SXM4-40GB MIG 4g.20gb (0),1,,13,[CUDA memset]
13233934204,7264,252981,,,,,,,,,,0.031,4308.364,Pinned,Device,NVIDIA A100-SXM4-40GB MIG 4g.20gb (0),1,,13,[CUDA memcpy Host-to-Device]
13233945116,14239,252982,,,,,,,,,,0.197,13807.583,Pinned,Device,NVIDIA A100-SXM4-40GB MIG 4g.20gb (0),1,,13,[CUDA memcpy Host-to-Device]
13234633972,16544,252983,273,1,1,8,4,1,39,0.002,0.000,,,,,NVIDIA A100-SXM4-40GB MIG 4g.20gb (0),1,,13,"void channel_eq::eqMmseCoefCompLowMimoKernel<float, float, float, (unsigned int)4, (unsigned int)1, (unsigned int)4>(const channel_eq::_puschRxChEqStatDescr *, channel_eq::_puschRxChEqCoefCompDynDescr)"
13235314700,39584,252984,273,1,1,12,11,1,51,0.002,0.000,,,,,NVIDIA A100-SXM4-40GB MIG 4g.20gb (0),1,,13,"void channel_eq::eqMmseSoftDemapKernel<float, __half, __half, float, (unsigned int)4, (unsigned short)16383>(channel_eq::_puschRxChEqStatDescr *, channel_eq::_puschRxChEqSoftDemapDynDescr)"
13236035044,710104,252985,1,1,1,32,32,1,30,0.000,0.000,,,,,NVIDIA A100-SXM4-40GB MIG 4g.20gb (0),1,,13,"void convert_kernel<float2, __half2>(tensor_layout_any, T1 *, tensor_layout_any, const T2 *)"
13237446708,21888,252997,2253,1,1,128,1,1,16,0.000,0.000,,,,,NVIDIA A100-SXM4-40GB MIG 4g.20gb (0),1,,13,cupy_copy__float16_float16
13238079885,6784,253006,282,1,1,128,1,1,16,0.000,0.000,,,,,NVIDIA A100-SXM4-40GB MIG 4g.20gb (0),1,,13,cupy_copy__complex64_complex64
13238554792,4415,253015,26,1,1,128,1,1,16,0.000,0.000,,,,,NVIDIA A100-SXM4-40GB MIG 4g.20gb (0),1,,13,cupy_copy__float32_float32
13239053538,17120,253024,103,1,1,128,1,1,16,0.000,0.000,,,,,NVIDIA A100-SXM4-40GB MIG 4g.20gb (0),1,,13,cupy_copy__complex64_complex64
13239742394,19808,253034,1434,1,1,128,1,1,16,0.000,0.000,,,,,NVIDIA A100-SXM4-40GB MIG 4g.20gb (0),1,,13,cupy_copy__complex64_complex64
13240467698,281757,253039,1,1,1,32,32,1,30,0.000,0.000,,,,,NVIDIA A100-SXM4-40GB MIG 4g.20gb (0),1,,13,"void convert_kernel<__half2, float2>(tensor_layout_any, T1 *, tensor_layout_any, const T2 *)"
13240781806,8992,253042,,,,,,,,,,0.094,10419.838,Pinned,Device,NVIDIA A100-SXM4-40GB MIG 4g.20gb (0),1,,13,[CUDA memcpy Host-to-Device]
13241286089,613593,253043,,,,,,,,,,456.561,743738.586,Device,,NVIDIA A100-SXM4-40GB MIG 4g.20gb (0),1,,13,[CUDA memset]
13241905666,61439,253048,,,,,,,,,,1.235,20099.949,Pinned,Device,NVIDIA A100-SXM4-40GB MIG 4g.20gb (0),1,,13,[CUDA memcpy Host-to-Device]
13241969697,9760,253049,,,,,,,,,,0.197,20144.259,Pinned,Device,NVIDIA A100-SXM4-40GB MIG 4g.20gb (0),1,,13,[CUDA memcpy Host-to-Device]
13242629146,17471,253050,69,4,1,48,1,1,76,0.002,0.000,,,,,NVIDIA A100-SXM4-40GB MIG 4g.20gb (0),1,,13,"void ch_est::windowedChEstPreNoDftSOfdmKernel<float, __half, float, (unsigned int)2, (unsigned int)1, (unsigned short)4>(ch_est::puschRxChEstStatDescr_t *, ch_est::puschRxChEstDynDescr_t *)"
13243381841,13248,253051,137,2,1,24,2,1,44,0.001,0.001,,,,,NVIDIA A100-SXM4-40GB MIG 4g.20gb (0),1,,13,"void ch_est::chEstFilterNoDftSOfdmDispatchKernel<float, __half, float, (unsigned int)2>(ch_est::puschRxChEstStatDescr_t *, ch_est::puschRxChEstDynDescr_t *)"
13244008266,50527,253052,137,2,1,24,2,1,44,0.001,0.001,,,,,NVIDIA A100-SXM4-40GB MIG 4g.20gb (0),1,,13,"void ch_est::chEstFilterNoDftSOfdmDispatchKernel<float, __half, float, (unsigned int)2>(ch_est::puschRxChEstStatDescr_t *, ch_est::puschRxChEstDynDescr_t *)"
13244696898,10752,253063,103,1,1,128,1,1,16,0.000,0.000,,,,,NVIDIA A100-SXM4-40GB MIG 4g.20gb (0),1,,13,cupy_copy__complex64_complex64
13245376347,21055,253073,1434,1,1,128,1,1,16,0.000,0.000,,,,,NVIDIA A100-SXM4-40GB MIG 4g.20gb (0),1,,13,cupy_copy__complex64_complex64
13245978228,6528,253080,103,1,1,128,1,1,16,0.000,0.000,,,,,NVIDIA A100-SXM4-40GB MIG 4g.20gb (0),1,,13,cupy_copy__complex64_complex64
13246423567,240349,253087,1,1,1,32,32,1,30,0.000,0.000,,,,,NVIDIA A100-SXM4-40GB MIG 4g.20gb (0),1,,13,"void convert_kernel<__half2, float2>(tensor_layout_any, T1 *, tensor_layout_any, const T2 *)"
13246696044,6080,253090,,,,,,,,,,0.094,15410.462,Pinned,Device,NVIDIA A100-SXM4-40GB MIG 4g.20gb (0),1,,13,[CUDA memcpy Host-to-Device]
13247125447,73183,253091,,,,,,,,,,35.810,489306.747,Device,,NVIDIA A100-SXM4-40GB MIG 4g.20gb (0),1,,13,[CUDA memset]
13247207270,5088,253093,,,,,,,,,,0.000,15.723,Pinned,Device,NVIDIA A100-SXM4-40GB MIG 4g.20gb (0),1,,13,[CUDA memcpy Host-to-Device]
13247215078,15232,253094,,,,,,,,,,0.197,12907.512,Pinned,Device,NVIDIA A100-SXM4-40GB MIG 4g.20gb (0),1,,13,[CUDA memcpy Host-to-Device]
13247692576,16928,253095,273,1,1,48,1,1,40,0.000,0.001,,,,,NVIDIA A100-SXM4-40GB MIG 4g.20gb (0),1,,13,"void pusch_noise_intf_est::noiseIntfEstNoDftSOfdmKernel<float, __half, float, float, (unsigned int)2, (unsigned int)1, (unsigned char)4, (unsigned char)4>(pusch_noise_intf_est::puschRxNoiseIntfEstDynDescr)"
13248401688,5632,253106,35,1,1,128,1,1,16,0.000,0.000,,,,,NVIDIA A100-SXM4-40GB MIG 4g.20gb (0),1,,13,cupy_copy__complex64_complex64
13249109712,7488,253115,1,1,1,1,1,1,18,0.000,0.000,,,,,NVIDIA A100-SXM4-40GB MIG 4g.20gb (0),1,,13,cupy_copy__float32_float32
13249123376,1696,253121,,,,,,,,,,0.000,2.358,Device,Pageable,NVIDIA A100-SXM4-40GB MIG 4g.20gb (0),1,,7,[CUDA memcpy Device-to-Host]
13249818120,19360,253132,1434,1,1,128,1,1,16,0.000,0.000,,,,,NVIDIA A100-SXM4-40GB MIG 4g.20gb (0),1,,13,cupy_copy__complex64_complex64
13250617567,5216,253139,103,1,1,128,1,1,16,0.000,0.000,,,,,NVIDIA A100-SXM4-40GB MIG 4g.20gb (0),1,,13,cupy_copy__complex64_complex64
13251237912,12320,253146,35,1,1,128,1,1,16,0.000,0.000,,,,,NVIDIA A100-SXM4-40GB MIG 4g.20gb (0),1,,13,cupy_copy__complex64_complex64
13252006448,3840,253153,1,1,1,1,1,1,18,0.000,0.000,,,,,NVIDIA A100-SXM4-40GB MIG 4g.20gb (0),1,,13,cupy_copy__float32_float32
13252684552,359964,253164,1,1,1,32,32,1,30,0.000,0.000,,,,,NVIDIA A100-SXM4-40GB MIG 4g.20gb (0),1,,13,"void convert_kernel<__half2, float2>(tensor_layout_any, T1 *, tensor_layout_any, const T2 *)"
13253075780,5600,253167,,,,,,,,,,0.094,16731.388,Pinned,Device,NVIDIA A100-SXM4-40GB MIG 4g.20gb (0),1,,13,[CUDA memcpy Host-to-Device]
13253711068,10336,253168,,,,,,,,,,1.547,149634.325,Device,,NVIDIA A100-SXM4-40GB MIG 4g.20gb (0),1,,13,[CUDA memset]
13253729084,7104,253173,,,,,,,,,,0.031,4405.381,Pinned,Device,NVIDIA A100-SXM4-40GB MIG 4g.20gb (0),1,,13,[CUDA memcpy Host-to-Device]
13253743452,15552,253174,,,,,,,,,,0.197,12641.894,Pinned,Device,NVIDIA A100-SXM4-40GB MIG 4g.20gb (0),1,,13,[CUDA memcpy Host-to-Device]
13254574131,25087,253175,273,1,1,8,4,1,39,0.002,0.000,,,,,NVIDIA A100-SXM4-40GB MIG 4g.20gb (0),1,,13,"void channel_eq::eqMmseCoefCompLowMimoKernel<float, float, float, (unsigned int)4, (unsigned int)1, (unsigned int)4>(const channel_eq::_puschRxChEqStatDescr *, channel_eq::_puschRxChEqCoefCompDynDescr)"
13255333738,15744,253176,273,1,1,12,11,1,51,0.002,0.000,,,,,NVIDIA A100-SXM4-40GB MIG 4g.20gb (0),1,,13,"void channel_eq::eqMmseSoftDemapKernel<float, __half, __half, float, (unsigned int)4, (unsigned short)16383>(channel_eq::_puschRxChEqStatDescr *, channel_eq::_puschRxChEqSoftDemapDynDescr)"
13256190656,663033,253177,1,1,1,32,32,1,30,0.000,0.000,,,,,NVIDIA A100-SXM4-40GB MIG 4g.20gb (0),1,,13,"void convert_kernel<float2, __half2>(tensor_layout_any, T1 *, tensor_layout_any, const T2 *)"
13257347571,17536,253189,2253,1,1,128,1,1,16,0.000,0.000,,,,,NVIDIA A100-SXM4-40GB MIG 4g.20gb (0),1,,13,cupy_copy__float16_float16
13257996620,6240,253198,282,1,1,128,1,1,16,0.000,0.000,,,,,NVIDIA A100-SXM4-40GB MIG 4g.20gb (0),1,,13,cupy_copy__complex64_complex64
13258759491,3936,253207,26,1,1,128,1,1,16,0.000,0.000,,,,,NVIDIA A100-SXM4-40GB MIG 4g.20gb (0),1,,13,cupy_copy__float32_float32
13259468699,19104,253216,103,1,1,128,1,1,16,0.000,0.000,,,,,NVIDIA A100-SXM4-40GB MIG 4g.20gb (0),1,,13,cupy_copy__complex64_complex64
13260200339,19744,253226,1434,1,1,128,1,1,16,0.000,0.000,,,,,NVIDIA A100-SXM4-40GB MIG 4g.20gb (0),1,,13,cupy_copy__complex64_complex64
13260865292,315004,253231,1,1,1,32,32,1,30,0.000,0.000,,,,,NVIDIA A100-SXM4-40GB MIG 4g.20gb (0),1,,13,"void convert_kernel<__half2, float2>(tensor_layout_any, T1 *, tensor_layout_any, const T2 *)"
13261209864,5472,253234,,,,,,,,,,0.094,17122.757,Pinned,Device,NVIDIA A100-SXM4-40GB MIG 4g.20gb (0),1,,13,[CUDA memcpy Host-to-Device]
13261854017,613081,253235,,,,,,,,,,456.561,744651.709,Device,,NVIDIA A100-SXM4-40GB MIG 4g.20gb (0),1,,13,[CUDA memset]
13262471290,64863,253240,,,,,,,,,,1.235,19039.132,Pinned,Device,NVIDIA A100-SXM4-40GB MIG 4g.20gb (0),1,,13,[CUDA memcpy Host-to-Device]
13262542809,10496,253241,,,,,,,,,,0.197,18731.631,Pinned,Device,NVIDIA A100-SXM4-40GB MIG 4g.20gb (0),1,,13,[CUDA memcpy Host-to-Device]
13263206833,16768,253242,69,4,1,48,1,1,76,0.002,0.000,,,,,NVIDIA A100-SXM4-40GB MIG 4g.20gb (0),1,,13,"void ch_est::windowedChEstPreNoDftSOfdmKernel<float, __half, float, (unsigned int)2, (unsigned int)1, (unsigned short)4>(ch_est::puschRxChEstStatDescr_t *, ch_est::puschRxChEstDynDescr_t *)"
13263886858,20127,253243,137,2,1,24,2,1,44,0.001,0.001,,,,,NVIDIA A100-SXM4-40GB MIG 4g.20gb (0),1,,13,"void ch_est::chEstFilterNoDftSOfdmDispatchKernel<float, __half, float, (unsigned int)2>(ch_est::puschRxChEstStatDescr_t *, ch_est::puschRxChEstDynDescr_t *)"
13264527426,30080,253244,137,2,1,24,2,1,44,0.001,0.001,,,,,NVIDIA A100-SXM4-40GB MIG 4g.20gb (0),1,,13,"void ch_est::chEstFilterNoDftSOfdmDispatchKernel<float, __half, float, (unsigned int)2>(ch_est::puschRxChEstStatDescr_t *, ch_est::puschRxChEstDynDescr_t *)"
13265216155,10560,253255,103,1,1,128,1,1,16,0.000,0.000,,,,,NVIDIA A100-SXM4-40GB MIG 4g.20gb (0),1,,13,cupy_copy__complex64_complex64
13265866355,21216,253265,1434,1,1,128,1,1,16,0.000,0.000,,,,,NVIDIA A100-SXM4-40GB MIG 4g.20gb (0),1,,13,cupy_copy__complex64_complex64
13266449229,6336,253272,103,1,1,128,1,1,16,0.000,0.000,,,,,NVIDIA A100-SXM4-40GB MIG 4g.20gb (0),1,,13,cupy_copy__complex64_complex64
13266876904,243261,253279,1,1,1,32,32,1,30,0.000,0.000,,,,,NVIDIA A100-SXM4-40GB MIG 4g.20gb (0),1,,13,"void convert_kernel<__half2, float2>(tensor_layout_any, T1 *, tensor_layout_any, const T2 *)"
13267151109,6528,253282,,,,,,,,,,0.094,14352.915,Pinned,Device,NVIDIA A100-SXM4-40GB MIG 4g.20gb (0),1,,13,[CUDA memcpy Host-to-Device]
13267569376,75487,253283,,,,,,,,,,35.810,474374.010,Device,,NVIDIA A100-SXM4-40GB MIG 4g.20gb (0),1,,13,[CUDA memset]
13267646303,2144,253285,,,,,,,,,,0.000,37.313,Pinned,Device,NVIDIA A100-SXM4-40GB MIG 4g.20gb (0),1,,13,[CUDA memcpy Host-to-Device]
13267654783,9952,253286,,,,,,,,,,0.197,19755.565,Pinned,Device,NVIDIA A100-SXM4-40GB MIG 4g.20gb (0),1,,13,[CUDA memcpy Host-to-Device]
13268159129,19040,253287,273,1,1,48,1,1,40,0.000,0.001,,,,,NVIDIA A100-SXM4-40GB MIG 4g.20gb (0),1,,13,"void pusch_noise_intf_est::noiseIntfEstNoDftSOfdmKernel<float, __half, float, float, (unsigned int)2, (unsigned int)1, (unsigned char)4, (unsigned char)4>(pusch_noise_intf_est::puschRxNoiseIntfEstDynDescr)"
13268847890,6784,253298,35,1,1,128,1,1,16,0.000,0.000,,,,,NVIDIA A100-SXM4-40GB MIG 4g.20gb (0),1,,13,cupy_copy__complex64_complex64
13269572937,4832,253307,1,1,1,1,1,1,18,0.000,0.000,,,,,NVIDIA A100-SXM4-40GB MIG 4g.20gb (0),1,,13,cupy_copy__float32_float32
13269583529,7136,253313,,,,,,,,,,0.000,0.561,Device,Pageable,NVIDIA A100-SXM4-40GB MIG 4g.20gb (0),1,,7,[CUDA memcpy Device-to-Host]
13270298913,20576,253324,1434,1,1,128,1,1,16,0.000,0.000,,,,,NVIDIA A100-SXM4-40GB MIG 4g.20gb (0),1,,13,cupy_copy__complex64_complex64
13270996761,5664,253331,103,1,1,128,1,1,16,0.000,0.000,,,,,NVIDIA A100-SXM4-40GB MIG 4g.20gb (0),1,,13,cupy_copy__complex64_complex64
13271673234,7712,253338,35,1,1,128,1,1,16,0.000,0.000,,,,,NVIDIA A100-SXM4-40GB MIG 4g.20gb (0),1,,13,cupy_copy__complex64_complex64
13272366698,4544,253345,1,1,1,1,1,1,18,0.000,0.000,,,,,NVIDIA A100-SXM4-40GB MIG 4g.20gb (0),1,,13,cupy_copy__float32_float32
13273089570,291356,253356,1,1,1,32,32,1,30,0.000,0.000,,,,,NVIDIA A100-SXM4-40GB MIG 4g.20gb (0),1,,13,"void convert_kernel<__half2, float2>(tensor_layout_any, T1 *, tensor_layout_any, const T2 *)"
13273412286,7840,253359,,,,,,,,,,0.094,11951.018,Pinned,Device,NVIDIA A100-SXM4-40GB MIG 4g.20gb (0),1,,13,[CUDA memcpy Host-to-Device]
13273899385,5728,253360,,,,,,,,,,1.547,270011.165,Device,,NVIDIA A100-SXM4-40GB MIG 4g.20gb (0),1,,13,[CUDA memset]
13273912920,3936,253365,,,,,,,,,,0.031,7951.218,Pinned,Device,NVIDIA A100-SXM4-40GB MIG 4g.20gb (0),1,,13,[CUDA memcpy Host-to-Device]
13273923704,13568,253366,,,,,,,,,,0.197,14490.403,Pinned,Device,NVIDIA A100-SXM4-40GB MIG 4g.20gb (0),1,,13,[CUDA memcpy Host-to-Device]
13274644112,15488,253367,273,1,1,8,4,1,39,0.002,0.000,,,,,NVIDIA A100-SXM4-40GB MIG 4g.20gb (0),1,,13,"void channel_eq::eqMmseCoefCompLowMimoKernel<float, float, float, (unsigned int)4, (unsigned int)1, (unsigned int)4>(const channel_eq::_puschRxChEqStatDescr *, channel_eq::_puschRxChEqCoefCompDynDescr)"
13275367368,16608,253368,273,1,1,12,11,1,51,0.002,0.000,,,,,NVIDIA A100-SXM4-40GB MIG 4g.20gb (0),1,,13,"void channel_eq::eqMmseSoftDemapKernel<float, __half, __half, float, (unsigned int)4, (unsigned short)16383>(channel_eq::_puschRxChEqStatDescr *, channel_eq::_puschRxChEqSoftDemapDynDescr)"
13276043936,711352,253369,1,1,1,32,32,1,30,0.000,0.000,,,,,NVIDIA A100-SXM4-40GB MIG 4g.20gb (0),1,,13,"void convert_kernel<float2, __half2>(tensor_layout_any, T1 *, tensor_layout_any, const T2 *)"
13277509264,12832,253381,2253,1,1,128,1,1,16,0.000,0.000,,,,,NVIDIA A100-SXM4-40GB MIG 4g.20gb (0),1,,13,cupy_copy__float16_float16
13278270599,4672,253390,282,1,1,128,1,1,16,0.000,0.000,,,,,NVIDIA A100-SXM4-40GB MIG 4g.20gb (0),1,,13,cupy_copy__complex64_complex64
13278971839,16736,253399,26,1,1,128,1,1,16,0.000,0.000,,,,,NVIDIA A100-SXM4-40GB MIG 4g.20gb (0),1,,13,cupy_copy__float32_float32
13279559897,9696,253408,103,1,1,128,1,1,16,0.000,0.000,,,,,NVIDIA A100-SXM4-40GB MIG 4g.20gb (0),1,,13,cupy_copy__complex64_complex64
13280017332,21439,253418,1434,1,1,128,1,1,16,0.000,0.000,,,,,NVIDIA A100-SXM4-40GB MIG 4g.20gb (0),1,,13,cupy_copy__complex64_complex64
13280507790,254301,253423,1,1,1,32,32,1,30,0.000,0.000,,,,,NVIDIA A100-SXM4-40GB MIG 4g.20gb (0),1,,13,"void convert_kernel<__half2, float2>(tensor_layout_any, T1 *, tensor_layout_any, const T2 *)"
13280793259,5536,253426,,,,,,,,,,0.094,16924.777,Pinned,Device,NVIDIA A100-SXM4-40GB MIG 4g.20gb (0),1,,13,[CUDA memcpy Host-to-Device]
13281209062,610745,253427,,,,,,,,,,456.561,747391.077,Device,,NVIDIA A100-SXM4-40GB MIG 4g.20gb (0),1,,13,[CUDA memset]
13281821983,65663,253432,,,,,,,,,,1.235,18806.962,Pinned,Device,NVIDIA A100-SXM4-40GB MIG 4g.20gb (0),1,,13,[CUDA memcpy Host-to-Device]
13281890238,9920,253433,,,,,,,,,,0.197,19819.266,Pinned,Device,NVIDIA A100-SXM4-40GB MIG 4g.20gb (0),1,,13,[CUDA memcpy Host-to-Device]
13282522391,14368,253434,69,4,1,48,1,1,76,0.002,0.000,,,,,NVIDIA A100-SXM4-40GB MIG 4g.20gb (0),1,,13,"void ch_est::windowedChEstPreNoDftSOfdmKernel<float, __half, float, (unsigned int)2, (unsigned int)1, (unsigned short)4>(ch_est::puschRxChEstStatDescr_t *, ch_est::puschRxChEstDynDescr_t *)"
13283140176,46272,253435,137,2,1,24,2,1,44,0.001,0.001,,,,,NVIDIA A100-SXM4-40GB MIG 4g.20gb (0),1,,13,"void ch_est::chEstFilterNoDftSOfdmDispatchKernel<float, __half, float, (unsigned int)2>(ch_est::puschRxChEstStatDescr_t *, ch_est::puschRxChEstDynDescr_t *)"
13283831209,44063,253436,137,2,1,24,2,1,44,0.001,0.001,,,,,NVIDIA A100-SXM4-40GB MIG 4g.20gb (0),1,,13,"void ch_est::chEstFilterNoDftSOfdmDispatchKernel<float, __half, float, (unsigned int)2>(ch_est::puschRxChEstStatDescr_t *, ch_est::puschRxChEstDynDescr_t *)"
13284515329,10656,253447,103,1,1,128,1,1,16,0.000,0.000,,,,,NVIDIA A100-SXM4-40GB MIG 4g.20gb (0),1,,13,cupy_copy__complex64_complex64
13285245017,23647,253457,1434,1,1,128,1,1,16,0.000,0.000,,,,,NVIDIA A100-SXM4-40GB MIG 4g.20gb (0),1,,13,cupy_copy__complex64_complex64
13285826994,6144,253464,103,1,1,128,1,1,16,0.000,0.000,,,,,NVIDIA A100-SXM4-40GB MIG 4g.20gb (0),1,,13,cupy_copy__complex64_complex64
13286329996,238910,253471,1,1,1,32,32,1,30,0.000,0.000,,,,,NVIDIA A100-SXM4-40GB MIG 4g.20gb (0),1,,13,"void convert_kernel<__half2, float2>(tensor_layout_any, T1 *, tensor_layout_any, const T2 *)"
13286601961,8544,253474,,,,,,,,,,0.094,10966.274,Pinned,Device,NVIDIA A100-SXM4-40GB MIG 4g.20gb (0),1,,13,[CUDA memcpy Host-to-Device]
13287096772,73471,253475,,,,,,,,,,35.810,487373.011,Device,,NVIDIA A100-SXM4-40GB MIG 4g.20gb (0),1,,13,[CUDA memset]
13287177955,4288,253477,,,,,,,,,,0.000,18.657,Pinned,Device,NVIDIA A100-SXM4-40GB MIG 4g.20gb (0),1,,13,[CUDA memcpy Host-to-Device]
13287191491,13215,253478,,,,,,,,,,0.197,14877.524,Pinned,Device,NVIDIA A100-SXM4-40GB MIG 4g.20gb (0),1,,13,[CUDA memcpy Host-to-Device]
13287628030,25119,253479,273,1,1,48,1,1,40,0.000,0.001,,,,,NVIDIA A100-SXM4-40GB MIG 4g.20gb (0),1,,13,"void pusch_noise_intf_est::noiseIntfEstNoDftSOfdmKernel<float, __half, float, float, (unsigned int)2, (unsigned int)1, (unsigned char)4, (unsigned char)4>(pusch_noise_intf_est::puschRxNoiseIntfEstDynDescr)"
13288381749,14272,253490,35,1,1,128,1,1,16,0.000,0.000,,,,,NVIDIA A100-SXM4-40GB MIG 4g.20gb (0),1,,13,cupy_copy__complex64_complex64
13289100973,3584,253499,1,1,1,1,1,1,18,0.000,0.000,,,,,NVIDIA A100-SXM4-40GB MIG 4g.20gb (0),1,,13,cupy_copy__float32_float32
13289107885,2336,253505,,,,,,,,,,0.000,1.712,Device,Pageable,NVIDIA A100-SXM4-40GB MIG 4g.20gb (0),1,,7,[CUDA memcpy Device-to-Host]
13289899492,29824,253516,1434,1,1,128,1,1,16,0.000,0.000,,,,,NVIDIA A100-SXM4-40GB MIG 4g.20gb (0),1,,13,cupy_copy__complex64_complex64
13290665499,16128,253523,103,1,1,128,1,1,16,0.000,0.000,,,,,NVIDIA A100-SXM4-40GB MIG 4g.20gb (0),1,,13,cupy_copy__complex64_complex64
13291379347,5920,253530,35,1,1,128,1,1,16,0.000,0.000,,,,,NVIDIA A100-SXM4-40GB MIG 4g.20gb (0),1,,13,cupy_copy__complex64_complex64
13292052332,5792,253537,1,1,1,1,1,1,18,0.000,0.000,,,,,NVIDIA A100-SXM4-40GB MIG 4g.20gb (0),1,,13,cupy_copy__float32_float32
13292815747,281053,253548,1,1,1,32,32,1,30,0.000,0.000,,,,,NVIDIA A100-SXM4-40GB MIG 4g.20gb (0),1,,13,"void convert_kernel<__half2, float2>(tensor_layout_any, T1 *, tensor_layout_any, const T2 *)"
13293126656,5504,253551,,,,,,,,,,0.094,17023.251,Pinned,Device,NVIDIA A100-SXM4-40GB MIG 4g.20gb (0),1,,13,[CUDA memcpy Host-to-Device]
13293783544,7136,253552,,,,,,,,,,1.547,216734.608,Device,,NVIDIA A100-SXM4-40GB MIG 4g.20gb (0),1,,13,[CUDA memset]
13293795672,6752,253557,,,,,,,,,,0.031,4635.063,Pinned,Device,NVIDIA A100-SXM4-40GB MIG 4g.20gb (0),1,,13,[CUDA memcpy Host-to-Device]
13293804888,11648,253558,,,,,,,,,,0.197,16878.993,Pinned,Device,NVIDIA A100-SXM4-40GB MIG 4g.20gb (0),1,,13,[CUDA memcpy Host-to-Device]
13294567535,12320,253559,273,1,1,8,4,1,39,0.002,0.000,,,,,NVIDIA A100-SXM4-40GB MIG 4g.20gb (0),1,,13,"void channel_eq::eqMmseCoefCompLowMimoKernel<float, float, float, (unsigned int)4, (unsigned int)1, (unsigned int)4>(const channel_eq::_puschRxChEqStatDescr *, channel_eq::_puschRxChEqCoefCompDynDescr)"
13295346631,10527,253560,273,1,1,12,11,1,51,0.002,0.000,,,,,NVIDIA A100-SXM4-40GB MIG 4g.20gb (0),1,,13,"void channel_eq::eqMmseSoftDemapKernel<float, __half, __half, float, (unsigned int)4, (unsigned short)16383>(channel_eq::_puschRxChEqStatDescr *, channel_eq::_puschRxChEqSoftDemapDynDescr)"
13296059903,645816,253561,1,1,1,32,32,1,30,0.000,0.000,,,,,NVIDIA A100-SXM4-40GB MIG 4g.20gb (0),1,,13,"void convert_kernel<float2, __half2>(tensor_layout_any, T1 *, tensor_layout_any, const T2 *)"
13297380272,17823,253573,2253,1,1,128,1,1,16,0.000,0.000,,,,,NVIDIA A100-SXM4-40GB MIG 4g.20gb (0),1,,13,cupy_copy__float16_float16
13298060648,17440,253582,282,1,1,128,1,1,16,0.000,0.000,,,,,NVIDIA A100-SXM4-40GB MIG 4g.20gb (0),1,,13,cupy_copy__complex64_complex64
13298654593,5728,253591,26,1,1,128,1,1,16,0.000,0.000,,,,,NVIDIA A100-SXM4-40GB MIG 4g.20gb (0),1,,13,cupy_copy__float32_float32
13299103100,8800,253600,103,1,1,128,1,1,16,0.000,0.000,,,,,NVIDIA A100-SXM4-40GB MIG 4g.20gb (0),1,,13,cupy_copy__complex64_complex64
13299476152,23616,253610,1434,1,1,128,1,1,16,0.000,0.000,,,,,NVIDIA A100-SXM4-40GB MIG 4g.20gb (0),1,,13,cupy_copy__complex64_complex64
13300029842,292316,253615,1,1,1,32,32,1,30,0.000,0.000,,,,,NVIDIA A100-SXM4-40GB MIG 4g.20gb (0),1,,13,"void convert_kernel<__half2, float2>(tensor_layout_any, T1 *, tensor_layout_any, const T2 *)"
13300352846,6272,253618,,,,,,,,,,0.094,14938.703,Pinned,Device,NVIDIA A100-SXM4-40GB MIG 4g.20gb (0),1,,13,[CUDA memcpy Host-to-Device]
13300893192,639865,253619,,,,,,,,,,456.561,713148.969,Device,,NVIDIA A100-SXM4-40GB MIG 4g.20gb (0),1,,13,[CUDA memset]
13301535745,62367,253624,,,,,,,,,,1.235,19801.092,Pinned,Device,NVIDIA A100-SXM4-40GB MIG 4g.20gb (0),1,,13,[CUDA memcpy Host-to-Device]
13301600832,9440,253625,,,,,,,,,,0.197,20827.079,Pinned,Device,NVIDIA A100-SXM4-40GB MIG 4g.20gb (0),1,,13,[CUDA memcpy Host-to-Device]
13302304024,22816,253626,69,4,1,48,1,1,76,0.002,0.000,,,,,NVIDIA A100-SXM4-40GB MIG 4g.20gb (0),1,,13,"void ch_est::windowedChEstPreNoDftSOfdmKernel<float, __half, float, (unsigned int)2, (unsigned int)1, (unsigned short)4>(ch_est::puschRxChEstStatDescr_t *, ch_est::puschRxChEstDynDescr_t *)"
13302815762,20416,253627,137,2,1,24,2,1,44,0.001,0.001,,,,,NVIDIA A100-SXM4-40GB MIG 4g.20gb (0),1,,13,"void ch_est::chEstFilterNoDftSOfdmDispatchKernel<float, __half, float, (unsigned int)2>(ch_est::puschRxChEstStatDescr_t *, ch_est::puschRxChEstDynDescr_t *)"
13303543850,12928,253628,137,2,1,24,2,1,44,0.001,0.001,,,,,NVIDIA A100-SXM4-40GB MIG 4g.20gb (0),1,,13,"void ch_est::chEstFilterNoDftSOfdmDispatchKernel<float, __half, float, (unsigned int)2>(ch_est::puschRxChEstStatDescr_t *, ch_est::puschRxChEstDynDescr_t *)"
13304281570,4608,253639,103,1,1,128,1,1,16,0.000,0.000,,,,,NVIDIA A100-SXM4-40GB MIG 4g.20gb (0),1,,13,cupy_copy__complex64_complex64
13305007770,17215,253649,1434,1,1,128,1,1,16,0.000,0.000,,,,,NVIDIA A100-SXM4-40GB MIG 4g.20gb (0),1,,13,cupy_copy__complex64_complex64
13305747665,6400,253656,103,1,1,128,1,1,16,0.000,0.000,,,,,NVIDIA A100-SXM4-40GB MIG 4g.20gb (0),1,,13,cupy_copy__complex64_complex64
13306410218,264893,253663,1,1,1,32,32,1,30,0.000,0.000,,,,,NVIDIA A100-SXM4-40GB MIG 4g.20gb (0),1,,13,"void convert_kernel<__half2, float2>(tensor_layout_any, T1 *, tensor_layout_any, const T2 *)"
13306705734,5504,253666,,,,,,,,,,0.094,17023.251,Pinned,Device,NVIDIA A100-SXM4-40GB MIG 4g.20gb (0),1,,13,[CUDA memcpy Host-to-Device]
13307100258,64735,253667,,,,,,,,,,35.810,553155.834,Device,,NVIDIA A100-SXM4-40GB MIG 4g.20gb (0),1,,13,[CUDA memset]
13307172737,2208,253669,,,,,,,,,,0.000,36.232,Pinned,Device,NVIDIA A100-SXM4-40GB MIG 4g.20gb (0),1,,13,[CUDA memcpy Host-to-Device]
13307177441,9664,253670,,,,,,,,,,0.197,20344.209,Pinned,Device,NVIDIA A100-SXM4-40GB MIG 4g.20gb (0),1,,13,[CUDA memcpy Host-to-Device]
13307508861,20672,253671,273,1,1,48,1,1,40,0.000,0.001,,,,,NVIDIA A100-SXM4-40GB MIG 4g.20gb (0),1,,13,"void pusch_noise_intf_est::noiseIntfEstNoDftSOfdmKernel<float, __half, float, float, (unsigned int)2, (unsigned int)1, (unsigned char)4, (unsigned char)4>(pusch_noise_intf_est::puschRxNoiseIntfEstDynDescr)"
13307764890,4992,253682,35,1,1,128,1,1,16,0.000,0.000,,,,,NVIDIA A100-SXM4-40GB MIG 4g.20gb (0),1,,13,cupy_copy__complex64_complex64
13307896025,7520,253691,1,1,1,1,1,1,18,0.000,0.000,,,,,NVIDIA A100-SXM4-40GB MIG 4g.20gb (0),1,,13,cupy_copy__float32_float32
13307906809,1728,253697,,,,,,,,,,0.000,2.315,Device,Pageable,NVIDIA A100-SXM4-40GB MIG 4g.20gb (0),1,,7,[CUDA memcpy Device-to-Host]
13308306708,24128,253708,1434,1,1,128,1,1,16,0.000,0.000,,,,,NVIDIA A100-SXM4-40GB MIG 4g.20gb (0),1,,13,cupy_copy__complex64_complex64
13308556913,6784,253715,103,1,1,128,1,1,16,0.000,0.000,,,,,NVIDIA A100-SXM4-40GB MIG 4g.20gb (0),1,,13,cupy_copy__complex64_complex64
13308689872,10752,253722,35,1,1,128,1,1,16,0.000,0.000,,,,,NVIDIA A100-SXM4-40GB MIG 4g.20gb (0),1,,13,cupy_copy__complex64_complex64
13308989517,3488,253729,1,1,1,1,1,1,18,0.000,0.000,,,,,NVIDIA A100-SXM4-40GB MIG 4g.20gb (0),1,,13,cupy_copy__float32_float32
13309035468,269533,253740,1,1,1,32,32,1,30,0.000,0.000,,,,,NVIDIA A100-SXM4-40GB MIG 4g.20gb (0),1,,13,"void convert_kernel<__half2, float2>(tensor_layout_any, T1 *, tensor_layout_any, const T2 *)"
13309335145,5920,253743,,,,,,,,,,0.094,15826.941,Pinned,Device,NVIDIA A100-SXM4-40GB MIG 4g.20gb (0),1,,13,[CUDA memcpy Host-to-Device]
13309441159,7776,253744,,,,,,,,,,1.547,198895.846,Device,,NVIDIA A100-SXM4-40GB MIG 4g.20gb (0),1,,13,[CUDA memset]
13309450983,3424,253749,,,,,,,,,,0.031,9140.185,Pinned,Device,NVIDIA A100-SXM4-40GB MIG 4g.20gb (0),1,,13,[CUDA memcpy Host-to-Device]
13309456807,10176,253750,,,,,,,,,,0.197,19320.668,Pinned,Device,NVIDIA A100-SXM4-40GB MIG 4g.20gb (0),1,,13,[CUDA memcpy Host-to-Device]
13309693861,12703,253751,273,1,1,8,4,1,39,0.002,0.000,,,,,NVIDIA A100-SXM4-40GB MIG 4g.20gb (0),1,,13,"void channel_eq::eqMmseCoefCompLowMimoKernel<float, float, float, (unsigned int)4, (unsigned int)1, (unsigned int)4>(const channel_eq::_puschRxChEqStatDescr *, channel_eq::_puschRxChEqCoefCompDynDescr)"
13309889890,19552,253752,273,1,1,12,11,1,51,0.002,0.000,,,,,NVIDIA A100-SXM4-40GB MIG 4g.20gb (0),1,,13,"void channel_eq::eqMmseSoftDemapKernel<float, __half, __half, float, (unsigned int)4, (unsigned short)16383>(channel_eq::_puschRxChEqStatDescr *, channel_eq::_puschRxChEqSoftDemapDynDescr)"
13310267902,735224,253753,1,1,1,32,32,1,30,0.000,0.000,,,,,NVIDIA A100-SXM4-40GB MIG 4g.20gb (0),1,,13,"void convert_kernel<float2, __half2>(tensor_layout_any, T1 *, tensor_layout_any, const T2 *)"
13311607311,18112,253765,2253,1,1,128,1,1,16,0.000,0.000,,,,,NVIDIA A100-SXM4-40GB MIG 4g.20gb (0),1,,13,cupy_copy__float16_float16
13312081706,6816,253774,282,1,1,128,1,1,16,0.000,0.000,,,,,NVIDIA A100-SXM4-40GB MIG 4g.20gb (0),1,,13,cupy_copy__complex64_complex64
13312701379,5952,253783,26,1,1,128,1,1,16,0.000,0.000,,,,,NVIDIA A100-SXM4-40GB MIG 4g.20gb (0),1,,13,cupy_copy__float32_float32
13313230429,13536,253792,103,1,1,128,1,1,16,0.000,0.000,,,,,NVIDIA A100-SXM4-40GB MIG 4g.20gb (0),1,,13,cupy_copy__complex64_complex64
13313840822,20288,253802,1434,1,1,128,1,1,16,0.000,0.000,,,,,NVIDIA A100-SXM4-40GB MIG 4g.20gb (0),1,,13,cupy_copy__complex64_complex64
13314361520,269885,253807,1,1,1,32,32,1,30,0.000,0.000,,,,,NVIDIA A100-SXM4-40GB MIG 4g.20gb (0),1,,13,"void convert_kernel<__half2, float2>(tensor_layout_any, T1 *, tensor_layout_any, const T2 *)"
13314661837,8639,253810,,,,,,,,,,0.094,10845.687,Pinned,Device,NVIDIA A100-SXM4-40GB MIG 4g.20gb (0),1,,13,[CUDA memcpy Host-to-Device]
13315111463,649881,253811,,,,,,,,,,456.561,702191.495,Device,,NVIDIA A100-SXM4-40GB MIG 4g.20gb (0),1,,13,[CUDA memset]
13315767392,66239,253816,,,,,,,,,,1.235,18642.715,Pinned,Device,NVIDIA A100-SXM4-40GB MIG 4g.20gb (0),1,,13,[CUDA memcpy Host-to-Device]
13315836127,10272,253817,,,,,,,,,,0.197,19140.182,Pinned,Device,NVIDIA A100-SXM4-40GB MIG 4g.20gb (0),1,,13,[CUDA memcpy Host-to-Device]
13316461208,15776,253818,69,4,1,48,1,1,76,0.002,0.000,,,,,NVIDIA A100-SXM4-40GB MIG 4g.20gb (0),1,,13,"void ch_est::windowedChEstPreNoDftSOfdmKernel<float, __half, float, (unsigned int)2, (unsigned int)1, (unsigned short)4>(ch_est::puschRxChEstStatDescr_t *, ch_est::puschRxChEstDynDescr_t *)"
13316947827,21568,253819,137,2,1,24,2,1,44,0.001,0.001,,,,,NVIDIA A100-SXM4-40GB MIG 4g.20gb (0),1,,13,"void ch_est::chEstFilterNoDftSOfdmDispatchKernel<float, __half, float, (unsigned int)2>(ch_est::puschRxChEstStatDescr_t *, ch_est::puschRxChEstDynDescr_t *)"
13317589228,29215,253820,137,2,1,24,2,1,44,0.001,0.001,,,,,NVIDIA A100-SXM4-40GB MIG 4g.20gb (0),1,,13,"void ch_est::chEstFilterNoDftSOfdmDispatchKernel<float, __half, float, (unsigned int)2>(ch_est::puschRxChEstStatDescr_t *, ch_est::puschRxChEstDynDescr_t *)"
13318295460,6655,253831,103,1,1,128,1,1,16,0.000,0.000,,,,,NVIDIA A100-SXM4-40GB MIG 4g.20gb (0),1,,13,cupy_copy__complex64_complex64
13318933180,20128,253841,1434,1,1,128,1,1,16,0.000,0.000,,,,,NVIDIA A100-SXM4-40GB MIG 4g.20gb (0),1,,13,cupy_copy__complex64_complex64
13319447479,6143,253848,103,1,1,128,1,1,16,0.000,0.000,,,,,NVIDIA A100-SXM4-40GB MIG 4g.20gb (0),1,,13,cupy_copy__complex64_complex64
13319971025,254589,253855,1,1,1,32,32,1,30,0.000,0.000,,,,,NVIDIA A100-SXM4-40GB MIG 4g.20gb (0),1,,13,"void convert_kernel<__half2, float2>(tensor_layout_any, T1 *, tensor_layout_any, const T2 *)"
13320254605,5600,253858,,,,,,,,,,0.094,16731.388,Pinned,Device,NVIDIA A100-SXM4-40GB MIG 4g.20gb (0),1,,13,[CUDA memcpy Host-to-Device]
13320730440,63615,253859,,,,,,,,,,35.810,562896.132,Device,,NVIDIA A100-SXM4-40GB MIG 4g.20gb (0),1,,13,[CUDA memset]
13320799623,2816,253861,,,,,,,,,,0.000,28.409,Pinned,Device,NVIDIA A100-SXM4-40GB MIG 4g.20gb (0),1,,13,[CUDA memcpy Host-to-Device]
13320805095,11648,253862,,,,,,,,,,0.197,16878.993,Pinned,Device,NVIDIA A100-SXM4-40GB MIG 4g.20gb (0),1,,13,[CUDA memcpy Host-to-Device]
13321468832,30655,253863,273,1,1,48,1,1,40,0.000,0.001,,,,,NVIDIA A100-SXM4-40GB MIG 4g.20gb (0),1,,13,"void pusch_noise_intf_est::noiseIntfEstNoDftSOfdmKernel<float, __half, float, float, (unsigned int)2, (unsigned int)1, (unsigned char)4, (unsigned char)4>(pusch_noise_intf_est::puschRxNoiseIntfEstDynDescr)"
13322185464,15743,253874,35,1,1,128,1,1,16,0.000,0.000,,,,,NVIDIA A100-SXM4-40GB MIG 4g.20gb (0),1,,13,cupy_copy__complex64_complex64
13322515796,4384,253883,1,1,1,1,1,1,18,0.000,0.000,,,,,NVIDIA A100-SXM4-40GB MIG 4g.20gb (0),1,,13,cupy_copy__float32_float32
13322523668,3616,253889,,,,,,,,,,0.000,1.106,Device,Pageable,NVIDIA A100-SXM4-40GB MIG 4g.20gb (0),1,,7,[CUDA memcpy Device-to-Host]
13322965103,20480,253900,1434,1,1,128,1,1,16,0.000,0.000,,,,,NVIDIA A100-SXM4-40GB MIG 4g.20gb (0),1,,13,cupy_copy__complex64_complex64
13323586088,9760,253907,103,1,1,128,1,1,16,0.000,0.000,,,,,NVIDIA A100-SXM4-40GB MIG 4g.20gb (0),1,,13,cupy_copy__complex64_complex64
13323942148,10528,253914,35,1,1,128,1,1,16,0.000,0.000,,,,,NVIDIA A100-SXM4-40GB MIG 4g.20gb (0),1,,13,cupy_copy__complex64_complex64
13324224929,4000,253921,1,1,1,1,1,1,18,0.000,0.000,,,,,NVIDIA A100-SXM4-40GB MIG 4g.20gb (0),1,,13,cupy_copy__float32_float32
13324664636,254909,253932,1,1,1,32,32,1,30,0.000,0.000,,,,,NVIDIA A100-SXM4-40GB MIG 4g.20gb (0),1,,13,"void convert_kernel<__half2, float2>(tensor_layout_any, T1 *, tensor_layout_any, const T2 *)"
13324951064,9504,253935,,,,,,,,,,0.094,9858.506,Pinned,Device,NVIDIA A100-SXM4-40GB MIG 4g.20gb (0),1,,13,[CUDA memcpy Host-to-Device]
13325384308,13439,253936,,,,,,,,,,1.547,115084.292,Device,,NVIDIA A100-SXM4-40GB MIG 4g.20gb (0),1,,13,[CUDA memset]
13325406291,3296,253941,,,,,,,,,,0.031,9495.144,Pinned,Device,NVIDIA A100-SXM4-40GB MIG 4g.20gb (0),1,,13,[CUDA memcpy Host-to-Device]
13325412179,9824,253942,,,,,,,,,,0.197,20012.925,Pinned,Device,NVIDIA A100-SXM4-40GB MIG 4g.20gb (0),1,,13,[CUDA memcpy Host-to-Device]
13326002541,27679,253943,273,1,1,8,4,1,39,0.002,0.000,,,,,NVIDIA A100-SXM4-40GB MIG 4g.20gb (0),1,,13,"void channel_eq::eqMmseCoefCompLowMimoKernel<float, float, float, (unsigned int)4, (unsigned int)1, (unsigned int)4>(const channel_eq::_puschRxChEqStatDescr *, channel_eq::_puschRxChEqCoefCompDynDescr)"
13326627750,15967,253944,273,1,1,12,11,1,51,0.002,0.000,,,,,NVIDIA A100-SXM4-40GB MIG 4g.20gb (0),1,,13,"void channel_eq::eqMmseSoftDemapKernel<float, __half, __half, float, (unsigned int)4, (unsigned short)16383>(channel_eq::_puschRxChEqStatDescr *, channel_eq::_puschRxChEqSoftDemapDynDescr)"
13327255294,733560,253945,1,1,1,32,32,1,30,0.000,0.000,,,,,NVIDIA A100-SXM4-40GB MIG 4g.20gb (0),1,,13,"void convert_kernel<float2, __half2>(tensor_layout_any, T1 *, tensor_layout_any, const T2 *)"
13328394322,33215,253957,2253,1,1,128,1,1,16,0.000,0.000,,,,,NVIDIA A100-SXM4-40GB MIG 4g.20gb (0),1,,13,cupy_copy__float16_float16
13329003019,6208,253966,282,1,1,128,1,1,16,0.000,0.000,,,,,NVIDIA A100-SXM4-40GB MIG 4g.20gb (0),1,,13,cupy_copy__complex64_complex64
13329477861,7424,253975,26,1,1,128,1,1,16,0.000,0.000,,,,,NVIDIA A100-SXM4-40GB MIG 4g.20gb (0),1,,13,cupy_copy__float32_float32
13330049599,7104,253984,103,1,1,128,1,1,16,0.000,0.000,,,,,NVIDIA A100-SXM4-40GB MIG 4g.20gb (0),1,,13,cupy_copy__complex64_complex64
13330495610,21536,253994,1434,1,1,128,1,1,16,0.000,0.000,,,,,NVIDIA A100-SXM4-40GB MIG 4g.20gb (0),1,,13,cupy_copy__complex64_complex64
13331020180,272829,253999,1,1,1,32,32,1,30,0.000,0.000,,,,,NVIDIA A100-SXM4-40GB MIG 4g.20gb (0),1,,13,"void convert_kernel<__half2, float2>(tensor_layout_any, T1 *, tensor_layout_any, const T2 *)"
13331326960,5888,254002,,,,,,,,,,0.094,15912.954,Pinned,Device,NVIDIA A100-SXM4-40GB MIG 4g.20gb (0),1,,13,[CUDA memcpy Host-to-Device]
13331757804,613113,254003,,,,,,,,,,456.561,744651.709,Device,,NVIDIA A100-SXM4-40GB MIG 4g.20gb (0),1,,13,[CUDA memset]
13332379237,67039,254008,,,,,,,,,,1.235,18420.425,Pinned,Device,NVIDIA A100-SXM4-40GB MIG 4g.20gb (0),1,,13,[CUDA memcpy Host-to-Device]
13332448868,9600,254009,,,,,,,,,,0.197,20479.869,Pinned,Device,NVIDIA A100-SXM4-40GB MIG 4g.20gb (0),1,,13,[CUDA memcpy Host-to-Device]
13333022429,47104,254010,69,4,1,48,1,1,76,0.002,0.000,,,,,NVIDIA A100-SXM4-40GB MIG 4g.20gb (0),1,,13,"void ch_est::windowedChEstPreNoDftSOfdmKernel<float, __half, float, (unsigned int)2, (unsigned int)1, (unsigned short)4>(ch_est::puschRxChEstStatDescr_t *, ch_est::puschRxChEstDynDescr_t *)"
13333703030,19743,254011,137,2,1,24,2,1,44,0.001,0.001,,,,,NVIDIA A100-SXM4-40GB MIG 4g.20gb (0),1,,13,"void ch_est::chEstFilterNoDftSOfdmDispatchKernel<float, __half, float, (unsigned int)2>(ch_est::puschRxChEstStatDescr_t *, ch_est::puschRxChEstDynDescr_t *)"
13334389358,17888,254012,137,2,1,24,2,1,44,0.001,0.001,,,,,NVIDIA A100-SXM4-40GB MIG 4g.20gb (0),1,,13,"void ch_est::chEstFilterNoDftSOfdmDispatchKernel<float, __half, float, (unsigned int)2>(ch_est::puschRxChEstStatDescr_t *, ch_est::puschRxChEstDynDescr_t *)"
13335056326,4672,254023,103,1,1,128,1,1,16,0.000,0.000,,,,,NVIDIA A100-SXM4-40GB MIG 4g.20gb (0),1,,13,cupy_copy__complex64_complex64
13335679391,17312,254033,1434,1,1,128,1,1,16,0.000,0.000,,,,,NVIDIA A100-SXM4-40GB MIG 4g.20gb (0),1,,13,cupy_copy__complex64_complex64
13336367224,5120,254040,103,1,1,128,1,1,16,0.000,0.000,,,,,NVIDIA A100-SXM4-40GB MIG 4g.20gb (0),1,,13,cupy_copy__complex64_complex64
13337043632,261085,254047,1,1,1,32,32,1,30,0.000,0.000,,,,,NVIDIA A100-SXM4-40GB MIG 4g.20gb (0),1,,13,"void convert_kernel<__half2, float2>(tensor_layout_any, T1 *, tensor_layout_any, const T2 *)"
13337333613,8640,254050,,,,,,,,,,0.094,10844.375,Pinned,Device,NVIDIA A100-SXM4-40GB MIG 4g.20gb (0),1,,13,[CUDA memcpy Host-to-Device]
13337792391,52224,254051,,,,,,,,,,35.810,685688.348,Device,,NVIDIA A100-SXM4-40GB MIG 4g.20gb (0),1,,13,[CUDA memset]
13337850791,2464,254053,,,,,,,,,,0.000,32.468,Pinned,Device,NVIDIA A100-SXM4-40GB MIG 4g.20gb (0),1,,13,[CUDA memcpy Host-to-Device]
13337859143,9856,254054,,,,,,,,,,0.197,19948.044,Pinned,Device,NVIDIA A100-SXM4-40GB MIG 4g.20gb (0),1,,13,[CUDA memcpy Host-to-Device]
13338576831,15807,254055,273,1,1,48,1,1,40,0.000,0.001,,,,,NVIDIA A100-SXM4-40GB MIG 4g.20gb (0),1,,13,"void pusch_noise_intf_est::noiseIntfEstNoDftSOfdmKernel<float, __half, float, float, (unsigned int)2, (unsigned int)1, (unsigned char)4, (unsigned char)4>(pusch_noise_intf_est::puschRxNoiseIntfEstDynDescr)"
13339144856,5920,254066,35,1,1,128,1,1,16,0.000,0.000,,,,,NVIDIA A100-SXM4-40GB MIG 4g.20gb (0),1,,13,cupy_copy__complex64_complex64
13339917840,3583,254075,1,1,1,1,1,1,18,0.000,0.000,,,,,NVIDIA A100-SXM4-40GB MIG 4g.20gb (0),1,,13,cupy_copy__float32_float32
13339927151,1600,254081,,,,,,,,,,0.000,2.500,Device,Pageable,NVIDIA A100-SXM4-40GB MIG 4g.20gb (0),1,,7,[CUDA memcpy Device-to-Host]
13340672871,19712,254092,1434,1,1,128,1,1,16,0.000,0.000,,,,,NVIDIA A100-SXM4-40GB MIG 4g.20gb (0),1,,13,cupy_copy__complex64_complex64
13341239841,6080,254099,103,1,1,128,1,1,16,0.000,0.000,,,,,NVIDIA A100-SXM4-40GB MIG 4g.20gb (0),1,,13,cupy_copy__complex64_complex64
13341754459,5504,254106,35,1,1,128,1,1,16,0.000,0.000,,,,,NVIDIA A100-SXM4-40GB MIG 4g.20gb (0),1,,13,cupy_copy__complex64_complex64
13342527538,4256,254113,1,1,1,1,1,1,18,0.000,0.000,,,,,NVIDIA A100-SXM4-40GB MIG 4g.20gb (0),1,,13,cupy_copy__float32_float32
13343331689,263709,254124,1,1,1,32,32,1,30,0.000,0.000,,,,,NVIDIA A100-SXM4-40GB MIG 4g.20gb (0),1,,13,"void convert_kernel<__half2, float2>(tensor_layout_any, T1 *, tensor_layout_any, const T2 *)"
13343626374,5600,254127,,,,,,,,,,0.094,16731.388,Pinned,Device,NVIDIA A100-SXM4-40GB MIG 4g.20gb (0),1,,13,[CUDA memcpy Host-to-Device]
13344173695,7168,254128,,,,,,,,,,1.547,215766.421,Device,,NVIDIA A100-SXM4-40GB MIG 4g.20gb (0),1,,13,[CUDA memset]
13344187167,7488,254133,,,,,,,,,,0.031,4179.487,Pinned,Device,NVIDIA A100-SXM4-40GB MIG 4g.20gb (0),1,,13,[CUDA memcpy Host-to-Device]
13344197823,13760,254134,,,,,,,,,,0.197,14288.290,Pinned,Device,NVIDIA A100-SXM4-40GB MIG 4g.20gb (0),1,,13,[CUDA memcpy Host-to-Device]
13344824920,16960,254135,273,1,1,8,4,1,39,0.002,0.000,,,,,NVIDIA A100-SXM4-40GB MIG 4g.20gb (0),1,,13,"void channel_eq::eqMmseCoefCompLowMimoKernel<float, float, float, (unsigned int)4, (unsigned int)1, (unsigned int)4>(const channel_eq::_puschRxChEqStatDescr *, channel_eq::_puschRxChEqCoefCompDynDescr)"
13345482705,26751,254136,273,1,1,12,11,1,51,0.002,0.000,,,,,NVIDIA A100-SXM4-40GB MIG 4g.20gb (0),1,,13,"void channel_eq::eqMmseSoftDemapKernel<float, __half, __half, float, (unsigned int)4, (unsigned short)16383>(channel_eq::_puschRxChEqStatDescr *, channel_eq::_puschRxChEqSoftDemapDynDescr)"
13346145097,689496,254137,1,1,1,32,32,1,30,0.000,0.000,,,,,NVIDIA A100-SXM4-40GB MIG 4g.20gb (0),1,,13,"void convert_kernel<float2, __half2>(tensor_layout_any, T1 *, tensor_layout_any, const T2 *)"
13347281052,18624,254149,2253,1,1,128,1,1,16,0.000,0.000,,,,,NVIDIA A100-SXM4-40GB MIG 4g.20gb (0),1,,13,cupy_copy__float16_float16
13347869878,7968,254158,282,1,1,128,1,1,16,0.000,0.000,,,,,NVIDIA A100-SXM4-40GB MIG 4g.20gb (0),1,,13,cupy_copy__complex64_complex64
13348629485,9056,254167,26,1,1,128,1,1,16,0.000,0.000,,,,,NVIDIA A100-SXM4-40GB MIG 4g.20gb (0),1,,13,cupy_copy__float32_float32
13349318757,6624,254176,103,1,1,128,1,1,16,0.000,0.000,,,,,NVIDIA A100-SXM4-40GB MIG 4g.20gb (0),1,,13,cupy_copy__complex64_complex64
13349905055,21568,254186,1434,1,1,128,1,1,16,0.000,0.000,,,,,NVIDIA A100-SXM4-40GB MIG 4g.20gb (0),1,,13,cupy_copy__complex64_complex64
13350702518,254397,254191,1,1,1,32,32,1,30,0.000,0.000,,,,,NVIDIA A100-SXM4-40GB MIG 4g.20gb (0),1,,13,"void convert_kernel<__half2, float2>(tensor_layout_any, T1 *, tensor_layout_any, const T2 *)"
13350987187,9055,254194,,,,,,,,,,0.094,10347.411,Pinned,Device,NVIDIA A100-SXM4-40GB MIG 4g.20gb (0),1,,13,[CUDA memcpy Host-to-Device]
13351551852,622009,254195,,,,,,,,,,456.561,733694.234,Device,,NVIDIA A100-SXM4-40GB MIG 4g.20gb (0),1,,13,[CUDA memset]
13352181925,60831,254200,,,,,,,,,,1.235,20300.009,Pinned,Device,NVIDIA A100-SXM4-40GB MIG 4g.20gb (0),1,,13,[CUDA memcpy Host-to-Device]
13352245508,9472,254201,,,,,,,,,,0.197,20756.693,Pinned,Device,NVIDIA A100-SXM4-40GB MIG 4g.20gb (0),1,,13,[CUDA memcpy Host-to-Device]
13352989660,26208,254202,69,4,1,48,1,1,76,0.002,0.000,,,,,NVIDIA A100-SXM4-40GB MIG 4g.20gb (0),1,,13,"void ch_est::windowedChEstPreNoDftSOfdmKernel<float, __half, float, (unsigned int)2, (unsigned int)1, (unsigned short)4>(ch_est::puschRxChEstStatDescr_t *, ch_est::puschRxChEstDynDescr_t *)"
13353778259,42048,254203,137,2,1,24,2,1,44,0.001,0.001,,,,,NVIDIA A100-SXM4-40GB MIG 4g.20gb (0),1,,13,"void ch_est::chEstFilterNoDftSOfdmDispatchKernel<float, __half, float, (unsigned int)2>(ch_est::puschRxChEstStatDescr_t *, ch_est::puschRxChEstDynDescr_t *)"
13354596970,43199,254204,137,2,1,24,2,1,44,0.001,0.001,,,,,NVIDIA A100-SXM4-40GB MIG 4g.20gb (0),1,,13,"void ch_est::chEstFilterNoDftSOfdmDispatchKernel<float, __half, float, (unsigned int)2>(ch_est::puschRxChEstStatDescr_t *, ch_est::puschRxChEstDynDescr_t *)"
13355343105,6688,254215,103,1,1,128,1,1,16,0.000,0.000,,,,,NVIDIA A100-SXM4-40GB MIG 4g.20gb (0),1,,13,cupy_copy__complex64_complex64
13355997498,19616,254225,1434,1,1,128,1,1,16,0.000,0.000,,,,,NVIDIA A100-SXM4-40GB MIG 4g.20gb (0),1,,13,cupy_copy__complex64_complex64
13356444757,4992,254232,103,1,1,128,1,1,16,0.000,0.000,,,,,NVIDIA A100-SXM4-40GB MIG 4g.20gb (0),1,,13,cupy_copy__complex64_complex64
13356941935,271197,254239,1,1,1,32,32,1,30,0.000,0.000,,,,,NVIDIA A100-SXM4-40GB MIG 4g.20gb (0),1,,13,"void convert_kernel<__half2, float2>(tensor_layout_any, T1 *, tensor_layout_any, const T2 *)"
13357247564,5632,254242,,,,,,,,,,0.094,16636.287,Pinned,Device,NVIDIA A100-SXM4-40GB MIG 4g.20gb (0),1,,13,[CUDA memcpy Host-to-Device]
13357613576,87487,254243,,,,,,,,,,35.810,409307.386,Device,,NVIDIA A100-SXM4-40GB MIG 4g.20gb (0),1,,13,[CUDA memset]
13357705031,1888,254245,,,,,,,,,,0.000,42.373,Pinned,Device,NVIDIA A100-SXM4-40GB MIG 4g.20gb (0),1,,13,[CUDA memcpy Host-to-Device]
13357713415,10624,254246,,,,,,,,,,0.197,18505.925,Pinned,Device,NVIDIA A100-SXM4-40GB MIG 4g.20gb (0),1,,13,[CUDA memcpy Host-to-Device]
13358359903,56928,254247,273,1,1,48,1,1,40,0.000,0.001,,,,,NVIDIA A100-SXM4-40GB MIG 4g.20gb (0),1,,13,"void pusch_noise_intf_est::noiseIntfEstNoDftSOfdmKernel<float, __half, float, float, (unsigned int)2, (unsigned int)1, (unsigned char)4, (unsigned char)4>(pusch_noise_intf_est::puschRxNoiseIntfEstDynDescr)"
13359116695,7552,254258,35,1,1,128,1,1,16,0.000,0.000,,,,,NVIDIA A100-SXM4-40GB MIG 4g.20gb (0),1,,13,cupy_copy__complex64_complex64
13359540722,4000,254267,1,1,1,1,1,1,18,0.000,0.000,,,,,NVIDIA A100-SXM4-40GB MIG 4g.20gb (0),1,,13,cupy_copy__float32_float32
13359546034,1600,254273,,,,,,,,,,0.000,2.500,Device,Pageable,NVIDIA A100-SXM4-40GB MIG 4g.20gb (0),1,,7,[CUDA memcpy Device-to-Host]
13360277098,21055,254284,1434,1,1,128,1,1,16,0.000,0.000,,,,,NVIDIA A100-SXM4-40GB MIG 4g.20gb (0),1,,13,cupy_copy__complex64_complex64
13360663877,6272,254291,103,1,1,128,1,1,16,0.000,0.000,,,,,NVIDIA A100-SXM4-40GB MIG 4g.20gb (0),1,,13,cupy_copy__complex64_complex64
13361235103,9952,254298,35,1,1,128,1,1,16,0.000,0.000,,,,,NVIDIA A100-SXM4-40GB MIG 4g.20gb (0),1,,13,cupy_copy__complex64_complex64
13362038422,5920,254305,1,1,1,1,1,1,18,0.000,0.000,,,,,NVIDIA A100-SXM4-40GB MIG 4g.20gb (0),1,,13,cupy_copy__float32_float32
13362648815,344892,254316,1,1,1,32,32,1,30,0.000,0.000,,,,,NVIDIA A100-SXM4-40GB MIG 4g.20gb (0),1,,13,"void convert_kernel<__half2, float2>(tensor_layout_any, T1 *, tensor_layout_any, const T2 *)"
13363025259,5984,254319,,,,,,,,,,0.094,15657.726,Pinned,Device,NVIDIA A100-SXM4-40GB MIG 4g.20gb (0),1,,13,[CUDA memcpy Host-to-Device]
13363724707,8544,254320,,,,,,,,,,1.547,181018.420,Device,,NVIDIA A100-SXM4-40GB MIG 4g.20gb (0),1,,13,[CUDA memset]
13363745027,7168,254325,,,,,,,,,,0.031,4366.042,Pinned,Device,NVIDIA A100-SXM4-40GB MIG 4g.20gb (0),1,,13,[CUDA memcpy Host-to-Device]
13363760962,20480,254326,,,,,,,,,,0.197,9599.975,Pinned,Device,NVIDIA A100-SXM4-40GB MIG 4g.20gb (0),1,,13,[CUDA memcpy Host-to-Device]
13364566425,35680,254327,273,1,1,8,4,1,39,0.002,0.000,,,,,NVIDIA A100-SXM4-40GB MIG 4g.20gb (0),1,,13,"void channel_eq::eqMmseCoefCompLowMimoKernel<float, float, float, (unsigned int)4, (unsigned int)1, (unsigned int)4>(const channel_eq::_puschRxChEqStatDescr *, channel_eq::_puschRxChEqCoefCompDynDescr)"
13365259409,52672,254328,273,1,1,12,11,1,51,0.002,0.000,,,,,NVIDIA A100-SXM4-40GB MIG 4g.20gb (0),1,,13,"void channel_eq::eqMmseSoftDemapKernel<float, __half, __half, float, (unsigned int)4, (unsigned short)16383>(channel_eq::_puschRxChEqStatDescr *, channel_eq::_puschRxChEqSoftDemapDynDescr)"
13366121416,700152,254329,1,1,1,32,32,1,30,0.000,0.000,,,,,NVIDIA A100-SXM4-40GB MIG 4g.20gb (0),1,,13,"void convert_kernel<float2, __half2>(tensor_layout_any, T1 *, tensor_layout_any, const T2 *)"
13367401593,17760,254341,2253,1,1,128,1,1,16,0.000,0.000,,,,,NVIDIA A100-SXM4-40GB MIG 4g.20gb (0),1,,13,cupy_copy__float16_float16
13368050674,5824,254350,282,1,1,128,1,1,16,0.000,0.000,,,,,NVIDIA A100-SXM4-40GB MIG 4g.20gb (0),1,,13,cupy_copy__complex64_complex64
13368565900,8512,254359,26,1,1,128,1,1,16,0.000,0.000,,,,,NVIDIA A100-SXM4-40GB MIG 4g.20gb (0),1,,13,cupy_copy__float32_float32
13369198565,9248,254368,103,1,1,128,1,1,16,0.000,0.000,,,,,NVIDIA A100-SXM4-40GB MIG 4g.20gb (0),1,,13,cupy_copy__complex64_complex64
13369745695,20672,254378,1434,1,1,128,1,1,16,0.000,0.000,,,,,NVIDIA A100-SXM4-40GB MIG 4g.20gb (0),1,,13,cupy_copy__complex64_complex64
13370462743,262973,254383,1,1,1,32,32,1,30,0.000,0.000,,,,,NVIDIA A100-SXM4-40GB MIG 4g.20gb (0),1,,13,"void convert_kernel<__half2, float2>(tensor_layout_any, T1 *, tensor_layout_any, const T2 *)"
13370756499,10304,254386,,,,,,,,,,0.094,9093.103,Pinned,Device,NVIDIA A100-SXM4-40GB MIG 4g.20gb (0),1,,13,[CUDA memcpy Host-to-Device]
13371290829,619449,254387,,,,,,,,,,456.561,736890.164,Device,,NVIDIA A100-SXM4-40GB MIG 4g.20gb (0),1,,13,[CUDA memset]
13371915334,65728,254392,,,,,,,,,,1.235,18788.438,Pinned,Device,NVIDIA A100-SXM4-40GB MIG 4g.20gb (0),1,,13,[CUDA memcpy Host-to-Device]
13371983526,9951,254393,,,,,,,,,,0.197,19757.531,Pinned,Device,NVIDIA A100-SXM4-40GB MIG 4g.20gb (0),1,,13,[CUDA memcpy Host-to-Device]
13372672222,27232,254394,69,4,1,48,1,1,76,0.002,0.000,,,,,NVIDIA A100-SXM4-40GB MIG 4g.20gb (0),1,,13,"void ch_est::windowedChEstPreNoDftSOfdmKernel<float, __half, float, (unsigned int)2, (unsigned int)1, (unsigned short)4>(ch_est::puschRxChEstStatDescr_t *, ch_est::puschRxChEstDynDescr_t *)"
13373381110,35263,254395,137,2,1,24,2,1,44,0.001,0.001,,,,,NVIDIA A100-SXM4-40GB MIG 4g.20gb (0),1,,13,"void ch_est::chEstFilterNoDftSOfdmDispatchKernel<float, __half, float, (unsigned int)2>(ch_est::puschRxChEstStatDescr_t *, ch_est::puschRxChEstDynDescr_t *)"
13374116910,39295,254396,137,2,1,24,2,1,44,0.001,0.001,,,,,NVIDIA A100-SXM4-40GB MIG 4g.20gb (0),1,,13,"void ch_est::chEstFilterNoDftSOfdmDispatchKernel<float, __half, float, (unsigned int)2>(ch_est::puschRxChEstStatDescr_t *, ch_est::puschRxChEstDynDescr_t *)"
13374539593,8288,254407,103,1,1,128,1,1,16,0.000,0.000,,,,,NVIDIA A100-SXM4-40GB MIG 4g.20gb (0),1,,13,cupy_copy__complex64_complex64
13375127842,22272,254417,1434,1,1,128,1,1,16,0.000,0.000,,,,,NVIDIA A100-SXM4-40GB MIG 4g.20gb (0),1,,13,cupy_copy__complex64_complex64
13375630172,9920,254424,103,1,1,128,1,1,16,0.000,0.000,,,,,NVIDIA A100-SXM4-40GB MIG 4g.20gb (0),1,,13,cupy_copy__complex64_complex64
13376250165,262429,254431,1,1,1,32,32,1,30,0.000,0.000,,,,,NVIDIA A100-SXM4-40GB MIG 4g.20gb (0),1,,13,"void convert_kernel<__half2, float2>(tensor_layout_any, T1 *, tensor_layout_any, const T2 *)"
13376543186,5472,254434,,,,,,,,,,0.094,17122.757,Pinned,Device,NVIDIA A100-SXM4-40GB MIG 4g.20gb (0),1,,13,[CUDA memcpy Host-to-Device]
13377051308,67840,254435,,,,,,,,,,35.810,527838.221,Device,,NVIDIA A100-SXM4-40GB MIG 4g.20gb (0),1,,13,[CUDA memset]
13377126828,2944,254437,,,,,,,,,,0.000,27.174,Pinned,Device,NVIDIA A100-SXM4-40GB MIG 4g.20gb (0),1,,13,[CUDA memcpy Host-to-Device]
13377132587,13472,254438,,,,,,,,,,0.197,14593.819,Pinned,Device,NVIDIA A100-SXM4-40GB MIG 4g.20gb (0),1,,13,[CUDA memcpy Host-to-Device]
13377776164,20544,254439,273,1,1,48,1,1,40,0.000,0.001,,,,,NVIDIA A100-SXM4-40GB MIG 4g.20gb (0),1,,13,"void pusch_noise_intf_est::noiseIntfEstNoDftSOfdmKernel<float, __half, float, float, (unsigned int)2, (unsigned int)1, (unsigned char)4, (unsigned char)4>(pusch_noise_intf_est::puschRxNoiseIntfEstDynDescr)"
13378229855,4832,254450,35,1,1,128,1,1,16,0.000,0.000,,,,,NVIDIA A100-SXM4-40GB MIG 4g.20gb (0),1,,13,cupy_copy__complex64_complex64
13378704826,4000,254459,1,1,1,1,1,1,18,0.000,0.000,,,,,NVIDIA A100-SXM4-40GB MIG 4g.20gb (0),1,,13,cupy_copy__float32_float32
13378712538,3072,254465,,,,,,,,,,0.000,1.302,Device,Pageable,NVIDIA A100-SXM4-40GB MIG 4g.20gb (0),1,,7,[CUDA memcpy Device-to-Host]
13379428242,36415,254476,1434,1,1,128,1,1,16,0.000,0.000,,,,,NVIDIA A100-SXM4-40GB MIG 4g.20gb (0),1,,13,cupy_copy__complex64_complex64
13380084618,4960,254483,103,1,1,128,1,1,16,0.000,0.000,,,,,NVIDIA A100-SXM4-40GB MIG 4g.20gb (0),1,,13,cupy_copy__complex64_complex64
13380737379,17216,254490,35,1,1,128,1,1,16,0.000,0.000,,,,,NVIDIA A100-SXM4-40GB MIG 4g.20gb (0),1,,13,cupy_copy__complex64_complex64
13381085759,6176,254497,1,1,1,1,1,1,18,0.000,0.000,,,,,NVIDIA A100-SXM4-40GB MIG 4g.20gb (0),1,,13,cupy_copy__float32_float32
13381710520,255293,254508,1,1,1,32,32,1,30,0.000,0.000,,,,,NVIDIA A100-SXM4-40GB MIG 4g.20gb (0),1,,13,"void convert_kernel<__half2, float2>(tensor_layout_any, T1 *, tensor_layout_any, const T2 *)"
13381997237,12447,254511,,,,,,,,,,0.094,7527.537,Pinned,Device,NVIDIA A100-SXM4-40GB MIG 4g.20gb (0),1,,13,[CUDA memcpy Host-to-Device]
13382597550,4384,254512,,,,,,,,,,1.547,352788.028,Device,,NVIDIA A100-SXM4-40GB MIG 4g.20gb (0),1,,13,[CUDA memset]
13382611310,6944,254517,,,,,,,,,,0.031,4506.906,Pinned,Device,NVIDIA A100-SXM4-40GB MIG 4g.20gb (0),1,,13,[CUDA memcpy Host-to-Device]
13382627117,15232,254518,,,,,,,,,,0.197,12907.512,Pinned,Device,NVIDIA A100-SXM4-40GB MIG 4g.20gb (0),1,,13,[CUDA memcpy Host-to-Device]
13383308710,36223,254519,273,1,1,8,4,1,39,0.002,0.000,,,,,NVIDIA A100-SXM4-40GB MIG 4g.20gb (0),1,,13,"void channel_eq::eqMmseCoefCompLowMimoKernel<float, float, float, (unsigned int)4, (unsigned int)1, (unsigned int)4>(const channel_eq::_puschRxChEqStatDescr *, channel_eq::_puschRxChEqCoefCompDynDescr)"
13383690977,36288,254520,273,1,1,12,11,1,51,0.002,0.000,,,,,NVIDIA A100-SXM4-40GB MIG 4g.20gb (0),1,,13,"void channel_eq::eqMmseSoftDemapKernel<float, __half, __half, float, (unsigned int)4, (unsigned short)16383>(channel_eq::_puschRxChEqStatDescr *, channel_eq::_puschRxChEqSoftDemapDynDescr)"
13384266139,690520,254521,1,1,1,32,32,1,30,0.000,0.000,,,,,NVIDIA A100-SXM4-40GB MIG 4g.20gb (0),1,,13,"void convert_kernel<float2, __half2>(tensor_layout_any, T1 *, tensor_layout_any, const T2 *)"
13385807658,22111,254533,2253,1,1,128,1,1,16,0.000,0.000,,,,,NVIDIA A100-SXM4-40GB MIG 4g.20gb (0),1,,13,cupy_copy__float16_float16
13386461122,6016,254542,282,1,1,128,1,1,16,0.000,0.000,,,,,NVIDIA A100-SXM4-40GB MIG 4g.20gb (0),1,,13,cupy_copy__complex64_complex64
13387137787,4736,254551,26,1,1,128,1,1,16,0.000,0.000,,,,,NVIDIA A100-SXM4-40GB MIG 4g.20gb (0),1,,13,cupy_copy__float32_float32
13387841587,14687,254560,103,1,1,128,1,1,16,0.000,0.000,,,,,NVIDIA A100-SXM4-40GB MIG 4g.20gb (0),1,,13,cupy_copy__complex64_complex64
13388562666,17536,254570,1434,1,1,128,1,1,16,0.000,0.000,,,,,NVIDIA A100-SXM4-40GB MIG 4g.20gb (0),1,,13,cupy_copy__complex64_complex64
13389538111,234622,254575,1,1,1,32,32,1,30,0.000,0.000,,,,,NVIDIA A100-SXM4-40GB MIG 4g.20gb (0),1,,13,"void convert_kernel<__half2, float2>(tensor_layout_any, T1 *, tensor_layout_any, const T2 *)"
13389802844,9888,254578,,,,,,,,,,0.094,9475.664,Pinned,Device,NVIDIA A100-SXM4-40GB MIG 4g.20gb (0),1,,13,[CUDA memcpy Host-to-Device]
13390680115,710040,254579,,,,,,,,,,456.561,642838.508,Device,,NVIDIA A100-SXM4-40GB MIG 4g.20gb (0),1,,13,[CUDA memset]
13391397130,59968,254584,,,,,,,,,,1.235,20592.691,Pinned,Device,NVIDIA A100-SXM4-40GB MIG 4g.20gb (0),1,,13,[CUDA memcpy Host-to-Device]
13391459818,10176,254585,,,,,,,,,,0.197,19320.668,Pinned,Device,NVIDIA A100-SXM4-40GB MIG 4g.20gb (0),1,,13,[CUDA memcpy Host-to-Device]
13392321376,10656,254586,69,4,1,48,1,1,76,0.002,0.000,,,,,NVIDIA A100-SXM4-40GB MIG 4g.20gb (0),1,,13,"void ch_est::windowedChEstPreNoDftSOfdmKernel<float, __half, float, (unsigned int)2, (unsigned int)1, (unsigned short)4>(ch_est::puschRxChEstStatDescr_t *, ch_est::puschRxChEstDynDescr_t *)"
13392952409,49471,254587,137,2,1,24,2,1,44,0.001,0.001,,,,,NVIDIA A100-SXM4-40GB MIG 4g.20gb (0),1,,13,"void ch_est::chEstFilterNoDftSOfdmDispatchKernel<float, __half, float, (unsigned int)2>(ch_est::puschRxChEstStatDescr_t *, ch_est::puschRxChEstDynDescr_t *)"
13393482963,12512,254588,137,2,1,24,2,1,44,0.001,0.001,,,,,NVIDIA A100-SXM4-40GB MIG 4g.20gb (0),1,,13,"void ch_est::chEstFilterNoDftSOfdmDispatchKernel<float, __half, float, (unsigned int)2>(ch_est::puschRxChEstStatDescr_t *, ch_est::puschRxChEstDynDescr_t *)"
13393956462,6880,254599,103,1,1,128,1,1,16,0.000,0.000,,,,,NVIDIA A100-SXM4-40GB MIG 4g.20gb (0),1,,13,cupy_copy__complex64_complex64
13394342409,23680,254609,1434,1,1,128,1,1,16,0.000,0.000,,,,,NVIDIA A100-SXM4-40GB MIG 4g.20gb (0),1,,13,cupy_copy__complex64_complex64
13394932451,4736,254616,103,1,1,128,1,1,16,0.000,0.000,,,,,NVIDIA A100-SXM4-40GB MIG 4g.20gb (0),1,,13,cupy_copy__complex64_complex64
13395382046,254621,254623,1,1,1,32,32,1,30,0.000,0.000,,,,,NVIDIA A100-SXM4-40GB MIG 4g.20gb (0),1,,13,"void convert_kernel<__half2, float2>(tensor_layout_any, T1 *, tensor_layout_any, const T2 *)"
13395666906,5664,254626,,,,,,,,,,0.094,16542.310,Pinned,Device,NVIDIA A100-SXM4-40GB MIG 4g.20gb (0),1,,13,[CUDA memcpy Host-to-Device]
13396071958,75615,254627,,,,,,,,,,35.810,473550.382,Device,,NVIDIA A100-SXM4-40GB MIG 4g.20gb (0),1,,13,[CUDA memset]
13396148469,1888,254629,,,,,,,,,,0.000,42.373,Pinned,Device,NVIDIA A100-SXM4-40GB MIG 4g.20gb (0),1,,13,[CUDA memcpy Host-to-Device]
13396156693,13088,254630,,,,,,,,,,0.197,15021.834,Pinned,Device,NVIDIA A100-SXM4-40GB MIG 4g.20gb (0),1,,13,[CUDA memcpy Host-to-Device]
13396598576,35743,254631,273,1,1,48,1,1,40,0.000,0.001,,,,,NVIDIA A100-SXM4-40GB MIG 4g.20gb (0),1,,13,"void pusch_noise_intf_est::noiseIntfEstNoDftSOfdmKernel<float, __half, float, float, (unsigned int)2, (unsigned int)1, (unsigned char)4, (unsigned char)4>(pusch_noise_intf_est::puschRxNoiseIntfEstDynDescr)"
13397297224,13536,254642,35,1,1,128,1,1,16,0.000,0.000,,,,,NVIDIA A100-SXM4-40GB MIG 4g.20gb (0),1,,13,cupy_copy__complex64_complex64
13397955520,3552,254651,1,1,1,1,1,1,18,0.000,0.000,,,,,NVIDIA A100-SXM4-40GB MIG 4g.20gb (0),1,,13,cupy_copy__float32_float32
13397969440,2144,254657,,,,,,,,,,0.000,1.866,Device,Pageable,NVIDIA A100-SXM4-40GB MIG 4g.20gb (0),1,,7,[CUDA memcpy Device-to-Host]
13398672952,27488,254668,1434,1,1,128,1,1,16,0.000,0.000,,,,,NVIDIA A100-SXM4-40GB MIG 4g.20gb (0),1,,13,cupy_copy__complex64_complex64
13399355697,4128,254675,103,1,1,128,1,1,16,0.000,0.000,,,,,NVIDIA A100-SXM4-40GB MIG 4g.20gb (0),1,,13,cupy_copy__complex64_complex64
13400045257,10624,254682,35,1,1,128,1,1,16,0.000,0.000,,,,,NVIDIA A100-SXM4-40GB MIG 4g.20gb (0),1,,13,cupy_copy__complex64_complex64
13400648738,4960,254689,1,1,1,1,1,1,18,0.000,0.000,,,,,NVIDIA A100-SXM4-40GB MIG 4g.20gb (0),1,,13,cupy_copy__float32_float32
13401160700,247070,254700,1,1,1,32,32,1,30,0.000,0.000,,,,,NVIDIA A100-SXM4-40GB MIG 4g.20gb (0),1,,13,"void convert_kernel<__half2, float2>(tensor_layout_any, T1 *, tensor_layout_any, const T2 *)"
13401442169,6304,254703,,,,,,,,,,0.094,14862.903,Pinned,Device,NVIDIA A100-SXM4-40GB MIG 4g.20gb (0),1,,13,[CUDA memcpy Host-to-Device]
13401946803,6720,254704,,,,,,,,,,1.547,230151.571,Device,,NVIDIA A100-SXM4-40GB MIG 4g.20gb (0),1,,13,[CUDA memset]
13401954291,10336,254709,,,,,,,,,,0.031,3027.857,Pinned,Device,NVIDIA A100-SXM4-40GB MIG 4g.20gb (0),1,,13,[CUDA memcpy Host-to-Device]
13401974163,11968,254710,,,,,,,,,,0.197,16427.778,Pinned,Device,NVIDIA A100-SXM4-40GB MIG 4g.20gb (0),1,,13,[CUDA memcpy Host-to-Device]
13402624620,11008,254711,273,1,1,8,4,1,39,0.002,0.000,,,,,NVIDIA A100-SXM4-40GB MIG 4g.20gb (0),1,,13,"void channel_eq::eqMmseCoefCompLowMimoKernel<float, float, float, (unsigned int)4, (unsigned int)1, (unsigned int)4>(const channel_eq::_puschRxChEqStatDescr *, channel_eq::_puschRxChEqCoefCompDynDescr)"
13403168838,13951,254712,273,1,1,12,11,1,51,0.002,0.000,,,,,NVIDIA A100-SXM4-40GB MIG 4g.20gb (0),1,,13,"void channel_eq::eqMmseSoftDemapKernel<float, __half, __half, float, (unsigned int)4, (unsigned short)16383>(channel_eq::_puschRxChEqStatDescr *, channel_eq::_puschRxChEqSoftDemapDynDescr)"
13403933629,604793,254713,1,1,1,32,32,1,30,0.000,0.000,,,,,NVIDIA A100-SXM4-40GB MIG 4g.20gb (0),1,,13,"void convert_kernel<float2, __half2>(tensor_layout_any, T1 *, tensor_layout_any, const T2 *)"
13405151727,14304,254725,2253,1,1,128,1,1,16,0.000,0.000,,,,,NVIDIA A100-SXM4-40GB MIG 4g.20gb (0),1,,13,cupy_copy__float16_float16
13405967142,8128,254734,282,1,1,128,1,1,16,0.000,0.000,,,,,NVIDIA A100-SXM4-40GB MIG 4g.20gb (0),1,,13,cupy_copy__complex64_complex64
13406760765,4032,254743,26,1,1,128,1,1,16,0.000,0.000,,,,,NVIDIA A100-SXM4-40GB MIG 4g.20gb (0),1,,13,cupy_copy__float32_float32
13407282487,9312,254752,103,1,1,128,1,1,16,0.000,0.000,,,,,NVIDIA A100-SXM4-40GB MIG 4g.20gb (0),1,,13,cupy_copy__complex64_complex64
13408053487,21023,254762,1434,1,1,128,1,1,16,0.000,0.000,,,,,NVIDIA A100-SXM4-40GB MIG 4g.20gb (0),1,,13,cupy_copy__complex64_complex64
13408728487,311548,254767,1,1,1,32,32,1,30,0.000,0.000,,,,,NVIDIA A100-SXM4-40GB MIG 4g.20gb (0),1,,13,"void convert_kernel<__half2, float2>(tensor_layout_any, T1 *, tensor_layout_any, const T2 *)"
13409069187,6080,254770,,,,,,,,,,0.094,15410.462,Pinned,Device,NVIDIA A100-SXM4-40GB MIG 4g.20gb (0),1,,13,[CUDA memcpy Host-to-Device]
13409629693,612441,254771,,,,,,,,,,456.561,745108.270,Device,,NVIDIA A100-SXM4-40GB MIG 4g.20gb (0),1,,13,[CUDA memset]
13410246806,61567,254776,,,,,,,,,,1.235,20057.960,Pinned,Device,NVIDIA A100-SXM4-40GB MIG 4g.20gb (0),1,,13,[CUDA memcpy Host-to-Device]
13410310869,9440,254777,,,,,,,,,,0.197,20827.079,Pinned,Device,NVIDIA A100-SXM4-40GB MIG 4g.20gb (0),1,,13,[CUDA memcpy Host-to-Device]
13411064365,14495,254778,69,4,1,48,1,1,76,0.002,0.000,,,,,NVIDIA A100-SXM4-40GB MIG 4g.20gb (0),1,,13,"void ch_est::windowedChEstPreNoDftSOfdmKernel<float, __half, float, (unsigned int)2, (unsigned int)1, (unsigned short)4>(ch_est::puschRxChEstStatDescr_t *, ch_est::puschRxChEstDynDescr_t *)"
13411837700,14080,254779,137,2,1,24,2,1,44,0.001,0.001,,,,,NVIDIA A100-SXM4-40GB MIG 4g.20gb (0),1,,13,"void ch_est::chEstFilterNoDftSOfdmDispatchKernel<float, __half, float, (unsigned int)2>(ch_est::puschRxChEstStatDescr_t *, ch_est::puschRxChEstDynDescr_t *)"
13412624667,10752,254780,137,2,1,24,2,1,44,0.001,0.001,,,,,NVIDIA A100-SXM4-40GB MIG 4g.20gb (0),1,,13,"void ch_est::chEstFilterNoDftSOfdmDispatchKernel<float, __half, float, (unsigned int)2>(ch_est::puschRxChEstStatDescr_t *, ch_est::puschRxChEstDynDescr_t *)"
13413429010,7968,254791,103,1,1,128,1,1,16,0.000,0.000,,,,,NVIDIA A100-SXM4-40GB MIG 4g.20gb (0),1,,13,cupy_copy__complex64_complex64
13413998987,21280,254801,1434,1,1,128,1,1,16,0.000,0.000,,,,,NVIDIA A100-SXM4-40GB MIG 4g.20gb (0),1,,13,cupy_copy__complex64_complex64
13414536869,5056,254808,103,1,1,128,1,1,16,0.000,0.000,,,,,NVIDIA A100-SXM4-40GB MIG 4g.20gb (0),1,,13,cupy_copy__complex64_complex64
13415078431,260189,254815,1,1,1,32,32,1,30,0.000,0.000,,,,,NVIDIA A100-SXM4-40GB MIG 4g.20gb (0),1,,13,"void convert_kernel<__half2, float2>(tensor_layout_any, T1 *, tensor_layout_any, const T2 *)"
13415368892,5536,254818,,,,,,,,,,0.094,16924.777,Pinned,Device,NVIDIA A100-SXM4-40GB MIG 4g.20gb (0),1,,13,[CUDA memcpy Host-to-Device]
13415840183,64863,254819,,,,,,,,,,35.810,552081.537,Device,,NVIDIA A100-SXM4-40GB MIG 4g.20gb (0),1,,13,[CUDA memset]
13415910838,2176,254821,,,,,,,,,,0.000,36.765,Pinned,Device,NVIDIA A100-SXM4-40GB MIG 4g.20gb (0),1,,13,[CUDA memcpy Host-to-Device]
13415915478,10720,254822,,,,,,,,,,0.197,18340.184,Pinned,Device,NVIDIA A100-SXM4-40GB MIG 4g.20gb (0),1,,13,[CUDA memcpy Host-to-Device]
13416512655,71487,254823,273,1,1,48,1,1,40,0.000,0.001,,,,,NVIDIA A100-SXM4-40GB MIG 4g.20gb (0),1,,13,"void pusch_noise_intf_est::noiseIntfEstNoDftSOfdmKernel<float, __half, float, float, (unsigned int)2, (unsigned int)1, (unsigned char)4, (unsigned char)4>(pusch_noise_intf_est::puschRxNoiseIntfEstDynDescr)"
13417180903,37376,254834,35,1,1,128,1,1,16,0.000,0.000,,,,,NVIDIA A100-SXM4-40GB MIG 4g.20gb (0),1,,13,cupy_copy__complex64_complex64
13418020286,3904,254843,1,1,1,1,1,1,18,0.000,0.000,,,,,NVIDIA A100-SXM4-40GB MIG 4g.20gb (0),1,,13,cupy_copy__float32_float32
13418025598,1952,254849,,,,,,,,,,0.000,2.049,Device,Pageable,NVIDIA A100-SXM4-40GB MIG 4g.20gb (0),1,,7,[CUDA memcpy Device-to-Host]
13418487545,25983,254860,1434,1,1,128,1,1,16,0.000,0.000,,,,,NVIDIA A100-SXM4-40GB MIG 4g.20gb (0),1,,13,cupy_copy__complex64_complex64
13419058994,3936,254867,103,1,1,128,1,1,16,0.000,0.000,,,,,NVIDIA A100-SXM4-40GB MIG 4g.20gb (0),1,,13,cupy_copy__complex64_complex64
13419778218,8736,254874,35,1,1,128,1,1,16,0.000,0.000,,,,,NVIDIA A100-SXM4-40GB MIG 4g.20gb (0),1,,13,cupy_copy__complex64_complex64
13420533058,5184,254881,1,1,1,1,1,1,18,0.000,0.000,,,,,NVIDIA A100-SXM4-40GB MIG 4g.20gb (0),1,,13,cupy_copy__float32_float32
13420972861,252797,254892,1,1,1,32,32,1,30,0.000,0.000,,,,,NVIDIA A100-SXM4-40GB MIG 4g.20gb (0),1,,13,"void convert_kernel<__half2, float2>(tensor_layout_any, T1 *, tensor_layout_any, const T2 *)"
13421262105,11360,254895,,,,,,,,,,0.094,8247.871,Pinned,Device,NVIDIA A100-SXM4-40GB MIG 4g.20gb (0),1,,13,[CUDA memcpy Host-to-Device]
13421850195,5216,254896,,,,,,,,,,1.547,296514.113,Device,,NVIDIA A100-SXM4-40GB MIG 4g.20gb (0),1,,13,[CUDA memset]
13421860211,6016,254901,,,,,,,,,,0.031,5202.115,Pinned,Device,NVIDIA A100-SXM4-40GB MIG 4g.20gb (0),1,,13,[CUDA memcpy Host-to-Device]
13421872147,10239,254902,,,,,,,,,,0.197,19201.720,Pinned,Device,NVIDIA A100-SXM4-40GB MIG 4g.20gb (0),1,,13,[CUDA memcpy Host-to-Device]
13422485196,11039,254903,273,1,1,8,4,1,39,0.002,0.000,,,,,NVIDIA A100-SXM4-40GB MIG 4g.20gb (0),1,,13,"void channel_eq::eqMmseCoefCompLowMimoKernel<float, float, float, (unsigned int)4, (unsigned int)1, (unsigned int)4>(const channel_eq::_puschRxChEqStatDescr *, channel_eq::_puschRxChEqCoefCompDynDescr)"
13423156740,50751,254904,273,1,1,12,11,1,51,0.002,0.000,,,,,NVIDIA A100-SXM4-40GB MIG 4g.20gb (0),1,,13,"void channel_eq::eqMmseSoftDemapKernel<float, __half, __half, float, (unsigned int)4, (unsigned short)16383>(channel_eq::_puschRxChEqStatDescr *, channel_eq::_puschRxChEqSoftDemapDynDescr)"
13423985947,682520,254905,1,1,1,32,32,1,30,0.000,0.000,,,,,NVIDIA A100-SXM4-40GB MIG 4g.20gb (0),1,,13,"void convert_kernel<float2, __half2>(tensor_layout_any, T1 *, tensor_layout_any, const T2 *)"
13425322924,18847,254917,2253,1,1,128,1,1,16,0.000,0.000,,,,,NVIDIA A100-SXM4-40GB MIG 4g.20gb (0),1,,13,cupy_copy__float16_float16
13425956292,8256,254926,282,1,1,128,1,1,16,0.000,0.000,,,,,NVIDIA A100-SXM4-40GB MIG 4g.20gb (0),1,,13,cupy_copy__complex64_complex64
13426625661,5056,254935,26,1,1,128,1,1,16,0.000,0.000,,,,,NVIDIA A100-SXM4-40GB MIG 4g.20gb (0),1,,13,cupy_copy__float32_float32
13427264534,7680,254944,103,1,1,128,1,1,16,0.000,0.000,,,,,NVIDIA A100-SXM4-40GB MIG 4g.20gb (0),1,,13,cupy_copy__complex64_complex64
13427915246,24320,254954,1434,1,1,128,1,1,16,0.000,0.000,,,,,NVIDIA A100-SXM4-40GB MIG 4g.20gb (0),1,,13,cupy_copy__complex64_complex64
13428831588,331516,254959,1,1,1,32,32,1,30,0.000,0.000,,,,,NVIDIA A100-SXM4-40GB MIG 4g.20gb (0),1,,13,"void convert_kernel<__half2, float2>(tensor_layout_any, T1 *, tensor_layout_any, const T2 *)"
13429192672,5632,254962,,,,,,,,,,0.094,16636.287,Pinned,Device,NVIDIA A100-SXM4-40GB MIG 4g.20gb (0),1,,13,[CUDA memcpy Host-to-Device]
13429823385,663224,254963,,,,,,,,,,456.561,688038.090,Device,,NVIDIA A100-SXM4-40GB MIG 4g.20gb (0),1,,13,[CUDA memset]
13430490673,63360,254968,,,,,,,,,,1.235,19489.886,Pinned,Device,NVIDIA A100-SXM4-40GB MIG 4g.20gb (0),1,,13,[CUDA memcpy Host-to-Device]
13430556497,10079,254969,,,,,,,,,,0.197,19506.659,Pinned,Device,NVIDIA A100-SXM4-40GB MIG 4g.20gb (0),1,,13,[CUDA memcpy Host-to-Device]
13431191817,10816,254970,69,4,1,48,1,1,76,0.002,0.000,,,,,NVIDIA A100-SXM4-40GB MIG 4g.20gb (0),1,,13,"void ch_est::windowedChEstPreNoDftSOfdmKernel<float, __half, float, (unsigned int)2, (unsigned int)1, (unsigned short)4>(ch_est::puschRxChEstStatDescr_t *, ch_est::puschRxChEstDynDescr_t *)"
13431884770,13599,254971,137,2,1,24,2,1,44,0.001,0.001,,,,,NVIDIA A100-SXM4-40GB MIG 4g.20gb (0),1,,13,"void ch_est::chEstFilterNoDftSOfdmDispatchKernel<float, __half, float, (unsigned int)2>(ch_est::puschRxChEstStatDescr_t *, ch_est::puschRxChEstDynDescr_t *)"
13432323453,14623,254972,137,2,1,24,2,1,44,0.001,0.001,,,,,NVIDIA A100-SXM4-40GB MIG 4g.20gb (0),1,,13,"void ch_est::chEstFilterNoDftSOfdmDispatchKernel<float, __half, float, (unsigned int)2>(ch_est::puschRxChEstStatDescr_t *, ch_est::puschRxChEstDynDescr_t *)"
13432761368,6176,254983,103,1,1,128,1,1,16,0.000,0.000,,,,,NVIDIA A100-SXM4-40GB MIG 4g.20gb (0),1,,13,cupy_copy__complex64_complex64
13433349521,28096,254993,1434,1,1,128,1,1,16,0.000,0.000,,,,,NVIDIA A100-SXM4-40GB MIG 4g.20gb (0),1,,13,cupy_copy__complex64_complex64
13433977098,8288,255000,103,1,1,128,1,1,16,0.000,0.000,,,,,NVIDIA A100-SXM4-40GB MIG 4g.20gb (0),1,,13,cupy_copy__complex64_complex64
13434438277,252189,255007,1,1,1,32,32,1,30,0.000,0.000,,,,,NVIDIA A100-SXM4-40GB MIG 4g.20gb (0),1,,13,"void convert_kernel<__half2, float2>(tensor_layout_any, T1 *, tensor_layout_any, const T2 *)"
13434720898,6175,255010,,,,,,,,,,0.094,15173.411,Pinned,Device,NVIDIA A100-SXM4-40GB MIG 4g.20gb (0),1,,13,[CUDA memcpy Host-to-Device]
13435226876,74655,255011,,,,,,,,,,35.810,479638.068,Device,,NVIDIA A100-SXM4-40GB MIG 4g.20gb (0),1,,13,[CUDA memset]
13435307675,1824,255013,,,,,,,,,,0.000,43.860,Pinned,Device,NVIDIA A100-SXM4-40GB MIG 4g.20gb (0),1,,13,[CUDA memcpy Host-to-Device]
13435315611,12544,255014,,,,,,,,,,0.197,15673.393,Pinned,Device,NVIDIA A100-SXM4-40GB MIG 4g.20gb (0),1,,13,[CUDA memcpy Host-to-Device]
13435910932,16064,255015,273,1,1,48,1,1,40,0.000,0.001,,,,,NVIDIA A100-SXM4-40GB MIG 4g.20gb (0),1,,13,"void pusch_noise_intf_est::noiseIntfEstNoDftSOfdmKernel<float, __half, float, float, (unsigned int)2, (unsigned int)1, (unsigned char)4, (unsigned char)4>(pusch_noise_intf_est::puschRxNoiseIntfEstDynDescr)"
13436714219,4416,255026,35,1,1,128,1,1,16,0.000,0.000,,,,,NVIDIA A100-SXM4-40GB MIG 4g.20gb (0),1,,13,cupy_copy__complex64_complex64
13437354852,4672,255035,1,1,1,1,1,1,18,0.000,0.000,,,,,NVIDIA A100-SXM4-40GB MIG 4g.20gb (0),1,,13,cupy_copy__float32_float32
13437363588,1984,255041,,,,,,,,,,0.000,2.016,Device,Pageable,NVIDIA A100-SXM4-40GB MIG 4g.20gb (0),1,,7,[CUDA memcpy Device-to-Host]
13438163259,17215,255052,1434,1,1,128,1,1,16,0.000,0.000,,,,,NVIDIA A100-SXM4-40GB MIG 4g.20gb (0),1,,13,cupy_copy__complex64_complex64
13438801779,5120,255059,103,1,1,128,1,1,16,0.000,0.000,,,,,NVIDIA A100-SXM4-40GB MIG 4g.20gb (0),1,,13,cupy_copy__complex64_complex64
13439490860,5504,255066,35,1,1,128,1,1,16,0.000,0.000,,,,,NVIDIA A100-SXM4-40GB MIG 4g.20gb (0),1,,13,cupy_copy__complex64_complex64
13440263779,9088,255073,1,1,1,1,1,1,18,0.000,0.000,,,,,NVIDIA A100-SXM4-40GB MIG 4g.20gb (0),1,,13,cupy_copy__float32_float32
13440829021,274460,255084,1,1,1,32,32,1,30,0.000,0.000,,,,,NVIDIA A100-SXM4-40GB MIG 4g.20gb (0),1,,13,"void convert_kernel<__half2, float2>(tensor_layout_any, T1 *, tensor_layout_any, const T2 *)"
13441136729,5440,255087,,,,,,,,,,0.094,17223.480,Pinned,Device,NVIDIA A100-SXM4-40GB MIG 4g.20gb (0),1,,13,[CUDA memcpy Host-to-Device]
13441756242,8768,255088,,,,,,,,,,1.547,176394.014,Device,,NVIDIA A100-SXM4-40GB MIG 4g.20gb (0),1,,13,[CUDA memset]
13441774290,3072,255093,,,,,,,,,,0.031,10187.474,Pinned,Device,NVIDIA A100-SXM4-40GB MIG 4g.20gb (0),1,,13,[CUDA memcpy Host-to-Device]
13441787826,10848,255094,,,,,,,,,,0.197,18123.719,Pinned,Device,NVIDIA A100-SXM4-40GB MIG 4g.20gb (0),1,,13,[CUDA memcpy Host-to-Device]
13442475914,61791,255095,273,1,1,8,4,1,39,0.002,0.000,,,,,NVIDIA A100-SXM4-40GB MIG 4g.20gb (0),1,,13,"void channel_eq::eqMmseCoefCompLowMimoKernel<float, float, float, (unsigned int)4, (unsigned int)1, (unsigned int)4>(const channel_eq::_puschRxChEqStatDescr *, channel_eq::_puschRxChEqCoefCompDynDescr)"
13443229793,58528,255096,273,1,1,12,11,1,51,0.002,0.000,,,,,NVIDIA A100-SXM4-40GB MIG 4g.20gb (0),1,,13,"void channel_eq::eqMmseSoftDemapKernel<float, __half, __half, float, (unsigned int)4, (unsigned short)16383>(channel_eq::_puschRxChEqStatDescr *, channel_eq::_puschRxChEqSoftDemapDynDescr)"
13443987737,738040,255097,1,1,1,32,32,1,30,0.000,0.000,,,,,NVIDIA A100-SXM4-40GB MIG 4g.20gb (0),1,,13,"void convert_kernel<float2, __half2>(tensor_layout_any, T1 *, tensor_layout_any, const T2 *)"
13445406761,13472,255109,2253,1,1,128,1,1,16,0.000,0.000,,,,,NVIDIA A100-SXM4-40GB MIG 4g.20gb (0),1,,13,cupy_copy__float16_float16
13446171712,4672,255118,282,1,1,128,1,1,16,0.000,0.000,,,,,NVIDIA A100-SXM4-40GB MIG 4g.20gb (0),1,,13,cupy_copy__complex64_complex64
13446925272,4000,255127,26,1,1,128,1,1,16,0.000,0.000,,,,,NVIDIA A100-SXM4-40GB MIG 4g.20gb (0),1,,13,cupy_copy__float32_float32
13447679471,5056,255136,103,1,1,128,1,1,16,0.000,0.000,,,,,NVIDIA A100-SXM4-40GB MIG 4g.20gb (0),1,,13,cupy_copy__complex64_complex64
13448404647,19488,255146,1434,1,1,128,1,1,16,0.000,0.000,,,,,NVIDIA A100-SXM4-40GB MIG 4g.20gb (0),1,,13,cupy_copy__complex64_complex64
13448819362,251710,255151,1,1,1,32,32,1,30,0.000,0.000,,,,,NVIDIA A100-SXM4-40GB MIG 4g.20gb (0),1,,13,"void convert_kernel<__half2, float2>(tensor_layout_any, T1 *, tensor_layout_any, const T2 *)"
13449102879,5472,255154,,,,,,,,,,0.094,17122.757,Pinned,Device,NVIDIA A100-SXM4-40GB MIG 4g.20gb (0),1,,13,[CUDA memcpy Host-to-Device]
13449476123,693944,255155,,,,,,,,,,456.561,657905.035,Device,,NVIDIA A100-SXM4-40GB MIG 4g.20gb (0),1,,13,[CUDA memset]
13450176115,57663,255160,,,,,,,,,,1.235,21416.399,Pinned,Device,NVIDIA A100-SXM4-40GB MIG 4g.20gb (0),1,,13,[CUDA memcpy Host-to-Device]
13450239282,12992,255161,,,,,,,,,,0.197,15132.918,Pinned,Device,NVIDIA A100-SXM4-40GB MIG 4g.20gb (0),1,,13,[CUDA memcpy Host-to-Device]
13450833484,14943,255162,69,4,1,48,1,1,76,0.002,0.000,,,,,NVIDIA A100-SXM4-40GB MIG 4g.20gb (0),1,,13,"void ch_est::windowedChEstPreNoDftSOfdmKernel<float, __half, float, (unsigned int)2, (unsigned int)1, (unsigned short)4>(ch_est::puschRxChEstStatDescr_t *, ch_est::puschRxChEstDynDescr_t *)"
13451307270,14400,255163,137,2,1,24,2,1,44,0.001,0.001,,,,,NVIDIA A100-SXM4-40GB MIG 4g.20gb (0),1,,13,"void ch_est::chEstFilterNoDftSOfdmDispatchKernel<float, __half, float, (unsigned int)2>(ch_est::puschRxChEstStatDescr_t *, ch_est::puschRxChEstDynDescr_t *)"
13451728034,11487,255164,137,2,1,24,2,1,44,0.001,0.001,,,,,NVIDIA A100-SXM4-40GB MIG 4g.20gb (0),1,,13,"void ch_est::chEstFilterNoDftSOfdmDispatchKernel<float, __half, float, (unsigned int)2>(ch_est::puschRxChEstStatDescr_t *, ch_est::puschRxChEstDynDescr_t *)"
13452413562,4416,255175,103,1,1,128,1,1,16,0.000,0.000,,,,,NVIDIA A100-SXM4-40GB MIG 4g.20gb (0),1,,13,cupy_copy__complex64_complex64
13453095826,16800,255185,1434,1,1,128,1,1,16,0.000,0.000,,,,,NVIDIA A100-SXM4-40GB MIG 4g.20gb (0),1,,13,cupy_copy__complex64_complex64
13453535341,5760,255192,103,1,1,128,1,1,16,0.000,0.000,,,,,NVIDIA A100-SXM4-40GB MIG 4g.20gb (0),1,,13,cupy_copy__complex64_complex64
13453966248,258941,255199,1,1,1,32,32,1,30,0.000,0.000,,,,,NVIDIA A100-SXM4-40GB MIG 4g.20gb (0),1,,13,"void convert_kernel<__half2, float2>(tensor_layout_any, T1 *, tensor_layout_any, const T2 *)"
13454256165,10400,255202,,,,,,,,,,0.094,9009.151,Pinned,Device,NVIDIA A100-SXM4-40GB MIG 4g.20gb (0),1,,13,[CUDA memcpy Host-to-Device]
13454790175,47007,255203,,,,,,,,,,35.810,761784.428,Device,,NVIDIA A100-SXM4-40GB MIG 4g.20gb (0),1,,13,[CUDA memset]
13454839710,1824,255205,,,,,,,,,,0.000,43.860,Pinned,Device,NVIDIA A100-SXM4-40GB MIG 4g.20gb (0),1,,13,[CUDA memcpy Host-to-Device]
13454848574,12544,255206,,,,,,,,,,0.197,15673.393,Pinned,Device,NVIDIA A100-SXM4-40GB MIG 4g.20gb (0),1,,13,[CUDA memcpy Host-to-Device]
13455520023,17824,255207,273,1,1,48,1,1,40,0.000,0.001,,,,,NVIDIA A100-SXM4-40GB MIG 4g.20gb (0),1,,13,"void pusch_noise_intf_est::noiseIntfEstNoDftSOfdmKernel<float, __half, float, float, (unsigned int)2, (unsigned int)1, (unsigned char)4, (unsigned char)4>(pusch_noise_intf_est::puschRxNoiseIntfEstDynDescr)"
13456039249,17216,255218,35,1,1,128,1,1,16,0.000,0.000,,,,,NVIDIA A100-SXM4-40GB MIG 4g.20gb (0),1,,13,cupy_copy__complex64_complex64
13456552683,7808,255227,1,1,1,1,1,1,18,0.000,0.000,,,,,NVIDIA A100-SXM4-40GB MIG 4g.20gb (0),1,,13,cupy_copy__float32_float32
13456562059,8224,255233,,,,,,,,,,0.000,0.486,Device,Pageable,NVIDIA A100-SXM4-40GB MIG 4g.20gb (0),1,,7,[CUDA memcpy Device-to-Host]
13457260931,18624,255244,1434,1,1,128,1,1,16,0.000,0.000,,,,,NVIDIA A100-SXM4-40GB MIG 4g.20gb (0),1,,13,cupy_copy__complex64_complex64
13458157081,7744,255251,103,1,1,128,1,1,16,0.000,0.000,,,,,NVIDIA A100-SXM4-40GB MIG 4g.20gb (0),1,,13,cupy_copy__complex64_complex64
13458900305,5728,255258,35,1,1,128,1,1,16,0.000,0.000,,,,,NVIDIA A100-SXM4-40GB MIG 4g.20gb (0),1,,13,cupy_copy__complex64_complex64
13459568233,3392,255265,1,1,1,1,1,1,18,0.000,0.000,,,,,NVIDIA A100-SXM4-40GB MIG 4g.20gb (0),1,,13,cupy_copy__float32_float32
13460396160,239005,255276,1,1,1,32,32,1,30,0.000,0.000,,,,,NVIDIA A100-SXM4-40GB MIG 4g.20gb (0),1,,13,"void convert_kernel<__half2, float2>(tensor_layout_any, T1 *, tensor_layout_any, const T2 *)"
13460667037,8480,255279,,,,,,,,,,0.094,11049.007,Pinned,Device,NVIDIA A100-SXM4-40GB MIG 4g.20gb (0),1,,13,[CUDA memcpy Host-to-Device]
13461317845,4512,255280,,,,,,,,,,1.547,342779.824,Device,,NVIDIA A100-SXM4-40GB MIG 4g.20gb (0),1,,13,[CUDA memset]
13461332085,4192,255285,,,,,,,,,,0.031,7465.630,Pinned,Device,NVIDIA A100-SXM4-40GB MIG 4g.20gb (0),1,,13,[CUDA memcpy Host-to-Device]
13461341973,14592,255286,,,,,,,,,,0.197,13473.546,Pinned,Device,NVIDIA A100-SXM4-40GB MIG 4g.20gb (0),1,,13,[CUDA memcpy Host-to-Device]
13462213611,29856,255287,273,1,1,8,4,1,39,0.002,0.000,,,,,NVIDIA A100-SXM4-40GB MIG 4g.20gb (0),1,,13,"void channel_eq::eqMmseCoefCompLowMimoKernel<float, float, float, (unsigned int)4, (unsigned int)1, (unsigned int)4>(const channel_eq::_puschRxChEqStatDescr *, channel_eq::_puschRxChEqCoefCompDynDescr)"
13463056066,18848,255288,273,1,1,12,11,1,51,0.002,0.000,,,,,NVIDIA A100-SXM4-40GB MIG 4g.20gb (0),1,,13,"void channel_eq::eqMmseSoftDemapKernel<float, __half, __half, float, (unsigned int)4, (unsigned short)16383>(channel_eq::_puschRxChEqStatDescr *, channel_eq::_puschRxChEqSoftDemapDynDescr)"
13463745658,691832,255289,1,1,1,32,32,1,30,0.000,0.000,,,,,NVIDIA A100-SXM4-40GB MIG 4g.20gb (0),1,,13,"void convert_kernel<float2, __half2>(tensor_layout_any, T1 *, tensor_layout_any, const T2 *)"
13465165930,18272,255301,2253,1,1,128,1,1,16,0.000,0.000,,,,,NVIDIA A100-SXM4-40GB MIG 4g.20gb (0),1,,13,cupy_copy__float16_float16
13465763779,9728,255310,282,1,1,128,1,1,16,0.000,0.000,,,,,NVIDIA A100-SXM4-40GB MIG 4g.20gb (0),1,,13,cupy_copy__complex64_complex64
13466346109,15743,255319,26,1,1,128,1,1,16,0.000,0.000,,,,,NVIDIA A100-SXM4-40GB MIG 4g.20gb (0),1,,13,cupy_copy__float32_float32
13466967222,15711,255328,103,1,1,128,1,1,16,0.000,0.000,,,,,NVIDIA A100-SXM4-40GB MIG 4g.20gb (0),1,,13,cupy_copy__complex64_complex64
13467551087,19712,255338,1434,1,1,128,1,1,16,0.000,0.000,,,,,NVIDIA A100-SXM4-40GB MIG 4g.20gb (0),1,,13,cupy_copy__complex64_complex64
13467961930,263325,255343,1,1,1,32,32,1,30,0.000,0.000,,,,,NVIDIA A100-SXM4-40GB MIG 4g.20gb (0),1,,13,"void convert_kernel<__half2, float2>(tensor_layout_any, T1 *, tensor_layout_any, const T2 *)"
13468256231,5568,255346,,,,,,,,,,0.094,16827.521,Pinned,Device,NVIDIA A100-SXM4-40GB MIG 4g.20gb (0),1,,13,[CUDA memcpy Host-to-Device]
13468814337,622713,255347,,,,,,,,,,456.561,732781.111,Device,,NVIDIA A100-SXM4-40GB MIG 4g.20gb (0),1,,13,[CUDA memset]
13469440410,64543,255352,,,,,,,,,,1.235,19132.987,Pinned,Device,NVIDIA A100-SXM4-40GB MIG 4g.20gb (0),1,,13,[CUDA memcpy Host-to-Device]
13469507385,10080,255353,,,,,,,,,,0.197,19504.693,Pinned,Device,NVIDIA A100-SXM4-40GB MIG 4g.20gb (0),1,,13,[CUDA memcpy Host-to-Device]
13470142962,30143,255354,69,4,1,48,1,1,76,0.002,0.000,,,,,NVIDIA A100-SXM4-40GB MIG 4g.20gb (0),1,,13,"void ch_est::windowedChEstPreNoDftSOfdmKernel<float, __half, float, (unsigned int)2, (unsigned int)1, (unsigned short)4>(ch_est::puschRxChEstStatDescr_t *, ch_est::puschRxChEstDynDescr_t *)"
13470895497,11712,255355,137,2,1,24,2,1,44,0.001,0.001,,,,,NVIDIA A100-SXM4-40GB MIG 4g.20gb (0),1,,13,"void ch_est::chEstFilterNoDftSOfdmDispatchKernel<float, __half, float, (unsigned int)2>(ch_est::puschRxChEstStatDescr_t *, ch_est::puschRxChEstDynDescr_t *)"
13471320580,17024,255356,137,2,1,24,2,1,44,0.001,0.001,,,,,NVIDIA A100-SXM4-40GB MIG 4g.20gb (0),1,,13,"void ch_est::chEstFilterNoDftSOfdmDispatchKernel<float, __half, float, (unsigned int)2>(ch_est::puschRxChEstStatDescr_t *, ch_est::puschRxChEstDynDescr_t *)"
13472013117,7904,255367,103,1,1,128,1,1,16,0.000,0.000,,,,,NVIDIA A100-SXM4-40GB MIG 4g.20gb (0),1,,13,cupy_copy__complex64_complex64
13472655925,20608,255377,1434,1,1,128,1,1,16,0.000,0.000,,,,,NVIDIA A100-SXM4-40GB MIG 4g.20gb (0),1,,13,cupy_copy__complex64_complex64
13473112240,5024,255384,103,1,1,128,1,1,16,0.000,0.000,,,,,NVIDIA A100-SXM4-40GB MIG 4g.20gb (0),1,,13,cupy_copy__complex64_complex64
13473650186,264861,255391,1,1,1,32,32,1,30,0.000,0.000,,,,,NVIDIA A100-SXM4-40GB MIG 4g.20gb (0),1,,13,"void convert_kernel<__half2, float2>(tensor_layout_any, T1 *, tensor_layout_any, const T2 *)"
13473946183,5472,255394,,,,,,,,,,0.094,17122.757,Pinned,Device,NVIDIA A100-SXM4-40GB MIG 4g.20gb (0),1,,13,[CUDA memcpy Host-to-Device]
13474460833,81599,255395,,,,,,,,,,35.810,438850.570,Device,,NVIDIA A100-SXM4-40GB MIG 4g.20gb (0),1,,13,[CUDA memset]
13474545248,1888,255397,,,,,,,,,,0.000,42.373,Pinned,Device,NVIDIA A100-SXM4-40GB MIG 4g.20gb (0),1,,13,[CUDA memcpy Host-to-Device]
13474553856,22368,255398,,,,,,,,,,0.197,8789.557,Pinned,Device,NVIDIA A100-SXM4-40GB MIG 4g.20gb (0),1,,13,[CUDA memcpy Host-to-Device]
13475266808,22688,255399,273,1,1,48,1,1,40,0.000,0.001,,,,,NVIDIA A100-SXM4-40GB MIG 4g.20gb (0),1,,13,"void pusch_noise_intf_est::noiseIntfEstNoDftSOfdmKernel<float, __half, float, float, (unsigned int)2, (unsigned int)1, (unsigned char)4, (unsigned char)4>(pusch_noise_intf_est::puschRxNoiseIntfEstDynDescr)"
13476037615,7296,255410,35,1,1,128,1,1,16,0.000,0.000,,,,,NVIDIA A100-SXM4-40GB MIG 4g.20gb (0),1,,13,cupy_copy__complex64_complex64
13476684872,4576,255419,1,1,1,1,1,1,18,0.000,0.000,,,,,NVIDIA A100-SXM4-40GB MIG 4g.20gb (0),1,,13,cupy_copy__float32_float32
13476697480,1440,255425,,,,,,,,,,0.000,2.778,Device,Pageable,NVIDIA A100-SXM4-40GB MIG 4g.20gb (0),1,,7,[CUDA memcpy Device-to-Host]
13477203970,22112,255436,1434,1,1,128,1,1,16,0.000,0.000,,,,,NVIDIA A100-SXM4-40GB MIG 4g.20gb (0),1,,13,cupy_copy__complex64_complex64
13477740604,18656,255443,103,1,1,128,1,1,16,0.000,0.000,,,,,NVIDIA A100-SXM4-40GB MIG 4g.20gb (0),1,,13,cupy_copy__complex64_complex64
13478471380,4160,255450,35,1,1,128,1,1,16,0.000,0.000,,,,,NVIDIA A100-SXM4-40GB MIG 4g.20gb (0),1,,13,cupy_copy__complex64_complex64
13479181324,3200,255457,1,1,1,1,1,1,18,0.000,0.000,,,,,NVIDIA A100-SXM4-40GB MIG 4g.20gb (0),1,,13,cupy_copy__float32_float32
13479910851,259966,255468,1,1,1,32,32,1,30,0.000,0.000,,,,,NVIDIA A100-SXM4-40GB MIG 4g.20gb (0),1,,13,"void convert_kernel<__half2, float2>(tensor_layout_any, T1 *, tensor_layout_any, const T2 *)"
13480203360,8992,255471,,,,,,,,,,0.094,10419.838,Pinned,Device,NVIDIA A100-SXM4-40GB MIG 4g.20gb (0),1,,13,[CUDA memcpy Host-to-Device]
13480704155,9119,255472,,,,,,,,,,1.547,169604.334,Device,,NVIDIA A100-SXM4-40GB MIG 4g.20gb (0),1,,13,[CUDA memset]
13480722938,3776,255477,,,,,,,,,,0.031,8288.120,Pinned,Device,NVIDIA A100-SXM4-40GB MIG 4g.20gb (0),1,,13,[CUDA memcpy Host-to-Device]
13480729530,14304,255478,,,,,,,,,,0.197,13744.865,Pinned,Device,NVIDIA A100-SXM4-40GB MIG 4g.20gb (0),1,,13,[CUDA memcpy Host-to-Device]
13481364083,51807,255479,273,1,1,8,4,1,39,0.002,0.000,,,,,NVIDIA A100-SXM4-40GB MIG 4g.20gb (0),1,,13,"void channel_eq::eqMmseCoefCompLowMimoKernel<float, float, float, (unsigned int)4, (unsigned int)1, (unsigned int)4>(const channel_eq::_puschRxChEqStatDescr *, channel_eq::_puschRxChEqCoefCompDynDescr)"
13482009868,42175,255480,273,1,1,12,11,1,51,0.002,0.000,,,,,NVIDIA A100-SXM4-40GB MIG 4g.20gb (0),1,,13,"void channel_eq::eqMmseSoftDemapKernel<float, __half, __half, float, (unsigned int)4, (unsigned short)16383>(channel_eq::_puschRxChEqStatDescr *, channel_eq::_puschRxChEqSoftDemapDynDescr)"
13482812131,749463,255481,1,1,1,32,32,1,30,0.000,0.000,,,,,NVIDIA A100-SXM4-40GB MIG 4g.20gb (0),1,,13,"void convert_kernel<float2, __half2>(tensor_layout_any, T1 *, tensor_layout_any, const T2 *)"
13484092788,17632,255493,2253,1,1,128,1,1,16,0.000,0.000,,,,,NVIDIA A100-SXM4-40GB MIG 4g.20gb (0),1,,13,cupy_copy__float16_float16
13484564623,21696,255502,282,1,1,128,1,1,16,0.000,0.000,,,,,NVIDIA A100-SXM4-40GB MIG 4g.20gb (0),1,,13,cupy_copy__complex64_complex64
13485256103,4288,255511,26,1,1,128,1,1,16,0.000,0.000,,,,,NVIDIA A100-SXM4-40GB MIG 4g.20gb (0),1,,13,cupy_copy__float32_float32
13485947231,6240,255520,103,1,1,128,1,1,16,0.000,0.000,,,,,NVIDIA A100-SXM4-40GB MIG 4g.20gb (0),1,,13,cupy_copy__complex64_complex64
13486654423,16480,255530,1434,1,1,128,1,1,16,0.000,0.000,,,,,NVIDIA A100-SXM4-40GB MIG 4g.20gb (0),1,,13,cupy_copy__complex64_complex64
13487436847,259005,255535,1,1,1,32,32,1,30,0.000,0.000,,,,,NVIDIA A100-SXM4-40GB MIG 4g.20gb (0),1,,13,"void convert_kernel<__half2, float2>(tensor_layout_any, T1 *, tensor_layout_any, const T2 *)"
13487726667,10240,255538,,,,,,,,,,0.094,9149.977,Pinned,Device,NVIDIA A100-SXM4-40GB MIG 4g.20gb (0),1,,13,[CUDA memcpy Host-to-Device]
13488287685,621401,255539,,,,,,,,,,456.561,734607.357,Device,,NVIDIA A100-SXM4-40GB MIG 4g.20gb (0),1,,13,[CUDA memset]
13488911742,62815,255544,,,,,,,,,,1.235,19659.074,Pinned,Device,NVIDIA A100-SXM4-40GB MIG 4g.20gb (0),1,,13,[CUDA memcpy Host-to-Device]
13488977885,14656,255545,,,,,,,,,,0.197,13414.760,Pinned,Device,NVIDIA A100-SXM4-40GB MIG 4g.20gb (0),1,,13,[CUDA memcpy Host-to-Device]
13489751572,33120,255546,69,4,1,48,1,1,76,0.002,0.000,,,,,NVIDIA A100-SXM4-40GB MIG 4g.20gb (0),1,,13,"void ch_est::windowedChEstPreNoDftSOfdmKernel<float, __half, float, (unsigned int)2, (unsigned int)1, (unsigned short)4>(ch_est::puschRxChEstStatDescr_t *, ch_est::puschRxChEstDynDescr_t *)"
13490436685,29791,255547,137,2,1,24,2,1,44,0.001,0.001,,,,,NVIDIA A100-SXM4-40GB MIG 4g.20gb (0),1,,13,"void ch_est::chEstFilterNoDftSOfdmDispatchKernel<float, __half, float, (unsigned int)2>(ch_est::puschRxChEstStatDescr_t *, ch_est::puschRxChEstDynDescr_t *)"
13491141573,12608,255548,137,2,1,24,2,1,44,0.001,0.001,,,,,NVIDIA A100-SXM4-40GB MIG 4g.20gb (0),1,,13,"void ch_est::chEstFilterNoDftSOfdmDispatchKernel<float, __half, float, (unsigned int)2>(ch_est::puschRxChEstStatDescr_t *, ch_est::puschRxChEstDynDescr_t *)"
13491705534,4928,255559,103,1,1,128,1,1,16,0.000,0.000,,,,,NVIDIA A100-SXM4-40GB MIG 4g.20gb (0),1,,13,cupy_copy__complex64_complex64
13492158873,26848,255569,1434,1,1,128,1,1,16,0.000,0.000,,,,,NVIDIA A100-SXM4-40GB MIG 4g.20gb (0),1,,13,cupy_copy__complex64_complex64
13492970320,5504,255576,103,1,1,128,1,1,16,0.000,0.000,,,,,NVIDIA A100-SXM4-40GB MIG 4g.20gb (0),1,,13,cupy_copy__complex64_complex64
13493704040,274141,255583,1,1,1,32,32,1,30,0.000,0.000,,,,,NVIDIA A100-SXM4-40GB MIG 4g.20gb (0),1,,13,"void convert_kernel<__half2, float2>(tensor_layout_any, T1 *, tensor_layout_any, const T2 *)"
13494009604,6176,255586,,,,,,,,,,0.094,15170.975,Pinned,Device,NVIDIA A100-SXM4-40GB MIG 4g.20gb (0),1,,13,[CUDA memcpy Host-to-Device]
13494575038,52479,255587,,,,,,,,,,35.810,682358.026,Device,,NVIDIA A100-SXM4-40GB MIG 4g.20gb (0),1,,13,[CUDA memset]
13494630941,4416,255589,,,,,,,,,,0.000,18.116,Pinned,Device,NVIDIA A100-SXM4-40GB MIG 4g.20gb (0),1,,13,[CUDA memcpy Host-to-Device]
13494642973,13056,255590,,,,,,,,,,0.197,15058.797,Pinned,Device,NVIDIA A100-SXM4-40GB MIG 4g.20gb (0),1,,13,[CUDA memcpy Host-to-Device]
13495429492,14496,255591,273,1,1,48,1,1,40,0.000,0.001,,,,,NVIDIA A100-SXM4-40GB MIG 4g.20gb (0),1,,13,"void pusch_noise_intf_est::noiseIntfEstNoDftSOfdmKernel<float, __half, float, float, (unsigned int)2, (unsigned int)1, (unsigned char)4, (unsigned char)4>(pusch_noise_intf_est::puschRxNoiseIntfEstDynDescr)"
13496230219,5728,255602,35,1,1,128,1,1,16,0.000,0.000,,,,,NVIDIA A100-SXM4-40GB MIG 4g.20gb (0),1,,13,cupy_copy__complex64_complex64
13496962627,4992,255611,1,1,1,1,1,1,18,0.000,0.000,,,,,NVIDIA A100-SXM4-40GB MIG 4g.20gb (0),1,,13,cupy_copy__float32_float32
13496979843,1984,255617,,,,,,,,,,0.000,2.016,Device,Pageable,NVIDIA A100-SXM4-40GB MIG 4g.20gb (0),1,,7,[CUDA memcpy Device-to-Host]
13497805722,19615,255628,1434,1,1,128,1,1,16,0.000,0.000,,,,,NVIDIA A100-SXM4-40GB MIG 4g.20gb (0),1,,13,cupy_copy__complex64_complex64
13498614672,8448,255635,103,1,1,128,1,1,16,0.000,0.000,,,,,NVIDIA A100-SXM4-40GB MIG 4g.20gb (0),1,,13,cupy_copy__complex64_complex64
13499347112,8192,255642,35,1,1,128,1,1,16,0.000,0.000,,,,,NVIDIA A100-SXM4-40GB MIG 4g.20gb (0),1,,13,cupy_copy__complex64_complex64
13499990785,6656,255649,1,1,1,1,1,1,18,0.000,0.000,,,,,NVIDIA A100-SXM4-40GB MIG 4g.20gb (0),1,,13,cupy_copy__float32_float32
13500654297,306973,255660,1,1,1,32,32,1,30,0.000,0.000,,,,,NVIDIA A100-SXM4-40GB MIG 4g.20gb (0),1,,13,"void convert_kernel<__half2, float2>(tensor_layout_any, T1 *, tensor_layout_any, const T2 *)"
13500992566,5855,255663,,,,,,,,,,0.094,16002.715,Pinned,Device,NVIDIA A100-SXM4-40GB MIG 4g.20gb (0),1,,13,[CUDA memcpy Host-to-Device]
13501510832,5120,255664,,,,,,,,,,1.547,302074.227,Device,,NVIDIA A100-SXM4-40GB MIG 4g.20gb (0),1,,13,[CUDA memset]
13501517456,3520,255669,,,,,,,,,,0.031,8890.881,Pinned,Device,NVIDIA A100-SXM4-40GB MIG 4g.20gb (0),1,,13,[CUDA memcpy Host-to-Device]
13501526992,10399,255670,,,,,,,,,,0.197,18906.415,Pinned,Device,NVIDIA A100-SXM4-40GB MIG 4g.20gb (0),1,,13,[CUDA memcpy Host-to-Device]
13502176232,11168,255671,273,1,1,8,4,1,39,0.002,0.000,,,,,NVIDIA A100-SXM4-40GB MIG 4g.20gb (0),1,,13,"void channel_eq::eqMmseCoefCompLowMimoKernel<float, float, float, (unsigned int)4, (unsigned int)1, (unsigned int)4>(const channel_eq::_puschRxChEqStatDescr *, channel_eq::_puschRxChEqCoefCompDynDescr)"
13502838593,11648,255672,273,1,1,12,11,1,51,0.002,0.000,,,,,NVIDIA A100-SXM4-40GB MIG 4g.20gb (0),1,,13,"void channel_eq::eqMmseSoftDemapKernel<float, __half, __half, float, (unsigned int)4, (unsigned short)16383>(channel_eq::_puschRxChEqStatDescr *, channel_eq::_puschRxChEqSoftDemapDynDescr)"
13503500857,731768,255673,1,1,1,32,32,1,30,0.000,0.000,,,,,NVIDIA A100-SXM4-40GB MIG 4g.20gb (0),1,,13,"void convert_kernel<float2, __half2>(tensor_layout_any, T1 *, tensor_layout_any, const T2 *)"
13504749131,26528,255685,2253,1,1,128,1,1,16,0.000,0.000,,,,,NVIDIA A100-SXM4-40GB MIG 4g.20gb (0),1,,13,cupy_copy__float16_float16
13505422308,12767,255694,282,1,1,128,1,1,16,0.000,0.000,,,,,NVIDIA A100-SXM4-40GB MIG 4g.20gb (0),1,,13,cupy_copy__complex64_complex64
13506073660,11712,255703,26,1,1,128,1,1,16,0.000,0.000,,,,,NVIDIA A100-SXM4-40GB MIG 4g.20gb (0),1,,13,cupy_copy__float32_float32
13506654326,8960,255712,103,1,1,128,1,1,16,0.000,0.000,,,,,NVIDIA A100-SXM4-40GB MIG 4g.20gb (0),1,,13,cupy_copy__complex64_complex64
13507150736,21504,255722,1434,1,1,128,1,1,16,0.000,0.000,,,,,NVIDIA A100-SXM4-40GB MIG 4g.20gb (0),1,,13,cupy_copy__complex64_complex64
13507618443,257885,255727,1,1,1,32,32,1,30,0.000,0.000,,,,,NVIDIA A100-SXM4-40GB MIG 4g.20gb (0),1,,13,"void convert_kernel<__half2, float2>(tensor_layout_any, T1 *, tensor_layout_any, const T2 *)"
13507907336,5759,255730,,,,,,,,,,0.094,16269.467,Pinned,Device,NVIDIA A100-SXM4-40GB MIG 4g.20gb (0),1,,13,[CUDA memcpy Host-to-Device]
13508358818,601818,255731,,,,,,,,,,456.561,758348.552,Device,,NVIDIA A100-SXM4-40GB MIG 4g.20gb (0),1,,13,[CUDA memset]
13508972059,70112,255736,,,,,,,,,,1.235,17612.771,Pinned,Device,NVIDIA A100-SXM4-40GB MIG 4g.20gb (0),1,,13,[CUDA memcpy Host-to-Device]
13509044795,9696,255737,,,,,,,,,,0.197,20277.166,Pinned,Device,NVIDIA A100-SXM4-40GB MIG 4g.20gb (0),1,,13,[CUDA memcpy Host-to-Device]
13509711091,12864,255738,69,4,1,48,1,1,76,0.002,0.000,,,,,NVIDIA A100-SXM4-40GB MIG 4g.20gb (0),1,,13,"void ch_est::windowedChEstPreNoDftSOfdmKernel<float, __half, float, (unsigned int)2, (unsigned int)1, (unsigned short)4>(ch_est::puschRxChEstStatDescr_t *, ch_est::puschRxChEstDynDescr_t *)"
13510381164,12095,255739,137,2,1,24,2,1,44,0.001,0.001,,,,,NVIDIA A100-SXM4-40GB MIG 4g.20gb (0),1,,13,"void ch_est::chEstFilterNoDftSOfdmDispatchKernel<float, __half, float, (unsigned int)2>(ch_est::puschRxChEstStatDescr_t *, ch_est::puschRxChEstDynDescr_t *)"
13511053732,16000,255740,137,2,1,24,2,1,44,0.001,0.001,,,,,NVIDIA A100-SXM4-40GB MIG 4g.20gb (0),1,,13,"void ch_est::chEstFilterNoDftSOfdmDispatchKernel<float, __half, float, (unsigned int)2>(ch_est::puschRxChEstStatDescr_t *, ch_est::puschRxChEstDynDescr_t *)"
13511707805,12319,255751,103,1,1,128,1,1,16,0.000,0.000,,,,,NVIDIA A100-SXM4-40GB MIG 4g.20gb (0),1,,13,cupy_copy__complex64_complex64
13512398293,21632,255761,1434,1,1,128,1,1,16,0.000,0.000,,,,,NVIDIA A100-SXM4-40GB MIG 4g.20gb (0),1,,13,cupy_copy__complex64_complex64
13513048877,5888,255768,103,1,1,128,1,1,16,0.000,0.000,,,,,NVIDIA A100-SXM4-40GB MIG 4g.20gb (0),1,,13,cupy_copy__complex64_complex64
13513535400,250237,255775,1,1,1,32,32,1,30,0.000,0.000,,,,,NVIDIA A100-SXM4-40GB MIG 4g.20gb (0),1,,13,"void convert_kernel<__half2, float2>(tensor_layout_any, T1 *, tensor_layout_any, const T2 *)"
13513818053,5920,255778,,,,,,,,,,0.094,15826.941,Pinned,Device,NVIDIA A100-SXM4-40GB MIG 4g.20gb (0),1,,13,[CUDA memcpy Host-to-Device]
13514269472,74239,255779,,,,,,,,,,35.810,482359.622,Device,,NVIDIA A100-SXM4-40GB MIG 4g.20gb (0),1,,13,[CUDA memset]
13514349215,7232,255781,,,,,,,,,,0.000,11.062,Pinned,Device,NVIDIA A100-SXM4-40GB MIG 4g.20gb (0),1,,13,[CUDA memcpy Host-to-Device]
13514360319,17151,255782,,,,,,,,,,0.197,11463.229,Pinned,Device,NVIDIA A100-SXM4-40GB MIG 4g.20gb (0),1,,13,[CUDA memcpy Host-to-Device]
13514861817,20384,255783,273,1,1,48,1,1,40,0.000,0.001,,,,,NVIDIA A100-SXM4-40GB MIG 4g.20gb (0),1,,13,"void pusch_noise_intf_est::noiseIntfEstNoDftSOfdmKernel<float, __half, float, float, (unsigned int)2, (unsigned int)1, (unsigned char)4, (unsigned char)4>(pusch_noise_intf_est::puschRxNoiseIntfEstDynDescr)"
13515536945,4928,255794,35,1,1,128,1,1,16,0.000,0.000,,,,,NVIDIA A100-SXM4-40GB MIG 4g.20gb (0),1,,13,cupy_copy__complex64_complex64
13516187722,5504,255803,1,1,1,1,1,1,18,0.000,0.000,,,,,NVIDIA A100-SXM4-40GB MIG 4g.20gb (0),1,,13,cupy_copy__float32_float32
13516196586,2048,255809,,,,,,,,,,0.000,1.953,Device,Pageable,NVIDIA A100-SXM4-40GB MIG 4g.20gb (0),1,,7,[CUDA memcpy Device-to-Host]
13516919426,24256,255820,1434,1,1,128,1,1,16,0.000,0.000,,,,,NVIDIA A100-SXM4-40GB MIG 4g.20gb (0),1,,13,cupy_copy__complex64_complex64
13517638874,13216,255827,103,1,1,128,1,1,16,0.000,0.000,,,,,NVIDIA A100-SXM4-40GB MIG 4g.20gb (0),1,,13,cupy_copy__complex64_complex64
13518273587,7551,255834,35,1,1,128,1,1,16,0.000,0.000,,,,,NVIDIA A100-SXM4-40GB MIG 4g.20gb (0),1,,13,cupy_copy__complex64_complex64
13518690478,4256,255841,1,1,1,1,1,1,18,0.000,0.000,,,,,NVIDIA A100-SXM4-40GB MIG 4g.20gb (0),1,,13,cupy_copy__float32_float32
13519129929,262909,255852,1,1,1,32,32,1,30,0.000,0.000,,,,,NVIDIA A100-SXM4-40GB MIG 4g.20gb (0),1,,13,"void convert_kernel<__half2, float2>(tensor_layout_any, T1 *, tensor_layout_any, const T2 *)"
13519423334,5471,255855,,,,,,,,,,0.094,17125.849,Pinned,Device,NVIDIA A100-SXM4-40GB MIG 4g.20gb (0),1,,13,[CUDA memcpy Host-to-Device]
13519787713,7136,255856,,,,,,,,,,1.547,216734.608,Device,,NVIDIA A100-SXM4-40GB MIG 4g.20gb (0),1,,13,[CUDA memset]
13519801185,3008,255861,,,,,,,,,,0.031,10404.230,Pinned,Device,NVIDIA A100-SXM4-40GB MIG 4g.20gb (0),1,,13,[CUDA memcpy Host-to-Device]
13519806945,10272,255862,,,,,,,,,,0.197,19140.182,Pinned,Device,NVIDIA A100-SXM4-40GB MIG 4g.20gb (0),1,,13,[CUDA memcpy Host-to-Device]
13520467194,11840,255863,273,1,1,8,4,1,39,0.002,0.000,,,,,NVIDIA A100-SXM4-40GB MIG 4g.20gb (0),1,,13,"void channel_eq::eqMmseCoefCompLowMimoKernel<float, float, float, (unsigned int)4, (unsigned int)1, (unsigned int)4>(const channel_eq::_puschRxChEqStatDescr *, channel_eq::_puschRxChEqCoefCompDynDescr)"
13521139218,10304,255864,273,1,1,12,11,1,51,0.002,0.000,,,,,NVIDIA A100-SXM4-40GB MIG 4g.20gb (0),1,,13,"void channel_eq::eqMmseSoftDemapKernel<float, __half, __half, float, (unsigned int)4, (unsigned short)16383>(channel_eq::_puschRxChEqStatDescr *, channel_eq::_puschRxChEqSoftDemapDynDescr)"
13521500942,705016,255865,1,1,1,32,32,1,30,0.000,0.000,,,,,NVIDIA A100-SXM4-40GB MIG 4g.20gb (0),1,,13,"void convert_kernel<float2, __half2>(tensor_layout_any, T1 *, tensor_layout_any, const T2 *)"
13522861471,21311,255877,2253,1,1,128,1,1,16,0.000,0.000,,,,,NVIDIA A100-SXM4-40GB MIG 4g.20gb (0),1,,13,cupy_copy__float16_float16
13523522871,15456,255886,282,1,1,128,1,1,16,0.000,0.000,,,,,NVIDIA A100-SXM4-40GB MIG 4g.20gb (0),1,,13,cupy_copy__complex64_complex64
13524132880,7360,255895,26,1,1,128,1,1,16,0.000,0.000,,,,,NVIDIA A100-SXM4-40GB MIG 4g.20gb (0),1,,13,cupy_copy__float32_float32
13524561196,8831,255904,103,1,1,128,1,1,16,0.000,0.000,,,,,NVIDIA A100-SXM4-40GB MIG 4g.20gb (0),1,,13,cupy_copy__complex64_complex64
13525331715,20928,255920,1434,1,1,128,1,1,16,0.000,0.000,,,,,NVIDIA A100-SXM4-40GB MIG 4g.20gb (0),1,,13,cupy_copy__complex64_complex64
13526024699,213470,255925,1,1,1,32,32,1,30,0.000,0.000,,,,,NVIDIA A100-SXM4-40GB MIG 4g.20gb (0),1,,13,"void convert_kernel<__half2, float2>(tensor_layout_any, T1 *, tensor_layout_any, const T2 *)"
13526267416,6336,255928,,,,,,,,,,0.094,14787.852,Pinned,Device,NVIDIA A100-SXM4-40GB MIG 4g.20gb (0),1,,13,[CUDA memcpy Host-to-Device]
13526976112,609785,255929,,,,,,,,,,456.561,748304.200,Device,,NVIDIA A100-SXM4-40GB MIG 4g.20gb (0),1,,13,[CUDA memset]
13527588265,71328,255934,,,,,,,,,,1.235,17312.680,Pinned,Device,NVIDIA A100-SXM4-40GB MIG 4g.20gb (0),1,,13,[CUDA memcpy Host-to-Device]
13527666344,15232,255935,,,,,,,,,,0.197,12907.512,Pinned,Device,NVIDIA A100-SXM4-40GB MIG 4g.20gb (0),1,,13,[CUDA memcpy Host-to-Device]
13528454400,40863,255936,69,4,1,48,1,1,76,0.002,0.000,,,,,NVIDIA A100-SXM4-40GB MIG 4g.20gb (0),1,,13,"void ch_est::windowedChEstPreNoDftSOfdmKernel<float, __half, float, (unsigned int)2, (unsigned int)1, (unsigned short)4>(ch_est::puschRxChEstStatDescr_t *, ch_est::puschRxChEstDynDescr_t *)"
13529345942,13151,255937,137,2,1,24,2,1,44,0.001,0.001,,,,,NVIDIA A100-SXM4-40GB MIG 4g.20gb (0),1,,13,"void ch_est::chEstFilterNoDftSOfdmDispatchKernel<float, __half, float, (unsigned int)2>(ch_est::puschRxChEstStatDescr_t *, ch_est::puschRxChEstDynDescr_t *)"
13529973070,33440,255938,137,2,1,24,2,1,44,0.001,0.001,,,,,NVIDIA A100-SXM4-40GB MIG 4g.20gb (0),1,,13,"void ch_est::chEstFilterNoDftSOfdmDispatchKernel<float, __half, float, (unsigned int)2>(ch_est::puschRxChEstStatDescr_t *, ch_est::puschRxChEstDynDescr_t *)"
13530742182,6240,255949,103,1,1,128,1,1,16,0.000,0.000,,,,,NVIDIA A100-SXM4-40GB MIG 4g.20gb (0),1,,13,cupy_copy__complex64_complex64
13531372767,23327,255959,1434,1,1,128,1,1,16,0.000,0.000,,,,,NVIDIA A100-SXM4-40GB MIG 4g.20gb (0),1,,13,cupy_copy__complex64_complex64
13532061559,4448,255966,103,1,1,128,1,1,16,0.000,0.000,,,,,NVIDIA A100-SXM4-40GB MIG 4g.20gb (0),1,,13,cupy_copy__complex64_complex64
13532681456,216605,255973,1,1,1,32,32,1,30,0.000,0.000,,,,,NVIDIA A100-SXM4-40GB MIG 4g.20gb (0),1,,13,"void convert_kernel<__half2, float2>(tensor_layout_any, T1 *, tensor_layout_any, const T2 *)"
13533091915,5664,255976,,,,,,,,,,0.094,16542.310,Pinned,Device,NVIDIA A100-SXM4-40GB MIG 4g.20gb (0),1,,13,[CUDA memcpy Host-to-Device]
13533861507,56895,255977,,,,,,,,,,35.810,629395.154,Device,,NVIDIA A100-SXM4-40GB MIG 4g.20gb (0),1,,13,[CUDA memset]
13533925442,3744,255979,,,,,,,,,,0.000,21.368,Pinned,Device,NVIDIA A100-SXM4-40GB MIG 4g.20gb (0),1,,13,[CUDA memcpy Host-to-Device]
13533931618,12896,255980,,,,,,,,,,0.197,15245.574,Pinned,Device,NVIDIA A100-SXM4-40GB MIG 4g.20gb (0),1,,13,[CUDA memcpy Host-to-Device]
13534523291,36032,255981,273,1,1,48,1,1,40,0.000,0.001,,,,,NVIDIA A100-SXM4-40GB MIG 4g.20gb (0),1,,13,"void pusch_noise_intf_est::noiseIntfEstNoDftSOfdmKernel<float, __half, float, float, (unsigned int)2, (unsigned int)1, (unsigned char)4, (unsigned char)4>(pusch_noise_intf_est::puschRxNoiseIntfEstDynDescr)"
13535387345,20576,255992,35,1,1,128,1,1,16,0.000,0.000,,,,,NVIDIA A100-SXM4-40GB MIG 4g.20gb (0),1,,13,cupy_copy__complex64_complex64
13536228680,5568,256001,1,1,1,1,1,1,18,0.000,0.000,,,,,NVIDIA A100-SXM4-40GB MIG 4g.20gb (0),1,,13,cupy_copy__float32_float32
13536237224,2272,256007,,,,,,,,,,0.000,1.761,Device,Pageable,NVIDIA A100-SXM4-40GB MIG 4g.20gb (0),1,,7,[CUDA memcpy Device-to-Host]
13537115870,24384,256018,1434,1,1,128,1,1,16,0.000,0.000,,,,,NVIDIA A100-SXM4-40GB MIG 4g.20gb (0),1,,13,cupy_copy__complex64_complex64
13537963732,11552,256025,103,1,1,128,1,1,16,0.000,0.000,,,,,NVIDIA A100-SXM4-40GB MIG 4g.20gb (0),1,,13,cupy_copy__complex64_complex64
13538487150,5952,256032,35,1,1,128,1,1,16,0.000,0.000,,,,,NVIDIA A100-SXM4-40GB MIG 4g.20gb (0),1,,13,cupy_copy__complex64_complex64
13538840586,4032,256039,1,1,1,1,1,1,18,0.000,0.000,,,,,NVIDIA A100-SXM4-40GB MIG 4g.20gb (0),1,,13,cupy_copy__float32_float32
13539225990,259645,256050,1,1,1,32,32,1,30,0.000,0.000,,,,,NVIDIA A100-SXM4-40GB MIG 4g.20gb (0),1,,13,"void convert_kernel<__half2, float2>(tensor_layout_any, T1 *, tensor_layout_any, const T2 *)"
13539516739,5952,256053,,,,,,,,,,0.094,15741.865,Pinned,Device,NVIDIA A100-SXM4-40GB MIG 4g.20gb (0),1,,13,[CUDA memcpy Host-to-Device]
13539822623,13664,256054,,,,,,,,,,1.547,113189.677,Device,,NVIDIA A100-SXM4-40GB MIG 4g.20gb (0),1,,13,[CUDA memset]
13539842687,6208,256059,,,,,,,,,,0.031,5041.222,Pinned,Device,NVIDIA A100-SXM4-40GB MIG 4g.20gb (0),1,,13,[CUDA memcpy Host-to-Device]
13539854367,14432,256060,,,,,,,,,,0.197,13622.968,Pinned,Device,NVIDIA A100-SXM4-40GB MIG 4g.20gb (0),1,,13,[CUDA memcpy Host-to-Device]
13540434168,28480,256061,273,1,1,8,4,1,39,0.002,0.000,,,,,NVIDIA A100-SXM4-40GB MIG 4g.20gb (0),1,,13,"void channel_eq::eqMmseCoefCompLowMimoKernel<float, float, float, (unsigned int)4, (unsigned int)1, (unsigned int)4>(const channel_eq::_puschRxChEqStatDescr *, channel_eq::_puschRxChEqCoefCompDynDescr)"
13541054737,39296,256062,273,1,1,12,11,1,51,0.002,0.000,,,,,NVIDIA A100-SXM4-40GB MIG 4g.20gb (0),1,,13,"void channel_eq::eqMmseSoftDemapKernel<float, __half, __half, float, (unsigned int)4, (unsigned short)16383>(channel_eq::_puschRxChEqStatDescr *, channel_eq::_puschRxChEqSoftDemapDynDescr)"
13541675306,678873,256063,1,1,1,32,32,1,30,0.000,0.000,,,,,NVIDIA A100-SXM4-40GB MIG 4g.20gb (0),1,,13,"void convert_kernel<float2, __half2>(tensor_layout_any, T1 *, tensor_layout_any, const T2 *)"
13542895549,22399,256075,2253,1,1,128,1,1,16,0.000,0.000,,,,,NVIDIA A100-SXM4-40GB MIG 4g.20gb (0),1,,13,cupy_copy__float16_float16
13543507158,19775,256084,282,1,1,128,1,1,16,0.000,0.000,,,,,NVIDIA A100-SXM4-40GB MIG 4g.20gb (0),1,,13,cupy_copy__complex64_complex64
13544009584,5632,256093,26,1,1,128,1,1,16,0.000,0.000,,,,,NVIDIA A100-SXM4-40GB MIG 4g.20gb (0),1,,13,cupy_copy__float32_float32
13544411532,6783,256102,103,1,1,128,1,1,16,0.000,0.000,,,,,NVIDIA A100-SXM4-40GB MIG 4g.20gb (0),1,,13,cupy_copy__complex64_complex64
13544788455,25504,256112,1434,1,1,128,1,1,16,0.000,0.000,,,,,NVIDIA A100-SXM4-40GB MIG 4g.20gb (0),1,,13,cupy_copy__complex64_complex64
13545477215,266941,256117,1,1,1,32,32,1,30,0.000,0.000,,,,,NVIDIA A100-SXM4-40GB MIG 4g.20gb (0),1,,13,"void convert_kernel<__half2, float2>(tensor_layout_any, T1 *, tensor_layout_any, const T2 *)"
13545779548,8576,256120,,,,,,,,,,0.094,10925.328,Pinned,Device,NVIDIA A100-SXM4-40GB MIG 4g.20gb (0),1,,13,[CUDA memcpy Host-to-Device]
13546204823,630777,256121,,,,,,,,,,456.561,723649.882,Device,,NVIDIA A100-SXM4-40GB MIG 4g.20gb (0),1,,13,[CUDA memset]
13546845008,65663,256126,,,,,,,,,,1.235,18806.962,Pinned,Device,NVIDIA A100-SXM4-40GB MIG 4g.20gb (0),1,,13,[CUDA memcpy Host-to-Device]
13546914127,12096,256127,,,,,,,,,,0.197,16253.780,Pinned,Device,NVIDIA A100-SXM4-40GB MIG 4g.20gb (0),1,,13,[CUDA memcpy Host-to-Device]
13547426121,31680,256128,69,4,1,48,1,1,76,0.002,0.000,,,,,NVIDIA A100-SXM4-40GB MIG 4g.20gb (0),1,,13,"void ch_est::windowedChEstPreNoDftSOfdmKernel<float, __half, float, (unsigned int)2, (unsigned int)1, (unsigned short)4>(ch_est::puschRxChEstStatDescr_t *, ch_est::puschRxChEstDynDescr_t *)"
13548090146,29184,256129,137,2,1,24,2,1,44,0.001,0.001,,,,,NVIDIA A100-SXM4-40GB MIG 4g.20gb (0),1,,13,"void ch_est::chEstFilterNoDftSOfdmDispatchKernel<float, __half, float, (unsigned int)2>(ch_est::puschRxChEstStatDescr_t *, ch_est::puschRxChEstDynDescr_t *)"
13548747547,30111,256130,137,2,1,24,2,1,44,0.001,0.001,,,,,NVIDIA A100-SXM4-40GB MIG 4g.20gb (0),1,,13,"void ch_est::chEstFilterNoDftSOfdmDispatchKernel<float, __half, float, (unsigned int)2>(ch_est::puschRxChEstStatDescr_t *, ch_est::puschRxChEstDynDescr_t *)"
13549405715,10400,256141,103,1,1,128,1,1,16,0.000,0.000,,,,,NVIDIA A100-SXM4-40GB MIG 4g.20gb (0),1,,13,cupy_copy__complex64_complex64
13550039148,20160,256151,1434,1,1,128,1,1,16,0.000,0.000,,,,,NVIDIA A100-SXM4-40GB MIG 4g.20gb (0),1,,13,cupy_copy__complex64_complex64
13550612230,7199,256158,103,1,1,128,1,1,16,0.000,0.000,,,,,NVIDIA A100-SXM4-40GB MIG 4g.20gb (0),1,,13,cupy_copy__complex64_complex64
13551023489,260125,256165,1,1,1,32,32,1,30,0.000,0.000,,,,,NVIDIA A100-SXM4-40GB MIG 4g.20gb (0),1,,13,"void convert_kernel<__half2, float2>(tensor_layout_any, T1 *, tensor_layout_any, const T2 *)"
13551324541,5888,256168,,,,,,,,,,0.094,15912.954,Pinned,Device,NVIDIA A100-SXM4-40GB MIG 4g.20gb (0),1,,13,[CUDA memcpy Host-to-Device]
13551685049,72928,256169,,,,,,,,,,35.810,491025.623,Device,,NVIDIA A100-SXM4-40GB MIG 4g.20gb (0),1,,13,[CUDA memset]
13551764505,6015,256171,,,,,,,,,,0.000,13.300,Pinned,Device,NVIDIA A100-SXM4-40GB MIG 4g.20gb (0),1,,13,[CUDA memcpy Host-to-Device]
13551777784,15168,256172,,,,,,,,,,0.197,12961.972,Pinned,Device,NVIDIA A100-SXM4-40GB MIG 4g.20gb (0),1,,13,[CUDA memcpy Host-to-Device]
13552209427,14752,256173,273,1,1,48,1,1,40,0.000,0.001,,,,,NVIDIA A100-SXM4-40GB MIG 4g.20gb (0),1,,13,"void pusch_noise_intf_est::noiseIntfEstNoDftSOfdmKernel<float, __half, float, float, (unsigned int)2, (unsigned int)1, (unsigned char)4, (unsigned char)4>(pusch_noise_intf_est::puschRxNoiseIntfEstDynDescr)"
13552869324,5504,256184,35,1,1,128,1,1,16,0.000,0.000,,,,,NVIDIA A100-SXM4-40GB MIG 4g.20gb (0),1,,13,cupy_copy__complex64_complex64
13553449829,4448,256193,1,1,1,1,1,1,18,0.000,0.000,,,,,NVIDIA A100-SXM4-40GB MIG 4g.20gb (0),1,,13,cupy_copy__float32_float32
13553461733,3584,256199,,,,,,,,,,0.000,1.116,Device,Pageable,NVIDIA A100-SXM4-40GB MIG 4g.20gb (0),1,,7,[CUDA memcpy Device-to-Host]
13554109022,27456,256210,1434,1,1,128,1,1,16,0.000,0.000,,,,,NVIDIA A100-SXM4-40GB MIG 4g.20gb (0),1,,13,cupy_copy__complex64_complex64
13554720951,18912,256217,103,1,1,128,1,1,16,0.000,0.000,,,,,NVIDIA A100-SXM4-40GB MIG 4g.20gb (0),1,,13,cupy_copy__complex64_complex64
13554975508,4800,256224,35,1,1,128,1,1,16,0.000,0.000,,,,,NVIDIA A100-SXM4-40GB MIG 4g.20gb (0),1,,13,cupy_copy__complex64_complex64
13555351184,5408,256231,1,1,1,1,1,1,18,0.000,0.000,,,,,NVIDIA A100-SXM4-40GB MIG 4g.20gb (0),1,,13,cupy_copy__float32_float32
13555934761,263869,256242,1,1,1,32,32,1,30,0.000,0.000,,,,,NVIDIA A100-SXM4-40GB MIG 4g.20gb (0),1,,13,"void convert_kernel<__half2, float2>(tensor_layout_any, T1 *, tensor_layout_any, const T2 *)"
13556230886,5504,256245,,,,,,,,,,0.094,17023.251,Pinned,Device,NVIDIA A100-SXM4-40GB MIG 4g.20gb (0),1,,13,[CUDA memcpy Host-to-Device]
13556562562,16992,256246,,,,,,,,,,1.547,91020.369,Device,,NVIDIA A100-SXM4-40GB MIG 4g.20gb (0),1,,13,[CUDA memset]
13556587970,6464,256251,,,,,,,,,,0.031,4841.554,Pinned,Device,NVIDIA A100-SXM4-40GB MIG 4g.20gb (0),1,,13,[CUDA memcpy Host-to-Device]
13556596930,12064,256252,,,,,,,,,,0.197,16297.034,Pinned,Device,NVIDIA A100-SXM4-40GB MIG 4g.20gb (0),1,,13,[CUDA memcpy Host-to-Device]
13557173659,33728,256253,273,1,1,8,4,1,39,0.002,0.000,,,,,NVIDIA A100-SXM4-40GB MIG 4g.20gb (0),1,,13,"void channel_eq::eqMmseCoefCompLowMimoKernel<float, float, float, (unsigned int)4, (unsigned int)1, (unsigned int)4>(const channel_eq::_puschRxChEqStatDescr *, channel_eq::_puschRxChEqCoefCompDynDescr)"
13557790900,29760,256254,273,1,1,12,11,1,51,0.002,0.000,,,,,NVIDIA A100-SXM4-40GB MIG 4g.20gb (0),1,,13,"void channel_eq::eqMmseSoftDemapKernel<float, __half, __half, float, (unsigned int)4, (unsigned short)16383>(channel_eq::_puschRxChEqStatDescr *, channel_eq::_puschRxChEqSoftDemapDynDescr)"
13558416717,658713,256255,1,1,1,32,32,1,30,0.000,0.000,,,,,NVIDIA A100-SXM4-40GB MIG 4g.20gb (0),1,,13,"void convert_kernel<float2, __half2>(tensor_layout_any, T1 *, tensor_layout_any, const T2 *)"
13559655295,21856,256267,2253,1,1,128,1,1,16,0.000,0.000,,,,,NVIDIA A100-SXM4-40GB MIG 4g.20gb (0),1,,13,cupy_copy__float16_float16
13560560661,19008,256276,282,1,1,128,1,1,16,0.000,0.000,,,,,NVIDIA A100-SXM4-40GB MIG 4g.20gb (0),1,,13,cupy_copy__complex64_complex64
13561071023,5056,256285,26,1,1,128,1,1,16,0.000,0.000,,,,,NVIDIA A100-SXM4-40GB MIG 4g.20gb (0),1,,13,cupy_copy__float32_float32
13561684457,10719,256294,103,1,1,128,1,1,16,0.000,0.000,,,,,NVIDIA A100-SXM4-40GB MIG 4g.20gb (0),1,,13,cupy_copy__complex64_complex64
13562339297,17472,256304,1434,1,1,128,1,1,16,0.000,0.000,,,,,NVIDIA A100-SXM4-40GB MIG 4g.20gb (0),1,,13,cupy_copy__complex64_complex64
13562945146,258845,256309,1,1,1,32,32,1,30,0.000,0.000,,,,,NVIDIA A100-SXM4-40GB MIG 4g.20gb (0),1,,13,"void convert_kernel<__half2, float2>(tensor_layout_any, T1 *, tensor_layout_any, const T2 *)"
13563237271,5504,256312,,,,,,,,,,0.094,17023.251,Pinned,Device,NVIDIA A100-SXM4-40GB MIG 4g.20gb (0),1,,13,[CUDA memcpy Host-to-Device]
13563830160,660441,256313,,,,,,,,,,456.561,691234.020,Device,,NVIDIA A100-SXM4-40GB MIG 4g.20gb (0),1,,13,[CUDA memset]
13565015523,62559,256318,,,,,,,,,,1.235,19739.345,Pinned,Device,NVIDIA A100-SXM4-40GB MIG 4g.20gb (0),1,,13,[CUDA memcpy Host-to-Device]
13565086402,20288,256319,,,,,,,,,,0.197,9690.808,Pinned,Device,NVIDIA A100-SXM4-40GB MIG 4g.20gb (0),1,,13,[CUDA memcpy Host-to-Device]
13565938809,32223,256320,69,4,1,48,1,1,76,0.002,0.000,,,,,NVIDIA A100-SXM4-40GB MIG 4g.20gb (0),1,,13,"void ch_est::windowedChEstPreNoDftSOfdmKernel<float, __half, float, (unsigned int)2, (unsigned int)1, (unsigned short)4>(ch_est::puschRxChEstStatDescr_t *, ch_est::puschRxChEstDynDescr_t *)"
13566710800,17216,256321,137,2,1,24,2,1,44,0.001,0.001,,,,,NVIDIA A100-SXM4-40GB MIG 4g.20gb (0),1,,13,"void ch_est::chEstFilterNoDftSOfdmDispatchKernel<float, __half, float, (unsigned int)2>(ch_est::puschRxChEstStatDescr_t *, ch_est::puschRxChEstDynDescr_t *)"
13567332073,12416,256322,137,2,1,24,2,1,44,0.001,0.001,,,,,NVIDIA A100-SXM4-40GB MIG 4g.20gb (0),1,,13,"void ch_est::chEstFilterNoDftSOfdmDispatchKernel<float, __half, float, (unsigned int)2>(ch_est::puschRxChEstStatDescr_t *, ch_est::puschRxChEstDynDescr_t *)"
13567984193,4480,256333,103,1,1,128,1,1,16,0.000,0.000,,,,,NVIDIA A100-SXM4-40GB MIG 4g.20gb (0),1,,13,cupy_copy__complex64_complex64
13568570139,25216,256343,1434,1,1,128,1,1,16,0.000,0.000,,,,,NVIDIA A100-SXM4-40GB MIG 4g.20gb (0),1,,13,cupy_copy__complex64_complex64
13569420593,18624,256350,103,1,1,128,1,1,16,0.000,0.000,,,,,NVIDIA A100-SXM4-40GB MIG 4g.20gb (0),1,,13,cupy_copy__complex64_complex64
13569935947,251230,256357,1,1,1,32,32,1,30,0.000,0.000,,,,,NVIDIA A100-SXM4-40GB MIG 4g.20gb (0),1,,13,"void convert_kernel<__half2, float2>(tensor_layout_any, T1 *, tensor_layout_any, const T2 *)"
13570221256,6240,256360,,,,,,,,,,0.094,15015.346,Pinned,Device,NVIDIA A100-SXM4-40GB MIG 4g.20gb (0),1,,13,[CUDA memcpy Host-to-Device]
13570803618,73663,256361,,,,,,,,,,35.810,486119.664,Device,,NVIDIA A100-SXM4-40GB MIG 4g.20gb (0),1,,13,[CUDA memset]
13570882529,2464,256363,,,,,,,,,,0.000,32.468,Pinned,Device,NVIDIA A100-SXM4-40GB MIG 4g.20gb (0),1,,13,[CUDA memcpy Host-to-Device]
13570887745,9728,256364,,,,,,,,,,0.197,20210.516,Pinned,Device,NVIDIA A100-SXM4-40GB MIG 4g.20gb (0),1,,13,[CUDA memcpy Host-to-Device]
13571539513,15232,256365,273,1,1,48,1,1,40,0.000,0.001,,,,,NVIDIA A100-SXM4-40GB MIG 4g.20gb (0),1,,13,"void pusch_noise_intf_est::noiseIntfEstNoDftSOfdmKernel<float, __half, float, float, (unsigned int)2, (unsigned int)1, (unsigned char)4, (unsigned char)4>(pusch_noise_intf_est::puschRxNoiseIntfEstDynDescr)"
13572126803,22879,256376,35,1,1,128,1,1,16,0.000,0.000,,,,,NVIDIA A100-SXM4-40GB MIG 4g.20gb (0),1,,13,cupy_copy__complex64_complex64
13572987113,4736,256385,1,1,1,1,1,1,18,0.000,0.000,,,,,NVIDIA A100-SXM4-40GB MIG 4g.20gb (0),1,,13,cupy_copy__float32_float32
13573000425,4000,256391,,,,,,,,,,0.000,1.000,Device,Pageable,NVIDIA A100-SXM4-40GB MIG 4g.20gb (0),1,,7,[CUDA memcpy Device-to-Host]
13573641026,27743,256402,1434,1,1,128,1,1,16,0.000,0.000,,,,,NVIDIA A100-SXM4-40GB MIG 4g.20gb (0),1,,13,cupy_copy__complex64_complex64
13574257019,10784,256409,103,1,1,128,1,1,16,0.000,0.000,,,,,NVIDIA A100-SXM4-40GB MIG 4g.20gb (0),1,,13,cupy_copy__complex64_complex64
13574771061,5536,256416,35,1,1,128,1,1,16,0.000,0.000,,,,,NVIDIA A100-SXM4-40GB MIG 4g.20gb (0),1,,13,cupy_copy__complex64_complex64
13575125489,4352,256423,1,1,1,1,1,1,18,0.000,0.000,,,,,NVIDIA A100-SXM4-40GB MIG 4g.20gb (0),1,,13,cupy_copy__float32_float32
13575516332,248894,256434,1,1,1,32,32,1,30,0.000,0.000,,,,,NVIDIA A100-SXM4-40GB MIG 4g.20gb (0),1,,13,"void convert_kernel<__half2, float2>(tensor_layout_any, T1 *, tensor_layout_any, const T2 *)"
13575796073,5696,256437,,,,,,,,,,0.094,16449.363,Pinned,Device,NVIDIA A100-SXM4-40GB MIG 4g.20gb (0),1,,13,[CUDA memcpy Host-to-Device]
13576116582,14400,256438,,,,,,,,,,1.547,107403.757,Device,,NVIDIA A100-SXM4-40GB MIG 4g.20gb (0),1,,13,[CUDA memset]
13576137957,5952,256443,,,,,,,,,,0.031,5258.041,Pinned,Device,NVIDIA A100-SXM4-40GB MIG 4g.20gb (0),1,,13,[CUDA memcpy Host-to-Device]
13576147013,10784,256444,,,,,,,,,,0.197,18231.263,Pinned,Device,NVIDIA A100-SXM4-40GB MIG 4g.20gb (0),1,,13,[CUDA memcpy Host-to-Device]
13576733087,37503,256445,273,1,1,8,4,1,39,0.002,0.000,,,,,NVIDIA A100-SXM4-40GB MIG 4g.20gb (0),1,,13,"void channel_eq::eqMmseCoefCompLowMimoKernel<float, float, float, (unsigned int)4, (unsigned int)1, (unsigned int)4>(const channel_eq::_puschRxChEqStatDescr *, channel_eq::_puschRxChEqCoefCompDynDescr)"
13577350584,41087,256446,273,1,1,12,11,1,51,0.002,0.000,,,,,NVIDIA A100-SXM4-40GB MIG 4g.20gb (0),1,,13,"void channel_eq::eqMmseSoftDemapKernel<float, __half, __half, float, (unsigned int)4, (unsigned short)16383>(channel_eq::_puschRxChEqStatDescr *, channel_eq::_puschRxChEqSoftDemapDynDescr)"
13577949361,691256,256447,1,1,1,32,32,1,30,0.000,0.000,,,,,NVIDIA A100-SXM4-40GB MIG 4g.20gb (0),1,,13,"void convert_kernel<float2, __half2>(tensor_layout_any, T1 *, tensor_layout_any, const T2 *)"
13579217379,24927,256459,2253,1,1,128,1,1,16,0.000,0.000,,,,,NVIDIA A100-SXM4-40GB MIG 4g.20gb (0),1,,13,cupy_copy__float16_float16
13579868123,12800,256468,282,1,1,128,1,1,16,0.000,0.000,,,,,NVIDIA A100-SXM4-40GB MIG 4g.20gb (0),1,,13,cupy_copy__complex64_complex64
13580521076,11456,256477,26,1,1,128,1,1,16,0.000,0.000,,,,,NVIDIA A100-SXM4-40GB MIG 4g.20gb (0),1,,13,cupy_copy__float32_float32
13580810801,7456,256486,103,1,1,128,1,1,16,0.000,0.000,,,,,NVIDIA A100-SXM4-40GB MIG 4g.20gb (0),1,,13,cupy_copy__complex64_complex64
13581189740,27296,256496,1434,1,1,128,1,1,16,0.000,0.000,,,,,NVIDIA A100-SXM4-40GB MIG 4g.20gb (0),1,,13,cupy_copy__complex64_complex64
13581831877,262845,256501,1,1,1,32,32,1,30,0.000,0.000,,,,,NVIDIA A100-SXM4-40GB MIG 4g.20gb (0),1,,13,"void convert_kernel<__half2, float2>(tensor_layout_any, T1 *, tensor_layout_any, const T2 *)"
13582126338,12448,256504,,,,,,,,,,0.094,7526.974,Pinned,Device,NVIDIA A100-SXM4-40GB MIG 4g.20gb (0),1,,13,[CUDA memcpy Host-to-Device]
13582525373,627225,256505,,,,,,,,,,456.561,727758.935,Device,,NVIDIA A100-SXM4-40GB MIG 4g.20gb (0),1,,13,[CUDA memset]
13583156054,70399,256510,,,,,,,,,,1.235,17541.145,Pinned,Device,NVIDIA A100-SXM4-40GB MIG 4g.20gb (0),1,,13,[CUDA memcpy Host-to-Device]
13583228949,10720,256511,,,,,,,,,,0.197,18340.184,Pinned,Device,NVIDIA A100-SXM4-40GB MIG 4g.20gb (0),1,,13,[CUDA memcpy Host-to-Device]
13583800559,33056,256512,69,4,1,48,1,1,76,0.002,0.000,,,,,NVIDIA A100-SXM4-40GB MIG 4g.20gb (0),1,,13,"void ch_est::windowedChEstPreNoDftSOfdmKernel<float, __half, float, (unsigned int)2, (unsigned int)1, (unsigned short)4>(ch_est::puschRxChEstStatDescr_t *, ch_est::puschRxChEstDynDescr_t *)"
13584437288,30143,256513,137,2,1,24,2,1,44,0.001,0.001,,,,,NVIDIA A100-SXM4-40GB MIG 4g.20gb (0),1,,13,"void ch_est::chEstFilterNoDftSOfdmDispatchKernel<float, __half, float, (unsigned int)2>(ch_est::puschRxChEstStatDescr_t *, ch_est::puschRxChEstDynDescr_t *)"
13585091328,29312,256514,137,2,1,24,2,1,44,0.001,0.001,,,,,NVIDIA A100-SXM4-40GB MIG 4g.20gb (0),1,,13,"void ch_est::chEstFilterNoDftSOfdmDispatchKernel<float, __half, float, (unsigned int)2>(ch_est::puschRxChEstStatDescr_t *, ch_est::puschRxChEstDynDescr_t *)"
13585682586,11424,256525,103,1,1,128,1,1,16,0.000,0.000,,,,,NVIDIA A100-SXM4-40GB MIG 4g.20gb (0),1,,13,cupy_copy__complex64_complex64
13586249907,18144,256535,1434,1,1,128,1,1,16,0.000,0.000,,,,,NVIDIA A100-SXM4-40GB MIG 4g.20gb (0),1,,13,cupy_copy__complex64_complex64
13586654863,4928,256542,103,1,1,128,1,1,16,0.000,0.000,,,,,NVIDIA A100-SXM4-40GB MIG 4g.20gb (0),1,,13,cupy_copy__complex64_complex64
13587077514,249053,256549,1,1,1,32,32,1,30,0.000,0.000,,,,,NVIDIA A100-SXM4-40GB MIG 4g.20gb (0),1,,13,"void convert_kernel<__half2, float2>(tensor_layout_any, T1 *, tensor_layout_any, const T2 *)"
13587357639,5408,256552,,,,,,,,,,0.094,17325.421,Pinned,Device,NVIDIA A100-SXM4-40GB MIG 4g.20gb (0),1,,13,[CUDA memcpy Host-to-Device]
13587737507,61055,256553,,,,,,,,,,35.810,586494.870,Device,,NVIDIA A100-SXM4-40GB MIG 4g.20gb (0),1,,13,[CUDA memset]
13588462586,5440,256555,,,,,,,,,,0.000,14.706,Pinned,Device,NVIDIA A100-SXM4-40GB MIG 4g.20gb (0),1,,13,[CUDA memcpy Host-to-Device]
13588477850,12352,256556,,,,,,,,,,0.197,15916.990,Pinned,Device,NVIDIA A100-SXM4-40GB MIG 4g.20gb (0),1,,13,[CUDA memcpy Host-to-Device]
13589060660,26623,256557,273,1,1,48,1,1,40,0.000,0.001,,,,,NVIDIA A100-SXM4-40GB MIG 4g.20gb (0),1,,13,"void pusch_noise_intf_est::noiseIntfEstNoDftSOfdmKernel<float, __half, float, float, (unsigned int)2, (unsigned int)1, (unsigned char)4, (unsigned char)4>(pusch_noise_intf_est::puschRxNoiseIntfEstDynDescr)"
13589679693,28287,256568,35,1,1,128,1,1,16,0.000,0.000,,,,,NVIDIA A100-SXM4-40GB MIG 4g.20gb (0),1,,13,cupy_copy__complex64_complex64
13590286758,4800,256577,1,1,1,1,1,1,18,0.000,0.000,,,,,NVIDIA A100-SXM4-40GB MIG 4g.20gb (0),1,,13,cupy_copy__float32_float32
13590298342,1696,256583,,,,,,,,,,0.000,2.358,Device,Pageable,NVIDIA A100-SXM4-40GB MIG 4g.20gb (0),1,,7,[CUDA memcpy Device-to-Host]
13590924255,26943,256594,1434,1,1,128,1,1,16,0.000,0.000,,,,,NVIDIA A100-SXM4-40GB MIG 4g.20gb (0),1,,13,cupy_copy__complex64_complex64
13591530712,16000,256601,103,1,1,128,1,1,16,0.000,0.000,,,,,NVIDIA A100-SXM4-40GB MIG 4g.20gb (0),1,,13,cupy_copy__complex64_complex64
13592054514,5696,256608,35,1,1,128,1,1,16,0.000,0.000,,,,,NVIDIA A100-SXM4-40GB MIG 4g.20gb (0),1,,13,cupy_copy__complex64_complex64
13592400494,4128,256615,1,1,1,1,1,1,18,0.000,0.000,,,,,NVIDIA A100-SXM4-40GB MIG 4g.20gb (0),1,,13,cupy_copy__float32_float32
13592804489,262525,256626,1,1,1,32,32,1,30,0.000,0.000,,,,,NVIDIA A100-SXM4-40GB MIG 4g.20gb (0),1,,13,"void convert_kernel<__half2, float2>(tensor_layout_any, T1 *, tensor_layout_any, const T2 *)"
13593099302,5984,256629,,,,,,,,,,0.094,15657.726,Pinned,Device,NVIDIA A100-SXM4-40GB MIG 4g.20gb (0),1,,13,[CUDA memcpy Host-to-Device]
13593395619,5504,256630,,,,,,,,,,1.547,280999.928,Device,,NVIDIA A100-SXM4-40GB MIG 4g.20gb (0),1,,13,[CUDA memset]
13594350936,6656,256635,,,,,,,,,,0.031,4701.911,Pinned,Device,NVIDIA A100-SXM4-40GB MIG 4g.20gb (0),1,,13,[CUDA memcpy Host-to-Device]
13594360216,10944,256636,,,,,,,,,,0.197,17964.859,Pinned,Device,NVIDIA A100-SXM4-40GB MIG 4g.20gb (0),1,,13,[CUDA memcpy Host-to-Device]
13594745427,29568,256637,273,1,1,8,4,1,39,0.002,0.000,,,,,NVIDIA A100-SXM4-40GB MIG 4g.20gb (0),1,,13,"void channel_eq::eqMmseCoefCompLowMimoKernel<float, float, float, (unsigned int)4, (unsigned int)1, (unsigned int)4>(const channel_eq::_puschRxChEqStatDescr *, channel_eq::_puschRxChEqCoefCompDynDescr)"
13595323885,20288,256638,273,1,1,12,11,1,51,0.002,0.000,,,,,NVIDIA A100-SXM4-40GB MIG 4g.20gb (0),1,,13,"void channel_eq::eqMmseSoftDemapKernel<float, __half, __half, float, (unsigned int)4, (unsigned short)16383>(channel_eq::_puschRxChEqStatDescr *, channel_eq::_puschRxChEqSoftDemapDynDescr)"
13595699177,694936,256639,1,1,1,32,32,1,30,0.000,0.000,,,,,NVIDIA A100-SXM4-40GB MIG 4g.20gb (0),1,,13,"void convert_kernel<float2, __half2>(tensor_layout_any, T1 *, tensor_layout_any, const T2 *)"
13596865115,26400,256651,2253,1,1,128,1,1,16,0.000,0.000,,,,,NVIDIA A100-SXM4-40GB MIG 4g.20gb (0),1,,13,cupy_copy__float16_float16
13597476437,12479,256660,282,1,1,128,1,1,16,0.000,0.000,,,,,NVIDIA A100-SXM4-40GB MIG 4g.20gb (0),1,,13,cupy_copy__complex64_complex64
13598093102,10880,256669,26,1,1,128,1,1,16,0.000,0.000,,,,,NVIDIA A100-SXM4-40GB MIG 4g.20gb (0),1,,13,cupy_copy__float32_float32
13598633544,8383,256678,103,1,1,128,1,1,16,0.000,0.000,,,,,NVIDIA A100-SXM4-40GB MIG 4g.20gb (0),1,,13,cupy_copy__complex64_complex64
13599030243,23008,256688,1434,1,1,128,1,1,16,0.000,0.000,,,,,NVIDIA A100-SXM4-40GB MIG 4g.20gb (0),1,,13,cupy_copy__complex64_complex64
13599474174,269661,256693,1,1,1,32,32,1,30,0.000,0.000,,,,,NVIDIA A100-SXM4-40GB MIG 4g.20gb (0),1,,13,"void convert_kernel<__half2, float2>(tensor_layout_any, T1 *, tensor_layout_any, const T2 *)"
13600182486,6304,256696,,,,,,,,,,0.094,14862.903,Pinned,Device,NVIDIA A100-SXM4-40GB MIG 4g.20gb (0),1,,13,[CUDA memcpy Host-to-Device]
13600768495,620665,256697,,,,,,,,,,456.561,735520.480,Device,,NVIDIA A100-SXM4-40GB MIG 4g.20gb (0),1,,13,[CUDA memset]
13601396840,59424,256702,,,,,,,,,,1.235,20781.638,Pinned,Device,NVIDIA A100-SXM4-40GB MIG 4g.20gb (0),1,,13,[CUDA memcpy Host-to-Device]
13601458920,9664,256703,,,,,,,,,,0.197,20344.209,Pinned,Device,NVIDIA A100-SXM4-40GB MIG 4g.20gb (0),1,,13,[CUDA memcpy Host-to-Device]
13602028097,26528,256704,69,4,1,48,1,1,76,0.002,0.000,,,,,NVIDIA A100-SXM4-40GB MIG 4g.20gb (0),1,,13,"void ch_est::windowedChEstPreNoDftSOfdmKernel<float, __half, float, (unsigned int)2, (unsigned int)1, (unsigned short)4>(ch_est::puschRxChEstStatDescr_t *, ch_est::puschRxChEstDynDescr_t *)"
13602690138,24543,256705,137,2,1,24,2,1,44,0.001,0.001,,,,,NVIDIA A100-SXM4-40GB MIG 4g.20gb (0),1,,13,"void ch_est::chEstFilterNoDftSOfdmDispatchKernel<float, __half, float, (unsigned int)2>(ch_est::puschRxChEstStatDescr_t *, ch_est::puschRxChEstDynDescr_t *)"
13603298099,37503,256706,137,2,1,24,2,1,44,0.001,0.001,,,,,NVIDIA A100-SXM4-40GB MIG 4g.20gb (0),1,,13,"void ch_est::chEstFilterNoDftSOfdmDispatchKernel<float, __half, float, (unsigned int)2>(ch_est::puschRxChEstStatDescr_t *, ch_est::puschRxChEstDynDescr_t *)"
13603914572,11072,256717,103,1,1,128,1,1,16,0.000,0.000,,,,,NVIDIA A100-SXM4-40GB MIG 4g.20gb (0),1,,13,cupy_copy__complex64_complex64
13604452774,20160,256727,1434,1,1,128,1,1,16,0.000,0.000,,,,,NVIDIA A100-SXM4-40GB MIG 4g.20gb (0),1,,13,cupy_copy__complex64_complex64
13604830978,5760,256734,103,1,1,128,1,1,16,0.000,0.000,,,,,NVIDIA A100-SXM4-40GB MIG 4g.20gb (0),1,,13,cupy_copy__complex64_complex64
13605207485,254173,256741,1,1,1,32,32,1,30,0.000,0.000,,,,,NVIDIA A100-SXM4-40GB MIG 4g.20gb (0),1,,13,"void convert_kernel<__half2, float2>(tensor_layout_any, T1 *, tensor_layout_any, const T2 *)"
13605492090,6016,256744,,,,,,,,,,0.094,15574.430,Pinned,Device,NVIDIA A100-SXM4-40GB MIG 4g.20gb (0),1,,13,[CUDA memcpy Host-to-Device]
13605810359,63839,256745,,,,,,,,,,35.810,560926.587,Device,,NVIDIA A100-SXM4-40GB MIG 4g.20gb (0),1,,13,[CUDA memset]
13605876694,6080,256747,,,,,,,,,,0.000,13.158,Pinned,Device,NVIDIA A100-SXM4-40GB MIG 4g.20gb (0),1,,13,[CUDA memcpy Host-to-Device]
13605889142,10848,256748,,,,,,,,,,0.197,18123.719,Pinned,Device,NVIDIA A100-SXM4-40GB MIG 4g.20gb (0),1,,13,[CUDA memcpy Host-to-Device]
13606475151,41280,256749,273,1,1,48,1,1,40,0.000,0.001,,,,,NVIDIA A100-SXM4-40GB MIG 4g.20gb (0),1,,13,"void pusch_noise_intf_est::noiseIntfEstNoDftSOfdmKernel<float, __half, float, float, (unsigned int)2, (unsigned int)1, (unsigned char)4, (unsigned char)4>(pusch_noise_intf_est::puschRxNoiseIntfEstDynDescr)"
13607091208,26304,256760,35,1,1,128,1,1,16,0.000,0.000,,,,,NVIDIA A100-SXM4-40GB MIG 4g.20gb (0),1,,13,cupy_copy__complex64_complex64
13607674049,6816,256769,1,1,1,1,1,1,18,0.000,0.000,,,,,NVIDIA A100-SXM4-40GB MIG 4g.20gb (0),1,,13,cupy_copy__float32_float32
13607687041,4480,256775,,,,,,,,,,0.000,0.893,Device,Pageable,NVIDIA A100-SXM4-40GB MIG 4g.20gb (0),1,,7,[CUDA memcpy Device-to-Host]
13608338618,25760,256786,1434,1,1,128,1,1,16,0.000,0.000,,,,,NVIDIA A100-SXM4-40GB MIG 4g.20gb (0),1,,13,cupy_copy__complex64_complex64
13608973587,14944,256793,103,1,1,128,1,1,16,0.000,0.000,,,,,NVIDIA A100-SXM4-40GB MIG 4g.20gb (0),1,,13,cupy_copy__complex64_complex64
13609491373,7616,256800,35,1,1,128,1,1,16,0.000,0.000,,,,,NVIDIA A100-SXM4-40GB MIG 4g.20gb (0),1,,13,cupy_copy__complex64_complex64
13609845225,3744,256807,1,1,1,1,1,1,18,0.000,0.000,,,,,NVIDIA A100-SXM4-40GB MIG 4g.20gb (0),1,,13,cupy_copy__float32_float32
13610227525,251485,256818,1,1,1,32,32,1,30,0.000,0.000,,,,,NVIDIA A100-SXM4-40GB MIG 4g.20gb (0),1,,13,"void convert_kernel<__half2, float2>(tensor_layout_any, T1 *, tensor_layout_any, const T2 *)"
13610509505,6560,256821,,,,,,,,,,0.094,14282.925,Pinned,Device,NVIDIA A100-SXM4-40GB MIG 4g.20gb (0),1,,13,[CUDA memcpy Host-to-Device]
13610934845,14560,256822,,,,,,,,,,1.547,106223.683,Device,,NVIDIA A100-SXM4-40GB MIG 4g.20gb (0),1,,13,[CUDA memset]
13610955452,3648,256827,,,,,,,,,,0.031,8578.922,Pinned,Device,NVIDIA A100-SXM4-40GB MIG 4g.20gb (0),1,,13,[CUDA memcpy Host-to-Device]
13610965532,13248,256828,,,,,,,,,,0.197,14840.562,Pinned,Device,NVIDIA A100-SXM4-40GB MIG 4g.20gb (0),1,,13,[CUDA memcpy Host-to-Device]
13611566774,35647,256829,273,1,1,8,4,1,39,0.002,0.000,,,,,NVIDIA A100-SXM4-40GB MIG 4g.20gb (0),1,,13,"void channel_eq::eqMmseCoefCompLowMimoKernel<float, float, float, (unsigned int)4, (unsigned int)1, (unsigned int)4>(const channel_eq::_puschRxChEqStatDescr *, channel_eq::_puschRxChEqCoefCompDynDescr)"
13612218990,38752,256830,273,1,1,12,11,1,51,0.002,0.000,,,,,NVIDIA A100-SXM4-40GB MIG 4g.20gb (0),1,,13,"void channel_eq::eqMmseSoftDemapKernel<float, __half, __half, float, (unsigned int)4, (unsigned short)16383>(channel_eq::_puschRxChEqStatDescr *, channel_eq::_puschRxChEqSoftDemapDynDescr)"
13612873895,699000,256831,1,1,1,32,32,1,30,0.000,0.000,,,,,NVIDIA A100-SXM4-40GB MIG 4g.20gb (0),1,,13,"void convert_kernel<float2, __half2>(tensor_layout_any, T1 *, tensor_layout_any, const T2 *)"
13614211096,31295,256843,2253,1,1,128,1,1,16,0.000,0.000,,,,,NVIDIA A100-SXM4-40GB MIG 4g.20gb (0),1,,13,cupy_copy__float16_float16
13614915600,5696,256852,282,1,1,128,1,1,16,0.000,0.000,,,,,NVIDIA A100-SXM4-40GB MIG 4g.20gb (0),1,,13,cupy_copy__complex64_complex64
13615534921,7968,256861,26,1,1,128,1,1,16,0.000,0.000,,,,,NVIDIA A100-SXM4-40GB MIG 4g.20gb (0),1,,13,cupy_copy__float32_float32
13615855909,8032,256870,103,1,1,128,1,1,16,0.000,0.000,,,,,NVIDIA A100-SXM4-40GB MIG 4g.20gb (0),1,,13,cupy_copy__complex64_complex64
13616279200,33312,256880,1434,1,1,128,1,1,16,0.000,0.000,,,,,NVIDIA A100-SXM4-40GB MIG 4g.20gb (0),1,,13,cupy_copy__complex64_complex64
13616969241,254461,256885,1,1,1,32,32,1,30,0.000,0.000,,,,,NVIDIA A100-SXM4-40GB MIG 4g.20gb (0),1,,13,"void convert_kernel<__half2, float2>(tensor_layout_any, T1 *, tensor_layout_any, const T2 *)"
13617254581,5472,256888,,,,,,,,,,0.094,17122.757,Pinned,Device,NVIDIA A100-SXM4-40GB MIG 4g.20gb (0),1,,13,[CUDA memcpy Host-to-Device]
13617659697,632217,256889,,,,,,,,,,456.561,721823.637,Device,,NVIDIA A100-SXM4-40GB MIG 4g.20gb (0),1,,13,[CUDA memset]
13618299050,60895,256894,,,,,,,,,,1.235,20279.015,Pinned,Device,NVIDIA A100-SXM4-40GB MIG 4g.20gb (0),1,,13,[CUDA memcpy Host-to-Device]
13618362569,9792,256895,,,,,,,,,,0.197,20078.395,Pinned,Device,NVIDIA A100-SXM4-40GB MIG 4g.20gb (0),1,,13,[CUDA memcpy Host-to-Device]
13618952162,43232,256896,69,4,1,48,1,1,76,0.002,0.000,,,,,NVIDIA A100-SXM4-40GB MIG 4g.20gb (0),1,,13,"void ch_est::windowedChEstPreNoDftSOfdmKernel<float, __half, float, (unsigned int)2, (unsigned int)1, (unsigned short)4>(ch_est::puschRxChEstStatDescr_t *, ch_est::puschRxChEstDynDescr_t *)"
13619646234,16608,256897,137,2,1,24,2,1,44,0.001,0.001,,,,,NVIDIA A100-SXM4-40GB MIG 4g.20gb (0),1,,13,"void ch_est::chEstFilterNoDftSOfdmDispatchKernel<float, __half, float, (unsigned int)2>(ch_est::puschRxChEstStatDescr_t *, ch_est::puschRxChEstDynDescr_t *)"
13620323987,18144,256898,137,2,1,24,2,1,44,0.001,0.001,,,,,NVIDIA A100-SXM4-40GB MIG 4g.20gb (0),1,,13,"void ch_est::chEstFilterNoDftSOfdmDispatchKernel<float, __half, float, (unsigned int)2>(ch_est::puschRxChEstStatDescr_t *, ch_est::puschRxChEstDynDescr_t *)"
13620925516,12704,256909,103,1,1,128,1,1,16,0.000,0.000,,,,,NVIDIA A100-SXM4-40GB MIG 4g.20gb (0),1,,13,cupy_copy__complex64_complex64
13621445478,18816,256919,1434,1,1,128,1,1,16,0.000,0.000,,,,,NVIDIA A100-SXM4-40GB MIG 4g.20gb (0),1,,13,cupy_copy__complex64_complex64
13621803970,4864,256926,103,1,1,128,1,1,16,0.000,0.000,,,,,NVIDIA A100-SXM4-40GB MIG 4g.20gb (0),1,,13,cupy_copy__complex64_complex64
13622186174,256829,256933,1,1,1,32,32,1,30,0.000,0.000,,,,,NVIDIA A100-SXM4-40GB MIG 4g.20gb (0),1,,13,"void convert_kernel<__half2, float2>(tensor_layout_any, T1 *, tensor_layout_any, const T2 *)"
13622473818,5888,256936,,,,,,,,,,0.094,15912.954,Pinned,Device,NVIDIA A100-SXM4-40GB MIG 4g.20gb (0),1,,13,[CUDA memcpy Host-to-Device]
13622782135,61215,256937,,,,,,,,,,35.810,584955.043,Device,,NVIDIA A100-SXM4-40GB MIG 4g.20gb (0),1,,13,[CUDA memset]
13622845174,5536,256939,,,,,,,,,,0.000,14.451,Pinned,Device,NVIDIA A100-SXM4-40GB MIG 4g.20gb (0),1,,13,[CUDA memcpy Host-to-Device]
13622855862,11776,256940,,,,,,,,,,0.197,16695.558,Pinned,Device,NVIDIA A100-SXM4-40GB MIG 4g.20gb (0),1,,13,[CUDA memcpy Host-to-Device]
13623434256,34591,256941,273,1,1,48,1,1,40,0.000,0.001,,,,,NVIDIA A100-SXM4-40GB MIG 4g.20gb (0),1,,13,"void pusch_noise_intf_est::noiseIntfEstNoDftSOfdmKernel<float, __half, float, float, (unsigned int)2, (unsigned int)1, (unsigned char)4, (unsigned char)4>(pusch_noise_intf_est::puschRxNoiseIntfEstDynDescr)"
13624050473,26143,256952,35,1,1,128,1,1,16,0.000,0.000,,,,,NVIDIA A100-SXM4-40GB MIG 4g.20gb (0),1,,13,cupy_copy__complex64_complex64
13624636002,4448,256961,1,1,1,1,1,1,18,0.000,0.000,,,,,NVIDIA A100-SXM4-40GB MIG 4g.20gb (0),1,,13,cupy_copy__float32_float32
13624643010,1600,256967,,,,,,,,,,0.000,2.500,Device,Pageable,NVIDIA A100-SXM4-40GB MIG 4g.20gb (0),1,,7,[CUDA memcpy Device-to-Host]
13625268251,27616,256978,1434,1,1,128,1,1,16,0.000,0.000,,,,,NVIDIA A100-SXM4-40GB MIG 4g.20gb (0),1,,13,cupy_copy__complex64_complex64
13625868308,17760,256985,103,1,1,128,1,1,16,0.000,0.000,,,,,NVIDIA A100-SXM4-40GB MIG 4g.20gb (0),1,,13,cupy_copy__complex64_complex64
13626475277,5088,256992,35,1,1,128,1,1,16,0.000,0.000,,,,,NVIDIA A100-SXM4-40GB MIG 4g.20gb (0),1,,13,cupy_copy__complex64_complex64
13626844809,6048,256999,1,1,1,1,1,1,18,0.000,0.000,,,,,NVIDIA A100-SXM4-40GB MIG 4g.20gb (0),1,,13,cupy_copy__float32_float32
13627235877,266973,257010,1,1,1,32,32,1,30,0.000,0.000,,,,,NVIDIA A100-SXM4-40GB MIG 4g.20gb (0),1,,13,"void convert_kernel<__half2, float2>(tensor_layout_any, T1 *, tensor_layout_any, const T2 *)"
13627535457,9696,257013,,,,,,,,,,0.094,9663.337,Pinned,Device,NVIDIA A100-SXM4-40GB MIG 4g.20gb (0),1,,13,[CUDA memcpy Host-to-Device]
13627978076,4832,257014,,,,,,,,,,1.547,320078.477,Device,,NVIDIA A100-SXM4-40GB MIG 4g.20gb (0),1,,13,[CUDA memset]
13627990684,6528,257019,,,,,,,,,,0.031,4794.109,Pinned,Device,NVIDIA A100-SXM4-40GB MIG 4g.20gb (0),1,,13,[CUDA memcpy Host-to-Device]
13628001468,14080,257020,,,,,,,,,,0.197,13963.493,Pinned,Device,NVIDIA A100-SXM4-40GB MIG 4g.20gb (0),1,,13,[CUDA memcpy Host-to-Device]
13628620469,30592,257021,273,1,1,8,4,1,39,0.002,0.000,,,,,NVIDIA A100-SXM4-40GB MIG 4g.20gb (0),1,,13,"void channel_eq::eqMmseCoefCompLowMimoKernel<float, float, float, (unsigned int)4, (unsigned int)1, (unsigned int)4>(const channel_eq::_puschRxChEqStatDescr *, channel_eq::_puschRxChEqCoefCompDynDescr)"
13629299597,29184,257022,273,1,1,12,11,1,51,0.002,0.000,,,,,NVIDIA A100-SXM4-40GB MIG 4g.20gb (0),1,,13,"void channel_eq::eqMmseSoftDemapKernel<float, __half, __half, float, (unsigned int)4, (unsigned short)16383>(channel_eq::_puschRxChEqStatDescr *, channel_eq::_puschRxChEqSoftDemapDynDescr)"
13629998118,679032,257023,1,1,1,32,32,1,30,0.000,0.000,,,,,NVIDIA A100-SXM4-40GB MIG 4g.20gb (0),1,,13,"void convert_kernel<float2, __half2>(tensor_layout_any, T1 *, tensor_layout_any, const T2 *)"
13631331894,20384,257035,2253,1,1,128,1,1,16,0.000,0.000,,,,,NVIDIA A100-SXM4-40GB MIG 4g.20gb (0),1,,13,cupy_copy__float16_float16
13631998703,14464,257044,282,1,1,128,1,1,16,0.000,0.000,,,,,NVIDIA A100-SXM4-40GB MIG 4g.20gb (0),1,,13,cupy_copy__complex64_complex64
13632647528,4384,257053,26,1,1,128,1,1,16,0.000,0.000,,,,,NVIDIA A100-SXM4-40GB MIG 4g.20gb (0),1,,13,cupy_copy__float32_float32
13633232801,8928,257062,103,1,1,128,1,1,16,0.000,0.000,,,,,NVIDIA A100-SXM4-40GB MIG 4g.20gb (0),1,,13,cupy_copy__complex64_complex64
13633650908,20480,257072,1434,1,1,128,1,1,16,0.000,0.000,,,,,NVIDIA A100-SXM4-40GB MIG 4g.20gb (0),1,,13,cupy_copy__complex64_complex64
13634112279,252573,257077,1,1,1,32,32,1,30,0.000,0.000,,,,,NVIDIA A100-SXM4-40GB MIG 4g.20gb (0),1,,13,"void convert_kernel<__half2, float2>(tensor_layout_any, T1 *, tensor_layout_any, const T2 *)"
13634395668,5632,257080,,,,,,,,,,0.094,16636.287,Pinned,Device,NVIDIA A100-SXM4-40GB MIG 4g.20gb (0),1,,13,[CUDA memcpy Host-to-Device]
13634774320,629273,257081,,,,,,,,,,456.561,725476.128,Device,,NVIDIA A100-SXM4-40GB MIG 4g.20gb (0),1,,13,[CUDA memset]
13635412680,63904,257086,,,,,,,,,,1.235,19324.404,Pinned,Device,NVIDIA A100-SXM4-40GB MIG 4g.20gb (0),1,,13,[CUDA memcpy Host-to-Device]
13635479112,10016,257087,,,,,,,,,,0.197,19629.343,Pinned,Device,NVIDIA A100-SXM4-40GB MIG 4g.20gb (0),1,,13,[CUDA memcpy Host-to-Device]
13636046145,28800,257088,69,4,1,48,1,1,76,0.002,0.000,,,,,NVIDIA A100-SXM4-40GB MIG 4g.20gb (0),1,,13,"void ch_est::windowedChEstPreNoDftSOfdmKernel<float, __half, float, (unsigned int)2, (unsigned int)1, (unsigned short)4>(ch_est::puschRxChEstStatDescr_t *, ch_est::puschRxChEstDynDescr_t *)"
13636680378,34976,257089,137,2,1,24,2,1,44,0.001,0.001,,,,,NVIDIA A100-SXM4-40GB MIG 4g.20gb (0),1,,13,"void ch_est::chEstFilterNoDftSOfdmDispatchKernel<float, __half, float, (unsigned int)2>(ch_est::puschRxChEstStatDescr_t *, ch_est::puschRxChEstDynDescr_t *)"
13637301235,34496,257090,137,2,1,24,2,1,44,0.001,0.001,,,,,NVIDIA A100-SXM4-40GB MIG 4g.20gb (0),1,,13,"void ch_est::chEstFilterNoDftSOfdmDispatchKernel<float, __half, float, (unsigned int)2>(ch_est::puschRxChEstStatDescr_t *, ch_est::puschRxChEstDynDescr_t *)"
13637895628,12768,257101,103,1,1,128,1,1,16,0.000,0.000,,,,,NVIDIA A100-SXM4-40GB MIG 4g.20gb (0),1,,13,cupy_copy__complex64_complex64
13638414887,19615,257111,1434,1,1,128,1,1,16,0.000,0.000,,,,,NVIDIA A100-SXM4-40GB MIG 4g.20gb (0),1,,13,cupy_copy__complex64_complex64
13638787842,4928,257118,103,1,1,128,1,1,16,0.000,0.000,,,,,NVIDIA A100-SXM4-40GB MIG 4g.20gb (0),1,,13,cupy_copy__complex64_complex64
13639192702,269853,257125,1,1,1,32,32,1,30,0.000,0.000,,,,,NVIDIA A100-SXM4-40GB MIG 4g.20gb (0),1,,13,"void convert_kernel<__half2, float2>(tensor_layout_any, T1 *, tensor_layout_any, const T2 *)"
13639493370,6272,257128,,,,,,,,,,0.094,14938.703,Pinned,Device,NVIDIA A100-SXM4-40GB MIG 4g.20gb (0),1,,13,[CUDA memcpy Host-to-Device]
13639813079,57631,257129,,,,,,,,,,35.810,621337.922,Device,,NVIDIA A100-SXM4-40GB MIG 4g.20gb (0),1,,13,[CUDA memset]
13639872374,6336,257131,,,,,,,,,,0.000,12.626,Pinned,Device,NVIDIA A100-SXM4-40GB MIG 4g.20gb (0),1,,13,[CUDA memcpy Host-to-Device]
13639885782,10208,257132,,,,,,,,,,0.197,19260.113,Pinned,Device,NVIDIA A100-SXM4-40GB MIG 4g.20gb (0),1,,13,[CUDA memcpy Host-to-Device]
13640460719,40832,257133,273,1,1,48,1,1,40,0.000,0.001,,,,,NVIDIA A100-SXM4-40GB MIG 4g.20gb (0),1,,13,"void pusch_noise_intf_est::noiseIntfEstNoDftSOfdmKernel<float, __half, float, float, (unsigned int)2, (unsigned int)1, (unsigned char)4, (unsigned char)4>(pusch_noise_intf_est::puschRxNoiseIntfEstDynDescr)"
13641094984,17344,257144,35,1,1,128,1,1,16,0.000,0.000,,,,,NVIDIA A100-SXM4-40GB MIG 4g.20gb (0),1,,13,cupy_copy__complex64_complex64
13641690178,6815,257153,1,1,1,1,1,1,18,0.000,0.000,,,,,NVIDIA A100-SXM4-40GB MIG 4g.20gb (0),1,,13,cupy_copy__float32_float32
13641704033,2240,257159,,,,,,,,,,0.000,1.786,Device,Pageable,NVIDIA A100-SXM4-40GB MIG 4g.20gb (0),1,,7,[CUDA memcpy Device-to-Host]
13642339354,26624,257170,1434,1,1,128,1,1,16,0.000,0.000,,,,,NVIDIA A100-SXM4-40GB MIG 4g.20gb (0),1,,13,cupy_copy__complex64_complex64
13642962899,13184,257177,103,1,1,128,1,1,16,0.000,0.000,,,,,NVIDIA A100-SXM4-40GB MIG 4g.20gb (0),1,,13,cupy_copy__complex64_complex64
13643605836,13696,257184,35,1,1,128,1,1,16,0.000,0.000,,,,,NVIDIA A100-SXM4-40GB MIG 4g.20gb (0),1,,13,cupy_copy__complex64_complex64
13644130982,4640,257191,1,1,1,1,1,1,18,0.000,0.000,,,,,NVIDIA A100-SXM4-40GB MIG 4g.20gb (0),1,,13,cupy_copy__float32_float32
13644526914,260413,257202,1,1,1,32,32,1,30,0.000,0.000,,,,,NVIDIA A100-SXM4-40GB MIG 4g.20gb (0),1,,13,"void convert_kernel<__half2, float2>(tensor_layout_any, T1 *, tensor_layout_any, const T2 *)"
13644826846,5824,257205,,,,,,,,,,0.094,16087.884,Pinned,Device,NVIDIA A100-SXM4-40GB MIG 4g.20gb (0),1,,13,[CUDA memcpy Host-to-Device]
13645178650,5280,257206,,,,,,,,,,1.547,292919.759,Device,,NVIDIA A100-SXM4-40GB MIG 4g.20gb (0),1,,13,[CUDA memset]
13645190426,7360,257211,,,,,,,,,,0.031,4252.156,Pinned,Device,NVIDIA A100-SXM4-40GB MIG 4g.20gb (0),1,,13,[CUDA memcpy Host-to-Device]
13645200218,10208,257212,,,,,,,,,,0.197,19260.113,Pinned,Device,NVIDIA A100-SXM4-40GB MIG 4g.20gb (0),1,,13,[CUDA memcpy Host-to-Device]
13645559446,29344,257213,273,1,1,8,4,1,39,0.002,0.000,,,,,NVIDIA A100-SXM4-40GB MIG 4g.20gb (0),1,,13,"void channel_eq::eqMmseCoefCompLowMimoKernel<float, float, float, (unsigned int)4, (unsigned int)1, (unsigned int)4>(const channel_eq::_puschRxChEqStatDescr *, channel_eq::_puschRxChEqCoefCompDynDescr)"
13646221678,32352,257214,273,1,1,12,11,1,51,0.002,0.000,,,,,NVIDIA A100-SXM4-40GB MIG 4g.20gb (0),1,,13,"void channel_eq::eqMmseSoftDemapKernel<float, __half, __half, float, (unsigned int)4, (unsigned short)16383>(channel_eq::_puschRxChEqStatDescr *, channel_eq::_puschRxChEqSoftDemapDynDescr)"
13646946054,669625,257215,1,1,1,32,32,1,30,0.000,0.000,,,,,NVIDIA A100-SXM4-40GB MIG 4g.20gb (0),1,,13,"void convert_kernel<float2, __half2>(tensor_layout_any, T1 *, tensor_layout_any, const T2 *)"
13647988570,17824,257227,2253,1,1,128,1,1,16,0.000,0.000,,,,,NVIDIA A100-SXM4-40GB MIG 4g.20gb (0),1,,13,cupy_copy__float16_float16
13648346358,14336,257236,282,1,1,128,1,1,16,0.000,0.000,,,,,NVIDIA A100-SXM4-40GB MIG 4g.20gb (0),1,,13,cupy_copy__complex64_complex64
13648965071,11200,257245,26,1,1,128,1,1,16,0.000,0.000,,,,,NVIDIA A100-SXM4-40GB MIG 4g.20gb (0),1,,13,cupy_copy__float32_float32
13649508905,8640,257254,103,1,1,128,1,1,16,0.000,0.000,,,,,NVIDIA A100-SXM4-40GB MIG 4g.20gb (0),1,,13,cupy_copy__complex64_complex64
13649911557,21600,257264,1434,1,1,128,1,1,16,0.000,0.000,,,,,NVIDIA A100-SXM4-40GB MIG 4g.20gb (0),1,,13,cupy_copy__complex64_complex64
13650361568,246397,257269,1,1,1,32,32,1,30,0.000,0.000,,,,,NVIDIA A100-SXM4-40GB MIG 4g.20gb (0),1,,13,"void convert_kernel<__half2, float2>(tensor_layout_any, T1 *, tensor_layout_any, const T2 *)"
13650638717,6048,257272,,,,,,,,,,0.094,15491.978,Pinned,Device,NVIDIA A100-SXM4-40GB MIG 4g.20gb (0),1,,13,[CUDA memcpy Host-to-Device]
13651001656,652697,257273,,,,,,,,,,456.561,699452.126,Device,,NVIDIA A100-SXM4-40GB MIG 4g.20gb (0),1,,13,[CUDA memset]
13651717488,52256,257278,,,,,,,,,,1.235,23631.888,Pinned,Device,NVIDIA A100-SXM4-40GB MIG 4g.20gb (0),1,,13,[CUDA memcpy Host-to-Device]
13651772272,9632,257279,,,,,,,,,,0.197,20411.843,Pinned,Device,NVIDIA A100-SXM4-40GB MIG 4g.20gb (0),1,,13,[CUDA memcpy Host-to-Device]
13652306986,24223,257280,69,4,1,48,1,1,76,0.002,0.000,,,,,NVIDIA A100-SXM4-40GB MIG 4g.20gb (0),1,,13,"void ch_est::windowedChEstPreNoDftSOfdmKernel<float, __half, float, (unsigned int)2, (unsigned int)1, (unsigned short)4>(ch_est::puschRxChEstStatDescr_t *, ch_est::puschRxChEstDynDescr_t *)"
13652916707,15904,257281,137,2,1,24,2,1,44,0.001,0.001,,,,,NVIDIA A100-SXM4-40GB MIG 4g.20gb (0),1,,13,"void ch_est::chEstFilterNoDftSOfdmDispatchKernel<float, __half, float, (unsigned int)2>(ch_est::puschRxChEstStatDescr_t *, ch_est::puschRxChEstDynDescr_t *)"
13653523964,32672,257282,137,2,1,24,2,1,44,0.001,0.001,,,,,NVIDIA A100-SXM4-40GB MIG 4g.20gb (0),1,,13,"void ch_est::chEstFilterNoDftSOfdmDispatchKernel<float, __half, float, (unsigned int)2>(ch_est::puschRxChEstStatDescr_t *, ch_est::puschRxChEstDynDescr_t *)"
13654141237,13440,257293,103,1,1,128,1,1,16,0.000,0.000,,,,,NVIDIA A100-SXM4-40GB MIG 4g.20gb (0),1,,13,cupy_copy__complex64_complex64
13654733358,20800,257303,1434,1,1,128,1,1,16,0.000,0.000,,,,,NVIDIA A100-SXM4-40GB MIG 4g.20gb (0),1,,13,cupy_copy__complex64_complex64
13655257416,5536,257310,103,1,1,128,1,1,16,0.000,0.000,,,,,NVIDIA A100-SXM4-40GB MIG 4g.20gb (0),1,,13,cupy_copy__complex64_complex64
13655624388,269629,257317,1,1,1,32,32,1,30,0.000,0.000,,,,,NVIDIA A100-SXM4-40GB MIG 4g.20gb (0),1,,13,"void convert_kernel<__half2, float2>(tensor_layout_any, T1 *, tensor_layout_any, const T2 *)"
13656595385,5696,257320,,,,,,,,,,0.094,16449.363,Pinned,Device,NVIDIA A100-SXM4-40GB MIG 4g.20gb (0),1,,13,[CUDA memcpy Host-to-Device]
13656896214,74655,257321,,,,,,,,,,35.810,479638.068,Device,,NVIDIA A100-SXM4-40GB MIG 4g.20gb (0),1,,13,[CUDA memset]
13656973589,6272,257323,,,,,,,,,,0.000,12.755,Pinned,Device,NVIDIA A100-SXM4-40GB MIG 4g.20gb (0),1,,13,[CUDA memcpy Host-to-Device]
13656986485,12928,257324,,,,,,,,,,0.197,15207.825,Pinned,Device,NVIDIA A100-SXM4-40GB MIG 4g.20gb (0),1,,13,[CUDA memcpy Host-to-Device]
13657352369,35839,257325,273,1,1,48,1,1,40,0.000,0.001,,,,,NVIDIA A100-SXM4-40GB MIG 4g.20gb (0),1,,13,"void pusch_noise_intf_est::noiseIntfEstNoDftSOfdmKernel<float, __half, float, float, (unsigned int)2, (unsigned int)1, (unsigned char)4, (unsigned char)4>(pusch_noise_intf_est::puschRxNoiseIntfEstDynDescr)"
13657972042,22400,257336,35,1,1,128,1,1,16,0.000,0.000,,,,,NVIDIA A100-SXM4-40GB MIG 4g.20gb (0),1,,13,cupy_copy__complex64_complex64
13658563811,3968,257345,1,1,1,1,1,1,18,0.000,0.000,,,,,NVIDIA A100-SXM4-40GB MIG 4g.20gb (0),1,,13,cupy_copy__float32_float32
13658573795,1952,257351,,,,,,,,,,0.000,2.049,Device,Pageable,NVIDIA A100-SXM4-40GB MIG 4g.20gb (0),1,,7,[CUDA memcpy Device-to-Host]
13659241179,28992,257362,1434,1,1,128,1,1,16,0.000,0.000,,,,,NVIDIA A100-SXM4-40GB MIG 4g.20gb (0),1,,13,cupy_copy__complex64_complex64
13659921236,6592,257369,103,1,1,128,1,1,16,0.000,0.000,,,,,NVIDIA A100-SXM4-40GB MIG 4g.20gb (0),1,,13,cupy_copy__complex64_complex64
13660545165,10848,257376,35,1,1,128,1,1,16,0.000,0.000,,,,,NVIDIA A100-SXM4-40GB MIG 4g.20gb (0),1,,13,cupy_copy__complex64_complex64
13661097031,4127,257383,1,1,1,1,1,1,18,0.000,0.000,,,,,NVIDIA A100-SXM4-40GB MIG 4g.20gb (0),1,,13,cupy_copy__float32_float32
13661462466,246366,257394,1,1,1,32,32,1,30,0.000,0.000,,,,,NVIDIA A100-SXM4-40GB MIG 4g.20gb (0),1,,13,"void convert_kernel<__half2, float2>(tensor_layout_any, T1 *, tensor_layout_any, const T2 *)"
13662684309,5664,257397,,,,,,,,,,0.094,16542.310,Pinned,Device,NVIDIA A100-SXM4-40GB MIG 4g.20gb (0),1,,13,[CUDA memcpy Host-to-Device]
13663266798,11424,257398,,,,,,,,,,1.547,135383.732,Device,,NVIDIA A100-SXM4-40GB MIG 4g.20gb (0),1,,13,[CUDA memset]
13663282030,7808,257403,,,,,,,,,,0.031,4008.173,Pinned,Device,NVIDIA A100-SXM4-40GB MIG 4g.20gb (0),1,,13,[CUDA memcpy Host-to-Device]
13663294670,16160,257404,,,,,,,,,,0.197,12166.300,Pinned,Device,NVIDIA A100-SXM4-40GB MIG 4g.20gb (0),1,,13,[CUDA memcpy Host-to-Device]
13663944838,22784,257405,273,1,1,8,4,1,39,0.002,0.000,,,,,NVIDIA A100-SXM4-40GB MIG 4g.20gb (0),1,,13,"void channel_eq::eqMmseCoefCompLowMimoKernel<float, float, float, (unsigned int)4, (unsigned int)1, (unsigned int)4>(const channel_eq::_puschRxChEqStatDescr *, channel_eq::_puschRxChEqCoefCompDynDescr)"
13664599615,23680,257406,273,1,1,12,11,1,51,0.002,0.000,,,,,NVIDIA A100-SXM4-40GB MIG 4g.20gb (0),1,,13,"void channel_eq::eqMmseSoftDemapKernel<float, __half, __half, float, (unsigned int)4, (unsigned short)16383>(channel_eq::_puschRxChEqStatDescr *, channel_eq::_puschRxChEqSoftDemapDynDescr)"
13665272343,689177,257407,1,1,1,32,32,1,30,0.000,0.000,,,,,NVIDIA A100-SXM4-40GB MIG 4g.20gb (0),1,,13,"void convert_kernel<float2, __half2>(tensor_layout_any, T1 *, tensor_layout_any, const T2 *)"
13666621704,17184,257419,2253,1,1,128,1,1,16,0.000,0.000,,,,,NVIDIA A100-SXM4-40GB MIG 4g.20gb (0),1,,13,cupy_copy__float16_float16
13667251809,19072,257428,282,1,1,128,1,1,16,0.000,0.000,,,,,NVIDIA A100-SXM4-40GB MIG 4g.20gb (0),1,,13,cupy_copy__complex64_complex64
13667820315,4192,257437,26,1,1,128,1,1,16,0.000,0.000,,,,,NVIDIA A100-SXM4-40GB MIG 4g.20gb (0),1,,13,cupy_copy__float32_float32
13668236854,6912,257446,103,1,1,128,1,1,16,0.000,0.000,,,,,NVIDIA A100-SXM4-40GB MIG 4g.20gb (0),1,,13,cupy_copy__complex64_complex64
13668629010,27839,257456,1434,1,1,128,1,1,16,0.000,0.000,,,,,NVIDIA A100-SXM4-40GB MIG 4g.20gb (0),1,,13,cupy_copy__complex64_complex64
13669267210,259581,257461,1,1,1,32,32,1,30,0.000,0.000,,,,,NVIDIA A100-SXM4-40GB MIG 4g.20gb (0),1,,13,"void convert_kernel<__half2, float2>(tensor_layout_any, T1 *, tensor_layout_any, const T2 *)"
13669557351,5440,257464,,,,,,,,,,0.094,17223.480,Pinned,Device,NVIDIA A100-SXM4-40GB MIG 4g.20gb (0),1,,13,[CUDA memcpy Host-to-Device]
13669868388,630552,257465,,,,,,,,,,456.561,723649.882,Device,,NVIDIA A100-SXM4-40GB MIG 4g.20gb (0),1,,13,[CUDA memset]
13670506012,65728,257470,,,,,,,,,,1.235,18788.438,Pinned,Device,NVIDIA A100-SXM4-40GB MIG 4g.20gb (0),1,,13,[CUDA memcpy Host-to-Device]
13670574236,11359,257471,,,,,,,,,,0.197,17308.385,Pinned,Device,NVIDIA A100-SXM4-40GB MIG 4g.20gb (0),1,,13,[CUDA memcpy Host-to-Device]
13671095094,28767,257472,69,4,1,48,1,1,76,0.002,0.000,,,,,NVIDIA A100-SXM4-40GB MIG 4g.20gb (0),1,,13,"void ch_est::windowedChEstPreNoDftSOfdmKernel<float, __half, float, (unsigned int)2, (unsigned int)1, (unsigned short)4>(ch_est::puschRxChEstStatDescr_t *, ch_est::puschRxChEstDynDescr_t *)"
13671707119,37535,257473,137,2,1,24,2,1,44,0.001,0.001,,,,,NVIDIA A100-SXM4-40GB MIG 4g.20gb (0),1,,13,"void ch_est::chEstFilterNoDftSOfdmDispatchKernel<float, __half, float, (unsigned int)2>(ch_est::puschRxChEstStatDescr_t *, ch_est::puschRxChEstDynDescr_t *)"
13672220329,19904,257474,137,2,1,24,2,1,44,0.001,0.001,,,,,NVIDIA A100-SXM4-40GB MIG 4g.20gb (0),1,,13,"void ch_est::chEstFilterNoDftSOfdmDispatchKernel<float, __half, float, (unsigned int)2>(ch_est::puschRxChEstStatDescr_t *, ch_est::puschRxChEstDynDescr_t *)"
13672530341,5312,257485,103,1,1,128,1,1,16,0.000,0.000,,,,,NVIDIA A100-SXM4-40GB MIG 4g.20gb (0),1,,13,cupy_copy__complex64_complex64
13672818946,20288,257495,1434,1,1,128,1,1,16,0.000,0.000,,,,,NVIDIA A100-SXM4-40GB MIG 4g.20gb (0),1,,13,cupy_copy__complex64_complex64
13673155934,5824,257502,103,1,1,128,1,1,16,0.000,0.000,,,,,NVIDIA A100-SXM4-40GB MIG 4g.20gb (0),1,,13,cupy_copy__complex64_complex64
13673473787,256733,257509,1,1,1,32,32,1,30,0.000,0.000,,,,,NVIDIA A100-SXM4-40GB MIG 4g.20gb (0),1,,13,"void convert_kernel<__half2, float2>(tensor_layout_any, T1 *, tensor_layout_any, const T2 *)"
13673761464,5888,257512,,,,,,,,,,0.094,15912.954,Pinned,Device,NVIDIA A100-SXM4-40GB MIG 4g.20gb (0),1,,13,[CUDA memcpy Host-to-Device]
13673994133,73695,257513,,,,,,,,,,35.810,485904.804,Device,,NVIDIA A100-SXM4-40GB MIG 4g.20gb (0),1,,13,[CUDA memset]
13674077172,5728,257515,,,,,,,,,,0.000,13.966,Pinned,Device,NVIDIA A100-SXM4-40GB MIG 4g.20gb (0),1,,13,[CUDA memcpy Host-to-Device]
13674085780,17024,257516,,,,,,,,,,0.197,11548.754,Pinned,Device,NVIDIA A100-SXM4-40GB MIG 4g.20gb (0),1,,13,[CUDA memcpy Host-to-Device]
13674491311,27904,257517,273,1,1,48,1,1,40,0.000,0.001,,,,,NVIDIA A100-SXM4-40GB MIG 4g.20gb (0),1,,13,"void pusch_noise_intf_est::noiseIntfEstNoDftSOfdmKernel<float, __half, float, float, (unsigned int)2, (unsigned int)1, (unsigned char)4, (unsigned char)4>(pusch_noise_intf_est::puschRxNoiseIntfEstDynDescr)"
13675085033,6240,257528,35,1,1,128,1,1,16,0.000,0.000,,,,,NVIDIA A100-SXM4-40GB MIG 4g.20gb (0),1,,13,cupy_copy__complex64_complex64
13675563651,3296,257537,1,1,1,1,1,1,18,0.000,0.000,,,,,NVIDIA A100-SXM4-40GB MIG 4g.20gb (0),1,,13,cupy_copy__float32_float32
13675576035,2464,257543,,,,,,,,,,0.000,1.623,Device,Pageable,NVIDIA A100-SXM4-40GB MIG 4g.20gb (0),1,,7,[CUDA memcpy Device-to-Host]
13676245724,23551,257554,1434,1,1,128,1,1,16,0.000,0.000,,,,,NVIDIA A100-SXM4-40GB MIG 4g.20gb (0),1,,13,cupy_copy__complex64_complex64
13676591448,4928,257561,103,1,1,128,1,1,16,0.000,0.000,,,,,NVIDIA A100-SXM4-40GB MIG 4g.20gb (0),1,,13,cupy_copy__complex64_complex64
13676951348,7392,257568,35,1,1,128,1,1,16,0.000,0.000,,,,,NVIDIA A100-SXM4-40GB MIG 4g.20gb (0),1,,13,cupy_copy__complex64_complex64
13677336399,3520,257575,1,1,1,1,1,1,18,0.000,0.000,,,,,NVIDIA A100-SXM4-40GB MIG 4g.20gb (0),1,,13,cupy_copy__float32_float32
13677914761,261725,257586,1,1,1,32,32,1,30,0.000,0.000,,,,,NVIDIA A100-SXM4-40GB MIG 4g.20gb (0),1,,13,"void convert_kernel<__half2, float2>(tensor_layout_any, T1 *, tensor_layout_any, const T2 *)"
13678206661,5920,257589,,,,,,,,,,0.094,15826.941,Pinned,Device,NVIDIA A100-SXM4-40GB MIG 4g.20gb (0),1,,13,[CUDA memcpy Host-to-Device]
13678727552,5311,257590,,,,,,,,,,1.547,291210.740,Device,,NVIDIA A100-SXM4-40GB MIG 4g.20gb (0),1,,13,[CUDA memset]
13678743071,4192,257595,,,,,,,,,,0.031,7465.630,Pinned,Device,NVIDIA A100-SXM4-40GB MIG 4g.20gb (0),1,,13,[CUDA memcpy Host-to-Device]
13678750463,17600,257596,,,,,,,,,,0.197,11170.873,Pinned,Device,NVIDIA A100-SXM4-40GB MIG 4g.20gb (0),1,,13,[CUDA memcpy Host-to-Device]
13679416888,28895,257597,273,1,1,8,4,1,39,0.002,0.000,,,,,NVIDIA A100-SXM4-40GB MIG 4g.20gb (0),1,,13,"void channel_eq::eqMmseCoefCompLowMimoKernel<float, float, float, (unsigned int)4, (unsigned int)1, (unsigned int)4>(const channel_eq::_puschRxChEqStatDescr *, channel_eq::_puschRxChEqCoefCompDynDescr)"
13680129840,15104,257598,273,1,1,12,11,1,51,0.002,0.000,,,,,NVIDIA A100-SXM4-40GB MIG 4g.20gb (0),1,,13,"void channel_eq::eqMmseSoftDemapKernel<float, __half, __half, float, (unsigned int)4, (unsigned short)16383>(channel_eq::_puschRxChEqStatDescr *, channel_eq::_puschRxChEqSoftDemapDynDescr)"
13680805448,701944,257599,1,1,1,32,32,1,30,0.000,0.000,,,,,NVIDIA A100-SXM4-40GB MIG 4g.20gb (0),1,,13,"void convert_kernel<float2, __half2>(tensor_layout_any, T1 *, tensor_layout_any, const T2 *)"
13682081818,12864,257611,2253,1,1,128,1,1,16,0.000,0.000,,,,,NVIDIA A100-SXM4-40GB MIG 4g.20gb (0),1,,13,cupy_copy__float16_float16
13682740946,5184,257620,282,1,1,128,1,1,16,0.000,0.000,,,,,NVIDIA A100-SXM4-40GB MIG 4g.20gb (0),1,,13,cupy_copy__complex64_complex64
13683407147,3712,257629,26,1,1,128,1,1,16,0.000,0.000,,,,,NVIDIA A100-SXM4-40GB MIG 4g.20gb (0),1,,13,cupy_copy__float32_float32
13683956293,9375,257638,103,1,1,128,1,1,16,0.000,0.000,,,,,NVIDIA A100-SXM4-40GB MIG 4g.20gb (0),1,,13,cupy_copy__complex64_complex64
13684288865,21056,257648,1434,1,1,128,1,1,16,0.000,0.000,,,,,NVIDIA A100-SXM4-40GB MIG 4g.20gb (0),1,,13,cupy_copy__complex64_complex64
13684681596,257053,257653,1,1,1,32,32,1,30,0.000,0.000,,,,,NVIDIA A100-SXM4-40GB MIG 4g.20gb (0),1,,13,"void convert_kernel<__half2, float2>(tensor_layout_any, T1 *, tensor_layout_any, const T2 *)"
13684969433,5568,257656,,,,,,,,,,0.094,16827.521,Pinned,Device,NVIDIA A100-SXM4-40GB MIG 4g.20gb (0),1,,13,[CUDA memcpy Host-to-Device]
13685254486,740088,257657,,,,,,,,,,456.561,616814.505,Device,,NVIDIA A100-SXM4-40GB MIG 4g.20gb (0),1,,13,[CUDA memset]
13686404681,52063,257662,,,,,,,,,,1.235,23719.569,Pinned,Device,NVIDIA A100-SXM4-40GB MIG 4g.20gb (0),1,,13,[CUDA memcpy Host-to-Device]
13686461224,10912,257663,,,,,,,,,,0.197,18017.550,Pinned,Device,NVIDIA A100-SXM4-40GB MIG 4g.20gb (0),1,,13,[CUDA memcpy Host-to-Device]
13686952067,30463,257664,69,4,1,48,1,1,76,0.002,0.000,,,,,NVIDIA A100-SXM4-40GB MIG 4g.20gb (0),1,,13,"void ch_est::windowedChEstPreNoDftSOfdmKernel<float, __half, float, (unsigned int)2, (unsigned int)1, (unsigned short)4>(ch_est::puschRxChEstStatDescr_t *, ch_est::puschRxChEstDynDescr_t *)"
13687549212,30272,257665,137,2,1,24,2,1,44,0.001,0.001,,,,,NVIDIA A100-SXM4-40GB MIG 4g.20gb (0),1,,13,"void ch_est::chEstFilterNoDftSOfdmDispatchKernel<float, __half, float, (unsigned int)2>(ch_est::puschRxChEstStatDescr_t *, ch_est::puschRxChEstDynDescr_t *)"
13688134869,38688,257666,137,2,1,24,2,1,44,0.001,0.001,,,,,NVIDIA A100-SXM4-40GB MIG 4g.20gb (0),1,,13,"void ch_est::chEstFilterNoDftSOfdmDispatchKernel<float, __half, float, (unsigned int)2>(ch_est::puschRxChEstStatDescr_t *, ch_est::puschRxChEstDynDescr_t *)"
13688756238,13056,257677,103,1,1,128,1,1,16,0.000,0.000,,,,,NVIDIA A100-SXM4-40GB MIG 4g.20gb (0),1,,13,cupy_copy__complex64_complex64
13689093131,19775,257687,1434,1,1,128,1,1,16,0.000,0.000,,,,,NVIDIA A100-SXM4-40GB MIG 4g.20gb (0),1,,13,cupy_copy__complex64_complex64
13689371431,5472,257694,103,1,1,128,1,1,16,0.000,0.000,,,,,NVIDIA A100-SXM4-40GB MIG 4g.20gb (0),1,,13,cupy_copy__complex64_complex64
13689855682,248061,257701,1,1,1,32,32,1,30,0.000,0.000,,,,,NVIDIA A100-SXM4-40GB MIG 4g.20gb (0),1,,13,"void convert_kernel<__half2, float2>(tensor_layout_any, T1 *, tensor_layout_any, const T2 *)"
13690137343,14592,257704,,,,,,,,,,0.094,6420.987,Pinned,Device,NVIDIA A100-SXM4-40GB MIG 4g.20gb (0),1,,13,[CUDA memcpy Host-to-Device]
13690520602,63456,257705,,,,,,,,,,35.810,564292.719,Device,,NVIDIA A100-SXM4-40GB MIG 4g.20gb (0),1,,13,[CUDA memset]
13690589018,3936,257707,,,,,,,,,,0.000,20.325,Pinned,Device,NVIDIA A100-SXM4-40GB MIG 4g.20gb (0),1,,13,[CUDA memcpy Host-to-Device]
13690595834,13087,257708,,,,,,,,,,0.197,15023.014,Pinned,Device,NVIDIA A100-SXM4-40GB MIG 4g.20gb (0),1,,13,[CUDA memcpy Host-to-Device]
13691268818,40128,257709,273,1,1,48,1,1,40,0.000,0.001,,,,,NVIDIA A100-SXM4-40GB MIG 4g.20gb (0),1,,13,"void pusch_noise_intf_est::noiseIntfEstNoDftSOfdmKernel<float, __half, float, float, (unsigned int)2, (unsigned int)1, (unsigned char)4, (unsigned char)4>(pusch_noise_intf_est::puschRxNoiseIntfEstDynDescr)"
13691871435,5504,257720,35,1,1,128,1,1,16,0.000,0.000,,,,,NVIDIA A100-SXM4-40GB MIG 4g.20gb (0),1,,13,cupy_copy__complex64_complex64
13692243111,8512,257729,1,1,1,1,1,1,18,0.000,0.000,,,,,NVIDIA A100-SXM4-40GB MIG 4g.20gb (0),1,,13,cupy_copy__float32_float32
13692261159,5120,257735,,,,,,,,,,0.000,0.781,Device,Pageable,NVIDIA A100-SXM4-40GB MIG 4g.20gb (0),1,,7,[CUDA memcpy Device-to-Host]
13692669186,20224,257746,1434,1,1,128,1,1,16,0.000,0.000,,,,,NVIDIA A100-SXM4-40GB MIG 4g.20gb (0),1,,13,cupy_copy__complex64_complex64
13693384602,4192,257753,103,1,1,128,1,1,16,0.000,0.000,,,,,NVIDIA A100-SXM4-40GB MIG 4g.20gb (0),1,,13,cupy_copy__complex64_complex64
13693929876,5600,257760,35,1,1,128,1,1,16,0.000,0.000,,,,,NVIDIA A100-SXM4-40GB MIG 4g.20gb (0),1,,13,cupy_copy__complex64_complex64
13694342095,4064,257767,1,1,1,1,1,1,18,0.000,0.000,,,,,NVIDIA A100-SXM4-40GB MIG 4g.20gb (0),1,,13,cupy_copy__float32_float32
13694764395,260093,257778,1,1,1,32,32,1,30,0.000,0.000,,,,,NVIDIA A100-SXM4-40GB MIG 4g.20gb (0),1,,13,"void convert_kernel<__half2, float2>(tensor_layout_any, T1 *, tensor_layout_any, const T2 *)"
13695055335,5472,257781,,,,,,,,,,0.094,17122.757,Pinned,Device,NVIDIA A100-SXM4-40GB MIG 4g.20gb (0),1,,13,[CUDA memcpy Host-to-Device]
13695399491,10496,257782,,,,,,,,,,1.547,147353.055,Device,,NVIDIA A100-SXM4-40GB MIG 4g.20gb (0),1,,13,[CUDA memset]
13695416899,7168,257787,,,,,,,,,,0.031,4366.042,Pinned,Device,NVIDIA A100-SXM4-40GB MIG 4g.20gb (0),1,,13,[CUDA memcpy Host-to-Device]
13695430211,15296,257788,,,,,,,,,,0.197,12853.445,Pinned,Device,NVIDIA A100-SXM4-40GB MIG 4g.20gb (0),1,,13,[CUDA memcpy Host-to-Device]
13696040252,33632,257789,273,1,1,8,4,1,39,0.002,0.000,,,,,NVIDIA A100-SXM4-40GB MIG 4g.20gb (0),1,,13,"void channel_eq::eqMmseCoefCompLowMimoKernel<float, float, float, (unsigned int)4, (unsigned int)1, (unsigned int)4>(const channel_eq::_puschRxChEqStatDescr *, channel_eq::_puschRxChEqCoefCompDynDescr)"
13696680501,41087,257790,273,1,1,12,11,1,51,0.002,0.000,,,,,NVIDIA A100-SXM4-40GB MIG 4g.20gb (0),1,,13,"void channel_eq::eqMmseSoftDemapKernel<float, __half, __half, float, (unsigned int)4, (unsigned short)16383>(channel_eq::_puschRxChEqStatDescr *, channel_eq::_puschRxChEqSoftDemapDynDescr)"
13697331950,685176,257791,1,1,1,32,32,1,30,0.000,0.000,,,,,NVIDIA A100-SXM4-40GB MIG 4g.20gb (0),1,,13,"void convert_kernel<float2, __half2>(tensor_layout_any, T1 *, tensor_layout_any, const T2 *)"
13698614943,18976,257803,2253,1,1,128,1,1,16,0.000,0.000,,,,,NVIDIA A100-SXM4-40GB MIG 4g.20gb (0),1,,13,cupy_copy__float16_float16
13699192953,19583,257812,282,1,1,128,1,1,16,0.000,0.000,,,,,NVIDIA A100-SXM4-40GB MIG 4g.20gb (0),1,,13,cupy_copy__complex64_complex64
13699448726,4640,257821,26,1,1,128,1,1,16,0.000,0.000,,,,,NVIDIA A100-SXM4-40GB MIG 4g.20gb (0),1,,13,cupy_copy__float32_float32
13699798546,10048,257830,103,1,1,128,1,1,16,0.000,0.000,,,,,NVIDIA A100-SXM4-40GB MIG 4g.20gb (0),1,,13,cupy_copy__complex64_complex64
13700151278,24127,257840,1434,1,1,128,1,1,16,0.000,0.000,,,,,NVIDIA A100-SXM4-40GB MIG 4g.20gb (0),1,,13,cupy_copy__complex64_complex64
13700719111,259421,257845,1,1,1,32,32,1,30,0.000,0.000,,,,,NVIDIA A100-SXM4-40GB MIG 4g.20gb (0),1,,13,"void convert_kernel<__half2, float2>(tensor_layout_any, T1 *, tensor_layout_any, const T2 *)"
13701010148,9568,257848,,,,,,,,,,0.094,9792.637,Pinned,Device,NVIDIA A100-SXM4-40GB MIG 4g.20gb (0),1,,13,[CUDA memcpy Host-to-Device]
13701371936,650329,257849,,,,,,,,,,456.561,701734.933,Device,,NVIDIA A100-SXM4-40GB MIG 4g.20gb (0),1,,13,[CUDA memset]
13702025785,64063,257854,,,,,,,,,,1.235,19276.241,Pinned,Device,NVIDIA A100-SXM4-40GB MIG 4g.20gb (0),1,,13,[CUDA memcpy Host-to-Device]
13702092312,9920,257855,,,,,,,,,,0.197,19819.266,Pinned,Device,NVIDIA A100-SXM4-40GB MIG 4g.20gb (0),1,,13,[CUDA memcpy Host-to-Device]
13702602322,16096,257856,69,4,1,48,1,1,76,0.002,0.000,,,,,NVIDIA A100-SXM4-40GB MIG 4g.20gb (0),1,,13,"void ch_est::windowedChEstPreNoDftSOfdmKernel<float, __half, float, (unsigned int)2, (unsigned int)1, (unsigned short)4>(ch_est::puschRxChEstStatDescr_t *, ch_est::puschRxChEstDynDescr_t *)"
13702946190,35040,257857,137,2,1,24,2,1,44,0.001,0.001,,,,,NVIDIA A100-SXM4-40GB MIG 4g.20gb (0),1,,13,"void ch_est::chEstFilterNoDftSOfdmDispatchKernel<float, __half, float, (unsigned int)2>(ch_est::puschRxChEstStatDescr_t *, ch_est::puschRxChEstDynDescr_t *)"
13703527208,38239,257858,137,2,1,24,2,1,44,0.001,0.001,,,,,NVIDIA A100-SXM4-40GB MIG 4g.20gb (0),1,,13,"void ch_est::chEstFilterNoDftSOfdmDispatchKernel<float, __half, float, (unsigned int)2>(ch_est::puschRxChEstStatDescr_t *, ch_est::puschRxChEstDynDescr_t *)"
13704101153,6144,257869,103,1,1,128,1,1,16,0.000,0.000,,,,,NVIDIA A100-SXM4-40GB MIG 4g.20gb (0),1,,13,cupy_copy__complex64_complex64
13704371038,21920,257879,1434,1,1,128,1,1,16,0.000,0.000,,,,,NVIDIA A100-SXM4-40GB MIG 4g.20gb (0),1,,13,cupy_copy__complex64_complex64
13704799993,8032,257886,103,1,1,128,1,1,16,0.000,0.000,,,,,NVIDIA A100-SXM4-40GB MIG 4g.20gb (0),1,,13,cupy_copy__complex64_complex64
13705369811,250205,257893,1,1,1,32,32,1,30,0.000,0.000,,,,,NVIDIA A100-SXM4-40GB MIG 4g.20gb (0),1,,13,"void convert_kernel<__half2, float2>(tensor_layout_any, T1 *, tensor_layout_any, const T2 *)"
13705650288,6624,257896,,,,,,,,,,0.094,14144.910,Pinned,Device,NVIDIA A100-SXM4-40GB MIG 4g.20gb (0),1,,13,[CUDA memcpy Host-to-Device]
13706015628,58527,257897,,,,,,,,,,35.810,611848.293,Device,,NVIDIA A100-SXM4-40GB MIG 4g.20gb (0),1,,13,[CUDA memset]
13706081899,5664,257899,,,,,,,,,,0.000,14.124,Pinned,Device,NVIDIA A100-SXM4-40GB MIG 4g.20gb (0),1,,13,[CUDA memcpy Host-to-Device]
13706090155,15456,257900,,,,,,,,,,0.197,12720.341,Pinned,Device,NVIDIA A100-SXM4-40GB MIG 4g.20gb (0),1,,13,[CUDA memcpy Host-to-Device]
13706706948,15296,257901,273,1,1,48,1,1,40,0.000,0.001,,,,,NVIDIA A100-SXM4-40GB MIG 4g.20gb (0),1,,13,"void pusch_noise_intf_est::noiseIntfEstNoDftSOfdmKernel<float, __half, float, float, (unsigned int)2, (unsigned int)1, (unsigned char)4, (unsigned char)4>(pusch_noise_intf_est::puschRxNoiseIntfEstDynDescr)"
13707277149,22144,257912,35,1,1,128,1,1,16,0.000,0.000,,,,,NVIDIA A100-SXM4-40GB MIG 4g.20gb (0),1,,13,cupy_copy__complex64_complex64
13707926774,3904,257921,1,1,1,1,1,1,18,0.000,0.000,,,,,NVIDIA A100-SXM4-40GB MIG 4g.20gb (0),1,,13,cupy_copy__float32_float32
13707933878,1888,257927,,,,,,,,,,0.000,2.119,Device,Pageable,NVIDIA A100-SXM4-40GB MIG 4g.20gb (0),1,,7,[CUDA memcpy Device-to-Host]
13708370577,23072,257938,1434,1,1,128,1,1,16,0.000,0.000,,,,,NVIDIA A100-SXM4-40GB MIG 4g.20gb (0),1,,13,cupy_copy__complex64_complex64
13709036873,10816,257945,103,1,1,128,1,1,16,0.000,0.000,,,,,NVIDIA A100-SXM4-40GB MIG 4g.20gb (0),1,,13,cupy_copy__complex64_complex64
13709632323,4672,257952,35,1,1,128,1,1,16,0.000,0.000,,,,,NVIDIA A100-SXM4-40GB MIG 4g.20gb (0),1,,13,cupy_copy__complex64_complex64
13710312443,3072,257959,1,1,1,1,1,1,18,0.000,0.000,,,,,NVIDIA A100-SXM4-40GB MIG 4g.20gb (0),1,,13,cupy_copy__float32_float32
13710956724,262525,257970,1,1,1,32,32,1,30,0.000,0.000,,,,,NVIDIA A100-SXM4-40GB MIG 4g.20gb (0),1,,13,"void convert_kernel<__half2, float2>(tensor_layout_any, T1 *, tensor_layout_any, const T2 *)"
13711249520,5472,257973,,,,,,,,,,0.094,17122.757,Pinned,Device,NVIDIA A100-SXM4-40GB MIG 4g.20gb (0),1,,13,[CUDA memcpy Host-to-Device]
13711693803,11360,257974,,,,,,,,,,1.547,136146.217,Device,,NVIDIA A100-SXM4-40GB MIG 4g.20gb (0),1,,13,[CUDA memset]
13712145574,3392,257979,,,,,,,,,,0.031,9226.405,Pinned,Device,NVIDIA A100-SXM4-40GB MIG 4g.20gb (0),1,,13,[CUDA memcpy Host-to-Device]
13712153926,10496,257980,,,,,,,,,,0.197,18731.631,Pinned,Device,NVIDIA A100-SXM4-40GB MIG 4g.20gb (0),1,,13,[CUDA memcpy Host-to-Device]
13712616129,12736,257981,273,1,1,8,4,1,39,0.002,0.000,,,,,NVIDIA A100-SXM4-40GB MIG 4g.20gb (0),1,,13,"void channel_eq::eqMmseCoefCompLowMimoKernel<float, float, float, (unsigned int)4, (unsigned int)1, (unsigned int)4>(const channel_eq::_puschRxChEqStatDescr *, channel_eq::_puschRxChEqCoefCompDynDescr)"
13713040412,30784,257982,273,1,1,12,11,1,51,0.002,0.000,,,,,NVIDIA A100-SXM4-40GB MIG 4g.20gb (0),1,,13,"void channel_eq::eqMmseSoftDemapKernel<float, __half, __half, float, (unsigned int)4, (unsigned short)16383>(channel_eq::_puschRxChEqStatDescr *, channel_eq::_puschRxChEqSoftDemapDynDescr)"
13713669685,666713,257983,1,1,1,32,32,1,30,0.000,0.000,,,,,NVIDIA A100-SXM4-40GB MIG 4g.20gb (0),1,,13,"void convert_kernel<float2, __half2>(tensor_layout_any, T1 *, tensor_layout_any, const T2 *)"
13714873352,19775,257995,2253,1,1,128,1,1,16,0.000,0.000,,,,,NVIDIA A100-SXM4-40GB MIG 4g.20gb (0),1,,13,cupy_copy__float16_float16
13715442145,18336,258004,282,1,1,128,1,1,16,0.000,0.000,,,,,NVIDIA A100-SXM4-40GB MIG 4g.20gb (0),1,,13,cupy_copy__complex64_complex64
13715702462,4832,258013,26,1,1,128,1,1,16,0.000,0.000,,,,,NVIDIA A100-SXM4-40GB MIG 4g.20gb (0),1,,13,cupy_copy__float32_float32
13716079002,20448,258022,103,1,1,128,1,1,16,0.000,0.000,,,,,NVIDIA A100-SXM4-40GB MIG 4g.20gb (0),1,,13,cupy_copy__complex64_complex64
13716420630,19744,258032,1434,1,1,128,1,1,16,0.000,0.000,,,,,NVIDIA A100-SXM4-40GB MIG 4g.20gb (0),1,,13,cupy_copy__complex64_complex64
13716698003,261853,258037,1,1,1,32,32,1,30,0.000,0.000,,,,,NVIDIA A100-SXM4-40GB MIG 4g.20gb (0),1,,13,"void convert_kernel<__half2, float2>(tensor_layout_any, T1 *, tensor_layout_any, const T2 *)"
13716989968,5632,258040,,,,,,,,,,0.094,16636.287,Pinned,Device,NVIDIA A100-SXM4-40GB MIG 4g.20gb (0),1,,13,[CUDA memcpy Host-to-Device]
13717377835,699256,258041,,,,,,,,,,456.561,652882.859,Device,,NVIDIA A100-SXM4-40GB MIG 4g.20gb (0),1,,13,[CUDA memset]
13718085315,66752,258046,,,,,,,,,,1.235,18499.461,Pinned,Device,NVIDIA A100-SXM4-40GB MIG 4g.20gb (0),1,,13,[CUDA memcpy Host-to-Device]
13718154531,11679,258047,,,,,,,,,,0.197,16834.167,Pinned,Device,NVIDIA A100-SXM4-40GB MIG 4g.20gb (0),1,,13,[CUDA memcpy Host-to-Device]
13718736636,36512,258048,69,4,1,48,1,1,76,0.002,0.000,,,,,NVIDIA A100-SXM4-40GB MIG 4g.20gb (0),1,,13,"void ch_est::windowedChEstPreNoDftSOfdmKernel<float, __half, float, (unsigned int)2, (unsigned int)1, (unsigned short)4>(ch_est::puschRxChEstStatDescr_t *, ch_est::puschRxChEstDynDescr_t *)"
13719028025,10944,258049,137,2,1,24,2,1,44,0.001,0.001,,,,,NVIDIA A100-SXM4-40GB MIG 4g.20gb (0),1,,13,"void ch_est::chEstFilterNoDftSOfdmDispatchKernel<float, __half, float, (unsigned int)2>(ch_est::puschRxChEstStatDescr_t *, ch_est::puschRxChEstDynDescr_t *)"
13719415732,20320,258050,137,2,1,24,2,1,44,0.001,0.001,,,,,NVIDIA A100-SXM4-40GB MIG 4g.20gb (0),1,,13,"void ch_est::chEstFilterNoDftSOfdmDispatchKernel<float, __half, float, (unsigned int)2>(ch_est::puschRxChEstStatDescr_t *, ch_est::puschRxChEstDynDescr_t *)"
13719944462,6240,258061,103,1,1,128,1,1,16,0.000,0.000,,,,,NVIDIA A100-SXM4-40GB MIG 4g.20gb (0),1,,13,cupy_copy__complex64_complex64
13720426505,19840,258071,1434,1,1,128,1,1,16,0.000,0.000,,,,,NVIDIA A100-SXM4-40GB MIG 4g.20gb (0),1,,13,cupy_copy__complex64_complex64
13720998818,6848,258078,103,1,1,128,1,1,16,0.000,0.000,,,,,NVIDIA A100-SXM4-40GB MIG 4g.20gb (0),1,,13,cupy_copy__complex64_complex64
13721490941,256189,258085,1,1,1,32,32,1,30,0.000,0.000,,,,,NVIDIA A100-SXM4-40GB MIG 4g.20gb (0),1,,13,"void convert_kernel<__half2, float2>(tensor_layout_any, T1 *, tensor_layout_any, const T2 *)"
13722312788,9280,258088,,,,,,,,,,0.094,10096.494,Pinned,Device,NVIDIA A100-SXM4-40GB MIG 4g.20gb (0),1,,13,[CUDA memcpy Host-to-Device]
13722883469,59904,258089,,,,,,,,,,35.810,597774.995,Device,,NVIDIA A100-SXM4-40GB MIG 4g.20gb (0),1,,13,[CUDA memset]
13722947596,7840,258091,,,,,,,,,,0.000,10.204,Pinned,Device,NVIDIA A100-SXM4-40GB MIG 4g.20gb (0),1,,13,[CUDA memcpy Host-to-Device]
13722960620,15840,258092,,,,,,,,,,0.197,12412.060,Pinned,Device,NVIDIA A100-SXM4-40GB MIG 4g.20gb (0),1,,13,[CUDA memcpy Host-to-Device]
13723663428,30464,258093,273,1,1,48,1,1,40,0.000,0.001,,,,,NVIDIA A100-SXM4-40GB MIG 4g.20gb (0),1,,13,"void pusch_noise_intf_est::noiseIntfEstNoDftSOfdmKernel<float, __half, float, float, (unsigned int)2, (unsigned int)1, (unsigned char)4, (unsigned char)4>(pusch_noise_intf_est::puschRxNoiseIntfEstDynDescr)"
13724112735,23456,258104,35,1,1,128,1,1,16,0.000,0.000,,,,,NVIDIA A100-SXM4-40GB MIG 4g.20gb (0),1,,13,cupy_copy__complex64_complex64
13724758744,5344,258113,1,1,1,1,1,1,18,0.000,0.000,,,,,NVIDIA A100-SXM4-40GB MIG 4g.20gb (0),1,,13,cupy_copy__float32_float32
13724774712,6464,258119,,,,,,,,,,0.000,0.619,Device,Pageable,NVIDIA A100-SXM4-40GB MIG 4g.20gb (0),1,,7,[CUDA memcpy Device-to-Host]
13725483152,24768,258130,1434,1,1,128,1,1,16,0.000,0.000,,,,,NVIDIA A100-SXM4-40GB MIG 4g.20gb (0),1,,13,cupy_copy__complex64_complex64
13726158024,7552,258137,103,1,1,128,1,1,16,0.000,0.000,,,,,NVIDIA A100-SXM4-40GB MIG 4g.20gb (0),1,,13,cupy_copy__complex64_complex64
13726791233,8736,258144,35,1,1,128,1,1,16,0.000,0.000,,,,,NVIDIA A100-SXM4-40GB MIG 4g.20gb (0),1,,13,cupy_copy__complex64_complex64
13727342171,4448,258151,1,1,1,1,1,1,18,0.000,0.000,,,,,NVIDIA A100-SXM4-40GB MIG 4g.20gb (0),1,,13,cupy_copy__float32_float32
13727771638,258269,258162,1,1,1,32,32,1,30,0.000,0.000,,,,,NVIDIA A100-SXM4-40GB MIG 4g.20gb (0),1,,13,"void convert_kernel<__half2, float2>(tensor_layout_any, T1 *, tensor_layout_any, const T2 *)"
13728755915,5440,258165,,,,,,,,,,0.094,17223.480,Pinned,Device,NVIDIA A100-SXM4-40GB MIG 4g.20gb (0),1,,13,[CUDA memcpy Host-to-Device]
13729142375,4927,258166,,,,,,,,,,1.547,313907.447,Device,,NVIDIA A100-SXM4-40GB MIG 4g.20gb (0),1,,13,[CUDA memset]
13729150310,6560,258171,,,,,,,,,,0.031,4770.731,Pinned,Device,NVIDIA A100-SXM4-40GB MIG 4g.20gb (0),1,,13,[CUDA memcpy Host-to-Device]
13729162790,11648,258172,,,,,,,,,,0.197,16878.993,Pinned,Device,NVIDIA A100-SXM4-40GB MIG 4g.20gb (0),1,,13,[CUDA memcpy Host-to-Device]
13729580098,30495,258173,273,1,1,8,4,1,39,0.002,0.000,,,,,NVIDIA A100-SXM4-40GB MIG 4g.20gb (0),1,,13,"void channel_eq::eqMmseCoefCompLowMimoKernel<float, float, float, (unsigned int)4, (unsigned int)1, (unsigned int)4>(const channel_eq::_puschRxChEqStatDescr *, channel_eq::_puschRxChEqCoefCompDynDescr)"
13730162427,34688,258174,273,1,1,12,11,1,51,0.002,0.000,,,,,NVIDIA A100-SXM4-40GB MIG 4g.20gb (0),1,,13,"void channel_eq::eqMmseSoftDemapKernel<float, __half, __half, float, (unsigned int)4, (unsigned short)16383>(channel_eq::_puschRxChEqStatDescr *, channel_eq::_puschRxChEqSoftDemapDynDescr)"
13730739189,585625,258175,1,1,1,32,32,1,30,0.000,0.000,,,,,NVIDIA A100-SXM4-40GB MIG 4g.20gb (0),1,,13,"void convert_kernel<float2, __half2>(tensor_layout_any, T1 *, tensor_layout_any, const T2 *)"
13731828488,16384,258187,2253,1,1,128,1,1,16,0.000,0.000,,,,,NVIDIA A100-SXM4-40GB MIG 4g.20gb (0),1,,13,cupy_copy__float16_float16
13732173700,6016,258196,282,1,1,128,1,1,16,0.000,0.000,,,,,NVIDIA A100-SXM4-40GB MIG 4g.20gb (0),1,,13,cupy_copy__complex64_complex64
13732557280,6272,258205,26,1,1,128,1,1,16,0.000,0.000,,,,,NVIDIA A100-SXM4-40GB MIG 4g.20gb (0),1,,13,cupy_copy__float32_float32
13732861789,6079,258214,103,1,1,128,1,1,16,0.000,0.000,,,,,NVIDIA A100-SXM4-40GB MIG 4g.20gb (0),1,,13,cupy_copy__complex64_complex64
13733239800,20416,258224,1434,1,1,128,1,1,16,0.000,0.000,,,,,NVIDIA A100-SXM4-40GB MIG 4g.20gb (0),1,,13,cupy_copy__complex64_complex64
13733752051,268956,258229,1,1,1,32,32,1,30,0.000,0.000,,,,,NVIDIA A100-SXM4-40GB MIG 4g.20gb (0),1,,13,"void convert_kernel<__half2, float2>(tensor_layout_any, T1 *, tensor_layout_any, const T2 *)"
13734052271,5504,258232,,,,,,,,,,0.094,17023.251,Pinned,Device,NVIDIA A100-SXM4-40GB MIG 4g.20gb (0),1,,13,[CUDA memcpy Host-to-Device]
13734471914,696761,258233,,,,,,,,,,456.561,655165.666,Device,,NVIDIA A100-SXM4-40GB MIG 4g.20gb (0),1,,13,[CUDA memset]
13735331585,56895,258238,,,,,,,,,,1.235,21705.376,Pinned,Device,NVIDIA A100-SXM4-40GB MIG 4g.20gb (0),1,,13,[CUDA memcpy Host-to-Device]
13735391264,10144,258239,,,,,,,,,,0.197,19381.617,Pinned,Device,NVIDIA A100-SXM4-40GB MIG 4g.20gb (0),1,,13,[CUDA memcpy Host-to-Device]
13735825307,27456,258240,69,4,1,48,1,1,76,0.002,0.000,,,,,NVIDIA A100-SXM4-40GB MIG 4g.20gb (0),1,,13,"void ch_est::windowedChEstPreNoDftSOfdmKernel<float, __half, float, (unsigned int)2, (unsigned int)1, (unsigned short)4>(ch_est::puschRxChEstStatDescr_t *, ch_est::puschRxChEstDynDescr_t *)"
13736333365,15296,258241,137,2,1,24,2,1,44,0.001,0.001,,,,,NVIDIA A100-SXM4-40GB MIG 4g.20gb (0),1,,13,"void ch_est::chEstFilterNoDftSOfdmDispatchKernel<float, __half, float, (unsigned int)2>(ch_est::puschRxChEstStatDescr_t *, ch_est::puschRxChEstDynDescr_t *)"
13736700017,12320,258242,137,2,1,24,2,1,44,0.001,0.001,,,,,NVIDIA A100-SXM4-40GB MIG 4g.20gb (0),1,,13,"void ch_est::chEstFilterNoDftSOfdmDispatchKernel<float, __half, float, (unsigned int)2>(ch_est::puschRxChEstStatDescr_t *, ch_est::puschRxChEstDynDescr_t *)"
13737051053,6496,258253,103,1,1,128,1,1,16,0.000,0.000,,,,,NVIDIA A100-SXM4-40GB MIG 4g.20gb (0),1,,13,cupy_copy__complex64_complex64
13737463529,19295,258263,1434,1,1,128,1,1,16,0.000,0.000,,,,,NVIDIA A100-SXM4-40GB MIG 4g.20gb (0),1,,13,cupy_copy__complex64_complex64
13738063234,11584,258270,103,1,1,128,1,1,16,0.000,0.000,,,,,NVIDIA A100-SXM4-40GB MIG 4g.20gb (0),1,,13,cupy_copy__complex64_complex64
13738444062,250365,258277,1,1,1,32,32,1,30,0.000,0.000,,,,,NVIDIA A100-SXM4-40GB MIG 4g.20gb (0),1,,13,"void convert_kernel<__half2, float2>(tensor_layout_any, T1 *, tensor_layout_any, const T2 *)"
13738736090,13024,258280,,,,,,,,,,0.094,7194.073,Pinned,Device,NVIDIA A100-SXM4-40GB MIG 4g.20gb (0),1,,13,[CUDA memcpy Host-to-Device]
13739121782,43295,258281,,,,,,,,,,35.810,827101.722,Device,,NVIDIA A100-SXM4-40GB MIG 4g.20gb (0),1,,13,[CUDA memset]
13739166645,7072,258283,,,,,,,,,,0.000,11.312,Pinned,Device,NVIDIA A100-SXM4-40GB MIG 4g.20gb (0),1,,13,[CUDA memcpy Host-to-Device]
13739182901,15936,258284,,,,,,,,,,0.197,12337.349,Pinned,Device,NVIDIA A100-SXM4-40GB MIG 4g.20gb (0),1,,13,[CUDA memcpy Host-to-Device]
13739877837,45344,258285,273,1,1,48,1,1,40,0.000,0.001,,,,,NVIDIA A100-SXM4-40GB MIG 4g.20gb (0),1,,13,"void pusch_noise_intf_est::noiseIntfEstNoDftSOfdmKernel<float, __half, float, float, (unsigned int)2, (unsigned int)1, (unsigned char)4, (unsigned char)4>(pusch_noise_intf_est::puschRxNoiseIntfEstDynDescr)"
13740569670,4192,258296,35,1,1,128,1,1,16,0.000,0.000,,,,,NVIDIA A100-SXM4-40GB MIG 4g.20gb (0),1,,13,cupy_copy__complex64_complex64
13741255614,2912,258305,1,1,1,1,1,1,18,0.000,0.000,,,,,NVIDIA A100-SXM4-40GB MIG 4g.20gb (0),1,,13,cupy_copy__float32_float32
13741264414,4224,258311,,,,,,,,,,0.000,0.947,Device,Pageable,NVIDIA A100-SXM4-40GB MIG 4g.20gb (0),1,,7,[CUDA memcpy Device-to-Host]
13741940342,42176,258322,1434,1,1,128,1,1,16,0.000,0.000,,,,,NVIDIA A100-SXM4-40GB MIG 4g.20gb (0),1,,13,cupy_copy__complex64_complex64
13742666190,4320,258329,103,1,1,128,1,1,16,0.000,0.000,,,,,NVIDIA A100-SXM4-40GB MIG 4g.20gb (0),1,,13,cupy_copy__complex64_complex64
13743328134,4544,258336,35,1,1,128,1,1,16,0.000,0.000,,,,,NVIDIA A100-SXM4-40GB MIG 4g.20gb (0),1,,13,cupy_copy__complex64_complex64
13743988639,3552,258343,1,1,1,1,1,1,18,0.000,0.000,,,,,NVIDIA A100-SXM4-40GB MIG 4g.20gb (0),1,,13,cupy_copy__float32_float32
13744617720,259197,258354,1,1,1,32,32,1,30,0.000,0.000,,,,,NVIDIA A100-SXM4-40GB MIG 4g.20gb (0),1,,13,"void convert_kernel<__half2, float2>(tensor_layout_any, T1 *, tensor_layout_any, const T2 *)"
13744909013,7072,258357,,,,,,,,,,0.094,13248.802,Pinned,Device,NVIDIA A100-SXM4-40GB MIG 4g.20gb (0),1,,13,[CUDA memcpy Host-to-Device]
13745332688,10016,258358,,,,,,,,,,1.547,154414.940,Device,,NVIDIA A100-SXM4-40GB MIG 4g.20gb (0),1,,13,[CUDA memset]
13745952521,6432,258363,,,,,,,,,,0.031,4865.652,Pinned,Device,NVIDIA A100-SXM4-40GB MIG 4g.20gb (0),1,,13,[CUDA memcpy Host-to-Device]
13745961481,15584,258364,,,,,,,,,,0.197,12615.942,Pinned,Device,NVIDIA A100-SXM4-40GB MIG 4g.20gb (0),1,,13,[CUDA memcpy Host-to-Device]
13746529954,13728,258365,273,1,1,8,4,1,39,0.002,0.000,,,,,NVIDIA A100-SXM4-40GB MIG 4g.20gb (0),1,,13,"void channel_eq::eqMmseCoefCompLowMimoKernel<float, float, float, (unsigned int)4, (unsigned int)1, (unsigned int)4>(const channel_eq::_puschRxChEqStatDescr *, channel_eq::_puschRxChEqCoefCompDynDescr)"
13746897758,30176,258366,273,1,1,12,11,1,51,0.002,0.000,,,,,NVIDIA A100-SXM4-40GB MIG 4g.20gb (0),1,,13,"void channel_eq::eqMmseSoftDemapKernel<float, __half, __half, float, (unsigned int)4, (unsigned short)16383>(channel_eq::_puschRxChEqStatDescr *, channel_eq::_puschRxChEqSoftDemapDynDescr)"
13747269306,708888,258367,1,1,1,32,32,1,30,0.000,0.000,,,,,NVIDIA A100-SXM4-40GB MIG 4g.20gb (0),1,,13,"void convert_kernel<float2, __half2>(tensor_layout_any, T1 *, tensor_layout_any, const T2 *)"
13748550475,19136,258379,2253,1,1,128,1,1,16,0.000,0.000,,,,,NVIDIA A100-SXM4-40GB MIG 4g.20gb (0),1,,13,cupy_copy__float16_float16
13748855016,6464,258388,282,1,1,128,1,1,16,0.000,0.000,,,,,NVIDIA A100-SXM4-40GB MIG 4g.20gb (0),1,,13,cupy_copy__complex64_complex64
13749254052,4448,258397,26,1,1,128,1,1,16,0.000,0.000,,,,,NVIDIA A100-SXM4-40GB MIG 4g.20gb (0),1,,13,cupy_copy__float32_float32
13749500801,6976,258406,103,1,1,128,1,1,16,0.000,0.000,,,,,NVIDIA A100-SXM4-40GB MIG 4g.20gb (0),1,,13,cupy_copy__complex64_complex64
13749881852,21280,258416,1434,1,1,128,1,1,16,0.000,0.000,,,,,NVIDIA A100-SXM4-40GB MIG 4g.20gb (0),1,,13,cupy_copy__complex64_complex64
13750213881,263069,258421,1,1,1,32,32,1,30,0.000,0.000,,,,,NVIDIA A100-SXM4-40GB MIG 4g.20gb (0),1,,13,"void convert_kernel<__half2, float2>(tensor_layout_any, T1 *, tensor_layout_any, const T2 *)"
13750508853,6240,258424,,,,,,,,,,0.094,15015.346,Pinned,Device,NVIDIA A100-SXM4-40GB MIG 4g.20gb (0),1,,13,[CUDA memcpy Host-to-Device]
13750844818,646488,258425,,,,,,,,,,456.561,705843.986,Device,,NVIDIA A100-SXM4-40GB MIG 4g.20gb (0),1,,13,[CUDA memset]
13751989349,56127,258430,,,,,,,,,,1.235,22001.762,Pinned,Device,NVIDIA A100-SXM4-40GB MIG 4g.20gb (0),1,,13,[CUDA memcpy Host-to-Device]
13752049316,11360,258431,,,,,,,,,,0.197,17307.009,Pinned,Device,NVIDIA A100-SXM4-40GB MIG 4g.20gb (0),1,,13,[CUDA memcpy Host-to-Device]
13752494431,14912,258432,69,4,1,48,1,1,76,0.002,0.000,,,,,NVIDIA A100-SXM4-40GB MIG 4g.20gb (0),1,,13,"void ch_est::windowedChEstPreNoDftSOfdmKernel<float, __half, float, (unsigned int)2, (unsigned int)1, (unsigned short)4>(ch_est::puschRxChEstStatDescr_t *, ch_est::puschRxChEstDynDescr_t *)"
13752881147,35487,258433,137,2,1,24,2,1,44,0.001,0.001,,,,,NVIDIA A100-SXM4-40GB MIG 4g.20gb (0),1,,13,"void ch_est::chEstFilterNoDftSOfdmDispatchKernel<float, __half, float, (unsigned int)2>(ch_est::puschRxChEstStatDescr_t *, ch_est::puschRxChEstDynDescr_t *)"
13753501716,13503,258434,137,2,1,24,2,1,44,0.001,0.001,,,,,NVIDIA A100-SXM4-40GB MIG 4g.20gb (0),1,,13,"void ch_est::chEstFilterNoDftSOfdmDispatchKernel<float, __half, float, (unsigned int)2>(ch_est::puschRxChEstStatDescr_t *, ch_est::puschRxChEstDynDescr_t *)"
13753993230,4736,258445,103,1,1,128,1,1,16,0.000,0.000,,,,,NVIDIA A100-SXM4-40GB MIG 4g.20gb (0),1,,13,cupy_copy__complex64_complex64
13754592167,27808,258455,1434,1,1,128,1,1,16,0.000,0.000,,,,,NVIDIA A100-SXM4-40GB MIG 4g.20gb (0),1,,13,cupy_copy__complex64_complex64
13754975075,10752,258462,103,1,1,128,1,1,16,0.000,0.000,,,,,NVIDIA A100-SXM4-40GB MIG 4g.20gb (0),1,,13,cupy_copy__complex64_complex64
13755598492,279037,258469,1,1,1,32,32,1,30,0.000,0.000,,,,,NVIDIA A100-SXM4-40GB MIG 4g.20gb (0),1,,13,"void convert_kernel<__half2, float2>(tensor_layout_any, T1 *, tensor_layout_any, const T2 *)"
13755911352,5600,258472,,,,,,,,,,0.094,16731.388,Pinned,Device,NVIDIA A100-SXM4-40GB MIG 4g.20gb (0),1,,13,[CUDA memcpy Host-to-Device]
13756474738,44128,258473,,,,,,,,,,35.810,811488.597,Device,,NVIDIA A100-SXM4-40GB MIG 4g.20gb (0),1,,13,[CUDA memset]
13756522450,6879,258475,,,,,,,,,,0.000,11.630,Pinned,Device,NVIDIA A100-SXM4-40GB MIG 4g.20gb (0),1,,13,[CUDA memcpy Host-to-Device]
13756536913,14304,258476,,,,,,,,,,0.197,13744.865,Pinned,Device,NVIDIA A100-SXM4-40GB MIG 4g.20gb (0),1,,13,[CUDA memcpy Host-to-Device]
13757233417,16800,258477,273,1,1,48,1,1,40,0.000,0.001,,,,,NVIDIA A100-SXM4-40GB MIG 4g.20gb (0),1,,13,"void pusch_noise_intf_est::noiseIntfEstNoDftSOfdmKernel<float, __half, float, float, (unsigned int)2, (unsigned int)1, (unsigned char)4, (unsigned char)4>(pusch_noise_intf_est::puschRxNoiseIntfEstDynDescr)"
13757805155,4768,258488,35,1,1,128,1,1,16,0.000,0.000,,,,,NVIDIA A100-SXM4-40GB MIG 4g.20gb (0),1,,13,cupy_copy__complex64_complex64
13758276766,8320,258497,1,1,1,1,1,1,18,0.000,0.000,,,,,NVIDIA A100-SXM4-40GB MIG 4g.20gb (0),1,,13,cupy_copy__float32_float32
13758294302,5951,258503,,,,,,,,,,0.000,0.672,Device,Pageable,NVIDIA A100-SXM4-40GB MIG 4g.20gb (0),1,,7,[CUDA memcpy Device-to-Host]
13758975798,25440,258514,1434,1,1,128,1,1,16,0.000,0.000,,,,,NVIDIA A100-SXM4-40GB MIG 4g.20gb (0),1,,13,cupy_copy__complex64_complex64
13759666286,6592,258521,103,1,1,128,1,1,16,0.000,0.000,,,,,NVIDIA A100-SXM4-40GB MIG 4g.20gb (0),1,,13,cupy_copy__complex64_complex64
13760053290,5632,258528,35,1,1,128,1,1,16,0.000,0.000,,,,,NVIDIA A100-SXM4-40GB MIG 4g.20gb (0),1,,13,cupy_copy__complex64_complex64
13760616323,4064,258535,1,1,1,1,1,1,18,0.000,0.000,,,,,NVIDIA A100-SXM4-40GB MIG 4g.20gb (0),1,,13,cupy_copy__float32_float32
13761101406,259421,258546,1,1,1,32,32,1,30,0.000,0.000,,,,,NVIDIA A100-SXM4-40GB MIG 4g.20gb (0),1,,13,"void convert_kernel<__half2, float2>(tensor_layout_any, T1 *, tensor_layout_any, const T2 *)"
13761390619,6016,258549,,,,,,,,,,0.094,15574.430,Pinned,Device,NVIDIA A100-SXM4-40GB MIG 4g.20gb (0),1,,13,[CUDA memcpy Host-to-Device]
13761798038,13952,258550,,,,,,,,,,1.547,110852.729,Device,,NVIDIA A100-SXM4-40GB MIG 4g.20gb (0),1,,13,[CUDA memset]
13761871829,3008,258555,,,,,,,,,,0.031,10404.230,Pinned,Device,NVIDIA A100-SXM4-40GB MIG 4g.20gb (0),1,,13,[CUDA memcpy Host-to-Device]
13761877333,9824,258556,,,,,,,,,,0.197,20012.925,Pinned,Device,NVIDIA A100-SXM4-40GB MIG 4g.20gb (0),1,,13,[CUDA memcpy Host-to-Device]
13762416687,29600,258557,273,1,1,8,4,1,39,0.002,0.000,,,,,NVIDIA A100-SXM4-40GB MIG 4g.20gb (0),1,,13,"void channel_eq::eqMmseCoefCompLowMimoKernel<float, float, float, (unsigned int)4, (unsigned int)1, (unsigned int)4>(const channel_eq::_puschRxChEqStatDescr *, channel_eq::_puschRxChEqCoefCompDynDescr)"
13762758027,40288,258558,273,1,1,12,11,1,51,0.002,0.000,,,,,NVIDIA A100-SXM4-40GB MIG 4g.20gb (0),1,,13,"void channel_eq::eqMmseSoftDemapKernel<float, __half, __half, float, (unsigned int)4, (unsigned short)16383>(channel_eq::_puschRxChEqStatDescr *, channel_eq::_puschRxChEqSoftDemapDynDescr)"
13763378180,701656,258559,1,1,1,32,32,1,30,0.000,0.000,,,,,NVIDIA A100-SXM4-40GB MIG 4g.20gb (0),1,,13,"void convert_kernel<float2, __half2>(tensor_layout_any, T1 *, tensor_layout_any, const T2 *)"
13764630550,20992,258571,2253,1,1,128,1,1,16,0.000,0.000,,,,,NVIDIA A100-SXM4-40GB MIG 4g.20gb (0),1,,13,cupy_copy__float16_float16
13765211151,21120,258580,282,1,1,128,1,1,16,0.000,0.000,,,,,NVIDIA A100-SXM4-40GB MIG 4g.20gb (0),1,,13,cupy_copy__complex64_complex64
13765465293,4512,258589,26,1,1,128,1,1,16,0.000,0.000,,,,,NVIDIA A100-SXM4-40GB MIG 4g.20gb (0),1,,13,cupy_copy__float32_float32
13765859432,12896,258598,103,1,1,128,1,1,16,0.000,0.000,,,,,NVIDIA A100-SXM4-40GB MIG 4g.20gb (0),1,,13,cupy_copy__complex64_complex64
13766185476,18752,258608,1434,1,1,128,1,1,16,0.000,0.000,,,,,NVIDIA A100-SXM4-40GB MIG 4g.20gb (0),1,,13,cupy_copy__complex64_complex64
13766685375,254173,258613,1,1,1,32,32,1,30,0.000,0.000,,,,,NVIDIA A100-SXM4-40GB MIG 4g.20gb (0),1,,13,"void convert_kernel<__half2, float2>(tensor_layout_any, T1 *, tensor_layout_any, const T2 *)"
13766971964,5600,258616,,,,,,,,,,0.094,16731.388,Pinned,Device,NVIDIA A100-SXM4-40GB MIG 4g.20gb (0),1,,13,[CUDA memcpy Host-to-Device]
13767379255,626105,258617,,,,,,,,,,456.561,729128.620,Device,,NVIDIA A100-SXM4-40GB MIG 4g.20gb (0),1,,13,[CUDA memset]
13768009648,63679,258622,,,,,,,,,,1.235,19392.326,Pinned,Device,NVIDIA A100-SXM4-40GB MIG 4g.20gb (0),1,,13,[CUDA memcpy Host-to-Device]
13768075791,9696,258623,,,,,,,,,,0.197,20277.166,Pinned,Device,NVIDIA A100-SXM4-40GB MIG 4g.20gb (0),1,,13,[CUDA memcpy Host-to-Device]
13768612585,27936,258624,69,4,1,48,1,1,76,0.002,0.000,,,,,NVIDIA A100-SXM4-40GB MIG 4g.20gb (0),1,,13,"void ch_est::windowedChEstPreNoDftSOfdmKernel<float, __half, float, (unsigned int)2, (unsigned int)1, (unsigned short)4>(ch_est::puschRxChEstStatDescr_t *, ch_est::puschRxChEstDynDescr_t *)"
13769186339,36799,258625,137,2,1,24,2,1,44,0.001,0.001,,,,,NVIDIA A100-SXM4-40GB MIG 4g.20gb (0),1,,13,"void ch_est::chEstFilterNoDftSOfdmDispatchKernel<float, __half, float, (unsigned int)2>(ch_est::puschRxChEstStatDescr_t *, ch_est::puschRxChEstDynDescr_t *)"
13769828443,33408,258626,137,2,1,24,2,1,44,0.001,0.001,,,,,NVIDIA A100-SXM4-40GB MIG 4g.20gb (0),1,,13,"void ch_est::chEstFilterNoDftSOfdmDispatchKernel<float, __half, float, (unsigned int)2>(ch_est::puschRxChEstStatDescr_t *, ch_est::puschRxChEstDynDescr_t *)"
13770226679,9120,258637,103,1,1,128,1,1,16,0.000,0.000,,,,,NVIDIA A100-SXM4-40GB MIG 4g.20gb (0),1,,13,cupy_copy__complex64_complex64
13770782961,24991,258647,1434,1,1,128,1,1,16,0.000,0.000,,,,,NVIDIA A100-SXM4-40GB MIG 4g.20gb (0),1,,13,cupy_copy__complex64_complex64
13771160940,11168,258654,103,1,1,128,1,1,16,0.000,0.000,,,,,NVIDIA A100-SXM4-40GB MIG 4g.20gb (0),1,,13,cupy_copy__complex64_complex64
13771447241,265821,258661,1,1,1,32,32,1,30,0.000,0.000,,,,,NVIDIA A100-SXM4-40GB MIG 4g.20gb (0),1,,13,"void convert_kernel<__half2, float2>(tensor_layout_any, T1 *, tensor_layout_any, const T2 *)"
13771743494,6688,258664,,,,,,,,,,0.094,14009.520,Pinned,Device,NVIDIA A100-SXM4-40GB MIG 4g.20gb (0),1,,13,[CUDA memcpy Host-to-Device]
13772068770,74495,258665,,,,,,,,,,35.810,480676.556,Device,,NVIDIA A100-SXM4-40GB MIG 4g.20gb (0),1,,13,[CUDA memset]
13772145697,5408,258667,,,,,,,,,,0.000,14.793,Pinned,Device,NVIDIA A100-SXM4-40GB MIG 4g.20gb (0),1,,13,[CUDA memcpy Host-to-Device]
13772159681,14016,258668,,,,,,,,,,0.197,14027.391,Pinned,Device,NVIDIA A100-SXM4-40GB MIG 4g.20gb (0),1,,13,[CUDA memcpy Host-to-Device]
13772541565,33215,258669,273,1,1,48,1,1,40,0.000,0.001,,,,,NVIDIA A100-SXM4-40GB MIG 4g.20gb (0),1,,13,"void pusch_noise_intf_est::noiseIntfEstNoDftSOfdmKernel<float, __half, float, float, (unsigned int)2, (unsigned int)1, (unsigned char)4, (unsigned char)4>(pusch_noise_intf_est::puschRxNoiseIntfEstDynDescr)"
13773156470,13888,258680,35,1,1,128,1,1,16,0.000,0.000,,,,,NVIDIA A100-SXM4-40GB MIG 4g.20gb (0),1,,13,cupy_copy__complex64_complex64
13773797999,5375,258689,1,1,1,1,1,1,18,0.000,0.000,,,,,NVIDIA A100-SXM4-40GB MIG 4g.20gb (0),1,,13,cupy_copy__float32_float32
13773809742,1728,258695,,,,,,,,,,0.000,2.315,Device,Pageable,NVIDIA A100-SXM4-40GB MIG 4g.20gb (0),1,,7,[CUDA memcpy Device-to-Host]
13774480519,21312,258706,1434,1,1,128,1,1,16,0.000,0.000,,,,,NVIDIA A100-SXM4-40GB MIG 4g.20gb (0),1,,13,cupy_copy__complex64_complex64
13774860963,14175,258713,103,1,1,128,1,1,16,0.000,0.000,,,,,NVIDIA A100-SXM4-40GB MIG 4g.20gb (0),1,,13,cupy_copy__complex64_complex64
13775444700,9984,258720,35,1,1,128,1,1,16,0.000,0.000,,,,,NVIDIA A100-SXM4-40GB MIG 4g.20gb (0),1,,13,cupy_copy__complex64_complex64
13775754552,5088,258727,1,1,1,1,1,1,18,0.000,0.000,,,,,NVIDIA A100-SXM4-40GB MIG 4g.20gb (0),1,,13,cupy_copy__float32_float32
13776190868,279900,258738,1,1,1,32,32,1,30,0.000,0.000,,,,,NVIDIA A100-SXM4-40GB MIG 4g.20gb (0),1,,13,"void convert_kernel<__half2, float2>(tensor_layout_any, T1 *, tensor_layout_any, const T2 *)"
13776503920,5888,258741,,,,,,,,,,0.094,15912.954,Pinned,Device,NVIDIA A100-SXM4-40GB MIG 4g.20gb (0),1,,13,[CUDA memcpy Host-to-Device]
13776803757,12607,258742,,,,,,,,,,1.547,122679.762,Device,,NVIDIA A100-SXM4-40GB MIG 4g.20gb (0),1,,13,[CUDA memset]
13776822604,4288,258747,,,,,,,,,,0.031,7298.478,Pinned,Device,NVIDIA A100-SXM4-40GB MIG 4g.20gb (0),1,,13,[CUDA memcpy Host-to-Device]
13776833260,16128,258748,,,,,,,,,,0.197,12190.286,Pinned,Device,NVIDIA A100-SXM4-40GB MIG 4g.20gb (0),1,,13,[CUDA memcpy Host-to-Device]
13777401350,33119,258749,273,1,1,8,4,1,39,0.002,0.000,,,,,NVIDIA A100-SXM4-40GB MIG 4g.20gb (0),1,,13,"void channel_eq::eqMmseCoefCompLowMimoKernel<float, float, float, (unsigned int)4, (unsigned int)1, (unsigned int)4>(const channel_eq::_puschRxChEqStatDescr *, channel_eq::_puschRxChEqCoefCompDynDescr)"
13778026239,32735,258750,273,1,1,12,11,1,51,0.002,0.000,,,,,NVIDIA A100-SXM4-40GB MIG 4g.20gb (0),1,,13,"void channel_eq::eqMmseSoftDemapKernel<float, __half, __half, float, (unsigned int)4, (unsigned short)16383>(channel_eq::_puschRxChEqStatDescr *, channel_eq::_puschRxChEqSoftDemapDynDescr)"
13778372635,686232,258751,1,1,1,32,32,1,30,0.000,0.000,,,,,NVIDIA A100-SXM4-40GB MIG 4g.20gb (0),1,,13,"void convert_kernel<float2, __half2>(tensor_layout_any, T1 *, tensor_layout_any, const T2 *)"
13779340624,26368,258763,2253,1,1,128,1,1,16,0.000,0.000,,,,,NVIDIA A100-SXM4-40GB MIG 4g.20gb (0),1,,13,cupy_copy__float16_float16
13779909162,5792,258772,282,1,1,128,1,1,16,0.000,0.000,,,,,NVIDIA A100-SXM4-40GB MIG 4g.20gb (0),1,,13,cupy_copy__complex64_complex64
13780302117,7072,258781,26,1,1,128,1,1,16,0.000,0.000,,,,,NVIDIA A100-SXM4-40GB MIG 4g.20gb (0),1,,13,cupy_copy__float32_float32
13780558914,6464,258790,103,1,1,128,1,1,16,0.000,0.000,,,,,NVIDIA A100-SXM4-40GB MIG 4g.20gb (0),1,,13,cupy_copy__complex64_complex64
13780912798,25472,258800,1434,1,1,128,1,1,16,0.000,0.000,,,,,NVIDIA A100-SXM4-40GB MIG 4g.20gb (0),1,,13,cupy_copy__complex64_complex64
13781535639,260733,258805,1,1,1,32,32,1,30,0.000,0.000,,,,,NVIDIA A100-SXM4-40GB MIG 4g.20gb (0),1,,13,"void convert_kernel<__half2, float2>(tensor_layout_any, T1 *, tensor_layout_any, const T2 *)"
13781831764,9280,258808,,,,,,,,,,0.094,10096.494,Pinned,Device,NVIDIA A100-SXM4-40GB MIG 4g.20gb (0),1,,13,[CUDA memcpy Host-to-Device]
13782212880,621369,258809,,,,,,,,,,456.561,734607.357,Device,,NVIDIA A100-SXM4-40GB MIG 4g.20gb (0),1,,13,[CUDA memset]
13782839176,66240,258814,,,,,,,,,,1.235,18642.715,Pinned,Device,NVIDIA A100-SXM4-40GB MIG 4g.20gb (0),1,,13,[CUDA memcpy Host-to-Device]
13782908264,9888,258815,,,,,,,,,,0.197,19883.360,Pinned,Device,NVIDIA A100-SXM4-40GB MIG 4g.20gb (0),1,,13,[CUDA memcpy Host-to-Device]
13783540577,41823,258816,69,4,1,48,1,1,76,0.002,0.000,,,,,NVIDIA A100-SXM4-40GB MIG 4g.20gb (0),1,,13,"void ch_est::windowedChEstPreNoDftSOfdmKernel<float, __half, float, (unsigned int)2, (unsigned int)1, (unsigned short)4>(ch_est::puschRxChEstStatDescr_t *, ch_est::puschRxChEstDynDescr_t *)"
13784130874,27328,258817,137,2,1,24,2,1,44,0.001,0.001,,,,,NVIDIA A100-SXM4-40GB MIG 4g.20gb (0),1,,13,"void ch_est::chEstFilterNoDftSOfdmDispatchKernel<float, __half, float, (unsigned int)2>(ch_est::puschRxChEstStatDescr_t *, ch_est::puschRxChEstDynDescr_t *)"
13784697876,11103,258818,137,2,1,24,2,1,44,0.001,0.001,,,,,NVIDIA A100-SXM4-40GB MIG 4g.20gb (0),1,,13,"void ch_est::chEstFilterNoDftSOfdmDispatchKernel<float, __half, float, (unsigned int)2>(ch_est::puschRxChEstStatDescr_t *, ch_est::puschRxChEstDynDescr_t *)"
13785118287,11136,258829,103,1,1,128,1,1,16,0.000,0.000,,,,,NVIDIA A100-SXM4-40GB MIG 4g.20gb (0),1,,13,cupy_copy__complex64_complex64
13785383980,24895,258839,1434,1,1,128,1,1,16,0.000,0.000,,,,,NVIDIA A100-SXM4-40GB MIG 4g.20gb (0),1,,13,cupy_copy__complex64_complex64
13785853958,9696,258846,103,1,1,128,1,1,16,0.000,0.000,,,,,NVIDIA A100-SXM4-40GB MIG 4g.20gb (0),1,,13,cupy_copy__complex64_complex64
13786192355,261757,258853,1,1,1,32,32,1,30,0.000,0.000,,,,,NVIDIA A100-SXM4-40GB MIG 4g.20gb (0),1,,13,"void convert_kernel<__half2, float2>(tensor_layout_any, T1 *, tensor_layout_any, const T2 *)"
13786484031,11008,258856,,,,,,,,,,0.094,8511.626,Pinned,Device,NVIDIA A100-SXM4-40GB MIG 4g.20gb (0),1,,13,[CUDA memcpy Host-to-Device]
13786870203,63167,258857,,,,,,,,,,35.810,566906.844,Device,,NVIDIA A100-SXM4-40GB MIG 4g.20gb (0),1,,13,[CUDA memset]
13786941338,7264,258859,,,,,,,,,,0.000,11.013,Pinned,Device,NVIDIA A100-SXM4-40GB MIG 4g.20gb (0),1,,13,[CUDA memcpy Host-to-Device]
13786951290,17088,258860,,,,,,,,,,0.197,11505.500,Pinned,Device,NVIDIA A100-SXM4-40GB MIG 4g.20gb (0),1,,13,[CUDA memcpy Host-to-Device]
13787596947,40767,258861,273,1,1,48,1,1,40,0.000,0.001,,,,,NVIDIA A100-SXM4-40GB MIG 4g.20gb (0),1,,13,"void pusch_noise_intf_est::noiseIntfEstNoDftSOfdmKernel<float, __half, float, float, (unsigned int)2, (unsigned int)1, (unsigned char)4, (unsigned char)4>(pusch_noise_intf_est::puschRxNoiseIntfEstDynDescr)"
13788207660,15776,258872,35,1,1,128,1,1,16,0.000,0.000,,,,,NVIDIA A100-SXM4-40GB MIG 4g.20gb (0),1,,13,cupy_copy__complex64_complex64
13788783109,4160,258881,1,1,1,1,1,1,18,0.000,0.000,,,,,NVIDIA A100-SXM4-40GB MIG 4g.20gb (0),1,,13,cupy_copy__float32_float32
13788794757,1920,258887,,,,,,,,,,0.000,2.083,Device,Pageable,NVIDIA A100-SXM4-40GB MIG 4g.20gb (0),1,,7,[CUDA memcpy Device-to-Host]
13789214113,22239,258898,1434,1,1,128,1,1,16,0.000,0.000,,,,,NVIDIA A100-SXM4-40GB MIG 4g.20gb (0),1,,13,cupy_copy__complex64_complex64
13789589052,8288,258905,103,1,1,128,1,1,16,0.000,0.000,,,,,NVIDIA A100-SXM4-40GB MIG 4g.20gb (0),1,,13,cupy_copy__complex64_complex64
13789920313,9311,258912,35,1,1,128,1,1,16,0.000,0.000,,,,,NVIDIA A100-SXM4-40GB MIG 4g.20gb (0),1,,13,cupy_copy__complex64_complex64
13790286388,4544,258919,1,1,1,1,1,1,18,0.000,0.000,,,,,NVIDIA A100-SXM4-40GB MIG 4g.20gb (0),1,,13,cupy_copy__float32_float32
13790646992,253630,258930,1,1,1,32,32,1,30,0.000,0.000,,,,,NVIDIA A100-SXM4-40GB MIG 4g.20gb (0),1,,13,"void convert_kernel<__half2, float2>(tensor_layout_any, T1 *, tensor_layout_any, const T2 *)"
13790929677,6112,258933,,,,,,,,,,0.094,15329.790,Pinned,Device,NVIDIA A100-SXM4-40GB MIG 4g.20gb (0),1,,13,[CUDA memcpy Host-to-Device]
13791317833,11168,258934,,,,,,,,,,1.547,138486.260,Device,,NVIDIA A100-SXM4-40GB MIG 4g.20gb (0),1,,13,[CUDA memset]
13791331337,7168,258939,,,,,,,,,,0.031,4366.042,Pinned,Device,NVIDIA A100-SXM4-40GB MIG 4g.20gb (0),1,,13,[CUDA memcpy Host-to-Device]
13791341545,16159,258940,,,,,,,,,,0.197,12167.086,Pinned,Device,NVIDIA A100-SXM4-40GB MIG 4g.20gb (0),1,,13,[CUDA memcpy Host-to-Device]
13791871011,19743,258941,273,1,1,8,4,1,39,0.002,0.000,,,,,NVIDIA A100-SXM4-40GB MIG 4g.20gb (0),1,,13,"void channel_eq::eqMmseCoefCompLowMimoKernel<float, float, float, (unsigned int)4, (unsigned int)1, (unsigned int)4>(const channel_eq::_puschRxChEqStatDescr *, channel_eq::_puschRxChEqCoefCompDynDescr)"
13792224255,19423,258942,273,1,1,12,11,1,51,0.002,0.000,,,,,NVIDIA A100-SXM4-40GB MIG 4g.20gb (0),1,,13,"void channel_eq::eqMmseSoftDemapKernel<float, __half, __half, float, (unsigned int)4, (unsigned short)16383>(channel_eq::_puschRxChEqStatDescr *, channel_eq::_puschRxChEqSoftDemapDynDescr)"
13792579067,662168,258943,1,1,1,32,32,1,30,0.000,0.000,,,,,NVIDIA A100-SXM4-40GB MIG 4g.20gb (0),1,,13,"void convert_kernel<float2, __half2>(tensor_layout_any, T1 *, tensor_layout_any, const T2 *)"
13793759757,20672,258955,2253,1,1,128,1,1,16,0.000,0.000,,,,,NVIDIA A100-SXM4-40GB MIG 4g.20gb (0),1,,13,cupy_copy__float16_float16
13794081514,11423,258964,282,1,1,128,1,1,16,0.000,0.000,,,,,NVIDIA A100-SXM4-40GB MIG 4g.20gb (0),1,,13,cupy_copy__complex64_complex64
13794383430,6560,258973,26,1,1,128,1,1,16,0.000,0.000,,,,,NVIDIA A100-SXM4-40GB MIG 4g.20gb (0),1,,13,cupy_copy__float32_float32
13794669795,6432,258982,103,1,1,128,1,1,16,0.000,0.000,,,,,NVIDIA A100-SXM4-40GB MIG 4g.20gb (0),1,,13,cupy_copy__complex64_complex64
13795028127,21344,258992,1434,1,1,128,1,1,16,0.000,0.000,,,,,NVIDIA A100-SXM4-40GB MIG 4g.20gb (0),1,,13,cupy_copy__complex64_complex64
13795297116,259709,258997,1,1,1,32,32,1,30,0.000,0.000,,,,,NVIDIA A100-SXM4-40GB MIG 4g.20gb (0),1,,13,"void convert_kernel<__half2, float2>(tensor_layout_any, T1 *, tensor_layout_any, const T2 *)"
13795588153,5472,259000,,,,,,,,,,0.094,17122.757,Pinned,Device,NVIDIA A100-SXM4-40GB MIG 4g.20gb (0),1,,13,[CUDA memcpy Host-to-Device]
13795884629,695992,259001,,,,,,,,,,456.561,655622.228,Device,,NVIDIA A100-SXM4-40GB MIG 4g.20gb (0),1,,13,[CUDA memset]
13796589965,67776,259006,,,,,,,,,,1.235,18220.364,Pinned,Device,NVIDIA A100-SXM4-40GB MIG 4g.20gb (0),1,,13,[CUDA memcpy Host-to-Device]
13796662188,10176,259007,,,,,,,,,,0.197,19320.668,Pinned,Device,NVIDIA A100-SXM4-40GB MIG 4g.20gb (0),1,,13,[CUDA memcpy Host-to-Device]
13797245190,22016,259008,69,4,1,48,1,1,76,0.002,0.000,,,,,NVIDIA A100-SXM4-40GB MIG 4g.20gb (0),1,,13,"void ch_est::windowedChEstPreNoDftSOfdmKernel<float, __half, float, (unsigned int)2, (unsigned int)1, (unsigned short)4>(ch_est::puschRxChEstStatDescr_t *, ch_est::puschRxChEstDynDescr_t *)"
13797753696,16672,259009,137,2,1,24,2,1,44,0.001,0.001,,,,,NVIDIA A100-SXM4-40GB MIG 4g.20gb (0),1,,13,"void ch_est::chEstFilterNoDftSOfdmDispatchKernel<float, __half, float, (unsigned int)2>(ch_est::puschRxChEstStatDescr_t *, ch_est::puschRxChEstDynDescr_t *)"
13798194683,14976,259010,137,2,1,24,2,1,44,0.001,0.001,,,,,NVIDIA A100-SXM4-40GB MIG 4g.20gb (0),1,,13,"void ch_est::chEstFilterNoDftSOfdmDispatchKernel<float, __half, float, (unsigned int)2>(ch_est::puschRxChEstStatDescr_t *, ch_est::puschRxChEstDynDescr_t *)"
13798757173,9248,259021,103,1,1,128,1,1,16,0.000,0.000,,,,,NVIDIA A100-SXM4-40GB MIG 4g.20gb (0),1,,13,cupy_copy__complex64_complex64
13799234927,26144,259031,1434,1,1,128,1,1,16,0.000,0.000,,,,,NVIDIA A100-SXM4-40GB MIG 4g.20gb (0),1,,13,cupy_copy__complex64_complex64
13799825513,5280,259038,103,1,1,128,1,1,16,0.000,0.000,,,,,NVIDIA A100-SXM4-40GB MIG 4g.20gb (0),1,,13,cupy_copy__complex64_complex64
13800279588,270333,259045,1,1,1,32,32,1,30,0.000,0.000,,,,,NVIDIA A100-SXM4-40GB MIG 4g.20gb (0),1,,13,"void convert_kernel<__half2, float2>(tensor_layout_any, T1 *, tensor_layout_any, const T2 *)"
13800581088,6048,259048,,,,,,,,,,0.094,15491.978,Pinned,Device,NVIDIA A100-SXM4-40GB MIG 4g.20gb (0),1,,13,[CUDA memcpy Host-to-Device]
13800935676,53344,259049,,,,,,,,,,35.810,671292.760,Device,,NVIDIA A100-SXM4-40GB MIG 4g.20gb (0),1,,13,[CUDA memset]
13800994556,3424,259051,,,,,,,,,,0.000,23.364,Pinned,Device,NVIDIA A100-SXM4-40GB MIG 4g.20gb (0),1,,13,[CUDA memcpy Host-to-Device]
13801003099,16288,259052,,,,,,,,,,0.197,12070.552,Pinned,Device,NVIDIA A100-SXM4-40GB MIG 4g.20gb (0),1,,13,[CUDA memcpy Host-to-Device]
13801668468,20576,259053,273,1,1,48,1,1,40,0.000,0.001,,,,,NVIDIA A100-SXM4-40GB MIG 4g.20gb (0),1,,13,"void pusch_noise_intf_est::noiseIntfEstNoDftSOfdmKernel<float, __half, float, float, (unsigned int)2, (unsigned int)1, (unsigned char)4, (unsigned char)4>(pusch_noise_intf_est::puschRxNoiseIntfEstDynDescr)"
13802319277,14623,259064,35,1,1,128,1,1,16,0.000,0.000,,,,,NVIDIA A100-SXM4-40GB MIG 4g.20gb (0),1,,13,cupy_copy__complex64_complex64
13802972901,3968,259073,1,1,1,1,1,1,18,0.000,0.000,,,,,NVIDIA A100-SXM4-40GB MIG 4g.20gb (0),1,,13,cupy_copy__float32_float32
13802985189,6208,259079,,,,,,,,,,0.000,0.644,Device,Pageable,NVIDIA A100-SXM4-40GB MIG 4g.20gb (0),1,,7,[CUDA memcpy Device-to-Host]
13803677949,23520,259090,1434,1,1,128,1,1,16,0.000,0.000,,,,,NVIDIA A100-SXM4-40GB MIG 4g.20gb (0),1,,13,cupy_copy__complex64_complex64
13804305142,7072,259097,103,1,1,128,1,1,16,0.000,0.000,,,,,NVIDIA A100-SXM4-40GB MIG 4g.20gb (0),1,,13,cupy_copy__complex64_complex64
13804926255,10912,259104,35,1,1,128,1,1,16,0.000,0.000,,,,,NVIDIA A100-SXM4-40GB MIG 4g.20gb (0),1,,13,cupy_copy__complex64_complex64
13805480105,3584,259111,1,1,1,1,1,1,18,0.000,0.000,,,,,NVIDIA A100-SXM4-40GB MIG 4g.20gb (0),1,,13,cupy_copy__float32_float32
13805870533,244605,259122,1,1,1,32,32,1,30,0.000,0.000,,,,,NVIDIA A100-SXM4-40GB MIG 4g.20gb (0),1,,13,"void convert_kernel<__half2, float2>(tensor_layout_any, T1 *, tensor_layout_any, const T2 *)"
13806146753,6464,259125,,,,,,,,,,0.094,14494.959,Pinned,Device,NVIDIA A100-SXM4-40GB MIG 4g.20gb (0),1,,13,[CUDA memcpy Host-to-Device]
13806525149,5152,259126,,,,,,,,,,1.547,300198.172,Device,,NVIDIA A100-SXM4-40GB MIG 4g.20gb (0),1,,13,[CUDA memset]
13806535517,4640,259131,,,,,,,,,,0.031,6744.820,Pinned,Device,NVIDIA A100-SXM4-40GB MIG 4g.20gb (0),1,,13,[CUDA memcpy Host-to-Device]
13806544509,10272,259132,,,,,,,,,,0.197,19140.182,Pinned,Device,NVIDIA A100-SXM4-40GB MIG 4g.20gb (0),1,,13,[CUDA memcpy Host-to-Device]
13806936697,30783,259133,273,1,1,8,4,1,39,0.002,0.000,,,,,NVIDIA A100-SXM4-40GB MIG 4g.20gb (0),1,,13,"void channel_eq::eqMmseCoefCompLowMimoKernel<float, float, float, (unsigned int)4, (unsigned int)1, (unsigned int)4>(const channel_eq::_puschRxChEqStatDescr *, channel_eq::_puschRxChEqCoefCompDynDescr)"
13807533490,38783,259134,273,1,1,12,11,1,51,0.002,0.000,,,,,NVIDIA A100-SXM4-40GB MIG 4g.20gb (0),1,,13,"void channel_eq::eqMmseSoftDemapKernel<float, __half, __half, float, (unsigned int)4, (unsigned short)16383>(channel_eq::_puschRxChEqStatDescr *, channel_eq::_puschRxChEqSoftDemapDynDescr)"
13808158507,693848,259135,1,1,1,32,32,1,30,0.000,0.000,,,,,NVIDIA A100-SXM4-40GB MIG 4g.20gb (0),1,,13,"void convert_kernel<float2, __half2>(tensor_layout_any, T1 *, tensor_layout_any, const T2 *)"
13809347069,16608,259147,2253,1,1,128,1,1,16,0.000,0.000,,,,,NVIDIA A100-SXM4-40GB MIG 4g.20gb (0),1,,13,cupy_copy__float16_float16
13809691161,5664,259156,282,1,1,128,1,1,16,0.000,0.000,,,,,NVIDIA A100-SXM4-40GB MIG 4g.20gb (0),1,,13,cupy_copy__complex64_complex64
13810086805,7072,259165,26,1,1,128,1,1,16,0.000,0.000,,,,,NVIDIA A100-SXM4-40GB MIG 4g.20gb (0),1,,13,cupy_copy__float32_float32
13810408049,9984,259174,103,1,1,128,1,1,16,0.000,0.000,,,,,NVIDIA A100-SXM4-40GB MIG 4g.20gb (0),1,,13,cupy_copy__complex64_complex64
13810655759,19647,259184,1434,1,1,128,1,1,16,0.000,0.000,,,,,NVIDIA A100-SXM4-40GB MIG 4g.20gb (0),1,,13,cupy_copy__complex64_complex64
13811022282,260445,259189,1,1,1,32,32,1,30,0.000,0.000,,,,,NVIDIA A100-SXM4-40GB MIG 4g.20gb (0),1,,13,"void convert_kernel<__half2, float2>(tensor_layout_any, T1 *, tensor_layout_any, const T2 *)"
13811316359,8960,259192,,,,,,,,,,0.094,10457.129,Pinned,Device,NVIDIA A100-SXM4-40GB MIG 4g.20gb (0),1,,13,[CUDA memcpy Host-to-Device]
13811633284,651800,259193,,,,,,,,,,456.561,700365.249,Device,,NVIDIA A100-SXM4-40GB MIG 4g.20gb (0),1,,13,[CUDA memset]
13812293308,60959,259198,,,,,,,,,,1.235,20258.021,Pinned,Device,NVIDIA A100-SXM4-40GB MIG 4g.20gb (0),1,,13,[CUDA memcpy Host-to-Device]
13812356731,9824,259199,,,,,,,,,,0.197,20012.925,Pinned,Device,NVIDIA A100-SXM4-40GB MIG 4g.20gb (0),1,,13,[CUDA memcpy Host-to-Device]
13812852246,14688,259200,69,4,1,48,1,1,76,0.002,0.000,,,,,NVIDIA A100-SXM4-40GB MIG 4g.20gb (0),1,,13,"void ch_est::windowedChEstPreNoDftSOfdmKernel<float, __half, float, (unsigned int)2, (unsigned int)1, (unsigned short)4>(ch_est::puschRxChEstStatDescr_t *, ch_est::puschRxChEstDynDescr_t *)"
13813204274,34751,259201,137,2,1,24,2,1,44,0.001,0.001,,,,,NVIDIA A100-SXM4-40GB MIG 4g.20gb (0),1,,13,"void ch_est::chEstFilterNoDftSOfdmDispatchKernel<float, __half, float, (unsigned int)2>(ch_est::puschRxChEstStatDescr_t *, ch_est::puschRxChEstDynDescr_t *)"
13813829483,42879,259202,137,2,1,24,2,1,44,0.001,0.001,,,,,NVIDIA A100-SXM4-40GB MIG 4g.20gb (0),1,,13,"void ch_est::chEstFilterNoDftSOfdmDispatchKernel<float, __half, float, (unsigned int)2>(ch_est::puschRxChEstStatDescr_t *, ch_est::puschRxChEstDynDescr_t *)"
13814320869,20000,259213,103,1,1,128,1,1,16,0.000,0.000,,,,,NVIDIA A100-SXM4-40GB MIG 4g.20gb (0),1,,13,cupy_copy__complex64_complex64
13814861247,22208,259223,1434,1,1,128,1,1,16,0.000,0.000,,,,,NVIDIA A100-SXM4-40GB MIG 4g.20gb (0),1,,13,cupy_copy__complex64_complex64
13815381657,6336,259230,103,1,1,128,1,1,16,0.000,0.000,,,,,NVIDIA A100-SXM4-40GB MIG 4g.20gb (0),1,,13,cupy_copy__complex64_complex64
13815962227,265213,259237,1,1,1,32,32,1,30,0.000,0.000,,,,,NVIDIA A100-SXM4-40GB MIG 4g.20gb (0),1,,13,"void convert_kernel<__half2, float2>(tensor_layout_any, T1 *, tensor_layout_any, const T2 *)"
13816258479,6016,259240,,,,,,,,,,0.094,15574.430,Pinned,Device,NVIDIA A100-SXM4-40GB MIG 4g.20gb (0),1,,13,[CUDA memcpy Host-to-Device]
13816790217,64992,259241,,,,,,,,,,35.810,550971.429,Device,,NVIDIA A100-SXM4-40GB MIG 4g.20gb (0),1,,13,[CUDA memset]
13816864296,2048,259243,,,,,,,,,,0.000,39.062,Pinned,Device,NVIDIA A100-SXM4-40GB MIG 4g.20gb (0),1,,13,[CUDA memcpy Host-to-Device]
13816875592,18144,259244,,,,,,,,,,0.197,10835.853,Pinned,Device,NVIDIA A100-SXM4-40GB MIG 4g.20gb (0),1,,13,[CUDA memcpy Host-to-Device]
13817603232,41632,259245,273,1,1,48,1,1,40,0.000,0.001,,,,,NVIDIA A100-SXM4-40GB MIG 4g.20gb (0),1,,13,"void pusch_noise_intf_est::noiseIntfEstNoDftSOfdmKernel<float, __half, float, float, (unsigned int)2, (unsigned int)1, (unsigned char)4, (unsigned char)4>(pusch_noise_intf_est::puschRxNoiseIntfEstDynDescr)"
13818325784,17376,259256,35,1,1,128,1,1,16,0.000,0.000,,,,,NVIDIA A100-SXM4-40GB MIG 4g.20gb (0),1,,13,cupy_copy__complex64_complex64
13819023184,5056,259265,1,1,1,1,1,1,18,0.000,0.000,,,,,NVIDIA A100-SXM4-40GB MIG 4g.20gb (0),1,,13,cupy_copy__float32_float32
13819037616,1920,259271,,,,,,,,,,0.000,2.083,Device,Pageable,NVIDIA A100-SXM4-40GB MIG 4g.20gb (0),1,,7,[CUDA memcpy Device-to-Host]
13819760232,25983,259282,1434,1,1,128,1,1,16,0.000,0.000,,,,,NVIDIA A100-SXM4-40GB MIG 4g.20gb (0),1,,13,cupy_copy__complex64_complex64
13820491104,14783,259289,103,1,1,128,1,1,16,0.000,0.000,,,,,NVIDIA A100-SXM4-40GB MIG 4g.20gb (0),1,,13,cupy_copy__complex64_complex64
13821211383,5248,259296,35,1,1,128,1,1,16,0.000,0.000,,,,,NVIDIA A100-SXM4-40GB MIG 4g.20gb (0),1,,13,cupy_copy__complex64_complex64
13821650130,3776,259303,1,1,1,1,1,1,18,0.000,0.000,,,,,NVIDIA A100-SXM4-40GB MIG 4g.20gb (0),1,,13,cupy_copy__float32_float32
13822208204,271933,259314,1,1,1,32,32,1,30,0.000,0.000,,,,,NVIDIA A100-SXM4-40GB MIG 4g.20gb (0),1,,13,"void convert_kernel<__half2, float2>(tensor_layout_any, T1 *, tensor_layout_any, const T2 *)"
13822512169,5760,259317,,,,,,,,,,0.094,16266.656,Pinned,Device,NVIDIA A100-SXM4-40GB MIG 4g.20gb (0),1,,13,[CUDA memcpy Host-to-Device]
13823112290,9824,259318,,,,,,,,,,1.547,157432.404,Device,,NVIDIA A100-SXM4-40GB MIG 4g.20gb (0),1,,13,[CUDA memset]
13823125538,7616,259323,,,,,,,,,,0.031,4109.227,Pinned,Device,NVIDIA A100-SXM4-40GB MIG 4g.20gb (0),1,,13,[CUDA memcpy Host-to-Device]
13823135746,13024,259324,,,,,,,,,,0.197,15095.759,Pinned,Device,NVIDIA A100-SXM4-40GB MIG 4g.20gb (0),1,,13,[CUDA memcpy Host-to-Device]
13823785882,28064,259325,273,1,1,8,4,1,39,0.002,0.000,,,,,NVIDIA A100-SXM4-40GB MIG 4g.20gb (0),1,,13,"void channel_eq::eqMmseCoefCompLowMimoKernel<float, float, float, (unsigned int)4, (unsigned int)1, (unsigned int)4>(const channel_eq::_puschRxChEqStatDescr *, channel_eq::_puschRxChEqCoefCompDynDescr)"
13824356756,40031,259326,273,1,1,12,11,1,51,0.002,0.000,,,,,NVIDIA A100-SXM4-40GB MIG 4g.20gb (0),1,,13,"void channel_eq::eqMmseSoftDemapKernel<float, __half, __half, float, (unsigned int)4, (unsigned short)16383>(channel_eq::_puschRxChEqStatDescr *, channel_eq::_puschRxChEqSoftDemapDynDescr)"
13824943053,686649,259327,1,1,1,32,32,1,30,0.000,0.000,,,,,NVIDIA A100-SXM4-40GB MIG 4g.20gb (0),1,,13,"void convert_kernel<float2, __half2>(tensor_layout_any, T1 *, tensor_layout_any, const T2 *)"
13826088992,21152,259339,2253,1,1,128,1,1,16,0.000,0.000,,,,,NVIDIA A100-SXM4-40GB MIG 4g.20gb (0),1,,13,cupy_copy__float16_float16
13826643194,20128,259348,282,1,1,128,1,1,16,0.000,0.000,,,,,NVIDIA A100-SXM4-40GB MIG 4g.20gb (0),1,,13,cupy_copy__complex64_complex64
13826889751,4384,259357,26,1,1,128,1,1,16,0.000,0.000,,,,,NVIDIA A100-SXM4-40GB MIG 4g.20gb (0),1,,13,cupy_copy__float32_float32
13827241267,6432,259366,103,1,1,128,1,1,16,0.000,0.000,,,,,NVIDIA A100-SXM4-40GB MIG 4g.20gb (0),1,,13,cupy_copy__complex64_complex64
13827603311,24704,259376,1434,1,1,128,1,1,16,0.000,0.000,,,,,NVIDIA A100-SXM4-40GB MIG 4g.20gb (0),1,,13,cupy_copy__complex64_complex64
13828179145,258109,259381,1,1,1,32,32,1,30,0.000,0.000,,,,,NVIDIA A100-SXM4-40GB MIG 4g.20gb (0),1,,13,"void convert_kernel<__half2, float2>(tensor_layout_any, T1 *, tensor_layout_any, const T2 *)"
13828480229,6048,259384,,,,,,,,,,0.094,15491.978,Pinned,Device,NVIDIA A100-SXM4-40GB MIG 4g.20gb (0),1,,13,[CUDA memcpy Host-to-Device]
13828799874,699416,259385,,,,,,,,,,456.561,652426.298,Device,,NVIDIA A100-SXM4-40GB MIG 4g.20gb (0),1,,13,[CUDA memset]
13829506490,62303,259390,,,,,,,,,,1.235,19820.851,Pinned,Device,NVIDIA A100-SXM4-40GB MIG 4g.20gb (0),1,,13,[CUDA memcpy Host-to-Device]
13829574617,9984,259391,,,,,,,,,,0.197,19692.257,Pinned,Device,NVIDIA A100-SXM4-40GB MIG 4g.20gb (0),1,,13,[CUDA memcpy Host-to-Device]
13830151795,30367,259392,69,4,1,48,1,1,76,0.002,0.000,,,,,NVIDIA A100-SXM4-40GB MIG 4g.20gb (0),1,,13,"void ch_est::windowedChEstPreNoDftSOfdmKernel<float, __half, float, (unsigned int)2, (unsigned int)1, (unsigned short)4>(ch_est::puschRxChEstStatDescr_t *, ch_est::puschRxChEstDynDescr_t *)"
13830764588,13471,259393,137,2,1,24,2,1,44,0.001,0.001,,,,,NVIDIA A100-SXM4-40GB MIG 4g.20gb (0),1,,13,"void ch_est::chEstFilterNoDftSOfdmDispatchKernel<float, __half, float, (unsigned int)2>(ch_est::puschRxChEstStatDescr_t *, ch_est::puschRxChEstDynDescr_t *)"
13831125928,15135,259394,137,2,1,24,2,1,44,0.001,0.001,,,,,NVIDIA A100-SXM4-40GB MIG 4g.20gb (0),1,,13,"void ch_est::chEstFilterNoDftSOfdmDispatchKernel<float, __half, float, (unsigned int)2>(ch_est::puschRxChEstStatDescr_t *, ch_est::puschRxChEstDynDescr_t *)"
13831573698,10528,259405,103,1,1,128,1,1,16,0.000,0.000,,,,,NVIDIA A100-SXM4-40GB MIG 4g.20gb (0),1,,13,cupy_copy__complex64_complex64
13832136636,21728,259415,1434,1,1,128,1,1,16,0.000,0.000,,,,,NVIDIA A100-SXM4-40GB MIG 4g.20gb (0),1,,13,cupy_copy__complex64_complex64
13832452729,6687,259422,103,1,1,128,1,1,16,0.000,0.000,,,,,NVIDIA A100-SXM4-40GB MIG 4g.20gb (0),1,,13,cupy_copy__complex64_complex64
13832835028,261469,259429,1,1,1,32,32,1,30,0.000,0.000,,,,,NVIDIA A100-SXM4-40GB MIG 4g.20gb (0),1,,13,"void convert_kernel<__half2, float2>(tensor_layout_any, T1 *, tensor_layout_any, const T2 *)"
13833130257,18560,259432,,,,,,,,,,0.094,5048.247,Pinned,Device,NVIDIA A100-SXM4-40GB MIG 4g.20gb (0),1,,13,[CUDA memcpy Host-to-Device]
13833443661,72960,259433,,,,,,,,,,35.810,490810.764,Device,,NVIDIA A100-SXM4-40GB MIG 4g.20gb (0),1,,13,[CUDA memset]
13833525004,11936,259435,,,,,,,,,,0.000,6.702,Pinned,Device,NVIDIA A100-SXM4-40GB MIG 4g.20gb (0),1,,13,[CUDA memcpy Host-to-Device]
13833542220,11936,259436,,,,,,,,,,0.197,16471.818,Pinned,Device,NVIDIA A100-SXM4-40GB MIG 4g.20gb (0),1,,13,[CUDA memcpy Host-to-Device]
13833926056,39071,259437,273,1,1,48,1,1,40,0.000,0.001,,,,,NVIDIA A100-SXM4-40GB MIG 4g.20gb (0),1,,13,"void pusch_noise_intf_est::noiseIntfEstNoDftSOfdmKernel<float, __half, float, float, (unsigned int)2, (unsigned int)1, (unsigned char)4, (unsigned char)4>(pusch_noise_intf_est::puschRxNoiseIntfEstDynDescr)"
13834620576,11616,259448,35,1,1,128,1,1,16,0.000,0.000,,,,,NVIDIA A100-SXM4-40GB MIG 4g.20gb (0),1,,13,cupy_copy__complex64_complex64
13835282041,12159,259457,1,1,1,1,1,1,18,0.000,0.000,,,,,NVIDIA A100-SXM4-40GB MIG 4g.20gb (0),1,,13,cupy_copy__float32_float32
13835301176,8192,259463,,,,,,,,,,0.000,0.488,Device,Pageable,NVIDIA A100-SXM4-40GB MIG 4g.20gb (0),1,,7,[CUDA memcpy Device-to-Host]
13835982673,40799,259474,1434,1,1,128,1,1,16,0.000,0.000,,,,,NVIDIA A100-SXM4-40GB MIG 4g.20gb (0),1,,13,cupy_copy__complex64_complex64
13836667593,15168,259481,103,1,1,128,1,1,16,0.000,0.000,,,,,NVIDIA A100-SXM4-40GB MIG 4g.20gb (0),1,,13,cupy_copy__complex64_complex64
13837280898,5472,259488,35,1,1,128,1,1,16,0.000,0.000,,,,,NVIDIA A100-SXM4-40GB MIG 4g.20gb (0),1,,13,cupy_copy__complex64_complex64
13837691197,4384,259495,1,1,1,1,1,1,18,0.000,0.000,,,,,NVIDIA A100-SXM4-40GB MIG 4g.20gb (0),1,,13,cupy_copy__float32_float32
13838093305,244093,259506,1,1,1,32,32,1,30,0.000,0.000,,,,,NVIDIA A100-SXM4-40GB MIG 4g.20gb (0),1,,13,"void convert_kernel<__half2, float2>(tensor_layout_any, T1 *, tensor_layout_any, const T2 *)"
13838368822,5664,259509,,,,,,,,,,0.094,16542.310,Pinned,Device,NVIDIA A100-SXM4-40GB MIG 4g.20gb (0),1,,13,[CUDA memcpy Host-to-Device]
13838737298,11423,259510,,,,,,,,,,1.547,135394.558,Device,,NVIDIA A100-SXM4-40GB MIG 4g.20gb (0),1,,13,[CUDA memset]
13838758225,4512,259515,,,,,,,,,,0.031,6936.164,Pinned,Device,NVIDIA A100-SXM4-40GB MIG 4g.20gb (0),1,,13,[CUDA memcpy Host-to-Device]
13838766545,12000,259516,,,,,,,,,,0.197,16383.934,Pinned,Device,NVIDIA A100-SXM4-40GB MIG 4g.20gb (0),1,,13,[CUDA memcpy Host-to-Device]
13839380010,19616,259517,273,1,1,8,4,1,39,0.002,0.000,,,,,NVIDIA A100-SXM4-40GB MIG 4g.20gb (0),1,,13,"void channel_eq::eqMmseCoefCompLowMimoKernel<float, float, float, (unsigned int)4, (unsigned int)1, (unsigned int)4>(const channel_eq::_puschRxChEqStatDescr *, channel_eq::_puschRxChEqCoefCompDynDescr)"
13839931012,30112,259518,273,1,1,12,11,1,51,0.002,0.000,,,,,NVIDIA A100-SXM4-40GB MIG 4g.20gb (0),1,,13,"void channel_eq::eqMmseSoftDemapKernel<float, __half, __half, float, (unsigned int)4, (unsigned short)16383>(channel_eq::_puschRxChEqStatDescr *, channel_eq::_puschRxChEqSoftDemapDynDescr)"
13840204129,697400,259519,1,1,1,32,32,1,30,0.000,0.000,,,,,NVIDIA A100-SXM4-40GB MIG 4g.20gb (0),1,,13,"void convert_kernel<float2, __half2>(tensor_layout_any, T1 *, tensor_layout_any, const T2 *)"
13841187318,20736,259531,2253,1,1,128,1,1,16,0.000,0.000,,,,,NVIDIA A100-SXM4-40GB MIG 4g.20gb (0),1,,13,cupy_copy__float16_float16
13841746128,19807,259540,282,1,1,128,1,1,16,0.000,0.000,,,,,NVIDIA A100-SXM4-40GB MIG 4g.20gb (0),1,,13,cupy_copy__complex64_complex64
13842006797,5344,259549,26,1,1,128,1,1,16,0.000,0.000,,,,,NVIDIA A100-SXM4-40GB MIG 4g.20gb (0),1,,13,cupy_copy__float32_float32
13842388136,25024,259558,103,1,1,128,1,1,16,0.000,0.000,,,,,NVIDIA A100-SXM4-40GB MIG 4g.20gb (0),1,,13,cupy_copy__complex64_complex64
13842705989,21472,259568,1434,1,1,128,1,1,16,0.000,0.000,,,,,NVIDIA A100-SXM4-40GB MIG 4g.20gb (0),1,,13,cupy_copy__complex64_complex64
13842980674,260317,259573,1,1,1,32,32,1,30,0.000,0.000,,,,,NVIDIA A100-SXM4-40GB MIG 4g.20gb (0),1,,13,"void convert_kernel<__half2, float2>(tensor_layout_any, T1 *, tensor_layout_any, const T2 *)"
13843273022,5504,259576,,,,,,,,,,0.094,17023.251,Pinned,Device,NVIDIA A100-SXM4-40GB MIG 4g.20gb (0),1,,13,[CUDA memcpy Host-to-Device]
13843567419,708792,259577,,,,,,,,,,456.561,643751.630,Device,,NVIDIA A100-SXM4-40GB MIG 4g.20gb (0),1,,13,[CUDA memset]
13844284179,57279,259582,,,,,,,,,,1.235,21559.652,Pinned,Device,NVIDIA A100-SXM4-40GB MIG 4g.20gb (0),1,,13,[CUDA memcpy Host-to-Device]
13844344050,9472,259583,,,,,,,,,,0.197,20756.693,Pinned,Device,NVIDIA A100-SXM4-40GB MIG 4g.20gb (0),1,,13,[CUDA memcpy Host-to-Device]
13844839853,15392,259584,69,4,1,48,1,1,76,0.002,0.000,,,,,NVIDIA A100-SXM4-40GB MIG 4g.20gb (0),1,,13,"void ch_est::windowedChEstPreNoDftSOfdmKernel<float, __half, float, (unsigned int)2, (unsigned int)1, (unsigned short)4>(ch_est::puschRxChEstStatDescr_t *, ch_est::puschRxChEstDynDescr_t *)"
13845223112,26720,259585,137,2,1,24,2,1,44,0.001,0.001,,,,,NVIDIA A100-SXM4-40GB MIG 4g.20gb (0),1,,13,"void ch_est::chEstFilterNoDftSOfdmDispatchKernel<float, __half, float, (unsigned int)2>(ch_est::puschRxChEstStatDescr_t *, ch_est::puschRxChEstDynDescr_t *)"
13845552165,33663,259586,137,2,1,24,2,1,44,0.001,0.001,,,,,NVIDIA A100-SXM4-40GB MIG 4g.20gb (0),1,,13,"void ch_est::chEstFilterNoDftSOfdmDispatchKernel<float, __half, float, (unsigned int)2>(ch_est::puschRxChEstStatDescr_t *, ch_est::puschRxChEstDynDescr_t *)"
13845906241,7648,259597,103,1,1,128,1,1,16,0.000,0.000,,,,,NVIDIA A100-SXM4-40GB MIG 4g.20gb (0),1,,13,cupy_copy__complex64_complex64
13846326172,22752,259607,1434,1,1,128,1,1,16,0.000,0.000,,,,,NVIDIA A100-SXM4-40GB MIG 4g.20gb (0),1,,13,cupy_copy__complex64_complex64
13846885686,5440,259614,103,1,1,128,1,1,16,0.000,0.000,,,,,NVIDIA A100-SXM4-40GB MIG 4g.20gb (0),1,,13,cupy_copy__complex64_complex64
13847372496,243165,259621,1,1,1,32,32,1,30,0.000,0.000,,,,,NVIDIA A100-SXM4-40GB MIG 4g.20gb (0),1,,13,"void convert_kernel<__half2, float2>(tensor_layout_any, T1 *, tensor_layout_any, const T2 *)"
13847649293,7392,259624,,,,,,,,,,0.094,12675.289,Pinned,Device,NVIDIA A100-SXM4-40GB MIG 4g.20gb (0),1,,13,[CUDA memcpy Host-to-Device]
13848151399,58080,259625,,,,,,,,,,35.810,616539.393,Device,,NVIDIA A100-SXM4-40GB MIG 4g.20gb (0),1,,13,[CUDA memset]
13848212551,2592,259627,,,,,,,,,,0.000,30.864,Pinned,Device,NVIDIA A100-SXM4-40GB MIG 4g.20gb (0),1,,13,[CUDA memcpy Host-to-Device]
13848219591,11903,259628,,,,,,,,,,0.197,16517.431,Pinned,Device,NVIDIA A100-SXM4-40GB MIG 4g.20gb (0),1,,13,[CUDA memcpy Host-to-Device]
13848778272,20544,259629,273,1,1,48,1,1,40,0.000,0.001,,,,,NVIDIA A100-SXM4-40GB MIG 4g.20gb (0),1,,13,"void pusch_noise_intf_est::noiseIntfEstNoDftSOfdmKernel<float, __half, float, float, (unsigned int)2, (unsigned int)1, (unsigned char)4, (unsigned char)4>(pusch_noise_intf_est::puschRxNoiseIntfEstDynDescr)"
13849299674,10656,259640,35,1,1,128,1,1,16,0.000,0.000,,,,,NVIDIA A100-SXM4-40GB MIG 4g.20gb (0),1,,13,cupy_copy__complex64_complex64
13849869012,4192,259649,1,1,1,1,1,1,18,0.000,0.000,,,,,NVIDIA A100-SXM4-40GB MIG 4g.20gb (0),1,,13,cupy_copy__float32_float32
13849876692,1984,259655,,,,,,,,,,0.000,2.016,Device,Pageable,NVIDIA A100-SXM4-40GB MIG 4g.20gb (0),1,,7,[CUDA memcpy Device-to-Host]
13850353998,26304,259666,1434,1,1,128,1,1,16,0.000,0.000,,,,,NVIDIA A100-SXM4-40GB MIG 4g.20gb (0),1,,13,cupy_copy__complex64_complex64
13851061031,8959,259673,103,1,1,128,1,1,16,0.000,0.000,,,,,NVIDIA A100-SXM4-40GB MIG 4g.20gb (0),1,,13,cupy_copy__complex64_complex64
13851491490,9312,259680,35,1,1,128,1,1,16,0.000,0.000,,,,,NVIDIA A100-SXM4-40GB MIG 4g.20gb (0),1,,13,cupy_copy__complex64_complex64
13852054555,4096,259687,1,1,1,1,1,1,18,0.000,0.000,,,,,NVIDIA A100-SXM4-40GB MIG 4g.20gb (0),1,,13,cupy_copy__float32_float32
13852539158,250429,259698,1,1,1,32,32,1,30,0.000,0.000,,,,,NVIDIA A100-SXM4-40GB MIG 4g.20gb (0),1,,13,"void convert_kernel<__half2, float2>(tensor_layout_any, T1 *, tensor_layout_any, const T2 *)"
13852821587,5600,259701,,,,,,,,,,0.094,16731.388,Pinned,Device,NVIDIA A100-SXM4-40GB MIG 4g.20gb (0),1,,13,[CUDA memcpy Host-to-Device]
13853256462,14400,259702,,,,,,,,,,1.547,107403.757,Device,,NVIDIA A100-SXM4-40GB MIG 4g.20gb (0),1,,13,[CUDA memset]
13853278957,3072,259707,,,,,,,,,,0.031,10187.474,Pinned,Device,NVIDIA A100-SXM4-40GB MIG 4g.20gb (0),1,,13,[CUDA memcpy Host-to-Device]
13853284877,11616,259708,,,,,,,,,,0.197,16925.590,Pinned,Device,NVIDIA A100-SXM4-40GB MIG 4g.20gb (0),1,,13,[CUDA memcpy Host-to-Device]
13853984134,35071,259709,273,1,1,8,4,1,39,0.002,0.000,,,,,NVIDIA A100-SXM4-40GB MIG 4g.20gb (0),1,,13,"void channel_eq::eqMmseCoefCompLowMimoKernel<float, float, float, (unsigned int)4, (unsigned int)1, (unsigned int)4>(const channel_eq::_puschRxChEqStatDescr *, channel_eq::_puschRxChEqCoefCompDynDescr)"
13854702461,44096,259710,273,1,1,12,11,1,51,0.002,0.000,,,,,NVIDIA A100-SXM4-40GB MIG 4g.20gb (0),1,,13,"void channel_eq::eqMmseSoftDemapKernel<float, __half, __half, float, (unsigned int)4, (unsigned short)16383>(channel_eq::_puschRxChEqStatDescr *, channel_eq::_puschRxChEqSoftDemapDynDescr)"
13855402262,674552,259711,1,1,1,32,32,1,30,0.000,0.000,,,,,NVIDIA A100-SXM4-40GB MIG 4g.20gb (0),1,,13,"void convert_kernel<float2, __half2>(tensor_layout_any, T1 *, tensor_layout_any, const T2 *)"
13856389642,17280,259723,2253,1,1,128,1,1,16,0.000,0.000,,,,,NVIDIA A100-SXM4-40GB MIG 4g.20gb (0),1,,13,cupy_copy__float16_float16
13856746950,13120,259732,282,1,1,128,1,1,16,0.000,0.000,,,,,NVIDIA A100-SXM4-40GB MIG 4g.20gb (0),1,,13,cupy_copy__complex64_complex64
13857295808,4896,259741,26,1,1,128,1,1,16,0.000,0.000,,,,,NVIDIA A100-SXM4-40GB MIG 4g.20gb (0),1,,13,cupy_copy__float32_float32
13857669084,11008,259750,103,1,1,128,1,1,16,0.000,0.000,,,,,NVIDIA A100-SXM4-40GB MIG 4g.20gb (0),1,,13,cupy_copy__complex64_complex64
13858275573,23200,259766,1434,1,1,128,1,1,16,0.000,0.000,,,,,NVIDIA A100-SXM4-40GB MIG 4g.20gb (0),1,,13,cupy_copy__complex64_complex64
13858598545,268541,259771,1,1,1,32,32,1,30,0.000,0.000,,,,,NVIDIA A100-SXM4-40GB MIG 4g.20gb (0),1,,13,"void convert_kernel<__half2, float2>(tensor_layout_any, T1 *, tensor_layout_any, const T2 *)"
13858898830,5952,259774,,,,,,,,,,0.094,15741.865,Pinned,Device,NVIDIA A100-SXM4-40GB MIG 4g.20gb (0),1,,13,[CUDA memcpy Host-to-Device]
13859209291,644024,259775,,,,,,,,,,456.561,708583.355,Device,,NVIDIA A100-SXM4-40GB MIG 4g.20gb (0),1,,13,[CUDA memset]
13859858115,59712,259780,,,,,,,,,,1.235,20681.607,Pinned,Device,NVIDIA A100-SXM4-40GB MIG 4g.20gb (0),1,,13,[CUDA memcpy Host-to-Device]
13859920579,9983,259781,,,,,,,,,,0.197,19694.223,Pinned,Device,NVIDIA A100-SXM4-40GB MIG 4g.20gb (0),1,,13,[CUDA memcpy Host-to-Device]
13860464732,30912,259782,69,4,1,48,1,1,76,0.002,0.000,,,,,NVIDIA A100-SXM4-40GB MIG 4g.20gb (0),1,,13,"void ch_est::windowedChEstPreNoDftSOfdmKernel<float, __half, float, (unsigned int)2, (unsigned int)1, (unsigned short)4>(ch_est::puschRxChEstStatDescr_t *, ch_est::puschRxChEstDynDescr_t *)"
13861032854,12352,259783,137,2,1,24,2,1,44,0.001,0.001,,,,,NVIDIA A100-SXM4-40GB MIG 4g.20gb (0),1,,13,"void ch_est::chEstFilterNoDftSOfdmDispatchKernel<float, __half, float, (unsigned int)2>(ch_est::puschRxChEstStatDescr_t *, ch_est::puschRxChEstDynDescr_t *)"
13861422450,32735,259784,137,2,1,24,2,1,44,0.001,0.001,,,,,NVIDIA A100-SXM4-40GB MIG 4g.20gb (0),1,,13,"void ch_est::chEstFilterNoDftSOfdmDispatchKernel<float, __half, float, (unsigned int)2>(ch_est::puschRxChEstStatDescr_t *, ch_est::puschRxChEstDynDescr_t *)"
13861784525,4864,259795,103,1,1,128,1,1,16,0.000,0.000,,,,,NVIDIA A100-SXM4-40GB MIG 4g.20gb (0),1,,13,cupy_copy__complex64_complex64
13862332391,21056,259805,1434,1,1,128,1,1,16,0.000,0.000,,,,,NVIDIA A100-SXM4-40GB MIG 4g.20gb (0),1,,13,cupy_copy__complex64_complex64
13862831970,4480,259812,103,1,1,128,1,1,16,0.000,0.000,,,,,NVIDIA A100-SXM4-40GB MIG 4g.20gb (0),1,,13,cupy_copy__complex64_complex64
13863391771,273885,259819,1,1,1,32,32,1,30,0.000,0.000,,,,,NVIDIA A100-SXM4-40GB MIG 4g.20gb (0),1,,13,"void convert_kernel<__half2, float2>(tensor_layout_any, T1 *, tensor_layout_any, const T2 *)"
13863697880,5472,259822,,,,,,,,,,0.094,17122.757,Pinned,Device,NVIDIA A100-SXM4-40GB MIG 4g.20gb (0),1,,13,[CUDA memcpy Host-to-Device]
13864074324,75775,259823,,,,,,,,,,35.810,472547.704,Device,,NVIDIA A100-SXM4-40GB MIG 4g.20gb (0),1,,13,[CUDA memset]
13864155219,1888,259825,,,,,,,,,,0.000,42.373,Pinned,Device,NVIDIA A100-SXM4-40GB MIG 4g.20gb (0),1,,13,[CUDA memcpy Host-to-Device]
13864161235,10944,259826,,,,,,,,,,0.197,17964.859,Pinned,Device,NVIDIA A100-SXM4-40GB MIG 4g.20gb (0),1,,13,[CUDA memcpy Host-to-Device]
13864612494,27839,259827,273,1,1,48,1,1,40,0.000,0.001,,,,,NVIDIA A100-SXM4-40GB MIG 4g.20gb (0),1,,13,"void pusch_noise_intf_est::noiseIntfEstNoDftSOfdmKernel<float, __half, float, float, (unsigned int)2, (unsigned int)1, (unsigned char)4, (unsigned char)4>(pusch_noise_intf_est::puschRxNoiseIntfEstDynDescr)"
13865036873,11456,259838,35,1,1,128,1,1,16,0.000,0.000,,,,,NVIDIA A100-SXM4-40GB MIG 4g.20gb (0),1,,13,cupy_copy__complex64_complex64
13865658306,5184,259847,1,1,1,1,1,1,18,0.000,0.000,,,,,NVIDIA A100-SXM4-40GB MIG 4g.20gb (0),1,,13,cupy_copy__float32_float32
13865667298,2304,259853,,,,,,,,,,0.000,1.736,Device,Pageable,NVIDIA A100-SXM4-40GB MIG 4g.20gb (0),1,,7,[CUDA memcpy Device-to-Host]
13866329690,23200,259864,1434,1,1,128,1,1,16,0.000,0.000,,,,,NVIDIA A100-SXM4-40GB MIG 4g.20gb (0),1,,13,cupy_copy__complex64_complex64
13866956691,8352,259871,103,1,1,128,1,1,16,0.000,0.000,,,,,NVIDIA A100-SXM4-40GB MIG 4g.20gb (0),1,,13,cupy_copy__complex64_complex64
13867570572,4416,259878,35,1,1,128,1,1,16,0.000,0.000,,,,,NVIDIA A100-SXM4-40GB MIG 4g.20gb (0),1,,13,cupy_copy__complex64_complex64
13868123430,3712,259885,1,1,1,1,1,1,18,0.000,0.000,,,,,NVIDIA A100-SXM4-40GB MIG 4g.20gb (0),1,,13,cupy_copy__float32_float32
13868516898,246877,259896,1,1,1,32,32,1,30,0.000,0.000,,,,,NVIDIA A100-SXM4-40GB MIG 4g.20gb (0),1,,13,"void convert_kernel<__half2, float2>(tensor_layout_any, T1 *, tensor_layout_any, const T2 *)"
13868794686,5632,259899,,,,,,,,,,0.094,16636.287,Pinned,Device,NVIDIA A100-SXM4-40GB MIG 4g.20gb (0),1,,13,[CUDA memcpy Host-to-Device]
13869161338,5760,259900,,,,,,,,,,1.547,268510.939,Device,,NVIDIA A100-SXM4-40GB MIG 4g.20gb (0),1,,13,[CUDA memset]
13869168858,3168,259905,,,,,,,,,,0.031,9878.770,Pinned,Device,NVIDIA A100-SXM4-40GB MIG 4g.20gb (0),1,,13,[CUDA memcpy Host-to-Device]
13869175130,10496,259906,,,,,,,,,,0.197,18731.631,Pinned,Device,NVIDIA A100-SXM4-40GB MIG 4g.20gb (0),1,,13,[CUDA memcpy Host-to-Device]
13869571286,32415,259907,273,1,1,8,4,1,39,0.002,0.000,,,,,NVIDIA A100-SXM4-40GB MIG 4g.20gb (0),1,,13,"void channel_eq::eqMmseCoefCompLowMimoKernel<float, float, float, (unsigned int)4, (unsigned int)1, (unsigned int)4>(const channel_eq::_puschRxChEqStatDescr *, channel_eq::_puschRxChEqCoefCompDynDescr)"
13870215086,38208,259908,273,1,1,12,11,1,51,0.002,0.000,,,,,NVIDIA A100-SXM4-40GB MIG 4g.20gb (0),1,,13,"void channel_eq::eqMmseSoftDemapKernel<float, __half, __half, float, (unsigned int)4, (unsigned short)16383>(channel_eq::_puschRxChEqStatDescr *, channel_eq::_puschRxChEqSoftDemapDynDescr)"
13870808808,702776,259909,1,1,1,32,32,1,30,0.000,0.000,,,,,NVIDIA A100-SXM4-40GB MIG 4g.20gb (0),1,,13,"void convert_kernel<float2, __half2>(tensor_layout_any, T1 *, tensor_layout_any, const T2 *)"
13872005210,17504,259921,2253,1,1,128,1,1,16,0.000,0.000,,,,,NVIDIA A100-SXM4-40GB MIG 4g.20gb (0),1,,13,cupy_copy__float16_float16
13872372918,11808,259930,282,1,1,128,1,1,16,0.000,0.000,,,,,NVIDIA A100-SXM4-40GB MIG 4g.20gb (0),1,,13,cupy_copy__complex64_complex64
13872702482,6656,259939,26,1,1,128,1,1,16,0.000,0.000,,,,,NVIDIA A100-SXM4-40GB MIG 4g.20gb (0),1,,13,cupy_copy__float32_float32
13872958575,6432,259948,103,1,1,128,1,1,16,0.000,0.000,,,,,NVIDIA A100-SXM4-40GB MIG 4g.20gb (0),1,,13,cupy_copy__complex64_complex64
13873318891,25472,259958,1434,1,1,128,1,1,16,0.000,0.000,,,,,NVIDIA A100-SXM4-40GB MIG 4g.20gb (0),1,,13,cupy_copy__complex64_complex64
13873639816,255901,259963,1,1,1,32,32,1,30,0.000,0.000,,,,,NVIDIA A100-SXM4-40GB MIG 4g.20gb (0),1,,13,"void convert_kernel<__half2, float2>(tensor_layout_any, T1 *, tensor_layout_any, const T2 *)"
13873928292,5600,259966,,,,,,,,,,0.094,16731.388,Pinned,Device,NVIDIA A100-SXM4-40GB MIG 4g.20gb (0),1,,13,[CUDA memcpy Host-to-Device]
13874300512,653209,259967,,,,,,,,,,456.561,698539.003,Device,,NVIDIA A100-SXM4-40GB MIG 4g.20gb (0),1,,13,[CUDA memset]
13874959833,57311,259972,,,,,,,,,,1.235,21547.303,Pinned,Device,NVIDIA A100-SXM4-40GB MIG 4g.20gb (0),1,,13,[CUDA memcpy Host-to-Device]
13875019864,9440,259973,,,,,,,,,,0.197,20827.079,Pinned,Device,NVIDIA A100-SXM4-40GB MIG 4g.20gb (0),1,,13,[CUDA memcpy Host-to-Device]
13875537714,15712,259974,69,4,1,48,1,1,76,0.002,0.000,,,,,NVIDIA A100-SXM4-40GB MIG 4g.20gb (0),1,,13,"void ch_est::windowedChEstPreNoDftSOfdmKernel<float, __half, float, (unsigned int)2, (unsigned int)1, (unsigned short)4>(ch_est::puschRxChEstStatDescr_t *, ch_est::puschRxChEstDynDescr_t *)"
13875901454,38112,259975,137,2,1,24,2,1,44,0.001,0.001,,,,,NVIDIA A100-SXM4-40GB MIG 4g.20gb (0),1,,13,"void ch_est::chEstFilterNoDftSOfdmDispatchKernel<float, __half, float, (unsigned int)2>(ch_est::puschRxChEstStatDescr_t *, ch_est::puschRxChEstDynDescr_t *)"
13876515303,35392,259976,137,2,1,24,2,1,44,0.001,0.001,,,,,NVIDIA A100-SXM4-40GB MIG 4g.20gb (0),1,,13,"void ch_est::chEstFilterNoDftSOfdmDispatchKernel<float, __half, float, (unsigned int)2>(ch_est::puschRxChEstStatDescr_t *, ch_est::puschRxChEstDynDescr_t *)"
13876971810,16064,259987,103,1,1,128,1,1,16,0.000,0.000,,,,,NVIDIA A100-SXM4-40GB MIG 4g.20gb (0),1,,13,cupy_copy__complex64_complex64
13877521436,22208,259997,1434,1,1,128,1,1,16,0.000,0.000,,,,,NVIDIA A100-SXM4-40GB MIG 4g.20gb (0),1,,13,cupy_copy__complex64_complex64
13878052918,6784,260004,103,1,1,128,1,1,16,0.000,0.000,,,,,NVIDIA A100-SXM4-40GB MIG 4g.20gb (0),1,,13,cupy_copy__complex64_complex64
13878620239,276797,260011,1,1,1,32,32,1,30,0.000,0.000,,,,,NVIDIA A100-SXM4-40GB MIG 4g.20gb (0),1,,13,"void convert_kernel<__half2, float2>(tensor_layout_any, T1 *, tensor_layout_any, const T2 *)"
13878928172,5568,260014,,,,,,,,,,0.094,16827.521,Pinned,Device,NVIDIA A100-SXM4-40GB MIG 4g.20gb (0),1,,13,[CUDA memcpy Host-to-Device]
13879357671,75839,260015,,,,,,,,,,35.810,472153.795,Device,,NVIDIA A100-SXM4-40GB MIG 4g.20gb (0),1,,13,[CUDA memset]
13879436742,2720,260017,,,,,,,,,,0.000,29.412,Pinned,Device,NVIDIA A100-SXM4-40GB MIG 4g.20gb (0),1,,13,[CUDA memcpy Host-to-Device]
13879442566,10976,260018,,,,,,,,,,0.197,17912.365,Pinned,Device,NVIDIA A100-SXM4-40GB MIG 4g.20gb (0),1,,13,[CUDA memcpy Host-to-Device]
13879893089,23648,260019,273,1,1,48,1,1,40,0.000,0.001,,,,,NVIDIA A100-SXM4-40GB MIG 4g.20gb (0),1,,13,"void pusch_noise_intf_est::noiseIntfEstNoDftSOfdmKernel<float, __half, float, float, (unsigned int)2, (unsigned int)1, (unsigned char)4, (unsigned char)4>(pusch_noise_intf_est::puschRxNoiseIntfEstDynDescr)"
13880454427,8640,260030,35,1,1,128,1,1,16,0.000,0.000,,,,,NVIDIA A100-SXM4-40GB MIG 4g.20gb (0),1,,13,cupy_copy__complex64_complex64
13881016212,3840,260039,1,1,1,1,1,1,18,0.000,0.000,,,,,NVIDIA A100-SXM4-40GB MIG 4g.20gb (0),1,,13,cupy_copy__float32_float32
13881027444,1632,260045,,,,,,,,,,0.000,2.451,Device,Pageable,NVIDIA A100-SXM4-40GB MIG 4g.20gb (0),1,,7,[CUDA memcpy Device-to-Host]
13881434256,23423,260056,1434,1,1,128,1,1,16,0.000,0.000,,,,,NVIDIA A100-SXM4-40GB MIG 4g.20gb (0),1,,13,cupy_copy__complex64_complex64
13881904138,4864,260063,103,1,1,128,1,1,16,0.000,0.000,,,,,NVIDIA A100-SXM4-40GB MIG 4g.20gb (0),1,,13,cupy_copy__complex64_complex64
13882511716,9887,260070,35,1,1,128,1,1,16,0.000,0.000,,,,,NVIDIA A100-SXM4-40GB MIG 4g.20gb (0),1,,13,cupy_copy__complex64_complex64
13882932063,5408,260077,1,1,1,1,1,1,18,0.000,0.000,,,,,NVIDIA A100-SXM4-40GB MIG 4g.20gb (0),1,,13,cupy_copy__float32_float32
13883340346,241053,260088,1,1,1,32,32,1,30,0.000,0.000,,,,,NVIDIA A100-SXM4-40GB MIG 4g.20gb (0),1,,13,"void convert_kernel<__half2, float2>(tensor_layout_any, T1 *, tensor_layout_any, const T2 *)"
13883611255,7200,260091,,,,,,,,,,0.094,13013.250,Pinned,Device,NVIDIA A100-SXM4-40GB MIG 4g.20gb (0),1,,13,[CUDA memcpy Host-to-Device]
13884043314,6048,260092,,,,,,,,,,1.547,255723.452,Device,,NVIDIA A100-SXM4-40GB MIG 4g.20gb (0),1,,13,[CUDA memset]
13884056082,3680,260097,,,,,,,,,,0.031,8504.344,Pinned,Device,NVIDIA A100-SXM4-40GB MIG 4g.20gb (0),1,,13,[CUDA memcpy Host-to-Device]
13884062770,11392,260098,,,,,,,,,,0.197,17258.250,Pinned,Device,NVIDIA A100-SXM4-40GB MIG 4g.20gb (0),1,,13,[CUDA memcpy Host-to-Device]
13884748202,26048,260099,273,1,1,8,4,1,39,0.002,0.000,,,,,NVIDIA A100-SXM4-40GB MIG 4g.20gb (0),1,,13,"void channel_eq::eqMmseCoefCompLowMimoKernel<float, float, float, (unsigned int)4, (unsigned int)1, (unsigned int)4>(const channel_eq::_puschRxChEqStatDescr *, channel_eq::_puschRxChEqCoefCompDynDescr)"
13885306212,18400,260100,273,1,1,12,11,1,51,0.002,0.000,,,,,NVIDIA A100-SXM4-40GB MIG 4g.20gb (0),1,,13,"void channel_eq::eqMmseSoftDemapKernel<float, __half, __half, float, (unsigned int)4, (unsigned short)16383>(channel_eq::_puschRxChEqStatDescr *, channel_eq::_puschRxChEqSoftDemapDynDescr)"
13885733215,689720,260101,1,1,1,32,32,1,30,0.000,0.000,,,,,NVIDIA A100-SXM4-40GB MIG 4g.20gb (0),1,,13,"void convert_kernel<float2, __half2>(tensor_layout_any, T1 *, tensor_layout_any, const T2 *)"
13886769012,18431,260113,2253,1,1,128,1,1,16,0.000,0.000,,,,,NVIDIA A100-SXM4-40GB MIG 4g.20gb (0),1,,13,cupy_copy__float16_float16
13887319053,6432,260122,282,1,1,128,1,1,16,0.000,0.000,,,,,NVIDIA A100-SXM4-40GB MIG 4g.20gb (0),1,,13,cupy_copy__complex64_complex64
13887675881,4640,260131,26,1,1,128,1,1,16,0.000,0.000,,,,,NVIDIA A100-SXM4-40GB MIG 4g.20gb (0),1,,13,cupy_copy__float32_float32
13888048965,6784,260140,103,1,1,128,1,1,16,0.000,0.000,,,,,NVIDIA A100-SXM4-40GB MIG 4g.20gb (0),1,,13,cupy_copy__complex64_complex64
13888312066,20800,260150,1434,1,1,128,1,1,16,0.000,0.000,,,,,NVIDIA A100-SXM4-40GB MIG 4g.20gb (0),1,,13,cupy_copy__complex64_complex64
13888692030,251709,260155,1,1,1,32,32,1,30,0.000,0.000,,,,,NVIDIA A100-SXM4-40GB MIG 4g.20gb (0),1,,13,"void convert_kernel<__half2, float2>(tensor_layout_any, T1 *, tensor_layout_any, const T2 *)"
13888976571,6624,260158,,,,,,,,,,0.094,14144.910,Pinned,Device,NVIDIA A100-SXM4-40GB MIG 4g.20gb (0),1,,13,[CUDA memcpy Host-to-Device]
13889268695,715832,260159,,,,,,,,,,456.561,637359.770,Device,,NVIDIA A100-SXM4-40GB MIG 4g.20gb (0),1,,13,[CUDA memset]
13889992751,57695,260164,,,,,,,,,,1.235,21404.049,Pinned,Device,NVIDIA A100-SXM4-40GB MIG 4g.20gb (0),1,,13,[CUDA memcpy Host-to-Device]
13890052974,10176,260165,,,,,,,,,,0.197,19320.668,Pinned,Device,NVIDIA A100-SXM4-40GB MIG 4g.20gb (0),1,,13,[CUDA memcpy Host-to-Device]
13890637736,31583,260166,69,4,1,48,1,1,76,0.002,0.000,,,,,NVIDIA A100-SXM4-40GB MIG 4g.20gb (0),1,,13,"void ch_est::windowedChEstPreNoDftSOfdmKernel<float, __half, float, (unsigned int)2, (unsigned int)1, (unsigned short)4>(ch_est::puschRxChEstStatDescr_t *, ch_est::puschRxChEstDynDescr_t *)"
13891157090,12672,260167,137,2,1,24,2,1,44,0.001,0.001,,,,,NVIDIA A100-SXM4-40GB MIG 4g.20gb (0),1,,13,"void ch_est::chEstFilterNoDftSOfdmDispatchKernel<float, __half, float, (unsigned int)2>(ch_est::puschRxChEstStatDescr_t *, ch_est::puschRxChEstDynDescr_t *)"
13891491774,13280,260168,137,2,1,24,2,1,44,0.001,0.001,,,,,NVIDIA A100-SXM4-40GB MIG 4g.20gb (0),1,,13,"void ch_est::chEstFilterNoDftSOfdmDispatchKernel<float, __half, float, (unsigned int)2>(ch_est::puschRxChEstStatDescr_t *, ch_est::puschRxChEstDynDescr_t *)"
13891888634,8256,260179,103,1,1,128,1,1,16,0.000,0.000,,,,,NVIDIA A100-SXM4-40GB MIG 4g.20gb (0),1,,13,cupy_copy__complex64_complex64
13892281205,17792,260189,1434,1,1,128,1,1,16,0.000,0.000,,,,,NVIDIA A100-SXM4-40GB MIG 4g.20gb (0),1,,13,cupy_copy__complex64_complex64
13892845039,6240,260196,103,1,1,128,1,1,16,0.000,0.000,,,,,NVIDIA A100-SXM4-40GB MIG 4g.20gb (0),1,,13,cupy_copy__complex64_complex64
13893285770,249597,260203,1,1,1,32,32,1,30,0.000,0.000,,,,,NVIDIA A100-SXM4-40GB MIG 4g.20gb (0),1,,13,"void convert_kernel<__half2, float2>(tensor_layout_any, T1 *, tensor_layout_any, const T2 *)"
13893567591,5696,260206,,,,,,,,,,0.094,16449.363,Pinned,Device,NVIDIA A100-SXM4-40GB MIG 4g.20gb (0),1,,13,[CUDA memcpy Host-to-Device]
13893942211,44575,260207,,,,,,,,,,35.810,803359.745,Device,,NVIDIA A100-SXM4-40GB MIG 4g.20gb (0),1,,13,[CUDA memset]
13893990754,2272,260209,,,,,,,,,,0.000,35.211,Pinned,Device,NVIDIA A100-SXM4-40GB MIG 4g.20gb (0),1,,13,[CUDA memcpy Host-to-Device]
13893996866,10496,260210,,,,,,,,,,0.197,18731.631,Pinned,Device,NVIDIA A100-SXM4-40GB MIG 4g.20gb (0),1,,13,[CUDA memcpy Host-to-Device]
13894566587,16512,260211,273,1,1,48,1,1,40,0.000,0.001,,,,,NVIDIA A100-SXM4-40GB MIG 4g.20gb (0),1,,13,"void pusch_noise_intf_est::noiseIntfEstNoDftSOfdmKernel<float, __half, float, float, (unsigned int)2, (unsigned int)1, (unsigned char)4, (unsigned char)4>(pusch_noise_intf_est::puschRxNoiseIntfEstDynDescr)"
13894978263,5600,260222,35,1,1,128,1,1,16,0.000,0.000,,,,,NVIDIA A100-SXM4-40GB MIG 4g.20gb (0),1,,13,cupy_copy__complex64_complex64
13895539633,4255,260231,1,1,1,1,1,1,18,0.000,0.000,,,,,NVIDIA A100-SXM4-40GB MIG 4g.20gb (0),1,,13,cupy_copy__float32_float32
13895547600,2304,260237,,,,,,,,,,0.000,1.736,Device,Pageable,NVIDIA A100-SXM4-40GB MIG 4g.20gb (0),1,,7,[CUDA memcpy Device-to-Host]
13895985771,26464,260248,1434,1,1,128,1,1,16,0.000,0.000,,,,,NVIDIA A100-SXM4-40GB MIG 4g.20gb (0),1,,13,cupy_copy__complex64_complex64
13896658788,7680,260255,103,1,1,128,1,1,16,0.000,0.000,,,,,NVIDIA A100-SXM4-40GB MIG 4g.20gb (0),1,,13,cupy_copy__complex64_complex64
13897037632,5312,260262,35,1,1,128,1,1,16,0.000,0.000,,,,,NVIDIA A100-SXM4-40GB MIG 4g.20gb (0),1,,13,cupy_copy__complex64_complex64
13897604601,3936,260269,1,1,1,1,1,1,18,0.000,0.000,,,,,NVIDIA A100-SXM4-40GB MIG 4g.20gb (0),1,,13,cupy_copy__float32_float32
13898054100,255901,260280,1,1,1,32,32,1,30,0.000,0.000,,,,,NVIDIA A100-SXM4-40GB MIG 4g.20gb (0),1,,13,"void convert_kernel<__half2, float2>(tensor_layout_any, T1 *, tensor_layout_any, const T2 *)"
13898341649,6016,260283,,,,,,,,,,0.094,15574.430,Pinned,Device,NVIDIA A100-SXM4-40GB MIG 4g.20gb (0),1,,13,[CUDA memcpy Host-to-Device]
13898725037,11359,260284,,,,,,,,,,1.547,136157.044,Device,,NVIDIA A100-SXM4-40GB MIG 4g.20gb (0),1,,13,[CUDA memset]
13898741452,3712,260289,,,,,,,,,,0.031,8431.017,Pinned,Device,NVIDIA A100-SXM4-40GB MIG 4g.20gb (0),1,,13,[CUDA memcpy Host-to-Device]
13898747628,10720,260290,,,,,,,,,,0.197,18340.184,Pinned,Device,NVIDIA A100-SXM4-40GB MIG 4g.20gb (0),1,,13,[CUDA memcpy Host-to-Device]
13899403557,28608,260291,273,1,1,8,4,1,39,0.002,0.000,,,,,NVIDIA A100-SXM4-40GB MIG 4g.20gb (0),1,,13,"void channel_eq::eqMmseCoefCompLowMimoKernel<float, float, float, (unsigned int)4, (unsigned int)1, (unsigned int)4>(const channel_eq::_puschRxChEqStatDescr *, channel_eq::_puschRxChEqCoefCompDynDescr)"
13900094813,35136,260292,273,1,1,12,11,1,51,0.002,0.000,,,,,NVIDIA A100-SXM4-40GB MIG 4g.20gb (0),1,,13,"void channel_eq::eqMmseSoftDemapKernel<float, __half, __half, float, (unsigned int)4, (unsigned short)16383>(channel_eq::_puschRxChEqStatDescr *, channel_eq::_puschRxChEqSoftDemapDynDescr)"
13900543192,691832,260293,1,1,1,32,32,1,30,0.000,0.000,,,,,NVIDIA A100-SXM4-40GB MIG 4g.20gb (0),1,,13,"void convert_kernel<float2, __half2>(tensor_layout_any, T1 *, tensor_layout_any, const T2 *)"
13901749002,21248,260305,2253,1,1,128,1,1,16,0.000,0.000,,,,,NVIDIA A100-SXM4-40GB MIG 4g.20gb (0),1,,13,cupy_copy__float16_float16
13902076711,8288,260314,282,1,1,128,1,1,16,0.000,0.000,,,,,NVIDIA A100-SXM4-40GB MIG 4g.20gb (0),1,,13,cupy_copy__complex64_complex64
13902340580,3968,260323,26,1,1,128,1,1,16,0.000,0.000,,,,,NVIDIA A100-SXM4-40GB MIG 4g.20gb (0),1,,13,cupy_copy__float32_float32
13902697888,29055,260332,103,1,1,128,1,1,16,0.000,0.000,,,,,NVIDIA A100-SXM4-40GB MIG 4g.20gb (0),1,,13,cupy_copy__complex64_complex64
13903249017,20448,260342,1434,1,1,128,1,1,16,0.000,0.000,,,,,NVIDIA A100-SXM4-40GB MIG 4g.20gb (0),1,,13,cupy_copy__complex64_complex64
13903600438,251741,260347,1,1,1,32,32,1,30,0.000,0.000,,,,,NVIDIA A100-SXM4-40GB MIG 4g.20gb (0),1,,13,"void convert_kernel<__half2, float2>(tensor_layout_any, T1 *, tensor_layout_any, const T2 *)"
13903883986,7360,260350,,,,,,,,,,0.094,12730.382,Pinned,Device,NVIDIA A100-SXM4-40GB MIG 4g.20gb (0),1,,13,[CUDA memcpy Host-to-Device]
13904212143,715928,260351,,,,,,,,,,456.561,637359.770,Device,,NVIDIA A100-SXM4-40GB MIG 4g.20gb (0),1,,13,[CUDA memset]
13904936550,55360,260356,,,,,,,,,,1.235,22306.793,Pinned,Device,NVIDIA A100-SXM4-40GB MIG 4g.20gb (0),1,,13,[CUDA memcpy Host-to-Device]
13904994406,9952,260357,,,,,,,,,,0.197,19755.565,Pinned,Device,NVIDIA A100-SXM4-40GB MIG 4g.20gb (0),1,,13,[CUDA memcpy Host-to-Device]
13905494336,15776,260358,69,4,1,48,1,1,76,0.002,0.000,,,,,NVIDIA A100-SXM4-40GB MIG 4g.20gb (0),1,,13,"void ch_est::windowedChEstPreNoDftSOfdmKernel<float, __half, float, (unsigned int)2, (unsigned int)1, (unsigned short)4>(ch_est::puschRxChEstStatDescr_t *, ch_est::puschRxChEstDynDescr_t *)"
13905850428,35200,260359,137,2,1,24,2,1,44,0.001,0.001,,,,,NVIDIA A100-SXM4-40GB MIG 4g.20gb (0),1,,13,"void ch_est::chEstFilterNoDftSOfdmDispatchKernel<float, __half, float, (unsigned int)2>(ch_est::puschRxChEstStatDescr_t *, ch_est::puschRxChEstDynDescr_t *)"
13906449461,37216,260360,137,2,1,24,2,1,44,0.001,0.001,,,,,NVIDIA A100-SXM4-40GB MIG 4g.20gb (0),1,,13,"void ch_est::chEstFilterNoDftSOfdmDispatchKernel<float, __half, float, (unsigned int)2>(ch_est::puschRxChEstStatDescr_t *, ch_est::puschRxChEstDynDescr_t *)"
13907066126,8512,260371,103,1,1,128,1,1,16,0.000,0.000,,,,,NVIDIA A100-SXM4-40GB MIG 4g.20gb (0),1,,13,cupy_copy__complex64_complex64
13907443114,20608,260381,1434,1,1,128,1,1,16,0.000,0.000,,,,,NVIDIA A100-SXM4-40GB MIG 4g.20gb (0),1,,13,cupy_copy__complex64_complex64
13907829254,7232,260388,103,1,1,128,1,1,16,0.000,0.000,,,,,NVIDIA A100-SXM4-40GB MIG 4g.20gb (0),1,,13,cupy_copy__complex64_complex64
13908229409,244990,260395,1,1,1,32,32,1,30,0.000,0.000,,,,,NVIDIA A100-SXM4-40GB MIG 4g.20gb (0),1,,13,"void convert_kernel<__half2, float2>(tensor_layout_any, T1 *, tensor_layout_any, const T2 *)"
13908506238,5504,260398,,,,,,,,,,0.094,17023.251,Pinned,Device,NVIDIA A100-SXM4-40GB MIG 4g.20gb (0),1,,13,[CUDA memcpy Host-to-Device]
13908923577,46752,260399,,,,,,,,,,35.810,765938.379,Device,,NVIDIA A100-SXM4-40GB MIG 4g.20gb (0),1,,13,[CUDA memset]
13908972761,1856,260401,,,,,,,,,,0.000,43.103,Pinned,Device,NVIDIA A100-SXM4-40GB MIG 4g.20gb (0),1,,13,[CUDA memcpy Host-to-Device]
13908977177,11008,260402,,,,,,,,,,0.197,17860.461,Pinned,Device,NVIDIA A100-SXM4-40GB MIG 4g.20gb (0),1,,13,[CUDA memcpy Host-to-Device]
13909550674,16160,260403,273,1,1,48,1,1,40,0.000,0.001,,,,,NVIDIA A100-SXM4-40GB MIG 4g.20gb (0),1,,13,"void pusch_noise_intf_est::noiseIntfEstNoDftSOfdmKernel<float, __half, float, float, (unsigned int)2, (unsigned int)1, (unsigned char)4, (unsigned char)4>(pusch_noise_intf_est::puschRxNoiseIntfEstDynDescr)"
13910014381,8832,260414,35,1,1,128,1,1,16,0.000,0.000,,,,,NVIDIA A100-SXM4-40GB MIG 4g.20gb (0),1,,13,cupy_copy__complex64_complex64
13910619142,5632,260423,1,1,1,1,1,1,18,0.000,0.000,,,,,NVIDIA A100-SXM4-40GB MIG 4g.20gb (0),1,,13,cupy_copy__float32_float32
13910627878,1856,260429,,,,,,,,,,0.000,2.155,Device,Pageable,NVIDIA A100-SXM4-40GB MIG 4g.20gb (0),1,,7,[CUDA memcpy Device-to-Host]
13911291423,20575,260440,1434,1,1,128,1,1,16,0.000,0.000,,,,,NVIDIA A100-SXM4-40GB MIG 4g.20gb (0),1,,13,cupy_copy__complex64_complex64
13911775321,13376,260447,103,1,1,128,1,1,16,0.000,0.000,,,,,NVIDIA A100-SXM4-40GB MIG 4g.20gb (0),1,,13,cupy_copy__complex64_complex64
13912459762,8671,260454,35,1,1,128,1,1,16,0.000,0.000,,,,,NVIDIA A100-SXM4-40GB MIG 4g.20gb (0),1,,13,cupy_copy__complex64_complex64
13912858637,4128,260461,1,1,1,1,1,1,18,0.000,0.000,,,,,NVIDIA A100-SXM4-40GB MIG 4g.20gb (0),1,,13,cupy_copy__float32_float32
13913412807,266333,260472,1,1,1,32,32,1,30,0.000,0.000,,,,,NVIDIA A100-SXM4-40GB MIG 4g.20gb (0),1,,13,"void convert_kernel<__half2, float2>(tensor_layout_any, T1 *, tensor_layout_any, const T2 *)"
13913710467,5472,260475,,,,,,,,,,0.094,17122.757,Pinned,Device,NVIDIA A100-SXM4-40GB MIG 4g.20gb (0),1,,13,[CUDA memcpy Host-to-Device]
13914259293,6560,260476,,,,,,,,,,1.547,235765.816,Device,,NVIDIA A100-SXM4-40GB MIG 4g.20gb (0),1,,13,[CUDA memset]
13914271581,4192,260481,,,,,,,,,,0.031,7465.630,Pinned,Device,NVIDIA A100-SXM4-40GB MIG 4g.20gb (0),1,,13,[CUDA memcpy Host-to-Device]
13914278429,10464,260482,,,,,,,,,,0.197,18788.844,Pinned,Device,NVIDIA A100-SXM4-40GB MIG 4g.20gb (0),1,,13,[CUDA memcpy Host-to-Device]
13914973013,28672,260483,273,1,1,8,4,1,39,0.002,0.000,,,,,NVIDIA A100-SXM4-40GB MIG 4g.20gb (0),1,,13,"void channel_eq::eqMmseCoefCompLowMimoKernel<float, float, float, (unsigned int)4, (unsigned int)1, (unsigned int)4>(const channel_eq::_puschRxChEqStatDescr *, channel_eq::_puschRxChEqCoefCompDynDescr)"
13915671149,25824,260484,273,1,1,12,11,1,51,0.002,0.000,,,,,NVIDIA A100-SXM4-40GB MIG 4g.20gb (0),1,,13,"void channel_eq::eqMmseSoftDemapKernel<float, __half, __half, float, (unsigned int)4, (unsigned short)16383>(channel_eq::_puschRxChEqStatDescr *, channel_eq::_puschRxChEqSoftDemapDynDescr)"
13916249063,668696,260485,1,1,1,32,32,1,30,0.000,0.000,,,,,NVIDIA A100-SXM4-40GB MIG 4g.20gb (0),1,,13,"void convert_kernel<float2, __half2>(tensor_layout_any, T1 *, tensor_layout_any, const T2 *)"
13917302651,21088,260497,2253,1,1,128,1,1,16,0.000,0.000,,,,,NVIDIA A100-SXM4-40GB MIG 4g.20gb (0),1,,13,cupy_copy__float16_float16
13917876244,17248,260506,282,1,1,128,1,1,16,0.000,0.000,,,,,NVIDIA A100-SXM4-40GB MIG 4g.20gb (0),1,,13,cupy_copy__complex64_complex64
13918119890,4224,260515,26,1,1,128,1,1,16,0.000,0.000,,,,,NVIDIA A100-SXM4-40GB MIG 4g.20gb (0),1,,13,cupy_copy__float32_float32
13918472270,6784,260524,103,1,1,128,1,1,16,0.000,0.000,,,,,NVIDIA A100-SXM4-40GB MIG 4g.20gb (0),1,,13,cupy_copy__complex64_complex64
13918822346,25247,260534,1434,1,1,128,1,1,16,0.000,0.000,,,,,NVIDIA A100-SXM4-40GB MIG 4g.20gb (0),1,,13,cupy_copy__complex64_complex64
13919396899,257437,260539,1,1,1,32,32,1,30,0.000,0.000,,,,,NVIDIA A100-SXM4-40GB MIG 4g.20gb (0),1,,13,"void convert_kernel<__half2, float2>(tensor_layout_any, T1 *, tensor_layout_any, const T2 *)"
13919685952,6016,260542,,,,,,,,,,0.094,15574.430,Pinned,Device,NVIDIA A100-SXM4-40GB MIG 4g.20gb (0),1,,13,[CUDA memcpy Host-to-Device]
13920014204,708792,260543,,,,,,,,,,456.561,643751.630,Device,,NVIDIA A100-SXM4-40GB MIG 4g.20gb (0),1,,13,[CUDA memset]
13920727060,59360,260548,,,,,,,,,,1.235,20803.867,Pinned,Device,NVIDIA A100-SXM4-40GB MIG 4g.20gb (0),1,,13,[CUDA memcpy Host-to-Device]
13920788884,9983,260549,,,,,,,,,,0.197,19694.223,Pinned,Device,NVIDIA A100-SXM4-40GB MIG 4g.20gb (0),1,,13,[CUDA memcpy Host-to-Device]
13921289166,15456,260550,69,4,1,48,1,1,76,0.002,0.000,,,,,NVIDIA A100-SXM4-40GB MIG 4g.20gb (0),1,,13,"void ch_est::windowedChEstPreNoDftSOfdmKernel<float, __half, float, (unsigned int)2, (unsigned int)1, (unsigned short)4>(ch_est::puschRxChEstStatDescr_t *, ch_est::puschRxChEstDynDescr_t *)"
13921664362,35871,260551,137,2,1,24,2,1,44,0.001,0.001,,,,,NVIDIA A100-SXM4-40GB MIG 4g.20gb (0),1,,13,"void ch_est::chEstFilterNoDftSOfdmDispatchKernel<float, __half, float, (unsigned int)2>(ch_est::puschRxChEstStatDescr_t *, ch_est::puschRxChEstDynDescr_t *)"
13922002854,28800,260552,137,2,1,24,2,1,44,0.001,0.001,,,,,NVIDIA A100-SXM4-40GB MIG 4g.20gb (0),1,,13,"void ch_est::chEstFilterNoDftSOfdmDispatchKernel<float, __half, float, (unsigned int)2>(ch_est::puschRxChEstStatDescr_t *, ch_est::puschRxChEstDynDescr_t *)"
13922609055,5440,260563,103,1,1,128,1,1,16,0.000,0.000,,,,,NVIDIA A100-SXM4-40GB MIG 4g.20gb (0),1,,13,cupy_copy__complex64_complex64
13922959995,21152,260573,1434,1,1,128,1,1,16,0.000,0.000,,,,,NVIDIA A100-SXM4-40GB MIG 4g.20gb (0),1,,13,cupy_copy__complex64_complex64
13923388886,5120,260580,103,1,1,128,1,1,16,0.000,0.000,,,,,NVIDIA A100-SXM4-40GB MIG 4g.20gb (0),1,,13,cupy_copy__complex64_complex64
13923951088,259133,260587,1,1,1,32,32,1,30,0.000,0.000,,,,,NVIDIA A100-SXM4-40GB MIG 4g.20gb (0),1,,13,"void convert_kernel<__half2, float2>(tensor_layout_any, T1 *, tensor_layout_any, const T2 *)"
13924240845,5728,260590,,,,,,,,,,0.094,16357.541,Pinned,Device,NVIDIA A100-SXM4-40GB MIG 4g.20gb (0),1,,13,[CUDA memcpy Host-to-Device]
13924574185,60511,260591,,,,,,,,,,35.810,591758.928,Device,,NVIDIA A100-SXM4-40GB MIG 4g.20gb (0),1,,13,[CUDA memset]
13924635656,3136,260593,,,,,,,,,,0.000,25.510,Pinned,Device,NVIDIA A100-SXM4-40GB MIG 4g.20gb (0),1,,13,[CUDA memcpy Host-to-Device]
13924641992,10784,260594,,,,,,,,,,0.197,18231.263,Pinned,Device,NVIDIA A100-SXM4-40GB MIG 4g.20gb (0),1,,13,[CUDA memcpy Host-to-Device]
13925274593,33344,260595,273,1,1,48,1,1,40,0.000,0.001,,,,,NVIDIA A100-SXM4-40GB MIG 4g.20gb (0),1,,13,"void pusch_noise_intf_est::noiseIntfEstNoDftSOfdmKernel<float, __half, float, float, (unsigned int)2, (unsigned int)1, (unsigned char)4, (unsigned char)4>(pusch_noise_intf_est::puschRxNoiseIntfEstDynDescr)"
13925945017,21728,260606,35,1,1,128,1,1,16,0.000,0.000,,,,,NVIDIA A100-SXM4-40GB MIG 4g.20gb (0),1,,13,cupy_copy__complex64_complex64
13926585618,4928,260615,1,1,1,1,1,1,18,0.000,0.000,,,,,NVIDIA A100-SXM4-40GB MIG 4g.20gb (0),1,,13,cupy_copy__float32_float32
13926599026,1696,260621,,,,,,,,,,0.000,2.358,Device,Pageable,NVIDIA A100-SXM4-40GB MIG 4g.20gb (0),1,,7,[CUDA memcpy Device-to-Host]
13927278730,23808,260632,1434,1,1,128,1,1,16,0.000,0.000,,,,,NVIDIA A100-SXM4-40GB MIG 4g.20gb (0),1,,13,cupy_copy__complex64_complex64
13927917251,6528,260639,103,1,1,128,1,1,16,0.000,0.000,,,,,NVIDIA A100-SXM4-40GB MIG 4g.20gb (0),1,,13,cupy_copy__complex64_complex64
13928550268,4416,260646,35,1,1,128,1,1,16,0.000,0.000,,,,,NVIDIA A100-SXM4-40GB MIG 4g.20gb (0),1,,13,cupy_copy__complex64_complex64
13929116342,4479,260653,1,1,1,1,1,1,18,0.000,0.000,,,,,NVIDIA A100-SXM4-40GB MIG 4g.20gb (0),1,,13,cupy_copy__float32_float32
13929522545,245373,260664,1,1,1,32,32,1,30,0.000,0.000,,,,,NVIDIA A100-SXM4-40GB MIG 4g.20gb (0),1,,13,"void convert_kernel<__half2, float2>(tensor_layout_any, T1 *, tensor_layout_any, const T2 *)"
13930017579,5536,260667,,,,,,,,,,0.094,16924.777,Pinned,Device,NVIDIA A100-SXM4-40GB MIG 4g.20gb (0),1,,13,[CUDA memcpy Host-to-Device]
13930625221,11711,260668,,,,,,,,,,1.547,132064.677,Device,,NVIDIA A100-SXM4-40GB MIG 4g.20gb (0),1,,13,[CUDA memset]
13930645380,3392,260673,,,,,,,,,,0.031,9226.405,Pinned,Device,NVIDIA A100-SXM4-40GB MIG 4g.20gb (0),1,,13,[CUDA memcpy Host-to-Device]
13930651236,11872,260674,,,,,,,,,,0.197,16560.488,Pinned,Device,NVIDIA A100-SXM4-40GB MIG 4g.20gb (0),1,,13,[CUDA memcpy Host-to-Device]
13931296477,31200,260675,273,1,1,8,4,1,39,0.002,0.000,,,,,NVIDIA A100-SXM4-40GB MIG 4g.20gb (0),1,,13,"void channel_eq::eqMmseCoefCompLowMimoKernel<float, float, float, (unsigned int)4, (unsigned int)1, (unsigned int)4>(const channel_eq::_puschRxChEqStatDescr *, channel_eq::_puschRxChEqCoefCompDynDescr)"
13931883382,34624,260676,273,1,1,12,11,1,51,0.002,0.000,,,,,NVIDIA A100-SXM4-40GB MIG 4g.20gb (0),1,,13,"void channel_eq::eqMmseSoftDemapKernel<float, __half, __half, float, (unsigned int)4, (unsigned short)16383>(channel_eq::_puschRxChEqStatDescr *, channel_eq::_puschRxChEqSoftDemapDynDescr)"
13932530863,697112,260677,1,1,1,32,32,1,30,0.000,0.000,,,,,NVIDIA A100-SXM4-40GB MIG 4g.20gb (0),1,,13,"void convert_kernel<float2, __half2>(tensor_layout_any, T1 *, tensor_layout_any, const T2 *)"
13933783105,24416,260689,2253,1,1,128,1,1,16,0.000,0.000,,,,,NVIDIA A100-SXM4-40GB MIG 4g.20gb (0),1,,13,cupy_copy__float16_float16
13934046110,6304,260698,282,1,1,128,1,1,16,0.000,0.000,,,,,NVIDIA A100-SXM4-40GB MIG 4g.20gb (0),1,,13,cupy_copy__complex64_complex64
13934396570,7456,260707,26,1,1,128,1,1,16,0.000,0.000,,,,,NVIDIA A100-SXM4-40GB MIG 4g.20gb (0),1,,13,cupy_copy__float32_float32
13934949396,6368,260716,103,1,1,128,1,1,16,0.000,0.000,,,,,NVIDIA A100-SXM4-40GB MIG 4g.20gb (0),1,,13,cupy_copy__complex64_complex64
13935329391,18528,260726,1434,1,1,128,1,1,16,0.000,0.000,,,,,NVIDIA A100-SXM4-40GB MIG 4g.20gb (0),1,,13,cupy_copy__complex64_complex64
13935582413,253117,260731,1,1,1,32,32,1,30,0.000,0.000,,,,,NVIDIA A100-SXM4-40GB MIG 4g.20gb (0),1,,13,"void convert_kernel<__half2, float2>(tensor_layout_any, T1 *, tensor_layout_any, const T2 *)"
13935887017,5440,260734,,,,,,,,,,0.094,17223.480,Pinned,Device,NVIDIA A100-SXM4-40GB MIG 4g.20gb (0),1,,13,[CUDA memcpy Host-to-Device]
13936159942,703256,260735,,,,,,,,,,456.561,648773.806,Device,,NVIDIA A100-SXM4-40GB MIG 4g.20gb (0),1,,13,[CUDA memset]
13936996797,56255,260740,,,,,,,,,,1.235,21952.365,Pinned,Device,NVIDIA A100-SXM4-40GB MIG 4g.20gb (0),1,,13,[CUDA memcpy Host-to-Device]
13937058812,10336,260741,,,,,,,,,,0.197,19021.627,Pinned,Device,NVIDIA A100-SXM4-40GB MIG 4g.20gb (0),1,,13,[CUDA memcpy Host-to-Device]
13937506775,33599,260742,69,4,1,48,1,1,76,0.002,0.000,,,,,NVIDIA A100-SXM4-40GB MIG 4g.20gb (0),1,,13,"void ch_est::windowedChEstPreNoDftSOfdmKernel<float, __half, float, (unsigned int)2, (unsigned int)1, (unsigned short)4>(ch_est::puschRxChEstStatDescr_t *, ch_est::puschRxChEstDynDescr_t *)"
13938026129,15360,260743,137,2,1,24,2,1,44,0.001,0.001,,,,,NVIDIA A100-SXM4-40GB MIG 4g.20gb (0),1,,13,"void ch_est::chEstFilterNoDftSOfdmDispatchKernel<float, __half, float, (unsigned int)2>(ch_est::puschRxChEstStatDescr_t *, ch_est::puschRxChEstDynDescr_t *)"
13938409741,11712,260744,137,2,1,24,2,1,44,0.001,0.001,,,,,NVIDIA A100-SXM4-40GB MIG 4g.20gb (0),1,,13,"void ch_est::chEstFilterNoDftSOfdmDispatchKernel<float, __half, float, (unsigned int)2>(ch_est::puschRxChEstStatDescr_t *, ch_est::puschRxChEstDynDescr_t *)"
13938802536,5888,260755,103,1,1,128,1,1,16,0.000,0.000,,,,,NVIDIA A100-SXM4-40GB MIG 4g.20gb (0),1,,13,cupy_copy__complex64_complex64
13939189476,16672,260765,1434,1,1,128,1,1,16,0.000,0.000,,,,,NVIDIA A100-SXM4-40GB MIG 4g.20gb (0),1,,13,cupy_copy__complex64_complex64
13939772317,4896,260772,103,1,1,128,1,1,16,0.000,0.000,,,,,NVIDIA A100-SXM4-40GB MIG 4g.20gb (0),1,,13,cupy_copy__complex64_complex64
13940224536,274109,260779,1,1,1,32,32,1,30,0.000,0.000,,,,,NVIDIA A100-SXM4-40GB MIG 4g.20gb (0),1,,13,"void convert_kernel<__half2, float2>(tensor_layout_any, T1 *, tensor_layout_any, const T2 *)"
13940530229,5472,260782,,,,,,,,,,0.094,17122.757,Pinned,Device,NVIDIA A100-SXM4-40GB MIG 4g.20gb (0),1,,13,[CUDA memcpy Host-to-Device]
13940913552,43776,260783,,,,,,,,,,35.810,818006.003,Device,,NVIDIA A100-SXM4-40GB MIG 4g.20gb (0),1,,13,[CUDA memset]
13940964560,2624,260785,,,,,,,,,,0.000,30.488,Pinned,Device,NVIDIA A100-SXM4-40GB MIG 4g.20gb (0),1,,13,[CUDA memcpy Host-to-Device]
13940974992,14880,260786,,,,,,,,,,0.197,13212.844,Pinned,Device,NVIDIA A100-SXM4-40GB MIG 4g.20gb (0),1,,13,[CUDA memcpy Host-to-Device]
13941653608,16096,260787,273,1,1,48,1,1,40,0.000,0.001,,,,,NVIDIA A100-SXM4-40GB MIG 4g.20gb (0),1,,13,"void pusch_noise_intf_est::noiseIntfEstNoDftSOfdmKernel<float, __half, float, float, (unsigned int)2, (unsigned int)1, (unsigned char)4, (unsigned char)4>(pusch_noise_intf_est::puschRxNoiseIntfEstDynDescr)"
13942339296,4384,260798,35,1,1,128,1,1,16,0.000,0.000,,,,,NVIDIA A100-SXM4-40GB MIG 4g.20gb (0),1,,13,cupy_copy__complex64_complex64
13942904922,4160,260807,1,1,1,1,1,1,18,0.000,0.000,,,,,NVIDIA A100-SXM4-40GB MIG 4g.20gb (0),1,,13,cupy_copy__float32_float32
13942917306,2080,260813,,,,,,,,,,0.000,1.923,Device,Pageable,NVIDIA A100-SXM4-40GB MIG 4g.20gb (0),1,,7,[CUDA memcpy Device-to-Host]
13943696497,19968,260824,1434,1,1,128,1,1,16,0.000,0.000,,,,,NVIDIA A100-SXM4-40GB MIG 4g.20gb (0),1,,13,cupy_copy__complex64_complex64
13944383177,5120,260831,103,1,1,128,1,1,16,0.000,0.000,,,,,NVIDIA A100-SXM4-40GB MIG 4g.20gb (0),1,,13,cupy_copy__complex64_complex64
13945058370,4480,260838,35,1,1,128,1,1,16,0.000,0.000,,,,,NVIDIA A100-SXM4-40GB MIG 4g.20gb (0),1,,13,cupy_copy__complex64_complex64
13945722170,3712,260845,1,1,1,1,1,1,18,0.000,0.000,,,,,NVIDIA A100-SXM4-40GB MIG 4g.20gb (0),1,,13,cupy_copy__float32_float32
13946381427,250333,260856,1,1,1,32,32,1,30,0.000,0.000,,,,,NVIDIA A100-SXM4-40GB MIG 4g.20gb (0),1,,13,"void convert_kernel<__half2, float2>(tensor_layout_any, T1 *, tensor_layout_any, const T2 *)"
13946665135,5536,260859,,,,,,,,,,0.094,16924.777,Pinned,Device,NVIDIA A100-SXM4-40GB MIG 4g.20gb (0),1,,13,[CUDA memcpy Host-to-Device]
13947101867,13375,260860,,,,,,,,,,1.547,115634.890,Device,,NVIDIA A100-SXM4-40GB MIG 4g.20gb (0),1,,13,[CUDA memset]
13947122826,3968,260865,,,,,,,,,,0.031,7887.093,Pinned,Device,NVIDIA A100-SXM4-40GB MIG 4g.20gb (0),1,,13,[CUDA memcpy Host-to-Device]
13947129322,12608,260866,,,,,,,,,,0.197,15593.767,Pinned,Device,NVIDIA A100-SXM4-40GB MIG 4g.20gb (0),1,,13,[CUDA memcpy Host-to-Device]
13947710404,35327,260867,273,1,1,8,4,1,39,0.002,0.000,,,,,NVIDIA A100-SXM4-40GB MIG 4g.20gb (0),1,,13,"void channel_eq::eqMmseCoefCompLowMimoKernel<float, float, float, (unsigned int)4, (unsigned int)1, (unsigned int)4>(const channel_eq::_puschRxChEqStatDescr *, channel_eq::_puschRxChEqCoefCompDynDescr)"
13948253214,17183,260868,273,1,1,12,11,1,51,0.002,0.000,,,,,NVIDIA A100-SXM4-40GB MIG 4g.20gb (0),1,,13,"void channel_eq::eqMmseSoftDemapKernel<float, __half, __half, float, (unsigned int)4, (unsigned short)16383>(channel_eq::_puschRxChEqStatDescr *, channel_eq::_puschRxChEqSoftDemapDynDescr)"
13948608410,681048,260869,1,1,1,32,32,1,30,0.000,0.000,,,,,NVIDIA A100-SXM4-40GB MIG 4g.20gb (0),1,,13,"void convert_kernel<float2, __half2>(tensor_layout_any, T1 *, tensor_layout_any, const T2 *)"
13949586895,20127,260881,2253,1,1,128,1,1,16,0.000,0.000,,,,,NVIDIA A100-SXM4-40GB MIG 4g.20gb (0),1,,13,cupy_copy__float16_float16
13949929643,10176,260890,282,1,1,128,1,1,16,0.000,0.000,,,,,NVIDIA A100-SXM4-40GB MIG 4g.20gb (0),1,,13,cupy_copy__complex64_complex64
13950179112,4832,260899,26,1,1,128,1,1,16,0.000,0.000,,,,,NVIDIA A100-SXM4-40GB MIG 4g.20gb (0),1,,13,cupy_copy__float32_float32
13950530052,26752,260908,103,1,1,128,1,1,16,0.000,0.000,,,,,NVIDIA A100-SXM4-40GB MIG 4g.20gb (0),1,,13,cupy_copy__complex64_complex64
13951078366,24703,260918,1434,1,1,128,1,1,16,0.000,0.000,,,,,NVIDIA A100-SXM4-40GB MIG 4g.20gb (0),1,,13,cupy_copy__complex64_complex64
13951333307,260701,260923,1,1,1,32,32,1,30,0.000,0.000,,,,,NVIDIA A100-SXM4-40GB MIG 4g.20gb (0),1,,13,"void convert_kernel<__half2, float2>(tensor_layout_any, T1 *, tensor_layout_any, const T2 *)"
13951625911,5632,260926,,,,,,,,,,0.094,16636.287,Pinned,Device,NVIDIA A100-SXM4-40GB MIG 4g.20gb (0),1,,13,[CUDA memcpy Host-to-Device]
13952027955,630041,260927,,,,,,,,,,456.561,724563.005,Device,,NVIDIA A100-SXM4-40GB MIG 4g.20gb (0),1,,13,[CUDA memset]
13952663468,68863,260932,,,,,,,,,,1.235,17932.622,Pinned,Device,NVIDIA A100-SXM4-40GB MIG 4g.20gb (0),1,,13,[CUDA memcpy Host-to-Device]
13952735499,12256,260933,,,,,,,,,,0.197,16041.640,Pinned,Device,NVIDIA A100-SXM4-40GB MIG 4g.20gb (0),1,,13,[CUDA memcpy Host-to-Device]
13953289317,31615,260934,69,4,1,48,1,1,76,0.002,0.000,,,,,NVIDIA A100-SXM4-40GB MIG 4g.20gb (0),1,,13,"void ch_est::windowedChEstPreNoDftSOfdmKernel<float, __half, float, (unsigned int)2, (unsigned int)1, (unsigned short)4>(ch_est::puschRxChEstStatDescr_t *, ch_est::puschRxChEstDynDescr_t *)"
13953909502,39071,260935,137,2,1,24,2,1,44,0.001,0.001,,,,,NVIDIA A100-SXM4-40GB MIG 4g.20gb (0),1,,13,"void ch_est::chEstFilterNoDftSOfdmDispatchKernel<float, __half, float, (unsigned int)2>(ch_est::puschRxChEstStatDescr_t *, ch_est::puschRxChEstDynDescr_t *)"
13954255770,34591,260936,137,2,1,24,2,1,44,0.001,0.001,,,,,NVIDIA A100-SXM4-40GB MIG 4g.20gb (0),1,,13,"void ch_est::chEstFilterNoDftSOfdmDispatchKernel<float, __half, float, (unsigned int)2>(ch_est::puschRxChEstStatDescr_t *, ch_est::puschRxChEstDynDescr_t *)"
13954579062,7104,260947,103,1,1,128,1,1,16,0.000,0.000,,,,,NVIDIA A100-SXM4-40GB MIG 4g.20gb (0),1,,13,cupy_copy__complex64_complex64
13954848691,21344,260957,1434,1,1,128,1,1,16,0.000,0.000,,,,,NVIDIA A100-SXM4-40GB MIG 4g.20gb (0),1,,13,cupy_copy__complex64_complex64
13955223535,11328,260964,103,1,1,128,1,1,16,0.000,0.000,,,,,NVIDIA A100-SXM4-40GB MIG 4g.20gb (0),1,,13,cupy_copy__complex64_complex64
13955785353,255101,260971,1,1,1,32,32,1,30,0.000,0.000,,,,,NVIDIA A100-SXM4-40GB MIG 4g.20gb (0),1,,13,"void convert_kernel<__half2, float2>(tensor_layout_any, T1 *, tensor_layout_any, const T2 *)"
13956070725,5856,260974,,,,,,,,,,0.094,15999.997,Pinned,Device,NVIDIA A100-SXM4-40GB MIG 4g.20gb (0),1,,13,[CUDA memcpy Host-to-Device]
13956438241,65951,260975,,,,,,,,,,35.810,542950.007,Device,,NVIDIA A100-SXM4-40GB MIG 4g.20gb (0),1,,13,[CUDA memset]
13956507680,2304,260977,,,,,,,,,,0.000,34.722,Pinned,Device,NVIDIA A100-SXM4-40GB MIG 4g.20gb (0),1,,13,[CUDA memcpy Host-to-Device]
13956515616,9952,260978,,,,,,,,,,0.197,19755.565,Pinned,Device,NVIDIA A100-SXM4-40GB MIG 4g.20gb (0),1,,13,[CUDA memcpy Host-to-Device]
13957073978,16384,260979,273,1,1,48,1,1,40,0.000,0.001,,,,,NVIDIA A100-SXM4-40GB MIG 4g.20gb (0),1,,13,"void pusch_noise_intf_est::noiseIntfEstNoDftSOfdmKernel<float, __half, float, float, (unsigned int)2, (unsigned int)1, (unsigned char)4, (unsigned char)4>(pusch_noise_intf_est::puschRxNoiseIntfEstDynDescr)"
13957425270,12288,260990,35,1,1,128,1,1,16,0.000,0.000,,,,,NVIDIA A100-SXM4-40GB MIG 4g.20gb (0),1,,13,cupy_copy__complex64_complex64
13957745682,5088,260999,1,1,1,1,1,1,18,0.000,0.000,,,,,NVIDIA A100-SXM4-40GB MIG 4g.20gb (0),1,,13,cupy_copy__float32_float32
13957751922,1632,261005,,,,,,,,,,0.000,2.451,Device,Pageable,NVIDIA A100-SXM4-40GB MIG 4g.20gb (0),1,,7,[CUDA memcpy Device-to-Host]
13958359787,23296,261016,1434,1,1,128,1,1,16,0.000,0.000,,,,,NVIDIA A100-SXM4-40GB MIG 4g.20gb (0),1,,13,cupy_copy__complex64_complex64
13958984452,6944,261023,103,1,1,128,1,1,16,0.000,0.000,,,,,NVIDIA A100-SXM4-40GB MIG 4g.20gb (0),1,,13,cupy_copy__complex64_complex64
13959313249,10560,261030,35,1,1,128,1,1,16,0.000,0.000,,,,,NVIDIA A100-SXM4-40GB MIG 4g.20gb (0),1,,13,cupy_copy__complex64_complex64
13959558110,4096,261037,1,1,1,1,1,1,18,0.000,0.000,,,,,NVIDIA A100-SXM4-40GB MIG 4g.20gb (0),1,,13,cupy_copy__float32_float32
13959918234,256125,261048,1,1,1,32,32,1,30,0.000,0.000,,,,,NVIDIA A100-SXM4-40GB MIG 4g.20gb (0),1,,13,"void convert_kernel<__half2, float2>(tensor_layout_any, T1 *, tensor_layout_any, const T2 *)"
13960205015,9216,261051,,,,,,,,,,0.094,10166.578,Pinned,Device,NVIDIA A100-SXM4-40GB MIG 4g.20gb (0),1,,13,[CUDA memcpy Host-to-Device]
13960542163,7520,261052,,,,,,,,,,1.547,205666.966,Device,,NVIDIA A100-SXM4-40GB MIG 4g.20gb (0),1,,13,[CUDA memset]
13960555891,4448,261057,,,,,,,,,,0.031,7035.967,Pinned,Device,NVIDIA A100-SXM4-40GB MIG 4g.20gb (0),1,,13,[CUDA memcpy Host-to-Device]
13960562771,11647,261058,,,,,,,,,,0.197,16880.566,Pinned,Device,NVIDIA A100-SXM4-40GB MIG 4g.20gb (0),1,,13,[CUDA memcpy Host-to-Device]
13960878511,42368,261059,273,1,1,8,4,1,39,0.002,0.000,,,,,NVIDIA A100-SXM4-40GB MIG 4g.20gb (0),1,,13,"void channel_eq::eqMmseCoefCompLowMimoKernel<float, float, float, (unsigned int)4, (unsigned int)1, (unsigned int)4>(const channel_eq::_puschRxChEqStatDescr *, channel_eq::_puschRxChEqCoefCompDynDescr)"
13961488680,39488,261060,273,1,1,12,11,1,51,0.002,0.000,,,,,NVIDIA A100-SXM4-40GB MIG 4g.20gb (0),1,,13,"void channel_eq::eqMmseSoftDemapKernel<float, __half, __half, float, (unsigned int)4, (unsigned short)16383>(channel_eq::_puschRxChEqStatDescr *, channel_eq::_puschRxChEqSoftDemapDynDescr)"
13961860228,690904,261061,1,1,1,32,32,1,30,0.000,0.000,,,,,NVIDIA A100-SXM4-40GB MIG 4g.20gb (0),1,,13,"void convert_kernel<float2, __half2>(tensor_layout_any, T1 *, tensor_layout_any, const T2 *)"
13963025623,18368,261073,2253,1,1,128,1,1,16,0.000,0.000,,,,,NVIDIA A100-SXM4-40GB MIG 4g.20gb (0),1,,13,cupy_copy__float16_float16
13963387187,13568,261082,282,1,1,128,1,1,16,0.000,0.000,,,,,NVIDIA A100-SXM4-40GB MIG 4g.20gb (0),1,,13,cupy_copy__complex64_complex64
13963963308,7584,261091,26,1,1,128,1,1,16,0.000,0.000,,,,,NVIDIA A100-SXM4-40GB MIG 4g.20gb (0),1,,13,cupy_copy__float32_float32
13964218857,6496,261100,103,1,1,128,1,1,16,0.000,0.000,,,,,NVIDIA A100-SXM4-40GB MIG 4g.20gb (0),1,,13,cupy_copy__complex64_complex64
13964571429,25408,261110,1434,1,1,128,1,1,16,0.000,0.000,,,,,NVIDIA A100-SXM4-40GB MIG 4g.20gb (0),1,,13,cupy_copy__complex64_complex64
13965143999,270525,261115,1,1,1,32,32,1,30,0.000,0.000,,,,,NVIDIA A100-SXM4-40GB MIG 4g.20gb (0),1,,13,"void convert_kernel<__half2, float2>(tensor_layout_any, T1 *, tensor_layout_any, const T2 *)"
13965444860,5471,261118,,,,,,,,,,0.094,17125.849,Pinned,Device,NVIDIA A100-SXM4-40GB MIG 4g.20gb (0),1,,13,[CUDA memcpy Host-to-Device]
13965876439,630873,261119,,,,,,,,,,456.561,723649.882,Device,,NVIDIA A100-SXM4-40GB MIG 4g.20gb (0),1,,13,[CUDA memset]
13966515311,64736,261124,,,,,,,,,,1.235,19076.180,Pinned,Device,NVIDIA A100-SXM4-40GB MIG 4g.20gb (0),1,,13,[CUDA memcpy Host-to-Device]
13966582607,13504,261125,,,,,,,,,,0.197,14559.216,Pinned,Device,NVIDIA A100-SXM4-40GB MIG 4g.20gb (0),1,,13,[CUDA memcpy Host-to-Device]
13967123273,34719,261126,69,4,1,48,1,1,76,0.002,0.000,,,,,NVIDIA A100-SXM4-40GB MIG 4g.20gb (0),1,,13,"void ch_est::windowedChEstPreNoDftSOfdmKernel<float, __half, float, (unsigned int)2, (unsigned int)1, (unsigned short)4>(ch_est::puschRxChEstStatDescr_t *, ch_est::puschRxChEstDynDescr_t *)"
13967698850,12000,261127,137,2,1,24,2,1,44,0.001,0.001,,,,,NVIDIA A100-SXM4-40GB MIG 4g.20gb (0),1,,13,"void ch_est::chEstFilterNoDftSOfdmDispatchKernel<float, __half, float, (unsigned int)2>(ch_est::puschRxChEstStatDescr_t *, ch_est::puschRxChEstDynDescr_t *)"
13968114941,31136,261128,137,2,1,24,2,1,44,0.001,0.001,,,,,NVIDIA A100-SXM4-40GB MIG 4g.20gb (0),1,,13,"void ch_est::chEstFilterNoDftSOfdmDispatchKernel<float, __half, float, (unsigned int)2>(ch_est::puschRxChEstStatDescr_t *, ch_est::puschRxChEstDynDescr_t *)"
13968613304,6080,261139,103,1,1,128,1,1,16,0.000,0.000,,,,,NVIDIA A100-SXM4-40GB MIG 4g.20gb (0),1,,13,cupy_copy__complex64_complex64
13968944340,21280,261149,1434,1,1,128,1,1,16,0.000,0.000,,,,,NVIDIA A100-SXM4-40GB MIG 4g.20gb (0),1,,13,cupy_copy__complex64_complex64
13969311120,15840,261156,103,1,1,128,1,1,16,0.000,0.000,,,,,NVIDIA A100-SXM4-40GB MIG 4g.20gb (0),1,,13,cupy_copy__complex64_complex64
13969920777,271293,261163,1,1,1,32,32,1,30,0.000,0.000,,,,,NVIDIA A100-SXM4-40GB MIG 4g.20gb (0),1,,13,"void convert_kernel<__half2, float2>(tensor_layout_any, T1 *, tensor_layout_any, const T2 *)"
13970227846,14431,261166,,,,,,,,,,0.094,6492.664,Pinned,Device,NVIDIA A100-SXM4-40GB MIG 4g.20gb (0),1,,13,[CUDA memcpy Host-to-Device]
13970628769,74975,261167,,,,,,,,,,35.810,477596.903,Device,,NVIDIA A100-SXM4-40GB MIG 4g.20gb (0),1,,13,[CUDA memset]
13970706304,8512,261169,,,,,,,,,,0.000,9.398,Pinned,Device,NVIDIA A100-SXM4-40GB MIG 4g.20gb (0),1,,13,[CUDA memcpy Host-to-Device]
13970720736,17952,261170,,,,,,,,,,0.197,10951.852,Pinned,Device,NVIDIA A100-SXM4-40GB MIG 4g.20gb (0),1,,13,[CUDA memcpy Host-to-Device]
13971126747,52992,261171,273,1,1,48,1,1,40,0.000,0.001,,,,,NVIDIA A100-SXM4-40GB MIG 4g.20gb (0),1,,13,"void pusch_noise_intf_est::noiseIntfEstNoDftSOfdmKernel<float, __half, float, float, (unsigned int)2, (unsigned int)1, (unsigned char)4, (unsigned char)4>(pusch_noise_intf_est::puschRxNoiseIntfEstDynDescr)"
13971849043,41312,261182,35,1,1,128,1,1,16,0.000,0.000,,,,,NVIDIA A100-SXM4-40GB MIG 4g.20gb (0),1,,13,cupy_copy__complex64_complex64
13972531660,3776,261191,1,1,1,1,1,1,18,0.000,0.000,,,,,NVIDIA A100-SXM4-40GB MIG 4g.20gb (0),1,,13,cupy_copy__float32_float32
13972537995,4544,261197,,,,,,,,,,0.000,0.880,Device,Pageable,NVIDIA A100-SXM4-40GB MIG 4g.20gb (0),1,,7,[CUDA memcpy Device-to-Host]
13973248323,20608,261208,1434,1,1,128,1,1,16,0.000,0.000,,,,,NVIDIA A100-SXM4-40GB MIG 4g.20gb (0),1,,13,cupy_copy__complex64_complex64
13973858365,24351,261215,103,1,1,128,1,1,16,0.000,0.000,,,,,NVIDIA A100-SXM4-40GB MIG 4g.20gb (0),1,,13,cupy_copy__complex64_complex64
13974524821,5792,261222,35,1,1,128,1,1,16,0.000,0.000,,,,,NVIDIA A100-SXM4-40GB MIG 4g.20gb (0),1,,13,cupy_copy__complex64_complex64
13975086511,3552,261229,1,1,1,1,1,1,18,0.000,0.000,,,,,NVIDIA A100-SXM4-40GB MIG 4g.20gb (0),1,,13,cupy_copy__float32_float32
13975495754,240893,261240,1,1,1,32,32,1,30,0.000,0.000,,,,,NVIDIA A100-SXM4-40GB MIG 4g.20gb (0),1,,13,"void convert_kernel<__half2, float2>(tensor_layout_any, T1 *, tensor_layout_any, const T2 *)"
13975766887,6080,261243,,,,,,,,,,0.094,15410.462,Pinned,Device,NVIDIA A100-SXM4-40GB MIG 4g.20gb (0),1,,13,[CUDA memcpy Host-to-Device]
13976175458,5120,261244,,,,,,,,,,1.547,302074.227,Device,,NVIDIA A100-SXM4-40GB MIG 4g.20gb (0),1,,13,[CUDA memset]
13976186754,7200,261249,,,,,,,,,,0.031,4346.639,Pinned,Device,NVIDIA A100-SXM4-40GB MIG 4g.20gb (0),1,,13,[CUDA memcpy Host-to-Device]
13976196386,10688,261250,,,,,,,,,,0.197,18395.038,Pinned,Device,NVIDIA A100-SXM4-40GB MIG 4g.20gb (0),1,,13,[CUDA memcpy Host-to-Device]
13976607934,23359,261251,273,1,1,8,4,1,39,0.002,0.000,,,,,NVIDIA A100-SXM4-40GB MIG 4g.20gb (0),1,,13,"void channel_eq::eqMmseCoefCompLowMimoKernel<float, float, float, (unsigned int)4, (unsigned int)1, (unsigned int)4>(const channel_eq::_puschRxChEqStatDescr *, channel_eq::_puschRxChEqCoefCompDynDescr)"
13977160823,36544,261252,273,1,1,12,11,1,51,0.002,0.000,,,,,NVIDIA A100-SXM4-40GB MIG 4g.20gb (0),1,,13,"void channel_eq::eqMmseSoftDemapKernel<float, __half, __half, float, (unsigned int)4, (unsigned short)16383>(channel_eq::_puschRxChEqStatDescr *, channel_eq::_puschRxChEqSoftDemapDynDescr)"
13977501171,678073,261253,1,1,1,32,32,1,30,0.000,0.000,,,,,NVIDIA A100-SXM4-40GB MIG 4g.20gb (0),1,,13,"void convert_kernel<float2, __half2>(tensor_layout_any, T1 *, tensor_layout_any, const T2 *)"
13978656710,17248,261265,2253,1,1,128,1,1,16,0.000,0.000,,,,,NVIDIA A100-SXM4-40GB MIG 4g.20gb (0),1,,13,cupy_copy__float16_float16
13979046370,8544,261274,282,1,1,128,1,1,16,0.000,0.000,,,,,NVIDIA A100-SXM4-40GB MIG 4g.20gb (0),1,,13,cupy_copy__complex64_complex64
13979371678,5568,261283,26,1,1,128,1,1,16,0.000,0.000,,,,,NVIDIA A100-SXM4-40GB MIG 4g.20gb (0),1,,13,cupy_copy__float32_float32
13979626235,10240,261292,103,1,1,128,1,1,16,0.000,0.000,,,,,NVIDIA A100-SXM4-40GB MIG 4g.20gb (0),1,,13,cupy_copy__complex64_complex64
13979975000,25855,261302,1434,1,1,128,1,1,16,0.000,0.000,,,,,NVIDIA A100-SXM4-40GB MIG 4g.20gb (0),1,,13,cupy_copy__complex64_complex64
13980542897,261373,261307,1,1,1,32,32,1,30,0.000,0.000,,,,,NVIDIA A100-SXM4-40GB MIG 4g.20gb (0),1,,13,"void convert_kernel<__half2, float2>(tensor_layout_any, T1 *, tensor_layout_any, const T2 *)"
13980836494,5920,261310,,,,,,,,,,0.094,15826.941,Pinned,Device,NVIDIA A100-SXM4-40GB MIG 4g.20gb (0),1,,13,[CUDA memcpy Host-to-Device]
13981236521,607097,261311,,,,,,,,,,456.561,751956.692,Device,,NVIDIA A100-SXM4-40GB MIG 4g.20gb (0),1,,13,[CUDA memset]
13981854946,58336,261316,,,,,,,,,,1.235,21169.410,Pinned,Device,NVIDIA A100-SXM4-40GB MIG 4g.20gb (0),1,,13,[CUDA memcpy Host-to-Device]
13981916066,10048,261317,,,,,,,,,,0.197,19566.821,Pinned,Device,NVIDIA A100-SXM4-40GB MIG 4g.20gb (0),1,,13,[CUDA memcpy Host-to-Device]
13982413724,15168,261318,69,4,1,48,1,1,76,0.002,0.000,,,,,NVIDIA A100-SXM4-40GB MIG 4g.20gb (0),1,,13,"void ch_est::windowedChEstPreNoDftSOfdmKernel<float, __half, float, (unsigned int)2, (unsigned int)1, (unsigned short)4>(ch_est::puschRxChEstStatDescr_t *, ch_est::puschRxChEstDynDescr_t *)"
13982842551,11936,261319,137,2,1,24,2,1,44,0.001,0.001,,,,,NVIDIA A100-SXM4-40GB MIG 4g.20gb (0),1,,13,"void ch_est::chEstFilterNoDftSOfdmDispatchKernel<float, __half, float, (unsigned int)2>(ch_est::puschRxChEstStatDescr_t *, ch_est::puschRxChEstDynDescr_t *)"
13983406193,37823,261320,137,2,1,24,2,1,44,0.001,0.001,,,,,NVIDIA A100-SXM4-40GB MIG 4g.20gb (0),1,,13,"void ch_est::chEstFilterNoDftSOfdmDispatchKernel<float, __half, float, (unsigned int)2>(ch_est::puschRxChEstStatDescr_t *, ch_est::puschRxChEstDynDescr_t *)"
13984018890,17024,261331,103,1,1,128,1,1,16,0.000,0.000,,,,,NVIDIA A100-SXM4-40GB MIG 4g.20gb (0),1,,13,cupy_copy__complex64_complex64
13984282439,19392,261341,1434,1,1,128,1,1,16,0.000,0.000,,,,,NVIDIA A100-SXM4-40GB MIG 4g.20gb (0),1,,13,cupy_copy__complex64_complex64
13984751522,6816,261348,103,1,1,128,1,1,16,0.000,0.000,,,,,NVIDIA A100-SXM4-40GB MIG 4g.20gb (0),1,,13,cupy_copy__complex64_complex64
13985174397,257981,261355,1,1,1,32,32,1,30,0.000,0.000,,,,,NVIDIA A100-SXM4-40GB MIG 4g.20gb (0),1,,13,"void convert_kernel<__half2, float2>(tensor_layout_any, T1 *, tensor_layout_any, const T2 *)"
13985462490,8416,261358,,,,,,,,,,0.094,11133.052,Pinned,Device,NVIDIA A100-SXM4-40GB MIG 4g.20gb (0),1,,13,[CUDA memcpy Host-to-Device]
13985906933,77375,261359,,,,,,,,,,35.810,462807.406,Device,,NVIDIA A100-SXM4-40GB MIG 4g.20gb (0),1,,13,[CUDA memset]
13985991412,7328,261361,,,,,,,,,,0.000,10.917,Pinned,Device,NVIDIA A100-SXM4-40GB MIG 4g.20gb (0),1,,13,[CUDA memcpy Host-to-Device]
13986001460,11615,261362,,,,,,,,,,0.197,16926.966,Pinned,Device,NVIDIA A100-SXM4-40GB MIG 4g.20gb (0),1,,13,[CUDA memcpy Host-to-Device]
13986672300,58815,261363,273,1,1,48,1,1,40,0.000,0.001,,,,,NVIDIA A100-SXM4-40GB MIG 4g.20gb (0),1,,13,"void pusch_noise_intf_est::noiseIntfEstNoDftSOfdmKernel<float, __half, float, float, (unsigned int)2, (unsigned int)1, (unsigned char)4, (unsigned char)4>(pusch_noise_intf_est::puschRxNoiseIntfEstDynDescr)"
13987399812,28927,261374,35,1,1,128,1,1,16,0.000,0.000,,,,,NVIDIA A100-SXM4-40GB MIG 4g.20gb (0),1,,13,cupy_copy__complex64_complex64
13988108412,3680,261383,1,1,1,1,1,1,18,0.000,0.000,,,,,NVIDIA A100-SXM4-40GB MIG 4g.20gb (0),1,,13,cupy_copy__float32_float32
13988117468,3296,261389,,,,,,,,,,0.000,1.214,Device,Pageable,NVIDIA A100-SXM4-40GB MIG 4g.20gb (0),1,,7,[CUDA memcpy Device-to-Host]
13988821620,41247,261400,1434,1,1,128,1,1,16,0.000,0.000,,,,,NVIDIA A100-SXM4-40GB MIG 4g.20gb (0),1,,13,cupy_copy__complex64_complex64
13989531436,4896,261407,103,1,1,128,1,1,16,0.000,0.000,,,,,NVIDIA A100-SXM4-40GB MIG 4g.20gb (0),1,,13,cupy_copy__complex64_complex64
13990110309,4544,261414,35,1,1,128,1,1,16,0.000,0.000,,,,,NVIDIA A100-SXM4-40GB MIG 4g.20gb (0),1,,13,cupy_copy__complex64_complex64
13990574592,6080,261421,1,1,1,1,1,1,18,0.000,0.000,,,,,NVIDIA A100-SXM4-40GB MIG 4g.20gb (0),1,,13,cupy_copy__float32_float32
13990975675,247550,261432,1,1,1,32,32,1,30,0.000,0.000,,,,,NVIDIA A100-SXM4-40GB MIG 4g.20gb (0),1,,13,"void convert_kernel<__half2, float2>(tensor_layout_any, T1 *, tensor_layout_any, const T2 *)"
13991254040,11616,261435,,,,,,,,,,0.094,8066.101,Pinned,Device,NVIDIA A100-SXM4-40GB MIG 4g.20gb (0),1,,13,[CUDA memcpy Host-to-Device]
13991573525,7904,261436,,,,,,,,,,1.547,195675.775,Device,,NVIDIA A100-SXM4-40GB MIG 4g.20gb (0),1,,13,[CUDA memset]
13991587476,3680,261441,,,,,,,,,,0.031,8504.344,Pinned,Device,NVIDIA A100-SXM4-40GB MIG 4g.20gb (0),1,,13,[CUDA memcpy Host-to-Device]
13991594068,10848,261442,,,,,,,,,,0.197,18123.719,Pinned,Device,NVIDIA A100-SXM4-40GB MIG 4g.20gb (0),1,,13,[CUDA memcpy Host-to-Device]
13991909713,31519,261443,273,1,1,8,4,1,39,0.002,0.000,,,,,NVIDIA A100-SXM4-40GB MIG 4g.20gb (0),1,,13,"void channel_eq::eqMmseCoefCompLowMimoKernel<float, float, float, (unsigned int)4, (unsigned int)1, (unsigned int)4>(const channel_eq::_puschRxChEqStatDescr *, channel_eq::_puschRxChEqCoefCompDynDescr)"
13992494570,34880,261444,273,1,1,12,11,1,51,0.002,0.000,,,,,NVIDIA A100-SXM4-40GB MIG 4g.20gb (0),1,,13,"void channel_eq::eqMmseSoftDemapKernel<float, __half, __half, float, (unsigned int)4, (unsigned short)16383>(channel_eq::_puschRxChEqStatDescr *, channel_eq::_puschRxChEqSoftDemapDynDescr)"
13993119715,701208,261445,1,1,1,32,32,1,30,0.000,0.000,,,,,NVIDIA A100-SXM4-40GB MIG 4g.20gb (0),1,,13,"void convert_kernel<float2, __half2>(tensor_layout_any, T1 *, tensor_layout_any, const T2 *)"
13994400245,21727,261457,2253,1,1,128,1,1,16,0.000,0.000,,,,,NVIDIA A100-SXM4-40GB MIG 4g.20gb (0),1,,13,cupy_copy__float16_float16
13994962350,19104,261466,282,1,1,128,1,1,16,0.000,0.000,,,,,NVIDIA A100-SXM4-40GB MIG 4g.20gb (0),1,,13,cupy_copy__complex64_complex64
13995215244,5279,261475,26,1,1,128,1,1,16,0.000,0.000,,,,,NVIDIA A100-SXM4-40GB MIG 4g.20gb (0),1,,13,cupy_copy__float32_float32
13995575175,9856,261484,103,1,1,128,1,1,16,0.000,0.000,,,,,NVIDIA A100-SXM4-40GB MIG 4g.20gb (0),1,,13,cupy_copy__complex64_complex64
13995924996,25535,261494,1434,1,1,128,1,1,16,0.000,0.000,,,,,NVIDIA A100-SXM4-40GB MIG 4g.20gb (0),1,,13,cupy_copy__complex64_complex64
13996500797,259261,261499,1,1,1,32,32,1,30,0.000,0.000,,,,,NVIDIA A100-SXM4-40GB MIG 4g.20gb (0),1,,13,"void convert_kernel<__half2, float2>(tensor_layout_any, T1 *, tensor_layout_any, const T2 *)"
13996792122,8736,261502,,,,,,,,,,0.094,10725.194,Pinned,Device,NVIDIA A100-SXM4-40GB MIG 4g.20gb (0),1,,13,[CUDA memcpy Host-to-Device]
13997239317,648248,261503,,,,,,,,,,456.561,704017.740,Device,,NVIDIA A100-SXM4-40GB MIG 4g.20gb (0),1,,13,[CUDA memset]
13997891149,63424,261508,,,,,,,,,,1.235,19470.127,Pinned,Device,NVIDIA A100-SXM4-40GB MIG 4g.20gb (0),1,,13,[CUDA memcpy Host-to-Device]
13997957069,9727,261509,,,,,,,,,,0.197,20212.482,Pinned,Device,NVIDIA A100-SXM4-40GB MIG 4g.20gb (0),1,,13,[CUDA memcpy Host-to-Device]
13998456007,15680,261510,69,4,1,48,1,1,76,0.002,0.000,,,,,NVIDIA A100-SXM4-40GB MIG 4g.20gb (0),1,,13,"void ch_est::windowedChEstPreNoDftSOfdmKernel<float, __half, float, (unsigned int)2, (unsigned int)1, (unsigned short)4>(ch_est::puschRxChEstStatDescr_t *, ch_est::puschRxChEstDynDescr_t *)"
13998946273,38944,261511,137,2,1,24,2,1,44,0.001,0.001,,,,,NVIDIA A100-SXM4-40GB MIG 4g.20gb (0),1,,13,"void ch_est::chEstFilterNoDftSOfdmDispatchKernel<float, __half, float, (unsigned int)2>(ch_est::puschRxChEstStatDescr_t *, ch_est::puschRxChEstDynDescr_t *)"
13999679673,34880,261512,137,2,1,24,2,1,44,0.001,0.001,,,,,NVIDIA A100-SXM4-40GB MIG 4g.20gb (0),1,,13,"void ch_est::chEstFilterNoDftSOfdmDispatchKernel<float, __half, float, (unsigned int)2>(ch_est::puschRxChEstStatDescr_t *, ch_est::puschRxChEstDynDescr_t *)"
14000259987,10591,261523,103,1,1,128,1,1,16,0.000,0.000,,,,,NVIDIA A100-SXM4-40GB MIG 4g.20gb (0),1,,13,cupy_copy__complex64_complex64
14000613487,20479,261533,1434,1,1,128,1,1,16,0.000,0.000,,,,,NVIDIA A100-SXM4-40GB MIG 4g.20gb (0),1,,13,cupy_copy__complex64_complex64
14001152905,4863,261540,103,1,1,128,1,1,16,0.000,0.000,,,,,NVIDIA A100-SXM4-40GB MIG 4g.20gb (0),1,,13,cupy_copy__complex64_complex64
14001699234,275645,261547,1,1,1,32,32,1,30,0.000,0.000,,,,,NVIDIA A100-SXM4-40GB MIG 4g.20gb (0),1,,13,"void convert_kernel<__half2, float2>(tensor_layout_any, T1 *, tensor_layout_any, const T2 *)"
14002005439,5568,261550,,,,,,,,,,0.094,16827.521,Pinned,Device,NVIDIA A100-SXM4-40GB MIG 4g.20gb (0),1,,13,[CUDA memcpy Host-to-Device]
14002620312,58879,261551,,,,,,,,,,35.810,608159.871,Device,,NVIDIA A100-SXM4-40GB MIG 4g.20gb (0),1,,13,[CUDA memset]
14002687511,6464,261553,,,,,,,,,,0.000,12.376,Pinned,Device,NVIDIA A100-SXM4-40GB MIG 4g.20gb (0),1,,13,[CUDA memcpy Host-to-Device]
14002700567,15872,261554,,,,,,,,,,0.197,12387.090,Pinned,Device,NVIDIA A100-SXM4-40GB MIG 4g.20gb (0),1,,13,[CUDA memcpy Host-to-Device]
14003363856,32383,261555,273,1,1,48,1,1,40,0.000,0.001,,,,,NVIDIA A100-SXM4-40GB MIG 4g.20gb (0),1,,13,"void pusch_noise_intf_est::noiseIntfEstNoDftSOfdmKernel<float, __half, float, float, (unsigned int)2, (unsigned int)1, (unsigned char)4, (unsigned char)4>(pusch_noise_intf_est::puschRxNoiseIntfEstDynDescr)"
14004073224,17823,261566,35,1,1,128,1,1,16,0.000,0.000,,,,,NVIDIA A100-SXM4-40GB MIG 4g.20gb (0),1,,13,cupy_copy__complex64_complex64
14004738080,4288,261575,1,1,1,1,1,1,18,0.000,0.000,,,,,NVIDIA A100-SXM4-40GB MIG 4g.20gb (0),1,,13,cupy_copy__float32_float32
14004743904,5408,261581,,,,,,,,,,0.000,0.740,Device,Pageable,NVIDIA A100-SXM4-40GB MIG 4g.20gb (0),1,,7,[CUDA memcpy Device-to-Host]
14005458616,23264,261592,1434,1,1,128,1,1,16,0.000,0.000,,,,,NVIDIA A100-SXM4-40GB MIG 4g.20gb (0),1,,13,cupy_copy__complex64_complex64
14006135920,5792,261599,103,1,1,128,1,1,16,0.000,0.000,,,,,NVIDIA A100-SXM4-40GB MIG 4g.20gb (0),1,,13,cupy_copy__complex64_complex64
14006801321,7456,261606,35,1,1,128,1,1,16,0.000,0.000,,,,,NVIDIA A100-SXM4-40GB MIG 4g.20gb (0),1,,13,cupy_copy__complex64_complex64
14007352419,4159,261613,1,1,1,1,1,1,18,0.000,0.000,,,,,NVIDIA A100-SXM4-40GB MIG 4g.20gb (0),1,,13,cupy_copy__float32_float32
14007690623,263869,261624,1,1,1,32,32,1,30,0.000,0.000,,,,,NVIDIA A100-SXM4-40GB MIG 4g.20gb (0),1,,13,"void convert_kernel<__half2, float2>(tensor_layout_any, T1 *, tensor_layout_any, const T2 *)"
14007988667,8128,261627,,,,,,,,,,0.094,11527.513,Pinned,Device,NVIDIA A100-SXM4-40GB MIG 4g.20gb (0),1,,13,[CUDA memcpy Host-to-Device]
14008392055,16320,261628,,,,,,,,,,1.547,94767.839,Device,,NVIDIA A100-SXM4-40GB MIG 4g.20gb (0),1,,13,[CUDA memset]
14008409751,7008,261633,,,,,,,,,,0.031,4465.751,Pinned,Device,NVIDIA A100-SXM4-40GB MIG 4g.20gb (0),1,,13,[CUDA memcpy Host-to-Device]
14008422934,16416,261634,,,,,,,,,,0.197,11976.573,Pinned,Device,NVIDIA A100-SXM4-40GB MIG 4g.20gb (0),1,,13,[CUDA memcpy Host-to-Device]
14008968496,47296,261635,273,1,1,8,4,1,39,0.002,0.000,,,,,NVIDIA A100-SXM4-40GB MIG 4g.20gb (0),1,,13,"void channel_eq::eqMmseCoefCompLowMimoKernel<float, float, float, (unsigned int)4, (unsigned int)1, (unsigned int)4>(const channel_eq::_puschRxChEqStatDescr *, channel_eq::_puschRxChEqCoefCompDynDescr)"
14009551402,40319,261636,273,1,1,12,11,1,51,0.002,0.000,,,,,NVIDIA A100-SXM4-40GB MIG 4g.20gb (0),1,,13,"void channel_eq::eqMmseSoftDemapKernel<float, __half, __half, float, (unsigned int)4, (unsigned short)16383>(channel_eq::_puschRxChEqStatDescr *, channel_eq::_puschRxChEqSoftDemapDynDescr)"
14010170275,669144,261637,1,1,1,32,32,1,30,0.000,0.000,,,,,NVIDIA A100-SXM4-40GB MIG 4g.20gb (0),1,,13,"void convert_kernel<float2, __half2>(tensor_layout_any, T1 *, tensor_layout_any, const T2 *)"
14011316854,18144,261649,2253,1,1,128,1,1,16,0.000,0.000,,,,,NVIDIA A100-SXM4-40GB MIG 4g.20gb (0),1,,13,cupy_copy__float16_float16
14011724945,9504,261658,282,1,1,128,1,1,16,0.000,0.000,,,,,NVIDIA A100-SXM4-40GB MIG 4g.20gb (0),1,,13,cupy_copy__complex64_complex64
14012054125,5216,261667,26,1,1,128,1,1,16,0.000,0.000,,,,,NVIDIA A100-SXM4-40GB MIG 4g.20gb (0),1,,13,cupy_copy__float32_float32
14012298859,10720,261676,103,1,1,128,1,1,16,0.000,0.000,,,,,NVIDIA A100-SXM4-40GB MIG 4g.20gb (0),1,,13,cupy_copy__complex64_complex64
14012658567,24319,261686,1434,1,1,128,1,1,16,0.000,0.000,,,,,NVIDIA A100-SXM4-40GB MIG 4g.20gb (0),1,,13,cupy_copy__complex64_complex64
14013838265,268029,261691,1,1,1,32,32,1,30,0.000,0.000,,,,,NVIDIA A100-SXM4-40GB MIG 4g.20gb (0),1,,13,"void convert_kernel<__half2, float2>(tensor_layout_any, T1 *, tensor_layout_any, const T2 *)"
14014138966,5472,261694,,,,,,,,,,0.094,17122.757,Pinned,Device,NVIDIA A100-SXM4-40GB MIG 4g.20gb (0),1,,13,[CUDA memcpy Host-to-Device]
14014551089,617369,261695,,,,,,,,,,456.561,739172.971,Device,,NVIDIA A100-SXM4-40GB MIG 4g.20gb (0),1,,13,[CUDA memset]
14015175082,72351,261700,,,,,,,,,,1.235,17068.161,Pinned,Device,NVIDIA A100-SXM4-40GB MIG 4g.20gb (0),1,,13,[CUDA memcpy Host-to-Device]
14015250217,10112,261701,,,,,,,,,,0.197,19442.958,Pinned,Device,NVIDIA A100-SXM4-40GB MIG 4g.20gb (0),1,,13,[CUDA memcpy Host-to-Device]
14015852451,13535,261702,69,4,1,48,1,1,76,0.002,0.000,,,,,NVIDIA A100-SXM4-40GB MIG 4g.20gb (0),1,,13,"void ch_est::windowedChEstPreNoDftSOfdmKernel<float, __half, float, (unsigned int)2, (unsigned int)1, (unsigned short)4>(ch_est::puschRxChEstStatDescr_t *, ch_est::puschRxChEstDynDescr_t *)"
14016416924,35584,261703,137,2,1,24,2,1,44,0.001,0.001,,,,,NVIDIA A100-SXM4-40GB MIG 4g.20gb (0),1,,13,"void ch_est::chEstFilterNoDftSOfdmDispatchKernel<float, __half, float, (unsigned int)2>(ch_est::puschRxChEstStatDescr_t *, ch_est::puschRxChEstDynDescr_t *)"
14017104052,11648,261704,137,2,1,24,2,1,44,0.001,0.001,,,,,NVIDIA A100-SXM4-40GB MIG 4g.20gb (0),1,,13,"void ch_est::chEstFilterNoDftSOfdmDispatchKernel<float, __half, float, (unsigned int)2>(ch_est::puschRxChEstStatDescr_t *, ch_est::puschRxChEstDynDescr_t *)"
14017573455,9696,261715,103,1,1,128,1,1,16,0.000,0.000,,,,,NVIDIA A100-SXM4-40GB MIG 4g.20gb (0),1,,13,cupy_copy__complex64_complex64
14018296167,18528,261725,1434,1,1,128,1,1,16,0.000,0.000,,,,,NVIDIA A100-SXM4-40GB MIG 4g.20gb (0),1,,13,cupy_copy__complex64_complex64
14018864417,6367,261732,103,1,1,128,1,1,16,0.000,0.000,,,,,NVIDIA A100-SXM4-40GB MIG 4g.20gb (0),1,,13,cupy_copy__complex64_complex64
14019306908,250205,261739,1,1,1,32,32,1,30,0.000,0.000,,,,,NVIDIA A100-SXM4-40GB MIG 4g.20gb (0),1,,13,"void convert_kernel<__half2, float2>(tensor_layout_any, T1 *, tensor_layout_any, const T2 *)"
14019587512,8768,261742,,,,,,,,,,0.094,10686.122,Pinned,Device,NVIDIA A100-SXM4-40GB MIG 4g.20gb (0),1,,13,[CUDA memcpy Host-to-Device]
14019997236,76287,261743,,,,,,,,,,35.810,469396.431,Device,,NVIDIA A100-SXM4-40GB MIG 4g.20gb (0),1,,13,[CUDA memset]
14020076499,3744,261745,,,,,,,,,,0.000,21.368,Pinned,Device,NVIDIA A100-SXM4-40GB MIG 4g.20gb (0),1,,13,[CUDA memcpy Host-to-Device]
14020087059,10016,261746,,,,,,,,,,0.197,19629.343,Pinned,Device,NVIDIA A100-SXM4-40GB MIG 4g.20gb (0),1,,13,[CUDA memcpy Host-to-Device]
14020531790,26239,261747,273,1,1,48,1,1,40,0.000,0.001,,,,,NVIDIA A100-SXM4-40GB MIG 4g.20gb (0),1,,13,"void pusch_noise_intf_est::noiseIntfEstNoDftSOfdmKernel<float, __half, float, float, (unsigned int)2, (unsigned int)1, (unsigned char)4, (unsigned char)4>(pusch_noise_intf_est::puschRxNoiseIntfEstDynDescr)"
14021199238,23104,261758,35,1,1,128,1,1,16,0.000,0.000,,,,,NVIDIA A100-SXM4-40GB MIG 4g.20gb (0),1,,13,cupy_copy__complex64_complex64
14021884222,3648,261767,1,1,1,1,1,1,18,0.000,0.000,,,,,NVIDIA A100-SXM4-40GB MIG 4g.20gb (0),1,,13,cupy_copy__float32_float32
14021895134,1664,261773,,,,,,,,,,0.000,2.404,Device,Pageable,NVIDIA A100-SXM4-40GB MIG 4g.20gb (0),1,,7,[CUDA memcpy Device-to-Host]
14022590967,23327,261784,1434,1,1,128,1,1,16,0.000,0.000,,,,,NVIDIA A100-SXM4-40GB MIG 4g.20gb (0),1,,13,cupy_copy__complex64_complex64
14023290927,5312,261791,103,1,1,128,1,1,16,0.000,0.000,,,,,NVIDIA A100-SXM4-40GB MIG 4g.20gb (0),1,,13,cupy_copy__complex64_complex64
14023848392,7168,261798,35,1,1,128,1,1,16,0.000,0.000,,,,,NVIDIA A100-SXM4-40GB MIG 4g.20gb (0),1,,13,cupy_copy__complex64_complex64
14024180613,4000,261805,1,1,1,1,1,1,18,0.000,0.000,,,,,NVIDIA A100-SXM4-40GB MIG 4g.20gb (0),1,,13,cupy_copy__float32_float32
14024548416,259742,261816,1,1,1,32,32,1,30,0.000,0.000,,,,,NVIDIA A100-SXM4-40GB MIG 4g.20gb (0),1,,13,"void convert_kernel<__half2, float2>(tensor_layout_any, T1 *, tensor_layout_any, const T2 *)"
14024839645,5728,261819,,,,,,,,,,0.094,16357.541,Pinned,Device,NVIDIA A100-SXM4-40GB MIG 4g.20gb (0),1,,13,[CUDA memcpy Host-to-Device]
14025169177,14560,261820,,,,,,,,,,1.547,106223.683,Device,,NVIDIA A100-SXM4-40GB MIG 4g.20gb (0),1,,13,[CUDA memset]
14025191705,4672,261825,,,,,,,,,,0.031,6698.627,Pinned,Device,NVIDIA A100-SXM4-40GB MIG 4g.20gb (0),1,,13,[CUDA memcpy Host-to-Device]
14025199385,14688,261826,,,,,,,,,,0.197,13385.466,Pinned,Device,NVIDIA A100-SXM4-40GB MIG 4g.20gb (0),1,,13,[CUDA memcpy Host-to-Device]
14025800658,36032,261827,273,1,1,8,4,1,39,0.002,0.000,,,,,NVIDIA A100-SXM4-40GB MIG 4g.20gb (0),1,,13,"void channel_eq::eqMmseCoefCompLowMimoKernel<float, float, float, (unsigned int)4, (unsigned int)1, (unsigned int)4>(const channel_eq::_puschRxChEqStatDescr *, channel_eq::_puschRxChEqCoefCompDynDescr)"
14026138767,28863,261828,273,1,1,12,11,1,51,0.002,0.000,,,,,NVIDIA A100-SXM4-40GB MIG 4g.20gb (0),1,,13,"void channel_eq::eqMmseSoftDemapKernel<float, __half, __half, float, (unsigned int)4, (unsigned short)16383>(channel_eq::_puschRxChEqStatDescr *, channel_eq::_puschRxChEqSoftDemapDynDescr)"
14026636169,674264,261829,1,1,1,32,32,1,30,0.000,0.000,,,,,NVIDIA A100-SXM4-40GB MIG 4g.20gb (0),1,,13,"void convert_kernel<float2, __half2>(tensor_layout_any, T1 *, tensor_layout_any, const T2 *)"
14027532415,18400,261841,2253,1,1,128,1,1,16,0.000,0.000,,,,,NVIDIA A100-SXM4-40GB MIG 4g.20gb (0),1,,13,cupy_copy__float16_float16
14027909083,8639,261850,282,1,1,128,1,1,16,0.000,0.000,,,,,NVIDIA A100-SXM4-40GB MIG 4g.20gb (0),1,,13,cupy_copy__complex64_complex64
14028230999,6816,261859,26,1,1,128,1,1,16,0.000,0.000,,,,,NVIDIA A100-SXM4-40GB MIG 4g.20gb (0),1,,13,cupy_copy__float32_float32
14028975599,13183,261868,103,1,1,128,1,1,16,0.000,0.000,,,,,NVIDIA A100-SXM4-40GB MIG 4g.20gb (0),1,,13,cupy_copy__complex64_complex64
14029335083,25855,261878,1434,1,1,128,1,1,16,0.000,0.000,,,,,NVIDIA A100-SXM4-40GB MIG 4g.20gb (0),1,,13,cupy_copy__complex64_complex64
14029743494,244541,261883,1,1,1,32,32,1,30,0.000,0.000,,,,,NVIDIA A100-SXM4-40GB MIG 4g.20gb (0),1,,13,"void convert_kernel<__half2, float2>(tensor_layout_any, T1 *, tensor_layout_any, const T2 *)"
14030019427,9408,261886,,,,,,,,,,0.094,9959.135,Pinned,Device,NVIDIA A100-SXM4-40GB MIG 4g.20gb (0),1,,13,[CUDA memcpy Host-to-Device]
14030348703,637113,261887,,,,,,,,,,456.561,716344.899,Device,,NVIDIA A100-SXM4-40GB MIG 4g.20gb (0),1,,13,[CUDA memset]
14030991384,65375,261892,,,,,,,,,,1.235,18889.703,Pinned,Device,NVIDIA A100-SXM4-40GB MIG 4g.20gb (0),1,,13,[CUDA memcpy Host-to-Device]
14031059255,12128,261893,,,,,,,,,,0.197,16210.919,Pinned,Device,NVIDIA A100-SXM4-40GB MIG 4g.20gb (0),1,,13,[CUDA memcpy Host-to-Device]
14031699568,34047,261894,69,4,1,48,1,1,76,0.002,0.000,,,,,NVIDIA A100-SXM4-40GB MIG 4g.20gb (0),1,,13,"void ch_est::windowedChEstPreNoDftSOfdmKernel<float, __half, float, (unsigned int)2, (unsigned int)1, (unsigned short)4>(ch_est::puschRxChEstStatDescr_t *, ch_est::puschRxChEstDynDescr_t *)"
14032053004,34496,261895,137,2,1,24,2,1,44,0.001,0.001,,,,,NVIDIA A100-SXM4-40GB MIG 4g.20gb (0),1,,13,"void ch_est::chEstFilterNoDftSOfdmDispatchKernel<float, __half, float, (unsigned int)2>(ch_est::puschRxChEstStatDescr_t *, ch_est::puschRxChEstDynDescr_t *)"
14032640325,37024,261896,137,2,1,24,2,1,44,0.001,0.001,,,,,NVIDIA A100-SXM4-40GB MIG 4g.20gb (0),1,,13,"void ch_est::chEstFilterNoDftSOfdmDispatchKernel<float, __half, float, (unsigned int)2>(ch_est::puschRxChEstStatDescr_t *, ch_est::puschRxChEstDynDescr_t *)"
14033195615,15040,261907,103,1,1,128,1,1,16,0.000,0.000,,,,,NVIDIA A100-SXM4-40GB MIG 4g.20gb (0),1,,13,cupy_copy__complex64_complex64
14033457212,22400,261917,1434,1,1,128,1,1,16,0.000,0.000,,,,,NVIDIA A100-SXM4-40GB MIG 4g.20gb (0),1,,13,cupy_copy__complex64_complex64
14033876567,7904,261924,103,1,1,128,1,1,16,0.000,0.000,,,,,NVIDIA A100-SXM4-40GB MIG 4g.20gb (0),1,,13,cupy_copy__complex64_complex64
14034206516,262237,261931,1,1,1,32,32,1,30,0.000,0.000,,,,,NVIDIA A100-SXM4-40GB MIG 4g.20gb (0),1,,13,"void convert_kernel<__half2, float2>(tensor_layout_any, T1 *, tensor_layout_any, const T2 *)"
14034500080,5632,261934,,,,,,,,,,0.094,16636.287,Pinned,Device,NVIDIA A100-SXM4-40GB MIG 4g.20gb (0),1,,13,[CUDA memcpy Host-to-Device]
14034800429,62271,261935,,,,,,,,,,35.810,575035.695,Device,,NVIDIA A100-SXM4-40GB MIG 4g.20gb (0),1,,13,[CUDA memset]
14034872460,6528,261937,,,,,,,,,,0.000,12.255,Pinned,Device,NVIDIA A100-SXM4-40GB MIG 4g.20gb (0),1,,13,[CUDA memcpy Host-to-Device]
14034885292,12224,261938,,,,,,,,,,0.197,16083.714,Pinned,Device,NVIDIA A100-SXM4-40GB MIG 4g.20gb (0),1,,13,[CUDA memcpy Host-to-Device]
14035432070,44031,261939,273,1,1,48,1,1,40,0.000,0.001,,,,,NVIDIA A100-SXM4-40GB MIG 4g.20gb (0),1,,13,"void pusch_noise_intf_est::noiseIntfEstNoDftSOfdmKernel<float, __half, float, float, (unsigned int)2, (unsigned int)1, (unsigned char)4, (unsigned char)4>(pusch_noise_intf_est::puschRxNoiseIntfEstDynDescr)"
14036047711,7552,261950,35,1,1,128,1,1,16,0.000,0.000,,,,,NVIDIA A100-SXM4-40GB MIG 4g.20gb (0),1,,13,cupy_copy__complex64_complex64
14036358683,5568,261959,1,1,1,1,1,1,18,0.000,0.000,,,,,NVIDIA A100-SXM4-40GB MIG 4g.20gb (0),1,,13,cupy_copy__float32_float32
14036373723,4416,261965,,,,,,,,,,0.000,0.906,Device,Pageable,NVIDIA A100-SXM4-40GB MIG 4g.20gb (0),1,,7,[CUDA memcpy Device-to-Host]
14036990516,23616,261976,1434,1,1,128,1,1,16,0.000,0.000,,,,,NVIDIA A100-SXM4-40GB MIG 4g.20gb (0),1,,13,cupy_copy__complex64_complex64
14037675693,6239,261983,103,1,1,128,1,1,16,0.000,0.000,,,,,NVIDIA A100-SXM4-40GB MIG 4g.20gb (0),1,,13,cupy_copy__complex64_complex64
14037939850,5472,261990,35,1,1,128,1,1,16,0.000,0.000,,,,,NVIDIA A100-SXM4-40GB MIG 4g.20gb (0),1,,13,cupy_copy__complex64_complex64
14038290406,4416,261997,1,1,1,1,1,1,18,0.000,0.000,,,,,NVIDIA A100-SXM4-40GB MIG 4g.20gb (0),1,,13,cupy_copy__float32_float32
14038568706,269661,262008,1,1,1,32,32,1,30,0.000,0.000,,,,,NVIDIA A100-SXM4-40GB MIG 4g.20gb (0),1,,13,"void convert_kernel<__half2, float2>(tensor_layout_any, T1 *, tensor_layout_any, const T2 *)"
14038868991,5600,262011,,,,,,,,,,0.094,16731.388,Pinned,Device,NVIDIA A100-SXM4-40GB MIG 4g.20gb (0),1,,13,[CUDA memcpy Host-to-Device]
14039372121,13920,262012,,,,,,,,,,1.547,111107.922,Device,,NVIDIA A100-SXM4-40GB MIG 4g.20gb (0),1,,13,[CUDA memset]
14039395161,5152,262017,,,,,,,,,,0.031,6074.522,Pinned,Device,NVIDIA A100-SXM4-40GB MIG 4g.20gb (0),1,,13,[CUDA memcpy Host-to-Device]
14039406329,14400,262018,,,,,,,,,,0.197,13653.246,Pinned,Device,NVIDIA A100-SXM4-40GB MIG 4g.20gb (0),1,,13,[CUDA memcpy Host-to-Device]
14040447213,47136,262019,273,1,1,8,4,1,39,0.002,0.000,,,,,NVIDIA A100-SXM4-40GB MIG 4g.20gb (0),1,,13,"void channel_eq::eqMmseCoefCompLowMimoKernel<float, float, float, (unsigned int)4, (unsigned int)1, (unsigned int)4>(const channel_eq::_puschRxChEqStatDescr *, channel_eq::_puschRxChEqCoefCompDynDescr)"
14041083110,47680,262020,273,1,1,12,11,1,51,0.002,0.000,,,,,NVIDIA A100-SXM4-40GB MIG 4g.20gb (0),1,,13,"void channel_eq::eqMmseSoftDemapKernel<float, __half, __half, float, (unsigned int)4, (unsigned short)16383>(channel_eq::_puschRxChEqStatDescr *, channel_eq::_puschRxChEqSoftDemapDynDescr)"
14041757567,710776,262021,1,1,1,32,32,1,30,0.000,0.000,,,,,NVIDIA A100-SXM4-40GB MIG 4g.20gb (0),1,,13,"void convert_kernel<float2, __half2>(tensor_layout_any, T1 *, tensor_layout_any, const T2 *)"
14042877170,20768,262033,2253,1,1,128,1,1,16,0.000,0.000,,,,,NVIDIA A100-SXM4-40GB MIG 4g.20gb (0),1,,13,cupy_copy__float16_float16
14043568554,6304,262042,282,1,1,128,1,1,16,0.000,0.000,,,,,NVIDIA A100-SXM4-40GB MIG 4g.20gb (0),1,,13,cupy_copy__complex64_complex64
14043949606,5056,262051,26,1,1,128,1,1,16,0.000,0.000,,,,,NVIDIA A100-SXM4-40GB MIG 4g.20gb (0),1,,13,cupy_copy__float32_float32
14044512991,6528,262060,103,1,1,128,1,1,16,0.000,0.000,,,,,NVIDIA A100-SXM4-40GB MIG 4g.20gb (0),1,,13,cupy_copy__complex64_complex64
14044973978,24512,262070,1434,1,1,128,1,1,16,0.000,0.000,,,,,NVIDIA A100-SXM4-40GB MIG 4g.20gb (0),1,,13,cupy_copy__complex64_complex64
14045659155,262237,262075,1,1,1,32,32,1,30,0.000,0.000,,,,,NVIDIA A100-SXM4-40GB MIG 4g.20gb (0),1,,13,"void convert_kernel<__half2, float2>(tensor_layout_any, T1 *, tensor_layout_any, const T2 *)"
14045952815,6112,262078,,,,,,,,,,0.094,15329.790,Pinned,Device,NVIDIA A100-SXM4-40GB MIG 4g.20gb (0),1,,13,[CUDA memcpy Host-to-Device]
14046383306,620505,262079,,,,,,,,,,456.561,735520.480,Device,,NVIDIA A100-SXM4-40GB MIG 4g.20gb (0),1,,13,[CUDA memset]
14047007555,64960,262084,,,,,,,,,,1.235,19010.728,Pinned,Device,NVIDIA A100-SXM4-40GB MIG 4g.20gb (0),1,,13,[CUDA memcpy Host-to-Device]
14047075139,9472,262085,,,,,,,,,,0.197,20756.693,Pinned,Device,NVIDIA A100-SXM4-40GB MIG 4g.20gb (0),1,,13,[CUDA memcpy Host-to-Device]
14047684156,30399,262086,69,4,1,48,1,1,76,0.002,0.000,,,,,NVIDIA A100-SXM4-40GB MIG 4g.20gb (0),1,,13,"void ch_est::windowedChEstPreNoDftSOfdmKernel<float, __half, float, (unsigned int)2, (unsigned int)1, (unsigned short)4>(ch_est::puschRxChEstStatDescr_t *, ch_est::puschRxChEstDynDescr_t *)"
14048277173,40384,262087,137,2,1,24,2,1,44,0.001,0.001,,,,,NVIDIA A100-SXM4-40GB MIG 4g.20gb (0),1,,13,"void ch_est::chEstFilterNoDftSOfdmDispatchKernel<float, __half, float, (unsigned int)2>(ch_est::puschRxChEstStatDescr_t *, ch_est::puschRxChEstDynDescr_t *)"
14048832943,25728,262088,137,2,1,24,2,1,44,0.001,0.001,,,,,NVIDIA A100-SXM4-40GB MIG 4g.20gb (0),1,,13,"void ch_est::chEstFilterNoDftSOfdmDispatchKernel<float, __half, float, (unsigned int)2>(ch_est::puschRxChEstStatDescr_t *, ch_est::puschRxChEstDynDescr_t *)"
14049345353,6624,262099,103,1,1,128,1,1,16,0.000,0.000,,,,,NVIDIA A100-SXM4-40GB MIG 4g.20gb (0),1,,13,cupy_copy__complex64_complex64
14049673445,21280,262109,1434,1,1,128,1,1,16,0.000,0.000,,,,,NVIDIA A100-SXM4-40GB MIG 4g.20gb (0),1,,13,cupy_copy__complex64_complex64
14050046337,9056,262116,103,1,1,128,1,1,16,0.000,0.000,,,,,NVIDIA A100-SXM4-40GB MIG 4g.20gb (0),1,,13,cupy_copy__complex64_complex64
14050374301,270557,262123,1,1,1,32,32,1,30,0.000,0.000,,,,,NVIDIA A100-SXM4-40GB MIG 4g.20gb (0),1,,13,"void convert_kernel<__half2, float2>(tensor_layout_any, T1 *, tensor_layout_any, const T2 *)"
14050678394,5824,262126,,,,,,,,,,0.094,16087.884,Pinned,Device,NVIDIA A100-SXM4-40GB MIG 4g.20gb (0),1,,13,[CUDA memcpy Host-to-Device]
14050985591,61887,262127,,,,,,,,,,35.810,578616.687,Device,,NVIDIA A100-SXM4-40GB MIG 4g.20gb (0),1,,13,[CUDA memset]
14051048918,2528,262129,,,,,,,,,,0.000,31.646,Pinned,Device,NVIDIA A100-SXM4-40GB MIG 4g.20gb (0),1,,13,[CUDA memcpy Host-to-Device]
14051054198,16576,262130,,,,,,,,,,0.197,11860.967,Pinned,Device,NVIDIA A100-SXM4-40GB MIG 4g.20gb (0),1,,13,[CUDA memcpy Host-to-Device]
14051612336,17887,262131,273,1,1,48,1,1,40,0.000,0.001,,,,,NVIDIA A100-SXM4-40GB MIG 4g.20gb (0),1,,13,"void pusch_noise_intf_est::noiseIntfEstNoDftSOfdmKernel<float, __half, float, float, (unsigned int)2, (unsigned int)1, (unsigned char)4, (unsigned char)4>(pusch_noise_intf_est::puschRxNoiseIntfEstDynDescr)"
14052007563,10240,262142,35,1,1,128,1,1,16,0.000,0.000,,,,,NVIDIA A100-SXM4-40GB MIG 4g.20gb (0),1,,13,cupy_copy__complex64_complex64
14052334119,4512,262151,1,1,1,1,1,1,18,0.000,0.000,,,,,NVIDIA A100-SXM4-40GB MIG 4g.20gb (0),1,,13,cupy_copy__float32_float32
14052348615,3808,262157,,,,,,,,,,0.000,1.050,Device,Pageable,NVIDIA A100-SXM4-40GB MIG 4g.20gb (0),1,,7,[CUDA memcpy Device-to-Host]
14052941057,25535,262168,1434,1,1,128,1,1,16,0.000,0.000,,,,,NVIDIA A100-SXM4-40GB MIG 4g.20gb (0),1,,13,cupy_copy__complex64_complex64
14053559258,6303,262175,103,1,1,128,1,1,16,0.000,0.000,,,,,NVIDIA A100-SXM4-40GB MIG 4g.20gb (0),1,,13,cupy_copy__complex64_complex64
14053948789,5216,262182,35,1,1,128,1,1,16,0.000,0.000,,,,,NVIDIA A100-SXM4-40GB MIG 4g.20gb (0),1,,13,cupy_copy__complex64_complex64
14054264114,4192,262189,1,1,1,1,1,1,18,0.000,0.000,,,,,NVIDIA A100-SXM4-40GB MIG 4g.20gb (0),1,,13,cupy_copy__float32_float32
14054682413,204222,262200,1,1,1,32,32,1,30,0.000,0.000,,,,,NVIDIA A100-SXM4-40GB MIG 4g.20gb (0),1,,13,"void convert_kernel<__half2, float2>(tensor_layout_any, T1 *, tensor_layout_any, const T2 *)"
14054920266,6656,262203,,,,,,,,,,0.094,14076.887,Pinned,Device,NVIDIA A100-SXM4-40GB MIG 4g.20gb (0),1,,13,[CUDA memcpy Host-to-Device]
14055282630,7488,262204,,,,,,,,,,1.547,206546.995,Device,,NVIDIA A100-SXM4-40GB MIG 4g.20gb (0),1,,13,[CUDA memset]
14055293670,9120,262209,,,,,,,,,,0.031,3431.575,Pinned,Device,NVIDIA A100-SXM4-40GB MIG 4g.20gb (0),1,,13,[CUDA memcpy Host-to-Device]
14055305798,13216,262210,,,,,,,,,,0.197,14876.344,Pinned,Device,NVIDIA A100-SXM4-40GB MIG 4g.20gb (0),1,,13,[CUDA memcpy Host-to-Device]
14055715233,38304,262211,273,1,1,8,4,1,39,0.002,0.000,,,,,NVIDIA A100-SXM4-40GB MIG 4g.20gb (0),1,,13,"void channel_eq::eqMmseCoefCompLowMimoKernel<float, float, float, (unsigned int)4, (unsigned int)1, (unsigned int)4>(const channel_eq::_puschRxChEqStatDescr *, channel_eq::_puschRxChEqCoefCompDynDescr)"
14056399162,21087,262212,273,1,1,12,11,1,51,0.002,0.000,,,,,NVIDIA A100-SXM4-40GB MIG 4g.20gb (0),1,,13,"void channel_eq::eqMmseSoftDemapKernel<float, __half, __half, float, (unsigned int)4, (unsigned short)16383>(channel_eq::_puschRxChEqStatDescr *, channel_eq::_puschRxChEqSoftDemapDynDescr)"
14056960083,718104,262213,1,1,1,32,32,1,30,0.000,0.000,,,,,NVIDIA A100-SXM4-40GB MIG 4g.20gb (0),1,,13,"void convert_kernel<float2, __half2>(tensor_layout_any, T1 *, tensor_layout_any, const T2 *)"
14058105702,20064,262225,2253,1,1,128,1,1,16,0.000,0.000,,,,,NVIDIA A100-SXM4-40GB MIG 4g.20gb (0),1,,13,cupy_copy__float16_float16
14058491394,11040,262234,282,1,1,128,1,1,16,0.000,0.000,,,,,NVIDIA A100-SXM4-40GB MIG 4g.20gb (0),1,,13,cupy_copy__complex64_complex64
14059164794,4352,262243,26,1,1,128,1,1,16,0.000,0.000,,,,,NVIDIA A100-SXM4-40GB MIG 4g.20gb (0),1,,13,cupy_copy__float32_float32
14059717012,6944,262252,103,1,1,128,1,1,16,0.000,0.000,,,,,NVIDIA A100-SXM4-40GB MIG 4g.20gb (0),1,,13,cupy_copy__complex64_complex64
14060132911,22112,262262,1434,1,1,128,1,1,16,0.000,0.000,,,,,NVIDIA A100-SXM4-40GB MIG 4g.20gb (0),1,,13,cupy_copy__complex64_complex64
14060555979,246365,262267,1,1,1,32,32,1,30,0.000,0.000,,,,,NVIDIA A100-SXM4-40GB MIG 4g.20gb (0),1,,13,"void convert_kernel<__half2, float2>(tensor_layout_any, T1 *, tensor_layout_any, const T2 *)"
14060832680,5472,262270,,,,,,,,,,0.094,17122.757,Pinned,Device,NVIDIA A100-SXM4-40GB MIG 4g.20gb (0),1,,13,[CUDA memcpy Host-to-Device]
14061211715,619129,262271,,,,,,,,,,456.561,737346.726,Device,,NVIDIA A100-SXM4-40GB MIG 4g.20gb (0),1,,13,[CUDA memset]
14061839260,65504,262276,,,,,,,,,,1.235,18852.655,Pinned,Device,NVIDIA A100-SXM4-40GB MIG 4g.20gb (0),1,,13,[CUDA memcpy Host-to-Device]
14061907227,10240,262277,,,,,,,,,,0.197,19199.951,Pinned,Device,NVIDIA A100-SXM4-40GB MIG 4g.20gb (0),1,,13,[CUDA memcpy Host-to-Device]
14062461749,26368,262278,69,4,1,48,1,1,76,0.002,0.000,,,,,NVIDIA A100-SXM4-40GB MIG 4g.20gb (0),1,,13,"void ch_est::windowedChEstPreNoDftSOfdmKernel<float, __half, float, (unsigned int)2, (unsigned int)1, (unsigned short)4>(ch_est::puschRxChEstStatDescr_t *, ch_est::puschRxChEstDynDescr_t *)"
14063009647,40864,262279,137,2,1,24,2,1,44,0.001,0.001,,,,,NVIDIA A100-SXM4-40GB MIG 4g.20gb (0),1,,13,"void ch_est::chEstFilterNoDftSOfdmDispatchKernel<float, __half, float, (unsigned int)2>(ch_est::puschRxChEstStatDescr_t *, ch_est::puschRxChEstDynDescr_t *)"
14063359499,33632,262280,137,2,1,24,2,1,44,0.001,0.001,,,,,NVIDIA A100-SXM4-40GB MIG 4g.20gb (0),1,,13,"void ch_est::chEstFilterNoDftSOfdmDispatchKernel<float, __half, float, (unsigned int)2>(ch_est::puschRxChEstStatDescr_t *, ch_est::puschRxChEstDynDescr_t *)"
14064204162,7552,262291,103,1,1,128,1,1,16,0.000,0.000,,,,,NVIDIA A100-SXM4-40GB MIG 4g.20gb (0),1,,13,cupy_copy__complex64_complex64
14064493758,20832,262301,1434,1,1,128,1,1,16,0.000,0.000,,,,,NVIDIA A100-SXM4-40GB MIG 4g.20gb (0),1,,13,cupy_copy__complex64_complex64
14065278934,7903,262308,103,1,1,128,1,1,16,0.000,0.000,,,,,NVIDIA A100-SXM4-40GB MIG 4g.20gb (0),1,,13,cupy_copy__complex64_complex64
14065670225,268509,262315,1,1,1,32,32,1,30,0.000,0.000,,,,,NVIDIA A100-SXM4-40GB MIG 4g.20gb (0),1,,13,"void convert_kernel<__half2, float2>(tensor_layout_any, T1 *, tensor_layout_any, const T2 *)"
14065969902,6176,262318,,,,,,,,,,0.094,15170.975,Pinned,Device,NVIDIA A100-SXM4-40GB MIG 4g.20gb (0),1,,13,[CUDA memcpy Host-to-Device]
14066277610,74879,262319,,,,,,,,,,35.810,478205.672,Device,,NVIDIA A100-SXM4-40GB MIG 4g.20gb (0),1,,13,[CUDA memset]
14066354569,4928,262321,,,,,,,,,,0.000,16.234,Pinned,Device,NVIDIA A100-SXM4-40GB MIG 4g.20gb (0),1,,13,[CUDA memcpy Host-to-Device]
14066364841,14496,262322,,,,,,,,,,0.197,13562.806,Pinned,Device,NVIDIA A100-SXM4-40GB MIG 4g.20gb (0),1,,13,[CUDA memcpy Host-to-Device]
14066714309,40416,262323,273,1,1,48,1,1,40,0.000,0.001,,,,,NVIDIA A100-SXM4-40GB MIG 4g.20gb (0),1,,13,"void pusch_noise_intf_est::noiseIntfEstNoDftSOfdmKernel<float, __half, float, float, (unsigned int)2, (unsigned int)1, (unsigned char)4, (unsigned char)4>(pusch_noise_intf_est::puschRxNoiseIntfEstDynDescr)"
14067026370,8384,262334,35,1,1,128,1,1,16,0.000,0.000,,,,,NVIDIA A100-SXM4-40GB MIG 4g.20gb (0),1,,13,cupy_copy__complex64_complex64
14067292927,3808,262343,1,1,1,1,1,1,18,0.000,0.000,,,,,NVIDIA A100-SXM4-40GB MIG 4g.20gb (0),1,,13,cupy_copy__float32_float32
14067302207,4128,262349,,,,,,,,,,0.000,0.969,Device,Pageable,NVIDIA A100-SXM4-40GB MIG 4g.20gb (0),1,,7,[CUDA memcpy Device-to-Host]
14067657083,22463,262360,1434,1,1,128,1,1,16,0.000,0.000,,,,,NVIDIA A100-SXM4-40GB MIG 4g.20gb (0),1,,13,cupy_copy__complex64_complex64
14068056438,7680,262367,103,1,1,128,1,1,16,0.000,0.000,,,,,NVIDIA A100-SXM4-40GB MIG 4g.20gb (0),1,,13,cupy_copy__complex64_complex64
14068622256,13632,262374,35,1,1,128,1,1,16,0.000,0.000,,,,,NVIDIA A100-SXM4-40GB MIG 4g.20gb (0),1,,13,cupy_copy__complex64_complex64
14068994476,3680,262381,1,1,1,1,1,1,18,0.000,0.000,,,,,NVIDIA A100-SXM4-40GB MIG 4g.20gb (0),1,,13,cupy_copy__float32_float32
14069564517,270013,262392,1,1,1,32,32,1,30,0.000,0.000,,,,,NVIDIA A100-SXM4-40GB MIG 4g.20gb (0),1,,13,"void convert_kernel<__half2, float2>(tensor_layout_any, T1 *, tensor_layout_any, const T2 *)"
14069865890,5504,262395,,,,,,,,,,0.094,17023.251,Pinned,Device,NVIDIA A100-SXM4-40GB MIG 4g.20gb (0),1,,13,[CUDA memcpy Host-to-Device]
14070247038,8607,262396,,,,,,,,,,1.547,179692.963,Device,,NVIDIA A100-SXM4-40GB MIG 4g.20gb (0),1,,13,[CUDA memset]
14070263581,9760,262401,,,,,,,,,,0.031,3206.557,Pinned,Device,NVIDIA A100-SXM4-40GB MIG 4g.20gb (0),1,,13,[CUDA memcpy Host-to-Device]
14070279453,12416,262402,,,,,,,,,,0.197,15835.005,Pinned,Device,NVIDIA A100-SXM4-40GB MIG 4g.20gb (0),1,,13,[CUDA memcpy Host-to-Device]
14070658233,15776,262403,273,1,1,8,4,1,39,0.002,0.000,,,,,NVIDIA A100-SXM4-40GB MIG 4g.20gb (0),1,,13,"void channel_eq::eqMmseCoefCompLowMimoKernel<float, float, float, (unsigned int)4, (unsigned int)1, (unsigned int)4>(const channel_eq::_puschRxChEqStatDescr *, channel_eq::_puschRxChEqCoefCompDynDescr)"
14071223955,18111,262404,273,1,1,12,11,1,51,0.002,0.000,,,,,NVIDIA A100-SXM4-40GB MIG 4g.20gb (0),1,,13,"void channel_eq::eqMmseSoftDemapKernel<float, __half, __half, float, (unsigned int)4, (unsigned short)16383>(channel_eq::_puschRxChEqStatDescr *, channel_eq::_puschRxChEqSoftDemapDynDescr)"
14071690317,699640,262405,1,1,1,32,32,1,30,0.000,0.000,,,,,NVIDIA A100-SXM4-40GB MIG 4g.20gb (0),1,,13,"void convert_kernel<float2, __half2>(tensor_layout_any, T1 *, tensor_layout_any, const T2 *)"
14073037150,20320,262417,2253,1,1,128,1,1,16,0.000,0.000,,,,,NVIDIA A100-SXM4-40GB MIG 4g.20gb (0),1,,13,cupy_copy__float16_float16
14073414394,9312,262426,282,1,1,128,1,1,16,0.000,0.000,,,,,NVIDIA A100-SXM4-40GB MIG 4g.20gb (0),1,,13,cupy_copy__complex64_complex64
14073981331,4480,262435,26,1,1,128,1,1,16,0.000,0.000,,,,,NVIDIA A100-SXM4-40GB MIG 4g.20gb (0),1,,13,cupy_copy__float32_float32
14074424846,28256,262444,103,1,1,128,1,1,16,0.000,0.000,,,,,NVIDIA A100-SXM4-40GB MIG 4g.20gb (0),1,,13,cupy_copy__complex64_complex64
14075095175,20800,262454,1434,1,1,128,1,1,16,0.000,0.000,,,,,NVIDIA A100-SXM4-40GB MIG 4g.20gb (0),1,,13,cupy_copy__complex64_complex64
14075485730,248862,262459,1,1,1,32,32,1,30,0.000,0.000,,,,,NVIDIA A100-SXM4-40GB MIG 4g.20gb (0),1,,13,"void convert_kernel<__half2, float2>(tensor_layout_any, T1 *, tensor_layout_any, const T2 *)"
14075765983,5536,262462,,,,,,,,,,0.094,16924.777,Pinned,Device,NVIDIA A100-SXM4-40GB MIG 4g.20gb (0),1,,13,[CUDA memcpy Host-to-Device]
14076160571,615353,262463,,,,,,,,,,456.561,741912.340,Device,,NVIDIA A100-SXM4-40GB MIG 4g.20gb (0),1,,13,[CUDA memset]
14076781972,51199,262468,,,,,,,,,,1.235,24119.691,Pinned,Device,NVIDIA A100-SXM4-40GB MIG 4g.20gb (0),1,,13,[CUDA memcpy Host-to-Device]
14076835731,10400,262469,,,,,,,,,,0.197,18904.449,Pinned,Device,NVIDIA A100-SXM4-40GB MIG 4g.20gb (0),1,,13,[CUDA memcpy Host-to-Device]
14077965543,19999,262470,69,4,1,48,1,1,76,0.002,0.000,,,,,NVIDIA A100-SXM4-40GB MIG 4g.20gb (0),1,,13,"void ch_est::windowedChEstPreNoDftSOfdmKernel<float, __half, float, (unsigned int)2, (unsigned int)1, (unsigned short)4>(ch_est::puschRxChEstStatDescr_t *, ch_est::puschRxChEstDynDescr_t *)"
14079012955,21312,262471,137,2,1,24,2,1,44,0.001,0.001,,,,,NVIDIA A100-SXM4-40GB MIG 4g.20gb (0),1,,13,"void ch_est::chEstFilterNoDftSOfdmDispatchKernel<float, __half, float, (unsigned int)2>(ch_est::puschRxChEstStatDescr_t *, ch_est::puschRxChEstDynDescr_t *)"
14079411830,27104,262472,137,2,1,24,2,1,44,0.001,0.001,,,,,NVIDIA A100-SXM4-40GB MIG 4g.20gb (0),1,,13,"void ch_est::chEstFilterNoDftSOfdmDispatchKernel<float, __half, float, (unsigned int)2>(ch_est::puschRxChEstStatDescr_t *, ch_est::puschRxChEstDynDescr_t *)"
14079771634,12800,262483,103,1,1,128,1,1,16,0.000,0.000,,,,,NVIDIA A100-SXM4-40GB MIG 4g.20gb (0),1,,13,cupy_copy__complex64_complex64
14080321964,25088,262493,1434,1,1,128,1,1,16,0.000,0.000,,,,,NVIDIA A100-SXM4-40GB MIG 4g.20gb (0),1,,13,cupy_copy__complex64_complex64
14080582793,4640,262500,103,1,1,128,1,1,16,0.000,0.000,,,,,NVIDIA A100-SXM4-40GB MIG 4g.20gb (0),1,,13,cupy_copy__complex64_complex64
14080924389,264637,262507,1,1,1,32,32,1,30,0.000,0.000,,,,,NVIDIA A100-SXM4-40GB MIG 4g.20gb (0),1,,13,"void convert_kernel<__half2, float2>(tensor_layout_any, T1 *, tensor_layout_any, const T2 *)"
14081219554,5952,262510,,,,,,,,,,0.094,15741.865,Pinned,Device,NVIDIA A100-SXM4-40GB MIG 4g.20gb (0),1,,13,[CUDA memcpy Host-to-Device]
14082141943,59840,262511,,,,,,,,,,35.810,598419.573,Device,,NVIDIA A100-SXM4-40GB MIG 4g.20gb (0),1,,13,[CUDA memset]
14082205015,6560,262513,,,,,,,,,,0.000,12.195,Pinned,Device,NVIDIA A100-SXM4-40GB MIG 4g.20gb (0),1,,13,[CUDA memcpy Host-to-Device]
14082214519,10496,262514,,,,,,,,,,0.197,18731.631,Pinned,Device,NVIDIA A100-SXM4-40GB MIG 4g.20gb (0),1,,13,[CUDA memcpy Host-to-Device]
14082778448,19680,262515,273,1,1,48,1,1,40,0.000,0.001,,,,,NVIDIA A100-SXM4-40GB MIG 4g.20gb (0),1,,13,"void pusch_noise_intf_est::noiseIntfEstNoDftSOfdmKernel<float, __half, float, float, (unsigned int)2, (unsigned int)1, (unsigned char)4, (unsigned char)4>(pusch_noise_intf_est::puschRxNoiseIntfEstDynDescr)"
14083629799,7424,262526,35,1,1,128,1,1,16,0.000,0.000,,,,,NVIDIA A100-SXM4-40GB MIG 4g.20gb (0),1,,13,cupy_copy__complex64_complex64
14083892388,4192,262535,1,1,1,1,1,1,18,0.000,0.000,,,,,NVIDIA A100-SXM4-40GB MIG 4g.20gb (0),1,,13,cupy_copy__float32_float32
14083898052,1856,262541,,,,,,,,,,0.000,2.155,Device,Pageable,NVIDIA A100-SXM4-40GB MIG 4g.20gb (0),1,,7,[CUDA memcpy Device-to-Host]
14084258240,587993,262552,1434,1,1,128,1,1,16,0.000,0.000,,,,,NVIDIA A100-SXM4-40GB MIG 4g.20gb (0),1,,13,cupy_copy__complex64_complex64
14085138102,6816,262559,103,1,1,128,1,1,16,0.000,0.000,,,,,NVIDIA A100-SXM4-40GB MIG 4g.20gb (0),1,,13,cupy_copy__complex64_complex64
14085410035,4960,262566,35,1,1,128,1,1,16,0.000,0.000,,,,,NVIDIA A100-SXM4-40GB MIG 4g.20gb (0),1,,13,cupy_copy__complex64_complex64
14085865678,4319,262573,1,1,1,1,1,1,18,0.000,0.000,,,,,NVIDIA A100-SXM4-40GB MIG 4g.20gb (0),1,,13,cupy_copy__float32_float32
14086146794,259805,262584,1,1,1,32,32,1,30,0.000,0.000,,,,,NVIDIA A100-SXM4-40GB MIG 4g.20gb (0),1,,13,"void convert_kernel<__half2, float2>(tensor_layout_any, T1 *, tensor_layout_any, const T2 *)"
14086440839,7488,262587,,,,,,,,,,0.094,12512.820,Pinned,Device,NVIDIA A100-SXM4-40GB MIG 4g.20gb (0),1,,13,[CUDA memcpy Host-to-Device]
14086851394,5440,262588,,,,,,,,,,1.547,284305.064,Device,,NVIDIA A100-SXM4-40GB MIG 4g.20gb (0),1,,13,[CUDA memset]
14086863458,7008,262593,,,,,,,,,,0.031,4465.751,Pinned,Device,NVIDIA A100-SXM4-40GB MIG 4g.20gb (0),1,,13,[CUDA memcpy Host-to-Device]
14086876834,14272,262594,,,,,,,,,,0.197,13775.733,Pinned,Device,NVIDIA A100-SXM4-40GB MIG 4g.20gb (0),1,,13,[CUDA memcpy Host-to-Device]
14087351293,24768,262595,273,1,1,8,4,1,39,0.002,0.000,,,,,NVIDIA A100-SXM4-40GB MIG 4g.20gb (0),1,,13,"void channel_eq::eqMmseCoefCompLowMimoKernel<float, float, float, (unsigned int)4, (unsigned int)1, (unsigned int)4>(const channel_eq::_puschRxChEqStatDescr *, channel_eq::_puschRxChEqCoefCompDynDescr)"
14087926806,22560,262596,273,1,1,12,11,1,51,0.002,0.000,,,,,NVIDIA A100-SXM4-40GB MIG 4g.20gb (0),1,,13,"void channel_eq::eqMmseSoftDemapKernel<float, __half, __half, float, (unsigned int)4, (unsigned short)16383>(channel_eq::_puschRxChEqStatDescr *, channel_eq::_puschRxChEqSoftDemapDynDescr)"
14088369041,711928,262597,1,1,1,32,32,1,30,0.000,0.000,,,,,NVIDIA A100-SXM4-40GB MIG 4g.20gb (0),1,,13,"void convert_kernel<float2, __half2>(tensor_layout_any, T1 *, tensor_layout_any, const T2 *)"
14089627075,17696,262609,2253,1,1,128,1,1,16,0.000,0.000,,,,,NVIDIA A100-SXM4-40GB MIG 4g.20gb (0),1,,13,cupy_copy__float16_float16
14090103550,14400,262618,282,1,1,128,1,1,16,0.000,0.000,,,,,NVIDIA A100-SXM4-40GB MIG 4g.20gb (0),1,,13,cupy_copy__complex64_complex64
14090775894,7232,262627,26,1,1,128,1,1,16,0.000,0.000,,,,,NVIDIA A100-SXM4-40GB MIG 4g.20gb (0),1,,13,cupy_copy__float32_float32
14091166674,12960,262636,103,1,1,128,1,1,16,0.000,0.000,,,,,NVIDIA A100-SXM4-40GB MIG 4g.20gb (0),1,,13,cupy_copy__complex64_complex64
14091727979,20736,262646,1434,1,1,128,1,1,16,0.000,0.000,,,,,NVIDIA A100-SXM4-40GB MIG 4g.20gb (0),1,,13,cupy_copy__complex64_complex64
14092211174,253661,262651,1,1,1,32,32,1,30,0.000,0.000,,,,,NVIDIA A100-SXM4-40GB MIG 4g.20gb (0),1,,13,"void convert_kernel<__half2, float2>(tensor_layout_any, T1 *, tensor_layout_any, const T2 *)"
14092495171,5568,262654,,,,,,,,,,0.094,16827.521,Pinned,Device,NVIDIA A100-SXM4-40GB MIG 4g.20gb (0),1,,13,[CUDA memcpy Host-to-Device]
14092902846,625465,262655,,,,,,,,,,456.561,729585.181,Device,,NVIDIA A100-SXM4-40GB MIG 4g.20gb (0),1,,13,[CUDA memset]
14093529847,62239,262660,,,,,,,,,,1.235,19841.845,Pinned,Device,NVIDIA A100-SXM4-40GB MIG 4g.20gb (0),1,,13,[CUDA memcpy Host-to-Device]
14093594678,9984,262661,,,,,,,,,,0.197,19692.257,Pinned,Device,NVIDIA A100-SXM4-40GB MIG 4g.20gb (0),1,,13,[CUDA memcpy Host-to-Device]
14094222095,31680,262662,69,4,1,48,1,1,76,0.002,0.000,,,,,NVIDIA A100-SXM4-40GB MIG 4g.20gb (0),1,,13,"void ch_est::windowedChEstPreNoDftSOfdmKernel<float, __half, float, (unsigned int)2, (unsigned int)1, (unsigned short)4>(ch_est::puschRxChEstStatDescr_t *, ch_est::puschRxChEstDynDescr_t *)"
14095370050,30112,262663,137,2,1,24,2,1,44,0.001,0.001,,,,,NVIDIA A100-SXM4-40GB MIG 4g.20gb (0),1,,13,"void ch_est::chEstFilterNoDftSOfdmDispatchKernel<float, __half, float, (unsigned int)2>(ch_est::puschRxChEstStatDescr_t *, ch_est::puschRxChEstDynDescr_t *)"
14095974044,12223,262664,137,2,1,24,2,1,44,0.001,0.001,,,,,NVIDIA A100-SXM4-40GB MIG 4g.20gb (0),1,,13,"void ch_est::chEstFilterNoDftSOfdmDispatchKernel<float, __half, float, (unsigned int)2>(ch_est::puschRxChEstStatDescr_t *, ch_est::puschRxChEstDynDescr_t *)"
14096323416,6720,262675,103,1,1,128,1,1,16,0.000,0.000,,,,,NVIDIA A100-SXM4-40GB MIG 4g.20gb (0),1,,13,cupy_copy__complex64_complex64
14097169582,25088,262685,1434,1,1,128,1,1,16,0.000,0.000,,,,,NVIDIA A100-SXM4-40GB MIG 4g.20gb (0),1,,13,cupy_copy__complex64_complex64
14097752168,15423,262692,103,1,1,128,1,1,16,0.000,0.000,,,,,NVIDIA A100-SXM4-40GB MIG 4g.20gb (0),1,,13,cupy_copy__complex64_complex64
14098728253,268701,262699,1,1,1,32,32,1,30,0.000,0.000,,,,,NVIDIA A100-SXM4-40GB MIG 4g.20gb (0),1,,13,"void convert_kernel<__half2, float2>(tensor_layout_any, T1 *, tensor_layout_any, const T2 *)"
14099028793,5504,262702,,,,,,,,,,0.094,17023.251,Pinned,Device,NVIDIA A100-SXM4-40GB MIG 4g.20gb (0),1,,13,[CUDA memcpy Host-to-Device]
14099919919,62239,262703,,,,,,,,,,35.810,575357.985,Device,,NVIDIA A100-SXM4-40GB MIG 4g.20gb (0),1,,13,[CUDA memset]
14099984174,5472,262705,,,,,,,,,,0.000,14.620,Pinned,Device,NVIDIA A100-SXM4-40GB MIG 4g.20gb (0),1,,13,[CUDA memcpy Host-to-Device]
14099992430,11360,262706,,,,,,,,,,0.197,17307.009,Pinned,Device,NVIDIA A100-SXM4-40GB MIG 4g.20gb (0),1,,13,[CUDA memcpy Host-to-Device]
14100545896,19392,262707,273,1,1,48,1,1,40,0.000,0.001,,,,,NVIDIA A100-SXM4-40GB MIG 4g.20gb (0),1,,13,"void pusch_noise_intf_est::noiseIntfEstNoDftSOfdmKernel<float, __half, float, float, (unsigned int)2, (unsigned int)1, (unsigned char)4, (unsigned char)4>(pusch_noise_intf_est::puschRxNoiseIntfEstDynDescr)"
14100891172,4672,262718,35,1,1,128,1,1,16,0.000,0.000,,,,,NVIDIA A100-SXM4-40GB MIG 4g.20gb (0),1,,13,cupy_copy__complex64_complex64
14101285472,4896,262727,1,1,1,1,1,1,18,0.000,0.000,,,,,NVIDIA A100-SXM4-40GB MIG 4g.20gb (0),1,,13,cupy_copy__float32_float32
14101294112,2048,262733,,,,,,,,,,0.000,1.953,Device,Pageable,NVIDIA A100-SXM4-40GB MIG 4g.20gb (0),1,,7,[CUDA memcpy Device-to-Host]
14102502226,24672,262744,1434,1,1,128,1,1,16,0.000,0.000,,,,,NVIDIA A100-SXM4-40GB MIG 4g.20gb (0),1,,13,cupy_copy__complex64_complex64
14103062412,10720,262751,103,1,1,128,1,1,16,0.000,0.000,,,,,NVIDIA A100-SXM4-40GB MIG 4g.20gb (0),1,,13,cupy_copy__complex64_complex64
14103884770,11296,262758,35,1,1,128,1,1,16,0.000,0.000,,,,,NVIDIA A100-SXM4-40GB MIG 4g.20gb (0),1,,13,cupy_copy__complex64_complex64
14104386973,4064,262765,1,1,1,1,1,1,18,0.000,0.000,,,,,NVIDIA A100-SXM4-40GB MIG 4g.20gb (0),1,,13,cupy_copy__float32_float32
14104957782,263421,262776,1,1,1,32,32,1,30,0.000,0.000,,,,,NVIDIA A100-SXM4-40GB MIG 4g.20gb (0),1,,13,"void convert_kernel<__half2, float2>(tensor_layout_any, T1 *, tensor_layout_any, const T2 *)"
14105255507,5632,262779,,,,,,,,,,0.094,16636.287,Pinned,Device,NVIDIA A100-SXM4-40GB MIG 4g.20gb (0),1,,13,[CUDA memcpy Host-to-Device]
14105612879,5344,262780,,,,,,,,,,1.547,289412.016,Device,,NVIDIA A100-SXM4-40GB MIG 4g.20gb (0),1,,13,[CUDA memset]
14105623503,9312,262785,,,,,,,,,,0.031,3360.815,Pinned,Device,NVIDIA A100-SXM4-40GB MIG 4g.20gb (0),1,,13,[CUDA memcpy Host-to-Device]
14105639535,18912,262786,,,,,,,,,,0.197,10395.845,Pinned,Device,NVIDIA A100-SXM4-40GB MIG 4g.20gb (0),1,,13,[CUDA memcpy Host-to-Device]
14106108841,22208,262787,273,1,1,8,4,1,39,0.002,0.000,,,,,NVIDIA A100-SXM4-40GB MIG 4g.20gb (0),1,,13,"void channel_eq::eqMmseCoefCompLowMimoKernel<float, float, float, (unsigned int)4, (unsigned int)1, (unsigned int)4>(const channel_eq::_puschRxChEqStatDescr *, channel_eq::_puschRxChEqCoefCompDynDescr)"
14106686019,18816,262788,273,1,1,12,11,1,51,0.002,0.000,,,,,NVIDIA A100-SXM4-40GB MIG 4g.20gb (0),1,,13,"void channel_eq::eqMmseSoftDemapKernel<float, __half, __half, float, (unsigned int)4, (unsigned short)16383>(channel_eq::_puschRxChEqStatDescr *, channel_eq::_puschRxChEqSoftDemapDynDescr)"
14107166046,713591,262789,1,1,1,32,32,1,30,0.000,0.000,,,,,NVIDIA A100-SXM4-40GB MIG 4g.20gb (0),1,,13,"void convert_kernel<float2, __half2>(tensor_layout_any, T1 *, tensor_layout_any, const T2 *)"
14108549998,16576,262801,2253,1,1,128,1,1,16,0.000,0.000,,,,,NVIDIA A100-SXM4-40GB MIG 4g.20gb (0),1,,13,cupy_copy__float16_float16
14109165639,6176,262810,282,1,1,128,1,1,16,0.000,0.000,,,,,NVIDIA A100-SXM4-40GB MIG 4g.20gb (0),1,,13,cupy_copy__complex64_complex64
14109664353,6304,262819,26,1,1,128,1,1,16,0.000,0.000,,,,,NVIDIA A100-SXM4-40GB MIG 4g.20gb (0),1,,13,cupy_copy__float32_float32
14110237435,6976,262828,103,1,1,128,1,1,16,0.000,0.000,,,,,NVIDIA A100-SXM4-40GB MIG 4g.20gb (0),1,,13,cupy_copy__complex64_complex64
14110707030,25247,262838,1434,1,1,128,1,1,16,0.000,0.000,,,,,NVIDIA A100-SXM4-40GB MIG 4g.20gb (0),1,,13,cupy_copy__complex64_complex64
14111393422,258685,262843,1,1,1,32,32,1,30,0.000,0.000,,,,,NVIDIA A100-SXM4-40GB MIG 4g.20gb (0),1,,13,"void convert_kernel<__half2, float2>(tensor_layout_any, T1 *, tensor_layout_any, const T2 *)"
14111682827,5728,262846,,,,,,,,,,0.094,16357.541,Pinned,Device,NVIDIA A100-SXM4-40GB MIG 4g.20gb (0),1,,13,[CUDA memcpy Host-to-Device]
14112114438,622777,262847,,,,,,,,,,456.561,732781.111,Device,,NVIDIA A100-SXM4-40GB MIG 4g.20gb (0),1,,13,[CUDA memset]
14112746655,64191,262852,,,,,,,,,,1.235,19237.958,Pinned,Device,NVIDIA A100-SXM4-40GB MIG 4g.20gb (0),1,,13,[CUDA memcpy Host-to-Device]
14112813278,9696,262853,,,,,,,,,,0.197,20277.166,Pinned,Device,NVIDIA A100-SXM4-40GB MIG 4g.20gb (0),1,,13,[CUDA memcpy Host-to-Device]
14113791091,37727,262854,69,4,1,48,1,1,76,0.002,0.000,,,,,NVIDIA A100-SXM4-40GB MIG 4g.20gb (0),1,,13,"void ch_est::windowedChEstPreNoDftSOfdmKernel<float, __half, float, (unsigned int)2, (unsigned int)1, (unsigned short)4>(ch_est::puschRxChEstStatDescr_t *, ch_est::puschRxChEstDynDescr_t *)"
14114889958,25152,262855,137,2,1,24,2,1,44,0.001,0.001,,,,,NVIDIA A100-SXM4-40GB MIG 4g.20gb (0),1,,13,"void ch_est::chEstFilterNoDftSOfdmDispatchKernel<float, __half, float, (unsigned int)2>(ch_est::puschRxChEstStatDescr_t *, ch_est::puschRxChEstDynDescr_t *)"
14115273602,44416,262856,137,2,1,24,2,1,44,0.001,0.001,,,,,NVIDIA A100-SXM4-40GB MIG 4g.20gb (0),1,,13,"void ch_est::chEstFilterNoDftSOfdmDispatchKernel<float, __half, float, (unsigned int)2>(ch_est::puschRxChEstStatDescr_t *, ch_est::puschRxChEstDynDescr_t *)"
14115833436,5440,262867,103,1,1,128,1,1,16,0.000,0.000,,,,,NVIDIA A100-SXM4-40GB MIG 4g.20gb (0),1,,13,cupy_copy__complex64_complex64
14116186200,19104,262877,1434,1,1,128,1,1,16,0.000,0.000,,,,,NVIDIA A100-SXM4-40GB MIG 4g.20gb (0),1,,13,cupy_copy__complex64_complex64
14116562260,7392,262884,103,1,1,128,1,1,16,0.000,0.000,,,,,NVIDIA A100-SXM4-40GB MIG 4g.20gb (0),1,,13,cupy_copy__complex64_complex64
14116830833,248733,262891,1,1,1,32,32,1,30,0.000,0.000,,,,,NVIDIA A100-SXM4-40GB MIG 4g.20gb (0),1,,13,"void convert_kernel<__half2, float2>(tensor_layout_any, T1 *, tensor_layout_any, const T2 *)"
14117111277,5984,262894,,,,,,,,,,0.094,15657.726,Pinned,Device,NVIDIA A100-SXM4-40GB MIG 4g.20gb (0),1,,13,[CUDA memcpy Host-to-Device]
14117426538,75519,262895,,,,,,,,,,35.810,474159.151,Device,,NVIDIA A100-SXM4-40GB MIG 4g.20gb (0),1,,13,[CUDA memset]
14117505289,5984,262897,,,,,,,,,,0.000,13.369,Pinned,Device,NVIDIA A100-SXM4-40GB MIG 4g.20gb (0),1,,13,[CUDA memcpy Host-to-Device]
14117516969,13312,262898,,,,,,,,,,0.197,14769.193,Pinned,Device,NVIDIA A100-SXM4-40GB MIG 4g.20gb (0),1,,13,[CUDA memcpy Host-to-Device]
14117989700,35519,262899,273,1,1,48,1,1,40,0.000,0.001,,,,,NVIDIA A100-SXM4-40GB MIG 4g.20gb (0),1,,13,"void pusch_noise_intf_est::noiseIntfEstNoDftSOfdmKernel<float, __half, float, float, (unsigned int)2, (unsigned int)1, (unsigned char)4, (unsigned char)4>(pusch_noise_intf_est::puschRxNoiseIntfEstDynDescr)"
14118576733,17984,262910,35,1,1,128,1,1,16,0.000,0.000,,,,,NVIDIA A100-SXM4-40GB MIG 4g.20gb (0),1,,13,cupy_copy__complex64_complex64
14119208022,4224,262919,1,1,1,1,1,1,18,0.000,0.000,,,,,NVIDIA A100-SXM4-40GB MIG 4g.20gb (0),1,,13,cupy_copy__float32_float32
14119221366,4672,262925,,,,,,,,,,0.000,0.856,Device,Pageable,NVIDIA A100-SXM4-40GB MIG 4g.20gb (0),1,,7,[CUDA memcpy Device-to-Host]
14119699664,31744,262936,1434,1,1,128,1,1,16,0.000,0.000,,,,,NVIDIA A100-SXM4-40GB MIG 4g.20gb (0),1,,13,cupy_copy__complex64_complex64
14120267530,4640,262943,103,1,1,128,1,1,16,0.000,0.000,,,,,NVIDIA A100-SXM4-40GB MIG 4g.20gb (0),1,,13,cupy_copy__complex64_complex64
14120761668,4928,262950,35,1,1,128,1,1,16,0.000,0.000,,,,,NVIDIA A100-SXM4-40GB MIG 4g.20gb (0),1,,13,cupy_copy__complex64_complex64
14121153984,5408,262957,1,1,1,1,1,1,18,0.000,0.000,,,,,NVIDIA A100-SXM4-40GB MIG 4g.20gb (0),1,,13,cupy_copy__float32_float32
14122206868,268637,262968,1,1,1,32,32,1,30,0.000,0.000,,,,,NVIDIA A100-SXM4-40GB MIG 4g.20gb (0),1,,13,"void convert_kernel<__half2, float2>(tensor_layout_any, T1 *, tensor_layout_any, const T2 *)"
14122507985,9280,262971,,,,,,,,,,0.094,10096.494,Pinned,Device,NVIDIA A100-SXM4-40GB MIG 4g.20gb (0),1,,13,[CUDA memcpy Host-to-Device]
14123073514,15872,262972,,,,,,,,,,1.547,97443.498,Device,,NVIDIA A100-SXM4-40GB MIG 4g.20gb (0),1,,13,[CUDA memset]
14123090954,7008,262977,,,,,,,,,,0.031,4465.751,Pinned,Device,NVIDIA A100-SXM4-40GB MIG 4g.20gb (0),1,,13,[CUDA memcpy Host-to-Device]
14123103818,14656,262978,,,,,,,,,,0.197,13414.760,Pinned,Device,NVIDIA A100-SXM4-40GB MIG 4g.20gb (0),1,,13,[CUDA memcpy Host-to-Device]
14123763202,32416,262979,273,1,1,8,4,1,39,0.002,0.000,,,,,NVIDIA A100-SXM4-40GB MIG 4g.20gb (0),1,,13,"void channel_eq::eqMmseCoefCompLowMimoKernel<float, float, float, (unsigned int)4, (unsigned int)1, (unsigned int)4>(const channel_eq::_puschRxChEqStatDescr *, channel_eq::_puschRxChEqCoefCompDynDescr)"
14124434171,39743,262980,273,1,1,12,11,1,51,0.002,0.000,,,,,NVIDIA A100-SXM4-40GB MIG 4g.20gb (0),1,,13,"void channel_eq::eqMmseSoftDemapKernel<float, __half, __half, float, (unsigned int)4, (unsigned short)16383>(channel_eq::_puschRxChEqStatDescr *, channel_eq::_puschRxChEqSoftDemapDynDescr)"
14125079476,1173042,262981,1,1,1,32,32,1,30,0.000,0.000,,,,,NVIDIA A100-SXM4-40GB MIG 4g.20gb (0),1,,13,"void convert_kernel<float2, __half2>(tensor_layout_any, T1 *, tensor_layout_any, const T2 *)"
14126841344,17696,262993,2253,1,1,128,1,1,16,0.000,0.000,,,,,NVIDIA A100-SXM4-40GB MIG 4g.20gb (0),1,,13,cupy_copy__float16_float16
14127331802,6304,263002,282,1,1,128,1,1,16,0.000,0.000,,,,,NVIDIA A100-SXM4-40GB MIG 4g.20gb (0),1,,13,cupy_copy__complex64_complex64
14128395726,7488,263011,26,1,1,128,1,1,16,0.000,0.000,,,,,NVIDIA A100-SXM4-40GB MIG 4g.20gb (0),1,,13,cupy_copy__float32_float32
14128743466,27264,263020,103,1,1,128,1,1,16,0.000,0.000,,,,,NVIDIA A100-SXM4-40GB MIG 4g.20gb (0),1,,13,cupy_copy__complex64_complex64
14129294884,20640,263030,1434,1,1,128,1,1,16,0.000,0.000,,,,,NVIDIA A100-SXM4-40GB MIG 4g.20gb (0),1,,13,cupy_copy__complex64_complex64
14129660032,253213,263035,1,1,1,32,32,1,30,0.000,0.000,,,,,NVIDIA A100-SXM4-40GB MIG 4g.20gb (0),1,,13,"void convert_kernel<__half2, float2>(tensor_layout_any, T1 *, tensor_layout_any, const T2 *)"
14129945565,5920,263038,,,,,,,,,,0.094,15826.941,Pinned,Device,NVIDIA A100-SXM4-40GB MIG 4g.20gb (0),1,,13,[CUDA memcpy Host-to-Device]
14130285561,1186259,263039,,,,,,,,,,456.561,384424.732,Device,,NVIDIA A100-SXM4-40GB MIG 4g.20gb (0),1,,13,[CUDA memset]
14131479052,65279,263044,,,,,,,,,,1.235,18916.872,Pinned,Device,NVIDIA A100-SXM4-40GB MIG 4g.20gb (0),1,,13,[CUDA memcpy Host-to-Device]
14131547115,12544,263045,,,,,,,,,,0.197,15673.393,Pinned,Device,NVIDIA A100-SXM4-40GB MIG 4g.20gb (0),1,,13,[CUDA memcpy Host-to-Device]
14132112548,31616,263046,69,4,1,48,1,1,76,0.002,0.000,,,,,NVIDIA A100-SXM4-40GB MIG 4g.20gb (0),1,,13,"void ch_est::windowedChEstPreNoDftSOfdmKernel<float, __half, float, (unsigned int)2, (unsigned int)1, (unsigned short)4>(ch_est::puschRxChEstStatDescr_t *, ch_est::puschRxChEstDynDescr_t *)"
14132623455,15583,263047,137,2,1,24,2,1,44,0.001,0.001,,,,,NVIDIA A100-SXM4-40GB MIG 4g.20gb (0),1,,13,"void ch_est::chEstFilterNoDftSOfdmDispatchKernel<float, __half, float, (unsigned int)2>(ch_est::puschRxChEstStatDescr_t *, ch_est::puschRxChEstDynDescr_t *)"
14132959643,12768,263048,137,2,1,24,2,1,44,0.001,0.001,,,,,NVIDIA A100-SXM4-40GB MIG 4g.20gb (0),1,,13,"void ch_est::chEstFilterNoDftSOfdmDispatchKernel<float, __half, float, (unsigned int)2>(ch_est::puschRxChEstStatDescr_t *, ch_est::puschRxChEstDynDescr_t *)"
14133317815,11296,263059,103,1,1,128,1,1,16,0.000,0.000,,,,,NVIDIA A100-SXM4-40GB MIG 4g.20gb (0),1,,13,cupy_copy__complex64_complex64
14133878257,20287,263069,1434,1,1,128,1,1,16,0.000,0.000,,,,,NVIDIA A100-SXM4-40GB MIG 4g.20gb (0),1,,13,cupy_copy__complex64_complex64
14134220205,4832,263076,103,1,1,128,1,1,16,0.000,0.000,,,,,NVIDIA A100-SXM4-40GB MIG 4g.20gb (0),1,,13,cupy_copy__complex64_complex64
14134614664,250077,263083,1,1,1,32,32,1,30,0.000,0.000,,,,,NVIDIA A100-SXM4-40GB MIG 4g.20gb (0),1,,13,"void convert_kernel<__half2, float2>(tensor_layout_any, T1 *, tensor_layout_any, const T2 *)"
14134895685,5984,263086,,,,,,,,,,0.094,15657.726,Pinned,Device,NVIDIA A100-SXM4-40GB MIG 4g.20gb (0),1,,13,[CUDA memcpy Host-to-Device]
14135367296,64543,263087,,,,,,,,,,35.810,554803.091,Device,,NVIDIA A100-SXM4-40GB MIG 4g.20gb (0),1,,13,[CUDA memset]
14135437407,3264,263089,,,,,,,,,,0.000,24.510,Pinned,Device,NVIDIA A100-SXM4-40GB MIG 4g.20gb (0),1,,13,[CUDA memcpy Host-to-Device]
14135443615,12416,263090,,,,,,,,,,0.197,15835.005,Pinned,Device,NVIDIA A100-SXM4-40GB MIG 4g.20gb (0),1,,13,[CUDA memcpy Host-to-Device]
14136084440,16607,263091,273,1,1,48,1,1,40,0.000,0.001,,,,,NVIDIA A100-SXM4-40GB MIG 4g.20gb (0),1,,13,"void pusch_noise_intf_est::noiseIntfEstNoDftSOfdmKernel<float, __half, float, float, (unsigned int)2, (unsigned int)1, (unsigned char)4, (unsigned char)4>(pusch_noise_intf_est::puschRxNoiseIntfEstDynDescr)"
14136487027,5760,263102,35,1,1,128,1,1,16,0.000,0.000,,,,,NVIDIA A100-SXM4-40GB MIG 4g.20gb (0),1,,13,cupy_copy__complex64_complex64
14136865647,4096,263111,1,1,1,1,1,1,18,0.000,0.000,,,,,NVIDIA A100-SXM4-40GB MIG 4g.20gb (0),1,,13,cupy_copy__float32_float32
14136875343,5792,263117,,,,,,,,,,0.000,0.691,Device,Pageable,NVIDIA A100-SXM4-40GB MIG 4g.20gb (0),1,,7,[CUDA memcpy Device-to-Host]
14137547815,19008,263128,1434,1,1,128,1,1,16,0.000,0.000,,,,,NVIDIA A100-SXM4-40GB MIG 4g.20gb (0),1,,13,cupy_copy__complex64_complex64
14138644923,5120,263135,103,1,1,128,1,1,16,0.000,0.000,,,,,NVIDIA A100-SXM4-40GB MIG 4g.20gb (0),1,,13,cupy_copy__complex64_complex64
14139067158,4544,263142,35,1,1,128,1,1,16,0.000,0.000,,,,,NVIDIA A100-SXM4-40GB MIG 4g.20gb (0),1,,13,cupy_copy__complex64_complex64
14139726447,6080,263149,1,1,1,1,1,1,18,0.000,0.000,,,,,NVIDIA A100-SXM4-40GB MIG 4g.20gb (0),1,,13,cupy_copy__float32_float32
14140137994,262589,263160,1,1,1,32,32,1,30,0.000,0.000,,,,,NVIDIA A100-SXM4-40GB MIG 4g.20gb (0),1,,13,"void convert_kernel<__half2, float2>(tensor_layout_any, T1 *, tensor_layout_any, const T2 *)"
14140433575,5856,263163,,,,,,,,,,0.094,15999.997,Pinned,Device,NVIDIA A100-SXM4-40GB MIG 4g.20gb (0),1,,13,[CUDA memcpy Host-to-Device]
14140597253,10176,263164,,,,,,,,,,1.547,151986.740,Device,,NVIDIA A100-SXM4-40GB MIG 4g.20gb (0),1,,13,[CUDA memset]
14140616709,3968,263169,,,,,,,,,,0.031,7887.093,Pinned,Device,NVIDIA A100-SXM4-40GB MIG 4g.20gb (0),1,,13,[CUDA memcpy Host-to-Device]
14140623173,14687,263170,,,,,,,,,,0.197,13386.449,Pinned,Device,NVIDIA A100-SXM4-40GB MIG 4g.20gb (0),1,,13,[CUDA memcpy Host-to-Device]
14141020384,44256,263171,273,1,1,8,4,1,39,0.002,0.000,,,,,NVIDIA A100-SXM4-40GB MIG 4g.20gb (0),1,,13,"void channel_eq::eqMmseCoefCompLowMimoKernel<float, float, float, (unsigned int)4, (unsigned int)1, (unsigned int)4>(const channel_eq::_puschRxChEqStatDescr *, channel_eq::_puschRxChEqCoefCompDynDescr)"
14141999829,44416,263172,273,1,1,12,11,1,51,0.002,0.000,,,,,NVIDIA A100-SXM4-40GB MIG 4g.20gb (0),1,,13,"void channel_eq::eqMmseSoftDemapKernel<float, __half, __half, float, (unsigned int)4, (unsigned short)16383>(channel_eq::_puschRxChEqStatDescr *, channel_eq::_puschRxChEqSoftDemapDynDescr)"
14142458288,662808,263173,1,1,1,32,32,1,30,0.000,0.000,,,,,NVIDIA A100-SXM4-40GB MIG 4g.20gb (0),1,,13,"void convert_kernel<float2, __half2>(tensor_layout_any, T1 *, tensor_layout_any, const T2 *)"
14143368294,19775,263185,2253,1,1,128,1,1,16,0.000,0.000,,,,,NVIDIA A100-SXM4-40GB MIG 4g.20gb (0),1,,13,cupy_copy__float16_float16
14144269019,11808,263194,282,1,1,128,1,1,16,0.000,0.000,,,,,NVIDIA A100-SXM4-40GB MIG 4g.20gb (0),1,,13,cupy_copy__complex64_complex64
14144612280,10015,263203,26,1,1,128,1,1,16,0.000,0.000,,,,,NVIDIA A100-SXM4-40GB MIG 4g.20gb (0),1,,13,cupy_copy__float32_float32
14145405295,14847,263212,103,1,1,128,1,1,16,0.000,0.000,,,,,NVIDIA A100-SXM4-40GB MIG 4g.20gb (0),1,,13,cupy_copy__complex64_complex64
14145570221,22848,263222,1434,1,1,128,1,1,16,0.000,0.000,,,,,NVIDIA A100-SXM4-40GB MIG 4g.20gb (0),1,,13,cupy_copy__complex64_complex64
14145928777,255197,263227,1,1,1,32,32,1,30,0.000,0.000,,,,,NVIDIA A100-SXM4-40GB MIG 4g.20gb (0),1,,13,"void convert_kernel<__half2, float2>(tensor_layout_any, T1 *, tensor_layout_any, const T2 *)"
14146215334,6463,263230,,,,,,,,,,0.094,14497.207,Pinned,Device,NVIDIA A100-SXM4-40GB MIG 4g.20gb (0),1,,13,[CUDA memcpy Host-to-Device]
14146368516,624601,263231,,,,,,,,,,456.561,730954.865,Device,,NVIDIA A100-SXM4-40GB MIG 4g.20gb (0),1,,13,[CUDA memset]
14146999997,66751,263236,,,,,,,,,,1.235,18500.696,Pinned,Device,NVIDIA A100-SXM4-40GB MIG 4g.20gb (0),1,,13,[CUDA memcpy Host-to-Device]
14147069532,10368,263237,,,,,,,,,,0.197,18962.842,Pinned,Device,NVIDIA A100-SXM4-40GB MIG 4g.20gb (0),1,,13,[CUDA memcpy Host-to-Device]
14147873843,23744,263238,69,4,1,48,1,1,76,0.002,0.000,,,,,NVIDIA A100-SXM4-40GB MIG 4g.20gb (0),1,,13,"void ch_est::windowedChEstPreNoDftSOfdmKernel<float, __half, float, (unsigned int)2, (unsigned int)1, (unsigned short)4>(ch_est::puschRxChEstStatDescr_t *, ch_est::puschRxChEstDynDescr_t *)"
14148269134,40096,263239,137,2,1,24,2,1,44,0.001,0.001,,,,,NVIDIA A100-SXM4-40GB MIG 4g.20gb (0),1,,13,"void ch_est::chEstFilterNoDftSOfdmDispatchKernel<float, __half, float, (unsigned int)2>(ch_est::puschRxChEstStatDescr_t *, ch_est::puschRxChEstDynDescr_t *)"
14148662602,38975,263240,137,2,1,24,2,1,44,0.001,0.001,,,,,NVIDIA A100-SXM4-40GB MIG 4g.20gb (0),1,,13,"void ch_est::chEstFilterNoDftSOfdmDispatchKernel<float, __half, float, (unsigned int)2>(ch_est::puschRxChEstStatDescr_t *, ch_est::puschRxChEstDynDescr_t *)"
14148949927,4576,263251,103,1,1,128,1,1,16,0.000,0.000,,,,,NVIDIA A100-SXM4-40GB MIG 4g.20gb (0),1,,13,cupy_copy__complex64_complex64
14149109349,24864,263261,1434,1,1,128,1,1,16,0.000,0.000,,,,,NVIDIA A100-SXM4-40GB MIG 4g.20gb (0),1,,13,cupy_copy__complex64_complex64
14149910012,4864,263268,103,1,1,128,1,1,16,0.000,0.000,,,,,NVIDIA A100-SXM4-40GB MIG 4g.20gb (0),1,,13,cupy_copy__complex64_complex64
14150249144,258685,263275,1,1,1,32,32,1,30,0.000,0.000,,,,,NVIDIA A100-SXM4-40GB MIG 4g.20gb (0),1,,13,"void convert_kernel<__half2, float2>(tensor_layout_any, T1 *, tensor_layout_any, const T2 *)"
14150541365,11968,263278,,,,,,,,,,0.094,7828.863,Pinned,Device,NVIDIA A100-SXM4-40GB MIG 4g.20gb (0),1,,13,[CUDA memcpy Host-to-Device]
14150685619,542010,263279,,,,,,,,,,35.810,66033.492,Device,,NVIDIA A100-SXM4-40GB MIG 4g.20gb (0),1,,13,[CUDA memset]
14151228621,1984,263281,,,,,,,,,,0.000,40.323,Pinned,Device,NVIDIA A100-SXM4-40GB MIG 4g.20gb (0),1,,13,[CUDA memcpy Host-to-Device]
14151233421,16192,263282,,,,,,,,,,0.197,12142.117,Pinned,Device,NVIDIA A100-SXM4-40GB MIG 4g.20gb (0),1,,13,[CUDA memcpy Host-to-Device]
14151788391,18399,263283,273,1,1,48,1,1,40,0.000,0.001,,,,,NVIDIA A100-SXM4-40GB MIG 4g.20gb (0),1,,13,"void pusch_noise_intf_est::noiseIntfEstNoDftSOfdmKernel<float, __half, float, float, (unsigned int)2, (unsigned int)1, (unsigned char)4, (unsigned char)4>(pusch_noise_intf_est::puschRxNoiseIntfEstDynDescr)"
14152650109,15008,263294,35,1,1,128,1,1,16,0.000,0.000,,,,,NVIDIA A100-SXM4-40GB MIG 4g.20gb (0),1,,13,cupy_copy__complex64_complex64
14152900570,3360,263303,1,1,1,1,1,1,18,0.000,0.000,,,,,NVIDIA A100-SXM4-40GB MIG 4g.20gb (0),1,,13,cupy_copy__float32_float32
14152911770,1632,263309,,,,,,,,,,0.000,2.451,Device,Pageable,NVIDIA A100-SXM4-40GB MIG 4g.20gb (0),1,,7,[CUDA memcpy Device-to-Host]
14153330837,30336,263320,1434,1,1,128,1,1,16,0.000,0.000,,,,,NVIDIA A100-SXM4-40GB MIG 4g.20gb (0),1,,13,cupy_copy__complex64_complex64
14153697969,7360,263327,103,1,1,128,1,1,16,0.000,0.000,,,,,NVIDIA A100-SXM4-40GB MIG 4g.20gb (0),1,,13,cupy_copy__complex64_complex64
14153950702,6752,263334,35,1,1,128,1,1,16,0.000,0.000,,,,,NVIDIA A100-SXM4-40GB MIG 4g.20gb (0),1,,13,cupy_copy__complex64_complex64
14154769925,6304,263341,1,1,1,1,1,1,18,0.000,0.000,,,,,NVIDIA A100-SXM4-40GB MIG 4g.20gb (0),1,,13,cupy_copy__float32_float32
14154975139,243485,263352,1,1,1,32,32,1,30,0.000,0.000,,,,,NVIDIA A100-SXM4-40GB MIG 4g.20gb (0),1,,13,"void convert_kernel<__half2, float2>(tensor_layout_any, T1 *, tensor_layout_any, const T2 *)"
14155249408,5728,263355,,,,,,,,,,0.094,16357.541,Pinned,Device,NVIDIA A100-SXM4-40GB MIG 4g.20gb (0),1,,13,[CUDA memcpy Host-to-Device]
14155502269,4416,263356,,,,,,,,,,1.547,350231.458,Device,,NVIDIA A100-SXM4-40GB MIG 4g.20gb (0),1,,13,[CUDA memset]
14155507805,9376,263361,,,,,,,,,,0.031,3337.875,Pinned,Device,NVIDIA A100-SXM4-40GB MIG 4g.20gb (0),1,,13,[CUDA memcpy Host-to-Device]
14155522941,18143,263362,,,,,,,,,,0.197,10836.443,Pinned,Device,NVIDIA A100-SXM4-40GB MIG 4g.20gb (0),1,,13,[CUDA memcpy Host-to-Device]
14156371155,28640,263363,273,1,1,8,4,1,39,0.002,0.000,,,,,NVIDIA A100-SXM4-40GB MIG 4g.20gb (0),1,,13,"void channel_eq::eqMmseCoefCompLowMimoKernel<float, float, float, (unsigned int)4, (unsigned int)1, (unsigned int)4>(const channel_eq::_puschRxChEqStatDescr *, channel_eq::_puschRxChEqCoefCompDynDescr)"
14156847822,19423,263364,273,1,1,12,11,1,51,0.002,0.000,,,,,NVIDIA A100-SXM4-40GB MIG 4g.20gb (0),1,,13,"void channel_eq::eqMmseSoftDemapKernel<float, __half, __half, float, (unsigned int)4, (unsigned short)16383>(channel_eq::_puschRxChEqStatDescr *, channel_eq::_puschRxChEqSoftDemapDynDescr)"
14157228809,614105,263365,1,1,1,32,32,1,30,0.000,0.000,,,,,NVIDIA A100-SXM4-40GB MIG 4g.20gb (0),1,,13,"void convert_kernel<float2, __half2>(tensor_layout_any, T1 *, tensor_layout_any, const T2 *)"
14158236318,16480,263377,2253,1,1,128,1,1,16,0.000,0.000,,,,,NVIDIA A100-SXM4-40GB MIG 4g.20gb (0),1,,13,cupy_copy__float16_float16
14158831895,13696,263386,282,1,1,128,1,1,16,0.000,0.000,,,,,NVIDIA A100-SXM4-40GB MIG 4g.20gb (0),1,,13,cupy_copy__complex64_complex64
14159358961,6304,263395,26,1,1,128,1,1,16,0.000,0.000,,,,,NVIDIA A100-SXM4-40GB MIG 4g.20gb (0),1,,13,cupy_copy__float32_float32
14159601167,4448,263404,103,1,1,128,1,1,16,0.000,0.000,,,,,NVIDIA A100-SXM4-40GB MIG 4g.20gb (0),1,,13,cupy_copy__complex64_complex64
14160048874,20575,263414,1434,1,1,128,1,1,16,0.000,0.000,,,,,NVIDIA A100-SXM4-40GB MIG 4g.20gb (0),1,,13,cupy_copy__complex64_complex64
14160569220,277757,263419,1,1,1,32,32,1,30,0.000,0.000,,,,,NVIDIA A100-SXM4-40GB MIG 4g.20gb (0),1,,13,"void convert_kernel<__half2, float2>(tensor_layout_any, T1 *, tensor_layout_any, const T2 *)"
14160878688,5600,263422,,,,,,,,,,0.094,16731.388,Pinned,Device,NVIDIA A100-SXM4-40GB MIG 4g.20gb (0),1,,13,[CUDA memcpy Host-to-Device]
14161220636,624537,263423,,,,,,,,,,456.561,730954.865,Device,,NVIDIA A100-SXM4-40GB MIG 4g.20gb (0),1,,13,[CUDA memset]
14161846773,63040,263428,,,,,,,,,,1.235,19588.682,Pinned,Device,NVIDIA A100-SXM4-40GB MIG 4g.20gb (0),1,,13,[CUDA memcpy Host-to-Device]
14161916757,16671,263429,,,,,,,,,,0.197,11793.334,Pinned,Device,NVIDIA A100-SXM4-40GB MIG 4g.20gb (0),1,,13,[CUDA memcpy Host-to-Device]
14162323760,29376,263430,69,4,1,48,1,1,76,0.002,0.000,,,,,NVIDIA A100-SXM4-40GB MIG 4g.20gb (0),1,,13,"void ch_est::windowedChEstPreNoDftSOfdmKernel<float, __half, float, (unsigned int)2, (unsigned int)1, (unsigned short)4>(ch_est::puschRxChEstStatDescr_t *, ch_est::puschRxChEstDynDescr_t *)"
14162673004,35104,263431,137,2,1,24,2,1,44,0.001,0.001,,,,,NVIDIA A100-SXM4-40GB MIG 4g.20gb (0),1,,13,"void ch_est::chEstFilterNoDftSOfdmDispatchKernel<float, __half, float, (unsigned int)2>(ch_est::puschRxChEstStatDescr_t *, ch_est::puschRxChEstDynDescr_t *)"
14163009288,11904,263432,137,2,1,24,2,1,44,0.001,0.001,,,,,NVIDIA A100-SXM4-40GB MIG 4g.20gb (0),1,,13,"void ch_est::chEstFilterNoDftSOfdmDispatchKernel<float, __half, float, (unsigned int)2>(ch_est::puschRxChEstStatDescr_t *, ch_est::puschRxChEstDynDescr_t *)"
14163207942,9408,263443,103,1,1,128,1,1,16,0.000,0.000,,,,,NVIDIA A100-SXM4-40GB MIG 4g.20gb (0),1,,13,cupy_copy__complex64_complex64
14163586370,26719,263453,1434,1,1,128,1,1,16,0.000,0.000,,,,,NVIDIA A100-SXM4-40GB MIG 4g.20gb (0),1,,13,cupy_copy__complex64_complex64
14163905822,4256,263460,103,1,1,128,1,1,16,0.000,0.000,,,,,NVIDIA A100-SXM4-40GB MIG 4g.20gb (0),1,,13,cupy_copy__complex64_complex64
14164087612,242589,263467,1,1,1,32,32,1,30,0.000,0.000,,,,,NVIDIA A100-SXM4-40GB MIG 4g.20gb (0),1,,13,"void convert_kernel<__half2, float2>(tensor_layout_any, T1 *, tensor_layout_any, const T2 *)"
14164359577,5824,263470,,,,,,,,,,0.094,16087.884,Pinned,Device,NVIDIA A100-SXM4-40GB MIG 4g.20gb (0),1,,13,[CUDA memcpy Host-to-Device]
14164502903,59808,263471,,,,,,,,,,35.810,598741.862,Device,,NVIDIA A100-SXM4-40GB MIG 4g.20gb (0),1,,13,[CUDA memset]
14164564663,4256,263473,,,,,,,,,,0.000,18.797,Pinned,Device,NVIDIA A100-SXM4-40GB MIG 4g.20gb (0),1,,13,[CUDA memcpy Host-to-Device]
14164571383,9504,263474,,,,,,,,,,0.197,20686.701,Pinned,Device,NVIDIA A100-SXM4-40GB MIG 4g.20gb (0),1,,13,[CUDA memcpy Host-to-Device]
14164987154,26656,263475,273,1,1,48,1,1,40,0.000,0.001,,,,,NVIDIA A100-SXM4-40GB MIG 4g.20gb (0),1,,13,"void pusch_noise_intf_est::noiseIntfEstNoDftSOfdmKernel<float, __half, float, float, (unsigned int)2, (unsigned int)1, (unsigned char)4, (unsigned char)4>(pusch_noise_intf_est::puschRxNoiseIntfEstDynDescr)"
14165370926,27743,263486,35,1,1,128,1,1,16,0.000,0.000,,,,,NVIDIA A100-SXM4-40GB MIG 4g.20gb (0),1,,13,cupy_copy__complex64_complex64
14165693674,4320,263495,1,1,1,1,1,1,18,0.000,0.000,,,,,NVIDIA A100-SXM4-40GB MIG 4g.20gb (0),1,,13,cupy_copy__float32_float32
14165703402,2080,263501,,,,,,,,,,0.000,1.923,Device,Pageable,NVIDIA A100-SXM4-40GB MIG 4g.20gb (0),1,,7,[CUDA memcpy Device-to-Host]
14165892808,25663,263512,1434,1,1,128,1,1,16,0.000,0.000,,,,,NVIDIA A100-SXM4-40GB MIG 4g.20gb (0),1,,13,cupy_copy__complex64_complex64
14166284547,7232,263519,103,1,1,128,1,1,16,0.000,0.000,,,,,NVIDIA A100-SXM4-40GB MIG 4g.20gb (0),1,,13,cupy_copy__complex64_complex64
14166571744,4224,263526,35,1,1,128,1,1,16,0.000,0.000,,,,,NVIDIA A100-SXM4-40GB MIG 4g.20gb (0),1,,13,cupy_copy__complex64_complex64
14166990907,7360,263533,1,1,1,1,1,1,18,0.000,0.000,,,,,NVIDIA A100-SXM4-40GB MIG 4g.20gb (0),1,,13,cupy_copy__float32_float32
14167545109,256125,263544,1,1,1,32,32,1,30,0.000,0.000,,,,,NVIDIA A100-SXM4-40GB MIG 4g.20gb (0),1,,13,"void convert_kernel<__half2, float2>(tensor_layout_any, T1 *, tensor_layout_any, const T2 *)"
14167831250,12544,263547,,,,,,,,,,0.094,7469.351,Pinned,Device,NVIDIA A100-SXM4-40GB MIG 4g.20gb (0),1,,13,[CUDA memcpy Host-to-Device]
14168271661,4256,263548,,,,,,,,,,1.547,363397.868,Device,,NVIDIA A100-SXM4-40GB MIG 4g.20gb (0),1,,13,[CUDA memset]
14168284685,10112,263553,,,,,,,,,,0.031,3094.924,Pinned,Device,NVIDIA A100-SXM4-40GB MIG 4g.20gb (0),1,,13,[CUDA memcpy Host-to-Device]
14168302317,13759,263554,,,,,,,,,,0.197,14289.273,Pinned,Device,NVIDIA A100-SXM4-40GB MIG 4g.20gb (0),1,,13,[CUDA memcpy Host-to-Device]
14168695240,36096,263555,273,1,1,8,4,1,39,0.002,0.000,,,,,NVIDIA A100-SXM4-40GB MIG 4g.20gb (0),1,,13,"void channel_eq::eqMmseCoefCompLowMimoKernel<float, float, float, (unsigned int)4, (unsigned int)1, (unsigned int)4>(const channel_eq::_puschRxChEqStatDescr *, channel_eq::_puschRxChEqCoefCompDynDescr)"
14169276162,15007,263556,273,1,1,12,11,1,51,0.002,0.000,,,,,NVIDIA A100-SXM4-40GB MIG 4g.20gb (0),1,,13,"void channel_eq::eqMmseSoftDemapKernel<float, __half, __half, float, (unsigned int)4, (unsigned short)16383>(channel_eq::_puschRxChEqStatDescr *, channel_eq::_puschRxChEqSoftDemapDynDescr)"
14169664573,627897,263557,1,1,1,32,32,1,30,0.000,0.000,,,,,NVIDIA A100-SXM4-40GB MIG 4g.20gb (0),1,,13,"void convert_kernel<float2, __half2>(tensor_layout_any, T1 *, tensor_layout_any, const T2 *)"
14170680402,21536,263569,2253,1,1,128,1,1,16,0.000,0.000,,,,,NVIDIA A100-SXM4-40GB MIG 4g.20gb (0),1,,13,cupy_copy__float16_float16
14171253867,9856,263578,282,1,1,128,1,1,16,0.000,0.000,,,,,NVIDIA A100-SXM4-40GB MIG 4g.20gb (0),1,,13,cupy_copy__complex64_complex64
14171580072,4480,263587,26,1,1,128,1,1,16,0.000,0.000,,,,,NVIDIA A100-SXM4-40GB MIG 4g.20gb (0),1,,13,cupy_copy__float32_float32
14171968547,10496,263596,103,1,1,128,1,1,16,0.000,0.000,,,,,NVIDIA A100-SXM4-40GB MIG 4g.20gb (0),1,,13,cupy_copy__complex64_complex64
14172584348,21120,263612,1434,1,1,128,1,1,16,0.000,0.000,,,,,NVIDIA A100-SXM4-40GB MIG 4g.20gb (0),1,,13,cupy_copy__complex64_complex64
14173408755,226270,263617,1,1,1,32,32,1,30,0.000,0.000,,,,,NVIDIA A100-SXM4-40GB MIG 4g.20gb (0),1,,13,"void convert_kernel<__half2, float2>(tensor_layout_any, T1 *, tensor_layout_any, const T2 *)"
14173663792,5376,263620,,,,,,,,,,0.094,17428.487,Pinned,Device,NVIDIA A100-SXM4-40GB MIG 4g.20gb (0),1,,13,[CUDA memcpy Host-to-Device]
14174546470,1588334,263621,,,,,,,,,,456.561,287177.146,Device,,NVIDIA A100-SXM4-40GB MIG 4g.20gb (0),1,,13,[CUDA memset]
14176142260,62400,263626,,,,,,,,,,1.235,19789.978,Pinned,Device,NVIDIA A100-SXM4-40GB MIG 4g.20gb (0),1,,13,[CUDA memcpy Host-to-Device]
14176207508,10079,263627,,,,,,,,,,0.197,19506.659,Pinned,Device,NVIDIA A100-SXM4-40GB MIG 4g.20gb (0),1,,13,[CUDA memcpy Host-to-Device]
14176729838,29631,263628,69,4,1,48,1,1,76,0.002,0.000,,,,,NVIDIA A100-SXM4-40GB MIG 4g.20gb (0),1,,13,"void ch_est::windowedChEstPreNoDftSOfdmKernel<float, __half, float, (unsigned int)2, (unsigned int)1, (unsigned short)4>(ch_est::puschRxChEstStatDescr_t *, ch_est::puschRxChEstDynDescr_t *)"
14177281991,24512,263629,137,2,1,24,2,1,44,0.001,0.001,,,,,NVIDIA A100-SXM4-40GB MIG 4g.20gb (0),1,,13,"void ch_est::chEstFilterNoDftSOfdmDispatchKernel<float, __half, float, (unsigned int)2>(ch_est::puschRxChEstStatDescr_t *, ch_est::puschRxChEstDynDescr_t *)"
14177572676,14368,263630,137,2,1,24,2,1,44,0.001,0.001,,,,,NVIDIA A100-SXM4-40GB MIG 4g.20gb (0),1,,13,"void ch_est::chEstFilterNoDftSOfdmDispatchKernel<float, __half, float, (unsigned int)2>(ch_est::puschRxChEstStatDescr_t *, ch_est::puschRxChEstDynDescr_t *)"
14178452538,8000,263641,103,1,1,128,1,1,16,0.000,0.000,,,,,NVIDIA A100-SXM4-40GB MIG 4g.20gb (0),1,,13,cupy_copy__complex64_complex64
14178784215,21695,263651,1434,1,1,128,1,1,16,0.000,0.000,,,,,NVIDIA A100-SXM4-40GB MIG 4g.20gb (0),1,,13,cupy_copy__complex64_complex64
14179463087,4320,263658,103,1,1,128,1,1,16,0.000,0.000,,,,,NVIDIA A100-SXM4-40GB MIG 4g.20gb (0),1,,13,cupy_copy__complex64_complex64
14179844427,253117,263665,1,1,1,32,32,1,30,0.000,0.000,,,,,NVIDIA A100-SXM4-40GB MIG 4g.20gb (0),1,,13,"void convert_kernel<__half2, float2>(tensor_layout_any, T1 *, tensor_layout_any, const T2 *)"
14180127911,5984,263668,,,,,,,,,,0.094,15657.726,Pinned,Device,NVIDIA A100-SXM4-40GB MIG 4g.20gb (0),1,,13,[CUDA memcpy Host-to-Device]
14180858559,58367,263669,,,,,,,,,,35.810,613495.549,Device,,NVIDIA A100-SXM4-40GB MIG 4g.20gb (0),1,,13,[CUDA memset]
14180930014,5952,263671,,,,,,,,,,0.000,13.441,Pinned,Device,NVIDIA A100-SXM4-40GB MIG 4g.20gb (0),1,,13,[CUDA memcpy Host-to-Device]
14180938494,10016,263672,,,,,,,,,,0.197,19629.343,Pinned,Device,NVIDIA A100-SXM4-40GB MIG 4g.20gb (0),1,,13,[CUDA memcpy Host-to-Device]
14181340570,37343,263673,273,1,1,48,1,1,40,0.000,0.001,,,,,NVIDIA A100-SXM4-40GB MIG 4g.20gb (0),1,,13,"void pusch_noise_intf_est::noiseIntfEstNoDftSOfdmKernel<float, __half, float, float, (unsigned int)2, (unsigned int)1, (unsigned char)4, (unsigned char)4>(pusch_noise_intf_est::puschRxNoiseIntfEstDynDescr)"
14182341198,9696,263684,35,1,1,128,1,1,16,0.000,0.000,,,,,NVIDIA A100-SXM4-40GB MIG 4g.20gb (0),1,,13,cupy_copy__complex64_complex64
14182666507,5408,263693,1,1,1,1,1,1,18,0.000,0.000,,,,,NVIDIA A100-SXM4-40GB MIG 4g.20gb (0),1,,13,cupy_copy__float32_float32
14182676459,2304,263699,,,,,,,,,,0.000,1.736,Device,Pageable,NVIDIA A100-SXM4-40GB MIG 4g.20gb (0),1,,7,[CUDA memcpy Device-to-Host]
14183002567,16832,263710,1434,1,1,128,1,1,16,0.000,0.000,,,,,NVIDIA A100-SXM4-40GB MIG 4g.20gb (0),1,,13,cupy_copy__complex64_complex64
14183920221,8768,263717,103,1,1,128,1,1,16,0.000,0.000,,,,,NVIDIA A100-SXM4-40GB MIG 4g.20gb (0),1,,13,cupy_copy__complex64_complex64
14184873554,14944,263724,35,1,1,128,1,1,16,0.000,0.000,,,,,NVIDIA A100-SXM4-40GB MIG 4g.20gb (0),1,,13,cupy_copy__complex64_complex64
14185103439,7168,263731,1,1,1,1,1,1,18,0.000,0.000,,,,,NVIDIA A100-SXM4-40GB MIG 4g.20gb (0),1,,13,cupy_copy__float32_float32
14186072484,706552,263742,1,1,1,32,32,1,30,0.000,0.000,,,,,NVIDIA A100-SXM4-40GB MIG 4g.20gb (0),1,,13,"void convert_kernel<__half2, float2>(tensor_layout_any, T1 *, tensor_layout_any, const T2 *)"
14186810204,13056,263745,,,,,,,,,,0.094,7176.458,Pinned,Device,NVIDIA A100-SXM4-40GB MIG 4g.20gb (0),1,,13,[CUDA memcpy Host-to-Device]
14187181176,8832,263746,,,,,,,,,,1.547,175114.956,Device,,NVIDIA A100-SXM4-40GB MIG 4g.20gb (0),1,,13,[CUDA memset]
14187195928,8288,263751,,,,,,,,,,0.031,3776.050,Pinned,Device,NVIDIA A100-SXM4-40GB MIG 4g.20gb (0),1,,13,[CUDA memcpy Host-to-Device]
14187211992,16031,263752,,,,,,,,,,0.197,12264.210,Pinned,Device,NVIDIA A100-SXM4-40GB MIG 4g.20gb (0),1,,13,[CUDA memcpy Host-to-Device]
14187736466,24767,263753,273,1,1,8,4,1,39,0.002,0.000,,,,,NVIDIA A100-SXM4-40GB MIG 4g.20gb (0),1,,13,"void channel_eq::eqMmseCoefCompLowMimoKernel<float, float, float, (unsigned int)4, (unsigned int)1, (unsigned int)4>(const channel_eq::_puschRxChEqStatDescr *, channel_eq::_puschRxChEqCoefCompDynDescr)"
14188752614,29984,263754,273,1,1,12,11,1,51,0.002,0.000,,,,,NVIDIA A100-SXM4-40GB MIG 4g.20gb (0),1,,13,"void channel_eq::eqMmseSoftDemapKernel<float, __half, __half, float, (unsigned int)4, (unsigned short)16383>(channel_eq::_puschRxChEqStatDescr *, channel_eq::_puschRxChEqSoftDemapDynDescr)"
14189868442,1152627,263755,1,1,1,32,32,1,30,0.000,0.000,,,,,NVIDIA A100-SXM4-40GB MIG 4g.20gb (0),1,,13,"void convert_kernel<float2, __half2>(tensor_layout_any, T1 *, tensor_layout_any, const T2 *)"
14191981090,21888,263767,2253,1,1,128,1,1,16,0.000,0.000,,,,,NVIDIA A100-SXM4-40GB MIG 4g.20gb (0),1,,13,cupy_copy__float16_float16
14192990902,5504,263776,282,1,1,128,1,1,16,0.000,0.000,,,,,NVIDIA A100-SXM4-40GB MIG 4g.20gb (0),1,,13,cupy_copy__complex64_complex64
14193856749,7168,263785,26,1,1,128,1,1,16,0.000,0.000,,,,,NVIDIA A100-SXM4-40GB MIG 4g.20gb (0),1,,13,cupy_copy__float32_float32
14194711811,12096,263794,103,1,1,128,1,1,16,0.000,0.000,,,,,NVIDIA A100-SXM4-40GB MIG 4g.20gb (0),1,,13,cupy_copy__complex64_complex64
14195297852,19808,263804,1434,1,1,128,1,1,16,0.000,0.000,,,,,NVIDIA A100-SXM4-40GB MIG 4g.20gb (0),1,,13,cupy_copy__complex64_complex64
14196225618,251741,263809,1,1,1,32,32,1,30,0.000,0.000,,,,,NVIDIA A100-SXM4-40GB MIG 4g.20gb (0),1,,13,"void convert_kernel<__half2, float2>(tensor_layout_any, T1 *, tensor_layout_any, const T2 *)"
14196510063,5696,263812,,,,,,,,,,0.094,16449.363,Pinned,Device,NVIDIA A100-SXM4-40GB MIG 4g.20gb (0),1,,13,[CUDA memcpy Host-to-Device]
14196650637,617337,263813,,,,,,,,,,456.561,739172.971,Device,,NVIDIA A100-SXM4-40GB MIG 4g.20gb (0),1,,13,[CUDA memset]
14197270118,48256,263818,,,,,,,,,,1.235,25590.510,Pinned,Device,NVIDIA A100-SXM4-40GB MIG 4g.20gb (0),1,,13,[CUDA memcpy Host-to-Device]
14197320454,12000,263819,,,,,,,,,,0.197,16383.934,Pinned,Device,NVIDIA A100-SXM4-40GB MIG 4g.20gb (0),1,,13,[CUDA memcpy Host-to-Device]
14198185820,20768,263820,69,4,1,48,1,1,76,0.002,0.000,,,,,NVIDIA A100-SXM4-40GB MIG 4g.20gb (0),1,,13,"void ch_est::windowedChEstPreNoDftSOfdmKernel<float, __half, float, (unsigned int)2, (unsigned int)1, (unsigned short)4>(ch_est::puschRxChEstStatDescr_t *, ch_est::puschRxChEstDynDescr_t *)"
14198604695,35200,263821,137,2,1,24,2,1,44,0.001,0.001,,,,,NVIDIA A100-SXM4-40GB MIG 4g.20gb (0),1,,13,"void ch_est::chEstFilterNoDftSOfdmDispatchKernel<float, __half, float, (unsigned int)2>(ch_est::puschRxChEstStatDescr_t *, ch_est::puschRxChEstDynDescr_t *)"
14199546125,44607,263822,137,2,1,24,2,1,44,0.001,0.001,,,,,NVIDIA A100-SXM4-40GB MIG 4g.20gb (0),1,,13,"void ch_est::chEstFilterNoDftSOfdmDispatchKernel<float, __half, float, (unsigned int)2>(ch_est::puschRxChEstStatDescr_t *, ch_est::puschRxChEstDynDescr_t *)"
14200444866,12128,263833,103,1,1,128,1,1,16,0.000,0.000,,,,,NVIDIA A100-SXM4-40GB MIG 4g.20gb (0),1,,13,cupy_copy__complex64_complex64
14200541505,22720,263843,1434,1,1,128,1,1,16,0.000,0.000,,,,,NVIDIA A100-SXM4-40GB MIG 4g.20gb (0),1,,13,cupy_copy__complex64_complex64
14200927805,6432,263850,103,1,1,128,1,1,16,0.000,0.000,,,,,NVIDIA A100-SXM4-40GB MIG 4g.20gb (0),1,,13,cupy_copy__complex64_complex64
14201625077,252733,263857,1,1,1,32,32,1,30,0.000,0.000,,,,,NVIDIA A100-SXM4-40GB MIG 4g.20gb (0),1,,13,"void convert_kernel<__half2, float2>(tensor_layout_any, T1 *, tensor_layout_any, const T2 *)"
14201910066,10048,263860,,,,,,,,,,0.094,9324.813,Pinned,Device,NVIDIA A100-SXM4-40GB MIG 4g.20gb (0),1,,13,[CUDA memcpy Host-to-Device]
14202041296,55584,263861,,,,,,,,,,35.810,644220.461,Device,,NVIDIA A100-SXM4-40GB MIG 4g.20gb (0),1,,13,[CUDA memset]
14202102576,3360,263863,,,,,,,,,,0.000,23.810,Pinned,Device,NVIDIA A100-SXM4-40GB MIG 4g.20gb (0),1,,13,[CUDA memcpy Host-to-Device]
14202111856,9760,263864,,,,,,,,,,0.197,20144.259,Pinned,Device,NVIDIA A100-SXM4-40GB MIG 4g.20gb (0),1,,13,[CUDA memcpy Host-to-Device]
14203186308,25535,263865,273,1,1,48,1,1,40,0.000,0.001,,,,,NVIDIA A100-SXM4-40GB MIG 4g.20gb (0),1,,13,"void pusch_noise_intf_est::noiseIntfEstNoDftSOfdmKernel<float, __half, float, float, (unsigned int)2, (unsigned int)1, (unsigned char)4, (unsigned char)4>(pusch_noise_intf_est::puschRxNoiseIntfEstDynDescr)"
14204067418,11135,263876,35,1,1,128,1,1,16,0.000,0.000,,,,,NVIDIA A100-SXM4-40GB MIG 4g.20gb (0),1,,13,cupy_copy__complex64_complex64
14204390998,3936,263885,1,1,1,1,1,1,18,0.000,0.000,,,,,NVIDIA A100-SXM4-40GB MIG 4g.20gb (0),1,,13,cupy_copy__float32_float32
14204400662,4928,263891,,,,,,,,,,0.000,0.812,Device,Pageable,NVIDIA A100-SXM4-40GB MIG 4g.20gb (0),1,,7,[CUDA memcpy Device-to-Host]
14204581364,21280,263902,1434,1,1,128,1,1,16,0.000,0.000,,,,,NVIDIA A100-SXM4-40GB MIG 4g.20gb (0),1,,13,cupy_copy__complex64_complex64
14205354283,5120,263909,103,1,1,128,1,1,16,0.000,0.000,,,,,NVIDIA A100-SXM4-40GB MIG 4g.20gb (0),1,,13,cupy_copy__complex64_complex64
14205559849,11168,263916,35,1,1,128,1,1,16,0.000,0.000,,,,,NVIDIA A100-SXM4-40GB MIG 4g.20gb (0),1,,13,cupy_copy__complex64_complex64
14205943652,4096,263923,1,1,1,1,1,1,18,0.000,0.000,,,,,NVIDIA A100-SXM4-40GB MIG 4g.20gb (0),1,,13,cupy_copy__float32_float32
14206696060,730552,263934,1,1,1,32,32,1,30,0.000,0.000,,,,,NVIDIA A100-SXM4-40GB MIG 4g.20gb (0),1,,13,"void convert_kernel<__half2, float2>(tensor_layout_any, T1 *, tensor_layout_any, const T2 *)"
14207457267,5952,263937,,,,,,,,,,0.094,15741.865,Pinned,Device,NVIDIA A100-SXM4-40GB MIG 4g.20gb (0),1,,13,[CUDA memcpy Host-to-Device]
14207791920,9088,263938,,,,,,,,,,1.547,170182.772,Device,,NVIDIA A100-SXM4-40GB MIG 4g.20gb (0),1,,13,[CUDA memset]
14207802576,5855,263943,,,,,,,,,,0.031,5345.169,Pinned,Device,NVIDIA A100-SXM4-40GB MIG 4g.20gb (0),1,,13,[CUDA memcpy Host-to-Device]
14207814127,12544,263944,,,,,,,,,,0.197,15673.393,Pinned,Device,NVIDIA A100-SXM4-40GB MIG 4g.20gb (0),1,,13,[CUDA memcpy Host-to-Device]
14208205419,33312,263945,273,1,1,8,4,1,39,0.002,0.000,,,,,NVIDIA A100-SXM4-40GB MIG 4g.20gb (0),1,,13,"void channel_eq::eqMmseCoefCompLowMimoKernel<float, float, float, (unsigned int)4, (unsigned int)1, (unsigned int)4>(const channel_eq::_puschRxChEqStatDescr *, channel_eq::_puschRxChEqCoefCompDynDescr)"
14208664710,518234,263946,273,1,1,12,11,1,51,0.002,0.000,,,,,NVIDIA A100-SXM4-40GB MIG 4g.20gb (0),1,,13,"void channel_eq::eqMmseSoftDemapKernel<float, __half, __half, float, (unsigned int)4, (unsigned short)16383>(channel_eq::_puschRxChEqStatDescr *, channel_eq::_puschRxChEqSoftDemapDynDescr)"
14209473309,1078868,263947,1,1,1,32,32,1,30,0.000,0.000,,,,,NVIDIA A100-SXM4-40GB MIG 4g.20gb (0),1,,13,"void convert_kernel<float2, __half2>(tensor_layout_any, T1 *, tensor_layout_any, const T2 *)"
14210910253,17247,263959,2253,1,1,128,1,1,16,0.000,0.000,,,,,NVIDIA A100-SXM4-40GB MIG 4g.20gb (0),1,,13,cupy_copy__float16_float16
14211563397,5536,263968,282,1,1,128,1,1,16,0.000,0.000,,,,,NVIDIA A100-SXM4-40GB MIG 4g.20gb (0),1,,13,cupy_copy__complex64_complex64
14212188286,7392,263977,26,1,1,128,1,1,16,0.000,0.000,,,,,NVIDIA A100-SXM4-40GB MIG 4g.20gb (0),1,,13,cupy_copy__float32_float32
14212297789,15488,263986,103,1,1,128,1,1,16,0.000,0.000,,,,,NVIDIA A100-SXM4-40GB MIG 4g.20gb (0),1,,13,cupy_copy__complex64_complex64
14212677817,22495,263996,1434,1,1,128,1,1,16,0.000,0.000,,,,,NVIDIA A100-SXM4-40GB MIG 4g.20gb (0),1,,13,cupy_copy__complex64_complex64
14213325201,243390,264001,1,1,1,32,32,1,30,0.000,0.000,,,,,NVIDIA A100-SXM4-40GB MIG 4g.20gb (0),1,,13,"void convert_kernel<__half2, float2>(tensor_layout_any, T1 *, tensor_layout_any, const T2 *)"
14213599886,5920,264004,,,,,,,,,,0.094,15826.941,Pinned,Device,NVIDIA A100-SXM4-40GB MIG 4g.20gb (0),1,,13,[CUDA memcpy Host-to-Device]
14214119272,612249,264005,,,,,,,,,,456.561,745564.832,Device,,NVIDIA A100-SXM4-40GB MIG 4g.20gb (0),1,,13,[CUDA memset]
14214737089,66560,264010,,,,,,,,,,1.235,18553.799,Pinned,Device,NVIDIA A100-SXM4-40GB MIG 4g.20gb (0),1,,13,[CUDA memcpy Host-to-Device]
14214806529,14751,264011,,,,,,,,,,0.197,13328.450,Pinned,Device,NVIDIA A100-SXM4-40GB MIG 4g.20gb (0),1,,13,[CUDA memcpy Host-to-Device]
14215429274,20255,264012,69,4,1,48,1,1,76,0.002,0.000,,,,,NVIDIA A100-SXM4-40GB MIG 4g.20gb (0),1,,13,"void ch_est::windowedChEstPreNoDftSOfdmKernel<float, __half, float, (unsigned int)2, (unsigned int)1, (unsigned short)4>(ch_est::puschRxChEstStatDescr_t *, ch_est::puschRxChEstDynDescr_t *)"
14216124818,24319,264013,137,2,1,24,2,1,44,0.001,0.001,,,,,NVIDIA A100-SXM4-40GB MIG 4g.20gb (0),1,,13,"void ch_est::chEstFilterNoDftSOfdmDispatchKernel<float, __half, float, (unsigned int)2>(ch_est::puschRxChEstStatDescr_t *, ch_est::puschRxChEstDynDescr_t *)"
14216774410,24544,264014,137,2,1,24,2,1,44,0.001,0.001,,,,,NVIDIA A100-SXM4-40GB MIG 4g.20gb (0),1,,13,"void ch_est::chEstFilterNoDftSOfdmDispatchKernel<float, __half, float, (unsigned int)2>(ch_est::puschRxChEstStatDescr_t *, ch_est::puschRxChEstDynDescr_t *)"
14217412195,6432,264025,103,1,1,128,1,1,16,0.000,0.000,,,,,NVIDIA A100-SXM4-40GB MIG 4g.20gb (0),1,,13,cupy_copy__complex64_complex64
14217796287,16896,264035,1434,1,1,128,1,1,16,0.000,0.000,,,,,NVIDIA A100-SXM4-40GB MIG 4g.20gb (0),1,,13,cupy_copy__complex64_complex64
14218221818,9728,264042,103,1,1,128,1,1,16,0.000,0.000,,,,,NVIDIA A100-SXM4-40GB MIG 4g.20gb (0),1,,13,cupy_copy__complex64_complex64
14218916146,198142,264049,1,1,1,32,32,1,30,0.000,0.000,,,,,NVIDIA A100-SXM4-40GB MIG 4g.20gb (0),1,,13,"void convert_kernel<__half2, float2>(tensor_layout_any, T1 *, tensor_layout_any, const T2 *)"
14219148560,5760,264052,,,,,,,,,,0.094,16266.656,Pinned,Device,NVIDIA A100-SXM4-40GB MIG 4g.20gb (0),1,,13,[CUDA memcpy Host-to-Device]
14219597899,55391,264053,,,,,,,,,,35.810,646476.486,Device,,NVIDIA A100-SXM4-40GB MIG 4g.20gb (0),1,,13,[CUDA memset]
14219655338,5376,264055,,,,,,,,,,0.000,14.881,Pinned,Device,NVIDIA A100-SXM4-40GB MIG 4g.20gb (0),1,,13,[CUDA memcpy Host-to-Device]
14219666602,15136,264056,,,,,,,,,,0.197,12989.301,Pinned,Device,NVIDIA A100-SXM4-40GB MIG 4g.20gb (0),1,,13,[CUDA memcpy Host-to-Device]
14220344194,23456,264057,273,1,1,48,1,1,40,0.000,0.001,,,,,NVIDIA A100-SXM4-40GB MIG 4g.20gb (0),1,,13,"void pusch_noise_intf_est::noiseIntfEstNoDftSOfdmKernel<float, __half, float, float, (unsigned int)2, (unsigned int)1, (unsigned char)4, (unsigned char)4>(pusch_noise_intf_est::puschRxNoiseIntfEstDynDescr)"
14220773245,10944,264068,35,1,1,128,1,1,16,0.000,0.000,,,,,NVIDIA A100-SXM4-40GB MIG 4g.20gb (0),1,,13,cupy_copy__complex64_complex64
14221156569,3872,264077,1,1,1,1,1,1,18,0.000,0.000,,,,,NVIDIA A100-SXM4-40GB MIG 4g.20gb (0),1,,13,cupy_copy__float32_float32
14221163641,4352,264083,,,,,,,,,,0.000,0.919,Device,Pageable,NVIDIA A100-SXM4-40GB MIG 4g.20gb (0),1,,7,[CUDA memcpy Device-to-Host]
14221609748,20800,264094,1434,1,1,128,1,1,16,0.000,0.000,,,,,NVIDIA A100-SXM4-40GB MIG 4g.20gb (0),1,,13,cupy_copy__complex64_complex64
14221995280,11167,264101,103,1,1,128,1,1,16,0.000,0.000,,,,,NVIDIA A100-SXM4-40GB MIG 4g.20gb (0),1,,13,cupy_copy__complex64_complex64
14222080879,7776,264108,35,1,1,128,1,1,16,0.000,0.000,,,,,NVIDIA A100-SXM4-40GB MIG 4g.20gb (0),1,,13,cupy_copy__complex64_complex64
14222916581,4768,264115,1,1,1,1,1,1,18,0.000,0.000,,,,,NVIDIA A100-SXM4-40GB MIG 4g.20gb (0),1,,13,cupy_copy__float32_float32
14223236162,272573,264126,1,1,1,32,32,1,30,0.000,0.000,,,,,NVIDIA A100-SXM4-40GB MIG 4g.20gb (0),1,,13,"void convert_kernel<__half2, float2>(tensor_layout_any, T1 *, tensor_layout_any, const T2 *)"
14223537502,5376,264129,,,,,,,,,,0.094,17428.487,Pinned,Device,NVIDIA A100-SXM4-40GB MIG 4g.20gb (0),1,,13,[CUDA memcpy Host-to-Device]
14224327253,8736,264130,,,,,,,,,,1.547,177038.956,Device,,NVIDIA A100-SXM4-40GB MIG 4g.20gb (0),1,,13,[CUDA memset]
14224341845,7136,264135,,,,,,,,,,0.031,4385.634,Pinned,Device,NVIDIA A100-SXM4-40GB MIG 4g.20gb (0),1,,13,[CUDA memcpy Host-to-Device]
14224351573,13248,264136,,,,,,,,,,0.197,14840.562,Pinned,Device,NVIDIA A100-SXM4-40GB MIG 4g.20gb (0),1,,13,[CUDA memcpy Host-to-Device]
14224759376,34560,264137,273,1,1,8,4,1,39,0.002,0.000,,,,,NVIDIA A100-SXM4-40GB MIG 4g.20gb (0),1,,13,"void channel_eq::eqMmseCoefCompLowMimoKernel<float, float, float, (unsigned int)4, (unsigned int)1, (unsigned int)4>(const channel_eq::_puschRxChEqStatDescr *, channel_eq::_puschRxChEqCoefCompDynDescr)"
14225715110,22047,264138,273,1,1,12,11,1,51,0.002,0.000,,,,,NVIDIA A100-SXM4-40GB MIG 4g.20gb (0),1,,13,"void channel_eq::eqMmseSoftDemapKernel<float, __half, __half, float, (unsigned int)4, (unsigned short)16383>(channel_eq::_puschRxChEqStatDescr *, channel_eq::_puschRxChEqSoftDemapDynDescr)"
14227311508,1081044,264139,1,1,1,32,32,1,30,0.000,0.000,,,,,NVIDIA A100-SXM4-40GB MIG 4g.20gb (0),1,,13,"void convert_kernel<float2, __half2>(tensor_layout_any, T1 *, tensor_layout_any, const T2 *)"
14229220382,16832,264151,2253,1,1,128,1,1,16,0.000,0.000,,,,,NVIDIA A100-SXM4-40GB MIG 4g.20gb (0),1,,13,cupy_copy__float16_float16
14230431313,14719,264160,282,1,1,128,1,1,16,0.000,0.000,,,,,NVIDIA A100-SXM4-40GB MIG 4g.20gb (0),1,,13,cupy_copy__complex64_complex64
14231564132,7680,264169,26,1,1,128,1,1,16,0.000,0.000,,,,,NVIDIA A100-SXM4-40GB MIG 4g.20gb (0),1,,13,cupy_copy__float32_float32
14231971903,11488,264178,103,1,1,128,1,1,16,0.000,0.000,,,,,NVIDIA A100-SXM4-40GB MIG 4g.20gb (0),1,,13,cupy_copy__complex64_complex64
14232801014,18624,264188,1434,1,1,128,1,1,16,0.000,0.000,,,,,NVIDIA A100-SXM4-40GB MIG 4g.20gb (0),1,,13,cupy_copy__complex64_complex64
14233180978,695000,264193,1,1,1,32,32,1,30,0.000,0.000,,,,,NVIDIA A100-SXM4-40GB MIG 4g.20gb (0),1,,13,"void convert_kernel<__half2, float2>(tensor_layout_any, T1 *, tensor_layout_any, const T2 *)"
14233908905,7424,264196,,,,,,,,,,0.094,12620.664,Pinned,Device,NVIDIA A100-SXM4-40GB MIG 4g.20gb (0),1,,13,[CUDA memcpy Host-to-Device]
14234366980,1106772,264197,,,,,,,,,,456.561,412274.980,Device,,NVIDIA A100-SXM4-40GB MIG 4g.20gb (0),1,,13,[CUDA memset]
14235475544,70815,264202,,,,,,,,,,1.235,17438.644,Pinned,Device,NVIDIA A100-SXM4-40GB MIG 4g.20gb (0),1,,13,[CUDA memcpy Host-to-Device]
14235549175,11232,264203,,,,,,,,,,0.197,17504.207,Pinned,Device,NVIDIA A100-SXM4-40GB MIG 4g.20gb (0),1,,13,[CUDA memcpy Host-to-Device]
14236679946,22816,264204,69,4,1,48,1,1,76,0.002,0.000,,,,,NVIDIA A100-SXM4-40GB MIG 4g.20gb (0),1,,13,"void ch_est::windowedChEstPreNoDftSOfdmKernel<float, __half, float, (unsigned int)2, (unsigned int)1, (unsigned short)4>(ch_est::puschRxChEstStatDescr_t *, ch_est::puschRxChEstDynDescr_t *)"
14238294456,40799,264205,137,2,1,24,2,1,44,0.001,0.001,,,,,NVIDIA A100-SXM4-40GB MIG 4g.20gb (0),1,,13,"void ch_est::chEstFilterNoDftSOfdmDispatchKernel<float, __half, float, (unsigned int)2>(ch_est::puschRxChEstStatDescr_t *, ch_est::puschRxChEstDynDescr_t *)"
14239377516,18592,264206,137,2,1,24,2,1,44,0.001,0.001,,,,,NVIDIA A100-SXM4-40GB MIG 4g.20gb (0),1,,13,"void ch_est::chEstFilterNoDftSOfdmDispatchKernel<float, __half, float, (unsigned int)2>(ch_est::puschRxChEstStatDescr_t *, ch_est::puschRxChEstDynDescr_t *)"
14240359745,7392,264217,103,1,1,128,1,1,16,0.000,0.000,,,,,NVIDIA A100-SXM4-40GB MIG 4g.20gb (0),1,,13,cupy_copy__complex64_complex64
14241222103,20704,264227,1434,1,1,128,1,1,16,0.000,0.000,,,,,NVIDIA A100-SXM4-40GB MIG 4g.20gb (0),1,,13,cupy_copy__complex64_complex64
14242383050,7936,264234,103,1,1,128,1,1,16,0.000,0.000,,,,,NVIDIA A100-SXM4-40GB MIG 4g.20gb (0),1,,13,cupy_copy__complex64_complex64
14243227328,718136,264241,1,1,1,32,32,1,30,0.000,0.000,,,,,NVIDIA A100-SXM4-40GB MIG 4g.20gb (0),1,,13,"void convert_kernel<__half2, float2>(tensor_layout_any, T1 *, tensor_layout_any, const T2 *)"
14243976728,6976,264244,,,,,,,,,,0.094,13431.134,Pinned,Device,NVIDIA A100-SXM4-40GB MIG 4g.20gb (0),1,,13,[CUDA memcpy Host-to-Device]
14244901229,56576,264245,,,,,,,,,,35.810,632940.336,Device,,NVIDIA A100-SXM4-40GB MIG 4g.20gb (0),1,,13,[CUDA memset]
14244966157,2112,264247,,,,,,,,,,0.000,37.879,Pinned,Device,NVIDIA A100-SXM4-40GB MIG 4g.20gb (0),1,,13,[CUDA memcpy Host-to-Device]
14244978093,9728,264248,,,,,,,,,,0.197,20210.516,Pinned,Device,NVIDIA A100-SXM4-40GB MIG 4g.20gb (0),1,,13,[CUDA memcpy Host-to-Device]
14245889666,40128,264249,273,1,1,48,1,1,40,0.000,0.001,,,,,NVIDIA A100-SXM4-40GB MIG 4g.20gb (0),1,,13,"void pusch_noise_intf_est::noiseIntfEstNoDftSOfdmKernel<float, __half, float, float, (unsigned int)2, (unsigned int)1, (unsigned char)4, (unsigned char)4>(pusch_noise_intf_est::puschRxNoiseIntfEstDynDescr)"
14246789272,11744,264260,35,1,1,128,1,1,16,0.000,0.000,,,,,NVIDIA A100-SXM4-40GB MIG 4g.20gb (0),1,,13,cupy_copy__complex64_complex64
14247635407,3712,264269,1,1,1,1,1,1,18,0.000,0.000,,,,,NVIDIA A100-SXM4-40GB MIG 4g.20gb (0),1,,13,cupy_copy__float32_float32
14247644399,5696,264275,,,,,,,,,,0.000,0.702,Device,Pageable,NVIDIA A100-SXM4-40GB MIG 4g.20gb (0),1,,7,[CUDA memcpy Device-to-Host]
14248097417,20544,264286,1434,1,1,128,1,1,16,0.000,0.000,,,,,NVIDIA A100-SXM4-40GB MIG 4g.20gb (0),1,,13,cupy_copy__complex64_complex64
14248955040,7392,264293,103,1,1,128,1,1,16,0.000,0.000,,,,,NVIDIA A100-SXM4-40GB MIG 4g.20gb (0),1,,13,cupy_copy__complex64_complex64
14249539481,12800,264300,35,1,1,128,1,1,16,0.000,0.000,,,,,NVIDIA A100-SXM4-40GB MIG 4g.20gb (0),1,,13,cupy_copy__complex64_complex64
14249911733,3776,264307,1,1,1,1,1,1,18,0.000,0.000,,,,,NVIDIA A100-SXM4-40GB MIG 4g.20gb (0),1,,13,cupy_copy__float32_float32
14250451567,256477,264318,1,1,1,32,32,1,30,0.000,0.000,,,,,NVIDIA A100-SXM4-40GB MIG 4g.20gb (0),1,,13,"void convert_kernel<__half2, float2>(tensor_layout_any, T1 *, tensor_layout_any, const T2 *)"
14250744748,5920,264321,,,,,,,,,,0.094,15826.941,Pinned,Device,NVIDIA A100-SXM4-40GB MIG 4g.20gb (0),1,,13,[CUDA memcpy Host-to-Device]
14250853482,9248,264322,,,,,,,,,,1.547,167238.000,Device,,NVIDIA A100-SXM4-40GB MIG 4g.20gb (0),1,,13,[CUDA memset]
14250864010,7136,264327,,,,,,,,,,0.031,4385.634,Pinned,Device,NVIDIA A100-SXM4-40GB MIG 4g.20gb (0),1,,13,[CUDA memcpy Host-to-Device]
14250876458,18656,264328,,,,,,,,,,0.197,10538.582,Pinned,Device,NVIDIA A100-SXM4-40GB MIG 4g.20gb (0),1,,13,[CUDA memcpy Host-to-Device]
14251263654,501978,264329,273,1,1,8,4,1,39,0.002,0.000,,,,,NVIDIA A100-SXM4-40GB MIG 4g.20gb (0),1,,13,"void channel_eq::eqMmseCoefCompLowMimoKernel<float, float, float, (unsigned int)4, (unsigned int)1, (unsigned int)4>(const channel_eq::_puschRxChEqStatDescr *, channel_eq::_puschRxChEqCoefCompDynDescr)"
14252145500,28384,264330,273,1,1,12,11,1,51,0.002,0.000,,,,,NVIDIA A100-SXM4-40GB MIG 4g.20gb (0),1,,13,"void channel_eq::eqMmseSoftDemapKernel<float, __half, __half, float, (unsigned int)4, (unsigned short)16383>(channel_eq::_puschRxChEqStatDescr *, channel_eq::_puschRxChEqSoftDemapDynDescr)"
14252964563,1674989,264331,1,1,1,32,32,1,30,0.000,0.000,,,,,NVIDIA A100-SXM4-40GB MIG 4g.20gb (0),1,,13,"void convert_kernel<float2, __half2>(tensor_layout_any, T1 *, tensor_layout_any, const T2 *)"
14255027387,18944,264343,2253,1,1,128,1,1,16,0.000,0.000,,,,,NVIDIA A100-SXM4-40GB MIG 4g.20gb (0),1,,13,cupy_copy__float16_float16
14255794259,6176,264352,282,1,1,128,1,1,16,0.000,0.000,,,,,NVIDIA A100-SXM4-40GB MIG 4g.20gb (0),1,,13,cupy_copy__complex64_complex64
14256543978,10144,264361,26,1,1,128,1,1,16,0.000,0.000,,,,,NVIDIA A100-SXM4-40GB MIG 4g.20gb (0),1,,13,cupy_copy__float32_float32
14256963718,12447,264370,103,1,1,128,1,1,16,0.000,0.000,,,,,NVIDIA A100-SXM4-40GB MIG 4g.20gb (0),1,,13,cupy_copy__complex64_complex64
14257812860,21088,264380,1434,1,1,128,1,1,16,0.000,0.000,,,,,NVIDIA A100-SXM4-40GB MIG 4g.20gb (0),1,,13,cupy_copy__complex64_complex64
14258512884,254685,264385,1,1,1,32,32,1,30,0.000,0.000,,,,,NVIDIA A100-SXM4-40GB MIG 4g.20gb (0),1,,13,"void convert_kernel<__half2, float2>(tensor_layout_any, T1 *, tensor_layout_any, const T2 *)"
14258798417,5472,264388,,,,,,,,,,0.094,17122.757,Pinned,Device,NVIDIA A100-SXM4-40GB MIG 4g.20gb (0),1,,13,[CUDA memcpy Host-to-Device]
14259474857,1112724,264389,,,,,,,,,,456.561,409992.173,Device,,NVIDIA A100-SXM4-40GB MIG 4g.20gb (0),1,,13,[CUDA memset]
14260595389,62815,264394,,,,,,,,,,1.235,19659.074,Pinned,Device,NVIDIA A100-SXM4-40GB MIG 4g.20gb (0),1,,13,[CUDA memcpy Host-to-Device]
14260660956,9760,264395,,,,,,,,,,0.197,20144.259,Pinned,Device,NVIDIA A100-SXM4-40GB MIG 4g.20gb (0),1,,13,[CUDA memcpy Host-to-Device]
14261544146,29792,264396,69,4,1,48,1,1,76,0.002,0.000,,,,,NVIDIA A100-SXM4-40GB MIG 4g.20gb (0),1,,13,"void ch_est::windowedChEstPreNoDftSOfdmKernel<float, __half, float, (unsigned int)2, (unsigned int)1, (unsigned short)4>(ch_est::puschRxChEstStatDescr_t *, ch_est::puschRxChEstDynDescr_t *)"
14261993197,27552,264397,137,2,1,24,2,1,44,0.001,0.001,,,,,NVIDIA A100-SXM4-40GB MIG 4g.20gb (0),1,,13,"void ch_est::chEstFilterNoDftSOfdmDispatchKernel<float, __half, float, (unsigned int)2>(ch_est::puschRxChEstStatDescr_t *, ch_est::puschRxChEstDynDescr_t *)"
14262434952,17088,264398,137,2,1,24,2,1,44,0.001,0.001,,,,,NVIDIA A100-SXM4-40GB MIG 4g.20gb (0),1,,13,"void ch_est::chEstFilterNoDftSOfdmDispatchKernel<float, __half, float, (unsigned int)2>(ch_est::puschRxChEstStatDescr_t *, ch_est::puschRxChEstDynDescr_t *)"
14262920610,6624,264409,103,1,1,128,1,1,16,0.000,0.000,,,,,NVIDIA A100-SXM4-40GB MIG 4g.20gb (0),1,,13,cupy_copy__complex64_complex64
14263133728,23040,264419,1434,1,1,128,1,1,16,0.000,0.000,,,,,NVIDIA A100-SXM4-40GB MIG 4g.20gb (0),1,,13,cupy_copy__complex64_complex64
14263564571,8736,264426,103,1,1,128,1,1,16,0.000,0.000,,,,,NVIDIA A100-SXM4-40GB MIG 4g.20gb (0),1,,13,cupy_copy__complex64_complex64
14263997974,273661,264433,1,1,1,32,32,1,30,0.000,0.000,,,,,NVIDIA A100-SXM4-40GB MIG 4g.20gb (0),1,,13,"void convert_kernel<__half2, float2>(tensor_layout_any, T1 *, tensor_layout_any, const T2 *)"
14264302227,5792,264436,,,,,,,,,,0.094,16176.708,Pinned,Device,NVIDIA A100-SXM4-40GB MIG 4g.20gb (0),1,,13,[CUDA memcpy Host-to-Device]
14264514032,61632,264437,,,,,,,,,,35.810,581015.952,Device,,NVIDIA A100-SXM4-40GB MIG 4g.20gb (0),1,,13,[CUDA memset]
14264582800,5792,264439,,,,,,,,,,0.000,13.812,Pinned,Device,NVIDIA A100-SXM4-40GB MIG 4g.20gb (0),1,,13,[CUDA memcpy Host-to-Device]
14264591152,15967,264440,,,,,,,,,,0.197,12313.362,Pinned,Device,NVIDIA A100-SXM4-40GB MIG 4g.20gb (0),1,,13,[CUDA memcpy Host-to-Device]
14264988747,28768,264441,273,1,1,48,1,1,40,0.000,0.001,,,,,NVIDIA A100-SXM4-40GB MIG 4g.20gb (0),1,,13,"void pusch_noise_intf_est::noiseIntfEstNoDftSOfdmKernel<float, __half, float, float, (unsigned int)2, (unsigned int)1, (unsigned char)4, (unsigned char)4>(pusch_noise_intf_est::puschRxNoiseIntfEstDynDescr)"
14265357895,8800,264452,35,1,1,128,1,1,16,0.000,0.000,,,,,NVIDIA A100-SXM4-40GB MIG 4g.20gb (0),1,,13,cupy_copy__complex64_complex64
14265490725,6304,264461,1,1,1,1,1,1,18,0.000,0.000,,,,,NVIDIA A100-SXM4-40GB MIG 4g.20gb (0),1,,13,cupy_copy__float32_float32
14265501317,2784,264467,,,,,,,,,,0.000,1.437,Device,Pageable,NVIDIA A100-SXM4-40GB MIG 4g.20gb (0),1,,7,[CUDA memcpy Device-to-Host]
14265914625,20639,264478,1434,1,1,128,1,1,16,0.000,0.000,,,,,NVIDIA A100-SXM4-40GB MIG 4g.20gb (0),1,,13,cupy_copy__complex64_complex64
14266291836,7424,264485,103,1,1,128,1,1,16,0.000,0.000,,,,,NVIDIA A100-SXM4-40GB MIG 4g.20gb (0),1,,13,cupy_copy__complex64_complex64
14266372764,11231,264492,35,1,1,128,1,1,16,0.000,0.000,,,,,NVIDIA A100-SXM4-40GB MIG 4g.20gb (0),1,,13,cupy_copy__complex64_complex64
14266743895,4832,264499,1,1,1,1,1,1,18,0.000,0.000,,,,,NVIDIA A100-SXM4-40GB MIG 4g.20gb (0),1,,13,cupy_copy__float32_float32
14266838966,250973,264510,1,1,1,32,32,1,30,0.000,0.000,,,,,NVIDIA A100-SXM4-40GB MIG 4g.20gb (0),1,,13,"void convert_kernel<__half2, float2>(tensor_layout_any, T1 *, tensor_layout_any, const T2 *)"
14267118771,5568,264513,,,,,,,,,,0.094,16827.521,Pinned,Device,NVIDIA A100-SXM4-40GB MIG 4g.20gb (0),1,,13,[CUDA memcpy Host-to-Device]
14267261298,5695,264514,,,,,,,,,,1.547,271574.801,Device,,NVIDIA A100-SXM4-40GB MIG 4g.20gb (0),1,,13,[CUDA memset]
14267270641,7744,264519,,,,,,,,,,0.031,4041.315,Pinned,Device,NVIDIA A100-SXM4-40GB MIG 4g.20gb (0),1,,13,[CUDA memcpy Host-to-Device]
14267282161,17536,264520,,,,,,,,,,0.197,11211.571,Pinned,Device,NVIDIA A100-SXM4-40GB MIG 4g.20gb (0),1,,13,[CUDA memcpy Host-to-Device]
14267699565,31487,264521,273,1,1,8,4,1,39,0.002,0.000,,,,,NVIDIA A100-SXM4-40GB MIG 4g.20gb (0),1,,13,"void channel_eq::eqMmseCoefCompLowMimoKernel<float, float, float, (unsigned int)4, (unsigned int)1, (unsigned int)4>(const channel_eq::_puschRxChEqStatDescr *, channel_eq::_puschRxChEqCoefCompDynDescr)"
14268103560,28672,264522,273,1,1,12,11,1,51,0.002,0.000,,,,,NVIDIA A100-SXM4-40GB MIG 4g.20gb (0),1,,13,"void channel_eq::eqMmseSoftDemapKernel<float, __half, __half, float, (unsigned int)4, (unsigned short)16383>(channel_eq::_puschRxChEqStatDescr *, channel_eq::_puschRxChEqSoftDemapDynDescr)"
14268995326,1664013,264523,1,1,1,32,32,1,30,0.000,0.000,,,,,NVIDIA A100-SXM4-40GB MIG 4g.20gb (0),1,,13,"void convert_kernel<float2, __half2>(tensor_layout_any, T1 *, tensor_layout_any, const T2 *)"
14271014727,22432,264535,2253,1,1,128,1,1,16,0.000,0.000,,,,,NVIDIA A100-SXM4-40GB MIG 4g.20gb (0),1,,13,cupy_copy__float16_float16
14271917181,12576,264544,282,1,1,128,1,1,16,0.000,0.000,,,,,NVIDIA A100-SXM4-40GB MIG 4g.20gb (0),1,,13,cupy_copy__complex64_complex64
14272766068,6719,264553,26,1,1,128,1,1,16,0.000,0.000,,,,,NVIDIA A100-SXM4-40GB MIG 4g.20gb (0),1,,13,cupy_copy__float32_float32
14273486091,8320,264562,103,1,1,128,1,1,16,0.000,0.000,,,,,NVIDIA A100-SXM4-40GB MIG 4g.20gb (0),1,,13,cupy_copy__complex64_complex64
14273894567,640537,264572,1434,1,1,128,1,1,16,0.000,0.000,,,,,NVIDIA A100-SXM4-40GB MIG 4g.20gb (0),1,,13,cupy_copy__complex64_complex64
14274897883,753752,264577,1,1,1,32,32,1,30,0.000,0.000,,,,,NVIDIA A100-SXM4-40GB MIG 4g.20gb (0),1,,13,"void convert_kernel<__half2, float2>(tensor_layout_any, T1 *, tensor_layout_any, const T2 *)"
14275683123,5664,264580,,,,,,,,,,0.094,16542.310,Pinned,Device,NVIDIA A100-SXM4-40GB MIG 4g.20gb (0),1,,13,[CUDA memcpy Host-to-Device]
14275820401,1121331,264581,,,,,,,,,,456.561,406796.243,Device,,NVIDIA A100-SXM4-40GB MIG 4g.20gb (0),1,,13,[CUDA memset]
14276946212,56928,264586,,,,,,,,,,1.235,21693.026,Pinned,Device,NVIDIA A100-SXM4-40GB MIG 4g.20gb (0),1,,13,[CUDA memcpy Host-to-Device]
14277005732,10144,264587,,,,,,,,,,0.197,19381.617,Pinned,Device,NVIDIA A100-SXM4-40GB MIG 4g.20gb (0),1,,13,[CUDA memcpy Host-to-Device]
14277116738,558298,264588,69,4,1,48,1,1,76,0.002,0.000,,,,,NVIDIA A100-SXM4-40GB MIG 4g.20gb (0),1,,13,"void ch_est::windowedChEstPreNoDftSOfdmKernel<float, __half, float, (unsigned int)2, (unsigned int)1, (unsigned short)4>(ch_est::puschRxChEstStatDescr_t *, ch_est::puschRxChEstDynDescr_t *)"
14277795483,27392,264589,137,2,1,24,2,1,44,0.001,0.001,,,,,NVIDIA A100-SXM4-40GB MIG 4g.20gb (0),1,,13,"void ch_est::chEstFilterNoDftSOfdmDispatchKernel<float, __half, float, (unsigned int)2>(ch_est::puschRxChEstStatDescr_t *, ch_est::puschRxChEstDynDescr_t *)"
14277946329,30176,264590,137,2,1,24,2,1,44,0.001,0.001,,,,,NVIDIA A100-SXM4-40GB MIG 4g.20gb (0),1,,13,"void ch_est::chEstFilterNoDftSOfdmDispatchKernel<float, __half, float, (unsigned int)2>(ch_est::puschRxChEstStatDescr_t *, ch_est::puschRxChEstDynDescr_t *)"
14278083064,4096,264601,103,1,1,128,1,1,16,0.000,0.000,,,,,NVIDIA A100-SXM4-40GB MIG 4g.20gb (0),1,,13,cupy_copy__complex64_complex64
14278635537,22336,264611,1434,1,1,128,1,1,16,0.000,0.000,,,,,NVIDIA A100-SXM4-40GB MIG 4g.20gb (0),1,,13,cupy_copy__complex64_complex64
14278794288,8703,264618,103,1,1,128,1,1,16,0.000,0.000,,,,,NVIDIA A100-SXM4-40GB MIG 4g.20gb (0),1,,13,cupy_copy__complex64_complex64
14278886703,805590,264625,1,1,1,32,32,1,30,0.000,0.000,,,,,NVIDIA A100-SXM4-40GB MIG 4g.20gb (0),1,,13,"void convert_kernel<__half2, float2>(tensor_layout_any, T1 *, tensor_layout_any, const T2 *)"
14279721189,5504,264628,,,,,,,,,,0.094,17023.251,Pinned,Device,NVIDIA A100-SXM4-40GB MIG 4g.20gb (0),1,,13,[CUDA memcpy Host-to-Device]
14279851620,60063,264629,,,,,,,,,,35.810,596199.358,Device,,NVIDIA A100-SXM4-40GB MIG 4g.20gb (0),1,,13,[CUDA memset]
14279915139,2016,264631,,,,,,,,,,0.000,39.682,Pinned,Device,NVIDIA A100-SXM4-40GB MIG 4g.20gb (0),1,,13,[CUDA memcpy Host-to-Device]
14279920259,9984,264632,,,,,,,,,,0.197,19692.257,Pinned,Device,NVIDIA A100-SXM4-40GB MIG 4g.20gb (0),1,,13,[CUDA memcpy Host-to-Device]
14280080449,25600,264633,273,1,1,48,1,1,40,0.000,0.001,,,,,NVIDIA A100-SXM4-40GB MIG 4g.20gb (0),1,,13,"void pusch_noise_intf_est::noiseIntfEstNoDftSOfdmKernel<float, __half, float, float, (unsigned int)2, (unsigned int)1, (unsigned char)4, (unsigned char)4>(pusch_noise_intf_est::puschRxNoiseIntfEstDynDescr)"
14280218400,10591,264644,35,1,1,128,1,1,16,0.000,0.000,,,,,NVIDIA A100-SXM4-40GB MIG 4g.20gb (0),1,,13,cupy_copy__complex64_complex64
14280353694,4064,264653,1,1,1,1,1,1,18,0.000,0.000,,,,,NVIDIA A100-SXM4-40GB MIG 4g.20gb (0),1,,13,cupy_copy__float32_float32
14280365246,2976,264659,,,,,,,,,,0.000,1.344,Device,Pageable,NVIDIA A100-SXM4-40GB MIG 4g.20gb (0),1,,7,[CUDA memcpy Device-to-Host]
14280523868,19680,264670,1434,1,1,128,1,1,16,0.000,0.000,,,,,NVIDIA A100-SXM4-40GB MIG 4g.20gb (0),1,,13,cupy_copy__complex64_complex64
14281087894,9568,264677,103,1,1,128,1,1,16,0.000,0.000,,,,,NVIDIA A100-SXM4-40GB MIG 4g.20gb (0),1,,13,cupy_copy__complex64_complex64
14281235924,12640,264684,35,1,1,128,1,1,16,0.000,0.000,,,,,NVIDIA A100-SXM4-40GB MIG 4g.20gb (0),1,,13,cupy_copy__complex64_complex64
14281370003,3712,264691,1,1,1,1,1,1,18,0.000,0.000,,,,,NVIDIA A100-SXM4-40GB MIG 4g.20gb (0),1,,13,cupy_copy__float32_float32
14281963948,286205,264702,1,1,1,32,32,1,30,0.000,0.000,,,,,NVIDIA A100-SXM4-40GB MIG 4g.20gb (0),1,,13,"void convert_kernel<__half2, float2>(tensor_layout_any, T1 *, tensor_layout_any, const T2 *)"
14282281000,9728,264705,,,,,,,,,,0.094,9631.574,Pinned,Device,NVIDIA A100-SXM4-40GB MIG 4g.20gb (0),1,,13,[CUDA memcpy Host-to-Device]
14282442278,9376,264706,,,,,,,,,,1.547,164955.183,Device,,NVIDIA A100-SXM4-40GB MIG 4g.20gb (0),1,,13,[CUDA memset]
14282456806,6784,264711,,,,,,,,,,0.031,4613.187,Pinned,Device,NVIDIA A100-SXM4-40GB MIG 4g.20gb (0),1,,13,[CUDA memcpy Host-to-Device]
14282466022,13728,264712,,,,,,,,,,0.197,14321.517,Pinned,Device,NVIDIA A100-SXM4-40GB MIG 4g.20gb (0),1,,13,[CUDA memcpy Host-to-Device]
14283124831,34847,264713,273,1,1,8,4,1,39,0.002,0.000,,,,,NVIDIA A100-SXM4-40GB MIG 4g.20gb (0),1,,13,"void channel_eq::eqMmseCoefCompLowMimoKernel<float, float, float, (unsigned int)4, (unsigned int)1, (unsigned int)4>(const channel_eq::_puschRxChEqStatDescr *, channel_eq::_puschRxChEqCoefCompDynDescr)"
14283402780,518874,264714,273,1,1,12,11,1,51,0.002,0.000,,,,,NVIDIA A100-SXM4-40GB MIG 4g.20gb (0),1,,13,"void channel_eq::eqMmseSoftDemapKernel<float, __half, __half, float, (unsigned int)4, (unsigned short)16383>(channel_eq::_puschRxChEqStatDescr *, channel_eq::_puschRxChEqSoftDemapDynDescr)"
14284089140,696696,264715,1,1,1,32,32,1,30,0.000,0.000,,,,,NVIDIA A100-SXM4-40GB MIG 4g.20gb (0),1,,13,"void convert_kernel<float2, __half2>(tensor_layout_any, T1 *, tensor_layout_any, const T2 *)"
14284901355,16512,264727,2253,1,1,128,1,1,16,0.000,0.000,,,,,NVIDIA A100-SXM4-40GB MIG 4g.20gb (0),1,,13,cupy_copy__float16_float16
14285097385,13087,264736,282,1,1,128,1,1,16,0.000,0.000,,,,,NVIDIA A100-SXM4-40GB MIG 4g.20gb (0),1,,13,cupy_copy__complex64_complex64
14285295686,5184,264745,26,1,1,128,1,1,16,0.000,0.000,,,,,NVIDIA A100-SXM4-40GB MIG 4g.20gb (0),1,,13,cupy_copy__float32_float32
14285933727,9664,264754,103,1,1,128,1,1,16,0.000,0.000,,,,,NVIDIA A100-SXM4-40GB MIG 4g.20gb (0),1,,13,cupy_copy__complex64_complex64
14286164349,15455,264764,1434,1,1,128,1,1,16,0.000,0.000,,,,,NVIDIA A100-SXM4-40GB MIG 4g.20gb (0),1,,13,cupy_copy__complex64_complex64
14286355642,779512,264769,1,1,1,32,32,1,30,0.000,0.000,,,,,NVIDIA A100-SXM4-40GB MIG 4g.20gb (0),1,,13,"void convert_kernel<__half2, float2>(tensor_layout_any, T1 *, tensor_layout_any, const T2 *)"
14287165937,6048,264772,,,,,,,,,,0.094,15491.978,Pinned,Device,NVIDIA A100-SXM4-40GB MIG 4g.20gb (0),1,,13,[CUDA memcpy Host-to-Device]
14287353423,1104116,264773,,,,,,,,,,456.561,413188.103,Device,,NVIDIA A100-SXM4-40GB MIG 4g.20gb (0),1,,13,[CUDA memset]
14288459459,60191,264778,,,,,,,,,,1.235,20516.125,Pinned,Device,NVIDIA A100-SXM4-40GB MIG 4g.20gb (0),1,,13,[CUDA memcpy Host-to-Device]
14288526114,14368,264779,,,,,,,,,,0.197,13683.720,Pinned,Device,NVIDIA A100-SXM4-40GB MIG 4g.20gb (0),1,,13,[CUDA memcpy Host-to-Device]
14288731936,31359,264780,69,4,1,48,1,1,76,0.002,0.000,,,,,NVIDIA A100-SXM4-40GB MIG 4g.20gb (0),1,,13,"void ch_est::windowedChEstPreNoDftSOfdmKernel<float, __half, float, (unsigned int)2, (unsigned int)1, (unsigned short)4>(ch_est::puschRxChEstStatDescr_t *, ch_est::puschRxChEstDynDescr_t *)"
14288917662,22431,264781,137,2,1,24,2,1,44,0.001,0.001,,,,,NVIDIA A100-SXM4-40GB MIG 4g.20gb (0),1,,13,"void ch_est::chEstFilterNoDftSOfdmDispatchKernel<float, __half, float, (unsigned int)2>(ch_est::puschRxChEstStatDescr_t *, ch_est::puschRxChEstDynDescr_t *)"
14289114555,18528,264782,137,2,1,24,2,1,44,0.001,0.001,,,,,NVIDIA A100-SXM4-40GB MIG 4g.20gb (0),1,,13,"void ch_est::chEstFilterNoDftSOfdmDispatchKernel<float, __half, float, (unsigned int)2>(ch_est::puschRxChEstStatDescr_t *, ch_est::puschRxChEstDynDescr_t *)"
14289353913,4704,264793,103,1,1,128,1,1,16,0.000,0.000,,,,,NVIDIA A100-SXM4-40GB MIG 4g.20gb (0),1,,13,cupy_copy__complex64_complex64
14289526775,17823,264803,1434,1,1,128,1,1,16,0.000,0.000,,,,,NVIDIA A100-SXM4-40GB MIG 4g.20gb (0),1,,13,cupy_copy__complex64_complex64
14289726612,9728,264810,103,1,1,128,1,1,16,0.000,0.000,,,,,NVIDIA A100-SXM4-40GB MIG 4g.20gb (0),1,,13,cupy_copy__complex64_complex64
14289916082,292989,264817,1,1,1,32,32,1,30,0.000,0.000,,,,,NVIDIA A100-SXM4-40GB MIG 4g.20gb (0),1,,13,"void convert_kernel<__half2, float2>(tensor_layout_any, T1 *, tensor_layout_any, const T2 *)"
14290239215,8832,264820,,,,,,,,,,0.094,10608.636,Pinned,Device,NVIDIA A100-SXM4-40GB MIG 4g.20gb (0),1,,13,[CUDA memcpy Host-to-Device]
14290356653,59488,264821,,,,,,,,,,35.810,601964.755,Device,,NVIDIA A100-SXM4-40GB MIG 4g.20gb (0),1,,13,[CUDA memset]
14290423149,1792,264823,,,,,,,,,,0.000,44.643,Pinned,Device,NVIDIA A100-SXM4-40GB MIG 4g.20gb (0),1,,13,[CUDA memcpy Host-to-Device]
14290427405,12799,264824,,,,,,,,,,0.197,15361.180,Pinned,Device,NVIDIA A100-SXM4-40GB MIG 4g.20gb (0),1,,13,[CUDA memcpy Host-to-Device]
14290581931,26079,264825,273,1,1,48,1,1,40,0.000,0.001,,,,,NVIDIA A100-SXM4-40GB MIG 4g.20gb (0),1,,13,"void pusch_noise_intf_est::noiseIntfEstNoDftSOfdmKernel<float, __half, float, float, (unsigned int)2, (unsigned int)1, (unsigned char)4, (unsigned char)4>(pusch_noise_intf_est::puschRxNoiseIntfEstDynDescr)"
14290751401,9568,264836,35,1,1,128,1,1,16,0.000,0.000,,,,,NVIDIA A100-SXM4-40GB MIG 4g.20gb (0),1,,13,cupy_copy__complex64_complex64
14291359682,5344,264845,1,1,1,1,1,1,18,0.000,0.000,,,,,NVIDIA A100-SXM4-40GB MIG 4g.20gb (0),1,,13,cupy_copy__float32_float32
14291366850,5216,264851,,,,,,,,,,0.000,0.767,Device,Pageable,NVIDIA A100-SXM4-40GB MIG 4g.20gb (0),1,,7,[CUDA memcpy Device-to-Host]
14291559840,19520,264862,1434,1,1,128,1,1,16,0.000,0.000,,,,,NVIDIA A100-SXM4-40GB MIG 4g.20gb (0),1,,13,cupy_copy__complex64_complex64
14291721854,7040,264869,103,1,1,128,1,1,16,0.000,0.000,,,,,NVIDIA A100-SXM4-40GB MIG 4g.20gb (0),1,,13,cupy_copy__complex64_complex64
14292341207,11072,264876,35,1,1,128,1,1,16,0.000,0.000,,,,,NVIDIA A100-SXM4-40GB MIG 4g.20gb (0),1,,13,cupy_copy__complex64_complex64
14292471733,3744,264883,1,1,1,1,1,1,18,0.000,0.000,,,,,NVIDIA A100-SXM4-40GB MIG 4g.20gb (0),1,,13,cupy_copy__float32_float32
14292614132,773751,264894,1,1,1,32,32,1,30,0.000,0.000,,,,,NVIDIA A100-SXM4-40GB MIG 4g.20gb (0),1,,13,"void convert_kernel<__half2, float2>(tensor_layout_any, T1 *, tensor_layout_any, const T2 *)"
14293418571,17312,264897,,,,,,,,,,0.094,5412.162,Pinned,Device,NVIDIA A100-SXM4-40GB MIG 4g.20gb (0),1,,13,[CUDA memcpy Host-to-Device]
14294053124,15935,264898,,,,,,,,,,1.547,97056.842,Device,,NVIDIA A100-SXM4-40GB MIG 4g.20gb (0),1,,13,[CUDA memset]
14294101379,3168,264903,,,,,,,,,,0.031,9878.770,Pinned,Device,NVIDIA A100-SXM4-40GB MIG 4g.20gb (0),1,,13,[CUDA memcpy Host-to-Device]
14294108643,15200,264904,,,,,,,,,,0.197,12934.644,Pinned,Device,NVIDIA A100-SXM4-40GB MIG 4g.20gb (0),1,,13,[CUDA memcpy Host-to-Device]
14294227714,24895,264905,273,1,1,8,4,1,39,0.002,0.000,,,,,NVIDIA A100-SXM4-40GB MIG 4g.20gb (0),1,,13,"void channel_eq::eqMmseCoefCompLowMimoKernel<float, float, float, (unsigned int)4, (unsigned int)1, (unsigned int)4>(const channel_eq::_puschRxChEqStatDescr *, channel_eq::_puschRxChEqCoefCompDynDescr)"
14294377312,514138,264906,273,1,1,12,11,1,51,0.002,0.000,,,,,NVIDIA A100-SXM4-40GB MIG 4g.20gb (0),1,,13,"void channel_eq::eqMmseSoftDemapKernel<float, __half, __half, float, (unsigned int)4, (unsigned short)16383>(channel_eq::_puschRxChEqStatDescr *, channel_eq::_puschRxChEqSoftDemapDynDescr)"
14295056568,1644654,264907,1,1,1,32,32,1,30,0.000,0.000,,,,,NVIDIA A100-SXM4-40GB MIG 4g.20gb (0),1,,13,"void convert_kernel<float2, __half2>(tensor_layout_any, T1 *, tensor_layout_any, const T2 *)"
14296826660,17568,264919,2253,1,1,128,1,1,16,0.000,0.000,,,,,NVIDIA A100-SXM4-40GB MIG 4g.20gb (0),1,,13,cupy_copy__float16_float16
14296955043,9152,264928,282,1,1,128,1,1,16,0.000,0.000,,,,,NVIDIA A100-SXM4-40GB MIG 4g.20gb (0),1,,13,cupy_copy__complex64_complex64
14297767002,9696,264937,26,1,1,128,1,1,16,0.000,0.000,,,,,NVIDIA A100-SXM4-40GB MIG 4g.20gb (0),1,,13,cupy_copy__float32_float32
14297904280,12448,264946,103,1,1,128,1,1,16,0.000,0.000,,,,,NVIDIA A100-SXM4-40GB MIG 4g.20gb (0),1,,13,cupy_copy__complex64_complex64
14298140758,20863,264956,1434,1,1,128,1,1,16,0.000,0.000,,,,,NVIDIA A100-SXM4-40GB MIG 4g.20gb (0),1,,13,cupy_copy__complex64_complex64
14298287892,283037,264961,1,1,1,32,32,1,30,0.000,0.000,,,,,NVIDIA A100-SXM4-40GB MIG 4g.20gb (0),1,,13,"void convert_kernel<__half2, float2>(tensor_layout_any, T1 *, tensor_layout_any, const T2 *)"
14298601328,6272,264964,,,,,,,,,,0.094,14938.703,Pinned,Device,NVIDIA A100-SXM4-40GB MIG 4g.20gb (0),1,,13,[CUDA memcpy Host-to-Device]
14299214697,1119540,264965,,,,,,,,,,456.561,407709.366,Device,,NVIDIA A100-SXM4-40GB MIG 4g.20gb (0),1,,13,[CUDA memset]
14300340573,56543,264970,,,,,,,,,,1.235,21839.985,Pinned,Device,NVIDIA A100-SXM4-40GB MIG 4g.20gb (0),1,,13,[CUDA memcpy Host-to-Device]
14300399580,9984,264971,,,,,,,,,,0.197,19692.257,Pinned,Device,NVIDIA A100-SXM4-40GB MIG 4g.20gb (0),1,,13,[CUDA memcpy Host-to-Device]
14300546746,21408,264972,69,4,1,48,1,1,76,0.002,0.000,,,,,NVIDIA A100-SXM4-40GB MIG 4g.20gb (0),1,,13,"void ch_est::windowedChEstPreNoDftSOfdmKernel<float, __half, float, (unsigned int)2, (unsigned int)1, (unsigned short)4>(ch_est::puschRxChEstStatDescr_t *, ch_est::puschRxChEstDynDescr_t *)"
14301156788,41439,264973,137,2,1,24,2,1,44,0.001,0.001,,,,,NVIDIA A100-SXM4-40GB MIG 4g.20gb (0),1,,13,"void ch_est::chEstFilterNoDftSOfdmDispatchKernel<float, __half, float, (unsigned int)2>(ch_est::puschRxChEstStatDescr_t *, ch_est::puschRxChEstDynDescr_t *)"
14301353809,36032,264974,137,2,1,24,2,1,44,0.001,0.001,,,,,NVIDIA A100-SXM4-40GB MIG 4g.20gb (0),1,,13,"void ch_est::chEstFilterNoDftSOfdmDispatchKernel<float, __half, float, (unsigned int)2>(ch_est::puschRxChEstStatDescr_t *, ch_est::puschRxChEstDynDescr_t *)"
14301490928,488506,264985,103,1,1,128,1,1,16,0.000,0.000,,,,,NVIDIA A100-SXM4-40GB MIG 4g.20gb (0),1,,13,cupy_copy__complex64_complex64
14302100969,18016,264995,1434,1,1,128,1,1,16,0.000,0.000,,,,,NVIDIA A100-SXM4-40GB MIG 4g.20gb (0),1,,13,cupy_copy__complex64_complex64
14302253415,7232,265002,103,1,1,128,1,1,16,0.000,0.000,,,,,NVIDIA A100-SXM4-40GB MIG 4g.20gb (0),1,,13,cupy_copy__complex64_complex64
14302866912,289501,265009,1,1,1,32,32,1,30,0.000,0.000,,,,,NVIDIA A100-SXM4-40GB MIG 4g.20gb (0),1,,13,"void convert_kernel<__half2, float2>(tensor_layout_any, T1 *, tensor_layout_any, const T2 *)"
14303186493,7968,265012,,,,,,,,,,0.094,11759.035,Pinned,Device,NVIDIA A100-SXM4-40GB MIG 4g.20gb (0),1,,13,[CUDA memcpy Host-to-Device]
14303277884,55423,265013,,,,,,,,,,35.810,646118.387,Device,,NVIDIA A100-SXM4-40GB MIG 4g.20gb (0),1,,13,[CUDA memset]
14303337371,1824,265015,,,,,,,,,,0.000,43.860,Pinned,Device,NVIDIA A100-SXM4-40GB MIG 4g.20gb (0),1,,13,[CUDA memcpy Host-to-Device]
14303341275,9248,265016,,,,,,,,,,0.197,21259.420,Pinned,Device,NVIDIA A100-SXM4-40GB MIG 4g.20gb (0),1,,13,[CUDA memcpy Host-to-Device]
14304003572,33983,265017,273,1,1,48,1,1,40,0.000,0.001,,,,,NVIDIA A100-SXM4-40GB MIG 4g.20gb (0),1,,13,"void pusch_noise_intf_est::noiseIntfEstNoDftSOfdmKernel<float, __half, float, float, (unsigned int)2, (unsigned int)1, (unsigned char)4, (unsigned char)4>(pusch_noise_intf_est::puschRxNoiseIntfEstDynDescr)"
14304181042,11071,265028,35,1,1,128,1,1,16,0.000,0.000,,,,,NVIDIA A100-SXM4-40GB MIG 4g.20gb (0),1,,13,cupy_copy__complex64_complex64
14304736267,4832,265037,1,1,1,1,1,1,18,0.000,0.000,,,,,NVIDIA A100-SXM4-40GB MIG 4g.20gb (0),1,,13,cupy_copy__float32_float32
14304745675,2016,265043,,,,,,,,,,0.000,1.984,Device,Pageable,NVIDIA A100-SXM4-40GB MIG 4g.20gb (0),1,,7,[CUDA memcpy Device-to-Host]
14304942633,19104,265054,1434,1,1,128,1,1,16,0.000,0.000,,,,,NVIDIA A100-SXM4-40GB MIG 4g.20gb (0),1,,13,cupy_copy__complex64_complex64
14305099527,8320,265061,103,1,1,128,1,1,16,0.000,0.000,,,,,NVIDIA A100-SXM4-40GB MIG 4g.20gb (0),1,,13,cupy_copy__complex64_complex64
14305699008,4064,265068,35,1,1,128,1,1,16,0.000,0.000,,,,,NVIDIA A100-SXM4-40GB MIG 4g.20gb (0),1,,13,cupy_copy__complex64_complex64
14305859199,5664,265075,1,1,1,1,1,1,18,0.000,0.000,,,,,NVIDIA A100-SXM4-40GB MIG 4g.20gb (0),1,,13,cupy_copy__float32_float32
14306505047,289469,265086,1,1,1,32,32,1,30,0.000,0.000,,,,,NVIDIA A100-SXM4-40GB MIG 4g.20gb (0),1,,13,"void convert_kernel<__half2, float2>(tensor_layout_any, T1 *, tensor_layout_any, const T2 *)"
14306823476,5376,265089,,,,,,,,,,0.094,17428.487,Pinned,Device,NVIDIA A100-SXM4-40GB MIG 4g.20gb (0),1,,13,[CUDA memcpy Host-to-Device]
14307412109,15840,265090,,,,,,,,,,1.547,97639.920,Device,,NVIDIA A100-SXM4-40GB MIG 4g.20gb (0),1,,13,[CUDA memset]
14307430861,3840,265095,,,,,,,,,,0.031,8149.979,Pinned,Device,NVIDIA A100-SXM4-40GB MIG 4g.20gb (0),1,,13,[CUDA memcpy Host-to-Device]
14307437197,11968,265096,,,,,,,,,,0.197,16427.778,Pinned,Device,NVIDIA A100-SXM4-40GB MIG 4g.20gb (0),1,,13,[CUDA memcpy Host-to-Device]
14307589739,37536,265097,273,1,1,8,4,1,39,0.002,0.000,,,,,NVIDIA A100-SXM4-40GB MIG 4g.20gb (0),1,,13,"void channel_eq::eqMmseCoefCompLowMimoKernel<float, float, float, (unsigned int)4, (unsigned int)1, (unsigned int)4>(const channel_eq::_puschRxChEqStatDescr *, channel_eq::_puschRxChEqCoefCompDynDescr)"
14307784169,35776,265098,273,1,1,12,11,1,51,0.002,0.000,,,,,NVIDIA A100-SXM4-40GB MIG 4g.20gb (0),1,,13,"void channel_eq::eqMmseSoftDemapKernel<float, __half, __half, float, (unsigned int)4, (unsigned short)16383>(channel_eq::_puschRxChEqStatDescr *, channel_eq::_puschRxChEqSoftDemapDynDescr)"
14308422146,1170611,265099,1,1,1,32,32,1,30,0.000,0.000,,,,,NVIDIA A100-SXM4-40GB MIG 4g.20gb (0),1,,13,"void convert_kernel<float2, __half2>(tensor_layout_any, T1 *, tensor_layout_any, const T2 *)"
14309780658,533114,265111,2253,1,1,128,1,1,16,0.000,0.000,,,,,NVIDIA A100-SXM4-40GB MIG 4g.20gb (0),1,,13,cupy_copy__float16_float16
14310501578,6368,265120,282,1,1,128,1,1,16,0.000,0.000,,,,,NVIDIA A100-SXM4-40GB MIG 4g.20gb (0),1,,13,cupy_copy__complex64_complex64
14310619049,6944,265129,26,1,1,128,1,1,16,0.000,0.000,,,,,NVIDIA A100-SXM4-40GB MIG 4g.20gb (0),1,,13,cupy_copy__float32_float32
14311291905,16096,265138,103,1,1,128,1,1,16,0.000,0.000,,,,,NVIDIA A100-SXM4-40GB MIG 4g.20gb (0),1,,13,cupy_copy__complex64_complex64
14311522847,18240,265148,1434,1,1,128,1,1,16,0.000,0.000,,,,,NVIDIA A100-SXM4-40GB MIG 4g.20gb (0),1,,13,cupy_copy__complex64_complex64
14312171447,294013,265153,1,1,1,32,32,1,30,0.000,0.000,,,,,NVIDIA A100-SXM4-40GB MIG 4g.20gb (0),1,,13,"void convert_kernel<__half2, float2>(tensor_layout_any, T1 *, tensor_layout_any, const T2 *)"
14312495572,5344,265156,,,,,,,,,,0.094,17532.864,Pinned,Device,NVIDIA A100-SXM4-40GB MIG 4g.20gb (0),1,,13,[CUDA memcpy Host-to-Device]
14313195340,1100596,265157,,,,,,,,,,456.561,414557.788,Device,,NVIDIA A100-SXM4-40GB MIG 4g.20gb (0),1,,13,[CUDA memset]
14314301119,50848,265162,,,,,,,,,,1.235,24286.409,Pinned,Device,NVIDIA A100-SXM4-40GB MIG 4g.20gb (0),1,,13,[CUDA memcpy Host-to-Device]
14314355231,9600,265163,,,,,,,,,,0.197,20479.869,Pinned,Device,NVIDIA A100-SXM4-40GB MIG 4g.20gb (0),1,,13,[CUDA memcpy Host-to-Device]
14315005816,14719,265164,69,4,1,48,1,1,76,0.002,0.000,,,,,NVIDIA A100-SXM4-40GB MIG 4g.20gb (0),1,,13,"void ch_est::windowedChEstPreNoDftSOfdmKernel<float, __half, float, (unsigned int)2, (unsigned int)1, (unsigned short)4>(ch_est::puschRxChEstStatDescr_t *, ch_est::puschRxChEstDynDescr_t *)"
14315739183,18688,265165,137,2,1,24,2,1,44,0.001,0.001,,,,,NVIDIA A100-SXM4-40GB MIG 4g.20gb (0),1,,13,"void ch_est::chEstFilterNoDftSOfdmDispatchKernel<float, __half, float, (unsigned int)2>(ch_est::puschRxChEstStatDescr_t *, ch_est::puschRxChEstDynDescr_t *)"
14315985197,18079,265166,137,2,1,24,2,1,44,0.001,0.001,,,,,NVIDIA A100-SXM4-40GB MIG 4g.20gb (0),1,,13,"void ch_est::chEstFilterNoDftSOfdmDispatchKernel<float, __half, float, (unsigned int)2>(ch_est::puschRxChEstStatDescr_t *, ch_est::puschRxChEstDynDescr_t *)"
14316703044,4864,265177,103,1,1,128,1,1,16,0.000,0.000,,,,,NVIDIA A100-SXM4-40GB MIG 4g.20gb (0),1,,13,cupy_copy__complex64_complex64
14316895074,18912,265187,1434,1,1,128,1,1,16,0.000,0.000,,,,,NVIDIA A100-SXM4-40GB MIG 4g.20gb (0),1,,13,cupy_copy__complex64_complex64
14317579387,4128,265194,103,1,1,128,1,1,16,0.000,0.000,,,,,NVIDIA A100-SXM4-40GB MIG 4g.20gb (0),1,,13,cupy_copy__complex64_complex64
14317706969,796791,265201,1,1,1,32,32,1,30,0.000,0.000,,,,,NVIDIA A100-SXM4-40GB MIG 4g.20gb (0),1,,13,"void convert_kernel<__half2, float2>(tensor_layout_any, T1 *, tensor_layout_any, const T2 *)"
14318533776,5504,265204,,,,,,,,,,0.094,17023.251,Pinned,Device,NVIDIA A100-SXM4-40GB MIG 4g.20gb (0),1,,13,[CUDA memcpy Host-to-Device]
14318634831,61535,265205,,,,,,,,,,35.810,581911.200,Device,,NVIDIA A100-SXM4-40GB MIG 4g.20gb (0),1,,13,[CUDA memset]
14318705326,1952,265207,,,,,,,,,,0.000,40.984,Pinned,Device,NVIDIA A100-SXM4-40GB MIG 4g.20gb (0),1,,13,[CUDA memcpy Host-to-Device]
14318709902,10752,265208,,,,,,,,,,0.197,18285.527,Pinned,Device,NVIDIA A100-SXM4-40GB MIG 4g.20gb (0),1,,13,[CUDA memcpy Host-to-Device]
14318866348,25088,265209,273,1,1,48,1,1,40,0.000,0.001,,,,,NVIDIA A100-SXM4-40GB MIG 4g.20gb (0),1,,13,"void pusch_noise_intf_est::noiseIntfEstNoDftSOfdmKernel<float, __half, float, float, (unsigned int)2, (unsigned int)1, (unsigned char)4, (unsigned char)4>(pusch_noise_intf_est::puschRxNoiseIntfEstDynDescr)"
14319480837,10496,265220,35,1,1,128,1,1,16,0.000,0.000,,,,,NVIDIA A100-SXM4-40GB MIG 4g.20gb (0),1,,13,cupy_copy__complex64_complex64
14319624676,4415,265229,1,1,1,1,1,1,18,0.000,0.000,,,,,NVIDIA A100-SXM4-40GB MIG 4g.20gb (0),1,,13,cupy_copy__float32_float32
14319631715,2784,265235,,,,,,,,,,0.000,1.437,Device,Pageable,NVIDIA A100-SXM4-40GB MIG 4g.20gb (0),1,,7,[CUDA memcpy Device-to-Host]
14319796546,20703,265246,1434,1,1,128,1,1,16,0.000,0.000,,,,,NVIDIA A100-SXM4-40GB MIG 4g.20gb (0),1,,13,cupy_copy__complex64_complex64
14320360539,8416,265253,103,1,1,128,1,1,16,0.000,0.000,,,,,NVIDIA A100-SXM4-40GB MIG 4g.20gb (0),1,,13,cupy_copy__complex64_complex64
14320515353,14592,265260,35,1,1,128,1,1,16,0.000,0.000,,,,,NVIDIA A100-SXM4-40GB MIG 4g.20gb (0),1,,13,cupy_copy__complex64_complex64
14320692439,4608,265267,1,1,1,1,1,1,18,0.000,0.000,,,,,NVIDIA A100-SXM4-40GB MIG 4g.20gb (0),1,,13,cupy_copy__float32_float32
14320799670,728120,265278,1,1,1,32,32,1,30,0.000,0.000,,,,,NVIDIA A100-SXM4-40GB MIG 4g.20gb (0),1,,13,"void convert_kernel<__half2, float2>(tensor_layout_any, T1 *, tensor_layout_any, const T2 *)"
14321557582,7456,265281,,,,,,,,,,0.094,12566.508,Pinned,Device,NVIDIA A100-SXM4-40GB MIG 4g.20gb (0),1,,13,[CUDA memcpy Host-to-Device]
14321698156,14688,265282,,,,,,,,,,1.547,105297.255,Device,,NVIDIA A100-SXM4-40GB MIG 4g.20gb (0),1,,13,[CUDA memset]
14321714476,2976,265287,,,,,,,,,,0.031,10516.113,Pinned,Device,NVIDIA A100-SXM4-40GB MIG 4g.20gb (0),1,,13,[CUDA memcpy Host-to-Device]
14321719884,9216,265288,,,,,,,,,,0.197,21333.148,Pinned,Device,NVIDIA A100-SXM4-40GB MIG 4g.20gb (0),1,,13,[CUDA memcpy Host-to-Device]
14322251462,19232,265289,273,1,1,8,4,1,39,0.002,0.000,,,,,NVIDIA A100-SXM4-40GB MIG 4g.20gb (0),1,,13,"void channel_eq::eqMmseCoefCompLowMimoKernel<float, float, float, (unsigned int)4, (unsigned int)1, (unsigned int)4>(const channel_eq::_puschRxChEqStatDescr *, channel_eq::_puschRxChEqCoefCompDynDescr)"
14322464804,29375,265290,273,1,1,12,11,1,51,0.002,0.000,,,,,NVIDIA A100-SXM4-40GB MIG 4g.20gb (0),1,,13,"void channel_eq::eqMmseSoftDemapKernel<float, __half, __half, float, (unsigned int)4, (unsigned short)16383>(channel_eq::_puschRxChEqStatDescr *, channel_eq::_puschRxChEqSoftDemapDynDescr)"
14322620386,1157491,265291,1,1,1,32,32,1,30,0.000,0.000,,,,,NVIDIA A100-SXM4-40GB MIG 4g.20gb (0),1,,13,"void convert_kernel<float2, __half2>(tensor_layout_any, T1 *, tensor_layout_any, const T2 *)"
14323924307,16896,265303,2253,1,1,128,1,1,16,0.000,0.000,,,,,NVIDIA A100-SXM4-40GB MIG 4g.20gb (0),1,,13,cupy_copy__float16_float16
14324081713,9312,265312,282,1,1,128,1,1,16,0.000,0.000,,,,,NVIDIA A100-SXM4-40GB MIG 4g.20gb (0),1,,13,cupy_copy__complex64_complex64
14324208272,6976,265321,26,1,1,128,1,1,16,0.000,0.000,,,,,NVIDIA A100-SXM4-40GB MIG 4g.20gb (0),1,,13,cupy_copy__float32_float32
14324397262,12320,265330,103,1,1,128,1,1,16,0.000,0.000,,,,,NVIDIA A100-SXM4-40GB MIG 4g.20gb (0),1,,13,cupy_copy__complex64_complex64
14324573644,20576,265340,1434,1,1,128,1,1,16,0.000,0.000,,,,,NVIDIA A100-SXM4-40GB MIG 4g.20gb (0),1,,13,cupy_copy__complex64_complex64
14324773225,280989,265345,1,1,1,32,32,1,30,0.000,0.000,,,,,NVIDIA A100-SXM4-40GB MIG 4g.20gb (0),1,,13,"void convert_kernel<__half2, float2>(tensor_layout_any, T1 *, tensor_layout_any, const T2 *)"
14325085446,6560,265348,,,,,,,,,,0.094,14282.925,Pinned,Device,NVIDIA A100-SXM4-40GB MIG 4g.20gb (0),1,,13,[CUDA memcpy Host-to-Device]
14325228580,640857,265349,,,,,,,,,,456.561,712235.846,Device,,NVIDIA A100-SXM4-40GB MIG 4g.20gb (0),1,,13,[CUDA memset]
14325871421,60031,265354,,,,,,,,,,1.235,20571.697,Pinned,Device,NVIDIA A100-SXM4-40GB MIG 4g.20gb (0),1,,13,[CUDA memcpy Host-to-Device]
14325934620,11552,265355,,,,,,,,,,0.197,17019.372,Pinned,Device,NVIDIA A100-SXM4-40GB MIG 4g.20gb (0),1,,13,[CUDA memcpy Host-to-Device]
14326132890,30624,265356,69,4,1,48,1,1,76,0.002,0.000,,,,,NVIDIA A100-SXM4-40GB MIG 4g.20gb (0),1,,13,"void ch_est::windowedChEstPreNoDftSOfdmKernel<float, __half, float, (unsigned int)2, (unsigned int)1, (unsigned short)4>(ch_est::puschRxChEstStatDescr_t *, ch_est::puschRxChEstDynDescr_t *)"
14326335864,36895,265357,137,2,1,24,2,1,44,0.001,0.001,,,,,NVIDIA A100-SXM4-40GB MIG 4g.20gb (0),1,,13,"void ch_est::chEstFilterNoDftSOfdmDispatchKernel<float, __half, float, (unsigned int)2>(ch_est::puschRxChEstStatDescr_t *, ch_est::puschRxChEstDynDescr_t *)"
14326521974,21568,265358,137,2,1,24,2,1,44,0.001,0.001,,,,,NVIDIA A100-SXM4-40GB MIG 4g.20gb (0),1,,13,"void ch_est::chEstFilterNoDftSOfdmDispatchKernel<float, __half, float, (unsigned int)2>(ch_est::puschRxChEstStatDescr_t *, ch_est::puschRxChEstDynDescr_t *)"
14326698548,6656,265369,103,1,1,128,1,1,16,0.000,0.000,,,,,NVIDIA A100-SXM4-40GB MIG 4g.20gb (0),1,,13,cupy_copy__complex64_complex64
14326879602,19072,265379,1434,1,1,128,1,1,16,0.000,0.000,,,,,NVIDIA A100-SXM4-40GB MIG 4g.20gb (0),1,,13,cupy_copy__complex64_complex64
14327077552,9951,265386,103,1,1,128,1,1,16,0.000,0.000,,,,,NVIDIA A100-SXM4-40GB MIG 4g.20gb (0),1,,13,cupy_copy__complex64_complex64
14327282317,280381,265393,1,1,1,32,32,1,30,0.000,0.000,,,,,NVIDIA A100-SXM4-40GB MIG 4g.20gb (0),1,,13,"void convert_kernel<__half2, float2>(tensor_layout_any, T1 *, tensor_layout_any, const T2 *)"
14327592170,6880,265396,,,,,,,,,,0.094,13618.526,Pinned,Device,NVIDIA A100-SXM4-40GB MIG 4g.20gb (0),1,,13,[CUDA memcpy Host-to-Device]
14327811687,55936,265397,,,,,,,,,,35.810,640173.940,Device,,NVIDIA A100-SXM4-40GB MIG 4g.20gb (0),1,,13,[CUDA memset]
14327868583,3040,265399,,,,,,,,,,0.000,26.316,Pinned,Device,NVIDIA A100-SXM4-40GB MIG 4g.20gb (0),1,,13,[CUDA memcpy Host-to-Device]
14327874247,12223,265400,,,,,,,,,,0.197,16084.894,Pinned,Device,NVIDIA A100-SXM4-40GB MIG 4g.20gb (0),1,,13,[CUDA memcpy Host-to-Device]
14328104612,32480,265401,273,1,1,48,1,1,40,0.000,0.001,,,,,NVIDIA A100-SXM4-40GB MIG 4g.20gb (0),1,,13,"void pusch_noise_intf_est::noiseIntfEstNoDftSOfdmKernel<float, __half, float, float, (unsigned int)2, (unsigned int)1, (unsigned char)4, (unsigned char)4>(pusch_noise_intf_est::puschRxNoiseIntfEstDynDescr)"
14328339937,10240,265412,35,1,1,128,1,1,16,0.000,0.000,,,,,NVIDIA A100-SXM4-40GB MIG 4g.20gb (0),1,,13,cupy_copy__complex64_complex64
14328489184,5184,265421,1,1,1,1,1,1,18,0.000,0.000,,,,,NVIDIA A100-SXM4-40GB MIG 4g.20gb (0),1,,13,cupy_copy__float32_float32
14328495552,1664,265427,,,,,,,,,,0.000,2.404,Device,Pageable,NVIDIA A100-SXM4-40GB MIG 4g.20gb (0),1,,7,[CUDA memcpy Device-to-Host]
14328685597,19904,265438,1434,1,1,128,1,1,16,0.000,0.000,,,,,NVIDIA A100-SXM4-40GB MIG 4g.20gb (0),1,,13,cupy_copy__complex64_complex64
14328848572,8767,265445,103,1,1,128,1,1,16,0.000,0.000,,,,,NVIDIA A100-SXM4-40GB MIG 4g.20gb (0),1,,13,cupy_copy__complex64_complex64
14328992602,4608,265452,35,1,1,128,1,1,16,0.000,0.000,,,,,NVIDIA A100-SXM4-40GB MIG 4g.20gb (0),1,,13,cupy_copy__complex64_complex64
14329158744,11776,265459,1,1,1,1,1,1,18,0.000,0.000,,,,,NVIDIA A100-SXM4-40GB MIG 4g.20gb (0),1,,13,cupy_copy__float32_float32
14329340086,260829,265470,1,1,1,32,32,1,30,0.000,0.000,,,,,NVIDIA A100-SXM4-40GB MIG 4g.20gb (0),1,,13,"void convert_kernel<__half2, float2>(tensor_layout_any, T1 *, tensor_layout_any, const T2 *)"
14329631315,7360,265473,,,,,,,,,,0.094,12730.382,Pinned,Device,NVIDIA A100-SXM4-40GB MIG 4g.20gb (0),1,,13,[CUDA memcpy Host-to-Device]
14329797713,13888,265474,,,,,,,,,,1.547,111363.114,Device,,NVIDIA A100-SXM4-40GB MIG 4g.20gb (0),1,,13,[CUDA memset]
14329820081,3520,265479,,,,,,,,,,0.031,8890.881,Pinned,Device,NVIDIA A100-SXM4-40GB MIG 4g.20gb (0),1,,13,[CUDA memcpy Host-to-Device]
14329826481,11551,265480,,,,,,,,,,0.197,17020.748,Pinned,Device,NVIDIA A100-SXM4-40GB MIG 4g.20gb (0),1,,13,[CUDA memcpy Host-to-Device]
14329946127,37728,265481,273,1,1,8,4,1,39,0.002,0.000,,,,,NVIDIA A100-SXM4-40GB MIG 4g.20gb (0),1,,13,"void channel_eq::eqMmseCoefCompLowMimoKernel<float, float, float, (unsigned int)4, (unsigned int)1, (unsigned int)4>(const channel_eq::_puschRxChEqStatDescr *, channel_eq::_puschRxChEqCoefCompDynDescr)"
14330238636,38783,265482,273,1,1,12,11,1,51,0.002,0.000,,,,,NVIDIA A100-SXM4-40GB MIG 4g.20gb (0),1,,13,"void channel_eq::eqMmseSoftDemapKernel<float, __half, __half, float, (unsigned int)4, (unsigned short)16383>(channel_eq::_puschRxChEqStatDescr *, channel_eq::_puschRxChEqSoftDemapDynDescr)"
14330440138,692088,265483,1,1,1,32,32,1,30,0.000,0.000,,,,,NVIDIA A100-SXM4-40GB MIG 4g.20gb (0),1,,13,"void convert_kernel<float2, __half2>(tensor_layout_any, T1 *, tensor_layout_any, const T2 *)"
14331244577,20031,265495,2253,1,1,128,1,1,16,0.000,0.000,,,,,NVIDIA A100-SXM4-40GB MIG 4g.20gb (0),1,,13,cupy_copy__float16_float16
14331372863,8608,265504,282,1,1,128,1,1,16,0.000,0.000,,,,,NVIDIA A100-SXM4-40GB MIG 4g.20gb (0),1,,13,cupy_copy__complex64_complex64
14331509630,6080,265513,26,1,1,128,1,1,16,0.000,0.000,,,,,NVIDIA A100-SXM4-40GB MIG 4g.20gb (0),1,,13,cupy_copy__float32_float32
14331652828,13152,265522,103,1,1,128,1,1,16,0.000,0.000,,,,,NVIDIA A100-SXM4-40GB MIG 4g.20gb (0),1,,13,cupy_copy__complex64_complex64
14331926585,33504,265532,1434,1,1,128,1,1,16,0.000,0.000,,,,,NVIDIA A100-SXM4-40GB MIG 4g.20gb (0),1,,13,cupy_copy__complex64_complex64
14332100279,256733,265537,1,1,1,32,32,1,30,0.000,0.000,,,,,NVIDIA A100-SXM4-40GB MIG 4g.20gb (0),1,,13,"void convert_kernel<__half2, float2>(tensor_layout_any, T1 *, tensor_layout_any, const T2 *)"
14332386932,5472,265540,,,,,,,,,,0.094,17122.757,Pinned,Device,NVIDIA A100-SXM4-40GB MIG 4g.20gb (0),1,,13,[CUDA memcpy Host-to-Device]
14332520978,641817,265541,,,,,,,,,,456.561,711322.724,Device,,NVIDIA A100-SXM4-40GB MIG 4g.20gb (0),1,,13,[CUDA memset]
14333165675,55295,265546,,,,,,,,,,1.235,22332.727,Pinned,Device,NVIDIA A100-SXM4-40GB MIG 4g.20gb (0),1,,13,[CUDA memcpy Host-to-Device]
14333224042,11072,265547,,,,,,,,,,0.197,17757.045,Pinned,Device,NVIDIA A100-SXM4-40GB MIG 4g.20gb (0),1,,13,[CUDA memcpy Host-to-Device]
14333336553,21152,265548,69,4,1,48,1,1,76,0.002,0.000,,,,,NVIDIA A100-SXM4-40GB MIG 4g.20gb (0),1,,13,"void ch_est::windowedChEstPreNoDftSOfdmKernel<float, __half, float, (unsigned int)2, (unsigned int)1, (unsigned short)4>(ch_est::puschRxChEstStatDescr_t *, ch_est::puschRxChEstDynDescr_t *)"
14333539271,33919,265549,137,2,1,24,2,1,44,0.001,0.001,,,,,NVIDIA A100-SXM4-40GB MIG 4g.20gb (0),1,,13,"void ch_est::chEstFilterNoDftSOfdmDispatchKernel<float, __half, float, (unsigned int)2>(ch_est::puschRxChEstStatDescr_t *, ch_est::puschRxChEstDynDescr_t *)"
14333694789,35232,265550,137,2,1,24,2,1,44,0.001,0.001,,,,,NVIDIA A100-SXM4-40GB MIG 4g.20gb (0),1,,13,"void ch_est::chEstFilterNoDftSOfdmDispatchKernel<float, __half, float, (unsigned int)2>(ch_est::puschRxChEstStatDescr_t *, ch_est::puschRxChEstDynDescr_t *)"
14333884387,3872,265561,103,1,1,128,1,1,16,0.000,0.000,,,,,NVIDIA A100-SXM4-40GB MIG 4g.20gb (0),1,,13,cupy_copy__complex64_complex64
14334015009,18592,265571,1434,1,1,128,1,1,16,0.000,0.000,,,,,NVIDIA A100-SXM4-40GB MIG 4g.20gb (0),1,,13,cupy_copy__complex64_complex64
14334210687,8352,265578,103,1,1,128,1,1,16,0.000,0.000,,,,,NVIDIA A100-SXM4-40GB MIG 4g.20gb (0),1,,13,cupy_copy__complex64_complex64
14334372157,291933,265585,1,1,1,32,32,1,30,0.000,0.000,,,,,NVIDIA A100-SXM4-40GB MIG 4g.20gb (0),1,,13,"void convert_kernel<__half2, float2>(tensor_layout_any, T1 *, tensor_layout_any, const T2 *)"
14334694074,6912,265588,,,,,,,,,,0.094,13555.469,Pinned,Device,NVIDIA A100-SXM4-40GB MIG 4g.20gb (0),1,,13,[CUDA memcpy Host-to-Device]
14334864632,59391,265589,,,,,,,,,,35.810,602931.623,Device,,NVIDIA A100-SXM4-40GB MIG 4g.20gb (0),1,,13,[CUDA memset]
14334930807,2432,265591,,,,,,,,,,0.000,32.895,Pinned,Device,NVIDIA A100-SXM4-40GB MIG 4g.20gb (0),1,,13,[CUDA memcpy Host-to-Device]
14334937047,12128,265592,,,,,,,,,,0.197,16210.919,Pinned,Device,NVIDIA A100-SXM4-40GB MIG 4g.20gb (0),1,,13,[CUDA memcpy Host-to-Device]
14335153493,28991,265593,273,1,1,48,1,1,40,0.000,0.001,,,,,NVIDIA A100-SXM4-40GB MIG 4g.20gb (0),1,,13,"void pusch_noise_intf_est::noiseIntfEstNoDftSOfdmKernel<float, __half, float, float, (unsigned int)2, (unsigned int)1, (unsigned char)4, (unsigned char)4>(pusch_noise_intf_est::puschRxNoiseIntfEstDynDescr)"
14335351058,12768,265604,35,1,1,128,1,1,16,0.000,0.000,,,,,NVIDIA A100-SXM4-40GB MIG 4g.20gb (0),1,,13,cupy_copy__complex64_complex64
14335540496,3776,265613,1,1,1,1,1,1,18,0.000,0.000,,,,,NVIDIA A100-SXM4-40GB MIG 4g.20gb (0),1,,13,cupy_copy__float32_float32
14335546224,1632,265619,,,,,,,,,,0.000,2.451,Device,Pageable,NVIDIA A100-SXM4-40GB MIG 4g.20gb (0),1,,7,[CUDA memcpy Device-to-Host]
14335772398,20159,265630,1434,1,1,128,1,1,16,0.000,0.000,,,,,NVIDIA A100-SXM4-40GB MIG 4g.20gb (0),1,,13,cupy_copy__complex64_complex64
14335956747,6848,265637,103,1,1,128,1,1,16,0.000,0.000,,,,,NVIDIA A100-SXM4-40GB MIG 4g.20gb (0),1,,13,cupy_copy__complex64_complex64
14336153353,9856,265644,35,1,1,128,1,1,16,0.000,0.000,,,,,NVIDIA A100-SXM4-40GB MIG 4g.20gb (0),1,,13,cupy_copy__complex64_complex64
14336337607,6720,265651,1,1,1,1,1,1,18,0.000,0.000,,,,,NVIDIA A100-SXM4-40GB MIG 4g.20gb (0),1,,13,cupy_copy__float32_float32
14336540325,295293,265662,1,1,1,32,32,1,30,0.000,0.000,,,,,NVIDIA A100-SXM4-40GB MIG 4g.20gb (0),1,,13,"void convert_kernel<__half2, float2>(tensor_layout_any, T1 *, tensor_layout_any, const T2 *)"
14336865281,5472,265665,,,,,,,,,,0.094,17122.757,Pinned,Device,NVIDIA A100-SXM4-40GB MIG 4g.20gb (0),1,,13,[CUDA memcpy Host-to-Device]
14337027647,10048,265666,,,,,,,,,,1.547,153923.114,Device,,NVIDIA A100-SXM4-40GB MIG 4g.20gb (0),1,,13,[CUDA memset]
14337041567,3456,265671,,,,,,,,,,0.031,9055.529,Pinned,Device,NVIDIA A100-SXM4-40GB MIG 4g.20gb (0),1,,13,[CUDA memcpy Host-to-Device]
14337047487,10272,265672,,,,,,,,,,0.197,19140.182,Pinned,Device,NVIDIA A100-SXM4-40GB MIG 4g.20gb (0),1,,13,[CUDA memcpy Host-to-Device]
14337202333,33312,265673,273,1,1,8,4,1,39,0.002,0.000,,,,,NVIDIA A100-SXM4-40GB MIG 4g.20gb (0),1,,13,"void channel_eq::eqMmseCoefCompLowMimoKernel<float, float, float, (unsigned int)4, (unsigned int)1, (unsigned int)4>(const channel_eq::_puschRxChEqStatDescr *, channel_eq::_puschRxChEqCoefCompDynDescr)"
14337477242,27680,265674,273,1,1,12,11,1,51,0.002,0.000,,,,,NVIDIA A100-SXM4-40GB MIG 4g.20gb (0),1,,13,"void channel_eq::eqMmseSoftDemapKernel<float, __half, __half, float, (unsigned int)4, (unsigned short)16383>(channel_eq::_puschRxChEqStatDescr *, channel_eq::_puschRxChEqSoftDemapDynDescr)"
14337668504,679577,265675,1,1,1,32,32,1,30,0.000,0.000,,,,,NVIDIA A100-SXM4-40GB MIG 4g.20gb (0),1,,13,"void convert_kernel<float2, __half2>(tensor_layout_any, T1 *, tensor_layout_any, const T2 *)"
14338471151,21408,265687,2253,1,1,128,1,1,16,0.000,0.000,,,,,NVIDIA A100-SXM4-40GB MIG 4g.20gb (0),1,,13,cupy_copy__float16_float16
14338637357,11776,265696,282,1,1,128,1,1,16,0.000,0.000,,,,,NVIDIA A100-SXM4-40GB MIG 4g.20gb (0),1,,13,cupy_copy__complex64_complex64
14338770316,4160,265705,26,1,1,128,1,1,16,0.000,0.000,,,,,NVIDIA A100-SXM4-40GB MIG 4g.20gb (0),1,,13,cupy_copy__float32_float32
14338890122,15232,265714,103,1,1,128,1,1,16,0.000,0.000,,,,,NVIDIA A100-SXM4-40GB MIG 4g.20gb (0),1,,13,cupy_copy__complex64_complex64
14339116424,20832,265724,1434,1,1,128,1,1,16,0.000,0.000,,,,,NVIDIA A100-SXM4-40GB MIG 4g.20gb (0),1,,13,cupy_copy__complex64_complex64
14339283526,275837,265729,1,1,1,32,32,1,30,0.000,0.000,,,,,NVIDIA A100-SXM4-40GB MIG 4g.20gb (0),1,,13,"void convert_kernel<__half2, float2>(tensor_layout_any, T1 *, tensor_layout_any, const T2 *)"
14339588739,5439,265732,,,,,,,,,,0.094,17226.665,Pinned,Device,NVIDIA A100-SXM4-40GB MIG 4g.20gb (0),1,,13,[CUDA memcpy Host-to-Device]
14339731329,641817,265733,,,,,,,,,,456.561,711322.724,Device,,NVIDIA A100-SXM4-40GB MIG 4g.20gb (0),1,,13,[CUDA memset]
14340374234,55391,265738,,,,,,,,,,1.235,22294.444,Pinned,Device,NVIDIA A100-SXM4-40GB MIG 4g.20gb (0),1,,13,[CUDA memcpy Host-to-Device]
14340432953,10048,265739,,,,,,,,,,0.197,19566.821,Pinned,Device,NVIDIA A100-SXM4-40GB MIG 4g.20gb (0),1,,13,[CUDA memcpy Host-to-Device]
14340543128,20800,265740,69,4,1,48,1,1,76,0.002,0.000,,,,,NVIDIA A100-SXM4-40GB MIG 4g.20gb (0),1,,13,"void ch_est::windowedChEstPreNoDftSOfdmKernel<float, __half, float, (unsigned int)2, (unsigned int)1, (unsigned short)4>(ch_est::puschRxChEstStatDescr_t *, ch_est::puschRxChEstDynDescr_t *)"
14340696534,26624,265741,137,2,1,24,2,1,44,0.001,0.001,,,,,NVIDIA A100-SXM4-40GB MIG 4g.20gb (0),1,,13,"void ch_est::chEstFilterNoDftSOfdmDispatchKernel<float, __half, float, (unsigned int)2>(ch_est::puschRxChEstStatDescr_t *, ch_est::puschRxChEstDynDescr_t *)"
14340851028,29376,265742,137,2,1,24,2,1,44,0.001,0.001,,,,,NVIDIA A100-SXM4-40GB MIG 4g.20gb (0),1,,13,"void ch_est::chEstFilterNoDftSOfdmDispatchKernel<float, __half, float, (unsigned int)2>(ch_est::puschRxChEstStatDescr_t *, ch_est::puschRxChEstDynDescr_t *)"
14340989747,4192,265753,103,1,1,128,1,1,16,0.000,0.000,,,,,NVIDIA A100-SXM4-40GB MIG 4g.20gb (0),1,,13,cupy_copy__complex64_complex64
14341128305,18016,265763,1434,1,1,128,1,1,16,0.000,0.000,,,,,NVIDIA A100-SXM4-40GB MIG 4g.20gb (0),1,,13,cupy_copy__complex64_complex64
14341279759,7872,265770,103,1,1,128,1,1,16,0.000,0.000,,,,,NVIDIA A100-SXM4-40GB MIG 4g.20gb (0),1,,13,cupy_copy__complex64_complex64
14341447886,275996,265777,1,1,1,32,32,1,30,0.000,0.000,,,,,NVIDIA A100-SXM4-40GB MIG 4g.20gb (0),1,,13,"void convert_kernel<__half2, float2>(tensor_layout_any, T1 *, tensor_layout_any, const T2 *)"
14341755114,5984,265780,,,,,,,,,,0.094,15657.726,Pinned,Device,NVIDIA A100-SXM4-40GB MIG 4g.20gb (0),1,,13,[CUDA memcpy Host-to-Device]
14342007143,56288,265781,,,,,,,,,,35.810,636163.229,Device,,NVIDIA A100-SXM4-40GB MIG 4g.20gb (0),1,,13,[CUDA memset]
14342071079,1824,265783,,,,,,,,,,0.000,43.860,Pinned,Device,NVIDIA A100-SXM4-40GB MIG 4g.20gb (0),1,,13,[CUDA memcpy Host-to-Device]
14342075463,9439,265784,,,,,,,,,,0.197,20829.241,Pinned,Device,NVIDIA A100-SXM4-40GB MIG 4g.20gb (0),1,,13,[CUDA memcpy Host-to-Device]
14342239461,33055,265785,273,1,1,48,1,1,40,0.000,0.001,,,,,NVIDIA A100-SXM4-40GB MIG 4g.20gb (0),1,,13,"void pusch_noise_intf_est::noiseIntfEstNoDftSOfdmKernel<float, __half, float, float, (unsigned int)2, (unsigned int)1, (unsigned char)4, (unsigned char)4>(pusch_noise_intf_est::puschRxNoiseIntfEstDynDescr)"
14342496706,10976,265796,35,1,1,128,1,1,16,0.000,0.000,,,,,NVIDIA A100-SXM4-40GB MIG 4g.20gb (0),1,,13,cupy_copy__complex64_complex64
14342725247,4800,265805,1,1,1,1,1,1,18,0.000,0.000,,,,,NVIDIA A100-SXM4-40GB MIG 4g.20gb (0),1,,13,cupy_copy__float32_float32
14342732575,2848,265811,,,,,,,,,,0.000,1.404,Device,Pageable,NVIDIA A100-SXM4-40GB MIG 4g.20gb (0),1,,7,[CUDA memcpy Device-to-Host]
14342945053,17664,265822,1434,1,1,128,1,1,16,0.000,0.000,,,,,NVIDIA A100-SXM4-40GB MIG 4g.20gb (0),1,,13,cupy_copy__complex64_complex64
14343174106,7168,265829,103,1,1,128,1,1,16,0.000,0.000,,,,,NVIDIA A100-SXM4-40GB MIG 4g.20gb (0),1,,13,cupy_copy__complex64_complex64
14343406232,9087,265836,35,1,1,128,1,1,16,0.000,0.000,,,,,NVIDIA A100-SXM4-40GB MIG 4g.20gb (0),1,,13,cupy_copy__complex64_complex64
14343641685,3744,265843,1,1,1,1,1,1,18,0.000,0.000,,,,,NVIDIA A100-SXM4-40GB MIG 4g.20gb (0),1,,13,cupy_copy__float32_float32
14343813139,273917,265854,1,1,1,32,32,1,30,0.000,0.000,,,,,NVIDIA A100-SXM4-40GB MIG 4g.20gb (0),1,,13,"void convert_kernel<__half2, float2>(tensor_layout_any, T1 *, tensor_layout_any, const T2 *)"
14344118192,8031,265857,,,,,,,,,,0.094,11666.745,Pinned,Device,NVIDIA A100-SXM4-40GB MIG 4g.20gb (0),1,,13,[CUDA memcpy Host-to-Device]
14344332013,6944,265858,,,,,,,,,,1.547,222727.776,Device,,NVIDIA A100-SXM4-40GB MIG 4g.20gb (0),1,,13,[CUDA memset]
14344340813,3808,265863,,,,,,,,,,0.031,8218.486,Pinned,Device,NVIDIA A100-SXM4-40GB MIG 4g.20gb (0),1,,13,[CUDA memcpy Host-to-Device]
14344348429,10688,265864,,,,,,,,,,0.197,18395.038,Pinned,Device,NVIDIA A100-SXM4-40GB MIG 4g.20gb (0),1,,13,[CUDA memcpy Host-to-Device]
14344536171,25472,265865,273,1,1,8,4,1,39,0.002,0.000,,,,,NVIDIA A100-SXM4-40GB MIG 4g.20gb (0),1,,13,"void channel_eq::eqMmseCoefCompLowMimoKernel<float, float, float, (unsigned int)4, (unsigned int)1, (unsigned int)4>(const channel_eq::_puschRxChEqStatDescr *, channel_eq::_puschRxChEqCoefCompDynDescr)"
14344824616,19551,265866,273,1,1,12,11,1,51,0.002,0.000,,,,,NVIDIA A100-SXM4-40GB MIG 4g.20gb (0),1,,13,"void channel_eq::eqMmseSoftDemapKernel<float, __half, __half, float, (unsigned int)4, (unsigned short)16383>(channel_eq::_puschRxChEqStatDescr *, channel_eq::_puschRxChEqSoftDemapDynDescr)"
14345051621,696952,265867,1,1,1,32,32,1,30,0.000,0.000,,,,,NVIDIA A100-SXM4-40GB MIG 4g.20gb (0),1,,13,"void convert_kernel<float2, __half2>(tensor_layout_any, T1 *, tensor_layout_any, const T2 *)"
14345882364,16351,265879,2253,1,1,128,1,1,16,0.000,0.000,,,,,NVIDIA A100-SXM4-40GB MIG 4g.20gb (0),1,,13,cupy_copy__float16_float16
14346038842,7456,265888,282,1,1,128,1,1,16,0.000,0.000,,,,,NVIDIA A100-SXM4-40GB MIG 4g.20gb (0),1,,13,cupy_copy__complex64_complex64
14346159417,7455,265897,26,1,1,128,1,1,16,0.000,0.000,,,,,NVIDIA A100-SXM4-40GB MIG 4g.20gb (0),1,,13,cupy_copy__float32_float32
14346295831,16864,265906,103,1,1,128,1,1,16,0.000,0.000,,,,,NVIDIA A100-SXM4-40GB MIG 4g.20gb (0),1,,13,cupy_copy__complex64_complex64
14346510741,22367,265916,1434,1,1,128,1,1,16,0.000,0.000,,,,,NVIDIA A100-SXM4-40GB MIG 4g.20gb (0),1,,13,cupy_copy__complex64_complex64
14346662515,276125,265921,1,1,1,32,32,1,30,0.000,0.000,,,,,NVIDIA A100-SXM4-40GB MIG 4g.20gb (0),1,,13,"void convert_kernel<__half2, float2>(tensor_layout_any, T1 *, tensor_layout_any, const T2 *)"
14346969263,6528,265924,,,,,,,,,,0.094,14352.915,Pinned,Device,NVIDIA A100-SXM4-40GB MIG 4g.20gb (0),1,,13,[CUDA memcpy Host-to-Device]
14347111214,640793,265925,,,,,,,,,,456.561,712235.846,Device,,NVIDIA A100-SXM4-40GB MIG 4g.20gb (0),1,,13,[CUDA memset]
14347757926,56416,265930,,,,,,,,,,1.235,21889.382,Pinned,Device,NVIDIA A100-SXM4-40GB MIG 4g.20gb (0),1,,13,[CUDA memcpy Host-to-Device]
14347817606,9920,265931,,,,,,,,,,0.197,19819.266,Pinned,Device,NVIDIA A100-SXM4-40GB MIG 4g.20gb (0),1,,13,[CUDA memcpy Host-to-Device]
14347965412,22272,265932,69,4,1,48,1,1,76,0.002,0.000,,,,,NVIDIA A100-SXM4-40GB MIG 4g.20gb (0),1,,13,"void ch_est::windowedChEstPreNoDftSOfdmKernel<float, __half, float, (unsigned int)2, (unsigned int)1, (unsigned short)4>(ch_est::puschRxChEstStatDescr_t *, ch_est::puschRxChEstDynDescr_t *)"
14348126562,33504,265933,137,2,1,24,2,1,44,0.001,0.001,,,,,NVIDIA A100-SXM4-40GB MIG 4g.20gb (0),1,,13,"void ch_est::chEstFilterNoDftSOfdmDispatchKernel<float, __half, float, (unsigned int)2>(ch_est::puschRxChEstStatDescr_t *, ch_est::puschRxChEstDynDescr_t *)"
14348285281,30943,265934,137,2,1,24,2,1,44,0.001,0.001,,,,,NVIDIA A100-SXM4-40GB MIG 4g.20gb (0),1,,13,"void ch_est::chEstFilterNoDftSOfdmDispatchKernel<float, __half, float, (unsigned int)2>(ch_est::puschRxChEstStatDescr_t *, ch_est::puschRxChEstDynDescr_t *)"
14348426751,4320,265945,103,1,1,128,1,1,16,0.000,0.000,,,,,NVIDIA A100-SXM4-40GB MIG 4g.20gb (0),1,,13,cupy_copy__complex64_complex64
14348563261,18240,265955,1434,1,1,128,1,1,16,0.000,0.000,,,,,NVIDIA A100-SXM4-40GB MIG 4g.20gb (0),1,,13,cupy_copy__complex64_complex64
14348712252,8480,265962,103,1,1,128,1,1,16,0.000,0.000,,,,,NVIDIA A100-SXM4-40GB MIG 4g.20gb (0),1,,13,cupy_copy__complex64_complex64
14348884090,273949,265969,1,1,1,32,32,1,30,0.000,0.000,,,,,NVIDIA A100-SXM4-40GB MIG 4g.20gb (0),1,,13,"void convert_kernel<__half2, float2>(tensor_layout_any, T1 *, tensor_layout_any, const T2 *)"
14349189750,5856,265972,,,,,,,,,,0.094,15999.997,Pinned,Device,NVIDIA A100-SXM4-40GB MIG 4g.20gb (0),1,,13,[CUDA memcpy Host-to-Device]
14349355668,55808,265973,,,,,,,,,,35.810,641642.147,Device,,NVIDIA A100-SXM4-40GB MIG 4g.20gb (0),1,,13,[CUDA memset]
14349415732,1824,265975,,,,,,,,,,0.000,43.860,Pinned,Device,NVIDIA A100-SXM4-40GB MIG 4g.20gb (0),1,,13,[CUDA memcpy Host-to-Device]
14349420052,9440,265976,,,,,,,,,,0.197,20827.079,Pinned,Device,NVIDIA A100-SXM4-40GB MIG 4g.20gb (0),1,,13,[CUDA memcpy Host-to-Device]
14349584178,32256,265977,273,1,1,48,1,1,40,0.000,0.001,,,,,NVIDIA A100-SXM4-40GB MIG 4g.20gb (0),1,,13,"void pusch_noise_intf_est::noiseIntfEstNoDftSOfdmKernel<float, __half, float, float, (unsigned int)2, (unsigned int)1, (unsigned char)4, (unsigned char)4>(pusch_noise_intf_est::puschRxNoiseIntfEstDynDescr)"
14349763344,9984,265988,35,1,1,128,1,1,16,0.000,0.000,,,,,NVIDIA A100-SXM4-40GB MIG 4g.20gb (0),1,,13,cupy_copy__complex64_complex64
14349904590,6272,265997,1,1,1,1,1,1,18,0.000,0.000,,,,,NVIDIA A100-SXM4-40GB MIG 4g.20gb (0),1,,13,cupy_copy__float32_float32
14349914222,1600,266003,,,,,,,,,,0.000,2.500,Device,Pageable,NVIDIA A100-SXM4-40GB MIG 4g.20gb (0),1,,7,[CUDA memcpy Device-to-Host]
14350092620,21760,266014,1434,1,1,128,1,1,16,0.000,0.000,,,,,NVIDIA A100-SXM4-40GB MIG 4g.20gb (0),1,,13,cupy_copy__complex64_complex64
14350259114,7968,266021,103,1,1,128,1,1,16,0.000,0.000,,,,,NVIDIA A100-SXM4-40GB MIG 4g.20gb (0),1,,13,cupy_copy__complex64_complex64
14350412425,4032,266028,35,1,1,128,1,1,16,0.000,0.000,,,,,NVIDIA A100-SXM4-40GB MIG 4g.20gb (0),1,,13,cupy_copy__complex64_complex64
14350584007,4480,266035,1,1,1,1,1,1,18,0.000,0.000,,,,,NVIDIA A100-SXM4-40GB MIG 4g.20gb (0),1,,13,cupy_copy__float32_float32
14350821476,294109,266046,1,1,1,32,32,1,30,0.000,0.000,,,,,NVIDIA A100-SXM4-40GB MIG 4g.20gb (0),1,,13,"void convert_kernel<__half2, float2>(tensor_layout_any, T1 *, tensor_layout_any, const T2 *)"
14351146592,5600,266049,,,,,,,,,,0.094,16731.388,Pinned,Device,NVIDIA A100-SXM4-40GB MIG 4g.20gb (0),1,,13,[CUDA memcpy Host-to-Device]
14351298687,9951,266050,,,,,,,,,,1.547,155423.339,Device,,NVIDIA A100-SXM4-40GB MIG 4g.20gb (0),1,,13,[CUDA memset]
14351313438,3232,266055,,,,,,,,,,0.031,9683.139,Pinned,Device,NVIDIA A100-SXM4-40GB MIG 4g.20gb (0),1,,13,[CUDA memcpy Host-to-Device]
14351319870,11072,266056,,,,,,,,,,0.197,17757.045,Pinned,Device,NVIDIA A100-SXM4-40GB MIG 4g.20gb (0),1,,13,[CUDA memcpy Host-to-Device]
14351561948,27135,266057,273,1,1,8,4,1,39,0.002,0.000,,,,,NVIDIA A100-SXM4-40GB MIG 4g.20gb (0),1,,13,"void channel_eq::eqMmseCoefCompLowMimoKernel<float, float, float, (unsigned int)4, (unsigned int)1, (unsigned int)4>(const channel_eq::_puschRxChEqStatDescr *, channel_eq::_puschRxChEqCoefCompDynDescr)"
14351888760,20064,266058,273,1,1,12,11,1,51,0.002,0.000,,,,,NVIDIA A100-SXM4-40GB MIG 4g.20gb (0),1,,13,"void channel_eq::eqMmseSoftDemapKernel<float, __half, __half, float, (unsigned int)4, (unsigned short)16383>(channel_eq::_puschRxChEqStatDescr *, channel_eq::_puschRxChEqSoftDemapDynDescr)"
14352154997,696568,266059,1,1,1,32,32,1,30,0.000,0.000,,,,,NVIDIA A100-SXM4-40GB MIG 4g.20gb (0),1,,13,"void convert_kernel<float2, __half2>(tensor_layout_any, T1 *, tensor_layout_any, const T2 *)"
14353063211,16832,266071,2253,1,1,128,1,1,16,0.000,0.000,,,,,NVIDIA A100-SXM4-40GB MIG 4g.20gb (0),1,,13,cupy_copy__float16_float16
14353302120,10464,266080,282,1,1,128,1,1,16,0.000,0.000,,,,,NVIDIA A100-SXM4-40GB MIG 4g.20gb (0),1,,13,cupy_copy__complex64_complex64
14353520806,3552,266089,26,1,1,128,1,1,16,0.000,0.000,,,,,NVIDIA A100-SXM4-40GB MIG 4g.20gb (0),1,,13,cupy_copy__float32_float32
14353721027,10464,266098,103,1,1,128,1,1,16,0.000,0.000,,,,,NVIDIA A100-SXM4-40GB MIG 4g.20gb (0),1,,13,cupy_copy__complex64_complex64
14353972288,17856,266108,1434,1,1,128,1,1,16,0.000,0.000,,,,,NVIDIA A100-SXM4-40GB MIG 4g.20gb (0),1,,13,cupy_copy__complex64_complex64
14354243773,262621,266113,1,1,1,32,32,1,30,0.000,0.000,,,,,NVIDIA A100-SXM4-40GB MIG 4g.20gb (0),1,,13,"void convert_kernel<__half2, float2>(tensor_layout_any, T1 *, tensor_layout_any, const T2 *)"
14354593369,6208,266116,,,,,,,,,,0.094,15092.739,Pinned,Device,NVIDIA A100-SXM4-40GB MIG 4g.20gb (0),1,,13,[CUDA memcpy Host-to-Device]
14354732088,632857,266117,,,,,,,,,,456.561,721367.075,Device,,NVIDIA A100-SXM4-40GB MIG 4g.20gb (0),1,,13,[CUDA memset]
14355369425,57919,266122,,,,,,,,,,1.235,21321.308,Pinned,Device,NVIDIA A100-SXM4-40GB MIG 4g.20gb (0),1,,13,[CUDA memcpy Host-to-Device]
14355429872,12288,266123,,,,,,,,,,0.197,15999.959,Pinned,Device,NVIDIA A100-SXM4-40GB MIG 4g.20gb (0),1,,13,[CUDA memcpy Host-to-Device]
14355574190,29120,266124,69,4,1,48,1,1,76,0.002,0.000,,,,,NVIDIA A100-SXM4-40GB MIG 4g.20gb (0),1,,13,"void ch_est::windowedChEstPreNoDftSOfdmKernel<float, __half, float, (unsigned int)2, (unsigned int)1, (unsigned short)4>(ch_est::puschRxChEstStatDescr_t *, ch_est::puschRxChEstDynDescr_t *)"
14355732301,31839,266125,137,2,1,24,2,1,44,0.001,0.001,,,,,NVIDIA A100-SXM4-40GB MIG 4g.20gb (0),1,,13,"void ch_est::chEstFilterNoDftSOfdmDispatchKernel<float, __half, float, (unsigned int)2>(ch_est::puschRxChEstStatDescr_t *, ch_est::puschRxChEstDynDescr_t *)"
14355876587,18560,266126,137,2,1,24,2,1,44,0.001,0.001,,,,,NVIDIA A100-SXM4-40GB MIG 4g.20gb (0),1,,13,"void ch_est::chEstFilterNoDftSOfdmDispatchKernel<float, __half, float, (unsigned int)2>(ch_est::puschRxChEstStatDescr_t *, ch_est::puschRxChEstDynDescr_t *)"
14356010314,6719,266137,103,1,1,128,1,1,16,0.000,0.000,,,,,NVIDIA A100-SXM4-40GB MIG 4g.20gb (0),1,,13,cupy_copy__complex64_complex64
14356162120,20672,266147,1434,1,1,128,1,1,16,0.000,0.000,,,,,NVIDIA A100-SXM4-40GB MIG 4g.20gb (0),1,,13,cupy_copy__complex64_complex64
14356329926,10048,266154,103,1,1,128,1,1,16,0.000,0.000,,,,,NVIDIA A100-SXM4-40GB MIG 4g.20gb (0),1,,13,cupy_copy__complex64_complex64
14356474852,273277,266161,1,1,1,32,32,1,30,0.000,0.000,,,,,NVIDIA A100-SXM4-40GB MIG 4g.20gb (0),1,,13,"void convert_kernel<__half2, float2>(tensor_layout_any, T1 *, tensor_layout_any, const T2 *)"
14356777953,6912,266164,,,,,,,,,,0.094,13555.469,Pinned,Device,NVIDIA A100-SXM4-40GB MIG 4g.20gb (0),1,,13,[CUDA memcpy Host-to-Device]
14356949375,60735,266165,,,,,,,,,,35.810,589574.523,Device,,NVIDIA A100-SXM4-40GB MIG 4g.20gb (0),1,,13,[CUDA memset]
14357015166,1824,266167,,,,,,,,,,0.000,43.860,Pinned,Device,NVIDIA A100-SXM4-40GB MIG 4g.20gb (0),1,,13,[CUDA memcpy Host-to-Device]
14357019454,10240,266168,,,,,,,,,,0.197,19199.951,Pinned,Device,NVIDIA A100-SXM4-40GB MIG 4g.20gb (0),1,,13,[CUDA memcpy Host-to-Device]
14357186076,40704,266169,273,1,1,48,1,1,40,0.000,0.001,,,,,NVIDIA A100-SXM4-40GB MIG 4g.20gb (0),1,,13,"void pusch_noise_intf_est::noiseIntfEstNoDftSOfdmKernel<float, __half, float, float, (unsigned int)2, (unsigned int)1, (unsigned char)4, (unsigned char)4>(pusch_noise_intf_est::puschRxNoiseIntfEstDynDescr)"
14357365786,11616,266180,35,1,1,128,1,1,16,0.000,0.000,,,,,NVIDIA A100-SXM4-40GB MIG 4g.20gb (0),1,,13,cupy_copy__complex64_complex64
14357524088,5952,266189,1,1,1,1,1,1,18,0.000,0.000,,,,,NVIDIA A100-SXM4-40GB MIG 4g.20gb (0),1,,13,cupy_copy__float32_float32
14357533304,2304,266195,,,,,,,,,,0.000,1.736,Device,Pageable,NVIDIA A100-SXM4-40GB MIG 4g.20gb (0),1,,7,[CUDA memcpy Device-to-Host]
14357715798,20928,266206,1434,1,1,128,1,1,16,0.000,0.000,,,,,NVIDIA A100-SXM4-40GB MIG 4g.20gb (0),1,,13,cupy_copy__complex64_complex64
14357807317,7104,266213,103,1,1,128,1,1,16,0.000,0.000,,,,,NVIDIA A100-SXM4-40GB MIG 4g.20gb (0),1,,13,cupy_copy__complex64_complex64
14357958804,7391,266220,35,1,1,128,1,1,16,0.000,0.000,,,,,NVIDIA A100-SXM4-40GB MIG 4g.20gb (0),1,,13,cupy_copy__complex64_complex64
14358145841,4224,266227,1,1,1,1,1,1,18,0.000,0.000,,,,,NVIDIA A100-SXM4-40GB MIG 4g.20gb (0),1,,13,cupy_copy__float32_float32
14358243344,263229,266238,1,1,1,32,32,1,30,0.000,0.000,,,,,NVIDIA A100-SXM4-40GB MIG 4g.20gb (0),1,,13,"void convert_kernel<__half2, float2>(tensor_layout_any, T1 *, tensor_layout_any, const T2 *)"
14358536013,5984,266241,,,,,,,,,,0.094,15657.726,Pinned,Device,NVIDIA A100-SXM4-40GB MIG 4g.20gb (0),1,,13,[CUDA memcpy Host-to-Device]
14358670764,11327,266242,,,,,,,,,,1.547,136542.153,Device,,NVIDIA A100-SXM4-40GB MIG 4g.20gb (0),1,,13,[CUDA memset]
14358683883,3136,266247,,,,,,,,,,0.031,9979.575,Pinned,Device,NVIDIA A100-SXM4-40GB MIG 4g.20gb (0),1,,13,[CUDA memcpy Host-to-Device]
14358689483,10816,266248,,,,,,,,,,0.197,18177.393,Pinned,Device,NVIDIA A100-SXM4-40GB MIG 4g.20gb (0),1,,13,[CUDA memcpy Host-to-Device]
14358807434,38656,266249,273,1,1,8,4,1,39,0.002,0.000,,,,,NVIDIA A100-SXM4-40GB MIG 4g.20gb (0),1,,13,"void channel_eq::eqMmseCoefCompLowMimoKernel<float, float, float, (unsigned int)4, (unsigned int)1, (unsigned int)4>(const channel_eq::_puschRxChEqStatDescr *, channel_eq::_puschRxChEqCoefCompDynDescr)"
14358973512,13984,266250,273,1,1,12,11,1,51,0.002,0.000,,,,,NVIDIA A100-SXM4-40GB MIG 4g.20gb (0),1,,13,"void channel_eq::eqMmseSoftDemapKernel<float, __half, __half, float, (unsigned int)4, (unsigned short)16383>(channel_eq::_puschRxChEqStatDescr *, channel_eq::_puschRxChEqSoftDemapDynDescr)"
14359094471,687096,266251,1,1,1,32,32,1,30,0.000,0.000,,,,,NVIDIA A100-SXM4-40GB MIG 4g.20gb (0),1,,13,"void convert_kernel<float2, __half2>(tensor_layout_any, T1 *, tensor_layout_any, const T2 *)"
14359945501,17760,266263,2253,1,1,128,1,1,16,0.000,0.000,,,,,NVIDIA A100-SXM4-40GB MIG 4g.20gb (0),1,,13,cupy_copy__float16_float16
14360075836,10816,266272,282,1,1,128,1,1,16,0.000,0.000,,,,,NVIDIA A100-SXM4-40GB MIG 4g.20gb (0),1,,13,cupy_copy__complex64_complex64
14360257690,8736,266281,26,1,1,128,1,1,16,0.000,0.000,,,,,NVIDIA A100-SXM4-40GB MIG 4g.20gb (0),1,,13,cupy_copy__float32_float32
14360398296,12576,266290,103,1,1,128,1,1,16,0.000,0.000,,,,,NVIDIA A100-SXM4-40GB MIG 4g.20gb (0),1,,13,cupy_copy__complex64_complex64
14360629813,21856,266300,1434,1,1,128,1,1,16,0.000,0.000,,,,,NVIDIA A100-SXM4-40GB MIG 4g.20gb (0),1,,13,cupy_copy__complex64_complex64
14360806739,282205,266305,1,1,1,32,32,1,30,0.000,0.000,,,,,NVIDIA A100-SXM4-40GB MIG 4g.20gb (0),1,,13,"void convert_kernel<__half2, float2>(tensor_layout_any, T1 *, tensor_layout_any, const T2 *)"
14361119920,7808,266308,,,,,,,,,,0.094,11999.928,Pinned,Device,NVIDIA A100-SXM4-40GB MIG 4g.20gb (0),1,,13,[CUDA memcpy Host-to-Device]
14361287982,636505,266309,,,,,,,,,,456.561,717258.022,Device,,NVIDIA A100-SXM4-40GB MIG 4g.20gb (0),1,,13,[CUDA memset]
14361926663,60799,266314,,,,,,,,,,1.235,20311.124,Pinned,Device,NVIDIA A100-SXM4-40GB MIG 4g.20gb (0),1,,13,[CUDA memcpy Host-to-Device]
14361990886,11008,266315,,,,,,,,,,0.197,17860.461,Pinned,Device,NVIDIA A100-SXM4-40GB MIG 4g.20gb (0),1,,13,[CUDA memcpy Host-to-Device]
14362185572,30848,266316,69,4,1,48,1,1,76,0.002,0.000,,,,,NVIDIA A100-SXM4-40GB MIG 4g.20gb (0),1,,13,"void ch_est::windowedChEstPreNoDftSOfdmKernel<float, __half, float, (unsigned int)2, (unsigned int)1, (unsigned short)4>(ch_est::puschRxChEstStatDescr_t *, ch_est::puschRxChEstDynDescr_t *)"
14362413089,36288,266317,137,2,1,24,2,1,44,0.001,0.001,,,,,NVIDIA A100-SXM4-40GB MIG 4g.20gb (0),1,,13,"void ch_est::chEstFilterNoDftSOfdmDispatchKernel<float, __half, float, (unsigned int)2>(ch_est::puschRxChEstStatDescr_t *, ch_est::puschRxChEstDynDescr_t *)"
14362646815,48639,266318,137,2,1,24,2,1,44,0.001,0.001,,,,,NVIDIA A100-SXM4-40GB MIG 4g.20gb (0),1,,13,"void ch_est::chEstFilterNoDftSOfdmDispatchKernel<float, __half, float, (unsigned int)2>(ch_est::puschRxChEstStatDescr_t *, ch_est::puschRxChEstDynDescr_t *)"
14362879612,9056,266329,103,1,1,128,1,1,16,0.000,0.000,,,,,NVIDIA A100-SXM4-40GB MIG 4g.20gb (0),1,,13,cupy_copy__complex64_complex64
14363058170,27488,266339,1434,1,1,128,1,1,16,0.000,0.000,,,,,NVIDIA A100-SXM4-40GB MIG 4g.20gb (0),1,,13,cupy_copy__complex64_complex64
14363229208,10944,266346,103,1,1,128,1,1,16,0.000,0.000,,,,,NVIDIA A100-SXM4-40GB MIG 4g.20gb (0),1,,13,cupy_copy__complex64_complex64
14363400854,279517,266353,1,1,1,32,32,1,30,0.000,0.000,,,,,NVIDIA A100-SXM4-40GB MIG 4g.20gb (0),1,,13,"void convert_kernel<__half2, float2>(tensor_layout_any, T1 *, tensor_layout_any, const T2 *)"
14363710483,7296,266356,,,,,,,,,,0.094,12842.067,Pinned,Device,NVIDIA A100-SXM4-40GB MIG 4g.20gb (0),1,,13,[CUDA memcpy Host-to-Device]
14363869809,57599,266357,,,,,,,,,,35.810,621696.021,Device,,NVIDIA A100-SXM4-40GB MIG 4g.20gb (0),1,,13,[CUDA memset]
14363932208,3360,266359,,,,,,,,,,0.000,23.810,Pinned,Device,NVIDIA A100-SXM4-40GB MIG 4g.20gb (0),1,,13,[CUDA memcpy Host-to-Device]
14363938000,9856,266360,,,,,,,,,,0.197,19948.044,Pinned,Device,NVIDIA A100-SXM4-40GB MIG 4g.20gb (0),1,,13,[CUDA memcpy Host-to-Device]
14364093838,37376,266361,273,1,1,48,1,1,40,0.000,0.001,,,,,NVIDIA A100-SXM4-40GB MIG 4g.20gb (0),1,,13,"void pusch_noise_intf_est::noiseIntfEstNoDftSOfdmKernel<float, __half, float, float, (unsigned int)2, (unsigned int)1, (unsigned char)4, (unsigned char)4>(pusch_noise_intf_est::puschRxNoiseIntfEstDynDescr)"
14364215277,7424,266372,35,1,1,128,1,1,16,0.000,0.000,,,,,NVIDIA A100-SXM4-40GB MIG 4g.20gb (0),1,,13,cupy_copy__complex64_complex64
14364378571,7424,266381,1,1,1,1,1,1,18,0.000,0.000,,,,,NVIDIA A100-SXM4-40GB MIG 4g.20gb (0),1,,13,cupy_copy__float32_float32
14364394027,1632,266387,,,,,,,,,,0.000,2.451,Device,Pageable,NVIDIA A100-SXM4-40GB MIG 4g.20gb (0),1,,7,[CUDA memcpy Device-to-Host]
14364575945,20448,266398,1434,1,1,128,1,1,16,0.000,0.000,,,,,NVIDIA A100-SXM4-40GB MIG 4g.20gb (0),1,,13,cupy_copy__complex64_complex64
14364733159,9728,266405,103,1,1,128,1,1,16,0.000,0.000,,,,,NVIDIA A100-SXM4-40GB MIG 4g.20gb (0),1,,13,cupy_copy__complex64_complex64
14364875718,4128,266412,35,1,1,128,1,1,16,0.000,0.000,,,,,NVIDIA A100-SXM4-40GB MIG 4g.20gb (0),1,,13,cupy_copy__complex64_complex64
14365071779,7072,266419,1,1,1,1,1,1,18,0.000,0.000,,,,,NVIDIA A100-SXM4-40GB MIG 4g.20gb (0),1,,13,cupy_copy__float32_float32
14365316065,257277,266430,1,1,1,32,32,1,30,0.000,0.000,,,,,NVIDIA A100-SXM4-40GB MIG 4g.20gb (0),1,,13,"void convert_kernel<__half2, float2>(tensor_layout_any, T1 *, tensor_layout_any, const T2 *)"
14365603261,6112,266433,,,,,,,,,,0.094,15329.790,Pinned,Device,NVIDIA A100-SXM4-40GB MIG 4g.20gb (0),1,,13,[CUDA memcpy Host-to-Device]
14365796283,20096,266434,,,,,,,,,,1.547,76961.557,Device,,NVIDIA A100-SXM4-40GB MIG 4g.20gb (0),1,,13,[CUDA memset]
14365818075,3040,266439,,,,,,,,,,0.031,10294.725,Pinned,Device,NVIDIA A100-SXM4-40GB MIG 4g.20gb (0),1,,13,[CUDA memcpy Host-to-Device]
14365823579,13216,266440,,,,,,,,,,0.197,14876.344,Pinned,Device,NVIDIA A100-SXM4-40GB MIG 4g.20gb (0),1,,13,[CUDA memcpy Host-to-Device]
14365975865,51456,266441,273,1,1,8,4,1,39,0.002,0.000,,,,,NVIDIA A100-SXM4-40GB MIG 4g.20gb (0),1,,13,"void channel_eq::eqMmseCoefCompLowMimoKernel<float, float, float, (unsigned int)4, (unsigned int)1, (unsigned int)4>(const channel_eq::_puschRxChEqStatDescr *, channel_eq::_puschRxChEqCoefCompDynDescr)"
14366257078,40224,266442,273,1,1,12,11,1,51,0.002,0.000,,,,,NVIDIA A100-SXM4-40GB MIG 4g.20gb (0),1,,13,"void channel_eq::eqMmseSoftDemapKernel<float, __half, __half, float, (unsigned int)4, (unsigned short)16383>(channel_eq::_puschRxChEqStatDescr *, channel_eq::_puschRxChEqSoftDemapDynDescr)"
14366454388,703736,266443,1,1,1,32,32,1,30,0.000,0.000,,,,,NVIDIA A100-SXM4-40GB MIG 4g.20gb (0),1,,13,"void convert_kernel<float2, __half2>(tensor_layout_any, T1 *, tensor_layout_any, const T2 *)"
14367304746,16192,266455,2253,1,1,128,1,1,16,0.000,0.000,,,,,NVIDIA A100-SXM4-40GB MIG 4g.20gb (0),1,,13,cupy_copy__float16_float16
14367460392,9792,266464,282,1,1,128,1,1,16,0.000,0.000,,,,,NVIDIA A100-SXM4-40GB MIG 4g.20gb (0),1,,13,cupy_copy__complex64_complex64
14367585063,4096,266473,26,1,1,128,1,1,16,0.000,0.000,,,,,NVIDIA A100-SXM4-40GB MIG 4g.20gb (0),1,,13,cupy_copy__float32_float32
14367701414,9824,266482,103,1,1,128,1,1,16,0.000,0.000,,,,,NVIDIA A100-SXM4-40GB MIG 4g.20gb (0),1,,13,cupy_copy__complex64_complex64
14367869316,19616,266492,1434,1,1,128,1,1,16,0.000,0.000,,,,,NVIDIA A100-SXM4-40GB MIG 4g.20gb (0),1,,13,cupy_copy__complex64_complex64
14368026370,281149,266497,1,1,1,32,32,1,30,0.000,0.000,,,,,NVIDIA A100-SXM4-40GB MIG 4g.20gb (0),1,,13,"void convert_kernel<__half2, float2>(tensor_layout_any, T1 *, tensor_layout_any, const T2 *)"
14368337759,6816,266500,,,,,,,,,,0.094,13746.421,Pinned,Device,NVIDIA A100-SXM4-40GB MIG 4g.20gb (0),1,,13,[CUDA memcpy Host-to-Device]
14368461661,627897,266501,,,,,,,,,,456.561,726845.812,Device,,NVIDIA A100-SXM4-40GB MIG 4g.20gb (0),1,,13,[CUDA memset]
14369096182,54463,266506,,,,,,,,,,1.235,22674.807,Pinned,Device,NVIDIA A100-SXM4-40GB MIG 4g.20gb (0),1,,13,[CUDA memcpy Host-to-Device]
14369153429,10816,266507,,,,,,,,,,0.197,18177.393,Pinned,Device,NVIDIA A100-SXM4-40GB MIG 4g.20gb (0),1,,13,[CUDA memcpy Host-to-Device]
14369308148,31423,266508,69,4,1,48,1,1,76,0.002,0.000,,,,,NVIDIA A100-SXM4-40GB MIG 4g.20gb (0),1,,13,"void ch_est::windowedChEstPreNoDftSOfdmKernel<float, __half, float, (unsigned int)2, (unsigned int)1, (unsigned short)4>(ch_est::puschRxChEstStatDescr_t *, ch_est::puschRxChEstDynDescr_t *)"
14369461714,32608,266509,137,2,1,24,2,1,44,0.001,0.001,,,,,NVIDIA A100-SXM4-40GB MIG 4g.20gb (0),1,,13,"void ch_est::chEstFilterNoDftSOfdmDispatchKernel<float, __half, float, (unsigned int)2>(ch_est::puschRxChEstStatDescr_t *, ch_est::puschRxChEstDynDescr_t *)"
14369688911,30080,266510,137,2,1,24,2,1,44,0.001,0.001,,,,,NVIDIA A100-SXM4-40GB MIG 4g.20gb (0),1,,13,"void ch_est::chEstFilterNoDftSOfdmDispatchKernel<float, __half, float, (unsigned int)2>(ch_est::puschRxChEstStatDescr_t *, ch_est::puschRxChEstDynDescr_t *)"
14369917197,6976,266521,103,1,1,128,1,1,16,0.000,0.000,,,,,NVIDIA A100-SXM4-40GB MIG 4g.20gb (0),1,,13,cupy_copy__complex64_complex64
14370058347,19296,266531,1434,1,1,128,1,1,16,0.000,0.000,,,,,NVIDIA A100-SXM4-40GB MIG 4g.20gb (0),1,,13,cupy_copy__complex64_complex64
14370246377,4064,266538,103,1,1,128,1,1,16,0.000,0.000,,,,,NVIDIA A100-SXM4-40GB MIG 4g.20gb (0),1,,13,cupy_copy__complex64_complex64
14370425799,279165,266545,1,1,1,32,32,1,30,0.000,0.000,,,,,NVIDIA A100-SXM4-40GB MIG 4g.20gb (0),1,,13,"void convert_kernel<__half2, float2>(tensor_layout_any, T1 *, tensor_layout_any, const T2 *)"
14370733700,7232,266548,,,,,,,,,,0.094,12955.721,Pinned,Device,NVIDIA A100-SXM4-40GB MIG 4g.20gb (0),1,,13,[CUDA memcpy Host-to-Device]
14370910914,60703,266549,,,,,,,,,,35.810,589896.812,Device,,NVIDIA A100-SXM4-40GB MIG 4g.20gb (0),1,,13,[CUDA memset]
14370976833,2976,266551,,,,,,,,,,0.000,26.882,Pinned,Device,NVIDIA A100-SXM4-40GB MIG 4g.20gb (0),1,,13,[CUDA memcpy Host-to-Device]
14370982337,9664,266552,,,,,,,,,,0.197,20344.209,Pinned,Device,NVIDIA A100-SXM4-40GB MIG 4g.20gb (0),1,,13,[CUDA memcpy Host-to-Device]
14371185311,38847,266553,273,1,1,48,1,1,40,0.000,0.001,,,,,NVIDIA A100-SXM4-40GB MIG 4g.20gb (0),1,,13,"void pusch_noise_intf_est::noiseIntfEstNoDftSOfdmKernel<float, __half, float, float, (unsigned int)2, (unsigned int)1, (unsigned char)4, (unsigned char)4>(pusch_noise_intf_est::puschRxNoiseIntfEstDynDescr)"
14371343389,8416,266564,35,1,1,128,1,1,16,0.000,0.000,,,,,NVIDIA A100-SXM4-40GB MIG 4g.20gb (0),1,,13,cupy_copy__complex64_complex64
14371525019,7104,266573,1,1,1,1,1,1,18,0.000,0.000,,,,,NVIDIA A100-SXM4-40GB MIG 4g.20gb (0),1,,13,cupy_copy__float32_float32
14371535899,2304,266579,,,,,,,,,,0.000,1.736,Device,Pageable,NVIDIA A100-SXM4-40GB MIG 4g.20gb (0),1,,7,[CUDA memcpy Device-to-Host]
14371787704,20224,266590,1434,1,1,128,1,1,16,0.000,0.000,,,,,NVIDIA A100-SXM4-40GB MIG 4g.20gb (0),1,,13,cupy_copy__complex64_complex64
14371980406,9663,266597,103,1,1,128,1,1,16,0.000,0.000,,,,,NVIDIA A100-SXM4-40GB MIG 4g.20gb (0),1,,13,cupy_copy__complex64_complex64
14372165363,9984,266604,35,1,1,128,1,1,16,0.000,0.000,,,,,NVIDIA A100-SXM4-40GB MIG 4g.20gb (0),1,,13,cupy_copy__complex64_complex64
14372351921,4384,266611,1,1,1,1,1,1,18,0.000,0.000,,,,,NVIDIA A100-SXM4-40GB MIG 4g.20gb (0),1,,13,cupy_copy__float32_float32
14372476624,285373,266622,1,1,1,32,32,1,30,0.000,0.000,,,,,NVIDIA A100-SXM4-40GB MIG 4g.20gb (0),1,,13,"void convert_kernel<__half2, float2>(tensor_layout_any, T1 *, tensor_layout_any, const T2 *)"
14372793132,5504,266625,,,,,,,,,,0.094,17023.251,Pinned,Device,NVIDIA A100-SXM4-40GB MIG 4g.20gb (0),1,,13,[CUDA memcpy Host-to-Device]
14372943627,9120,266626,,,,,,,,,,1.547,169585.775,Device,,NVIDIA A100-SXM4-40GB MIG 4g.20gb (0),1,,13,[CUDA memset]
14372954123,3296,266631,,,,,,,,,,0.031,9495.144,Pinned,Device,NVIDIA A100-SXM4-40GB MIG 4g.20gb (0),1,,13,[CUDA memcpy Host-to-Device]
14372959883,11359,266632,,,,,,,,,,0.197,17308.385,Pinned,Device,NVIDIA A100-SXM4-40GB MIG 4g.20gb (0),1,,13,[CUDA memcpy Host-to-Device]
14373112041,24960,266633,273,1,1,8,4,1,39,0.002,0.000,,,,,NVIDIA A100-SXM4-40GB MIG 4g.20gb (0),1,,13,"void channel_eq::eqMmseCoefCompLowMimoKernel<float, float, float, (unsigned int)4, (unsigned int)1, (unsigned int)4>(const channel_eq::_puschRxChEqStatDescr *, channel_eq::_puschRxChEqCoefCompDynDescr)"
14373269895,31872,266634,273,1,1,12,11,1,51,0.002,0.000,,,,,NVIDIA A100-SXM4-40GB MIG 4g.20gb (0),1,,13,"void channel_eq::eqMmseSoftDemapKernel<float, __half, __half, float, (unsigned int)4, (unsigned short)16383>(channel_eq::_puschRxChEqStatDescr *, channel_eq::_puschRxChEqSoftDemapDynDescr)"
14373453061,684344,266635,1,1,1,32,32,1,30,0.000,0.000,,,,,NVIDIA A100-SXM4-40GB MIG 4g.20gb (0),1,,13,"void convert_kernel<float2, __half2>(tensor_layout_any, T1 *, tensor_layout_any, const T2 *)"
14374274140,16224,266647,2253,1,1,128,1,1,16,0.000,0.000,,,,,NVIDIA A100-SXM4-40GB MIG 4g.20gb (0),1,,13,cupy_copy__float16_float16
14374431258,9696,266656,282,1,1,128,1,1,16,0.000,0.000,,,,,NVIDIA A100-SXM4-40GB MIG 4g.20gb (0),1,,13,cupy_copy__complex64_complex64
14374560024,3840,266665,26,1,1,128,1,1,16,0.000,0.000,,,,,NVIDIA A100-SXM4-40GB MIG 4g.20gb (0),1,,13,cupy_copy__float32_float32
14374677591,9408,266674,103,1,1,128,1,1,16,0.000,0.000,,,,,NVIDIA A100-SXM4-40GB MIG 4g.20gb (0),1,,13,cupy_copy__complex64_complex64
14374845621,21344,266684,1434,1,1,128,1,1,16,0.000,0.000,,,,,NVIDIA A100-SXM4-40GB MIG 4g.20gb (0),1,,13,cupy_copy__complex64_complex64
14375005491,290333,266689,1,1,1,32,32,1,30,0.000,0.000,,,,,NVIDIA A100-SXM4-40GB MIG 4g.20gb (0),1,,13,"void convert_kernel<__half2, float2>(tensor_layout_any, T1 *, tensor_layout_any, const T2 *)"
14375324432,5664,266692,,,,,,,,,,0.094,16542.310,Pinned,Device,NVIDIA A100-SXM4-40GB MIG 4g.20gb (0),1,,13,[CUDA memcpy Host-to-Device]
14375432751,637016,266693,,,,,,,,,,456.561,716344.899,Device,,NVIDIA A100-SXM4-40GB MIG 4g.20gb (0),1,,13,[CUDA memset]
14376070983,55552,266698,,,,,,,,,,1.235,22230.227,Pinned,Device,NVIDIA A100-SXM4-40GB MIG 4g.20gb (0),1,,13,[CUDA memcpy Host-to-Device]
14376129543,10944,266699,,,,,,,,,,0.197,17964.859,Pinned,Device,NVIDIA A100-SXM4-40GB MIG 4g.20gb (0),1,,13,[CUDA memcpy Host-to-Device]
14376235974,30975,266700,69,4,1,48,1,1,76,0.002,0.000,,,,,NVIDIA A100-SXM4-40GB MIG 4g.20gb (0),1,,13,"void ch_est::windowedChEstPreNoDftSOfdmKernel<float, __half, float, (unsigned int)2, (unsigned int)1, (unsigned short)4>(ch_est::puschRxChEstStatDescr_t *, ch_est::puschRxChEstDynDescr_t *)"
14376383236,29184,266701,137,2,1,24,2,1,44,0.001,0.001,,,,,NVIDIA A100-SXM4-40GB MIG 4g.20gb (0),1,,13,"void ch_est::chEstFilterNoDftSOfdmDispatchKernel<float, __half, float, (unsigned int)2>(ch_est::puschRxChEstStatDescr_t *, ch_est::puschRxChEstDynDescr_t *)"
14376535426,37280,266702,137,2,1,24,2,1,44,0.001,0.001,,,,,NVIDIA A100-SXM4-40GB MIG 4g.20gb (0),1,,13,"void ch_est::chEstFilterNoDftSOfdmDispatchKernel<float, __half, float, (unsigned int)2>(ch_est::puschRxChEstStatDescr_t *, ch_est::puschRxChEstDynDescr_t *)"
14376728512,8320,266713,103,1,1,128,1,1,16,0.000,0.000,,,,,NVIDIA A100-SXM4-40GB MIG 4g.20gb (0),1,,13,cupy_copy__complex64_complex64
14376870078,26304,266723,1434,1,1,128,1,1,16,0.000,0.000,,,,,NVIDIA A100-SXM4-40GB MIG 4g.20gb (0),1,,13,cupy_copy__complex64_complex64
14377007453,7968,266730,103,1,1,128,1,1,16,0.000,0.000,,,,,NVIDIA A100-SXM4-40GB MIG 4g.20gb (0),1,,13,cupy_copy__complex64_complex64
14377168923,276445,266737,1,1,1,32,32,1,30,0.000,0.000,,,,,NVIDIA A100-SXM4-40GB MIG 4g.20gb (0),1,,13,"void convert_kernel<__half2, float2>(tensor_layout_any, T1 *, tensor_layout_any, const T2 *)"
14377475576,6016,266740,,,,,,,,,,0.094,15574.430,Pinned,Device,NVIDIA A100-SXM4-40GB MIG 4g.20gb (0),1,,13,[CUDA memcpy Host-to-Device]
14377630998,62047,266741,,,,,,,,,,35.810,577112.671,Device,,NVIDIA A100-SXM4-40GB MIG 4g.20gb (0),1,,13,[CUDA memset]
14377699861,2560,266743,,,,,,,,,,0.000,31.250,Pinned,Device,NVIDIA A100-SXM4-40GB MIG 4g.20gb (0),1,,13,[CUDA memcpy Host-to-Device]
14377704917,9536,266744,,,,,,,,,,0.197,20617.298,Pinned,Device,NVIDIA A100-SXM4-40GB MIG 4g.20gb (0),1,,13,[CUDA memcpy Host-to-Device]
14377862451,30912,266745,273,1,1,48,1,1,40,0.000,0.001,,,,,NVIDIA A100-SXM4-40GB MIG 4g.20gb (0),1,,13,"void pusch_noise_intf_est::noiseIntfEstNoDftSOfdmKernel<float, __half, float, float, (unsigned int)2, (unsigned int)1, (unsigned char)4, (unsigned char)4>(pusch_noise_intf_est::puschRxNoiseIntfEstDynDescr)"
14378089937,8320,266756,35,1,1,128,1,1,16,0.000,0.000,,,,,NVIDIA A100-SXM4-40GB MIG 4g.20gb (0),1,,13,cupy_copy__complex64_complex64
14378243439,4736,266765,1,1,1,1,1,1,18,0.000,0.000,,,,,NVIDIA A100-SXM4-40GB MIG 4g.20gb (0),1,,13,cupy_copy__float32_float32
14378249903,1600,266771,,,,,,,,,,0.000,2.500,Device,Pageable,NVIDIA A100-SXM4-40GB MIG 4g.20gb (0),1,,7,[CUDA memcpy Device-to-Host]
14378545260,20287,266782,1434,1,1,128,1,1,16,0.000,0.000,,,,,NVIDIA A100-SXM4-40GB MIG 4g.20gb (0),1,,13,cupy_copy__complex64_complex64
14378814025,9023,266789,103,1,1,128,1,1,16,0.000,0.000,,,,,NVIDIA A100-SXM4-40GB MIG 4g.20gb (0),1,,13,cupy_copy__complex64_complex64
14378963047,12000,266796,35,1,1,128,1,1,16,0.000,0.000,,,,,NVIDIA A100-SXM4-40GB MIG 4g.20gb (0),1,,13,cupy_copy__complex64_complex64
14379197700,4032,266803,1,1,1,1,1,1,18,0.000,0.000,,,,,NVIDIA A100-SXM4-40GB MIG 4g.20gb (0),1,,13,cupy_copy__float32_float32
14379376450,253757,266814,1,1,1,32,32,1,30,0.000,0.000,,,,,NVIDIA A100-SXM4-40GB MIG 4g.20gb (0),1,,13,"void convert_kernel<__half2, float2>(tensor_layout_any, T1 *, tensor_layout_any, const T2 *)"
14379660127,5696,266817,,,,,,,,,,0.094,16449.363,Pinned,Device,NVIDIA A100-SXM4-40GB MIG 4g.20gb (0),1,,13,[CUDA memcpy Host-to-Device]
14379873501,6944,266818,,,,,,,,,,1.547,222727.776,Device,,NVIDIA A100-SXM4-40GB MIG 4g.20gb (0),1,,13,[CUDA memset]
14379882365,3487,266823,,,,,,,,,,0.031,8975.036,Pinned,Device,NVIDIA A100-SXM4-40GB MIG 4g.20gb (0),1,,13,[CUDA memcpy Host-to-Device]
14379889372,10848,266824,,,,,,,,,,0.197,18123.719,Pinned,Device,NVIDIA A100-SXM4-40GB MIG 4g.20gb (0),1,,13,[CUDA memcpy Host-to-Device]
14380110330,25824,266825,273,1,1,8,4,1,39,0.002,0.000,,,,,NVIDIA A100-SXM4-40GB MIG 4g.20gb (0),1,,13,"void channel_eq::eqMmseCoefCompLowMimoKernel<float, float, float, (unsigned int)4, (unsigned int)1, (unsigned int)4>(const channel_eq::_puschRxChEqStatDescr *, channel_eq::_puschRxChEqCoefCompDynDescr)"
14380295064,22240,266826,273,1,1,12,11,1,51,0.002,0.000,,,,,NVIDIA A100-SXM4-40GB MIG 4g.20gb (0),1,,13,"void channel_eq::eqMmseSoftDemapKernel<float, __half, __half, float, (unsigned int)4, (unsigned short)16383>(channel_eq::_puschRxChEqStatDescr *, channel_eq::_puschRxChEqSoftDemapDynDescr)"
14380523797,629817,266827,1,1,1,32,32,1,30,0.000,0.000,,,,,NVIDIA A100-SXM4-40GB MIG 4g.20gb (0),1,,13,"void convert_kernel<float2, __half2>(tensor_layout_any, T1 *, tensor_layout_any, const T2 *)"
14381322380,20704,266839,2253,1,1,128,1,1,16,0.000,0.000,,,,,NVIDIA A100-SXM4-40GB MIG 4g.20gb (0),1,,13,cupy_copy__float16_float16
14381513866,10976,266848,282,1,1,128,1,1,16,0.000,0.000,,,,,NVIDIA A100-SXM4-40GB MIG 4g.20gb (0),1,,13,cupy_copy__complex64_complex64
14381672520,6016,266857,26,1,1,128,1,1,16,0.000,0.000,,,,,NVIDIA A100-SXM4-40GB MIG 4g.20gb (0),1,,13,cupy_copy__float32_float32
14381817767,12768,266866,103,1,1,128,1,1,16,0.000,0.000,,,,,NVIDIA A100-SXM4-40GB MIG 4g.20gb (0),1,,13,cupy_copy__complex64_complex64
14382028452,35520,266876,1434,1,1,128,1,1,16,0.000,0.000,,,,,NVIDIA A100-SXM4-40GB MIG 4g.20gb (0),1,,13,cupy_copy__complex64_complex64
14382203810,259741,266881,1,1,1,32,32,1,30,0.000,0.000,,,,,NVIDIA A100-SXM4-40GB MIG 4g.20gb (0),1,,13,"void convert_kernel<__half2, float2>(tensor_layout_any, T1 *, tensor_layout_any, const T2 *)"
14382492799,5952,266884,,,,,,,,,,0.094,15741.865,Pinned,Device,NVIDIA A100-SXM4-40GB MIG 4g.20gb (0),1,,13,[CUDA memcpy Host-to-Device]
14382630814,637944,266885,,,,,,,,,,456.561,715431.776,Device,,NVIDIA A100-SXM4-40GB MIG 4g.20gb (0),1,,13,[CUDA memset]
14383269430,56800,266890,,,,,,,,,,1.235,21741.189,Pinned,Device,NVIDIA A100-SXM4-40GB MIG 4g.20gb (0),1,,13,[CUDA memcpy Host-to-Device]
14383328662,10016,266891,,,,,,,,,,0.197,19629.343,Pinned,Device,NVIDIA A100-SXM4-40GB MIG 4g.20gb (0),1,,13,[CUDA memcpy Host-to-Device]
14383437460,24480,266892,69,4,1,48,1,1,76,0.002,0.000,,,,,NVIDIA A100-SXM4-40GB MIG 4g.20gb (0),1,,13,"void ch_est::windowedChEstPreNoDftSOfdmKernel<float, __half, float, (unsigned int)2, (unsigned int)1, (unsigned short)4>(ch_est::puschRxChEstStatDescr_t *, ch_est::puschRxChEstDynDescr_t *)"
14383595379,34175,266893,137,2,1,24,2,1,44,0.001,0.001,,,,,NVIDIA A100-SXM4-40GB MIG 4g.20gb (0),1,,13,"void ch_est::chEstFilterNoDftSOfdmDispatchKernel<float, __half, float, (unsigned int)2>(ch_est::puschRxChEstStatDescr_t *, ch_est::puschRxChEstDynDescr_t *)"
14383790800,35456,266894,137,2,1,24,2,1,44,0.001,0.001,,,,,NVIDIA A100-SXM4-40GB MIG 4g.20gb (0),1,,13,"void ch_est::chEstFilterNoDftSOfdmDispatchKernel<float, __half, float, (unsigned int)2>(ch_est::puschRxChEstStatDescr_t *, ch_est::puschRxChEstDynDescr_t *)"
14383986702,6688,266905,103,1,1,128,1,1,16,0.000,0.000,,,,,NVIDIA A100-SXM4-40GB MIG 4g.20gb (0),1,,13,cupy_copy__complex64_complex64
14384151020,17952,266915,1434,1,1,128,1,1,16,0.000,0.000,,,,,NVIDIA A100-SXM4-40GB MIG 4g.20gb (0),1,,13,cupy_copy__complex64_complex64
14384297707,6112,266922,103,1,1,128,1,1,16,0.000,0.000,,,,,NVIDIA A100-SXM4-40GB MIG 4g.20gb (0),1,,13,cupy_copy__complex64_complex64
14384438441,266045,266929,1,1,1,32,32,1,30,0.000,0.000,,,,,NVIDIA A100-SXM4-40GB MIG 4g.20gb (0),1,,13,"void convert_kernel<__half2, float2>(tensor_layout_any, T1 *, tensor_layout_any, const T2 *)"
14384734598,7008,266932,,,,,,,,,,0.094,13369.857,Pinned,Device,NVIDIA A100-SXM4-40GB MIG 4g.20gb (0),1,,13,[CUDA memcpy Host-to-Device]
14384871204,57216,266933,,,,,,,,,,35.810,625849.972,Device,,NVIDIA A100-SXM4-40GB MIG 4g.20gb (0),1,,13,[CUDA memset]
14384933892,2144,266935,,,,,,,,,,0.000,37.313,Pinned,Device,NVIDIA A100-SXM4-40GB MIG 4g.20gb (0),1,,13,[CUDA memcpy Host-to-Device]
14384938500,9471,266936,,,,,,,,,,0.197,20758.856,Pinned,Device,NVIDIA A100-SXM4-40GB MIG 4g.20gb (0),1,,13,[CUDA memcpy Host-to-Device]
14385097154,33823,266937,273,1,1,48,1,1,40,0.000,0.001,,,,,NVIDIA A100-SXM4-40GB MIG 4g.20gb (0),1,,13,"void pusch_noise_intf_est::noiseIntfEstNoDftSOfdmKernel<float, __half, float, float, (unsigned int)2, (unsigned int)1, (unsigned char)4, (unsigned char)4>(pusch_noise_intf_est::puschRxNoiseIntfEstDynDescr)"
14385214144,9952,266948,35,1,1,128,1,1,16,0.000,0.000,,,,,NVIDIA A100-SXM4-40GB MIG 4g.20gb (0),1,,13,cupy_copy__complex64_complex64
14385356799,4896,266957,1,1,1,1,1,1,18,0.000,0.000,,,,,NVIDIA A100-SXM4-40GB MIG 4g.20gb (0),1,,13,cupy_copy__float32_float32
14385365311,2272,266963,,,,,,,,,,0.000,1.761,Device,Pageable,NVIDIA A100-SXM4-40GB MIG 4g.20gb (0),1,,7,[CUDA memcpy Device-to-Host]
14385531389,18464,266974,1434,1,1,128,1,1,16,0.000,0.000,,,,,NVIDIA A100-SXM4-40GB MIG 4g.20gb (0),1,,13,cupy_copy__complex64_complex64
14385693051,7168,266981,103,1,1,128,1,1,16,0.000,0.000,,,,,NVIDIA A100-SXM4-40GB MIG 4g.20gb (0),1,,13,cupy_copy__complex64_complex64
14385843129,4320,266988,35,1,1,128,1,1,16,0.000,0.000,,,,,NVIDIA A100-SXM4-40GB MIG 4g.20gb (0),1,,13,cupy_copy__complex64_complex64
14386028471,4224,266995,1,1,1,1,1,1,18,0.000,0.000,,,,,NVIDIA A100-SXM4-40GB MIG 4g.20gb (0),1,,13,cupy_copy__float32_float32
14386234805,262557,267006,1,1,1,32,32,1,30,0.000,0.000,,,,,NVIDIA A100-SXM4-40GB MIG 4g.20gb (0),1,,13,"void convert_kernel<__half2, float2>(tensor_layout_any, T1 *, tensor_layout_any, const T2 *)"
14386527730,6656,267009,,,,,,,,,,0.094,14076.887,Pinned,Device,NVIDIA A100-SXM4-40GB MIG 4g.20gb (0),1,,13,[CUDA memcpy Host-to-Device]
14386726223,14432,267010,,,,,,,,,,1.547,107165.577,Device,,NVIDIA A100-SXM4-40GB MIG 4g.20gb (0),1,,13,[CUDA memset]
14386741519,3296,267015,,,,,,,,,,0.031,9495.144,Pinned,Device,NVIDIA A100-SXM4-40GB MIG 4g.20gb (0),1,,13,[CUDA memcpy Host-to-Device]
14386747343,11840,267016,,,,,,,,,,0.197,16605.315,Pinned,Device,NVIDIA A100-SXM4-40GB MIG 4g.20gb (0),1,,13,[CUDA memcpy Host-to-Device]
14386911853,50176,267017,273,1,1,8,4,1,39,0.002,0.000,,,,,NVIDIA A100-SXM4-40GB MIG 4g.20gb (0),1,,13,"void channel_eq::eqMmseCoefCompLowMimoKernel<float, float, float, (unsigned int)4, (unsigned int)1, (unsigned int)4>(const channel_eq::_puschRxChEqStatDescr *, channel_eq::_puschRxChEqCoefCompDynDescr)"
14387190186,27872,267018,273,1,1,12,11,1,51,0.002,0.000,,,,,NVIDIA A100-SXM4-40GB MIG 4g.20gb (0),1,,13,"void channel_eq::eqMmseSoftDemapKernel<float, __half, __half, float, (unsigned int)4, (unsigned short)16383>(channel_eq::_puschRxChEqStatDescr *, channel_eq::_puschRxChEqSoftDemapDynDescr)"
14387461479,633753,267019,1,1,1,32,32,1,30,0.000,0.000,,,,,NVIDIA A100-SXM4-40GB MIG 4g.20gb (0),1,,13,"void convert_kernel<float2, __half2>(tensor_layout_any, T1 *, tensor_layout_any, const T2 *)"
14388247358,16544,267031,2253,1,1,128,1,1,16,0.000,0.000,,,,,NVIDIA A100-SXM4-40GB MIG 4g.20gb (0),1,,13,cupy_copy__float16_float16
14388410460,9024,267040,282,1,1,128,1,1,16,0.000,0.000,,,,,NVIDIA A100-SXM4-40GB MIG 4g.20gb (0),1,,13,cupy_copy__complex64_complex64
14388660698,7840,267049,26,1,1,128,1,1,16,0.000,0.000,,,,,NVIDIA A100-SXM4-40GB MIG 4g.20gb (0),1,,13,cupy_copy__float32_float32
14388902647,5216,267058,103,1,1,128,1,1,16,0.000,0.000,,,,,NVIDIA A100-SXM4-40GB MIG 4g.20gb (0),1,,13,cupy_copy__complex64_complex64
14389164372,18560,267068,1434,1,1,128,1,1,16,0.000,0.000,,,,,NVIDIA A100-SXM4-40GB MIG 4g.20gb (0),1,,13,cupy_copy__complex64_complex64
14389426545,250525,267073,1,1,1,32,32,1,30,0.000,0.000,,,,,NVIDIA A100-SXM4-40GB MIG 4g.20gb (0),1,,13,"void convert_kernel<__half2, float2>(tensor_layout_any, T1 *, tensor_layout_any, const T2 *)"
14389706510,6464,267076,,,,,,,,,,0.094,14494.959,Pinned,Device,NVIDIA A100-SXM4-40GB MIG 4g.20gb (0),1,,13,[CUDA memcpy Host-to-Device]
14389900460,632537,267077,,,,,,,,,,456.561,721367.075,Device,,NVIDIA A100-SXM4-40GB MIG 4g.20gb (0),1,,13,[CUDA memset]
14390536036,57696,267082,,,,,,,,,,1.235,21404.049,Pinned,Device,NVIDIA A100-SXM4-40GB MIG 4g.20gb (0),1,,13,[CUDA memcpy Host-to-Device]
14390596932,11936,267083,,,,,,,,,,0.197,16471.818,Pinned,Device,NVIDIA A100-SXM4-40GB MIG 4g.20gb (0),1,,13,[CUDA memcpy Host-to-Device]
14390819745,21344,267084,69,4,1,48,1,1,76,0.002,0.000,,,,,NVIDIA A100-SXM4-40GB MIG 4g.20gb (0),1,,13,"void ch_est::windowedChEstPreNoDftSOfdmKernel<float, __half, float, (unsigned int)2, (unsigned int)1, (unsigned short)4>(ch_est::puschRxChEstStatDescr_t *, ch_est::puschRxChEstDynDescr_t *)"
14391073726,32704,267085,137,2,1,24,2,1,44,0.001,0.001,,,,,NVIDIA A100-SXM4-40GB MIG 4g.20gb (0),1,,13,"void ch_est::chEstFilterNoDftSOfdmDispatchKernel<float, __half, float, (unsigned int)2>(ch_est::puschRxChEstStatDescr_t *, ch_est::puschRxChEstDynDescr_t *)"
14391328444,25983,267086,137,2,1,24,2,1,44,0.001,0.001,,,,,NVIDIA A100-SXM4-40GB MIG 4g.20gb (0),1,,13,"void ch_est::chEstFilterNoDftSOfdmDispatchKernel<float, __half, float, (unsigned int)2>(ch_est::puschRxChEstStatDescr_t *, ch_est::puschRxChEstDynDescr_t *)"
14391565177,8320,267097,103,1,1,128,1,1,16,0.000,0.000,,,,,NVIDIA A100-SXM4-40GB MIG 4g.20gb (0),1,,13,cupy_copy__complex64_complex64
14391832598,41023,267107,1434,1,1,128,1,1,16,0.000,0.000,,,,,NVIDIA A100-SXM4-40GB MIG 4g.20gb (0),1,,13,cupy_copy__complex64_complex64
14392041428,8671,267114,103,1,1,128,1,1,16,0.000,0.000,,,,,NVIDIA A100-SXM4-40GB MIG 4g.20gb (0),1,,13,cupy_copy__complex64_complex64
14392196594,277405,267121,1,1,1,32,32,1,30,0.000,0.000,,,,,NVIDIA A100-SXM4-40GB MIG 4g.20gb (0),1,,13,"void convert_kernel<__half2, float2>(tensor_layout_any, T1 *, tensor_layout_any, const T2 *)"
14392505006,5984,267124,,,,,,,,,,0.094,15657.726,Pinned,Device,NVIDIA A100-SXM4-40GB MIG 4g.20gb (0),1,,13,[CUDA memcpy Host-to-Device]
14392650541,55487,267125,,,,,,,,,,35.810,645366.378,Device,,NVIDIA A100-SXM4-40GB MIG 4g.20gb (0),1,,13,[CUDA memset]
14392713452,1984,267127,,,,,,,,,,0.000,40.323,Pinned,Device,NVIDIA A100-SXM4-40GB MIG 4g.20gb (0),1,,13,[CUDA memcpy Host-to-Device]
14392717932,10944,267128,,,,,,,,,,0.197,17964.859,Pinned,Device,NVIDIA A100-SXM4-40GB MIG 4g.20gb (0),1,,13,[CUDA memcpy Host-to-Device]
14392871242,29280,267129,273,1,1,48,1,1,40,0.000,0.001,,,,,NVIDIA A100-SXM4-40GB MIG 4g.20gb (0),1,,13,"void pusch_noise_intf_est::noiseIntfEstNoDftSOfdmKernel<float, __half, float, float, (unsigned int)2, (unsigned int)1, (unsigned char)4, (unsigned char)4>(pusch_noise_intf_est::puschRxNoiseIntfEstDynDescr)"
14393038760,11072,267140,35,1,1,128,1,1,16,0.000,0.000,,,,,NVIDIA A100-SXM4-40GB MIG 4g.20gb (0),1,,13,cupy_copy__complex64_complex64
14393184775,4704,267149,1,1,1,1,1,1,18,0.000,0.000,,,,,NVIDIA A100-SXM4-40GB MIG 4g.20gb (0),1,,13,cupy_copy__float32_float32
14393192551,1728,267155,,,,,,,,,,0.000,2.315,Device,Pageable,NVIDIA A100-SXM4-40GB MIG 4g.20gb (0),1,,7,[CUDA memcpy Device-to-Host]
14393366565,18303,267166,1434,1,1,128,1,1,16,0.000,0.000,,,,,NVIDIA A100-SXM4-40GB MIG 4g.20gb (0),1,,13,cupy_copy__complex64_complex64
14393530211,7840,267173,103,1,1,128,1,1,16,0.000,0.000,,,,,NVIDIA A100-SXM4-40GB MIG 4g.20gb (0),1,,13,cupy_copy__complex64_complex64
14393675713,14784,267180,35,1,1,128,1,1,16,0.000,0.000,,,,,NVIDIA A100-SXM4-40GB MIG 4g.20gb (0),1,,13,cupy_copy__complex64_complex64
14393824031,5088,267187,1,1,1,1,1,1,18,0.000,0.000,,,,,NVIDIA A100-SXM4-40GB MIG 4g.20gb (0),1,,13,cupy_copy__float32_float32
14393941118,269693,267198,1,1,1,32,32,1,30,0.000,0.000,,,,,NVIDIA A100-SXM4-40GB MIG 4g.20gb (0),1,,13,"void convert_kernel<__half2, float2>(tensor_layout_any, T1 *, tensor_layout_any, const T2 *)"
14394239803,5472,267201,,,,,,,,,,0.094,17122.757,Pinned,Device,NVIDIA A100-SXM4-40GB MIG 4g.20gb (0),1,,13,[CUDA memcpy Host-to-Device]
14394381433,9568,267202,,,,,,,,,,1.547,161645.407,Device,,NVIDIA A100-SXM4-40GB MIG 4g.20gb (0),1,,13,[CUDA memset]
14394397465,3328,267207,,,,,,,,,,0.031,9403.822,Pinned,Device,NVIDIA A100-SXM4-40GB MIG 4g.20gb (0),1,,13,[CUDA memcpy Host-to-Device]
14394403609,12128,267208,,,,,,,,,,0.197,16210.919,Pinned,Device,NVIDIA A100-SXM4-40GB MIG 4g.20gb (0),1,,13,[CUDA memcpy Host-to-Device]
14394557911,47936,267209,273,1,1,8,4,1,39,0.002,0.000,,,,,NVIDIA A100-SXM4-40GB MIG 4g.20gb (0),1,,13,"void channel_eq::eqMmseCoefCompLowMimoKernel<float, float, float, (unsigned int)4, (unsigned int)1, (unsigned int)4>(const channel_eq::_puschRxChEqStatDescr *, channel_eq::_puschRxChEqCoefCompDynDescr)"
14394863572,36895,267210,273,1,1,12,11,1,51,0.002,0.000,,,,,NVIDIA A100-SXM4-40GB MIG 4g.20gb (0),1,,13,"void channel_eq::eqMmseSoftDemapKernel<float, __half, __half, float, (unsigned int)4, (unsigned short)16383>(channel_eq::_puschRxChEqStatDescr *, channel_eq::_puschRxChEqSoftDemapDynDescr)"
14395055666,693624,267211,1,1,1,32,32,1,30,0.000,0.000,,,,,NVIDIA A100-SXM4-40GB MIG 4g.20gb (0),1,,13,"void convert_kernel<float2, __half2>(tensor_layout_any, T1 *, tensor_layout_any, const T2 *)"
14395878248,16768,267223,2253,1,1,128,1,1,16,0.000,0.000,,,,,NVIDIA A100-SXM4-40GB MIG 4g.20gb (0),1,,13,cupy_copy__float16_float16
14396042630,9984,267232,282,1,1,128,1,1,16,0.000,0.000,,,,,NVIDIA A100-SXM4-40GB MIG 4g.20gb (0),1,,13,cupy_copy__complex64_complex64
14396168453,4128,267241,26,1,1,128,1,1,16,0.000,0.000,,,,,NVIDIA A100-SXM4-40GB MIG 4g.20gb (0),1,,13,cupy_copy__float32_float32
14396286564,10752,267250,103,1,1,128,1,1,16,0.000,0.000,,,,,NVIDIA A100-SXM4-40GB MIG 4g.20gb (0),1,,13,cupy_copy__complex64_complex64
14396457570,20672,267260,1434,1,1,128,1,1,16,0.000,0.000,,,,,NVIDIA A100-SXM4-40GB MIG 4g.20gb (0),1,,13,cupy_copy__complex64_complex64
14396624416,276893,267265,1,1,1,32,32,1,30,0.000,0.000,,,,,NVIDIA A100-SXM4-40GB MIG 4g.20gb (0),1,,13,"void convert_kernel<__half2, float2>(tensor_layout_any, T1 *, tensor_layout_any, const T2 *)"
14396931580,5536,267268,,,,,,,,,,0.094,16924.777,Pinned,Device,NVIDIA A100-SXM4-40GB MIG 4g.20gb (0),1,,13,[CUDA memcpy Host-to-Device]
14397086683,628409,267269,,,,,,,,,,456.561,726389.251,Device,,NVIDIA A100-SXM4-40GB MIG 4g.20gb (0),1,,13,[CUDA memset]
14397845266,57759,267274,,,,,,,,,,1.235,21380.585,Pinned,Device,NVIDIA A100-SXM4-40GB MIG 4g.20gb (0),1,,13,[CUDA memcpy Host-to-Device]
14397906225,9664,267275,,,,,,,,,,0.197,20344.209,Pinned,Device,NVIDIA A100-SXM4-40GB MIG 4g.20gb (0),1,,13,[CUDA memcpy Host-to-Device]
14398111247,21216,267276,69,4,1,48,1,1,76,0.002,0.000,,,,,NVIDIA A100-SXM4-40GB MIG 4g.20gb (0),1,,13,"void ch_est::windowedChEstPreNoDftSOfdmKernel<float, __half, float, (unsigned int)2, (unsigned int)1, (unsigned short)4>(ch_est::puschRxChEstStatDescr_t *, ch_est::puschRxChEstDynDescr_t *)"
14398314477,22464,267277,137,2,1,24,2,1,44,0.001,0.001,,,,,NVIDIA A100-SXM4-40GB MIG 4g.20gb (0),1,,13,"void ch_est::chEstFilterNoDftSOfdmDispatchKernel<float, __half, float, (unsigned int)2>(ch_est::puschRxChEstStatDescr_t *, ch_est::puschRxChEstDynDescr_t *)"
14398611145,21344,267278,137,2,1,24,2,1,44,0.001,0.001,,,,,NVIDIA A100-SXM4-40GB MIG 4g.20gb (0),1,,13,"void ch_est::chEstFilterNoDftSOfdmDispatchKernel<float, __half, float, (unsigned int)2>(ch_est::puschRxChEstStatDescr_t *, ch_est::puschRxChEstDynDescr_t *)"
14398766632,6112,267289,103,1,1,128,1,1,16,0.000,0.000,,,,,NVIDIA A100-SXM4-40GB MIG 4g.20gb (0),1,,13,cupy_copy__complex64_complex64
14399008101,19104,267299,1434,1,1,128,1,1,16,0.000,0.000,,,,,NVIDIA A100-SXM4-40GB MIG 4g.20gb (0),1,,13,cupy_copy__complex64_complex64
14399158915,6144,267306,103,1,1,128,1,1,16,0.000,0.000,,,,,NVIDIA A100-SXM4-40GB MIG 4g.20gb (0),1,,13,cupy_copy__complex64_complex64
14399396513,267901,267313,1,1,1,32,32,1,30,0.000,0.000,,,,,NVIDIA A100-SXM4-40GB MIG 4g.20gb (0),1,,13,"void convert_kernel<__half2, float2>(tensor_layout_any, T1 *, tensor_layout_any, const T2 *)"
14399698781,10112,267316,,,,,,,,,,0.094,9265.785,Pinned,Device,NVIDIA A100-SXM4-40GB MIG 4g.20gb (0),1,,13,[CUDA memcpy Host-to-Device]
14399946970,55488,267317,,,,,,,,,,35.810,645330.568,Device,,NVIDIA A100-SXM4-40GB MIG 4g.20gb (0),1,,13,[CUDA memset]
14400004794,2080,267319,,,,,,,,,,0.000,38.462,Pinned,Device,NVIDIA A100-SXM4-40GB MIG 4g.20gb (0),1,,13,[CUDA memcpy Host-to-Device]
14400009434,9440,267320,,,,,,,,,,0.197,20827.079,Pinned,Device,NVIDIA A100-SXM4-40GB MIG 4g.20gb (0),1,,13,[CUDA memcpy Host-to-Device]
14400274903,30303,267321,273,1,1,48,1,1,40,0.000,0.001,,,,,NVIDIA A100-SXM4-40GB MIG 4g.20gb (0),1,,13,"void pusch_noise_intf_est::noiseIntfEstNoDftSOfdmKernel<float, __half, float, float, (unsigned int)2, (unsigned int)1, (unsigned char)4, (unsigned char)4>(pusch_noise_intf_est::puschRxNoiseIntfEstDynDescr)"
14400546036,8896,267332,35,1,1,128,1,1,16,0.000,0.000,,,,,NVIDIA A100-SXM4-40GB MIG 4g.20gb (0),1,,13,cupy_copy__complex64_complex64
14400826577,3391,267341,1,1,1,1,1,1,18,0.000,0.000,,,,,NVIDIA A100-SXM4-40GB MIG 4g.20gb (0),1,,13,cupy_copy__float32_float32
14400836336,4768,267347,,,,,,,,,,0.000,0.839,Device,Pageable,NVIDIA A100-SXM4-40GB MIG 4g.20gb (0),1,,7,[CUDA memcpy Device-to-Host]
14401141965,17632,267358,1434,1,1,128,1,1,16,0.000,0.000,,,,,NVIDIA A100-SXM4-40GB MIG 4g.20gb (0),1,,13,cupy_copy__complex64_complex64
14401404970,4832,267365,103,1,1,128,1,1,16,0.000,0.000,,,,,NVIDIA A100-SXM4-40GB MIG 4g.20gb (0),1,,13,cupy_copy__complex64_complex64
14401608808,12544,267372,35,1,1,128,1,1,16,0.000,0.000,,,,,NVIDIA A100-SXM4-40GB MIG 4g.20gb (0),1,,13,cupy_copy__complex64_complex64
14401852101,5408,267379,1,1,1,1,1,1,18,0.000,0.000,,,,,NVIDIA A100-SXM4-40GB MIG 4g.20gb (0),1,,13,cupy_copy__float32_float32
14402083842,277949,267390,1,1,1,32,32,1,30,0.000,0.000,,,,,NVIDIA A100-SXM4-40GB MIG 4g.20gb (0),1,,13,"void convert_kernel<__half2, float2>(tensor_layout_any, T1 *, tensor_layout_any, const T2 *)"
14402392351,9952,267393,,,,,,,,,,0.094,9414.761,Pinned,Device,NVIDIA A100-SXM4-40GB MIG 4g.20gb (0),1,,13,[CUDA memcpy Host-to-Device]
14402552221,9728,267394,,,,,,,,,,1.547,158986.761,Device,,NVIDIA A100-SXM4-40GB MIG 4g.20gb (0),1,,13,[CUDA memset]
14402571069,3296,267399,,,,,,,,,,0.031,9495.144,Pinned,Device,NVIDIA A100-SXM4-40GB MIG 4g.20gb (0),1,,13,[CUDA memcpy Host-to-Device]
14402579389,13312,267400,,,,,,,,,,0.197,14769.193,Pinned,Device,NVIDIA A100-SXM4-40GB MIG 4g.20gb (0),1,,13,[CUDA memcpy Host-to-Device]
14402722587,18720,267401,273,1,1,8,4,1,39,0.002,0.000,,,,,NVIDIA A100-SXM4-40GB MIG 4g.20gb (0),1,,13,"void channel_eq::eqMmseCoefCompLowMimoKernel<float, float, float, (unsigned int)4, (unsigned int)1, (unsigned int)4>(const channel_eq::_puschRxChEqStatDescr *, channel_eq::_puschRxChEqCoefCompDynDescr)"
14402957369,27615,267402,273,1,1,12,11,1,51,0.002,0.000,,,,,NVIDIA A100-SXM4-40GB MIG 4g.20gb (0),1,,13,"void channel_eq::eqMmseSoftDemapKernel<float, __half, __half, float, (unsigned int)4, (unsigned short)16383>(channel_eq::_puschRxChEqStatDescr *, channel_eq::_puschRxChEqSoftDemapDynDescr)"
14403143350,677753,267403,1,1,1,32,32,1,30,0.000,0.000,,,,,NVIDIA A100-SXM4-40GB MIG 4g.20gb (0),1,,13,"void convert_kernel<float2, __half2>(tensor_layout_any, T1 *, tensor_layout_any, const T2 *)"
14403956909,16864,267415,2253,1,1,128,1,1,16,0.000,0.000,,,,,NVIDIA A100-SXM4-40GB MIG 4g.20gb (0),1,,13,cupy_copy__float16_float16
14404115051,9440,267424,282,1,1,128,1,1,16,0.000,0.000,,,,,NVIDIA A100-SXM4-40GB MIG 4g.20gb (0),1,,13,cupy_copy__complex64_complex64
14404251850,8960,267433,26,1,1,128,1,1,16,0.000,0.000,,,,,NVIDIA A100-SXM4-40GB MIG 4g.20gb (0),1,,13,cupy_copy__float32_float32
14404375497,4735,267442,103,1,1,128,1,1,16,0.000,0.000,,,,,NVIDIA A100-SXM4-40GB MIG 4g.20gb (0),1,,13,cupy_copy__complex64_complex64
14404636198,18783,267458,1434,1,1,128,1,1,16,0.000,0.000,,,,,NVIDIA A100-SXM4-40GB MIG 4g.20gb (0),1,,13,cupy_copy__complex64_complex64
14404798276,265501,267463,1,1,1,32,32,1,30,0.000,0.000,,,,,NVIDIA A100-SXM4-40GB MIG 4g.20gb (0),1,,13,"void convert_kernel<__half2, float2>(tensor_layout_any, T1 *, tensor_layout_any, const T2 *)"
14405095680,5568,267466,,,,,,,,,,0.094,16827.521,Pinned,Device,NVIDIA A100-SXM4-40GB MIG 4g.20gb (0),1,,13,[CUDA memcpy Host-to-Device]
14405210751,621145,267467,,,,,,,,,,456.561,734607.357,Device,,NVIDIA A100-SXM4-40GB MIG 4g.20gb (0),1,,13,[CUDA memset]
14405837336,61247,267472,,,,,,,,,,1.235,20162.931,Pinned,Device,NVIDIA A100-SXM4-40GB MIG 4g.20gb (0),1,,13,[CUDA memcpy Host-to-Device]
14405901687,11104,267473,,,,,,,,,,0.197,17705.927,Pinned,Device,NVIDIA A100-SXM4-40GB MIG 4g.20gb (0),1,,13,[CUDA memcpy Host-to-Device]
14406000502,22944,267474,69,4,1,48,1,1,76,0.002,0.000,,,,,NVIDIA A100-SXM4-40GB MIG 4g.20gb (0),1,,13,"void ch_est::windowedChEstPreNoDftSOfdmKernel<float, __half, float, (unsigned int)2, (unsigned int)1, (unsigned short)4>(ch_est::puschRxChEstStatDescr_t *, ch_est::puschRxChEstDynDescr_t *)"
14406201748,20096,267475,137,2,1,24,2,1,44,0.001,0.001,,,,,NVIDIA A100-SXM4-40GB MIG 4g.20gb (0),1,,13,"void ch_est::chEstFilterNoDftSOfdmDispatchKernel<float, __half, float, (unsigned int)2>(ch_est::puschRxChEstStatDescr_t *, ch_est::puschRxChEstDynDescr_t *)"
14406393426,24992,267476,137,2,1,24,2,1,44,0.001,0.001,,,,,NVIDIA A100-SXM4-40GB MIG 4g.20gb (0),1,,13,"void ch_est::chEstFilterNoDftSOfdmDispatchKernel<float, __half, float, (unsigned int)2>(ch_est::puschRxChEstStatDescr_t *, ch_est::puschRxChEstDynDescr_t *)"
14406585840,6016,267487,103,1,1,128,1,1,16,0.000,0.000,,,,,NVIDIA A100-SXM4-40GB MIG 4g.20gb (0),1,,13,cupy_copy__complex64_complex64
14406751662,17856,267497,1434,1,1,128,1,1,16,0.000,0.000,,,,,NVIDIA A100-SXM4-40GB MIG 4g.20gb (0),1,,13,cupy_copy__complex64_complex64
14406910348,7168,267504,103,1,1,128,1,1,16,0.000,0.000,,,,,NVIDIA A100-SXM4-40GB MIG 4g.20gb (0),1,,13,cupy_copy__complex64_complex64
14407061162,281341,267511,1,1,1,32,32,1,30,0.000,0.000,,,,,NVIDIA A100-SXM4-40GB MIG 4g.20gb (0),1,,13,"void convert_kernel<__half2, float2>(tensor_layout_any, T1 *, tensor_layout_any, const T2 *)"
14407373319,10592,267514,,,,,,,,,,0.094,8845.839,Pinned,Device,NVIDIA A100-SXM4-40GB MIG 4g.20gb (0),1,,13,[CUDA memcpy Host-to-Device]
14407619332,55647,267515,,,,,,,,,,35.810,643504.262,Device,,NVIDIA A100-SXM4-40GB MIG 4g.20gb (0),1,,13,[CUDA memset]
14407681091,2048,267517,,,,,,,,,,0.000,39.062,Pinned,Device,NVIDIA A100-SXM4-40GB MIG 4g.20gb (0),1,,13,[CUDA memcpy Host-to-Device]
14407689923,10400,267518,,,,,,,,,,0.197,18904.449,Pinned,Device,NVIDIA A100-SXM4-40GB MIG 4g.20gb (0),1,,13,[CUDA memcpy Host-to-Device]
14407858593,42656,267519,273,1,1,48,1,1,40,0.000,0.001,,,,,NVIDIA A100-SXM4-40GB MIG 4g.20gb (0),1,,13,"void pusch_noise_intf_est::noiseIntfEstNoDftSOfdmKernel<float, __half, float, float, (unsigned int)2, (unsigned int)1, (unsigned char)4, (unsigned char)4>(pusch_noise_intf_est::puschRxNoiseIntfEstDynDescr)"
14408143198,9152,267530,35,1,1,128,1,1,16,0.000,0.000,,,,,NVIDIA A100-SXM4-40GB MIG 4g.20gb (0),1,,13,cupy_copy__complex64_complex64
14408399099,3488,267539,1,1,1,1,1,1,18,0.000,0.000,,,,,NVIDIA A100-SXM4-40GB MIG 4g.20gb (0),1,,13,cupy_copy__float32_float32
14408407131,6752,267545,,,,,,,,,,0.000,0.592,Device,Pageable,NVIDIA A100-SXM4-40GB MIG 4g.20gb (0),1,,7,[CUDA memcpy Device-to-Host]
14408631609,18687,267556,1434,1,1,128,1,1,16,0.000,0.000,,,,,NVIDIA A100-SXM4-40GB MIG 4g.20gb (0),1,,13,cupy_copy__complex64_complex64
14408873814,4480,267563,103,1,1,128,1,1,16,0.000,0.000,,,,,NVIDIA A100-SXM4-40GB MIG 4g.20gb (0),1,,13,cupy_copy__complex64_complex64
14409096339,11648,267570,35,1,1,128,1,1,16,0.000,0.000,,,,,NVIDIA A100-SXM4-40GB MIG 4g.20gb (0),1,,13,cupy_copy__complex64_complex64
14409352752,3616,267577,1,1,1,1,1,1,18,0.000,0.000,,,,,NVIDIA A100-SXM4-40GB MIG 4g.20gb (0),1,,13,cupy_copy__float32_float32
14409539566,272477,267588,1,1,1,32,32,1,30,0.000,0.000,,,,,NVIDIA A100-SXM4-40GB MIG 4g.20gb (0),1,,13,"void convert_kernel<__half2, float2>(tensor_layout_any, T1 *, tensor_layout_any, const T2 *)"
14409841931,6624,267591,,,,,,,,,,0.094,14144.910,Pinned,Device,NVIDIA A100-SXM4-40GB MIG 4g.20gb (0),1,,13,[CUDA memcpy Host-to-Device]
14410080872,8576,267592,,,,,,,,,,1.547,180342.545,Device,,NVIDIA A100-SXM4-40GB MIG 4g.20gb (0),1,,13,[CUDA memset]
14410093608,6784,267597,,,,,,,,,,0.031,4613.187,Pinned,Device,NVIDIA A100-SXM4-40GB MIG 4g.20gb (0),1,,13,[CUDA memcpy Host-to-Device]
14410107208,9888,267598,,,,,,,,,,0.197,19883.360,Pinned,Device,NVIDIA A100-SXM4-40GB MIG 4g.20gb (0),1,,13,[CUDA memcpy Host-to-Device]
14410357125,16352,267599,273,1,1,8,4,1,39,0.002,0.000,,,,,NVIDIA A100-SXM4-40GB MIG 4g.20gb (0),1,,13,"void channel_eq::eqMmseCoefCompLowMimoKernel<float, float, float, (unsigned int)4, (unsigned int)1, (unsigned int)4>(const channel_eq::_puschRxChEqStatDescr *, channel_eq::_puschRxChEqCoefCompDynDescr)"
14410597794,34976,267600,273,1,1,12,11,1,51,0.002,0.000,,,,,NVIDIA A100-SXM4-40GB MIG 4g.20gb (0),1,,13,"void channel_eq::eqMmseSoftDemapKernel<float, __half, __half, float, (unsigned int)4, (unsigned short)16383>(channel_eq::_puschRxChEqStatDescr *, channel_eq::_puschRxChEqSoftDemapDynDescr)"
14410891263,676312,267601,1,1,1,32,32,1,30,0.000,0.000,,,,,NVIDIA A100-SXM4-40GB MIG 4g.20gb (0),1,,13,"void convert_kernel<float2, __half2>(tensor_layout_any, T1 *, tensor_layout_any, const T2 *)"
14411691158,15392,267613,2253,1,1,128,1,1,16,0.000,0.000,,,,,NVIDIA A100-SXM4-40GB MIG 4g.20gb (0),1,,13,cupy_copy__float16_float16
14411850900,8640,267622,282,1,1,128,1,1,16,0.000,0.000,,,,,NVIDIA A100-SXM4-40GB MIG 4g.20gb (0),1,,13,cupy_copy__complex64_complex64
14411988339,7520,267631,26,1,1,128,1,1,16,0.000,0.000,,,,,NVIDIA A100-SXM4-40GB MIG 4g.20gb (0),1,,13,cupy_copy__float32_float32
14412111793,5696,267640,103,1,1,128,1,1,16,0.000,0.000,,,,,NVIDIA A100-SXM4-40GB MIG 4g.20gb (0),1,,13,cupy_copy__complex64_complex64
14412278383,18112,267650,1434,1,1,128,1,1,16,0.000,0.000,,,,,NVIDIA A100-SXM4-40GB MIG 4g.20gb (0),1,,13,cupy_copy__complex64_complex64
14412440782,262877,267655,1,1,1,32,32,1,30,0.000,0.000,,,,,NVIDIA A100-SXM4-40GB MIG 4g.20gb (0),1,,13,"void convert_kernel<__half2, float2>(tensor_layout_any, T1 *, tensor_layout_any, const T2 *)"
14412736394,8800,267658,,,,,,,,,,0.094,10647.239,Pinned,Device,NVIDIA A100-SXM4-40GB MIG 4g.20gb (0),1,,13,[CUDA memcpy Host-to-Device]
14412863561,623673,267659,,,,,,,,,,456.561,731867.988,Device,,NVIDIA A100-SXM4-40GB MIG 4g.20gb (0),1,,13,[CUDA memset]
14413492066,58079,267664,,,,,,,,,,1.235,21262.031,Pinned,Device,NVIDIA A100-SXM4-40GB MIG 4g.20gb (0),1,,13,[CUDA memcpy Host-to-Device]
14413555553,11168,267665,,,,,,,,,,0.197,17604.477,Pinned,Device,NVIDIA A100-SXM4-40GB MIG 4g.20gb (0),1,,13,[CUDA memcpy Host-to-Device]
14413711999,28576,267666,69,4,1,48,1,1,76,0.002,0.000,,,,,NVIDIA A100-SXM4-40GB MIG 4g.20gb (0),1,,13,"void ch_est::windowedChEstPreNoDftSOfdmKernel<float, __half, float, (unsigned int)2, (unsigned int)1, (unsigned short)4>(ch_est::puschRxChEstStatDescr_t *, ch_est::puschRxChEstDynDescr_t *)"
14413849150,23264,267667,137,2,1,24,2,1,44,0.001,0.001,,,,,NVIDIA A100-SXM4-40GB MIG 4g.20gb (0),1,,13,"void ch_est::chEstFilterNoDftSOfdmDispatchKernel<float, __half, float, (unsigned int)2>(ch_est::puschRxChEstStatDescr_t *, ch_est::puschRxChEstDynDescr_t *)"
14414043292,23007,267668,137,2,1,24,2,1,44,0.001,0.001,,,,,NVIDIA A100-SXM4-40GB MIG 4g.20gb (0),1,,13,"void ch_est::chEstFilterNoDftSOfdmDispatchKernel<float, __half, float, (unsigned int)2>(ch_est::puschRxChEstStatDescr_t *, ch_est::puschRxChEstDynDescr_t *)"
14414189978,6688,267679,103,1,1,128,1,1,16,0.000,0.000,,,,,NVIDIA A100-SXM4-40GB MIG 4g.20gb (0),1,,13,cupy_copy__complex64_complex64
14414354168,18720,267689,1434,1,1,128,1,1,16,0.000,0.000,,,,,NVIDIA A100-SXM4-40GB MIG 4g.20gb (0),1,,13,cupy_copy__complex64_complex64
14414498838,7712,267696,103,1,1,128,1,1,16,0.000,0.000,,,,,NVIDIA A100-SXM4-40GB MIG 4g.20gb (0),1,,13,cupy_copy__complex64_complex64
14414633493,272989,267703,1,1,1,32,32,1,30,0.000,0.000,,,,,NVIDIA A100-SXM4-40GB MIG 4g.20gb (0),1,,13,"void convert_kernel<__half2, float2>(tensor_layout_any, T1 *, tensor_layout_any, const T2 *)"
14414938769,11776,267706,,,,,,,,,,0.094,7956.477,Pinned,Device,NVIDIA A100-SXM4-40GB MIG 4g.20gb (0),1,,13,[CUDA memcpy Host-to-Device]
14415103568,57727,267707,,,,,,,,,,35.810,620299.434,Device,,NVIDIA A100-SXM4-40GB MIG 4g.20gb (0),1,,13,[CUDA memset]
14415164943,2176,267709,,,,,,,,,,0.000,36.765,Pinned,Device,NVIDIA A100-SXM4-40GB MIG 4g.20gb (0),1,,13,[CUDA memcpy Host-to-Device]
14415170255,9664,267710,,,,,,,,,,0.197,20344.209,Pinned,Device,NVIDIA A100-SXM4-40GB MIG 4g.20gb (0),1,,13,[CUDA memcpy Host-to-Device]
14415339437,46335,267711,273,1,1,48,1,1,40,0.000,0.001,,,,,NVIDIA A100-SXM4-40GB MIG 4g.20gb (0),1,,13,"void pusch_noise_intf_est::noiseIntfEstNoDftSOfdmKernel<float, __half, float, float, (unsigned int)2, (unsigned int)1, (unsigned char)4, (unsigned char)4>(pusch_noise_intf_est::puschRxNoiseIntfEstDynDescr)"
14415524011,10816,267722,35,1,1,128,1,1,16,0.000,0.000,,,,,NVIDIA A100-SXM4-40GB MIG 4g.20gb (0),1,,13,cupy_copy__complex64_complex64
14415648841,3648,267731,1,1,1,1,1,1,18,0.000,0.000,,,,,NVIDIA A100-SXM4-40GB MIG 4g.20gb (0),1,,13,cupy_copy__float32_float32
14415653929,1792,267737,,,,,,,,,,0.000,2.232,Device,Pageable,NVIDIA A100-SXM4-40GB MIG 4g.20gb (0),1,,7,[CUDA memcpy Device-to-Host]
14415770088,18496,267748,1434,1,1,128,1,1,16,0.000,0.000,,,,,NVIDIA A100-SXM4-40GB MIG 4g.20gb (0),1,,13,cupy_copy__complex64_complex64
14415927494,6336,267755,103,1,1,128,1,1,16,0.000,0.000,,,,,NVIDIA A100-SXM4-40GB MIG 4g.20gb (0),1,,13,cupy_copy__complex64_complex64
14416092356,10784,267762,35,1,1,128,1,1,16,0.000,0.000,,,,,NVIDIA A100-SXM4-40GB MIG 4g.20gb (0),1,,13,cupy_copy__complex64_complex64
14416246179,3520,267769,1,1,1,1,1,1,18,0.000,0.000,,,,,NVIDIA A100-SXM4-40GB MIG 4g.20gb (0),1,,13,cupy_copy__float32_float32
14416407809,260989,267780,1,1,1,32,32,1,30,0.000,0.000,,,,,NVIDIA A100-SXM4-40GB MIG 4g.20gb (0),1,,13,"void convert_kernel<__half2, float2>(tensor_layout_any, T1 *, tensor_layout_any, const T2 *)"
14416699550,5568,267783,,,,,,,,,,0.094,16827.521,Pinned,Device,NVIDIA A100-SXM4-40GB MIG 4g.20gb (0),1,,13,[CUDA memcpy Host-to-Device]
14416827676,10208,267784,,,,,,,,,,1.547,151510.380,Device,,NVIDIA A100-SXM4-40GB MIG 4g.20gb (0),1,,13,[CUDA memset]
14416845468,5504,267789,,,,,,,,,,0.031,5686.045,Pinned,Device,NVIDIA A100-SXM4-40GB MIG 4g.20gb (0),1,,13,[CUDA memcpy Host-to-Device]
14416854044,15168,267790,,,,,,,,,,0.197,12961.972,Pinned,Device,NVIDIA A100-SXM4-40GB MIG 4g.20gb (0),1,,13,[CUDA memcpy Host-to-Device]
14417121785,18400,267791,273,1,1,8,4,1,39,0.002,0.000,,,,,NVIDIA A100-SXM4-40GB MIG 4g.20gb (0),1,,13,"void channel_eq::eqMmseCoefCompLowMimoKernel<float, float, float, (unsigned int)4, (unsigned int)1, (unsigned int)4>(const channel_eq::_puschRxChEqStatDescr *, channel_eq::_puschRxChEqCoefCompDynDescr)"
14417423350,29471,267792,273,1,1,12,11,1,51,0.002,0.000,,,,,NVIDIA A100-SXM4-40GB MIG 4g.20gb (0),1,,13,"void channel_eq::eqMmseSoftDemapKernel<float, __half, __half, float, (unsigned int)4, (unsigned short)16383>(channel_eq::_puschRxChEqStatDescr *, channel_eq::_puschRxChEqSoftDemapDynDescr)"
14417728658,656441,267793,1,1,1,32,32,1,30,0.000,0.000,,,,,NVIDIA A100-SXM4-40GB MIG 4g.20gb (0),1,,13,"void convert_kernel<float2, __half2>(tensor_layout_any, T1 *, tensor_layout_any, const T2 *)"
14418593672,15808,267805,2253,1,1,128,1,1,16,0.000,0.000,,,,,NVIDIA A100-SXM4-40GB MIG 4g.20gb (0),1,,13,cupy_copy__float16_float16
14418843877,5120,267814,282,1,1,128,1,1,16,0.000,0.000,,,,,NVIDIA A100-SXM4-40GB MIG 4g.20gb (0),1,,13,cupy_copy__complex64_complex64
14419077667,5120,267823,26,1,1,128,1,1,16,0.000,0.000,,,,,NVIDIA A100-SXM4-40GB MIG 4g.20gb (0),1,,13,cupy_copy__float32_float32
14419332448,12128,267832,103,1,1,128,1,1,16,0.000,0.000,,,,,NVIDIA A100-SXM4-40GB MIG 4g.20gb (0),1,,13,cupy_copy__complex64_complex64
14419765819,15776,267842,1434,1,1,128,1,1,16,0.000,0.000,,,,,NVIDIA A100-SXM4-40GB MIG 4g.20gb (0),1,,13,cupy_copy__complex64_complex64
14419970521,267229,267847,1,1,1,32,32,1,30,0.000,0.000,,,,,NVIDIA A100-SXM4-40GB MIG 4g.20gb (0),1,,13,"void convert_kernel<__half2, float2>(tensor_layout_any, T1 *, tensor_layout_any, const T2 *)"
14420268149,9216,267850,,,,,,,,,,0.094,10166.578,Pinned,Device,NVIDIA A100-SXM4-40GB MIG 4g.20gb (0),1,,13,[CUDA memcpy Host-to-Device]
14420544530,618137,267851,,,,,,,,,,456.561,738259.848,Device,,NVIDIA A100-SXM4-40GB MIG 4g.20gb (0),1,,13,[CUDA memset]
14421170091,64064,267856,,,,,,,,,,1.235,19276.241,Pinned,Device,NVIDIA A100-SXM4-40GB MIG 4g.20gb (0),1,,13,[CUDA memcpy Host-to-Device]
14421236779,15295,267857,,,,,,,,,,0.197,12854.231,Pinned,Device,NVIDIA A100-SXM4-40GB MIG 4g.20gb (0),1,,13,[CUDA memcpy Host-to-Device]
14421456072,24256,267858,69,4,1,48,1,1,76,0.002,0.000,,,,,NVIDIA A100-SXM4-40GB MIG 4g.20gb (0),1,,13,"void ch_est::windowedChEstPreNoDftSOfdmKernel<float, __half, float, (unsigned int)2, (unsigned int)1, (unsigned short)4>(ch_est::puschRxChEstStatDescr_t *, ch_est::puschRxChEstDynDescr_t *)"
14421754373,23103,267859,137,2,1,24,2,1,44,0.001,0.001,,,,,NVIDIA A100-SXM4-40GB MIG 4g.20gb (0),1,,13,"void ch_est::chEstFilterNoDftSOfdmDispatchKernel<float, __half, float, (unsigned int)2>(ch_est::puschRxChEstStatDescr_t *, ch_est::puschRxChEstDynDescr_t *)"
14422000034,19200,267860,137,2,1,24,2,1,44,0.001,0.001,,,,,NVIDIA A100-SXM4-40GB MIG 4g.20gb (0),1,,13,"void ch_est::chEstFilterNoDftSOfdmDispatchKernel<float, __half, float, (unsigned int)2>(ch_est::puschRxChEstStatDescr_t *, ch_est::puschRxChEstDynDescr_t *)"
14422126305,7647,267871,103,1,1,128,1,1,16,0.000,0.000,,,,,NVIDIA A100-SXM4-40GB MIG 4g.20gb (0),1,,13,cupy_copy__complex64_complex64
14422281279,18720,267881,1434,1,1,128,1,1,16,0.000,0.000,,,,,NVIDIA A100-SXM4-40GB MIG 4g.20gb (0),1,,13,cupy_copy__complex64_complex64
14422446685,7392,267888,103,1,1,128,1,1,16,0.000,0.000,,,,,NVIDIA A100-SXM4-40GB MIG 4g.20gb (0),1,,13,cupy_copy__complex64_complex64
14422596027,259549,267895,1,1,1,32,32,1,30,0.000,0.000,,,,,NVIDIA A100-SXM4-40GB MIG 4g.20gb (0),1,,13,"void convert_kernel<__half2, float2>(tensor_layout_any, T1 *, tensor_layout_any, const T2 *)"
14422887704,12192,267898,,,,,,,,,,0.094,7684.946,Pinned,Device,NVIDIA A100-SXM4-40GB MIG 4g.20gb (0),1,,13,[CUDA memcpy Host-to-Device]
14423057430,57759,267899,,,,,,,,,,35.810,619977.145,Device,,NVIDIA A100-SXM4-40GB MIG 4g.20gb (0),1,,13,[CUDA memset]
14423120085,4320,267901,,,,,,,,,,0.000,18.518,Pinned,Device,NVIDIA A100-SXM4-40GB MIG 4g.20gb (0),1,,13,[CUDA memcpy Host-to-Device]
14423127093,10080,267902,,,,,,,,,,0.197,19504.693,Pinned,Device,NVIDIA A100-SXM4-40GB MIG 4g.20gb (0),1,,13,[CUDA memcpy Host-to-Device]
14423297427,39104,267903,273,1,1,48,1,1,40,0.000,0.001,,,,,NVIDIA A100-SXM4-40GB MIG 4g.20gb (0),1,,13,"void pusch_noise_intf_est::noiseIntfEstNoDftSOfdmKernel<float, __half, float, float, (unsigned int)2, (unsigned int)1, (unsigned char)4, (unsigned char)4>(pusch_noise_intf_est::puschRxNoiseIntfEstDynDescr)"
14423479089,11040,267914,35,1,1,128,1,1,16,0.000,0.000,,,,,NVIDIA A100-SXM4-40GB MIG 4g.20gb (0),1,,13,cupy_copy__complex64_complex64
14423604880,4160,267923,1,1,1,1,1,1,18,0.000,0.000,,,,,NVIDIA A100-SXM4-40GB MIG 4g.20gb (0),1,,13,cupy_copy__float32_float32
14423613808,5120,267929,,,,,,,,,,0.000,0.781,Device,Pageable,NVIDIA A100-SXM4-40GB MIG 4g.20gb (0),1,,7,[CUDA memcpy Device-to-Host]
14423729326,21024,267940,1434,1,1,128,1,1,16,0.000,0.000,,,,,NVIDIA A100-SXM4-40GB MIG 4g.20gb (0),1,,13,cupy_copy__complex64_complex64
14423888461,7840,267947,103,1,1,128,1,1,16,0.000,0.000,,,,,NVIDIA A100-SXM4-40GB MIG 4g.20gb (0),1,,13,cupy_copy__complex64_complex64
14424056427,11104,267954,35,1,1,128,1,1,16,0.000,0.000,,,,,NVIDIA A100-SXM4-40GB MIG 4g.20gb (0),1,,13,cupy_copy__complex64_complex64
14424240297,3392,267961,1,1,1,1,1,1,18,0.000,0.000,,,,,NVIDIA A100-SXM4-40GB MIG 4g.20gb (0),1,,13,cupy_copy__float32_float32
14424460774,252925,267972,1,1,1,32,32,1,30,0.000,0.000,,,,,NVIDIA A100-SXM4-40GB MIG 4g.20gb (0),1,,13,"void convert_kernel<__half2, float2>(tensor_layout_any, T1 *, tensor_layout_any, const T2 *)"
14424743875,9088,267975,,,,,,,,,,0.094,10309.839,Pinned,Device,NVIDIA A100-SXM4-40GB MIG 4g.20gb (0),1,,13,[CUDA memcpy Host-to-Device]
14424932545,11744,267976,,,,,,,,,,1.547,131693.487,Device,,NVIDIA A100-SXM4-40GB MIG 4g.20gb (0),1,,13,[CUDA memset]
14424951425,5504,267981,,,,,,,,,,0.031,5686.045,Pinned,Device,NVIDIA A100-SXM4-40GB MIG 4g.20gb (0),1,,13,[CUDA memcpy Host-to-Device]
14424963937,12991,267982,,,,,,,,,,0.197,15134.097,Pinned,Device,NVIDIA A100-SXM4-40GB MIG 4g.20gb (0),1,,13,[CUDA memcpy Host-to-Device]
14425106879,48319,267983,273,1,1,8,4,1,39,0.002,0.000,,,,,NVIDIA A100-SXM4-40GB MIG 4g.20gb (0),1,,13,"void channel_eq::eqMmseCoefCompLowMimoKernel<float, float, float, (unsigned int)4, (unsigned int)1, (unsigned int)4>(const channel_eq::_puschRxChEqStatDescr *, channel_eq::_puschRxChEqCoefCompDynDescr)"
14425412507,44544,267984,273,1,1,12,11,1,51,0.002,0.000,,,,,NVIDIA A100-SXM4-40GB MIG 4g.20gb (0),1,,13,"void channel_eq::eqMmseSoftDemapKernel<float, __half, __half, float, (unsigned int)4, (unsigned short)16383>(channel_eq::_puschRxChEqStatDescr *, channel_eq::_puschRxChEqSoftDemapDynDescr)"
14425604633,696600,267985,1,1,1,32,32,1,30,0.000,0.000,,,,,NVIDIA A100-SXM4-40GB MIG 4g.20gb (0),1,,13,"void convert_kernel<float2, __half2>(tensor_layout_any, T1 *, tensor_layout_any, const T2 *)"
14426427600,17152,267997,2253,1,1,128,1,1,16,0.000,0.000,,,,,NVIDIA A100-SXM4-40GB MIG 4g.20gb (0),1,,13,cupy_copy__float16_float16
14426594734,9952,268006,282,1,1,128,1,1,16,0.000,0.000,,,,,NVIDIA A100-SXM4-40GB MIG 4g.20gb (0),1,,13,cupy_copy__complex64_complex64
14426720557,3648,268015,26,1,1,128,1,1,16,0.000,0.000,,,,,NVIDIA A100-SXM4-40GB MIG 4g.20gb (0),1,,13,cupy_copy__float32_float32
14426838027,10592,268024,103,1,1,128,1,1,16,0.000,0.000,,,,,NVIDIA A100-SXM4-40GB MIG 4g.20gb (0),1,,13,cupy_copy__complex64_complex64
14426999114,17727,268034,1434,1,1,128,1,1,16,0.000,0.000,,,,,NVIDIA A100-SXM4-40GB MIG 4g.20gb (0),1,,13,cupy_copy__complex64_complex64
14427168232,266237,268039,1,1,1,32,32,1,30,0.000,0.000,,,,,NVIDIA A100-SXM4-40GB MIG 4g.20gb (0),1,,13,"void convert_kernel<__half2, float2>(tensor_layout_any, T1 *, tensor_layout_any, const T2 *)"
14427468740,6944,268042,,,,,,,,,,0.094,13493.067,Pinned,Device,NVIDIA A100-SXM4-40GB MIG 4g.20gb (0),1,,13,[CUDA memcpy Host-to-Device]
14427687330,615577,268043,,,,,,,,,,456.561,741455.779,Device,,NVIDIA A100-SXM4-40GB MIG 4g.20gb (0),1,,13,[CUDA memset]
14428305371,61791,268048,,,,,,,,,,1.235,19985.099,Pinned,Device,NVIDIA A100-SXM4-40GB MIG 4g.20gb (0),1,,13,[CUDA memcpy Host-to-Device]
14428373594,9728,268049,,,,,,,,,,0.197,20210.516,Pinned,Device,NVIDIA A100-SXM4-40GB MIG 4g.20gb (0),1,,13,[CUDA memcpy Host-to-Device]
14428621911,20032,268050,69,4,1,48,1,1,76,0.002,0.000,,,,,NVIDIA A100-SXM4-40GB MIG 4g.20gb (0),1,,13,"void ch_est::windowedChEstPreNoDftSOfdmKernel<float, __half, float, (unsigned int)2, (unsigned int)1, (unsigned short)4>(ch_est::puschRxChEstStatDescr_t *, ch_est::puschRxChEstDynDescr_t *)"
14428793877,37536,268051,137,2,1,24,2,1,44,0.001,0.001,,,,,NVIDIA A100-SXM4-40GB MIG 4g.20gb (0),1,,13,"void ch_est::chEstFilterNoDftSOfdmDispatchKernel<float, __half, float, (unsigned int)2>(ch_est::puschRxChEstStatDescr_t *, ch_est::puschRxChEstDynDescr_t *)"
14429089970,34560,268052,137,2,1,24,2,1,44,0.001,0.001,,,,,NVIDIA A100-SXM4-40GB MIG 4g.20gb (0),1,,13,"void ch_est::chEstFilterNoDftSOfdmDispatchKernel<float, __half, float, (unsigned int)2>(ch_est::puschRxChEstStatDescr_t *, ch_est::puschRxChEstDynDescr_t *)"
14429286064,6400,268063,103,1,1,128,1,1,16,0.000,0.000,,,,,NVIDIA A100-SXM4-40GB MIG 4g.20gb (0),1,,13,cupy_copy__complex64_complex64
14429532301,18496,268073,1434,1,1,128,1,1,16,0.000,0.000,,,,,NVIDIA A100-SXM4-40GB MIG 4g.20gb (0),1,,13,cupy_copy__complex64_complex64
14429782986,4096,268080,103,1,1,128,1,1,16,0.000,0.000,,,,,NVIDIA A100-SXM4-40GB MIG 4g.20gb (0),1,,13,cupy_copy__complex64_complex64
14430024456,269628,268087,1,1,1,32,32,1,30,0.000,0.000,,,,,NVIDIA A100-SXM4-40GB MIG 4g.20gb (0),1,,13,"void convert_kernel<__half2, float2>(tensor_layout_any, T1 *, tensor_layout_any, const T2 *)"
14430328196,5792,268090,,,,,,,,,,0.094,16176.708,Pinned,Device,NVIDIA A100-SXM4-40GB MIG 4g.20gb (0),1,,13,[CUDA memcpy Host-to-Device]
14430581761,54240,268091,,,,,,,,,,35.810,660191.685,Device,,NVIDIA A100-SXM4-40GB MIG 4g.20gb (0),1,,13,[CUDA memset]
14430637633,5344,268093,,,,,,,,,,0.000,14.970,Pinned,Device,NVIDIA A100-SXM4-40GB MIG 4g.20gb (0),1,,13,[CUDA memcpy Host-to-Device]
14430645441,9695,268094,,,,,,,,,,0.197,20279.132,Pinned,Device,NVIDIA A100-SXM4-40GB MIG 4g.20gb (0),1,,13,[CUDA memcpy Host-to-Device]
14430911870,30335,268095,273,1,1,48,1,1,40,0.000,0.001,,,,,NVIDIA A100-SXM4-40GB MIG 4g.20gb (0),1,,13,"void pusch_noise_intf_est::noiseIntfEstNoDftSOfdmKernel<float, __half, float, float, (unsigned int)2, (unsigned int)1, (unsigned char)4, (unsigned char)4>(pusch_noise_intf_est::puschRxNoiseIntfEstDynDescr)"
14431191290,8992,268106,35,1,1,128,1,1,16,0.000,0.000,,,,,NVIDIA A100-SXM4-40GB MIG 4g.20gb (0),1,,13,cupy_copy__complex64_complex64
14431453751,3968,268115,1,1,1,1,1,1,18,0.000,0.000,,,,,NVIDIA A100-SXM4-40GB MIG 4g.20gb (0),1,,13,cupy_copy__float32_float32
14431465271,1664,268121,,,,,,,,,,0.000,2.404,Device,Pageable,NVIDIA A100-SXM4-40GB MIG 4g.20gb (0),1,,7,[CUDA memcpy Device-to-Host]
14431774036,17568,268132,1434,1,1,128,1,1,16,0.000,0.000,,,,,NVIDIA A100-SXM4-40GB MIG 4g.20gb (0),1,,13,cupy_copy__complex64_complex64
14432040497,4992,268139,103,1,1,128,1,1,16,0.000,0.000,,,,,NVIDIA A100-SXM4-40GB MIG 4g.20gb (0),1,,13,cupy_copy__complex64_complex64
14432239055,15775,268146,35,1,1,128,1,1,16,0.000,0.000,,,,,NVIDIA A100-SXM4-40GB MIG 4g.20gb (0),1,,13,cupy_copy__complex64_complex64
14432411245,4512,268153,1,1,1,1,1,1,18,0.000,0.000,,,,,NVIDIA A100-SXM4-40GB MIG 4g.20gb (0),1,,13,cupy_copy__float32_float32
14432510156,253917,268164,1,1,1,32,32,1,30,0.000,0.000,,,,,NVIDIA A100-SXM4-40GB MIG 4g.20gb (0),1,,13,"void convert_kernel<__half2, float2>(tensor_layout_any, T1 *, tensor_layout_any, const T2 *)"
14432795720,6336,268167,,,,,,,,,,0.094,14787.852,Pinned,Device,NVIDIA A100-SXM4-40GB MIG 4g.20gb (0),1,,13,[CUDA memcpy Host-to-Device]
14432931303,10336,268168,,,,,,,,,,1.547,149634.325,Device,,NVIDIA A100-SXM4-40GB MIG 4g.20gb (0),1,,13,[CUDA memset]
14432946087,6720,268173,,,,,,,,,,0.031,4657.126,Pinned,Device,NVIDIA A100-SXM4-40GB MIG 4g.20gb (0),1,,13,[CUDA memcpy Host-to-Device]
14432959046,12064,268174,,,,,,,,,,0.197,16297.034,Pinned,Device,NVIDIA A100-SXM4-40GB MIG 4g.20gb (0),1,,13,[CUDA memcpy Host-to-Device]
14433104933,17760,268175,273,1,1,8,4,1,39,0.002,0.000,,,,,NVIDIA A100-SXM4-40GB MIG 4g.20gb (0),1,,13,"void channel_eq::eqMmseCoefCompLowMimoKernel<float, float, float, (unsigned int)4, (unsigned int)1, (unsigned int)4>(const channel_eq::_puschRxChEqStatDescr *, channel_eq::_puschRxChEqCoefCompDynDescr)"
14433313026,24928,268176,273,1,1,12,11,1,51,0.002,0.000,,,,,NVIDIA A100-SXM4-40GB MIG 4g.20gb (0),1,,13,"void channel_eq::eqMmseSoftDemapKernel<float, __half, __half, float, (unsigned int)4, (unsigned short)16383>(channel_eq::_puschRxChEqStatDescr *, channel_eq::_puschRxChEqSoftDemapDynDescr)"
14433500160,684601,268177,1,1,1,32,32,1,30,0.000,0.000,,,,,NVIDIA A100-SXM4-40GB MIG 4g.20gb (0),1,,13,"void convert_kernel<float2, __half2>(tensor_layout_any, T1 *, tensor_layout_any, const T2 *)"
14434308855,17056,268189,2253,1,1,128,1,1,16,0.000,0.000,,,,,NVIDIA A100-SXM4-40GB MIG 4g.20gb (0),1,,13,cupy_copy__float16_float16
14434506645,8192,268198,282,1,1,128,1,1,16,0.000,0.000,,,,,NVIDIA A100-SXM4-40GB MIG 4g.20gb (0),1,,13,cupy_copy__complex64_complex64
14434641555,8736,268207,26,1,1,128,1,1,16,0.000,0.000,,,,,NVIDIA A100-SXM4-40GB MIG 4g.20gb (0),1,,13,cupy_copy__float32_float32
14434809394,12639,268216,103,1,1,128,1,1,16,0.000,0.000,,,,,NVIDIA A100-SXM4-40GB MIG 4g.20gb (0),1,,13,cupy_copy__complex64_complex64
14435027247,19840,268226,1434,1,1,128,1,1,16,0.000,0.000,,,,,NVIDIA A100-SXM4-40GB MIG 4g.20gb (0),1,,13,cupy_copy__complex64_complex64
14435176397,272253,268231,1,1,1,32,32,1,30,0.000,0.000,,,,,NVIDIA A100-SXM4-40GB MIG 4g.20gb (0),1,,13,"void convert_kernel<__half2, float2>(tensor_layout_any, T1 *, tensor_layout_any, const T2 *)"
14435478762,12416,268234,,,,,,,,,,0.094,7546.370,Pinned,Device,NVIDIA A100-SXM4-40GB MIG 4g.20gb (0),1,,13,[CUDA memcpy Host-to-Device]
14435642696,620665,268235,,,,,,,,,,456.561,735520.480,Device,,NVIDIA A100-SXM4-40GB MIG 4g.20gb (0),1,,13,[CUDA memset]
14436268417,64703,268240,,,,,,,,,,1.235,19086.060,Pinned,Device,NVIDIA A100-SXM4-40GB MIG 4g.20gb (0),1,,13,[CUDA memcpy Host-to-Device]
14436335552,9984,268241,,,,,,,,,,0.197,19692.257,Pinned,Device,NVIDIA A100-SXM4-40GB MIG 4g.20gb (0),1,,13,[CUDA memcpy Host-to-Device]
14436475327,23424,268242,69,4,1,48,1,1,76,0.002,0.000,,,,,NVIDIA A100-SXM4-40GB MIG 4g.20gb (0),1,,13,"void ch_est::windowedChEstPreNoDftSOfdmKernel<float, __half, float, (unsigned int)2, (unsigned int)1, (unsigned short)4>(ch_est::puschRxChEstStatDescr_t *, ch_est::puschRxChEstDynDescr_t *)"
14436641181,34048,268243,137,2,1,24,2,1,44,0.001,0.001,,,,,NVIDIA A100-SXM4-40GB MIG 4g.20gb (0),1,,13,"void ch_est::chEstFilterNoDftSOfdmDispatchKernel<float, __half, float, (unsigned int)2>(ch_est::puschRxChEstStatDescr_t *, ch_est::puschRxChEstDynDescr_t *)"
14436839451,36991,268244,137,2,1,24,2,1,44,0.001,0.001,,,,,NVIDIA A100-SXM4-40GB MIG 4g.20gb (0),1,,13,"void ch_est::chEstFilterNoDftSOfdmDispatchKernel<float, __half, float, (unsigned int)2>(ch_est::puschRxChEstStatDescr_t *, ch_est::puschRxChEstDynDescr_t *)"
14437035545,7103,268255,103,1,1,128,1,1,16,0.000,0.000,,,,,NVIDIA A100-SXM4-40GB MIG 4g.20gb (0),1,,13,cupy_copy__complex64_complex64
14437195383,19391,268265,1434,1,1,128,1,1,16,0.000,0.000,,,,,NVIDIA A100-SXM4-40GB MIG 4g.20gb (0),1,,13,cupy_copy__complex64_complex64
14437345173,10048,268272,103,1,1,128,1,1,16,0.000,0.000,,,,,NVIDIA A100-SXM4-40GB MIG 4g.20gb (0),1,,13,cupy_copy__complex64_complex64
14437484211,262109,268279,1,1,1,32,32,1,30,0.000,0.000,,,,,NVIDIA A100-SXM4-40GB MIG 4g.20gb (0),1,,13,"void convert_kernel<__half2, float2>(tensor_layout_any, T1 *, tensor_layout_any, const T2 *)"
14437777520,5728,268282,,,,,,,,,,0.094,16357.541,Pinned,Device,NVIDIA A100-SXM4-40GB MIG 4g.20gb (0),1,,13,[CUDA memcpy Host-to-Device]
14438053933,59327,268283,,,,,,,,,,35.810,603576.202,Device,,NVIDIA A100-SXM4-40GB MIG 4g.20gb (0),1,,13,[CUDA memset]
14438120204,2016,268285,,,,,,,,,,0.000,39.682,Pinned,Device,NVIDIA A100-SXM4-40GB MIG 4g.20gb (0),1,,13,[CUDA memcpy Host-to-Device]
14438124716,9472,268286,,,,,,,,,,0.197,20756.693,Pinned,Device,NVIDIA A100-SXM4-40GB MIG 4g.20gb (0),1,,13,[CUDA memcpy Host-to-Device]
14438283594,35168,268287,273,1,1,48,1,1,40,0.000,0.001,,,,,NVIDIA A100-SXM4-40GB MIG 4g.20gb (0),1,,13,"void pusch_noise_intf_est::noiseIntfEstNoDftSOfdmKernel<float, __half, float, float, (unsigned int)2, (unsigned int)1, (unsigned char)4, (unsigned char)4>(pusch_noise_intf_est::puschRxNoiseIntfEstDynDescr)"
14438553767,7584,268298,35,1,1,128,1,1,16,0.000,0.000,,,,,NVIDIA A100-SXM4-40GB MIG 4g.20gb (0),1,,13,cupy_copy__complex64_complex64
14438705606,4480,268307,1,1,1,1,1,1,18,0.000,0.000,,,,,NVIDIA A100-SXM4-40GB MIG 4g.20gb (0),1,,13,cupy_copy__float32_float32
14438712614,1824,268313,,,,,,,,,,0.000,2.193,Device,Pageable,NVIDIA A100-SXM4-40GB MIG 4g.20gb (0),1,,7,[CUDA memcpy Device-to-Host]
14439062754,21087,268324,1434,1,1,128,1,1,16,0.000,0.000,,,,,NVIDIA A100-SXM4-40GB MIG 4g.20gb (0),1,,13,cupy_copy__complex64_complex64
14439361182,4096,268331,103,1,1,128,1,1,16,0.000,0.000,,,,,NVIDIA A100-SXM4-40GB MIG 4g.20gb (0),1,,13,cupy_copy__complex64_complex64
14439567228,9856,268338,35,1,1,128,1,1,16,0.000,0.000,,,,,NVIDIA A100-SXM4-40GB MIG 4g.20gb (0),1,,13,cupy_copy__complex64_complex64
14439851737,4544,268345,1,1,1,1,1,1,18,0.000,0.000,,,,,NVIDIA A100-SXM4-40GB MIG 4g.20gb (0),1,,13,cupy_copy__float32_float32
14440123510,257053,268356,1,1,1,32,32,1,30,0.000,0.000,,,,,NVIDIA A100-SXM4-40GB MIG 4g.20gb (0),1,,13,"void convert_kernel<__half2, float2>(tensor_layout_any, T1 *, tensor_layout_any, const T2 *)"
14440414354,5536,268359,,,,,,,,,,0.094,16924.777,Pinned,Device,NVIDIA A100-SXM4-40GB MIG 4g.20gb (0),1,,13,[CUDA memcpy Host-to-Device]
14440706351,7776,268360,,,,,,,,,,1.547,198895.846,Device,,NVIDIA A100-SXM4-40GB MIG 4g.20gb (0),1,,13,[CUDA memset]
14440719759,6624,268365,,,,,,,,,,0.031,4724.632,Pinned,Device,NVIDIA A100-SXM4-40GB MIG 4g.20gb (0),1,,13,[CUDA memcpy Host-to-Device]
14440728879,11008,268366,,,,,,,,,,0.197,17860.461,Pinned,Device,NVIDIA A100-SXM4-40GB MIG 4g.20gb (0),1,,13,[CUDA memcpy Host-to-Device]
14441022604,16671,268367,273,1,1,8,4,1,39,0.002,0.000,,,,,NVIDIA A100-SXM4-40GB MIG 4g.20gb (0),1,,13,"void channel_eq::eqMmseCoefCompLowMimoKernel<float, float, float, (unsigned int)4, (unsigned int)1, (unsigned int)4>(const channel_eq::_puschRxChEqStatDescr *, channel_eq::_puschRxChEqCoefCompDynDescr)"
14441434151,18912,268368,273,1,1,12,11,1,51,0.002,0.000,,,,,NVIDIA A100-SXM4-40GB MIG 4g.20gb (0),1,,13,"void channel_eq::eqMmseSoftDemapKernel<float, __half, __half, float, (unsigned int)4, (unsigned short)16383>(channel_eq::_puschRxChEqStatDescr *, channel_eq::_puschRxChEqSoftDemapDynDescr)"
14441718468,663576,268369,1,1,1,32,32,1,30,0.000,0.000,,,,,NVIDIA A100-SXM4-40GB MIG 4g.20gb (0),1,,13,"void convert_kernel<float2, __half2>(tensor_layout_any, T1 *, tensor_layout_any, const T2 *)"
14442534683,15039,268381,2253,1,1,128,1,1,16,0.000,0.000,,,,,NVIDIA A100-SXM4-40GB MIG 4g.20gb (0),1,,13,cupy_copy__float16_float16
14442698617,9664,268390,282,1,1,128,1,1,16,0.000,0.000,,,,,NVIDIA A100-SXM4-40GB MIG 4g.20gb (0),1,,13,cupy_copy__complex64_complex64
14442824599,4000,268399,26,1,1,128,1,1,16,0.000,0.000,,,,,NVIDIA A100-SXM4-40GB MIG 4g.20gb (0),1,,13,cupy_copy__float32_float32
14442943638,13152,268408,103,1,1,128,1,1,16,0.000,0.000,,,,,NVIDIA A100-SXM4-40GB MIG 4g.20gb (0),1,,13,cupy_copy__complex64_complex64
14443103604,20064,268418,1434,1,1,128,1,1,16,0.000,0.000,,,,,NVIDIA A100-SXM4-40GB MIG 4g.20gb (0),1,,13,cupy_copy__complex64_complex64
14443267794,275133,268423,1,1,1,32,32,1,30,0.000,0.000,,,,,NVIDIA A100-SXM4-40GB MIG 4g.20gb (0),1,,13,"void convert_kernel<__half2, float2>(tensor_layout_any, T1 *, tensor_layout_any, const T2 *)"
14443573071,5472,268426,,,,,,,,,,0.094,17122.757,Pinned,Device,NVIDIA A100-SXM4-40GB MIG 4g.20gb (0),1,,13,[CUDA memcpy Host-to-Device]
14443721805,619193,268427,,,,,,,,,,456.561,737346.726,Device,,NVIDIA A100-SXM4-40GB MIG 4g.20gb (0),1,,13,[CUDA memset]
14444347046,61375,268432,,,,,,,,,,1.235,20120.943,Pinned,Device,NVIDIA A100-SXM4-40GB MIG 4g.20gb (0),1,,13,[CUDA memcpy Host-to-Device]
14444410949,12128,268433,,,,,,,,,,0.197,16210.919,Pinned,Device,NVIDIA A100-SXM4-40GB MIG 4g.20gb (0),1,,13,[CUDA memcpy Host-to-Device]
14444567588,28895,268434,69,4,1,48,1,1,76,0.002,0.000,,,,,NVIDIA A100-SXM4-40GB MIG 4g.20gb (0),1,,13,"void ch_est::windowedChEstPreNoDftSOfdmKernel<float, __half, float, (unsigned int)2, (unsigned int)1, (unsigned short)4>(ch_est::puschRxChEstStatDescr_t *, ch_est::puschRxChEstDynDescr_t *)"
14444703618,23072,268435,137,2,1,24,2,1,44,0.001,0.001,,,,,NVIDIA A100-SXM4-40GB MIG 4g.20gb (0),1,,13,"void ch_est::chEstFilterNoDftSOfdmDispatchKernel<float, __half, float, (unsigned int)2>(ch_est::puschRxChEstStatDescr_t *, ch_est::puschRxChEstDynDescr_t *)"
14444855616,41376,268436,137,2,1,24,2,1,44,0.001,0.001,,,,,NVIDIA A100-SXM4-40GB MIG 4g.20gb (0),1,,13,"void ch_est::chEstFilterNoDftSOfdmDispatchKernel<float, __half, float, (unsigned int)2>(ch_est::puschRxChEstStatDescr_t *, ch_est::puschRxChEstDynDescr_t *)"
14445053406,6528,268447,103,1,1,128,1,1,16,0.000,0.000,,,,,NVIDIA A100-SXM4-40GB MIG 4g.20gb (0),1,,13,cupy_copy__complex64_complex64
14445216636,18432,268457,1434,1,1,128,1,1,16,0.000,0.000,,,,,NVIDIA A100-SXM4-40GB MIG 4g.20gb (0),1,,13,cupy_copy__complex64_complex64
14445364347,9184,268464,103,1,1,128,1,1,16,0.000,0.000,,,,,NVIDIA A100-SXM4-40GB MIG 4g.20gb (0),1,,13,cupy_copy__complex64_complex64
14445503289,268413,268471,1,1,1,32,32,1,30,0.000,0.000,,,,,NVIDIA A100-SXM4-40GB MIG 4g.20gb (0),1,,13,"void convert_kernel<__half2, float2>(tensor_layout_any, T1 *, tensor_layout_any, const T2 *)"
14445804982,10368,268474,,,,,,,,,,0.094,9036.979,Pinned,Device,NVIDIA A100-SXM4-40GB MIG 4g.20gb (0),1,,13,[CUDA memcpy Host-to-Device]
14445934612,56480,268475,,,,,,,,,,35.810,634014.634,Device,,NVIDIA A100-SXM4-40GB MIG 4g.20gb (0),1,,13,[CUDA memset]
14445996692,4159,268477,,,,,,,,,,0.000,19.235,Pinned,Device,NVIDIA A100-SXM4-40GB MIG 4g.20gb (0),1,,13,[CUDA memcpy Host-to-Device]
14446003923,9952,268478,,,,,,,,,,0.197,19755.565,Pinned,Device,NVIDIA A100-SXM4-40GB MIG 4g.20gb (0),1,,13,[CUDA memcpy Host-to-Device]
14446163090,29247,268479,273,1,1,48,1,1,40,0.000,0.001,,,,,NVIDIA A100-SXM4-40GB MIG 4g.20gb (0),1,,13,"void pusch_noise_intf_est::noiseIntfEstNoDftSOfdmKernel<float, __half, float, float, (unsigned int)2, (unsigned int)1, (unsigned char)4, (unsigned char)4>(pusch_noise_intf_est::puschRxNoiseIntfEstDynDescr)"
14446279056,8864,268490,35,1,1,128,1,1,16,0.000,0.000,,,,,NVIDIA A100-SXM4-40GB MIG 4g.20gb (0),1,,13,cupy_copy__complex64_complex64
14446422255,3808,268499,1,1,1,1,1,1,18,0.000,0.000,,,,,NVIDIA A100-SXM4-40GB MIG 4g.20gb (0),1,,13,cupy_copy__float32_float32
14446429839,5216,268505,,,,,,,,,,0.000,0.767,Device,Pageable,NVIDIA A100-SXM4-40GB MIG 4g.20gb (0),1,,7,[CUDA memcpy Device-to-Host]
14446590093,19392,268516,1434,1,1,128,1,1,16,0.000,0.000,,,,,NVIDIA A100-SXM4-40GB MIG 4g.20gb (0),1,,13,cupy_copy__complex64_complex64
14446735787,11296,268523,103,1,1,128,1,1,16,0.000,0.000,,,,,NVIDIA A100-SXM4-40GB MIG 4g.20gb (0),1,,13,cupy_copy__complex64_complex64
14446826666,10592,268530,35,1,1,128,1,1,16,0.000,0.000,,,,,NVIDIA A100-SXM4-40GB MIG 4g.20gb (0),1,,13,cupy_copy__complex64_complex64
14446987976,4064,268537,1,1,1,1,1,1,18,0.000,0.000,,,,,NVIDIA A100-SXM4-40GB MIG 4g.20gb (0),1,,13,cupy_copy__float32_float32
14447151655,269276,268548,1,1,1,32,32,1,30,0.000,0.000,,,,,NVIDIA A100-SXM4-40GB MIG 4g.20gb (0),1,,13,"void convert_kernel<__half2, float2>(tensor_layout_any, T1 *, tensor_layout_any, const T2 *)"
14447455171,13504,268551,,,,,,,,,,0.094,6938.376,Pinned,Device,NVIDIA A100-SXM4-40GB MIG 4g.20gb (0),1,,13,[CUDA memcpy Host-to-Device]
14447619489,10784,268552,,,,,,,,,,1.547,143416.897,Device,,NVIDIA A100-SXM4-40GB MIG 4g.20gb (0),1,,13,[CUDA memset]
14447631393,7008,268557,,,,,,,,,,0.031,4465.751,Pinned,Device,NVIDIA A100-SXM4-40GB MIG 4g.20gb (0),1,,13,[CUDA memcpy Host-to-Device]
14447640833,11168,268558,,,,,,,,,,0.197,17604.477,Pinned,Device,NVIDIA A100-SXM4-40GB MIG 4g.20gb (0),1,,13,[CUDA memcpy Host-to-Device]
14447801567,50944,268559,273,1,1,8,4,1,39,0.002,0.000,,,,,NVIDIA A100-SXM4-40GB MIG 4g.20gb (0),1,,13,"void channel_eq::eqMmseCoefCompLowMimoKernel<float, float, float, (unsigned int)4, (unsigned int)1, (unsigned int)4>(const channel_eq::_puschRxChEqStatDescr *, channel_eq::_puschRxChEqCoefCompDynDescr)"
14448066940,42144,268560,273,1,1,12,11,1,51,0.002,0.000,,,,,NVIDIA A100-SXM4-40GB MIG 4g.20gb (0),1,,13,"void channel_eq::eqMmseSoftDemapKernel<float, __half, __half, float, (unsigned int)4, (unsigned short)16383>(channel_eq::_puschRxChEqStatDescr *, channel_eq::_puschRxChEqSoftDemapDynDescr)"
14448402808,669337,268561,1,1,1,32,32,1,30,0.000,0.000,,,,,NVIDIA A100-SXM4-40GB MIG 4g.20gb (0),1,,13,"void convert_kernel<float2, __half2>(tensor_layout_any, T1 *, tensor_layout_any, const T2 *)"
14449288238,20096,268573,2253,1,1,128,1,1,16,0.000,0.000,,,,,NVIDIA A100-SXM4-40GB MIG 4g.20gb (0),1,,13,cupy_copy__float16_float16
14449552299,5024,268582,282,1,1,128,1,1,16,0.000,0.000,,,,,NVIDIA A100-SXM4-40GB MIG 4g.20gb (0),1,,13,cupy_copy__complex64_complex64
14449859080,3552,268591,26,1,1,128,1,1,16,0.000,0.000,,,,,NVIDIA A100-SXM4-40GB MIG 4g.20gb (0),1,,13,cupy_copy__float32_float32
14450172004,6528,268600,103,1,1,128,1,1,16,0.000,0.000,,,,,NVIDIA A100-SXM4-40GB MIG 4g.20gb (0),1,,13,cupy_copy__complex64_complex64
14450603008,19423,268610,1434,1,1,128,1,1,16,0.000,0.000,,,,,NVIDIA A100-SXM4-40GB MIG 4g.20gb (0),1,,13,cupy_copy__complex64_complex64
14450895900,254429,268615,1,1,1,32,32,1,30,0.000,0.000,,,,,NVIDIA A100-SXM4-40GB MIG 4g.20gb (0),1,,13,"void convert_kernel<__half2, float2>(tensor_layout_any, T1 *, tensor_layout_any, const T2 *)"
14451183577,9472,268618,,,,,,,,,,0.094,9891.862,Pinned,Device,NVIDIA A100-SXM4-40GB MIG 4g.20gb (0),1,,13,[CUDA memcpy Host-to-Device]
14451477302,618073,268619,,,,,,,,,,456.561,738259.848,Device,,NVIDIA A100-SXM4-40GB MIG 4g.20gb (0),1,,13,[CUDA memset]
14452100687,69791,268624,,,,,,,,,,1.235,17694.278,Pinned,Device,NVIDIA A100-SXM4-40GB MIG 4g.20gb (0),1,,13,[CUDA memcpy Host-to-Device]
14452175022,16288,268625,,,,,,,,,,0.197,12070.552,Pinned,Device,NVIDIA A100-SXM4-40GB MIG 4g.20gb (0),1,,13,[CUDA memcpy Host-to-Device]
14452484330,21760,268626,69,4,1,48,1,1,76,0.002,0.000,,,,,NVIDIA A100-SXM4-40GB MIG 4g.20gb (0),1,,13,"void ch_est::windowedChEstPreNoDftSOfdmKernel<float, __half, float, (unsigned int)2, (unsigned int)1, (unsigned short)4>(ch_est::puschRxChEstStatDescr_t *, ch_est::puschRxChEstDynDescr_t *)"
14452800103,21696,268627,137,2,1,24,2,1,44,0.001,0.001,,,,,NVIDIA A100-SXM4-40GB MIG 4g.20gb (0),1,,13,"void ch_est::chEstFilterNoDftSOfdmDispatchKernel<float, __half, float, (unsigned int)2>(ch_est::puschRxChEstStatDescr_t *, ch_est::puschRxChEstDynDescr_t *)"
14453115907,24736,268628,137,2,1,24,2,1,44,0.001,0.001,,,,,NVIDIA A100-SXM4-40GB MIG 4g.20gb (0),1,,13,"void ch_est::chEstFilterNoDftSOfdmDispatchKernel<float, __half, float, (unsigned int)2>(ch_est::puschRxChEstStatDescr_t *, ch_est::puschRxChEstDynDescr_t *)"
14453433024,5952,268639,103,1,1,128,1,1,16,0.000,0.000,,,,,NVIDIA A100-SXM4-40GB MIG 4g.20gb (0),1,,13,cupy_copy__complex64_complex64
14453579678,17440,268649,1434,1,1,128,1,1,16,0.000,0.000,,,,,NVIDIA A100-SXM4-40GB MIG 4g.20gb (0),1,,13,cupy_copy__complex64_complex64
14453745980,7648,268656,103,1,1,128,1,1,16,0.000,0.000,,,,,NVIDIA A100-SXM4-40GB MIG 4g.20gb (0),1,,13,cupy_copy__complex64_complex64
14453896795,260285,268663,1,1,1,32,32,1,30,0.000,0.000,,,,,NVIDIA A100-SXM4-40GB MIG 4g.20gb (0),1,,13,"void convert_kernel<__half2, float2>(tensor_layout_any, T1 *, tensor_layout_any, const T2 *)"
14454188023,12960,268666,,,,,,,,,,0.094,7229.583,Pinned,Device,NVIDIA A100-SXM4-40GB MIG 4g.20gb (0),1,,13,[CUDA memcpy Host-to-Device]
14454357909,56416,268667,,,,,,,,,,35.810,634730.832,Device,,NVIDIA A100-SXM4-40GB MIG 4g.20gb (0),1,,13,[CUDA memset]
14454421045,5664,268669,,,,,,,,,,0.000,14.124,Pinned,Device,NVIDIA A100-SXM4-40GB MIG 4g.20gb (0),1,,13,[CUDA memcpy Host-to-Device]
14454429173,10463,268670,,,,,,,,,,0.197,18790.613,Pinned,Device,NVIDIA A100-SXM4-40GB MIG 4g.20gb (0),1,,13,[CUDA memcpy Host-to-Device]
14454592275,42943,268671,273,1,1,48,1,1,40,0.000,0.001,,,,,NVIDIA A100-SXM4-40GB MIG 4g.20gb (0),1,,13,"void pusch_noise_intf_est::noiseIntfEstNoDftSOfdmKernel<float, __half, float, float, (unsigned int)2, (unsigned int)1, (unsigned char)4, (unsigned char)4>(pusch_noise_intf_est::puschRxNoiseIntfEstDynDescr)"
14454776401,10463,268682,35,1,1,128,1,1,16,0.000,0.000,,,,,NVIDIA A100-SXM4-40GB MIG 4g.20gb (0),1,,13,cupy_copy__complex64_complex64
14454910223,3840,268691,1,1,1,1,1,1,18,0.000,0.000,,,,,NVIDIA A100-SXM4-40GB MIG 4g.20gb (0),1,,13,cupy_copy__float32_float32
14454916687,1824,268697,,,,,,,,,,0.000,2.193,Device,Pageable,NVIDIA A100-SXM4-40GB MIG 4g.20gb (0),1,,7,[CUDA memcpy Device-to-Host]
14455046446,19231,268708,1434,1,1,128,1,1,16,0.000,0.000,,,,,NVIDIA A100-SXM4-40GB MIG 4g.20gb (0),1,,13,cupy_copy__complex64_complex64
14455198924,5888,268715,103,1,1,128,1,1,16,0.000,0.000,,,,,NVIDIA A100-SXM4-40GB MIG 4g.20gb (0),1,,13,cupy_copy__complex64_complex64
14455356970,10208,268722,35,1,1,128,1,1,16,0.000,0.000,,,,,NVIDIA A100-SXM4-40GB MIG 4g.20gb (0),1,,13,cupy_copy__complex64_complex64
14455517192,4288,268729,1,1,1,1,1,1,18,0.000,0.000,,,,,NVIDIA A100-SXM4-40GB MIG 4g.20gb (0),1,,13,cupy_copy__float32_float32
14455698150,263005,268740,1,1,1,32,32,1,30,0.000,0.000,,,,,NVIDIA A100-SXM4-40GB MIG 4g.20gb (0),1,,13,"void convert_kernel<__half2, float2>(tensor_layout_any, T1 *, tensor_layout_any, const T2 *)"
14455992067,5504,268743,,,,,,,,,,0.094,17023.251,Pinned,Device,NVIDIA A100-SXM4-40GB MIG 4g.20gb (0),1,,13,[CUDA memcpy Host-to-Device]
14456150657,11616,268744,,,,,,,,,,1.547,133145.767,Device,,NVIDIA A100-SXM4-40GB MIG 4g.20gb (0),1,,13,[CUDA memset]
14456168481,3488,268749,,,,,,,,,,0.031,8972.469,Pinned,Device,NVIDIA A100-SXM4-40GB MIG 4g.20gb (0),1,,13,[CUDA memcpy Host-to-Device]
14456178465,9824,268750,,,,,,,,,,0.197,20012.925,Pinned,Device,NVIDIA A100-SXM4-40GB MIG 4g.20gb (0),1,,13,[CUDA memcpy Host-to-Device]
14456321823,34624,268751,273,1,1,8,4,1,39,0.002,0.000,,,,,NVIDIA A100-SXM4-40GB MIG 4g.20gb (0),1,,13,"void channel_eq::eqMmseCoefCompLowMimoKernel<float, float, float, (unsigned int)4, (unsigned int)1, (unsigned int)4>(const channel_eq::_puschRxChEqStatDescr *, channel_eq::_puschRxChEqCoefCompDynDescr)"
14456620412,28863,268752,273,1,1,12,11,1,51,0.002,0.000,,,,,NVIDIA A100-SXM4-40GB MIG 4g.20gb (0),1,,13,"void channel_eq::eqMmseSoftDemapKernel<float, __half, __half, float, (unsigned int)4, (unsigned short)16383>(channel_eq::_puschRxChEqStatDescr *, channel_eq::_puschRxChEqSoftDemapDynDescr)"
14456807418,678648,268753,1,1,1,32,32,1,30,0.000,0.000,,,,,NVIDIA A100-SXM4-40GB MIG 4g.20gb (0),1,,13,"void convert_kernel<float2, __half2>(tensor_layout_any, T1 *, tensor_layout_any, const T2 *)"
14457625265,16767,268765,2253,1,1,128,1,1,16,0.000,0.000,,,,,NVIDIA A100-SXM4-40GB MIG 4g.20gb (0),1,,13,cupy_copy__float16_float16
14457823054,8544,268774,282,1,1,128,1,1,16,0.000,0.000,,,,,NVIDIA A100-SXM4-40GB MIG 4g.20gb (0),1,,13,cupy_copy__complex64_complex64
14457997388,6176,268783,26,1,1,128,1,1,16,0.000,0.000,,,,,NVIDIA A100-SXM4-40GB MIG 4g.20gb (0),1,,13,cupy_copy__float32_float32
14458138923,12000,268792,103,1,1,128,1,1,16,0.000,0.000,,,,,NVIDIA A100-SXM4-40GB MIG 4g.20gb (0),1,,13,cupy_copy__complex64_complex64
14458324937,19199,268802,1434,1,1,128,1,1,16,0.000,0.000,,,,,NVIDIA A100-SXM4-40GB MIG 4g.20gb (0),1,,13,cupy_copy__complex64_complex64
14458478951,266589,268807,1,1,1,32,32,1,30,0.000,0.000,,,,,NVIDIA A100-SXM4-40GB MIG 4g.20gb (0),1,,13,"void convert_kernel<__half2, float2>(tensor_layout_any, T1 *, tensor_layout_any, const T2 *)"
14458776260,7423,268810,,,,,,,,,,0.094,12622.350,Pinned,Device,NVIDIA A100-SXM4-40GB MIG 4g.20gb (0),1,,13,[CUDA memcpy Host-to-Device]
14458921026,618905,268811,,,,,,,,,,456.561,737346.726,Device,,NVIDIA A100-SXM4-40GB MIG 4g.20gb (0),1,,13,[CUDA memset]
14459543067,66463,268816,,,,,,,,,,1.235,18579.732,Pinned,Device,NVIDIA A100-SXM4-40GB MIG 4g.20gb (0),1,,13,[CUDA memcpy Host-to-Device]
14459612762,17376,268817,,,,,,,,,,0.197,11314.790,Pinned,Device,NVIDIA A100-SXM4-40GB MIG 4g.20gb (0),1,,13,[CUDA memcpy Host-to-Device]
14459963990,26560,268818,69,4,1,48,1,1,76,0.002,0.000,,,,,NVIDIA A100-SXM4-40GB MIG 4g.20gb (0),1,,13,"void ch_est::windowedChEstPreNoDftSOfdmKernel<float, __half, float, (unsigned int)2, (unsigned int)1, (unsigned short)4>(ch_est::puschRxChEstStatDescr_t *, ch_est::puschRxChEstDynDescr_t *)"
14460353138,29983,268819,137,2,1,24,2,1,44,0.001,0.001,,,,,NVIDIA A100-SXM4-40GB MIG 4g.20gb (0),1,,13,"void ch_est::chEstFilterNoDftSOfdmDispatchKernel<float, __half, float, (unsigned int)2>(ch_est::puschRxChEstStatDescr_t *, ch_est::puschRxChEstDynDescr_t *)"
14460506512,30144,268820,137,2,1,24,2,1,44,0.001,0.001,,,,,NVIDIA A100-SXM4-40GB MIG 4g.20gb (0),1,,13,"void ch_est::chEstFilterNoDftSOfdmDispatchKernel<float, __half, float, (unsigned int)2>(ch_est::puschRxChEstStatDescr_t *, ch_est::puschRxChEstDynDescr_t *)"
14460662510,7040,268831,103,1,1,128,1,1,16,0.000,0.000,,,,,NVIDIA A100-SXM4-40GB MIG 4g.20gb (0),1,,13,cupy_copy__complex64_complex64
14460813709,20223,268841,1434,1,1,128,1,1,16,0.000,0.000,,,,,NVIDIA A100-SXM4-40GB MIG 4g.20gb (0),1,,13,cupy_copy__complex64_complex64
14460958315,7392,268848,103,1,1,128,1,1,16,0.000,0.000,,,,,NVIDIA A100-SXM4-40GB MIG 4g.20gb (0),1,,13,cupy_copy__complex64_complex64
14461132425,269501,268855,1,1,1,32,32,1,30,0.000,0.000,,,,,NVIDIA A100-SXM4-40GB MIG 4g.20gb (0),1,,13,"void convert_kernel<__half2, float2>(tensor_layout_any, T1 *, tensor_layout_any, const T2 *)"
14461435750,11263,268858,,,,,,,,,,0.094,8318.893,Pinned,Device,NVIDIA A100-SXM4-40GB MIG 4g.20gb (0),1,,13,[CUDA memcpy Host-to-Device]
14461574436,56383,268859,,,,,,,,,,35.810,635088.931,Device,,NVIDIA A100-SXM4-40GB MIG 4g.20gb (0),1,,13,[CUDA memset]
14461636067,1824,268861,,,,,,,,,,0.000,43.860,Pinned,Device,NVIDIA A100-SXM4-40GB MIG 4g.20gb (0),1,,13,[CUDA memcpy Host-to-Device]
14461640419,10240,268862,,,,,,,,,,0.197,19199.951,Pinned,Device,NVIDIA A100-SXM4-40GB MIG 4g.20gb (0),1,,13,[CUDA memcpy Host-to-Device]
14461802305,31392,268863,273,1,1,48,1,1,40,0.000,0.001,,,,,NVIDIA A100-SXM4-40GB MIG 4g.20gb (0),1,,13,"void pusch_noise_intf_est::noiseIntfEstNoDftSOfdmKernel<float, __half, float, float, (unsigned int)2, (unsigned int)1, (unsigned char)4, (unsigned char)4>(pusch_noise_intf_est::puschRxNoiseIntfEstDynDescr)"
14461961376,9504,268874,35,1,1,128,1,1,16,0.000,0.000,,,,,NVIDIA A100-SXM4-40GB MIG 4g.20gb (0),1,,13,cupy_copy__complex64_complex64
14462098462,4832,268883,1,1,1,1,1,1,18,0.000,0.000,,,,,NVIDIA A100-SXM4-40GB MIG 4g.20gb (0),1,,13,cupy_copy__float32_float32
14462109150,2112,268889,,,,,,,,,,0.000,1.894,Device,Pageable,NVIDIA A100-SXM4-40GB MIG 4g.20gb (0),1,,7,[CUDA memcpy Device-to-Host]
14462300892,18976,268900,1434,1,1,128,1,1,16,0.000,0.000,,,,,NVIDIA A100-SXM4-40GB MIG 4g.20gb (0),1,,13,cupy_copy__complex64_complex64
14462461530,8224,268907,103,1,1,128,1,1,16,0.000,0.000,,,,,NVIDIA A100-SXM4-40GB MIG 4g.20gb (0),1,,13,cupy_copy__complex64_complex64
14462614168,3616,268914,35,1,1,128,1,1,16,0.000,0.000,,,,,NVIDIA A100-SXM4-40GB MIG 4g.20gb (0),1,,13,cupy_copy__complex64_complex64
14462837142,10560,268921,1,1,1,1,1,1,18,0.000,0.000,,,,,NVIDIA A100-SXM4-40GB MIG 4g.20gb (0),1,,13,cupy_copy__float32_float32
14463074963,247677,268932,1,1,1,32,32,1,30,0.000,0.000,,,,,NVIDIA A100-SXM4-40GB MIG 4g.20gb (0),1,,13,"void convert_kernel<__half2, float2>(tensor_layout_any, T1 *, tensor_layout_any, const T2 *)"
14463354128,10816,268935,,,,,,,,,,0.094,8662.664,Pinned,Device,NVIDIA A100-SXM4-40GB MIG 4g.20gb (0),1,,13,[CUDA memcpy Host-to-Device]
14463589101,15680,268936,,,,,,,,,,1.547,98635.946,Device,,NVIDIA A100-SXM4-40GB MIG 4g.20gb (0),1,,13,[CUDA memset]
14463612941,3072,268941,,,,,,,,,,0.031,10187.474,Pinned,Device,NVIDIA A100-SXM4-40GB MIG 4g.20gb (0),1,,13,[CUDA memcpy Host-to-Device]
14463621837,11264,268942,,,,,,,,,,0.197,17454.465,Pinned,Device,NVIDIA A100-SXM4-40GB MIG 4g.20gb (0),1,,13,[CUDA memcpy Host-to-Device]
14463763371,42432,268943,273,1,1,8,4,1,39,0.002,0.000,,,,,NVIDIA A100-SXM4-40GB MIG 4g.20gb (0),1,,13,"void channel_eq::eqMmseCoefCompLowMimoKernel<float, float, float, (unsigned int)4, (unsigned int)1, (unsigned int)4>(const channel_eq::_puschRxChEqStatDescr *, channel_eq::_puschRxChEqCoefCompDynDescr)"
14464063848,39840,268944,273,1,1,12,11,1,51,0.002,0.000,,,,,NVIDIA A100-SXM4-40GB MIG 4g.20gb (0),1,,13,"void channel_eq::eqMmseSoftDemapKernel<float, __half, __half, float, (unsigned int)4, (unsigned short)16383>(channel_eq::_puschRxChEqStatDescr *, channel_eq::_puschRxChEqSoftDemapDynDescr)"
14464259590,676120,268945,1,1,1,32,32,1,30,0.000,0.000,,,,,NVIDIA A100-SXM4-40GB MIG 4g.20gb (0),1,,13,"void convert_kernel<float2, __half2>(tensor_layout_any, T1 *, tensor_layout_any, const T2 *)"
14465080380,16224,268957,2253,1,1,128,1,1,16,0.000,0.000,,,,,NVIDIA A100-SXM4-40GB MIG 4g.20gb (0),1,,13,cupy_copy__float16_float16
14465231579,6592,268966,282,1,1,128,1,1,16,0.000,0.000,,,,,NVIDIA A100-SXM4-40GB MIG 4g.20gb (0),1,,13,cupy_copy__complex64_complex64
14465353433,9728,268975,26,1,1,128,1,1,16,0.000,0.000,,,,,NVIDIA A100-SXM4-40GB MIG 4g.20gb (0),1,,13,cupy_copy__float32_float32
14465496792,14976,268984,103,1,1,128,1,1,16,0.000,0.000,,,,,NVIDIA A100-SXM4-40GB MIG 4g.20gb (0),1,,13,cupy_copy__complex64_complex64
14465695862,22143,268994,1434,1,1,128,1,1,16,0.000,0.000,,,,,NVIDIA A100-SXM4-40GB MIG 4g.20gb (0),1,,13,cupy_copy__complex64_complex64
14465847412,251069,268999,1,1,1,32,32,1,30,0.000,0.000,,,,,NVIDIA A100-SXM4-40GB MIG 4g.20gb (0),1,,13,"void convert_kernel<__half2, float2>(tensor_layout_any, T1 *, tensor_layout_any, const T2 *)"
14466133169,6016,269002,,,,,,,,,,0.094,15574.430,Pinned,Device,NVIDIA A100-SXM4-40GB MIG 4g.20gb (0),1,,13,[CUDA memcpy Host-to-Device]
14466390350,624537,269003,,,,,,,,,,456.561,730954.865,Device,,NVIDIA A100-SXM4-40GB MIG 4g.20gb (0),1,,13,[CUDA memset]
14467016711,63167,269008,,,,,,,,,,1.235,19550.398,Pinned,Device,NVIDIA A100-SXM4-40GB MIG 4g.20gb (0),1,,13,[CUDA memcpy Host-to-Device]
14467082342,16096,269009,,,,,,,,,,0.197,12214.665,Pinned,Device,NVIDIA A100-SXM4-40GB MIG 4g.20gb (0),1,,13,[CUDA memcpy Host-to-Device]
14467405442,28736,269010,69,4,1,48,1,1,76,0.002,0.000,,,,,NVIDIA A100-SXM4-40GB MIG 4g.20gb (0),1,,13,"void ch_est::windowedChEstPreNoDftSOfdmKernel<float, __half, float, (unsigned int)2, (unsigned int)1, (unsigned short)4>(ch_est::puschRxChEstStatDescr_t *, ch_est::puschRxChEstDynDescr_t *)"
14467554817,30239,269011,137,2,1,24,2,1,44,0.001,0.001,,,,,NVIDIA A100-SXM4-40GB MIG 4g.20gb (0),1,,13,"void ch_est::chEstFilterNoDftSOfdmDispatchKernel<float, __half, float, (unsigned int)2>(ch_est::puschRxChEstStatDescr_t *, ch_est::puschRxChEstDynDescr_t *)"
14467753566,26016,269012,137,2,1,24,2,1,44,0.001,0.001,,,,,NVIDIA A100-SXM4-40GB MIG 4g.20gb (0),1,,13,"void ch_est::chEstFilterNoDftSOfdmDispatchKernel<float, __half, float, (unsigned int)2>(ch_est::puschRxChEstStatDescr_t *, ch_est::puschRxChEstDynDescr_t *)"
14467884061,6944,269023,103,1,1,128,1,1,16,0.000,0.000,,,,,NVIDIA A100-SXM4-40GB MIG 4g.20gb (0),1,,13,cupy_copy__complex64_complex64
14468046331,17472,269033,1434,1,1,128,1,1,16,0.000,0.000,,,,,NVIDIA A100-SXM4-40GB MIG 4g.20gb (0),1,,13,cupy_copy__complex64_complex64
14468212025,8192,269040,103,1,1,128,1,1,16,0.000,0.000,,,,,NVIDIA A100-SXM4-40GB MIG 4g.20gb (0),1,,13,cupy_copy__complex64_complex64
14468360696,260221,269047,1,1,1,32,32,1,30,0.000,0.000,,,,,NVIDIA A100-SXM4-40GB MIG 4g.20gb (0),1,,13,"void convert_kernel<__half2, float2>(tensor_layout_any, T1 *, tensor_layout_any, const T2 *)"
14468654772,13024,269050,,,,,,,,,,0.094,7194.073,Pinned,Device,NVIDIA A100-SXM4-40GB MIG 4g.20gb (0),1,,13,[CUDA memcpy Host-to-Device]
14468819218,57344,269051,,,,,,,,,,35.810,624453.385,Device,,NVIDIA A100-SXM4-40GB MIG 4g.20gb (0),1,,13,[CUDA memset]
14468883858,5248,269053,,,,,,,,,,0.000,15.244,Pinned,Device,NVIDIA A100-SXM4-40GB MIG 4g.20gb (0),1,,13,[CUDA memcpy Host-to-Device]
14468891890,11935,269054,,,,,,,,,,0.197,16473.194,Pinned,Device,NVIDIA A100-SXM4-40GB MIG 4g.20gb (0),1,,13,[CUDA memcpy Host-to-Device]
14469051632,43423,269055,273,1,1,48,1,1,40,0.000,0.001,,,,,NVIDIA A100-SXM4-40GB MIG 4g.20gb (0),1,,13,"void pusch_noise_intf_est::noiseIntfEstNoDftSOfdmKernel<float, __half, float, float, (unsigned int)2, (unsigned int)1, (unsigned char)4, (unsigned char)4>(pusch_noise_intf_est::puschRxNoiseIntfEstDynDescr)"
14469233262,10752,269066,35,1,1,128,1,1,16,0.000,0.000,,,,,NVIDIA A100-SXM4-40GB MIG 4g.20gb (0),1,,13,cupy_copy__complex64_complex64
14469364780,3744,269075,1,1,1,1,1,1,18,0.000,0.000,,,,,NVIDIA A100-SXM4-40GB MIG 4g.20gb (0),1,,13,cupy_copy__float32_float32
14469373324,1632,269081,,,,,,,,,,0.000,2.451,Device,Pageable,NVIDIA A100-SXM4-40GB MIG 4g.20gb (0),1,,7,[CUDA memcpy Device-to-Host]
14469504267,18751,269092,1434,1,1,128,1,1,16,0.000,0.000,,,,,NVIDIA A100-SXM4-40GB MIG 4g.20gb (0),1,,13,cupy_copy__complex64_complex64
14469658537,6912,269099,103,1,1,128,1,1,16,0.000,0.000,,,,,NVIDIA A100-SXM4-40GB MIG 4g.20gb (0),1,,13,cupy_copy__complex64_complex64
14469819591,13472,269106,35,1,1,128,1,1,16,0.000,0.000,,,,,NVIDIA A100-SXM4-40GB MIG 4g.20gb (0),1,,13,cupy_copy__complex64_complex64
14469999621,4544,269113,1,1,1,1,1,1,18,0.000,0.000,,,,,NVIDIA A100-SXM4-40GB MIG 4g.20gb (0),1,,13,cupy_copy__float32_float32
14470222051,254845,269124,1,1,1,32,32,1,30,0.000,0.000,,,,,NVIDIA A100-SXM4-40GB MIG 4g.20gb (0),1,,13,"void convert_kernel<__half2, float2>(tensor_layout_any, T1 *, tensor_layout_any, const T2 *)"
14470510719,11264,269127,,,,,,,,,,0.094,8318.143,Pinned,Device,NVIDIA A100-SXM4-40GB MIG 4g.20gb (0),1,,13,[CUDA memcpy Host-to-Device]
14470694109,14688,269128,,,,,,,,,,1.547,105297.255,Device,,NVIDIA A100-SXM4-40GB MIG 4g.20gb (0),1,,13,[CUDA memset]
14470710653,3040,269133,,,,,,,,,,0.031,10294.725,Pinned,Device,NVIDIA A100-SXM4-40GB MIG 4g.20gb (0),1,,13,[CUDA memcpy Host-to-Device]
14470716253,16928,269134,,,,,,,,,,0.197,11614.224,Pinned,Device,NVIDIA A100-SXM4-40GB MIG 4g.20gb (0),1,,13,[CUDA memcpy Host-to-Device]
14470867419,55424,269135,273,1,1,8,4,1,39,0.002,0.000,,,,,NVIDIA A100-SXM4-40GB MIG 4g.20gb (0),1,,13,"void channel_eq::eqMmseCoefCompLowMimoKernel<float, float, float, (unsigned int)4, (unsigned int)1, (unsigned int)4>(const channel_eq::_puschRxChEqStatDescr *, channel_eq::_puschRxChEqCoefCompDynDescr)"
14471173240,36351,269136,273,1,1,12,11,1,51,0.002,0.000,,,,,NVIDIA A100-SXM4-40GB MIG 4g.20gb (0),1,,13,"void channel_eq::eqMmseSoftDemapKernel<float, __half, __half, float, (unsigned int)4, (unsigned short)16383>(channel_eq::_puschRxChEqStatDescr *, channel_eq::_puschRxChEqSoftDemapDynDescr)"
14471364854,677272,269137,1,1,1,32,32,1,30,0.000,0.000,,,,,NVIDIA A100-SXM4-40GB MIG 4g.20gb (0),1,,13,"void convert_kernel<float2, __half2>(tensor_layout_any, T1 *, tensor_layout_any, const T2 *)"
14472337195,15872,269149,2253,1,1,128,1,1,16,0.000,0.000,,,,,NVIDIA A100-SXM4-40GB MIG 4g.20gb (0),1,,13,cupy_copy__float16_float16
14472492553,8352,269158,282,1,1,128,1,1,16,0.000,0.000,,,,,NVIDIA A100-SXM4-40GB MIG 4g.20gb (0),1,,13,cupy_copy__complex64_complex64
14472619112,9151,269167,26,1,1,128,1,1,16,0.000,0.000,,,,,NVIDIA A100-SXM4-40GB MIG 4g.20gb (0),1,,13,cupy_copy__float32_float32
14472965092,10112,269176,103,1,1,128,1,1,16,0.000,0.000,,,,,NVIDIA A100-SXM4-40GB MIG 4g.20gb (0),1,,13,cupy_copy__complex64_complex64
14473303456,18400,269186,1434,1,1,128,1,1,16,0.000,0.000,,,,,NVIDIA A100-SXM4-40GB MIG 4g.20gb (0),1,,13,cupy_copy__complex64_complex64
14473477534,230461,269191,1,1,1,32,32,1,30,0.000,0.000,,,,,NVIDIA A100-SXM4-40GB MIG 4g.20gb (0),1,,13,"void convert_kernel<__half2, float2>(tensor_layout_any, T1 *, tensor_layout_any, const T2 *)"
14473738875,8448,269194,,,,,,,,,,0.094,11090.889,Pinned,Device,NVIDIA A100-SXM4-40GB MIG 4g.20gb (0),1,,13,[CUDA memcpy Host-to-Device]
14473923929,609049,269195,,,,,,,,,,456.561,749217.323,Device,,NVIDIA A100-SXM4-40GB MIG 4g.20gb (0),1,,13,[CUDA memset]
14474533746,76831,269200,,,,,,,,,,1.235,16072.796,Pinned,Device,NVIDIA A100-SXM4-40GB MIG 4g.20gb (0),1,,13,[CUDA memcpy Host-to-Device]
14474613265,15488,269201,,,,,,,,,,0.197,12694.192,Pinned,Device,NVIDIA A100-SXM4-40GB MIG 4g.20gb (0),1,,13,[CUDA memcpy Host-to-Device]
14474885262,19520,269202,69,4,1,48,1,1,76,0.002,0.000,,,,,NVIDIA A100-SXM4-40GB MIG 4g.20gb (0),1,,13,"void ch_est::windowedChEstPreNoDftSOfdmKernel<float, __half, float, (unsigned int)2, (unsigned int)1, (unsigned short)4>(ch_est::puschRxChEstStatDescr_t *, ch_est::puschRxChEstDynDescr_t *)"
14475242442,22400,269203,137,2,1,24,2,1,44,0.001,0.001,,,,,NVIDIA A100-SXM4-40GB MIG 4g.20gb (0),1,,13,"void ch_est::chEstFilterNoDftSOfdmDispatchKernel<float, __half, float, (unsigned int)2>(ch_est::puschRxChEstStatDescr_t *, ch_est::puschRxChEstDynDescr_t *)"
14475599046,22624,269204,137,2,1,24,2,1,44,0.001,0.001,,,,,NVIDIA A100-SXM4-40GB MIG 4g.20gb (0),1,,13,"void ch_est::chEstFilterNoDftSOfdmDispatchKernel<float, __half, float, (unsigned int)2>(ch_est::puschRxChEstStatDescr_t *, ch_est::puschRxChEstDynDescr_t *)"
14475949730,6208,269215,103,1,1,128,1,1,16,0.000,0.000,,,,,NVIDIA A100-SXM4-40GB MIG 4g.20gb (0),1,,13,cupy_copy__complex64_complex64
14476259167,17727,269225,1434,1,1,128,1,1,16,0.000,0.000,,,,,NVIDIA A100-SXM4-40GB MIG 4g.20gb (0),1,,13,cupy_copy__complex64_complex64
14476588251,7808,269232,103,1,1,128,1,1,16,0.000,0.000,,,,,NVIDIA A100-SXM4-40GB MIG 4g.20gb (0),1,,13,cupy_copy__complex64_complex64
14476900567,236286,269239,1,1,1,32,32,1,30,0.000,0.000,,,,,NVIDIA A100-SXM4-40GB MIG 4g.20gb (0),1,,13,"void convert_kernel<__half2, float2>(tensor_layout_any, T1 *, tensor_layout_any, const T2 *)"
14477169652,6688,269242,,,,,,,,,,0.094,14009.520,Pinned,Device,NVIDIA A100-SXM4-40GB MIG 4g.20gb (0),1,,13,[CUDA memcpy Host-to-Device]
14477389522,54079,269243,,,,,,,,,,35.810,662161.231,Device,,NVIDIA A100-SXM4-40GB MIG 4g.20gb (0),1,,13,[CUDA memset]
14477447057,2816,269245,,,,,,,,,,0.000,28.409,Pinned,Device,NVIDIA A100-SXM4-40GB MIG 4g.20gb (0),1,,13,[CUDA memcpy Host-to-Device]
14477452337,15456,269246,,,,,,,,,,0.197,12720.341,Pinned,Device,NVIDIA A100-SXM4-40GB MIG 4g.20gb (0),1,,13,[CUDA memcpy Host-to-Device]
14477793677,25664,269247,273,1,1,48,1,1,40,0.000,0.001,,,,,NVIDIA A100-SXM4-40GB MIG 4g.20gb (0),1,,13,"void pusch_noise_intf_est::noiseIntfEstNoDftSOfdmKernel<float, __half, float, float, (unsigned int)2, (unsigned int)1, (unsigned char)4, (unsigned char)4>(pusch_noise_intf_est::puschRxNoiseIntfEstDynDescr)"
14477966219,9056,269258,35,1,1,128,1,1,16,0.000,0.000,,,,,NVIDIA A100-SXM4-40GB MIG 4g.20gb (0),1,,13,cupy_copy__complex64_complex64
14478107562,4000,269267,1,1,1,1,1,1,18,0.000,0.000,,,,,NVIDIA A100-SXM4-40GB MIG 4g.20gb (0),1,,13,cupy_copy__float32_float32
14478115978,1760,269273,,,,,,,,,,0.000,2.273,Device,Pageable,NVIDIA A100-SXM4-40GB MIG 4g.20gb (0),1,,7,[CUDA memcpy Device-to-Host]
14478279144,18912,269284,1434,1,1,128,1,1,16,0.000,0.000,,,,,NVIDIA A100-SXM4-40GB MIG 4g.20gb (0),1,,13,cupy_copy__complex64_complex64
14478434214,6592,269291,103,1,1,128,1,1,16,0.000,0.000,,,,,NVIDIA A100-SXM4-40GB MIG 4g.20gb (0),1,,13,cupy_copy__complex64_complex64
14478585284,4224,269298,35,1,1,128,1,1,16,0.000,0.000,,,,,NVIDIA A100-SXM4-40GB MIG 4g.20gb (0),1,,13,cupy_copy__complex64_complex64
14478774626,3904,269305,1,1,1,1,1,1,18,0.000,0.000,,,,,NVIDIA A100-SXM4-40GB MIG 4g.20gb (0),1,,13,cupy_copy__float32_float32
14478980768,256157,269316,1,1,1,32,32,1,30,0.000,0.000,,,,,NVIDIA A100-SXM4-40GB MIG 4g.20gb (0),1,,13,"void convert_kernel<__half2, float2>(tensor_layout_any, T1 *, tensor_layout_any, const T2 *)"
14479269469,6592,269319,,,,,,,,,,0.094,14213.590,Pinned,Device,NVIDIA A100-SXM4-40GB MIG 4g.20gb (0),1,,13,[CUDA memcpy Host-to-Device]
14479482330,14336,269320,,,,,,,,,,1.547,107883.210,Device,,NVIDIA A100-SXM4-40GB MIG 4g.20gb (0),1,,13,[CUDA memset]
14479502170,3264,269325,,,,,,,,,,0.031,9588.218,Pinned,Device,NVIDIA A100-SXM4-40GB MIG 4g.20gb (0),1,,13,[CUDA memcpy Host-to-Device]
14479511386,13120,269326,,,,,,,,,,0.197,14985.265,Pinned,Device,NVIDIA A100-SXM4-40GB MIG 4g.20gb (0),1,,13,[CUDA memcpy Host-to-Device]
14479659768,51392,269327,273,1,1,8,4,1,39,0.002,0.000,,,,,NVIDIA A100-SXM4-40GB MIG 4g.20gb (0),1,,13,"void channel_eq::eqMmseCoefCompLowMimoKernel<float, float, float, (unsigned int)4, (unsigned int)1, (unsigned int)4>(const channel_eq::_puschRxChEqStatDescr *, channel_eq::_puschRxChEqCoefCompDynDescr)"
14479964437,35007,269328,273,1,1,12,11,1,51,0.002,0.000,,,,,NVIDIA A100-SXM4-40GB MIG 4g.20gb (0),1,,13,"void channel_eq::eqMmseSoftDemapKernel<float, __half, __half, float, (unsigned int)4, (unsigned short)16383>(channel_eq::_puschRxChEqStatDescr *, channel_eq::_puschRxChEqSoftDemapDynDescr)"
14480156051,675608,269329,1,1,1,32,32,1,30,0.000,0.000,,,,,NVIDIA A100-SXM4-40GB MIG 4g.20gb (0),1,,13,"void convert_kernel<float2, __half2>(tensor_layout_any, T1 *, tensor_layout_any, const T2 *)"
14480977417,16608,269341,2253,1,1,128,1,1,16,0.000,0.000,,,,,NVIDIA A100-SXM4-40GB MIG 4g.20gb (0),1,,13,cupy_copy__float16_float16
14481182919,9024,269350,282,1,1,128,1,1,16,0.000,0.000,,,,,NVIDIA A100-SXM4-40GB MIG 4g.20gb (0),1,,13,cupy_copy__complex64_complex64
14481320294,7711,269359,26,1,1,128,1,1,16,0.000,0.000,,,,,NVIDIA A100-SXM4-40GB MIG 4g.20gb (0),1,,13,cupy_copy__float32_float32
14481449252,5376,269368,103,1,1,128,1,1,16,0.000,0.000,,,,,NVIDIA A100-SXM4-40GB MIG 4g.20gb (0),1,,13,cupy_copy__complex64_complex64
14481748449,19167,269378,1434,1,1,128,1,1,16,0.000,0.000,,,,,NVIDIA A100-SXM4-40GB MIG 4g.20gb (0),1,,13,cupy_copy__complex64_complex64
14481910879,266909,269383,1,1,1,32,32,1,30,0.000,0.000,,,,,NVIDIA A100-SXM4-40GB MIG 4g.20gb (0),1,,13,"void convert_kernel<__half2, float2>(tensor_layout_any, T1 *, tensor_layout_any, const T2 *)"
14482207868,5695,269386,,,,,,,,,,0.094,16452.268,Pinned,Device,NVIDIA A100-SXM4-40GB MIG 4g.20gb (0),1,,13,[CUDA memcpy Host-to-Device]
14482321594,616345,269387,,,,,,,,,,456.561,740542.656,Device,,NVIDIA A100-SXM4-40GB MIG 4g.20gb (0),1,,13,[CUDA memset]
14482946451,61535,269392,,,,,,,,,,1.235,20067.840,Pinned,Device,NVIDIA A100-SXM4-40GB MIG 4g.20gb (0),1,,13,[CUDA memcpy Host-to-Device]
14483010482,12256,269393,,,,,,,,,,0.197,16041.640,Pinned,Device,NVIDIA A100-SXM4-40GB MIG 4g.20gb (0),1,,13,[CUDA memcpy Host-to-Device]
14483111953,20768,269394,69,4,1,48,1,1,76,0.002,0.000,,,,,NVIDIA A100-SXM4-40GB MIG 4g.20gb (0),1,,13,"void ch_est::windowedChEstPreNoDftSOfdmKernel<float, __half, float, (unsigned int)2, (unsigned int)1, (unsigned short)4>(ch_est::puschRxChEstStatDescr_t *, ch_est::puschRxChEstDynDescr_t *)"
14483483245,20960,269395,137,2,1,24,2,1,44,0.001,0.001,,,,,NVIDIA A100-SXM4-40GB MIG 4g.20gb (0),1,,13,"void ch_est::chEstFilterNoDftSOfdmDispatchKernel<float, __half, float, (unsigned int)2>(ch_est::puschRxChEstStatDescr_t *, ch_est::puschRxChEstDynDescr_t *)"
14483635691,35392,269396,137,2,1,24,2,1,44,0.001,0.001,,,,,NVIDIA A100-SXM4-40GB MIG 4g.20gb (0),1,,13,"void ch_est::chEstFilterNoDftSOfdmDispatchKernel<float, __half, float, (unsigned int)2>(ch_est::puschRxChEstStatDescr_t *, ch_est::puschRxChEstDynDescr_t *)"
14483995207,6752,269407,103,1,1,128,1,1,16,0.000,0.000,,,,,NVIDIA A100-SXM4-40GB MIG 4g.20gb (0),1,,13,cupy_copy__complex64_complex64
14484150790,18879,269417,1434,1,1,128,1,1,16,0.000,0.000,,,,,NVIDIA A100-SXM4-40GB MIG 4g.20gb (0),1,,13,cupy_copy__complex64_complex64
14484471618,4192,269424,103,1,1,128,1,1,16,0.000,0.000,,,,,NVIDIA A100-SXM4-40GB MIG 4g.20gb (0),1,,13,cupy_copy__complex64_complex64
14484608576,220734,269431,1,1,1,32,32,1,30,0.000,0.000,,,,,NVIDIA A100-SXM4-40GB MIG 4g.20gb (0),1,,13,"void convert_kernel<__half2, float2>(tensor_layout_any, T1 *, tensor_layout_any, const T2 *)"
14484861566,5472,269434,,,,,,,,,,0.094,17122.757,Pinned,Device,NVIDIA A100-SXM4-40GB MIG 4g.20gb (0),1,,13,[CUDA memcpy Host-to-Device]
14485082395,55775,269435,,,,,,,,,,35.810,642036.056,Device,,NVIDIA A100-SXM4-40GB MIG 4g.20gb (0),1,,13,[CUDA memset]
14485146842,5664,269437,,,,,,,,,,0.000,14.124,Pinned,Device,NVIDIA A100-SXM4-40GB MIG 4g.20gb (0),1,,13,[CUDA memcpy Host-to-Device]
14485158778,9696,269438,,,,,,,,,,0.197,20277.166,Pinned,Device,NVIDIA A100-SXM4-40GB MIG 4g.20gb (0),1,,13,[CUDA memcpy Host-to-Device]
14485489335,30655,269439,273,1,1,48,1,1,40,0.000,0.001,,,,,NVIDIA A100-SXM4-40GB MIG 4g.20gb (0),1,,13,"void pusch_noise_intf_est::noiseIntfEstNoDftSOfdmKernel<float, __half, float, float, (unsigned int)2, (unsigned int)1, (unsigned char)4, (unsigned char)4>(pusch_noise_intf_est::puschRxNoiseIntfEstDynDescr)"
14485808467,3968,269450,35,1,1,128,1,1,16,0.000,0.000,,,,,NVIDIA A100-SXM4-40GB MIG 4g.20gb (0),1,,13,cupy_copy__complex64_complex64
14486130959,4512,269459,1,1,1,1,1,1,18,0.000,0.000,,,,,NVIDIA A100-SXM4-40GB MIG 4g.20gb (0),1,,13,cupy_copy__float32_float32
14486138447,5120,269465,,,,,,,,,,0.000,0.781,Device,Pageable,NVIDIA A100-SXM4-40GB MIG 4g.20gb (0),1,,7,[CUDA memcpy Device-to-Host]
14486488043,17056,269476,1434,1,1,128,1,1,16,0.000,0.000,,,,,NVIDIA A100-SXM4-40GB MIG 4g.20gb (0),1,,13,cupy_copy__complex64_complex64
14486822216,8479,269483,103,1,1,128,1,1,16,0.000,0.000,,,,,NVIDIA A100-SXM4-40GB MIG 4g.20gb (0),1,,13,cupy_copy__complex64_complex64
14487157540,8800,269490,35,1,1,128,1,1,16,0.000,0.000,,,,,NVIDIA A100-SXM4-40GB MIG 4g.20gb (0),1,,13,cupy_copy__complex64_complex64
14487352994,4159,269497,1,1,1,1,1,1,18,0.000,0.000,,,,,NVIDIA A100-SXM4-40GB MIG 4g.20gb (0),1,,13,cupy_copy__float32_float32
14487605247,225725,269508,1,1,1,32,32,1,30,0.000,0.000,,,,,NVIDIA A100-SXM4-40GB MIG 4g.20gb (0),1,,13,"void convert_kernel<__half2, float2>(tensor_layout_any, T1 *, tensor_layout_any, const T2 *)"
14487876860,11487,269511,,,,,,,,,,0.094,8156.612,Pinned,Device,NVIDIA A100-SXM4-40GB MIG 4g.20gb (0),1,,13,[CUDA memcpy Host-to-Device]
14488074233,8832,269512,,,,,,,,,,1.547,175114.956,Device,,NVIDIA A100-SXM4-40GB MIG 4g.20gb (0),1,,13,[CUDA memset]
14488086777,7200,269517,,,,,,,,,,0.031,4346.639,Pinned,Device,NVIDIA A100-SXM4-40GB MIG 4g.20gb (0),1,,13,[CUDA memcpy Host-to-Device]
14488097049,13440,269518,,,,,,,,,,0.197,14628.422,Pinned,Device,NVIDIA A100-SXM4-40GB MIG 4g.20gb (0),1,,13,[CUDA memcpy Host-to-Device]
14488431957,48512,269519,273,1,1,8,4,1,39,0.002,0.000,,,,,NVIDIA A100-SXM4-40GB MIG 4g.20gb (0),1,,13,"void channel_eq::eqMmseCoefCompLowMimoKernel<float, float, float, (unsigned int)4, (unsigned int)1, (unsigned int)4>(const channel_eq::_puschRxChEqStatDescr *, channel_eq::_puschRxChEqCoefCompDynDescr)"
14488736466,45503,269520,273,1,1,12,11,1,51,0.002,0.000,,,,,NVIDIA A100-SXM4-40GB MIG 4g.20gb (0),1,,13,"void channel_eq::eqMmseSoftDemapKernel<float, __half, __half, float, (unsigned int)4, (unsigned short)16383>(channel_eq::_puschRxChEqStatDescr *, channel_eq::_puschRxChEqSoftDemapDynDescr)"
14488937872,676280,269521,1,1,1,32,32,1,30,0.000,0.000,,,,,NVIDIA A100-SXM4-40GB MIG 4g.20gb (0),1,,13,"void convert_kernel<float2, __half2>(tensor_layout_any, T1 *, tensor_layout_any, const T2 *)"
14489762054,16352,269533,2253,1,1,128,1,1,16,0.000,0.000,,,,,NVIDIA A100-SXM4-40GB MIG 4g.20gb (0),1,,13,cupy_copy__float16_float16
14489912741,8832,269542,282,1,1,128,1,1,16,0.000,0.000,,,,,NVIDIA A100-SXM4-40GB MIG 4g.20gb (0),1,,13,cupy_copy__complex64_complex64
14490035427,5792,269551,26,1,1,128,1,1,16,0.000,0.000,,,,,NVIDIA A100-SXM4-40GB MIG 4g.20gb (0),1,,13,cupy_copy__float32_float32
14490175810,13536,269560,103,1,1,128,1,1,16,0.000,0.000,,,,,NVIDIA A100-SXM4-40GB MIG 4g.20gb (0),1,,13,cupy_copy__complex64_complex64
14490375423,19904,269570,1434,1,1,128,1,1,16,0.000,0.000,,,,,NVIDIA A100-SXM4-40GB MIG 4g.20gb (0),1,,13,cupy_copy__complex64_complex64
14490521950,284925,269575,1,1,1,32,32,1,30,0.000,0.000,,,,,NVIDIA A100-SXM4-40GB MIG 4g.20gb (0),1,,13,"void convert_kernel<__half2, float2>(tensor_layout_any, T1 *, tensor_layout_any, const T2 *)"
14490838362,15936,269578,,,,,,,,,,0.094,5879.518,Pinned,Device,NVIDIA A100-SXM4-40GB MIG 4g.20gb (0),1,,13,[CUDA memcpy Host-to-Device]
14491027192,619801,269579,,,,,,,,,,456.561,736433.603,Device,,NVIDIA A100-SXM4-40GB MIG 4g.20gb (0),1,,13,[CUDA memset]
14491654289,60543,269584,,,,,,,,,,1.235,20397.570,Pinned,Device,NVIDIA A100-SXM4-40GB MIG 4g.20gb (0),1,,13,[CUDA memcpy Host-to-Device]
14491717264,13280,269585,,,,,,,,,,0.197,14804.779,Pinned,Device,NVIDIA A100-SXM4-40GB MIG 4g.20gb (0),1,,13,[CUDA memcpy Host-to-Device]
14491821039,21312,269586,69,4,1,48,1,1,76,0.002,0.000,,,,,NVIDIA A100-SXM4-40GB MIG 4g.20gb (0),1,,13,"void ch_est::windowedChEstPreNoDftSOfdmKernel<float, __half, float, (unsigned int)2, (unsigned int)1, (unsigned short)4>(ch_est::puschRxChEstStatDescr_t *, ch_est::puschRxChEstDynDescr_t *)"
14491979021,36672,269587,137,2,1,24,2,1,44,0.001,0.001,,,,,NVIDIA A100-SXM4-40GB MIG 4g.20gb (0),1,,13,"void ch_est::chEstFilterNoDftSOfdmDispatchKernel<float, __half, float, (unsigned int)2>(ch_est::puschRxChEstStatDescr_t *, ch_est::puschRxChEstDynDescr_t *)"
14492179467,39456,269588,137,2,1,24,2,1,44,0.001,0.001,,,,,NVIDIA A100-SXM4-40GB MIG 4g.20gb (0),1,,13,"void ch_est::chEstFilterNoDftSOfdmDispatchKernel<float, __half, float, (unsigned int)2>(ch_est::puschRxChEstStatDescr_t *, ch_est::puschRxChEstDynDescr_t *)"
14492378601,6496,269599,103,1,1,128,1,1,16,0.000,0.000,,,,,NVIDIA A100-SXM4-40GB MIG 4g.20gb (0),1,,13,cupy_copy__complex64_complex64
14492546855,19680,269609,1434,1,1,128,1,1,16,0.000,0.000,,,,,NVIDIA A100-SXM4-40GB MIG 4g.20gb (0),1,,13,cupy_copy__complex64_complex64
14492695269,6784,269616,103,1,1,128,1,1,16,0.000,0.000,,,,,NVIDIA A100-SXM4-40GB MIG 4g.20gb (0),1,,13,cupy_copy__complex64_complex64
14492908099,268125,269623,1,1,1,32,32,1,30,0.000,0.000,,,,,NVIDIA A100-SXM4-40GB MIG 4g.20gb (0),1,,13,"void convert_kernel<__half2, float2>(tensor_layout_any, T1 *, tensor_layout_any, const T2 *)"
14493207424,9087,269626,,,,,,,,,,0.094,10310.964,Pinned,Device,NVIDIA A100-SXM4-40GB MIG 4g.20gb (0),1,,13,[CUDA memcpy Host-to-Device]
14493438813,55871,269627,,,,,,,,,,35.810,640925.948,Device,,NVIDIA A100-SXM4-40GB MIG 4g.20gb (0),1,,13,[CUDA memset]
14493500540,6944,269629,,,,,,,,,,0.000,11.521,Pinned,Device,NVIDIA A100-SXM4-40GB MIG 4g.20gb (0),1,,13,[CUDA memcpy Host-to-Device]
14493513340,14400,269630,,,,,,,,,,0.197,13653.246,Pinned,Device,NVIDIA A100-SXM4-40GB MIG 4g.20gb (0),1,,13,[CUDA memcpy Host-to-Device]
14493746041,41536,269631,273,1,1,48,1,1,40,0.000,0.001,,,,,NVIDIA A100-SXM4-40GB MIG 4g.20gb (0),1,,13,"void pusch_noise_intf_est::noiseIntfEstNoDftSOfdmKernel<float, __half, float, float, (unsigned int)2, (unsigned int)1, (unsigned char)4, (unsigned char)4>(pusch_noise_intf_est::puschRxNoiseIntfEstDynDescr)"
14493931895,11680,269642,35,1,1,128,1,1,16,0.000,0.000,,,,,NVIDIA A100-SXM4-40GB MIG 4g.20gb (0),1,,13,cupy_copy__complex64_complex64
14494139989,3520,269651,1,1,1,1,1,1,18,0.000,0.000,,,,,NVIDIA A100-SXM4-40GB MIG 4g.20gb (0),1,,13,cupy_copy__float32_float32
14494151797,2528,269657,,,,,,,,,,0.000,1.582,Device,Pageable,NVIDIA A100-SXM4-40GB MIG 4g.20gb (0),1,,7,[CUDA memcpy Device-to-Host]
14494441170,19583,269668,1434,1,1,128,1,1,16,0.000,0.000,,,,,NVIDIA A100-SXM4-40GB MIG 4g.20gb (0),1,,13,cupy_copy__complex64_complex64
14494656207,4160,269675,103,1,1,128,1,1,16,0.000,0.000,,,,,NVIDIA A100-SXM4-40GB MIG 4g.20gb (0),1,,13,cupy_copy__complex64_complex64
14494860621,8160,269682,35,1,1,128,1,1,16,0.000,0.000,,,,,NVIDIA A100-SXM4-40GB MIG 4g.20gb (0),1,,13,cupy_copy__complex64_complex64
14495043371,5856,269689,1,1,1,1,1,1,18,0.000,0.000,,,,,NVIDIA A100-SXM4-40GB MIG 4g.20gb (0),1,,13,cupy_copy__float32_float32
14495258440,278525,269700,1,1,1,32,32,1,30,0.000,0.000,,,,,NVIDIA A100-SXM4-40GB MIG 4g.20gb (0),1,,13,"void convert_kernel<__half2, float2>(tensor_layout_any, T1 *, tensor_layout_any, const T2 *)"
14495566245,11296,269703,,,,,,,,,,0.094,8294.532,Pinned,Device,NVIDIA A100-SXM4-40GB MIG 4g.20gb (0),1,,13,[CUDA memcpy Host-to-Device]
14495787906,10080,269704,,,,,,,,,,1.547,153434.381,Device,,NVIDIA A100-SXM4-40GB MIG 4g.20gb (0),1,,13,[CUDA memset]
14495802018,3072,269709,,,,,,,,,,0.031,10187.474,Pinned,Device,NVIDIA A100-SXM4-40GB MIG 4g.20gb (0),1,,13,[CUDA memcpy Host-to-Device]
14495812066,17056,269710,,,,,,,,,,0.197,11527.127,Pinned,Device,NVIDIA A100-SXM4-40GB MIG 4g.20gb (0),1,,13,[CUDA memcpy Host-to-Device]
14496048064,21887,269711,273,1,1,8,4,1,39,0.002,0.000,,,,,NVIDIA A100-SXM4-40GB MIG 4g.20gb (0),1,,13,"void channel_eq::eqMmseCoefCompLowMimoKernel<float, float, float, (unsigned int)4, (unsigned int)1, (unsigned int)4>(const channel_eq::_puschRxChEqStatDescr *, channel_eq::_puschRxChEqCoefCompDynDescr)"
14496302877,23615,269712,273,1,1,12,11,1,51,0.002,0.000,,,,,NVIDIA A100-SXM4-40GB MIG 4g.20gb (0),1,,13,"void channel_eq::eqMmseSoftDemapKernel<float, __half, __half, float, (unsigned int)4, (unsigned short)16383>(channel_eq::_puschRxChEqStatDescr *, channel_eq::_puschRxChEqSoftDemapDynDescr)"
14496528602,703192,269713,1,1,1,32,32,1,30,0.000,0.000,,,,,NVIDIA A100-SXM4-40GB MIG 4g.20gb (0),1,,13,"void convert_kernel<float2, __half2>(tensor_layout_any, T1 *, tensor_layout_any, const T2 *)"
14497368593,15455,269725,2253,1,1,128,1,1,16,0.000,0.000,,,,,NVIDIA A100-SXM4-40GB MIG 4g.20gb (0),1,,13,cupy_copy__float16_float16
14497517775,11360,269734,282,1,1,128,1,1,16,0.000,0.000,,,,,NVIDIA A100-SXM4-40GB MIG 4g.20gb (0),1,,13,cupy_copy__complex64_complex64
14497640974,7264,269743,26,1,1,128,1,1,16,0.000,0.000,,,,,NVIDIA A100-SXM4-40GB MIG 4g.20gb (0),1,,13,cupy_copy__float32_float32
14497783276,13664,269752,103,1,1,128,1,1,16,0.000,0.000,,,,,NVIDIA A100-SXM4-40GB MIG 4g.20gb (0),1,,13,cupy_copy__complex64_complex64
14498014889,21376,269762,1434,1,1,128,1,1,16,0.000,0.000,,,,,NVIDIA A100-SXM4-40GB MIG 4g.20gb (0),1,,13,cupy_copy__complex64_complex64
14498161896,283229,269767,1,1,1,32,32,1,30,0.000,0.000,,,,,NVIDIA A100-SXM4-40GB MIG 4g.20gb (0),1,,13,"void convert_kernel<__half2, float2>(tensor_layout_any, T1 *, tensor_layout_any, const T2 *)"
14498476004,9120,269770,,,,,,,,,,0.094,10273.673,Pinned,Device,NVIDIA A100-SXM4-40GB MIG 4g.20gb (0),1,,13,[CUDA memcpy Host-to-Device]
14498629154,622617,269771,,,,,,,,,,456.561,733237.673,Device,,NVIDIA A100-SXM4-40GB MIG 4g.20gb (0),1,,13,[CUDA memset]
14499258107,70464,269776,,,,,,,,,,1.235,17525.090,Pinned,Device,NVIDIA A100-SXM4-40GB MIG 4g.20gb (0),1,,13,[CUDA memcpy Host-to-Device]
14499331259,12607,269777,,,,,,,,,,0.197,15595.143,Pinned,Device,NVIDIA A100-SXM4-40GB MIG 4g.20gb (0),1,,13,[CUDA memcpy Host-to-Device]
14499461625,23776,269778,69,4,1,48,1,1,76,0.002,0.000,,,,,NVIDIA A100-SXM4-40GB MIG 4g.20gb (0),1,,13,"void ch_est::windowedChEstPreNoDftSOfdmKernel<float, __half, float, (unsigned int)2, (unsigned int)1, (unsigned short)4>(ch_est::puschRxChEstStatDescr_t *, ch_est::puschRxChEstDynDescr_t *)"
14499621271,37760,269779,137,2,1,24,2,1,44,0.001,0.001,,,,,NVIDIA A100-SXM4-40GB MIG 4g.20gb (0),1,,13,"void ch_est::chEstFilterNoDftSOfdmDispatchKernel<float, __half, float, (unsigned int)2>(ch_est::puschRxChEstStatDescr_t *, ch_est::puschRxChEstDynDescr_t *)"
14499820309,35840,269780,137,2,1,24,2,1,44,0.001,0.001,,,,,NVIDIA A100-SXM4-40GB MIG 4g.20gb (0),1,,13,"void ch_est::chEstFilterNoDftSOfdmDispatchKernel<float, __half, float, (unsigned int)2>(ch_est::puschRxChEstStatDescr_t *, ch_est::puschRxChEstDynDescr_t *)"
14500015411,7232,269791,103,1,1,128,1,1,16,0.000,0.000,,,,,NVIDIA A100-SXM4-40GB MIG 4g.20gb (0),1,,13,cupy_copy__complex64_complex64
14500177297,18016,269801,1434,1,1,128,1,1,16,0.000,0.000,,,,,NVIDIA A100-SXM4-40GB MIG 4g.20gb (0),1,,13,cupy_copy__complex64_complex64
14500324111,4608,269808,103,1,1,128,1,1,16,0.000,0.000,,,,,NVIDIA A100-SXM4-40GB MIG 4g.20gb (0),1,,13,cupy_copy__complex64_complex64
14500465198,264541,269815,1,1,1,32,32,1,30,0.000,0.000,,,,,NVIDIA A100-SXM4-40GB MIG 4g.20gb (0),1,,13,"void convert_kernel<__half2, float2>(tensor_layout_any, T1 *, tensor_layout_any, const T2 *)"
14500759434,6080,269818,,,,,,,,,,0.094,15410.462,Pinned,Device,NVIDIA A100-SXM4-40GB MIG 4g.20gb (0),1,,13,[CUDA memcpy Host-to-Device]
14500894793,61855,269819,,,,,,,,,,35.810,578903.167,Device,,NVIDIA A100-SXM4-40GB MIG 4g.20gb (0),1,,13,[CUDA memset]
14500958568,6272,269821,,,,,,,,,,0.000,12.755,Pinned,Device,NVIDIA A100-SXM4-40GB MIG 4g.20gb (0),1,,13,[CUDA memcpy Host-to-Device]
14500967464,10208,269822,,,,,,,,,,0.197,19260.113,Pinned,Device,NVIDIA A100-SXM4-40GB MIG 4g.20gb (0),1,,13,[CUDA memcpy Host-to-Device]
14501118694,41376,269823,273,1,1,48,1,1,40,0.000,0.001,,,,,NVIDIA A100-SXM4-40GB MIG 4g.20gb (0),1,,13,"void pusch_noise_intf_est::noiseIntfEstNoDftSOfdmKernel<float, __half, float, float, (unsigned int)2, (unsigned int)1, (unsigned char)4, (unsigned char)4>(pusch_noise_intf_est::puschRxNoiseIntfEstDynDescr)"
14501300932,4448,269834,35,1,1,128,1,1,16,0.000,0.000,,,,,NVIDIA A100-SXM4-40GB MIG 4g.20gb (0),1,,13,cupy_copy__complex64_complex64
14501484322,5440,269843,1,1,1,1,1,1,18,0.000,0.000,,,,,NVIDIA A100-SXM4-40GB MIG 4g.20gb (0),1,,13,cupy_copy__float32_float32
14501496898,2592,269849,,,,,,,,,,0.000,1.543,Device,Pageable,NVIDIA A100-SXM4-40GB MIG 4g.20gb (0),1,,7,[CUDA memcpy Device-to-Host]
14501736127,18592,269860,1434,1,1,128,1,1,16,0.000,0.000,,,,,NVIDIA A100-SXM4-40GB MIG 4g.20gb (0),1,,13,cupy_copy__complex64_complex64
14501969245,7200,269867,103,1,1,128,1,1,16,0.000,0.000,,,,,NVIDIA A100-SXM4-40GB MIG 4g.20gb (0),1,,13,cupy_copy__complex64_complex64
14502127099,12832,269874,35,1,1,128,1,1,16,0.000,0.000,,,,,NVIDIA A100-SXM4-40GB MIG 4g.20gb (0),1,,13,cupy_copy__complex64_complex64
14502362808,6272,269881,1,1,1,1,1,1,18,0.000,0.000,,,,,NVIDIA A100-SXM4-40GB MIG 4g.20gb (0),1,,13,cupy_copy__float32_float32
14502540182,276189,269892,1,1,1,32,32,1,30,0.000,0.000,,,,,NVIDIA A100-SXM4-40GB MIG 4g.20gb (0),1,,13,"void convert_kernel<__half2, float2>(tensor_layout_any, T1 *, tensor_layout_any, const T2 *)"
14502856403,9344,269895,,,,,,,,,,0.094,10027.346,Pinned,Device,NVIDIA A100-SXM4-40GB MIG 4g.20gb (0),1,,13,[CUDA memcpy Host-to-Device]
14503019505,8768,269896,,,,,,,,,,1.547,176394.014,Device,,NVIDIA A100-SXM4-40GB MIG 4g.20gb (0),1,,13,[CUDA memset]
14503033073,9216,269901,,,,,,,,,,0.031,3395.804,Pinned,Device,NVIDIA A100-SXM4-40GB MIG 4g.20gb (0),1,,13,[CUDA memcpy Host-to-Device]
14503047377,20095,269902,,,,,,,,,,0.197,9783.804,Pinned,Device,NVIDIA A100-SXM4-40GB MIG 4g.20gb (0),1,,13,[CUDA memcpy Host-to-Device]
14503280654,24576,269903,273,1,1,8,4,1,39,0.002,0.000,,,,,NVIDIA A100-SXM4-40GB MIG 4g.20gb (0),1,,13,"void channel_eq::eqMmseCoefCompLowMimoKernel<float, float, float, (unsigned int)4, (unsigned int)1, (unsigned int)4>(const channel_eq::_puschRxChEqStatDescr *, channel_eq::_puschRxChEqCoefCompDynDescr)"
14503493996,39967,269904,273,1,1,12,11,1,51,0.002,0.000,,,,,NVIDIA A100-SXM4-40GB MIG 4g.20gb (0),1,,13,"void channel_eq::eqMmseSoftDemapKernel<float, __half, __half, float, (unsigned int)4, (unsigned short)16383>(channel_eq::_puschRxChEqStatDescr *, channel_eq::_puschRxChEqSoftDemapDynDescr)"
14503758441,686264,269905,1,1,1,32,32,1,30,0.000,0.000,,,,,NVIDIA A100-SXM4-40GB MIG 4g.20gb (0),1,,13,"void convert_kernel<float2, __half2>(tensor_layout_any, T1 *, tensor_layout_any, const T2 *)"
14504678078,15584,269917,2253,1,1,128,1,1,16,0.000,0.000,,,,,NVIDIA A100-SXM4-40GB MIG 4g.20gb (0),1,,13,cupy_copy__float16_float16
14504914012,14463,269926,282,1,1,128,1,1,16,0.000,0.000,,,,,NVIDIA A100-SXM4-40GB MIG 4g.20gb (0),1,,13,cupy_copy__complex64_complex64
14505101914,8415,269935,26,1,1,128,1,1,16,0.000,0.000,,,,,NVIDIA A100-SXM4-40GB MIG 4g.20gb (0),1,,13,cupy_copy__float32_float32
14505305559,5504,269944,103,1,1,128,1,1,16,0.000,0.000,,,,,NVIDIA A100-SXM4-40GB MIG 4g.20gb (0),1,,13,cupy_copy__complex64_complex64
14505523509,17632,269954,1434,1,1,128,1,1,16,0.000,0.000,,,,,NVIDIA A100-SXM4-40GB MIG 4g.20gb (0),1,,13,cupy_copy__complex64_complex64
14505689619,269661,269959,1,1,1,32,32,1,30,0.000,0.000,,,,,NVIDIA A100-SXM4-40GB MIG 4g.20gb (0),1,,13,"void convert_kernel<__half2, float2>(tensor_layout_any, T1 *, tensor_layout_any, const T2 *)"
14505990384,5887,269962,,,,,,,,,,0.094,15915.671,Pinned,Device,NVIDIA A100-SXM4-40GB MIG 4g.20gb (0),1,,13,[CUDA memcpy Host-to-Device]
14506108398,619385,269963,,,,,,,,,,456.561,736890.164,Device,,NVIDIA A100-SXM4-40GB MIG 4g.20gb (0),1,,13,[CUDA memset]
14506732327,64639,269968,,,,,,,,,,1.235,19104.584,Pinned,Device,NVIDIA A100-SXM4-40GB MIG 4g.20gb (0),1,,13,[CUDA memcpy Host-to-Device]
14506799430,13440,269969,,,,,,,,,,0.197,14628.422,Pinned,Device,NVIDIA A100-SXM4-40GB MIG 4g.20gb (0),1,,13,[CUDA memcpy Host-to-Device]
14506957669,34015,269970,69,4,1,48,1,1,76,0.002,0.000,,,,,NVIDIA A100-SXM4-40GB MIG 4g.20gb (0),1,,13,"void ch_est::windowedChEstPreNoDftSOfdmKernel<float, __half, float, (unsigned int)2, (unsigned int)1, (unsigned short)4>(ch_est::puschRxChEstStatDescr_t *, ch_est::puschRxChEstDynDescr_t *)"
14507094691,21024,269971,137,2,1,24,2,1,44,0.001,0.001,,,,,NVIDIA A100-SXM4-40GB MIG 4g.20gb (0),1,,13,"void ch_est::chEstFilterNoDftSOfdmDispatchKernel<float, __half, float, (unsigned int)2>(ch_est::puschRxChEstStatDescr_t *, ch_est::puschRxChEstDynDescr_t *)"
14507247297,37472,269972,137,2,1,24,2,1,44,0.001,0.001,,,,,NVIDIA A100-SXM4-40GB MIG 4g.20gb (0),1,,13,"void ch_est::chEstFilterNoDftSOfdmDispatchKernel<float, __half, float, (unsigned int)2>(ch_est::puschRxChEstStatDescr_t *, ch_est::puschRxChEstDynDescr_t *)"
14507442367,7616,269983,103,1,1,128,1,1,16,0.000,0.000,,,,,NVIDIA A100-SXM4-40GB MIG 4g.20gb (0),1,,13,cupy_copy__complex64_complex64
14507609405,18592,269993,1434,1,1,128,1,1,16,0.000,0.000,,,,,NVIDIA A100-SXM4-40GB MIG 4g.20gb (0),1,,13,cupy_copy__complex64_complex64
14507754620,9280,270000,103,1,1,128,1,1,16,0.000,0.000,,,,,NVIDIA A100-SXM4-40GB MIG 4g.20gb (0),1,,13,cupy_copy__complex64_complex64
14507892346,258781,270007,1,1,1,32,32,1,30,0.000,0.000,,,,,NVIDIA A100-SXM4-40GB MIG 4g.20gb (0),1,,13,"void convert_kernel<__half2, float2>(tensor_layout_any, T1 *, tensor_layout_any, const T2 *)"
14508181271,6816,270010,,,,,,,,,,0.094,13746.421,Pinned,Device,NVIDIA A100-SXM4-40GB MIG 4g.20gb (0),1,,13,[CUDA memcpy Host-to-Device]
14508313493,55776,270011,,,,,,,,,,35.810,642000.246,Device,,NVIDIA A100-SXM4-40GB MIG 4g.20gb (0),1,,13,[CUDA memset]
14508370101,2016,270013,,,,,,,,,,0.000,39.682,Pinned,Device,NVIDIA A100-SXM4-40GB MIG 4g.20gb (0),1,,13,[CUDA memcpy Host-to-Device]
14508375317,9600,270014,,,,,,,,,,0.197,20479.869,Pinned,Device,NVIDIA A100-SXM4-40GB MIG 4g.20gb (0),1,,13,[CUDA memcpy Host-to-Device]
14508539603,38239,270015,273,1,1,48,1,1,40,0.000,0.001,,,,,NVIDIA A100-SXM4-40GB MIG 4g.20gb (0),1,,13,"void pusch_noise_intf_est::noiseIntfEstNoDftSOfdmKernel<float, __half, float, float, (unsigned int)2, (unsigned int)1, (unsigned char)4, (unsigned char)4>(pusch_noise_intf_est::puschRxNoiseIntfEstDynDescr)"
14508659857,9440,270026,35,1,1,128,1,1,16,0.000,0.000,,,,,NVIDIA A100-SXM4-40GB MIG 4g.20gb (0),1,,13,cupy_copy__complex64_complex64
14508801584,4544,270035,1,1,1,1,1,1,18,0.000,0.000,,,,,NVIDIA A100-SXM4-40GB MIG 4g.20gb (0),1,,13,cupy_copy__float32_float32
14508812240,3744,270041,,,,,,,,,,0.000,1.068,Device,Pageable,NVIDIA A100-SXM4-40GB MIG 4g.20gb (0),1,,7,[CUDA memcpy Device-to-Host]
14508979566,21184,270052,1434,1,1,128,1,1,16,0.000,0.000,,,,,NVIDIA A100-SXM4-40GB MIG 4g.20gb (0),1,,13,cupy_copy__complex64_complex64
14509141004,7232,270059,103,1,1,128,1,1,16,0.000,0.000,,,,,NVIDIA A100-SXM4-40GB MIG 4g.20gb (0),1,,13,cupy_copy__complex64_complex64
14509289802,3904,270066,35,1,1,128,1,1,16,0.000,0.000,,,,,NVIDIA A100-SXM4-40GB MIG 4g.20gb (0),1,,13,cupy_copy__complex64_complex64
14509484392,4832,270073,1,1,1,1,1,1,18,0.000,0.000,,,,,NVIDIA A100-SXM4-40GB MIG 4g.20gb (0),1,,13,cupy_copy__float32_float32
14509696198,261853,270084,1,1,1,32,32,1,30,0.000,0.000,,,,,NVIDIA A100-SXM4-40GB MIG 4g.20gb (0),1,,13,"void convert_kernel<__half2, float2>(tensor_layout_any, T1 *, tensor_layout_any, const T2 *)"
14509988674,6144,270087,,,,,,,,,,0.094,15249.961,Pinned,Device,NVIDIA A100-SXM4-40GB MIG 4g.20gb (0),1,,13,[CUDA memcpy Host-to-Device]
14510206272,15136,270088,,,,,,,,,,1.547,102180.808,Device,,NVIDIA A100-SXM4-40GB MIG 4g.20gb (0),1,,13,[CUDA memset]
14510221792,6368,270093,,,,,,,,,,0.031,4914.567,Pinned,Device,NVIDIA A100-SXM4-40GB MIG 4g.20gb (0),1,,13,[CUDA memcpy Host-to-Device]
14510234272,11136,270094,,,,,,,,,,0.197,17655.005,Pinned,Device,NVIDIA A100-SXM4-40GB MIG 4g.20gb (0),1,,13,[CUDA memcpy Host-to-Device]
14510382718,54879,270095,273,1,1,8,4,1,39,0.002,0.000,,,,,NVIDIA A100-SXM4-40GB MIG 4g.20gb (0),1,,13,"void channel_eq::eqMmseCoefCompLowMimoKernel<float, float, float, (unsigned int)4, (unsigned int)1, (unsigned int)4>(const channel_eq::_puschRxChEqStatDescr *, channel_eq::_puschRxChEqCoefCompDynDescr)"
14510689019,40703,270096,273,1,1,12,11,1,51,0.002,0.000,,,,,NVIDIA A100-SXM4-40GB MIG 4g.20gb (0),1,,13,"void channel_eq::eqMmseSoftDemapKernel<float, __half, __half, float, (unsigned int)4, (unsigned short)16383>(channel_eq::_puschRxChEqStatDescr *, channel_eq::_puschRxChEqSoftDemapDynDescr)"
14510889720,705912,270097,1,1,1,32,32,1,30,0.000,0.000,,,,,NVIDIA A100-SXM4-40GB MIG 4g.20gb (0),1,,13,"void convert_kernel<float2, __half2>(tensor_layout_any, T1 *, tensor_layout_any, const T2 *)"
14511728431,14816,270109,2253,1,1,128,1,1,16,0.000,0.000,,,,,NVIDIA A100-SXM4-40GB MIG 4g.20gb (0),1,,13,cupy_copy__float16_float16
14511958188,9728,270118,282,1,1,128,1,1,16,0.000,0.000,,,,,NVIDIA A100-SXM4-40GB MIG 4g.20gb (0),1,,13,cupy_copy__complex64_complex64
14512086379,4160,270127,26,1,1,128,1,1,16,0.000,0.000,,,,,NVIDIA A100-SXM4-40GB MIG 4g.20gb (0),1,,13,cupy_copy__float32_float32
14512276265,13344,270136,103,1,1,128,1,1,16,0.000,0.000,,,,,NVIDIA A100-SXM4-40GB MIG 4g.20gb (0),1,,13,cupy_copy__complex64_complex64
14512468455,18143,270146,1434,1,1,128,1,1,16,0.000,0.000,,,,,NVIDIA A100-SXM4-40GB MIG 4g.20gb (0),1,,13,cupy_copy__complex64_complex64
14512690852,275389,270151,1,1,1,32,32,1,30,0.000,0.000,,,,,NVIDIA A100-SXM4-40GB MIG 4g.20gb (0),1,,13,"void convert_kernel<__half2, float2>(tensor_layout_any, T1 *, tensor_layout_any, const T2 *)"
14512999169,12031,270154,,,,,,,,,,0.094,7787.824,Pinned,Device,NVIDIA A100-SXM4-40GB MIG 4g.20gb (0),1,,13,[CUDA memcpy Host-to-Device]
14513225246,619545,270155,,,,,,,,,,456.561,736890.164,Device,,NVIDIA A100-SXM4-40GB MIG 4g.20gb (0),1,,13,[CUDA memset]
14513851991,70431,270160,,,,,,,,,,1.235,17533.735,Pinned,Device,NVIDIA A100-SXM4-40GB MIG 4g.20gb (0),1,,13,[CUDA memcpy Host-to-Device]
14513928310,14432,270161,,,,,,,,,,0.197,13622.968,Pinned,Device,NVIDIA A100-SXM4-40GB MIG 4g.20gb (0),1,,13,[CUDA memcpy Host-to-Device]
14514159379,21632,270162,69,4,1,48,1,1,76,0.002,0.000,,,,,NVIDIA A100-SXM4-40GB MIG 4g.20gb (0),1,,13,"void ch_est::windowedChEstPreNoDftSOfdmKernel<float, __half, float, (unsigned int)2, (unsigned int)1, (unsigned short)4>(ch_est::puschRxChEstStatDescr_t *, ch_est::puschRxChEstDynDescr_t *)"
14514418417,19647,270163,137,2,1,24,2,1,44,0.001,0.001,,,,,NVIDIA A100-SXM4-40GB MIG 4g.20gb (0),1,,13,"void ch_est::chEstFilterNoDftSOfdmDispatchKernel<float, __half, float, (unsigned int)2>(ch_est::puschRxChEstStatDescr_t *, ch_est::puschRxChEstDynDescr_t *)"
14514678542,20639,270164,137,2,1,24,2,1,44,0.001,0.001,,,,,NVIDIA A100-SXM4-40GB MIG 4g.20gb (0),1,,13,"void ch_est::chEstFilterNoDftSOfdmDispatchKernel<float, __half, float, (unsigned int)2>(ch_est::puschRxChEstStatDescr_t *, ch_est::puschRxChEstDynDescr_t *)"
14514874859,6784,270175,103,1,1,128,1,1,16,0.000,0.000,,,,,NVIDIA A100-SXM4-40GB MIG 4g.20gb (0),1,,13,cupy_copy__complex64_complex64
14515088137,19968,270185,1434,1,1,128,1,1,16,0.000,0.000,,,,,NVIDIA A100-SXM4-40GB MIG 4g.20gb (0),1,,13,cupy_copy__complex64_complex64
14515317094,7008,270192,103,1,1,128,1,1,16,0.000,0.000,,,,,NVIDIA A100-SXM4-40GB MIG 4g.20gb (0),1,,13,cupy_copy__complex64_complex64
14515467525,273021,270199,1,1,1,32,32,1,30,0.000,0.000,,,,,NVIDIA A100-SXM4-40GB MIG 4g.20gb (0),1,,13,"void convert_kernel<__half2, float2>(tensor_layout_any, T1 *, tensor_layout_any, const T2 *)"
14515770433,11648,270202,,,,,,,,,,0.094,8043.895,Pinned,Device,NVIDIA A100-SXM4-40GB MIG 4g.20gb (0),1,,13,[CUDA memcpy Host-to-Device]
14515930528,57791,270203,,,,,,,,,,35.810,619619.046,Device,,NVIDIA A100-SXM4-40GB MIG 4g.20gb (0),1,,13,[CUDA memset]
14515995423,4384,270205,,,,,,,,,,0.000,18.248,Pinned,Device,NVIDIA A100-SXM4-40GB MIG 4g.20gb (0),1,,13,[CUDA memcpy Host-to-Device]
14516003199,10080,270206,,,,,,,,,,0.197,19504.693,Pinned,Device,NVIDIA A100-SXM4-40GB MIG 4g.20gb (0),1,,13,[CUDA memcpy Host-to-Device]
14516171933,36511,270207,273,1,1,48,1,1,40,0.000,0.001,,,,,NVIDIA A100-SXM4-40GB MIG 4g.20gb (0),1,,13,"void pusch_noise_intf_est::noiseIntfEstNoDftSOfdmKernel<float, __half, float, float, (unsigned int)2, (unsigned int)1, (unsigned char)4, (unsigned char)4>(pusch_noise_intf_est::puschRxNoiseIntfEstDynDescr)"
14516358267,10400,270218,35,1,1,128,1,1,16,0.000,0.000,,,,,NVIDIA A100-SXM4-40GB MIG 4g.20gb (0),1,,13,cupy_copy__complex64_complex64
14516494905,3552,270227,1,1,1,1,1,1,18,0.000,0.000,,,,,NVIDIA A100-SXM4-40GB MIG 4g.20gb (0),1,,13,cupy_copy__float32_float32
14516504441,1632,270233,,,,,,,,,,0.000,2.451,Device,Pageable,NVIDIA A100-SXM4-40GB MIG 4g.20gb (0),1,,7,[CUDA memcpy Device-to-Host]
14516641080,18911,270244,1434,1,1,128,1,1,16,0.000,0.000,,,,,NVIDIA A100-SXM4-40GB MIG 4g.20gb (0),1,,13,cupy_copy__complex64_complex64
14516798678,7264,270251,103,1,1,128,1,1,16,0.000,0.000,,,,,NVIDIA A100-SXM4-40GB MIG 4g.20gb (0),1,,13,cupy_copy__complex64_complex64
14516964788,12032,270258,35,1,1,128,1,1,16,0.000,0.000,,,,,NVIDIA A100-SXM4-40GB MIG 4g.20gb (0),1,,13,cupy_copy__complex64_complex64
14517131794,3616,270265,1,1,1,1,1,1,18,0.000,0.000,,,,,NVIDIA A100-SXM4-40GB MIG 4g.20gb (0),1,,13,cupy_copy__float32_float32
14517307312,264029,270276,1,1,1,32,32,1,30,0.000,0.000,,,,,NVIDIA A100-SXM4-40GB MIG 4g.20gb (0),1,,13,"void convert_kernel<__half2, float2>(tensor_layout_any, T1 *, tensor_layout_any, const T2 *)"
14517601005,5664,270279,,,,,,,,,,0.094,16542.310,Pinned,Device,NVIDIA A100-SXM4-40GB MIG 4g.20gb (0),1,,13,[CUDA memcpy Host-to-Device]
14517752011,10720,270280,,,,,,,,,,1.547,144273.727,Device,,NVIDIA A100-SXM4-40GB MIG 4g.20gb (0),1,,13,[CUDA memset]
14517764555,3168,270285,,,,,,,,,,0.031,9878.770,Pinned,Device,NVIDIA A100-SXM4-40GB MIG 4g.20gb (0),1,,13,[CUDA memcpy Host-to-Device]
14517770347,13600,270286,,,,,,,,,,0.197,14456.390,Pinned,Device,NVIDIA A100-SXM4-40GB MIG 4g.20gb (0),1,,13,[CUDA memcpy Host-to-Device]
14517922153,27104,270287,273,1,1,8,4,1,39,0.002,0.000,,,,,NVIDIA A100-SXM4-40GB MIG 4g.20gb (0),1,,13,"void channel_eq::eqMmseCoefCompLowMimoKernel<float, float, float, (unsigned int)4, (unsigned int)1, (unsigned int)4>(const channel_eq::_puschRxChEqStatDescr *, channel_eq::_puschRxChEqCoefCompDynDescr)"
14518162214,25984,270288,273,1,1,12,11,1,51,0.002,0.000,,,,,NVIDIA A100-SXM4-40GB MIG 4g.20gb (0),1,,13,"void channel_eq::eqMmseSoftDemapKernel<float, __half, __half, float, (unsigned int)4, (unsigned short)16383>(channel_eq::_puschRxChEqStatDescr *, channel_eq::_puschRxChEqSoftDemapDynDescr)"
14518347748,668217,270289,1,1,1,32,32,1,30,0.000,0.000,,,,,NVIDIA A100-SXM4-40GB MIG 4g.20gb (0),1,,13,"void convert_kernel<float2, __half2>(tensor_layout_any, T1 *, tensor_layout_any, const T2 *)"
14519166843,16480,270301,2253,1,1,128,1,1,16,0.000,0.000,,,,,NVIDIA A100-SXM4-40GB MIG 4g.20gb (0),1,,13,cupy_copy__float16_float16
14519325913,9408,270310,282,1,1,128,1,1,16,0.000,0.000,,,,,NVIDIA A100-SXM4-40GB MIG 4g.20gb (0),1,,13,cupy_copy__complex64_complex64
14519465048,8352,270319,26,1,1,128,1,1,16,0.000,0.000,,,,,NVIDIA A100-SXM4-40GB MIG 4g.20gb (0),1,,13,cupy_copy__float32_float32
14519590646,5696,270328,103,1,1,128,1,1,16,0.000,0.000,,,,,NVIDIA A100-SXM4-40GB MIG 4g.20gb (0),1,,13,cupy_copy__complex64_complex64
14519761044,19264,270338,1434,1,1,128,1,1,16,0.000,0.000,,,,,NVIDIA A100-SXM4-40GB MIG 4g.20gb (0),1,,13,cupy_copy__complex64_complex64
14519929010,264797,270343,1,1,1,32,32,1,30,0.000,0.000,,,,,NVIDIA A100-SXM4-40GB MIG 4g.20gb (0),1,,13,"void convert_kernel<__half2, float2>(tensor_layout_any, T1 *, tensor_layout_any, const T2 *)"
14520225711,10624,270346,,,,,,,,,,0.094,8819.230,Pinned,Device,NVIDIA A100-SXM4-40GB MIG 4g.20gb (0),1,,13,[CUDA memcpy Host-to-Device]
14520347790,622073,270347,,,,,,,,,,456.561,733694.234,Device,,NVIDIA A100-SXM4-40GB MIG 4g.20gb (0),1,,13,[CUDA memset]
14520974919,61855,270352,,,,,,,,,,1.235,19964.105,Pinned,Device,NVIDIA A100-SXM4-40GB MIG 4g.20gb (0),1,,13,[CUDA memcpy Host-to-Device]
14521039238,10784,270353,,,,,,,,,,0.197,18231.263,Pinned,Device,NVIDIA A100-SXM4-40GB MIG 4g.20gb (0),1,,13,[CUDA memcpy Host-to-Device]
14521205156,22592,270354,69,4,1,48,1,1,76,0.002,0.000,,,,,NVIDIA A100-SXM4-40GB MIG 4g.20gb (0),1,,13,"void ch_est::windowedChEstPreNoDftSOfdmKernel<float, __half, float, (unsigned int)2, (unsigned int)1, (unsigned short)4>(ch_est::puschRxChEstStatDescr_t *, ch_est::puschRxChEstDynDescr_t *)"
14521398370,24128,270355,137,2,1,24,2,1,44,0.001,0.001,,,,,NVIDIA A100-SXM4-40GB MIG 4g.20gb (0),1,,13,"void ch_est::chEstFilterNoDftSOfdmDispatchKernel<float, __half, float, (unsigned int)2>(ch_est::puschRxChEstStatDescr_t *, ch_est::puschRxChEstDynDescr_t *)"
14521624927,23424,270356,137,2,1,24,2,1,44,0.001,0.001,,,,,NVIDIA A100-SXM4-40GB MIG 4g.20gb (0),1,,13,"void ch_est::chEstFilterNoDftSOfdmDispatchKernel<float, __half, float, (unsigned int)2>(ch_est::puschRxChEstStatDescr_t *, ch_est::puschRxChEstDynDescr_t *)"
14521817757,7520,270367,103,1,1,128,1,1,16,0.000,0.000,,,,,NVIDIA A100-SXM4-40GB MIG 4g.20gb (0),1,,13,cupy_copy__complex64_complex64
14522034683,18432,270377,1434,1,1,128,1,1,16,0.000,0.000,,,,,NVIDIA A100-SXM4-40GB MIG 4g.20gb (0),1,,13,cupy_copy__complex64_complex64
14522184889,7424,270384,103,1,1,128,1,1,16,0.000,0.000,,,,,NVIDIA A100-SXM4-40GB MIG 4g.20gb (0),1,,13,cupy_copy__complex64_complex64
14522392375,269117,270391,1,1,1,32,32,1,30,0.000,0.000,,,,,NVIDIA A100-SXM4-40GB MIG 4g.20gb (0),1,,13,"void convert_kernel<__half2, float2>(tensor_layout_any, T1 *, tensor_layout_any, const T2 *)"
14522690835,13152,270394,,,,,,,,,,0.094,7124.082,Pinned,Device,NVIDIA A100-SXM4-40GB MIG 4g.20gb (0),1,,13,[CUDA memcpy Host-to-Device]
14522884689,55104,270395,,,,,,,,,,35.810,649842.618,Device,,NVIDIA A100-SXM4-40GB MIG 4g.20gb (0),1,,13,[CUDA memset]
14522948400,1952,270397,,,,,,,,,,0.000,40.984,Pinned,Device,NVIDIA A100-SXM4-40GB MIG 4g.20gb (0),1,,13,[CUDA memcpy Host-to-Device]
14522953744,12672,270398,,,,,,,,,,0.197,15515.124,Pinned,Device,NVIDIA A100-SXM4-40GB MIG 4g.20gb (0),1,,13,[CUDA memcpy Host-to-Device]
14523182702,29631,270399,273,1,1,48,1,1,40,0.000,0.001,,,,,NVIDIA A100-SXM4-40GB MIG 4g.20gb (0),1,,13,"void pusch_noise_intf_est::noiseIntfEstNoDftSOfdmKernel<float, __half, float, float, (unsigned int)2, (unsigned int)1, (unsigned char)4, (unsigned char)4>(pusch_noise_intf_est::puschRxNoiseIntfEstDynDescr)"
14523433355,10176,270410,35,1,1,128,1,1,16,0.000,0.000,,,,,NVIDIA A100-SXM4-40GB MIG 4g.20gb (0),1,,13,cupy_copy__complex64_complex64
14523672360,6176,270419,1,1,1,1,1,1,18,0.000,0.000,,,,,NVIDIA A100-SXM4-40GB MIG 4g.20gb (0),1,,13,cupy_copy__float32_float32
14523682600,3616,270425,,,,,,,,,,0.000,1.106,Device,Pageable,NVIDIA A100-SXM4-40GB MIG 4g.20gb (0),1,,7,[CUDA memcpy Device-to-Host]
14523967781,17984,270436,1434,1,1,128,1,1,16,0.000,0.000,,,,,NVIDIA A100-SXM4-40GB MIG 4g.20gb (0),1,,13,cupy_copy__complex64_complex64
14524192226,12288,270443,103,1,1,128,1,1,16,0.000,0.000,,,,,NVIDIA A100-SXM4-40GB MIG 4g.20gb (0),1,,13,cupy_copy__complex64_complex64
14524383392,8672,270450,35,1,1,128,1,1,16,0.000,0.000,,,,,NVIDIA A100-SXM4-40GB MIG 4g.20gb (0),1,,13,cupy_copy__complex64_complex64
14524600446,5600,270457,1,1,1,1,1,1,18,0.000,0.000,,,,,NVIDIA A100-SXM4-40GB MIG 4g.20gb (0),1,,13,cupy_copy__float32_float32
14524801500,282108,270468,1,1,1,32,32,1,30,0.000,0.000,,,,,NVIDIA A100-SXM4-40GB MIG 4g.20gb (0),1,,13,"void convert_kernel<__half2, float2>(tensor_layout_any, T1 *, tensor_layout_any, const T2 *)"
14525118392,9600,270471,,,,,,,,,,0.094,9759.938,Pinned,Device,NVIDIA A100-SXM4-40GB MIG 4g.20gb (0),1,,13,[CUDA memcpy Host-to-Device]
14525281206,8736,270472,,,,,,,,,,1.547,177038.956,Device,,NVIDIA A100-SXM4-40GB MIG 4g.20gb (0),1,,13,[CUDA memset]
14525293334,6592,270477,,,,,,,,,,0.031,4747.572,Pinned,Device,NVIDIA A100-SXM4-40GB MIG 4g.20gb (0),1,,13,[CUDA memcpy Host-to-Device]
14525302390,11520,270478,,,,,,,,,,0.197,17066.557,Pinned,Device,NVIDIA A100-SXM4-40GB MIG 4g.20gb (0),1,,13,[CUDA memcpy Host-to-Device]
14525452916,17856,270479,273,1,1,8,4,1,39,0.002,0.000,,,,,NVIDIA A100-SXM4-40GB MIG 4g.20gb (0),1,,13,"void channel_eq::eqMmseCoefCompLowMimoKernel<float, float, float, (unsigned int)4, (unsigned int)1, (unsigned int)4>(const channel_eq::_puschRxChEqStatDescr *, channel_eq::_puschRxChEqCoefCompDynDescr)"
14525661330,38143,270480,273,1,1,12,11,1,51,0.002,0.000,,,,,NVIDIA A100-SXM4-40GB MIG 4g.20gb (0),1,,13,"void channel_eq::eqMmseSoftDemapKernel<float, __half, __half, float, (unsigned int)4, (unsigned short)16383>(channel_eq::_puschRxChEqStatDescr *, channel_eq::_puschRxChEqSoftDemapDynDescr)"
14525852560,669176,270481,1,1,1,32,32,1,30,0.000,0.000,,,,,NVIDIA A100-SXM4-40GB MIG 4g.20gb (0),1,,13,"void convert_kernel<float2, __half2>(tensor_layout_any, T1 *, tensor_layout_any, const T2 *)"
14526646567,16000,270493,2253,1,1,128,1,1,16,0.000,0.000,,,,,NVIDIA A100-SXM4-40GB MIG 4g.20gb (0),1,,13,cupy_copy__float16_float16
14526799877,10464,270502,282,1,1,128,1,1,16,0.000,0.000,,,,,NVIDIA A100-SXM4-40GB MIG 4g.20gb (0),1,,13,cupy_copy__complex64_complex64
14526925924,6336,270511,26,1,1,128,1,1,16,0.000,0.000,,,,,NVIDIA A100-SXM4-40GB MIG 4g.20gb (0),1,,13,cupy_copy__float32_float32
14527068034,12640,270520,103,1,1,128,1,1,16,0.000,0.000,,,,,NVIDIA A100-SXM4-40GB MIG 4g.20gb (0),1,,13,cupy_copy__complex64_complex64
14527395486,20256,270530,1434,1,1,128,1,1,16,0.000,0.000,,,,,NVIDIA A100-SXM4-40GB MIG 4g.20gb (0),1,,13,cupy_copy__complex64_complex64
14527544797,269821,270535,1,1,1,32,32,1,30,0.000,0.000,,,,,NVIDIA A100-SXM4-40GB MIG 4g.20gb (0),1,,13,"void convert_kernel<__half2, float2>(tensor_layout_any, T1 *, tensor_layout_any, const T2 *)"
14527871673,9184,270538,,,,,,,,,,0.094,10202.089,Pinned,Device,NVIDIA A100-SXM4-40GB MIG 4g.20gb (0),1,,13,[CUDA memcpy Host-to-Device]
14528057495,622873,270539,,,,,,,,,,456.561,732781.111,Device,,NVIDIA A100-SXM4-40GB MIG 4g.20gb (0),1,,13,[CUDA memset]
14528684624,62847,270544,,,,,,,,,,1.235,19649.194,Pinned,Device,NVIDIA A100-SXM4-40GB MIG 4g.20gb (0),1,,13,[CUDA memcpy Host-to-Device]
14528749999,12288,270545,,,,,,,,,,0.197,15999.959,Pinned,Device,NVIDIA A100-SXM4-40GB MIG 4g.20gb (0),1,,13,[CUDA memcpy Host-to-Device]
14528905997,29952,270546,69,4,1,48,1,1,76,0.002,0.000,,,,,NVIDIA A100-SXM4-40GB MIG 4g.20gb (0),1,,13,"void ch_est::windowedChEstPreNoDftSOfdmKernel<float, __half, float, (unsigned int)2, (unsigned int)1, (unsigned short)4>(ch_est::puschRxChEstStatDescr_t *, ch_est::puschRxChEstDynDescr_t *)"
14529044236,19840,270547,137,2,1,24,2,1,44,0.001,0.001,,,,,NVIDIA A100-SXM4-40GB MIG 4g.20gb (0),1,,13,"void ch_est::chEstFilterNoDftSOfdmDispatchKernel<float, __half, float, (unsigned int)2>(ch_est::puschRxChEstStatDescr_t *, ch_est::puschRxChEstDynDescr_t *)"
14529240170,25759,270548,137,2,1,24,2,1,44,0.001,0.001,,,,,NVIDIA A100-SXM4-40GB MIG 4g.20gb (0),1,,13,"void ch_est::chEstFilterNoDftSOfdmDispatchKernel<float, __half, float, (unsigned int)2>(ch_est::puschRxChEstStatDescr_t *, ch_est::puschRxChEstDynDescr_t *)"
14529429415,7904,270559,103,1,1,128,1,1,16,0.000,0.000,,,,,NVIDIA A100-SXM4-40GB MIG 4g.20gb (0),1,,13,cupy_copy__complex64_complex64
14529591558,17279,270569,1434,1,1,128,1,1,16,0.000,0.000,,,,,NVIDIA A100-SXM4-40GB MIG 4g.20gb (0),1,,13,cupy_copy__complex64_complex64
14529841539,7360,270576,103,1,1,128,1,1,16,0.000,0.000,,,,,NVIDIA A100-SXM4-40GB MIG 4g.20gb (0),1,,13,cupy_copy__complex64_complex64
14529989857,249469,270583,1,1,1,32,32,1,30,0.000,0.000,,,,,NVIDIA A100-SXM4-40GB MIG 4g.20gb (0),1,,13,"void convert_kernel<__half2, float2>(tensor_layout_any, T1 *, tensor_layout_any, const T2 *)"
14530269662,5984,270586,,,,,,,,,,0.094,15657.726,Pinned,Device,NVIDIA A100-SXM4-40GB MIG 4g.20gb (0),1,,13,[CUDA memcpy Host-to-Device]
14530396829,55583,270587,,,,,,,,,,35.810,644256.271,Device,,NVIDIA A100-SXM4-40GB MIG 4g.20gb (0),1,,13,[CUDA memset]
14530460380,2176,270589,,,,,,,,,,0.000,36.765,Pinned,Device,NVIDIA A100-SXM4-40GB MIG 4g.20gb (0),1,,13,[CUDA memcpy Host-to-Device]
14530470748,19455,270590,,,,,,,,,,0.197,10105.651,Pinned,Device,NVIDIA A100-SXM4-40GB MIG 4g.20gb (0),1,,13,[CUDA memcpy Host-to-Device]
14530720729,26880,270591,273,1,1,48,1,1,40,0.000,0.001,,,,,NVIDIA A100-SXM4-40GB MIG 4g.20gb (0),1,,13,"void pusch_noise_intf_est::noiseIntfEstNoDftSOfdmKernel<float, __half, float, float, (unsigned int)2, (unsigned int)1, (unsigned char)4, (unsigned char)4>(pusch_noise_intf_est::puschRxNoiseIntfEstDynDescr)"
14530984150,8448,270602,35,1,1,128,1,1,16,0.000,0.000,,,,,NVIDIA A100-SXM4-40GB MIG 4g.20gb (0),1,,13,cupy_copy__complex64_complex64
14531239699,3360,270611,1,1,1,1,1,1,18,0.000,0.000,,,,,NVIDIA A100-SXM4-40GB MIG 4g.20gb (0),1,,13,cupy_copy__float32_float32
14531249555,6016,270617,,,,,,,,,,0.000,0.665,Device,Pageable,NVIDIA A100-SXM4-40GB MIG 4g.20gb (0),1,,7,[CUDA memcpy Device-to-Host]
14531541680,17983,270628,1434,1,1,128,1,1,16,0.000,0.000,,,,,NVIDIA A100-SXM4-40GB MIG 4g.20gb (0),1,,13,cupy_copy__complex64_complex64
14531802605,4544,270635,103,1,1,128,1,1,16,0.000,0.000,,,,,NVIDIA A100-SXM4-40GB MIG 4g.20gb (0),1,,13,cupy_copy__complex64_complex64
14532009834,12064,270642,35,1,1,128,1,1,16,0.000,0.000,,,,,NVIDIA A100-SXM4-40GB MIG 4g.20gb (0),1,,13,cupy_copy__complex64_complex64
14532249480,4576,270649,1,1,1,1,1,1,18,0.000,0.000,,,,,NVIDIA A100-SXM4-40GB MIG 4g.20gb (0),1,,13,cupy_copy__float32_float32
14532471205,255357,270660,1,1,1,32,32,1,30,0.000,0.000,,,,,NVIDIA A100-SXM4-40GB MIG 4g.20gb (0),1,,13,"void convert_kernel<__half2, float2>(tensor_layout_any, T1 *, tensor_layout_any, const T2 *)"
14532758562,12480,270663,,,,,,,,,,0.094,7507.673,Pinned,Device,NVIDIA A100-SXM4-40GB MIG 4g.20gb (0),1,,13,[CUDA memcpy Host-to-Device]
14533002687,8000,270664,,,,,,,,,,1.547,193328.000,Device,,NVIDIA A100-SXM4-40GB MIG 4g.20gb (0),1,,13,[CUDA memset]
14533017311,3104,270669,,,,,,,,,,0.031,10082.445,Pinned,Device,NVIDIA A100-SXM4-40GB MIG 4g.20gb (0),1,,13,[CUDA memcpy Host-to-Device]
14533023135,16480,270670,,,,,,,,,,0.197,11929.977,Pinned,Device,NVIDIA A100-SXM4-40GB MIG 4g.20gb (0),1,,13,[CUDA memcpy Host-to-Device]
14533270876,52960,270671,273,1,1,8,4,1,39,0.002,0.000,,,,,NVIDIA A100-SXM4-40GB MIG 4g.20gb (0),1,,13,"void channel_eq::eqMmseCoefCompLowMimoKernel<float, float, float, (unsigned int)4, (unsigned int)1, (unsigned int)4>(const channel_eq::_puschRxChEqStatDescr *, channel_eq::_puschRxChEqCoefCompDynDescr)"
14533550777,21184,270672,273,1,1,12,11,1,51,0.002,0.000,,,,,NVIDIA A100-SXM4-40GB MIG 4g.20gb (0),1,,13,"void channel_eq::eqMmseSoftDemapKernel<float, __half, __half, float, (unsigned int)4, (unsigned short)16383>(channel_eq::_puschRxChEqStatDescr *, channel_eq::_puschRxChEqSoftDemapDynDescr)"
14533733111,672952,270673,1,1,1,32,32,1,30,0.000,0.000,,,,,NVIDIA A100-SXM4-40GB MIG 4g.20gb (0),1,,13,"void convert_kernel<float2, __half2>(tensor_layout_any, T1 *, tensor_layout_any, const T2 *)"
14534554126,16735,270685,2253,1,1,128,1,1,16,0.000,0.000,,,,,NVIDIA A100-SXM4-40GB MIG 4g.20gb (0),1,,13,cupy_copy__float16_float16
14534751595,7072,270694,282,1,1,128,1,1,16,0.000,0.000,,,,,NVIDIA A100-SXM4-40GB MIG 4g.20gb (0),1,,13,cupy_copy__complex64_complex64
14534889802,9888,270703,26,1,1,128,1,1,16,0.000,0.000,,,,,NVIDIA A100-SXM4-40GB MIG 4g.20gb (0),1,,13,cupy_copy__float32_float32
14535028808,13056,270712,103,1,1,128,1,1,16,0.000,0.000,,,,,NVIDIA A100-SXM4-40GB MIG 4g.20gb (0),1,,13,cupy_copy__complex64_complex64
14535339269,30815,270722,1434,1,1,128,1,1,16,0.000,0.000,,,,,NVIDIA A100-SXM4-40GB MIG 4g.20gb (0),1,,13,cupy_copy__complex64_complex64
14535526115,257245,270727,1,1,1,32,32,1,30,0.000,0.000,,,,,NVIDIA A100-SXM4-40GB MIG 4g.20gb (0),1,,13,"void convert_kernel<__half2, float2>(tensor_layout_any, T1 *, tensor_layout_any, const T2 *)"
14535814271,5472,270730,,,,,,,,,,0.094,17122.757,Pinned,Device,NVIDIA A100-SXM4-40GB MIG 4g.20gb (0),1,,13,[CUDA memcpy Host-to-Device]
14535971198,621721,270731,,,,,,,,,,456.561,734150.796,Device,,NVIDIA A100-SXM4-40GB MIG 4g.20gb (0),1,,13,[CUDA memset]
14536601271,60607,270736,,,,,,,,,,1.235,20375.341,Pinned,Device,NVIDIA A100-SXM4-40GB MIG 4g.20gb (0),1,,13,[CUDA memcpy Host-to-Device]
14536664438,13600,270737,,,,,,,,,,0.197,14456.390,Pinned,Device,NVIDIA A100-SXM4-40GB MIG 4g.20gb (0),1,,13,[CUDA memcpy Host-to-Device]
14536817492,31488,270738,69,4,1,48,1,1,76,0.002,0.000,,,,,NVIDIA A100-SXM4-40GB MIG 4g.20gb (0),1,,13,"void ch_est::windowedChEstPreNoDftSOfdmKernel<float, __half, float, (unsigned int)2, (unsigned int)1, (unsigned short)4>(ch_est::puschRxChEstStatDescr_t *, ch_est::puschRxChEstDynDescr_t *)"
14536942195,24575,270739,137,2,1,24,2,1,44,0.001,0.001,,,,,NVIDIA A100-SXM4-40GB MIG 4g.20gb (0),1,,13,"void ch_est::chEstFilterNoDftSOfdmDispatchKernel<float, __half, float, (unsigned int)2>(ch_est::puschRxChEstStatDescr_t *, ch_est::puschRxChEstDynDescr_t *)"
14537133073,22815,270740,137,2,1,24,2,1,44,0.001,0.001,,,,,NVIDIA A100-SXM4-40GB MIG 4g.20gb (0),1,,13,"void ch_est::chEstFilterNoDftSOfdmDispatchKernel<float, __half, float, (unsigned int)2>(ch_est::puschRxChEstStatDescr_t *, ch_est::puschRxChEstDynDescr_t *)"
14537319502,6976,270751,103,1,1,128,1,1,16,0.000,0.000,,,,,NVIDIA A100-SXM4-40GB MIG 4g.20gb (0),1,,13,cupy_copy__complex64_complex64
14537481805,17823,270761,1434,1,1,128,1,1,16,0.000,0.000,,,,,NVIDIA A100-SXM4-40GB MIG 4g.20gb (0),1,,13,cupy_copy__complex64_complex64
14537643083,7008,270768,103,1,1,128,1,1,16,0.000,0.000,,,,,NVIDIA A100-SXM4-40GB MIG 4g.20gb (0),1,,13,cupy_copy__complex64_complex64
14537793193,265533,270775,1,1,1,32,32,1,30,0.000,0.000,,,,,NVIDIA A100-SXM4-40GB MIG 4g.20gb (0),1,,13,"void convert_kernel<__half2, float2>(tensor_layout_any, T1 *, tensor_layout_any, const T2 *)"
14538089510,12096,270778,,,,,,,,,,0.094,7745.942,Pinned,Device,NVIDIA A100-SXM4-40GB MIG 4g.20gb (0),1,,13,[CUDA memcpy Host-to-Device]
14538254180,57151,270779,,,,,,,,,,35.810,626566.170,Device,,NVIDIA A100-SXM4-40GB MIG 4g.20gb (0),1,,13,[CUDA memset]
14538313411,5184,270781,,,,,,,,,,0.000,15.432,Pinned,Device,NVIDIA A100-SXM4-40GB MIG 4g.20gb (0),1,,13,[CUDA memcpy Host-to-Device]
14538324387,9504,270782,,,,,,,,,,0.197,20686.701,Pinned,Device,NVIDIA A100-SXM4-40GB MIG 4g.20gb (0),1,,13,[CUDA memcpy Host-to-Device]
14538593024,50048,270783,273,1,1,48,1,1,40,0.000,0.001,,,,,NVIDIA A100-SXM4-40GB MIG 4g.20gb (0),1,,13,"void pusch_noise_intf_est::noiseIntfEstNoDftSOfdmKernel<float, __half, float, float, (unsigned int)2, (unsigned int)1, (unsigned char)4, (unsigned char)4>(pusch_noise_intf_est::puschRxNoiseIntfEstDynDescr)"
14538778238,11232,270794,35,1,1,128,1,1,16,0.000,0.000,,,,,NVIDIA A100-SXM4-40GB MIG 4g.20gb (0),1,,13,cupy_copy__complex64_complex64
14539016379,3872,270803,1,1,1,1,1,1,18,0.000,0.000,,,,,NVIDIA A100-SXM4-40GB MIG 4g.20gb (0),1,,13,cupy_copy__float32_float32
14539024731,1856,270809,,,,,,,,,,0.000,2.155,Device,Pageable,NVIDIA A100-SXM4-40GB MIG 4g.20gb (0),1,,7,[CUDA memcpy Device-to-Host]
14539339064,18688,270820,1434,1,1,128,1,1,16,0.000,0.000,,,,,NVIDIA A100-SXM4-40GB MIG 4g.20gb (0),1,,13,cupy_copy__complex64_complex64
14539486102,5632,270827,103,1,1,128,1,1,16,0.000,0.000,,,,,NVIDIA A100-SXM4-40GB MIG 4g.20gb (0),1,,13,cupy_copy__complex64_complex64
14539739763,4224,270834,35,1,1,128,1,1,16,0.000,0.000,,,,,NVIDIA A100-SXM4-40GB MIG 4g.20gb (0),1,,13,cupy_copy__complex64_complex64
14539944689,10592,270841,1,1,1,1,1,1,18,0.000,0.000,,,,,NVIDIA A100-SXM4-40GB MIG 4g.20gb (0),1,,13,cupy_copy__float32_float32
14540194670,265501,270852,1,1,1,32,32,1,30,0.000,0.000,,,,,NVIDIA A100-SXM4-40GB MIG 4g.20gb (0),1,,13,"void convert_kernel<__half2, float2>(tensor_layout_any, T1 *, tensor_layout_any, const T2 *)"
14540493963,7872,270855,,,,,,,,,,0.094,11902.390,Pinned,Device,NVIDIA A100-SXM4-40GB MIG 4g.20gb (0),1,,13,[CUDA memcpy Host-to-Device]
14540744936,8768,270856,,,,,,,,,,1.547,176394.014,Device,,NVIDIA A100-SXM4-40GB MIG 4g.20gb (0),1,,13,[CUDA memset]
14540758632,6880,270861,,,,,,,,,,0.031,4548.811,Pinned,Device,NVIDIA A100-SXM4-40GB MIG 4g.20gb (0),1,,13,[CUDA memcpy Host-to-Device]
14540771624,12959,270862,,,,,,,,,,0.197,15171.453,Pinned,Device,NVIDIA A100-SXM4-40GB MIG 4g.20gb (0),1,,13,[CUDA memcpy Host-to-Device]
14541023781,48895,270863,273,1,1,8,4,1,39,0.002,0.000,,,,,NVIDIA A100-SXM4-40GB MIG 4g.20gb (0),1,,13,"void channel_eq::eqMmseCoefCompLowMimoKernel<float, float, float, (unsigned int)4, (unsigned int)1, (unsigned int)4>(const channel_eq::_puschRxChEqStatDescr *, channel_eq::_puschRxChEqCoefCompDynDescr)"
14541342113,32896,270864,273,1,1,12,11,1,51,0.002,0.000,,,,,NVIDIA A100-SXM4-40GB MIG 4g.20gb (0),1,,13,"void channel_eq::eqMmseSoftDemapKernel<float, __half, __half, float, (unsigned int)4, (unsigned short)16383>(channel_eq::_puschRxChEqStatDescr *, channel_eq::_puschRxChEqSoftDemapDynDescr)"
14541634558,648697,270865,1,1,1,32,32,1,30,0.000,0.000,,,,,NVIDIA A100-SXM4-40GB MIG 4g.20gb (0),1,,13,"void convert_kernel<float2, __half2>(tensor_layout_any, T1 *, tensor_layout_any, const T2 *)"
14542494580,16704,270877,2253,1,1,128,1,1,16,0.000,0.000,,,,,NVIDIA A100-SXM4-40GB MIG 4g.20gb (0),1,,13,cupy_copy__float16_float16
14542652882,9376,270886,282,1,1,128,1,1,16,0.000,0.000,,,,,NVIDIA A100-SXM4-40GB MIG 4g.20gb (0),1,,13,cupy_copy__complex64_complex64
14542790033,8864,270895,26,1,1,128,1,1,16,0.000,0.000,,,,,NVIDIA A100-SXM4-40GB MIG 4g.20gb (0),1,,13,cupy_copy__float32_float32
14542915823,5184,270904,103,1,1,128,1,1,16,0.000,0.000,,,,,NVIDIA A100-SXM4-40GB MIG 4g.20gb (0),1,,13,cupy_copy__complex64_complex64
14543085902,18431,270914,1434,1,1,128,1,1,16,0.000,0.000,,,,,NVIDIA A100-SXM4-40GB MIG 4g.20gb (0),1,,13,cupy_copy__complex64_complex64
14543249836,264541,270919,1,1,1,32,32,1,30,0.000,0.000,,,,,NVIDIA A100-SXM4-40GB MIG 4g.20gb (0),1,,13,"void convert_kernel<__half2, float2>(tensor_layout_any, T1 *, tensor_layout_any, const T2 *)"
14543547496,5440,270922,,,,,,,,,,0.094,17223.480,Pinned,Device,NVIDIA A100-SXM4-40GB MIG 4g.20gb (0),1,,13,[CUDA memcpy Host-to-Device]
14543660039,621465,270923,,,,,,,,,,456.561,734607.357,Device,,NVIDIA A100-SXM4-40GB MIG 4g.20gb (0),1,,13,[CUDA memset]
14544288352,60383,270928,,,,,,,,,,1.235,20450.673,Pinned,Device,NVIDIA A100-SXM4-40GB MIG 4g.20gb (0),1,,13,[CUDA memcpy Host-to-Device]
14544351199,11072,270929,,,,,,,,,,0.197,17757.045,Pinned,Device,NVIDIA A100-SXM4-40GB MIG 4g.20gb (0),1,,13,[CUDA memcpy Host-to-Device]
14544450014,23232,270930,69,4,1,48,1,1,76,0.002,0.000,,,,,NVIDIA A100-SXM4-40GB MIG 4g.20gb (0),1,,13,"void ch_est::windowedChEstPreNoDftSOfdmKernel<float, __half, float, (unsigned int)2, (unsigned int)1, (unsigned short)4>(ch_est::puschRxChEstStatDescr_t *, ch_est::puschRxChEstDynDescr_t *)"
14544645884,23360,270931,137,2,1,24,2,1,44,0.001,0.001,,,,,NVIDIA A100-SXM4-40GB MIG 4g.20gb (0),1,,13,"void ch_est::chEstFilterNoDftSOfdmDispatchKernel<float, __half, float, (unsigned int)2>(ch_est::puschRxChEstStatDescr_t *, ch_est::puschRxChEstDynDescr_t *)"
14544799930,38688,270932,137,2,1,24,2,1,44,0.001,0.001,,,,,NVIDIA A100-SXM4-40GB MIG 4g.20gb (0),1,,13,"void ch_est::chEstFilterNoDftSOfdmDispatchKernel<float, __half, float, (unsigned int)2>(ch_est::puschRxChEstStatDescr_t *, ch_est::puschRxChEstDynDescr_t *)"
14544995096,7840,270943,103,1,1,128,1,1,16,0.000,0.000,,,,,NVIDIA A100-SXM4-40GB MIG 4g.20gb (0),1,,13,cupy_copy__complex64_complex64
14545151094,17888,270953,1434,1,1,128,1,1,16,0.000,0.000,,,,,NVIDIA A100-SXM4-40GB MIG 4g.20gb (0),1,,13,cupy_copy__complex64_complex64
14545296213,6752,270960,103,1,1,128,1,1,16,0.000,0.000,,,,,NVIDIA A100-SXM4-40GB MIG 4g.20gb (0),1,,13,cupy_copy__complex64_complex64
14545440403,260829,270967,1,1,1,32,32,1,30,0.000,0.000,,,,,NVIDIA A100-SXM4-40GB MIG 4g.20gb (0),1,,13,"void convert_kernel<__half2, float2>(tensor_layout_any, T1 *, tensor_layout_any, const T2 *)"
14545731216,8896,270970,,,,,,,,,,0.094,10532.367,Pinned,Device,NVIDIA A100-SXM4-40GB MIG 4g.20gb (0),1,,13,[CUDA memcpy Host-to-Device]
14545874030,58271,270971,,,,,,,,,,35.810,614534.037,Device,,NVIDIA A100-SXM4-40GB MIG 4g.20gb (0),1,,13,[CUDA memset]
14545935565,2816,270973,,,,,,,,,,0.000,28.409,Pinned,Device,NVIDIA A100-SXM4-40GB MIG 4g.20gb (0),1,,13,[CUDA memcpy Host-to-Device]
14545943821,9472,270974,,,,,,,,,,0.197,20756.693,Pinned,Device,NVIDIA A100-SXM4-40GB MIG 4g.20gb (0),1,,13,[CUDA memcpy Host-to-Device]
14546102476,37695,270975,273,1,1,48,1,1,40,0.000,0.001,,,,,NVIDIA A100-SXM4-40GB MIG 4g.20gb (0),1,,13,"void pusch_noise_intf_est::noiseIntfEstNoDftSOfdmKernel<float, __half, float, float, (unsigned int)2, (unsigned int)1, (unsigned char)4, (unsigned char)4>(pusch_noise_intf_est::puschRxNoiseIntfEstDynDescr)"
14546225802,8992,270986,35,1,1,128,1,1,16,0.000,0.000,,,,,NVIDIA A100-SXM4-40GB MIG 4g.20gb (0),1,,13,cupy_copy__complex64_complex64
14546365097,5312,270995,1,1,1,1,1,1,18,0.000,0.000,,,,,NVIDIA A100-SXM4-40GB MIG 4g.20gb (0),1,,13,cupy_copy__float32_float32
14546376232,2208,271001,,,,,,,,,,0.000,1.812,Device,Pageable,NVIDIA A100-SXM4-40GB MIG 4g.20gb (0),1,,7,[CUDA memcpy Device-to-Host]
14546568390,19488,271012,1434,1,1,128,1,1,16,0.000,0.000,,,,,NVIDIA A100-SXM4-40GB MIG 4g.20gb (0),1,,13,cupy_copy__complex64_complex64
14546730692,8704,271019,103,1,1,128,1,1,16,0.000,0.000,,,,,NVIDIA A100-SXM4-40GB MIG 4g.20gb (0),1,,13,cupy_copy__complex64_complex64
14546875139,5952,271026,35,1,1,128,1,1,16,0.000,0.000,,,,,NVIDIA A100-SXM4-40GB MIG 4g.20gb (0),1,,13,cupy_copy__complex64_complex64
14547031553,4480,271033,1,1,1,1,1,1,18,0.000,0.000,,,,,NVIDIA A100-SXM4-40GB MIG 4g.20gb (0),1,,13,cupy_copy__float32_float32
14547203615,263805,271044,1,1,1,32,32,1,30,0.000,0.000,,,,,NVIDIA A100-SXM4-40GB MIG 4g.20gb (0),1,,13,"void convert_kernel<__half2, float2>(tensor_layout_any, T1 *, tensor_layout_any, const T2 *)"
14547498268,5920,271047,,,,,,,,,,0.094,15826.941,Pinned,Device,NVIDIA A100-SXM4-40GB MIG 4g.20gb (0),1,,13,[CUDA memcpy Host-to-Device]
14547625210,15136,271048,,,,,,,,,,1.547,102180.808,Device,,NVIDIA A100-SXM4-40GB MIG 4g.20gb (0),1,,13,[CUDA memset]
14547646042,7072,271053,,,,,,,,,,0.031,4425.317,Pinned,Device,NVIDIA A100-SXM4-40GB MIG 4g.20gb (0),1,,13,[CUDA memcpy Host-to-Device]
14547659514,10048,271054,,,,,,,,,,0.197,19566.821,Pinned,Device,NVIDIA A100-SXM4-40GB MIG 4g.20gb (0),1,,13,[CUDA memcpy Host-to-Device]
14547801912,43648,271055,273,1,1,8,4,1,39,0.002,0.000,,,,,NVIDIA A100-SXM4-40GB MIG 4g.20gb (0),1,,13,"void channel_eq::eqMmseCoefCompLowMimoKernel<float, float, float, (unsigned int)4, (unsigned int)1, (unsigned int)4>(const channel_eq::_puschRxChEqStatDescr *, channel_eq::_puschRxChEqCoefCompDynDescr)"
14548056758,42559,271056,273,1,1,12,11,1,51,0.002,0.000,,,,,NVIDIA A100-SXM4-40GB MIG 4g.20gb (0),1,,13,"void channel_eq::eqMmseSoftDemapKernel<float, __half, __half, float, (unsigned int)4, (unsigned short)16383>(channel_eq::_puschRxChEqStatDescr *, channel_eq::_puschRxChEqSoftDemapDynDescr)"
14548327058,688249,271057,1,1,1,32,32,1,30,0.000,0.000,,,,,NVIDIA A100-SXM4-40GB MIG 4g.20gb (0),1,,13,"void convert_kernel<float2, __half2>(tensor_layout_any, T1 *, tensor_layout_any, const T2 *)"
14549191113,20415,271069,2253,1,1,128,1,1,16,0.000,0.000,,,,,NVIDIA A100-SXM4-40GB MIG 4g.20gb (0),1,,13,cupy_copy__float16_float16
14549415206,21984,271078,282,1,1,128,1,1,16,0.000,0.000,,,,,NVIDIA A100-SXM4-40GB MIG 4g.20gb (0),1,,13,cupy_copy__complex64_complex64
14549605764,8640,271087,26,1,1,128,1,1,16,0.000,0.000,,,,,NVIDIA A100-SXM4-40GB MIG 4g.20gb (0),1,,13,cupy_copy__float32_float32
14549809762,4992,271096,103,1,1,128,1,1,16,0.000,0.000,,,,,NVIDIA A100-SXM4-40GB MIG 4g.20gb (0),1,,13,cupy_copy__complex64_complex64
14550064831,17920,271106,1434,1,1,128,1,1,16,0.000,0.000,,,,,NVIDIA A100-SXM4-40GB MIG 4g.20gb (0),1,,13,cupy_copy__complex64_complex64
14550297340,284349,271111,1,1,1,32,32,1,30,0.000,0.000,,,,,NVIDIA A100-SXM4-40GB MIG 4g.20gb (0),1,,13,"void convert_kernel<__half2, float2>(tensor_layout_any, T1 *, tensor_layout_any, const T2 *)"
14550612121,8864,271114,,,,,,,,,,0.094,10570.314,Pinned,Device,NVIDIA A100-SXM4-40GB MIG 4g.20gb (0),1,,13,[CUDA memcpy Host-to-Device]
14550832118,622393,271115,,,,,,,,,,456.561,733237.673,Device,,NVIDIA A100-SXM4-40GB MIG 4g.20gb (0),1,,13,[CUDA memset]
14551462383,59551,271120,,,,,,,,,,1.235,20737.180,Pinned,Device,NVIDIA A100-SXM4-40GB MIG 4g.20gb (0),1,,13,[CUDA memcpy Host-to-Device]
14551524686,9920,271121,,,,,,,,,,0.197,19819.266,Pinned,Device,NVIDIA A100-SXM4-40GB MIG 4g.20gb (0),1,,13,[CUDA memcpy Host-to-Device]
14551762348,30143,271122,69,4,1,48,1,1,76,0.002,0.000,,,,,NVIDIA A100-SXM4-40GB MIG 4g.20gb (0),1,,13,"void ch_est::windowedChEstPreNoDftSOfdmKernel<float, __half, float, (unsigned int)2, (unsigned int)1, (unsigned short)4>(ch_est::puschRxChEstStatDescr_t *, ch_est::puschRxChEstDynDescr_t *)"
14551963785,24768,271123,137,2,1,24,2,1,44,0.001,0.001,,,,,NVIDIA A100-SXM4-40GB MIG 4g.20gb (0),1,,13,"void ch_est::chEstFilterNoDftSOfdmDispatchKernel<float, __half, float, (unsigned int)2>(ch_est::puschRxChEstStatDescr_t *, ch_est::puschRxChEstDynDescr_t *)"
14552189895,37408,271124,137,2,1,24,2,1,44,0.001,0.001,,,,,NVIDIA A100-SXM4-40GB MIG 4g.20gb (0),1,,13,"void ch_est::chEstFilterNoDftSOfdmDispatchKernel<float, __half, float, (unsigned int)2>(ch_est::puschRxChEstStatDescr_t *, ch_est::puschRxChEstDynDescr_t *)"
14552457604,7232,271135,103,1,1,128,1,1,16,0.000,0.000,,,,,NVIDIA A100-SXM4-40GB MIG 4g.20gb (0),1,,13,cupy_copy__complex64_complex64
14552625346,19680,271145,1434,1,1,128,1,1,16,0.000,0.000,,,,,NVIDIA A100-SXM4-40GB MIG 4g.20gb (0),1,,13,cupy_copy__complex64_complex64
14552777632,9888,271152,103,1,1,128,1,1,16,0.000,0.000,,,,,NVIDIA A100-SXM4-40GB MIG 4g.20gb (0),1,,13,cupy_copy__complex64_complex64
14552920415,259261,271159,1,1,1,32,32,1,30,0.000,0.000,,,,,NVIDIA A100-SXM4-40GB MIG 4g.20gb (0),1,,13,"void convert_kernel<__half2, float2>(tensor_layout_any, T1 *, tensor_layout_any, const T2 *)"
14553214363,7904,271162,,,,,,,,,,0.094,11854.231,Pinned,Device,NVIDIA A100-SXM4-40GB MIG 4g.20gb (0),1,,13,[CUDA memcpy Host-to-Device]
14553357690,56895,271163,,,,,,,,,,35.810,629395.154,Device,,NVIDIA A100-SXM4-40GB MIG 4g.20gb (0),1,,13,[CUDA memset]
14553422361,5248,271165,,,,,,,,,,0.000,15.244,Pinned,Device,NVIDIA A100-SXM4-40GB MIG 4g.20gb (0),1,,13,[CUDA memcpy Host-to-Device]
14553430073,10368,271166,,,,,,,,,,0.197,18962.842,Pinned,Device,NVIDIA A100-SXM4-40GB MIG 4g.20gb (0),1,,13,[CUDA memcpy Host-to-Device]
14553584215,39168,271167,273,1,1,48,1,1,40,0.000,0.001,,,,,NVIDIA A100-SXM4-40GB MIG 4g.20gb (0),1,,13,"void pusch_noise_intf_est::noiseIntfEstNoDftSOfdmKernel<float, __half, float, float, (unsigned int)2, (unsigned int)1, (unsigned char)4, (unsigned char)4>(pusch_noise_intf_est::puschRxNoiseIntfEstDynDescr)"
14553761397,4128,271178,35,1,1,128,1,1,16,0.000,0.000,,,,,NVIDIA A100-SXM4-40GB MIG 4g.20gb (0),1,,13,cupy_copy__complex64_complex64
14553947795,10016,271187,1,1,1,1,1,1,18,0.000,0.000,,,,,NVIDIA A100-SXM4-40GB MIG 4g.20gb (0),1,,13,cupy_copy__float32_float32
14553962963,1600,271193,,,,,,,,,,0.000,2.500,Device,Pageable,NVIDIA A100-SXM4-40GB MIG 4g.20gb (0),1,,7,[CUDA memcpy Device-to-Host]
14554198928,18464,271204,1434,1,1,128,1,1,16,0.000,0.000,,,,,NVIDIA A100-SXM4-40GB MIG 4g.20gb (0),1,,13,cupy_copy__complex64_complex64
14554351823,6879,271211,103,1,1,128,1,1,16,0.000,0.000,,,,,NVIDIA A100-SXM4-40GB MIG 4g.20gb (0),1,,13,cupy_copy__complex64_complex64
14554517485,12576,271218,35,1,1,128,1,1,16,0.000,0.000,,,,,NVIDIA A100-SXM4-40GB MIG 4g.20gb (0),1,,13,cupy_copy__complex64_complex64
14554674699,3488,271225,1,1,1,1,1,1,18,0.000,0.000,,,,,NVIDIA A100-SXM4-40GB MIG 4g.20gb (0),1,,13,cupy_copy__float32_float32
14554832233,260317,271236,1,1,1,32,32,1,30,0.000,0.000,,,,,NVIDIA A100-SXM4-40GB MIG 4g.20gb (0),1,,13,"void convert_kernel<__half2, float2>(tensor_layout_any, T1 *, tensor_layout_any, const T2 *)"
14555122598,5984,271239,,,,,,,,,,0.094,15657.726,Pinned,Device,NVIDIA A100-SXM4-40GB MIG 4g.20gb (0),1,,13,[CUDA memcpy Host-to-Device]
14555244357,9695,271240,,,,,,,,,,1.547,159526.532,Device,,NVIDIA A100-SXM4-40GB MIG 4g.20gb (0),1,,13,[CUDA memset]
14555261412,6496,271245,,,,,,,,,,0.031,4817.706,Pinned,Device,NVIDIA A100-SXM4-40GB MIG 4g.20gb (0),1,,13,[CUDA memcpy Host-to-Device]
14555274596,10272,271246,,,,,,,,,,0.197,19140.182,Pinned,Device,NVIDIA A100-SXM4-40GB MIG 4g.20gb (0),1,,13,[CUDA memcpy Host-to-Device]
14555412675,35615,271247,273,1,1,8,4,1,39,0.002,0.000,,,,,NVIDIA A100-SXM4-40GB MIG 4g.20gb (0),1,,13,"void channel_eq::eqMmseCoefCompLowMimoKernel<float, float, float, (unsigned int)4, (unsigned int)1, (unsigned int)4>(const channel_eq::_puschRxChEqStatDescr *, channel_eq::_puschRxChEqCoefCompDynDescr)"
14555708863,29472,271248,273,1,1,12,11,1,51,0.002,0.000,,,,,NVIDIA A100-SXM4-40GB MIG 4g.20gb (0),1,,13,"void channel_eq::eqMmseSoftDemapKernel<float, __half, __half, float, (unsigned int)4, (unsigned short)16383>(channel_eq::_puschRxChEqStatDescr *, channel_eq::_puschRxChEqSoftDemapDynDescr)"
14555860926,678584,271249,1,1,1,32,32,1,30,0.000,0.000,,,,,NVIDIA A100-SXM4-40GB MIG 4g.20gb (0),1,,13,"void convert_kernel<float2, __half2>(tensor_layout_any, T1 *, tensor_layout_any, const T2 *)"
14556678612,16800,271261,2253,1,1,128,1,1,16,0.000,0.000,,,,,NVIDIA A100-SXM4-40GB MIG 4g.20gb (0),1,,13,cupy_copy__float16_float16
14556844370,10208,271270,282,1,1,128,1,1,16,0.000,0.000,,,,,NVIDIA A100-SXM4-40GB MIG 4g.20gb (0),1,,13,cupy_copy__complex64_complex64
14556973073,3744,271279,26,1,1,128,1,1,16,0.000,0.000,,,,,NVIDIA A100-SXM4-40GB MIG 4g.20gb (0),1,,13,cupy_copy__float32_float32
14557089488,13120,271288,103,1,1,128,1,1,16,0.000,0.000,,,,,NVIDIA A100-SXM4-40GB MIG 4g.20gb (0),1,,13,cupy_copy__complex64_complex64
14557375533,18079,271304,1434,1,1,128,1,1,16,0.000,0.000,,,,,NVIDIA A100-SXM4-40GB MIG 4g.20gb (0),1,,13,cupy_copy__complex64_complex64
14557534763,268829,271309,1,1,1,32,32,1,30,0.000,0.000,,,,,NVIDIA A100-SXM4-40GB MIG 4g.20gb (0),1,,13,"void convert_kernel<__half2, float2>(tensor_layout_any, T1 *, tensor_layout_any, const T2 *)"
14557835143,5888,271312,,,,,,,,,,0.094,15912.954,Pinned,Device,NVIDIA A100-SXM4-40GB MIG 4g.20gb (0),1,,13,[CUDA memcpy Host-to-Device]
14557945350,621945,271313,,,,,,,,,,456.561,733694.234,Device,,NVIDIA A100-SXM4-40GB MIG 4g.20gb (0),1,,13,[CUDA memset]
14558575967,58207,271318,,,,,,,,,,1.235,21216.338,Pinned,Device,NVIDIA A100-SXM4-40GB MIG 4g.20gb (0),1,,13,[CUDA memcpy Host-to-Device]
14558636926,11392,271319,,,,,,,,,,0.197,17258.250,Pinned,Device,NVIDIA A100-SXM4-40GB MIG 4g.20gb (0),1,,13,[CUDA memcpy Host-to-Device]
14558808732,22496,271320,69,4,1,48,1,1,76,0.002,0.000,,,,,NVIDIA A100-SXM4-40GB MIG 4g.20gb (0),1,,13,"void ch_est::windowedChEstPreNoDftSOfdmKernel<float, __half, float, (unsigned int)2, (unsigned int)1, (unsigned short)4>(ch_est::puschRxChEstStatDescr_t *, ch_est::puschRxChEstDynDescr_t *)"
14558997242,24384,271321,137,2,1,24,2,1,44,0.001,0.001,,,,,NVIDIA A100-SXM4-40GB MIG 4g.20gb (0),1,,13,"void ch_est::chEstFilterNoDftSOfdmDispatchKernel<float, __half, float, (unsigned int)2>(ch_est::puschRxChEstStatDescr_t *, ch_est::puschRxChEstDynDescr_t *)"
14559217304,27967,271322,137,2,1,24,2,1,44,0.001,0.001,,,,,NVIDIA A100-SXM4-40GB MIG 4g.20gb (0),1,,13,"void ch_est::chEstFilterNoDftSOfdmDispatchKernel<float, __half, float, (unsigned int)2>(ch_est::puschRxChEstStatDescr_t *, ch_est::puschRxChEstDynDescr_t *)"
14559417973,6272,271333,103,1,1,128,1,1,16,0.000,0.000,,,,,NVIDIA A100-SXM4-40GB MIG 4g.20gb (0),1,,13,cupy_copy__complex64_complex64
14559637491,18464,271343,1434,1,1,128,1,1,16,0.000,0.000,,,,,NVIDIA A100-SXM4-40GB MIG 4g.20gb (0),1,,13,cupy_copy__complex64_complex64
14559790065,5632,271350,103,1,1,128,1,1,16,0.000,0.000,,,,,NVIDIA A100-SXM4-40GB MIG 4g.20gb (0),1,,13,cupy_copy__complex64_complex64
14560001807,277085,271357,1,1,1,32,32,1,30,0.000,0.000,,,,,NVIDIA A100-SXM4-40GB MIG 4g.20gb (0),1,,13,"void convert_kernel<__half2, float2>(tensor_layout_any, T1 *, tensor_layout_any, const T2 *)"
14560310251,5600,271360,,,,,,,,,,0.094,16731.388,Pinned,Device,NVIDIA A100-SXM4-40GB MIG 4g.20gb (0),1,,13,[CUDA memcpy Host-to-Device]
14560486857,50176,271361,,,,,,,,,,35.810,713655.896,Device,,NVIDIA A100-SXM4-40GB MIG 4g.20gb (0),1,,13,[CUDA memset]
14560545161,1856,271363,,,,,,,,,,0.000,43.103,Pinned,Device,NVIDIA A100-SXM4-40GB MIG 4g.20gb (0),1,,13,[CUDA memcpy Host-to-Device]
14560549929,12768,271364,,,,,,,,,,0.197,15398.339,Pinned,Device,NVIDIA A100-SXM4-40GB MIG 4g.20gb (0),1,,13,[CUDA memcpy Host-to-Device]
14560774790,26176,271365,273,1,1,48,1,1,40,0.000,0.001,,,,,NVIDIA A100-SXM4-40GB MIG 4g.20gb (0),1,,13,"void pusch_noise_intf_est::noiseIntfEstNoDftSOfdmKernel<float, __half, float, float, (unsigned int)2, (unsigned int)1, (unsigned char)4, (unsigned char)4>(pusch_noise_intf_est::puschRxNoiseIntfEstDynDescr)"
14560950116,9920,271376,35,1,1,128,1,1,16,0.000,0.000,,,,,NVIDIA A100-SXM4-40GB MIG 4g.20gb (0),1,,13,cupy_copy__complex64_complex64
14561165346,3968,271385,1,1,1,1,1,1,18,0.000,0.000,,,,,NVIDIA A100-SXM4-40GB MIG 4g.20gb (0),1,,13,cupy_copy__float32_float32
14561172418,2784,271391,,,,,,,,,,0.000,1.437,Device,Pageable,NVIDIA A100-SXM4-40GB MIG 4g.20gb (0),1,,7,[CUDA memcpy Device-to-Host]
14561422015,18240,271402,1434,1,1,128,1,1,16,0.000,0.000,,,,,NVIDIA A100-SXM4-40GB MIG 4g.20gb (0),1,,13,cupy_copy__complex64_complex64
14561651164,7584,271409,103,1,1,128,1,1,16,0.000,0.000,,,,,NVIDIA A100-SXM4-40GB MIG 4g.20gb (0),1,,13,cupy_copy__complex64_complex64
14561869434,3936,271416,35,1,1,128,1,1,16,0.000,0.000,,,,,NVIDIA A100-SXM4-40GB MIG 4g.20gb (0),1,,13,cupy_copy__complex64_complex64
14562108919,4608,271423,1,1,1,1,1,1,18,0.000,0.000,,,,,NVIDIA A100-SXM4-40GB MIG 4g.20gb (0),1,,13,cupy_copy__float32_float32
14562302005,269213,271434,1,1,1,32,32,1,30,0.000,0.000,,,,,NVIDIA A100-SXM4-40GB MIG 4g.20gb (0),1,,13,"void convert_kernel<__half2, float2>(tensor_layout_any, T1 *, tensor_layout_any, const T2 *)"
14562602802,8832,271437,,,,,,,,,,0.094,10608.636,Pinned,Device,NVIDIA A100-SXM4-40GB MIG 4g.20gb (0),1,,13,[CUDA memcpy Host-to-Device]
14562717968,7712,271438,,,,,,,,,,1.547,200547.641,Device,,NVIDIA A100-SXM4-40GB MIG 4g.20gb (0),1,,13,[CUDA memset]
14562760752,3264,271443,,,,,,,,,,0.031,9588.218,Pinned,Device,NVIDIA A100-SXM4-40GB MIG 4g.20gb (0),1,,13,[CUDA memcpy Host-to-Device]
14562766576,12416,271444,,,,,,,,,,0.197,15835.005,Pinned,Device,NVIDIA A100-SXM4-40GB MIG 4g.20gb (0),1,,13,[CUDA memcpy Host-to-Device]
14562887406,40416,271445,273,1,1,8,4,1,39,0.002,0.000,,,,,NVIDIA A100-SXM4-40GB MIG 4g.20gb (0),1,,13,"void channel_eq::eqMmseCoefCompLowMimoKernel<float, float, float, (unsigned int)4, (unsigned int)1, (unsigned int)4>(const channel_eq::_puschRxChEqStatDescr *, channel_eq::_puschRxChEqCoefCompDynDescr)"
14563152459,29952,271446,273,1,1,12,11,1,51,0.002,0.000,,,,,NVIDIA A100-SXM4-40GB MIG 4g.20gb (0),1,,13,"void channel_eq::eqMmseSoftDemapKernel<float, __half, __half, float, (unsigned int)4, (unsigned short)16383>(channel_eq::_puschRxChEqStatDescr *, channel_eq::_puschRxChEqSoftDemapDynDescr)"
14563303914,677912,271447,1,1,1,32,32,1,30,0.000,0.000,,,,,NVIDIA A100-SXM4-40GB MIG 4g.20gb (0),1,,13,"void convert_kernel<float2, __half2>(tensor_layout_any, T1 *, tensor_layout_any, const T2 *)"
14564127232,17312,271459,2253,1,1,128,1,1,16,0.000,0.000,,,,,NVIDIA A100-SXM4-40GB MIG 4g.20gb (0),1,,13,cupy_copy__float16_float16
14564332126,8768,271468,282,1,1,128,1,1,16,0.000,0.000,,,,,NVIDIA A100-SXM4-40GB MIG 4g.20gb (0),1,,13,cupy_copy__complex64_complex64
14564470333,7103,271477,26,1,1,128,1,1,16,0.000,0.000,,,,,NVIDIA A100-SXM4-40GB MIG 4g.20gb (0),1,,13,cupy_copy__float32_float32
14564599867,5344,271486,103,1,1,128,1,1,16,0.000,0.000,,,,,NVIDIA A100-SXM4-40GB MIG 4g.20gb (0),1,,13,cupy_copy__complex64_complex64
14564916984,18495,271496,1434,1,1,128,1,1,16,0.000,0.000,,,,,NVIDIA A100-SXM4-40GB MIG 4g.20gb (0),1,,13,cupy_copy__complex64_complex64
14565079286,265277,271501,1,1,1,32,32,1,30,0.000,0.000,,,,,NVIDIA A100-SXM4-40GB MIG 4g.20gb (0),1,,13,"void convert_kernel<__half2, float2>(tensor_layout_any, T1 *, tensor_layout_any, const T2 *)"
14565375538,8736,271504,,,,,,,,,,0.094,10725.194,Pinned,Device,NVIDIA A100-SXM4-40GB MIG 4g.20gb (0),1,,13,[CUDA memcpy Host-to-Device]
14565497489,621433,271505,,,,,,,,,,456.561,734607.357,Device,,NVIDIA A100-SXM4-40GB MIG 4g.20gb (0),1,,13,[CUDA memset]
14566124874,58719,271510,,,,,,,,,,1.235,21031.096,Pinned,Device,NVIDIA A100-SXM4-40GB MIG 4g.20gb (0),1,,13,[CUDA memcpy Host-to-Device]
14566186057,9952,271511,,,,,,,,,,0.197,19755.565,Pinned,Device,NVIDIA A100-SXM4-40GB MIG 4g.20gb (0),1,,13,[CUDA memcpy Host-to-Device]
14566287816,21472,271512,69,4,1,48,1,1,76,0.002,0.000,,,,,NVIDIA A100-SXM4-40GB MIG 4g.20gb (0),1,,13,"void ch_est::windowedChEstPreNoDftSOfdmKernel<float, __half, float, (unsigned int)2, (unsigned int)1, (unsigned short)4>(ch_est::puschRxChEstStatDescr_t *, ch_est::puschRxChEstDynDescr_t *)"
14566406823,33279,271513,137,2,1,24,2,1,44,0.001,0.001,,,,,NVIDIA A100-SXM4-40GB MIG 4g.20gb (0),1,,13,"void ch_est::chEstFilterNoDftSOfdmDispatchKernel<float, __half, float, (unsigned int)2>(ch_est::puschRxChEstStatDescr_t *, ch_est::puschRxChEstDynDescr_t *)"
14566567301,46335,271514,137,2,1,24,2,1,44,0.001,0.001,,,,,NVIDIA A100-SXM4-40GB MIG 4g.20gb (0),1,,13,"void ch_est::chEstFilterNoDftSOfdmDispatchKernel<float, __half, float, (unsigned int)2>(ch_est::puschRxChEstStatDescr_t *, ch_est::puschRxChEstDynDescr_t *)"
14566719683,7680,271525,103,1,1,128,1,1,16,0.000,0.000,,,,,NVIDIA A100-SXM4-40GB MIG 4g.20gb (0),1,,13,cupy_copy__complex64_complex64
14566819042,19456,271535,1434,1,1,128,1,1,16,0.000,0.000,,,,,NVIDIA A100-SXM4-40GB MIG 4g.20gb (0),1,,13,cupy_copy__complex64_complex64
14566919169,6368,271542,103,1,1,128,1,1,16,0.000,0.000,,,,,NVIDIA A100-SXM4-40GB MIG 4g.20gb (0),1,,13,cupy_copy__complex64_complex64
14567038624,263613,271549,1,1,1,32,32,1,30,0.000,0.000,,,,,NVIDIA A100-SXM4-40GB MIG 4g.20gb (0),1,,13,"void convert_kernel<__half2, float2>(tensor_layout_any, T1 *, tensor_layout_any, const T2 *)"
14567332124,11328,271552,,,,,,,,,,0.094,8271.108,Pinned,Device,NVIDIA A100-SXM4-40GB MIG 4g.20gb (0),1,,13,[CUDA memcpy Host-to-Device]
14567433851,60831,271553,,,,,,,,,,35.810,588643.465,Device,,NVIDIA A100-SXM4-40GB MIG 4g.20gb (0),1,,13,[CUDA memset]
14567499002,2368,271555,,,,,,,,,,0.000,33.784,Pinned,Device,NVIDIA A100-SXM4-40GB MIG 4g.20gb (0),1,,13,[CUDA memcpy Host-to-Device]
14567506874,12288,271556,,,,,,,,,,0.197,15999.959,Pinned,Device,NVIDIA A100-SXM4-40GB MIG 4g.20gb (0),1,,13,[CUDA memcpy Host-to-Device]
14567619545,40640,271557,273,1,1,48,1,1,40,0.000,0.001,,,,,NVIDIA A100-SXM4-40GB MIG 4g.20gb (0),1,,13,"void pusch_noise_intf_est::noiseIntfEstNoDftSOfdmKernel<float, __half, float, float, (unsigned int)2, (unsigned int)1, (unsigned char)4, (unsigned char)4>(pusch_noise_intf_est::puschRxNoiseIntfEstDynDescr)"
14567708280,10336,271568,35,1,1,128,1,1,16,0.000,0.000,,,,,NVIDIA A100-SXM4-40GB MIG 4g.20gb (0),1,,13,cupy_copy__complex64_complex64
14567809111,9344,271577,1,1,1,1,1,1,18,0.000,0.000,,,,,NVIDIA A100-SXM4-40GB MIG 4g.20gb (0),1,,13,cupy_copy__float32_float32
14567826743,2176,271583,,,,,,,,,,0.000,1.838,Device,Pageable,NVIDIA A100-SXM4-40GB MIG 4g.20gb (0),1,,7,[CUDA memcpy Device-to-Host]
14567989141,19040,271594,1434,1,1,128,1,1,16,0.000,0.000,,,,,NVIDIA A100-SXM4-40GB MIG 4g.20gb (0),1,,13,cupy_copy__complex64_complex64
14568088820,7776,271601,103,1,1,128,1,1,16,0.000,0.000,,,,,NVIDIA A100-SXM4-40GB MIG 4g.20gb (0),1,,13,cupy_copy__complex64_complex64
14568189395,4224,271608,35,1,1,128,1,1,16,0.000,0.000,,,,,NVIDIA A100-SXM4-40GB MIG 4g.20gb (0),1,,13,cupy_copy__complex64_complex64
14568326993,5440,271615,1,1,1,1,1,1,18,0.000,0.000,,,,,NVIDIA A100-SXM4-40GB MIG 4g.20gb (0),1,,13,cupy_copy__float32_float32
14568465744,265949,271626,1,1,1,32,32,1,30,0.000,0.000,,,,,NVIDIA A100-SXM4-40GB MIG 4g.20gb (0),1,,13,"void convert_kernel<__half2, float2>(tensor_layout_any, T1 *, tensor_layout_any, const T2 *)"
14568760620,12864,271629,,,,,,,,,,0.094,7283.552,Pinned,Device,NVIDIA A100-SXM4-40GB MIG 4g.20gb (0),1,,13,[CUDA memcpy Host-to-Device]
14568901707,11199,271630,,,,,,,,,,1.547,138102.697,Device,,NVIDIA A100-SXM4-40GB MIG 4g.20gb (0),1,,13,[CUDA memset]
14568915498,3104,271635,,,,,,,,,,0.031,10082.445,Pinned,Device,NVIDIA A100-SXM4-40GB MIG 4g.20gb (0),1,,13,[CUDA memcpy Host-to-Device]
14568927754,10016,271636,,,,,,,,,,0.197,19629.343,Pinned,Device,NVIDIA A100-SXM4-40GB MIG 4g.20gb (0),1,,13,[CUDA memcpy Host-to-Device]
14569533092,52703,271637,273,1,1,8,4,1,39,0.002,0.000,,,,,NVIDIA A100-SXM4-40GB MIG 4g.20gb (0),1,,13,"void channel_eq::eqMmseCoefCompLowMimoKernel<float, float, float, (unsigned int)4, (unsigned int)1, (unsigned int)4>(const channel_eq::_puschRxChEqStatDescr *, channel_eq::_puschRxChEqCoefCompDynDescr)"
14569821792,46016,271638,273,1,1,12,11,1,51,0.002,0.000,,,,,NVIDIA A100-SXM4-40GB MIG 4g.20gb (0),1,,13,"void channel_eq::eqMmseSoftDemapKernel<float, __half, __half, float, (unsigned int)4, (unsigned short)16383>(channel_eq::_puschRxChEqStatDescr *, channel_eq::_puschRxChEqSoftDemapDynDescr)"
14570080029,676633,271639,1,1,1,32,32,1,30,0.000,0.000,,,,,NVIDIA A100-SXM4-40GB MIG 4g.20gb (0),1,,13,"void convert_kernel<float2, __half2>(tensor_layout_any, T1 *, tensor_layout_any, const T2 *)"
14570934772,556441,271651,2253,1,1,128,1,1,16,0.000,0.000,,,,,NVIDIA A100-SXM4-40GB MIG 4g.20gb (0),1,,13,cupy_copy__float16_float16
14571702795,10944,271660,282,1,1,128,1,1,16,0.000,0.000,,,,,NVIDIA A100-SXM4-40GB MIG 4g.20gb (0),1,,13,cupy_copy__complex64_complex64
14571902441,7648,271669,26,1,1,128,1,1,16,0.000,0.000,,,,,NVIDIA A100-SXM4-40GB MIG 4g.20gb (0),1,,13,cupy_copy__float32_float32
14572105959,5151,271678,103,1,1,128,1,1,16,0.000,0.000,,,,,NVIDIA A100-SXM4-40GB MIG 4g.20gb (0),1,,13,cupy_copy__complex64_complex64
14572353892,20927,271688,1434,1,1,128,1,1,16,0.000,0.000,,,,,NVIDIA A100-SXM4-40GB MIG 4g.20gb (0),1,,13,cupy_copy__complex64_complex64
14572667904,242493,271693,1,1,1,32,32,1,30,0.000,0.000,,,,,NVIDIA A100-SXM4-40GB MIG 4g.20gb (0),1,,13,"void convert_kernel<__half2, float2>(tensor_layout_any, T1 *, tensor_layout_any, const T2 *)"
14572942749,12512,271696,,,,,,,,,,0.094,7488.465,Pinned,Device,NVIDIA A100-SXM4-40GB MIG 4g.20gb (0),1,,13,[CUDA memcpy Host-to-Device]
14573241978,1599342,271697,,,,,,,,,,456.561,285350.900,Device,,NVIDIA A100-SXM4-40GB MIG 4g.20gb (0),1,,13,[CUDA memset]
14574883815,63743,271702,,,,,,,,,,1.235,19372.567,Pinned,Device,NVIDIA A100-SXM4-40GB MIG 4g.20gb (0),1,,13,[CUDA memcpy Host-to-Device]
14574950598,13920,271703,,,,,,,,,,0.197,14124.122,Pinned,Device,NVIDIA A100-SXM4-40GB MIG 4g.20gb (0),1,,13,[CUDA memcpy Host-to-Device]
14575208356,500826,271704,69,4,1,48,1,1,76,0.002,0.000,,,,,NVIDIA A100-SXM4-40GB MIG 4g.20gb (0),1,,13,"void ch_est::windowedChEstPreNoDftSOfdmKernel<float, __half, float, (unsigned int)2, (unsigned int)1, (unsigned short)4>(ch_est::puschRxChEstStatDescr_t *, ch_est::puschRxChEstDynDescr_t *)"
14575938075,29984,271705,137,2,1,24,2,1,44,0.001,0.001,,,,,NVIDIA A100-SXM4-40GB MIG 4g.20gb (0),1,,13,"void ch_est::chEstFilterNoDftSOfdmDispatchKernel<float, __half, float, (unsigned int)2>(ch_est::puschRxChEstStatDescr_t *, ch_est::puschRxChEstDynDescr_t *)"
14576784850,30911,271706,137,2,1,24,2,1,44,0.001,0.001,,,,,NVIDIA A100-SXM4-40GB MIG 4g.20gb (0),1,,13,"void ch_est::chEstFilterNoDftSOfdmDispatchKernel<float, __half, float, (unsigned int)2>(ch_est::puschRxChEstStatDescr_t *, ch_est::puschRxChEstDynDescr_t *)"
14577089582,4800,271717,103,1,1,128,1,1,16,0.000,0.000,,,,,NVIDIA A100-SXM4-40GB MIG 4g.20gb (0),1,,13,cupy_copy__complex64_complex64
14577389131,17696,271727,1434,1,1,128,1,1,16,0.000,0.000,,,,,NVIDIA A100-SXM4-40GB MIG 4g.20gb (0),1,,13,cupy_copy__complex64_complex64
14577682408,6336,271734,103,1,1,128,1,1,16,0.000,0.000,,,,,NVIDIA A100-SXM4-40GB MIG 4g.20gb (0),1,,13,cupy_copy__complex64_complex64
14577961029,222205,271741,1,1,1,32,32,1,30,0.000,0.000,,,,,NVIDIA A100-SXM4-40GB MIG 4g.20gb (0),1,,13,"void convert_kernel<__half2, float2>(tensor_layout_any, T1 *, tensor_layout_any, const T2 *)"
14578214658,13152,271744,,,,,,,,,,0.094,7124.082,Pinned,Device,NVIDIA A100-SXM4-40GB MIG 4g.20gb (0),1,,13,[CUDA memcpy Host-to-Device]
14578573374,54591,271745,,,,,,,,,,35.810,655966.115,Device,,NVIDIA A100-SXM4-40GB MIG 4g.20gb (0),1,,13,[CUDA memset]
14578632893,1824,271747,,,,,,,,,,0.000,43.860,Pinned,Device,NVIDIA A100-SXM4-40GB MIG 4g.20gb (0),1,,13,[CUDA memcpy Host-to-Device]
14578637213,13120,271748,,,,,,,,,,0.197,14985.265,Pinned,Device,NVIDIA A100-SXM4-40GB MIG 4g.20gb (0),1,,13,[CUDA memcpy Host-to-Device]
14578976057,30304,271749,273,1,1,48,1,1,40,0.000,0.001,,,,,NVIDIA A100-SXM4-40GB MIG 4g.20gb (0),1,,13,"void pusch_noise_intf_est::noiseIntfEstNoDftSOfdmKernel<float, __half, float, float, (unsigned int)2, (unsigned int)1, (unsigned char)4, (unsigned char)4>(pusch_noise_intf_est::puschRxNoiseIntfEstDynDescr)"
14579255702,9536,271760,35,1,1,128,1,1,16,0.000,0.000,,,,,NVIDIA A100-SXM4-40GB MIG 4g.20gb (0),1,,13,cupy_copy__complex64_complex64
14579497779,4288,271769,1,1,1,1,1,1,18,0.000,0.000,,,,,NVIDIA A100-SXM4-40GB MIG 4g.20gb (0),1,,13,cupy_copy__float32_float32
14579503987,1824,271775,,,,,,,,,,0.000,2.193,Device,Pageable,NVIDIA A100-SXM4-40GB MIG 4g.20gb (0),1,,7,[CUDA memcpy Device-to-Host]
14579812528,18367,271786,1434,1,1,128,1,1,16,0.000,0.000,,,,,NVIDIA A100-SXM4-40GB MIG 4g.20gb (0),1,,13,cupy_copy__complex64_complex64
14579970638,8576,271793,103,1,1,128,1,1,16,0.000,0.000,,,,,NVIDIA A100-SXM4-40GB MIG 4g.20gb (0),1,,13,cupy_copy__complex64_complex64
14580100716,3936,271800,35,1,1,128,1,1,16,0.000,0.000,,,,,NVIDIA A100-SXM4-40GB MIG 4g.20gb (0),1,,13,cupy_copy__complex64_complex64
14580255979,4800,271807,1,1,1,1,1,1,18,0.000,0.000,,,,,NVIDIA A100-SXM4-40GB MIG 4g.20gb (0),1,,13,cupy_copy__float32_float32
14580435017,249021,271818,1,1,1,32,32,1,30,0.000,0.000,,,,,NVIDIA A100-SXM4-40GB MIG 4g.20gb (0),1,,13,"void convert_kernel<__half2, float2>(tensor_layout_any, T1 *, tensor_layout_any, const T2 *)"
14580714854,12031,271821,,,,,,,,,,0.094,7787.824,Pinned,Device,NVIDIA A100-SXM4-40GB MIG 4g.20gb (0),1,,13,[CUDA memcpy Host-to-Device]
14580902339,11232,271822,,,,,,,,,,1.547,137697.481,Device,,NVIDIA A100-SXM4-40GB MIG 4g.20gb (0),1,,13,[CUDA memset]
14580921507,3072,271827,,,,,,,,,,0.031,10187.474,Pinned,Device,NVIDIA A100-SXM4-40GB MIG 4g.20gb (0),1,,13,[CUDA memcpy Host-to-Device]
14580927139,10208,271828,,,,,,,,,,0.197,19260.113,Pinned,Device,NVIDIA A100-SXM4-40GB MIG 4g.20gb (0),1,,13,[CUDA memcpy Host-to-Device]
14581087329,67360,271829,273,1,1,8,4,1,39,0.002,0.000,,,,,NVIDIA A100-SXM4-40GB MIG 4g.20gb (0),1,,13,"void channel_eq::eqMmseCoefCompLowMimoKernel<float, float, float, (unsigned int)4, (unsigned int)1, (unsigned int)4>(const channel_eq::_puschRxChEqStatDescr *, channel_eq::_puschRxChEqCoefCompDynDescr)"
14581340414,31136,271830,273,1,1,12,11,1,51,0.002,0.000,,,,,NVIDIA A100-SXM4-40GB MIG 4g.20gb (0),1,,13,"void channel_eq::eqMmseSoftDemapKernel<float, __half, __half, float, (unsigned int)4, (unsigned short)16383>(channel_eq::_puschRxChEqStatDescr *, channel_eq::_puschRxChEqSoftDemapDynDescr)"
14581601660,682872,271831,1,1,1,32,32,1,30,0.000,0.000,,,,,NVIDIA A100-SXM4-40GB MIG 4g.20gb (0),1,,13,"void convert_kernel<float2, __half2>(tensor_layout_any, T1 *, tensor_layout_any, const T2 *)"
14582456562,14720,271843,2253,1,1,128,1,1,16,0.000,0.000,,,,,NVIDIA A100-SXM4-40GB MIG 4g.20gb (0),1,,13,cupy_copy__float16_float16
14582605616,9664,271852,282,1,1,128,1,1,16,0.000,0.000,,,,,NVIDIA A100-SXM4-40GB MIG 4g.20gb (0),1,,13,cupy_copy__complex64_complex64
14582802734,12000,271861,26,1,1,128,1,1,16,0.000,0.000,,,,,NVIDIA A100-SXM4-40GB MIG 4g.20gb (0),1,,13,cupy_copy__float32_float32
14582984940,25952,271870,103,1,1,128,1,1,16,0.000,0.000,,,,,NVIDIA A100-SXM4-40GB MIG 4g.20gb (0),1,,13,cupy_copy__complex64_complex64
14583292392,19040,271880,1434,1,1,128,1,1,16,0.000,0.000,,,,,NVIDIA A100-SXM4-40GB MIG 4g.20gb (0),1,,13,cupy_copy__complex64_complex64
14583479846,249886,271885,1,1,1,32,32,1,30,0.000,0.000,,,,,NVIDIA A100-SXM4-40GB MIG 4g.20gb (0),1,,13,"void convert_kernel<__half2, float2>(tensor_layout_any, T1 *, tensor_layout_any, const T2 *)"
14583759203,5536,271888,,,,,,,,,,0.094,16924.777,Pinned,Device,NVIDIA A100-SXM4-40GB MIG 4g.20gb (0),1,,13,[CUDA memcpy Host-to-Device]
14583949953,632345,271889,,,,,,,,,,456.561,721823.637,Device,,NVIDIA A100-SXM4-40GB MIG 4g.20gb (0),1,,13,[CUDA memset]
14584585402,65631,271894,,,,,,,,,,1.235,18815.607,Pinned,Device,NVIDIA A100-SXM4-40GB MIG 4g.20gb (0),1,,13,[CUDA memcpy Host-to-Device]
14584653497,10336,271895,,,,,,,,,,0.197,19021.627,Pinned,Device,NVIDIA A100-SXM4-40GB MIG 4g.20gb (0),1,,13,[CUDA memcpy Host-to-Device]
14584855703,23584,271896,69,4,1,48,1,1,76,0.002,0.000,,,,,NVIDIA A100-SXM4-40GB MIG 4g.20gb (0),1,,13,"void ch_est::windowedChEstPreNoDftSOfdmKernel<float, __half, float, (unsigned int)2, (unsigned int)1, (unsigned short)4>(ch_est::puschRxChEstStatDescr_t *, ch_est::puschRxChEstDynDescr_t *)"
14585113332,22240,271897,137,2,1,24,2,1,44,0.001,0.001,,,,,NVIDIA A100-SXM4-40GB MIG 4g.20gb (0),1,,13,"void ch_est::chEstFilterNoDftSOfdmDispatchKernel<float, __half, float, (unsigned int)2>(ch_est::puschRxChEstStatDescr_t *, ch_est::puschRxChEstDynDescr_t *)"
14585366161,27744,271898,137,2,1,24,2,1,44,0.001,0.001,,,,,NVIDIA A100-SXM4-40GB MIG 4g.20gb (0),1,,13,"void ch_est::chEstFilterNoDftSOfdmDispatchKernel<float, __half, float, (unsigned int)2>(ch_est::puschRxChEstStatDescr_t *, ch_est::puschRxChEstDynDescr_t *)"
14585612334,6624,271909,103,1,1,128,1,1,16,0.000,0.000,,,,,NVIDIA A100-SXM4-40GB MIG 4g.20gb (0),1,,13,cupy_copy__complex64_complex64
14585820268,18912,271919,1434,1,1,128,1,1,16,0.000,0.000,,,,,NVIDIA A100-SXM4-40GB MIG 4g.20gb (0),1,,13,cupy_copy__complex64_complex64
14586024234,7968,271926,103,1,1,128,1,1,16,0.000,0.000,,,,,NVIDIA A100-SXM4-40GB MIG 4g.20gb (0),1,,13,cupy_copy__complex64_complex64
14586219047,225694,271933,1,1,1,32,32,1,30,0.000,0.000,,,,,NVIDIA A100-SXM4-40GB MIG 4g.20gb (0),1,,13,"void convert_kernel<__half2, float2>(tensor_layout_any, T1 *, tensor_layout_any, const T2 *)"
14586475397,9535,271936,,,,,,,,,,0.094,9826.462,Pinned,Device,NVIDIA A100-SXM4-40GB MIG 4g.20gb (0),1,,13,[CUDA memcpy Host-to-Device]
14586633027,56255,271937,,,,,,,,,,35.810,636557.138,Device,,NVIDIA A100-SXM4-40GB MIG 4g.20gb (0),1,,13,[CUDA memset]
14586694402,4832,271939,,,,,,,,,,0.000,16.556,Pinned,Device,NVIDIA A100-SXM4-40GB MIG 4g.20gb (0),1,,13,[CUDA memcpy Host-to-Device]
14586705474,10400,271940,,,,,,,,,,0.197,18904.449,Pinned,Device,NVIDIA A100-SXM4-40GB MIG 4g.20gb (0),1,,13,[CUDA memcpy Host-to-Device]
14586919008,31039,271941,273,1,1,48,1,1,40,0.000,0.001,,,,,NVIDIA A100-SXM4-40GB MIG 4g.20gb (0),1,,13,"void pusch_noise_intf_est::noiseIntfEstNoDftSOfdmKernel<float, __half, float, float, (unsigned int)2, (unsigned int)1, (unsigned char)4, (unsigned char)4>(pusch_noise_intf_est::puschRxNoiseIntfEstDynDescr)"
14587153373,10560,271952,35,1,1,128,1,1,16,0.000,0.000,,,,,NVIDIA A100-SXM4-40GB MIG 4g.20gb (0),1,,13,cupy_copy__complex64_complex64
14587357115,5792,271961,1,1,1,1,1,1,18,0.000,0.000,,,,,NVIDIA A100-SXM4-40GB MIG 4g.20gb (0),1,,13,cupy_copy__float32_float32
14587363707,1760,271967,,,,,,,,,,0.000,2.273,Device,Pageable,NVIDIA A100-SXM4-40GB MIG 4g.20gb (0),1,,7,[CUDA memcpy Device-to-Host]
14587600344,20384,271978,1434,1,1,128,1,1,16,0.000,0.000,,,,,NVIDIA A100-SXM4-40GB MIG 4g.20gb (0),1,,13,cupy_copy__complex64_complex64
14587873269,9568,271985,103,1,1,128,1,1,16,0.000,0.000,,,,,NVIDIA A100-SXM4-40GB MIG 4g.20gb (0),1,,13,cupy_copy__complex64_complex64
14588070547,4032,271992,35,1,1,128,1,1,16,0.000,0.000,,,,,NVIDIA A100-SXM4-40GB MIG 4g.20gb (0),1,,13,cupy_copy__complex64_complex64
14588360847,4736,271999,1,1,1,1,1,1,18,0.000,0.000,,,,,NVIDIA A100-SXM4-40GB MIG 4g.20gb (0),1,,13,cupy_copy__float32_float32
14588563597,273373,272010,1,1,1,32,32,1,30,0.000,0.000,,,,,NVIDIA A100-SXM4-40GB MIG 4g.20gb (0),1,,13,"void convert_kernel<__half2, float2>(tensor_layout_any, T1 *, tensor_layout_any, const T2 *)"
14588869066,5568,272013,,,,,,,,,,0.094,16827.521,Pinned,Device,NVIDIA A100-SXM4-40GB MIG 4g.20gb (0),1,,13,[CUDA memcpy Host-to-Device]
14589056264,9599,272014,,,,,,,,,,1.547,161122.648,Device,,NVIDIA A100-SXM4-40GB MIG 4g.20gb (0),1,,13,[CUDA memset]
14589077415,7488,272019,,,,,,,,,,0.031,4179.487,Pinned,Device,NVIDIA A100-SXM4-40GB MIG 4g.20gb (0),1,,13,[CUDA memcpy Host-to-Device]
14589087527,9952,272020,,,,,,,,,,0.197,19755.565,Pinned,Device,NVIDIA A100-SXM4-40GB MIG 4g.20gb (0),1,,13,[CUDA memcpy Host-to-Device]
14589290949,27840,272021,273,1,1,8,4,1,39,0.002,0.000,,,,,NVIDIA A100-SXM4-40GB MIG 4g.20gb (0),1,,13,"void channel_eq::eqMmseCoefCompLowMimoKernel<float, float, float, (unsigned int)4, (unsigned int)1, (unsigned int)4>(const channel_eq::_puschRxChEqStatDescr *, channel_eq::_puschRxChEqCoefCompDynDescr)"
14589541346,30432,272022,273,1,1,12,11,1,51,0.002,0.000,,,,,NVIDIA A100-SXM4-40GB MIG 4g.20gb (0),1,,13,"void channel_eq::eqMmseSoftDemapKernel<float, __half, __half, float, (unsigned int)4, (unsigned short)16383>(channel_eq::_puschRxChEqStatDescr *, channel_eq::_puschRxChEqSoftDemapDynDescr)"
14589800543,678200,272023,1,1,1,32,32,1,30,0.000,0.000,,,,,NVIDIA A100-SXM4-40GB MIG 4g.20gb (0),1,,13,"void convert_kernel<float2, __half2>(tensor_layout_any, T1 *, tensor_layout_any, const T2 *)"
14590653782,21887,272035,2253,1,1,128,1,1,16,0.000,0.000,,,,,NVIDIA A100-SXM4-40GB MIG 4g.20gb (0),1,,13,cupy_copy__float16_float16
14590857875,4960,272044,282,1,1,128,1,1,16,0.000,0.000,,,,,NVIDIA A100-SXM4-40GB MIG 4g.20gb (0),1,,13,cupy_copy__complex64_complex64
14590997810,7072,272053,26,1,1,128,1,1,16,0.000,0.000,,,,,NVIDIA A100-SXM4-40GB MIG 4g.20gb (0),1,,13,cupy_copy__float32_float32
14591195599,14464,272062,103,1,1,128,1,1,16,0.000,0.000,,,,,NVIDIA A100-SXM4-40GB MIG 4g.20gb (0),1,,13,cupy_copy__complex64_complex64
14591468460,18720,272072,1434,1,1,128,1,1,16,0.000,0.000,,,,,NVIDIA A100-SXM4-40GB MIG 4g.20gb (0),1,,13,cupy_copy__complex64_complex64
14591670634,230493,272077,1,1,1,32,32,1,30,0.000,0.000,,,,,NVIDIA A100-SXM4-40GB MIG 4g.20gb (0),1,,13,"void convert_kernel<__half2, float2>(tensor_layout_any, T1 *, tensor_layout_any, const T2 *)"
14591933191,8416,272080,,,,,,,,,,0.094,11133.052,Pinned,Device,NVIDIA A100-SXM4-40GB MIG 4g.20gb (0),1,,13,[CUDA memcpy Host-to-Device]
14592074342,620857,272081,,,,,,,,,,456.561,735063.918,Device,,NVIDIA A100-SXM4-40GB MIG 4g.20gb (0),1,,13,[CUDA memset]
14592703518,57728,272086,,,,,,,,,,1.235,21391.700,Pinned,Device,NVIDIA A100-SXM4-40GB MIG 4g.20gb (0),1,,13,[CUDA memcpy Host-to-Device]
14592763710,9920,272087,,,,,,,,,,0.197,19819.266,Pinned,Device,NVIDIA A100-SXM4-40GB MIG 4g.20gb (0),1,,13,[CUDA memcpy Host-to-Device]
14592931836,22976,272088,69,4,1,48,1,1,76,0.002,0.000,,,,,NVIDIA A100-SXM4-40GB MIG 4g.20gb (0),1,,13,"void ch_est::windowedChEstPreNoDftSOfdmKernel<float, __half, float, (unsigned int)2, (unsigned int)1, (unsigned short)4>(ch_est::puschRxChEstStatDescr_t *, ch_est::puschRxChEstDynDescr_t *)"
14593142297,26752,272089,137,2,1,24,2,1,44,0.001,0.001,,,,,NVIDIA A100-SXM4-40GB MIG 4g.20gb (0),1,,13,"void ch_est::chEstFilterNoDftSOfdmDispatchKernel<float, __half, float, (unsigned int)2>(ch_est::puschRxChEstStatDescr_t *, ch_est::puschRxChEstDynDescr_t *)"
14593344023,40288,272090,137,2,1,24,2,1,44,0.001,0.001,,,,,NVIDIA A100-SXM4-40GB MIG 4g.20gb (0),1,,13,"void ch_est::chEstFilterNoDftSOfdmDispatchKernel<float, __half, float, (unsigned int)2>(ch_est::puschRxChEstStatDescr_t *, ch_est::puschRxChEstDynDescr_t *)"
14593601428,7008,272101,103,1,1,128,1,1,16,0.000,0.000,,,,,NVIDIA A100-SXM4-40GB MIG 4g.20gb (0),1,,13,cupy_copy__complex64_complex64
14593802898,18784,272111,1434,1,1,128,1,1,16,0.000,0.000,,,,,NVIDIA A100-SXM4-40GB MIG 4g.20gb (0),1,,13,cupy_copy__complex64_complex64
14594237741,6880,272118,103,1,1,128,1,1,16,0.000,0.000,,,,,NVIDIA A100-SXM4-40GB MIG 4g.20gb (0),1,,13,cupy_copy__complex64_complex64
14594454187,206941,272125,1,1,1,32,32,1,30,0.000,0.000,,,,,NVIDIA A100-SXM4-40GB MIG 4g.20gb (0),1,,13,"void convert_kernel<__half2, float2>(tensor_layout_any, T1 *, tensor_layout_any, const T2 *)"
14594692136,5536,272128,,,,,,,,,,0.094,16924.777,Pinned,Device,NVIDIA A100-SXM4-40GB MIG 4g.20gb (0),1,,13,[CUDA memcpy Host-to-Device]
14595023108,54720,272129,,,,,,,,,,35.810,654390.478,Device,,NVIDIA A100-SXM4-40GB MIG 4g.20gb (0),1,,13,[CUDA memset]
14595084292,1824,272131,,,,,,,,,,0.000,43.860,Pinned,Device,NVIDIA A100-SXM4-40GB MIG 4g.20gb (0),1,,13,[CUDA memcpy Host-to-Device]
14595089220,13887,272132,,,,,,,,,,0.197,14157.545,Pinned,Device,NVIDIA A100-SXM4-40GB MIG 4g.20gb (0),1,,13,[CUDA memcpy Host-to-Device]
14595311649,30240,272133,273,1,1,48,1,1,40,0.000,0.001,,,,,NVIDIA A100-SXM4-40GB MIG 4g.20gb (0),1,,13,"void pusch_noise_intf_est::noiseIntfEstNoDftSOfdmKernel<float, __half, float, float, (unsigned int)2, (unsigned int)1, (unsigned char)4, (unsigned char)4>(pusch_noise_intf_est::puschRxNoiseIntfEstDynDescr)"
14595541310,10880,272144,35,1,1,128,1,1,16,0.000,0.000,,,,,NVIDIA A100-SXM4-40GB MIG 4g.20gb (0),1,,13,cupy_copy__complex64_complex64
14595755964,5824,272153,1,1,1,1,1,1,18,0.000,0.000,,,,,NVIDIA A100-SXM4-40GB MIG 4g.20gb (0),1,,13,cupy_copy__float32_float32
14595767292,1600,272159,,,,,,,,,,0.000,2.500,Device,Pageable,NVIDIA A100-SXM4-40GB MIG 4g.20gb (0),1,,7,[CUDA memcpy Device-to-Host]
14596012633,23072,272170,1434,1,1,128,1,1,16,0.000,0.000,,,,,NVIDIA A100-SXM4-40GB MIG 4g.20gb (0),1,,13,cupy_copy__complex64_complex64
14596218775,8672,272177,103,1,1,128,1,1,16,0.000,0.000,,,,,NVIDIA A100-SXM4-40GB MIG 4g.20gb (0),1,,13,cupy_copy__complex64_complex64
14596419957,3744,272184,35,1,1,128,1,1,16,0.000,0.000,,,,,NVIDIA A100-SXM4-40GB MIG 4g.20gb (0),1,,13,cupy_copy__complex64_complex64
14596655506,4832,272191,1,1,1,1,1,1,18,0.000,0.000,,,,,NVIDIA A100-SXM4-40GB MIG 4g.20gb (0),1,,13,cupy_copy__float32_float32
14596922319,244733,272202,1,1,1,32,32,1,30,0.000,0.000,,,,,NVIDIA A100-SXM4-40GB MIG 4g.20gb (0),1,,13,"void convert_kernel<__half2, float2>(tensor_layout_any, T1 *, tensor_layout_any, const T2 *)"
14597200172,5472,272205,,,,,,,,,,0.094,17122.757,Pinned,Device,NVIDIA A100-SXM4-40GB MIG 4g.20gb (0),1,,13,[CUDA memcpy Host-to-Device]
14597404521,4704,272206,,,,,,,,,,1.547,328789.063,Device,,NVIDIA A100-SXM4-40GB MIG 4g.20gb (0),1,,13,[CUDA memset]
14597414857,7680,272211,,,,,,,,,,0.031,4074.990,Pinned,Device,NVIDIA A100-SXM4-40GB MIG 4g.20gb (0),1,,13,[CUDA memcpy Host-to-Device]
14597425001,12480,272212,,,,,,,,,,0.197,15753.806,Pinned,Device,NVIDIA A100-SXM4-40GB MIG 4g.20gb (0),1,,13,[CUDA memcpy Host-to-Device]
14597548136,30111,272213,273,1,1,8,4,1,39,0.002,0.000,,,,,NVIDIA A100-SXM4-40GB MIG 4g.20gb (0),1,,13,"void channel_eq::eqMmseCoefCompLowMimoKernel<float, float, float, (unsigned int)4, (unsigned int)1, (unsigned int)4>(const channel_eq::_puschRxChEqStatDescr *, channel_eq::_puschRxChEqCoefCompDynDescr)"
14597867204,27616,272214,273,1,1,12,11,1,51,0.002,0.000,,,,,NVIDIA A100-SXM4-40GB MIG 4g.20gb (0),1,,13,"void channel_eq::eqMmseSoftDemapKernel<float, __half, __half, float, (unsigned int)4, (unsigned short)16383>(channel_eq::_puschRxChEqStatDescr *, channel_eq::_puschRxChEqSoftDemapDynDescr)"
14598087170,688504,272215,1,1,1,32,32,1,30,0.000,0.000,,,,,NVIDIA A100-SXM4-40GB MIG 4g.20gb (0),1,,13,"void convert_kernel<float2, __half2>(tensor_layout_any, T1 *, tensor_layout_any, const T2 *)"
14598944664,22560,272227,2253,1,1,128,1,1,16,0.000,0.000,,,,,NVIDIA A100-SXM4-40GB MIG 4g.20gb (0),1,,13,cupy_copy__float16_float16
14599143734,4896,272236,282,1,1,128,1,1,16,0.000,0.000,,,,,NVIDIA A100-SXM4-40GB MIG 4g.20gb (0),1,,13,cupy_copy__complex64_complex64
14599285460,7040,272245,26,1,1,128,1,1,16,0.000,0.000,,,,,NVIDIA A100-SXM4-40GB MIG 4g.20gb (0),1,,13,cupy_copy__float32_float32
14599481650,15520,272254,103,1,1,128,1,1,16,0.000,0.000,,,,,NVIDIA A100-SXM4-40GB MIG 4g.20gb (0),1,,13,cupy_copy__complex64_complex64
14599798286,19296,272264,1434,1,1,128,1,1,16,0.000,0.000,,,,,NVIDIA A100-SXM4-40GB MIG 4g.20gb (0),1,,13,cupy_copy__complex64_complex64
14600001324,224798,272269,1,1,1,32,32,1,30,0.000,0.000,,,,,NVIDIA A100-SXM4-40GB MIG 4g.20gb (0),1,,13,"void convert_kernel<__half2, float2>(tensor_layout_any, T1 *, tensor_layout_any, const T2 *)"
14600261193,8640,272272,,,,,,,,,,0.094,10844.375,Pinned,Device,NVIDIA A100-SXM4-40GB MIG 4g.20gb (0),1,,13,[CUDA memcpy Host-to-Device]
14600674533,615033,272273,,,,,,,,,,456.561,741912.340,Device,,NVIDIA A100-SXM4-40GB MIG 4g.20gb (0),1,,13,[CUDA memset]
14601291582,59679,272278,,,,,,,,,,1.235,20692.722,Pinned,Device,NVIDIA A100-SXM4-40GB MIG 4g.20gb (0),1,,13,[CUDA memcpy Host-to-Device]
14601357021,10592,272279,,,,,,,,,,0.197,18561.761,Pinned,Device,NVIDIA A100-SXM4-40GB MIG 4g.20gb (0),1,,13,[CUDA memcpy Host-to-Device]
14601525979,22688,272280,69,4,1,48,1,1,76,0.002,0.000,,,,,NVIDIA A100-SXM4-40GB MIG 4g.20gb (0),1,,13,"void ch_est::windowedChEstPreNoDftSOfdmKernel<float, __half, float, (unsigned int)2, (unsigned int)1, (unsigned short)4>(ch_est::puschRxChEstStatDescr_t *, ch_est::puschRxChEstDynDescr_t *)"
14602000662,27039,272281,137,2,1,24,2,1,44,0.001,0.001,,,,,NVIDIA A100-SXM4-40GB MIG 4g.20gb (0),1,,13,"void ch_est::chEstFilterNoDftSOfdmDispatchKernel<float, __half, float, (unsigned int)2>(ch_est::puschRxChEstStatDescr_t *, ch_est::puschRxChEstDynDescr_t *)"
14602198547,50272,272282,137,2,1,24,2,1,44,0.001,0.001,,,,,NVIDIA A100-SXM4-40GB MIG 4g.20gb (0),1,,13,"void ch_est::chEstFilterNoDftSOfdmDispatchKernel<float, __half, float, (unsigned int)2>(ch_est::puschRxChEstStatDescr_t *, ch_est::puschRxChEstDynDescr_t *)"
14602403249,4032,272293,103,1,1,128,1,1,16,0.000,0.000,,,,,NVIDIA A100-SXM4-40GB MIG 4g.20gb (0),1,,13,cupy_copy__complex64_complex64
14602558735,17440,272303,1434,1,1,128,1,1,16,0.000,0.000,,,,,NVIDIA A100-SXM4-40GB MIG 4g.20gb (0),1,,13,cupy_copy__complex64_complex64
14602772205,11488,272310,103,1,1,128,1,1,16,0.000,0.000,,,,,NVIDIA A100-SXM4-40GB MIG 4g.20gb (0),1,,13,cupy_copy__complex64_complex64
14602980363,260637,272317,1,1,1,32,32,1,30,0.000,0.000,,,,,NVIDIA A100-SXM4-40GB MIG 4g.20gb (0),1,,13,"void convert_kernel<__half2, float2>(tensor_layout_any, T1 *, tensor_layout_any, const T2 *)"
14603270727,5856,272320,,,,,,,,,,0.094,15999.997,Pinned,Device,NVIDIA A100-SXM4-40GB MIG 4g.20gb (0),1,,13,[CUDA memcpy Host-to-Device]
14603481317,56959,272321,,,,,,,,,,35.810,628678.956,Device,,NVIDIA A100-SXM4-40GB MIG 4g.20gb (0),1,,13,[CUDA memset]
14603548228,2592,272323,,,,,,,,,,0.000,30.864,Pinned,Device,NVIDIA A100-SXM4-40GB MIG 4g.20gb (0),1,,13,[CUDA memcpy Host-to-Device]
14603553252,9632,272324,,,,,,,,,,0.197,20411.843,Pinned,Device,NVIDIA A100-SXM4-40GB MIG 4g.20gb (0),1,,13,[CUDA memcpy Host-to-Device]
14603779202,52767,272325,273,1,1,48,1,1,40,0.000,0.001,,,,,NVIDIA A100-SXM4-40GB MIG 4g.20gb (0),1,,13,"void pusch_noise_intf_est::noiseIntfEstNoDftSOfdmKernel<float, __half, float, float, (unsigned int)2, (unsigned int)1, (unsigned char)4, (unsigned char)4>(pusch_noise_intf_est::puschRxNoiseIntfEstDynDescr)"
14603974783,3808,272336,35,1,1,128,1,1,16,0.000,0.000,,,,,NVIDIA A100-SXM4-40GB MIG 4g.20gb (0),1,,13,cupy_copy__complex64_complex64
14604187933,4800,272345,1,1,1,1,1,1,18,0.000,0.000,,,,,NVIDIA A100-SXM4-40GB MIG 4g.20gb (0),1,,13,cupy_copy__float32_float32
14604201821,1856,272351,,,,,,,,,,0.000,2.155,Device,Pageable,NVIDIA A100-SXM4-40GB MIG 4g.20gb (0),1,,7,[CUDA memcpy Device-to-Host]
14604491802,19359,272362,1434,1,1,128,1,1,16,0.000,0.000,,,,,NVIDIA A100-SXM4-40GB MIG 4g.20gb (0),1,,13,cupy_copy__complex64_complex64
14604706103,12032,272369,103,1,1,128,1,1,16,0.000,0.000,,,,,NVIDIA A100-SXM4-40GB MIG 4g.20gb (0),1,,13,cupy_copy__complex64_complex64
14604908245,13664,272376,35,1,1,128,1,1,16,0.000,0.000,,,,,NVIDIA A100-SXM4-40GB MIG 4g.20gb (0),1,,13,cupy_copy__complex64_complex64
14605136882,3072,272383,1,1,1,1,1,1,18,0.000,0.000,,,,,NVIDIA A100-SXM4-40GB MIG 4g.20gb (0),1,,13,cupy_copy__float32_float32
14605344144,253533,272394,1,1,1,32,32,1,30,0.000,0.000,,,,,NVIDIA A100-SXM4-40GB MIG 4g.20gb (0),1,,13,"void convert_kernel<__half2, float2>(tensor_layout_any, T1 *, tensor_layout_any, const T2 *)"
14605628077,11904,272397,,,,,,,,,,0.094,7870.932,Pinned,Device,NVIDIA A100-SXM4-40GB MIG 4g.20gb (0),1,,13,[CUDA memcpy Host-to-Device]
14605869418,19200,272398,,,,,,,,,,1.547,80552.818,Device,,NVIDIA A100-SXM4-40GB MIG 4g.20gb (0),1,,13,[CUDA memset]
14605889418,6400,272403,,,,,,,,,,0.031,4890.000,Pinned,Device,NVIDIA A100-SXM4-40GB MIG 4g.20gb (0),1,,13,[CUDA memcpy Host-to-Device]
14605901482,13568,272404,,,,,,,,,,0.197,14490.403,Pinned,Device,NVIDIA A100-SXM4-40GB MIG 4g.20gb (0),1,,13,[CUDA memcpy Host-to-Device]
14606064776,43839,272405,273,1,1,8,4,1,39,0.002,0.000,,,,,NVIDIA A100-SXM4-40GB MIG 4g.20gb (0),1,,13,"void channel_eq::eqMmseCoefCompLowMimoKernel<float, float, float, (unsigned int)4, (unsigned int)1, (unsigned int)4>(const channel_eq::_puschRxChEqStatDescr *, channel_eq::_puschRxChEqCoefCompDynDescr)"
14606399428,37248,272406,273,1,1,12,11,1,51,0.002,0.000,,,,,NVIDIA A100-SXM4-40GB MIG 4g.20gb (0),1,,13,"void channel_eq::eqMmseSoftDemapKernel<float, __half, __half, float, (unsigned int)4, (unsigned short)16383>(channel_eq::_puschRxChEqStatDescr *, channel_eq::_puschRxChEqSoftDemapDynDescr)"
14606604386,575513,272407,1,1,1,32,32,1,30,0.000,0.000,,,,,NVIDIA A100-SXM4-40GB MIG 4g.20gb (0),1,,13,"void convert_kernel<float2, __half2>(tensor_layout_any, T1 *, tensor_layout_any, const T2 *)"
14607378745,22432,272419,2253,1,1,128,1,1,16,0.000,0.000,,,,,NVIDIA A100-SXM4-40GB MIG 4g.20gb (0),1,,13,cupy_copy__float16_float16
14607488216,17440,272428,282,1,1,128,1,1,16,0.000,0.000,,,,,NVIDIA A100-SXM4-40GB MIG 4g.20gb (0),1,,13,cupy_copy__complex64_complex64
14607737173,5888,272437,26,1,1,128,1,1,16,0.000,0.000,,,,,NVIDIA A100-SXM4-40GB MIG 4g.20gb (0),1,,13,cupy_copy__float32_float32
14607935699,15296,272446,103,1,1,128,1,1,16,0.000,0.000,,,,,NVIDIA A100-SXM4-40GB MIG 4g.20gb (0),1,,13,cupy_copy__complex64_complex64
14608332718,17792,272456,1434,1,1,128,1,1,16,0.000,0.000,,,,,NVIDIA A100-SXM4-40GB MIG 4g.20gb (0),1,,13,cupy_copy__complex64_complex64
14608534860,217630,272461,1,1,1,32,32,1,30,0.000,0.000,,,,,NVIDIA A100-SXM4-40GB MIG 4g.20gb (0),1,,13,"void convert_kernel<__half2, float2>(tensor_layout_any, T1 *, tensor_layout_any, const T2 *)"
14608783337,11488,272464,,,,,,,,,,0.094,8155.956,Pinned,Device,NVIDIA A100-SXM4-40GB MIG 4g.20gb (0),1,,13,[CUDA memcpy Host-to-Device]
14609057542,622681,272465,,,,,,,,,,456.561,732781.111,Device,,NVIDIA A100-SXM4-40GB MIG 4g.20gb (0),1,,13,[CUDA memset]
14609688671,65663,272470,,,,,,,,,,1.235,18806.962,Pinned,Device,NVIDIA A100-SXM4-40GB MIG 4g.20gb (0),1,,13,[CUDA memcpy Host-to-Device]
14609756798,10048,272471,,,,,,,,,,0.197,19566.821,Pinned,Device,NVIDIA A100-SXM4-40GB MIG 4g.20gb (0),1,,13,[CUDA memcpy Host-to-Device]
14609953372,21376,272472,69,4,1,48,1,1,76,0.002,0.000,,,,,NVIDIA A100-SXM4-40GB MIG 4g.20gb (0),1,,13,"void ch_est::windowedChEstPreNoDftSOfdmKernel<float, __half, float, (unsigned int)2, (unsigned int)1, (unsigned short)4>(ch_est::puschRxChEstStatDescr_t *, ch_est::puschRxChEstDynDescr_t *)"
14610210169,21728,272473,137,2,1,24,2,1,44,0.001,0.001,,,,,NVIDIA A100-SXM4-40GB MIG 4g.20gb (0),1,,13,"void ch_est::chEstFilterNoDftSOfdmDispatchKernel<float, __half, float, (unsigned int)2>(ch_est::puschRxChEstStatDescr_t *, ch_est::puschRxChEstDynDescr_t *)"
14610418199,26752,272474,137,2,1,24,2,1,44,0.001,0.001,,,,,NVIDIA A100-SXM4-40GB MIG 4g.20gb (0),1,,13,"void ch_est::chEstFilterNoDftSOfdmDispatchKernel<float, __half, float, (unsigned int)2>(ch_est::puschRxChEstStatDescr_t *, ch_est::puschRxChEstDynDescr_t *)"
14610616085,8255,272485,103,1,1,128,1,1,16,0.000,0.000,,,,,NVIDIA A100-SXM4-40GB MIG 4g.20gb (0),1,,13,cupy_copy__complex64_complex64
14610813778,19424,272495,1434,1,1,128,1,1,16,0.000,0.000,,,,,NVIDIA A100-SXM4-40GB MIG 4g.20gb (0),1,,13,cupy_copy__complex64_complex64
14610972529,6751,272502,103,1,1,128,1,1,16,0.000,0.000,,,,,NVIDIA A100-SXM4-40GB MIG 4g.20gb (0),1,,13,cupy_copy__complex64_complex64
14611189422,261501,272509,1,1,1,32,32,1,30,0.000,0.000,,,,,NVIDIA A100-SXM4-40GB MIG 4g.20gb (0),1,,13,"void convert_kernel<__half2, float2>(tensor_layout_any, T1 *, tensor_layout_any, const T2 *)"
14611480971,6880,272512,,,,,,,,,,0.094,13618.526,Pinned,Device,NVIDIA A100-SXM4-40GB MIG 4g.20gb (0),1,,13,[CUDA memcpy Host-to-Device]
14611728424,56031,272513,,,,,,,,,,35.810,639099.642,Device,,NVIDIA A100-SXM4-40GB MIG 4g.20gb (0),1,,13,[CUDA memset]
14611790663,2816,272515,,,,,,,,,,0.000,28.409,Pinned,Device,NVIDIA A100-SXM4-40GB MIG 4g.20gb (0),1,,13,[CUDA memcpy Host-to-Device]
14611795879,16928,272516,,,,,,,,,,0.197,11614.224,Pinned,Device,NVIDIA A100-SXM4-40GB MIG 4g.20gb (0),1,,13,[CUDA memcpy Host-to-Device]
14612017829,28543,272517,273,1,1,48,1,1,40,0.000,0.001,,,,,NVIDIA A100-SXM4-40GB MIG 4g.20gb (0),1,,13,"void pusch_noise_intf_est::noiseIntfEstNoDftSOfdmKernel<float, __half, float, float, (unsigned int)2, (unsigned int)1, (unsigned char)4, (unsigned char)4>(pusch_noise_intf_est::puschRxNoiseIntfEstDynDescr)"
14612249986,11840,272528,35,1,1,128,1,1,16,0.000,0.000,,,,,NVIDIA A100-SXM4-40GB MIG 4g.20gb (0),1,,13,cupy_copy__complex64_complex64
14612452192,8512,272537,1,1,1,1,1,1,18,0.000,0.000,,,,,NVIDIA A100-SXM4-40GB MIG 4g.20gb (0),1,,13,cupy_copy__float32_float32
14612463072,1760,272543,,,,,,,,,,0.000,2.273,Device,Pageable,NVIDIA A100-SXM4-40GB MIG 4g.20gb (0),1,,7,[CUDA memcpy Device-to-Host]
14612733949,18656,272554,1434,1,1,128,1,1,16,0.000,0.000,,,,,NVIDIA A100-SXM4-40GB MIG 4g.20gb (0),1,,13,cupy_copy__complex64_complex64
14612941338,12160,272561,103,1,1,128,1,1,16,0.000,0.000,,,,,NVIDIA A100-SXM4-40GB MIG 4g.20gb (0),1,,13,cupy_copy__complex64_complex64
14613141592,16032,272568,35,1,1,128,1,1,16,0.000,0.000,,,,,NVIDIA A100-SXM4-40GB MIG 4g.20gb (0),1,,13,cupy_copy__complex64_complex64
14613348534,3232,272575,1,1,1,1,1,1,18,0.000,0.000,,,,,NVIDIA A100-SXM4-40GB MIG 4g.20gb (0),1,,13,cupy_copy__float32_float32
14613528756,247485,272586,1,1,1,32,32,1,30,0.000,0.000,,,,,NVIDIA A100-SXM4-40GB MIG 4g.20gb (0),1,,13,"void convert_kernel<__half2, float2>(tensor_layout_any, T1 *, tensor_layout_any, const T2 *)"
14613806737,12511,272589,,,,,,,,,,0.094,7489.028,Pinned,Device,NVIDIA A100-SXM4-40GB MIG 4g.20gb (0),1,,13,[CUDA memcpy Host-to-Device]
14614131949,12576,272590,,,,,,,,,,1.547,122981.354,Device,,NVIDIA A100-SXM4-40GB MIG 4g.20gb (0),1,,13,[CUDA memset]
14614146509,8160,272595,,,,,,,,,,0.031,3835.294,Pinned,Device,NVIDIA A100-SXM4-40GB MIG 4g.20gb (0),1,,13,[CUDA memcpy Host-to-Device]
14614161933,13759,272596,,,,,,,,,,0.197,14289.273,Pinned,Device,NVIDIA A100-SXM4-40GB MIG 4g.20gb (0),1,,13,[CUDA memcpy Host-to-Device]
14614527401,31039,272597,273,1,1,8,4,1,39,0.002,0.000,,,,,NVIDIA A100-SXM4-40GB MIG 4g.20gb (0),1,,13,"void channel_eq::eqMmseCoefCompLowMimoKernel<float, float, float, (unsigned int)4, (unsigned int)1, (unsigned int)4>(const channel_eq::_puschRxChEqStatDescr *, channel_eq::_puschRxChEqCoefCompDynDescr)"
14614733638,36320,272598,273,1,1,12,11,1,51,0.002,0.000,,,,,NVIDIA A100-SXM4-40GB MIG 4g.20gb (0),1,,13,"void channel_eq::eqMmseSoftDemapKernel<float, __half, __half, float, (unsigned int)4, (unsigned short)16383>(channel_eq::_puschRxChEqStatDescr *, channel_eq::_puschRxChEqSoftDemapDynDescr)"
14614938148,581497,272599,1,1,1,32,32,1,30,0.000,0.000,,,,,NVIDIA A100-SXM4-40GB MIG 4g.20gb (0),1,,13,"void convert_kernel<float2, __half2>(tensor_layout_any, T1 *, tensor_layout_any, const T2 *)"
14615718907,17184,272611,2253,1,1,128,1,1,16,0.000,0.000,,,,,NVIDIA A100-SXM4-40GB MIG 4g.20gb (0),1,,13,cupy_copy__float16_float16
14615922137,4864,272620,282,1,1,128,1,1,16,0.000,0.000,,,,,NVIDIA A100-SXM4-40GB MIG 4g.20gb (0),1,,13,cupy_copy__complex64_complex64
14616063703,8160,272629,26,1,1,128,1,1,16,0.000,0.000,,,,,NVIDIA A100-SXM4-40GB MIG 4g.20gb (0),1,,13,cupy_copy__float32_float32
14616261301,15776,272638,103,1,1,128,1,1,16,0.000,0.000,,,,,NVIDIA A100-SXM4-40GB MIG 4g.20gb (0),1,,13,cupy_copy__complex64_complex64
14616575217,19552,272648,1434,1,1,128,1,1,16,0.000,0.000,,,,,NVIDIA A100-SXM4-40GB MIG 4g.20gb (0),1,,13,cupy_copy__complex64_complex64
14616777807,224958,272653,1,1,1,32,32,1,30,0.000,0.000,,,,,NVIDIA A100-SXM4-40GB MIG 4g.20gb (0),1,,13,"void convert_kernel<__half2, float2>(tensor_layout_any, T1 *, tensor_layout_any, const T2 *)"
14617035532,12480,272656,,,,,,,,,,0.094,7507.673,Pinned,Device,NVIDIA A100-SXM4-40GB MIG 4g.20gb (0),1,,13,[CUDA memcpy Host-to-Device]
14617177291,615577,272657,,,,,,,,,,456.561,741455.779,Device,,NVIDIA A100-SXM4-40GB MIG 4g.20gb (0),1,,13,[CUDA memset]
14617797988,57023,272662,,,,,,,,,,1.235,21655.978,Pinned,Device,NVIDIA A100-SXM4-40GB MIG 4g.20gb (0),1,,13,[CUDA memcpy Host-to-Device]
14617857475,10464,272663,,,,,,,,,,0.197,18788.844,Pinned,Device,NVIDIA A100-SXM4-40GB MIG 4g.20gb (0),1,,13,[CUDA memcpy Host-to-Device]
14618026593,20896,272664,69,4,1,48,1,1,76,0.002,0.000,,,,,NVIDIA A100-SXM4-40GB MIG 4g.20gb (0),1,,13,"void ch_est::windowedChEstPreNoDftSOfdmKernel<float, __half, float, (unsigned int)2, (unsigned int)1, (unsigned short)4>(ch_est::puschRxChEstStatDescr_t *, ch_est::puschRxChEstDynDescr_t *)"
14618242271,25855,272665,137,2,1,24,2,1,44,0.001,0.001,,,,,NVIDIA A100-SXM4-40GB MIG 4g.20gb (0),1,,13,"void ch_est::chEstFilterNoDftSOfdmDispatchKernel<float, __half, float, (unsigned int)2>(ch_est::puschRxChEstStatDescr_t *, ch_est::puschRxChEstDynDescr_t *)"
14618642682,48320,272666,137,2,1,24,2,1,44,0.001,0.001,,,,,NVIDIA A100-SXM4-40GB MIG 4g.20gb (0),1,,13,"void ch_est::chEstFilterNoDftSOfdmDispatchKernel<float, __half, float, (unsigned int)2>(ch_est::puschRxChEstStatDescr_t *, ch_est::puschRxChEstDynDescr_t *)"
14618843544,4160,272677,103,1,1,128,1,1,16,0.000,0.000,,,,,NVIDIA A100-SXM4-40GB MIG 4g.20gb (0),1,,13,cupy_copy__complex64_complex64
14619204340,17664,272687,1434,1,1,128,1,1,16,0.000,0.000,,,,,NVIDIA A100-SXM4-40GB MIG 4g.20gb (0),1,,13,cupy_copy__complex64_complex64
14619417041,13408,272694,103,1,1,128,1,1,16,0.000,0.000,,,,,NVIDIA A100-SXM4-40GB MIG 4g.20gb (0),1,,13,cupy_copy__complex64_complex64
14619624911,256061,272701,1,1,1,32,32,1,30,0.000,0.000,,,,,NVIDIA A100-SXM4-40GB MIG 4g.20gb (0),1,,13,"void convert_kernel<__half2, float2>(tensor_layout_any, T1 *, tensor_layout_any, const T2 *)"
14619914732,5760,272704,,,,,,,,,,0.094,16266.656,Pinned,Device,NVIDIA A100-SXM4-40GB MIG 4g.20gb (0),1,,13,[CUDA memcpy Host-to-Device]
14620121801,57152,272705,,,,,,,,,,35.810,626566.170,Device,,NVIDIA A100-SXM4-40GB MIG 4g.20gb (0),1,,13,[CUDA memset]
14620185609,1824,272707,,,,,,,,,,0.000,43.860,Pinned,Device,NVIDIA A100-SXM4-40GB MIG 4g.20gb (0),1,,13,[CUDA memcpy Host-to-Device]
14620194057,9920,272708,,,,,,,,,,0.197,19819.266,Pinned,Device,NVIDIA A100-SXM4-40GB MIG 4g.20gb (0),1,,13,[CUDA memcpy Host-to-Device]
14620415462,52224,272709,273,1,1,48,1,1,40,0.000,0.001,,,,,NVIDIA A100-SXM4-40GB MIG 4g.20gb (0),1,,13,"void pusch_noise_intf_est::noiseIntfEstNoDftSOfdmKernel<float, __half, float, float, (unsigned int)2, (unsigned int)1, (unsigned char)4, (unsigned char)4>(pusch_noise_intf_est::puschRxNoiseIntfEstDynDescr)"
14620610148,3776,272720,35,1,1,128,1,1,16,0.000,0.000,,,,,NVIDIA A100-SXM4-40GB MIG 4g.20gb (0),1,,13,cupy_copy__complex64_complex64
14620822434,3968,272729,1,1,1,1,1,1,18,0.000,0.000,,,,,NVIDIA A100-SXM4-40GB MIG 4g.20gb (0),1,,13,cupy_copy__float32_float32
14620829857,2112,272735,,,,,,,,,,0.000,1.894,Device,Pageable,NVIDIA A100-SXM4-40GB MIG 4g.20gb (0),1,,7,[CUDA memcpy Device-to-Host]
14621127134,18624,272746,1434,1,1,128,1,1,16,0.000,0.000,,,,,NVIDIA A100-SXM4-40GB MIG 4g.20gb (0),1,,13,cupy_copy__complex64_complex64
14621338716,11392,272753,103,1,1,128,1,1,16,0.000,0.000,,,,,NVIDIA A100-SXM4-40GB MIG 4g.20gb (0),1,,13,cupy_copy__complex64_complex64
14621540825,16800,272760,35,1,1,128,1,1,16,0.000,0.000,,,,,NVIDIA A100-SXM4-40GB MIG 4g.20gb (0),1,,13,cupy_copy__complex64_complex64
14621772375,3264,272767,1,1,1,1,1,1,18,0.000,0.000,,,,,NVIDIA A100-SXM4-40GB MIG 4g.20gb (0),1,,13,cupy_copy__float32_float32
14622200690,254045,272778,1,1,1,32,32,1,30,0.000,0.000,,,,,NVIDIA A100-SXM4-40GB MIG 4g.20gb (0),1,,13,"void convert_kernel<__half2, float2>(tensor_layout_any, T1 *, tensor_layout_any, const T2 *)"
14622487567,8448,272781,,,,,,,,,,0.094,11090.889,Pinned,Device,NVIDIA A100-SXM4-40GB MIG 4g.20gb (0),1,,13,[CUDA memcpy Host-to-Device]
14622889194,9568,272782,,,,,,,,,,1.547,161645.407,Device,,NVIDIA A100-SXM4-40GB MIG 4g.20gb (0),1,,13,[CUDA memset]
14622904010,6304,272787,,,,,,,,,,0.031,4964.453,Pinned,Device,NVIDIA A100-SXM4-40GB MIG 4g.20gb (0),1,,13,[CUDA memcpy Host-to-Device]
14622913162,9792,272788,,,,,,,,,,0.197,20078.395,Pinned,Device,NVIDIA A100-SXM4-40GB MIG 4g.20gb (0),1,,13,[CUDA memcpy Host-to-Device]
14623121224,28767,272789,273,1,1,8,4,1,39,0.002,0.000,,,,,NVIDIA A100-SXM4-40GB MIG 4g.20gb (0),1,,13,"void channel_eq::eqMmseCoefCompLowMimoKernel<float, float, float, (unsigned int)4, (unsigned int)1, (unsigned int)4>(const channel_eq::_puschRxChEqStatDescr *, channel_eq::_puschRxChEqCoefCompDynDescr)"
14623441924,28736,272790,273,1,1,12,11,1,51,0.002,0.000,,,,,NVIDIA A100-SXM4-40GB MIG 4g.20gb (0),1,,13,"void channel_eq::eqMmseSoftDemapKernel<float, __half, __half, float, (unsigned int)4, (unsigned short)16383>(channel_eq::_puschRxChEqStatDescr *, channel_eq::_puschRxChEqSoftDemapDynDescr)"
14623695137,693720,272791,1,1,1,32,32,1,30,0.000,0.000,,,,,NVIDIA A100-SXM4-40GB MIG 4g.20gb (0),1,,13,"void convert_kernel<float2, __half2>(tensor_layout_any, T1 *, tensor_layout_any, const T2 *)"
14624596951,16736,272803,2253,1,1,128,1,1,16,0.000,0.000,,,,,NVIDIA A100-SXM4-40GB MIG 4g.20gb (0),1,,13,cupy_copy__float16_float16
14624806229,14080,272812,282,1,1,128,1,1,16,0.000,0.000,,,,,NVIDIA A100-SXM4-40GB MIG 4g.20gb (0),1,,13,cupy_copy__complex64_complex64
14624990931,7200,272821,26,1,1,128,1,1,16,0.000,0.000,,,,,NVIDIA A100-SXM4-40GB MIG 4g.20gb (0),1,,13,cupy_copy__float32_float32
14625171985,5088,272830,103,1,1,128,1,1,16,0.000,0.000,,,,,NVIDIA A100-SXM4-40GB MIG 4g.20gb (0),1,,13,cupy_copy__complex64_complex64
14625428526,19455,272840,1434,1,1,128,1,1,16,0.000,0.000,,,,,NVIDIA A100-SXM4-40GB MIG 4g.20gb (0),1,,13,cupy_copy__complex64_complex64
14625647819,270141,272845,1,1,1,32,32,1,30,0.000,0.000,,,,,NVIDIA A100-SXM4-40GB MIG 4g.20gb (0),1,,13,"void convert_kernel<__half2, float2>(tensor_layout_any, T1 *, tensor_layout_any, const T2 *)"
14625948744,5440,272848,,,,,,,,,,0.094,17223.480,Pinned,Device,NVIDIA A100-SXM4-40GB MIG 4g.20gb (0),1,,13,[CUDA memcpy Host-to-Device]
14626168357,621433,272849,,,,,,,,,,456.561,734607.357,Device,,NVIDIA A100-SXM4-40GB MIG 4g.20gb (0),1,,13,[CUDA memset]
14626798398,53376,272854,,,,,,,,,,1.235,23136.676,Pinned,Device,NVIDIA A100-SXM4-40GB MIG 4g.20gb (0),1,,13,[CUDA memcpy Host-to-Device]
14626854526,10495,272855,,,,,,,,,,0.197,18733.400,Pinned,Device,NVIDIA A100-SXM4-40GB MIG 4g.20gb (0),1,,13,[CUDA memcpy Host-to-Device]
14627022908,21503,272856,69,4,1,48,1,1,76,0.002,0.000,,,,,NVIDIA A100-SXM4-40GB MIG 4g.20gb (0),1,,13,"void ch_est::windowedChEstPreNoDftSOfdmKernel<float, __half, float, (unsigned int)2, (unsigned int)1, (unsigned short)4>(ch_est::puschRxChEstStatDescr_t *, ch_est::puschRxChEstDynDescr_t *)"
14627280537,22080,272857,137,2,1,24,2,1,44,0.001,0.001,,,,,NVIDIA A100-SXM4-40GB MIG 4g.20gb (0),1,,13,"void ch_est::chEstFilterNoDftSOfdmDispatchKernel<float, __half, float, (unsigned int)2>(ch_est::puschRxChEstStatDescr_t *, ch_est::puschRxChEstDynDescr_t *)"
14627494422,23296,272858,137,2,1,24,2,1,44,0.001,0.001,,,,,NVIDIA A100-SXM4-40GB MIG 4g.20gb (0),1,,13,"void ch_est::chEstFilterNoDftSOfdmDispatchKernel<float, __half, float, (unsigned int)2>(ch_est::puschRxChEstStatDescr_t *, ch_est::puschRxChEstDynDescr_t *)"
14627694132,10656,272869,103,1,1,128,1,1,16,0.000,0.000,,,,,NVIDIA A100-SXM4-40GB MIG 4g.20gb (0),1,,13,cupy_copy__complex64_complex64
14628027280,17888,272879,1434,1,1,128,1,1,16,0.000,0.000,,,,,NVIDIA A100-SXM4-40GB MIG 4g.20gb (0),1,,13,cupy_copy__complex64_complex64
14628139887,10144,272886,103,1,1,128,1,1,16,0.000,0.000,,,,,NVIDIA A100-SXM4-40GB MIG 4g.20gb (0),1,,13,cupy_copy__complex64_complex64
14628437548,252029,272893,1,1,1,32,32,1,30,0.000,0.000,,,,,NVIDIA A100-SXM4-40GB MIG 4g.20gb (0),1,,13,"void convert_kernel<__half2, float2>(tensor_layout_any, T1 *, tensor_layout_any, const T2 *)"
14628719465,8255,272896,,,,,,,,,,0.094,11350.146,Pinned,Device,NVIDIA A100-SXM4-40GB MIG 4g.20gb (0),1,,13,[CUDA memcpy Host-to-Device]
14629021477,63711,272897,,,,,,,,,,35.810,562036.694,Device,,NVIDIA A100-SXM4-40GB MIG 4g.20gb (0),1,,13,[CUDA memset]
14629086852,6048,272899,,,,,,,,,,0.000,13.227,Pinned,Device,NVIDIA A100-SXM4-40GB MIG 4g.20gb (0),1,,13,[CUDA memcpy Host-to-Device]
14629099364,10208,272900,,,,,,,,,,0.197,19260.113,Pinned,Device,NVIDIA A100-SXM4-40GB MIG 4g.20gb (0),1,,13,[CUDA memcpy Host-to-Device]
14629424065,34399,272901,273,1,1,48,1,1,40,0.000,0.001,,,,,NVIDIA A100-SXM4-40GB MIG 4g.20gb (0),1,,13,"void pusch_noise_intf_est::noiseIntfEstNoDftSOfdmKernel<float, __half, float, float, (unsigned int)2, (unsigned int)1, (unsigned char)4, (unsigned char)4>(pusch_noise_intf_est::puschRxNoiseIntfEstDynDescr)"
14629755133,7488,272912,35,1,1,128,1,1,16,0.000,0.000,,,,,NVIDIA A100-SXM4-40GB MIG 4g.20gb (0),1,,13,cupy_copy__complex64_complex64
14629945947,4512,272921,1,1,1,1,1,1,18,0.000,0.000,,,,,NVIDIA A100-SXM4-40GB MIG 4g.20gb (0),1,,13,cupy_copy__float32_float32
14629951131,1600,272927,,,,,,,,,,0.000,2.500,Device,Pageable,NVIDIA A100-SXM4-40GB MIG 4g.20gb (0),1,,7,[CUDA memcpy Device-to-Host]
14630282999,19392,272938,1434,1,1,128,1,1,16,0.000,0.000,,,,,NVIDIA A100-SXM4-40GB MIG 4g.20gb (0),1,,13,cupy_copy__complex64_complex64
14630582164,7680,272945,103,1,1,128,1,1,16,0.000,0.000,,,,,NVIDIA A100-SXM4-40GB MIG 4g.20gb (0),1,,13,cupy_copy__complex64_complex64
14630870000,4032,272952,35,1,1,128,1,1,16,0.000,0.000,,,,,NVIDIA A100-SXM4-40GB MIG 4g.20gb (0),1,,13,cupy_copy__complex64_complex64
14631175373,4704,272959,1,1,1,1,1,1,18,0.000,0.000,,,,,NVIDIA A100-SXM4-40GB MIG 4g.20gb (0),1,,13,cupy_copy__float32_float32
14631367371,267549,272970,1,1,1,32,32,1,30,0.000,0.000,,,,,NVIDIA A100-SXM4-40GB MIG 4g.20gb (0),1,,13,"void convert_kernel<__half2, float2>(tensor_layout_any, T1 *, tensor_layout_any, const T2 *)"
14631664487,6240,272973,,,,,,,,,,0.094,15015.346,Pinned,Device,NVIDIA A100-SXM4-40GB MIG 4g.20gb (0),1,,13,[CUDA memcpy Host-to-Device]
14632037187,13440,272974,,,,,,,,,,1.547,115075.012,Device,,NVIDIA A100-SXM4-40GB MIG 4g.20gb (0),1,,13,[CUDA memset]
14632051203,7936,272979,,,,,,,,,,0.031,3943.546,Pinned,Device,NVIDIA A100-SXM4-40GB MIG 4g.20gb (0),1,,13,[CUDA memcpy Host-to-Device]
14632062723,11424,272980,,,,,,,,,,0.197,17210.081,Pinned,Device,NVIDIA A100-SXM4-40GB MIG 4g.20gb (0),1,,13,[CUDA memcpy Host-to-Device]
14632467806,38016,272981,273,1,1,8,4,1,39,0.002,0.000,,,,,NVIDIA A100-SXM4-40GB MIG 4g.20gb (0),1,,13,"void channel_eq::eqMmseCoefCompLowMimoKernel<float, float, float, (unsigned int)4, (unsigned int)1, (unsigned int)4>(const channel_eq::_puschRxChEqStatDescr *, channel_eq::_puschRxChEqCoefCompDynDescr)"
14632914489,28448,272982,273,1,1,12,11,1,51,0.002,0.000,,,,,NVIDIA A100-SXM4-40GB MIG 4g.20gb (0),1,,13,"void channel_eq::eqMmseSoftDemapKernel<float, __half, __half, float, (unsigned int)4, (unsigned short)16383>(channel_eq::_puschRxChEqStatDescr *, channel_eq::_puschRxChEqSoftDemapDynDescr)"
14633158711,668024,272983,1,1,1,32,32,1,30,0.000,0.000,,,,,NVIDIA A100-SXM4-40GB MIG 4g.20gb (0),1,,13,"void convert_kernel<float2, __half2>(tensor_layout_any, T1 *, tensor_layout_any, const T2 *)"
14634054220,16224,272995,2253,1,1,128,1,1,16,0.000,0.000,,,,,NVIDIA A100-SXM4-40GB MIG 4g.20gb (0),1,,13,cupy_copy__float16_float16
14634300458,5024,273004,282,1,1,128,1,1,16,0.000,0.000,,,,,NVIDIA A100-SXM4-40GB MIG 4g.20gb (0),1,,13,cupy_copy__complex64_complex64
14634506151,3424,273013,26,1,1,128,1,1,16,0.000,0.000,,,,,NVIDIA A100-SXM4-40GB MIG 4g.20gb (0),1,,13,cupy_copy__float32_float32
14634694757,13696,273022,103,1,1,128,1,1,16,0.000,0.000,,,,,NVIDIA A100-SXM4-40GB MIG 4g.20gb (0),1,,13,cupy_copy__complex64_complex64
14635022690,19551,273032,1434,1,1,128,1,1,16,0.000,0.000,,,,,NVIDIA A100-SXM4-40GB MIG 4g.20gb (0),1,,13,cupy_copy__complex64_complex64
14635269535,252413,273037,1,1,1,32,32,1,30,0.000,0.000,,,,,NVIDIA A100-SXM4-40GB MIG 4g.20gb (0),1,,13,"void convert_kernel<__half2, float2>(tensor_layout_any, T1 *, tensor_layout_any, const T2 *)"
14635553180,5920,273040,,,,,,,,,,0.094,15826.941,Pinned,Device,NVIDIA A100-SXM4-40GB MIG 4g.20gb (0),1,,13,[CUDA memcpy Host-to-Device]
14635761881,618329,273041,,,,,,,,,,456.561,738259.848,Device,,NVIDIA A100-SXM4-40GB MIG 4g.20gb (0),1,,13,[CUDA memset]
14636385458,57408,273046,,,,,,,,,,1.235,21511.490,Pinned,Device,NVIDIA A100-SXM4-40GB MIG 4g.20gb (0),1,,13,[CUDA memcpy Host-to-Device]
14636449329,9984,273047,,,,,,,,,,0.197,19692.257,Pinned,Device,NVIDIA A100-SXM4-40GB MIG 4g.20gb (0),1,,13,[CUDA memcpy Host-to-Device]
14636676847,12352,273048,69,4,1,48,1,1,76,0.002,0.000,,,,,NVIDIA A100-SXM4-40GB MIG 4g.20gb (0),1,,13,"void ch_est::windowedChEstPreNoDftSOfdmKernel<float, __half, float, (unsigned int)2, (unsigned int)1, (unsigned short)4>(ch_est::puschRxChEstStatDescr_t *, ch_est::puschRxChEstDynDescr_t *)"
14636879853,23263,273049,137,2,1,24,2,1,44,0.001,0.001,,,,,NVIDIA A100-SXM4-40GB MIG 4g.20gb (0),1,,13,"void ch_est::chEstFilterNoDftSOfdmDispatchKernel<float, __half, float, (unsigned int)2>(ch_est::puschRxChEstStatDescr_t *, ch_est::puschRxChEstDynDescr_t *)"
14637132970,31359,273050,137,2,1,24,2,1,44,0.001,0.001,,,,,NVIDIA A100-SXM4-40GB MIG 4g.20gb (0),1,,13,"void ch_est::chEstFilterNoDftSOfdmDispatchKernel<float, __half, float, (unsigned int)2>(ch_est::puschRxChEstStatDescr_t *, ch_est::puschRxChEstDynDescr_t *)"
14637537605,4064,273061,103,1,1,128,1,1,16,0.000,0.000,,,,,NVIDIA A100-SXM4-40GB MIG 4g.20gb (0),1,,13,cupy_copy__complex64_complex64
14637749251,18176,273071,1434,1,1,128,1,1,16,0.000,0.000,,,,,NVIDIA A100-SXM4-40GB MIG 4g.20gb (0),1,,13,cupy_copy__complex64_complex64
14638097823,11392,273078,103,1,1,128,1,1,16,0.000,0.000,,,,,NVIDIA A100-SXM4-40GB MIG 4g.20gb (0),1,,13,cupy_copy__complex64_complex64
14638379452,246301,273085,1,1,1,32,32,1,30,0.000,0.000,,,,,NVIDIA A100-SXM4-40GB MIG 4g.20gb (0),1,,13,"void convert_kernel<__half2, float2>(tensor_layout_any, T1 *, tensor_layout_any, const T2 *)"
14638658169,8800,273088,,,,,,,,,,0.094,10647.239,Pinned,Device,NVIDIA A100-SXM4-40GB MIG 4g.20gb (0),1,,13,[CUDA memcpy Host-to-Device]
14638890614,57279,273089,,,,,,,,,,35.810,625169.583,Device,,NVIDIA A100-SXM4-40GB MIG 4g.20gb (0),1,,13,[CUDA memset]
14638955029,6176,273091,,,,,,,,,,0.000,12.953,Pinned,Device,NVIDIA A100-SXM4-40GB MIG 4g.20gb (0),1,,13,[CUDA memcpy Host-to-Device]
14638963957,9632,273092,,,,,,,,,,0.197,20411.843,Pinned,Device,NVIDIA A100-SXM4-40GB MIG 4g.20gb (0),1,,13,[CUDA memcpy Host-to-Device]
14639237458,50943,273093,273,1,1,48,1,1,40,0.000,0.001,,,,,NVIDIA A100-SXM4-40GB MIG 4g.20gb (0),1,,13,"void pusch_noise_intf_est::noiseIntfEstNoDftSOfdmKernel<float, __half, float, float, (unsigned int)2, (unsigned int)1, (unsigned char)4, (unsigned char)4>(pusch_noise_intf_est::puschRxNoiseIntfEstDynDescr)"
14639482671,4192,273104,35,1,1,128,1,1,16,0.000,0.000,,,,,NVIDIA A100-SXM4-40GB MIG 4g.20gb (0),1,,13,cupy_copy__complex64_complex64
14639706701,3232,273113,1,1,1,1,1,1,18,0.000,0.000,,,,,NVIDIA A100-SXM4-40GB MIG 4g.20gb (0),1,,13,cupy_copy__float32_float32
14639715853,2400,273119,,,,,,,,,,0.000,1.667,Device,Pageable,NVIDIA A100-SXM4-40GB MIG 4g.20gb (0),1,,7,[CUDA memcpy Device-to-Host]
14639917066,21088,273130,1434,1,1,128,1,1,16,0.000,0.000,,,,,NVIDIA A100-SXM4-40GB MIG 4g.20gb (0),1,,13,cupy_copy__complex64_complex64
14640165992,6592,273137,103,1,1,128,1,1,16,0.000,0.000,,,,,NVIDIA A100-SXM4-40GB MIG 4g.20gb (0),1,,13,cupy_copy__complex64_complex64
14640405189,4544,273144,35,1,1,128,1,1,16,0.000,0.000,,,,,NVIDIA A100-SXM4-40GB MIG 4g.20gb (0),1,,13,cupy_copy__complex64_complex64
14640651842,3104,273151,1,1,1,1,1,1,18,0.000,0.000,,,,,NVIDIA A100-SXM4-40GB MIG 4g.20gb (0),1,,13,cupy_copy__float32_float32
14640885983,244318,273162,1,1,1,32,32,1,30,0.000,0.000,,,,,NVIDIA A100-SXM4-40GB MIG 4g.20gb (0),1,,13,"void convert_kernel<__half2, float2>(tensor_layout_any, T1 *, tensor_layout_any, const T2 *)"
14641162972,5792,273165,,,,,,,,,,0.094,16176.708,Pinned,Device,NVIDIA A100-SXM4-40GB MIG 4g.20gb (0),1,,13,[CUDA memcpy Host-to-Device]
14641384378,5280,273166,,,,,,,,,,1.547,292919.759,Device,,NVIDIA A100-SXM4-40GB MIG 4g.20gb (0),1,,13,[CUDA memset]
14641397050,3232,273171,,,,,,,,,,0.031,9683.139,Pinned,Device,NVIDIA A100-SXM4-40GB MIG 4g.20gb (0),1,,13,[CUDA memcpy Host-to-Device]
14641405466,16735,273172,,,,,,,,,,0.197,11748.311,Pinned,Device,NVIDIA A100-SXM4-40GB MIG 4g.20gb (0),1,,13,[CUDA memcpy Host-to-Device]
14641592632,20383,273173,273,1,1,8,4,1,39,0.002,0.000,,,,,NVIDIA A100-SXM4-40GB MIG 4g.20gb (0),1,,13,"void channel_eq::eqMmseCoefCompLowMimoKernel<float, float, float, (unsigned int)4, (unsigned int)1, (unsigned int)4>(const channel_eq::_puschRxChEqStatDescr *, channel_eq::_puschRxChEqCoefCompDynDescr)"
14641819989,25696,273174,273,1,1,12,11,1,51,0.002,0.000,,,,,NVIDIA A100-SXM4-40GB MIG 4g.20gb (0),1,,13,"void channel_eq::eqMmseSoftDemapKernel<float, __half, __half, float, (unsigned int)4, (unsigned short)16383>(channel_eq::_puschRxChEqStatDescr *, channel_eq::_puschRxChEqSoftDemapDynDescr)"
14642070290,661081,273175,1,1,1,32,32,1,30,0.000,0.000,,,,,NVIDIA A100-SXM4-40GB MIG 4g.20gb (0),1,,13,"void convert_kernel<float2, __half2>(tensor_layout_any, T1 *, tensor_layout_any, const T2 *)"
14642957000,21184,273187,2253,1,1,128,1,1,16,0.000,0.000,,,,,NVIDIA A100-SXM4-40GB MIG 4g.20gb (0),1,,13,cupy_copy__float16_float16
14643258885,13856,273196,282,1,1,128,1,1,16,0.000,0.000,,,,,NVIDIA A100-SXM4-40GB MIG 4g.20gb (0),1,,13,cupy_copy__complex64_complex64
14643494466,5536,273205,26,1,1,128,1,1,16,0.000,0.000,,,,,NVIDIA A100-SXM4-40GB MIG 4g.20gb (0),1,,13,cupy_copy__float32_float32
14643727039,5376,273214,103,1,1,128,1,1,16,0.000,0.000,,,,,NVIDIA A100-SXM4-40GB MIG 4g.20gb (0),1,,13,cupy_copy__complex64_complex64
14643964125,18176,273224,1434,1,1,128,1,1,16,0.000,0.000,,,,,NVIDIA A100-SXM4-40GB MIG 4g.20gb (0),1,,13,cupy_copy__complex64_complex64
14644183066,240734,273229,1,1,1,32,32,1,30,0.000,0.000,,,,,NVIDIA A100-SXM4-40GB MIG 4g.20gb (0),1,,13,"void convert_kernel<__half2, float2>(tensor_layout_any, T1 *, tensor_layout_any, const T2 *)"
14644454711,6464,273232,,,,,,,,,,0.094,14494.959,Pinned,Device,NVIDIA A100-SXM4-40GB MIG 4g.20gb (0),1,,13,[CUDA memcpy Host-to-Device]
14644836659,614681,273233,,,,,,,,,,456.561,742368.901,Device,,NVIDIA A100-SXM4-40GB MIG 4g.20gb (0),1,,13,[CUDA memset]
14645457356,65343,273238,,,,,,,,,,1.235,18898.348,Pinned,Device,NVIDIA A100-SXM4-40GB MIG 4g.20gb (0),1,,13,[CUDA memcpy Host-to-Device]
14645530795,10432,273239,,,,,,,,,,0.197,18846.450,Pinned,Device,NVIDIA A100-SXM4-40GB MIG 4g.20gb (0),1,,13,[CUDA memcpy Host-to-Device]
14645965158,21760,273240,69,4,1,48,1,1,76,0.002,0.000,,,,,NVIDIA A100-SXM4-40GB MIG 4g.20gb (0),1,,13,"void ch_est::windowedChEstPreNoDftSOfdmKernel<float, __half, float, (unsigned int)2, (unsigned int)1, (unsigned short)4>(ch_est::puschRxChEstStatDescr_t *, ch_est::puschRxChEstDynDescr_t *)"
14646270211,20640,273241,137,2,1,24,2,1,44,0.001,0.001,,,,,NVIDIA A100-SXM4-40GB MIG 4g.20gb (0),1,,13,"void ch_est::chEstFilterNoDftSOfdmDispatchKernel<float, __half, float, (unsigned int)2>(ch_est::puschRxChEstStatDescr_t *, ch_est::puschRxChEstDynDescr_t *)"
14646573439,24832,273242,137,2,1,24,2,1,44,0.001,0.001,,,,,NVIDIA A100-SXM4-40GB MIG 4g.20gb (0),1,,13,"void ch_est::chEstFilterNoDftSOfdmDispatchKernel<float, __half, float, (unsigned int)2>(ch_est::puschRxChEstStatDescr_t *, ch_est::puschRxChEstDynDescr_t *)"
14646870524,9280,273253,103,1,1,128,1,1,16,0.000,0.000,,,,,NVIDIA A100-SXM4-40GB MIG 4g.20gb (0),1,,13,cupy_copy__complex64_complex64
14647116377,17280,273263,1434,1,1,128,1,1,16,0.000,0.000,,,,,NVIDIA A100-SXM4-40GB MIG 4g.20gb (0),1,,13,cupy_copy__complex64_complex64
14647363543,4319,273270,103,1,1,128,1,1,16,0.000,0.000,,,,,NVIDIA A100-SXM4-40GB MIG 4g.20gb (0),1,,13,cupy_copy__complex64_complex64
14647576660,220542,273277,1,1,1,32,32,1,30,0.000,0.000,,,,,NVIDIA A100-SXM4-40GB MIG 4g.20gb (0),1,,13,"void convert_kernel<__half2, float2>(tensor_layout_any, T1 *, tensor_layout_any, const T2 *)"
14647827857,5792,273280,,,,,,,,,,0.094,16176.708,Pinned,Device,NVIDIA A100-SXM4-40GB MIG 4g.20gb (0),1,,13,[CUDA memcpy Host-to-Device]
14648072335,59487,273281,,,,,,,,,,35.810,601964.755,Device,,NVIDIA A100-SXM4-40GB MIG 4g.20gb (0),1,,13,[CUDA memset]
14648133262,3136,273283,,,,,,,,,,0.000,25.510,Pinned,Device,NVIDIA A100-SXM4-40GB MIG 4g.20gb (0),1,,13,[CUDA memcpy Host-to-Device]
14648138830,10176,273284,,,,,,,,,,0.197,19320.668,Pinned,Device,NVIDIA A100-SXM4-40GB MIG 4g.20gb (0),1,,13,[CUDA memcpy Host-to-Device]
14648417131,23775,273285,273,1,1,48,1,1,40,0.000,0.001,,,,,NVIDIA A100-SXM4-40GB MIG 4g.20gb (0),1,,13,"void pusch_noise_intf_est::noiseIntfEstNoDftSOfdmKernel<float, __half, float, float, (unsigned int)2, (unsigned int)1, (unsigned char)4, (unsigned char)4>(pusch_noise_intf_est::puschRxNoiseIntfEstDynDescr)"
14648706215,11552,273296,35,1,1,128,1,1,16,0.000,0.000,,,,,NVIDIA A100-SXM4-40GB MIG 4g.20gb (0),1,,13,cupy_copy__complex64_complex64
14648950949,4896,273305,1,1,1,1,1,1,18,0.000,0.000,,,,,NVIDIA A100-SXM4-40GB MIG 4g.20gb (0),1,,13,cupy_copy__float32_float32
14648957925,3136,273311,,,,,,,,,,0.000,1.276,Device,Pageable,NVIDIA A100-SXM4-40GB MIG 4g.20gb (0),1,,7,[CUDA memcpy Device-to-Host]
14649256801,17600,273322,1434,1,1,128,1,1,16,0.000,0.000,,,,,NVIDIA A100-SXM4-40GB MIG 4g.20gb (0),1,,13,cupy_copy__complex64_complex64
14649506526,4480,273329,103,1,1,128,1,1,16,0.000,0.000,,,,,NVIDIA A100-SXM4-40GB MIG 4g.20gb (0),1,,13,cupy_copy__complex64_complex64
14649718076,3744,273336,35,1,1,128,1,1,16,0.000,0.000,,,,,NVIDIA A100-SXM4-40GB MIG 4g.20gb (0),1,,13,cupy_copy__complex64_complex64
14649963769,4352,273343,1,1,1,1,1,1,18,0.000,0.000,,,,,NVIDIA A100-SXM4-40GB MIG 4g.20gb (0),1,,13,cupy_copy__float32_float32
14650240726,246845,273354,1,1,1,32,32,1,30,0.000,0.000,,,,,NVIDIA A100-SXM4-40GB MIG 4g.20gb (0),1,,13,"void convert_kernel<__half2, float2>(tensor_layout_any, T1 *, tensor_layout_any, const T2 *)"
14650518483,5728,273357,,,,,,,,,,0.094,16357.541,Pinned,Device,NVIDIA A100-SXM4-40GB MIG 4g.20gb (0),1,,13,[CUDA memcpy Host-to-Device]
14650752976,4352,273358,,,,,,,,,,1.547,355381.716,Device,,NVIDIA A100-SXM4-40GB MIG 4g.20gb (0),1,,13,[CUDA memset]
14650764592,3040,273363,,,,,,,,,,0.031,10294.725,Pinned,Device,NVIDIA A100-SXM4-40GB MIG 4g.20gb (0),1,,13,[CUDA memcpy Host-to-Device]
14650770064,11040,273364,,,,,,,,,,0.197,17808.556,Pinned,Device,NVIDIA A100-SXM4-40GB MIG 4g.20gb (0),1,,13,[CUDA memcpy Host-to-Device]
14650949518,30560,273365,273,1,1,8,4,1,39,0.002,0.000,,,,,NVIDIA A100-SXM4-40GB MIG 4g.20gb (0),1,,13,"void channel_eq::eqMmseCoefCompLowMimoKernel<float, float, float, (unsigned int)4, (unsigned int)1, (unsigned int)4>(const channel_eq::_puschRxChEqStatDescr *, channel_eq::_puschRxChEqCoefCompDynDescr)"
14651256811,25087,273366,273,1,1,12,11,1,51,0.002,0.000,,,,,NVIDIA A100-SXM4-40GB MIG 4g.20gb (0),1,,13,"void channel_eq::eqMmseSoftDemapKernel<float, __half, __half, float, (unsigned int)4, (unsigned short)16383>(channel_eq::_puschRxChEqStatDescr *, channel_eq::_puschRxChEqSoftDemapDynDescr)"
14651561351,686232,273367,1,1,1,32,32,1,30,0.000,0.000,,,,,NVIDIA A100-SXM4-40GB MIG 4g.20gb (0),1,,13,"void convert_kernel<float2, __half2>(tensor_layout_any, T1 *, tensor_layout_any, const T2 *)"
14652530140,21376,273379,2253,1,1,128,1,1,16,0.000,0.000,,,,,NVIDIA A100-SXM4-40GB MIG 4g.20gb (0),1,,13,cupy_copy__float16_float16
14652829081,15360,273388,282,1,1,128,1,1,16,0.000,0.000,,,,,NVIDIA A100-SXM4-40GB MIG 4g.20gb (0),1,,13,cupy_copy__complex64_complex64
14653201013,6944,273397,26,1,1,128,1,1,16,0.000,0.000,,,,,NVIDIA A100-SXM4-40GB MIG 4g.20gb (0),1,,13,cupy_copy__float32_float32
14653435506,5632,273406,103,1,1,128,1,1,16,0.000,0.000,,,,,NVIDIA A100-SXM4-40GB MIG 4g.20gb (0),1,,13,cupy_copy__complex64_complex64
14653669039,18368,273416,1434,1,1,128,1,1,16,0.000,0.000,,,,,NVIDIA A100-SXM4-40GB MIG 4g.20gb (0),1,,13,cupy_copy__complex64_complex64
14653904781,249853,273421,1,1,1,32,32,1,30,0.000,0.000,,,,,NVIDIA A100-SXM4-40GB MIG 4g.20gb (0),1,,13,"void convert_kernel<__half2, float2>(tensor_layout_any, T1 *, tensor_layout_any, const T2 *)"
14654185642,9760,273424,,,,,,,,,,0.094,9599.998,Pinned,Device,NVIDIA A100-SXM4-40GB MIG 4g.20gb (0),1,,13,[CUDA memcpy Host-to-Device]
14654460935,623225,273425,,,,,,,,,,456.561,732324.550,Device,,NVIDIA A100-SXM4-40GB MIG 4g.20gb (0),1,,13,[CUDA memset]
14655089695,66752,273430,,,,,,,,,,1.235,18499.461,Pinned,Device,NVIDIA A100-SXM4-40GB MIG 4g.20gb (0),1,,13,[CUDA memcpy Host-to-Device]
14655160223,13440,273431,,,,,,,,,,0.197,14628.422,Pinned,Device,NVIDIA A100-SXM4-40GB MIG 4g.20gb (0),1,,13,[CUDA memcpy Host-to-Device]
14655453659,22368,273432,69,4,1,48,1,1,76,0.002,0.000,,,,,NVIDIA A100-SXM4-40GB MIG 4g.20gb (0),1,,13,"void ch_est::windowedChEstPreNoDftSOfdmKernel<float, __half, float, (unsigned int)2, (unsigned int)1, (unsigned short)4>(ch_est::puschRxChEstStatDescr_t *, ch_est::puschRxChEstDynDescr_t *)"
14655714936,14656,273433,137,2,1,24,2,1,44,0.001,0.001,,,,,NVIDIA A100-SXM4-40GB MIG 4g.20gb (0),1,,13,"void ch_est::chEstFilterNoDftSOfdmDispatchKernel<float, __half, float, (unsigned int)2>(ch_est::puschRxChEstStatDescr_t *, ch_est::puschRxChEstDynDescr_t *)"
14655939510,35039,273434,137,2,1,24,2,1,44,0.001,0.001,,,,,NVIDIA A100-SXM4-40GB MIG 4g.20gb (0),1,,13,"void ch_est::chEstFilterNoDftSOfdmDispatchKernel<float, __half, float, (unsigned int)2>(ch_est::puschRxChEstStatDescr_t *, ch_est::puschRxChEstDynDescr_t *)"
14656199731,3936,273445,103,1,1,128,1,1,16,0.000,0.000,,,,,NVIDIA A100-SXM4-40GB MIG 4g.20gb (0),1,,13,cupy_copy__complex64_complex64
14656429104,18816,273455,1434,1,1,128,1,1,16,0.000,0.000,,,,,NVIDIA A100-SXM4-40GB MIG 4g.20gb (0),1,,13,cupy_copy__complex64_complex64
14656689773,4256,273462,103,1,1,128,1,1,16,0.000,0.000,,,,,NVIDIA A100-SXM4-40GB MIG 4g.20gb (0),1,,13,cupy_copy__complex64_complex64
14656927979,255517,273469,1,1,1,32,32,1,30,0.000,0.000,,,,,NVIDIA A100-SXM4-40GB MIG 4g.20gb (0),1,,13,"void convert_kernel<__half2, float2>(tensor_layout_any, T1 *, tensor_layout_any, const T2 *)"
14657689090,7968,273472,,,,,,,,,,0.094,11759.035,Pinned,Device,NVIDIA A100-SXM4-40GB MIG 4g.20gb (0),1,,13,[CUDA memcpy Host-to-Device]
14657908736,62815,273473,,,,,,,,,,35.810,570058.116,Device,,NVIDIA A100-SXM4-40GB MIG 4g.20gb (0),1,,13,[CUDA memset]
14658212732,1856,273475,,,,,,,,,,0.000,43.103,Pinned,Device,NVIDIA A100-SXM4-40GB MIG 4g.20gb (0),1,,13,[CUDA memcpy Host-to-Device]
14658220508,12160,273476,,,,,,,,,,0.197,16168.255,Pinned,Device,NVIDIA A100-SXM4-40GB MIG 4g.20gb (0),1,,13,[CUDA memcpy Host-to-Device]
14658536601,15359,273477,273,1,1,48,1,1,40,0.000,0.001,,,,,NVIDIA A100-SXM4-40GB MIG 4g.20gb (0),1,,13,"void pusch_noise_intf_est::noiseIntfEstNoDftSOfdmKernel<float, __half, float, float, (unsigned int)2, (unsigned int)1, (unsigned char)4, (unsigned char)4>(pusch_noise_intf_est::puschRxNoiseIntfEstDynDescr)"
14658848277,13312,273488,35,1,1,128,1,1,16,0.000,0.000,,,,,NVIDIA A100-SXM4-40GB MIG 4g.20gb (0),1,,13,cupy_copy__complex64_complex64
14659104018,2976,273497,1,1,1,1,1,1,18,0.000,0.000,,,,,NVIDIA A100-SXM4-40GB MIG 4g.20gb (0),1,,13,cupy_copy__float32_float32
14659107666,2144,273503,,,,,,,,,,0.000,1.866,Device,Pageable,NVIDIA A100-SXM4-40GB MIG 4g.20gb (0),1,,7,[CUDA memcpy Device-to-Host]
14659327216,17280,273514,1434,1,1,128,1,1,16,0.000,0.000,,,,,NVIDIA A100-SXM4-40GB MIG 4g.20gb (0),1,,13,cupy_copy__complex64_complex64
14659597869,4064,273521,103,1,1,128,1,1,16,0.000,0.000,,,,,NVIDIA A100-SXM4-40GB MIG 4g.20gb (0),1,,13,cupy_copy__complex64_complex64
14659827434,10944,273528,35,1,1,128,1,1,16,0.000,0.000,,,,,NVIDIA A100-SXM4-40GB MIG 4g.20gb (0),1,,13,cupy_copy__complex64_complex64
14660086343,3680,273535,1,1,1,1,1,1,18,0.000,0.000,,,,,NVIDIA A100-SXM4-40GB MIG 4g.20gb (0),1,,13,cupy_copy__float32_float32
14660324708,246046,273546,1,1,1,32,32,1,30,0.000,0.000,,,,,NVIDIA A100-SXM4-40GB MIG 4g.20gb (0),1,,13,"void convert_kernel<__half2, float2>(tensor_layout_any, T1 *, tensor_layout_any, const T2 *)"
14660601409,5728,273549,,,,,,,,,,0.094,16357.541,Pinned,Device,NVIDIA A100-SXM4-40GB MIG 4g.20gb (0),1,,13,[CUDA memcpy Host-to-Device]
14660814623,20000,273550,,,,,,,,,,1.547,77331.200,Device,,NVIDIA A100-SXM4-40GB MIG 4g.20gb (0),1,,13,[CUDA memset]
14660835999,3232,273555,,,,,,,,,,0.031,9683.139,Pinned,Device,NVIDIA A100-SXM4-40GB MIG 4g.20gb (0),1,,13,[CUDA memcpy Host-to-Device]
14660841951,14111,273556,,,,,,,,,,0.197,13932.823,Pinned,Device,NVIDIA A100-SXM4-40GB MIG 4g.20gb (0),1,,13,[CUDA memcpy Host-to-Device]
14661067356,34528,273557,273,1,1,8,4,1,39,0.002,0.000,,,,,NVIDIA A100-SXM4-40GB MIG 4g.20gb (0),1,,13,"void channel_eq::eqMmseCoefCompLowMimoKernel<float, float, float, (unsigned int)4, (unsigned int)1, (unsigned int)4>(const channel_eq::_puschRxChEqStatDescr *, channel_eq::_puschRxChEqCoefCompDynDescr)"
14661326937,32160,273558,273,1,1,12,11,1,51,0.002,0.000,,,,,NVIDIA A100-SXM4-40GB MIG 4g.20gb (0),1,,13,"void channel_eq::eqMmseSoftDemapKernel<float, __half, __half, float, (unsigned int)4, (unsigned short)16383>(channel_eq::_puschRxChEqStatDescr *, channel_eq::_puschRxChEqSoftDemapDynDescr)"
14661601558,573978,273559,1,1,1,32,32,1,30,0.000,0.000,,,,,NVIDIA A100-SXM4-40GB MIG 4g.20gb (0),1,,13,"void convert_kernel<float2, __half2>(tensor_layout_any, T1 *, tensor_layout_any, const T2 *)"
14662446285,21439,273571,2253,1,1,128,1,1,16,0.000,0.000,,,,,NVIDIA A100-SXM4-40GB MIG 4g.20gb (0),1,,13,cupy_copy__float16_float16
14662777129,15712,273580,282,1,1,128,1,1,16,0.000,0.000,,,,,NVIDIA A100-SXM4-40GB MIG 4g.20gb (0),1,,13,cupy_copy__complex64_complex64
14663024902,3328,273589,26,1,1,128,1,1,16,0.000,0.000,,,,,NVIDIA A100-SXM4-40GB MIG 4g.20gb (0),1,,13,cupy_copy__float32_float32
14663243780,20479,273598,103,1,1,128,1,1,16,0.000,0.000,,,,,NVIDIA A100-SXM4-40GB MIG 4g.20gb (0),1,,13,cupy_copy__complex64_complex64
14663564096,18208,273608,1434,1,1,128,1,1,16,0.000,0.000,,,,,NVIDIA A100-SXM4-40GB MIG 4g.20gb (0),1,,13,cupy_copy__complex64_complex64
14663800733,252253,273613,1,1,1,32,32,1,30,0.000,0.000,,,,,NVIDIA A100-SXM4-40GB MIG 4g.20gb (0),1,,13,"void convert_kernel<__half2, float2>(tensor_layout_any, T1 *, tensor_layout_any, const T2 *)"
14664087290,9664,273616,,,,,,,,,,0.094,9695.287,Pinned,Device,NVIDIA A100-SXM4-40GB MIG 4g.20gb (0),1,,13,[CUDA memcpy Host-to-Device]
14664268536,658105,273617,,,,,,,,,,456.561,693516.827,Device,,NVIDIA A100-SXM4-40GB MIG 4g.20gb (0),1,,13,[CUDA memset]
14665309772,60800,273622,,,,,,,,,,1.235,20311.124,Pinned,Device,NVIDIA A100-SXM4-40GB MIG 4g.20gb (0),1,,13,[CUDA memcpy Host-to-Device]
14665373260,12063,273623,,,,,,,,,,0.197,16298.410,Pinned,Device,NVIDIA A100-SXM4-40GB MIG 4g.20gb (0),1,,13,[CUDA memcpy Host-to-Device]
14665558377,21184,273624,69,4,1,48,1,1,76,0.002,0.000,,,,,NVIDIA A100-SXM4-40GB MIG 4g.20gb (0),1,,13,"void ch_est::windowedChEstPreNoDftSOfdmKernel<float, __half, float, (unsigned int)2, (unsigned int)1, (unsigned short)4>(ch_est::puschRxChEstStatDescr_t *, ch_est::puschRxChEstDynDescr_t *)"
14665839974,17632,273625,137,2,1,24,2,1,44,0.001,0.001,,,,,NVIDIA A100-SXM4-40GB MIG 4g.20gb (0),1,,13,"void ch_est::chEstFilterNoDftSOfdmDispatchKernel<float, __half, float, (unsigned int)2>(ch_est::puschRxChEstStatDescr_t *, ch_est::puschRxChEstDynDescr_t *)"
14666064100,23040,273626,137,2,1,24,2,1,44,0.001,0.001,,,,,NVIDIA A100-SXM4-40GB MIG 4g.20gb (0),1,,13,"void ch_est::chEstFilterNoDftSOfdmDispatchKernel<float, __half, float, (unsigned int)2>(ch_est::puschRxChEstStatDescr_t *, ch_est::puschRxChEstDynDescr_t *)"
14666392416,10880,273637,103,1,1,128,1,1,16,0.000,0.000,,,,,NVIDIA A100-SXM4-40GB MIG 4g.20gb (0),1,,13,cupy_copy__complex64_complex64
14666652317,18432,273647,1434,1,1,128,1,1,16,0.000,0.000,,,,,NVIDIA A100-SXM4-40GB MIG 4g.20gb (0),1,,13,cupy_copy__complex64_complex64
14666883387,7583,273654,103,1,1,128,1,1,16,0.000,0.000,,,,,NVIDIA A100-SXM4-40GB MIG 4g.20gb (0),1,,13,cupy_copy__complex64_complex64
14667152632,217693,273661,1,1,1,32,32,1,30,0.000,0.000,,,,,NVIDIA A100-SXM4-40GB MIG 4g.20gb (0),1,,13,"void convert_kernel<__half2, float2>(tensor_layout_any, T1 *, tensor_layout_any, const T2 *)"
14667399733,9312,273664,,,,,,,,,,0.094,10061.826,Pinned,Device,NVIDIA A100-SXM4-40GB MIG 4g.20gb (0),1,,13,[CUDA memcpy Host-to-Device]
14667714673,60160,273665,,,,,,,,,,35.810,595232.490,Device,,NVIDIA A100-SXM4-40GB MIG 4g.20gb (0),1,,13,[CUDA memset]
14667776208,3936,273667,,,,,,,,,,0.000,20.325,Pinned,Device,NVIDIA A100-SXM4-40GB MIG 4g.20gb (0),1,,13,[CUDA memcpy Host-to-Device]
14667782768,10368,273668,,,,,,,,,,0.197,18962.842,Pinned,Device,NVIDIA A100-SXM4-40GB MIG 4g.20gb (0),1,,13,[CUDA memcpy Host-to-Device]
14668080301,24608,273669,273,1,1,48,1,1,40,0.000,0.001,,,,,NVIDIA A100-SXM4-40GB MIG 4g.20gb (0),1,,13,"void pusch_noise_intf_est::noiseIntfEstNoDftSOfdmKernel<float, __half, float, float, (unsigned int)2, (unsigned int)1, (unsigned char)4, (unsigned char)4>(pusch_noise_intf_est::puschRxNoiseIntfEstDynDescr)"
14668332266,4320,273680,35,1,1,128,1,1,16,0.000,0.000,,,,,NVIDIA A100-SXM4-40GB MIG 4g.20gb (0),1,,13,cupy_copy__complex64_complex64
14668590247,5440,273689,1,1,1,1,1,1,18,0.000,0.000,,,,,NVIDIA A100-SXM4-40GB MIG 4g.20gb (0),1,,13,cupy_copy__float32_float32
14668598471,4960,273695,,,,,,,,,,0.000,0.806,Device,Pageable,NVIDIA A100-SXM4-40GB MIG 4g.20gb (0),1,,7,[CUDA memcpy Device-to-Host]
14668940707,18400,273706,1434,1,1,128,1,1,16,0.000,0.000,,,,,NVIDIA A100-SXM4-40GB MIG 4g.20gb (0),1,,13,cupy_copy__complex64_complex64
14669215968,4032,273713,103,1,1,128,1,1,16,0.000,0.000,,,,,NVIDIA A100-SXM4-40GB MIG 4g.20gb (0),1,,13,cupy_copy__complex64_complex64
14669445310,9920,273720,35,1,1,128,1,1,16,0.000,0.000,,,,,NVIDIA A100-SXM4-40GB MIG 4g.20gb (0),1,,13,cupy_copy__complex64_complex64
14669704731,3104,273727,1,1,1,1,1,1,18,0.000,0.000,,,,,NVIDIA A100-SXM4-40GB MIG 4g.20gb (0),1,,13,cupy_copy__float32_float32
14669943896,247933,273738,1,1,1,32,32,1,30,0.000,0.000,,,,,NVIDIA A100-SXM4-40GB MIG 4g.20gb (0),1,,13,"void convert_kernel<__half2, float2>(tensor_layout_any, T1 *, tensor_layout_any, const T2 *)"
14670221333,6144,273741,,,,,,,,,,0.094,15249.961,Pinned,Device,NVIDIA A100-SXM4-40GB MIG 4g.20gb (0),1,,13,[CUDA memcpy Host-to-Device]
14670422579,18207,273742,,,,,,,,,,1.547,84945.230,Device,,NVIDIA A100-SXM4-40GB MIG 4g.20gb (0),1,,13,[CUDA memset]
14670448818,11168,273747,,,,,,,,,,0.031,2802.275,Pinned,Device,NVIDIA A100-SXM4-40GB MIG 4g.20gb (0),1,,13,[CUDA memcpy Host-to-Device]
14670462418,10848,273748,,,,,,,,,,0.197,18123.719,Pinned,Device,NVIDIA A100-SXM4-40GB MIG 4g.20gb (0),1,,13,[CUDA memcpy Host-to-Device]
14670668240,36799,273749,273,1,1,8,4,1,39,0.002,0.000,,,,,NVIDIA A100-SXM4-40GB MIG 4g.20gb (0),1,,13,"void channel_eq::eqMmseCoefCompLowMimoKernel<float, float, float, (unsigned int)4, (unsigned int)1, (unsigned int)4>(const channel_eq::_puschRxChEqStatDescr *, channel_eq::_puschRxChEqCoefCompDynDescr)"
14670927085,30336,273750,273,1,1,12,11,1,51,0.002,0.000,,,,,NVIDIA A100-SXM4-40GB MIG 4g.20gb (0),1,,13,"void channel_eq::eqMmseSoftDemapKernel<float, __half, __half, float, (unsigned int)4, (unsigned short)16383>(channel_eq::_puschRxChEqStatDescr *, channel_eq::_puschRxChEqSoftDemapDynDescr)"
14671204362,653113,273751,1,1,1,32,32,1,30,0.000,0.000,,,,,NVIDIA A100-SXM4-40GB MIG 4g.20gb (0),1,,13,"void convert_kernel<float2, __half2>(tensor_layout_any, T1 *, tensor_layout_any, const T2 *)"
14672014273,16544,273763,2253,1,1,128,1,1,16,0.000,0.000,,,,,NVIDIA A100-SXM4-40GB MIG 4g.20gb (0),1,,13,cupy_copy__float16_float16
14672273502,11584,273772,282,1,1,128,1,1,16,0.000,0.000,,,,,NVIDIA A100-SXM4-40GB MIG 4g.20gb (0),1,,13,cupy_copy__complex64_complex64
14672494523,3680,273781,26,1,1,128,1,1,16,0.000,0.000,,,,,NVIDIA A100-SXM4-40GB MIG 4g.20gb (0),1,,13,cupy_copy__float32_float32
14672700857,4768,273790,103,1,1,128,1,1,16,0.000,0.000,,,,,NVIDIA A100-SXM4-40GB MIG 4g.20gb (0),1,,13,cupy_copy__complex64_complex64
14672954486,18944,273800,1434,1,1,128,1,1,16,0.000,0.000,,,,,NVIDIA A100-SXM4-40GB MIG 4g.20gb (0),1,,13,cupy_copy__complex64_complex64
14673220211,243933,273805,1,1,1,32,32,1,30,0.000,0.000,,,,,NVIDIA A100-SXM4-40GB MIG 4g.20gb (0),1,,13,"void convert_kernel<__half2, float2>(tensor_layout_any, T1 *, tensor_layout_any, const T2 *)"
14673494192,9856,273808,,,,,,,,,,0.094,9506.490,Pinned,Device,NVIDIA A100-SXM4-40GB MIG 4g.20gb (0),1,,13,[CUDA memcpy Host-to-Device]
14673727949,632025,273809,,,,,,,,,,456.561,722280.198,Device,,NVIDIA A100-SXM4-40GB MIG 4g.20gb (0),1,,13,[CUDA memset]
14674362502,63648,273814,,,,,,,,,,1.235,19402.205,Pinned,Device,NVIDIA A100-SXM4-40GB MIG 4g.20gb (0),1,,13,[CUDA memcpy Host-to-Device]
14674432101,13952,273815,,,,,,,,,,0.197,14091.682,Pinned,Device,NVIDIA A100-SXM4-40GB MIG 4g.20gb (0),1,,13,[CUDA memcpy Host-to-Device]
14674702050,25152,273816,69,4,1,48,1,1,76,0.002,0.000,,,,,NVIDIA A100-SXM4-40GB MIG 4g.20gb (0),1,,13,"void ch_est::windowedChEstPreNoDftSOfdmKernel<float, __half, float, (unsigned int)2, (unsigned int)1, (unsigned short)4>(ch_est::puschRxChEstStatDescr_t *, ch_est::puschRxChEstDynDescr_t *)"
14675004607,25248,273817,137,2,1,24,2,1,44,0.001,0.001,,,,,NVIDIA A100-SXM4-40GB MIG 4g.20gb (0),1,,13,"void ch_est::chEstFilterNoDftSOfdmDispatchKernel<float, __half, float, (unsigned int)2>(ch_est::puschRxChEstStatDescr_t *, ch_est::puschRxChEstDynDescr_t *)"
14675305820,23327,273818,137,2,1,24,2,1,44,0.001,0.001,,,,,NVIDIA A100-SXM4-40GB MIG 4g.20gb (0),1,,13,"void ch_est::chEstFilterNoDftSOfdmDispatchKernel<float, __half, float, (unsigned int)2>(ch_est::puschRxChEstStatDescr_t *, ch_est::puschRxChEstDynDescr_t *)"
14675536729,4352,273829,103,1,1,128,1,1,16,0.000,0.000,,,,,NVIDIA A100-SXM4-40GB MIG 4g.20gb (0),1,,13,cupy_copy__complex64_complex64
14675749271,18239,273839,1434,1,1,128,1,1,16,0.000,0.000,,,,,NVIDIA A100-SXM4-40GB MIG 4g.20gb (0),1,,13,cupy_copy__complex64_complex64
14675956500,6560,273846,103,1,1,128,1,1,16,0.000,0.000,,,,,NVIDIA A100-SXM4-40GB MIG 4g.20gb (0),1,,13,cupy_copy__complex64_complex64
14676215889,238750,273853,1,1,1,32,32,1,30,0.000,0.000,,,,,NVIDIA A100-SXM4-40GB MIG 4g.20gb (0),1,,13,"void convert_kernel<__half2, float2>(tensor_layout_any, T1 *, tensor_layout_any, const T2 *)"
14676484526,13824,273856,,,,,,,,,,0.094,6777.688,Pinned,Device,NVIDIA A100-SXM4-40GB MIG 4g.20gb (0),1,,13,[CUDA memcpy Host-to-Device]
14676739627,63520,273857,,,,,,,,,,35.810,563755.571,Device,,NVIDIA A100-SXM4-40GB MIG 4g.20gb (0),1,,13,[CUDA memset]
14676807787,2944,273859,,,,,,,,,,0.000,27.174,Pinned,Device,NVIDIA A100-SXM4-40GB MIG 4g.20gb (0),1,,13,[CUDA memcpy Host-to-Device]
14676817163,10943,273860,,,,,,,,,,0.197,17966.432,Pinned,Device,NVIDIA A100-SXM4-40GB MIG 4g.20gb (0),1,,13,[CUDA memcpy Host-to-Device]
14677077096,30207,273861,273,1,1,48,1,1,40,0.000,0.001,,,,,NVIDIA A100-SXM4-40GB MIG 4g.20gb (0),1,,13,"void pusch_noise_intf_est::noiseIntfEstNoDftSOfdmKernel<float, __half, float, float, (unsigned int)2, (unsigned int)1, (unsigned char)4, (unsigned char)4>(pusch_noise_intf_est::puschRxNoiseIntfEstDynDescr)"
14677284453,3872,273872,35,1,1,128,1,1,16,0.000,0.000,,,,,NVIDIA A100-SXM4-40GB MIG 4g.20gb (0),1,,13,cupy_copy__complex64_complex64
14677519459,4032,273881,1,1,1,1,1,1,18,0.000,0.000,,,,,NVIDIA A100-SXM4-40GB MIG 4g.20gb (0),1,,13,cupy_copy__float32_float32
14677528675,1824,273887,,,,,,,,,,0.000,2.193,Device,Pageable,NVIDIA A100-SXM4-40GB MIG 4g.20gb (0),1,,7,[CUDA memcpy Device-to-Host]
14677852479,18016,273898,1434,1,1,128,1,1,16,0.000,0.000,,,,,NVIDIA A100-SXM4-40GB MIG 4g.20gb (0),1,,13,cupy_copy__complex64_complex64
14678112924,12096,273905,103,1,1,128,1,1,16,0.000,0.000,,,,,NVIDIA A100-SXM4-40GB MIG 4g.20gb (0),1,,13,cupy_copy__complex64_complex64
14678343865,4128,273912,35,1,1,128,1,1,16,0.000,0.000,,,,,NVIDIA A100-SXM4-40GB MIG 4g.20gb (0),1,,13,cupy_copy__complex64_complex64
14678584791,3392,273919,1,1,1,1,1,1,18,0.000,0.000,,,,,NVIDIA A100-SXM4-40GB MIG 4g.20gb (0),1,,13,cupy_copy__float32_float32
14678817364,245661,273930,1,1,1,32,32,1,30,0.000,0.000,,,,,NVIDIA A100-SXM4-40GB MIG 4g.20gb (0),1,,13,"void convert_kernel<__half2, float2>(tensor_layout_any, T1 *, tensor_layout_any, const T2 *)"
14679093969,11264,273933,,,,,,,,,,0.094,8318.143,Pinned,Device,NVIDIA A100-SXM4-40GB MIG 4g.20gb (0),1,,13,[CUDA memcpy Host-to-Device]
14679311375,7551,273934,,,,,,,,,,1.547,204822.510,Device,,NVIDIA A100-SXM4-40GB MIG 4g.20gb (0),1,,13,[CUDA memset]
14679324750,6240,273939,,,,,,,,,,0.031,5015.372,Pinned,Device,NVIDIA A100-SXM4-40GB MIG 4g.20gb (0),1,,13,[CUDA memcpy Host-to-Device]
14679333646,10048,273940,,,,,,,,,,0.197,19566.821,Pinned,Device,NVIDIA A100-SXM4-40GB MIG 4g.20gb (0),1,,13,[CUDA memcpy Host-to-Device]
14679520172,13792,273941,273,1,1,8,4,1,39,0.002,0.000,,,,,NVIDIA A100-SXM4-40GB MIG 4g.20gb (0),1,,13,"void channel_eq::eqMmseCoefCompLowMimoKernel<float, float, float, (unsigned int)4, (unsigned int)1, (unsigned int)4>(const channel_eq::_puschRxChEqStatDescr *, channel_eq::_puschRxChEqCoefCompDynDescr)"
14679754122,28255,273942,273,1,1,12,11,1,51,0.002,0.000,,,,,NVIDIA A100-SXM4-40GB MIG 4g.20gb (0),1,,13,"void channel_eq::eqMmseSoftDemapKernel<float, __half, __half, float, (unsigned int)4, (unsigned short)16383>(channel_eq::_puschRxChEqStatDescr *, channel_eq::_puschRxChEqSoftDemapDynDescr)"
14680022631,670552,273943,1,1,1,32,32,1,30,0.000,0.000,,,,,NVIDIA A100-SXM4-40GB MIG 4g.20gb (0),1,,13,"void convert_kernel<float2, __half2>(tensor_layout_any, T1 *, tensor_layout_any, const T2 *)"
14680895357,16703,273955,2253,1,1,128,1,1,16,0.000,0.000,,,,,NVIDIA A100-SXM4-40GB MIG 4g.20gb (0),1,,13,cupy_copy__float16_float16
14681153946,13376,273964,282,1,1,128,1,1,16,0.000,0.000,,,,,NVIDIA A100-SXM4-40GB MIG 4g.20gb (0),1,,13,cupy_copy__complex64_complex64
14681375703,3712,273973,26,1,1,128,1,1,16,0.000,0.000,,,,,NVIDIA A100-SXM4-40GB MIG 4g.20gb (0),1,,13,cupy_copy__float32_float32
14681581141,4928,273982,103,1,1,128,1,1,16,0.000,0.000,,,,,NVIDIA A100-SXM4-40GB MIG 4g.20gb (0),1,,13,cupy_copy__complex64_complex64
14681839090,17600,273992,1434,1,1,128,1,1,16,0.000,0.000,,,,,NVIDIA A100-SXM4-40GB MIG 4g.20gb (0),1,,13,cupy_copy__complex64_complex64
14682107759,240541,273997,1,1,1,32,32,1,30,0.000,0.000,,,,,NVIDIA A100-SXM4-40GB MIG 4g.20gb (0),1,,13,"void convert_kernel<__half2, float2>(tensor_layout_any, T1 *, tensor_layout_any, const T2 *)"
14682383564,6592,274000,,,,,,,,,,0.094,14213.590,Pinned,Device,NVIDIA A100-SXM4-40GB MIG 4g.20gb (0),1,,13,[CUDA memcpy Host-to-Device]
14682623401,633753,274001,,,,,,,,,,456.561,719997.391,Device,,NVIDIA A100-SXM4-40GB MIG 4g.20gb (0),1,,13,[CUDA memset]
14683260706,65279,274006,,,,,,,,,,1.235,18916.872,Pinned,Device,NVIDIA A100-SXM4-40GB MIG 4g.20gb (0),1,,13,[CUDA memcpy Host-to-Device]
14683328705,14272,274007,,,,,,,,,,0.197,13775.733,Pinned,Device,NVIDIA A100-SXM4-40GB MIG 4g.20gb (0),1,,13,[CUDA memcpy Host-to-Device]
14683601438,22336,274008,69,4,1,48,1,1,76,0.002,0.000,,,,,NVIDIA A100-SXM4-40GB MIG 4g.20gb (0),1,,13,"void ch_est::windowedChEstPreNoDftSOfdmKernel<float, __half, float, (unsigned int)2, (unsigned int)1, (unsigned short)4>(ch_est::puschRxChEstStatDescr_t *, ch_est::puschRxChEstDynDescr_t *)"
14683834332,27295,274009,137,2,1,24,2,1,44,0.001,0.001,,,,,NVIDIA A100-SXM4-40GB MIG 4g.20gb (0),1,,13,"void ch_est::chEstFilterNoDftSOfdmDispatchKernel<float, __half, float, (unsigned int)2>(ch_est::puschRxChEstStatDescr_t *, ch_est::puschRxChEstDynDescr_t *)"
14684048377,13120,274010,137,2,1,24,2,1,44,0.001,0.001,,,,,NVIDIA A100-SXM4-40GB MIG 4g.20gb (0),1,,13,"void ch_est::chEstFilterNoDftSOfdmDispatchKernel<float, __half, float, (unsigned int)2>(ch_est::puschRxChEstStatDescr_t *, ch_est::puschRxChEstDynDescr_t *)"
14684245431,5728,274021,103,1,1,128,1,1,16,0.000,0.000,,,,,NVIDIA A100-SXM4-40GB MIG 4g.20gb (0),1,,13,cupy_copy__complex64_complex64
14684500180,18880,274031,1434,1,1,128,1,1,16,0.000,0.000,,,,,NVIDIA A100-SXM4-40GB MIG 4g.20gb (0),1,,13,cupy_copy__complex64_complex64
14684736625,4416,274038,103,1,1,128,1,1,16,0.000,0.000,,,,,NVIDIA A100-SXM4-40GB MIG 4g.20gb (0),1,,13,cupy_copy__complex64_complex64
14684950607,220925,274045,1,1,1,32,32,1,30,0.000,0.000,,,,,NVIDIA A100-SXM4-40GB MIG 4g.20gb (0),1,,13,"void convert_kernel<__half2, float2>(tensor_layout_any, T1 *, tensor_layout_any, const T2 *)"
14685200940,5472,274048,,,,,,,,,,0.094,17122.757,Pinned,Device,NVIDIA A100-SXM4-40GB MIG 4g.20gb (0),1,,13,[CUDA memcpy Host-to-Device]
14685454025,57120,274049,,,,,,,,,,35.810,626924.269,Device,,NVIDIA A100-SXM4-40GB MIG 4g.20gb (0),1,,13,[CUDA memset]
14685519881,1824,274051,,,,,,,,,,0.000,43.860,Pinned,Device,NVIDIA A100-SXM4-40GB MIG 4g.20gb (0),1,,13,[CUDA memcpy Host-to-Device]
14685526184,12896,274052,,,,,,,,,,0.197,15245.574,Pinned,Device,NVIDIA A100-SXM4-40GB MIG 4g.20gb (0),1,,13,[CUDA memcpy Host-to-Device]
14685796773,32448,274053,273,1,1,48,1,1,40,0.000,0.001,,,,,NVIDIA A100-SXM4-40GB MIG 4g.20gb (0),1,,13,"void pusch_noise_intf_est::noiseIntfEstNoDftSOfdmKernel<float, __half, float, float, (unsigned int)2, (unsigned int)1, (unsigned char)4, (unsigned char)4>(pusch_noise_intf_est::puschRxNoiseIntfEstDynDescr)"
14686088706,10688,274064,35,1,1,128,1,1,16,0.000,0.000,,,,,NVIDIA A100-SXM4-40GB MIG 4g.20gb (0),1,,13,cupy_copy__complex64_complex64
14686345471,4000,274073,1,1,1,1,1,1,18,0.000,0.000,,,,,NVIDIA A100-SXM4-40GB MIG 4g.20gb (0),1,,13,cupy_copy__float32_float32
14686351359,1600,274079,,,,,,,,,,0.000,2.500,Device,Pageable,NVIDIA A100-SXM4-40GB MIG 4g.20gb (0),1,,7,[CUDA memcpy Device-to-Host]
14686649884,21984,274090,1434,1,1,128,1,1,16,0.000,0.000,,,,,NVIDIA A100-SXM4-40GB MIG 4g.20gb (0),1,,13,cupy_copy__complex64_complex64
14686889241,4192,274097,103,1,1,128,1,1,16,0.000,0.000,,,,,NVIDIA A100-SXM4-40GB MIG 4g.20gb (0),1,,13,cupy_copy__complex64_complex64
14687105431,3776,274104,35,1,1,128,1,1,16,0.000,0.000,,,,,NVIDIA A100-SXM4-40GB MIG 4g.20gb (0),1,,13,cupy_copy__complex64_complex64
14687347476,4192,274111,1,1,1,1,1,1,18,0.000,0.000,,,,,NVIDIA A100-SXM4-40GB MIG 4g.20gb (0),1,,13,cupy_copy__float32_float32
14687624209,241437,274122,1,1,1,32,32,1,30,0.000,0.000,,,,,NVIDIA A100-SXM4-40GB MIG 4g.20gb (0),1,,13,"void convert_kernel<__half2, float2>(tensor_layout_any, T1 *, tensor_layout_any, const T2 *)"
14687896270,7776,274125,,,,,,,,,,0.094,12049.306,Pinned,Device,NVIDIA A100-SXM4-40GB MIG 4g.20gb (0),1,,13,[CUDA memcpy Host-to-Device]
14688112491,4288,274126,,,,,,,,,,1.547,360685.090,Device,,NVIDIA A100-SXM4-40GB MIG 4g.20gb (0),1,,13,[CUDA memset]
14688121195,4096,274131,,,,,,,,,,0.031,7640.605,Pinned,Device,NVIDIA A100-SXM4-40GB MIG 4g.20gb (0),1,,13,[CUDA memcpy Host-to-Device]
14688130155,11296,274132,,,,,,,,,,0.197,17404.920,Pinned,Device,NVIDIA A100-SXM4-40GB MIG 4g.20gb (0),1,,13,[CUDA memcpy Host-to-Device]
14688307017,32352,274133,273,1,1,8,4,1,39,0.002,0.000,,,,,NVIDIA A100-SXM4-40GB MIG 4g.20gb (0),1,,13,"void channel_eq::eqMmseCoefCompLowMimoKernel<float, float, float, (unsigned int)4, (unsigned int)1, (unsigned int)4>(const channel_eq::_puschRxChEqStatDescr *, channel_eq::_puschRxChEqCoefCompDynDescr)"
14688656101,30144,274134,273,1,1,12,11,1,51,0.002,0.000,,,,,NVIDIA A100-SXM4-40GB MIG 4g.20gb (0),1,,13,"void channel_eq::eqMmseSoftDemapKernel<float, __half, __half, float, (unsigned int)4, (unsigned short)16383>(channel_eq::_puschRxChEqStatDescr *, channel_eq::_puschRxChEqSoftDemapDynDescr)"
14688966082,639129,274135,1,1,1,32,32,1,30,0.000,0.000,,,,,NVIDIA A100-SXM4-40GB MIG 4g.20gb (0),1,,13,"void convert_kernel<float2, __half2>(tensor_layout_any, T1 *, tensor_layout_any, const T2 *)"
14689799128,16384,274147,2253,1,1,128,1,1,16,0.000,0.000,,,,,NVIDIA A100-SXM4-40GB MIG 4g.20gb (0),1,,13,cupy_copy__float16_float16
14690055893,14016,274156,282,1,1,128,1,1,16,0.000,0.000,,,,,NVIDIA A100-SXM4-40GB MIG 4g.20gb (0),1,,13,cupy_copy__complex64_complex64
14690277523,3520,274165,26,1,1,128,1,1,16,0.000,0.000,,,,,NVIDIA A100-SXM4-40GB MIG 4g.20gb (0),1,,13,cupy_copy__float32_float32
14690480817,4704,274174,103,1,1,128,1,1,16,0.000,0.000,,,,,NVIDIA A100-SXM4-40GB MIG 4g.20gb (0),1,,13,cupy_copy__complex64_complex64
14690737102,17632,274184,1434,1,1,128,1,1,16,0.000,0.000,,,,,NVIDIA A100-SXM4-40GB MIG 4g.20gb (0),1,,13,cupy_copy__complex64_complex64
14691002731,241277,274189,1,1,1,32,32,1,30,0.000,0.000,,,,,NVIDIA A100-SXM4-40GB MIG 4g.20gb (0),1,,13,"void convert_kernel<__half2, float2>(tensor_layout_any, T1 *, tensor_layout_any, const T2 *)"
14691275144,9632,274192,,,,,,,,,,0.094,9727.519,Pinned,Device,NVIDIA A100-SXM4-40GB MIG 4g.20gb (0),1,,13,[CUDA memcpy Host-to-Device]
14691515589,631449,274193,,,,,,,,,,456.561,722736.760,Device,,NVIDIA A100-SXM4-40GB MIG 4g.20gb (0),1,,13,[CUDA memset]
14692148766,59519,274198,,,,,,,,,,1.235,20748.294,Pinned,Device,NVIDIA A100-SXM4-40GB MIG 4g.20gb (0),1,,13,[CUDA memcpy Host-to-Device]
14692214685,12608,274199,,,,,,,,,,0.197,15593.767,Pinned,Device,NVIDIA A100-SXM4-40GB MIG 4g.20gb (0),1,,13,[CUDA memcpy Host-to-Device]
14692493210,22240,274200,69,4,1,48,1,1,76,0.002,0.000,,,,,NVIDIA A100-SXM4-40GB MIG 4g.20gb (0),1,,13,"void ch_est::windowedChEstPreNoDftSOfdmKernel<float, __half, float, (unsigned int)2, (unsigned int)1, (unsigned short)4>(ch_est::puschRxChEstStatDescr_t *, ch_est::puschRxChEstDynDescr_t *)"
14692725079,23072,274201,137,2,1,24,2,1,44,0.001,0.001,,,,,NVIDIA A100-SXM4-40GB MIG 4g.20gb (0),1,,13,"void ch_est::chEstFilterNoDftSOfdmDispatchKernel<float, __half, float, (unsigned int)2>(ch_est::puschRxChEstStatDescr_t *, ch_est::puschRxChEstDynDescr_t *)"
14692938133,21120,274202,137,2,1,24,2,1,44,0.001,0.001,,,,,NVIDIA A100-SXM4-40GB MIG 4g.20gb (0),1,,13,"void ch_est::chEstFilterNoDftSOfdmDispatchKernel<float, __half, float, (unsigned int)2>(ch_est::puschRxChEstStatDescr_t *, ch_est::puschRxChEstDynDescr_t *)"
14693135795,6944,274213,103,1,1,128,1,1,16,0.000,0.000,,,,,NVIDIA A100-SXM4-40GB MIG 4g.20gb (0),1,,13,cupy_copy__complex64_complex64
14693389008,18944,274223,1434,1,1,128,1,1,16,0.000,0.000,,,,,NVIDIA A100-SXM4-40GB MIG 4g.20gb (0),1,,13,cupy_copy__complex64_complex64
14693624461,4512,274230,103,1,1,128,1,1,16,0.000,0.000,,,,,NVIDIA A100-SXM4-40GB MIG 4g.20gb (0),1,,13,cupy_copy__complex64_complex64
14693841963,220989,274237,1,1,1,32,32,1,30,0.000,0.000,,,,,NVIDIA A100-SXM4-40GB MIG 4g.20gb (0),1,,13,"void convert_kernel<__half2, float2>(tensor_layout_any, T1 *, tensor_layout_any, const T2 *)"
14694092328,5472,274240,,,,,,,,,,0.094,17122.757,Pinned,Device,NVIDIA A100-SXM4-40GB MIG 4g.20gb (0),1,,13,[CUDA memcpy Host-to-Device]
14694348965,56959,274241,,,,,,,,,,35.810,628678.956,Device,,NVIDIA A100-SXM4-40GB MIG 4g.20gb (0),1,,13,[CUDA memset]
14694409316,4768,274243,,,,,,,,,,0.000,16.778,Pinned,Device,NVIDIA A100-SXM4-40GB MIG 4g.20gb (0),1,,13,[CUDA memcpy Host-to-Device]
14694416708,14432,274244,,,,,,,,,,0.197,13622.968,Pinned,Device,NVIDIA A100-SXM4-40GB MIG 4g.20gb (0),1,,13,[CUDA memcpy Host-to-Device]
14694697313,32480,274245,273,1,1,48,1,1,40,0.000,0.001,,,,,NVIDIA A100-SXM4-40GB MIG 4g.20gb (0),1,,13,"void pusch_noise_intf_est::noiseIntfEstNoDftSOfdmKernel<float, __half, float, float, (unsigned int)2, (unsigned int)1, (unsigned char)4, (unsigned char)4>(pusch_noise_intf_est::puschRxNoiseIntfEstDynDescr)"
14694991422,10464,274256,35,1,1,128,1,1,16,0.000,0.000,,,,,NVIDIA A100-SXM4-40GB MIG 4g.20gb (0),1,,13,cupy_copy__complex64_complex64
14695258651,7968,274265,1,1,1,1,1,1,18,0.000,0.000,,,,,NVIDIA A100-SXM4-40GB MIG 4g.20gb (0),1,,13,cupy_copy__float32_float32
14695274395,3680,274271,,,,,,,,,,0.000,1.087,Device,Pageable,NVIDIA A100-SXM4-40GB MIG 4g.20gb (0),1,,7,[CUDA memcpy Device-to-Host]
14695577431,20608,274282,1434,1,1,128,1,1,16,0.000,0.000,,,,,NVIDIA A100-SXM4-40GB MIG 4g.20gb (0),1,,13,cupy_copy__complex64_complex64
14695817237,4255,274289,103,1,1,128,1,1,16,0.000,0.000,,,,,NVIDIA A100-SXM4-40GB MIG 4g.20gb (0),1,,13,cupy_copy__complex64_complex64
14696029810,3776,274296,35,1,1,128,1,1,16,0.000,0.000,,,,,NVIDIA A100-SXM4-40GB MIG 4g.20gb (0),1,,13,cupy_copy__complex64_complex64
14696274479,3936,274303,1,1,1,1,1,1,18,0.000,0.000,,,,,NVIDIA A100-SXM4-40GB MIG 4g.20gb (0),1,,13,cupy_copy__float32_float32
14696556332,236798,274314,1,1,1,32,32,1,30,0.000,0.000,,,,,NVIDIA A100-SXM4-40GB MIG 4g.20gb (0),1,,13,"void convert_kernel<__half2, float2>(tensor_layout_any, T1 *, tensor_layout_any, const T2 *)"
14696828105,5632,274317,,,,,,,,,,0.094,16636.287,Pinned,Device,NVIDIA A100-SXM4-40GB MIG 4g.20gb (0),1,,13,[CUDA memcpy Host-to-Device]
14697046247,4320,274318,,,,,,,,,,1.547,358014.070,Device,,NVIDIA A100-SXM4-40GB MIG 4g.20gb (0),1,,13,[CUDA memset]
14697052615,6048,274323,,,,,,,,,,0.031,5174.575,Pinned,Device,NVIDIA A100-SXM4-40GB MIG 4g.20gb (0),1,,13,[CUDA memcpy Host-to-Device]
14697061415,13183,274324,,,,,,,,,,0.197,14913.700,Pinned,Device,NVIDIA A100-SXM4-40GB MIG 4g.20gb (0),1,,13,[CUDA memcpy Host-to-Device]
14697240420,32480,274325,273,1,1,8,4,1,39,0.002,0.000,,,,,NVIDIA A100-SXM4-40GB MIG 4g.20gb (0),1,,13,"void channel_eq::eqMmseCoefCompLowMimoKernel<float, float, float, (unsigned int)4, (unsigned int)1, (unsigned int)4>(const channel_eq::_puschRxChEqStatDescr *, channel_eq::_puschRxChEqCoefCompDynDescr)"
14697519329,33472,274326,273,1,1,12,11,1,51,0.002,0.000,,,,,NVIDIA A100-SXM4-40GB MIG 4g.20gb (0),1,,13,"void channel_eq::eqMmseSoftDemapKernel<float, __half, __half, float, (unsigned int)4, (unsigned short)16383>(channel_eq::_puschRxChEqStatDescr *, channel_eq::_puschRxChEqSoftDemapDynDescr)"
14697830430,652728,274327,1,1,1,32,32,1,30,0.000,0.000,,,,,NVIDIA A100-SXM4-40GB MIG 4g.20gb (0),1,,13,"void convert_kernel<float2, __half2>(tensor_layout_any, T1 *, tensor_layout_any, const T2 *)"
14698706804,16352,274339,2253,1,1,128,1,1,16,0.000,0.000,,,,,NVIDIA A100-SXM4-40GB MIG 4g.20gb (0),1,,13,cupy_copy__float16_float16
14698963665,13376,274348,282,1,1,128,1,1,16,0.000,0.000,,,,,NVIDIA A100-SXM4-40GB MIG 4g.20gb (0),1,,13,cupy_copy__complex64_complex64
14699183663,4000,274357,26,1,1,128,1,1,16,0.000,0.000,,,,,NVIDIA A100-SXM4-40GB MIG 4g.20gb (0),1,,13,cupy_copy__float32_float32
14699388236,4576,274366,103,1,1,128,1,1,16,0.000,0.000,,,,,NVIDIA A100-SXM4-40GB MIG 4g.20gb (0),1,,13,cupy_copy__complex64_complex64
14699662345,17440,274376,1434,1,1,128,1,1,16,0.000,0.000,,,,,NVIDIA A100-SXM4-40GB MIG 4g.20gb (0),1,,13,cupy_copy__complex64_complex64
14699928486,248509,274381,1,1,1,32,32,1,30,0.000,0.000,,,,,NVIDIA A100-SXM4-40GB MIG 4g.20gb (0),1,,13,"void convert_kernel<__half2, float2>(tensor_layout_any, T1 *, tensor_layout_any, const T2 *)"
14700206691,6400,274384,,,,,,,,,,0.094,14640.000,Pinned,Device,NVIDIA A100-SXM4-40GB MIG 4g.20gb (0),1,,13,[CUDA memcpy Host-to-Device]
14700436032,638041,274385,,,,,,,,,,456.561,715431.776,Device,,NVIDIA A100-SXM4-40GB MIG 4g.20gb (0),1,,13,[CUDA memset]
14701079065,65056,274390,,,,,,,,,,1.235,18982.324,Pinned,Device,NVIDIA A100-SXM4-40GB MIG 4g.20gb (0),1,,13,[CUDA memcpy Host-to-Device]
14701147160,16544,274391,,,,,,,,,,0.197,11883.774,Pinned,Device,NVIDIA A100-SXM4-40GB MIG 4g.20gb (0),1,,13,[CUDA memcpy Host-to-Device]
14701418677,22848,274392,69,4,1,48,1,1,76,0.002,0.000,,,,,NVIDIA A100-SXM4-40GB MIG 4g.20gb (0),1,,13,"void ch_est::windowedChEstPreNoDftSOfdmKernel<float, __half, float, (unsigned int)2, (unsigned int)1, (unsigned short)4>(ch_est::puschRxChEstStatDescr_t *, ch_est::puschRxChEstDynDescr_t *)"
14701652147,24863,274393,137,2,1,24,2,1,44,0.001,0.001,,,,,NVIDIA A100-SXM4-40GB MIG 4g.20gb (0),1,,13,"void ch_est::chEstFilterNoDftSOfdmDispatchKernel<float, __half, float, (unsigned int)2>(ch_est::puschRxChEstStatDescr_t *, ch_est::puschRxChEstDynDescr_t *)"
14701865904,10176,274394,137,2,1,24,2,1,44,0.001,0.001,,,,,NVIDIA A100-SXM4-40GB MIG 4g.20gb (0),1,,13,"void ch_est::chEstFilterNoDftSOfdmDispatchKernel<float, __half, float, (unsigned int)2>(ch_est::puschRxChEstStatDescr_t *, ch_est::puschRxChEstDynDescr_t *)"
14702062414,6304,274405,103,1,1,128,1,1,16,0.000,0.000,,,,,NVIDIA A100-SXM4-40GB MIG 4g.20gb (0),1,,13,cupy_copy__complex64_complex64
14702318155,18656,274415,1434,1,1,128,1,1,16,0.000,0.000,,,,,NVIDIA A100-SXM4-40GB MIG 4g.20gb (0),1,,13,cupy_copy__complex64_complex64
14702555337,4448,274422,103,1,1,128,1,1,16,0.000,0.000,,,,,NVIDIA A100-SXM4-40GB MIG 4g.20gb (0),1,,13,cupy_copy__complex64_complex64
14702770950,221790,274429,1,1,1,32,32,1,30,0.000,0.000,,,,,NVIDIA A100-SXM4-40GB MIG 4g.20gb (0),1,,13,"void convert_kernel<__half2, float2>(tensor_layout_any, T1 *, tensor_layout_any, const T2 *)"
14703020643,5472,274432,,,,,,,,,,0.094,17122.757,Pinned,Device,NVIDIA A100-SXM4-40GB MIG 4g.20gb (0),1,,13,[CUDA memcpy Host-to-Device]
14703279264,58048,274433,,,,,,,,,,35.810,616897.492,Device,,NVIDIA A100-SXM4-40GB MIG 4g.20gb (0),1,,13,[CUDA memset]
14703340576,2528,274435,,,,,,,,,,0.000,31.646,Pinned,Device,NVIDIA A100-SXM4-40GB MIG 4g.20gb (0),1,,13,[CUDA memcpy Host-to-Device]
14703345568,10112,274436,,,,,,,,,,0.197,19442.958,Pinned,Device,NVIDIA A100-SXM4-40GB MIG 4g.20gb (0),1,,13,[CUDA memcpy Host-to-Device]
14703627549,24351,274437,273,1,1,48,1,1,40,0.000,0.001,,,,,NVIDIA A100-SXM4-40GB MIG 4g.20gb (0),1,,13,"void pusch_noise_intf_est::noiseIntfEstNoDftSOfdmKernel<float, __half, float, float, (unsigned int)2, (unsigned int)1, (unsigned char)4, (unsigned char)4>(pusch_noise_intf_est::puschRxNoiseIntfEstDynDescr)"
14703921657,9824,274448,35,1,1,128,1,1,16,0.000,0.000,,,,,NVIDIA A100-SXM4-40GB MIG 4g.20gb (0),1,,13,cupy_copy__complex64_complex64
14704191606,4832,274457,1,1,1,1,1,1,18,0.000,0.000,,,,,NVIDIA A100-SXM4-40GB MIG 4g.20gb (0),1,,13,cupy_copy__float32_float32
14704197174,4576,274463,,,,,,,,,,0.000,0.874,Device,Pageable,NVIDIA A100-SXM4-40GB MIG 4g.20gb (0),1,,7,[CUDA memcpy Device-to-Host]
14704507731,21823,274474,1434,1,1,128,1,1,16,0.000,0.000,,,,,NVIDIA A100-SXM4-40GB MIG 4g.20gb (0),1,,13,cupy_copy__complex64_complex64
14704745520,4288,274481,103,1,1,128,1,1,16,0.000,0.000,,,,,NVIDIA A100-SXM4-40GB MIG 4g.20gb (0),1,,13,cupy_copy__complex64_complex64
14704964301,3840,274488,35,1,1,128,1,1,16,0.000,0.000,,,,,NVIDIA A100-SXM4-40GB MIG 4g.20gb (0),1,,13,cupy_copy__complex64_complex64
14705207915,9312,274495,1,1,1,1,1,1,18,0.000,0.000,,,,,NVIDIA A100-SXM4-40GB MIG 4g.20gb (0),1,,13,cupy_copy__float32_float32
14705487176,246429,274506,1,1,1,32,32,1,30,0.000,0.000,,,,,NVIDIA A100-SXM4-40GB MIG 4g.20gb (0),1,,13,"void convert_kernel<__half2, float2>(tensor_layout_any, T1 *, tensor_layout_any, const T2 *)"
14705763460,6848,274509,,,,,,,,,,0.094,13682.239,Pinned,Device,NVIDIA A100-SXM4-40GB MIG 4g.20gb (0),1,,13,[CUDA memcpy Host-to-Device]
14705976706,4480,274510,,,,,,,,,,1.547,345228.130,Device,,NVIDIA A100-SXM4-40GB MIG 4g.20gb (0),1,,13,[CUDA memset]
14705987362,3104,274515,,,,,,,,,,0.031,10082.445,Pinned,Device,NVIDIA A100-SXM4-40GB MIG 4g.20gb (0),1,,13,[CUDA memcpy Host-to-Device]
14705992930,13408,274516,,,,,,,,,,0.197,14663.418,Pinned,Device,NVIDIA A100-SXM4-40GB MIG 4g.20gb (0),1,,13,[CUDA memcpy Host-to-Device]
14706171488,31136,274517,273,1,1,8,4,1,39,0.002,0.000,,,,,NVIDIA A100-SXM4-40GB MIG 4g.20gb (0),1,,13,"void channel_eq::eqMmseCoefCompLowMimoKernel<float, float, float, (unsigned int)4, (unsigned int)1, (unsigned int)4>(const channel_eq::_puschRxChEqStatDescr *, channel_eq::_puschRxChEqCoefCompDynDescr)"
14706450557,34751,274518,273,1,1,12,11,1,51,0.002,0.000,,,,,NVIDIA A100-SXM4-40GB MIG 4g.20gb (0),1,,13,"void channel_eq::eqMmseSoftDemapKernel<float, __half, __half, float, (unsigned int)4, (unsigned short)16383>(channel_eq::_puschRxChEqStatDescr *, channel_eq::_puschRxChEqSoftDemapDynDescr)"
14706759641,663129,274519,1,1,1,32,32,1,30,0.000,0.000,,,,,NVIDIA A100-SXM4-40GB MIG 4g.20gb (0),1,,13,"void convert_kernel<float2, __half2>(tensor_layout_any, T1 *, tensor_layout_any, const T2 *)"
14707632751,16064,274531,2253,1,1,128,1,1,16,0.000,0.000,,,,,NVIDIA A100-SXM4-40GB MIG 4g.20gb (0),1,,13,cupy_copy__float16_float16
14707890284,14368,274540,282,1,1,128,1,1,16,0.000,0.000,,,,,NVIDIA A100-SXM4-40GB MIG 4g.20gb (0),1,,13,cupy_copy__complex64_complex64
14708110538,3744,274549,26,1,1,128,1,1,16,0.000,0.000,,,,,NVIDIA A100-SXM4-40GB MIG 4g.20gb (0),1,,13,cupy_copy__float32_float32
14708316328,4416,274558,103,1,1,128,1,1,16,0.000,0.000,,,,,NVIDIA A100-SXM4-40GB MIG 4g.20gb (0),1,,13,cupy_copy__complex64_complex64
14708565509,18176,274568,1434,1,1,128,1,1,16,0.000,0.000,,,,,NVIDIA A100-SXM4-40GB MIG 4g.20gb (0),1,,13,cupy_copy__complex64_complex64
14708830978,247869,274573,1,1,1,32,32,1,30,0.000,0.000,,,,,NVIDIA A100-SXM4-40GB MIG 4g.20gb (0),1,,13,"void convert_kernel<__half2, float2>(tensor_layout_any, T1 *, tensor_layout_any, const T2 *)"
14709109375,5760,274576,,,,,,,,,,0.094,16266.656,Pinned,Device,NVIDIA A100-SXM4-40GB MIG 4g.20gb (0),1,,13,[CUDA memcpy Host-to-Device]
14709346812,639289,274577,,,,,,,,,,456.561,714062.092,Device,,NVIDIA A100-SXM4-40GB MIG 4g.20gb (0),1,,13,[CUDA memset]
14709993205,66015,274582,,,,,,,,,,1.235,18706.932,Pinned,Device,NVIDIA A100-SXM4-40GB MIG 4g.20gb (0),1,,13,[CUDA memcpy Host-to-Device]
14710063028,15168,274583,,,,,,,,,,0.197,12961.972,Pinned,Device,NVIDIA A100-SXM4-40GB MIG 4g.20gb (0),1,,13,[CUDA memcpy Host-to-Device]
14710329969,24320,274584,69,4,1,48,1,1,76,0.002,0.000,,,,,NVIDIA A100-SXM4-40GB MIG 4g.20gb (0),1,,13,"void ch_est::windowedChEstPreNoDftSOfdmKernel<float, __half, float, (unsigned int)2, (unsigned int)1, (unsigned short)4>(ch_est::puschRxChEstStatDescr_t *, ch_est::puschRxChEstDynDescr_t *)"
14710633806,23615,274585,137,2,1,24,2,1,44,0.001,0.001,,,,,NVIDIA A100-SXM4-40GB MIG 4g.20gb (0),1,,13,"void ch_est::chEstFilterNoDftSOfdmDispatchKernel<float, __half, float, (unsigned int)2>(ch_est::puschRxChEstStatDescr_t *, ch_est::puschRxChEstDynDescr_t *)"
14710865291,22848,274586,137,2,1,24,2,1,44,0.001,0.001,,,,,NVIDIA A100-SXM4-40GB MIG 4g.20gb (0),1,,13,"void ch_est::chEstFilterNoDftSOfdmDispatchKernel<float, __half, float, (unsigned int)2>(ch_est::puschRxChEstStatDescr_t *, ch_est::puschRxChEstDynDescr_t *)"
14711078729,3968,274597,103,1,1,128,1,1,16,0.000,0.000,,,,,NVIDIA A100-SXM4-40GB MIG 4g.20gb (0),1,,13,cupy_copy__complex64_complex64
14711277862,16960,274607,1434,1,1,128,1,1,16,0.000,0.000,,,,,NVIDIA A100-SXM4-40GB MIG 4g.20gb (0),1,,13,cupy_copy__complex64_complex64
14711537059,9728,274614,103,1,1,128,1,1,16,0.000,0.000,,,,,NVIDIA A100-SXM4-40GB MIG 4g.20gb (0),1,,13,cupy_copy__complex64_complex64
14711768417,254781,274621,1,1,1,32,32,1,30,0.000,0.000,,,,,NVIDIA A100-SXM4-40GB MIG 4g.20gb (0),1,,13,"void convert_kernel<__half2, float2>(tensor_layout_any, T1 *, tensor_layout_any, const T2 *)"
14712054142,6623,274624,,,,,,,,,,0.094,14146.972,Pinned,Device,NVIDIA A100-SXM4-40GB MIG 4g.20gb (0),1,,13,[CUDA memcpy Host-to-Device]
14712279323,53823,274625,,,,,,,,,,35.810,665312.504,Device,,NVIDIA A100-SXM4-40GB MIG 4g.20gb (0),1,,13,[CUDA memset]
14712334042,4928,274627,,,,,,,,,,0.000,16.234,Pinned,Device,NVIDIA A100-SXM4-40GB MIG 4g.20gb (0),1,,13,[CUDA memcpy Host-to-Device]
14712345050,12896,274628,,,,,,,,,,0.197,15245.574,Pinned,Device,NVIDIA A100-SXM4-40GB MIG 4g.20gb (0),1,,13,[CUDA memcpy Host-to-Device]
14712631351,16000,274629,273,1,1,48,1,1,40,0.000,0.001,,,,,NVIDIA A100-SXM4-40GB MIG 4g.20gb (0),1,,13,"void pusch_noise_intf_est::noiseIntfEstNoDftSOfdmKernel<float, __half, float, float, (unsigned int)2, (unsigned int)1, (unsigned char)4, (unsigned char)4>(pusch_noise_intf_est::puschRxNoiseIntfEstDynDescr)"
14712828117,9824,274640,35,1,1,128,1,1,16,0.000,0.000,,,,,NVIDIA A100-SXM4-40GB MIG 4g.20gb (0),1,,13,cupy_copy__complex64_complex64
14713083378,5056,274649,1,1,1,1,1,1,18,0.000,0.000,,,,,NVIDIA A100-SXM4-40GB MIG 4g.20gb (0),1,,13,cupy_copy__float32_float32
14713094418,1696,274655,,,,,,,,,,0.000,2.358,Device,Pageable,NVIDIA A100-SXM4-40GB MIG 4g.20gb (0),1,,7,[CUDA memcpy Device-to-Host]
14713389391,20767,274666,1434,1,1,128,1,1,16,0.000,0.000,,,,,NVIDIA A100-SXM4-40GB MIG 4g.20gb (0),1,,13,cupy_copy__complex64_complex64
14713625804,4192,274673,103,1,1,128,1,1,16,0.000,0.000,,,,,NVIDIA A100-SXM4-40GB MIG 4g.20gb (0),1,,13,cupy_copy__complex64_complex64
14713841161,4000,274680,35,1,1,128,1,1,16,0.000,0.000,,,,,NVIDIA A100-SXM4-40GB MIG 4g.20gb (0),1,,13,cupy_copy__complex64_complex64
14714083655,9440,274687,1,1,1,1,1,1,18,0.000,0.000,,,,,NVIDIA A100-SXM4-40GB MIG 4g.20gb (0),1,,13,cupy_copy__float32_float32
14714362916,257341,274698,1,1,1,32,32,1,30,0.000,0.000,,,,,NVIDIA A100-SXM4-40GB MIG 4g.20gb (0),1,,13,"void convert_kernel<__half2, float2>(tensor_layout_any, T1 *, tensor_layout_any, const T2 *)"
14714649888,10304,274701,,,,,,,,,,0.094,9093.103,Pinned,Device,NVIDIA A100-SXM4-40GB MIG 4g.20gb (0),1,,13,[CUDA memcpy Host-to-Device]
14714852126,4416,274702,,,,,,,,,,1.547,350231.458,Device,,NVIDIA A100-SXM4-40GB MIG 4g.20gb (0),1,,13,[CUDA memset]
14714861374,6528,274707,,,,,,,,,,0.031,4794.109,Pinned,Device,NVIDIA A100-SXM4-40GB MIG 4g.20gb (0),1,,13,[CUDA memcpy Host-to-Device]
14714870558,11296,274708,,,,,,,,,,0.197,17404.920,Pinned,Device,NVIDIA A100-SXM4-40GB MIG 4g.20gb (0),1,,13,[CUDA memcpy Host-to-Device]
14715047964,30463,274709,273,1,1,8,4,1,39,0.002,0.000,,,,,NVIDIA A100-SXM4-40GB MIG 4g.20gb (0),1,,13,"void channel_eq::eqMmseCoefCompLowMimoKernel<float, float, float, (unsigned int)4, (unsigned int)1, (unsigned int)4>(const channel_eq::_puschRxChEqStatDescr *, channel_eq::_puschRxChEqCoefCompDynDescr)"
14715330713,30303,274710,273,1,1,12,11,1,51,0.002,0.000,,,,,NVIDIA A100-SXM4-40GB MIG 4g.20gb (0),1,,13,"void channel_eq::eqMmseSoftDemapKernel<float, __half, __half, float, (unsigned int)4, (unsigned short)16383>(channel_eq::_puschRxChEqStatDescr *, channel_eq::_puschRxChEqSoftDemapDynDescr)"
14715567734,665976,274711,1,1,1,32,32,1,30,0.000,0.000,,,,,NVIDIA A100-SXM4-40GB MIG 4g.20gb (0),1,,13,"void convert_kernel<float2, __half2>(tensor_layout_any, T1 *, tensor_layout_any, const T2 *)"
14716486092,19455,274723,2253,1,1,128,1,1,16,0.000,0.000,,,,,NVIDIA A100-SXM4-40GB MIG 4g.20gb (0),1,,13,cupy_copy__float16_float16
14716795880,12224,274732,282,1,1,128,1,1,16,0.000,0.000,,,,,NVIDIA A100-SXM4-40GB MIG 4g.20gb (0),1,,13,cupy_copy__complex64_complex64
14717016038,3680,274741,26,1,1,128,1,1,16,0.000,0.000,,,,,NVIDIA A100-SXM4-40GB MIG 4g.20gb (0),1,,13,cupy_copy__float32_float32
14717221187,4512,274750,103,1,1,128,1,1,16,0.000,0.000,,,,,NVIDIA A100-SXM4-40GB MIG 4g.20gb (0),1,,13,cupy_copy__complex64_complex64
14717487456,18112,274760,1434,1,1,128,1,1,16,0.000,0.000,,,,,NVIDIA A100-SXM4-40GB MIG 4g.20gb (0),1,,13,cupy_copy__complex64_complex64
14717751869,247678,274765,1,1,1,32,32,1,30,0.000,0.000,,,,,NVIDIA A100-SXM4-40GB MIG 4g.20gb (0),1,,13,"void convert_kernel<__half2, float2>(tensor_layout_any, T1 *, tensor_layout_any, const T2 *)"
14718029626,6816,274768,,,,,,,,,,0.094,13746.421,Pinned,Device,NVIDIA A100-SXM4-40GB MIG 4g.20gb (0),1,,13,[CUDA memcpy Host-to-Device]
14718263704,644888,274769,,,,,,,,,,456.561,707670.232,Device,,NVIDIA A100-SXM4-40GB MIG 4g.20gb (0),1,,13,[CUDA memset]
14718909808,56256,274774,,,,,,,,,,1.235,21951.130,Pinned,Device,NVIDIA A100-SXM4-40GB MIG 4g.20gb (0),1,,13,[CUDA memcpy Host-to-Device]
14718969040,11584,274775,,,,,,,,,,0.197,16972.186,Pinned,Device,NVIDIA A100-SXM4-40GB MIG 4g.20gb (0),1,,13,[CUDA memcpy Host-to-Device]
14719250124,23200,274776,69,4,1,48,1,1,76,0.002,0.000,,,,,NVIDIA A100-SXM4-40GB MIG 4g.20gb (0),1,,13,"void ch_est::windowedChEstPreNoDftSOfdmKernel<float, __half, float, (unsigned int)2, (unsigned int)1, (unsigned short)4>(ch_est::puschRxChEstStatDescr_t *, ch_est::puschRxChEstDynDescr_t *)"
14719482154,26848,274777,137,2,1,24,2,1,44,0.001,0.001,,,,,NVIDIA A100-SXM4-40GB MIG 4g.20gb (0),1,,13,"void ch_est::chEstFilterNoDftSOfdmDispatchKernel<float, __half, float, (unsigned int)2>(ch_est::puschRxChEstStatDescr_t *, ch_est::puschRxChEstDynDescr_t *)"
14719697319,10464,274778,137,2,1,24,2,1,44,0.001,0.001,,,,,NVIDIA A100-SXM4-40GB MIG 4g.20gb (0),1,,13,"void ch_est::chEstFilterNoDftSOfdmDispatchKernel<float, __half, float, (unsigned int)2>(ch_est::puschRxChEstStatDescr_t *, ch_est::puschRxChEstDynDescr_t *)"
14719893925,5920,274789,103,1,1,128,1,1,16,0.000,0.000,,,,,NVIDIA A100-SXM4-40GB MIG 4g.20gb (0),1,,13,cupy_copy__complex64_complex64
14720149282,18432,274799,1434,1,1,128,1,1,16,0.000,0.000,,,,,NVIDIA A100-SXM4-40GB MIG 4g.20gb (0),1,,13,cupy_copy__complex64_complex64
14720384576,4096,274806,103,1,1,128,1,1,16,0.000,0.000,,,,,NVIDIA A100-SXM4-40GB MIG 4g.20gb (0),1,,13,cupy_copy__complex64_complex64
14720598845,220190,274813,1,1,1,32,32,1,30,0.000,0.000,,,,,NVIDIA A100-SXM4-40GB MIG 4g.20gb (0),1,,13,"void convert_kernel<__half2, float2>(tensor_layout_any, T1 *, tensor_layout_any, const T2 *)"
14720848890,5856,274816,,,,,,,,,,0.094,15999.997,Pinned,Device,NVIDIA A100-SXM4-40GB MIG 4g.20gb (0),1,,13,[CUDA memcpy Host-to-Device]
14721105528,57023,274817,,,,,,,,,,35.810,627962.757,Device,,NVIDIA A100-SXM4-40GB MIG 4g.20gb (0),1,,13,[CUDA memset]
14721165847,1888,274819,,,,,,,,,,0.000,42.373,Pinned,Device,NVIDIA A100-SXM4-40GB MIG 4g.20gb (0),1,,13,[CUDA memcpy Host-to-Device]
14721170167,10592,274820,,,,,,,,,,0.197,18561.761,Pinned,Device,NVIDIA A100-SXM4-40GB MIG 4g.20gb (0),1,,13,[CUDA memcpy Host-to-Device]
14721453876,32959,274821,273,1,1,48,1,1,40,0.000,0.001,,,,,NVIDIA A100-SXM4-40GB MIG 4g.20gb (0),1,,13,"void pusch_noise_intf_est::noiseIntfEstNoDftSOfdmKernel<float, __half, float, float, (unsigned int)2, (unsigned int)1, (unsigned char)4, (unsigned char)4>(pusch_noise_intf_est::puschRxNoiseIntfEstDynDescr)"
14721749808,9216,274832,35,1,1,128,1,1,16,0.000,0.000,,,,,NVIDIA A100-SXM4-40GB MIG 4g.20gb (0),1,,13,cupy_copy__complex64_complex64
14722011149,5280,274841,1,1,1,1,1,1,18,0.000,0.000,,,,,NVIDIA A100-SXM4-40GB MIG 4g.20gb (0),1,,13,cupy_copy__float32_float32
14722022029,4928,274847,,,,,,,,,,0.000,0.812,Device,Pageable,NVIDIA A100-SXM4-40GB MIG 4g.20gb (0),1,,7,[CUDA memcpy Device-to-Host]
14722323818,23168,274858,1434,1,1,128,1,1,16,0.000,0.000,,,,,NVIDIA A100-SXM4-40GB MIG 4g.20gb (0),1,,13,cupy_copy__complex64_complex64
14722561703,4288,274865,103,1,1,128,1,1,16,0.000,0.000,,,,,NVIDIA A100-SXM4-40GB MIG 4g.20gb (0),1,,13,cupy_copy__complex64_complex64
14722778053,4000,274872,35,1,1,128,1,1,16,0.000,0.000,,,,,NVIDIA A100-SXM4-40GB MIG 4g.20gb (0),1,,13,cupy_copy__complex64_complex64
14723020674,4576,274879,1,1,1,1,1,1,18,0.000,0.000,,,,,NVIDIA A100-SXM4-40GB MIG 4g.20gb (0),1,,13,cupy_copy__float32_float32
14723298239,233021,274890,1,1,1,32,32,1,30,0.000,0.000,,,,,NVIDIA A100-SXM4-40GB MIG 4g.20gb (0),1,,13,"void convert_kernel<__half2, float2>(tensor_layout_any, T1 *, tensor_layout_any, const T2 *)"
14723559996,5440,274893,,,,,,,,,,0.094,17223.480,Pinned,Device,NVIDIA A100-SXM4-40GB MIG 4g.20gb (0),1,,13,[CUDA memcpy Host-to-Device]
14723789241,4384,274894,,,,,,,,,,1.547,352788.028,Device,,NVIDIA A100-SXM4-40GB MIG 4g.20gb (0),1,,13,[CUDA memset]
14723800345,3392,274899,,,,,,,,,,0.031,9226.405,Pinned,Device,NVIDIA A100-SXM4-40GB MIG 4g.20gb (0),1,,13,[CUDA memcpy Host-to-Device]
14723808953,13472,274900,,,,,,,,,,0.197,14593.819,Pinned,Device,NVIDIA A100-SXM4-40GB MIG 4g.20gb (0),1,,13,[CUDA memcpy Host-to-Device]
14723990359,38912,274901,273,1,1,8,4,1,39,0.002,0.000,,,,,NVIDIA A100-SXM4-40GB MIG 4g.20gb (0),1,,13,"void channel_eq::eqMmseCoefCompLowMimoKernel<float, float, float, (unsigned int)4, (unsigned int)1, (unsigned int)4>(const channel_eq::_puschRxChEqStatDescr *, channel_eq::_puschRxChEqCoefCompDynDescr)"
14724264852,34592,274902,273,1,1,12,11,1,51,0.002,0.000,,,,,NVIDIA A100-SXM4-40GB MIG 4g.20gb (0),1,,13,"void channel_eq::eqMmseSoftDemapKernel<float, __half, __half, float, (unsigned int)4, (unsigned short)16383>(channel_eq::_puschRxChEqStatDescr *, channel_eq::_puschRxChEqSoftDemapDynDescr)"
14724575728,669657,274903,1,1,1,32,32,1,30,0.000,0.000,,,,,NVIDIA A100-SXM4-40GB MIG 4g.20gb (0),1,,13,"void convert_kernel<float2, __half2>(tensor_layout_any, T1 *, tensor_layout_any, const T2 *)"
14725451335,16383,274915,2253,1,1,128,1,1,16,0.000,0.000,,,,,NVIDIA A100-SXM4-40GB MIG 4g.20gb (0),1,,13,cupy_copy__float16_float16
14725709892,13536,274924,282,1,1,128,1,1,16,0.000,0.000,,,,,NVIDIA A100-SXM4-40GB MIG 4g.20gb (0),1,,13,cupy_copy__complex64_complex64
14725932865,3680,274933,26,1,1,128,1,1,16,0.000,0.000,,,,,NVIDIA A100-SXM4-40GB MIG 4g.20gb (0),1,,13,cupy_copy__float32_float32
14726141631,4640,274942,103,1,1,128,1,1,16,0.000,0.000,,,,,NVIDIA A100-SXM4-40GB MIG 4g.20gb (0),1,,13,cupy_copy__complex64_complex64
14726399004,18272,274952,1434,1,1,128,1,1,16,0.000,0.000,,,,,NVIDIA A100-SXM4-40GB MIG 4g.20gb (0),1,,13,cupy_copy__complex64_complex64
14726665049,242909,274957,1,1,1,32,32,1,30,0.000,0.000,,,,,NVIDIA A100-SXM4-40GB MIG 4g.20gb (0),1,,13,"void convert_kernel<__half2, float2>(tensor_layout_any, T1 *, tensor_layout_any, const T2 *)"
14726937302,9312,274960,,,,,,,,,,0.094,10061.826,Pinned,Device,NVIDIA A100-SXM4-40GB MIG 4g.20gb (0),1,,13,[CUDA memcpy Host-to-Device]
14727179475,636377,274961,,,,,,,,,,456.561,717258.022,Device,,NVIDIA A100-SXM4-40GB MIG 4g.20gb (0),1,,13,[CUDA memset]
14727822892,66239,274966,,,,,,,,,,1.235,18642.715,Pinned,Device,NVIDIA A100-SXM4-40GB MIG 4g.20gb (0),1,,13,[CUDA memcpy Host-to-Device]
14727891947,14720,274967,,,,,,,,,,0.197,13356.368,Pinned,Device,NVIDIA A100-SXM4-40GB MIG 4g.20gb (0),1,,13,[CUDA memcpy Host-to-Device]
14728160808,23776,274968,69,4,1,48,1,1,76,0.002,0.000,,,,,NVIDIA A100-SXM4-40GB MIG 4g.20gb (0),1,,13,"void ch_est::windowedChEstPreNoDftSOfdmKernel<float, __half, float, (unsigned int)2, (unsigned int)1, (unsigned short)4>(ch_est::puschRxChEstStatDescr_t *, ch_est::puschRxChEstDynDescr_t *)"
14728395173,26528,274969,137,2,1,24,2,1,44,0.001,0.001,,,,,NVIDIA A100-SXM4-40GB MIG 4g.20gb (0),1,,13,"void ch_est::chEstFilterNoDftSOfdmDispatchKernel<float, __half, float, (unsigned int)2>(ch_est::puschRxChEstStatDescr_t *, ch_est::puschRxChEstDynDescr_t *)"
14728611715,11040,274970,137,2,1,24,2,1,44,0.001,0.001,,,,,NVIDIA A100-SXM4-40GB MIG 4g.20gb (0),1,,13,"void ch_est::chEstFilterNoDftSOfdmDispatchKernel<float, __half, float, (unsigned int)2>(ch_est::puschRxChEstStatDescr_t *, ch_est::puschRxChEstDynDescr_t *)"
14728809185,6336,274981,103,1,1,128,1,1,16,0.000,0.000,,,,,NVIDIA A100-SXM4-40GB MIG 4g.20gb (0),1,,13,cupy_copy__complex64_complex64
14729065438,19136,274991,1434,1,1,128,1,1,16,0.000,0.000,,,,,NVIDIA A100-SXM4-40GB MIG 4g.20gb (0),1,,13,cupy_copy__complex64_complex64
14729301595,4096,274998,103,1,1,128,1,1,16,0.000,0.000,,,,,NVIDIA A100-SXM4-40GB MIG 4g.20gb (0),1,,13,cupy_copy__complex64_complex64
14729518617,218781,275005,1,1,1,32,32,1,30,0.000,0.000,,,,,NVIDIA A100-SXM4-40GB MIG 4g.20gb (0),1,,13,"void convert_kernel<__half2, float2>(tensor_layout_any, T1 *, tensor_layout_any, const T2 *)"
14729766902,5888,275008,,,,,,,,,,0.094,15912.954,Pinned,Device,NVIDIA A100-SXM4-40GB MIG 4g.20gb (0),1,,13,[CUDA memcpy Host-to-Device]
14730020787,57535,275009,,,,,,,,,,35.810,622376.410,Device,,NVIDIA A100-SXM4-40GB MIG 4g.20gb (0),1,,13,[CUDA memset]
14730088530,5344,275011,,,,,,,,,,0.000,14.970,Pinned,Device,NVIDIA A100-SXM4-40GB MIG 4g.20gb (0),1,,13,[CUDA memcpy Host-to-Device]
14730096498,12896,275012,,,,,,,,,,0.197,15245.574,Pinned,Device,NVIDIA A100-SXM4-40GB MIG 4g.20gb (0),1,,13,[CUDA memcpy Host-to-Device]
14730369135,31456,275013,273,1,1,48,1,1,40,0.000,0.001,,,,,NVIDIA A100-SXM4-40GB MIG 4g.20gb (0),1,,13,"void pusch_noise_intf_est::noiseIntfEstNoDftSOfdmKernel<float, __half, float, float, (unsigned int)2, (unsigned int)1, (unsigned char)4, (unsigned char)4>(pusch_noise_intf_est::puschRxNoiseIntfEstDynDescr)"
14730662380,8704,275024,35,1,1,128,1,1,16,0.000,0.000,,,,,NVIDIA A100-SXM4-40GB MIG 4g.20gb (0),1,,13,cupy_copy__complex64_complex64
14730937321,5216,275033,1,1,1,1,1,1,18,0.000,0.000,,,,,NVIDIA A100-SXM4-40GB MIG 4g.20gb (0),1,,13,cupy_copy__float32_float32
14730947081,1632,275039,,,,,,,,,,0.000,2.451,Device,Pageable,NVIDIA A100-SXM4-40GB MIG 4g.20gb (0),1,,7,[CUDA memcpy Device-to-Host]
14731267781,20992,275050,1434,1,1,128,1,1,16,0.000,0.000,,,,,NVIDIA A100-SXM4-40GB MIG 4g.20gb (0),1,,13,cupy_copy__complex64_complex64
14731506754,4192,275057,103,1,1,128,1,1,16,0.000,0.000,,,,,NVIDIA A100-SXM4-40GB MIG 4g.20gb (0),1,,13,cupy_copy__complex64_complex64
14731722624,3776,275064,35,1,1,128,1,1,16,0.000,0.000,,,,,NVIDIA A100-SXM4-40GB MIG 4g.20gb (0),1,,13,cupy_copy__complex64_complex64
14731967165,4448,275071,1,1,1,1,1,1,18,0.000,0.000,,,,,NVIDIA A100-SXM4-40GB MIG 4g.20gb (0),1,,13,cupy_copy__float32_float32
14732248858,238013,275082,1,1,1,32,32,1,30,0.000,0.000,,,,,NVIDIA A100-SXM4-40GB MIG 4g.20gb (0),1,,13,"void convert_kernel<__half2, float2>(tensor_layout_any, T1 *, tensor_layout_any, const T2 *)"
14732517271,5664,275085,,,,,,,,,,0.094,16542.310,Pinned,Device,NVIDIA A100-SXM4-40GB MIG 4g.20gb (0),1,,13,[CUDA memcpy Host-to-Device]
14732741492,4768,275086,,,,,,,,,,1.547,324374.998,Device,,NVIDIA A100-SXM4-40GB MIG 4g.20gb (0),1,,13,[CUDA memset]
14732752788,3200,275091,,,,,,,,,,0.031,9780.000,Pinned,Device,NVIDIA A100-SXM4-40GB MIG 4g.20gb (0),1,,13,[CUDA memcpy Host-to-Device]
14732758612,13920,275092,,,,,,,,,,0.197,14124.122,Pinned,Device,NVIDIA A100-SXM4-40GB MIG 4g.20gb (0),1,,13,[CUDA memcpy Host-to-Device]
14732936018,28512,275093,273,1,1,8,4,1,39,0.002,0.000,,,,,NVIDIA A100-SXM4-40GB MIG 4g.20gb (0),1,,13,"void channel_eq::eqMmseCoefCompLowMimoKernel<float, float, float, (unsigned int)4, (unsigned int)1, (unsigned int)4>(const channel_eq::_puschRxChEqStatDescr *, channel_eq::_puschRxChEqCoefCompDynDescr)"
14733285102,29248,275094,273,1,1,12,11,1,51,0.002,0.000,,,,,NVIDIA A100-SXM4-40GB MIG 4g.20gb (0),1,,13,"void channel_eq::eqMmseSoftDemapKernel<float, __half, __half, float, (unsigned int)4, (unsigned short)16383>(channel_eq::_puschRxChEqStatDescr *, channel_eq::_puschRxChEqSoftDemapDynDescr)"
14733557739,672409,275095,1,1,1,32,32,1,30,0.000,0.000,,,,,NVIDIA A100-SXM4-40GB MIG 4g.20gb (0),1,,13,"void convert_kernel<float2, __half2>(tensor_layout_any, T1 *, tensor_layout_any, const T2 *)"
14734431649,16448,275107,2253,1,1,128,1,1,16,0.000,0.000,,,,,NVIDIA A100-SXM4-40GB MIG 4g.20gb (0),1,,13,cupy_copy__float16_float16
14734691838,12928,275116,282,1,1,128,1,1,16,0.000,0.000,,,,,NVIDIA A100-SXM4-40GB MIG 4g.20gb (0),1,,13,cupy_copy__complex64_complex64
14734913916,4000,275125,26,1,1,128,1,1,16,0.000,0.000,,,,,NVIDIA A100-SXM4-40GB MIG 4g.20gb (0),1,,13,cupy_copy__float32_float32
14735118746,4704,275134,103,1,1,128,1,1,16,0.000,0.000,,,,,NVIDIA A100-SXM4-40GB MIG 4g.20gb (0),1,,13,cupy_copy__complex64_complex64
14735372695,18496,275150,1434,1,1,128,1,1,16,0.000,0.000,,,,,NVIDIA A100-SXM4-40GB MIG 4g.20gb (0),1,,13,cupy_copy__complex64_complex64
14735641204,251997,275155,1,1,1,32,32,1,30,0.000,0.000,,,,,NVIDIA A100-SXM4-40GB MIG 4g.20gb (0),1,,13,"void convert_kernel<__half2, float2>(tensor_layout_any, T1 *, tensor_layout_any, const T2 *)"
14735929553,6943,275158,,,,,,,,,,0.094,13494.941,Pinned,Device,NVIDIA A100-SXM4-40GB MIG 4g.20gb (0),1,,13,[CUDA memcpy Host-to-Device]
14736157838,626169,275159,,,,,,,,,,456.561,729128.620,Device,,NVIDIA A100-SXM4-40GB MIG 4g.20gb (0),1,,13,[CUDA memset]
14736787879,80191,275164,,,,,,,,,,1.235,15399.752,Pinned,Device,NVIDIA A100-SXM4-40GB MIG 4g.20gb (0),1,,13,[CUDA memcpy Host-to-Device]
14736870854,11520,275165,,,,,,,,,,0.197,17066.557,Pinned,Device,NVIDIA A100-SXM4-40GB MIG 4g.20gb (0),1,,13,[CUDA memcpy Host-to-Device]
14737166883,20063,275166,69,4,1,48,1,1,76,0.002,0.000,,,,,NVIDIA A100-SXM4-40GB MIG 4g.20gb (0),1,,13,"void ch_est::windowedChEstPreNoDftSOfdmKernel<float, __half, float, (unsigned int)2, (unsigned int)1, (unsigned short)4>(ch_est::puschRxChEstStatDescr_t *, ch_est::puschRxChEstDynDescr_t *)"
14737427424,22847,275167,137,2,1,24,2,1,44,0.001,0.001,,,,,NVIDIA A100-SXM4-40GB MIG 4g.20gb (0),1,,13,"void ch_est::chEstFilterNoDftSOfdmDispatchKernel<float, __half, float, (unsigned int)2>(ch_est::puschRxChEstStatDescr_t *, ch_est::puschRxChEstDynDescr_t *)"
14737660061,16384,275168,137,2,1,24,2,1,44,0.001,0.001,,,,,NVIDIA A100-SXM4-40GB MIG 4g.20gb (0),1,,13,"void ch_est::chEstFilterNoDftSOfdmDispatchKernel<float, __half, float, (unsigned int)2>(ch_est::puschRxChEstStatDescr_t *, ch_est::puschRxChEstDynDescr_t *)"
14737872187,4000,275179,103,1,1,128,1,1,16,0.000,0.000,,,,,NVIDIA A100-SXM4-40GB MIG 4g.20gb (0),1,,13,cupy_copy__complex64_complex64
14738073944,16544,275189,1434,1,1,128,1,1,16,0.000,0.000,,,,,NVIDIA A100-SXM4-40GB MIG 4g.20gb (0),1,,13,cupy_copy__complex64_complex64
14738331573,11936,275196,103,1,1,128,1,1,16,0.000,0.000,,,,,NVIDIA A100-SXM4-40GB MIG 4g.20gb (0),1,,13,cupy_copy__complex64_complex64
14738561011,259133,275203,1,1,1,32,32,1,30,0.000,0.000,,,,,NVIDIA A100-SXM4-40GB MIG 4g.20gb (0),1,,13,"void convert_kernel<__half2, float2>(tensor_layout_any, T1 *, tensor_layout_any, const T2 *)"
14738849904,6368,275206,,,,,,,,,,0.094,14713.551,Pinned,Device,NVIDIA A100-SXM4-40GB MIG 4g.20gb (0),1,,13,[CUDA memcpy Host-to-Device]
14739071149,52128,275207,,,,,,,,,,35.810,686941.695,Device,,NVIDIA A100-SXM4-40GB MIG 4g.20gb (0),1,,13,[CUDA memset]
14739125709,1983,275209,,,,,,,,,,0.000,40.343,Pinned,Device,NVIDIA A100-SXM4-40GB MIG 4g.20gb (0),1,,13,[CUDA memcpy Host-to-Device]
14739134828,13600,275210,,,,,,,,,,0.197,14456.390,Pinned,Device,NVIDIA A100-SXM4-40GB MIG 4g.20gb (0),1,,13,[CUDA memcpy Host-to-Device]
14739424041,16128,275211,273,1,1,48,1,1,40,0.000,0.001,,,,,NVIDIA A100-SXM4-40GB MIG 4g.20gb (0),1,,13,"void pusch_noise_intf_est::noiseIntfEstNoDftSOfdmKernel<float, __half, float, float, (unsigned int)2, (unsigned int)1, (unsigned char)4, (unsigned char)4>(pusch_noise_intf_est::puschRxNoiseIntfEstDynDescr)"
14739618151,8576,275222,35,1,1,128,1,1,16,0.000,0.000,,,,,NVIDIA A100-SXM4-40GB MIG 4g.20gb (0),1,,13,cupy_copy__complex64_complex64
14739880516,6784,275231,1,1,1,1,1,1,18,0.000,0.000,,,,,NVIDIA A100-SXM4-40GB MIG 4g.20gb (0),1,,13,cupy_copy__float32_float32
14739890980,4480,275237,,,,,,,,,,0.000,0.893,Device,Pageable,NVIDIA A100-SXM4-40GB MIG 4g.20gb (0),1,,7,[CUDA memcpy Device-to-Host]
14740194048,21568,275248,1434,1,1,128,1,1,16,0.000,0.000,,,,,NVIDIA A100-SXM4-40GB MIG 4g.20gb (0),1,,13,cupy_copy__complex64_complex64
14740434174,4320,275255,103,1,1,128,1,1,16,0.000,0.000,,,,,NVIDIA A100-SXM4-40GB MIG 4g.20gb (0),1,,13,cupy_copy__complex64_complex64
14740651355,3840,275262,35,1,1,128,1,1,16,0.000,0.000,,,,,NVIDIA A100-SXM4-40GB MIG 4g.20gb (0),1,,13,cupy_copy__complex64_complex64
14740898169,4288,275269,1,1,1,1,1,1,18,0.000,0.000,,,,,NVIDIA A100-SXM4-40GB MIG 4g.20gb (0),1,,13,cupy_copy__float32_float32
14741180917,240798,275280,1,1,1,32,32,1,30,0.000,0.000,,,,,NVIDIA A100-SXM4-40GB MIG 4g.20gb (0),1,,13,"void convert_kernel<__half2, float2>(tensor_layout_any, T1 *, tensor_layout_any, const T2 *)"
14741450674,6016,275283,,,,,,,,,,0.094,15574.430,Pinned,Device,NVIDIA A100-SXM4-40GB MIG 4g.20gb (0),1,,13,[CUDA memcpy Host-to-Device]
14741678064,5152,275284,,,,,,,,,,1.547,300198.172,Device,,NVIDIA A100-SXM4-40GB MIG 4g.20gb (0),1,,13,[CUDA memset]
14741689840,3040,275289,,,,,,,,,,0.031,10294.725,Pinned,Device,NVIDIA A100-SXM4-40GB MIG 4g.20gb (0),1,,13,[CUDA memcpy Host-to-Device]
14741695344,16383,275290,,,,,,,,,,0.197,12000.559,Pinned,Device,NVIDIA A100-SXM4-40GB MIG 4g.20gb (0),1,,13,[CUDA memcpy Host-to-Device]
14741877198,29663,275291,273,1,1,8,4,1,39,0.002,0.000,,,,,NVIDIA A100-SXM4-40GB MIG 4g.20gb (0),1,,13,"void channel_eq::eqMmseCoefCompLowMimoKernel<float, float, float, (unsigned int)4, (unsigned int)1, (unsigned int)4>(const channel_eq::_puschRxChEqStatDescr *, channel_eq::_puschRxChEqCoefCompDynDescr)"
14742155434,32832,275292,273,1,1,12,11,1,51,0.002,0.000,,,,,NVIDIA A100-SXM4-40GB MIG 4g.20gb (0),1,,13,"void channel_eq::eqMmseSoftDemapKernel<float, __half, __half, float, (unsigned int)4, (unsigned short)16383>(channel_eq::_puschRxChEqStatDescr *, channel_eq::_puschRxChEqSoftDemapDynDescr)"
14742468775,658200,275293,1,1,1,32,32,1,30,0.000,0.000,,,,,NVIDIA A100-SXM4-40GB MIG 4g.20gb (0),1,,13,"void convert_kernel<float2, __half2>(tensor_layout_any, T1 *, tensor_layout_any, const T2 *)"
14743342973,16512,275305,2253,1,1,128,1,1,16,0.000,0.000,,,,,NVIDIA A100-SXM4-40GB MIG 4g.20gb (0),1,,13,cupy_copy__float16_float16
14743603162,13600,275314,282,1,1,128,1,1,16,0.000,0.000,,,,,NVIDIA A100-SXM4-40GB MIG 4g.20gb (0),1,,13,cupy_copy__complex64_complex64
14743826200,3840,275323,26,1,1,128,1,1,16,0.000,0.000,,,,,NVIDIA A100-SXM4-40GB MIG 4g.20gb (0),1,,13,cupy_copy__float32_float32
14744033013,4768,275332,103,1,1,128,1,1,16,0.000,0.000,,,,,NVIDIA A100-SXM4-40GB MIG 4g.20gb (0),1,,13,cupy_copy__complex64_complex64
14744288498,17824,275342,1434,1,1,128,1,1,16,0.000,0.000,,,,,NVIDIA A100-SXM4-40GB MIG 4g.20gb (0),1,,13,cupy_copy__complex64_complex64
14744553231,252094,275347,1,1,1,32,32,1,30,0.000,0.000,,,,,NVIDIA A100-SXM4-40GB MIG 4g.20gb (0),1,,13,"void convert_kernel<__half2, float2>(tensor_layout_any, T1 *, tensor_layout_any, const T2 *)"
14744839308,6400,275350,,,,,,,,,,0.094,14640.000,Pinned,Device,NVIDIA A100-SXM4-40GB MIG 4g.20gb (0),1,,13,[CUDA memcpy Host-to-Device]
14745065482,628089,275351,,,,,,,,,,456.561,726845.812,Device,,NVIDIA A100-SXM4-40GB MIG 4g.20gb (0),1,,13,[CUDA memset]
14745700706,64320,275356,,,,,,,,,,1.235,19199.674,Pinned,Device,NVIDIA A100-SXM4-40GB MIG 4g.20gb (0),1,,13,[CUDA memcpy Host-to-Device]
14745771202,13119,275357,,,,,,,,,,0.197,14986.445,Pinned,Device,NVIDIA A100-SXM4-40GB MIG 4g.20gb (0),1,,13,[CUDA memcpy Host-to-Device]
14746039199,23999,275358,69,4,1,48,1,1,76,0.002,0.000,,,,,NVIDIA A100-SXM4-40GB MIG 4g.20gb (0),1,,13,"void ch_est::windowedChEstPreNoDftSOfdmKernel<float, __half, float, (unsigned int)2, (unsigned int)1, (unsigned short)4>(ch_est::puschRxChEstStatDescr_t *, ch_est::puschRxChEstDynDescr_t *)"
14746274012,25888,275359,137,2,1,24,2,1,44,0.001,0.001,,,,,NVIDIA A100-SXM4-40GB MIG 4g.20gb (0),1,,13,"void ch_est::chEstFilterNoDftSOfdmDispatchKernel<float, __half, float, (unsigned int)2>(ch_est::puschRxChEstStatDescr_t *, ch_est::puschRxChEstDynDescr_t *)"
14746488890,10495,275360,137,2,1,24,2,1,44,0.001,0.001,,,,,NVIDIA A100-SXM4-40GB MIG 4g.20gb (0),1,,13,"void ch_est::chEstFilterNoDftSOfdmDispatchKernel<float, __half, float, (unsigned int)2>(ch_est::puschRxChEstStatDescr_t *, ch_est::puschRxChEstDynDescr_t *)"
14746686391,6688,275371,103,1,1,128,1,1,16,0.000,0.000,,,,,NVIDIA A100-SXM4-40GB MIG 4g.20gb (0),1,,13,cupy_copy__complex64_complex64
14746941300,19072,275381,1434,1,1,128,1,1,16,0.000,0.000,,,,,NVIDIA A100-SXM4-40GB MIG 4g.20gb (0),1,,13,cupy_copy__complex64_complex64
14747177874,4256,275388,103,1,1,128,1,1,16,0.000,0.000,,,,,NVIDIA A100-SXM4-40GB MIG 4g.20gb (0),1,,13,cupy_copy__complex64_complex64
14747394319,222270,275395,1,1,1,32,32,1,30,0.000,0.000,,,,,NVIDIA A100-SXM4-40GB MIG 4g.20gb (0),1,,13,"void convert_kernel<__half2, float2>(tensor_layout_any, T1 *, tensor_layout_any, const T2 *)"
14747646061,5471,275398,,,,,,,,,,0.094,17125.849,Pinned,Device,NVIDIA A100-SXM4-40GB MIG 4g.20gb (0),1,,13,[CUDA memcpy Host-to-Device]
14747899562,57343,275399,,,,,,,,,,35.810,624453.385,Device,,NVIDIA A100-SXM4-40GB MIG 4g.20gb (0),1,,13,[CUDA memset]
14747962249,1856,275401,,,,,,,,,,0.000,43.103,Pinned,Device,NVIDIA A100-SXM4-40GB MIG 4g.20gb (0),1,,13,[CUDA memcpy Host-to-Device]
14747966601,10144,275402,,,,,,,,,,0.197,19381.617,Pinned,Device,NVIDIA A100-SXM4-40GB MIG 4g.20gb (0),1,,13,[CUDA memcpy Host-to-Device]
14748246758,30047,275403,273,1,1,48,1,1,40,0.000,0.001,,,,,NVIDIA A100-SXM4-40GB MIG 4g.20gb (0),1,,13,"void pusch_noise_intf_est::noiseIntfEstNoDftSOfdmKernel<float, __half, float, float, (unsigned int)2, (unsigned int)1, (unsigned char)4, (unsigned char)4>(pusch_noise_intf_est::puschRxNoiseIntfEstDynDescr)"
14748498819,12448,275414,35,1,1,128,1,1,16,0.000,0.000,,,,,NVIDIA A100-SXM4-40GB MIG 4g.20gb (0),1,,13,cupy_copy__complex64_complex64
14748677089,3488,275423,1,1,1,1,1,1,18,0.000,0.000,,,,,NVIDIA A100-SXM4-40GB MIG 4g.20gb (0),1,,13,cupy_copy__float32_float32
14748685633,1600,275429,,,,,,,,,,0.000,2.500,Device,Pageable,NVIDIA A100-SXM4-40GB MIG 4g.20gb (0),1,,7,[CUDA memcpy Device-to-Host]
14748870591,17440,275440,1434,1,1,128,1,1,16,0.000,0.000,,,,,NVIDIA A100-SXM4-40GB MIG 4g.20gb (0),1,,13,cupy_copy__complex64_complex64
14749037629,9952,275447,103,1,1,128,1,1,16,0.000,0.000,,,,,NVIDIA A100-SXM4-40GB MIG 4g.20gb (0),1,,13,cupy_copy__complex64_complex64
14749216411,4512,275454,35,1,1,128,1,1,16,0.000,0.000,,,,,NVIDIA A100-SXM4-40GB MIG 4g.20gb (0),1,,13,cupy_copy__complex64_complex64
14749394041,3104,275461,1,1,1,1,1,1,18,0.000,0.000,,,,,NVIDIA A100-SXM4-40GB MIG 4g.20gb (0),1,,13,cupy_copy__float32_float32
14749565655,248285,275472,1,1,1,32,32,1,30,0.000,0.000,,,,,NVIDIA A100-SXM4-40GB MIG 4g.20gb (0),1,,13,"void convert_kernel<__half2, float2>(tensor_layout_any, T1 *, tensor_layout_any, const T2 *)"
14749843380,5888,275475,,,,,,,,,,0.094,15912.954,Pinned,Device,NVIDIA A100-SXM4-40GB MIG 4g.20gb (0),1,,13,[CUDA memcpy Host-to-Device]
14749980562,7168,275476,,,,,,,,,,1.547,215766.421,Device,,NVIDIA A100-SXM4-40GB MIG 4g.20gb (0),1,,13,[CUDA memset]
14749991154,6880,275481,,,,,,,,,,0.031,4548.811,Pinned,Device,NVIDIA A100-SXM4-40GB MIG 4g.20gb (0),1,,13,[CUDA memcpy Host-to-Device]
14750001042,16192,275482,,,,,,,,,,0.197,12142.117,Pinned,Device,NVIDIA A100-SXM4-40GB MIG 4g.20gb (0),1,,13,[CUDA memcpy Host-to-Device]
14750143088,24064,275483,273,1,1,8,4,1,39,0.002,0.000,,,,,NVIDIA A100-SXM4-40GB MIG 4g.20gb (0),1,,13,"void channel_eq::eqMmseCoefCompLowMimoKernel<float, float, float, (unsigned int)4, (unsigned int)1, (unsigned int)4>(const channel_eq::_puschRxChEqStatDescr *, channel_eq::_puschRxChEqCoefCompDynDescr)"
14750310798,25184,275484,273,1,1,12,11,1,51,0.002,0.000,,,,,NVIDIA A100-SXM4-40GB MIG 4g.20gb (0),1,,13,"void channel_eq::eqMmseSoftDemapKernel<float, __half, __half, float, (unsigned int)4, (unsigned short)16383>(channel_eq::_puschRxChEqStatDescr *, channel_eq::_puschRxChEqSoftDemapDynDescr)"
14750569932,577657,275485,1,1,1,32,32,1,30,0.000,0.000,,,,,NVIDIA A100-SXM4-40GB MIG 4g.20gb (0),1,,13,"void convert_kernel<float2, __half2>(tensor_layout_any, T1 *, tensor_layout_any, const T2 *)"
14751420322,19232,275497,2253,1,1,128,1,1,16,0.000,0.000,,,,,NVIDIA A100-SXM4-40GB MIG 4g.20gb (0),1,,13,cupy_copy__float16_float16
14751692831,5184,275506,282,1,1,128,1,1,16,0.000,0.000,,,,,NVIDIA A100-SXM4-40GB MIG 4g.20gb (0),1,,13,cupy_copy__complex64_complex64
14751904797,14239,275515,26,1,1,128,1,1,16,0.000,0.000,,,,,NVIDIA A100-SXM4-40GB MIG 4g.20gb (0),1,,13,cupy_copy__float32_float32
14752154106,4736,275524,103,1,1,128,1,1,16,0.000,0.000,,,,,NVIDIA A100-SXM4-40GB MIG 4g.20gb (0),1,,13,cupy_copy__complex64_complex64
14752439766,18080,275534,1434,1,1,128,1,1,16,0.000,0.000,,,,,NVIDIA A100-SXM4-40GB MIG 4g.20gb (0),1,,13,cupy_copy__complex64_complex64
14752716147,223230,275539,1,1,1,32,32,1,30,0.000,0.000,,,,,NVIDIA A100-SXM4-40GB MIG 4g.20gb (0),1,,13,"void convert_kernel<__half2, float2>(tensor_layout_any, T1 *, tensor_layout_any, const T2 *)"
14752972176,6944,275542,,,,,,,,,,0.094,13493.067,Pinned,Device,NVIDIA A100-SXM4-40GB MIG 4g.20gb (0),1,,13,[CUDA memcpy Host-to-Device]
14753269645,623065,275543,,,,,,,,,,456.561,732324.550,Device,,NVIDIA A100-SXM4-40GB MIG 4g.20gb (0),1,,13,[CUDA memset]
14753894118,56703,275548,,,,,,,,,,1.235,21778.237,Pinned,Device,NVIDIA A100-SXM4-40GB MIG 4g.20gb (0),1,,13,[CUDA memcpy Host-to-Device]
14753953413,13824,275549,,,,,,,,,,0.197,14222.033,Pinned,Device,NVIDIA A100-SXM4-40GB MIG 4g.20gb (0),1,,13,[CUDA memcpy Host-to-Device]
14754206467,22815,275550,69,4,1,48,1,1,76,0.002,0.000,,,,,NVIDIA A100-SXM4-40GB MIG 4g.20gb (0),1,,13,"void ch_est::windowedChEstPreNoDftSOfdmKernel<float, __half, float, (unsigned int)2, (unsigned int)1, (unsigned short)4>(ch_est::puschRxChEstStatDescr_t *, ch_est::puschRxChEstDynDescr_t *)"
14754531679,22592,275551,137,2,1,24,2,1,44,0.001,0.001,,,,,NVIDIA A100-SXM4-40GB MIG 4g.20gb (0),1,,13,"void ch_est::chEstFilterNoDftSOfdmDispatchKernel<float, __half, float, (unsigned int)2>(ch_est::puschRxChEstStatDescr_t *, ch_est::puschRxChEstDynDescr_t *)"
14754861723,22560,275552,137,2,1,24,2,1,44,0.001,0.001,,,,,NVIDIA A100-SXM4-40GB MIG 4g.20gb (0),1,,13,"void ch_est::chEstFilterNoDftSOfdmDispatchKernel<float, __half, float, (unsigned int)2>(ch_est::puschRxChEstStatDescr_t *, ch_est::puschRxChEstDynDescr_t *)"
14755119640,3936,275563,103,1,1,128,1,1,16,0.000,0.000,,,,,NVIDIA A100-SXM4-40GB MIG 4g.20gb (0),1,,13,cupy_copy__complex64_complex64
14755347638,16928,275573,1434,1,1,128,1,1,16,0.000,0.000,,,,,NVIDIA A100-SXM4-40GB MIG 4g.20gb (0),1,,13,cupy_copy__complex64_complex64
14755618547,4000,275580,103,1,1,128,1,1,16,0.000,0.000,,,,,NVIDIA A100-SXM4-40GB MIG 4g.20gb (0),1,,13,cupy_copy__complex64_complex64
14755850928,247101,275587,1,1,1,32,32,1,30,0.000,0.000,,,,,NVIDIA A100-SXM4-40GB MIG 4g.20gb (0),1,,13,"void convert_kernel<__half2, float2>(tensor_layout_any, T1 *, tensor_layout_any, const T2 *)"
14756128237,9152,275590,,,,,,,,,,0.094,10237.693,Pinned,Device,NVIDIA A100-SXM4-40GB MIG 4g.20gb (0),1,,13,[CUDA memcpy Host-to-Device]
14756412138,52575,275591,,,,,,,,,,35.810,681104.678,Device,,NVIDIA A100-SXM4-40GB MIG 4g.20gb (0),1,,13,[CUDA memset]
14756470025,5760,275593,,,,,,,,,,0.000,13.889,Pinned,Device,NVIDIA A100-SXM4-40GB MIG 4g.20gb (0),1,,13,[CUDA memcpy Host-to-Device]
14756482377,13024,275594,,,,,,,,,,0.197,15095.759,Pinned,Device,NVIDIA A100-SXM4-40GB MIG 4g.20gb (0),1,,13,[CUDA memcpy Host-to-Device]
14756766278,22591,275595,273,1,1,48,1,1,40,0.000,0.001,,,,,NVIDIA A100-SXM4-40GB MIG 4g.20gb (0),1,,13,"void pusch_noise_intf_est::noiseIntfEstNoDftSOfdmKernel<float, __half, float, float, (unsigned int)2, (unsigned int)1, (unsigned char)4, (unsigned char)4>(pusch_noise_intf_est::puschRxNoiseIntfEstDynDescr)"
14756985507,13056,275606,35,1,1,128,1,1,16,0.000,0.000,,,,,NVIDIA A100-SXM4-40GB MIG 4g.20gb (0),1,,13,cupy_copy__complex64_complex64
14757243520,3168,275615,1,1,1,1,1,1,18,0.000,0.000,,,,,NVIDIA A100-SXM4-40GB MIG 4g.20gb (0),1,,13,cupy_copy__float32_float32
14757251296,5984,275621,,,,,,,,,,0.000,0.668,Device,Pageable,NVIDIA A100-SXM4-40GB MIG 4g.20gb (0),1,,7,[CUDA memcpy Device-to-Host]
14757552893,18336,275632,1434,1,1,128,1,1,16,0.000,0.000,,,,,NVIDIA A100-SXM4-40GB MIG 4g.20gb (0),1,,13,cupy_copy__complex64_complex64
14757785242,11040,275639,103,1,1,128,1,1,16,0.000,0.000,,,,,NVIDIA A100-SXM4-40GB MIG 4g.20gb (0),1,,13,cupy_copy__complex64_complex64
14758041399,4032,275646,35,1,1,128,1,1,16,0.000,0.000,,,,,NVIDIA A100-SXM4-40GB MIG 4g.20gb (0),1,,13,cupy_copy__complex64_complex64
14758314676,13408,275653,1,1,1,1,1,1,18,0.000,0.000,,,,,NVIDIA A100-SXM4-40GB MIG 4g.20gb (0),1,,13,cupy_copy__float32_float32
14758601265,210270,275664,1,1,1,32,32,1,30,0.000,0.000,,,,,NVIDIA A100-SXM4-40GB MIG 4g.20gb (0),1,,13,"void convert_kernel<__half2, float2>(tensor_layout_any, T1 *, tensor_layout_any, const T2 *)"
14758844014,5920,275667,,,,,,,,,,0.094,15826.941,Pinned,Device,NVIDIA A100-SXM4-40GB MIG 4g.20gb (0),1,,13,[CUDA memcpy Host-to-Device]
14759056204,20448,275668,,,,,,,,,,1.547,75636.100,Device,,NVIDIA A100-SXM4-40GB MIG 4g.20gb (0),1,,13,[CUDA memset]
14759085260,3296,275673,,,,,,,,,,0.031,9495.144,Pinned,Device,NVIDIA A100-SXM4-40GB MIG 4g.20gb (0),1,,13,[CUDA memcpy Host-to-Device]
14759093516,9727,275674,,,,,,,,,,0.197,20212.482,Pinned,Device,NVIDIA A100-SXM4-40GB MIG 4g.20gb (0),1,,13,[CUDA memcpy Host-to-Device]
14759374600,54784,275675,273,1,1,8,4,1,39,0.002,0.000,,,,,NVIDIA A100-SXM4-40GB MIG 4g.20gb (0),1,,13,"void channel_eq::eqMmseCoefCompLowMimoKernel<float, float, float, (unsigned int)4, (unsigned int)1, (unsigned int)4>(const channel_eq::_puschRxChEqStatDescr *, channel_eq::_puschRxChEqCoefCompDynDescr)"
14759719300,25632,275676,273,1,1,12,11,1,51,0.002,0.000,,,,,NVIDIA A100-SXM4-40GB MIG 4g.20gb (0),1,,13,"void channel_eq::eqMmseSoftDemapKernel<float, __half, __half, float, (unsigned int)4, (unsigned short)16383>(channel_eq::_puschRxChEqStatDescr *, channel_eq::_puschRxChEqSoftDemapDynDescr)"
14760044193,691000,275677,1,1,1,32,32,1,30,0.000,0.000,,,,,NVIDIA A100-SXM4-40GB MIG 4g.20gb (0),1,,13,"void convert_kernel<float2, __half2>(tensor_layout_any, T1 *, tensor_layout_any, const T2 *)"
14760936087,16800,275689,2253,1,1,128,1,1,16,0.000,0.000,,,,,NVIDIA A100-SXM4-40GB MIG 4g.20gb (0),1,,13,cupy_copy__float16_float16
14761208500,4736,275698,282,1,1,128,1,1,16,0.000,0.000,,,,,NVIDIA A100-SXM4-40GB MIG 4g.20gb (0),1,,13,cupy_copy__complex64_complex64
14761421425,13696,275707,26,1,1,128,1,1,16,0.000,0.000,,,,,NVIDIA A100-SXM4-40GB MIG 4g.20gb (0),1,,13,cupy_copy__float32_float32
14761667727,4543,275716,103,1,1,128,1,1,16,0.000,0.000,,,,,NVIDIA A100-SXM4-40GB MIG 4g.20gb (0),1,,13,cupy_copy__complex64_complex64
14761945387,17984,275726,1434,1,1,128,1,1,16,0.000,0.000,,,,,NVIDIA A100-SXM4-40GB MIG 4g.20gb (0),1,,13,cupy_copy__complex64_complex64
14762221416,217886,275731,1,1,1,32,32,1,30,0.000,0.000,,,,,NVIDIA A100-SXM4-40GB MIG 4g.20gb (0),1,,13,"void convert_kernel<__half2, float2>(tensor_layout_any, T1 *, tensor_layout_any, const T2 *)"
14762472901,5760,275734,,,,,,,,,,0.094,16266.656,Pinned,Device,NVIDIA A100-SXM4-40GB MIG 4g.20gb (0),1,,13,[CUDA memcpy Host-to-Device]
14762768834,623065,275735,,,,,,,,,,456.561,732324.550,Device,,NVIDIA A100-SXM4-40GB MIG 4g.20gb (0),1,,13,[CUDA memset]
14763400347,57695,275740,,,,,,,,,,1.235,21404.049,Pinned,Device,NVIDIA A100-SXM4-40GB MIG 4g.20gb (0),1,,13,[CUDA memcpy Host-to-Device]
14763462874,10144,275741,,,,,,,,,,0.197,19381.617,Pinned,Device,NVIDIA A100-SXM4-40GB MIG 4g.20gb (0),1,,13,[CUDA memcpy Host-to-Device]
14763709880,20895,275742,69,4,1,48,1,1,76,0.002,0.000,,,,,NVIDIA A100-SXM4-40GB MIG 4g.20gb (0),1,,13,"void ch_est::windowedChEstPreNoDftSOfdmKernel<float, __half, float, (unsigned int)2, (unsigned int)1, (unsigned short)4>(ch_est::puschRxChEstStatDescr_t *, ch_est::puschRxChEstDynDescr_t *)"
14763970485,14719,275743,137,2,1,24,2,1,44,0.001,0.001,,,,,NVIDIA A100-SXM4-40GB MIG 4g.20gb (0),1,,13,"void ch_est::chEstFilterNoDftSOfdmDispatchKernel<float, __half, float, (unsigned int)2>(ch_est::puschRxChEstStatDescr_t *, ch_est::puschRxChEstDynDescr_t *)"
14764196306,30112,275744,137,2,1,24,2,1,44,0.001,0.001,,,,,NVIDIA A100-SXM4-40GB MIG 4g.20gb (0),1,,13,"void ch_est::chEstFilterNoDftSOfdmDispatchKernel<float, __half, float, (unsigned int)2>(ch_est::puschRxChEstStatDescr_t *, ch_est::puschRxChEstDynDescr_t *)"
14764520430,9600,275755,103,1,1,128,1,1,16,0.000,0.000,,,,,NVIDIA A100-SXM4-40GB MIG 4g.20gb (0),1,,13,cupy_copy__complex64_complex64
14764786827,18048,275765,1434,1,1,128,1,1,16,0.000,0.000,,,,,NVIDIA A100-SXM4-40GB MIG 4g.20gb (0),1,,13,cupy_copy__complex64_complex64
14765017993,10752,275772,103,1,1,128,1,1,16,0.000,0.000,,,,,NVIDIA A100-SXM4-40GB MIG 4g.20gb (0),1,,13,cupy_copy__complex64_complex64
14765275142,216829,275779,1,1,1,32,32,1,30,0.000,0.000,,,,,NVIDIA A100-SXM4-40GB MIG 4g.20gb (0),1,,13,"void convert_kernel<__half2, float2>(tensor_layout_any, T1 *, tensor_layout_any, const T2 *)"
14765524387,6656,275782,,,,,,,,,,0.094,14076.887,Pinned,Device,NVIDIA A100-SXM4-40GB MIG 4g.20gb (0),1,,13,[CUDA memcpy Host-to-Device]
14765838432,56959,275783,,,,,,,,,,35.810,628678.956,Device,,NVIDIA A100-SXM4-40GB MIG 4g.20gb (0),1,,13,[CUDA memset]
14765901119,1856,275785,,,,,,,,,,0.000,43.103,Pinned,Device,NVIDIA A100-SXM4-40GB MIG 4g.20gb (0),1,,13,[CUDA memcpy Host-to-Device]
14765905407,10720,275786,,,,,,,,,,0.197,18340.184,Pinned,Device,NVIDIA A100-SXM4-40GB MIG 4g.20gb (0),1,,13,[CUDA memcpy Host-to-Device]
14766207739,56736,275787,273,1,1,48,1,1,40,0.000,0.001,,,,,NVIDIA A100-SXM4-40GB MIG 4g.20gb (0),1,,13,"void pusch_noise_intf_est::noiseIntfEstNoDftSOfdmKernel<float, __half, float, float, (unsigned int)2, (unsigned int)1, (unsigned char)4, (unsigned char)4>(pusch_noise_intf_est::puschRxNoiseIntfEstDynDescr)"
14766512216,7712,275798,35,1,1,128,1,1,16,0.000,0.000,,,,,NVIDIA A100-SXM4-40GB MIG 4g.20gb (0),1,,13,cupy_copy__complex64_complex64
14766774325,3072,275807,1,1,1,1,1,1,18,0.000,0.000,,,,,NVIDIA A100-SXM4-40GB MIG 4g.20gb (0),1,,13,cupy_copy__float32_float32
14766782581,4864,275813,,,,,,,,,,0.000,0.822,Device,Pageable,NVIDIA A100-SXM4-40GB MIG 4g.20gb (0),1,,7,[CUDA memcpy Device-to-Host]
14766989843,19039,275824,1434,1,1,128,1,1,16,0.000,0.000,,,,,NVIDIA A100-SXM4-40GB MIG 4g.20gb (0),1,,13,cupy_copy__complex64_complex64
14767249392,4096,275831,103,1,1,128,1,1,16,0.000,0.000,,,,,NVIDIA A100-SXM4-40GB MIG 4g.20gb (0),1,,13,cupy_copy__complex64_complex64
14767476237,16320,275838,35,1,1,128,1,1,16,0.000,0.000,,,,,NVIDIA A100-SXM4-40GB MIG 4g.20gb (0),1,,13,cupy_copy__complex64_complex64
14767744554,3808,275845,1,1,1,1,1,1,18,0.000,0.000,,,,,NVIDIA A100-SXM4-40GB MIG 4g.20gb (0),1,,13,cupy_copy__float32_float32
14767997479,248829,275856,1,1,1,32,32,1,30,0.000,0.000,,,,,NVIDIA A100-SXM4-40GB MIG 4g.20gb (0),1,,13,"void convert_kernel<__half2, float2>(tensor_layout_any, T1 *, tensor_layout_any, const T2 *)"
14768280996,9792,275859,,,,,,,,,,0.094,9568.610,Pinned,Device,NVIDIA A100-SXM4-40GB MIG 4g.20gb (0),1,,13,[CUDA memcpy Host-to-Device]
14768495586,23071,275860,,,,,,,,,,1.547,67036.871,Device,,NVIDIA A100-SXM4-40GB MIG 4g.20gb (0),1,,13,[CUDA memset]
14768526433,3360,275865,,,,,,,,,,0.031,9314.284,Pinned,Device,NVIDIA A100-SXM4-40GB MIG 4g.20gb (0),1,,13,[CUDA memcpy Host-to-Device]
14768532321,9824,275866,,,,,,,,,,0.197,20012.925,Pinned,Device,NVIDIA A100-SXM4-40GB MIG 4g.20gb (0),1,,13,[CUDA memcpy Host-to-Device]
14768810046,53183,275867,273,1,1,8,4,1,39,0.002,0.000,,,,,NVIDIA A100-SXM4-40GB MIG 4g.20gb (0),1,,13,"void channel_eq::eqMmseCoefCompLowMimoKernel<float, float, float, (unsigned int)4, (unsigned int)1, (unsigned int)4>(const channel_eq::_puschRxChEqStatDescr *, channel_eq::_puschRxChEqCoefCompDynDescr)"
14769165626,26656,275868,273,1,1,12,11,1,51,0.002,0.000,,,,,NVIDIA A100-SXM4-40GB MIG 4g.20gb (0),1,,13,"void channel_eq::eqMmseSoftDemapKernel<float, __half, __half, float, (unsigned int)4, (unsigned short)16383>(channel_eq::_puschRxChEqStatDescr *, channel_eq::_puschRxChEqSoftDemapDynDescr)"
14769441591,571897,275869,1,1,1,32,32,1,30,0.000,0.000,,,,,NVIDIA A100-SXM4-40GB MIG 4g.20gb (0),1,,13,"void convert_kernel<float2, __half2>(tensor_layout_any, T1 *, tensor_layout_any, const T2 *)"
14770280653,22240,275881,2253,1,1,128,1,1,16,0.000,0.000,,,,,NVIDIA A100-SXM4-40GB MIG 4g.20gb (0),1,,13,cupy_copy__float16_float16
14770542539,4799,275890,282,1,1,128,1,1,16,0.000,0.000,,,,,NVIDIA A100-SXM4-40GB MIG 4g.20gb (0),1,,13,cupy_copy__complex64_complex64
14770761352,4992,275899,26,1,1,128,1,1,16,0.000,0.000,,,,,NVIDIA A100-SXM4-40GB MIG 4g.20gb (0),1,,13,cupy_copy__float32_float32
14771023333,4480,275908,103,1,1,128,1,1,16,0.000,0.000,,,,,NVIDIA A100-SXM4-40GB MIG 4g.20gb (0),1,,13,cupy_copy__complex64_complex64
14771300546,20384,275918,1434,1,1,128,1,1,16,0.000,0.000,,,,,NVIDIA A100-SXM4-40GB MIG 4g.20gb (0),1,,13,cupy_copy__complex64_complex64
14771562303,216894,275923,1,1,1,32,32,1,30,0.000,0.000,,,,,NVIDIA A100-SXM4-40GB MIG 4g.20gb (0),1,,13,"void convert_kernel<__half2, float2>(tensor_layout_any, T1 *, tensor_layout_any, const T2 *)"
14771807708,6432,275926,,,,,,,,,,0.094,14567.105,Pinned,Device,NVIDIA A100-SXM4-40GB MIG 4g.20gb (0),1,,13,[CUDA memcpy Host-to-Device]
14772111513,618873,275927,,,,,,,,,,456.561,737346.726,Device,,NVIDIA A100-SXM4-40GB MIG 4g.20gb (0),1,,13,[CUDA memset]
14772735890,57535,275932,,,,,,,,,,1.235,21463.327,Pinned,Device,NVIDIA A100-SXM4-40GB MIG 4g.20gb (0),1,,13,[CUDA memcpy Host-to-Device]
14772796273,13152,275933,,,,,,,,,,0.197,14948.893,Pinned,Device,NVIDIA A100-SXM4-40GB MIG 4g.20gb (0),1,,13,[CUDA memcpy Host-to-Device]
14773043630,24320,275934,69,4,1,48,1,1,76,0.002,0.000,,,,,NVIDIA A100-SXM4-40GB MIG 4g.20gb (0),1,,13,"void ch_est::windowedChEstPreNoDftSOfdmKernel<float, __half, float, (unsigned int)2, (unsigned int)1, (unsigned short)4>(ch_est::puschRxChEstStatDescr_t *, ch_est::puschRxChEstDynDescr_t *)"
14773311723,14016,275935,137,2,1,24,2,1,44,0.001,0.001,,,,,NVIDIA A100-SXM4-40GB MIG 4g.20gb (0),1,,13,"void ch_est::chEstFilterNoDftSOfdmDispatchKernel<float, __half, float, (unsigned int)2>(ch_est::puschRxChEstStatDescr_t *, ch_est::puschRxChEstDynDescr_t *)"
14773524233,22656,275936,137,2,1,24,2,1,44,0.001,0.001,,,,,NVIDIA A100-SXM4-40GB MIG 4g.20gb (0),1,,13,"void ch_est::chEstFilterNoDftSOfdmDispatchKernel<float, __half, float, (unsigned int)2>(ch_est::puschRxChEstStatDescr_t *, ch_est::puschRxChEstDynDescr_t *)"
14773783174,4224,275947,103,1,1,128,1,1,16,0.000,0.000,,,,,NVIDIA A100-SXM4-40GB MIG 4g.20gb (0),1,,13,cupy_copy__complex64_complex64
14774011459,17056,275957,1434,1,1,128,1,1,16,0.000,0.000,,,,,NVIDIA A100-SXM4-40GB MIG 4g.20gb (0),1,,13,cupy_copy__complex64_complex64
14774281472,4096,275964,103,1,1,128,1,1,16,0.000,0.000,,,,,NVIDIA A100-SXM4-40GB MIG 4g.20gb (0),1,,13,cupy_copy__complex64_complex64
14774515422,250493,275971,1,1,1,32,32,1,30,0.000,0.000,,,,,NVIDIA A100-SXM4-40GB MIG 4g.20gb (0),1,,13,"void convert_kernel<__half2, float2>(tensor_layout_any, T1 *, tensor_layout_any, const T2 *)"
14774797755,8671,275974,,,,,,,,,,0.094,10805.585,Pinned,Device,NVIDIA A100-SXM4-40GB MIG 4g.20gb (0),1,,13,[CUDA memcpy Host-to-Device]
14775076183,52160,275975,,,,,,,,,,35.810,686511.976,Device,,NVIDIA A100-SXM4-40GB MIG 4g.20gb (0),1,,13,[CUDA memset]
14775136279,6656,275977,,,,,,,,,,0.000,12.019,Pinned,Device,NVIDIA A100-SXM4-40GB MIG 4g.20gb (0),1,,13,[CUDA memcpy Host-to-Device]
14775145399,13951,275978,,,,,,,,,,0.197,14092.665,Pinned,Device,NVIDIA A100-SXM4-40GB MIG 4g.20gb (0),1,,13,[CUDA memcpy Host-to-Device]
14775429107,23360,275979,273,1,1,48,1,1,40,0.000,0.001,,,,,NVIDIA A100-SXM4-40GB MIG 4g.20gb (0),1,,13,"void pusch_noise_intf_est::noiseIntfEstNoDftSOfdmKernel<float, __half, float, float, (unsigned int)2, (unsigned int)1, (unsigned char)4, (unsigned char)4>(pusch_noise_intf_est::puschRxNoiseIntfEstDynDescr)"
14775647089,26816,275990,35,1,1,128,1,1,16,0.000,0.000,,,,,NVIDIA A100-SXM4-40GB MIG 4g.20gb (0),1,,13,cupy_copy__complex64_complex64
14775908462,3456,275999,1,1,1,1,1,1,18,0.000,0.000,,,,,NVIDIA A100-SXM4-40GB MIG 4g.20gb (0),1,,13,cupy_copy__float32_float32
14775913902,2048,276005,,,,,,,,,,0.000,1.953,Device,Pageable,NVIDIA A100-SXM4-40GB MIG 4g.20gb (0),1,,7,[CUDA memcpy Device-to-Host]
14776231370,18944,276016,1434,1,1,128,1,1,16,0.000,0.000,,,,,NVIDIA A100-SXM4-40GB MIG 4g.20gb (0),1,,13,cupy_copy__complex64_complex64
14776465864,10560,276023,103,1,1,128,1,1,16,0.000,0.000,,,,,NVIDIA A100-SXM4-40GB MIG 4g.20gb (0),1,,13,cupy_copy__complex64_complex64
14776717925,3872,276030,35,1,1,128,1,1,16,0.000,0.000,,,,,NVIDIA A100-SXM4-40GB MIG 4g.20gb (0),1,,13,cupy_copy__complex64_complex64
14777000322,4512,276037,1,1,1,1,1,1,18,0.000,0.000,,,,,NVIDIA A100-SXM4-40GB MIG 4g.20gb (0),1,,13,cupy_copy__float32_float32
14777287519,211901,276048,1,1,1,32,32,1,30,0.000,0.000,,,,,NVIDIA A100-SXM4-40GB MIG 4g.20gb (0),1,,13,"void convert_kernel<__half2, float2>(tensor_layout_any, T1 *, tensor_layout_any, const T2 *)"
14777528636,12192,276051,,,,,,,,,,0.094,7684.946,Pinned,Device,NVIDIA A100-SXM4-40GB MIG 4g.20gb (0),1,,13,[CUDA memcpy Host-to-Device]
14777759257,18208,276052,,,,,,,,,,1.547,84940.590,Device,,NVIDIA A100-SXM4-40GB MIG 4g.20gb (0),1,,13,[CUDA memset]
14777781305,3104,276057,,,,,,,,,,0.031,10082.445,Pinned,Device,NVIDIA A100-SXM4-40GB MIG 4g.20gb (0),1,,13,[CUDA memcpy Host-to-Device]
14777787097,9824,276058,,,,,,,,,,0.197,20012.925,Pinned,Device,NVIDIA A100-SXM4-40GB MIG 4g.20gb (0),1,,13,[CUDA memcpy Host-to-Device]
14778076630,48703,276059,273,1,1,8,4,1,39,0.002,0.000,,,,,NVIDIA A100-SXM4-40GB MIG 4g.20gb (0),1,,13,"void channel_eq::eqMmseCoefCompLowMimoKernel<float, float, float, (unsigned int)4, (unsigned int)1, (unsigned int)4>(const channel_eq::_puschRxChEqStatDescr *, channel_eq::_puschRxChEqCoefCompDynDescr)"
14778403858,39615,276060,273,1,1,12,11,1,51,0.002,0.000,,,,,NVIDIA A100-SXM4-40GB MIG 4g.20gb (0),1,,13,"void channel_eq::eqMmseSoftDemapKernel<float, __half, __half, float, (unsigned int)4, (unsigned short)16383>(channel_eq::_puschRxChEqStatDescr *, channel_eq::_puschRxChEqSoftDemapDynDescr)"
14778684495,572985,276061,1,1,1,32,32,1,30,0.000,0.000,,,,,NVIDIA A100-SXM4-40GB MIG 4g.20gb (0),1,,13,"void convert_kernel<float2, __half2>(tensor_layout_any, T1 *, tensor_layout_any, const T2 *)"
14779527333,23936,276073,2253,1,1,128,1,1,16,0.000,0.000,,,,,NVIDIA A100-SXM4-40GB MIG 4g.20gb (0),1,,13,cupy_copy__float16_float16
14779790082,4928,276082,282,1,1,128,1,1,16,0.000,0.000,,,,,NVIDIA A100-SXM4-40GB MIG 4g.20gb (0),1,,13,cupy_copy__complex64_complex64
14780010400,5920,276091,26,1,1,128,1,1,16,0.000,0.000,,,,,NVIDIA A100-SXM4-40GB MIG 4g.20gb (0),1,,13,cupy_copy__float32_float32
14780269597,4736,276100,103,1,1,128,1,1,16,0.000,0.000,,,,,NVIDIA A100-SXM4-40GB MIG 4g.20gb (0),1,,13,cupy_copy__complex64_complex64
14780551258,22815,276110,1434,1,1,128,1,1,16,0.000,0.000,,,,,NVIDIA A100-SXM4-40GB MIG 4g.20gb (0),1,,13,cupy_copy__complex64_complex64
14780813111,218045,276115,1,1,1,32,32,1,30,0.000,0.000,,,,,NVIDIA A100-SXM4-40GB MIG 4g.20gb (0),1,,13,"void convert_kernel<__half2, float2>(tensor_layout_any, T1 *, tensor_layout_any, const T2 *)"
14781063508,5952,276118,,,,,,,,,,0.094,15741.865,Pinned,Device,NVIDIA A100-SXM4-40GB MIG 4g.20gb (0),1,,13,[CUDA memcpy Host-to-Device]
14781362161,619993,276119,,,,,,,,,,456.561,735977.041,Device,,NVIDIA A100-SXM4-40GB MIG 4g.20gb (0),1,,13,[CUDA memset]
14781990858,57407,276124,,,,,,,,,,1.235,21511.490,Pinned,Device,NVIDIA A100-SXM4-40GB MIG 4g.20gb (0),1,,13,[CUDA memcpy Host-to-Device]
14782054505,10720,276125,,,,,,,,,,0.197,18340.184,Pinned,Device,NVIDIA A100-SXM4-40GB MIG 4g.20gb (0),1,,13,[CUDA memcpy Host-to-Device]
14782291910,20224,276126,69,4,1,48,1,1,76,0.002,0.000,,,,,NVIDIA A100-SXM4-40GB MIG 4g.20gb (0),1,,13,"void ch_est::windowedChEstPreNoDftSOfdmKernel<float, __half, float, (unsigned int)2, (unsigned int)1, (unsigned short)4>(ch_est::puschRxChEstStatDescr_t *, ch_est::puschRxChEstDynDescr_t *)"
14782620066,32384,276127,137,2,1,24,2,1,44,0.001,0.001,,,,,NVIDIA A100-SXM4-40GB MIG 4g.20gb (0),1,,13,"void ch_est::chEstFilterNoDftSOfdmDispatchKernel<float, __half, float, (unsigned int)2>(ch_est::puschRxChEstStatDescr_t *, ch_est::puschRxChEstDynDescr_t *)"
14782942687,35071,276128,137,2,1,24,2,1,44,0.001,0.001,,,,,NVIDIA A100-SXM4-40GB MIG 4g.20gb (0),1,,13,"void ch_est::chEstFilterNoDftSOfdmDispatchKernel<float, __half, float, (unsigned int)2>(ch_est::puschRxChEstStatDescr_t *, ch_est::puschRxChEstDynDescr_t *)"
14783257787,11488,276139,103,1,1,128,1,1,16,0.000,0.000,,,,,NVIDIA A100-SXM4-40GB MIG 4g.20gb (0),1,,13,cupy_copy__complex64_complex64
14783526520,18048,276149,1434,1,1,128,1,1,16,0.000,0.000,,,,,NVIDIA A100-SXM4-40GB MIG 4g.20gb (0),1,,13,cupy_copy__complex64_complex64
14783755414,12959,276156,103,1,1,128,1,1,16,0.000,0.000,,,,,NVIDIA A100-SXM4-40GB MIG 4g.20gb (0),1,,13,cupy_copy__complex64_complex64
14784012947,215773,276163,1,1,1,32,32,1,30,0.000,0.000,,,,,NVIDIA A100-SXM4-40GB MIG 4g.20gb (0),1,,13,"void convert_kernel<__half2, float2>(tensor_layout_any, T1 *, tensor_layout_any, const T2 *)"
14784258416,6944,276166,,,,,,,,,,0.094,13493.067,Pinned,Device,NVIDIA A100-SXM4-40GB MIG 4g.20gb (0),1,,13,[CUDA memcpy Host-to-Device]
14784574476,57472,276167,,,,,,,,,,35.810,623056.798,Device,,NVIDIA A100-SXM4-40GB MIG 4g.20gb (0),1,,13,[CUDA memset]
14784636556,2464,276169,,,,,,,,,,0.000,32.468,Pinned,Device,NVIDIA A100-SXM4-40GB MIG 4g.20gb (0),1,,13,[CUDA memcpy Host-to-Device]
14784641644,12032,276170,,,,,,,,,,0.197,16340.287,Pinned,Device,NVIDIA A100-SXM4-40GB MIG 4g.20gb (0),1,,13,[CUDA memcpy Host-to-Device]
14784941576,50464,276171,273,1,1,48,1,1,40,0.000,0.001,,,,,NVIDIA A100-SXM4-40GB MIG 4g.20gb (0),1,,13,"void pusch_noise_intf_est::noiseIntfEstNoDftSOfdmKernel<float, __half, float, float, (unsigned int)2, (unsigned int)1, (unsigned char)4, (unsigned char)4>(pusch_noise_intf_est::puschRxNoiseIntfEstDynDescr)"
14785197477,3904,276182,35,1,1,128,1,1,16,0.000,0.000,,,,,NVIDIA A100-SXM4-40GB MIG 4g.20gb (0),1,,13,cupy_copy__complex64_complex64
14785460002,6304,276191,1,1,1,1,1,1,18,0.000,0.000,,,,,NVIDIA A100-SXM4-40GB MIG 4g.20gb (0),1,,13,cupy_copy__float32_float32
14785473122,1856,276197,,,,,,,,,,0.000,2.155,Device,Pageable,NVIDIA A100-SXM4-40GB MIG 4g.20gb (0),1,,7,[CUDA memcpy Device-to-Host]
14785814942,19808,276208,1434,1,1,128,1,1,16,0.000,0.000,,,,,NVIDIA A100-SXM4-40GB MIG 4g.20gb (0),1,,13,cupy_copy__complex64_complex64
14786076251,4096,276215,103,1,1,128,1,1,16,0.000,0.000,,,,,NVIDIA A100-SXM4-40GB MIG 4g.20gb (0),1,,13,cupy_copy__complex64_complex64
14786306393,10240,276222,35,1,1,128,1,1,16,0.000,0.000,,,,,NVIDIA A100-SXM4-40GB MIG 4g.20gb (0),1,,13,cupy_copy__complex64_complex64
14786574678,3520,276229,1,1,1,1,1,1,18,0.000,0.000,,,,,NVIDIA A100-SXM4-40GB MIG 4g.20gb (0),1,,13,cupy_copy__float32_float32
14786811475,238782,276240,1,1,1,32,32,1,30,0.000,0.000,,,,,NVIDIA A100-SXM4-40GB MIG 4g.20gb (0),1,,13,"void convert_kernel<__half2, float2>(tensor_layout_any, T1 *, tensor_layout_any, const T2 *)"
14787079504,9152,276243,,,,,,,,,,0.094,10237.693,Pinned,Device,NVIDIA A100-SXM4-40GB MIG 4g.20gb (0),1,,13,[CUDA memcpy Host-to-Device]
14787288334,11040,276244,,,,,,,,,,1.547,140091.655,Device,,NVIDIA A100-SXM4-40GB MIG 4g.20gb (0),1,,13,[CUDA memset]
14787301582,3616,276249,,,,,,,,,,0.031,8654.846,Pinned,Device,NVIDIA A100-SXM4-40GB MIG 4g.20gb (0),1,,13,[CUDA memcpy Host-to-Device]
14787307726,13599,276250,,,,,,,,,,0.197,14457.373,Pinned,Device,NVIDIA A100-SXM4-40GB MIG 4g.20gb (0),1,,13,[CUDA memcpy Host-to-Device]
14787604746,51232,276251,273,1,1,8,4,1,39,0.002,0.000,,,,,NVIDIA A100-SXM4-40GB MIG 4g.20gb (0),1,,13,"void channel_eq::eqMmseCoefCompLowMimoKernel<float, float, float, (unsigned int)4, (unsigned int)1, (unsigned int)4>(const channel_eq::_puschRxChEqStatDescr *, channel_eq::_puschRxChEqCoefCompDynDescr)"
14787946118,28736,276252,273,1,1,12,11,1,51,0.002,0.000,,,,,NVIDIA A100-SXM4-40GB MIG 4g.20gb (0),1,,13,"void channel_eq::eqMmseSoftDemapKernel<float, __half, __half, float, (unsigned int)4, (unsigned short)16383>(channel_eq::_puschRxChEqStatDescr *, channel_eq::_puschRxChEqSoftDemapDynDescr)"
14788226851,572474,276253,1,1,1,32,32,1,30,0.000,0.000,,,,,NVIDIA A100-SXM4-40GB MIG 4g.20gb (0),1,,13,"void convert_kernel<float2, __half2>(tensor_layout_any, T1 *, tensor_layout_any, const T2 *)"
14789066842,21408,276265,2253,1,1,128,1,1,16,0.000,0.000,,,,,NVIDIA A100-SXM4-40GB MIG 4g.20gb (0),1,,13,cupy_copy__float16_float16
14789329463,4992,276274,282,1,1,128,1,1,16,0.000,0.000,,,,,NVIDIA A100-SXM4-40GB MIG 4g.20gb (0),1,,13,cupy_copy__complex64_complex64
14789548564,8224,276283,26,1,1,128,1,1,16,0.000,0.000,,,,,NVIDIA A100-SXM4-40GB MIG 4g.20gb (0),1,,13,cupy_copy__float32_float32
14789809937,4960,276292,103,1,1,128,1,1,16,0.000,0.000,,,,,NVIDIA A100-SXM4-40GB MIG 4g.20gb (0),1,,13,cupy_copy__complex64_complex64
14790088878,20768,276302,1434,1,1,128,1,1,16,0.000,0.000,,,,,NVIDIA A100-SXM4-40GB MIG 4g.20gb (0),1,,13,cupy_copy__complex64_complex64
14790350347,212734,276307,1,1,1,32,32,1,30,0.000,0.000,,,,,NVIDIA A100-SXM4-40GB MIG 4g.20gb (0),1,,13,"void convert_kernel<__half2, float2>(tensor_layout_any, T1 *, tensor_layout_any, const T2 *)"
14790592105,8575,276310,,,,,,,,,,0.094,10926.640,Pinned,Device,NVIDIA A100-SXM4-40GB MIG 4g.20gb (0),1,,13,[CUDA memcpy Host-to-Device]
14790905157,618297,276311,,,,,,,,,,456.561,738259.848,Device,,NVIDIA A100-SXM4-40GB MIG 4g.20gb (0),1,,13,[CUDA memset]
14791528446,59359,276316,,,,,,,,,,1.235,20803.867,Pinned,Device,NVIDIA A100-SXM4-40GB MIG 4g.20gb (0),1,,13,[CUDA memcpy Host-to-Device]
14791590301,10208,276317,,,,,,,,,,0.197,19260.113,Pinned,Device,NVIDIA A100-SXM4-40GB MIG 4g.20gb (0),1,,13,[CUDA memcpy Host-to-Device]
14791833307,39423,276318,69,4,1,48,1,1,76,0.002,0.000,,,,,NVIDIA A100-SXM4-40GB MIG 4g.20gb (0),1,,13,"void ch_est::windowedChEstPreNoDftSOfdmKernel<float, __half, float, (unsigned int)2, (unsigned int)1, (unsigned short)4>(ch_est::puschRxChEstStatDescr_t *, ch_est::puschRxChEstDynDescr_t *)"
14792096568,12575,276319,137,2,1,24,2,1,44,0.001,0.001,,,,,NVIDIA A100-SXM4-40GB MIG 4g.20gb (0),1,,13,"void ch_est::chEstFilterNoDftSOfdmDispatchKernel<float, __half, float, (unsigned int)2>(ch_est::puschRxChEstStatDescr_t *, ch_est::puschRxChEstDynDescr_t *)"
14792318805,22080,276320,137,2,1,24,2,1,44,0.001,0.001,,,,,NVIDIA A100-SXM4-40GB MIG 4g.20gb (0),1,,13,"void ch_est::chEstFilterNoDftSOfdmDispatchKernel<float, __half, float, (unsigned int)2>(ch_est::puschRxChEstStatDescr_t *, ch_est::puschRxChEstDynDescr_t *)"
14792576690,4128,276331,103,1,1,128,1,1,16,0.000,0.000,,,,,NVIDIA A100-SXM4-40GB MIG 4g.20gb (0),1,,13,cupy_copy__complex64_complex64
14792807728,16063,276341,1434,1,1,128,1,1,16,0.000,0.000,,,,,NVIDIA A100-SXM4-40GB MIG 4g.20gb (0),1,,13,cupy_copy__complex64_complex64
14793079373,4000,276348,103,1,1,128,1,1,16,0.000,0.000,,,,,NVIDIA A100-SXM4-40GB MIG 4g.20gb (0),1,,13,cupy_copy__complex64_complex64
14793313770,253725,276355,1,1,1,32,32,1,30,0.000,0.000,,,,,NVIDIA A100-SXM4-40GB MIG 4g.20gb (0),1,,13,"void convert_kernel<__half2, float2>(tensor_layout_any, T1 *, tensor_layout_any, const T2 *)"
14793596903,9024,276358,,,,,,,,,,0.094,10382.922,Pinned,Device,NVIDIA A100-SXM4-40GB MIG 4g.20gb (0),1,,13,[CUDA memcpy Host-to-Device]
14793874148,52287,276359,,,,,,,,,,35.810,684864.720,Device,,NVIDIA A100-SXM4-40GB MIG 4g.20gb (0),1,,13,[CUDA memset]
14793934339,5312,276361,,,,,,,,,,0.000,15.060,Pinned,Device,NVIDIA A100-SXM4-40GB MIG 4g.20gb (0),1,,13,[CUDA memcpy Host-to-Device]
14793945187,10112,276362,,,,,,,,,,0.197,19442.958,Pinned,Device,NVIDIA A100-SXM4-40GB MIG 4g.20gb (0),1,,13,[CUDA memcpy Host-to-Device]
14794227040,23103,276363,273,1,1,48,1,1,40,0.000,0.001,,,,,NVIDIA A100-SXM4-40GB MIG 4g.20gb (0),1,,13,"void pusch_noise_intf_est::noiseIntfEstNoDftSOfdmKernel<float, __half, float, float, (unsigned int)2, (unsigned int)1, (unsigned char)4, (unsigned char)4>(pusch_noise_intf_est::puschRxNoiseIntfEstDynDescr)"
14794447229,28032,276374,35,1,1,128,1,1,16,0.000,0.000,,,,,NVIDIA A100-SXM4-40GB MIG 4g.20gb (0),1,,13,cupy_copy__complex64_complex64
14794702746,3488,276383,1,1,1,1,1,1,18,0.000,0.000,,,,,NVIDIA A100-SXM4-40GB MIG 4g.20gb (0),1,,13,cupy_copy__float32_float32
14794708026,5120,276389,,,,,,,,,,0.000,0.781,Device,Pageable,NVIDIA A100-SXM4-40GB MIG 4g.20gb (0),1,,7,[CUDA memcpy Device-to-Host]
14795022071,18943,276400,1434,1,1,128,1,1,16,0.000,0.000,,,,,NVIDIA A100-SXM4-40GB MIG 4g.20gb (0),1,,13,cupy_copy__complex64_complex64
14795256660,14272,276407,103,1,1,128,1,1,16,0.000,0.000,,,,,NVIDIA A100-SXM4-40GB MIG 4g.20gb (0),1,,13,cupy_copy__complex64_complex64
14795510001,3872,276414,35,1,1,128,1,1,16,0.000,0.000,,,,,NVIDIA A100-SXM4-40GB MIG 4g.20gb (0),1,,13,cupy_copy__complex64_complex64
14795784110,4032,276421,1,1,1,1,1,1,18,0.000,0.000,,,,,NVIDIA A100-SXM4-40GB MIG 4g.20gb (0),1,,13,cupy_copy__float32_float32
14796073099,212925,276432,1,1,1,32,32,1,30,0.000,0.000,,,,,NVIDIA A100-SXM4-40GB MIG 4g.20gb (0),1,,13,"void convert_kernel<__half2, float2>(tensor_layout_any, T1 *, tensor_layout_any, const T2 *)"
14796315464,10304,276435,,,,,,,,,,0.094,9093.103,Pinned,Device,NVIDIA A100-SXM4-40GB MIG 4g.20gb (0),1,,13,[CUDA memcpy Host-to-Device]
14796626277,4512,276436,,,,,,,,,,1.547,342779.824,Device,,NVIDIA A100-SXM4-40GB MIG 4g.20gb (0),1,,13,[CUDA memset]
14796638276,6848,276441,,,,,,,,,,0.031,4570.092,Pinned,Device,NVIDIA A100-SXM4-40GB MIG 4g.20gb (0),1,,13,[CUDA memcpy Host-to-Device]
14796647556,10176,276442,,,,,,,,,,0.197,19320.668,Pinned,Device,NVIDIA A100-SXM4-40GB MIG 4g.20gb (0),1,,13,[CUDA memcpy Host-to-Device]
14796841218,50976,276443,273,1,1,8,4,1,39,0.002,0.000,,,,,NVIDIA A100-SXM4-40GB MIG 4g.20gb (0),1,,13,"void channel_eq::eqMmseCoefCompLowMimoKernel<float, float, float, (unsigned int)4, (unsigned int)1, (unsigned int)4>(const channel_eq::_puschRxChEqStatDescr *, channel_eq::_puschRxChEqCoefCompDynDescr)"
14797115391,18432,276444,273,1,1,12,11,1,51,0.002,0.000,,,,,NVIDIA A100-SXM4-40GB MIG 4g.20gb (0),1,,13,"void channel_eq::eqMmseSoftDemapKernel<float, __half, __half, float, (unsigned int)4, (unsigned short)16383>(channel_eq::_puschRxChEqStatDescr *, channel_eq::_puschRxChEqSoftDemapDynDescr)"
14797342333,659192,276445,1,1,1,32,32,1,30,0.000,0.000,,,,,NVIDIA A100-SXM4-40GB MIG 4g.20gb (0),1,,13,"void convert_kernel<float2, __half2>(tensor_layout_any, T1 *, tensor_layout_any, const T2 *)"
14798217811,24479,276457,2253,1,1,128,1,1,16,0.000,0.000,,,,,NVIDIA A100-SXM4-40GB MIG 4g.20gb (0),1,,13,cupy_copy__float16_float16
14798481360,5024,276466,282,1,1,128,1,1,16,0.000,0.000,,,,,NVIDIA A100-SXM4-40GB MIG 4g.20gb (0),1,,13,cupy_copy__complex64_complex64
14798698509,6272,276475,26,1,1,128,1,1,16,0.000,0.000,,,,,NVIDIA A100-SXM4-40GB MIG 4g.20gb (0),1,,13,cupy_copy__float32_float32
14798957642,4768,276484,103,1,1,128,1,1,16,0.000,0.000,,,,,NVIDIA A100-SXM4-40GB MIG 4g.20gb (0),1,,13,cupy_copy__complex64_complex64
14799235335,21248,276494,1434,1,1,128,1,1,16,0.000,0.000,,,,,NVIDIA A100-SXM4-40GB MIG 4g.20gb (0),1,,13,cupy_copy__complex64_complex64
14799497476,216574,276499,1,1,1,32,32,1,30,0.000,0.000,,,,,NVIDIA A100-SXM4-40GB MIG 4g.20gb (0),1,,13,"void convert_kernel<__half2, float2>(tensor_layout_any, T1 *, tensor_layout_any, const T2 *)"
14799742113,6688,276502,,,,,,,,,,0.094,14009.520,Pinned,Device,NVIDIA A100-SXM4-40GB MIG 4g.20gb (0),1,,13,[CUDA memcpy Host-to-Device]
14800051966,616857,276503,,,,,,,,,,456.561,740086.094,Device,,NVIDIA A100-SXM4-40GB MIG 4g.20gb (0),1,,13,[CUDA memset]
14800670007,62463,276508,,,,,,,,,,1.235,19770.218,Pinned,Device,NVIDIA A100-SXM4-40GB MIG 4g.20gb (0),1,,13,[CUDA memcpy Host-to-Device]
14800734934,9696,276509,,,,,,,,,,0.197,20277.166,Pinned,Device,NVIDIA A100-SXM4-40GB MIG 4g.20gb (0),1,,13,[CUDA memcpy Host-to-Device]
14800979892,32095,276510,69,4,1,48,1,1,76,0.002,0.000,,,,,NVIDIA A100-SXM4-40GB MIG 4g.20gb (0),1,,13,"void ch_est::windowedChEstPreNoDftSOfdmKernel<float, __half, float, (unsigned int)2, (unsigned int)1, (unsigned short)4>(ch_est::puschRxChEstStatDescr_t *, ch_est::puschRxChEstDynDescr_t *)"
14801249457,15359,276511,137,2,1,24,2,1,44,0.001,0.001,,,,,NVIDIA A100-SXM4-40GB MIG 4g.20gb (0),1,,13,"void ch_est::chEstFilterNoDftSOfdmDispatchKernel<float, __half, float, (unsigned int)2>(ch_est::puschRxChEstStatDescr_t *, ch_est::puschRxChEstDynDescr_t *)"
14801469518,22240,276512,137,2,1,24,2,1,44,0.001,0.001,,,,,NVIDIA A100-SXM4-40GB MIG 4g.20gb (0),1,,13,"void ch_est::chEstFilterNoDftSOfdmDispatchKernel<float, __half, float, (unsigned int)2>(ch_est::puschRxChEstStatDescr_t *, ch_est::puschRxChEstDynDescr_t *)"
14801725899,4032,276523,103,1,1,128,1,1,16,0.000,0.000,,,,,NVIDIA A100-SXM4-40GB MIG 4g.20gb (0),1,,13,cupy_copy__complex64_complex64
14801955401,17887,276533,1434,1,1,128,1,1,16,0.000,0.000,,,,,NVIDIA A100-SXM4-40GB MIG 4g.20gb (0),1,,13,cupy_copy__complex64_complex64
14802229701,4160,276540,103,1,1,128,1,1,16,0.000,0.000,,,,,NVIDIA A100-SXM4-40GB MIG 4g.20gb (0),1,,13,cupy_copy__complex64_complex64
14802462243,260445,276547,1,1,1,32,32,1,30,0.000,0.000,,,,,NVIDIA A100-SXM4-40GB MIG 4g.20gb (0),1,,13,"void convert_kernel<__half2, float2>(tensor_layout_any, T1 *, tensor_layout_any, const T2 *)"
14802753792,5695,276550,,,,,,,,,,0.094,16452.268,Pinned,Device,NVIDIA A100-SXM4-40GB MIG 4g.20gb (0),1,,13,[CUDA memcpy Host-to-Device]
14803018333,52863,276551,,,,,,,,,,35.810,677380.447,Device,,NVIDIA A100-SXM4-40GB MIG 4g.20gb (0),1,,13,[CUDA memset]
14803077532,5856,276553,,,,,,,,,,0.000,13.661,Pinned,Device,NVIDIA A100-SXM4-40GB MIG 4g.20gb (0),1,,13,[CUDA memcpy Host-to-Device]
14803086012,9728,276554,,,,,,,,,,0.197,20210.516,Pinned,Device,NVIDIA A100-SXM4-40GB MIG 4g.20gb (0),1,,13,[CUDA memcpy Host-to-Device]
14803372409,22943,276555,273,1,1,48,1,1,40,0.000,0.001,,,,,NVIDIA A100-SXM4-40GB MIG 4g.20gb (0),1,,13,"void pusch_noise_intf_est::noiseIntfEstNoDftSOfdmKernel<float, __half, float, float, (unsigned int)2, (unsigned int)1, (unsigned char)4, (unsigned char)4>(pusch_noise_intf_est::puschRxNoiseIntfEstDynDescr)"
14803592214,9152,276566,35,1,1,128,1,1,16,0.000,0.000,,,,,NVIDIA A100-SXM4-40GB MIG 4g.20gb (0),1,,13,cupy_copy__complex64_complex64
14803849683,3136,276575,1,1,1,1,1,1,18,0.000,0.000,,,,,NVIDIA A100-SXM4-40GB MIG 4g.20gb (0),1,,13,cupy_copy__float32_float32
14803856787,2880,276581,,,,,,,,,,0.000,1.389,Device,Pageable,NVIDIA A100-SXM4-40GB MIG 4g.20gb (0),1,,7,[CUDA memcpy Device-to-Host]
14804156016,18112,276592,1434,1,1,128,1,1,16,0.000,0.000,,,,,NVIDIA A100-SXM4-40GB MIG 4g.20gb (0),1,,13,cupy_copy__complex64_complex64
14804387181,9984,276599,103,1,1,128,1,1,16,0.000,0.000,,,,,NVIDIA A100-SXM4-40GB MIG 4g.20gb (0),1,,13,cupy_copy__complex64_complex64
14804644458,4096,276606,35,1,1,128,1,1,16,0.000,0.000,,,,,NVIDIA A100-SXM4-40GB MIG 4g.20gb (0),1,,13,cupy_copy__complex64_complex64
14804916039,4544,276613,1,1,1,1,1,1,18,0.000,0.000,,,,,NVIDIA A100-SXM4-40GB MIG 4g.20gb (0),1,,13,cupy_copy__float32_float32
14805201316,212222,276624,1,1,1,32,32,1,30,0.000,0.000,,,,,NVIDIA A100-SXM4-40GB MIG 4g.20gb (0),1,,13,"void convert_kernel<__half2, float2>(tensor_layout_any, T1 *, tensor_layout_any, const T2 *)"
14805442689,8832,276627,,,,,,,,,,0.094,10608.636,Pinned,Device,NVIDIA A100-SXM4-40GB MIG 4g.20gb (0),1,,13,[CUDA memcpy Host-to-Device]
14805664159,17088,276628,,,,,,,,,,1.547,90508.436,Device,,NVIDIA A100-SXM4-40GB MIG 4g.20gb (0),1,,13,[CUDA memset]
14805686399,3967,276633,,,,,,,,,,0.031,7889.064,Pinned,Device,NVIDIA A100-SXM4-40GB MIG 4g.20gb (0),1,,13,[CUDA memcpy Host-to-Device]
14805692830,13696,276634,,,,,,,,,,0.197,14355.137,Pinned,Device,NVIDIA A100-SXM4-40GB MIG 4g.20gb (0),1,,13,[CUDA memcpy Host-to-Device]
14805982939,53696,276635,273,1,1,8,4,1,39,0.002,0.000,,,,,NVIDIA A100-SXM4-40GB MIG 4g.20gb (0),1,,13,"void channel_eq::eqMmseCoefCompLowMimoKernel<float, float, float, (unsigned int)4, (unsigned int)1, (unsigned int)4>(const channel_eq::_puschRxChEqStatDescr *, channel_eq::_puschRxChEqCoefCompDynDescr)"
14806337399,27520,276636,273,1,1,12,11,1,51,0.002,0.000,,,,,NVIDIA A100-SXM4-40GB MIG 4g.20gb (0),1,,13,"void channel_eq::eqMmseSoftDemapKernel<float, __half, __half, float, (unsigned int)4, (unsigned short)16383>(channel_eq::_puschRxChEqStatDescr *, channel_eq::_puschRxChEqSoftDemapDynDescr)"
14807560617,571898,276637,1,1,1,32,32,1,30,0.000,0.000,,,,,NVIDIA A100-SXM4-40GB MIG 4g.20gb (0),1,,13,"void convert_kernel<float2, __half2>(tensor_layout_any, T1 *, tensor_layout_any, const T2 *)"
14809307542,15040,276649,2253,1,1,128,1,1,16,0.000,0.000,,,,,NVIDIA A100-SXM4-40GB MIG 4g.20gb (0),1,,13,cupy_copy__float16_float16
14809511027,14272,276658,282,1,1,128,1,1,16,0.000,0.000,,,,,NVIDIA A100-SXM4-40GB MIG 4g.20gb (0),1,,13,cupy_copy__complex64_complex64
14809745649,5408,276667,26,1,1,128,1,1,16,0.000,0.000,,,,,NVIDIA A100-SXM4-40GB MIG 4g.20gb (0),1,,13,cupy_copy__float32_float32
14810931651,9920,276676,103,1,1,128,1,1,16,0.000,0.000,,,,,NVIDIA A100-SXM4-40GB MIG 4g.20gb (0),1,,13,cupy_copy__complex64_complex64
14811181793,17343,276686,1434,1,1,128,1,1,16,0.000,0.000,,,,,NVIDIA A100-SXM4-40GB MIG 4g.20gb (0),1,,13,cupy_copy__complex64_complex64
14811408414,1198739,276691,1,1,1,32,32,1,30,0.000,0.000,,,,,NVIDIA A100-SXM4-40GB MIG 4g.20gb (0),1,,13,"void convert_kernel<__half2, float2>(tensor_layout_any, T1 *, tensor_layout_any, const T2 *)"
14812638576,7008,276694,,,,,,,,,,0.094,13369.857,Pinned,Device,NVIDIA A100-SXM4-40GB MIG 4g.20gb (0),1,,13,[CUDA memcpy Host-to-Device]
14812897773,1576206,276695,,,,,,,,,,456.561,289459.953,Device,,NVIDIA A100-SXM4-40GB MIG 4g.20gb (0),1,,13,[CUDA memset]
14814475547,58592,276700,,,,,,,,,,1.235,21076.789,Pinned,Device,NVIDIA A100-SXM4-40GB MIG 4g.20gb (0),1,,13,[CUDA memcpy Host-to-Device]
14814536635,11904,276701,,,,,,,,,,0.197,16516.055,Pinned,Device,NVIDIA A100-SXM4-40GB MIG 4g.20gb (0),1,,13,[CUDA memcpy Host-to-Device]
14814751448,20512,276702,69,4,1,48,1,1,76,0.002,0.000,,,,,NVIDIA A100-SXM4-40GB MIG 4g.20gb (0),1,,13,"void ch_est::windowedChEstPreNoDftSOfdmKernel<float, __half, float, (unsigned int)2, (unsigned int)1, (unsigned short)4>(ch_est::puschRxChEstStatDescr_t *, ch_est::puschRxChEstDynDescr_t *)"
14815001270,987764,276703,137,2,1,24,2,1,44,0.001,0.001,,,,,NVIDIA A100-SXM4-40GB MIG 4g.20gb (0),1,,13,"void ch_est::chEstFilterNoDftSOfdmDispatchKernel<float, __half, float, (unsigned int)2>(ch_est::puschRxChEstStatDescr_t *, ch_est::puschRxChEstDynDescr_t *)"
14816197416,16512,276704,137,2,1,24,2,1,44,0.001,0.001,,,,,NVIDIA A100-SXM4-40GB MIG 4g.20gb (0),1,,13,"void ch_est::chEstFilterNoDftSOfdmDispatchKernel<float, __half, float, (unsigned int)2>(ch_est::puschRxChEstStatDescr_t *, ch_est::puschRxChEstDynDescr_t *)"
14816400582,4096,276715,103,1,1,128,1,1,16,0.000,0.000,,,,,NVIDIA A100-SXM4-40GB MIG 4g.20gb (0),1,,13,cupy_copy__complex64_complex64
14816593732,18655,276725,1434,1,1,128,1,1,16,0.000,0.000,,,,,NVIDIA A100-SXM4-40GB MIG 4g.20gb (0),1,,13,cupy_copy__complex64_complex64
14817782966,11488,276732,103,1,1,128,1,1,16,0.000,0.000,,,,,NVIDIA A100-SXM4-40GB MIG 4g.20gb (0),1,,13,cupy_copy__complex64_complex64
14818020276,260125,276739,1,1,1,32,32,1,30,0.000,0.000,,,,,NVIDIA A100-SXM4-40GB MIG 4g.20gb (0),1,,13,"void convert_kernel<__half2, float2>(tensor_layout_any, T1 *, tensor_layout_any, const T2 *)"
14818309744,5472,276742,,,,,,,,,,0.094,17122.757,Pinned,Device,NVIDIA A100-SXM4-40GB MIG 4g.20gb (0),1,,13,[CUDA memcpy Host-to-Device]
14819499619,51647,276743,,,,,,,,,,35.810,693351.671,Device,,NVIDIA A100-SXM4-40GB MIG 4g.20gb (0),1,,13,[CUDA memset]
14819557186,3200,276745,,,,,,,,,,0.000,25.000,Pinned,Device,NVIDIA A100-SXM4-40GB MIG 4g.20gb (0),1,,13,[CUDA memcpy Host-to-Device]
14819571938,12320,276746,,,,,,,,,,0.197,15958.278,Pinned,Device,NVIDIA A100-SXM4-40GB MIG 4g.20gb (0),1,,13,[CUDA memcpy Host-to-Device]
14819849535,17408,276747,273,1,1,48,1,1,40,0.000,0.001,,,,,NVIDIA A100-SXM4-40GB MIG 4g.20gb (0),1,,13,"void pusch_noise_intf_est::noiseIntfEstNoDftSOfdmKernel<float, __half, float, float, (unsigned int)2, (unsigned int)1, (unsigned char)4, (unsigned char)4>(pusch_noise_intf_est::puschRxNoiseIntfEstDynDescr)"
14820035773,13344,276758,35,1,1,128,1,1,16,0.000,0.000,,,,,NVIDIA A100-SXM4-40GB MIG 4g.20gb (0),1,,13,cupy_copy__complex64_complex64
14820295642,4864,276767,1,1,1,1,1,1,18,0.000,0.000,,,,,NVIDIA A100-SXM4-40GB MIG 4g.20gb (0),1,,13,cupy_copy__float32_float32
14820305434,5984,276773,,,,,,,,,,0.000,0.668,Device,Pageable,NVIDIA A100-SXM4-40GB MIG 4g.20gb (0),1,,7,[CUDA memcpy Device-to-Host]
14821033842,21727,276784,1434,1,1,128,1,1,16,0.000,0.000,,,,,NVIDIA A100-SXM4-40GB MIG 4g.20gb (0),1,,13,cupy_copy__complex64_complex64
14821281551,8000,276791,103,1,1,128,1,1,16,0.000,0.000,,,,,NVIDIA A100-SXM4-40GB MIG 4g.20gb (0),1,,13,cupy_copy__complex64_complex64
14821520364,4480,276798,35,1,1,128,1,1,16,0.000,0.000,,,,,NVIDIA A100-SXM4-40GB MIG 4g.20gb (0),1,,13,cupy_copy__complex64_complex64
14821762313,3072,276805,1,1,1,1,1,1,18,0.000,0.000,,,,,NVIDIA A100-SXM4-40GB MIG 4g.20gb (0),1,,13,cupy_copy__float32_float32
14821993447,245053,276816,1,1,1,32,32,1,30,0.000,0.000,,,,,NVIDIA A100-SXM4-40GB MIG 4g.20gb (0),1,,13,"void convert_kernel<__half2, float2>(tensor_layout_any, T1 *, tensor_layout_any, const T2 *)"
14822274340,6240,276819,,,,,,,,,,0.094,15015.346,Pinned,Device,NVIDIA A100-SXM4-40GB MIG 4g.20gb (0),1,,13,[CUDA memcpy Host-to-Device]
14822485313,7488,276820,,,,,,,,,,1.547,206546.995,Device,,NVIDIA A100-SXM4-40GB MIG 4g.20gb (0),1,,13,[CUDA memset]
14822502593,7040,276825,,,,,,,,,,0.031,4445.440,Pinned,Device,NVIDIA A100-SXM4-40GB MIG 4g.20gb (0),1,,13,[CUDA memcpy Host-to-Device]
14822517921,14976,276826,,,,,,,,,,0.197,13128.106,Pinned,Device,NVIDIA A100-SXM4-40GB MIG 4g.20gb (0),1,,13,[CUDA memcpy Host-to-Device]
14822692511,13600,276827,273,1,1,8,4,1,39,0.002,0.000,,,,,NVIDIA A100-SXM4-40GB MIG 4g.20gb (0),1,,13,"void channel_eq::eqMmseCoefCompLowMimoKernel<float, float, float, (unsigned int)4, (unsigned int)1, (unsigned int)4>(const channel_eq::_puschRxChEqStatDescr *, channel_eq::_puschRxChEqCoefCompDynDescr)"
14822918812,24288,276828,273,1,1,12,11,1,51,0.002,0.000,,,,,NVIDIA A100-SXM4-40GB MIG 4g.20gb (0),1,,13,"void channel_eq::eqMmseSoftDemapKernel<float, __half, __half, float, (unsigned int)4, (unsigned short)16383>(channel_eq::_puschRxChEqStatDescr *, channel_eq::_puschRxChEqSoftDemapDynDescr)"
14823167610,691928,276829,1,1,1,32,32,1,30,0.000,0.000,,,,,NVIDIA A100-SXM4-40GB MIG 4g.20gb (0),1,,13,"void convert_kernel<float2, __half2>(tensor_layout_any, T1 *, tensor_layout_any, const T2 *)"
14824046416,20799,276841,2253,1,1,128,1,1,16,0.000,0.000,,,,,NVIDIA A100-SXM4-40GB MIG 4g.20gb (0),1,,13,cupy_copy__float16_float16
14824345516,13440,276850,282,1,1,128,1,1,16,0.000,0.000,,,,,NVIDIA A100-SXM4-40GB MIG 4g.20gb (0),1,,13,cupy_copy__complex64_complex64
14824581290,9151,276859,26,1,1,128,1,1,16,0.000,0.000,,,,,NVIDIA A100-SXM4-40GB MIG 4g.20gb (0),1,,13,cupy_copy__float32_float32
14824813799,5120,276868,103,1,1,128,1,1,16,0.000,0.000,,,,,NVIDIA A100-SXM4-40GB MIG 4g.20gb (0),1,,13,cupy_copy__complex64_complex64
14825044772,17952,276878,1434,1,1,128,1,1,16,0.000,0.000,,,,,NVIDIA A100-SXM4-40GB MIG 4g.20gb (0),1,,13,cupy_copy__complex64_complex64
14825251586,246205,276883,1,1,1,32,32,1,30,0.000,0.000,,,,,NVIDIA A100-SXM4-40GB MIG 4g.20gb (0),1,,13,"void convert_kernel<__half2, float2>(tensor_layout_any, T1 *, tensor_layout_any, const T2 *)"
14825529599,10112,276886,,,,,,,,,,0.094,9265.785,Pinned,Device,NVIDIA A100-SXM4-40GB MIG 4g.20gb (0),1,,13,[CUDA memcpy Host-to-Device]
14825765660,617913,276887,,,,,,,,,,456.561,738716.410,Device,,NVIDIA A100-SXM4-40GB MIG 4g.20gb (0),1,,13,[CUDA memset]
14826385141,59328,276892,,,,,,,,,,1.235,20814.981,Pinned,Device,NVIDIA A100-SXM4-40GB MIG 4g.20gb (0),1,,13,[CUDA memcpy Host-to-Device]
14826447445,11231,276893,,,,,,,,,,0.197,17505.780,Pinned,Device,NVIDIA A100-SXM4-40GB MIG 4g.20gb (0),1,,13,[CUDA memcpy Host-to-Device]
14826724401,22496,276894,69,4,1,48,1,1,76,0.002,0.000,,,,,NVIDIA A100-SXM4-40GB MIG 4g.20gb (0),1,,13,"void ch_est::windowedChEstPreNoDftSOfdmKernel<float, __half, float, (unsigned int)2, (unsigned int)1, (unsigned short)4>(ch_est::puschRxChEstStatDescr_t *, ch_est::puschRxChEstDynDescr_t *)"
14827028110,21280,276895,137,2,1,24,2,1,44,0.001,0.001,,,,,NVIDIA A100-SXM4-40GB MIG 4g.20gb (0),1,,13,"void ch_est::chEstFilterNoDftSOfdmDispatchKernel<float, __half, float, (unsigned int)2>(ch_est::puschRxChEstStatDescr_t *, ch_est::puschRxChEstDynDescr_t *)"
14827325611,23039,276896,137,2,1,24,2,1,44,0.001,0.001,,,,,NVIDIA A100-SXM4-40GB MIG 4g.20gb (0),1,,13,"void ch_est::chEstFilterNoDftSOfdmDispatchKernel<float, __half, float, (unsigned int)2>(ch_est::puschRxChEstStatDescr_t *, ch_est::puschRxChEstDynDescr_t *)"
14827570824,6848,276907,103,1,1,128,1,1,16,0.000,0.000,,,,,NVIDIA A100-SXM4-40GB MIG 4g.20gb (0),1,,13,cupy_copy__complex64_complex64
14827805285,23072,276917,1434,1,1,128,1,1,16,0.000,0.000,,,,,NVIDIA A100-SXM4-40GB MIG 4g.20gb (0),1,,13,cupy_copy__complex64_complex64
14828022819,3968,276924,103,1,1,128,1,1,16,0.000,0.000,,,,,NVIDIA A100-SXM4-40GB MIG 4g.20gb (0),1,,13,cupy_copy__complex64_complex64
14828224321,241277,276931,1,1,1,32,32,1,30,0.000,0.000,,,,,NVIDIA A100-SXM4-40GB MIG 4g.20gb (0),1,,13,"void convert_kernel<__half2, float2>(tensor_layout_any, T1 *, tensor_layout_any, const T2 *)"
14828495069,6240,276934,,,,,,,,,,0.094,15015.346,Pinned,Device,NVIDIA A100-SXM4-40GB MIG 4g.20gb (0),1,,13,[CUDA memcpy Host-to-Device]
14828750171,55967,276935,,,,,,,,,,35.810,639815.841,Device,,NVIDIA A100-SXM4-40GB MIG 4g.20gb (0),1,,13,[CUDA memset]
14828812410,3264,276937,,,,,,,,,,0.000,24.510,Pinned,Device,NVIDIA A100-SXM4-40GB MIG 4g.20gb (0),1,,13,[CUDA memcpy Host-to-Device]
14828818362,10784,276938,,,,,,,,,,0.197,18231.263,Pinned,Device,NVIDIA A100-SXM4-40GB MIG 4g.20gb (0),1,,13,[CUDA memcpy Host-to-Device]
14829098295,48031,276939,273,1,1,48,1,1,40,0.000,0.001,,,,,NVIDIA A100-SXM4-40GB MIG 4g.20gb (0),1,,13,"void pusch_noise_intf_est::noiseIntfEstNoDftSOfdmKernel<float, __half, float, float, (unsigned int)2, (unsigned int)1, (unsigned char)4, (unsigned char)4>(pusch_noise_intf_est::puschRxNoiseIntfEstDynDescr)"
14829396499,10176,276950,35,1,1,128,1,1,16,0.000,0.000,,,,,NVIDIA A100-SXM4-40GB MIG 4g.20gb (0),1,,13,cupy_copy__complex64_complex64
14829635793,4704,276959,1,1,1,1,1,1,18,0.000,0.000,,,,,NVIDIA A100-SXM4-40GB MIG 4g.20gb (0),1,,13,cupy_copy__float32_float32
14829645649,1920,276965,,,,,,,,,,0.000,2.083,Device,Pageable,NVIDIA A100-SXM4-40GB MIG 4g.20gb (0),1,,7,[CUDA memcpy Device-to-Host]
14829934989,23456,276976,1434,1,1,128,1,1,16,0.000,0.000,,,,,NVIDIA A100-SXM4-40GB MIG 4g.20gb (0),1,,13,cupy_copy__complex64_complex64
14830153739,4096,276983,103,1,1,128,1,1,16,0.000,0.000,,,,,NVIDIA A100-SXM4-40GB MIG 4g.20gb (0),1,,13,cupy_copy__complex64_complex64
14830355177,11071,276990,35,1,1,128,1,1,16,0.000,0.000,,,,,NVIDIA A100-SXM4-40GB MIG 4g.20gb (0),1,,13,cupy_copy__complex64_complex64
14830538886,3488,276997,1,1,1,1,1,1,18,0.000,0.000,,,,,NVIDIA A100-SXM4-40GB MIG 4g.20gb (0),1,,13,cupy_copy__float32_float32
14830763716,223005,277008,1,1,1,32,32,1,30,0.000,0.000,,,,,NVIDIA A100-SXM4-40GB MIG 4g.20gb (0),1,,13,"void convert_kernel<__half2, float2>(tensor_layout_any, T1 *, tensor_layout_any, const T2 *)"
14831015841,6848,277011,,,,,,,,,,0.094,13682.239,Pinned,Device,NVIDIA A100-SXM4-40GB MIG 4g.20gb (0),1,,13,[CUDA memcpy Host-to-Device]
14831285374,15104,277012,,,,,,,,,,1.547,102397.335,Device,,NVIDIA A100-SXM4-40GB MIG 4g.20gb (0),1,,13,[CUDA memset]
14831307870,5280,277017,,,,,,,,,,0.031,5927.243,Pinned,Device,NVIDIA A100-SXM4-40GB MIG 4g.20gb (0),1,,13,[CUDA memcpy Host-to-Device]
14831319550,10048,277018,,,,,,,,,,0.197,19566.821,Pinned,Device,NVIDIA A100-SXM4-40GB MIG 4g.20gb (0),1,,13,[CUDA memcpy Host-to-Device]
14831578043,24063,277019,273,1,1,8,4,1,39,0.002,0.000,,,,,NVIDIA A100-SXM4-40GB MIG 4g.20gb (0),1,,13,"void channel_eq::eqMmseCoefCompLowMimoKernel<float, float, float, (unsigned int)4, (unsigned int)1, (unsigned int)4>(const channel_eq::_puschRxChEqStatDescr *, channel_eq::_puschRxChEqCoefCompDynDescr)"
14831826744,39840,277020,273,1,1,12,11,1,51,0.002,0.000,,,,,NVIDIA A100-SXM4-40GB MIG 4g.20gb (0),1,,13,"void channel_eq::eqMmseSoftDemapKernel<float, __half, __half, float, (unsigned int)4, (unsigned short)16383>(channel_eq::_puschRxChEqStatDescr *, channel_eq::_puschRxChEqSoftDemapDynDescr)"
14832077973,662233,277021,1,1,1,32,32,1,30,0.000,0.000,,,,,NVIDIA A100-SXM4-40GB MIG 4g.20gb (0),1,,13,"void convert_kernel<float2, __half2>(tensor_layout_any, T1 *, tensor_layout_any, const T2 *)"
14832967627,16320,277033,2253,1,1,128,1,1,16,0.000,0.000,,,,,NVIDIA A100-SXM4-40GB MIG 4g.20gb (0),1,,13,cupy_copy__float16_float16
14833214056,4832,277042,282,1,1,128,1,1,16,0.000,0.000,,,,,NVIDIA A100-SXM4-40GB MIG 4g.20gb (0),1,,13,cupy_copy__complex64_complex64
14833418342,3392,277051,26,1,1,128,1,1,16,0.000,0.000,,,,,NVIDIA A100-SXM4-40GB MIG 4g.20gb (0),1,,13,cupy_copy__float32_float32
14833608196,14560,277060,103,1,1,128,1,1,16,0.000,0.000,,,,,NVIDIA A100-SXM4-40GB MIG 4g.20gb (0),1,,13,cupy_copy__complex64_complex64
14833926304,21216,277070,1434,1,1,128,1,1,16,0.000,0.000,,,,,NVIDIA A100-SXM4-40GB MIG 4g.20gb (0),1,,13,cupy_copy__complex64_complex64
14834175421,253118,277075,1,1,1,32,32,1,30,0.000,0.000,,,,,NVIDIA A100-SXM4-40GB MIG 4g.20gb (0),1,,13,"void convert_kernel<__half2, float2>(tensor_layout_any, T1 *, tensor_layout_any, const T2 *)"
14834457594,9824,277078,,,,,,,,,,0.094,9537.410,Pinned,Device,NVIDIA A100-SXM4-40GB MIG 4g.20gb (0),1,,13,[CUDA memcpy Host-to-Device]
14834665464,619481,277079,,,,,,,,,,456.561,736890.164,Device,,NVIDIA A100-SXM4-40GB MIG 4g.20gb (0),1,,13,[CUDA memset]
14835292209,57023,277084,,,,,,,,,,1.235,21655.978,Pinned,Device,NVIDIA A100-SXM4-40GB MIG 4g.20gb (0),1,,13,[CUDA memcpy Host-to-Device]
14835351696,10880,277085,,,,,,,,,,0.197,18070.438,Pinned,Device,NVIDIA A100-SXM4-40GB MIG 4g.20gb (0),1,,13,[CUDA memcpy Host-to-Device]
14835585134,21599,277086,69,4,1,48,1,1,76,0.002,0.000,,,,,NVIDIA A100-SXM4-40GB MIG 4g.20gb (0),1,,13,"void ch_est::windowedChEstPreNoDftSOfdmKernel<float, __half, float, (unsigned int)2, (unsigned int)1, (unsigned short)4>(ch_est::puschRxChEstStatDescr_t *, ch_est::puschRxChEstDynDescr_t *)"
14835790315,22688,277087,137,2,1,24,2,1,44,0.001,0.001,,,,,NVIDIA A100-SXM4-40GB MIG 4g.20gb (0),1,,13,"void ch_est::chEstFilterNoDftSOfdmDispatchKernel<float, __half, float, (unsigned int)2>(ch_est::puschRxChEstStatDescr_t *, ch_est::puschRxChEstDynDescr_t *)"
14836038057,40479,277088,137,2,1,24,2,1,44,0.001,0.001,,,,,NVIDIA A100-SXM4-40GB MIG 4g.20gb (0),1,,13,"void ch_est::chEstFilterNoDftSOfdmDispatchKernel<float, __half, float, (unsigned int)2>(ch_est::puschRxChEstStatDescr_t *, ch_est::puschRxChEstDynDescr_t *)"
14836337829,7776,277099,103,1,1,128,1,1,16,0.000,0.000,,,,,NVIDIA A100-SXM4-40GB MIG 4g.20gb (0),1,,13,cupy_copy__complex64_complex64
14836572706,22240,277109,1434,1,1,128,1,1,16,0.000,0.000,,,,,NVIDIA A100-SXM4-40GB MIG 4g.20gb (0),1,,13,cupy_copy__complex64_complex64
14836789696,3808,277116,103,1,1,128,1,1,16,0.000,0.000,,,,,NVIDIA A100-SXM4-40GB MIG 4g.20gb (0),1,,13,cupy_copy__complex64_complex64
14836996414,245949,277123,1,1,1,32,32,1,30,0.000,0.000,,,,,NVIDIA A100-SXM4-40GB MIG 4g.20gb (0),1,,13,"void convert_kernel<__half2, float2>(tensor_layout_any, T1 *, tensor_layout_any, const T2 *)"
14837272507,8671,277126,,,,,,,,,,0.094,10805.585,Pinned,Device,NVIDIA A100-SXM4-40GB MIG 4g.20gb (0),1,,13,[CUDA memcpy Host-to-Device]
14837520280,55839,277127,,,,,,,,,,35.810,641284.047,Device,,NVIDIA A100-SXM4-40GB MIG 4g.20gb (0),1,,13,[CUDA memset]
14837577303,1920,277129,,,,,,,,,,0.000,41.667,Pinned,Device,NVIDIA A100-SXM4-40GB MIG 4g.20gb (0),1,,13,[CUDA memcpy Host-to-Device]
14837585719,13600,277130,,,,,,,,,,0.197,14456.390,Pinned,Device,NVIDIA A100-SXM4-40GB MIG 4g.20gb (0),1,,13,[CUDA memcpy Host-to-Device]
14837870164,49311,277131,273,1,1,48,1,1,40,0.000,0.001,,,,,NVIDIA A100-SXM4-40GB MIG 4g.20gb (0),1,,13,"void pusch_noise_intf_est::noiseIntfEstNoDftSOfdmKernel<float, __half, float, float, (unsigned int)2, (unsigned int)1, (unsigned char)4, (unsigned char)4>(pusch_noise_intf_est::puschRxNoiseIntfEstDynDescr)"
14838112401,3872,277142,35,1,1,128,1,1,16,0.000,0.000,,,,,NVIDIA A100-SXM4-40GB MIG 4g.20gb (0),1,,13,cupy_copy__complex64_complex64
14838338671,3008,277151,1,1,1,1,1,1,18,0.000,0.000,,,,,NVIDIA A100-SXM4-40GB MIG 4g.20gb (0),1,,13,cupy_copy__float32_float32
14838349838,2784,277157,,,,,,,,,,0.000,1.437,Device,Pageable,NVIDIA A100-SXM4-40GB MIG 4g.20gb (0),1,,7,[CUDA memcpy Device-to-Host]
14838647307,18048,277168,1434,1,1,128,1,1,16,0.000,0.000,,,,,NVIDIA A100-SXM4-40GB MIG 4g.20gb (0),1,,13,cupy_copy__complex64_complex64
14838847561,10944,277175,103,1,1,128,1,1,16,0.000,0.000,,,,,NVIDIA A100-SXM4-40GB MIG 4g.20gb (0),1,,13,cupy_copy__complex64_complex64
14839092678,11680,277182,35,1,1,128,1,1,16,0.000,0.000,,,,,NVIDIA A100-SXM4-40GB MIG 4g.20gb (0),1,,13,cupy_copy__complex64_complex64
14839335235,4160,277189,1,1,1,1,1,1,18,0.000,0.000,,,,,NVIDIA A100-SXM4-40GB MIG 4g.20gb (0),1,,13,cupy_copy__float32_float32
14839557409,221469,277200,1,1,1,32,32,1,30,0.000,0.000,,,,,NVIDIA A100-SXM4-40GB MIG 4g.20gb (0),1,,13,"void convert_kernel<__half2, float2>(tensor_layout_any, T1 *, tensor_layout_any, const T2 *)"
14839807806,6816,277203,,,,,,,,,,0.094,13746.421,Pinned,Device,NVIDIA A100-SXM4-40GB MIG 4g.20gb (0),1,,13,[CUDA memcpy Host-to-Device]
14840075227,17568,277204,,,,,,,,,,1.547,88035.385,Device,,NVIDIA A100-SXM4-40GB MIG 4g.20gb (0),1,,13,[CUDA memset]
14840094267,4128,277209,,,,,,,,,,0.031,7581.393,Pinned,Device,NVIDIA A100-SXM4-40GB MIG 4g.20gb (0),1,,13,[CUDA memcpy Host-to-Device]
14840101883,12992,277210,,,,,,,,,,0.197,15132.918,Pinned,Device,NVIDIA A100-SXM4-40GB MIG 4g.20gb (0),1,,13,[CUDA memcpy Host-to-Device]
14840364632,20672,277211,273,1,1,8,4,1,39,0.002,0.000,,,,,NVIDIA A100-SXM4-40GB MIG 4g.20gb (0),1,,13,"void channel_eq::eqMmseCoefCompLowMimoKernel<float, float, float, (unsigned int)4, (unsigned int)1, (unsigned int)4>(const channel_eq::_puschRxChEqStatDescr *, channel_eq::_puschRxChEqCoefCompDynDescr)"
14840606261,39392,277212,273,1,1,12,11,1,51,0.002,0.000,,,,,NVIDIA A100-SXM4-40GB MIG 4g.20gb (0),1,,13,"void channel_eq::eqMmseSoftDemapKernel<float, __half, __half, float, (unsigned int)4, (unsigned short)16383>(channel_eq::_puschRxChEqStatDescr *, channel_eq::_puschRxChEqSoftDemapDynDescr)"
14840858066,663865,277213,1,1,1,32,32,1,30,0.000,0.000,,,,,NVIDIA A100-SXM4-40GB MIG 4g.20gb (0),1,,13,"void convert_kernel<float2, __half2>(tensor_layout_any, T1 *, tensor_layout_any, const T2 *)"
14841749800,16096,277225,2253,1,1,128,1,1,16,0.000,0.000,,,,,NVIDIA A100-SXM4-40GB MIG 4g.20gb (0),1,,13,cupy_copy__float16_float16
14841995653,4928,277234,282,1,1,128,1,1,16,0.000,0.000,,,,,NVIDIA A100-SXM4-40GB MIG 4g.20gb (0),1,,13,cupy_copy__complex64_complex64
14842202787,3488,277243,26,1,1,128,1,1,16,0.000,0.000,,,,,NVIDIA A100-SXM4-40GB MIG 4g.20gb (0),1,,13,cupy_copy__float32_float32
14842393889,13056,277252,103,1,1,128,1,1,16,0.000,0.000,,,,,NVIDIA A100-SXM4-40GB MIG 4g.20gb (0),1,,13,cupy_copy__complex64_complex64
14842679966,19487,277262,1434,1,1,128,1,1,16,0.000,0.000,,,,,NVIDIA A100-SXM4-40GB MIG 4g.20gb (0),1,,13,cupy_copy__complex64_complex64
14842932187,253597,277267,1,1,1,32,32,1,30,0.000,0.000,,,,,NVIDIA A100-SXM4-40GB MIG 4g.20gb (0),1,,13,"void convert_kernel<__half2, float2>(tensor_layout_any, T1 *, tensor_layout_any, const T2 *)"
14843218648,10303,277270,,,,,,,,,,0.094,9094.040,Pinned,Device,NVIDIA A100-SXM4-40GB MIG 4g.20gb (0),1,,13,[CUDA memcpy Host-to-Device]
14843419445,620025,277271,,,,,,,,,,456.561,735977.041,Device,,NVIDIA A100-SXM4-40GB MIG 4g.20gb (0),1,,13,[CUDA memset]
14844046062,58016,277276,,,,,,,,,,1.235,21285.495,Pinned,Device,NVIDIA A100-SXM4-40GB MIG 4g.20gb (0),1,,13,[CUDA memcpy Host-to-Device]
14844106798,10335,277277,,,,,,,,,,0.197,19023.397,Pinned,Device,NVIDIA A100-SXM4-40GB MIG 4g.20gb (0),1,,13,[CUDA memcpy Host-to-Device]
14844339083,18720,277278,69,4,1,48,1,1,76,0.002,0.000,,,,,NVIDIA A100-SXM4-40GB MIG 4g.20gb (0),1,,13,"void ch_est::windowedChEstPreNoDftSOfdmKernel<float, __half, float, (unsigned int)2, (unsigned int)1, (unsigned short)4>(ch_est::puschRxChEstStatDescr_t *, ch_est::puschRxChEstDynDescr_t *)"
14844542345,21567,277279,137,2,1,24,2,1,44,0.001,0.001,,,,,NVIDIA A100-SXM4-40GB MIG 4g.20gb (0),1,,13,"void ch_est::chEstFilterNoDftSOfdmDispatchKernel<float, __half, float, (unsigned int)2>(ch_est::puschRxChEstStatDescr_t *, ch_est::puschRxChEstDynDescr_t *)"
14844789958,38335,277280,137,2,1,24,2,1,44,0.001,0.001,,,,,NVIDIA A100-SXM4-40GB MIG 4g.20gb (0),1,,13,"void ch_est::chEstFilterNoDftSOfdmDispatchKernel<float, __half, float, (unsigned int)2>(ch_est::puschRxChEstStatDescr_t *, ch_est::puschRxChEstDynDescr_t *)"
14845033475,4096,277291,103,1,1,128,1,1,16,0.000,0.000,,,,,NVIDIA A100-SXM4-40GB MIG 4g.20gb (0),1,,13,cupy_copy__complex64_complex64
14846589330,19007,277301,1434,1,1,128,1,1,16,0.000,0.000,,,,,NVIDIA A100-SXM4-40GB MIG 4g.20gb (0),1,,13,cupy_copy__complex64_complex64
14846794799,11200,277308,103,1,1,128,1,1,16,0.000,0.000,,,,,NVIDIA A100-SXM4-40GB MIG 4g.20gb (0),1,,13,cupy_copy__complex64_complex64
14847044684,244190,277315,1,1,1,32,32,1,30,0.000,0.000,,,,,NVIDIA A100-SXM4-40GB MIG 4g.20gb (0),1,,13,"void convert_kernel<__half2, float2>(tensor_layout_any, T1 *, tensor_layout_any, const T2 *)"
14847323785,8928,277318,,,,,,,,,,0.094,10494.608,Pinned,Device,NVIDIA A100-SXM4-40GB MIG 4g.20gb (0),1,,13,[CUDA memcpy Host-to-Device]
14847570535,60927,277319,,,,,,,,,,35.810,587748.217,Device,,NVIDIA A100-SXM4-40GB MIG 4g.20gb (0),1,,13,[CUDA memset]
14847635686,3168,277321,,,,,,,,,,0.000,25.252,Pinned,Device,NVIDIA A100-SXM4-40GB MIG 4g.20gb (0),1,,13,[CUDA memcpy Host-to-Device]
14847644934,11584,277322,,,,,,,,,,0.197,16972.186,Pinned,Device,NVIDIA A100-SXM4-40GB MIG 4g.20gb (0),1,,13,[CUDA memcpy Host-to-Device]
14847910243,31935,277323,273,1,1,48,1,1,40,0.000,0.001,,,,,NVIDIA A100-SXM4-40GB MIG 4g.20gb (0),1,,13,"void pusch_noise_intf_est::noiseIntfEstNoDftSOfdmKernel<float, __half, float, float, (unsigned int)2, (unsigned int)1, (unsigned char)4, (unsigned char)4>(pusch_noise_intf_est::puschRxNoiseIntfEstDynDescr)"
14848113440,3776,277334,35,1,1,128,1,1,16,0.000,0.000,,,,,NVIDIA A100-SXM4-40GB MIG 4g.20gb (0),1,,13,cupy_copy__complex64_complex64
14848340830,4864,277343,1,1,1,1,1,1,18,0.000,0.000,,,,,NVIDIA A100-SXM4-40GB MIG 4g.20gb (0),1,,13,cupy_copy__float32_float32
14848348350,3488,277349,,,,,,,,,,0.000,1.147,Device,Pageable,NVIDIA A100-SXM4-40GB MIG 4g.20gb (0),1,,7,[CUDA memcpy Device-to-Host]
14848669754,20896,277360,1434,1,1,128,1,1,16,0.000,0.000,,,,,NVIDIA A100-SXM4-40GB MIG 4g.20gb (0),1,,13,cupy_copy__complex64_complex64
14848862392,4288,277367,103,1,1,128,1,1,16,0.000,0.000,,,,,NVIDIA A100-SXM4-40GB MIG 4g.20gb (0),1,,13,cupy_copy__complex64_complex64
14849076790,4128,277374,35,1,1,128,1,1,16,0.000,0.000,,,,,NVIDIA A100-SXM4-40GB MIG 4g.20gb (0),1,,13,cupy_copy__complex64_complex64
14849319603,3904,277381,1,1,1,1,1,1,18,0.000,0.000,,,,,NVIDIA A100-SXM4-40GB MIG 4g.20gb (0),1,,13,cupy_copy__float32_float32
14849598000,238557,277392,1,1,1,32,32,1,30,0.000,0.000,,,,,NVIDIA A100-SXM4-40GB MIG 4g.20gb (0),1,,13,"void convert_kernel<__half2, float2>(tensor_layout_any, T1 *, tensor_layout_any, const T2 *)"
14849865261,6752,277395,,,,,,,,,,0.094,13876.752,Pinned,Device,NVIDIA A100-SXM4-40GB MIG 4g.20gb (0),1,,13,[CUDA memcpy Host-to-Device]
14850700323,4192,277396,,,,,,,,,,1.547,368945.609,Device,,NVIDIA A100-SXM4-40GB MIG 4g.20gb (0),1,,13,[CUDA memset]
14850712451,6208,277401,,,,,,,,,,0.031,5041.222,Pinned,Device,NVIDIA A100-SXM4-40GB MIG 4g.20gb (0),1,,13,[CUDA memcpy Host-to-Device]
14850721731,9792,277402,,,,,,,,,,0.197,20078.395,Pinned,Device,NVIDIA A100-SXM4-40GB MIG 4g.20gb (0),1,,13,[CUDA memcpy Host-to-Device]
14850891649,30048,277403,273,1,1,8,4,1,39,0.002,0.000,,,,,NVIDIA A100-SXM4-40GB MIG 4g.20gb (0),1,,13,"void channel_eq::eqMmseCoefCompLowMimoKernel<float, float, float, (unsigned int)4, (unsigned int)1, (unsigned int)4>(const channel_eq::_puschRxChEqStatDescr *, channel_eq::_puschRxChEqCoefCompDynDescr)"
14851167614,25600,277404,273,1,1,12,11,1,51,0.002,0.000,,,,,NVIDIA A100-SXM4-40GB MIG 4g.20gb (0),1,,13,"void channel_eq::eqMmseSoftDemapKernel<float, __half, __half, float, (unsigned int)4, (unsigned short)16383>(channel_eq::_puschRxChEqStatDescr *, channel_eq::_puschRxChEqSoftDemapDynDescr)"
14851479931,1330225,277405,1,1,1,32,32,1,30,0.000,0.000,,,,,NVIDIA A100-SXM4-40GB MIG 4g.20gb (0),1,,13,"void convert_kernel<float2, __half2>(tensor_layout_any, T1 *, tensor_layout_any, const T2 *)"
14853026217,16032,277417,2253,1,1,128,1,1,16,0.000,0.000,,,,,NVIDIA A100-SXM4-40GB MIG 4g.20gb (0),1,,13,cupy_copy__float16_float16
14853286822,12896,277426,282,1,1,128,1,1,16,0.000,0.000,,,,,NVIDIA A100-SXM4-40GB MIG 4g.20gb (0),1,,13,cupy_copy__complex64_complex64
14853507460,3776,277435,26,1,1,128,1,1,16,0.000,0.000,,,,,NVIDIA A100-SXM4-40GB MIG 4g.20gb (0),1,,13,cupy_copy__float32_float32
14853709953,4512,277444,103,1,1,128,1,1,16,0.000,0.000,,,,,NVIDIA A100-SXM4-40GB MIG 4g.20gb (0),1,,13,cupy_copy__complex64_complex64
14853976446,18752,277454,1434,1,1,128,1,1,16,0.000,0.000,,,,,NVIDIA A100-SXM4-40GB MIG 4g.20gb (0),1,,13,cupy_copy__complex64_complex64
14854890196,252157,277459,1,1,1,32,32,1,30,0.000,0.000,,,,,NVIDIA A100-SXM4-40GB MIG 4g.20gb (0),1,,13,"void convert_kernel<__half2, float2>(tensor_layout_any, T1 *, tensor_layout_any, const T2 *)"
14855175185,6336,277462,,,,,,,,,,0.094,14787.852,Pinned,Device,NVIDIA A100-SXM4-40GB MIG 4g.20gb (0),1,,13,[CUDA memcpy Host-to-Device]
14855386926,633593,277463,,,,,,,,,,456.561,720453.952,Device,,NVIDIA A100-SXM4-40GB MIG 4g.20gb (0),1,,13,[CUDA memset]
14856026951,67935,277468,,,,,,,,,,1.235,18177.141,Pinned,Device,NVIDIA A100-SXM4-40GB MIG 4g.20gb (0),1,,13,[CUDA memcpy Host-to-Device]
14856099974,15808,277469,,,,,,,,,,0.197,12437.225,Pinned,Device,NVIDIA A100-SXM4-40GB MIG 4g.20gb (0),1,,13,[CUDA memcpy Host-to-Device]
14856365059,25376,277470,69,4,1,48,1,1,76,0.002,0.000,,,,,NVIDIA A100-SXM4-40GB MIG 4g.20gb (0),1,,13,"void ch_est::windowedChEstPreNoDftSOfdmKernel<float, __half, float, (unsigned int)2, (unsigned int)1, (unsigned short)4>(ch_est::puschRxChEstStatDescr_t *, ch_est::puschRxChEstDynDescr_t *)"
14857253369,29440,277471,137,2,1,24,2,1,44,0.001,0.001,,,,,NVIDIA A100-SXM4-40GB MIG 4g.20gb (0),1,,13,"void ch_est::chEstFilterNoDftSOfdmDispatchKernel<float, __half, float, (unsigned int)2>(ch_est::puschRxChEstStatDescr_t *, ch_est::puschRxChEstDynDescr_t *)"
14857460503,10528,277472,137,2,1,24,2,1,44,0.001,0.001,,,,,NVIDIA A100-SXM4-40GB MIG 4g.20gb (0),1,,13,"void ch_est::chEstFilterNoDftSOfdmDispatchKernel<float, __half, float, (unsigned int)2>(ch_est::puschRxChEstStatDescr_t *, ch_est::puschRxChEstDynDescr_t *)"
14857651893,8512,277483,103,1,1,128,1,1,16,0.000,0.000,,,,,NVIDIA A100-SXM4-40GB MIG 4g.20gb (0),1,,13,cupy_copy__complex64_complex64
14857906098,17248,277493,1434,1,1,128,1,1,16,0.000,0.000,,,,,NVIDIA A100-SXM4-40GB MIG 4g.20gb (0),1,,13,cupy_copy__complex64_complex64
14858141199,4000,277500,103,1,1,128,1,1,16,0.000,0.000,,,,,NVIDIA A100-SXM4-40GB MIG 4g.20gb (0),1,,13,cupy_copy__complex64_complex64
14858354637,866806,277507,1,1,1,32,32,1,30,0.000,0.000,,,,,NVIDIA A100-SXM4-40GB MIG 4g.20gb (0),1,,13,"void convert_kernel<__half2, float2>(tensor_layout_any, T1 *, tensor_layout_any, const T2 *)"
14859250339,6080,277510,,,,,,,,,,0.094,15410.462,Pinned,Device,NVIDIA A100-SXM4-40GB MIG 4g.20gb (0),1,,13,[CUDA memcpy Host-to-Device]
14859485536,56928,277511,,,,,,,,,,35.810,629037.055,Device,,NVIDIA A100-SXM4-40GB MIG 4g.20gb (0),1,,13,[CUDA memset]
14859550528,2112,277513,,,,,,,,,,0.000,37.879,Pinned,Device,NVIDIA A100-SXM4-40GB MIG 4g.20gb (0),1,,13,[CUDA memcpy Host-to-Device]
14859555712,14815,277514,,,,,,,,,,0.197,13270.843,Pinned,Device,NVIDIA A100-SXM4-40GB MIG 4g.20gb (0),1,,13,[CUDA memcpy Host-to-Device]
14859830236,31616,277515,273,1,1,48,1,1,40,0.000,0.001,,,,,NVIDIA A100-SXM4-40GB MIG 4g.20gb (0),1,,13,"void pusch_noise_intf_est::noiseIntfEstNoDftSOfdmKernel<float, __half, float, float, (unsigned int)2, (unsigned int)1, (unsigned char)4, (unsigned char)4>(pusch_noise_intf_est::puschRxNoiseIntfEstDynDescr)"
14860077978,12223,277526,35,1,1,128,1,1,16,0.000,0.000,,,,,NVIDIA A100-SXM4-40GB MIG 4g.20gb (0),1,,13,cupy_copy__complex64_complex64
14860305879,5856,277535,1,1,1,1,1,1,18,0.000,0.000,,,,,NVIDIA A100-SXM4-40GB MIG 4g.20gb (0),1,,13,cupy_copy__float32_float32
14860317495,1920,277541,,,,,,,,,,0.000,2.083,Device,Pageable,NVIDIA A100-SXM4-40GB MIG 4g.20gb (0),1,,7,[CUDA memcpy Device-to-Host]
14861255564,24256,277552,1434,1,1,128,1,1,16,0.000,0.000,,,,,NVIDIA A100-SXM4-40GB MIG 4g.20gb (0),1,,13,cupy_copy__complex64_complex64
14861475178,3936,277559,103,1,1,128,1,1,16,0.000,0.000,,,,,NVIDIA A100-SXM4-40GB MIG 4g.20gb (0),1,,13,cupy_copy__complex64_complex64
14861674920,10528,277566,35,1,1,128,1,1,16,0.000,0.000,,,,,NVIDIA A100-SXM4-40GB MIG 4g.20gb (0),1,,13,cupy_copy__complex64_complex64
14861941125,6368,277573,1,1,1,1,1,1,18,0.000,0.000,,,,,NVIDIA A100-SXM4-40GB MIG 4g.20gb (0),1,,13,cupy_copy__float32_float32
14862178978,251901,277584,1,1,1,32,32,1,30,0.000,0.000,,,,,NVIDIA A100-SXM4-40GB MIG 4g.20gb (0),1,,13,"void convert_kernel<__half2, float2>(tensor_layout_any, T1 *, tensor_layout_any, const T2 *)"
14862459615,6304,277587,,,,,,,,,,0.094,14862.903,Pinned,Device,NVIDIA A100-SXM4-40GB MIG 4g.20gb (0),1,,13,[CUDA memcpy Host-to-Device]
14862626749,12160,277588,,,,,,,,,,1.547,127188.171,Device,,NVIDIA A100-SXM4-40GB MIG 4g.20gb (0),1,,13,[CUDA memset]
14862640477,3008,277593,,,,,,,,,,0.031,10404.230,Pinned,Device,NVIDIA A100-SXM4-40GB MIG 4g.20gb (0),1,,13,[CUDA memcpy Host-to-Device]
14862645629,9216,277594,,,,,,,,,,0.197,21333.148,Pinned,Device,NVIDIA A100-SXM4-40GB MIG 4g.20gb (0),1,,13,[CUDA memcpy Host-to-Device]
14863482579,36672,277595,273,1,1,8,4,1,39,0.002,0.000,,,,,NVIDIA A100-SXM4-40GB MIG 4g.20gb (0),1,,13,"void channel_eq::eqMmseCoefCompLowMimoKernel<float, float, float, (unsigned int)4, (unsigned int)1, (unsigned int)4>(const channel_eq::_puschRxChEqStatDescr *, channel_eq::_puschRxChEqCoefCompDynDescr)"
14863700657,17440,277596,273,1,1,12,11,1,51,0.002,0.000,,,,,NVIDIA A100-SXM4-40GB MIG 4g.20gb (0),1,,13,"void channel_eq::eqMmseSoftDemapKernel<float, __half, __half, float, (unsigned int)4, (unsigned short)16383>(channel_eq::_puschRxChEqStatDescr *, channel_eq::_puschRxChEqSoftDemapDynDescr)"
14863904878,654105,277597,1,1,1,32,32,1,30,0.000,0.000,,,,,NVIDIA A100-SXM4-40GB MIG 4g.20gb (0),1,,13,"void convert_kernel<float2, __half2>(tensor_layout_any, T1 *, tensor_layout_any, const T2 *)"
14864737701,15968,277609,2253,1,1,128,1,1,16,0.000,0.000,,,,,NVIDIA A100-SXM4-40GB MIG 4g.20gb (0),1,,13,cupy_copy__float16_float16
14864996354,12224,277618,282,1,1,128,1,1,16,0.000,0.000,,,,,NVIDIA A100-SXM4-40GB MIG 4g.20gb (0),1,,13,cupy_copy__complex64_complex64
14865216672,3712,277627,26,1,1,128,1,1,16,0.000,0.000,,,,,NVIDIA A100-SXM4-40GB MIG 4g.20gb (0),1,,13,cupy_copy__float32_float32
14865420285,4704,277636,103,1,1,128,1,1,16,0.000,0.000,,,,,NVIDIA A100-SXM4-40GB MIG 4g.20gb (0),1,,13,cupy_copy__complex64_complex64
14865683610,17792,277646,1434,1,1,128,1,1,16,0.000,0.000,,,,,NVIDIA A100-SXM4-40GB MIG 4g.20gb (0),1,,13,cupy_copy__complex64_complex64
14865948439,257630,277651,1,1,1,32,32,1,30,0.000,0.000,,,,,NVIDIA A100-SXM4-40GB MIG 4g.20gb (0),1,,13,"void convert_kernel<__half2, float2>(tensor_layout_any, T1 *, tensor_layout_any, const T2 *)"
14866235668,5536,277654,,,,,,,,,,0.094,16924.777,Pinned,Device,NVIDIA A100-SXM4-40GB MIG 4g.20gb (0),1,,13,[CUDA memcpy Host-to-Device]
14867079147,643800,277655,,,,,,,,,,456.561,709039.916,Device,,NVIDIA A100-SXM4-40GB MIG 4g.20gb (0),1,,13,[CUDA memset]
14867728675,67584,277660,,,,,,,,,,1.235,18272.231,Pinned,Device,NVIDIA A100-SXM4-40GB MIG 4g.20gb (0),1,,13,[CUDA memcpy Host-to-Device]
14867802595,10367,277661,,,,,,,,,,0.197,18964.611,Pinned,Device,NVIDIA A100-SXM4-40GB MIG 4g.20gb (0),1,,13,[CUDA memcpy Host-to-Device]
14869330865,21920,277662,69,4,1,48,1,1,76,0.002,0.000,,,,,NVIDIA A100-SXM4-40GB MIG 4g.20gb (0),1,,13,"void ch_est::windowedChEstPreNoDftSOfdmKernel<float, __half, float, (unsigned int)2, (unsigned int)1, (unsigned short)4>(ch_est::puschRxChEstStatDescr_t *, ch_est::puschRxChEstDynDescr_t *)"
14869558191,31999,277663,137,2,1,24,2,1,44,0.001,0.001,,,,,NVIDIA A100-SXM4-40GB MIG 4g.20gb (0),1,,13,"void ch_est::chEstFilterNoDftSOfdmDispatchKernel<float, __half, float, (unsigned int)2>(ch_est::puschRxChEstStatDescr_t *, ch_est::puschRxChEstDynDescr_t *)"
14869768812,10560,277664,137,2,1,24,2,1,44,0.001,0.001,,,,,NVIDIA A100-SXM4-40GB MIG 4g.20gb (0),1,,13,"void ch_est::chEstFilterNoDftSOfdmDispatchKernel<float, __half, float, (unsigned int)2>(ch_est::puschRxChEstStatDescr_t *, ch_est::puschRxChEstDynDescr_t *)"
14869966378,7104,277675,103,1,1,128,1,1,16,0.000,0.000,,,,,NVIDIA A100-SXM4-40GB MIG 4g.20gb (0),1,,13,cupy_copy__complex64_complex64
14870220359,18496,277685,1434,1,1,128,1,1,16,0.000,0.000,,,,,NVIDIA A100-SXM4-40GB MIG 4g.20gb (0),1,,13,cupy_copy__complex64_complex64
14870457509,4480,277692,103,1,1,128,1,1,16,0.000,0.000,,,,,NVIDIA A100-SXM4-40GB MIG 4g.20gb (0),1,,13,cupy_copy__complex64_complex64
14870670018,230046,277699,1,1,1,32,32,1,30,0.000,0.000,,,,,NVIDIA A100-SXM4-40GB MIG 4g.20gb (0),1,,13,"void convert_kernel<__half2, float2>(tensor_layout_any, T1 *, tensor_layout_any, const T2 *)"
14870929535,5920,277702,,,,,,,,,,0.094,15826.941,Pinned,Device,NVIDIA A100-SXM4-40GB MIG 4g.20gb (0),1,,13,[CUDA memcpy Host-to-Device]
14871169181,56607,277703,,,,,,,,,,35.810,632582.237,Device,,NVIDIA A100-SXM4-40GB MIG 4g.20gb (0),1,,13,[CUDA memset]
14871232156,2240,277705,,,,,,,,,,0.000,35.714,Pinned,Device,NVIDIA A100-SXM4-40GB MIG 4g.20gb (0),1,,13,[CUDA memcpy Host-to-Device]
14871236956,10112,277706,,,,,,,,,,0.197,19442.958,Pinned,Device,NVIDIA A100-SXM4-40GB MIG 4g.20gb (0),1,,13,[CUDA memcpy Host-to-Device]
14871514137,29375,277707,273,1,1,48,1,1,40,0.000,0.001,,,,,NVIDIA A100-SXM4-40GB MIG 4g.20gb (0),1,,13,"void pusch_noise_intf_est::noiseIntfEstNoDftSOfdmKernel<float, __half, float, float, (unsigned int)2, (unsigned int)1, (unsigned char)4, (unsigned char)4>(pusch_noise_intf_est::puschRxNoiseIntfEstDynDescr)"
14871799478,9919,277718,35,1,1,128,1,1,16,0.000,0.000,,,,,NVIDIA A100-SXM4-40GB MIG 4g.20gb (0),1,,13,cupy_copy__complex64_complex64
14872058931,5920,277727,1,1,1,1,1,1,18,0.000,0.000,,,,,NVIDIA A100-SXM4-40GB MIG 4g.20gb (0),1,,13,cupy_copy__float32_float32
14872065683,2432,277733,,,,,,,,,,0.000,1.645,Device,Pageable,NVIDIA A100-SXM4-40GB MIG 4g.20gb (0),1,,7,[CUDA memcpy Device-to-Host]
14872367631,21728,277744,1434,1,1,128,1,1,16,0.000,0.000,,,,,NVIDIA A100-SXM4-40GB MIG 4g.20gb (0),1,,13,cupy_copy__complex64_complex64
14872606476,4160,277751,103,1,1,128,1,1,16,0.000,0.000,,,,,NVIDIA A100-SXM4-40GB MIG 4g.20gb (0),1,,13,cupy_copy__complex64_complex64
14872819786,3808,277758,35,1,1,128,1,1,16,0.000,0.000,,,,,NVIDIA A100-SXM4-40GB MIG 4g.20gb (0),1,,13,cupy_copy__complex64_complex64
14873059719,4448,277765,1,1,1,1,1,1,18,0.000,0.000,,,,,NVIDIA A100-SXM4-40GB MIG 4g.20gb (0),1,,13,cupy_copy__float32_float32
14873340068,248349,277776,1,1,1,32,32,1,30,0.000,0.000,,,,,NVIDIA A100-SXM4-40GB MIG 4g.20gb (0),1,,13,"void convert_kernel<__half2, float2>(tensor_layout_any, T1 *, tensor_layout_any, const T2 *)"
14873618945,6272,277779,,,,,,,,,,0.094,14938.703,Pinned,Device,NVIDIA A100-SXM4-40GB MIG 4g.20gb (0),1,,13,[CUDA memcpy Host-to-Device]
14873820415,4384,277780,,,,,,,,,,1.547,352788.028,Device,,NVIDIA A100-SXM4-40GB MIG 4g.20gb (0),1,,13,[CUDA memset]
14873829087,7168,277785,,,,,,,,,,0.031,4366.042,Pinned,Device,NVIDIA A100-SXM4-40GB MIG 4g.20gb (0),1,,13,[CUDA memcpy Host-to-Device]
14873839327,13887,277786,,,,,,,,,,0.197,14157.545,Pinned,Device,NVIDIA A100-SXM4-40GB MIG 4g.20gb (0),1,,13,[CUDA memcpy Host-to-Device]
14874013949,30271,277787,273,1,1,8,4,1,39,0.002,0.000,,,,,NVIDIA A100-SXM4-40GB MIG 4g.20gb (0),1,,13,"void channel_eq::eqMmseCoefCompLowMimoKernel<float, float, float, (unsigned int)4, (unsigned int)1, (unsigned int)4>(const channel_eq::_puschRxChEqStatDescr *, channel_eq::_puschRxChEqCoefCompDynDescr)"
14874359609,28575,277788,273,1,1,12,11,1,51,0.002,0.000,,,,,NVIDIA A100-SXM4-40GB MIG 4g.20gb (0),1,,13,"void channel_eq::eqMmseSoftDemapKernel<float, __half, __half, float, (unsigned int)4, (unsigned short)16383>(channel_eq::_puschRxChEqStatDescr *, channel_eq::_puschRxChEqSoftDemapDynDescr)"
14874631670,650424,277789,1,1,1,32,32,1,30,0.000,0.000,,,,,NVIDIA A100-SXM4-40GB MIG 4g.20gb (0),1,,13,"void convert_kernel<float2, __half2>(tensor_layout_any, T1 *, tensor_layout_any, const T2 *)"
14875503596,16128,277801,2253,1,1,128,1,1,16,0.000,0.000,,,,,NVIDIA A100-SXM4-40GB MIG 4g.20gb (0),1,,13,cupy_copy__float16_float16
14875762345,13376,277810,282,1,1,128,1,1,16,0.000,0.000,,,,,NVIDIA A100-SXM4-40GB MIG 4g.20gb (0),1,,13,cupy_copy__complex64_complex64
14875980198,3552,277819,26,1,1,128,1,1,16,0.000,0.000,,,,,NVIDIA A100-SXM4-40GB MIG 4g.20gb (0),1,,13,cupy_copy__float32_float32
14876183108,4768,277828,103,1,1,128,1,1,16,0.000,0.000,,,,,NVIDIA A100-SXM4-40GB MIG 4g.20gb (0),1,,13,cupy_copy__complex64_complex64
14876429217,17888,277838,1434,1,1,128,1,1,16,0.000,0.000,,,,,NVIDIA A100-SXM4-40GB MIG 4g.20gb (0),1,,13,cupy_copy__complex64_complex64
14876695006,249246,277843,1,1,1,32,32,1,30,0.000,0.000,,,,,NVIDIA A100-SXM4-40GB MIG 4g.20gb (0),1,,13,"void convert_kernel<__half2, float2>(tensor_layout_any, T1 *, tensor_layout_any, const T2 *)"
14876973659,5472,277846,,,,,,,,,,0.094,17122.757,Pinned,Device,NVIDIA A100-SXM4-40GB MIG 4g.20gb (0),1,,13,[CUDA memcpy Host-to-Device]
14877207449,636856,277847,,,,,,,,,,456.561,716801.461,Device,,NVIDIA A100-SXM4-40GB MIG 4g.20gb (0),1,,13,[CUDA memset]
14877848305,66528,277852,,,,,,,,,,1.235,18562.443,Pinned,Device,NVIDIA A100-SXM4-40GB MIG 4g.20gb (0),1,,13,[CUDA memcpy Host-to-Device]
14877920849,12639,277853,,,,,,,,,,0.197,15555.625,Pinned,Device,NVIDIA A100-SXM4-40GB MIG 4g.20gb (0),1,,13,[CUDA memcpy Host-to-Device]
14878187342,24799,277854,69,4,1,48,1,1,76,0.002,0.000,,,,,NVIDIA A100-SXM4-40GB MIG 4g.20gb (0),1,,13,"void ch_est::windowedChEstPreNoDftSOfdmKernel<float, __half, float, (unsigned int)2, (unsigned int)1, (unsigned short)4>(ch_est::puschRxChEstStatDescr_t *, ch_est::puschRxChEstDynDescr_t *)"
14878418795,25920,277855,137,2,1,24,2,1,44,0.001,0.001,,,,,NVIDIA A100-SXM4-40GB MIG 4g.20gb (0),1,,13,"void ch_est::chEstFilterNoDftSOfdmDispatchKernel<float, __half, float, (unsigned int)2>(ch_est::puschRxChEstStatDescr_t *, ch_est::puschRxChEstDynDescr_t *)"
14878628745,10463,277856,137,2,1,24,2,1,44,0.001,0.001,,,,,NVIDIA A100-SXM4-40GB MIG 4g.20gb (0),1,,13,"void ch_est::chEstFilterNoDftSOfdmDispatchKernel<float, __half, float, (unsigned int)2>(ch_est::puschRxChEstStatDescr_t *, ch_est::puschRxChEstDynDescr_t *)"
14878825542,7808,277867,103,1,1,128,1,1,16,0.000,0.000,,,,,NVIDIA A100-SXM4-40GB MIG 4g.20gb (0),1,,13,cupy_copy__complex64_complex64
14879076996,18399,277877,1434,1,1,128,1,1,16,0.000,0.000,,,,,NVIDIA A100-SXM4-40GB MIG 4g.20gb (0),1,,13,cupy_copy__complex64_complex64
14879312097,3968,277884,103,1,1,128,1,1,16,0.000,0.000,,,,,NVIDIA A100-SXM4-40GB MIG 4g.20gb (0),1,,13,cupy_copy__complex64_complex64
14879523391,221053,277891,1,1,1,32,32,1,30,0.000,0.000,,,,,NVIDIA A100-SXM4-40GB MIG 4g.20gb (0),1,,13,"void convert_kernel<__half2, float2>(tensor_layout_any, T1 *, tensor_layout_any, const T2 *)"
14879772572,5536,277894,,,,,,,,,,0.094,16924.777,Pinned,Device,NVIDIA A100-SXM4-40GB MIG 4g.20gb (0),1,,13,[CUDA memcpy Host-to-Device]
14880021081,55839,277895,,,,,,,,,,35.810,641284.047,Device,,NVIDIA A100-SXM4-40GB MIG 4g.20gb (0),1,,13,[CUDA memset]
14880080440,1984,277897,,,,,,,,,,0.000,40.323,Pinned,Device,NVIDIA A100-SXM4-40GB MIG 4g.20gb (0),1,,13,[CUDA memcpy Host-to-Device]
14880084888,10752,277898,,,,,,,,,,0.197,18285.527,Pinned,Device,NVIDIA A100-SXM4-40GB MIG 4g.20gb (0),1,,13,[CUDA memcpy Host-to-Device]
14880364277,28704,277899,273,1,1,48,1,1,40,0.000,0.001,,,,,NVIDIA A100-SXM4-40GB MIG 4g.20gb (0),1,,13,"void pusch_noise_intf_est::noiseIntfEstNoDftSOfdmKernel<float, __half, float, float, (unsigned int)2, (unsigned int)1, (unsigned char)4, (unsigned char)4>(pusch_noise_intf_est::puschRxNoiseIntfEstDynDescr)"
14880649394,9216,277910,35,1,1,128,1,1,16,0.000,0.000,,,,,NVIDIA A100-SXM4-40GB MIG 4g.20gb (0),1,,13,cupy_copy__complex64_complex64
14880900399,6240,277919,1,1,1,1,1,1,18,0.000,0.000,,,,,NVIDIA A100-SXM4-40GB MIG 4g.20gb (0),1,,13,cupy_copy__float32_float32
14880911951,2176,277925,,,,,,,,,,0.000,1.838,Device,Pageable,NVIDIA A100-SXM4-40GB MIG 4g.20gb (0),1,,7,[CUDA memcpy Device-to-Host]
14881235403,17632,277936,1434,1,1,128,1,1,16,0.000,0.000,,,,,NVIDIA A100-SXM4-40GB MIG 4g.20gb (0),1,,13,cupy_copy__complex64_complex64
14881491784,10816,277943,103,1,1,128,1,1,16,0.000,0.000,,,,,NVIDIA A100-SXM4-40GB MIG 4g.20gb (0),1,,13,cupy_copy__complex64_complex64
14881720262,4448,277950,35,1,1,128,1,1,16,0.000,0.000,,,,,NVIDIA A100-SXM4-40GB MIG 4g.20gb (0),1,,13,cupy_copy__complex64_complex64
14881959939,3040,277957,1,1,1,1,1,1,18,0.000,0.000,,,,,NVIDIA A100-SXM4-40GB MIG 4g.20gb (0),1,,13,cupy_copy__float32_float32
14882191296,257886,277968,1,1,1,32,32,1,30,0.000,0.000,,,,,NVIDIA A100-SXM4-40GB MIG 4g.20gb (0),1,,13,"void convert_kernel<__half2, float2>(tensor_layout_any, T1 *, tensor_layout_any, const T2 *)"
14882479901,9824,277971,,,,,,,,,,0.094,9537.410,Pinned,Device,NVIDIA A100-SXM4-40GB MIG 4g.20gb (0),1,,13,[CUDA memcpy Host-to-Device]
14882681467,5152,277972,,,,,,,,,,1.547,300198.172,Device,,NVIDIA A100-SXM4-40GB MIG 4g.20gb (0),1,,13,[CUDA memset]
14882690139,3712,277977,,,,,,,,,,0.031,8431.017,Pinned,Device,NVIDIA A100-SXM4-40GB MIG 4g.20gb (0),1,,13,[CUDA memcpy Host-to-Device]
14882700411,13312,277978,,,,,,,,,,0.197,14769.193,Pinned,Device,NVIDIA A100-SXM4-40GB MIG 4g.20gb (0),1,,13,[CUDA memcpy Host-to-Device]
14882891129,13055,277979,273,1,1,8,4,1,39,0.002,0.000,,,,,NVIDIA A100-SXM4-40GB MIG 4g.20gb (0),1,,13,"void channel_eq::eqMmseCoefCompLowMimoKernel<float, float, float, (unsigned int)4, (unsigned int)1, (unsigned int)4>(const channel_eq::_puschRxChEqStatDescr *, channel_eq::_puschRxChEqCoefCompDynDescr)"
14883120342,27776,277980,273,1,1,12,11,1,51,0.002,0.000,,,,,NVIDIA A100-SXM4-40GB MIG 4g.20gb (0),1,,13,"void channel_eq::eqMmseSoftDemapKernel<float, __half, __half, float, (unsigned int)4, (unsigned short)16383>(channel_eq::_puschRxChEqStatDescr *, channel_eq::_puschRxChEqSoftDemapDynDescr)"
14883386419,657977,277981,1,1,1,32,32,1,30,0.000,0.000,,,,,NVIDIA A100-SXM4-40GB MIG 4g.20gb (0),1,,13,"void convert_kernel<float2, __half2>(tensor_layout_any, T1 *, tensor_layout_any, const T2 *)"
14884259241,15904,277993,2253,1,1,128,1,1,16,0.000,0.000,,,,,NVIDIA A100-SXM4-40GB MIG 4g.20gb (0),1,,13,cupy_copy__float16_float16
14884558118,9184,278002,282,1,1,128,1,1,16,0.000,0.000,,,,,NVIDIA A100-SXM4-40GB MIG 4g.20gb (0),1,,13,cupy_copy__complex64_complex64
14884808099,9472,278011,26,1,1,128,1,1,16,0.000,0.000,,,,,NVIDIA A100-SXM4-40GB MIG 4g.20gb (0),1,,13,cupy_copy__float32_float32
14885024225,6911,278020,103,1,1,128,1,1,16,0.000,0.000,,,,,NVIDIA A100-SXM4-40GB MIG 4g.20gb (0),1,,13,cupy_copy__complex64_complex64
14885250270,18080,278030,1434,1,1,128,1,1,16,0.000,0.000,,,,,NVIDIA A100-SXM4-40GB MIG 4g.20gb (0),1,,13,cupy_copy__complex64_complex64
14885458652,252029,278035,1,1,1,32,32,1,30,0.000,0.000,,,,,NVIDIA A100-SXM4-40GB MIG 4g.20gb (0),1,,13,"void convert_kernel<__half2, float2>(tensor_layout_any, T1 *, tensor_layout_any, const T2 *)"
14885741464,8448,278038,,,,,,,,,,0.094,11090.889,Pinned,Device,NVIDIA A100-SXM4-40GB MIG 4g.20gb (0),1,,13,[CUDA memcpy Host-to-Device]
14885990678,635256,278039,,,,,,,,,,456.561,718627.707,Device,,NVIDIA A100-SXM4-40GB MIG 4g.20gb (0),1,,13,[CUDA memset]
14886630734,62752,278044,,,,,,,,,,1.235,19678.833,Pinned,Device,NVIDIA A100-SXM4-40GB MIG 4g.20gb (0),1,,13,[CUDA memcpy Host-to-Device]
14886699374,9952,278045,,,,,,,,,,0.197,19755.565,Pinned,Device,NVIDIA A100-SXM4-40GB MIG 4g.20gb (0),1,,13,[CUDA memcpy Host-to-Device]
14886956267,21440,278046,69,4,1,48,1,1,76,0.002,0.000,,,,,NVIDIA A100-SXM4-40GB MIG 4g.20gb (0),1,,13,"void ch_est::windowedChEstPreNoDftSOfdmKernel<float, __half, float, (unsigned int)2, (unsigned int)1, (unsigned short)4>(ch_est::puschRxChEstStatDescr_t *, ch_est::puschRxChEstDynDescr_t *)"
14887213384,26176,278047,137,2,1,24,2,1,44,0.001,0.001,,,,,NVIDIA A100-SXM4-40GB MIG 4g.20gb (0),1,,13,"void ch_est::chEstFilterNoDftSOfdmDispatchKernel<float, __half, float, (unsigned int)2>(ch_est::puschRxChEstStatDescr_t *, ch_est::puschRxChEstDynDescr_t *)"
14887441957,23360,278048,137,2,1,24,2,1,44,0.001,0.001,,,,,NVIDIA A100-SXM4-40GB MIG 4g.20gb (0),1,,13,"void ch_est::chEstFilterNoDftSOfdmDispatchKernel<float, __half, float, (unsigned int)2>(ch_est::puschRxChEstStatDescr_t *, ch_est::puschRxChEstDynDescr_t *)"
14887651555,3936,278059,103,1,1,128,1,1,16,0.000,0.000,,,,,NVIDIA A100-SXM4-40GB MIG 4g.20gb (0),1,,13,cupy_copy__complex64_complex64
14887853409,16383,278069,1434,1,1,128,1,1,16,0.000,0.000,,,,,NVIDIA A100-SXM4-40GB MIG 4g.20gb (0),1,,13,cupy_copy__complex64_complex64
14888112126,11168,278076,103,1,1,128,1,1,16,0.000,0.000,,,,,NVIDIA A100-SXM4-40GB MIG 4g.20gb (0),1,,13,cupy_copy__complex64_complex64
14888341275,255453,278083,1,1,1,32,32,1,30,0.000,0.000,,,,,NVIDIA A100-SXM4-40GB MIG 4g.20gb (0),1,,13,"void convert_kernel<__half2, float2>(tensor_layout_any, T1 *, tensor_layout_any, const T2 *)"
14888625592,5856,278086,,,,,,,,,,0.094,15999.997,Pinned,Device,NVIDIA A100-SXM4-40GB MIG 4g.20gb (0),1,,13,[CUDA memcpy Host-to-Device]
14888846965,52832,278087,,,,,,,,,,35.810,677774.356,Device,,NVIDIA A100-SXM4-40GB MIG 4g.20gb (0),1,,13,[CUDA memset]
14888907221,5088,278089,,,,,,,,,,0.000,15.723,Pinned,Device,NVIDIA A100-SXM4-40GB MIG 4g.20gb (0),1,,13,[CUDA memcpy Host-to-Device]
14888915861,9824,278090,,,,,,,,,,0.197,20012.925,Pinned,Device,NVIDIA A100-SXM4-40GB MIG 4g.20gb (0),1,,13,[CUDA memcpy Host-to-Device]
14889201329,16512,278091,273,1,1,48,1,1,40,0.000,0.001,,,,,NVIDIA A100-SXM4-40GB MIG 4g.20gb (0),1,,13,"void pusch_noise_intf_est::noiseIntfEstNoDftSOfdmKernel<float, __half, float, float, (unsigned int)2, (unsigned int)1, (unsigned char)4, (unsigned char)4>(pusch_noise_intf_est::puschRxNoiseIntfEstDynDescr)"
14889395407,9216,278102,35,1,1,128,1,1,16,0.000,0.000,,,,,NVIDIA A100-SXM4-40GB MIG 4g.20gb (0),1,,13,cupy_copy__complex64_complex64
14889660076,6208,278111,1,1,1,1,1,1,18,0.000,0.000,,,,,NVIDIA A100-SXM4-40GB MIG 4g.20gb (0),1,,13,cupy_copy__float32_float32
14889677260,1440,278117,,,,,,,,,,0.000,2.778,Device,Pageable,NVIDIA A100-SXM4-40GB MIG 4g.20gb (0),1,,7,[CUDA memcpy Device-to-Host]
14889968873,20384,278128,1434,1,1,128,1,1,16,0.000,0.000,,,,,NVIDIA A100-SXM4-40GB MIG 4g.20gb (0),1,,13,cupy_copy__complex64_complex64
14890209350,4448,278135,103,1,1,128,1,1,16,0.000,0.000,,,,,NVIDIA A100-SXM4-40GB MIG 4g.20gb (0),1,,13,cupy_copy__complex64_complex64
14890423236,3872,278142,35,1,1,128,1,1,16,0.000,0.000,,,,,NVIDIA A100-SXM4-40GB MIG 4g.20gb (0),1,,13,cupy_copy__complex64_complex64
14890663361,4320,278149,1,1,1,1,1,1,18,0.000,0.000,,,,,NVIDIA A100-SXM4-40GB MIG 4g.20gb (0),1,,13,cupy_copy__float32_float32
14890940478,232381,278160,1,1,1,32,32,1,30,0.000,0.000,,,,,NVIDIA A100-SXM4-40GB MIG 4g.20gb (0),1,,13,"void convert_kernel<__half2, float2>(tensor_layout_any, T1 *, tensor_layout_any, const T2 *)"
14891205979,8736,278163,,,,,,,,,,0.094,10725.194,Pinned,Device,NVIDIA A100-SXM4-40GB MIG 4g.20gb (0),1,,13,[CUDA memcpy Host-to-Device]
14891426936,4384,278164,,,,,,,,,,1.547,352788.028,Device,,NVIDIA A100-SXM4-40GB MIG 4g.20gb (0),1,,13,[CUDA memset]
14891436984,3648,278169,,,,,,,,,,0.031,8578.922,Pinned,Device,NVIDIA A100-SXM4-40GB MIG 4g.20gb (0),1,,13,[CUDA memcpy Host-to-Device]
14891443128,12608,278170,,,,,,,,,,0.197,15593.767,Pinned,Device,NVIDIA A100-SXM4-40GB MIG 4g.20gb (0),1,,13,[CUDA memcpy Host-to-Device]
14891620886,31232,278171,273,1,1,8,4,1,39,0.002,0.000,,,,,NVIDIA A100-SXM4-40GB MIG 4g.20gb (0),1,,13,"void channel_eq::eqMmseCoefCompLowMimoKernel<float, float, float, (unsigned int)4, (unsigned int)1, (unsigned int)4>(const channel_eq::_puschRxChEqStatDescr *, channel_eq::_puschRxChEqCoefCompDynDescr)"
14891965490,28416,278172,273,1,1,12,11,1,51,0.002,0.000,,,,,NVIDIA A100-SXM4-40GB MIG 4g.20gb (0),1,,13,"void channel_eq::eqMmseSoftDemapKernel<float, __half, __half, float, (unsigned int)4, (unsigned short)16383>(channel_eq::_puschRxChEqStatDescr *, channel_eq::_puschRxChEqSoftDemapDynDescr)"
14892272911,689048,278173,1,1,1,32,32,1,30,0.000,0.000,,,,,NVIDIA A100-SXM4-40GB MIG 4g.20gb (0),1,,13,"void convert_kernel<float2, __half2>(tensor_layout_any, T1 *, tensor_layout_any, const T2 *)"
14893105669,16192,278185,2253,1,1,128,1,1,16,0.000,0.000,,,,,NVIDIA A100-SXM4-40GB MIG 4g.20gb (0),1,,13,cupy_copy__float16_float16
14893363875,12287,278194,282,1,1,128,1,1,16,0.000,0.000,,,,,NVIDIA A100-SXM4-40GB MIG 4g.20gb (0),1,,13,cupy_copy__complex64_complex64
14893580800,3744,278203,26,1,1,128,1,1,16,0.000,0.000,,,,,NVIDIA A100-SXM4-40GB MIG 4g.20gb (0),1,,13,cupy_copy__float32_float32
14893784958,4832,278212,103,1,1,128,1,1,16,0.000,0.000,,,,,NVIDIA A100-SXM4-40GB MIG 4g.20gb (0),1,,13,cupy_copy__complex64_complex64
14894048731,17792,278222,1434,1,1,128,1,1,16,0.000,0.000,,,,,NVIDIA A100-SXM4-40GB MIG 4g.20gb (0),1,,13,cupy_copy__complex64_complex64
14894314360,259101,278227,1,1,1,32,32,1,30,0.000,0.000,,,,,NVIDIA A100-SXM4-40GB MIG 4g.20gb (0),1,,13,"void convert_kernel<__half2, float2>(tensor_layout_any, T1 *, tensor_layout_any, const T2 *)"
14894605557,7903,278230,,,,,,,,,,0.094,11855.730,Pinned,Device,NVIDIA A100-SXM4-40GB MIG 4g.20gb (0),1,,13,[CUDA memcpy Host-to-Device]
14894889905,638521,278231,,,,,,,,,,456.561,714975.215,Device,,NVIDIA A100-SXM4-40GB MIG 4g.20gb (0),1,,13,[CUDA memset]
14895530314,68959,278236,,,,,,,,,,1.235,17907.923,Pinned,Device,NVIDIA A100-SXM4-40GB MIG 4g.20gb (0),1,,13,[CUDA memcpy Host-to-Device]
14895601993,12768,278237,,,,,,,,,,0.197,15398.339,Pinned,Device,NVIDIA A100-SXM4-40GB MIG 4g.20gb (0),1,,13,[CUDA memcpy Host-to-Device]
14895858598,23776,278238,69,4,1,48,1,1,76,0.002,0.000,,,,,NVIDIA A100-SXM4-40GB MIG 4g.20gb (0),1,,13,"void ch_est::windowedChEstPreNoDftSOfdmKernel<float, __half, float, (unsigned int)2, (unsigned int)1, (unsigned short)4>(ch_est::puschRxChEstStatDescr_t *, ch_est::puschRxChEstDynDescr_t *)"
14896117892,23359,278239,137,2,1,24,2,1,44,0.001,0.001,,,,,NVIDIA A100-SXM4-40GB MIG 4g.20gb (0),1,,13,"void ch_est::chEstFilterNoDftSOfdmDispatchKernel<float, __half, float, (unsigned int)2>(ch_est::puschRxChEstStatDescr_t *, ch_est::puschRxChEstDynDescr_t *)"
14896346337,23872,278240,137,2,1,24,2,1,44,0.001,0.001,,,,,NVIDIA A100-SXM4-40GB MIG 4g.20gb (0),1,,13,"void ch_est::chEstFilterNoDftSOfdmDispatchKernel<float, __half, float, (unsigned int)2>(ch_est::puschRxChEstStatDescr_t *, ch_est::puschRxChEstDynDescr_t *)"
14896556127,3968,278251,103,1,1,128,1,1,16,0.000,0.000,,,,,NVIDIA A100-SXM4-40GB MIG 4g.20gb (0),1,,13,cupy_copy__complex64_complex64
14896756444,16832,278261,1434,1,1,128,1,1,16,0.000,0.000,,,,,NVIDIA A100-SXM4-40GB MIG 4g.20gb (0),1,,13,cupy_copy__complex64_complex64
14897016185,9888,278268,103,1,1,128,1,1,16,0.000,0.000,,,,,NVIDIA A100-SXM4-40GB MIG 4g.20gb (0),1,,13,cupy_copy__complex64_complex64
14897242583,252861,278275,1,1,1,32,32,1,30,0.000,0.000,,,,,NVIDIA A100-SXM4-40GB MIG 4g.20gb (0),1,,13,"void convert_kernel<__half2, float2>(tensor_layout_any, T1 *, tensor_layout_any, const T2 *)"
14897526932,7360,278278,,,,,,,,,,0.094,12730.382,Pinned,Device,NVIDIA A100-SXM4-40GB MIG 4g.20gb (0),1,,13,[CUDA memcpy Host-to-Device]
14897747857,53152,278279,,,,,,,,,,35.810,673692.025,Device,,NVIDIA A100-SXM4-40GB MIG 4g.20gb (0),1,,13,[CUDA memset]
14897803377,2367,278281,,,,,,,,,,0.000,33.798,Pinned,Device,NVIDIA A100-SXM4-40GB MIG 4g.20gb (0),1,,13,[CUDA memcpy Host-to-Device]
14897812048,12704,278282,,,,,,,,,,0.197,15475.999,Pinned,Device,NVIDIA A100-SXM4-40GB MIG 4g.20gb (0),1,,13,[CUDA memcpy Host-to-Device]
14898102669,15424,278283,273,1,1,48,1,1,40,0.000,0.001,,,,,NVIDIA A100-SXM4-40GB MIG 4g.20gb (0),1,,13,"void pusch_noise_intf_est::noiseIntfEstNoDftSOfdmKernel<float, __half, float, float, (unsigned int)2, (unsigned int)1, (unsigned char)4, (unsigned char)4>(pusch_noise_intf_est::puschRxNoiseIntfEstDynDescr)"
14898296779,9472,278294,35,1,1,128,1,1,16,0.000,0.000,,,,,NVIDIA A100-SXM4-40GB MIG 4g.20gb (0),1,,13,cupy_copy__complex64_complex64
14898551624,5056,278303,1,1,1,1,1,1,18,0.000,0.000,,,,,NVIDIA A100-SXM4-40GB MIG 4g.20gb (0),1,,13,cupy_copy__float32_float32
14898558120,1632,278309,,,,,,,,,,0.000,2.451,Device,Pageable,NVIDIA A100-SXM4-40GB MIG 4g.20gb (0),1,,7,[CUDA memcpy Device-to-Host]
14898851333,23263,278320,1434,1,1,128,1,1,16,0.000,0.000,,,,,NVIDIA A100-SXM4-40GB MIG 4g.20gb (0),1,,13,cupy_copy__complex64_complex64
14899090690,4384,278327,103,1,1,128,1,1,16,0.000,0.000,,,,,NVIDIA A100-SXM4-40GB MIG 4g.20gb (0),1,,13,cupy_copy__complex64_complex64
14899307136,3904,278334,35,1,1,128,1,1,16,0.000,0.000,,,,,NVIDIA A100-SXM4-40GB MIG 4g.20gb (0),1,,13,cupy_copy__complex64_complex64
14899549341,4224,278341,1,1,1,1,1,1,18,0.000,0.000,,,,,NVIDIA A100-SXM4-40GB MIG 4g.20gb (0),1,,13,cupy_copy__float32_float32
14899827706,240925,278352,1,1,1,32,32,1,30,0.000,0.000,,,,,NVIDIA A100-SXM4-40GB MIG 4g.20gb (0),1,,13,"void convert_kernel<__half2, float2>(tensor_layout_any, T1 *, tensor_layout_any, const T2 *)"
14900098103,6432,278355,,,,,,,,,,0.094,14567.105,Pinned,Device,NVIDIA A100-SXM4-40GB MIG 4g.20gb (0),1,,13,[CUDA memcpy Host-to-Device]
14900318868,4352,278356,,,,,,,,,,1.547,355381.716,Device,,NVIDIA A100-SXM4-40GB MIG 4g.20gb (0),1,,13,[CUDA memset]
14900329844,6720,278361,,,,,,,,,,0.031,4657.126,Pinned,Device,NVIDIA A100-SXM4-40GB MIG 4g.20gb (0),1,,13,[CUDA memcpy Host-to-Device]
14900339348,10496,278362,,,,,,,,,,0.197,18731.631,Pinned,Device,NVIDIA A100-SXM4-40GB MIG 4g.20gb (0),1,,13,[CUDA memcpy Host-to-Device]
14900519154,32128,278363,273,1,1,8,4,1,39,0.002,0.000,,,,,NVIDIA A100-SXM4-40GB MIG 4g.20gb (0),1,,13,"void channel_eq::eqMmseCoefCompLowMimoKernel<float, float, float, (unsigned int)4, (unsigned int)1, (unsigned int)4>(const channel_eq::_puschRxChEqStatDescr *, channel_eq::_puschRxChEqCoefCompDynDescr)"
14900869454,28224,278364,273,1,1,12,11,1,51,0.002,0.000,,,,,NVIDIA A100-SXM4-40GB MIG 4g.20gb (0),1,,13,"void channel_eq::eqMmseSoftDemapKernel<float, __half, __half, float, (unsigned int)4, (unsigned short)16383>(channel_eq::_puschRxChEqStatDescr *, channel_eq::_puschRxChEqSoftDemapDynDescr)"
14901138315,659033,278365,1,1,1,32,32,1,30,0.000,0.000,,,,,NVIDIA A100-SXM4-40GB MIG 4g.20gb (0),1,,13,"void convert_kernel<float2, __half2>(tensor_layout_any, T1 *, tensor_layout_any, const T2 *)"
14902010273,15552,278377,2253,1,1,128,1,1,16,0.000,0.000,,,,,NVIDIA A100-SXM4-40GB MIG 4g.20gb (0),1,,13,cupy_copy__float16_float16
14902270046,12640,278386,282,1,1,128,1,1,16,0.000,0.000,,,,,NVIDIA A100-SXM4-40GB MIG 4g.20gb (0),1,,13,cupy_copy__complex64_complex64
14902489852,3776,278395,26,1,1,128,1,1,16,0.000,0.000,,,,,NVIDIA A100-SXM4-40GB MIG 4g.20gb (0),1,,13,cupy_copy__float32_float32
14902691545,4640,278404,103,1,1,128,1,1,16,0.000,0.000,,,,,NVIDIA A100-SXM4-40GB MIG 4g.20gb (0),1,,13,cupy_copy__complex64_complex64
14902968118,18944,278414,1434,1,1,128,1,1,16,0.000,0.000,,,,,NVIDIA A100-SXM4-40GB MIG 4g.20gb (0),1,,13,cupy_copy__complex64_complex64
14903237139,258909,278419,1,1,1,32,32,1,30,0.000,0.000,,,,,NVIDIA A100-SXM4-40GB MIG 4g.20gb (0),1,,13,"void convert_kernel<__half2, float2>(tensor_layout_any, T1 *, tensor_layout_any, const T2 *)"
14903528560,10016,278422,,,,,,,,,,0.094,9354.609,Pinned,Device,NVIDIA A100-SXM4-40GB MIG 4g.20gb (0),1,,13,[CUDA memcpy Host-to-Device]
14903817133,636473,278423,,,,,,,,,,456.561,717258.022,Device,,NVIDIA A100-SXM4-40GB MIG 4g.20gb (0),1,,13,[CUDA memset]
14904458598,64031,278428,,,,,,,,,,1.235,19286.120,Pinned,Device,NVIDIA A100-SXM4-40GB MIG 4g.20gb (0),1,,13,[CUDA memcpy Host-to-Device]
14904525125,10432,278429,,,,,,,,,,0.197,18846.450,Pinned,Device,NVIDIA A100-SXM4-40GB MIG 4g.20gb (0),1,,13,[CUDA memcpy Host-to-Device]
14904786210,22784,278430,69,4,1,48,1,1,76,0.002,0.000,,,,,NVIDIA A100-SXM4-40GB MIG 4g.20gb (0),1,,13,"void ch_est::windowedChEstPreNoDftSOfdmKernel<float, __half, float, (unsigned int)2, (unsigned int)1, (unsigned short)4>(ch_est::puschRxChEstStatDescr_t *, ch_est::puschRxChEstDynDescr_t *)"
14905048703,23360,278431,137,2,1,24,2,1,44,0.001,0.001,,,,,NVIDIA A100-SXM4-40GB MIG 4g.20gb (0),1,,13,"void ch_est::chEstFilterNoDftSOfdmDispatchKernel<float, __half, float, (unsigned int)2>(ch_est::puschRxChEstStatDescr_t *, ch_est::puschRxChEstDynDescr_t *)"
14905273980,27616,278432,137,2,1,24,2,1,44,0.001,0.001,,,,,NVIDIA A100-SXM4-40GB MIG 4g.20gb (0),1,,13,"void ch_est::chEstFilterNoDftSOfdmDispatchKernel<float, __half, float, (unsigned int)2>(ch_est::puschRxChEstStatDescr_t *, ch_est::puschRxChEstDynDescr_t *)"
14905483898,3968,278443,103,1,1,128,1,1,16,0.000,0.000,,,,,NVIDIA A100-SXM4-40GB MIG 4g.20gb (0),1,,13,cupy_copy__complex64_complex64
14905684088,16480,278453,1434,1,1,128,1,1,16,0.000,0.000,,,,,NVIDIA A100-SXM4-40GB MIG 4g.20gb (0),1,,13,cupy_copy__complex64_complex64
14905949205,12128,278460,103,1,1,128,1,1,16,0.000,0.000,,,,,NVIDIA A100-SXM4-40GB MIG 4g.20gb (0),1,,13,cupy_copy__complex64_complex64
14906183698,262429,278467,1,1,1,32,32,1,30,0.000,0.000,,,,,NVIDIA A100-SXM4-40GB MIG 4g.20gb (0),1,,13,"void convert_kernel<__half2, float2>(tensor_layout_any, T1 *, tensor_layout_any, const T2 *)"
14906746668,7424,278470,,,,,,,,,,0.094,12620.664,Pinned,Device,NVIDIA A100-SXM4-40GB MIG 4g.20gb (0),1,,13,[CUDA memcpy Host-to-Device]
14907001321,59455,278471,,,,,,,,,,35.810,602287.044,Device,,NVIDIA A100-SXM4-40GB MIG 4g.20gb (0),1,,13,[CUDA memset]
14907814624,1856,278473,,,,,,,,,,0.000,43.103,Pinned,Device,NVIDIA A100-SXM4-40GB MIG 4g.20gb (0),1,,13,[CUDA memcpy Host-to-Device]
14907819712,10592,278474,,,,,,,,,,0.197,18561.761,Pinned,Device,NVIDIA A100-SXM4-40GB MIG 4g.20gb (0),1,,13,[CUDA memcpy Host-to-Device]
14908046141,35296,278475,273,1,1,48,1,1,40,0.000,0.001,,,,,NVIDIA A100-SXM4-40GB MIG 4g.20gb (0),1,,13,"void pusch_noise_intf_est::noiseIntfEstNoDftSOfdmKernel<float, __half, float, float, (unsigned int)2, (unsigned int)1, (unsigned char)4, (unsigned char)4>(pusch_noise_intf_est::puschRxNoiseIntfEstDynDescr)"
14908256763,3968,278486,35,1,1,128,1,1,16,0.000,0.000,,,,,NVIDIA A100-SXM4-40GB MIG 4g.20gb (0),1,,13,cupy_copy__complex64_complex64
14908500248,4192,278495,1,1,1,1,1,1,18,0.000,0.000,,,,,NVIDIA A100-SXM4-40GB MIG 4g.20gb (0),1,,13,cupy_copy__float32_float32
14908508504,2560,278501,,,,,,,,,,0.000,1.562,Device,Pageable,NVIDIA A100-SXM4-40GB MIG 4g.20gb (0),1,,7,[CUDA memcpy Device-to-Host]
14908845460,17920,278512,1434,1,1,128,1,1,16,0.000,0.000,,,,,NVIDIA A100-SXM4-40GB MIG 4g.20gb (0),1,,13,cupy_copy__complex64_complex64
14909113713,10368,278519,103,1,1,128,1,1,16,0.000,0.000,,,,,NVIDIA A100-SXM4-40GB MIG 4g.20gb (0),1,,13,cupy_copy__complex64_complex64
14909350734,4576,278526,35,1,1,128,1,1,16,0.000,0.000,,,,,NVIDIA A100-SXM4-40GB MIG 4g.20gb (0),1,,13,cupy_copy__complex64_complex64
14909602636,3264,278533,1,1,1,1,1,1,18,0.000,0.000,,,,,NVIDIA A100-SXM4-40GB MIG 4g.20gb (0),1,,13,cupy_copy__float32_float32
14909846505,264925,278544,1,1,1,32,32,1,30,0.000,0.000,,,,,NVIDIA A100-SXM4-40GB MIG 4g.20gb (0),1,,13,"void convert_kernel<__half2, float2>(tensor_layout_any, T1 *, tensor_layout_any, const T2 *)"
14910991996,8576,278547,,,,,,,,,,0.094,10925.328,Pinned,Device,NVIDIA A100-SXM4-40GB MIG 4g.20gb (0),1,,13,[CUDA memcpy Host-to-Device]
14911181402,12384,278548,,,,,,,,,,1.547,124888.341,Device,,NVIDIA A100-SXM4-40GB MIG 4g.20gb (0),1,,13,[CUDA memset]
14912060560,3328,278553,,,,,,,,,,0.031,9403.822,Pinned,Device,NVIDIA A100-SXM4-40GB MIG 4g.20gb (0),1,,13,[CUDA memcpy Host-to-Device]
14912070928,14720,278554,,,,,,,,,,0.197,13356.368,Pinned,Device,NVIDIA A100-SXM4-40GB MIG 4g.20gb (0),1,,13,[CUDA memcpy Host-to-Device]
14912358765,30143,278555,273,1,1,8,4,1,39,0.002,0.000,,,,,NVIDIA A100-SXM4-40GB MIG 4g.20gb (0),1,,13,"void channel_eq::eqMmseCoefCompLowMimoKernel<float, float, float, (unsigned int)4, (unsigned int)1, (unsigned int)4>(const channel_eq::_puschRxChEqStatDescr *, channel_eq::_puschRxChEqCoefCompDynDescr)"
14912715080,27360,278556,273,1,1,12,11,1,51,0.002,0.000,,,,,NVIDIA A100-SXM4-40GB MIG 4g.20gb (0),1,,13,"void channel_eq::eqMmseSoftDemapKernel<float, __half, __half, float, (unsigned int)4, (unsigned short)16383>(channel_eq::_puschRxChEqStatDescr *, channel_eq::_puschRxChEqSoftDemapDynDescr)"
14913026661,664888,278557,1,1,1,32,32,1,30,0.000,0.000,,,,,NVIDIA A100-SXM4-40GB MIG 4g.20gb (0),1,,13,"void convert_kernel<float2, __half2>(tensor_layout_any, T1 *, tensor_layout_any, const T2 *)"
14913853756,16191,278569,2253,1,1,128,1,1,16,0.000,0.000,,,,,NVIDIA A100-SXM4-40GB MIG 4g.20gb (0),1,,13,cupy_copy__float16_float16
14914114233,13440,278578,282,1,1,128,1,1,16,0.000,0.000,,,,,NVIDIA A100-SXM4-40GB MIG 4g.20gb (0),1,,13,cupy_copy__complex64_complex64
14914335446,3712,278587,26,1,1,128,1,1,16,0.000,0.000,,,,,NVIDIA A100-SXM4-40GB MIG 4g.20gb (0),1,,13,cupy_copy__float32_float32
14914539252,4704,278596,103,1,1,128,1,1,16,0.000,0.000,,,,,NVIDIA A100-SXM4-40GB MIG 4g.20gb (0),1,,13,cupy_copy__complex64_complex64
14914801297,18272,278606,1434,1,1,128,1,1,16,0.000,0.000,,,,,NVIDIA A100-SXM4-40GB MIG 4g.20gb (0),1,,13,cupy_copy__complex64_complex64
14915068046,256829,278611,1,1,1,32,32,1,30,0.000,0.000,,,,,NVIDIA A100-SXM4-40GB MIG 4g.20gb (0),1,,13,"void convert_kernel<__half2, float2>(tensor_layout_any, T1 *, tensor_layout_any, const T2 *)"
14915360875,13248,278614,,,,,,,,,,0.094,7072.455,Pinned,Device,NVIDIA A100-SXM4-40GB MIG 4g.20gb (0),1,,13,[CUDA memcpy Host-to-Device]
14915648807,634457,278615,,,,,,,,,,456.561,719540.829,Device,,NVIDIA A100-SXM4-40GB MIG 4g.20gb (0),1,,13,[CUDA memset]
14916288224,68127,278620,,,,,,,,,,1.235,18126.508,Pinned,Device,NVIDIA A100-SXM4-40GB MIG 4g.20gb (0),1,,13,[CUDA memcpy Host-to-Device]
14916358783,9984,278621,,,,,,,,,,0.197,19692.257,Pinned,Device,NVIDIA A100-SXM4-40GB MIG 4g.20gb (0),1,,13,[CUDA memcpy Host-to-Device]
14916615773,21023,278622,69,4,1,48,1,1,76,0.002,0.000,,,,,NVIDIA A100-SXM4-40GB MIG 4g.20gb (0),1,,13,"void ch_est::windowedChEstPreNoDftSOfdmKernel<float, __half, float, (unsigned int)2, (unsigned int)1, (unsigned short)4>(ch_est::puschRxChEstStatDescr_t *, ch_est::puschRxChEstDynDescr_t *)"
14916872570,25119,278623,137,2,1,24,2,1,44,0.001,0.001,,,,,NVIDIA A100-SXM4-40GB MIG 4g.20gb (0),1,,13,"void ch_est::chEstFilterNoDftSOfdmDispatchKernel<float, __half, float, (unsigned int)2>(ch_est::puschRxChEstStatDescr_t *, ch_est::puschRxChEstDynDescr_t *)"
14917098231,28128,278624,137,2,1,24,2,1,44,0.001,0.001,,,,,NVIDIA A100-SXM4-40GB MIG 4g.20gb (0),1,,13,"void ch_est::chEstFilterNoDftSOfdmDispatchKernel<float, __half, float, (unsigned int)2>(ch_est::puschRxChEstStatDescr_t *, ch_est::puschRxChEstDynDescr_t *)"
14917306453,3872,278635,103,1,1,128,1,1,16,0.000,0.000,,,,,NVIDIA A100-SXM4-40GB MIG 4g.20gb (0),1,,13,cupy_copy__complex64_complex64
14917506643,17055,278645,1434,1,1,128,1,1,16,0.000,0.000,,,,,NVIDIA A100-SXM4-40GB MIG 4g.20gb (0),1,,13,cupy_copy__complex64_complex64
14917809615,6560,278652,103,1,1,128,1,1,16,0.000,0.000,,,,,NVIDIA A100-SXM4-40GB MIG 4g.20gb (0),1,,13,cupy_copy__complex64_complex64
14918070956,249021,278659,1,1,1,32,32,1,30,0.000,0.000,,,,,NVIDIA A100-SXM4-40GB MIG 4g.20gb (0),1,,13,"void convert_kernel<__half2, float2>(tensor_layout_any, T1 *, tensor_layout_any, const T2 *)"
14918350345,5632,278662,,,,,,,,,,0.094,16636.287,Pinned,Device,NVIDIA A100-SXM4-40GB MIG 4g.20gb (0),1,,13,[CUDA memcpy Host-to-Device]
14918587494,64512,278663,,,,,,,,,,35.810,555053.760,Device,,NVIDIA A100-SXM4-40GB MIG 4g.20gb (0),1,,13,[CUDA memset]
14918658502,5759,278665,,,,,,,,,,0.000,13.891,Pinned,Device,NVIDIA A100-SXM4-40GB MIG 4g.20gb (0),1,,13,[CUDA memcpy Host-to-Device]
14918666853,9472,278666,,,,,,,,,,0.197,20756.693,Pinned,Device,NVIDIA A100-SXM4-40GB MIG 4g.20gb (0),1,,13,[CUDA memcpy Host-to-Device]
14918926915,33087,278667,273,1,1,48,1,1,40,0.000,0.001,,,,,NVIDIA A100-SXM4-40GB MIG 4g.20gb (0),1,,13,"void pusch_noise_intf_est::noiseIntfEstNoDftSOfdmKernel<float, __half, float, float, (unsigned int)2, (unsigned int)1, (unsigned char)4, (unsigned char)4>(pusch_noise_intf_est::puschRxNoiseIntfEstDynDescr)"
14919131008,3968,278678,35,1,1,128,1,1,16,0.000,0.000,,,,,NVIDIA A100-SXM4-40GB MIG 4g.20gb (0),1,,13,cupy_copy__complex64_complex64
14919363774,7583,278687,1,1,1,1,1,1,18,0.000,0.000,,,,,NVIDIA A100-SXM4-40GB MIG 4g.20gb (0),1,,13,cupy_copy__float32_float32
14919375293,2656,278693,,,,,,,,,,0.000,1.506,Device,Pageable,NVIDIA A100-SXM4-40GB MIG 4g.20gb (0),1,,7,[CUDA memcpy Device-to-Host]
14919692794,18080,278704,1434,1,1,128,1,1,16,0.000,0.000,,,,,NVIDIA A100-SXM4-40GB MIG 4g.20gb (0),1,,13,cupy_copy__complex64_complex64
14919953335,13344,278711,103,1,1,128,1,1,16,0.000,0.000,,,,,NVIDIA A100-SXM4-40GB MIG 4g.20gb (0),1,,13,cupy_copy__complex64_complex64
14920180148,4448,278718,35,1,1,128,1,1,16,0.000,0.000,,,,,NVIDIA A100-SXM4-40GB MIG 4g.20gb (0),1,,13,cupy_copy__complex64_complex64
14920423090,3104,278725,1,1,1,1,1,1,18,0.000,0.000,,,,,NVIDIA A100-SXM4-40GB MIG 4g.20gb (0),1,,13,cupy_copy__float32_float32
14920653487,245181,278736,1,1,1,32,32,1,30,0.000,0.000,,,,,NVIDIA A100-SXM4-40GB MIG 4g.20gb (0),1,,13,"void convert_kernel<__half2, float2>(tensor_layout_any, T1 *, tensor_layout_any, const T2 *)"
14920929996,10080,278739,,,,,,,,,,0.094,9295.205,Pinned,Device,NVIDIA A100-SXM4-40GB MIG 4g.20gb (0),1,,13,[CUDA memcpy Host-to-Device]
14921144586,5535,278740,,,,,,,,,,1.547,279425.465,Device,,NVIDIA A100-SXM4-40GB MIG 4g.20gb (0),1,,13,[CUDA memset]
14921153097,4160,278745,,,,,,,,,,0.031,7523.058,Pinned,Device,NVIDIA A100-SXM4-40GB MIG 4g.20gb (0),1,,13,[CUDA memcpy Host-to-Device]
14921162697,14816,278746,,,,,,,,,,0.197,13269.860,Pinned,Device,NVIDIA A100-SXM4-40GB MIG 4g.20gb (0),1,,13,[CUDA memcpy Host-to-Device]
14921354887,19360,278747,273,1,1,8,4,1,39,0.002,0.000,,,,,NVIDIA A100-SXM4-40GB MIG 4g.20gb (0),1,,13,"void channel_eq::eqMmseCoefCompLowMimoKernel<float, float, float, (unsigned int)4, (unsigned int)1, (unsigned int)4>(const channel_eq::_puschRxChEqStatDescr *, channel_eq::_puschRxChEqCoefCompDynDescr)"
14921585221,26495,278748,273,1,1,12,11,1,51,0.002,0.000,,,,,NVIDIA A100-SXM4-40GB MIG 4g.20gb (0),1,,13,"void channel_eq::eqMmseSoftDemapKernel<float, __half, __half, float, (unsigned int)4, (unsigned short)16383>(channel_eq::_puschRxChEqStatDescr *, channel_eq::_puschRxChEqSoftDemapDynDescr)"
14921888513,646585,278749,1,1,1,32,32,1,30,0.000,0.000,,,,,NVIDIA A100-SXM4-40GB MIG 4g.20gb (0),1,,13,"void convert_kernel<float2, __half2>(tensor_layout_any, T1 *, tensor_layout_any, const T2 *)"
14922719896,16000,278761,2253,1,1,128,1,1,16,0.000,0.000,,,,,NVIDIA A100-SXM4-40GB MIG 4g.20gb (0),1,,13,cupy_copy__float16_float16
14922976693,13088,278770,282,1,1,128,1,1,16,0.000,0.000,,,,,NVIDIA A100-SXM4-40GB MIG 4g.20gb (0),1,,13,cupy_copy__complex64_complex64
14923195826,3744,278779,26,1,1,128,1,1,16,0.000,0.000,,,,,NVIDIA A100-SXM4-40GB MIG 4g.20gb (0),1,,13,cupy_copy__float32_float32
14923399696,4672,278788,103,1,1,128,1,1,16,0.000,0.000,,,,,NVIDIA A100-SXM4-40GB MIG 4g.20gb (0),1,,13,cupy_copy__complex64_complex64
14923673133,17760,278798,1434,1,1,128,1,1,16,0.000,0.000,,,,,NVIDIA A100-SXM4-40GB MIG 4g.20gb (0),1,,13,cupy_copy__complex64_complex64
14923938282,252061,278803,1,1,1,32,32,1,30,0.000,0.000,,,,,NVIDIA A100-SXM4-40GB MIG 4g.20gb (0),1,,13,"void convert_kernel<__half2, float2>(tensor_layout_any, T1 *, tensor_layout_any, const T2 *)"
14924221447,6336,278806,,,,,,,,,,0.094,14787.852,Pinned,Device,NVIDIA A100-SXM4-40GB MIG 4g.20gb (0),1,,13,[CUDA memcpy Host-to-Device]
14924447620,640665,278807,,,,,,,,,,456.561,712235.846,Device,,NVIDIA A100-SXM4-40GB MIG 4g.20gb (0),1,,13,[CUDA memset]
14925094269,65375,278812,,,,,,,,,,1.235,18889.703,Pinned,Device,NVIDIA A100-SXM4-40GB MIG 4g.20gb (0),1,,13,[CUDA memcpy Host-to-Device]
14925162140,14528,278813,,,,,,,,,,0.197,13532.922,Pinned,Device,NVIDIA A100-SXM4-40GB MIG 4g.20gb (0),1,,13,[CUDA memcpy Host-to-Device]
14925432633,24480,278814,69,4,1,48,1,1,76,0.002,0.000,,,,,NVIDIA A100-SXM4-40GB MIG 4g.20gb (0),1,,13,"void ch_est::windowedChEstPreNoDftSOfdmKernel<float, __half, float, (unsigned int)2, (unsigned int)1, (unsigned short)4>(ch_est::puschRxChEstStatDescr_t *, ch_est::puschRxChEstDynDescr_t *)"
14925662359,25695,278815,137,2,1,24,2,1,44,0.001,0.001,,,,,NVIDIA A100-SXM4-40GB MIG 4g.20gb (0),1,,13,"void ch_est::chEstFilterNoDftSOfdmDispatchKernel<float, __half, float, (unsigned int)2>(ch_est::puschRxChEstStatDescr_t *, ch_est::puschRxChEstDynDescr_t *)"
14925874164,10208,278816,137,2,1,24,2,1,44,0.001,0.001,,,,,NVIDIA A100-SXM4-40GB MIG 4g.20gb (0),1,,13,"void ch_est::chEstFilterNoDftSOfdmDispatchKernel<float, __half, float, (unsigned int)2>(ch_est::puschRxChEstStatDescr_t *, ch_est::puschRxChEstDynDescr_t *)"
14926070706,7296,278827,103,1,1,128,1,1,16,0.000,0.000,,,,,NVIDIA A100-SXM4-40GB MIG 4g.20gb (0),1,,13,cupy_copy__complex64_complex64
14926325167,17472,278837,1434,1,1,128,1,1,16,0.000,0.000,,,,,NVIDIA A100-SXM4-40GB MIG 4g.20gb (0),1,,13,cupy_copy__complex64_complex64
14926560780,4288,278844,103,1,1,128,1,1,16,0.000,0.000,,,,,NVIDIA A100-SXM4-40GB MIG 4g.20gb (0),1,,13,cupy_copy__complex64_complex64
14926773162,220894,278851,1,1,1,32,32,1,30,0.000,0.000,,,,,NVIDIA A100-SXM4-40GB MIG 4g.20gb (0),1,,13,"void convert_kernel<__half2, float2>(tensor_layout_any, T1 *, tensor_layout_any, const T2 *)"
14927022855,5472,278854,,,,,,,,,,0.094,17122.757,Pinned,Device,NVIDIA A100-SXM4-40GB MIG 4g.20gb (0),1,,13,[CUDA memcpy Host-to-Device]
14927273124,56288,278855,,,,,,,,,,35.810,636163.229,Device,,NVIDIA A100-SXM4-40GB MIG 4g.20gb (0),1,,13,[CUDA memset]
14927334756,1824,278857,,,,,,,,,,0.000,43.860,Pinned,Device,NVIDIA A100-SXM4-40GB MIG 4g.20gb (0),1,,13,[CUDA memcpy Host-to-Device]
14927339044,10976,278858,,,,,,,,,,0.197,17912.365,Pinned,Device,NVIDIA A100-SXM4-40GB MIG 4g.20gb (0),1,,13,[CUDA memcpy Host-to-Device]
14927616161,31967,278859,273,1,1,48,1,1,40,0.000,0.001,,,,,NVIDIA A100-SXM4-40GB MIG 4g.20gb (0),1,,13,"void pusch_noise_intf_est::noiseIntfEstNoDftSOfdmKernel<float, __half, float, float, (unsigned int)2, (unsigned int)1, (unsigned char)4, (unsigned char)4>(pusch_noise_intf_est::puschRxNoiseIntfEstDynDescr)"
14927907677,9696,278870,35,1,1,128,1,1,16,0.000,0.000,,,,,NVIDIA A100-SXM4-40GB MIG 4g.20gb (0),1,,13,cupy_copy__complex64_complex64
14928159194,4928,278879,1,1,1,1,1,1,18,0.000,0.000,,,,,NVIDIA A100-SXM4-40GB MIG 4g.20gb (0),1,,13,cupy_copy__float32_float32
14928169306,2016,278885,,,,,,,,,,0.000,1.984,Device,Pageable,NVIDIA A100-SXM4-40GB MIG 4g.20gb (0),1,,7,[CUDA memcpy Device-to-Host]
14928493751,17120,278896,1434,1,1,128,1,1,16,0.000,0.000,,,,,NVIDIA A100-SXM4-40GB MIG 4g.20gb (0),1,,13,cupy_copy__complex64_complex64
14928754836,11648,278903,103,1,1,128,1,1,16,0.000,0.000,,,,,NVIDIA A100-SXM4-40GB MIG 4g.20gb (0),1,,13,cupy_copy__complex64_complex64
14928983953,4512,278910,35,1,1,128,1,1,16,0.000,0.000,,,,,NVIDIA A100-SXM4-40GB MIG 4g.20gb (0),1,,13,cupy_copy__complex64_complex64
14929224334,3072,278917,1,1,1,1,1,1,18,0.000,0.000,,,,,NVIDIA A100-SXM4-40GB MIG 4g.20gb (0),1,,13,cupy_copy__float32_float32
14929454636,242781,278928,1,1,1,32,32,1,30,0.000,0.000,,,,,NVIDIA A100-SXM4-40GB MIG 4g.20gb (0),1,,13,"void convert_kernel<__half2, float2>(tensor_layout_any, T1 *, tensor_layout_any, const T2 *)"
14929726889,5984,278931,,,,,,,,,,0.094,15657.726,Pinned,Device,NVIDIA A100-SXM4-40GB MIG 4g.20gb (0),1,,13,[CUDA memcpy Host-to-Device]
14929946374,5568,278932,,,,,,,,,,1.547,277769.031,Device,,NVIDIA A100-SXM4-40GB MIG 4g.20gb (0),1,,13,[CUDA memset]
14929955750,4224,278937,,,,,,,,,,0.031,7409.078,Pinned,Device,NVIDIA A100-SXM4-40GB MIG 4g.20gb (0),1,,13,[CUDA memcpy Host-to-Device]
14929962470,12736,278938,,,,,,,,,,0.197,15437.070,Pinned,Device,NVIDIA A100-SXM4-40GB MIG 4g.20gb (0),1,,13,[CUDA memcpy Host-to-Device]
14930155748,13888,278939,273,1,1,8,4,1,39,0.002,0.000,,,,,NVIDIA A100-SXM4-40GB MIG 4g.20gb (0),1,,13,"void channel_eq::eqMmseCoefCompLowMimoKernel<float, float, float, (unsigned int)4, (unsigned int)1, (unsigned int)4>(const channel_eq::_puschRxChEqStatDescr *, channel_eq::_puschRxChEqCoefCompDynDescr)"
14930378913,26496,278940,273,1,1,12,11,1,51,0.002,0.000,,,,,NVIDIA A100-SXM4-40GB MIG 4g.20gb (0),1,,13,"void channel_eq::eqMmseSoftDemapKernel<float, __half, __half, float, (unsigned int)4, (unsigned short)16383>(channel_eq::_puschRxChEqStatDescr *, channel_eq::_puschRxChEqSoftDemapDynDescr)"
14930680382,666457,278941,1,1,1,32,32,1,30,0.000,0.000,,,,,NVIDIA A100-SXM4-40GB MIG 4g.20gb (0),1,,13,"void convert_kernel<float2, __half2>(tensor_layout_any, T1 *, tensor_layout_any, const T2 *)"
14931510933,16288,278953,2253,1,1,128,1,1,16,0.000,0.000,,,,,NVIDIA A100-SXM4-40GB MIG 4g.20gb (0),1,,13,cupy_copy__float16_float16
14931771314,15040,278962,282,1,1,128,1,1,16,0.000,0.000,,,,,NVIDIA A100-SXM4-40GB MIG 4g.20gb (0),1,,13,cupy_copy__complex64_complex64
14931989327,3616,278971,26,1,1,128,1,1,16,0.000,0.000,,,,,NVIDIA A100-SXM4-40GB MIG 4g.20gb (0),1,,13,cupy_copy__float32_float32
14932191373,4640,278980,103,1,1,128,1,1,16,0.000,0.000,,,,,NVIDIA A100-SXM4-40GB MIG 4g.20gb (0),1,,13,cupy_copy__complex64_complex64
14932449034,18016,278996,1434,1,1,128,1,1,16,0.000,0.000,,,,,NVIDIA A100-SXM4-40GB MIG 4g.20gb (0),1,,13,cupy_copy__complex64_complex64
14932716519,244189,279001,1,1,1,32,32,1,30,0.000,0.000,,,,,NVIDIA A100-SXM4-40GB MIG 4g.20gb (0),1,,13,"void convert_kernel<__half2, float2>(tensor_layout_any, T1 *, tensor_layout_any, const T2 *)"
14932989252,6272,279004,,,,,,,,,,0.094,14938.703,Pinned,Device,NVIDIA A100-SXM4-40GB MIG 4g.20gb (0),1,,13,[CUDA memcpy Host-to-Device]
14933224289,639961,279005,,,,,,,,,,456.561,713148.969,Device,,NVIDIA A100-SXM4-40GB MIG 4g.20gb (0),1,,13,[CUDA memset]
14933869850,65887,279010,,,,,,,,,,1.235,18742.745,Pinned,Device,NVIDIA A100-SXM4-40GB MIG 4g.20gb (0),1,,13,[CUDA memcpy Host-to-Device]
14933941945,13024,279011,,,,,,,,,,0.197,15095.759,Pinned,Device,NVIDIA A100-SXM4-40GB MIG 4g.20gb (0),1,,13,[CUDA memcpy Host-to-Device]
14934210102,21600,279012,69,4,1,48,1,1,76,0.002,0.000,,,,,NVIDIA A100-SXM4-40GB MIG 4g.20gb (0),1,,13,"void ch_est::windowedChEstPreNoDftSOfdmKernel<float, __half, float, (unsigned int)2, (unsigned int)1, (unsigned short)4>(ch_est::puschRxChEstStatDescr_t *, ch_est::puschRxChEstDynDescr_t *)"
14934442644,25855,279013,137,2,1,24,2,1,44,0.001,0.001,,,,,NVIDIA A100-SXM4-40GB MIG 4g.20gb (0),1,,13,"void ch_est::chEstFilterNoDftSOfdmDispatchKernel<float, __half, float, (unsigned int)2>(ch_est::puschRxChEstStatDescr_t *, ch_est::puschRxChEstDynDescr_t *)"
14934653329,10080,279014,137,2,1,24,2,1,44,0.001,0.001,,,,,NVIDIA A100-SXM4-40GB MIG 4g.20gb (0),1,,13,"void ch_est::chEstFilterNoDftSOfdmDispatchKernel<float, __half, float, (unsigned int)2>(ch_est::puschRxChEstStatDescr_t *, ch_est::puschRxChEstDynDescr_t *)"
14934849167,5952,279025,103,1,1,128,1,1,16,0.000,0.000,,,,,NVIDIA A100-SXM4-40GB MIG 4g.20gb (0),1,,13,cupy_copy__complex64_complex64
14935103884,17568,279035,1434,1,1,128,1,1,16,0.000,0.000,,,,,NVIDIA A100-SXM4-40GB MIG 4g.20gb (0),1,,13,cupy_copy__complex64_complex64
14935339338,4384,279042,103,1,1,128,1,1,16,0.000,0.000,,,,,NVIDIA A100-SXM4-40GB MIG 4g.20gb (0),1,,13,cupy_copy__complex64_complex64
14935554151,222078,279049,1,1,1,32,32,1,30,0.000,0.000,,,,,NVIDIA A100-SXM4-40GB MIG 4g.20gb (0),1,,13,"void convert_kernel<__half2, float2>(tensor_layout_any, T1 *, tensor_layout_any, const T2 *)"
14935804004,5984,279052,,,,,,,,,,0.094,15657.726,Pinned,Device,NVIDIA A100-SXM4-40GB MIG 4g.20gb (0),1,,13,[CUDA memcpy Host-to-Device]
14936056481,55776,279053,,,,,,,,,,35.810,642000.246,Device,,NVIDIA A100-SXM4-40GB MIG 4g.20gb (0),1,,13,[CUDA memset]
14936118625,1824,279055,,,,,,,,,,0.000,43.860,Pinned,Device,NVIDIA A100-SXM4-40GB MIG 4g.20gb (0),1,,13,[CUDA memcpy Host-to-Device]
14936122913,13504,279056,,,,,,,,,,0.197,14559.216,Pinned,Device,NVIDIA A100-SXM4-40GB MIG 4g.20gb (0),1,,13,[CUDA memcpy Host-to-Device]
14936404318,28607,279057,273,1,1,48,1,1,40,0.000,0.001,,,,,NVIDIA A100-SXM4-40GB MIG 4g.20gb (0),1,,13,"void pusch_noise_intf_est::noiseIntfEstNoDftSOfdmKernel<float, __half, float, float, (unsigned int)2, (unsigned int)1, (unsigned char)4, (unsigned char)4>(pusch_noise_intf_est::puschRxNoiseIntfEstDynDescr)"
14936690490,11360,279068,35,1,1,128,1,1,16,0.000,0.000,,,,,NVIDIA A100-SXM4-40GB MIG 4g.20gb (0),1,,13,cupy_copy__complex64_complex64
14936941272,6015,279077,1,1,1,1,1,1,18,0.000,0.000,,,,,NVIDIA A100-SXM4-40GB MIG 4g.20gb (0),1,,13,cupy_copy__float32_float32
14936954103,1632,279083,,,,,,,,,,0.000,2.451,Device,Pageable,NVIDIA A100-SXM4-40GB MIG 4g.20gb (0),1,,7,[CUDA memcpy Device-to-Host]
14937231156,20000,279094,1434,1,1,128,1,1,16,0.000,0.000,,,,,NVIDIA A100-SXM4-40GB MIG 4g.20gb (0),1,,13,cupy_copy__complex64_complex64
14937470994,4191,279101,103,1,1,128,1,1,16,0.000,0.000,,,,,NVIDIA A100-SXM4-40GB MIG 4g.20gb (0),1,,13,cupy_copy__complex64_complex64
14937683311,3936,279108,35,1,1,128,1,1,16,0.000,0.000,,,,,NVIDIA A100-SXM4-40GB MIG 4g.20gb (0),1,,13,cupy_copy__complex64_complex64
14937922060,4864,279115,1,1,1,1,1,1,18,0.000,0.000,,,,,NVIDIA A100-SXM4-40GB MIG 4g.20gb (0),1,,13,cupy_copy__float32_float32
14938200649,261757,279126,1,1,1,32,32,1,30,0.000,0.000,,,,,NVIDIA A100-SXM4-40GB MIG 4g.20gb (0),1,,13,"void convert_kernel<__half2, float2>(tensor_layout_any, T1 *, tensor_layout_any, const T2 *)"
14938493382,9856,279129,,,,,,,,,,0.094,9506.490,Pinned,Device,NVIDIA A100-SXM4-40GB MIG 4g.20gb (0),1,,13,[CUDA memcpy Host-to-Device]
14938687236,4704,279130,,,,,,,,,,1.547,328789.063,Device,,NVIDIA A100-SXM4-40GB MIG 4g.20gb (0),1,,13,[CUDA memset]
14938698276,6816,279135,,,,,,,,,,0.031,4591.530,Pinned,Device,NVIDIA A100-SXM4-40GB MIG 4g.20gb (0),1,,13,[CUDA memcpy Host-to-Device]
14938711524,9567,279136,,,,,,,,,,0.197,20550.451,Pinned,Device,NVIDIA A100-SXM4-40GB MIG 4g.20gb (0),1,,13,[CUDA memcpy Host-to-Device]
14938881026,30751,279137,273,1,1,8,4,1,39,0.002,0.000,,,,,NVIDIA A100-SXM4-40GB MIG 4g.20gb (0),1,,13,"void channel_eq::eqMmseCoefCompLowMimoKernel<float, float, float, (unsigned int)4, (unsigned int)1, (unsigned int)4>(const channel_eq::_puschRxChEqStatDescr *, channel_eq::_puschRxChEqCoefCompDynDescr)"
14939227678,27839,279138,273,1,1,12,11,1,51,0.002,0.000,,,,,NVIDIA A100-SXM4-40GB MIG 4g.20gb (0),1,,13,"void channel_eq::eqMmseSoftDemapKernel<float, __half, __half, float, (unsigned int)4, (unsigned short)16383>(channel_eq::_puschRxChEqStatDescr *, channel_eq::_puschRxChEqSoftDemapDynDescr)"
14939499963,657048,279139,1,1,1,32,32,1,30,0.000,0.000,,,,,NVIDIA A100-SXM4-40GB MIG 4g.20gb (0),1,,13,"void convert_kernel<float2, __half2>(tensor_layout_any, T1 *, tensor_layout_any, const T2 *)"
14940372433,16192,279151,2253,1,1,128,1,1,16,0.000,0.000,,,,,NVIDIA A100-SXM4-40GB MIG 4g.20gb (0),1,,13,cupy_copy__float16_float16
14940631246,12480,279160,282,1,1,128,1,1,16,0.000,0.000,,,,,NVIDIA A100-SXM4-40GB MIG 4g.20gb (0),1,,13,cupy_copy__complex64_complex64
14940850827,3680,279169,26,1,1,128,1,1,16,0.000,0.000,,,,,NVIDIA A100-SXM4-40GB MIG 4g.20gb (0),1,,13,cupy_copy__float32_float32
14941054473,4640,279178,103,1,1,128,1,1,16,0.000,0.000,,,,,NVIDIA A100-SXM4-40GB MIG 4g.20gb (0),1,,13,cupy_copy__complex64_complex64
14941311302,18400,279188,1434,1,1,128,1,1,16,0.000,0.000,,,,,NVIDIA A100-SXM4-40GB MIG 4g.20gb (0),1,,13,cupy_copy__complex64_complex64
14941574627,256829,279193,1,1,1,32,32,1,30,0.000,0.000,,,,,NVIDIA A100-SXM4-40GB MIG 4g.20gb (0),1,,13,"void convert_kernel<__half2, float2>(tensor_layout_any, T1 *, tensor_layout_any, const T2 *)"
14941865568,6432,279196,,,,,,,,,,0.094,14567.105,Pinned,Device,NVIDIA A100-SXM4-40GB MIG 4g.20gb (0),1,,13,[CUDA memcpy Host-to-Device]
14942085342,631416,279197,,,,,,,,,,456.561,722736.760,Device,,NVIDIA A100-SXM4-40GB MIG 4g.20gb (0),1,,13,[CUDA memset]
14942722966,66208,279202,,,,,,,,,,1.235,18651.359,Pinned,Device,NVIDIA A100-SXM4-40GB MIG 4g.20gb (0),1,,13,[CUDA memcpy Host-to-Device]
14942793334,13535,279203,,,,,,,,,,0.197,14525.792,Pinned,Device,NVIDIA A100-SXM4-40GB MIG 4g.20gb (0),1,,13,[CUDA memcpy Host-to-Device]
14943061939,21535,279204,69,4,1,48,1,1,76,0.002,0.000,,,,,NVIDIA A100-SXM4-40GB MIG 4g.20gb (0),1,,13,"void ch_est::windowedChEstPreNoDftSOfdmKernel<float, __half, float, (unsigned int)2, (unsigned int)1, (unsigned short)4>(ch_est::puschRxChEstStatDescr_t *, ch_est::puschRxChEstDynDescr_t *)"
14943446094,28352,279205,137,2,1,24,2,1,44,0.001,0.001,,,,,NVIDIA A100-SXM4-40GB MIG 4g.20gb (0),1,,13,"void ch_est::chEstFilterNoDftSOfdmDispatchKernel<float, __half, float, (unsigned int)2>(ch_est::puschRxChEstStatDescr_t *, ch_est::puschRxChEstDynDescr_t *)"
14943652524,10464,279206,137,2,1,24,2,1,44,0.001,0.001,,,,,NVIDIA A100-SXM4-40GB MIG 4g.20gb (0),1,,13,"void ch_est::chEstFilterNoDftSOfdmDispatchKernel<float, __half, float, (unsigned int)2>(ch_est::puschRxChEstStatDescr_t *, ch_est::puschRxChEstDynDescr_t *)"
14943845194,7744,279217,103,1,1,128,1,1,16,0.000,0.000,,,,,NVIDIA A100-SXM4-40GB MIG 4g.20gb (0),1,,13,cupy_copy__complex64_complex64
14944100007,17664,279227,1434,1,1,128,1,1,16,0.000,0.000,,,,,NVIDIA A100-SXM4-40GB MIG 4g.20gb (0),1,,13,cupy_copy__complex64_complex64
14944338372,4256,279234,103,1,1,128,1,1,16,0.000,0.000,,,,,NVIDIA A100-SXM4-40GB MIG 4g.20gb (0),1,,13,cupy_copy__complex64_complex64
14944552962,221597,279241,1,1,1,32,32,1,30,0.000,0.000,,,,,NVIDIA A100-SXM4-40GB MIG 4g.20gb (0),1,,13,"void convert_kernel<__half2, float2>(tensor_layout_any, T1 *, tensor_layout_any, const T2 *)"
14944805119,6144,279244,,,,,,,,,,0.094,15249.961,Pinned,Device,NVIDIA A100-SXM4-40GB MIG 4g.20gb (0),1,,13,[CUDA memcpy Host-to-Device]
14945056412,56351,279245,,,,,,,,,,35.810,635447.030,Device,,NVIDIA A100-SXM4-40GB MIG 4g.20gb (0),1,,13,[CUDA memset]
14945121435,1824,279247,,,,,,,,,,0.000,43.860,Pinned,Device,NVIDIA A100-SXM4-40GB MIG 4g.20gb (0),1,,13,[CUDA memcpy Host-to-Device]
14945128027,10304,279248,,,,,,,,,,0.197,19080.610,Pinned,Device,NVIDIA A100-SXM4-40GB MIG 4g.20gb (0),1,,13,[CUDA memcpy Host-to-Device]
14945404184,32864,279249,273,1,1,48,1,1,40,0.000,0.001,,,,,NVIDIA A100-SXM4-40GB MIG 4g.20gb (0),1,,13,"void pusch_noise_intf_est::noiseIntfEstNoDftSOfdmKernel<float, __half, float, float, (unsigned int)2, (unsigned int)1, (unsigned char)4, (unsigned char)4>(pusch_noise_intf_est::puschRxNoiseIntfEstDynDescr)"
14945684693,10144,279260,35,1,1,128,1,1,16,0.000,0.000,,,,,NVIDIA A100-SXM4-40GB MIG 4g.20gb (0),1,,13,cupy_copy__complex64_complex64
14945938258,3936,279269,1,1,1,1,1,1,18,0.000,0.000,,,,,NVIDIA A100-SXM4-40GB MIG 4g.20gb (0),1,,13,cupy_copy__float32_float32
14945950354,2048,279275,,,,,,,,,,0.000,1.953,Device,Pageable,NVIDIA A100-SXM4-40GB MIG 4g.20gb (0),1,,7,[CUDA memcpy Device-to-Host]
14946276174,17536,279286,1434,1,1,128,1,1,16,0.000,0.000,,,,,NVIDIA A100-SXM4-40GB MIG 4g.20gb (0),1,,13,cupy_copy__complex64_complex64
14946535275,11008,279293,103,1,1,128,1,1,16,0.000,0.000,,,,,NVIDIA A100-SXM4-40GB MIG 4g.20gb (0),1,,13,cupy_copy__complex64_complex64
14946768361,4320,279300,35,1,1,128,1,1,16,0.000,0.000,,,,,NVIDIA A100-SXM4-40GB MIG 4g.20gb (0),1,,13,cupy_copy__complex64_complex64
14947008134,4256,279307,1,1,1,1,1,1,18,0.000,0.000,,,,,NVIDIA A100-SXM4-40GB MIG 4g.20gb (0),1,,13,cupy_copy__float32_float32
14947249251,246238,279318,1,1,1,32,32,1,30,0.000,0.000,,,,,NVIDIA A100-SXM4-40GB MIG 4g.20gb (0),1,,13,"void convert_kernel<__half2, float2>(tensor_layout_any, T1 *, tensor_layout_any, const T2 *)"
14947535648,9920,279321,,,,,,,,,,0.094,9445.119,Pinned,Device,NVIDIA A100-SXM4-40GB MIG 4g.20gb (0),1,,13,[CUDA memcpy Host-to-Device]
14947742654,7968,279322,,,,,,,,,,1.547,194104.405,Device,,NVIDIA A100-SXM4-40GB MIG 4g.20gb (0),1,,13,[CUDA memset]
14947757758,8128,279327,,,,,,,,,,0.031,3850.378,Pinned,Device,NVIDIA A100-SXM4-40GB MIG 4g.20gb (0),1,,13,[CUDA memcpy Host-to-Device]
14947772957,10560,279328,,,,,,,,,,0.197,18617.991,Pinned,Device,NVIDIA A100-SXM4-40GB MIG 4g.20gb (0),1,,13,[CUDA memcpy Host-to-Device]
14947953211,13504,279329,273,1,1,8,4,1,39,0.002,0.000,,,,,NVIDIA A100-SXM4-40GB MIG 4g.20gb (0),1,,13,"void channel_eq::eqMmseCoefCompLowMimoKernel<float, float, float, (unsigned int)4, (unsigned int)1, (unsigned int)4>(const channel_eq::_puschRxChEqStatDescr *, channel_eq::_puschRxChEqCoefCompDynDescr)"
14948185049,27744,279330,273,1,1,12,11,1,51,0.002,0.000,,,,,NVIDIA A100-SXM4-40GB MIG 4g.20gb (0),1,,13,"void channel_eq::eqMmseSoftDemapKernel<float, __half, __half, float, (unsigned int)4, (unsigned short)16383>(channel_eq::_puschRxChEqStatDescr *, channel_eq::_puschRxChEqSoftDemapDynDescr)"
14948454678,690904,279331,1,1,1,32,32,1,30,0.000,0.000,,,,,NVIDIA A100-SXM4-40GB MIG 4g.20gb (0),1,,13,"void convert_kernel<float2, __half2>(tensor_layout_any, T1 *, tensor_layout_any, const T2 *)"
14949466666,18784,279343,2253,1,1,128,1,1,16,0.000,0.000,,,,,NVIDIA A100-SXM4-40GB MIG 4g.20gb (0),1,,13,cupy_copy__float16_float16
14949822886,13440,279352,282,1,1,128,1,1,16,0.000,0.000,,,,,NVIDIA A100-SXM4-40GB MIG 4g.20gb (0),1,,13,cupy_copy__complex64_complex64
14950219938,6656,279361,26,1,1,128,1,1,16,0.000,0.000,,,,,NVIDIA A100-SXM4-40GB MIG 4g.20gb (0),1,,13,cupy_copy__float32_float32
14950542686,9824,279370,103,1,1,128,1,1,16,0.000,0.000,,,,,NVIDIA A100-SXM4-40GB MIG 4g.20gb (0),1,,13,cupy_copy__complex64_complex64
14950798395,22688,279380,1434,1,1,128,1,1,16,0.000,0.000,,,,,NVIDIA A100-SXM4-40GB MIG 4g.20gb (0),1,,13,cupy_copy__complex64_complex64
14951079448,283229,279385,1,1,1,32,32,1,30,0.000,0.000,,,,,NVIDIA A100-SXM4-40GB MIG 4g.20gb (0),1,,13,"void convert_kernel<__half2, float2>(tensor_layout_any, T1 *, tensor_layout_any, const T2 *)"
14951392117,10304,279388,,,,,,,,,,0.094,9093.103,Pinned,Device,NVIDIA A100-SXM4-40GB MIG 4g.20gb (0),1,,13,[CUDA memcpy Host-to-Device]
14951686161,618393,279389,,,,,,,,,,456.561,738259.848,Device,,NVIDIA A100-SXM4-40GB MIG 4g.20gb (0),1,,13,[CUDA memset]
14952306698,57632,279394,,,,,,,,,,1.235,21427.513,Pinned,Device,NVIDIA A100-SXM4-40GB MIG 4g.20gb (0),1,,13,[CUDA memcpy Host-to-Device]
14952367178,10368,279395,,,,,,,,,,0.197,18962.842,Pinned,Device,NVIDIA A100-SXM4-40GB MIG 4g.20gb (0),1,,13,[CUDA memcpy Host-to-Device]
14952681254,25984,279396,69,4,1,48,1,1,76,0.002,0.000,,,,,NVIDIA A100-SXM4-40GB MIG 4g.20gb (0),1,,13,"void ch_est::windowedChEstPreNoDftSOfdmKernel<float, __half, float, (unsigned int)2, (unsigned int)1, (unsigned short)4>(ch_est::puschRxChEstStatDescr_t *, ch_est::puschRxChEstDynDescr_t *)"
14952993859,27871,279397,137,2,1,24,2,1,44,0.001,0.001,,,,,NVIDIA A100-SXM4-40GB MIG 4g.20gb (0),1,,13,"void ch_est::chEstFilterNoDftSOfdmDispatchKernel<float, __half, float, (unsigned int)2>(ch_est::puschRxChEstStatDescr_t *, ch_est::puschRxChEstDynDescr_t *)"
14953278431,26880,279398,137,2,1,24,2,1,44,0.001,0.001,,,,,NVIDIA A100-SXM4-40GB MIG 4g.20gb (0),1,,13,"void ch_est::chEstFilterNoDftSOfdmDispatchKernel<float, __half, float, (unsigned int)2>(ch_est::puschRxChEstStatDescr_t *, ch_est::puschRxChEstDynDescr_t *)"
14953606300,7872,279409,103,1,1,128,1,1,16,0.000,0.000,,,,,NVIDIA A100-SXM4-40GB MIG 4g.20gb (0),1,,13,cupy_copy__complex64_complex64
14953891129,24255,279419,1434,1,1,128,1,1,16,0.000,0.000,,,,,NVIDIA A100-SXM4-40GB MIG 4g.20gb (0),1,,13,cupy_copy__complex64_complex64
14954211093,3936,279426,103,1,1,128,1,1,16,0.000,0.000,,,,,NVIDIA A100-SXM4-40GB MIG 4g.20gb (0),1,,13,cupy_copy__complex64_complex64
14954492594,247293,279433,1,1,1,32,32,1,30,0.000,0.000,,,,,NVIDIA A100-SXM4-40GB MIG 4g.20gb (0),1,,13,"void convert_kernel<__half2, float2>(tensor_layout_any, T1 *, tensor_layout_any, const T2 *)"
14954769615,7328,279436,,,,,,,,,,0.094,12785.944,Pinned,Device,NVIDIA A100-SXM4-40GB MIG 4g.20gb (0),1,,13,[CUDA memcpy Host-to-Device]
14955081675,58719,279437,,,,,,,,,,35.810,609842.938,Device,,NVIDIA A100-SXM4-40GB MIG 4g.20gb (0),1,,13,[CUDA memset]
14955148330,2848,279439,,,,,,,,,,0.000,28.090,Pinned,Device,NVIDIA A100-SXM4-40GB MIG 4g.20gb (0),1,,13,[CUDA memcpy Host-to-Device]
14955158058,12480,279440,,,,,,,,,,0.197,15753.806,Pinned,Device,NVIDIA A100-SXM4-40GB MIG 4g.20gb (0),1,,13,[CUDA memcpy Host-to-Device]
14955524230,26816,279441,273,1,1,48,1,1,40,0.000,0.001,,,,,NVIDIA A100-SXM4-40GB MIG 4g.20gb (0),1,,13,"void pusch_noise_intf_est::noiseIntfEstNoDftSOfdmKernel<float, __half, float, float, (unsigned int)2, (unsigned int)1, (unsigned char)4, (unsigned char)4>(pusch_noise_intf_est::puschRxNoiseIntfEstDynDescr)"
14955857858,4576,279452,35,1,1,128,1,1,16,0.000,0.000,,,,,NVIDIA A100-SXM4-40GB MIG 4g.20gb (0),1,,13,cupy_copy__complex64_complex64
14956171391,2976,279461,1,1,1,1,1,1,18,0.000,0.000,,,,,NVIDIA A100-SXM4-40GB MIG 4g.20gb (0),1,,13,cupy_copy__float32_float32
14956178431,2848,279467,,,,,,,,,,0.000,1.404,Device,Pageable,NVIDIA A100-SXM4-40GB MIG 4g.20gb (0),1,,7,[CUDA memcpy Device-to-Host]
14956464604,20927,279478,1434,1,1,128,1,1,16,0.000,0.000,,,,,NVIDIA A100-SXM4-40GB MIG 4g.20gb (0),1,,13,cupy_copy__complex64_complex64
14956716345,5216,279485,103,1,1,128,1,1,16,0.000,0.000,,,,,NVIDIA A100-SXM4-40GB MIG 4g.20gb (0),1,,13,cupy_copy__complex64_complex64
14957105940,11232,279492,35,1,1,128,1,1,16,0.000,0.000,,,,,NVIDIA A100-SXM4-40GB MIG 4g.20gb (0),1,,13,cupy_copy__complex64_complex64
14957504944,4576,279499,1,1,1,1,1,1,18,0.000,0.000,,,,,NVIDIA A100-SXM4-40GB MIG 4g.20gb (0),1,,13,cupy_copy__float32_float32
14957880012,237085,279510,1,1,1,32,32,1,30,0.000,0.000,,,,,NVIDIA A100-SXM4-40GB MIG 4g.20gb (0),1,,13,"void convert_kernel<__half2, float2>(tensor_layout_any, T1 *, tensor_layout_any, const T2 *)"
14958148713,13247,279513,,,,,,,,,,0.094,7072.924,Pinned,Device,NVIDIA A100-SXM4-40GB MIG 4g.20gb (0),1,,13,[CUDA memcpy Host-to-Device]
14958488485,4960,279514,,,,,,,,,,1.547,311817.958,Device,,NVIDIA A100-SXM4-40GB MIG 4g.20gb (0),1,,13,[CUDA memset]
14958498757,3296,279519,,,,,,,,,,0.031,9495.144,Pinned,Device,NVIDIA A100-SXM4-40GB MIG 4g.20gb (0),1,,13,[CUDA memcpy Host-to-Device]
14958504869,13407,279520,,,,,,,,,,0.197,14664.401,Pinned,Device,NVIDIA A100-SXM4-40GB MIG 4g.20gb (0),1,,13,[CUDA memcpy Host-to-Device]
14958868160,16256,279521,273,1,1,8,4,1,39,0.002,0.000,,,,,NVIDIA A100-SXM4-40GB MIG 4g.20gb (0),1,,13,"void channel_eq::eqMmseCoefCompLowMimoKernel<float, float, float, (unsigned int)4, (unsigned int)1, (unsigned int)4>(const channel_eq::_puschRxChEqStatDescr *, channel_eq::_puschRxChEqCoefCompDynDescr)"
14959270076,11488,279522,273,1,1,12,11,1,51,0.002,0.000,,,,,NVIDIA A100-SXM4-40GB MIG 4g.20gb (0),1,,13,"void channel_eq::eqMmseSoftDemapKernel<float, __half, __half, float, (unsigned int)4, (unsigned short)16383>(channel_eq::_puschRxChEqStatDescr *, channel_eq::_puschRxChEqSoftDemapDynDescr)"
14959646584,673880,279523,1,1,1,32,32,1,30,0.000,0.000,,,,,NVIDIA A100-SXM4-40GB MIG 4g.20gb (0),1,,13,"void convert_kernel<float2, __half2>(tensor_layout_any, T1 *, tensor_layout_any, const T2 *)"
14960618093,17472,279535,2253,1,1,128,1,1,16,0.000,0.000,,,,,NVIDIA A100-SXM4-40GB MIG 4g.20gb (0),1,,13,cupy_copy__float16_float16
14961028104,5664,279544,282,1,1,128,1,1,16,0.000,0.000,,,,,NVIDIA A100-SXM4-40GB MIG 4g.20gb (0),1,,13,cupy_copy__complex64_complex64
14961398340,7360,279553,26,1,1,128,1,1,16,0.000,0.000,,,,,NVIDIA A100-SXM4-40GB MIG 4g.20gb (0),1,,13,cupy_copy__float32_float32
14961693313,7104,279562,103,1,1,128,1,1,16,0.000,0.000,,,,,NVIDIA A100-SXM4-40GB MIG 4g.20gb (0),1,,13,cupy_copy__complex64_complex64
14962041469,17343,279572,1434,1,1,128,1,1,16,0.000,0.000,,,,,NVIDIA A100-SXM4-40GB MIG 4g.20gb (0),1,,13,cupy_copy__complex64_complex64
14962434712,256925,279577,1,1,1,32,32,1,30,0.000,0.000,,,,,NVIDIA A100-SXM4-40GB MIG 4g.20gb (0),1,,13,"void convert_kernel<__half2, float2>(tensor_layout_any, T1 *, tensor_layout_any, const T2 *)"
14962721397,9760,279580,,,,,,,,,,0.094,9599.998,Pinned,Device,NVIDIA A100-SXM4-40GB MIG 4g.20gb (0),1,,13,[CUDA memcpy Host-to-Device]
14963081041,619417,279581,,,,,,,,,,456.561,736890.164,Device,,NVIDIA A100-SXM4-40GB MIG 4g.20gb (0),1,,13,[CUDA memset]
14963706538,64223,279586,,,,,,,,,,1.235,19228.078,Pinned,Device,NVIDIA A100-SXM4-40GB MIG 4g.20gb (0),1,,13,[CUDA memcpy Host-to-Device]
14963773673,17024,279587,,,,,,,,,,0.197,11548.754,Pinned,Device,NVIDIA A100-SXM4-40GB MIG 4g.20gb (0),1,,13,[CUDA memcpy Host-to-Device]
14964115333,19936,279588,69,4,1,48,1,1,76,0.002,0.000,,,,,NVIDIA A100-SXM4-40GB MIG 4g.20gb (0),1,,13,"void ch_est::windowedChEstPreNoDftSOfdmKernel<float, __half, float, (unsigned int)2, (unsigned int)1, (unsigned short)4>(ch_est::puschRxChEstStatDescr_t *, ch_est::puschRxChEstDynDescr_t *)"
14964456161,10688,279589,137,2,1,24,2,1,44,0.001,0.001,,,,,NVIDIA A100-SXM4-40GB MIG 4g.20gb (0),1,,13,"void ch_est::chEstFilterNoDftSOfdmDispatchKernel<float, __half, float, (unsigned int)2>(ch_est::puschRxChEstStatDescr_t *, ch_est::puschRxChEstDynDescr_t *)"
14964840829,12640,279590,137,2,1,24,2,1,44,0.001,0.001,,,,,NVIDIA A100-SXM4-40GB MIG 4g.20gb (0),1,,13,"void ch_est::chEstFilterNoDftSOfdmDispatchKernel<float, __half, float, (unsigned int)2>(ch_est::puschRxChEstStatDescr_t *, ch_est::puschRxChEstDynDescr_t *)"
14965238425,6080,279601,103,1,1,128,1,1,16,0.000,0.000,,,,,NVIDIA A100-SXM4-40GB MIG 4g.20gb (0),1,,13,cupy_copy__complex64_complex64
14965616500,18752,279611,1434,1,1,128,1,1,16,0.000,0.000,,,,,NVIDIA A100-SXM4-40GB MIG 4g.20gb (0),1,,13,cupy_copy__complex64_complex64
14965921873,5312,279618,103,1,1,128,1,1,16,0.000,0.000,,,,,NVIDIA A100-SXM4-40GB MIG 4g.20gb (0),1,,13,cupy_copy__complex64_complex64
14966173902,249693,279625,1,1,1,32,32,1,30,0.000,0.000,,,,,NVIDIA A100-SXM4-40GB MIG 4g.20gb (0),1,,13,"void convert_kernel<__half2, float2>(tensor_layout_any, T1 *, tensor_layout_any, const T2 *)"
14966472235,9280,279628,,,,,,,,,,0.094,10096.494,Pinned,Device,NVIDIA A100-SXM4-40GB MIG 4g.20gb (0),1,,13,[CUDA memcpy Host-to-Device]
14966744072,58591,279629,,,,,,,,,,35.810,611167.905,Device,,NVIDIA A100-SXM4-40GB MIG 4g.20gb (0),1,,13,[CUDA memset]
14966806183,5216,279631,,,,,,,,,,0.000,15.337,Pinned,Device,NVIDIA A100-SXM4-40GB MIG 4g.20gb (0),1,,13,[CUDA memcpy Host-to-Device]
14966814279,19392,279632,,,,,,,,,,0.197,10138.485,Pinned,Device,NVIDIA A100-SXM4-40GB MIG 4g.20gb (0),1,,13,[CUDA memcpy Host-to-Device]
14967099428,27295,279633,273,1,1,48,1,1,40,0.000,0.001,,,,,NVIDIA A100-SXM4-40GB MIG 4g.20gb (0),1,,13,"void pusch_noise_intf_est::noiseIntfEstNoDftSOfdmKernel<float, __half, float, float, (unsigned int)2, (unsigned int)1, (unsigned char)4, (unsigned char)4>(pusch_noise_intf_est::puschRxNoiseIntfEstDynDescr)"
14967322881,4416,279644,35,1,1,128,1,1,16,0.000,0.000,,,,,NVIDIA A100-SXM4-40GB MIG 4g.20gb (0),1,,13,cupy_copy__complex64_complex64
14967548927,3104,279653,1,1,1,1,1,1,18,0.000,0.000,,,,,NVIDIA A100-SXM4-40GB MIG 4g.20gb (0),1,,13,cupy_copy__float32_float32
14967560126,1984,279659,,,,,,,,,,0.000,2.016,Device,Pageable,NVIDIA A100-SXM4-40GB MIG 4g.20gb (0),1,,7,[CUDA memcpy Device-to-Host]
14967860827,18240,279670,1434,1,1,128,1,1,16,0.000,0.000,,,,,NVIDIA A100-SXM4-40GB MIG 4g.20gb (0),1,,13,cupy_copy__complex64_complex64
14968065081,8672,279677,103,1,1,128,1,1,16,0.000,0.000,,,,,NVIDIA A100-SXM4-40GB MIG 4g.20gb (0),1,,13,cupy_copy__complex64_complex64
14968325110,13280,279684,35,1,1,128,1,1,16,0.000,0.000,,,,,NVIDIA A100-SXM4-40GB MIG 4g.20gb (0),1,,13,cupy_copy__complex64_complex64
14968555283,4544,279691,1,1,1,1,1,1,18,0.000,0.000,,,,,NVIDIA A100-SXM4-40GB MIG 4g.20gb (0),1,,13,cupy_copy__float32_float32
14968796401,248733,279702,1,1,1,32,32,1,30,0.000,0.000,,,,,NVIDIA A100-SXM4-40GB MIG 4g.20gb (0),1,,13,"void convert_kernel<__half2, float2>(tensor_layout_any, T1 *, tensor_layout_any, const T2 *)"
14969076301,5952,279705,,,,,,,,,,0.094,15741.865,Pinned,Device,NVIDIA A100-SXM4-40GB MIG 4g.20gb (0),1,,13,[CUDA memcpy Host-to-Device]
14969354282,11616,279706,,,,,,,,,,1.547,133145.767,Device,,NVIDIA A100-SXM4-40GB MIG 4g.20gb (0),1,,13,[CUDA memset]
14969368458,4928,279711,,,,,,,,,,0.031,6350.647,Pinned,Device,NVIDIA A100-SXM4-40GB MIG 4g.20gb (0),1,,13,[CUDA memcpy Host-to-Device]
14969376810,10816,279712,,,,,,,,,,0.197,18177.393,Pinned,Device,NVIDIA A100-SXM4-40GB MIG 4g.20gb (0),1,,13,[CUDA memcpy Host-to-Device]
14969647879,20192,279713,273,1,1,8,4,1,39,0.002,0.000,,,,,NVIDIA A100-SXM4-40GB MIG 4g.20gb (0),1,,13,"void channel_eq::eqMmseCoefCompLowMimoKernel<float, float, float, (unsigned int)4, (unsigned int)1, (unsigned int)4>(const channel_eq::_puschRxChEqStatDescr *, channel_eq::_puschRxChEqCoefCompDynDescr)"
14969968195,9312,279714,273,1,1,12,11,1,51,0.002,0.000,,,,,NVIDIA A100-SXM4-40GB MIG 4g.20gb (0),1,,13,"void channel_eq::eqMmseSoftDemapKernel<float, __half, __half, float, (unsigned int)4, (unsigned short)16383>(channel_eq::_puschRxChEqStatDescr *, channel_eq::_puschRxChEqSoftDemapDynDescr)"
14970275904,679896,279715,1,1,1,32,32,1,30,0.000,0.000,,,,,NVIDIA A100-SXM4-40GB MIG 4g.20gb (0),1,,13,"void convert_kernel<float2, __half2>(tensor_layout_any, T1 *, tensor_layout_any, const T2 *)"
14971151446,12160,279727,2253,1,1,128,1,1,16,0.000,0.000,,,,,NVIDIA A100-SXM4-40GB MIG 4g.20gb (0),1,,13,cupy_copy__float16_float16
14971466482,4576,279736,282,1,1,128,1,1,16,0.000,0.000,,,,,NVIDIA A100-SXM4-40GB MIG 4g.20gb (0),1,,13,cupy_copy__complex64_complex64
14971769231,8704,279745,26,1,1,128,1,1,16,0.000,0.000,,,,,NVIDIA A100-SXM4-40GB MIG 4g.20gb (0),1,,13,cupy_copy__float32_float32
14972050636,11648,279754,103,1,1,128,1,1,16,0.000,0.000,,,,,NVIDIA A100-SXM4-40GB MIG 4g.20gb (0),1,,13,cupy_copy__complex64_complex64
14972373768,22080,279764,1434,1,1,128,1,1,16,0.000,0.000,,,,,NVIDIA A100-SXM4-40GB MIG 4g.20gb (0),1,,13,cupy_copy__complex64_complex64
14972624709,254782,279769,1,1,1,32,32,1,30,0.000,0.000,,,,,NVIDIA A100-SXM4-40GB MIG 4g.20gb (0),1,,13,"void convert_kernel<__half2, float2>(tensor_layout_any, T1 *, tensor_layout_any, const T2 *)"
14972910722,5504,279772,,,,,,,,,,0.094,17023.251,Pinned,Device,NVIDIA A100-SXM4-40GB MIG 4g.20gb (0),1,,13,[CUDA memcpy Host-to-Device]
14973100416,620857,279773,,,,,,,,,,456.561,735063.918,Device,,NVIDIA A100-SXM4-40GB MIG 4g.20gb (0),1,,13,[CUDA memset]
14973726553,59903,279778,,,,,,,,,,1.235,20614.920,Pinned,Device,NVIDIA A100-SXM4-40GB MIG 4g.20gb (0),1,,13,[CUDA memcpy Host-to-Device]
14973789496,10720,279779,,,,,,,,,,0.197,18340.184,Pinned,Device,NVIDIA A100-SXM4-40GB MIG 4g.20gb (0),1,,13,[CUDA memcpy Host-to-Device]
14974018198,14336,279780,69,4,1,48,1,1,76,0.002,0.000,,,,,NVIDIA A100-SXM4-40GB MIG 4g.20gb (0),1,,13,"void ch_est::windowedChEstPreNoDftSOfdmKernel<float, __half, float, (unsigned int)2, (unsigned int)1, (unsigned short)4>(ch_est::puschRxChEstStatDescr_t *, ch_est::puschRxChEstDynDescr_t *)"
14974224435,22240,279781,137,2,1,24,2,1,44,0.001,0.001,,,,,NVIDIA A100-SXM4-40GB MIG 4g.20gb (0),1,,13,"void ch_est::chEstFilterNoDftSOfdmDispatchKernel<float, __half, float, (unsigned int)2>(ch_est::puschRxChEstStatDescr_t *, ch_est::puschRxChEstDynDescr_t *)"
14974482384,23936,279782,137,2,1,24,2,1,44,0.001,0.001,,,,,NVIDIA A100-SXM4-40GB MIG 4g.20gb (0),1,,13,"void ch_est::chEstFilterNoDftSOfdmDispatchKernel<float, __half, float, (unsigned int)2>(ch_est::puschRxChEstStatDescr_t *, ch_est::puschRxChEstDynDescr_t *)"
14974780045,10400,279793,103,1,1,128,1,1,16,0.000,0.000,,,,,NVIDIA A100-SXM4-40GB MIG 4g.20gb (0),1,,13,cupy_copy__complex64_complex64
14975007819,23423,279803,1434,1,1,128,1,1,16,0.000,0.000,,,,,NVIDIA A100-SXM4-40GB MIG 4g.20gb (0),1,,13,cupy_copy__complex64_complex64
14975226568,3872,279810,103,1,1,128,1,1,16,0.000,0.000,,,,,NVIDIA A100-SXM4-40GB MIG 4g.20gb (0),1,,13,cupy_copy__complex64_complex64
14975432006,247261,279817,1,1,1,32,32,1,30,0.000,0.000,,,,,NVIDIA A100-SXM4-40GB MIG 4g.20gb (0),1,,13,"void convert_kernel<__half2, float2>(tensor_layout_any, T1 *, tensor_layout_any, const T2 *)"
14975708131,12736,279820,,,,,,,,,,0.094,7356.729,Pinned,Device,NVIDIA A100-SXM4-40GB MIG 4g.20gb (0),1,,13,[CUDA memcpy Host-to-Device]
14975976224,58463,279821,,,,,,,,,,35.810,612492.872,Device,,NVIDIA A100-SXM4-40GB MIG 4g.20gb (0),1,,13,[CUDA memset]
14976042815,2176,279823,,,,,,,,,,0.000,36.765,Pinned,Device,NVIDIA A100-SXM4-40GB MIG 4g.20gb (0),1,,13,[CUDA memcpy Host-to-Device]
14976047679,9760,279824,,,,,,,,,,0.197,20144.259,Pinned,Device,NVIDIA A100-SXM4-40GB MIG 4g.20gb (0),1,,13,[CUDA memcpy Host-to-Device]
14976328508,28575,279825,273,1,1,48,1,1,40,0.000,0.001,,,,,NVIDIA A100-SXM4-40GB MIG 4g.20gb (0),1,,13,"void pusch_noise_intf_est::noiseIntfEstNoDftSOfdmKernel<float, __half, float, float, (unsigned int)2, (unsigned int)1, (unsigned char)4, (unsigned char)4>(pusch_noise_intf_est::puschRxNoiseIntfEstDynDescr)"
14976620760,11552,279836,35,1,1,128,1,1,16,0.000,0.000,,,,,NVIDIA A100-SXM4-40GB MIG 4g.20gb (0),1,,13,cupy_copy__complex64_complex64
14976843734,4384,279845,1,1,1,1,1,1,18,0.000,0.000,,,,,NVIDIA A100-SXM4-40GB MIG 4g.20gb (0),1,,13,cupy_copy__float32_float32
14976851766,4832,279851,,,,,,,,,,0.000,0.828,Device,Pageable,NVIDIA A100-SXM4-40GB MIG 4g.20gb (0),1,,7,[CUDA memcpy Device-to-Host]
14977143315,24607,279862,1434,1,1,128,1,1,16,0.000,0.000,,,,,NVIDIA A100-SXM4-40GB MIG 4g.20gb (0),1,,13,cupy_copy__complex64_complex64
14977371184,3936,279869,103,1,1,128,1,1,16,0.000,0.000,,,,,NVIDIA A100-SXM4-40GB MIG 4g.20gb (0),1,,13,cupy_copy__complex64_complex64
14977581550,12927,279876,35,1,1,128,1,1,16,0.000,0.000,,,,,NVIDIA A100-SXM4-40GB MIG 4g.20gb (0),1,,13,cupy_copy__complex64_complex64
14977850155,4543,279883,1,1,1,1,1,1,18,0.000,0.000,,,,,NVIDIA A100-SXM4-40GB MIG 4g.20gb (0),1,,13,cupy_copy__float32_float32
14978089480,251613,279894,1,1,1,32,32,1,30,0.000,0.000,,,,,NVIDIA A100-SXM4-40GB MIG 4g.20gb (0),1,,13,"void convert_kernel<__half2, float2>(tensor_layout_any, T1 *, tensor_layout_any, const T2 *)"
14978370533,6304,279897,,,,,,,,,,0.094,14862.903,Pinned,Device,NVIDIA A100-SXM4-40GB MIG 4g.20gb (0),1,,13,[CUDA memcpy Host-to-Device]
14978547043,11488,279898,,,,,,,,,,1.547,134628.979,Device,,NVIDIA A100-SXM4-40GB MIG 4g.20gb (0),1,,13,[CUDA memset]
14978566946,3104,279903,,,,,,,,,,0.031,10082.445,Pinned,Device,NVIDIA A100-SXM4-40GB MIG 4g.20gb (0),1,,13,[CUDA memcpy Host-to-Device]
14978572546,12352,279904,,,,,,,,,,0.197,15916.990,Pinned,Device,NVIDIA A100-SXM4-40GB MIG 4g.20gb (0),1,,13,[CUDA memcpy Host-to-Device]
14978836095,29504,279905,273,1,1,8,4,1,39,0.002,0.000,,,,,NVIDIA A100-SXM4-40GB MIG 4g.20gb (0),1,,13,"void channel_eq::eqMmseCoefCompLowMimoKernel<float, float, float, (unsigned int)4, (unsigned int)1, (unsigned int)4>(const channel_eq::_puschRxChEqStatDescr *, channel_eq::_puschRxChEqCoefCompDynDescr)"
14979183324,28959,279906,273,1,1,12,11,1,51,0.002,0.000,,,,,NVIDIA A100-SXM4-40GB MIG 4g.20gb (0),1,,13,"void channel_eq::eqMmseSoftDemapKernel<float, __half, __half, float, (unsigned int)4, (unsigned short)16383>(channel_eq::_puschRxChEqStatDescr *, channel_eq::_puschRxChEqSoftDemapDynDescr)"
14979490456,659641,279907,1,1,1,32,32,1,30,0.000,0.000,,,,,NVIDIA A100-SXM4-40GB MIG 4g.20gb (0),1,,13,"void convert_kernel<float2, __half2>(tensor_layout_any, T1 *, tensor_layout_any, const T2 *)"
14980366702,16288,279919,2253,1,1,128,1,1,16,0.000,0.000,,,,,NVIDIA A100-SXM4-40GB MIG 4g.20gb (0),1,,13,cupy_copy__float16_float16
14980666699,8320,279928,282,1,1,128,1,1,16,0.000,0.000,,,,,NVIDIA A100-SXM4-40GB MIG 4g.20gb (0),1,,13,cupy_copy__complex64_complex64
14980936360,10144,279937,26,1,1,128,1,1,16,0.000,0.000,,,,,NVIDIA A100-SXM4-40GB MIG 4g.20gb (0),1,,13,cupy_copy__float32_float32
14981172037,5408,279946,103,1,1,128,1,1,16,0.000,0.000,,,,,NVIDIA A100-SXM4-40GB MIG 4g.20gb (0),1,,13,cupy_copy__complex64_complex64
14981419362,20064,279956,1434,1,1,128,1,1,16,0.000,0.000,,,,,NVIDIA A100-SXM4-40GB MIG 4g.20gb (0),1,,13,cupy_copy__complex64_complex64
14981654560,244061,279961,1,1,1,32,32,1,30,0.000,0.000,,,,,NVIDIA A100-SXM4-40GB MIG 4g.20gb (0),1,,13,"void convert_kernel<__half2, float2>(tensor_layout_any, T1 *, tensor_layout_any, const T2 *)"
14981931357,13183,279964,,,,,,,,,,0.094,7107.310,Pinned,Device,NVIDIA A100-SXM4-40GB MIG 4g.20gb (0),1,,13,[CUDA memcpy Host-to-Device]
14982233209,610457,279965,,,,,,,,,,456.561,747847.639,Device,,NVIDIA A100-SXM4-40GB MIG 4g.20gb (0),1,,13,[CUDA memset]
14982845458,67392,279970,,,,,,,,,,1.235,18324.099,Pinned,Device,NVIDIA A100-SXM4-40GB MIG 4g.20gb (0),1,,13,[CUDA memcpy Host-to-Device]
14982915313,9952,279971,,,,,,,,,,0.197,19755.565,Pinned,Device,NVIDIA A100-SXM4-40GB MIG 4g.20gb (0),1,,13,[CUDA memcpy Host-to-Device]
14983175951,10943,279972,69,4,1,48,1,1,76,0.002,0.000,,,,,NVIDIA A100-SXM4-40GB MIG 4g.20gb (0),1,,13,"void ch_est::windowedChEstPreNoDftSOfdmKernel<float, __half, float, (unsigned int)2, (unsigned int)1, (unsigned short)4>(ch_est::puschRxChEstStatDescr_t *, ch_est::puschRxChEstDynDescr_t *)"
14983499499,8032,279973,137,2,1,24,2,1,44,0.001,0.001,,,,,NVIDIA A100-SXM4-40GB MIG 4g.20gb (0),1,,13,"void ch_est::chEstFilterNoDftSOfdmDispatchKernel<float, __half, float, (unsigned int)2>(ch_est::puschRxChEstStatDescr_t *, ch_est::puschRxChEstDynDescr_t *)"
14983788200,29983,279974,137,2,1,24,2,1,44,0.001,0.001,,,,,NVIDIA A100-SXM4-40GB MIG 4g.20gb (0),1,,13,"void ch_est::chEstFilterNoDftSOfdmDispatchKernel<float, __half, float, (unsigned int)2>(ch_est::puschRxChEstStatDescr_t *, ch_est::puschRxChEstDynDescr_t *)"
14984080900,6944,279985,103,1,1,128,1,1,16,0.000,0.000,,,,,NVIDIA A100-SXM4-40GB MIG 4g.20gb (0),1,,13,cupy_copy__complex64_complex64
14984334529,19296,279995,1434,1,1,128,1,1,16,0.000,0.000,,,,,NVIDIA A100-SXM4-40GB MIG 4g.20gb (0),1,,13,cupy_copy__complex64_complex64
14984572255,4512,280002,103,1,1,128,1,1,16,0.000,0.000,,,,,NVIDIA A100-SXM4-40GB MIG 4g.20gb (0),1,,13,cupy_copy__complex64_complex64
14984786204,220830,280009,1,1,1,32,32,1,30,0.000,0.000,,,,,NVIDIA A100-SXM4-40GB MIG 4g.20gb (0),1,,13,"void convert_kernel<__half2, float2>(tensor_layout_any, T1 *, tensor_layout_any, const T2 *)"
14985037082,5440,280012,,,,,,,,,,0.094,17223.480,Pinned,Device,NVIDIA A100-SXM4-40GB MIG 4g.20gb (0),1,,13,[CUDA memcpy Host-to-Device]
14985285847,55903,280013,,,,,,,,,,35.810,640567.849,Device,,NVIDIA A100-SXM4-40GB MIG 4g.20gb (0),1,,13,[CUDA memset]
14985347798,2112,280015,,,,,,,,,,0.000,37.879,Pinned,Device,NVIDIA A100-SXM4-40GB MIG 4g.20gb (0),1,,13,[CUDA memcpy Host-to-Device]
14985352438,12608,280016,,,,,,,,,,0.197,15593.767,Pinned,Device,NVIDIA A100-SXM4-40GB MIG 4g.20gb (0),1,,13,[CUDA memcpy Host-to-Device]
14985632243,28896,280017,273,1,1,48,1,1,40,0.000,0.001,,,,,NVIDIA A100-SXM4-40GB MIG 4g.20gb (0),1,,13,"void pusch_noise_intf_est::noiseIntfEstNoDftSOfdmKernel<float, __half, float, float, (unsigned int)2, (unsigned int)1, (unsigned char)4, (unsigned char)4>(pusch_noise_intf_est::puschRxNoiseIntfEstDynDescr)"
14985924528,11103,280028,35,1,1,128,1,1,16,0.000,0.000,,,,,NVIDIA A100-SXM4-40GB MIG 4g.20gb (0),1,,13,cupy_copy__complex64_complex64
14986187245,4320,280037,1,1,1,1,1,1,18,0.000,0.000,,,,,NVIDIA A100-SXM4-40GB MIG 4g.20gb (0),1,,13,cupy_copy__float32_float32
14986193357,1696,280043,,,,,,,,,,0.000,2.358,Device,Pageable,NVIDIA A100-SXM4-40GB MIG 4g.20gb (0),1,,7,[CUDA memcpy Device-to-Host]
14986492521,19808,280054,1434,1,1,128,1,1,16,0.000,0.000,,,,,NVIDIA A100-SXM4-40GB MIG 4g.20gb (0),1,,13,cupy_copy__complex64_complex64
14986743174,4224,280061,103,1,1,128,1,1,16,0.000,0.000,,,,,NVIDIA A100-SXM4-40GB MIG 4g.20gb (0),1,,13,cupy_copy__complex64_complex64
14986959012,3808,280068,35,1,1,128,1,1,16,0.000,0.000,,,,,NVIDIA A100-SXM4-40GB MIG 4g.20gb (0),1,,13,cupy_copy__complex64_complex64
14987211137,3328,280075,1,1,1,1,1,1,18,0.000,0.000,,,,,NVIDIA A100-SXM4-40GB MIG 4g.20gb (0),1,,13,cupy_copy__float32_float32
14987474750,243517,280086,1,1,1,32,32,1,30,0.000,0.000,,,,,NVIDIA A100-SXM4-40GB MIG 4g.20gb (0),1,,13,"void convert_kernel<__half2, float2>(tensor_layout_any, T1 *, tensor_layout_any, const T2 *)"
14987748347,7264,280089,,,,,,,,,,0.094,12898.660,Pinned,Device,NVIDIA A100-SXM4-40GB MIG 4g.20gb (0),1,,13,[CUDA memcpy Host-to-Device]
14987993624,4352,280090,,,,,,,,,,1.547,355381.716,Device,,NVIDIA A100-SXM4-40GB MIG 4g.20gb (0),1,,13,[CUDA memset]
14987999384,3296,280095,,,,,,,,,,0.031,9495.144,Pinned,Device,NVIDIA A100-SXM4-40GB MIG 4g.20gb (0),1,,13,[CUDA memcpy Host-to-Device]
14988005784,12320,280096,,,,,,,,,,0.197,15958.278,Pinned,Device,NVIDIA A100-SXM4-40GB MIG 4g.20gb (0),1,,13,[CUDA memcpy Host-to-Device]
14988205558,25888,280097,273,1,1,8,4,1,39,0.002,0.000,,,,,NVIDIA A100-SXM4-40GB MIG 4g.20gb (0),1,,13,"void channel_eq::eqMmseCoefCompLowMimoKernel<float, float, float, (unsigned int)4, (unsigned int)1, (unsigned int)4>(const channel_eq::_puschRxChEqStatDescr *, channel_eq::_puschRxChEqCoefCompDynDescr)"
14988431795,28544,280098,273,1,1,12,11,1,51,0.002,0.000,,,,,NVIDIA A100-SXM4-40GB MIG 4g.20gb (0),1,,13,"void channel_eq::eqMmseSoftDemapKernel<float, __half, __half, float, (unsigned int)4, (unsigned short)16383>(channel_eq::_puschRxChEqStatDescr *, channel_eq::_puschRxChEqSoftDemapDynDescr)"
14988701136,667033,280099,1,1,1,32,32,1,30,0.000,0.000,,,,,NVIDIA A100-SXM4-40GB MIG 4g.20gb (0),1,,13,"void convert_kernel<float2, __half2>(tensor_layout_any, T1 *, tensor_layout_any, const T2 *)"
14989643398,13632,280111,2253,1,1,128,1,1,16,0.000,0.000,,,,,NVIDIA A100-SXM4-40GB MIG 4g.20gb (0),1,,13,cupy_copy__float16_float16
14989963138,6528,280120,282,1,1,128,1,1,16,0.000,0.000,,,,,NVIDIA A100-SXM4-40GB MIG 4g.20gb (0),1,,13,cupy_copy__complex64_complex64
14990243327,7296,280129,26,1,1,128,1,1,16,0.000,0.000,,,,,NVIDIA A100-SXM4-40GB MIG 4g.20gb (0),1,,13,cupy_copy__float32_float32
14990507548,14368,280138,103,1,1,128,1,1,16,0.000,0.000,,,,,NVIDIA A100-SXM4-40GB MIG 4g.20gb (0),1,,13,cupy_copy__complex64_complex64
14990797465,22687,280148,1434,1,1,128,1,1,16,0.000,0.000,,,,,NVIDIA A100-SXM4-40GB MIG 4g.20gb (0),1,,13,cupy_copy__complex64_complex64
14991026742,229245,280153,1,1,1,32,32,1,30,0.000,0.000,,,,,NVIDIA A100-SXM4-40GB MIG 4g.20gb (0),1,,13,"void convert_kernel<__half2, float2>(tensor_layout_any, T1 *, tensor_layout_any, const T2 *)"
14991285555,5472,280156,,,,,,,,,,0.094,17122.757,Pinned,Device,NVIDIA A100-SXM4-40GB MIG 4g.20gb (0),1,,13,[CUDA memcpy Host-to-Device]
14991523504,610682,280157,,,,,,,,,,456.561,747391.077,Device,,NVIDIA A100-SXM4-40GB MIG 4g.20gb (0),1,,13,[CUDA memset]
14992139914,61791,280162,,,,,,,,,,1.235,19985.099,Pinned,Device,NVIDIA A100-SXM4-40GB MIG 4g.20gb (0),1,,13,[CUDA memcpy Host-to-Device]
14992204361,9696,280163,,,,,,,,,,0.197,20277.166,Pinned,Device,NVIDIA A100-SXM4-40GB MIG 4g.20gb (0),1,,13,[CUDA memcpy Host-to-Device]
14992433030,10880,280164,69,4,1,48,1,1,76,0.002,0.000,,,,,NVIDIA A100-SXM4-40GB MIG 4g.20gb (0),1,,13,"void ch_est::windowedChEstPreNoDftSOfdmKernel<float, __half, float, (unsigned int)2, (unsigned int)1, (unsigned short)4>(ch_est::puschRxChEstStatDescr_t *, ch_est::puschRxChEstDynDescr_t *)"
14992754115,9312,280165,137,2,1,24,2,1,44,0.001,0.001,,,,,NVIDIA A100-SXM4-40GB MIG 4g.20gb (0),1,,13,"void ch_est::chEstFilterNoDftSOfdmDispatchKernel<float, __half, float, (unsigned int)2>(ch_est::puschRxChEstStatDescr_t *, ch_est::puschRxChEstDynDescr_t *)"
14993049407,20288,280166,137,2,1,24,2,1,44,0.001,0.001,,,,,NVIDIA A100-SXM4-40GB MIG 4g.20gb (0),1,,13,"void ch_est::chEstFilterNoDftSOfdmDispatchKernel<float, __half, float, (unsigned int)2>(ch_est::puschRxChEstStatDescr_t *, ch_est::puschRxChEstDynDescr_t *)"
14993323452,12160,280177,103,1,1,128,1,1,16,0.000,0.000,,,,,NVIDIA A100-SXM4-40GB MIG 4g.20gb (0),1,,13,cupy_copy__complex64_complex64
14993572601,22592,280187,1434,1,1,128,1,1,16,0.000,0.000,,,,,NVIDIA A100-SXM4-40GB MIG 4g.20gb (0),1,,13,cupy_copy__complex64_complex64
14993807479,4064,280194,103,1,1,128,1,1,16,0.000,0.000,,,,,NVIDIA A100-SXM4-40GB MIG 4g.20gb (0),1,,13,cupy_copy__complex64_complex64
14994034900,256317,280201,1,1,1,32,32,1,30,0.000,0.000,,,,,NVIDIA A100-SXM4-40GB MIG 4g.20gb (0),1,,13,"void convert_kernel<__half2, float2>(tensor_layout_any, T1 *, tensor_layout_any, const T2 *)"
14994321585,13184,280204,,,,,,,,,,0.094,7106.748,Pinned,Device,NVIDIA A100-SXM4-40GB MIG 4g.20gb (0),1,,13,[CUDA memcpy Host-to-Device]
14994622318,55071,280205,,,,,,,,,,35.810,650236.527,Device,,NVIDIA A100-SXM4-40GB MIG 4g.20gb (0),1,,13,[CUDA memset]
14994684525,7072,280207,,,,,,,,,,0.000,11.312,Pinned,Device,NVIDIA A100-SXM4-40GB MIG 4g.20gb (0),1,,13,[CUDA memcpy Host-to-Device]
14994695309,12480,280208,,,,,,,,,,0.197,15753.806,Pinned,Device,NVIDIA A100-SXM4-40GB MIG 4g.20gb (0),1,,13,[CUDA memcpy Host-to-Device]
14995012841,16000,280209,273,1,1,48,1,1,40,0.000,0.001,,,,,NVIDIA A100-SXM4-40GB MIG 4g.20gb (0),1,,13,"void pusch_noise_intf_est::noiseIntfEstNoDftSOfdmKernel<float, __half, float, float, (unsigned int)2, (unsigned int)1, (unsigned char)4, (unsigned char)4>(pusch_noise_intf_est::puschRxNoiseIntfEstDynDescr)"
14995322278,7552,280220,35,1,1,128,1,1,16,0.000,0.000,,,,,NVIDIA A100-SXM4-40GB MIG 4g.20gb (0),1,,13,cupy_copy__complex64_complex64
14995627458,4896,280229,1,1,1,1,1,1,18,0.000,0.000,,,,,NVIDIA A100-SXM4-40GB MIG 4g.20gb (0),1,,13,cupy_copy__float32_float32
14995639906,5120,280235,,,,,,,,,,0.000,0.781,Device,Pageable,NVIDIA A100-SXM4-40GB MIG 4g.20gb (0),1,,7,[CUDA memcpy Device-to-Host]
14995938623,18464,280246,1434,1,1,128,1,1,16,0.000,0.000,,,,,NVIDIA A100-SXM4-40GB MIG 4g.20gb (0),1,,13,cupy_copy__complex64_complex64
14996197628,9952,280253,103,1,1,128,1,1,16,0.000,0.000,,,,,NVIDIA A100-SXM4-40GB MIG 4g.20gb (0),1,,13,cupy_copy__complex64_complex64
14996430617,4544,280260,35,1,1,128,1,1,16,0.000,0.000,,,,,NVIDIA A100-SXM4-40GB MIG 4g.20gb (0),1,,13,cupy_copy__complex64_complex64
14996675670,3328,280267,1,1,1,1,1,1,18,0.000,0.000,,,,,NVIDIA A100-SXM4-40GB MIG 4g.20gb (0),1,,13,cupy_copy__float32_float32
14996882676,254973,280278,1,1,1,32,32,1,30,0.000,0.000,,,,,NVIDIA A100-SXM4-40GB MIG 4g.20gb (0),1,,13,"void convert_kernel<__half2, float2>(tensor_layout_any, T1 *, tensor_layout_any, const T2 *)"
14997171537,12800,280281,,,,,,,,,,0.094,7320.000,Pinned,Device,NVIDIA A100-SXM4-40GB MIG 4g.20gb (0),1,,13,[CUDA memcpy Host-to-Device]
14997474157,7104,280282,,,,,,,,,,1.547,217710.527,Device,,NVIDIA A100-SXM4-40GB MIG 4g.20gb (0),1,,13,[CUDA memset]
14997484237,7424,280287,,,,,,,,,,0.031,4215.509,Pinned,Device,NVIDIA A100-SXM4-40GB MIG 4g.20gb (0),1,,13,[CUDA memcpy Host-to-Device]
14997496013,15168,280288,,,,,,,,,,0.197,12961.972,Pinned,Device,NVIDIA A100-SXM4-40GB MIG 4g.20gb (0),1,,13,[CUDA memcpy Host-to-Device]
14997773578,28480,280289,273,1,1,8,4,1,39,0.002,0.000,,,,,NVIDIA A100-SXM4-40GB MIG 4g.20gb (0),1,,13,"void channel_eq::eqMmseCoefCompLowMimoKernel<float, float, float, (unsigned int)4, (unsigned int)1, (unsigned int)4>(const channel_eq::_puschRxChEqStatDescr *, channel_eq::_puschRxChEqCoefCompDynDescr)"
14998085095,29727,280290,273,1,1,12,11,1,51,0.002,0.000,,,,,NVIDIA A100-SXM4-40GB MIG 4g.20gb (0),1,,13,"void channel_eq::eqMmseSoftDemapKernel<float, __half, __half, float, (unsigned int)4, (unsigned short)16383>(channel_eq::_puschRxChEqStatDescr *, channel_eq::_puschRxChEqSoftDemapDynDescr)"
14998409763,679000,280291,1,1,1,32,32,1,30,0.000,0.000,,,,,NVIDIA A100-SXM4-40GB MIG 4g.20gb (0),1,,13,"void convert_kernel<float2, __half2>(tensor_layout_any, T1 *, tensor_layout_any, const T2 *)"
14999261081,16352,280303,2253,1,1,128,1,1,16,0.000,0.000,,,,,NVIDIA A100-SXM4-40GB MIG 4g.20gb (0),1,,13,cupy_copy__float16_float16
14999520406,13376,280312,282,1,1,128,1,1,16,0.000,0.000,,,,,NVIDIA A100-SXM4-40GB MIG 4g.20gb (0),1,,13,cupy_copy__complex64_complex64
14999746100,3776,280321,26,1,1,128,1,1,16,0.000,0.000,,,,,NVIDIA A100-SXM4-40GB MIG 4g.20gb (0),1,,13,cupy_copy__float32_float32
14999961937,5408,280330,103,1,1,128,1,1,16,0.000,0.000,,,,,NVIDIA A100-SXM4-40GB MIG 4g.20gb (0),1,,13,cupy_copy__complex64_complex64
15000245646,18336,280340,1434,1,1,128,1,1,16,0.000,0.000,,,,,NVIDIA A100-SXM4-40GB MIG 4g.20gb (0),1,,13,cupy_copy__complex64_complex64
15000564171,248733,280345,1,1,1,32,32,1,30,0.000,0.000,,,,,NVIDIA A100-SXM4-40GB MIG 4g.20gb (0),1,,13,"void convert_kernel<__half2, float2>(tensor_layout_any, T1 *, tensor_layout_any, const T2 *)"
15000847207,13056,280348,,,,,,,,,,0.094,7176.458,Pinned,Device,NVIDIA A100-SXM4-40GB MIG 4g.20gb (0),1,,13,[CUDA memcpy Host-to-Device]
15001156548,606457,280349,,,,,,,,,,456.561,752413.253,Device,,NVIDIA A100-SXM4-40GB MIG 4g.20gb (0),1,,13,[CUDA memset]
15001770525,56479,280354,,,,,,,,,,1.235,21864.684,Pinned,Device,NVIDIA A100-SXM4-40GB MIG 4g.20gb (0),1,,13,[CUDA memcpy Host-to-Device]
15001829500,11328,280355,,,,,,,,,,0.197,17355.768,Pinned,Device,NVIDIA A100-SXM4-40GB MIG 4g.20gb (0),1,,13,[CUDA memcpy Host-to-Device]
15002066938,10112,280356,69,4,1,48,1,1,76,0.002,0.000,,,,,NVIDIA A100-SXM4-40GB MIG 4g.20gb (0),1,,13,"void ch_est::windowedChEstPreNoDftSOfdmKernel<float, __half, float, (unsigned int)2, (unsigned int)1, (unsigned short)4>(ch_est::puschRxChEstStatDescr_t *, ch_est::puschRxChEstDynDescr_t *)"
15002377014,8384,280357,137,2,1,24,2,1,44,0.001,0.001,,,,,NVIDIA A100-SXM4-40GB MIG 4g.20gb (0),1,,13,"void ch_est::chEstFilterNoDftSOfdmDispatchKernel<float, __half, float, (unsigned int)2>(ch_est::puschRxChEstStatDescr_t *, ch_est::puschRxChEstDynDescr_t *)"
15002682611,12704,280358,137,2,1,24,2,1,44,0.001,0.001,,,,,NVIDIA A100-SXM4-40GB MIG 4g.20gb (0),1,,13,"void ch_est::chEstFilterNoDftSOfdmDispatchKernel<float, __half, float, (unsigned int)2>(ch_est::puschRxChEstStatDescr_t *, ch_est::puschRxChEstDynDescr_t *)"
15002970223,7808,280369,103,1,1,128,1,1,16,0.000,0.000,,,,,NVIDIA A100-SXM4-40GB MIG 4g.20gb (0),1,,13,cupy_copy__complex64_complex64
15003223789,18879,280379,1434,1,1,128,1,1,16,0.000,0.000,,,,,NVIDIA A100-SXM4-40GB MIG 4g.20gb (0),1,,13,cupy_copy__complex64_complex64
15003469866,4288,280386,103,1,1,128,1,1,16,0.000,0.000,,,,,NVIDIA A100-SXM4-40GB MIG 4g.20gb (0),1,,13,cupy_copy__complex64_complex64
15003699015,225438,280393,1,1,1,32,32,1,30,0.000,0.000,,,,,NVIDIA A100-SXM4-40GB MIG 4g.20gb (0),1,,13,"void convert_kernel<__half2, float2>(tensor_layout_any, T1 *, tensor_layout_any, const T2 *)"
15003956804,5952,280396,,,,,,,,,,0.094,15741.865,Pinned,Device,NVIDIA A100-SXM4-40GB MIG 4g.20gb (0),1,,13,[CUDA memcpy Host-to-Device]
15004208962,54879,280397,,,,,,,,,,35.810,652492.552,Device,,NVIDIA A100-SXM4-40GB MIG 4g.20gb (0),1,,13,[CUDA memset]
15004271105,7616,280399,,,,,,,,,,0.000,10.504,Pinned,Device,NVIDIA A100-SXM4-40GB MIG 4g.20gb (0),1,,13,[CUDA memcpy Host-to-Device]
15004284609,17151,280400,,,,,,,,,,0.197,11463.229,Pinned,Device,NVIDIA A100-SXM4-40GB MIG 4g.20gb (0),1,,13,[CUDA memcpy Host-to-Device]
15004594685,16672,280401,273,1,1,48,1,1,40,0.000,0.001,,,,,NVIDIA A100-SXM4-40GB MIG 4g.20gb (0),1,,13,"void pusch_noise_intf_est::noiseIntfEstNoDftSOfdmKernel<float, __half, float, float, (unsigned int)2, (unsigned int)1, (unsigned char)4, (unsigned char)4>(pusch_noise_intf_est::puschRxNoiseIntfEstDynDescr)"
15004904090,5376,280412,35,1,1,128,1,1,16,0.000,0.000,,,,,NVIDIA A100-SXM4-40GB MIG 4g.20gb (0),1,,13,cupy_copy__complex64_complex64
15005199606,4192,280421,1,1,1,1,1,1,18,0.000,0.000,,,,,NVIDIA A100-SXM4-40GB MIG 4g.20gb (0),1,,13,cupy_copy__float32_float32
15005205110,2400,280427,,,,,,,,,,0.000,1.667,Device,Pageable,NVIDIA A100-SXM4-40GB MIG 4g.20gb (0),1,,7,[CUDA memcpy Device-to-Host]
15005520211,20256,280438,1434,1,1,128,1,1,16,0.000,0.000,,,,,NVIDIA A100-SXM4-40GB MIG 4g.20gb (0),1,,13,cupy_copy__complex64_complex64
15005825679,6720,280445,103,1,1,128,1,1,16,0.000,0.000,,,,,NVIDIA A100-SXM4-40GB MIG 4g.20gb (0),1,,13,cupy_copy__complex64_complex64
15006094316,12960,280452,35,1,1,128,1,1,16,0.000,0.000,,,,,NVIDIA A100-SXM4-40GB MIG 4g.20gb (0),1,,13,cupy_copy__complex64_complex64
15006333066,3808,280459,1,1,1,1,1,1,18,0.000,0.000,,,,,NVIDIA A100-SXM4-40GB MIG 4g.20gb (0),1,,13,cupy_copy__float32_float32
15006555079,253629,280470,1,1,1,32,32,1,30,0.000,0.000,,,,,NVIDIA A100-SXM4-40GB MIG 4g.20gb (0),1,,13,"void convert_kernel<__half2, float2>(tensor_layout_any, T1 *, tensor_layout_any, const T2 *)"
15006838500,9344,280473,,,,,,,,,,0.094,10027.346,Pinned,Device,NVIDIA A100-SXM4-40GB MIG 4g.20gb (0),1,,13,[CUDA memcpy Host-to-Device]
15007027394,9824,280474,,,,,,,,,,1.547,157432.404,Device,,NVIDIA A100-SXM4-40GB MIG 4g.20gb (0),1,,13,[CUDA memset]
15007040866,7360,280479,,,,,,,,,,0.031,4252.156,Pinned,Device,NVIDIA A100-SXM4-40GB MIG 4g.20gb (0),1,,13,[CUDA memcpy Host-to-Device]
15007052257,10464,280480,,,,,,,,,,0.197,18788.844,Pinned,Device,NVIDIA A100-SXM4-40GB MIG 4g.20gb (0),1,,13,[CUDA memcpy Host-to-Device]
15007322046,18848,280481,273,1,1,8,4,1,39,0.002,0.000,,,,,NVIDIA A100-SXM4-40GB MIG 4g.20gb (0),1,,13,"void channel_eq::eqMmseCoefCompLowMimoKernel<float, float, float, (unsigned int)4, (unsigned int)1, (unsigned int)4>(const channel_eq::_puschRxChEqStatDescr *, channel_eq::_puschRxChEqCoefCompDynDescr)"
15007634331,14336,280482,273,1,1,12,11,1,51,0.002,0.000,,,,,NVIDIA A100-SXM4-40GB MIG 4g.20gb (0),1,,13,"void channel_eq::eqMmseSoftDemapKernel<float, __half, __half, float, (unsigned int)4, (unsigned short)16383>(channel_eq::_puschRxChEqStatDescr *, channel_eq::_puschRxChEqSoftDemapDynDescr)"
15007921592,664824,280483,1,1,1,32,32,1,30,0.000,0.000,,,,,NVIDIA A100-SXM4-40GB MIG 4g.20gb (0),1,,13,"void convert_kernel<float2, __half2>(tensor_layout_any, T1 *, tensor_layout_any, const T2 *)"
15008799758,14304,280495,2253,1,1,128,1,1,16,0.000,0.000,,,,,NVIDIA A100-SXM4-40GB MIG 4g.20gb (0),1,,13,cupy_copy__float16_float16
15009064331,13984,280504,282,1,1,128,1,1,16,0.000,0.000,,,,,NVIDIA A100-SXM4-40GB MIG 4g.20gb (0),1,,13,cupy_copy__complex64_complex64
15009302408,3648,280513,26,1,1,128,1,1,16,0.000,0.000,,,,,NVIDIA A100-SXM4-40GB MIG 4g.20gb (0),1,,13,cupy_copy__float32_float32
15009512390,4512,280522,103,1,1,128,1,1,16,0.000,0.000,,,,,NVIDIA A100-SXM4-40GB MIG 4g.20gb (0),1,,13,cupy_copy__complex64_complex64
15009770467,17152,280532,1434,1,1,128,1,1,16,0.000,0.000,,,,,NVIDIA A100-SXM4-40GB MIG 4g.20gb (0),1,,13,cupy_copy__complex64_complex64
15010035776,255229,280537,1,1,1,32,32,1,30,0.000,0.000,,,,,NVIDIA A100-SXM4-40GB MIG 4g.20gb (0),1,,13,"void convert_kernel<__half2, float2>(tensor_layout_any, T1 *, tensor_layout_any, const T2 *)"
15010321245,11552,280540,,,,,,,,,,0.094,8110.794,Pinned,Device,NVIDIA A100-SXM4-40GB MIG 4g.20gb (0),1,,13,[CUDA memcpy Host-to-Device]
15010546042,620633,280541,,,,,,,,,,456.561,735520.480,Device,,NVIDIA A100-SXM4-40GB MIG 4g.20gb (0),1,,13,[CUDA memset]
15011171795,69311,280546,,,,,,,,,,1.235,17816.537,Pinned,Device,NVIDIA A100-SXM4-40GB MIG 4g.20gb (0),1,,13,[CUDA memcpy Host-to-Device]
15011247634,16928,280547,,,,,,,,,,0.197,11614.224,Pinned,Device,NVIDIA A100-SXM4-40GB MIG 4g.20gb (0),1,,13,[CUDA memcpy Host-to-Device]
15011523343,25216,280548,69,4,1,48,1,1,76,0.002,0.000,,,,,NVIDIA A100-SXM4-40GB MIG 4g.20gb (0),1,,13,"void ch_est::windowedChEstPreNoDftSOfdmKernel<float, __half, float, (unsigned int)2, (unsigned int)1, (unsigned short)4>(ch_est::puschRxChEstStatDescr_t *, ch_est::puschRxChEstDynDescr_t *)"
15011768332,26784,280549,137,2,1,24,2,1,44,0.001,0.001,,,,,NVIDIA A100-SXM4-40GB MIG 4g.20gb (0),1,,13,"void ch_est::chEstFilterNoDftSOfdmDispatchKernel<float, __half, float, (unsigned int)2>(ch_est::puschRxChEstStatDescr_t *, ch_est::puschRxChEstDynDescr_t *)"
15011988138,10144,280550,137,2,1,24,2,1,44,0.001,0.001,,,,,NVIDIA A100-SXM4-40GB MIG 4g.20gb (0),1,,13,"void ch_est::chEstFilterNoDftSOfdmDispatchKernel<float, __half, float, (unsigned int)2>(ch_est::puschRxChEstStatDescr_t *, ch_est::puschRxChEstDynDescr_t *)"
15012202919,5536,280561,103,1,1,128,1,1,16,0.000,0.000,,,,,NVIDIA A100-SXM4-40GB MIG 4g.20gb (0),1,,13,cupy_copy__complex64_complex64
15012513860,16928,280571,1434,1,1,128,1,1,16,0.000,0.000,,,,,NVIDIA A100-SXM4-40GB MIG 4g.20gb (0),1,,13,cupy_copy__complex64_complex64
15012830720,6656,280578,103,1,1,128,1,1,16,0.000,0.000,,,,,NVIDIA A100-SXM4-40GB MIG 4g.20gb (0),1,,13,cupy_copy__complex64_complex64
15013143485,239485,280585,1,1,1,32,32,1,30,0.000,0.000,,,,,NVIDIA A100-SXM4-40GB MIG 4g.20gb (0),1,,13,"void convert_kernel<__half2, float2>(tensor_layout_any, T1 *, tensor_layout_any, const T2 *)"
15013413530,6944,280588,,,,,,,,,,0.094,13493.067,Pinned,Device,NVIDIA A100-SXM4-40GB MIG 4g.20gb (0),1,,13,[CUDA memcpy Host-to-Device]
15013676247,60479,280589,,,,,,,,,,35.810,592081.217,Device,,NVIDIA A100-SXM4-40GB MIG 4g.20gb (0),1,,13,[CUDA memset]
15013741174,1856,280591,,,,,,,,,,0.000,43.103,Pinned,Device,NVIDIA A100-SXM4-40GB MIG 4g.20gb (0),1,,13,[CUDA memcpy Host-to-Device]
15013746486,10112,280592,,,,,,,,,,0.197,19442.958,Pinned,Device,NVIDIA A100-SXM4-40GB MIG 4g.20gb (0),1,,13,[CUDA memcpy Host-to-Device]
15014030707,31520,280593,273,1,1,48,1,1,40,0.000,0.001,,,,,NVIDIA A100-SXM4-40GB MIG 4g.20gb (0),1,,13,"void pusch_noise_intf_est::noiseIntfEstNoDftSOfdmKernel<float, __half, float, float, (unsigned int)2, (unsigned int)1, (unsigned char)4, (unsigned char)4>(pusch_noise_intf_est::puschRxNoiseIntfEstDynDescr)"
15014265072,4320,280604,35,1,1,128,1,1,16,0.000,0.000,,,,,NVIDIA A100-SXM4-40GB MIG 4g.20gb (0),1,,13,cupy_copy__complex64_complex64
15014519661,3104,280613,1,1,1,1,1,1,18,0.000,0.000,,,,,NVIDIA A100-SXM4-40GB MIG 4g.20gb (0),1,,13,cupy_copy__float32_float32
15014524525,2688,280619,,,,,,,,,,0.000,1.488,Device,Pageable,NVIDIA A100-SXM4-40GB MIG 4g.20gb (0),1,,7,[CUDA memcpy Device-to-Host]
15014740011,17856,280630,1434,1,1,128,1,1,16,0.000,0.000,,,,,NVIDIA A100-SXM4-40GB MIG 4g.20gb (0),1,,13,cupy_copy__complex64_complex64
15015004328,10624,280637,103,1,1,128,1,1,16,0.000,0.000,,,,,NVIDIA A100-SXM4-40GB MIG 4g.20gb (0),1,,13,cupy_copy__complex64_complex64
15015251173,4672,280644,35,1,1,128,1,1,16,0.000,0.000,,,,,NVIDIA A100-SXM4-40GB MIG 4g.20gb (0),1,,13,cupy_copy__complex64_complex64
15015500290,2944,280651,1,1,1,1,1,1,18,0.000,0.000,,,,,NVIDIA A100-SXM4-40GB MIG 4g.20gb (0),1,,13,cupy_copy__float32_float32
15015716992,245853,280662,1,1,1,32,32,1,30,0.000,0.000,,,,,NVIDIA A100-SXM4-40GB MIG 4g.20gb (0),1,,13,"void convert_kernel<__half2, float2>(tensor_layout_any, T1 *, tensor_layout_any, const T2 *)"
15015993341,6176,280665,,,,,,,,,,0.094,15170.975,Pinned,Device,NVIDIA A100-SXM4-40GB MIG 4g.20gb (0),1,,13,[CUDA memcpy Host-to-Device]
15016262394,11424,280666,,,,,,,,,,1.547,135383.732,Device,,NVIDIA A100-SXM4-40GB MIG 4g.20gb (0),1,,13,[CUDA memset]
15016277658,6719,280671,,,,,,,,,,0.031,4657.815,Pinned,Device,NVIDIA A100-SXM4-40GB MIG 4g.20gb (0),1,,13,[CUDA memcpy Host-to-Device]
15016286969,13056,280672,,,,,,,,,,0.197,15058.797,Pinned,Device,NVIDIA A100-SXM4-40GB MIG 4g.20gb (0),1,,13,[CUDA memcpy Host-to-Device]
15016576534,35104,280673,273,1,1,8,4,1,39,0.002,0.000,,,,,NVIDIA A100-SXM4-40GB MIG 4g.20gb (0),1,,13,"void channel_eq::eqMmseCoefCompLowMimoKernel<float, float, float, (unsigned int)4, (unsigned int)1, (unsigned int)4>(const channel_eq::_puschRxChEqStatDescr *, channel_eq::_puschRxChEqCoefCompDynDescr)"
15016897715,24447,280674,273,1,1,12,11,1,51,0.002,0.000,,,,,NVIDIA A100-SXM4-40GB MIG 4g.20gb (0),1,,13,"void channel_eq::eqMmseSoftDemapKernel<float, __half, __half, float, (unsigned int)4, (unsigned short)16383>(channel_eq::_puschRxChEqStatDescr *, channel_eq::_puschRxChEqSoftDemapDynDescr)"
15017150160,661944,280675,1,1,1,32,32,1,30,0.000,0.000,,,,,NVIDIA A100-SXM4-40GB MIG 4g.20gb (0),1,,13,"void convert_kernel<float2, __half2>(tensor_layout_any, T1 *, tensor_layout_any, const T2 *)"
15018029734,16320,280687,2253,1,1,128,1,1,16,0.000,0.000,,,,,NVIDIA A100-SXM4-40GB MIG 4g.20gb (0),1,,13,cupy_copy__float16_float16
15018250147,5440,280696,282,1,1,128,1,1,16,0.000,0.000,,,,,NVIDIA A100-SXM4-40GB MIG 4g.20gb (0),1,,13,cupy_copy__complex64_complex64
15018374050,5120,280705,26,1,1,128,1,1,16,0.000,0.000,,,,,NVIDIA A100-SXM4-40GB MIG 4g.20gb (0),1,,13,cupy_copy__float32_float32
15018535168,18496,280714,103,1,1,128,1,1,16,0.000,0.000,,,,,NVIDIA A100-SXM4-40GB MIG 4g.20gb (0),1,,13,cupy_copy__complex64_complex64
15018735678,20032,280724,1434,1,1,128,1,1,16,0.000,0.000,,,,,NVIDIA A100-SXM4-40GB MIG 4g.20gb (0),1,,13,cupy_copy__complex64_complex64
15018871964,265917,280729,1,1,1,32,32,1,30,0.000,0.000,,,,,NVIDIA A100-SXM4-40GB MIG 4g.20gb (0),1,,13,"void convert_kernel<__half2, float2>(tensor_layout_any, T1 *, tensor_layout_any, const T2 *)"
15019166937,6208,280732,,,,,,,,,,0.094,15092.739,Pinned,Device,NVIDIA A100-SXM4-40GB MIG 4g.20gb (0),1,,13,[CUDA memcpy Host-to-Device]
15019281560,607257,280733,,,,,,,,,,456.561,751500.130,Device,,NVIDIA A100-SXM4-40GB MIG 4g.20gb (0),1,,13,[CUDA memset]
15019895121,58783,280738,,,,,,,,,,1.235,21007.632,Pinned,Device,NVIDIA A100-SXM4-40GB MIG 4g.20gb (0),1,,13,[CUDA memcpy Host-to-Device]
15019956400,15904,280739,,,,,,,,,,0.197,12362.121,Pinned,Device,NVIDIA A100-SXM4-40GB MIG 4g.20gb (0),1,,13,[CUDA memcpy Host-to-Device]
15020104910,24096,280740,69,4,1,48,1,1,76,0.002,0.000,,,,,NVIDIA A100-SXM4-40GB MIG 4g.20gb (0),1,,13,"void ch_est::windowedChEstPreNoDftSOfdmKernel<float, __half, float, (unsigned int)2, (unsigned int)1, (unsigned short)4>(ch_est::puschRxChEstStatDescr_t *, ch_est::puschRxChEstDynDescr_t *)"
15020278572,26112,280741,137,2,1,24,2,1,44,0.001,0.001,,,,,NVIDIA A100-SXM4-40GB MIG 4g.20gb (0),1,,13,"void ch_est::chEstFilterNoDftSOfdmDispatchKernel<float, __half, float, (unsigned int)2>(ch_est::puschRxChEstStatDescr_t *, ch_est::puschRxChEstDynDescr_t *)"
15020427371,14048,280742,137,2,1,24,2,1,44,0.001,0.001,,,,,NVIDIA A100-SXM4-40GB MIG 4g.20gb (0),1,,13,"void ch_est::chEstFilterNoDftSOfdmDispatchKernel<float, __half, float, (unsigned int)2>(ch_est::puschRxChEstStatDescr_t *, ch_est::puschRxChEstDynDescr_t *)"
15020594633,5664,280753,103,1,1,128,1,1,16,0.000,0.000,,,,,NVIDIA A100-SXM4-40GB MIG 4g.20gb (0),1,,13,cupy_copy__complex64_complex64
15021028388,21472,280763,1434,1,1,128,1,1,16,0.000,0.000,,,,,NVIDIA A100-SXM4-40GB MIG 4g.20gb (0),1,,13,cupy_copy__complex64_complex64
15021283873,4352,280770,103,1,1,128,1,1,16,0.000,0.000,,,,,NVIDIA A100-SXM4-40GB MIG 4g.20gb (0),1,,13,cupy_copy__complex64_complex64
15021745340,244541,280777,1,1,1,32,32,1,30,0.000,0.000,,,,,NVIDIA A100-SXM4-40GB MIG 4g.20gb (0),1,,13,"void convert_kernel<__half2, float2>(tensor_layout_any, T1 *, tensor_layout_any, const T2 *)"
15022021017,9824,280780,,,,,,,,,,0.094,9537.410,Pinned,Device,NVIDIA A100-SXM4-40GB MIG 4g.20gb (0),1,,13,[CUDA memcpy Host-to-Device]
15022244630,49056,280781,,,,,,,,,,35.810,729949.409,Device,,NVIDIA A100-SXM4-40GB MIG 4g.20gb (0),1,,13,[CUDA memset]
15022300470,3936,280783,,,,,,,,,,0.000,20.325,Pinned,Device,NVIDIA A100-SXM4-40GB MIG 4g.20gb (0),1,,13,[CUDA memcpy Host-to-Device]
15022310582,14943,280784,,,,,,,,,,0.197,13157.007,Pinned,Device,NVIDIA A100-SXM4-40GB MIG 4g.20gb (0),1,,13,[CUDA memcpy Host-to-Device]
15022776368,16032,280785,273,1,1,48,1,1,40,0.000,0.001,,,,,NVIDIA A100-SXM4-40GB MIG 4g.20gb (0),1,,13,"void pusch_noise_intf_est::noiseIntfEstNoDftSOfdmKernel<float, __half, float, float, (unsigned int)2, (unsigned int)1, (unsigned char)4, (unsigned char)4>(pusch_noise_intf_est::puschRxNoiseIntfEstDynDescr)"
15023260075,4192,280796,35,1,1,128,1,1,16,0.000,0.000,,,,,NVIDIA A100-SXM4-40GB MIG 4g.20gb (0),1,,13,cupy_copy__complex64_complex64
15023737445,3488,280805,1,1,1,1,1,1,18,0.000,0.000,,,,,NVIDIA A100-SXM4-40GB MIG 4g.20gb (0),1,,13,cupy_copy__float32_float32
15023749093,5792,280811,,,,,,,,,,0.000,0.691,Device,Pageable,NVIDIA A100-SXM4-40GB MIG 4g.20gb (0),1,,7,[CUDA memcpy Device-to-Host]
15024212416,17184,280822,1434,1,1,128,1,1,16,0.000,0.000,,,,,NVIDIA A100-SXM4-40GB MIG 4g.20gb (0),1,,13,cupy_copy__complex64_complex64
15024701403,4000,280829,103,1,1,128,1,1,16,0.000,0.000,,,,,NVIDIA A100-SXM4-40GB MIG 4g.20gb (0),1,,13,cupy_copy__complex64_complex64
15025184565,6656,280836,35,1,1,128,1,1,16,0.000,0.000,,,,,NVIDIA A100-SXM4-40GB MIG 4g.20gb (0),1,,13,cupy_copy__complex64_complex64
15025646224,3840,280843,1,1,1,1,1,1,18,0.000,0.000,,,,,NVIDIA A100-SXM4-40GB MIG 4g.20gb (0),1,,13,cupy_copy__float32_float32
15026073387,244829,280854,1,1,1,32,32,1,30,0.000,0.000,,,,,NVIDIA A100-SXM4-40GB MIG 4g.20gb (0),1,,13,"void convert_kernel<__half2, float2>(tensor_layout_any, T1 *, tensor_layout_any, const T2 *)"
15026347624,5792,280857,,,,,,,,,,0.094,16176.708,Pinned,Device,NVIDIA A100-SXM4-40GB MIG 4g.20gb (0),1,,13,[CUDA memcpy Host-to-Device]
15026613893,8128,280858,,,,,,,,,,1.547,190282.697,Device,,NVIDIA A100-SXM4-40GB MIG 4g.20gb (0),1,,13,[CUDA memset]
15026626501,6144,280863,,,,,,,,,,0.031,5093.737,Pinned,Device,NVIDIA A100-SXM4-40GB MIG 4g.20gb (0),1,,13,[CUDA memcpy Host-to-Device]
15026639685,16384,280864,,,,,,,,,,0.197,11999.969,Pinned,Device,NVIDIA A100-SXM4-40GB MIG 4g.20gb (0),1,,13,[CUDA memcpy Host-to-Device]
15027092928,21471,280865,273,1,1,8,4,1,39,0.002,0.000,,,,,NVIDIA A100-SXM4-40GB MIG 4g.20gb (0),1,,13,"void channel_eq::eqMmseCoefCompLowMimoKernel<float, float, float, (unsigned int)4, (unsigned int)1, (unsigned int)4>(const channel_eq::_puschRxChEqStatDescr *, channel_eq::_puschRxChEqCoefCompDynDescr)"
15027545723,33343,280866,273,1,1,12,11,1,51,0.002,0.000,,,,,NVIDIA A100-SXM4-40GB MIG 4g.20gb (0),1,,13,"void channel_eq::eqMmseSoftDemapKernel<float, __half, __half, float, (unsigned int)4, (unsigned short)16383>(channel_eq::_puschRxChEqStatDescr *, channel_eq::_puschRxChEqSoftDemapDynDescr)"
15028048661,653337,280867,1,1,1,32,32,1,30,0.000,0.000,,,,,NVIDIA A100-SXM4-40GB MIG 4g.20gb (0),1,,13,"void convert_kernel<float2, __half2>(tensor_layout_any, T1 *, tensor_layout_any, const T2 *)"
15029075977,16192,280879,2253,1,1,128,1,1,16,0.000,0.000,,,,,NVIDIA A100-SXM4-40GB MIG 4g.20gb (0),1,,13,cupy_copy__float16_float16
15029576228,5376,280888,282,1,1,128,1,1,16,0.000,0.000,,,,,NVIDIA A100-SXM4-40GB MIG 4g.20gb (0),1,,13,cupy_copy__complex64_complex64
15030035775,7007,280897,26,1,1,128,1,1,16,0.000,0.000,,,,,NVIDIA A100-SXM4-40GB MIG 4g.20gb (0),1,,13,cupy_copy__float32_float32
15030484857,22432,280906,103,1,1,128,1,1,16,0.000,0.000,,,,,NVIDIA A100-SXM4-40GB MIG 4g.20gb (0),1,,13,cupy_copy__complex64_complex64
15030969396,23488,280916,1434,1,1,128,1,1,16,0.000,0.000,,,,,NVIDIA A100-SXM4-40GB MIG 4g.20gb (0),1,,13,cupy_copy__complex64_complex64
15031312080,256957,280921,1,1,1,32,32,1,30,0.000,0.000,,,,,NVIDIA A100-SXM4-40GB MIG 4g.20gb (0),1,,13,"void convert_kernel<__half2, float2>(tensor_layout_any, T1 *, tensor_layout_any, const T2 *)"
15031599021,5568,280924,,,,,,,,,,0.094,16827.521,Pinned,Device,NVIDIA A100-SXM4-40GB MIG 4g.20gb (0),1,,13,[CUDA memcpy Host-to-Device]
15031924393,621817,280925,,,,,,,,,,456.561,734150.796,Device,,NVIDIA A100-SXM4-40GB MIG 4g.20gb (0),1,,13,[CUDA memset]
15032553666,62783,280930,,,,,,,,,,1.235,19668.953,Pinned,Device,NVIDIA A100-SXM4-40GB MIG 4g.20gb (0),1,,13,[CUDA memcpy Host-to-Device]
15032619041,9632,280931,,,,,,,,,,0.197,20411.843,Pinned,Device,NVIDIA A100-SXM4-40GB MIG 4g.20gb (0),1,,13,[CUDA memcpy Host-to-Device]
15032971325,24960,280932,69,4,1,48,1,1,76,0.002,0.000,,,,,NVIDIA A100-SXM4-40GB MIG 4g.20gb (0),1,,13,"void ch_est::windowedChEstPreNoDftSOfdmKernel<float, __half, float, (unsigned int)2, (unsigned int)1, (unsigned short)4>(ch_est::puschRxChEstStatDescr_t *, ch_est::puschRxChEstDynDescr_t *)"
15033377721,23008,280933,137,2,1,24,2,1,44,0.001,0.001,,,,,NVIDIA A100-SXM4-40GB MIG 4g.20gb (0),1,,13,"void ch_est::chEstFilterNoDftSOfdmDispatchKernel<float, __half, float, (unsigned int)2>(ch_est::puschRxChEstStatDescr_t *, ch_est::puschRxChEstDynDescr_t *)"
15033677493,13728,280934,137,2,1,24,2,1,44,0.001,0.001,,,,,NVIDIA A100-SXM4-40GB MIG 4g.20gb (0),1,,13,"void ch_est::chEstFilterNoDftSOfdmDispatchKernel<float, __half, float, (unsigned int)2>(ch_est::puschRxChEstStatDescr_t *, ch_est::puschRxChEstDynDescr_t *)"
15033873459,5504,280945,103,1,1,128,1,1,16,0.000,0.000,,,,,NVIDIA A100-SXM4-40GB MIG 4g.20gb (0),1,,13,cupy_copy__complex64_complex64
15034288847,19263,280955,1434,1,1,128,1,1,16,0.000,0.000,,,,,NVIDIA A100-SXM4-40GB MIG 4g.20gb (0),1,,13,cupy_copy__complex64_complex64
15034793385,9376,280962,103,1,1,128,1,1,16,0.000,0.000,,,,,NVIDIA A100-SXM4-40GB MIG 4g.20gb (0),1,,13,cupy_copy__complex64_complex64
15035250148,223357,280969,1,1,1,32,32,1,30,0.000,0.000,,,,,NVIDIA A100-SXM4-40GB MIG 4g.20gb (0),1,,13,"void convert_kernel<__half2, float2>(tensor_layout_any, T1 *, tensor_layout_any, const T2 *)"
15035501889,5504,280972,,,,,,,,,,0.094,17023.251,Pinned,Device,NVIDIA A100-SXM4-40GB MIG 4g.20gb (0),1,,13,[CUDA memcpy Host-to-Device]
15035813757,60480,280973,,,,,,,,,,35.810,592081.217,Device,,NVIDIA A100-SXM4-40GB MIG 4g.20gb (0),1,,13,[CUDA memset]
15035875709,2080,280975,,,,,,,,,,0.000,38.462,Pinned,Device,NVIDIA A100-SXM4-40GB MIG 4g.20gb (0),1,,13,[CUDA memcpy Host-to-Device]
15035883965,13055,280976,,,,,,,,,,0.197,15059.976,Pinned,Device,NVIDIA A100-SXM4-40GB MIG 4g.20gb (0),1,,13,[CUDA memcpy Host-to-Device]
15036354007,22432,280977,273,1,1,48,1,1,40,0.000,0.001,,,,,NVIDIA A100-SXM4-40GB MIG 4g.20gb (0),1,,13,"void pusch_noise_intf_est::noiseIntfEstNoDftSOfdmKernel<float, __half, float, float, (unsigned int)2, (unsigned int)1, (unsigned char)4, (unsigned char)4>(pusch_noise_intf_est::puschRxNoiseIntfEstDynDescr)"
15036847474,9408,280988,35,1,1,128,1,1,16,0.000,0.000,,,,,NVIDIA A100-SXM4-40GB MIG 4g.20gb (0),1,,13,cupy_copy__complex64_complex64
15037274413,5184,280997,1,1,1,1,1,1,18,0.000,0.000,,,,,NVIDIA A100-SXM4-40GB MIG 4g.20gb (0),1,,13,cupy_copy__float32_float32
15037286541,2496,281003,,,,,,,,,,0.000,1.603,Device,Pageable,NVIDIA A100-SXM4-40GB MIG 4g.20gb (0),1,,7,[CUDA memcpy Device-to-Host]
15037826503,18112,281014,1434,1,1,128,1,1,16,0.000,0.000,,,,,NVIDIA A100-SXM4-40GB MIG 4g.20gb (0),1,,13,cupy_copy__complex64_complex64
15038269602,10912,281021,103,1,1,128,1,1,16,0.000,0.000,,,,,NVIDIA A100-SXM4-40GB MIG 4g.20gb (0),1,,13,cupy_copy__complex64_complex64
15038712221,6624,281028,35,1,1,128,1,1,16,0.000,0.000,,,,,NVIDIA A100-SXM4-40GB MIG 4g.20gb (0),1,,13,cupy_copy__complex64_complex64
15039064345,3744,281035,1,1,1,1,1,1,18,0.000,0.000,,,,,NVIDIA A100-SXM4-40GB MIG 4g.20gb (0),1,,13,cupy_copy__float32_float32
15039358581,195390,281046,1,1,1,32,32,1,30,0.000,0.000,,,,,NVIDIA A100-SXM4-40GB MIG 4g.20gb (0),1,,13,"void convert_kernel<__half2, float2>(tensor_layout_any, T1 *, tensor_layout_any, const T2 *)"
15039586835,9408,281049,,,,,,,,,,0.094,9959.135,Pinned,Device,NVIDIA A100-SXM4-40GB MIG 4g.20gb (0),1,,13,[CUDA memcpy Host-to-Device]
15039873968,7840,281050,,,,,,,,,,1.547,197273.438,Device,,NVIDIA A100-SXM4-40GB MIG 4g.20gb (0),1,,13,[CUDA memset]
15039887760,7839,281055,,,,,,,,,,0.031,3992.337,Pinned,Device,NVIDIA A100-SXM4-40GB MIG 4g.20gb (0),1,,13,[CUDA memcpy Host-to-Device]
15039902991,10688,281056,,,,,,,,,,0.197,18395.038,Pinned,Device,NVIDIA A100-SXM4-40GB MIG 4g.20gb (0),1,,13,[CUDA memcpy Host-to-Device]
15040398602,11168,281057,273,1,1,8,4,1,39,0.002,0.000,,,,,NVIDIA A100-SXM4-40GB MIG 4g.20gb (0),1,,13,"void channel_eq::eqMmseCoefCompLowMimoKernel<float, float, float, (unsigned int)4, (unsigned int)1, (unsigned int)4>(const channel_eq::_puschRxChEqStatDescr *, channel_eq::_puschRxChEqCoefCompDynDescr)"
15040894692,19744,281058,273,1,1,12,11,1,51,0.002,0.000,,,,,NVIDIA A100-SXM4-40GB MIG 4g.20gb (0),1,,13,"void channel_eq::eqMmseSoftDemapKernel<float, __half, __half, float, (unsigned int)4, (unsigned short)16383>(channel_eq::_puschRxChEqStatDescr *, channel_eq::_puschRxChEqSoftDemapDynDescr)"
15041343999,557146,281059,1,1,1,32,32,1,30,0.000,0.000,,,,,NVIDIA A100-SXM4-40GB MIG 4g.20gb (0),1,,13,"void convert_kernel<float2, __half2>(tensor_layout_any, T1 *, tensor_layout_any, const T2 *)"
15042317332,18976,281071,2253,1,1,128,1,1,16,0.000,0.000,,,,,NVIDIA A100-SXM4-40GB MIG 4g.20gb (0),1,,13,cupy_copy__float16_float16
15042833166,10240,281080,282,1,1,128,1,1,16,0.000,0.000,,,,,NVIDIA A100-SXM4-40GB MIG 4g.20gb (0),1,,13,cupy_copy__complex64_complex64
15043033900,8896,281089,26,1,1,128,1,1,16,0.000,0.000,,,,,NVIDIA A100-SXM4-40GB MIG 4g.20gb (0),1,,13,cupy_copy__float32_float32
15043482759,4928,281098,103,1,1,128,1,1,16,0.000,0.000,,,,,NVIDIA A100-SXM4-40GB MIG 4g.20gb (0),1,,13,cupy_copy__complex64_complex64
15043901730,20928,281108,1434,1,1,128,1,1,16,0.000,0.000,,,,,NVIDIA A100-SXM4-40GB MIG 4g.20gb (0),1,,13,cupy_copy__complex64_complex64
15044176479,236126,281113,1,1,1,32,32,1,30,0.000,0.000,,,,,NVIDIA A100-SXM4-40GB MIG 4g.20gb (0),1,,13,"void convert_kernel<__half2, float2>(tensor_layout_any, T1 *, tensor_layout_any, const T2 *)"
15044442588,5664,281116,,,,,,,,,,0.094,16542.310,Pinned,Device,NVIDIA A100-SXM4-40GB MIG 4g.20gb (0),1,,13,[CUDA memcpy Host-to-Device]
15044662298,620281,281117,,,,,,,,,,456.561,735977.041,Device,,NVIDIA A100-SXM4-40GB MIG 4g.20gb (0),1,,13,[CUDA memset]
15045290003,59423,281122,,,,,,,,,,1.235,20781.638,Pinned,Device,NVIDIA A100-SXM4-40GB MIG 4g.20gb (0),1,,13,[CUDA memcpy Host-to-Device]
15045352242,9504,281123,,,,,,,,,,0.197,20686.701,Pinned,Device,NVIDIA A100-SXM4-40GB MIG 4g.20gb (0),1,,13,[CUDA memcpy Host-to-Device]
15045785421,9344,281124,69,4,1,48,1,1,76,0.002,0.000,,,,,NVIDIA A100-SXM4-40GB MIG 4g.20gb (0),1,,13,"void ch_est::windowedChEstPreNoDftSOfdmKernel<float, __half, float, (unsigned int)2, (unsigned int)1, (unsigned short)4>(ch_est::puschRxChEstStatDescr_t *, ch_est::puschRxChEstDynDescr_t *)"
15046264040,23679,281125,137,2,1,24,2,1,44,0.001,0.001,,,,,NVIDIA A100-SXM4-40GB MIG 4g.20gb (0),1,,13,"void ch_est::chEstFilterNoDftSOfdmDispatchKernel<float, __half, float, (unsigned int)2>(ch_est::puschRxChEstStatDescr_t *, ch_est::puschRxChEstDynDescr_t *)"
15046732578,24992,281126,137,2,1,24,2,1,44,0.001,0.001,,,,,NVIDIA A100-SXM4-40GB MIG 4g.20gb (0),1,,13,"void ch_est::chEstFilterNoDftSOfdmDispatchKernel<float, __half, float, (unsigned int)2>(ch_est::puschRxChEstStatDescr_t *, ch_est::puschRxChEstDynDescr_t *)"
15047177405,4352,281137,103,1,1,128,1,1,16,0.000,0.000,,,,,NVIDIA A100-SXM4-40GB MIG 4g.20gb (0),1,,13,cupy_copy__complex64_complex64
15047510618,20831,281147,1434,1,1,128,1,1,16,0.000,0.000,,,,,NVIDIA A100-SXM4-40GB MIG 4g.20gb (0),1,,13,cupy_copy__complex64_complex64
15047770551,5632,281154,103,1,1,128,1,1,16,0.000,0.000,,,,,NVIDIA A100-SXM4-40GB MIG 4g.20gb (0),1,,13,cupy_copy__complex64_complex64
15048223858,212413,281161,1,1,1,32,32,1,30,0.000,0.000,,,,,NVIDIA A100-SXM4-40GB MIG 4g.20gb (0),1,,13,"void convert_kernel<__half2, float2>(tensor_layout_any, T1 *, tensor_layout_any, const T2 *)"
15048465711,5504,281164,,,,,,,,,,0.094,17023.251,Pinned,Device,NVIDIA A100-SXM4-40GB MIG 4g.20gb (0),1,,13,[CUDA memcpy Host-to-Device]
15048760972,54751,281165,,,,,,,,,,35.810,654032.379,Device,,NVIDIA A100-SXM4-40GB MIG 4g.20gb (0),1,,13,[CUDA memset]
15048829195,4992,281167,,,,,,,,,,0.000,16.026,Pinned,Device,NVIDIA A100-SXM4-40GB MIG 4g.20gb (0),1,,13,[CUDA memcpy Host-to-Device]
15048847403,14847,281168,,,,,,,,,,0.197,13242.139,Pinned,Device,NVIDIA A100-SXM4-40GB MIG 4g.20gb (0),1,,13,[CUDA memcpy Host-to-Device]
15049314949,14016,281169,273,1,1,48,1,1,40,0.000,0.001,,,,,NVIDIA A100-SXM4-40GB MIG 4g.20gb (0),1,,13,"void pusch_noise_intf_est::noiseIntfEstNoDftSOfdmKernel<float, __half, float, float, (unsigned int)2, (unsigned int)1, (unsigned char)4, (unsigned char)4>(pusch_noise_intf_est::puschRxNoiseIntfEstDynDescr)"
15049791808,6656,281180,35,1,1,128,1,1,16,0.000,0.000,,,,,NVIDIA A100-SXM4-40GB MIG 4g.20gb (0),1,,13,cupy_copy__complex64_complex64
15050256859,4320,281189,1,1,1,1,1,1,18,0.000,0.000,,,,,NVIDIA A100-SXM4-40GB MIG 4g.20gb (0),1,,13,cupy_copy__float32_float32
15050269723,1951,281195,,,,,,,,,,0.000,2.050,Device,Pageable,NVIDIA A100-SXM4-40GB MIG 4g.20gb (0),1,,7,[CUDA memcpy Device-to-Host]
15050757141,19680,281206,1434,1,1,128,1,1,16,0.000,0.000,,,,,NVIDIA A100-SXM4-40GB MIG 4g.20gb (0),1,,13,cupy_copy__complex64_complex64
15051258351,7424,281213,103,1,1,128,1,1,16,0.000,0.000,,,,,NVIDIA A100-SXM4-40GB MIG 4g.20gb (0),1,,13,cupy_copy__complex64_complex64
15051733578,7296,281220,35,1,1,128,1,1,16,0.000,0.000,,,,,NVIDIA A100-SXM4-40GB MIG 4g.20gb (0),1,,13,cupy_copy__complex64_complex64
15052214117,6048,281227,1,1,1,1,1,1,18,0.000,0.000,,,,,NVIDIA A100-SXM4-40GB MIG 4g.20gb (0),1,,13,cupy_copy__float32_float32
15052689311,233246,281238,1,1,1,32,32,1,30,0.000,0.000,,,,,NVIDIA A100-SXM4-40GB MIG 4g.20gb (0),1,,13,"void convert_kernel<__half2, float2>(tensor_layout_any, T1 *, tensor_layout_any, const T2 *)"
15052952508,5728,281241,,,,,,,,,,0.094,16357.541,Pinned,Device,NVIDIA A100-SXM4-40GB MIG 4g.20gb (0),1,,13,[CUDA memcpy Host-to-Device]
15053164282,6848,281242,,,,,,,,,,1.547,225850.409,Device,,NVIDIA A100-SXM4-40GB MIG 4g.20gb (0),1,,13,[CUDA memset]
15053179866,6816,281247,,,,,,,,,,0.031,4591.530,Pinned,Device,NVIDIA A100-SXM4-40GB MIG 4g.20gb (0),1,,13,[CUDA memcpy Host-to-Device]
15053189402,15391,281248,,,,,,,,,,0.197,12774.212,Pinned,Device,NVIDIA A100-SXM4-40GB MIG 4g.20gb (0),1,,13,[CUDA memcpy Host-to-Device]
15053663316,22336,281249,273,1,1,8,4,1,39,0.002,0.000,,,,,NVIDIA A100-SXM4-40GB MIG 4g.20gb (0),1,,13,"void channel_eq::eqMmseCoefCompLowMimoKernel<float, float, float, (unsigned int)4, (unsigned int)1, (unsigned int)4>(const channel_eq::_puschRxChEqStatDescr *, channel_eq::_puschRxChEqCoefCompDynDescr)"
15054117935,13120,281250,273,1,1,12,11,1,51,0.002,0.000,,,,,NVIDIA A100-SXM4-40GB MIG 4g.20gb (0),1,,13,"void channel_eq::eqMmseSoftDemapKernel<float, __half, __half, float, (unsigned int)4, (unsigned short)16383>(channel_eq::_puschRxChEqStatDescr *, channel_eq::_puschRxChEqSoftDemapDynDescr)"
15054605098,654168,281251,1,1,1,32,32,1,30,0.000,0.000,,,,,NVIDIA A100-SXM4-40GB MIG 4g.20gb (0),1,,13,"void convert_kernel<float2, __half2>(tensor_layout_any, T1 *, tensor_layout_any, const T2 *)"
15055623102,15136,281263,2253,1,1,128,1,1,16,0.000,0.000,,,,,NVIDIA A100-SXM4-40GB MIG 4g.20gb (0),1,,13,cupy_copy__float16_float16
15056085625,4608,281272,282,1,1,128,1,1,16,0.000,0.000,,,,,NVIDIA A100-SXM4-40GB MIG 4g.20gb (0),1,,13,cupy_copy__complex64_complex64
15056566164,7295,281281,26,1,1,128,1,1,16,0.000,0.000,,,,,NVIDIA A100-SXM4-40GB MIG 4g.20gb (0),1,,13,cupy_copy__float32_float32
15056991151,15840,281290,103,1,1,128,1,1,16,0.000,0.000,,,,,NVIDIA A100-SXM4-40GB MIG 4g.20gb (0),1,,13,cupy_copy__complex64_complex64
15057351147,21471,281300,1434,1,1,128,1,1,16,0.000,0.000,,,,,NVIDIA A100-SXM4-40GB MIG 4g.20gb (0),1,,13,cupy_copy__complex64_complex64
15057602760,236157,281305,1,1,1,32,32,1,30,0.000,0.000,,,,,NVIDIA A100-SXM4-40GB MIG 4g.20gb (0),1,,13,"void convert_kernel<__half2, float2>(tensor_layout_any, T1 *, tensor_layout_any, const T2 *)"
15057869029,5440,281308,,,,,,,,,,0.094,17223.480,Pinned,Device,NVIDIA A100-SXM4-40GB MIG 4g.20gb (0),1,,13,[CUDA memcpy Host-to-Device]
15058103938,615801,281309,,,,,,,,,,456.561,740999.217,Device,,NVIDIA A100-SXM4-40GB MIG 4g.20gb (0),1,,13,[CUDA memset]
15058721659,62176,281314,,,,,,,,,,1.235,19861.604,Pinned,Device,NVIDIA A100-SXM4-40GB MIG 4g.20gb (0),1,,13,[CUDA memcpy Host-to-Device]
15058786363,9599,281315,,,,,,,,,,0.197,20482.032,Pinned,Device,NVIDIA A100-SXM4-40GB MIG 4g.20gb (0),1,,13,[CUDA memcpy Host-to-Device]
15059215606,10464,281316,69,4,1,48,1,1,76,0.002,0.000,,,,,NVIDIA A100-SXM4-40GB MIG 4g.20gb (0),1,,13,"void ch_est::windowedChEstPreNoDftSOfdmKernel<float, __half, float, (unsigned int)2, (unsigned int)1, (unsigned short)4>(ch_est::puschRxChEstStatDescr_t *, ch_est::puschRxChEstDynDescr_t *)"
15059698640,27840,281317,137,2,1,24,2,1,44,0.001,0.001,,,,,NVIDIA A100-SXM4-40GB MIG 4g.20gb (0),1,,13,"void ch_est::chEstFilterNoDftSOfdmDispatchKernel<float, __half, float, (unsigned int)2>(ch_est::puschRxChEstStatDescr_t *, ch_est::puschRxChEstDynDescr_t *)"
15060135499,24512,281318,137,2,1,24,2,1,44,0.001,0.001,,,,,NVIDIA A100-SXM4-40GB MIG 4g.20gb (0),1,,13,"void ch_est::chEstFilterNoDftSOfdmDispatchKernel<float, __half, float, (unsigned int)2>(ch_est::puschRxChEstStatDescr_t *, ch_est::puschRxChEstDynDescr_t *)"
15060578566,9728,281329,103,1,1,128,1,1,16,0.000,0.000,,,,,NVIDIA A100-SXM4-40GB MIG 4g.20gb (0),1,,13,cupy_copy__complex64_complex64
15060920674,21600,281339,1434,1,1,128,1,1,16,0.000,0.000,,,,,NVIDIA A100-SXM4-40GB MIG 4g.20gb (0),1,,13,cupy_copy__complex64_complex64
15061182848,4351,281346,103,1,1,128,1,1,16,0.000,0.000,,,,,NVIDIA A100-SXM4-40GB MIG 4g.20gb (0),1,,13,cupy_copy__complex64_complex64
15061664506,230814,281353,1,1,1,32,32,1,30,0.000,0.000,,,,,NVIDIA A100-SXM4-40GB MIG 4g.20gb (0),1,,13,"void convert_kernel<__half2, float2>(tensor_layout_any, T1 *, tensor_layout_any, const T2 *)"
15061924791,5440,281356,,,,,,,,,,0.094,17223.480,Pinned,Device,NVIDIA A100-SXM4-40GB MIG 4g.20gb (0),1,,13,[CUDA memcpy Host-to-Device]
15062133045,51551,281357,,,,,,,,,,35.810,694640.828,Device,,NVIDIA A100-SXM4-40GB MIG 4g.20gb (0),1,,13,[CUDA memset]
15062185396,5856,281359,,,,,,,,,,0.000,13.661,Pinned,Device,NVIDIA A100-SXM4-40GB MIG 4g.20gb (0),1,,13,[CUDA memcpy Host-to-Device]
15062198100,13344,281360,,,,,,,,,,0.197,14733.804,Pinned,Device,NVIDIA A100-SXM4-40GB MIG 4g.20gb (0),1,,13,[CUDA memcpy Host-to-Device]
15062667023,14464,281361,273,1,1,48,1,1,40,0.000,0.001,,,,,NVIDIA A100-SXM4-40GB MIG 4g.20gb (0),1,,13,"void pusch_noise_intf_est::noiseIntfEstNoDftSOfdmKernel<float, __half, float, float, (unsigned int)2, (unsigned int)1, (unsigned char)4, (unsigned char)4>(pusch_noise_intf_est::puschRxNoiseIntfEstDynDescr)"
15063142729,4352,281372,35,1,1,128,1,1,16,0.000,0.000,,,,,NVIDIA A100-SXM4-40GB MIG 4g.20gb (0),1,,13,cupy_copy__complex64_complex64
15063617220,4512,281381,1,1,1,1,1,1,18,0.000,0.000,,,,,NVIDIA A100-SXM4-40GB MIG 4g.20gb (0),1,,13,cupy_copy__float32_float32
15063624068,3136,281387,,,,,,,,,,0.000,1.276,Device,Pageable,NVIDIA A100-SXM4-40GB MIG 4g.20gb (0),1,,7,[CUDA memcpy Device-to-Host]
15064107903,18335,281398,1434,1,1,128,1,1,16,0.000,0.000,,,,,NVIDIA A100-SXM4-40GB MIG 4g.20gb (0),1,,13,cupy_copy__complex64_complex64
15064608857,4704,281405,103,1,1,128,1,1,16,0.000,0.000,,,,,NVIDIA A100-SXM4-40GB MIG 4g.20gb (0),1,,13,cupy_copy__complex64_complex64
15065084756,9695,281412,35,1,1,128,1,1,16,0.000,0.000,,,,,NVIDIA A100-SXM4-40GB MIG 4g.20gb (0),1,,13,cupy_copy__complex64_complex64
15065499759,4256,281419,1,1,1,1,1,1,18,0.000,0.000,,,,,NVIDIA A100-SXM4-40GB MIG 4g.20gb (0),1,,13,cupy_copy__float32_float32
15065925162,225214,281430,1,1,1,32,32,1,30,0.000,0.000,,,,,NVIDIA A100-SXM4-40GB MIG 4g.20gb (0),1,,13,"void convert_kernel<__half2, float2>(tensor_layout_any, T1 *, tensor_layout_any, const T2 *)"
15066179975,5792,281433,,,,,,,,,,0.094,16176.708,Pinned,Device,NVIDIA A100-SXM4-40GB MIG 4g.20gb (0),1,,13,[CUDA memcpy Host-to-Device]
15066533411,7424,281434,,,,,,,,,,1.547,208327.160,Device,,NVIDIA A100-SXM4-40GB MIG 4g.20gb (0),1,,13,[CUDA memset]
15066544995,7680,281439,,,,,,,,,,0.031,4074.990,Pinned,Device,NVIDIA A100-SXM4-40GB MIG 4g.20gb (0),1,,13,[CUDA memcpy Host-to-Device]
15066559075,12992,281440,,,,,,,,,,0.197,15132.918,Pinned,Device,NVIDIA A100-SXM4-40GB MIG 4g.20gb (0),1,,13,[CUDA memcpy Host-to-Device]
15067030142,14559,281441,273,1,1,8,4,1,39,0.002,0.000,,,,,NVIDIA A100-SXM4-40GB MIG 4g.20gb (0),1,,13,"void channel_eq::eqMmseCoefCompLowMimoKernel<float, float, float, (unsigned int)4, (unsigned int)1, (unsigned int)4>(const channel_eq::_puschRxChEqStatDescr *, channel_eq::_puschRxChEqCoefCompDynDescr)"
15067530168,21408,281442,273,1,1,12,11,1,51,0.002,0.000,,,,,NVIDIA A100-SXM4-40GB MIG 4g.20gb (0),1,,13,"void channel_eq::eqMmseSoftDemapKernel<float, __half, __half, float, (unsigned int)4, (unsigned short)16383>(channel_eq::_puschRxChEqStatDescr *, channel_eq::_puschRxChEqSoftDemapDynDescr)"
15068031602,636057,281443,1,1,1,32,32,1,30,0.000,0.000,,,,,NVIDIA A100-SXM4-40GB MIG 4g.20gb (0),1,,13,"void convert_kernel<float2, __half2>(tensor_layout_any, T1 *, tensor_layout_any, const T2 *)"
15069028103,15200,281455,2253,1,1,128,1,1,16,0.000,0.000,,,,,NVIDIA A100-SXM4-40GB MIG 4g.20gb (0),1,,13,cupy_copy__float16_float16
15069525186,6399,281464,282,1,1,128,1,1,16,0.000,0.000,,,,,NVIDIA A100-SXM4-40GB MIG 4g.20gb (0),1,,13,cupy_copy__complex64_complex64
15069967901,8703,281473,26,1,1,128,1,1,16,0.000,0.000,,,,,NVIDIA A100-SXM4-40GB MIG 4g.20gb (0),1,,13,cupy_copy__float32_float32
15070378584,11168,281482,103,1,1,128,1,1,16,0.000,0.000,,,,,NVIDIA A100-SXM4-40GB MIG 4g.20gb (0),1,,13,cupy_copy__complex64_complex64
15070742804,21248,281492,1434,1,1,128,1,1,16,0.000,0.000,,,,,NVIDIA A100-SXM4-40GB MIG 4g.20gb (0),1,,13,cupy_copy__complex64_complex64
15071017009,235389,281497,1,1,1,32,32,1,30,0.000,0.000,,,,,NVIDIA A100-SXM4-40GB MIG 4g.20gb (0),1,,13,"void convert_kernel<__half2, float2>(tensor_layout_any, T1 *, tensor_layout_any, const T2 *)"
15071282766,5568,281500,,,,,,,,,,0.094,16827.521,Pinned,Device,NVIDIA A100-SXM4-40GB MIG 4g.20gb (0),1,,13,[CUDA memcpy Host-to-Device]
15071501995,609849,281501,,,,,,,,,,456.561,748304.200,Device,,NVIDIA A100-SXM4-40GB MIG 4g.20gb (0),1,,13,[CUDA memset]
15072118532,64128,281506,,,,,,,,,,1.235,19256.482,Pinned,Device,NVIDIA A100-SXM4-40GB MIG 4g.20gb (0),1,,13,[CUDA memcpy Host-to-Device]
15072185220,10239,281507,,,,,,,,,,0.197,19201.720,Pinned,Device,NVIDIA A100-SXM4-40GB MIG 4g.20gb (0),1,,13,[CUDA memcpy Host-to-Device]
15072600735,10752,281508,69,4,1,48,1,1,76,0.002,0.000,,,,,NVIDIA A100-SXM4-40GB MIG 4g.20gb (0),1,,13,"void ch_est::windowedChEstPreNoDftSOfdmKernel<float, __half, float, (unsigned int)2, (unsigned int)1, (unsigned short)4>(ch_est::puschRxChEstStatDescr_t *, ch_est::puschRxChEstDynDescr_t *)"
15073079193,23968,281509,137,2,1,24,2,1,44,0.001,0.001,,,,,NVIDIA A100-SXM4-40GB MIG 4g.20gb (0),1,,13,"void ch_est::chEstFilterNoDftSOfdmDispatchKernel<float, __half, float, (unsigned int)2>(ch_est::puschRxChEstStatDescr_t *, ch_est::puschRxChEstDynDescr_t *)"
15073542356,21856,281510,137,2,1,24,2,1,44,0.001,0.001,,,,,NVIDIA A100-SXM4-40GB MIG 4g.20gb (0),1,,13,"void ch_est::chEstFilterNoDftSOfdmDispatchKernel<float, __half, float, (unsigned int)2>(ch_est::puschRxChEstStatDescr_t *, ch_est::puschRxChEstDynDescr_t *)"
15073982095,4096,281521,103,1,1,128,1,1,16,0.000,0.000,,,,,NVIDIA A100-SXM4-40GB MIG 4g.20gb (0),1,,13,cupy_copy__complex64_complex64
15074346731,20736,281531,1434,1,1,128,1,1,16,0.000,0.000,,,,,NVIDIA A100-SXM4-40GB MIG 4g.20gb (0),1,,13,cupy_copy__complex64_complex64
15074616936,9792,281538,103,1,1,128,1,1,16,0.000,0.000,,,,,NVIDIA A100-SXM4-40GB MIG 4g.20gb (0),1,,13,cupy_copy__complex64_complex64
15075091459,226141,281545,1,1,1,32,32,1,30,0.000,0.000,,,,,NVIDIA A100-SXM4-40GB MIG 4g.20gb (0),1,,13,"void convert_kernel<__half2, float2>(tensor_layout_any, T1 *, tensor_layout_any, const T2 *)"
15075350848,6496,281548,,,,,,,,,,0.094,14423.562,Pinned,Device,NVIDIA A100-SXM4-40GB MIG 4g.20gb (0),1,,13,[CUDA memcpy Host-to-Device]
15075603165,52415,281549,,,,,,,,,,35.810,683181.654,Device,,NVIDIA A100-SXM4-40GB MIG 4g.20gb (0),1,,13,[CUDA memset]
15075661532,6208,281551,,,,,,,,,,0.000,12.887,Pinned,Device,NVIDIA A100-SXM4-40GB MIG 4g.20gb (0),1,,13,[CUDA memcpy Host-to-Device]
15075670300,16576,281552,,,,,,,,,,0.197,11860.967,Pinned,Device,NVIDIA A100-SXM4-40GB MIG 4g.20gb (0),1,,13,[CUDA memcpy Host-to-Device]
15076123671,29120,281553,273,1,1,48,1,1,40,0.000,0.001,,,,,NVIDIA A100-SXM4-40GB MIG 4g.20gb (0),1,,13,"void pusch_noise_intf_est::noiseIntfEstNoDftSOfdmKernel<float, __half, float, float, (unsigned int)2, (unsigned int)1, (unsigned char)4, (unsigned char)4>(pusch_noise_intf_est::puschRxNoiseIntfEstDynDescr)"
15076602706,10528,281564,35,1,1,128,1,1,16,0.000,0.000,,,,,NVIDIA A100-SXM4-40GB MIG 4g.20gb (0),1,,13,cupy_copy__complex64_complex64
15077052333,4128,281573,1,1,1,1,1,1,18,0.000,0.000,,,,,NVIDIA A100-SXM4-40GB MIG 4g.20gb (0),1,,13,cupy_copy__float32_float32
15077062893,4640,281579,,,,,,,,,,0.000,0.862,Device,Pageable,NVIDIA A100-SXM4-40GB MIG 4g.20gb (0),1,,7,[CUDA memcpy Device-to-Host]
15077570471,16928,281590,1434,1,1,128,1,1,16,0.000,0.000,,,,,NVIDIA A100-SXM4-40GB MIG 4g.20gb (0),1,,13,cupy_copy__complex64_complex64
15078025218,8864,281597,103,1,1,128,1,1,16,0.000,0.000,,,,,NVIDIA A100-SXM4-40GB MIG 4g.20gb (0),1,,13,cupy_copy__complex64_complex64
15078449117,9088,281604,35,1,1,128,1,1,16,0.000,0.000,,,,,NVIDIA A100-SXM4-40GB MIG 4g.20gb (0),1,,13,cupy_copy__complex64_complex64
15078790457,4448,281611,1,1,1,1,1,1,18,0.000,0.000,,,,,NVIDIA A100-SXM4-40GB MIG 4g.20gb (0),1,,13,cupy_copy__float32_float32
15079047254,206014,281622,1,1,1,32,32,1,30,0.000,0.000,,,,,NVIDIA A100-SXM4-40GB MIG 4g.20gb (0),1,,13,"void convert_kernel<__half2, float2>(tensor_layout_any, T1 *, tensor_layout_any, const T2 *)"
15079285460,6015,281625,,,,,,,,,,0.094,15577.054,Pinned,Device,NVIDIA A100-SXM4-40GB MIG 4g.20gb (0),1,,13,[CUDA memcpy Host-to-Device]
15079532817,4832,281626,,,,,,,,,,1.547,320078.477,Device,,NVIDIA A100-SXM4-40GB MIG 4g.20gb (0),1,,13,[CUDA memset]
15079538641,6016,281631,,,,,,,,,,0.031,5202.115,Pinned,Device,NVIDIA A100-SXM4-40GB MIG 4g.20gb (0),1,,13,[CUDA memcpy Host-to-Device]
15079550833,13375,281632,,,,,,,,,,0.197,14699.594,Pinned,Device,NVIDIA A100-SXM4-40GB MIG 4g.20gb (0),1,,13,[CUDA memcpy Host-to-Device]
15080021611,9536,281633,273,1,1,8,4,1,39,0.002,0.000,,,,,NVIDIA A100-SXM4-40GB MIG 4g.20gb (0),1,,13,"void channel_eq::eqMmseCoefCompLowMimoKernel<float, float, float, (unsigned int)4, (unsigned int)1, (unsigned int)4>(const channel_eq::_puschRxChEqStatDescr *, channel_eq::_puschRxChEqCoefCompDynDescr)"
15080514630,9472,281634,273,1,1,12,11,1,51,0.002,0.000,,,,,NVIDIA A100-SXM4-40GB MIG 4g.20gb (0),1,,13,"void channel_eq::eqMmseSoftDemapKernel<float, __half, __half, float, (unsigned int)4, (unsigned short)16383>(channel_eq::_puschRxChEqStatDescr *, channel_eq::_puschRxChEqSoftDemapDynDescr)"
15081004032,641561,281635,1,1,1,32,32,1,30,0.000,0.000,,,,,NVIDIA A100-SXM4-40GB MIG 4g.20gb (0),1,,13,"void convert_kernel<float2, __half2>(tensor_layout_any, T1 *, tensor_layout_any, const T2 *)"
15081989013,14752,281647,2253,1,1,128,1,1,16,0.000,0.000,,,,,NVIDIA A100-SXM4-40GB MIG 4g.20gb (0),1,,13,cupy_copy__float16_float16
15082620718,5216,281656,282,1,1,128,1,1,16,0.000,0.000,,,,,NVIDIA A100-SXM4-40GB MIG 4g.20gb (0),1,,13,cupy_copy__complex64_complex64
15083249415,4000,281665,26,1,1,128,1,1,16,0.000,0.000,,,,,NVIDIA A100-SXM4-40GB MIG 4g.20gb (0),1,,13,cupy_copy__float32_float32
15083874720,6720,281674,103,1,1,128,1,1,16,0.000,0.000,,,,,NVIDIA A100-SXM4-40GB MIG 4g.20gb (0),1,,13,cupy_copy__complex64_complex64
15084501273,18560,281684,1434,1,1,128,1,1,16,0.000,0.000,,,,,NVIDIA A100-SXM4-40GB MIG 4g.20gb (0),1,,13,cupy_copy__complex64_complex64
15085139154,228765,281689,1,1,1,32,32,1,30,0.000,0.000,,,,,NVIDIA A100-SXM4-40GB MIG 4g.20gb (0),1,,13,"void convert_kernel<__half2, float2>(tensor_layout_any, T1 *, tensor_layout_any, const T2 *)"
15085397455,8640,281692,,,,,,,,,,0.094,10844.375,Pinned,Device,NVIDIA A100-SXM4-40GB MIG 4g.20gb (0),1,,13,[CUDA memcpy Host-to-Device]
15085764683,607929,281693,,,,,,,,,,456.561,750587.007,Device,,NVIDIA A100-SXM4-40GB MIG 4g.20gb (0),1,,13,[CUDA memset]
15086375108,65855,281698,,,,,,,,,,1.235,18751.390,Pinned,Device,NVIDIA A100-SXM4-40GB MIG 4g.20gb (0),1,,13,[CUDA memcpy Host-to-Device]
15086443427,9824,281699,,,,,,,,,,0.197,20012.925,Pinned,Device,NVIDIA A100-SXM4-40GB MIG 4g.20gb (0),1,,13,[CUDA memcpy Host-to-Device]
15086968477,11424,281700,69,4,1,48,1,1,76,0.002,0.000,,,,,NVIDIA A100-SXM4-40GB MIG 4g.20gb (0),1,,13,"void ch_est::windowedChEstPreNoDftSOfdmKernel<float, __half, float, (unsigned int)2, (unsigned int)1, (unsigned short)4>(ch_est::puschRxChEstStatDescr_t *, ch_est::puschRxChEstDynDescr_t *)"
15087572534,11840,281701,137,2,1,24,2,1,44,0.001,0.001,,,,,NVIDIA A100-SXM4-40GB MIG 4g.20gb (0),1,,13,"void ch_est::chEstFilterNoDftSOfdmDispatchKernel<float, __half, float, (unsigned int)2>(ch_est::puschRxChEstStatDescr_t *, ch_est::puschRxChEstDynDescr_t *)"
15088052977,22304,281702,137,2,1,24,2,1,44,0.001,0.001,,,,,NVIDIA A100-SXM4-40GB MIG 4g.20gb (0),1,,13,"void ch_est::chEstFilterNoDftSOfdmDispatchKernel<float, __half, float, (unsigned int)2>(ch_est::puschRxChEstStatDescr_t *, ch_est::puschRxChEstDynDescr_t *)"
15088533899,9920,281713,103,1,1,128,1,1,16,0.000,0.000,,,,,NVIDIA A100-SXM4-40GB MIG 4g.20gb (0),1,,13,cupy_copy__complex64_complex64
15089010502,28256,281723,1434,1,1,128,1,1,16,0.000,0.000,,,,,NVIDIA A100-SXM4-40GB MIG 4g.20gb (0),1,,13,cupy_copy__complex64_complex64
15089363266,7424,281730,103,1,1,128,1,1,16,0.000,0.000,,,,,NVIDIA A100-SXM4-40GB MIG 4g.20gb (0),1,,13,cupy_copy__complex64_complex64
15089699582,243453,281737,1,1,1,32,32,1,30,0.000,0.000,,,,,NVIDIA A100-SXM4-40GB MIG 4g.20gb (0),1,,13,"void convert_kernel<__half2, float2>(tensor_layout_any, T1 *, tensor_layout_any, const T2 *)"
15089978011,10784,281740,,,,,,,,,,0.094,8688.336,Pinned,Device,NVIDIA A100-SXM4-40GB MIG 4g.20gb (0),1,,13,[CUDA memcpy Host-to-Device]
15090243480,55167,281741,,,,,,,,,,35.810,649090.610,Device,,NVIDIA A100-SXM4-40GB MIG 4g.20gb (0),1,,13,[CUDA memset]
15090306615,5056,281743,,,,,,,,,,0.000,15.823,Pinned,Device,NVIDIA A100-SXM4-40GB MIG 4g.20gb (0),1,,13,[CUDA memcpy Host-to-Device]
15090314999,20032,281744,,,,,,,,,,0.197,9814.671,Pinned,Device,NVIDIA A100-SXM4-40GB MIG 4g.20gb (0),1,,13,[CUDA memcpy Host-to-Device]
15090831313,25376,281745,273,1,1,48,1,1,40,0.000,0.001,,,,,NVIDIA A100-SXM4-40GB MIG 4g.20gb (0),1,,13,"void pusch_noise_intf_est::noiseIntfEstNoDftSOfdmKernel<float, __half, float, float, (unsigned int)2, (unsigned int)1, (unsigned char)4, (unsigned char)4>(pusch_noise_intf_est::puschRxNoiseIntfEstDynDescr)"
15091360044,12671,281756,35,1,1,128,1,1,16,0.000,0.000,,,,,NVIDIA A100-SXM4-40GB MIG 4g.20gb (0),1,,13,cupy_copy__complex64_complex64
15091854598,3936,281765,1,1,1,1,1,1,18,0.000,0.000,,,,,NVIDIA A100-SXM4-40GB MIG 4g.20gb (0),1,,13,cupy_copy__float32_float32
15091865126,1536,281771,,,,,,,,,,0.000,2.604,Device,Pageable,NVIDIA A100-SXM4-40GB MIG 4g.20gb (0),1,,7,[CUDA memcpy Device-to-Host]
15092425120,17599,281782,1434,1,1,128,1,1,16,0.000,0.000,,,,,NVIDIA A100-SXM4-40GB MIG 4g.20gb (0),1,,13,cupy_copy__complex64_complex64
15092908634,8544,281789,103,1,1,128,1,1,16,0.000,0.000,,,,,NVIDIA A100-SXM4-40GB MIG 4g.20gb (0),1,,13,cupy_copy__complex64_complex64
15093380245,3904,281796,35,1,1,128,1,1,16,0.000,0.000,,,,,NVIDIA A100-SXM4-40GB MIG 4g.20gb (0),1,,13,cupy_copy__complex64_complex64
15093806736,3936,281803,1,1,1,1,1,1,18,0.000,0.000,,,,,NVIDIA A100-SXM4-40GB MIG 4g.20gb (0),1,,13,cupy_copy__float32_float32
15094056045,229310,281814,1,1,1,32,32,1,30,0.000,0.000,,,,,NVIDIA A100-SXM4-40GB MIG 4g.20gb (0),1,,13,"void convert_kernel<__half2, float2>(tensor_layout_any, T1 *, tensor_layout_any, const T2 *)"
15094314378,5632,281817,,,,,,,,,,0.094,16636.287,Pinned,Device,NVIDIA A100-SXM4-40GB MIG 4g.20gb (0),1,,13,[CUDA memcpy Host-to-Device]
15094579975,8000,281818,,,,,,,,,,1.547,193328.000,Device,,NVIDIA A100-SXM4-40GB MIG 4g.20gb (0),1,,13,[CUDA memset]
15094590279,3232,281823,,,,,,,,,,0.031,9683.139,Pinned,Device,NVIDIA A100-SXM4-40GB MIG 4g.20gb (0),1,,13,[CUDA memcpy Host-to-Device]
15094600263,14784,281824,,,,,,,,,,0.197,13298.565,Pinned,Device,NVIDIA A100-SXM4-40GB MIG 4g.20gb (0),1,,13,[CUDA memcpy Host-to-Device]
15095116513,15680,281825,273,1,1,8,4,1,39,0.002,0.000,,,,,NVIDIA A100-SXM4-40GB MIG 4g.20gb (0),1,,13,"void channel_eq::eqMmseCoefCompLowMimoKernel<float, float, float, (unsigned int)4, (unsigned int)1, (unsigned int)4>(const channel_eq::_puschRxChEqStatDescr *, channel_eq::_puschRxChEqCoefCompDynDescr)"
15095649179,22336,281826,273,1,1,12,11,1,51,0.002,0.000,,,,,NVIDIA A100-SXM4-40GB MIG 4g.20gb (0),1,,13,"void channel_eq::eqMmseSoftDemapKernel<float, __half, __half, float, (unsigned int)4, (unsigned short)16383>(channel_eq::_puschRxChEqStatDescr *, channel_eq::_puschRxChEqSoftDemapDynDescr)"
15096103670,709528,281827,1,1,1,32,32,1,30,0.000,0.000,,,,,NVIDIA A100-SXM4-40GB MIG 4g.20gb (0),1,,13,"void convert_kernel<float2, __half2>(tensor_layout_any, T1 *, tensor_layout_any, const T2 *)"
15097235881,15040,281839,2253,1,1,128,1,1,16,0.000,0.000,,,,,NVIDIA A100-SXM4-40GB MIG 4g.20gb (0),1,,13,cupy_copy__float16_float16
15097775939,5088,281848,282,1,1,128,1,1,16,0.000,0.000,,,,,NVIDIA A100-SXM4-40GB MIG 4g.20gb (0),1,,13,cupy_copy__complex64_complex64
15098244190,6336,281857,26,1,1,128,1,1,16,0.000,0.000,,,,,NVIDIA A100-SXM4-40GB MIG 4g.20gb (0),1,,13,cupy_copy__float32_float32
15098739992,12096,281866,103,1,1,128,1,1,16,0.000,0.000,,,,,NVIDIA A100-SXM4-40GB MIG 4g.20gb (0),1,,13,cupy_copy__complex64_complex64
15099248787,17791,281876,1434,1,1,128,1,1,16,0.000,0.000,,,,,NVIDIA A100-SXM4-40GB MIG 4g.20gb (0),1,,13,cupy_copy__complex64_complex64
15099648526,300605,281881,1,1,1,32,32,1,30,0.000,0.000,,,,,NVIDIA A100-SXM4-40GB MIG 4g.20gb (0),1,,13,"void convert_kernel<__half2, float2>(tensor_layout_any, T1 *, tensor_layout_any, const T2 *)"
15099980458,5696,281884,,,,,,,,,,0.094,16449.363,Pinned,Device,NVIDIA A100-SXM4-40GB MIG 4g.20gb (0),1,,13,[CUDA memcpy Host-to-Device]
15100412230,611289,281885,,,,,,,,,,456.561,746477.954,Device,,NVIDIA A100-SXM4-40GB MIG 4g.20gb (0),1,,13,[CUDA memset]
15101027295,65087,281890,,,,,,,,,,1.235,18973.680,Pinned,Device,NVIDIA A100-SXM4-40GB MIG 4g.20gb (0),1,,13,[CUDA memcpy Host-to-Device]
15101095262,9440,281891,,,,,,,,,,0.197,20827.079,Pinned,Device,NVIDIA A100-SXM4-40GB MIG 4g.20gb (0),1,,13,[CUDA memcpy Host-to-Device]
15101549977,14208,281892,69,4,1,48,1,1,76,0.002,0.000,,,,,NVIDIA A100-SXM4-40GB MIG 4g.20gb (0),1,,13,"void ch_est::windowedChEstPreNoDftSOfdmKernel<float, __half, float, (unsigned int)2, (unsigned int)1, (unsigned short)4>(ch_est::puschRxChEstStatDescr_t *, ch_est::puschRxChEstDynDescr_t *)"
15102155218,13408,281893,137,2,1,24,2,1,44,0.001,0.001,,,,,NVIDIA A100-SXM4-40GB MIG 4g.20gb (0),1,,13,"void ch_est::chEstFilterNoDftSOfdmDispatchKernel<float, __half, float, (unsigned int)2>(ch_est::puschRxChEstStatDescr_t *, ch_est::puschRxChEstDynDescr_t *)"
15102755979,9760,281894,137,2,1,24,2,1,44,0.001,0.001,,,,,NVIDIA A100-SXM4-40GB MIG 4g.20gb (0),1,,13,"void ch_est::chEstFilterNoDftSOfdmDispatchKernel<float, __half, float, (unsigned int)2>(ch_est::puschRxChEstStatDescr_t *, ch_est::puschRxChEstDynDescr_t *)"
15103371652,5056,281905,103,1,1,128,1,1,16,0.000,0.000,,,,,NVIDIA A100-SXM4-40GB MIG 4g.20gb (0),1,,13,cupy_copy__complex64_complex64
15103988829,18272,281915,1434,1,1,128,1,1,16,0.000,0.000,,,,,NVIDIA A100-SXM4-40GB MIG 4g.20gb (0),1,,13,cupy_copy__complex64_complex64
15104616182,4448,281922,103,1,1,128,1,1,16,0.000,0.000,,,,,NVIDIA A100-SXM4-40GB MIG 4g.20gb (0),1,,13,cupy_copy__complex64_complex64
15105221359,202846,281929,1,1,1,32,32,1,30,0.000,0.000,,,,,NVIDIA A100-SXM4-40GB MIG 4g.20gb (0),1,,13,"void convert_kernel<__half2, float2>(tensor_layout_any, T1 *, tensor_layout_any, const T2 *)"
15105455213,8800,281932,,,,,,,,,,0.094,10647.239,Pinned,Device,NVIDIA A100-SXM4-40GB MIG 4g.20gb (0),1,,13,[CUDA memcpy Host-to-Device]
15105843848,48384,281933,,,,,,,,,,35.810,740083.617,Device,,NVIDIA A100-SXM4-40GB MIG 4g.20gb (0),1,,13,[CUDA memset]
15105896136,4608,281935,,,,,,,,,,0.000,17.361,Pinned,Device,NVIDIA A100-SXM4-40GB MIG 4g.20gb (0),1,,13,[CUDA memcpy Host-to-Device]
15105906920,13055,281936,,,,,,,,,,0.197,15059.976,Pinned,Device,NVIDIA A100-SXM4-40GB MIG 4g.20gb (0),1,,13,[CUDA memcpy Host-to-Device]
15106506369,15904,281937,273,1,1,48,1,1,40,0.000,0.001,,,,,NVIDIA A100-SXM4-40GB MIG 4g.20gb (0),1,,13,"void pusch_noise_intf_est::noiseIntfEstNoDftSOfdmKernel<float, __half, float, float, (unsigned int)2, (unsigned int)1, (unsigned char)4, (unsigned char)4>(pusch_noise_intf_est::puschRxNoiseIntfEstDynDescr)"
15106976220,9919,281948,35,1,1,128,1,1,16,0.000,0.000,,,,,NVIDIA A100-SXM4-40GB MIG 4g.20gb (0),1,,13,cupy_copy__complex64_complex64
15107456278,5504,281957,1,1,1,1,1,1,18,0.000,0.000,,,,,NVIDIA A100-SXM4-40GB MIG 4g.20gb (0),1,,13,cupy_copy__float32_float32
15107465270,1888,281963,,,,,,,,,,0.000,2.119,Device,Pageable,NVIDIA A100-SXM4-40GB MIG 4g.20gb (0),1,,7,[CUDA memcpy Device-to-Host]
15108036464,19583,281974,1434,1,1,128,1,1,16,0.000,0.000,,,,,NVIDIA A100-SXM4-40GB MIG 4g.20gb (0),1,,13,cupy_copy__complex64_complex64
15108566026,9280,281981,103,1,1,128,1,1,16,0.000,0.000,,,,,NVIDIA A100-SXM4-40GB MIG 4g.20gb (0),1,,13,cupy_copy__complex64_complex64
15109052516,4288,281988,35,1,1,128,1,1,16,0.000,0.000,,,,,NVIDIA A100-SXM4-40GB MIG 4g.20gb (0),1,,13,cupy_copy__complex64_complex64
15109489055,4160,281995,1,1,1,1,1,1,18,0.000,0.000,,,,,NVIDIA A100-SXM4-40GB MIG 4g.20gb (0),1,,13,cupy_copy__float32_float32
15109782044,246973,282006,1,1,1,32,32,1,30,0.000,0.000,,,,,NVIDIA A100-SXM4-40GB MIG 4g.20gb (0),1,,13,"void convert_kernel<__half2, float2>(tensor_layout_any, T1 *, tensor_layout_any, const T2 *)"
15110058457,5472,282009,,,,,,,,,,0.094,17122.757,Pinned,Device,NVIDIA A100-SXM4-40GB MIG 4g.20gb (0),1,,13,[CUDA memcpy Host-to-Device]
15110306166,12640,282010,,,,,,,,,,1.547,122358.065,Device,,NVIDIA A100-SXM4-40GB MIG 4g.20gb (0),1,,13,[CUDA memset]
15110327350,6464,282015,,,,,,,,,,0.031,4841.554,Pinned,Device,NVIDIA A100-SXM4-40GB MIG 4g.20gb (0),1,,13,[CUDA memcpy Host-to-Device]
15110341270,14975,282016,,,,,,,,,,0.197,13128.892,Pinned,Device,NVIDIA A100-SXM4-40GB MIG 4g.20gb (0),1,,13,[CUDA memcpy Host-to-Device]
15110841744,18656,282017,273,1,1,8,4,1,39,0.002,0.000,,,,,NVIDIA A100-SXM4-40GB MIG 4g.20gb (0),1,,13,"void channel_eq::eqMmseCoefCompLowMimoKernel<float, float, float, (unsigned int)4, (unsigned int)1, (unsigned int)4>(const channel_eq::_puschRxChEqStatDescr *, channel_eq::_puschRxChEqCoefCompDynDescr)"
15111311755,30111,282018,273,1,1,12,11,1,51,0.002,0.000,,,,,NVIDIA A100-SXM4-40GB MIG 4g.20gb (0),1,,13,"void channel_eq::eqMmseSoftDemapKernel<float, __half, __half, float, (unsigned int)4, (unsigned short)16383>(channel_eq::_puschRxChEqStatDescr *, channel_eq::_puschRxChEqSoftDemapDynDescr)"
15111846565,733495,282019,1,1,1,32,32,1,30,0.000,0.000,,,,,NVIDIA A100-SXM4-40GB MIG 4g.20gb (0),1,,13,"void convert_kernel<float2, __half2>(tensor_layout_any, T1 *, tensor_layout_any, const T2 *)"
15112891257,15968,282031,2253,1,1,128,1,1,16,0.000,0.000,,,,,NVIDIA A100-SXM4-40GB MIG 4g.20gb (0),1,,13,cupy_copy__float16_float16
15113378803,15808,282040,282,1,1,128,1,1,16,0.000,0.000,,,,,NVIDIA A100-SXM4-40GB MIG 4g.20gb (0),1,,13,cupy_copy__complex64_complex64
15113843598,3712,282049,26,1,1,128,1,1,16,0.000,0.000,,,,,NVIDIA A100-SXM4-40GB MIG 4g.20gb (0),1,,13,cupy_copy__float32_float32
15114238378,8864,282058,103,1,1,128,1,1,16,0.000,0.000,,,,,NVIDIA A100-SXM4-40GB MIG 4g.20gb (0),1,,13,cupy_copy__complex64_complex64
15114527590,19680,282068,1434,1,1,128,1,1,16,0.000,0.000,,,,,NVIDIA A100-SXM4-40GB MIG 4g.20gb (0),1,,13,cupy_copy__complex64_complex64
15115058784,239134,282073,1,1,1,32,32,1,30,0.000,0.000,,,,,NVIDIA A100-SXM4-40GB MIG 4g.20gb (0),1,,13,"void convert_kernel<__half2, float2>(tensor_layout_any, T1 *, tensor_layout_any, const T2 *)"
15115327421,5408,282076,,,,,,,,,,0.094,17325.421,Pinned,Device,NVIDIA A100-SXM4-40GB MIG 4g.20gb (0),1,,13,[CUDA memcpy Host-to-Device]
15115584891,609593,282077,,,,,,,,,,456.561,748760.762,Device,,NVIDIA A100-SXM4-40GB MIG 4g.20gb (0),1,,13,[CUDA memset]
15116202676,63199,282082,,,,,,,,,,1.235,19540.519,Pinned,Device,NVIDIA A100-SXM4-40GB MIG 4g.20gb (0),1,,13,[CUDA memcpy Host-to-Device]
15116268307,10112,282083,,,,,,,,,,0.197,19442.958,Pinned,Device,NVIDIA A100-SXM4-40GB MIG 4g.20gb (0),1,,13,[CUDA memcpy Host-to-Device]
15118107198,12928,282084,69,4,1,48,1,1,76,0.002,0.000,,,,,NVIDIA A100-SXM4-40GB MIG 4g.20gb (0),1,,13,"void ch_est::windowedChEstPreNoDftSOfdmKernel<float, __half, float, (unsigned int)2, (unsigned int)1, (unsigned short)4>(ch_est::puschRxChEstStatDescr_t *, ch_est::puschRxChEstDynDescr_t *)"
15118623672,12576,282085,137,2,1,24,2,1,44,0.001,0.001,,,,,NVIDIA A100-SXM4-40GB MIG 4g.20gb (0),1,,13,"void ch_est::chEstFilterNoDftSOfdmDispatchKernel<float, __half, float, (unsigned int)2>(ch_est::puschRxChEstStatDescr_t *, ch_est::puschRxChEstDynDescr_t *)"
15119155762,11744,282086,137,2,1,24,2,1,44,0.001,0.001,,,,,NVIDIA A100-SXM4-40GB MIG 4g.20gb (0),1,,13,"void ch_est::chEstFilterNoDftSOfdmDispatchKernel<float, __half, float, (unsigned int)2>(ch_est::puschRxChEstStatDescr_t *, ch_est::puschRxChEstDynDescr_t *)"
15119676940,5568,282097,103,1,1,128,1,1,16,0.000,0.000,,,,,NVIDIA A100-SXM4-40GB MIG 4g.20gb (0),1,,13,cupy_copy__complex64_complex64
15120154759,17440,282107,1434,1,1,128,1,1,16,0.000,0.000,,,,,NVIDIA A100-SXM4-40GB MIG 4g.20gb (0),1,,13,cupy_copy__complex64_complex64
15120647905,9504,282114,103,1,1,128,1,1,16,0.000,0.000,,,,,NVIDIA A100-SXM4-40GB MIG 4g.20gb (0),1,,13,cupy_copy__complex64_complex64
15121058813,290205,282121,1,1,1,32,32,1,30,0.000,0.000,,,,,NVIDIA A100-SXM4-40GB MIG 4g.20gb (0),1,,13,"void convert_kernel<__half2, float2>(tensor_layout_any, T1 *, tensor_layout_any, const T2 *)"
15121380249,8416,282124,,,,,,,,,,0.094,11133.052,Pinned,Device,NVIDIA A100-SXM4-40GB MIG 4g.20gb (0),1,,13,[CUDA memcpy Host-to-Device]
15121831124,47744,282125,,,,,,,,,,35.810,750038.774,Device,,NVIDIA A100-SXM4-40GB MIG 4g.20gb (0),1,,13,[CUDA memset]
15121882804,4832,282127,,,,,,,,,,0.000,16.556,Pinned,Device,NVIDIA A100-SXM4-40GB MIG 4g.20gb (0),1,,13,[CUDA memcpy Host-to-Device]
15121892787,11712,282128,,,,,,,,,,0.197,16786.784,Pinned,Device,NVIDIA A100-SXM4-40GB MIG 4g.20gb (0),1,,13,[CUDA memcpy Host-to-Device]
15122489005,16512,282129,273,1,1,48,1,1,40,0.000,0.001,,,,,NVIDIA A100-SXM4-40GB MIG 4g.20gb (0),1,,13,"void pusch_noise_intf_est::noiseIntfEstNoDftSOfdmKernel<float, __half, float, float, (unsigned int)2, (unsigned int)1, (unsigned char)4, (unsigned char)4>(pusch_noise_intf_est::puschRxNoiseIntfEstDynDescr)"
15123094886,5184,282140,35,1,1,128,1,1,16,0.000,0.000,,,,,NVIDIA A100-SXM4-40GB MIG 4g.20gb (0),1,,13,cupy_copy__complex64_complex64
15123701951,3616,282149,1,1,1,1,1,1,18,0.000,0.000,,,,,NVIDIA A100-SXM4-40GB MIG 4g.20gb (0),1,,13,cupy_copy__float32_float32
15123714239,2624,282155,,,,,,,,,,0.000,1.524,Device,Pageable,NVIDIA A100-SXM4-40GB MIG 4g.20gb (0),1,,7,[CUDA memcpy Device-to-Host]
15124310648,18016,282166,1434,1,1,128,1,1,16,0.000,0.000,,,,,NVIDIA A100-SXM4-40GB MIG 4g.20gb (0),1,,13,cupy_copy__complex64_complex64
15124848978,4480,282173,103,1,1,128,1,1,16,0.000,0.000,,,,,NVIDIA A100-SXM4-40GB MIG 4g.20gb (0),1,,13,cupy_copy__complex64_complex64
15125379596,5280,282180,35,1,1,128,1,1,16,0.000,0.000,,,,,NVIDIA A100-SXM4-40GB MIG 4g.20gb (0),1,,13,cupy_copy__complex64_complex64
15125908422,7424,282187,1,1,1,1,1,1,18,0.000,0.000,,,,,NVIDIA A100-SXM4-40GB MIG 4g.20gb (0),1,,13,cupy_copy__float32_float32
15126293442,240989,282198,1,1,1,32,32,1,30,0.000,0.000,,,,,NVIDIA A100-SXM4-40GB MIG 4g.20gb (0),1,,13,"void convert_kernel<__half2, float2>(tensor_layout_any, T1 *, tensor_layout_any, const T2 *)"
15126564095,5568,282201,,,,,,,,,,0.094,16827.521,Pinned,Device,NVIDIA A100-SXM4-40GB MIG 4g.20gb (0),1,,13,[CUDA memcpy Host-to-Device]
15126729597,6592,282202,,,,,,,,,,1.547,234621.314,Device,,NVIDIA A100-SXM4-40GB MIG 4g.20gb (0),1,,13,[CUDA memset]
15126738653,3168,282207,,,,,,,,,,0.031,9878.770,Pinned,Device,NVIDIA A100-SXM4-40GB MIG 4g.20gb (0),1,,13,[CUDA memcpy Host-to-Device]
15126745245,11488,282208,,,,,,,,,,0.197,17114.137,Pinned,Device,NVIDIA A100-SXM4-40GB MIG 4g.20gb (0),1,,13,[CUDA memcpy Host-to-Device]
15127164600,21248,282209,273,1,1,8,4,1,39,0.002,0.000,,,,,NVIDIA A100-SXM4-40GB MIG 4g.20gb (0),1,,13,"void channel_eq::eqMmseCoefCompLowMimoKernel<float, float, float, (unsigned int)4, (unsigned int)1, (unsigned int)4>(const channel_eq::_puschRxChEqStatDescr *, channel_eq::_puschRxChEqCoefCompDynDescr)"
15127608595,24352,282210,273,1,1,12,11,1,51,0.002,0.000,,,,,NVIDIA A100-SXM4-40GB MIG 4g.20gb (0),1,,13,"void channel_eq::eqMmseSoftDemapKernel<float, __half, __half, float, (unsigned int)4, (unsigned short)16383>(channel_eq::_puschRxChEqStatDescr *, channel_eq::_puschRxChEqSoftDemapDynDescr)"
15128012111,761015,282211,1,1,1,32,32,1,30,0.000,0.000,,,,,NVIDIA A100-SXM4-40GB MIG 4g.20gb (0),1,,13,"void convert_kernel<float2, __half2>(tensor_layout_any, T1 *, tensor_layout_any, const T2 *)"
15129248001,25567,282223,2253,1,1,128,1,1,16,0.000,0.000,,,,,NVIDIA A100-SXM4-40GB MIG 4g.20gb (0),1,,13,cupy_copy__float16_float16
15129909913,11616,282232,282,1,1,128,1,1,16,0.000,0.000,,,,,NVIDIA A100-SXM4-40GB MIG 4g.20gb (0),1,,13,cupy_copy__complex64_complex64
15130568306,11968,282241,26,1,1,128,1,1,16,0.000,0.000,,,,,NVIDIA A100-SXM4-40GB MIG 4g.20gb (0),1,,13,cupy_copy__float32_float32
15131159563,9184,282250,103,1,1,128,1,1,16,0.000,0.000,,,,,NVIDIA A100-SXM4-40GB MIG 4g.20gb (0),1,,13,cupy_copy__complex64_complex64
15131589382,22176,282260,1434,1,1,128,1,1,16,0.000,0.000,,,,,NVIDIA A100-SXM4-40GB MIG 4g.20gb (0),1,,13,cupy_copy__complex64_complex64
15132061921,237277,282265,1,1,1,32,32,1,30,0.000,0.000,,,,,NVIDIA A100-SXM4-40GB MIG 4g.20gb (0),1,,13,"void convert_kernel<__half2, float2>(tensor_layout_any, T1 *, tensor_layout_any, const T2 *)"
15132329214,5824,282268,,,,,,,,,,0.094,16087.884,Pinned,Device,NVIDIA A100-SXM4-40GB MIG 4g.20gb (0),1,,13,[CUDA memcpy Host-to-Device]
15132749337,622521,282269,,,,,,,,,,456.561,733237.673,Device,,NVIDIA A100-SXM4-40GB MIG 4g.20gb (0),1,,13,[CUDA memset]
15133375826,59135,282274,,,,,,,,,,1.235,20882.903,Pinned,Device,NVIDIA A100-SXM4-40GB MIG 4g.20gb (0),1,,13,[CUDA memcpy Host-to-Device]
15133437457,9824,282275,,,,,,,,,,0.197,20012.925,Pinned,Device,NVIDIA A100-SXM4-40GB MIG 4g.20gb (0),1,,13,[CUDA memcpy Host-to-Device]
15134065130,14304,282276,69,4,1,48,1,1,76,0.002,0.000,,,,,NVIDIA A100-SXM4-40GB MIG 4g.20gb (0),1,,13,"void ch_est::windowedChEstPreNoDftSOfdmKernel<float, __half, float, (unsigned int)2, (unsigned int)1, (unsigned short)4>(ch_est::puschRxChEstStatDescr_t *, ch_est::puschRxChEstDynDescr_t *)"
15134763682,11712,282277,137,2,1,24,2,1,44,0.001,0.001,,,,,NVIDIA A100-SXM4-40GB MIG 4g.20gb (0),1,,13,"void ch_est::chEstFilterNoDftSOfdmDispatchKernel<float, __half, float, (unsigned int)2>(ch_est::puschRxChEstStatDescr_t *, ch_est::puschRxChEstDynDescr_t *)"
15135453851,11008,282278,137,2,1,24,2,1,44,0.001,0.001,,,,,NVIDIA A100-SXM4-40GB MIG 4g.20gb (0),1,,13,"void ch_est::chEstFilterNoDftSOfdmDispatchKernel<float, __half, float, (unsigned int)2>(ch_est::puschRxChEstStatDescr_t *, ch_est::puschRxChEstDynDescr_t *)"
15136092051,7584,282289,103,1,1,128,1,1,16,0.000,0.000,,,,,NVIDIA A100-SXM4-40GB MIG 4g.20gb (0),1,,13,cupy_copy__complex64_complex64
15136747436,19392,282299,1434,1,1,128,1,1,16,0.000,0.000,,,,,NVIDIA A100-SXM4-40GB MIG 4g.20gb (0),1,,13,cupy_copy__complex64_complex64
15137349605,6752,282306,103,1,1,128,1,1,16,0.000,0.000,,,,,NVIDIA A100-SXM4-40GB MIG 4g.20gb (0),1,,13,cupy_copy__complex64_complex64
15137779552,229886,282313,1,1,1,32,32,1,30,0.000,0.000,,,,,NVIDIA A100-SXM4-40GB MIG 4g.20gb (0),1,,13,"void convert_kernel<__half2, float2>(tensor_layout_any, T1 *, tensor_layout_any, const T2 *)"
15138038558,5727,282316,,,,,,,,,,0.094,16360.352,Pinned,Device,NVIDIA A100-SXM4-40GB MIG 4g.20gb (0),1,,13,[CUDA memcpy Host-to-Device]
15138475385,72863,282317,,,,,,,,,,35.810,491455.342,Device,,NVIDIA A100-SXM4-40GB MIG 4g.20gb (0),1,,13,[CUDA memset]
15138554840,6272,282319,,,,,,,,,,0.000,12.755,Pinned,Device,NVIDIA A100-SXM4-40GB MIG 4g.20gb (0),1,,13,[CUDA memcpy Host-to-Device]
15138564280,10111,282320,,,,,,,,,,0.197,19444.924,Pinned,Device,NVIDIA A100-SXM4-40GB MIG 4g.20gb (0),1,,13,[CUDA memcpy Host-to-Device]
15139025938,17856,282321,273,1,1,48,1,1,40,0.000,0.001,,,,,NVIDIA A100-SXM4-40GB MIG 4g.20gb (0),1,,13,"void pusch_noise_intf_est::noiseIntfEstNoDftSOfdmKernel<float, __half, float, float, (unsigned int)2, (unsigned int)1, (unsigned char)4, (unsigned char)4>(pusch_noise_intf_est::puschRxNoiseIntfEstDynDescr)"
15139721323,6335,282332,35,1,1,128,1,1,16,0.000,0.000,,,,,NVIDIA A100-SXM4-40GB MIG 4g.20gb (0),1,,13,cupy_copy__complex64_complex64
15140362467,6176,282341,1,1,1,1,1,1,18,0.000,0.000,,,,,NVIDIA A100-SXM4-40GB MIG 4g.20gb (0),1,,13,cupy_copy__float32_float32
15140376579,2784,282347,,,,,,,,,,0.000,1.437,Device,Pageable,NVIDIA A100-SXM4-40GB MIG 4g.20gb (0),1,,7,[CUDA memcpy Device-to-Host]
15141155290,19008,282358,1434,1,1,128,1,1,16,0.000,0.000,,,,,NVIDIA A100-SXM4-40GB MIG 4g.20gb (0),1,,13,cupy_copy__complex64_complex64
15141851571,5887,282365,103,1,1,128,1,1,16,0.000,0.000,,,,,NVIDIA A100-SXM4-40GB MIG 4g.20gb (0),1,,13,cupy_copy__complex64_complex64
15142269806,7360,282372,35,1,1,128,1,1,16,0.000,0.000,,,,,NVIDIA A100-SXM4-40GB MIG 4g.20gb (0),1,,13,cupy_copy__complex64_complex64
15142929446,4864,282379,1,1,1,1,1,1,18,0.000,0.000,,,,,NVIDIA A100-SXM4-40GB MIG 4g.20gb (0),1,,13,cupy_copy__float32_float32
15143567103,267261,282390,1,1,1,32,32,1,30,0.000,0.000,,,,,NVIDIA A100-SXM4-40GB MIG 4g.20gb (0),1,,13,"void convert_kernel<__half2, float2>(tensor_layout_any, T1 *, tensor_layout_any, const T2 *)"
15143873788,5472,282393,,,,,,,,,,0.094,17122.757,Pinned,Device,NVIDIA A100-SXM4-40GB MIG 4g.20gb (0),1,,13,[CUDA memcpy Host-to-Device]
15144527860,7200,282394,,,,,,,,,,1.547,214807.514,Device,,NVIDIA A100-SXM4-40GB MIG 4g.20gb (0),1,,13,[CUDA memset]
15144536308,6944,282399,,,,,,,,,,0.031,4506.906,Pinned,Device,NVIDIA A100-SXM4-40GB MIG 4g.20gb (0),1,,13,[CUDA memcpy Host-to-Device]
15144550420,14432,282400,,,,,,,,,,0.197,13622.968,Pinned,Device,NVIDIA A100-SXM4-40GB MIG 4g.20gb (0),1,,13,[CUDA memcpy Host-to-Device]
15145264076,15264,282401,273,1,1,8,4,1,39,0.002,0.000,,,,,NVIDIA A100-SXM4-40GB MIG 4g.20gb (0),1,,13,"void channel_eq::eqMmseCoefCompLowMimoKernel<float, float, float, (unsigned int)4, (unsigned int)1, (unsigned int)4>(const channel_eq::_puschRxChEqStatDescr *, channel_eq::_puschRxChEqCoefCompDynDescr)"
15145993572,20832,282402,273,1,1,12,11,1,51,0.002,0.000,,,,,NVIDIA A100-SXM4-40GB MIG 4g.20gb (0),1,,13,"void channel_eq::eqMmseSoftDemapKernel<float, __half, __half, float, (unsigned int)4, (unsigned short)16383>(channel_eq::_puschRxChEqStatDescr *, channel_eq::_puschRxChEqSoftDemapDynDescr)"
15146691164,630457,282403,1,1,1,32,32,1,30,0.000,0.000,,,,,NVIDIA A100-SXM4-40GB MIG 4g.20gb (0),1,,13,"void convert_kernel<float2, __half2>(tensor_layout_any, T1 *, tensor_layout_any, const T2 *)"
15147701169,18111,282415,2253,1,1,128,1,1,16,0.000,0.000,,,,,NVIDIA A100-SXM4-40GB MIG 4g.20gb (0),1,,13,cupy_copy__float16_float16
15148207275,6848,282424,282,1,1,128,1,1,16,0.000,0.000,,,,,NVIDIA A100-SXM4-40GB MIG 4g.20gb (0),1,,13,cupy_copy__complex64_complex64
15148821668,9600,282433,26,1,1,128,1,1,16,0.000,0.000,,,,,NVIDIA A100-SXM4-40GB MIG 4g.20gb (0),1,,13,cupy_copy__float32_float32
15149442813,7552,282442,103,1,1,128,1,1,16,0.000,0.000,,,,,NVIDIA A100-SXM4-40GB MIG 4g.20gb (0),1,,13,cupy_copy__complex64_complex64
15149869144,21376,282452,1434,1,1,128,1,1,16,0.000,0.000,,,,,NVIDIA A100-SXM4-40GB MIG 4g.20gb (0),1,,13,cupy_copy__complex64_complex64
15150336947,251965,282457,1,1,1,32,32,1,30,0.000,0.000,,,,,NVIDIA A100-SXM4-40GB MIG 4g.20gb (0),1,,13,"void convert_kernel<__half2, float2>(tensor_layout_any, T1 *, tensor_layout_any, const T2 *)"
15150618416,5792,282460,,,,,,,,,,0.094,16176.708,Pinned,Device,NVIDIA A100-SXM4-40GB MIG 4g.20gb (0),1,,13,[CUDA memcpy Host-to-Device]
15151028939,615161,282461,,,,,,,,,,456.561,741912.340,Device,,NVIDIA A100-SXM4-40GB MIG 4g.20gb (0),1,,13,[CUDA memset]
15151645380,71711,282466,,,,,,,,,,1.235,17220.059,Pinned,Device,NVIDIA A100-SXM4-40GB MIG 4g.20gb (0),1,,13,[CUDA memcpy Host-to-Device]
15151719555,10560,282467,,,,,,,,,,0.197,18617.991,Pinned,Device,NVIDIA A100-SXM4-40GB MIG 4g.20gb (0),1,,13,[CUDA memcpy Host-to-Device]
15152326237,21279,282468,69,4,1,48,1,1,76,0.002,0.000,,,,,NVIDIA A100-SXM4-40GB MIG 4g.20gb (0),1,,13,"void ch_est::windowedChEstPreNoDftSOfdmKernel<float, __half, float, (unsigned int)2, (unsigned int)1, (unsigned short)4>(ch_est::puschRxChEstStatDescr_t *, ch_est::puschRxChEstDynDescr_t *)"
15153019413,19647,282469,137,2,1,24,2,1,44,0.001,0.001,,,,,NVIDIA A100-SXM4-40GB MIG 4g.20gb (0),1,,13,"void ch_est::chEstFilterNoDftSOfdmDispatchKernel<float, __half, float, (unsigned int)2>(ch_est::puschRxChEstStatDescr_t *, ch_est::puschRxChEstDynDescr_t *)"
15153717453,19200,282470,137,2,1,24,2,1,44,0.001,0.001,,,,,NVIDIA A100-SXM4-40GB MIG 4g.20gb (0),1,,13,"void ch_est::chEstFilterNoDftSOfdmDispatchKernel<float, __half, float, (unsigned int)2>(ch_est::puschRxChEstStatDescr_t *, ch_est::puschRxChEstDynDescr_t *)"
15154410949,14624,282481,103,1,1,128,1,1,16,0.000,0.000,,,,,NVIDIA A100-SXM4-40GB MIG 4g.20gb (0),1,,13,cupy_copy__complex64_complex64
15155057982,21056,282491,1434,1,1,128,1,1,16,0.000,0.000,,,,,NVIDIA A100-SXM4-40GB MIG 4g.20gb (0),1,,13,cupy_copy__complex64_complex64
15155720630,9280,282498,103,1,1,128,1,1,16,0.000,0.000,,,,,NVIDIA A100-SXM4-40GB MIG 4g.20gb (0),1,,13,cupy_copy__complex64_complex64
15156311024,288284,282505,1,1,1,32,32,1,30,0.000,0.000,,,,,NVIDIA A100-SXM4-40GB MIG 4g.20gb (0),1,,13,"void convert_kernel<__half2, float2>(tensor_layout_any, T1 *, tensor_layout_any, const T2 *)"
15156633932,5472,282508,,,,,,,,,,0.094,17122.757,Pinned,Device,NVIDIA A100-SXM4-40GB MIG 4g.20gb (0),1,,13,[CUDA memcpy Host-to-Device]
15157149734,55264,282509,,,,,,,,,,35.810,647944.692,Device,,NVIDIA A100-SXM4-40GB MIG 4g.20gb (0),1,,13,[CUDA memset]
15157206918,5279,282511,,,,,,,,,,0.000,15.154,Pinned,Device,NVIDIA A100-SXM4-40GB MIG 4g.20gb (0),1,,13,[CUDA memcpy Host-to-Device]
15157215333,13024,282512,,,,,,,,,,0.197,15095.759,Pinned,Device,NVIDIA A100-SXM4-40GB MIG 4g.20gb (0),1,,13,[CUDA memcpy Host-to-Device]
15157931261,23552,282513,273,1,1,48,1,1,40,0.000,0.001,,,,,NVIDIA A100-SXM4-40GB MIG 4g.20gb (0),1,,13,"void pusch_noise_intf_est::noiseIntfEstNoDftSOfdmKernel<float, __half, float, float, (unsigned int)2, (unsigned int)1, (unsigned char)4, (unsigned char)4>(pusch_noise_intf_est::puschRxNoiseIntfEstDynDescr)"
15158647989,9088,282524,35,1,1,128,1,1,16,0.000,0.000,,,,,NVIDIA A100-SXM4-40GB MIG 4g.20gb (0),1,,13,cupy_copy__complex64_complex64
15159326798,6336,282533,1,1,1,1,1,1,18,0.000,0.000,,,,,NVIDIA A100-SXM4-40GB MIG 4g.20gb (0),1,,13,cupy_copy__float32_float32
15159336782,5503,282539,,,,,,,,,,0.000,0.727,Device,Pageable,NVIDIA A100-SXM4-40GB MIG 4g.20gb (0),1,,7,[CUDA memcpy Device-to-Host]
15160084869,18496,282550,1434,1,1,128,1,1,16,0.000,0.000,,,,,NVIDIA A100-SXM4-40GB MIG 4g.20gb (0),1,,13,cupy_copy__complex64_complex64
15160772605,12416,282557,103,1,1,128,1,1,16,0.000,0.000,,,,,NVIDIA A100-SXM4-40GB MIG 4g.20gb (0),1,,13,cupy_copy__complex64_complex64
15161389622,7616,282564,35,1,1,128,1,1,16,0.000,0.000,,,,,NVIDIA A100-SXM4-40GB MIG 4g.20gb (0),1,,13,cupy_copy__complex64_complex64
15161849137,3904,282571,1,1,1,1,1,1,18,0.000,0.000,,,,,NVIDIA A100-SXM4-40GB MIG 4g.20gb (0),1,,13,cupy_copy__float32_float32
15162344172,232221,282582,1,1,1,32,32,1,30,0.000,0.000,,,,,NVIDIA A100-SXM4-40GB MIG 4g.20gb (0),1,,13,"void convert_kernel<__half2, float2>(tensor_layout_any, T1 *, tensor_layout_any, const T2 *)"
15162606153,6240,282585,,,,,,,,,,0.094,15015.346,Pinned,Device,NVIDIA A100-SXM4-40GB MIG 4g.20gb (0),1,,13,[CUDA memcpy Host-to-Device]
15163065316,4703,282586,,,,,,,,,,1.547,328858.661,Device,,NVIDIA A100-SXM4-40GB MIG 4g.20gb (0),1,,13,[CUDA memset]
15163079427,4544,282591,,,,,,,,,,0.031,6887.311,Pinned,Device,NVIDIA A100-SXM4-40GB MIG 4g.20gb (0),1,,13,[CUDA memcpy Host-to-Device]
15163090051,12544,282592,,,,,,,,,,0.197,15673.393,Pinned,Device,NVIDIA A100-SXM4-40GB MIG 4g.20gb (0),1,,13,[CUDA memcpy Host-to-Device]
15163789851,11648,282593,273,1,1,8,4,1,39,0.002,0.000,,,,,NVIDIA A100-SXM4-40GB MIG 4g.20gb (0),1,,13,"void channel_eq::eqMmseCoefCompLowMimoKernel<float, float, float, (unsigned int)4, (unsigned int)1, (unsigned int)4>(const channel_eq::_puschRxChEqStatDescr *, channel_eq::_puschRxChEqCoefCompDynDescr)"
15164518131,16352,282594,273,1,1,12,11,1,51,0.002,0.000,,,,,NVIDIA A100-SXM4-40GB MIG 4g.20gb (0),1,,13,"void channel_eq::eqMmseSoftDemapKernel<float, __half, __half, float, (unsigned int)4, (unsigned short)16383>(channel_eq::_puschRxChEqStatDescr *, channel_eq::_puschRxChEqSoftDemapDynDescr)"
15165163564,708664,282595,1,1,1,32,32,1,30,0.000,0.000,,,,,NVIDIA A100-SXM4-40GB MIG 4g.20gb (0),1,,13,"void convert_kernel<float2, __half2>(tensor_layout_any, T1 *, tensor_layout_any, const T2 *)"
15166629531,18912,282607,2253,1,1,128,1,1,16,0.000,0.000,,,,,NVIDIA A100-SXM4-40GB MIG 4g.20gb (0),1,,13,cupy_copy__float16_float16
15167331827,6304,282616,282,1,1,128,1,1,16,0.000,0.000,,,,,NVIDIA A100-SXM4-40GB MIG 4g.20gb (0),1,,13,cupy_copy__complex64_complex64
15167847854,5440,282625,26,1,1,128,1,1,16,0.000,0.000,,,,,NVIDIA A100-SXM4-40GB MIG 4g.20gb (0),1,,13,cupy_copy__float32_float32
15168398919,5824,282634,103,1,1,128,1,1,16,0.000,0.000,,,,,NVIDIA A100-SXM4-40GB MIG 4g.20gb (0),1,,13,cupy_copy__complex64_complex64
15169185407,18719,282644,1434,1,1,128,1,1,16,0.000,0.000,,,,,NVIDIA A100-SXM4-40GB MIG 4g.20gb (0),1,,13,cupy_copy__complex64_complex64
15169981462,245565,282649,1,1,1,32,32,1,30,0.000,0.000,,,,,NVIDIA A100-SXM4-40GB MIG 4g.20gb (0),1,,13,"void convert_kernel<__half2, float2>(tensor_layout_any, T1 *, tensor_layout_any, const T2 *)"
15170258002,5856,282652,,,,,,,,,,0.094,15999.997,Pinned,Device,NVIDIA A100-SXM4-40GB MIG 4g.20gb (0),1,,13,[CUDA memcpy Host-to-Device]
15170761709,605241,282653,,,,,,,,,,456.561,754239.499,Device,,NVIDIA A100-SXM4-40GB MIG 4g.20gb (0),1,,13,[CUDA memset]
15171368358,63455,282658,,,,,,,,,,1.235,19461.482,Pinned,Device,NVIDIA A100-SXM4-40GB MIG 4g.20gb (0),1,,13,[CUDA memcpy Host-to-Device]
15171434245,9632,282659,,,,,,,,,,0.197,20411.843,Pinned,Device,NVIDIA A100-SXM4-40GB MIG 4g.20gb (0),1,,13,[CUDA memcpy Host-to-Device]
15172153981,14688,282660,69,4,1,48,1,1,76,0.002,0.000,,,,,NVIDIA A100-SXM4-40GB MIG 4g.20gb (0),1,,13,"void ch_est::windowedChEstPreNoDftSOfdmKernel<float, __half, float, (unsigned int)2, (unsigned int)1, (unsigned short)4>(ch_est::puschRxChEstStatDescr_t *, ch_est::puschRxChEstDynDescr_t *)"
15172790934,24064,282661,137,2,1,24,2,1,44,0.001,0.001,,,,,NVIDIA A100-SXM4-40GB MIG 4g.20gb (0),1,,13,"void ch_est::chEstFilterNoDftSOfdmDispatchKernel<float, __half, float, (unsigned int)2>(ch_est::puschRxChEstStatDescr_t *, ch_est::puschRxChEstDynDescr_t *)"
15173481038,23616,282662,137,2,1,24,2,1,44,0.001,0.001,,,,,NVIDIA A100-SXM4-40GB MIG 4g.20gb (0),1,,13,"void ch_est::chEstFilterNoDftSOfdmDispatchKernel<float, __half, float, (unsigned int)2>(ch_est::puschRxChEstStatDescr_t *, ch_est::puschRxChEstDynDescr_t *)"
15174082951,6336,282673,103,1,1,128,1,1,16,0.000,0.000,,,,,NVIDIA A100-SXM4-40GB MIG 4g.20gb (0),1,,13,cupy_copy__complex64_complex64
15174515075,22751,282683,1434,1,1,128,1,1,16,0.000,0.000,,,,,NVIDIA A100-SXM4-40GB MIG 4g.20gb (0),1,,13,cupy_copy__complex64_complex64
15174985085,12000,282690,103,1,1,128,1,1,16,0.000,0.000,,,,,NVIDIA A100-SXM4-40GB MIG 4g.20gb (0),1,,13,cupy_copy__complex64_complex64
15175637814,268573,282697,1,1,1,32,32,1,30,0.000,0.000,,,,,NVIDIA A100-SXM4-40GB MIG 4g.20gb (0),1,,13,"void convert_kernel<__half2, float2>(tensor_layout_any, T1 *, tensor_layout_any, const T2 *)"
15175936338,5760,282700,,,,,,,,,,0.094,16266.656,Pinned,Device,NVIDIA A100-SXM4-40GB MIG 4g.20gb (0),1,,13,[CUDA memcpy Host-to-Device]
15176124176,62304,282701,,,,,,,,,,35.810,574749.216,Device,,NVIDIA A100-SXM4-40GB MIG 4g.20gb (0),1,,13,[CUDA memset]
15176189904,5408,282703,,,,,,,,,,0.000,14.793,Pinned,Device,NVIDIA A100-SXM4-40GB MIG 4g.20gb (0),1,,13,[CUDA memcpy Host-to-Device]
15176202479,15296,282704,,,,,,,,,,0.197,12853.445,Pinned,Device,NVIDIA A100-SXM4-40GB MIG 4g.20gb (0),1,,13,[CUDA memcpy Host-to-Device]
15176619499,24992,282705,273,1,1,48,1,1,40,0.000,0.001,,,,,NVIDIA A100-SXM4-40GB MIG 4g.20gb (0),1,,13,"void pusch_noise_intf_est::noiseIntfEstNoDftSOfdmKernel<float, __half, float, float, (unsigned int)2, (unsigned int)1, (unsigned char)4, (unsigned char)4>(pusch_noise_intf_est::puschRxNoiseIntfEstDynDescr)"
15177057990,12192,282716,35,1,1,128,1,1,16,0.000,0.000,,,,,NVIDIA A100-SXM4-40GB MIG 4g.20gb (0),1,,13,cupy_copy__complex64_complex64
15177519681,4128,282725,1,1,1,1,1,1,18,0.000,0.000,,,,,NVIDIA A100-SXM4-40GB MIG 4g.20gb (0),1,,13,cupy_copy__float32_float32
15177526561,1984,282731,,,,,,,,,,0.000,2.016,Device,Pageable,NVIDIA A100-SXM4-40GB MIG 4g.20gb (0),1,,7,[CUDA memcpy Device-to-Host]
15177991131,20032,282742,1434,1,1,128,1,1,16,0.000,0.000,,,,,NVIDIA A100-SXM4-40GB MIG 4g.20gb (0),1,,13,cupy_copy__complex64_complex64
15178426358,13472,282749,103,1,1,128,1,1,16,0.000,0.000,,,,,NVIDIA A100-SXM4-40GB MIG 4g.20gb (0),1,,13,cupy_copy__complex64_complex64
15178874481,11840,282756,35,1,1,128,1,1,16,0.000,0.000,,,,,NVIDIA A100-SXM4-40GB MIG 4g.20gb (0),1,,13,cupy_copy__complex64_complex64
15179174254,4672,282763,1,1,1,1,1,1,18,0.000,0.000,,,,,NVIDIA A100-SXM4-40GB MIG 4g.20gb (0),1,,13,cupy_copy__float32_float32
15179412235,241758,282774,1,1,1,32,32,1,30,0.000,0.000,,,,,NVIDIA A100-SXM4-40GB MIG 4g.20gb (0),1,,13,"void convert_kernel<__half2, float2>(tensor_layout_any, T1 *, tensor_layout_any, const T2 *)"
15179684552,8768,282777,,,,,,,,,,0.094,10686.122,Pinned,Device,NVIDIA A100-SXM4-40GB MIG 4g.20gb (0),1,,13,[CUDA memcpy Host-to-Device]
15179876134,5344,282778,,,,,,,,,,1.547,289412.016,Device,,NVIDIA A100-SXM4-40GB MIG 4g.20gb (0),1,,13,[CUDA memset]
15179887910,8384,282783,,,,,,,,,,0.031,3732.799,Pinned,Device,NVIDIA A100-SXM4-40GB MIG 4g.20gb (0),1,,13,[CUDA memcpy Host-to-Device]
15179899462,12672,282784,,,,,,,,,,0.197,15515.124,Pinned,Device,NVIDIA A100-SXM4-40GB MIG 4g.20gb (0),1,,13,[CUDA memcpy Host-to-Device]
15180344353,17696,282785,273,1,1,8,4,1,39,0.002,0.000,,,,,NVIDIA A100-SXM4-40GB MIG 4g.20gb (0),1,,13,"void channel_eq::eqMmseCoefCompLowMimoKernel<float, float, float, (unsigned int)4, (unsigned int)1, (unsigned int)4>(const channel_eq::_puschRxChEqStatDescr *, channel_eq::_puschRxChEqCoefCompDynDescr)"
15180755772,40032,282786,273,1,1,12,11,1,51,0.002,0.000,,,,,NVIDIA A100-SXM4-40GB MIG 4g.20gb (0),1,,13,"void channel_eq::eqMmseSoftDemapKernel<float, __half, __half, float, (unsigned int)4, (unsigned short)16383>(channel_eq::_puschRxChEqStatDescr *, channel_eq::_puschRxChEqSoftDemapDynDescr)"
15181231351,724856,282787,1,1,1,32,32,1,30,0.000,0.000,,,,,NVIDIA A100-SXM4-40GB MIG 4g.20gb (0),1,,13,"void convert_kernel<float2, __half2>(tensor_layout_any, T1 *, tensor_layout_any, const T2 *)"
15182202508,14912,282799,2253,1,1,128,1,1,16,0.000,0.000,,,,,NVIDIA A100-SXM4-40GB MIG 4g.20gb (0),1,,13,cupy_copy__float16_float16
15182675047,5951,282808,282,1,1,128,1,1,16,0.000,0.000,,,,,NVIDIA A100-SXM4-40GB MIG 4g.20gb (0),1,,13,cupy_copy__complex64_complex64
15183138337,5024,282817,26,1,1,128,1,1,16,0.000,0.000,,,,,NVIDIA A100-SXM4-40GB MIG 4g.20gb (0),1,,13,cupy_copy__float32_float32
15183600924,8256,282826,103,1,1,128,1,1,16,0.000,0.000,,,,,NVIDIA A100-SXM4-40GB MIG 4g.20gb (0),1,,13,cupy_copy__complex64_complex64
15184071543,18528,282842,1434,1,1,128,1,1,16,0.000,0.000,,,,,NVIDIA A100-SXM4-40GB MIG 4g.20gb (0),1,,13,cupy_copy__complex64_complex64
15184498130,233469,282847,1,1,1,32,32,1,30,0.000,0.000,,,,,NVIDIA A100-SXM4-40GB MIG 4g.20gb (0),1,,13,"void convert_kernel<__half2, float2>(tensor_layout_any, T1 *, tensor_layout_any, const T2 *)"
15184761231,6016,282850,,,,,,,,,,0.094,15574.430,Pinned,Device,NVIDIA A100-SXM4-40GB MIG 4g.20gb (0),1,,13,[CUDA memcpy Host-to-Device]
15184963949,612729,282851,,,,,,,,,,456.561,745108.270,Device,,NVIDIA A100-SXM4-40GB MIG 4g.20gb (0),1,,13,[CUDA memset]
15185580838,71263,282856,,,,,,,,,,1.235,17328.734,Pinned,Device,NVIDIA A100-SXM4-40GB MIG 4g.20gb (0),1,,13,[CUDA memcpy Host-to-Device]
15185654533,11360,282857,,,,,,,,,,0.197,17307.009,Pinned,Device,NVIDIA A100-SXM4-40GB MIG 4g.20gb (0),1,,13,[CUDA memcpy Host-to-Device]
15186070432,15456,282858,69,4,1,48,1,1,76,0.002,0.000,,,,,NVIDIA A100-SXM4-40GB MIG 4g.20gb (0),1,,13,"void ch_est::windowedChEstPreNoDftSOfdmKernel<float, __half, float, (unsigned int)2, (unsigned int)1, (unsigned short)4>(ch_est::puschRxChEstStatDescr_t *, ch_est::puschRxChEstDynDescr_t *)"
15186564667,10816,282859,137,2,1,24,2,1,44,0.001,0.001,,,,,NVIDIA A100-SXM4-40GB MIG 4g.20gb (0),1,,13,"void ch_est::chEstFilterNoDftSOfdmDispatchKernel<float, __half, float, (unsigned int)2>(ch_est::puschRxChEstStatDescr_t *, ch_est::puschRxChEstDynDescr_t *)"
15187054837,9760,282860,137,2,1,24,2,1,44,0.001,0.001,,,,,NVIDIA A100-SXM4-40GB MIG 4g.20gb (0),1,,13,"void ch_est::chEstFilterNoDftSOfdmDispatchKernel<float, __half, float, (unsigned int)2>(ch_est::puschRxChEstStatDescr_t *, ch_est::puschRxChEstDynDescr_t *)"
15187547696,4384,282871,103,1,1,128,1,1,16,0.000,0.000,,,,,NVIDIA A100-SXM4-40GB MIG 4g.20gb (0),1,,13,cupy_copy__complex64_complex64
15188610500,17823,282881,1434,1,1,128,1,1,16,0.000,0.000,,,,,NVIDIA A100-SXM4-40GB MIG 4g.20gb (0),1,,13,cupy_copy__complex64_complex64
15189446266,15136,282888,103,1,1,128,1,1,16,0.000,0.000,,,,,NVIDIA A100-SXM4-40GB MIG 4g.20gb (0),1,,13,cupy_copy__complex64_complex64
15189811926,293565,282895,1,1,1,32,32,1,30,0.000,0.000,,,,,NVIDIA A100-SXM4-40GB MIG 4g.20gb (0),1,,13,"void convert_kernel<__half2, float2>(tensor_layout_any, T1 *, tensor_layout_any, const T2 *)"
15190136370,5984,282898,,,,,,,,,,0.094,15657.726,Pinned,Device,NVIDIA A100-SXM4-40GB MIG 4g.20gb (0),1,,13,[CUDA memcpy Host-to-Device]
15190479439,73087,282899,,,,,,,,,,35.810,489951.325,Device,,NVIDIA A100-SXM4-40GB MIG 4g.20gb (0),1,,13,[CUDA memset]
15190559246,5696,282901,,,,,,,,,,0.000,14.045,Pinned,Device,NVIDIA A100-SXM4-40GB MIG 4g.20gb (0),1,,13,[CUDA memcpy Host-to-Device]
15190571438,13055,282902,,,,,,,,,,0.197,15059.976,Pinned,Device,NVIDIA A100-SXM4-40GB MIG 4g.20gb (0),1,,13,[CUDA memcpy Host-to-Device]
15190900298,70687,282903,273,1,1,48,1,1,40,0.000,0.001,,,,,NVIDIA A100-SXM4-40GB MIG 4g.20gb (0),1,,13,"void pusch_noise_intf_est::noiseIntfEstNoDftSOfdmKernel<float, __half, float, float, (unsigned int)2, (unsigned int)1, (unsigned char)4, (unsigned char)4>(pusch_noise_intf_est::puschRxNoiseIntfEstDynDescr)"
15191313477,20992,282914,35,1,1,128,1,1,16,0.000,0.000,,,,,NVIDIA A100-SXM4-40GB MIG 4g.20gb (0),1,,13,cupy_copy__complex64_complex64
15191435204,4512,282923,1,1,1,1,1,1,18,0.000,0.000,,,,,NVIDIA A100-SXM4-40GB MIG 4g.20gb (0),1,,13,cupy_copy__float32_float32
15191443364,3616,282929,,,,,,,,,,0.000,1.106,Device,Pageable,NVIDIA A100-SXM4-40GB MIG 4g.20gb (0),1,,7,[CUDA memcpy Device-to-Host]
15191865535,25408,282940,1434,1,1,128,1,1,16,0.000,0.000,,,,,NVIDIA A100-SXM4-40GB MIG 4g.20gb (0),1,,13,cupy_copy__complex64_complex64
15192325338,6848,282947,103,1,1,128,1,1,16,0.000,0.000,,,,,NVIDIA A100-SXM4-40GB MIG 4g.20gb (0),1,,13,cupy_copy__complex64_complex64
15192443416,5824,282954,35,1,1,128,1,1,16,0.000,0.000,,,,,NVIDIA A100-SXM4-40GB MIG 4g.20gb (0),1,,13,cupy_copy__complex64_complex64
15192855220,9664,282961,1,1,1,1,1,1,18,0.000,0.000,,,,,NVIDIA A100-SXM4-40GB MIG 4g.20gb (0),1,,13,cupy_copy__float32_float32
15193259439,300317,282972,1,1,1,32,32,1,30,0.000,0.000,,,,,NVIDIA A100-SXM4-40GB MIG 4g.20gb (0),1,,13,"void convert_kernel<__half2, float2>(tensor_layout_any, T1 *, tensor_layout_any, const T2 *)"
15193589228,5536,282975,,,,,,,,,,0.094,16924.777,Pinned,Device,NVIDIA A100-SXM4-40GB MIG 4g.20gb (0),1,,13,[CUDA memcpy Host-to-Device]
15193852329,7424,282976,,,,,,,,,,1.547,208327.160,Device,,NVIDIA A100-SXM4-40GB MIG 4g.20gb (0),1,,13,[CUDA memset]
15193867368,3040,282981,,,,,,,,,,0.031,10294.725,Pinned,Device,NVIDIA A100-SXM4-40GB MIG 4g.20gb (0),1,,13,[CUDA memcpy Host-to-Device]
15193873864,10464,282982,,,,,,,,,,0.197,18788.844,Pinned,Device,NVIDIA A100-SXM4-40GB MIG 4g.20gb (0),1,,13,[CUDA memcpy Host-to-Device]
15194318915,56928,282983,273,1,1,8,4,1,39,0.002,0.000,,,,,NVIDIA A100-SXM4-40GB MIG 4g.20gb (0),1,,13,"void channel_eq::eqMmseCoefCompLowMimoKernel<float, float, float, (unsigned int)4, (unsigned int)1, (unsigned int)4>(const channel_eq::_puschRxChEqStatDescr *, channel_eq::_puschRxChEqCoefCompDynDescr)"
15195289528,27456,282984,273,1,1,12,11,1,51,0.002,0.000,,,,,NVIDIA A100-SXM4-40GB MIG 4g.20gb (0),1,,13,"void channel_eq::eqMmseSoftDemapKernel<float, __half, __half, float, (unsigned int)4, (unsigned short)16383>(channel_eq::_puschRxChEqStatDescr *, channel_eq::_puschRxChEqSoftDemapDynDescr)"
15195430327,1106003,282985,1,1,1,32,32,1,30,0.000,0.000,,,,,NVIDIA A100-SXM4-40GB MIG 4g.20gb (0),1,,13,"void convert_kernel<float2, __half2>(tensor_layout_any, T1 *, tensor_layout_any, const T2 *)"
15196838215,14784,282997,2253,1,1,128,1,1,16,0.000,0.000,,,,,NVIDIA A100-SXM4-40GB MIG 4g.20gb (0),1,,13,cupy_copy__float16_float16
15197287394,9440,283006,282,1,1,128,1,1,16,0.000,0.000,,,,,NVIDIA A100-SXM4-40GB MIG 4g.20gb (0),1,,13,cupy_copy__complex64_complex64
15197397889,3904,283015,26,1,1,128,1,1,16,0.000,0.000,,,,,NVIDIA A100-SXM4-40GB MIG 4g.20gb (0),1,,13,cupy_copy__float32_float32
15197773084,7264,283024,103,1,1,128,1,1,16,0.000,0.000,,,,,NVIDIA A100-SXM4-40GB MIG 4g.20gb (0),1,,13,cupy_copy__complex64_complex64
15197926843,20159,283034,1434,1,1,128,1,1,16,0.000,0.000,,,,,NVIDIA A100-SXM4-40GB MIG 4g.20gb (0),1,,13,cupy_copy__complex64_complex64
15198416981,268701,283039,1,1,1,32,32,1,30,0.000,0.000,,,,,NVIDIA A100-SXM4-40GB MIG 4g.20gb (0),1,,13,"void convert_kernel<__half2, float2>(tensor_layout_any, T1 *, tensor_layout_any, const T2 *)"
15198714706,5632,283042,,,,,,,,,,0.094,16636.287,Pinned,Device,NVIDIA A100-SXM4-40GB MIG 4g.20gb (0),1,,13,[CUDA memcpy Host-to-Device]
15198979535,616313,283043,,,,,,,,,,456.561,740542.656,Device,,NVIDIA A100-SXM4-40GB MIG 4g.20gb (0),1,,13,[CUDA memset]
15199603752,63743,283048,,,,,,,,,,1.235,19372.567,Pinned,Device,NVIDIA A100-SXM4-40GB MIG 4g.20gb (0),1,,13,[CUDA memcpy Host-to-Device]
15199669991,10304,283049,,,,,,,,,,0.197,19080.610,Pinned,Device,NVIDIA A100-SXM4-40GB MIG 4g.20gb (0),1,,13,[CUDA memcpy Host-to-Device]
15200058211,23935,283050,69,4,1,48,1,1,76,0.002,0.000,,,,,NVIDIA A100-SXM4-40GB MIG 4g.20gb (0),1,,13,"void ch_est::windowedChEstPreNoDftSOfdmKernel<float, __half, float, (unsigned int)2, (unsigned int)1, (unsigned short)4>(ch_est::puschRxChEstStatDescr_t *, ch_est::puschRxChEstDynDescr_t *)"
15200483550,53567,283051,137,2,1,24,2,1,44,0.001,0.001,,,,,NVIDIA A100-SXM4-40GB MIG 4g.20gb (0),1,,13,"void ch_est::chEstFilterNoDftSOfdmDispatchKernel<float, __half, float, (unsigned int)2>(ch_est::puschRxChEstStatDescr_t *, ch_est::puschRxChEstDynDescr_t *)"
15200954969,58623,283052,137,2,1,24,2,1,44,0.001,0.001,,,,,NVIDIA A100-SXM4-40GB MIG 4g.20gb (0),1,,13,"void ch_est::chEstFilterNoDftSOfdmDispatchKernel<float, __half, float, (unsigned int)2>(ch_est::puschRxChEstStatDescr_t *, ch_est::puschRxChEstDynDescr_t *)"
15202183403,6144,283063,103,1,1,128,1,1,16,0.000,0.000,,,,,NVIDIA A100-SXM4-40GB MIG 4g.20gb (0),1,,13,cupy_copy__complex64_complex64
15203067169,20544,283073,1434,1,1,128,1,1,16,0.000,0.000,,,,,NVIDIA A100-SXM4-40GB MIG 4g.20gb (0),1,,13,cupy_copy__complex64_complex64
15203411645,6400,283080,103,1,1,128,1,1,16,0.000,0.000,,,,,NVIDIA A100-SXM4-40GB MIG 4g.20gb (0),1,,13,cupy_copy__complex64_complex64
15203571099,239069,283087,1,1,1,32,32,1,30,0.000,0.000,,,,,NVIDIA A100-SXM4-40GB MIG 4g.20gb (0),1,,13,"void convert_kernel<__half2, float2>(tensor_layout_any, T1 *, tensor_layout_any, const T2 *)"
15203847192,11104,283090,,,,,,,,,,0.094,8437.981,Pinned,Device,NVIDIA A100-SXM4-40GB MIG 4g.20gb (0),1,,13,[CUDA memcpy Host-to-Device]
15204020054,56735,283091,,,,,,,,,,35.810,631149.840,Device,,NVIDIA A100-SXM4-40GB MIG 4g.20gb (0),1,,13,[CUDA memset]
15204078517,7232,283093,,,,,,,,,,0.000,11.062,Pinned,Device,NVIDIA A100-SXM4-40GB MIG 4g.20gb (0),1,,13,[CUDA memcpy Host-to-Device]
15204090389,12544,283094,,,,,,,,,,0.197,15673.393,Pinned,Device,NVIDIA A100-SXM4-40GB MIG 4g.20gb (0),1,,13,[CUDA memcpy Host-to-Device]
15204549328,63711,283095,273,1,1,48,1,1,40,0.000,0.001,,,,,NVIDIA A100-SXM4-40GB MIG 4g.20gb (0),1,,13,"void pusch_noise_intf_est::noiseIntfEstNoDftSOfdmKernel<float, __half, float, float, (unsigned int)2, (unsigned int)1, (unsigned char)4, (unsigned char)4>(pusch_noise_intf_est::puschRxNoiseIntfEstDynDescr)"
15205013259,10496,283106,35,1,1,128,1,1,16,0.000,0.000,,,,,NVIDIA A100-SXM4-40GB MIG 4g.20gb (0),1,,13,cupy_copy__complex64_complex64
15205431750,3808,283115,1,1,1,1,1,1,18,0.000,0.000,,,,,NVIDIA A100-SXM4-40GB MIG 4g.20gb (0),1,,13,cupy_copy__float32_float32
15205439462,1600,283121,,,,,,,,,,0.000,2.500,Device,Pageable,NVIDIA A100-SXM4-40GB MIG 4g.20gb (0),1,,7,[CUDA memcpy Device-to-Host]
15205621668,16864,283132,1434,1,1,128,1,1,16,0.000,0.000,,,,,NVIDIA A100-SXM4-40GB MIG 4g.20gb (0),1,,13,cupy_copy__complex64_complex64
15206094047,4352,283139,103,1,1,128,1,1,16,0.000,0.000,,,,,NVIDIA A100-SXM4-40GB MIG 4g.20gb (0),1,,13,cupy_copy__complex64_complex64
15206558201,4352,283146,35,1,1,128,1,1,16,0.000,0.000,,,,,NVIDIA A100-SXM4-40GB MIG 4g.20gb (0),1,,13,cupy_copy__complex64_complex64
15207000724,3520,283153,1,1,1,1,1,1,18,0.000,0.000,,,,,NVIDIA A100-SXM4-40GB MIG 4g.20gb (0),1,,13,cupy_copy__float32_float32
15207111763,285757,283164,1,1,1,32,32,1,30,0.000,0.000,,,,,NVIDIA A100-SXM4-40GB MIG 4g.20gb (0),1,,13,"void convert_kernel<__half2, float2>(tensor_layout_any, T1 *, tensor_layout_any, const T2 *)"
15207426736,5632,283167,,,,,,,,,,0.094,16636.287,Pinned,Device,NVIDIA A100-SXM4-40GB MIG 4g.20gb (0),1,,13,[CUDA memcpy Host-to-Device]
15207574286,12736,283168,,,,,,,,,,1.547,121436.277,Device,,NVIDIA A100-SXM4-40GB MIG 4g.20gb (0),1,,13,[CUDA memset]
15207589646,6880,283173,,,,,,,,,,0.031,4548.811,Pinned,Device,NVIDIA A100-SXM4-40GB MIG 4g.20gb (0),1,,13,[CUDA memcpy Host-to-Device]
15207602190,10272,283174,,,,,,,,,,0.197,19140.182,Pinned,Device,NVIDIA A100-SXM4-40GB MIG 4g.20gb (0),1,,13,[CUDA memcpy Host-to-Device]
15207970378,37919,283175,273,1,1,8,4,1,39,0.002,0.000,,,,,NVIDIA A100-SXM4-40GB MIG 4g.20gb (0),1,,13,"void channel_eq::eqMmseCoefCompLowMimoKernel<float, float, float, (unsigned int)4, (unsigned int)1, (unsigned int)4>(const channel_eq::_puschRxChEqStatDescr *, channel_eq::_puschRxChEqCoefCompDynDescr)"
15209411033,26048,283176,273,1,1,12,11,1,51,0.002,0.000,,,,,NVIDIA A100-SXM4-40GB MIG 4g.20gb (0),1,,13,"void channel_eq::eqMmseSoftDemapKernel<float, __half, __half, float, (unsigned int)4, (unsigned short)16383>(channel_eq::_puschRxChEqStatDescr *, channel_eq::_puschRxChEqSoftDemapDynDescr)"
15209591703,677689,283177,1,1,1,32,32,1,30,0.000,0.000,,,,,NVIDIA A100-SXM4-40GB MIG 4g.20gb (0),1,,13,"void convert_kernel<float2, __half2>(tensor_layout_any, T1 *, tensor_layout_any, const T2 *)"
15210426510,28832,283189,2253,1,1,128,1,1,16,0.000,0.000,,,,,NVIDIA A100-SXM4-40GB MIG 4g.20gb (0),1,,13,cupy_copy__float16_float16
15210841385,12000,283198,282,1,1,128,1,1,16,0.000,0.000,,,,,NVIDIA A100-SXM4-40GB MIG 4g.20gb (0),1,,13,cupy_copy__complex64_complex64
15211175909,4480,283207,26,1,1,128,1,1,16,0.000,0.000,,,,,NVIDIA A100-SXM4-40GB MIG 4g.20gb (0),1,,13,cupy_copy__float32_float32
15211355331,8448,283216,103,1,1,128,1,1,16,0.000,0.000,,,,,NVIDIA A100-SXM4-40GB MIG 4g.20gb (0),1,,13,cupy_copy__complex64_complex64
15211741503,21952,283226,1434,1,1,128,1,1,16,0.000,0.000,,,,,NVIDIA A100-SXM4-40GB MIG 4g.20gb (0),1,,13,cupy_copy__complex64_complex64
15211839870,237405,283231,1,1,1,32,32,1,30,0.000,0.000,,,,,NVIDIA A100-SXM4-40GB MIG 4g.20gb (0),1,,13,"void convert_kernel<__half2, float2>(tensor_layout_any, T1 *, tensor_layout_any, const T2 *)"
15212106811,5536,283234,,,,,,,,,,0.094,16924.777,Pinned,Device,NVIDIA A100-SXM4-40GB MIG 4g.20gb (0),1,,13,[CUDA memcpy Host-to-Device]
15212312825,617049,283235,,,,,,,,,,456.561,739629.533,Device,,NVIDIA A100-SXM4-40GB MIG 4g.20gb (0),1,,13,[CUDA memset]
15212935186,65695,283240,,,,,,,,,,1.235,18797.083,Pinned,Device,NVIDIA A100-SXM4-40GB MIG 4g.20gb (0),1,,13,[CUDA memcpy Host-to-Device]
15213003313,10976,283241,,,,,,,,,,0.197,17912.365,Pinned,Device,NVIDIA A100-SXM4-40GB MIG 4g.20gb (0),1,,13,[CUDA memcpy Host-to-Device]
15213391276,24896,283242,69,4,1,48,1,1,76,0.002,0.000,,,,,NVIDIA A100-SXM4-40GB MIG 4g.20gb (0),1,,13,"void ch_est::windowedChEstPreNoDftSOfdmKernel<float, __half, float, (unsigned int)2, (unsigned int)1, (unsigned short)4>(ch_est::puschRxChEstStatDescr_t *, ch_est::puschRxChEstDynDescr_t *)"
15213748648,44480,283243,137,2,1,24,2,1,44,0.001,0.001,,,,,NVIDIA A100-SXM4-40GB MIG 4g.20gb (0),1,,13,"void ch_est::chEstFilterNoDftSOfdmDispatchKernel<float, __half, float, (unsigned int)2>(ch_est::puschRxChEstStatDescr_t *, ch_est::puschRxChEstDynDescr_t *)"
15214076421,13312,283244,137,2,1,24,2,1,44,0.001,0.001,,,,,NVIDIA A100-SXM4-40GB MIG 4g.20gb (0),1,,13,"void ch_est::chEstFilterNoDftSOfdmDispatchKernel<float, __half, float, (unsigned int)2>(ch_est::puschRxChEstStatDescr_t *, ch_est::puschRxChEstDynDescr_t *)"
15214269347,5023,283255,103,1,1,128,1,1,16,0.000,0.000,,,,,NVIDIA A100-SXM4-40GB MIG 4g.20gb (0),1,,13,cupy_copy__complex64_complex64
15214675006,18624,283265,1434,1,1,128,1,1,16,0.000,0.000,,,,,NVIDIA A100-SXM4-40GB MIG 4g.20gb (0),1,,13,cupy_copy__complex64_complex64
15215631763,16960,283272,103,1,1,128,1,1,16,0.000,0.000,,,,,NVIDIA A100-SXM4-40GB MIG 4g.20gb (0),1,,13,cupy_copy__complex64_complex64
15216157485,251613,283279,1,1,1,32,32,1,30,0.000,0.000,,,,,NVIDIA A100-SXM4-40GB MIG 4g.20gb (0),1,,13,"void convert_kernel<__half2, float2>(tensor_layout_any, T1 *, tensor_layout_any, const T2 *)"
15216438858,6240,283282,,,,,,,,,,0.094,15015.346,Pinned,Device,NVIDIA A100-SXM4-40GB MIG 4g.20gb (0),1,,13,[CUDA memcpy Host-to-Device]
15216576297,82655,283283,,,,,,,,,,35.810,433228.412,Device,,NVIDIA A100-SXM4-40GB MIG 4g.20gb (0),1,,13,[CUDA memset]
15216664424,2336,283285,,,,,,,,,,0.000,34.247,Pinned,Device,NVIDIA A100-SXM4-40GB MIG 4g.20gb (0),1,,13,[CUDA memcpy Host-to-Device]
15216669480,13663,283286,,,,,,,,,,0.197,14389.740,Pinned,Device,NVIDIA A100-SXM4-40GB MIG 4g.20gb (0),1,,13,[CUDA memcpy Host-to-Device]
15217049027,56512,283287,273,1,1,48,1,1,40,0.000,0.001,,,,,NVIDIA A100-SXM4-40GB MIG 4g.20gb (0),1,,13,"void pusch_noise_intf_est::noiseIntfEstNoDftSOfdmKernel<float, __half, float, float, (unsigned int)2, (unsigned int)1, (unsigned char)4, (unsigned char)4>(pusch_noise_intf_est::puschRxNoiseIntfEstDynDescr)"
15217472702,10144,283298,35,1,1,128,1,1,16,0.000,0.000,,,,,NVIDIA A100-SXM4-40GB MIG 4g.20gb (0),1,,13,cupy_copy__complex64_complex64
15217588253,3744,283307,1,1,1,1,1,1,18,0.000,0.000,,,,,NVIDIA A100-SXM4-40GB MIG 4g.20gb (0),1,,13,cupy_copy__float32_float32
15217596189,2528,283313,,,,,,,,,,0.000,1.582,Device,Pageable,NVIDIA A100-SXM4-40GB MIG 4g.20gb (0),1,,7,[CUDA memcpy Device-to-Host]
15217991897,42719,283324,1434,1,1,128,1,1,16,0.000,0.000,,,,,NVIDIA A100-SXM4-40GB MIG 4g.20gb (0),1,,13,cupy_copy__complex64_complex64
15218423092,5120,283331,103,1,1,128,1,1,16,0.000,0.000,,,,,NVIDIA A100-SXM4-40GB MIG 4g.20gb (0),1,,13,cupy_copy__complex64_complex64
15218842927,5056,283338,35,1,1,128,1,1,16,0.000,0.000,,,,,NVIDIA A100-SXM4-40GB MIG 4g.20gb (0),1,,13,cupy_copy__complex64_complex64
15218898638,4448,283345,1,1,1,1,1,1,18,0.000,0.000,,,,,NVIDIA A100-SXM4-40GB MIG 4g.20gb (0),1,,13,cupy_copy__float32_float32
15219239915,291804,283356,1,1,1,32,32,1,30,0.000,0.000,,,,,NVIDIA A100-SXM4-40GB MIG 4g.20gb (0),1,,13,"void convert_kernel<__half2, float2>(tensor_layout_any, T1 *, tensor_layout_any, const T2 *)"
15219561063,5504,283359,,,,,,,,,,0.094,17023.251,Pinned,Device,NVIDIA A100-SXM4-40GB MIG 4g.20gb (0),1,,13,[CUDA memcpy Host-to-Device]
15219831364,8224,283360,,,,,,,,,,1.547,188061.745,Device,,NVIDIA A100-SXM4-40GB MIG 4g.20gb (0),1,,13,[CUDA memset]
15219841988,3040,283365,,,,,,,,,,0.031,10294.725,Pinned,Device,NVIDIA A100-SXM4-40GB MIG 4g.20gb (0),1,,13,[CUDA memcpy Host-to-Device]
15219848356,16288,283366,,,,,,,,,,0.197,12070.552,Pinned,Device,NVIDIA A100-SXM4-40GB MIG 4g.20gb (0),1,,13,[CUDA memcpy Host-to-Device]
15220300063,48351,283367,273,1,1,8,4,1,39,0.002,0.000,,,,,NVIDIA A100-SXM4-40GB MIG 4g.20gb (0),1,,13,"void channel_eq::eqMmseCoefCompLowMimoKernel<float, float, float, (unsigned int)4, (unsigned int)1, (unsigned int)4>(const channel_eq::_puschRxChEqStatDescr *, channel_eq::_puschRxChEqCoefCompDynDescr)"
15220783417,54336,283368,273,1,1,12,11,1,51,0.002,0.000,,,,,NVIDIA A100-SXM4-40GB MIG 4g.20gb (0),1,,13,"void channel_eq::eqMmseSoftDemapKernel<float, __half, __half, float, (unsigned int)4, (unsigned short)16383>(channel_eq::_puschRxChEqStatDescr *, channel_eq::_puschRxChEqSoftDemapDynDescr)"
15221153493,1804396,283369,1,1,1,32,32,1,30,0.000,0.000,,,,,NVIDIA A100-SXM4-40GB MIG 4g.20gb (0),1,,13,"void convert_kernel<float2, __half2>(tensor_layout_any, T1 *, tensor_layout_any, const T2 *)"
15223328476,17792,283381,2253,1,1,128,1,1,16,0.000,0.000,,,,,NVIDIA A100-SXM4-40GB MIG 4g.20gb (0),1,,13,cupy_copy__float16_float16
15223573018,4928,283390,282,1,1,128,1,1,16,0.000,0.000,,,,,NVIDIA A100-SXM4-40GB MIG 4g.20gb (0),1,,13,cupy_copy__complex64_complex64
15223952469,9984,283399,26,1,1,128,1,1,16,0.000,0.000,,,,,NVIDIA A100-SXM4-40GB MIG 4g.20gb (0),1,,13,cupy_copy__float32_float32
15224212179,9535,283408,103,1,1,128,1,1,16,0.000,0.000,,,,,NVIDIA A100-SXM4-40GB MIG 4g.20gb (0),1,,13,cupy_copy__complex64_complex64
15224369873,20064,283418,1434,1,1,128,1,1,16,0.000,0.000,,,,,NVIDIA A100-SXM4-40GB MIG 4g.20gb (0),1,,13,cupy_copy__complex64_complex64
15224728013,252445,283423,1,1,1,32,32,1,30,0.000,0.000,,,,,NVIDIA A100-SXM4-40GB MIG 4g.20gb (0),1,,13,"void convert_kernel<__half2, float2>(tensor_layout_any, T1 *, tensor_layout_any, const T2 *)"
15225010826,8799,283426,,,,,,,,,,0.094,10648.457,Pinned,Device,NVIDIA A100-SXM4-40GB MIG 4g.20gb (0),1,,13,[CUDA memcpy Host-to-Device]
15225205095,612345,283427,,,,,,,,,,456.561,745564.832,Device,,NVIDIA A100-SXM4-40GB MIG 4g.20gb (0),1,,13,[CUDA memset]
15225822880,62720,283432,,,,,,,,,,1.235,19688.712,Pinned,Device,NVIDIA A100-SXM4-40GB MIG 4g.20gb (0),1,,13,[CUDA memcpy Host-to-Device]
15225888512,10816,283433,,,,,,,,,,0.197,18177.393,Pinned,Device,NVIDIA A100-SXM4-40GB MIG 4g.20gb (0),1,,13,[CUDA memcpy Host-to-Device]
15226250844,49503,283434,69,4,1,48,1,1,76,0.002,0.000,,,,,NVIDIA A100-SXM4-40GB MIG 4g.20gb (0),1,,13,"void ch_est::windowedChEstPreNoDftSOfdmKernel<float, __half, float, (unsigned int)2, (unsigned int)1, (unsigned short)4>(ch_est::puschRxChEstStatDescr_t *, ch_est::puschRxChEstDynDescr_t *)"
15226667383,13216,283435,137,2,1,24,2,1,44,0.001,0.001,,,,,NVIDIA A100-SXM4-40GB MIG 4g.20gb (0),1,,13,"void ch_est::chEstFilterNoDftSOfdmDispatchKernel<float, __half, float, (unsigned int)2>(ch_est::puschRxChEstStatDescr_t *, ch_est::puschRxChEstDynDescr_t *)"
15226993203,13568,283436,137,2,1,24,2,1,44,0.001,0.001,,,,,NVIDIA A100-SXM4-40GB MIG 4g.20gb (0),1,,13,"void ch_est::chEstFilterNoDftSOfdmDispatchKernel<float, __half, float, (unsigned int)2>(ch_est::puschRxChEstStatDescr_t *, ch_est::puschRxChEstDynDescr_t *)"
15227178065,5120,283447,103,1,1,128,1,1,16,0.000,0.000,,,,,NVIDIA A100-SXM4-40GB MIG 4g.20gb (0),1,,13,cupy_copy__complex64_complex64
15227567437,19967,283457,1434,1,1,128,1,1,16,0.000,0.000,,,,,NVIDIA A100-SXM4-40GB MIG 4g.20gb (0),1,,13,cupy_copy__complex64_complex64
15227890409,6880,283464,103,1,1,128,1,1,16,0.000,0.000,,,,,NVIDIA A100-SXM4-40GB MIG 4g.20gb (0),1,,13,cupy_copy__complex64_complex64
15228083751,810711,283471,1,1,1,32,32,1,30,0.000,0.000,,,,,NVIDIA A100-SXM4-40GB MIG 4g.20gb (0),1,,13,"void convert_kernel<__half2, float2>(tensor_layout_any, T1 *, tensor_layout_any, const T2 *)"
15228926589,6848,283474,,,,,,,,,,0.094,13682.239,Pinned,Device,NVIDIA A100-SXM4-40GB MIG 4g.20gb (0),1,,13,[CUDA memcpy Host-to-Device]
15229080220,469818,283475,,,,,,,,,,35.810,76203.510,Device,,NVIDIA A100-SXM4-40GB MIG 4g.20gb (0),1,,13,[CUDA memset]
15229556438,1824,283477,,,,,,,,,,0.000,43.860,Pinned,Device,NVIDIA A100-SXM4-40GB MIG 4g.20gb (0),1,,13,[CUDA memcpy Host-to-Device]
15229561686,10592,283478,,,,,,,,,,0.197,18561.761,Pinned,Device,NVIDIA A100-SXM4-40GB MIG 4g.20gb (0),1,,13,[CUDA memcpy Host-to-Device]
15229935698,29408,283479,273,1,1,48,1,1,40,0.000,0.001,,,,,NVIDIA A100-SXM4-40GB MIG 4g.20gb (0),1,,13,"void pusch_noise_intf_est::noiseIntfEstNoDftSOfdmKernel<float, __half, float, float, (unsigned int)2, (unsigned int)1, (unsigned char)4, (unsigned char)4>(pusch_noise_intf_est::puschRxNoiseIntfEstDynDescr)"
15230048977,8512,283490,35,1,1,128,1,1,16,0.000,0.000,,,,,NVIDIA A100-SXM4-40GB MIG 4g.20gb (0),1,,13,cupy_copy__complex64_complex64
15230443532,3904,283499,1,1,1,1,1,1,18,0.000,0.000,,,,,NVIDIA A100-SXM4-40GB MIG 4g.20gb (0),1,,13,cupy_copy__float32_float32
15230453612,1568,283505,,,,,,,,,,0.000,2.551,Device,Pageable,NVIDIA A100-SXM4-40GB MIG 4g.20gb (0),1,,7,[CUDA memcpy Device-to-Host]
15230892455,25440,283516,1434,1,1,128,1,1,16,0.000,0.000,,,,,NVIDIA A100-SXM4-40GB MIG 4g.20gb (0),1,,13,cupy_copy__complex64_complex64
15231000262,14624,283523,103,1,1,128,1,1,16,0.000,0.000,,,,,NVIDIA A100-SXM4-40GB MIG 4g.20gb (0),1,,13,cupy_copy__complex64_complex64
15231367202,16256,283530,35,1,1,128,1,1,16,0.000,0.000,,,,,NVIDIA A100-SXM4-40GB MIG 4g.20gb (0),1,,13,cupy_copy__complex64_complex64
15231701310,4736,283537,1,1,1,1,1,1,18,0.000,0.000,,,,,NVIDIA A100-SXM4-40GB MIG 4g.20gb (0),1,,13,cupy_copy__float32_float32
15231897180,248861,283548,1,1,1,32,32,1,30,0.000,0.000,,,,,NVIDIA A100-SXM4-40GB MIG 4g.20gb (0),1,,13,"void convert_kernel<__half2, float2>(tensor_layout_any, T1 *, tensor_layout_any, const T2 *)"
15232176377,5824,283551,,,,,,,,,,0.094,16087.884,Pinned,Device,NVIDIA A100-SXM4-40GB MIG 4g.20gb (0),1,,13,[CUDA memcpy Host-to-Device]
15232294935,5824,283552,,,,,,,,,,1.547,265559.981,Device,,NVIDIA A100-SXM4-40GB MIG 4g.20gb (0),1,,13,[CUDA memset]
15232304407,5504,283557,,,,,,,,,,0.031,5686.045,Pinned,Device,NVIDIA A100-SXM4-40GB MIG 4g.20gb (0),1,,13,[CUDA memcpy Host-to-Device]
15232312855,9760,283558,,,,,,,,,,0.197,20144.259,Pinned,Device,NVIDIA A100-SXM4-40GB MIG 4g.20gb (0),1,,13,[CUDA memcpy Host-to-Device]
15232687315,46431,283559,273,1,1,8,4,1,39,0.002,0.000,,,,,NVIDIA A100-SXM4-40GB MIG 4g.20gb (0),1,,13,"void channel_eq::eqMmseCoefCompLowMimoKernel<float, float, float, (unsigned int)4, (unsigned int)1, (unsigned int)4>(const channel_eq::_puschRxChEqStatDescr *, channel_eq::_puschRxChEqCoefCompDynDescr)"
15233021935,16800,283560,273,1,1,12,11,1,51,0.002,0.000,,,,,NVIDIA A100-SXM4-40GB MIG 4g.20gb (0),1,,13,"void channel_eq::eqMmseSoftDemapKernel<float, __half, __half, float, (unsigned int)4, (unsigned short)16383>(channel_eq::_puschRxChEqStatDescr *, channel_eq::_puschRxChEqSoftDemapDynDescr)"
15233188909,693721,283561,1,1,1,32,32,1,30,0.000,0.000,,,,,NVIDIA A100-SXM4-40GB MIG 4g.20gb (0),1,,13,"void convert_kernel<float2, __half2>(tensor_layout_any, T1 *, tensor_layout_any, const T2 *)"
15234123555,14848,283573,2253,1,1,128,1,1,16,0.000,0.000,,,,,NVIDIA A100-SXM4-40GB MIG 4g.20gb (0),1,,13,cupy_copy__float16_float16
15234553086,6080,283582,282,1,1,128,1,1,16,0.000,0.000,,,,,NVIDIA A100-SXM4-40GB MIG 4g.20gb (0),1,,13,cupy_copy__complex64_complex64
15234934522,5280,283591,26,1,1,128,1,1,16,0.000,0.000,,,,,NVIDIA A100-SXM4-40GB MIG 4g.20gb (0),1,,13,cupy_copy__float32_float32
15235936270,12000,283600,103,1,1,128,1,1,16,0.000,0.000,,,,,NVIDIA A100-SXM4-40GB MIG 4g.20gb (0),1,,13,cupy_copy__complex64_complex64
15236702630,22624,283610,1434,1,1,128,1,1,16,0.000,0.000,,,,,NVIDIA A100-SXM4-40GB MIG 4g.20gb (0),1,,13,cupy_copy__complex64_complex64
15236837252,238910,283615,1,1,1,32,32,1,30,0.000,0.000,,,,,NVIDIA A100-SXM4-40GB MIG 4g.20gb (0),1,,13,"void convert_kernel<__half2, float2>(tensor_layout_any, T1 *, tensor_layout_any, const T2 *)"
15237106337,5920,283618,,,,,,,,,,0.094,15826.941,Pinned,Device,NVIDIA A100-SXM4-40GB MIG 4g.20gb (0),1,,13,[CUDA memcpy Host-to-Device]
15237249088,617561,283619,,,,,,,,,,456.561,739172.971,Device,,NVIDIA A100-SXM4-40GB MIG 4g.20gb (0),1,,13,[CUDA memset]
15237872697,66303,283624,,,,,,,,,,1.235,18625.425,Pinned,Device,NVIDIA A100-SXM4-40GB MIG 4g.20gb (0),1,,13,[CUDA memcpy Host-to-Device]
15237941624,15040,283625,,,,,,,,,,0.197,13072.269,Pinned,Device,NVIDIA A100-SXM4-40GB MIG 4g.20gb (0),1,,13,[CUDA memcpy Host-to-Device]
15238361907,22400,283626,69,4,1,48,1,1,76,0.002,0.000,,,,,NVIDIA A100-SXM4-40GB MIG 4g.20gb (0),1,,13,"void ch_est::windowedChEstPreNoDftSOfdmKernel<float, __half, float, (unsigned int)2, (unsigned int)1, (unsigned short)4>(ch_est::puschRxChEstStatDescr_t *, ch_est::puschRxChEstDynDescr_t *)"
15238865613,14656,283627,137,2,1,24,2,1,44,0.001,0.001,,,,,NVIDIA A100-SXM4-40GB MIG 4g.20gb (0),1,,13,"void ch_est::chEstFilterNoDftSOfdmDispatchKernel<float, __half, float, (unsigned int)2>(ch_est::puschRxChEstStatDescr_t *, ch_est::puschRxChEstDynDescr_t *)"
15239396263,13216,283628,137,2,1,24,2,1,44,0.001,0.001,,,,,NVIDIA A100-SXM4-40GB MIG 4g.20gb (0),1,,13,"void ch_est::chEstFilterNoDftSOfdmDispatchKernel<float, __half, float, (unsigned int)2>(ch_est::puschRxChEstStatDescr_t *, ch_est::puschRxChEstDynDescr_t *)"
15239661988,4768,283639,103,1,1,128,1,1,16,0.000,0.000,,,,,NVIDIA A100-SXM4-40GB MIG 4g.20gb (0),1,,13,cupy_copy__complex64_complex64
15240206270,18816,283649,1434,1,1,128,1,1,16,0.000,0.000,,,,,NVIDIA A100-SXM4-40GB MIG 4g.20gb (0),1,,13,cupy_copy__complex64_complex64
15240762712,4800,283656,103,1,1,128,1,1,16,0.000,0.000,,,,,NVIDIA A100-SXM4-40GB MIG 4g.20gb (0),1,,13,cupy_copy__complex64_complex64
15241146292,367740,283663,1,1,1,32,32,1,30,0.000,0.000,,,,,NVIDIA A100-SXM4-40GB MIG 4g.20gb (0),1,,13,"void convert_kernel<__half2, float2>(tensor_layout_any, T1 *, tensor_layout_any, const T2 *)"
15241542831,5760,283666,,,,,,,,,,0.094,16266.656,Pinned,Device,NVIDIA A100-SXM4-40GB MIG 4g.20gb (0),1,,13,[CUDA memcpy Host-to-Device]
15241934443,54879,283667,,,,,,,,,,35.810,652492.552,Device,,NVIDIA A100-SXM4-40GB MIG 4g.20gb (0),1,,13,[CUDA memset]
15241991754,5760,283669,,,,,,,,,,0.000,13.889,Pinned,Device,NVIDIA A100-SXM4-40GB MIG 4g.20gb (0),1,,13,[CUDA memcpy Host-to-Device]
15242004010,13408,283670,,,,,,,,,,0.197,14663.418,Pinned,Device,NVIDIA A100-SXM4-40GB MIG 4g.20gb (0),1,,13,[CUDA memcpy Host-to-Device]
15242535908,55807,283671,273,1,1,48,1,1,40,0.000,0.001,,,,,NVIDIA A100-SXM4-40GB MIG 4g.20gb (0),1,,13,"void pusch_noise_intf_est::noiseIntfEstNoDftSOfdmKernel<float, __half, float, float, (unsigned int)2, (unsigned int)1, (unsigned char)4, (unsigned char)4>(pusch_noise_intf_est::puschRxNoiseIntfEstDynDescr)"
15242938656,20287,283682,35,1,1,128,1,1,16,0.000,0.000,,,,,NVIDIA A100-SXM4-40GB MIG 4g.20gb (0),1,,13,cupy_copy__complex64_complex64
15243358427,4160,283691,1,1,1,1,1,1,18,0.000,0.000,,,,,NVIDIA A100-SXM4-40GB MIG 4g.20gb (0),1,,13,cupy_copy__float32_float32
15243365499,2112,283697,,,,,,,,,,0.000,1.894,Device,Pageable,NVIDIA A100-SXM4-40GB MIG 4g.20gb (0),1,,7,[CUDA memcpy Device-to-Host]
15243775702,21408,283708,1434,1,1,128,1,1,16,0.000,0.000,,,,,NVIDIA A100-SXM4-40GB MIG 4g.20gb (0),1,,13,cupy_copy__complex64_complex64
15244021299,5856,283715,103,1,1,128,1,1,16,0.000,0.000,,,,,NVIDIA A100-SXM4-40GB MIG 4g.20gb (0),1,,13,cupy_copy__complex64_complex64
15244378255,7104,283722,35,1,1,128,1,1,16,0.000,0.000,,,,,NVIDIA A100-SXM4-40GB MIG 4g.20gb (0),1,,13,cupy_copy__complex64_complex64
15244519726,8640,283729,1,1,1,1,1,1,18,0.000,0.000,,,,,NVIDIA A100-SXM4-40GB MIG 4g.20gb (0),1,,13,cupy_copy__float32_float32
15244910153,261661,283740,1,1,1,32,32,1,30,0.000,0.000,,,,,NVIDIA A100-SXM4-40GB MIG 4g.20gb (0),1,,13,"void convert_kernel<__half2, float2>(tensor_layout_any, T1 *, tensor_layout_any, const T2 *)"
15245204966,13952,283743,,,,,,,,,,0.094,6715.567,Pinned,Device,NVIDIA A100-SXM4-40GB MIG 4g.20gb (0),1,,13,[CUDA memcpy Host-to-Device]
15245419844,12639,283744,,,,,,,,,,1.547,122368.891,Device,,NVIDIA A100-SXM4-40GB MIG 4g.20gb (0),1,,13,[CUDA memset]
15245435267,6400,283749,,,,,,,,,,0.031,4890.000,Pinned,Device,NVIDIA A100-SXM4-40GB MIG 4g.20gb (0),1,,13,[CUDA memcpy Host-to-Device]
15245448323,14592,283750,,,,,,,,,,0.197,13473.546,Pinned,Device,NVIDIA A100-SXM4-40GB MIG 4g.20gb (0),1,,13,[CUDA memcpy Host-to-Device]
15245877182,16448,283751,273,1,1,8,4,1,39,0.002,0.000,,,,,NVIDIA A100-SXM4-40GB MIG 4g.20gb (0),1,,13,"void channel_eq::eqMmseCoefCompLowMimoKernel<float, float, float, (unsigned int)4, (unsigned int)1, (unsigned int)4>(const channel_eq::_puschRxChEqStatDescr *, channel_eq::_puschRxChEqCoefCompDynDescr)"
15246261050,31712,283752,273,1,1,12,11,1,51,0.002,0.000,,,,,NVIDIA A100-SXM4-40GB MIG 4g.20gb (0),1,,13,"void channel_eq::eqMmseSoftDemapKernel<float, __half, __half, float, (unsigned int)4, (unsigned short)16383>(channel_eq::_puschRxChEqStatDescr *, channel_eq::_puschRxChEqSoftDemapDynDescr)"
15246728725,688856,283753,1,1,1,32,32,1,30,0.000,0.000,,,,,NVIDIA A100-SXM4-40GB MIG 4g.20gb (0),1,,13,"void convert_kernel<float2, __half2>(tensor_layout_any, T1 *, tensor_layout_any, const T2 *)"
15247732105,15200,283765,2253,1,1,128,1,1,16,0.000,0.000,,,,,NVIDIA A100-SXM4-40GB MIG 4g.20gb (0),1,,13,cupy_copy__float16_float16
15248074086,8384,283774,282,1,1,128,1,1,16,0.000,0.000,,,,,NVIDIA A100-SXM4-40GB MIG 4g.20gb (0),1,,13,cupy_copy__complex64_complex64
15248170533,5247,283783,26,1,1,128,1,1,16,0.000,0.000,,,,,NVIDIA A100-SXM4-40GB MIG 4g.20gb (0),1,,13,cupy_copy__float32_float32
15248519329,30751,283792,103,1,1,128,1,1,16,0.000,0.000,,,,,NVIDIA A100-SXM4-40GB MIG 4g.20gb (0),1,,13,cupy_copy__complex64_complex64
15248881533,21407,283802,1434,1,1,128,1,1,16,0.000,0.000,,,,,NVIDIA A100-SXM4-40GB MIG 4g.20gb (0),1,,13,cupy_copy__complex64_complex64
15249140282,245309,283807,1,1,1,32,32,1,30,0.000,0.000,,,,,NVIDIA A100-SXM4-40GB MIG 4g.20gb (0),1,,13,"void convert_kernel<__half2, float2>(tensor_layout_any, T1 *, tensor_layout_any, const T2 *)"
15249416151,9151,283810,,,,,,,,,,0.094,10238.818,Pinned,Device,NVIDIA A100-SXM4-40GB MIG 4g.20gb (0),1,,13,[CUDA memcpy Host-to-Device]
15249609972,610521,283811,,,,,,,,,,456.561,747391.077,Device,,NVIDIA A100-SXM4-40GB MIG 4g.20gb (0),1,,13,[CUDA memset]
15250223405,70272,283816,,,,,,,,,,1.235,17573.253,Pinned,Device,NVIDIA A100-SXM4-40GB MIG 4g.20gb (0),1,,13,[CUDA memcpy Host-to-Device]
15250296109,15231,283817,,,,,,,,,,0.197,12908.298,Pinned,Device,NVIDIA A100-SXM4-40GB MIG 4g.20gb (0),1,,13,[CUDA memcpy Host-to-Device]
15250738280,22527,283818,69,4,1,48,1,1,76,0.002,0.000,,,,,NVIDIA A100-SXM4-40GB MIG 4g.20gb (0),1,,13,"void ch_est::windowedChEstPreNoDftSOfdmKernel<float, __half, float, (unsigned int)2, (unsigned int)1, (unsigned short)4>(ch_est::puschRxChEstStatDescr_t *, ch_est::puschRxChEstDynDescr_t *)"
15251178691,13184,283819,137,2,1,24,2,1,44,0.001,0.001,,,,,NVIDIA A100-SXM4-40GB MIG 4g.20gb (0),1,,13,"void ch_est::chEstFilterNoDftSOfdmDispatchKernel<float, __half, float, (unsigned int)2>(ch_est::puschRxChEstStatDescr_t *, ch_est::puschRxChEstDynDescr_t *)"
15251599838,11008,283820,137,2,1,24,2,1,44,0.001,0.001,,,,,NVIDIA A100-SXM4-40GB MIG 4g.20gb (0),1,,13,"void ch_est::chEstFilterNoDftSOfdmDispatchKernel<float, __half, float, (unsigned int)2>(ch_est::puschRxChEstStatDescr_t *, ch_est::puschRxChEstDynDescr_t *)"
15251847611,5696,283831,103,1,1,128,1,1,16,0.000,0.000,,,,,NVIDIA A100-SXM4-40GB MIG 4g.20gb (0),1,,13,cupy_copy__complex64_complex64
15252315702,17664,283841,1434,1,1,128,1,1,16,0.000,0.000,,,,,NVIDIA A100-SXM4-40GB MIG 4g.20gb (0),1,,13,cupy_copy__complex64_complex64
15252803344,5216,283848,103,1,1,128,1,1,16,0.000,0.000,,,,,NVIDIA A100-SXM4-40GB MIG 4g.20gb (0),1,,13,cupy_copy__complex64_complex64
15253274315,241597,283855,1,1,1,32,32,1,30,0.000,0.000,,,,,NVIDIA A100-SXM4-40GB MIG 4g.20gb (0),1,,13,"void convert_kernel<__half2, float2>(tensor_layout_any, T1 *, tensor_layout_any, const T2 *)"
15253547656,9056,283858,,,,,,,,,,0.094,10346.287,Pinned,Device,NVIDIA A100-SXM4-40GB MIG 4g.20gb (0),1,,13,[CUDA memcpy Host-to-Device]
15253792933,59776,283859,,,,,,,,,,35.810,599064.152,Device,,NVIDIA A100-SXM4-40GB MIG 4g.20gb (0),1,,13,[CUDA memset]
15253853957,2271,283861,,,,,,,,,,0.000,35.227,Pinned,Device,NVIDIA A100-SXM4-40GB MIG 4g.20gb (0),1,,13,[CUDA memcpy Host-to-Device]
15253860580,12896,283862,,,,,,,,,,0.197,15245.574,Pinned,Device,NVIDIA A100-SXM4-40GB MIG 4g.20gb (0),1,,13,[CUDA memcpy Host-to-Device]
15254240928,58015,283863,273,1,1,48,1,1,40,0.000,0.001,,,,,NVIDIA A100-SXM4-40GB MIG 4g.20gb (0),1,,13,"void pusch_noise_intf_est::noiseIntfEstNoDftSOfdmKernel<float, __half, float, float, (unsigned int)2, (unsigned int)1, (unsigned char)4, (unsigned char)4>(pusch_noise_intf_est::puschRxNoiseIntfEstDynDescr)"
15254694651,10688,283874,35,1,1,128,1,1,16,0.000,0.000,,,,,NVIDIA A100-SXM4-40GB MIG 4g.20gb (0),1,,13,cupy_copy__complex64_complex64
15254931352,8928,283883,1,1,1,1,1,1,18,0.000,0.000,,,,,NVIDIA A100-SXM4-40GB MIG 4g.20gb (0),1,,13,cupy_copy__float32_float32
15254950072,4960,283889,,,,,,,,,,0.000,0.806,Device,Pageable,NVIDIA A100-SXM4-40GB MIG 4g.20gb (0),1,,7,[CUDA memcpy Device-to-Host]
15255483122,19328,283900,1434,1,1,128,1,1,16,0.000,0.000,,,,,NVIDIA A100-SXM4-40GB MIG 4g.20gb (0),1,,13,cupy_copy__complex64_complex64
15256054732,9184,283907,103,1,1,128,1,1,16,0.000,0.000,,,,,NVIDIA A100-SXM4-40GB MIG 4g.20gb (0),1,,13,cupy_copy__complex64_complex64
15256415240,7104,283914,35,1,1,128,1,1,16,0.000,0.000,,,,,NVIDIA A100-SXM4-40GB MIG 4g.20gb (0),1,,13,cupy_copy__complex64_complex64
15256677413,5024,283921,1,1,1,1,1,1,18,0.000,0.000,,,,,NVIDIA A100-SXM4-40GB MIG 4g.20gb (0),1,,13,cupy_copy__float32_float32
15257183839,371484,283932,1,1,1,32,32,1,30,0.000,0.000,,,,,NVIDIA A100-SXM4-40GB MIG 4g.20gb (0),1,,13,"void convert_kernel<__half2, float2>(tensor_layout_any, T1 *, tensor_layout_any, const T2 *)"
15257585434,5472,283935,,,,,,,,,,0.094,17122.757,Pinned,Device,NVIDIA A100-SXM4-40GB MIG 4g.20gb (0),1,,13,[CUDA memcpy Host-to-Device]
15257964950,10080,283936,,,,,,,,,,1.547,153434.381,Device,,NVIDIA A100-SXM4-40GB MIG 4g.20gb (0),1,,13,[CUDA memset]
15257979862,3456,283941,,,,,,,,,,0.031,9055.529,Pinned,Device,NVIDIA A100-SXM4-40GB MIG 4g.20gb (0),1,,13,[CUDA memcpy Host-to-Device]
15257988438,12288,283942,,,,,,,,,,0.197,15999.959,Pinned,Device,NVIDIA A100-SXM4-40GB MIG 4g.20gb (0),1,,13,[CUDA memcpy Host-to-Device]
15258526384,12864,283943,273,1,1,8,4,1,39,0.002,0.000,,,,,NVIDIA A100-SXM4-40GB MIG 4g.20gb (0),1,,13,"void channel_eq::eqMmseCoefCompLowMimoKernel<float, float, float, (unsigned int)4, (unsigned int)1, (unsigned int)4>(const channel_eq::_puschRxChEqStatDescr *, channel_eq::_puschRxChEqCoefCompDynDescr)"
15258901164,60895,283944,273,1,1,12,11,1,51,0.002,0.000,,,,,NVIDIA A100-SXM4-40GB MIG 4g.20gb (0),1,,13,"void channel_eq::eqMmseSoftDemapKernel<float, __half, __half, float, (unsigned int)4, (unsigned short)16383>(channel_eq::_puschRxChEqStatDescr *, channel_eq::_puschRxChEqSoftDemapDynDescr)"
15259308839,760023,283945,1,1,1,32,32,1,30,0.000,0.000,,,,,NVIDIA A100-SXM4-40GB MIG 4g.20gb (0),1,,13,"void convert_kernel<float2, __half2>(tensor_layout_any, T1 *, tensor_layout_any, const T2 *)"
15260400859,32671,283957,2253,1,1,128,1,1,16,0.000,0.000,,,,,NVIDIA A100-SXM4-40GB MIG 4g.20gb (0),1,,13,cupy_copy__float16_float16
15260791350,8320,283966,282,1,1,128,1,1,16,0.000,0.000,,,,,NVIDIA A100-SXM4-40GB MIG 4g.20gb (0),1,,13,cupy_copy__complex64_complex64
15261205586,8992,283975,26,1,1,128,1,1,16,0.000,0.000,,,,,NVIDIA A100-SXM4-40GB MIG 4g.20gb (0),1,,13,cupy_copy__float32_float32
15261321552,7072,283984,103,1,1,128,1,1,16,0.000,0.000,,,,,NVIDIA A100-SXM4-40GB MIG 4g.20gb (0),1,,13,cupy_copy__complex64_complex64
15261711596,19168,283994,1434,1,1,128,1,1,16,0.000,0.000,,,,,NVIDIA A100-SXM4-40GB MIG 4g.20gb (0),1,,13,cupy_copy__complex64_complex64
15261862538,241022,283999,1,1,1,32,32,1,30,0.000,0.000,,,,,NVIDIA A100-SXM4-40GB MIG 4g.20gb (0),1,,13,"void convert_kernel<__half2, float2>(tensor_layout_any, T1 *, tensor_layout_any, const T2 *)"
15262132679,6816,284002,,,,,,,,,,0.094,13746.421,Pinned,Device,NVIDIA A100-SXM4-40GB MIG 4g.20gb (0),1,,13,[CUDA memcpy Host-to-Device]
15262349829,629561,284003,,,,,,,,,,456.561,725019.567,Device,,NVIDIA A100-SXM4-40GB MIG 4g.20gb (0),1,,13,[CUDA memset]
15262980894,66015,284008,,,,,,,,,,1.235,18706.932,Pinned,Device,NVIDIA A100-SXM4-40GB MIG 4g.20gb (0),1,,13,[CUDA memcpy Host-to-Device]
15263049693,9536,284009,,,,,,,,,,0.197,20617.298,Pinned,Device,NVIDIA A100-SXM4-40GB MIG 4g.20gb (0),1,,13,[CUDA memcpy Host-to-Device]
15263439512,36544,284010,69,4,1,48,1,1,76,0.002,0.000,,,,,NVIDIA A100-SXM4-40GB MIG 4g.20gb (0),1,,13,"void ch_est::windowedChEstPreNoDftSOfdmKernel<float, __half, float, (unsigned int)2, (unsigned int)1, (unsigned short)4>(ch_est::puschRxChEstStatDescr_t *, ch_est::puschRxChEstDynDescr_t *)"
15263905651,49088,284011,137,2,1,24,2,1,44,0.001,0.001,,,,,NVIDIA A100-SXM4-40GB MIG 4g.20gb (0),1,,13,"void ch_est::chEstFilterNoDftSOfdmDispatchKernel<float, __half, float, (unsigned int)2>(ch_est::puschRxChEstStatDescr_t *, ch_est::puschRxChEstDynDescr_t *)"
15264381038,24320,284012,137,2,1,24,2,1,44,0.001,0.001,,,,,NVIDIA A100-SXM4-40GB MIG 4g.20gb (0),1,,13,"void ch_est::chEstFilterNoDftSOfdmDispatchKernel<float, __half, float, (unsigned int)2>(ch_est::puschRxChEstStatDescr_t *, ch_est::puschRxChEstDynDescr_t *)"
15264817257,5984,284023,103,1,1,128,1,1,16,0.000,0.000,,,,,NVIDIA A100-SXM4-40GB MIG 4g.20gb (0),1,,13,cupy_copy__complex64_complex64
15265116006,21311,284033,1434,1,1,128,1,1,16,0.000,0.000,,,,,NVIDIA A100-SXM4-40GB MIG 4g.20gb (0),1,,13,cupy_copy__complex64_complex64
15265279556,11488,284040,103,1,1,128,1,1,16,0.000,0.000,,,,,NVIDIA A100-SXM4-40GB MIG 4g.20gb (0),1,,13,cupy_copy__complex64_complex64
15265705439,309180,284047,1,1,1,32,32,1,30,0.000,0.000,,,,,NVIDIA A100-SXM4-40GB MIG 4g.20gb (0),1,,13,"void convert_kernel<__half2, float2>(tensor_layout_any, T1 *, tensor_layout_any, const T2 *)"
15266044155,7168,284050,,,,,,,,,,0.094,13071.342,Pinned,Device,NVIDIA A100-SXM4-40GB MIG 4g.20gb (0),1,,13,[CUDA memcpy Host-to-Device]
15266274873,53439,284051,,,,,,,,,,35.810,670075.223,Device,,NVIDIA A100-SXM4-40GB MIG 4g.20gb (0),1,,13,[CUDA memset]
15266332984,2432,284053,,,,,,,,,,0.000,32.895,Pinned,Device,NVIDIA A100-SXM4-40GB MIG 4g.20gb (0),1,,13,[CUDA memcpy Host-to-Device]
15266340856,13376,284054,,,,,,,,,,0.197,14698.414,Pinned,Device,NVIDIA A100-SXM4-40GB MIG 4g.20gb (0),1,,13,[CUDA memcpy Host-to-Device]
15266703028,77151,284055,273,1,1,48,1,1,40,0.000,0.001,,,,,NVIDIA A100-SXM4-40GB MIG 4g.20gb (0),1,,13,"void pusch_noise_intf_est::noiseIntfEstNoDftSOfdmKernel<float, __half, float, float, (unsigned int)2, (unsigned int)1, (unsigned char)4, (unsigned char)4>(pusch_noise_intf_est::puschRxNoiseIntfEstDynDescr)"
15267178702,16224,284066,35,1,1,128,1,1,16,0.000,0.000,,,,,NVIDIA A100-SXM4-40GB MIG 4g.20gb (0),1,,13,cupy_copy__complex64_complex64
15267570730,4384,284075,1,1,1,1,1,1,18,0.000,0.000,,,,,NVIDIA A100-SXM4-40GB MIG 4g.20gb (0),1,,13,cupy_copy__float32_float32
15267578474,2752,284081,,,,,,,,,,0.000,1.453,Device,Pageable,NVIDIA A100-SXM4-40GB MIG 4g.20gb (0),1,,7,[CUDA memcpy Device-to-Host]
15267798823,38592,284092,1434,1,1,128,1,1,16,0.000,0.000,,,,,NVIDIA A100-SXM4-40GB MIG 4g.20gb (0),1,,13,cupy_copy__complex64_complex64
15268268066,6272,284099,103,1,1,128,1,1,16,0.000,0.000,,,,,NVIDIA A100-SXM4-40GB MIG 4g.20gb (0),1,,13,cupy_copy__complex64_complex64
15268705373,8384,284106,35,1,1,128,1,1,16,0.000,0.000,,,,,NVIDIA A100-SXM4-40GB MIG 4g.20gb (0),1,,13,cupy_copy__complex64_complex64
15268856987,4512,284113,1,1,1,1,1,1,18,0.000,0.000,,,,,NVIDIA A100-SXM4-40GB MIG 4g.20gb (0),1,,13,cupy_copy__float32_float32
15269313590,243358,284124,1,1,1,32,32,1,30,0.000,0.000,,,,,NVIDIA A100-SXM4-40GB MIG 4g.20gb (0),1,,13,"void convert_kernel<__half2, float2>(tensor_layout_any, T1 *, tensor_layout_any, const T2 *)"
15269586003,5984,284127,,,,,,,,,,0.094,15657.726,Pinned,Device,NVIDIA A100-SXM4-40GB MIG 4g.20gb (0),1,,13,[CUDA memcpy Host-to-Device]
15269835760,6720,284128,,,,,,,,,,1.547,230151.571,Device,,NVIDIA A100-SXM4-40GB MIG 4g.20gb (0),1,,13,[CUDA memset]
15269848336,3616,284133,,,,,,,,,,0.031,8654.846,Pinned,Device,NVIDIA A100-SXM4-40GB MIG 4g.20gb (0),1,,13,[CUDA memcpy Host-to-Device]
15269857488,9728,284134,,,,,,,,,,0.197,20210.516,Pinned,Device,NVIDIA A100-SXM4-40GB MIG 4g.20gb (0),1,,13,[CUDA memcpy Host-to-Device]
15270234188,38975,284135,273,1,1,8,4,1,39,0.002,0.000,,,,,NVIDIA A100-SXM4-40GB MIG 4g.20gb (0),1,,13,"void channel_eq::eqMmseCoefCompLowMimoKernel<float, float, float, (unsigned int)4, (unsigned int)1, (unsigned int)4>(const channel_eq::_puschRxChEqStatDescr *, channel_eq::_puschRxChEqCoefCompDynDescr)"
15270645223,49408,284136,273,1,1,12,11,1,51,0.002,0.000,,,,,NVIDIA A100-SXM4-40GB MIG 4g.20gb (0),1,,13,"void channel_eq::eqMmseSoftDemapKernel<float, __half, __half, float, (unsigned int)4, (unsigned short)16383>(channel_eq::_puschRxChEqStatDescr *, channel_eq::_puschRxChEqSoftDemapDynDescr)"
15271019331,835191,284137,1,1,1,32,32,1,30,0.000,0.000,,,,,NVIDIA A100-SXM4-40GB MIG 4g.20gb (0),1,,13,"void convert_kernel<float2, __half2>(tensor_layout_any, T1 *, tensor_layout_any, const T2 *)"
15272284341,18016,284149,2253,1,1,128,1,1,16,0.000,0.000,,,,,NVIDIA A100-SXM4-40GB MIG 4g.20gb (0),1,,13,cupy_copy__float16_float16
15272610865,5504,284158,282,1,1,128,1,1,16,0.000,0.000,,,,,NVIDIA A100-SXM4-40GB MIG 4g.20gb (0),1,,13,cupy_copy__complex64_complex64
15273157195,4064,284167,26,1,1,128,1,1,16,0.000,0.000,,,,,NVIDIA A100-SXM4-40GB MIG 4g.20gb (0),1,,13,cupy_copy__float32_float32
15273712933,8544,284176,103,1,1,128,1,1,16,0.000,0.000,,,,,NVIDIA A100-SXM4-40GB MIG 4g.20gb (0),1,,13,cupy_copy__complex64_complex64
15274279326,20928,284186,1434,1,1,128,1,1,16,0.000,0.000,,,,,NVIDIA A100-SXM4-40GB MIG 4g.20gb (0),1,,13,cupy_copy__complex64_complex64
15274817304,256093,284191,1,1,1,32,32,1,30,0.000,0.000,,,,,NVIDIA A100-SXM4-40GB MIG 4g.20gb (0),1,,13,"void convert_kernel<__half2, float2>(tensor_layout_any, T1 *, tensor_layout_any, const T2 *)"
15275102517,5504,284194,,,,,,,,,,0.094,17023.251,Pinned,Device,NVIDIA A100-SXM4-40GB MIG 4g.20gb (0),1,,13,[CUDA memcpy Host-to-Device]
15275292339,610041,284195,,,,,,,,,,456.561,748304.200,Device,,NVIDIA A100-SXM4-40GB MIG 4g.20gb (0),1,,13,[CUDA memset]
15275907276,64255,284200,,,,,,,,,,1.235,19218.199,Pinned,Device,NVIDIA A100-SXM4-40GB MIG 4g.20gb (0),1,,13,[CUDA memcpy Host-to-Device]
15275977515,14688,284201,,,,,,,,,,0.197,13385.466,Pinned,Device,NVIDIA A100-SXM4-40GB MIG 4g.20gb (0),1,,13,[CUDA memcpy Host-to-Device]
15276455590,25952,284202,69,4,1,48,1,1,76,0.002,0.000,,,,,NVIDIA A100-SXM4-40GB MIG 4g.20gb (0),1,,13,"void ch_est::windowedChEstPreNoDftSOfdmKernel<float, __half, float, (unsigned int)2, (unsigned int)1, (unsigned short)4>(ch_est::puschRxChEstStatDescr_t *, ch_est::puschRxChEstDynDescr_t *)"
15276911745,23583,284203,137,2,1,24,2,1,44,0.001,0.001,,,,,NVIDIA A100-SXM4-40GB MIG 4g.20gb (0),1,,13,"void ch_est::chEstFilterNoDftSOfdmDispatchKernel<float, __half, float, (unsigned int)2>(ch_est::puschRxChEstStatDescr_t *, ch_est::puschRxChEstDynDescr_t *)"
15277308604,31200,284204,137,2,1,24,2,1,44,0.001,0.001,,,,,NVIDIA A100-SXM4-40GB MIG 4g.20gb (0),1,,13,"void ch_est::chEstFilterNoDftSOfdmDispatchKernel<float, __half, float, (unsigned int)2>(ch_est::puschRxChEstStatDescr_t *, ch_est::puschRxChEstDynDescr_t *)"
15277745239,10080,284215,103,1,1,128,1,1,16,0.000,0.000,,,,,NVIDIA A100-SXM4-40GB MIG 4g.20gb (0),1,,13,cupy_copy__complex64_complex64
15277867286,25568,284225,1434,1,1,128,1,1,16,0.000,0.000,,,,,NVIDIA A100-SXM4-40GB MIG 4g.20gb (0),1,,13,cupy_copy__complex64_complex64
15278265265,11584,284232,103,1,1,128,1,1,16,0.000,0.000,,,,,NVIDIA A100-SXM4-40GB MIG 4g.20gb (0),1,,13,cupy_copy__complex64_complex64
15278692301,274813,284239,1,1,1,32,32,1,30,0.000,0.000,,,,,NVIDIA A100-SXM4-40GB MIG 4g.20gb (0),1,,13,"void convert_kernel<__half2, float2>(tensor_layout_any, T1 *, tensor_layout_any, const T2 *)"
15278996265,5664,284242,,,,,,,,,,0.094,16542.310,Pinned,Device,NVIDIA A100-SXM4-40GB MIG 4g.20gb (0),1,,13,[CUDA memcpy Host-to-Device]
15279225639,54847,284243,,,,,,,,,,35.810,652886.461,Device,,NVIDIA A100-SXM4-40GB MIG 4g.20gb (0),1,,13,[CUDA memset]
15279282470,5632,284245,,,,,,,,,,0.000,14.204,Pinned,Device,NVIDIA A100-SXM4-40GB MIG 4g.20gb (0),1,,13,[CUDA memcpy Host-to-Device]
15279291366,9600,284246,,,,,,,,,,0.197,20479.869,Pinned,Device,NVIDIA A100-SXM4-40GB MIG 4g.20gb (0),1,,13,[CUDA memcpy Host-to-Device]
15279738049,33791,284247,273,1,1,48,1,1,40,0.000,0.001,,,,,NVIDIA A100-SXM4-40GB MIG 4g.20gb (0),1,,13,"void pusch_noise_intf_est::noiseIntfEstNoDftSOfdmKernel<float, __half, float, float, (unsigned int)2, (unsigned int)1, (unsigned char)4, (unsigned char)4>(pusch_noise_intf_est::puschRxNoiseIntfEstDynDescr)"
15280204572,9279,284258,35,1,1,128,1,1,16,0.000,0.000,,,,,NVIDIA A100-SXM4-40GB MIG 4g.20gb (0),1,,13,cupy_copy__complex64_complex64
15280536888,4000,284267,1,1,1,1,1,1,18,0.000,0.000,,,,,NVIDIA A100-SXM4-40GB MIG 4g.20gb (0),1,,13,cupy_copy__float32_float32
15280544920,5376,284273,,,,,,,,,,0.000,0.744,Device,Pageable,NVIDIA A100-SXM4-40GB MIG 4g.20gb (0),1,,7,[CUDA memcpy Device-to-Host]
15280752437,41600,284284,1434,1,1,128,1,1,16,0.000,0.000,,,,,NVIDIA A100-SXM4-40GB MIG 4g.20gb (0),1,,13,cupy_copy__complex64_complex64
15281142513,6208,284291,103,1,1,128,1,1,16,0.000,0.000,,,,,NVIDIA A100-SXM4-40GB MIG 4g.20gb (0),1,,13,cupy_copy__complex64_complex64
15281505549,5888,284298,35,1,1,128,1,1,16,0.000,0.000,,,,,NVIDIA A100-SXM4-40GB MIG 4g.20gb (0),1,,13,cupy_copy__complex64_complex64
15281752362,4320,284305,1,1,1,1,1,1,18,0.000,0.000,,,,,NVIDIA A100-SXM4-40GB MIG 4g.20gb (0),1,,13,cupy_copy__float32_float32
15282181605,263325,284316,1,1,1,32,32,1,30,0.000,0.000,,,,,NVIDIA A100-SXM4-40GB MIG 4g.20gb (0),1,,13,"void convert_kernel<__half2, float2>(tensor_layout_any, T1 *, tensor_layout_any, const T2 *)"
15282473250,5664,284319,,,,,,,,,,0.094,16542.310,Pinned,Device,NVIDIA A100-SXM4-40GB MIG 4g.20gb (0),1,,13,[CUDA memcpy Host-to-Device]
15282757087,26688,284320,,,,,,,,,,1.547,57952.001,Device,,NVIDIA A100-SXM4-40GB MIG 4g.20gb (0),1,,13,[CUDA memset]
15282791582,4160,284325,,,,,,,,,,0.031,7523.058,Pinned,Device,NVIDIA A100-SXM4-40GB MIG 4g.20gb (0),1,,13,[CUDA memcpy Host-to-Device]
15282802238,13088,284326,,,,,,,,,,0.197,15021.834,Pinned,Device,NVIDIA A100-SXM4-40GB MIG 4g.20gb (0),1,,13,[CUDA memcpy Host-to-Device]
15283249817,67424,284327,273,1,1,8,4,1,39,0.002,0.000,,,,,NVIDIA A100-SXM4-40GB MIG 4g.20gb (0),1,,13,"void channel_eq::eqMmseCoefCompLowMimoKernel<float, float, float, (unsigned int)4, (unsigned int)1, (unsigned int)4>(const channel_eq::_puschRxChEqStatDescr *, channel_eq::_puschRxChEqCoefCompDynDescr)"
15283743860,49823,284328,273,1,1,12,11,1,51,0.002,0.000,,,,,NVIDIA A100-SXM4-40GB MIG 4g.20gb (0),1,,13,"void channel_eq::eqMmseSoftDemapKernel<float, __half, __half, float, (unsigned int)4, (unsigned short)16383>(channel_eq::_puschRxChEqStatDescr *, channel_eq::_puschRxChEqSoftDemapDynDescr)"
15284179727,782967,284329,1,1,1,32,32,1,30,0.000,0.000,,,,,NVIDIA A100-SXM4-40GB MIG 4g.20gb (0),1,,13,"void convert_kernel<float2, __half2>(tensor_layout_any, T1 *, tensor_layout_any, const T2 *)"
15285346882,36927,284341,2253,1,1,128,1,1,16,0.000,0.000,,,,,NVIDIA A100-SXM4-40GB MIG 4g.20gb (0),1,,13,cupy_copy__float16_float16
15285835804,7776,284350,282,1,1,128,1,1,16,0.000,0.000,,,,,NVIDIA A100-SXM4-40GB MIG 4g.20gb (0),1,,13,cupy_copy__complex64_complex64
15285902235,6432,284359,26,1,1,128,1,1,16,0.000,0.000,,,,,NVIDIA A100-SXM4-40GB MIG 4g.20gb (0),1,,13,cupy_copy__float32_float32
15285947291,16544,284368,103,1,1,128,1,1,16,0.000,0.000,,,,,NVIDIA A100-SXM4-40GB MIG 4g.20gb (0),1,,13,cupy_copy__complex64_complex64
15286098713,20544,284378,1434,1,1,128,1,1,16,0.000,0.000,,,,,NVIDIA A100-SXM4-40GB MIG 4g.20gb (0),1,,13,cupy_copy__complex64_complex64
15286181432,383676,284383,1,1,1,32,32,1,30,0.000,0.000,,,,,NVIDIA A100-SXM4-40GB MIG 4g.20gb (0),1,,13,"void convert_kernel<__half2, float2>(tensor_layout_any, T1 *, tensor_layout_any, const T2 *)"
15286595092,5984,284386,,,,,,,,,,0.094,15657.726,Pinned,Device,NVIDIA A100-SXM4-40GB MIG 4g.20gb (0),1,,13,[CUDA memcpy Host-to-Device]
15286774738,612857,284387,,,,,,,,,,456.561,744651.709,Device,,NVIDIA A100-SXM4-40GB MIG 4g.20gb (0),1,,13,[CUDA memset]
15287389195,58143,284392,,,,,,,,,,1.235,21238.567,Pinned,Device,NVIDIA A100-SXM4-40GB MIG 4g.20gb (0),1,,13,[CUDA memcpy Host-to-Device]
15287452042,9984,284393,,,,,,,,,,0.197,19692.257,Pinned,Device,NVIDIA A100-SXM4-40GB MIG 4g.20gb (0),1,,13,[CUDA memcpy Host-to-Device]
15287638440,26592,284394,69,4,1,48,1,1,76,0.002,0.000,,,,,NVIDIA A100-SXM4-40GB MIG 4g.20gb (0),1,,13,"void ch_est::windowedChEstPreNoDftSOfdmKernel<float, __half, float, (unsigned int)2, (unsigned int)1, (unsigned short)4>(ch_est::puschRxChEstStatDescr_t *, ch_est::puschRxChEstDynDescr_t *)"
15287848773,54784,284395,137,2,1,24,2,1,44,0.001,0.001,,,,,NVIDIA A100-SXM4-40GB MIG 4g.20gb (0),1,,13,"void ch_est::chEstFilterNoDftSOfdmDispatchKernel<float, __half, float, (unsigned int)2>(ch_est::puschRxChEstStatDescr_t *, ch_est::puschRxChEstDynDescr_t *)"
15288163778,21504,284396,137,2,1,24,2,1,44,0.001,0.001,,,,,NVIDIA A100-SXM4-40GB MIG 4g.20gb (0),1,,13,"void ch_est::chEstFilterNoDftSOfdmDispatchKernel<float, __half, float, (unsigned int)2>(ch_est::puschRxChEstStatDescr_t *, ch_est::puschRxChEstDynDescr_t *)"
15288425855,10368,284407,103,1,1,128,1,1,16,0.000,0.000,,,,,NVIDIA A100-SXM4-40GB MIG 4g.20gb (0),1,,13,cupy_copy__complex64_complex64
15288719100,23935,284417,1434,1,1,128,1,1,16,0.000,0.000,,,,,NVIDIA A100-SXM4-40GB MIG 4g.20gb (0),1,,13,cupy_copy__complex64_complex64
15289025560,10560,284424,103,1,1,128,1,1,16,0.000,0.000,,,,,NVIDIA A100-SXM4-40GB MIG 4g.20gb (0),1,,13,cupy_copy__complex64_complex64
15289322133,348892,284431,1,1,1,32,32,1,30,0.000,0.000,,,,,NVIDIA A100-SXM4-40GB MIG 4g.20gb (0),1,,13,"void convert_kernel<__half2, float2>(tensor_layout_any, T1 *, tensor_layout_any, const T2 *)"
15289702641,10079,284434,,,,,,,,,,0.094,9296.142,Pinned,Device,NVIDIA A100-SXM4-40GB MIG 4g.20gb (0),1,,13,[CUDA memcpy Host-to-Device]
15289793584,55423,284435,,,,,,,,,,35.810,646118.387,Device,,NVIDIA A100-SXM4-40GB MIG 4g.20gb (0),1,,13,[CUDA memset]
15289850287,5824,284437,,,,,,,,,,0.000,13.736,Pinned,Device,NVIDIA A100-SXM4-40GB MIG 4g.20gb (0),1,,13,[CUDA memcpy Host-to-Device]
15289858607,13536,284438,,,,,,,,,,0.197,14524.809,Pinned,Device,NVIDIA A100-SXM4-40GB MIG 4g.20gb (0),1,,13,[CUDA memcpy Host-to-Device]
15290017069,35872,284439,273,1,1,48,1,1,40,0.000,0.001,,,,,NVIDIA A100-SXM4-40GB MIG 4g.20gb (0),1,,13,"void pusch_noise_intf_est::noiseIntfEstNoDftSOfdmKernel<float, __half, float, float, (unsigned int)2, (unsigned int)1, (unsigned char)4, (unsigned char)4>(pusch_noise_intf_est::puschRxNoiseIntfEstDynDescr)"
15290199019,7328,284450,35,1,1,128,1,1,16,0.000,0.000,,,,,NVIDIA A100-SXM4-40GB MIG 4g.20gb (0),1,,13,cupy_copy__complex64_complex64
15290371305,12224,284459,1,1,1,1,1,1,18,0.000,0.000,,,,,NVIDIA A100-SXM4-40GB MIG 4g.20gb (0),1,,13,cupy_copy__float32_float32
15290386505,6464,284465,,,,,,,,,,0.000,0.619,Device,Pageable,NVIDIA A100-SXM4-40GB MIG 4g.20gb (0),1,,7,[CUDA memcpy Device-to-Host]
15290545127,26496,284476,1434,1,1,128,1,1,16,0.000,0.000,,,,,NVIDIA A100-SXM4-40GB MIG 4g.20gb (0),1,,13,cupy_copy__complex64_complex64
15290725381,6624,284483,103,1,1,128,1,1,16,0.000,0.000,,,,,NVIDIA A100-SXM4-40GB MIG 4g.20gb (0),1,,13,cupy_copy__complex64_complex64
15290874115,29280,284490,35,1,1,128,1,1,16,0.000,0.000,,,,,NVIDIA A100-SXM4-40GB MIG 4g.20gb (0),1,,13,cupy_copy__complex64_complex64
15291061697,4512,284497,1,1,1,1,1,1,18,0.000,0.000,,,,,NVIDIA A100-SXM4-40GB MIG 4g.20gb (0),1,,13,cupy_copy__float32_float32
15291208416,388283,284508,1,1,1,32,32,1,30,0.000,0.000,,,,,NVIDIA A100-SXM4-40GB MIG 4g.20gb (0),1,,13,"void convert_kernel<__half2, float2>(tensor_layout_any, T1 *, tensor_layout_any, const T2 *)"
15291625179,11808,284511,,,,,,,,,,0.094,7934.927,Pinned,Device,NVIDIA A100-SXM4-40GB MIG 4g.20gb (0),1,,13,[CUDA memcpy Host-to-Device]
15291764953,9696,284512,,,,,,,,,,1.547,159511.066,Device,,NVIDIA A100-SXM4-40GB MIG 4g.20gb (0),1,,13,[CUDA memset]
15291778713,3968,284517,,,,,,,,,,0.031,7887.093,Pinned,Device,NVIDIA A100-SXM4-40GB MIG 4g.20gb (0),1,,13,[CUDA memcpy Host-to-Device]
15291785113,9760,284518,,,,,,,,,,0.197,20144.259,Pinned,Device,NVIDIA A100-SXM4-40GB MIG 4g.20gb (0),1,,13,[CUDA memcpy Host-to-Device]
15291949751,36032,284519,273,1,1,8,4,1,39,0.002,0.000,,,,,NVIDIA A100-SXM4-40GB MIG 4g.20gb (0),1,,13,"void channel_eq::eqMmseCoefCompLowMimoKernel<float, float, float, (unsigned int)4, (unsigned int)1, (unsigned int)4>(const channel_eq::_puschRxChEqStatDescr *, channel_eq::_puschRxChEqCoefCompDynDescr)"
15292086038,39391,284520,273,1,1,12,11,1,51,0.002,0.000,,,,,NVIDIA A100-SXM4-40GB MIG 4g.20gb (0),1,,13,"void channel_eq::eqMmseSoftDemapKernel<float, __half, __half, float, (unsigned int)4, (unsigned short)16383>(channel_eq::_puschRxChEqStatDescr *, channel_eq::_puschRxChEqSoftDemapDynDescr)"
15292212948,947574,284521,1,1,1,32,32,1,30,0.000,0.000,,,,,NVIDIA A100-SXM4-40GB MIG 4g.20gb (0),1,,13,"void convert_kernel<float2, __half2>(tensor_layout_any, T1 *, tensor_layout_any, const T2 *)"
15293342792,13119,284533,2253,1,1,128,1,1,16,0.000,0.000,,,,,NVIDIA A100-SXM4-40GB MIG 4g.20gb (0),1,,13,cupy_copy__float16_float16
15293560357,5312,284542,282,1,1,128,1,1,16,0.000,0.000,,,,,NVIDIA A100-SXM4-40GB MIG 4g.20gb (0),1,,13,cupy_copy__complex64_complex64
15293762787,10880,284551,26,1,1,128,1,1,16,0.000,0.000,,,,,NVIDIA A100-SXM4-40GB MIG 4g.20gb (0),1,,13,cupy_copy__float32_float32
15293963265,9055,284560,103,1,1,128,1,1,16,0.000,0.000,,,,,NVIDIA A100-SXM4-40GB MIG 4g.20gb (0),1,,13,cupy_copy__complex64_complex64
15294192446,18144,284570,1434,1,1,128,1,1,16,0.000,0.000,,,,,NVIDIA A100-SXM4-40GB MIG 4g.20gb (0),1,,13,cupy_copy__complex64_complex64
15294410684,410555,284575,1,1,1,32,32,1,30,0.000,0.000,,,,,NVIDIA A100-SXM4-40GB MIG 4g.20gb (0),1,,13,"void convert_kernel<__half2, float2>(tensor_layout_any, T1 *, tensor_layout_any, const T2 *)"
15294853239,14111,284578,,,,,,,,,,0.094,6639.861,Pinned,Device,NVIDIA A100-SXM4-40GB MIG 4g.20gb (0),1,,13,[CUDA memcpy Host-to-Device]
15294935862,621689,284579,,,,,,,,,,456.561,734150.796,Device,,NVIDIA A100-SXM4-40GB MIG 4g.20gb (0),1,,13,[CUDA memset]
15295563759,65567,284584,,,,,,,,,,1.235,18834.131,Pinned,Device,NVIDIA A100-SXM4-40GB MIG 4g.20gb (0),1,,13,[CUDA memcpy Host-to-Device]
15295636750,12640,284585,,,,,,,,,,0.197,15554.249,Pinned,Device,NVIDIA A100-SXM4-40GB MIG 4g.20gb (0),1,,13,[CUDA memcpy Host-to-Device]
15295772076,54144,284586,69,4,1,48,1,1,76,0.002,0.000,,,,,NVIDIA A100-SXM4-40GB MIG 4g.20gb (0),1,,13,"void ch_est::windowedChEstPreNoDftSOfdmKernel<float, __half, float, (unsigned int)2, (unsigned int)1, (unsigned short)4>(ch_est::puschRxChEstStatDescr_t *, ch_est::puschRxChEstDynDescr_t *)"
15296058601,23936,284587,137,2,1,24,2,1,44,0.001,0.001,,,,,NVIDIA A100-SXM4-40GB MIG 4g.20gb (0),1,,13,"void ch_est::chEstFilterNoDftSOfdmDispatchKernel<float, __half, float, (unsigned int)2>(ch_est::puschRxChEstStatDescr_t *, ch_est::puschRxChEstDynDescr_t *)"
15296313574,17472,284588,137,2,1,24,2,1,44,0.001,0.001,,,,,NVIDIA A100-SXM4-40GB MIG 4g.20gb (0),1,,13,"void ch_est::chEstFilterNoDftSOfdmDispatchKernel<float, __half, float, (unsigned int)2>(ch_est::puschRxChEstStatDescr_t *, ch_est::puschRxChEstDynDescr_t *)"
15296597027,4480,284599,103,1,1,128,1,1,16,0.000,0.000,,,,,NVIDIA A100-SXM4-40GB MIG 4g.20gb (0),1,,13,cupy_copy__complex64_complex64
15296671714,26880,284609,1434,1,1,128,1,1,16,0.000,0.000,,,,,NVIDIA A100-SXM4-40GB MIG 4g.20gb (0),1,,13,cupy_copy__complex64_complex64
15296930719,18624,284616,103,1,1,128,1,1,16,0.000,0.000,,,,,NVIDIA A100-SXM4-40GB MIG 4g.20gb (0),1,,13,cupy_copy__complex64_complex64
15297198556,592793,284623,1,1,1,32,32,1,30,0.000,0.000,,,,,NVIDIA A100-SXM4-40GB MIG 4g.20gb (0),1,,13,"void convert_kernel<__half2, float2>(tensor_layout_any, T1 *, tensor_layout_any, const T2 *)"
15297820757,9024,284626,,,,,,,,,,0.094,10382.922,Pinned,Device,NVIDIA A100-SXM4-40GB MIG 4g.20gb (0),1,,13,[CUDA memcpy Host-to-Device]
15298108274,54527,284627,,,,,,,,,,35.810,656718.123,Device,,NVIDIA A100-SXM4-40GB MIG 4g.20gb (0),1,,13,[CUDA memset]
15298167505,2848,284629,,,,,,,,,,0.000,28.090,Pinned,Device,NVIDIA A100-SXM4-40GB MIG 4g.20gb (0),1,,13,[CUDA memcpy Host-to-Device]
15298174033,13792,284630,,,,,,,,,,0.197,14255.063,Pinned,Device,NVIDIA A100-SXM4-40GB MIG 4g.20gb (0),1,,13,[CUDA memcpy Host-to-Device]
15298262480,35264,284631,273,1,1,48,1,1,40,0.000,0.001,,,,,NVIDIA A100-SXM4-40GB MIG 4g.20gb (0),1,,13,"void pusch_noise_intf_est::noiseIntfEstNoDftSOfdmKernel<float, __half, float, float, (unsigned int)2, (unsigned int)1, (unsigned char)4, (unsigned char)4>(pusch_noise_intf_est::puschRxNoiseIntfEstDynDescr)"
15298355919,6176,284642,35,1,1,128,1,1,16,0.000,0.000,,,,,NVIDIA A100-SXM4-40GB MIG 4g.20gb (0),1,,13,cupy_copy__complex64_complex64
15298427598,6368,284651,1,1,1,1,1,1,18,0.000,0.000,,,,,NVIDIA A100-SXM4-40GB MIG 4g.20gb (0),1,,13,cupy_copy__float32_float32
15298436782,6432,284657,,,,,,,,,,0.000,0.622,Device,Pageable,NVIDIA A100-SXM4-40GB MIG 4g.20gb (0),1,,7,[CUDA memcpy Device-to-Host]
15298635788,20416,284668,1434,1,1,128,1,1,16,0.000,0.000,,,,,NVIDIA A100-SXM4-40GB MIG 4g.20gb (0),1,,13,cupy_copy__complex64_complex64
15298790602,9504,284675,103,1,1,128,1,1,16,0.000,0.000,,,,,NVIDIA A100-SXM4-40GB MIG 4g.20gb (0),1,,13,cupy_copy__complex64_complex64
15298885385,10816,284682,35,1,1,128,1,1,16,0.000,0.000,,,,,NVIDIA A100-SXM4-40GB MIG 4g.20gb (0),1,,13,cupy_copy__complex64_complex64
15299034727,9216,284689,1,1,1,1,1,1,18,0.000,0.000,,,,,NVIDIA A100-SXM4-40GB MIG 4g.20gb (0),1,,13,cupy_copy__float32_float32
15299116614,468251,284700,1,1,1,32,32,1,30,0.000,0.000,,,,,NVIDIA A100-SXM4-40GB MIG 4g.20gb (0),1,,13,"void convert_kernel<__half2, float2>(tensor_layout_any, T1 *, tensor_layout_any, const T2 *)"
15299617249,6848,284703,,,,,,,,,,0.094,13682.239,Pinned,Device,NVIDIA A100-SXM4-40GB MIG 4g.20gb (0),1,,13,[CUDA memcpy Host-to-Device]
15299747295,7840,284704,,,,,,,,,,1.547,197273.438,Device,,NVIDIA A100-SXM4-40GB MIG 4g.20gb (0),1,,13,[CUDA memset]
15299763135,7040,284709,,,,,,,,,,0.031,4445.440,Pinned,Device,NVIDIA A100-SXM4-40GB MIG 4g.20gb (0),1,,13,[CUDA memcpy Host-to-Device]
15299775135,13824,284710,,,,,,,,,,0.197,14222.033,Pinned,Device,NVIDIA A100-SXM4-40GB MIG 4g.20gb (0),1,,13,[CUDA memcpy Host-to-Device]
15299927741,26976,284711,273,1,1,8,4,1,39,0.002,0.000,,,,,NVIDIA A100-SXM4-40GB MIG 4g.20gb (0),1,,13,"void channel_eq::eqMmseCoefCompLowMimoKernel<float, float, float, (unsigned int)4, (unsigned int)1, (unsigned int)4>(const channel_eq::_puschRxChEqStatDescr *, channel_eq::_puschRxChEqCoefCompDynDescr)"
15300103067,11776,284712,273,1,1,12,11,1,51,0.002,0.000,,,,,NVIDIA A100-SXM4-40GB MIG 4g.20gb (0),1,,13,"void channel_eq::eqMmseSoftDemapKernel<float, __half, __half, float, (unsigned int)4, (unsigned short)16383>(channel_eq::_puschRxChEqStatDescr *, channel_eq::_puschRxChEqSoftDemapDynDescr)"
15300286777,984949,284713,1,1,1,32,32,1,30,0.000,0.000,,,,,NVIDIA A100-SXM4-40GB MIG 4g.20gb (0),1,,13,"void convert_kernel<float2, __half2>(tensor_layout_any, T1 *, tensor_layout_any, const T2 *)"
15301396717,16512,284725,2253,1,1,128,1,1,16,0.000,0.000,,,,,NVIDIA A100-SXM4-40GB MIG 4g.20gb (0),1,,13,cupy_copy__float16_float16
15301502636,12319,284734,282,1,1,128,1,1,16,0.000,0.000,,,,,NVIDIA A100-SXM4-40GB MIG 4g.20gb (0),1,,13,cupy_copy__complex64_complex64
15301639626,14016,284743,26,1,1,128,1,1,16,0.000,0.000,,,,,NVIDIA A100-SXM4-40GB MIG 4g.20gb (0),1,,13,cupy_copy__float32_float32
15301770313,37823,284752,103,1,1,128,1,1,16,0.000,0.000,,,,,NVIDIA A100-SXM4-40GB MIG 4g.20gb (0),1,,13,cupy_copy__complex64_complex64
15301963238,22304,284762,1434,1,1,128,1,1,16,0.000,0.000,,,,,NVIDIA A100-SXM4-40GB MIG 4g.20gb (0),1,,13,cupy_copy__complex64_complex64
15302108357,502522,284767,1,1,1,32,32,1,30,0.000,0.000,,,,,NVIDIA A100-SXM4-40GB MIG 4g.20gb (0),1,,13,"void convert_kernel<__half2, float2>(tensor_layout_any, T1 *, tensor_layout_any, const T2 *)"
15302641439,6752,284770,,,,,,,,,,0.094,13876.752,Pinned,Device,NVIDIA A100-SXM4-40GB MIG 4g.20gb (0),1,,13,[CUDA memcpy Host-to-Device]
15302777213,622553,284771,,,,,,,,,,456.561,733237.673,Device,,NVIDIA A100-SXM4-40GB MIG 4g.20gb (0),1,,13,[CUDA memset]
15303407542,73951,284776,,,,,,,,,,1.235,16698.913,Pinned,Device,NVIDIA A100-SXM4-40GB MIG 4g.20gb (0),1,,13,[CUDA memcpy Host-to-Device]
15303487413,17696,284777,,,,,,,,,,0.197,11110.121,Pinned,Device,NVIDIA A100-SXM4-40GB MIG 4g.20gb (0),1,,13,[CUDA memcpy Host-to-Device]
15303602804,53343,284778,69,4,1,48,1,1,76,0.002,0.000,,,,,NVIDIA A100-SXM4-40GB MIG 4g.20gb (0),1,,13,"void ch_est::windowedChEstPreNoDftSOfdmKernel<float, __half, float, (unsigned int)2, (unsigned int)1, (unsigned short)4>(ch_est::puschRxChEstStatDescr_t *, ch_est::puschRxChEstDynDescr_t *)"
15303785106,21632,284779,137,2,1,24,2,1,44,0.001,0.001,,,,,NVIDIA A100-SXM4-40GB MIG 4g.20gb (0),1,,13,"void ch_est::chEstFilterNoDftSOfdmDispatchKernel<float, __half, float, (unsigned int)2>(ch_est::puschRxChEstStatDescr_t *, ch_est::puschRxChEstDynDescr_t *)"
15303966800,26976,284780,137,2,1,24,2,1,44,0.001,0.001,,,,,NVIDIA A100-SXM4-40GB MIG 4g.20gb (0),1,,13,"void ch_est::chEstFilterNoDftSOfdmDispatchKernel<float, __half, float, (unsigned int)2>(ch_est::puschRxChEstStatDescr_t *, ch_est::puschRxChEstDynDescr_t *)"
15304145486,7008,284791,103,1,1,128,1,1,16,0.000,0.000,,,,,NVIDIA A100-SXM4-40GB MIG 4g.20gb (0),1,,13,cupy_copy__complex64_complex64
15304290892,36608,284801,1434,1,1,128,1,1,16,0.000,0.000,,,,,NVIDIA A100-SXM4-40GB MIG 4g.20gb (0),1,,13,cupy_copy__complex64_complex64
15304473354,8896,284808,103,1,1,128,1,1,16,0.000,0.000,,,,,NVIDIA A100-SXM4-40GB MIG 4g.20gb (0),1,,13,cupy_copy__complex64_complex64
15304572777,376284,284815,1,1,1,32,32,1,30,0.000,0.000,,,,,NVIDIA A100-SXM4-40GB MIG 4g.20gb (0),1,,13,"void convert_kernel<__half2, float2>(tensor_layout_any, T1 *, tensor_layout_any, const T2 *)"
15304979780,12192,284818,,,,,,,,,,0.094,7684.946,Pinned,Device,NVIDIA A100-SXM4-40GB MIG 4g.20gb (0),1,,13,[CUDA memcpy Host-to-Device]
15305105315,57055,284819,,,,,,,,,,35.810,627604.658,Device,,NVIDIA A100-SXM4-40GB MIG 4g.20gb (0),1,,13,[CUDA memset]
15305164354,1920,284821,,,,,,,,,,0.000,41.667,Pinned,Device,NVIDIA A100-SXM4-40GB MIG 4g.20gb (0),1,,13,[CUDA memcpy Host-to-Device]
15305170338,13120,284822,,,,,,,,,,0.197,14985.265,Pinned,Device,NVIDIA A100-SXM4-40GB MIG 4g.20gb (0),1,,13,[CUDA memcpy Host-to-Device]
15305257793,29920,284823,273,1,1,48,1,1,40,0.000,0.001,,,,,NVIDIA A100-SXM4-40GB MIG 4g.20gb (0),1,,13,"void pusch_noise_intf_est::noiseIntfEstNoDftSOfdmKernel<float, __half, float, float, (unsigned int)2, (unsigned int)1, (unsigned char)4, (unsigned char)4>(pusch_noise_intf_est::puschRxNoiseIntfEstDynDescr)"
15305307105,41279,284834,35,1,1,128,1,1,16,0.000,0.000,,,,,NVIDIA A100-SXM4-40GB MIG 4g.20gb (0),1,,13,cupy_copy__complex64_complex64
15305383104,6752,284843,1,1,1,1,1,1,18,0.000,0.000,,,,,NVIDIA A100-SXM4-40GB MIG 4g.20gb (0),1,,13,cupy_copy__float32_float32
15305390400,1696,284849,,,,,,,,,,0.000,2.358,Device,Pageable,NVIDIA A100-SXM4-40GB MIG 4g.20gb (0),1,,7,[CUDA memcpy Device-to-Host]
15305500319,24351,284860,1434,1,1,128,1,1,16,0.000,0.000,,,,,NVIDIA A100-SXM4-40GB MIG 4g.20gb (0),1,,13,cupy_copy__complex64_complex64
15305665437,8256,284867,103,1,1,128,1,1,16,0.000,0.000,,,,,NVIDIA A100-SXM4-40GB MIG 4g.20gb (0),1,,13,cupy_copy__complex64_complex64
15305809275,8608,284874,35,1,1,128,1,1,16,0.000,0.000,,,,,NVIDIA A100-SXM4-40GB MIG 4g.20gb (0),1,,13,cupy_copy__complex64_complex64
15305934074,6080,284881,1,1,1,1,1,1,18,0.000,0.000,,,,,NVIDIA A100-SXM4-40GB MIG 4g.20gb (0),1,,13,cupy_copy__float32_float32
15305995865,419259,284892,1,1,1,32,32,1,30,0.000,0.000,,,,,NVIDIA A100-SXM4-40GB MIG 4g.20gb (0),1,,13,"void convert_kernel<__half2, float2>(tensor_layout_any, T1 *, tensor_layout_any, const T2 *)"
15306444820,12672,284895,,,,,,,,,,0.094,7393.926,Pinned,Device,NVIDIA A100-SXM4-40GB MIG 4g.20gb (0),1,,13,[CUDA memcpy Host-to-Device]
15306555667,8768,284896,,,,,,,,,,1.547,176394.014,Device,,NVIDIA A100-SXM4-40GB MIG 4g.20gb (0),1,,13,[CUDA memset]
15306571634,7648,284901,,,,,,,,,,0.031,4092.046,Pinned,Device,NVIDIA A100-SXM4-40GB MIG 4g.20gb (0),1,,13,[CUDA memcpy Host-to-Device]
15306586418,13376,284902,,,,,,,,,,0.197,14698.414,Pinned,Device,NVIDIA A100-SXM4-40GB MIG 4g.20gb (0),1,,13,[CUDA memcpy Host-to-Device]
15306718705,19616,284903,273,1,1,8,4,1,39,0.002,0.000,,,,,NVIDIA A100-SXM4-40GB MIG 4g.20gb (0),1,,13,"void channel_eq::eqMmseCoefCompLowMimoKernel<float, float, float, (unsigned int)4, (unsigned int)1, (unsigned int)4>(const channel_eq::_puschRxChEqStatDescr *, channel_eq::_puschRxChEqCoefCompDynDescr)"
15306882063,13952,284904,273,1,1,12,11,1,51,0.002,0.000,,,,,NVIDIA A100-SXM4-40GB MIG 4g.20gb (0),1,,13,"void channel_eq::eqMmseSoftDemapKernel<float, __half, __half, float, (unsigned int)4, (unsigned short)16383>(channel_eq::_puschRxChEqStatDescr *, channel_eq::_puschRxChEqSoftDemapDynDescr)"
15307048749,910198,284905,1,1,1,32,32,1,30,0.000,0.000,,,,,NVIDIA A100-SXM4-40GB MIG 4g.20gb (0),1,,13,"void convert_kernel<float2, __half2>(tensor_layout_any, T1 *, tensor_layout_any, const T2 *)"
15308114977,15712,284917,2253,1,1,128,1,1,16,0.000,0.000,,,,,NVIDIA A100-SXM4-40GB MIG 4g.20gb (0),1,,13,cupy_copy__float16_float16
15308297695,9792,284926,282,1,1,128,1,1,16,0.000,0.000,,,,,NVIDIA A100-SXM4-40GB MIG 4g.20gb (0),1,,13,cupy_copy__complex64_complex64
15308370654,5664,284935,26,1,1,128,1,1,16,0.000,0.000,,,,,NVIDIA A100-SXM4-40GB MIG 4g.20gb (0),1,,13,cupy_copy__float32_float32
15308512989,38015,284944,103,1,1,128,1,1,16,0.000,0.000,,,,,NVIDIA A100-SXM4-40GB MIG 4g.20gb (0),1,,13,cupy_copy__complex64_complex64
15308704026,41696,284954,1434,1,1,128,1,1,16,0.000,0.000,,,,,NVIDIA A100-SXM4-40GB MIG 4g.20gb (0),1,,13,cupy_copy__complex64_complex64
15308892568,362588,284959,1,1,1,32,32,1,30,0.000,0.000,,,,,NVIDIA A100-SXM4-40GB MIG 4g.20gb (0),1,,13,"void convert_kernel<__half2, float2>(tensor_layout_any, T1 *, tensor_layout_any, const T2 *)"
15309287828,9472,284962,,,,,,,,,,0.094,9891.862,Pinned,Device,NVIDIA A100-SXM4-40GB MIG 4g.20gb (0),1,,13,[CUDA memcpy Host-to-Device]
15309427218,629113,284963,,,,,,,,,,456.561,725476.128,Device,,NVIDIA A100-SXM4-40GB MIG 4g.20gb (0),1,,13,[CUDA memset]
15310057611,70175,284968,,,,,,,,,,1.235,17597.952,Pinned,Device,NVIDIA A100-SXM4-40GB MIG 4g.20gb (0),1,,13,[CUDA memcpy Host-to-Device]
15310132938,16672,284969,,,,,,,,,,0.197,11792.548,Pinned,Device,NVIDIA A100-SXM4-40GB MIG 4g.20gb (0),1,,13,[CUDA memcpy Host-to-Device]
15310319336,19104,284970,69,4,1,48,1,1,76,0.002,0.000,,,,,NVIDIA A100-SXM4-40GB MIG 4g.20gb (0),1,,13,"void ch_est::windowedChEstPreNoDftSOfdmKernel<float, __half, float, (unsigned int)2, (unsigned int)1, (unsigned short)4>(ch_est::puschRxChEstStatDescr_t *, ch_est::puschRxChEstDynDescr_t *)"
15310475206,44672,284971,137,2,1,24,2,1,44,0.001,0.001,,,,,NVIDIA A100-SXM4-40GB MIG 4g.20gb (0),1,,13,"void ch_est::chEstFilterNoDftSOfdmDispatchKernel<float, __half, float, (unsigned int)2>(ch_est::puschRxChEstStatDescr_t *, ch_est::puschRxChEstDynDescr_t *)"
15310579557,47104,284972,137,2,1,24,2,1,44,0.001,0.001,,,,,NVIDIA A100-SXM4-40GB MIG 4g.20gb (0),1,,13,"void ch_est::chEstFilterNoDftSOfdmDispatchKernel<float, __half, float, (unsigned int)2>(ch_est::puschRxChEstStatDescr_t *, ch_est::puschRxChEstDynDescr_t *)"
15310688100,17728,284983,103,1,1,128,1,1,16,0.000,0.000,,,,,NVIDIA A100-SXM4-40GB MIG 4g.20gb (0),1,,13,cupy_copy__complex64_complex64
15310750531,38944,284993,1434,1,1,128,1,1,16,0.000,0.000,,,,,NVIDIA A100-SXM4-40GB MIG 4g.20gb (0),1,,13,cupy_copy__complex64_complex64
15310849538,10816,285000,103,1,1,128,1,1,16,0.000,0.000,,,,,NVIDIA A100-SXM4-40GB MIG 4g.20gb (0),1,,13,cupy_copy__complex64_complex64
15310935137,569690,285007,1,1,1,32,32,1,30,0.000,0.000,,,,,NVIDIA A100-SXM4-40GB MIG 4g.20gb (0),1,,13,"void convert_kernel<__half2, float2>(tensor_layout_any, T1 *, tensor_layout_any, const T2 *)"
15311534203,13535,285010,,,,,,,,,,0.094,6922.448,Pinned,Device,NVIDIA A100-SXM4-40GB MIG 4g.20gb (0),1,,13,[CUDA memcpy Host-to-Device]
15311633145,70432,285011,,,,,,,,,,35.810,508429.244,Device,,NVIDIA A100-SXM4-40GB MIG 4g.20gb (0),1,,13,[CUDA memset]
15311705721,5696,285013,,,,,,,,,,0.000,14.045,Pinned,Device,NVIDIA A100-SXM4-40GB MIG 4g.20gb (0),1,,13,[CUDA memcpy Host-to-Device]
15311718520,14144,285014,,,,,,,,,,0.197,13900.382,Pinned,Device,NVIDIA A100-SXM4-40GB MIG 4g.20gb (0),1,,13,[CUDA memcpy Host-to-Device]
15311950998,69343,285015,273,1,1,48,1,1,40,0.000,0.001,,,,,NVIDIA A100-SXM4-40GB MIG 4g.20gb (0),1,,13,"void pusch_noise_intf_est::noiseIntfEstNoDftSOfdmKernel<float, __half, float, float, (unsigned int)2, (unsigned int)1, (unsigned char)4, (unsigned char)4>(pusch_noise_intf_est::puschRxNoiseIntfEstDynDescr)"
15312224275,40287,285026,35,1,1,128,1,1,16,0.000,0.000,,,,,NVIDIA A100-SXM4-40GB MIG 4g.20gb (0),1,,13,cupy_copy__complex64_complex64
15312479120,6464,285035,1,1,1,1,1,1,18,0.000,0.000,,,,,NVIDIA A100-SXM4-40GB MIG 4g.20gb (0),1,,13,cupy_copy__float32_float32
15312491632,5024,285041,,,,,,,,,,0.000,0.796,Device,Pageable,NVIDIA A100-SXM4-40GB MIG 4g.20gb (0),1,,7,[CUDA memcpy Device-to-Host]
15312748685,39935,285052,1434,1,1,128,1,1,16,0.000,0.000,,,,,NVIDIA A100-SXM4-40GB MIG 4g.20gb (0),1,,13,cupy_copy__complex64_complex64
15313016650,5888,285059,103,1,1,128,1,1,16,0.000,0.000,,,,,NVIDIA A100-SXM4-40GB MIG 4g.20gb (0),1,,13,cupy_copy__complex64_complex64
15313263623,9184,285066,35,1,1,128,1,1,16,0.000,0.000,,,,,NVIDIA A100-SXM4-40GB MIG 4g.20gb (0),1,,13,cupy_copy__complex64_complex64
15313319558,5696,285073,1,1,1,1,1,1,18,0.000,0.000,,,,,NVIDIA A100-SXM4-40GB MIG 4g.20gb (0),1,,13,cupy_copy__float32_float32
15313366918,428667,285084,1,1,1,32,32,1,30,0.000,0.000,,,,,NVIDIA A100-SXM4-40GB MIG 4g.20gb (0),1,,13,"void convert_kernel<__half2, float2>(tensor_layout_any, T1 *, tensor_layout_any, const T2 *)"
15313825313,10336,285087,,,,,,,,,,0.094,9064.994,Pinned,Device,NVIDIA A100-SXM4-40GB MIG 4g.20gb (0),1,,13,[CUDA memcpy Host-to-Device]
15313965407,15456,285088,,,,,,,,,,1.547,100065.026,Device,,NVIDIA A100-SXM4-40GB MIG 4g.20gb (0),1,,13,[CUDA memset]
15313984863,3712,285093,,,,,,,,,,0.031,8431.017,Pinned,Device,NVIDIA A100-SXM4-40GB MIG 4g.20gb (0),1,,13,[CUDA memcpy Host-to-Device]
15313995487,13696,285094,,,,,,,,,,0.197,14355.137,Pinned,Device,NVIDIA A100-SXM4-40GB MIG 4g.20gb (0),1,,13,[CUDA memcpy Host-to-Device]
15314143197,47840,285095,273,1,1,8,4,1,39,0.002,0.000,,,,,NVIDIA A100-SXM4-40GB MIG 4g.20gb (0),1,,13,"void channel_eq::eqMmseCoefCompLowMimoKernel<float, float, float, (unsigned int)4, (unsigned int)1, (unsigned int)4>(const channel_eq::_puschRxChEqStatDescr *, channel_eq::_puschRxChEqCoefCompDynDescr)"
15314252668,58175,285096,273,1,1,12,11,1,51,0.002,0.000,,,,,NVIDIA A100-SXM4-40GB MIG 4g.20gb (0),1,,13,"void channel_eq::eqMmseSoftDemapKernel<float, __half, __half, float, (unsigned int)4, (unsigned short)16383>(channel_eq::_puschRxChEqStatDescr *, channel_eq::_puschRxChEqSoftDemapDynDescr)"
15314465402,1020564,285097,1,1,1,32,32,1,30,0.000,0.000,,,,,NVIDIA A100-SXM4-40GB MIG 4g.20gb (0),1,,13,"void convert_kernel<float2, __half2>(tensor_layout_any, T1 *, tensor_layout_any, const T2 *)"
15315626252,15232,285109,2253,1,1,128,1,1,16,0.000,0.000,,,,,NVIDIA A100-SXM4-40GB MIG 4g.20gb (0),1,,13,cupy_copy__float16_float16
15315701772,7712,285118,282,1,1,128,1,1,16,0.000,0.000,,,,,NVIDIA A100-SXM4-40GB MIG 4g.20gb (0),1,,13,cupy_copy__complex64_complex64
15315771083,9504,285127,26,1,1,128,1,1,16,0.000,0.000,,,,,NVIDIA A100-SXM4-40GB MIG 4g.20gb (0),1,,13,cupy_copy__float32_float32
15315846410,17568,285136,103,1,1,128,1,1,16,0.000,0.000,,,,,NVIDIA A100-SXM4-40GB MIG 4g.20gb (0),1,,13,cupy_copy__complex64_complex64
15315936105,20832,285146,1434,1,1,128,1,1,16,0.000,0.000,,,,,NVIDIA A100-SXM4-40GB MIG 4g.20gb (0),1,,13,cupy_copy__complex64_complex64
15315993320,501915,285151,1,1,1,32,32,1,30,0.000,0.000,,,,,NVIDIA A100-SXM4-40GB MIG 4g.20gb (0),1,,13,"void convert_kernel<__half2, float2>(tensor_layout_any, T1 *, tensor_layout_any, const T2 *)"
15316525026,12256,285154,,,,,,,,,,0.094,7644.844,Pinned,Device,NVIDIA A100-SXM4-40GB MIG 4g.20gb (0),1,,13,[CUDA memcpy Host-to-Device]
15316561154,645209,285155,,,,,,,,,,456.561,707213.671,Device,,NVIDIA A100-SXM4-40GB MIG 4g.20gb (0),1,,13,[CUDA memset]
15317212923,71487,285160,,,,,,,,,,1.235,17274.397,Pinned,Device,NVIDIA A100-SXM4-40GB MIG 4g.20gb (0),1,,13,[CUDA memcpy Host-to-Device]
15317291386,16927,285161,,,,,,,,,,0.197,11615.011,Pinned,Device,NVIDIA A100-SXM4-40GB MIG 4g.20gb (0),1,,13,[CUDA memcpy Host-to-Device]
15317439160,33120,285162,69,4,1,48,1,1,76,0.002,0.000,,,,,NVIDIA A100-SXM4-40GB MIG 4g.20gb (0),1,,13,"void ch_est::windowedChEstPreNoDftSOfdmKernel<float, __half, float, (unsigned int)2, (unsigned int)1, (unsigned short)4>(ch_est::puschRxChEstStatDescr_t *, ch_est::puschRxChEstDynDescr_t *)"
15317601302,36544,285163,137,2,1,24,2,1,44,0.001,0.001,,,,,NVIDIA A100-SXM4-40GB MIG 4g.20gb (0),1,,13,"void ch_est::chEstFilterNoDftSOfdmDispatchKernel<float, __half, float, (unsigned int)2>(ch_est::puschRxChEstStatDescr_t *, ch_est::puschRxChEstDynDescr_t *)"
15317759124,35040,285164,137,2,1,24,2,1,44,0.001,0.001,,,,,NVIDIA A100-SXM4-40GB MIG 4g.20gb (0),1,,13,"void ch_est::chEstFilterNoDftSOfdmDispatchKernel<float, __half, float, (unsigned int)2>(ch_est::puschRxChEstStatDescr_t *, ch_est::puschRxChEstDynDescr_t *)"
15317912851,12608,285175,103,1,1,128,1,1,16,0.000,0.000,,,,,NVIDIA A100-SXM4-40GB MIG 4g.20gb (0),1,,13,cupy_copy__complex64_complex64
15318050865,24352,285185,1434,1,1,128,1,1,16,0.000,0.000,,,,,NVIDIA A100-SXM4-40GB MIG 4g.20gb (0),1,,13,cupy_copy__complex64_complex64
15318196943,6880,285192,103,1,1,128,1,1,16,0.000,0.000,,,,,NVIDIA A100-SXM4-40GB MIG 4g.20gb (0),1,,13,cupy_copy__complex64_complex64
15318329454,432155,285199,1,1,1,32,32,1,30,0.000,0.000,,,,,NVIDIA A100-SXM4-40GB MIG 4g.20gb (0),1,,13,"void convert_kernel<__half2, float2>(tensor_layout_any, T1 *, tensor_layout_any, const T2 *)"
15318790537,12224,285202,,,,,,,,,,0.094,7664.895,Pinned,Device,NVIDIA A100-SXM4-40GB MIG 4g.20gb (0),1,,13,[CUDA memcpy Host-to-Device]
15318863400,56351,285203,,,,,,,,,,35.810,635447.030,Device,,NVIDIA A100-SXM4-40GB MIG 4g.20gb (0),1,,13,[CUDA memset]
15318920103,4640,285205,,,,,,,,,,0.000,17.241,Pinned,Device,NVIDIA A100-SXM4-40GB MIG 4g.20gb (0),1,,13,[CUDA memcpy Host-to-Device]
15318927623,13952,285206,,,,,,,,,,0.197,14091.682,Pinned,Device,NVIDIA A100-SXM4-40GB MIG 4g.20gb (0),1,,13,[CUDA memcpy Host-to-Device]
15319074854,32479,285207,273,1,1,48,1,1,40,0.000,0.001,,,,,NVIDIA A100-SXM4-40GB MIG 4g.20gb (0),1,,13,"void pusch_noise_intf_est::noiseIntfEstNoDftSOfdmKernel<float, __half, float, float, (unsigned int)2, (unsigned int)1, (unsigned char)4, (unsigned char)4>(pusch_noise_intf_est::puschRxNoiseIntfEstDynDescr)"
15319257988,4543,285218,35,1,1,128,1,1,16,0.000,0.000,,,,,NVIDIA A100-SXM4-40GB MIG 4g.20gb (0),1,,13,cupy_copy__complex64_complex64
15319444513,3200,285227,1,1,1,1,1,1,18,0.000,0.000,,,,,NVIDIA A100-SXM4-40GB MIG 4g.20gb (0),1,,13,cupy_copy__float32_float32
15319454465,3328,285233,,,,,,,,,,0.000,1.202,Device,Pageable,NVIDIA A100-SXM4-40GB MIG 4g.20gb (0),1,,7,[CUDA memcpy Device-to-Host]
15319639455,39136,285244,1434,1,1,128,1,1,16,0.000,0.000,,,,,NVIDIA A100-SXM4-40GB MIG 4g.20gb (0),1,,13,cupy_copy__complex64_complex64
15319820445,5728,285251,103,1,1,128,1,1,16,0.000,0.000,,,,,NVIDIA A100-SXM4-40GB MIG 4g.20gb (0),1,,13,cupy_copy__complex64_complex64
15319988571,3744,285258,35,1,1,128,1,1,16,0.000,0.000,,,,,NVIDIA A100-SXM4-40GB MIG 4g.20gb (0),1,,13,cupy_copy__complex64_complex64
15320080282,4480,285265,1,1,1,1,1,1,18,0.000,0.000,,,,,NVIDIA A100-SXM4-40GB MIG 4g.20gb (0),1,,13,cupy_copy__float32_float32
15320231769,343772,285276,1,1,1,32,32,1,30,0.000,0.000,,,,,NVIDIA A100-SXM4-40GB MIG 4g.20gb (0),1,,13,"void convert_kernel<__half2, float2>(tensor_layout_any, T1 *, tensor_layout_any, const T2 *)"
15320605268,12992,285279,,,,,,,,,,0.094,7211.781,Pinned,Device,NVIDIA A100-SXM4-40GB MIG 4g.20gb (0),1,,13,[CUDA memcpy Host-to-Device]
15320687123,7552,285280,,,,,,,,,,1.547,204796.217,Device,,NVIDIA A100-SXM4-40GB MIG 4g.20gb (0),1,,13,[CUDA memset]
15320695443,7232,285285,,,,,,,,,,0.031,4327.423,Pinned,Device,NVIDIA A100-SXM4-40GB MIG 4g.20gb (0),1,,13,[CUDA memcpy Host-to-Device]
15320705843,13376,285286,,,,,,,,,,0.197,14698.414,Pinned,Device,NVIDIA A100-SXM4-40GB MIG 4g.20gb (0),1,,13,[CUDA memcpy Host-to-Device]
15320778834,19616,285287,273,1,1,8,4,1,39,0.002,0.000,,,,,NVIDIA A100-SXM4-40GB MIG 4g.20gb (0),1,,13,"void channel_eq::eqMmseCoefCompLowMimoKernel<float, float, float, (unsigned int)4, (unsigned int)1, (unsigned int)4>(const channel_eq::_puschRxChEqStatDescr *, channel_eq::_puschRxChEqCoefCompDynDescr)"
15320866769,23968,285288,273,1,1,12,11,1,51,0.002,0.000,,,,,NVIDIA A100-SXM4-40GB MIG 4g.20gb (0),1,,13,"void channel_eq::eqMmseSoftDemapKernel<float, __half, __half, float, (unsigned int)4, (unsigned short)16383>(channel_eq::_puschRxChEqStatDescr *, channel_eq::_puschRxChEqSoftDemapDynDescr)"
15320939985,933173,285289,1,1,1,32,32,1,30,0.000,0.000,,,,,NVIDIA A100-SXM4-40GB MIG 4g.20gb (0),1,,13,"void convert_kernel<float2, __half2>(tensor_layout_any, T1 *, tensor_layout_any, const T2 *)"
15322025732,15808,285301,2253,1,1,128,1,1,16,0.000,0.000,,,,,NVIDIA A100-SXM4-40GB MIG 4g.20gb (0),1,,13,cupy_copy__float16_float16
15322179619,9855,285310,282,1,1,128,1,1,16,0.000,0.000,,,,,NVIDIA A100-SXM4-40GB MIG 4g.20gb (0),1,,13,cupy_copy__complex64_complex64
15322310977,10848,285319,26,1,1,128,1,1,16,0.000,0.000,,,,,NVIDIA A100-SXM4-40GB MIG 4g.20gb (0),1,,13,cupy_copy__float32_float32
15322399232,28576,285328,103,1,1,128,1,1,16,0.000,0.000,,,,,NVIDIA A100-SXM4-40GB MIG 4g.20gb (0),1,,13,cupy_copy__complex64_complex64
15322529823,41791,285338,1434,1,1,128,1,1,16,0.000,0.000,,,,,NVIDIA A100-SXM4-40GB MIG 4g.20gb (0),1,,13,cupy_copy__complex64_complex64
15322706621,398011,285343,1,1,1,32,32,1,30,0.000,0.000,,,,,NVIDIA A100-SXM4-40GB MIG 4g.20gb (0),1,,13,"void convert_kernel<__half2, float2>(tensor_layout_any, T1 *, tensor_layout_any, const T2 *)"
15323135736,9376,285346,,,,,,,,,,0.094,9993.147,Pinned,Device,NVIDIA A100-SXM4-40GB MIG 4g.20gb (0),1,,13,[CUDA memcpy Host-to-Device]
15323213271,622713,285347,,,,,,,,,,456.561,732781.111,Device,,NVIDIA A100-SXM4-40GB MIG 4g.20gb (0),1,,13,[CUDA memset]
15323840080,67391,285352,,,,,,,,,,1.235,18324.099,Pinned,Device,NVIDIA A100-SXM4-40GB MIG 4g.20gb (0),1,,13,[CUDA memcpy Host-to-Device]
15323910351,12768,285353,,,,,,,,,,0.197,15398.339,Pinned,Device,NVIDIA A100-SXM4-40GB MIG 4g.20gb (0),1,,13,[CUDA memcpy Host-to-Device]
15324030158,56127,285354,69,4,1,48,1,1,76,0.002,0.000,,,,,NVIDIA A100-SXM4-40GB MIG 4g.20gb (0),1,,13,"void ch_est::windowedChEstPreNoDftSOfdmKernel<float, __half, float, (unsigned int)2, (unsigned int)1, (unsigned short)4>(ch_est::puschRxChEstStatDescr_t *, ch_est::puschRxChEstDynDescr_t *)"
15324210444,22591,285355,137,2,1,24,2,1,44,0.001,0.001,,,,,NVIDIA A100-SXM4-40GB MIG 4g.20gb (0),1,,13,"void ch_est::chEstFilterNoDftSOfdmDispatchKernel<float, __half, float, (unsigned int)2>(ch_est::puschRxChEstStatDescr_t *, ch_est::puschRxChEstDynDescr_t *)"
15324358634,22528,285356,137,2,1,24,2,1,44,0.001,0.001,,,,,NVIDIA A100-SXM4-40GB MIG 4g.20gb (0),1,,13,"void ch_est::chEstFilterNoDftSOfdmDispatchKernel<float, __half, float, (unsigned int)2>(ch_est::puschRxChEstStatDescr_t *, ch_est::puschRxChEstDynDescr_t *)"
15324459081,6784,285367,103,1,1,128,1,1,16,0.000,0.000,,,,,NVIDIA A100-SXM4-40GB MIG 4g.20gb (0),1,,13,cupy_copy__complex64_complex64
15324599527,43136,285377,1434,1,1,128,1,1,16,0.000,0.000,,,,,NVIDIA A100-SXM4-40GB MIG 4g.20gb (0),1,,13,cupy_copy__complex64_complex64
15324787941,4544,285384,103,1,1,128,1,1,16,0.000,0.000,,,,,NVIDIA A100-SXM4-40GB MIG 4g.20gb (0),1,,13,cupy_copy__complex64_complex64
15324967971,351164,285391,1,1,1,32,32,1,30,0.000,0.000,,,,,NVIDIA A100-SXM4-40GB MIG 4g.20gb (0),1,,13,"void convert_kernel<__half2, float2>(tensor_layout_any, T1 *, tensor_layout_any, const T2 *)"
15325349951,9664,285394,,,,,,,,,,0.094,9695.287,Pinned,Device,NVIDIA A100-SXM4-40GB MIG 4g.20gb (0),1,,13,[CUDA memcpy Host-to-Device]
15325502749,49088,285395,,,,,,,,,,35.810,729483.880,Device,,NVIDIA A100-SXM4-40GB MIG 4g.20gb (0),1,,13,[CUDA memset]
15325555229,3424,285397,,,,,,,,,,0.000,23.364,Pinned,Device,NVIDIA A100-SXM4-40GB MIG 4g.20gb (0),1,,13,[CUDA memcpy Host-to-Device]
15325564284,12224,285398,,,,,,,,,,0.197,16083.714,Pinned,Device,NVIDIA A100-SXM4-40GB MIG 4g.20gb (0),1,,13,[CUDA memcpy Host-to-Device]
15325733371,26463,285399,273,1,1,48,1,1,40,0.000,0.001,,,,,NVIDIA A100-SXM4-40GB MIG 4g.20gb (0),1,,13,"void pusch_noise_intf_est::noiseIntfEstNoDftSOfdmKernel<float, __half, float, float, (unsigned int)2, (unsigned int)1, (unsigned char)4, (unsigned char)4>(pusch_noise_intf_est::puschRxNoiseIntfEstDynDescr)"
15325916089,4191,285410,35,1,1,128,1,1,16,0.000,0.000,,,,,NVIDIA A100-SXM4-40GB MIG 4g.20gb (0),1,,13,cupy_copy__complex64_complex64
15326015895,5600,285419,1,1,1,1,1,1,18,0.000,0.000,,,,,NVIDIA A100-SXM4-40GB MIG 4g.20gb (0),1,,13,cupy_copy__float32_float32
15326023991,5536,285425,,,,,,,,,,0.000,0.723,Device,Pageable,NVIDIA A100-SXM4-40GB MIG 4g.20gb (0),1,,7,[CUDA memcpy Device-to-Host]
15326129654,36800,285436,1434,1,1,128,1,1,16,0.000,0.000,,,,,NVIDIA A100-SXM4-40GB MIG 4g.20gb (0),1,,13,cupy_copy__complex64_complex64
15326226165,10496,285443,103,1,1,128,1,1,16,0.000,0.000,,,,,NVIDIA A100-SXM4-40GB MIG 4g.20gb (0),1,,13,cupy_copy__complex64_complex64
15326300628,13760,285450,35,1,1,128,1,1,16,0.000,0.000,,,,,NVIDIA A100-SXM4-40GB MIG 4g.20gb (0),1,,13,cupy_copy__complex64_complex64
15326370163,4416,285457,1,1,1,1,1,1,18,0.000,0.000,,,,,NVIDIA A100-SXM4-40GB MIG 4g.20gb (0),1,,13,cupy_copy__float32_float32
15326414675,389147,285468,1,1,1,32,32,1,30,0.000,0.000,,,,,NVIDIA A100-SXM4-40GB MIG 4g.20gb (0),1,,13,"void convert_kernel<__half2, float2>(tensor_layout_any, T1 *, tensor_layout_any, const T2 *)"
15326836270,9152,285471,,,,,,,,,,0.094,10237.693,Pinned,Device,NVIDIA A100-SXM4-40GB MIG 4g.20gb (0),1,,13,[CUDA memcpy Host-to-Device]
15326893965,7104,285472,,,,,,,,,,1.547,217710.527,Device,,NVIDIA A100-SXM4-40GB MIG 4g.20gb (0),1,,13,[CUDA memset]
15326904877,3520,285477,,,,,,,,,,0.031,8890.881,Pinned,Device,NVIDIA A100-SXM4-40GB MIG 4g.20gb (0),1,,13,[CUDA memcpy Host-to-Device]
15326910957,13760,285478,,,,,,,,,,0.197,14288.290,Pinned,Device,NVIDIA A100-SXM4-40GB MIG 4g.20gb (0),1,,13,[CUDA memcpy Host-to-Device]
15326987276,34080,285479,273,1,1,8,4,1,39,0.002,0.000,,,,,NVIDIA A100-SXM4-40GB MIG 4g.20gb (0),1,,13,"void channel_eq::eqMmseCoefCompLowMimoKernel<float, float, float, (unsigned int)4, (unsigned int)1, (unsigned int)4>(const channel_eq::_puschRxChEqStatDescr *, channel_eq::_puschRxChEqCoefCompDynDescr)"
15327080139,24032,285480,273,1,1,12,11,1,51,0.002,0.000,,,,,NVIDIA A100-SXM4-40GB MIG 4g.20gb (0),1,,13,"void channel_eq::eqMmseSoftDemapKernel<float, __half, __half, float, (unsigned int)4, (unsigned short)16383>(channel_eq::_puschRxChEqStatDescr *, channel_eq::_puschRxChEqSoftDemapDynDescr)"
15327184650,855095,285481,1,1,1,32,32,1,30,0.000,0.000,,,,,NVIDIA A100-SXM4-40GB MIG 4g.20gb (0),1,,13,"void convert_kernel<float2, __half2>(tensor_layout_any, T1 *, tensor_layout_any, const T2 *)"
15328099360,20256,285493,2253,1,1,128,1,1,16,0.000,0.000,,,,,NVIDIA A100-SXM4-40GB MIG 4g.20gb (0),1,,13,cupy_copy__float16_float16
15328168479,19232,285502,282,1,1,128,1,1,16,0.000,0.000,,,,,NVIDIA A100-SXM4-40GB MIG 4g.20gb (0),1,,13,cupy_copy__complex64_complex64
15328248958,6496,285511,26,1,1,128,1,1,16,0.000,0.000,,,,,NVIDIA A100-SXM4-40GB MIG 4g.20gb (0),1,,13,cupy_copy__float32_float32
15328291166,26591,285520,103,1,1,128,1,1,16,0.000,0.000,,,,,NVIDIA A100-SXM4-40GB MIG 4g.20gb (0),1,,13,cupy_copy__complex64_complex64
15328369149,31456,285530,1434,1,1,128,1,1,16,0.000,0.000,,,,,NVIDIA A100-SXM4-40GB MIG 4g.20gb (0),1,,13,cupy_copy__complex64_complex64
15328463356,409179,285535,1,1,1,32,32,1,30,0.000,0.000,,,,,NVIDIA A100-SXM4-40GB MIG 4g.20gb (0),1,,13,"void convert_kernel<__half2, float2>(tensor_layout_any, T1 *, tensor_layout_any, const T2 *)"
15328901463,6464,285538,,,,,,,,,,0.094,14494.959,Pinned,Device,NVIDIA A100-SXM4-40GB MIG 4g.20gb (0),1,,13,[CUDA memcpy Host-to-Device]
15328946550,644761,285539,,,,,,,,,,456.561,707670.232,Device,,NVIDIA A100-SXM4-40GB MIG 4g.20gb (0),1,,13,[CUDA memset]
15329599119,65567,285544,,,,,,,,,,1.235,18834.131,Pinned,Device,NVIDIA A100-SXM4-40GB MIG 4g.20gb (0),1,,13,[CUDA memcpy Host-to-Device]
15329670798,11264,285545,,,,,,,,,,0.197,17454.465,Pinned,Device,NVIDIA A100-SXM4-40GB MIG 4g.20gb (0),1,,13,[CUDA memcpy Host-to-Device]
15329752877,23168,285546,69,4,1,48,1,1,76,0.002,0.000,,,,,NVIDIA A100-SXM4-40GB MIG 4g.20gb (0),1,,13,"void ch_est::windowedChEstPreNoDftSOfdmKernel<float, __half, float, (unsigned int)2, (unsigned int)1, (unsigned short)4>(ch_est::puschRxChEstStatDescr_t *, ch_est::puschRxChEstDynDescr_t *)"
15329848492,27392,285547,137,2,1,24,2,1,44,0.001,0.001,,,,,NVIDIA A100-SXM4-40GB MIG 4g.20gb (0),1,,13,"void ch_est::chEstFilterNoDftSOfdmDispatchKernel<float, __half, float, (unsigned int)2>(ch_est::puschRxChEstStatDescr_t *, ch_est::puschRxChEstDynDescr_t *)"
15329947147,19296,285548,137,2,1,24,2,1,44,0.001,0.001,,,,,NVIDIA A100-SXM4-40GB MIG 4g.20gb (0),1,,13,"void ch_est::chEstFilterNoDftSOfdmDispatchKernel<float, __half, float, (unsigned int)2>(ch_est::puschRxChEstStatDescr_t *, ch_est::puschRxChEstDynDescr_t *)"
15330038666,9632,285559,103,1,1,128,1,1,16,0.000,0.000,,,,,NVIDIA A100-SXM4-40GB MIG 4g.20gb (0),1,,13,cupy_copy__complex64_complex64
15330131625,21536,285569,1434,1,1,128,1,1,16,0.000,0.000,,,,,NVIDIA A100-SXM4-40GB MIG 4g.20gb (0),1,,13,cupy_copy__complex64_complex64
15330212008,9024,285576,103,1,1,128,1,1,16,0.000,0.000,,,,,NVIDIA A100-SXM4-40GB MIG 4g.20gb (0),1,,13,cupy_copy__complex64_complex64
15330283399,406556,285583,1,1,1,32,32,1,30,0.000,0.000,,,,,NVIDIA A100-SXM4-40GB MIG 4g.20gb (0),1,,13,"void convert_kernel<__half2, float2>(tensor_layout_any, T1 *, tensor_layout_any, const T2 *)"
15330717858,5888,285586,,,,,,,,,,0.094,15912.954,Pinned,Device,NVIDIA A100-SXM4-40GB MIG 4g.20gb (0),1,,13,[CUDA memcpy Host-to-Device]
15330762018,69983,285587,,,,,,,,,,35.810,511687.947,Device,,NVIDIA A100-SXM4-40GB MIG 4g.20gb (0),1,,13,[CUDA memset]
15330839169,2304,285589,,,,,,,,,,0.000,34.722,Pinned,Device,NVIDIA A100-SXM4-40GB MIG 4g.20gb (0),1,,13,[CUDA memcpy Host-to-Device]
15330844481,9600,285590,,,,,,,,,,0.197,20479.869,Pinned,Device,NVIDIA A100-SXM4-40GB MIG 4g.20gb (0),1,,13,[CUDA memcpy Host-to-Device]
15330909344,68031,285591,273,1,1,48,1,1,40,0.000,0.001,,,,,NVIDIA A100-SXM4-40GB MIG 4g.20gb (0),1,,13,"void pusch_noise_intf_est::noiseIntfEstNoDftSOfdmKernel<float, __half, float, float, (unsigned int)2, (unsigned int)1, (unsigned char)4, (unsigned char)4>(pusch_noise_intf_est::puschRxNoiseIntfEstDynDescr)"
15331009087,30912,285602,35,1,1,128,1,1,16,0.000,0.000,,,,,NVIDIA A100-SXM4-40GB MIG 4g.20gb (0),1,,13,cupy_copy__complex64_complex64
15331092734,4352,285611,1,1,1,1,1,1,18,0.000,0.000,,,,,NVIDIA A100-SXM4-40GB MIG 4g.20gb (0),1,,13,cupy_copy__float32_float32
15331103038,1472,285617,,,,,,,,,,0.000,2.717,Device,Pageable,NVIDIA A100-SXM4-40GB MIG 4g.20gb (0),1,,7,[CUDA memcpy Device-to-Host]
15331193181,19360,285628,1434,1,1,128,1,1,16,0.000,0.000,,,,,NVIDIA A100-SXM4-40GB MIG 4g.20gb (0),1,,13,cupy_copy__complex64_complex64
15331247164,14112,285635,103,1,1,128,1,1,16,0.000,0.000,,,,,NVIDIA A100-SXM4-40GB MIG 4g.20gb (0),1,,13,cupy_copy__complex64_complex64
15331278588,28672,285642,35,1,1,128,1,1,16,0.000,0.000,,,,,NVIDIA A100-SXM4-40GB MIG 4g.20gb (0),1,,13,cupy_copy__complex64_complex64
15331367227,5728,285649,1,1,1,1,1,1,18,0.000,0.000,,,,,NVIDIA A100-SXM4-40GB MIG 4g.20gb (0),1,,13,cupy_copy__float32_float32
15331376379,411547,285660,1,1,1,32,32,1,30,0.000,0.000,,,,,NVIDIA A100-SXM4-40GB MIG 4g.20gb (0),1,,13,"void convert_kernel<__half2, float2>(tensor_layout_any, T1 *, tensor_layout_any, const T2 *)"
15331816214,6368,285663,,,,,,,,,,0.094,14713.551,Pinned,Device,NVIDIA A100-SXM4-40GB MIG 4g.20gb (0),1,,13,[CUDA memcpy Host-to-Device]
15331907957,11904,285664,,,,,,,,,,1.547,129924.149,Device,,NVIDIA A100-SXM4-40GB MIG 4g.20gb (0),1,,13,[CUDA memset]
15331921365,7488,285669,,,,,,,,,,0.031,4179.487,Pinned,Device,NVIDIA A100-SXM4-40GB MIG 4g.20gb (0),1,,13,[CUDA memcpy Host-to-Device]
15331939605,14079,285670,,,,,,,,,,0.197,13964.476,Pinned,Device,NVIDIA A100-SXM4-40GB MIG 4g.20gb (0),1,,13,[CUDA memcpy Host-to-Device]
15332023316,50271,285671,273,1,1,8,4,1,39,0.002,0.000,,,,,NVIDIA A100-SXM4-40GB MIG 4g.20gb (0),1,,13,"void channel_eq::eqMmseCoefCompLowMimoKernel<float, float, float, (unsigned int)4, (unsigned int)1, (unsigned int)4>(const channel_eq::_puschRxChEqStatDescr *, channel_eq::_puschRxChEqCoefCompDynDescr)"
15332123667,63039,285672,273,1,1,12,11,1,51,0.002,0.000,,,,,NVIDIA A100-SXM4-40GB MIG 4g.20gb (0),1,,13,"void channel_eq::eqMmseSoftDemapKernel<float, __half, __half, float, (unsigned int)4, (unsigned short)16383>(channel_eq::_puschRxChEqStatDescr *, channel_eq::_puschRxChEqSoftDemapDynDescr)"
15332244433,899798,285673,1,1,1,32,32,1,30,0.000,0.000,,,,,NVIDIA A100-SXM4-40GB MIG 4g.20gb (0),1,,13,"void convert_kernel<float2, __half2>(tensor_layout_any, T1 *, tensor_layout_any, const T2 *)"
15333177543,23007,285685,2253,1,1,128,1,1,16,0.000,0.000,,,,,NVIDIA A100-SXM4-40GB MIG 4g.20gb (0),1,,13,cupy_copy__float16_float16
15333247398,20704,285694,282,1,1,128,1,1,16,0.000,0.000,,,,,NVIDIA A100-SXM4-40GB MIG 4g.20gb (0),1,,13,cupy_copy__complex64_complex64
15333324773,6944,285703,26,1,1,128,1,1,16,0.000,0.000,,,,,NVIDIA A100-SXM4-40GB MIG 4g.20gb (0),1,,13,cupy_copy__float32_float32
15333366597,27679,285712,103,1,1,128,1,1,16,0.000,0.000,,,,,NVIDIA A100-SXM4-40GB MIG 4g.20gb (0),1,,13,cupy_copy__complex64_complex64
15333468163,37120,285722,1434,1,1,128,1,1,16,0.000,0.000,,,,,NVIDIA A100-SXM4-40GB MIG 4g.20gb (0),1,,13,cupy_copy__complex64_complex64
15333565666,394236,285727,1,1,1,32,32,1,30,0.000,0.000,,,,,NVIDIA A100-SXM4-40GB MIG 4g.20gb (0),1,,13,"void convert_kernel<__half2, float2>(tensor_layout_any, T1 *, tensor_layout_any, const T2 *)"
15333989470,12575,285730,,,,,,,,,,0.094,7450.893,Pinned,Device,NVIDIA A100-SXM4-40GB MIG 4g.20gb (0),1,,13,[CUDA memcpy Host-to-Device]
15334077661,625016,285731,,,,,,,,,,456.561,730041.743,Device,,NVIDIA A100-SXM4-40GB MIG 4g.20gb (0),1,,13,[CUDA memset]
15334707157,69536,285736,,,,,,,,,,1.235,17759.730,Pinned,Device,NVIDIA A100-SXM4-40GB MIG 4g.20gb (0),1,,13,[CUDA memcpy Host-to-Device]
15334779669,15807,285737,,,,,,,,,,0.197,12438.012,Pinned,Device,NVIDIA A100-SXM4-40GB MIG 4g.20gb (0),1,,13,[CUDA memcpy Host-to-Device]
15334860724,40191,285738,69,4,1,48,1,1,76,0.002,0.000,,,,,NVIDIA A100-SXM4-40GB MIG 4g.20gb (0),1,,13,"void ch_est::windowedChEstPreNoDftSOfdmKernel<float, __half, float, (unsigned int)2, (unsigned int)1, (unsigned short)4>(ch_est::puschRxChEstStatDescr_t *, ch_est::puschRxChEstDynDescr_t *)"
15334931411,57663,285739,137,2,1,24,2,1,44,0.001,0.001,,,,,NVIDIA A100-SXM4-40GB MIG 4g.20gb (0),1,,13,"void ch_est::chEstFilterNoDftSOfdmDispatchKernel<float, __half, float, (unsigned int)2>(ch_est::puschRxChEstStatDescr_t *, ch_est::puschRxChEstDynDescr_t *)"
15335047250,43615,285740,137,2,1,24,2,1,44,0.001,0.001,,,,,NVIDIA A100-SXM4-40GB MIG 4g.20gb (0),1,,13,"void ch_est::chEstFilterNoDftSOfdmDispatchKernel<float, __half, float, (unsigned int)2>(ch_est::puschRxChEstStatDescr_t *, ch_est::puschRxChEstDynDescr_t *)"
15335132785,8544,285751,103,1,1,128,1,1,16,0.000,0.000,,,,,NVIDIA A100-SXM4-40GB MIG 4g.20gb (0),1,,13,cupy_copy__complex64_complex64
15335192944,20608,285761,1434,1,1,128,1,1,16,0.000,0.000,,,,,NVIDIA A100-SXM4-40GB MIG 4g.20gb (0),1,,13,cupy_copy__complex64_complex64
15335277615,11232,285768,103,1,1,128,1,1,16,0.000,0.000,,,,,NVIDIA A100-SXM4-40GB MIG 4g.20gb (0),1,,13,cupy_copy__complex64_complex64
15335348014,357820,285775,1,1,1,32,32,1,30,0.000,0.000,,,,,NVIDIA A100-SXM4-40GB MIG 4g.20gb (0),1,,13,"void convert_kernel<__half2, float2>(tensor_layout_any, T1 *, tensor_layout_any, const T2 *)"
15335737610,5760,285778,,,,,,,,,,0.094,16266.656,Pinned,Device,NVIDIA A100-SXM4-40GB MIG 4g.20gb (0),1,,13,[CUDA memcpy Host-to-Device]
15335819401,52063,285779,,,,,,,,,,35.810,687801.133,Device,,NVIDIA A100-SXM4-40GB MIG 4g.20gb (0),1,,13,[CUDA memset]
15335876168,2848,285781,,,,,,,,,,0.000,28.090,Pinned,Device,NVIDIA A100-SXM4-40GB MIG 4g.20gb (0),1,,13,[CUDA memcpy Host-to-Device]
15335882536,13792,285782,,,,,,,,,,0.197,14255.063,Pinned,Device,NVIDIA A100-SXM4-40GB MIG 4g.20gb (0),1,,13,[CUDA memcpy Host-to-Device]
15335963623,29824,285783,273,1,1,48,1,1,40,0.000,0.001,,,,,NVIDIA A100-SXM4-40GB MIG 4g.20gb (0),1,,13,"void pusch_noise_intf_est::noiseIntfEstNoDftSOfdmKernel<float, __half, float, float, (unsigned int)2, (unsigned int)1, (unsigned char)4, (unsigned char)4>(pusch_noise_intf_est::puschRxNoiseIntfEstDynDescr)"
15336056550,10944,285794,35,1,1,128,1,1,16,0.000,0.000,,,,,NVIDIA A100-SXM4-40GB MIG 4g.20gb (0),1,,13,cupy_copy__complex64_complex64
15336130085,4576,285803,1,1,1,1,1,1,18,0.000,0.000,,,,,NVIDIA A100-SXM4-40GB MIG 4g.20gb (0),1,,13,cupy_copy__float32_float32
15336147173,3552,285809,,,,,,,,,,0.000,1.126,Device,Pageable,NVIDIA A100-SXM4-40GB MIG 4g.20gb (0),1,,7,[CUDA memcpy Device-to-Host]
15336259652,20928,285820,1434,1,1,128,1,1,16,0.000,0.000,,,,,NVIDIA A100-SXM4-40GB MIG 4g.20gb (0),1,,13,cupy_copy__complex64_complex64
15336316291,24448,285827,103,1,1,128,1,1,16,0.000,0.000,,,,,NVIDIA A100-SXM4-40GB MIG 4g.20gb (0),1,,13,cupy_copy__complex64_complex64
15336404994,6880,285834,35,1,1,128,1,1,16,0.000,0.000,,,,,NVIDIA A100-SXM4-40GB MIG 4g.20gb (0),1,,13,cupy_copy__complex64_complex64
15336484737,3840,285841,1,1,1,1,1,1,18,0.000,0.000,,,,,NVIDIA A100-SXM4-40GB MIG 4g.20gb (0),1,,13,cupy_copy__float32_float32
15336508353,370780,285852,1,1,1,32,32,1,30,0.000,0.000,,,,,NVIDIA A100-SXM4-40GB MIG 4g.20gb (0),1,,13,"void convert_kernel<__half2, float2>(tensor_layout_any, T1 *, tensor_layout_any, const T2 *)"
15336912349,9215,285855,,,,,,,,,,0.094,10167.703,Pinned,Device,NVIDIA A100-SXM4-40GB MIG 4g.20gb (0),1,,13,[CUDA memcpy Host-to-Device]
15336965692,16320,285856,,,,,,,,,,1.547,94767.839,Device,,NVIDIA A100-SXM4-40GB MIG 4g.20gb (0),1,,13,[CUDA memset]
15336987836,3200,285861,,,,,,,,,,0.031,9780.000,Pinned,Device,NVIDIA A100-SXM4-40GB MIG 4g.20gb (0),1,,13,[CUDA memcpy Host-to-Device]
15336994044,14432,285862,,,,,,,,,,0.197,13622.968,Pinned,Device,NVIDIA A100-SXM4-40GB MIG 4g.20gb (0),1,,13,[CUDA memcpy Host-to-Device]
15337057595,43999,285863,273,1,1,8,4,1,39,0.002,0.000,,,,,NVIDIA A100-SXM4-40GB MIG 4g.20gb (0),1,,13,"void channel_eq::eqMmseCoefCompLowMimoKernel<float, float, float, (unsigned int)4, (unsigned int)1, (unsigned int)4>(const channel_eq::_puschRxChEqStatDescr *, channel_eq::_puschRxChEqCoefCompDynDescr)"
15337152762,46847,285864,273,1,1,12,11,1,51,0.002,0.000,,,,,NVIDIA A100-SXM4-40GB MIG 4g.20gb (0),1,,13,"void channel_eq::eqMmseSoftDemapKernel<float, __half, __half, float, (unsigned int)4, (unsigned short)16383>(channel_eq::_puschRxChEqStatDescr *, channel_eq::_puschRxChEqSoftDemapDynDescr)"
15337246297,835862,285865,1,1,1,32,32,1,30,0.000,0.000,,,,,NVIDIA A100-SXM4-40GB MIG 4g.20gb (0),1,,13,"void convert_kernel<float2, __half2>(tensor_layout_any, T1 *, tensor_layout_any, const T2 *)"
15338139119,18208,285877,2253,1,1,128,1,1,16,0.000,0.000,,,,,NVIDIA A100-SXM4-40GB MIG 4g.20gb (0),1,,13,cupy_copy__float16_float16
15338221390,7232,285886,282,1,1,128,1,1,16,0.000,0.000,,,,,NVIDIA A100-SXM4-40GB MIG 4g.20gb (0),1,,13,cupy_copy__complex64_complex64
15338283085,8672,285895,26,1,1,128,1,1,16,0.000,0.000,,,,,NVIDIA A100-SXM4-40GB MIG 4g.20gb (0),1,,13,cupy_copy__float32_float32
15338351884,28960,285904,103,1,1,128,1,1,16,0.000,0.000,,,,,NVIDIA A100-SXM4-40GB MIG 4g.20gb (0),1,,13,cupy_copy__complex64_complex64
15338434987,21952,285914,1434,1,1,128,1,1,16,0.000,0.000,,,,,NVIDIA A100-SXM4-40GB MIG 4g.20gb (0),1,,13,cupy_copy__complex64_complex64
15338517355,401339,285919,1,1,1,32,32,1,30,0.000,0.000,,,,,NVIDIA A100-SXM4-40GB MIG 4g.20gb (0),1,,13,"void convert_kernel<__half2, float2>(tensor_layout_any, T1 *, tensor_layout_any, const T2 *)"
15338948390,5536,285922,,,,,,,,,,0.094,16924.777,Pinned,Device,NVIDIA A100-SXM4-40GB MIG 4g.20gb (0),1,,13,[CUDA memcpy Host-to-Device]
15339010693,634297,285923,,,,,,,,,,456.561,719540.829,Device,,NVIDIA A100-SXM4-40GB MIG 4g.20gb (0),1,,13,[CUDA memset]
15339648766,69791,285928,,,,,,,,,,1.235,17694.278,Pinned,Device,NVIDIA A100-SXM4-40GB MIG 4g.20gb (0),1,,13,[CUDA memcpy Host-to-Device]
15339725693,18560,285929,,,,,,,,,,0.197,10593.042,Pinned,Device,NVIDIA A100-SXM4-40GB MIG 4g.20gb (0),1,,13,[CUDA memcpy Host-to-Device]
15339793820,47744,285930,69,4,1,48,1,1,76,0.002,0.000,,,,,NVIDIA A100-SXM4-40GB MIG 4g.20gb (0),1,,13,"void ch_est::windowedChEstPreNoDftSOfdmKernel<float, __half, float, (unsigned int)2, (unsigned int)1, (unsigned short)4>(ch_est::puschRxChEstStatDescr_t *, ch_est::puschRxChEstDynDescr_t *)"
15339902427,46175,285931,137,2,1,24,2,1,44,0.001,0.001,,,,,NVIDIA A100-SXM4-40GB MIG 4g.20gb (0),1,,13,"void ch_est::chEstFilterNoDftSOfdmDispatchKernel<float, __half, float, (unsigned int)2>(ch_est::puschRxChEstStatDescr_t *, ch_est::puschRxChEstDynDescr_t *)"
15340006874,35359,285932,137,2,1,24,2,1,44,0.001,0.001,,,,,NVIDIA A100-SXM4-40GB MIG 4g.20gb (0),1,,13,"void ch_est::chEstFilterNoDftSOfdmDispatchKernel<float, __half, float, (unsigned int)2>(ch_est::puschRxChEstStatDescr_t *, ch_est::puschRxChEstDynDescr_t *)"
15340107129,8192,285943,103,1,1,128,1,1,16,0.000,0.000,,,,,NVIDIA A100-SXM4-40GB MIG 4g.20gb (0),1,,13,cupy_copy__complex64_complex64
15340180120,20032,285953,1434,1,1,128,1,1,16,0.000,0.000,,,,,NVIDIA A100-SXM4-40GB MIG 4g.20gb (0),1,,13,cupy_copy__complex64_complex64
15340252279,9472,285960,103,1,1,128,1,1,16,0.000,0.000,,,,,NVIDIA A100-SXM4-40GB MIG 4g.20gb (0),1,,13,cupy_copy__complex64_complex64
15340335318,405691,285967,1,1,1,32,32,1,30,0.000,0.000,,,,,NVIDIA A100-SXM4-40GB MIG 4g.20gb (0),1,,13,"void convert_kernel<__half2, float2>(tensor_layout_any, T1 *, tensor_layout_any, const T2 *)"
15340771697,9056,285970,,,,,,,,,,0.094,10346.287,Pinned,Device,NVIDIA A100-SXM4-40GB MIG 4g.20gb (0),1,,13,[CUDA memcpy Host-to-Device]
15340830672,54016,285971,,,,,,,,,,35.810,662949.049,Device,,NVIDIA A100-SXM4-40GB MIG 4g.20gb (0),1,,13,[CUDA memset]
15340890640,2912,285973,,,,,,,,,,0.000,27.472,Pinned,Device,NVIDIA A100-SXM4-40GB MIG 4g.20gb (0),1,,13,[CUDA memcpy Host-to-Device]
15340896208,14112,285974,,,,,,,,,,0.197,13931.839,Pinned,Device,NVIDIA A100-SXM4-40GB MIG 4g.20gb (0),1,,13,[CUDA memcpy Host-to-Device]
15340980911,28799,285975,273,1,1,48,1,1,40,0.000,0.001,,,,,NVIDIA A100-SXM4-40GB MIG 4g.20gb (0),1,,13,"void pusch_noise_intf_est::noiseIntfEstNoDftSOfdmKernel<float, __half, float, float, (unsigned int)2, (unsigned int)1, (unsigned char)4, (unsigned char)4>(pusch_noise_intf_est::puschRxNoiseIntfEstDynDescr)"
15341045806,10560,285986,35,1,1,128,1,1,16,0.000,0.000,,,,,NVIDIA A100-SXM4-40GB MIG 4g.20gb (0),1,,13,cupy_copy__complex64_complex64
15341122157,4800,285995,1,1,1,1,1,1,18,0.000,0.000,,,,,NVIDIA A100-SXM4-40GB MIG 4g.20gb (0),1,,13,cupy_copy__float32_float32
15341129389,5504,286001,,,,,,,,,,0.000,0.727,Device,Pageable,NVIDIA A100-SXM4-40GB MIG 4g.20gb (0),1,,7,[CUDA memcpy Device-to-Host]
15341251052,20799,286012,1434,1,1,128,1,1,16,0.000,0.000,,,,,NVIDIA A100-SXM4-40GB MIG 4g.20gb (0),1,,13,cupy_copy__complex64_complex64
15341305739,25728,286019,103,1,1,128,1,1,16,0.000,0.000,,,,,NVIDIA A100-SXM4-40GB MIG 4g.20gb (0),1,,13,cupy_copy__complex64_complex64
15341394474,5120,286026,35,1,1,128,1,1,16,0.000,0.000,,,,,NVIDIA A100-SXM4-40GB MIG 4g.20gb (0),1,,13,cupy_copy__complex64_complex64
15341467625,4768,286033,1,1,1,1,1,1,18,0.000,0.000,,,,,NVIDIA A100-SXM4-40GB MIG 4g.20gb (0),1,,13,cupy_copy__float32_float32
15341486377,375484,286044,1,1,1,32,32,1,30,0.000,0.000,,,,,NVIDIA A100-SXM4-40GB MIG 4g.20gb (0),1,,13,"void convert_kernel<__half2, float2>(tensor_layout_any, T1 *, tensor_layout_any, const T2 *)"
15341892196,10496,286047,,,,,,,,,,0.094,8926.793,Pinned,Device,NVIDIA A100-SXM4-40GB MIG 4g.20gb (0),1,,13,[CUDA memcpy Host-to-Device]
15341957060,12640,286048,,,,,,,,,,1.547,122358.065,Device,,NVIDIA A100-SXM4-40GB MIG 4g.20gb (0),1,,13,[CUDA memset]
15341974820,4000,286053,,,,,,,,,,0.031,7824.000,Pinned,Device,NVIDIA A100-SXM4-40GB MIG 4g.20gb (0),1,,13,[CUDA memcpy Host-to-Device]
15341983523,14432,286054,,,,,,,,,,0.197,13622.968,Pinned,Device,NVIDIA A100-SXM4-40GB MIG 4g.20gb (0),1,,13,[CUDA memcpy Host-to-Device]
15342043427,57439,286055,273,1,1,8,4,1,39,0.002,0.000,,,,,NVIDIA A100-SXM4-40GB MIG 4g.20gb (0),1,,13,"void channel_eq::eqMmseCoefCompLowMimoKernel<float, float, float, (unsigned int)4, (unsigned int)1, (unsigned int)4>(const channel_eq::_puschRxChEqStatDescr *, channel_eq::_puschRxChEqCoefCompDynDescr)"
15342151234,38591,286056,273,1,1,12,11,1,51,0.002,0.000,,,,,NVIDIA A100-SXM4-40GB MIG 4g.20gb (0),1,,13,"void channel_eq::eqMmseSoftDemapKernel<float, __half, __half, float, (unsigned int)4, (unsigned short)16383>(channel_eq::_puschRxChEqStatDescr *, channel_eq::_puschRxChEqSoftDemapDynDescr)"
15342258592,901206,286057,1,1,1,32,32,1,30,0.000,0.000,,,,,NVIDIA A100-SXM4-40GB MIG 4g.20gb (0),1,,13,"void convert_kernel<float2, __half2>(tensor_layout_any, T1 *, tensor_layout_any, const T2 *)"
15343207350,14623,286069,2253,1,1,128,1,1,16,0.000,0.000,,,,,NVIDIA A100-SXM4-40GB MIG 4g.20gb (0),1,,13,cupy_copy__float16_float16
15343304117,10943,286078,282,1,1,128,1,1,16,0.000,0.000,,,,,NVIDIA A100-SXM4-40GB MIG 4g.20gb (0),1,,13,cupy_copy__complex64_complex64
15343374164,9376,286087,26,1,1,128,1,1,16,0.000,0.000,,,,,NVIDIA A100-SXM4-40GB MIG 4g.20gb (0),1,,13,cupy_copy__float32_float32
15343440339,10432,286096,103,1,1,128,1,1,16,0.000,0.000,,,,,NVIDIA A100-SXM4-40GB MIG 4g.20gb (0),1,,13,cupy_copy__complex64_complex64
15343513458,33312,286106,1434,1,1,128,1,1,16,0.000,0.000,,,,,NVIDIA A100-SXM4-40GB MIG 4g.20gb (0),1,,13,cupy_copy__complex64_complex64
15343592177,398044,286111,1,1,1,32,32,1,30,0.000,0.000,,,,,NVIDIA A100-SXM4-40GB MIG 4g.20gb (0),1,,13,"void convert_kernel<__half2, float2>(tensor_layout_any, T1 *, tensor_layout_any, const T2 *)"
15344021036,8128,286114,,,,,,,,,,0.094,11527.513,Pinned,Device,NVIDIA A100-SXM4-40GB MIG 4g.20gb (0),1,,13,[CUDA memcpy Host-to-Device]
15344092492,652696,286115,,,,,,,,,,456.561,699452.126,Device,,NVIDIA A100-SXM4-40GB MIG 4g.20gb (0),1,,13,[CUDA memset]
15345377245,72351,286120,,,,,,,,,,1.235,17068.161,Pinned,Device,NVIDIA A100-SXM4-40GB MIG 4g.20gb (0),1,,13,[CUDA memcpy Host-to-Device]
15345452700,13920,286121,,,,,,,,,,0.197,14124.122,Pinned,Device,NVIDIA A100-SXM4-40GB MIG 4g.20gb (0),1,,13,[CUDA memcpy Host-to-Device]
15345532219,22944,286122,69,4,1,48,1,1,76,0.002,0.000,,,,,NVIDIA A100-SXM4-40GB MIG 4g.20gb (0),1,,13,"void ch_est::windowedChEstPreNoDftSOfdmKernel<float, __half, float, (unsigned int)2, (unsigned int)1, (unsigned short)4>(ch_est::puschRxChEstStatDescr_t *, ch_est::puschRxChEstDynDescr_t *)"
15345627066,23584,286123,137,2,1,24,2,1,44,0.001,0.001,,,,,NVIDIA A100-SXM4-40GB MIG 4g.20gb (0),1,,13,"void ch_est::chEstFilterNoDftSOfdmDispatchKernel<float, __half, float, (unsigned int)2>(ch_est::puschRxChEstStatDescr_t *, ch_est::puschRxChEstDynDescr_t *)"
15345716857,21760,286124,137,2,1,24,2,1,44,0.001,0.001,,,,,NVIDIA A100-SXM4-40GB MIG 4g.20gb (0),1,,13,"void ch_est::chEstFilterNoDftSOfdmDispatchKernel<float, __half, float, (unsigned int)2>(ch_est::puschRxChEstStatDescr_t *, ch_est::puschRxChEstDynDescr_t *)"
15345807768,6496,286135,103,1,1,128,1,1,16,0.000,0.000,,,,,NVIDIA A100-SXM4-40GB MIG 4g.20gb (0),1,,13,cupy_copy__complex64_complex64
15345854360,22144,286145,1434,1,1,128,1,1,16,0.000,0.000,,,,,NVIDIA A100-SXM4-40GB MIG 4g.20gb (0),1,,13,cupy_copy__complex64_complex64
15345919735,25504,286152,103,1,1,128,1,1,16,0.000,0.000,,,,,NVIDIA A100-SXM4-40GB MIG 4g.20gb (0),1,,13,cupy_copy__complex64_complex64
15346009110,382780,286159,1,1,1,32,32,1,30,0.000,0.000,,,,,NVIDIA A100-SXM4-40GB MIG 4g.20gb (0),1,,13,"void convert_kernel<__half2, float2>(tensor_layout_any, T1 *, tensor_layout_any, const T2 *)"
15346527216,13088,286162,,,,,,,,,,0.094,7158.843,Pinned,Device,NVIDIA A100-SXM4-40GB MIG 4g.20gb (0),1,,13,[CUDA memcpy Host-to-Device]
15346608271,59648,286163,,,,,,,,,,35.810,600353.309,Device,,NVIDIA A100-SXM4-40GB MIG 4g.20gb (0),1,,13,[CUDA memset]
15347340903,5760,286165,,,,,,,,,,0.000,13.889,Pinned,Device,NVIDIA A100-SXM4-40GB MIG 4g.20gb (0),1,,13,[CUDA memcpy Host-to-Device]
15347352679,14816,286166,,,,,,,,,,0.197,13269.860,Pinned,Device,NVIDIA A100-SXM4-40GB MIG 4g.20gb (0),1,,13,[CUDA memcpy Host-to-Device]
15347437446,33216,286167,273,1,1,48,1,1,40,0.000,0.001,,,,,NVIDIA A100-SXM4-40GB MIG 4g.20gb (0),1,,13,"void pusch_noise_intf_est::noiseIntfEstNoDftSOfdmKernel<float, __half, float, float, (unsigned int)2, (unsigned int)1, (unsigned char)4, (unsigned char)4>(pusch_noise_intf_est::puschRxNoiseIntfEstDynDescr)"
15347528485,6464,286178,35,1,1,128,1,1,16,0.000,0.000,,,,,NVIDIA A100-SXM4-40GB MIG 4g.20gb (0),1,,13,cupy_copy__complex64_complex64
15347601092,6368,286187,1,1,1,1,1,1,18,0.000,0.000,,,,,NVIDIA A100-SXM4-40GB MIG 4g.20gb (0),1,,13,cupy_copy__float32_float32
15347608548,5664,286193,,,,,,,,,,0.000,0.706,Device,Pageable,NVIDIA A100-SXM4-40GB MIG 4g.20gb (0),1,,7,[CUDA memcpy Device-to-Host]
15347702499,28864,286204,1434,1,1,128,1,1,16,0.000,0.000,,,,,NVIDIA A100-SXM4-40GB MIG 4g.20gb (0),1,,13,cupy_copy__complex64_complex64
15347786722,6464,286211,103,1,1,128,1,1,16,0.000,0.000,,,,,NVIDIA A100-SXM4-40GB MIG 4g.20gb (0),1,,13,cupy_copy__complex64_complex64
15347831170,26719,286218,35,1,1,128,1,1,16,0.000,0.000,,,,,NVIDIA A100-SXM4-40GB MIG 4g.20gb (0),1,,13,cupy_copy__complex64_complex64
15347917537,12991,286225,1,1,1,1,1,1,18,0.000,0.000,,,,,NVIDIA A100-SXM4-40GB MIG 4g.20gb (0),1,,13,cupy_copy__float32_float32
15347955872,389340,286236,1,1,1,32,32,1,30,0.000,0.000,,,,,NVIDIA A100-SXM4-40GB MIG 4g.20gb (0),1,,13,"void convert_kernel<__half2, float2>(tensor_layout_any, T1 *, tensor_layout_any, const T2 *)"
15348375387,13472,286239,,,,,,,,,,0.094,6954.867,Pinned,Device,NVIDIA A100-SXM4-40GB MIG 4g.20gb (0),1,,13,[CUDA memcpy Host-to-Device]
15348444187,11936,286240,,,,,,,,,,1.547,129576.159,Device,,NVIDIA A100-SXM4-40GB MIG 4g.20gb (0),1,,13,[CUDA memset]
15348462618,7136,286245,,,,,,,,,,0.031,4385.634,Pinned,Device,NVIDIA A100-SXM4-40GB MIG 4g.20gb (0),1,,13,[CUDA memcpy Host-to-Device]
15348476122,12544,286246,,,,,,,,,,0.197,15673.393,Pinned,Device,NVIDIA A100-SXM4-40GB MIG 4g.20gb (0),1,,13,[CUDA memcpy Host-to-Device]
15348549785,31872,286247,273,1,1,8,4,1,39,0.002,0.000,,,,,NVIDIA A100-SXM4-40GB MIG 4g.20gb (0),1,,13,"void channel_eq::eqMmseCoefCompLowMimoKernel<float, float, float, (unsigned int)4, (unsigned int)1, (unsigned int)4>(const channel_eq::_puschRxChEqStatDescr *, channel_eq::_puschRxChEqCoefCompDynDescr)"
15348651256,18592,286248,273,1,1,12,11,1,51,0.002,0.000,,,,,NVIDIA A100-SXM4-40GB MIG 4g.20gb (0),1,,13,"void channel_eq::eqMmseSoftDemapKernel<float, __half, __half, float, (unsigned int)4, (unsigned short)16383>(channel_eq::_puschRxChEqStatDescr *, channel_eq::_puschRxChEqSoftDemapDynDescr)"
15348717592,966101,286249,1,1,1,32,32,1,30,0.000,0.000,,,,,NVIDIA A100-SXM4-40GB MIG 4g.20gb (0),1,,13,"void convert_kernel<float2, __half2>(tensor_layout_any, T1 *, tensor_layout_any, const T2 *)"
15349741964,14624,286261,2253,1,1,128,1,1,16,0.000,0.000,,,,,NVIDIA A100-SXM4-40GB MIG 4g.20gb (0),1,,13,cupy_copy__float16_float16
15349791211,19328,286270,282,1,1,128,1,1,16,0.000,0.000,,,,,NVIDIA A100-SXM4-40GB MIG 4g.20gb (0),1,,13,cupy_copy__complex64_complex64
15349874091,5471,286279,26,1,1,128,1,1,16,0.000,0.000,,,,,NVIDIA A100-SXM4-40GB MIG 4g.20gb (0),1,,13,cupy_copy__float32_float32
15349938858,26368,286288,103,1,1,128,1,1,16,0.000,0.000,,,,,NVIDIA A100-SXM4-40GB MIG 4g.20gb (0),1,,13,cupy_copy__complex64_complex64
15350019689,17088,286298,1434,1,1,128,1,1,16,0.000,0.000,,,,,NVIDIA A100-SXM4-40GB MIG 4g.20gb (0),1,,13,cupy_copy__complex64_complex64
15350090888,429211,286303,1,1,1,32,32,1,30,0.000,0.000,,,,,NVIDIA A100-SXM4-40GB MIG 4g.20gb (0),1,,13,"void convert_kernel<__half2, float2>(tensor_layout_any, T1 *, tensor_layout_any, const T2 *)"
15350551779,8928,286306,,,,,,,,,,0.094,10494.608,Pinned,Device,NVIDIA A100-SXM4-40GB MIG 4g.20gb (0),1,,13,[CUDA memcpy Host-to-Device]
15350623362,624889,286307,,,,,,,,,,456.561,730498.304,Device,,NVIDIA A100-SXM4-40GB MIG 4g.20gb (0),1,,13,[CUDA memset]
15351253403,71711,286312,,,,,,,,,,1.235,17220.059,Pinned,Device,NVIDIA A100-SXM4-40GB MIG 4g.20gb (0),1,,13,[CUDA memcpy Host-to-Device]
15351327802,16640,286313,,,,,,,,,,0.197,11815.354,Pinned,Device,NVIDIA A100-SXM4-40GB MIG 4g.20gb (0),1,,13,[CUDA memcpy Host-to-Device]
15351390745,40800,286314,69,4,1,48,1,1,76,0.002,0.000,,,,,NVIDIA A100-SXM4-40GB MIG 4g.20gb (0),1,,13,"void ch_est::windowedChEstPreNoDftSOfdmKernel<float, __half, float, (unsigned int)2, (unsigned int)1, (unsigned short)4>(ch_est::puschRxChEstStatDescr_t *, ch_est::puschRxChEstDynDescr_t *)"
15351470265,53759,286315,137,2,1,24,2,1,44,0.001,0.001,,,,,NVIDIA A100-SXM4-40GB MIG 4g.20gb (0),1,,13,"void ch_est::chEstFilterNoDftSOfdmDispatchKernel<float, __half, float, (unsigned int)2>(ch_est::puschRxChEstStatDescr_t *, ch_est::puschRxChEstDynDescr_t *)"
15351562648,22879,286316,137,2,1,24,2,1,44,0.001,0.001,,,,,NVIDIA A100-SXM4-40GB MIG 4g.20gb (0),1,,13,"void ch_est::chEstFilterNoDftSOfdmDispatchKernel<float, __half, float, (unsigned int)2>(ch_est::puschRxChEstStatDescr_t *, ch_est::puschRxChEstDynDescr_t *)"
15351626903,10656,286327,103,1,1,128,1,1,16,0.000,0.000,,,,,NVIDIA A100-SXM4-40GB MIG 4g.20gb (0),1,,13,cupy_copy__complex64_complex64
15351673878,19552,286337,1434,1,1,128,1,1,16,0.000,0.000,,,,,NVIDIA A100-SXM4-40GB MIG 4g.20gb (0),1,,13,cupy_copy__complex64_complex64
15351753493,5792,286344,103,1,1,128,1,1,16,0.000,0.000,,,,,NVIDIA A100-SXM4-40GB MIG 4g.20gb (0),1,,13,cupy_copy__complex64_complex64
15351796021,398043,286351,1,1,1,32,32,1,30,0.000,0.000,,,,,NVIDIA A100-SXM4-40GB MIG 4g.20gb (0),1,,13,"void convert_kernel<__half2, float2>(tensor_layout_any, T1 *, tensor_layout_any, const T2 *)"
15352225776,6336,286354,,,,,,,,,,0.094,14787.852,Pinned,Device,NVIDIA A100-SXM4-40GB MIG 4g.20gb (0),1,,13,[CUDA memcpy Host-to-Device]
15352294607,51840,286355,,,,,,,,,,35.810,690773.357,Device,,NVIDIA A100-SXM4-40GB MIG 4g.20gb (0),1,,13,[CUDA memset]
15352346863,5408,286357,,,,,,,,,,0.000,14.793,Pinned,Device,NVIDIA A100-SXM4-40GB MIG 4g.20gb (0),1,,13,[CUDA memcpy Host-to-Device]
15352356655,13471,286358,,,,,,,,,,0.197,14594.802,Pinned,Device,NVIDIA A100-SXM4-40GB MIG 4g.20gb (0),1,,13,[CUDA memcpy Host-to-Device]
15352431886,27711,286359,273,1,1,48,1,1,40,0.000,0.001,,,,,NVIDIA A100-SXM4-40GB MIG 4g.20gb (0),1,,13,"void pusch_noise_intf_est::noiseIntfEstNoDftSOfdmKernel<float, __half, float, float, (unsigned int)2, (unsigned int)1, (unsigned char)4, (unsigned char)4>(pusch_noise_intf_est::puschRxNoiseIntfEstDynDescr)"
15352517453,6496,286370,35,1,1,128,1,1,16,0.000,0.000,,,,,NVIDIA A100-SXM4-40GB MIG 4g.20gb (0),1,,13,cupy_copy__complex64_complex64
15352589996,8448,286379,1,1,1,1,1,1,18,0.000,0.000,,,,,NVIDIA A100-SXM4-40GB MIG 4g.20gb (0),1,,13,cupy_copy__float32_float32
15352600812,6848,286385,,,,,,,,,,0.000,0.584,Device,Pageable,NVIDIA A100-SXM4-40GB MIG 4g.20gb (0),1,,7,[CUDA memcpy Device-to-Host]
15352695659,36287,286396,1434,1,1,128,1,1,16,0.000,0.000,,,,,NVIDIA A100-SXM4-40GB MIG 4g.20gb (0),1,,13,cupy_copy__complex64_complex64
15352790922,5088,286403,103,1,1,128,1,1,16,0.000,0.000,,,,,NVIDIA A100-SXM4-40GB MIG 4g.20gb (0),1,,13,cupy_copy__complex64_complex64
15352851241,12192,286410,35,1,1,128,1,1,16,0.000,0.000,,,,,NVIDIA A100-SXM4-40GB MIG 4g.20gb (0),1,,13,cupy_copy__complex64_complex64
15352929000,5056,286417,1,1,1,1,1,1,18,0.000,0.000,,,,,NVIDIA A100-SXM4-40GB MIG 4g.20gb (0),1,,13,cupy_copy__float32_float32
15352943720,392796,286428,1,1,1,32,32,1,30,0.000,0.000,,,,,NVIDIA A100-SXM4-40GB MIG 4g.20gb (0),1,,13,"void convert_kernel<__half2, float2>(tensor_layout_any, T1 *, tensor_layout_any, const T2 *)"
15353365763,11200,286431,,,,,,,,,,0.094,8365.647,Pinned,Device,NVIDIA A100-SXM4-40GB MIG 4g.20gb (0),1,,13,[CUDA memcpy Host-to-Device]
15353440898,14112,286432,,,,,,,,,,1.547,109595.323,Device,,NVIDIA A100-SXM4-40GB MIG 4g.20gb (0),1,,13,[CUDA memset]
15353455522,3648,286437,,,,,,,,,,0.031,8578.922,Pinned,Device,NVIDIA A100-SXM4-40GB MIG 4g.20gb (0),1,,13,[CUDA memcpy Host-to-Device]
15353461890,12960,286438,,,,,,,,,,0.197,15170.273,Pinned,Device,NVIDIA A100-SXM4-40GB MIG 4g.20gb (0),1,,13,[CUDA memcpy Host-to-Device]
15353529985,44928,286439,273,1,1,8,4,1,39,0.002,0.000,,,,,NVIDIA A100-SXM4-40GB MIG 4g.20gb (0),1,,13,"void channel_eq::eqMmseCoefCompLowMimoKernel<float, float, float, (unsigned int)4, (unsigned int)1, (unsigned int)4>(const channel_eq::_puschRxChEqStatDescr *, channel_eq::_puschRxChEqCoefCompDynDescr)"
15353625600,55488,286440,273,1,1,12,11,1,51,0.002,0.000,,,,,NVIDIA A100-SXM4-40GB MIG 4g.20gb (0),1,,13,"void channel_eq::eqMmseSoftDemapKernel<float, __half, __half, float, (unsigned int)4, (unsigned short)16383>(channel_eq::_puschRxChEqStatDescr *, channel_eq::_puschRxChEqSoftDemapDynDescr)"
15353723967,932406,286441,1,1,1,32,32,1,30,0.000,0.000,,,,,NVIDIA A100-SXM4-40GB MIG 4g.20gb (0),1,,13,"void convert_kernel<float2, __half2>(tensor_layout_any, T1 *, tensor_layout_any, const T2 *)"
15354717588,14624,286453,2253,1,1,128,1,1,16,0.000,0.000,,,,,NVIDIA A100-SXM4-40GB MIG 4g.20gb (0),1,,13,cupy_copy__float16_float16
15354813651,7328,286462,282,1,1,128,1,1,16,0.000,0.000,,,,,NVIDIA A100-SXM4-40GB MIG 4g.20gb (0),1,,13,cupy_copy__complex64_complex64
15354884402,4800,286471,26,1,1,128,1,1,16,0.000,0.000,,,,,NVIDIA A100-SXM4-40GB MIG 4g.20gb (0),1,,13,cupy_copy__float32_float32
15354936209,36256,286480,103,1,1,128,1,1,16,0.000,0.000,,,,,NVIDIA A100-SXM4-40GB MIG 4g.20gb (0),1,,13,cupy_copy__complex64_complex64
15355046736,31520,286490,1434,1,1,128,1,1,16,0.000,0.000,,,,,NVIDIA A100-SXM4-40GB MIG 4g.20gb (0),1,,13,cupy_copy__complex64_complex64
15355134735,398620,286495,1,1,1,32,32,1,30,0.000,0.000,,,,,NVIDIA A100-SXM4-40GB MIG 4g.20gb (0),1,,13,"void convert_kernel<__half2, float2>(tensor_layout_any, T1 *, tensor_layout_any, const T2 *)"
15355561418,5760,286498,,,,,,,,,,0.094,16266.656,Pinned,Device,NVIDIA A100-SXM4-40GB MIG 4g.20gb (0),1,,13,[CUDA memcpy Host-to-Device]
15355635306,616217,286499,,,,,,,,,,456.561,740542.656,Device,,NVIDIA A100-SXM4-40GB MIG 4g.20gb (0),1,,13,[CUDA memset]
15356259683,69023,286504,,,,,,,,,,1.235,17890.634,Pinned,Device,NVIDIA A100-SXM4-40GB MIG 4g.20gb (0),1,,13,[CUDA memcpy Host-to-Device]
15356334946,15744,286505,,,,,,,,,,0.197,12487.754,Pinned,Device,NVIDIA A100-SXM4-40GB MIG 4g.20gb (0),1,,13,[CUDA memcpy Host-to-Device]
15356416257,46527,286506,69,4,1,48,1,1,76,0.002,0.000,,,,,NVIDIA A100-SXM4-40GB MIG 4g.20gb (0),1,,13,"void ch_est::windowedChEstPreNoDftSOfdmKernel<float, __half, float, (unsigned int)2, (unsigned int)1, (unsigned short)4>(ch_est::puschRxChEstStatDescr_t *, ch_est::puschRxChEstDynDescr_t *)"
15356513536,22559,286507,137,2,1,24,2,1,44,0.001,0.001,,,,,NVIDIA A100-SXM4-40GB MIG 4g.20gb (0),1,,13,"void ch_est::chEstFilterNoDftSOfdmDispatchKernel<float, __half, float, (unsigned int)2>(ch_est::puschRxChEstStatDescr_t *, ch_est::puschRxChEstDynDescr_t *)"
15356602047,24479,286508,137,2,1,24,2,1,44,0.001,0.001,,,,,NVIDIA A100-SXM4-40GB MIG 4g.20gb (0),1,,13,"void ch_est::chEstFilterNoDftSOfdmDispatchKernel<float, __half, float, (unsigned int)2>(ch_est::puschRxChEstStatDescr_t *, ch_est::puschRxChEstDynDescr_t *)"
15356686974,7904,286519,103,1,1,128,1,1,16,0.000,0.000,,,,,NVIDIA A100-SXM4-40GB MIG 4g.20gb (0),1,,13,cupy_copy__complex64_complex64
15356759165,18976,286529,1434,1,1,128,1,1,16,0.000,0.000,,,,,NVIDIA A100-SXM4-40GB MIG 4g.20gb (0),1,,13,cupy_copy__complex64_complex64
15356834012,5600,286536,103,1,1,128,1,1,16,0.000,0.000,,,,,NVIDIA A100-SXM4-40GB MIG 4g.20gb (0),1,,13,cupy_copy__complex64_complex64
15356877852,390363,286543,1,1,1,32,32,1,30,0.000,0.000,,,,,NVIDIA A100-SXM4-40GB MIG 4g.20gb (0),1,,13,"void convert_kernel<__half2, float2>(tensor_layout_any, T1 *, tensor_layout_any, const T2 *)"
15357301079,12448,286546,,,,,,,,,,0.094,7526.974,Pinned,Device,NVIDIA A100-SXM4-40GB MIG 4g.20gb (0),1,,13,[CUDA memcpy Host-to-Device]
15357369558,53151,286547,,,,,,,,,,35.810,673727.835,Device,,NVIDIA A100-SXM4-40GB MIG 4g.20gb (0),1,,13,[CUDA memset]
15357424853,2240,286549,,,,,,,,,,0.000,35.714,Pinned,Device,NVIDIA A100-SXM4-40GB MIG 4g.20gb (0),1,,13,[CUDA memcpy Host-to-Device]
15357433237,13664,286550,,,,,,,,,,0.197,14388.756,Pinned,Device,NVIDIA A100-SXM4-40GB MIG 4g.20gb (0),1,,13,[CUDA memcpy Host-to-Device]
15357508533,30399,286551,273,1,1,48,1,1,40,0.000,0.001,,,,,NVIDIA A100-SXM4-40GB MIG 4g.20gb (0),1,,13,"void pusch_noise_intf_est::noiseIntfEstNoDftSOfdmKernel<float, __half, float, float, (unsigned int)2, (unsigned int)1, (unsigned char)4, (unsigned char)4>(pusch_noise_intf_est::puschRxNoiseIntfEstDynDescr)"
15357579188,36703,286562,35,1,1,128,1,1,16,0.000,0.000,,,,,NVIDIA A100-SXM4-40GB MIG 4g.20gb (0),1,,13,cupy_copy__complex64_complex64
15357661651,5120,286571,1,1,1,1,1,1,18,0.000,0.000,,,,,NVIDIA A100-SXM4-40GB MIG 4g.20gb (0),1,,13,cupy_copy__float32_float32
15357676115,1728,286577,,,,,,,,,,0.000,2.315,Device,Pageable,NVIDIA A100-SXM4-40GB MIG 4g.20gb (0),1,,7,[CUDA memcpy Device-to-Host]
15357814737,17408,286588,1434,1,1,128,1,1,16,0.000,0.000,,,,,NVIDIA A100-SXM4-40GB MIG 4g.20gb (0),1,,13,cupy_copy__complex64_complex64
15357911440,13280,286595,103,1,1,128,1,1,16,0.000,0.000,,,,,NVIDIA A100-SXM4-40GB MIG 4g.20gb (0),1,,13,cupy_copy__complex64_complex64
15357985871,18752,286602,35,1,1,128,1,1,16,0.000,0.000,,,,,NVIDIA A100-SXM4-40GB MIG 4g.20gb (0),1,,13,cupy_copy__complex64_complex64
15358043630,8832,286609,1,1,1,1,1,1,18,0.000,0.000,,,,,NVIDIA A100-SXM4-40GB MIG 4g.20gb (0),1,,13,cupy_copy__float32_float32
15358074126,399868,286620,1,1,1,32,32,1,30,0.000,0.000,,,,,NVIDIA A100-SXM4-40GB MIG 4g.20gb (0),1,,13,"void convert_kernel<__half2, float2>(tensor_layout_any, T1 *, tensor_layout_any, const T2 *)"
15358504585,12032,286623,,,,,,,,,,0.094,7787.168,Pinned,Device,NVIDIA A100-SXM4-40GB MIG 4g.20gb (0),1,,13,[CUDA memcpy Host-to-Device]
15358561385,24831,286624,,,,,,,,,,1.547,62285.642,Device,,NVIDIA A100-SXM4-40GB MIG 4g.20gb (0),1,,13,[CUDA memset]
15358594376,3104,286629,,,,,,,,,,0.031,10082.445,Pinned,Device,NVIDIA A100-SXM4-40GB MIG 4g.20gb (0),1,,13,[CUDA memcpy Host-to-Device]
15358604648,10976,286630,,,,,,,,,,0.197,17912.365,Pinned,Device,NVIDIA A100-SXM4-40GB MIG 4g.20gb (0),1,,13,[CUDA memcpy Host-to-Device]
15358651336,61407,286631,273,1,1,8,4,1,39,0.002,0.000,,,,,NVIDIA A100-SXM4-40GB MIG 4g.20gb (0),1,,13,"void channel_eq::eqMmseCoefCompLowMimoKernel<float, float, float, (unsigned int)4, (unsigned int)1, (unsigned int)4>(const channel_eq::_puschRxChEqStatDescr *, channel_eq::_puschRxChEqCoefCompDynDescr)"
15358770150,76095,286632,273,1,1,12,11,1,51,0.002,0.000,,,,,NVIDIA A100-SXM4-40GB MIG 4g.20gb (0),1,,13,"void channel_eq::eqMmseSoftDemapKernel<float, __half, __half, float, (unsigned int)4, (unsigned short)16383>(channel_eq::_puschRxChEqStatDescr *, channel_eq::_puschRxChEqSoftDemapDynDescr)"
15358871685,892918,286633,1,1,1,32,32,1,30,0.000,0.000,,,,,NVIDIA A100-SXM4-40GB MIG 4g.20gb (0),1,,13,"void convert_kernel<float2, __half2>(tensor_layout_any, T1 *, tensor_layout_any, const T2 *)"
15359793851,32575,286645,2253,1,1,128,1,1,16,0.000,0.000,,,,,NVIDIA A100-SXM4-40GB MIG 4g.20gb (0),1,,13,cupy_copy__float16_float16
15359888474,6688,286654,282,1,1,128,1,1,16,0.000,0.000,,,,,NVIDIA A100-SXM4-40GB MIG 4g.20gb (0),1,,13,cupy_copy__complex64_complex64
15359958681,4960,286663,26,1,1,128,1,1,16,0.000,0.000,,,,,NVIDIA A100-SXM4-40GB MIG 4g.20gb (0),1,,13,cupy_copy__float32_float32
15360010936,36416,286672,103,1,1,128,1,1,16,0.000,0.000,,,,,NVIDIA A100-SXM4-40GB MIG 4g.20gb (0),1,,13,cupy_copy__complex64_complex64
15360147447,23808,286688,1434,1,1,128,1,1,16,0.000,0.000,,,,,NVIDIA A100-SXM4-40GB MIG 4g.20gb (0),1,,13,cupy_copy__complex64_complex64
15360271093,395004,286693,1,1,1,32,32,1,30,0.000,0.000,,,,,NVIDIA A100-SXM4-40GB MIG 4g.20gb (0),1,,13,"void convert_kernel<__half2, float2>(tensor_layout_any, T1 *, tensor_layout_any, const T2 *)"
15360698001,10335,286696,,,,,,,,,,0.094,9065.838,Pinned,Device,NVIDIA A100-SXM4-40GB MIG 4g.20gb (0),1,,13,[CUDA memcpy Host-to-Device]
15360777456,635801,286697,,,,,,,,,,456.561,717714.584,Device,,NVIDIA A100-SXM4-40GB MIG 4g.20gb (0),1,,13,[CUDA memset]
15361419208,64960,286702,,,,,,,,,,1.235,19010.728,Pinned,Device,NVIDIA A100-SXM4-40GB MIG 4g.20gb (0),1,,13,[CUDA memcpy Host-to-Device]
15361487080,12416,286703,,,,,,,,,,0.197,15835.005,Pinned,Device,NVIDIA A100-SXM4-40GB MIG 4g.20gb (0),1,,13,[CUDA memcpy Host-to-Device]
15361553223,20512,286704,69,4,1,48,1,1,76,0.002,0.000,,,,,NVIDIA A100-SXM4-40GB MIG 4g.20gb (0),1,,13,"void ch_est::windowedChEstPreNoDftSOfdmKernel<float, __half, float, (unsigned int)2, (unsigned int)1, (unsigned short)4>(ch_est::puschRxChEstStatDescr_t *, ch_est::puschRxChEstDynDescr_t *)"
15361597926,54752,286705,137,2,1,24,2,1,44,0.001,0.001,,,,,NVIDIA A100-SXM4-40GB MIG 4g.20gb (0),1,,13,"void ch_est::chEstFilterNoDftSOfdmDispatchKernel<float, __half, float, (unsigned int)2>(ch_est::puschRxChEstStatDescr_t *, ch_est::puschRxChEstDynDescr_t *)"
15361691525,20224,286706,137,2,1,24,2,1,44,0.001,0.001,,,,,NVIDIA A100-SXM4-40GB MIG 4g.20gb (0),1,,13,"void ch_est::chEstFilterNoDftSOfdmDispatchKernel<float, __half, float, (unsigned int)2>(ch_est::puschRxChEstStatDescr_t *, ch_est::puschRxChEstDynDescr_t *)"
15361762405,21983,286717,103,1,1,128,1,1,16,0.000,0.000,,,,,NVIDIA A100-SXM4-40GB MIG 4g.20gb (0),1,,13,cupy_copy__complex64_complex64
15361843492,16959,286727,1434,1,1,128,1,1,16,0.000,0.000,,,,,NVIDIA A100-SXM4-40GB MIG 4g.20gb (0),1,,13,cupy_copy__complex64_complex64
15361938307,7296,286734,103,1,1,128,1,1,16,0.000,0.000,,,,,NVIDIA A100-SXM4-40GB MIG 4g.20gb (0),1,,13,cupy_copy__complex64_complex64
15362015490,402875,286741,1,1,1,32,32,1,30,0.000,0.000,,,,,NVIDIA A100-SXM4-40GB MIG 4g.20gb (0),1,,13,"void convert_kernel<__half2, float2>(tensor_layout_any, T1 *, tensor_layout_any, const T2 *)"
15362451997,7424,286744,,,,,,,,,,0.094,12620.664,Pinned,Device,NVIDIA A100-SXM4-40GB MIG 4g.20gb (0),1,,13,[CUDA memcpy Host-to-Device]
15362525500,51007,286745,,,,,,,,,,35.810,702053.482,Device,,NVIDIA A100-SXM4-40GB MIG 4g.20gb (0),1,,13,[CUDA memset]
15362583899,3360,286747,,,,,,,,,,0.000,23.810,Pinned,Device,NVIDIA A100-SXM4-40GB MIG 4g.20gb (0),1,,13,[CUDA memcpy Host-to-Device]
15362594171,10560,286748,,,,,,,,,,0.197,18617.991,Pinned,Device,NVIDIA A100-SXM4-40GB MIG 4g.20gb (0),1,,13,[CUDA memcpy Host-to-Device]
15362672698,31904,286749,273,1,1,48,1,1,40,0.000,0.001,,,,,NVIDIA A100-SXM4-40GB MIG 4g.20gb (0),1,,13,"void pusch_noise_intf_est::noiseIntfEstNoDftSOfdmKernel<float, __half, float, float, (unsigned int)2, (unsigned int)1, (unsigned char)4, (unsigned char)4>(pusch_noise_intf_est::puschRxNoiseIntfEstDynDescr)"
15362761433,5344,286760,35,1,1,128,1,1,16,0.000,0.000,,,,,NVIDIA A100-SXM4-40GB MIG 4g.20gb (0),1,,13,cupy_copy__complex64_complex64
15362815737,4384,286769,1,1,1,1,1,1,18,0.000,0.000,,,,,NVIDIA A100-SXM4-40GB MIG 4g.20gb (0),1,,13,cupy_copy__float32_float32
15362829145,4960,286775,,,,,,,,,,0.000,0.806,Device,Pageable,NVIDIA A100-SXM4-40GB MIG 4g.20gb (0),1,,7,[CUDA memcpy Device-to-Host]
15362977495,17760,286786,1434,1,1,128,1,1,16,0.000,0.000,,,,,NVIDIA A100-SXM4-40GB MIG 4g.20gb (0),1,,13,cupy_copy__complex64_complex64
15363075030,7264,286793,103,1,1,128,1,1,16,0.000,0.000,,,,,NVIDIA A100-SXM4-40GB MIG 4g.20gb (0),1,,13,cupy_copy__complex64_complex64
15363163285,7136,286800,35,1,1,128,1,1,16,0.000,0.000,,,,,NVIDIA A100-SXM4-40GB MIG 4g.20gb (0),1,,13,cupy_copy__complex64_complex64
15363239636,5056,286807,1,1,1,1,1,1,18,0.000,0.000,,,,,NVIDIA A100-SXM4-40GB MIG 4g.20gb (0),1,,13,cupy_copy__float32_float32
15363254900,396731,286818,1,1,1,32,32,1,30,0.000,0.000,,,,,NVIDIA A100-SXM4-40GB MIG 4g.20gb (0),1,,13,"void convert_kernel<__half2, float2>(tensor_layout_any, T1 *, tensor_layout_any, const T2 *)"
15363681487,10080,286821,,,,,,,,,,0.094,9295.205,Pinned,Device,NVIDIA A100-SXM4-40GB MIG 4g.20gb (0),1,,13,[CUDA memcpy Host-to-Device]
15363758062,5408,286822,,,,,,,,,,1.547,285987.790,Device,,NVIDIA A100-SXM4-40GB MIG 4g.20gb (0),1,,13,[CUDA memset]
15363767822,3872,286827,,,,,,,,,,0.031,8082.630,Pinned,Device,NVIDIA A100-SXM4-40GB MIG 4g.20gb (0),1,,13,[CUDA memcpy Host-to-Device]
15363774510,12896,286828,,,,,,,,,,0.197,15245.574,Pinned,Device,NVIDIA A100-SXM4-40GB MIG 4g.20gb (0),1,,13,[CUDA memcpy Host-to-Device]
15363849133,36192,286829,273,1,1,8,4,1,39,0.002,0.000,,,,,NVIDIA A100-SXM4-40GB MIG 4g.20gb (0),1,,13,"void channel_eq::eqMmseCoefCompLowMimoKernel<float, float, float, (unsigned int)4, (unsigned int)1, (unsigned int)4>(const channel_eq::_puschRxChEqStatDescr *, channel_eq::_puschRxChEqCoefCompDynDescr)"
15363942700,27168,286830,273,1,1,12,11,1,51,0.002,0.000,,,,,NVIDIA A100-SXM4-40GB MIG 4g.20gb (0),1,,13,"void channel_eq::eqMmseSoftDemapKernel<float, __half, __half, float, (unsigned int)4, (unsigned short)16383>(channel_eq::_puschRxChEqStatDescr *, channel_eq::_puschRxChEqSoftDemapDynDescr)"
15364013003,974997,286831,1,1,1,32,32,1,30,0.000,0.000,,,,,NVIDIA A100-SXM4-40GB MIG 4g.20gb (0),1,,13,"void convert_kernel<float2, __half2>(tensor_layout_any, T1 *, tensor_layout_any, const T2 *)"
15365056639,14496,286843,2253,1,1,128,1,1,16,0.000,0.000,,,,,NVIDIA A100-SXM4-40GB MIG 4g.20gb (0),1,,13,cupy_copy__float16_float16
15365152062,6944,286852,282,1,1,128,1,1,16,0.000,0.000,,,,,NVIDIA A100-SXM4-40GB MIG 4g.20gb (0),1,,13,cupy_copy__complex64_complex64
15365199230,4800,286861,26,1,1,128,1,1,16,0.000,0.000,,,,,NVIDIA A100-SXM4-40GB MIG 4g.20gb (0),1,,13,cupy_copy__float32_float32
15365251165,32160,286870,103,1,1,128,1,1,16,0.000,0.000,,,,,NVIDIA A100-SXM4-40GB MIG 4g.20gb (0),1,,13,cupy_copy__complex64_complex64
15365356412,35808,286880,1434,1,1,128,1,1,16,0.000,0.000,,,,,NVIDIA A100-SXM4-40GB MIG 4g.20gb (0),1,,13,cupy_copy__complex64_complex64
15365452923,395772,286885,1,1,1,32,32,1,30,0.000,0.000,,,,,NVIDIA A100-SXM4-40GB MIG 4g.20gb (0),1,,13,"void convert_kernel<__half2, float2>(tensor_layout_any, T1 *, tensor_layout_any, const T2 *)"
15365879414,11616,286888,,,,,,,,,,0.094,8066.101,Pinned,Device,NVIDIA A100-SXM4-40GB MIG 4g.20gb (0),1,,13,[CUDA memcpy Host-to-Device]
15365921654,651640,286889,,,,,,,,,,456.561,700365.249,Device,,NVIDIA A100-SXM4-40GB MIG 4g.20gb (0),1,,13,[CUDA memset]
15366578414,65408,286894,,,,,,,,,,1.235,18879.824,Pinned,Device,NVIDIA A100-SXM4-40GB MIG 4g.20gb (0),1,,13,[CUDA memcpy Host-to-Device]
15366646446,14111,286895,,,,,,,,,,0.197,13932.823,Pinned,Device,NVIDIA A100-SXM4-40GB MIG 4g.20gb (0),1,,13,[CUDA memcpy Host-to-Device]
15366710797,47039,286896,69,4,1,48,1,1,76,0.002,0.000,,,,,NVIDIA A100-SXM4-40GB MIG 4g.20gb (0),1,,13,"void ch_est::windowedChEstPreNoDftSOfdmKernel<float, __half, float, (unsigned int)2, (unsigned int)1, (unsigned short)4>(ch_est::puschRxChEstStatDescr_t *, ch_est::puschRxChEstDynDescr_t *)"
15366802732,21600,286897,137,2,1,24,2,1,44,0.001,0.001,,,,,NVIDIA A100-SXM4-40GB MIG 4g.20gb (0),1,,13,"void ch_est::chEstFilterNoDftSOfdmDispatchKernel<float, __half, float, (unsigned int)2>(ch_est::puschRxChEstStatDescr_t *, ch_est::puschRxChEstDynDescr_t *)"
15366893451,17568,286898,137,2,1,24,2,1,44,0.001,0.001,,,,,NVIDIA A100-SXM4-40GB MIG 4g.20gb (0),1,,13,"void ch_est::chEstFilterNoDftSOfdmDispatchKernel<float, __half, float, (unsigned int)2>(ch_est::puschRxChEstStatDescr_t *, ch_est::puschRxChEstDynDescr_t *)"
15366979562,7264,286909,103,1,1,128,1,1,16,0.000,0.000,,,,,NVIDIA A100-SXM4-40GB MIG 4g.20gb (0),1,,13,cupy_copy__complex64_complex64
15367053033,16512,286919,1434,1,1,128,1,1,16,0.000,0.000,,,,,NVIDIA A100-SXM4-40GB MIG 4g.20gb (0),1,,13,cupy_copy__complex64_complex64
15367114472,12640,286926,103,1,1,128,1,1,16,0.000,0.000,,,,,NVIDIA A100-SXM4-40GB MIG 4g.20gb (0),1,,13,cupy_copy__complex64_complex64
15367173096,391931,286933,1,1,1,32,32,1,30,0.000,0.000,,,,,NVIDIA A100-SXM4-40GB MIG 4g.20gb (0),1,,13,"void convert_kernel<__half2, float2>(tensor_layout_any, T1 *, tensor_layout_any, const T2 *)"
15367596931,7008,286936,,,,,,,,,,0.094,13369.857,Pinned,Device,NVIDIA A100-SXM4-40GB MIG 4g.20gb (0),1,,13,[CUDA memcpy Host-to-Device]
15367670274,54079,286937,,,,,,,,,,35.810,662161.231,Device,,NVIDIA A100-SXM4-40GB MIG 4g.20gb (0),1,,13,[CUDA memset]
15367731425,3552,286939,,,,,,,,,,0.000,22.522,Pinned,Device,NVIDIA A100-SXM4-40GB MIG 4g.20gb (0),1,,13,[CUDA memcpy Host-to-Device]
15367737537,12832,286940,,,,,,,,,,0.197,15321.661,Pinned,Device,NVIDIA A100-SXM4-40GB MIG 4g.20gb (0),1,,13,[CUDA memcpy Host-to-Device]
15367811552,27584,286941,273,1,1,48,1,1,40,0.000,0.001,,,,,NVIDIA A100-SXM4-40GB MIG 4g.20gb (0),1,,13,"void pusch_noise_intf_est::noiseIntfEstNoDftSOfdmKernel<float, __half, float, float, (unsigned int)2, (unsigned int)1, (unsigned char)4, (unsigned char)4>(pusch_noise_intf_est::puschRxNoiseIntfEstDynDescr)"
15367898495,11264,286952,35,1,1,128,1,1,16,0.000,0.000,,,,,NVIDIA A100-SXM4-40GB MIG 4g.20gb (0),1,,13,cupy_copy__complex64_complex64
15367982206,4000,286961,1,1,1,1,1,1,18,0.000,0.000,,,,,NVIDIA A100-SXM4-40GB MIG 4g.20gb (0),1,,13,cupy_copy__float32_float32
15367990654,1888,286967,,,,,,,,,,0.000,2.119,Device,Pageable,NVIDIA A100-SXM4-40GB MIG 4g.20gb (0),1,,7,[CUDA memcpy Device-to-Host]
15368101245,31040,286978,1434,1,1,128,1,1,16,0.000,0.000,,,,,NVIDIA A100-SXM4-40GB MIG 4g.20gb (0),1,,13,cupy_copy__complex64_complex64
15368192924,5120,286985,103,1,1,128,1,1,16,0.000,0.000,,,,,NVIDIA A100-SXM4-40GB MIG 4g.20gb (0),1,,13,cupy_copy__complex64_complex64
15368234492,35199,286992,35,1,1,128,1,1,16,0.000,0.000,,,,,NVIDIA A100-SXM4-40GB MIG 4g.20gb (0),1,,13,cupy_copy__complex64_complex64
15368323291,4416,286999,1,1,1,1,1,1,18,0.000,0.000,,,,,NVIDIA A100-SXM4-40GB MIG 4g.20gb (0),1,,13,cupy_copy__float32_float32
15368337818,394524,287010,1,1,1,32,32,1,30,0.000,0.000,,,,,NVIDIA A100-SXM4-40GB MIG 4g.20gb (0),1,,13,"void convert_kernel<__half2, float2>(tensor_layout_any, T1 *, tensor_layout_any, const T2 *)"
15368760886,12704,287013,,,,,,,,,,0.094,7375.281,Pinned,Device,NVIDIA A100-SXM4-40GB MIG 4g.20gb (0),1,,13,[CUDA memcpy Host-to-Device]
15368831669,7104,287014,,,,,,,,,,1.547,217710.527,Device,,NVIDIA A100-SXM4-40GB MIG 4g.20gb (0),1,,13,[CUDA memset]
15368845493,3328,287019,,,,,,,,,,0.031,9403.822,Pinned,Device,NVIDIA A100-SXM4-40GB MIG 4g.20gb (0),1,,13,[CUDA memcpy Host-to-Device]
15368851317,16992,287020,,,,,,,,,,0.197,11570.577,Pinned,Device,NVIDIA A100-SXM4-40GB MIG 4g.20gb (0),1,,13,[CUDA memcpy Host-to-Device]
15368922804,28544,287021,273,1,1,8,4,1,39,0.002,0.000,,,,,NVIDIA A100-SXM4-40GB MIG 4g.20gb (0),1,,13,"void channel_eq::eqMmseCoefCompLowMimoKernel<float, float, float, (unsigned int)4, (unsigned int)1, (unsigned int)4>(const channel_eq::_puschRxChEqStatDescr *, channel_eq::_puschRxChEqCoefCompDynDescr)"
15369024403,18112,287022,273,1,1,12,11,1,51,0.002,0.000,,,,,NVIDIA A100-SXM4-40GB MIG 4g.20gb (0),1,,13,"void channel_eq::eqMmseSoftDemapKernel<float, __half, __half, float, (unsigned int)4, (unsigned short)16383>(channel_eq::_puschRxChEqStatDescr *, channel_eq::_puschRxChEqSoftDemapDynDescr)"
15369069170,912950,287023,1,1,1,32,32,1,30,0.000,0.000,,,,,NVIDIA A100-SXM4-40GB MIG 4g.20gb (0),1,,13,"void convert_kernel<float2, __half2>(tensor_layout_any, T1 *, tensor_layout_any, const T2 *)"
15370041671,15104,287035,2253,1,1,128,1,1,16,0.000,0.000,,,,,NVIDIA A100-SXM4-40GB MIG 4g.20gb (0),1,,13,cupy_copy__float16_float16
15370138022,7840,287044,282,1,1,128,1,1,16,0.000,0.000,,,,,NVIDIA A100-SXM4-40GB MIG 4g.20gb (0),1,,13,cupy_copy__complex64_complex64
15370224709,6176,287053,26,1,1,128,1,1,16,0.000,0.000,,,,,NVIDIA A100-SXM4-40GB MIG 4g.20gb (0),1,,13,cupy_copy__float32_float32
15370294404,10112,287062,103,1,1,128,1,1,16,0.000,0.000,,,,,NVIDIA A100-SXM4-40GB MIG 4g.20gb (0),1,,13,cupy_copy__complex64_complex64
15370348644,25184,287072,1434,1,1,128,1,1,16,0.000,0.000,,,,,NVIDIA A100-SXM4-40GB MIG 4g.20gb (0),1,,13,cupy_copy__complex64_complex64
15370414947,401404,287077,1,1,1,32,32,1,30,0.000,0.000,,,,,NVIDIA A100-SXM4-40GB MIG 4g.20gb (0),1,,13,"void convert_kernel<__half2, float2>(tensor_layout_any, T1 *, tensor_layout_any, const T2 *)"
15370844286,10688,287080,,,,,,,,,,0.094,8766.385,Pinned,Device,NVIDIA A100-SXM4-40GB MIG 4g.20gb (0),1,,13,[CUDA memcpy Host-to-Device]
15370912541,630169,287081,,,,,,,,,,456.561,724106.444,Device,,NVIDIA A100-SXM4-40GB MIG 4g.20gb (0),1,,13,[CUDA memset]
15371545750,73216,287086,,,,,,,,,,1.235,16866.865,Pinned,Device,NVIDIA A100-SXM4-40GB MIG 4g.20gb (0),1,,13,[CUDA memcpy Host-to-Device]
15371621429,13056,287087,,,,,,,,,,0.197,15058.797,Pinned,Device,NVIDIA A100-SXM4-40GB MIG 4g.20gb (0),1,,13,[CUDA memcpy Host-to-Device]
15371715796,24032,287088,69,4,1,48,1,1,76,0.002,0.000,,,,,NVIDIA A100-SXM4-40GB MIG 4g.20gb (0),1,,13,"void ch_est::windowedChEstPreNoDftSOfdmKernel<float, __half, float, (unsigned int)2, (unsigned int)1, (unsigned short)4>(ch_est::puschRxChEstStatDescr_t *, ch_est::puschRxChEstDynDescr_t *)"
15371804627,21248,287089,137,2,1,24,2,1,44,0.001,0.001,,,,,NVIDIA A100-SXM4-40GB MIG 4g.20gb (0),1,,13,"void ch_est::chEstFilterNoDftSOfdmDispatchKernel<float, __half, float, (unsigned int)2>(ch_est::puschRxChEstStatDescr_t *, ch_est::puschRxChEstDynDescr_t *)"
15371900850,19680,287090,137,2,1,24,2,1,44,0.001,0.001,,,,,NVIDIA A100-SXM4-40GB MIG 4g.20gb (0),1,,13,"void ch_est::chEstFilterNoDftSOfdmDispatchKernel<float, __half, float, (unsigned int)2>(ch_est::puschRxChEstStatDescr_t *, ch_est::puschRxChEstDynDescr_t *)"
15371959506,7072,287101,103,1,1,128,1,1,16,0.000,0.000,,,,,NVIDIA A100-SXM4-40GB MIG 4g.20gb (0),1,,13,cupy_copy__complex64_complex64
15372033361,20128,287111,1434,1,1,128,1,1,16,0.000,0.000,,,,,NVIDIA A100-SXM4-40GB MIG 4g.20gb (0),1,,13,cupy_copy__complex64_complex64
15372104752,12800,287118,103,1,1,128,1,1,16,0.000,0.000,,,,,NVIDIA A100-SXM4-40GB MIG 4g.20gb (0),1,,13,cupy_copy__complex64_complex64
15372180687,400764,287125,1,1,1,32,32,1,30,0.000,0.000,,,,,NVIDIA A100-SXM4-40GB MIG 4g.20gb (0),1,,13,"void convert_kernel<__half2, float2>(tensor_layout_any, T1 *, tensor_layout_any, const T2 *)"
15372612074,9184,287128,,,,,,,,,,0.094,10202.089,Pinned,Device,NVIDIA A100-SXM4-40GB MIG 4g.20gb (0),1,,13,[CUDA memcpy Host-to-Device]
15372683914,56479,287129,,,,,,,,,,35.810,634014.634,Device,,NVIDIA A100-SXM4-40GB MIG 4g.20gb (0),1,,13,[CUDA memset]
15372744009,3744,287131,,,,,,,,,,0.000,21.368,Pinned,Device,NVIDIA A100-SXM4-40GB MIG 4g.20gb (0),1,,13,[CUDA memcpy Host-to-Device]
15372754985,13664,287132,,,,,,,,,,0.197,14388.756,Pinned,Device,NVIDIA A100-SXM4-40GB MIG 4g.20gb (0),1,,13,[CUDA memcpy Host-to-Device]
15372844520,32511,287133,273,1,1,48,1,1,40,0.000,0.001,,,,,NVIDIA A100-SXM4-40GB MIG 4g.20gb (0),1,,13,"void pusch_noise_intf_est::noiseIntfEstNoDftSOfdmKernel<float, __half, float, float, (unsigned int)2, (unsigned int)1, (unsigned char)4, (unsigned char)4>(pusch_noise_intf_est::puschRxNoiseIntfEstDynDescr)"
15372936519,7264,287144,35,1,1,128,1,1,16,0.000,0.000,,,,,NVIDIA A100-SXM4-40GB MIG 4g.20gb (0),1,,13,cupy_copy__complex64_complex64
15373023142,3936,287153,1,1,1,1,1,1,18,0.000,0.000,,,,,NVIDIA A100-SXM4-40GB MIG 4g.20gb (0),1,,13,cupy_copy__float32_float32
15373036070,1664,287159,,,,,,,,,,0.000,2.404,Device,Pageable,NVIDIA A100-SXM4-40GB MIG 4g.20gb (0),1,,7,[CUDA memcpy Device-to-Host]
15373149508,23488,287170,1434,1,1,128,1,1,16,0.000,0.000,,,,,NVIDIA A100-SXM4-40GB MIG 4g.20gb (0),1,,13,cupy_copy__complex64_complex64
15373231523,5856,287177,103,1,1,128,1,1,16,0.000,0.000,,,,,NVIDIA A100-SXM4-40GB MIG 4g.20gb (0),1,,13,cupy_copy__complex64_complex64
15373274979,37503,287184,35,1,1,128,1,1,16,0.000,0.000,,,,,NVIDIA A100-SXM4-40GB MIG 4g.20gb (0),1,,13,cupy_copy__complex64_complex64
15373355202,6208,287191,1,1,1,1,1,1,18,0.000,0.000,,,,,NVIDIA A100-SXM4-40GB MIG 4g.20gb (0),1,,13,cupy_copy__float32_float32
15373379138,399483,287202,1,1,1,32,32,1,30,0.000,0.000,,,,,NVIDIA A100-SXM4-40GB MIG 4g.20gb (0),1,,13,"void convert_kernel<__half2, float2>(tensor_layout_any, T1 *, tensor_layout_any, const T2 *)"
15373809661,6272,287205,,,,,,,,,,0.094,14938.703,Pinned,Device,NVIDIA A100-SXM4-40GB MIG 4g.20gb (0),1,,13,[CUDA memcpy Host-to-Device]
15373884604,13920,287206,,,,,,,,,,1.547,111107.922,Device,,NVIDIA A100-SXM4-40GB MIG 4g.20gb (0),1,,13,[CUDA memset]
15373899196,7552,287211,,,,,,,,,,0.031,4144.060,Pinned,Device,NVIDIA A100-SXM4-40GB MIG 4g.20gb (0),1,,13,[CUDA memcpy Host-to-Device]
15373909180,17600,287212,,,,,,,,,,0.197,11170.873,Pinned,Device,NVIDIA A100-SXM4-40GB MIG 4g.20gb (0),1,,13,[CUDA memcpy Host-to-Device]
15373978491,30144,287213,273,1,1,8,4,1,39,0.002,0.000,,,,,NVIDIA A100-SXM4-40GB MIG 4g.20gb (0),1,,13,"void channel_eq::eqMmseCoefCompLowMimoKernel<float, float, float, (unsigned int)4, (unsigned int)1, (unsigned int)4>(const channel_eq::_puschRxChEqStatDescr *, channel_eq::_puschRxChEqCoefCompDynDescr)"
15374076378,33215,287214,273,1,1,12,11,1,51,0.002,0.000,,,,,NVIDIA A100-SXM4-40GB MIG 4g.20gb (0),1,,13,"void channel_eq::eqMmseSoftDemapKernel<float, __half, __half, float, (unsigned int)4, (unsigned short)16383>(channel_eq::_puschRxChEqStatDescr *, channel_eq::_puschRxChEqSoftDemapDynDescr)"
15374157081,912566,287215,1,1,1,32,32,1,30,0.000,0.000,,,,,NVIDIA A100-SXM4-40GB MIG 4g.20gb (0),1,,13,"void convert_kernel<float2, __half2>(tensor_layout_any, T1 *, tensor_layout_any, const T2 *)"
15375118670,14688,287227,2253,1,1,128,1,1,16,0.000,0.000,,,,,NVIDIA A100-SXM4-40GB MIG 4g.20gb (0),1,,13,cupy_copy__float16_float16
15375168974,23263,287236,282,1,1,128,1,1,16,0.000,0.000,,,,,NVIDIA A100-SXM4-40GB MIG 4g.20gb (0),1,,13,cupy_copy__complex64_complex64
15375232749,13344,287245,26,1,1,128,1,1,16,0.000,0.000,,,,,NVIDIA A100-SXM4-40GB MIG 4g.20gb (0),1,,13,cupy_copy__float32_float32
15375313356,8192,287254,103,1,1,128,1,1,16,0.000,0.000,,,,,NVIDIA A100-SXM4-40GB MIG 4g.20gb (0),1,,13,cupy_copy__complex64_complex64
15375410987,16960,287264,1434,1,1,128,1,1,16,0.000,0.000,,,,,NVIDIA A100-SXM4-40GB MIG 4g.20gb (0),1,,13,cupy_copy__complex64_complex64
15375483722,428891,287269,1,1,1,32,32,1,30,0.000,0.000,,,,,NVIDIA A100-SXM4-40GB MIG 4g.20gb (0),1,,13,"void convert_kernel<__half2, float2>(tensor_layout_any, T1 *, tensor_layout_any, const T2 *)"
15375942821,9536,287272,,,,,,,,,,0.094,9825.431,Pinned,Device,NVIDIA A100-SXM4-40GB MIG 4g.20gb (0),1,,13,[CUDA memcpy Host-to-Device]
15376025636,628217,287273,,,,,,,,,,456.561,726389.251,Device,,NVIDIA A100-SXM4-40GB MIG 4g.20gb (0),1,,13,[CUDA memset]
15376659485,70239,287278,,,,,,,,,,1.235,17581.898,Pinned,Device,NVIDIA A100-SXM4-40GB MIG 4g.20gb (0),1,,13,[CUDA memcpy Host-to-Device]
15376734396,14816,287279,,,,,,,,,,0.197,13269.860,Pinned,Device,NVIDIA A100-SXM4-40GB MIG 4g.20gb (0),1,,13,[CUDA memcpy Host-to-Device]
15376810363,17248,287280,69,4,1,48,1,1,76,0.002,0.000,,,,,NVIDIA A100-SXM4-40GB MIG 4g.20gb (0),1,,13,"void ch_est::windowedChEstPreNoDftSOfdmKernel<float, __half, float, (unsigned int)2, (unsigned int)1, (unsigned short)4>(ch_est::puschRxChEstStatDescr_t *, ch_est::puschRxChEstDynDescr_t *)"
15376871802,46944,287281,137,2,1,24,2,1,44,0.001,0.001,,,,,NVIDIA A100-SXM4-40GB MIG 4g.20gb (0),1,,13,"void ch_est::chEstFilterNoDftSOfdmDispatchKernel<float, __half, float, (unsigned int)2>(ch_est::puschRxChEstStatDescr_t *, ch_est::puschRxChEstDynDescr_t *)"
15376935706,49983,287282,137,2,1,24,2,1,44,0.001,0.001,,,,,NVIDIA A100-SXM4-40GB MIG 4g.20gb (0),1,,13,"void ch_est::chEstFilterNoDftSOfdmDispatchKernel<float, __half, float, (unsigned int)2>(ch_est::puschRxChEstStatDescr_t *, ch_est::puschRxChEstDynDescr_t *)"
15377031449,6687,287293,103,1,1,128,1,1,16,0.000,0.000,,,,,NVIDIA A100-SXM4-40GB MIG 4g.20gb (0),1,,13,cupy_copy__complex64_complex64
15377096152,18176,287303,1434,1,1,128,1,1,16,0.000,0.000,,,,,NVIDIA A100-SXM4-40GB MIG 4g.20gb (0),1,,13,cupy_copy__complex64_complex64
15377174615,8064,287310,103,1,1,128,1,1,16,0.000,0.000,,,,,NVIDIA A100-SXM4-40GB MIG 4g.20gb (0),1,,13,cupy_copy__complex64_complex64
15377249142,399228,287317,1,1,1,32,32,1,30,0.000,0.000,,,,,NVIDIA A100-SXM4-40GB MIG 4g.20gb (0),1,,13,"void convert_kernel<__half2, float2>(tensor_layout_any, T1 *, tensor_layout_any, const T2 *)"
15377677425,6656,287320,,,,,,,,,,0.094,14076.887,Pinned,Device,NVIDIA A100-SXM4-40GB MIG 4g.20gb (0),1,,13,[CUDA memcpy Host-to-Device]
15377742705,54303,287321,,,,,,,,,,35.810,659439.677,Device,,NVIDIA A100-SXM4-40GB MIG 4g.20gb (0),1,,13,[CUDA memset]
15377798576,2080,287323,,,,,,,,,,0.000,38.462,Pinned,Device,NVIDIA A100-SXM4-40GB MIG 4g.20gb (0),1,,13,[CUDA memcpy Host-to-Device]
15377806608,10464,287324,,,,,,,,,,0.197,18788.844,Pinned,Device,NVIDIA A100-SXM4-40GB MIG 4g.20gb (0),1,,13,[CUDA memcpy Host-to-Device]
15377884015,30112,287325,273,1,1,48,1,1,40,0.000,0.001,,,,,NVIDIA A100-SXM4-40GB MIG 4g.20gb (0),1,,13,"void pusch_noise_intf_est::noiseIntfEstNoDftSOfdmKernel<float, __half, float, float, (unsigned int)2, (unsigned int)1, (unsigned char)4, (unsigned char)4>(pusch_noise_intf_est::puschRxNoiseIntfEstDynDescr)"
15377972590,6368,287336,35,1,1,128,1,1,16,0.000,0.000,,,,,NVIDIA A100-SXM4-40GB MIG 4g.20gb (0),1,,13,cupy_copy__complex64_complex64
15378059117,4512,287345,1,1,1,1,1,1,18,0.000,0.000,,,,,NVIDIA A100-SXM4-40GB MIG 4g.20gb (0),1,,13,cupy_copy__float32_float32
15378073101,5568,287351,,,,,,,,,,0.000,0.718,Device,Pageable,NVIDIA A100-SXM4-40GB MIG 4g.20gb (0),1,,7,[CUDA memcpy Device-to-Host]
15378172524,34623,287362,1434,1,1,128,1,1,16,0.000,0.000,,,,,NVIDIA A100-SXM4-40GB MIG 4g.20gb (0),1,,13,cupy_copy__complex64_complex64
15378261323,6208,287369,103,1,1,128,1,1,16,0.000,0.000,,,,,NVIDIA A100-SXM4-40GB MIG 4g.20gb (0),1,,13,cupy_copy__complex64_complex64
15378303530,22496,287376,35,1,1,128,1,1,16,0.000,0.000,,,,,NVIDIA A100-SXM4-40GB MIG 4g.20gb (0),1,,13,cupy_copy__complex64_complex64
15378386697,4000,287383,1,1,1,1,1,1,18,0.000,0.000,,,,,NVIDIA A100-SXM4-40GB MIG 4g.20gb (0),1,,13,cupy_copy__float32_float32
15378397897,385756,287394,1,1,1,32,32,1,30,0.000,0.000,,,,,NVIDIA A100-SXM4-40GB MIG 4g.20gb (0),1,,13,"void convert_kernel<__half2, float2>(tensor_layout_any, T1 *, tensor_layout_any, const T2 *)"
15378813220,5760,287397,,,,,,,,,,0.094,16266.656,Pinned,Device,NVIDIA A100-SXM4-40GB MIG 4g.20gb (0),1,,13,[CUDA memcpy Host-to-Device]
15378867268,5760,287398,,,,,,,,,,1.547,268510.939,Device,,NVIDIA A100-SXM4-40GB MIG 4g.20gb (0),1,,13,[CUDA memset]
15378874116,3840,287403,,,,,,,,,,0.031,8149.979,Pinned,Device,NVIDIA A100-SXM4-40GB MIG 4g.20gb (0),1,,13,[CUDA memcpy Host-to-Device]
15378884772,13343,287404,,,,,,,,,,0.197,14734.787,Pinned,Device,NVIDIA A100-SXM4-40GB MIG 4g.20gb (0),1,,13,[CUDA memcpy Host-to-Device]
15378942051,60799,287405,273,1,1,8,4,1,39,0.002,0.000,,,,,NVIDIA A100-SXM4-40GB MIG 4g.20gb (0),1,,13,"void channel_eq::eqMmseCoefCompLowMimoKernel<float, float, float, (unsigned int)4, (unsigned int)1, (unsigned int)4>(const channel_eq::_puschRxChEqStatDescr *, channel_eq::_puschRxChEqCoefCompDynDescr)"
15379056770,62175,287406,273,1,1,12,11,1,51,0.002,0.000,,,,,NVIDIA A100-SXM4-40GB MIG 4g.20gb (0),1,,13,"void channel_eq::eqMmseSoftDemapKernel<float, __half, __half, float, (unsigned int)4, (unsigned short)16383>(channel_eq::_puschRxChEqStatDescr *, channel_eq::_puschRxChEqSoftDemapDynDescr)"
15379128257,937077,287407,1,1,1,32,32,1,30,0.000,0.000,,,,,NVIDIA A100-SXM4-40GB MIG 4g.20gb (0),1,,13,"void convert_kernel<float2, __half2>(tensor_layout_any, T1 *, tensor_layout_any, const T2 *)"
15380129974,21727,287419,2253,1,1,128,1,1,16,0.000,0.000,,,,,NVIDIA A100-SXM4-40GB MIG 4g.20gb (0),1,,13,cupy_copy__float16_float16
15380204917,14048,287428,282,1,1,128,1,1,16,0.000,0.000,,,,,NVIDIA A100-SXM4-40GB MIG 4g.20gb (0),1,,13,cupy_copy__complex64_complex64
15380282708,5952,287437,26,1,1,128,1,1,16,0.000,0.000,,,,,NVIDIA A100-SXM4-40GB MIG 4g.20gb (0),1,,13,cupy_copy__float32_float32
15380343283,11712,287446,103,1,1,128,1,1,16,0.000,0.000,,,,,NVIDIA A100-SXM4-40GB MIG 4g.20gb (0),1,,13,cupy_copy__complex64_complex64
15380419410,23040,287456,1434,1,1,128,1,1,16,0.000,0.000,,,,,NVIDIA A100-SXM4-40GB MIG 4g.20gb (0),1,,13,cupy_copy__complex64_complex64
15380502737,408572,287461,1,1,1,32,32,1,30,0.000,0.000,,,,,NVIDIA A100-SXM4-40GB MIG 4g.20gb (0),1,,13,"void convert_kernel<__half2, float2>(tensor_layout_any, T1 *, tensor_layout_any, const T2 *)"
15380942892,5888,287464,,,,,,,,,,0.094,15912.954,Pinned,Device,NVIDIA A100-SXM4-40GB MIG 4g.20gb (0),1,,13,[CUDA memcpy Host-to-Device]
15381010860,618649,287465,,,,,,,,,,456.561,737803.287,Device,,NVIDIA A100-SXM4-40GB MIG 4g.20gb (0),1,,13,[CUDA memset]
15381630725,71935,287470,,,,,,,,,,1.235,17166.957,Pinned,Device,NVIDIA A100-SXM4-40GB MIG 4g.20gb (0),1,,13,[CUDA memcpy Host-to-Device]
15381705092,11168,287471,,,,,,,,,,0.197,17604.477,Pinned,Device,NVIDIA A100-SXM4-40GB MIG 4g.20gb (0),1,,13,[CUDA memcpy Host-to-Device]
15381766723,45696,287472,69,4,1,48,1,1,76,0.002,0.000,,,,,NVIDIA A100-SXM4-40GB MIG 4g.20gb (0),1,,13,"void ch_est::windowedChEstPreNoDftSOfdmKernel<float, __half, float, (unsigned int)2, (unsigned int)1, (unsigned short)4>(ch_est::puschRxChEstStatDescr_t *, ch_est::puschRxChEstDynDescr_t *)"
15381862338,24000,287473,137,2,1,24,2,1,44,0.001,0.001,,,,,NVIDIA A100-SXM4-40GB MIG 4g.20gb (0),1,,13,"void ch_est::chEstFilterNoDftSOfdmDispatchKernel<float, __half, float, (unsigned int)2>(ch_est::puschRxChEstStatDescr_t *, ch_est::puschRxChEstDynDescr_t *)"
15381936609,53024,287474,137,2,1,24,2,1,44,0.001,0.001,,,,,NVIDIA A100-SXM4-40GB MIG 4g.20gb (0),1,,13,"void ch_est::chEstFilterNoDftSOfdmDispatchKernel<float, __half, float, (unsigned int)2>(ch_est::puschRxChEstStatDescr_t *, ch_est::puschRxChEstDynDescr_t *)"
15382024992,7232,287485,103,1,1,128,1,1,16,0.000,0.000,,,,,NVIDIA A100-SXM4-40GB MIG 4g.20gb (0),1,,13,cupy_copy__complex64_complex64
15382069568,21344,287495,1434,1,1,128,1,1,16,0.000,0.000,,,,,NVIDIA A100-SXM4-40GB MIG 4g.20gb (0),1,,13,cupy_copy__complex64_complex64
15382127423,25632,287502,103,1,1,128,1,1,16,0.000,0.000,,,,,NVIDIA A100-SXM4-40GB MIG 4g.20gb (0),1,,13,cupy_copy__complex64_complex64
15382214142,398492,287509,1,1,1,32,32,1,30,0.000,0.000,,,,,NVIDIA A100-SXM4-40GB MIG 4g.20gb (0),1,,13,"void convert_kernel<__half2, float2>(tensor_layout_any, T1 *, tensor_layout_any, const T2 *)"
15382640889,5600,287512,,,,,,,,,,0.094,16731.388,Pinned,Device,NVIDIA A100-SXM4-40GB MIG 4g.20gb (0),1,,13,[CUDA memcpy Host-to-Device]
15382712633,50975,287513,,,,,,,,,,35.810,702483.201,Device,,NVIDIA A100-SXM4-40GB MIG 4g.20gb (0),1,,13,[CUDA memset]
15382769688,4192,287515,,,,,,,,,,0.000,19.084,Pinned,Device,NVIDIA A100-SXM4-40GB MIG 4g.20gb (0),1,,13,[CUDA memcpy Host-to-Device]
15382779544,9504,287516,,,,,,,,,,0.197,20686.701,Pinned,Device,NVIDIA A100-SXM4-40GB MIG 4g.20gb (0),1,,13,[CUDA memcpy Host-to-Device]
15382858007,28384,287517,273,1,1,48,1,1,40,0.000,0.001,,,,,NVIDIA A100-SXM4-40GB MIG 4g.20gb (0),1,,13,"void pusch_noise_intf_est::noiseIntfEstNoDftSOfdmKernel<float, __half, float, float, (unsigned int)2, (unsigned int)1, (unsigned char)4, (unsigned char)4>(pusch_noise_intf_est::puschRxNoiseIntfEstDynDescr)"
15382946774,6624,287528,35,1,1,128,1,1,16,0.000,0.000,,,,,NVIDIA A100-SXM4-40GB MIG 4g.20gb (0),1,,13,cupy_copy__complex64_complex64
15383000981,5760,287537,1,1,1,1,1,1,18,0.000,0.000,,,,,NVIDIA A100-SXM4-40GB MIG 4g.20gb (0),1,,13,cupy_copy__float32_float32
15383010741,5472,287543,,,,,,,,,,0.000,0.731,Device,Pageable,NVIDIA A100-SXM4-40GB MIG 4g.20gb (0),1,,7,[CUDA memcpy Device-to-Host]
15383120084,24384,287554,1434,1,1,128,1,1,16,0.000,0.000,,,,,NVIDIA A100-SXM4-40GB MIG 4g.20gb (0),1,,13,cupy_copy__complex64_complex64
15383186163,20928,287561,103,1,1,128,1,1,16,0.000,0.000,,,,,NVIDIA A100-SXM4-40GB MIG 4g.20gb (0),1,,13,cupy_copy__complex64_complex64
15383267218,4896,287568,35,1,1,128,1,1,16,0.000,0.000,,,,,NVIDIA A100-SXM4-40GB MIG 4g.20gb (0),1,,13,cupy_copy__complex64_complex64
15383316146,4352,287575,1,1,1,1,1,1,18,0.000,0.000,,,,,NVIDIA A100-SXM4-40GB MIG 4g.20gb (0),1,,13,cupy_copy__float32_float32
15383361361,404700,287586,1,1,1,32,32,1,30,0.000,0.000,,,,,NVIDIA A100-SXM4-40GB MIG 4g.20gb (0),1,,13,"void convert_kernel<__half2, float2>(tensor_layout_any, T1 *, tensor_layout_any, const T2 *)"
15383799500,9536,287589,,,,,,,,,,0.094,9825.431,Pinned,Device,NVIDIA A100-SXM4-40GB MIG 4g.20gb (0),1,,13,[CUDA memcpy Host-to-Device]
15383866124,8191,287590,,,,,,,,,,1.547,188819.591,Device,,NVIDIA A100-SXM4-40GB MIG 4g.20gb (0),1,,13,[CUDA memset]
15383877451,7040,287595,,,,,,,,,,0.031,4445.440,Pinned,Device,NVIDIA A100-SXM4-40GB MIG 4g.20gb (0),1,,13,[CUDA memcpy Host-to-Device]
15383890955,10592,287596,,,,,,,,,,0.197,18561.761,Pinned,Device,NVIDIA A100-SXM4-40GB MIG 4g.20gb (0),1,,13,[CUDA memcpy Host-to-Device]
15383956874,31808,287597,273,1,1,8,4,1,39,0.002,0.000,,,,,NVIDIA A100-SXM4-40GB MIG 4g.20gb (0),1,,13,"void channel_eq::eqMmseCoefCompLowMimoKernel<float, float, float, (unsigned int)4, (unsigned int)1, (unsigned int)4>(const channel_eq::_puschRxChEqStatDescr *, channel_eq::_puschRxChEqCoefCompDynDescr)"
15384060873,19712,287598,273,1,1,12,11,1,51,0.002,0.000,,,,,NVIDIA A100-SXM4-40GB MIG 4g.20gb (0),1,,13,"void channel_eq::eqMmseSoftDemapKernel<float, __half, __half, float, (unsigned int)4, (unsigned short)16383>(channel_eq::_puschRxChEqStatDescr *, channel_eq::_puschRxChEqSoftDemapDynDescr)"
15384149224,933558,287599,1,1,1,32,32,1,30,0.000,0.000,,,,,NVIDIA A100-SXM4-40GB MIG 4g.20gb (0),1,,13,"void convert_kernel<float2, __half2>(tensor_layout_any, T1 *, tensor_layout_any, const T2 *)"
15385106174,32095,287611,2253,1,1,128,1,1,16,0.000,0.000,,,,,NVIDIA A100-SXM4-40GB MIG 4g.20gb (0),1,,13,cupy_copy__float16_float16
15385197341,9247,287620,282,1,1,128,1,1,16,0.000,0.000,,,,,NVIDIA A100-SXM4-40GB MIG 4g.20gb (0),1,,13,cupy_copy__complex64_complex64
15385246460,5600,287629,26,1,1,128,1,1,16,0.000,0.000,,,,,NVIDIA A100-SXM4-40GB MIG 4g.20gb (0),1,,13,cupy_copy__float32_float32
15385302139,33632,287638,103,1,1,128,1,1,16,0.000,0.000,,,,,NVIDIA A100-SXM4-40GB MIG 4g.20gb (0),1,,13,cupy_copy__complex64_complex64
15385406938,33312,287648,1434,1,1,128,1,1,16,0.000,0.000,,,,,NVIDIA A100-SXM4-40GB MIG 4g.20gb (0),1,,13,cupy_copy__complex64_complex64
15385497945,388924,287653,1,1,1,32,32,1,30,0.000,0.000,,,,,NVIDIA A100-SXM4-40GB MIG 4g.20gb (0),1,,13,"void convert_kernel<__half2, float2>(tensor_layout_any, T1 *, tensor_layout_any, const T2 *)"
15385915124,14080,287656,,,,,,,,,,0.094,6654.477,Pinned,Device,NVIDIA A100-SXM4-40GB MIG 4g.20gb (0),1,,13,[CUDA memcpy Host-to-Device]
15385997811,616410,287657,,,,,,,,,,456.561,740542.656,Device,,NVIDIA A100-SXM4-40GB MIG 4g.20gb (0),1,,13,[CUDA memset]
15386619884,63200,287662,,,,,,,,,,1.235,19539.284,Pinned,Device,NVIDIA A100-SXM4-40GB MIG 4g.20gb (0),1,,13,[CUDA memcpy Host-to-Device]
15386689676,14240,287663,,,,,,,,,,0.197,13806.600,Pinned,Device,NVIDIA A100-SXM4-40GB MIG 4g.20gb (0),1,,13,[CUDA memcpy Host-to-Device]
15386749931,54943,287664,69,4,1,48,1,1,76,0.002,0.000,,,,,NVIDIA A100-SXM4-40GB MIG 4g.20gb (0),1,,13,"void ch_est::windowedChEstPreNoDftSOfdmKernel<float, __half, float, (unsigned int)2, (unsigned int)1, (unsigned short)4>(ch_est::puschRxChEstStatDescr_t *, ch_est::puschRxChEstDynDescr_t *)"
15386849514,53823,287665,137,2,1,24,2,1,44,0.001,0.001,,,,,NVIDIA A100-SXM4-40GB MIG 4g.20gb (0),1,,13,"void ch_est::chEstFilterNoDftSOfdmDispatchKernel<float, __half, float, (unsigned int)2>(ch_est::puschRxChEstStatDescr_t *, ch_est::puschRxChEstDynDescr_t *)"
15386939753,22144,287666,137,2,1,24,2,1,44,0.001,0.001,,,,,NVIDIA A100-SXM4-40GB MIG 4g.20gb (0),1,,13,"void ch_est::chEstFilterNoDftSOfdmDispatchKernel<float, __half, float, (unsigned int)2>(ch_est::puschRxChEstStatDescr_t *, ch_est::puschRxChEstDynDescr_t *)"
15387026472,6720,287677,103,1,1,128,1,1,16,0.000,0.000,,,,,NVIDIA A100-SXM4-40GB MIG 4g.20gb (0),1,,13,cupy_copy__complex64_complex64
15387099623,15040,287687,1434,1,1,128,1,1,16,0.000,0.000,,,,,NVIDIA A100-SXM4-40GB MIG 4g.20gb (0),1,,13,cupy_copy__complex64_complex64
15387161318,16768,287694,103,1,1,128,1,1,16,0.000,0.000,,,,,NVIDIA A100-SXM4-40GB MIG 4g.20gb (0),1,,13,cupy_copy__complex64_complex64
15387221286,403291,287701,1,1,1,32,32,1,30,0.000,0.000,,,,,NVIDIA A100-SXM4-40GB MIG 4g.20gb (0),1,,13,"void convert_kernel<__half2, float2>(tensor_layout_any, T1 *, tensor_layout_any, const T2 *)"
15387655553,5952,287704,,,,,,,,,,0.094,15741.865,Pinned,Device,NVIDIA A100-SXM4-40GB MIG 4g.20gb (0),1,,13,[CUDA memcpy Host-to-Device]
15387721568,50528,287705,,,,,,,,,,35.810,708714.127,Device,,NVIDIA A100-SXM4-40GB MIG 4g.20gb (0),1,,13,[CUDA memset]
15387778815,3296,287707,,,,,,,,,,0.000,24.272,Pinned,Device,NVIDIA A100-SXM4-40GB MIG 4g.20gb (0),1,,13,[CUDA memcpy Host-to-Device]
15387788543,15840,287708,,,,,,,,,,0.197,12412.060,Pinned,Device,NVIDIA A100-SXM4-40GB MIG 4g.20gb (0),1,,13,[CUDA memcpy Host-to-Device]
15387866654,30784,287709,273,1,1,48,1,1,40,0.000,0.001,,,,,NVIDIA A100-SXM4-40GB MIG 4g.20gb (0),1,,13,"void pusch_noise_intf_est::noiseIntfEstNoDftSOfdmKernel<float, __half, float, float, (unsigned int)2, (unsigned int)1, (unsigned char)4, (unsigned char)4>(pusch_noise_intf_est::puschRxNoiseIntfEstDynDescr)"
15387960701,11168,287720,35,1,1,128,1,1,16,0.000,0.000,,,,,NVIDIA A100-SXM4-40GB MIG 4g.20gb (0),1,,13,cupy_copy__complex64_complex64
15388047036,6048,287729,1,1,1,1,1,1,18,0.000,0.000,,,,,NVIDIA A100-SXM4-40GB MIG 4g.20gb (0),1,,13,cupy_copy__float32_float32
15388057276,2240,287735,,,,,,,,,,0.000,1.786,Device,Pageable,NVIDIA A100-SXM4-40GB MIG 4g.20gb (0),1,,7,[CUDA memcpy Device-to-Host]
15388179067,15424,287746,1434,1,1,128,1,1,16,0.000,0.000,,,,,NVIDIA A100-SXM4-40GB MIG 4g.20gb (0),1,,13,cupy_copy__complex64_complex64
15388227994,8832,287753,103,1,1,128,1,1,16,0.000,0.000,,,,,NVIDIA A100-SXM4-40GB MIG 4g.20gb (0),1,,13,cupy_copy__complex64_complex64
15388314169,6432,287760,35,1,1,128,1,1,16,0.000,0.000,,,,,NVIDIA A100-SXM4-40GB MIG 4g.20gb (0),1,,13,cupy_copy__complex64_complex64
15388385561,5568,287767,1,1,1,1,1,1,18,0.000,0.000,,,,,NVIDIA A100-SXM4-40GB MIG 4g.20gb (0),1,,13,cupy_copy__float32_float32
15388402488,400124,287778,1,1,1,32,32,1,30,0.000,0.000,,,,,NVIDIA A100-SXM4-40GB MIG 4g.20gb (0),1,,13,"void convert_kernel<__half2, float2>(tensor_layout_any, T1 *, tensor_layout_any, const T2 *)"
15388832436,6271,287781,,,,,,,,,,0.094,14941.139,Pinned,Device,NVIDIA A100-SXM4-40GB MIG 4g.20gb (0),1,,13,[CUDA memcpy Host-to-Device]
15388897139,16768,287782,,,,,,,,,,1.547,92236.015,Device,,NVIDIA A100-SXM4-40GB MIG 4g.20gb (0),1,,13,[CUDA memset]
15388918707,4288,287787,,,,,,,,,,0.031,7298.478,Pinned,Device,NVIDIA A100-SXM4-40GB MIG 4g.20gb (0),1,,13,[CUDA memcpy Host-to-Device]
15388928594,15808,287788,,,,,,,,,,0.197,12437.225,Pinned,Device,NVIDIA A100-SXM4-40GB MIG 4g.20gb (0),1,,13,[CUDA memcpy Host-to-Device]
15388989938,49055,287789,273,1,1,8,4,1,39,0.002,0.000,,,,,NVIDIA A100-SXM4-40GB MIG 4g.20gb (0),1,,13,"void channel_eq::eqMmseCoefCompLowMimoKernel<float, float, float, (unsigned int)4, (unsigned int)1, (unsigned int)4>(const channel_eq::_puschRxChEqStatDescr *, channel_eq::_puschRxChEqCoefCompDynDescr)"
15389088913,44735,287790,273,1,1,12,11,1,51,0.002,0.000,,,,,NVIDIA A100-SXM4-40GB MIG 4g.20gb (0),1,,13,"void channel_eq::eqMmseSoftDemapKernel<float, __half, __half, float, (unsigned int)4, (unsigned short)16383>(channel_eq::_puschRxChEqStatDescr *, channel_eq::_puschRxChEqSoftDemapDynDescr)"
15389191600,895285,287791,1,1,1,32,32,1,30,0.000,0.000,,,,,NVIDIA A100-SXM4-40GB MIG 4g.20gb (0),1,,13,"void convert_kernel<float2, __half2>(tensor_layout_any, T1 *, tensor_layout_any, const T2 *)"
15390128389,32032,287803,2253,1,1,128,1,1,16,0.000,0.000,,,,,NVIDIA A100-SXM4-40GB MIG 4g.20gb (0),1,,13,cupy_copy__float16_float16
15390217028,7264,287812,282,1,1,128,1,1,16,0.000,0.000,,,,,NVIDIA A100-SXM4-40GB MIG 4g.20gb (0),1,,13,cupy_copy__complex64_complex64
15390303011,6400,287821,26,1,1,128,1,1,16,0.000,0.000,,,,,NVIDIA A100-SXM4-40GB MIG 4g.20gb (0),1,,13,cupy_copy__float32_float32
15390372418,8992,287830,103,1,1,128,1,1,16,0.000,0.000,,,,,NVIDIA A100-SXM4-40GB MIG 4g.20gb (0),1,,13,cupy_copy__complex64_complex64
15390425954,23967,287840,1434,1,1,128,1,1,16,0.000,0.000,,,,,NVIDIA A100-SXM4-40GB MIG 4g.20gb (0),1,,13,cupy_copy__complex64_complex64
15390490721,406459,287845,1,1,1,32,32,1,30,0.000,0.000,,,,,NVIDIA A100-SXM4-40GB MIG 4g.20gb (0),1,,13,"void convert_kernel<__half2, float2>(tensor_layout_any, T1 *, tensor_layout_any, const T2 *)"
15390925180,5824,287848,,,,,,,,,,0.094,16087.884,Pinned,Device,NVIDIA A100-SXM4-40GB MIG 4g.20gb (0),1,,13,[CUDA memcpy Host-to-Device]
15390987707,613977,287849,,,,,,,,,,456.561,743282.024,Device,,NVIDIA A100-SXM4-40GB MIG 4g.20gb (0),1,,13,[CUDA memset]
15391602228,72832,287854,,,,,,,,,,1.235,16955.781,Pinned,Device,NVIDIA A100-SXM4-40GB MIG 4g.20gb (0),1,,13,[CUDA memcpy Host-to-Device]
15391677523,14848,287855,,,,,,,,,,0.197,13241.352,Pinned,Device,NVIDIA A100-SXM4-40GB MIG 4g.20gb (0),1,,13,[CUDA memcpy Host-to-Device]
15391769874,21504,287856,69,4,1,48,1,1,76,0.002,0.000,,,,,NVIDIA A100-SXM4-40GB MIG 4g.20gb (0),1,,13,"void ch_est::windowedChEstPreNoDftSOfdmKernel<float, __half, float, (unsigned int)2, (unsigned int)1, (unsigned short)4>(ch_est::puschRxChEstStatDescr_t *, ch_est::puschRxChEstDynDescr_t *)"
15391863249,21152,287857,137,2,1,24,2,1,44,0.001,0.001,,,,,NVIDIA A100-SXM4-40GB MIG 4g.20gb (0),1,,13,"void ch_est::chEstFilterNoDftSOfdmDispatchKernel<float, __half, float, (unsigned int)2>(ch_est::puschRxChEstStatDescr_t *, ch_est::puschRxChEstDynDescr_t *)"
15391960688,19776,287858,137,2,1,24,2,1,44,0.001,0.001,,,,,NVIDIA A100-SXM4-40GB MIG 4g.20gb (0),1,,13,"void ch_est::chEstFilterNoDftSOfdmDispatchKernel<float, __half, float, (unsigned int)2>(ch_est::puschRxChEstStatDescr_t *, ch_est::puschRxChEstDynDescr_t *)"
15392019632,6656,287869,103,1,1,128,1,1,16,0.000,0.000,,,,,NVIDIA A100-SXM4-40GB MIG 4g.20gb (0),1,,13,cupy_copy__complex64_complex64
15392093519,19104,287879,1434,1,1,128,1,1,16,0.000,0.000,,,,,NVIDIA A100-SXM4-40GB MIG 4g.20gb (0),1,,13,cupy_copy__complex64_complex64
15392157294,22016,287886,103,1,1,128,1,1,16,0.000,0.000,,,,,NVIDIA A100-SXM4-40GB MIG 4g.20gb (0),1,,13,cupy_copy__complex64_complex64
15392240909,397276,287893,1,1,1,32,32,1,30,0.000,0.000,,,,,NVIDIA A100-SXM4-40GB MIG 4g.20gb (0),1,,13,"void convert_kernel<__half2, float2>(tensor_layout_any, T1 *, tensor_layout_any, const T2 *)"
15392672808,5504,287896,,,,,,,,,,0.094,17023.251,Pinned,Device,NVIDIA A100-SXM4-40GB MIG 4g.20gb (0),1,,13,[CUDA memcpy Host-to-Device]
15392743591,50976,287897,,,,,,,,,,35.810,702483.201,Device,,NVIDIA A100-SXM4-40GB MIG 4g.20gb (0),1,,13,[CUDA memset]
15392796359,4192,287899,,,,,,,,,,0.000,19.084,Pinned,Device,NVIDIA A100-SXM4-40GB MIG 4g.20gb (0),1,,13,[CUDA memcpy Host-to-Device]
15392808455,12032,287900,,,,,,,,,,0.197,16340.287,Pinned,Device,NVIDIA A100-SXM4-40GB MIG 4g.20gb (0),1,,13,[CUDA memcpy Host-to-Device]
15392889734,30111,287901,273,1,1,48,1,1,40,0.000,0.001,,,,,NVIDIA A100-SXM4-40GB MIG 4g.20gb (0),1,,13,"void pusch_noise_intf_est::noiseIntfEstNoDftSOfdmKernel<float, __half, float, float, (unsigned int)2, (unsigned int)1, (unsigned char)4, (unsigned char)4>(pusch_noise_intf_est::puschRxNoiseIntfEstDynDescr)"
15392981701,9856,287912,35,1,1,128,1,1,16,0.000,0.000,,,,,NVIDIA A100-SXM4-40GB MIG 4g.20gb (0),1,,13,cupy_copy__complex64_complex64
15393071076,4352,287921,1,1,1,1,1,1,18,0.000,0.000,,,,,NVIDIA A100-SXM4-40GB MIG 4g.20gb (0),1,,13,cupy_copy__float32_float32
15393075908,6688,287927,,,,,,,,,,0.000,0.598,Device,Pageable,NVIDIA A100-SXM4-40GB MIG 4g.20gb (0),1,,7,[CUDA memcpy Device-to-Host]
15393204258,33408,287938,1434,1,1,128,1,1,16,0.000,0.000,,,,,NVIDIA A100-SXM4-40GB MIG 4g.20gb (0),1,,13,cupy_copy__complex64_complex64
15393295969,6368,287945,103,1,1,128,1,1,16,0.000,0.000,,,,,NVIDIA A100-SXM4-40GB MIG 4g.20gb (0),1,,13,cupy_copy__complex64_complex64
15393383264,8256,287952,35,1,1,128,1,1,16,0.000,0.000,,,,,NVIDIA A100-SXM4-40GB MIG 4g.20gb (0),1,,13,cupy_copy__complex64_complex64
15393457727,3488,287959,1,1,1,1,1,1,18,0.000,0.000,,,,,NVIDIA A100-SXM4-40GB MIG 4g.20gb (0),1,,13,cupy_copy__float32_float32
15393470591,411420,287970,1,1,1,32,32,1,30,0.000,0.000,,,,,NVIDIA A100-SXM4-40GB MIG 4g.20gb (0),1,,13,"void convert_kernel<__half2, float2>(tensor_layout_any, T1 *, tensor_layout_any, const T2 *)"
15393911098,5824,287973,,,,,,,,,,0.094,16087.884,Pinned,Device,NVIDIA A100-SXM4-40GB MIG 4g.20gb (0),1,,13,[CUDA memcpy Host-to-Device]
15393979994,5119,287974,,,,,,,,,,1.547,302132.998,Device,,NVIDIA A100-SXM4-40GB MIG 4g.20gb (0),1,,13,[CUDA memset]
15393989497,3040,287979,,,,,,,,,,0.031,10294.725,Pinned,Device,NVIDIA A100-SXM4-40GB MIG 4g.20gb (0),1,,13,[CUDA memcpy Host-to-Device]
15393995641,13408,287980,,,,,,,,,,0.197,14663.418,Pinned,Device,NVIDIA A100-SXM4-40GB MIG 4g.20gb (0),1,,13,[CUDA memcpy Host-to-Device]
15394071961,30591,287981,273,1,1,8,4,1,39,0.002,0.000,,,,,NVIDIA A100-SXM4-40GB MIG 4g.20gb (0),1,,13,"void channel_eq::eqMmseCoefCompLowMimoKernel<float, float, float, (unsigned int)4, (unsigned int)1, (unsigned int)4>(const channel_eq::_puschRxChEqStatDescr *, channel_eq::_puschRxChEqCoefCompDynDescr)"
15394170007,20704,287982,273,1,1,12,11,1,51,0.002,0.000,,,,,NVIDIA A100-SXM4-40GB MIG 4g.20gb (0),1,,13,"void channel_eq::eqMmseSoftDemapKernel<float, __half, __half, float, (unsigned int)4, (unsigned short)16383>(channel_eq::_puschRxChEqStatDescr *, channel_eq::_puschRxChEqSoftDemapDynDescr)"
15394258422,936534,287983,1,1,1,32,32,1,30,0.000,0.000,,,,,NVIDIA A100-SXM4-40GB MIG 4g.20gb (0),1,,13,"void convert_kernel<float2, __half2>(tensor_layout_any, T1 *, tensor_layout_any, const T2 *)"
15395260683,15232,287995,2253,1,1,128,1,1,16,0.000,0.000,,,,,NVIDIA A100-SXM4-40GB MIG 4g.20gb (0),1,,13,cupy_copy__float16_float16
15395328714,17344,288004,282,1,1,128,1,1,16,0.000,0.000,,,,,NVIDIA A100-SXM4-40GB MIG 4g.20gb (0),1,,13,cupy_copy__complex64_complex64
15395421481,9664,288013,26,1,1,128,1,1,16,0.000,0.000,,,,,NVIDIA A100-SXM4-40GB MIG 4g.20gb (0),1,,13,cupy_copy__float32_float32
15395488105,30015,288022,103,1,1,128,1,1,16,0.000,0.000,,,,,NVIDIA A100-SXM4-40GB MIG 4g.20gb (0),1,,13,cupy_copy__complex64_complex64
15395563784,29311,288032,1434,1,1,128,1,1,16,0.000,0.000,,,,,NVIDIA A100-SXM4-40GB MIG 4g.20gb (0),1,,13,cupy_copy__complex64_complex64
15395653735,395963,288037,1,1,1,32,32,1,30,0.000,0.000,,,,,NVIDIA A100-SXM4-40GB MIG 4g.20gb (0),1,,13,"void convert_kernel<__half2, float2>(tensor_layout_any, T1 *, tensor_layout_any, const T2 *)"
15396080098,12032,288040,,,,,,,,,,0.094,7787.168,Pinned,Device,NVIDIA A100-SXM4-40GB MIG 4g.20gb (0),1,,13,[CUDA memcpy Host-to-Device]
15396150689,614905,288041,,,,,,,,,,456.561,742368.901,Device,,NVIDIA A100-SXM4-40GB MIG 4g.20gb (0),1,,13,[CUDA memset]
15396773754,66239,288046,,,,,,,,,,1.235,18642.715,Pinned,Device,NVIDIA A100-SXM4-40GB MIG 4g.20gb (0),1,,13,[CUDA memcpy Host-to-Device]
15396842617,16000,288047,,,,,,,,,,0.197,12288.000,Pinned,Device,NVIDIA A100-SXM4-40GB MIG 4g.20gb (0),1,,13,[CUDA memcpy Host-to-Device]
15396908537,40767,288048,69,4,1,48,1,1,76,0.002,0.000,,,,,NVIDIA A100-SXM4-40GB MIG 4g.20gb (0),1,,13,"void ch_est::windowedChEstPreNoDftSOfdmKernel<float, __half, float, (unsigned int)2, (unsigned int)1, (unsigned short)4>(ch_est::puschRxChEstStatDescr_t *, ch_est::puschRxChEstDynDescr_t *)"
15397015671,45472,288049,137,2,1,24,2,1,44,0.001,0.001,,,,,NVIDIA A100-SXM4-40GB MIG 4g.20gb (0),1,,13,"void ch_est::chEstFilterNoDftSOfdmDispatchKernel<float, __half, float, (unsigned int)2>(ch_est::puschRxChEstStatDescr_t *, ch_est::puschRxChEstDynDescr_t *)"
15397115158,42624,288050,137,2,1,24,2,1,44,0.001,0.001,,,,,NVIDIA A100-SXM4-40GB MIG 4g.20gb (0),1,,13,"void ch_est::chEstFilterNoDftSOfdmDispatchKernel<float, __half, float, (unsigned int)2>(ch_est::puschRxChEstStatDescr_t *, ch_est::puschRxChEstDynDescr_t *)"
15397226037,8640,288061,103,1,1,128,1,1,16,0.000,0.000,,,,,NVIDIA A100-SXM4-40GB MIG 4g.20gb (0),1,,13,cupy_copy__complex64_complex64
15397284276,32704,288071,1434,1,1,128,1,1,16,0.000,0.000,,,,,NVIDIA A100-SXM4-40GB MIG 4g.20gb (0),1,,13,cupy_copy__complex64_complex64
15397375219,5600,288078,103,1,1,128,1,1,16,0.000,0.000,,,,,NVIDIA A100-SXM4-40GB MIG 4g.20gb (0),1,,13,cupy_copy__complex64_complex64
15397433427,403579,288085,1,1,1,32,32,1,30,0.000,0.000,,,,,NVIDIA A100-SXM4-40GB MIG 4g.20gb (0),1,,13,"void convert_kernel<__half2, float2>(tensor_layout_any, T1 *, tensor_layout_any, const T2 *)"
15397868974,10656,288088,,,,,,,,,,0.094,8792.714,Pinned,Device,NVIDIA A100-SXM4-40GB MIG 4g.20gb (0),1,,13,[CUDA memcpy Host-to-Device]
15397967117,51263,288089,,,,,,,,,,35.810,698544.109,Device,,NVIDIA A100-SXM4-40GB MIG 4g.20gb (0),1,,13,[CUDA memset]
15398019564,2464,288091,,,,,,,,,,0.000,32.468,Pinned,Device,NVIDIA A100-SXM4-40GB MIG 4g.20gb (0),1,,13,[CUDA memcpy Host-to-Device]
15398029228,13280,288092,,,,,,,,,,0.197,14804.779,Pinned,Device,NVIDIA A100-SXM4-40GB MIG 4g.20gb (0),1,,13,[CUDA memcpy Host-to-Device]
15398114795,29728,288093,273,1,1,48,1,1,40,0.000,0.001,,,,,NVIDIA A100-SXM4-40GB MIG 4g.20gb (0),1,,13,"void pusch_noise_intf_est::noiseIntfEstNoDftSOfdmKernel<float, __half, float, float, (unsigned int)2, (unsigned int)1, (unsigned char)4, (unsigned char)4>(pusch_noise_intf_est::puschRxNoiseIntfEstDynDescr)"
15398191818,22304,288104,35,1,1,128,1,1,16,0.000,0.000,,,,,NVIDIA A100-SXM4-40GB MIG 4g.20gb (0),1,,13,cupy_copy__complex64_complex64
15398275945,4768,288113,1,1,1,1,1,1,18,0.000,0.000,,,,,NVIDIA A100-SXM4-40GB MIG 4g.20gb (0),1,,13,cupy_copy__float32_float32
15398284041,4128,288119,,,,,,,,,,0.000,0.969,Device,Pageable,NVIDIA A100-SXM4-40GB MIG 4g.20gb (0),1,,7,[CUDA memcpy Device-to-Host]
15398400456,17184,288130,1434,1,1,128,1,1,16,0.000,0.000,,,,,NVIDIA A100-SXM4-40GB MIG 4g.20gb (0),1,,13,cupy_copy__complex64_complex64
15398498311,7552,288137,103,1,1,128,1,1,16,0.000,0.000,,,,,NVIDIA A100-SXM4-40GB MIG 4g.20gb (0),1,,13,cupy_copy__complex64_complex64
15398572902,8576,288144,35,1,1,128,1,1,16,0.000,0.000,,,,,NVIDIA A100-SXM4-40GB MIG 4g.20gb (0),1,,13,cupy_copy__complex64_complex64
15398639365,3712,288151,1,1,1,1,1,1,18,0.000,0.000,,,,,NVIDIA A100-SXM4-40GB MIG 4g.20gb (0),1,,13,cupy_copy__float32_float32
15398679429,398395,288162,1,1,1,32,32,1,30,0.000,0.000,,,,,NVIDIA A100-SXM4-40GB MIG 4g.20gb (0),1,,13,"void convert_kernel<__half2, float2>(tensor_layout_any, T1 *, tensor_layout_any, const T2 *)"
15399108672,9408,288165,,,,,,,,,,0.094,9959.135,Pinned,Device,NVIDIA A100-SXM4-40GB MIG 4g.20gb (0),1,,13,[CUDA memcpy Host-to-Device]
15399168607,12224,288166,,,,,,,,,,1.547,126523.123,Device,,NVIDIA A100-SXM4-40GB MIG 4g.20gb (0),1,,13,[CUDA memset]
15399181663,3712,288171,,,,,,,,,,0.031,8431.017,Pinned,Device,NVIDIA A100-SXM4-40GB MIG 4g.20gb (0),1,,13,[CUDA memcpy Host-to-Device]
15399189407,14976,288172,,,,,,,,,,0.197,13128.106,Pinned,Device,NVIDIA A100-SXM4-40GB MIG 4g.20gb (0),1,,13,[CUDA memcpy Host-to-Device]
15399255422,50272,288173,273,1,1,8,4,1,39,0.002,0.000,,,,,NVIDIA A100-SXM4-40GB MIG 4g.20gb (0),1,,13,"void channel_eq::eqMmseCoefCompLowMimoKernel<float, float, float, (unsigned int)4, (unsigned int)1, (unsigned int)4>(const channel_eq::_puschRxChEqStatDescr *, channel_eq::_puschRxChEqCoefCompDynDescr)"
15399360925,57631,288174,273,1,1,12,11,1,51,0.002,0.000,,,,,NVIDIA A100-SXM4-40GB MIG 4g.20gb (0),1,,13,"void channel_eq::eqMmseSoftDemapKernel<float, __half, __half, float, (unsigned int)4, (unsigned short)16383>(channel_eq::_puschRxChEqStatDescr *, channel_eq::_puschRxChEqSoftDemapDynDescr)"
15399456316,890422,288175,1,1,1,32,32,1,30,0.000,0.000,,,,,NVIDIA A100-SXM4-40GB MIG 4g.20gb (0),1,,13,"void convert_kernel<float2, __half2>(tensor_layout_any, T1 *, tensor_layout_any, const T2 *)"
15400387473,13760,288187,2253,1,1,128,1,1,16,0.000,0.000,,,,,NVIDIA A100-SXM4-40GB MIG 4g.20gb (0),1,,13,cupy_copy__float16_float16
15400450737,9600,288196,282,1,1,128,1,1,16,0.000,0.000,,,,,NVIDIA A100-SXM4-40GB MIG 4g.20gb (0),1,,13,cupy_copy__complex64_complex64
15400522864,10144,288205,26,1,1,128,1,1,16,0.000,0.000,,,,,NVIDIA A100-SXM4-40GB MIG 4g.20gb (0),1,,13,cupy_copy__float32_float32
15400595151,18304,288214,103,1,1,128,1,1,16,0.000,0.000,,,,,NVIDIA A100-SXM4-40GB MIG 4g.20gb (0),1,,13,cupy_copy__complex64_complex64
15400686798,15744,288224,1434,1,1,128,1,1,16,0.000,0.000,,,,,NVIDIA A100-SXM4-40GB MIG 4g.20gb (0),1,,13,cupy_copy__complex64_complex64
15400738893,411484,288229,1,1,1,32,32,1,30,0.000,0.000,,,,,NVIDIA A100-SXM4-40GB MIG 4g.20gb (0),1,,13,"void convert_kernel<__half2, float2>(tensor_layout_any, T1 *, tensor_layout_any, const T2 *)"
15401183048,12704,288232,,,,,,,,,,0.094,7375.281,Pinned,Device,NVIDIA A100-SXM4-40GB MIG 4g.20gb (0),1,,13,[CUDA memcpy Host-to-Device]
15401238152,636153,288233,,,,,,,,,,456.561,717258.022,Device,,NVIDIA A100-SXM4-40GB MIG 4g.20gb (0),1,,13,[CUDA memset]
15401880289,70431,288238,,,,,,,,,,1.235,17533.735,Pinned,Device,NVIDIA A100-SXM4-40GB MIG 4g.20gb (0),1,,13,[CUDA memcpy Host-to-Device]
15401955680,11040,288239,,,,,,,,,,0.197,17808.556,Pinned,Device,NVIDIA A100-SXM4-40GB MIG 4g.20gb (0),1,,13,[CUDA memcpy Host-to-Device]
15402015455,49343,288240,69,4,1,48,1,1,76,0.002,0.000,,,,,NVIDIA A100-SXM4-40GB MIG 4g.20gb (0),1,,13,"void ch_est::windowedChEstPreNoDftSOfdmKernel<float, __half, float, (unsigned int)2, (unsigned int)1, (unsigned short)4>(ch_est::puschRxChEstStatDescr_t *, ch_est::puschRxChEstDynDescr_t *)"
15402105502,23008,288241,137,2,1,24,2,1,44,0.001,0.001,,,,,NVIDIA A100-SXM4-40GB MIG 4g.20gb (0),1,,13,"void ch_est::chEstFilterNoDftSOfdmDispatchKernel<float, __half, float, (unsigned int)2>(ch_est::puschRxChEstStatDescr_t *, ch_est::puschRxChEstDynDescr_t *)"
15402201437,23008,288242,137,2,1,24,2,1,44,0.001,0.001,,,,,NVIDIA A100-SXM4-40GB MIG 4g.20gb (0),1,,13,"void ch_est::chEstFilterNoDftSOfdmDispatchKernel<float, __half, float, (unsigned int)2>(ch_est::puschRxChEstStatDescr_t *, ch_est::puschRxChEstDynDescr_t *)"
15402260156,11392,288253,103,1,1,128,1,1,16,0.000,0.000,,,,,NVIDIA A100-SXM4-40GB MIG 4g.20gb (0),1,,13,cupy_copy__complex64_complex64
15402336443,34720,288263,1434,1,1,128,1,1,16,0.000,0.000,,,,,NVIDIA A100-SXM4-40GB MIG 4g.20gb (0),1,,13,cupy_copy__complex64_complex64
15402412091,24127,288270,103,1,1,128,1,1,16,0.000,0.000,,,,,NVIDIA A100-SXM4-40GB MIG 4g.20gb (0),1,,13,cupy_copy__complex64_complex64
15402498330,390427,288277,1,1,1,32,32,1,30,0.000,0.000,,,,,NVIDIA A100-SXM4-40GB MIG 4g.20gb (0),1,,13,"void convert_kernel<__half2, float2>(tensor_layout_any, T1 *, tensor_layout_any, const T2 *)"
15402917653,13760,288280,,,,,,,,,,0.094,6809.263,Pinned,Device,NVIDIA A100-SXM4-40GB MIG 4g.20gb (0),1,,13,[CUDA memcpy Host-to-Device]
15403003348,53919,288281,,,,,,,,,,35.810,664130.776,Device,,NVIDIA A100-SXM4-40GB MIG 4g.20gb (0),1,,13,[CUDA memset]
15403061107,3840,288283,,,,,,,,,,0.000,20.833,Pinned,Device,NVIDIA A100-SXM4-40GB MIG 4g.20gb (0),1,,13,[CUDA memcpy Host-to-Device]
15403068627,15104,288284,,,,,,,,,,0.197,13016.826,Pinned,Device,NVIDIA A100-SXM4-40GB MIG 4g.20gb (0),1,,13,[CUDA memcpy Host-to-Device]
15403146098,28928,288285,273,1,1,48,1,1,40,0.000,0.001,,,,,NVIDIA A100-SXM4-40GB MIG 4g.20gb (0),1,,13,"void pusch_noise_intf_est::noiseIntfEstNoDftSOfdmKernel<float, __half, float, float, (unsigned int)2, (unsigned int)1, (unsigned char)4, (unsigned char)4>(pusch_noise_intf_est::puschRxNoiseIntfEstDynDescr)"
15403236593,5984,288296,35,1,1,128,1,1,16,0.000,0.000,,,,,NVIDIA A100-SXM4-40GB MIG 4g.20gb (0),1,,13,cupy_copy__complex64_complex64
15403315344,4384,288305,1,1,1,1,1,1,18,0.000,0.000,,,,,NVIDIA A100-SXM4-40GB MIG 4g.20gb (0),1,,13,cupy_copy__float32_float32
15403325232,3520,288311,,,,,,,,,,0.000,1.136,Device,Pageable,NVIDIA A100-SXM4-40GB MIG 4g.20gb (0),1,,7,[CUDA memcpy Device-to-Host]
15403432367,30016,288322,1434,1,1,128,1,1,16,0.000,0.000,,,,,NVIDIA A100-SXM4-40GB MIG 4g.20gb (0),1,,13,cupy_copy__complex64_complex64
15403518254,6048,288329,103,1,1,128,1,1,16,0.000,0.000,,,,,NVIDIA A100-SXM4-40GB MIG 4g.20gb (0),1,,13,cupy_copy__complex64_complex64
15403561550,38815,288336,35,1,1,128,1,1,16,0.000,0.000,,,,,NVIDIA A100-SXM4-40GB MIG 4g.20gb (0),1,,13,cupy_copy__complex64_complex64
15403643309,3552,288343,1,1,1,1,1,1,18,0.000,0.000,,,,,NVIDIA A100-SXM4-40GB MIG 4g.20gb (0),1,,13,cupy_copy__float32_float32
15403654765,401915,288354,1,1,1,32,32,1,30,0.000,0.000,,,,,NVIDIA A100-SXM4-40GB MIG 4g.20gb (0),1,,13,"void convert_kernel<__half2, float2>(tensor_layout_any, T1 *, tensor_layout_any, const T2 *)"
15404087560,10688,288357,,,,,,,,,,0.094,8766.385,Pinned,Device,NVIDIA A100-SXM4-40GB MIG 4g.20gb (0),1,,13,[CUDA memcpy Host-to-Device]
15404140839,23520,288358,,,,,,,,,,1.547,65757.813,Device,,NVIDIA A100-SXM4-40GB MIG 4g.20gb (0),1,,13,[CUDA memset]
15404165767,3712,288363,,,,,,,,,,0.031,8431.017,Pinned,Device,NVIDIA A100-SXM4-40GB MIG 4g.20gb (0),1,,13,[CUDA memcpy Host-to-Device]
15404172103,10912,288364,,,,,,,,,,0.197,18017.550,Pinned,Device,NVIDIA A100-SXM4-40GB MIG 4g.20gb (0),1,,13,[CUDA memcpy Host-to-Device]
15404231750,58239,288365,273,1,1,8,4,1,39,0.002,0.000,,,,,NVIDIA A100-SXM4-40GB MIG 4g.20gb (0),1,,13,"void channel_eq::eqMmseCoefCompLowMimoKernel<float, float, float, (unsigned int)4, (unsigned int)1, (unsigned int)4>(const channel_eq::_puschRxChEqStatDescr *, channel_eq::_puschRxChEqCoefCompDynDescr)"
15404352645,62111,288366,273,1,1,12,11,1,51,0.002,0.000,,,,,NVIDIA A100-SXM4-40GB MIG 4g.20gb (0),1,,13,"void channel_eq::eqMmseSoftDemapKernel<float, __half, __half, float, (unsigned int)4, (unsigned short)16383>(channel_eq::_puschRxChEqStatDescr *, channel_eq::_puschRxChEqSoftDemapDynDescr)"
15404452388,923861,288367,1,1,1,32,32,1,30,0.000,0.000,,,,,NVIDIA A100-SXM4-40GB MIG 4g.20gb (0),1,,13,"void convert_kernel<float2, __half2>(tensor_layout_any, T1 *, tensor_layout_any, const T2 *)"
15405430201,13247,288379,2253,1,1,128,1,1,16,0.000,0.000,,,,,NVIDIA A100-SXM4-40GB MIG 4g.20gb (0),1,,13,cupy_copy__float16_float16
15405526071,6912,288388,282,1,1,128,1,1,16,0.000,0.000,,,,,NVIDIA A100-SXM4-40GB MIG 4g.20gb (0),1,,13,cupy_copy__complex64_complex64
15405594871,9120,288397,26,1,1,128,1,1,16,0.000,0.000,,,,,NVIDIA A100-SXM4-40GB MIG 4g.20gb (0),1,,13,cupy_copy__float32_float32
15405658550,14464,288406,103,1,1,128,1,1,16,0.000,0.000,,,,,NVIDIA A100-SXM4-40GB MIG 4g.20gb (0),1,,13,cupy_copy__complex64_complex64
15405723509,31488,288416,1434,1,1,128,1,1,16,0.000,0.000,,,,,NVIDIA A100-SXM4-40GB MIG 4g.20gb (0),1,,13,cupy_copy__complex64_complex64
15405813556,392124,288421,1,1,1,32,32,1,30,0.000,0.000,,,,,NVIDIA A100-SXM4-40GB MIG 4g.20gb (0),1,,13,"void convert_kernel<__half2, float2>(tensor_layout_any, T1 *, tensor_layout_any, const T2 *)"
15406236655,7424,288424,,,,,,,,,,0.094,12620.664,Pinned,Device,NVIDIA A100-SXM4-40GB MIG 4g.20gb (0),1,,13,[CUDA memcpy Host-to-Device]
15406314703,621689,288425,,,,,,,,,,456.561,734150.796,Device,,NVIDIA A100-SXM4-40GB MIG 4g.20gb (0),1,,13,[CUDA memset]
15406940264,71871,288430,,,,,,,,,,1.235,17181.776,Pinned,Device,NVIDIA A100-SXM4-40GB MIG 4g.20gb (0),1,,13,[CUDA memcpy Host-to-Device]
15407016903,17503,288431,,,,,,,,,,0.197,11232.805,Pinned,Device,NVIDIA A100-SXM4-40GB MIG 4g.20gb (0),1,,13,[CUDA memcpy Host-to-Device]
15407104966,24767,288432,69,4,1,48,1,1,76,0.002,0.000,,,,,NVIDIA A100-SXM4-40GB MIG 4g.20gb (0),1,,13,"void ch_est::windowedChEstPreNoDftSOfdmKernel<float, __half, float, (unsigned int)2, (unsigned int)1, (unsigned short)4>(ch_est::puschRxChEstStatDescr_t *, ch_est::puschRxChEstDynDescr_t *)"
15407197221,20575,288433,137,2,1,24,2,1,44,0.001,0.001,,,,,NVIDIA A100-SXM4-40GB MIG 4g.20gb (0),1,,13,"void ch_est::chEstFilterNoDftSOfdmDispatchKernel<float, __half, float, (unsigned int)2>(ch_est::puschRxChEstStatDescr_t *, ch_est::puschRxChEstDynDescr_t *)"
15407286820,25087,288434,137,2,1,24,2,1,44,0.001,0.001,,,,,NVIDIA A100-SXM4-40GB MIG 4g.20gb (0),1,,13,"void ch_est::chEstFilterNoDftSOfdmDispatchKernel<float, __half, float, (unsigned int)2>(ch_est::puschRxChEstStatDescr_t *, ch_est::puschRxChEstDynDescr_t *)"
15407373411,6688,288445,103,1,1,128,1,1,16,0.000,0.000,,,,,NVIDIA A100-SXM4-40GB MIG 4g.20gb (0),1,,13,cupy_copy__complex64_complex64
15407457026,14816,288455,1434,1,1,128,1,1,16,0.000,0.000,,,,,NVIDIA A100-SXM4-40GB MIG 4g.20gb (0),1,,13,cupy_copy__complex64_complex64
15407549089,6560,288462,103,1,1,128,1,1,16,0.000,0.000,,,,,NVIDIA A100-SXM4-40GB MIG 4g.20gb (0),1,,13,cupy_copy__complex64_complex64
15407622176,399323,288469,1,1,1,32,32,1,30,0.000,0.000,,,,,NVIDIA A100-SXM4-40GB MIG 4g.20gb (0),1,,13,"void convert_kernel<__half2, float2>(tensor_layout_any, T1 *, tensor_layout_any, const T2 *)"
15408052859,9056,288472,,,,,,,,,,0.094,10346.287,Pinned,Device,NVIDIA A100-SXM4-40GB MIG 4g.20gb (0),1,,13,[CUDA memcpy Host-to-Device]
15408134234,52863,288473,,,,,,,,,,35.810,677380.447,Device,,NVIDIA A100-SXM4-40GB MIG 4g.20gb (0),1,,13,[CUDA memset]
15408189273,2464,288475,,,,,,,,,,0.000,32.468,Pinned,Device,NVIDIA A100-SXM4-40GB MIG 4g.20gb (0),1,,13,[CUDA memcpy Host-to-Device]
15408197721,14400,288476,,,,,,,,,,0.197,13653.246,Pinned,Device,NVIDIA A100-SXM4-40GB MIG 4g.20gb (0),1,,13,[CUDA memcpy Host-to-Device]
15408277112,26528,288477,273,1,1,48,1,1,40,0.000,0.001,,,,,NVIDIA A100-SXM4-40GB MIG 4g.20gb (0),1,,13,"void pusch_noise_intf_est::noiseIntfEstNoDftSOfdmKernel<float, __half, float, float, (unsigned int)2, (unsigned int)1, (unsigned char)4, (unsigned char)4>(pusch_noise_intf_est::puschRxNoiseIntfEstDynDescr)"
15408367255,5728,288488,35,1,1,128,1,1,16,0.000,0.000,,,,,NVIDIA A100-SXM4-40GB MIG 4g.20gb (0),1,,13,cupy_copy__complex64_complex64
15408447223,5727,288497,1,1,1,1,1,1,18,0.000,0.000,,,,,NVIDIA A100-SXM4-40GB MIG 4g.20gb (0),1,,13,cupy_copy__float32_float32
15408460534,3072,288503,,,,,,,,,,0.000,1.302,Device,Pageable,NVIDIA A100-SXM4-40GB MIG 4g.20gb (0),1,,7,[CUDA memcpy Device-to-Host]
15408570165,34336,288514,1434,1,1,128,1,1,16,0.000,0.000,,,,,NVIDIA A100-SXM4-40GB MIG 4g.20gb (0),1,,13,cupy_copy__complex64_complex64
15408664948,6464,288521,103,1,1,128,1,1,16,0.000,0.000,,,,,NVIDIA A100-SXM4-40GB MIG 4g.20gb (0),1,,13,cupy_copy__complex64_complex64
15408735507,26560,288528,35,1,1,128,1,1,16,0.000,0.000,,,,,NVIDIA A100-SXM4-40GB MIG 4g.20gb (0),1,,13,cupy_copy__complex64_complex64
15408818546,4576,288535,1,1,1,1,1,1,18,0.000,0.000,,,,,NVIDIA A100-SXM4-40GB MIG 4g.20gb (0),1,,13,cupy_copy__float32_float32
15408868370,409275,288546,1,1,1,32,32,1,30,0.000,0.000,,,,,NVIDIA A100-SXM4-40GB MIG 4g.20gb (0),1,,13,"void convert_kernel<__half2, float2>(tensor_layout_any, T1 *, tensor_layout_any, const T2 *)"
15409306893,9952,288549,,,,,,,,,,0.094,9414.761,Pinned,Device,NVIDIA A100-SXM4-40GB MIG 4g.20gb (0),1,,13,[CUDA memcpy Host-to-Device]
15409372012,12352,288550,,,,,,,,,,1.547,125211.586,Device,,NVIDIA A100-SXM4-40GB MIG 4g.20gb (0),1,,13,[CUDA memset]
15409389900,3200,288555,,,,,,,,,,0.031,9780.000,Pinned,Device,NVIDIA A100-SXM4-40GB MIG 4g.20gb (0),1,,13,[CUDA memcpy Host-to-Device]
15409400204,10112,288556,,,,,,,,,,0.197,19442.958,Pinned,Device,NVIDIA A100-SXM4-40GB MIG 4g.20gb (0),1,,13,[CUDA memcpy Host-to-Device]
15409462219,36448,288557,273,1,1,8,4,1,39,0.002,0.000,,,,,NVIDIA A100-SXM4-40GB MIG 4g.20gb (0),1,,13,"void channel_eq::eqMmseCoefCompLowMimoKernel<float, float, float, (unsigned int)4, (unsigned int)1, (unsigned int)4>(const channel_eq::_puschRxChEqStatDescr *, channel_eq::_puschRxChEqCoefCompDynDescr)"
15409560842,51583,288558,273,1,1,12,11,1,51,0.002,0.000,,,,,NVIDIA A100-SXM4-40GB MIG 4g.20gb (0),1,,13,"void channel_eq::eqMmseSoftDemapKernel<float, __half, __half, float, (unsigned int)4, (unsigned short)16383>(channel_eq::_puschRxChEqStatDescr *, channel_eq::_puschRxChEqSoftDemapDynDescr)"
15409657929,914198,288559,1,1,1,32,32,1,30,0.000,0.000,,,,,NVIDIA A100-SXM4-40GB MIG 4g.20gb (0),1,,13,"void convert_kernel<float2, __half2>(tensor_layout_any, T1 *, tensor_layout_any, const T2 *)"
15410619518,30496,288571,2253,1,1,128,1,1,16,0.000,0.000,,,,,NVIDIA A100-SXM4-40GB MIG 4g.20gb (0),1,,13,cupy_copy__float16_float16
15410712349,7552,288580,282,1,1,128,1,1,16,0.000,0.000,,,,,NVIDIA A100-SXM4-40GB MIG 4g.20gb (0),1,,13,cupy_copy__complex64_complex64
15410783260,5312,288589,26,1,1,128,1,1,16,0.000,0.000,,,,,NVIDIA A100-SXM4-40GB MIG 4g.20gb (0),1,,13,cupy_copy__float32_float32
15410834652,35935,288598,103,1,1,128,1,1,16,0.000,0.000,,,,,NVIDIA A100-SXM4-40GB MIG 4g.20gb (0),1,,13,cupy_copy__complex64_complex64
15410938714,34464,288608,1434,1,1,128,1,1,16,0.000,0.000,,,,,NVIDIA A100-SXM4-40GB MIG 4g.20gb (0),1,,13,cupy_copy__complex64_complex64
15411034521,388028,288613,1,1,1,32,32,1,30,0.000,0.000,,,,,NVIDIA A100-SXM4-40GB MIG 4g.20gb (0),1,,13,"void convert_kernel<__half2, float2>(tensor_layout_any, T1 *, tensor_layout_any, const T2 *)"
15411451061,11136,288616,,,,,,,,,,0.094,8413.713,Pinned,Device,NVIDIA A100-SXM4-40GB MIG 4g.20gb (0),1,,13,[CUDA memcpy Host-to-Device]
15411536628,614073,288617,,,,,,,,,,456.561,743282.024,Device,,NVIDIA A100-SXM4-40GB MIG 4g.20gb (0),1,,13,[CUDA memset]
15412155117,66111,288622,,,,,,,,,,1.235,18679.763,Pinned,Device,NVIDIA A100-SXM4-40GB MIG 4g.20gb (0),1,,13,[CUDA memcpy Host-to-Device]
15412224844,14112,288623,,,,,,,,,,0.197,13931.839,Pinned,Device,NVIDIA A100-SXM4-40GB MIG 4g.20gb (0),1,,13,[CUDA memcpy Host-to-Device]
15412308811,22080,288624,69,4,1,48,1,1,76,0.002,0.000,,,,,NVIDIA A100-SXM4-40GB MIG 4g.20gb (0),1,,13,"void ch_est::windowedChEstPreNoDftSOfdmKernel<float, __half, float, (unsigned int)2, (unsigned int)1, (unsigned short)4>(ch_est::puschRxChEstStatDescr_t *, ch_est::puschRxChEstDynDescr_t *)"
15412380938,52352,288625,137,2,1,24,2,1,44,0.001,0.001,,,,,NVIDIA A100-SXM4-40GB MIG 4g.20gb (0),1,,13,"void ch_est::chEstFilterNoDftSOfdmDispatchKernel<float, __half, float, (unsigned int)2>(ch_est::puschRxChEstStatDescr_t *, ch_est::puschRxChEstDynDescr_t *)"
15412474281,21888,288626,137,2,1,24,2,1,44,0.001,0.001,,,,,NVIDIA A100-SXM4-40GB MIG 4g.20gb (0),1,,13,"void ch_est::chEstFilterNoDftSOfdmDispatchKernel<float, __half, float, (unsigned int)2>(ch_est::puschRxChEstStatDescr_t *, ch_est::puschRxChEstDynDescr_t *)"
15412559624,7008,288637,103,1,1,128,1,1,16,0.000,0.000,,,,,NVIDIA A100-SXM4-40GB MIG 4g.20gb (0),1,,13,cupy_copy__complex64_complex64
15412647847,16224,288647,1434,1,1,128,1,1,16,0.000,0.000,,,,,NVIDIA A100-SXM4-40GB MIG 4g.20gb (0),1,,13,cupy_copy__complex64_complex64
15412742886,8128,288654,103,1,1,128,1,1,16,0.000,0.000,,,,,NVIDIA A100-SXM4-40GB MIG 4g.20gb (0),1,,13,cupy_copy__complex64_complex64
15412819141,402076,288661,1,1,1,32,32,1,30,0.000,0.000,,,,,NVIDIA A100-SXM4-40GB MIG 4g.20gb (0),1,,13,"void convert_kernel<__half2, float2>(tensor_layout_any, T1 *, tensor_layout_any, const T2 *)"
15413249984,13376,288664,,,,,,,,,,0.094,7004.713,Pinned,Device,NVIDIA A100-SXM4-40GB MIG 4g.20gb (0),1,,13,[CUDA memcpy Host-to-Device]
15413342495,53120,288665,,,,,,,,,,35.810,674121.744,Device,,NVIDIA A100-SXM4-40GB MIG 4g.20gb (0),1,,13,[CUDA memset]
15413403679,3264,288667,,,,,,,,,,0.000,24.510,Pinned,Device,NVIDIA A100-SXM4-40GB MIG 4g.20gb (0),1,,13,[CUDA memcpy Host-to-Device]
15413409375,13055,288668,,,,,,,,,,0.197,15059.976,Pinned,Device,NVIDIA A100-SXM4-40GB MIG 4g.20gb (0),1,,13,[CUDA memcpy Host-to-Device]
15413486590,32319,288669,273,1,1,48,1,1,40,0.000,0.001,,,,,NVIDIA A100-SXM4-40GB MIG 4g.20gb (0),1,,13,"void pusch_noise_intf_est::noiseIntfEstNoDftSOfdmKernel<float, __half, float, float, (unsigned int)2, (unsigned int)1, (unsigned char)4, (unsigned char)4>(pusch_noise_intf_est::puschRxNoiseIntfEstDynDescr)"
15413579389,6176,288680,35,1,1,128,1,1,16,0.000,0.000,,,,,NVIDIA A100-SXM4-40GB MIG 4g.20gb (0),1,,13,cupy_copy__complex64_complex64
15413686779,4864,288689,1,1,1,1,1,1,18,0.000,0.000,,,,,NVIDIA A100-SXM4-40GB MIG 4g.20gb (0),1,,13,cupy_copy__float32_float32
15413696795,1856,288695,,,,,,,,,,0.000,2.155,Device,Pageable,NVIDIA A100-SXM4-40GB MIG 4g.20gb (0),1,,7,[CUDA memcpy Device-to-Host]
15413836090,17408,288706,1434,1,1,128,1,1,16,0.000,0.000,,,,,NVIDIA A100-SXM4-40GB MIG 4g.20gb (0),1,,13,cupy_copy__complex64_complex64
15413915929,18624,288713,103,1,1,128,1,1,16,0.000,0.000,,,,,NVIDIA A100-SXM4-40GB MIG 4g.20gb (0),1,,13,cupy_copy__complex64_complex64
15414002456,10208,288720,35,1,1,128,1,1,16,0.000,0.000,,,,,NVIDIA A100-SXM4-40GB MIG 4g.20gb (0),1,,13,cupy_copy__complex64_complex64
15414086679,5376,288727,1,1,1,1,1,1,18,0.000,0.000,,,,,NVIDIA A100-SXM4-40GB MIG 4g.20gb (0),1,,13,cupy_copy__float32_float32
15414107255,416315,288738,1,1,1,32,32,1,30,0.000,0.000,,,,,NVIDIA A100-SXM4-40GB MIG 4g.20gb (0),1,,13,"void convert_kernel<__half2, float2>(tensor_layout_any, T1 *, tensor_layout_any, const T2 *)"
15414555026,8416,288741,,,,,,,,,,0.094,11133.052,Pinned,Device,NVIDIA A100-SXM4-40GB MIG 4g.20gb (0),1,,13,[CUDA memcpy Host-to-Device]
15414602289,7520,288742,,,,,,,,,,1.547,205666.966,Device,,NVIDIA A100-SXM4-40GB MIG 4g.20gb (0),1,,13,[CUDA memset]
15414614449,3168,288747,,,,,,,,,,0.031,9878.770,Pinned,Device,NVIDIA A100-SXM4-40GB MIG 4g.20gb (0),1,,13,[CUDA memcpy Host-to-Device]
15414620049,11776,288748,,,,,,,,,,0.197,16695.558,Pinned,Device,NVIDIA A100-SXM4-40GB MIG 4g.20gb (0),1,,13,[CUDA memcpy Host-to-Device]
15414668752,30240,288749,273,1,1,8,4,1,39,0.002,0.000,,,,,NVIDIA A100-SXM4-40GB MIG 4g.20gb (0),1,,13,"void channel_eq::eqMmseCoefCompLowMimoKernel<float, float, float, (unsigned int)4, (unsigned int)1, (unsigned int)4>(const channel_eq::_puschRxChEqStatDescr *, channel_eq::_puschRxChEqCoefCompDynDescr)"
15414735888,20927,288750,273,1,1,12,11,1,51,0.002,0.000,,,,,NVIDIA A100-SXM4-40GB MIG 4g.20gb (0),1,,13,"void channel_eq::eqMmseSoftDemapKernel<float, __half, __half, float, (unsigned int)4, (unsigned short)16383>(channel_eq::_puschRxChEqStatDescr *, channel_eq::_puschRxChEqSoftDemapDynDescr)"
15414778863,970677,288751,1,1,1,32,32,1,30,0.000,0.000,,,,,NVIDIA A100-SXM4-40GB MIG 4g.20gb (0),1,,13,"void convert_kernel<float2, __half2>(tensor_layout_any, T1 *, tensor_layout_any, const T2 *)"
15415791652,14400,288763,2253,1,1,128,1,1,16,0.000,0.000,,,,,NVIDIA A100-SXM4-40GB MIG 4g.20gb (0),1,,13,cupy_copy__float16_float16
15415937474,7552,288772,282,1,1,128,1,1,16,0.000,0.000,,,,,NVIDIA A100-SXM4-40GB MIG 4g.20gb (0),1,,13,cupy_copy__complex64_complex64
15416053537,5344,288781,26,1,1,128,1,1,16,0.000,0.000,,,,,NVIDIA A100-SXM4-40GB MIG 4g.20gb (0),1,,13,cupy_copy__float32_float32
15416158272,10912,288790,103,1,1,128,1,1,16,0.000,0.000,,,,,NVIDIA A100-SXM4-40GB MIG 4g.20gb (0),1,,13,cupy_copy__complex64_complex64
15416258623,20831,288800,1434,1,1,128,1,1,16,0.000,0.000,,,,,NVIDIA A100-SXM4-40GB MIG 4g.20gb (0),1,,13,cupy_copy__complex64_complex64
15416325950,320156,288805,1,1,1,32,32,1,30,0.000,0.000,,,,,NVIDIA A100-SXM4-40GB MIG 4g.20gb (0),1,,13,"void convert_kernel<__half2, float2>(tensor_layout_any, T1 *, tensor_layout_any, const T2 *)"
15416674938,12672,288808,,,,,,,,,,0.094,7393.926,Pinned,Device,NVIDIA A100-SXM4-40GB MIG 4g.20gb (0),1,,13,[CUDA memcpy Host-to-Device]
15416777945,626585,288809,,,,,,,,,,456.561,728215.497,Device,,NVIDIA A100-SXM4-40GB MIG 4g.20gb (0),1,,13,[CUDA memset]
15417405490,66975,288814,,,,,,,,,,1.235,18437.714,Pinned,Device,NVIDIA A100-SXM4-40GB MIG 4g.20gb (0),1,,13,[CUDA memcpy Host-to-Device]
15417478865,13632,288815,,,,,,,,,,0.197,14422.376,Pinned,Device,NVIDIA A100-SXM4-40GB MIG 4g.20gb (0),1,,13,[CUDA memcpy Host-to-Device]
15417580016,50687,288816,69,4,1,48,1,1,76,0.002,0.000,,,,,NVIDIA A100-SXM4-40GB MIG 4g.20gb (0),1,,13,"void ch_est::windowedChEstPreNoDftSOfdmKernel<float, __half, float, (unsigned int)2, (unsigned int)1, (unsigned short)4>(ch_est::puschRxChEstStatDescr_t *, ch_est::puschRxChEstDynDescr_t *)"
15417736590,54527,288817,137,2,1,24,2,1,44,0.001,0.001,,,,,NVIDIA A100-SXM4-40GB MIG 4g.20gb (0),1,,13,"void ch_est::chEstFilterNoDftSOfdmDispatchKernel<float, __half, float, (unsigned int)2>(ch_est::puschRxChEstStatDescr_t *, ch_est::puschRxChEstDynDescr_t *)"
15417873420,19840,288818,137,2,1,24,2,1,44,0.001,0.001,,,,,NVIDIA A100-SXM4-40GB MIG 4g.20gb (0),1,,13,"void ch_est::chEstFilterNoDftSOfdmDispatchKernel<float, __half, float, (unsigned int)2>(ch_est::puschRxChEstStatDescr_t *, ch_est::puschRxChEstDynDescr_t *)"
15418013099,5536,288829,103,1,1,128,1,1,16,0.000,0.000,,,,,NVIDIA A100-SXM4-40GB MIG 4g.20gb (0),1,,13,cupy_copy__complex64_complex64
15418110282,27359,288839,1434,1,1,128,1,1,16,0.000,0.000,,,,,NVIDIA A100-SXM4-40GB MIG 4g.20gb (0),1,,13,cupy_copy__complex64_complex64
15418199497,7520,288846,103,1,1,128,1,1,16,0.000,0.000,,,,,NVIDIA A100-SXM4-40GB MIG 4g.20gb (0),1,,13,cupy_copy__complex64_complex64
15418317287,331581,288853,1,1,1,32,32,1,30,0.000,0.000,,,,,NVIDIA A100-SXM4-40GB MIG 4g.20gb (0),1,,13,"void convert_kernel<__half2, float2>(tensor_layout_any, T1 *, tensor_layout_any, const T2 *)"
15418679075,8032,288856,,,,,,,,,,0.094,11665.246,Pinned,Device,NVIDIA A100-SXM4-40GB MIG 4g.20gb (0),1,,13,[CUDA memcpy Host-to-Device]
15418731203,56959,288857,,,,,,,,,,35.810,628678.956,Device,,NVIDIA A100-SXM4-40GB MIG 4g.20gb (0),1,,13,[CUDA memset]
15418792578,1824,288859,,,,,,,,,,0.000,43.860,Pinned,Device,NVIDIA A100-SXM4-40GB MIG 4g.20gb (0),1,,13,[CUDA memcpy Host-to-Device]
15418800962,12896,288860,,,,,,,,,,0.197,15245.574,Pinned,Device,NVIDIA A100-SXM4-40GB MIG 4g.20gb (0),1,,13,[CUDA memcpy Host-to-Device]
15418879489,38752,288861,273,1,1,48,1,1,40,0.000,0.001,,,,,NVIDIA A100-SXM4-40GB MIG 4g.20gb (0),1,,13,"void pusch_noise_intf_est::noiseIntfEstNoDftSOfdmKernel<float, __half, float, float, (unsigned int)2, (unsigned int)1, (unsigned char)4, (unsigned char)4>(pusch_noise_intf_est::puschRxNoiseIntfEstDynDescr)"
15418935744,7360,288872,35,1,1,128,1,1,16,0.000,0.000,,,,,NVIDIA A100-SXM4-40GB MIG 4g.20gb (0),1,,13,cupy_copy__complex64_complex64
15419025663,5344,288881,1,1,1,1,1,1,18,0.000,0.000,,,,,NVIDIA A100-SXM4-40GB MIG 4g.20gb (0),1,,13,cupy_copy__float32_float32
15419033855,4736,288887,,,,,,,,,,0.000,0.845,Device,Pageable,NVIDIA A100-SXM4-40GB MIG 4g.20gb (0),1,,7,[CUDA memcpy Device-to-Host]
15419134302,18304,288898,1434,1,1,128,1,1,16,0.000,0.000,,,,,NVIDIA A100-SXM4-40GB MIG 4g.20gb (0),1,,13,cupy_copy__complex64_complex64
15419218141,21248,288905,103,1,1,128,1,1,16,0.000,0.000,,,,,NVIDIA A100-SXM4-40GB MIG 4g.20gb (0),1,,13,cupy_copy__complex64_complex64
15419299996,6592,288912,35,1,1,128,1,1,16,0.000,0.000,,,,,NVIDIA A100-SXM4-40GB MIG 4g.20gb (0),1,,13,cupy_copy__complex64_complex64
15419316540,3136,288919,1,1,1,1,1,1,18,0.000,0.000,,,,,NVIDIA A100-SXM4-40GB MIG 4g.20gb (0),1,,13,cupy_copy__float32_float32
15419384667,329917,288930,1,1,1,32,32,1,30,0.000,0.000,,,,,NVIDIA A100-SXM4-40GB MIG 4g.20gb (0),1,,13,"void convert_kernel<__half2, float2>(tensor_layout_any, T1 *, tensor_layout_any, const T2 *)"
15419745559,9312,288933,,,,,,,,,,0.094,10061.826,Pinned,Device,NVIDIA A100-SXM4-40GB MIG 4g.20gb (0),1,,13,[CUDA memcpy Host-to-Device]
15419783607,8224,288934,,,,,,,,,,1.547,188061.745,Device,,NVIDIA A100-SXM4-40GB MIG 4g.20gb (0),1,,13,[CUDA memset]
15419799159,7232,288939,,,,,,,,,,0.031,4327.423,Pinned,Device,NVIDIA A100-SXM4-40GB MIG 4g.20gb (0),1,,13,[CUDA memcpy Host-to-Device]
15419808919,9503,288940,,,,,,,,,,0.197,20688.863,Pinned,Device,NVIDIA A100-SXM4-40GB MIG 4g.20gb (0),1,,13,[CUDA memcpy Host-to-Device]
15419859478,50943,288941,273,1,1,8,4,1,39,0.002,0.000,,,,,NVIDIA A100-SXM4-40GB MIG 4g.20gb (0),1,,13,"void channel_eq::eqMmseCoefCompLowMimoKernel<float, float, float, (unsigned int)4, (unsigned int)1, (unsigned int)4>(const channel_eq::_puschRxChEqStatDescr *, channel_eq::_puschRxChEqCoefCompDynDescr)"
15419956821,48607,288942,273,1,1,12,11,1,51,0.002,0.000,,,,,NVIDIA A100-SXM4-40GB MIG 4g.20gb (0),1,,13,"void channel_eq::eqMmseSoftDemapKernel<float, __half, __half, float, (unsigned int)4, (unsigned short)16383>(channel_eq::_puschRxChEqStatDescr *, channel_eq::_puschRxChEqSoftDemapDynDescr)"
15420037428,616857,288943,1,1,1,32,32,1,30,0.000,0.000,,,,,NVIDIA A100-SXM4-40GB MIG 4g.20gb (0),1,,13,"void convert_kernel<float2, __half2>(tensor_layout_any, T1 *, tensor_layout_any, const T2 *)"
15420785771,37760,288955,2253,1,1,128,1,1,16,0.000,0.000,,,,,NVIDIA A100-SXM4-40GB MIG 4g.20gb (0),1,,13,cupy_copy__float16_float16
15420931946,5376,288964,282,1,1,128,1,1,16,0.000,0.000,,,,,NVIDIA A100-SXM4-40GB MIG 4g.20gb (0),1,,13,cupy_copy__complex64_complex64
15420985705,5728,288973,26,1,1,128,1,1,16,0.000,0.000,,,,,NVIDIA A100-SXM4-40GB MIG 4g.20gb (0),1,,13,cupy_copy__float32_float32
15421088232,27328,288982,103,1,1,128,1,1,16,0.000,0.000,,,,,NVIDIA A100-SXM4-40GB MIG 4g.20gb (0),1,,13,cupy_copy__complex64_complex64
15421213351,20639,288992,1434,1,1,128,1,1,16,0.000,0.000,,,,,NVIDIA A100-SXM4-40GB MIG 4g.20gb (0),1,,13,cupy_copy__complex64_complex64
15421303526,299228,288997,1,1,1,32,32,1,30,0.000,0.000,,,,,NVIDIA A100-SXM4-40GB MIG 4g.20gb (0),1,,13,"void convert_kernel<__half2, float2>(tensor_layout_any, T1 *, tensor_layout_any, const T2 *)"
15421630242,10208,289000,,,,,,,,,,0.094,9178.648,Pinned,Device,NVIDIA A100-SXM4-40GB MIG 4g.20gb (0),1,,13,[CUDA memcpy Host-to-Device]
15421732193,625881,289001,,,,,,,,,,456.561,729128.620,Device,,NVIDIA A100-SXM4-40GB MIG 4g.20gb (0),1,,13,[CUDA memset]
15422364250,68191,289006,,,,,,,,,,1.235,18109.219,Pinned,Device,NVIDIA A100-SXM4-40GB MIG 4g.20gb (0),1,,13,[CUDA memcpy Host-to-Device]
15422439033,10432,289007,,,,,,,,,,0.197,18846.450,Pinned,Device,NVIDIA A100-SXM4-40GB MIG 4g.20gb (0),1,,13,[CUDA memcpy Host-to-Device]
15422560695,12480,289008,69,4,1,48,1,1,76,0.002,0.000,,,,,NVIDIA A100-SXM4-40GB MIG 4g.20gb (0),1,,13,"void ch_est::windowedChEstPreNoDftSOfdmKernel<float, __half, float, (unsigned int)2, (unsigned int)1, (unsigned short)4>(ch_est::puschRxChEstStatDescr_t *, ch_est::puschRxChEstDynDescr_t *)"
15422703638,11712,289009,137,2,1,24,2,1,44,0.001,0.001,,,,,NVIDIA A100-SXM4-40GB MIG 4g.20gb (0),1,,13,"void ch_est::chEstFilterNoDftSOfdmDispatchKernel<float, __half, float, (unsigned int)2>(ch_est::puschRxChEstStatDescr_t *, ch_est::puschRxChEstDynDescr_t *)"
15422848084,12480,289010,137,2,1,24,2,1,44,0.001,0.001,,,,,NVIDIA A100-SXM4-40GB MIG 4g.20gb (0),1,,13,"void ch_est::chEstFilterNoDftSOfdmDispatchKernel<float, __half, float, (unsigned int)2>(ch_est::puschRxChEstStatDescr_t *, ch_est::puschRxChEstDynDescr_t *)"
15422989971,6432,289021,103,1,1,128,1,1,16,0.000,0.000,,,,,NVIDIA A100-SXM4-40GB MIG 4g.20gb (0),1,,13,cupy_copy__complex64_complex64
15423110929,20608,289031,1434,1,1,128,1,1,16,0.000,0.000,,,,,NVIDIA A100-SXM4-40GB MIG 4g.20gb (0),1,,13,cupy_copy__complex64_complex64
15423224592,11744,289038,103,1,1,128,1,1,16,0.000,0.000,,,,,NVIDIA A100-SXM4-40GB MIG 4g.20gb (0),1,,13,cupy_copy__complex64_complex64
15423328047,327132,289045,1,1,1,32,32,1,30,0.000,0.000,,,,,NVIDIA A100-SXM4-40GB MIG 4g.20gb (0),1,,13,"void convert_kernel<__half2, float2>(tensor_layout_any, T1 *, tensor_layout_any, const T2 *)"
15423684843,5408,289048,,,,,,,,,,0.094,17325.421,Pinned,Device,NVIDIA A100-SXM4-40GB MIG 4g.20gb (0),1,,13,[CUDA memcpy Host-to-Device]
15423784234,53471,289049,,,,,,,,,,35.810,669681.314,Device,,NVIDIA A100-SXM4-40GB MIG 4g.20gb (0),1,,13,[CUDA memset]
15423842889,1824,289051,,,,,,,,,,0.000,43.860,Pinned,Device,NVIDIA A100-SXM4-40GB MIG 4g.20gb (0),1,,13,[CUDA memcpy Host-to-Device]
15423847177,11264,289052,,,,,,,,,,0.197,17454.465,Pinned,Device,NVIDIA A100-SXM4-40GB MIG 4g.20gb (0),1,,13,[CUDA memcpy Host-to-Device]
15423967784,15711,289053,273,1,1,48,1,1,40,0.000,0.001,,,,,NVIDIA A100-SXM4-40GB MIG 4g.20gb (0),1,,13,"void pusch_noise_intf_est::noiseIntfEstNoDftSOfdmKernel<float, __half, float, float, (unsigned int)2, (unsigned int)1, (unsigned char)4, (unsigned char)4>(pusch_noise_intf_est::puschRxNoiseIntfEstDynDescr)"
15424096838,8480,289064,35,1,1,128,1,1,16,0.000,0.000,,,,,NVIDIA A100-SXM4-40GB MIG 4g.20gb (0),1,,13,cupy_copy__complex64_complex64
15424205797,3904,289073,1,1,1,1,1,1,18,0.000,0.000,,,,,NVIDIA A100-SXM4-40GB MIG 4g.20gb (0),1,,13,cupy_copy__float32_float32
15424216645,4800,289079,,,,,,,,,,0.000,0.833,Device,Pageable,NVIDIA A100-SXM4-40GB MIG 4g.20gb (0),1,,7,[CUDA memcpy Device-to-Host]
15424353123,26400,289090,1434,1,1,128,1,1,16,0.000,0.000,,,,,NVIDIA A100-SXM4-40GB MIG 4g.20gb (0),1,,13,cupy_copy__complex64_complex64
15424462434,4000,289097,103,1,1,128,1,1,16,0.000,0.000,,,,,NVIDIA A100-SXM4-40GB MIG 4g.20gb (0),1,,13,cupy_copy__complex64_complex64
15424549313,12992,289104,35,1,1,128,1,1,16,0.000,0.000,,,,,NVIDIA A100-SXM4-40GB MIG 4g.20gb (0),1,,13,cupy_copy__complex64_complex64
15424648704,15712,289111,1,1,1,1,1,1,18,0.000,0.000,,,,,NVIDIA A100-SXM4-40GB MIG 4g.20gb (0),1,,13,cupy_copy__float32_float32
15424704191,305693,289122,1,1,1,32,32,1,30,0.000,0.000,,,,,NVIDIA A100-SXM4-40GB MIG 4g.20gb (0),1,,13,"void convert_kernel<__half2, float2>(tensor_layout_any, T1 *, tensor_layout_any, const T2 *)"
15425044156,9215,289125,,,,,,,,,,0.094,10167.703,Pinned,Device,NVIDIA A100-SXM4-40GB MIG 4g.20gb (0),1,,13,[CUDA memcpy Host-to-Device]
15425126619,7072,289126,,,,,,,,,,1.547,218695.727,Device,,NVIDIA A100-SXM4-40GB MIG 4g.20gb (0),1,,13,[CUDA memset]
15425138682,7360,289131,,,,,,,,,,0.031,4252.156,Pinned,Device,NVIDIA A100-SXM4-40GB MIG 4g.20gb (0),1,,13,[CUDA memcpy Host-to-Device]
15425151866,13408,289132,,,,,,,,,,0.197,14663.418,Pinned,Device,NVIDIA A100-SXM4-40GB MIG 4g.20gb (0),1,,13,[CUDA memcpy Host-to-Device]
15425258041,35296,289133,273,1,1,8,4,1,39,0.002,0.000,,,,,NVIDIA A100-SXM4-40GB MIG 4g.20gb (0),1,,13,"void channel_eq::eqMmseCoefCompLowMimoKernel<float, float, float, (unsigned int)4, (unsigned int)1, (unsigned int)4>(const channel_eq::_puschRxChEqStatDescr *, channel_eq::_puschRxChEqCoefCompDynDescr)"
15425402743,22720,289134,273,1,1,12,11,1,51,0.002,0.000,,,,,NVIDIA A100-SXM4-40GB MIG 4g.20gb (0),1,,13,"void channel_eq::eqMmseSoftDemapKernel<float, __half, __half, float, (unsigned int)4, (unsigned short)16383>(channel_eq::_puschRxChEqStatDescr *, channel_eq::_puschRxChEqSoftDemapDynDescr)"
15425479319,755191,289135,1,1,1,32,32,1,30,0.000,0.000,,,,,NVIDIA A100-SXM4-40GB MIG 4g.20gb (0),1,,13,"void convert_kernel<float2, __half2>(tensor_layout_any, T1 *, tensor_layout_any, const T2 *)"
15426321805,19936,289147,2253,1,1,128,1,1,16,0.000,0.000,,,,,NVIDIA A100-SXM4-40GB MIG 4g.20gb (0),1,,13,cupy_copy__float16_float16
15426439532,4896,289156,282,1,1,128,1,1,16,0.000,0.000,,,,,NVIDIA A100-SXM4-40GB MIG 4g.20gb (0),1,,13,cupy_copy__complex64_complex64
15426516459,6528,289165,26,1,1,128,1,1,16,0.000,0.000,,,,,NVIDIA A100-SXM4-40GB MIG 4g.20gb (0),1,,13,cupy_copy__float32_float32
15426625066,19903,289174,103,1,1,128,1,1,16,0.000,0.000,,,,,NVIDIA A100-SXM4-40GB MIG 4g.20gb (0),1,,13,cupy_copy__complex64_complex64
15426728009,29887,289184,1434,1,1,128,1,1,16,0.000,0.000,,,,,NVIDIA A100-SXM4-40GB MIG 4g.20gb (0),1,,13,cupy_copy__complex64_complex64
15426797256,305276,289189,1,1,1,32,32,1,30,0.000,0.000,,,,,NVIDIA A100-SXM4-40GB MIG 4g.20gb (0),1,,13,"void convert_kernel<__half2, float2>(tensor_layout_any, T1 *, tensor_layout_any, const T2 *)"
15427134116,9408,289192,,,,,,,,,,0.094,9959.135,Pinned,Device,NVIDIA A100-SXM4-40GB MIG 4g.20gb (0),1,,13,[CUDA memcpy Host-to-Device]
15427228067,625529,289193,,,,,,,,,,456.561,729585.181,Device,,NVIDIA A100-SXM4-40GB MIG 4g.20gb (0),1,,13,[CUDA memset]
15427857276,68831,289198,,,,,,,,,,1.235,17941.266,Pinned,Device,NVIDIA A100-SXM4-40GB MIG 4g.20gb (0),1,,13,[CUDA memcpy Host-to-Device]
15427929691,15648,289199,,,,,,,,,,0.197,12564.234,Pinned,Device,NVIDIA A100-SXM4-40GB MIG 4g.20gb (0),1,,13,[CUDA memcpy Host-to-Device]
15428065369,25760,289200,69,4,1,48,1,1,76,0.002,0.000,,,,,NVIDIA A100-SXM4-40GB MIG 4g.20gb (0),1,,13,"void ch_est::windowedChEstPreNoDftSOfdmKernel<float, __half, float, (unsigned int)2, (unsigned int)1, (unsigned short)4>(ch_est::puschRxChEstStatDescr_t *, ch_est::puschRxChEstDynDescr_t *)"
15428155992,40736,289201,137,2,1,24,2,1,44,0.001,0.001,,,,,NVIDIA A100-SXM4-40GB MIG 4g.20gb (0),1,,13,"void ch_est::chEstFilterNoDftSOfdmDispatchKernel<float, __half, float, (unsigned int)2>(ch_est::puschRxChEstStatDescr_t *, ch_est::puschRxChEstDynDescr_t *)"
15428312215,43231,289202,137,2,1,24,2,1,44,0.001,0.001,,,,,NVIDIA A100-SXM4-40GB MIG 4g.20gb (0),1,,13,"void ch_est::chEstFilterNoDftSOfdmDispatchKernel<float, __half, float, (unsigned int)2>(ch_est::puschRxChEstStatDescr_t *, ch_est::puschRxChEstDynDescr_t *)"
15428419925,3872,289213,103,1,1,128,1,1,16,0.000,0.000,,,,,NVIDIA A100-SXM4-40GB MIG 4g.20gb (0),1,,13,cupy_copy__complex64_complex64
15428503477,16927,289223,1434,1,1,128,1,1,16,0.000,0.000,,,,,NVIDIA A100-SXM4-40GB MIG 4g.20gb (0),1,,13,cupy_copy__complex64_complex64
15428644627,6496,289230,103,1,1,128,1,1,16,0.000,0.000,,,,,NVIDIA A100-SXM4-40GB MIG 4g.20gb (0),1,,13,cupy_copy__complex64_complex64
15428761042,310396,289237,1,1,1,32,32,1,30,0.000,0.000,,,,,NVIDIA A100-SXM4-40GB MIG 4g.20gb (0),1,,13,"void convert_kernel<__half2, float2>(tensor_layout_any, T1 *, tensor_layout_any, const T2 *)"
15429101902,8160,289240,,,,,,,,,,0.094,11482.351,Pinned,Device,NVIDIA A100-SXM4-40GB MIG 4g.20gb (0),1,,13,[CUDA memcpy Host-to-Device]
15429158349,57856,289241,,,,,,,,,,35.810,618938.657,Device,,NVIDIA A100-SXM4-40GB MIG 4g.20gb (0),1,,13,[CUDA memset]
15429222540,1856,289243,,,,,,,,,,0.000,43.103,Pinned,Device,NVIDIA A100-SXM4-40GB MIG 4g.20gb (0),1,,13,[CUDA memcpy Host-to-Device]
15429227116,12384,289244,,,,,,,,,,0.197,15875.899,Pinned,Device,NVIDIA A100-SXM4-40GB MIG 4g.20gb (0),1,,13,[CUDA memcpy Host-to-Device]
15429348651,25504,289245,273,1,1,48,1,1,40,0.000,0.001,,,,,NVIDIA A100-SXM4-40GB MIG 4g.20gb (0),1,,13,"void pusch_noise_intf_est::noiseIntfEstNoDftSOfdmKernel<float, __half, float, float, (unsigned int)2, (unsigned int)1, (unsigned char)4, (unsigned char)4>(pusch_noise_intf_est::puschRxNoiseIntfEstDynDescr)"
15429481322,6975,289256,35,1,1,128,1,1,16,0.000,0.000,,,,,NVIDIA A100-SXM4-40GB MIG 4g.20gb (0),1,,13,cupy_copy__complex64_complex64
15429586856,10816,289265,1,1,1,1,1,1,18,0.000,0.000,,,,,NVIDIA A100-SXM4-40GB MIG 4g.20gb (0),1,,13,cupy_copy__float32_float32
15429604456,6464,289271,,,,,,,,,,0.000,0.619,Device,Pageable,NVIDIA A100-SXM4-40GB MIG 4g.20gb (0),1,,7,[CUDA memcpy Device-to-Host]
15429763270,21728,289282,1434,1,1,128,1,1,16,0.000,0.000,,,,,NVIDIA A100-SXM4-40GB MIG 4g.20gb (0),1,,13,cupy_copy__complex64_complex64
15429885509,6176,289289,103,1,1,128,1,1,16,0.000,0.000,,,,,NVIDIA A100-SXM4-40GB MIG 4g.20gb (0),1,,13,cupy_copy__complex64_complex64
15429971204,8640,289296,35,1,1,128,1,1,16,0.000,0.000,,,,,NVIDIA A100-SXM4-40GB MIG 4g.20gb (0),1,,13,cupy_copy__complex64_complex64
15430046723,5408,289303,1,1,1,1,1,1,18,0.000,0.000,,,,,NVIDIA A100-SXM4-40GB MIG 4g.20gb (0),1,,13,cupy_copy__float32_float32
15430149218,319292,289314,1,1,1,32,32,1,30,0.000,0.000,,,,,NVIDIA A100-SXM4-40GB MIG 4g.20gb (0),1,,13,"void convert_kernel<__half2, float2>(tensor_layout_any, T1 *, tensor_layout_any, const T2 *)"
15430497918,5920,289317,,,,,,,,,,0.094,15826.941,Pinned,Device,NVIDIA A100-SXM4-40GB MIG 4g.20gb (0),1,,13,[CUDA memcpy Host-to-Device]
15430567965,7872,289318,,,,,,,,,,1.547,196470.740,Device,,NVIDIA A100-SXM4-40GB MIG 4g.20gb (0),1,,13,[CUDA memset]
15430576189,7200,289323,,,,,,,,,,0.031,4346.639,Pinned,Device,NVIDIA A100-SXM4-40GB MIG 4g.20gb (0),1,,13,[CUDA memcpy Host-to-Device]
15430585853,16576,289324,,,,,,,,,,0.197,11860.967,Pinned,Device,NVIDIA A100-SXM4-40GB MIG 4g.20gb (0),1,,13,[CUDA memcpy Host-to-Device]
15430697244,13056,289325,273,1,1,8,4,1,39,0.002,0.000,,,,,NVIDIA A100-SXM4-40GB MIG 4g.20gb (0),1,,13,"void channel_eq::eqMmseCoefCompLowMimoKernel<float, float, float, (unsigned int)4, (unsigned int)1, (unsigned int)4>(const channel_eq::_puschRxChEqStatDescr *, channel_eq::_puschRxChEqCoefCompDynDescr)"
15430885434,12544,289326,273,1,1,12,11,1,51,0.002,0.000,,,,,NVIDIA A100-SXM4-40GB MIG 4g.20gb (0),1,,13,"void channel_eq::eqMmseSoftDemapKernel<float, __half, __half, float, (unsigned int)4, (unsigned short)16383>(channel_eq::_puschRxChEqStatDescr *, channel_eq::_puschRxChEqSoftDemapDynDescr)"
15431012120,775192,289327,1,1,1,32,32,1,30,0.000,0.000,,,,,NVIDIA A100-SXM4-40GB MIG 4g.20gb (0),1,,13,"void convert_kernel<float2, __half2>(tensor_layout_any, T1 *, tensor_layout_any, const T2 *)"
15431878639,14687,289339,2253,1,1,128,1,1,16,0.000,0.000,,,,,NVIDIA A100-SXM4-40GB MIG 4g.20gb (0),1,,13,cupy_copy__float16_float16
15432018893,10144,289348,282,1,1,128,1,1,16,0.000,0.000,,,,,NVIDIA A100-SXM4-40GB MIG 4g.20gb (0),1,,13,cupy_copy__complex64_complex64
15432133484,7296,289357,26,1,1,128,1,1,16,0.000,0.000,,,,,NVIDIA A100-SXM4-40GB MIG 4g.20gb (0),1,,13,cupy_copy__float32_float32
15432231627,33631,289366,103,1,1,128,1,1,16,0.000,0.000,,,,,NVIDIA A100-SXM4-40GB MIG 4g.20gb (0),1,,13,cupy_copy__complex64_complex64
15432366313,25472,289376,1434,1,1,128,1,1,16,0.000,0.000,,,,,NVIDIA A100-SXM4-40GB MIG 4g.20gb (0),1,,13,cupy_copy__complex64_complex64
15432452200,301597,289381,1,1,1,32,32,1,30,0.000,0.000,,,,,NVIDIA A100-SXM4-40GB MIG 4g.20gb (0),1,,13,"void convert_kernel<__half2, float2>(tensor_layout_any, T1 *, tensor_layout_any, const T2 *)"
15432783780,11968,289384,,,,,,,,,,0.094,7828.863,Pinned,Device,NVIDIA A100-SXM4-40GB MIG 4g.20gb (0),1,,13,[CUDA memcpy Host-to-Device]
15432876643,624569,289385,,,,,,,,,,456.561,730954.865,Device,,NVIDIA A100-SXM4-40GB MIG 4g.20gb (0),1,,13,[CUDA memset]
15433502556,72447,289390,,,,,,,,,,1.235,17045.932,Pinned,Device,NVIDIA A100-SXM4-40GB MIG 4g.20gb (0),1,,13,[CUDA memcpy Host-to-Device]
15433577531,11808,289391,,,,,,,,,,0.197,16650.338,Pinned,Device,NVIDIA A100-SXM4-40GB MIG 4g.20gb (0),1,,13,[CUDA memcpy Host-to-Device]
15433708378,12256,289392,69,4,1,48,1,1,76,0.002,0.000,,,,,NVIDIA A100-SXM4-40GB MIG 4g.20gb (0),1,,13,"void ch_est::windowedChEstPreNoDftSOfdmKernel<float, __half, float, (unsigned int)2, (unsigned int)1, (unsigned short)4>(ch_est::puschRxChEstStatDescr_t *, ch_est::puschRxChEstDynDescr_t *)"
15433845848,12160,289393,137,2,1,24,2,1,44,0.001,0.001,,,,,NVIDIA A100-SXM4-40GB MIG 4g.20gb (0),1,,13,"void ch_est::chEstFilterNoDftSOfdmDispatchKernel<float, __half, float, (unsigned int)2>(ch_est::puschRxChEstStatDescr_t *, ch_est::puschRxChEstDynDescr_t *)"
15433989591,11776,289394,137,2,1,24,2,1,44,0.001,0.001,,,,,NVIDIA A100-SXM4-40GB MIG 4g.20gb (0),1,,13,"void ch_est::chEstFilterNoDftSOfdmDispatchKernel<float, __half, float, (unsigned int)2>(ch_est::puschRxChEstStatDescr_t *, ch_est::puschRxChEstDynDescr_t *)"
15434127189,6272,289405,103,1,1,128,1,1,16,0.000,0.000,,,,,NVIDIA A100-SXM4-40GB MIG 4g.20gb (0),1,,13,cupy_copy__complex64_complex64
15434268276,21247,289415,1434,1,1,128,1,1,16,0.000,0.000,,,,,NVIDIA A100-SXM4-40GB MIG 4g.20gb (0),1,,13,cupy_copy__complex64_complex64
15434369010,21504,289422,103,1,1,128,1,1,16,0.000,0.000,,,,,NVIDIA A100-SXM4-40GB MIG 4g.20gb (0),1,,13,cupy_copy__complex64_complex64
15434481745,319165,289429,1,1,1,32,32,1,30,0.000,0.000,,,,,NVIDIA A100-SXM4-40GB MIG 4g.20gb (0),1,,13,"void convert_kernel<__half2, float2>(tensor_layout_any, T1 *, tensor_layout_any, const T2 *)"
15434832781,9568,289432,,,,,,,,,,0.094,9792.637,Pinned,Device,NVIDIA A100-SXM4-40GB MIG 4g.20gb (0),1,,13,[CUDA memcpy Host-to-Device]
15434938124,53087,289433,,,,,,,,,,35.810,674551.463,Device,,NVIDIA A100-SXM4-40GB MIG 4g.20gb (0),1,,13,[CUDA memset]
15434997387,1952,289435,,,,,,,,,,0.000,40.984,Pinned,Device,NVIDIA A100-SXM4-40GB MIG 4g.20gb (0),1,,13,[CUDA memcpy Host-to-Device]
15435001771,12480,289436,,,,,,,,,,0.197,15753.806,Pinned,Device,NVIDIA A100-SXM4-40GB MIG 4g.20gb (0),1,,13,[CUDA memcpy Host-to-Device]
15435122474,15904,289437,273,1,1,48,1,1,40,0.000,0.001,,,,,NVIDIA A100-SXM4-40GB MIG 4g.20gb (0),1,,13,"void pusch_noise_intf_est::noiseIntfEstNoDftSOfdmKernel<float, __half, float, float, (unsigned int)2, (unsigned int)1, (unsigned char)4, (unsigned char)4>(pusch_noise_intf_est::puschRxNoiseIntfEstDynDescr)"
15435249033,6751,289448,35,1,1,128,1,1,16,0.000,0.000,,,,,NVIDIA A100-SXM4-40GB MIG 4g.20gb (0),1,,13,cupy_copy__complex64_complex64
15435368839,4192,289457,1,1,1,1,1,1,18,0.000,0.000,,,,,NVIDIA A100-SXM4-40GB MIG 4g.20gb (0),1,,13,cupy_copy__float32_float32
15435374119,5504,289463,,,,,,,,,,0.000,0.727,Device,Pageable,NVIDIA A100-SXM4-40GB MIG 4g.20gb (0),1,,7,[CUDA memcpy Device-to-Host]
15435503878,40895,289474,1434,1,1,128,1,1,16,0.000,0.000,,,,,NVIDIA A100-SXM4-40GB MIG 4g.20gb (0),1,,13,cupy_copy__complex64_complex64
15435650532,10624,289481,103,1,1,128,1,1,16,0.000,0.000,,,,,NVIDIA A100-SXM4-40GB MIG 4g.20gb (0),1,,13,cupy_copy__complex64_complex64
15435743331,14304,289488,35,1,1,128,1,1,16,0.000,0.000,,,,,NVIDIA A100-SXM4-40GB MIG 4g.20gb (0),1,,13,cupy_copy__complex64_complex64
15435832706,4672,289495,1,1,1,1,1,1,18,0.000,0.000,,,,,NVIDIA A100-SXM4-40GB MIG 4g.20gb (0),1,,13,cupy_copy__float32_float32
15435887297,347708,289506,1,1,1,32,32,1,30,0.000,0.000,,,,,NVIDIA A100-SXM4-40GB MIG 4g.20gb (0),1,,13,"void convert_kernel<__half2, float2>(tensor_layout_any, T1 *, tensor_layout_any, const T2 *)"
15436266845,13344,289509,,,,,,,,,,0.094,7021.578,Pinned,Device,NVIDIA A100-SXM4-40GB MIG 4g.20gb (0),1,,13,[CUDA memcpy Host-to-Device]
15436350748,23648,289510,,,,,,,,,,1.547,65400.542,Device,,NVIDIA A100-SXM4-40GB MIG 4g.20gb (0),1,,13,[CUDA memset]
15436381660,7424,289515,,,,,,,,,,0.031,4215.509,Pinned,Device,NVIDIA A100-SXM4-40GB MIG 4g.20gb (0),1,,13,[CUDA memcpy Host-to-Device]
15436395708,9631,289516,,,,,,,,,,0.197,20414.005,Pinned,Device,NVIDIA A100-SXM4-40GB MIG 4g.20gb (0),1,,13,[CUDA memcpy Host-to-Device]
15436479739,65599,289517,273,1,1,8,4,1,39,0.002,0.000,,,,,NVIDIA A100-SXM4-40GB MIG 4g.20gb (0),1,,13,"void channel_eq::eqMmseCoefCompLowMimoKernel<float, float, float, (unsigned int)4, (unsigned int)1, (unsigned int)4>(const channel_eq::_puschRxChEqStatDescr *, channel_eq::_puschRxChEqCoefCompDynDescr)"
15436616953,59455,289518,273,1,1,12,11,1,51,0.002,0.000,,,,,NVIDIA A100-SXM4-40GB MIG 4g.20gb (0),1,,13,"void channel_eq::eqMmseSoftDemapKernel<float, __half, __half, float, (unsigned int)4, (unsigned short)16383>(channel_eq::_puschRxChEqStatDescr *, channel_eq::_puschRxChEqSoftDemapDynDescr)"
15436749304,792119,289519,1,1,1,32,32,1,30,0.000,0.000,,,,,NVIDIA A100-SXM4-40GB MIG 4g.20gb (0),1,,13,"void convert_kernel<float2, __half2>(tensor_layout_any, T1 *, tensor_layout_any, const T2 *)"
15437620302,16448,289531,2253,1,1,128,1,1,16,0.000,0.000,,,,,NVIDIA A100-SXM4-40GB MIG 4g.20gb (0),1,,13,cupy_copy__float16_float16
15437685997,19456,289540,282,1,1,128,1,1,16,0.000,0.000,,,,,NVIDIA A100-SXM4-40GB MIG 4g.20gb (0),1,,13,cupy_copy__complex64_complex64
15437808460,4896,289549,26,1,1,128,1,1,16,0.000,0.000,,,,,NVIDIA A100-SXM4-40GB MIG 4g.20gb (0),1,,13,cupy_copy__float32_float32
15437899467,20351,289558,103,1,1,128,1,1,16,0.000,0.000,,,,,NVIDIA A100-SXM4-40GB MIG 4g.20gb (0),1,,13,cupy_copy__complex64_complex64
15438005353,33216,289568,1434,1,1,128,1,1,16,0.000,0.000,,,,,NVIDIA A100-SXM4-40GB MIG 4g.20gb (0),1,,13,cupy_copy__complex64_complex64
15438100776,311549,289573,1,1,1,32,32,1,30,0.000,0.000,,,,,NVIDIA A100-SXM4-40GB MIG 4g.20gb (0),1,,13,"void convert_kernel<__half2, float2>(tensor_layout_any, T1 *, tensor_layout_any, const T2 *)"
15438440965,5727,289576,,,,,,,,,,0.094,16360.352,Pinned,Device,NVIDIA A100-SXM4-40GB MIG 4g.20gb (0),1,,13,[CUDA memcpy Host-to-Device]
15438495204,610361,289577,,,,,,,,,,456.561,747847.639,Device,,NVIDIA A100-SXM4-40GB MIG 4g.20gb (0),1,,13,[CUDA memset]
15439107165,61375,289582,,,,,,,,,,1.235,20120.943,Pinned,Device,NVIDIA A100-SXM4-40GB MIG 4g.20gb (0),1,,13,[CUDA memcpy Host-to-Device]
15439174588,13888,289583,,,,,,,,,,0.197,14156.562,Pinned,Device,NVIDIA A100-SXM4-40GB MIG 4g.20gb (0),1,,13,[CUDA memcpy Host-to-Device]
15439278779,36416,289584,69,4,1,48,1,1,76,0.002,0.000,,,,,NVIDIA A100-SXM4-40GB MIG 4g.20gb (0),1,,13,"void ch_est::windowedChEstPreNoDftSOfdmKernel<float, __half, float, (unsigned int)2, (unsigned int)1, (unsigned short)4>(ch_est::puschRxChEstStatDescr_t *, ch_est::puschRxChEstDynDescr_t *)"
15439345434,48864,289585,137,2,1,24,2,1,44,0.001,0.001,,,,,NVIDIA A100-SXM4-40GB MIG 4g.20gb (0),1,,13,"void ch_est::chEstFilterNoDftSOfdmDispatchKernel<float, __half, float, (unsigned int)2>(ch_est::puschRxChEstStatDescr_t *, ch_est::puschRxChEstDynDescr_t *)"
15439477849,20640,289586,137,2,1,24,2,1,44,0.001,0.001,,,,,NVIDIA A100-SXM4-40GB MIG 4g.20gb (0),1,,13,"void ch_est::chEstFilterNoDftSOfdmDispatchKernel<float, __half, float, (unsigned int)2>(ch_est::puschRxChEstStatDescr_t *, ch_est::puschRxChEstDynDescr_t *)"
15439622839,5440,289597,103,1,1,128,1,1,16,0.000,0.000,,,,,NVIDIA A100-SXM4-40GB MIG 4g.20gb (0),1,,13,cupy_copy__complex64_complex64
15439728022,23648,289607,1434,1,1,128,1,1,16,0.000,0.000,,,,,NVIDIA A100-SXM4-40GB MIG 4g.20gb (0),1,,13,cupy_copy__complex64_complex64
15439824053,8672,289614,103,1,1,128,1,1,16,0.000,0.000,,,,,NVIDIA A100-SXM4-40GB MIG 4g.20gb (0),1,,13,cupy_copy__complex64_complex64
15439877172,331165,289621,1,1,1,32,32,1,30,0.000,0.000,,,,,NVIDIA A100-SXM4-40GB MIG 4g.20gb (0),1,,13,"void convert_kernel<__half2, float2>(tensor_layout_any, T1 *, tensor_layout_any, const T2 *)"
15440238704,6880,289624,,,,,,,,,,0.094,13618.526,Pinned,Device,NVIDIA A100-SXM4-40GB MIG 4g.20gb (0),1,,13,[CUDA memcpy Host-to-Device]
15440337391,50272,289625,,,,,,,,,,35.810,712295.119,Device,,NVIDIA A100-SXM4-40GB MIG 4g.20gb (0),1,,13,[CUDA memset]
15440396079,3487,289627,,,,,,,,,,0.000,22.942,Pinned,Device,NVIDIA A100-SXM4-40GB MIG 4g.20gb (0),1,,13,[CUDA memcpy Host-to-Device]
15440402542,14688,289628,,,,,,,,,,0.197,13385.466,Pinned,Device,NVIDIA A100-SXM4-40GB MIG 4g.20gb (0),1,,13,[CUDA memcpy Host-to-Device]
15440535949,56415,289629,273,1,1,48,1,1,40,0.000,0.001,,,,,NVIDIA A100-SXM4-40GB MIG 4g.20gb (0),1,,13,"void pusch_noise_intf_est::noiseIntfEstNoDftSOfdmKernel<float, __half, float, float, (unsigned int)2, (unsigned int)1, (unsigned char)4, (unsigned char)4>(pusch_noise_intf_est::puschRxNoiseIntfEstDynDescr)"
15440674859,47776,289640,35,1,1,128,1,1,16,0.000,0.000,,,,,NVIDIA A100-SXM4-40GB MIG 4g.20gb (0),1,,13,cupy_copy__complex64_complex64
15440799978,4096,289649,1,1,1,1,1,1,18,0.000,0.000,,,,,NVIDIA A100-SXM4-40GB MIG 4g.20gb (0),1,,13,cupy_copy__float32_float32
15440810410,3648,289655,,,,,,,,,,0.000,1.096,Device,Pageable,NVIDIA A100-SXM4-40GB MIG 4g.20gb (0),1,,7,[CUDA memcpy Device-to-Host]
15440940200,23808,289666,1434,1,1,128,1,1,16,0.000,0.000,,,,,NVIDIA A100-SXM4-40GB MIG 4g.20gb (0),1,,13,cupy_copy__complex64_complex64
15441075271,4448,289673,103,1,1,128,1,1,16,0.000,0.000,,,,,NVIDIA A100-SXM4-40GB MIG 4g.20gb (0),1,,13,cupy_copy__complex64_complex64
15441155270,7456,289680,35,1,1,128,1,1,16,0.000,0.000,,,,,NVIDIA A100-SXM4-40GB MIG 4g.20gb (0),1,,13,cupy_copy__complex64_complex64
15441281253,7039,289687,1,1,1,1,1,1,18,0.000,0.000,,,,,NVIDIA A100-SXM4-40GB MIG 4g.20gb (0),1,,13,cupy_copy__float32_float32
15441347556,302460,289698,1,1,1,32,32,1,30,0.000,0.000,,,,,NVIDIA A100-SXM4-40GB MIG 4g.20gb (0),1,,13,"void convert_kernel<__half2, float2>(tensor_layout_any, T1 *, tensor_layout_any, const T2 *)"
15441680576,12832,289701,,,,,,,,,,0.094,7301.729,Pinned,Device,NVIDIA A100-SXM4-40GB MIG 4g.20gb (0),1,,13,[CUDA memcpy Host-to-Device]
15441804991,11872,289702,,,,,,,,,,1.547,130273.686,Device,,NVIDIA A100-SXM4-40GB MIG 4g.20gb (0),1,,13,[CUDA memset]
15441818239,7263,289707,,,,,,,,,,0.031,4308.958,Pinned,Device,NVIDIA A100-SXM4-40GB MIG 4g.20gb (0),1,,13,[CUDA memcpy Host-to-Device]
15441827934,12736,289708,,,,,,,,,,0.197,15437.070,Pinned,Device,NVIDIA A100-SXM4-40GB MIG 4g.20gb (0),1,,13,[CUDA memcpy Host-to-Device]
15441938397,13344,289709,273,1,1,8,4,1,39,0.002,0.000,,,,,NVIDIA A100-SXM4-40GB MIG 4g.20gb (0),1,,13,"void channel_eq::eqMmseCoefCompLowMimoKernel<float, float, float, (unsigned int)4, (unsigned int)1, (unsigned int)4>(const channel_eq::_puschRxChEqStatDescr *, channel_eq::_puschRxChEqCoefCompDynDescr)"
15442118011,11744,289710,273,1,1,12,11,1,51,0.002,0.000,,,,,NVIDIA A100-SXM4-40GB MIG 4g.20gb (0),1,,13,"void channel_eq::eqMmseSoftDemapKernel<float, __half, __half, float, (unsigned int)4, (unsigned short)16383>(channel_eq::_puschRxChEqStatDescr *, channel_eq::_puschRxChEqSoftDemapDynDescr)"
15442240474,734807,289711,1,1,1,32,32,1,30,0.000,0.000,,,,,NVIDIA A100-SXM4-40GB MIG 4g.20gb (0),1,,13,"void convert_kernel<float2, __half2>(tensor_layout_any, T1 *, tensor_layout_any, const T2 *)"
15443046001,19199,289723,2253,1,1,128,1,1,16,0.000,0.000,,,,,NVIDIA A100-SXM4-40GB MIG 4g.20gb (0),1,,13,cupy_copy__float16_float16
15443140656,6720,289732,282,1,1,128,1,1,16,0.000,0.000,,,,,NVIDIA A100-SXM4-40GB MIG 4g.20gb (0),1,,13,cupy_copy__complex64_complex64
15443199375,6400,289741,26,1,1,128,1,1,16,0.000,0.000,,,,,NVIDIA A100-SXM4-40GB MIG 4g.20gb (0),1,,13,cupy_copy__float32_float32
15443272750,36960,289750,103,1,1,128,1,1,16,0.000,0.000,,,,,NVIDIA A100-SXM4-40GB MIG 4g.20gb (0),1,,13,cupy_copy__complex64_complex64
15443384845,33183,289760,1434,1,1,128,1,1,16,0.000,0.000,,,,,NVIDIA A100-SXM4-40GB MIG 4g.20gb (0),1,,13,cupy_copy__complex64_complex64
15443479756,279709,289765,1,1,1,32,32,1,30,0.000,0.000,,,,,NVIDIA A100-SXM4-40GB MIG 4g.20gb (0),1,,13,"void convert_kernel<__half2, float2>(tensor_layout_any, T1 *, tensor_layout_any, const T2 *)"
15443787080,5408,289768,,,,,,,,,,0.094,17325.421,Pinned,Device,NVIDIA A100-SXM4-40GB MIG 4g.20gb (0),1,,13,[CUDA memcpy Host-to-Device]
15443889831,613785,289769,,,,,,,,,,456.561,743738.586,Device,,NVIDIA A100-SXM4-40GB MIG 4g.20gb (0),1,,13,[CUDA memset]
15444509056,70303,289774,,,,,,,,,,1.235,17565.843,Pinned,Device,NVIDIA A100-SXM4-40GB MIG 4g.20gb (0),1,,13,[CUDA memcpy Host-to-Device]
15444582271,13888,289775,,,,,,,,,,0.197,14156.562,Pinned,Device,NVIDIA A100-SXM4-40GB MIG 4g.20gb (0),1,,13,[CUDA memcpy Host-to-Device]
15444727230,30495,289776,69,4,1,48,1,1,76,0.002,0.000,,,,,NVIDIA A100-SXM4-40GB MIG 4g.20gb (0),1,,13,"void ch_est::windowedChEstPreNoDftSOfdmKernel<float, __half, float, (unsigned int)2, (unsigned int)1, (unsigned short)4>(ch_est::puschRxChEstStatDescr_t *, ch_est::puschRxChEstDynDescr_t *)"
15444813693,12096,289777,137,2,1,24,2,1,44,0.001,0.001,,,,,NVIDIA A100-SXM4-40GB MIG 4g.20gb (0),1,,13,"void ch_est::chEstFilterNoDftSOfdmDispatchKernel<float, __half, float, (unsigned int)2>(ch_est::puschRxChEstStatDescr_t *, ch_est::puschRxChEstDynDescr_t *)"
15444953307,12480,289778,137,2,1,24,2,1,44,0.001,0.001,,,,,NVIDIA A100-SXM4-40GB MIG 4g.20gb (0),1,,13,"void ch_est::chEstFilterNoDftSOfdmDispatchKernel<float, __half, float, (unsigned int)2>(ch_est::puschRxChEstStatDescr_t *, ch_est::puschRxChEstDynDescr_t *)"
15445083610,7072,289789,103,1,1,128,1,1,16,0.000,0.000,,,,,NVIDIA A100-SXM4-40GB MIG 4g.20gb (0),1,,13,cupy_copy__complex64_complex64
15445201560,22272,289799,1434,1,1,128,1,1,16,0.000,0.000,,,,,NVIDIA A100-SXM4-40GB MIG 4g.20gb (0),1,,13,cupy_copy__complex64_complex64
15445307415,20320,289806,103,1,1,128,1,1,16,0.000,0.000,,,,,NVIDIA A100-SXM4-40GB MIG 4g.20gb (0),1,,13,cupy_copy__complex64_complex64
15445408086,311293,289813,1,1,1,32,32,1,30,0.000,0.000,,,,,NVIDIA A100-SXM4-40GB MIG 4g.20gb (0),1,,13,"void convert_kernel<__half2, float2>(tensor_layout_any, T1 *, tensor_layout_any, const T2 *)"
15445747954,5728,289816,,,,,,,,,,0.094,16357.541,Pinned,Device,NVIDIA A100-SXM4-40GB MIG 4g.20gb (0),1,,13,[CUDA memcpy Host-to-Device]
15445865649,51903,289817,,,,,,,,,,35.810,689913.919,Device,,NVIDIA A100-SXM4-40GB MIG 4g.20gb (0),1,,13,[CUDA memset]
15445921104,1888,289819,,,,,,,,,,0.000,42.373,Pinned,Device,NVIDIA A100-SXM4-40GB MIG 4g.20gb (0),1,,13,[CUDA memcpy Host-to-Device]
15445925424,10048,289820,,,,,,,,,,0.197,19566.821,Pinned,Device,NVIDIA A100-SXM4-40GB MIG 4g.20gb (0),1,,13,[CUDA memcpy Host-to-Device]
15446046959,16672,289821,273,1,1,48,1,1,40,0.000,0.001,,,,,NVIDIA A100-SXM4-40GB MIG 4g.20gb (0),1,,13,"void pusch_noise_intf_est::noiseIntfEstNoDftSOfdmKernel<float, __half, float, float, (unsigned int)2, (unsigned int)1, (unsigned char)4, (unsigned char)4>(pusch_noise_intf_est::puschRxNoiseIntfEstDynDescr)"
15446180397,7296,289832,35,1,1,128,1,1,16,0.000,0.000,,,,,NVIDIA A100-SXM4-40GB MIG 4g.20gb (0),1,,13,cupy_copy__complex64_complex64
15446294028,4192,289841,1,1,1,1,1,1,18,0.000,0.000,,,,,NVIDIA A100-SXM4-40GB MIG 4g.20gb (0),1,,13,cupy_copy__float32_float32
15446307500,6080,289847,,,,,,,,,,0.000,0.658,Device,Pageable,NVIDIA A100-SXM4-40GB MIG 4g.20gb (0),1,,7,[CUDA memcpy Device-to-Host]
15446423915,38911,289858,1434,1,1,128,1,1,16,0.000,0.000,,,,,NVIDIA A100-SXM4-40GB MIG 4g.20gb (0),1,,13,cupy_copy__complex64_complex64
15446568105,6752,289865,103,1,1,128,1,1,16,0.000,0.000,,,,,NVIDIA A100-SXM4-40GB MIG 4g.20gb (0),1,,13,cupy_copy__complex64_complex64
15446664936,15296,289872,35,1,1,128,1,1,16,0.000,0.000,,,,,NVIDIA A100-SXM4-40GB MIG 4g.20gb (0),1,,13,cupy_copy__complex64_complex64
15446763591,3264,289879,1,1,1,1,1,1,18,0.000,0.000,,,,,NVIDIA A100-SXM4-40GB MIG 4g.20gb (0),1,,13,cupy_copy__float32_float32
15446847110,325436,289890,1,1,1,32,32,1,30,0.000,0.000,,,,,NVIDIA A100-SXM4-40GB MIG 4g.20gb (0),1,,13,"void convert_kernel<__half2, float2>(tensor_layout_any, T1 *, tensor_layout_any, const T2 *)"
15447201666,5472,289893,,,,,,,,,,0.094,17122.757,Pinned,Device,NVIDIA A100-SXM4-40GB MIG 4g.20gb (0),1,,13,[CUDA memcpy Host-to-Device]
15447288097,6816,289894,,,,,,,,,,1.547,226909.847,Device,,NVIDIA A100-SXM4-40GB MIG 4g.20gb (0),1,,13,[CUDA memset]
15447302465,3072,289899,,,,,,,,,,0.031,10187.474,Pinned,Device,NVIDIA A100-SXM4-40GB MIG 4g.20gb (0),1,,13,[CUDA memcpy Host-to-Device]
15447308065,14495,289900,,,,,,,,,,0.197,13563.789,Pinned,Device,NVIDIA A100-SXM4-40GB MIG 4g.20gb (0),1,,13,[CUDA memcpy Host-to-Device]
15447416991,14176,289901,273,1,1,8,4,1,39,0.002,0.000,,,,,NVIDIA A100-SXM4-40GB MIG 4g.20gb (0),1,,13,"void channel_eq::eqMmseCoefCompLowMimoKernel<float, float, float, (unsigned int)4, (unsigned int)1, (unsigned int)4>(const channel_eq::_puschRxChEqStatDescr *, channel_eq::_puschRxChEqCoefCompDynDescr)"
15447553118,13312,289902,273,1,1,12,11,1,51,0.002,0.000,,,,,NVIDIA A100-SXM4-40GB MIG 4g.20gb (0),1,,13,"void channel_eq::eqMmseSoftDemapKernel<float, __half, __half, float, (unsigned int)4, (unsigned short)16383>(channel_eq::_puschRxChEqStatDescr *, channel_eq::_puschRxChEqSoftDemapDynDescr)"
15447684828,753560,289903,1,1,1,32,32,1,30,0.000,0.000,,,,,NVIDIA A100-SXM4-40GB MIG 4g.20gb (0),1,,13,"void convert_kernel<float2, __half2>(tensor_layout_any, T1 *, tensor_layout_any, const T2 *)"
15448494227,14208,289915,2253,1,1,128,1,1,16,0.000,0.000,,,,,NVIDIA A100-SXM4-40GB MIG 4g.20gb (0),1,,13,cupy_copy__float16_float16
15448603762,5984,289924,282,1,1,128,1,1,16,0.000,0.000,,,,,NVIDIA A100-SXM4-40GB MIG 4g.20gb (0),1,,13,cupy_copy__complex64_complex64
15448645618,3232,289933,26,1,1,128,1,1,16,0.000,0.000,,,,,NVIDIA A100-SXM4-40GB MIG 4g.20gb (0),1,,13,cupy_copy__float32_float32
15448697105,9568,289942,103,1,1,128,1,1,16,0.000,0.000,,,,,NVIDIA A100-SXM4-40GB MIG 4g.20gb (0),1,,13,cupy_copy__complex64_complex64
15448796464,20640,289952,1434,1,1,128,1,1,16,0.000,0.000,,,,,NVIDIA A100-SXM4-40GB MIG 4g.20gb (0),1,,13,cupy_copy__complex64_complex64
15448883087,330140,289957,1,1,1,32,32,1,30,0.000,0.000,,,,,NVIDIA A100-SXM4-40GB MIG 4g.20gb (0),1,,13,"void convert_kernel<__half2, float2>(tensor_layout_any, T1 *, tensor_layout_any, const T2 *)"
15449244747,5376,289960,,,,,,,,,,0.094,17428.487,Pinned,Device,NVIDIA A100-SXM4-40GB MIG 4g.20gb (0),1,,13,[CUDA memcpy Host-to-Device]
15449275818,617946,289961,,,,,,,,,,456.561,738716.410,Device,,NVIDIA A100-SXM4-40GB MIG 4g.20gb (0),1,,13,[CUDA memset]
15449898275,57120,289966,,,,,,,,,,1.235,21620.165,Pinned,Device,NVIDIA A100-SXM4-40GB MIG 4g.20gb (0),1,,13,[CUDA memcpy Host-to-Device]
15449958051,10624,289967,,,,,,,,,,0.197,18505.925,Pinned,Device,NVIDIA A100-SXM4-40GB MIG 4g.20gb (0),1,,13,[CUDA memcpy Host-to-Device]
15449988514,12256,289968,69,4,1,48,1,1,76,0.002,0.000,,,,,NVIDIA A100-SXM4-40GB MIG 4g.20gb (0),1,,13,"void ch_est::windowedChEstPreNoDftSOfdmKernel<float, __half, float, (unsigned int)2, (unsigned int)1, (unsigned short)4>(ch_est::puschRxChEstStatDescr_t *, ch_est::puschRxChEstDynDescr_t *)"
15450096641,35136,289969,137,2,1,24,2,1,44,0.001,0.001,,,,,NVIDIA A100-SXM4-40GB MIG 4g.20gb (0),1,,13,"void ch_est::chEstFilterNoDftSOfdmDispatchKernel<float, __half, float, (unsigned int)2>(ch_est::puschRxChEstStatDescr_t *, ch_est::puschRxChEstDynDescr_t *)"
15450266335,12352,289970,137,2,1,24,2,1,44,0.001,0.001,,,,,NVIDIA A100-SXM4-40GB MIG 4g.20gb (0),1,,13,"void ch_est::chEstFilterNoDftSOfdmDispatchKernel<float, __half, float, (unsigned int)2>(ch_est::puschRxChEstStatDescr_t *, ch_est::puschRxChEstDynDescr_t *)"
15450437949,6720,289981,103,1,1,128,1,1,16,0.000,0.000,,,,,NVIDIA A100-SXM4-40GB MIG 4g.20gb (0),1,,13,cupy_copy__complex64_complex64
15450597084,18655,289991,1434,1,1,128,1,1,16,0.000,0.000,,,,,NVIDIA A100-SXM4-40GB MIG 4g.20gb (0),1,,13,cupy_copy__complex64_complex64
15450772250,7264,289998,103,1,1,128,1,1,16,0.000,0.000,,,,,NVIDIA A100-SXM4-40GB MIG 4g.20gb (0),1,,13,cupy_copy__complex64_complex64
15450935896,290236,290005,1,1,1,32,32,1,30,0.000,0.000,,,,,NVIDIA A100-SXM4-40GB MIG 4g.20gb (0),1,,13,"void convert_kernel<__half2, float2>(tensor_layout_any, T1 *, tensor_layout_any, const T2 *)"
15451258804,9472,290008,,,,,,,,,,0.094,9891.862,Pinned,Device,NVIDIA A100-SXM4-40GB MIG 4g.20gb (0),1,,13,[CUDA memcpy Host-to-Device]
15451413362,51488,290009,,,,,,,,,,35.810,695500.266,Device,,NVIDIA A100-SXM4-40GB MIG 4g.20gb (0),1,,13,[CUDA memset]
15451472146,1856,290011,,,,,,,,,,0.000,43.103,Pinned,Device,NVIDIA A100-SXM4-40GB MIG 4g.20gb (0),1,,13,[CUDA memcpy Host-to-Device]
15451476402,12256,290012,,,,,,,,,,0.197,16041.640,Pinned,Device,NVIDIA A100-SXM4-40GB MIG 4g.20gb (0),1,,13,[CUDA memcpy Host-to-Device]
15451626448,16576,290013,273,1,1,48,1,1,40,0.000,0.001,,,,,NVIDIA A100-SXM4-40GB MIG 4g.20gb (0),1,,13,"void pusch_noise_intf_est::noiseIntfEstNoDftSOfdmKernel<float, __half, float, float, (unsigned int)2, (unsigned int)1, (unsigned char)4, (unsigned char)4>(pusch_noise_intf_est::puschRxNoiseIntfEstDynDescr)"
15451793166,8800,290024,35,1,1,128,1,1,16,0.000,0.000,,,,,NVIDIA A100-SXM4-40GB MIG 4g.20gb (0),1,,13,cupy_copy__complex64_complex64
15451931693,4543,290033,1,1,1,1,1,1,18,0.000,0.000,,,,,NVIDIA A100-SXM4-40GB MIG 4g.20gb (0),1,,13,cupy_copy__float32_float32
15451941900,6176,290039,,,,,,,,,,0.000,0.648,Device,Pageable,NVIDIA A100-SXM4-40GB MIG 4g.20gb (0),1,,7,[CUDA memcpy Device-to-Host]
15452109387,20735,290050,1434,1,1,128,1,1,16,0.000,0.000,,,,,NVIDIA A100-SXM4-40GB MIG 4g.20gb (0),1,,13,cupy_copy__complex64_complex64
15452232777,8288,290057,103,1,1,128,1,1,16,0.000,0.000,,,,,NVIDIA A100-SXM4-40GB MIG 4g.20gb (0),1,,13,cupy_copy__complex64_complex64
15452396359,7328,290064,35,1,1,128,1,1,16,0.000,0.000,,,,,NVIDIA A100-SXM4-40GB MIG 4g.20gb (0),1,,13,cupy_copy__complex64_complex64
15452559941,5888,290071,1,1,1,1,1,1,18,0.000,0.000,,,,,NVIDIA A100-SXM4-40GB MIG 4g.20gb (0),1,,13,cupy_copy__float32_float32
15452696868,287389,290082,1,1,1,32,32,1,30,0.000,0.000,,,,,NVIDIA A100-SXM4-40GB MIG 4g.20gb (0),1,,13,"void convert_kernel<__half2, float2>(tensor_layout_any, T1 *, tensor_layout_any, const T2 *)"
15453014112,12416,290085,,,,,,,,,,0.094,7546.370,Pinned,Device,NVIDIA A100-SXM4-40GB MIG 4g.20gb (0),1,,13,[CUDA memcpy Host-to-Device]
15453183870,6528,290086,,,,,,,,,,1.547,236921.144,Device,,NVIDIA A100-SXM4-40GB MIG 4g.20gb (0),1,,13,[CUDA memset]
15453196286,3008,290091,,,,,,,,,,0.031,10404.230,Pinned,Device,NVIDIA A100-SXM4-40GB MIG 4g.20gb (0),1,,13,[CUDA memcpy Host-to-Device]
15453201758,12224,290092,,,,,,,,,,0.197,16083.714,Pinned,Device,NVIDIA A100-SXM4-40GB MIG 4g.20gb (0),1,,13,[CUDA memcpy Host-to-Device]
15453344445,14655,290093,273,1,1,8,4,1,39,0.002,0.000,,,,,NVIDIA A100-SXM4-40GB MIG 4g.20gb (0),1,,13,"void channel_eq::eqMmseCoefCompLowMimoKernel<float, float, float, (unsigned int)4, (unsigned int)1, (unsigned int)4>(const channel_eq::_puschRxChEqStatDescr *, channel_eq::_puschRxChEqCoefCompDynDescr)"
15453511867,12192,290094,273,1,1,12,11,1,51,0.002,0.000,,,,,NVIDIA A100-SXM4-40GB MIG 4g.20gb (0),1,,13,"void channel_eq::eqMmseSoftDemapKernel<float, __half, __half, float, (unsigned int)4, (unsigned short)16383>(channel_eq::_puschRxChEqStatDescr *, channel_eq::_puschRxChEqSoftDemapDynDescr)"
15453666425,721816,290095,1,1,1,32,32,1,30,0.000,0.000,,,,,NVIDIA A100-SXM4-40GB MIG 4g.20gb (0),1,,13,"void convert_kernel<float2, __half2>(tensor_layout_any, T1 *, tensor_layout_any, const T2 *)"
15454515343,23424,290107,2253,1,1,128,1,1,16,0.000,0.000,,,,,NVIDIA A100-SXM4-40GB MIG 4g.20gb (0),1,,13,cupy_copy__float16_float16
15454705709,9056,290116,282,1,1,128,1,1,16,0.000,0.000,,,,,NVIDIA A100-SXM4-40GB MIG 4g.20gb (0),1,,13,cupy_copy__complex64_complex64
15454836972,3904,290125,26,1,1,128,1,1,16,0.000,0.000,,,,,NVIDIA A100-SXM4-40GB MIG 4g.20gb (0),1,,13,cupy_copy__float32_float32
15454944971,6624,290134,103,1,1,128,1,1,16,0.000,0.000,,,,,NVIDIA A100-SXM4-40GB MIG 4g.20gb (0),1,,13,cupy_copy__complex64_complex64
15455168744,18496,290144,1434,1,1,128,1,1,16,0.000,0.000,,,,,NVIDIA A100-SXM4-40GB MIG 4g.20gb (0),1,,13,cupy_copy__complex64_complex64
15455341254,272797,290149,1,1,1,32,32,1,30,0.000,0.000,,,,,NVIDIA A100-SXM4-40GB MIG 4g.20gb (0),1,,13,"void convert_kernel<__half2, float2>(tensor_layout_any, T1 *, tensor_layout_any, const T2 *)"
15455645283,5440,290152,,,,,,,,,,0.094,17223.480,Pinned,Device,NVIDIA A100-SXM4-40GB MIG 4g.20gb (0),1,,13,[CUDA memcpy Host-to-Device]
15455736418,615033,290153,,,,,,,,,,456.561,741912.340,Device,,NVIDIA A100-SXM4-40GB MIG 4g.20gb (0),1,,13,[CUDA memset]
15456356475,59487,290158,,,,,,,,,,1.235,20759.409,Pinned,Device,NVIDIA A100-SXM4-40GB MIG 4g.20gb (0),1,,13,[CUDA memcpy Host-to-Device]
15456422298,12224,290159,,,,,,,,,,0.197,16083.714,Pinned,Device,NVIDIA A100-SXM4-40GB MIG 4g.20gb (0),1,,13,[CUDA memcpy Host-to-Device]
15456570904,32928,290160,69,4,1,48,1,1,76,0.002,0.000,,,,,NVIDIA A100-SXM4-40GB MIG 4g.20gb (0),1,,13,"void ch_est::windowedChEstPreNoDftSOfdmKernel<float, __half, float, (unsigned int)2, (unsigned int)1, (unsigned short)4>(ch_est::puschRxChEstStatDescr_t *, ch_est::puschRxChEstDynDescr_t *)"
15456712119,9632,290161,137,2,1,24,2,1,44,0.001,0.001,,,,,NVIDIA A100-SXM4-40GB MIG 4g.20gb (0),1,,13,"void ch_est::chEstFilterNoDftSOfdmDispatchKernel<float, __half, float, (unsigned int)2>(ch_est::puschRxChEstStatDescr_t *, ch_est::puschRxChEstDynDescr_t *)"
15456885493,20991,290162,137,2,1,24,2,1,44,0.001,0.001,,,,,NVIDIA A100-SXM4-40GB MIG 4g.20gb (0),1,,13,"void ch_est::chEstFilterNoDftSOfdmDispatchKernel<float, __half, float, (unsigned int)2>(ch_est::puschRxChEstStatDescr_t *, ch_est::puschRxChEstDynDescr_t *)"
15456988948,7071,290173,103,1,1,128,1,1,16,0.000,0.000,,,,,NVIDIA A100-SXM4-40GB MIG 4g.20gb (0),1,,13,cupy_copy__complex64_complex64
15457128658,22336,290183,1434,1,1,128,1,1,16,0.000,0.000,,,,,NVIDIA A100-SXM4-40GB MIG 4g.20gb (0),1,,13,cupy_copy__complex64_complex64
15457276560,3968,290190,103,1,1,128,1,1,16,0.000,0.000,,,,,NVIDIA A100-SXM4-40GB MIG 4g.20gb (0),1,,13,cupy_copy__complex64_complex64
15457391535,292797,290197,1,1,1,32,32,1,30,0.000,0.000,,,,,NVIDIA A100-SXM4-40GB MIG 4g.20gb (0),1,,13,"void convert_kernel<__half2, float2>(tensor_layout_any, T1 *, tensor_layout_any, const T2 *)"
15457712523,8576,290200,,,,,,,,,,0.094,10925.328,Pinned,Device,NVIDIA A100-SXM4-40GB MIG 4g.20gb (0),1,,13,[CUDA memcpy Host-to-Device]
15457814378,52896,290201,,,,,,,,,,35.810,676986.538,Device,,NVIDIA A100-SXM4-40GB MIG 4g.20gb (0),1,,13,[CUDA memset]
15457870762,4608,290203,,,,,,,,,,0.000,17.361,Pinned,Device,NVIDIA A100-SXM4-40GB MIG 4g.20gb (0),1,,13,[CUDA memcpy Host-to-Device]
15457877898,12767,290204,,,,,,,,,,0.197,15399.518,Pinned,Device,NVIDIA A100-SXM4-40GB MIG 4g.20gb (0),1,,13,[CUDA memcpy Host-to-Device]
15458031240,16224,290205,273,1,1,48,1,1,40,0.000,0.001,,,,,NVIDIA A100-SXM4-40GB MIG 4g.20gb (0),1,,13,"void pusch_noise_intf_est::noiseIntfEstNoDftSOfdmKernel<float, __half, float, float, (unsigned int)2, (unsigned int)1, (unsigned char)4, (unsigned char)4>(pusch_noise_intf_est::puschRxNoiseIntfEstDynDescr)"
15458191974,7040,290216,35,1,1,128,1,1,16,0.000,0.000,,,,,NVIDIA A100-SXM4-40GB MIG 4g.20gb (0),1,,13,cupy_copy__complex64_complex64
15458352644,5696,290225,1,1,1,1,1,1,18,0.000,0.000,,,,,NVIDIA A100-SXM4-40GB MIG 4g.20gb (0),1,,13,cupy_copy__float32_float32
15458366660,1568,290231,,,,,,,,,,0.000,2.551,Device,Pageable,NVIDIA A100-SXM4-40GB MIG 4g.20gb (0),1,,7,[CUDA memcpy Device-to-Host]
15458539426,17472,290242,1434,1,1,128,1,1,16,0.000,0.000,,,,,NVIDIA A100-SXM4-40GB MIG 4g.20gb (0),1,,13,cupy_copy__complex64_complex64
15458662977,6432,290249,103,1,1,128,1,1,16,0.000,0.000,,,,,NVIDIA A100-SXM4-40GB MIG 4g.20gb (0),1,,13,cupy_copy__complex64_complex64
15458816927,6432,290256,35,1,1,128,1,1,16,0.000,0.000,,,,,NVIDIA A100-SXM4-40GB MIG 4g.20gb (0),1,,13,cupy_copy__complex64_complex64
15458960701,4224,290263,1,1,1,1,1,1,18,0.000,0.000,,,,,NVIDIA A100-SXM4-40GB MIG 4g.20gb (0),1,,13,cupy_copy__float32_float32
15459028189,285916,290274,1,1,1,32,32,1,30,0.000,0.000,,,,,NVIDIA A100-SXM4-40GB MIG 4g.20gb (0),1,,13,"void convert_kernel<__half2, float2>(tensor_layout_any, T1 *, tensor_layout_any, const T2 *)"
15459345849,12000,290277,,,,,,,,,,0.094,7807.969,Pinned,Device,NVIDIA A100-SXM4-40GB MIG 4g.20gb (0),1,,13,[CUDA memcpy Host-to-Device]
15459414616,5056,290278,,,,,,,,,,1.547,305897.481,Device,,NVIDIA A100-SXM4-40GB MIG 4g.20gb (0),1,,13,[CUDA memset]
15459423160,7424,290283,,,,,,,,,,0.031,4215.509,Pinned,Device,NVIDIA A100-SXM4-40GB MIG 4g.20gb (0),1,,13,[CUDA memcpy Host-to-Device]
15459435896,16256,290284,,,,,,,,,,0.197,12094.341,Pinned,Device,NVIDIA A100-SXM4-40GB MIG 4g.20gb (0),1,,13,[CUDA memcpy Host-to-Device]
15459530743,36800,290285,273,1,1,8,4,1,39,0.002,0.000,,,,,NVIDIA A100-SXM4-40GB MIG 4g.20gb (0),1,,13,"void channel_eq::eqMmseCoefCompLowMimoKernel<float, float, float, (unsigned int)4, (unsigned int)1, (unsigned int)4>(const channel_eq::_puschRxChEqStatDescr *, channel_eq::_puschRxChEqCoefCompDynDescr)"
15459664341,41760,290286,273,1,1,12,11,1,51,0.002,0.000,,,,,NVIDIA A100-SXM4-40GB MIG 4g.20gb (0),1,,13,"void channel_eq::eqMmseSoftDemapKernel<float, __half, __half, float, (unsigned int)4, (unsigned short)16383>(channel_eq::_puschRxChEqStatDescr *, channel_eq::_puschRxChEqSoftDemapDynDescr)"
15459791252,690584,290287,1,1,1,32,32,1,30,0.000,0.000,,,,,NVIDIA A100-SXM4-40GB MIG 4g.20gb (0),1,,13,"void convert_kernel<float2, __half2>(tensor_layout_any, T1 *, tensor_layout_any, const T2 *)"
15460581739,19200,290299,2253,1,1,128,1,1,16,0.000,0.000,,,,,NVIDIA A100-SXM4-40GB MIG 4g.20gb (0),1,,13,cupy_copy__float16_float16
15460698890,5792,290308,282,1,1,128,1,1,16,0.000,0.000,,,,,NVIDIA A100-SXM4-40GB MIG 4g.20gb (0),1,,13,cupy_copy__complex64_complex64
15460804905,5152,290317,26,1,1,128,1,1,16,0.000,0.000,,,,,NVIDIA A100-SXM4-40GB MIG 4g.20gb (0),1,,13,cupy_copy__float32_float32
15460951655,22016,290326,103,1,1,128,1,1,16,0.000,0.000,,,,,NVIDIA A100-SXM4-40GB MIG 4g.20gb (0),1,,13,cupy_copy__complex64_complex64
15461084389,26304,290336,1434,1,1,128,1,1,16,0.000,0.000,,,,,NVIDIA A100-SXM4-40GB MIG 4g.20gb (0),1,,13,cupy_copy__complex64_complex64
15461203332,288285,290341,1,1,1,32,32,1,30,0.000,0.000,,,,,NVIDIA A100-SXM4-40GB MIG 4g.20gb (0),1,,13,"void convert_kernel<__half2, float2>(tensor_layout_any, T1 *, tensor_layout_any, const T2 *)"
15461521024,10624,290344,,,,,,,,,,0.094,8819.230,Pinned,Device,NVIDIA A100-SXM4-40GB MIG 4g.20gb (0),1,,13,[CUDA memcpy Host-to-Device]
15461620703,624665,290345,,,,,,,,,,456.561,730498.304,Device,,NVIDIA A100-SXM4-40GB MIG 4g.20gb (0),1,,13,[CUDA memset]
15462256024,61280,290350,,,,,,,,,,1.235,20151.816,Pinned,Device,NVIDIA A100-SXM4-40GB MIG 4g.20gb (0),1,,13,[CUDA memcpy Host-to-Device]
15462323959,13440,290351,,,,,,,,,,0.197,14628.422,Pinned,Device,NVIDIA A100-SXM4-40GB MIG 4g.20gb (0),1,,13,[CUDA memcpy Host-to-Device]
15462466934,37503,290352,69,4,1,48,1,1,76,0.002,0.000,,,,,NVIDIA A100-SXM4-40GB MIG 4g.20gb (0),1,,13,"void ch_est::windowedChEstPreNoDftSOfdmKernel<float, __half, float, (unsigned int)2, (unsigned int)1, (unsigned short)4>(ch_est::puschRxChEstStatDescr_t *, ch_est::puschRxChEstDynDescr_t *)"
15462580821,12767,290353,137,2,1,24,2,1,44,0.001,0.001,,,,,NVIDIA A100-SXM4-40GB MIG 4g.20gb (0),1,,13,"void ch_est::chEstFilterNoDftSOfdmDispatchKernel<float, __half, float, (unsigned int)2>(ch_est::puschRxChEstStatDescr_t *, ch_est::puschRxChEstDynDescr_t *)"
15462749363,11232,290354,137,2,1,24,2,1,44,0.001,0.001,,,,,NVIDIA A100-SXM4-40GB MIG 4g.20gb (0),1,,13,"void ch_est::chEstFilterNoDftSOfdmDispatchKernel<float, __half, float, (unsigned int)2>(ch_est::puschRxChEstStatDescr_t *, ch_est::puschRxChEstDynDescr_t *)"
15462911761,7040,290365,103,1,1,128,1,1,16,0.000,0.000,,,,,NVIDIA A100-SXM4-40GB MIG 4g.20gb (0),1,,13,cupy_copy__complex64_complex64
15463053263,24640,290375,1434,1,1,128,1,1,16,0.000,0.000,,,,,NVIDIA A100-SXM4-40GB MIG 4g.20gb (0),1,,13,cupy_copy__complex64_complex64
15463200814,4096,290382,103,1,1,128,1,1,16,0.000,0.000,,,,,NVIDIA A100-SXM4-40GB MIG 4g.20gb (0),1,,13,cupy_copy__complex64_complex64
15463315532,277629,290389,1,1,1,32,32,1,30,0.000,0.000,,,,,NVIDIA A100-SXM4-40GB MIG 4g.20gb (0),1,,13,"void convert_kernel<__half2, float2>(tensor_layout_any, T1 *, tensor_layout_any, const T2 *)"
15463621129,6464,290392,,,,,,,,,,0.094,14494.959,Pinned,Device,NVIDIA A100-SXM4-40GB MIG 4g.20gb (0),1,,13,[CUDA memcpy Host-to-Device]
15463742439,52032,290393,,,,,,,,,,35.810,688195.043,Device,,NVIDIA A100-SXM4-40GB MIG 4g.20gb (0),1,,13,[CUDA memset]
15463798439,2016,290395,,,,,,,,,,0.000,39.682,Pinned,Device,NVIDIA A100-SXM4-40GB MIG 4g.20gb (0),1,,13,[CUDA memcpy Host-to-Device]
15463802887,9472,290396,,,,,,,,,,0.197,20756.693,Pinned,Device,NVIDIA A100-SXM4-40GB MIG 4g.20gb (0),1,,13,[CUDA memcpy Host-to-Device]
15463961189,15872,290397,273,1,1,48,1,1,40,0.000,0.001,,,,,NVIDIA A100-SXM4-40GB MIG 4g.20gb (0),1,,13,"void pusch_noise_intf_est::noiseIntfEstNoDftSOfdmKernel<float, __half, float, float, (unsigned int)2, (unsigned int)1, (unsigned char)4, (unsigned char)4>(pusch_noise_intf_est::puschRxNoiseIntfEstDynDescr)"
15464119619,6400,290408,35,1,1,128,1,1,16,0.000,0.000,,,,,NVIDIA A100-SXM4-40GB MIG 4g.20gb (0),1,,13,cupy_copy__complex64_complex64
15464280769,4352,290417,1,1,1,1,1,1,18,0.000,0.000,,,,,NVIDIA A100-SXM4-40GB MIG 4g.20gb (0),1,,13,cupy_copy__float32_float32
15464292481,1600,290423,,,,,,,,,,0.000,2.500,Device,Pageable,NVIDIA A100-SXM4-40GB MIG 4g.20gb (0),1,,7,[CUDA memcpy Device-to-Host]
15464452223,31008,290434,1434,1,1,128,1,1,16,0.000,0.000,,,,,NVIDIA A100-SXM4-40GB MIG 4g.20gb (0),1,,13,cupy_copy__complex64_complex64
15464594046,8896,290441,103,1,1,128,1,1,16,0.000,0.000,,,,,NVIDIA A100-SXM4-40GB MIG 4g.20gb (0),1,,13,cupy_copy__complex64_complex64
15464665277,4704,290448,35,1,1,128,1,1,16,0.000,0.000,,,,,NVIDIA A100-SXM4-40GB MIG 4g.20gb (0),1,,13,cupy_copy__complex64_complex64
15464789820,9440,290455,1,1,1,1,1,1,18,0.000,0.000,,,,,NVIDIA A100-SXM4-40GB MIG 4g.20gb (0),1,,13,cupy_copy__float32_float32
15464860635,281021,290466,1,1,1,32,32,1,30,0.000,0.000,,,,,NVIDIA A100-SXM4-40GB MIG 4g.20gb (0),1,,13,"void convert_kernel<__half2, float2>(tensor_layout_any, T1 *, tensor_layout_any, const T2 *)"
15465170615,5536,290469,,,,,,,,,,0.094,16924.777,Pinned,Device,NVIDIA A100-SXM4-40GB MIG 4g.20gb (0),1,,13,[CUDA memcpy Host-to-Device]
15465262550,6016,290470,,,,,,,,,,1.547,257084.481,Device,,NVIDIA A100-SXM4-40GB MIG 4g.20gb (0),1,,13,[CUDA memset]
15465275510,3104,290475,,,,,,,,,,0.031,10082.445,Pinned,Device,NVIDIA A100-SXM4-40GB MIG 4g.20gb (0),1,,13,[CUDA memcpy Host-to-Device]
15465281078,12512,290476,,,,,,,,,,0.197,15713.501,Pinned,Device,NVIDIA A100-SXM4-40GB MIG 4g.20gb (0),1,,13,[CUDA memcpy Host-to-Device]
15465424053,12927,290477,273,1,1,8,4,1,39,0.002,0.000,,,,,NVIDIA A100-SXM4-40GB MIG 4g.20gb (0),1,,13,"void channel_eq::eqMmseCoefCompLowMimoKernel<float, float, float, (unsigned int)4, (unsigned int)1, (unsigned int)4>(const channel_eq::_puschRxChEqStatDescr *, channel_eq::_puschRxChEqCoefCompDynDescr)"
15465589971,12384,290478,273,1,1,12,11,1,51,0.002,0.000,,,,,NVIDIA A100-SXM4-40GB MIG 4g.20gb (0),1,,13,"void channel_eq::eqMmseSoftDemapKernel<float, __half, __half, float, (unsigned int)4, (unsigned short)16383>(channel_eq::_puschRxChEqStatDescr *, channel_eq::_puschRxChEqSoftDemapDynDescr)"
15465755505,687384,290479,1,1,1,32,32,1,30,0.000,0.000,,,,,NVIDIA A100-SXM4-40GB MIG 4g.20gb (0),1,,13,"void convert_kernel<float2, __half2>(tensor_layout_any, T1 *, tensor_layout_any, const T2 *)"
15466522696,14752,290491,2253,1,1,128,1,1,16,0.000,0.000,,,,,NVIDIA A100-SXM4-40GB MIG 4g.20gb (0),1,,13,cupy_copy__float16_float16
15466701478,6240,290500,282,1,1,128,1,1,16,0.000,0.000,,,,,NVIDIA A100-SXM4-40GB MIG 4g.20gb (0),1,,13,cupy_copy__complex64_complex64
15466842725,7327,290509,26,1,1,128,1,1,16,0.000,0.000,,,,,NVIDIA A100-SXM4-40GB MIG 4g.20gb (0),1,,13,cupy_copy__float32_float32
15466970883,12448,290518,103,1,1,128,1,1,16,0.000,0.000,,,,,NVIDIA A100-SXM4-40GB MIG 4g.20gb (0),1,,13,cupy_copy__complex64_complex64
15467111521,17472,290534,1434,1,1,128,1,1,16,0.000,0.000,,,,,NVIDIA A100-SXM4-40GB MIG 4g.20gb (0),1,,13,cupy_copy__complex64_complex64
15467299039,274397,290539,1,1,1,32,32,1,30,0.000,0.000,,,,,NVIDIA A100-SXM4-40GB MIG 4g.20gb (0),1,,13,"void convert_kernel<__half2, float2>(tensor_layout_any, T1 *, tensor_layout_any, const T2 *)"
15467604220,8640,290542,,,,,,,,,,0.094,10844.375,Pinned,Device,NVIDIA A100-SXM4-40GB MIG 4g.20gb (0),1,,13,[CUDA memcpy Host-to-Device]
15467686427,630681,290543,,,,,,,,,,456.561,723649.882,Device,,NVIDIA A100-SXM4-40GB MIG 4g.20gb (0),1,,13,[CUDA memset]
15468318356,62303,290548,,,,,,,,,,1.235,19820.851,Pinned,Device,NVIDIA A100-SXM4-40GB MIG 4g.20gb (0),1,,13,[CUDA memcpy Host-to-Device]
15468383251,13152,290549,,,,,,,,,,0.197,14948.893,Pinned,Device,NVIDIA A100-SXM4-40GB MIG 4g.20gb (0),1,,13,[CUDA memcpy Host-to-Device]
15468524594,36959,290550,69,4,1,48,1,1,76,0.002,0.000,,,,,NVIDIA A100-SXM4-40GB MIG 4g.20gb (0),1,,13,"void ch_est::windowedChEstPreNoDftSOfdmKernel<float, __half, float, (unsigned int)2, (unsigned int)1, (unsigned short)4>(ch_est::puschRxChEstStatDescr_t *, ch_est::puschRxChEstDynDescr_t *)"
15468633424,11936,290551,137,2,1,24,2,1,44,0.001,0.001,,,,,NVIDIA A100-SXM4-40GB MIG 4g.20gb (0),1,,13,"void ch_est::chEstFilterNoDftSOfdmDispatchKernel<float, __half, float, (unsigned int)2>(ch_est::puschRxChEstStatDescr_t *, ch_est::puschRxChEstDynDescr_t *)"
15468795983,10975,290552,137,2,1,24,2,1,44,0.001,0.001,,,,,NVIDIA A100-SXM4-40GB MIG 4g.20gb (0),1,,13,"void ch_est::chEstFilterNoDftSOfdmDispatchKernel<float, __half, float, (unsigned int)2>(ch_est::puschRxChEstStatDescr_t *, ch_est::puschRxChEstDynDescr_t *)"
15468954573,8192,290563,103,1,1,128,1,1,16,0.000,0.000,,,,,NVIDIA A100-SXM4-40GB MIG 4g.20gb (0),1,,13,cupy_copy__complex64_complex64
15469093451,23072,290573,1434,1,1,128,1,1,16,0.000,0.000,,,,,NVIDIA A100-SXM4-40GB MIG 4g.20gb (0),1,,13,cupy_copy__complex64_complex64
15469235530,6911,290580,103,1,1,128,1,1,16,0.000,0.000,,,,,NVIDIA A100-SXM4-40GB MIG 4g.20gb (0),1,,13,cupy_copy__complex64_complex64
15469343816,276893,290587,1,1,1,32,32,1,30,0.000,0.000,,,,,NVIDIA A100-SXM4-40GB MIG 4g.20gb (0),1,,13,"void convert_kernel<__half2, float2>(tensor_layout_any, T1 *, tensor_layout_any, const T2 *)"
15469648741,6112,290590,,,,,,,,,,0.094,15329.790,Pinned,Device,NVIDIA A100-SXM4-40GB MIG 4g.20gb (0),1,,13,[CUDA memcpy Host-to-Device]
15469765636,51903,290591,,,,,,,,,,35.810,689913.919,Device,,NVIDIA A100-SXM4-40GB MIG 4g.20gb (0),1,,13,[CUDA memset]
15469823651,1856,290593,,,,,,,,,,0.000,43.103,Pinned,Device,NVIDIA A100-SXM4-40GB MIG 4g.20gb (0),1,,13,[CUDA memcpy Host-to-Device]
15469827939,10496,290594,,,,,,,,,,0.197,18731.631,Pinned,Device,NVIDIA A100-SXM4-40GB MIG 4g.20gb (0),1,,13,[CUDA memcpy Host-to-Device]
15469981185,15232,290595,273,1,1,48,1,1,40,0.000,0.001,,,,,NVIDIA A100-SXM4-40GB MIG 4g.20gb (0),1,,13,"void pusch_noise_intf_est::noiseIntfEstNoDftSOfdmKernel<float, __half, float, float, (unsigned int)2, (unsigned int)1, (unsigned char)4, (unsigned char)4>(pusch_noise_intf_est::puschRxNoiseIntfEstDynDescr)"
15470144383,7104,290606,35,1,1,128,1,1,16,0.000,0.000,,,,,NVIDIA A100-SXM4-40GB MIG 4g.20gb (0),1,,13,cupy_copy__complex64_complex64
15470298526,4800,290615,1,1,1,1,1,1,18,0.000,0.000,,,,,NVIDIA A100-SXM4-40GB MIG 4g.20gb (0),1,,13,cupy_copy__float32_float32
15470311485,2272,290621,,,,,,,,,,0.000,1.761,Device,Pageable,NVIDIA A100-SXM4-40GB MIG 4g.20gb (0),1,,7,[CUDA memcpy Device-to-Host]
15470499419,19936,290632,1434,1,1,128,1,1,16,0.000,0.000,,,,,NVIDIA A100-SXM4-40GB MIG 4g.20gb (0),1,,13,cupy_copy__complex64_complex64
15470586010,4000,290639,103,1,1,128,1,1,16,0.000,0.000,,,,,NVIDIA A100-SXM4-40GB MIG 4g.20gb (0),1,,13,cupy_copy__complex64_complex64
15470693337,6336,290646,35,1,1,128,1,1,16,0.000,0.000,,,,,NVIDIA A100-SXM4-40GB MIG 4g.20gb (0),1,,13,cupy_copy__complex64_complex64
15470865879,3456,290653,1,1,1,1,1,1,18,0.000,0.000,,,,,NVIDIA A100-SXM4-40GB MIG 4g.20gb (0),1,,13,cupy_copy__float32_float32
15470968630,243901,290664,1,1,1,32,32,1,30,0.000,0.000,,,,,NVIDIA A100-SXM4-40GB MIG 4g.20gb (0),1,,13,"void convert_kernel<__half2, float2>(tensor_layout_any, T1 *, tensor_layout_any, const T2 *)"
15471243123,5568,290667,,,,,,,,,,0.094,16827.521,Pinned,Device,NVIDIA A100-SXM4-40GB MIG 4g.20gb (0),1,,13,[CUDA memcpy Host-to-Device]
15471382193,4992,290668,,,,,,,,,,1.547,309819.720,Device,,NVIDIA A100-SXM4-40GB MIG 4g.20gb (0),1,,13,[CUDA memset]
15471391921,6752,290673,,,,,,,,,,0.031,4635.063,Pinned,Device,NVIDIA A100-SXM4-40GB MIG 4g.20gb (0),1,,13,[CUDA memcpy Host-to-Device]
15471401137,13280,290674,,,,,,,,,,0.197,14804.779,Pinned,Device,NVIDIA A100-SXM4-40GB MIG 4g.20gb (0),1,,13,[CUDA memcpy Host-to-Device]
15471550543,39552,290675,273,1,1,8,4,1,39,0.002,0.000,,,,,NVIDIA A100-SXM4-40GB MIG 4g.20gb (0),1,,13,"void channel_eq::eqMmseCoefCompLowMimoKernel<float, float, float, (unsigned int)4, (unsigned int)1, (unsigned int)4>(const channel_eq::_puschRxChEqStatDescr *, channel_eq::_puschRxChEqCoefCompDynDescr)"
15471677422,11392,290676,273,1,1,12,11,1,51,0.002,0.000,,,,,NVIDIA A100-SXM4-40GB MIG 4g.20gb (0),1,,13,"void channel_eq::eqMmseSoftDemapKernel<float, __half, __half, float, (unsigned int)4, (unsigned short)16383>(channel_eq::_puschRxChEqStatDescr *, channel_eq::_puschRxChEqSoftDemapDynDescr)"
15471836108,696152,290677,1,1,1,32,32,1,30,0.000,0.000,,,,,NVIDIA A100-SXM4-40GB MIG 4g.20gb (0),1,,13,"void convert_kernel<float2, __half2>(tensor_layout_any, T1 *, tensor_layout_any, const T2 *)"
15472612548,15295,290689,2253,1,1,128,1,1,16,0.000,0.000,,,,,NVIDIA A100-SXM4-40GB MIG 4g.20gb (0),1,,13,cupy_copy__float16_float16
15472789602,6239,290698,282,1,1,128,1,1,16,0.000,0.000,,,,,NVIDIA A100-SXM4-40GB MIG 4g.20gb (0),1,,13,cupy_copy__complex64_complex64
15472930048,6688,290707,26,1,1,128,1,1,16,0.000,0.000,,,,,NVIDIA A100-SXM4-40GB MIG 4g.20gb (0),1,,13,cupy_copy__float32_float32
15473062878,5856,290716,103,1,1,128,1,1,16,0.000,0.000,,,,,NVIDIA A100-SXM4-40GB MIG 4g.20gb (0),1,,13,cupy_copy__complex64_complex64
15473181053,20960,290726,1434,1,1,128,1,1,16,0.000,0.000,,,,,NVIDIA A100-SXM4-40GB MIG 4g.20gb (0),1,,13,cupy_copy__complex64_complex64
15473306780,274781,290731,1,1,1,32,32,1,30,0.000,0.000,,,,,NVIDIA A100-SXM4-40GB MIG 4g.20gb (0),1,,13,"void convert_kernel<__half2, float2>(tensor_layout_any, T1 *, tensor_layout_any, const T2 *)"
15473613144,9216,290734,,,,,,,,,,0.094,10166.578,Pinned,Device,NVIDIA A100-SXM4-40GB MIG 4g.20gb (0),1,,13,[CUDA memcpy Host-to-Device]
15473774070,622809,290735,,,,,,,,,,456.561,732781.111,Device,,NVIDIA A100-SXM4-40GB MIG 4g.20gb (0),1,,13,[CUDA memset]
15474401615,63392,290740,,,,,,,,,,1.235,19480.007,Pinned,Device,NVIDIA A100-SXM4-40GB MIG 4g.20gb (0),1,,13,[CUDA memcpy Host-to-Device]
15474471215,14207,290741,,,,,,,,,,0.197,13838.647,Pinned,Device,NVIDIA A100-SXM4-40GB MIG 4g.20gb (0),1,,13,[CUDA memcpy Host-to-Device]
15474623597,34431,290742,69,4,1,48,1,1,76,0.002,0.000,,,,,NVIDIA A100-SXM4-40GB MIG 4g.20gb (0),1,,13,"void ch_est::windowedChEstPreNoDftSOfdmKernel<float, __half, float, (unsigned int)2, (unsigned int)1, (unsigned short)4>(ch_est::puschRxChEstStatDescr_t *, ch_est::puschRxChEstDynDescr_t *)"
15474739148,10943,290743,137,2,1,24,2,1,44,0.001,0.001,,,,,NVIDIA A100-SXM4-40GB MIG 4g.20gb (0),1,,13,"void ch_est::chEstFilterNoDftSOfdmDispatchKernel<float, __half, float, (unsigned int)2>(ch_est::puschRxChEstStatDescr_t *, ch_est::puschRxChEstDynDescr_t *)"
15474900330,11360,290744,137,2,1,24,2,1,44,0.001,0.001,,,,,NVIDIA A100-SXM4-40GB MIG 4g.20gb (0),1,,13,"void ch_est::chEstFilterNoDftSOfdmDispatchKernel<float, __half, float, (unsigned int)2>(ch_est::puschRxChEstStatDescr_t *, ch_est::puschRxChEstDynDescr_t *)"
15475069032,7744,290755,103,1,1,128,1,1,16,0.000,0.000,,,,,NVIDIA A100-SXM4-40GB MIG 4g.20gb (0),1,,13,cupy_copy__complex64_complex64
15475227622,17952,290765,1434,1,1,128,1,1,16,0.000,0.000,,,,,NVIDIA A100-SXM4-40GB MIG 4g.20gb (0),1,,13,cupy_copy__complex64_complex64
15475400228,6176,290772,103,1,1,128,1,1,16,0.000,0.000,,,,,NVIDIA A100-SXM4-40GB MIG 4g.20gb (0),1,,13,cupy_copy__complex64_complex64
15475565154,266589,290779,1,1,1,32,32,1,30,0.000,0.000,,,,,NVIDIA A100-SXM4-40GB MIG 4g.20gb (0),1,,13,"void convert_kernel<__half2, float2>(tensor_layout_any, T1 *, tensor_layout_any, const T2 *)"
15475869727,9568,290782,,,,,,,,,,0.094,9792.637,Pinned,Device,NVIDIA A100-SXM4-40GB MIG 4g.20gb (0),1,,13,[CUDA memcpy Host-to-Device]
15476019709,62271,290783,,,,,,,,,,35.810,575035.695,Device,,NVIDIA A100-SXM4-40GB MIG 4g.20gb (0),1,,13,[CUDA memset]
15476088476,2240,290785,,,,,,,,,,0.000,35.714,Pinned,Device,NVIDIA A100-SXM4-40GB MIG 4g.20gb (0),1,,13,[CUDA memcpy Host-to-Device]
15476096892,13792,290786,,,,,,,,,,0.197,14255.063,Pinned,Device,NVIDIA A100-SXM4-40GB MIG 4g.20gb (0),1,,13,[CUDA memcpy Host-to-Device]
15476271546,15648,290787,273,1,1,48,1,1,40,0.000,0.001,,,,,NVIDIA A100-SXM4-40GB MIG 4g.20gb (0),1,,13,"void pusch_noise_intf_est::noiseIntfEstNoDftSOfdmKernel<float, __half, float, float, (unsigned int)2, (unsigned int)1, (unsigned char)4, (unsigned char)4>(pusch_noise_intf_est::puschRxNoiseIntfEstDynDescr)"
15476435032,7584,290798,35,1,1,128,1,1,16,0.000,0.000,,,,,NVIDIA A100-SXM4-40GB MIG 4g.20gb (0),1,,13,cupy_copy__complex64_complex64
15476592535,5120,290807,1,1,1,1,1,1,18,0.000,0.000,,,,,NVIDIA A100-SXM4-40GB MIG 4g.20gb (0),1,,13,cupy_copy__float32_float32
15476603863,5183,290813,,,,,,,,,,0.000,0.772,Device,Pageable,NVIDIA A100-SXM4-40GB MIG 4g.20gb (0),1,,7,[CUDA memcpy Device-to-Host]
15476754133,19456,290824,1434,1,1,128,1,1,16,0.000,0.000,,,,,NVIDIA A100-SXM4-40GB MIG 4g.20gb (0),1,,13,cupy_copy__complex64_complex64
15476930003,6912,290831,103,1,1,128,1,1,16,0.000,0.000,,,,,NVIDIA A100-SXM4-40GB MIG 4g.20gb (0),1,,13,cupy_copy__complex64_complex64
15477099249,6528,290838,35,1,1,128,1,1,16,0.000,0.000,,,,,NVIDIA A100-SXM4-40GB MIG 4g.20gb (0),1,,13,cupy_copy__complex64_complex64
15477249551,4160,290845,1,1,1,1,1,1,18,0.000,0.000,,,,,NVIDIA A100-SXM4-40GB MIG 4g.20gb (0),1,,13,cupy_copy__float32_float32
15477323438,281021,290856,1,1,1,32,32,1,30,0.000,0.000,,,,,NVIDIA A100-SXM4-40GB MIG 4g.20gb (0),1,,13,"void convert_kernel<__half2, float2>(tensor_layout_any, T1 *, tensor_layout_any, const T2 *)"
15477636235,9472,290859,,,,,,,,,,0.094,9891.862,Pinned,Device,NVIDIA A100-SXM4-40GB MIG 4g.20gb (0),1,,13,[CUDA memcpy Host-to-Device]
15477722986,6432,290860,,,,,,,,,,1.547,240456.727,Device,,NVIDIA A100-SXM4-40GB MIG 4g.20gb (0),1,,13,[CUDA memset]
15477737450,3392,290865,,,,,,,,,,0.031,9226.405,Pinned,Device,NVIDIA A100-SXM4-40GB MIG 4g.20gb (0),1,,13,[CUDA memcpy Host-to-Device]
15477743306,13920,290866,,,,,,,,,,0.197,14124.122,Pinned,Device,NVIDIA A100-SXM4-40GB MIG 4g.20gb (0),1,,13,[CUDA memcpy Host-to-Device]
15477833673,13248,290867,273,1,1,8,4,1,39,0.002,0.000,,,,,NVIDIA A100-SXM4-40GB MIG 4g.20gb (0),1,,13,"void channel_eq::eqMmseCoefCompLowMimoKernel<float, float, float, (unsigned int)4, (unsigned int)1, (unsigned int)4>(const channel_eq::_puschRxChEqStatDescr *, channel_eq::_puschRxChEqCoefCompDynDescr)"
15478018855,11295,290868,273,1,1,12,11,1,51,0.002,0.000,,,,,NVIDIA A100-SXM4-40GB MIG 4g.20gb (0),1,,13,"void channel_eq::eqMmseSoftDemapKernel<float, __half, __half, float, (unsigned int)4, (unsigned short)16383>(channel_eq::_puschRxChEqStatDescr *, channel_eq::_puschRxChEqSoftDemapDynDescr)"
15478189829,673208,290869,1,1,1,32,32,1,30,0.000,0.000,,,,,NVIDIA A100-SXM4-40GB MIG 4g.20gb (0),1,,13,"void convert_kernel<float2, __half2>(tensor_layout_any, T1 *, tensor_layout_any, const T2 *)"
15478987452,17887,290881,2253,1,1,128,1,1,16,0.000,0.000,,,,,NVIDIA A100-SXM4-40GB MIG 4g.20gb (0),1,,13,cupy_copy__float16_float16
15479113882,6848,290890,282,1,1,128,1,1,16,0.000,0.000,,,,,NVIDIA A100-SXM4-40GB MIG 4g.20gb (0),1,,13,cupy_copy__complex64_complex64
15479248537,8032,290899,26,1,1,128,1,1,16,0.000,0.000,,,,,NVIDIA A100-SXM4-40GB MIG 4g.20gb (0),1,,13,cupy_copy__float32_float32
15479377079,6080,290908,103,1,1,128,1,1,16,0.000,0.000,,,,,NVIDIA A100-SXM4-40GB MIG 4g.20gb (0),1,,13,cupy_copy__complex64_complex64
15479499062,22560,290918,1434,1,1,128,1,1,16,0.000,0.000,,,,,NVIDIA A100-SXM4-40GB MIG 4g.20gb (0),1,,13,cupy_copy__complex64_complex64
15479611029,273661,290923,1,1,1,32,32,1,30,0.000,0.000,,,,,NVIDIA A100-SXM4-40GB MIG 4g.20gb (0),1,,13,"void convert_kernel<__half2, float2>(tensor_layout_any, T1 *, tensor_layout_any, const T2 *)"
15479915185,9920,290926,,,,,,,,,,0.094,9445.119,Pinned,Device,NVIDIA A100-SXM4-40GB MIG 4g.20gb (0),1,,13,[CUDA memcpy Host-to-Device]
15480052720,632313,290927,,,,,,,,,,456.561,721823.637,Device,,NVIDIA A100-SXM4-40GB MIG 4g.20gb (0),1,,13,[CUDA memset]
15480690920,71040,290932,,,,,,,,,,1.235,17383.072,Pinned,Device,NVIDIA A100-SXM4-40GB MIG 4g.20gb (0),1,,13,[CUDA memcpy Host-to-Device]
15480765384,11136,290933,,,,,,,,,,0.197,17655.005,Pinned,Device,NVIDIA A100-SXM4-40GB MIG 4g.20gb (0),1,,13,[CUDA memcpy Host-to-Device]
15480895462,12864,290934,69,4,1,48,1,1,76,0.002,0.000,,,,,NVIDIA A100-SXM4-40GB MIG 4g.20gb (0),1,,13,"void ch_est::windowedChEstPreNoDftSOfdmKernel<float, __half, float, (unsigned int)2, (unsigned int)1, (unsigned short)4>(ch_est::puschRxChEstStatDescr_t *, ch_est::puschRxChEstDynDescr_t *)"
15481077476,11712,290935,137,2,1,24,2,1,44,0.001,0.001,,,,,NVIDIA A100-SXM4-40GB MIG 4g.20gb (0),1,,13,"void ch_est::chEstFilterNoDftSOfdmDispatchKernel<float, __half, float, (unsigned int)2>(ch_est::puschRxChEstStatDescr_t *, ch_est::puschRxChEstDynDescr_t *)"
15481252002,11488,290936,137,2,1,24,2,1,44,0.001,0.001,,,,,NVIDIA A100-SXM4-40GB MIG 4g.20gb (0),1,,13,"void ch_est::chEstFilterNoDftSOfdmDispatchKernel<float, __half, float, (unsigned int)2>(ch_est::puschRxChEstStatDescr_t *, ch_est::puschRxChEstDynDescr_t *)"
15481420256,7520,290947,103,1,1,128,1,1,16,0.000,0.000,,,,,NVIDIA A100-SXM4-40GB MIG 4g.20gb (0),1,,13,cupy_copy__complex64_complex64
15481589566,18880,290957,1434,1,1,128,1,1,16,0.000,0.000,,,,,NVIDIA A100-SXM4-40GB MIG 4g.20gb (0),1,,13,cupy_copy__complex64_complex64
15481761948,6528,290964,103,1,1,128,1,1,16,0.000,0.000,,,,,NVIDIA A100-SXM4-40GB MIG 4g.20gb (0),1,,13,cupy_copy__complex64_complex64
15481924667,270717,290971,1,1,1,32,32,1,30,0.000,0.000,,,,,NVIDIA A100-SXM4-40GB MIG 4g.20gb (0),1,,13,"void convert_kernel<__half2, float2>(tensor_layout_any, T1 *, tensor_layout_any, const T2 *)"
15482228279,5856,290974,,,,,,,,,,0.094,15999.997,Pinned,Device,NVIDIA A100-SXM4-40GB MIG 4g.20gb (0),1,,13,[CUDA memcpy Host-to-Device]
15482320982,64223,290975,,,,,,,,,,35.810,557560.454,Device,,NVIDIA A100-SXM4-40GB MIG 4g.20gb (0),1,,13,[CUDA memset]
15482393397,1856,290977,,,,,,,,,,0.000,43.103,Pinned,Device,NVIDIA A100-SXM4-40GB MIG 4g.20gb (0),1,,13,[CUDA memcpy Host-to-Device]
15482397685,12704,290978,,,,,,,,,,0.197,15475.999,Pinned,Device,NVIDIA A100-SXM4-40GB MIG 4g.20gb (0),1,,13,[CUDA memcpy Host-to-Device]
15482550484,32351,290979,273,1,1,48,1,1,40,0.000,0.001,,,,,NVIDIA A100-SXM4-40GB MIG 4g.20gb (0),1,,13,"void pusch_noise_intf_est::noiseIntfEstNoDftSOfdmKernel<float, __half, float, float, (unsigned int)2, (unsigned int)1, (unsigned char)4, (unsigned char)4>(pusch_noise_intf_est::puschRxNoiseIntfEstDynDescr)"
15482653234,7360,290990,35,1,1,128,1,1,16,0.000,0.000,,,,,NVIDIA A100-SXM4-40GB MIG 4g.20gb (0),1,,13,cupy_copy__complex64_complex64
15482815825,6207,290999,1,1,1,1,1,1,18,0.000,0.000,,,,,NVIDIA A100-SXM4-40GB MIG 4g.20gb (0),1,,13,cupy_copy__float32_float32
15482830224,5248,291005,,,,,,,,,,0.000,0.762,Device,Pageable,NVIDIA A100-SXM4-40GB MIG 4g.20gb (0),1,,7,[CUDA memcpy Device-to-Host]
15483007534,18112,291016,1434,1,1,128,1,1,16,0.000,0.000,,,,,NVIDIA A100-SXM4-40GB MIG 4g.20gb (0),1,,13,cupy_copy__complex64_complex64
15483129837,8448,291023,103,1,1,128,1,1,16,0.000,0.000,,,,,NVIDIA A100-SXM4-40GB MIG 4g.20gb (0),1,,13,cupy_copy__complex64_complex64
15483269579,11744,291030,35,1,1,128,1,1,16,0.000,0.000,,,,,NVIDIA A100-SXM4-40GB MIG 4g.20gb (0),1,,13,cupy_copy__complex64_complex64
15483396746,3776,291037,1,1,1,1,1,1,18,0.000,0.000,,,,,NVIDIA A100-SXM4-40GB MIG 4g.20gb (0),1,,13,cupy_copy__float32_float32
15483508585,278685,291048,1,1,1,32,32,1,30,0.000,0.000,,,,,NVIDIA A100-SXM4-40GB MIG 4g.20gb (0),1,,13,"void convert_kernel<__half2, float2>(tensor_layout_any, T1 *, tensor_layout_any, const T2 *)"
15483816741,13824,291051,,,,,,,,,,0.094,6777.688,Pinned,Device,NVIDIA A100-SXM4-40GB MIG 4g.20gb (0),1,,13,[CUDA memcpy Host-to-Device]
15483926148,6368,291052,,,,,,,,,,1.547,242874.100,Device,,NVIDIA A100-SXM4-40GB MIG 4g.20gb (0),1,,13,[CUDA memset]
15483937028,3584,291057,,,,,,,,,,0.031,8732.116,Pinned,Device,NVIDIA A100-SXM4-40GB MIG 4g.20gb (0),1,,13,[CUDA memcpy Host-to-Device]
15483943108,12896,291058,,,,,,,,,,0.197,15245.574,Pinned,Device,NVIDIA A100-SXM4-40GB MIG 4g.20gb (0),1,,13,[CUDA memcpy Host-to-Device]
15484091234,13088,291059,273,1,1,8,4,1,39,0.002,0.000,,,,,NVIDIA A100-SXM4-40GB MIG 4g.20gb (0),1,,13,"void channel_eq::eqMmseCoefCompLowMimoKernel<float, float, float, (unsigned int)4, (unsigned int)1, (unsigned int)4>(const channel_eq::_puschRxChEqStatDescr *, channel_eq::_puschRxChEqCoefCompDynDescr)"
15484260096,14016,291060,273,1,1,12,11,1,51,0.002,0.000,,,,,NVIDIA A100-SXM4-40GB MIG 4g.20gb (0),1,,13,"void channel_eq::eqMmseSoftDemapKernel<float, __half, __half, float, (unsigned int)4, (unsigned short)16383>(channel_eq::_puschRxChEqStatDescr *, channel_eq::_puschRxChEqSoftDemapDynDescr)"
15484429598,709336,291061,1,1,1,32,32,1,30,0.000,0.000,,,,,NVIDIA A100-SXM4-40GB MIG 4g.20gb (0),1,,13,"void convert_kernel<float2, __half2>(tensor_layout_any, T1 *, tensor_layout_any, const T2 *)"
15485214806,14815,291073,2253,1,1,128,1,1,16,0.000,0.000,,,,,NVIDIA A100-SXM4-40GB MIG 4g.20gb (0),1,,13,cupy_copy__float16_float16
15485394675,6912,291082,282,1,1,128,1,1,16,0.000,0.000,,,,,NVIDIA A100-SXM4-40GB MIG 4g.20gb (0),1,,13,cupy_copy__complex64_complex64
15485561266,8544,291091,26,1,1,128,1,1,16,0.000,0.000,,,,,NVIDIA A100-SXM4-40GB MIG 4g.20gb (0),1,,13,cupy_copy__float32_float32
15485703248,19040,291100,103,1,1,128,1,1,16,0.000,0.000,,,,,NVIDIA A100-SXM4-40GB MIG 4g.20gb (0),1,,13,cupy_copy__complex64_complex64
15485836207,30623,291110,1434,1,1,128,1,1,16,0.000,0.000,,,,,NVIDIA A100-SXM4-40GB MIG 4g.20gb (0),1,,13,cupy_copy__complex64_complex64
15485962381,276221,291115,1,1,1,32,32,1,30,0.000,0.000,,,,,NVIDIA A100-SXM4-40GB MIG 4g.20gb (0),1,,13,"void convert_kernel<__half2, float2>(tensor_layout_any, T1 *, tensor_layout_any, const T2 *)"
15486267274,5504,291118,,,,,,,,,,0.094,17023.251,Pinned,Device,NVIDIA A100-SXM4-40GB MIG 4g.20gb (0),1,,13,[CUDA memcpy Host-to-Device]
15486401320,626137,291119,,,,,,,,,,456.561,729128.620,Device,,NVIDIA A100-SXM4-40GB MIG 4g.20gb (0),1,,13,[CUDA memset]
15487035265,61887,291124,,,,,,,,,,1.235,19954.225,Pinned,Device,NVIDIA A100-SXM4-40GB MIG 4g.20gb (0),1,,13,[CUDA memcpy Host-to-Device]
15487100064,13216,291125,,,,,,,,,,0.197,14876.344,Pinned,Device,NVIDIA A100-SXM4-40GB MIG 4g.20gb (0),1,,13,[CUDA memcpy Host-to-Device]
15487251519,30143,291126,69,4,1,48,1,1,76,0.002,0.000,,,,,NVIDIA A100-SXM4-40GB MIG 4g.20gb (0),1,,13,"void ch_est::windowedChEstPreNoDftSOfdmKernel<float, __half, float, (unsigned int)2, (unsigned int)1, (unsigned short)4>(ch_est::puschRxChEstStatDescr_t *, ch_est::puschRxChEstDynDescr_t *)"
15487360957,31936,291127,137,2,1,24,2,1,44,0.001,0.001,,,,,NVIDIA A100-SXM4-40GB MIG 4g.20gb (0),1,,13,"void ch_est::chEstFilterNoDftSOfdmDispatchKernel<float, __half, float, (unsigned int)2>(ch_est::puschRxChEstStatDescr_t *, ch_est::puschRxChEstDynDescr_t *)"
15487528891,25984,291128,137,2,1,24,2,1,44,0.001,0.001,,,,,NVIDIA A100-SXM4-40GB MIG 4g.20gb (0),1,,13,"void ch_est::chEstFilterNoDftSOfdmDispatchKernel<float, __half, float, (unsigned int)2>(ch_est::puschRxChEstStatDescr_t *, ch_est::puschRxChEstDynDescr_t *)"
15487699610,9599,291139,103,1,1,128,1,1,16,0.000,0.000,,,,,NVIDIA A100-SXM4-40GB MIG 4g.20gb (0),1,,13,cupy_copy__complex64_complex64
15487834072,23680,291149,1434,1,1,128,1,1,16,0.000,0.000,,,,,NVIDIA A100-SXM4-40GB MIG 4g.20gb (0),1,,13,cupy_copy__complex64_complex64
15487955447,3968,291156,103,1,1,128,1,1,16,0.000,0.000,,,,,NVIDIA A100-SXM4-40GB MIG 4g.20gb (0),1,,13,cupy_copy__complex64_complex64
15488063093,274813,291163,1,1,1,32,32,1,30,0.000,0.000,,,,,NVIDIA A100-SXM4-40GB MIG 4g.20gb (0),1,,13,"void convert_kernel<__half2, float2>(tensor_layout_any, T1 *, tensor_layout_any, const T2 *)"
15488369202,11168,291166,,,,,,,,,,0.094,8389.634,Pinned,Device,NVIDIA A100-SXM4-40GB MIG 4g.20gb (0),1,,13,[CUDA memcpy Host-to-Device]
15488537872,51583,291167,,,,,,,,,,35.810,694211.109,Device,,NVIDIA A100-SXM4-40GB MIG 4g.20gb (0),1,,13,[CUDA memset]
15488589903,4128,291169,,,,,,,,,,0.000,19.380,Pinned,Device,NVIDIA A100-SXM4-40GB MIG 4g.20gb (0),1,,13,[CUDA memcpy Host-to-Device]
15488597775,9504,291170,,,,,,,,,,0.197,20686.701,Pinned,Device,NVIDIA A100-SXM4-40GB MIG 4g.20gb (0),1,,13,[CUDA memcpy Host-to-Device]
15488755694,16703,291171,273,1,1,48,1,1,40,0.000,0.001,,,,,NVIDIA A100-SXM4-40GB MIG 4g.20gb (0),1,,13,"void pusch_noise_intf_est::noiseIntfEstNoDftSOfdmKernel<float, __half, float, float, (unsigned int)2, (unsigned int)1, (unsigned char)4, (unsigned char)4>(pusch_noise_intf_est::puschRxNoiseIntfEstDynDescr)"
15488921932,6400,291182,35,1,1,128,1,1,16,0.000,0.000,,,,,NVIDIA A100-SXM4-40GB MIG 4g.20gb (0),1,,13,cupy_copy__complex64_complex64
15489091882,6528,291191,1,1,1,1,1,1,18,0.000,0.000,,,,,NVIDIA A100-SXM4-40GB MIG 4g.20gb (0),1,,13,cupy_copy__float32_float32
15489101610,5504,291197,,,,,,,,,,0.000,0.727,Device,Pageable,NVIDIA A100-SXM4-40GB MIG 4g.20gb (0),1,,7,[CUDA memcpy Device-to-Host]
15489271112,19616,291208,1434,1,1,128,1,1,16,0.000,0.000,,,,,NVIDIA A100-SXM4-40GB MIG 4g.20gb (0),1,,13,cupy_copy__complex64_complex64
15489352903,3840,291215,103,1,1,128,1,1,16,0.000,0.000,,,,,NVIDIA A100-SXM4-40GB MIG 4g.20gb (0),1,,13,cupy_copy__complex64_complex64
15489468934,5568,291222,35,1,1,128,1,1,16,0.000,0.000,,,,,NVIDIA A100-SXM4-40GB MIG 4g.20gb (0),1,,13,cupy_copy__complex64_complex64
15489658531,4448,291229,1,1,1,1,1,1,18,0.000,0.000,,,,,NVIDIA A100-SXM4-40GB MIG 4g.20gb (0),1,,13,cupy_copy__float32_float32
15489745922,280413,291240,1,1,1,32,32,1,30,0.000,0.000,,,,,NVIDIA A100-SXM4-40GB MIG 4g.20gb (0),1,,13,"void convert_kernel<__half2, float2>(tensor_layout_any, T1 *, tensor_layout_any, const T2 *)"
15490055231,9440,291243,,,,,,,,,,0.094,9925.405,Pinned,Device,NVIDIA A100-SXM4-40GB MIG 4g.20gb (0),1,,13,[CUDA memcpy Host-to-Device]
15490126462,5216,291244,,,,,,,,,,1.547,296514.113,Device,,NVIDIA A100-SXM4-40GB MIG 4g.20gb (0),1,,13,[CUDA memset]
15490134526,3488,291249,,,,,,,,,,0.031,8972.469,Pinned,Device,NVIDIA A100-SXM4-40GB MIG 4g.20gb (0),1,,13,[CUDA memcpy Host-to-Device]
15490144222,13568,291250,,,,,,,,,,0.197,14490.403,Pinned,Device,NVIDIA A100-SXM4-40GB MIG 4g.20gb (0),1,,13,[CUDA memcpy Host-to-Device]
15490265245,14847,291251,273,1,1,8,4,1,39,0.002,0.000,,,,,NVIDIA A100-SXM4-40GB MIG 4g.20gb (0),1,,13,"void channel_eq::eqMmseCoefCompLowMimoKernel<float, float, float, (unsigned int)4, (unsigned int)1, (unsigned int)4>(const channel_eq::_puschRxChEqStatDescr *, channel_eq::_puschRxChEqCoefCompDynDescr)"
15490432123,32735,291252,273,1,1,12,11,1,51,0.002,0.000,,,,,NVIDIA A100-SXM4-40GB MIG 4g.20gb (0),1,,13,"void channel_eq::eqMmseSoftDemapKernel<float, __half, __half, float, (unsigned int)4, (unsigned short)16383>(channel_eq::_puschRxChEqStatDescr *, channel_eq::_puschRxChEqSoftDemapDynDescr)"
15490610553,718808,291253,1,1,1,32,32,1,30,0.000,0.000,,,,,NVIDIA A100-SXM4-40GB MIG 4g.20gb (0),1,,13,"void convert_kernel<float2, __half2>(tensor_layout_any, T1 *, tensor_layout_any, const T2 *)"
15491440303,19872,291265,2253,1,1,128,1,1,16,0.000,0.000,,,,,NVIDIA A100-SXM4-40GB MIG 4g.20gb (0),1,,13,cupy_copy__float16_float16
15491567694,8000,291274,282,1,1,128,1,1,16,0.000,0.000,,,,,NVIDIA A100-SXM4-40GB MIG 4g.20gb (0),1,,13,cupy_copy__complex64_complex64
15491730092,6208,291283,26,1,1,128,1,1,16,0.000,0.000,,,,,NVIDIA A100-SXM4-40GB MIG 4g.20gb (0),1,,13,cupy_copy__float32_float32
15491875690,18336,291292,103,1,1,128,1,1,16,0.000,0.000,,,,,NVIDIA A100-SXM4-40GB MIG 4g.20gb (0),1,,13,cupy_copy__complex64_complex64
15492007209,32736,291302,1434,1,1,128,1,1,16,0.000,0.000,,,,,NVIDIA A100-SXM4-40GB MIG 4g.20gb (0),1,,13,cupy_copy__complex64_complex64
15492141191,266301,291307,1,1,1,32,32,1,30,0.000,0.000,,,,,NVIDIA A100-SXM4-40GB MIG 4g.20gb (0),1,,13,"void convert_kernel<__half2, float2>(tensor_layout_any, T1 *, tensor_layout_any, const T2 *)"
15492438852,9696,291310,,,,,,,,,,0.094,9663.337,Pinned,Device,NVIDIA A100-SXM4-40GB MIG 4g.20gb (0),1,,13,[CUDA memcpy Host-to-Device]
15492586082,618073,291311,,,,,,,,,,456.561,738259.848,Device,,NVIDIA A100-SXM4-40GB MIG 4g.20gb (0),1,,13,[CUDA memset]
15493205563,67872,291316,,,,,,,,,,1.235,18194.430,Pinned,Device,NVIDIA A100-SXM4-40GB MIG 4g.20gb (0),1,,13,[CUDA memcpy Host-to-Device]
15493276315,11360,291317,,,,,,,,,,0.197,17307.009,Pinned,Device,NVIDIA A100-SXM4-40GB MIG 4g.20gb (0),1,,13,[CUDA memcpy Host-to-Device]
15493430425,36416,291318,69,4,1,48,1,1,76,0.002,0.000,,,,,NVIDIA A100-SXM4-40GB MIG 4g.20gb (0),1,,13,"void ch_est::windowedChEstPreNoDftSOfdmKernel<float, __half, float, (unsigned int)2, (unsigned int)1, (unsigned short)4>(ch_est::puschRxChEstStatDescr_t *, ch_est::puschRxChEstDynDescr_t *)"
15493545400,12319,291319,137,2,1,24,2,1,44,0.001,0.001,,,,,NVIDIA A100-SXM4-40GB MIG 4g.20gb (0),1,,13,"void ch_est::chEstFilterNoDftSOfdmDispatchKernel<float, __half, float, (unsigned int)2>(ch_est::puschRxChEstStatDescr_t *, ch_est::puschRxChEstDynDescr_t *)"
15493706806,11360,291320,137,2,1,24,2,1,44,0.001,0.001,,,,,NVIDIA A100-SXM4-40GB MIG 4g.20gb (0),1,,13,"void ch_est::chEstFilterNoDftSOfdmDispatchKernel<float, __half, float, (unsigned int)2>(ch_est::puschRxChEstStatDescr_t *, ch_est::puschRxChEstDynDescr_t *)"
15493872212,6976,291331,103,1,1,128,1,1,16,0.000,0.000,,,,,NVIDIA A100-SXM4-40GB MIG 4g.20gb (0),1,,13,cupy_copy__complex64_complex64
15494008818,22880,291341,1434,1,1,128,1,1,16,0.000,0.000,,,,,NVIDIA A100-SXM4-40GB MIG 4g.20gb (0),1,,13,cupy_copy__complex64_complex64
15494149681,8256,291348,103,1,1,128,1,1,16,0.000,0.000,,,,,NVIDIA A100-SXM4-40GB MIG 4g.20gb (0),1,,13,cupy_copy__complex64_complex64
15494261232,272732,291355,1,1,1,32,32,1,30,0.000,0.000,,,,,NVIDIA A100-SXM4-40GB MIG 4g.20gb (0),1,,13,"void convert_kernel<__half2, float2>(tensor_layout_any, T1 *, tensor_layout_any, const T2 *)"
15494561932,5952,291358,,,,,,,,,,0.094,15741.865,Pinned,Device,NVIDIA A100-SXM4-40GB MIG 4g.20gb (0),1,,13,[CUDA memcpy Host-to-Device]
15494684299,52959,291359,,,,,,,,,,35.810,676162.909,Device,,NVIDIA A100-SXM4-40GB MIG 4g.20gb (0),1,,13,[CUDA memset]
15494743850,1920,291361,,,,,,,,,,0.000,41.667,Pinned,Device,NVIDIA A100-SXM4-40GB MIG 4g.20gb (0),1,,13,[CUDA memcpy Host-to-Device]
15494748554,10112,291362,,,,,,,,,,0.197,19442.958,Pinned,Device,NVIDIA A100-SXM4-40GB MIG 4g.20gb (0),1,,13,[CUDA memcpy Host-to-Device]
15494903176,15904,291363,273,1,1,48,1,1,40,0.000,0.001,,,,,NVIDIA A100-SXM4-40GB MIG 4g.20gb (0),1,,13,"void pusch_noise_intf_est::noiseIntfEstNoDftSOfdmKernel<float, __half, float, float, (unsigned int)2, (unsigned int)1, (unsigned char)4, (unsigned char)4>(pusch_noise_intf_est::puschRxNoiseIntfEstDynDescr)"
15495068070,8544,291374,35,1,1,128,1,1,16,0.000,0.000,,,,,NVIDIA A100-SXM4-40GB MIG 4g.20gb (0),1,,13,cupy_copy__complex64_complex64
15495217957,4448,291383,1,1,1,1,1,1,18,0.000,0.000,,,,,NVIDIA A100-SXM4-40GB MIG 4g.20gb (0),1,,13,cupy_copy__float32_float32
15495225125,5376,291389,,,,,,,,,,0.000,0.744,Device,Pageable,NVIDIA A100-SXM4-40GB MIG 4g.20gb (0),1,,7,[CUDA memcpy Device-to-Host]
15495400163,27903,291400,1434,1,1,128,1,1,16,0.000,0.000,,,,,NVIDIA A100-SXM4-40GB MIG 4g.20gb (0),1,,13,cupy_copy__complex64_complex64
15495524737,10240,291407,103,1,1,128,1,1,16,0.000,0.000,,,,,NVIDIA A100-SXM4-40GB MIG 4g.20gb (0),1,,13,cupy_copy__complex64_complex64
15495603328,4512,291414,35,1,1,128,1,1,16,0.000,0.000,,,,,NVIDIA A100-SXM4-40GB MIG 4g.20gb (0),1,,13,cupy_copy__complex64_complex64
15495760959,6304,291421,1,1,1,1,1,1,18,0.000,0.000,,,,,NVIDIA A100-SXM4-40GB MIG 4g.20gb (0),1,,13,cupy_copy__float32_float32
15495887933,282205,291432,1,1,1,32,32,1,30,0.000,0.000,,,,,NVIDIA A100-SXM4-40GB MIG 4g.20gb (0),1,,13,"void convert_kernel<__half2, float2>(tensor_layout_any, T1 *, tensor_layout_any, const T2 *)"
15496199642,12064,291435,,,,,,,,,,0.094,7766.555,Pinned,Device,NVIDIA A100-SXM4-40GB MIG 4g.20gb (0),1,,13,[CUDA memcpy Host-to-Device]
15496352696,13152,291436,,,,,,,,,,1.547,117596.009,Device,,NVIDIA A100-SXM4-40GB MIG 4g.20gb (0),1,,13,[CUDA memset]
15496367256,3072,291441,,,,,,,,,,0.031,10187.474,Pinned,Device,NVIDIA A100-SXM4-40GB MIG 4g.20gb (0),1,,13,[CUDA memcpy Host-to-Device]
15496372920,16448,291442,,,,,,,,,,0.197,11953.177,Pinned,Device,NVIDIA A100-SXM4-40GB MIG 4g.20gb (0),1,,13,[CUDA memcpy Host-to-Device]
15496548694,13216,291443,273,1,1,8,4,1,39,0.002,0.000,,,,,NVIDIA A100-SXM4-40GB MIG 4g.20gb (0),1,,13,"void channel_eq::eqMmseCoefCompLowMimoKernel<float, float, float, (unsigned int)4, (unsigned int)1, (unsigned int)4>(const channel_eq::_puschRxChEqStatDescr *, channel_eq::_puschRxChEqCoefCompDynDescr)"
15496718868,12576,291444,273,1,1,12,11,1,51,0.002,0.000,,,,,NVIDIA A100-SXM4-40GB MIG 4g.20gb (0),1,,13,"void channel_eq::eqMmseSoftDemapKernel<float, __half, __half, float, (unsigned int)4, (unsigned short)16383>(channel_eq::_puschRxChEqStatDescr *, channel_eq::_puschRxChEqSoftDemapDynDescr)"
15496885842,704920,291445,1,1,1,32,32,1,30,0.000,0.000,,,,,NVIDIA A100-SXM4-40GB MIG 4g.20gb (0),1,,13,"void convert_kernel<float2, __half2>(tensor_layout_any, T1 *, tensor_layout_any, const T2 *)"
15497673513,14272,291457,2253,1,1,128,1,1,16,0.000,0.000,,,,,NVIDIA A100-SXM4-40GB MIG 4g.20gb (0),1,,13,cupy_copy__float16_float16
15497852839,9184,291466,282,1,1,128,1,1,16,0.000,0.000,,,,,NVIDIA A100-SXM4-40GB MIG 4g.20gb (0),1,,13,cupy_copy__complex64_complex64
15498013285,6080,291475,26,1,1,128,1,1,16,0.000,0.000,,,,,NVIDIA A100-SXM4-40GB MIG 4g.20gb (0),1,,13,cupy_copy__float32_float32
15498157188,20255,291484,103,1,1,128,1,1,16,0.000,0.000,,,,,NVIDIA A100-SXM4-40GB MIG 4g.20gb (0),1,,13,cupy_copy__complex64_complex64
15498292738,28768,291494,1434,1,1,128,1,1,16,0.000,0.000,,,,,NVIDIA A100-SXM4-40GB MIG 4g.20gb (0),1,,13,cupy_copy__complex64_complex64
15498412129,287005,291499,1,1,1,32,32,1,30,0.000,0.000,,,,,NVIDIA A100-SXM4-40GB MIG 4g.20gb (0),1,,13,"void convert_kernel<__half2, float2>(tensor_layout_any, T1 *, tensor_layout_any, const T2 *)"
15498727005,5440,291502,,,,,,,,,,0.094,17223.480,Pinned,Device,NVIDIA A100-SXM4-40GB MIG 4g.20gb (0),1,,13,[CUDA memcpy Host-to-Device]
15498840572,622617,291503,,,,,,,,,,456.561,733237.673,Device,,NVIDIA A100-SXM4-40GB MIG 4g.20gb (0),1,,13,[CUDA memset]
15499469589,63967,291508,,,,,,,,,,1.235,19305.880,Pinned,Device,NVIDIA A100-SXM4-40GB MIG 4g.20gb (0),1,,13,[CUDA memcpy Host-to-Device]
15499536308,16128,291509,,,,,,,,,,0.197,12190.286,Pinned,Device,NVIDIA A100-SXM4-40GB MIG 4g.20gb (0),1,,13,[CUDA memcpy Host-to-Device]
15499687794,29568,291510,69,4,1,48,1,1,76,0.002,0.000,,,,,NVIDIA A100-SXM4-40GB MIG 4g.20gb (0),1,,13,"void ch_est::windowedChEstPreNoDftSOfdmKernel<float, __half, float, (unsigned int)2, (unsigned int)1, (unsigned short)4>(ch_est::puschRxChEstStatDescr_t *, ch_est::puschRxChEstDynDescr_t *)"
15499804049,28544,291511,137,2,1,24,2,1,44,0.001,0.001,,,,,NVIDIA A100-SXM4-40GB MIG 4g.20gb (0),1,,13,"void ch_est::chEstFilterNoDftSOfdmDispatchKernel<float, __half, float, (unsigned int)2>(ch_est::puschRxChEstStatDescr_t *, ch_est::puschRxChEstDynDescr_t *)"
15499910736,10848,291512,137,2,1,24,2,1,44,0.001,0.001,,,,,NVIDIA A100-SXM4-40GB MIG 4g.20gb (0),1,,13,"void ch_est::chEstFilterNoDftSOfdmDispatchKernel<float, __half, float, (unsigned int)2>(ch_est::puschRxChEstStatDescr_t *, ch_est::puschRxChEstDynDescr_t *)"
15500074094,7616,291523,103,1,1,128,1,1,16,0.000,0.000,,,,,NVIDIA A100-SXM4-40GB MIG 4g.20gb (0),1,,13,cupy_copy__complex64_complex64
15500233004,22016,291533,1434,1,1,128,1,1,16,0.000,0.000,,,,,NVIDIA A100-SXM4-40GB MIG 4g.20gb (0),1,,13,cupy_copy__complex64_complex64
15500380651,4320,291540,103,1,1,128,1,1,16,0.000,0.000,,,,,NVIDIA A100-SXM4-40GB MIG 4g.20gb (0),1,,13,cupy_copy__complex64_complex64
15500497257,285213,291547,1,1,1,32,32,1,30,0.000,0.000,,,,,NVIDIA A100-SXM4-40GB MIG 4g.20gb (0),1,,13,"void convert_kernel<__half2, float2>(tensor_layout_any, T1 *, tensor_layout_any, const T2 *)"
15500811430,9600,291550,,,,,,,,,,0.094,9759.938,Pinned,Device,NVIDIA A100-SXM4-40GB MIG 4g.20gb (0),1,,13,[CUDA memcpy Host-to-Device]
15500919685,57055,291551,,,,,,,,,,35.810,627604.658,Device,,NVIDIA A100-SXM4-40GB MIG 4g.20gb (0),1,,13,[CUDA memset]
15500977156,2848,291553,,,,,,,,,,0.000,28.090,Pinned,Device,NVIDIA A100-SXM4-40GB MIG 4g.20gb (0),1,,13,[CUDA memcpy Host-to-Device]
15500985156,9472,291554,,,,,,,,,,0.197,20756.693,Pinned,Device,NVIDIA A100-SXM4-40GB MIG 4g.20gb (0),1,,13,[CUDA memcpy Host-to-Device]
15501143170,16160,291555,273,1,1,48,1,1,40,0.000,0.001,,,,,NVIDIA A100-SXM4-40GB MIG 4g.20gb (0),1,,13,"void pusch_noise_intf_est::noiseIntfEstNoDftSOfdmKernel<float, __half, float, float, (unsigned int)2, (unsigned int)1, (unsigned char)4, (unsigned char)4>(pusch_noise_intf_est::puschRxNoiseIntfEstDynDescr)"
15501300736,6368,291566,35,1,1,128,1,1,16,0.000,0.000,,,,,NVIDIA A100-SXM4-40GB MIG 4g.20gb (0),1,,13,cupy_copy__complex64_complex64
15501450751,4064,291575,1,1,1,1,1,1,18,0.000,0.000,,,,,NVIDIA A100-SXM4-40GB MIG 4g.20gb (0),1,,13,cupy_copy__float32_float32
15501461214,5312,291581,,,,,,,,,,0.000,0.753,Device,Pageable,NVIDIA A100-SXM4-40GB MIG 4g.20gb (0),1,,7,[CUDA memcpy Device-to-Host]
15501631645,22591,291592,1434,1,1,128,1,1,16,0.000,0.000,,,,,NVIDIA A100-SXM4-40GB MIG 4g.20gb (0),1,,13,cupy_copy__complex64_complex64
15501770267,10144,291599,103,1,1,128,1,1,16,0.000,0.000,,,,,NVIDIA A100-SXM4-40GB MIG 4g.20gb (0),1,,13,cupy_copy__complex64_complex64
15501842778,3680,291606,35,1,1,128,1,1,16,0.000,0.000,,,,,NVIDIA A100-SXM4-40GB MIG 4g.20gb (0),1,,13,cupy_copy__complex64_complex64
15501976537,4224,291613,1,1,1,1,1,1,18,0.000,0.000,,,,,NVIDIA A100-SXM4-40GB MIG 4g.20gb (0),1,,13,cupy_copy__float32_float32
15502083127,295421,291624,1,1,1,32,32,1,30,0.000,0.000,,,,,NVIDIA A100-SXM4-40GB MIG 4g.20gb (0),1,,13,"void convert_kernel<__half2, float2>(tensor_layout_any, T1 *, tensor_layout_any, const T2 *)"
15502408308,5440,291627,,,,,,,,,,0.094,17223.480,Pinned,Device,NVIDIA A100-SXM4-40GB MIG 4g.20gb (0),1,,13,[CUDA memcpy Host-to-Device]
15502504275,6240,291628,,,,,,,,,,1.547,247855.776,Device,,NVIDIA A100-SXM4-40GB MIG 4g.20gb (0),1,,13,[CUDA memset]
15502516659,3200,291633,,,,,,,,,,0.031,9780.000,Pinned,Device,NVIDIA A100-SXM4-40GB MIG 4g.20gb (0),1,,13,[CUDA memcpy Host-to-Device]
15502526450,14048,291634,,,,,,,,,,0.197,13995.344,Pinned,Device,NVIDIA A100-SXM4-40GB MIG 4g.20gb (0),1,,13,[CUDA memcpy Host-to-Device]
15502674385,24159,291635,273,1,1,8,4,1,39,0.002,0.000,,,,,NVIDIA A100-SXM4-40GB MIG 4g.20gb (0),1,,13,"void channel_eq::eqMmseCoefCompLowMimoKernel<float, float, float, (unsigned int)4, (unsigned int)1, (unsigned int)4>(const channel_eq::_puschRxChEqStatDescr *, channel_eq::_puschRxChEqCoefCompDynDescr)"
15502785424,13727,291636,273,1,1,12,11,1,51,0.002,0.000,,,,,NVIDIA A100-SXM4-40GB MIG 4g.20gb (0),1,,13,"void channel_eq::eqMmseSoftDemapKernel<float, __half, __half, float, (unsigned int)4, (unsigned short)16383>(channel_eq::_puschRxChEqStatDescr *, channel_eq::_puschRxChEqSoftDemapDynDescr)"
15502945230,707480,291637,1,1,1,32,32,1,30,0.000,0.000,,,,,NVIDIA A100-SXM4-40GB MIG 4g.20gb (0),1,,13,"void convert_kernel<float2, __half2>(tensor_layout_any, T1 *, tensor_layout_any, const T2 *)"
15503771172,17824,291649,2253,1,1,128,1,1,16,0.000,0.000,,,,,NVIDIA A100-SXM4-40GB MIG 4g.20gb (0),1,,13,cupy_copy__float16_float16
15503896867,7584,291658,282,1,1,128,1,1,16,0.000,0.000,,,,,NVIDIA A100-SXM4-40GB MIG 4g.20gb (0),1,,13,cupy_copy__complex64_complex64
15504034785,7616,291667,26,1,1,128,1,1,16,0.000,0.000,,,,,NVIDIA A100-SXM4-40GB MIG 4g.20gb (0),1,,13,cupy_copy__float32_float32
15504161824,5600,291676,103,1,1,128,1,1,16,0.000,0.000,,,,,NVIDIA A100-SXM4-40GB MIG 4g.20gb (0),1,,13,cupy_copy__complex64_complex64
15504285375,21823,291686,1434,1,1,128,1,1,16,0.000,0.000,,,,,NVIDIA A100-SXM4-40GB MIG 4g.20gb (0),1,,13,cupy_copy__complex64_complex64
15504407165,286077,291691,1,1,1,32,32,1,30,0.000,0.000,,,,,NVIDIA A100-SXM4-40GB MIG 4g.20gb (0),1,,13,"void convert_kernel<__half2, float2>(tensor_layout_any, T1 *, tensor_layout_any, const T2 *)"
15504724378,8864,291694,,,,,,,,,,0.094,10570.314,Pinned,Device,NVIDIA A100-SXM4-40GB MIG 4g.20gb (0),1,,13,[CUDA memcpy Host-to-Device]
15504855480,638649,291695,,,,,,,,,,456.561,714518.654,Device,,NVIDIA A100-SXM4-40GB MIG 4g.20gb (0),1,,13,[CUDA memset]
15505499985,72767,291700,,,,,,,,,,1.235,16970.600,Pinned,Device,NVIDIA A100-SXM4-40GB MIG 4g.20gb (0),1,,13,[CUDA memcpy Host-to-Device]
15505575408,9952,291701,,,,,,,,,,0.197,19755.565,Pinned,Device,NVIDIA A100-SXM4-40GB MIG 4g.20gb (0),1,,13,[CUDA memcpy Host-to-Device]
15505706351,12863,291702,69,4,1,48,1,1,76,0.002,0.000,,,,,NVIDIA A100-SXM4-40GB MIG 4g.20gb (0),1,,13,"void ch_est::windowedChEstPreNoDftSOfdmKernel<float, __half, float, (unsigned int)2, (unsigned int)1, (unsigned short)4>(ch_est::puschRxChEstStatDescr_t *, ch_est::puschRxChEstDynDescr_t *)"
15505883533,12159,291703,137,2,1,24,2,1,44,0.001,0.001,,,,,NVIDIA A100-SXM4-40GB MIG 4g.20gb (0),1,,13,"void ch_est::chEstFilterNoDftSOfdmDispatchKernel<float, __half, float, (unsigned int)2>(ch_est::puschRxChEstStatDescr_t *, ch_est::puschRxChEstDynDescr_t *)"
15506044139,11424,291704,137,2,1,24,2,1,44,0.001,0.001,,,,,NVIDIA A100-SXM4-40GB MIG 4g.20gb (0),1,,13,"void ch_est::chEstFilterNoDftSOfdmDispatchKernel<float, __half, float, (unsigned int)2>(ch_est::puschRxChEstStatDescr_t *, ch_est::puschRxChEstDynDescr_t *)"
15506210281,8000,291715,103,1,1,128,1,1,16,0.000,0.000,,,,,NVIDIA A100-SXM4-40GB MIG 4g.20gb (0),1,,13,cupy_copy__complex64_complex64
15506369223,18240,291725,1434,1,1,128,1,1,16,0.000,0.000,,,,,NVIDIA A100-SXM4-40GB MIG 4g.20gb (0),1,,13,cupy_copy__complex64_complex64
15506548613,8256,291732,103,1,1,128,1,1,16,0.000,0.000,,,,,NVIDIA A100-SXM4-40GB MIG 4g.20gb (0),1,,13,cupy_copy__complex64_complex64
15506708227,266237,291739,1,1,1,32,32,1,30,0.000,0.000,,,,,NVIDIA A100-SXM4-40GB MIG 4g.20gb (0),1,,13,"void convert_kernel<__half2, float2>(tensor_layout_any, T1 *, tensor_layout_any, const T2 *)"
15507007296,5856,291742,,,,,,,,,,0.094,15999.997,Pinned,Device,NVIDIA A100-SXM4-40GB MIG 4g.20gb (0),1,,13,[CUDA memcpy Host-to-Device]
15507099999,61887,291743,,,,,,,,,,35.810,578616.687,Device,,NVIDIA A100-SXM4-40GB MIG 4g.20gb (0),1,,13,[CUDA memset]
15507163422,2720,291745,,,,,,,,,,0.000,29.412,Pinned,Device,NVIDIA A100-SXM4-40GB MIG 4g.20gb (0),1,,13,[CUDA memcpy Host-to-Device]
15507168606,9792,291746,,,,,,,,,,0.197,20078.395,Pinned,Device,NVIDIA A100-SXM4-40GB MIG 4g.20gb (0),1,,13,[CUDA memcpy Host-to-Device]
15507326364,34176,291747,273,1,1,48,1,1,40,0.000,0.001,,,,,NVIDIA A100-SXM4-40GB MIG 4g.20gb (0),1,,13,"void pusch_noise_intf_est::noiseIntfEstNoDftSOfdmKernel<float, __half, float, float, (unsigned int)2, (unsigned int)1, (unsigned char)4, (unsigned char)4>(pusch_noise_intf_est::puschRxNoiseIntfEstDynDescr)"
15507427547,6432,291758,35,1,1,128,1,1,16,0.000,0.000,,,,,NVIDIA A100-SXM4-40GB MIG 4g.20gb (0),1,,13,cupy_copy__complex64_complex64
15507592793,5248,291767,1,1,1,1,1,1,18,0.000,0.000,,,,,NVIDIA A100-SXM4-40GB MIG 4g.20gb (0),1,,13,cupy_copy__float32_float32
15507605753,1632,291773,,,,,,,,,,0.000,2.451,Device,Pageable,NVIDIA A100-SXM4-40GB MIG 4g.20gb (0),1,,7,[CUDA memcpy Device-to-Host]
15507761975,18464,291784,1434,1,1,128,1,1,16,0.000,0.000,,,,,NVIDIA A100-SXM4-40GB MIG 4g.20gb (0),1,,13,cupy_copy__complex64_complex64
15507893590,7904,291791,103,1,1,128,1,1,16,0.000,0.000,,,,,NVIDIA A100-SXM4-40GB MIG 4g.20gb (0),1,,13,cupy_copy__complex64_complex64
15508007925,4160,291798,35,1,1,128,1,1,16,0.000,0.000,,,,,NVIDIA A100-SXM4-40GB MIG 4g.20gb (0),1,,13,cupy_copy__complex64_complex64
15508128275,4608,291805,1,1,1,1,1,1,18,0.000,0.000,,,,,NVIDIA A100-SXM4-40GB MIG 4g.20gb (0),1,,13,cupy_copy__float32_float32
15508227474,298493,291816,1,1,1,32,32,1,30,0.000,0.000,,,,,NVIDIA A100-SXM4-40GB MIG 4g.20gb (0),1,,13,"void convert_kernel<__half2, float2>(tensor_layout_any, T1 *, tensor_layout_any, const T2 *)"
15508555279,5503,291819,,,,,,,,,,0.094,17026.343,Pinned,Device,NVIDIA A100-SXM4-40GB MIG 4g.20gb (0),1,,13,[CUDA memcpy Host-to-Device]
15508619598,5760,291820,,,,,,,,,,1.547,268510.939,Device,,NVIDIA A100-SXM4-40GB MIG 4g.20gb (0),1,,13,[CUDA memset]
15508625902,6464,291825,,,,,,,,,,0.031,4841.554,Pinned,Device,NVIDIA A100-SXM4-40GB MIG 4g.20gb (0),1,,13,[CUDA memcpy Host-to-Device]
15508635118,13663,291826,,,,,,,,,,0.197,14389.740,Pinned,Device,NVIDIA A100-SXM4-40GB MIG 4g.20gb (0),1,,13,[CUDA memcpy Host-to-Device]
15508787148,33632,291827,273,1,1,8,4,1,39,0.002,0.000,,,,,NVIDIA A100-SXM4-40GB MIG 4g.20gb (0),1,,13,"void channel_eq::eqMmseCoefCompLowMimoKernel<float, float, float, (unsigned int)4, (unsigned int)1, (unsigned int)4>(const channel_eq::_puschRxChEqStatDescr *, channel_eq::_puschRxChEqCoefCompDynDescr)"
15508908203,37311,291828,273,1,1,12,11,1,51,0.002,0.000,,,,,NVIDIA A100-SXM4-40GB MIG 4g.20gb (0),1,,13,"void channel_eq::eqMmseSoftDemapKernel<float, __half, __half, float, (unsigned int)4, (unsigned short)16383>(channel_eq::_puschRxChEqStatDescr *, channel_eq::_puschRxChEqSoftDemapDynDescr)"
15509032617,721144,291829,1,1,1,32,32,1,30,0.000,0.000,,,,,NVIDIA A100-SXM4-40GB MIG 4g.20gb (0),1,,13,"void convert_kernel<float2, __half2>(tensor_layout_any, T1 *, tensor_layout_any, const T2 *)"
15509830912,14240,291841,2253,1,1,128,1,1,16,0.000,0.000,,,,,NVIDIA A100-SXM4-40GB MIG 4g.20gb (0),1,,13,cupy_copy__float16_float16
15510010846,7296,291850,282,1,1,128,1,1,16,0.000,0.000,,,,,NVIDIA A100-SXM4-40GB MIG 4g.20gb (0),1,,13,cupy_copy__complex64_complex64
15510173372,6464,291859,26,1,1,128,1,1,16,0.000,0.000,,,,,NVIDIA A100-SXM4-40GB MIG 4g.20gb (0),1,,13,cupy_copy__float32_float32
15510309883,5280,291868,103,1,1,128,1,1,16,0.000,0.000,,,,,NVIDIA A100-SXM4-40GB MIG 4g.20gb (0),1,,13,cupy_copy__complex64_complex64
15510433497,26528,291878,1434,1,1,128,1,1,16,0.000,0.000,,,,,NVIDIA A100-SXM4-40GB MIG 4g.20gb (0),1,,13,cupy_copy__complex64_complex64
15510554968,282621,291883,1,1,1,32,32,1,30,0.000,0.000,,,,,NVIDIA A100-SXM4-40GB MIG 4g.20gb (0),1,,13,"void convert_kernel<__half2, float2>(tensor_layout_any, T1 *, tensor_layout_any, const T2 *)"
15510867540,10592,291886,,,,,,,,,,0.094,8845.839,Pinned,Device,NVIDIA A100-SXM4-40GB MIG 4g.20gb (0),1,,13,[CUDA memcpy Host-to-Device]
15511002739,640473,291887,,,,,,,,,,456.561,712692.408,Device,,NVIDIA A100-SXM4-40GB MIG 4g.20gb (0),1,,13,[CUDA memset]
15511649932,63711,291892,,,,,,,,,,1.235,19382.446,Pinned,Device,NVIDIA A100-SXM4-40GB MIG 4g.20gb (0),1,,13,[CUDA memcpy Host-to-Device]
15511720011,12864,291893,,,,,,,,,,0.197,15283.519,Pinned,Device,NVIDIA A100-SXM4-40GB MIG 4g.20gb (0),1,,13,[CUDA memcpy Host-to-Device]
15511855753,12864,291894,69,4,1,48,1,1,76,0.002,0.000,,,,,NVIDIA A100-SXM4-40GB MIG 4g.20gb (0),1,,13,"void ch_est::windowedChEstPreNoDftSOfdmKernel<float, __half, float, (unsigned int)2, (unsigned int)1, (unsigned short)4>(ch_est::puschRxChEstStatDescr_t *, ch_est::puschRxChEstDynDescr_t *)"
15512031559,11680,291895,137,2,1,24,2,1,44,0.001,0.001,,,,,NVIDIA A100-SXM4-40GB MIG 4g.20gb (0),1,,13,"void ch_est::chEstFilterNoDftSOfdmDispatchKernel<float, __half, float, (unsigned int)2>(ch_est::puschRxChEstStatDescr_t *, ch_est::puschRxChEstDynDescr_t *)"
15512196197,12096,291896,137,2,1,24,2,1,44,0.001,0.001,,,,,NVIDIA A100-SXM4-40GB MIG 4g.20gb (0),1,,13,"void ch_est::chEstFilterNoDftSOfdmDispatchKernel<float, __half, float, (unsigned int)2>(ch_est::puschRxChEstStatDescr_t *, ch_est::puschRxChEstDynDescr_t *)"
15512356644,9376,291907,103,1,1,128,1,1,16,0.000,0.000,,,,,NVIDIA A100-SXM4-40GB MIG 4g.20gb (0),1,,13,cupy_copy__complex64_complex64
15512497122,25184,291917,1434,1,1,128,1,1,16,0.000,0.000,,,,,NVIDIA A100-SXM4-40GB MIG 4g.20gb (0),1,,13,cupy_copy__complex64_complex64
15512634337,5791,291924,103,1,1,128,1,1,16,0.000,0.000,,,,,NVIDIA A100-SXM4-40GB MIG 4g.20gb (0),1,,13,cupy_copy__complex64_complex64
15512743391,289853,291931,1,1,1,32,32,1,30,0.000,0.000,,,,,NVIDIA A100-SXM4-40GB MIG 4g.20gb (0),1,,13,"void convert_kernel<__half2, float2>(tensor_layout_any, T1 *, tensor_layout_any, const T2 *)"
15513064508,8992,291934,,,,,,,,,,0.094,10419.838,Pinned,Device,NVIDIA A100-SXM4-40GB MIG 4g.20gb (0),1,,13,[CUDA memcpy Host-to-Device]
15513161691,52511,291935,,,,,,,,,,35.810,681928.307,Device,,NVIDIA A100-SXM4-40GB MIG 4g.20gb (0),1,,13,[CUDA memset]
15513216314,1984,291937,,,,,,,,,,0.000,40.323,Pinned,Device,NVIDIA A100-SXM4-40GB MIG 4g.20gb (0),1,,13,[CUDA memcpy Host-to-Device]
15513221114,9632,291938,,,,,,,,,,0.197,20411.843,Pinned,Device,NVIDIA A100-SXM4-40GB MIG 4g.20gb (0),1,,13,[CUDA memcpy Host-to-Device]
15513381368,15776,291939,273,1,1,48,1,1,40,0.000,0.001,,,,,NVIDIA A100-SXM4-40GB MIG 4g.20gb (0),1,,13,"void pusch_noise_intf_est::noiseIntfEstNoDftSOfdmKernel<float, __half, float, float, (unsigned int)2, (unsigned int)1, (unsigned char)4, (unsigned char)4>(pusch_noise_intf_est::puschRxNoiseIntfEstDynDescr)"
15513542326,8000,291950,35,1,1,128,1,1,16,0.000,0.000,,,,,NVIDIA A100-SXM4-40GB MIG 4g.20gb (0),1,,13,cupy_copy__complex64_complex64
15513699029,4607,291959,1,1,1,1,1,1,18,0.000,0.000,,,,,NVIDIA A100-SXM4-40GB MIG 4g.20gb (0),1,,13,cupy_copy__float32_float32
15513709396,1632,291965,,,,,,,,,,0.000,2.451,Device,Pageable,NVIDIA A100-SXM4-40GB MIG 4g.20gb (0),1,,7,[CUDA memcpy Device-to-Host]
15513861043,18496,291976,1434,1,1,128,1,1,16,0.000,0.000,,,,,NVIDIA A100-SXM4-40GB MIG 4g.20gb (0),1,,13,cupy_copy__complex64_complex64
15514036305,5856,291983,103,1,1,128,1,1,16,0.000,0.000,,,,,NVIDIA A100-SXM4-40GB MIG 4g.20gb (0),1,,13,cupy_copy__complex64_complex64
15514180847,17952,291990,35,1,1,128,1,1,16,0.000,0.000,,,,,NVIDIA A100-SXM4-40GB MIG 4g.20gb (0),1,,13,cupy_copy__complex64_complex64
15514306126,3584,291997,1,1,1,1,1,1,18,0.000,0.000,,,,,NVIDIA A100-SXM4-40GB MIG 4g.20gb (0),1,,13,cupy_copy__float32_float32
15514365389,272285,292008,1,1,1,32,32,1,30,0.000,0.000,,,,,NVIDIA A100-SXM4-40GB MIG 4g.20gb (0),1,,13,"void convert_kernel<__half2, float2>(tensor_layout_any, T1 *, tensor_layout_any, const T2 *)"
15514669610,6080,292011,,,,,,,,,,0.094,15410.462,Pinned,Device,NVIDIA A100-SXM4-40GB MIG 4g.20gb (0),1,,13,[CUDA memcpy Host-to-Device]
15514812360,4704,292012,,,,,,,,,,1.547,328789.063,Device,,NVIDIA A100-SXM4-40GB MIG 4g.20gb (0),1,,13,[CUDA memset]
15514821672,6496,292017,,,,,,,,,,0.031,4817.706,Pinned,Device,NVIDIA A100-SXM4-40GB MIG 4g.20gb (0),1,,13,[CUDA memcpy Host-to-Device]
15514833224,11584,292018,,,,,,,,,,0.197,16972.186,Pinned,Device,NVIDIA A100-SXM4-40GB MIG 4g.20gb (0),1,,13,[CUDA memcpy Host-to-Device]
15514976550,47424,292019,273,1,1,8,4,1,39,0.002,0.000,,,,,NVIDIA A100-SXM4-40GB MIG 4g.20gb (0),1,,13,"void channel_eq::eqMmseCoefCompLowMimoKernel<float, float, float, (unsigned int)4, (unsigned int)1, (unsigned int)4>(const channel_eq::_puschRxChEqStatDescr *, channel_eq::_puschRxChEqCoefCompDynDescr)"
15515090693,18688,292020,273,1,1,12,11,1,51,0.002,0.000,,,,,NVIDIA A100-SXM4-40GB MIG 4g.20gb (0),1,,13,"void channel_eq::eqMmseSoftDemapKernel<float, __half, __half, float, (unsigned int)4, (unsigned short)16383>(channel_eq::_puschRxChEqStatDescr *, channel_eq::_puschRxChEqSoftDemapDynDescr)"
15515210692,665976,292021,1,1,1,32,32,1,30,0.000,0.000,,,,,NVIDIA A100-SXM4-40GB MIG 4g.20gb (0),1,,13,"void convert_kernel<float2, __half2>(tensor_layout_any, T1 *, tensor_layout_any, const T2 *)"
15516027642,14592,292033,2253,1,1,128,1,1,16,0.000,0.000,,,,,NVIDIA A100-SXM4-40GB MIG 4g.20gb (0),1,,13,cupy_copy__float16_float16
15516207000,6688,292042,282,1,1,128,1,1,16,0.000,0.000,,,,,NVIDIA A100-SXM4-40GB MIG 4g.20gb (0),1,,13,cupy_copy__complex64_complex64
15516370934,6048,292051,26,1,1,128,1,1,16,0.000,0.000,,,,,NVIDIA A100-SXM4-40GB MIG 4g.20gb (0),1,,13,cupy_copy__float32_float32
15516507221,5408,292060,103,1,1,128,1,1,16,0.000,0.000,,,,,NVIDIA A100-SXM4-40GB MIG 4g.20gb (0),1,,13,cupy_copy__complex64_complex64
15516632115,26464,292070,1434,1,1,128,1,1,16,0.000,0.000,,,,,NVIDIA A100-SXM4-40GB MIG 4g.20gb (0),1,,13,cupy_copy__complex64_complex64
15516765138,299581,292075,1,1,1,32,32,1,30,0.000,0.000,,,,,NVIDIA A100-SXM4-40GB MIG 4g.20gb (0),1,,13,"void convert_kernel<__half2, float2>(tensor_layout_any, T1 *, tensor_layout_any, const T2 *)"
15517094510,11712,292078,,,,,,,,,,0.094,7999.952,Pinned,Device,NVIDIA A100-SXM4-40GB MIG 4g.20gb (0),1,,13,[CUDA memcpy Host-to-Device]
15517198541,640281,292079,,,,,,,,,,456.561,712692.408,Device,,NVIDIA A100-SXM4-40GB MIG 4g.20gb (0),1,,13,[CUDA memset]
15517843590,63647,292084,,,,,,,,,,1.235,19402.205,Pinned,Device,NVIDIA A100-SXM4-40GB MIG 4g.20gb (0),1,,13,[CUDA memcpy Host-to-Device]
15517910213,13728,292085,,,,,,,,,,0.197,14321.517,Pinned,Device,NVIDIA A100-SXM4-40GB MIG 4g.20gb (0),1,,13,[CUDA memcpy Host-to-Device]
15518033572,11744,292086,69,4,1,48,1,1,76,0.002,0.000,,,,,NVIDIA A100-SXM4-40GB MIG 4g.20gb (0),1,,13,"void ch_est::windowedChEstPreNoDftSOfdmKernel<float, __half, float, (unsigned int)2, (unsigned int)1, (unsigned short)4>(ch_est::puschRxChEstStatDescr_t *, ch_est::puschRxChEstDynDescr_t *)"
15518208546,27263,292087,137,2,1,24,2,1,44,0.001,0.001,,,,,NVIDIA A100-SXM4-40GB MIG 4g.20gb (0),1,,13,"void ch_est::chEstFilterNoDftSOfdmDispatchKernel<float, __half, float, (unsigned int)2>(ch_est::puschRxChEstStatDescr_t *, ch_est::puschRxChEstDynDescr_t *)"
15518315969,11167,292088,137,2,1,24,2,1,44,0.001,0.001,,,,,NVIDIA A100-SXM4-40GB MIG 4g.20gb (0),1,,13,"void ch_est::chEstFilterNoDftSOfdmDispatchKernel<float, __half, float, (unsigned int)2>(ch_est::puschRxChEstStatDescr_t *, ch_est::puschRxChEstDynDescr_t *)"
15518478783,7232,292099,103,1,1,128,1,1,16,0.000,0.000,,,,,NVIDIA A100-SXM4-40GB MIG 4g.20gb (0),1,,13,cupy_copy__complex64_complex64
15518620893,22912,292109,1434,1,1,128,1,1,16,0.000,0.000,,,,,NVIDIA A100-SXM4-40GB MIG 4g.20gb (0),1,,13,cupy_copy__complex64_complex64
15518764699,7936,292116,103,1,1,128,1,1,16,0.000,0.000,,,,,NVIDIA A100-SXM4-40GB MIG 4g.20gb (0),1,,13,cupy_copy__complex64_complex64
15518876858,287965,292123,1,1,1,32,32,1,30,0.000,0.000,,,,,NVIDIA A100-SXM4-40GB MIG 4g.20gb (0),1,,13,"void convert_kernel<__half2, float2>(tensor_layout_any, T1 *, tensor_layout_any, const T2 *)"
15519195735,8640,292126,,,,,,,,,,0.094,10844.375,Pinned,Device,NVIDIA A100-SXM4-40GB MIG 4g.20gb (0),1,,13,[CUDA memcpy Host-to-Device]
15519292406,51743,292127,,,,,,,,,,35.810,692062.514,Device,,NVIDIA A100-SXM4-40GB MIG 4g.20gb (0),1,,13,[CUDA memset]
15519349269,1856,292129,,,,,,,,,,0.000,43.103,Pinned,Device,NVIDIA A100-SXM4-40GB MIG 4g.20gb (0),1,,13,[CUDA memcpy Host-to-Device]
15519354485,10048,292130,,,,,,,,,,0.197,19566.821,Pinned,Device,NVIDIA A100-SXM4-40GB MIG 4g.20gb (0),1,,13,[CUDA memcpy Host-to-Device]
15519511923,15840,292131,273,1,1,48,1,1,40,0.000,0.001,,,,,NVIDIA A100-SXM4-40GB MIG 4g.20gb (0),1,,13,"void pusch_noise_intf_est::noiseIntfEstNoDftSOfdmKernel<float, __half, float, float, (unsigned int)2, (unsigned int)1, (unsigned char)4, (unsigned char)4>(pusch_noise_intf_est::puschRxNoiseIntfEstDynDescr)"
15519673137,7936,292142,35,1,1,128,1,1,16,0.000,0.000,,,,,NVIDIA A100-SXM4-40GB MIG 4g.20gb (0),1,,13,cupy_copy__complex64_complex64
15519827215,5152,292151,1,1,1,1,1,1,18,0.000,0.000,,,,,NVIDIA A100-SXM4-40GB MIG 4g.20gb (0),1,,13,cupy_copy__float32_float32
15519842127,1440,292157,,,,,,,,,,0.000,2.778,Device,Pageable,NVIDIA A100-SXM4-40GB MIG 4g.20gb (0),1,,7,[CUDA memcpy Device-to-Host]
15519984398,18848,292168,1434,1,1,128,1,1,16,0.000,0.000,,,,,NVIDIA A100-SXM4-40GB MIG 4g.20gb (0),1,,13,cupy_copy__complex64_complex64
15520157836,5920,292175,103,1,1,128,1,1,16,0.000,0.000,,,,,NVIDIA A100-SXM4-40GB MIG 4g.20gb (0),1,,13,cupy_copy__complex64_complex64
15520302762,13856,292182,35,1,1,128,1,1,16,0.000,0.000,,,,,NVIDIA A100-SXM4-40GB MIG 4g.20gb (0),1,,13,cupy_copy__complex64_complex64
15520432617,3712,292189,1,1,1,1,1,1,18,0.000,0.000,,,,,NVIDIA A100-SXM4-40GB MIG 4g.20gb (0),1,,13,cupy_copy__float32_float32
15520488648,277341,292200,1,1,1,32,32,1,30,0.000,0.000,,,,,NVIDIA A100-SXM4-40GB MIG 4g.20gb (0),1,,13,"void convert_kernel<__half2, float2>(tensor_layout_any, T1 *, tensor_layout_any, const T2 *)"
15520799749,6495,292203,,,,,,,,,,0.094,14425.811,Pinned,Device,NVIDIA A100-SXM4-40GB MIG 4g.20gb (0),1,,13,[CUDA memcpy Host-to-Device]
15520951107,13952,292204,,,,,,,,,,1.547,110852.729,Device,,NVIDIA A100-SXM4-40GB MIG 4g.20gb (0),1,,13,[CUDA memset]
15520970819,3968,292209,,,,,,,,,,0.031,7887.093,Pinned,Device,NVIDIA A100-SXM4-40GB MIG 4g.20gb (0),1,,13,[CUDA memcpy Host-to-Device]
15520980034,12608,292210,,,,,,,,,,0.197,15593.767,Pinned,Device,NVIDIA A100-SXM4-40GB MIG 4g.20gb (0),1,,13,[CUDA memcpy Host-to-Device]
15521141921,12608,292211,273,1,1,8,4,1,39,0.002,0.000,,,,,NVIDIA A100-SXM4-40GB MIG 4g.20gb (0),1,,13,"void channel_eq::eqMmseCoefCompLowMimoKernel<float, float, float, (unsigned int)4, (unsigned int)1, (unsigned int)4>(const channel_eq::_puschRxChEqStatDescr *, channel_eq::_puschRxChEqCoefCompDynDescr)"
15521311167,11744,292212,273,1,1,12,11,1,51,0.002,0.000,,,,,NVIDIA A100-SXM4-40GB MIG 4g.20gb (0),1,,13,"void channel_eq::eqMmseSoftDemapKernel<float, __half, __half, float, (unsigned int)4, (unsigned short)16383>(channel_eq::_puschRxChEqStatDescr *, channel_eq::_puschRxChEqSoftDemapDynDescr)"
15521475645,708792,292213,1,1,1,32,32,1,30,0.000,0.000,,,,,NVIDIA A100-SXM4-40GB MIG 4g.20gb (0),1,,13,"void convert_kernel<float2, __half2>(tensor_layout_any, T1 *, tensor_layout_any, const T2 *)"
15522309460,21023,292225,2253,1,1,128,1,1,16,0.000,0.000,,,,,NVIDIA A100-SXM4-40GB MIG 4g.20gb (0),1,,13,cupy_copy__float16_float16
15522436850,6272,292234,282,1,1,128,1,1,16,0.000,0.000,,,,,NVIDIA A100-SXM4-40GB MIG 4g.20gb (0),1,,13,cupy_copy__complex64_complex64
15522570353,9215,292243,26,1,1,128,1,1,16,0.000,0.000,,,,,NVIDIA A100-SXM4-40GB MIG 4g.20gb (0),1,,13,cupy_copy__float32_float32
15522699535,14208,292252,103,1,1,128,1,1,16,0.000,0.000,,,,,NVIDIA A100-SXM4-40GB MIG 4g.20gb (0),1,,13,cupy_copy__complex64_complex64
15522808750,31840,292262,1434,1,1,128,1,1,16,0.000,0.000,,,,,NVIDIA A100-SXM4-40GB MIG 4g.20gb (0),1,,13,cupy_copy__complex64_complex64
15522936716,285693,292267,1,1,1,32,32,1,30,0.000,0.000,,,,,NVIDIA A100-SXM4-40GB MIG 4g.20gb (0),1,,13,"void convert_kernel<__half2, float2>(tensor_layout_any, T1 *, tensor_layout_any, const T2 *)"
15523255305,9600,292270,,,,,,,,,,0.094,9759.938,Pinned,Device,NVIDIA A100-SXM4-40GB MIG 4g.20gb (0),1,,13,[CUDA memcpy Host-to-Device]
15523405543,639673,292271,,,,,,,,,,456.561,713605.531,Device,,NVIDIA A100-SXM4-40GB MIG 4g.20gb (0),1,,13,[CUDA memset]
15524048256,59743,292276,,,,,,,,,,1.235,20670.493,Pinned,Device,NVIDIA A100-SXM4-40GB MIG 4g.20gb (0),1,,13,[CUDA memcpy Host-to-Device]
15524114559,13408,292277,,,,,,,,,,0.197,14663.418,Pinned,Device,NVIDIA A100-SXM4-40GB MIG 4g.20gb (0),1,,13,[CUDA memcpy Host-to-Device]
15524262974,30303,292278,69,4,1,48,1,1,76,0.002,0.000,,,,,NVIDIA A100-SXM4-40GB MIG 4g.20gb (0),1,,13,"void ch_est::windowedChEstPreNoDftSOfdmKernel<float, __half, float, (unsigned int)2, (unsigned int)1, (unsigned short)4>(ch_est::puschRxChEstStatDescr_t *, ch_est::puschRxChEstDynDescr_t *)"
15524380252,28448,292279,137,2,1,24,2,1,44,0.001,0.001,,,,,NVIDIA A100-SXM4-40GB MIG 4g.20gb (0),1,,13,"void ch_est::chEstFilterNoDftSOfdmDispatchKernel<float, __half, float, (unsigned int)2>(ch_est::puschRxChEstStatDescr_t *, ch_est::puschRxChEstDynDescr_t *)"
15524484571,10816,292280,137,2,1,24,2,1,44,0.001,0.001,,,,,NVIDIA A100-SXM4-40GB MIG 4g.20gb (0),1,,13,"void ch_est::chEstFilterNoDftSOfdmDispatchKernel<float, __half, float, (unsigned int)2>(ch_est::puschRxChEstStatDescr_t *, ch_est::puschRxChEstDynDescr_t *)"
15524644025,7584,292291,103,1,1,128,1,1,16,0.000,0.000,,,,,NVIDIA A100-SXM4-40GB MIG 4g.20gb (0),1,,13,cupy_copy__complex64_complex64
15524800279,19424,292301,1434,1,1,128,1,1,16,0.000,0.000,,,,,NVIDIA A100-SXM4-40GB MIG 4g.20gb (0),1,,13,cupy_copy__complex64_complex64
15524979605,6208,292308,103,1,1,128,1,1,16,0.000,0.000,,,,,NVIDIA A100-SXM4-40GB MIG 4g.20gb (0),1,,13,cupy_copy__complex64_complex64
15525121652,281565,292315,1,1,1,32,32,1,30,0.000,0.000,,,,,NVIDIA A100-SXM4-40GB MIG 4g.20gb (0),1,,13,"void convert_kernel<__half2, float2>(tensor_layout_any, T1 *, tensor_layout_any, const T2 *)"
15525432368,11168,292318,,,,,,,,,,0.094,8389.634,Pinned,Device,NVIDIA A100-SXM4-40GB MIG 4g.20gb (0),1,,13,[CUDA memcpy Host-to-Device]
15525562383,61567,292319,,,,,,,,,,35.810,581624.721,Device,,NVIDIA A100-SXM4-40GB MIG 4g.20gb (0),1,,13,[CUDA memset]
15525626606,2240,292321,,,,,,,,,,0.000,35.714,Pinned,Device,NVIDIA A100-SXM4-40GB MIG 4g.20gb (0),1,,13,[CUDA memcpy Host-to-Device]
15525632718,10528,292322,,,,,,,,,,0.197,18674.614,Pinned,Device,NVIDIA A100-SXM4-40GB MIG 4g.20gb (0),1,,13,[CUDA memcpy Host-to-Device]
15525789900,31968,292323,273,1,1,48,1,1,40,0.000,0.001,,,,,NVIDIA A100-SXM4-40GB MIG 4g.20gb (0),1,,13,"void pusch_noise_intf_est::noiseIntfEstNoDftSOfdmKernel<float, __half, float, float, (unsigned int)2, (unsigned int)1, (unsigned char)4, (unsigned char)4>(pusch_noise_intf_est::puschRxNoiseIntfEstDynDescr)"
15525903755,3744,292334,35,1,1,128,1,1,16,0.000,0.000,,,,,NVIDIA A100-SXM4-40GB MIG 4g.20gb (0),1,,13,cupy_copy__complex64_complex64
15526044905,4160,292343,1,1,1,1,1,1,18,0.000,0.000,,,,,NVIDIA A100-SXM4-40GB MIG 4g.20gb (0),1,,13,cupy_copy__float32_float32
15526051113,4640,292349,,,,,,,,,,0.000,0.862,Device,Pageable,NVIDIA A100-SXM4-40GB MIG 4g.20gb (0),1,,7,[CUDA memcpy Device-to-Host]
15526207848,22239,292360,1434,1,1,128,1,1,16,0.000,0.000,,,,,NVIDIA A100-SXM4-40GB MIG 4g.20gb (0),1,,13,cupy_copy__complex64_complex64
15526339974,8800,292367,103,1,1,128,1,1,16,0.000,0.000,,,,,NVIDIA A100-SXM4-40GB MIG 4g.20gb (0),1,,13,cupy_copy__complex64_complex64
15526412613,3968,292374,35,1,1,128,1,1,16,0.000,0.000,,,,,NVIDIA A100-SXM4-40GB MIG 4g.20gb (0),1,,13,cupy_copy__complex64_complex64
15526541700,3488,292381,1,1,1,1,1,1,18,0.000,0.000,,,,,NVIDIA A100-SXM4-40GB MIG 4g.20gb (0),1,,13,cupy_copy__float32_float32
15526642179,274109,292392,1,1,1,32,32,1,30,0.000,0.000,,,,,NVIDIA A100-SXM4-40GB MIG 4g.20gb (0),1,,13,"void convert_kernel<__half2, float2>(tensor_layout_any, T1 *, tensor_layout_any, const T2 *)"
15526945983,9504,292395,,,,,,,,,,0.094,9858.506,Pinned,Device,NVIDIA A100-SXM4-40GB MIG 4g.20gb (0),1,,13,[CUDA memcpy Host-to-Device]
15527108765,4640,292396,,,,,,,,,,1.547,333323.765,Device,,NVIDIA A100-SXM4-40GB MIG 4g.20gb (0),1,,13,[CUDA memset]
15527117277,6816,292401,,,,,,,,,,0.031,4591.530,Pinned,Device,NVIDIA A100-SXM4-40GB MIG 4g.20gb (0),1,,13,[CUDA memcpy Host-to-Device]
15527130333,16064,292402,,,,,,,,,,0.197,12238.848,Pinned,Device,NVIDIA A100-SXM4-40GB MIG 4g.20gb (0),1,,13,[CUDA memcpy Host-to-Device]
15527270140,46687,292403,273,1,1,8,4,1,39,0.002,0.000,,,,,NVIDIA A100-SXM4-40GB MIG 4g.20gb (0),1,,13,"void channel_eq::eqMmseCoefCompLowMimoKernel<float, float, float, (unsigned int)4, (unsigned int)1, (unsigned int)4>(const channel_eq::_puschRxChEqStatDescr *, channel_eq::_puschRxChEqCoefCompDynDescr)"
15527388186,37536,292404,273,1,1,12,11,1,51,0.002,0.000,,,,,NVIDIA A100-SXM4-40GB MIG 4g.20gb (0),1,,13,"void channel_eq::eqMmseSoftDemapKernel<float, __half, __half, float, (unsigned int)4, (unsigned short)16383>(channel_eq::_puschRxChEqStatDescr *, channel_eq::_puschRxChEqSoftDemapDynDescr)"
15527514169,692248,292405,1,1,1,32,32,1,30,0.000,0.000,,,,,NVIDIA A100-SXM4-40GB MIG 4g.20gb (0),1,,13,"void convert_kernel<float2, __half2>(tensor_layout_any, T1 *, tensor_layout_any, const T2 *)"
15528323248,15104,292417,2253,1,1,128,1,1,16,0.000,0.000,,,,,NVIDIA A100-SXM4-40GB MIG 4g.20gb (0),1,,13,cupy_copy__float16_float16
15528502254,8544,292426,282,1,1,128,1,1,16,0.000,0.000,,,,,NVIDIA A100-SXM4-40GB MIG 4g.20gb (0),1,,13,cupy_copy__complex64_complex64
15528648748,8960,292435,26,1,1,128,1,1,16,0.000,0.000,,,,,NVIDIA A100-SXM4-40GB MIG 4g.20gb (0),1,,13,cupy_copy__float32_float32
15528778731,5216,292444,103,1,1,128,1,1,16,0.000,0.000,,,,,NVIDIA A100-SXM4-40GB MIG 4g.20gb (0),1,,13,cupy_copy__complex64_complex64
15528910857,23040,292454,1434,1,1,128,1,1,16,0.000,0.000,,,,,NVIDIA A100-SXM4-40GB MIG 4g.20gb (0),1,,13,cupy_copy__complex64_complex64
15529034024,271005,292459,1,1,1,32,32,1,30,0.000,0.000,,,,,NVIDIA A100-SXM4-40GB MIG 4g.20gb (0),1,,13,"void convert_kernel<__half2, float2>(tensor_layout_any, T1 *, tensor_layout_any, const T2 *)"
15529335268,9440,292462,,,,,,,,,,0.094,9925.405,Pinned,Device,NVIDIA A100-SXM4-40GB MIG 4g.20gb (0),1,,13,[CUDA memcpy Host-to-Device]
15529493635,621529,292463,,,,,,,,,,456.561,734150.796,Device,,NVIDIA A100-SXM4-40GB MIG 4g.20gb (0),1,,13,[CUDA memset]
15530120795,66080,292468,,,,,,,,,,1.235,18688.408,Pinned,Device,NVIDIA A100-SXM4-40GB MIG 4g.20gb (0),1,,13,[CUDA memcpy Host-to-Device]
15530189371,13760,292469,,,,,,,,,,0.197,14288.290,Pinned,Device,NVIDIA A100-SXM4-40GB MIG 4g.20gb (0),1,,13,[CUDA memcpy Host-to-Device]
15530315929,29280,292470,69,4,1,48,1,1,76,0.002,0.000,,,,,NVIDIA A100-SXM4-40GB MIG 4g.20gb (0),1,,13,"void ch_est::windowedChEstPreNoDftSOfdmKernel<float, __half, float, (unsigned int)2, (unsigned int)1, (unsigned short)4>(ch_est::puschRxChEstStatDescr_t *, ch_est::puschRxChEstDynDescr_t *)"
15530489399,23040,292471,137,2,1,24,2,1,44,0.001,0.001,,,,,NVIDIA A100-SXM4-40GB MIG 4g.20gb (0),1,,13,"void ch_est::chEstFilterNoDftSOfdmDispatchKernel<float, __half, float, (unsigned int)2>(ch_est::puschRxChEstStatDescr_t *, ch_est::puschRxChEstDynDescr_t *)"
15530625398,27616,292472,137,2,1,24,2,1,44,0.001,0.001,,,,,NVIDIA A100-SXM4-40GB MIG 4g.20gb (0),1,,13,"void ch_est::chEstFilterNoDftSOfdmDispatchKernel<float, __half, float, (unsigned int)2>(ch_est::puschRxChEstStatDescr_t *, ch_est::puschRxChEstDynDescr_t *)"
15530736885,4256,292483,103,1,1,128,1,1,16,0.000,0.000,,,,,NVIDIA A100-SXM4-40GB MIG 4g.20gb (0),1,,13,cupy_copy__complex64_complex64
15530844307,17888,292493,1434,1,1,128,1,1,16,0.000,0.000,,,,,NVIDIA A100-SXM4-40GB MIG 4g.20gb (0),1,,13,cupy_copy__complex64_complex64
15531016177,6784,292500,103,1,1,128,1,1,16,0.000,0.000,,,,,NVIDIA A100-SXM4-40GB MIG 4g.20gb (0),1,,13,cupy_copy__complex64_complex64
15531153552,280893,292507,1,1,1,32,32,1,30,0.000,0.000,,,,,NVIDIA A100-SXM4-40GB MIG 4g.20gb (0),1,,13,"void convert_kernel<__half2, float2>(tensor_layout_any, T1 *, tensor_layout_any, const T2 *)"
15531461964,9248,292510,,,,,,,,,,0.094,10131.442,Pinned,Device,NVIDIA A100-SXM4-40GB MIG 4g.20gb (0),1,,13,[CUDA memcpy Host-to-Device]
15531548363,60800,292511,,,,,,,,,,35.810,588965.754,Device,,NVIDIA A100-SXM4-40GB MIG 4g.20gb (0),1,,13,[CUDA memset]
15531615659,2464,292513,,,,,,,,,,0.000,32.468,Pinned,Device,NVIDIA A100-SXM4-40GB MIG 4g.20gb (0),1,,13,[CUDA memcpy Host-to-Device]
15531620555,12543,292514,,,,,,,,,,0.197,15674.573,Pinned,Device,NVIDIA A100-SXM4-40GB MIG 4g.20gb (0),1,,13,[CUDA memcpy Host-to-Device]
15531772297,30976,292515,273,1,1,48,1,1,40,0.000,0.001,,,,,NVIDIA A100-SXM4-40GB MIG 4g.20gb (0),1,,13,"void pusch_noise_intf_est::noiseIntfEstNoDftSOfdmKernel<float, __half, float, float, (unsigned int)2, (unsigned int)1, (unsigned char)4, (unsigned char)4>(pusch_noise_intf_est::puschRxNoiseIntfEstDynDescr)"
15531874632,6464,292526,35,1,1,128,1,1,16,0.000,0.000,,,,,NVIDIA A100-SXM4-40GB MIG 4g.20gb (0),1,,13,cupy_copy__complex64_complex64
15532040550,5248,292535,1,1,1,1,1,1,18,0.000,0.000,,,,,NVIDIA A100-SXM4-40GB MIG 4g.20gb (0),1,,13,cupy_copy__float32_float32
15532054406,1824,292541,,,,,,,,,,0.000,2.193,Device,Pageable,NVIDIA A100-SXM4-40GB MIG 4g.20gb (0),1,,7,[CUDA memcpy Device-to-Host]
15532209092,20928,292552,1434,1,1,128,1,1,16,0.000,0.000,,,,,NVIDIA A100-SXM4-40GB MIG 4g.20gb (0),1,,13,cupy_copy__complex64_complex64
15532289635,4064,292559,103,1,1,128,1,1,16,0.000,0.000,,,,,NVIDIA A100-SXM4-40GB MIG 4g.20gb (0),1,,13,cupy_copy__complex64_complex64
15532404546,4160,292566,35,1,1,128,1,1,16,0.000,0.000,,,,,NVIDIA A100-SXM4-40GB MIG 4g.20gb (0),1,,13,cupy_copy__complex64_complex64
15532546880,4832,292573,1,1,1,1,1,1,18,0.000,0.000,,,,,NVIDIA A100-SXM4-40GB MIG 4g.20gb (0),1,,13,cupy_copy__float32_float32
15532599328,281948,292584,1,1,1,32,32,1,30,0.000,0.000,,,,,NVIDIA A100-SXM4-40GB MIG 4g.20gb (0),1,,13,"void convert_kernel<__half2, float2>(tensor_layout_any, T1 *, tensor_layout_any, const T2 *)"
15532911100,12640,292587,,,,,,,,,,0.094,7412.572,Pinned,Device,NVIDIA A100-SXM4-40GB MIG 4g.20gb (0),1,,13,[CUDA memcpy Host-to-Device]
15533025787,6496,292588,,,,,,,,,,1.547,238087.299,Device,,NVIDIA A100-SXM4-40GB MIG 4g.20gb (0),1,,13,[CUDA memset]
15533033915,6752,292593,,,,,,,,,,0.031,4635.063,Pinned,Device,NVIDIA A100-SXM4-40GB MIG 4g.20gb (0),1,,13,[CUDA memcpy Host-to-Device]
15533043227,12287,292594,,,,,,,,,,0.197,16001.139,Pinned,Device,NVIDIA A100-SXM4-40GB MIG 4g.20gb (0),1,,13,[CUDA memcpy Host-to-Device]
15533195513,24512,292595,273,1,1,8,4,1,39,0.002,0.000,,,,,NVIDIA A100-SXM4-40GB MIG 4g.20gb (0),1,,13,"void channel_eq::eqMmseCoefCompLowMimoKernel<float, float, float, (unsigned int)4, (unsigned int)1, (unsigned int)4>(const channel_eq::_puschRxChEqStatDescr *, channel_eq::_puschRxChEqCoefCompDynDescr)"
15533313176,27551,292596,273,1,1,12,11,1,51,0.002,0.000,,,,,NVIDIA A100-SXM4-40GB MIG 4g.20gb (0),1,,13,"void channel_eq::eqMmseSoftDemapKernel<float, __half, __half, float, (unsigned int)4, (unsigned short)16383>(channel_eq::_puschRxChEqStatDescr *, channel_eq::_puschRxChEqSoftDemapDynDescr)"
15533492310,705848,292597,1,1,1,32,32,1,30,0.000,0.000,,,,,NVIDIA A100-SXM4-40GB MIG 4g.20gb (0),1,,13,"void convert_kernel<float2, __half2>(tensor_layout_any, T1 *, tensor_layout_any, const T2 *)"
15534339916,15232,292609,2253,1,1,128,1,1,16,0.000,0.000,,,,,NVIDIA A100-SXM4-40GB MIG 4g.20gb (0),1,,13,cupy_copy__float16_float16
15534517162,7008,292618,282,1,1,128,1,1,16,0.000,0.000,,,,,NVIDIA A100-SXM4-40GB MIG 4g.20gb (0),1,,13,cupy_copy__complex64_complex64
15534653480,8768,292627,26,1,1,128,1,1,16,0.000,0.000,,,,,NVIDIA A100-SXM4-40GB MIG 4g.20gb (0),1,,13,cupy_copy__float32_float32
15534786663,6080,292636,103,1,1,128,1,1,16,0.000,0.000,,,,,NVIDIA A100-SXM4-40GB MIG 4g.20gb (0),1,,13,cupy_copy__complex64_complex64
15534905190,25055,292646,1434,1,1,128,1,1,16,0.000,0.000,,,,,NVIDIA A100-SXM4-40GB MIG 4g.20gb (0),1,,13,cupy_copy__complex64_complex64
15535036324,279421,292651,1,1,1,32,32,1,30,0.000,0.000,,,,,NVIDIA A100-SXM4-40GB MIG 4g.20gb (0),1,,13,"void convert_kernel<__half2, float2>(tensor_layout_any, T1 *, tensor_layout_any, const T2 *)"
15535346625,6688,292654,,,,,,,,,,0.094,14009.520,Pinned,Device,NVIDIA A100-SXM4-40GB MIG 4g.20gb (0),1,,13,[CUDA memcpy Host-to-Device]
15535508287,619801,292655,,,,,,,,,,456.561,736433.603,Device,,NVIDIA A100-SXM4-40GB MIG 4g.20gb (0),1,,13,[CUDA memset]
15536134520,55967,292660,,,,,,,,,,1.235,22064.744,Pinned,Device,NVIDIA A100-SXM4-40GB MIG 4g.20gb (0),1,,13,[CUDA memcpy Host-to-Device]
15536193207,12992,292661,,,,,,,,,,0.197,15132.918,Pinned,Device,NVIDIA A100-SXM4-40GB MIG 4g.20gb (0),1,,13,[CUDA memcpy Host-to-Device]
15536287734,13120,292662,69,4,1,48,1,1,76,0.002,0.000,,,,,NVIDIA A100-SXM4-40GB MIG 4g.20gb (0),1,,13,"void ch_est::windowedChEstPreNoDftSOfdmKernel<float, __half, float, (unsigned int)2, (unsigned int)1, (unsigned short)4>(ch_est::puschRxChEstStatDescr_t *, ch_est::puschRxChEstDynDescr_t *)"
15536465556,12416,292663,137,2,1,24,2,1,44,0.001,0.001,,,,,NVIDIA A100-SXM4-40GB MIG 4g.20gb (0),1,,13,"void ch_est::chEstFilterNoDftSOfdmDispatchKernel<float, __half, float, (unsigned int)2>(ch_est::puschRxChEstStatDescr_t *, ch_est::puschRxChEstDynDescr_t *)"
15536627666,11168,292664,137,2,1,24,2,1,44,0.001,0.001,,,,,NVIDIA A100-SXM4-40GB MIG 4g.20gb (0),1,,13,"void ch_est::chEstFilterNoDftSOfdmDispatchKernel<float, __half, float, (unsigned int)2>(ch_est::puschRxChEstStatDescr_t *, ch_est::puschRxChEstDynDescr_t *)"
15536790576,6656,292675,103,1,1,128,1,1,16,0.000,0.000,,,,,NVIDIA A100-SXM4-40GB MIG 4g.20gb (0),1,,13,cupy_copy__complex64_complex64
15536952911,17919,292685,1434,1,1,128,1,1,16,0.000,0.000,,,,,NVIDIA A100-SXM4-40GB MIG 4g.20gb (0),1,,13,cupy_copy__complex64_complex64
15537127437,6079,292692,103,1,1,128,1,1,16,0.000,0.000,,,,,NVIDIA A100-SXM4-40GB MIG 4g.20gb (0),1,,13,cupy_copy__complex64_complex64
15537288171,271197,292699,1,1,1,32,32,1,30,0.000,0.000,,,,,NVIDIA A100-SXM4-40GB MIG 4g.20gb (0),1,,13,"void convert_kernel<__half2, float2>(tensor_layout_any, T1 *, tensor_layout_any, const T2 *)"
15537589383,10240,292702,,,,,,,,,,0.094,9149.977,Pinned,Device,NVIDIA A100-SXM4-40GB MIG 4g.20gb (0),1,,13,[CUDA memcpy Host-to-Device]
15537745254,62015,292703,,,,,,,,,,35.810,577434.960,Device,,NVIDIA A100-SXM4-40GB MIG 4g.20gb (0),1,,13,[CUDA memset]
15537809349,2368,292705,,,,,,,,,,0.000,33.784,Pinned,Device,NVIDIA A100-SXM4-40GB MIG 4g.20gb (0),1,,13,[CUDA memcpy Host-to-Device]
15537814277,12544,292706,,,,,,,,,,0.197,15673.393,Pinned,Device,NVIDIA A100-SXM4-40GB MIG 4g.20gb (0),1,,13,[CUDA memcpy Host-to-Device]
15537993379,15840,292707,273,1,1,48,1,1,40,0.000,0.001,,,,,NVIDIA A100-SXM4-40GB MIG 4g.20gb (0),1,,13,"void pusch_noise_intf_est::noiseIntfEstNoDftSOfdmKernel<float, __half, float, float, (unsigned int)2, (unsigned int)1, (unsigned char)4, (unsigned char)4>(pusch_noise_intf_est::puschRxNoiseIntfEstDynDescr)"
15538153921,6784,292718,35,1,1,128,1,1,16,0.000,0.000,,,,,NVIDIA A100-SXM4-40GB MIG 4g.20gb (0),1,,13,cupy_copy__complex64_complex64
15538316639,5248,292727,1,1,1,1,1,1,18,0.000,0.000,,,,,NVIDIA A100-SXM4-40GB MIG 4g.20gb (0),1,,13,cupy_copy__float32_float32
15538330079,1824,292733,,,,,,,,,,0.000,2.193,Device,Pageable,NVIDIA A100-SXM4-40GB MIG 4g.20gb (0),1,,7,[CUDA memcpy Device-to-Host]
15538478077,22816,292744,1434,1,1,128,1,1,16,0.000,0.000,,,,,NVIDIA A100-SXM4-40GB MIG 4g.20gb (0),1,,13,cupy_copy__complex64_complex64
15538601436,9216,292751,103,1,1,128,1,1,16,0.000,0.000,,,,,NVIDIA A100-SXM4-40GB MIG 4g.20gb (0),1,,13,cupy_copy__complex64_complex64
15538674939,4128,292758,35,1,1,128,1,1,16,0.000,0.000,,,,,NVIDIA A100-SXM4-40GB MIG 4g.20gb (0),1,,13,cupy_copy__complex64_complex64
15538792154,5504,292765,1,1,1,1,1,1,18,0.000,0.000,,,,,NVIDIA A100-SXM4-40GB MIG 4g.20gb (0),1,,13,cupy_copy__float32_float32
15538894745,284316,292776,1,1,1,32,32,1,30,0.000,0.000,,,,,NVIDIA A100-SXM4-40GB MIG 4g.20gb (0),1,,13,"void convert_kernel<__half2, float2>(tensor_layout_any, T1 *, tensor_layout_any, const T2 *)"
15539208533,8192,292779,,,,,,,,,,0.094,11437.471,Pinned,Device,NVIDIA A100-SXM4-40GB MIG 4g.20gb (0),1,,13,[CUDA memcpy Host-to-Device]
15539311508,7008,292780,,,,,,,,,,1.547,220693.965,Device,,NVIDIA A100-SXM4-40GB MIG 4g.20gb (0),1,,13,[CUDA memset]
15539324276,3104,292785,,,,,,,,,,0.031,10082.445,Pinned,Device,NVIDIA A100-SXM4-40GB MIG 4g.20gb (0),1,,13,[CUDA memcpy Host-to-Device]
15539329844,11360,292786,,,,,,,,,,0.197,17307.009,Pinned,Device,NVIDIA A100-SXM4-40GB MIG 4g.20gb (0),1,,13,[CUDA memcpy Host-to-Device]
15539482706,42112,292787,273,1,1,8,4,1,39,0.002,0.000,,,,,NVIDIA A100-SXM4-40GB MIG 4g.20gb (0),1,,13,"void channel_eq::eqMmseCoefCompLowMimoKernel<float, float, float, (unsigned int)4, (unsigned int)1, (unsigned int)4>(const channel_eq::_puschRxChEqStatDescr *, channel_eq::_puschRxChEqCoefCompDynDescr)"
15539620400,15808,292788,273,1,1,12,11,1,51,0.002,0.000,,,,,NVIDIA A100-SXM4-40GB MIG 4g.20gb (0),1,,13,"void channel_eq::eqMmseSoftDemapKernel<float, __half, __half, float, (unsigned int)4, (unsigned short)16383>(channel_eq::_puschRxChEqStatDescr *, channel_eq::_puschRxChEqSoftDemapDynDescr)"
15539785711,699512,292789,1,1,1,32,32,1,30,0.000,0.000,,,,,NVIDIA A100-SXM4-40GB MIG 4g.20gb (0),1,,13,"void convert_kernel<float2, __half2>(tensor_layout_any, T1 *, tensor_layout_any, const T2 *)"
15540583654,14847,292801,2253,1,1,128,1,1,16,0.000,0.000,,,,,NVIDIA A100-SXM4-40GB MIG 4g.20gb (0),1,,13,cupy_copy__float16_float16
15540762628,7264,292810,282,1,1,128,1,1,16,0.000,0.000,,,,,NVIDIA A100-SXM4-40GB MIG 4g.20gb (0),1,,13,cupy_copy__complex64_complex64
15540924642,6176,292819,26,1,1,128,1,1,16,0.000,0.000,,,,,NVIDIA A100-SXM4-40GB MIG 4g.20gb (0),1,,13,cupy_copy__float32_float32
15541057088,18688,292828,103,1,1,128,1,1,16,0.000,0.000,,,,,NVIDIA A100-SXM4-40GB MIG 4g.20gb (0),1,,13,cupy_copy__complex64_complex64
15541185183,30047,292838,1434,1,1,128,1,1,16,0.000,0.000,,,,,NVIDIA A100-SXM4-40GB MIG 4g.20gb (0),1,,13,cupy_copy__complex64_complex64
15541308541,280413,292843,1,1,1,32,32,1,30,0.000,0.000,,,,,NVIDIA A100-SXM4-40GB MIG 4g.20gb (0),1,,13,"void convert_kernel<__half2, float2>(tensor_layout_any, T1 *, tensor_layout_any, const T2 *)"
15541618394,6624,292846,,,,,,,,,,0.094,14144.910,Pinned,Device,NVIDIA A100-SXM4-40GB MIG 4g.20gb (0),1,,13,[CUDA memcpy Host-to-Device]
15541762584,612729,292847,,,,,,,,,,456.561,745108.270,Device,,NVIDIA A100-SXM4-40GB MIG 4g.20gb (0),1,,13,[CUDA memset]
15542375921,62016,292852,,,,,,,,,,1.235,19912.237,Pinned,Device,NVIDIA A100-SXM4-40GB MIG 4g.20gb (0),1,,13,[CUDA memcpy Host-to-Device]
15542440497,10176,292853,,,,,,,,,,0.197,19320.668,Pinned,Device,NVIDIA A100-SXM4-40GB MIG 4g.20gb (0),1,,13,[CUDA memcpy Host-to-Device]
15542539152,12607,292854,69,4,1,48,1,1,76,0.002,0.000,,,,,NVIDIA A100-SXM4-40GB MIG 4g.20gb (0),1,,13,"void ch_est::windowedChEstPreNoDftSOfdmKernel<float, __half, float, (unsigned int)2, (unsigned int)1, (unsigned short)4>(ch_est::puschRxChEstStatDescr_t *, ch_est::puschRxChEstDynDescr_t *)"
15542719374,11807,292855,137,2,1,24,2,1,44,0.001,0.001,,,,,NVIDIA A100-SXM4-40GB MIG 4g.20gb (0),1,,13,"void ch_est::chEstFilterNoDftSOfdmDispatchKernel<float, __half, float, (unsigned int)2>(ch_est::puschRxChEstStatDescr_t *, ch_est::puschRxChEstDynDescr_t *)"
15542881388,11008,292856,137,2,1,24,2,1,44,0.001,0.001,,,,,NVIDIA A100-SXM4-40GB MIG 4g.20gb (0),1,,13,"void ch_est::chEstFilterNoDftSOfdmDispatchKernel<float, __half, float, (unsigned int)2>(ch_est::puschRxChEstStatDescr_t *, ch_est::puschRxChEstDynDescr_t *)"
15543042154,6048,292867,103,1,1,128,1,1,16,0.000,0.000,,,,,NVIDIA A100-SXM4-40GB MIG 4g.20gb (0),1,,13,cupy_copy__complex64_complex64
15543198152,17600,292877,1434,1,1,128,1,1,16,0.000,0.000,,,,,NVIDIA A100-SXM4-40GB MIG 4g.20gb (0),1,,13,cupy_copy__complex64_complex64
15543373766,7168,292884,103,1,1,128,1,1,16,0.000,0.000,,,,,NVIDIA A100-SXM4-40GB MIG 4g.20gb (0),1,,13,cupy_copy__complex64_complex64
15543514309,276156,292891,1,1,1,32,32,1,30,0.000,0.000,,,,,NVIDIA A100-SXM4-40GB MIG 4g.20gb (0),1,,13,"void convert_kernel<__half2, float2>(tensor_layout_any, T1 *, tensor_layout_any, const T2 *)"
15543818497,5824,292894,,,,,,,,,,0.094,16087.884,Pinned,Device,NVIDIA A100-SXM4-40GB MIG 4g.20gb (0),1,,13,[CUDA memcpy Host-to-Device]
15543959712,64895,292895,,,,,,,,,,35.810,551795.057,Device,,NVIDIA A100-SXM4-40GB MIG 4g.20gb (0),1,,13,[CUDA memset]
15544027743,1856,292897,,,,,,,,,,0.000,43.103,Pinned,Device,NVIDIA A100-SXM4-40GB MIG 4g.20gb (0),1,,13,[CUDA memcpy Host-to-Device]
15544033791,13600,292898,,,,,,,,,,0.197,14456.390,Pinned,Device,NVIDIA A100-SXM4-40GB MIG 4g.20gb (0),1,,13,[CUDA memcpy Host-to-Device]
15544190813,31936,292899,273,1,1,48,1,1,40,0.000,0.001,,,,,NVIDIA A100-SXM4-40GB MIG 4g.20gb (0),1,,13,"void pusch_noise_intf_est::noiseIntfEstNoDftSOfdmKernel<float, __half, float, float, (unsigned int)2, (unsigned int)1, (unsigned char)4, (unsigned char)4>(pusch_noise_intf_est::puschRxNoiseIntfEstDynDescr)"
15544302940,4128,292910,35,1,1,128,1,1,16,0.000,0.000,,,,,NVIDIA A100-SXM4-40GB MIG 4g.20gb (0),1,,13,cupy_copy__complex64_complex64
15544421146,5504,292919,1,1,1,1,1,1,18,0.000,0.000,,,,,NVIDIA A100-SXM4-40GB MIG 4g.20gb (0),1,,13,cupy_copy__float32_float32
15544431002,5568,292925,,,,,,,,,,0.000,0.718,Device,Pageable,NVIDIA A100-SXM4-40GB MIG 4g.20gb (0),1,,7,[CUDA memcpy Device-to-Host]
15544588312,22528,292936,1434,1,1,128,1,1,16,0.000,0.000,,,,,NVIDIA A100-SXM4-40GB MIG 4g.20gb (0),1,,13,cupy_copy__complex64_complex64
15544674072,4159,292943,103,1,1,128,1,1,16,0.000,0.000,,,,,NVIDIA A100-SXM4-40GB MIG 4g.20gb (0),1,,13,cupy_copy__complex64_complex64
15544786134,5504,292950,35,1,1,128,1,1,16,0.000,0.000,,,,,NVIDIA A100-SXM4-40GB MIG 4g.20gb (0),1,,13,cupy_copy__complex64_complex64
15544887061,3552,292957,1,1,1,1,1,1,18,0.000,0.000,,,,,NVIDIA A100-SXM4-40GB MIG 4g.20gb (0),1,,13,cupy_copy__float32_float32
15544972564,274205,292968,1,1,1,32,32,1,30,0.000,0.000,,,,,NVIDIA A100-SXM4-40GB MIG 4g.20gb (0),1,,13,"void convert_kernel<__half2, float2>(tensor_layout_any, T1 *, tensor_layout_any, const T2 *)"
15545277137,5728,292971,,,,,,,,,,0.094,16357.541,Pinned,Device,NVIDIA A100-SXM4-40GB MIG 4g.20gb (0),1,,13,[CUDA memcpy Host-to-Device]
15545378960,7135,292972,,,,,,,,,,1.547,216765.540,Device,,NVIDIA A100-SXM4-40GB MIG 4g.20gb (0),1,,13,[CUDA memset]
15545386479,6752,292977,,,,,,,,,,0.031,4635.063,Pinned,Device,NVIDIA A100-SXM4-40GB MIG 4g.20gb (0),1,,13,[CUDA memcpy Host-to-Device]
15545395855,11072,292978,,,,,,,,,,0.197,17757.045,Pinned,Device,NVIDIA A100-SXM4-40GB MIG 4g.20gb (0),1,,13,[CUDA memcpy Host-to-Device]
15545534766,20416,292979,273,1,1,8,4,1,39,0.002,0.000,,,,,NVIDIA A100-SXM4-40GB MIG 4g.20gb (0),1,,13,"void channel_eq::eqMmseCoefCompLowMimoKernel<float, float, float, (unsigned int)4, (unsigned int)1, (unsigned int)4>(const channel_eq::_puschRxChEqStatDescr *, channel_eq::_puschRxChEqCoefCompDynDescr)"
15545726892,30591,292980,273,1,1,12,11,1,51,0.002,0.000,,,,,NVIDIA A100-SXM4-40GB MIG 4g.20gb (0),1,,13,"void channel_eq::eqMmseSoftDemapKernel<float, __half, __half, float, (unsigned int)4, (unsigned short)16383>(channel_eq::_puschRxChEqStatDescr *, channel_eq::_puschRxChEqSoftDemapDynDescr)"
15545905866,732535,292981,1,1,1,32,32,1,30,0.000,0.000,,,,,NVIDIA A100-SXM4-40GB MIG 4g.20gb (0),1,,13,"void convert_kernel<float2, __half2>(tensor_layout_any, T1 *, tensor_layout_any, const T2 *)"
15546714753,14303,292993,2253,1,1,128,1,1,16,0.000,0.000,,,,,NVIDIA A100-SXM4-40GB MIG 4g.20gb (0),1,,13,cupy_copy__float16_float16
15546893822,6880,293002,282,1,1,128,1,1,16,0.000,0.000,,,,,NVIDIA A100-SXM4-40GB MIG 4g.20gb (0),1,,13,cupy_copy__complex64_complex64
15547034237,6432,293011,26,1,1,128,1,1,16,0.000,0.000,,,,,NVIDIA A100-SXM4-40GB MIG 4g.20gb (0),1,,13,cupy_copy__float32_float32
15547159548,5823,293020,103,1,1,128,1,1,16,0.000,0.000,,,,,NVIDIA A100-SXM4-40GB MIG 4g.20gb (0),1,,13,cupy_copy__complex64_complex64
15547276314,20768,293030,1434,1,1,128,1,1,16,0.000,0.000,,,,,NVIDIA A100-SXM4-40GB MIG 4g.20gb (0),1,,13,cupy_copy__complex64_complex64
15547401241,264861,293035,1,1,1,32,32,1,30,0.000,0.000,,,,,NVIDIA A100-SXM4-40GB MIG 4g.20gb (0),1,,13,"void convert_kernel<__half2, float2>(tensor_layout_any, T1 *, tensor_layout_any, const T2 *)"
15547698645,6080,293038,,,,,,,,,,0.094,15410.462,Pinned,Device,NVIDIA A100-SXM4-40GB MIG 4g.20gb (0),1,,13,[CUDA memcpy Host-to-Device]
15547815124,623769,293039,,,,,,,,,,456.561,731867.988,Device,,NVIDIA A100-SXM4-40GB MIG 4g.20gb (0),1,,13,[CUDA memset]
15548447469,65439,293044,,,,,,,,,,1.235,18871.179,Pinned,Device,NVIDIA A100-SXM4-40GB MIG 4g.20gb (0),1,,13,[CUDA memcpy Host-to-Device]
15548519852,10208,293045,,,,,,,,,,0.197,19260.113,Pinned,Device,NVIDIA A100-SXM4-40GB MIG 4g.20gb (0),1,,13,[CUDA memcpy Host-to-Device]
15548652875,12128,293046,69,4,1,48,1,1,76,0.002,0.000,,,,,NVIDIA A100-SXM4-40GB MIG 4g.20gb (0),1,,13,"void ch_est::windowedChEstPreNoDftSOfdmKernel<float, __half, float, (unsigned int)2, (unsigned int)1, (unsigned short)4>(ch_est::puschRxChEstStatDescr_t *, ch_est::puschRxChEstDynDescr_t *)"
15548832457,10688,293047,137,2,1,24,2,1,44,0.001,0.001,,,,,NVIDIA A100-SXM4-40GB MIG 4g.20gb (0),1,,13,"void ch_est::chEstFilterNoDftSOfdmDispatchKernel<float, __half, float, (unsigned int)2>(ch_est::puschRxChEstStatDescr_t *, ch_est::puschRxChEstDynDescr_t *)"
15548993671,10880,293048,137,2,1,24,2,1,44,0.001,0.001,,,,,NVIDIA A100-SXM4-40GB MIG 4g.20gb (0),1,,13,"void ch_est::chEstFilterNoDftSOfdmDispatchKernel<float, __half, float, (unsigned int)2>(ch_est::puschRxChEstStatDescr_t *, ch_est::puschRxChEstDynDescr_t *)"
15549152869,7584,293059,103,1,1,128,1,1,16,0.000,0.000,,,,,NVIDIA A100-SXM4-40GB MIG 4g.20gb (0),1,,13,cupy_copy__complex64_complex64
15549311843,18688,293069,1434,1,1,128,1,1,16,0.000,0.000,,,,,NVIDIA A100-SXM4-40GB MIG 4g.20gb (0),1,,13,cupy_copy__complex64_complex64
15549486113,6496,293076,103,1,1,128,1,1,16,0.000,0.000,,,,,NVIDIA A100-SXM4-40GB MIG 4g.20gb (0),1,,13,cupy_copy__complex64_complex64
15549649279,280445,293083,1,1,1,32,32,1,30,0.000,0.000,,,,,NVIDIA A100-SXM4-40GB MIG 4g.20gb (0),1,,13,"void convert_kernel<__half2, float2>(tensor_layout_any, T1 *, tensor_layout_any, const T2 *)"
15549960028,6720,293086,,,,,,,,,,0.094,13942.808,Pinned,Device,NVIDIA A100-SXM4-40GB MIG 4g.20gb (0),1,,13,[CUDA memcpy Host-to-Device]
15550105722,65952,293087,,,,,,,,,,35.810,542950.007,Device,,NVIDIA A100-SXM4-40GB MIG 4g.20gb (0),1,,13,[CUDA memset]
15550178521,6880,293089,,,,,,,,,,0.000,11.628,Pinned,Device,NVIDIA A100-SXM4-40GB MIG 4g.20gb (0),1,,13,[CUDA memcpy Host-to-Device]
15550192825,12512,293090,,,,,,,,,,0.197,15713.501,Pinned,Device,NVIDIA A100-SXM4-40GB MIG 4g.20gb (0),1,,13,[CUDA memcpy Host-to-Device]
15550361367,16256,293091,273,1,1,48,1,1,40,0.000,0.001,,,,,NVIDIA A100-SXM4-40GB MIG 4g.20gb (0),1,,13,"void pusch_noise_intf_est::noiseIntfEstNoDftSOfdmKernel<float, __half, float, float, (unsigned int)2, (unsigned int)1, (unsigned char)4, (unsigned char)4>(pusch_noise_intf_est::puschRxNoiseIntfEstDynDescr)"
15550520854,7424,293102,35,1,1,128,1,1,16,0.000,0.000,,,,,NVIDIA A100-SXM4-40GB MIG 4g.20gb (0),1,,13,cupy_copy__complex64_complex64
15550680916,6016,293111,1,1,1,1,1,1,18,0.000,0.000,,,,,NVIDIA A100-SXM4-40GB MIG 4g.20gb (0),1,,13,cupy_copy__float32_float32
15550695156,1792,293117,,,,,,,,,,0.000,2.232,Device,Pageable,NVIDIA A100-SXM4-40GB MIG 4g.20gb (0),1,,7,[CUDA memcpy Device-to-Host]
15550854002,25440,293128,1434,1,1,128,1,1,16,0.000,0.000,,,,,NVIDIA A100-SXM4-40GB MIG 4g.20gb (0),1,,13,cupy_copy__complex64_complex64
15550980656,8512,293135,103,1,1,128,1,1,16,0.000,0.000,,,,,NVIDIA A100-SXM4-40GB MIG 4g.20gb (0),1,,13,cupy_copy__complex64_complex64
15551056752,4320,293142,35,1,1,128,1,1,16,0.000,0.000,,,,,NVIDIA A100-SXM4-40GB MIG 4g.20gb (0),1,,13,cupy_copy__complex64_complex64
15551207886,5376,293149,1,1,1,1,1,1,18,0.000,0.000,,,,,NVIDIA A100-SXM4-40GB MIG 4g.20gb (0),1,,13,cupy_copy__float32_float32
15551330541,274972,293160,1,1,1,32,32,1,30,0.000,0.000,,,,,NVIDIA A100-SXM4-40GB MIG 4g.20gb (0),1,,13,"void convert_kernel<__half2, float2>(tensor_layout_any, T1 *, tensor_layout_any, const T2 *)"
15551637161,10208,293163,,,,,,,,,,0.094,9178.648,Pinned,Device,NVIDIA A100-SXM4-40GB MIG 4g.20gb (0),1,,13,[CUDA memcpy Host-to-Device]
15551793703,4960,293164,,,,,,,,,,1.547,311817.958,Device,,NVIDIA A100-SXM4-40GB MIG 4g.20gb (0),1,,13,[CUDA memset]
15551802119,3072,293169,,,,,,,,,,0.031,10187.474,Pinned,Device,NVIDIA A100-SXM4-40GB MIG 4g.20gb (0),1,,13,[CUDA memcpy Host-to-Device]
15551808455,16160,293170,,,,,,,,,,0.197,12166.300,Pinned,Device,NVIDIA A100-SXM4-40GB MIG 4g.20gb (0),1,,13,[CUDA memcpy Host-to-Device]
15551952965,44448,293171,273,1,1,8,4,1,39,0.002,0.000,,,,,NVIDIA A100-SXM4-40GB MIG 4g.20gb (0),1,,13,"void channel_eq::eqMmseCoefCompLowMimoKernel<float, float, float, (unsigned int)4, (unsigned int)1, (unsigned int)4>(const channel_eq::_puschRxChEqStatDescr *, channel_eq::_puschRxChEqCoefCompDynDescr)"
15552079492,40480,293172,273,1,1,12,11,1,51,0.002,0.000,,,,,NVIDIA A100-SXM4-40GB MIG 4g.20gb (0),1,,13,"void channel_eq::eqMmseSoftDemapKernel<float, __half, __half, float, (unsigned int)4, (unsigned short)16383>(channel_eq::_puschRxChEqStatDescr *, channel_eq::_puschRxChEqSoftDemapDynDescr)"
15552207811,683128,293173,1,1,1,32,32,1,30,0.000,0.000,,,,,NVIDIA A100-SXM4-40GB MIG 4g.20gb (0),1,,13,"void convert_kernel<float2, __half2>(tensor_layout_any, T1 *, tensor_layout_any, const T2 *)"
15553002746,14432,293185,2253,1,1,128,1,1,16,0.000,0.000,,,,,NVIDIA A100-SXM4-40GB MIG 4g.20gb (0),1,,13,cupy_copy__float16_float16
15553180568,6848,293194,282,1,1,128,1,1,16,0.000,0.000,,,,,NVIDIA A100-SXM4-40GB MIG 4g.20gb (0),1,,13,cupy_copy__complex64_complex64
15553348150,5728,293203,26,1,1,128,1,1,16,0.000,0.000,,,,,NVIDIA A100-SXM4-40GB MIG 4g.20gb (0),1,,13,cupy_copy__float32_float32
15553485364,22976,293212,103,1,1,128,1,1,16,0.000,0.000,,,,,NVIDIA A100-SXM4-40GB MIG 4g.20gb (0),1,,13,cupy_copy__complex64_complex64
15553627539,29311,293222,1434,1,1,128,1,1,16,0.000,0.000,,,,,NVIDIA A100-SXM4-40GB MIG 4g.20gb (0),1,,13,cupy_copy__complex64_complex64
15553753585,295805,293227,1,1,1,32,32,1,30,0.000,0.000,,,,,NVIDIA A100-SXM4-40GB MIG 4g.20gb (0),1,,13,"void convert_kernel<__half2, float2>(tensor_layout_any, T1 *, tensor_layout_any, const T2 *)"
15554077262,5535,293230,,,,,,,,,,0.094,16927.869,Pinned,Device,NVIDIA A100-SXM4-40GB MIG 4g.20gb (0),1,,13,[CUDA memcpy Host-to-Device]
15554207308,612665,293231,,,,,,,,,,456.561,745108.270,Device,,NVIDIA A100-SXM4-40GB MIG 4g.20gb (0),1,,13,[CUDA memset]
15554826149,61855,293236,,,,,,,,,,1.235,19964.105,Pinned,Device,NVIDIA A100-SXM4-40GB MIG 4g.20gb (0),1,,13,[CUDA memcpy Host-to-Device]
15554890788,16928,293237,,,,,,,,,,0.197,11614.224,Pinned,Device,NVIDIA A100-SXM4-40GB MIG 4g.20gb (0),1,,13,[CUDA memcpy Host-to-Device]
15555046691,29983,293238,69,4,1,48,1,1,76,0.002,0.000,,,,,NVIDIA A100-SXM4-40GB MIG 4g.20gb (0),1,,13,"void ch_est::windowedChEstPreNoDftSOfdmKernel<float, __half, float, (unsigned int)2, (unsigned int)1, (unsigned short)4>(ch_est::puschRxChEstStatDescr_t *, ch_est::puschRxChEstDynDescr_t *)"
15555161569,11488,293239,137,2,1,24,2,1,44,0.001,0.001,,,,,NVIDIA A100-SXM4-40GB MIG 4g.20gb (0),1,,13,"void ch_est::chEstFilterNoDftSOfdmDispatchKernel<float, __half, float, (unsigned int)2>(ch_est::puschRxChEstStatDescr_t *, ch_est::puschRxChEstDynDescr_t *)"
15555321792,11487,293240,137,2,1,24,2,1,44,0.001,0.001,,,,,NVIDIA A100-SXM4-40GB MIG 4g.20gb (0),1,,13,"void ch_est::chEstFilterNoDftSOfdmDispatchKernel<float, __half, float, (unsigned int)2>(ch_est::puschRxChEstStatDescr_t *, ch_est::puschRxChEstDynDescr_t *)"
15555485950,7648,293251,103,1,1,128,1,1,16,0.000,0.000,,,,,NVIDIA A100-SXM4-40GB MIG 4g.20gb (0),1,,13,cupy_copy__complex64_complex64
15555648188,18016,293261,1434,1,1,128,1,1,16,0.000,0.000,,,,,NVIDIA A100-SXM4-40GB MIG 4g.20gb (0),1,,13,cupy_copy__complex64_complex64
15555803802,10656,293268,103,1,1,128,1,1,16,0.000,0.000,,,,,NVIDIA A100-SXM4-40GB MIG 4g.20gb (0),1,,13,cupy_copy__complex64_complex64
15555932313,289948,293275,1,1,1,32,32,1,30,0.000,0.000,,,,,NVIDIA A100-SXM4-40GB MIG 4g.20gb (0),1,,13,"void convert_kernel<__half2, float2>(tensor_layout_any, T1 *, tensor_layout_any, const T2 *)"
15556254709,8608,293278,,,,,,,,,,0.094,10884.758,Pinned,Device,NVIDIA A100-SXM4-40GB MIG 4g.20gb (0),1,,13,[CUDA memcpy Host-to-Device]
15556349236,61887,293279,,,,,,,,,,35.810,578616.687,Device,,NVIDIA A100-SXM4-40GB MIG 4g.20gb (0),1,,13,[CUDA memset]
15556418675,1856,293281,,,,,,,,,,0.000,43.103,Pinned,Device,NVIDIA A100-SXM4-40GB MIG 4g.20gb (0),1,,13,[CUDA memcpy Host-to-Device]
15556423219,13088,293282,,,,,,,,,,0.197,15021.834,Pinned,Device,NVIDIA A100-SXM4-40GB MIG 4g.20gb (0),1,,13,[CUDA memcpy Host-to-Device]
15556571313,31392,293283,273,1,1,48,1,1,40,0.000,0.001,,,,,NVIDIA A100-SXM4-40GB MIG 4g.20gb (0),1,,13,"void pusch_noise_intf_est::noiseIntfEstNoDftSOfdmKernel<float, __half, float, float, (unsigned int)2, (unsigned int)1, (unsigned char)4, (unsigned char)4>(pusch_noise_intf_est::puschRxNoiseIntfEstDynDescr)"
15556673648,8000,293294,35,1,1,128,1,1,16,0.000,0.000,,,,,NVIDIA A100-SXM4-40GB MIG 4g.20gb (0),1,,13,cupy_copy__complex64_complex64
15556836654,5600,293303,1,1,1,1,1,1,18,0.000,0.000,,,,,NVIDIA A100-SXM4-40GB MIG 4g.20gb (0),1,,13,cupy_copy__float32_float32
15556850094,2272,293309,,,,,,,,,,0.000,1.761,Device,Pageable,NVIDIA A100-SXM4-40GB MIG 4g.20gb (0),1,,7,[CUDA memcpy Device-to-Host]
15557001517,21951,293320,1434,1,1,128,1,1,16,0.000,0.000,,,,,NVIDIA A100-SXM4-40GB MIG 4g.20gb (0),1,,13,cupy_copy__complex64_complex64
15557126731,3968,293327,103,1,1,128,1,1,16,0.000,0.000,,,,,NVIDIA A100-SXM4-40GB MIG 4g.20gb (0),1,,13,cupy_copy__complex64_complex64
15557241162,19680,293334,35,1,1,128,1,1,16,0.000,0.000,,,,,NVIDIA A100-SXM4-40GB MIG 4g.20gb (0),1,,13,cupy_copy__complex64_complex64
15557323849,3520,293341,1,1,1,1,1,1,18,0.000,0.000,,,,,NVIDIA A100-SXM4-40GB MIG 4g.20gb (0),1,,13,cupy_copy__float32_float32
15557438600,277789,293352,1,1,1,32,32,1,30,0.000,0.000,,,,,NVIDIA A100-SXM4-40GB MIG 4g.20gb (0),1,,13,"void convert_kernel<__half2, float2>(tensor_layout_any, T1 *, tensor_layout_any, const T2 *)"
15558477340,8640,293355,,,,,,,,,,0.094,10844.375,Pinned,Device,NVIDIA A100-SXM4-40GB MIG 4g.20gb (0),1,,13,[CUDA memcpy Host-to-Device]
15558625018,12832,293356,,,,,,,,,,1.547,120528.408,Device,,NVIDIA A100-SXM4-40GB MIG 4g.20gb (0),1,,13,[CUDA memset]
15558643034,7520,293361,,,,,,,,,,0.031,4161.679,Pinned,Device,NVIDIA A100-SXM4-40GB MIG 4g.20gb (0),1,,13,[CUDA memcpy Host-to-Device]
15558653434,16160,293362,,,,,,,,,,0.197,12166.300,Pinned,Device,NVIDIA A100-SXM4-40GB MIG 4g.20gb (0),1,,13,[CUDA memcpy Host-to-Device]
15558816152,12736,293363,273,1,1,8,4,1,39,0.002,0.000,,,,,NVIDIA A100-SXM4-40GB MIG 4g.20gb (0),1,,13,"void channel_eq::eqMmseCoefCompLowMimoKernel<float, float, float, (unsigned int)4, (unsigned int)1, (unsigned int)4>(const channel_eq::_puschRxChEqStatDescr *, channel_eq::_puschRxChEqCoefCompDynDescr)"
15558980982,13184,293364,273,1,1,12,11,1,51,0.002,0.000,,,,,NVIDIA A100-SXM4-40GB MIG 4g.20gb (0),1,,13,"void channel_eq::eqMmseSoftDemapKernel<float, __half, __half, float, (unsigned int)4, (unsigned short)16383>(channel_eq::_puschRxChEqStatDescr *, channel_eq::_puschRxChEqSoftDemapDynDescr)"
15559145812,691609,293365,1,1,1,32,32,1,30,0.000,0.000,,,,,NVIDIA A100-SXM4-40GB MIG 4g.20gb (0),1,,13,"void convert_kernel<float2, __half2>(tensor_layout_any, T1 *, tensor_layout_any, const T2 *)"
15559920684,15584,293377,2253,1,1,128,1,1,16,0.000,0.000,,,,,NVIDIA A100-SXM4-40GB MIG 4g.20gb (0),1,,13,cupy_copy__float16_float16
15560100042,7296,293386,282,1,1,128,1,1,16,0.000,0.000,,,,,NVIDIA A100-SXM4-40GB MIG 4g.20gb (0),1,,13,cupy_copy__complex64_complex64
15560242216,5440,293395,26,1,1,128,1,1,16,0.000,0.000,,,,,NVIDIA A100-SXM4-40GB MIG 4g.20gb (0),1,,13,cupy_copy__float32_float32
15560371591,6336,293404,103,1,1,128,1,1,16,0.000,0.000,,,,,NVIDIA A100-SXM4-40GB MIG 4g.20gb (0),1,,13,cupy_copy__complex64_complex64
15560488997,30304,293414,1434,1,1,128,1,1,16,0.000,0.000,,,,,NVIDIA A100-SXM4-40GB MIG 4g.20gb (0),1,,13,cupy_copy__complex64_complex64
15560619172,279741,293419,1,1,1,32,32,1,30,0.000,0.000,,,,,NVIDIA A100-SXM4-40GB MIG 4g.20gb (0),1,,13,"void convert_kernel<__half2, float2>(tensor_layout_any, T1 *, tensor_layout_any, const T2 *)"
15560933472,8864,293422,,,,,,,,,,0.094,10570.314,Pinned,Device,NVIDIA A100-SXM4-40GB MIG 4g.20gb (0),1,,13,[CUDA memcpy Host-to-Device]
15561029631,622009,293423,,,,,,,,,,456.561,733694.234,Device,,NVIDIA A100-SXM4-40GB MIG 4g.20gb (0),1,,13,[CUDA memset]
15561653464,59104,293428,,,,,,,,,,1.235,20894.018,Pinned,Device,NVIDIA A100-SXM4-40GB MIG 4g.20gb (0),1,,13,[CUDA memcpy Host-to-Device]
15561717751,9952,293429,,,,,,,,,,0.197,19755.565,Pinned,Device,NVIDIA A100-SXM4-40GB MIG 4g.20gb (0),1,,13,[CUDA memcpy Host-to-Device]
15561815190,31584,293430,69,4,1,48,1,1,76,0.002,0.000,,,,,NVIDIA A100-SXM4-40GB MIG 4g.20gb (0),1,,13,"void ch_est::windowedChEstPreNoDftSOfdmKernel<float, __half, float, (unsigned int)2, (unsigned int)1, (unsigned short)4>(ch_est::puschRxChEstStatDescr_t *, ch_est::puschRxChEstDynDescr_t *)"
15561926741,11488,293431,137,2,1,24,2,1,44,0.001,0.001,,,,,NVIDIA A100-SXM4-40GB MIG 4g.20gb (0),1,,13,"void ch_est::chEstFilterNoDftSOfdmDispatchKernel<float, __half, float, (unsigned int)2>(ch_est::puschRxChEstStatDescr_t *, ch_est::puschRxChEstDynDescr_t *)"
15562091283,11136,293432,137,2,1,24,2,1,44,0.001,0.001,,,,,NVIDIA A100-SXM4-40GB MIG 4g.20gb (0),1,,13,"void ch_est::chEstFilterNoDftSOfdmDispatchKernel<float, __half, float, (unsigned int)2>(ch_est::puschRxChEstStatDescr_t *, ch_est::puschRxChEstDynDescr_t *)"
15562255249,6592,293443,103,1,1,128,1,1,16,0.000,0.000,,,,,NVIDIA A100-SXM4-40GB MIG 4g.20gb (0),1,,13,cupy_copy__complex64_complex64
15562415408,17503,293453,1434,1,1,128,1,1,16,0.000,0.000,,,,,NVIDIA A100-SXM4-40GB MIG 4g.20gb (0),1,,13,cupy_copy__complex64_complex64
15562582126,10304,293460,103,1,1,128,1,1,16,0.000,0.000,,,,,NVIDIA A100-SXM4-40GB MIG 4g.20gb (0),1,,13,cupy_copy__complex64_complex64
15562723244,275901,293467,1,1,1,32,32,1,30,0.000,0.000,,,,,NVIDIA A100-SXM4-40GB MIG 4g.20gb (0),1,,13,"void convert_kernel<__half2, float2>(tensor_layout_any, T1 *, tensor_layout_any, const T2 *)"
15563031689,9600,293470,,,,,,,,,,0.094,9759.938,Pinned,Device,NVIDIA A100-SXM4-40GB MIG 4g.20gb (0),1,,13,[CUDA memcpy Host-to-Device]
15563181959,51775,293471,,,,,,,,,,35.810,691632.795,Device,,NVIDIA A100-SXM4-40GB MIG 4g.20gb (0),1,,13,[CUDA memset]
15563240998,2848,293473,,,,,,,,,,0.000,28.090,Pinned,Device,NVIDIA A100-SXM4-40GB MIG 4g.20gb (0),1,,13,[CUDA memcpy Host-to-Device]
15563246982,11808,293474,,,,,,,,,,0.197,16650.338,Pinned,Device,NVIDIA A100-SXM4-40GB MIG 4g.20gb (0),1,,13,[CUDA memcpy Host-to-Device]
15563405284,35744,293475,273,1,1,48,1,1,40,0.000,0.001,,,,,NVIDIA A100-SXM4-40GB MIG 4g.20gb (0),1,,13,"void pusch_noise_intf_est::noiseIntfEstNoDftSOfdmKernel<float, __half, float, float, (unsigned int)2, (unsigned int)1, (unsigned char)4, (unsigned char)4>(pusch_noise_intf_est::puschRxNoiseIntfEstDynDescr)"
15563525699,6176,293486,35,1,1,128,1,1,16,0.000,0.000,,,,,NVIDIA A100-SXM4-40GB MIG 4g.20gb (0),1,,13,cupy_copy__complex64_complex64
15563700609,3200,293495,1,1,1,1,1,1,18,0.000,0.000,,,,,NVIDIA A100-SXM4-40GB MIG 4g.20gb (0),1,,13,cupy_copy__float32_float32
15563707041,3008,293501,,,,,,,,,,0.000,1.330,Device,Pageable,NVIDIA A100-SXM4-40GB MIG 4g.20gb (0),1,,7,[CUDA memcpy Device-to-Host]
15563863647,26048,293512,1434,1,1,128,1,1,16,0.000,0.000,,,,,NVIDIA A100-SXM4-40GB MIG 4g.20gb (0),1,,13,cupy_copy__complex64_complex64
15564000798,7456,293519,103,1,1,128,1,1,16,0.000,0.000,,,,,NVIDIA A100-SXM4-40GB MIG 4g.20gb (0),1,,13,cupy_copy__complex64_complex64
15564142652,18432,293526,35,1,1,128,1,1,16,0.000,0.000,,,,,NVIDIA A100-SXM4-40GB MIG 4g.20gb (0),1,,13,cupy_copy__complex64_complex64
15564272859,4032,293533,1,1,1,1,1,1,18,0.000,0.000,,,,,NVIDIA A100-SXM4-40GB MIG 4g.20gb (0),1,,13,cupy_copy__float32_float32
15564331354,280477,293544,1,1,1,32,32,1,30,0.000,0.000,,,,,NVIDIA A100-SXM4-40GB MIG 4g.20gb (0),1,,13,"void convert_kernel<__half2, float2>(tensor_layout_any, T1 *, tensor_layout_any, const T2 *)"
15564642103,9343,293547,,,,,,,,,,0.094,10028.470,Pinned,Device,NVIDIA A100-SXM4-40GB MIG 4g.20gb (0),1,,13,[CUDA memcpy Host-to-Device]
15564727862,6047,293548,,,,,,,,,,1.547,255766.758,Device,,NVIDIA A100-SXM4-40GB MIG 4g.20gb (0),1,,13,[CUDA memset]
15564735733,6144,293553,,,,,,,,,,0.031,5093.737,Pinned,Device,NVIDIA A100-SXM4-40GB MIG 4g.20gb (0),1,,13,[CUDA memcpy Host-to-Device]
15564744373,11264,293554,,,,,,,,,,0.197,17454.465,Pinned,Device,NVIDIA A100-SXM4-40GB MIG 4g.20gb (0),1,,13,[CUDA memcpy Host-to-Device]
15564897652,28671,293555,273,1,1,8,4,1,39,0.002,0.000,,,,,NVIDIA A100-SXM4-40GB MIG 4g.20gb (0),1,,13,"void channel_eq::eqMmseCoefCompLowMimoKernel<float, float, float, (unsigned int)4, (unsigned int)1, (unsigned int)4>(const channel_eq::_puschRxChEqStatDescr *, channel_eq::_puschRxChEqCoefCompDynDescr)"
15565012562,12800,293556,273,1,1,12,11,1,51,0.002,0.000,,,,,NVIDIA A100-SXM4-40GB MIG 4g.20gb (0),1,,13,"void channel_eq::eqMmseSoftDemapKernel<float, __half, __half, float, (unsigned int)4, (unsigned short)16383>(channel_eq::_puschRxChEqStatDescr *, channel_eq::_puschRxChEqSoftDemapDynDescr)"
15565182576,716920,293557,1,1,1,32,32,1,30,0.000,0.000,,,,,NVIDIA A100-SXM4-40GB MIG 4g.20gb (0),1,,13,"void convert_kernel<float2, __half2>(tensor_layout_any, T1 *, tensor_layout_any, const T2 *)"
15566022727,20512,293569,2253,1,1,128,1,1,16,0.000,0.000,,,,,NVIDIA A100-SXM4-40GB MIG 4g.20gb (0),1,,13,cupy_copy__float16_float16
15566150790,8607,293578,282,1,1,128,1,1,16,0.000,0.000,,,,,NVIDIA A100-SXM4-40GB MIG 4g.20gb (0),1,,13,cupy_copy__complex64_complex64
15566310564,7584,293587,26,1,1,128,1,1,16,0.000,0.000,,,,,NVIDIA A100-SXM4-40GB MIG 4g.20gb (0),1,,13,cupy_copy__float32_float32
15566450594,18816,293596,103,1,1,128,1,1,16,0.000,0.000,,,,,NVIDIA A100-SXM4-40GB MIG 4g.20gb (0),1,,13,cupy_copy__complex64_complex64
15566589089,24671,293606,1434,1,1,128,1,1,16,0.000,0.000,,,,,NVIDIA A100-SXM4-40GB MIG 4g.20gb (0),1,,13,cupy_copy__complex64_complex64
15566714207,269917,293611,1,1,1,32,32,1,30,0.000,0.000,,,,,NVIDIA A100-SXM4-40GB MIG 4g.20gb (0),1,,13,"void convert_kernel<__half2, float2>(tensor_layout_any, T1 *, tensor_layout_any, const T2 *)"
15567014684,5504,293614,,,,,,,,,,0.094,17023.251,Pinned,Device,NVIDIA A100-SXM4-40GB MIG 4g.20gb (0),1,,13,[CUDA memcpy Host-to-Device]
15567166586,614521,293615,,,,,,,,,,456.561,742825.463,Device,,NVIDIA A100-SXM4-40GB MIG 4g.20gb (0),1,,13,[CUDA memset]
15567789491,58623,293620,,,,,,,,,,1.235,21065.675,Pinned,Device,NVIDIA A100-SXM4-40GB MIG 4g.20gb (0),1,,13,[CUDA memcpy Host-to-Device]
15567850578,13408,293621,,,,,,,,,,0.197,14663.418,Pinned,Device,NVIDIA A100-SXM4-40GB MIG 4g.20gb (0),1,,13,[CUDA memcpy Host-to-Device]
15568008881,36543,293622,69,4,1,48,1,1,76,0.002,0.000,,,,,NVIDIA A100-SXM4-40GB MIG 4g.20gb (0),1,,13,"void ch_est::windowedChEstPreNoDftSOfdmKernel<float, __half, float, (unsigned int)2, (unsigned int)1, (unsigned short)4>(ch_est::puschRxChEstStatDescr_t *, ch_est::puschRxChEstDynDescr_t *)"
15568123215,13536,293623,137,2,1,24,2,1,44,0.001,0.001,,,,,NVIDIA A100-SXM4-40GB MIG 4g.20gb (0),1,,13,"void ch_est::chEstFilterNoDftSOfdmDispatchKernel<float, __half, float, (unsigned int)2>(ch_est::puschRxChEstStatDescr_t *, ch_est::puschRxChEstDynDescr_t *)"
15568286253,10400,293624,137,2,1,24,2,1,44,0.001,0.001,,,,,NVIDIA A100-SXM4-40GB MIG 4g.20gb (0),1,,13,"void ch_est::chEstFilterNoDftSOfdmDispatchKernel<float, __half, float, (unsigned int)2>(ch_est::puschRxChEstStatDescr_t *, ch_est::puschRxChEstDynDescr_t *)"
15568444044,7712,293635,103,1,1,128,1,1,16,0.000,0.000,,,,,NVIDIA A100-SXM4-40GB MIG 4g.20gb (0),1,,13,cupy_copy__complex64_complex64
15568608554,18752,293645,1434,1,1,128,1,1,16,0.000,0.000,,,,,NVIDIA A100-SXM4-40GB MIG 4g.20gb (0),1,,13,cupy_copy__complex64_complex64
15568779848,6560,293652,103,1,1,128,1,1,16,0.000,0.000,,,,,NVIDIA A100-SXM4-40GB MIG 4g.20gb (0),1,,13,cupy_copy__complex64_complex64
15568918598,286557,293659,1,1,1,32,32,1,30,0.000,0.000,,,,,NVIDIA A100-SXM4-40GB MIG 4g.20gb (0),1,,13,"void convert_kernel<__half2, float2>(tensor_layout_any, T1 *, tensor_layout_any, const T2 *)"
15569274850,8384,293662,,,,,,,,,,0.094,11175.497,Pinned,Device,NVIDIA A100-SXM4-40GB MIG 4g.20gb (0),1,,13,[CUDA memcpy Host-to-Device]
15569413761,57151,293663,,,,,,,,,,35.810,626566.170,Device,,NVIDIA A100-SXM4-40GB MIG 4g.20gb (0),1,,13,[CUDA memset]
15570241367,5568,293665,,,,,,,,,,0.000,14.368,Pinned,Device,NVIDIA A100-SXM4-40GB MIG 4g.20gb (0),1,,13,[CUDA memcpy Host-to-Device]
15570249399,9632,293666,,,,,,,,,,0.197,20411.843,Pinned,Device,NVIDIA A100-SXM4-40GB MIG 4g.20gb (0),1,,13,[CUDA memcpy Host-to-Device]
15570379958,33279,293667,273,1,1,48,1,1,40,0.000,0.001,,,,,NVIDIA A100-SXM4-40GB MIG 4g.20gb (0),1,,13,"void pusch_noise_intf_est::noiseIntfEstNoDftSOfdmKernel<float, __half, float, float, (unsigned int)2, (unsigned int)1, (unsigned char)4, (unsigned char)4>(pusch_noise_intf_est::puschRxNoiseIntfEstDynDescr)"
15570482549,6848,293678,35,1,1,128,1,1,16,0.000,0.000,,,,,NVIDIA A100-SXM4-40GB MIG 4g.20gb (0),1,,13,cupy_copy__complex64_complex64
15570629747,4000,293687,1,1,1,1,1,1,18,0.000,0.000,,,,,NVIDIA A100-SXM4-40GB MIG 4g.20gb (0),1,,13,cupy_copy__float32_float32
15570637843,4608,293693,,,,,,,,,,0.000,0.868,Device,Pageable,NVIDIA A100-SXM4-40GB MIG 4g.20gb (0),1,,7,[CUDA memcpy Device-to-Host]
15570816593,20960,293704,1434,1,1,128,1,1,16,0.000,0.000,,,,,NVIDIA A100-SXM4-40GB MIG 4g.20gb (0),1,,13,cupy_copy__complex64_complex64
15570899376,4192,293711,103,1,1,128,1,1,16,0.000,0.000,,,,,NVIDIA A100-SXM4-40GB MIG 4g.20gb (0),1,,13,cupy_copy__complex64_complex64
15571014351,5728,293718,35,1,1,128,1,1,16,0.000,0.000,,,,,NVIDIA A100-SXM4-40GB MIG 4g.20gb (0),1,,13,cupy_copy__complex64_complex64
15571116238,5247,293725,1,1,1,1,1,1,18,0.000,0.000,,,,,NVIDIA A100-SXM4-40GB MIG 4g.20gb (0),1,,13,cupy_copy__float32_float32
15571195501,289084,293736,1,1,1,32,32,1,30,0.000,0.000,,,,,NVIDIA A100-SXM4-40GB MIG 4g.20gb (0),1,,13,"void convert_kernel<__half2, float2>(tensor_layout_any, T1 *, tensor_layout_any, const T2 *)"
15571514057,11616,293739,,,,,,,,,,0.094,8066.101,Pinned,Device,NVIDIA A100-SXM4-40GB MIG 4g.20gb (0),1,,13,[CUDA memcpy Host-to-Device]
15571617608,8544,293740,,,,,,,,,,1.547,181018.420,Device,,NVIDIA A100-SXM4-40GB MIG 4g.20gb (0),1,,13,[CUDA memset]
15571631784,6336,293745,,,,,,,,,,0.031,4939.385,Pinned,Device,NVIDIA A100-SXM4-40GB MIG 4g.20gb (0),1,,13,[CUDA memcpy Host-to-Device]
15571643432,13183,293746,,,,,,,,,,0.197,14913.700,Pinned,Device,NVIDIA A100-SXM4-40GB MIG 4g.20gb (0),1,,13,[CUDA memcpy Host-to-Device]
15571789318,29216,293747,273,1,1,8,4,1,39,0.002,0.000,,,,,NVIDIA A100-SXM4-40GB MIG 4g.20gb (0),1,,13,"void channel_eq::eqMmseCoefCompLowMimoKernel<float, float, float, (unsigned int)4, (unsigned int)1, (unsigned int)4>(const channel_eq::_puschRxChEqStatDescr *, channel_eq::_puschRxChEqCoefCompDynDescr)"
15571953668,28640,293748,273,1,1,12,11,1,51,0.002,0.000,,,,,NVIDIA A100-SXM4-40GB MIG 4g.20gb (0),1,,13,"void channel_eq::eqMmseSoftDemapKernel<float, __half, __half, float, (unsigned int)4, (unsigned short)16383>(channel_eq::_puschRxChEqStatDescr *, channel_eq::_puschRxChEqSoftDemapDynDescr)"
15572128258,695224,293749,1,1,1,32,32,1,30,0.000,0.000,,,,,NVIDIA A100-SXM4-40GB MIG 4g.20gb (0),1,,13,"void convert_kernel<float2, __half2>(tensor_layout_any, T1 *, tensor_layout_any, const T2 *)"
15572922777,15520,293761,2253,1,1,128,1,1,16,0.000,0.000,,,,,NVIDIA A100-SXM4-40GB MIG 4g.20gb (0),1,,13,cupy_copy__float16_float16
15573100247,9056,293770,282,1,1,128,1,1,16,0.000,0.000,,,,,NVIDIA A100-SXM4-40GB MIG 4g.20gb (0),1,,13,cupy_copy__complex64_complex64
15573209206,5696,293779,26,1,1,128,1,1,16,0.000,0.000,,,,,NVIDIA A100-SXM4-40GB MIG 4g.20gb (0),1,,13,cupy_copy__float32_float32
15573318997,5024,293788,103,1,1,128,1,1,16,0.000,0.000,,,,,NVIDIA A100-SXM4-40GB MIG 4g.20gb (0),1,,13,cupy_copy__complex64_complex64
15573499059,18464,293798,1434,1,1,128,1,1,16,0.000,0.000,,,,,NVIDIA A100-SXM4-40GB MIG 4g.20gb (0),1,,13,cupy_copy__complex64_complex64
15573638001,299261,293803,1,1,1,32,32,1,30,0.000,0.000,,,,,NVIDIA A100-SXM4-40GB MIG 4g.20gb (0),1,,13,"void convert_kernel<__half2, float2>(tensor_layout_any, T1 *, tensor_layout_any, const T2 *)"
15574586214,5696,293806,,,,,,,,,,0.094,16449.363,Pinned,Device,NVIDIA A100-SXM4-40GB MIG 4g.20gb (0),1,,13,[CUDA memcpy Host-to-Device]
15574714181,631833,293807,,,,,,,,,,456.561,722280.198,Device,,NVIDIA A100-SXM4-40GB MIG 4g.20gb (0),1,,13,[CUDA memset]
15575352094,59871,293812,,,,,,,,,,1.235,20626.035,Pinned,Device,NVIDIA A100-SXM4-40GB MIG 4g.20gb (0),1,,13,[CUDA memcpy Host-to-Device]
15575414685,12320,293813,,,,,,,,,,0.197,15958.278,Pinned,Device,NVIDIA A100-SXM4-40GB MIG 4g.20gb (0),1,,13,[CUDA memcpy Host-to-Device]
15575569307,27776,293814,69,4,1,48,1,1,76,0.002,0.000,,,,,NVIDIA A100-SXM4-40GB MIG 4g.20gb (0),1,,13,"void ch_est::windowedChEstPreNoDftSOfdmKernel<float, __half, float, (unsigned int)2, (unsigned int)1, (unsigned short)4>(ch_est::puschRxChEstStatDescr_t *, ch_est::puschRxChEstDynDescr_t *)"
15575689914,22464,293815,137,2,1,24,2,1,44,0.001,0.001,,,,,NVIDIA A100-SXM4-40GB MIG 4g.20gb (0),1,,13,"void ch_est::chEstFilterNoDftSOfdmDispatchKernel<float, __half, float, (unsigned int)2>(ch_est::puschRxChEstStatDescr_t *, ch_est::puschRxChEstDynDescr_t *)"
15575864408,26496,293816,137,2,1,24,2,1,44,0.001,0.001,,,,,NVIDIA A100-SXM4-40GB MIG 4g.20gb (0),1,,13,"void ch_est::chEstFilterNoDftSOfdmDispatchKernel<float, __half, float, (unsigned int)2>(ch_est::puschRxChEstStatDescr_t *, ch_est::puschRxChEstDynDescr_t *)"
15576036566,12768,293827,103,1,1,128,1,1,16,0.000,0.000,,,,,NVIDIA A100-SXM4-40GB MIG 4g.20gb (0),1,,13,cupy_copy__complex64_complex64
15576172437,22911,293837,1434,1,1,128,1,1,16,0.000,0.000,,,,,NVIDIA A100-SXM4-40GB MIG 4g.20gb (0),1,,13,cupy_copy__complex64_complex64
15576289427,4544,293844,103,1,1,128,1,1,16,0.000,0.000,,,,,NVIDIA A100-SXM4-40GB MIG 4g.20gb (0),1,,13,cupy_copy__complex64_complex64
15576393778,272573,293851,1,1,1,32,32,1,30,0.000,0.000,,,,,NVIDIA A100-SXM4-40GB MIG 4g.20gb (0),1,,13,"void convert_kernel<__half2, float2>(tensor_layout_any, T1 *, tensor_layout_any, const T2 *)"
15576699727,13119,293854,,,,,,,,,,0.094,7141.978,Pinned,Device,NVIDIA A100-SXM4-40GB MIG 4g.20gb (0),1,,13,[CUDA memcpy Host-to-Device]
15576867725,52127,293855,,,,,,,,,,35.810,686941.695,Device,,NVIDIA A100-SXM4-40GB MIG 4g.20gb (0),1,,13,[CUDA memset]
15576924076,2048,293857,,,,,,,,,,0.000,39.062,Pinned,Device,NVIDIA A100-SXM4-40GB MIG 4g.20gb (0),1,,13,[CUDA memcpy Host-to-Device]
15576929132,9824,293858,,,,,,,,,,0.197,20012.925,Pinned,Device,NVIDIA A100-SXM4-40GB MIG 4g.20gb (0),1,,13,[CUDA memcpy Host-to-Device]
15577085546,16224,293859,273,1,1,48,1,1,40,0.000,0.001,,,,,NVIDIA A100-SXM4-40GB MIG 4g.20gb (0),1,,13,"void pusch_noise_intf_est::noiseIntfEstNoDftSOfdmKernel<float, __half, float, float, (unsigned int)2, (unsigned int)1, (unsigned char)4, (unsigned char)4>(pusch_noise_intf_est::puschRxNoiseIntfEstDynDescr)"
15577249256,6656,293870,35,1,1,128,1,1,16,0.000,0.000,,,,,NVIDIA A100-SXM4-40GB MIG 4g.20gb (0),1,,13,cupy_copy__complex64_complex64
15577396167,4192,293879,1,1,1,1,1,1,18,0.000,0.000,,,,,NVIDIA A100-SXM4-40GB MIG 4g.20gb (0),1,,13,cupy_copy__float32_float32
15577403719,5056,293885,,,,,,,,,,0.000,0.791,Device,Pageable,NVIDIA A100-SXM4-40GB MIG 4g.20gb (0),1,,7,[CUDA memcpy Device-to-Host]
15577564005,17376,293896,1434,1,1,128,1,1,16,0.000,0.000,,,,,NVIDIA A100-SXM4-40GB MIG 4g.20gb (0),1,,13,cupy_copy__complex64_complex64
15577738243,6688,293903,103,1,1,128,1,1,16,0.000,0.000,,,,,NVIDIA A100-SXM4-40GB MIG 4g.20gb (0),1,,13,cupy_copy__complex64_complex64
15577876097,13536,293910,35,1,1,128,1,1,16,0.000,0.000,,,,,NVIDIA A100-SXM4-40GB MIG 4g.20gb (0),1,,13,cupy_copy__complex64_complex64
15578003392,3712,293917,1,1,1,1,1,1,18,0.000,0.000,,,,,NVIDIA A100-SXM4-40GB MIG 4g.20gb (0),1,,13,cupy_copy__float32_float32
15578118271,292636,293928,1,1,1,32,32,1,30,0.000,0.000,,,,,NVIDIA A100-SXM4-40GB MIG 4g.20gb (0),1,,13,"void convert_kernel<__half2, float2>(tensor_layout_any, T1 *, tensor_layout_any, const T2 *)"
15578439899,5504,293931,,,,,,,,,,0.094,17023.251,Pinned,Device,NVIDIA A100-SXM4-40GB MIG 4g.20gb (0),1,,13,[CUDA memcpy Host-to-Device]
15578567450,6304,293932,,,,,,,,,,1.547,245339.418,Device,,NVIDIA A100-SXM4-40GB MIG 4g.20gb (0),1,,13,[CUDA memset]
15578582137,3040,293937,,,,,,,,,,0.031,10294.725,Pinned,Device,NVIDIA A100-SXM4-40GB MIG 4g.20gb (0),1,,13,[CUDA memcpy Host-to-Device]
15578589209,12800,293938,,,,,,,,,,0.197,15360.000,Pinned,Device,NVIDIA A100-SXM4-40GB MIG 4g.20gb (0),1,,13,[CUDA memcpy Host-to-Device]
15578733528,11904,293939,273,1,1,8,4,1,39,0.002,0.000,,,,,NVIDIA A100-SXM4-40GB MIG 4g.20gb (0),1,,13,"void channel_eq::eqMmseCoefCompLowMimoKernel<float, float, float, (unsigned int)4, (unsigned int)1, (unsigned int)4>(const channel_eq::_puschRxChEqStatDescr *, channel_eq::_puschRxChEqCoefCompDynDescr)"
15578899702,12960,293940,273,1,1,12,11,1,51,0.002,0.000,,,,,NVIDIA A100-SXM4-40GB MIG 4g.20gb (0),1,,13,"void channel_eq::eqMmseSoftDemapKernel<float, __half, __half, float, (unsigned int)4, (unsigned short)16383>(channel_eq::_puschRxChEqStatDescr *, channel_eq::_puschRxChEqSoftDemapDynDescr)"
15579062484,695672,293941,1,1,1,32,32,1,30,0.000,0.000,,,,,NVIDIA A100-SXM4-40GB MIG 4g.20gb (0),1,,13,"void convert_kernel<float2, __half2>(tensor_layout_any, T1 *, tensor_layout_any, const T2 *)"
15579851211,15680,293953,2253,1,1,128,1,1,16,0.000,0.000,,,,,NVIDIA A100-SXM4-40GB MIG 4g.20gb (0),1,,13,cupy_copy__float16_float16
15580037225,6400,293962,282,1,1,128,1,1,16,0.000,0.000,,,,,NVIDIA A100-SXM4-40GB MIG 4g.20gb (0),1,,13,cupy_copy__complex64_complex64
15580200807,5920,293971,26,1,1,128,1,1,16,0.000,0.000,,,,,NVIDIA A100-SXM4-40GB MIG 4g.20gb (0),1,,13,cupy_copy__float32_float32
15580336614,18239,293980,103,1,1,128,1,1,16,0.000,0.000,,,,,NVIDIA A100-SXM4-40GB MIG 4g.20gb (0),1,,13,cupy_copy__complex64_complex64
15580474372,25440,293990,1434,1,1,128,1,1,16,0.000,0.000,,,,,NVIDIA A100-SXM4-40GB MIG 4g.20gb (0),1,,13,cupy_copy__complex64_complex64
15580598787,281117,293995,1,1,1,32,32,1,30,0.000,0.000,,,,,NVIDIA A100-SXM4-40GB MIG 4g.20gb (0),1,,13,"void convert_kernel<__half2, float2>(tensor_layout_any, T1 *, tensor_layout_any, const T2 *)"
15581684790,8448,293998,,,,,,,,,,0.094,11090.889,Pinned,Device,NVIDIA A100-SXM4-40GB MIG 4g.20gb (0),1,,13,[CUDA memcpy Host-to-Device]
15581790165,625113,293999,,,,,,,,,,456.561,730041.743,Device,,NVIDIA A100-SXM4-40GB MIG 4g.20gb (0),1,,13,[CUDA memset]
15582423182,60319,294004,,,,,,,,,,1.235,20472.902,Pinned,Device,NVIDIA A100-SXM4-40GB MIG 4g.20gb (0),1,,13,[CUDA memcpy Host-to-Device]
15582490637,14112,294005,,,,,,,,,,0.197,13931.839,Pinned,Device,NVIDIA A100-SXM4-40GB MIG 4g.20gb (0),1,,13,[CUDA memcpy Host-to-Device]
15582667563,12704,294006,69,4,1,48,1,1,76,0.002,0.000,,,,,NVIDIA A100-SXM4-40GB MIG 4g.20gb (0),1,,13,"void ch_est::windowedChEstPreNoDftSOfdmKernel<float, __half, float, (unsigned int)2, (unsigned int)1, (unsigned short)4>(ch_est::puschRxChEstStatDescr_t *, ch_est::puschRxChEstDynDescr_t *)"
15582842569,14944,294007,137,2,1,24,2,1,44,0.001,0.001,,,,,NVIDIA A100-SXM4-40GB MIG 4g.20gb (0),1,,13,"void ch_est::chEstFilterNoDftSOfdmDispatchKernel<float, __half, float, (unsigned int)2>(ch_est::puschRxChEstStatDescr_t *, ch_est::puschRxChEstDynDescr_t *)"
15583016999,28224,294008,137,2,1,24,2,1,44,0.001,0.001,,,,,NVIDIA A100-SXM4-40GB MIG 4g.20gb (0),1,,13,"void ch_est::chEstFilterNoDftSOfdmDispatchKernel<float, __half, float, (unsigned int)2>(ch_est::puschRxChEstStatDescr_t *, ch_est::puschRxChEstDynDescr_t *)"
15583128646,4064,294019,103,1,1,128,1,1,16,0.000,0.000,,,,,NVIDIA A100-SXM4-40GB MIG 4g.20gb (0),1,,13,cupy_copy__complex64_complex64
15583236965,18272,294029,1434,1,1,128,1,1,16,0.000,0.000,,,,,NVIDIA A100-SXM4-40GB MIG 4g.20gb (0),1,,13,cupy_copy__complex64_complex64
15583412899,6688,294036,103,1,1,128,1,1,16,0.000,0.000,,,,,NVIDIA A100-SXM4-40GB MIG 4g.20gb (0),1,,13,cupy_copy__complex64_complex64
15583557505,291421,294043,1,1,1,32,32,1,30,0.000,0.000,,,,,NVIDIA A100-SXM4-40GB MIG 4g.20gb (0),1,,13,"void convert_kernel<__half2, float2>(tensor_layout_any, T1 *, tensor_layout_any, const T2 *)"
15584342329,5919,294046,,,,,,,,,,0.094,15829.658,Pinned,Device,NVIDIA A100-SXM4-40GB MIG 4g.20gb (0),1,,13,[CUDA memcpy Host-to-Device]
15584441975,52416,294047,,,,,,,,,,35.810,683181.654,Device,,NVIDIA A100-SXM4-40GB MIG 4g.20gb (0),1,,13,[CUDA memset]
15584501559,2048,294049,,,,,,,,,,0.000,39.062,Pinned,Device,NVIDIA A100-SXM4-40GB MIG 4g.20gb (0),1,,13,[CUDA memcpy Host-to-Device]
15584507159,12032,294050,,,,,,,,,,0.197,16340.287,Pinned,Device,NVIDIA A100-SXM4-40GB MIG 4g.20gb (0),1,,13,[CUDA memcpy Host-to-Device]
15584657205,16448,294051,273,1,1,48,1,1,40,0.000,0.001,,,,,NVIDIA A100-SXM4-40GB MIG 4g.20gb (0),1,,13,"void pusch_noise_intf_est::noiseIntfEstNoDftSOfdmKernel<float, __half, float, float, (unsigned int)2, (unsigned int)1, (unsigned char)4, (unsigned char)4>(pusch_noise_intf_est::puschRxNoiseIntfEstDynDescr)"
15584819059,8640,294062,35,1,1,128,1,1,16,0.000,0.000,,,,,NVIDIA A100-SXM4-40GB MIG 4g.20gb (0),1,,13,cupy_copy__complex64_complex64
15584981649,4000,294071,1,1,1,1,1,1,18,0.000,0.000,,,,,NVIDIA A100-SXM4-40GB MIG 4g.20gb (0),1,,13,cupy_copy__float32_float32
15584989457,4544,294077,,,,,,,,,,0.000,0.880,Device,Pageable,NVIDIA A100-SXM4-40GB MIG 4g.20gb (0),1,,7,[CUDA memcpy Device-to-Host]
15585146671,25856,294088,1434,1,1,128,1,1,16,0.000,0.000,,,,,NVIDIA A100-SXM4-40GB MIG 4g.20gb (0),1,,13,cupy_copy__complex64_complex64
15585281006,8480,294095,103,1,1,128,1,1,16,0.000,0.000,,,,,NVIDIA A100-SXM4-40GB MIG 4g.20gb (0),1,,13,cupy_copy__complex64_complex64
15585439020,8864,294102,35,1,1,128,1,1,16,0.000,0.000,,,,,NVIDIA A100-SXM4-40GB MIG 4g.20gb (0),1,,13,cupy_copy__complex64_complex64
15585596586,4608,294109,1,1,1,1,1,1,18,0.000,0.000,,,,,NVIDIA A100-SXM4-40GB MIG 4g.20gb (0),1,,13,cupy_copy__float32_float32
15585684713,277373,294120,1,1,1,32,32,1,30,0.000,0.000,,,,,NVIDIA A100-SXM4-40GB MIG 4g.20gb (0),1,,13,"void convert_kernel<__half2, float2>(tensor_layout_any, T1 *, tensor_layout_any, const T2 *)"
15585992198,6368,294123,,,,,,,,,,0.094,14713.551,Pinned,Device,NVIDIA A100-SXM4-40GB MIG 4g.20gb (0),1,,13,[CUDA memcpy Host-to-Device]
15586150692,6144,294124,,,,,,,,,,1.547,251728.522,Device,,NVIDIA A100-SXM4-40GB MIG 4g.20gb (0),1,,13,[CUDA memset]
15586162404,3808,294129,,,,,,,,,,0.031,8218.486,Pinned,Device,NVIDIA A100-SXM4-40GB MIG 4g.20gb (0),1,,13,[CUDA memcpy Host-to-Device]
15586171844,11808,294130,,,,,,,,,,0.197,16650.338,Pinned,Device,NVIDIA A100-SXM4-40GB MIG 4g.20gb (0),1,,13,[CUDA memcpy Host-to-Device]
15586314434,45056,294131,273,1,1,8,4,1,39,0.002,0.000,,,,,NVIDIA A100-SXM4-40GB MIG 4g.20gb (0),1,,13,"void channel_eq::eqMmseCoefCompLowMimoKernel<float, float, float, (unsigned int)4, (unsigned int)1, (unsigned int)4>(const channel_eq::_puschRxChEqStatDescr *, channel_eq::_puschRxChEqCoefCompDynDescr)"
15586447201,35167,294132,273,1,1,12,11,1,51,0.002,0.000,,,,,NVIDIA A100-SXM4-40GB MIG 4g.20gb (0),1,,13,"void channel_eq::eqMmseSoftDemapKernel<float, __half, __half, float, (unsigned int)4, (unsigned short)16383>(channel_eq::_puschRxChEqStatDescr *, channel_eq::_puschRxChEqSoftDemapDynDescr)"
15586579871,692377,294133,1,1,1,32,32,1,30,0.000,0.000,,,,,NVIDIA A100-SXM4-40GB MIG 4g.20gb (0),1,,13,"void convert_kernel<float2, __half2>(tensor_layout_any, T1 *, tensor_layout_any, const T2 *)"
15587388022,14688,294145,2253,1,1,128,1,1,16,0.000,0.000,,,,,NVIDIA A100-SXM4-40GB MIG 4g.20gb (0),1,,13,cupy_copy__float16_float16
15587567188,7072,294154,282,1,1,128,1,1,16,0.000,0.000,,,,,NVIDIA A100-SXM4-40GB MIG 4g.20gb (0),1,,13,cupy_copy__complex64_complex64
15587708019,7392,294163,26,1,1,128,1,1,16,0.000,0.000,,,,,NVIDIA A100-SXM4-40GB MIG 4g.20gb (0),1,,13,cupy_copy__float32_float32
15587836593,13632,294172,103,1,1,128,1,1,16,0.000,0.000,,,,,NVIDIA A100-SXM4-40GB MIG 4g.20gb (0),1,,13,cupy_copy__complex64_complex64
15587948112,27200,294182,1434,1,1,128,1,1,16,0.000,0.000,,,,,NVIDIA A100-SXM4-40GB MIG 4g.20gb (0),1,,13,cupy_copy__complex64_complex64
15588070191,285020,294187,1,1,1,32,32,1,30,0.000,0.000,,,,,NVIDIA A100-SXM4-40GB MIG 4g.20gb (0),1,,13,"void convert_kernel<__half2, float2>(tensor_layout_any, T1 *, tensor_layout_any, const T2 *)"
15588386795,8672,294190,,,,,,,,,,0.094,10804.367,Pinned,Device,NVIDIA A100-SXM4-40GB MIG 4g.20gb (0),1,,13,[CUDA memcpy Host-to-Device]
15588499722,629145,294191,,,,,,,,,,456.561,725476.128,Device,,NVIDIA A100-SXM4-40GB MIG 4g.20gb (0),1,,13,[CUDA memset]
15589134179,61695,294196,,,,,,,,,,1.235,20015.972,Pinned,Device,NVIDIA A100-SXM4-40GB MIG 4g.20gb (0),1,,13,[CUDA memcpy Host-to-Device]
15589202402,14880,294197,,,,,,,,,,0.197,13212.844,Pinned,Device,NVIDIA A100-SXM4-40GB MIG 4g.20gb (0),1,,13,[CUDA memcpy Host-to-Device]
15589323616,11712,294198,69,4,1,48,1,1,76,0.002,0.000,,,,,NVIDIA A100-SXM4-40GB MIG 4g.20gb (0),1,,13,"void ch_est::windowedChEstPreNoDftSOfdmKernel<float, __half, float, (unsigned int)2, (unsigned int)1, (unsigned short)4>(ch_est::puschRxChEstStatDescr_t *, ch_est::puschRxChEstDynDescr_t *)"
15589503518,33440,294199,137,2,1,24,2,1,44,0.001,0.001,,,,,NVIDIA A100-SXM4-40GB MIG 4g.20gb (0),1,,13,"void ch_est::chEstFilterNoDftSOfdmDispatchKernel<float, __half, float, (unsigned int)2>(ch_est::puschRxChEstStatDescr_t *, ch_est::puschRxChEstDynDescr_t *)"
15589678172,27360,294200,137,2,1,24,2,1,44,0.001,0.001,,,,,NVIDIA A100-SXM4-40GB MIG 4g.20gb (0),1,,13,"void ch_est::chEstFilterNoDftSOfdmDispatchKernel<float, __half, float, (unsigned int)2>(ch_est::puschRxChEstStatDescr_t *, ch_est::puschRxChEstDynDescr_t *)"
15589845147,11135,294211,103,1,1,128,1,1,16,0.000,0.000,,,,,NVIDIA A100-SXM4-40GB MIG 4g.20gb (0),1,,13,cupy_copy__complex64_complex64
15589977337,22720,294221,1434,1,1,128,1,1,16,0.000,0.000,,,,,NVIDIA A100-SXM4-40GB MIG 4g.20gb (0),1,,13,cupy_copy__complex64_complex64
15590094808,4128,294228,103,1,1,128,1,1,16,0.000,0.000,,,,,NVIDIA A100-SXM4-40GB MIG 4g.20gb (0),1,,13,cupy_copy__complex64_complex64
15590203350,280189,294235,1,1,1,32,32,1,30,0.000,0.000,,,,,NVIDIA A100-SXM4-40GB MIG 4g.20gb (0),1,,13,"void convert_kernel<__half2, float2>(tensor_layout_any, T1 *, tensor_layout_any, const T2 *)"
15591272458,6560,294238,,,,,,,,,,0.094,14282.925,Pinned,Device,NVIDIA A100-SXM4-40GB MIG 4g.20gb (0),1,,13,[CUDA memcpy Host-to-Device]
15591401737,62207,294239,,,,,,,,,,35.810,575644.464,Device,,NVIDIA A100-SXM4-40GB MIG 4g.20gb (0),1,,13,[CUDA memset]
15591467848,4704,294241,,,,,,,,,,0.000,17.007,Pinned,Device,NVIDIA A100-SXM4-40GB MIG 4g.20gb (0),1,,13,[CUDA memcpy Host-to-Device]
15591475112,9984,294242,,,,,,,,,,0.197,19692.257,Pinned,Device,NVIDIA A100-SXM4-40GB MIG 4g.20gb (0),1,,13,[CUDA memcpy Host-to-Device]
15591632326,23072,294243,273,1,1,48,1,1,40,0.000,0.001,,,,,NVIDIA A100-SXM4-40GB MIG 4g.20gb (0),1,,13,"void pusch_noise_intf_est::noiseIntfEstNoDftSOfdmKernel<float, __half, float, float, (unsigned int)2, (unsigned int)1, (unsigned char)4, (unsigned char)4>(pusch_noise_intf_est::puschRxNoiseIntfEstDynDescr)"
15591739941,6688,294254,35,1,1,128,1,1,16,0.000,0.000,,,,,NVIDIA A100-SXM4-40GB MIG 4g.20gb (0),1,,13,cupy_copy__complex64_complex64
15591903011,5824,294263,1,1,1,1,1,1,18,0.000,0.000,,,,,NVIDIA A100-SXM4-40GB MIG 4g.20gb (0),1,,13,cupy_copy__float32_float32
15591910435,4736,294269,,,,,,,,,,0.000,0.845,Device,Pageable,NVIDIA A100-SXM4-40GB MIG 4g.20gb (0),1,,7,[CUDA memcpy Device-to-Host]
15592062690,19295,294280,1434,1,1,128,1,1,16,0.000,0.000,,,,,NVIDIA A100-SXM4-40GB MIG 4g.20gb (0),1,,13,cupy_copy__complex64_complex64
15592236672,6879,294287,103,1,1,128,1,1,16,0.000,0.000,,,,,NVIDIA A100-SXM4-40GB MIG 4g.20gb (0),1,,13,cupy_copy__complex64_complex64
15592396318,7296,294294,35,1,1,128,1,1,16,0.000,0.000,,,,,NVIDIA A100-SXM4-40GB MIG 4g.20gb (0),1,,13,cupy_copy__complex64_complex64
15592563388,5056,294301,1,1,1,1,1,1,18,0.000,0.000,,,,,NVIDIA A100-SXM4-40GB MIG 4g.20gb (0),1,,13,cupy_copy__float32_float32
15592610075,283197,294312,1,1,1,32,32,1,30,0.000,0.000,,,,,NVIDIA A100-SXM4-40GB MIG 4g.20gb (0),1,,13,"void convert_kernel<__half2, float2>(tensor_layout_any, T1 *, tensor_layout_any, const T2 *)"
15592923320,10080,294315,,,,,,,,,,0.094,9295.205,Pinned,Device,NVIDIA A100-SXM4-40GB MIG 4g.20gb (0),1,,13,[CUDA memcpy Host-to-Device]
15593004183,4288,294316,,,,,,,,,,1.547,360685.090,Device,,NVIDIA A100-SXM4-40GB MIG 4g.20gb (0),1,,13,[CUDA memset]
15593013911,6912,294321,,,,,,,,,,0.031,4527.749,Pinned,Device,NVIDIA A100-SXM4-40GB MIG 4g.20gb (0),1,,13,[CUDA memcpy Host-to-Device]
15593027575,16575,294322,,,,,,,,,,0.197,11861.557,Pinned,Device,NVIDIA A100-SXM4-40GB MIG 4g.20gb (0),1,,13,[CUDA memcpy Host-to-Device]
15593166485,46272,294323,273,1,1,8,4,1,39,0.002,0.000,,,,,NVIDIA A100-SXM4-40GB MIG 4g.20gb (0),1,,13,"void channel_eq::eqMmseCoefCompLowMimoKernel<float, float, float, (unsigned int)4, (unsigned int)1, (unsigned int)4>(const channel_eq::_puschRxChEqStatDescr *, channel_eq::_puschRxChEqCoefCompDynDescr)"
15593286644,27135,294324,273,1,1,12,11,1,51,0.002,0.000,,,,,NVIDIA A100-SXM4-40GB MIG 4g.20gb (0),1,,13,"void channel_eq::eqMmseSoftDemapKernel<float, __half, __half, float, (unsigned int)4, (unsigned short)16383>(channel_eq::_puschRxChEqStatDescr *, channel_eq::_puschRxChEqSoftDemapDynDescr)"
15593389939,690040,294325,1,1,1,32,32,1,30,0.000,0.000,,,,,NVIDIA A100-SXM4-40GB MIG 4g.20gb (0),1,,13,"void convert_kernel<float2, __half2>(tensor_layout_any, T1 *, tensor_layout_any, const T2 *)"
15594173898,15488,294337,2253,1,1,128,1,1,16,0.000,0.000,,,,,NVIDIA A100-SXM4-40GB MIG 4g.20gb (0),1,,13,cupy_copy__float16_float16
15594361480,7104,294346,282,1,1,128,1,1,16,0.000,0.000,,,,,NVIDIA A100-SXM4-40GB MIG 4g.20gb (0),1,,13,cupy_copy__complex64_complex64
15594498598,7520,294355,26,1,1,128,1,1,16,0.000,0.000,,,,,NVIDIA A100-SXM4-40GB MIG 4g.20gb (0),1,,13,cupy_copy__float32_float32
15594637701,5759,294364,103,1,1,128,1,1,16,0.000,0.000,,,,,NVIDIA A100-SXM4-40GB MIG 4g.20gb (0),1,,13,cupy_copy__complex64_complex64
15594783235,32992,294380,1434,1,1,128,1,1,16,0.000,0.000,,,,,NVIDIA A100-SXM4-40GB MIG 4g.20gb (0),1,,13,cupy_copy__complex64_complex64
15594929121,287421,294385,1,1,1,32,32,1,30,0.000,0.000,,,,,NVIDIA A100-SXM4-40GB MIG 4g.20gb (0),1,,13,"void convert_kernel<__half2, float2>(tensor_layout_any, T1 *, tensor_layout_any, const T2 *)"
15595245918,8384,294388,,,,,,,,,,0.094,11175.497,Pinned,Device,NVIDIA A100-SXM4-40GB MIG 4g.20gb (0),1,,13,[CUDA memcpy Host-to-Device]
15595387452,621721,294389,,,,,,,,,,456.561,734150.796,Device,,NVIDIA A100-SXM4-40GB MIG 4g.20gb (0),1,,13,[CUDA memset]
15596015509,59743,294394,,,,,,,,,,1.235,20670.493,Pinned,Device,NVIDIA A100-SXM4-40GB MIG 4g.20gb (0),1,,13,[CUDA memcpy Host-to-Device]
15596078676,13440,294395,,,,,,,,,,0.197,14628.422,Pinned,Device,NVIDIA A100-SXM4-40GB MIG 4g.20gb (0),1,,13,[CUDA memcpy Host-to-Device]
15596237490,34432,294396,69,4,1,48,1,1,76,0.002,0.000,,,,,NVIDIA A100-SXM4-40GB MIG 4g.20gb (0),1,,13,"void ch_est::windowedChEstPreNoDftSOfdmKernel<float, __half, float, (unsigned int)2, (unsigned int)1, (unsigned short)4>(ch_est::puschRxChEstStatDescr_t *, ch_est::puschRxChEstDynDescr_t *)"
15596351345,10720,294397,137,2,1,24,2,1,44,0.001,0.001,,,,,NVIDIA A100-SXM4-40GB MIG 4g.20gb (0),1,,13,"void ch_est::chEstFilterNoDftSOfdmDispatchKernel<float, __half, float, (unsigned int)2>(ch_est::puschRxChEstStatDescr_t *, ch_est::puschRxChEstDynDescr_t *)"
15596514511,11808,294398,137,2,1,24,2,1,44,0.001,0.001,,,,,NVIDIA A100-SXM4-40GB MIG 4g.20gb (0),1,,13,"void ch_est::chEstFilterNoDftSOfdmDispatchKernel<float, __half, float, (unsigned int)2>(ch_est::puschRxChEstStatDescr_t *, ch_est::puschRxChEstDynDescr_t *)"
15596675694,6719,294409,103,1,1,128,1,1,16,0.000,0.000,,,,,NVIDIA A100-SXM4-40GB MIG 4g.20gb (0),1,,13,cupy_copy__complex64_complex64
15596810284,24576,294419,1434,1,1,128,1,1,16,0.000,0.000,,,,,NVIDIA A100-SXM4-40GB MIG 4g.20gb (0),1,,13,cupy_copy__complex64_complex64
15596985546,11232,294426,103,1,1,128,1,1,16,0.000,0.000,,,,,NVIDIA A100-SXM4-40GB MIG 4g.20gb (0),1,,13,cupy_copy__complex64_complex64
15597117705,281340,294433,1,1,1,32,32,1,30,0.000,0.000,,,,,NVIDIA A100-SXM4-40GB MIG 4g.20gb (0),1,,13,"void convert_kernel<__half2, float2>(tensor_layout_any, T1 *, tensor_layout_any, const T2 *)"
15597430469,6560,294436,,,,,,,,,,0.094,14282.925,Pinned,Device,NVIDIA A100-SXM4-40GB MIG 4g.20gb (0),1,,13,[CUDA memcpy Host-to-Device]
15597537924,62559,294437,,,,,,,,,,35.810,572385.761,Device,,NVIDIA A100-SXM4-40GB MIG 4g.20gb (0),1,,13,[CUDA memset]
15597605603,1824,294439,,,,,,,,,,0.000,43.860,Pinned,Device,NVIDIA A100-SXM4-40GB MIG 4g.20gb (0),1,,13,[CUDA memcpy Host-to-Device]
15597610211,12320,294440,,,,,,,,,,0.197,15958.278,Pinned,Device,NVIDIA A100-SXM4-40GB MIG 4g.20gb (0),1,,13,[CUDA memcpy Host-to-Device]
15597766337,33568,294441,273,1,1,48,1,1,40,0.000,0.001,,,,,NVIDIA A100-SXM4-40GB MIG 4g.20gb (0),1,,13,"void pusch_noise_intf_est::noiseIntfEstNoDftSOfdmKernel<float, __half, float, float, (unsigned int)2, (unsigned int)1, (unsigned char)4, (unsigned char)4>(pusch_noise_intf_est::puschRxNoiseIntfEstDynDescr)"
15597868576,6656,294452,35,1,1,128,1,1,16,0.000,0.000,,,,,NVIDIA A100-SXM4-40GB MIG 4g.20gb (0),1,,13,cupy_copy__complex64_complex64
15598031742,6880,294461,1,1,1,1,1,1,18,0.000,0.000,,,,,NVIDIA A100-SXM4-40GB MIG 4g.20gb (0),1,,13,cupy_copy__float32_float32
15598046878,2240,294467,,,,,,,,,,0.000,1.786,Device,Pageable,NVIDIA A100-SXM4-40GB MIG 4g.20gb (0),1,,7,[CUDA memcpy Device-to-Host]
15598225116,18720,294478,1434,1,1,128,1,1,16,0.000,0.000,,,,,NVIDIA A100-SXM4-40GB MIG 4g.20gb (0),1,,13,cupy_copy__complex64_complex64
15598378810,7456,294485,103,1,1,128,1,1,16,0.000,0.000,,,,,NVIDIA A100-SXM4-40GB MIG 4g.20gb (0),1,,13,cupy_copy__complex64_complex64
15598499705,11328,294492,35,1,1,128,1,1,16,0.000,0.000,,,,,NVIDIA A100-SXM4-40GB MIG 4g.20gb (0),1,,13,cupy_copy__complex64_complex64
15598612184,3616,294499,1,1,1,1,1,1,18,0.000,0.000,,,,,NVIDIA A100-SXM4-40GB MIG 4g.20gb (0),1,,13,cupy_copy__float32_float32
15598723542,294845,294510,1,1,1,32,32,1,30,0.000,0.000,,,,,NVIDIA A100-SXM4-40GB MIG 4g.20gb (0),1,,13,"void convert_kernel<__half2, float2>(tensor_layout_any, T1 *, tensor_layout_any, const T2 *)"
15599939017,12800,294513,,,,,,,,,,0.094,7320.000,Pinned,Device,NVIDIA A100-SXM4-40GB MIG 4g.20gb (0),1,,13,[CUDA memcpy Host-to-Device]
15600056199,8256,294514,,,,,,,,,,1.547,187333.285,Device,,NVIDIA A100-SXM4-40GB MIG 4g.20gb (0),1,,13,[CUDA memset]
15600069575,3200,294519,,,,,,,,,,0.031,9780.000,Pinned,Device,NVIDIA A100-SXM4-40GB MIG 4g.20gb (0),1,,13,[CUDA memcpy Host-to-Device]
15600075975,19104,294520,,,,,,,,,,0.197,10291.446,Pinned,Device,NVIDIA A100-SXM4-40GB MIG 4g.20gb (0),1,,13,[CUDA memcpy Host-to-Device]
15600228102,42655,294521,273,1,1,8,4,1,39,0.002,0.000,,,,,NVIDIA A100-SXM4-40GB MIG 4g.20gb (0),1,,13,"void channel_eq::eqMmseCoefCompLowMimoKernel<float, float, float, (unsigned int)4, (unsigned int)1, (unsigned int)4>(const channel_eq::_puschRxChEqStatDescr *, channel_eq::_puschRxChEqCoefCompDynDescr)"
15600370212,11488,294522,273,1,1,12,11,1,51,0.002,0.000,,,,,NVIDIA A100-SXM4-40GB MIG 4g.20gb (0),1,,13,"void channel_eq::eqMmseSoftDemapKernel<float, __half, __half, float, (unsigned int)4, (unsigned short)16383>(channel_eq::_puschRxChEqStatDescr *, channel_eq::_puschRxChEqSoftDemapDynDescr)"
15600532994,688856,294523,1,1,1,32,32,1,30,0.000,0.000,,,,,NVIDIA A100-SXM4-40GB MIG 4g.20gb (0),1,,13,"void convert_kernel<float2, __half2>(tensor_layout_any, T1 *, tensor_layout_any, const T2 *)"
15601358137,17280,294535,2253,1,1,128,1,1,16,0.000,0.000,,,,,NVIDIA A100-SXM4-40GB MIG 4g.20gb (0),1,,13,cupy_copy__float16_float16
15601539575,6912,294544,282,1,1,128,1,1,16,0.000,0.000,,,,,NVIDIA A100-SXM4-40GB MIG 4g.20gb (0),1,,13,cupy_copy__complex64_complex64
15601680949,8032,294553,26,1,1,128,1,1,16,0.000,0.000,,,,,NVIDIA A100-SXM4-40GB MIG 4g.20gb (0),1,,13,cupy_copy__float32_float32
15601811540,5792,294562,103,1,1,128,1,1,16,0.000,0.000,,,,,NVIDIA A100-SXM4-40GB MIG 4g.20gb (0),1,,13,cupy_copy__complex64_complex64
15601930514,20192,294572,1434,1,1,128,1,1,16,0.000,0.000,,,,,NVIDIA A100-SXM4-40GB MIG 4g.20gb (0),1,,13,cupy_copy__complex64_complex64
15602053457,297373,294577,1,1,1,32,32,1,30,0.000,0.000,,,,,NVIDIA A100-SXM4-40GB MIG 4g.20gb (0),1,,13,"void convert_kernel<__half2, float2>(tensor_layout_any, T1 *, tensor_layout_any, const T2 *)"
15602382701,9568,294580,,,,,,,,,,0.094,9792.637,Pinned,Device,NVIDIA A100-SXM4-40GB MIG 4g.20gb (0),1,,13,[CUDA memcpy Host-to-Device]
15602474380,617817,294581,,,,,,,,,,456.561,738716.410,Device,,NVIDIA A100-SXM4-40GB MIG 4g.20gb (0),1,,13,[CUDA memset]
15603100261,59647,294586,,,,,,,,,,1.235,20703.836,Pinned,Device,NVIDIA A100-SXM4-40GB MIG 4g.20gb (0),1,,13,[CUDA memcpy Host-to-Device]
15603163172,16384,294587,,,,,,,,,,0.197,11999.969,Pinned,Device,NVIDIA A100-SXM4-40GB MIG 4g.20gb (0),1,,13,[CUDA memcpy Host-to-Device]
15603320259,39487,294588,69,4,1,48,1,1,76,0.002,0.000,,,,,NVIDIA A100-SXM4-40GB MIG 4g.20gb (0),1,,13,"void ch_est::windowedChEstPreNoDftSOfdmKernel<float, __half, float, (unsigned int)2, (unsigned int)1, (unsigned short)4>(ch_est::puschRxChEstStatDescr_t *, ch_est::puschRxChEstDynDescr_t *)"
15603431873,12384,294589,137,2,1,24,2,1,44,0.001,0.001,,,,,NVIDIA A100-SXM4-40GB MIG 4g.20gb (0),1,,13,"void ch_est::chEstFilterNoDftSOfdmDispatchKernel<float, __half, float, (unsigned int)2>(ch_est::puschRxChEstStatDescr_t *, ch_est::puschRxChEstDynDescr_t *)"
15603597344,12959,294590,137,2,1,24,2,1,44,0.001,0.001,,,,,NVIDIA A100-SXM4-40GB MIG 4g.20gb (0),1,,13,"void ch_est::chEstFilterNoDftSOfdmDispatchKernel<float, __half, float, (unsigned int)2>(ch_est::puschRxChEstStatDescr_t *, ch_est::puschRxChEstDynDescr_t *)"
15603760926,6912,294601,103,1,1,128,1,1,16,0.000,0.000,,,,,NVIDIA A100-SXM4-40GB MIG 4g.20gb (0),1,,13,cupy_copy__complex64_complex64
15603918748,19680,294611,1434,1,1,128,1,1,16,0.000,0.000,,,,,NVIDIA A100-SXM4-40GB MIG 4g.20gb (0),1,,13,cupy_copy__complex64_complex64
15604092506,6016,294618,103,1,1,128,1,1,16,0.000,0.000,,,,,NVIDIA A100-SXM4-40GB MIG 4g.20gb (0),1,,13,cupy_copy__complex64_complex64
15604232856,275581,294625,1,1,1,32,32,1,30,0.000,0.000,,,,,NVIDIA A100-SXM4-40GB MIG 4g.20gb (0),1,,13,"void convert_kernel<__half2, float2>(tensor_layout_any, T1 *, tensor_layout_any, const T2 *)"
15604537973,8000,294628,,,,,,,,,,0.094,11712.000,Pinned,Device,NVIDIA A100-SXM4-40GB MIG 4g.20gb (0),1,,13,[CUDA memcpy Host-to-Device]
15604625396,61535,294629,,,,,,,,,,35.810,581911.200,Device,,NVIDIA A100-SXM4-40GB MIG 4g.20gb (0),1,,13,[CUDA memset]
15604693203,2272,294631,,,,,,,,,,0.000,35.211,Pinned,Device,NVIDIA A100-SXM4-40GB MIG 4g.20gb (0),1,,13,[CUDA memcpy Host-to-Device]
15604698163,11712,294632,,,,,,,,,,0.197,16786.784,Pinned,Device,NVIDIA A100-SXM4-40GB MIG 4g.20gb (0),1,,13,[CUDA memcpy Host-to-Device]
15604855985,23008,294633,273,1,1,48,1,1,40,0.000,0.001,,,,,NVIDIA A100-SXM4-40GB MIG 4g.20gb (0),1,,13,"void pusch_noise_intf_est::noiseIntfEstNoDftSOfdmKernel<float, __half, float, float, (unsigned int)2, (unsigned int)1, (unsigned char)4, (unsigned char)4>(pusch_noise_intf_est::puschRxNoiseIntfEstDynDescr)"
15604961008,7744,294644,35,1,1,128,1,1,16,0.000,0.000,,,,,NVIDIA A100-SXM4-40GB MIG 4g.20gb (0),1,,13,cupy_copy__complex64_complex64
15605122862,5600,294653,1,1,1,1,1,1,18,0.000,0.000,,,,,NVIDIA A100-SXM4-40GB MIG 4g.20gb (0),1,,13,cupy_copy__float32_float32
15605135630,1600,294659,,,,,,,,,,0.000,2.500,Device,Pageable,NVIDIA A100-SXM4-40GB MIG 4g.20gb (0),1,,7,[CUDA memcpy Device-to-Host]
15605283309,18431,294670,1434,1,1,128,1,1,16,0.000,0.000,,,,,NVIDIA A100-SXM4-40GB MIG 4g.20gb (0),1,,13,cupy_copy__complex64_complex64
15605454187,7104,294677,103,1,1,128,1,1,16,0.000,0.000,,,,,NVIDIA A100-SXM4-40GB MIG 4g.20gb (0),1,,13,cupy_copy__complex64_complex64
15605593737,18656,294684,35,1,1,128,1,1,16,0.000,0.000,,,,,NVIDIA A100-SXM4-40GB MIG 4g.20gb (0),1,,13,cupy_copy__complex64_complex64
15605727976,3424,294691,1,1,1,1,1,1,18,0.000,0.000,,,,,NVIDIA A100-SXM4-40GB MIG 4g.20gb (0),1,,13,cupy_copy__float32_float32
15605838822,278781,294702,1,1,1,32,32,1,30,0.000,0.000,,,,,NVIDIA A100-SXM4-40GB MIG 4g.20gb (0),1,,13,"void convert_kernel<__half2, float2>(tensor_layout_any, T1 *, tensor_layout_any, const T2 *)"
15606146307,5664,294705,,,,,,,,,,0.094,16542.310,Pinned,Device,NVIDIA A100-SXM4-40GB MIG 4g.20gb (0),1,,13,[CUDA memcpy Host-to-Device]
15606260994,7199,294706,,,,,,,,,,1.547,214838.447,Device,,NVIDIA A100-SXM4-40GB MIG 4g.20gb (0),1,,13,[CUDA memset]
15606272065,3968,294711,,,,,,,,,,0.031,7887.093,Pinned,Device,NVIDIA A100-SXM4-40GB MIG 4g.20gb (0),1,,13,[CUDA memcpy Host-to-Device]
15606285697,17344,294712,,,,,,,,,,0.197,11335.631,Pinned,Device,NVIDIA A100-SXM4-40GB MIG 4g.20gb (0),1,,13,[CUDA memcpy Host-to-Device]
15606425248,14464,294713,273,1,1,8,4,1,39,0.002,0.000,,,,,NVIDIA A100-SXM4-40GB MIG 4g.20gb (0),1,,13,"void channel_eq::eqMmseCoefCompLowMimoKernel<float, float, float, (unsigned int)4, (unsigned int)1, (unsigned int)4>(const channel_eq::_puschRxChEqStatDescr *, channel_eq::_puschRxChEqCoefCompDynDescr)"
15606593982,13536,294714,273,1,1,12,11,1,51,0.002,0.000,,,,,NVIDIA A100-SXM4-40GB MIG 4g.20gb (0),1,,13,"void channel_eq::eqMmseSoftDemapKernel<float, __half, __half, float, (unsigned int)4, (unsigned short)16383>(channel_eq::_puschRxChEqStatDescr *, channel_eq::_puschRxChEqSoftDemapDynDescr)"
15606761532,718424,294715,1,1,1,32,32,1,30,0.000,0.000,,,,,NVIDIA A100-SXM4-40GB MIG 4g.20gb (0),1,,13,"void convert_kernel<float2, __half2>(tensor_layout_any, T1 *, tensor_layout_any, const T2 *)"
15607601426,21344,294727,2253,1,1,128,1,1,16,0.000,0.000,,,,,NVIDIA A100-SXM4-40GB MIG 4g.20gb (0),1,,13,cupy_copy__float16_float16
15607730993,8768,294736,282,1,1,128,1,1,16,0.000,0.000,,,,,NVIDIA A100-SXM4-40GB MIG 4g.20gb (0),1,,13,cupy_copy__complex64_complex64
15607888207,5760,294745,26,1,1,128,1,1,16,0.000,0.000,,,,,NVIDIA A100-SXM4-40GB MIG 4g.20gb (0),1,,13,cupy_copy__float32_float32
15608033294,19583,294754,103,1,1,128,1,1,16,0.000,0.000,,,,,NVIDIA A100-SXM4-40GB MIG 4g.20gb (0),1,,13,cupy_copy__complex64_complex64
15608167852,26368,294764,1434,1,1,128,1,1,16,0.000,0.000,,,,,NVIDIA A100-SXM4-40GB MIG 4g.20gb (0),1,,13,cupy_copy__complex64_complex64
15608288011,278333,294769,1,1,1,32,32,1,30,0.000,0.000,,,,,NVIDIA A100-SXM4-40GB MIG 4g.20gb (0),1,,13,"void convert_kernel<__half2, float2>(tensor_layout_any, T1 *, tensor_layout_any, const T2 *)"
15608597895,9120,294772,,,,,,,,,,0.094,10273.673,Pinned,Device,NVIDIA A100-SXM4-40GB MIG 4g.20gb (0),1,,13,[CUDA memcpy Host-to-Device]
15608712774,608377,294773,,,,,,,,,,456.561,750130.446,Device,,NVIDIA A100-SXM4-40GB MIG 4g.20gb (0),1,,13,[CUDA memset]
15609327295,60639,294778,,,,,,,,,,1.235,20365.462,Pinned,Device,NVIDIA A100-SXM4-40GB MIG 4g.20gb (0),1,,13,[CUDA memcpy Host-to-Device]
15609391038,16992,294779,,,,,,,,,,0.197,11570.577,Pinned,Device,NVIDIA A100-SXM4-40GB MIG 4g.20gb (0),1,,13,[CUDA memcpy Host-to-Device]
15609546461,26655,294780,69,4,1,48,1,1,76,0.002,0.000,,,,,NVIDIA A100-SXM4-40GB MIG 4g.20gb (0),1,,13,"void ch_est::windowedChEstPreNoDftSOfdmKernel<float, __half, float, (unsigned int)2, (unsigned int)1, (unsigned short)4>(ch_est::puschRxChEstStatDescr_t *, ch_est::puschRxChEstDynDescr_t *)"
15609660443,14368,294781,137,2,1,24,2,1,44,0.001,0.001,,,,,NVIDIA A100-SXM4-40GB MIG 4g.20gb (0),1,,13,"void ch_est::chEstFilterNoDftSOfdmDispatchKernel<float, __half, float, (unsigned int)2>(ch_est::puschRxChEstStatDescr_t *, ch_est::puschRxChEstDynDescr_t *)"
15609823065,10624,294782,137,2,1,24,2,1,44,0.001,0.001,,,,,NVIDIA A100-SXM4-40GB MIG 4g.20gb (0),1,,13,"void ch_est::chEstFilterNoDftSOfdmDispatchKernel<float, __half, float, (unsigned int)2>(ch_est::puschRxChEstStatDescr_t *, ch_est::puschRxChEstDynDescr_t *)"
15609994359,6432,294793,103,1,1,128,1,1,16,0.000,0.000,,,,,NVIDIA A100-SXM4-40GB MIG 4g.20gb (0),1,,13,cupy_copy__complex64_complex64
15610154326,17727,294803,1434,1,1,128,1,1,16,0.000,0.000,,,,,NVIDIA A100-SXM4-40GB MIG 4g.20gb (0),1,,13,cupy_copy__complex64_complex64
15610329588,7680,294810,103,1,1,128,1,1,16,0.000,0.000,,,,,NVIDIA A100-SXM4-40GB MIG 4g.20gb (0),1,,13,cupy_copy__complex64_complex64
15610493170,278301,294817,1,1,1,32,32,1,30,0.000,0.000,,,,,NVIDIA A100-SXM4-40GB MIG 4g.20gb (0),1,,13,"void convert_kernel<__half2, float2>(tensor_layout_any, T1 *, tensor_layout_any, const T2 *)"
15610801454,6880,294820,,,,,,,,,,0.094,13618.526,Pinned,Device,NVIDIA A100-SXM4-40GB MIG 4g.20gb (0),1,,13,[CUDA memcpy Host-to-Device]
15610951821,62911,294821,,,,,,,,,,35.810,569198.678,Device,,NVIDIA A100-SXM4-40GB MIG 4g.20gb (0),1,,13,[CUDA memset]
15611724772,2304,294823,,,,,,,,,,0.000,34.722,Pinned,Device,NVIDIA A100-SXM4-40GB MIG 4g.20gb (0),1,,13,[CUDA memcpy Host-to-Device]
15611730148,13472,294824,,,,,,,,,,0.197,14593.819,Pinned,Device,NVIDIA A100-SXM4-40GB MIG 4g.20gb (0),1,,13,[CUDA memcpy Host-to-Device]
15611880066,31776,294825,273,1,1,48,1,1,40,0.000,0.001,,,,,NVIDIA A100-SXM4-40GB MIG 4g.20gb (0),1,,13,"void pusch_noise_intf_est::noiseIntfEstNoDftSOfdmKernel<float, __half, float, float, (unsigned int)2, (unsigned int)1, (unsigned char)4, (unsigned char)4>(pusch_noise_intf_est::puschRxNoiseIntfEstDynDescr)"
15612049248,18848,294836,35,1,1,128,1,1,16,0.000,0.000,,,,,NVIDIA A100-SXM4-40GB MIG 4g.20gb (0),1,,13,cupy_copy__complex64_complex64
15612175935,3552,294845,1,1,1,1,1,1,18,0.000,0.000,,,,,NVIDIA A100-SXM4-40GB MIG 4g.20gb (0),1,,13,cupy_copy__float32_float32
15612185279,1856,294851,,,,,,,,,,0.000,2.155,Device,Pageable,NVIDIA A100-SXM4-40GB MIG 4g.20gb (0),1,,7,[CUDA memcpy Device-to-Host]
15612296126,17407,294862,1434,1,1,128,1,1,16,0.000,0.000,,,,,NVIDIA A100-SXM4-40GB MIG 4g.20gb (0),1,,13,cupy_copy__complex64_complex64
15612415708,7136,294869,103,1,1,128,1,1,16,0.000,0.000,,,,,NVIDIA A100-SXM4-40GB MIG 4g.20gb (0),1,,13,cupy_copy__complex64_complex64
15612556763,4640,294876,35,1,1,128,1,1,16,0.000,0.000,,,,,NVIDIA A100-SXM4-40GB MIG 4g.20gb (0),1,,13,cupy_copy__complex64_complex64
15612670201,8224,294883,1,1,1,1,1,1,18,0.000,0.000,,,,,NVIDIA A100-SXM4-40GB MIG 4g.20gb (0),1,,13,cupy_copy__float32_float32
15612801272,291165,294894,1,1,1,32,32,1,30,0.000,0.000,,,,,NVIDIA A100-SXM4-40GB MIG 4g.20gb (0),1,,13,"void convert_kernel<__half2, float2>(tensor_layout_any, T1 *, tensor_layout_any, const T2 *)"
15613126484,12128,294897,,,,,,,,,,0.094,7725.516,Pinned,Device,NVIDIA A100-SXM4-40GB MIG 4g.20gb (0),1,,13,[CUDA memcpy Host-to-Device]
15613278962,8608,294898,,,,,,,,,,1.547,179672.857,Device,,NVIDIA A100-SXM4-40GB MIG 4g.20gb (0),1,,13,[CUDA memset]
15613289458,7264,294903,,,,,,,,,,0.031,4308.364,Pinned,Device,NVIDIA A100-SXM4-40GB MIG 4g.20gb (0),1,,13,[CUDA memcpy Host-to-Device]
15613302898,14720,294904,,,,,,,,,,0.197,13356.368,Pinned,Device,NVIDIA A100-SXM4-40GB MIG 4g.20gb (0),1,,13,[CUDA memcpy Host-to-Device]
15613440625,48031,294905,273,1,1,8,4,1,39,0.002,0.000,,,,,NVIDIA A100-SXM4-40GB MIG 4g.20gb (0),1,,13,"void channel_eq::eqMmseCoefCompLowMimoKernel<float, float, float, (unsigned int)4, (unsigned int)1, (unsigned int)4>(const channel_eq::_puschRxChEqStatDescr *, channel_eq::_puschRxChEqCoefCompDynDescr)"
15613569583,27680,294906,273,1,1,12,11,1,51,0.002,0.000,,,,,NVIDIA A100-SXM4-40GB MIG 4g.20gb (0),1,,13,"void channel_eq::eqMmseSoftDemapKernel<float, __half, __half, float, (unsigned int)4, (unsigned short)16383>(channel_eq::_puschRxChEqStatDescr *, channel_eq::_puschRxChEqSoftDemapDynDescr)"
15613692622,688280,294907,1,1,1,32,32,1,30,0.000,0.000,,,,,NVIDIA A100-SXM4-40GB MIG 4g.20gb (0),1,,13,"void convert_kernel<float2, __half2>(tensor_layout_any, T1 *, tensor_layout_any, const T2 *)"
15614520228,17184,294919,2253,1,1,128,1,1,16,0.000,0.000,,,,,NVIDIA A100-SXM4-40GB MIG 4g.20gb (0),1,,13,cupy_copy__float16_float16
15614670115,5504,294928,282,1,1,128,1,1,16,0.000,0.000,,,,,NVIDIA A100-SXM4-40GB MIG 4g.20gb (0),1,,13,cupy_copy__complex64_complex64
15614779714,3520,294937,26,1,1,128,1,1,16,0.000,0.000,,,,,NVIDIA A100-SXM4-40GB MIG 4g.20gb (0),1,,13,cupy_copy__float32_float32
15614880448,11328,294946,103,1,1,128,1,1,16,0.000,0.000,,,,,NVIDIA A100-SXM4-40GB MIG 4g.20gb (0),1,,13,cupy_copy__complex64_complex64
15615048959,19871,294956,1434,1,1,128,1,1,16,0.000,0.000,,,,,NVIDIA A100-SXM4-40GB MIG 4g.20gb (0),1,,13,cupy_copy__complex64_complex64
15615225853,289948,294961,1,1,1,32,32,1,30,0.000,0.000,,,,,NVIDIA A100-SXM4-40GB MIG 4g.20gb (0),1,,13,"void convert_kernel<__half2, float2>(tensor_layout_any, T1 *, tensor_layout_any, const T2 *)"
15616285617,9631,294964,,,,,,,,,,0.094,9728.549,Pinned,Device,NVIDIA A100-SXM4-40GB MIG 4g.20gb (0),1,,13,[CUDA memcpy Host-to-Device]
15616418767,622489,294965,,,,,,,,,,456.561,733237.673,Device,,NVIDIA A100-SXM4-40GB MIG 4g.20gb (0),1,,13,[CUDA memset]
15617045256,64191,294970,,,,,,,,,,1.235,19237.958,Pinned,Device,NVIDIA A100-SXM4-40GB MIG 4g.20gb (0),1,,13,[CUDA memcpy Host-to-Device]
15617111911,12512,294971,,,,,,,,,,0.197,15713.501,Pinned,Device,NVIDIA A100-SXM4-40GB MIG 4g.20gb (0),1,,13,[CUDA memcpy Host-to-Device]
15617256582,12608,294972,69,4,1,48,1,1,76,0.002,0.000,,,,,NVIDIA A100-SXM4-40GB MIG 4g.20gb (0),1,,13,"void ch_est::windowedChEstPreNoDftSOfdmKernel<float, __half, float, (unsigned int)2, (unsigned int)1, (unsigned short)4>(ch_est::puschRxChEstStatDescr_t *, ch_est::puschRxChEstDynDescr_t *)"
15617427140,12768,294973,137,2,1,24,2,1,44,0.001,0.001,,,,,NVIDIA A100-SXM4-40GB MIG 4g.20gb (0),1,,13,"void ch_est::chEstFilterNoDftSOfdmDispatchKernel<float, __half, float, (unsigned int)2>(ch_est::puschRxChEstStatDescr_t *, ch_est::puschRxChEstDynDescr_t *)"
15617591938,10624,294974,137,2,1,24,2,1,44,0.001,0.001,,,,,NVIDIA A100-SXM4-40GB MIG 4g.20gb (0),1,,13,"void ch_est::chEstFilterNoDftSOfdmDispatchKernel<float, __half, float, (unsigned int)2>(ch_est::puschRxChEstStatDescr_t *, ch_est::puschRxChEstDynDescr_t *)"
15617754912,7552,294985,103,1,1,128,1,1,16,0.000,0.000,,,,,NVIDIA A100-SXM4-40GB MIG 4g.20gb (0),1,,13,cupy_copy__complex64_complex64
15617896478,24192,294995,1434,1,1,128,1,1,16,0.000,0.000,,,,,NVIDIA A100-SXM4-40GB MIG 4g.20gb (0),1,,13,cupy_copy__complex64_complex64
15618046269,4128,295002,103,1,1,128,1,1,16,0.000,0.000,,,,,NVIDIA A100-SXM4-40GB MIG 4g.20gb (0),1,,13,cupy_copy__complex64_complex64
15618161691,281437,295009,1,1,1,32,32,1,30,0.000,0.000,,,,,NVIDIA A100-SXM4-40GB MIG 4g.20gb (0),1,,13,"void convert_kernel<__half2, float2>(tensor_layout_any, T1 *, tensor_layout_any, const T2 *)"
15618474840,6048,295012,,,,,,,,,,0.094,15491.978,Pinned,Device,NVIDIA A100-SXM4-40GB MIG 4g.20gb (0),1,,13,[CUDA memcpy Host-to-Device]
15618589751,57631,295013,,,,,,,,,,35.810,621337.922,Device,,NVIDIA A100-SXM4-40GB MIG 4g.20gb (0),1,,13,[CUDA memset]
15618698965,5696,295015,,,,,,,,,,0.000,14.045,Pinned,Device,NVIDIA A100-SXM4-40GB MIG 4g.20gb (0),1,,13,[CUDA memcpy Host-to-Device]
15618708533,14688,295016,,,,,,,,,,0.197,13385.466,Pinned,Device,NVIDIA A100-SXM4-40GB MIG 4g.20gb (0),1,,13,[CUDA memcpy Host-to-Device]
15618820468,26880,295017,273,1,1,48,1,1,40,0.000,0.001,,,,,NVIDIA A100-SXM4-40GB MIG 4g.20gb (0),1,,13,"void pusch_noise_intf_est::noiseIntfEstNoDftSOfdmKernel<float, __half, float, float, (unsigned int)2, (unsigned int)1, (unsigned char)4, (unsigned char)4>(pusch_noise_intf_est::puschRxNoiseIntfEstDynDescr)"
15618995602,11616,295028,35,1,1,128,1,1,16,0.000,0.000,,,,,NVIDIA A100-SXM4-40GB MIG 4g.20gb (0),1,,13,cupy_copy__complex64_complex64
15619135024,3328,295037,1,1,1,1,1,1,18,0.000,0.000,,,,,NVIDIA A100-SXM4-40GB MIG 4g.20gb (0),1,,13,cupy_copy__float32_float32
15619140496,4864,295043,,,,,,,,,,0.000,0.822,Device,Pageable,NVIDIA A100-SXM4-40GB MIG 4g.20gb (0),1,,7,[CUDA memcpy Device-to-Host]
15619299279,18239,295054,1434,1,1,128,1,1,16,0.000,0.000,,,,,NVIDIA A100-SXM4-40GB MIG 4g.20gb (0),1,,13,cupy_copy__complex64_complex64
15619479021,5664,295061,103,1,1,128,1,1,16,0.000,0.000,,,,,NVIDIA A100-SXM4-40GB MIG 4g.20gb (0),1,,13,cupy_copy__complex64_complex64
15619593195,9248,295068,35,1,1,128,1,1,16,0.000,0.000,,,,,NVIDIA A100-SXM4-40GB MIG 4g.20gb (0),1,,13,cupy_copy__complex64_complex64
15619730474,6688,295075,1,1,1,1,1,1,18,0.000,0.000,,,,,NVIDIA A100-SXM4-40GB MIG 4g.20gb (0),1,,13,cupy_copy__float32_float32
15619869352,305917,295086,1,1,1,32,32,1,30,0.000,0.000,,,,,NVIDIA A100-SXM4-40GB MIG 4g.20gb (0),1,,13,"void convert_kernel<__half2, float2>(tensor_layout_any, T1 *, tensor_layout_any, const T2 *)"
15620481249,8256,295089,,,,,,,,,,0.094,11348.834,Pinned,Device,NVIDIA A100-SXM4-40GB MIG 4g.20gb (0),1,,13,[CUDA memcpy Host-to-Device]
15620567936,6240,295090,,,,,,,,,,1.547,247855.776,Device,,NVIDIA A100-SXM4-40GB MIG 4g.20gb (0),1,,13,[CUDA memset]
15620579616,3232,295095,,,,,,,,,,0.031,9683.139,Pinned,Device,NVIDIA A100-SXM4-40GB MIG 4g.20gb (0),1,,13,[CUDA memcpy Host-to-Device]
15620585280,12480,295096,,,,,,,,,,0.197,15753.806,Pinned,Device,NVIDIA A100-SXM4-40GB MIG 4g.20gb (0),1,,13,[CUDA memcpy Host-to-Device]
15620726559,14367,295097,273,1,1,8,4,1,39,0.002,0.000,,,,,NVIDIA A100-SXM4-40GB MIG 4g.20gb (0),1,,13,"void channel_eq::eqMmseCoefCompLowMimoKernel<float, float, float, (unsigned int)4, (unsigned int)1, (unsigned int)4>(const channel_eq::_puschRxChEqStatDescr *, channel_eq::_puschRxChEqCoefCompDynDescr)"
15620889533,12928,295098,273,1,1,12,11,1,51,0.002,0.000,,,,,NVIDIA A100-SXM4-40GB MIG 4g.20gb (0),1,,13,"void channel_eq::eqMmseSoftDemapKernel<float, __half, __half, float, (unsigned int)4, (unsigned short)16383>(channel_eq::_puschRxChEqStatDescr *, channel_eq::_puschRxChEqSoftDemapDynDescr)"
15621055131,700376,295099,1,1,1,32,32,1,30,0.000,0.000,,,,,NVIDIA A100-SXM4-40GB MIG 4g.20gb (0),1,,13,"void convert_kernel<float2, __half2>(tensor_layout_any, T1 *, tensor_layout_any, const T2 *)"
15621840690,15808,295111,2253,1,1,128,1,1,16,0.000,0.000,,,,,NVIDIA A100-SXM4-40GB MIG 4g.20gb (0),1,,13,cupy_copy__float16_float16
15622020144,6880,295120,282,1,1,128,1,1,16,0.000,0.000,,,,,NVIDIA A100-SXM4-40GB MIG 4g.20gb (0),1,,13,cupy_copy__complex64_complex64
15622157390,7264,295129,26,1,1,128,1,1,16,0.000,0.000,,,,,NVIDIA A100-SXM4-40GB MIG 4g.20gb (0),1,,13,cupy_copy__float32_float32
15622290989,5056,295138,103,1,1,128,1,1,16,0.000,0.000,,,,,NVIDIA A100-SXM4-40GB MIG 4g.20gb (0),1,,13,cupy_copy__complex64_complex64
15622433739,25152,295148,1434,1,1,128,1,1,16,0.000,0.000,,,,,NVIDIA A100-SXM4-40GB MIG 4g.20gb (0),1,,13,cupy_copy__complex64_complex64
15622561130,275325,295153,1,1,1,32,32,1,30,0.000,0.000,,,,,NVIDIA A100-SXM4-40GB MIG 4g.20gb (0),1,,13,"void convert_kernel<__half2, float2>(tensor_layout_any, T1 *, tensor_layout_any, const T2 *)"
15622866790,6016,295156,,,,,,,,,,0.094,15574.430,Pinned,Device,NVIDIA A100-SXM4-40GB MIG 4g.20gb (0),1,,13,[CUDA memcpy Host-to-Device]
15622953637,617081,295157,,,,,,,,,,456.561,739629.533,Device,,NVIDIA A100-SXM4-40GB MIG 4g.20gb (0),1,,13,[CUDA memset]
15623575102,59392,295162,,,,,,,,,,1.235,20792.752,Pinned,Device,NVIDIA A100-SXM4-40GB MIG 4g.20gb (0),1,,13,[CUDA memcpy Host-to-Device]
15623637342,12128,295163,,,,,,,,,,0.197,16210.919,Pinned,Device,NVIDIA A100-SXM4-40GB MIG 4g.20gb (0),1,,13,[CUDA memcpy Host-to-Device]
15623740125,28511,295164,69,4,1,48,1,1,76,0.002,0.000,,,,,NVIDIA A100-SXM4-40GB MIG 4g.20gb (0),1,,13,"void ch_est::windowedChEstPreNoDftSOfdmKernel<float, __half, float, (unsigned int)2, (unsigned int)1, (unsigned short)4>(ch_est::puschRxChEstStatDescr_t *, ch_est::puschRxChEstDynDescr_t *)"
15623847067,12704,295165,137,2,1,24,2,1,44,0.001,0.001,,,,,NVIDIA A100-SXM4-40GB MIG 4g.20gb (0),1,,13,"void ch_est::chEstFilterNoDftSOfdmDispatchKernel<float, __half, float, (unsigned int)2>(ch_est::puschRxChEstStatDescr_t *, ch_est::puschRxChEstDynDescr_t *)"
15624012634,15455,295166,137,2,1,24,2,1,44,0.001,0.001,,,,,NVIDIA A100-SXM4-40GB MIG 4g.20gb (0),1,,13,"void ch_est::chEstFilterNoDftSOfdmDispatchKernel<float, __half, float, (unsigned int)2>(ch_est::puschRxChEstStatDescr_t *, ch_est::puschRxChEstDynDescr_t *)"
15624179864,9152,295177,103,1,1,128,1,1,16,0.000,0.000,,,,,NVIDIA A100-SXM4-40GB MIG 4g.20gb (0),1,,13,cupy_copy__complex64_complex64
15624315126,25088,295187,1434,1,1,128,1,1,16,0.000,0.000,,,,,NVIDIA A100-SXM4-40GB MIG 4g.20gb (0),1,,13,cupy_copy__complex64_complex64
15624462356,4480,295194,103,1,1,128,1,1,16,0.000,0.000,,,,,NVIDIA A100-SXM4-40GB MIG 4g.20gb (0),1,,13,cupy_copy__complex64_complex64
15624577843,276157,295201,1,1,1,32,32,1,30,0.000,0.000,,,,,NVIDIA A100-SXM4-40GB MIG 4g.20gb (0),1,,13,"void convert_kernel<__half2, float2>(tensor_layout_any, T1 *, tensor_layout_any, const T2 *)"
15624884304,9344,295204,,,,,,,,,,0.094,10027.346,Pinned,Device,NVIDIA A100-SXM4-40GB MIG 4g.20gb (0),1,,13,[CUDA memcpy Host-to-Device]
15624996270,74368,295205,,,,,,,,,,35.810,481500.184,Device,,NVIDIA A100-SXM4-40GB MIG 4g.20gb (0),1,,13,[CUDA memset]
15625075662,5599,295207,,,,,,,,,,0.000,14.288,Pinned,Device,NVIDIA A100-SXM4-40GB MIG 4g.20gb (0),1,,13,[CUDA memcpy Host-to-Device]
15625084525,18400,295208,,,,,,,,,,0.197,10685.055,Pinned,Device,NVIDIA A100-SXM4-40GB MIG 4g.20gb (0),1,,13,[CUDA memcpy Host-to-Device]
15625234028,16704,295209,273,1,1,48,1,1,40,0.000,0.001,,,,,NVIDIA A100-SXM4-40GB MIG 4g.20gb (0),1,,13,"void pusch_noise_intf_est::noiseIntfEstNoDftSOfdmKernel<float, __half, float, float, (unsigned int)2, (unsigned int)1, (unsigned char)4, (unsigned char)4>(pusch_noise_intf_est::puschRxNoiseIntfEstDynDescr)"
15625397098,8160,295220,35,1,1,128,1,1,16,0.000,0.000,,,,,NVIDIA A100-SXM4-40GB MIG 4g.20gb (0),1,,13,cupy_copy__complex64_complex64
15625561032,5504,295229,1,1,1,1,1,1,18,0.000,0.000,,,,,NVIDIA A100-SXM4-40GB MIG 4g.20gb (0),1,,13,cupy_copy__float32_float32
15625568936,3904,295235,,,,,,,,,,0.000,1.025,Device,Pageable,NVIDIA A100-SXM4-40GB MIG 4g.20gb (0),1,,7,[CUDA memcpy Device-to-Host]
15625724614,27200,295246,1434,1,1,128,1,1,16,0.000,0.000,,,,,NVIDIA A100-SXM4-40GB MIG 4g.20gb (0),1,,13,cupy_copy__complex64_complex64
15625853413,4320,295253,103,1,1,128,1,1,16,0.000,0.000,,,,,NVIDIA A100-SXM4-40GB MIG 4g.20gb (0),1,,13,cupy_copy__complex64_complex64
15625968323,13280,295260,35,1,1,128,1,1,16,0.000,0.000,,,,,NVIDIA A100-SXM4-40GB MIG 4g.20gb (0),1,,13,cupy_copy__complex64_complex64
15626095714,3712,295267,1,1,1,1,1,1,18,0.000,0.000,,,,,NVIDIA A100-SXM4-40GB MIG 4g.20gb (0),1,,13,cupy_copy__float32_float32
15626153697,281917,295278,1,1,1,32,32,1,30,0.000,0.000,,,,,NVIDIA A100-SXM4-40GB MIG 4g.20gb (0),1,,13,"void convert_kernel<__half2, float2>(tensor_layout_any, T1 *, tensor_layout_any, const T2 *)"
15626466558,9056,295281,,,,,,,,,,0.094,10346.287,Pinned,Device,NVIDIA A100-SXM4-40GB MIG 4g.20gb (0),1,,13,[CUDA memcpy Host-to-Device]
15626611996,4608,295282,,,,,,,,,,1.547,335637.514,Device,,NVIDIA A100-SXM4-40GB MIG 4g.20gb (0),1,,13,[CUDA memset]
15626621372,6912,295287,,,,,,,,,,0.031,4527.749,Pinned,Device,NVIDIA A100-SXM4-40GB MIG 4g.20gb (0),1,,13,[CUDA memcpy Host-to-Device]
15626634172,13632,295288,,,,,,,,,,0.197,14422.376,Pinned,Device,NVIDIA A100-SXM4-40GB MIG 4g.20gb (0),1,,13,[CUDA memcpy Host-to-Device]
15626780250,41088,295289,273,1,1,8,4,1,39,0.002,0.000,,,,,NVIDIA A100-SXM4-40GB MIG 4g.20gb (0),1,,13,"void channel_eq::eqMmseCoefCompLowMimoKernel<float, float, float, (unsigned int)4, (unsigned int)1, (unsigned int)4>(const channel_eq::_puschRxChEqStatDescr *, channel_eq::_puschRxChEqCoefCompDynDescr)"
15626933113,11551,295290,273,1,1,12,11,1,51,0.002,0.000,,,,,NVIDIA A100-SXM4-40GB MIG 4g.20gb (0),1,,13,"void channel_eq::eqMmseSoftDemapKernel<float, __half, __half, float, (unsigned int)4, (unsigned short)16383>(channel_eq::_puschRxChEqStatDescr *, channel_eq::_puschRxChEqSoftDemapDynDescr)"
15627098199,734615,295291,1,1,1,32,32,1,30,0.000,0.000,,,,,NVIDIA A100-SXM4-40GB MIG 4g.20gb (0),1,,13,"void convert_kernel<float2, __half2>(tensor_layout_any, T1 *, tensor_layout_any, const T2 *)"
15627990509,17663,295303,2253,1,1,128,1,1,16,0.000,0.000,,,,,NVIDIA A100-SXM4-40GB MIG 4g.20gb (0),1,,13,cupy_copy__float16_float16
15628139691,6016,295312,282,1,1,128,1,1,16,0.000,0.000,,,,,NVIDIA A100-SXM4-40GB MIG 4g.20gb (0),1,,13,cupy_copy__complex64_complex64
15628252714,4000,295321,26,1,1,128,1,1,16,0.000,0.000,,,,,NVIDIA A100-SXM4-40GB MIG 4g.20gb (0),1,,13,cupy_copy__float32_float32
15628357609,9759,295330,103,1,1,128,1,1,16,0.000,0.000,,,,,NVIDIA A100-SXM4-40GB MIG 4g.20gb (0),1,,13,cupy_copy__complex64_complex64
15628533159,23327,295340,1434,1,1,128,1,1,16,0.000,0.000,,,,,NVIDIA A100-SXM4-40GB MIG 4g.20gb (0),1,,13,cupy_copy__complex64_complex64
15628618694,302492,295345,1,1,1,32,32,1,30,0.000,0.000,,,,,NVIDIA A100-SXM4-40GB MIG 4g.20gb (0),1,,13,"void convert_kernel<__half2, float2>(tensor_layout_any, T1 *, tensor_layout_any, const T2 *)"
15629586843,5472,295348,,,,,,,,,,0.094,17122.757,Pinned,Device,NVIDIA A100-SXM4-40GB MIG 4g.20gb (0),1,,13,[CUDA memcpy Host-to-Device]
15629679994,623545,295349,,,,,,,,,,456.561,731867.988,Device,,NVIDIA A100-SXM4-40GB MIG 4g.20gb (0),1,,13,[CUDA memset]
15630305395,62559,295354,,,,,,,,,,1.235,19739.345,Pinned,Device,NVIDIA A100-SXM4-40GB MIG 4g.20gb (0),1,,13,[CUDA memcpy Host-to-Device]
15630370418,15712,295355,,,,,,,,,,0.197,12513.116,Pinned,Device,NVIDIA A100-SXM4-40GB MIG 4g.20gb (0),1,,13,[CUDA memcpy Host-to-Device]
15630665999,11455,295356,69,4,1,48,1,1,76,0.002,0.000,,,,,NVIDIA A100-SXM4-40GB MIG 4g.20gb (0),1,,13,"void ch_est::windowedChEstPreNoDftSOfdmKernel<float, __half, float, (unsigned int)2, (unsigned int)1, (unsigned short)4>(ch_est::puschRxChEstStatDescr_t *, ch_est::puschRxChEstDynDescr_t *)"
15630842477,24223,295357,137,2,1,24,2,1,44,0.001,0.001,,,,,NVIDIA A100-SXM4-40GB MIG 4g.20gb (0),1,,13,"void ch_est::chEstFilterNoDftSOfdmDispatchKernel<float, __half, float, (unsigned int)2>(ch_est::puschRxChEstStatDescr_t *, ch_est::puschRxChEstDynDescr_t *)"
15630948395,10560,295358,137,2,1,24,2,1,44,0.001,0.001,,,,,NVIDIA A100-SXM4-40GB MIG 4g.20gb (0),1,,13,"void ch_est::chEstFilterNoDftSOfdmDispatchKernel<float, __half, float, (unsigned int)2>(ch_est::puschRxChEstStatDescr_t *, ch_est::puschRxChEstDynDescr_t *)"
15631118857,6848,295369,103,1,1,128,1,1,16,0.000,0.000,,,,,NVIDIA A100-SXM4-40GB MIG 4g.20gb (0),1,,13,cupy_copy__complex64_complex64
15631258024,25440,295379,1434,1,1,128,1,1,16,0.000,0.000,,,,,NVIDIA A100-SXM4-40GB MIG 4g.20gb (0),1,,13,cupy_copy__complex64_complex64
15631402854,5408,295386,103,1,1,128,1,1,16,0.000,0.000,,,,,NVIDIA A100-SXM4-40GB MIG 4g.20gb (0),1,,13,cupy_copy__complex64_complex64
15631512965,306653,295393,1,1,1,32,32,1,30,0.000,0.000,,,,,NVIDIA A100-SXM4-40GB MIG 4g.20gb (0),1,,13,"void convert_kernel<__half2, float2>(tensor_layout_any, T1 *, tensor_layout_any, const T2 *)"
15632308380,7360,295396,,,,,,,,,,0.094,12730.382,Pinned,Device,NVIDIA A100-SXM4-40GB MIG 4g.20gb (0),1,,13,[CUDA memcpy Host-to-Device]
15632455866,54176,295397,,,,,,,,,,35.810,660979.503,Device,,NVIDIA A100-SXM4-40GB MIG 4g.20gb (0),1,,13,[CUDA memset]
15632512474,1824,295399,,,,,,,,,,0.000,43.860,Pinned,Device,NVIDIA A100-SXM4-40GB MIG 4g.20gb (0),1,,13,[CUDA memcpy Host-to-Device]
15632516794,9952,295400,,,,,,,,,,0.197,19755.565,Pinned,Device,NVIDIA A100-SXM4-40GB MIG 4g.20gb (0),1,,13,[CUDA memcpy Host-to-Device]
15632678296,29632,295401,273,1,1,48,1,1,40,0.000,0.001,,,,,NVIDIA A100-SXM4-40GB MIG 4g.20gb (0),1,,13,"void pusch_noise_intf_est::noiseIntfEstNoDftSOfdmKernel<float, __half, float, float, (unsigned int)2, (unsigned int)1, (unsigned char)4, (unsigned char)4>(pusch_noise_intf_est::puschRxNoiseIntfEstDynDescr)"
15632852854,17600,295412,35,1,1,128,1,1,16,0.000,0.000,,,,,NVIDIA A100-SXM4-40GB MIG 4g.20gb (0),1,,13,cupy_copy__complex64_complex64
15632987764,3488,295421,1,1,1,1,1,1,18,0.000,0.000,,,,,NVIDIA A100-SXM4-40GB MIG 4g.20gb (0),1,,13,cupy_copy__float32_float32
15632996788,2240,295427,,,,,,,,,,0.000,1.786,Device,Pageable,NVIDIA A100-SXM4-40GB MIG 4g.20gb (0),1,,7,[CUDA memcpy Device-to-Host]
15633179922,26464,295438,1434,1,1,128,1,1,16,0.000,0.000,,,,,NVIDIA A100-SXM4-40GB MIG 4g.20gb (0),1,,13,cupy_copy__complex64_complex64
15633300081,4096,295445,103,1,1,128,1,1,16,0.000,0.000,,,,,NVIDIA A100-SXM4-40GB MIG 4g.20gb (0),1,,13,cupy_copy__complex64_complex64
15633412656,7072,295452,35,1,1,128,1,1,16,0.000,0.000,,,,,NVIDIA A100-SXM4-40GB MIG 4g.20gb (0),1,,13,cupy_copy__complex64_complex64
15633573742,4384,295459,1,1,1,1,1,1,18,0.000,0.000,,,,,NVIDIA A100-SXM4-40GB MIG 4g.20gb (0),1,,13,cupy_copy__float32_float32
15633625709,287869,295470,1,1,1,32,32,1,30,0.000,0.000,,,,,NVIDIA A100-SXM4-40GB MIG 4g.20gb (0),1,,13,"void convert_kernel<__half2, float2>(tensor_layout_any, T1 *, tensor_layout_any, const T2 *)"
15634838208,8607,295473,,,,,,,,,,0.094,10885.976,Pinned,Device,NVIDIA A100-SXM4-40GB MIG 4g.20gb (0),1,,13,[CUDA memcpy Host-to-Device]
15634970014,6112,295474,,,,,,,,,,1.547,253046.246,Device,,NVIDIA A100-SXM4-40GB MIG 4g.20gb (0),1,,13,[CUDA memset]
15634979262,3136,295479,,,,,,,,,,0.031,9979.575,Pinned,Device,NVIDIA A100-SXM4-40GB MIG 4g.20gb (0),1,,13,[CUDA memcpy Host-to-Device]
15634984798,10336,295480,,,,,,,,,,0.197,19021.627,Pinned,Device,NVIDIA A100-SXM4-40GB MIG 4g.20gb (0),1,,13,[CUDA memcpy Host-to-Device]
15635081885,12544,295481,273,1,1,8,4,1,39,0.002,0.000,,,,,NVIDIA A100-SXM4-40GB MIG 4g.20gb (0),1,,13,"void channel_eq::eqMmseCoefCompLowMimoKernel<float, float, float, (unsigned int)4, (unsigned int)1, (unsigned int)4>(const channel_eq::_puschRxChEqStatDescr *, channel_eq::_puschRxChEqCoefCompDynDescr)"
15635248475,13088,295482,273,1,1,12,11,1,51,0.002,0.000,,,,,NVIDIA A100-SXM4-40GB MIG 4g.20gb (0),1,,13,"void channel_eq::eqMmseSoftDemapKernel<float, __half, __half, float, (unsigned int)4, (unsigned short)16383>(channel_eq::_puschRxChEqStatDescr *, channel_eq::_puschRxChEqSoftDemapDynDescr)"
15635408633,700376,295483,1,1,1,32,32,1,30,0.000,0.000,,,,,NVIDIA A100-SXM4-40GB MIG 4g.20gb (0),1,,13,"void convert_kernel<float2, __half2>(tensor_layout_any, T1 *, tensor_layout_any, const T2 *)"
15636242576,14176,295495,2253,1,1,128,1,1,16,0.000,0.000,,,,,NVIDIA A100-SXM4-40GB MIG 4g.20gb (0),1,,13,cupy_copy__float16_float16
15636419982,6688,295504,282,1,1,128,1,1,16,0.000,0.000,,,,,NVIDIA A100-SXM4-40GB MIG 4g.20gb (0),1,,13,cupy_copy__complex64_complex64
15636582188,6272,295513,26,1,1,128,1,1,16,0.000,0.000,,,,,NVIDIA A100-SXM4-40GB MIG 4g.20gb (0),1,,13,cupy_copy__float32_float32
15636747626,9600,295522,103,1,1,128,1,1,16,0.000,0.000,,,,,NVIDIA A100-SXM4-40GB MIG 4g.20gb (0),1,,13,cupy_copy__complex64_complex64
15636919208,18592,295532,1434,1,1,128,1,1,16,0.000,0.000,,,,,NVIDIA A100-SXM4-40GB MIG 4g.20gb (0),1,,13,cupy_copy__complex64_complex64
15637099590,290781,295537,1,1,1,32,32,1,30,0.000,0.000,,,,,NVIDIA A100-SXM4-40GB MIG 4g.20gb (0),1,,13,"void convert_kernel<__half2, float2>(tensor_layout_any, T1 *, tensor_layout_any, const T2 *)"
15637920125,5664,295540,,,,,,,,,,0.094,16542.310,Pinned,Device,NVIDIA A100-SXM4-40GB MIG 4g.20gb (0),1,,13,[CUDA memcpy Host-to-Device]
15638012508,617593,295541,,,,,,,,,,456.561,739172.971,Device,,NVIDIA A100-SXM4-40GB MIG 4g.20gb (0),1,,13,[CUDA memset]
15638632309,63647,295546,,,,,,,,,,1.235,19402.205,Pinned,Device,NVIDIA A100-SXM4-40GB MIG 4g.20gb (0),1,,13,[CUDA memcpy Host-to-Device]
15638698420,12480,295547,,,,,,,,,,0.197,15753.806,Pinned,Device,NVIDIA A100-SXM4-40GB MIG 4g.20gb (0),1,,13,[CUDA memcpy Host-to-Device]
15638857842,24960,295548,69,4,1,48,1,1,76,0.002,0.000,,,,,NVIDIA A100-SXM4-40GB MIG 4g.20gb (0),1,,13,"void ch_est::windowedChEstPreNoDftSOfdmKernel<float, __half, float, (unsigned int)2, (unsigned int)1, (unsigned short)4>(ch_est::puschRxChEstStatDescr_t *, ch_est::puschRxChEstDynDescr_t *)"
15638975089,10976,295549,137,2,1,24,2,1,44,0.001,0.001,,,,,NVIDIA A100-SXM4-40GB MIG 4g.20gb (0),1,,13,"void ch_est::chEstFilterNoDftSOfdmDispatchKernel<float, __half, float, (unsigned int)2>(ch_est::puschRxChEstStatDescr_t *, ch_est::puschRxChEstDynDescr_t *)"
15639135631,11232,295550,137,2,1,24,2,1,44,0.001,0.001,,,,,NVIDIA A100-SXM4-40GB MIG 4g.20gb (0),1,,13,"void ch_est::chEstFilterNoDftSOfdmDispatchKernel<float, __half, float, (unsigned int)2>(ch_est::puschRxChEstStatDescr_t *, ch_est::puschRxChEstDynDescr_t *)"
15639296909,7264,295561,103,1,1,128,1,1,16,0.000,0.000,,,,,NVIDIA A100-SXM4-40GB MIG 4g.20gb (0),1,,13,cupy_copy__complex64_complex64
15639437484,22911,295571,1434,1,1,128,1,1,16,0.000,0.000,,,,,NVIDIA A100-SXM4-40GB MIG 4g.20gb (0),1,,13,cupy_copy__complex64_complex64
15639581706,7712,295578,103,1,1,128,1,1,16,0.000,0.000,,,,,NVIDIA A100-SXM4-40GB MIG 4g.20gb (0),1,,13,cupy_copy__complex64_complex64
15639688521,285117,295585,1,1,1,32,32,1,30,0.000,0.000,,,,,NVIDIA A100-SXM4-40GB MIG 4g.20gb (0),1,,13,"void convert_kernel<__half2, float2>(tensor_layout_any, T1 *, tensor_layout_any, const T2 *)"
15640003781,10560,295588,,,,,,,,,,0.094,8872.636,Pinned,Device,NVIDIA A100-SXM4-40GB MIG 4g.20gb (0),1,,13,[CUDA memcpy Host-to-Device]
15640111524,52640,295589,,,,,,,,,,35.810,680245.240,Device,,NVIDIA A100-SXM4-40GB MIG 4g.20gb (0),1,,13,[CUDA memset]
15640169539,1856,295591,,,,,,,,,,0.000,43.103,Pinned,Device,NVIDIA A100-SXM4-40GB MIG 4g.20gb (0),1,,13,[CUDA memcpy Host-to-Device]
15640173987,9568,295592,,,,,,,,,,0.197,20548.485,Pinned,Device,NVIDIA A100-SXM4-40GB MIG 4g.20gb (0),1,,13,[CUDA memcpy Host-to-Device]
15640331490,16063,295593,273,1,1,48,1,1,40,0.000,0.001,,,,,NVIDIA A100-SXM4-40GB MIG 4g.20gb (0),1,,13,"void pusch_noise_intf_est::noiseIntfEstNoDftSOfdmKernel<float, __half, float, float, (unsigned int)2, (unsigned int)1, (unsigned char)4, (unsigned char)4>(pusch_noise_intf_est::puschRxNoiseIntfEstDynDescr)"
15640490176,7680,295604,35,1,1,128,1,1,16,0.000,0.000,,,,,NVIDIA A100-SXM4-40GB MIG 4g.20gb (0),1,,13,cupy_copy__complex64_complex64
15640655454,5920,295613,1,1,1,1,1,1,18,0.000,0.000,,,,,NVIDIA A100-SXM4-40GB MIG 4g.20gb (0),1,,13,cupy_copy__float32_float32
15640664798,4704,295619,,,,,,,,,,0.000,0.850,Device,Pageable,NVIDIA A100-SXM4-40GB MIG 4g.20gb (0),1,,7,[CUDA memcpy Device-to-Host]
15640834940,18240,295630,1434,1,1,128,1,1,16,0.000,0.000,,,,,NVIDIA A100-SXM4-40GB MIG 4g.20gb (0),1,,13,cupy_copy__complex64_complex64
15640948155,7104,295637,103,1,1,128,1,1,16,0.000,0.000,,,,,NVIDIA A100-SXM4-40GB MIG 4g.20gb (0),1,,13,cupy_copy__complex64_complex64
15641086329,4160,295644,35,1,1,128,1,1,16,0.000,0.000,,,,,NVIDIA A100-SXM4-40GB MIG 4g.20gb (0),1,,13,cupy_copy__complex64_complex64
15641209880,3328,295651,1,1,1,1,1,1,18,0.000,0.000,,,,,NVIDIA A100-SXM4-40GB MIG 4g.20gb (0),1,,13,cupy_copy__float32_float32
15641313527,285532,295662,1,1,1,32,32,1,30,0.000,0.000,,,,,NVIDIA A100-SXM4-40GB MIG 4g.20gb (0),1,,13,"void convert_kernel<__half2, float2>(tensor_layout_any, T1 *, tensor_layout_any, const T2 *)"
15641906672,5632,295665,,,,,,,,,,0.094,16636.287,Pinned,Device,NVIDIA A100-SXM4-40GB MIG 4g.20gb (0),1,,13,[CUDA memcpy Host-to-Device]
15642031438,8448,295666,,,,,,,,,,1.547,183075.430,Device,,NVIDIA A100-SXM4-40GB MIG 4g.20gb (0),1,,13,[CUDA memset]
15642094670,7392,295671,,,,,,,,,,0.031,4233.754,Pinned,Device,NVIDIA A100-SXM4-40GB MIG 4g.20gb (0),1,,13,[CUDA memcpy Host-to-Device]
15642107822,10975,295672,,,,,,,,,,0.197,17914.135,Pinned,Device,NVIDIA A100-SXM4-40GB MIG 4g.20gb (0),1,,13,[CUDA memcpy Host-to-Device]
15642200749,21087,295673,273,1,1,8,4,1,39,0.002,0.000,,,,,NVIDIA A100-SXM4-40GB MIG 4g.20gb (0),1,,13,"void channel_eq::eqMmseCoefCompLowMimoKernel<float, float, float, (unsigned int)4, (unsigned int)1, (unsigned int)4>(const channel_eq::_puschRxChEqStatDescr *, channel_eq::_puschRxChEqCoefCompDynDescr)"
15642313995,13184,295674,273,1,1,12,11,1,51,0.002,0.000,,,,,NVIDIA A100-SXM4-40GB MIG 4g.20gb (0),1,,13,"void channel_eq::eqMmseSoftDemapKernel<float, __half, __half, float, (unsigned int)4, (unsigned short)16383>(channel_eq::_puschRxChEqStatDescr *, channel_eq::_puschRxChEqSoftDemapDynDescr)"
15642482281,695033,295675,1,1,1,32,32,1,30,0.000,0.000,,,,,NVIDIA A100-SXM4-40GB MIG 4g.20gb (0),1,,13,"void convert_kernel<float2, __half2>(tensor_layout_any, T1 *, tensor_layout_any, const T2 *)"
15643267265,14271,295687,2253,1,1,128,1,1,16,0.000,0.000,,,,,NVIDIA A100-SXM4-40GB MIG 4g.20gb (0),1,,13,cupy_copy__float16_float16
15643453086,7136,295696,282,1,1,128,1,1,16,0.000,0.000,,,,,NVIDIA A100-SXM4-40GB MIG 4g.20gb (0),1,,13,cupy_copy__complex64_complex64
15643564573,4928,295705,26,1,1,128,1,1,16,0.000,0.000,,,,,NVIDIA A100-SXM4-40GB MIG 4g.20gb (0),1,,13,cupy_copy__float32_float32
15643673020,5312,295714,103,1,1,128,1,1,16,0.000,0.000,,,,,NVIDIA A100-SXM4-40GB MIG 4g.20gb (0),1,,13,cupy_copy__complex64_complex64
15643807322,18560,295724,1434,1,1,128,1,1,16,0.000,0.000,,,,,NVIDIA A100-SXM4-40GB MIG 4g.20gb (0),1,,13,cupy_copy__complex64_complex64
15643948857,291421,295729,1,1,1,32,32,1,30,0.000,0.000,,,,,NVIDIA A100-SXM4-40GB MIG 4g.20gb (0),1,,13,"void convert_kernel<__half2, float2>(tensor_layout_any, T1 *, tensor_layout_any, const T2 *)"
15644545618,10528,295732,,,,,,,,,,0.094,8899.621,Pinned,Device,NVIDIA A100-SXM4-40GB MIG 4g.20gb (0),1,,13,[CUDA memcpy Host-to-Device]
15644675217,611769,295733,,,,,,,,,,456.561,746021.393,Device,,NVIDIA A100-SXM4-40GB MIG 4g.20gb (0),1,,13,[CUDA memset]
15645289706,66783,295738,,,,,,,,,,1.235,18490.817,Pinned,Device,NVIDIA A100-SXM4-40GB MIG 4g.20gb (0),1,,13,[CUDA memcpy Host-to-Device]
15645358953,11200,295739,,,,,,,,,,0.197,17554.145,Pinned,Device,NVIDIA A100-SXM4-40GB MIG 4g.20gb (0),1,,13,[CUDA memcpy Host-to-Device]
15645515207,28704,295740,69,4,1,48,1,1,76,0.002,0.000,,,,,NVIDIA A100-SXM4-40GB MIG 4g.20gb (0),1,,13,"void ch_est::windowedChEstPreNoDftSOfdmKernel<float, __half, float, (unsigned int)2, (unsigned int)1, (unsigned short)4>(ch_est::puschRxChEstStatDescr_t *, ch_est::puschRxChEstDynDescr_t *)"
15645628518,12000,295741,137,2,1,24,2,1,44,0.001,0.001,,,,,NVIDIA A100-SXM4-40GB MIG 4g.20gb (0),1,,13,"void ch_est::chEstFilterNoDftSOfdmDispatchKernel<float, __half, float, (unsigned int)2>(ch_est::puschRxChEstStatDescr_t *, ch_est::puschRxChEstDynDescr_t *)"
15645793732,11104,295742,137,2,1,24,2,1,44,0.001,0.001,,,,,NVIDIA A100-SXM4-40GB MIG 4g.20gb (0),1,,13,"void ch_est::chEstFilterNoDftSOfdmDispatchKernel<float, __half, float, (unsigned int)2>(ch_est::puschRxChEstStatDescr_t *, ch_est::puschRxChEstDynDescr_t *)"
15645962082,6528,295753,103,1,1,128,1,1,16,0.000,0.000,,,,,NVIDIA A100-SXM4-40GB MIG 4g.20gb (0),1,,13,cupy_copy__complex64_complex64
15646117344,18400,295763,1434,1,1,128,1,1,16,0.000,0.000,,,,,NVIDIA A100-SXM4-40GB MIG 4g.20gb (0),1,,13,cupy_copy__complex64_complex64
15646291006,6240,295770,103,1,1,128,1,1,16,0.000,0.000,,,,,NVIDIA A100-SXM4-40GB MIG 4g.20gb (0),1,,13,cupy_copy__complex64_complex64
15646461245,274876,295777,1,1,1,32,32,1,30,0.000,0.000,,,,,NVIDIA A100-SXM4-40GB MIG 4g.20gb (0),1,,13,"void convert_kernel<__half2, float2>(tensor_layout_any, T1 *, tensor_layout_any, const T2 *)"
15646767737,8384,295780,,,,,,,,,,0.094,11175.497,Pinned,Device,NVIDIA A100-SXM4-40GB MIG 4g.20gb (0),1,,13,[CUDA memcpy Host-to-Device]
15646892120,53407,295781,,,,,,,,,,35.810,670504.942,Device,,NVIDIA A100-SXM4-40GB MIG 4g.20gb (0),1,,13,[CUDA memset]
15646961367,2048,295783,,,,,,,,,,0.000,39.062,Pinned,Device,NVIDIA A100-SXM4-40GB MIG 4g.20gb (0),1,,13,[CUDA memcpy Host-to-Device]
15646969399,13056,295784,,,,,,,,,,0.197,15058.797,Pinned,Device,NVIDIA A100-SXM4-40GB MIG 4g.20gb (0),1,,13,[CUDA memcpy Host-to-Device]
15647159381,13696,295785,273,1,1,48,1,1,40,0.000,0.001,,,,,NVIDIA A100-SXM4-40GB MIG 4g.20gb (0),1,,13,"void pusch_noise_intf_est::noiseIntfEstNoDftSOfdmKernel<float, __half, float, float, (unsigned int)2, (unsigned int)1, (unsigned char)4, (unsigned char)4>(pusch_noise_intf_est::puschRxNoiseIntfEstDynDescr)"
15647327091,4256,295796,35,1,1,128,1,1,16,0.000,0.000,,,,,NVIDIA A100-SXM4-40GB MIG 4g.20gb (0),1,,13,cupy_copy__complex64_complex64
15647472081,5792,295805,1,1,1,1,1,1,18,0.000,0.000,,,,,NVIDIA A100-SXM4-40GB MIG 4g.20gb (0),1,,13,cupy_copy__float32_float32
15647485425,1920,295811,,,,,,,,,,0.000,2.083,Device,Pageable,NVIDIA A100-SXM4-40GB MIG 4g.20gb (0),1,,7,[CUDA memcpy Device-to-Host]
15647651407,21312,295822,1434,1,1,128,1,1,16,0.000,0.000,,,,,NVIDIA A100-SXM4-40GB MIG 4g.20gb (0),1,,13,cupy_copy__complex64_complex64
15647736590,4224,295829,103,1,1,128,1,1,16,0.000,0.000,,,,,NVIDIA A100-SXM4-40GB MIG 4g.20gb (0),1,,13,cupy_copy__complex64_complex64
15647840397,7712,295836,35,1,1,128,1,1,16,0.000,0.000,,,,,NVIDIA A100-SXM4-40GB MIG 4g.20gb (0),1,,13,cupy_copy__complex64_complex64
15648003627,5824,295843,1,1,1,1,1,1,18,0.000,0.000,,,,,NVIDIA A100-SXM4-40GB MIG 4g.20gb (0),1,,13,cupy_copy__float32_float32
15648052523,290780,295854,1,1,1,32,32,1,30,0.000,0.000,,,,,NVIDIA A100-SXM4-40GB MIG 4g.20gb (0),1,,13,"void convert_kernel<__half2, float2>(tensor_layout_any, T1 *, tensor_layout_any, const T2 *)"
15648379207,12288,295857,,,,,,,,,,0.094,7624.980,Pinned,Device,NVIDIA A100-SXM4-40GB MIG 4g.20gb (0),1,,13,[CUDA memcpy Host-to-Device]
15648451590,5312,295858,,,,,,,,,,1.547,291156.608,Device,,NVIDIA A100-SXM4-40GB MIG 4g.20gb (0),1,,13,[CUDA memset]
15648460774,3200,295863,,,,,,,,,,0.031,9780.000,Pinned,Device,NVIDIA A100-SXM4-40GB MIG 4g.20gb (0),1,,13,[CUDA memcpy Host-to-Device]
15648470822,13856,295864,,,,,,,,,,0.197,14189.199,Pinned,Device,NVIDIA A100-SXM4-40GB MIG 4g.20gb (0),1,,13,[CUDA memcpy Host-to-Device]
15648563909,31424,295865,273,1,1,8,4,1,39,0.002,0.000,,,,,NVIDIA A100-SXM4-40GB MIG 4g.20gb (0),1,,13,"void channel_eq::eqMmseCoefCompLowMimoKernel<float, float, float, (unsigned int)4, (unsigned int)1, (unsigned int)4>(const channel_eq::_puschRxChEqStatDescr *, channel_eq::_puschRxChEqCoefCompDynDescr)"
15648688131,38560,295866,273,1,1,12,11,1,51,0.002,0.000,,,,,NVIDIA A100-SXM4-40GB MIG 4g.20gb (0),1,,13,"void channel_eq::eqMmseSoftDemapKernel<float, __half, __half, float, (unsigned int)4, (unsigned short)16383>(channel_eq::_puschRxChEqStatDescr *, channel_eq::_puschRxChEqSoftDemapDynDescr)"
15648816546,723128,295867,1,1,1,32,32,1,30,0.000,0.000,,,,,NVIDIA A100-SXM4-40GB MIG 4g.20gb (0),1,,13,"void convert_kernel<float2, __half2>(tensor_layout_any, T1 *, tensor_layout_any, const T2 *)"
15649626393,14976,295879,2253,1,1,128,1,1,16,0.000,0.000,,,,,NVIDIA A100-SXM4-40GB MIG 4g.20gb (0),1,,13,cupy_copy__float16_float16
15649809687,7008,295888,282,1,1,128,1,1,16,0.000,0.000,,,,,NVIDIA A100-SXM4-40GB MIG 4g.20gb (0),1,,13,cupy_copy__complex64_complex64
15649956661,7872,295897,26,1,1,128,1,1,16,0.000,0.000,,,,,NVIDIA A100-SXM4-40GB MIG 4g.20gb (0),1,,13,cupy_copy__float32_float32
15650092564,5248,295906,103,1,1,128,1,1,16,0.000,0.000,,,,,NVIDIA A100-SXM4-40GB MIG 4g.20gb (0),1,,13,cupy_copy__complex64_complex64
15650243442,23136,295916,1434,1,1,128,1,1,16,0.000,0.000,,,,,NVIDIA A100-SXM4-40GB MIG 4g.20gb (0),1,,13,cupy_copy__complex64_complex64
15650376656,288733,295921,1,1,1,32,32,1,30,0.000,0.000,,,,,NVIDIA A100-SXM4-40GB MIG 4g.20gb (0),1,,13,"void convert_kernel<__half2, float2>(tensor_layout_any, T1 *, tensor_layout_any, const T2 *)"
15650694797,12160,295924,,,,,,,,,,0.094,7705.184,Pinned,Device,NVIDIA A100-SXM4-40GB MIG 4g.20gb (0),1,,13,[CUDA memcpy Host-to-Device]
15650809740,623833,295925,,,,,,,,,,456.561,731411.427,Device,,NVIDIA A100-SXM4-40GB MIG 4g.20gb (0),1,,13,[CUDA memset]
15651443108,61536,295930,,,,,,,,,,1.235,20067.840,Pinned,Device,NVIDIA A100-SXM4-40GB MIG 4g.20gb (0),1,,13,[CUDA memcpy Host-to-Device]
15651509700,13344,295931,,,,,,,,,,0.197,14733.804,Pinned,Device,NVIDIA A100-SXM4-40GB MIG 4g.20gb (0),1,,13,[CUDA memcpy Host-to-Device]
15651652194,12512,295932,69,4,1,48,1,1,76,0.002,0.000,,,,,NVIDIA A100-SXM4-40GB MIG 4g.20gb (0),1,,13,"void ch_est::windowedChEstPreNoDftSOfdmKernel<float, __half, float, (unsigned int)2, (unsigned int)1, (unsigned short)4>(ch_est::puschRxChEstStatDescr_t *, ch_est::puschRxChEstDynDescr_t *)"
15651829696,11456,295933,137,2,1,24,2,1,44,0.001,0.001,,,,,NVIDIA A100-SXM4-40GB MIG 4g.20gb (0),1,,13,"void ch_est::chEstFilterNoDftSOfdmDispatchKernel<float, __half, float, (unsigned int)2>(ch_est::puschRxChEstStatDescr_t *, ch_est::puschRxChEstDynDescr_t *)"
15651993278,13824,295934,137,2,1,24,2,1,44,0.001,0.001,,,,,NVIDIA A100-SXM4-40GB MIG 4g.20gb (0),1,,13,"void ch_est::chEstFilterNoDftSOfdmDispatchKernel<float, __half, float, (unsigned int)2>(ch_est::puschRxChEstStatDescr_t *, ch_est::puschRxChEstDynDescr_t *)"
15652122141,6112,295945,103,1,1,128,1,1,16,0.000,0.000,,,,,NVIDIA A100-SXM4-40GB MIG 4g.20gb (0),1,,13,cupy_copy__complex64_complex64
15652175196,20000,295955,1434,1,1,128,1,1,16,0.000,0.000,,,,,NVIDIA A100-SXM4-40GB MIG 4g.20gb (0),1,,13,cupy_copy__complex64_complex64
15652203484,6336,295962,103,1,1,128,1,1,16,0.000,0.000,,,,,NVIDIA A100-SXM4-40GB MIG 4g.20gb (0),1,,13,cupy_copy__complex64_complex64
15652248155,293885,295969,1,1,1,32,32,1,30,0.000,0.000,,,,,NVIDIA A100-SXM4-40GB MIG 4g.20gb (0),1,,13,"void convert_kernel<__half2, float2>(tensor_layout_any, T1 *, tensor_layout_any, const T2 *)"
15652958355,5888,295972,,,,,,,,,,0.094,15912.954,Pinned,Device,NVIDIA A100-SXM4-40GB MIG 4g.20gb (0),1,,13,[CUDA memcpy Host-to-Device]
15652998579,54079,295973,,,,,,,,,,35.810,662161.231,Device,,NVIDIA A100-SXM4-40GB MIG 4g.20gb (0),1,,13,[CUDA memset]
15653055666,1856,295975,,,,,,,,,,0.000,43.103,Pinned,Device,NVIDIA A100-SXM4-40GB MIG 4g.20gb (0),1,,13,[CUDA memcpy Host-to-Device]
15653060210,11712,295976,,,,,,,,,,0.197,16786.784,Pinned,Device,NVIDIA A100-SXM4-40GB MIG 4g.20gb (0),1,,13,[CUDA memcpy Host-to-Device]
15653123217,31136,295977,273,1,1,48,1,1,40,0.000,0.001,,,,,NVIDIA A100-SXM4-40GB MIG 4g.20gb (0),1,,13,"void pusch_noise_intf_est::noiseIntfEstNoDftSOfdmKernel<float, __half, float, float, (unsigned int)2, (unsigned int)1, (unsigned char)4, (unsigned char)4>(pusch_noise_intf_est::puschRxNoiseIntfEstDynDescr)"
15653208145,8031,295988,35,1,1,128,1,1,16,0.000,0.000,,,,,NVIDIA A100-SXM4-40GB MIG 4g.20gb (0),1,,13,cupy_copy__complex64_complex64
15653333167,4896,295997,1,1,1,1,1,1,18,0.000,0.000,,,,,NVIDIA A100-SXM4-40GB MIG 4g.20gb (0),1,,13,cupy_copy__float32_float32
15653342799,4480,296003,,,,,,,,,,0.000,0.893,Device,Pageable,NVIDIA A100-SXM4-40GB MIG 4g.20gb (0),1,,7,[CUDA memcpy Device-to-Host]
15653472686,16767,296014,1434,1,1,128,1,1,16,0.000,0.000,,,,,NVIDIA A100-SXM4-40GB MIG 4g.20gb (0),1,,13,cupy_copy__complex64_complex64
15653613036,6688,296021,103,1,1,128,1,1,16,0.000,0.000,,,,,NVIDIA A100-SXM4-40GB MIG 4g.20gb (0),1,,13,cupy_copy__complex64_complex64
15653738635,7839,296028,35,1,1,128,1,1,16,0.000,0.000,,,,,NVIDIA A100-SXM4-40GB MIG 4g.20gb (0),1,,13,cupy_copy__complex64_complex64
15653871785,4992,296035,1,1,1,1,1,1,18,0.000,0.000,,,,,NVIDIA A100-SXM4-40GB MIG 4g.20gb (0),1,,13,cupy_copy__float32_float32
15653908809,328956,296046,1,1,1,32,32,1,30,0.000,0.000,,,,,NVIDIA A100-SXM4-40GB MIG 4g.20gb (0),1,,13,"void convert_kernel<__half2, float2>(tensor_layout_any, T1 *, tensor_layout_any, const T2 *)"
15654267941,5696,296049,,,,,,,,,,0.094,16449.363,Pinned,Device,NVIDIA A100-SXM4-40GB MIG 4g.20gb (0),1,,13,[CUDA memcpy Host-to-Device]
15654377955,4512,296050,,,,,,,,,,1.547,342779.824,Device,,NVIDIA A100-SXM4-40GB MIG 4g.20gb (0),1,,13,[CUDA memset]
15655192666,7168,296055,,,,,,,,,,0.031,4366.042,Pinned,Device,NVIDIA A100-SXM4-40GB MIG 4g.20gb (0),1,,13,[CUDA memcpy Host-to-Device]
15655202298,11008,296056,,,,,,,,,,0.197,17860.461,Pinned,Device,NVIDIA A100-SXM4-40GB MIG 4g.20gb (0),1,,13,[CUDA memcpy Host-to-Device]
15655343608,40032,296057,273,1,1,8,4,1,39,0.002,0.000,,,,,NVIDIA A100-SXM4-40GB MIG 4g.20gb (0),1,,13,"void channel_eq::eqMmseCoefCompLowMimoKernel<float, float, float, (unsigned int)4, (unsigned int)1, (unsigned int)4>(const channel_eq::_puschRxChEqStatDescr *, channel_eq::_puschRxChEqCoefCompDynDescr)"
15655518934,11392,296058,273,1,1,12,11,1,51,0.002,0.000,,,,,NVIDIA A100-SXM4-40GB MIG 4g.20gb (0),1,,13,"void channel_eq::eqMmseSoftDemapKernel<float, __half, __half, float, (unsigned int)4, (unsigned short)16383>(channel_eq::_puschRxChEqStatDescr *, channel_eq::_puschRxChEqSoftDemapDynDescr)"
15655713844,692345,296059,1,1,1,32,32,1,30,0.000,0.000,,,,,NVIDIA A100-SXM4-40GB MIG 4g.20gb (0),1,,13,"void convert_kernel<float2, __half2>(tensor_layout_any, T1 *, tensor_layout_any, const T2 *)"
15656535243,17120,296071,2253,1,1,128,1,1,16,0.000,0.000,,,,,NVIDIA A100-SXM4-40GB MIG 4g.20gb (0),1,,13,cupy_copy__float16_float16
15656663818,10175,296080,282,1,1,128,1,1,16,0.000,0.000,,,,,NVIDIA A100-SXM4-40GB MIG 4g.20gb (0),1,,13,cupy_copy__complex64_complex64
15656778760,12640,296089,26,1,1,128,1,1,16,0.000,0.000,,,,,NVIDIA A100-SXM4-40GB MIG 4g.20gb (0),1,,13,cupy_copy__float32_float32
15656889863,16672,296098,103,1,1,128,1,1,16,0.000,0.000,,,,,NVIDIA A100-SXM4-40GB MIG 4g.20gb (0),1,,13,cupy_copy__complex64_complex64
15657010534,27359,296108,1434,1,1,128,1,1,16,0.000,0.000,,,,,NVIDIA A100-SXM4-40GB MIG 4g.20gb (0),1,,13,cupy_copy__complex64_complex64
15657157988,278717,296113,1,1,1,32,32,1,30,0.000,0.000,,,,,NVIDIA A100-SXM4-40GB MIG 4g.20gb (0),1,,13,"void convert_kernel<__half2, float2>(tensor_layout_any, T1 *, tensor_layout_any, const T2 *)"
15657823421,10335,296116,,,,,,,,,,0.094,9065.838,Pinned,Device,NVIDIA A100-SXM4-40GB MIG 4g.20gb (0),1,,13,[CUDA memcpy Host-to-Device]
15657925979,642681,296117,,,,,,,,,,456.561,709953.039,Device,,NVIDIA A100-SXM4-40GB MIG 4g.20gb (0),1,,13,[CUDA memset]
15658574900,63871,296122,,,,,,,,,,1.235,19334.283,Pinned,Device,NVIDIA A100-SXM4-40GB MIG 4g.20gb (0),1,,13,[CUDA memcpy Host-to-Device]
15658641683,10080,296123,,,,,,,,,,0.197,19504.693,Pinned,Device,NVIDIA A100-SXM4-40GB MIG 4g.20gb (0),1,,13,[CUDA memcpy Host-to-Device]
15658792498,21919,296124,69,4,1,48,1,1,76,0.002,0.000,,,,,NVIDIA A100-SXM4-40GB MIG 4g.20gb (0),1,,13,"void ch_est::windowedChEstPreNoDftSOfdmKernel<float, __half, float, (unsigned int)2, (unsigned int)1, (unsigned short)4>(ch_est::puschRxChEstStatDescr_t *, ch_est::puschRxChEstDynDescr_t *)"
15658922128,37824,296125,137,2,1,24,2,1,44,0.001,0.001,,,,,NVIDIA A100-SXM4-40GB MIG 4g.20gb (0),1,,13,"void ch_est::chEstFilterNoDftSOfdmDispatchKernel<float, __half, float, (unsigned int)2>(ch_est::puschRxChEstStatDescr_t *, ch_est::puschRxChEstDynDescr_t *)"
15659055215,22047,296126,137,2,1,24,2,1,44,0.001,0.001,,,,,NVIDIA A100-SXM4-40GB MIG 4g.20gb (0),1,,13,"void ch_est::chEstFilterNoDftSOfdmDispatchKernel<float, __half, float, (unsigned int)2>(ch_est::puschRxChEstStatDescr_t *, ch_est::puschRxChEstDynDescr_t *)"
15659166669,11744,296137,103,1,1,128,1,1,16,0.000,0.000,,,,,NVIDIA A100-SXM4-40GB MIG 4g.20gb (0),1,,13,cupy_copy__complex64_complex64
15659288332,23840,296147,1434,1,1,128,1,1,16,0.000,0.000,,,,,NVIDIA A100-SXM4-40GB MIG 4g.20gb (0),1,,13,cupy_copy__complex64_complex64
15659423627,7071,296154,103,1,1,128,1,1,16,0.000,0.000,,,,,NVIDIA A100-SXM4-40GB MIG 4g.20gb (0),1,,13,cupy_copy__complex64_complex64
15659546409,248925,296161,1,1,1,32,32,1,30,0.000,0.000,,,,,NVIDIA A100-SXM4-40GB MIG 4g.20gb (0),1,,13,"void convert_kernel<__half2, float2>(tensor_layout_any, T1 *, tensor_layout_any, const T2 *)"
15659823814,5984,296164,,,,,,,,,,0.094,15657.726,Pinned,Device,NVIDIA A100-SXM4-40GB MIG 4g.20gb (0),1,,13,[CUDA memcpy Host-to-Device]
15659951877,56671,296165,,,,,,,,,,35.810,631866.038,Device,,NVIDIA A100-SXM4-40GB MIG 4g.20gb (0),1,,13,[CUDA memset]
15660010788,5728,296167,,,,,,,,,,0.000,13.966,Pinned,Device,NVIDIA A100-SXM4-40GB MIG 4g.20gb (0),1,,13,[CUDA memcpy Host-to-Device]
15660018948,12096,296168,,,,,,,,,,0.197,16253.780,Pinned,Device,NVIDIA A100-SXM4-40GB MIG 4g.20gb (0),1,,13,[CUDA memcpy Host-to-Device]
15660188258,15872,296169,273,1,1,48,1,1,40,0.000,0.001,,,,,NVIDIA A100-SXM4-40GB MIG 4g.20gb (0),1,,13,"void pusch_noise_intf_est::noiseIntfEstNoDftSOfdmKernel<float, __half, float, float, (unsigned int)2, (unsigned int)1, (unsigned char)4, (unsigned char)4>(pusch_noise_intf_est::puschRxNoiseIntfEstDynDescr)"
15660298881,12767,296180,35,1,1,128,1,1,16,0.000,0.000,,,,,NVIDIA A100-SXM4-40GB MIG 4g.20gb (0),1,,13,cupy_copy__complex64_complex64
15660412831,4224,296189,1,1,1,1,1,1,18,0.000,0.000,,,,,NVIDIA A100-SXM4-40GB MIG 4g.20gb (0),1,,13,cupy_copy__float32_float32
15660426047,1600,296195,,,,,,,,,,0.000,2.500,Device,Pageable,NVIDIA A100-SXM4-40GB MIG 4g.20gb (0),1,,7,[CUDA memcpy Device-to-Host]
15660587581,22432,296206,1434,1,1,128,1,1,16,0.000,0.000,,,,,NVIDIA A100-SXM4-40GB MIG 4g.20gb (0),1,,13,cupy_copy__complex64_complex64
15660657821,10687,296213,103,1,1,128,1,1,16,0.000,0.000,,,,,NVIDIA A100-SXM4-40GB MIG 4g.20gb (0),1,,13,cupy_copy__complex64_complex64
15660782363,17536,296220,35,1,1,128,1,1,16,0.000,0.000,,,,,NVIDIA A100-SXM4-40GB MIG 4g.20gb (0),1,,13,cupy_copy__complex64_complex64
15660909818,3552,296227,1,1,1,1,1,1,18,0.000,0.000,,,,,NVIDIA A100-SXM4-40GB MIG 4g.20gb (0),1,,13,cupy_copy__float32_float32
15661042680,255709,296238,1,1,1,32,32,1,30,0.000,0.000,,,,,NVIDIA A100-SXM4-40GB MIG 4g.20gb (0),1,,13,"void convert_kernel<__half2, float2>(tensor_layout_any, T1 *, tensor_layout_any, const T2 *)"
15661327477,5568,296241,,,,,,,,,,0.094,16827.521,Pinned,Device,NVIDIA A100-SXM4-40GB MIG 4g.20gb (0),1,,13,[CUDA memcpy Host-to-Device]
15661385588,14464,296242,,,,,,,,,,1.547,106928.943,Device,,NVIDIA A100-SXM4-40GB MIG 4g.20gb (0),1,,13,[CUDA memset]
15661401556,3360,296247,,,,,,,,,,0.031,9314.284,Pinned,Device,NVIDIA A100-SXM4-40GB MIG 4g.20gb (0),1,,13,[CUDA memcpy Host-to-Device]
15661407412,10624,296248,,,,,,,,,,0.197,18505.925,Pinned,Device,NVIDIA A100-SXM4-40GB MIG 4g.20gb (0),1,,13,[CUDA memcpy Host-to-Device]
15661542323,21375,296249,273,1,1,8,4,1,39,0.002,0.000,,,,,NVIDIA A100-SXM4-40GB MIG 4g.20gb (0),1,,13,"void channel_eq::eqMmseCoefCompLowMimoKernel<float, float, float, (unsigned int)4, (unsigned int)1, (unsigned int)4>(const channel_eq::_puschRxChEqStatDescr *, channel_eq::_puschRxChEqCoefCompDynDescr)"
15661656017,32960,296250,273,1,1,12,11,1,51,0.002,0.000,,,,,NVIDIA A100-SXM4-40GB MIG 4g.20gb (0),1,,13,"void channel_eq::eqMmseSoftDemapKernel<float, __half, __half, float, (unsigned int)4, (unsigned short)16383>(channel_eq::_puschRxChEqStatDescr *, channel_eq::_puschRxChEqSoftDemapDynDescr)"
15661788208,662072,296251,1,1,1,32,32,1,30,0.000,0.000,,,,,NVIDIA A100-SXM4-40GB MIG 4g.20gb (0),1,,13,"void convert_kernel<float2, __half2>(tensor_layout_any, T1 *, tensor_layout_any, const T2 *)"
15662561927,21888,296263,2253,1,1,128,1,1,16,0.000,0.000,,,,,NVIDIA A100-SXM4-40GB MIG 4g.20gb (0),1,,13,cupy_copy__float16_float16
15662687750,9952,296272,282,1,1,128,1,1,16,0.000,0.000,,,,,NVIDIA A100-SXM4-40GB MIG 4g.20gb (0),1,,13,cupy_copy__complex64_complex64
15662805028,4352,296281,26,1,1,128,1,1,16,0.000,0.000,,,,,NVIDIA A100-SXM4-40GB MIG 4g.20gb (0),1,,13,cupy_copy__float32_float32
15662916995,13664,296290,103,1,1,128,1,1,16,0.000,0.000,,,,,NVIDIA A100-SXM4-40GB MIG 4g.20gb (0),1,,13,cupy_copy__complex64_complex64
15663142817,28479,296300,1434,1,1,128,1,1,16,0.000,0.000,,,,,NVIDIA A100-SXM4-40GB MIG 4g.20gb (0),1,,13,cupy_copy__complex64_complex64
15663304223,254013,296305,1,1,1,32,32,1,30,0.000,0.000,,,,,NVIDIA A100-SXM4-40GB MIG 4g.20gb (0),1,,13,"void convert_kernel<__half2, float2>(tensor_layout_any, T1 *, tensor_layout_any, const T2 *)"
15663587740,5376,296308,,,,,,,,,,0.094,17428.487,Pinned,Device,NVIDIA A100-SXM4-40GB MIG 4g.20gb (0),1,,13,[CUDA memcpy Host-to-Device]
15663686746,627865,296309,,,,,,,,,,456.561,726845.812,Device,,NVIDIA A100-SXM4-40GB MIG 4g.20gb (0),1,,13,[CUDA memset]
15664316947,61216,296314,,,,,,,,,,1.235,20172.810,Pinned,Device,NVIDIA A100-SXM4-40GB MIG 4g.20gb (0),1,,13,[CUDA memcpy Host-to-Device]
15664380659,12800,296315,,,,,,,,,,0.197,15360.000,Pinned,Device,NVIDIA A100-SXM4-40GB MIG 4g.20gb (0),1,,13,[CUDA memcpy Host-to-Device]
15664486385,22048,296316,69,4,1,48,1,1,76,0.002,0.000,,,,,NVIDIA A100-SXM4-40GB MIG 4g.20gb (0),1,,13,"void ch_est::windowedChEstPreNoDftSOfdmKernel<float, __half, float, (unsigned int)2, (unsigned int)1, (unsigned short)4>(ch_est::puschRxChEstStatDescr_t *, ch_est::puschRxChEstDynDescr_t *)"
15664622928,37983,296317,137,2,1,24,2,1,44,0.001,0.001,,,,,NVIDIA A100-SXM4-40GB MIG 4g.20gb (0),1,,13,"void ch_est::chEstFilterNoDftSOfdmDispatchKernel<float, __half, float, (unsigned int)2>(ch_est::puschRxChEstStatDescr_t *, ch_est::puschRxChEstDynDescr_t *)"
15664759630,14080,296318,137,2,1,24,2,1,44,0.001,0.001,,,,,NVIDIA A100-SXM4-40GB MIG 4g.20gb (0),1,,13,"void ch_est::chEstFilterNoDftSOfdmDispatchKernel<float, __half, float, (unsigned int)2>(ch_est::puschRxChEstStatDescr_t *, ch_est::puschRxChEstDynDescr_t *)"
15664873229,11360,296329,103,1,1,128,1,1,16,0.000,0.000,,,,,NVIDIA A100-SXM4-40GB MIG 4g.20gb (0),1,,13,cupy_copy__complex64_complex64
15664992492,23103,296339,1434,1,1,128,1,1,16,0.000,0.000,,,,,NVIDIA A100-SXM4-40GB MIG 4g.20gb (0),1,,13,cupy_copy__complex64_complex64
15665124778,6560,296346,103,1,1,128,1,1,16,0.000,0.000,,,,,NVIDIA A100-SXM4-40GB MIG 4g.20gb (0),1,,13,cupy_copy__complex64_complex64
15665250025,263005,296353,1,1,1,32,32,1,30,0.000,0.000,,,,,NVIDIA A100-SXM4-40GB MIG 4g.20gb (0),1,,13,"void convert_kernel<__half2, float2>(tensor_layout_any, T1 *, tensor_layout_any, const T2 *)"
15665543142,5759,296356,,,,,,,,,,0.094,16269.467,Pinned,Device,NVIDIA A100-SXM4-40GB MIG 4g.20gb (0),1,,13,[CUDA memcpy Host-to-Device]
15665655140,56896,296357,,,,,,,,,,35.810,629359.344,Device,,NVIDIA A100-SXM4-40GB MIG 4g.20gb (0),1,,13,[CUDA memset]
15665712836,5632,296359,,,,,,,,,,0.000,14.204,Pinned,Device,NVIDIA A100-SXM4-40GB MIG 4g.20gb (0),1,,13,[CUDA memcpy Host-to-Device]
15665721092,9503,296360,,,,,,,,,,0.197,20688.863,Pinned,Device,NVIDIA A100-SXM4-40GB MIG 4g.20gb (0),1,,13,[CUDA memcpy Host-to-Device]
15665895170,24223,296361,273,1,1,48,1,1,40,0.000,0.001,,,,,NVIDIA A100-SXM4-40GB MIG 4g.20gb (0),1,,13,"void pusch_noise_intf_est::noiseIntfEstNoDftSOfdmKernel<float, __half, float, float, (unsigned int)2, (unsigned int)1, (unsigned char)4, (unsigned char)4>(pusch_noise_intf_est::puschRxNoiseIntfEstDynDescr)"
15666008768,12544,296372,35,1,1,128,1,1,16,0.000,0.000,,,,,NVIDIA A100-SXM4-40GB MIG 4g.20gb (0),1,,13,cupy_copy__complex64_complex64
15666135647,9312,296381,1,1,1,1,1,1,18,0.000,0.000,,,,,NVIDIA A100-SXM4-40GB MIG 4g.20gb (0),1,,13,cupy_copy__float32_float32
15666153567,1664,296387,,,,,,,,,,0.000,2.404,Device,Pageable,NVIDIA A100-SXM4-40GB MIG 4g.20gb (0),1,,7,[CUDA memcpy Device-to-Host]
15666256702,37695,296398,1434,1,1,128,1,1,16,0.000,0.000,,,,,NVIDIA A100-SXM4-40GB MIG 4g.20gb (0),1,,13,cupy_copy__complex64_complex64
15666424124,11295,296405,103,1,1,128,1,1,16,0.000,0.000,,,,,NVIDIA A100-SXM4-40GB MIG 4g.20gb (0),1,,13,cupy_copy__complex64_complex64
15666541850,12800,296412,35,1,1,128,1,1,16,0.000,0.000,,,,,NVIDIA A100-SXM4-40GB MIG 4g.20gb (0),1,,13,cupy_copy__complex64_complex64
15666666873,4128,296419,1,1,1,1,1,1,18,0.000,0.000,,,,,NVIDIA A100-SXM4-40GB MIG 4g.20gb (0),1,,13,cupy_copy__float32_float32
15666793143,266077,296430,1,1,1,32,32,1,30,0.000,0.000,,,,,NVIDIA A100-SXM4-40GB MIG 4g.20gb (0),1,,13,"void convert_kernel<__half2, float2>(tensor_layout_any, T1 *, tensor_layout_any, const T2 *)"
15667124436,12224,296433,,,,,,,,,,0.094,7664.895,Pinned,Device,NVIDIA A100-SXM4-40GB MIG 4g.20gb (0),1,,13,[CUDA memcpy Host-to-Device]
15667188435,9664,296434,,,,,,,,,,1.547,160038.465,Device,,NVIDIA A100-SXM4-40GB MIG 4g.20gb (0),1,,13,[CUDA memset]
15667202259,3040,296439,,,,,,,,,,0.031,10294.725,Pinned,Device,NVIDIA A100-SXM4-40GB MIG 4g.20gb (0),1,,13,[CUDA memcpy Host-to-Device]
15667210931,9568,296440,,,,,,,,,,0.197,20548.485,Pinned,Device,NVIDIA A100-SXM4-40GB MIG 4g.20gb (0),1,,13,[CUDA memcpy Host-to-Device]
15667293906,21728,296441,273,1,1,8,4,1,39,0.002,0.000,,,,,NVIDIA A100-SXM4-40GB MIG 4g.20gb (0),1,,13,"void channel_eq::eqMmseCoefCompLowMimoKernel<float, float, float, (unsigned int)4, (unsigned int)1, (unsigned int)4>(const channel_eq::_puschRxChEqStatDescr *, channel_eq::_puschRxChEqCoefCompDynDescr)"
15667401233,37439,296442,273,1,1,12,11,1,51,0.002,0.000,,,,,NVIDIA A100-SXM4-40GB MIG 4g.20gb (0),1,,13,"void channel_eq::eqMmseSoftDemapKernel<float, __half, __half, float, (unsigned int)4, (unsigned short)16383>(channel_eq::_puschRxChEqStatDescr *, channel_eq::_puschRxChEqSoftDemapDynDescr)"
15667536047,663641,296443,1,1,1,32,32,1,30,0.000,0.000,,,,,NVIDIA A100-SXM4-40GB MIG 4g.20gb (0),1,,13,"void convert_kernel<float2, __half2>(tensor_layout_any, T1 *, tensor_layout_any, const T2 *)"
15668291815,22655,296455,2253,1,1,128,1,1,16,0.000,0.000,,,,,NVIDIA A100-SXM4-40GB MIG 4g.20gb (0),1,,13,cupy_copy__float16_float16
15668479268,14720,296464,282,1,1,128,1,1,16,0.000,0.000,,,,,NVIDIA A100-SXM4-40GB MIG 4g.20gb (0),1,,13,cupy_copy__complex64_complex64
15668590051,5088,296473,26,1,1,128,1,1,16,0.000,0.000,,,,,NVIDIA A100-SXM4-40GB MIG 4g.20gb (0),1,,13,cupy_copy__float32_float32
15668711106,4896,296482,103,1,1,128,1,1,16,0.000,0.000,,,,,NVIDIA A100-SXM4-40GB MIG 4g.20gb (0),1,,13,cupy_copy__complex64_complex64
15668933023,21984,296492,1434,1,1,128,1,1,16,0.000,0.000,,,,,NVIDIA A100-SXM4-40GB MIG 4g.20gb (0),1,,13,cupy_copy__complex64_complex64
15669065246,279197,296497,1,1,1,32,32,1,30,0.000,0.000,,,,,NVIDIA A100-SXM4-40GB MIG 4g.20gb (0),1,,13,"void convert_kernel<__half2, float2>(tensor_layout_any, T1 *, tensor_layout_any, const T2 *)"
15669721174,5792,296500,,,,,,,,,,0.094,16176.708,Pinned,Device,NVIDIA A100-SXM4-40GB MIG 4g.20gb (0),1,,13,[CUDA memcpy Host-to-Device]
15669847573,627609,296501,,,,,,,,,,456.561,727302.374,Device,,NVIDIA A100-SXM4-40GB MIG 4g.20gb (0),1,,13,[CUDA memset]
15670480046,59967,296506,,,,,,,,,,1.235,20592.691,Pinned,Device,NVIDIA A100-SXM4-40GB MIG 4g.20gb (0),1,,13,[CUDA memcpy Host-to-Device]
15670542477,13152,296507,,,,,,,,,,0.197,14948.893,Pinned,Device,NVIDIA A100-SXM4-40GB MIG 4g.20gb (0),1,,13,[CUDA memcpy Host-to-Device]
15670715243,31552,296508,69,4,1,48,1,1,76,0.002,0.000,,,,,NVIDIA A100-SXM4-40GB MIG 4g.20gb (0),1,,13,"void ch_est::windowedChEstPreNoDftSOfdmKernel<float, __half, float, (unsigned int)2, (unsigned int)1, (unsigned short)4>(ch_est::puschRxChEstStatDescr_t *, ch_est::puschRxChEstDynDescr_t *)"
15670834794,25152,296509,137,2,1,24,2,1,44,0.001,0.001,,,,,NVIDIA A100-SXM4-40GB MIG 4g.20gb (0),1,,13,"void ch_est::chEstFilterNoDftSOfdmDispatchKernel<float, __half, float, (unsigned int)2>(ch_est::puschRxChEstStatDescr_t *, ch_est::puschRxChEstDynDescr_t *)"
15670960329,31423,296510,137,2,1,24,2,1,44,0.001,0.001,,,,,NVIDIA A100-SXM4-40GB MIG 4g.20gb (0),1,,13,"void ch_est::chEstFilterNoDftSOfdmDispatchKernel<float, __half, float, (unsigned int)2>(ch_est::puschRxChEstStatDescr_t *, ch_est::puschRxChEstDynDescr_t *)"
15671084935,4384,296521,103,1,1,128,1,1,16,0.000,0.000,,,,,NVIDIA A100-SXM4-40GB MIG 4g.20gb (0),1,,13,cupy_copy__complex64_complex64
15671200326,19424,296531,1434,1,1,128,1,1,16,0.000,0.000,,,,,NVIDIA A100-SXM4-40GB MIG 4g.20gb (0),1,,13,cupy_copy__complex64_complex64
15671321956,9408,296538,103,1,1,128,1,1,16,0.000,0.000,,,,,NVIDIA A100-SXM4-40GB MIG 4g.20gb (0),1,,13,cupy_copy__complex64_complex64
15671442019,262749,296545,1,1,1,32,32,1,30,0.000,0.000,,,,,NVIDIA A100-SXM4-40GB MIG 4g.20gb (0),1,,13,"void convert_kernel<__half2, float2>(tensor_layout_any, T1 *, tensor_layout_any, const T2 *)"
15671734016,5472,296548,,,,,,,,,,0.094,17122.757,Pinned,Device,NVIDIA A100-SXM4-40GB MIG 4g.20gb (0),1,,13,[CUDA memcpy Host-to-Device]
15671848766,61024,296549,,,,,,,,,,35.810,586781.349,Device,,NVIDIA A100-SXM4-40GB MIG 4g.20gb (0),1,,13,[CUDA memset]
15671917758,2944,296551,,,,,,,,,,0.000,27.174,Pinned,Device,NVIDIA A100-SXM4-40GB MIG 4g.20gb (0),1,,13,[CUDA memcpy Host-to-Device]
15671923134,9600,296552,,,,,,,,,,0.197,20479.869,Pinned,Device,NVIDIA A100-SXM4-40GB MIG 4g.20gb (0),1,,13,[CUDA memcpy Host-to-Device]
15672083228,28032,296553,273,1,1,48,1,1,40,0.000,0.001,,,,,NVIDIA A100-SXM4-40GB MIG 4g.20gb (0),1,,13,"void pusch_noise_intf_est::noiseIntfEstNoDftSOfdmKernel<float, __half, float, float, (unsigned int)2, (unsigned int)1, (unsigned char)4, (unsigned char)4>(pusch_noise_intf_est::puschRxNoiseIntfEstDynDescr)"
15672207930,3680,296564,35,1,1,128,1,1,16,0.000,0.000,,,,,NVIDIA A100-SXM4-40GB MIG 4g.20gb (0),1,,13,cupy_copy__complex64_complex64
15672365177,7744,296573,1,1,1,1,1,1,18,0.000,0.000,,,,,NVIDIA A100-SXM4-40GB MIG 4g.20gb (0),1,,13,cupy_copy__float32_float32
15672379417,1567,296579,,,,,,,,,,0.000,2.553,Device,Pageable,NVIDIA A100-SXM4-40GB MIG 4g.20gb (0),1,,7,[CUDA memcpy Device-to-Host]
15672583926,20160,296590,1434,1,1,128,1,1,16,0.000,0.000,,,,,NVIDIA A100-SXM4-40GB MIG 4g.20gb (0),1,,13,cupy_copy__complex64_complex64
15672700821,7712,296597,103,1,1,128,1,1,16,0.000,0.000,,,,,NVIDIA A100-SXM4-40GB MIG 4g.20gb (0),1,,13,cupy_copy__complex64_complex64
15672827699,12000,296604,35,1,1,128,1,1,16,0.000,0.000,,,,,NVIDIA A100-SXM4-40GB MIG 4g.20gb (0),1,,13,cupy_copy__complex64_complex64
15672949394,5184,296611,1,1,1,1,1,1,18,0.000,0.000,,,,,NVIDIA A100-SXM4-40GB MIG 4g.20gb (0),1,,13,cupy_copy__float32_float32
15672999570,279004,296622,1,1,1,32,32,1,30,0.000,0.000,,,,,NVIDIA A100-SXM4-40GB MIG 4g.20gb (0),1,,13,"void convert_kernel<__half2, float2>(tensor_layout_any, T1 *, tensor_layout_any, const T2 *)"
15673482380,6016,296625,,,,,,,,,,0.094,15574.430,Pinned,Device,NVIDIA A100-SXM4-40GB MIG 4g.20gb (0),1,,13,[CUDA memcpy Host-to-Device]
15673616683,12575,296626,,,,,,,,,,1.547,122990.634,Device,,NVIDIA A100-SXM4-40GB MIG 4g.20gb (0),1,,13,[CUDA memset]
15673630058,7392,296631,,,,,,,,,,0.031,4233.754,Pinned,Device,NVIDIA A100-SXM4-40GB MIG 4g.20gb (0),1,,13,[CUDA memcpy Host-to-Device]
15673644042,13920,296632,,,,,,,,,,0.197,14124.122,Pinned,Device,NVIDIA A100-SXM4-40GB MIG 4g.20gb (0),1,,13,[CUDA memcpy Host-to-Device]
15673764201,21728,296633,273,1,1,8,4,1,39,0.002,0.000,,,,,NVIDIA A100-SXM4-40GB MIG 4g.20gb (0),1,,13,"void channel_eq::eqMmseCoefCompLowMimoKernel<float, float, float, (unsigned int)4, (unsigned int)1, (unsigned int)4>(const channel_eq::_puschRxChEqStatDescr *, channel_eq::_puschRxChEqCoefCompDynDescr)"
15673873224,35519,296634,273,1,1,12,11,1,51,0.002,0.000,,,,,NVIDIA A100-SXM4-40GB MIG 4g.20gb (0),1,,13,"void channel_eq::eqMmseSoftDemapKernel<float, __half, __half, float, (unsigned int)4, (unsigned short)16383>(channel_eq::_puschRxChEqStatDescr *, channel_eq::_puschRxChEqSoftDemapDynDescr)"
15674004294,658809,296635,1,1,1,32,32,1,30,0.000,0.000,,,,,NVIDIA A100-SXM4-40GB MIG 4g.20gb (0),1,,13,"void convert_kernel<float2, __half2>(tensor_layout_any, T1 *, tensor_layout_any, const T2 *)"
15674773854,22143,296647,2253,1,1,128,1,1,16,0.000,0.000,,,,,NVIDIA A100-SXM4-40GB MIG 4g.20gb (0),1,,13,cupy_copy__float16_float16
15674902748,10016,296656,282,1,1,128,1,1,16,0.000,0.000,,,,,NVIDIA A100-SXM4-40GB MIG 4g.20gb (0),1,,13,cupy_copy__complex64_complex64
15675020635,4800,296665,26,1,1,128,1,1,16,0.000,0.000,,,,,NVIDIA A100-SXM4-40GB MIG 4g.20gb (0),1,,13,cupy_copy__float32_float32
15675133753,13408,296674,103,1,1,128,1,1,16,0.000,0.000,,,,,NVIDIA A100-SXM4-40GB MIG 4g.20gb (0),1,,13,cupy_copy__complex64_complex64
15675359415,26432,296684,1434,1,1,128,1,1,16,0.000,0.000,,,,,NVIDIA A100-SXM4-40GB MIG 4g.20gb (0),1,,13,cupy_copy__complex64_complex64
15675502197,256701,296689,1,1,1,32,32,1,30,0.000,0.000,,,,,NVIDIA A100-SXM4-40GB MIG 4g.20gb (0),1,,13,"void convert_kernel<__half2, float2>(tensor_layout_any, T1 *, tensor_layout_any, const T2 *)"
15675787762,5888,296692,,,,,,,,,,0.094,15912.954,Pinned,Device,NVIDIA A100-SXM4-40GB MIG 4g.20gb (0),1,,13,[CUDA memcpy Host-to-Device]
15675846609,628377,296693,,,,,,,,,,456.561,726389.251,Device,,NVIDIA A100-SXM4-40GB MIG 4g.20gb (0),1,,13,[CUDA memset]
15676481450,59168,296698,,,,,,,,,,1.235,20871.789,Pinned,Device,NVIDIA A100-SXM4-40GB MIG 4g.20gb (0),1,,13,[CUDA memcpy Host-to-Device]
15676543370,19295,296699,,,,,,,,,,0.197,10189.406,Pinned,Device,NVIDIA A100-SXM4-40GB MIG 4g.20gb (0),1,,13,[CUDA memcpy Host-to-Device]
15676714408,27807,296700,69,4,1,48,1,1,76,0.002,0.000,,,,,NVIDIA A100-SXM4-40GB MIG 4g.20gb (0),1,,13,"void ch_est::windowedChEstPreNoDftSOfdmKernel<float, __half, float, (unsigned int)2, (unsigned int)1, (unsigned short)4>(ch_est::puschRxChEstStatDescr_t *, ch_est::puschRxChEstDynDescr_t *)"
15676835142,24224,296701,137,2,1,24,2,1,44,0.001,0.001,,,,,NVIDIA A100-SXM4-40GB MIG 4g.20gb (0),1,,13,"void ch_est::chEstFilterNoDftSOfdmDispatchKernel<float, __half, float, (unsigned int)2>(ch_est::puschRxChEstStatDescr_t *, ch_est::puschRxChEstDynDescr_t *)"
15676958181,26048,296702,137,2,1,24,2,1,44,0.001,0.001,,,,,NVIDIA A100-SXM4-40GB MIG 4g.20gb (0),1,,13,"void ch_est::chEstFilterNoDftSOfdmDispatchKernel<float, __half, float, (unsigned int)2>(ch_est::puschRxChEstStatDescr_t *, ch_est::puschRxChEstDynDescr_t *)"
15677084643,4160,296713,103,1,1,128,1,1,16,0.000,0.000,,,,,NVIDIA A100-SXM4-40GB MIG 4g.20gb (0),1,,13,cupy_copy__complex64_complex64
15677201250,20832,296723,1434,1,1,128,1,1,16,0.000,0.000,,,,,NVIDIA A100-SXM4-40GB MIG 4g.20gb (0),1,,13,cupy_copy__complex64_complex64
15677325313,6240,296730,103,1,1,128,1,1,16,0.000,0.000,,,,,NVIDIA A100-SXM4-40GB MIG 4g.20gb (0),1,,13,cupy_copy__complex64_complex64
15677451103,265981,296737,1,1,1,32,32,1,30,0.000,0.000,,,,,NVIDIA A100-SXM4-40GB MIG 4g.20gb (0),1,,13,"void convert_kernel<__half2, float2>(tensor_layout_any, T1 *, tensor_layout_any, const T2 *)"
15677745116,5376,296740,,,,,,,,,,0.094,17428.487,Pinned,Device,NVIDIA A100-SXM4-40GB MIG 4g.20gb (0),1,,13,[CUDA memcpy Host-to-Device]
15677857595,60223,296741,,,,,,,,,,35.810,594587.912,Device,,NVIDIA A100-SXM4-40GB MIG 4g.20gb (0),1,,13,[CUDA memset]
15677921722,3328,296743,,,,,,,,,,0.000,24.038,Pinned,Device,NVIDIA A100-SXM4-40GB MIG 4g.20gb (0),1,,13,[CUDA memcpy Host-to-Device]
15677931674,9568,296744,,,,,,,,,,0.197,20548.485,Pinned,Device,NVIDIA A100-SXM4-40GB MIG 4g.20gb (0),1,,13,[CUDA memcpy Host-to-Device]
15678089112,29440,296745,273,1,1,48,1,1,40,0.000,0.001,,,,,NVIDIA A100-SXM4-40GB MIG 4g.20gb (0),1,,13,"void pusch_noise_intf_est::noiseIntfEstNoDftSOfdmKernel<float, __half, float, float, (unsigned int)2, (unsigned int)1, (unsigned char)4, (unsigned char)4>(pusch_noise_intf_est::puschRxNoiseIntfEstDynDescr)"
15678212567,3968,296756,35,1,1,128,1,1,16,0.000,0.000,,,,,NVIDIA A100-SXM4-40GB MIG 4g.20gb (0),1,,13,cupy_copy__complex64_complex64
15678367381,5088,296765,1,1,1,1,1,1,18,0.000,0.000,,,,,NVIDIA A100-SXM4-40GB MIG 4g.20gb (0),1,,13,cupy_copy__float32_float32
15678377461,1600,296771,,,,,,,,,,0.000,2.500,Device,Pageable,NVIDIA A100-SXM4-40GB MIG 4g.20gb (0),1,,7,[CUDA memcpy Device-to-Host]
15678567667,24288,296782,1434,1,1,128,1,1,16,0.000,0.000,,,,,NVIDIA A100-SXM4-40GB MIG 4g.20gb (0),1,,13,cupy_copy__complex64_complex64
15678687985,9824,296789,103,1,1,128,1,1,16,0.000,0.000,,,,,NVIDIA A100-SXM4-40GB MIG 4g.20gb (0),1,,13,cupy_copy__complex64_complex64
15678814576,5024,296796,35,1,1,128,1,1,16,0.000,0.000,,,,,NVIDIA A100-SXM4-40GB MIG 4g.20gb (0),1,,13,cupy_copy__complex64_complex64
15678942863,6239,296803,1,1,1,1,1,1,18,0.000,0.000,,,,,NVIDIA A100-SXM4-40GB MIG 4g.20gb (0),1,,13,cupy_copy__float32_float32
15678994030,271101,296814,1,1,1,32,32,1,30,0.000,0.000,,,,,NVIDIA A100-SXM4-40GB MIG 4g.20gb (0),1,,13,"void convert_kernel<__half2, float2>(tensor_layout_any, T1 *, tensor_layout_any, const T2 *)"
15679466889,6944,296817,,,,,,,,,,0.094,13493.067,Pinned,Device,NVIDIA A100-SXM4-40GB MIG 4g.20gb (0),1,,13,[CUDA memcpy Host-to-Device]
15679583527,7904,296818,,,,,,,,,,1.547,195675.775,Device,,NVIDIA A100-SXM4-40GB MIG 4g.20gb (0),1,,13,[CUDA memset]
15679594791,6784,296823,,,,,,,,,,0.031,4613.187,Pinned,Device,NVIDIA A100-SXM4-40GB MIG 4g.20gb (0),1,,13,[CUDA memcpy Host-to-Device]
15679610503,12032,296824,,,,,,,,,,0.197,16340.287,Pinned,Device,NVIDIA A100-SXM4-40GB MIG 4g.20gb (0),1,,13,[CUDA memcpy Host-to-Device]
15679684966,44800,296825,273,1,1,8,4,1,39,0.002,0.000,,,,,NVIDIA A100-SXM4-40GB MIG 4g.20gb (0),1,,13,"void channel_eq::eqMmseCoefCompLowMimoKernel<float, float, float, (unsigned int)4, (unsigned int)1, (unsigned int)4>(const channel_eq::_puschRxChEqStatDescr *, channel_eq::_puschRxChEqCoefCompDynDescr)"
15679805989,24448,296826,273,1,1,12,11,1,51,0.002,0.000,,,,,NVIDIA A100-SXM4-40GB MIG 4g.20gb (0),1,,13,"void channel_eq::eqMmseSoftDemapKernel<float, __half, __half, float, (unsigned int)4, (unsigned short)16383>(channel_eq::_puschRxChEqStatDescr *, channel_eq::_puschRxChEqSoftDemapDynDescr)"
15679924611,667577,296827,1,1,1,32,32,1,30,0.000,0.000,,,,,NVIDIA A100-SXM4-40GB MIG 4g.20gb (0),1,,13,"void convert_kernel<float2, __half2>(tensor_layout_any, T1 *, tensor_layout_any, const T2 *)"
15680713211,21503,296839,2253,1,1,128,1,1,16,0.000,0.000,,,,,NVIDIA A100-SXM4-40GB MIG 4g.20gb (0),1,,13,cupy_copy__float16_float16
15680841337,15264,296848,282,1,1,128,1,1,16,0.000,0.000,,,,,NVIDIA A100-SXM4-40GB MIG 4g.20gb (0),1,,13,cupy_copy__complex64_complex64
15680951608,5888,296857,26,1,1,128,1,1,16,0.000,0.000,,,,,NVIDIA A100-SXM4-40GB MIG 4g.20gb (0),1,,13,cupy_copy__float32_float32
15681072023,5408,296866,103,1,1,128,1,1,16,0.000,0.000,,,,,NVIDIA A100-SXM4-40GB MIG 4g.20gb (0),1,,13,cupy_copy__complex64_complex64
15681217333,21280,296876,1434,1,1,128,1,1,16,0.000,0.000,,,,,NVIDIA A100-SXM4-40GB MIG 4g.20gb (0),1,,13,cupy_copy__complex64_complex64
15681333172,261469,296881,1,1,1,32,32,1,30,0.000,0.000,,,,,NVIDIA A100-SXM4-40GB MIG 4g.20gb (0),1,,13,"void convert_kernel<__half2, float2>(tensor_layout_any, T1 *, tensor_layout_any, const T2 *)"
15681624656,5952,296884,,,,,,,,,,0.094,15741.865,Pinned,Device,NVIDIA A100-SXM4-40GB MIG 4g.20gb (0),1,,13,[CUDA memcpy Host-to-Device]
15681748175,638265,296885,,,,,,,,,,456.561,714975.215,Device,,NVIDIA A100-SXM4-40GB MIG 4g.20gb (0),1,,13,[CUDA memset]
15682994273,63935,296890,,,,,,,,,,1.235,19314.524,Pinned,Device,NVIDIA A100-SXM4-40GB MIG 4g.20gb (0),1,,13,[CUDA memcpy Host-to-Device]
15683061120,10464,296891,,,,,,,,,,0.197,18788.844,Pinned,Device,NVIDIA A100-SXM4-40GB MIG 4g.20gb (0),1,,13,[CUDA memcpy Host-to-Device]
15683155103,25760,296892,69,4,1,48,1,1,76,0.002,0.000,,,,,NVIDIA A100-SXM4-40GB MIG 4g.20gb (0),1,,13,"void ch_est::windowedChEstPreNoDftSOfdmKernel<float, __half, float, (unsigned int)2, (unsigned int)1, (unsigned short)4>(ch_est::puschRxChEstStatDescr_t *, ch_est::puschRxChEstDynDescr_t *)"
15683274590,24767,296893,137,2,1,24,2,1,44,0.001,0.001,,,,,NVIDIA A100-SXM4-40GB MIG 4g.20gb (0),1,,13,"void ch_est::chEstFilterNoDftSOfdmDispatchKernel<float, __half, float, (unsigned int)2>(ch_est::puschRxChEstStatDescr_t *, ch_est::puschRxChEstDynDescr_t *)"
15683395868,37408,296894,137,2,1,24,2,1,44,0.001,0.001,,,,,NVIDIA A100-SXM4-40GB MIG 4g.20gb (0),1,,13,"void ch_est::chEstFilterNoDftSOfdmDispatchKernel<float, __half, float, (unsigned int)2>(ch_est::puschRxChEstStatDescr_t *, ch_est::puschRxChEstDynDescr_t *)"
15683522395,3904,296905,103,1,1,128,1,1,16,0.000,0.000,,,,,NVIDIA A100-SXM4-40GB MIG 4g.20gb (0),1,,13,cupy_copy__complex64_complex64
15683637658,19583,296915,1434,1,1,128,1,1,16,0.000,0.000,,,,,NVIDIA A100-SXM4-40GB MIG 4g.20gb (0),1,,13,cupy_copy__complex64_complex64
15683759512,9984,296922,103,1,1,128,1,1,16,0.000,0.000,,,,,NVIDIA A100-SXM4-40GB MIG 4g.20gb (0),1,,13,cupy_copy__complex64_complex64
15683880311,262493,296929,1,1,1,32,32,1,30,0.000,0.000,,,,,NVIDIA A100-SXM4-40GB MIG 4g.20gb (0),1,,13,"void convert_kernel<__half2, float2>(tensor_layout_any, T1 *, tensor_layout_any, const T2 *)"
15684172276,6528,296932,,,,,,,,,,0.094,14352.915,Pinned,Device,NVIDIA A100-SXM4-40GB MIG 4g.20gb (0),1,,13,[CUDA memcpy Host-to-Device]
15684284690,62432,296933,,,,,,,,,,35.810,573567.489,Device,,NVIDIA A100-SXM4-40GB MIG 4g.20gb (0),1,,13,[CUDA memset]
15684348498,4800,296935,,,,,,,,,,0.000,16.667,Pinned,Device,NVIDIA A100-SXM4-40GB MIG 4g.20gb (0),1,,13,[CUDA memcpy Host-to-Device]
15684358610,9759,296936,,,,,,,,,,0.197,20146.225,Pinned,Device,NVIDIA A100-SXM4-40GB MIG 4g.20gb (0),1,,13,[CUDA memcpy Host-to-Device]
15684516880,32639,296937,273,1,1,48,1,1,40,0.000,0.001,,,,,NVIDIA A100-SXM4-40GB MIG 4g.20gb (0),1,,13,"void pusch_noise_intf_est::noiseIntfEstNoDftSOfdmKernel<float, __half, float, float, (unsigned int)2, (unsigned int)1, (unsigned char)4, (unsigned char)4>(pusch_noise_intf_est::puschRxNoiseIntfEstDynDescr)"
15684644302,3968,296948,35,1,1,128,1,1,16,0.000,0.000,,,,,NVIDIA A100-SXM4-40GB MIG 4g.20gb (0),1,,13,cupy_copy__complex64_complex64
15684799789,6495,296957,1,1,1,1,1,1,18,0.000,0.000,,,,,NVIDIA A100-SXM4-40GB MIG 4g.20gb (0),1,,13,cupy_copy__float32_float32
15684812940,1600,296963,,,,,,,,,,0.000,2.500,Device,Pageable,NVIDIA A100-SXM4-40GB MIG 4g.20gb (0),1,,7,[CUDA memcpy Device-to-Host]
15685024298,21600,296974,1434,1,1,128,1,1,16,0.000,0.000,,,,,NVIDIA A100-SXM4-40GB MIG 4g.20gb (0),1,,13,cupy_copy__complex64_complex64
15685139657,7584,296981,103,1,1,128,1,1,16,0.000,0.000,,,,,NVIDIA A100-SXM4-40GB MIG 4g.20gb (0),1,,13,cupy_copy__complex64_complex64
15685261735,14176,296988,35,1,1,128,1,1,16,0.000,0.000,,,,,NVIDIA A100-SXM4-40GB MIG 4g.20gb (0),1,,13,cupy_copy__complex64_complex64
15685377062,4480,296995,1,1,1,1,1,1,18,0.000,0.000,,,,,NVIDIA A100-SXM4-40GB MIG 4g.20gb (0),1,,13,cupy_copy__float32_float32
15685427493,266525,297006,1,1,1,32,32,1,30,0.000,0.000,,,,,NVIDIA A100-SXM4-40GB MIG 4g.20gb (0),1,,13,"void convert_kernel<__half2, float2>(tensor_layout_any, T1 *, tensor_layout_any, const T2 *)"
15685723618,5440,297009,,,,,,,,,,0.094,17223.480,Pinned,Device,NVIDIA A100-SXM4-40GB MIG 4g.20gb (0),1,,13,[CUDA memcpy Host-to-Device]
15685806017,8128,297010,,,,,,,,,,1.547,190282.697,Device,,NVIDIA A100-SXM4-40GB MIG 4g.20gb (0),1,,13,[CUDA memset]
15685821121,3040,297015,,,,,,,,,,0.031,10294.725,Pinned,Device,NVIDIA A100-SXM4-40GB MIG 4g.20gb (0),1,,13,[CUDA memcpy Host-to-Device]
15685826561,10048,297016,,,,,,,,,,0.197,19566.821,Pinned,Device,NVIDIA A100-SXM4-40GB MIG 4g.20gb (0),1,,13,[CUDA memcpy Host-to-Device]
15685993887,39776,297017,273,1,1,8,4,1,39,0.002,0.000,,,,,NVIDIA A100-SXM4-40GB MIG 4g.20gb (0),1,,13,"void channel_eq::eqMmseCoefCompLowMimoKernel<float, float, float, (unsigned int)4, (unsigned int)1, (unsigned int)4>(const channel_eq::_puschRxChEqStatDescr *, channel_eq::_puschRxChEqCoefCompDynDescr)"
15686247676,11072,297018,273,1,1,12,11,1,51,0.002,0.000,,,,,NVIDIA A100-SXM4-40GB MIG 4g.20gb (0),1,,13,"void channel_eq::eqMmseSoftDemapKernel<float, __half, __half, float, (unsigned int)4, (unsigned short)16383>(channel_eq::_puschRxChEqStatDescr *, channel_eq::_puschRxChEqSoftDemapDynDescr)"
15686528057,715928,297019,1,1,1,32,32,1,30,0.000,0.000,,,,,NVIDIA A100-SXM4-40GB MIG 4g.20gb (0),1,,13,"void convert_kernel<float2, __half2>(tensor_layout_any, T1 *, tensor_layout_any, const T2 *)"
15687446031,19552,297031,2253,1,1,128,1,1,16,0.000,0.000,,,,,NVIDIA A100-SXM4-40GB MIG 4g.20gb (0),1,,13,cupy_copy__float16_float16
15687660684,5632,297040,282,1,1,128,1,1,16,0.000,0.000,,,,,NVIDIA A100-SXM4-40GB MIG 4g.20gb (0),1,,13,cupy_copy__complex64_complex64
15687869770,4832,297049,26,1,1,128,1,1,16,0.000,0.000,,,,,NVIDIA A100-SXM4-40GB MIG 4g.20gb (0),1,,13,cupy_copy__float32_float32
15688045128,14464,297058,103,1,1,128,1,1,16,0.000,0.000,,,,,NVIDIA A100-SXM4-40GB MIG 4g.20gb (0),1,,13,cupy_copy__complex64_complex64
15688249446,25247,297068,1434,1,1,128,1,1,16,0.000,0.000,,,,,NVIDIA A100-SXM4-40GB MIG 4g.20gb (0),1,,13,cupy_copy__complex64_complex64
15688384964,265501,297073,1,1,1,32,32,1,30,0.000,0.000,,,,,NVIDIA A100-SXM4-40GB MIG 4g.20gb (0),1,,13,"void convert_kernel<__half2, float2>(tensor_layout_any, T1 *, tensor_layout_any, const T2 *)"
15689519383,9728,297076,,,,,,,,,,0.094,9631.574,Pinned,Device,NVIDIA A100-SXM4-40GB MIG 4g.20gb (0),1,,13,[CUDA memcpy Host-to-Device]
15689627862,618809,297077,,,,,,,,,,456.561,737803.287,Device,,NVIDIA A100-SXM4-40GB MIG 4g.20gb (0),1,,13,[CUDA memset]
15690254543,68191,297082,,,,,,,,,,1.235,18109.219,Pinned,Device,NVIDIA A100-SXM4-40GB MIG 4g.20gb (0),1,,13,[CUDA memcpy Host-to-Device]
15690325710,10816,297083,,,,,,,,,,0.197,18177.393,Pinned,Device,NVIDIA A100-SXM4-40GB MIG 4g.20gb (0),1,,13,[CUDA memcpy Host-to-Device]
15690427053,30112,297084,69,4,1,48,1,1,76,0.002,0.000,,,,,NVIDIA A100-SXM4-40GB MIG 4g.20gb (0),1,,13,"void ch_est::windowedChEstPreNoDftSOfdmKernel<float, __half, float, (unsigned int)2, (unsigned int)1, (unsigned short)4>(ch_est::puschRxChEstStatDescr_t *, ch_est::puschRxChEstDynDescr_t *)"
15690544396,23648,297085,137,2,1,24,2,1,44,0.001,0.001,,,,,NVIDIA A100-SXM4-40GB MIG 4g.20gb (0),1,,13,"void ch_est::chEstFilterNoDftSOfdmDispatchKernel<float, __half, float, (unsigned int)2>(ch_est::puschRxChEstStatDescr_t *, ch_est::puschRxChEstDynDescr_t *)"
15690662506,39008,297086,137,2,1,24,2,1,44,0.001,0.001,,,,,NVIDIA A100-SXM4-40GB MIG 4g.20gb (0),1,,13,"void ch_est::chEstFilterNoDftSOfdmDispatchKernel<float, __half, float, (unsigned int)2>(ch_est::puschRxChEstStatDescr_t *, ch_est::puschRxChEstDynDescr_t *)"
15690784905,4096,297097,103,1,1,128,1,1,16,0.000,0.000,,,,,NVIDIA A100-SXM4-40GB MIG 4g.20gb (0),1,,13,cupy_copy__complex64_complex64
15690900712,20896,297107,1434,1,1,128,1,1,16,0.000,0.000,,,,,NVIDIA A100-SXM4-40GB MIG 4g.20gb (0),1,,13,cupy_copy__complex64_complex64
15691022182,9728,297114,103,1,1,128,1,1,16,0.000,0.000,,,,,NVIDIA A100-SXM4-40GB MIG 4g.20gb (0),1,,13,cupy_copy__complex64_complex64
15691145829,262781,297121,1,1,1,32,32,1,30,0.000,0.000,,,,,NVIDIA A100-SXM4-40GB MIG 4g.20gb (0),1,,13,"void convert_kernel<__half2, float2>(tensor_layout_any, T1 *, tensor_layout_any, const T2 *)"
15692120954,5664,297124,,,,,,,,,,0.094,16542.310,Pinned,Device,NVIDIA A100-SXM4-40GB MIG 4g.20gb (0),1,,13,[CUDA memcpy Host-to-Device]
15692222009,57823,297125,,,,,,,,,,35.810,619296.756,Device,,NVIDIA A100-SXM4-40GB MIG 4g.20gb (0),1,,13,[CUDA memset]
15692307128,2112,297127,,,,,,,,,,0.000,37.879,Pinned,Device,NVIDIA A100-SXM4-40GB MIG 4g.20gb (0),1,,13,[CUDA memcpy Host-to-Device]
15692312120,9600,297128,,,,,,,,,,0.197,20479.869,Pinned,Device,NVIDIA A100-SXM4-40GB MIG 4g.20gb (0),1,,13,[CUDA memcpy Host-to-Device]
15692462134,23424,297129,273,1,1,48,1,1,40,0.000,0.001,,,,,NVIDIA A100-SXM4-40GB MIG 4g.20gb (0),1,,13,"void pusch_noise_intf_est::noiseIntfEstNoDftSOfdmKernel<float, __half, float, float, (unsigned int)2, (unsigned int)1, (unsigned char)4, (unsigned char)4>(pusch_noise_intf_est::puschRxNoiseIntfEstDynDescr)"
15692576693,11264,297140,35,1,1,128,1,1,16,0.000,0.000,,,,,NVIDIA A100-SXM4-40GB MIG 4g.20gb (0),1,,13,cupy_copy__complex64_complex64
15692701300,7679,297149,1,1,1,1,1,1,18,0.000,0.000,,,,,NVIDIA A100-SXM4-40GB MIG 4g.20gb (0),1,,13,cupy_copy__float32_float32
15692712947,1600,297155,,,,,,,,,,0.000,2.500,Device,Pageable,NVIDIA A100-SXM4-40GB MIG 4g.20gb (0),1,,7,[CUDA memcpy Device-to-Host]
15692821490,35296,297166,1434,1,1,128,1,1,16,0.000,0.000,,,,,NVIDIA A100-SXM4-40GB MIG 4g.20gb (0),1,,13,cupy_copy__complex64_complex64
15692988240,11392,297173,103,1,1,128,1,1,16,0.000,0.000,,,,,NVIDIA A100-SXM4-40GB MIG 4g.20gb (0),1,,13,cupy_copy__complex64_complex64
15693095855,6976,297180,35,1,1,128,1,1,16,0.000,0.000,,,,,NVIDIA A100-SXM4-40GB MIG 4g.20gb (0),1,,13,cupy_copy__complex64_complex64
15693224046,3968,297187,1,1,1,1,1,1,18,0.000,0.000,,,,,NVIDIA A100-SXM4-40GB MIG 4g.20gb (0),1,,13,cupy_copy__float32_float32
15693353164,260701,297198,1,1,1,32,32,1,30,0.000,0.000,,,,,NVIDIA A100-SXM4-40GB MIG 4g.20gb (0),1,,13,"void convert_kernel<__half2, float2>(tensor_layout_any, T1 *, tensor_layout_any, const T2 *)"
15694440384,10144,297201,,,,,,,,,,0.094,9236.552,Pinned,Device,NVIDIA A100-SXM4-40GB MIG 4g.20gb (0),1,,13,[CUDA memcpy Host-to-Device]
15694590686,6432,297202,,,,,,,,,,1.547,240456.727,Device,,NVIDIA A100-SXM4-40GB MIG 4g.20gb (0),1,,13,[CUDA memset]
15694630110,6208,297207,,,,,,,,,,0.031,5041.222,Pinned,Device,NVIDIA A100-SXM4-40GB MIG 4g.20gb (0),1,,13,[CUDA memcpy Host-to-Device]
15694641982,16095,297208,,,,,,,,,,0.197,12215.452,Pinned,Device,NVIDIA A100-SXM4-40GB MIG 4g.20gb (0),1,,13,[CUDA memcpy Host-to-Device]
15694819772,33215,297209,273,1,1,8,4,1,39,0.002,0.000,,,,,NVIDIA A100-SXM4-40GB MIG 4g.20gb (0),1,,13,"void channel_eq::eqMmseCoefCompLowMimoKernel<float, float, float, (unsigned int)4, (unsigned int)1, (unsigned int)4>(const channel_eq::_puschRxChEqStatDescr *, channel_eq::_puschRxChEqCoefCompDynDescr)"
15695003642,11071,297210,273,1,1,12,11,1,51,0.002,0.000,,,,,NVIDIA A100-SXM4-40GB MIG 4g.20gb (0),1,,13,"void channel_eq::eqMmseSoftDemapKernel<float, __half, __half, float, (unsigned int)4, (unsigned short)16383>(channel_eq::_puschRxChEqStatDescr *, channel_eq::_puschRxChEqSoftDemapDynDescr)"
15695219863,643929,297211,1,1,1,32,32,1,30,0.000,0.000,,,,,NVIDIA A100-SXM4-40GB MIG 4g.20gb (0),1,,13,"void convert_kernel<float2, __half2>(tensor_layout_any, T1 *, tensor_layout_any, const T2 *)"
15696111437,20320,297223,2253,1,1,128,1,1,16,0.000,0.000,,,,,NVIDIA A100-SXM4-40GB MIG 4g.20gb (0),1,,13,cupy_copy__float16_float16
15696260907,4896,297232,282,1,1,128,1,1,16,0.000,0.000,,,,,NVIDIA A100-SXM4-40GB MIG 4g.20gb (0),1,,13,cupy_copy__complex64_complex64
15696432905,4640,297241,26,1,1,128,1,1,16,0.000,0.000,,,,,NVIDIA A100-SXM4-40GB MIG 4g.20gb (0),1,,13,cupy_copy__float32_float32
15696565800,6400,297250,103,1,1,128,1,1,16,0.000,0.000,,,,,NVIDIA A100-SXM4-40GB MIG 4g.20gb (0),1,,13,cupy_copy__complex64_complex64
15696826021,22112,297260,1434,1,1,128,1,1,16,0.000,0.000,,,,,NVIDIA A100-SXM4-40GB MIG 4g.20gb (0),1,,13,cupy_copy__complex64_complex64
15697080258,278429,297265,1,1,1,32,32,1,30,0.000,0.000,,,,,NVIDIA A100-SXM4-40GB MIG 4g.20gb (0),1,,13,"void convert_kernel<__half2, float2>(tensor_layout_any, T1 *, tensor_layout_any, const T2 *)"
15697389343,12800,297268,,,,,,,,,,0.094,7320.000,Pinned,Device,NVIDIA A100-SXM4-40GB MIG 4g.20gb (0),1,,13,[CUDA memcpy Host-to-Device]
15697670652,621177,297269,,,,,,,,,,456.561,734607.357,Device,,NVIDIA A100-SXM4-40GB MIG 4g.20gb (0),1,,13,[CUDA memset]
15698356564,57471,297274,,,,,,,,,,1.235,21488.026,Pinned,Device,NVIDIA A100-SXM4-40GB MIG 4g.20gb (0),1,,13,[CUDA memcpy Host-to-Device]
15698416499,10112,297275,,,,,,,,,,0.197,19442.958,Pinned,Device,NVIDIA A100-SXM4-40GB MIG 4g.20gb (0),1,,13,[CUDA memcpy Host-to-Device]
15698602577,22400,297276,69,4,1,48,1,1,76,0.002,0.000,,,,,NVIDIA A100-SXM4-40GB MIG 4g.20gb (0),1,,13,"void ch_est::windowedChEstPreNoDftSOfdmKernel<float, __half, float, (unsigned int)2, (unsigned int)1, (unsigned short)4>(ch_est::puschRxChEstStatDescr_t *, ch_est::puschRxChEstDynDescr_t *)"
15698871822,22752,297277,137,2,1,24,2,1,44,0.001,0.001,,,,,NVIDIA A100-SXM4-40GB MIG 4g.20gb (0),1,,13,"void ch_est::chEstFilterNoDftSOfdmDispatchKernel<float, __half, float, (unsigned int)2>(ch_est::puschRxChEstStatDescr_t *, ch_est::puschRxChEstDynDescr_t *)"
15699054924,33664,297278,137,2,1,24,2,1,44,0.001,0.001,,,,,NVIDIA A100-SXM4-40GB MIG 4g.20gb (0),1,,13,"void ch_est::chEstFilterNoDftSOfdmDispatchKernel<float, __half, float, (unsigned int)2>(ch_est::puschRxChEstStatDescr_t *, ch_est::puschRxChEstDynDescr_t *)"
15699235754,5280,297289,103,1,1,128,1,1,16,0.000,0.000,,,,,NVIDIA A100-SXM4-40GB MIG 4g.20gb (0),1,,13,cupy_copy__complex64_complex64
15699477927,17408,297299,1434,1,1,128,1,1,16,0.000,0.000,,,,,NVIDIA A100-SXM4-40GB MIG 4g.20gb (0),1,,13,cupy_copy__complex64_complex64
15699860515,4128,297306,103,1,1,128,1,1,16,0.000,0.000,,,,,NVIDIA A100-SXM4-40GB MIG 4g.20gb (0),1,,13,cupy_copy__complex64_complex64
15700201791,275581,297313,1,1,1,32,32,1,30,0.000,0.000,,,,,NVIDIA A100-SXM4-40GB MIG 4g.20gb (0),1,,13,"void convert_kernel<__half2, float2>(tensor_layout_any, T1 *, tensor_layout_any, const T2 *)"
15700603290,5920,297316,,,,,,,,,,0.094,15826.941,Pinned,Device,NVIDIA A100-SXM4-40GB MIG 4g.20gb (0),1,,13,[CUDA memcpy Host-to-Device]
15700905751,66751,297317,,,,,,,,,,35.810,536468.412,Device,,NVIDIA A100-SXM4-40GB MIG 4g.20gb (0),1,,13,[CUDA memset]
15700976086,2016,297319,,,,,,,,,,0.000,39.682,Pinned,Device,NVIDIA A100-SXM4-40GB MIG 4g.20gb (0),1,,13,[CUDA memcpy Host-to-Device]
15700980534,9536,297320,,,,,,,,,,0.197,20617.298,Pinned,Device,NVIDIA A100-SXM4-40GB MIG 4g.20gb (0),1,,13,[CUDA memcpy Host-to-Device]
15701251059,22624,297321,273,1,1,48,1,1,40,0.000,0.001,,,,,NVIDIA A100-SXM4-40GB MIG 4g.20gb (0),1,,13,"void pusch_noise_intf_est::noiseIntfEstNoDftSOfdmKernel<float, __half, float, float, (unsigned int)2, (unsigned int)1, (unsigned char)4, (unsigned char)4>(pusch_noise_intf_est::puschRxNoiseIntfEstDynDescr)"
15701401681,9696,297332,35,1,1,128,1,1,16,0.000,0.000,,,,,NVIDIA A100-SXM4-40GB MIG 4g.20gb (0),1,,13,cupy_copy__complex64_complex64
15701523536,4224,297341,1,1,1,1,1,1,18,0.000,0.000,,,,,NVIDIA A100-SXM4-40GB MIG 4g.20gb (0),1,,13,cupy_copy__float32_float32
15701535632,1568,297347,,,,,,,,,,0.000,2.551,Device,Pageable,NVIDIA A100-SXM4-40GB MIG 4g.20gb (0),1,,7,[CUDA memcpy Device-to-Host]
15701766253,29504,297358,1434,1,1,128,1,1,16,0.000,0.000,,,,,NVIDIA A100-SXM4-40GB MIG 4g.20gb (0),1,,13,cupy_copy__complex64_complex64
15701906700,13120,297365,103,1,1,128,1,1,16,0.000,0.000,,,,,NVIDIA A100-SXM4-40GB MIG 4g.20gb (0),1,,13,cupy_copy__complex64_complex64
15702018987,7327,297372,35,1,1,128,1,1,16,0.000,0.000,,,,,NVIDIA A100-SXM4-40GB MIG 4g.20gb (0),1,,13,cupy_copy__complex64_complex64
15702260904,4640,297379,1,1,1,1,1,1,18,0.000,0.000,,,,,NVIDIA A100-SXM4-40GB MIG 4g.20gb (0),1,,13,cupy_copy__float32_float32
15702372615,360667,297390,1,1,1,32,32,1,30,0.000,0.000,,,,,NVIDIA A100-SXM4-40GB MIG 4g.20gb (0),1,,13,"void convert_kernel<__half2, float2>(tensor_layout_any, T1 *, tensor_layout_any, const T2 *)"
15702764898,5888,297393,,,,,,,,,,0.094,15912.954,Pinned,Device,NVIDIA A100-SXM4-40GB MIG 4g.20gb (0),1,,13,[CUDA memcpy Host-to-Device]
15702908577,8255,297394,,,,,,,,,,1.547,187354.938,Device,,NVIDIA A100-SXM4-40GB MIG 4g.20gb (0),1,,13,[CUDA memset]
15702927008,3040,297399,,,,,,,,,,0.031,10294.725,Pinned,Device,NVIDIA A100-SXM4-40GB MIG 4g.20gb (0),1,,13,[CUDA memcpy Host-to-Device]
15702932480,9888,297400,,,,,,,,,,0.197,19883.360,Pinned,Device,NVIDIA A100-SXM4-40GB MIG 4g.20gb (0),1,,13,[CUDA memcpy Host-to-Device]
15703011263,38400,297401,273,1,1,8,4,1,39,0.002,0.000,,,,,NVIDIA A100-SXM4-40GB MIG 4g.20gb (0),1,,13,"void channel_eq::eqMmseCoefCompLowMimoKernel<float, float, float, (unsigned int)4, (unsigned int)1, (unsigned int)4>(const channel_eq::_puschRxChEqStatDescr *, channel_eq::_puschRxChEqCoefCompDynDescr)"
15703071295,27231,297402,273,1,1,12,11,1,51,0.002,0.000,,,,,NVIDIA A100-SXM4-40GB MIG 4g.20gb (0),1,,13,"void channel_eq::eqMmseSoftDemapKernel<float, __half, __half, float, (unsigned int)4, (unsigned short)16383>(channel_eq::_puschRxChEqStatDescr *, channel_eq::_puschRxChEqSoftDemapDynDescr)"
15703120062,707160,297403,1,1,1,32,32,1,30,0.000,0.000,,,,,NVIDIA A100-SXM4-40GB MIG 4g.20gb (0),1,,13,"void convert_kernel<float2, __half2>(tensor_layout_any, T1 *, tensor_layout_any, const T2 *)"
15703975796,21056,297415,2253,1,1,128,1,1,16,0.000,0.000,,,,,NVIDIA A100-SXM4-40GB MIG 4g.20gb (0),1,,13,cupy_copy__float16_float16
15704175922,14592,297424,282,1,1,128,1,1,16,0.000,0.000,,,,,NVIDIA A100-SXM4-40GB MIG 4g.20gb (0),1,,13,cupy_copy__complex64_complex64
15704288465,3680,297433,26,1,1,128,1,1,16,0.000,0.000,,,,,NVIDIA A100-SXM4-40GB MIG 4g.20gb (0),1,,13,cupy_copy__float32_float32
15704402160,14816,297442,103,1,1,128,1,1,16,0.000,0.000,,,,,NVIDIA A100-SXM4-40GB MIG 4g.20gb (0),1,,13,cupy_copy__complex64_complex64
15704632205,21856,297452,1434,1,1,128,1,1,16,0.000,0.000,,,,,NVIDIA A100-SXM4-40GB MIG 4g.20gb (0),1,,13,cupy_copy__complex64_complex64
15704759084,273309,297457,1,1,1,32,32,1,30,0.000,0.000,,,,,NVIDIA A100-SXM4-40GB MIG 4g.20gb (0),1,,13,"void convert_kernel<__half2, float2>(tensor_layout_any, T1 *, tensor_layout_any, const T2 *)"
15705064040,6496,297460,,,,,,,,,,0.094,14423.562,Pinned,Device,NVIDIA A100-SXM4-40GB MIG 4g.20gb (0),1,,13,[CUDA memcpy Host-to-Device]
15705174919,614041,297461,,,,,,,,,,456.561,743282.024,Device,,NVIDIA A100-SXM4-40GB MIG 4g.20gb (0),1,,13,[CUDA memset]
15705796352,70463,297466,,,,,,,,,,1.235,17525.090,Pinned,Device,NVIDIA A100-SXM4-40GB MIG 4g.20gb (0),1,,13,[CUDA memcpy Host-to-Device]
15705874015,10368,297467,,,,,,,,,,0.197,18962.842,Pinned,Device,NVIDIA A100-SXM4-40GB MIG 4g.20gb (0),1,,13,[CUDA memcpy Host-to-Device]
15706068157,20224,297468,69,4,1,48,1,1,76,0.002,0.000,,,,,NVIDIA A100-SXM4-40GB MIG 4g.20gb (0),1,,13,"void ch_est::windowedChEstPreNoDftSOfdmKernel<float, __half, float, (unsigned int)2, (unsigned int)1, (unsigned short)4>(ch_est::puschRxChEstStatDescr_t *, ch_est::puschRxChEstDynDescr_t *)"
15706263067,22879,297469,137,2,1,24,2,1,44,0.001,0.001,,,,,NVIDIA A100-SXM4-40GB MIG 4g.20gb (0),1,,13,"void ch_est::chEstFilterNoDftSOfdmDispatchKernel<float, __half, float, (unsigned int)2>(ch_est::puschRxChEstStatDescr_t *, ch_est::puschRxChEstDynDescr_t *)"
15706406041,21952,297470,137,2,1,24,2,1,44,0.001,0.001,,,,,NVIDIA A100-SXM4-40GB MIG 4g.20gb (0),1,,13,"void ch_est::chEstFilterNoDftSOfdmDispatchKernel<float, __half, float, (unsigned int)2>(ch_est::puschRxChEstStatDescr_t *, ch_est::puschRxChEstDynDescr_t *)"
15706673814,9280,297481,103,1,1,128,1,1,16,0.000,0.000,,,,,NVIDIA A100-SXM4-40GB MIG 4g.20gb (0),1,,13,cupy_copy__complex64_complex64
15706865588,24672,297491,1434,1,1,128,1,1,16,0.000,0.000,,,,,NVIDIA A100-SXM4-40GB MIG 4g.20gb (0),1,,13,cupy_copy__complex64_complex64
15707152049,12960,297498,103,1,1,128,1,1,16,0.000,0.000,,,,,NVIDIA A100-SXM4-40GB MIG 4g.20gb (0),1,,13,cupy_copy__complex64_complex64
15707452109,275037,297505,1,1,1,32,32,1,30,0.000,0.000,,,,,NVIDIA A100-SXM4-40GB MIG 4g.20gb (0),1,,13,"void convert_kernel<__half2, float2>(tensor_layout_any, T1 *, tensor_layout_any, const T2 *)"
15707759530,9376,297508,,,,,,,,,,0.094,9993.147,Pinned,Device,NVIDIA A100-SXM4-40GB MIG 4g.20gb (0),1,,13,[CUDA memcpy Host-to-Device]
15707905128,60000,297509,,,,,,,,,,35.810,596808.127,Device,,NVIDIA A100-SXM4-40GB MIG 4g.20gb (0),1,,13,[CUDA memset]
15707973383,2176,297511,,,,,,,,,,0.000,36.765,Pinned,Device,NVIDIA A100-SXM4-40GB MIG 4g.20gb (0),1,,13,[CUDA memcpy Host-to-Device]
15707978727,13472,297512,,,,,,,,,,0.197,14593.819,Pinned,Device,NVIDIA A100-SXM4-40GB MIG 4g.20gb (0),1,,13,[CUDA memcpy Host-to-Device]
15708293956,28959,297513,273,1,1,48,1,1,40,0.000,0.001,,,,,NVIDIA A100-SXM4-40GB MIG 4g.20gb (0),1,,13,"void pusch_noise_intf_est::noiseIntfEstNoDftSOfdmKernel<float, __half, float, float, (unsigned int)2, (unsigned int)1, (unsigned char)4, (unsigned char)4>(pusch_noise_intf_est::puschRxNoiseIntfEstDynDescr)"
15708571937,10528,297524,35,1,1,128,1,1,16,0.000,0.000,,,,,NVIDIA A100-SXM4-40GB MIG 4g.20gb (0),1,,13,cupy_copy__complex64_complex64
15708867421,5536,297533,1,1,1,1,1,1,18,0.000,0.000,,,,,NVIDIA A100-SXM4-40GB MIG 4g.20gb (0),1,,13,cupy_copy__float32_float32
15708874941,1600,297539,,,,,,,,,,0.000,2.500,Device,Pageable,NVIDIA A100-SXM4-40GB MIG 4g.20gb (0),1,,7,[CUDA memcpy Device-to-Host]
15709208058,23135,297550,1434,1,1,128,1,1,16,0.000,0.000,,,,,NVIDIA A100-SXM4-40GB MIG 4g.20gb (0),1,,13,cupy_copy__complex64_complex64
15709340472,4928,297557,103,1,1,128,1,1,16,0.000,0.000,,,,,NVIDIA A100-SXM4-40GB MIG 4g.20gb (0),1,,13,cupy_copy__complex64_complex64
15709462967,11744,297564,35,1,1,128,1,1,16,0.000,0.000,,,,,NVIDIA A100-SXM4-40GB MIG 4g.20gb (0),1,,13,cupy_copy__complex64_complex64
15709610645,5216,297571,1,1,1,1,1,1,18,0.000,0.000,,,,,NVIDIA A100-SXM4-40GB MIG 4g.20gb (0),1,,13,cupy_copy__float32_float32
15709743763,275869,297582,1,1,1,32,32,1,30,0.000,0.000,,,,,NVIDIA A100-SXM4-40GB MIG 4g.20gb (0),1,,13,"void convert_kernel<__half2, float2>(tensor_layout_any, T1 *, tensor_layout_any, const T2 *)"
15710050160,6240,297585,,,,,,,,,,0.094,15015.346,Pinned,Device,NVIDIA A100-SXM4-40GB MIG 4g.20gb (0),1,,13,[CUDA memcpy Host-to-Device]
15710171407,10272,297586,,,,,,,,,,1.547,150566.940,Device,,NVIDIA A100-SXM4-40GB MIG 4g.20gb (0),1,,13,[CUDA memset]
15710187342,5344,297591,,,,,,,,,,0.031,5856.264,Pinned,Device,NVIDIA A100-SXM4-40GB MIG 4g.20gb (0),1,,13,[CUDA memcpy Host-to-Device]
15710195118,12864,297592,,,,,,,,,,0.197,15283.519,Pinned,Device,NVIDIA A100-SXM4-40GB MIG 4g.20gb (0),1,,13,[CUDA memcpy Host-to-Device]
15710320941,22048,297593,273,1,1,8,4,1,39,0.002,0.000,,,,,NVIDIA A100-SXM4-40GB MIG 4g.20gb (0),1,,13,"void channel_eq::eqMmseCoefCompLowMimoKernel<float, float, float, (unsigned int)4, (unsigned int)1, (unsigned int)4>(const channel_eq::_puschRxChEqStatDescr *, channel_eq::_puschRxChEqCoefCompDynDescr)"
15710474443,36928,297594,273,1,1,12,11,1,51,0.002,0.000,,,,,NVIDIA A100-SXM4-40GB MIG 4g.20gb (0),1,,13,"void channel_eq::eqMmseSoftDemapKernel<float, __half, __half, float, (unsigned int)4, (unsigned short)16383>(channel_eq::_puschRxChEqStatDescr *, channel_eq::_puschRxChEqSoftDemapDynDescr)"
15710597098,607257,297595,1,1,1,32,32,1,30,0.000,0.000,,,,,NVIDIA A100-SXM4-40GB MIG 4g.20gb (0),1,,13,"void convert_kernel<float2, __half2>(tensor_layout_any, T1 *, tensor_layout_any, const T2 *)"
15711285346,29472,297607,2253,1,1,128,1,1,16,0.000,0.000,,,,,NVIDIA A100-SXM4-40GB MIG 4g.20gb (0),1,,13,cupy_copy__float16_float16
15711358113,14400,297616,282,1,1,128,1,1,16,0.000,0.000,,,,,NVIDIA A100-SXM4-40GB MIG 4g.20gb (0),1,,13,cupy_copy__complex64_complex64
15711373729,2400,297625,26,1,1,128,1,1,16,0.000,0.000,,,,,NVIDIA A100-SXM4-40GB MIG 4g.20gb (0),1,,13,cupy_copy__float32_float32
15711416513,13215,297634,103,1,1,128,1,1,16,0.000,0.000,,,,,NVIDIA A100-SXM4-40GB MIG 4g.20gb (0),1,,13,cupy_copy__complex64_complex64
15711432000,12384,297644,1434,1,1,128,1,1,16,0.000,0.000,,,,,NVIDIA A100-SXM4-40GB MIG 4g.20gb (0),1,,13,cupy_copy__complex64_complex64
15711496800,236797,297649,1,1,1,32,32,1,30,0.000,0.000,,,,,NVIDIA A100-SXM4-40GB MIG 4g.20gb (0),1,,13,"void convert_kernel<__half2, float2>(tensor_layout_any, T1 *, tensor_layout_any, const T2 *)"
15711762301,5600,297652,,,,,,,,,,0.094,16731.388,Pinned,Device,NVIDIA A100-SXM4-40GB MIG 4g.20gb (0),1,,13,[CUDA memcpy Host-to-Device]
15711832572,635705,297653,,,,,,,,,,456.561,718171.145,Device,,NVIDIA A100-SXM4-40GB MIG 4g.20gb (0),1,,13,[CUDA memset]
15713111406,57311,297658,,,,,,,,,,1.235,21547.303,Pinned,Device,NVIDIA A100-SXM4-40GB MIG 4g.20gb (0),1,,13,[CUDA memcpy Host-to-Device]
15713171501,9440,297659,,,,,,,,,,0.197,20827.079,Pinned,Device,NVIDIA A100-SXM4-40GB MIG 4g.20gb (0),1,,13,[CUDA memcpy Host-to-Device]
15713230988,20096,297660,69,4,1,48,1,1,76,0.002,0.000,,,,,NVIDIA A100-SXM4-40GB MIG 4g.20gb (0),1,,13,"void ch_est::windowedChEstPreNoDftSOfdmKernel<float, __half, float, (unsigned int)2, (unsigned int)1, (unsigned short)4>(ch_est::puschRxChEstStatDescr_t *, ch_est::puschRxChEstDynDescr_t *)"
15713289836,20863,297661,137,2,1,24,2,1,44,0.001,0.001,,,,,NVIDIA A100-SXM4-40GB MIG 4g.20gb (0),1,,13,"void ch_est::chEstFilterNoDftSOfdmDispatchKernel<float, __half, float, (unsigned int)2>(ch_est::puschRxChEstStatDescr_t *, ch_est::puschRxChEstDynDescr_t *)"
15713349547,23360,297662,137,2,1,24,2,1,44,0.001,0.001,,,,,NVIDIA A100-SXM4-40GB MIG 4g.20gb (0),1,,13,"void ch_est::chEstFilterNoDftSOfdmDispatchKernel<float, __half, float, (unsigned int)2>(ch_est::puschRxChEstStatDescr_t *, ch_est::puschRxChEstDynDescr_t *)"
15713407242,12256,297673,103,1,1,128,1,1,16,0.000,0.000,,,,,NVIDIA A100-SXM4-40GB MIG 4g.20gb (0),1,,13,cupy_copy__complex64_complex64
15713468906,16639,297683,1434,1,1,128,1,1,16,0.000,0.000,,,,,NVIDIA A100-SXM4-40GB MIG 4g.20gb (0),1,,13,cupy_copy__complex64_complex64
15713526281,12416,297690,103,1,1,128,1,1,16,0.000,0.000,,,,,NVIDIA A100-SXM4-40GB MIG 4g.20gb (0),1,,13,cupy_copy__complex64_complex64
15713591912,255133,297697,1,1,1,32,32,1,30,0.000,0.000,,,,,NVIDIA A100-SXM4-40GB MIG 4g.20gb (0),1,,13,"void convert_kernel<__half2, float2>(tensor_layout_any, T1 *, tensor_layout_any, const T2 *)"
15713879717,5344,297700,,,,,,,,,,0.094,17532.864,Pinned,Device,NVIDIA A100-SXM4-40GB MIG 4g.20gb (0),1,,13,[CUDA memcpy Host-to-Device]
15713931524,61024,297701,,,,,,,,,,35.810,586781.349,Device,,NVIDIA A100-SXM4-40GB MIG 4g.20gb (0),1,,13,[CUDA memset]
15713996644,3296,297703,,,,,,,,,,0.000,24.272,Pinned,Device,NVIDIA A100-SXM4-40GB MIG 4g.20gb (0),1,,13,[CUDA memcpy Host-to-Device]
15714002499,9408,297704,,,,,,,,,,0.197,20897.858,Pinned,Device,NVIDIA A100-SXM4-40GB MIG 4g.20gb (0),1,,13,[CUDA memcpy Host-to-Device]
15714232705,27008,297705,273,1,1,48,1,1,40,0.000,0.001,,,,,NVIDIA A100-SXM4-40GB MIG 4g.20gb (0),1,,13,"void pusch_noise_intf_est::noiseIntfEstNoDftSOfdmKernel<float, __half, float, float, (unsigned int)2, (unsigned int)1, (unsigned char)4, (unsigned char)4>(pusch_noise_intf_est::puschRxNoiseIntfEstDynDescr)"
15714400383,11008,297716,35,1,1,128,1,1,16,0.000,0.000,,,,,NVIDIA A100-SXM4-40GB MIG 4g.20gb (0),1,,13,cupy_copy__complex64_complex64
15714522334,7136,297725,1,1,1,1,1,1,18,0.000,0.000,,,,,NVIDIA A100-SXM4-40GB MIG 4g.20gb (0),1,,13,cupy_copy__float32_float32
15714540253,4064,297731,,,,,,,,,,0.000,0.984,Device,Pageable,NVIDIA A100-SXM4-40GB MIG 4g.20gb (0),1,,7,[CUDA memcpy Device-to-Host]
15714734907,18144,297742,1434,1,1,128,1,1,16,0.000,0.000,,,,,NVIDIA A100-SXM4-40GB MIG 4g.20gb (0),1,,13,cupy_copy__complex64_complex64
15715003768,9280,297749,103,1,1,128,1,1,16,0.000,0.000,,,,,NVIDIA A100-SXM4-40GB MIG 4g.20gb (0),1,,13,cupy_copy__complex64_complex64
15715266517,12256,297756,35,1,1,128,1,1,16,0.000,0.000,,,,,NVIDIA A100-SXM4-40GB MIG 4g.20gb (0),1,,13,cupy_copy__complex64_complex64
15715421716,10079,297763,1,1,1,1,1,1,18,0.000,0.000,,,,,NVIDIA A100-SXM4-40GB MIG 4g.20gb (0),1,,13,cupy_copy__float32_float32
15715716016,268349,297774,1,1,1,32,32,1,30,0.000,0.000,,,,,NVIDIA A100-SXM4-40GB MIG 4g.20gb (0),1,,13,"void convert_kernel<__half2, float2>(tensor_layout_any, T1 *, tensor_layout_any, const T2 *)"
15716015213,5888,297777,,,,,,,,,,0.094,15912.954,Pinned,Device,NVIDIA A100-SXM4-40GB MIG 4g.20gb (0),1,,13,[CUDA memcpy Host-to-Device]
15716269674,16576,297778,,,,,,,,,,1.547,93304.733,Device,,NVIDIA A100-SXM4-40GB MIG 4g.20gb (0),1,,13,[CUDA memset]
15716292938,6208,297783,,,,,,,,,,0.031,5041.222,Pinned,Device,NVIDIA A100-SXM4-40GB MIG 4g.20gb (0),1,,13,[CUDA memcpy Host-to-Device]
15716305706,12063,297784,,,,,,,,,,0.197,16298.410,Pinned,Device,NVIDIA A100-SXM4-40GB MIG 4g.20gb (0),1,,13,[CUDA memcpy Host-to-Device]
15716455656,20544,297785,273,1,1,8,4,1,39,0.002,0.000,,,,,NVIDIA A100-SXM4-40GB MIG 4g.20gb (0),1,,13,"void channel_eq::eqMmseCoefCompLowMimoKernel<float, float, float, (unsigned int)4, (unsigned int)1, (unsigned int)4>(const channel_eq::_puschRxChEqStatDescr *, channel_eq::_puschRxChEqCoefCompDynDescr)"
15716772932,23040,297786,273,1,1,12,11,1,51,0.002,0.000,,,,,NVIDIA A100-SXM4-40GB MIG 4g.20gb (0),1,,13,"void channel_eq::eqMmseSoftDemapKernel<float, __half, __half, float, (unsigned int)4, (unsigned short)16383>(channel_eq::_puschRxChEqStatDescr *, channel_eq::_puschRxChEqSoftDemapDynDescr)"
15717103297,680472,297787,1,1,1,32,32,1,30,0.000,0.000,,,,,NVIDIA A100-SXM4-40GB MIG 4g.20gb (0),1,,13,"void convert_kernel<float2, __half2>(tensor_layout_any, T1 *, tensor_layout_any, const T2 *)"
15718044854,21696,297799,2253,1,1,128,1,1,16,0.000,0.000,,,,,NVIDIA A100-SXM4-40GB MIG 4g.20gb (0),1,,13,cupy_copy__float16_float16
15718224564,14656,297808,282,1,1,128,1,1,16,0.000,0.000,,,,,NVIDIA A100-SXM4-40GB MIG 4g.20gb (0),1,,13,cupy_copy__complex64_complex64
15718334867,10752,297817,26,1,1,128,1,1,16,0.000,0.000,,,,,NVIDIA A100-SXM4-40GB MIG 4g.20gb (0),1,,13,cupy_copy__float32_float32
15718446097,11680,297826,103,1,1,128,1,1,16,0.000,0.000,,,,,NVIDIA A100-SXM4-40GB MIG 4g.20gb (0),1,,13,cupy_copy__complex64_complex64
15718655663,20736,297836,1434,1,1,128,1,1,16,0.000,0.000,,,,,NVIDIA A100-SXM4-40GB MIG 4g.20gb (0),1,,13,cupy_copy__complex64_complex64
15718787374,274844,297841,1,1,1,32,32,1,30,0.000,0.000,,,,,NVIDIA A100-SXM4-40GB MIG 4g.20gb (0),1,,13,"void convert_kernel<__half2, float2>(tensor_layout_any, T1 *, tensor_layout_any, const T2 *)"
15719091818,5664,297844,,,,,,,,,,0.094,16542.310,Pinned,Device,NVIDIA A100-SXM4-40GB MIG 4g.20gb (0),1,,13,[CUDA memcpy Host-to-Device]
15719233609,620153,297845,,,,,,,,,,456.561,735977.041,Device,,NVIDIA A100-SXM4-40GB MIG 4g.20gb (0),1,,13,[CUDA memset]
15719858786,61567,297850,,,,,,,,,,1.235,20057.960,Pinned,Device,NVIDIA A100-SXM4-40GB MIG 4g.20gb (0),1,,13,[CUDA memcpy Host-to-Device]
15719923809,14496,297851,,,,,,,,,,0.197,13562.806,Pinned,Device,NVIDIA A100-SXM4-40GB MIG 4g.20gb (0),1,,13,[CUDA memcpy Host-to-Device]
15720065535,26176,297852,69,4,1,48,1,1,76,0.002,0.000,,,,,NVIDIA A100-SXM4-40GB MIG 4g.20gb (0),1,,13,"void ch_est::windowedChEstPreNoDftSOfdmKernel<float, __half, float, (unsigned int)2, (unsigned int)1, (unsigned short)4>(ch_est::puschRxChEstStatDescr_t *, ch_est::puschRxChEstDynDescr_t *)"
15720190878,23328,297853,137,2,1,24,2,1,44,0.001,0.001,,,,,NVIDIA A100-SXM4-40GB MIG 4g.20gb (0),1,,13,"void ch_est::chEstFilterNoDftSOfdmDispatchKernel<float, __half, float, (unsigned int)2>(ch_est::puschRxChEstStatDescr_t *, ch_est::puschRxChEstDynDescr_t *)"
15720303868,24608,297854,137,2,1,24,2,1,44,0.001,0.001,,,,,NVIDIA A100-SXM4-40GB MIG 4g.20gb (0),1,,13,"void ch_est::chEstFilterNoDftSOfdmDispatchKernel<float, __half, float, (unsigned int)2>(ch_est::puschRxChEstStatDescr_t *, ch_est::puschRxChEstDynDescr_t *)"
15720422587,8928,297865,103,1,1,128,1,1,16,0.000,0.000,,,,,NVIDIA A100-SXM4-40GB MIG 4g.20gb (0),1,,13,cupy_copy__complex64_complex64
15720537754,15872,297875,1434,1,1,128,1,1,16,0.000,0.000,,,,,NVIDIA A100-SXM4-40GB MIG 4g.20gb (0),1,,13,cupy_copy__complex64_complex64
15720652153,11199,297882,103,1,1,128,1,1,16,0.000,0.000,,,,,NVIDIA A100-SXM4-40GB MIG 4g.20gb (0),1,,13,cupy_copy__complex64_complex64
15720776823,274781,297889,1,1,1,32,32,1,30,0.000,0.000,,,,,NVIDIA A100-SXM4-40GB MIG 4g.20gb (0),1,,13,"void convert_kernel<__half2, float2>(tensor_layout_any, T1 *, tensor_layout_any, const T2 *)"
15721083028,5952,297892,,,,,,,,,,0.094,15741.865,Pinned,Device,NVIDIA A100-SXM4-40GB MIG 4g.20gb (0),1,,13,[CUDA memcpy Host-to-Device]
15721228562,58943,297893,,,,,,,,,,35.810,607515.293,Device,,NVIDIA A100-SXM4-40GB MIG 4g.20gb (0),1,,13,[CUDA memset]
15721291025,2208,297895,,,,,,,,,,0.000,36.232,Pinned,Device,NVIDIA A100-SXM4-40GB MIG 4g.20gb (0),1,,13,[CUDA memcpy Host-to-Device]
15721297009,9568,297896,,,,,,,,,,0.197,20548.485,Pinned,Device,NVIDIA A100-SXM4-40GB MIG 4g.20gb (0),1,,13,[CUDA memcpy Host-to-Device]
15721448880,25663,297897,273,1,1,48,1,1,40,0.000,0.001,,,,,NVIDIA A100-SXM4-40GB MIG 4g.20gb (0),1,,13,"void pusch_noise_intf_est::noiseIntfEstNoDftSOfdmKernel<float, __half, float, float, (unsigned int)2, (unsigned int)1, (unsigned char)4, (unsigned char)4>(pusch_noise_intf_est::puschRxNoiseIntfEstDynDescr)"
15721559758,13824,297908,35,1,1,128,1,1,16,0.000,0.000,,,,,NVIDIA A100-SXM4-40GB MIG 4g.20gb (0),1,,13,cupy_copy__complex64_complex64
15721697869,6272,297917,1,1,1,1,1,1,18,0.000,0.000,,,,,NVIDIA A100-SXM4-40GB MIG 4g.20gb (0),1,,13,cupy_copy__float32_float32
15721705069,1664,297923,,,,,,,,,,0.000,2.404,Device,Pageable,NVIDIA A100-SXM4-40GB MIG 4g.20gb (0),1,,7,[CUDA memcpy Device-to-Host]
15721904586,18272,297934,1434,1,1,128,1,1,16,0.000,0.000,,,,,NVIDIA A100-SXM4-40GB MIG 4g.20gb (0),1,,13,cupy_copy__complex64_complex64
15722026729,8672,297941,103,1,1,128,1,1,16,0.000,0.000,,,,,NVIDIA A100-SXM4-40GB MIG 4g.20gb (0),1,,13,cupy_copy__complex64_complex64
15722136584,11392,297948,35,1,1,128,1,1,16,0.000,0.000,,,,,NVIDIA A100-SXM4-40GB MIG 4g.20gb (0),1,,13,cupy_copy__complex64_complex64
15722280614,5632,297955,1,1,1,1,1,1,18,0.000,0.000,,,,,NVIDIA A100-SXM4-40GB MIG 4g.20gb (0),1,,13,cupy_copy__float32_float32
15722426629,262877,297966,1,1,1,32,32,1,30,0.000,0.000,,,,,NVIDIA A100-SXM4-40GB MIG 4g.20gb (0),1,,13,"void convert_kernel<__half2, float2>(tensor_layout_any, T1 *, tensor_layout_any, const T2 *)"
15722719553,6176,297969,,,,,,,,,,0.094,15170.975,Pinned,Device,NVIDIA A100-SXM4-40GB MIG 4g.20gb (0),1,,13,[CUDA memcpy Host-to-Device]
15722817184,9600,297970,,,,,,,,,,1.547,161105.636,Device,,NVIDIA A100-SXM4-40GB MIG 4g.20gb (0),1,,13,[CUDA memset]
15722874080,7487,297975,,,,,,,,,,0.031,4180.019,Pinned,Device,NVIDIA A100-SXM4-40GB MIG 4g.20gb (0),1,,13,[CUDA memcpy Host-to-Device]
15722887135,11072,297976,,,,,,,,,,0.197,17757.045,Pinned,Device,NVIDIA A100-SXM4-40GB MIG 4g.20gb (0),1,,13,[CUDA memcpy Host-to-Device]
15723037598,27167,297977,273,1,1,8,4,1,39,0.002,0.000,,,,,NVIDIA A100-SXM4-40GB MIG 4g.20gb (0),1,,13,"void channel_eq::eqMmseCoefCompLowMimoKernel<float, float, float, (unsigned int)4, (unsigned int)1, (unsigned int)4>(const channel_eq::_puschRxChEqStatDescr *, channel_eq::_puschRxChEqCoefCompDynDescr)"
15723223612,25055,297978,273,1,1,12,11,1,51,0.002,0.000,,,,,NVIDIA A100-SXM4-40GB MIG 4g.20gb (0),1,,13,"void channel_eq::eqMmseSoftDemapKernel<float, __half, __half, float, (unsigned int)4, (unsigned short)16383>(channel_eq::_puschRxChEqStatDescr *, channel_eq::_puschRxChEqSoftDemapDynDescr)"
15723413305,686073,297979,1,1,1,32,32,1,30,0.000,0.000,,,,,NVIDIA A100-SXM4-40GB MIG 4g.20gb (0),1,,13,"void convert_kernel<float2, __half2>(tensor_layout_any, T1 *, tensor_layout_any, const T2 *)"
15724341199,18944,297991,2253,1,1,128,1,1,16,0.000,0.000,,,,,NVIDIA A100-SXM4-40GB MIG 4g.20gb (0),1,,13,cupy_copy__float16_float16
15724609644,15424,298000,282,1,1,128,1,1,16,0.000,0.000,,,,,NVIDIA A100-SXM4-40GB MIG 4g.20gb (0),1,,13,cupy_copy__complex64_complex64
15724723691,11136,298009,26,1,1,128,1,1,16,0.000,0.000,,,,,NVIDIA A100-SXM4-40GB MIG 4g.20gb (0),1,,13,cupy_copy__float32_float32
15724990408,11968,298018,103,1,1,128,1,1,16,0.000,0.000,,,,,NVIDIA A100-SXM4-40GB MIG 4g.20gb (0),1,,13,cupy_copy__complex64_complex64
15725298020,19840,298028,1434,1,1,128,1,1,16,0.000,0.000,,,,,NVIDIA A100-SXM4-40GB MIG 4g.20gb (0),1,,13,cupy_copy__complex64_complex64
15725576641,268413,298033,1,1,1,32,32,1,30,0.000,0.000,,,,,NVIDIA A100-SXM4-40GB MIG 4g.20gb (0),1,,13,"void convert_kernel<__half2, float2>(tensor_layout_any, T1 *, tensor_layout_any, const T2 *)"
15725876190,12736,298036,,,,,,,,,,0.094,7356.729,Pinned,Device,NVIDIA A100-SXM4-40GB MIG 4g.20gb (0),1,,13,[CUDA memcpy Host-to-Device]
15726065308,632760,298037,,,,,,,,,,456.561,721367.075,Device,,NVIDIA A100-SXM4-40GB MIG 4g.20gb (0),1,,13,[CUDA memset]
15726703028,67776,298042,,,,,,,,,,1.235,18220.364,Pinned,Device,NVIDIA A100-SXM4-40GB MIG 4g.20gb (0),1,,13,[CUDA memcpy Host-to-Device]
15726773268,12447,298043,,,,,,,,,,0.197,15795.487,Pinned,Device,NVIDIA A100-SXM4-40GB MIG 4g.20gb (0),1,,13,[CUDA memcpy Host-to-Device]
15727012689,21216,298044,69,4,1,48,1,1,76,0.002,0.000,,,,,NVIDIA A100-SXM4-40GB MIG 4g.20gb (0),1,,13,"void ch_est::windowedChEstPreNoDftSOfdmKernel<float, __half, float, (unsigned int)2, (unsigned int)1, (unsigned short)4>(ch_est::puschRxChEstStatDescr_t *, ch_est::puschRxChEstDynDescr_t *)"
15727286190,22528,298045,137,2,1,24,2,1,44,0.001,0.001,,,,,NVIDIA A100-SXM4-40GB MIG 4g.20gb (0),1,,13,"void ch_est::chEstFilterNoDftSOfdmDispatchKernel<float, __half, float, (unsigned int)2>(ch_est::puschRxChEstStatDescr_t *, ch_est::puschRxChEstDynDescr_t *)"
15727552331,23808,298046,137,2,1,24,2,1,44,0.001,0.001,,,,,NVIDIA A100-SXM4-40GB MIG 4g.20gb (0),1,,13,"void ch_est::chEstFilterNoDftSOfdmDispatchKernel<float, __half, float, (unsigned int)2>(ch_est::puschRxChEstStatDescr_t *, ch_est::puschRxChEstDynDescr_t *)"
15727811144,8864,298057,103,1,1,128,1,1,16,0.000,0.000,,,,,NVIDIA A100-SXM4-40GB MIG 4g.20gb (0),1,,13,cupy_copy__complex64_complex64
15727992934,17184,298067,1434,1,1,128,1,1,16,0.000,0.000,,,,,NVIDIA A100-SXM4-40GB MIG 4g.20gb (0),1,,13,cupy_copy__complex64_complex64
15728114084,8768,298074,103,1,1,128,1,1,16,0.000,0.000,,,,,NVIDIA A100-SXM4-40GB MIG 4g.20gb (0),1,,13,cupy_copy__complex64_complex64
15728226947,257725,298081,1,1,1,32,32,1,30,0.000,0.000,,,,,NVIDIA A100-SXM4-40GB MIG 4g.20gb (0),1,,13,"void convert_kernel<__half2, float2>(tensor_layout_any, T1 *, tensor_layout_any, const T2 *)"
15728518368,8544,298084,,,,,,,,,,0.094,10966.274,Pinned,Device,NVIDIA A100-SXM4-40GB MIG 4g.20gb (0),1,,13,[CUDA memcpy Host-to-Device]
15728630495,59167,298085,,,,,,,,,,35.810,605223.458,Device,,NVIDIA A100-SXM4-40GB MIG 4g.20gb (0),1,,13,[CUDA memset]
15728690942,6176,298087,,,,,,,,,,0.000,12.953,Pinned,Device,NVIDIA A100-SXM4-40GB MIG 4g.20gb (0),1,,13,[CUDA memcpy Host-to-Device]
15728703230,10048,298088,,,,,,,,,,0.197,19566.821,Pinned,Device,NVIDIA A100-SXM4-40GB MIG 4g.20gb (0),1,,13,[CUDA memcpy Host-to-Device]
15728853340,26784,298089,273,1,1,48,1,1,40,0.000,0.001,,,,,NVIDIA A100-SXM4-40GB MIG 4g.20gb (0),1,,13,"void pusch_noise_intf_est::noiseIntfEstNoDftSOfdmKernel<float, __half, float, float, (unsigned int)2, (unsigned int)1, (unsigned char)4, (unsigned char)4>(pusch_noise_intf_est::puschRxNoiseIntfEstDynDescr)"
15728969979,5216,298100,35,1,1,128,1,1,16,0.000,0.000,,,,,NVIDIA A100-SXM4-40GB MIG 4g.20gb (0),1,,13,cupy_copy__complex64_complex64
15729121593,5888,298109,1,1,1,1,1,1,18,0.000,0.000,,,,,NVIDIA A100-SXM4-40GB MIG 4g.20gb (0),1,,13,cupy_copy__float32_float32
15729131033,4384,298115,,,,,,,,,,0.000,0.912,Device,Pageable,NVIDIA A100-SXM4-40GB MIG 4g.20gb (0),1,,7,[CUDA memcpy Device-to-Host]
15729285015,21024,298126,1434,1,1,128,1,1,16,0.000,0.000,,,,,NVIDIA A100-SXM4-40GB MIG 4g.20gb (0),1,,13,cupy_copy__complex64_complex64
15729407414,9344,298133,103,1,1,128,1,1,16,0.000,0.000,,,,,NVIDIA A100-SXM4-40GB MIG 4g.20gb (0),1,,13,cupy_copy__complex64_complex64
15729521397,10080,298140,35,1,1,128,1,1,16,0.000,0.000,,,,,NVIDIA A100-SXM4-40GB MIG 4g.20gb (0),1,,13,cupy_copy__complex64_complex64
15729657043,4384,298147,1,1,1,1,1,1,18,0.000,0.000,,,,,NVIDIA A100-SXM4-40GB MIG 4g.20gb (0),1,,13,cupy_copy__float32_float32
15729805169,270589,298158,1,1,1,32,32,1,30,0.000,0.000,,,,,NVIDIA A100-SXM4-40GB MIG 4g.20gb (0),1,,13,"void convert_kernel<__half2, float2>(tensor_layout_any, T1 *, tensor_layout_any, const T2 *)"
15730104750,9888,298161,,,,,,,,,,0.094,9475.664,Pinned,Device,NVIDIA A100-SXM4-40GB MIG 4g.20gb (0),1,,13,[CUDA memcpy Host-to-Device]
15730232525,10176,298162,,,,,,,,,,1.547,151986.740,Device,,NVIDIA A100-SXM4-40GB MIG 4g.20gb (0),1,,13,[CUDA memset]
15730244108,3840,298167,,,,,,,,,,0.031,8149.979,Pinned,Device,NVIDIA A100-SXM4-40GB MIG 4g.20gb (0),1,,13,[CUDA memcpy Host-to-Device]
15730253324,10368,298168,,,,,,,,,,0.197,18962.842,Pinned,Device,NVIDIA A100-SXM4-40GB MIG 4g.20gb (0),1,,13,[CUDA memcpy Host-to-Device]
15730397835,32703,298169,273,1,1,8,4,1,39,0.002,0.000,,,,,NVIDIA A100-SXM4-40GB MIG 4g.20gb (0),1,,13,"void channel_eq::eqMmseCoefCompLowMimoKernel<float, float, float, (unsigned int)4, (unsigned int)1, (unsigned int)4>(const channel_eq::_puschRxChEqStatDescr *, channel_eq::_puschRxChEqCoefCompDynDescr)"
15730539433,12704,298170,273,1,1,12,11,1,51,0.002,0.000,,,,,NVIDIA A100-SXM4-40GB MIG 4g.20gb (0),1,,13,"void channel_eq::eqMmseSoftDemapKernel<float, __half, __half, float, (unsigned int)4, (unsigned short)16383>(channel_eq::_puschRxChEqStatDescr *, channel_eq::_puschRxChEqSoftDemapDynDescr)"
15730707623,700120,298171,1,1,1,32,32,1,30,0.000,0.000,,,,,NVIDIA A100-SXM4-40GB MIG 4g.20gb (0),1,,13,"void convert_kernel<float2, __half2>(tensor_layout_any, T1 *, tensor_layout_any, const T2 *)"
15731563006,20767,298183,2253,1,1,128,1,1,16,0.000,0.000,,,,,NVIDIA A100-SXM4-40GB MIG 4g.20gb (0),1,,13,cupy_copy__float16_float16
15731854874,14816,298192,282,1,1,128,1,1,16,0.000,0.000,,,,,NVIDIA A100-SXM4-40GB MIG 4g.20gb (0),1,,13,cupy_copy__complex64_complex64
15732090392,8864,298201,26,1,1,128,1,1,16,0.000,0.000,,,,,NVIDIA A100-SXM4-40GB MIG 4g.20gb (0),1,,13,cupy_copy__float32_float32
15732201174,11872,298210,103,1,1,128,1,1,16,0.000,0.000,,,,,NVIDIA A100-SXM4-40GB MIG 4g.20gb (0),1,,13,cupy_copy__complex64_complex64
15732516019,18176,298226,1434,1,1,128,1,1,16,0.000,0.000,,,,,NVIDIA A100-SXM4-40GB MIG 4g.20gb (0),1,,13,cupy_copy__complex64_complex64
15732684017,309949,298231,1,1,1,32,32,1,30,0.000,0.000,,,,,NVIDIA A100-SXM4-40GB MIG 4g.20gb (0),1,,13,"void convert_kernel<__half2, float2>(tensor_layout_any, T1 *, tensor_layout_any, const T2 *)"
15733023853,12288,298234,,,,,,,,,,0.094,7624.980,Pinned,Device,NVIDIA A100-SXM4-40GB MIG 4g.20gb (0),1,,13,[CUDA memcpy Host-to-Device]
15733227531,605753,298235,,,,,,,,,,456.561,753326.376,Device,,NVIDIA A100-SXM4-40GB MIG 4g.20gb (0),1,,13,[CUDA memset]
15733837892,64703,298240,,,,,,,,,,1.235,19086.060,Pinned,Device,NVIDIA A100-SXM4-40GB MIG 4g.20gb (0),1,,13,[CUDA memcpy Host-to-Device]
15733905027,9888,298241,,,,,,,,,,0.197,19883.360,Pinned,Device,NVIDIA A100-SXM4-40GB MIG 4g.20gb (0),1,,13,[CUDA memcpy Host-to-Device]
15734323871,15903,298242,69,4,1,48,1,1,76,0.002,0.000,,,,,NVIDIA A100-SXM4-40GB MIG 4g.20gb (0),1,,13,"void ch_est::windowedChEstPreNoDftSOfdmKernel<float, __half, float, (unsigned int)2, (unsigned int)1, (unsigned short)4>(ch_est::puschRxChEstStatDescr_t *, ch_est::puschRxChEstDynDescr_t *)"
15734795513,22240,298243,137,2,1,24,2,1,44,0.001,0.001,,,,,NVIDIA A100-SXM4-40GB MIG 4g.20gb (0),1,,13,"void ch_est::chEstFilterNoDftSOfdmDispatchKernel<float, __half, float, (unsigned int)2>(ch_est::puschRxChEstStatDescr_t *, ch_est::puschRxChEstDynDescr_t *)"
15735124565,14176,298244,137,2,1,24,2,1,44,0.001,0.001,,,,,NVIDIA A100-SXM4-40GB MIG 4g.20gb (0),1,,13,"void ch_est::chEstFilterNoDftSOfdmDispatchKernel<float, __half, float, (unsigned int)2>(ch_est::puschRxChEstStatDescr_t *, ch_est::puschRxChEstDynDescr_t *)"
15735499633,11136,298255,103,1,1,128,1,1,16,0.000,0.000,,,,,NVIDIA A100-SXM4-40GB MIG 4g.20gb (0),1,,13,cupy_copy__complex64_complex64
15735916653,23103,298265,1434,1,1,128,1,1,16,0.000,0.000,,,,,NVIDIA A100-SXM4-40GB MIG 4g.20gb (0),1,,13,cupy_copy__complex64_complex64
15736274505,18655,298272,103,1,1,128,1,1,16,0.000,0.000,,,,,NVIDIA A100-SXM4-40GB MIG 4g.20gb (0),1,,13,cupy_copy__complex64_complex64
15736541670,292860,298279,1,1,1,32,32,1,30,0.000,0.000,,,,,NVIDIA A100-SXM4-40GB MIG 4g.20gb (0),1,,13,"void convert_kernel<__half2, float2>(tensor_layout_any, T1 *, tensor_layout_any, const T2 *)"
15736865826,6848,298282,,,,,,,,,,0.094,13682.239,Pinned,Device,NVIDIA A100-SXM4-40GB MIG 4g.20gb (0),1,,13,[CUDA memcpy Host-to-Device]
15737217918,60447,298283,,,,,,,,,,35.810,592403.507,Device,,NVIDIA A100-SXM4-40GB MIG 4g.20gb (0),1,,13,[CUDA memset]
15737283005,2720,298285,,,,,,,,,,0.000,29.412,Pinned,Device,NVIDIA A100-SXM4-40GB MIG 4g.20gb (0),1,,13,[CUDA memcpy Host-to-Device]
15737291805,9856,298286,,,,,,,,,,0.197,19948.044,Pinned,Device,NVIDIA A100-SXM4-40GB MIG 4g.20gb (0),1,,13,[CUDA memcpy Host-to-Device]
15737663321,27488,298287,273,1,1,48,1,1,40,0.000,0.001,,,,,NVIDIA A100-SXM4-40GB MIG 4g.20gb (0),1,,13,"void pusch_noise_intf_est::noiseIntfEstNoDftSOfdmKernel<float, __half, float, float, (unsigned int)2, (unsigned int)1, (unsigned char)4, (unsigned char)4>(pusch_noise_intf_est::puschRxNoiseIntfEstDynDescr)"
15737891862,12512,298298,35,1,1,128,1,1,16,0.000,0.000,,,,,NVIDIA A100-SXM4-40GB MIG 4g.20gb (0),1,,13,cupy_copy__complex64_complex64
15738067348,5952,298307,1,1,1,1,1,1,18,0.000,0.000,,,,,NVIDIA A100-SXM4-40GB MIG 4g.20gb (0),1,,13,cupy_copy__float32_float32
15738078356,4448,298313,,,,,,,,,,0.000,0.899,Device,Pageable,NVIDIA A100-SXM4-40GB MIG 4g.20gb (0),1,,7,[CUDA memcpy Device-to-Host]
15738339153,20448,298324,1434,1,1,128,1,1,16,0.000,0.000,,,,,NVIDIA A100-SXM4-40GB MIG 4g.20gb (0),1,,13,cupy_copy__complex64_complex64
15738516527,8416,298331,103,1,1,128,1,1,16,0.000,0.000,,,,,NVIDIA A100-SXM4-40GB MIG 4g.20gb (0),1,,13,cupy_copy__complex64_complex64
15738813292,4128,298338,35,1,1,128,1,1,16,0.000,0.000,,,,,NVIDIA A100-SXM4-40GB MIG 4g.20gb (0),1,,13,cupy_copy__complex64_complex64
15739155176,6048,298345,1,1,1,1,1,1,18,0.000,0.000,,,,,NVIDIA A100-SXM4-40GB MIG 4g.20gb (0),1,,13,cupy_copy__float32_float32
15739323014,286397,298356,1,1,1,32,32,1,30,0.000,0.000,,,,,NVIDIA A100-SXM4-40GB MIG 4g.20gb (0),1,,13,"void convert_kernel<__half2, float2>(tensor_layout_any, T1 *, tensor_layout_any, const T2 *)"
15739640451,10079,298359,,,,,,,,,,0.094,9296.142,Pinned,Device,NVIDIA A100-SXM4-40GB MIG 4g.20gb (0),1,,13,[CUDA memcpy Host-to-Device]
15739912704,8543,298360,,,,,,,,,,1.547,181038.526,Device,,NVIDIA A100-SXM4-40GB MIG 4g.20gb (0),1,,13,[CUDA memset]
15739931647,3584,298365,,,,,,,,,,0.031,8732.116,Pinned,Device,NVIDIA A100-SXM4-40GB MIG 4g.20gb (0),1,,13,[CUDA memcpy Host-to-Device]
15739937951,16032,298366,,,,,,,,,,0.197,12263.424,Pinned,Device,NVIDIA A100-SXM4-40GB MIG 4g.20gb (0),1,,13,[CUDA memcpy Host-to-Device]
15740191004,30048,298367,273,1,1,8,4,1,39,0.002,0.000,,,,,NVIDIA A100-SXM4-40GB MIG 4g.20gb (0),1,,13,"void channel_eq::eqMmseCoefCompLowMimoKernel<float, float, float, (unsigned int)4, (unsigned int)1, (unsigned int)4>(const channel_eq::_puschRxChEqStatDescr *, channel_eq::_puschRxChEqCoefCompDynDescr)"
15740407354,19360,298368,273,1,1,12,11,1,51,0.002,0.000,,,,,NVIDIA A100-SXM4-40GB MIG 4g.20gb (0),1,,13,"void channel_eq::eqMmseSoftDemapKernel<float, __half, __half, float, (unsigned int)4, (unsigned short)16383>(channel_eq::_puschRxChEqStatDescr *, channel_eq::_puschRxChEqSoftDemapDynDescr)"
15740634039,743608,298369,1,1,1,32,32,1,30,0.000,0.000,,,,,NVIDIA A100-SXM4-40GB MIG 4g.20gb (0),1,,13,"void convert_kernel<float2, __half2>(tensor_layout_any, T1 *, tensor_layout_any, const T2 *)"
15741633708,14240,298381,2253,1,1,128,1,1,16,0.000,0.000,,,,,NVIDIA A100-SXM4-40GB MIG 4g.20gb (0),1,,13,cupy_copy__float16_float16
15741989416,8000,298390,282,1,1,128,1,1,16,0.000,0.000,,,,,NVIDIA A100-SXM4-40GB MIG 4g.20gb (0),1,,13,cupy_copy__complex64_complex64
15742161254,11200,298399,26,1,1,128,1,1,16,0.000,0.000,,,,,NVIDIA A100-SXM4-40GB MIG 4g.20gb (0),1,,13,cupy_copy__float32_float32
15742278437,14816,298408,103,1,1,128,1,1,16,0.000,0.000,,,,,NVIDIA A100-SXM4-40GB MIG 4g.20gb (0),1,,13,cupy_copy__complex64_complex64
15742494978,19232,298418,1434,1,1,128,1,1,16,0.000,0.000,,,,,NVIDIA A100-SXM4-40GB MIG 4g.20gb (0),1,,13,cupy_copy__complex64_complex64
15742619393,324188,298423,1,1,1,32,32,1,30,0.000,0.000,,,,,NVIDIA A100-SXM4-40GB MIG 4g.20gb (0),1,,13,"void convert_kernel<__half2, float2>(tensor_layout_any, T1 *, tensor_layout_any, const T2 *)"
15742973181,6816,298426,,,,,,,,,,0.094,13746.421,Pinned,Device,NVIDIA A100-SXM4-40GB MIG 4g.20gb (0),1,,13,[CUDA memcpy Host-to-Device]
15743071548,615065,298427,,,,,,,,,,456.561,741912.340,Device,,NVIDIA A100-SXM4-40GB MIG 4g.20gb (0),1,,13,[CUDA memset]
15743689685,64159,298432,,,,,,,,,,1.235,19247.837,Pinned,Device,NVIDIA A100-SXM4-40GB MIG 4g.20gb (0),1,,13,[CUDA memcpy Host-to-Device]
15743756468,12416,298433,,,,,,,,,,0.197,15835.005,Pinned,Device,NVIDIA A100-SXM4-40GB MIG 4g.20gb (0),1,,13,[CUDA memcpy Host-to-Device]
15743904723,24927,298434,69,4,1,48,1,1,76,0.002,0.000,,,,,NVIDIA A100-SXM4-40GB MIG 4g.20gb (0),1,,13,"void ch_est::windowedChEstPreNoDftSOfdmKernel<float, __half, float, (unsigned int)2, (unsigned int)1, (unsigned short)4>(ch_est::puschRxChEstStatDescr_t *, ch_est::puschRxChEstDynDescr_t *)"
15744175664,23167,298435,137,2,1,24,2,1,44,0.001,0.001,,,,,NVIDIA A100-SXM4-40GB MIG 4g.20gb (0),1,,13,"void ch_est::chEstFilterNoDftSOfdmDispatchKernel<float, __half, float, (unsigned int)2>(ch_est::puschRxChEstStatDescr_t *, ch_est::puschRxChEstDynDescr_t *)"
15744423309,25183,298436,137,2,1,24,2,1,44,0.001,0.001,,,,,NVIDIA A100-SXM4-40GB MIG 4g.20gb (0),1,,13,"void ch_est::chEstFilterNoDftSOfdmDispatchKernel<float, __half, float, (unsigned int)2>(ch_est::puschRxChEstStatDescr_t *, ch_est::puschRxChEstDynDescr_t *)"
15744616491,11903,298447,103,1,1,128,1,1,16,0.000,0.000,,,,,NVIDIA A100-SXM4-40GB MIG 4g.20gb (0),1,,13,cupy_copy__complex64_complex64
15744881928,22047,298457,1434,1,1,128,1,1,16,0.000,0.000,,,,,NVIDIA A100-SXM4-40GB MIG 4g.20gb (0),1,,13,cupy_copy__complex64_complex64
15745140325,20607,298464,103,1,1,128,1,1,16,0.000,0.000,,,,,NVIDIA A100-SXM4-40GB MIG 4g.20gb (0),1,,13,cupy_copy__complex64_complex64
15745333474,281917,298471,1,1,1,32,32,1,30,0.000,0.000,,,,,NVIDIA A100-SXM4-40GB MIG 4g.20gb (0),1,,13,"void convert_kernel<__half2, float2>(tensor_layout_any, T1 *, tensor_layout_any, const T2 *)"
15745648415,8992,298474,,,,,,,,,,0.094,10419.838,Pinned,Device,NVIDIA A100-SXM4-40GB MIG 4g.20gb (0),1,,13,[CUDA memcpy Host-to-Device]
15745903612,61247,298475,,,,,,,,,,35.810,584668.564,Device,,NVIDIA A100-SXM4-40GB MIG 4g.20gb (0),1,,13,[CUDA memset]
15745972571,5664,298477,,,,,,,,,,0.000,14.124,Pinned,Device,NVIDIA A100-SXM4-40GB MIG 4g.20gb (0),1,,13,[CUDA memcpy Host-to-Device]
15745980955,9408,298478,,,,,,,,,,0.197,20897.858,Pinned,Device,NVIDIA A100-SXM4-40GB MIG 4g.20gb (0),1,,13,[CUDA memcpy Host-to-Device]
15746282904,28191,298479,273,1,1,48,1,1,40,0.000,0.001,,,,,NVIDIA A100-SXM4-40GB MIG 4g.20gb (0),1,,13,"void pusch_noise_intf_est::noiseIntfEstNoDftSOfdmKernel<float, __half, float, float, (unsigned int)2, (unsigned int)1, (unsigned char)4, (unsigned char)4>(pusch_noise_intf_est::puschRxNoiseIntfEstDynDescr)"
15746551221,13152,298490,35,1,1,128,1,1,16,0.000,0.000,,,,,NVIDIA A100-SXM4-40GB MIG 4g.20gb (0),1,,13,cupy_copy__complex64_complex64
15746822642,15648,298499,1,1,1,1,1,1,18,0.000,0.000,,,,,NVIDIA A100-SXM4-40GB MIG 4g.20gb (0),1,,13,cupy_copy__float32_float32
15746843985,2496,298505,,,,,,,,,,0.000,1.603,Device,Pageable,NVIDIA A100-SXM4-40GB MIG 4g.20gb (0),1,,7,[CUDA memcpy Device-to-Host]
15747141934,46976,298516,1434,1,1,128,1,1,16,0.000,0.000,,,,,NVIDIA A100-SXM4-40GB MIG 4g.20gb (0),1,,13,cupy_copy__complex64_complex64
15747340588,9664,298523,103,1,1,128,1,1,16,0.000,0.000,,,,,NVIDIA A100-SXM4-40GB MIG 4g.20gb (0),1,,13,cupy_copy__complex64_complex64
15747451723,11583,298530,35,1,1,128,1,1,16,0.000,0.000,,,,,NVIDIA A100-SXM4-40GB MIG 4g.20gb (0),1,,13,cupy_copy__complex64_complex64
15747580041,5728,298537,1,1,1,1,1,1,18,0.000,0.000,,,,,NVIDIA A100-SXM4-40GB MIG 4g.20gb (0),1,,13,cupy_copy__float32_float32
15747717288,262717,298548,1,1,1,32,32,1,30,0.000,0.000,,,,,NVIDIA A100-SXM4-40GB MIG 4g.20gb (0),1,,13,"void convert_kernel<__half2, float2>(tensor_layout_any, T1 *, tensor_layout_any, const T2 *)"
15748011556,5472,298551,,,,,,,,,,0.094,17122.757,Pinned,Device,NVIDIA A100-SXM4-40GB MIG 4g.20gb (0),1,,13,[CUDA memcpy Host-to-Device]
15748160355,15391,298552,,,,,,,,,,1.547,100488.801,Device,,NVIDIA A100-SXM4-40GB MIG 4g.20gb (0),1,,13,[CUDA memset]
15748180450,7040,298557,,,,,,,,,,0.031,4445.440,Pinned,Device,NVIDIA A100-SXM4-40GB MIG 4g.20gb (0),1,,13,[CUDA memcpy Host-to-Device]
15748190050,10080,298558,,,,,,,,,,0.197,19504.693,Pinned,Device,NVIDIA A100-SXM4-40GB MIG 4g.20gb (0),1,,13,[CUDA memcpy Host-to-Device]
15748275809,31200,298559,273,1,1,8,4,1,39,0.002,0.000,,,,,NVIDIA A100-SXM4-40GB MIG 4g.20gb (0),1,,13,"void channel_eq::eqMmseCoefCompLowMimoKernel<float, float, float, (unsigned int)4, (unsigned int)1, (unsigned int)4>(const channel_eq::_puschRxChEqStatDescr *, channel_eq::_puschRxChEqCoefCompDynDescr)"
15748419296,31327,298560,273,1,1,12,11,1,51,0.002,0.000,,,,,NVIDIA A100-SXM4-40GB MIG 4g.20gb (0),1,,13,"void channel_eq::eqMmseSoftDemapKernel<float, __half, __half, float, (unsigned int)4, (unsigned short)16383>(channel_eq::_puschRxChEqStatDescr *, channel_eq::_puschRxChEqSoftDemapDynDescr)"
15748554782,687128,298561,1,1,1,32,32,1,30,0.000,0.000,,,,,NVIDIA A100-SXM4-40GB MIG 4g.20gb (0),1,,13,"void convert_kernel<float2, __half2>(tensor_layout_any, T1 *, tensor_layout_any, const T2 *)"
15749371989,21312,298573,2253,1,1,128,1,1,16,0.000,0.000,,,,,NVIDIA A100-SXM4-40GB MIG 4g.20gb (0),1,,13,cupy_copy__float16_float16
15749498036,10175,298582,282,1,1,128,1,1,16,0.000,0.000,,,,,NVIDIA A100-SXM4-40GB MIG 4g.20gb (0),1,,13,cupy_copy__complex64_complex64
15749603634,11040,298591,26,1,1,128,1,1,16,0.000,0.000,,,,,NVIDIA A100-SXM4-40GB MIG 4g.20gb (0),1,,13,cupy_copy__float32_float32
15749713713,14432,298600,103,1,1,128,1,1,16,0.000,0.000,,,,,NVIDIA A100-SXM4-40GB MIG 4g.20gb (0),1,,13,cupy_copy__complex64_complex64
15749935247,18879,298610,1434,1,1,128,1,1,16,0.000,0.000,,,,,NVIDIA A100-SXM4-40GB MIG 4g.20gb (0),1,,13,cupy_copy__complex64_complex64
15750061069,269949,298615,1,1,1,32,32,1,30,0.000,0.000,,,,,NVIDIA A100-SXM4-40GB MIG 4g.20gb (0),1,,13,"void convert_kernel<__half2, float2>(tensor_layout_any, T1 *, tensor_layout_any, const T2 *)"
15750360394,5376,298618,,,,,,,,,,0.094,17428.487,Pinned,Device,NVIDIA A100-SXM4-40GB MIG 4g.20gb (0),1,,13,[CUDA memcpy Host-to-Device]
15750503592,617529,298619,,,,,,,,,,456.561,739172.971,Device,,NVIDIA A100-SXM4-40GB MIG 4g.20gb (0),1,,13,[CUDA memset]
15751128961,59423,298624,,,,,,,,,,1.235,20781.638,Pinned,Device,NVIDIA A100-SXM4-40GB MIG 4g.20gb (0),1,,13,[CUDA memcpy Host-to-Device]
15751191392,12928,298625,,,,,,,,,,0.197,15207.825,Pinned,Device,NVIDIA A100-SXM4-40GB MIG 4g.20gb (0),1,,13,[CUDA memcpy Host-to-Device]
15751334303,24640,298626,69,4,1,48,1,1,76,0.002,0.000,,,,,NVIDIA A100-SXM4-40GB MIG 4g.20gb (0),1,,13,"void ch_est::windowedChEstPreNoDftSOfdmKernel<float, __half, float, (unsigned int)2, (unsigned int)1, (unsigned short)4>(ch_est::puschRxChEstStatDescr_t *, ch_est::puschRxChEstDynDescr_t *)"
15751456797,27072,298627,137,2,1,24,2,1,44,0.001,0.001,,,,,NVIDIA A100-SXM4-40GB MIG 4g.20gb (0),1,,13,"void ch_est::chEstFilterNoDftSOfdmDispatchKernel<float, __half, float, (unsigned int)2>(ch_est::puschRxChEstStatDescr_t *, ch_est::puschRxChEstDynDescr_t *)"
15751577468,25280,298628,137,2,1,24,2,1,44,0.001,0.001,,,,,NVIDIA A100-SXM4-40GB MIG 4g.20gb (0),1,,13,"void ch_est::chEstFilterNoDftSOfdmDispatchKernel<float, __half, float, (unsigned int)2>(ch_est::puschRxChEstStatDescr_t *, ch_est::puschRxChEstDynDescr_t *)"
15751689403,11584,298639,103,1,1,128,1,1,16,0.000,0.000,,,,,NVIDIA A100-SXM4-40GB MIG 4g.20gb (0),1,,13,cupy_copy__complex64_complex64
15751805466,19135,298649,1434,1,1,128,1,1,16,0.000,0.000,,,,,NVIDIA A100-SXM4-40GB MIG 4g.20gb (0),1,,13,cupy_copy__complex64_complex64
15751927992,8768,298656,103,1,1,128,1,1,16,0.000,0.000,,,,,NVIDIA A100-SXM4-40GB MIG 4g.20gb (0),1,,13,cupy_copy__complex64_complex64
15752105334,281405,298663,1,1,1,32,32,1,30,0.000,0.000,,,,,NVIDIA A100-SXM4-40GB MIG 4g.20gb (0),1,,13,"void convert_kernel<__half2, float2>(tensor_layout_any, T1 *, tensor_layout_any, const T2 *)"
15752416691,9152,298666,,,,,,,,,,0.094,10237.693,Pinned,Device,NVIDIA A100-SXM4-40GB MIG 4g.20gb (0),1,,13,[CUDA memcpy Host-to-Device]
15752548657,60863,298667,,,,,,,,,,35.810,588356.986,Device,,NVIDIA A100-SXM4-40GB MIG 4g.20gb (0),1,,13,[CUDA memset]
15752614992,5728,298669,,,,,,,,,,0.000,13.966,Pinned,Device,NVIDIA A100-SXM4-40GB MIG 4g.20gb (0),1,,13,[CUDA memcpy Host-to-Device]
15752623632,9472,298670,,,,,,,,,,0.197,20756.693,Pinned,Device,NVIDIA A100-SXM4-40GB MIG 4g.20gb (0),1,,13,[CUDA memcpy Host-to-Device]
15752902317,39648,298671,273,1,1,48,1,1,40,0.000,0.001,,,,,NVIDIA A100-SXM4-40GB MIG 4g.20gb (0),1,,13,"void pusch_noise_intf_est::noiseIntfEstNoDftSOfdmKernel<float, __half, float, float, (unsigned int)2, (unsigned int)1, (unsigned char)4, (unsigned char)4>(pusch_noise_intf_est::puschRxNoiseIntfEstDynDescr)"
15753086219,11136,298682,35,1,1,128,1,1,16,0.000,0.000,,,,,NVIDIA A100-SXM4-40GB MIG 4g.20gb (0),1,,13,cupy_copy__complex64_complex64
15753346600,4064,298691,1,1,1,1,1,1,18,0.000,0.000,,,,,NVIDIA A100-SXM4-40GB MIG 4g.20gb (0),1,,13,cupy_copy__float32_float32
15753355528,1952,298697,,,,,,,,,,0.000,2.049,Device,Pageable,NVIDIA A100-SXM4-40GB MIG 4g.20gb (0),1,,7,[CUDA memcpy Device-to-Host]
15753656965,19103,298708,1434,1,1,128,1,1,16,0.000,0.000,,,,,NVIDIA A100-SXM4-40GB MIG 4g.20gb (0),1,,13,cupy_copy__complex64_complex64
15753907490,19840,298715,103,1,1,128,1,1,16,0.000,0.000,,,,,NVIDIA A100-SXM4-40GB MIG 4g.20gb (0),1,,13,cupy_copy__complex64_complex64
15754090016,12288,298722,35,1,1,128,1,1,16,0.000,0.000,,,,,NVIDIA A100-SXM4-40GB MIG 4g.20gb (0),1,,13,cupy_copy__complex64_complex64
15754348509,5120,298729,1,1,1,1,1,1,18,0.000,0.000,,,,,NVIDIA A100-SXM4-40GB MIG 4g.20gb (0),1,,13,cupy_copy__float32_float32
15754611418,283741,298740,1,1,1,32,32,1,30,0.000,0.000,,,,,NVIDIA A100-SXM4-40GB MIG 4g.20gb (0),1,,13,"void convert_kernel<__half2, float2>(tensor_layout_any, T1 *, tensor_layout_any, const T2 *)"
15754927574,5696,298743,,,,,,,,,,0.094,16449.363,Pinned,Device,NVIDIA A100-SXM4-40GB MIG 4g.20gb (0),1,,13,[CUDA memcpy Host-to-Device]
15755162900,12736,298744,,,,,,,,,,1.547,121436.277,Device,,NVIDIA A100-SXM4-40GB MIG 4g.20gb (0),1,,13,[CUDA memset]
15755184243,3200,298749,,,,,,,,,,0.031,9780.000,Pinned,Device,NVIDIA A100-SXM4-40GB MIG 4g.20gb (0),1,,13,[CUDA memcpy Host-to-Device]
15755193171,15872,298750,,,,,,,,,,0.197,12387.090,Pinned,Device,NVIDIA A100-SXM4-40GB MIG 4g.20gb (0),1,,13,[CUDA memcpy Host-to-Device]
15755348242,22751,298751,273,1,1,8,4,1,39,0.002,0.000,,,,,NVIDIA A100-SXM4-40GB MIG 4g.20gb (0),1,,13,"void channel_eq::eqMmseCoefCompLowMimoKernel<float, float, float, (unsigned int)4, (unsigned int)1, (unsigned int)4>(const channel_eq::_puschRxChEqStatDescr *, channel_eq::_puschRxChEqCoefCompDynDescr)"
15755611087,30143,298752,273,1,1,12,11,1,51,0.002,0.000,,,,,NVIDIA A100-SXM4-40GB MIG 4g.20gb (0),1,,13,"void channel_eq::eqMmseSoftDemapKernel<float, __half, __half, float, (unsigned int)4, (unsigned short)16383>(channel_eq::_puschRxChEqStatDescr *, channel_eq::_puschRxChEqSoftDemapDynDescr)"
15755886860,720407,298753,1,1,1,32,32,1,30,0.000,0.000,,,,,NVIDIA A100-SXM4-40GB MIG 4g.20gb (0),1,,13,"void convert_kernel<float2, __half2>(tensor_layout_any, T1 *, tensor_layout_any, const T2 *)"
15756715074,19232,298765,2253,1,1,128,1,1,16,0.000,0.000,,,,,NVIDIA A100-SXM4-40GB MIG 4g.20gb (0),1,,13,cupy_copy__float16_float16
15756833569,13824,298774,282,1,1,128,1,1,16,0.000,0.000,,,,,NVIDIA A100-SXM4-40GB MIG 4g.20gb (0),1,,13,cupy_copy__complex64_complex64
15756945408,12159,298783,26,1,1,128,1,1,16,0.000,0.000,,,,,NVIDIA A100-SXM4-40GB MIG 4g.20gb (0),1,,13,cupy_copy__float32_float32
15757056766,11776,298792,103,1,1,128,1,1,16,0.000,0.000,,,,,NVIDIA A100-SXM4-40GB MIG 4g.20gb (0),1,,13,cupy_copy__complex64_complex64
15757265084,20928,298802,1434,1,1,128,1,1,16,0.000,0.000,,,,,NVIDIA A100-SXM4-40GB MIG 4g.20gb (0),1,,13,cupy_copy__complex64_complex64
15757394939,276508,298807,1,1,1,32,32,1,30,0.000,0.000,,,,,NVIDIA A100-SXM4-40GB MIG 4g.20gb (0),1,,13,"void convert_kernel<__half2, float2>(tensor_layout_any, T1 *, tensor_layout_any, const T2 *)"
15757701911,6336,298810,,,,,,,,,,0.094,14787.852,Pinned,Device,NVIDIA A100-SXM4-40GB MIG 4g.20gb (0),1,,13,[CUDA memcpy Host-to-Device]
15757831670,612089,298811,,,,,,,,,,456.561,745564.832,Device,,NVIDIA A100-SXM4-40GB MIG 4g.20gb (0),1,,13,[CUDA memset]
15758446415,64255,298816,,,,,,,,,,1.235,19218.199,Pinned,Device,NVIDIA A100-SXM4-40GB MIG 4g.20gb (0),1,,13,[CUDA memcpy Host-to-Device]
15758514734,16320,298817,,,,,,,,,,0.197,12046.959,Pinned,Device,NVIDIA A100-SXM4-40GB MIG 4g.20gb (0),1,,13,[CUDA memcpy Host-to-Device]
15758730284,24127,298818,69,4,1,48,1,1,76,0.002,0.000,,,,,NVIDIA A100-SXM4-40GB MIG 4g.20gb (0),1,,13,"void ch_est::windowedChEstPreNoDftSOfdmKernel<float, __half, float, (unsigned int)2, (unsigned int)1, (unsigned short)4>(ch_est::puschRxChEstStatDescr_t *, ch_est::puschRxChEstDynDescr_t *)"
15759132871,26848,298819,137,2,1,24,2,1,44,0.001,0.001,,,,,NVIDIA A100-SXM4-40GB MIG 4g.20gb (0),1,,13,"void ch_est::chEstFilterNoDftSOfdmDispatchKernel<float, __half, float, (unsigned int)2>(ch_est::puschRxChEstStatDescr_t *, ch_est::puschRxChEstDynDescr_t *)"
15759526595,26143,298820,137,2,1,24,2,1,44,0.001,0.001,,,,,NVIDIA A100-SXM4-40GB MIG 4g.20gb (0),1,,13,"void ch_est::chEstFilterNoDftSOfdmDispatchKernel<float, __half, float, (unsigned int)2>(ch_est::puschRxChEstStatDescr_t *, ch_est::puschRxChEstDynDescr_t *)"
15759646433,10144,298831,103,1,1,128,1,1,16,0.000,0.000,,,,,NVIDIA A100-SXM4-40GB MIG 4g.20gb (0),1,,13,cupy_copy__complex64_complex64
15760043517,19263,298841,1434,1,1,128,1,1,16,0.000,0.000,,,,,NVIDIA A100-SXM4-40GB MIG 4g.20gb (0),1,,13,cupy_copy__complex64_complex64
15760432824,9952,298848,103,1,1,128,1,1,16,0.000,0.000,,,,,NVIDIA A100-SXM4-40GB MIG 4g.20gb (0),1,,13,cupy_copy__complex64_complex64
15760619798,276189,298855,1,1,1,32,32,1,30,0.000,0.000,,,,,NVIDIA A100-SXM4-40GB MIG 4g.20gb (0),1,,13,"void convert_kernel<__half2, float2>(tensor_layout_any, T1 *, tensor_layout_any, const T2 *)"
15760927411,8992,298858,,,,,,,,,,0.094,10419.838,Pinned,Device,NVIDIA A100-SXM4-40GB MIG 4g.20gb (0),1,,13,[CUDA memcpy Host-to-Device]
15761330958,64639,298859,,,,,,,,,,35.810,553979.462,Device,,NVIDIA A100-SXM4-40GB MIG 4g.20gb (0),1,,13,[CUDA memset]
15761398989,1920,298861,,,,,,,,,,0.000,41.667,Pinned,Device,NVIDIA A100-SXM4-40GB MIG 4g.20gb (0),1,,13,[CUDA memcpy Host-to-Device]
15761404045,10048,298862,,,,,,,,,,0.197,19566.821,Pinned,Device,NVIDIA A100-SXM4-40GB MIG 4g.20gb (0),1,,13,[CUDA memcpy Host-to-Device]
15761826441,34879,298863,273,1,1,48,1,1,40,0.000,0.001,,,,,NVIDIA A100-SXM4-40GB MIG 4g.20gb (0),1,,13,"void pusch_noise_intf_est::noiseIntfEstNoDftSOfdmKernel<float, __half, float, float, (unsigned int)2, (unsigned int)1, (unsigned char)4, (unsigned char)4>(pusch_noise_intf_est::puschRxNoiseIntfEstDynDescr)"
15762006983,12607,298874,35,1,1,128,1,1,16,0.000,0.000,,,,,NVIDIA A100-SXM4-40GB MIG 4g.20gb (0),1,,13,cupy_copy__complex64_complex64
15762402274,6016,298883,1,1,1,1,1,1,18,0.000,0.000,,,,,NVIDIA A100-SXM4-40GB MIG 4g.20gb (0),1,,13,cupy_copy__float32_float32
15762415778,2144,298889,,,,,,,,,,0.000,1.866,Device,Pageable,NVIDIA A100-SXM4-40GB MIG 4g.20gb (0),1,,7,[CUDA memcpy Device-to-Host]
15762849373,21568,298900,1434,1,1,128,1,1,16,0.000,0.000,,,,,NVIDIA A100-SXM4-40GB MIG 4g.20gb (0),1,,13,cupy_copy__complex64_complex64
15763256345,8351,298907,103,1,1,128,1,1,16,0.000,0.000,,,,,NVIDIA A100-SXM4-40GB MIG 4g.20gb (0),1,,13,cupy_copy__complex64_complex64
15763367063,12000,298914,35,1,1,128,1,1,16,0.000,0.000,,,,,NVIDIA A100-SXM4-40GB MIG 4g.20gb (0),1,,13,cupy_copy__complex64_complex64
15763486966,5312,298921,1,1,1,1,1,1,18,0.000,0.000,,,,,NVIDIA A100-SXM4-40GB MIG 4g.20gb (0),1,,13,cupy_copy__float32_float32
15763615956,266045,298932,1,1,1,32,32,1,30,0.000,0.000,,,,,NVIDIA A100-SXM4-40GB MIG 4g.20gb (0),1,,13,"void convert_kernel<__half2, float2>(tensor_layout_any, T1 *, tensor_layout_any, const T2 *)"
15763912913,5952,298935,,,,,,,,,,0.094,15741.865,Pinned,Device,NVIDIA A100-SXM4-40GB MIG 4g.20gb (0),1,,13,[CUDA memcpy Host-to-Device]
15764031248,14080,298936,,,,,,,,,,1.547,109844.330,Device,,NVIDIA A100-SXM4-40GB MIG 4g.20gb (0),1,,13,[CUDA memset]
15764053136,3103,298941,,,,,,,,,,0.031,10085.699,Pinned,Device,NVIDIA A100-SXM4-40GB MIG 4g.20gb (0),1,,13,[CUDA memcpy Host-to-Device]
15764058767,10304,298942,,,,,,,,,,0.197,19080.610,Pinned,Device,NVIDIA A100-SXM4-40GB MIG 4g.20gb (0),1,,13,[CUDA memcpy Host-to-Device]
15764196398,30144,298943,273,1,1,8,4,1,39,0.002,0.000,,,,,NVIDIA A100-SXM4-40GB MIG 4g.20gb (0),1,,13,"void channel_eq::eqMmseCoefCompLowMimoKernel<float, float, float, (unsigned int)4, (unsigned int)1, (unsigned int)4>(const channel_eq::_puschRxChEqStatDescr *, channel_eq::_puschRxChEqCoefCompDynDescr)"
15764324300,26400,298944,273,1,1,12,11,1,51,0.002,0.000,,,,,NVIDIA A100-SXM4-40GB MIG 4g.20gb (0),1,,13,"void channel_eq::eqMmseSoftDemapKernel<float, __half, __half, float, (unsigned int)4, (unsigned short)16383>(channel_eq::_puschRxChEqStatDescr *, channel_eq::_puschRxChEqSoftDemapDynDescr)"
15764450123,690488,298945,1,1,1,32,32,1,30,0.000,0.000,,,,,NVIDIA A100-SXM4-40GB MIG 4g.20gb (0),1,,13,"void convert_kernel<float2, __half2>(tensor_layout_any, T1 *, tensor_layout_any, const T2 *)"
15765265282,22080,298957,2253,1,1,128,1,1,16,0.000,0.000,,,,,NVIDIA A100-SXM4-40GB MIG 4g.20gb (0),1,,13,cupy_copy__float16_float16
15765446016,13536,298966,282,1,1,128,1,1,16,0.000,0.000,,,,,NVIDIA A100-SXM4-40GB MIG 4g.20gb (0),1,,13,cupy_copy__complex64_complex64
15765556991,10591,298975,26,1,1,128,1,1,16,0.000,0.000,,,,,NVIDIA A100-SXM4-40GB MIG 4g.20gb (0),1,,13,cupy_copy__float32_float32
15765732061,11551,298984,103,1,1,128,1,1,16,0.000,0.000,,,,,NVIDIA A100-SXM4-40GB MIG 4g.20gb (0),1,,13,cupy_copy__complex64_complex64
15766136664,18880,298994,1434,1,1,128,1,1,16,0.000,0.000,,,,,NVIDIA A100-SXM4-40GB MIG 4g.20gb (0),1,,13,cupy_copy__complex64_complex64
15766324822,271773,298999,1,1,1,32,32,1,30,0.000,0.000,,,,,NVIDIA A100-SXM4-40GB MIG 4g.20gb (0),1,,13,"void convert_kernel<__half2, float2>(tensor_layout_any, T1 *, tensor_layout_any, const T2 *)"
15766626003,11039,299002,,,,,,,,,,0.094,8487.640,Pinned,Device,NVIDIA A100-SXM4-40GB MIG 4g.20gb (0),1,,13,[CUDA memcpy Host-to-Device]
15766931695,616025,299003,,,,,,,,,,456.561,740999.217,Device,,NVIDIA A100-SXM4-40GB MIG 4g.20gb (0),1,,13,[CUDA memset]
15767549640,70911,299008,,,,,,,,,,1.235,17415.180,Pinned,Device,NVIDIA A100-SXM4-40GB MIG 4g.20gb (0),1,,13,[CUDA memcpy Host-to-Device]
15767622983,12288,299009,,,,,,,,,,0.197,15999.959,Pinned,Device,NVIDIA A100-SXM4-40GB MIG 4g.20gb (0),1,,13,[CUDA memcpy Host-to-Device]
15767964803,25632,299010,69,4,1,48,1,1,76,0.002,0.000,,,,,NVIDIA A100-SXM4-40GB MIG 4g.20gb (0),1,,13,"void ch_est::windowedChEstPreNoDftSOfdmKernel<float, __half, float, (unsigned int)2, (unsigned int)1, (unsigned short)4>(ch_est::puschRxChEstStatDescr_t *, ch_est::puschRxChEstDynDescr_t *)"
15768286496,30111,299011,137,2,1,24,2,1,44,0.001,0.001,,,,,NVIDIA A100-SXM4-40GB MIG 4g.20gb (0),1,,13,"void ch_est::chEstFilterNoDftSOfdmDispatchKernel<float, __half, float, (unsigned int)2>(ch_est::puschRxChEstStatDescr_t *, ch_est::puschRxChEstDynDescr_t *)"
15768463454,20256,299012,137,2,1,24,2,1,44,0.001,0.001,,,,,NVIDIA A100-SXM4-40GB MIG 4g.20gb (0),1,,13,"void ch_est::chEstFilterNoDftSOfdmDispatchKernel<float, __half, float, (unsigned int)2>(ch_est::puschRxChEstStatDescr_t *, ch_est::puschRxChEstDynDescr_t *)"
15768770042,11520,299023,103,1,1,128,1,1,16,0.000,0.000,,,,,NVIDIA A100-SXM4-40GB MIG 4g.20gb (0),1,,13,cupy_copy__complex64_complex64
15769091959,22751,299033,1434,1,1,128,1,1,16,0.000,0.000,,,,,NVIDIA A100-SXM4-40GB MIG 4g.20gb (0),1,,13,cupy_copy__complex64_complex64
15769413299,9664,299040,103,1,1,128,1,1,16,0.000,0.000,,,,,NVIDIA A100-SXM4-40GB MIG 4g.20gb (0),1,,13,cupy_copy__complex64_complex64
15769594641,272445,299047,1,1,1,32,32,1,30,0.000,0.000,,,,,NVIDIA A100-SXM4-40GB MIG 4g.20gb (0),1,,13,"void convert_kernel<__half2, float2>(tensor_layout_any, T1 *, tensor_layout_any, const T2 *)"
15769897774,6336,299050,,,,,,,,,,0.094,14787.852,Pinned,Device,NVIDIA A100-SXM4-40GB MIG 4g.20gb (0),1,,13,[CUDA memcpy Host-to-Device]
15770207594,65151,299051,,,,,,,,,,35.810,549610.652,Device,,NVIDIA A100-SXM4-40GB MIG 4g.20gb (0),1,,13,[CUDA memset]
15770281449,1984,299053,,,,,,,,,,0.000,40.323,Pinned,Device,NVIDIA A100-SXM4-40GB MIG 4g.20gb (0),1,,13,[CUDA memcpy Host-to-Device]
15770286025,9696,299054,,,,,,,,,,0.197,20277.166,Pinned,Device,NVIDIA A100-SXM4-40GB MIG 4g.20gb (0),1,,13,[CUDA memcpy Host-to-Device]
15770434184,30111,299055,273,1,1,48,1,1,40,0.000,0.001,,,,,NVIDIA A100-SXM4-40GB MIG 4g.20gb (0),1,,13,"void pusch_noise_intf_est::noiseIntfEstNoDftSOfdmKernel<float, __half, float, float, (unsigned int)2, (unsigned int)1, (unsigned char)4, (unsigned char)4>(pusch_noise_intf_est::puschRxNoiseIntfEstDynDescr)"
15770553830,8672,299066,35,1,1,128,1,1,16,0.000,0.000,,,,,NVIDIA A100-SXM4-40GB MIG 4g.20gb (0),1,,13,cupy_copy__complex64_complex64
15770704357,5536,299075,1,1,1,1,1,1,18,0.000,0.000,,,,,NVIDIA A100-SXM4-40GB MIG 4g.20gb (0),1,,13,cupy_copy__float32_float32
15770715908,1728,299081,,,,,,,,,,0.000,2.315,Device,Pageable,NVIDIA A100-SXM4-40GB MIG 4g.20gb (0),1,,7,[CUDA memcpy Device-to-Host]
15770837955,19712,299092,1434,1,1,128,1,1,16,0.000,0.000,,,,,NVIDIA A100-SXM4-40GB MIG 4g.20gb (0),1,,13,cupy_copy__complex64_complex64
15770906786,9856,299099,103,1,1,128,1,1,16,0.000,0.000,,,,,NVIDIA A100-SXM4-40GB MIG 4g.20gb (0),1,,13,cupy_copy__complex64_complex64
15770957762,11712,299106,35,1,1,128,1,1,16,0.000,0.000,,,,,NVIDIA A100-SXM4-40GB MIG 4g.20gb (0),1,,13,cupy_copy__complex64_complex64
15771021697,4064,299113,1,1,1,1,1,1,18,0.000,0.000,,,,,NVIDIA A100-SXM4-40GB MIG 4g.20gb (0),1,,13,cupy_copy__float32_float32
15771084768,264061,299124,1,1,1,32,32,1,30,0.000,0.000,,,,,NVIDIA A100-SXM4-40GB MIG 4g.20gb (0),1,,13,"void convert_kernel<__half2, float2>(tensor_layout_any, T1 *, tensor_layout_any, const T2 *)"
15772144404,5472,299127,,,,,,,,,,0.094,17122.757,Pinned,Device,NVIDIA A100-SXM4-40GB MIG 4g.20gb (0),1,,13,[CUDA memcpy Host-to-Device]
15772427153,8864,299128,,,,,,,,,,1.547,174482.387,Device,,NVIDIA A100-SXM4-40GB MIG 4g.20gb (0),1,,13,[CUDA memset]
15772436753,3136,299133,,,,,,,,,,0.031,9979.575,Pinned,Device,NVIDIA A100-SXM4-40GB MIG 4g.20gb (0),1,,13,[CUDA memcpy Host-to-Device]
15772442353,10688,299134,,,,,,,,,,0.197,18395.038,Pinned,Device,NVIDIA A100-SXM4-40GB MIG 4g.20gb (0),1,,13,[CUDA memcpy Host-to-Device]
15772544208,23008,299135,273,1,1,8,4,1,39,0.002,0.000,,,,,NVIDIA A100-SXM4-40GB MIG 4g.20gb (0),1,,13,"void channel_eq::eqMmseCoefCompLowMimoKernel<float, float, float, (unsigned int)4, (unsigned int)1, (unsigned int)4>(const channel_eq::_puschRxChEqStatDescr *, channel_eq::_puschRxChEqCoefCompDynDescr)"
15772825261,22495,299136,273,1,1,12,11,1,51,0.002,0.000,,,,,NVIDIA A100-SXM4-40GB MIG 4g.20gb (0),1,,13,"void channel_eq::eqMmseSoftDemapKernel<float, __half, __half, float, (unsigned int)4, (unsigned short)16383>(channel_eq::_puschRxChEqStatDescr *, channel_eq::_puschRxChEqSoftDemapDynDescr)"
15772954123,704856,299137,1,1,1,32,32,1,30,0.000,0.000,,,,,NVIDIA A100-SXM4-40GB MIG 4g.20gb (0),1,,13,"void convert_kernel<float2, __half2>(tensor_layout_any, T1 *, tensor_layout_any, const T2 *)"
15774009791,20480,299149,2253,1,1,128,1,1,16,0.000,0.000,,,,,NVIDIA A100-SXM4-40GB MIG 4g.20gb (0),1,,13,cupy_copy__float16_float16
15774196573,10720,299158,282,1,1,128,1,1,16,0.000,0.000,,,,,NVIDIA A100-SXM4-40GB MIG 4g.20gb (0),1,,13,cupy_copy__complex64_complex64
15774532025,7232,299167,26,1,1,128,1,1,16,0.000,0.000,,,,,NVIDIA A100-SXM4-40GB MIG 4g.20gb (0),1,,13,cupy_copy__float32_float32
15774862134,15008,299176,103,1,1,128,1,1,16,0.000,0.000,,,,,NVIDIA A100-SXM4-40GB MIG 4g.20gb (0),1,,13,cupy_copy__complex64_complex64
15775278833,19808,299186,1434,1,1,128,1,1,16,0.000,0.000,,,,,NVIDIA A100-SXM4-40GB MIG 4g.20gb (0),1,,13,cupy_copy__complex64_complex64
15775470095,276413,299191,1,1,1,32,32,1,30,0.000,0.000,,,,,NVIDIA A100-SXM4-40GB MIG 4g.20gb (0),1,,13,"void convert_kernel<__half2, float2>(tensor_layout_any, T1 *, tensor_layout_any, const T2 *)"
15775778443,5728,299194,,,,,,,,,,0.094,16357.541,Pinned,Device,NVIDIA A100-SXM4-40GB MIG 4g.20gb (0),1,,13,[CUDA memcpy Host-to-Device]
15776130631,622297,299195,,,,,,,,,,456.561,733237.673,Device,,NVIDIA A100-SXM4-40GB MIG 4g.20gb (0),1,,13,[CUDA memset]
15776756736,64128,299200,,,,,,,,,,1.235,19256.482,Pinned,Device,NVIDIA A100-SXM4-40GB MIG 4g.20gb (0),1,,13,[CUDA memcpy Host-to-Device]
15776823520,12991,299201,,,,,,,,,,0.197,15134.097,Pinned,Device,NVIDIA A100-SXM4-40GB MIG 4g.20gb (0),1,,13,[CUDA memcpy Host-to-Device]
15776977758,17824,299202,69,4,1,48,1,1,76,0.002,0.000,,,,,NVIDIA A100-SXM4-40GB MIG 4g.20gb (0),1,,13,"void ch_est::windowedChEstPreNoDftSOfdmKernel<float, __half, float, (unsigned int)2, (unsigned int)1, (unsigned short)4>(ch_est::puschRxChEstStatDescr_t *, ch_est::puschRxChEstDynDescr_t *)"
15777095261,25151,299203,137,2,1,24,2,1,44,0.001,0.001,,,,,NVIDIA A100-SXM4-40GB MIG 4g.20gb (0),1,,13,"void ch_est::chEstFilterNoDftSOfdmDispatchKernel<float, __half, float, (unsigned int)2>(ch_est::puschRxChEstStatDescr_t *, ch_est::puschRxChEstDynDescr_t *)"
15777220123,22656,299204,137,2,1,24,2,1,44,0.001,0.001,,,,,NVIDIA A100-SXM4-40GB MIG 4g.20gb (0),1,,13,"void ch_est::chEstFilterNoDftSOfdmDispatchKernel<float, __half, float, (unsigned int)2>(ch_est::puschRxChEstStatDescr_t *, ch_est::puschRxChEstDynDescr_t *)"
15777338074,9088,299215,103,1,1,128,1,1,16,0.000,0.000,,,,,NVIDIA A100-SXM4-40GB MIG 4g.20gb (0),1,,13,cupy_copy__complex64_complex64
15777453433,17951,299225,1434,1,1,128,1,1,16,0.000,0.000,,,,,NVIDIA A100-SXM4-40GB MIG 4g.20gb (0),1,,13,cupy_copy__complex64_complex64
15777579767,9536,299232,103,1,1,128,1,1,16,0.000,0.000,,,,,NVIDIA A100-SXM4-40GB MIG 4g.20gb (0),1,,13,cupy_copy__complex64_complex64
15777702198,265533,299239,1,1,1,32,32,1,30,0.000,0.000,,,,,NVIDIA A100-SXM4-40GB MIG 4g.20gb (0),1,,13,"void convert_kernel<__half2, float2>(tensor_layout_any, T1 *, tensor_layout_any, const T2 *)"
15777998226,6144,299242,,,,,,,,,,0.094,15249.961,Pinned,Device,NVIDIA A100-SXM4-40GB MIG 4g.20gb (0),1,,13,[CUDA memcpy Host-to-Device]
15778112753,58399,299243,,,,,,,,,,35.810,613173.260,Device,,NVIDIA A100-SXM4-40GB MIG 4g.20gb (0),1,,13,[CUDA memset]
15778179056,6688,299245,,,,,,,,,,0.000,11.962,Pinned,Device,NVIDIA A100-SXM4-40GB MIG 4g.20gb (0),1,,13,[CUDA memcpy Host-to-Device]
15778188400,13088,299246,,,,,,,,,,0.197,15021.834,Pinned,Device,NVIDIA A100-SXM4-40GB MIG 4g.20gb (0),1,,13,[CUDA memcpy Host-to-Device]
15778338095,29247,299247,273,1,1,48,1,1,40,0.000,0.001,,,,,NVIDIA A100-SXM4-40GB MIG 4g.20gb (0),1,,13,"void pusch_noise_intf_est::noiseIntfEstNoDftSOfdmKernel<float, __half, float, float, (unsigned int)2, (unsigned int)1, (unsigned char)4, (unsigned char)4>(pusch_noise_intf_est::puschRxNoiseIntfEstDynDescr)"
15778455117,10272,299258,35,1,1,128,1,1,16,0.000,0.000,,,,,NVIDIA A100-SXM4-40GB MIG 4g.20gb (0),1,,13,cupy_copy__complex64_complex64
15778650635,6656,299267,1,1,1,1,1,1,18,0.000,0.000,,,,,NVIDIA A100-SXM4-40GB MIG 4g.20gb (0),1,,13,cupy_copy__float32_float32
15778668523,1600,299273,,,,,,,,,,0.000,2.500,Device,Pageable,NVIDIA A100-SXM4-40GB MIG 4g.20gb (0),1,,7,[CUDA memcpy Device-to-Host]
15779026631,20640,299284,1434,1,1,128,1,1,16,0.000,0.000,,,,,NVIDIA A100-SXM4-40GB MIG 4g.20gb (0),1,,13,cupy_copy__complex64_complex64
15779352451,6336,299291,103,1,1,128,1,1,16,0.000,0.000,,,,,NVIDIA A100-SXM4-40GB MIG 4g.20gb (0),1,,13,cupy_copy__complex64_complex64
15779535073,9952,299298,35,1,1,128,1,1,16,0.000,0.000,,,,,NVIDIA A100-SXM4-40GB MIG 4g.20gb (0),1,,13,cupy_copy__complex64_complex64
15779853597,4256,299305,1,1,1,1,1,1,18,0.000,0.000,,,,,NVIDIA A100-SXM4-40GB MIG 4g.20gb (0),1,,13,cupy_copy__float32_float32
15780160538,263005,299316,1,1,1,32,32,1,30,0.000,0.000,,,,,NVIDIA A100-SXM4-40GB MIG 4g.20gb (0),1,,13,"void convert_kernel<__half2, float2>(tensor_layout_any, T1 *, tensor_layout_any, const T2 *)"
15780457847,6720,299319,,,,,,,,,,0.094,13942.808,Pinned,Device,NVIDIA A100-SXM4-40GB MIG 4g.20gb (0),1,,13,[CUDA memcpy Host-to-Device]
15780712372,11168,299320,,,,,,,,,,1.547,138486.260,Device,,NVIDIA A100-SXM4-40GB MIG 4g.20gb (0),1,,13,[CUDA memset]
15780726324,3648,299325,,,,,,,,,,0.031,8578.922,Pinned,Device,NVIDIA A100-SXM4-40GB MIG 4g.20gb (0),1,,13,[CUDA memcpy Host-to-Device]
15780735476,11199,299326,,,,,,,,,,0.197,17555.718,Pinned,Device,NVIDIA A100-SXM4-40GB MIG 4g.20gb (0),1,,13,[CUDA memcpy Host-to-Device]
15781090000,21087,299327,273,1,1,8,4,1,39,0.002,0.000,,,,,NVIDIA A100-SXM4-40GB MIG 4g.20gb (0),1,,13,"void channel_eq::eqMmseCoefCompLowMimoKernel<float, float, float, (unsigned int)4, (unsigned int)1, (unsigned int)4>(const channel_eq::_puschRxChEqStatDescr *, channel_eq::_puschRxChEqCoefCompDynDescr)"
15781349005,24959,299328,273,1,1,12,11,1,51,0.002,0.000,,,,,NVIDIA A100-SXM4-40GB MIG 4g.20gb (0),1,,13,"void channel_eq::eqMmseSoftDemapKernel<float, __half, __half, float, (unsigned int)4, (unsigned short)16383>(channel_eq::_puschRxChEqStatDescr *, channel_eq::_puschRxChEqSoftDemapDynDescr)"
15781674345,724184,299329,1,1,1,32,32,1,30,0.000,0.000,,,,,NVIDIA A100-SXM4-40GB MIG 4g.20gb (0),1,,13,"void convert_kernel<float2, __half2>(tensor_layout_any, T1 *, tensor_layout_any, const T2 *)"
15782521407,14368,299341,2253,1,1,128,1,1,16,0.000,0.000,,,,,NVIDIA A100-SXM4-40GB MIG 4g.20gb (0),1,,13,cupy_copy__float16_float16
15782667006,6976,299350,282,1,1,128,1,1,16,0.000,0.000,,,,,NVIDIA A100-SXM4-40GB MIG 4g.20gb (0),1,,13,cupy_copy__complex64_complex64
15782774845,12991,299359,26,1,1,128,1,1,16,0.000,0.000,,,,,NVIDIA A100-SXM4-40GB MIG 4g.20gb (0),1,,13,cupy_copy__float32_float32
15782858332,12991,299368,103,1,1,128,1,1,16,0.000,0.000,,,,,NVIDIA A100-SXM4-40GB MIG 4g.20gb (0),1,,13,cupy_copy__complex64_complex64
15783016346,20576,299378,1434,1,1,128,1,1,16,0.000,0.000,,,,,NVIDIA A100-SXM4-40GB MIG 4g.20gb (0),1,,13,cupy_copy__complex64_complex64
15783148056,278141,299383,1,1,1,32,32,1,30,0.000,0.000,,,,,NVIDIA A100-SXM4-40GB MIG 4g.20gb (0),1,,13,"void convert_kernel<__half2, float2>(tensor_layout_any, T1 *, tensor_layout_any, const T2 *)"
15783455509,5952,299386,,,,,,,,,,0.094,15741.865,Pinned,Device,NVIDIA A100-SXM4-40GB MIG 4g.20gb (0),1,,13,[CUDA memcpy Host-to-Device]
15783563828,614201,299387,,,,,,,,,,456.561,743282.024,Device,,NVIDIA A100-SXM4-40GB MIG 4g.20gb (0),1,,13,[CUDA memset]
15784180269,67007,299392,,,,,,,,,,1.235,18429.069,Pinned,Device,NVIDIA A100-SXM4-40GB MIG 4g.20gb (0),1,,13,[CUDA memcpy Host-to-Device]
15784256204,16864,299393,,,,,,,,,,0.197,11658.265,Pinned,Device,NVIDIA A100-SXM4-40GB MIG 4g.20gb (0),1,,13,[CUDA memcpy Host-to-Device]
15784336395,20704,299394,69,4,1,48,1,1,76,0.002,0.000,,,,,NVIDIA A100-SXM4-40GB MIG 4g.20gb (0),1,,13,"void ch_est::windowedChEstPreNoDftSOfdmKernel<float, __half, float, (unsigned int)2, (unsigned int)1, (unsigned short)4>(ch_est::puschRxChEstStatDescr_t *, ch_est::puschRxChEstDynDescr_t *)"
15784452394,27807,299395,137,2,1,24,2,1,44,0.001,0.001,,,,,NVIDIA A100-SXM4-40GB MIG 4g.20gb (0),1,,13,"void ch_est::chEstFilterNoDftSOfdmDispatchKernel<float, __half, float, (unsigned int)2>(ch_est::puschRxChEstStatDescr_t *, ch_est::puschRxChEstDynDescr_t *)"
15784600200,25952,299396,137,2,1,24,2,1,44,0.001,0.001,,,,,NVIDIA A100-SXM4-40GB MIG 4g.20gb (0),1,,13,"void ch_est::chEstFilterNoDftSOfdmDispatchKernel<float, __half, float, (unsigned int)2>(ch_est::puschRxChEstStatDescr_t *, ch_est::puschRxChEstDynDescr_t *)"
15784694215,8864,299407,103,1,1,128,1,1,16,0.000,0.000,,,,,NVIDIA A100-SXM4-40GB MIG 4g.20gb (0),1,,13,cupy_copy__complex64_complex64
15784778246,17568,299417,1434,1,1,128,1,1,16,0.000,0.000,,,,,NVIDIA A100-SXM4-40GB MIG 4g.20gb (0),1,,13,cupy_copy__complex64_complex64
15784846149,7840,299424,103,1,1,128,1,1,16,0.000,0.000,,,,,NVIDIA A100-SXM4-40GB MIG 4g.20gb (0),1,,13,cupy_copy__complex64_complex64
15784878309,252701,299431,1,1,1,32,32,1,30,0.000,0.000,,,,,NVIDIA A100-SXM4-40GB MIG 4g.20gb (0),1,,13,"void convert_kernel<__half2, float2>(tensor_layout_any, T1 *, tensor_layout_any, const T2 *)"
15785163906,6720,299434,,,,,,,,,,0.094,13942.808,Pinned,Device,NVIDIA A100-SXM4-40GB MIG 4g.20gb (0),1,,13,[CUDA memcpy Host-to-Device]
15785225729,61087,299435,,,,,,,,,,35.810,586208.390,Device,,NVIDIA A100-SXM4-40GB MIG 4g.20gb (0),1,,13,[CUDA memset]
15785292704,4192,299437,,,,,,,,,,0.000,19.084,Pinned,Device,NVIDIA A100-SXM4-40GB MIG 4g.20gb (0),1,,13,[CUDA memcpy Host-to-Device]
15785299360,12896,299438,,,,,,,,,,0.197,15245.574,Pinned,Device,NVIDIA A100-SXM4-40GB MIG 4g.20gb (0),1,,13,[CUDA memcpy Host-to-Device]
15785365471,23616,299439,273,1,1,48,1,1,40,0.000,0.001,,,,,NVIDIA A100-SXM4-40GB MIG 4g.20gb (0),1,,13,"void pusch_noise_intf_est::noiseIntfEstNoDftSOfdmKernel<float, __half, float, float, (unsigned int)2, (unsigned int)1, (unsigned char)4, (unsigned char)4>(pusch_noise_intf_est::puschRxNoiseIntfEstDynDescr)"
15785424639,8960,299450,35,1,1,128,1,1,16,0.000,0.000,,,,,NVIDIA A100-SXM4-40GB MIG 4g.20gb (0),1,,13,cupy_copy__complex64_complex64
15785449886,3104,299459,1,1,1,1,1,1,18,0.000,0.000,,,,,NVIDIA A100-SXM4-40GB MIG 4g.20gb (0),1,,13,cupy_copy__float32_float32
15785458590,1664,299465,,,,,,,,,,0.000,2.404,Device,Pageable,NVIDIA A100-SXM4-40GB MIG 4g.20gb (0),1,,7,[CUDA memcpy Device-to-Host]
15785535357,17312,299476,1434,1,1,128,1,1,16,0.000,0.000,,,,,NVIDIA A100-SXM4-40GB MIG 4g.20gb (0),1,,13,cupy_copy__complex64_complex64
15785605661,7808,299483,103,1,1,128,1,1,16,0.000,0.000,,,,,NVIDIA A100-SXM4-40GB MIG 4g.20gb (0),1,,13,cupy_copy__complex64_complex64
15785634556,7936,299490,35,1,1,128,1,1,16,0.000,0.000,,,,,NVIDIA A100-SXM4-40GB MIG 4g.20gb (0),1,,13,cupy_copy__complex64_complex64
15785697372,5312,299497,1,1,1,1,1,1,18,0.000,0.000,,,,,NVIDIA A100-SXM4-40GB MIG 4g.20gb (0),1,,13,cupy_copy__float32_float32
15785732987,255261,299508,1,1,1,32,32,1,30,0.000,0.000,,,,,NVIDIA A100-SXM4-40GB MIG 4g.20gb (0),1,,13,"void convert_kernel<__half2, float2>(tensor_layout_any, T1 *, tensor_layout_any, const T2 *)"
15786017048,5408,299511,,,,,,,,,,0.094,17325.421,Pinned,Device,NVIDIA A100-SXM4-40GB MIG 4g.20gb (0),1,,13,[CUDA memcpy Host-to-Device]
15786031960,5952,299512,,,,,,,,,,1.547,259848.298,Device,,NVIDIA A100-SXM4-40GB MIG 4g.20gb (0),1,,13,[CUDA memset]
15786039928,3072,299517,,,,,,,,,,0.031,10187.474,Pinned,Device,NVIDIA A100-SXM4-40GB MIG 4g.20gb (0),1,,13,[CUDA memcpy Host-to-Device]
15786045400,9408,299518,,,,,,,,,,0.197,20897.858,Pinned,Device,NVIDIA A100-SXM4-40GB MIG 4g.20gb (0),1,,13,[CUDA memcpy Host-to-Device]
15786089463,30048,299519,273,1,1,8,4,1,39,0.002,0.000,,,,,NVIDIA A100-SXM4-40GB MIG 4g.20gb (0),1,,13,"void channel_eq::eqMmseCoefCompLowMimoKernel<float, float, float, (unsigned int)4, (unsigned int)1, (unsigned int)4>(const channel_eq::_puschRxChEqStatDescr *, channel_eq::_puschRxChEqCoefCompDynDescr)"
15786128695,27135,299520,273,1,1,12,11,1,51,0.002,0.000,,,,,NVIDIA A100-SXM4-40GB MIG 4g.20gb (0),1,,13,"void channel_eq::eqMmseSoftDemapKernel<float, __half, __half, float, (unsigned int)4, (unsigned short)16383>(channel_eq::_puschRxChEqStatDescr *, channel_eq::_puschRxChEqSoftDemapDynDescr)"
15786202038,640249,299521,1,1,1,32,32,1,30,0.000,0.000,,,,,NVIDIA A100-SXM4-40GB MIG 4g.20gb (0),1,,13,"void convert_kernel<float2, __half2>(tensor_layout_any, T1 *, tensor_layout_any, const T2 *)"
15786918702,18400,299533,2253,1,1,128,1,1,16,0.000,0.000,,,,,NVIDIA A100-SXM4-40GB MIG 4g.20gb (0),1,,13,cupy_copy__float16_float16
15787056588,11424,299542,282,1,1,128,1,1,16,0.000,0.000,,,,,NVIDIA A100-SXM4-40GB MIG 4g.20gb (0),1,,13,cupy_copy__complex64_complex64
15787113260,5536,299551,26,1,1,128,1,1,16,0.000,0.000,,,,,NVIDIA A100-SXM4-40GB MIG 4g.20gb (0),1,,13,cupy_copy__float32_float32
15787196523,9696,299560,103,1,1,128,1,1,16,0.000,0.000,,,,,NVIDIA A100-SXM4-40GB MIG 4g.20gb (0),1,,13,cupy_copy__complex64_complex64
15787338057,18240,299570,1434,1,1,128,1,1,16,0.000,0.000,,,,,NVIDIA A100-SXM4-40GB MIG 4g.20gb (0),1,,13,cupy_copy__complex64_complex64
15787409000,287933,299575,1,1,1,32,32,1,30,0.000,0.000,,,,,NVIDIA A100-SXM4-40GB MIG 4g.20gb (0),1,,13,"void convert_kernel<__half2, float2>(tensor_layout_any, T1 *, tensor_layout_any, const T2 *)"
15787726949,6048,299578,,,,,,,,,,0.094,15491.978,Pinned,Device,NVIDIA A100-SXM4-40GB MIG 4g.20gb (0),1,,13,[CUDA memcpy Host-to-Device]
15787887747,623321,299579,,,,,,,,,,456.561,732324.550,Device,,NVIDIA A100-SXM4-40GB MIG 4g.20gb (0),1,,13,[CUDA memset]
15788513372,62271,299584,,,,,,,,,,1.235,19830.731,Pinned,Device,NVIDIA A100-SXM4-40GB MIG 4g.20gb (0),1,,13,[CUDA memcpy Host-to-Device]
15788580059,9920,299585,,,,,,,,,,0.197,19819.266,Pinned,Device,NVIDIA A100-SXM4-40GB MIG 4g.20gb (0),1,,13,[CUDA memcpy Host-to-Device]
15788860984,19328,299586,69,4,1,48,1,1,76,0.002,0.000,,,,,NVIDIA A100-SXM4-40GB MIG 4g.20gb (0),1,,13,"void ch_est::windowedChEstPreNoDftSOfdmKernel<float, __half, float, (unsigned int)2, (unsigned int)1, (unsigned short)4>(ch_est::puschRxChEstStatDescr_t *, ch_est::puschRxChEstDynDescr_t *)"
15789148661,22879,299587,137,2,1,24,2,1,44,0.001,0.001,,,,,NVIDIA A100-SXM4-40GB MIG 4g.20gb (0),1,,13,"void ch_est::chEstFilterNoDftSOfdmDispatchKernel<float, __half, float, (unsigned int)2>(ch_est::puschRxChEstStatDescr_t *, ch_est::puschRxChEstDynDescr_t *)"
15789217140,33376,299588,137,2,1,24,2,1,44,0.001,0.001,,,,,NVIDIA A100-SXM4-40GB MIG 4g.20gb (0),1,,13,"void ch_est::chEstFilterNoDftSOfdmDispatchKernel<float, __half, float, (unsigned int)2>(ch_est::puschRxChEstStatDescr_t *, ch_est::puschRxChEstDynDescr_t *)"
15789492369,10240,299599,103,1,1,128,1,1,16,0.000,0.000,,,,,NVIDIA A100-SXM4-40GB MIG 4g.20gb (0),1,,13,cupy_copy__complex64_complex64
15789623727,17888,299609,1434,1,1,128,1,1,16,0.000,0.000,,,,,NVIDIA A100-SXM4-40GB MIG 4g.20gb (0),1,,13,cupy_copy__complex64_complex64
15789916684,12160,299616,103,1,1,128,1,1,16,0.000,0.000,,,,,NVIDIA A100-SXM4-40GB MIG 4g.20gb (0),1,,13,cupy_copy__complex64_complex64
15790163689,270045,299623,1,1,1,32,32,1,30,0.000,0.000,,,,,NVIDIA A100-SXM4-40GB MIG 4g.20gb (0),1,,13,"void convert_kernel<__half2, float2>(tensor_layout_any, T1 *, tensor_layout_any, const T2 *)"
15790461926,10816,299626,,,,,,,,,,0.094,8662.664,Pinned,Device,NVIDIA A100-SXM4-40GB MIG 4g.20gb (0),1,,13,[CUDA memcpy Host-to-Device]
15790755555,58335,299627,,,,,,,,,,35.810,613853.649,Device,,NVIDIA A100-SXM4-40GB MIG 4g.20gb (0),1,,13,[CUDA memset]
15790818210,4000,299629,,,,,,,,,,0.000,20.000,Pinned,Device,NVIDIA A100-SXM4-40GB MIG 4g.20gb (0),1,,13,[CUDA memcpy Host-to-Device]
15790828738,9600,299630,,,,,,,,,,0.197,20479.869,Pinned,Device,NVIDIA A100-SXM4-40GB MIG 4g.20gb (0),1,,13,[CUDA memcpy Host-to-Device]
15791120383,34687,299631,273,1,1,48,1,1,40,0.000,0.001,,,,,NVIDIA A100-SXM4-40GB MIG 4g.20gb (0),1,,13,"void pusch_noise_intf_est::noiseIntfEstNoDftSOfdmKernel<float, __half, float, float, (unsigned int)2, (unsigned int)1, (unsigned char)4, (unsigned char)4>(pusch_noise_intf_est::puschRxNoiseIntfEstDynDescr)"
15791249789,6208,299642,35,1,1,128,1,1,16,0.000,0.000,,,,,NVIDIA A100-SXM4-40GB MIG 4g.20gb (0),1,,13,cupy_copy__complex64_complex64
15791537626,5504,299651,1,1,1,1,1,1,18,0.000,0.000,,,,,NVIDIA A100-SXM4-40GB MIG 4g.20gb (0),1,,13,cupy_copy__float32_float32
15791548250,4288,299657,,,,,,,,,,0.000,0.933,Device,Pageable,NVIDIA A100-SXM4-40GB MIG 4g.20gb (0),1,,7,[CUDA memcpy Device-to-Host]
15791876822,18400,299668,1434,1,1,128,1,1,16,0.000,0.000,,,,,NVIDIA A100-SXM4-40GB MIG 4g.20gb (0),1,,13,cupy_copy__complex64_complex64
15791978773,9632,299675,103,1,1,128,1,1,16,0.000,0.000,,,,,NVIDIA A100-SXM4-40GB MIG 4g.20gb (0),1,,13,cupy_copy__complex64_complex64
15792039636,8160,299682,35,1,1,128,1,1,16,0.000,0.000,,,,,NVIDIA A100-SXM4-40GB MIG 4g.20gb (0),1,,13,cupy_copy__complex64_complex64
15792141395,4896,299689,1,1,1,1,1,1,18,0.000,0.000,,,,,NVIDIA A100-SXM4-40GB MIG 4g.20gb (0),1,,13,cupy_copy__float32_float32
15792184819,269117,299700,1,1,1,32,32,1,30,0.000,0.000,,,,,NVIDIA A100-SXM4-40GB MIG 4g.20gb (0),1,,13,"void convert_kernel<__half2, float2>(tensor_layout_any, T1 *, tensor_layout_any, const T2 *)"
15792484175,5728,299703,,,,,,,,,,0.094,16357.541,Pinned,Device,NVIDIA A100-SXM4-40GB MIG 4g.20gb (0),1,,13,[CUDA memcpy Host-to-Device]
15792557198,8480,299704,,,,,,,,,,1.547,182384.089,Device,,NVIDIA A100-SXM4-40GB MIG 4g.20gb (0),1,,13,[CUDA memset]
15792571214,9088,299709,,,,,,,,,,0.031,3443.655,Pinned,Device,NVIDIA A100-SXM4-40GB MIG 4g.20gb (0),1,,13,[CUDA memcpy Host-to-Device]
15792583790,13792,299710,,,,,,,,,,0.197,14255.063,Pinned,Device,NVIDIA A100-SXM4-40GB MIG 4g.20gb (0),1,,13,[CUDA memcpy Host-to-Device]
15792657517,25568,299711,273,1,1,8,4,1,39,0.002,0.000,,,,,NVIDIA A100-SXM4-40GB MIG 4g.20gb (0),1,,13,"void channel_eq::eqMmseCoefCompLowMimoKernel<float, float, float, (unsigned int)4, (unsigned int)1, (unsigned int)4>(const channel_eq::_puschRxChEqStatDescr *, channel_eq::_puschRxChEqCoefCompDynDescr)"
15792739180,27360,299712,273,1,1,12,11,1,51,0.002,0.000,,,,,NVIDIA A100-SXM4-40GB MIG 4g.20gb (0),1,,13,"void channel_eq::eqMmseSoftDemapKernel<float, __half, __half, float, (unsigned int)4, (unsigned short)16383>(channel_eq::_puschRxChEqStatDescr *, channel_eq::_puschRxChEqSoftDemapDynDescr)"
15792837355,732120,299713,1,1,1,32,32,1,30,0.000,0.000,,,,,NVIDIA A100-SXM4-40GB MIG 4g.20gb (0),1,,13,"void convert_kernel<float2, __half2>(tensor_layout_any, T1 *, tensor_layout_any, const T2 *)"
15793647426,19552,299725,2253,1,1,128,1,1,16,0.000,0.000,,,,,NVIDIA A100-SXM4-40GB MIG 4g.20gb (0),1,,13,cupy_copy__float16_float16
15793744481,6560,299734,282,1,1,128,1,1,16,0.000,0.000,,,,,NVIDIA A100-SXM4-40GB MIG 4g.20gb (0),1,,13,cupy_copy__complex64_complex64
15793836096,9760,299743,26,1,1,128,1,1,16,0.000,0.000,,,,,NVIDIA A100-SXM4-40GB MIG 4g.20gb (0),1,,13,cupy_copy__float32_float32
15793889951,12864,299752,103,1,1,128,1,1,16,0.000,0.000,,,,,NVIDIA A100-SXM4-40GB MIG 4g.20gb (0),1,,13,cupy_copy__complex64_complex64
15793987134,17632,299762,1434,1,1,128,1,1,16,0.000,0.000,,,,,NVIDIA A100-SXM4-40GB MIG 4g.20gb (0),1,,13,cupy_copy__complex64_complex64
15794092157,287165,299767,1,1,1,32,32,1,30,0.000,0.000,,,,,NVIDIA A100-SXM4-40GB MIG 4g.20gb (0),1,,13,"void convert_kernel<__half2, float2>(tensor_layout_any, T1 *, tensor_layout_any, const T2 *)"
15794411321,12416,299770,,,,,,,,,,0.094,7546.370,Pinned,Device,NVIDIA A100-SXM4-40GB MIG 4g.20gb (0),1,,13,[CUDA memcpy Host-to-Device]
15794577080,616409,299771,,,,,,,,,,456.561,740542.656,Device,,NVIDIA A100-SXM4-40GB MIG 4g.20gb (0),1,,13,[CUDA memset]
15795200817,59743,299776,,,,,,,,,,1.235,20670.493,Pinned,Device,NVIDIA A100-SXM4-40GB MIG 4g.20gb (0),1,,13,[CUDA memcpy Host-to-Device]
15795263184,10016,299777,,,,,,,,,,0.197,19629.343,Pinned,Device,NVIDIA A100-SXM4-40GB MIG 4g.20gb (0),1,,13,[CUDA memcpy Host-to-Device]
15795524429,30688,299778,69,4,1,48,1,1,76,0.002,0.000,,,,,NVIDIA A100-SXM4-40GB MIG 4g.20gb (0),1,,13,"void ch_est::windowedChEstPreNoDftSOfdmKernel<float, __half, float, (unsigned int)2, (unsigned int)1, (unsigned short)4>(ch_est::puschRxChEstStatDescr_t *, ch_est::puschRxChEstDynDescr_t *)"
15795828553,20704,299779,137,2,1,24,2,1,44,0.001,0.001,,,,,NVIDIA A100-SXM4-40GB MIG 4g.20gb (0),1,,13,"void ch_est::chEstFilterNoDftSOfdmDispatchKernel<float, __half, float, (unsigned int)2>(ch_est::puschRxChEstStatDescr_t *, ch_est::puschRxChEstDynDescr_t *)"
15795927688,22752,299780,137,2,1,24,2,1,44,0.001,0.001,,,,,NVIDIA A100-SXM4-40GB MIG 4g.20gb (0),1,,13,"void ch_est::chEstFilterNoDftSOfdmDispatchKernel<float, __half, float, (unsigned int)2>(ch_est::puschRxChEstStatDescr_t *, ch_est::puschRxChEstDynDescr_t *)"
15796195429,18048,299791,103,1,1,128,1,1,16,0.000,0.000,,,,,NVIDIA A100-SXM4-40GB MIG 4g.20gb (0),1,,13,cupy_copy__complex64_complex64
15796464258,52832,299801,1434,1,1,128,1,1,16,0.000,0.000,,,,,NVIDIA A100-SXM4-40GB MIG 4g.20gb (0),1,,13,cupy_copy__complex64_complex64
15796640256,5344,299808,103,1,1,128,1,1,16,0.000,0.000,,,,,NVIDIA A100-SXM4-40GB MIG 4g.20gb (0),1,,13,cupy_copy__complex64_complex64
15796944797,239869,299815,1,1,1,32,32,1,30,0.000,0.000,,,,,NVIDIA A100-SXM4-40GB MIG 4g.20gb (0),1,,13,"void convert_kernel<__half2, float2>(tensor_layout_any, T1 *, tensor_layout_any, const T2 *)"
15797214266,5984,299818,,,,,,,,,,0.094,15657.726,Pinned,Device,NVIDIA A100-SXM4-40GB MIG 4g.20gb (0),1,,13,[CUDA memcpy Host-to-Device]
15797466103,86431,299819,,,,,,,,,,35.810,414284.964,Device,,NVIDIA A100-SXM4-40GB MIG 4g.20gb (0),1,,13,[CUDA memset]
15797555990,4768,299821,,,,,,,,,,0.000,16.778,Pinned,Device,NVIDIA A100-SXM4-40GB MIG 4g.20gb (0),1,,13,[CUDA memcpy Host-to-Device]
15797563222,9728,299822,,,,,,,,,,0.197,20210.516,Pinned,Device,NVIDIA A100-SXM4-40GB MIG 4g.20gb (0),1,,13,[CUDA memcpy Host-to-Device]
15797839987,15488,299823,273,1,1,48,1,1,40,0.000,0.001,,,,,NVIDIA A100-SXM4-40GB MIG 4g.20gb (0),1,,13,"void pusch_noise_intf_est::noiseIntfEstNoDftSOfdmKernel<float, __half, float, float, (unsigned int)2, (unsigned int)1, (unsigned char)4, (unsigned char)4>(pusch_noise_intf_est::puschRxNoiseIntfEstDynDescr)"
15798008593,7520,299834,35,1,1,128,1,1,16,0.000,0.000,,,,,NVIDIA A100-SXM4-40GB MIG 4g.20gb (0),1,,13,cupy_copy__complex64_complex64
15798310094,4479,299843,1,1,1,1,1,1,18,0.000,0.000,,,,,NVIDIA A100-SXM4-40GB MIG 4g.20gb (0),1,,13,cupy_copy__float32_float32
15798317421,5216,299849,,,,,,,,,,0.000,0.767,Device,Pageable,NVIDIA A100-SXM4-40GB MIG 4g.20gb (0),1,,7,[CUDA memcpy Device-to-Host]
15798663786,18495,299860,1434,1,1,128,1,1,16,0.000,0.000,,,,,NVIDIA A100-SXM4-40GB MIG 4g.20gb (0),1,,13,cupy_copy__complex64_complex64
15798765608,8384,299867,103,1,1,128,1,1,16,0.000,0.000,,,,,NVIDIA A100-SXM4-40GB MIG 4g.20gb (0),1,,13,cupy_copy__complex64_complex64
15798826696,9696,299874,35,1,1,128,1,1,16,0.000,0.000,,,,,NVIDIA A100-SXM4-40GB MIG 4g.20gb (0),1,,13,cupy_copy__complex64_complex64
15798933734,10528,299881,1,1,1,1,1,1,18,0.000,0.000,,,,,NVIDIA A100-SXM4-40GB MIG 4g.20gb (0),1,,13,cupy_copy__float32_float32
15799057221,273693,299892,1,1,1,32,32,1,30,0.000,0.000,,,,,NVIDIA A100-SXM4-40GB MIG 4g.20gb (0),1,,13,"void convert_kernel<__half2, float2>(tensor_layout_any, T1 *, tensor_layout_any, const T2 *)"
15799359874,5920,299895,,,,,,,,,,0.094,15826.941,Pinned,Device,NVIDIA A100-SXM4-40GB MIG 4g.20gb (0),1,,13,[CUDA memcpy Host-to-Device]
15799428577,16832,299896,,,,,,,,,,1.547,91884.932,Device,,NVIDIA A100-SXM4-40GB MIG 4g.20gb (0),1,,13,[CUDA memset]
15799453313,8608,299901,,,,,,,,,,0.031,3635.688,Pinned,Device,NVIDIA A100-SXM4-40GB MIG 4g.20gb (0),1,,13,[CUDA memcpy Host-to-Device]
15799465248,16608,299902,,,,,,,,,,0.197,11837.964,Pinned,Device,NVIDIA A100-SXM4-40GB MIG 4g.20gb (0),1,,13,[CUDA memcpy Host-to-Device]
15799546528,28607,299903,273,1,1,8,4,1,39,0.002,0.000,,,,,NVIDIA A100-SXM4-40GB MIG 4g.20gb (0),1,,13,"void channel_eq::eqMmseCoefCompLowMimoKernel<float, float, float, (unsigned int)4, (unsigned int)1, (unsigned int)4>(const channel_eq::_puschRxChEqStatDescr *, channel_eq::_puschRxChEqCoefCompDynDescr)"
15799639039,27423,299904,273,1,1,12,11,1,51,0.002,0.000,,,,,NVIDIA A100-SXM4-40GB MIG 4g.20gb (0),1,,13,"void channel_eq::eqMmseSoftDemapKernel<float, __half, __half, float, (unsigned int)4, (unsigned short)16383>(channel_eq::_puschRxChEqStatDescr *, channel_eq::_puschRxChEqSoftDemapDynDescr)"
15799743741,732856,299905,1,1,1,32,32,1,30,0.000,0.000,,,,,NVIDIA A100-SXM4-40GB MIG 4g.20gb (0),1,,13,"void convert_kernel<float2, __half2>(tensor_layout_any, T1 *, tensor_layout_any, const T2 *)"
15800547124,15040,299917,2253,1,1,128,1,1,16,0.000,0.000,,,,,NVIDIA A100-SXM4-40GB MIG 4g.20gb (0),1,,13,cupy_copy__float16_float16
15800652019,11040,299926,282,1,1,128,1,1,16,0.000,0.000,,,,,NVIDIA A100-SXM4-40GB MIG 4g.20gb (0),1,,13,cupy_copy__complex64_complex64
15800707858,6080,299935,26,1,1,128,1,1,16,0.000,0.000,,,,,NVIDIA A100-SXM4-40GB MIG 4g.20gb (0),1,,13,cupy_copy__float32_float32
15800793490,10367,299944,103,1,1,128,1,1,16,0.000,0.000,,,,,NVIDIA A100-SXM4-40GB MIG 4g.20gb (0),1,,13,cupy_copy__complex64_complex64
15800964464,18399,299954,1434,1,1,128,1,1,16,0.000,0.000,,,,,NVIDIA A100-SXM4-40GB MIG 4g.20gb (0),1,,13,cupy_copy__complex64_complex64
15801034831,285533,299959,1,1,1,32,32,1,30,0.000,0.000,,,,,NVIDIA A100-SXM4-40GB MIG 4g.20gb (0),1,,13,"void convert_kernel<__half2, float2>(tensor_layout_any, T1 *, tensor_layout_any, const T2 *)"
15801350763,5856,299962,,,,,,,,,,0.094,15999.997,Pinned,Device,NVIDIA A100-SXM4-40GB MIG 4g.20gb (0),1,,13,[CUDA memcpy Host-to-Device]
15801442282,612377,299963,,,,,,,,,,456.561,745108.270,Device,,NVIDIA A100-SXM4-40GB MIG 4g.20gb (0),1,,13,[CUDA memset]
15802061187,70047,299968,,,,,,,,,,1.235,17630.061,Pinned,Device,NVIDIA A100-SXM4-40GB MIG 4g.20gb (0),1,,13,[CUDA memcpy Host-to-Device]
15802138018,17632,299969,,,,,,,,,,0.197,11150.623,Pinned,Device,NVIDIA A100-SXM4-40GB MIG 4g.20gb (0),1,,13,[CUDA memcpy Host-to-Device]
15802229441,22624,299970,69,4,1,48,1,1,76,0.002,0.000,,,,,NVIDIA A100-SXM4-40GB MIG 4g.20gb (0),1,,13,"void ch_est::windowedChEstPreNoDftSOfdmKernel<float, __half, float, (unsigned int)2, (unsigned int)1, (unsigned short)4>(ch_est::puschRxChEstStatDescr_t *, ch_est::puschRxChEstDynDescr_t *)"
15802319264,22816,299971,137,2,1,24,2,1,44,0.001,0.001,,,,,NVIDIA A100-SXM4-40GB MIG 4g.20gb (0),1,,13,"void ch_est::chEstFilterNoDftSOfdmDispatchKernel<float, __half, float, (unsigned int)2>(ch_est::puschRxChEstStatDescr_t *, ch_est::puschRxChEstDynDescr_t *)"
15802415103,23616,299972,137,2,1,24,2,1,44,0.001,0.001,,,,,NVIDIA A100-SXM4-40GB MIG 4g.20gb (0),1,,13,"void ch_est::chEstFilterNoDftSOfdmDispatchKernel<float, __half, float, (unsigned int)2>(ch_est::puschRxChEstStatDescr_t *, ch_est::puschRxChEstDynDescr_t *)"
15802476863,7391,299983,103,1,1,128,1,1,16,0.000,0.000,,,,,NVIDIA A100-SXM4-40GB MIG 4g.20gb (0),1,,13,cupy_copy__complex64_complex64
15802569406,17919,299993,1434,1,1,128,1,1,16,0.000,0.000,,,,,NVIDIA A100-SXM4-40GB MIG 4g.20gb (0),1,,13,cupy_copy__complex64_complex64
15802670012,8288,300000,103,1,1,128,1,1,16,0.000,0.000,,,,,NVIDIA A100-SXM4-40GB MIG 4g.20gb (0),1,,13,cupy_copy__complex64_complex64
15802729980,324444,300007,1,1,1,32,32,1,30,0.000,0.000,,,,,NVIDIA A100-SXM4-40GB MIG 4g.20gb (0),1,,13,"void convert_kernel<__half2, float2>(tensor_layout_any, T1 *, tensor_layout_any, const T2 *)"
15803083320,6176,300010,,,,,,,,,,0.094,15170.975,Pinned,Device,NVIDIA A100-SXM4-40GB MIG 4g.20gb (0),1,,13,[CUDA memcpy Host-to-Device]
15803150007,61151,300011,,,,,,,,,,35.810,585563.812,Device,,NVIDIA A100-SXM4-40GB MIG 4g.20gb (0),1,,13,[CUDA memset]
15803220534,1856,300013,,,,,,,,,,0.000,43.103,Pinned,Device,NVIDIA A100-SXM4-40GB MIG 4g.20gb (0),1,,13,[CUDA memcpy Host-to-Device]
15803224950,9440,300014,,,,,,,,,,0.197,20827.079,Pinned,Device,NVIDIA A100-SXM4-40GB MIG 4g.20gb (0),1,,13,[CUDA memcpy Host-to-Device]
15803329845,29952,300015,273,1,1,48,1,1,40,0.000,0.001,,,,,NVIDIA A100-SXM4-40GB MIG 4g.20gb (0),1,,13,"void pusch_noise_intf_est::noiseIntfEstNoDftSOfdmKernel<float, __half, float, float, (unsigned int)2, (unsigned int)1, (unsigned char)4, (unsigned char)4>(pusch_noise_intf_est::puschRxNoiseIntfEstDynDescr)"
15803418804,8608,300026,35,1,1,128,1,1,16,0.000,0.000,,,,,NVIDIA A100-SXM4-40GB MIG 4g.20gb (0),1,,13,cupy_copy__complex64_complex64
15803508051,4736,300035,1,1,1,1,1,1,18,0.000,0.000,,,,,NVIDIA A100-SXM4-40GB MIG 4g.20gb (0),1,,13,cupy_copy__float32_float32
15803514355,5344,300041,,,,,,,,,,0.000,0.749,Device,Pageable,NVIDIA A100-SXM4-40GB MIG 4g.20gb (0),1,,7,[CUDA memcpy Device-to-Host]
15803780944,17376,300052,1434,1,1,128,1,1,16,0.000,0.000,,,,,NVIDIA A100-SXM4-40GB MIG 4g.20gb (0),1,,13,cupy_copy__complex64_complex64
15803994285,10048,300059,103,1,1,128,1,1,16,0.000,0.000,,,,,NVIDIA A100-SXM4-40GB MIG 4g.20gb (0),1,,13,cupy_copy__complex64_complex64
15804078349,8351,300066,35,1,1,128,1,1,16,0.000,0.000,,,,,NVIDIA A100-SXM4-40GB MIG 4g.20gb (0),1,,13,cupy_copy__complex64_complex64
15804326698,4992,300073,1,1,1,1,1,1,18,0.000,0.000,,,,,NVIDIA A100-SXM4-40GB MIG 4g.20gb (0),1,,13,cupy_copy__float32_float32
15804526503,278653,300084,1,1,1,32,32,1,30,0.000,0.000,,,,,NVIDIA A100-SXM4-40GB MIG 4g.20gb (0),1,,13,"void convert_kernel<__half2, float2>(tensor_layout_any, T1 *, tensor_layout_any, const T2 *)"
15804838820,10400,300087,,,,,,,,,,0.094,9009.151,Pinned,Device,NVIDIA A100-SXM4-40GB MIG 4g.20gb (0),1,,13,[CUDA memcpy Host-to-Device]
15805051362,17695,300088,,,,,,,,,,1.547,87404.362,Device,,NVIDIA A100-SXM4-40GB MIG 4g.20gb (0),1,,13,[CUDA memset]
15805078209,3744,300093,,,,,,,,,,0.031,8358.974,Pinned,Device,NVIDIA A100-SXM4-40GB MIG 4g.20gb (0),1,,13,[CUDA memcpy Host-to-Device]
15805085249,14080,300094,,,,,,,,,,0.197,13963.493,Pinned,Device,NVIDIA A100-SXM4-40GB MIG 4g.20gb (0),1,,13,[CUDA memcpy Host-to-Device]
15805195584,23808,300095,273,1,1,8,4,1,39,0.002,0.000,,,,,NVIDIA A100-SXM4-40GB MIG 4g.20gb (0),1,,13,"void channel_eq::eqMmseCoefCompLowMimoKernel<float, float, float, (unsigned int)4, (unsigned int)1, (unsigned int)4>(const channel_eq::_puschRxChEqStatDescr *, channel_eq::_puschRxChEqCoefCompDynDescr)"
15805434717,22656,300096,273,1,1,12,11,1,51,0.002,0.000,,,,,NVIDIA A100-SXM4-40GB MIG 4g.20gb (0),1,,13,"void channel_eq::eqMmseSoftDemapKernel<float, __half, __half, float, (unsigned int)4, (unsigned short)16383>(channel_eq::_puschRxChEqStatDescr *, channel_eq::_puschRxChEqSoftDemapDynDescr)"
15805690810,735224,300097,1,1,1,32,32,1,30,0.000,0.000,,,,,NVIDIA A100-SXM4-40GB MIG 4g.20gb (0),1,,13,"void convert_kernel<float2, __half2>(tensor_layout_any, T1 *, tensor_layout_any, const T2 *)"
15806491569,15200,300109,2253,1,1,128,1,1,16,0.000,0.000,,,,,NVIDIA A100-SXM4-40GB MIG 4g.20gb (0),1,,13,cupy_copy__float16_float16
15806594576,11744,300118,282,1,1,128,1,1,16,0.000,0.000,,,,,NVIDIA A100-SXM4-40GB MIG 4g.20gb (0),1,,13,cupy_copy__complex64_complex64
15806650672,6463,300127,26,1,1,128,1,1,16,0.000,0.000,,,,,NVIDIA A100-SXM4-40GB MIG 4g.20gb (0),1,,13,cupy_copy__float32_float32
15806734991,8863,300136,103,1,1,128,1,1,16,0.000,0.000,,,,,NVIDIA A100-SXM4-40GB MIG 4g.20gb (0),1,,13,cupy_copy__complex64_complex64
15806869805,19904,300146,1434,1,1,128,1,1,16,0.000,0.000,,,,,NVIDIA A100-SXM4-40GB MIG 4g.20gb (0),1,,13,cupy_copy__complex64_complex64
15806941068,281981,300151,1,1,1,32,32,1,30,0.000,0.000,,,,,NVIDIA A100-SXM4-40GB MIG 4g.20gb (0),1,,13,"void convert_kernel<__half2, float2>(tensor_layout_any, T1 *, tensor_layout_any, const T2 *)"
15807252713,6176,300154,,,,,,,,,,0.094,15170.975,Pinned,Device,NVIDIA A100-SXM4-40GB MIG 4g.20gb (0),1,,13,[CUDA memcpy Host-to-Device]
15807357224,612953,300155,,,,,,,,,,456.561,744651.709,Device,,NVIDIA A100-SXM4-40GB MIG 4g.20gb (0),1,,13,[CUDA memset]
15807975233,61055,300160,,,,,,,,,,1.235,20225.913,Pinned,Device,NVIDIA A100-SXM4-40GB MIG 4g.20gb (0),1,,13,[CUDA memcpy Host-to-Device]
15808046368,13280,300161,,,,,,,,,,0.197,14804.779,Pinned,Device,NVIDIA A100-SXM4-40GB MIG 4g.20gb (0),1,,13,[CUDA memcpy Host-to-Device]
15808147679,26463,300162,69,4,1,48,1,1,76,0.002,0.000,,,,,NVIDIA A100-SXM4-40GB MIG 4g.20gb (0),1,,13,"void ch_est::windowedChEstPreNoDftSOfdmKernel<float, __half, float, (unsigned int)2, (unsigned int)1, (unsigned short)4>(ch_est::puschRxChEstStatDescr_t *, ch_est::puschRxChEstDynDescr_t *)"
15808238110,21471,300163,137,2,1,24,2,1,44,0.001,0.001,,,,,NVIDIA A100-SXM4-40GB MIG 4g.20gb (0),1,,13,"void ch_est::chEstFilterNoDftSOfdmDispatchKernel<float, __half, float, (unsigned int)2>(ch_est::puschRxChEstStatDescr_t *, ch_est::puschRxChEstDynDescr_t *)"
15808332733,23263,300164,137,2,1,24,2,1,44,0.001,0.001,,,,,NVIDIA A100-SXM4-40GB MIG 4g.20gb (0),1,,13,"void ch_est::chEstFilterNoDftSOfdmDispatchKernel<float, __half, float, (unsigned int)2>(ch_est::puschRxChEstStatDescr_t *, ch_est::puschRxChEstDynDescr_t *)"
15808395292,6496,300175,103,1,1,128,1,1,16,0.000,0.000,,,,,NVIDIA A100-SXM4-40GB MIG 4g.20gb (0),1,,13,cupy_copy__complex64_complex64
15808489083,17792,300185,1434,1,1,128,1,1,16,0.000,0.000,,,,,NVIDIA A100-SXM4-40GB MIG 4g.20gb (0),1,,13,cupy_copy__complex64_complex64
15808591194,8672,300192,103,1,1,128,1,1,16,0.000,0.000,,,,,NVIDIA A100-SXM4-40GB MIG 4g.20gb (0),1,,13,cupy_copy__complex64_complex64
15808654457,283581,300199,1,1,1,32,32,1,30,0.000,0.000,,,,,NVIDIA A100-SXM4-40GB MIG 4g.20gb (0),1,,13,"void convert_kernel<__half2, float2>(tensor_layout_any, T1 *, tensor_layout_any, const T2 *)"
15808967605,6048,300202,,,,,,,,,,0.094,15491.978,Pinned,Device,NVIDIA A100-SXM4-40GB MIG 4g.20gb (0),1,,13,[CUDA memcpy Host-to-Device]
15809021013,61919,300203,,,,,,,,,,35.810,578330.208,Device,,NVIDIA A100-SXM4-40GB MIG 4g.20gb (0),1,,13,[CUDA memset]
15809087124,4992,300205,,,,,,,,,,0.000,16.026,Pinned,Device,NVIDIA A100-SXM4-40GB MIG 4g.20gb (0),1,,13,[CUDA memcpy Host-to-Device]
15809094580,9760,300206,,,,,,,,,,0.197,20144.259,Pinned,Device,NVIDIA A100-SXM4-40GB MIG 4g.20gb (0),1,,13,[CUDA memcpy Host-to-Device]
15809198611,33983,300207,273,1,1,48,1,1,40,0.000,0.001,,,,,NVIDIA A100-SXM4-40GB MIG 4g.20gb (0),1,,13,"void pusch_noise_intf_est::noiseIntfEstNoDftSOfdmKernel<float, __half, float, float, (unsigned int)2, (unsigned int)1, (unsigned char)4, (unsigned char)4>(pusch_noise_intf_est::puschRxNoiseIntfEstDynDescr)"
15809286034,8480,300218,35,1,1,128,1,1,16,0.000,0.000,,,,,NVIDIA A100-SXM4-40GB MIG 4g.20gb (0),1,,13,cupy_copy__complex64_complex64
15809378289,4864,300227,1,1,1,1,1,1,18,0.000,0.000,,,,,NVIDIA A100-SXM4-40GB MIG 4g.20gb (0),1,,13,cupy_copy__float32_float32
15809390225,1600,300233,,,,,,,,,,0.000,2.500,Device,Pageable,NVIDIA A100-SXM4-40GB MIG 4g.20gb (0),1,,7,[CUDA memcpy Device-to-Host]
15809495471,17888,300244,1434,1,1,128,1,1,16,0.000,0.000,,,,,NVIDIA A100-SXM4-40GB MIG 4g.20gb (0),1,,13,cupy_copy__complex64_complex64
15809561935,9440,300251,103,1,1,128,1,1,16,0.000,0.000,,,,,NVIDIA A100-SXM4-40GB MIG 4g.20gb (0),1,,13,cupy_copy__complex64_complex64
15809651918,8800,300258,35,1,1,128,1,1,16,0.000,0.000,,,,,NVIDIA A100-SXM4-40GB MIG 4g.20gb (0),1,,13,cupy_copy__complex64_complex64
15809750861,4352,300265,1,1,1,1,1,1,18,0.000,0.000,,,,,NVIDIA A100-SXM4-40GB MIG 4g.20gb (0),1,,13,cupy_copy__float32_float32
15809878763,243709,300276,1,1,1,32,32,1,30,0.000,0.000,,,,,NVIDIA A100-SXM4-40GB MIG 4g.20gb (0),1,,13,"void convert_kernel<__half2, float2>(tensor_layout_any, T1 *, tensor_layout_any, const T2 *)"
15810152392,12992,300279,,,,,,,,,,0.094,7211.781,Pinned,Device,NVIDIA A100-SXM4-40GB MIG 4g.20gb (0),1,,13,[CUDA memcpy Host-to-Device]
15810292902,6880,300280,,,,,,,,,,1.547,224798.705,Device,,NVIDIA A100-SXM4-40GB MIG 4g.20gb (0),1,,13,[CUDA memset]
15810305254,7616,300285,,,,,,,,,,0.031,4109.227,Pinned,Device,NVIDIA A100-SXM4-40GB MIG 4g.20gb (0),1,,13,[CUDA memcpy Host-to-Device]
15810315590,12512,300286,,,,,,,,,,0.197,15713.501,Pinned,Device,NVIDIA A100-SXM4-40GB MIG 4g.20gb (0),1,,13,[CUDA memcpy Host-to-Device]
15810623235,29055,300287,273,1,1,8,4,1,39,0.002,0.000,,,,,NVIDIA A100-SXM4-40GB MIG 4g.20gb (0),1,,13,"void channel_eq::eqMmseCoefCompLowMimoKernel<float, float, float, (unsigned int)4, (unsigned int)1, (unsigned int)4>(const channel_eq::_puschRxChEqStatDescr *, channel_eq::_puschRxChEqCoefCompDynDescr)"
15810899712,24511,300288,273,1,1,12,11,1,51,0.002,0.000,,,,,NVIDIA A100-SXM4-40GB MIG 4g.20gb (0),1,,13,"void channel_eq::eqMmseSoftDemapKernel<float, __half, __half, float, (unsigned int)4, (unsigned short)16383>(channel_eq::_puschRxChEqStatDescr *, channel_eq::_puschRxChEqSoftDemapDynDescr)"
15811069246,621113,300289,1,1,1,32,32,1,30,0.000,0.000,,,,,NVIDIA A100-SXM4-40GB MIG 4g.20gb (0),1,,13,"void convert_kernel<float2, __half2>(tensor_layout_any, T1 *, tensor_layout_any, const T2 *)"
15811952852,16640,300301,2253,1,1,128,1,1,16,0.000,0.000,,,,,NVIDIA A100-SXM4-40GB MIG 4g.20gb (0),1,,13,cupy_copy__float16_float16
15812234705,24447,300310,282,1,1,128,1,1,16,0.000,0.000,,,,,NVIDIA A100-SXM4-40GB MIG 4g.20gb (0),1,,13,cupy_copy__complex64_complex64
15812398479,7680,300319,26,1,1,128,1,1,16,0.000,0.000,,,,,NVIDIA A100-SXM4-40GB MIG 4g.20gb (0),1,,13,cupy_copy__float32_float32
15812665676,11040,300328,103,1,1,128,1,1,16,0.000,0.000,,,,,NVIDIA A100-SXM4-40GB MIG 4g.20gb (0),1,,13,cupy_copy__complex64_complex64
15812979304,18976,300338,1434,1,1,128,1,1,16,0.000,0.000,,,,,NVIDIA A100-SXM4-40GB MIG 4g.20gb (0),1,,13,cupy_copy__complex64_complex64
15813258501,294045,300343,1,1,1,32,32,1,30,0.000,0.000,,,,,NVIDIA A100-SXM4-40GB MIG 4g.20gb (0),1,,13,"void convert_kernel<__half2, float2>(tensor_layout_any, T1 *, tensor_layout_any, const T2 *)"
15813581921,5888,300346,,,,,,,,,,0.094,15912.954,Pinned,Device,NVIDIA A100-SXM4-40GB MIG 4g.20gb (0),1,,13,[CUDA memcpy Host-to-Device]
15813664800,608890,300347,,,,,,,,,,456.561,749673.884,Device,,NVIDIA A100-SXM4-40GB MIG 4g.20gb (0),1,,13,[CUDA memset]
15814278010,64735,300352,,,,,,,,,,1.235,19076.180,Pinned,Device,NVIDIA A100-SXM4-40GB MIG 4g.20gb (0),1,,13,[CUDA memcpy Host-to-Device]
15814345369,12768,300353,,,,,,,,,,0.197,15398.339,Pinned,Device,NVIDIA A100-SXM4-40GB MIG 4g.20gb (0),1,,13,[CUDA memcpy Host-to-Device]
15814425336,27584,300354,69,4,1,48,1,1,76,0.002,0.000,,,,,NVIDIA A100-SXM4-40GB MIG 4g.20gb (0),1,,13,"void ch_est::windowedChEstPreNoDftSOfdmKernel<float, __half, float, (unsigned int)2, (unsigned int)1, (unsigned short)4>(ch_est::puschRxChEstStatDescr_t *, ch_est::puschRxChEstDynDescr_t *)"
15814514455,22560,300355,137,2,1,24,2,1,44,0.001,0.001,,,,,NVIDIA A100-SXM4-40GB MIG 4g.20gb (0),1,,13,"void ch_est::chEstFilterNoDftSOfdmDispatchKernel<float, __half, float, (unsigned int)2>(ch_est::puschRxChEstStatDescr_t *, ch_est::puschRxChEstDynDescr_t *)"
15814610454,21472,300356,137,2,1,24,2,1,44,0.001,0.001,,,,,NVIDIA A100-SXM4-40GB MIG 4g.20gb (0),1,,13,"void ch_est::chEstFilterNoDftSOfdmDispatchKernel<float, __half, float, (unsigned int)2>(ch_est::puschRxChEstStatDescr_t *, ch_est::puschRxChEstDynDescr_t *)"
15814672981,7904,300367,103,1,1,128,1,1,16,0.000,0.000,,,,,NVIDIA A100-SXM4-40GB MIG 4g.20gb (0),1,,13,cupy_copy__complex64_complex64
15814760212,17600,300377,1434,1,1,128,1,1,16,0.000,0.000,,,,,NVIDIA A100-SXM4-40GB MIG 4g.20gb (0),1,,13,cupy_copy__complex64_complex64
15814861715,7936,300384,103,1,1,128,1,1,16,0.000,0.000,,,,,NVIDIA A100-SXM4-40GB MIG 4g.20gb (0),1,,13,cupy_copy__complex64_complex64
15814925170,289597,300391,1,1,1,32,32,1,30,0.000,0.000,,,,,NVIDIA A100-SXM4-40GB MIG 4g.20gb (0),1,,13,"void convert_kernel<__half2, float2>(tensor_layout_any, T1 *, tensor_layout_any, const T2 *)"
15815243471,5568,300394,,,,,,,,,,0.094,16827.521,Pinned,Device,NVIDIA A100-SXM4-40GB MIG 4g.20gb (0),1,,13,[CUDA memcpy Host-to-Device]
15815289934,61119,300395,,,,,,,,,,35.810,585886.101,Device,,NVIDIA A100-SXM4-40GB MIG 4g.20gb (0),1,,13,[CUDA memset]
15815354893,3008,300397,,,,,,,,,,0.000,26.596,Pinned,Device,NVIDIA A100-SXM4-40GB MIG 4g.20gb (0),1,,13,[CUDA memcpy Host-to-Device]
15815364621,9408,300398,,,,,,,,,,0.197,20897.858,Pinned,Device,NVIDIA A100-SXM4-40GB MIG 4g.20gb (0),1,,13,[CUDA memcpy Host-to-Device]
15815532299,31648,300399,273,1,1,48,1,1,40,0.000,0.001,,,,,NVIDIA A100-SXM4-40GB MIG 4g.20gb (0),1,,13,"void pusch_noise_intf_est::noiseIntfEstNoDftSOfdmKernel<float, __half, float, float, (unsigned int)2, (unsigned int)1, (unsigned char)4, (unsigned char)4>(pusch_noise_intf_est::puschRxNoiseIntfEstDynDescr)"
15816018950,10080,300410,35,1,1,128,1,1,16,0.000,0.000,,,,,NVIDIA A100-SXM4-40GB MIG 4g.20gb (0),1,,13,cupy_copy__complex64_complex64
15816154596,4608,300419,1,1,1,1,1,1,18,0.000,0.000,,,,,NVIDIA A100-SXM4-40GB MIG 4g.20gb (0),1,,13,cupy_copy__float32_float32
15816165316,1952,300425,,,,,,,,,,0.000,2.049,Device,Pageable,NVIDIA A100-SXM4-40GB MIG 4g.20gb (0),1,,7,[CUDA memcpy Device-to-Host]
15816687198,19232,300436,1434,1,1,128,1,1,16,0.000,0.000,,,,,NVIDIA A100-SXM4-40GB MIG 4g.20gb (0),1,,13,cupy_copy__complex64_complex64
15817190489,9632,300443,103,1,1,128,1,1,16,0.000,0.000,,,,,NVIDIA A100-SXM4-40GB MIG 4g.20gb (0),1,,13,cupy_copy__complex64_complex64
15817326135,9056,300450,35,1,1,128,1,1,16,0.000,0.000,,,,,NVIDIA A100-SXM4-40GB MIG 4g.20gb (0),1,,13,cupy_copy__complex64_complex64
15817796082,6112,300457,1,1,1,1,1,1,18,0.000,0.000,,,,,NVIDIA A100-SXM4-40GB MIG 4g.20gb (0),1,,13,cupy_copy__float32_float32
15818297836,284285,300468,1,1,1,32,32,1,30,0.000,0.000,,,,,NVIDIA A100-SXM4-40GB MIG 4g.20gb (0),1,,13,"void convert_kernel<__half2, float2>(tensor_layout_any, T1 *, tensor_layout_any, const T2 *)"
15818611817,5728,300471,,,,,,,,,,0.094,16357.541,Pinned,Device,NVIDIA A100-SXM4-40GB MIG 4g.20gb (0),1,,13,[CUDA memcpy Host-to-Device]
15818928869,9760,300472,,,,,,,,,,1.547,158465.548,Device,,NVIDIA A100-SXM4-40GB MIG 4g.20gb (0),1,,13,[CUDA memset]
15818941989,7712,300477,,,,,,,,,,0.031,4058.090,Pinned,Device,NVIDIA A100-SXM4-40GB MIG 4g.20gb (0),1,,13,[CUDA memcpy Host-to-Device]
15818956101,9760,300478,,,,,,,,,,0.197,20144.259,Pinned,Device,NVIDIA A100-SXM4-40GB MIG 4g.20gb (0),1,,13,[CUDA memcpy Host-to-Device]
15819462047,19776,300479,273,1,1,8,4,1,39,0.002,0.000,,,,,NVIDIA A100-SXM4-40GB MIG 4g.20gb (0),1,,13,"void channel_eq::eqMmseCoefCompLowMimoKernel<float, float, float, (unsigned int)4, (unsigned int)1, (unsigned int)4>(const channel_eq::_puschRxChEqStatDescr *, channel_eq::_puschRxChEqCoefCompDynDescr)"
15819935226,27616,300480,273,1,1,12,11,1,51,0.002,0.000,,,,,NVIDIA A100-SXM4-40GB MIG 4g.20gb (0),1,,13,"void channel_eq::eqMmseSoftDemapKernel<float, __half, __half, float, (unsigned int)4, (unsigned short)16383>(channel_eq::_puschRxChEqStatDescr *, channel_eq::_puschRxChEqSoftDemapDynDescr)"
15820444532,743384,300481,1,1,1,32,32,1,30,0.000,0.000,,,,,NVIDIA A100-SXM4-40GB MIG 4g.20gb (0),1,,13,"void convert_kernel<float2, __half2>(tensor_layout_any, T1 *, tensor_layout_any, const T2 *)"
15821241259,20768,300493,2253,1,1,128,1,1,16,0.000,0.000,,,,,NVIDIA A100-SXM4-40GB MIG 4g.20gb (0),1,,13,cupy_copy__float16_float16
15821340426,6688,300502,282,1,1,128,1,1,16,0.000,0.000,,,,,NVIDIA A100-SXM4-40GB MIG 4g.20gb (0),1,,13,cupy_copy__complex64_complex64
15821432457,9216,300511,26,1,1,128,1,1,16,0.000,0.000,,,,,NVIDIA A100-SXM4-40GB MIG 4g.20gb (0),1,,13,cupy_copy__float32_float32
15821485672,10304,300520,103,1,1,128,1,1,16,0.000,0.000,,,,,NVIDIA A100-SXM4-40GB MIG 4g.20gb (0),1,,13,cupy_copy__complex64_complex64
15821580647,17472,300530,1434,1,1,128,1,1,16,0.000,0.000,,,,,NVIDIA A100-SXM4-40GB MIG 4g.20gb (0),1,,13,cupy_copy__complex64_complex64
15821688646,293789,300535,1,1,1,32,32,1,30,0.000,0.000,,,,,NVIDIA A100-SXM4-40GB MIG 4g.20gb (0),1,,13,"void convert_kernel<__half2, float2>(tensor_layout_any, T1 *, tensor_layout_any, const T2 *)"
15822012930,6624,300538,,,,,,,,,,0.094,14144.910,Pinned,Device,NVIDIA A100-SXM4-40GB MIG 4g.20gb (0),1,,13,[CUDA memcpy Host-to-Device]
15822098529,612346,300539,,,,,,,,,,456.561,745564.832,Device,,NVIDIA A100-SXM4-40GB MIG 4g.20gb (0),1,,13,[CUDA memset]
15822716091,61727,300544,,,,,,,,,,1.235,20006.093,Pinned,Device,NVIDIA A100-SXM4-40GB MIG 4g.20gb (0),1,,13,[CUDA memcpy Host-to-Device]
15822786810,16768,300545,,,,,,,,,,0.197,11725.111,Pinned,Device,NVIDIA A100-SXM4-40GB MIG 4g.20gb (0),1,,13,[CUDA memcpy Host-to-Device]
15822881145,22271,300546,69,4,1,48,1,1,76,0.002,0.000,,,,,NVIDIA A100-SXM4-40GB MIG 4g.20gb (0),1,,13,"void ch_est::windowedChEstPreNoDftSOfdmKernel<float, __half, float, (unsigned int)2, (unsigned int)1, (unsigned short)4>(ch_est::puschRxChEstStatDescr_t *, ch_est::puschRxChEstDynDescr_t *)"
15822953528,25472,300547,137,2,1,24,2,1,44,0.001,0.001,,,,,NVIDIA A100-SXM4-40GB MIG 4g.20gb (0),1,,13,"void ch_est::chEstFilterNoDftSOfdmDispatchKernel<float, __half, float, (unsigned int)2>(ch_est::puschRxChEstStatDescr_t *, ch_est::puschRxChEstDynDescr_t *)"
15823102710,18048,300548,137,2,1,24,2,1,44,0.001,0.001,,,,,NVIDIA A100-SXM4-40GB MIG 4g.20gb (0),1,,13,"void ch_est::chEstFilterNoDftSOfdmDispatchKernel<float, __half, float, (unsigned int)2>(ch_est::puschRxChEstStatDescr_t *, ch_est::puschRxChEstDynDescr_t *)"
15823421843,9887,300559,103,1,1,128,1,1,16,0.000,0.000,,,,,NVIDIA A100-SXM4-40GB MIG 4g.20gb (0),1,,13,cupy_copy__complex64_complex64
15823552497,16768,300569,1434,1,1,128,1,1,16,0.000,0.000,,,,,NVIDIA A100-SXM4-40GB MIG 4g.20gb (0),1,,13,cupy_copy__complex64_complex64
15823859182,8992,300576,103,1,1,128,1,1,16,0.000,0.000,,,,,NVIDIA A100-SXM4-40GB MIG 4g.20gb (0),1,,13,cupy_copy__complex64_complex64
15823921933,263453,300583,1,1,1,32,32,1,30,0.000,0.000,,,,,NVIDIA A100-SXM4-40GB MIG 4g.20gb (0),1,,13,"void convert_kernel<__half2, float2>(tensor_layout_any, T1 *, tensor_layout_any, const T2 *)"
15824215690,6848,300586,,,,,,,,,,0.094,13682.239,Pinned,Device,NVIDIA A100-SXM4-40GB MIG 4g.20gb (0),1,,13,[CUDA memcpy Host-to-Device]
15824496294,56512,300587,,,,,,,,,,35.810,633656.534,Device,,NVIDIA A100-SXM4-40GB MIG 4g.20gb (0),1,,13,[CUDA memset]
15824553670,6176,300589,,,,,,,,,,0.000,12.953,Pinned,Device,NVIDIA A100-SXM4-40GB MIG 4g.20gb (0),1,,13,[CUDA memcpy Host-to-Device]
15824563206,14112,300590,,,,,,,,,,0.197,13931.839,Pinned,Device,NVIDIA A100-SXM4-40GB MIG 4g.20gb (0),1,,13,[CUDA memcpy Host-to-Device]
15824879490,32544,300591,273,1,1,48,1,1,40,0.000,0.001,,,,,NVIDIA A100-SXM4-40GB MIG 4g.20gb (0),1,,13,"void pusch_noise_intf_est::noiseIntfEstNoDftSOfdmKernel<float, __half, float, float, (unsigned int)2, (unsigned int)1, (unsigned char)4, (unsigned char)4>(pusch_noise_intf_est::puschRxNoiseIntfEstDynDescr)"
15825009217,7840,300602,35,1,1,128,1,1,16,0.000,0.000,,,,,NVIDIA A100-SXM4-40GB MIG 4g.20gb (0),1,,13,cupy_copy__complex64_complex64
15825272766,5728,300611,1,1,1,1,1,1,18,0.000,0.000,,,,,NVIDIA A100-SXM4-40GB MIG 4g.20gb (0),1,,13,cupy_copy__float32_float32
15825284574,4448,300617,,,,,,,,,,0.000,0.899,Device,Pageable,NVIDIA A100-SXM4-40GB MIG 4g.20gb (0),1,,7,[CUDA memcpy Device-to-Host]
15825599578,22272,300628,1434,1,1,128,1,1,16,0.000,0.000,,,,,NVIDIA A100-SXM4-40GB MIG 4g.20gb (0),1,,13,cupy_copy__complex64_complex64
15825903799,8031,300635,103,1,1,128,1,1,16,0.000,0.000,,,,,NVIDIA A100-SXM4-40GB MIG 4g.20gb (0),1,,13,cupy_copy__complex64_complex64
15826195443,7424,300642,35,1,1,128,1,1,16,0.000,0.000,,,,,NVIDIA A100-SXM4-40GB MIG 4g.20gb (0),1,,13,cupy_copy__complex64_complex64
15826326258,4128,300649,1,1,1,1,1,1,18,0.000,0.000,,,,,NVIDIA A100-SXM4-40GB MIG 4g.20gb (0),1,,13,cupy_copy__float32_float32
15826589135,287133,300660,1,1,1,32,32,1,30,0.000,0.000,,,,,NVIDIA A100-SXM4-40GB MIG 4g.20gb (0),1,,13,"void convert_kernel<__half2, float2>(tensor_layout_any, T1 *, tensor_layout_any, const T2 *)"
15826906091,6592,300663,,,,,,,,,,0.094,14213.590,Pinned,Device,NVIDIA A100-SXM4-40GB MIG 4g.20gb (0),1,,13,[CUDA memcpy Host-to-Device]
15826982826,10400,300664,,,,,,,,,,1.547,148712.537,Device,,NVIDIA A100-SXM4-40GB MIG 4g.20gb (0),1,,13,[CUDA memset]
15827001994,9312,300669,,,,,,,,,,0.031,3360.815,Pinned,Device,NVIDIA A100-SXM4-40GB MIG 4g.20gb (0),1,,13,[CUDA memcpy Host-to-Device]
15827016554,12640,300670,,,,,,,,,,0.197,15554.249,Pinned,Device,NVIDIA A100-SXM4-40GB MIG 4g.20gb (0),1,,13,[CUDA memcpy Host-to-Device]
15827101225,27392,300671,273,1,1,8,4,1,39,0.002,0.000,,,,,NVIDIA A100-SXM4-40GB MIG 4g.20gb (0),1,,13,"void channel_eq::eqMmseCoefCompLowMimoKernel<float, float, float, (unsigned int)4, (unsigned int)1, (unsigned int)4>(const channel_eq::_puschRxChEqStatDescr *, channel_eq::_puschRxChEqCoefCompDynDescr)"
15827187976,30080,300672,273,1,1,12,11,1,51,0.002,0.000,,,,,NVIDIA A100-SXM4-40GB MIG 4g.20gb (0),1,,13,"void channel_eq::eqMmseSoftDemapKernel<float, __half, __half, float, (unsigned int)4, (unsigned short)16383>(channel_eq::_puschRxChEqStatDescr *, channel_eq::_puschRxChEqSoftDemapDynDescr)"
15827286919,712632,300673,1,1,1,32,32,1,30,0.000,0.000,,,,,NVIDIA A100-SXM4-40GB MIG 4g.20gb (0),1,,13,"void convert_kernel<float2, __half2>(tensor_layout_any, T1 *, tensor_layout_any, const T2 *)"
15828068958,15744,300685,2253,1,1,128,1,1,16,0.000,0.000,,,,,NVIDIA A100-SXM4-40GB MIG 4g.20gb (0),1,,13,cupy_copy__float16_float16
15828174589,14624,300694,282,1,1,128,1,1,16,0.000,0.000,,,,,NVIDIA A100-SXM4-40GB MIG 4g.20gb (0),1,,13,cupy_copy__complex64_complex64
15828233404,5536,300703,26,1,1,128,1,1,16,0.000,0.000,,,,,NVIDIA A100-SXM4-40GB MIG 4g.20gb (0),1,,13,cupy_copy__float32_float32
15828316347,10176,300712,103,1,1,128,1,1,16,0.000,0.000,,,,,NVIDIA A100-SXM4-40GB MIG 4g.20gb (0),1,,13,cupy_copy__complex64_complex64
15828491833,18272,300722,1434,1,1,128,1,1,16,0.000,0.000,,,,,NVIDIA A100-SXM4-40GB MIG 4g.20gb (0),1,,13,cupy_copy__complex64_complex64
15828565145,279708,300727,1,1,1,32,32,1,30,0.000,0.000,,,,,NVIDIA A100-SXM4-40GB MIG 4g.20gb (0),1,,13,"void convert_kernel<__half2, float2>(tensor_layout_any, T1 *, tensor_layout_any, const T2 *)"
15828875349,5984,300730,,,,,,,,,,0.094,15657.726,Pinned,Device,NVIDIA A100-SXM4-40GB MIG 4g.20gb (0),1,,13,[CUDA memcpy Host-to-Device]
15828976692,611833,300731,,,,,,,,,,456.561,746021.393,Device,,NVIDIA A100-SXM4-40GB MIG 4g.20gb (0),1,,13,[CUDA memset]
15829589997,55295,300736,,,,,,,,,,1.235,22332.727,Pinned,Device,NVIDIA A100-SXM4-40GB MIG 4g.20gb (0),1,,13,[CUDA memcpy Host-to-Device]
15829647756,11168,300737,,,,,,,,,,0.197,17604.477,Pinned,Device,NVIDIA A100-SXM4-40GB MIG 4g.20gb (0),1,,13,[CUDA memcpy Host-to-Device]
15829803403,22431,300738,69,4,1,48,1,1,76,0.002,0.000,,,,,NVIDIA A100-SXM4-40GB MIG 4g.20gb (0),1,,13,"void ch_est::windowedChEstPreNoDftSOfdmKernel<float, __half, float, (unsigned int)2, (unsigned int)1, (unsigned short)4>(ch_est::puschRxChEstStatDescr_t *, ch_est::puschRxChEstDynDescr_t *)"
15830236934,33471,300739,137,2,1,24,2,1,44,0.001,0.001,,,,,NVIDIA A100-SXM4-40GB MIG 4g.20gb (0),1,,13,"void ch_est::chEstFilterNoDftSOfdmDispatchKernel<float, __half, float, (unsigned int)2>(ch_est::puschRxChEstStatDescr_t *, ch_est::puschRxChEstDynDescr_t *)"
15830377092,23392,300740,137,2,1,24,2,1,44,0.001,0.001,,,,,NVIDIA A100-SXM4-40GB MIG 4g.20gb (0),1,,13,"void ch_est::chEstFilterNoDftSOfdmDispatchKernel<float, __half, float, (unsigned int)2>(ch_est::puschRxChEstStatDescr_t *, ch_est::puschRxChEstDynDescr_t *)"
15830788512,14143,300751,103,1,1,128,1,1,16,0.000,0.000,,,,,NVIDIA A100-SXM4-40GB MIG 4g.20gb (0),1,,13,cupy_copy__complex64_complex64
15830879391,16991,300761,1434,1,1,128,1,1,16,0.000,0.000,,,,,NVIDIA A100-SXM4-40GB MIG 4g.20gb (0),1,,13,cupy_copy__complex64_complex64
15831249498,21344,300768,103,1,1,128,1,1,16,0.000,0.000,,,,,NVIDIA A100-SXM4-40GB MIG 4g.20gb (0),1,,13,cupy_copy__complex64_complex64
15831325785,299677,300775,1,1,1,32,32,1,30,0.000,0.000,,,,,NVIDIA A100-SXM4-40GB MIG 4g.20gb (0),1,,13,"void convert_kernel<__half2, float2>(tensor_layout_any, T1 *, tensor_layout_any, const T2 *)"
15831655670,6016,300778,,,,,,,,,,0.094,15574.430,Pinned,Device,NVIDIA A100-SXM4-40GB MIG 4g.20gb (0),1,,13,[CUDA memcpy Host-to-Device]
15831751637,57791,300779,,,,,,,,,,35.810,619619.046,Device,,NVIDIA A100-SXM4-40GB MIG 4g.20gb (0),1,,13,[CUDA memset]
15831813524,2208,300781,,,,,,,,,,0.000,36.232,Pinned,Device,NVIDIA A100-SXM4-40GB MIG 4g.20gb (0),1,,13,[CUDA memcpy Host-to-Device]
15831818228,9504,300782,,,,,,,,,,0.197,20686.701,Pinned,Device,NVIDIA A100-SXM4-40GB MIG 4g.20gb (0),1,,13,[CUDA memcpy Host-to-Device]
15832212463,24320,300783,273,1,1,48,1,1,40,0.000,0.001,,,,,NVIDIA A100-SXM4-40GB MIG 4g.20gb (0),1,,13,"void pusch_noise_intf_est::noiseIntfEstNoDftSOfdmKernel<float, __half, float, float, (unsigned int)2, (unsigned int)1, (unsigned char)4, (unsigned char)4>(pusch_noise_intf_est::puschRxNoiseIntfEstDynDescr)"
15832592811,14944,300794,35,1,1,128,1,1,16,0.000,0.000,,,,,NVIDIA A100-SXM4-40GB MIG 4g.20gb (0),1,,13,cupy_copy__complex64_complex64
15832621675,5088,300803,1,1,1,1,1,1,18,0.000,0.000,,,,,NVIDIA A100-SXM4-40GB MIG 4g.20gb (0),1,,13,cupy_copy__float32_float32
15832631243,1664,300809,,,,,,,,,,0.000,2.404,Device,Pageable,NVIDIA A100-SXM4-40GB MIG 4g.20gb (0),1,,7,[CUDA memcpy Device-to-Host]
15833033126,17568,300820,1434,1,1,128,1,1,16,0.000,0.000,,,,,NVIDIA A100-SXM4-40GB MIG 4g.20gb (0),1,,13,cupy_copy__complex64_complex64
15833413154,16544,300827,103,1,1,128,1,1,16,0.000,0.000,,,,,NVIDIA A100-SXM4-40GB MIG 4g.20gb (0),1,,13,cupy_copy__complex64_complex64
15833845117,12736,300834,35,1,1,128,1,1,16,0.000,0.000,,,,,NVIDIA A100-SXM4-40GB MIG 4g.20gb (0),1,,13,cupy_copy__complex64_complex64
15833958716,4736,300841,1,1,1,1,1,1,18,0.000,0.000,,,,,NVIDIA A100-SXM4-40GB MIG 4g.20gb (0),1,,13,cupy_copy__float32_float32
15834363095,326525,300852,1,1,1,32,32,1,30,0.000,0.000,,,,,NVIDIA A100-SXM4-40GB MIG 4g.20gb (0),1,,13,"void convert_kernel<__half2, float2>(tensor_layout_any, T1 *, tensor_layout_any, const T2 *)"
15834719379,5728,300855,,,,,,,,,,0.094,16357.541,Pinned,Device,NVIDIA A100-SXM4-40GB MIG 4g.20gb (0),1,,13,[CUDA memcpy Host-to-Device]
15834770323,7488,300856,,,,,,,,,,1.547,206546.995,Device,,NVIDIA A100-SXM4-40GB MIG 4g.20gb (0),1,,13,[CUDA memset]
15834789170,5728,300861,,,,,,,,,,0.031,5463.687,Pinned,Device,NVIDIA A100-SXM4-40GB MIG 4g.20gb (0),1,,13,[CUDA memcpy Host-to-Device]
15834802866,17824,300862,,,,,,,,,,0.197,11030.495,Pinned,Device,NVIDIA A100-SXM4-40GB MIG 4g.20gb (0),1,,13,[CUDA memcpy Host-to-Device]
15834850642,27839,300863,273,1,1,8,4,1,39,0.002,0.000,,,,,NVIDIA A100-SXM4-40GB MIG 4g.20gb (0),1,,13,"void channel_eq::eqMmseCoefCompLowMimoKernel<float, float, float, (unsigned int)4, (unsigned int)1, (unsigned int)4>(const channel_eq::_puschRxChEqStatDescr *, channel_eq::_puschRxChEqCoefCompDynDescr)"
15834917553,34016,300864,273,1,1,12,11,1,51,0.002,0.000,,,,,NVIDIA A100-SXM4-40GB MIG 4g.20gb (0),1,,13,"void channel_eq::eqMmseSoftDemapKernel<float, __half, __half, float, (unsigned int)4, (unsigned short)16383>(channel_eq::_puschRxChEqStatDescr *, channel_eq::_puschRxChEqSoftDemapDynDescr)"
15834987216,758136,300865,1,1,1,32,32,1,30,0.000,0.000,,,,,NVIDIA A100-SXM4-40GB MIG 4g.20gb (0),1,,13,"void convert_kernel<float2, __half2>(tensor_layout_any, T1 *, tensor_layout_any, const T2 *)"
15835786343,14880,300877,2253,1,1,128,1,1,16,0.000,0.000,,,,,NVIDIA A100-SXM4-40GB MIG 4g.20gb (0),1,,13,cupy_copy__float16_float16
15835852774,7840,300886,282,1,1,128,1,1,16,0.000,0.000,,,,,NVIDIA A100-SXM4-40GB MIG 4g.20gb (0),1,,13,cupy_copy__complex64_complex64
15835904582,7872,300895,26,1,1,128,1,1,16,0.000,0.000,,,,,NVIDIA A100-SXM4-40GB MIG 4g.20gb (0),1,,13,cupy_copy__float32_float32
15835953605,9504,300904,103,1,1,128,1,1,16,0.000,0.000,,,,,NVIDIA A100-SXM4-40GB MIG 4g.20gb (0),1,,13,cupy_copy__complex64_complex64
15836019045,17343,300914,1434,1,1,128,1,1,16,0.000,0.000,,,,,NVIDIA A100-SXM4-40GB MIG 4g.20gb (0),1,,13,cupy_copy__complex64_complex64
15836038436,277341,300919,1,1,1,32,32,1,30,0.000,0.000,,,,,NVIDIA A100-SXM4-40GB MIG 4g.20gb (0),1,,13,"void convert_kernel<__half2, float2>(tensor_layout_any, T1 *, tensor_layout_any, const T2 *)"
15836349313,6528,300922,,,,,,,,,,0.094,14352.915,Pinned,Device,NVIDIA A100-SXM4-40GB MIG 4g.20gb (0),1,,13,[CUDA memcpy Host-to-Device]
15836565182,615290,300923,,,,,,,,,,456.561,741912.340,Device,,NVIDIA A100-SXM4-40GB MIG 4g.20gb (0),1,,13,[CUDA memset]
15837186359,57920,300928,,,,,,,,,,1.235,21321.308,Pinned,Device,NVIDIA A100-SXM4-40GB MIG 4g.20gb (0),1,,13,[CUDA memcpy Host-to-Device]
15837246711,9856,300929,,,,,,,,,,0.197,19948.044,Pinned,Device,NVIDIA A100-SXM4-40GB MIG 4g.20gb (0),1,,13,[CUDA memcpy Host-to-Device]
15837414517,23712,300930,69,4,1,48,1,1,76,0.002,0.000,,,,,NVIDIA A100-SXM4-40GB MIG 4g.20gb (0),1,,13,"void ch_est::windowedChEstPreNoDftSOfdmKernel<float, __half, float, (unsigned int)2, (unsigned int)1, (unsigned short)4>(ch_est::puschRxChEstStatDescr_t *, ch_est::puschRxChEstDynDescr_t *)"
15837450292,22624,300931,137,2,1,24,2,1,44,0.001,0.001,,,,,NVIDIA A100-SXM4-40GB MIG 4g.20gb (0),1,,13,"void ch_est::chEstFilterNoDftSOfdmDispatchKernel<float, __half, float, (unsigned int)2>(ch_est::puschRxChEstStatDescr_t *, ch_est::puschRxChEstDynDescr_t *)"
15837487124,24736,300932,137,2,1,24,2,1,44,0.001,0.001,,,,,NVIDIA A100-SXM4-40GB MIG 4g.20gb (0),1,,13,"void ch_est::chEstFilterNoDftSOfdmDispatchKernel<float, __half, float, (unsigned int)2>(ch_est::puschRxChEstStatDescr_t *, ch_est::puschRxChEstDynDescr_t *)"
15837730961,8800,300943,103,1,1,128,1,1,16,0.000,0.000,,,,,NVIDIA A100-SXM4-40GB MIG 4g.20gb (0),1,,13,cupy_copy__complex64_complex64
15837940175,16128,300953,1434,1,1,128,1,1,16,0.000,0.000,,,,,NVIDIA A100-SXM4-40GB MIG 4g.20gb (0),1,,13,cupy_copy__complex64_complex64
15838226540,10912,300960,103,1,1,128,1,1,16,0.000,0.000,,,,,NVIDIA A100-SXM4-40GB MIG 4g.20gb (0),1,,13,cupy_copy__complex64_complex64
15838319019,295068,300967,1,1,1,32,32,1,30,0.000,0.000,,,,,NVIDIA A100-SXM4-40GB MIG 4g.20gb (0),1,,13,"void convert_kernel<__half2, float2>(tensor_layout_any, T1 *, tensor_layout_any, const T2 *)"
15838645415,6304,300970,,,,,,,,,,0.094,14862.903,Pinned,Device,NVIDIA A100-SXM4-40GB MIG 4g.20gb (0),1,,13,[CUDA memcpy Host-to-Device]
15838867301,57247,300971,,,,,,,,,,35.810,625527.683,Device,,NVIDIA A100-SXM4-40GB MIG 4g.20gb (0),1,,13,[CUDA memset]
15838925348,6496,300973,,,,,,,,,,0.000,12.315,Pinned,Device,NVIDIA A100-SXM4-40GB MIG 4g.20gb (0),1,,13,[CUDA memcpy Host-to-Device]
15838935204,9536,300974,,,,,,,,,,0.197,20617.298,Pinned,Device,NVIDIA A100-SXM4-40GB MIG 4g.20gb (0),1,,13,[CUDA memcpy Host-to-Device]
15839201665,25503,300975,273,1,1,48,1,1,40,0.000,0.001,,,,,NVIDIA A100-SXM4-40GB MIG 4g.20gb (0),1,,13,"void pusch_noise_intf_est::noiseIntfEstNoDftSOfdmKernel<float, __half, float, float, (unsigned int)2, (unsigned int)1, (unsigned char)4, (unsigned char)4>(pusch_noise_intf_est::puschRxNoiseIntfEstDynDescr)"
15839475934,9664,300986,35,1,1,128,1,1,16,0.000,0.000,,,,,NVIDIA A100-SXM4-40GB MIG 4g.20gb (0),1,,13,cupy_copy__complex64_complex64
15839721115,6752,300995,1,1,1,1,1,1,18,0.000,0.000,,,,,NVIDIA A100-SXM4-40GB MIG 4g.20gb (0),1,,13,cupy_copy__float32_float32
15839729531,1632,301001,,,,,,,,,,0.000,2.451,Device,Pageable,NVIDIA A100-SXM4-40GB MIG 4g.20gb (0),1,,7,[CUDA memcpy Device-to-Host]
15839823130,17280,301012,1434,1,1,128,1,1,16,0.000,0.000,,,,,NVIDIA A100-SXM4-40GB MIG 4g.20gb (0),1,,13,cupy_copy__complex64_complex64
15839888377,8320,301019,103,1,1,128,1,1,16,0.000,0.000,,,,,NVIDIA A100-SXM4-40GB MIG 4g.20gb (0),1,,13,cupy_copy__complex64_complex64
15839944280,9696,301026,35,1,1,128,1,1,16,0.000,0.000,,,,,NVIDIA A100-SXM4-40GB MIG 4g.20gb (0),1,,13,cupy_copy__complex64_complex64
15840029495,4768,301033,1,1,1,1,1,1,18,0.000,0.000,,,,,NVIDIA A100-SXM4-40GB MIG 4g.20gb (0),1,,13,cupy_copy__float32_float32
15840067383,278013,301044,1,1,1,32,32,1,30,0.000,0.000,,,,,NVIDIA A100-SXM4-40GB MIG 4g.20gb (0),1,,13,"void convert_kernel<__half2, float2>(tensor_layout_any, T1 *, tensor_layout_any, const T2 *)"
15840374932,5919,301047,,,,,,,,,,0.094,15829.658,Pinned,Device,NVIDIA A100-SXM4-40GB MIG 4g.20gb (0),1,,13,[CUDA memcpy Host-to-Device]
15840429651,9824,301048,,,,,,,,,,1.547,157432.404,Device,,NVIDIA A100-SXM4-40GB MIG 4g.20gb (0),1,,13,[CUDA memset]
15840444147,7936,301053,,,,,,,,,,0.031,3943.546,Pinned,Device,NVIDIA A100-SXM4-40GB MIG 4g.20gb (0),1,,13,[CUDA memcpy Host-to-Device]
15840460979,17183,301054,,,,,,,,,,0.197,11441.996,Pinned,Device,NVIDIA A100-SXM4-40GB MIG 4g.20gb (0),1,,13,[CUDA memcpy Host-to-Device]
15840492178,30944,301055,273,1,1,8,4,1,39,0.002,0.000,,,,,NVIDIA A100-SXM4-40GB MIG 4g.20gb (0),1,,13,"void channel_eq::eqMmseCoefCompLowMimoKernel<float, float, float, (unsigned int)4, (unsigned int)1, (unsigned int)4>(const channel_eq::_puschRxChEqStatDescr *, channel_eq::_puschRxChEqCoefCompDynDescr)"
15840555185,29984,301056,273,1,1,12,11,1,51,0.002,0.000,,,,,NVIDIA A100-SXM4-40GB MIG 4g.20gb (0),1,,13,"void channel_eq::eqMmseSoftDemapKernel<float, __half, __half, float, (unsigned int)4, (unsigned short)16383>(channel_eq::_puschRxChEqStatDescr *, channel_eq::_puschRxChEqSoftDemapDynDescr)"
15840617873,826742,301057,1,1,1,32,32,1,30,0.000,0.000,,,,,NVIDIA A100-SXM4-40GB MIG 4g.20gb (0),1,,13,"void convert_kernel<float2, __half2>(tensor_layout_any, T1 *, tensor_layout_any, const T2 *)"
15841757764,16192,301069,2253,1,1,128,1,1,16,0.000,0.000,,,,,NVIDIA A100-SXM4-40GB MIG 4g.20gb (0),1,,13,cupy_copy__float16_float16
15842093472,17088,301078,282,1,1,128,1,1,16,0.000,0.000,,,,,NVIDIA A100-SXM4-40GB MIG 4g.20gb (0),1,,13,cupy_copy__complex64_complex64
15842193663,9248,301087,26,1,1,128,1,1,16,0.000,0.000,,,,,NVIDIA A100-SXM4-40GB MIG 4g.20gb (0),1,,13,cupy_copy__float32_float32
15842240958,13216,301096,103,1,1,128,1,1,16,0.000,0.000,,,,,NVIDIA A100-SXM4-40GB MIG 4g.20gb (0),1,,13,cupy_copy__complex64_complex64
15842534747,25760,301106,1434,1,1,128,1,1,16,0.000,0.000,,,,,NVIDIA A100-SXM4-40GB MIG 4g.20gb (0),1,,13,cupy_copy__complex64_complex64
15842643098,286301,301111,1,1,1,32,32,1,30,0.000,0.000,,,,,NVIDIA A100-SXM4-40GB MIG 4g.20gb (0),1,,13,"void convert_kernel<__half2, float2>(tensor_layout_any, T1 *, tensor_layout_any, const T2 *)"
15842958422,10080,301114,,,,,,,,,,0.094,9295.205,Pinned,Device,NVIDIA A100-SXM4-40GB MIG 4g.20gb (0),1,,13,[CUDA memcpy Host-to-Device]
15843284147,626233,301115,,,,,,,,,,456.561,728672.058,Device,,NVIDIA A100-SXM4-40GB MIG 4g.20gb (0),1,,13,[CUDA memset]
15843918124,65919,301120,,,,,,,,,,1.235,18734.100,Pinned,Device,NVIDIA A100-SXM4-40GB MIG 4g.20gb (0),1,,13,[CUDA memcpy Host-to-Device]
15843987179,17952,301121,,,,,,,,,,0.197,10951.852,Pinned,Device,NVIDIA A100-SXM4-40GB MIG 4g.20gb (0),1,,13,[CUDA memcpy Host-to-Device]
15844327815,31744,301122,69,4,1,48,1,1,76,0.002,0.000,,,,,NVIDIA A100-SXM4-40GB MIG 4g.20gb (0),1,,13,"void ch_est::windowedChEstPreNoDftSOfdmKernel<float, __half, float, (unsigned int)2, (unsigned int)1, (unsigned short)4>(ch_est::puschRxChEstStatDescr_t *, ch_est::puschRxChEstDynDescr_t *)"
15844651555,35456,301123,137,2,1,24,2,1,44,0.001,0.001,,,,,NVIDIA A100-SXM4-40GB MIG 4g.20gb (0),1,,13,"void ch_est::chEstFilterNoDftSOfdmDispatchKernel<float, __half, float, (unsigned int)2>(ch_est::puschRxChEstStatDescr_t *, ch_est::puschRxChEstDynDescr_t *)"
15845010303,30368,301124,137,2,1,24,2,1,44,0.001,0.001,,,,,NVIDIA A100-SXM4-40GB MIG 4g.20gb (0),1,,13,"void ch_est::chEstFilterNoDftSOfdmDispatchKernel<float, __half, float, (unsigned int)2>(ch_est::puschRxChEstStatDescr_t *, ch_est::puschRxChEstDynDescr_t *)"
15845341276,7039,301135,103,1,1,128,1,1,16,0.000,0.000,,,,,NVIDIA A100-SXM4-40GB MIG 4g.20gb (0),1,,13,cupy_copy__complex64_complex64
15845662680,23520,301145,1434,1,1,128,1,1,16,0.000,0.000,,,,,NVIDIA A100-SXM4-40GB MIG 4g.20gb (0),1,,13,cupy_copy__complex64_complex64
15845766359,10240,301152,103,1,1,128,1,1,16,0.000,0.000,,,,,NVIDIA A100-SXM4-40GB MIG 4g.20gb (0),1,,13,cupy_copy__complex64_complex64
15845825142,302589,301159,1,1,1,32,32,1,30,0.000,0.000,,,,,NVIDIA A100-SXM4-40GB MIG 4g.20gb (0),1,,13,"void convert_kernel<__half2, float2>(tensor_layout_any, T1 *, tensor_layout_any, const T2 *)"
15846157362,6432,301162,,,,,,,,,,0.094,14567.105,Pinned,Device,NVIDIA A100-SXM4-40GB MIG 4g.20gb (0),1,,13,[CUDA memcpy Host-to-Device]
15846224530,58111,301163,,,,,,,,,,35.810,616217.103,Device,,NVIDIA A100-SXM4-40GB MIG 4g.20gb (0),1,,13,[CUDA memset]
15846289105,4128,301165,,,,,,,,,,0.000,19.380,Pinned,Device,NVIDIA A100-SXM4-40GB MIG 4g.20gb (0),1,,13,[CUDA memcpy Host-to-Device]
15846296337,9600,301166,,,,,,,,,,0.197,20479.869,Pinned,Device,NVIDIA A100-SXM4-40GB MIG 4g.20gb (0),1,,13,[CUDA memcpy Host-to-Device]
15846370672,31136,301167,273,1,1,48,1,1,40,0.000,0.001,,,,,NVIDIA A100-SXM4-40GB MIG 4g.20gb (0),1,,13,"void pusch_noise_intf_est::noiseIntfEstNoDftSOfdmKernel<float, __half, float, float, (unsigned int)2, (unsigned int)1, (unsigned char)4, (unsigned char)4>(pusch_noise_intf_est::puschRxNoiseIntfEstDynDescr)"
15846425359,9344,301178,35,1,1,128,1,1,16,0.000,0.000,,,,,NVIDIA A100-SXM4-40GB MIG 4g.20gb (0),1,,13,cupy_copy__complex64_complex64
15846485679,5536,301187,1,1,1,1,1,1,18,0.000,0.000,,,,,NVIDIA A100-SXM4-40GB MIG 4g.20gb (0),1,,13,cupy_copy__float32_float32
15846497519,1696,301193,,,,,,,,,,0.000,2.358,Device,Pageable,NVIDIA A100-SXM4-40GB MIG 4g.20gb (0),1,,7,[CUDA memcpy Device-to-Host]
15846588430,15679,301204,1434,1,1,128,1,1,16,0.000,0.000,,,,,NVIDIA A100-SXM4-40GB MIG 4g.20gb (0),1,,13,cupy_copy__complex64_complex64
15846655373,5408,301211,103,1,1,128,1,1,16,0.000,0.000,,,,,NVIDIA A100-SXM4-40GB MIG 4g.20gb (0),1,,13,cupy_copy__complex64_complex64
15846712076,10144,301218,35,1,1,128,1,1,16,0.000,0.000,,,,,NVIDIA A100-SXM4-40GB MIG 4g.20gb (0),1,,13,cupy_copy__complex64_complex64
15846774699,6752,301225,1,1,1,1,1,1,18,0.000,0.000,,,,,NVIDIA A100-SXM4-40GB MIG 4g.20gb (0),1,,13,cupy_copy__float32_float32
15846815179,295645,301236,1,1,1,32,32,1,30,0.000,0.000,,,,,NVIDIA A100-SXM4-40GB MIG 4g.20gb (0),1,,13,"void convert_kernel<__half2, float2>(tensor_layout_any, T1 *, tensor_layout_any, const T2 *)"
15847140647,5920,301239,,,,,,,,,,0.094,15826.941,Pinned,Device,NVIDIA A100-SXM4-40GB MIG 4g.20gb (0),1,,13,[CUDA memcpy Host-to-Device]
15847167815,8736,301240,,,,,,,,,,1.547,177038.956,Device,,NVIDIA A100-SXM4-40GB MIG 4g.20gb (0),1,,13,[CUDA memset]
15847180807,3360,301245,,,,,,,,,,0.031,9314.284,Pinned,Device,NVIDIA A100-SXM4-40GB MIG 4g.20gb (0),1,,13,[CUDA memcpy Host-to-Device]
15847190983,10944,301246,,,,,,,,,,0.197,17964.859,Pinned,Device,NVIDIA A100-SXM4-40GB MIG 4g.20gb (0),1,,13,[CUDA memcpy Host-to-Device]
15847251142,29088,301247,273,1,1,8,4,1,39,0.002,0.000,,,,,NVIDIA A100-SXM4-40GB MIG 4g.20gb (0),1,,13,"void channel_eq::eqMmseCoefCompLowMimoKernel<float, float, float, (unsigned int)4, (unsigned int)1, (unsigned int)4>(const channel_eq::_puschRxChEqStatDescr *, channel_eq::_puschRxChEqCoefCompDynDescr)"
15847324037,31712,301248,273,1,1,12,11,1,51,0.002,0.000,,,,,NVIDIA A100-SXM4-40GB MIG 4g.20gb (0),1,,13,"void channel_eq::eqMmseSoftDemapKernel<float, __half, __half, float, (unsigned int)4, (unsigned short)16383>(channel_eq::_puschRxChEqStatDescr *, channel_eq::_puschRxChEqSoftDemapDynDescr)"
15847403524,793271,301249,1,1,1,32,32,1,30,0.000,0.000,,,,,NVIDIA A100-SXM4-40GB MIG 4g.20gb (0),1,,13,"void convert_kernel<float2, __half2>(tensor_layout_any, T1 *, tensor_layout_any, const T2 *)"
15848234011,19232,301261,2253,1,1,128,1,1,16,0.000,0.000,,,,,NVIDIA A100-SXM4-40GB MIG 4g.20gb (0),1,,13,cupy_copy__float16_float16
15848302394,9792,301270,282,1,1,128,1,1,16,0.000,0.000,,,,,NVIDIA A100-SXM4-40GB MIG 4g.20gb (0),1,,13,cupy_copy__complex64_complex64
15848361850,5439,301279,26,1,1,128,1,1,16,0.000,0.000,,,,,NVIDIA A100-SXM4-40GB MIG 4g.20gb (0),1,,13,cupy_copy__float32_float32
15848415353,13184,301288,103,1,1,128,1,1,16,0.000,0.000,,,,,NVIDIA A100-SXM4-40GB MIG 4g.20gb (0),1,,13,cupy_copy__complex64_complex64
15848518648,18176,301298,1434,1,1,128,1,1,16,0.000,0.000,,,,,NVIDIA A100-SXM4-40GB MIG 4g.20gb (0),1,,13,cupy_copy__complex64_complex64
15848590359,317788,301303,1,1,1,32,32,1,30,0.000,0.000,,,,,NVIDIA A100-SXM4-40GB MIG 4g.20gb (0),1,,13,"void convert_kernel<__half2, float2>(tensor_layout_any, T1 *, tensor_layout_any, const T2 *)"
15848938899,6464,301306,,,,,,,,,,0.094,14494.959,Pinned,Device,NVIDIA A100-SXM4-40GB MIG 4g.20gb (0),1,,13,[CUDA memcpy Host-to-Device]
15849059474,615321,301307,,,,,,,,,,456.561,741912.340,Device,,NVIDIA A100-SXM4-40GB MIG 4g.20gb (0),1,,13,[CUDA memset]
15849684971,62047,301312,,,,,,,,,,1.235,19902.358,Pinned,Device,NVIDIA A100-SXM4-40GB MIG 4g.20gb (0),1,,13,[CUDA memcpy Host-to-Device]
15849753450,16672,301313,,,,,,,,,,0.197,11792.548,Pinned,Device,NVIDIA A100-SXM4-40GB MIG 4g.20gb (0),1,,13,[CUDA memcpy Host-to-Device]
15849815497,23040,301314,69,4,1,48,1,1,76,0.002,0.000,,,,,NVIDIA A100-SXM4-40GB MIG 4g.20gb (0),1,,13,"void ch_est::windowedChEstPreNoDftSOfdmKernel<float, __half, float, (unsigned int)2, (unsigned int)1, (unsigned short)4>(ch_est::puschRxChEstStatDescr_t *, ch_est::puschRxChEstDynDescr_t *)"
15849876552,22560,301315,137,2,1,24,2,1,44,0.001,0.001,,,,,NVIDIA A100-SXM4-40GB MIG 4g.20gb (0),1,,13,"void ch_est::chEstFilterNoDftSOfdmDispatchKernel<float, __half, float, (unsigned int)2>(ch_est::puschRxChEstStatDescr_t *, ch_est::puschRxChEstDynDescr_t *)"
15850106822,26336,301316,137,2,1,24,2,1,44,0.001,0.001,,,,,NVIDIA A100-SXM4-40GB MIG 4g.20gb (0),1,,13,"void ch_est::chEstFilterNoDftSOfdmDispatchKernel<float, __half, float, (unsigned int)2>(ch_est::puschRxChEstStatDescr_t *, ch_est::puschRxChEstDynDescr_t *)"
15850349667,9280,301327,103,1,1,128,1,1,16,0.000,0.000,,,,,NVIDIA A100-SXM4-40GB MIG 4g.20gb (0),1,,13,cupy_copy__complex64_complex64
15850410786,17056,301337,1434,1,1,128,1,1,16,0.000,0.000,,,,,NVIDIA A100-SXM4-40GB MIG 4g.20gb (0),1,,13,cupy_copy__complex64_complex64
15850478242,7328,301344,103,1,1,128,1,1,16,0.000,0.000,,,,,NVIDIA A100-SXM4-40GB MIG 4g.20gb (0),1,,13,cupy_copy__complex64_complex64
15850680479,311517,301351,1,1,1,32,32,1,30,0.000,0.000,,,,,NVIDIA A100-SXM4-40GB MIG 4g.20gb (0),1,,13,"void convert_kernel<__half2, float2>(tensor_layout_any, T1 *, tensor_layout_any, const T2 *)"
15851024444,6015,301354,,,,,,,,,,0.094,15577.054,Pinned,Device,NVIDIA A100-SXM4-40GB MIG 4g.20gb (0),1,,13,[CUDA memcpy Host-to-Device]
15851204985,56288,301355,,,,,,,,,,35.810,636163.229,Device,,NVIDIA A100-SXM4-40GB MIG 4g.20gb (0),1,,13,[CUDA memset]
15851262457,5952,301357,,,,,,,,,,0.000,13.441,Pinned,Device,NVIDIA A100-SXM4-40GB MIG 4g.20gb (0),1,,13,[CUDA memcpy Host-to-Device]
15851270937,10304,301358,,,,,,,,,,0.197,19080.610,Pinned,Device,NVIDIA A100-SXM4-40GB MIG 4g.20gb (0),1,,13,[CUDA memcpy Host-to-Device]
15851499670,20128,301359,273,1,1,48,1,1,40,0.000,0.001,,,,,NVIDIA A100-SXM4-40GB MIG 4g.20gb (0),1,,13,"void pusch_noise_intf_est::noiseIntfEstNoDftSOfdmKernel<float, __half, float, float, (unsigned int)2, (unsigned int)1, (unsigned char)4, (unsigned char)4>(pusch_noise_intf_est::puschRxNoiseIntfEstDynDescr)"
15851706740,9344,301370,35,1,1,128,1,1,16,0.000,0.000,,,,,NVIDIA A100-SXM4-40GB MIG 4g.20gb (0),1,,13,cupy_copy__complex64_complex64
15851909682,3072,301379,1,1,1,1,1,1,18,0.000,0.000,,,,,NVIDIA A100-SXM4-40GB MIG 4g.20gb (0),1,,13,cupy_copy__float32_float32
15851920561,2112,301385,,,,,,,,,,0.000,1.894,Device,Pageable,NVIDIA A100-SXM4-40GB MIG 4g.20gb (0),1,,7,[CUDA memcpy Device-to-Host]
15852172495,19615,301396,1434,1,1,128,1,1,16,0.000,0.000,,,,,NVIDIA A100-SXM4-40GB MIG 4g.20gb (0),1,,13,cupy_copy__complex64_complex64
15852383596,10304,301403,103,1,1,128,1,1,16,0.000,0.000,,,,,NVIDIA A100-SXM4-40GB MIG 4g.20gb (0),1,,13,cupy_copy__complex64_complex64
15852447499,6240,301410,35,1,1,128,1,1,16,0.000,0.000,,,,,NVIDIA A100-SXM4-40GB MIG 4g.20gb (0),1,,13,cupy_copy__complex64_complex64
15852508011,6016,301417,1,1,1,1,1,1,18,0.000,0.000,,,,,NVIDIA A100-SXM4-40GB MIG 4g.20gb (0),1,,13,cupy_copy__float32_float32
15852566250,299421,301428,1,1,1,32,32,1,30,0.000,0.000,,,,,NVIDIA A100-SXM4-40GB MIG 4g.20gb (0),1,,13,"void convert_kernel<__half2, float2>(tensor_layout_any, T1 *, tensor_layout_any, const T2 *)"
15852895334,5856,301431,,,,,,,,,,0.094,15999.997,Pinned,Device,NVIDIA A100-SXM4-40GB MIG 4g.20gb (0),1,,13,[CUDA memcpy Host-to-Device]
15852919110,7968,301432,,,,,,,,,,1.547,194104.405,Device,,NVIDIA A100-SXM4-40GB MIG 4g.20gb (0),1,,13,[CUDA memset]
15852935046,10560,301437,,,,,,,,,,0.031,2963.606,Pinned,Device,NVIDIA A100-SXM4-40GB MIG 4g.20gb (0),1,,13,[CUDA memcpy Host-to-Device]
15852948262,14208,301438,,,,,,,,,,0.197,13837.664,Pinned,Device,NVIDIA A100-SXM4-40GB MIG 4g.20gb (0),1,,13,[CUDA memcpy Host-to-Device]
15852998533,33408,301439,273,1,1,8,4,1,39,0.002,0.000,,,,,NVIDIA A100-SXM4-40GB MIG 4g.20gb (0),1,,13,"void channel_eq::eqMmseCoefCompLowMimoKernel<float, float, float, (unsigned int)4, (unsigned int)1, (unsigned int)4>(const channel_eq::_puschRxChEqStatDescr *, channel_eq::_puschRxChEqCoefCompDynDescr)"
15853090500,26144,301440,273,1,1,12,11,1,51,0.002,0.000,,,,,NVIDIA A100-SXM4-40GB MIG 4g.20gb (0),1,,13,"void channel_eq::eqMmseSoftDemapKernel<float, __half, __half, float, (unsigned int)4, (unsigned short)16383>(channel_eq::_puschRxChEqStatDescr *, channel_eq::_puschRxChEqSoftDemapDynDescr)"
15853153316,792087,301441,1,1,1,32,32,1,30,0.000,0.000,,,,,NVIDIA A100-SXM4-40GB MIG 4g.20gb (0),1,,13,"void convert_kernel<float2, __half2>(tensor_layout_any, T1 *, tensor_layout_any, const T2 *)"
15853972794,15488,301453,2253,1,1,128,1,1,16,0.000,0.000,,,,,NVIDIA A100-SXM4-40GB MIG 4g.20gb (0),1,,13,cupy_copy__float16_float16
15854043769,13216,301462,282,1,1,128,1,1,16,0.000,0.000,,,,,NVIDIA A100-SXM4-40GB MIG 4g.20gb (0),1,,13,cupy_copy__complex64_complex64
15854091833,7104,301471,26,1,1,128,1,1,16,0.000,0.000,,,,,NVIDIA A100-SXM4-40GB MIG 4g.20gb (0),1,,13,cupy_copy__float32_float32
15854147832,9248,301480,103,1,1,128,1,1,16,0.000,0.000,,,,,NVIDIA A100-SXM4-40GB MIG 4g.20gb (0),1,,13,cupy_copy__complex64_complex64
15854259415,17696,301490,1434,1,1,128,1,1,16,0.000,0.000,,,,,NVIDIA A100-SXM4-40GB MIG 4g.20gb (0),1,,13,cupy_copy__complex64_complex64
15854326006,311645,301495,1,1,1,32,32,1,30,0.000,0.000,,,,,NVIDIA A100-SXM4-40GB MIG 4g.20gb (0),1,,13,"void convert_kernel<__half2, float2>(tensor_layout_any, T1 *, tensor_layout_any, const T2 *)"
15854666482,5888,301498,,,,,,,,,,0.094,15912.954,Pinned,Device,NVIDIA A100-SXM4-40GB MIG 4g.20gb (0),1,,13,[CUDA memcpy Host-to-Device]
15854735378,620441,301499,,,,,,,,,,456.561,735520.480,Device,,NVIDIA A100-SXM4-40GB MIG 4g.20gb (0),1,,13,[CUDA memset]
15855357675,65855,301504,,,,,,,,,,1.235,18751.390,Pinned,Device,NVIDIA A100-SXM4-40GB MIG 4g.20gb (0),1,,13,[CUDA memcpy Host-to-Device]
15855429610,15968,301505,,,,,,,,,,0.197,12312.576,Pinned,Device,NVIDIA A100-SXM4-40GB MIG 4g.20gb (0),1,,13,[CUDA memcpy Host-to-Device]
15855562824,19744,301506,69,4,1,48,1,1,76,0.002,0.000,,,,,NVIDIA A100-SXM4-40GB MIG 4g.20gb (0),1,,13,"void ch_est::windowedChEstPreNoDftSOfdmKernel<float, __half, float, (unsigned int)2, (unsigned int)1, (unsigned short)4>(ch_est::puschRxChEstStatDescr_t *, ch_est::puschRxChEstDynDescr_t *)"
15855836453,31168,301507,137,2,1,24,2,1,44,0.001,0.001,,,,,NVIDIA A100-SXM4-40GB MIG 4g.20gb (0),1,,13,"void ch_est::chEstFilterNoDftSOfdmDispatchKernel<float, __half, float, (unsigned int)2>(ch_est::puschRxChEstStatDescr_t *, ch_est::puschRxChEstDynDescr_t *)"
15856105154,25888,301508,137,2,1,24,2,1,44,0.001,0.001,,,,,NVIDIA A100-SXM4-40GB MIG 4g.20gb (0),1,,13,"void ch_est::chEstFilterNoDftSOfdmDispatchKernel<float, __half, float, (unsigned int)2>(ch_est::puschRxChEstStatDescr_t *, ch_est::puschRxChEstDynDescr_t *)"
15856198305,9088,301519,103,1,1,128,1,1,16,0.000,0.000,,,,,NVIDIA A100-SXM4-40GB MIG 4g.20gb (0),1,,13,cupy_copy__complex64_complex64
15856257281,16319,301529,1434,1,1,128,1,1,16,0.000,0.000,,,,,NVIDIA A100-SXM4-40GB MIG 4g.20gb (0),1,,13,cupy_copy__complex64_complex64
15856535741,9888,301536,103,1,1,128,1,1,16,0.000,0.000,,,,,NVIDIA A100-SXM4-40GB MIG 4g.20gb (0),1,,13,cupy_copy__complex64_complex64
15856794395,321308,301543,1,1,1,32,32,1,30,0.000,0.000,,,,,NVIDIA A100-SXM4-40GB MIG 4g.20gb (0),1,,13,"void convert_kernel<__half2, float2>(tensor_layout_any, T1 *, tensor_layout_any, const T2 *)"
15857146135,7359,301546,,,,,,,,,,0.094,12732.162,Pinned,Device,NVIDIA A100-SXM4-40GB MIG 4g.20gb (0),1,,13,[CUDA memcpy Host-to-Device]
15857377012,59135,301547,,,,,,,,,,35.810,605545.747,Device,,NVIDIA A100-SXM4-40GB MIG 4g.20gb (0),1,,13,[CUDA memset]
15857437619,5824,301549,,,,,,,,,,0.000,13.736,Pinned,Device,NVIDIA A100-SXM4-40GB MIG 4g.20gb (0),1,,13,[CUDA memcpy Host-to-Device]
15857446099,13824,301550,,,,,,,,,,0.197,14222.033,Pinned,Device,NVIDIA A100-SXM4-40GB MIG 4g.20gb (0),1,,13,[CUDA memcpy Host-to-Device]
15857732688,32608,301551,273,1,1,48,1,1,40,0.000,0.001,,,,,NVIDIA A100-SXM4-40GB MIG 4g.20gb (0),1,,13,"void pusch_noise_intf_est::noiseIntfEstNoDftSOfdmKernel<float, __half, float, float, (unsigned int)2, (unsigned int)1, (unsigned char)4, (unsigned char)4>(pusch_noise_intf_est::puschRxNoiseIntfEstDynDescr)"
15857831087,7360,301562,35,1,1,128,1,1,16,0.000,0.000,,,,,NVIDIA A100-SXM4-40GB MIG 4g.20gb (0),1,,13,cupy_copy__complex64_complex64
15858098508,3424,301571,1,1,1,1,1,1,18,0.000,0.000,,,,,NVIDIA A100-SXM4-40GB MIG 4g.20gb (0),1,,13,cupy_copy__float32_float32
15858104364,7008,301577,,,,,,,,,,0.000,0.571,Device,Pageable,NVIDIA A100-SXM4-40GB MIG 4g.20gb (0),1,,7,[CUDA memcpy Device-to-Host]
15858420520,18688,301588,1434,1,1,128,1,1,16,0.000,0.000,,,,,NVIDIA A100-SXM4-40GB MIG 4g.20gb (0),1,,13,cupy_copy__complex64_complex64
15858697221,11200,301595,103,1,1,128,1,1,16,0.000,0.000,,,,,NVIDIA A100-SXM4-40GB MIG 4g.20gb (0),1,,13,cupy_copy__complex64_complex64
15858724325,11392,301602,35,1,1,128,1,1,16,0.000,0.000,,,,,NVIDIA A100-SXM4-40GB MIG 4g.20gb (0),1,,13,cupy_copy__complex64_complex64
15858784708,3968,301609,1,1,1,1,1,1,18,0.000,0.000,,,,,NVIDIA A100-SXM4-40GB MIG 4g.20gb (0),1,,13,cupy_copy__float32_float32
15858811620,317052,301620,1,1,1,32,32,1,30,0.000,0.000,,,,,NVIDIA A100-SXM4-40GB MIG 4g.20gb (0),1,,13,"void convert_kernel<__half2, float2>(tensor_layout_any, T1 *, tensor_layout_any, const T2 *)"
15859158528,11136,301623,,,,,,,,,,0.094,8413.713,Pinned,Device,NVIDIA A100-SXM4-40GB MIG 4g.20gb (0),1,,13,[CUDA memcpy Host-to-Device]
15859198047,8992,301624,,,,,,,,,,1.547,171998.508,Device,,NVIDIA A100-SXM4-40GB MIG 4g.20gb (0),1,,13,[CUDA memset]
15859211359,7904,301629,,,,,,,,,,0.031,3959.507,Pinned,Device,NVIDIA A100-SXM4-40GB MIG 4g.20gb (0),1,,13,[CUDA memcpy Host-to-Device]
15859221919,12864,301630,,,,,,,,,,0.197,15283.519,Pinned,Device,NVIDIA A100-SXM4-40GB MIG 4g.20gb (0),1,,13,[CUDA memcpy Host-to-Device]
15859245983,34079,301631,273,1,1,8,4,1,39,0.002,0.000,,,,,NVIDIA A100-SXM4-40GB MIG 4g.20gb (0),1,,13,"void channel_eq::eqMmseCoefCompLowMimoKernel<float, float, float, (unsigned int)4, (unsigned int)1, (unsigned int)4>(const channel_eq::_puschRxChEqStatDescr *, channel_eq::_puschRxChEqCoefCompDynDescr)"
15859310814,28608,301632,273,1,1,12,11,1,51,0.002,0.000,,,,,NVIDIA A100-SXM4-40GB MIG 4g.20gb (0),1,,13,"void channel_eq::eqMmseSoftDemapKernel<float, __half, __half, float, (unsigned int)4, (unsigned short)16383>(channel_eq::_puschRxChEqStatDescr *, channel_eq::_puschRxChEqSoftDemapDynDescr)"
15859382749,777880,301633,1,1,1,32,32,1,30,0.000,0.000,,,,,NVIDIA A100-SXM4-40GB MIG 4g.20gb (0),1,,13,"void convert_kernel<float2, __half2>(tensor_layout_any, T1 *, tensor_layout_any, const T2 *)"
15860204500,18560,301645,2253,1,1,128,1,1,16,0.000,0.000,,,,,NVIDIA A100-SXM4-40GB MIG 4g.20gb (0),1,,13,cupy_copy__float16_float16
15860273459,11360,301654,282,1,1,128,1,1,16,0.000,0.000,,,,,NVIDIA A100-SXM4-40GB MIG 4g.20gb (0),1,,13,cupy_copy__complex64_complex64
15860330291,5472,301663,26,1,1,128,1,1,16,0.000,0.000,,,,,NVIDIA A100-SXM4-40GB MIG 4g.20gb (0),1,,13,cupy_copy__float32_float32
15860450865,8992,301672,103,1,1,128,1,1,16,0.000,0.000,,,,,NVIDIA A100-SXM4-40GB MIG 4g.20gb (0),1,,13,cupy_copy__complex64_complex64
15860734446,21536,301682,1434,1,1,128,1,1,16,0.000,0.000,,,,,NVIDIA A100-SXM4-40GB MIG 4g.20gb (0),1,,13,cupy_copy__complex64_complex64
15860837229,298781,301687,1,1,1,32,32,1,30,0.000,0.000,,,,,NVIDIA A100-SXM4-40GB MIG 4g.20gb (0),1,,13,"void convert_kernel<__half2, float2>(tensor_layout_any, T1 *, tensor_layout_any, const T2 *)"
15861165097,6464,301690,,,,,,,,,,0.094,14494.959,Pinned,Device,NVIDIA A100-SXM4-40GB MIG 4g.20gb (0),1,,13,[CUDA memcpy Host-to-Device]
15861437990,626105,301691,,,,,,,,,,456.561,729128.620,Device,,NVIDIA A100-SXM4-40GB MIG 4g.20gb (0),1,,13,[CUDA memset]
15862065823,70239,301696,,,,,,,,,,1.235,17581.898,Pinned,Device,NVIDIA A100-SXM4-40GB MIG 4g.20gb (0),1,,13,[CUDA memcpy Host-to-Device]
15862140222,17952,301697,,,,,,,,,,0.197,10951.852,Pinned,Device,NVIDIA A100-SXM4-40GB MIG 4g.20gb (0),1,,13,[CUDA memcpy Host-to-Device]
15862435835,21120,301698,69,4,1,48,1,1,76,0.002,0.000,,,,,NVIDIA A100-SXM4-40GB MIG 4g.20gb (0),1,,13,"void ch_est::windowedChEstPreNoDftSOfdmKernel<float, __half, float, (unsigned int)2, (unsigned int)1, (unsigned short)4>(ch_est::puschRxChEstStatDescr_t *, ch_est::puschRxChEstDynDescr_t *)"
15862720920,26463,301699,137,2,1,24,2,1,44,0.001,0.001,,,,,NVIDIA A100-SXM4-40GB MIG 4g.20gb (0),1,,13,"void ch_est::chEstFilterNoDftSOfdmDispatchKernel<float, __half, float, (unsigned int)2>(ch_est::puschRxChEstStatDescr_t *, ch_est::puschRxChEstDynDescr_t *)"
15862996373,25823,301700,137,2,1,24,2,1,44,0.001,0.001,,,,,NVIDIA A100-SXM4-40GB MIG 4g.20gb (0),1,,13,"void ch_est::chEstFilterNoDftSOfdmDispatchKernel<float, __half, float, (unsigned int)2>(ch_est::puschRxChEstStatDescr_t *, ch_est::puschRxChEstDynDescr_t *)"
15863096435,7648,301711,103,1,1,128,1,1,16,0.000,0.000,,,,,NVIDIA A100-SXM4-40GB MIG 4g.20gb (0),1,,13,cupy_copy__complex64_complex64
15863378832,17312,301721,1434,1,1,128,1,1,16,0.000,0.000,,,,,NVIDIA A100-SXM4-40GB MIG 4g.20gb (0),1,,13,cupy_copy__complex64_complex64
15863671149,9568,301728,103,1,1,128,1,1,16,0.000,0.000,,,,,NVIDIA A100-SXM4-40GB MIG 4g.20gb (0),1,,13,cupy_copy__complex64_complex64
15863954634,298748,301735,1,1,1,32,32,1,30,0.000,0.000,,,,,NVIDIA A100-SXM4-40GB MIG 4g.20gb (0),1,,13,"void convert_kernel<__half2, float2>(tensor_layout_any, T1 *, tensor_layout_any, const T2 *)"
15864287174,12800,301738,,,,,,,,,,0.094,7320.000,Pinned,Device,NVIDIA A100-SXM4-40GB MIG 4g.20gb (0),1,,13,[CUDA memcpy Host-to-Device]
15864345925,60192,301739,,,,,,,,,,35.810,594910.201,Device,,NVIDIA A100-SXM4-40GB MIG 4g.20gb (0),1,,13,[CUDA memset]
15864407813,5920,301741,,,,,,,,,,0.000,13.513,Pinned,Device,NVIDIA A100-SXM4-40GB MIG 4g.20gb (0),1,,13,[CUDA memcpy Host-to-Device]
15864416165,9856,301742,,,,,,,,,,0.197,19948.044,Pinned,Device,NVIDIA A100-SXM4-40GB MIG 4g.20gb (0),1,,13,[CUDA memcpy Host-to-Device]
15864495428,30047,301743,273,1,1,48,1,1,40,0.000,0.001,,,,,NVIDIA A100-SXM4-40GB MIG 4g.20gb (0),1,,13,"void pusch_noise_intf_est::noiseIntfEstNoDftSOfdmKernel<float, __half, float, float, (unsigned int)2, (unsigned int)1, (unsigned char)4, (unsigned char)4>(pusch_noise_intf_est::puschRxNoiseIntfEstDynDescr)"
15864573827,14112,301754,35,1,1,128,1,1,16,0.000,0.000,,,,,NVIDIA A100-SXM4-40GB MIG 4g.20gb (0),1,,13,cupy_copy__complex64_complex64
15864633250,4864,301763,1,1,1,1,1,1,18,0.000,0.000,,,,,NVIDIA A100-SXM4-40GB MIG 4g.20gb (0),1,,13,cupy_copy__float32_float32
15864639106,1600,301769,,,,,,,,,,0.000,2.500,Device,Pageable,NVIDIA A100-SXM4-40GB MIG 4g.20gb (0),1,,7,[CUDA memcpy Device-to-Host]
15864740481,18048,301780,1434,1,1,128,1,1,16,0.000,0.000,,,,,NVIDIA A100-SXM4-40GB MIG 4g.20gb (0),1,,13,cupy_copy__complex64_complex64
15864780961,7519,301787,103,1,1,128,1,1,16,0.000,0.000,,,,,NVIDIA A100-SXM4-40GB MIG 4g.20gb (0),1,,13,cupy_copy__complex64_complex64
15864832256,10592,301794,35,1,1,128,1,1,16,0.000,0.000,,,,,NVIDIA A100-SXM4-40GB MIG 4g.20gb (0),1,,13,cupy_copy__complex64_complex64
15864899647,4608,301801,1,1,1,1,1,1,18,0.000,0.000,,,,,NVIDIA A100-SXM4-40GB MIG 4g.20gb (0),1,,13,cupy_copy__float32_float32
15864934367,310108,301812,1,1,1,32,32,1,30,0.000,0.000,,,,,NVIDIA A100-SXM4-40GB MIG 4g.20gb (0),1,,13,"void convert_kernel<__half2, float2>(tensor_layout_any, T1 *, tensor_layout_any, const T2 *)"
15865274523,5920,301815,,,,,,,,,,0.094,15826.941,Pinned,Device,NVIDIA A100-SXM4-40GB MIG 4g.20gb (0),1,,13,[CUDA memcpy Host-to-Device]
15865290907,6304,301816,,,,,,,,,,1.547,245339.418,Device,,NVIDIA A100-SXM4-40GB MIG 4g.20gb (0),1,,13,[CUDA memset]
15865297563,3104,301821,,,,,,,,,,0.031,10082.445,Pinned,Device,NVIDIA A100-SXM4-40GB MIG 4g.20gb (0),1,,13,[CUDA memcpy Host-to-Device]
15865303995,17919,301822,,,,,,,,,,0.197,10971.906,Pinned,Device,NVIDIA A100-SXM4-40GB MIG 4g.20gb (0),1,,13,[CUDA memcpy Host-to-Device]
15865371290,34943,301823,273,1,1,8,4,1,39,0.002,0.000,,,,,NVIDIA A100-SXM4-40GB MIG 4g.20gb (0),1,,13,"void channel_eq::eqMmseCoefCompLowMimoKernel<float, float, float, (unsigned int)4, (unsigned int)1, (unsigned int)4>(const channel_eq::_puschRxChEqStatDescr *, channel_eq::_puschRxChEqCoefCompDynDescr)"
15865468121,25727,301824,273,1,1,12,11,1,51,0.002,0.000,,,,,NVIDIA A100-SXM4-40GB MIG 4g.20gb (0),1,,13,"void channel_eq::eqMmseSoftDemapKernel<float, __half, __half, float, (unsigned int)4, (unsigned short)16383>(channel_eq::_puschRxChEqStatDescr *, channel_eq::_puschRxChEqSoftDemapDynDescr)"
15865534872,807831,301825,1,1,1,32,32,1,30,0.000,0.000,,,,,NVIDIA A100-SXM4-40GB MIG 4g.20gb (0),1,,13,"void convert_kernel<float2, __half2>(tensor_layout_any, T1 *, tensor_layout_any, const T2 *)"
15866568364,23040,301837,2253,1,1,128,1,1,16,0.000,0.000,,,,,NVIDIA A100-SXM4-40GB MIG 4g.20gb (0),1,,13,cupy_copy__float16_float16
15866680459,8224,301846,282,1,1,128,1,1,16,0.000,0.000,,,,,NVIDIA A100-SXM4-40GB MIG 4g.20gb (0),1,,13,cupy_copy__complex64_complex64
15866929992,6464,301855,26,1,1,128,1,1,16,0.000,0.000,,,,,NVIDIA A100-SXM4-40GB MIG 4g.20gb (0),1,,13,cupy_copy__float32_float32
15866989704,13119,301864,103,1,1,128,1,1,16,0.000,0.000,,,,,NVIDIA A100-SXM4-40GB MIG 4g.20gb (0),1,,13,cupy_copy__complex64_complex64
15867046599,16512,301874,1434,1,1,128,1,1,16,0.000,0.000,,,,,NVIDIA A100-SXM4-40GB MIG 4g.20gb (0),1,,13,cupy_copy__complex64_complex64
15867302084,330492,301879,1,1,1,32,32,1,30,0.000,0.000,,,,,NVIDIA A100-SXM4-40GB MIG 4g.20gb (0),1,,13,"void convert_kernel<__half2, float2>(tensor_layout_any, T1 *, tensor_layout_any, const T2 *)"
15867660448,5760,301882,,,,,,,,,,0.094,16266.656,Pinned,Device,NVIDIA A100-SXM4-40GB MIG 4g.20gb (0),1,,13,[CUDA memcpy Host-to-Device]
15867884382,621177,301883,,,,,,,,,,456.561,734607.357,Device,,NVIDIA A100-SXM4-40GB MIG 4g.20gb (0),1,,13,[CUDA memset]
15868512854,59808,301888,,,,,,,,,,1.235,20648.264,Pinned,Device,NVIDIA A100-SXM4-40GB MIG 4g.20gb (0),1,,13,[CUDA memcpy Host-to-Device]
15868575830,16832,301889,,,,,,,,,,0.197,11680.481,Pinned,Device,NVIDIA A100-SXM4-40GB MIG 4g.20gb (0),1,,13,[CUDA memcpy Host-to-Device]
15868781107,26368,301890,69,4,1,48,1,1,76,0.002,0.000,,,,,NVIDIA A100-SXM4-40GB MIG 4g.20gb (0),1,,13,"void ch_est::windowedChEstPreNoDftSOfdmKernel<float, __half, float, (unsigned int)2, (unsigned int)1, (unsigned short)4>(ch_est::puschRxChEstStatDescr_t *, ch_est::puschRxChEstDynDescr_t *)"
15869033233,19839,301891,137,2,1,24,2,1,44,0.001,0.001,,,,,NVIDIA A100-SXM4-40GB MIG 4g.20gb (0),1,,13,"void ch_est::chEstFilterNoDftSOfdmDispatchKernel<float, __half, float, (unsigned int)2>(ch_est::puschRxChEstStatDescr_t *, ch_est::puschRxChEstDynDescr_t *)"
15869285294,24831,301892,137,2,1,24,2,1,44,0.001,0.001,,,,,NVIDIA A100-SXM4-40GB MIG 4g.20gb (0),1,,13,"void ch_est::chEstFilterNoDftSOfdmDispatchKernel<float, __half, float, (unsigned int)2>(ch_est::puschRxChEstStatDescr_t *, ch_est::puschRxChEstDynDescr_t *)"
15869521163,13184,301903,103,1,1,128,1,1,16,0.000,0.000,,,,,NVIDIA A100-SXM4-40GB MIG 4g.20gb (0),1,,13,cupy_copy__complex64_complex64
15869622954,18912,301913,1434,1,1,128,1,1,16,0.000,0.000,,,,,NVIDIA A100-SXM4-40GB MIG 4g.20gb (0),1,,13,cupy_copy__complex64_complex64
15869881159,9728,301920,103,1,1,128,1,1,16,0.000,0.000,,,,,NVIDIA A100-SXM4-40GB MIG 4g.20gb (0),1,,13,cupy_copy__complex64_complex64
15869910599,335868,301927,1,1,1,32,32,1,30,0.000,0.000,,,,,NVIDIA A100-SXM4-40GB MIG 4g.20gb (0),1,,13,"void convert_kernel<__half2, float2>(tensor_layout_any, T1 *, tensor_layout_any, const T2 *)"
15870274691,5408,301930,,,,,,,,,,0.094,17325.421,Pinned,Device,NVIDIA A100-SXM4-40GB MIG 4g.20gb (0),1,,13,[CUDA memcpy Host-to-Device]
15870333058,59583,301931,,,,,,,,,,35.810,600997.887,Device,,NVIDIA A100-SXM4-40GB MIG 4g.20gb (0),1,,13,[CUDA memset]
15870396545,4544,301933,,,,,,,,,,0.000,17.606,Pinned,Device,NVIDIA A100-SXM4-40GB MIG 4g.20gb (0),1,,13,[CUDA memcpy Host-to-Device]
15870404257,9984,301934,,,,,,,,,,0.197,19692.257,Pinned,Device,NVIDIA A100-SXM4-40GB MIG 4g.20gb (0),1,,13,[CUDA memcpy Host-to-Device]
15870485600,32288,301935,273,1,1,48,1,1,40,0.000,0.001,,,,,NVIDIA A100-SXM4-40GB MIG 4g.20gb (0),1,,13,"void pusch_noise_intf_est::noiseIntfEstNoDftSOfdmKernel<float, __half, float, float, (unsigned int)2, (unsigned int)1, (unsigned char)4, (unsigned char)4>(pusch_noise_intf_est::puschRxNoiseIntfEstDynDescr)"
15870536832,11648,301946,35,1,1,128,1,1,16,0.000,0.000,,,,,NVIDIA A100-SXM4-40GB MIG 4g.20gb (0),1,,13,cupy_copy__complex64_complex64
15870594847,3808,301955,1,1,1,1,1,1,18,0.000,0.000,,,,,NVIDIA A100-SXM4-40GB MIG 4g.20gb (0),1,,13,cupy_copy__float32_float32
15870606303,1632,301961,,,,,,,,,,0.000,2.451,Device,Pageable,NVIDIA A100-SXM4-40GB MIG 4g.20gb (0),1,,7,[CUDA memcpy Device-to-Host]
15870703678,19136,301972,1434,1,1,128,1,1,16,0.000,0.000,,,,,NVIDIA A100-SXM4-40GB MIG 4g.20gb (0),1,,13,cupy_copy__complex64_complex64
15870751773,9248,301979,103,1,1,128,1,1,16,0.000,0.000,,,,,NVIDIA A100-SXM4-40GB MIG 4g.20gb (0),1,,13,cupy_copy__complex64_complex64
15870803261,9600,301986,35,1,1,128,1,1,16,0.000,0.000,,,,,NVIDIA A100-SXM4-40GB MIG 4g.20gb (0),1,,13,cupy_copy__complex64_complex64
15870886652,6688,301993,1,1,1,1,1,1,18,0.000,0.000,,,,,NVIDIA A100-SXM4-40GB MIG 4g.20gb (0),1,,13,cupy_copy__float32_float32
15870929339,277373,302004,1,1,1,32,32,1,30,0.000,0.000,,,,,NVIDIA A100-SXM4-40GB MIG 4g.20gb (0),1,,13,"void convert_kernel<__half2, float2>(tensor_layout_any, T1 *, tensor_layout_any, const T2 *)"
15871236408,5888,302007,,,,,,,,,,0.094,15912.954,Pinned,Device,NVIDIA A100-SXM4-40GB MIG 4g.20gb (0),1,,13,[CUDA memcpy Host-to-Device]
15871287479,8064,302008,,,,,,,,,,1.547,191792.202,Device,,NVIDIA A100-SXM4-40GB MIG 4g.20gb (0),1,,13,[CUDA memset]
15871299287,7648,302013,,,,,,,,,,0.031,4092.046,Pinned,Device,NVIDIA A100-SXM4-40GB MIG 4g.20gb (0),1,,13,[CUDA memcpy Host-to-Device]
15871309335,10208,302014,,,,,,,,,,0.197,19260.113,Pinned,Device,NVIDIA A100-SXM4-40GB MIG 4g.20gb (0),1,,13,[CUDA memcpy Host-to-Device]
15871371382,29344,302015,273,1,1,8,4,1,39,0.002,0.000,,,,,NVIDIA A100-SXM4-40GB MIG 4g.20gb (0),1,,13,"void channel_eq::eqMmseCoefCompLowMimoKernel<float, float, float, (unsigned int)4, (unsigned int)1, (unsigned int)4>(const channel_eq::_puschRxChEqStatDescr *, channel_eq::_puschRxChEqCoefCompDynDescr)"
15871468405,25984,302016,273,1,1,12,11,1,51,0.002,0.000,,,,,NVIDIA A100-SXM4-40GB MIG 4g.20gb (0),1,,13,"void channel_eq::eqMmseSoftDemapKernel<float, __half, __half, float, (unsigned int)4, (unsigned short)16383>(channel_eq::_puschRxChEqStatDescr *, channel_eq::_puschRxChEqSoftDemapDynDescr)"
15871533012,829015,302017,1,1,1,32,32,1,30,0.000,0.000,,,,,NVIDIA A100-SXM4-40GB MIG 4g.20gb (0),1,,13,"void convert_kernel<float2, __half2>(tensor_layout_any, T1 *, tensor_layout_any, const T2 *)"
15872607560,16544,302029,2253,1,1,128,1,1,16,0.000,0.000,,,,,NVIDIA A100-SXM4-40GB MIG 4g.20gb (0),1,,13,cupy_copy__float16_float16
15872902085,17888,302038,282,1,1,128,1,1,16,0.000,0.000,,,,,NVIDIA A100-SXM4-40GB MIG 4g.20gb (0),1,,13,cupy_copy__complex64_complex64
15872995908,4480,302047,26,1,1,128,1,1,16,0.000,0.000,,,,,NVIDIA A100-SXM4-40GB MIG 4g.20gb (0),1,,13,cupy_copy__float32_float32
15873268577,14240,302056,103,1,1,128,1,1,16,0.000,0.000,,,,,NVIDIA A100-SXM4-40GB MIG 4g.20gb (0),1,,13,cupy_copy__complex64_complex64
15873613757,16064,302072,1434,1,1,128,1,1,16,0.000,0.000,,,,,NVIDIA A100-SXM4-40GB MIG 4g.20gb (0),1,,13,cupy_copy__complex64_complex64
15873893370,297628,302077,1,1,1,32,32,1,30,0.000,0.000,,,,,NVIDIA A100-SXM4-40GB MIG 4g.20gb (0),1,,13,"void convert_kernel<__half2, float2>(tensor_layout_any, T1 *, tensor_layout_any, const T2 *)"
15874219958,13216,302080,,,,,,,,,,0.094,7089.508,Pinned,Device,NVIDIA A100-SXM4-40GB MIG 4g.20gb (0),1,,13,[CUDA memcpy Host-to-Device]
15874498483,623929,302081,,,,,,,,,,456.561,731411.427,Device,,NVIDIA A100-SXM4-40GB MIG 4g.20gb (0),1,,13,[CUDA memset]
15875131308,61855,302086,,,,,,,,,,1.235,19964.105,Pinned,Device,NVIDIA A100-SXM4-40GB MIG 4g.20gb (0),1,,13,[CUDA memcpy Host-to-Device]
15875199115,11424,302087,,,,,,,,,,0.197,17210.081,Pinned,Device,NVIDIA A100-SXM4-40GB MIG 4g.20gb (0),1,,13,[CUDA memcpy Host-to-Device]
15875454152,19904,302088,69,4,1,48,1,1,76,0.002,0.000,,,,,NVIDIA A100-SXM4-40GB MIG 4g.20gb (0),1,,13,"void ch_est::windowedChEstPreNoDftSOfdmKernel<float, __half, float, (unsigned int)2, (unsigned int)1, (unsigned short)4>(ch_est::puschRxChEstStatDescr_t *, ch_est::puschRxChEstDynDescr_t *)"
15875514856,33855,302089,137,2,1,24,2,1,44,0.001,0.001,,,,,NVIDIA A100-SXM4-40GB MIG 4g.20gb (0),1,,13,"void ch_est::chEstFilterNoDftSOfdmDispatchKernel<float, __half, float, (unsigned int)2>(ch_est::puschRxChEstStatDescr_t *, ch_est::puschRxChEstDynDescr_t *)"
15875569639,28512,302090,137,2,1,24,2,1,44,0.001,0.001,,,,,NVIDIA A100-SXM4-40GB MIG 4g.20gb (0),1,,13,"void ch_est::chEstFilterNoDftSOfdmDispatchKernel<float, __half, float, (unsigned int)2>(ch_est::puschRxChEstStatDescr_t *, ch_est::puschRxChEstDynDescr_t *)"
15875635270,5728,302101,103,1,1,128,1,1,16,0.000,0.000,,,,,NVIDIA A100-SXM4-40GB MIG 4g.20gb (0),1,,13,cupy_copy__complex64_complex64
15875690534,19231,302111,1434,1,1,128,1,1,16,0.000,0.000,,,,,NVIDIA A100-SXM4-40GB MIG 4g.20gb (0),1,,13,cupy_copy__complex64_complex64
15875750309,8288,302118,103,1,1,128,1,1,16,0.000,0.000,,,,,NVIDIA A100-SXM4-40GB MIG 4g.20gb (0),1,,13,cupy_copy__complex64_complex64
15875819236,307581,302125,1,1,1,32,32,1,30,0.000,0.000,,,,,NVIDIA A100-SXM4-40GB MIG 4g.20gb (0),1,,13,"void convert_kernel<__half2, float2>(tensor_layout_any, T1 *, tensor_layout_any, const T2 *)"
15876156544,5856,302128,,,,,,,,,,0.094,15999.997,Pinned,Device,NVIDIA A100-SXM4-40GB MIG 4g.20gb (0),1,,13,[CUDA memcpy Host-to-Device]
15876190400,60127,302129,,,,,,,,,,35.810,595554.780,Device,,NVIDIA A100-SXM4-40GB MIG 4g.20gb (0),1,,13,[CUDA memset]
15876255359,8000,302131,,,,,,,,,,0.000,10.000,Pinned,Device,NVIDIA A100-SXM4-40GB MIG 4g.20gb (0),1,,13,[CUDA memcpy Host-to-Device]
15876270143,12192,302132,,,,,,,,,,0.197,16125.788,Pinned,Device,NVIDIA A100-SXM4-40GB MIG 4g.20gb (0),1,,13,[CUDA memcpy Host-to-Device]
15876337182,26624,302133,273,1,1,48,1,1,40,0.000,0.001,,,,,NVIDIA A100-SXM4-40GB MIG 4g.20gb (0),1,,13,"void pusch_noise_intf_est::noiseIntfEstNoDftSOfdmKernel<float, __half, float, float, (unsigned int)2, (unsigned int)1, (unsigned char)4, (unsigned char)4>(pusch_noise_intf_est::puschRxNoiseIntfEstDynDescr)"
15876418909,10272,302144,35,1,1,128,1,1,16,0.000,0.000,,,,,NVIDIA A100-SXM4-40GB MIG 4g.20gb (0),1,,13,cupy_copy__complex64_complex64
15876467869,4480,302153,1,1,1,1,1,1,18,0.000,0.000,,,,,NVIDIA A100-SXM4-40GB MIG 4g.20gb (0),1,,13,cupy_copy__float32_float32
15876480925,1600,302159,,,,,,,,,,0.000,2.500,Device,Pageable,NVIDIA A100-SXM4-40GB MIG 4g.20gb (0),1,,7,[CUDA memcpy Device-to-Host]
15876588731,20704,302170,1434,1,1,128,1,1,16,0.000,0.000,,,,,NVIDIA A100-SXM4-40GB MIG 4g.20gb (0),1,,13,cupy_copy__complex64_complex64
15876653211,5728,302177,103,1,1,128,1,1,16,0.000,0.000,,,,,NVIDIA A100-SXM4-40GB MIG 4g.20gb (0),1,,13,cupy_copy__complex64_complex64
15876713146,10336,302184,35,1,1,128,1,1,16,0.000,0.000,,,,,NVIDIA A100-SXM4-40GB MIG 4g.20gb (0),1,,13,cupy_copy__complex64_complex64
15876793433,4768,302191,1,1,1,1,1,1,18,0.000,0.000,,,,,NVIDIA A100-SXM4-40GB MIG 4g.20gb (0),1,,13,cupy_copy__float32_float32
15876832281,288860,302202,1,1,1,32,32,1,30,0.000,0.000,,,,,NVIDIA A100-SXM4-40GB MIG 4g.20gb (0),1,,13,"void convert_kernel<__half2, float2>(tensor_layout_any, T1 *, tensor_layout_any, const T2 *)"
15877151541,6880,302205,,,,,,,,,,0.094,13618.526,Pinned,Device,NVIDIA A100-SXM4-40GB MIG 4g.20gb (0),1,,13,[CUDA memcpy Host-to-Device]
15877202517,10943,302206,,,,,,,,,,1.547,141333.594,Device,,NVIDIA A100-SXM4-40GB MIG 4g.20gb (0),1,,13,[CUDA memset]
15877214004,7968,302211,,,,,,,,,,0.031,3927.711,Pinned,Device,NVIDIA A100-SXM4-40GB MIG 4g.20gb (0),1,,13,[CUDA memcpy Host-to-Device]
15877224404,13504,302212,,,,,,,,,,0.197,14559.216,Pinned,Device,NVIDIA A100-SXM4-40GB MIG 4g.20gb (0),1,,13,[CUDA memcpy Host-to-Device]
15877266932,31935,302213,273,1,1,8,4,1,39,0.002,0.000,,,,,NVIDIA A100-SXM4-40GB MIG 4g.20gb (0),1,,13,"void channel_eq::eqMmseCoefCompLowMimoKernel<float, float, float, (unsigned int)4, (unsigned int)1, (unsigned int)4>(const channel_eq::_puschRxChEqStatDescr *, channel_eq::_puschRxChEqCoefCompDynDescr)"
15877338771,29184,302214,273,1,1,12,11,1,51,0.002,0.000,,,,,NVIDIA A100-SXM4-40GB MIG 4g.20gb (0),1,,13,"void channel_eq::eqMmseSoftDemapKernel<float, __half, __half, float, (unsigned int)4, (unsigned short)16383>(channel_eq::_puschRxChEqStatDescr *, channel_eq::_puschRxChEqSoftDemapDynDescr)"
15877469746,750999,302215,1,1,1,32,32,1,30,0.000,0.000,,,,,NVIDIA A100-SXM4-40GB MIG 4g.20gb (0),1,,13,"void convert_kernel<float2, __half2>(tensor_layout_any, T1 *, tensor_layout_any, const T2 *)"
15878366791,15040,302227,2253,1,1,128,1,1,16,0.000,0.000,,,,,NVIDIA A100-SXM4-40GB MIG 4g.20gb (0),1,,13,cupy_copy__float16_float16
15878615493,13311,302236,282,1,1,128,1,1,16,0.000,0.000,,,,,NVIDIA A100-SXM4-40GB MIG 4g.20gb (0),1,,13,cupy_copy__complex64_complex64
15878860802,5696,302245,26,1,1,128,1,1,16,0.000,0.000,,,,,NVIDIA A100-SXM4-40GB MIG 4g.20gb (0),1,,13,cupy_copy__float32_float32
15879096639,10592,302254,103,1,1,128,1,1,16,0.000,0.000,,,,,NVIDIA A100-SXM4-40GB MIG 4g.20gb (0),1,,13,cupy_copy__complex64_complex64
15879184382,15872,302264,1434,1,1,128,1,1,16,0.000,0.000,,,,,NVIDIA A100-SXM4-40GB MIG 4g.20gb (0),1,,13,cupy_copy__complex64_complex64
15879432347,310525,302269,1,1,1,32,32,1,30,0.000,0.000,,,,,NVIDIA A100-SXM4-40GB MIG 4g.20gb (0),1,,13,"void convert_kernel<__half2, float2>(tensor_layout_any, T1 *, tensor_layout_any, const T2 *)"
15879771384,9055,302272,,,,,,,,,,0.094,10347.411,Pinned,Device,NVIDIA A100-SXM4-40GB MIG 4g.20gb (0),1,,13,[CUDA memcpy Host-to-Device]
15879996725,621369,302273,,,,,,,,,,456.561,734607.357,Device,,NVIDIA A100-SXM4-40GB MIG 4g.20gb (0),1,,13,[CUDA memset]
15880619086,68927,302278,,,,,,,,,,1.235,17916.568,Pinned,Device,NVIDIA A100-SXM4-40GB MIG 4g.20gb (0),1,,13,[CUDA memcpy Host-to-Device]
15880690541,10176,302279,,,,,,,,,,0.197,19320.668,Pinned,Device,NVIDIA A100-SXM4-40GB MIG 4g.20gb (0),1,,13,[CUDA memcpy Host-to-Device]
15880892491,19872,302280,69,4,1,48,1,1,76,0.002,0.000,,,,,NVIDIA A100-SXM4-40GB MIG 4g.20gb (0),1,,13,"void ch_est::windowedChEstPreNoDftSOfdmKernel<float, __half, float, (unsigned int)2, (unsigned int)1, (unsigned short)4>(ch_est::puschRxChEstStatDescr_t *, ch_est::puschRxChEstDynDescr_t *)"
15880951562,30272,302281,137,2,1,24,2,1,44,0.001,0.001,,,,,NVIDIA A100-SXM4-40GB MIG 4g.20gb (0),1,,13,"void ch_est::chEstFilterNoDftSOfdmDispatchKernel<float, __half, float, (unsigned int)2>(ch_est::puschRxChEstStatDescr_t *, ch_est::puschRxChEstDynDescr_t *)"
15881012490,26335,302282,137,2,1,24,2,1,44,0.001,0.001,,,,,NVIDIA A100-SXM4-40GB MIG 4g.20gb (0),1,,13,"void ch_est::chEstFilterNoDftSOfdmDispatchKernel<float, __half, float, (unsigned int)2>(ch_est::puschRxChEstStatDescr_t *, ch_est::puschRxChEstDynDescr_t *)"
15881069193,5952,302293,103,1,1,128,1,1,16,0.000,0.000,,,,,NVIDIA A100-SXM4-40GB MIG 4g.20gb (0),1,,13,cupy_copy__complex64_complex64
15881127656,17056,302303,1434,1,1,128,1,1,16,0.000,0.000,,,,,NVIDIA A100-SXM4-40GB MIG 4g.20gb (0),1,,13,cupy_copy__complex64_complex64
15881195592,6143,302310,103,1,1,128,1,1,16,0.000,0.000,,,,,NVIDIA A100-SXM4-40GB MIG 4g.20gb (0),1,,13,cupy_copy__complex64_complex64
15881255655,310556,302317,1,1,1,32,32,1,30,0.000,0.000,,,,,NVIDIA A100-SXM4-40GB MIG 4g.20gb (0),1,,13,"void convert_kernel<__half2, float2>(tensor_layout_any, T1 *, tensor_layout_any, const T2 *)"
15881594083,6016,302320,,,,,,,,,,0.094,15574.430,Pinned,Device,NVIDIA A100-SXM4-40GB MIG 4g.20gb (0),1,,13,[CUDA memcpy Host-to-Device]
15881651266,57312,302321,,,,,,,,,,35.810,624811.484,Device,,NVIDIA A100-SXM4-40GB MIG 4g.20gb (0),1,,13,[CUDA memset]
15881715234,6208,302323,,,,,,,,,,0.000,12.887,Pinned,Device,NVIDIA A100-SXM4-40GB MIG 4g.20gb (0),1,,13,[CUDA memcpy Host-to-Device]
15881723874,9503,302324,,,,,,,,,,0.197,20688.863,Pinned,Device,NVIDIA A100-SXM4-40GB MIG 4g.20gb (0),1,,13,[CUDA memcpy Host-to-Device]
15881792001,24480,302325,273,1,1,48,1,1,40,0.000,0.001,,,,,NVIDIA A100-SXM4-40GB MIG 4g.20gb (0),1,,13,"void pusch_noise_intf_est::noiseIntfEstNoDftSOfdmKernel<float, __half, float, float, (unsigned int)2, (unsigned int)1, (unsigned char)4, (unsigned char)4>(pusch_noise_intf_est::puschRxNoiseIntfEstDynDescr)"
15881846880,10464,302336,35,1,1,128,1,1,16,0.000,0.000,,,,,NVIDIA A100-SXM4-40GB MIG 4g.20gb (0),1,,13,cupy_copy__complex64_complex64
15881908320,4895,302345,1,1,1,1,1,1,18,0.000,0.000,,,,,NVIDIA A100-SXM4-40GB MIG 4g.20gb (0),1,,13,cupy_copy__float32_float32
15881920031,1408,302351,,,,,,,,,,0.000,2.841,Device,Pageable,NVIDIA A100-SXM4-40GB MIG 4g.20gb (0),1,,7,[CUDA memcpy Device-to-Host]
15882023742,18240,302362,1434,1,1,128,1,1,16,0.000,0.000,,,,,NVIDIA A100-SXM4-40GB MIG 4g.20gb (0),1,,13,cupy_copy__complex64_complex64
15882088061,13088,302369,103,1,1,128,1,1,16,0.000,0.000,,,,,NVIDIA A100-SXM4-40GB MIG 4g.20gb (0),1,,13,cupy_copy__complex64_complex64
15882141757,8992,302376,35,1,1,128,1,1,16,0.000,0.000,,,,,NVIDIA A100-SXM4-40GB MIG 4g.20gb (0),1,,13,cupy_copy__complex64_complex64
15882204988,4288,302383,1,1,1,1,1,1,18,0.000,0.000,,,,,NVIDIA A100-SXM4-40GB MIG 4g.20gb (0),1,,13,cupy_copy__float32_float32
15882236124,307420,302394,1,1,1,32,32,1,30,0.000,0.000,,,,,NVIDIA A100-SXM4-40GB MIG 4g.20gb (0),1,,13,"void convert_kernel<__half2, float2>(tensor_layout_any, T1 *, tensor_layout_any, const T2 *)"
15882571704,5728,302397,,,,,,,,,,0.094,16357.541,Pinned,Device,NVIDIA A100-SXM4-40GB MIG 4g.20gb (0),1,,13,[CUDA memcpy Host-to-Device]
15882623351,11360,302398,,,,,,,,,,1.547,136146.217,Device,,NVIDIA A100-SXM4-40GB MIG 4g.20gb (0),1,,13,[CUDA memset]
15882640439,7680,302403,,,,,,,,,,0.031,4074.990,Pinned,Device,NVIDIA A100-SXM4-40GB MIG 4g.20gb (0),1,,13,[CUDA memcpy Host-to-Device]
15882654583,14048,302404,,,,,,,,,,0.197,13995.344,Pinned,Device,NVIDIA A100-SXM4-40GB MIG 4g.20gb (0),1,,13,[CUDA memcpy Host-to-Device]
15882727958,28832,302405,273,1,1,8,4,1,39,0.002,0.000,,,,,NVIDIA A100-SXM4-40GB MIG 4g.20gb (0),1,,13,"void channel_eq::eqMmseCoefCompLowMimoKernel<float, float, float, (unsigned int)4, (unsigned int)1, (unsigned int)4>(const channel_eq::_puschRxChEqStatDescr *, channel_eq::_puschRxChEqCoefCompDynDescr)"
15882816533,31328,302406,273,1,1,12,11,1,51,0.002,0.000,,,,,NVIDIA A100-SXM4-40GB MIG 4g.20gb (0),1,,13,"void channel_eq::eqMmseSoftDemapKernel<float, __half, __half, float, (unsigned int)4, (unsigned short)16383>(channel_eq::_puschRxChEqStatDescr *, channel_eq::_puschRxChEqSoftDemapDynDescr)"
15882907380,811607,302407,1,1,1,32,32,1,30,0.000,0.000,,,,,NVIDIA A100-SXM4-40GB MIG 4g.20gb (0),1,,13,"void convert_kernel<float2, __half2>(tensor_layout_any, T1 *, tensor_layout_any, const T2 *)"
15884058439,14144,302419,2253,1,1,128,1,1,16,0.000,0.000,,,,,NVIDIA A100-SXM4-40GB MIG 4g.20gb (0),1,,13,cupy_copy__float16_float16
15884492258,9216,302428,282,1,1,128,1,1,16,0.000,0.000,,,,,NVIDIA A100-SXM4-40GB MIG 4g.20gb (0),1,,13,cupy_copy__complex64_complex64
15884557026,5952,302437,26,1,1,128,1,1,16,0.000,0.000,,,,,NVIDIA A100-SXM4-40GB MIG 4g.20gb (0),1,,13,cupy_copy__float32_float32
15884603329,9344,302446,103,1,1,128,1,1,16,0.000,0.000,,,,,NVIDIA A100-SXM4-40GB MIG 4g.20gb (0),1,,13,cupy_copy__complex64_complex64
15885022748,19872,302456,1434,1,1,128,1,1,16,0.000,0.000,,,,,NVIDIA A100-SXM4-40GB MIG 4g.20gb (0),1,,13,cupy_copy__complex64_complex64
15885458648,308668,302461,1,1,1,32,32,1,30,0.000,0.000,,,,,NVIDIA A100-SXM4-40GB MIG 4g.20gb (0),1,,13,"void convert_kernel<__half2, float2>(tensor_layout_any, T1 *, tensor_layout_any, const T2 *)"
15885797588,5472,302464,,,,,,,,,,0.094,17122.757,Pinned,Device,NVIDIA A100-SXM4-40GB MIG 4g.20gb (0),1,,13,[CUDA memcpy Host-to-Device]
15885969618,620825,302465,,,,,,,,,,456.561,735063.918,Device,,NVIDIA A100-SXM4-40GB MIG 4g.20gb (0),1,,13,[CUDA memset]
15886598955,55807,302470,,,,,,,,,,1.235,22127.727,Pinned,Device,NVIDIA A100-SXM4-40GB MIG 4g.20gb (0),1,,13,[CUDA memcpy Host-to-Device]
15886657226,10112,302471,,,,,,,,,,0.197,19442.958,Pinned,Device,NVIDIA A100-SXM4-40GB MIG 4g.20gb (0),1,,13,[CUDA memcpy Host-to-Device]
15887052294,14687,302472,69,4,1,48,1,1,76,0.002,0.000,,,,,NVIDIA A100-SXM4-40GB MIG 4g.20gb (0),1,,13,"void ch_est::windowedChEstPreNoDftSOfdmKernel<float, __half, float, (unsigned int)2, (unsigned int)1, (unsigned short)4>(ch_est::puschRxChEstStatDescr_t *, ch_est::puschRxChEstDynDescr_t *)"
15887476929,32255,302473,137,2,1,24,2,1,44,0.001,0.001,,,,,NVIDIA A100-SXM4-40GB MIG 4g.20gb (0),1,,13,"void ch_est::chEstFilterNoDftSOfdmDispatchKernel<float, __half, float, (unsigned int)2>(ch_est::puschRxChEstStatDescr_t *, ch_est::puschRxChEstDynDescr_t *)"
15887904476,23808,302474,137,2,1,24,2,1,44,0.001,0.001,,,,,NVIDIA A100-SXM4-40GB MIG 4g.20gb (0),1,,13,"void ch_est::chEstFilterNoDftSOfdmDispatchKernel<float, __half, float, (unsigned int)2>(ch_est::puschRxChEstStatDescr_t *, ch_est::puschRxChEstDynDescr_t *)"
15888306359,11008,302485,103,1,1,128,1,1,16,0.000,0.000,,,,,NVIDIA A100-SXM4-40GB MIG 4g.20gb (0),1,,13,cupy_copy__complex64_complex64
15888426006,18464,302495,1434,1,1,128,1,1,16,0.000,0.000,,,,,NVIDIA A100-SXM4-40GB MIG 4g.20gb (0),1,,13,cupy_copy__complex64_complex64
15888850321,11520,302502,103,1,1,128,1,1,16,0.000,0.000,,,,,NVIDIA A100-SXM4-40GB MIG 4g.20gb (0),1,,13,cupy_copy__complex64_complex64
15888914705,317372,302509,1,1,1,32,32,1,30,0.000,0.000,,,,,NVIDIA A100-SXM4-40GB MIG 4g.20gb (0),1,,13,"void convert_kernel<__half2, float2>(tensor_layout_any, T1 *, tensor_layout_any, const T2 *)"
15889261613,5600,302512,,,,,,,,,,0.094,16731.388,Pinned,Device,NVIDIA A100-SXM4-40GB MIG 4g.20gb (0),1,,13,[CUDA memcpy Host-to-Device]
15889320108,60895,302513,,,,,,,,,,35.810,588034.696,Device,,NVIDIA A100-SXM4-40GB MIG 4g.20gb (0),1,,13,[CUDA memset]
15889383883,4960,302515,,,,,,,,,,0.000,16.129,Pinned,Device,NVIDIA A100-SXM4-40GB MIG 4g.20gb (0),1,,13,[CUDA memcpy Host-to-Device]
15889391979,10144,302516,,,,,,,,,,0.197,19381.617,Pinned,Device,NVIDIA A100-SXM4-40GB MIG 4g.20gb (0),1,,13,[CUDA memcpy Host-to-Device]
15889469130,26816,302517,273,1,1,48,1,1,40,0.000,0.001,,,,,NVIDIA A100-SXM4-40GB MIG 4g.20gb (0),1,,13,"void pusch_noise_intf_est::noiseIntfEstNoDftSOfdmKernel<float, __half, float, float, (unsigned int)2, (unsigned int)1, (unsigned char)4, (unsigned char)4>(pusch_noise_intf_est::puschRxNoiseIntfEstDynDescr)"
15889523466,9760,302528,35,1,1,128,1,1,16,0.000,0.000,,,,,NVIDIA A100-SXM4-40GB MIG 4g.20gb (0),1,,13,cupy_copy__complex64_complex64
15889579529,3616,302537,1,1,1,1,1,1,18,0.000,0.000,,,,,NVIDIA A100-SXM4-40GB MIG 4g.20gb (0),1,,13,cupy_copy__float32_float32
15889585481,1952,302543,,,,,,,,,,0.000,2.049,Device,Pageable,NVIDIA A100-SXM4-40GB MIG 4g.20gb (0),1,,7,[CUDA memcpy Device-to-Host]
15889661352,18304,302554,1434,1,1,128,1,1,16,0.000,0.000,,,,,NVIDIA A100-SXM4-40GB MIG 4g.20gb (0),1,,13,cupy_copy__complex64_complex64
15889726087,8672,302561,103,1,1,128,1,1,16,0.000,0.000,,,,,NVIDIA A100-SXM4-40GB MIG 4g.20gb (0),1,,13,cupy_copy__complex64_complex64
15889779975,9472,302568,35,1,1,128,1,1,16,0.000,0.000,,,,,NVIDIA A100-SXM4-40GB MIG 4g.20gb (0),1,,13,cupy_copy__complex64_complex64
15889848550,4512,302575,1,1,1,1,1,1,18,0.000,0.000,,,,,NVIDIA A100-SXM4-40GB MIG 4g.20gb (0),1,,13,cupy_copy__float32_float32
15889881510,294812,302586,1,1,1,32,32,1,30,0.000,0.000,,,,,NVIDIA A100-SXM4-40GB MIG 4g.20gb (0),1,,13,"void convert_kernel<__half2, float2>(tensor_layout_any, T1 *, tensor_layout_any, const T2 *)"
15890204610,5536,302589,,,,,,,,,,0.094,16924.777,Pinned,Device,NVIDIA A100-SXM4-40GB MIG 4g.20gb (0),1,,13,[CUDA memcpy Host-to-Device]
15890240546,9120,302590,,,,,,,,,,1.547,169585.775,Device,,NVIDIA A100-SXM4-40GB MIG 4g.20gb (0),1,,13,[CUDA memset]
15890254593,3296,302595,,,,,,,,,,0.031,9495.144,Pinned,Device,NVIDIA A100-SXM4-40GB MIG 4g.20gb (0),1,,13,[CUDA memcpy Host-to-Device]
15890260545,13248,302596,,,,,,,,,,0.197,14840.562,Pinned,Device,NVIDIA A100-SXM4-40GB MIG 4g.20gb (0),1,,13,[CUDA memcpy Host-to-Device]
15890302529,26080,302597,273,1,1,8,4,1,39,0.002,0.000,,,,,NVIDIA A100-SXM4-40GB MIG 4g.20gb (0),1,,13,"void channel_eq::eqMmseCoefCompLowMimoKernel<float, float, float, (unsigned int)4, (unsigned int)1, (unsigned int)4>(const channel_eq::_puschRxChEqStatDescr *, channel_eq::_puschRxChEqCoefCompDynDescr)"
15890333601,28319,302598,273,1,1,12,11,1,51,0.002,0.000,,,,,NVIDIA A100-SXM4-40GB MIG 4g.20gb (0),1,,13,"void channel_eq::eqMmseSoftDemapKernel<float, __half, __half, float, (unsigned int)4, (unsigned short)16383>(channel_eq::_puschRxChEqStatDescr *, channel_eq::_puschRxChEqSoftDemapDynDescr)"
15890421440,790199,302599,1,1,1,32,32,1,30,0.000,0.000,,,,,NVIDIA A100-SXM4-40GB MIG 4g.20gb (0),1,,13,"void convert_kernel<float2, __half2>(tensor_layout_any, T1 *, tensor_layout_any, const T2 *)"
15891539859,23264,302611,2253,1,1,128,1,1,16,0.000,0.000,,,,,NVIDIA A100-SXM4-40GB MIG 4g.20gb (0),1,,13,cupy_copy__float16_float16
15891645906,10464,302620,282,1,1,128,1,1,16,0.000,0.000,,,,,NVIDIA A100-SXM4-40GB MIG 4g.20gb (0),1,,13,cupy_copy__complex64_complex64
15891707153,9120,302629,26,1,1,128,1,1,16,0.000,0.000,,,,,NVIDIA A100-SXM4-40GB MIG 4g.20gb (0),1,,13,cupy_copy__float32_float32
15892048493,10368,302638,103,1,1,128,1,1,16,0.000,0.000,,,,,NVIDIA A100-SXM4-40GB MIG 4g.20gb (0),1,,13,cupy_copy__complex64_complex64
15892455849,20095,302648,1434,1,1,128,1,1,16,0.000,0.000,,,,,NVIDIA A100-SXM4-40GB MIG 4g.20gb (0),1,,13,cupy_copy__complex64_complex64
15892563591,274109,302653,1,1,1,32,32,1,30,0.000,0.000,,,,,NVIDIA A100-SXM4-40GB MIG 4g.20gb (0),1,,13,"void convert_kernel<__half2, float2>(tensor_layout_any, T1 *, tensor_layout_any, const T2 *)"
15892867332,10176,302656,,,,,,,,,,0.094,9207.506,Pinned,Device,NVIDIA A100-SXM4-40GB MIG 4g.20gb (0),1,,13,[CUDA memcpy Host-to-Device]
15892935683,626329,302657,,,,,,,,,,456.561,728672.058,Device,,NVIDIA A100-SXM4-40GB MIG 4g.20gb (0),1,,13,[CUDA memset]
15893563324,64031,302662,,,,,,,,,,1.235,19286.120,Pinned,Device,NVIDIA A100-SXM4-40GB MIG 4g.20gb (0),1,,13,[CUDA memcpy Host-to-Device]
15893629851,11424,302663,,,,,,,,,,0.197,17210.081,Pinned,Device,NVIDIA A100-SXM4-40GB MIG 4g.20gb (0),1,,13,[CUDA memcpy Host-to-Device]
15893933208,28320,302664,69,4,1,48,1,1,76,0.002,0.000,,,,,NVIDIA A100-SXM4-40GB MIG 4g.20gb (0),1,,13,"void ch_est::windowedChEstPreNoDftSOfdmKernel<float, __half, float, (unsigned int)2, (unsigned int)1, (unsigned short)4>(ch_est::puschRxChEstStatDescr_t *, ch_est::puschRxChEstDynDescr_t *)"
15894318132,17791,302665,137,2,1,24,2,1,44,0.001,0.001,,,,,NVIDIA A100-SXM4-40GB MIG 4g.20gb (0),1,,13,"void ch_est::chEstFilterNoDftSOfdmDispatchKernel<float, __half, float, (unsigned int)2>(ch_est::puschRxChEstStatDescr_t *, ch_est::puschRxChEstDynDescr_t *)"
15894666096,24831,302666,137,2,1,24,2,1,44,0.001,0.001,,,,,NVIDIA A100-SXM4-40GB MIG 4g.20gb (0),1,,13,"void ch_est::chEstFilterNoDftSOfdmDispatchKernel<float, __half, float, (unsigned int)2>(ch_est::puschRxChEstStatDescr_t *, ch_est::puschRxChEstDynDescr_t *)"
15895009356,7488,302677,103,1,1,128,1,1,16,0.000,0.000,,,,,NVIDIA A100-SXM4-40GB MIG 4g.20gb (0),1,,13,cupy_copy__complex64_complex64
15895082731,18080,302687,1434,1,1,128,1,1,16,0.000,0.000,,,,,NVIDIA A100-SXM4-40GB MIG 4g.20gb (0),1,,13,cupy_copy__complex64_complex64
15895438439,16384,302694,103,1,1,128,1,1,16,0.000,0.000,,,,,NVIDIA A100-SXM4-40GB MIG 4g.20gb (0),1,,13,cupy_copy__complex64_complex64
15895499238,308349,302701,1,1,1,32,32,1,30,0.000,0.000,,,,,NVIDIA A100-SXM4-40GB MIG 4g.20gb (0),1,,13,"void convert_kernel<__half2, float2>(tensor_layout_any, T1 *, tensor_layout_any, const T2 *)"
15895836323,5920,302704,,,,,,,,,,0.094,15826.941,Pinned,Device,NVIDIA A100-SXM4-40GB MIG 4g.20gb (0),1,,13,[CUDA memcpy Host-to-Device]
15895901154,58399,302705,,,,,,,,,,35.810,613173.260,Device,,NVIDIA A100-SXM4-40GB MIG 4g.20gb (0),1,,13,[CUDA memset]
15895964257,2752,302707,,,,,,,,,,0.000,29.070,Pinned,Device,NVIDIA A100-SXM4-40GB MIG 4g.20gb (0),1,,13,[CUDA memcpy Host-to-Device]
15895973985,14592,302708,,,,,,,,,,0.197,13473.546,Pinned,Device,NVIDIA A100-SXM4-40GB MIG 4g.20gb (0),1,,13,[CUDA memcpy Host-to-Device]
15896050720,32160,302709,273,1,1,48,1,1,40,0.000,0.001,,,,,NVIDIA A100-SXM4-40GB MIG 4g.20gb (0),1,,13,"void pusch_noise_intf_est::noiseIntfEstNoDftSOfdmKernel<float, __half, float, float, (unsigned int)2, (unsigned int)1, (unsigned char)4, (unsigned char)4>(pusch_noise_intf_est::puschRxNoiseIntfEstDynDescr)"
15896132255,9632,302720,35,1,1,128,1,1,16,0.000,0.000,,,,,NVIDIA A100-SXM4-40GB MIG 4g.20gb (0),1,,13,cupy_copy__complex64_complex64
15896189503,4768,302729,1,1,1,1,1,1,18,0.000,0.000,,,,,NVIDIA A100-SXM4-40GB MIG 4g.20gb (0),1,,13,cupy_copy__float32_float32
15896201918,1792,302735,,,,,,,,,,0.000,2.232,Device,Pageable,NVIDIA A100-SXM4-40GB MIG 4g.20gb (0),1,,7,[CUDA memcpy Device-to-Host]
15896298237,16512,302746,1434,1,1,128,1,1,16,0.000,0.000,,,,,NVIDIA A100-SXM4-40GB MIG 4g.20gb (0),1,,13,cupy_copy__complex64_complex64
15896368765,8991,302753,103,1,1,128,1,1,16,0.000,0.000,,,,,NVIDIA A100-SXM4-40GB MIG 4g.20gb (0),1,,13,cupy_copy__complex64_complex64
15896424252,6848,302760,35,1,1,128,1,1,16,0.000,0.000,,,,,NVIDIA A100-SXM4-40GB MIG 4g.20gb (0),1,,13,cupy_copy__complex64_complex64
15896489275,4576,302767,1,1,1,1,1,1,18,0.000,0.000,,,,,NVIDIA A100-SXM4-40GB MIG 4g.20gb (0),1,,13,cupy_copy__float32_float32
15896522363,296029,302778,1,1,1,32,32,1,30,0.000,0.000,,,,,NVIDIA A100-SXM4-40GB MIG 4g.20gb (0),1,,13,"void convert_kernel<__half2, float2>(tensor_layout_any, T1 *, tensor_layout_any, const T2 *)"
15896846935,5440,302781,,,,,,,,,,0.094,17223.480,Pinned,Device,NVIDIA A100-SXM4-40GB MIG 4g.20gb (0),1,,13,[CUDA memcpy Host-to-Device]
15896871703,11392,302782,,,,,,,,,,1.547,135762.655,Device,,NVIDIA A100-SXM4-40GB MIG 4g.20gb (0),1,,13,[CUDA memset]
15896892087,7680,302787,,,,,,,,,,0.031,4074.990,Pinned,Device,NVIDIA A100-SXM4-40GB MIG 4g.20gb (0),1,,13,[CUDA memcpy Host-to-Device]
15896905719,12511,302788,,,,,,,,,,0.197,15714.681,Pinned,Device,NVIDIA A100-SXM4-40GB MIG 4g.20gb (0),1,,13,[CUDA memcpy Host-to-Device]
15896959126,32320,302789,273,1,1,8,4,1,39,0.002,0.000,,,,,NVIDIA A100-SXM4-40GB MIG 4g.20gb (0),1,,13,"void channel_eq::eqMmseCoefCompLowMimoKernel<float, float, float, (unsigned int)4, (unsigned int)1, (unsigned int)4>(const channel_eq::_puschRxChEqStatDescr *, channel_eq::_puschRxChEqCoefCompDynDescr)"
15897029333,29504,302790,273,1,1,12,11,1,51,0.002,0.000,,,,,NVIDIA A100-SXM4-40GB MIG 4g.20gb (0),1,,13,"void channel_eq::eqMmseSoftDemapKernel<float, __half, __half, float, (unsigned int)4, (unsigned short)16383>(channel_eq::_puschRxChEqStatDescr *, channel_eq::_puschRxChEqSoftDemapDynDescr)"
15897093620,782072,302791,1,1,1,32,32,1,30,0.000,0.000,,,,,NVIDIA A100-SXM4-40GB MIG 4g.20gb (0),1,,13,"void convert_kernel<float2, __half2>(tensor_layout_any, T1 *, tensor_layout_any, const T2 *)"
15897967083,14975,302803,2253,1,1,128,1,1,16,0.000,0.000,,,,,NVIDIA A100-SXM4-40GB MIG 4g.20gb (0),1,,13,cupy_copy__float16_float16
15898037866,8000,302812,282,1,1,128,1,1,16,0.000,0.000,,,,,NVIDIA A100-SXM4-40GB MIG 4g.20gb (0),1,,13,cupy_copy__complex64_complex64
15898293799,6112,302821,26,1,1,128,1,1,16,0.000,0.000,,,,,NVIDIA A100-SXM4-40GB MIG 4g.20gb (0),1,,13,cupy_copy__float32_float32
15898353958,8032,302830,103,1,1,128,1,1,16,0.000,0.000,,,,,NVIDIA A100-SXM4-40GB MIG 4g.20gb (0),1,,13,cupy_copy__complex64_complex64
15898607363,22144,302840,1434,1,1,128,1,1,16,0.000,0.000,,,,,NVIDIA A100-SXM4-40GB MIG 4g.20gb (0),1,,13,cupy_copy__complex64_complex64
15898879200,323037,302845,1,1,1,32,32,1,30,0.000,0.000,,,,,NVIDIA A100-SXM4-40GB MIG 4g.20gb (0),1,,13,"void convert_kernel<__half2, float2>(tensor_layout_any, T1 *, tensor_layout_any, const T2 *)"
15899232892,10080,302848,,,,,,,,,,0.094,9295.205,Pinned,Device,NVIDIA A100-SXM4-40GB MIG 4g.20gb (0),1,,13,[CUDA memcpy Host-to-Device]
15899513913,616793,302849,,,,,,,,,,456.561,740086.094,Device,,NVIDIA A100-SXM4-40GB MIG 4g.20gb (0),1,,13,[CUDA memset]
15900138162,58367,302854,,,,,,,,,,1.235,21157.061,Pinned,Device,NVIDIA A100-SXM4-40GB MIG 4g.20gb (0),1,,13,[CUDA memcpy Host-to-Device]
15900199473,17504,302855,,,,,,,,,,0.197,11232.018,Pinned,Device,NVIDIA A100-SXM4-40GB MIG 4g.20gb (0),1,,13,[CUDA memcpy Host-to-Device]
15900416495,12640,302856,69,4,1,48,1,1,76,0.002,0.000,,,,,NVIDIA A100-SXM4-40GB MIG 4g.20gb (0),1,,13,"void ch_est::windowedChEstPreNoDftSOfdmKernel<float, __half, float, (unsigned int)2, (unsigned int)1, (unsigned short)4>(ch_est::puschRxChEstStatDescr_t *, ch_est::puschRxChEstDynDescr_t *)"
15900673772,25120,302857,137,2,1,24,2,1,44,0.001,0.001,,,,,NVIDIA A100-SXM4-40GB MIG 4g.20gb (0),1,,13,"void ch_est::chEstFilterNoDftSOfdmDispatchKernel<float, __half, float, (unsigned int)2>(ch_est::puschRxChEstStatDescr_t *, ch_est::puschRxChEstDynDescr_t *)"
15900934185,25280,302858,137,2,1,24,2,1,44,0.001,0.001,,,,,NVIDIA A100-SXM4-40GB MIG 4g.20gb (0),1,,13,"void ch_est::chEstFilterNoDftSOfdmDispatchKernel<float, __half, float, (unsigned int)2>(ch_est::puschRxChEstStatDescr_t *, ch_est::puschRxChEstDynDescr_t *)"
15900995784,4960,302869,103,1,1,128,1,1,16,0.000,0.000,,,,,NVIDIA A100-SXM4-40GB MIG 4g.20gb (0),1,,13,cupy_copy__complex64_complex64
15901051464,17920,302879,1434,1,1,128,1,1,16,0.000,0.000,,,,,NVIDIA A100-SXM4-40GB MIG 4g.20gb (0),1,,13,cupy_copy__complex64_complex64
15901121831,5888,302886,103,1,1,128,1,1,16,0.000,0.000,,,,,NVIDIA A100-SXM4-40GB MIG 4g.20gb (0),1,,13,cupy_copy__complex64_complex64
15901178918,306749,302893,1,1,1,32,32,1,30,0.000,0.000,,,,,NVIDIA A100-SXM4-40GB MIG 4g.20gb (0),1,,13,"void convert_kernel<__half2, float2>(tensor_layout_any, T1 *, tensor_layout_any, const T2 *)"
15901514691,5472,302896,,,,,,,,,,0.094,17122.757,Pinned,Device,NVIDIA A100-SXM4-40GB MIG 4g.20gb (0),1,,13,[CUDA memcpy Host-to-Device]
15901571650,58623,302897,,,,,,,,,,35.810,610845.615,Device,,NVIDIA A100-SXM4-40GB MIG 4g.20gb (0),1,,13,[CUDA memset]
15901637249,2944,302899,,,,,,,,,,0.000,27.174,Pinned,Device,NVIDIA A100-SXM4-40GB MIG 4g.20gb (0),1,,13,[CUDA memcpy Host-to-Device]
15901647073,9440,302900,,,,,,,,,,0.197,20827.079,Pinned,Device,NVIDIA A100-SXM4-40GB MIG 4g.20gb (0),1,,13,[CUDA memcpy Host-to-Device]
15901715552,41280,302901,273,1,1,48,1,1,40,0.000,0.001,,,,,NVIDIA A100-SXM4-40GB MIG 4g.20gb (0),1,,13,"void pusch_noise_intf_est::noiseIntfEstNoDftSOfdmKernel<float, __half, float, float, (unsigned int)2, (unsigned int)1, (unsigned char)4, (unsigned char)4>(pusch_noise_intf_est::puschRxNoiseIntfEstDynDescr)"
15901797695,10080,302912,35,1,1,128,1,1,16,0.000,0.000,,,,,NVIDIA A100-SXM4-40GB MIG 4g.20gb (0),1,,13,cupy_copy__complex64_complex64
15901850047,4992,302921,1,1,1,1,1,1,18,0.000,0.000,,,,,NVIDIA A100-SXM4-40GB MIG 4g.20gb (0),1,,13,cupy_copy__float32_float32
15901857983,1600,302927,,,,,,,,,,0.000,2.500,Device,Pageable,NVIDIA A100-SXM4-40GB MIG 4g.20gb (0),1,,7,[CUDA memcpy Device-to-Host]
15901957886,17727,302938,1434,1,1,128,1,1,16,0.000,0.000,,,,,NVIDIA A100-SXM4-40GB MIG 4g.20gb (0),1,,13,cupy_copy__complex64_complex64
15901994269,5856,302945,103,1,1,128,1,1,16,0.000,0.000,,,,,NVIDIA A100-SXM4-40GB MIG 4g.20gb (0),1,,13,cupy_copy__complex64_complex64
15902051869,12639,302952,35,1,1,128,1,1,16,0.000,0.000,,,,,NVIDIA A100-SXM4-40GB MIG 4g.20gb (0),1,,13,cupy_copy__complex64_complex64
15902126620,3872,302959,1,1,1,1,1,1,18,0.000,0.000,,,,,NVIDIA A100-SXM4-40GB MIG 4g.20gb (0),1,,13,cupy_copy__float32_float32
15902161179,292285,302970,1,1,1,32,32,1,30,0.000,0.000,,,,,NVIDIA A100-SXM4-40GB MIG 4g.20gb (0),1,,13,"void convert_kernel<__half2, float2>(tensor_layout_any, T1 *, tensor_layout_any, const T2 *)"
15902482040,5792,302973,,,,,,,,,,0.094,16176.708,Pinned,Device,NVIDIA A100-SXM4-40GB MIG 4g.20gb (0),1,,13,[CUDA memcpy Host-to-Device]
15902529847,13472,302974,,,,,,,,,,1.547,114802.806,Device,,NVIDIA A100-SXM4-40GB MIG 4g.20gb (0),1,,13,[CUDA memset]
15902544247,3328,302979,,,,,,,,,,0.031,9403.822,Pinned,Device,NVIDIA A100-SXM4-40GB MIG 4g.20gb (0),1,,13,[CUDA memcpy Host-to-Device]
15902557687,16544,302980,,,,,,,,,,0.197,11883.774,Pinned,Device,NVIDIA A100-SXM4-40GB MIG 4g.20gb (0),1,,13,[CUDA memcpy Host-to-Device]
15902582807,23807,302981,273,1,1,8,4,1,39,0.002,0.000,,,,,NVIDIA A100-SXM4-40GB MIG 4g.20gb (0),1,,13,"void channel_eq::eqMmseCoefCompLowMimoKernel<float, float, float, (unsigned int)4, (unsigned int)1, (unsigned int)4>(const channel_eq::_puschRxChEqStatDescr *, channel_eq::_puschRxChEqCoefCompDynDescr)"
15902646262,27712,302982,273,1,1,12,11,1,51,0.002,0.000,,,,,NVIDIA A100-SXM4-40GB MIG 4g.20gb (0),1,,13,"void channel_eq::eqMmseSoftDemapKernel<float, __half, __half, float, (unsigned int)4, (unsigned short)16383>(channel_eq::_puschRxChEqStatDescr *, channel_eq::_puschRxChEqSoftDemapDynDescr)"
15902714069,794551,302983,1,1,1,32,32,1,30,0.000,0.000,,,,,NVIDIA A100-SXM4-40GB MIG 4g.20gb (0),1,,13,"void convert_kernel<float2, __half2>(tensor_layout_any, T1 *, tensor_layout_any, const T2 *)"
15903592331,14304,302995,2253,1,1,128,1,1,16,0.000,0.000,,,,,NVIDIA A100-SXM4-40GB MIG 4g.20gb (0),1,,13,cupy_copy__float16_float16
15903870984,9728,303004,282,1,1,128,1,1,16,0.000,0.000,,,,,NVIDIA A100-SXM4-40GB MIG 4g.20gb (0),1,,13,cupy_copy__complex64_complex64
15903937639,9632,303013,26,1,1,128,1,1,16,0.000,0.000,,,,,NVIDIA A100-SXM4-40GB MIG 4g.20gb (0),1,,13,cupy_copy__float32_float32
15904186340,16896,303022,103,1,1,128,1,1,16,0.000,0.000,,,,,NVIDIA A100-SXM4-40GB MIG 4g.20gb (0),1,,13,cupy_copy__complex64_complex64
15904473281,17888,303032,1434,1,1,128,1,1,16,0.000,0.000,,,,,NVIDIA A100-SXM4-40GB MIG 4g.20gb (0),1,,13,cupy_copy__complex64_complex64
15904578912,273597,303037,1,1,1,32,32,1,30,0.000,0.000,,,,,NVIDIA A100-SXM4-40GB MIG 4g.20gb (0),1,,13,"void convert_kernel<__half2, float2>(tensor_layout_any, T1 *, tensor_layout_any, const T2 *)"
15904884861,5696,303040,,,,,,,,,,0.094,16449.363,Pinned,Device,NVIDIA A100-SXM4-40GB MIG 4g.20gb (0),1,,13,[CUDA memcpy Host-to-Device]
15905150554,617273,303041,,,,,,,,,,456.561,739629.533,Device,,NVIDIA A100-SXM4-40GB MIG 4g.20gb (0),1,,13,[CUDA memset]
15905769299,66527,303046,,,,,,,,,,1.235,18562.443,Pinned,Device,NVIDIA A100-SXM4-40GB MIG 4g.20gb (0),1,,13,[CUDA memcpy Host-to-Device]
15905839730,10816,303047,,,,,,,,,,0.197,18177.393,Pinned,Device,NVIDIA A100-SXM4-40GB MIG 4g.20gb (0),1,,13,[CUDA memcpy Host-to-Device]
15906060175,28000,303048,69,4,1,48,1,1,76,0.002,0.000,,,,,NVIDIA A100-SXM4-40GB MIG 4g.20gb (0),1,,13,"void ch_est::windowedChEstPreNoDftSOfdmKernel<float, __half, float, (unsigned int)2, (unsigned int)1, (unsigned short)4>(ch_est::puschRxChEstStatDescr_t *, ch_est::puschRxChEstDynDescr_t *)"
15906328460,33056,303049,137,2,1,24,2,1,44,0.001,0.001,,,,,NVIDIA A100-SXM4-40GB MIG 4g.20gb (0),1,,13,"void ch_est::chEstFilterNoDftSOfdmDispatchKernel<float, __half, float, (unsigned int)2>(ch_est::puschRxChEstStatDescr_t *, ch_est::puschRxChEstDynDescr_t *)"
15906620585,33632,303050,137,2,1,24,2,1,44,0.001,0.001,,,,,NVIDIA A100-SXM4-40GB MIG 4g.20gb (0),1,,13,"void ch_est::chEstFilterNoDftSOfdmDispatchKernel<float, __half, float, (unsigned int)2>(ch_est::puschRxChEstStatDescr_t *, ch_est::puschRxChEstDynDescr_t *)"
15906913510,14368,303061,103,1,1,128,1,1,16,0.000,0.000,,,,,NVIDIA A100-SXM4-40GB MIG 4g.20gb (0),1,,13,cupy_copy__complex64_complex64
15906969733,16512,303071,1434,1,1,128,1,1,16,0.000,0.000,,,,,NVIDIA A100-SXM4-40GB MIG 4g.20gb (0),1,,13,cupy_copy__complex64_complex64
15907034244,7424,303078,103,1,1,128,1,1,16,0.000,0.000,,,,,NVIDIA A100-SXM4-40GB MIG 4g.20gb (0),1,,13,cupy_copy__complex64_complex64
15907098660,314044,303085,1,1,1,32,32,1,30,0.000,0.000,,,,,NVIDIA A100-SXM4-40GB MIG 4g.20gb (0),1,,13,"void convert_kernel<__half2, float2>(tensor_layout_any, T1 *, tensor_layout_any, const T2 *)"
15907440992,6304,303088,,,,,,,,,,0.094,14862.903,Pinned,Device,NVIDIA A100-SXM4-40GB MIG 4g.20gb (0),1,,13,[CUDA memcpy Host-to-Device]
15907496735,57888,303089,,,,,,,,,,35.810,618580.558,Device,,NVIDIA A100-SXM4-40GB MIG 4g.20gb (0),1,,13,[CUDA memset]
15907559518,6272,303091,,,,,,,,,,0.000,12.755,Pinned,Device,NVIDIA A100-SXM4-40GB MIG 4g.20gb (0),1,,13,[CUDA memcpy Host-to-Device]
15907572350,9632,303092,,,,,,,,,,0.197,20411.843,Pinned,Device,NVIDIA A100-SXM4-40GB MIG 4g.20gb (0),1,,13,[CUDA memcpy Host-to-Device]
15907637438,25055,303093,273,1,1,48,1,1,40,0.000,0.001,,,,,NVIDIA A100-SXM4-40GB MIG 4g.20gb (0),1,,13,"void pusch_noise_intf_est::noiseIntfEstNoDftSOfdmKernel<float, __half, float, float, (unsigned int)2, (unsigned int)1, (unsigned char)4, (unsigned char)4>(pusch_noise_intf_est::puschRxNoiseIntfEstDynDescr)"
15907716893,6560,303104,35,1,1,128,1,1,16,0.000,0.000,,,,,NVIDIA A100-SXM4-40GB MIG 4g.20gb (0),1,,13,cupy_copy__complex64_complex64
15907777532,4736,303113,1,1,1,1,1,1,18,0.000,0.000,,,,,NVIDIA A100-SXM4-40GB MIG 4g.20gb (0),1,,13,cupy_copy__float32_float32
15907783804,1600,303119,,,,,,,,,,0.000,2.500,Device,Pageable,NVIDIA A100-SXM4-40GB MIG 4g.20gb (0),1,,7,[CUDA memcpy Device-to-Host]
15907867803,16928,303130,1434,1,1,128,1,1,16,0.000,0.000,,,,,NVIDIA A100-SXM4-40GB MIG 4g.20gb (0),1,,13,cupy_copy__complex64_complex64
15907934778,10368,303137,103,1,1,128,1,1,16,0.000,0.000,,,,,NVIDIA A100-SXM4-40GB MIG 4g.20gb (0),1,,13,cupy_copy__complex64_complex64
15907990490,7776,303144,35,1,1,128,1,1,16,0.000,0.000,,,,,NVIDIA A100-SXM4-40GB MIG 4g.20gb (0),1,,13,cupy_copy__complex64_complex64
15908060665,4640,303151,1,1,1,1,1,1,18,0.000,0.000,,,,,NVIDIA A100-SXM4-40GB MIG 4g.20gb (0),1,,13,cupy_copy__float32_float32
15908094104,292669,303162,1,1,1,32,32,1,30,0.000,0.000,,,,,NVIDIA A100-SXM4-40GB MIG 4g.20gb (0),1,,13,"void convert_kernel<__half2, float2>(tensor_layout_any, T1 *, tensor_layout_any, const T2 *)"
15908416213,5408,303165,,,,,,,,,,0.094,17325.421,Pinned,Device,NVIDIA A100-SXM4-40GB MIG 4g.20gb (0),1,,13,[CUDA memcpy Host-to-Device]
15908473812,10400,303166,,,,,,,,,,1.547,148712.537,Device,,NVIDIA A100-SXM4-40GB MIG 4g.20gb (0),1,,13,[CUDA memset]
15908491828,4416,303171,,,,,,,,,,0.031,7086.948,Pinned,Device,NVIDIA A100-SXM4-40GB MIG 4g.20gb (0),1,,13,[CUDA memcpy Host-to-Device]
15908502132,15072,303172,,,,,,,,,,0.197,13044.548,Pinned,Device,NVIDIA A100-SXM4-40GB MIG 4g.20gb (0),1,,13,[CUDA memcpy Host-to-Device]
15908565555,30976,303173,273,1,1,8,4,1,39,0.002,0.000,,,,,NVIDIA A100-SXM4-40GB MIG 4g.20gb (0),1,,13,"void channel_eq::eqMmseCoefCompLowMimoKernel<float, float, float, (unsigned int)4, (unsigned int)1, (unsigned int)4>(const channel_eq::_puschRxChEqStatDescr *, channel_eq::_puschRxChEqCoefCompDynDescr)"
15908634418,27488,303174,273,1,1,12,11,1,51,0.002,0.000,,,,,NVIDIA A100-SXM4-40GB MIG 4g.20gb (0),1,,13,"void channel_eq::eqMmseSoftDemapKernel<float, __half, __half, float, (unsigned int)4, (unsigned short)16383>(channel_eq::_puschRxChEqStatDescr *, channel_eq::_puschRxChEqSoftDemapDynDescr)"
15908697778,799767,303175,1,1,1,32,32,1,30,0.000,0.000,,,,,NVIDIA A100-SXM4-40GB MIG 4g.20gb (0),1,,13,"void convert_kernel<float2, __half2>(tensor_layout_any, T1 *, tensor_layout_any, const T2 *)"
15909669767,19647,303187,2253,1,1,128,1,1,16,0.000,0.000,,,,,NVIDIA A100-SXM4-40GB MIG 4g.20gb (0),1,,13,cupy_copy__float16_float16
15909743622,5696,303196,282,1,1,128,1,1,16,0.000,0.000,,,,,NVIDIA A100-SXM4-40GB MIG 4g.20gb (0),1,,13,cupy_copy__complex64_complex64
15909999267,4672,303205,26,1,1,128,1,1,16,0.000,0.000,,,,,NVIDIA A100-SXM4-40GB MIG 4g.20gb (0),1,,13,cupy_copy__float32_float32
15910252032,8352,303214,103,1,1,128,1,1,16,0.000,0.000,,,,,NVIDIA A100-SXM4-40GB MIG 4g.20gb (0),1,,13,cupy_copy__complex64_complex64
15910349407,23040,303224,1434,1,1,128,1,1,16,0.000,0.000,,,,,NVIDIA A100-SXM4-40GB MIG 4g.20gb (0),1,,13,cupy_copy__complex64_complex64
15910609500,289149,303229,1,1,1,32,32,1,30,0.000,0.000,,,,,NVIDIA A100-SXM4-40GB MIG 4g.20gb (0),1,,13,"void convert_kernel<__half2, float2>(tensor_layout_any, T1 *, tensor_layout_any, const T2 *)"
15910932248,10464,303232,,,,,,,,,,0.094,8954.058,Pinned,Device,NVIDIA A100-SXM4-40GB MIG 4g.20gb (0),1,,13,[CUDA memcpy Host-to-Device]
15911179094,624857,303233,,,,,,,,,,456.561,730498.304,Device,,NVIDIA A100-SXM4-40GB MIG 4g.20gb (0),1,,13,[CUDA memset]
15911804751,65631,303238,,,,,,,,,,1.235,18815.607,Pinned,Device,NVIDIA A100-SXM4-40GB MIG 4g.20gb (0),1,,13,[CUDA memcpy Host-to-Device]
15911875246,10528,303239,,,,,,,,,,0.197,18674.614,Pinned,Device,NVIDIA A100-SXM4-40GB MIG 4g.20gb (0),1,,13,[CUDA memcpy Host-to-Device]
15912124683,29920,303240,69,4,1,48,1,1,76,0.002,0.000,,,,,NVIDIA A100-SXM4-40GB MIG 4g.20gb (0),1,,13,"void ch_est::windowedChEstPreNoDftSOfdmKernel<float, __half, float, (unsigned int)2, (unsigned int)1, (unsigned short)4>(ch_est::puschRxChEstStatDescr_t *, ch_est::puschRxChEstDynDescr_t *)"
15912412552,21664,303241,137,2,1,24,2,1,44,0.001,0.001,,,,,NVIDIA A100-SXM4-40GB MIG 4g.20gb (0),1,,13,"void ch_est::chEstFilterNoDftSOfdmDispatchKernel<float, __half, float, (unsigned int)2>(ch_est::puschRxChEstStatDescr_t *, ch_est::puschRxChEstDynDescr_t *)"
15912662245,17824,303242,137,2,1,24,2,1,44,0.001,0.001,,,,,NVIDIA A100-SXM4-40GB MIG 4g.20gb (0),1,,13,"void ch_est::chEstFilterNoDftSOfdmDispatchKernel<float, __half, float, (unsigned int)2>(ch_est::puschRxChEstStatDescr_t *, ch_est::puschRxChEstDynDescr_t *)"
15912724516,9056,303253,103,1,1,128,1,1,16,0.000,0.000,,,,,NVIDIA A100-SXM4-40GB MIG 4g.20gb (0),1,,13,cupy_copy__complex64_complex64
15912788132,16671,303263,1434,1,1,128,1,1,16,0.000,0.000,,,,,NVIDIA A100-SXM4-40GB MIG 4g.20gb (0),1,,13,cupy_copy__complex64_complex64
15912851875,6976,303270,103,1,1,128,1,1,16,0.000,0.000,,,,,NVIDIA A100-SXM4-40GB MIG 4g.20gb (0),1,,13,cupy_copy__complex64_complex64
15912912386,310013,303277,1,1,1,32,32,1,30,0.000,0.000,,,,,NVIDIA A100-SXM4-40GB MIG 4g.20gb (0),1,,13,"void convert_kernel<__half2, float2>(tensor_layout_any, T1 *, tensor_layout_any, const T2 *)"
15913252510,6112,303280,,,,,,,,,,0.094,15329.790,Pinned,Device,NVIDIA A100-SXM4-40GB MIG 4g.20gb (0),1,,13,[CUDA memcpy Host-to-Device]
15913315390,60287,303281,,,,,,,,,,35.810,593979.143,Device,,NVIDIA A100-SXM4-40GB MIG 4g.20gb (0),1,,13,[CUDA memset]
15913382237,4256,303283,,,,,,,,,,0.000,18.797,Pinned,Device,NVIDIA A100-SXM4-40GB MIG 4g.20gb (0),1,,13,[CUDA memcpy Host-to-Device]
15913388925,9696,303284,,,,,,,,,,0.197,20277.166,Pinned,Device,NVIDIA A100-SXM4-40GB MIG 4g.20gb (0),1,,13,[CUDA memcpy Host-to-Device]
15913464764,26112,303285,273,1,1,48,1,1,40,0.000,0.001,,,,,NVIDIA A100-SXM4-40GB MIG 4g.20gb (0),1,,13,"void pusch_noise_intf_est::noiseIntfEstNoDftSOfdmKernel<float, __half, float, float, (unsigned int)2, (unsigned int)1, (unsigned char)4, (unsigned char)4>(pusch_noise_intf_est::puschRxNoiseIntfEstDynDescr)"
15913518299,7872,303296,35,1,1,128,1,1,16,0.000,0.000,,,,,NVIDIA A100-SXM4-40GB MIG 4g.20gb (0),1,,13,cupy_copy__complex64_complex64
15913573787,4800,303305,1,1,1,1,1,1,18,0.000,0.000,,,,,NVIDIA A100-SXM4-40GB MIG 4g.20gb (0),1,,13,cupy_copy__float32_float32
15913579643,1920,303311,,,,,,,,,,0.000,2.083,Device,Pageable,NVIDIA A100-SXM4-40GB MIG 4g.20gb (0),1,,7,[CUDA memcpy Device-to-Host]
15913657690,16256,303322,1434,1,1,128,1,1,16,0.000,0.000,,,,,NVIDIA A100-SXM4-40GB MIG 4g.20gb (0),1,,13,cupy_copy__complex64_complex64
15913722745,8384,303329,103,1,1,128,1,1,16,0.000,0.000,,,,,NVIDIA A100-SXM4-40GB MIG 4g.20gb (0),1,,13,cupy_copy__complex64_complex64
15913778744,6720,303336,35,1,1,128,1,1,16,0.000,0.000,,,,,NVIDIA A100-SXM4-40GB MIG 4g.20gb (0),1,,13,cupy_copy__complex64_complex64
15913844696,4544,303343,1,1,1,1,1,1,18,0.000,0.000,,,,,NVIDIA A100-SXM4-40GB MIG 4g.20gb (0),1,,13,cupy_copy__float32_float32
15913876887,295005,303354,1,1,1,32,32,1,30,0.000,0.000,,,,,NVIDIA A100-SXM4-40GB MIG 4g.20gb (0),1,,13,"void convert_kernel<__half2, float2>(tensor_layout_any, T1 *, tensor_layout_any, const T2 *)"
15914200916,6272,303357,,,,,,,,,,0.094,14938.703,Pinned,Device,NVIDIA A100-SXM4-40GB MIG 4g.20gb (0),1,,13,[CUDA memcpy Host-to-Device]
15914235731,8640,303358,,,,,,,,,,1.547,179006.262,Device,,NVIDIA A100-SXM4-40GB MIG 4g.20gb (0),1,,13,[CUDA memset]
15914250739,10048,303363,,,,,,,,,,0.031,3114.641,Pinned,Device,NVIDIA A100-SXM4-40GB MIG 4g.20gb (0),1,,13,[CUDA memcpy Host-to-Device]
15914263219,16128,303364,,,,,,,,,,0.197,12190.286,Pinned,Device,NVIDIA A100-SXM4-40GB MIG 4g.20gb (0),1,,13,[CUDA memcpy Host-to-Device]
15914320274,31584,303365,273,1,1,8,4,1,39,0.002,0.000,,,,,NVIDIA A100-SXM4-40GB MIG 4g.20gb (0),1,,13,"void channel_eq::eqMmseCoefCompLowMimoKernel<float, float, float, (unsigned int)4, (unsigned int)1, (unsigned int)4>(const channel_eq::_puschRxChEqStatDescr *, channel_eq::_puschRxChEqCoefCompDynDescr)"
15914388434,27071,303366,273,1,1,12,11,1,51,0.002,0.000,,,,,NVIDIA A100-SXM4-40GB MIG 4g.20gb (0),1,,13,"void channel_eq::eqMmseSoftDemapKernel<float, __half, __half, float, (unsigned int)4, (unsigned short)16383>(channel_eq::_puschRxChEqStatDescr *, channel_eq::_puschRxChEqSoftDemapDynDescr)"
15914448849,778615,303367,1,1,1,32,32,1,30,0.000,0.000,,,,,NVIDIA A100-SXM4-40GB MIG 4g.20gb (0),1,,13,"void convert_kernel<float2, __half2>(tensor_layout_any, T1 *, tensor_layout_any, const T2 *)"
15915288231,14592,303379,2253,1,1,128,1,1,16,0.000,0.000,,,,,NVIDIA A100-SXM4-40GB MIG 4g.20gb (0),1,,13,cupy_copy__float16_float16
15915360455,7839,303388,282,1,1,128,1,1,16,0.000,0.000,,,,,NVIDIA A100-SXM4-40GB MIG 4g.20gb (0),1,,13,cupy_copy__complex64_complex64
15915601796,7616,303397,26,1,1,128,1,1,16,0.000,0.000,,,,,NVIDIA A100-SXM4-40GB MIG 4g.20gb (0),1,,13,cupy_copy__float32_float32
15915838241,10720,303406,103,1,1,128,1,1,16,0.000,0.000,,,,,NVIDIA A100-SXM4-40GB MIG 4g.20gb (0),1,,13,cupy_copy__complex64_complex64
15915928320,15520,303416,1434,1,1,128,1,1,16,0.000,0.000,,,,,NVIDIA A100-SXM4-40GB MIG 4g.20gb (0),1,,13,cupy_copy__complex64_complex64
15916177533,311069,303421,1,1,1,32,32,1,30,0.000,0.000,,,,,NVIDIA A100-SXM4-40GB MIG 4g.20gb (0),1,,13,"void convert_kernel<__half2, float2>(tensor_layout_any, T1 *, tensor_layout_any, const T2 *)"
15916518202,5599,303424,,,,,,,,,,0.094,16734.387,Pinned,Device,NVIDIA A100-SXM4-40GB MIG 4g.20gb (0),1,,13,[CUDA memcpy Host-to-Device]
15916752279,618841,303425,,,,,,,,,,456.561,737346.726,Device,,NVIDIA A100-SXM4-40GB MIG 4g.20gb (0),1,,13,[CUDA memset]
15917377008,60383,303430,,,,,,,,,,1.235,20450.673,Pinned,Device,NVIDIA A100-SXM4-40GB MIG 4g.20gb (0),1,,13,[CUDA memcpy Host-to-Device]
15917439855,10208,303431,,,,,,,,,,0.197,19260.113,Pinned,Device,NVIDIA A100-SXM4-40GB MIG 4g.20gb (0),1,,13,[CUDA memcpy Host-to-Device]
15917641837,14656,303432,69,4,1,48,1,1,76,0.002,0.000,,,,,NVIDIA A100-SXM4-40GB MIG 4g.20gb (0),1,,13,"void ch_est::windowedChEstPreNoDftSOfdmKernel<float, __half, float, (unsigned int)2, (unsigned int)1, (unsigned short)4>(ch_est::puschRxChEstStatDescr_t *, ch_est::puschRxChEstDynDescr_t *)"
15917885962,31872,303433,137,2,1,24,2,1,44,0.001,0.001,,,,,NVIDIA A100-SXM4-40GB MIG 4g.20gb (0),1,,13,"void ch_est::chEstFilterNoDftSOfdmDispatchKernel<float, __half, float, (unsigned int)2>(ch_est::puschRxChEstStatDescr_t *, ch_est::puschRxChEstDynDescr_t *)"
15918132935,31840,303434,137,2,1,24,2,1,44,0.001,0.001,,,,,NVIDIA A100-SXM4-40GB MIG 4g.20gb (0),1,,13,"void ch_est::chEstFilterNoDftSOfdmDispatchKernel<float, __half, float, (unsigned int)2>(ch_est::puschRxChEstStatDescr_t *, ch_est::puschRxChEstDynDescr_t *)"
15918191335,5824,303445,103,1,1,128,1,1,16,0.000,0.000,,,,,NVIDIA A100-SXM4-40GB MIG 4g.20gb (0),1,,13,cupy_copy__complex64_complex64
15918250374,17536,303455,1434,1,1,128,1,1,16,0.000,0.000,,,,,NVIDIA A100-SXM4-40GB MIG 4g.20gb (0),1,,13,cupy_copy__complex64_complex64
15918320069,8480,303462,103,1,1,128,1,1,16,0.000,0.000,,,,,NVIDIA A100-SXM4-40GB MIG 4g.20gb (0),1,,13,cupy_copy__complex64_complex64
15918375397,307260,303469,1,1,1,32,32,1,30,0.000,0.000,,,,,NVIDIA A100-SXM4-40GB MIG 4g.20gb (0),1,,13,"void convert_kernel<__half2, float2>(tensor_layout_any, T1 *, tensor_layout_any, const T2 *)"
15918711169,5984,303472,,,,,,,,,,0.094,15657.726,Pinned,Device,NVIDIA A100-SXM4-40GB MIG 4g.20gb (0),1,,13,[CUDA memcpy Host-to-Device]
15918758368,56128,303473,,,,,,,,,,35.810,637989.535,Device,,NVIDIA A100-SXM4-40GB MIG 4g.20gb (0),1,,13,[CUDA memset]
15918815904,2272,303475,,,,,,,,,,0.000,35.211,Pinned,Device,NVIDIA A100-SXM4-40GB MIG 4g.20gb (0),1,,13,[CUDA memcpy Host-to-Device]
15918824896,11487,303476,,,,,,,,,,0.197,17115.513,Pinned,Device,NVIDIA A100-SXM4-40GB MIG 4g.20gb (0),1,,13,[CUDA memcpy Host-to-Device]
15918907103,36383,303477,273,1,1,48,1,1,40,0.000,0.001,,,,,NVIDIA A100-SXM4-40GB MIG 4g.20gb (0),1,,13,"void pusch_noise_intf_est::noiseIntfEstNoDftSOfdmKernel<float, __half, float, float, (unsigned int)2, (unsigned int)1, (unsigned char)4, (unsigned char)4>(pusch_noise_intf_est::puschRxNoiseIntfEstDynDescr)"
15918969438,10848,303488,35,1,1,128,1,1,16,0.000,0.000,,,,,NVIDIA A100-SXM4-40GB MIG 4g.20gb (0),1,,13,cupy_copy__complex64_complex64
15919022717,6112,303497,1,1,1,1,1,1,18,0.000,0.000,,,,,NVIDIA A100-SXM4-40GB MIG 4g.20gb (0),1,,13,cupy_copy__float32_float32
15919036861,1600,303503,,,,,,,,,,0.000,2.500,Device,Pageable,NVIDIA A100-SXM4-40GB MIG 4g.20gb (0),1,,7,[CUDA memcpy Device-to-Host]
15919118108,16672,303514,1434,1,1,128,1,1,16,0.000,0.000,,,,,NVIDIA A100-SXM4-40GB MIG 4g.20gb (0),1,,13,cupy_copy__complex64_complex64
15919187291,5472,303521,103,1,1,128,1,1,16,0.000,0.000,,,,,NVIDIA A100-SXM4-40GB MIG 4g.20gb (0),1,,13,cupy_copy__complex64_complex64
15919214107,9024,303528,35,1,1,128,1,1,16,0.000,0.000,,,,,NVIDIA A100-SXM4-40GB MIG 4g.20gb (0),1,,13,cupy_copy__complex64_complex64
15919277722,4032,303535,1,1,1,1,1,1,18,0.000,0.000,,,,,NVIDIA A100-SXM4-40GB MIG 4g.20gb (0),1,,13,cupy_copy__float32_float32
15919311002,294237,303546,1,1,1,32,32,1,30,0.000,0.000,,,,,NVIDIA A100-SXM4-40GB MIG 4g.20gb (0),1,,13,"void convert_kernel<__half2, float2>(tensor_layout_any, T1 *, tensor_layout_any, const T2 *)"
15919633910,5888,303549,,,,,,,,,,0.094,15912.954,Pinned,Device,NVIDIA A100-SXM4-40GB MIG 4g.20gb (0),1,,13,[CUDA memcpy Host-to-Device]
15919657014,8608,303550,,,,,,,,,,1.547,179672.857,Device,,NVIDIA A100-SXM4-40GB MIG 4g.20gb (0),1,,13,[CUDA memset]
15919669558,3488,303555,,,,,,,,,,0.031,8972.469,Pinned,Device,NVIDIA A100-SXM4-40GB MIG 4g.20gb (0),1,,13,[CUDA memcpy Host-to-Device]
15919679990,15808,303556,,,,,,,,,,0.197,12437.225,Pinned,Device,NVIDIA A100-SXM4-40GB MIG 4g.20gb (0),1,,13,[CUDA memcpy Host-to-Device]
15919744181,32352,303557,273,1,1,8,4,1,39,0.002,0.000,,,,,NVIDIA A100-SXM4-40GB MIG 4g.20gb (0),1,,13,"void channel_eq::eqMmseCoefCompLowMimoKernel<float, float, float, (unsigned int)4, (unsigned int)1, (unsigned int)4>(const channel_eq::_puschRxChEqStatDescr *, channel_eq::_puschRxChEqCoefCompDynDescr)"
15919817588,26464,303558,273,1,1,12,11,1,51,0.002,0.000,,,,,NVIDIA A100-SXM4-40GB MIG 4g.20gb (0),1,,13,"void channel_eq::eqMmseSoftDemapKernel<float, __half, __half, float, (unsigned int)4, (unsigned short)16383>(channel_eq::_puschRxChEqStatDescr *, channel_eq::_puschRxChEqSoftDemapDynDescr)"
15919884724,779767,303559,1,1,1,32,32,1,30,0.000,0.000,,,,,NVIDIA A100-SXM4-40GB MIG 4g.20gb (0),1,,13,"void convert_kernel<float2, __half2>(tensor_layout_any, T1 *, tensor_layout_any, const T2 *)"
15920885512,19168,303571,2253,1,1,128,1,1,16,0.000,0.000,,,,,NVIDIA A100-SXM4-40GB MIG 4g.20gb (0),1,,13,cupy_copy__float16_float16
15920950440,6464,303580,282,1,1,128,1,1,16,0.000,0.000,,,,,NVIDIA A100-SXM4-40GB MIG 4g.20gb (0),1,,13,cupy_copy__complex64_complex64
15921212837,9312,303589,26,1,1,128,1,1,16,0.000,0.000,,,,,NVIDIA A100-SXM4-40GB MIG 4g.20gb (0),1,,13,cupy_copy__float32_float32
15921484866,10751,303598,103,1,1,128,1,1,16,0.000,0.000,,,,,NVIDIA A100-SXM4-40GB MIG 4g.20gb (0),1,,13,cupy_copy__complex64_complex64
15921571809,17983,303608,1434,1,1,128,1,1,16,0.000,0.000,,,,,NVIDIA A100-SXM4-40GB MIG 4g.20gb (0),1,,13,cupy_copy__complex64_complex64
15921837534,296412,303613,1,1,1,32,32,1,30,0.000,0.000,,,,,NVIDIA A100-SXM4-40GB MIG 4g.20gb (0),1,,13,"void convert_kernel<__half2, float2>(tensor_layout_any, T1 *, tensor_layout_any, const T2 *)"
15922166362,6656,303616,,,,,,,,,,0.094,14076.887,Pinned,Device,NVIDIA A100-SXM4-40GB MIG 4g.20gb (0),1,,13,[CUDA memcpy Host-to-Device]
15922423191,625433,303617,,,,,,,,,,456.561,729585.181,Device,,NVIDIA A100-SXM4-40GB MIG 4g.20gb (0),1,,13,[CUDA memset]
15923053648,65727,303622,,,,,,,,,,1.235,18788.438,Pinned,Device,NVIDIA A100-SXM4-40GB MIG 4g.20gb (0),1,,13,[CUDA memcpy Host-to-Device]
15923125679,11072,303623,,,,,,,,,,0.197,17757.045,Pinned,Device,NVIDIA A100-SXM4-40GB MIG 4g.20gb (0),1,,13,[CUDA memcpy Host-to-Device]
15923379244,29024,303624,69,4,1,48,1,1,76,0.002,0.000,,,,,NVIDIA A100-SXM4-40GB MIG 4g.20gb (0),1,,13,"void ch_est::windowedChEstPreNoDftSOfdmKernel<float, __half, float, (unsigned int)2, (unsigned int)1, (unsigned short)4>(ch_est::puschRxChEstStatDescr_t *, ch_est::puschRxChEstDynDescr_t *)"
15923680553,31999,303625,137,2,1,24,2,1,44,0.001,0.001,,,,,NVIDIA A100-SXM4-40GB MIG 4g.20gb (0),1,,13,"void ch_est::chEstFilterNoDftSOfdmDispatchKernel<float, __half, float, (unsigned int)2>(ch_est::puschRxChEstStatDescr_t *, ch_est::puschRxChEstDynDescr_t *)"
15923944742,20192,303626,137,2,1,24,2,1,44,0.001,0.001,,,,,NVIDIA A100-SXM4-40GB MIG 4g.20gb (0),1,,13,"void ch_est::chEstFilterNoDftSOfdmDispatchKernel<float, __half, float, (unsigned int)2>(ch_est::puschRxChEstStatDescr_t *, ch_est::puschRxChEstDynDescr_t *)"
15924004869,7840,303637,103,1,1,128,1,1,16,0.000,0.000,,,,,NVIDIA A100-SXM4-40GB MIG 4g.20gb (0),1,,13,cupy_copy__complex64_complex64
15924068516,16256,303647,1434,1,1,128,1,1,16,0.000,0.000,,,,,NVIDIA A100-SXM4-40GB MIG 4g.20gb (0),1,,13,cupy_copy__complex64_complex64
15924131524,5216,303654,103,1,1,128,1,1,16,0.000,0.000,,,,,NVIDIA A100-SXM4-40GB MIG 4g.20gb (0),1,,13,cupy_copy__complex64_complex64
15924191107,311037,303661,1,1,1,32,32,1,30,0.000,0.000,,,,,NVIDIA A100-SXM4-40GB MIG 4g.20gb (0),1,,13,"void convert_kernel<__half2, float2>(tensor_layout_any, T1 *, tensor_layout_any, const T2 *)"
15924532159,5952,303664,,,,,,,,,,0.094,15741.865,Pinned,Device,NVIDIA A100-SXM4-40GB MIG 4g.20gb (0),1,,13,[CUDA memcpy Host-to-Device]
15924590879,59999,303665,,,,,,,,,,35.810,596808.127,Device,,NVIDIA A100-SXM4-40GB MIG 4g.20gb (0),1,,13,[CUDA memset]
15924656510,6240,303667,,,,,,,,,,0.000,12.820,Pinned,Device,NVIDIA A100-SXM4-40GB MIG 4g.20gb (0),1,,13,[CUDA memcpy Host-to-Device]
15924668670,12704,303668,,,,,,,,,,0.197,15475.999,Pinned,Device,NVIDIA A100-SXM4-40GB MIG 4g.20gb (0),1,,13,[CUDA memcpy Host-to-Device]
15924737341,27744,303669,273,1,1,48,1,1,40,0.000,0.001,,,,,NVIDIA A100-SXM4-40GB MIG 4g.20gb (0),1,,13,"void pusch_noise_intf_est::noiseIntfEstNoDftSOfdmKernel<float, __half, float, float, (unsigned int)2, (unsigned int)1, (unsigned char)4, (unsigned char)4>(pusch_noise_intf_est::puschRxNoiseIntfEstDynDescr)"
15924788604,8320,303680,35,1,1,128,1,1,16,0.000,0.000,,,,,NVIDIA A100-SXM4-40GB MIG 4g.20gb (0),1,,13,cupy_copy__complex64_complex64
15924842844,4832,303689,1,1,1,1,1,1,18,0.000,0.000,,,,,NVIDIA A100-SXM4-40GB MIG 4g.20gb (0),1,,13,cupy_copy__float32_float32
15924850620,2016,303695,,,,,,,,,,0.000,1.984,Device,Pageable,NVIDIA A100-SXM4-40GB MIG 4g.20gb (0),1,,7,[CUDA memcpy Device-to-Host]
15924925979,16864,303706,1434,1,1,128,1,1,16,0.000,0.000,,,,,NVIDIA A100-SXM4-40GB MIG 4g.20gb (0),1,,13,cupy_copy__complex64_complex64
15924960730,5600,303713,103,1,1,128,1,1,16,0.000,0.000,,,,,NVIDIA A100-SXM4-40GB MIG 4g.20gb (0),1,,13,cupy_copy__complex64_complex64
15925018170,12768,303720,35,1,1,128,1,1,16,0.000,0.000,,,,,NVIDIA A100-SXM4-40GB MIG 4g.20gb (0),1,,13,cupy_copy__complex64_complex64
15925095833,5728,303727,1,1,1,1,1,1,18,0.000,0.000,,,,,NVIDIA A100-SXM4-40GB MIG 4g.20gb (0),1,,13,cupy_copy__float32_float32
15925132152,290525,303738,1,1,1,32,32,1,30,0.000,0.000,,,,,NVIDIA A100-SXM4-40GB MIG 4g.20gb (0),1,,13,"void convert_kernel<__half2, float2>(tensor_layout_any, T1 *, tensor_layout_any, const T2 *)"
15925451925,6304,303741,,,,,,,,,,0.094,14862.903,Pinned,Device,NVIDIA A100-SXM4-40GB MIG 4g.20gb (0),1,,13,[CUDA memcpy Host-to-Device]
15925483253,9503,303742,,,,,,,,,,1.547,162749.697,Device,,NVIDIA A100-SXM4-40GB MIG 4g.20gb (0),1,,13,[CUDA memset]
15925501332,8224,303747,,,,,,,,,,0.031,3805.437,Pinned,Device,NVIDIA A100-SXM4-40GB MIG 4g.20gb (0),1,,13,[CUDA memcpy Host-to-Device]
15925520724,21536,303748,,,,,,,,,,0.197,9129.099,Pinned,Device,NVIDIA A100-SXM4-40GB MIG 4g.20gb (0),1,,13,[CUDA memcpy Host-to-Device]
15925550964,28543,303749,273,1,1,8,4,1,39,0.002,0.000,,,,,NVIDIA A100-SXM4-40GB MIG 4g.20gb (0),1,,13,"void channel_eq::eqMmseCoefCompLowMimoKernel<float, float, float, (unsigned int)4, (unsigned int)1, (unsigned int)4>(const channel_eq::_puschRxChEqStatDescr *, channel_eq::_puschRxChEqCoefCompDynDescr)"
15925626259,27488,303750,273,1,1,12,11,1,51,0.002,0.000,,,,,NVIDIA A100-SXM4-40GB MIG 4g.20gb (0),1,,13,"void channel_eq::eqMmseSoftDemapKernel<float, __half, __half, float, (unsigned int)4, (unsigned short)16383>(channel_eq::_puschRxChEqStatDescr *, channel_eq::_puschRxChEqSoftDemapDynDescr)"
15925691346,763704,303751,1,1,1,32,32,1,30,0.000,0.000,,,,,NVIDIA A100-SXM4-40GB MIG 4g.20gb (0),1,,13,"void convert_kernel<float2, __half2>(tensor_layout_any, T1 *, tensor_layout_any, const T2 *)"
15926499593,15360,303763,2253,1,1,128,1,1,16,0.000,0.000,,,,,NVIDIA A100-SXM4-40GB MIG 4g.20gb (0),1,,13,cupy_copy__float16_float16
15926574312,13120,303772,282,1,1,128,1,1,16,0.000,0.000,,,,,NVIDIA A100-SXM4-40GB MIG 4g.20gb (0),1,,13,cupy_copy__complex64_complex64
15926622920,3968,303781,26,1,1,128,1,1,16,0.000,0.000,,,,,NVIDIA A100-SXM4-40GB MIG 4g.20gb (0),1,,13,cupy_copy__float32_float32
15926674631,11360,303790,103,1,1,128,1,1,16,0.000,0.000,,,,,NVIDIA A100-SXM4-40GB MIG 4g.20gb (0),1,,13,cupy_copy__complex64_complex64
15926744710,17728,303800,1434,1,1,128,1,1,16,0.000,0.000,,,,,NVIDIA A100-SXM4-40GB MIG 4g.20gb (0),1,,13,cupy_copy__complex64_complex64
15926808934,321596,303805,1,1,1,32,32,1,30,0.000,0.000,,,,,NVIDIA A100-SXM4-40GB MIG 4g.20gb (0),1,,13,"void convert_kernel<__half2, float2>(tensor_layout_any, T1 *, tensor_layout_any, const T2 *)"
15927158882,7008,303808,,,,,,,,,,0.094,13369.857,Pinned,Device,NVIDIA A100-SXM4-40GB MIG 4g.20gb (0),1,,13,[CUDA memcpy Host-to-Device]
15927218305,621145,303809,,,,,,,,,,456.561,734607.357,Device,,NVIDIA A100-SXM4-40GB MIG 4g.20gb (0),1,,13,[CUDA memset]
15927844506,64383,303814,,,,,,,,,,1.235,19181.150,Pinned,Device,NVIDIA A100-SXM4-40GB MIG 4g.20gb (0),1,,13,[CUDA memcpy Host-to-Device]
15927911993,16672,303815,,,,,,,,,,0.197,11792.548,Pinned,Device,NVIDIA A100-SXM4-40GB MIG 4g.20gb (0),1,,13,[CUDA memcpy Host-to-Device]
15927975832,25984,303816,69,4,1,48,1,1,76,0.002,0.000,,,,,NVIDIA A100-SXM4-40GB MIG 4g.20gb (0),1,,13,"void ch_est::windowedChEstPreNoDftSOfdmKernel<float, __half, float, (unsigned int)2, (unsigned int)1, (unsigned short)4>(ch_est::puschRxChEstStatDescr_t *, ch_est::puschRxChEstDynDescr_t *)"
15928045240,25471,303817,137,2,1,24,2,1,44,0.001,0.001,,,,,NVIDIA A100-SXM4-40GB MIG 4g.20gb (0),1,,13,"void ch_est::chEstFilterNoDftSOfdmDispatchKernel<float, __half, float, (unsigned int)2>(ch_est::puschRxChEstStatDescr_t *, ch_est::puschRxChEstDynDescr_t *)"
15928101335,22912,303818,137,2,1,24,2,1,44,0.001,0.001,,,,,NVIDIA A100-SXM4-40GB MIG 4g.20gb (0),1,,13,"void ch_est::chEstFilterNoDftSOfdmDispatchKernel<float, __half, float, (unsigned int)2>(ch_est::puschRxChEstStatDescr_t *, ch_est::puschRxChEstDynDescr_t *)"
15928161654,7200,303829,103,1,1,128,1,1,16,0.000,0.000,,,,,NVIDIA A100-SXM4-40GB MIG 4g.20gb (0),1,,13,cupy_copy__complex64_complex64
15928223158,16895,303839,1434,1,1,128,1,1,16,0.000,0.000,,,,,NVIDIA A100-SXM4-40GB MIG 4g.20gb (0),1,,13,cupy_copy__complex64_complex64
15928286613,4832,303846,103,1,1,128,1,1,16,0.000,0.000,,,,,NVIDIA A100-SXM4-40GB MIG 4g.20gb (0),1,,13,cupy_copy__complex64_complex64
15928343892,309341,303853,1,1,1,32,32,1,30,0.000,0.000,,,,,NVIDIA A100-SXM4-40GB MIG 4g.20gb (0),1,,13,"void convert_kernel<__half2, float2>(tensor_layout_any, T1 *, tensor_layout_any, const T2 *)"
15928683920,6400,303856,,,,,,,,,,0.094,14640.000,Pinned,Device,NVIDIA A100-SXM4-40GB MIG 4g.20gb (0),1,,13,[CUDA memcpy Host-to-Device]
15928734992,60223,303857,,,,,,,,,,35.810,594587.912,Device,,NVIDIA A100-SXM4-40GB MIG 4g.20gb (0),1,,13,[CUDA memset]
15928799279,7552,303859,,,,,,,,,,0.000,10.593,Pinned,Device,NVIDIA A100-SXM4-40GB MIG 4g.20gb (0),1,,13,[CUDA memcpy Host-to-Device]
15928809295,9600,303860,,,,,,,,,,0.197,20479.869,Pinned,Device,NVIDIA A100-SXM4-40GB MIG 4g.20gb (0),1,,13,[CUDA memcpy Host-to-Device]
15928881678,22368,303861,273,1,1,48,1,1,40,0.000,0.001,,,,,NVIDIA A100-SXM4-40GB MIG 4g.20gb (0),1,,13,"void pusch_noise_intf_est::noiseIntfEstNoDftSOfdmKernel<float, __half, float, float, (unsigned int)2, (unsigned int)1, (unsigned char)4, (unsigned char)4>(pusch_noise_intf_est::puschRxNoiseIntfEstDynDescr)"
15928936270,5472,303872,35,1,1,128,1,1,16,0.000,0.000,,,,,NVIDIA A100-SXM4-40GB MIG 4g.20gb (0),1,,13,cupy_copy__complex64_complex64
15929009677,7296,303881,1,1,1,1,1,1,18,0.000,0.000,,,,,NVIDIA A100-SXM4-40GB MIG 4g.20gb (0),1,,13,cupy_copy__float32_float32
15929022413,1600,303887,,,,,,,,,,0.000,2.500,Device,Pageable,NVIDIA A100-SXM4-40GB MIG 4g.20gb (0),1,,7,[CUDA memcpy Device-to-Host]
15929114252,16447,303898,1434,1,1,128,1,1,16,0.000,0.000,,,,,NVIDIA A100-SXM4-40GB MIG 4g.20gb (0),1,,13,cupy_copy__complex64_complex64
15929178155,10272,303905,103,1,1,128,1,1,16,0.000,0.000,,,,,NVIDIA A100-SXM4-40GB MIG 4g.20gb (0),1,,13,cupy_copy__complex64_complex64
15929232938,8448,303912,35,1,1,128,1,1,16,0.000,0.000,,,,,NVIDIA A100-SXM4-40GB MIG 4g.20gb (0),1,,13,cupy_copy__complex64_complex64
15929298858,7199,303919,1,1,1,1,1,1,18,0.000,0.000,,,,,NVIDIA A100-SXM4-40GB MIG 4g.20gb (0),1,,13,cupy_copy__float32_float32
15929331529,300157,303930,1,1,1,32,32,1,30,0.000,0.000,,,,,NVIDIA A100-SXM4-40GB MIG 4g.20gb (0),1,,13,"void convert_kernel<__half2, float2>(tensor_layout_any, T1 *, tensor_layout_any, const T2 *)"
15929660293,5920,303933,,,,,,,,,,0.094,15826.941,Pinned,Device,NVIDIA A100-SXM4-40GB MIG 4g.20gb (0),1,,13,[CUDA memcpy Host-to-Device]
15929687813,8512,303934,,,,,,,,,,1.547,181698.934,Device,,NVIDIA A100-SXM4-40GB MIG 4g.20gb (0),1,,13,[CUDA memset]
15929704581,6912,303939,,,,,,,,,,0.031,4527.749,Pinned,Device,NVIDIA A100-SXM4-40GB MIG 4g.20gb (0),1,,13,[CUDA memcpy Host-to-Device]
15929714053,16512,303940,,,,,,,,,,0.197,11906.974,Pinned,Device,NVIDIA A100-SXM4-40GB MIG 4g.20gb (0),1,,13,[CUDA memcpy Host-to-Device]
15929773540,33440,303941,273,1,1,8,4,1,39,0.002,0.000,,,,,NVIDIA A100-SXM4-40GB MIG 4g.20gb (0),1,,13,"void channel_eq::eqMmseCoefCompLowMimoKernel<float, float, float, (unsigned int)4, (unsigned int)1, (unsigned int)4>(const channel_eq::_puschRxChEqStatDescr *, channel_eq::_puschRxChEqCoefCompDynDescr)"
15929843715,28480,303942,273,1,1,12,11,1,51,0.002,0.000,,,,,NVIDIA A100-SXM4-40GB MIG 4g.20gb (0),1,,13,"void channel_eq::eqMmseSoftDemapKernel<float, __half, __half, float, (unsigned int)4, (unsigned short)16383>(channel_eq::_puschRxChEqStatDescr *, channel_eq::_puschRxChEqSoftDemapDynDescr)"
15929908355,766903,303943,1,1,1,32,32,1,30,0.000,0.000,,,,,NVIDIA A100-SXM4-40GB MIG 4g.20gb (0),1,,13,"void convert_kernel<float2, __half2>(tensor_layout_any, T1 *, tensor_layout_any, const T2 *)"
15930726489,15296,303955,2253,1,1,128,1,1,16,0.000,0.000,,,,,NVIDIA A100-SXM4-40GB MIG 4g.20gb (0),1,,13,cupy_copy__float16_float16
15930793593,9536,303964,282,1,1,128,1,1,16,0.000,0.000,,,,,NVIDIA A100-SXM4-40GB MIG 4g.20gb (0),1,,13,cupy_copy__complex64_complex64
15930850232,7904,303973,26,1,1,128,1,1,16,0.000,0.000,,,,,NVIDIA A100-SXM4-40GB MIG 4g.20gb (0),1,,13,cupy_copy__float32_float32
15930899639,7264,303982,103,1,1,128,1,1,16,0.000,0.000,,,,,NVIDIA A100-SXM4-40GB MIG 4g.20gb (0),1,,13,cupy_copy__complex64_complex64
15930964855,17376,303992,1434,1,1,128,1,1,16,0.000,0.000,,,,,NVIDIA A100-SXM4-40GB MIG 4g.20gb (0),1,,13,cupy_copy__complex64_complex64
15931034710,315420,303997,1,1,1,32,32,1,30,0.000,0.000,,,,,NVIDIA A100-SXM4-40GB MIG 4g.20gb (0),1,,13,"void convert_kernel<__half2, float2>(tensor_layout_any, T1 *, tensor_layout_any, const T2 *)"
15931378066,5888,304000,,,,,,,,,,0.094,15912.954,Pinned,Device,NVIDIA A100-SXM4-40GB MIG 4g.20gb (0),1,,13,[CUDA memcpy Host-to-Device]
15931441137,621017,304001,,,,,,,,,,456.561,735063.918,Device,,NVIDIA A100-SXM4-40GB MIG 4g.20gb (0),1,,13,[CUDA memset]
15932067978,65760,304006,,,,,,,,,,1.235,18778.558,Pinned,Device,NVIDIA A100-SXM4-40GB MIG 4g.20gb (0),1,,13,[CUDA memcpy Host-to-Device]
15932136906,16991,304007,,,,,,,,,,0.197,11571.167,Pinned,Device,NVIDIA A100-SXM4-40GB MIG 4g.20gb (0),1,,13,[CUDA memcpy Host-to-Device]
15932193865,19776,304008,69,4,1,48,1,1,76,0.002,0.000,,,,,NVIDIA A100-SXM4-40GB MIG 4g.20gb (0),1,,13,"void ch_est::windowedChEstPreNoDftSOfdmKernel<float, __half, float, (unsigned int)2, (unsigned int)1, (unsigned short)4>(ch_est::puschRxChEstStatDescr_t *, ch_est::puschRxChEstDynDescr_t *)"
15932260904,27264,304009,137,2,1,24,2,1,44,0.001,0.001,,,,,NVIDIA A100-SXM4-40GB MIG 4g.20gb (0),1,,13,"void ch_est::chEstFilterNoDftSOfdmDispatchKernel<float, __half, float, (unsigned int)2>(ch_est::puschRxChEstStatDescr_t *, ch_est::puschRxChEstDynDescr_t *)"
15932325415,30688,304010,137,2,1,24,2,1,44,0.001,0.001,,,,,NVIDIA A100-SXM4-40GB MIG 4g.20gb (0),1,,13,"void ch_est::chEstFilterNoDftSOfdmDispatchKernel<float, __half, float, (unsigned int)2>(ch_est::puschRxChEstStatDescr_t *, ch_est::puschRxChEstDynDescr_t *)"
15932382919,6432,304021,103,1,1,128,1,1,16,0.000,0.000,,,,,NVIDIA A100-SXM4-40GB MIG 4g.20gb (0),1,,13,cupy_copy__complex64_complex64
15932437286,18112,304031,1434,1,1,128,1,1,16,0.000,0.000,,,,,NVIDIA A100-SXM4-40GB MIG 4g.20gb (0),1,,13,cupy_copy__complex64_complex64
15932510405,8192,304038,103,1,1,128,1,1,16,0.000,0.000,,,,,NVIDIA A100-SXM4-40GB MIG 4g.20gb (0),1,,13,cupy_copy__complex64_complex64
15932568197,321212,304045,1,1,1,32,32,1,30,0.000,0.000,,,,,NVIDIA A100-SXM4-40GB MIG 4g.20gb (0),1,,13,"void convert_kernel<__half2, float2>(tensor_layout_any, T1 *, tensor_layout_any, const T2 *)"
15932918753,6240,304048,,,,,,,,,,0.094,15015.346,Pinned,Device,NVIDIA A100-SXM4-40GB MIG 4g.20gb (0),1,,13,[CUDA memcpy Host-to-Device]
15932978112,57855,304049,,,,,,,,,,35.810,618938.657,Device,,NVIDIA A100-SXM4-40GB MIG 4g.20gb (0),1,,13,[CUDA memset]
15933037119,5472,304051,,,,,,,,,,0.000,14.620,Pinned,Device,NVIDIA A100-SXM4-40GB MIG 4g.20gb (0),1,,13,[CUDA memcpy Host-to-Device]
15933044735,11872,304052,,,,,,,,,,0.197,16560.488,Pinned,Device,NVIDIA A100-SXM4-40GB MIG 4g.20gb (0),1,,13,[CUDA memcpy Host-to-Device]
15933129566,30304,304053,273,1,1,48,1,1,40,0.000,0.001,,,,,NVIDIA A100-SXM4-40GB MIG 4g.20gb (0),1,,13,"void pusch_noise_intf_est::noiseIntfEstNoDftSOfdmKernel<float, __half, float, float, (unsigned int)2, (unsigned int)1, (unsigned char)4, (unsigned char)4>(pusch_noise_intf_est::puschRxNoiseIntfEstDynDescr)"
15933209245,8128,304064,35,1,1,128,1,1,16,0.000,0.000,,,,,NVIDIA A100-SXM4-40GB MIG 4g.20gb (0),1,,13,cupy_copy__complex64_complex64
15933266621,4992,304073,1,1,1,1,1,1,18,0.000,0.000,,,,,NVIDIA A100-SXM4-40GB MIG 4g.20gb (0),1,,13,cupy_copy__float32_float32
15933279069,1408,304079,,,,,,,,,,0.000,2.841,Device,Pageable,NVIDIA A100-SXM4-40GB MIG 4g.20gb (0),1,,7,[CUDA memcpy Device-to-Host]
15933355644,16704,304090,1434,1,1,128,1,1,16,0.000,0.000,,,,,NVIDIA A100-SXM4-40GB MIG 4g.20gb (0),1,,13,cupy_copy__complex64_complex64
15933393435,4736,304097,103,1,1,128,1,1,16,0.000,0.000,,,,,NVIDIA A100-SXM4-40GB MIG 4g.20gb (0),1,,13,cupy_copy__complex64_complex64
15933451035,12128,304104,35,1,1,128,1,1,16,0.000,0.000,,,,,NVIDIA A100-SXM4-40GB MIG 4g.20gb (0),1,,13,cupy_copy__complex64_complex64
15933515066,4608,304111,1,1,1,1,1,1,18,0.000,0.000,,,,,NVIDIA A100-SXM4-40GB MIG 4g.20gb (0),1,,13,cupy_copy__float32_float32
15933545690,305020,304122,1,1,1,32,32,1,30,0.000,0.000,,,,,NVIDIA A100-SXM4-40GB MIG 4g.20gb (0),1,,13,"void convert_kernel<__half2, float2>(tensor_layout_any, T1 *, tensor_layout_any, const T2 *)"
15933879606,5696,304125,,,,,,,,,,0.094,16449.363,Pinned,Device,NVIDIA A100-SXM4-40GB MIG 4g.20gb (0),1,,13,[CUDA memcpy Host-to-Device]
15933905526,11103,304126,,,,,,,,,,1.547,139296.691,Device,,NVIDIA A100-SXM4-40GB MIG 4g.20gb (0),1,,13,[CUDA memset]
15933921269,7680,304131,,,,,,,,,,0.031,4074.990,Pinned,Device,NVIDIA A100-SXM4-40GB MIG 4g.20gb (0),1,,13,[CUDA memcpy Host-to-Device]
15933935029,17152,304132,,,,,,,,,,0.197,11462.640,Pinned,Device,NVIDIA A100-SXM4-40GB MIG 4g.20gb (0),1,,13,[CUDA memcpy Host-to-Device]
15933985973,30847,304133,273,1,1,8,4,1,39,0.002,0.000,,,,,NVIDIA A100-SXM4-40GB MIG 4g.20gb (0),1,,13,"void channel_eq::eqMmseCoefCompLowMimoKernel<float, float, float, (unsigned int)4, (unsigned int)1, (unsigned int)4>(const channel_eq::_puschRxChEqStatDescr *, channel_eq::_puschRxChEqCoefCompDynDescr)"
15934046580,27552,304134,273,1,1,12,11,1,51,0.002,0.000,,,,,NVIDIA A100-SXM4-40GB MIG 4g.20gb (0),1,,13,"void channel_eq::eqMmseSoftDemapKernel<float, __half, __half, float, (unsigned int)4, (unsigned short)16383>(channel_eq::_puschRxChEqStatDescr *, channel_eq::_puschRxChEqSoftDemapDynDescr)"
15934110739,772248,304135,1,1,1,32,32,1,30,0.000,0.000,,,,,NVIDIA A100-SXM4-40GB MIG 4g.20gb (0),1,,13,"void convert_kernel<float2, __half2>(tensor_layout_any, T1 *, tensor_layout_any, const T2 *)"
15934933098,15520,304147,2253,1,1,128,1,1,16,0.000,0.000,,,,,NVIDIA A100-SXM4-40GB MIG 4g.20gb (0),1,,13,cupy_copy__float16_float16
15935001129,8480,304156,282,1,1,128,1,1,16,0.000,0.000,,,,,NVIDIA A100-SXM4-40GB MIG 4g.20gb (0),1,,13,cupy_copy__complex64_complex64
15935057961,8992,304165,26,1,1,128,1,1,16,0.000,0.000,,,,,NVIDIA A100-SXM4-40GB MIG 4g.20gb (0),1,,13,cupy_copy__float32_float32
15935107272,9440,304174,103,1,1,128,1,1,16,0.000,0.000,,,,,NVIDIA A100-SXM4-40GB MIG 4g.20gb (0),1,,13,cupy_copy__complex64_complex64
15935167751,17376,304184,1434,1,1,128,1,1,16,0.000,0.000,,,,,NVIDIA A100-SXM4-40GB MIG 4g.20gb (0),1,,13,cupy_copy__complex64_complex64
15935209095,311740,304189,1,1,1,32,32,1,30,0.000,0.000,,,,,NVIDIA A100-SXM4-40GB MIG 4g.20gb (0),1,,13,"void convert_kernel<__half2, float2>(tensor_layout_any, T1 *, tensor_layout_any, const T2 *)"
15935549507,6016,304192,,,,,,,,,,0.094,15574.430,Pinned,Device,NVIDIA A100-SXM4-40GB MIG 4g.20gb (0),1,,13,[CUDA memcpy Host-to-Device]
15935614914,614169,304193,,,,,,,,,,456.561,743282.024,Device,,NVIDIA A100-SXM4-40GB MIG 4g.20gb (0),1,,13,[CUDA memset]
15936234043,70144,304198,,,,,,,,,,1.235,17605.362,Pinned,Device,NVIDIA A100-SXM4-40GB MIG 4g.20gb (0),1,,13,[CUDA memcpy Host-to-Device]
15936306683,12415,304199,,,,,,,,,,0.197,15836.185,Pinned,Device,NVIDIA A100-SXM4-40GB MIG 4g.20gb (0),1,,13,[CUDA memcpy Host-to-Device]
15936364506,26272,304200,69,4,1,48,1,1,76,0.002,0.000,,,,,NVIDIA A100-SXM4-40GB MIG 4g.20gb (0),1,,13,"void ch_est::windowedChEstPreNoDftSOfdmKernel<float, __half, float, (unsigned int)2, (unsigned int)1, (unsigned short)4>(ch_est::puschRxChEstStatDescr_t *, ch_est::puschRxChEstDynDescr_t *)"
15936437433,31424,304201,137,2,1,24,2,1,44,0.001,0.001,,,,,NVIDIA A100-SXM4-40GB MIG 4g.20gb (0),1,,13,"void ch_est::chEstFilterNoDftSOfdmDispatchKernel<float, __half, float, (unsigned int)2>(ch_est::puschRxChEstStatDescr_t *, ch_est::puschRxChEstDynDescr_t *)"
15936491544,22112,304202,137,2,1,24,2,1,44,0.001,0.001,,,,,NVIDIA A100-SXM4-40GB MIG 4g.20gb (0),1,,13,"void ch_est::chEstFilterNoDftSOfdmDispatchKernel<float, __half, float, (unsigned int)2>(ch_est::puschRxChEstStatDescr_t *, ch_est::puschRxChEstDynDescr_t *)"
15936551768,7072,304213,103,1,1,128,1,1,16,0.000,0.000,,,,,NVIDIA A100-SXM4-40GB MIG 4g.20gb (0),1,,13,cupy_copy__complex64_complex64
15936613015,16288,304223,1434,1,1,128,1,1,16,0.000,0.000,,,,,NVIDIA A100-SXM4-40GB MIG 4g.20gb (0),1,,13,cupy_copy__complex64_complex64
15936676310,6400,304230,103,1,1,128,1,1,16,0.000,0.000,,,,,NVIDIA A100-SXM4-40GB MIG 4g.20gb (0),1,,13,cupy_copy__complex64_complex64
15936737590,311644,304237,1,1,1,32,32,1,30,0.000,0.000,,,,,NVIDIA A100-SXM4-40GB MIG 4g.20gb (0),1,,13,"void convert_kernel<__half2, float2>(tensor_layout_any, T1 *, tensor_layout_any, const T2 *)"
15937078962,6016,304240,,,,,,,,,,0.094,15574.430,Pinned,Device,NVIDIA A100-SXM4-40GB MIG 4g.20gb (0),1,,13,[CUDA memcpy Host-to-Device]
15937141457,60543,304241,,,,,,,,,,35.810,591472.449,Device,,NVIDIA A100-SXM4-40GB MIG 4g.20gb (0),1,,13,[CUDA memset]
15937203728,1920,304243,,,,,,,,,,0.000,41.667,Pinned,Device,NVIDIA A100-SXM4-40GB MIG 4g.20gb (0),1,,13,[CUDA memcpy Host-to-Device]
15937211184,10208,304244,,,,,,,,,,0.197,19260.113,Pinned,Device,NVIDIA A100-SXM4-40GB MIG 4g.20gb (0),1,,13,[CUDA memcpy Host-to-Device]
15937289967,31584,304245,273,1,1,48,1,1,40,0.000,0.001,,,,,NVIDIA A100-SXM4-40GB MIG 4g.20gb (0),1,,13,"void pusch_noise_intf_est::noiseIntfEstNoDftSOfdmKernel<float, __half, float, float, (unsigned int)2, (unsigned int)1, (unsigned char)4, (unsigned char)4>(pusch_noise_intf_est::puschRxNoiseIntfEstDynDescr)"
15937372783,11935,304256,35,1,1,128,1,1,16,0.000,0.000,,,,,NVIDIA A100-SXM4-40GB MIG 4g.20gb (0),1,,13,cupy_copy__complex64_complex64
15937423118,4928,304265,1,1,1,1,1,1,18,0.000,0.000,,,,,NVIDIA A100-SXM4-40GB MIG 4g.20gb (0),1,,13,cupy_copy__float32_float32
15937432846,1568,304271,,,,,,,,,,0.000,2.551,Device,Pageable,NVIDIA A100-SXM4-40GB MIG 4g.20gb (0),1,,7,[CUDA memcpy Device-to-Host]
15937509325,15648,304282,1434,1,1,128,1,1,16,0.000,0.000,,,,,NVIDIA A100-SXM4-40GB MIG 4g.20gb (0),1,,13,cupy_copy__complex64_complex64
15937573324,6752,304289,103,1,1,128,1,1,16,0.000,0.000,,,,,NVIDIA A100-SXM4-40GB MIG 4g.20gb (0),1,,13,cupy_copy__complex64_complex64
15937638092,9503,304296,35,1,1,128,1,1,16,0.000,0.000,,,,,NVIDIA A100-SXM4-40GB MIG 4g.20gb (0),1,,13,cupy_copy__complex64_complex64
15937700235,3616,304303,1,1,1,1,1,1,18,0.000,0.000,,,,,NVIDIA A100-SXM4-40GB MIG 4g.20gb (0),1,,13,cupy_copy__float32_float32
15937750058,287869,304314,1,1,1,32,32,1,30,0.000,0.000,,,,,NVIDIA A100-SXM4-40GB MIG 4g.20gb (0),1,,13,"void convert_kernel<__half2, float2>(tensor_layout_any, T1 *, tensor_layout_any, const T2 *)"
15938067303,5760,304317,,,,,,,,,,0.094,16266.656,Pinned,Device,NVIDIA A100-SXM4-40GB MIG 4g.20gb (0),1,,13,[CUDA memcpy Host-to-Device]
15938103014,8992,304318,,,,,,,,,,1.547,171998.508,Device,,NVIDIA A100-SXM4-40GB MIG 4g.20gb (0),1,,13,[CUDA memset]
15938113798,3136,304323,,,,,,,,,,0.031,9979.575,Pinned,Device,NVIDIA A100-SXM4-40GB MIG 4g.20gb (0),1,,13,[CUDA memcpy Host-to-Device]
15938124454,13024,304324,,,,,,,,,,0.197,15095.759,Pinned,Device,NVIDIA A100-SXM4-40GB MIG 4g.20gb (0),1,,13,[CUDA memcpy Host-to-Device]
15938165286,27615,304325,273,1,1,8,4,1,39,0.002,0.000,,,,,NVIDIA A100-SXM4-40GB MIG 4g.20gb (0),1,,13,"void channel_eq::eqMmseCoefCompLowMimoKernel<float, float, float, (unsigned int)4, (unsigned int)1, (unsigned int)4>(const channel_eq::_puschRxChEqStatDescr *, channel_eq::_puschRxChEqCoefCompDynDescr)"
15938219365,28992,304326,273,1,1,12,11,1,51,0.002,0.000,,,,,NVIDIA A100-SXM4-40GB MIG 4g.20gb (0),1,,13,"void channel_eq::eqMmseSoftDemapKernel<float, __half, __half, float, (unsigned int)4, (unsigned short)16383>(channel_eq::_puschRxChEqStatDescr *, channel_eq::_puschRxChEqSoftDemapDynDescr)"
15938288868,769368,304327,1,1,1,32,32,1,30,0.000,0.000,,,,,NVIDIA A100-SXM4-40GB MIG 4g.20gb (0),1,,13,"void convert_kernel<float2, __half2>(tensor_layout_any, T1 *, tensor_layout_any, const T2 *)"
15939111291,15264,304339,2253,1,1,128,1,1,16,0.000,0.000,,,,,NVIDIA A100-SXM4-40GB MIG 4g.20gb (0),1,,13,cupy_copy__float16_float16
15939186170,13440,304348,282,1,1,128,1,1,16,0.000,0.000,,,,,NVIDIA A100-SXM4-40GB MIG 4g.20gb (0),1,,13,cupy_copy__complex64_complex64
15939235962,4991,304357,26,1,1,128,1,1,16,0.000,0.000,,,,,NVIDIA A100-SXM4-40GB MIG 4g.20gb (0),1,,13,cupy_copy__float32_float32
15939288953,10944,304366,103,1,1,128,1,1,16,0.000,0.000,,,,,NVIDIA A100-SXM4-40GB MIG 4g.20gb (0),1,,13,cupy_copy__complex64_complex64
15939412184,17823,304376,1434,1,1,128,1,1,16,0.000,0.000,,,,,NVIDIA A100-SXM4-40GB MIG 4g.20gb (0),1,,13,cupy_copy__complex64_complex64
15939480983,310140,304381,1,1,1,32,32,1,30,0.000,0.000,,,,,NVIDIA A100-SXM4-40GB MIG 4g.20gb (0),1,,13,"void convert_kernel<__half2, float2>(tensor_layout_any, T1 *, tensor_layout_any, const T2 *)"
15939819731,5536,304384,,,,,,,,,,0.094,16924.777,Pinned,Device,NVIDIA A100-SXM4-40GB MIG 4g.20gb (0),1,,13,[CUDA memcpy Host-to-Device]
15939865938,613914,304385,,,,,,,,,,456.561,743282.024,Device,,NVIDIA A100-SXM4-40GB MIG 4g.20gb (0),1,,13,[CUDA memset]
15940483211,65088,304390,,,,,,,,,,1.235,18972.445,Pinned,Device,NVIDIA A100-SXM4-40GB MIG 4g.20gb (0),1,,13,[CUDA memcpy Host-to-Device]
15940551179,16800,304391,,,,,,,,,,0.197,11702.698,Pinned,Device,NVIDIA A100-SXM4-40GB MIG 4g.20gb (0),1,,13,[CUDA memcpy Host-to-Device]
15940624490,28640,304392,69,4,1,48,1,1,76,0.002,0.000,,,,,NVIDIA A100-SXM4-40GB MIG 4g.20gb (0),1,,13,"void ch_est::windowedChEstPreNoDftSOfdmKernel<float, __half, float, (unsigned int)2, (unsigned int)1, (unsigned short)4>(ch_est::puschRxChEstStatDescr_t *, ch_est::puschRxChEstDynDescr_t *)"
15940681673,27840,304393,137,2,1,24,2,1,44,0.001,0.001,,,,,NVIDIA A100-SXM4-40GB MIG 4g.20gb (0),1,,13,"void ch_est::chEstFilterNoDftSOfdmDispatchKernel<float, __half, float, (unsigned int)2>(ch_est::puschRxChEstStatDescr_t *, ch_est::puschRxChEstDynDescr_t *)"
15940740489,28959,304394,137,2,1,24,2,1,44,0.001,0.001,,,,,NVIDIA A100-SXM4-40GB MIG 4g.20gb (0),1,,13,"void ch_est::chEstFilterNoDftSOfdmDispatchKernel<float, __half, float, (unsigned int)2>(ch_est::puschRxChEstStatDescr_t *, ch_est::puschRxChEstDynDescr_t *)"
15940803624,7392,304405,103,1,1,128,1,1,16,0.000,0.000,,,,,NVIDIA A100-SXM4-40GB MIG 4g.20gb (0),1,,13,cupy_copy__complex64_complex64
15940859815,16192,304415,1434,1,1,128,1,1,16,0.000,0.000,,,,,NVIDIA A100-SXM4-40GB MIG 4g.20gb (0),1,,13,cupy_copy__complex64_complex64
15940925127,7455,304422,103,1,1,128,1,1,16,0.000,0.000,,,,,NVIDIA A100-SXM4-40GB MIG 4g.20gb (0),1,,13,cupy_copy__complex64_complex64
15940988966,307580,304429,1,1,1,32,32,1,30,0.000,0.000,,,,,NVIDIA A100-SXM4-40GB MIG 4g.20gb (0),1,,13,"void convert_kernel<__half2, float2>(tensor_layout_any, T1 *, tensor_layout_any, const T2 *)"
15941324642,6944,304432,,,,,,,,,,0.094,13493.067,Pinned,Device,NVIDIA A100-SXM4-40GB MIG 4g.20gb (0),1,,13,[CUDA memcpy Host-to-Device]
15941385121,58432,304433,,,,,,,,,,35.810,612815.161,Device,,NVIDIA A100-SXM4-40GB MIG 4g.20gb (0),1,,13,[CUDA memset]
15941446657,3040,304435,,,,,,,,,,0.000,26.316,Pinned,Device,NVIDIA A100-SXM4-40GB MIG 4g.20gb (0),1,,13,[CUDA memcpy Host-to-Device]
15941452129,9471,304436,,,,,,,,,,0.197,20758.856,Pinned,Device,NVIDIA A100-SXM4-40GB MIG 4g.20gb (0),1,,13,[CUDA memcpy Host-to-Device]
15941530656,26367,304437,273,1,1,48,1,1,40,0.000,0.001,,,,,NVIDIA A100-SXM4-40GB MIG 4g.20gb (0),1,,13,"void pusch_noise_intf_est::noiseIntfEstNoDftSOfdmKernel<float, __half, float, float, (unsigned int)2, (unsigned int)1, (unsigned char)4, (unsigned char)4>(pusch_noise_intf_est::puschRxNoiseIntfEstDynDescr)"
15941586399,10688,304448,35,1,1,128,1,1,16,0.000,0.000,,,,,NVIDIA A100-SXM4-40GB MIG 4g.20gb (0),1,,13,cupy_copy__complex64_complex64
15941651998,5568,304457,1,1,1,1,1,1,18,0.000,0.000,,,,,NVIDIA A100-SXM4-40GB MIG 4g.20gb (0),1,,13,cupy_copy__float32_float32
15941663934,1632,304463,,,,,,,,,,0.000,2.451,Device,Pageable,NVIDIA A100-SXM4-40GB MIG 4g.20gb (0),1,,7,[CUDA memcpy Device-to-Host]
15941777085,16992,304474,1434,1,1,128,1,1,16,0.000,0.000,,,,,NVIDIA A100-SXM4-40GB MIG 4g.20gb (0),1,,13,cupy_copy__complex64_complex64
15941841692,10048,304481,103,1,1,128,1,1,16,0.000,0.000,,,,,NVIDIA A100-SXM4-40GB MIG 4g.20gb (0),1,,13,cupy_copy__complex64_complex64
15941963419,8672,304488,35,1,1,128,1,1,16,0.000,0.000,,,,,NVIDIA A100-SXM4-40GB MIG 4g.20gb (0),1,,13,cupy_copy__complex64_complex64
15942210392,6592,304495,1,1,1,1,1,1,18,0.000,0.000,,,,,NVIDIA A100-SXM4-40GB MIG 4g.20gb (0),1,,13,cupy_copy__float32_float32
15942304375,323644,304506,1,1,1,32,32,1,30,0.000,0.000,,,,,NVIDIA A100-SXM4-40GB MIG 4g.20gb (0),1,,13,"void convert_kernel<__half2, float2>(tensor_layout_any, T1 *, tensor_layout_any, const T2 *)"
15942660211,10496,304509,,,,,,,,,,0.094,8926.793,Pinned,Device,NVIDIA A100-SXM4-40GB MIG 4g.20gb (0),1,,13,[CUDA memcpy Host-to-Device]
15942831729,8416,304510,,,,,,,,,,1.547,183771.410,Device,,NVIDIA A100-SXM4-40GB MIG 4g.20gb (0),1,,13,[CUDA memset]
15942844977,6816,304515,,,,,,,,,,0.031,4591.530,Pinned,Device,NVIDIA A100-SXM4-40GB MIG 4g.20gb (0),1,,13,[CUDA memcpy Host-to-Device]
15942858737,17568,304516,,,,,,,,,,0.197,11191.124,Pinned,Device,NVIDIA A100-SXM4-40GB MIG 4g.20gb (0),1,,13,[CUDA memcpy Host-to-Device]
15943097934,21472,304517,273,1,1,8,4,1,39,0.002,0.000,,,,,NVIDIA A100-SXM4-40GB MIG 4g.20gb (0),1,,13,"void channel_eq::eqMmseCoefCompLowMimoKernel<float, float, float, (unsigned int)4, (unsigned int)1, (unsigned int)4>(const channel_eq::_puschRxChEqStatDescr *, channel_eq::_puschRxChEqCoefCompDynDescr)"
15943368971,29856,304518,273,1,1,12,11,1,51,0.002,0.000,,,,,NVIDIA A100-SXM4-40GB MIG 4g.20gb (0),1,,13,"void channel_eq::eqMmseSoftDemapKernel<float, __half, __half, float, (unsigned int)4, (unsigned short)16383>(channel_eq::_puschRxChEqStatDescr *, channel_eq::_puschRxChEqSoftDemapDynDescr)"
15943617000,794423,304519,1,1,1,32,32,1,30,0.000,0.000,,,,,NVIDIA A100-SXM4-40GB MIG 4g.20gb (0),1,,13,"void convert_kernel<float2, __half2>(tensor_layout_any, T1 *, tensor_layout_any, const T2 *)"
15944444063,19168,304531,2253,1,1,128,1,1,16,0.000,0.000,,,,,NVIDIA A100-SXM4-40GB MIG 4g.20gb (0),1,,13,cupy_copy__float16_float16
15944515838,9024,304540,282,1,1,128,1,1,16,0.000,0.000,,,,,NVIDIA A100-SXM4-40GB MIG 4g.20gb (0),1,,13,cupy_copy__complex64_complex64
15944570877,6688,304549,26,1,1,128,1,1,16,0.000,0.000,,,,,NVIDIA A100-SXM4-40GB MIG 4g.20gb (0),1,,13,cupy_copy__float32_float32
15944622781,12736,304558,103,1,1,128,1,1,16,0.000,0.000,,,,,NVIDIA A100-SXM4-40GB MIG 4g.20gb (0),1,,13,cupy_copy__complex64_complex64
15944728860,17087,304568,1434,1,1,128,1,1,16,0.000,0.000,,,,,NVIDIA A100-SXM4-40GB MIG 4g.20gb (0),1,,13,cupy_copy__complex64_complex64
15944797979,313628,304573,1,1,1,32,32,1,30,0.000,0.000,,,,,NVIDIA A100-SXM4-40GB MIG 4g.20gb (0),1,,13,"void convert_kernel<__half2, float2>(tensor_layout_any, T1 *, tensor_layout_any, const T2 *)"
15945141623,6592,304576,,,,,,,,,,0.094,14213.590,Pinned,Device,NVIDIA A100-SXM4-40GB MIG 4g.20gb (0),1,,13,[CUDA memcpy Host-to-Device]
15945205846,610297,304577,,,,,,,,,,456.561,747847.639,Device,,NVIDIA A100-SXM4-40GB MIG 4g.20gb (0),1,,13,[CUDA memset]
15945821135,67264,304582,,,,,,,,,,1.235,18358.678,Pinned,Device,NVIDIA A100-SXM4-40GB MIG 4g.20gb (0),1,,13,[CUDA memcpy Host-to-Device]
15945894639,17151,304583,,,,,,,,,,0.197,11463.229,Pinned,Device,NVIDIA A100-SXM4-40GB MIG 4g.20gb (0),1,,13,[CUDA memcpy Host-to-Device]
15945951278,26880,304584,69,4,1,48,1,1,76,0.002,0.000,,,,,NVIDIA A100-SXM4-40GB MIG 4g.20gb (0),1,,13,"void ch_est::windowedChEstPreNoDftSOfdmKernel<float, __half, float, (unsigned int)2, (unsigned int)1, (unsigned short)4>(ch_est::puschRxChEstStatDescr_t *, ch_est::puschRxChEstDynDescr_t *)"
15946012621,21568,304585,137,2,1,24,2,1,44,0.001,0.001,,,,,NVIDIA A100-SXM4-40GB MIG 4g.20gb (0),1,,13,"void ch_est::chEstFilterNoDftSOfdmDispatchKernel<float, __half, float, (unsigned int)2>(ch_est::puschRxChEstStatDescr_t *, ch_est::puschRxChEstDynDescr_t *)"
15946068237,30399,304586,137,2,1,24,2,1,44,0.001,0.001,,,,,NVIDIA A100-SXM4-40GB MIG 4g.20gb (0),1,,13,"void ch_est::chEstFilterNoDftSOfdmDispatchKernel<float, __half, float, (unsigned int)2>(ch_est::puschRxChEstStatDescr_t *, ch_est::puschRxChEstDynDescr_t *)"
15946130092,8576,304597,103,1,1,128,1,1,16,0.000,0.000,,,,,NVIDIA A100-SXM4-40GB MIG 4g.20gb (0),1,,13,cupy_copy__complex64_complex64
15946183947,15872,304607,1434,1,1,128,1,1,16,0.000,0.000,,,,,NVIDIA A100-SXM4-40GB MIG 4g.20gb (0),1,,13,cupy_copy__complex64_complex64
15946249739,7231,304614,103,1,1,128,1,1,16,0.000,0.000,,,,,NVIDIA A100-SXM4-40GB MIG 4g.20gb (0),1,,13,cupy_copy__complex64_complex64
15946315594,358012,304621,1,1,1,32,32,1,30,0.000,0.000,,,,,NVIDIA A100-SXM4-40GB MIG 4g.20gb (0),1,,13,"void convert_kernel<__half2, float2>(tensor_layout_any, T1 *, tensor_layout_any, const T2 *)"
15946702437,6304,304624,,,,,,,,,,0.094,14862.903,Pinned,Device,NVIDIA A100-SXM4-40GB MIG 4g.20gb (0),1,,13,[CUDA memcpy Host-to-Device]
15946961602,57088,304625,,,,,,,,,,35.810,627246.559,Device,,NVIDIA A100-SXM4-40GB MIG 4g.20gb (0),1,,13,[CUDA memset]
15947025250,3008,304627,,,,,,,,,,0.000,26.596,Pinned,Device,NVIDIA A100-SXM4-40GB MIG 4g.20gb (0),1,,13,[CUDA memcpy Host-to-Device]
15947031714,13664,304628,,,,,,,,,,0.197,14388.756,Pinned,Device,NVIDIA A100-SXM4-40GB MIG 4g.20gb (0),1,,13,[CUDA memcpy Host-to-Device]
15947306431,30943,304629,273,1,1,48,1,1,40,0.000,0.001,,,,,NVIDIA A100-SXM4-40GB MIG 4g.20gb (0),1,,13,"void pusch_noise_intf_est::noiseIntfEstNoDftSOfdmKernel<float, __half, float, float, (unsigned int)2, (unsigned int)1, (unsigned char)4, (unsigned char)4>(pusch_noise_intf_est::puschRxNoiseIntfEstDynDescr)"
15947387518,12128,304640,35,1,1,128,1,1,16,0.000,0.000,,,,,NVIDIA A100-SXM4-40GB MIG 4g.20gb (0),1,,13,cupy_copy__complex64_complex64
15947638747,3968,304649,1,1,1,1,1,1,18,0.000,0.000,,,,,NVIDIA A100-SXM4-40GB MIG 4g.20gb (0),1,,13,cupy_copy__float32_float32
15947647675,2048,304655,,,,,,,,,,0.000,1.953,Device,Pageable,NVIDIA A100-SXM4-40GB MIG 4g.20gb (0),1,,7,[CUDA memcpy Device-to-Host]
15947961271,20480,304666,1434,1,1,128,1,1,16,0.000,0.000,,,,,NVIDIA A100-SXM4-40GB MIG 4g.20gb (0),1,,13,cupy_copy__complex64_complex64
15948234804,16576,304673,103,1,1,128,1,1,16,0.000,0.000,,,,,NVIDIA A100-SXM4-40GB MIG 4g.20gb (0),1,,13,cupy_copy__complex64_complex64
15948486481,8928,304680,35,1,1,128,1,1,16,0.000,0.000,,,,,NVIDIA A100-SXM4-40GB MIG 4g.20gb (0),1,,13,cupy_copy__complex64_complex64
15948589040,4704,304687,1,1,1,1,1,1,18,0.000,0.000,,,,,NVIDIA A100-SXM4-40GB MIG 4g.20gb (0),1,,13,cupy_copy__float32_float32
15948847853,315933,304698,1,1,1,32,32,1,30,0.000,0.000,,,,,NVIDIA A100-SXM4-40GB MIG 4g.20gb (0),1,,13,"void convert_kernel<__half2, float2>(tensor_layout_any, T1 *, tensor_layout_any, const T2 *)"
15949193001,5472,304701,,,,,,,,,,0.094,17122.757,Pinned,Device,NVIDIA A100-SXM4-40GB MIG 4g.20gb (0),1,,13,[CUDA memcpy Host-to-Device]
15949466150,6112,304702,,,,,,,,,,1.547,253046.246,Device,,NVIDIA A100-SXM4-40GB MIG 4g.20gb (0),1,,13,[CUDA memset]
15949479014,7296,304707,,,,,,,,,,0.031,4289.461,Pinned,Device,NVIDIA A100-SXM4-40GB MIG 4g.20gb (0),1,,13,[CUDA memcpy Host-to-Device]
15949493446,10208,304708,,,,,,,,,,0.197,19260.113,Pinned,Device,NVIDIA A100-SXM4-40GB MIG 4g.20gb (0),1,,13,[CUDA memcpy Host-to-Device]
15949763235,28384,304709,273,1,1,8,4,1,39,0.002,0.000,,,,,NVIDIA A100-SXM4-40GB MIG 4g.20gb (0),1,,13,"void channel_eq::eqMmseCoefCompLowMimoKernel<float, float, float, (unsigned int)4, (unsigned int)1, (unsigned int)4>(const channel_eq::_puschRxChEqStatDescr *, channel_eq::_puschRxChEqCoefCompDynDescr)"
15949853986,30528,304710,273,1,1,12,11,1,51,0.002,0.000,,,,,NVIDIA A100-SXM4-40GB MIG 4g.20gb (0),1,,13,"void channel_eq::eqMmseSoftDemapKernel<float, __half, __half, float, (unsigned int)4, (unsigned short)16383>(channel_eq::_puschRxChEqStatDescr *, channel_eq::_puschRxChEqSoftDemapDynDescr)"
15949926817,764919,304711,1,1,1,32,32,1,30,0.000,0.000,,,,,NVIDIA A100-SXM4-40GB MIG 4g.20gb (0),1,,13,"void convert_kernel<float2, __half2>(tensor_layout_any, T1 *, tensor_layout_any, const T2 *)"
15950722296,17376,304723,2253,1,1,128,1,1,16,0.000,0.000,,,,,NVIDIA A100-SXM4-40GB MIG 4g.20gb (0),1,,13,cupy_copy__float16_float16
15950785879,7712,304732,282,1,1,128,1,1,16,0.000,0.000,,,,,NVIDIA A100-SXM4-40GB MIG 4g.20gb (0),1,,13,cupy_copy__complex64_complex64
15950843831,7104,304741,26,1,1,128,1,1,16,0.000,0.000,,,,,NVIDIA A100-SXM4-40GB MIG 4g.20gb (0),1,,13,cupy_copy__float32_float32
15950892918,9120,304750,103,1,1,128,1,1,16,0.000,0.000,,,,,NVIDIA A100-SXM4-40GB MIG 4g.20gb (0),1,,13,cupy_copy__complex64_complex64
15951004181,19200,304760,1434,1,1,128,1,1,16,0.000,0.000,,,,,NVIDIA A100-SXM4-40GB MIG 4g.20gb (0),1,,13,cupy_copy__complex64_complex64
15951079444,316605,304765,1,1,1,32,32,1,30,0.000,0.000,,,,,NVIDIA A100-SXM4-40GB MIG 4g.20gb (0),1,,13,"void convert_kernel<__half2, float2>(tensor_layout_any, T1 *, tensor_layout_any, const T2 *)"
15951425456,5984,304768,,,,,,,,,,0.094,15657.726,Pinned,Device,NVIDIA A100-SXM4-40GB MIG 4g.20gb (0),1,,13,[CUDA memcpy Host-to-Device]
15951484080,618585,304769,,,,,,,,,,456.561,737803.287,Device,,NVIDIA A100-SXM4-40GB MIG 4g.20gb (0),1,,13,[CUDA memset]
15952110664,68448,304774,,,,,,,,,,1.235,18041.297,Pinned,Device,NVIDIA A100-SXM4-40GB MIG 4g.20gb (0),1,,13,[CUDA memcpy Host-to-Device]
15952182120,16991,304775,,,,,,,,,,0.197,11571.167,Pinned,Device,NVIDIA A100-SXM4-40GB MIG 4g.20gb (0),1,,13,[CUDA memcpy Host-to-Device]
15952310470,19104,304776,69,4,1,48,1,1,76,0.002,0.000,,,,,NVIDIA A100-SXM4-40GB MIG 4g.20gb (0),1,,13,"void ch_est::windowedChEstPreNoDftSOfdmKernel<float, __half, float, (unsigned int)2, (unsigned int)1, (unsigned short)4>(ch_est::puschRxChEstStatDescr_t *, ch_est::puschRxChEstDynDescr_t *)"
15952591299,23264,304777,137,2,1,24,2,1,44,0.001,0.001,,,,,NVIDIA A100-SXM4-40GB MIG 4g.20gb (0),1,,13,"void ch_est::chEstFilterNoDftSOfdmDispatchKernel<float, __half, float, (unsigned int)2>(ch_est::puschRxChEstStatDescr_t *, ch_est::puschRxChEstDynDescr_t *)"
15952866688,34976,304778,137,2,1,24,2,1,44,0.001,0.001,,,,,NVIDIA A100-SXM4-40GB MIG 4g.20gb (0),1,,13,"void ch_est::chEstFilterNoDftSOfdmDispatchKernel<float, __half, float, (unsigned int)2>(ch_est::puschRxChEstStatDescr_t *, ch_est::puschRxChEstDynDescr_t *)"
15952965983,12096,304789,103,1,1,128,1,1,16,0.000,0.000,,,,,NVIDIA A100-SXM4-40GB MIG 4g.20gb (0),1,,13,cupy_copy__complex64_complex64
15953022878,16576,304799,1434,1,1,128,1,1,16,0.000,0.000,,,,,NVIDIA A100-SXM4-40GB MIG 4g.20gb (0),1,,13,cupy_copy__complex64_complex64
15953307163,10912,304806,103,1,1,128,1,1,16,0.000,0.000,,,,,NVIDIA A100-SXM4-40GB MIG 4g.20gb (0),1,,13,cupy_copy__complex64_complex64
15953579672,299037,304813,1,1,1,32,32,1,30,0.000,0.000,,,,,NVIDIA A100-SXM4-40GB MIG 4g.20gb (0),1,,13,"void convert_kernel<__half2, float2>(tensor_layout_any, T1 *, tensor_layout_any, const T2 *)"
15953909620,5760,304816,,,,,,,,,,0.094,16266.656,Pinned,Device,NVIDIA A100-SXM4-40GB MIG 4g.20gb (0),1,,13,[CUDA memcpy Host-to-Device]
15953996339,59424,304817,,,,,,,,,,35.810,602609.334,Device,,NVIDIA A100-SXM4-40GB MIG 4g.20gb (0),1,,13,[CUDA memset]
15954062066,5856,304819,,,,,,,,,,0.000,13.661,Pinned,Device,NVIDIA A100-SXM4-40GB MIG 4g.20gb (0),1,,13,[CUDA memcpy Host-to-Device]
15954070418,10176,304820,,,,,,,,,,0.197,19320.668,Pinned,Device,NVIDIA A100-SXM4-40GB MIG 4g.20gb (0),1,,13,[CUDA memcpy Host-to-Device]
15954370831,17312,304821,273,1,1,48,1,1,40,0.000,0.001,,,,,NVIDIA A100-SXM4-40GB MIG 4g.20gb (0),1,,13,"void pusch_noise_intf_est::noiseIntfEstNoDftSOfdmKernel<float, __half, float, float, (unsigned int)2, (unsigned int)1, (unsigned char)4, (unsigned char)4>(pusch_noise_intf_est::puschRxNoiseIntfEstDynDescr)"
15954645356,8896,304832,35,1,1,128,1,1,16,0.000,0.000,,,,,NVIDIA A100-SXM4-40GB MIG 4g.20gb (0),1,,13,cupy_copy__complex64_complex64
15954919785,4864,304841,1,1,1,1,1,1,18,0.000,0.000,,,,,NVIDIA A100-SXM4-40GB MIG 4g.20gb (0),1,,13,cupy_copy__float32_float32
15954928009,3424,304847,,,,,,,,,,0.000,1.168,Device,Pageable,NVIDIA A100-SXM4-40GB MIG 4g.20gb (0),1,,7,[CUDA memcpy Device-to-Host]
15955260165,16800,304858,1434,1,1,128,1,1,16,0.000,0.000,,,,,NVIDIA A100-SXM4-40GB MIG 4g.20gb (0),1,,13,cupy_copy__complex64_complex64
15955545602,15488,304865,103,1,1,128,1,1,16,0.000,0.000,,,,,NVIDIA A100-SXM4-40GB MIG 4g.20gb (0),1,,13,cupy_copy__complex64_complex64
15955617537,7456,304872,35,1,1,128,1,1,16,0.000,0.000,,,,,NVIDIA A100-SXM4-40GB MIG 4g.20gb (0),1,,13,cupy_copy__complex64_complex64
15955684416,4224,304879,1,1,1,1,1,1,18,0.000,0.000,,,,,NVIDIA A100-SXM4-40GB MIG 4g.20gb (0),1,,13,cupy_copy__float32_float32
15955735360,286044,304890,1,1,1,32,32,1,30,0.000,0.000,,,,,NVIDIA A100-SXM4-40GB MIG 4g.20gb (0),1,,13,"void convert_kernel<__half2, float2>(tensor_layout_any, T1 *, tensor_layout_any, const T2 *)"
15956051868,6304,304893,,,,,,,,,,0.094,14862.903,Pinned,Device,NVIDIA A100-SXM4-40GB MIG 4g.20gb (0),1,,13,[CUDA memcpy Host-to-Device]
15956102363,8928,304894,,,,,,,,,,1.547,173232.714,Device,,NVIDIA A100-SXM4-40GB MIG 4g.20gb (0),1,,13,[CUDA memset]
15956116219,7744,304899,,,,,,,,,,0.031,4041.315,Pinned,Device,NVIDIA A100-SXM4-40GB MIG 4g.20gb (0),1,,13,[CUDA memcpy Host-to-Device]
15956129691,21056,304900,,,,,,,,,,0.197,9337.307,Pinned,Device,NVIDIA A100-SXM4-40GB MIG 4g.20gb (0),1,,13,[CUDA memcpy Host-to-Device]
15956193818,31904,304901,273,1,1,8,4,1,39,0.002,0.000,,,,,NVIDIA A100-SXM4-40GB MIG 4g.20gb (0),1,,13,"void channel_eq::eqMmseCoefCompLowMimoKernel<float, float, float, (unsigned int)4, (unsigned int)1, (unsigned int)4>(const channel_eq::_puschRxChEqStatDescr *, channel_eq::_puschRxChEqCoefCompDynDescr)"
15956269722,26239,304902,273,1,1,12,11,1,51,0.002,0.000,,,,,NVIDIA A100-SXM4-40GB MIG 4g.20gb (0),1,,13,"void channel_eq::eqMmseSoftDemapKernel<float, __half, __half, float, (unsigned int)4, (unsigned short)16383>(channel_eq::_puschRxChEqStatDescr *, channel_eq::_puschRxChEqSoftDemapDynDescr)"
15956333529,779735,304903,1,1,1,32,32,1,30,0.000,0.000,,,,,NVIDIA A100-SXM4-40GB MIG 4g.20gb (0),1,,13,"void convert_kernel<float2, __half2>(tensor_layout_any, T1 *, tensor_layout_any, const T2 *)"
15957152592,14751,304915,2253,1,1,128,1,1,16,0.000,0.000,,,,,NVIDIA A100-SXM4-40GB MIG 4g.20gb (0),1,,13,cupy_copy__float16_float16
15957219247,9376,304924,282,1,1,128,1,1,16,0.000,0.000,,,,,NVIDIA A100-SXM4-40GB MIG 4g.20gb (0),1,,13,cupy_copy__complex64_complex64
15957277326,9952,304933,26,1,1,128,1,1,16,0.000,0.000,,,,,NVIDIA A100-SXM4-40GB MIG 4g.20gb (0),1,,13,cupy_copy__float32_float32
15957326158,9792,304942,103,1,1,128,1,1,16,0.000,0.000,,,,,NVIDIA A100-SXM4-40GB MIG 4g.20gb (0),1,,13,cupy_copy__complex64_complex64
15957385581,18368,304952,1434,1,1,128,1,1,16,0.000,0.000,,,,,NVIDIA A100-SXM4-40GB MIG 4g.20gb (0),1,,13,cupy_copy__complex64_complex64
15957426093,306620,304957,1,1,1,32,32,1,30,0.000,0.000,,,,,NVIDIA A100-SXM4-40GB MIG 4g.20gb (0),1,,13,"void convert_kernel<__half2, float2>(tensor_layout_any, T1 *, tensor_layout_any, const T2 *)"
15957760553,6400,304960,,,,,,,,,,0.094,14640.000,Pinned,Device,NVIDIA A100-SXM4-40GB MIG 4g.20gb (0),1,,13,[CUDA memcpy Host-to-Device]
15957790984,613626,304961,,,,,,,,,,456.561,743738.586,Device,,NVIDIA A100-SXM4-40GB MIG 4g.20gb (0),1,,13,[CUDA memset]
15958413313,77472,304966,,,,,,,,,,1.235,15939.422,Pinned,Device,NVIDIA A100-SXM4-40GB MIG 4g.20gb (0),1,,13,[CUDA memcpy Host-to-Device]
15958497185,17855,304967,,,,,,,,,,0.197,11011.228,Pinned,Device,NVIDIA A100-SXM4-40GB MIG 4g.20gb (0),1,,13,[CUDA memcpy Host-to-Device]
15958569696,25695,304968,69,4,1,48,1,1,76,0.002,0.000,,,,,NVIDIA A100-SXM4-40GB MIG 4g.20gb (0),1,,13,"void ch_est::windowedChEstPreNoDftSOfdmKernel<float, __half, float, (unsigned int)2, (unsigned int)1, (unsigned short)4>(ch_est::puschRxChEstStatDescr_t *, ch_est::puschRxChEstDynDescr_t *)"
15958629727,26528,304969,137,2,1,24,2,1,44,0.001,0.001,,,,,NVIDIA A100-SXM4-40GB MIG 4g.20gb (0),1,,13,"void ch_est::chEstFilterNoDftSOfdmDispatchKernel<float, __half, float, (unsigned int)2>(ch_est::puschRxChEstStatDescr_t *, ch_est::puschRxChEstDynDescr_t *)"
15958684670,29024,304970,137,2,1,24,2,1,44,0.001,0.001,,,,,NVIDIA A100-SXM4-40GB MIG 4g.20gb (0),1,,13,"void ch_est::chEstFilterNoDftSOfdmDispatchKernel<float, __half, float, (unsigned int)2>(ch_est::puschRxChEstStatDescr_t *, ch_est::puschRxChEstDynDescr_t *)"
15958748318,5216,304981,103,1,1,128,1,1,16,0.000,0.000,,,,,NVIDIA A100-SXM4-40GB MIG 4g.20gb (0),1,,13,cupy_copy__complex64_complex64
15958804189,16544,304991,1434,1,1,128,1,1,16,0.000,0.000,,,,,NVIDIA A100-SXM4-40GB MIG 4g.20gb (0),1,,13,cupy_copy__complex64_complex64
15958929820,6336,304998,103,1,1,128,1,1,16,0.000,0.000,,,,,NVIDIA A100-SXM4-40GB MIG 4g.20gb (0),1,,13,cupy_copy__complex64_complex64
15959160057,305021,305005,1,1,1,32,32,1,30,0.000,0.000,,,,,NVIDIA A100-SXM4-40GB MIG 4g.20gb (0),1,,13,"void convert_kernel<__half2, float2>(tensor_layout_any, T1 *, tensor_layout_any, const T2 *)"
15959493141,11936,305008,,,,,,,,,,0.094,7849.851,Pinned,Device,NVIDIA A100-SXM4-40GB MIG 4g.20gb (0),1,,13,[CUDA memcpy Host-to-Device]
15959594996,55008,305009,,,,,,,,,,35.810,650988.536,Device,,NVIDIA A100-SXM4-40GB MIG 4g.20gb (0),1,,13,[CUDA memset]
15959652275,2752,305011,,,,,,,,,,0.000,29.070,Pinned,Device,NVIDIA A100-SXM4-40GB MIG 4g.20gb (0),1,,13,[CUDA memcpy Host-to-Device]
15959662003,10720,305012,,,,,,,,,,0.197,18340.184,Pinned,Device,NVIDIA A100-SXM4-40GB MIG 4g.20gb (0),1,,13,[CUDA memcpy Host-to-Device]
15959946672,24512,305013,273,1,1,48,1,1,40,0.000,0.001,,,,,NVIDIA A100-SXM4-40GB MIG 4g.20gb (0),1,,13,"void pusch_noise_intf_est::noiseIntfEstNoDftSOfdmKernel<float, __half, float, float, (unsigned int)2, (unsigned int)1, (unsigned char)4, (unsigned char)4>(pusch_noise_intf_est::puschRxNoiseIntfEstDynDescr)"
15960245709,10720,305024,35,1,1,128,1,1,16,0.000,0.000,,,,,NVIDIA A100-SXM4-40GB MIG 4g.20gb (0),1,,13,cupy_copy__complex64_complex64
15960475882,5248,305033,1,1,1,1,1,1,18,0.000,0.000,,,,,NVIDIA A100-SXM4-40GB MIG 4g.20gb (0),1,,13,cupy_copy__float32_float32
15960488938,2240,305039,,,,,,,,,,0.000,1.786,Device,Pageable,NVIDIA A100-SXM4-40GB MIG 4g.20gb (0),1,,7,[CUDA memcpy Device-to-Host]
15960772999,28224,305050,1434,1,1,128,1,1,16,0.000,0.000,,,,,NVIDIA A100-SXM4-40GB MIG 4g.20gb (0),1,,13,cupy_copy__complex64_complex64
15960906437,10368,305057,103,1,1,128,1,1,16,0.000,0.000,,,,,NVIDIA A100-SXM4-40GB MIG 4g.20gb (0),1,,13,cupy_copy__complex64_complex64
15961170082,6432,305064,35,1,1,128,1,1,16,0.000,0.000,,,,,NVIDIA A100-SXM4-40GB MIG 4g.20gb (0),1,,13,cupy_copy__complex64_complex64
15961440031,4608,305071,1,1,1,1,1,1,18,0.000,0.000,,,,,NVIDIA A100-SXM4-40GB MIG 4g.20gb (0),1,,13,cupy_copy__float32_float32
15961674237,292348,305082,1,1,1,32,32,1,30,0.000,0.000,,,,,NVIDIA A100-SXM4-40GB MIG 4g.20gb (0),1,,13,"void convert_kernel<__half2, float2>(tensor_layout_any, T1 *, tensor_layout_any, const T2 *)"
15961995865,8864,305085,,,,,,,,,,0.094,10570.314,Pinned,Device,NVIDIA A100-SXM4-40GB MIG 4g.20gb (0),1,,13,[CUDA memcpy Host-to-Device]
15962107384,15104,305086,,,,,,,,,,1.547,102397.335,Device,,NVIDIA A100-SXM4-40GB MIG 4g.20gb (0),1,,13,[CUDA memset]
15962123768,6144,305091,,,,,,,,,,0.031,5093.737,Pinned,Device,NVIDIA A100-SXM4-40GB MIG 4g.20gb (0),1,,13,[CUDA memcpy Host-to-Device]
15962136503,20640,305092,,,,,,,,,,0.197,9525.461,Pinned,Device,NVIDIA A100-SXM4-40GB MIG 4g.20gb (0),1,,13,[CUDA memcpy Host-to-Device]
15962211991,26015,305093,273,1,1,8,4,1,39,0.002,0.000,,,,,NVIDIA A100-SXM4-40GB MIG 4g.20gb (0),1,,13,"void channel_eq::eqMmseCoefCompLowMimoKernel<float, float, float, (unsigned int)4, (unsigned int)1, (unsigned int)4>(const channel_eq::_puschRxChEqStatDescr *, channel_eq::_puschRxChEqCoefCompDynDescr)"
15962271446,31104,305094,273,1,1,12,11,1,51,0.002,0.000,,,,,NVIDIA A100-SXM4-40GB MIG 4g.20gb (0),1,,13,"void channel_eq::eqMmseSoftDemapKernel<float, __half, __half, float, (unsigned int)4, (unsigned short)16383>(channel_eq::_puschRxChEqStatDescr *, channel_eq::_puschRxChEqSoftDemapDynDescr)"
15962340533,791351,305095,1,1,1,32,32,1,30,0.000,0.000,,,,,NVIDIA A100-SXM4-40GB MIG 4g.20gb (0),1,,13,"void convert_kernel<float2, __half2>(tensor_layout_any, T1 *, tensor_layout_any, const T2 *)"
15963172396,17952,305107,2253,1,1,128,1,1,16,0.000,0.000,,,,,NVIDIA A100-SXM4-40GB MIG 4g.20gb (0),1,,13,cupy_copy__float16_float16
15963246827,6112,305116,282,1,1,128,1,1,16,0.000,0.000,,,,,NVIDIA A100-SXM4-40GB MIG 4g.20gb (0),1,,13,cupy_copy__complex64_complex64
15963303178,8576,305125,26,1,1,128,1,1,16,0.000,0.000,,,,,NVIDIA A100-SXM4-40GB MIG 4g.20gb (0),1,,13,cupy_copy__float32_float32
15963352522,11904,305134,103,1,1,128,1,1,16,0.000,0.000,,,,,NVIDIA A100-SXM4-40GB MIG 4g.20gb (0),1,,13,cupy_copy__complex64_complex64
15963432681,17152,305144,1434,1,1,128,1,1,16,0.000,0.000,,,,,NVIDIA A100-SXM4-40GB MIG 4g.20gb (0),1,,13,cupy_copy__complex64_complex64
15963500776,314941,305149,1,1,1,32,32,1,30,0.000,0.000,,,,,NVIDIA A100-SXM4-40GB MIG 4g.20gb (0),1,,13,"void convert_kernel<__half2, float2>(tensor_layout_any, T1 *, tensor_layout_any, const T2 *)"
15963854116,5408,305152,,,,,,,,,,0.094,17325.421,Pinned,Device,NVIDIA A100-SXM4-40GB MIG 4g.20gb (0),1,,13,[CUDA memcpy Host-to-Device]
15963909924,616281,305153,,,,,,,,,,456.561,740542.656,Device,,NVIDIA A100-SXM4-40GB MIG 4g.20gb (0),1,,13,[CUDA memset]
15964534716,61856,305158,,,,,,,,,,1.235,19964.105,Pinned,Device,NVIDIA A100-SXM4-40GB MIG 4g.20gb (0),1,,13,[CUDA memcpy Host-to-Device]
15964602716,15904,305159,,,,,,,,,,0.197,12362.121,Pinned,Device,NVIDIA A100-SXM4-40GB MIG 4g.20gb (0),1,,13,[CUDA memcpy Host-to-Device]
15964661467,24128,305160,69,4,1,48,1,1,76,0.002,0.000,,,,,NVIDIA A100-SXM4-40GB MIG 4g.20gb (0),1,,13,"void ch_est::windowedChEstPreNoDftSOfdmKernel<float, __half, float, (unsigned int)2, (unsigned int)1, (unsigned short)4>(ch_est::puschRxChEstStatDescr_t *, ch_est::puschRxChEstDynDescr_t *)"
15964725018,21440,305161,137,2,1,24,2,1,44,0.001,0.001,,,,,NVIDIA A100-SXM4-40GB MIG 4g.20gb (0),1,,13,"void ch_est::chEstFilterNoDftSOfdmDispatchKernel<float, __half, float, (unsigned int)2>(ch_est::puschRxChEstStatDescr_t *, ch_est::puschRxChEstDynDescr_t *)"
15964787642,33503,305162,137,2,1,24,2,1,44,0.001,0.001,,,,,NVIDIA A100-SXM4-40GB MIG 4g.20gb (0),1,,13,"void ch_est::chEstFilterNoDftSOfdmDispatchKernel<float, __half, float, (unsigned int)2>(ch_est::puschRxChEstStatDescr_t *, ch_est::puschRxChEstDynDescr_t *)"
15964942168,9984,305173,103,1,1,128,1,1,16,0.000,0.000,,,,,NVIDIA A100-SXM4-40GB MIG 4g.20gb (0),1,,13,cupy_copy__complex64_complex64
15965181749,44608,305183,1434,1,1,128,1,1,16,0.000,0.000,,,,,NVIDIA A100-SXM4-40GB MIG 4g.20gb (0),1,,13,cupy_copy__complex64_complex64
15965337395,6688,305190,103,1,1,128,1,1,16,0.000,0.000,,,,,NVIDIA A100-SXM4-40GB MIG 4g.20gb (0),1,,13,cupy_copy__complex64_complex64
15965611504,291613,305197,1,1,1,32,32,1,30,0.000,0.000,,,,,NVIDIA A100-SXM4-40GB MIG 4g.20gb (0),1,,13,"void convert_kernel<__half2, float2>(tensor_layout_any, T1 *, tensor_layout_any, const T2 *)"
15965931917,12704,305200,,,,,,,,,,0.094,7375.281,Pinned,Device,NVIDIA A100-SXM4-40GB MIG 4g.20gb (0),1,,13,[CUDA memcpy Host-to-Device]
15966165610,81887,305201,,,,,,,,,,35.810,437274.933,Device,,NVIDIA A100-SXM4-40GB MIG 4g.20gb (0),1,,13,[CUDA memset]
15966252553,1888,305203,,,,,,,,,,0.000,42.373,Pinned,Device,NVIDIA A100-SXM4-40GB MIG 4g.20gb (0),1,,13,[CUDA memcpy Host-to-Device]
15966260009,10592,305204,,,,,,,,,,0.197,18561.761,Pinned,Device,NVIDIA A100-SXM4-40GB MIG 4g.20gb (0),1,,13,[CUDA memcpy Host-to-Device]
15966508518,37920,305205,273,1,1,48,1,1,40,0.000,0.001,,,,,NVIDIA A100-SXM4-40GB MIG 4g.20gb (0),1,,13,"void pusch_noise_intf_est::noiseIntfEstNoDftSOfdmKernel<float, __half, float, float, (unsigned int)2, (unsigned int)1, (unsigned char)4, (unsigned char)4>(pusch_noise_intf_est::puschRxNoiseIntfEstDynDescr)"
15966649829,5856,305216,35,1,1,128,1,1,16,0.000,0.000,,,,,NVIDIA A100-SXM4-40GB MIG 4g.20gb (0),1,,13,cupy_copy__complex64_complex64
15966924162,6335,305225,1,1,1,1,1,1,18,0.000,0.000,,,,,NVIDIA A100-SXM4-40GB MIG 4g.20gb (0),1,,13,cupy_copy__float32_float32
15966936545,5984,305231,,,,,,,,,,0.000,0.668,Device,Pageable,NVIDIA A100-SXM4-40GB MIG 4g.20gb (0),1,,7,[CUDA memcpy Device-to-Host]
15967261310,16288,305242,1434,1,1,128,1,1,16,0.000,0.000,,,,,NVIDIA A100-SXM4-40GB MIG 4g.20gb (0),1,,13,cupy_copy__complex64_complex64
15967545691,11743,305249,103,1,1,128,1,1,16,0.000,0.000,,,,,NVIDIA A100-SXM4-40GB MIG 4g.20gb (0),1,,13,cupy_copy__complex64_complex64
15967814104,5791,305256,35,1,1,128,1,1,16,0.000,0.000,,,,,NVIDIA A100-SXM4-40GB MIG 4g.20gb (0),1,,13,cupy_copy__complex64_complex64
15968051957,5440,305263,1,1,1,1,1,1,18,0.000,0.000,,,,,NVIDIA A100-SXM4-40GB MIG 4g.20gb (0),1,,13,cupy_copy__float32_float32
15968187411,341052,305274,1,1,1,32,32,1,30,0.000,0.000,,,,,NVIDIA A100-SXM4-40GB MIG 4g.20gb (0),1,,13,"void convert_kernel<__half2, float2>(tensor_layout_any, T1 *, tensor_layout_any, const T2 *)"
15968558191,6144,305277,,,,,,,,,,0.094,15249.961,Pinned,Device,NVIDIA A100-SXM4-40GB MIG 4g.20gb (0),1,,13,[CUDA memcpy Host-to-Device]
15968619726,11776,305278,,,,,,,,,,1.547,131336.217,Device,,NVIDIA A100-SXM4-40GB MIG 4g.20gb (0),1,,13,[CUDA memset]
15968639886,6016,305283,,,,,,,,,,0.031,5202.115,Pinned,Device,NVIDIA A100-SXM4-40GB MIG 4g.20gb (0),1,,13,[CUDA memcpy Host-to-Device]
15968652398,16800,305284,,,,,,,,,,0.197,11702.698,Pinned,Device,NVIDIA A100-SXM4-40GB MIG 4g.20gb (0),1,,13,[CUDA memcpy Host-to-Device]
15968727885,26720,305285,273,1,1,8,4,1,39,0.002,0.000,,,,,NVIDIA A100-SXM4-40GB MIG 4g.20gb (0),1,,13,"void channel_eq::eqMmseCoefCompLowMimoKernel<float, float, float, (unsigned int)4, (unsigned int)1, (unsigned int)4>(const channel_eq::_puschRxChEqStatDescr *, channel_eq::_puschRxChEqCoefCompDynDescr)"
15968787917,26015,305286,273,1,1,12,11,1,51,0.002,0.000,,,,,NVIDIA A100-SXM4-40GB MIG 4g.20gb (0),1,,13,"void channel_eq::eqMmseSoftDemapKernel<float, __half, __half, float, (unsigned int)4, (unsigned short)16383>(channel_eq::_puschRxChEqStatDescr *, channel_eq::_puschRxChEqSoftDemapDynDescr)"
15968858348,789847,305287,1,1,1,32,32,1,30,0.000,0.000,,,,,NVIDIA A100-SXM4-40GB MIG 4g.20gb (0),1,,13,"void convert_kernel<float2, __half2>(tensor_layout_any, T1 *, tensor_layout_any, const T2 *)"
15969687842,17472,305299,2253,1,1,128,1,1,16,0.000,0.000,,,,,NVIDIA A100-SXM4-40GB MIG 4g.20gb (0),1,,13,cupy_copy__float16_float16
15969762722,6207,305308,282,1,1,128,1,1,16,0.000,0.000,,,,,NVIDIA A100-SXM4-40GB MIG 4g.20gb (0),1,,13,cupy_copy__complex64_complex64
15969815681,7936,305317,26,1,1,128,1,1,16,0.000,0.000,,,,,NVIDIA A100-SXM4-40GB MIG 4g.20gb (0),1,,13,cupy_copy__float32_float32
15969862752,11648,305326,103,1,1,128,1,1,16,0.000,0.000,,,,,NVIDIA A100-SXM4-40GB MIG 4g.20gb (0),1,,13,cupy_copy__complex64_complex64
15969980543,17568,305336,1434,1,1,128,1,1,16,0.000,0.000,,,,,NVIDIA A100-SXM4-40GB MIG 4g.20gb (0),1,,13,cupy_copy__complex64_complex64
15970051006,313181,305341,1,1,1,32,32,1,30,0.000,0.000,,,,,NVIDIA A100-SXM4-40GB MIG 4g.20gb (0),1,,13,"void convert_kernel<__half2, float2>(tensor_layout_any, T1 *, tensor_layout_any, const T2 *)"
15970392858,6016,305344,,,,,,,,,,0.094,15574.430,Pinned,Device,NVIDIA A100-SXM4-40GB MIG 4g.20gb (0),1,,13,[CUDA memcpy Host-to-Device]
15970454874,618105,305345,,,,,,,,,,456.561,738259.848,Device,,NVIDIA A100-SXM4-40GB MIG 4g.20gb (0),1,,13,[CUDA memset]
15971074771,66367,305350,,,,,,,,,,1.235,18606.901,Pinned,Device,NVIDIA A100-SXM4-40GB MIG 4g.20gb (0),1,,13,[CUDA memcpy Host-to-Device]
15971144210,12736,305351,,,,,,,,,,0.197,15437.070,Pinned,Device,NVIDIA A100-SXM4-40GB MIG 4g.20gb (0),1,,13,[CUDA memcpy Host-to-Device]
15971286448,18432,305352,69,4,1,48,1,1,76,0.002,0.000,,,,,NVIDIA A100-SXM4-40GB MIG 4g.20gb (0),1,,13,"void ch_est::windowedChEstPreNoDftSOfdmKernel<float, __half, float, (unsigned int)2, (unsigned int)1, (unsigned short)4>(ch_est::puschRxChEstStatDescr_t *, ch_est::puschRxChEstDynDescr_t *)"
15972104071,21696,305353,137,2,1,24,2,1,44,0.001,0.001,,,,,NVIDIA A100-SXM4-40GB MIG 4g.20gb (0),1,,13,"void ch_est::chEstFilterNoDftSOfdmDispatchKernel<float, __half, float, (unsigned int)2>(ch_est::puschRxChEstStatDescr_t *, ch_est::puschRxChEstDynDescr_t *)"
15972869791,31039,305354,137,2,1,24,2,1,44,0.001,0.001,,,,,NVIDIA A100-SXM4-40GB MIG 4g.20gb (0),1,,13,"void ch_est::chEstFilterNoDftSOfdmDispatchKernel<float, __half, float, (unsigned int)2>(ch_est::puschRxChEstStatDescr_t *, ch_est::puschRxChEstDynDescr_t *)"
15973027677,9920,305365,103,1,1,128,1,1,16,0.000,0.000,,,,,NVIDIA A100-SXM4-40GB MIG 4g.20gb (0),1,,13,cupy_copy__complex64_complex64
15973080252,19136,305375,1434,1,1,128,1,1,16,0.000,0.000,,,,,NVIDIA A100-SXM4-40GB MIG 4g.20gb (0),1,,13,cupy_copy__complex64_complex64
15973892435,7520,305382,103,1,1,128,1,1,16,0.000,0.000,,,,,NVIDIA A100-SXM4-40GB MIG 4g.20gb (0),1,,13,cupy_copy__complex64_complex64
15975237252,261981,305389,1,1,1,32,32,1,30,0.000,0.000,,,,,NVIDIA A100-SXM4-40GB MIG 4g.20gb (0),1,,13,"void convert_kernel<__half2, float2>(tensor_layout_any, T1 *, tensor_layout_any, const T2 *)"
15975531457,5951,305392,,,,,,,,,,0.094,15744.488,Pinned,Device,NVIDIA A100-SXM4-40GB MIG 4g.20gb (0),1,,13,[CUDA memcpy Host-to-Device]
15976133050,57695,305393,,,,,,,,,,35.810,620657.533,Device,,NVIDIA A100-SXM4-40GB MIG 4g.20gb (0),1,,13,[CUDA memset]
15976196921,2144,305395,,,,,,,,,,0.000,37.313,Pinned,Device,NVIDIA A100-SXM4-40GB MIG 4g.20gb (0),1,,13,[CUDA memcpy Host-to-Device]
15976206073,9504,305396,,,,,,,,,,0.197,20686.701,Pinned,Device,NVIDIA A100-SXM4-40GB MIG 4g.20gb (0),1,,13,[CUDA memcpy Host-to-Device]
15976974064,27904,305397,273,1,1,48,1,1,40,0.000,0.001,,,,,NVIDIA A100-SXM4-40GB MIG 4g.20gb (0),1,,13,"void pusch_noise_intf_est::noiseIntfEstNoDftSOfdmKernel<float, __half, float, float, (unsigned int)2, (unsigned int)1, (unsigned char)4, (unsigned char)4>(pusch_noise_intf_est::puschRxNoiseIntfEstDynDescr)"
15977122159,7584,305408,35,1,1,128,1,1,16,0.000,0.000,,,,,NVIDIA A100-SXM4-40GB MIG 4g.20gb (0),1,,13,cupy_copy__complex64_complex64
15977921926,4384,305417,1,1,1,1,1,1,18,0.000,0.000,,,,,NVIDIA A100-SXM4-40GB MIG 4g.20gb (0),1,,13,cupy_copy__float32_float32
15977933094,6239,305423,,,,,,,,,,0.000,0.641,Device,Pageable,NVIDIA A100-SXM4-40GB MIG 4g.20gb (0),1,,7,[CUDA memcpy Device-to-Host]
15978786588,21408,305434,1434,1,1,128,1,1,16,0.000,0.000,,,,,NVIDIA A100-SXM4-40GB MIG 4g.20gb (0),1,,13,cupy_copy__complex64_complex64
15979602707,6240,305441,103,1,1,128,1,1,16,0.000,0.000,,,,,NVIDIA A100-SXM4-40GB MIG 4g.20gb (0),1,,13,cupy_copy__complex64_complex64
15980410986,11967,305448,35,1,1,128,1,1,16,0.000,0.000,,,,,NVIDIA A100-SXM4-40GB MIG 4g.20gb (0),1,,13,cupy_copy__complex64_complex64
15980469609,6592,305455,1,1,1,1,1,1,18,0.000,0.000,,,,,NVIDIA A100-SXM4-40GB MIG 4g.20gb (0),1,,13,cupy_copy__float32_float32
15980509384,331997,305466,1,1,1,32,32,1,30,0.000,0.000,,,,,NVIDIA A100-SXM4-40GB MIG 4g.20gb (0),1,,13,"void convert_kernel<__half2, float2>(tensor_layout_any, T1 *, tensor_layout_any, const T2 *)"
15980871108,6144,305469,,,,,,,,,,0.094,15249.961,Pinned,Device,NVIDIA A100-SXM4-40GB MIG 4g.20gb (0),1,,13,[CUDA memcpy Host-to-Device]
15980910948,14080,305470,,,,,,,,,,1.547,109844.330,Device,,NVIDIA A100-SXM4-40GB MIG 4g.20gb (0),1,,13,[CUDA memset]
15980934692,7488,305475,,,,,,,,,,0.031,4179.487,Pinned,Device,NVIDIA A100-SXM4-40GB MIG 4g.20gb (0),1,,13,[CUDA memcpy Host-to-Device]
15980949156,20191,305476,,,,,,,,,,0.197,9737.404,Pinned,Device,NVIDIA A100-SXM4-40GB MIG 4g.20gb (0),1,,13,[CUDA memcpy Host-to-Device]
15981000067,34752,305477,273,1,1,8,4,1,39,0.002,0.000,,,,,NVIDIA A100-SXM4-40GB MIG 4g.20gb (0),1,,13,"void channel_eq::eqMmseCoefCompLowMimoKernel<float, float, float, (unsigned int)4, (unsigned int)1, (unsigned int)4>(const channel_eq::_puschRxChEqStatDescr *, channel_eq::_puschRxChEqCoefCompDynDescr)"
15981100802,26592,305478,273,1,1,12,11,1,51,0.002,0.000,,,,,NVIDIA A100-SXM4-40GB MIG 4g.20gb (0),1,,13,"void channel_eq::eqMmseSoftDemapKernel<float, __half, __half, float, (unsigned int)4, (unsigned short)16383>(channel_eq::_puschRxChEqStatDescr *, channel_eq::_puschRxChEqSoftDemapDynDescr)"
15981192129,778327,305479,1,1,1,32,32,1,30,0.000,0.000,,,,,NVIDIA A100-SXM4-40GB MIG 4g.20gb (0),1,,13,"void convert_kernel<float2, __half2>(tensor_layout_any, T1 *, tensor_layout_any, const T2 *)"
15982015991,17152,305491,2253,1,1,128,1,1,16,0.000,0.000,,,,,NVIDIA A100-SXM4-40GB MIG 4g.20gb (0),1,,13,cupy_copy__float16_float16
15982090167,6880,305500,282,1,1,128,1,1,16,0.000,0.000,,,,,NVIDIA A100-SXM4-40GB MIG 4g.20gb (0),1,,13,cupy_copy__complex64_complex64
15982142550,6080,305509,26,1,1,128,1,1,16,0.000,0.000,,,,,NVIDIA A100-SXM4-40GB MIG 4g.20gb (0),1,,13,cupy_copy__float32_float32
15982189174,17087,305518,103,1,1,128,1,1,16,0.000,0.000,,,,,NVIDIA A100-SXM4-40GB MIG 4g.20gb (0),1,,13,cupy_copy__complex64_complex64
15982306708,17888,305528,1434,1,1,128,1,1,16,0.000,0.000,,,,,NVIDIA A100-SXM4-40GB MIG 4g.20gb (0),1,,13,cupy_copy__complex64_complex64
15982378291,313149,305533,1,1,1,32,32,1,30,0.000,0.000,,,,,NVIDIA A100-SXM4-40GB MIG 4g.20gb (0),1,,13,"void convert_kernel<__half2, float2>(tensor_layout_any, T1 *, tensor_layout_any, const T2 *)"
15982719760,6463,305536,,,,,,,,,,0.094,14497.207,Pinned,Device,NVIDIA A100-SXM4-40GB MIG 4g.20gb (0),1,,13,[CUDA memcpy Host-to-Device]
15982788143,615641,305537,,,,,,,,,,456.561,741455.779,Device,,NVIDIA A100-SXM4-40GB MIG 4g.20gb (0),1,,13,[CUDA memset]
15983411464,67583,305542,,,,,,,,,,1.235,18272.231,Pinned,Device,NVIDIA A100-SXM4-40GB MIG 4g.20gb (0),1,,13,[CUDA memcpy Host-to-Device]
15983481895,12608,305543,,,,,,,,,,0.197,15593.767,Pinned,Device,NVIDIA A100-SXM4-40GB MIG 4g.20gb (0),1,,13,[CUDA memcpy Host-to-Device]
15983615685,28288,305544,69,4,1,48,1,1,76,0.002,0.000,,,,,NVIDIA A100-SXM4-40GB MIG 4g.20gb (0),1,,13,"void ch_est::windowedChEstPreNoDftSOfdmKernel<float, __half, float, (unsigned int)2, (unsigned int)1, (unsigned short)4>(ch_est::puschRxChEstStatDescr_t *, ch_est::puschRxChEstDynDescr_t *)"
15983876835,27359,305545,137,2,1,24,2,1,44,0.001,0.001,,,,,NVIDIA A100-SXM4-40GB MIG 4g.20gb (0),1,,13,"void ch_est::chEstFilterNoDftSOfdmDispatchKernel<float, __half, float, (unsigned int)2>(ch_est::puschRxChEstStatDescr_t *, ch_est::puschRxChEstDynDescr_t *)"
15984130240,34335,305546,137,2,1,24,2,1,44,0.001,0.001,,,,,NVIDIA A100-SXM4-40GB MIG 4g.20gb (0),1,,13,"void ch_est::chEstFilterNoDftSOfdmDispatchKernel<float, __half, float, (unsigned int)2>(ch_est::puschRxChEstStatDescr_t *, ch_est::puschRxChEstDynDescr_t *)"
15984227935,10495,305557,103,1,1,128,1,1,16,0.000,0.000,,,,,NVIDIA A100-SXM4-40GB MIG 4g.20gb (0),1,,13,cupy_copy__complex64_complex64
15984278238,17280,305567,1434,1,1,128,1,1,16,0.000,0.000,,,,,NVIDIA A100-SXM4-40GB MIG 4g.20gb (0),1,,13,cupy_copy__complex64_complex64
15984537947,7328,305574,103,1,1,128,1,1,16,0.000,0.000,,,,,NVIDIA A100-SXM4-40GB MIG 4g.20gb (0),1,,13,cupy_copy__complex64_complex64
15984788408,318365,305581,1,1,1,32,32,1,30,0.000,0.000,,,,,NVIDIA A100-SXM4-40GB MIG 4g.20gb (0),1,,13,"void convert_kernel<__half2, float2>(tensor_layout_any, T1 *, tensor_layout_any, const T2 *)"
15985141716,13408,305584,,,,,,,,,,0.094,6988.035,Pinned,Device,NVIDIA A100-SXM4-40GB MIG 4g.20gb (0),1,,13,[CUDA memcpy Host-to-Device]
15985407121,59616,305585,,,,,,,,,,35.810,600675.598,Device,,NVIDIA A100-SXM4-40GB MIG 4g.20gb (0),1,,13,[CUDA memset]
15985468433,4928,305587,,,,,,,,,,0.000,16.234,Pinned,Device,NVIDIA A100-SXM4-40GB MIG 4g.20gb (0),1,,13,[CUDA memcpy Host-to-Device]
15985476305,14015,305588,,,,,,,,,,0.197,14028.374,Pinned,Device,NVIDIA A100-SXM4-40GB MIG 4g.20gb (0),1,,13,[CUDA memcpy Host-to-Device]
15985752237,27072,305589,273,1,1,48,1,1,40,0.000,0.001,,,,,NVIDIA A100-SXM4-40GB MIG 4g.20gb (0),1,,13,"void pusch_noise_intf_est::noiseIntfEstNoDftSOfdmKernel<float, __half, float, float, (unsigned int)2, (unsigned int)1, (unsigned char)4, (unsigned char)4>(pusch_noise_intf_est::puschRxNoiseIntfEstDynDescr)"
15986033482,11264,305600,35,1,1,128,1,1,16,0.000,0.000,,,,,NVIDIA A100-SXM4-40GB MIG 4g.20gb (0),1,,13,cupy_copy__complex64_complex64
15986285895,4576,305609,1,1,1,1,1,1,18,0.000,0.000,,,,,NVIDIA A100-SXM4-40GB MIG 4g.20gb (0),1,,13,cupy_copy__float32_float32
15986292231,5984,305615,,,,,,,,,,0.000,0.668,Device,Pageable,NVIDIA A100-SXM4-40GB MIG 4g.20gb (0),1,,7,[CUDA memcpy Device-to-Host]
15986591812,21536,305626,1434,1,1,128,1,1,16,0.000,0.000,,,,,NVIDIA A100-SXM4-40GB MIG 4g.20gb (0),1,,13,cupy_copy__complex64_complex64
15986669411,5504,305633,103,1,1,128,1,1,16,0.000,0.000,,,,,NVIDIA A100-SXM4-40GB MIG 4g.20gb (0),1,,13,cupy_copy__complex64_complex64
15986730274,10656,305640,35,1,1,128,1,1,16,0.000,0.000,,,,,NVIDIA A100-SXM4-40GB MIG 4g.20gb (0),1,,13,cupy_copy__complex64_complex64
15986801186,9215,305647,1,1,1,1,1,1,18,0.000,0.000,,,,,NVIDIA A100-SXM4-40GB MIG 4g.20gb (0),1,,13,cupy_copy__float32_float32
15986847073,295037,305658,1,1,1,32,32,1,30,0.000,0.000,,,,,NVIDIA A100-SXM4-40GB MIG 4g.20gb (0),1,,13,"void convert_kernel<__half2, float2>(tensor_layout_any, T1 *, tensor_layout_any, const T2 *)"
15987170365,6464,305661,,,,,,,,,,0.094,14494.959,Pinned,Device,NVIDIA A100-SXM4-40GB MIG 4g.20gb (0),1,,13,[CUDA memcpy Host-to-Device]
15987227293,10528,305662,,,,,,,,,,1.547,146904.534,Device,,NVIDIA A100-SXM4-40GB MIG 4g.20gb (0),1,,13,[CUDA memset]
15987242973,11359,305667,,,,,,,,,,0.031,2755.143,Pinned,Device,NVIDIA A100-SXM4-40GB MIG 4g.20gb (0),1,,13,[CUDA memcpy Host-to-Device]
15987257436,10496,305668,,,,,,,,,,0.197,18731.631,Pinned,Device,NVIDIA A100-SXM4-40GB MIG 4g.20gb (0),1,,13,[CUDA memcpy Host-to-Device]
15987287068,26400,305669,273,1,1,8,4,1,39,0.002,0.000,,,,,NVIDIA A100-SXM4-40GB MIG 4g.20gb (0),1,,13,"void channel_eq::eqMmseCoefCompLowMimoKernel<float, float, float, (unsigned int)4, (unsigned int)1, (unsigned int)4>(const channel_eq::_puschRxChEqStatDescr *, channel_eq::_puschRxChEqCoefCompDynDescr)"
15987348027,27968,305670,273,1,1,12,11,1,51,0.002,0.000,,,,,NVIDIA A100-SXM4-40GB MIG 4g.20gb (0),1,,13,"void channel_eq::eqMmseSoftDemapKernel<float, __half, __half, float, (unsigned int)4, (unsigned short)16383>(channel_eq::_puschRxChEqStatDescr *, channel_eq::_puschRxChEqSoftDemapDynDescr)"
15987418043,755287,305671,1,1,1,32,32,1,30,0.000,0.000,,,,,NVIDIA A100-SXM4-40GB MIG 4g.20gb (0),1,,13,"void convert_kernel<float2, __half2>(tensor_layout_any, T1 *, tensor_layout_any, const T2 *)"
15988210546,15904,305683,2253,1,1,128,1,1,16,0.000,0.000,,,,,NVIDIA A100-SXM4-40GB MIG 4g.20gb (0),1,,13,cupy_copy__float16_float16
15988277201,13600,305692,282,1,1,128,1,1,16,0.000,0.000,,,,,NVIDIA A100-SXM4-40GB MIG 4g.20gb (0),1,,13,cupy_copy__complex64_complex64
15988330960,9376,305701,26,1,1,128,1,1,16,0.000,0.000,,,,,NVIDIA A100-SXM4-40GB MIG 4g.20gb (0),1,,13,cupy_copy__float32_float32
15988386960,10048,305710,103,1,1,128,1,1,16,0.000,0.000,,,,,NVIDIA A100-SXM4-40GB MIG 4g.20gb (0),1,,13,cupy_copy__complex64_complex64
15988499054,19104,305720,1434,1,1,128,1,1,16,0.000,0.000,,,,,NVIDIA A100-SXM4-40GB MIG 4g.20gb (0),1,,13,cupy_copy__complex64_complex64
15988563886,317788,305725,1,1,1,32,32,1,30,0.000,0.000,,,,,NVIDIA A100-SXM4-40GB MIG 4g.20gb (0),1,,13,"void convert_kernel<__half2, float2>(tensor_layout_any, T1 *, tensor_layout_any, const T2 *)"
15988912362,10400,305728,,,,,,,,,,0.094,9009.151,Pinned,Device,NVIDIA A100-SXM4-40GB MIG 4g.20gb (0),1,,13,[CUDA memcpy Host-to-Device]
15989055368,613049,305729,,,,,,,,,,456.561,744651.709,Device,,NVIDIA A100-SXM4-40GB MIG 4g.20gb (0),1,,13,[CUDA memset]
15989673665,57568,305734,,,,,,,,,,1.235,21450.977,Pinned,Device,NVIDIA A100-SXM4-40GB MIG 4g.20gb (0),1,,13,[CUDA memcpy Host-to-Device]
15989733665,12703,305735,,,,,,,,,,0.197,15477.178,Pinned,Device,NVIDIA A100-SXM4-40GB MIG 4g.20gb (0),1,,13,[CUDA memcpy Host-to-Device]
15990150780,27648,305736,69,4,1,48,1,1,76,0.002,0.000,,,,,NVIDIA A100-SXM4-40GB MIG 4g.20gb (0),1,,13,"void ch_est::windowedChEstPreNoDftSOfdmKernel<float, __half, float, (unsigned int)2, (unsigned int)1, (unsigned short)4>(ch_est::puschRxChEstStatDescr_t *, ch_est::puschRxChEstDynDescr_t *)"
15990595223,30943,305737,137,2,1,24,2,1,44,0.001,0.001,,,,,NVIDIA A100-SXM4-40GB MIG 4g.20gb (0),1,,13,"void ch_est::chEstFilterNoDftSOfdmDispatchKernel<float, __half, float, (unsigned int)2>(ch_est::puschRxChEstStatDescr_t *, ch_est::puschRxChEstDynDescr_t *)"
15990656854,34304,305738,137,2,1,24,2,1,44,0.001,0.001,,,,,NVIDIA A100-SXM4-40GB MIG 4g.20gb (0),1,,13,"void ch_est::chEstFilterNoDftSOfdmDispatchKernel<float, __half, float, (unsigned int)2>(ch_est::puschRxChEstStatDescr_t *, ch_est::puschRxChEstDynDescr_t *)"
15991104465,5952,305749,103,1,1,128,1,1,16,0.000,0.000,,,,,NVIDIA A100-SXM4-40GB MIG 4g.20gb (0),1,,13,cupy_copy__complex64_complex64
15991197456,20672,305759,1434,1,1,128,1,1,16,0.000,0.000,,,,,NVIDIA A100-SXM4-40GB MIG 4g.20gb (0),1,,13,cupy_copy__complex64_complex64
15991656459,7904,305766,103,1,1,128,1,1,16,0.000,0.000,,,,,NVIDIA A100-SXM4-40GB MIG 4g.20gb (0),1,,13,cupy_copy__complex64_complex64
15992105382,316572,305773,1,1,1,32,32,1,30,0.000,0.000,,,,,NVIDIA A100-SXM4-40GB MIG 4g.20gb (0),1,,13,"void convert_kernel<__half2, float2>(tensor_layout_any, T1 *, tensor_layout_any, const T2 *)"
15992460194,6720,305776,,,,,,,,,,0.094,13942.808,Pinned,Device,NVIDIA A100-SXM4-40GB MIG 4g.20gb (0),1,,13,[CUDA memcpy Host-to-Device]
15992646592,58559,305777,,,,,,,,,,35.810,611490.194,Device,,NVIDIA A100-SXM4-40GB MIG 4g.20gb (0),1,,13,[CUDA memset]
15992709759,5792,305779,,,,,,,,,,0.000,13.812,Pinned,Device,NVIDIA A100-SXM4-40GB MIG 4g.20gb (0),1,,13,[CUDA memcpy Host-to-Device]
15992718719,9728,305780,,,,,,,,,,0.197,20210.516,Pinned,Device,NVIDIA A100-SXM4-40GB MIG 4g.20gb (0),1,,13,[CUDA memcpy Host-to-Device]
15993189146,20255,305781,273,1,1,48,1,1,40,0.000,0.001,,,,,NVIDIA A100-SXM4-40GB MIG 4g.20gb (0),1,,13,"void pusch_noise_intf_est::noiseIntfEstNoDftSOfdmKernel<float, __half, float, float, (unsigned int)2, (unsigned int)1, (unsigned char)4, (unsigned char)4>(pusch_noise_intf_est::puschRxNoiseIntfEstDynDescr)"
15993643668,5952,305792,35,1,1,128,1,1,16,0.000,0.000,,,,,NVIDIA A100-SXM4-40GB MIG 4g.20gb (0),1,,13,cupy_copy__complex64_complex64
15994089775,5792,305801,1,1,1,1,1,1,18,0.000,0.000,,,,,NVIDIA A100-SXM4-40GB MIG 4g.20gb (0),1,,13,cupy_copy__float32_float32
15994103407,3264,305807,,,,,,,,,,0.000,1.225,Device,Pageable,NVIDIA A100-SXM4-40GB MIG 4g.20gb (0),1,,7,[CUDA memcpy Device-to-Host]
15994626889,20288,305818,1434,1,1,128,1,1,16,0.000,0.000,,,,,NVIDIA A100-SXM4-40GB MIG 4g.20gb (0),1,,13,cupy_copy__complex64_complex64
15994699081,6368,305825,103,1,1,128,1,1,16,0.000,0.000,,,,,NVIDIA A100-SXM4-40GB MIG 4g.20gb (0),1,,13,cupy_copy__complex64_complex64
15994764872,7872,305832,35,1,1,128,1,1,16,0.000,0.000,,,,,NVIDIA A100-SXM4-40GB MIG 4g.20gb (0),1,,13,cupy_copy__complex64_complex64
15994839143,3808,305839,1,1,1,1,1,1,18,0.000,0.000,,,,,NVIDIA A100-SXM4-40GB MIG 4g.20gb (0),1,,13,cupy_copy__float32_float32
15994879911,299420,305850,1,1,1,32,32,1,30,0.000,0.000,,,,,NVIDIA A100-SXM4-40GB MIG 4g.20gb (0),1,,13,"void convert_kernel<__half2, float2>(tensor_layout_any, T1 *, tensor_layout_any, const T2 *)"
15995208355,6432,305853,,,,,,,,,,0.094,14567.105,Pinned,Device,NVIDIA A100-SXM4-40GB MIG 4g.20gb (0),1,,13,[CUDA memcpy Host-to-Device]
15995290370,8320,305854,,,,,,,,,,1.547,185891.832,Device,,NVIDIA A100-SXM4-40GB MIG 4g.20gb (0),1,,13,[CUDA memset]
15995304546,8288,305859,,,,,,,,,,0.031,3776.050,Pinned,Device,NVIDIA A100-SXM4-40GB MIG 4g.20gb (0),1,,13,[CUDA memcpy Host-to-Device]
15995319906,18815,305860,,,,,,,,,,0.197,10449.519,Pinned,Device,NVIDIA A100-SXM4-40GB MIG 4g.20gb (0),1,,13,[CUDA memcpy Host-to-Device]
15995376417,32576,305861,273,1,1,8,4,1,39,0.002,0.000,,,,,NVIDIA A100-SXM4-40GB MIG 4g.20gb (0),1,,13,"void channel_eq::eqMmseCoefCompLowMimoKernel<float, float, float, (unsigned int)4, (unsigned int)1, (unsigned int)4>(const channel_eq::_puschRxChEqStatDescr *, channel_eq::_puschRxChEqCoefCompDynDescr)"
15995467456,25600,305862,273,1,1,12,11,1,51,0.002,0.000,,,,,NVIDIA A100-SXM4-40GB MIG 4g.20gb (0),1,,13,"void channel_eq::eqMmseSoftDemapKernel<float, __half, __half, float, (unsigned int)4, (unsigned short)16383>(channel_eq::_puschRxChEqStatDescr *, channel_eq::_puschRxChEqSoftDemapDynDescr)"
15995552927,1241010,305863,1,1,1,32,32,1,30,0.000,0.000,,,,,NVIDIA A100-SXM4-40GB MIG 4g.20gb (0),1,,13,"void convert_kernel<float2, __half2>(tensor_layout_any, T1 *, tensor_layout_any, const T2 *)"
15997006415,16735,305875,2253,1,1,128,1,1,16,0.000,0.000,,,,,NVIDIA A100-SXM4-40GB MIG 4g.20gb (0),1,,13,cupy_copy__float16_float16
15997260172,7648,305884,282,1,1,128,1,1,16,0.000,0.000,,,,,NVIDIA A100-SXM4-40GB MIG 4g.20gb (0),1,,13,cupy_copy__complex64_complex64
15997323307,8512,305893,26,1,1,128,1,1,16,0.000,0.000,,,,,NVIDIA A100-SXM4-40GB MIG 4g.20gb (0),1,,13,cupy_copy__float32_float32
15997556168,11456,305902,103,1,1,128,1,1,16,0.000,0.000,,,,,NVIDIA A100-SXM4-40GB MIG 4g.20gb (0),1,,13,cupy_copy__complex64_complex64
15997828773,21728,305918,1434,1,1,128,1,1,16,0.000,0.000,,,,,NVIDIA A100-SXM4-40GB MIG 4g.20gb (0),1,,13,cupy_copy__complex64_complex64
15998096578,302077,305923,1,1,1,32,32,1,30,0.000,0.000,,,,,NVIDIA A100-SXM4-40GB MIG 4g.20gb (0),1,,13,"void convert_kernel<__half2, float2>(tensor_layout_any, T1 *, tensor_layout_any, const T2 *)"
15998428575,6175,305926,,,,,,,,,,0.094,15173.411,Pinned,Device,NVIDIA A100-SXM4-40GB MIG 4g.20gb (0),1,,13,[CUDA memcpy Host-to-Device]
15998670492,619257,305927,,,,,,,,,,456.561,736890.164,Device,,NVIDIA A100-SXM4-40GB MIG 4g.20gb (0),1,,13,[CUDA memset]
15999292661,67615,305932,,,,,,,,,,1.235,18263.587,Pinned,Device,NVIDIA A100-SXM4-40GB MIG 4g.20gb (0),1,,13,[CUDA memcpy Host-to-Device]
15999363508,14400,305933,,,,,,,,,,0.197,13653.246,Pinned,Device,NVIDIA A100-SXM4-40GB MIG 4g.20gb (0),1,,13,[CUDA memcpy Host-to-Device]
15999629649,15424,305934,69,4,1,48,1,1,76,0.002,0.000,,,,,NVIDIA A100-SXM4-40GB MIG 4g.20gb (0),1,,13,"void ch_est::windowedChEstPreNoDftSOfdmKernel<float, __half, float, (unsigned int)2, (unsigned int)1, (unsigned short)4>(ch_est::puschRxChEstStatDescr_t *, ch_est::puschRxChEstDynDescr_t *)"
15999874670,35072,305935,137,2,1,24,2,1,44,0.001,0.001,,,,,NVIDIA A100-SXM4-40GB MIG 4g.20gb (0),1,,13,"void ch_est::chEstFilterNoDftSOfdmDispatchKernel<float, __half, float, (unsigned int)2>(ch_est::puschRxChEstStatDescr_t *, ch_est::puschRxChEstDynDescr_t *)"
16000112908,32351,305936,137,2,1,24,2,1,44,0.001,0.001,,,,,NVIDIA A100-SXM4-40GB MIG 4g.20gb (0),1,,13,"void ch_est::chEstFilterNoDftSOfdmDispatchKernel<float, __half, float, (unsigned int)2>(ch_est::puschRxChEstStatDescr_t *, ch_est::puschRxChEstDynDescr_t *)"
16000180395,5280,305947,103,1,1,128,1,1,16,0.000,0.000,,,,,NVIDIA A100-SXM4-40GB MIG 4g.20gb (0),1,,13,cupy_copy__complex64_complex64
16000238730,16832,305957,1434,1,1,128,1,1,16,0.000,0.000,,,,,NVIDIA A100-SXM4-40GB MIG 4g.20gb (0),1,,13,cupy_copy__complex64_complex64
16000298217,9920,305964,103,1,1,128,1,1,16,0.000,0.000,,,,,NVIDIA A100-SXM4-40GB MIG 4g.20gb (0),1,,13,cupy_copy__complex64_complex64
16000366761,310236,305971,1,1,1,32,32,1,30,0.000,0.000,,,,,NVIDIA A100-SXM4-40GB MIG 4g.20gb (0),1,,13,"void convert_kernel<__half2, float2>(tensor_layout_any, T1 *, tensor_layout_any, const T2 *)"
16000706597,5952,305974,,,,,,,,,,0.094,15741.865,Pinned,Device,NVIDIA A100-SXM4-40GB MIG 4g.20gb (0),1,,13,[CUDA memcpy Host-to-Device]
16000770820,59551,305975,,,,,,,,,,35.810,601320.177,Device,,NVIDIA A100-SXM4-40GB MIG 4g.20gb (0),1,,13,[CUDA memset]
16000833443,3840,305977,,,,,,,,,,0.000,20.833,Pinned,Device,NVIDIA A100-SXM4-40GB MIG 4g.20gb (0),1,,13,[CUDA memcpy Host-to-Device]
16000842019,13792,305978,,,,,,,,,,0.197,14255.063,Pinned,Device,NVIDIA A100-SXM4-40GB MIG 4g.20gb (0),1,,13,[CUDA memcpy Host-to-Device]
16000921954,41344,305979,273,1,1,48,1,1,40,0.000,0.001,,,,,NVIDIA A100-SXM4-40GB MIG 4g.20gb (0),1,,13,"void pusch_noise_intf_est::noiseIntfEstNoDftSOfdmKernel<float, __half, float, float, (unsigned int)2, (unsigned int)1, (unsigned char)4, (unsigned char)4>(pusch_noise_intf_est::puschRxNoiseIntfEstDynDescr)"
16001003970,11999,305990,35,1,1,128,1,1,16,0.000,0.000,,,,,NVIDIA A100-SXM4-40GB MIG 4g.20gb (0),1,,13,cupy_copy__complex64_complex64
16001065473,5760,305999,1,1,1,1,1,1,18,0.000,0.000,,,,,NVIDIA A100-SXM4-40GB MIG 4g.20gb (0),1,,13,cupy_copy__float32_float32
16001077825,1792,306005,,,,,,,,,,0.000,2.232,Device,Pageable,NVIDIA A100-SXM4-40GB MIG 4g.20gb (0),1,,7,[CUDA memcpy Device-to-Host]
16001168480,16991,306016,1434,1,1,128,1,1,16,0.000,0.000,,,,,NVIDIA A100-SXM4-40GB MIG 4g.20gb (0),1,,13,cupy_copy__complex64_complex64
16001208287,6080,306023,103,1,1,128,1,1,16,0.000,0.000,,,,,NVIDIA A100-SXM4-40GB MIG 4g.20gb (0),1,,13,cupy_copy__complex64_complex64
16001262719,8800,306030,35,1,1,128,1,1,16,0.000,0.000,,,,,NVIDIA A100-SXM4-40GB MIG 4g.20gb (0),1,,13,cupy_copy__complex64_complex64
16001327166,4032,306037,1,1,1,1,1,1,18,0.000,0.000,,,,,NVIDIA A100-SXM4-40GB MIG 4g.20gb (0),1,,13,cupy_copy__float32_float32
16001359774,292156,306048,1,1,1,32,32,1,30,0.000,0.000,,,,,NVIDIA A100-SXM4-40GB MIG 4g.20gb (0),1,,13,"void convert_kernel<__half2, float2>(tensor_layout_any, T1 *, tensor_layout_any, const T2 *)"
16001680474,5760,306051,,,,,,,,,,0.094,16266.656,Pinned,Device,NVIDIA A100-SXM4-40GB MIG 4g.20gb (0),1,,13,[CUDA memcpy Host-to-Device]
16001729497,9440,306052,,,,,,,,,,1.547,163836.974,Device,,NVIDIA A100-SXM4-40GB MIG 4g.20gb (0),1,,13,[CUDA memset]
16001744089,3136,306057,,,,,,,,,,0.031,9979.575,Pinned,Device,NVIDIA A100-SXM4-40GB MIG 4g.20gb (0),1,,13,[CUDA memcpy Host-to-Device]
16001754233,13312,306058,,,,,,,,,,0.197,14769.193,Pinned,Device,NVIDIA A100-SXM4-40GB MIG 4g.20gb (0),1,,13,[CUDA memcpy Host-to-Device]
16001813656,46752,306059,273,1,1,8,4,1,39,0.002,0.000,,,,,NVIDIA A100-SXM4-40GB MIG 4g.20gb (0),1,,13,"void channel_eq::eqMmseCoefCompLowMimoKernel<float, float, float, (unsigned int)4, (unsigned int)1, (unsigned int)4>(const channel_eq::_puschRxChEqStatDescr *, channel_eq::_puschRxChEqCoefCompDynDescr)"
16001977175,27359,306060,273,1,1,12,11,1,51,0.002,0.000,,,,,NVIDIA A100-SXM4-40GB MIG 4g.20gb (0),1,,13,"void channel_eq::eqMmseSoftDemapKernel<float, __half, __half, float, (unsigned int)4, (unsigned short)16383>(channel_eq::_puschRxChEqStatDescr *, channel_eq::_puschRxChEqSoftDemapDynDescr)"
16002328563,738071,306061,1,1,1,32,32,1,30,0.000,0.000,,,,,NVIDIA A100-SXM4-40GB MIG 4g.20gb (0),1,,13,"void convert_kernel<float2, __half2>(tensor_layout_any, T1 *, tensor_layout_any, const T2 *)"
16003177033,15488,306073,2253,1,1,128,1,1,16,0.000,0.000,,,,,NVIDIA A100-SXM4-40GB MIG 4g.20gb (0),1,,13,cupy_copy__float16_float16
16003522117,8096,306082,282,1,1,128,1,1,16,0.000,0.000,,,,,NVIDIA A100-SXM4-40GB MIG 4g.20gb (0),1,,13,cupy_copy__complex64_complex64
16003866689,10656,306091,26,1,1,128,1,1,16,0.000,0.000,,,,,NVIDIA A100-SXM4-40GB MIG 4g.20gb (0),1,,13,cupy_copy__float32_float32
16004199838,9791,306100,103,1,1,128,1,1,16,0.000,0.000,,,,,NVIDIA A100-SXM4-40GB MIG 4g.20gb (0),1,,13,cupy_copy__complex64_complex64
16004296060,17408,306110,1434,1,1,128,1,1,16,0.000,0.000,,,,,NVIDIA A100-SXM4-40GB MIG 4g.20gb (0),1,,13,cupy_copy__complex64_complex64
16004646168,292125,306115,1,1,1,32,32,1,30,0.000,0.000,,,,,NVIDIA A100-SXM4-40GB MIG 4g.20gb (0),1,,13,"void convert_kernel<__half2, float2>(tensor_layout_any, T1 *, tensor_layout_any, const T2 *)"
16004968309,9824,306118,,,,,,,,,,0.094,9537.410,Pinned,Device,NVIDIA A100-SXM4-40GB MIG 4g.20gb (0),1,,13,[CUDA memcpy Host-to-Device]
16005049172,613465,306119,,,,,,,,,,456.561,744195.147,Device,,NVIDIA A100-SXM4-40GB MIG 4g.20gb (0),1,,13,[CUDA memset]
16005668365,61151,306124,,,,,,,,,,1.235,20193.804,Pinned,Device,NVIDIA A100-SXM4-40GB MIG 4g.20gb (0),1,,13,[CUDA memcpy Host-to-Device]
16005735820,10656,306125,,,,,,,,,,0.197,18450.285,Pinned,Device,NVIDIA A100-SXM4-40GB MIG 4g.20gb (0),1,,13,[CUDA memcpy Host-to-Device]
16006026409,29568,306126,69,4,1,48,1,1,76,0.002,0.000,,,,,NVIDIA A100-SXM4-40GB MIG 4g.20gb (0),1,,13,"void ch_est::windowedChEstPreNoDftSOfdmKernel<float, __half, float, (unsigned int)2, (unsigned int)1, (unsigned short)4>(ch_est::puschRxChEstStatDescr_t *, ch_est::puschRxChEstDynDescr_t *)"
16006371141,21984,306127,137,2,1,24,2,1,44,0.001,0.001,,,,,NVIDIA A100-SXM4-40GB MIG 4g.20gb (0),1,,13,"void ch_est::chEstFilterNoDftSOfdmDispatchKernel<float, __half, float, (unsigned int)2>(ch_est::puschRxChEstStatDescr_t *, ch_est::puschRxChEstDynDescr_t *)"
16006437604,32064,306128,137,2,1,24,2,1,44,0.001,0.001,,,,,NVIDIA A100-SXM4-40GB MIG 4g.20gb (0),1,,13,"void ch_est::chEstFilterNoDftSOfdmDispatchKernel<float, __half, float, (unsigned int)2>(ch_est::puschRxChEstStatDescr_t *, ch_est::puschRxChEstDynDescr_t *)"
16006492996,6880,306139,103,1,1,128,1,1,16,0.000,0.000,,,,,NVIDIA A100-SXM4-40GB MIG 4g.20gb (0),1,,13,cupy_copy__complex64_complex64
16006551843,16448,306149,1434,1,1,128,1,1,16,0.000,0.000,,,,,NVIDIA A100-SXM4-40GB MIG 4g.20gb (0),1,,13,cupy_copy__complex64_complex64
16006619074,9600,306156,103,1,1,128,1,1,16,0.000,0.000,,,,,NVIDIA A100-SXM4-40GB MIG 4g.20gb (0),1,,13,cupy_copy__complex64_complex64
16006676290,305916,306163,1,1,1,32,32,1,30,0.000,0.000,,,,,NVIDIA A100-SXM4-40GB MIG 4g.20gb (0),1,,13,"void convert_kernel<__half2, float2>(tensor_layout_any, T1 *, tensor_layout_any, const T2 *)"
16007010942,5856,306166,,,,,,,,,,0.094,15999.997,Pinned,Device,NVIDIA A100-SXM4-40GB MIG 4g.20gb (0),1,,13,[CUDA memcpy Host-to-Device]
16007071965,58368,306167,,,,,,,,,,35.810,613495.549,Device,,NVIDIA A100-SXM4-40GB MIG 4g.20gb (0),1,,13,[CUDA memset]
16007134524,5152,306169,,,,,,,,,,0.000,15.528,Pinned,Device,NVIDIA A100-SXM4-40GB MIG 4g.20gb (0),1,,13,[CUDA memcpy Host-to-Device]
16007142588,10016,306170,,,,,,,,,,0.197,19629.343,Pinned,Device,NVIDIA A100-SXM4-40GB MIG 4g.20gb (0),1,,13,[CUDA memcpy Host-to-Device]
16007219451,28416,306171,273,1,1,48,1,1,40,0.000,0.001,,,,,NVIDIA A100-SXM4-40GB MIG 4g.20gb (0),1,,13,"void pusch_noise_intf_est::noiseIntfEstNoDftSOfdmKernel<float, __half, float, float, (unsigned int)2, (unsigned int)1, (unsigned char)4, (unsigned char)4>(pusch_noise_intf_est::puschRxNoiseIntfEstDynDescr)"
16007297883,8768,306182,35,1,1,128,1,1,16,0.000,0.000,,,,,NVIDIA A100-SXM4-40GB MIG 4g.20gb (0),1,,13,cupy_copy__complex64_complex64
16007350330,4000,306191,1,1,1,1,1,1,18,0.000,0.000,,,,,NVIDIA A100-SXM4-40GB MIG 4g.20gb (0),1,,13,cupy_copy__float32_float32
16007359546,1696,306197,,,,,,,,,,0.000,2.358,Device,Pageable,NVIDIA A100-SXM4-40GB MIG 4g.20gb (0),1,,7,[CUDA memcpy Device-to-Host]
16007436185,17632,306208,1434,1,1,128,1,1,16,0.000,0.000,,,,,NVIDIA A100-SXM4-40GB MIG 4g.20gb (0),1,,13,cupy_copy__complex64_complex64
16007493624,7360,306215,103,1,1,128,1,1,16,0.000,0.000,,,,,NVIDIA A100-SXM4-40GB MIG 4g.20gb (0),1,,13,cupy_copy__complex64_complex64
16007555576,8928,306222,35,1,1,128,1,1,16,0.000,0.000,,,,,NVIDIA A100-SXM4-40GB MIG 4g.20gb (0),1,,13,cupy_copy__complex64_complex64
16007617623,4064,306229,1,1,1,1,1,1,18,0.000,0.000,,,,,NVIDIA A100-SXM4-40GB MIG 4g.20gb (0),1,,13,cupy_copy__float32_float32
16007676790,304573,306240,1,1,1,32,32,1,30,0.000,0.000,,,,,NVIDIA A100-SXM4-40GB MIG 4g.20gb (0),1,,13,"void convert_kernel<__half2, float2>(tensor_layout_any, T1 *, tensor_layout_any, const T2 *)"
16008012019,5440,306243,,,,,,,,,,0.094,17223.480,Pinned,Device,NVIDIA A100-SXM4-40GB MIG 4g.20gb (0),1,,13,[CUDA memcpy Host-to-Device]
16008038002,9696,306244,,,,,,,,,,1.547,159511.066,Device,,NVIDIA A100-SXM4-40GB MIG 4g.20gb (0),1,,13,[CUDA memset]
16008048274,6720,306249,,,,,,,,,,0.031,4657.126,Pinned,Device,NVIDIA A100-SXM4-40GB MIG 4g.20gb (0),1,,13,[CUDA memcpy Host-to-Device]
16008065458,13568,306250,,,,,,,,,,0.197,14490.403,Pinned,Device,NVIDIA A100-SXM4-40GB MIG 4g.20gb (0),1,,13,[CUDA memcpy Host-to-Device]
16008119441,44512,306251,273,1,1,8,4,1,39,0.002,0.000,,,,,NVIDIA A100-SXM4-40GB MIG 4g.20gb (0),1,,13,"void channel_eq::eqMmseCoefCompLowMimoKernel<float, float, float, (unsigned int)4, (unsigned int)1, (unsigned int)4>(const channel_eq::_puschRxChEqStatDescr *, channel_eq::_puschRxChEqCoefCompDynDescr)"
16008283024,26303,306252,273,1,1,12,11,1,51,0.002,0.000,,,,,NVIDIA A100-SXM4-40GB MIG 4g.20gb (0),1,,13,"void channel_eq::eqMmseSoftDemapKernel<float, __half, __half, float, (unsigned int)4, (unsigned short)16383>(channel_eq::_puschRxChEqStatDescr *, channel_eq::_puschRxChEqSoftDemapDynDescr)"
16008596684,1252242,306253,1,1,1,32,32,1,30,0.000,0.000,,,,,NVIDIA A100-SXM4-40GB MIG 4g.20gb (0),1,,13,"void convert_kernel<float2, __half2>(tensor_layout_any, T1 *, tensor_layout_any, const T2 *)"
16010145627,14527,306265,2253,1,1,128,1,1,16,0.000,0.000,,,,,NVIDIA A100-SXM4-40GB MIG 4g.20gb (0),1,,13,cupy_copy__float16_float16
16010457047,20096,306274,282,1,1,128,1,1,16,0.000,0.000,,,,,NVIDIA A100-SXM4-40GB MIG 4g.20gb (0),1,,13,cupy_copy__complex64_complex64
16010751860,6272,306283,26,1,1,128,1,1,16,0.000,0.000,,,,,NVIDIA A100-SXM4-40GB MIG 4g.20gb (0),1,,13,cupy_copy__float32_float32
16011056240,10240,306292,103,1,1,128,1,1,16,0.000,0.000,,,,,NVIDIA A100-SXM4-40GB MIG 4g.20gb (0),1,,13,cupy_copy__complex64_complex64
16011142671,16512,306302,1434,1,1,128,1,1,16,0.000,0.000,,,,,NVIDIA A100-SXM4-40GB MIG 4g.20gb (0),1,,13,cupy_copy__complex64_complex64
16011447820,319004,306307,1,1,1,32,32,1,30,0.000,0.000,,,,,NVIDIA A100-SXM4-40GB MIG 4g.20gb (0),1,,13,"void convert_kernel<__half2, float2>(tensor_layout_any, T1 *, tensor_layout_any, const T2 *)"
16011797608,14528,306310,,,,,,,,,,0.094,6449.283,Pinned,Device,NVIDIA A100-SXM4-40GB MIG 4g.20gb (0),1,,13,[CUDA memcpy Host-to-Device]
16012096133,618233,306311,,,,,,,,,,456.561,738259.848,Device,,NVIDIA A100-SXM4-40GB MIG 4g.20gb (0),1,,13,[CUDA memset]
16012722589,64640,306316,,,,,,,,,,1.235,19104.584,Pinned,Device,NVIDIA A100-SXM4-40GB MIG 4g.20gb (0),1,,13,[CUDA memcpy Host-to-Device]
16012790045,20991,306317,,,,,,,,,,0.197,9366.209,Pinned,Device,NVIDIA A100-SXM4-40GB MIG 4g.20gb (0),1,,13,[CUDA memcpy Host-to-Device]
16012853756,28000,306318,69,4,1,48,1,1,76,0.002,0.000,,,,,NVIDIA A100-SXM4-40GB MIG 4g.20gb (0),1,,13,"void ch_est::windowedChEstPreNoDftSOfdmKernel<float, __half, float, (unsigned int)2, (unsigned int)1, (unsigned short)4>(ch_est::puschRxChEstStatDescr_t *, ch_est::puschRxChEstDynDescr_t *)"
16012915067,25632,306319,137,2,1,24,2,1,44,0.001,0.001,,,,,NVIDIA A100-SXM4-40GB MIG 4g.20gb (0),1,,13,"void ch_est::chEstFilterNoDftSOfdmDispatchKernel<float, __half, float, (unsigned int)2>(ch_est::puschRxChEstStatDescr_t *, ch_est::puschRxChEstDynDescr_t *)"
16012976379,22655,306320,137,2,1,24,2,1,44,0.001,0.001,,,,,NVIDIA A100-SXM4-40GB MIG 4g.20gb (0),1,,13,"void ch_est::chEstFilterNoDftSOfdmDispatchKernel<float, __half, float, (unsigned int)2>(ch_est::puschRxChEstStatDescr_t *, ch_est::puschRxChEstDynDescr_t *)"
16013030618,7456,306331,103,1,1,128,1,1,16,0.000,0.000,,,,,NVIDIA A100-SXM4-40GB MIG 4g.20gb (0),1,,13,cupy_copy__complex64_complex64
16013092569,16672,306341,1434,1,1,128,1,1,16,0.000,0.000,,,,,NVIDIA A100-SXM4-40GB MIG 4g.20gb (0),1,,13,cupy_copy__complex64_complex64
16013157657,6944,306348,103,1,1,128,1,1,16,0.000,0.000,,,,,NVIDIA A100-SXM4-40GB MIG 4g.20gb (0),1,,13,cupy_copy__complex64_complex64
16013215064,311100,306355,1,1,1,32,32,1,30,0.000,0.000,,,,,NVIDIA A100-SXM4-40GB MIG 4g.20gb (0),1,,13,"void convert_kernel<__half2, float2>(tensor_layout_any, T1 *, tensor_layout_any, const T2 *)"
16013554420,6048,306358,,,,,,,,,,0.094,15491.978,Pinned,Device,NVIDIA A100-SXM4-40GB MIG 4g.20gb (0),1,,13,[CUDA memcpy Host-to-Device]
16013616019,59008,306359,,,,,,,,,,35.810,606834.904,Device,,NVIDIA A100-SXM4-40GB MIG 4g.20gb (0),1,,13,[CUDA memset]
16013682803,3840,306361,,,,,,,,,,0.000,20.833,Pinned,Device,NVIDIA A100-SXM4-40GB MIG 4g.20gb (0),1,,13,[CUDA memcpy Host-to-Device]
16013689587,9535,306362,,,,,,,,,,0.197,20619.461,Pinned,Device,NVIDIA A100-SXM4-40GB MIG 4g.20gb (0),1,,13,[CUDA memcpy Host-to-Device]
16013763250,25663,306363,273,1,1,48,1,1,40,0.000,0.001,,,,,NVIDIA A100-SXM4-40GB MIG 4g.20gb (0),1,,13,"void pusch_noise_intf_est::noiseIntfEstNoDftSOfdmKernel<float, __half, float, float, (unsigned int)2, (unsigned int)1, (unsigned char)4, (unsigned char)4>(pusch_noise_intf_est::puschRxNoiseIntfEstDynDescr)"
16013817553,10752,306374,35,1,1,128,1,1,16,0.000,0.000,,,,,NVIDIA A100-SXM4-40GB MIG 4g.20gb (0),1,,13,cupy_copy__complex64_complex64
16013875312,4128,306383,1,1,1,1,1,1,18,0.000,0.000,,,,,NVIDIA A100-SXM4-40GB MIG 4g.20gb (0),1,,13,cupy_copy__float32_float32
16013881008,1696,306389,,,,,,,,,,0.000,2.358,Device,Pageable,NVIDIA A100-SXM4-40GB MIG 4g.20gb (0),1,,7,[CUDA memcpy Device-to-Host]
16013968847,18720,306400,1434,1,1,128,1,1,16,0.000,0.000,,,,,NVIDIA A100-SXM4-40GB MIG 4g.20gb (0),1,,13,cupy_copy__complex64_complex64
16014073806,9568,306407,103,1,1,128,1,1,16,0.000,0.000,,,,,NVIDIA A100-SXM4-40GB MIG 4g.20gb (0),1,,13,cupy_copy__complex64_complex64
16014443786,13184,306414,35,1,1,128,1,1,16,0.000,0.000,,,,,NVIDIA A100-SXM4-40GB MIG 4g.20gb (0),1,,13,cupy_copy__complex64_complex64
16014542057,4256,306421,1,1,1,1,1,1,18,0.000,0.000,,,,,NVIDIA A100-SXM4-40GB MIG 4g.20gb (0),1,,13,cupy_copy__float32_float32
16014869765,293021,306432,1,1,1,32,32,1,30,0.000,0.000,,,,,NVIDIA A100-SXM4-40GB MIG 4g.20gb (0),1,,13,"void convert_kernel<__half2, float2>(tensor_layout_any, T1 *, tensor_layout_any, const T2 *)"
16015196418,5920,306435,,,,,,,,,,0.094,15826.941,Pinned,Device,NVIDIA A100-SXM4-40GB MIG 4g.20gb (0),1,,13,[CUDA memcpy Host-to-Device]
16015379904,8703,306436,,,,,,,,,,1.547,177710.191,Device,,NVIDIA A100-SXM4-40GB MIG 4g.20gb (0),1,,13,[CUDA memset]
16015389439,6848,306441,,,,,,,,,,0.031,4570.092,Pinned,Device,NVIDIA A100-SXM4-40GB MIG 4g.20gb (0),1,,13,[CUDA memcpy Host-to-Device]
16015402111,13728,306442,,,,,,,,,,0.197,14321.517,Pinned,Device,NVIDIA A100-SXM4-40GB MIG 4g.20gb (0),1,,13,[CUDA memcpy Host-to-Device]
16015789051,20608,306443,273,1,1,8,4,1,39,0.002,0.000,,,,,NVIDIA A100-SXM4-40GB MIG 4g.20gb (0),1,,13,"void channel_eq::eqMmseCoefCompLowMimoKernel<float, float, float, (unsigned int)4, (unsigned int)1, (unsigned int)4>(const channel_eq::_puschRxChEqStatDescr *, channel_eq::_puschRxChEqCoefCompDynDescr)"
16016185718,32160,306444,273,1,1,12,11,1,51,0.002,0.000,,,,,NVIDIA A100-SXM4-40GB MIG 4g.20gb (0),1,,13,"void channel_eq::eqMmseSoftDemapKernel<float, __half, __half, float, (unsigned int)4, (unsigned short)16383>(channel_eq::_puschRxChEqStatDescr *, channel_eq::_puschRxChEqSoftDemapDynDescr)"
16016565010,709624,306445,1,1,1,32,32,1,30,0.000,0.000,,,,,NVIDIA A100-SXM4-40GB MIG 4g.20gb (0),1,,13,"void convert_kernel<float2, __half2>(tensor_layout_any, T1 *, tensor_layout_any, const T2 *)"
16017394153,18080,306457,2253,1,1,128,1,1,16,0.000,0.000,,,,,NVIDIA A100-SXM4-40GB MIG 4g.20gb (0),1,,13,cupy_copy__float16_float16
16017769797,14015,306466,282,1,1,128,1,1,16,0.000,0.000,,,,,NVIDIA A100-SXM4-40GB MIG 4g.20gb (0),1,,13,cupy_copy__complex64_complex64
16018125409,7840,306475,26,1,1,128,1,1,16,0.000,0.000,,,,,NVIDIA A100-SXM4-40GB MIG 4g.20gb (0),1,,13,cupy_copy__float32_float32
16018189568,15040,306484,103,1,1,128,1,1,16,0.000,0.000,,,,,NVIDIA A100-SXM4-40GB MIG 4g.20gb (0),1,,13,cupy_copy__complex64_complex64
16018261087,19136,306494,1434,1,1,128,1,1,16,0.000,0.000,,,,,NVIDIA A100-SXM4-40GB MIG 4g.20gb (0),1,,13,cupy_copy__complex64_complex64
16018328446,317213,306499,1,1,1,32,32,1,30,0.000,0.000,,,,,NVIDIA A100-SXM4-40GB MIG 4g.20gb (0),1,,13,"void convert_kernel<__half2, float2>(tensor_layout_any, T1 *, tensor_layout_any, const T2 *)"
16018675354,5408,306502,,,,,,,,,,0.094,17325.421,Pinned,Device,NVIDIA A100-SXM4-40GB MIG 4g.20gb (0),1,,13,[CUDA memcpy Host-to-Device]
16018728762,613689,306503,,,,,,,,,,456.561,743738.586,Device,,NVIDIA A100-SXM4-40GB MIG 4g.20gb (0),1,,13,[CUDA memset]
16019345683,64223,306508,,,,,,,,,,1.235,19228.078,Pinned,Device,NVIDIA A100-SXM4-40GB MIG 4g.20gb (0),1,,13,[CUDA memcpy Host-to-Device]
16019416882,16928,306509,,,,,,,,,,0.197,11614.224,Pinned,Device,NVIDIA A100-SXM4-40GB MIG 4g.20gb (0),1,,13,[CUDA memcpy Host-to-Device]
16019482449,24256,306510,69,4,1,48,1,1,76,0.002,0.000,,,,,NVIDIA A100-SXM4-40GB MIG 4g.20gb (0),1,,13,"void ch_est::windowedChEstPreNoDftSOfdmKernel<float, __half, float, (unsigned int)2, (unsigned int)1, (unsigned short)4>(ch_est::puschRxChEstStatDescr_t *, ch_est::puschRxChEstDynDescr_t *)"
16019547569,21631,306511,137,2,1,24,2,1,44,0.001,0.001,,,,,NVIDIA A100-SXM4-40GB MIG 4g.20gb (0),1,,13,"void ch_est::chEstFilterNoDftSOfdmDispatchKernel<float, __half, float, (unsigned int)2>(ch_est::puschRxChEstStatDescr_t *, ch_est::puschRxChEstDynDescr_t *)"
16019606992,29760,306512,137,2,1,24,2,1,44,0.001,0.001,,,,,NVIDIA A100-SXM4-40GB MIG 4g.20gb (0),1,,13,"void ch_est::chEstFilterNoDftSOfdmDispatchKernel<float, __half, float, (unsigned int)2>(ch_est::puschRxChEstStatDescr_t *, ch_est::puschRxChEstDynDescr_t *)"
16019675407,6784,306523,103,1,1,128,1,1,16,0.000,0.000,,,,,NVIDIA A100-SXM4-40GB MIG 4g.20gb (0),1,,13,cupy_copy__complex64_complex64
16019731887,19327,306533,1434,1,1,128,1,1,16,0.000,0.000,,,,,NVIDIA A100-SXM4-40GB MIG 4g.20gb (0),1,,13,cupy_copy__complex64_complex64
16019800398,8672,306540,103,1,1,128,1,1,16,0.000,0.000,,,,,NVIDIA A100-SXM4-40GB MIG 4g.20gb (0),1,,13,cupy_copy__complex64_complex64
16019870925,301565,306547,1,1,1,32,32,1,30,0.000,0.000,,,,,NVIDIA A100-SXM4-40GB MIG 4g.20gb (0),1,,13,"void convert_kernel<__half2, float2>(tensor_layout_any, T1 *, tensor_layout_any, const T2 *)"
16020201545,5440,306550,,,,,,,,,,0.094,17223.480,Pinned,Device,NVIDIA A100-SXM4-40GB MIG 4g.20gb (0),1,,13,[CUDA memcpy Host-to-Device]
16020219785,59295,306551,,,,,,,,,,35.810,603898.491,Device,,NVIDIA A100-SXM4-40GB MIG 4g.20gb (0),1,,13,[CUDA memset]
16020282696,2656,306553,,,,,,,,,,0.000,30.120,Pinned,Device,NVIDIA A100-SXM4-40GB MIG 4g.20gb (0),1,,13,[CUDA memcpy Host-to-Device]
16020289864,12128,306554,,,,,,,,,,0.197,16210.919,Pinned,Device,NVIDIA A100-SXM4-40GB MIG 4g.20gb (0),1,,13,[CUDA memcpy Host-to-Device]
16020326632,38847,306555,273,1,1,48,1,1,40,0.000,0.001,,,,,NVIDIA A100-SXM4-40GB MIG 4g.20gb (0),1,,13,"void pusch_noise_intf_est::noiseIntfEstNoDftSOfdmKernel<float, __half, float, float, (unsigned int)2, (unsigned int)1, (unsigned char)4, (unsigned char)4>(pusch_noise_intf_est::puschRxNoiseIntfEstDynDescr)"
16020387911,8192,306566,35,1,1,128,1,1,16,0.000,0.000,,,,,NVIDIA A100-SXM4-40GB MIG 4g.20gb (0),1,,13,cupy_copy__complex64_complex64
16020410119,3488,306575,1,1,1,1,1,1,18,0.000,0.000,,,,,NVIDIA A100-SXM4-40GB MIG 4g.20gb (0),1,,13,cupy_copy__float32_float32
16020421959,1600,306581,,,,,,,,,,0.000,2.500,Device,Pageable,NVIDIA A100-SXM4-40GB MIG 4g.20gb (0),1,,7,[CUDA memcpy Device-to-Host]
16020502566,17152,306592,1434,1,1,128,1,1,16,0.000,0.000,,,,,NVIDIA A100-SXM4-40GB MIG 4g.20gb (0),1,,13,cupy_copy__complex64_complex64
16020572549,7328,306599,103,1,1,128,1,1,16,0.000,0.000,,,,,NVIDIA A100-SXM4-40GB MIG 4g.20gb (0),1,,13,cupy_copy__complex64_complex64
16020603365,6912,306606,35,1,1,128,1,1,16,0.000,0.000,,,,,NVIDIA A100-SXM4-40GB MIG 4g.20gb (0),1,,13,cupy_copy__complex64_complex64
16020628772,3648,306613,1,1,1,1,1,1,18,0.000,0.000,,,,,NVIDIA A100-SXM4-40GB MIG 4g.20gb (0),1,,13,cupy_copy__float32_float32
16020748067,310269,306624,1,1,1,32,32,1,30,0.000,0.000,,,,,NVIDIA A100-SXM4-40GB MIG 4g.20gb (0),1,,13,"void convert_kernel<__half2, float2>(tensor_layout_any, T1 *, tensor_layout_any, const T2 *)"
16021091423,12960,306627,,,,,,,,,,0.094,7229.583,Pinned,Device,NVIDIA A100-SXM4-40GB MIG 4g.20gb (0),1,,13,[CUDA memcpy Host-to-Device]
16021181406,12800,306628,,,,,,,,,,1.547,120830.000,Device,,NVIDIA A100-SXM4-40GB MIG 4g.20gb (0),1,,13,[CUDA memset]
16021197470,3968,306633,,,,,,,,,,0.031,7887.093,Pinned,Device,NVIDIA A100-SXM4-40GB MIG 4g.20gb (0),1,,13,[CUDA memcpy Host-to-Device]
16021207230,12640,306634,,,,,,,,,,0.197,15554.249,Pinned,Device,NVIDIA A100-SXM4-40GB MIG 4g.20gb (0),1,,13,[CUDA memcpy Host-to-Device]
16021231614,32095,306635,273,1,1,8,4,1,39,0.002,0.000,,,,,NVIDIA A100-SXM4-40GB MIG 4g.20gb (0),1,,13,"void channel_eq::eqMmseCoefCompLowMimoKernel<float, float, float, (unsigned int)4, (unsigned int)1, (unsigned int)4>(const channel_eq::_puschRxChEqStatDescr *, channel_eq::_puschRxChEqCoefCompDynDescr)"
16021451195,30080,306636,273,1,1,12,11,1,51,0.002,0.000,,,,,NVIDIA A100-SXM4-40GB MIG 4g.20gb (0),1,,13,"void channel_eq::eqMmseSoftDemapKernel<float, __half, __half, float, (unsigned int)4, (unsigned short)16383>(channel_eq::_puschRxChEqStatDescr *, channel_eq::_puschRxChEqSoftDemapDynDescr)"
16021688121,789719,306637,1,1,1,32,32,1,30,0.000,0.000,,,,,NVIDIA A100-SXM4-40GB MIG 4g.20gb (0),1,,13,"void convert_kernel<float2, __half2>(tensor_layout_any, T1 *, tensor_layout_any, const T2 *)"
16022561999,15520,306649,2253,1,1,128,1,1,16,0.000,0.000,,,,,NVIDIA A100-SXM4-40GB MIG 4g.20gb (0),1,,13,cupy_copy__float16_float16
16022793388,9984,306658,282,1,1,128,1,1,16,0.000,0.000,,,,,NVIDIA A100-SXM4-40GB MIG 4g.20gb (0),1,,13,cupy_copy__complex64_complex64
16023026089,5472,306667,26,1,1,128,1,1,16,0.000,0.000,,,,,NVIDIA A100-SXM4-40GB MIG 4g.20gb (0),1,,13,cupy_copy__float32_float32
16023250695,20608,306676,103,1,1,128,1,1,16,0.000,0.000,,,,,NVIDIA A100-SXM4-40GB MIG 4g.20gb (0),1,,13,cupy_copy__complex64_complex64
16023350534,16448,306686,1434,1,1,128,1,1,16,0.000,0.000,,,,,NVIDIA A100-SXM4-40GB MIG 4g.20gb (0),1,,13,cupy_copy__complex64_complex64
16023412613,294557,306691,1,1,1,32,32,1,30,0.000,0.000,,,,,NVIDIA A100-SXM4-40GB MIG 4g.20gb (0),1,,13,"void convert_kernel<__half2, float2>(tensor_layout_any, T1 *, tensor_layout_any, const T2 *)"
16023735586,5503,306694,,,,,,,,,,0.094,17026.343,Pinned,Device,NVIDIA A100-SXM4-40GB MIG 4g.20gb (0),1,,13,[CUDA memcpy Host-to-Device]
16023809601,617465,306695,,,,,,,,,,456.561,739172.971,Device,,NVIDIA A100-SXM4-40GB MIG 4g.20gb (0),1,,13,[CUDA memset]
16024431290,63455,306700,,,,,,,,,,1.235,19461.482,Pinned,Device,NVIDIA A100-SXM4-40GB MIG 4g.20gb (0),1,,13,[CUDA memcpy Host-to-Device]
16024502201,18880,306701,,,,,,,,,,0.197,10413.539,Pinned,Device,NVIDIA A100-SXM4-40GB MIG 4g.20gb (0),1,,13,[CUDA memcpy Host-to-Device]
16024556472,24000,306702,69,4,1,48,1,1,76,0.002,0.000,,,,,NVIDIA A100-SXM4-40GB MIG 4g.20gb (0),1,,13,"void ch_est::windowedChEstPreNoDftSOfdmKernel<float, __half, float, (unsigned int)2, (unsigned int)1, (unsigned short)4>(ch_est::puschRxChEstStatDescr_t *, ch_est::puschRxChEstDynDescr_t *)"
16024628087,30528,306703,137,2,1,24,2,1,44,0.001,0.001,,,,,NVIDIA A100-SXM4-40GB MIG 4g.20gb (0),1,,13,"void ch_est::chEstFilterNoDftSOfdmDispatchKernel<float, __half, float, (unsigned int)2>(ch_est::puschRxChEstStatDescr_t *, ch_est::puschRxChEstDynDescr_t *)"
16024697367,25439,306704,137,2,1,24,2,1,44,0.001,0.001,,,,,NVIDIA A100-SXM4-40GB MIG 4g.20gb (0),1,,13,"void ch_est::chEstFilterNoDftSOfdmDispatchKernel<float, __half, float, (unsigned int)2>(ch_est::puschRxChEstStatDescr_t *, ch_est::puschRxChEstDynDescr_t *)"
16024754902,4704,306715,103,1,1,128,1,1,16,0.000,0.000,,,,,NVIDIA A100-SXM4-40GB MIG 4g.20gb (0),1,,13,cupy_copy__complex64_complex64
16024820661,17792,306725,1434,1,1,128,1,1,16,0.000,0.000,,,,,NVIDIA A100-SXM4-40GB MIG 4g.20gb (0),1,,13,cupy_copy__complex64_complex64
16024895732,5504,306732,103,1,1,128,1,1,16,0.000,0.000,,,,,NVIDIA A100-SXM4-40GB MIG 4g.20gb (0),1,,13,cupy_copy__complex64_complex64
16024953460,295165,306739,1,1,1,32,32,1,30,0.000,0.000,,,,,NVIDIA A100-SXM4-40GB MIG 4g.20gb (0),1,,13,"void convert_kernel<__half2, float2>(tensor_layout_any, T1 *, tensor_layout_any, const T2 *)"
16025276784,5440,306742,,,,,,,,,,0.094,17223.480,Pinned,Device,NVIDIA A100-SXM4-40GB MIG 4g.20gb (0),1,,13,[CUDA memcpy Host-to-Device]
16025332432,58207,306743,,,,,,,,,,35.810,615214.426,Device,,NVIDIA A100-SXM4-40GB MIG 4g.20gb (0),1,,13,[CUDA memset]
16025392079,5568,306745,,,,,,,,,,0.000,14.368,Pinned,Device,NVIDIA A100-SXM4-40GB MIG 4g.20gb (0),1,,13,[CUDA memcpy Host-to-Device]
16025400591,9984,306746,,,,,,,,,,0.197,19692.257,Pinned,Device,NVIDIA A100-SXM4-40GB MIG 4g.20gb (0),1,,13,[CUDA memcpy Host-to-Device]
16025474446,24224,306747,273,1,1,48,1,1,40,0.000,0.001,,,,,NVIDIA A100-SXM4-40GB MIG 4g.20gb (0),1,,13,"void pusch_noise_intf_est::noiseIntfEstNoDftSOfdmKernel<float, __half, float, float, (unsigned int)2, (unsigned int)1, (unsigned char)4, (unsigned char)4>(pusch_noise_intf_est::puschRxNoiseIntfEstDynDescr)"
16025533165,11552,306758,35,1,1,128,1,1,16,0.000,0.000,,,,,NVIDIA A100-SXM4-40GB MIG 4g.20gb (0),1,,13,cupy_copy__complex64_complex64
16025603853,4383,306767,1,1,1,1,1,1,18,0.000,0.000,,,,,NVIDIA A100-SXM4-40GB MIG 4g.20gb (0),1,,13,cupy_copy__float32_float32
16025614604,1696,306773,,,,,,,,,,0.000,2.358,Device,Pageable,NVIDIA A100-SXM4-40GB MIG 4g.20gb (0),1,,7,[CUDA memcpy Device-to-Host]
16025793578,19392,306784,1434,1,1,128,1,1,16,0.000,0.000,,,,,NVIDIA A100-SXM4-40GB MIG 4g.20gb (0),1,,13,cupy_copy__complex64_complex64
16026128199,6976,306791,103,1,1,128,1,1,16,0.000,0.000,,,,,NVIDIA A100-SXM4-40GB MIG 4g.20gb (0),1,,13,cupy_copy__complex64_complex64
16026437923,14496,306798,35,1,1,128,1,1,16,0.000,0.000,,,,,NVIDIA A100-SXM4-40GB MIG 4g.20gb (0),1,,13,cupy_copy__complex64_complex64
16026506818,5856,306805,1,1,1,1,1,1,18,0.000,0.000,,,,,NVIDIA A100-SXM4-40GB MIG 4g.20gb (0),1,,13,cupy_copy__float32_float32
16026538338,294781,306816,1,1,1,32,32,1,30,0.000,0.000,,,,,NVIDIA A100-SXM4-40GB MIG 4g.20gb (0),1,,13,"void convert_kernel<__half2, float2>(tensor_layout_any, T1 *, tensor_layout_any, const T2 *)"
16026866686,7040,306819,,,,,,,,,,0.094,13309.048,Pinned,Device,NVIDIA A100-SXM4-40GB MIG 4g.20gb (0),1,,13,[CUDA memcpy Host-to-Device]
16027203227,9887,306820,,,,,,,,,,1.547,156428.645,Device,,NVIDIA A100-SXM4-40GB MIG 4g.20gb (0),1,,13,[CUDA memset]
16027215834,4256,306825,,,,,,,,,,0.031,7353.371,Pinned,Device,NVIDIA A100-SXM4-40GB MIG 4g.20gb (0),1,,13,[CUDA memcpy Host-to-Device]
16027222714,17504,306826,,,,,,,,,,0.197,11232.018,Pinned,Device,NVIDIA A100-SXM4-40GB MIG 4g.20gb (0),1,,13,[CUDA memcpy Host-to-Device]
16027557271,36671,306827,273,1,1,8,4,1,39,0.002,0.000,,,,,NVIDIA A100-SXM4-40GB MIG 4g.20gb (0),1,,13,"void channel_eq::eqMmseCoefCompLowMimoKernel<float, float, float, (unsigned int)4, (unsigned int)1, (unsigned int)4>(const channel_eq::_puschRxChEqStatDescr *, channel_eq::_puschRxChEqCoefCompDynDescr)"
16027915987,29759,306828,273,1,1,12,11,1,51,0.002,0.000,,,,,NVIDIA A100-SXM4-40GB MIG 4g.20gb (0),1,,13,"void channel_eq::eqMmseSoftDemapKernel<float, __half, __half, float, (unsigned int)4, (unsigned short)16383>(channel_eq::_puschRxChEqStatDescr *, channel_eq::_puschRxChEqSoftDemapDynDescr)"
16028282958,754872,306829,1,1,1,32,32,1,30,0.000,0.000,,,,,NVIDIA A100-SXM4-40GB MIG 4g.20gb (0),1,,13,"void convert_kernel<float2, __half2>(tensor_layout_any, T1 *, tensor_layout_any, const T2 *)"
16029360578,16896,306841,2253,1,1,128,1,1,16,0.000,0.000,,,,,NVIDIA A100-SXM4-40GB MIG 4g.20gb (0),1,,13,cupy_copy__float16_float16
16029438145,6400,306850,282,1,1,128,1,1,16,0.000,0.000,,,,,NVIDIA A100-SXM4-40GB MIG 4g.20gb (0),1,,13,cupy_copy__complex64_complex64
16029500193,6720,306859,26,1,1,128,1,1,16,0.000,0.000,,,,,NVIDIA A100-SXM4-40GB MIG 4g.20gb (0),1,,13,cupy_copy__float32_float32
16029548448,9536,306868,103,1,1,128,1,1,16,0.000,0.000,,,,,NVIDIA A100-SXM4-40GB MIG 4g.20gb (0),1,,13,cupy_copy__complex64_complex64
16029699615,21311,306878,1434,1,1,128,1,1,16,0.000,0.000,,,,,NVIDIA A100-SXM4-40GB MIG 4g.20gb (0),1,,13,cupy_copy__complex64_complex64
16029789630,300732,306883,1,1,1,32,32,1,30,0.000,0.000,,,,,NVIDIA A100-SXM4-40GB MIG 4g.20gb (0),1,,13,"void convert_kernel<__half2, float2>(tensor_layout_any, T1 *, tensor_layout_any, const T2 *)"
16030120346,5888,306886,,,,,,,,,,0.094,15912.954,Pinned,Device,NVIDIA A100-SXM4-40GB MIG 4g.20gb (0),1,,13,[CUDA memcpy Host-to-Device]
16030190329,616185,306887,,,,,,,,,,456.561,740542.656,Device,,NVIDIA A100-SXM4-40GB MIG 4g.20gb (0),1,,13,[CUDA memset]
16030810930,69631,306892,,,,,,,,,,1.235,17735.031,Pinned,Device,NVIDIA A100-SXM4-40GB MIG 4g.20gb (0),1,,13,[CUDA memcpy Host-to-Device]
16030887601,17824,306893,,,,,,,,,,0.197,11030.495,Pinned,Device,NVIDIA A100-SXM4-40GB MIG 4g.20gb (0),1,,13,[CUDA memcpy Host-to-Device]
16030972016,28448,306894,69,4,1,48,1,1,76,0.002,0.000,,,,,NVIDIA A100-SXM4-40GB MIG 4g.20gb (0),1,,13,"void ch_est::windowedChEstPreNoDftSOfdmKernel<float, __half, float, (unsigned int)2, (unsigned int)1, (unsigned short)4>(ch_est::puschRxChEstStatDescr_t *, ch_est::puschRxChEstDynDescr_t *)"
16031048527,29312,306895,137,2,1,24,2,1,44,0.001,0.001,,,,,NVIDIA A100-SXM4-40GB MIG 4g.20gb (0),1,,13,"void ch_est::chEstFilterNoDftSOfdmDispatchKernel<float, __half, float, (unsigned int)2>(ch_est::puschRxChEstStatDescr_t *, ch_est::puschRxChEstDynDescr_t *)"
16031117903,27455,306896,137,2,1,24,2,1,44,0.001,0.001,,,,,NVIDIA A100-SXM4-40GB MIG 4g.20gb (0),1,,13,"void ch_est::chEstFilterNoDftSOfdmDispatchKernel<float, __half, float, (unsigned int)2>(ch_est::puschRxChEstStatDescr_t *, ch_est::puschRxChEstDynDescr_t *)"
16031182990,7072,306907,103,1,1,128,1,1,16,0.000,0.000,,,,,NVIDIA A100-SXM4-40GB MIG 4g.20gb (0),1,,13,cupy_copy__complex64_complex64
16031254605,18144,306917,1434,1,1,128,1,1,16,0.000,0.000,,,,,NVIDIA A100-SXM4-40GB MIG 4g.20gb (0),1,,13,cupy_copy__complex64_complex64
16031318220,5920,306924,103,1,1,128,1,1,16,0.000,0.000,,,,,NVIDIA A100-SXM4-40GB MIG 4g.20gb (0),1,,13,cupy_copy__complex64_complex64
16031446955,325340,306931,1,1,1,32,32,1,30,0.000,0.000,,,,,NVIDIA A100-SXM4-40GB MIG 4g.20gb (0),1,,13,"void convert_kernel<__half2, float2>(tensor_layout_any, T1 *, tensor_layout_any, const T2 *)"
16031803143,13504,306934,,,,,,,,,,0.094,6938.376,Pinned,Device,NVIDIA A100-SXM4-40GB MIG 4g.20gb (0),1,,13,[CUDA memcpy Host-to-Device]
16032062564,57151,306935,,,,,,,,,,35.810,626566.170,Device,,NVIDIA A100-SXM4-40GB MIG 4g.20gb (0),1,,13,[CUDA memset]
16032122755,2112,306937,,,,,,,,,,0.000,37.879,Pinned,Device,NVIDIA A100-SXM4-40GB MIG 4g.20gb (0),1,,13,[CUDA memcpy Host-to-Device]
16032129699,9856,306938,,,,,,,,,,0.197,19948.044,Pinned,Device,NVIDIA A100-SXM4-40GB MIG 4g.20gb (0),1,,13,[CUDA memcpy Host-to-Device]
16032385728,38624,306939,273,1,1,48,1,1,40,0.000,0.001,,,,,NVIDIA A100-SXM4-40GB MIG 4g.20gb (0),1,,13,"void pusch_noise_intf_est::noiseIntfEstNoDftSOfdmKernel<float, __half, float, float, (unsigned int)2, (unsigned int)1, (unsigned char)4, (unsigned char)4>(pusch_noise_intf_est::puschRxNoiseIntfEstDynDescr)"
16032493535,9312,306950,35,1,1,128,1,1,16,0.000,0.000,,,,,NVIDIA A100-SXM4-40GB MIG 4g.20gb (0),1,,13,cupy_copy__complex64_complex64
16032733948,4480,306959,1,1,1,1,1,1,18,0.000,0.000,,,,,NVIDIA A100-SXM4-40GB MIG 4g.20gb (0),1,,13,cupy_copy__float32_float32
16032746684,3776,306965,,,,,,,,,,0.000,1.059,Device,Pageable,NVIDIA A100-SXM4-40GB MIG 4g.20gb (0),1,,7,[CUDA memcpy Device-to-Host]
16033049145,18400,306976,1434,1,1,128,1,1,16,0.000,0.000,,,,,NVIDIA A100-SXM4-40GB MIG 4g.20gb (0),1,,13,cupy_copy__complex64_complex64
16033293302,8192,306983,103,1,1,128,1,1,16,0.000,0.000,,,,,NVIDIA A100-SXM4-40GB MIG 4g.20gb (0),1,,13,cupy_copy__complex64_complex64
16033540211,11904,306990,35,1,1,128,1,1,16,0.000,0.000,,,,,NVIDIA A100-SXM4-40GB MIG 4g.20gb (0),1,,13,cupy_copy__complex64_complex64
16033797040,8224,306997,1,1,1,1,1,1,18,0.000,0.000,,,,,NVIDIA A100-SXM4-40GB MIG 4g.20gb (0),1,,13,cupy_copy__float32_float32
16033906799,321437,307008,1,1,1,32,32,1,30,0.000,0.000,,,,,NVIDIA A100-SXM4-40GB MIG 4g.20gb (0),1,,13,"void convert_kernel<__half2, float2>(tensor_layout_any, T1 *, tensor_layout_any, const T2 *)"
16034258283,10464,307011,,,,,,,,,,0.094,8954.058,Pinned,Device,NVIDIA A100-SXM4-40GB MIG 4g.20gb (0),1,,13,[CUDA memcpy Host-to-Device]
16034447017,8608,307012,,,,,,,,,,1.547,179672.857,Device,,NVIDIA A100-SXM4-40GB MIG 4g.20gb (0),1,,13,[CUDA memset]
16034461513,7296,307017,,,,,,,,,,0.031,4289.461,Pinned,Device,NVIDIA A100-SXM4-40GB MIG 4g.20gb (0),1,,13,[CUDA memcpy Host-to-Device]
16034478281,17248,307018,,,,,,,,,,0.197,11398.742,Pinned,Device,NVIDIA A100-SXM4-40GB MIG 4g.20gb (0),1,,13,[CUDA memcpy Host-to-Device]
16034556200,33984,307019,273,1,1,8,4,1,39,0.002,0.000,,,,,NVIDIA A100-SXM4-40GB MIG 4g.20gb (0),1,,13,"void channel_eq::eqMmseCoefCompLowMimoKernel<float, float, float, (unsigned int)4, (unsigned int)1, (unsigned int)4>(const channel_eq::_puschRxChEqStatDescr *, channel_eq::_puschRxChEqCoefCompDynDescr)"
16034655207,31903,307020,273,1,1,12,11,1,51,0.002,0.000,,,,,NVIDIA A100-SXM4-40GB MIG 4g.20gb (0),1,,13,"void channel_eq::eqMmseSoftDemapKernel<float, __half, __half, float, (unsigned int)4, (unsigned short)16383>(channel_eq::_puschRxChEqStatDescr *, channel_eq::_puschRxChEqSoftDemapDynDescr)"
16034754758,728920,307021,1,1,1,32,32,1,30,0.000,0.000,,,,,NVIDIA A100-SXM4-40GB MIG 4g.20gb (0),1,,13,"void convert_kernel<float2, __half2>(tensor_layout_any, T1 *, tensor_layout_any, const T2 *)"
16035511229,16704,307033,2253,1,1,128,1,1,16,0.000,0.000,,,,,NVIDIA A100-SXM4-40GB MIG 4g.20gb (0),1,,13,cupy_copy__float16_float16
16035585916,9760,307042,282,1,1,128,1,1,16,0.000,0.000,,,,,NVIDIA A100-SXM4-40GB MIG 4g.20gb (0),1,,13,cupy_copy__complex64_complex64
16035647420,9024,307051,26,1,1,128,1,1,16,0.000,0.000,,,,,NVIDIA A100-SXM4-40GB MIG 4g.20gb (0),1,,13,cupy_copy__float32_float32
16035695611,9696,307060,103,1,1,128,1,1,16,0.000,0.000,,,,,NVIDIA A100-SXM4-40GB MIG 4g.20gb (0),1,,13,cupy_copy__complex64_complex64
16035856217,21024,307070,1434,1,1,128,1,1,16,0.000,0.000,,,,,NVIDIA A100-SXM4-40GB MIG 4g.20gb (0),1,,13,cupy_copy__complex64_complex64
16035943256,742040,307075,1,1,1,32,32,1,30,0.000,0.000,,,,,NVIDIA A100-SXM4-40GB MIG 4g.20gb (0),1,,13,"void convert_kernel<__half2, float2>(tensor_layout_any, T1 *, tensor_layout_any, const T2 *)"
16036717360,14144,307078,,,,,,,,,,0.094,6624.401,Pinned,Device,NVIDIA A100-SXM4-40GB MIG 4g.20gb (0),1,,13,[CUDA memcpy Host-to-Device]
16036954445,1109812,307079,,,,,,,,,,456.561,411361.857,Device,,NVIDIA A100-SXM4-40GB MIG 4g.20gb (0),1,,13,[CUDA memset]
16038119232,65951,307084,,,,,,,,,,1.235,18724.221,Pinned,Device,NVIDIA A100-SXM4-40GB MIG 4g.20gb (0),1,,13,[CUDA memcpy Host-to-Device]
16038192383,12448,307085,,,,,,,,,,0.197,15794.307,Pinned,Device,NVIDIA A100-SXM4-40GB MIG 4g.20gb (0),1,,13,[CUDA memcpy Host-to-Device]
16038396253,23552,307086,69,4,1,48,1,1,76,0.002,0.000,,,,,NVIDIA A100-SXM4-40GB MIG 4g.20gb (0),1,,13,"void ch_est::windowedChEstPreNoDftSOfdmKernel<float, __half, float, (unsigned int)2, (unsigned int)1, (unsigned short)4>(ch_est::puschRxChEstStatDescr_t *, ch_est::puschRxChEstDynDescr_t *)"
16038457692,20192,307087,137,2,1,24,2,1,44,0.001,0.001,,,,,NVIDIA A100-SXM4-40GB MIG 4g.20gb (0),1,,13,"void ch_est::chEstFilterNoDftSOfdmDispatchKernel<float, __half, float, (unsigned int)2>(ch_est::puschRxChEstStatDescr_t *, ch_est::puschRxChEstDynDescr_t *)"
16038521083,28384,307088,137,2,1,24,2,1,44,0.001,0.001,,,,,NVIDIA A100-SXM4-40GB MIG 4g.20gb (0),1,,13,"void ch_est::chEstFilterNoDftSOfdmDispatchKernel<float, __half, float, (unsigned int)2>(ch_est::puschRxChEstStatDescr_t *, ch_est::puschRxChEstDynDescr_t *)"
16038616218,6304,307099,103,1,1,128,1,1,16,0.000,0.000,,,,,NVIDIA A100-SXM4-40GB MIG 4g.20gb (0),1,,13,cupy_copy__complex64_complex64
16038690522,15263,307109,1434,1,1,128,1,1,16,0.000,0.000,,,,,NVIDIA A100-SXM4-40GB MIG 4g.20gb (0),1,,13,cupy_copy__complex64_complex64
16038750137,5408,307116,103,1,1,128,1,1,16,0.000,0.000,,,,,NVIDIA A100-SXM4-40GB MIG 4g.20gb (0),1,,13,cupy_copy__complex64_complex64
16038821880,290749,307123,1,1,1,32,32,1,30,0.000,0.000,,,,,NVIDIA A100-SXM4-40GB MIG 4g.20gb (0),1,,13,"void convert_kernel<__half2, float2>(tensor_layout_any, T1 *, tensor_layout_any, const T2 *)"
16039141684,5888,307126,,,,,,,,,,0.094,15912.954,Pinned,Device,NVIDIA A100-SXM4-40GB MIG 4g.20gb (0),1,,13,[CUDA memcpy Host-to-Device]
16039199092,56543,307127,,,,,,,,,,35.810,633298.435,Device,,NVIDIA A100-SXM4-40GB MIG 4g.20gb (0),1,,13,[CUDA memset]
16039259155,4000,307129,,,,,,,,,,0.000,20.000,Pinned,Device,NVIDIA A100-SXM4-40GB MIG 4g.20gb (0),1,,13,[CUDA memcpy Host-to-Device]
16039265971,10016,307130,,,,,,,,,,0.197,19629.343,Pinned,Device,NVIDIA A100-SXM4-40GB MIG 4g.20gb (0),1,,13,[CUDA memcpy Host-to-Device]
16039336498,36128,307131,273,1,1,48,1,1,40,0.000,0.001,,,,,NVIDIA A100-SXM4-40GB MIG 4g.20gb (0),1,,13,"void pusch_noise_intf_est::noiseIntfEstNoDftSOfdmKernel<float, __half, float, float, (unsigned int)2, (unsigned int)1, (unsigned char)4, (unsigned char)4>(pusch_noise_intf_est::puschRxNoiseIntfEstDynDescr)"
16039422801,10784,307142,35,1,1,128,1,1,16,0.000,0.000,,,,,NVIDIA A100-SXM4-40GB MIG 4g.20gb (0),1,,13,cupy_copy__complex64_complex64
16039491057,3967,307151,1,1,1,1,1,1,18,0.000,0.000,,,,,NVIDIA A100-SXM4-40GB MIG 4g.20gb (0),1,,13,cupy_copy__float32_float32
16039496368,1824,307157,,,,,,,,,,0.000,2.193,Device,Pageable,NVIDIA A100-SXM4-40GB MIG 4g.20gb (0),1,,7,[CUDA memcpy Device-to-Host]
16039583599,15616,307168,1434,1,1,128,1,1,16,0.000,0.000,,,,,NVIDIA A100-SXM4-40GB MIG 4g.20gb (0),1,,13,cupy_copy__complex64_complex64
16039640463,5280,307175,103,1,1,128,1,1,16,0.000,0.000,,,,,NVIDIA A100-SXM4-40GB MIG 4g.20gb (0),1,,13,cupy_copy__complex64_complex64
16039707278,9824,307182,35,1,1,128,1,1,16,0.000,0.000,,,,,NVIDIA A100-SXM4-40GB MIG 4g.20gb (0),1,,13,cupy_copy__complex64_complex64
16039779821,5600,307189,1,1,1,1,1,1,18,0.000,0.000,,,,,NVIDIA A100-SXM4-40GB MIG 4g.20gb (0),1,,13,cupy_copy__float32_float32
16039807117,298205,307200,1,1,1,32,32,1,30,0.000,0.000,,,,,NVIDIA A100-SXM4-40GB MIG 4g.20gb (0),1,,13,"void convert_kernel<__half2, float2>(tensor_layout_any, T1 *, tensor_layout_any, const T2 *)"
16040135273,6560,307203,,,,,,,,,,0.094,14282.925,Pinned,Device,NVIDIA A100-SXM4-40GB MIG 4g.20gb (0),1,,13,[CUDA memcpy Host-to-Device]
16040251368,9632,307204,,,,,,,,,,1.547,160570.504,Device,,NVIDIA A100-SXM4-40GB MIG 4g.20gb (0),1,,13,[CUDA memset]
16040266856,3712,307209,,,,,,,,,,0.031,8431.017,Pinned,Device,NVIDIA A100-SXM4-40GB MIG 4g.20gb (0),1,,13,[CUDA memcpy Host-to-Device]
16040277640,10752,307210,,,,,,,,,,0.197,18285.527,Pinned,Device,NVIDIA A100-SXM4-40GB MIG 4g.20gb (0),1,,13,[CUDA memcpy Host-to-Device]
16040552965,30079,307211,273,1,1,8,4,1,39,0.002,0.000,,,,,NVIDIA A100-SXM4-40GB MIG 4g.20gb (0),1,,13,"void channel_eq::eqMmseCoefCompLowMimoKernel<float, float, float, (unsigned int)4, (unsigned int)1, (unsigned int)4>(const channel_eq::_puschRxChEqStatDescr *, channel_eq::_puschRxChEqCoefCompDynDescr)"
16040846305,32832,307212,273,1,1,12,11,1,51,0.002,0.000,,,,,NVIDIA A100-SXM4-40GB MIG 4g.20gb (0),1,,13,"void channel_eq::eqMmseSoftDemapKernel<float, __half, __half, float, (unsigned int)4, (unsigned short)16383>(channel_eq::_puschRxChEqStatDescr *, channel_eq::_puschRxChEqSoftDemapDynDescr)"
16040927936,776504,307213,1,1,1,32,32,1,30,0.000,0.000,,,,,NVIDIA A100-SXM4-40GB MIG 4g.20gb (0),1,,13,"void convert_kernel<float2, __half2>(tensor_layout_any, T1 *, tensor_layout_any, const T2 *)"
16041815926,16032,307225,2253,1,1,128,1,1,16,0.000,0.000,,,,,NVIDIA A100-SXM4-40GB MIG 4g.20gb (0),1,,13,cupy_copy__float16_float16
16042088115,9696,307234,282,1,1,128,1,1,16,0.000,0.000,,,,,NVIDIA A100-SXM4-40GB MIG 4g.20gb (0),1,,13,cupy_copy__complex64_complex64
16042342992,4640,307243,26,1,1,128,1,1,16,0.000,0.000,,,,,NVIDIA A100-SXM4-40GB MIG 4g.20gb (0),1,,13,cupy_copy__float32_float32
16042599630,17375,307252,103,1,1,128,1,1,16,0.000,0.000,,,,,NVIDIA A100-SXM4-40GB MIG 4g.20gb (0),1,,13,cupy_copy__complex64_complex64
16042692653,17855,307262,1434,1,1,128,1,1,16,0.000,0.000,,,,,NVIDIA A100-SXM4-40GB MIG 4g.20gb (0),1,,13,cupy_copy__complex64_complex64
16042969481,320029,307267,1,1,1,32,32,1,30,0.000,0.000,,,,,NVIDIA A100-SXM4-40GB MIG 4g.20gb (0),1,,13,"void convert_kernel<__half2, float2>(tensor_layout_any, T1 *, tensor_layout_any, const T2 *)"
16043318822,6271,307270,,,,,,,,,,0.094,14941.139,Pinned,Device,NVIDIA A100-SXM4-40GB MIG 4g.20gb (0),1,,13,[CUDA memcpy Host-to-Device]
16043364837,615929,307271,,,,,,,,,,456.561,740999.217,Device,,NVIDIA A100-SXM4-40GB MIG 4g.20gb (0),1,,13,[CUDA memset]
16043988030,67039,307276,,,,,,,,,,1.235,18420.425,Pinned,Device,NVIDIA A100-SXM4-40GB MIG 4g.20gb (0),1,,13,[CUDA memcpy Host-to-Device]
16044061725,13024,307277,,,,,,,,,,0.197,15095.759,Pinned,Device,NVIDIA A100-SXM4-40GB MIG 4g.20gb (0),1,,13,[CUDA memcpy Host-to-Device]
16044127548,21440,307278,69,4,1,48,1,1,76,0.002,0.000,,,,,NVIDIA A100-SXM4-40GB MIG 4g.20gb (0),1,,13,"void ch_est::windowedChEstPreNoDftSOfdmKernel<float, __half, float, (unsigned int)2, (unsigned int)1, (unsigned short)4>(ch_est::puschRxChEstStatDescr_t *, ch_est::puschRxChEstDynDescr_t *)"
16044188252,23935,307279,137,2,1,24,2,1,44,0.001,0.001,,,,,NVIDIA A100-SXM4-40GB MIG 4g.20gb (0),1,,13,"void ch_est::chEstFilterNoDftSOfdmDispatchKernel<float, __half, float, (unsigned int)2>(ch_est::puschRxChEstStatDescr_t *, ch_est::puschRxChEstDynDescr_t *)"
16044256571,23840,307280,137,2,1,24,2,1,44,0.001,0.001,,,,,NVIDIA A100-SXM4-40GB MIG 4g.20gb (0),1,,13,"void ch_est::chEstFilterNoDftSOfdmDispatchKernel<float, __half, float, (unsigned int)2>(ch_est::puschRxChEstStatDescr_t *, ch_est::puschRxChEstDynDescr_t *)"
16044327418,6432,307291,103,1,1,128,1,1,16,0.000,0.000,,,,,NVIDIA A100-SXM4-40GB MIG 4g.20gb (0),1,,13,cupy_copy__complex64_complex64
16044378010,15583,307301,1434,1,1,128,1,1,16,0.000,0.000,,,,,NVIDIA A100-SXM4-40GB MIG 4g.20gb (0),1,,13,cupy_copy__complex64_complex64
16044450073,7680,307308,103,1,1,128,1,1,16,0.000,0.000,,,,,NVIDIA A100-SXM4-40GB MIG 4g.20gb (0),1,,13,cupy_copy__complex64_complex64
16044529016,291229,307315,1,1,1,32,32,1,30,0.000,0.000,,,,,NVIDIA A100-SXM4-40GB MIG 4g.20gb (0),1,,13,"void convert_kernel<__half2, float2>(tensor_layout_any, T1 *, tensor_layout_any, const T2 *)"
16044850516,5984,307318,,,,,,,,,,0.094,15657.726,Pinned,Device,NVIDIA A100-SXM4-40GB MIG 4g.20gb (0),1,,13,[CUDA memcpy Host-to-Device]
16044913300,57407,307319,,,,,,,,,,35.810,623772.996,Device,,NVIDIA A100-SXM4-40GB MIG 4g.20gb (0),1,,13,[CUDA memset]
16044977459,2816,307321,,,,,,,,,,0.000,28.409,Pinned,Device,NVIDIA A100-SXM4-40GB MIG 4g.20gb (0),1,,13,[CUDA memcpy Host-to-Device]
16044983507,9920,307322,,,,,,,,,,0.197,19819.266,Pinned,Device,NVIDIA A100-SXM4-40GB MIG 4g.20gb (0),1,,13,[CUDA memcpy Host-to-Device]
16045118865,25568,307323,273,1,1,48,1,1,40,0.000,0.001,,,,,NVIDIA A100-SXM4-40GB MIG 4g.20gb (0),1,,13,"void pusch_noise_intf_est::noiseIntfEstNoDftSOfdmKernel<float, __half, float, float, (unsigned int)2, (unsigned int)1, (unsigned char)4, (unsigned char)4>(pusch_noise_intf_est::puschRxNoiseIntfEstDynDescr)"
16045442798,7520,307334,35,1,1,128,1,1,16,0.000,0.000,,,,,NVIDIA A100-SXM4-40GB MIG 4g.20gb (0),1,,13,cupy_copy__complex64_complex64
16045533869,5056,307343,1,1,1,1,1,1,18,0.000,0.000,,,,,NVIDIA A100-SXM4-40GB MIG 4g.20gb (0),1,,13,cupy_copy__float32_float32
16045545325,1951,307349,,,,,,,,,,0.000,2.050,Device,Pageable,NVIDIA A100-SXM4-40GB MIG 4g.20gb (0),1,,7,[CUDA memcpy Device-to-Host]
16045852969,16032,307360,1434,1,1,128,1,1,16,0.000,0.000,,,,,NVIDIA A100-SXM4-40GB MIG 4g.20gb (0),1,,13,cupy_copy__complex64_complex64
16045913608,5344,307367,103,1,1,128,1,1,16,0.000,0.000,,,,,NVIDIA A100-SXM4-40GB MIG 4g.20gb (0),1,,13,cupy_copy__complex64_complex64
16046215909,11936,307374,35,1,1,128,1,1,16,0.000,0.000,,,,,NVIDIA A100-SXM4-40GB MIG 4g.20gb (0),1,,13,cupy_copy__complex64_complex64
16046541537,6016,307381,1,1,1,1,1,1,18,0.000,0.000,,,,,NVIDIA A100-SXM4-40GB MIG 4g.20gb (0),1,,13,cupy_copy__float32_float32
16046640000,306077,307392,1,1,1,32,32,1,30,0.000,0.000,,,,,NVIDIA A100-SXM4-40GB MIG 4g.20gb (0),1,,13,"void convert_kernel<__half2, float2>(tensor_layout_any, T1 *, tensor_layout_any, const T2 *)"
16046978780,8992,307395,,,,,,,,,,0.094,10419.838,Pinned,Device,NVIDIA A100-SXM4-40GB MIG 4g.20gb (0),1,,13,[CUDA memcpy Host-to-Device]
16047284569,8736,307396,,,,,,,,,,1.547,177038.956,Device,,NVIDIA A100-SXM4-40GB MIG 4g.20gb (0),1,,13,[CUDA memset]
16047298969,7776,307401,,,,,,,,,,0.031,4024.666,Pinned,Device,NVIDIA A100-SXM4-40GB MIG 4g.20gb (0),1,,13,[CUDA memcpy Host-to-Device]
16047309497,10144,307402,,,,,,,,,,0.197,19381.617,Pinned,Device,NVIDIA A100-SXM4-40GB MIG 4g.20gb (0),1,,13,[CUDA memcpy Host-to-Device]
16047614869,20384,307403,273,1,1,8,4,1,39,0.002,0.000,,,,,NVIDIA A100-SXM4-40GB MIG 4g.20gb (0),1,,13,"void channel_eq::eqMmseCoefCompLowMimoKernel<float, float, float, (unsigned int)4, (unsigned int)1, (unsigned int)4>(const channel_eq::_puschRxChEqStatDescr *, channel_eq::_puschRxChEqCoefCompDynDescr)"
16047941298,22591,307404,273,1,1,12,11,1,51,0.002,0.000,,,,,NVIDIA A100-SXM4-40GB MIG 4g.20gb (0),1,,13,"void channel_eq::eqMmseSoftDemapKernel<float, __half, __half, float, (unsigned int)4, (unsigned short)16383>(channel_eq::_puschRxChEqStatDescr *, channel_eq::_puschRxChEqSoftDemapDynDescr)"
16048280782,753175,307405,1,1,1,32,32,1,30,0.000,0.000,,,,,NVIDIA A100-SXM4-40GB MIG 4g.20gb (0),1,,13,"void convert_kernel<float2, __half2>(tensor_layout_any, T1 *, tensor_layout_any, const T2 *)"
16049082789,15488,307417,2253,1,1,128,1,1,16,0.000,0.000,,,,,NVIDIA A100-SXM4-40GB MIG 4g.20gb (0),1,,13,cupy_copy__float16_float16
16049145988,6688,307426,282,1,1,128,1,1,16,0.000,0.000,,,,,NVIDIA A100-SXM4-40GB MIG 4g.20gb (0),1,,13,cupy_copy__complex64_complex64
16049202979,6880,307435,26,1,1,128,1,1,16,0.000,0.000,,,,,NVIDIA A100-SXM4-40GB MIG 4g.20gb (0),1,,13,cupy_copy__float32_float32
16049262531,13344,307444,103,1,1,128,1,1,16,0.000,0.000,,,,,NVIDIA A100-SXM4-40GB MIG 4g.20gb (0),1,,13,cupy_copy__complex64_complex64
16049352866,20992,307454,1434,1,1,128,1,1,16,0.000,0.000,,,,,NVIDIA A100-SXM4-40GB MIG 4g.20gb (0),1,,13,cupy_copy__complex64_complex64
16049434401,299292,307459,1,1,1,32,32,1,30,0.000,0.000,,,,,NVIDIA A100-SXM4-40GB MIG 4g.20gb (0),1,,13,"void convert_kernel<__half2, float2>(tensor_layout_any, T1 *, tensor_layout_any, const T2 *)"
16049763325,5856,307462,,,,,,,,,,0.094,15999.997,Pinned,Device,NVIDIA A100-SXM4-40GB MIG 4g.20gb (0),1,,13,[CUDA memcpy Host-to-Device]
16049823484,1099348,307463,,,,,,,,,,456.561,415014.349,Device,,NVIDIA A100-SXM4-40GB MIG 4g.20gb (0),1,,13,[CUDA memset]
16050931792,63711,307468,,,,,,,,,,1.235,19382.446,Pinned,Device,NVIDIA A100-SXM4-40GB MIG 4g.20gb (0),1,,13,[CUDA memcpy Host-to-Device]
16051002511,14400,307469,,,,,,,,,,0.197,13653.246,Pinned,Device,NVIDIA A100-SXM4-40GB MIG 4g.20gb (0),1,,13,[CUDA memcpy Host-to-Device]
16051141198,25471,307470,69,4,1,48,1,1,76,0.002,0.000,,,,,NVIDIA A100-SXM4-40GB MIG 4g.20gb (0),1,,13,"void ch_est::windowedChEstPreNoDftSOfdmKernel<float, __half, float, (unsigned int)2, (unsigned int)1, (unsigned short)4>(ch_est::puschRxChEstStatDescr_t *, ch_est::puschRxChEstDynDescr_t *)"
16051425098,23168,307471,137,2,1,24,2,1,44,0.001,0.001,,,,,NVIDIA A100-SXM4-40GB MIG 4g.20gb (0),1,,13,"void ch_est::chEstFilterNoDftSOfdmDispatchKernel<float, __half, float, (unsigned int)2>(ch_est::puschRxChEstStatDescr_t *, ch_est::puschRxChEstDynDescr_t *)"
16052268225,25248,307472,137,2,1,24,2,1,44,0.001,0.001,,,,,NVIDIA A100-SXM4-40GB MIG 4g.20gb (0),1,,13,"void ch_est::chEstFilterNoDftSOfdmDispatchKernel<float, __half, float, (unsigned int)2>(ch_est::puschRxChEstStatDescr_t *, ch_est::puschRxChEstDynDescr_t *)"
16052334912,6304,307483,103,1,1,128,1,1,16,0.000,0.000,,,,,NVIDIA A100-SXM4-40GB MIG 4g.20gb (0),1,,13,cupy_copy__complex64_complex64
16052401887,17472,307493,1434,1,1,128,1,1,16,0.000,0.000,,,,,NVIDIA A100-SXM4-40GB MIG 4g.20gb (0),1,,13,cupy_copy__complex64_complex64
16052687740,6400,307500,103,1,1,128,1,1,16,0.000,0.000,,,,,NVIDIA A100-SXM4-40GB MIG 4g.20gb (0),1,,13,cupy_copy__complex64_complex64
16052955353,333373,307507,1,1,1,32,32,1,30,0.000,0.000,,,,,NVIDIA A100-SXM4-40GB MIG 4g.20gb (0),1,,13,"void convert_kernel<__half2, float2>(tensor_layout_any, T1 *, tensor_layout_any, const T2 *)"
16053323509,12992,307510,,,,,,,,,,0.094,7211.781,Pinned,Device,NVIDIA A100-SXM4-40GB MIG 4g.20gb (0),1,,13,[CUDA memcpy Host-to-Device]
16053619058,56063,307511,,,,,,,,,,35.810,638741.543,Device,,NVIDIA A100-SXM4-40GB MIG 4g.20gb (0),1,,13,[CUDA memset]
16053676625,5920,307513,,,,,,,,,,0.000,13.513,Pinned,Device,NVIDIA A100-SXM4-40GB MIG 4g.20gb (0),1,,13,[CUDA memcpy Host-to-Device]
16053689073,10432,307514,,,,,,,,,,0.197,18846.450,Pinned,Device,NVIDIA A100-SXM4-40GB MIG 4g.20gb (0),1,,13,[CUDA memcpy Host-to-Device]
16053981070,22816,307515,273,1,1,48,1,1,40,0.000,0.001,,,,,NVIDIA A100-SXM4-40GB MIG 4g.20gb (0),1,,13,"void pusch_noise_intf_est::noiseIntfEstNoDftSOfdmKernel<float, __half, float, float, (unsigned int)2, (unsigned int)1, (unsigned char)4, (unsigned char)4>(pusch_noise_intf_est::puschRxNoiseIntfEstDynDescr)"
16054285226,8064,307526,35,1,1,128,1,1,16,0.000,0.000,,,,,NVIDIA A100-SXM4-40GB MIG 4g.20gb (0),1,,13,cupy_copy__complex64_complex64
16054561415,4800,307535,1,1,1,1,1,1,18,0.000,0.000,,,,,NVIDIA A100-SXM4-40GB MIG 4g.20gb (0),1,,13,cupy_copy__float32_float32
16054570631,1792,307541,,,,,,,,,,0.000,2.232,Device,Pageable,NVIDIA A100-SXM4-40GB MIG 4g.20gb (0),1,,7,[CUDA memcpy Device-to-Host]
16055411454,20767,307552,1434,1,1,128,1,1,16,0.000,0.000,,,,,NVIDIA A100-SXM4-40GB MIG 4g.20gb (0),1,,13,cupy_copy__complex64_complex64
16055491165,7008,307559,103,1,1,128,1,1,16,0.000,0.000,,,,,NVIDIA A100-SXM4-40GB MIG 4g.20gb (0),1,,13,cupy_copy__complex64_complex64
16055541692,8384,307566,35,1,1,128,1,1,16,0.000,0.000,,,,,NVIDIA A100-SXM4-40GB MIG 4g.20gb (0),1,,13,cupy_copy__complex64_complex64
16055628283,4960,307573,1,1,1,1,1,1,18,0.000,0.000,,,,,NVIDIA A100-SXM4-40GB MIG 4g.20gb (0),1,,13,cupy_copy__float32_float32
16055661147,276061,307584,1,1,1,32,32,1,30,0.000,0.000,,,,,NVIDIA A100-SXM4-40GB MIG 4g.20gb (0),1,,13,"void convert_kernel<__half2, float2>(tensor_layout_any, T1 *, tensor_layout_any, const T2 *)"
16055967927,5408,307587,,,,,,,,,,0.094,17325.421,Pinned,Device,NVIDIA A100-SXM4-40GB MIG 4g.20gb (0),1,,13,[CUDA memcpy Host-to-Device]
16056005943,12128,307588,,,,,,,,,,1.547,127523.789,Device,,NVIDIA A100-SXM4-40GB MIG 4g.20gb (0),1,,13,[CUDA memset]
16056022967,6528,307593,,,,,,,,,,0.031,4794.109,Pinned,Device,NVIDIA A100-SXM4-40GB MIG 4g.20gb (0),1,,13,[CUDA memcpy Host-to-Device]
16056035575,13760,307594,,,,,,,,,,0.197,14288.290,Pinned,Device,NVIDIA A100-SXM4-40GB MIG 4g.20gb (0),1,,13,[CUDA memcpy Host-to-Device]
16056071190,32000,307595,273,1,1,8,4,1,39,0.002,0.000,,,,,NVIDIA A100-SXM4-40GB MIG 4g.20gb (0),1,,13,"void channel_eq::eqMmseCoefCompLowMimoKernel<float, float, float, (unsigned int)4, (unsigned int)1, (unsigned int)4>(const channel_eq::_puschRxChEqStatDescr *, channel_eq::_puschRxChEqCoefCompDynDescr)"
16056145685,31840,307596,273,1,1,12,11,1,51,0.002,0.000,,,,,NVIDIA A100-SXM4-40GB MIG 4g.20gb (0),1,,13,"void channel_eq::eqMmseSoftDemapKernel<float, __half, __half, float, (unsigned int)4, (unsigned short)16383>(channel_eq::_puschRxChEqStatDescr *, channel_eq::_puschRxChEqSoftDemapDynDescr)"
16056209269,1200434,307597,1,1,1,32,32,1,30,0.000,0.000,,,,,NVIDIA A100-SXM4-40GB MIG 4g.20gb (0),1,,13,"void convert_kernel<float2, __half2>(tensor_layout_any, T1 *, tensor_layout_any, const T2 *)"
16057523334,15840,307609,2253,1,1,128,1,1,16,0.000,0.000,,,,,NVIDIA A100-SXM4-40GB MIG 4g.20gb (0),1,,13,cupy_copy__float16_float16
16058270718,10527,307618,282,1,1,128,1,1,16,0.000,0.000,,,,,NVIDIA A100-SXM4-40GB MIG 4g.20gb (0),1,,13,cupy_copy__complex64_complex64
16058331901,6208,307627,26,1,1,128,1,1,16,0.000,0.000,,,,,NVIDIA A100-SXM4-40GB MIG 4g.20gb (0),1,,13,cupy_copy__float32_float32
16058601370,8960,307636,103,1,1,128,1,1,16,0.000,0.000,,,,,NVIDIA A100-SXM4-40GB MIG 4g.20gb (0),1,,13,cupy_copy__complex64_complex64
16058688345,16448,307646,1434,1,1,128,1,1,16,0.000,0.000,,,,,NVIDIA A100-SXM4-40GB MIG 4g.20gb (0),1,,13,cupy_copy__complex64_complex64
16058953782,351228,307651,1,1,1,32,32,1,30,0.000,0.000,,,,,NVIDIA A100-SXM4-40GB MIG 4g.20gb (0),1,,13,"void convert_kernel<__half2, float2>(tensor_layout_any, T1 *, tensor_layout_any, const T2 *)"
16059335794,9184,307654,,,,,,,,,,0.094,10202.089,Pinned,Device,NVIDIA A100-SXM4-40GB MIG 4g.20gb (0),1,,13,[CUDA memcpy Host-to-Device]
16059587759,611993,307655,,,,,,,,,,456.561,746021.393,Device,,NVIDIA A100-SXM4-40GB MIG 4g.20gb (0),1,,13,[CUDA memset]
16060204936,59391,307660,,,,,,,,,,1.235,20792.752,Pinned,Device,NVIDIA A100-SXM4-40GB MIG 4g.20gb (0),1,,13,[CUDA memcpy Host-to-Device]
16060267431,12640,307661,,,,,,,,,,0.197,15554.249,Pinned,Device,NVIDIA A100-SXM4-40GB MIG 4g.20gb (0),1,,13,[CUDA memcpy Host-to-Device]
16060500069,19487,307662,69,4,1,48,1,1,76,0.002,0.000,,,,,NVIDIA A100-SXM4-40GB MIG 4g.20gb (0),1,,13,"void ch_est::windowedChEstPreNoDftSOfdmKernel<float, __half, float, (unsigned int)2, (unsigned int)1, (unsigned short)4>(ch_est::puschRxChEstStatDescr_t *, ch_est::puschRxChEstDynDescr_t *)"
16060807329,21184,307663,137,2,1,24,2,1,44,0.001,0.001,,,,,NVIDIA A100-SXM4-40GB MIG 4g.20gb (0),1,,13,"void ch_est::chEstFilterNoDftSOfdmDispatchKernel<float, __half, float, (unsigned int)2>(ch_est::puschRxChEstStatDescr_t *, ch_est::puschRxChEstDynDescr_t *)"
16061076798,22496,307664,137,2,1,24,2,1,44,0.001,0.001,,,,,NVIDIA A100-SXM4-40GB MIG 4g.20gb (0),1,,13,"void ch_est::chEstFilterNoDftSOfdmDispatchKernel<float, __half, float, (unsigned int)2>(ch_est::puschRxChEstStatDescr_t *, ch_est::puschRxChEstDynDescr_t *)"
16061350267,11328,307675,103,1,1,128,1,1,16,0.000,0.000,,,,,NVIDIA A100-SXM4-40GB MIG 4g.20gb (0),1,,13,cupy_copy__complex64_complex64
16061427994,15008,307685,1434,1,1,128,1,1,16,0.000,0.000,,,,,NVIDIA A100-SXM4-40GB MIG 4g.20gb (0),1,,13,cupy_copy__complex64_complex64
16061488057,5728,307692,103,1,1,128,1,1,16,0.000,0.000,,,,,NVIDIA A100-SXM4-40GB MIG 4g.20gb (0),1,,13,cupy_copy__complex64_complex64
16061556793,295260,307699,1,1,1,32,32,1,30,0.000,0.000,,,,,NVIDIA A100-SXM4-40GB MIG 4g.20gb (0),1,,13,"void convert_kernel<__half2, float2>(tensor_layout_any, T1 *, tensor_layout_any, const T2 *)"
16061881269,5568,307702,,,,,,,,,,0.094,16827.521,Pinned,Device,NVIDIA A100-SXM4-40GB MIG 4g.20gb (0),1,,13,[CUDA memcpy Host-to-Device]
16061903765,59135,307703,,,,,,,,,,35.810,605545.747,Device,,NVIDIA A100-SXM4-40GB MIG 4g.20gb (0),1,,13,[CUDA memset]
16061964436,4032,307705,,,,,,,,,,0.000,19.841,Pinned,Device,NVIDIA A100-SXM4-40GB MIG 4g.20gb (0),1,,13,[CUDA memcpy Host-to-Device]
16061971028,9696,307706,,,,,,,,,,0.197,20277.166,Pinned,Device,NVIDIA A100-SXM4-40GB MIG 4g.20gb (0),1,,13,[CUDA memcpy Host-to-Device]
16062015923,34208,307707,273,1,1,48,1,1,40,0.000,0.001,,,,,NVIDIA A100-SXM4-40GB MIG 4g.20gb (0),1,,13,"void pusch_noise_intf_est::noiseIntfEstNoDftSOfdmKernel<float, __half, float, float, (unsigned int)2, (unsigned int)1, (unsigned char)4, (unsigned char)4>(pusch_noise_intf_est::puschRxNoiseIntfEstDynDescr)"
16062081619,10208,307718,35,1,1,128,1,1,16,0.000,0.000,,,,,NVIDIA A100-SXM4-40GB MIG 4g.20gb (0),1,,13,cupy_copy__complex64_complex64
16062123826,5312,307727,1,1,1,1,1,1,18,0.000,0.000,,,,,NVIDIA A100-SXM4-40GB MIG 4g.20gb (0),1,,13,cupy_copy__float32_float32
16062136178,1408,307733,,,,,,,,,,0.000,2.841,Device,Pageable,NVIDIA A100-SXM4-40GB MIG 4g.20gb (0),1,,7,[CUDA memcpy Device-to-Host]
16062237073,15392,307744,1434,1,1,128,1,1,16,0.000,0.000,,,,,NVIDIA A100-SXM4-40GB MIG 4g.20gb (0),1,,13,cupy_copy__complex64_complex64
16062253489,2848,307751,103,1,1,128,1,1,16,0.000,0.000,,,,,NVIDIA A100-SXM4-40GB MIG 4g.20gb (0),1,,13,cupy_copy__complex64_complex64
16062293872,10720,307758,35,1,1,128,1,1,16,0.000,0.000,,,,,NVIDIA A100-SXM4-40GB MIG 4g.20gb (0),1,,13,cupy_copy__complex64_complex64
16062324048,3616,307765,1,1,1,1,1,1,18,0.000,0.000,,,,,NVIDIA A100-SXM4-40GB MIG 4g.20gb (0),1,,13,cupy_copy__float32_float32
16062418543,236285,307776,1,1,1,32,32,1,30,0.000,0.000,,,,,NVIDIA A100-SXM4-40GB MIG 4g.20gb (0),1,,13,"void convert_kernel<__half2, float2>(tensor_layout_any, T1 *, tensor_layout_any, const T2 *)"
16062683564,5408,307779,,,,,,,,,,0.094,17325.421,Pinned,Device,NVIDIA A100-SXM4-40GB MIG 4g.20gb (0),1,,13,[CUDA memcpy Host-to-Device]
16062707180,7296,307780,,,,,,,,,,1.547,211981.832,Device,,NVIDIA A100-SXM4-40GB MIG 4g.20gb (0),1,,13,[CUDA memset]
16062715468,3040,307785,,,,,,,,,,0.031,10294.725,Pinned,Device,NVIDIA A100-SXM4-40GB MIG 4g.20gb (0),1,,13,[CUDA memcpy Host-to-Device]
16062721356,9855,307786,,,,,,,,,,0.197,19950.010,Pinned,Device,NVIDIA A100-SXM4-40GB MIG 4g.20gb (0),1,,13,[CUDA memcpy Host-to-Device]
16062770891,29600,307787,273,1,1,8,4,1,39,0.002,0.000,,,,,NVIDIA A100-SXM4-40GB MIG 4g.20gb (0),1,,13,"void channel_eq::eqMmseCoefCompLowMimoKernel<float, float, float, (unsigned int)4, (unsigned int)1, (unsigned int)4>(const channel_eq::_puschRxChEqStatDescr *, channel_eq::_puschRxChEqCoefCompDynDescr)"
16062841002,23424,307788,273,1,1,12,11,1,51,0.002,0.000,,,,,NVIDIA A100-SXM4-40GB MIG 4g.20gb (0),1,,13,"void channel_eq::eqMmseSoftDemapKernel<float, __half, __half, float, (unsigned int)4, (unsigned short)16383>(channel_eq::_puschRxChEqStatDescr *, channel_eq::_puschRxChEqSoftDemapDynDescr)"
16062890474,606201,307789,1,1,1,32,32,1,30,0.000,0.000,,,,,NVIDIA A100-SXM4-40GB MIG 4g.20gb (0),1,,13,"void convert_kernel<float2, __half2>(tensor_layout_any, T1 *, tensor_layout_any, const T2 *)"
16063501635,15136,307801,2253,1,1,128,1,1,16,0.000,0.000,,,,,NVIDIA A100-SXM4-40GB MIG 4g.20gb (0),1,,13,cupy_copy__float16_float16
16063547938,9312,307810,282,1,1,128,1,1,16,0.000,0.000,,,,,NVIDIA A100-SXM4-40GB MIG 4g.20gb (0),1,,13,cupy_copy__complex64_complex64
16063568834,4352,307819,26,1,1,128,1,1,16,0.000,0.000,,,,,NVIDIA A100-SXM4-40GB MIG 4g.20gb (0),1,,13,cupy_copy__float32_float32
16063665953,9696,307828,103,1,1,128,1,1,16,0.000,0.000,,,,,NVIDIA A100-SXM4-40GB MIG 4g.20gb (0),1,,13,cupy_copy__complex64_complex64
16063836831,20064,307838,1434,1,1,128,1,1,16,0.000,0.000,,,,,NVIDIA A100-SXM4-40GB MIG 4g.20gb (0),1,,13,cupy_copy__complex64_complex64
16064127644,311868,307843,1,1,1,32,32,1,30,0.000,0.000,,,,,NVIDIA A100-SXM4-40GB MIG 4g.20gb (0),1,,13,"void convert_kernel<__half2, float2>(tensor_layout_any, T1 *, tensor_layout_any, const T2 *)"
16064463960,5536,307846,,,,,,,,,,0.094,16924.777,Pinned,Device,NVIDIA A100-SXM4-40GB MIG 4g.20gb (0),1,,13,[CUDA memcpy Host-to-Device]
16064531031,610777,307847,,,,,,,,,,456.561,747391.077,Device,,NVIDIA A100-SXM4-40GB MIG 4g.20gb (0),1,,13,[CUDA memset]
16065142864,62048,307852,,,,,,,,,,1.235,19902.358,Pinned,Device,NVIDIA A100-SXM4-40GB MIG 4g.20gb (0),1,,13,[CUDA memcpy Host-to-Device]
16065209808,15775,307853,,,,,,,,,,0.197,12463.178,Pinned,Device,NVIDIA A100-SXM4-40GB MIG 4g.20gb (0),1,,13,[CUDA memcpy Host-to-Device]
16065479533,17471,307854,69,4,1,48,1,1,76,0.002,0.000,,,,,NVIDIA A100-SXM4-40GB MIG 4g.20gb (0),1,,13,"void ch_est::windowedChEstPreNoDftSOfdmKernel<float, __half, float, (unsigned int)2, (unsigned int)1, (unsigned short)4>(ch_est::puschRxChEstStatDescr_t *, ch_est::puschRxChEstDynDescr_t *)"
16065754825,29376,307855,137,2,1,24,2,1,44,0.001,0.001,,,,,NVIDIA A100-SXM4-40GB MIG 4g.20gb (0),1,,13,"void ch_est::chEstFilterNoDftSOfdmDispatchKernel<float, __half, float, (unsigned int)2>(ch_est::puschRxChEstStatDescr_t *, ch_est::puschRxChEstDynDescr_t *)"
16065995559,26335,307856,137,2,1,24,2,1,44,0.001,0.001,,,,,NVIDIA A100-SXM4-40GB MIG 4g.20gb (0),1,,13,"void ch_est::chEstFilterNoDftSOfdmDispatchKernel<float, __half, float, (unsigned int)2>(ch_est::puschRxChEstStatDescr_t *, ch_est::puschRxChEstDynDescr_t *)"
16066220292,7872,307867,103,1,1,128,1,1,16,0.000,0.000,,,,,NVIDIA A100-SXM4-40GB MIG 4g.20gb (0),1,,13,cupy_copy__complex64_complex64
16066289923,19744,307877,1434,1,1,128,1,1,16,0.000,0.000,,,,,NVIDIA A100-SXM4-40GB MIG 4g.20gb (0),1,,13,cupy_copy__complex64_complex64
16066537217,7040,307884,103,1,1,128,1,1,16,0.000,0.000,,,,,NVIDIA A100-SXM4-40GB MIG 4g.20gb (0),1,,13,cupy_copy__complex64_complex64
16066756830,342972,307891,1,1,1,32,32,1,30,0.000,0.000,,,,,NVIDIA A100-SXM4-40GB MIG 4g.20gb (0),1,,13,"void convert_kernel<__half2, float2>(tensor_layout_any, T1 *, tensor_layout_any, const T2 *)"
16067130394,8192,307894,,,,,,,,,,0.094,11437.471,Pinned,Device,NVIDIA A100-SXM4-40GB MIG 4g.20gb (0),1,,13,[CUDA memcpy Host-to-Device]
16067443031,58879,307895,,,,,,,,,,35.810,608159.871,Device,,NVIDIA A100-SXM4-40GB MIG 4g.20gb (0),1,,13,[CUDA memset]
16067508598,1888,307897,,,,,,,,,,0.000,42.373,Pinned,Device,NVIDIA A100-SXM4-40GB MIG 4g.20gb (0),1,,13,[CUDA memcpy Host-to-Device]
16067518454,12096,307898,,,,,,,,,,0.197,16253.780,Pinned,Device,NVIDIA A100-SXM4-40GB MIG 4g.20gb (0),1,,13,[CUDA memcpy Host-to-Device]
16067628948,36160,307899,273,1,1,48,1,1,40,0.000,0.001,,,,,NVIDIA A100-SXM4-40GB MIG 4g.20gb (0),1,,13,"void pusch_noise_intf_est::noiseIntfEstNoDftSOfdmKernel<float, __half, float, float, (unsigned int)2, (unsigned int)1, (unsigned char)4, (unsigned char)4>(pusch_noise_intf_est::puschRxNoiseIntfEstDynDescr)"
16067756915,9056,307910,35,1,1,128,1,1,16,0.000,0.000,,,,,NVIDIA A100-SXM4-40GB MIG 4g.20gb (0),1,,13,cupy_copy__complex64_complex64
16067837650,3808,307919,1,1,1,1,1,1,18,0.000,0.000,,,,,NVIDIA A100-SXM4-40GB MIG 4g.20gb (0),1,,13,cupy_copy__float32_float32
16067848626,1568,307925,,,,,,,,,,0.000,2.551,Device,Pageable,NVIDIA A100-SXM4-40GB MIG 4g.20gb (0),1,,7,[CUDA memcpy Device-to-Host]
16067928721,17984,307936,1434,1,1,128,1,1,16,0.000,0.000,,,,,NVIDIA A100-SXM4-40GB MIG 4g.20gb (0),1,,13,cupy_copy__complex64_complex64
16068033680,6688,307943,103,1,1,128,1,1,16,0.000,0.000,,,,,NVIDIA A100-SXM4-40GB MIG 4g.20gb (0),1,,13,cupy_copy__complex64_complex64
16068113551,18976,307950,35,1,1,128,1,1,16,0.000,0.000,,,,,NVIDIA A100-SXM4-40GB MIG 4g.20gb (0),1,,13,cupy_copy__complex64_complex64
16068196174,4544,307957,1,1,1,1,1,1,18,0.000,0.000,,,,,NVIDIA A100-SXM4-40GB MIG 4g.20gb (0),1,,13,cupy_copy__float32_float32
16068245006,276700,307968,1,1,1,32,32,1,30,0.000,0.000,,,,,NVIDIA A100-SXM4-40GB MIG 4g.20gb (0),1,,13,"void convert_kernel<__half2, float2>(tensor_layout_any, T1 *, tensor_layout_any, const T2 *)"
16068551530,5760,307971,,,,,,,,,,0.094,16266.656,Pinned,Device,NVIDIA A100-SXM4-40GB MIG 4g.20gb (0),1,,13,[CUDA memcpy Host-to-Device]
16068618473,8640,307972,,,,,,,,,,1.547,179006.262,Device,,NVIDIA A100-SXM4-40GB MIG 4g.20gb (0),1,,13,[CUDA memset]
16068632361,7392,307977,,,,,,,,,,0.031,4233.754,Pinned,Device,NVIDIA A100-SXM4-40GB MIG 4g.20gb (0),1,,13,[CUDA memcpy Host-to-Device]
16068642185,12736,307978,,,,,,,,,,0.197,15437.070,Pinned,Device,NVIDIA A100-SXM4-40GB MIG 4g.20gb (0),1,,13,[CUDA memcpy Host-to-Device]
16068684969,38207,307979,273,1,1,8,4,1,39,0.002,0.000,,,,,NVIDIA A100-SXM4-40GB MIG 4g.20gb (0),1,,13,"void channel_eq::eqMmseCoefCompLowMimoKernel<float, float, float, (unsigned int)4, (unsigned int)1, (unsigned int)4>(const channel_eq::_puschRxChEqStatDescr *, channel_eq::_puschRxChEqCoefCompDynDescr)"
16068880422,29152,307980,273,1,1,12,11,1,51,0.002,0.000,,,,,NVIDIA A100-SXM4-40GB MIG 4g.20gb (0),1,,13,"void channel_eq::eqMmseSoftDemapKernel<float, __half, __half, float, (unsigned int)4, (unsigned short)16383>(channel_eq::_puschRxChEqStatDescr *, channel_eq::_puschRxChEqSoftDemapDynDescr)"
16068972517,1195763,307981,1,1,1,32,32,1,30,0.000,0.000,,,,,NVIDIA A100-SXM4-40GB MIG 4g.20gb (0),1,,13,"void convert_kernel<float2, __half2>(tensor_layout_any, T1 *, tensor_layout_any, const T2 *)"
16070379542,21279,307993,2253,1,1,128,1,1,16,0.000,0.000,,,,,NVIDIA A100-SXM4-40GB MIG 4g.20gb (0),1,,13,cupy_copy__float16_float16
16071212588,11840,308002,282,1,1,128,1,1,16,0.000,0.000,,,,,NVIDIA A100-SXM4-40GB MIG 4g.20gb (0),1,,13,cupy_copy__complex64_complex64
16071305291,6240,308011,26,1,1,128,1,1,16,0.000,0.000,,,,,NVIDIA A100-SXM4-40GB MIG 4g.20gb (0),1,,13,cupy_copy__float32_float32
16071593032,11424,308020,103,1,1,128,1,1,16,0.000,0.000,,,,,NVIDIA A100-SXM4-40GB MIG 4g.20gb (0),1,,13,cupy_copy__complex64_complex64
16071903748,25024,308030,1434,1,1,128,1,1,16,0.000,0.000,,,,,NVIDIA A100-SXM4-40GB MIG 4g.20gb (0),1,,13,cupy_copy__complex64_complex64
16072756539,294301,308035,1,1,1,32,32,1,30,0.000,0.000,,,,,NVIDIA A100-SXM4-40GB MIG 4g.20gb (0),1,,13,"void convert_kernel<__half2, float2>(tensor_layout_any, T1 *, tensor_layout_any, const T2 *)"
16073081143,9120,308038,,,,,,,,,,0.094,10273.673,Pinned,Device,NVIDIA A100-SXM4-40GB MIG 4g.20gb (0),1,,13,[CUDA memcpy Host-to-Device]
16073233077,616602,308039,,,,,,,,,,456.561,740086.094,Device,,NVIDIA A100-SXM4-40GB MIG 4g.20gb (0),1,,13,[CUDA memset]
16073854447,48191,308044,,,,,,,,,,1.235,25625.088,Pinned,Device,NVIDIA A100-SXM4-40GB MIG 4g.20gb (0),1,,13,[CUDA memcpy Host-to-Device]
16073904750,12960,308045,,,,,,,,,,0.197,15170.273,Pinned,Device,NVIDIA A100-SXM4-40GB MIG 4g.20gb (0),1,,13,[CUDA memcpy Host-to-Device]
16074672933,30784,308046,69,4,1,48,1,1,76,0.002,0.000,,,,,NVIDIA A100-SXM4-40GB MIG 4g.20gb (0),1,,13,"void ch_est::windowedChEstPreNoDftSOfdmKernel<float, __half, float, (unsigned int)2, (unsigned int)1, (unsigned short)4>(ch_est::puschRxChEstStatDescr_t *, ch_est::puschRxChEstDynDescr_t *)"
16074967938,25408,308047,137,2,1,24,2,1,44,0.001,0.001,,,,,NVIDIA A100-SXM4-40GB MIG 4g.20gb (0),1,,13,"void ch_est::chEstFilterNoDftSOfdmDispatchKernel<float, __half, float, (unsigned int)2>(ch_est::puschRxChEstStatDescr_t *, ch_est::puschRxChEstDynDescr_t *)"
16075275519,19391,308048,137,2,1,24,2,1,44,0.001,0.001,,,,,NVIDIA A100-SXM4-40GB MIG 4g.20gb (0),1,,13,"void ch_est::chEstFilterNoDftSOfdmDispatchKernel<float, __half, float, (unsigned int)2>(ch_est::puschRxChEstStatDescr_t *, ch_est::puschRxChEstDynDescr_t *)"
16075618811,8512,308059,103,1,1,128,1,1,16,0.000,0.000,,,,,NVIDIA A100-SXM4-40GB MIG 4g.20gb (0),1,,13,cupy_copy__complex64_complex64
16075714586,26047,308069,1434,1,1,128,1,1,16,0.000,0.000,,,,,NVIDIA A100-SXM4-40GB MIG 4g.20gb (0),1,,13,cupy_copy__complex64_complex64
16075801753,7360,308076,103,1,1,128,1,1,16,0.000,0.000,,,,,NVIDIA A100-SXM4-40GB MIG 4g.20gb (0),1,,13,cupy_copy__complex64_complex64
16075891192,761303,308083,1,1,1,32,32,1,30,0.000,0.000,,,,,NVIDIA A100-SXM4-40GB MIG 4g.20gb (0),1,,13,"void convert_kernel<__half2, float2>(tensor_layout_any, T1 *, tensor_layout_any, const T2 *)"
16076682927,5504,308086,,,,,,,,,,0.094,17023.251,Pinned,Device,NVIDIA A100-SXM4-40GB MIG 4g.20gb (0),1,,13,[CUDA memcpy Host-to-Device]
16076778734,58527,308087,,,,,,,,,,35.810,611848.293,Device,,NVIDIA A100-SXM4-40GB MIG 4g.20gb (0),1,,13,[CUDA memset]
16076840525,1824,308089,,,,,,,,,,0.000,43.860,Pinned,Device,NVIDIA A100-SXM4-40GB MIG 4g.20gb (0),1,,13,[CUDA memcpy Host-to-Device]
16076847693,10048,308090,,,,,,,,,,0.197,19566.821,Pinned,Device,NVIDIA A100-SXM4-40GB MIG 4g.20gb (0),1,,13,[CUDA memcpy Host-to-Device]
16076962188,34783,308091,273,1,1,48,1,1,40,0.000,0.001,,,,,NVIDIA A100-SXM4-40GB MIG 4g.20gb (0),1,,13,"void pusch_noise_intf_est::noiseIntfEstNoDftSOfdmKernel<float, __half, float, float, (unsigned int)2, (unsigned int)1, (unsigned char)4, (unsigned char)4>(pusch_noise_intf_est::puschRxNoiseIntfEstDynDescr)"
16077037963,3840,308102,35,1,1,128,1,1,16,0.000,0.000,,,,,NVIDIA A100-SXM4-40GB MIG 4g.20gb (0),1,,13,cupy_copy__complex64_complex64
16077139594,4128,308111,1,1,1,1,1,1,18,0.000,0.000,,,,,NVIDIA A100-SXM4-40GB MIG 4g.20gb (0),1,,13,cupy_copy__float32_float32
16077147434,1887,308117,,,,,,,,,,0.000,2.120,Device,Pageable,NVIDIA A100-SXM4-40GB MIG 4g.20gb (0),1,,7,[CUDA memcpy Device-to-Host]
16077294088,18656,308128,1434,1,1,128,1,1,16,0.000,0.000,,,,,NVIDIA A100-SXM4-40GB MIG 4g.20gb (0),1,,13,cupy_copy__complex64_complex64
16077346823,7104,308135,103,1,1,128,1,1,16,0.000,0.000,,,,,NVIDIA A100-SXM4-40GB MIG 4g.20gb (0),1,,13,cupy_copy__complex64_complex64
16077377511,10144,308142,35,1,1,128,1,1,16,0.000,0.000,,,,,NVIDIA A100-SXM4-40GB MIG 4g.20gb (0),1,,13,cupy_copy__complex64_complex64
16077421894,4000,308149,1,1,1,1,1,1,18,0.000,0.000,,,,,NVIDIA A100-SXM4-40GB MIG 4g.20gb (0),1,,13,cupy_copy__float32_float32
16077454406,234717,308160,1,1,1,32,32,1,30,0.000,0.000,,,,,NVIDIA A100-SXM4-40GB MIG 4g.20gb (0),1,,13,"void convert_kernel<__half2, float2>(tensor_layout_any, T1 *, tensor_layout_any, const T2 *)"
16077717827,5408,308163,,,,,,,,,,0.094,17325.421,Pinned,Device,NVIDIA A100-SXM4-40GB MIG 4g.20gb (0),1,,13,[CUDA memcpy Host-to-Device]
16077746339,7008,308164,,,,,,,,,,1.547,220693.965,Device,,NVIDIA A100-SXM4-40GB MIG 4g.20gb (0),1,,13,[CUDA memset]
16077758851,3072,308169,,,,,,,,,,0.031,10187.474,Pinned,Device,NVIDIA A100-SXM4-40GB MIG 4g.20gb (0),1,,13,[CUDA memcpy Host-to-Device]
16077764611,9631,308170,,,,,,,,,,0.197,20414.005,Pinned,Device,NVIDIA A100-SXM4-40GB MIG 4g.20gb (0),1,,13,[CUDA memcpy Host-to-Device]
16077786242,42400,308171,273,1,1,8,4,1,39,0.002,0.000,,,,,NVIDIA A100-SXM4-40GB MIG 4g.20gb (0),1,,13,"void channel_eq::eqMmseCoefCompLowMimoKernel<float, float, float, (unsigned int)4, (unsigned int)1, (unsigned int)4>(const channel_eq::_puschRxChEqStatDescr *, channel_eq::_puschRxChEqCoefCompDynDescr)"
16077832866,20608,308172,273,1,1,12,11,1,51,0.002,0.000,,,,,NVIDIA A100-SXM4-40GB MIG 4g.20gb (0),1,,13,"void channel_eq::eqMmseSoftDemapKernel<float, __half, __half, float, (unsigned int)4, (unsigned short)16383>(channel_eq::_puschRxChEqStatDescr *, channel_eq::_puschRxChEqSoftDemapDynDescr)"
16077878497,1079668,308173,1,1,1,32,32,1,30,0.000,0.000,,,,,NVIDIA A100-SXM4-40GB MIG 4g.20gb (0),1,,13,"void convert_kernel<float2, __half2>(tensor_layout_any, T1 *, tensor_layout_any, const T2 *)"
16078964277,16928,308185,2253,1,1,128,1,1,16,0.000,0.000,,,,,NVIDIA A100-SXM4-40GB MIG 4g.20gb (0),1,,13,cupy_copy__float16_float16
16079019380,7648,308194,282,1,1,128,1,1,16,0.000,0.000,,,,,NVIDIA A100-SXM4-40GB MIG 4g.20gb (0),1,,13,cupy_copy__complex64_complex64
16079050484,6080,308203,26,1,1,128,1,1,16,0.000,0.000,,,,,NVIDIA A100-SXM4-40GB MIG 4g.20gb (0),1,,13,cupy_copy__float32_float32
16079091828,19295,308212,103,1,1,128,1,1,16,0.000,0.000,,,,,NVIDIA A100-SXM4-40GB MIG 4g.20gb (0),1,,13,cupy_copy__complex64_complex64
16079123059,20416,308222,1434,1,1,128,1,1,16,0.000,0.000,,,,,NVIDIA A100-SXM4-40GB MIG 4g.20gb (0),1,,13,cupy_copy__complex64_complex64
16079145587,139678,308227,1,1,1,32,32,1,30,0.000,0.000,,,,,NVIDIA A100-SXM4-40GB MIG 4g.20gb (0),1,,13,"void convert_kernel<__half2, float2>(tensor_layout_any, T1 *, tensor_layout_any, const T2 *)"
16079314385,5376,308230,,,,,,,,,,0.094,17428.487,Pinned,Device,NVIDIA A100-SXM4-40GB MIG 4g.20gb (0),1,,13,[CUDA memcpy Host-to-Device]
16079373137,614937,308231,,,,,,,,,,456.561,742368.901,Device,,NVIDIA A100-SXM4-40GB MIG 4g.20gb (0),1,,13,[CUDA memset]
16079993770,69983,308236,,,,,,,,,,1.235,17646.115,Pinned,Device,NVIDIA A100-SXM4-40GB MIG 4g.20gb (0),1,,13,[CUDA memcpy Host-to-Device]
16080070217,16959,308237,,,,,,,,,,0.197,11592.991,Pinned,Device,NVIDIA A100-SXM4-40GB MIG 4g.20gb (0),1,,13,[CUDA memcpy Host-to-Device]
16080200551,27488,308238,69,4,1,48,1,1,76,0.002,0.000,,,,,NVIDIA A100-SXM4-40GB MIG 4g.20gb (0),1,,13,"void ch_est::windowedChEstPreNoDftSOfdmKernel<float, __half, float, (unsigned int)2, (unsigned int)1, (unsigned short)4>(ch_est::puschRxChEstStatDescr_t *, ch_est::puschRxChEstDynDescr_t *)"
16080359685,29024,308239,137,2,1,24,2,1,44,0.001,0.001,,,,,NVIDIA A100-SXM4-40GB MIG 4g.20gb (0),1,,13,"void ch_est::chEstFilterNoDftSOfdmDispatchKernel<float, __half, float, (unsigned int)2>(ch_est::puschRxChEstStatDescr_t *, ch_est::puschRxChEstDynDescr_t *)"
16080463044,20352,308240,137,2,1,24,2,1,44,0.001,0.001,,,,,NVIDIA A100-SXM4-40GB MIG 4g.20gb (0),1,,13,"void ch_est::chEstFilterNoDftSOfdmDispatchKernel<float, __half, float, (unsigned int)2>(ch_est::puschRxChEstStatDescr_t *, ch_est::puschRxChEstDynDescr_t *)"
16080542051,7680,308251,103,1,1,128,1,1,16,0.000,0.000,,,,,NVIDIA A100-SXM4-40GB MIG 4g.20gb (0),1,,13,cupy_copy__complex64_complex64
16080634466,21088,308261,1434,1,1,128,1,1,16,0.000,0.000,,,,,NVIDIA A100-SXM4-40GB MIG 4g.20gb (0),1,,13,cupy_copy__complex64_complex64
16080745697,8288,308268,103,1,1,128,1,1,16,0.000,0.000,,,,,NVIDIA A100-SXM4-40GB MIG 4g.20gb (0),1,,13,cupy_copy__complex64_complex64
16080829856,272509,308275,1,1,1,32,32,1,30,0.000,0.000,,,,,NVIDIA A100-SXM4-40GB MIG 4g.20gb (0),1,,13,"void convert_kernel<__half2, float2>(tensor_layout_any, T1 *, tensor_layout_any, const T2 *)"
16081131517,5472,308278,,,,,,,,,,0.094,17122.757,Pinned,Device,NVIDIA A100-SXM4-40GB MIG 4g.20gb (0),1,,13,[CUDA memcpy Host-to-Device]
16081219036,55967,308279,,,,,,,,,,35.810,639815.841,Device,,NVIDIA A100-SXM4-40GB MIG 4g.20gb (0),1,,13,[CUDA memset]
16081279195,1856,308281,,,,,,,,,,0.000,43.103,Pinned,Device,NVIDIA A100-SXM4-40GB MIG 4g.20gb (0),1,,13,[CUDA memcpy Host-to-Device]
16081283707,9856,308282,,,,,,,,,,0.197,19948.044,Pinned,Device,NVIDIA A100-SXM4-40GB MIG 4g.20gb (0),1,,13,[CUDA memcpy Host-to-Device]
16081392250,32287,308283,273,1,1,48,1,1,40,0.000,0.001,,,,,NVIDIA A100-SXM4-40GB MIG 4g.20gb (0),1,,13,"void pusch_noise_intf_est::noiseIntfEstNoDftSOfdmKernel<float, __half, float, float, (unsigned int)2, (unsigned int)1, (unsigned char)4, (unsigned char)4>(pusch_noise_intf_est::puschRxNoiseIntfEstDynDescr)"
16081509305,9695,308294,35,1,1,128,1,1,16,0.000,0.000,,,,,NVIDIA A100-SXM4-40GB MIG 4g.20gb (0),1,,13,cupy_copy__complex64_complex64
16081599384,7711,308303,1,1,1,1,1,1,18,0.000,0.000,,,,,NVIDIA A100-SXM4-40GB MIG 4g.20gb (0),1,,13,cupy_copy__float32_float32
16081614071,1664,308309,,,,,,,,,,0.000,2.404,Device,Pageable,NVIDIA A100-SXM4-40GB MIG 4g.20gb (0),1,,7,[CUDA memcpy Device-to-Host]
16081707126,29856,308320,1434,1,1,128,1,1,16,0.000,0.000,,,,,NVIDIA A100-SXM4-40GB MIG 4g.20gb (0),1,,13,cupy_copy__complex64_complex64
16081805237,8128,308327,103,1,1,128,1,1,16,0.000,0.000,,,,,NVIDIA A100-SXM4-40GB MIG 4g.20gb (0),1,,13,cupy_copy__complex64_complex64
16081853141,12128,308334,35,1,1,128,1,1,16,0.000,0.000,,,,,NVIDIA A100-SXM4-40GB MIG 4g.20gb (0),1,,13,cupy_copy__complex64_complex64
16081930292,3744,308341,1,1,1,1,1,1,18,0.000,0.000,,,,,NVIDIA A100-SXM4-40GB MIG 4g.20gb (0),1,,13,cupy_copy__float32_float32
16081977875,276509,308352,1,1,1,32,32,1,30,0.000,0.000,,,,,NVIDIA A100-SXM4-40GB MIG 4g.20gb (0),1,,13,"void convert_kernel<__half2, float2>(tensor_layout_any, T1 *, tensor_layout_any, const T2 *)"
16082283216,5408,308355,,,,,,,,,,0.094,17325.421,Pinned,Device,NVIDIA A100-SXM4-40GB MIG 4g.20gb (0),1,,13,[CUDA memcpy Host-to-Device]
16082384431,8768,308356,,,,,,,,,,1.547,176394.014,Device,,NVIDIA A100-SXM4-40GB MIG 4g.20gb (0),1,,13,[CUDA memset]
16082395375,3872,308361,,,,,,,,,,0.031,8082.630,Pinned,Device,NVIDIA A100-SXM4-40GB MIG 4g.20gb (0),1,,13,[CUDA memcpy Host-to-Device]
16082402510,12800,308362,,,,,,,,,,0.197,15360.000,Pinned,Device,NVIDIA A100-SXM4-40GB MIG 4g.20gb (0),1,,13,[CUDA memcpy Host-to-Device]
16082490093,43456,308363,273,1,1,8,4,1,39,0.002,0.000,,,,,NVIDIA A100-SXM4-40GB MIG 4g.20gb (0),1,,13,"void channel_eq::eqMmseCoefCompLowMimoKernel<float, float, float, (unsigned int)4, (unsigned int)1, (unsigned int)4>(const channel_eq::_puschRxChEqStatDescr *, channel_eq::_puschRxChEqCoefCompDynDescr)"
16082559725,25407,308364,273,1,1,12,11,1,51,0.002,0.000,,,,,NVIDIA A100-SXM4-40GB MIG 4g.20gb (0),1,,13,"void channel_eq::eqMmseSoftDemapKernel<float, __half, __half, float, (unsigned int)4, (unsigned short)16383>(channel_eq::_puschRxChEqStatDescr *, channel_eq::_puschRxChEqSoftDemapDynDescr)"
16082655884,714776,308365,1,1,1,32,32,1,30,0.000,0.000,,,,,NVIDIA A100-SXM4-40GB MIG 4g.20gb (0),1,,13,"void convert_kernel<float2, __half2>(tensor_layout_any, T1 *, tensor_layout_any, const T2 *)"
16083437059,16256,308377,2253,1,1,128,1,1,16,0.000,0.000,,,,,NVIDIA A100-SXM4-40GB MIG 4g.20gb (0),1,,13,cupy_copy__float16_float16
16083547778,11871,308386,282,1,1,128,1,1,16,0.000,0.000,,,,,NVIDIA A100-SXM4-40GB MIG 4g.20gb (0),1,,13,cupy_copy__complex64_complex64
16083616321,4960,308395,26,1,1,128,1,1,16,0.000,0.000,,,,,NVIDIA A100-SXM4-40GB MIG 4g.20gb (0),1,,13,cupy_copy__float32_float32
16083684800,10208,308404,103,1,1,128,1,1,16,0.000,0.000,,,,,NVIDIA A100-SXM4-40GB MIG 4g.20gb (0),1,,13,cupy_copy__complex64_complex64
16083895358,19135,308414,1434,1,1,128,1,1,16,0.000,0.000,,,,,NVIDIA A100-SXM4-40GB MIG 4g.20gb (0),1,,13,cupy_copy__complex64_complex64
16084009020,270365,308419,1,1,1,32,32,1,30,0.000,0.000,,,,,NVIDIA A100-SXM4-40GB MIG 4g.20gb (0),1,,13,"void convert_kernel<__half2, float2>(tensor_layout_any, T1 *, tensor_layout_any, const T2 *)"
16084308857,5440,308422,,,,,,,,,,0.094,17223.480,Pinned,Device,NVIDIA A100-SXM4-40GB MIG 4g.20gb (0),1,,13,[CUDA memcpy Host-to-Device]
16084406104,634425,308423,,,,,,,,,,456.561,719540.829,Device,,NVIDIA A100-SXM4-40GB MIG 4g.20gb (0),1,,13,[CUDA memset]
16085041841,65087,308428,,,,,,,,,,1.235,18973.680,Pinned,Device,NVIDIA A100-SXM4-40GB MIG 4g.20gb (0),1,,13,[CUDA memcpy Host-to-Device]
16085111312,13440,308429,,,,,,,,,,0.197,14628.422,Pinned,Device,NVIDIA A100-SXM4-40GB MIG 4g.20gb (0),1,,13,[CUDA memcpy Host-to-Device]
16085242415,29599,308430,69,4,1,48,1,1,76,0.002,0.000,,,,,NVIDIA A100-SXM4-40GB MIG 4g.20gb (0),1,,13,"void ch_est::windowedChEstPreNoDftSOfdmKernel<float, __half, float, (unsigned int)2, (unsigned int)1, (unsigned short)4>(ch_est::puschRxChEstStatDescr_t *, ch_est::puschRxChEstDynDescr_t *)"
16085364877,33088,308431,137,2,1,24,2,1,44,0.001,0.001,,,,,NVIDIA A100-SXM4-40GB MIG 4g.20gb (0),1,,13,"void ch_est::chEstFilterNoDftSOfdmDispatchKernel<float, __half, float, (unsigned int)2>(ch_est::puschRxChEstStatDescr_t *, ch_est::puschRxChEstDynDescr_t *)"
16085502220,37567,308432,137,2,1,24,2,1,44,0.001,0.001,,,,,NVIDIA A100-SXM4-40GB MIG 4g.20gb (0),1,,13,"void ch_est::chEstFilterNoDftSOfdmDispatchKernel<float, __half, float, (unsigned int)2>(ch_est::puschRxChEstStatDescr_t *, ch_est::puschRxChEstDynDescr_t *)"
16085583691,4672,308443,103,1,1,128,1,1,16,0.000,0.000,,,,,NVIDIA A100-SXM4-40GB MIG 4g.20gb (0),1,,13,cupy_copy__complex64_complex64
16085660170,19872,308453,1434,1,1,128,1,1,16,0.000,0.000,,,,,NVIDIA A100-SXM4-40GB MIG 4g.20gb (0),1,,13,cupy_copy__complex64_complex64
16085774441,8128,308460,103,1,1,128,1,1,16,0.000,0.000,,,,,NVIDIA A100-SXM4-40GB MIG 4g.20gb (0),1,,13,cupy_copy__complex64_complex64
16085853448,274589,308467,1,1,1,32,32,1,30,0.000,0.000,,,,,NVIDIA A100-SXM4-40GB MIG 4g.20gb (0),1,,13,"void convert_kernel<__half2, float2>(tensor_layout_any, T1 *, tensor_layout_any, const T2 *)"
16086156740,6304,308470,,,,,,,,,,0.094,14862.903,Pinned,Device,NVIDIA A100-SXM4-40GB MIG 4g.20gb (0),1,,13,[CUDA memcpy Host-to-Device]
16086249091,56768,308471,,,,,,,,,,35.810,630791.741,Device,,NVIDIA A100-SXM4-40GB MIG 4g.20gb (0),1,,13,[CUDA memset]
16086311203,2304,308473,,,,,,,,,,0.000,34.722,Pinned,Device,NVIDIA A100-SXM4-40GB MIG 4g.20gb (0),1,,13,[CUDA memcpy Host-to-Device]
16086316643,9471,308474,,,,,,,,,,0.197,20758.856,Pinned,Device,NVIDIA A100-SXM4-40GB MIG 4g.20gb (0),1,,13,[CUDA memcpy Host-to-Device]
16086428257,32672,308475,273,1,1,48,1,1,40,0.000,0.001,,,,,NVIDIA A100-SXM4-40GB MIG 4g.20gb (0),1,,13,"void pusch_noise_intf_est::noiseIntfEstNoDftSOfdmKernel<float, __half, float, float, (unsigned int)2, (unsigned int)1, (unsigned char)4, (unsigned char)4>(pusch_noise_intf_est::puschRxNoiseIntfEstDynDescr)"
16086503872,10720,308486,35,1,1,128,1,1,16,0.000,0.000,,,,,NVIDIA A100-SXM4-40GB MIG 4g.20gb (0),1,,13,cupy_copy__complex64_complex64
16086601279,4512,308495,1,1,1,1,1,1,18,0.000,0.000,,,,,NVIDIA A100-SXM4-40GB MIG 4g.20gb (0),1,,13,cupy_copy__float32_float32
16086611103,3776,308501,,,,,,,,,,0.000,1.059,Device,Pageable,NVIDIA A100-SXM4-40GB MIG 4g.20gb (0),1,,7,[CUDA memcpy Device-to-Host]
16086732606,19296,308512,1434,1,1,128,1,1,16,0.000,0.000,,,,,NVIDIA A100-SXM4-40GB MIG 4g.20gb (0),1,,13,cupy_copy__complex64_complex64
16086767997,6432,308519,103,1,1,128,1,1,16,0.000,0.000,,,,,NVIDIA A100-SXM4-40GB MIG 4g.20gb (0),1,,13,cupy_copy__complex64_complex64
16086865308,12864,308526,35,1,1,128,1,1,16,0.000,0.000,,,,,NVIDIA A100-SXM4-40GB MIG 4g.20gb (0),1,,13,cupy_copy__complex64_complex64
16087416310,3840,308533,1,1,1,1,1,1,18,0.000,0.000,,,,,NVIDIA A100-SXM4-40GB MIG 4g.20gb (0),1,,13,cupy_copy__float32_float32
16087492245,298909,308544,1,1,1,32,32,1,30,0.000,0.000,,,,,NVIDIA A100-SXM4-40GB MIG 4g.20gb (0),1,,13,"void convert_kernel<__half2, float2>(tensor_layout_any, T1 *, tensor_layout_any, const T2 *)"
16087822962,10239,308547,,,,,,,,,,0.094,9150.820,Pinned,Device,NVIDIA A100-SXM4-40GB MIG 4g.20gb (0),1,,13,[CUDA memcpy Host-to-Device]
16087917009,12703,308548,,,,,,,,,,1.547,121751.788,Device,,NVIDIA A100-SXM4-40GB MIG 4g.20gb (0),1,,13,[CUDA memset]
16087930896,3904,308553,,,,,,,,,,0.031,8016.377,Pinned,Device,NVIDIA A100-SXM4-40GB MIG 4g.20gb (0),1,,13,[CUDA memcpy Host-to-Device]
16087941488,10176,308554,,,,,,,,,,0.197,19320.668,Pinned,Device,NVIDIA A100-SXM4-40GB MIG 4g.20gb (0),1,,13,[CUDA memcpy Host-to-Device]
16088546569,28032,308555,273,1,1,8,4,1,39,0.002,0.000,,,,,NVIDIA A100-SXM4-40GB MIG 4g.20gb (0),1,,13,"void channel_eq::eqMmseCoefCompLowMimoKernel<float, float, float, (unsigned int)4, (unsigned int)1, (unsigned int)4>(const channel_eq::_puschRxChEqStatDescr *, channel_eq::_puschRxChEqCoefCompDynDescr)"
16088685288,32544,308556,273,1,1,12,11,1,51,0.002,0.000,,,,,NVIDIA A100-SXM4-40GB MIG 4g.20gb (0),1,,13,"void channel_eq::eqMmseSoftDemapKernel<float, __half, __half, float, (unsigned int)4, (unsigned short)16383>(channel_eq::_puschRxChEqStatDescr *, channel_eq::_puschRxChEqSoftDemapDynDescr)"
16088812294,681177,308557,1,1,1,32,32,1,30,0.000,0.000,,,,,NVIDIA A100-SXM4-40GB MIG 4g.20gb (0),1,,13,"void convert_kernel<float2, __half2>(tensor_layout_any, T1 *, tensor_layout_any, const T2 *)"
16089546014,15872,308569,2253,1,1,128,1,1,16,0.000,0.000,,,,,NVIDIA A100-SXM4-40GB MIG 4g.20gb (0),1,,13,cupy_copy__float16_float16
16089643613,8480,308578,282,1,1,128,1,1,16,0.000,0.000,,,,,NVIDIA A100-SXM4-40GB MIG 4g.20gb (0),1,,13,cupy_copy__complex64_complex64
16089730172,3936,308587,26,1,1,128,1,1,16,0.000,0.000,,,,,NVIDIA A100-SXM4-40GB MIG 4g.20gb (0),1,,13,cupy_copy__float32_float32
16089806459,9632,308596,103,1,1,128,1,1,16,0.000,0.000,,,,,NVIDIA A100-SXM4-40GB MIG 4g.20gb (0),1,,13,cupy_copy__complex64_complex64
16089911450,20160,308606,1434,1,1,128,1,1,16,0.000,0.000,,,,,NVIDIA A100-SXM4-40GB MIG 4g.20gb (0),1,,13,cupy_copy__complex64_complex64
16090014777,284829,308611,1,1,1,32,32,1,30,0.000,0.000,,,,,NVIDIA A100-SXM4-40GB MIG 4g.20gb (0),1,,13,"void convert_kernel<__half2, float2>(tensor_layout_any, T1 *, tensor_layout_any, const T2 *)"
16090330197,9376,308614,,,,,,,,,,0.094,9993.147,Pinned,Device,NVIDIA A100-SXM4-40GB MIG 4g.20gb (0),1,,13,[CUDA memcpy Host-to-Device]
16090432244,617977,308615,,,,,,,,,,456.561,738716.410,Device,,NVIDIA A100-SXM4-40GB MIG 4g.20gb (0),1,,13,[CUDA memset]
16091051853,67744,308620,,,,,,,,,,1.235,18229.008,Pinned,Device,NVIDIA A100-SXM4-40GB MIG 4g.20gb (0),1,,13,[CUDA memcpy Host-to-Device]
16091122029,9983,308621,,,,,,,,,,0.197,19694.223,Pinned,Device,NVIDIA A100-SXM4-40GB MIG 4g.20gb (0),1,,13,[CUDA memcpy Host-to-Device]
16091285163,18943,308622,69,4,1,48,1,1,76,0.002,0.000,,,,,NVIDIA A100-SXM4-40GB MIG 4g.20gb (0),1,,13,"void ch_est::windowedChEstPreNoDftSOfdmKernel<float, __half, float, (unsigned int)2, (unsigned int)1, (unsigned short)4>(ch_est::puschRxChEstStatDescr_t *, ch_est::puschRxChEstDynDescr_t *)"
16093935789,31296,308623,137,2,1,24,2,1,44,0.001,0.001,,,,,NVIDIA A100-SXM4-40GB MIG 4g.20gb (0),1,,13,"void ch_est::chEstFilterNoDftSOfdmDispatchKernel<float, __half, float, (unsigned int)2>(ch_est::puschRxChEstStatDescr_t *, ch_est::puschRxChEstDynDescr_t *)"
16097111273,29728,308624,137,2,1,24,2,1,44,0.001,0.001,,,,,NVIDIA A100-SXM4-40GB MIG 4g.20gb (0),1,,13,"void ch_est::chEstFilterNoDftSOfdmDispatchKernel<float, __half, float, (unsigned int)2>(ch_est::puschRxChEstStatDescr_t *, ch_est::puschRxChEstDynDescr_t *)"
16097252776,6912,308635,103,1,1,128,1,1,16,0.000,0.000,,,,,NVIDIA A100-SXM4-40GB MIG 4g.20gb (0),1,,13,cupy_copy__complex64_complex64
16097341319,21503,308645,1434,1,1,128,1,1,16,0.000,0.000,,,,,NVIDIA A100-SXM4-40GB MIG 4g.20gb (0),1,,13,cupy_copy__complex64_complex64
16097450021,12672,308652,103,1,1,128,1,1,16,0.000,0.000,,,,,NVIDIA A100-SXM4-40GB MIG 4g.20gb (0),1,,13,cupy_copy__complex64_complex64
16097534820,278141,308659,1,1,1,32,32,1,30,0.000,0.000,,,,,NVIDIA A100-SXM4-40GB MIG 4g.20gb (0),1,,13,"void convert_kernel<__half2, float2>(tensor_layout_any, T1 *, tensor_layout_any, const T2 *)"
16097847777,6400,308662,,,,,,,,,,0.094,14640.000,Pinned,Device,NVIDIA A100-SXM4-40GB MIG 4g.20gb (0),1,,13,[CUDA memcpy Host-to-Device]
16097916512,56640,308663,,,,,,,,,,35.810,632224.138,Device,,NVIDIA A100-SXM4-40GB MIG 4g.20gb (0),1,,13,[CUDA memset]
16097980895,1824,308665,,,,,,,,,,0.000,43.860,Pinned,Device,NVIDIA A100-SXM4-40GB MIG 4g.20gb (0),1,,13,[CUDA memcpy Host-to-Device]
16097985151,12064,308666,,,,,,,,,,0.197,16297.034,Pinned,Device,NVIDIA A100-SXM4-40GB MIG 4g.20gb (0),1,,13,[CUDA memcpy Host-to-Device]
16098097054,33952,308667,273,1,1,48,1,1,40,0.000,0.001,,,,,NVIDIA A100-SXM4-40GB MIG 4g.20gb (0),1,,13,"void pusch_noise_intf_est::noiseIntfEstNoDftSOfdmKernel<float, __half, float, float, (unsigned int)2, (unsigned int)1, (unsigned char)4, (unsigned char)4>(pusch_noise_intf_est::puschRxNoiseIntfEstDynDescr)"
16098212221,11168,308678,35,1,1,128,1,1,16,0.000,0.000,,,,,NVIDIA A100-SXM4-40GB MIG 4g.20gb (0),1,,13,cupy_copy__complex64_complex64
16098317180,6304,308687,1,1,1,1,1,1,18,0.000,0.000,,,,,NVIDIA A100-SXM4-40GB MIG 4g.20gb (0),1,,13,cupy_copy__float32_float32
16098325500,5344,308693,,,,,,,,,,0.000,0.749,Device,Pageable,NVIDIA A100-SXM4-40GB MIG 4g.20gb (0),1,,7,[CUDA memcpy Device-to-Host]
16098484986,19008,308704,1434,1,1,128,1,1,16,0.000,0.000,,,,,NVIDIA A100-SXM4-40GB MIG 4g.20gb (0),1,,13,cupy_copy__complex64_complex64
16098620408,11040,308711,103,1,1,128,1,1,16,0.000,0.000,,,,,NVIDIA A100-SXM4-40GB MIG 4g.20gb (0),1,,13,cupy_copy__complex64_complex64
16098715223,20672,308718,35,1,1,128,1,1,16,0.000,0.000,,,,,NVIDIA A100-SXM4-40GB MIG 4g.20gb (0),1,,13,cupy_copy__complex64_complex64
16098791990,8096,308725,1,1,1,1,1,1,18,0.000,0.000,,,,,NVIDIA A100-SXM4-40GB MIG 4g.20gb (0),1,,13,cupy_copy__float32_float32
16098883189,275325,308736,1,1,1,32,32,1,30,0.000,0.000,,,,,NVIDIA A100-SXM4-40GB MIG 4g.20gb (0),1,,13,"void convert_kernel<__half2, float2>(tensor_layout_any, T1 *, tensor_layout_any, const T2 *)"
16099187250,5696,308739,,,,,,,,,,0.094,16449.363,Pinned,Device,NVIDIA A100-SXM4-40GB MIG 4g.20gb (0),1,,13,[CUDA memcpy Host-to-Device]
16099377744,4320,308740,,,,,,,,,,1.547,358014.070,Device,,NVIDIA A100-SXM4-40GB MIG 4g.20gb (0),1,,13,[CUDA memset]
16099383472,7488,308745,,,,,,,,,,0.031,4179.487,Pinned,Device,NVIDIA A100-SXM4-40GB MIG 4g.20gb (0),1,,13,[CUDA memcpy Host-to-Device]
16099393392,11103,308746,,,,,,,,,,0.197,17707.500,Pinned,Device,NVIDIA A100-SXM4-40GB MIG 4g.20gb (0),1,,13,[CUDA memcpy Host-to-Device]
16099574126,18815,308747,273,1,1,8,4,1,39,0.002,0.000,,,,,NVIDIA A100-SXM4-40GB MIG 4g.20gb (0),1,,13,"void channel_eq::eqMmseCoefCompLowMimoKernel<float, float, float, (unsigned int)4, (unsigned int)1, (unsigned int)4>(const channel_eq::_puschRxChEqStatDescr *, channel_eq::_puschRxChEqCoefCompDynDescr)"
16099703500,26688,308748,273,1,1,12,11,1,51,0.002,0.000,,,,,NVIDIA A100-SXM4-40GB MIG 4g.20gb (0),1,,13,"void channel_eq::eqMmseSoftDemapKernel<float, __half, __half, float, (unsigned int)4, (unsigned short)16383>(channel_eq::_puschRxChEqStatDescr *, channel_eq::_puschRxChEqSoftDemapDynDescr)"
16099841195,1315377,308749,1,1,1,32,32,1,30,0.000,0.000,,,,,NVIDIA A100-SXM4-40GB MIG 4g.20gb (0),1,,13,"void convert_kernel<float2, __half2>(tensor_layout_any, T1 *, tensor_layout_any, const T2 *)"
16105607498,16160,308761,2253,1,1,128,1,1,16,0.000,0.000,,,,,NVIDIA A100-SXM4-40GB MIG 4g.20gb (0),1,,13,cupy_copy__float16_float16
16105936038,5152,308770,282,1,1,128,1,1,16,0.000,0.000,,,,,NVIDIA A100-SXM4-40GB MIG 4g.20gb (0),1,,13,cupy_copy__complex64_complex64
16109427455,5408,308779,26,1,1,128,1,1,16,0.000,0.000,,,,,NVIDIA A100-SXM4-40GB MIG 4g.20gb (0),1,,13,cupy_copy__float32_float32
16109681596,23008,308788,103,1,1,128,1,1,16,0.000,0.000,,,,,NVIDIA A100-SXM4-40GB MIG 4g.20gb (0),1,,13,cupy_copy__complex64_complex64
16110454483,23968,308798,1434,1,1,128,1,1,16,0.000,0.000,,,,,NVIDIA A100-SXM4-40GB MIG 4g.20gb (0),1,,13,cupy_copy__complex64_complex64
16110648497,282685,308803,1,1,1,32,32,1,30,0.000,0.000,,,,,NVIDIA A100-SXM4-40GB MIG 4g.20gb (0),1,,13,"void convert_kernel<__half2, float2>(tensor_layout_any, T1 *, tensor_layout_any, const T2 *)"
16110971918,5855,308806,,,,,,,,,,0.094,16002.715,Pinned,Device,NVIDIA A100-SXM4-40GB MIG 4g.20gb (0),1,,13,[CUDA memcpy Host-to-Device]
16111172011,1126548,308807,,,,,,,,,,456.561,404969.997,Device,,NVIDIA A100-SXM4-40GB MIG 4g.20gb (0),1,,13,[CUDA memset]
16112307647,61599,308812,,,,,,,,,,1.235,20048.081,Pinned,Device,NVIDIA A100-SXM4-40GB MIG 4g.20gb (0),1,,13,[CUDA memcpy Host-to-Device]
16112374718,17120,308813,,,,,,,,,,0.197,11484.070,Pinned,Device,NVIDIA A100-SXM4-40GB MIG 4g.20gb (0),1,,13,[CUDA memcpy Host-to-Device]
16112623003,34752,308814,69,4,1,48,1,1,76,0.002,0.000,,,,,NVIDIA A100-SXM4-40GB MIG 4g.20gb (0),1,,13,"void ch_est::windowedChEstPreNoDftSOfdmKernel<float, __half, float, (unsigned int)2, (unsigned int)1, (unsigned short)4>(ch_est::puschRxChEstStatDescr_t *, ch_est::puschRxChEstDynDescr_t *)"
16116661006,21663,308815,137,2,1,24,2,1,44,0.001,0.001,,,,,NVIDIA A100-SXM4-40GB MIG 4g.20gb (0),1,,13,"void ch_est::chEstFilterNoDftSOfdmDispatchKernel<float, __half, float, (unsigned int)2>(ch_est::puschRxChEstStatDescr_t *, ch_est::puschRxChEstDynDescr_t *)"
16120670849,40959,308816,137,2,1,24,2,1,44,0.001,0.001,,,,,NVIDIA A100-SXM4-40GB MIG 4g.20gb (0),1,,13,"void ch_est::chEstFilterNoDftSOfdmDispatchKernel<float, __half, float, (unsigned int)2>(ch_est::puschRxChEstStatDescr_t *, ch_est::puschRxChEstDynDescr_t *)"
16120865246,9184,308827,103,1,1,128,1,1,16,0.000,0.000,,,,,NVIDIA A100-SXM4-40GB MIG 4g.20gb (0),1,,13,cupy_copy__complex64_complex64
16121010397,25023,308837,1434,1,1,128,1,1,16,0.000,0.000,,,,,NVIDIA A100-SXM4-40GB MIG 4g.20gb (0),1,,13,cupy_copy__complex64_complex64
16121307705,4480,308844,103,1,1,128,1,1,16,0.000,0.000,,,,,NVIDIA A100-SXM4-40GB MIG 4g.20gb (0),1,,13,cupy_copy__complex64_complex64
16121541623,281309,308851,1,1,1,32,32,1,30,0.000,0.000,,,,,NVIDIA A100-SXM4-40GB MIG 4g.20gb (0),1,,13,"void convert_kernel<__half2, float2>(tensor_layout_any, T1 *, tensor_layout_any, const T2 *)"
16121855123,8896,308854,,,,,,,,,,0.094,10532.367,Pinned,Device,NVIDIA A100-SXM4-40GB MIG 4g.20gb (0),1,,13,[CUDA memcpy Host-to-Device]
16122082193,72447,308855,,,,,,,,,,35.810,494284.326,Device,,NVIDIA A100-SXM4-40GB MIG 4g.20gb (0),1,,13,[CUDA memset]
16122254479,2496,308857,,,,,,,,,,0.000,32.051,Pinned,Device,NVIDIA A100-SXM4-40GB MIG 4g.20gb (0),1,,13,[CUDA memcpy Host-to-Device]
16122260495,9440,308858,,,,,,,,,,0.197,20827.079,Pinned,Device,NVIDIA A100-SXM4-40GB MIG 4g.20gb (0),1,,13,[CUDA memcpy Host-to-Device]
16122971975,27199,308859,273,1,1,48,1,1,40,0.000,0.001,,,,,NVIDIA A100-SXM4-40GB MIG 4g.20gb (0),1,,13,"void pusch_noise_intf_est::noiseIntfEstNoDftSOfdmKernel<float, __half, float, float, (unsigned int)2, (unsigned int)1, (unsigned char)4, (unsigned char)4>(pusch_noise_intf_est::puschRxNoiseIntfEstDynDescr)"
16123189028,9024,308870,35,1,1,128,1,1,16,0.000,0.000,,,,,NVIDIA A100-SXM4-40GB MIG 4g.20gb (0),1,,13,cupy_copy__complex64_complex64
16123323555,8864,308879,1,1,1,1,1,1,18,0.000,0.000,,,,,NVIDIA A100-SXM4-40GB MIG 4g.20gb (0),1,,13,cupy_copy__float32_float32
16123340099,4640,308885,,,,,,,,,,0.000,0.862,Device,Pageable,NVIDIA A100-SXM4-40GB MIG 4g.20gb (0),1,,7,[CUDA memcpy Device-to-Host]
16123593344,18688,308896,1434,1,1,128,1,1,16,0.000,0.000,,,,,NVIDIA A100-SXM4-40GB MIG 4g.20gb (0),1,,13,cupy_copy__complex64_complex64
16123769822,4736,308903,103,1,1,128,1,1,16,0.000,0.000,,,,,NVIDIA A100-SXM4-40GB MIG 4g.20gb (0),1,,13,cupy_copy__complex64_complex64
16124385111,10688,308910,35,1,1,128,1,1,16,0.000,0.000,,,,,NVIDIA A100-SXM4-40GB MIG 4g.20gb (0),1,,13,cupy_copy__complex64_complex64
16124630196,5088,308917,1,1,1,1,1,1,18,0.000,0.000,,,,,NVIDIA A100-SXM4-40GB MIG 4g.20gb (0),1,,13,cupy_copy__float32_float32
16128694726,270493,308928,1,1,1,32,32,1,30,0.000,0.000,,,,,NVIDIA A100-SXM4-40GB MIG 4g.20gb (0),1,,13,"void convert_kernel<__half2, float2>(tensor_layout_any, T1 *, tensor_layout_any, const T2 *)"
16128999555,8320,308931,,,,,,,,,,0.094,11261.510,Pinned,Device,NVIDIA A100-SXM4-40GB MIG 4g.20gb (0),1,,13,[CUDA memcpy Host-to-Device]
16129218433,8767,308932,,,,,,,,,,1.547,176414.120,Device,,NVIDIA A100-SXM4-40GB MIG 4g.20gb (0),1,,13,[CUDA memset]
16129234656,6848,308937,,,,,,,,,,0.031,4570.092,Pinned,Device,NVIDIA A100-SXM4-40GB MIG 4g.20gb (0),1,,13,[CUDA memcpy Host-to-Device]
16129247904,10496,308938,,,,,,,,,,0.197,18731.631,Pinned,Device,NVIDIA A100-SXM4-40GB MIG 4g.20gb (0),1,,13,[CUDA memcpy Host-to-Device]
16132698905,24768,308939,273,1,1,8,4,1,39,0.002,0.000,,,,,NVIDIA A100-SXM4-40GB MIG 4g.20gb (0),1,,13,"void channel_eq::eqMmseCoefCompLowMimoKernel<float, float, float, (unsigned int)4, (unsigned int)1, (unsigned int)4>(const channel_eq::_puschRxChEqStatDescr *, channel_eq::_puschRxChEqCoefCompDynDescr)"
16132852664,21983,308940,273,1,1,12,11,1,51,0.002,0.000,,,,,NVIDIA A100-SXM4-40GB MIG 4g.20gb (0),1,,13,"void channel_eq::eqMmseSoftDemapKernel<float, __half, __half, float, (unsigned int)4, (unsigned short)16383>(channel_eq::_puschRxChEqStatDescr *, channel_eq::_puschRxChEqSoftDemapDynDescr)"
16132944887,720856,308941,1,1,1,32,32,1,30,0.000,0.000,,,,,NVIDIA A100-SXM4-40GB MIG 4g.20gb (0),1,,13,"void convert_kernel<float2, __half2>(tensor_layout_any, T1 *, tensor_layout_any, const T2 *)"
16133740014,21792,308953,2253,1,1,128,1,1,16,0.000,0.000,,,,,NVIDIA A100-SXM4-40GB MIG 4g.20gb (0),1,,13,cupy_copy__float16_float16
16133851885,8415,308962,282,1,1,128,1,1,16,0.000,0.000,,,,,NVIDIA A100-SXM4-40GB MIG 4g.20gb (0),1,,13,cupy_copy__complex64_complex64
16133928396,6336,308971,26,1,1,128,1,1,16,0.000,0.000,,,,,NVIDIA A100-SXM4-40GB MIG 4g.20gb (0),1,,13,cupy_copy__float32_float32
16134006603,21536,308980,103,1,1,128,1,1,16,0.000,0.000,,,,,NVIDIA A100-SXM4-40GB MIG 4g.20gb (0),1,,13,cupy_copy__complex64_complex64
16134199401,21759,308990,1434,1,1,128,1,1,16,0.000,0.000,,,,,NVIDIA A100-SXM4-40GB MIG 4g.20gb (0),1,,13,cupy_copy__complex64_complex64
16134296232,266365,308995,1,1,1,32,32,1,30,0.000,0.000,,,,,NVIDIA A100-SXM4-40GB MIG 4g.20gb (0),1,,13,"void convert_kernel<__half2, float2>(tensor_layout_any, T1 *, tensor_layout_any, const T2 *)"
16134594084,5408,308998,,,,,,,,,,0.094,17325.421,Pinned,Device,NVIDIA A100-SXM4-40GB MIG 4g.20gb (0),1,,13,[CUDA memcpy Host-to-Device]
16134633764,632921,308999,,,,,,,,,,456.561,720910.514,Device,,NVIDIA A100-SXM4-40GB MIG 4g.20gb (0),1,,13,[CUDA memset]
16135273533,62559,309004,,,,,,,,,,1.235,19739.345,Pinned,Device,NVIDIA A100-SXM4-40GB MIG 4g.20gb (0),1,,13,[CUDA memcpy Host-to-Device]
16135339388,13696,309005,,,,,,,,,,0.197,14355.137,Pinned,Device,NVIDIA A100-SXM4-40GB MIG 4g.20gb (0),1,,13,[CUDA memcpy Host-to-Device]
16135521850,30623,309006,69,4,1,48,1,1,76,0.002,0.000,,,,,NVIDIA A100-SXM4-40GB MIG 4g.20gb (0),1,,13,"void ch_est::windowedChEstPreNoDftSOfdmKernel<float, __half, float, (unsigned int)2, (unsigned int)1, (unsigned short)4>(ch_est::puschRxChEstStatDescr_t *, ch_est::puschRxChEstDynDescr_t *)"
16138973459,44927,309007,137,2,1,24,2,1,44,0.001,0.001,,,,,NVIDIA A100-SXM4-40GB MIG 4g.20gb (0),1,,13,"void ch_est::chEstFilterNoDftSOfdmDispatchKernel<float, __half, float, (unsigned int)2>(ch_est::puschRxChEstStatDescr_t *, ch_est::puschRxChEstDynDescr_t *)"
16142454956,25632,309008,137,2,1,24,2,1,44,0.001,0.001,,,,,NVIDIA A100-SXM4-40GB MIG 4g.20gb (0),1,,13,"void ch_est::chEstFilterNoDftSOfdmDispatchKernel<float, __half, float, (unsigned int)2>(ch_est::puschRxChEstStatDescr_t *, ch_est::puschRxChEstDynDescr_t *)"
16142530923,8256,309019,103,1,1,128,1,1,16,0.000,0.000,,,,,NVIDIA A100-SXM4-40GB MIG 4g.20gb (0),1,,13,cupy_copy__complex64_complex64
16142635978,17568,309029,1434,1,1,128,1,1,16,0.000,0.000,,,,,NVIDIA A100-SXM4-40GB MIG 4g.20gb (0),1,,13,cupy_copy__complex64_complex64
16142726985,10400,309036,103,1,1,128,1,1,16,0.000,0.000,,,,,NVIDIA A100-SXM4-40GB MIG 4g.20gb (0),1,,13,cupy_copy__complex64_complex64
16142805160,279037,309043,1,1,1,32,32,1,30,0.000,0.000,,,,,NVIDIA A100-SXM4-40GB MIG 4g.20gb (0),1,,13,"void convert_kernel<__half2, float2>(tensor_layout_any, T1 *, tensor_layout_any, const T2 *)"
16143113604,5408,309046,,,,,,,,,,0.094,17325.421,Pinned,Device,NVIDIA A100-SXM4-40GB MIG 4g.20gb (0),1,,13,[CUDA memcpy Host-to-Device]
16143169860,56895,309047,,,,,,,,,,35.810,629395.154,Device,,NVIDIA A100-SXM4-40GB MIG 4g.20gb (0),1,,13,[CUDA memset]
16143229251,5504,309049,,,,,,,,,,0.000,14.535,Pinned,Device,NVIDIA A100-SXM4-40GB MIG 4g.20gb (0),1,,13,[CUDA memcpy Host-to-Device]
16143237187,10048,309050,,,,,,,,,,0.197,19566.821,Pinned,Device,NVIDIA A100-SXM4-40GB MIG 4g.20gb (0),1,,13,[CUDA memcpy Host-to-Device]
16143348450,24864,309051,273,1,1,48,1,1,40,0.000,0.001,,,,,NVIDIA A100-SXM4-40GB MIG 4g.20gb (0),1,,13,"void pusch_noise_intf_est::noiseIntfEstNoDftSOfdmKernel<float, __half, float, float, (unsigned int)2, (unsigned int)1, (unsigned char)4, (unsigned char)4>(pusch_noise_intf_est::puschRxNoiseIntfEstDynDescr)"
16143459265,9791,309062,35,1,1,128,1,1,16,0.000,0.000,,,,,NVIDIA A100-SXM4-40GB MIG 4g.20gb (0),1,,13,cupy_copy__complex64_complex64
16143550592,4384,309071,1,1,1,1,1,1,18,0.000,0.000,,,,,NVIDIA A100-SXM4-40GB MIG 4g.20gb (0),1,,13,cupy_copy__float32_float32
16143563999,1856,309077,,,,,,,,,,0.000,2.155,Device,Pageable,NVIDIA A100-SXM4-40GB MIG 4g.20gb (0),1,,7,[CUDA memcpy Device-to-Host]
16143694750,20768,309088,1434,1,1,128,1,1,16,0.000,0.000,,,,,NVIDIA A100-SXM4-40GB MIG 4g.20gb (0),1,,13,cupy_copy__complex64_complex64
16143748093,13216,309095,103,1,1,128,1,1,16,0.000,0.000,,,,,NVIDIA A100-SXM4-40GB MIG 4g.20gb (0),1,,13,cupy_copy__complex64_complex64
16143827996,5600,309102,35,1,1,128,1,1,16,0.000,0.000,,,,,NVIDIA A100-SXM4-40GB MIG 4g.20gb (0),1,,13,cupy_copy__complex64_complex64
16143923387,4352,309109,1,1,1,1,1,1,18,0.000,0.000,,,,,NVIDIA A100-SXM4-40GB MIG 4g.20gb (0),1,,13,cupy_copy__float32_float32
16143970523,275805,309120,1,1,1,32,32,1,30,0.000,0.000,,,,,NVIDIA A100-SXM4-40GB MIG 4g.20gb (0),1,,13,"void convert_kernel<__half2, float2>(tensor_layout_any, T1 *, tensor_layout_any, const T2 *)"
16144275895,5472,309123,,,,,,,,,,0.094,17122.757,Pinned,Device,NVIDIA A100-SXM4-40GB MIG 4g.20gb (0),1,,13,[CUDA memcpy Host-to-Device]
16144357463,8479,309124,,,,,,,,,,1.547,182405.741,Device,,NVIDIA A100-SXM4-40GB MIG 4g.20gb (0),1,,13,[CUDA memset]
16144373718,3040,309129,,,,,,,,,,0.031,10294.725,Pinned,Device,NVIDIA A100-SXM4-40GB MIG 4g.20gb (0),1,,13,[CUDA memcpy Host-to-Device]
16144382902,9792,309130,,,,,,,,,,0.197,20078.395,Pinned,Device,NVIDIA A100-SXM4-40GB MIG 4g.20gb (0),1,,13,[CUDA memcpy Host-to-Device]
16144440854,40159,309131,273,1,1,8,4,1,39,0.002,0.000,,,,,NVIDIA A100-SXM4-40GB MIG 4g.20gb (0),1,,13,"void channel_eq::eqMmseCoefCompLowMimoKernel<float, float, float, (unsigned int)4, (unsigned int)1, (unsigned int)4>(const channel_eq::_puschRxChEqStatDescr *, channel_eq::_puschRxChEqCoefCompDynDescr)"
16144634899,34912,309132,273,1,1,12,11,1,51,0.002,0.000,,,,,NVIDIA A100-SXM4-40GB MIG 4g.20gb (0),1,,13,"void channel_eq::eqMmseSoftDemapKernel<float, __half, __half, float, (unsigned int)4, (unsigned short)16383>(channel_eq::_puschRxChEqStatDescr *, channel_eq::_puschRxChEqSoftDemapDynDescr)"
16144729138,1739629,309133,1,1,1,32,32,1,30,0.000,0.000,,,,,NVIDIA A100-SXM4-40GB MIG 4g.20gb (0),1,,13,"void convert_kernel<float2, __half2>(tensor_layout_any, T1 *, tensor_layout_any, const T2 *)"
16149639195,17632,309145,2253,1,1,128,1,1,16,0.000,0.000,,,,,NVIDIA A100-SXM4-40GB MIG 4g.20gb (0),1,,13,cupy_copy__float16_float16
16149821113,8672,309154,282,1,1,128,1,1,16,0.000,0.000,,,,,NVIDIA A100-SXM4-40GB MIG 4g.20gb (0),1,,13,cupy_copy__complex64_complex64
16154553060,10944,309163,26,1,1,128,1,1,16,0.000,0.000,,,,,NVIDIA A100-SXM4-40GB MIG 4g.20gb (0),1,,13,cupy_copy__float32_float32
16154626179,9216,309172,103,1,1,128,1,1,16,0.000,0.000,,,,,NVIDIA A100-SXM4-40GB MIG 4g.20gb (0),1,,13,cupy_copy__complex64_complex64
16154798625,20128,309182,1434,1,1,128,1,1,16,0.000,0.000,,,,,NVIDIA A100-SXM4-40GB MIG 4g.20gb (0),1,,13,cupy_copy__complex64_complex64
16154892320,277341,309187,1,1,1,32,32,1,30,0.000,0.000,,,,,NVIDIA A100-SXM4-40GB MIG 4g.20gb (0),1,,13,"void convert_kernel<__half2, float2>(tensor_layout_any, T1 *, tensor_layout_any, const T2 *)"
16155200541,6080,309190,,,,,,,,,,0.094,15410.462,Pinned,Device,NVIDIA A100-SXM4-40GB MIG 4g.20gb (0),1,,13,[CUDA memcpy Host-to-Device]
16155272156,1115347,309191,,,,,,,,,,456.561,409079.050,Device,,NVIDIA A100-SXM4-40GB MIG 4g.20gb (0),1,,13,[CUDA memset]
16156391247,60640,309196,,,,,,,,,,1.235,20364.227,Pinned,Device,NVIDIA A100-SXM4-40GB MIG 4g.20gb (0),1,,13,[CUDA memcpy Host-to-Device]
16156456655,14271,309197,,,,,,,,,,0.197,13776.716,Pinned,Device,NVIDIA A100-SXM4-40GB MIG 4g.20gb (0),1,,13,[CUDA memcpy Host-to-Device]
16156558957,28800,309198,69,4,1,48,1,1,76,0.002,0.000,,,,,NVIDIA A100-SXM4-40GB MIG 4g.20gb (0),1,,13,"void ch_est::windowedChEstPreNoDftSOfdmKernel<float, __half, float, (unsigned int)2, (unsigned int)1, (unsigned short)4>(ch_est::puschRxChEstStatDescr_t *, ch_est::puschRxChEstDynDescr_t *)"
16156651724,42016,309199,137,2,1,24,2,1,44,0.001,0.001,,,,,NVIDIA A100-SXM4-40GB MIG 4g.20gb (0),1,,13,"void ch_est::chEstFilterNoDftSOfdmDispatchKernel<float, __half, float, (unsigned int)2>(ch_est::puschRxChEstStatDescr_t *, ch_est::puschRxChEstDynDescr_t *)"
16156728780,29823,309200,137,2,1,24,2,1,44,0.001,0.001,,,,,NVIDIA A100-SXM4-40GB MIG 4g.20gb (0),1,,13,"void ch_est::chEstFilterNoDftSOfdmDispatchKernel<float, __half, float, (unsigned int)2>(ch_est::puschRxChEstStatDescr_t *, ch_est::puschRxChEstDynDescr_t *)"
16157269509,12640,309211,103,1,1,128,1,1,16,0.000,0.000,,,,,NVIDIA A100-SXM4-40GB MIG 4g.20gb (0),1,,13,cupy_copy__complex64_complex64
16157350117,20511,309221,1434,1,1,128,1,1,16,0.000,0.000,,,,,NVIDIA A100-SXM4-40GB MIG 4g.20gb (0),1,,13,cupy_copy__complex64_complex64
16157462755,7008,309228,103,1,1,128,1,1,16,0.000,0.000,,,,,NVIDIA A100-SXM4-40GB MIG 4g.20gb (0),1,,13,cupy_copy__complex64_complex64
16157544002,813367,309235,1,1,1,32,32,1,30,0.000,0.000,,,,,NVIDIA A100-SXM4-40GB MIG 4g.20gb (0),1,,13,"void convert_kernel<__half2, float2>(tensor_layout_any, T1 *, tensor_layout_any, const T2 *)"
16158389049,8864,309238,,,,,,,,,,0.094,10570.314,Pinned,Device,NVIDIA A100-SXM4-40GB MIG 4g.20gb (0),1,,13,[CUDA memcpy Host-to-Device]
16158576951,61343,309239,,,,,,,,,,35.810,583737.506,Device,,NVIDIA A100-SXM4-40GB MIG 4g.20gb (0),1,,13,[CUDA memset]
16158643734,3872,309241,,,,,,,,,,0.000,20.661,Pinned,Device,NVIDIA A100-SXM4-40GB MIG 4g.20gb (0),1,,13,[CUDA memcpy Host-to-Device]
16158651030,13216,309242,,,,,,,,,,0.197,14876.344,Pinned,Device,NVIDIA A100-SXM4-40GB MIG 4g.20gb (0),1,,13,[CUDA memcpy Host-to-Device]
16159359598,42143,309243,273,1,1,48,1,1,40,0.000,0.001,,,,,NVIDIA A100-SXM4-40GB MIG 4g.20gb (0),1,,13,"void pusch_noise_intf_est::noiseIntfEstNoDftSOfdmKernel<float, __half, float, float, (unsigned int)2, (unsigned int)1, (unsigned char)4, (unsigned char)4>(pusch_noise_intf_est::puschRxNoiseIntfEstDynDescr)"
16159437165,9600,309254,35,1,1,128,1,1,16,0.000,0.000,,,,,NVIDIA A100-SXM4-40GB MIG 4g.20gb (0),1,,13,cupy_copy__complex64_complex64
16159608747,5664,309263,1,1,1,1,1,1,18,0.000,0.000,,,,,NVIDIA A100-SXM4-40GB MIG 4g.20gb (0),1,,13,cupy_copy__float32_float32
16159621483,5376,309269,,,,,,,,,,0.000,0.744,Device,Pageable,NVIDIA A100-SXM4-40GB MIG 4g.20gb (0),1,,7,[CUDA memcpy Device-to-Host]
16159889736,18496,309280,1434,1,1,128,1,1,16,0.000,0.000,,,,,NVIDIA A100-SXM4-40GB MIG 4g.20gb (0),1,,13,cupy_copy__complex64_complex64
16160088582,8320,309287,103,1,1,128,1,1,16,0.000,0.000,,,,,NVIDIA A100-SXM4-40GB MIG 4g.20gb (0),1,,13,cupy_copy__complex64_complex64
16160222116,4032,309294,35,1,1,128,1,1,16,0.000,0.000,,,,,NVIDIA A100-SXM4-40GB MIG 4g.20gb (0),1,,13,cupy_copy__complex64_complex64
16160882013,6144,309301,1,1,1,1,1,1,18,0.000,0.000,,,,,NVIDIA A100-SXM4-40GB MIG 4g.20gb (0),1,,13,cupy_copy__float32_float32
16161086683,312764,309312,1,1,1,32,32,1,30,0.000,0.000,,,,,NVIDIA A100-SXM4-40GB MIG 4g.20gb (0),1,,13,"void convert_kernel<__half2, float2>(tensor_layout_any, T1 *, tensor_layout_any, const T2 *)"
16161429015,6176,309315,,,,,,,,,,0.094,15170.975,Pinned,Device,NVIDIA A100-SXM4-40GB MIG 4g.20gb (0),1,,13,[CUDA memcpy Host-to-Device]
16161582261,10528,309316,,,,,,,,,,1.547,146904.534,Device,,NVIDIA A100-SXM4-40GB MIG 4g.20gb (0),1,,13,[CUDA memset]
16161598933,3040,309321,,,,,,,,,,0.031,10294.725,Pinned,Device,NVIDIA A100-SXM4-40GB MIG 4g.20gb (0),1,,13,[CUDA memcpy Host-to-Device]
16161604565,9216,309322,,,,,,,,,,0.197,21333.148,Pinned,Device,NVIDIA A100-SXM4-40GB MIG 4g.20gb (0),1,,13,[CUDA memcpy Host-to-Device]
16162228878,25823,309323,273,1,1,8,4,1,39,0.002,0.000,,,,,NVIDIA A100-SXM4-40GB MIG 4g.20gb (0),1,,13,"void channel_eq::eqMmseCoefCompLowMimoKernel<float, float, float, (unsigned int)4, (unsigned int)1, (unsigned int)4>(const channel_eq::_puschRxChEqStatDescr *, channel_eq::_puschRxChEqCoefCompDynDescr)"
16162363852,45536,309324,273,1,1,12,11,1,51,0.002,0.000,,,,,NVIDIA A100-SXM4-40GB MIG 4g.20gb (0),1,,13,"void channel_eq::eqMmseSoftDemapKernel<float, __half, __half, float, (unsigned int)4, (unsigned short)16383>(channel_eq::_puschRxChEqStatDescr *, channel_eq::_puschRxChEqSoftDemapDynDescr)"
16162446987,1217171,309325,1,1,1,32,32,1,30,0.000,0.000,,,,,NVIDIA A100-SXM4-40GB MIG 4g.20gb (0),1,,13,"void convert_kernel<float2, __half2>(tensor_layout_any, T1 *, tensor_layout_any, const T2 *)"
16163714493,17152,309337,2253,1,1,128,1,1,16,0.000,0.000,,,,,NVIDIA A100-SXM4-40GB MIG 4g.20gb (0),1,,13,cupy_copy__float16_float16
16163823932,12128,309346,282,1,1,128,1,1,16,0.000,0.000,,,,,NVIDIA A100-SXM4-40GB MIG 4g.20gb (0),1,,13,cupy_copy__complex64_complex64
16164325334,7712,309355,26,1,1,128,1,1,16,0.000,0.000,,,,,NVIDIA A100-SXM4-40GB MIG 4g.20gb (0),1,,13,cupy_copy__float32_float32
16164419349,5632,309364,103,1,1,128,1,1,16,0.000,0.000,,,,,NVIDIA A100-SXM4-40GB MIG 4g.20gb (0),1,,13,cupy_copy__complex64_complex64
16164570067,18400,309374,1434,1,1,128,1,1,16,0.000,0.000,,,,,NVIDIA A100-SXM4-40GB MIG 4g.20gb (0),1,,13,cupy_copy__complex64_complex64
16164761521,302717,309379,1,1,1,32,32,1,30,0.000,0.000,,,,,NVIDIA A100-SXM4-40GB MIG 4g.20gb (0),1,,13,"void convert_kernel<__half2, float2>(tensor_layout_any, T1 *, tensor_layout_any, const T2 *)"
16165094350,5343,309382,,,,,,,,,,0.094,17536.143,Pinned,Device,NVIDIA A100-SXM4-40GB MIG 4g.20gb (0),1,,13,[CUDA memcpy Host-to-Device]
16165747110,1127828,309383,,,,,,,,,,456.561,404513.436,Device,,NVIDIA A100-SXM4-40GB MIG 4g.20gb (0),1,,13,[CUDA memset]
16166881657,55232,309388,,,,,,,,,,1.235,22358.661,Pinned,Device,NVIDIA A100-SXM4-40GB MIG 4g.20gb (0),1,,13,[CUDA memcpy Host-to-Device]
16166939321,10912,309389,,,,,,,,,,0.197,18017.550,Pinned,Device,NVIDIA A100-SXM4-40GB MIG 4g.20gb (0),1,,13,[CUDA memcpy Host-to-Device]
16167588434,33183,309390,69,4,1,48,1,1,76,0.002,0.000,,,,,NVIDIA A100-SXM4-40GB MIG 4g.20gb (0),1,,13,"void ch_est::windowedChEstPreNoDftSOfdmKernel<float, __half, float, (unsigned int)2, (unsigned int)1, (unsigned short)4>(ch_est::puschRxChEstStatDescr_t *, ch_est::puschRxChEstDynDescr_t *)"
16167797711,30208,309391,137,2,1,24,2,1,44,0.001,0.001,,,,,NVIDIA A100-SXM4-40GB MIG 4g.20gb (0),1,,13,"void ch_est::chEstFilterNoDftSOfdmDispatchKernel<float, __half, float, (unsigned int)2>(ch_est::puschRxChEstStatDescr_t *, ch_est::puschRxChEstDynDescr_t *)"
16167994029,29856,309392,137,2,1,24,2,1,44,0.001,0.001,,,,,NVIDIA A100-SXM4-40GB MIG 4g.20gb (0),1,,13,"void ch_est::chEstFilterNoDftSOfdmDispatchKernel<float, __half, float, (unsigned int)2>(ch_est::puschRxChEstStatDescr_t *, ch_est::puschRxChEstDynDescr_t *)"
16168182795,8032,309403,103,1,1,128,1,1,16,0.000,0.000,,,,,NVIDIA A100-SXM4-40GB MIG 4g.20gb (0),1,,13,cupy_copy__complex64_complex64
16168319273,23424,309413,1434,1,1,128,1,1,16,0.000,0.000,,,,,NVIDIA A100-SXM4-40GB MIG 4g.20gb (0),1,,13,cupy_copy__complex64_complex64
16168853603,7168,309420,103,1,1,128,1,1,16,0.000,0.000,,,,,NVIDIA A100-SXM4-40GB MIG 4g.20gb (0),1,,13,cupy_copy__complex64_complex64
16168996482,302044,309427,1,1,1,32,32,1,30,0.000,0.000,,,,,NVIDIA A100-SXM4-40GB MIG 4g.20gb (0),1,,13,"void convert_kernel<__half2, float2>(tensor_layout_any, T1 *, tensor_layout_any, const T2 *)"
16169328414,5440,309430,,,,,,,,,,0.094,17223.480,Pinned,Device,NVIDIA A100-SXM4-40GB MIG 4g.20gb (0),1,,13,[CUDA memcpy Host-to-Device]
16169370110,60063,309431,,,,,,,,,,35.810,596199.358,Device,,NVIDIA A100-SXM4-40GB MIG 4g.20gb (0),1,,13,[CUDA memset]
16169435837,2944,309433,,,,,,,,,,0.000,27.174,Pinned,Device,NVIDIA A100-SXM4-40GB MIG 4g.20gb (0),1,,13,[CUDA memcpy Host-to-Device]
16169441213,11264,309434,,,,,,,,,,0.197,17454.465,Pinned,Device,NVIDIA A100-SXM4-40GB MIG 4g.20gb (0),1,,13,[CUDA memcpy Host-to-Device]
16169505564,30624,309435,273,1,1,48,1,1,40,0.000,0.001,,,,,NVIDIA A100-SXM4-40GB MIG 4g.20gb (0),1,,13,"void pusch_noise_intf_est::noiseIntfEstNoDftSOfdmKernel<float, __half, float, float, (unsigned int)2, (unsigned int)1, (unsigned char)4, (unsigned char)4>(pusch_noise_intf_est::puschRxNoiseIntfEstDynDescr)"
16169593371,14912,309446,35,1,1,128,1,1,16,0.000,0.000,,,,,NVIDIA A100-SXM4-40GB MIG 4g.20gb (0),1,,13,cupy_copy__complex64_complex64
16169630203,3968,309455,1,1,1,1,1,1,18,0.000,0.000,,,,,NVIDIA A100-SXM4-40GB MIG 4g.20gb (0),1,,13,cupy_copy__float32_float32
16169639930,1952,309461,,,,,,,,,,0.000,2.049,Device,Pageable,NVIDIA A100-SXM4-40GB MIG 4g.20gb (0),1,,7,[CUDA memcpy Device-to-Host]
16169701562,14976,309472,1434,1,1,128,1,1,16,0.000,0.000,,,,,NVIDIA A100-SXM4-40GB MIG 4g.20gb (0),1,,13,cupy_copy__complex64_complex64
16169807801,5952,309479,103,1,1,128,1,1,16,0.000,0.000,,,,,NVIDIA A100-SXM4-40GB MIG 4g.20gb (0),1,,13,cupy_copy__complex64_complex64
16169855224,10752,309486,35,1,1,128,1,1,16,0.000,0.000,,,,,NVIDIA A100-SXM4-40GB MIG 4g.20gb (0),1,,13,cupy_copy__complex64_complex64
16169908055,5152,309493,1,1,1,1,1,1,18,0.000,0.000,,,,,NVIDIA A100-SXM4-40GB MIG 4g.20gb (0),1,,13,cupy_copy__float32_float32
16169914743,663065,309504,1,1,1,32,32,1,30,0.000,0.000,,,,,NVIDIA A100-SXM4-40GB MIG 4g.20gb (0),1,,13,"void convert_kernel<__half2, float2>(tensor_layout_any, T1 *, tensor_layout_any, const T2 *)"
16170653743,5472,309507,,,,,,,,,,0.094,17122.757,Pinned,Device,NVIDIA A100-SXM4-40GB MIG 4g.20gb (0),1,,13,[CUDA memcpy Host-to-Device]
16170826669,7712,309508,,,,,,,,,,1.547,200547.641,Device,,NVIDIA A100-SXM4-40GB MIG 4g.20gb (0),1,,13,[CUDA memset]
16170835853,3040,309513,,,,,,,,,,0.031,10294.725,Pinned,Device,NVIDIA A100-SXM4-40GB MIG 4g.20gb (0),1,,13,[CUDA memcpy Host-to-Device]
16170841357,9952,309514,,,,,,,,,,0.197,19755.565,Pinned,Device,NVIDIA A100-SXM4-40GB MIG 4g.20gb (0),1,,13,[CUDA memcpy Host-to-Device]
16171092938,19136,309515,273,1,1,8,4,1,39,0.002,0.000,,,,,NVIDIA A100-SXM4-40GB MIG 4g.20gb (0),1,,13,"void channel_eq::eqMmseCoefCompLowMimoKernel<float, float, float, (unsigned int)4, (unsigned int)1, (unsigned int)4>(const channel_eq::_puschRxChEqStatDescr *, channel_eq::_puschRxChEqCoefCompDynDescr)"
16171377159,26336,309516,273,1,1,12,11,1,51,0.002,0.000,,,,,NVIDIA A100-SXM4-40GB MIG 4g.20gb (0),1,,13,"void channel_eq::eqMmseSoftDemapKernel<float, __half, __half, float, (unsigned int)4, (unsigned short)16383>(channel_eq::_puschRxChEqStatDescr *, channel_eq::_puschRxChEqSoftDemapDynDescr)"
16171601220,1782732,309517,1,1,1,32,32,1,30,0.000,0.000,,,,,NVIDIA A100-SXM4-40GB MIG 4g.20gb (0),1,,13,"void convert_kernel<float2, __half2>(tensor_layout_any, T1 *, tensor_layout_any, const T2 *)"
16173541967,16479,309529,2253,1,1,128,1,1,16,0.000,0.000,,,,,NVIDIA A100-SXM4-40GB MIG 4g.20gb (0),1,,13,cupy_copy__float16_float16
16173707373,5216,309538,282,1,1,128,1,1,16,0.000,0.000,,,,,NVIDIA A100-SXM4-40GB MIG 4g.20gb (0),1,,13,cupy_copy__complex64_complex64
16173866635,5248,309547,26,1,1,128,1,1,16,0.000,0.000,,,,,NVIDIA A100-SXM4-40GB MIG 4g.20gb (0),1,,13,cupy_copy__float32_float32
16173962730,9984,309556,103,1,1,128,1,1,16,0.000,0.000,,,,,NVIDIA A100-SXM4-40GB MIG 4g.20gb (0),1,,13,cupy_copy__complex64_complex64
16174617091,22495,309566,1434,1,1,128,1,1,16,0.000,0.000,,,,,NVIDIA A100-SXM4-40GB MIG 4g.20gb (0),1,,13,cupy_copy__complex64_complex64
16174856128,284445,309571,1,1,1,32,32,1,30,0.000,0.000,,,,,NVIDIA A100-SXM4-40GB MIG 4g.20gb (0),1,,13,"void convert_kernel<__half2, float2>(tensor_layout_any, T1 *, tensor_layout_any, const T2 *)"
16175169628,5824,309574,,,,,,,,,,0.094,16087.884,Pinned,Device,NVIDIA A100-SXM4-40GB MIG 4g.20gb (0),1,,13,[CUDA memcpy Host-to-Device]
16175742262,616249,309575,,,,,,,,,,456.561,740542.656,Device,,NVIDIA A100-SXM4-40GB MIG 4g.20gb (0),1,,13,[CUDA memset]
16176366607,62207,309580,,,,,,,,,,1.235,19851.725,Pinned,Device,NVIDIA A100-SXM4-40GB MIG 4g.20gb (0),1,,13,[CUDA memcpy Host-to-Device]
16176435086,13248,309581,,,,,,,,,,0.197,14840.562,Pinned,Device,NVIDIA A100-SXM4-40GB MIG 4g.20gb (0),1,,13,[CUDA memcpy Host-to-Device]
16177060679,37696,309582,69,4,1,48,1,1,76,0.002,0.000,,,,,NVIDIA A100-SXM4-40GB MIG 4g.20gb (0),1,,13,"void ch_est::windowedChEstPreNoDftSOfdmKernel<float, __half, float, (unsigned int)2, (unsigned int)1, (unsigned short)4>(ch_est::puschRxChEstStatDescr_t *, ch_est::puschRxChEstDynDescr_t *)"
16177246693,26592,309583,137,2,1,24,2,1,44,0.001,0.001,,,,,NVIDIA A100-SXM4-40GB MIG 4g.20gb (0),1,,13,"void ch_est::chEstFilterNoDftSOfdmDispatchKernel<float, __half, float, (unsigned int)2>(ch_est::puschRxChEstStatDescr_t *, ch_est::puschRxChEstDynDescr_t *)"
16177352708,34303,309584,137,2,1,24,2,1,44,0.001,0.001,,,,,NVIDIA A100-SXM4-40GB MIG 4g.20gb (0),1,,13,"void ch_est::chEstFilterNoDftSOfdmDispatchKernel<float, __half, float, (unsigned int)2>(ch_est::puschRxChEstStatDescr_t *, ch_est::puschRxChEstDynDescr_t *)"
16177460099,7264,309595,103,1,1,128,1,1,16,0.000,0.000,,,,,NVIDIA A100-SXM4-40GB MIG 4g.20gb (0),1,,13,cupy_copy__complex64_complex64
16178075964,20575,309605,1434,1,1,128,1,1,16,0.000,0.000,,,,,NVIDIA A100-SXM4-40GB MIG 4g.20gb (0),1,,13,cupy_copy__complex64_complex64
16178242906,4128,309612,103,1,1,128,1,1,16,0.000,0.000,,,,,NVIDIA A100-SXM4-40GB MIG 4g.20gb (0),1,,13,cupy_copy__complex64_complex64
16178481527,312541,309619,1,1,1,32,32,1,30,0.000,0.000,,,,,NVIDIA A100-SXM4-40GB MIG 4g.20gb (0),1,,13,"void convert_kernel<__half2, float2>(tensor_layout_any, T1 *, tensor_layout_any, const T2 *)"
16178824819,5952,309622,,,,,,,,,,0.094,15741.865,Pinned,Device,NVIDIA A100-SXM4-40GB MIG 4g.20gb (0),1,,13,[CUDA memcpy Host-to-Device]
16178913714,587994,309623,,,,,,,,,,35.810,60876.864,Device,,NVIDIA A100-SXM4-40GB MIG 4g.20gb (0),1,,13,[CUDA memset]
16179539819,2272,309625,,,,,,,,,,0.000,35.211,Pinned,Device,NVIDIA A100-SXM4-40GB MIG 4g.20gb (0),1,,13,[CUDA memcpy Host-to-Device]
16179544523,13312,309626,,,,,,,,,,0.197,14769.193,Pinned,Device,NVIDIA A100-SXM4-40GB MIG 4g.20gb (0),1,,13,[CUDA memcpy Host-to-Device]
16179789096,31616,309627,273,1,1,48,1,1,40,0.000,0.001,,,,,NVIDIA A100-SXM4-40GB MIG 4g.20gb (0),1,,13,"void pusch_noise_intf_est::noiseIntfEstNoDftSOfdmKernel<float, __half, float, float, (unsigned int)2, (unsigned int)1, (unsigned char)4, (unsigned char)4>(pusch_noise_intf_est::puschRxNoiseIntfEstDynDescr)"
16180457537,11104,309638,35,1,1,128,1,1,16,0.000,0.000,,,,,NVIDIA A100-SXM4-40GB MIG 4g.20gb (0),1,,13,cupy_copy__complex64_complex64
16180706078,5216,309647,1,1,1,1,1,1,18,0.000,0.000,,,,,NVIDIA A100-SXM4-40GB MIG 4g.20gb (0),1,,13,cupy_copy__float32_float32
16180717854,5440,309653,,,,,,,,,,0.000,0.735,Device,Pageable,NVIDIA A100-SXM4-40GB MIG 4g.20gb (0),1,,7,[CUDA memcpy Device-to-Host]
16181032155,19999,309664,1434,1,1,128,1,1,16,0.000,0.000,,,,,NVIDIA A100-SXM4-40GB MIG 4g.20gb (0),1,,13,cupy_copy__complex64_complex64
16181278680,5984,309671,103,1,1,128,1,1,16,0.000,0.000,,,,,NVIDIA A100-SXM4-40GB MIG 4g.20gb (0),1,,13,cupy_copy__complex64_complex64
16181427158,4480,309678,35,1,1,128,1,1,16,0.000,0.000,,,,,NVIDIA A100-SXM4-40GB MIG 4g.20gb (0),1,,13,cupy_copy__complex64_complex64
16181647860,5184,309685,1,1,1,1,1,1,18,0.000,0.000,,,,,NVIDIA A100-SXM4-40GB MIG 4g.20gb (0),1,,13,cupy_copy__float32_float32
16182384171,293981,309696,1,1,1,32,32,1,30,0.000,0.000,,,,,NVIDIA A100-SXM4-40GB MIG 4g.20gb (0),1,,13,"void convert_kernel<__half2, float2>(tensor_layout_any, T1 *, tensor_layout_any, const T2 *)"
16182708840,5696,309699,,,,,,,,,,0.094,16449.363,Pinned,Device,NVIDIA A100-SXM4-40GB MIG 4g.20gb (0),1,,13,[CUDA memcpy Host-to-Device]
16183308641,11648,309700,,,,,,,,,,1.547,132779.217,Device,,NVIDIA A100-SXM4-40GB MIG 4g.20gb (0),1,,13,[CUDA memset]
16183321281,7168,309705,,,,,,,,,,0.031,4366.042,Pinned,Device,NVIDIA A100-SXM4-40GB MIG 4g.20gb (0),1,,13,[CUDA memcpy Host-to-Device]
16183333857,15487,309706,,,,,,,,,,0.197,12694.979,Pinned,Device,NVIDIA A100-SXM4-40GB MIG 4g.20gb (0),1,,13,[CUDA memcpy Host-to-Device]
16183461055,34656,309707,273,1,1,8,4,1,39,0.002,0.000,,,,,NVIDIA A100-SXM4-40GB MIG 4g.20gb (0),1,,13,"void channel_eq::eqMmseCoefCompLowMimoKernel<float, float, float, (unsigned int)4, (unsigned int)1, (unsigned int)4>(const channel_eq::_puschRxChEqStatDescr *, channel_eq::_puschRxChEqCoefCompDynDescr)"
16183562590,38304,309708,273,1,1,12,11,1,51,0.002,0.000,,,,,NVIDIA A100-SXM4-40GB MIG 4g.20gb (0),1,,13,"void channel_eq::eqMmseSoftDemapKernel<float, __half, __half, float, (unsigned int)4, (unsigned short)16383>(channel_eq::_puschRxChEqStatDescr *, channel_eq::_puschRxChEqSoftDemapDynDescr)"
16183679709,647160,309709,1,1,1,32,32,1,30,0.000,0.000,,,,,NVIDIA A100-SXM4-40GB MIG 4g.20gb (0),1,,13,"void convert_kernel<float2, __half2>(tensor_layout_any, T1 *, tensor_layout_any, const T2 *)"
16184421332,16480,309721,2253,1,1,128,1,1,16,0.000,0.000,,,,,NVIDIA A100-SXM4-40GB MIG 4g.20gb (0),1,,13,cupy_copy__float16_float16
16184601202,14016,309730,282,1,1,128,1,1,16,0.000,0.000,,,,,NVIDIA A100-SXM4-40GB MIG 4g.20gb (0),1,,13,cupy_copy__complex64_complex64
16184830576,4768,309739,26,1,1,128,1,1,16,0.000,0.000,,,,,NVIDIA A100-SXM4-40GB MIG 4g.20gb (0),1,,13,cupy_copy__float32_float32
16184973998,6720,309748,103,1,1,128,1,1,16,0.000,0.000,,,,,NVIDIA A100-SXM4-40GB MIG 4g.20gb (0),1,,13,cupy_copy__complex64_complex64
16185251819,24352,309764,1434,1,1,128,1,1,16,0.000,0.000,,,,,NVIDIA A100-SXM4-40GB MIG 4g.20gb (0),1,,13,cupy_copy__complex64_complex64
16185491464,293949,309769,1,1,1,32,32,1,30,0.000,0.000,,,,,NVIDIA A100-SXM4-40GB MIG 4g.20gb (0),1,,13,"void convert_kernel<__half2, float2>(tensor_layout_any, T1 *, tensor_layout_any, const T2 *)"
16185815717,5760,309772,,,,,,,,,,0.094,16266.656,Pinned,Device,NVIDIA A100-SXM4-40GB MIG 4g.20gb (0),1,,13,[CUDA memcpy Host-to-Device]
16186049442,606265,309773,,,,,,,,,,456.561,752869.815,Device,,NVIDIA A100-SXM4-40GB MIG 4g.20gb (0),1,,13,[CUDA memset]
16186657435,56960,309778,,,,,,,,,,1.235,21680.677,Pinned,Device,NVIDIA A100-SXM4-40GB MIG 4g.20gb (0),1,,13,[CUDA memcpy Host-to-Device]
16186717595,9952,309779,,,,,,,,,,0.197,19755.565,Pinned,Device,NVIDIA A100-SXM4-40GB MIG 4g.20gb (0),1,,13,[CUDA memcpy Host-to-Device]
16186930040,15872,309780,69,4,1,48,1,1,76,0.002,0.000,,,,,NVIDIA A100-SXM4-40GB MIG 4g.20gb (0),1,,13,"void ch_est::windowedChEstPreNoDftSOfdmKernel<float, __half, float, (unsigned int)2, (unsigned int)1, (unsigned short)4>(ch_est::puschRxChEstStatDescr_t *, ch_est::puschRxChEstDynDescr_t *)"
16187098454,27264,309781,137,2,1,24,2,1,44,0.001,0.001,,,,,NVIDIA A100-SXM4-40GB MIG 4g.20gb (0),1,,13,"void ch_est::chEstFilterNoDftSOfdmDispatchKernel<float, __half, float, (unsigned int)2>(ch_est::puschRxChEstStatDescr_t *, ch_est::puschRxChEstDynDescr_t *)"
16187342708,27263,309782,137,2,1,24,2,1,44,0.001,0.001,,,,,NVIDIA A100-SXM4-40GB MIG 4g.20gb (0),1,,13,"void ch_est::chEstFilterNoDftSOfdmDispatchKernel<float, __half, float, (unsigned int)2>(ch_est::puschRxChEstStatDescr_t *, ch_est::puschRxChEstDynDescr_t *)"
16187570353,4256,309793,103,1,1,128,1,1,16,0.000,0.000,,,,,NVIDIA A100-SXM4-40GB MIG 4g.20gb (0),1,,13,cupy_copy__complex64_complex64
16187802542,16480,309803,1434,1,1,128,1,1,16,0.000,0.000,,,,,NVIDIA A100-SXM4-40GB MIG 4g.20gb (0),1,,13,cupy_copy__complex64_complex64
16187969357,7999,309810,103,1,1,128,1,1,16,0.000,0.000,,,,,NVIDIA A100-SXM4-40GB MIG 4g.20gb (0),1,,13,cupy_copy__complex64_complex64
16188214762,244605,309817,1,1,1,32,32,1,30,0.000,0.000,,,,,NVIDIA A100-SXM4-40GB MIG 4g.20gb (0),1,,13,"void convert_kernel<__half2, float2>(tensor_layout_any, T1 *, tensor_layout_any, const T2 *)"
16188488391,5856,309820,,,,,,,,,,0.094,15999.997,Pinned,Device,NVIDIA A100-SXM4-40GB MIG 4g.20gb (0),1,,13,[CUDA memcpy Host-to-Device]
16188555654,63935,309821,,,,,,,,,,35.810,560067.149,Device,,NVIDIA A100-SXM4-40GB MIG 4g.20gb (0),1,,13,[CUDA memset]
16188620997,4992,309823,,,,,,,,,,0.000,16.026,Pinned,Device,NVIDIA A100-SXM4-40GB MIG 4g.20gb (0),1,,13,[CUDA memcpy Host-to-Device]
16188628645,12256,309824,,,,,,,,,,0.197,16041.640,Pinned,Device,NVIDIA A100-SXM4-40GB MIG 4g.20gb (0),1,,13,[CUDA memcpy Host-to-Device]
16188719748,24960,309825,273,1,1,48,1,1,40,0.000,0.001,,,,,NVIDIA A100-SXM4-40GB MIG 4g.20gb (0),1,,13,"void pusch_noise_intf_est::noiseIntfEstNoDftSOfdmKernel<float, __half, float, float, (unsigned int)2, (unsigned int)1, (unsigned char)4, (unsigned char)4>(pusch_noise_intf_est::puschRxNoiseIntfEstDynDescr)"
16188769188,9759,309836,35,1,1,128,1,1,16,0.000,0.000,,,,,NVIDIA A100-SXM4-40GB MIG 4g.20gb (0),1,,13,cupy_copy__complex64_complex64
16188826531,3872,309845,1,1,1,1,1,1,18,0.000,0.000,,,,,NVIDIA A100-SXM4-40GB MIG 4g.20gb (0),1,,13,cupy_copy__float32_float32
16188837475,1568,309851,,,,,,,,,,0.000,2.551,Device,Pageable,NVIDIA A100-SXM4-40GB MIG 4g.20gb (0),1,,7,[CUDA memcpy Device-to-Host]
16188934594,19872,309862,1434,1,1,128,1,1,16,0.000,0.000,,,,,NVIDIA A100-SXM4-40GB MIG 4g.20gb (0),1,,13,cupy_copy__complex64_complex64
16188996001,5600,309869,103,1,1,128,1,1,16,0.000,0.000,,,,,NVIDIA A100-SXM4-40GB MIG 4g.20gb (0),1,,13,cupy_copy__complex64_complex64
16189057728,10720,309876,35,1,1,128,1,1,16,0.000,0.000,,,,,NVIDIA A100-SXM4-40GB MIG 4g.20gb (0),1,,13,cupy_copy__complex64_complex64
16189108736,3968,309883,1,1,1,1,1,1,18,0.000,0.000,,,,,NVIDIA A100-SXM4-40GB MIG 4g.20gb (0),1,,13,cupy_copy__float32_float32
16189180031,247421,309894,1,1,1,32,32,1,30,0.000,0.000,,,,,NVIDIA A100-SXM4-40GB MIG 4g.20gb (0),1,,13,"void convert_kernel<__half2, float2>(tensor_layout_any, T1 *, tensor_layout_any, const T2 *)"
16189456604,5408,309897,,,,,,,,,,0.094,17325.421,Pinned,Device,NVIDIA A100-SXM4-40GB MIG 4g.20gb (0),1,,13,[CUDA memcpy Host-to-Device]
16189524123,14944,309898,,,,,,,,,,1.547,103493.892,Device,,NVIDIA A100-SXM4-40GB MIG 4g.20gb (0),1,,13,[CUDA memset]
16189547515,4640,309903,,,,,,,,,,0.031,6744.820,Pinned,Device,NVIDIA A100-SXM4-40GB MIG 4g.20gb (0),1,,13,[CUDA memcpy Host-to-Device]
16189558363,12416,309904,,,,,,,,,,0.197,15835.005,Pinned,Device,NVIDIA A100-SXM4-40GB MIG 4g.20gb (0),1,,13,[CUDA memcpy Host-to-Device]
16189707833,37152,309905,273,1,1,8,4,1,39,0.002,0.000,,,,,NVIDIA A100-SXM4-40GB MIG 4g.20gb (0),1,,13,"void channel_eq::eqMmseCoefCompLowMimoKernel<float, float, float, (unsigned int)4, (unsigned int)1, (unsigned int)4>(const channel_eq::_puschRxChEqStatDescr *, channel_eq::_puschRxChEqCoefCompDynDescr)"
16190031189,27776,309906,273,1,1,12,11,1,51,0.002,0.000,,,,,NVIDIA A100-SXM4-40GB MIG 4g.20gb (0),1,,13,"void channel_eq::eqMmseSoftDemapKernel<float, __half, __half, float, (unsigned int)4, (unsigned short)16383>(channel_eq::_puschRxChEqStatDescr *, channel_eq::_puschRxChEqSoftDemapDynDescr)"
16190317650,691832,309907,1,1,1,32,32,1,30,0.000,0.000,,,,,NVIDIA A100-SXM4-40GB MIG 4g.20gb (0),1,,13,"void convert_kernel<float2, __half2>(tensor_layout_any, T1 *, tensor_layout_any, const T2 *)"
16191190792,17216,309919,2253,1,1,128,1,1,16,0.000,0.000,,,,,NVIDIA A100-SXM4-40GB MIG 4g.20gb (0),1,,13,cupy_copy__float16_float16
16191404230,10176,309928,282,1,1,128,1,1,16,0.000,0.000,,,,,NVIDIA A100-SXM4-40GB MIG 4g.20gb (0),1,,13,cupy_copy__complex64_complex64
16191648483,10720,309937,26,1,1,128,1,1,16,0.000,0.000,,,,,NVIDIA A100-SXM4-40GB MIG 4g.20gb (0),1,,13,cupy_copy__float32_float32
16191859585,8640,309946,103,1,1,128,1,1,16,0.000,0.000,,,,,NVIDIA A100-SXM4-40GB MIG 4g.20gb (0),1,,13,cupy_copy__complex64_complex64
16191987583,25472,309956,1434,1,1,128,1,1,16,0.000,0.000,,,,,NVIDIA A100-SXM4-40GB MIG 4g.20gb (0),1,,13,cupy_copy__complex64_complex64
16192208989,306141,309961,1,1,1,32,32,1,30,0.000,0.000,,,,,NVIDIA A100-SXM4-40GB MIG 4g.20gb (0),1,,13,"void convert_kernel<__half2, float2>(tensor_layout_any, T1 *, tensor_layout_any, const T2 *)"
16192545561,6208,309964,,,,,,,,,,0.094,15092.739,Pinned,Device,NVIDIA A100-SXM4-40GB MIG 4g.20gb (0),1,,13,[CUDA memcpy Host-to-Device]
16192600249,606809,309965,,,,,,,,,,456.561,751956.692,Device,,NVIDIA A100-SXM4-40GB MIG 4g.20gb (0),1,,13,[CUDA memset]
16193215602,59711,309970,,,,,,,,,,1.235,20681.607,Pinned,Device,NVIDIA A100-SXM4-40GB MIG 4g.20gb (0),1,,13,[CUDA memcpy Host-to-Device]
16193277969,16096,309971,,,,,,,,,,0.197,12214.665,Pinned,Device,NVIDIA A100-SXM4-40GB MIG 4g.20gb (0),1,,13,[CUDA memcpy Host-to-Device]
16193383728,26015,309972,69,4,1,48,1,1,76,0.002,0.000,,,,,NVIDIA A100-SXM4-40GB MIG 4g.20gb (0),1,,13,"void ch_est::windowedChEstPreNoDftSOfdmKernel<float, __half, float, (unsigned int)2, (unsigned int)1, (unsigned short)4>(ch_est::puschRxChEstStatDescr_t *, ch_est::puschRxChEstDynDescr_t *)"
16193473359,13056,309973,137,2,1,24,2,1,44,0.001,0.001,,,,,NVIDIA A100-SXM4-40GB MIG 4g.20gb (0),1,,13,"void ch_est::chEstFilterNoDftSOfdmDispatchKernel<float, __half, float, (unsigned int)2>(ch_est::puschRxChEstStatDescr_t *, ch_est::puschRxChEstDynDescr_t *)"
16193548558,22336,309974,137,2,1,24,2,1,44,0.001,0.001,,,,,NVIDIA A100-SXM4-40GB MIG 4g.20gb (0),1,,13,"void ch_est::chEstFilterNoDftSOfdmDispatchKernel<float, __half, float, (unsigned int)2>(ch_est::puschRxChEstStatDescr_t *, ch_est::puschRxChEstDynDescr_t *)"
16193620269,6368,309985,103,1,1,128,1,1,16,0.000,0.000,,,,,NVIDIA A100-SXM4-40GB MIG 4g.20gb (0),1,,13,cupy_copy__complex64_complex64
16193728684,19168,309995,1434,1,1,128,1,1,16,0.000,0.000,,,,,NVIDIA A100-SXM4-40GB MIG 4g.20gb (0),1,,13,cupy_copy__complex64_complex64
16193798475,3936,310002,103,1,1,128,1,1,16,0.000,0.000,,,,,NVIDIA A100-SXM4-40GB MIG 4g.20gb (0),1,,13,cupy_copy__complex64_complex64
16193879626,286813,310009,1,1,1,32,32,1,30,0.000,0.000,,,,,NVIDIA A100-SXM4-40GB MIG 4g.20gb (0),1,,13,"void convert_kernel<__half2, float2>(tensor_layout_any, T1 *, tensor_layout_any, const T2 *)"
16194195687,5952,310012,,,,,,,,,,0.094,15741.865,Pinned,Device,NVIDIA A100-SXM4-40GB MIG 4g.20gb (0),1,,13,[CUDA memcpy Host-to-Device]
16194246598,53247,310013,,,,,,,,,,35.810,672510.298,Device,,NVIDIA A100-SXM4-40GB MIG 4g.20gb (0),1,,13,[CUDA memset]
16194304581,1856,310015,,,,,,,,,,0.000,43.103,Pinned,Device,NVIDIA A100-SXM4-40GB MIG 4g.20gb (0),1,,13,[CUDA memcpy Host-to-Device]
16194309189,11776,310016,,,,,,,,,,0.197,16695.558,Pinned,Device,NVIDIA A100-SXM4-40GB MIG 4g.20gb (0),1,,13,[CUDA memcpy Host-to-Device]
16194485763,16704,310017,273,1,1,48,1,1,40,0.000,0.001,,,,,NVIDIA A100-SXM4-40GB MIG 4g.20gb (0),1,,13,"void pusch_noise_intf_est::noiseIntfEstNoDftSOfdmKernel<float, __half, float, float, (unsigned int)2, (unsigned int)1, (unsigned char)4, (unsigned char)4>(pusch_noise_intf_est::puschRxNoiseIntfEstDynDescr)"
16194789536,5696,310028,35,1,1,128,1,1,16,0.000,0.000,,,,,NVIDIA A100-SXM4-40GB MIG 4g.20gb (0),1,,13,cupy_copy__complex64_complex64
16194915423,5407,310037,1,1,1,1,1,1,18,0.000,0.000,,,,,NVIDIA A100-SXM4-40GB MIG 4g.20gb (0),1,,13,cupy_copy__float32_float32
16194931710,1600,310043,,,,,,,,,,0.000,2.500,Device,Pageable,NVIDIA A100-SXM4-40GB MIG 4g.20gb (0),1,,7,[CUDA memcpy Device-to-Host]
16195214779,18656,310054,1434,1,1,128,1,1,16,0.000,0.000,,,,,NVIDIA A100-SXM4-40GB MIG 4g.20gb (0),1,,13,cupy_copy__complex64_complex64
16195524760,6464,310061,103,1,1,128,1,1,16,0.000,0.000,,,,,NVIDIA A100-SXM4-40GB MIG 4g.20gb (0),1,,13,cupy_copy__complex64_complex64
16195801909,11263,310068,35,1,1,128,1,1,16,0.000,0.000,,,,,NVIDIA A100-SXM4-40GB MIG 4g.20gb (0),1,,13,cupy_copy__complex64_complex64
16196052914,3680,310075,1,1,1,1,1,1,18,0.000,0.000,,,,,NVIDIA A100-SXM4-40GB MIG 4g.20gb (0),1,,13,cupy_copy__float32_float32
16196178256,286717,310086,1,1,1,32,32,1,30,0.000,0.000,,,,,NVIDIA A100-SXM4-40GB MIG 4g.20gb (0),1,,13,"void convert_kernel<__half2, float2>(tensor_layout_any, T1 *, tensor_layout_any, const T2 *)"
16196494861,5536,310089,,,,,,,,,,0.094,16924.777,Pinned,Device,NVIDIA A100-SXM4-40GB MIG 4g.20gb (0),1,,13,[CUDA memcpy Host-to-Device]
16196770090,8416,310090,,,,,,,,,,1.547,183771.410,Device,,NVIDIA A100-SXM4-40GB MIG 4g.20gb (0),1,,13,[CUDA memset]
16196780234,4192,310095,,,,,,,,,,0.031,7465.630,Pinned,Device,NVIDIA A100-SXM4-40GB MIG 4g.20gb (0),1,,13,[CUDA memcpy Host-to-Device]
16196786890,10143,310096,,,,,,,,,,0.197,19383.583,Pinned,Device,NVIDIA A100-SXM4-40GB MIG 4g.20gb (0),1,,13,[CUDA memcpy Host-to-Device]
16197010759,14240,310097,273,1,1,8,4,1,39,0.002,0.000,,,,,NVIDIA A100-SXM4-40GB MIG 4g.20gb (0),1,,13,"void channel_eq::eqMmseCoefCompLowMimoKernel<float, float, float, (unsigned int)4, (unsigned int)1, (unsigned int)4>(const channel_eq::_puschRxChEqStatDescr *, channel_eq::_puschRxChEqCoefCompDynDescr)"
16197844958,14623,310098,273,1,1,12,11,1,51,0.002,0.000,,,,,NVIDIA A100-SXM4-40GB MIG 4g.20gb (0),1,,13,"void channel_eq::eqMmseSoftDemapKernel<float, __half, __half, float, (unsigned int)4, (unsigned short)16383>(channel_eq::_puschRxChEqStatDescr *, channel_eq::_puschRxChEqSoftDemapDynDescr)"
16198150810,1226770,310099,1,1,1,32,32,1,30,0.000,0.000,,,,,NVIDIA A100-SXM4-40GB MIG 4g.20gb (0),1,,13,"void convert_kernel<float2, __half2>(tensor_layout_any, T1 *, tensor_layout_any, const T2 *)"
16199455084,17567,310111,2253,1,1,128,1,1,16,0.000,0.000,,,,,NVIDIA A100-SXM4-40GB MIG 4g.20gb (0),1,,13,cupy_copy__float16_float16
16199597930,7296,310120,282,1,1,128,1,1,16,0.000,0.000,,,,,NVIDIA A100-SXM4-40GB MIG 4g.20gb (0),1,,13,cupy_copy__complex64_complex64
16200393825,4000,310129,26,1,1,128,1,1,16,0.000,0.000,,,,,NVIDIA A100-SXM4-40GB MIG 4g.20gb (0),1,,13,cupy_copy__float32_float32
16200527744,10175,310138,103,1,1,128,1,1,16,0.000,0.000,,,,,NVIDIA A100-SXM4-40GB MIG 4g.20gb (0),1,,13,cupy_copy__complex64_complex64
16201271703,21312,310148,1434,1,1,128,1,1,16,0.000,0.000,,,,,NVIDIA A100-SXM4-40GB MIG 4g.20gb (0),1,,13,cupy_copy__complex64_complex64
16201514452,796983,310153,1,1,1,32,32,1,30,0.000,0.000,,,,,NVIDIA A100-SXM4-40GB MIG 4g.20gb (0),1,,13,"void convert_kernel<__half2, float2>(tensor_layout_any, T1 *, tensor_layout_any, const T2 *)"
16202341355,5472,310156,,,,,,,,,,0.094,17122.757,Pinned,Device,NVIDIA A100-SXM4-40GB MIG 4g.20gb (0),1,,13,[CUDA memcpy Host-to-Device]
16203086403,1106003,310157,,,,,,,,,,456.561,412731.542,Device,,NVIDIA A100-SXM4-40GB MIG 4g.20gb (0),1,,13,[CUDA memset]
16204198614,59840,310162,,,,,,,,,,1.235,20637.149,Pinned,Device,NVIDIA A100-SXM4-40GB MIG 4g.20gb (0),1,,13,[CUDA memcpy Host-to-Device]
16204267989,11264,310163,,,,,,,,,,0.197,17454.465,Pinned,Device,NVIDIA A100-SXM4-40GB MIG 4g.20gb (0),1,,13,[CUDA memcpy Host-to-Device]
16204559122,14400,310164,69,4,1,48,1,1,76,0.002,0.000,,,,,NVIDIA A100-SXM4-40GB MIG 4g.20gb (0),1,,13,"void ch_est::windowedChEstPreNoDftSOfdmKernel<float, __half, float, (unsigned int)2, (unsigned int)1, (unsigned short)4>(ch_est::puschRxChEstStatDescr_t *, ch_est::puschRxChEstDynDescr_t *)"
16205347817,12384,310165,137,2,1,24,2,1,44,0.001,0.001,,,,,NVIDIA A100-SXM4-40GB MIG 4g.20gb (0),1,,13,"void ch_est::chEstFilterNoDftSOfdmDispatchKernel<float, __half, float, (unsigned int)2>(ch_est::puschRxChEstStatDescr_t *, ch_est::puschRxChEstDynDescr_t *)"
16205592455,18367,310166,137,2,1,24,2,1,44,0.001,0.001,,,,,NVIDIA A100-SXM4-40GB MIG 4g.20gb (0),1,,13,"void ch_est::chEstFilterNoDftSOfdmDispatchKernel<float, __half, float, (unsigned int)2>(ch_est::puschRxChEstStatDescr_t *, ch_est::puschRxChEstDynDescr_t *)"
16205893379,5312,310177,103,1,1,128,1,1,16,0.000,0.000,,,,,NVIDIA A100-SXM4-40GB MIG 4g.20gb (0),1,,13,cupy_copy__complex64_complex64
16206508572,33344,310187,1434,1,1,128,1,1,16,0.000,0.000,,,,,NVIDIA A100-SXM4-40GB MIG 4g.20gb (0),1,,13,cupy_copy__complex64_complex64
16206773273,9312,310194,103,1,1,128,1,1,16,0.000,0.000,,,,,NVIDIA A100-SXM4-40GB MIG 4g.20gb (0),1,,13,cupy_copy__complex64_complex64
16206860792,787608,310201,1,1,1,32,32,1,30,0.000,0.000,,,,,NVIDIA A100-SXM4-40GB MIG 4g.20gb (0),1,,13,"void convert_kernel<__half2, float2>(tensor_layout_any, T1 *, tensor_layout_any, const T2 *)"
16207679951,6688,310204,,,,,,,,,,0.094,14009.520,Pinned,Device,NVIDIA A100-SXM4-40GB MIG 4g.20gb (0),1,,13,[CUDA memcpy Host-to-Device]
16207780526,60735,310205,,,,,,,,,,35.810,589574.523,Device,,NVIDIA A100-SXM4-40GB MIG 4g.20gb (0),1,,13,[CUDA memset]
16207847053,2944,310207,,,,,,,,,,0.000,27.174,Pinned,Device,NVIDIA A100-SXM4-40GB MIG 4g.20gb (0),1,,13,[CUDA memcpy Host-to-Device]
16207860397,11008,310208,,,,,,,,,,0.197,17860.461,Pinned,Device,NVIDIA A100-SXM4-40GB MIG 4g.20gb (0),1,,13,[CUDA memcpy Host-to-Device]
16207986060,18656,310209,273,1,1,48,1,1,40,0.000,0.001,,,,,NVIDIA A100-SXM4-40GB MIG 4g.20gb (0),1,,13,"void pusch_noise_intf_est::noiseIntfEstNoDftSOfdmKernel<float, __half, float, float, (unsigned int)2, (unsigned int)1, (unsigned char)4, (unsigned char)4>(pusch_noise_intf_est::puschRxNoiseIntfEstDynDescr)"
16208100746,10208,310220,35,1,1,128,1,1,16,0.000,0.000,,,,,NVIDIA A100-SXM4-40GB MIG 4g.20gb (0),1,,13,cupy_copy__complex64_complex64
16208186089,3296,310229,1,1,1,1,1,1,18,0.000,0.000,,,,,NVIDIA A100-SXM4-40GB MIG 4g.20gb (0),1,,13,cupy_copy__float32_float32
16208192457,1920,310235,,,,,,,,,,0.000,2.083,Device,Pageable,NVIDIA A100-SXM4-40GB MIG 4g.20gb (0),1,,7,[CUDA memcpy Device-to-Host]
16208268681,16063,310246,1434,1,1,128,1,1,16,0.000,0.000,,,,,NVIDIA A100-SXM4-40GB MIG 4g.20gb (0),1,,13,cupy_copy__complex64_complex64
16208739107,19072,310253,103,1,1,128,1,1,16,0.000,0.000,,,,,NVIDIA A100-SXM4-40GB MIG 4g.20gb (0),1,,13,cupy_copy__complex64_complex64
16208928545,4128,310260,35,1,1,128,1,1,16,0.000,0.000,,,,,NVIDIA A100-SXM4-40GB MIG 4g.20gb (0),1,,13,cupy_copy__complex64_complex64
16209179518,3744,310267,1,1,1,1,1,1,18,0.000,0.000,,,,,NVIDIA A100-SXM4-40GB MIG 4g.20gb (0),1,,13,cupy_copy__float32_float32
16209434523,278077,310278,1,1,1,32,32,1,30,0.000,0.000,,,,,NVIDIA A100-SXM4-40GB MIG 4g.20gb (0),1,,13,"void convert_kernel<__half2, float2>(tensor_layout_any, T1 *, tensor_layout_any, const T2 *)"
16209744920,8192,310281,,,,,,,,,,0.094,11437.471,Pinned,Device,NVIDIA A100-SXM4-40GB MIG 4g.20gb (0),1,,13,[CUDA memcpy Host-to-Device]
16210438064,10880,310282,,,,,,,,,,1.547,142151.758,Device,,NVIDIA A100-SXM4-40GB MIG 4g.20gb (0),1,,13,[CUDA memset]
16210451888,7168,310287,,,,,,,,,,0.031,4366.042,Pinned,Device,NVIDIA A100-SXM4-40GB MIG 4g.20gb (0),1,,13,[CUDA memcpy Host-to-Device]
16210462224,10816,310288,,,,,,,,,,0.197,18177.393,Pinned,Device,NVIDIA A100-SXM4-40GB MIG 4g.20gb (0),1,,13,[CUDA memcpy Host-to-Device]
16210755885,25023,310289,273,1,1,8,4,1,39,0.002,0.000,,,,,NVIDIA A100-SXM4-40GB MIG 4g.20gb (0),1,,13,"void channel_eq::eqMmseCoefCompLowMimoKernel<float, float, float, (unsigned int)4, (unsigned int)1, (unsigned int)4>(const channel_eq::_puschRxChEqStatDescr *, channel_eq::_puschRxChEqCoefCompDynDescr)"
16211484356,35904,310290,273,1,1,12,11,1,51,0.002,0.000,,,,,NVIDIA A100-SXM4-40GB MIG 4g.20gb (0),1,,13,"void channel_eq::eqMmseSoftDemapKernel<float, __half, __half, float, (unsigned int)4, (unsigned short)16383>(channel_eq::_puschRxChEqStatDescr *, channel_eq::_puschRxChEqSoftDemapDynDescr)"
16211738242,1731596,310291,1,1,1,32,32,1,30,0.000,0.000,,,,,NVIDIA A100-SXM4-40GB MIG 4g.20gb (0),1,,13,"void convert_kernel<float2, __half2>(tensor_layout_any, T1 *, tensor_layout_any, const T2 *)"
16213695820,14271,310303,2253,1,1,128,1,1,16,0.000,0.000,,,,,NVIDIA A100-SXM4-40GB MIG 4g.20gb (0),1,,13,cupy_copy__float16_float16
16214324037,13791,310312,282,1,1,128,1,1,16,0.000,0.000,,,,,NVIDIA A100-SXM4-40GB MIG 4g.20gb (0),1,,13,cupy_copy__complex64_complex64
16214608449,12352,310321,26,1,1,128,1,1,16,0.000,0.000,,,,,NVIDIA A100-SXM4-40GB MIG 4g.20gb (0),1,,13,cupy_copy__float32_float32
16215078460,43136,310330,103,1,1,128,1,1,16,0.000,0.000,,,,,NVIDIA A100-SXM4-40GB MIG 4g.20gb (0),1,,13,cupy_copy__complex64_complex64
16215150491,42112,310340,1434,1,1,128,1,1,16,0.000,0.000,,,,,NVIDIA A100-SXM4-40GB MIG 4g.20gb (0),1,,13,cupy_copy__complex64_complex64
16215269850,281341,310345,1,1,1,32,32,1,30,0.000,0.000,,,,,NVIDIA A100-SXM4-40GB MIG 4g.20gb (0),1,,13,"void convert_kernel<__half2, float2>(tensor_layout_any, T1 *, tensor_layout_any, const T2 *)"
16215580470,5888,310348,,,,,,,,,,0.094,15912.954,Pinned,Device,NVIDIA A100-SXM4-40GB MIG 4g.20gb (0),1,,13,[CUDA memcpy Host-to-Device]
16215629878,1105523,310349,,,,,,,,,,456.561,412731.542,Device,,NVIDIA A100-SXM4-40GB MIG 4g.20gb (0),1,,13,[CUDA memset]
16216736745,51040,310354,,,,,,,,,,1.235,24195.023,Pinned,Device,NVIDIA A100-SXM4-40GB MIG 4g.20gb (0),1,,13,[CUDA memcpy Host-to-Device]
16216791337,9312,310355,,,,,,,,,,0.197,21113.340,Pinned,Device,NVIDIA A100-SXM4-40GB MIG 4g.20gb (0),1,,13,[CUDA memcpy Host-to-Device]
16217428994,12000,310356,69,4,1,48,1,1,76,0.002,0.000,,,,,NVIDIA A100-SXM4-40GB MIG 4g.20gb (0),1,,13,"void ch_est::windowedChEstPreNoDftSOfdmKernel<float, __half, float, (unsigned int)2, (unsigned int)1, (unsigned short)4>(ch_est::puschRxChEstStatDescr_t *, ch_est::puschRxChEstDynDescr_t *)"
16218231993,21023,310357,137,2,1,24,2,1,44,0.001,0.001,,,,,NVIDIA A100-SXM4-40GB MIG 4g.20gb (0),1,,13,"void ch_est::chEstFilterNoDftSOfdmDispatchKernel<float, __half, float, (unsigned int)2>(ch_est::puschRxChEstStatDescr_t *, ch_est::puschRxChEstDynDescr_t *)"
16218380375,16416,310358,137,2,1,24,2,1,44,0.001,0.001,,,,,NVIDIA A100-SXM4-40GB MIG 4g.20gb (0),1,,13,"void ch_est::chEstFilterNoDftSOfdmDispatchKernel<float, __half, float, (unsigned int)2>(ch_est::puschRxChEstStatDescr_t *, ch_est::puschRxChEstDynDescr_t *)"
16219185710,8064,310369,103,1,1,128,1,1,16,0.000,0.000,,,,,NVIDIA A100-SXM4-40GB MIG 4g.20gb (0),1,,13,cupy_copy__complex64_complex64
16219487915,20095,310379,1434,1,1,128,1,1,16,0.000,0.000,,,,,NVIDIA A100-SXM4-40GB MIG 4g.20gb (0),1,,13,cupy_copy__complex64_complex64
16220291937,9344,310386,103,1,1,128,1,1,16,0.000,0.000,,,,,NVIDIA A100-SXM4-40GB MIG 4g.20gb (0),1,,13,cupy_copy__complex64_complex64
16221064473,287901,310393,1,1,1,32,32,1,30,0.000,0.000,,,,,NVIDIA A100-SXM4-40GB MIG 4g.20gb (0),1,,13,"void convert_kernel<__half2, float2>(tensor_layout_any, T1 *, tensor_layout_any, const T2 *)"
16221386101,6080,310396,,,,,,,,,,0.094,15410.462,Pinned,Device,NVIDIA A100-SXM4-40GB MIG 4g.20gb (0),1,,13,[CUDA memcpy Host-to-Device]
16222135085,62591,310397,,,,,,,,,,35.810,572099.282,Device,,NVIDIA A100-SXM4-40GB MIG 4g.20gb (0),1,,13,[CUDA memset]
16222341322,6528,310399,,,,,,,,,,0.000,12.255,Pinned,Device,NVIDIA A100-SXM4-40GB MIG 4g.20gb (0),1,,13,[CUDA memcpy Host-to-Device]
16222354538,12864,310400,,,,,,,,,,0.197,15283.519,Pinned,Device,NVIDIA A100-SXM4-40GB MIG 4g.20gb (0),1,,13,[CUDA memcpy Host-to-Device]
16223139041,17664,310401,273,1,1,48,1,1,40,0.000,0.001,,,,,NVIDIA A100-SXM4-40GB MIG 4g.20gb (0),1,,13,"void pusch_noise_intf_est::noiseIntfEstNoDftSOfdmKernel<float, __half, float, float, (unsigned int)2, (unsigned int)1, (unsigned char)4, (unsigned char)4>(pusch_noise_intf_est::puschRxNoiseIntfEstDynDescr)"
16223621916,6656,310412,35,1,1,128,1,1,16,0.000,0.000,,,,,NVIDIA A100-SXM4-40GB MIG 4g.20gb (0),1,,13,cupy_copy__complex64_complex64
16224395603,6336,310421,1,1,1,1,1,1,18,0.000,0.000,,,,,NVIDIA A100-SXM4-40GB MIG 4g.20gb (0),1,,13,cupy_copy__float32_float32
16224406483,1792,310427,,,,,,,,,,0.000,2.232,Device,Pageable,NVIDIA A100-SXM4-40GB MIG 4g.20gb (0),1,,7,[CUDA memcpy Device-to-Host]
16224544402,17792,310438,1434,1,1,128,1,1,16,0.000,0.000,,,,,NVIDIA A100-SXM4-40GB MIG 4g.20gb (0),1,,13,cupy_copy__complex64_complex64
16225151787,12288,310445,103,1,1,128,1,1,16,0.000,0.000,,,,,NVIDIA A100-SXM4-40GB MIG 4g.20gb (0),1,,13,cupy_copy__complex64_complex64
16225211082,4224,310452,35,1,1,128,1,1,16,0.000,0.000,,,,,NVIDIA A100-SXM4-40GB MIG 4g.20gb (0),1,,13,cupy_copy__complex64_complex64
16225313417,4064,310459,1,1,1,1,1,1,18,0.000,0.000,,,,,NVIDIA A100-SXM4-40GB MIG 4g.20gb (0),1,,13,cupy_copy__float32_float32
16225349385,767543,310470,1,1,1,32,32,1,30,0.000,0.000,,,,,NVIDIA A100-SXM4-40GB MIG 4g.20gb (0),1,,13,"void convert_kernel<__half2, float2>(tensor_layout_any, T1 *, tensor_layout_any, const T2 *)"
16226189343,9792,310473,,,,,,,,,,0.094,9568.610,Pinned,Device,NVIDIA A100-SXM4-40GB MIG 4g.20gb (0),1,,13,[CUDA memcpy Host-to-Device]
16226353373,9984,310474,,,,,,,,,,1.547,154909.860,Device,,NVIDIA A100-SXM4-40GB MIG 4g.20gb (0),1,,13,[CUDA memset]
16226371645,4576,310479,,,,,,,,,,0.031,6839.146,Pinned,Device,NVIDIA A100-SXM4-40GB MIG 4g.20gb (0),1,,13,[CUDA memcpy Host-to-Device]
16226378653,9952,310480,,,,,,,,,,0.197,19755.565,Pinned,Device,NVIDIA A100-SXM4-40GB MIG 4g.20gb (0),1,,13,[CUDA memcpy Host-to-Device]
16226693594,21151,310481,273,1,1,8,4,1,39,0.002,0.000,,,,,NVIDIA A100-SXM4-40GB MIG 4g.20gb (0),1,,13,"void channel_eq::eqMmseCoefCompLowMimoKernel<float, float, float, (unsigned int)4, (unsigned int)1, (unsigned int)4>(const channel_eq::_puschRxChEqStatDescr *, channel_eq::_puschRxChEqCoefCompDynDescr)"
16227513584,12928,310482,273,1,1,12,11,1,51,0.002,0.000,,,,,NVIDIA A100-SXM4-40GB MIG 4g.20gb (0),1,,13,"void channel_eq::eqMmseSoftDemapKernel<float, __half, __half, float, (unsigned int)4, (unsigned short)16383>(channel_eq::_puschRxChEqStatDescr *, channel_eq::_puschRxChEqSoftDemapDynDescr)"
16228317255,1185971,310483,1,1,1,32,32,1,30,0.000,0.000,,,,,NVIDIA A100-SXM4-40GB MIG 4g.20gb (0),1,,13,"void convert_kernel<float2, __half2>(tensor_layout_any, T1 *, tensor_layout_any, const T2 *)"
16230285233,20672,310495,2253,1,1,128,1,1,16,0.000,0.000,,,,,NVIDIA A100-SXM4-40GB MIG 4g.20gb (0),1,,13,cupy_copy__float16_float16
16231060073,10623,310504,282,1,1,128,1,1,16,0.000,0.000,,,,,NVIDIA A100-SXM4-40GB MIG 4g.20gb (0),1,,13,cupy_copy__complex64_complex64
16231195751,3648,310513,26,1,1,128,1,1,16,0.000,0.000,,,,,NVIDIA A100-SXM4-40GB MIG 4g.20gb (0),1,,13,cupy_copy__float32_float32
16231968894,8032,310522,103,1,1,128,1,1,16,0.000,0.000,,,,,NVIDIA A100-SXM4-40GB MIG 4g.20gb (0),1,,13,cupy_copy__complex64_complex64
16232336890,21536,310532,1434,1,1,128,1,1,16,0.000,0.000,,,,,NVIDIA A100-SXM4-40GB MIG 4g.20gb (0),1,,13,cupy_copy__complex64_complex64
16233117617,242942,310537,1,1,1,32,32,1,30,0.000,0.000,,,,,NVIDIA A100-SXM4-40GB MIG 4g.20gb (0),1,,13,"void convert_kernel<__half2, float2>(tensor_layout_any, T1 *, tensor_layout_any, const T2 *)"
16233394990,5536,310540,,,,,,,,,,0.094,16924.777,Pinned,Device,NVIDIA A100-SXM4-40GB MIG 4g.20gb (0),1,,13,[CUDA memcpy Host-to-Device]
16234047623,1124851,310541,,,,,,,,,,456.561,405883.120,Device,,NVIDIA A100-SXM4-40GB MIG 4g.20gb (0),1,,13,[CUDA memset]
16235173978,67072,310546,,,,,,,,,,1.235,18411.780,Pinned,Device,NVIDIA A100-SXM4-40GB MIG 4g.20gb (0),1,,13,[CUDA memcpy Host-to-Device]
16235243642,15391,310547,,,,,,,,,,0.197,12774.212,Pinned,Device,NVIDIA A100-SXM4-40GB MIG 4g.20gb (0),1,,13,[CUDA memcpy Host-to-Device]
16235374232,23744,310548,69,4,1,48,1,1,76,0.002,0.000,,,,,NVIDIA A100-SXM4-40GB MIG 4g.20gb (0),1,,13,"void ch_est::windowedChEstPreNoDftSOfdmKernel<float, __half, float, (unsigned int)2, (unsigned int)1, (unsigned short)4>(ch_est::puschRxChEstStatDescr_t *, ch_est::puschRxChEstDynDescr_t *)"
16235459319,13056,310549,137,2,1,24,2,1,44,0.001,0.001,,,,,NVIDIA A100-SXM4-40GB MIG 4g.20gb (0),1,,13,"void ch_est::chEstFilterNoDftSOfdmDispatchKernel<float, __half, float, (unsigned int)2>(ch_est::puschRxChEstStatDescr_t *, ch_est::puschRxChEstDynDescr_t *)"
16236007089,25856,310550,137,2,1,24,2,1,44,0.001,0.001,,,,,NVIDIA A100-SXM4-40GB MIG 4g.20gb (0),1,,13,"void ch_est::chEstFilterNoDftSOfdmDispatchKernel<float, __half, float, (unsigned int)2>(ch_est::puschRxChEstStatDescr_t *, ch_est::puschRxChEstDynDescr_t *)"
16236190319,9504,310561,103,1,1,128,1,1,16,0.000,0.000,,,,,NVIDIA A100-SXM4-40GB MIG 4g.20gb (0),1,,13,cupy_copy__complex64_complex64
16236943526,22528,310571,1434,1,1,128,1,1,16,0.000,0.000,,,,,NVIDIA A100-SXM4-40GB MIG 4g.20gb (0),1,,13,cupy_copy__complex64_complex64
16237084901,3904,310578,103,1,1,128,1,1,16,0.000,0.000,,,,,NVIDIA A100-SXM4-40GB MIG 4g.20gb (0),1,,13,cupy_copy__complex64_complex64
16237358882,270653,310585,1,1,1,32,32,1,30,0.000,0.000,,,,,NVIDIA A100-SXM4-40GB MIG 4g.20gb (0),1,,13,"void convert_kernel<__half2, float2>(tensor_layout_any, T1 *, tensor_layout_any, const T2 *)"
16237665086,8960,310588,,,,,,,,,,0.094,10457.129,Pinned,Device,NVIDIA A100-SXM4-40GB MIG 4g.20gb (0),1,,13,[CUDA memcpy Host-to-Device]
16237826077,54175,310589,,,,,,,,,,35.810,660979.503,Device,,NVIDIA A100-SXM4-40GB MIG 4g.20gb (0),1,,13,[CUDA memset]
16237887452,5440,310591,,,,,,,,,,0.000,14.706,Pinned,Device,NVIDIA A100-SXM4-40GB MIG 4g.20gb (0),1,,13,[CUDA memcpy Host-to-Device]
16237895868,9952,310592,,,,,,,,,,0.197,19755.565,Pinned,Device,NVIDIA A100-SXM4-40GB MIG 4g.20gb (0),1,,13,[CUDA memcpy Host-to-Device]
16238214968,20768,310593,273,1,1,48,1,1,40,0.000,0.001,,,,,NVIDIA A100-SXM4-40GB MIG 4g.20gb (0),1,,13,"void pusch_noise_intf_est::noiseIntfEstNoDftSOfdmKernel<float, __half, float, float, (unsigned int)2, (unsigned int)1, (unsigned char)4, (unsigned char)4>(pusch_noise_intf_est::puschRxNoiseIntfEstDynDescr)"
16238545204,7168,310604,35,1,1,128,1,1,16,0.000,0.000,,,,,NVIDIA A100-SXM4-40GB MIG 4g.20gb (0),1,,13,cupy_copy__complex64_complex64
16238859377,5024,310613,1,1,1,1,1,1,18,0.000,0.000,,,,,NVIDIA A100-SXM4-40GB MIG 4g.20gb (0),1,,13,cupy_copy__float32_float32
16238870609,4896,310619,,,,,,,,,,0.000,0.817,Device,Pageable,NVIDIA A100-SXM4-40GB MIG 4g.20gb (0),1,,7,[CUDA memcpy Device-to-Host]
16239203181,19712,310630,1434,1,1,128,1,1,16,0.000,0.000,,,,,NVIDIA A100-SXM4-40GB MIG 4g.20gb (0),1,,13,cupy_copy__complex64_complex64
16239540265,7680,310637,103,1,1,128,1,1,16,0.000,0.000,,,,,NVIDIA A100-SXM4-40GB MIG 4g.20gb (0),1,,13,cupy_copy__complex64_complex64
16239855270,13984,310644,35,1,1,128,1,1,16,0.000,0.000,,,,,NVIDIA A100-SXM4-40GB MIG 4g.20gb (0),1,,13,cupy_copy__complex64_complex64
16240123491,3456,310651,1,1,1,1,1,1,18,0.000,0.000,,,,,NVIDIA A100-SXM4-40GB MIG 4g.20gb (0),1,,13,cupy_copy__float32_float32
16240201282,285245,310662,1,1,1,32,32,1,30,0.000,0.000,,,,,NVIDIA A100-SXM4-40GB MIG 4g.20gb (0),1,,13,"void convert_kernel<__half2, float2>(tensor_layout_any, T1 *, tensor_layout_any, const T2 *)"
16240516510,5664,310665,,,,,,,,,,0.094,16542.310,Pinned,Device,NVIDIA A100-SXM4-40GB MIG 4g.20gb (0),1,,13,[CUDA memcpy Host-to-Device]
16240594621,8512,310666,,,,,,,,,,1.547,181698.934,Device,,NVIDIA A100-SXM4-40GB MIG 4g.20gb (0),1,,13,[CUDA memset]
16240608157,3136,310671,,,,,,,,,,0.031,9979.575,Pinned,Device,NVIDIA A100-SXM4-40GB MIG 4g.20gb (0),1,,13,[CUDA memcpy Host-to-Device]
16240614077,10112,310672,,,,,,,,,,0.197,19442.958,Pinned,Device,NVIDIA A100-SXM4-40GB MIG 4g.20gb (0),1,,13,[CUDA memcpy Host-to-Device]
16240669213,21343,310673,273,1,1,8,4,1,39,0.002,0.000,,,,,NVIDIA A100-SXM4-40GB MIG 4g.20gb (0),1,,13,"void channel_eq::eqMmseCoefCompLowMimoKernel<float, float, float, (unsigned int)4, (unsigned int)1, (unsigned int)4>(const channel_eq::_puschRxChEqStatDescr *, channel_eq::_puschRxChEqCoefCompDynDescr)"
16240826427,10848,310674,273,1,1,12,11,1,51,0.002,0.000,,,,,NVIDIA A100-SXM4-40GB MIG 4g.20gb (0),1,,13,"void channel_eq::eqMmseSoftDemapKernel<float, __half, __half, float, (unsigned int)4, (unsigned short)16383>(channel_eq::_puschRxChEqStatDescr *, channel_eq::_puschRxChEqSoftDemapDynDescr)"
16240949049,655705,310675,1,1,1,32,32,1,30,0.000,0.000,,,,,NVIDIA A100-SXM4-40GB MIG 4g.20gb (0),1,,13,"void convert_kernel<float2, __half2>(tensor_layout_any, T1 *, tensor_layout_any, const T2 *)"
16241689361,23360,310687,2253,1,1,128,1,1,16,0.000,0.000,,,,,NVIDIA A100-SXM4-40GB MIG 4g.20gb (0),1,,13,cupy_copy__float16_float16
16241836591,5856,310696,282,1,1,128,1,1,16,0.000,0.000,,,,,NVIDIA A100-SXM4-40GB MIG 4g.20gb (0),1,,13,cupy_copy__complex64_complex64
16242067277,5600,310705,26,1,1,128,1,1,16,0.000,0.000,,,,,NVIDIA A100-SXM4-40GB MIG 4g.20gb (0),1,,13,cupy_copy__float32_float32
16242308682,17248,310714,103,1,1,128,1,1,16,0.000,0.000,,,,,NVIDIA A100-SXM4-40GB MIG 4g.20gb (0),1,,13,cupy_copy__complex64_complex64
16242469480,20064,310724,1434,1,1,128,1,1,16,0.000,0.000,,,,,NVIDIA A100-SXM4-40GB MIG 4g.20gb (0),1,,13,cupy_copy__complex64_complex64
16242682278,266909,310729,1,1,1,32,32,1,30,0.000,0.000,,,,,NVIDIA A100-SXM4-40GB MIG 4g.20gb (0),1,,13,"void convert_kernel<__half2, float2>(tensor_layout_any, T1 *, tensor_layout_any, const T2 *)"
16242981507,11583,310732,,,,,,,,,,0.094,8089.057,Pinned,Device,NVIDIA A100-SXM4-40GB MIG 4g.20gb (0),1,,13,[CUDA memcpy Host-to-Device]
16243208288,619129,310733,,,,,,,,,,456.561,737346.726,Device,,NVIDIA A100-SXM4-40GB MIG 4g.20gb (0),1,,13,[CUDA memset]
16243831961,59327,310738,,,,,,,,,,1.235,20814.981,Pinned,Device,NVIDIA A100-SXM4-40GB MIG 4g.20gb (0),1,,13,[CUDA memcpy Host-to-Device]
16243893400,9216,310739,,,,,,,,,,0.197,21333.148,Pinned,Device,NVIDIA A100-SXM4-40GB MIG 4g.20gb (0),1,,13,[CUDA memcpy Host-to-Device]
16244587569,35295,310740,69,4,1,48,1,1,76,0.002,0.000,,,,,NVIDIA A100-SXM4-40GB MIG 4g.20gb (0),1,,13,"void ch_est::windowedChEstPreNoDftSOfdmKernel<float, __half, float, (unsigned int)2, (unsigned int)1, (unsigned short)4>(ch_est::puschRxChEstStatDescr_t *, ch_est::puschRxChEstDynDescr_t *)"
16244779566,18432,310741,137,2,1,24,2,1,44,0.001,0.001,,,,,NVIDIA A100-SXM4-40GB MIG 4g.20gb (0),1,,13,"void ch_est::chEstFilterNoDftSOfdmDispatchKernel<float, __half, float, (unsigned int)2>(ch_est::puschRxChEstStatDescr_t *, ch_est::puschRxChEstDynDescr_t *)"
16245449959,27520,310742,137,2,1,24,2,1,44,0.001,0.001,,,,,NVIDIA A100-SXM4-40GB MIG 4g.20gb (0),1,,13,"void ch_est::chEstFilterNoDftSOfdmDispatchKernel<float, __half, float, (unsigned int)2>(ch_est::puschRxChEstStatDescr_t *, ch_est::puschRxChEstDynDescr_t *)"
16246213438,11936,310753,103,1,1,128,1,1,16,0.000,0.000,,,,,NVIDIA A100-SXM4-40GB MIG 4g.20gb (0),1,,13,cupy_copy__complex64_complex64
16246425372,20128,310763,1434,1,1,128,1,1,16,0.000,0.000,,,,,NVIDIA A100-SXM4-40GB MIG 4g.20gb (0),1,,13,cupy_copy__complex64_complex64
16246626842,11040,310770,103,1,1,128,1,1,16,0.000,0.000,,,,,NVIDIA A100-SXM4-40GB MIG 4g.20gb (0),1,,13,cupy_copy__complex64_complex64
16247264402,291293,310777,1,1,1,32,32,1,30,0.000,0.000,,,,,NVIDIA A100-SXM4-40GB MIG 4g.20gb (0),1,,13,"void convert_kernel<__half2, float2>(tensor_layout_any, T1 *, tensor_layout_any, const T2 *)"
16247585999,5536,310780,,,,,,,,,,0.094,16924.777,Pinned,Device,NVIDIA A100-SXM4-40GB MIG 4g.20gb (0),1,,13,[CUDA memcpy Host-to-Device]
16248183304,56576,310781,,,,,,,,,,35.810,632940.336,Device,,NVIDIA A100-SXM4-40GB MIG 4g.20gb (0),1,,13,[CUDA memset]
16248242631,2112,310783,,,,,,,,,,0.000,37.879,Pinned,Device,NVIDIA A100-SXM4-40GB MIG 4g.20gb (0),1,,13,[CUDA memcpy Host-to-Device]
16248248167,14016,310784,,,,,,,,,,0.197,14027.391,Pinned,Device,NVIDIA A100-SXM4-40GB MIG 4g.20gb (0),1,,13,[CUDA memcpy Host-to-Device]
16248358982,34592,310785,273,1,1,48,1,1,40,0.000,0.001,,,,,NVIDIA A100-SXM4-40GB MIG 4g.20gb (0),1,,13,"void pusch_noise_intf_est::noiseIntfEstNoDftSOfdmKernel<float, __half, float, float, (unsigned int)2, (unsigned int)1, (unsigned char)4, (unsigned char)4>(pusch_noise_intf_est::puschRxNoiseIntfEstDynDescr)"
16248443269,6560,310796,35,1,1,128,1,1,16,0.000,0.000,,,,,NVIDIA A100-SXM4-40GB MIG 4g.20gb (0),1,,13,cupy_copy__complex64_complex64
16249052670,6144,310805,1,1,1,1,1,1,18,0.000,0.000,,,,,NVIDIA A100-SXM4-40GB MIG 4g.20gb (0),1,,13,cupy_copy__float32_float32
16249062526,1568,310811,,,,,,,,,,0.000,2.551,Device,Pageable,NVIDIA A100-SXM4-40GB MIG 4g.20gb (0),1,,7,[CUDA memcpy Device-to-Host]
16249197373,17952,310822,1434,1,1,128,1,1,16,0.000,0.000,,,,,NVIDIA A100-SXM4-40GB MIG 4g.20gb (0),1,,13,cupy_copy__complex64_complex64
16249314011,8928,310829,103,1,1,128,1,1,16,0.000,0.000,,,,,NVIDIA A100-SXM4-40GB MIG 4g.20gb (0),1,,13,cupy_copy__complex64_complex64
16249377851,7008,310836,35,1,1,128,1,1,16,0.000,0.000,,,,,NVIDIA A100-SXM4-40GB MIG 4g.20gb (0),1,,13,cupy_copy__complex64_complex64
16249987924,5472,310843,1,1,1,1,1,1,18,0.000,0.000,,,,,NVIDIA A100-SXM4-40GB MIG 4g.20gb (0),1,,13,cupy_copy__float32_float32
16250206993,756888,310854,1,1,1,32,32,1,30,0.000,0.000,,,,,NVIDIA A100-SXM4-40GB MIG 4g.20gb (0),1,,13,"void convert_kernel<__half2, float2>(tensor_layout_any, T1 *, tensor_layout_any, const T2 *)"
16251010088,10816,310857,,,,,,,,,,0.094,8662.664,Pinned,Device,NVIDIA A100-SXM4-40GB MIG 4g.20gb (0),1,,13,[CUDA memcpy Host-to-Device]
16251144327,4704,310858,,,,,,,,,,1.547,328789.063,Device,,NVIDIA A100-SXM4-40GB MIG 4g.20gb (0),1,,13,[CUDA memset]
16251150119,6752,310863,,,,,,,,,,0.031,4635.063,Pinned,Device,NVIDIA A100-SXM4-40GB MIG 4g.20gb (0),1,,13,[CUDA memcpy Host-to-Device]
16251160263,10976,310864,,,,,,,,,,0.197,17912.365,Pinned,Device,NVIDIA A100-SXM4-40GB MIG 4g.20gb (0),1,,13,[CUDA memcpy Host-to-Device]
16251917406,17184,310865,273,1,1,8,4,1,39,0.002,0.000,,,,,NVIDIA A100-SXM4-40GB MIG 4g.20gb (0),1,,13,"void channel_eq::eqMmseCoefCompLowMimoKernel<float, float, float, (unsigned int)4, (unsigned int)1, (unsigned int)4>(const channel_eq::_puschRxChEqStatDescr *, channel_eq::_puschRxChEqCoefCompDynDescr)"
16252197211,41728,310866,273,1,1,12,11,1,51,0.002,0.000,,,,,NVIDIA A100-SXM4-40GB MIG 4g.20gb (0),1,,13,"void channel_eq::eqMmseSoftDemapKernel<float, __half, __half, float, (unsigned int)4, (unsigned short)16383>(channel_eq::_puschRxChEqStatDescr *, channel_eq::_puschRxChEqSoftDemapDynDescr)"
16252423705,1748268,310867,1,1,1,32,32,1,30,0.000,0.000,,,,,NVIDIA A100-SXM4-40GB MIG 4g.20gb (0),1,,13,"void convert_kernel<float2, __half2>(tensor_layout_any, T1 *, tensor_layout_any, const T2 *)"
16254409250,18528,310879,2253,1,1,128,1,1,16,0.000,0.000,,,,,NVIDIA A100-SXM4-40GB MIG 4g.20gb (0),1,,13,cupy_copy__float16_float16
16255137306,13920,310888,282,1,1,128,1,1,16,0.000,0.000,,,,,NVIDIA A100-SXM4-40GB MIG 4g.20gb (0),1,,13,cupy_copy__complex64_complex64
16255338776,9440,310897,26,1,1,128,1,1,16,0.000,0.000,,,,,NVIDIA A100-SXM4-40GB MIG 4g.20gb (0),1,,13,cupy_copy__float32_float32
16255498806,4896,310906,103,1,1,128,1,1,16,0.000,0.000,,,,,NVIDIA A100-SXM4-40GB MIG 4g.20gb (0),1,,13,cupy_copy__complex64_complex64
16255635668,17280,310916,1434,1,1,128,1,1,16,0.000,0.000,,,,,NVIDIA A100-SXM4-40GB MIG 4g.20gb (0),1,,13,cupy_copy__complex64_complex64
16255713012,297948,310921,1,1,1,32,32,1,30,0.000,0.000,,,,,NVIDIA A100-SXM4-40GB MIG 4g.20gb (0),1,,13,"void convert_kernel<__half2, float2>(tensor_layout_any, T1 *, tensor_layout_any, const T2 *)"
16256041360,5344,310924,,,,,,,,,,0.094,17532.864,Pinned,Device,NVIDIA A100-SXM4-40GB MIG 4g.20gb (0),1,,13,[CUDA memcpy Host-to-Device]
16256658665,1115475,310925,,,,,,,,,,456.561,409079.050,Device,,NVIDIA A100-SXM4-40GB MIG 4g.20gb (0),1,,13,[CUDA memset]
16257783644,59072,310930,,,,,,,,,,1.235,20905.132,Pinned,Device,NVIDIA A100-SXM4-40GB MIG 4g.20gb (0),1,,13,[CUDA memcpy Host-to-Device]
16257849532,10143,310931,,,,,,,,,,0.197,19383.583,Pinned,Device,NVIDIA A100-SXM4-40GB MIG 4g.20gb (0),1,,13,[CUDA memcpy Host-to-Device]
16258029594,13279,310932,69,4,1,48,1,1,76,0.002,0.000,,,,,NVIDIA A100-SXM4-40GB MIG 4g.20gb (0),1,,13,"void ch_est::windowedChEstPreNoDftSOfdmKernel<float, __half, float, (unsigned int)2, (unsigned int)1, (unsigned short)4>(ch_est::puschRxChEstStatDescr_t *, ch_est::puschRxChEstDynDescr_t *)"
16258990351,12416,310933,137,2,1,24,2,1,44,0.001,0.001,,,,,NVIDIA A100-SXM4-40GB MIG 4g.20gb (0),1,,13,"void ch_est::chEstFilterNoDftSOfdmDispatchKernel<float, __half, float, (unsigned int)2>(ch_est::puschRxChEstStatDescr_t *, ch_est::puschRxChEstDynDescr_t *)"
16259541929,12287,310934,137,2,1,24,2,1,44,0.001,0.001,,,,,NVIDIA A100-SXM4-40GB MIG 4g.20gb (0),1,,13,"void ch_est::chEstFilterNoDftSOfdmDispatchKernel<float, __half, float, (unsigned int)2>(ch_est::puschRxChEstStatDescr_t *, ch_est::puschRxChEstDynDescr_t *)"
16259959556,9216,310945,103,1,1,128,1,1,16,0.000,0.000,,,,,NVIDIA A100-SXM4-40GB MIG 4g.20gb (0),1,,13,cupy_copy__complex64_complex64
16260033571,26464,310955,1434,1,1,128,1,1,16,0.000,0.000,,,,,NVIDIA A100-SXM4-40GB MIG 4g.20gb (0),1,,13,cupy_copy__complex64_complex64
16260619164,11392,310962,103,1,1,128,1,1,16,0.000,0.000,,,,,NVIDIA A100-SXM4-40GB MIG 4g.20gb (0),1,,13,cupy_copy__complex64_complex64
16261571794,220541,310969,1,1,1,32,32,1,30,0.000,0.000,,,,,NVIDIA A100-SXM4-40GB MIG 4g.20gb (0),1,,13,"void convert_kernel<__half2, float2>(tensor_layout_any, T1 *, tensor_layout_any, const T2 *)"
16261823823,5408,310972,,,,,,,,,,0.094,17325.421,Pinned,Device,NVIDIA A100-SXM4-40GB MIG 4g.20gb (0),1,,13,[CUDA memcpy Host-to-Device]
16262533863,55391,310973,,,,,,,,,,35.810,646476.486,Device,,NVIDIA A100-SXM4-40GB MIG 4g.20gb (0),1,,13,[CUDA memset]
16262596070,4768,310975,,,,,,,,,,0.000,16.778,Pinned,Device,NVIDIA A100-SXM4-40GB MIG 4g.20gb (0),1,,13,[CUDA memcpy Host-to-Device]
16262607750,10592,310976,,,,,,,,,,0.197,18561.761,Pinned,Device,NVIDIA A100-SXM4-40GB MIG 4g.20gb (0),1,,13,[CUDA memcpy Host-to-Device]
16263543772,19807,310977,273,1,1,48,1,1,40,0.000,0.001,,,,,NVIDIA A100-SXM4-40GB MIG 4g.20gb (0),1,,13,"void pusch_noise_intf_est::noiseIntfEstNoDftSOfdmKernel<float, __half, float, float, (unsigned int)2, (unsigned int)1, (unsigned char)4, (unsigned char)4>(pusch_noise_intf_est::puschRxNoiseIntfEstDynDescr)"
16264470097,10816,310988,35,1,1,128,1,1,16,0.000,0.000,,,,,NVIDIA A100-SXM4-40GB MIG 4g.20gb (0),1,,13,cupy_copy__complex64_complex64
16264979403,10624,310997,1,1,1,1,1,1,18,0.000,0.000,,,,,NVIDIA A100-SXM4-40GB MIG 4g.20gb (0),1,,13,cupy_copy__float32_float32
16264996299,3456,311003,,,,,,,,,,0.000,1.157,Device,Pageable,NVIDIA A100-SXM4-40GB MIG 4g.20gb (0),1,,7,[CUDA memcpy Device-to-Host]
16265953505,21535,311014,1434,1,1,128,1,1,16,0.000,0.000,,,,,NVIDIA A100-SXM4-40GB MIG 4g.20gb (0),1,,13,cupy_copy__complex64_complex64
16266915190,7744,311021,103,1,1,128,1,1,16,0.000,0.000,,,,,NVIDIA A100-SXM4-40GB MIG 4g.20gb (0),1,,13,cupy_copy__complex64_complex64
16267850027,10816,311028,35,1,1,128,1,1,16,0.000,0.000,,,,,NVIDIA A100-SXM4-40GB MIG 4g.20gb (0),1,,13,cupy_copy__complex64_complex64
16268752641,11488,311035,1,1,1,1,1,1,18,0.000,0.000,,,,,NVIDIA A100-SXM4-40GB MIG 4g.20gb (0),1,,13,cupy_copy__float32_float32
16268825248,740888,311046,1,1,1,32,32,1,30,0.000,0.000,,,,,NVIDIA A100-SXM4-40GB MIG 4g.20gb (0),1,,13,"void convert_kernel<__half2, float2>(tensor_layout_any, T1 *, tensor_layout_any, const T2 *)"
16269599256,5440,311049,,,,,,,,,,0.094,17223.480,Pinned,Device,NVIDIA A100-SXM4-40GB MIG 4g.20gb (0),1,,13,[CUDA memcpy Host-to-Device]
16269682871,11744,311050,,,,,,,,,,1.547,131693.487,Device,,NVIDIA A100-SXM4-40GB MIG 4g.20gb (0),1,,13,[CUDA memset]
16269702742,8736,311055,,,,,,,,,,0.031,3582.391,Pinned,Device,NVIDIA A100-SXM4-40GB MIG 4g.20gb (0),1,,13,[CUDA memcpy Host-to-Device]
16269717110,12384,311056,,,,,,,,,,0.197,15875.899,Pinned,Device,NVIDIA A100-SXM4-40GB MIG 4g.20gb (0),1,,13,[CUDA memcpy Host-to-Device]
16269828309,14144,311057,273,1,1,8,4,1,39,0.002,0.000,,,,,NVIDIA A100-SXM4-40GB MIG 4g.20gb (0),1,,13,"void channel_eq::eqMmseCoefCompLowMimoKernel<float, float, float, (unsigned int)4, (unsigned int)1, (unsigned int)4>(const channel_eq::_puschRxChEqStatDescr *, channel_eq::_puschRxChEqCoefCompDynDescr)"
16270002995,11040,311058,273,1,1,12,11,1,51,0.002,0.000,,,,,NVIDIA A100-SXM4-40GB MIG 4g.20gb (0),1,,13,"void channel_eq::eqMmseSoftDemapKernel<float, __half, __half, float, (unsigned int)4, (unsigned short)16383>(channel_eq::_puschRxChEqStatDescr *, channel_eq::_puschRxChEqSoftDemapDynDescr)"
16270127090,1139571,311059,1,1,1,32,32,1,30,0.000,0.000,,,,,NVIDIA A100-SXM4-40GB MIG 4g.20gb (0),1,,13,"void convert_kernel<float2, __half2>(tensor_layout_any, T1 *, tensor_layout_any, const T2 *)"
16271419779,15136,311071,2253,1,1,128,1,1,16,0.000,0.000,,,,,NVIDIA A100-SXM4-40GB MIG 4g.20gb (0),1,,13,cupy_copy__float16_float16
16272387608,8096,311080,282,1,1,128,1,1,16,0.000,0.000,,,,,NVIDIA A100-SXM4-40GB MIG 4g.20gb (0),1,,13,cupy_copy__complex64_complex64
16273353229,5024,311089,26,1,1,128,1,1,16,0.000,0.000,,,,,NVIDIA A100-SXM4-40GB MIG 4g.20gb (0),1,,13,cupy_copy__float32_float32
16273457516,4544,311098,103,1,1,128,1,1,16,0.000,0.000,,,,,NVIDIA A100-SXM4-40GB MIG 4g.20gb (0),1,,13,cupy_copy__complex64_complex64
16274438305,28608,311108,1434,1,1,128,1,1,16,0.000,0.000,,,,,NVIDIA A100-SXM4-40GB MIG 4g.20gb (0),1,,13,cupy_copy__complex64_complex64
16274521440,715192,311113,1,1,1,32,32,1,30,0.000,0.000,,,,,NVIDIA A100-SXM4-40GB MIG 4g.20gb (0),1,,13,"void convert_kernel<__half2, float2>(tensor_layout_any, T1 *, tensor_layout_any, const T2 *)"
16275267096,5792,311116,,,,,,,,,,0.094,16176.708,Pinned,Device,NVIDIA A100-SXM4-40GB MIG 4g.20gb (0),1,,13,[CUDA memcpy Host-to-Device]
16276039503,1115348,311117,,,,,,,,,,456.561,409079.050,Device,,NVIDIA A100-SXM4-40GB MIG 4g.20gb (0),1,,13,[CUDA memset]
16277163939,55615,311122,,,,,,,,,,1.235,22204.293,Pinned,Device,NVIDIA A100-SXM4-40GB MIG 4g.20gb (0),1,,13,[CUDA memcpy Host-to-Device]
16277222882,12896,311123,,,,,,,,,,0.197,15245.574,Pinned,Device,NVIDIA A100-SXM4-40GB MIG 4g.20gb (0),1,,13,[CUDA memcpy Host-to-Device]
16278101016,13920,311124,69,4,1,48,1,1,76,0.002,0.000,,,,,NVIDIA A100-SXM4-40GB MIG 4g.20gb (0),1,,13,"void ch_est::windowedChEstPreNoDftSOfdmKernel<float, __half, float, (unsigned int)2, (unsigned int)1, (unsigned short)4>(ch_est::puschRxChEstStatDescr_t *, ch_est::puschRxChEstDynDescr_t *)"
16279066093,12736,311125,137,2,1,24,2,1,44,0.001,0.001,,,,,NVIDIA A100-SXM4-40GB MIG 4g.20gb (0),1,,13,"void ch_est::chEstFilterNoDftSOfdmDispatchKernel<float, __half, float, (unsigned int)2>(ch_est::puschRxChEstStatDescr_t *, ch_est::puschRxChEstDynDescr_t *)"
16279612679,27680,311126,137,2,1,24,2,1,44,0.001,0.001,,,,,NVIDIA A100-SXM4-40GB MIG 4g.20gb (0),1,,13,"void ch_est::chEstFilterNoDftSOfdmDispatchKernel<float, __half, float, (unsigned int)2>(ch_est::puschRxChEstStatDescr_t *, ch_est::puschRxChEstDynDescr_t *)"
16280513213,15072,311137,103,1,1,128,1,1,16,0.000,0.000,,,,,NVIDIA A100-SXM4-40GB MIG 4g.20gb (0),1,,13,cupy_copy__complex64_complex64
16280588252,24928,311147,1434,1,1,128,1,1,16,0.000,0.000,,,,,NVIDIA A100-SXM4-40GB MIG 4g.20gb (0),1,,13,cupy_copy__complex64_complex64
16281007063,5056,311154,103,1,1,128,1,1,16,0.000,0.000,,,,,NVIDIA A100-SXM4-40GB MIG 4g.20gb (0),1,,13,cupy_copy__complex64_complex64
16281159638,208093,311161,1,1,1,32,32,1,30,0.000,0.000,,,,,NVIDIA A100-SXM4-40GB MIG 4g.20gb (0),1,,13,"void convert_kernel<__half2, float2>(tensor_layout_any, T1 *, tensor_layout_any, const T2 *)"
16281398451,5696,311164,,,,,,,,,,0.094,16449.363,Pinned,Device,NVIDIA A100-SXM4-40GB MIG 4g.20gb (0),1,,13,[CUDA memcpy Host-to-Device]
16281626608,58464,311165,,,,,,,,,,35.810,612492.872,Device,,NVIDIA A100-SXM4-40GB MIG 4g.20gb (0),1,,13,[CUDA memset]
16281689552,2912,311167,,,,,,,,,,0.000,27.472,Pinned,Device,NVIDIA A100-SXM4-40GB MIG 4g.20gb (0),1,,13,[CUDA memcpy Host-to-Device]
16281695792,10560,311168,,,,,,,,,,0.197,18617.991,Pinned,Device,NVIDIA A100-SXM4-40GB MIG 4g.20gb (0),1,,13,[CUDA memcpy Host-to-Device]
16282148843,29535,311169,273,1,1,48,1,1,40,0.000,0.001,,,,,NVIDIA A100-SXM4-40GB MIG 4g.20gb (0),1,,13,"void pusch_noise_intf_est::noiseIntfEstNoDftSOfdmKernel<float, __half, float, float, (unsigned int)2, (unsigned int)1, (unsigned char)4, (unsigned char)4>(pusch_noise_intf_est::puschRxNoiseIntfEstDynDescr)"
16282221738,3616,311180,35,1,1,128,1,1,16,0.000,0.000,,,,,NVIDIA A100-SXM4-40GB MIG 4g.20gb (0),1,,13,cupy_copy__complex64_complex64
16282814883,6912,311189,1,1,1,1,1,1,18,0.000,0.000,,,,,NVIDIA A100-SXM4-40GB MIG 4g.20gb (0),1,,13,cupy_copy__float32_float32
16282828067,1600,311195,,,,,,,,,,0.000,2.500,Device,Pageable,NVIDIA A100-SXM4-40GB MIG 4g.20gb (0),1,,7,[CUDA memcpy Device-to-Host]
16282943394,18463,311206,1434,1,1,128,1,1,16,0.000,0.000,,,,,NVIDIA A100-SXM4-40GB MIG 4g.20gb (0),1,,13,cupy_copy__complex64_complex64
16283020225,5792,311213,103,1,1,128,1,1,16,0.000,0.000,,,,,NVIDIA A100-SXM4-40GB MIG 4g.20gb (0),1,,13,cupy_copy__complex64_complex64
16283027009,3200,311220,35,1,1,128,1,1,16,0.000,0.000,,,,,NVIDIA A100-SXM4-40GB MIG 4g.20gb (0),1,,13,cupy_copy__complex64_complex64
16283112064,2912,311227,1,1,1,1,1,1,18,0.000,0.000,,,,,NVIDIA A100-SXM4-40GB MIG 4g.20gb (0),1,,13,cupy_copy__float32_float32
16283116096,659800,311238,1,1,1,32,32,1,30,0.000,0.000,,,,,NVIDIA A100-SXM4-40GB MIG 4g.20gb (0),1,,13,"void convert_kernel<__half2, float2>(tensor_layout_any, T1 *, tensor_layout_any, const T2 *)"
16283806584,5792,311241,,,,,,,,,,0.094,16176.708,Pinned,Device,NVIDIA A100-SXM4-40GB MIG 4g.20gb (0),1,,13,[CUDA memcpy Host-to-Device]
16283821624,3680,311242,,,,,,,,,,1.547,420278.059,Device,,NVIDIA A100-SXM4-40GB MIG 4g.20gb (0),1,,13,[CUDA memset]
16283871223,3008,311247,,,,,,,,,,0.031,10404.230,Pinned,Device,NVIDIA A100-SXM4-40GB MIG 4g.20gb (0),1,,13,[CUDA memcpy Host-to-Device]
16283877111,9728,311248,,,,,,,,,,0.197,20210.516,Pinned,Device,NVIDIA A100-SXM4-40GB MIG 4g.20gb (0),1,,13,[CUDA memcpy Host-to-Device]
16283894039,10848,311249,273,1,1,8,4,1,39,0.002,0.000,,,,,NVIDIA A100-SXM4-40GB MIG 4g.20gb (0),1,,13,"void channel_eq::eqMmseCoefCompLowMimoKernel<float, float, float, (unsigned int)4, (unsigned int)1, (unsigned int)4>(const channel_eq::_puschRxChEqStatDescr *, channel_eq::_puschRxChEqCoefCompDynDescr)"
16283910711,6816,311250,273,1,1,12,11,1,51,0.002,0.000,,,,,NVIDIA A100-SXM4-40GB MIG 4g.20gb (0),1,,13,"void channel_eq::eqMmseSoftDemapKernel<float, __half, __half, float, (unsigned int)4, (unsigned short)16383>(channel_eq::_puschRxChEqStatDescr *, channel_eq::_puschRxChEqSoftDemapDynDescr)"
16283921879,999348,311251,1,1,1,32,32,1,30,0.000,0.000,,,,,NVIDIA A100-SXM4-40GB MIG 4g.20gb (0),1,,13,"void convert_kernel<float2, __half2>(tensor_layout_any, T1 *, tensor_layout_any, const T2 *)"
16284983467,14688,311263,2253,1,1,128,1,1,16,0.000,0.000,,,,,NVIDIA A100-SXM4-40GB MIG 4g.20gb (0),1,,13,cupy_copy__float16_float16
16285005131,5759,311272,282,1,1,128,1,1,16,0.000,0.000,,,,,NVIDIA A100-SXM4-40GB MIG 4g.20gb (0),1,,13,cupy_copy__complex64_complex64
16285012618,2624,311281,26,1,1,128,1,1,16,0.000,0.000,,,,,NVIDIA A100-SXM4-40GB MIG 4g.20gb (0),1,,13,cupy_copy__float32_float32
16285022058,5056,311290,103,1,1,128,1,1,16,0.000,0.000,,,,,NVIDIA A100-SXM4-40GB MIG 4g.20gb (0),1,,13,cupy_copy__complex64_complex64
16285037834,14560,311300,1434,1,1,128,1,1,16,0.000,0.000,,,,,NVIDIA A100-SXM4-40GB MIG 4g.20gb (0),1,,13,cupy_copy__complex64_complex64
16285061898,641081,311305,1,1,1,32,32,1,30,0.000,0.000,,,,,NVIDIA A100-SXM4-40GB MIG 4g.20gb (0),1,,13,"void convert_kernel<__half2, float2>(tensor_layout_any, T1 *, tensor_layout_any, const T2 *)"
16285746146,5856,311308,,,,,,,,,,0.094,15999.997,Pinned,Device,NVIDIA A100-SXM4-40GB MIG 4g.20gb (0),1,,13,[CUDA memcpy Host-to-Device]
16286664440,1169203,311309,,,,,,,,,,456.561,390360.031,Device,,NVIDIA A100-SXM4-40GB MIG 4g.20gb (0),1,,13,[CUDA memset]
16287837835,49471,311314,,,,,,,,,,1.235,24961.923,Pinned,Device,NVIDIA A100-SXM4-40GB MIG 4g.20gb (0),1,,13,[CUDA memcpy Host-to-Device]
16287889482,9248,311315,,,,,,,,,,0.197,21259.420,Pinned,Device,NVIDIA A100-SXM4-40GB MIG 4g.20gb (0),1,,13,[CUDA memcpy Host-to-Device]
16288437188,29408,311316,69,4,1,48,1,1,76,0.002,0.000,,,,,NVIDIA A100-SXM4-40GB MIG 4g.20gb (0),1,,13,"void ch_est::windowedChEstPreNoDftSOfdmKernel<float, __half, float, (unsigned int)2, (unsigned int)1, (unsigned short)4>(ch_est::puschRxChEstStatDescr_t *, ch_est::puschRxChEstDynDescr_t *)"
16288514595,26624,311317,137,2,1,24,2,1,44,0.001,0.001,,,,,NVIDIA A100-SXM4-40GB MIG 4g.20gb (0),1,,13,"void ch_est::chEstFilterNoDftSOfdmDispatchKernel<float, __half, float, (unsigned int)2>(ch_est::puschRxChEstStatDescr_t *, ch_est::puschRxChEstDynDescr_t *)"
16288556035,25855,311318,137,2,1,24,2,1,44,0.001,0.001,,,,,NVIDIA A100-SXM4-40GB MIG 4g.20gb (0),1,,13,"void ch_est::chEstFilterNoDftSOfdmDispatchKernel<float, __half, float, (unsigned int)2>(ch_est::puschRxChEstStatDescr_t *, ch_est::puschRxChEstDynDescr_t *)"
16288612802,7360,311329,103,1,1,128,1,1,16,0.000,0.000,,,,,NVIDIA A100-SXM4-40GB MIG 4g.20gb (0),1,,13,cupy_copy__complex64_complex64
16288649090,18687,311339,1434,1,1,128,1,1,16,0.000,0.000,,,,,NVIDIA A100-SXM4-40GB MIG 4g.20gb (0),1,,13,cupy_copy__complex64_complex64
16288709921,9408,311346,103,1,1,128,1,1,16,0.000,0.000,,,,,NVIDIA A100-SXM4-40GB MIG 4g.20gb (0),1,,13,cupy_copy__complex64_complex64
16288751040,266205,311353,1,1,1,32,32,1,30,0.000,0.000,,,,,NVIDIA A100-SXM4-40GB MIG 4g.20gb (0),1,,13,"void convert_kernel<__half2, float2>(tensor_layout_any, T1 *, tensor_layout_any, const T2 *)"
16289047869,5952,311356,,,,,,,,,,0.094,15741.865,Pinned,Device,NVIDIA A100-SXM4-40GB MIG 4g.20gb (0),1,,13,[CUDA memcpy Host-to-Device]
16289110044,62592,311357,,,,,,,,,,35.810,572099.282,Device,,NVIDIA A100-SXM4-40GB MIG 4g.20gb (0),1,,13,[CUDA memset]
16289175228,2208,311359,,,,,,,,,,0.000,36.232,Pinned,Device,NVIDIA A100-SXM4-40GB MIG 4g.20gb (0),1,,13,[CUDA memcpy Host-to-Device]
16289180764,12479,311360,,,,,,,,,,0.197,15754.985,Pinned,Device,NVIDIA A100-SXM4-40GB MIG 4g.20gb (0),1,,13,[CUDA memcpy Host-to-Device]
16289253915,31743,311361,273,1,1,48,1,1,40,0.000,0.001,,,,,NVIDIA A100-SXM4-40GB MIG 4g.20gb (0),1,,13,"void pusch_noise_intf_est::noiseIntfEstNoDftSOfdmKernel<float, __half, float, float, (unsigned int)2, (unsigned int)1, (unsigned char)4, (unsigned char)4>(pusch_noise_intf_est::puschRxNoiseIntfEstDynDescr)"
16289311706,12704,311372,35,1,1,128,1,1,16,0.000,0.000,,,,,NVIDIA A100-SXM4-40GB MIG 4g.20gb (0),1,,13,cupy_copy__complex64_complex64
16289358234,6336,311381,1,1,1,1,1,1,18,0.000,0.000,,,,,NVIDIA A100-SXM4-40GB MIG 4g.20gb (0),1,,13,cupy_copy__float32_float32
16289371033,1664,311387,,,,,,,,,,0.000,2.404,Device,Pageable,NVIDIA A100-SXM4-40GB MIG 4g.20gb (0),1,,7,[CUDA memcpy Device-to-Host]
16289480920,20512,311398,1434,1,1,128,1,1,16,0.000,0.000,,,,,NVIDIA A100-SXM4-40GB MIG 4g.20gb (0),1,,13,cupy_copy__complex64_complex64
16289544408,10559,311405,103,1,1,128,1,1,16,0.000,0.000,,,,,NVIDIA A100-SXM4-40GB MIG 4g.20gb (0),1,,13,cupy_copy__complex64_complex64
16289581655,9056,311412,35,1,1,128,1,1,16,0.000,0.000,,,,,NVIDIA A100-SXM4-40GB MIG 4g.20gb (0),1,,13,cupy_copy__complex64_complex64
16289653878,6176,311419,1,1,1,1,1,1,18,0.000,0.000,,,,,NVIDIA A100-SXM4-40GB MIG 4g.20gb (0),1,,13,cupy_copy__float32_float32
16289756757,795735,311430,1,1,1,32,32,1,30,0.000,0.000,,,,,NVIDIA A100-SXM4-40GB MIG 4g.20gb (0),1,,13,"void convert_kernel<__half2, float2>(tensor_layout_any, T1 *, tensor_layout_any, const T2 *)"
16290582348,12352,311433,,,,,,,,,,0.094,7585.441,Pinned,Device,NVIDIA A100-SXM4-40GB MIG 4g.20gb (0),1,,13,[CUDA memcpy Host-to-Device]
16291468322,5792,311434,,,,,,,,,,1.547,267026.180,Device,,NVIDIA A100-SXM4-40GB MIG 4g.20gb (0),1,,13,[CUDA memset]
16291479234,6720,311439,,,,,,,,,,0.031,4657.126,Pinned,Device,NVIDIA A100-SXM4-40GB MIG 4g.20gb (0),1,,13,[CUDA memcpy Host-to-Device]
16291489410,14048,311440,,,,,,,,,,0.197,13995.344,Pinned,Device,NVIDIA A100-SXM4-40GB MIG 4g.20gb (0),1,,13,[CUDA memcpy Host-to-Device]
16292521974,20160,311441,273,1,1,8,4,1,39,0.002,0.000,,,,,NVIDIA A100-SXM4-40GB MIG 4g.20gb (0),1,,13,"void channel_eq::eqMmseCoefCompLowMimoKernel<float, float, float, (unsigned int)4, (unsigned int)1, (unsigned int)4>(const channel_eq::_puschRxChEqStatDescr *, channel_eq::_puschRxChEqCoefCompDynDescr)"
16293140687,30560,311442,273,1,1,12,11,1,51,0.002,0.000,,,,,NVIDIA A100-SXM4-40GB MIG 4g.20gb (0),1,,13,"void channel_eq::eqMmseSoftDemapKernel<float, __half, __half, float, (unsigned int)4, (unsigned short)16383>(channel_eq::_puschRxChEqStatDescr *, channel_eq::_puschRxChEqSoftDemapDynDescr)"
16293205358,1787852,311443,1,1,1,32,32,1,30,0.000,0.000,,,,,NVIDIA A100-SXM4-40GB MIG 4g.20gb (0),1,,13,"void convert_kernel<float2, __half2>(tensor_layout_any, T1 *, tensor_layout_any, const T2 *)"
16295044634,15840,311455,2253,1,1,128,1,1,16,0.000,0.000,,,,,NVIDIA A100-SXM4-40GB MIG 4g.20gb (0),1,,13,cupy_copy__float16_float16
16295213656,8288,311464,282,1,1,128,1,1,16,0.000,0.000,,,,,NVIDIA A100-SXM4-40GB MIG 4g.20gb (0),1,,13,cupy_copy__complex64_complex64
16295467765,8128,311473,26,1,1,128,1,1,16,0.000,0.000,,,,,NVIDIA A100-SXM4-40GB MIG 4g.20gb (0),1,,13,cupy_copy__float32_float32
16295737522,14688,311482,103,1,1,128,1,1,16,0.000,0.000,,,,,NVIDIA A100-SXM4-40GB MIG 4g.20gb (0),1,,13,cupy_copy__complex64_complex64
16295798865,20544,311492,1434,1,1,128,1,1,16,0.000,0.000,,,,,NVIDIA A100-SXM4-40GB MIG 4g.20gb (0),1,,13,cupy_copy__complex64_complex64
16296061998,287165,311497,1,1,1,32,32,1,30,0.000,0.000,,,,,NVIDIA A100-SXM4-40GB MIG 4g.20gb (0),1,,13,"void convert_kernel<__half2, float2>(tensor_layout_any, T1 *, tensor_layout_any, const T2 *)"
16296380619,11776,311500,,,,,,,,,,0.094,7956.477,Pinned,Device,NVIDIA A100-SXM4-40GB MIG 4g.20gb (0),1,,13,[CUDA memcpy Host-to-Device]
16296636520,1107251,311501,,,,,,,,,,456.561,412274.980,Device,,NVIDIA A100-SXM4-40GB MIG 4g.20gb (0),1,,13,[CUDA memset]
16297748475,54432,311506,,,,,,,,,,1.235,22687.156,Pinned,Device,NVIDIA A100-SXM4-40GB MIG 4g.20gb (0),1,,13,[CUDA memcpy Host-to-Device]
16297806907,9760,311507,,,,,,,,,,0.197,20144.259,Pinned,Device,NVIDIA A100-SXM4-40GB MIG 4g.20gb (0),1,,13,[CUDA memcpy Host-to-Device]
16298525907,21119,311508,69,4,1,48,1,1,76,0.002,0.000,,,,,NVIDIA A100-SXM4-40GB MIG 4g.20gb (0),1,,13,"void ch_est::windowedChEstPreNoDftSOfdmKernel<float, __half, float, (unsigned int)2, (unsigned int)1, (unsigned short)4>(ch_est::puschRxChEstStatDescr_t *, ch_est::puschRxChEstDynDescr_t *)"
16298651889,24608,311509,137,2,1,24,2,1,44,0.001,0.001,,,,,NVIDIA A100-SXM4-40GB MIG 4g.20gb (0),1,,13,"void ch_est::chEstFilterNoDftSOfdmDispatchKernel<float, __half, float, (unsigned int)2>(ch_est::puschRxChEstStatDescr_t *, ch_est::puschRxChEstDynDescr_t *)"
16298888463,15583,311510,137,2,1,24,2,1,44,0.001,0.001,,,,,NVIDIA A100-SXM4-40GB MIG 4g.20gb (0),1,,13,"void ch_est::chEstFilterNoDftSOfdmDispatchKernel<float, __half, float, (unsigned int)2>(ch_est::puschRxChEstStatDescr_t *, ch_est::puschRxChEstDynDescr_t *)"
16299443464,14304,311521,103,1,1,128,1,1,16,0.000,0.000,,,,,NVIDIA A100-SXM4-40GB MIG 4g.20gb (0),1,,13,cupy_copy__complex64_complex64
16299671814,19072,311531,1434,1,1,128,1,1,16,0.000,0.000,,,,,NVIDIA A100-SXM4-40GB MIG 4g.20gb (0),1,,13,cupy_copy__complex64_complex64
16299934179,4992,311538,103,1,1,128,1,1,16,0.000,0.000,,,,,NVIDIA A100-SXM4-40GB MIG 4g.20gb (0),1,,13,cupy_copy__complex64_complex64
16300043618,278172,311545,1,1,1,32,32,1,30,0.000,0.000,,,,,NVIDIA A100-SXM4-40GB MIG 4g.20gb (0),1,,13,"void convert_kernel<__half2, float2>(tensor_layout_any, T1 *, tensor_layout_any, const T2 *)"
16300352062,5440,311548,,,,,,,,,,0.094,17223.480,Pinned,Device,NVIDIA A100-SXM4-40GB MIG 4g.20gb (0),1,,13,[CUDA memcpy Host-to-Device]
16300433405,51296,311549,,,,,,,,,,35.810,698078.580,Device,,NVIDIA A100-SXM4-40GB MIG 4g.20gb (0),1,,13,[CUDA memset]
16300488509,3360,311551,,,,,,,,,,0.000,23.810,Pinned,Device,NVIDIA A100-SXM4-40GB MIG 4g.20gb (0),1,,13,[CUDA memcpy Host-to-Device]
16300494749,9759,311552,,,,,,,,,,0.197,20146.225,Pinned,Device,NVIDIA A100-SXM4-40GB MIG 4g.20gb (0),1,,13,[CUDA memcpy Host-to-Device]
16300583324,25663,311553,273,1,1,48,1,1,40,0.000,0.001,,,,,NVIDIA A100-SXM4-40GB MIG 4g.20gb (0),1,,13,"void pusch_noise_intf_est::noiseIntfEstNoDftSOfdmKernel<float, __half, float, float, (unsigned int)2, (unsigned int)1, (unsigned char)4, (unsigned char)4>(pusch_noise_intf_est::puschRxNoiseIntfEstDynDescr)"
16300687386,9600,311564,35,1,1,128,1,1,16,0.000,0.000,,,,,NVIDIA A100-SXM4-40GB MIG 4g.20gb (0),1,,13,cupy_copy__complex64_complex64
16300806841,4864,311573,1,1,1,1,1,1,18,0.000,0.000,,,,,NVIDIA A100-SXM4-40GB MIG 4g.20gb (0),1,,13,cupy_copy__float32_float32
16300816697,5536,311579,,,,,,,,,,0.000,0.723,Device,Pageable,NVIDIA A100-SXM4-40GB MIG 4g.20gb (0),1,,7,[CUDA memcpy Device-to-Host]
16300951511,19936,311590,1434,1,1,128,1,1,16,0.000,0.000,,,,,NVIDIA A100-SXM4-40GB MIG 4g.20gb (0),1,,13,cupy_copy__complex64_complex64
16301065046,9696,311597,103,1,1,128,1,1,16,0.000,0.000,,,,,NVIDIA A100-SXM4-40GB MIG 4g.20gb (0),1,,13,cupy_copy__complex64_complex64
16301147893,9216,311604,35,1,1,128,1,1,16,0.000,0.000,,,,,NVIDIA A100-SXM4-40GB MIG 4g.20gb (0),1,,13,cupy_copy__complex64_complex64
16301215604,7008,311611,1,1,1,1,1,1,18,0.000,0.000,,,,,NVIDIA A100-SXM4-40GB MIG 4g.20gb (0),1,,13,cupy_copy__float32_float32
16301267380,314620,311622,1,1,1,32,32,1,30,0.000,0.000,,,,,NVIDIA A100-SXM4-40GB MIG 4g.20gb (0),1,,13,"void convert_kernel<__half2, float2>(tensor_layout_any, T1 *, tensor_layout_any, const T2 *)"
16301613168,6272,311625,,,,,,,,,,0.094,14938.703,Pinned,Device,NVIDIA A100-SXM4-40GB MIG 4g.20gb (0),1,,13,[CUDA memcpy Host-to-Device]
16301729327,5440,311626,,,,,,,,,,1.547,284305.064,Device,,NVIDIA A100-SXM4-40GB MIG 4g.20gb (0),1,,13,[CUDA memset]
16301741903,3519,311631,,,,,,,,,,0.031,8893.416,Pinned,Device,NVIDIA A100-SXM4-40GB MIG 4g.20gb (0),1,,13,[CUDA memcpy Host-to-Device]
16301750350,10080,311632,,,,,,,,,,0.197,19504.693,Pinned,Device,NVIDIA A100-SXM4-40GB MIG 4g.20gb (0),1,,13,[CUDA memcpy Host-to-Device]
16302025291,31744,311633,273,1,1,8,4,1,39,0.002,0.000,,,,,NVIDIA A100-SXM4-40GB MIG 4g.20gb (0),1,,13,"void channel_eq::eqMmseCoefCompLowMimoKernel<float, float, float, (unsigned int)4, (unsigned int)1, (unsigned int)4>(const channel_eq::_puschRxChEqStatDescr *, channel_eq::_puschRxChEqCoefCompDynDescr)"
16302155914,32831,311634,273,1,1,12,11,1,51,0.002,0.000,,,,,NVIDIA A100-SXM4-40GB MIG 4g.20gb (0),1,,13,"void channel_eq::eqMmseSoftDemapKernel<float, __half, __half, float, (unsigned int)4, (unsigned short)16383>(channel_eq::_puschRxChEqStatDescr *, channel_eq::_puschRxChEqSoftDemapDynDescr)"
16302417255,738936,311635,1,1,1,32,32,1,30,0.000,0.000,,,,,NVIDIA A100-SXM4-40GB MIG 4g.20gb (0),1,,13,"void convert_kernel<float2, __half2>(tensor_layout_any, T1 *, tensor_layout_any, const T2 *)"
16303403900,16128,311647,2253,1,1,128,1,1,16,0.000,0.000,,,,,NVIDIA A100-SXM4-40GB MIG 4g.20gb (0),1,,13,cupy_copy__float16_float16
16303699065,7327,311656,282,1,1,128,1,1,16,0.000,0.000,,,,,NVIDIA A100-SXM4-40GB MIG 4g.20gb (0),1,,13,cupy_copy__complex64_complex64
16303973461,9696,311665,26,1,1,128,1,1,16,0.000,0.000,,,,,NVIDIA A100-SXM4-40GB MIG 4g.20gb (0),1,,13,cupy_copy__float32_float32
16304206067,15840,311674,103,1,1,128,1,1,16,0.000,0.000,,,,,NVIDIA A100-SXM4-40GB MIG 4g.20gb (0),1,,13,cupy_copy__complex64_complex64
16304505071,18400,311684,1434,1,1,128,1,1,16,0.000,0.000,,,,,NVIDIA A100-SXM4-40GB MIG 4g.20gb (0),1,,13,cupy_copy__complex64_complex64
16304625550,288733,311689,1,1,1,32,32,1,30,0.000,0.000,,,,,NVIDIA A100-SXM4-40GB MIG 4g.20gb (0),1,,13,"void convert_kernel<__half2, float2>(tensor_layout_any, T1 *, tensor_layout_any, const T2 *)"
16304943723,5663,311692,,,,,,,,,,0.094,16545.214,Pinned,Device,NVIDIA A100-SXM4-40GB MIG 4g.20gb (0),1,,13,[CUDA memcpy Host-to-Device]
16305024490,609945,311693,,,,,,,,,,456.561,748304.200,Device,,NVIDIA A100-SXM4-40GB MIG 4g.20gb (0),1,,13,[CUDA memset]
16305635331,67647,311698,,,,,,,,,,1.235,18254.942,Pinned,Device,NVIDIA A100-SXM4-40GB MIG 4g.20gb (0),1,,13,[CUDA memcpy Host-to-Device]
16305706754,15584,311699,,,,,,,,,,0.197,12615.942,Pinned,Device,NVIDIA A100-SXM4-40GB MIG 4g.20gb (0),1,,13,[CUDA memcpy Host-to-Device]
16305767649,26016,311700,69,4,1,48,1,1,76,0.002,0.000,,,,,NVIDIA A100-SXM4-40GB MIG 4g.20gb (0),1,,13,"void ch_est::windowedChEstPreNoDftSOfdmKernel<float, __half, float, (unsigned int)2, (unsigned int)1, (unsigned short)4>(ch_est::puschRxChEstStatDescr_t *, ch_est::puschRxChEstDynDescr_t *)"
16305846464,14272,311701,137,2,1,24,2,1,44,0.001,0.001,,,,,NVIDIA A100-SXM4-40GB MIG 4g.20gb (0),1,,13,"void ch_est::chEstFilterNoDftSOfdmDispatchKernel<float, __half, float, (unsigned int)2>(ch_est::puschRxChEstStatDescr_t *, ch_est::puschRxChEstDynDescr_t *)"
16305952319,18880,311702,137,2,1,24,2,1,44,0.001,0.001,,,,,NVIDIA A100-SXM4-40GB MIG 4g.20gb (0),1,,13,"void ch_est::chEstFilterNoDftSOfdmDispatchKernel<float, __half, float, (unsigned int)2>(ch_est::puschRxChEstStatDescr_t *, ch_est::puschRxChEstDynDescr_t *)"
16306057278,8128,311713,103,1,1,128,1,1,16,0.000,0.000,,,,,NVIDIA A100-SXM4-40GB MIG 4g.20gb (0),1,,13,cupy_copy__complex64_complex64
16306089662,17855,311723,1434,1,1,128,1,1,16,0.000,0.000,,,,,NVIDIA A100-SXM4-40GB MIG 4g.20gb (0),1,,13,cupy_copy__complex64_complex64
16306170717,10688,311730,103,1,1,128,1,1,16,0.000,0.000,,,,,NVIDIA A100-SXM4-40GB MIG 4g.20gb (0),1,,13,cupy_copy__complex64_complex64
16306265916,315004,311737,1,1,1,32,32,1,30,0.000,0.000,,,,,NVIDIA A100-SXM4-40GB MIG 4g.20gb (0),1,,13,"void convert_kernel<__half2, float2>(tensor_layout_any, T1 *, tensor_layout_any, const T2 *)"
16306609464,5728,311740,,,,,,,,,,0.094,16357.541,Pinned,Device,NVIDIA A100-SXM4-40GB MIG 4g.20gb (0),1,,13,[CUDA memcpy Host-to-Device]
16306683447,51807,311741,,,,,,,,,,35.810,691203.076,Device,,NVIDIA A100-SXM4-40GB MIG 4g.20gb (0),1,,13,[CUDA memset]
16306739382,2496,311743,,,,,,,,,,0.000,32.051,Pinned,Device,NVIDIA A100-SXM4-40GB MIG 4g.20gb (0),1,,13,[CUDA memcpy Host-to-Device]
16306744918,10496,311744,,,,,,,,,,0.197,18731.631,Pinned,Device,NVIDIA A100-SXM4-40GB MIG 4g.20gb (0),1,,13,[CUDA memcpy Host-to-Device]
16306906100,29568,311745,273,1,1,48,1,1,40,0.000,0.001,,,,,NVIDIA A100-SXM4-40GB MIG 4g.20gb (0),1,,13,"void pusch_noise_intf_est::noiseIntfEstNoDftSOfdmKernel<float, __half, float, float, (unsigned int)2, (unsigned int)1, (unsigned char)4, (unsigned char)4>(pusch_noise_intf_est::puschRxNoiseIntfEstDynDescr)"
16307270160,14336,311756,35,1,1,128,1,1,16,0.000,0.000,,,,,NVIDIA A100-SXM4-40GB MIG 4g.20gb (0),1,,13,cupy_copy__complex64_complex64
16307612237,5247,311765,1,1,1,1,1,1,18,0.000,0.000,,,,,NVIDIA A100-SXM4-40GB MIG 4g.20gb (0),1,,13,cupy_copy__float32_float32
16307625420,2240,311771,,,,,,,,,,0.000,1.786,Device,Pageable,NVIDIA A100-SXM4-40GB MIG 4g.20gb (0),1,,7,[CUDA memcpy Device-to-Host]
16307992232,16288,311782,1434,1,1,128,1,1,16,0.000,0.000,,,,,NVIDIA A100-SXM4-40GB MIG 4g.20gb (0),1,,13,cupy_copy__complex64_complex64
16308103495,5792,311789,103,1,1,128,1,1,16,0.000,0.000,,,,,NVIDIA A100-SXM4-40GB MIG 4g.20gb (0),1,,13,cupy_copy__complex64_complex64
16308386596,8608,311796,35,1,1,128,1,1,16,0.000,0.000,,,,,NVIDIA A100-SXM4-40GB MIG 4g.20gb (0),1,,13,cupy_copy__complex64_complex64
16308718880,3680,311803,1,1,1,1,1,1,18,0.000,0.000,,,,,NVIDIA A100-SXM4-40GB MIG 4g.20gb (0),1,,13,cupy_copy__float32_float32
16308827839,249725,311814,1,1,1,32,32,1,30,0.000,0.000,,,,,NVIDIA A100-SXM4-40GB MIG 4g.20gb (0),1,,13,"void convert_kernel<__half2, float2>(tensor_layout_any, T1 *, tensor_layout_any, const T2 *)"
16309106620,12736,311817,,,,,,,,,,0.094,7356.729,Pinned,Device,NVIDIA A100-SXM4-40GB MIG 4g.20gb (0),1,,13,[CUDA memcpy Host-to-Device]
16309437656,4704,311818,,,,,,,,,,1.547,328789.063,Device,,NVIDIA A100-SXM4-40GB MIG 4g.20gb (0),1,,13,[CUDA memset]
16309450136,3040,311823,,,,,,,,,,0.031,10294.725,Pinned,Device,NVIDIA A100-SXM4-40GB MIG 4g.20gb (0),1,,13,[CUDA memcpy Host-to-Device]
16309459736,9728,311824,,,,,,,,,,0.197,20210.516,Pinned,Device,NVIDIA A100-SXM4-40GB MIG 4g.20gb (0),1,,13,[CUDA memcpy Host-to-Device]
16309811892,22656,311825,273,1,1,8,4,1,39,0.002,0.000,,,,,NVIDIA A100-SXM4-40GB MIG 4g.20gb (0),1,,13,"void channel_eq::eqMmseCoefCompLowMimoKernel<float, float, float, (unsigned int)4, (unsigned int)1, (unsigned int)4>(const channel_eq::_puschRxChEqStatDescr *, channel_eq::_puschRxChEqCoefCompDynDescr)"
16309923731,27135,311826,273,1,1,12,11,1,51,0.002,0.000,,,,,NVIDIA A100-SXM4-40GB MIG 4g.20gb (0),1,,13,"void channel_eq::eqMmseSoftDemapKernel<float, __half, __half, float, (unsigned int)4, (unsigned short)16383>(channel_eq::_puschRxChEqStatDescr *, channel_eq::_puschRxChEqSoftDemapDynDescr)"
16310240783,718936,311827,1,1,1,32,32,1,30,0.000,0.000,,,,,NVIDIA A100-SXM4-40GB MIG 4g.20gb (0),1,,13,"void convert_kernel<float2, __half2>(tensor_layout_any, T1 *, tensor_layout_any, const T2 *)"
16311012870,17920,311839,2253,1,1,128,1,1,16,0.000,0.000,,,,,NVIDIA A100-SXM4-40GB MIG 4g.20gb (0),1,,13,cupy_copy__float16_float16
16311093285,13888,311848,282,1,1,128,1,1,16,0.000,0.000,,,,,NVIDIA A100-SXM4-40GB MIG 4g.20gb (0),1,,13,cupy_copy__complex64_complex64
16311177701,9823,311857,26,1,1,128,1,1,16,0.000,0.000,,,,,NVIDIA A100-SXM4-40GB MIG 4g.20gb (0),1,,13,cupy_copy__float32_float32
16311226596,11424,311866,103,1,1,128,1,1,16,0.000,0.000,,,,,NVIDIA A100-SXM4-40GB MIG 4g.20gb (0),1,,13,cupy_copy__complex64_complex64
16311309315,18368,311876,1434,1,1,128,1,1,16,0.000,0.000,,,,,NVIDIA A100-SXM4-40GB MIG 4g.20gb (0),1,,13,cupy_copy__complex64_complex64
16311421730,310620,311881,1,1,1,32,32,1,30,0.000,0.000,,,,,NVIDIA A100-SXM4-40GB MIG 4g.20gb (0),1,,13,"void convert_kernel<__half2, float2>(tensor_layout_any, T1 *, tensor_layout_any, const T2 *)"
16311761406,6112,311884,,,,,,,,,,0.094,15329.790,Pinned,Device,NVIDIA A100-SXM4-40GB MIG 4g.20gb (0),1,,13,[CUDA memcpy Host-to-Device]
16311860125,607897,311885,,,,,,,,,,456.561,751043.569,Device,,NVIDIA A100-SXM4-40GB MIG 4g.20gb (0),1,,13,[CUDA memset]
16312470230,72543,311890,,,,,,,,,,1.235,17022.468,Pinned,Device,NVIDIA A100-SXM4-40GB MIG 4g.20gb (0),1,,13,[CUDA memcpy Host-to-Device]
16312549397,13760,311891,,,,,,,,,,0.197,14288.290,Pinned,Device,NVIDIA A100-SXM4-40GB MIG 4g.20gb (0),1,,13,[CUDA memcpy Host-to-Device]
16312675476,26079,311892,69,4,1,48,1,1,76,0.002,0.000,,,,,NVIDIA A100-SXM4-40GB MIG 4g.20gb (0),1,,13,"void ch_est::windowedChEstPreNoDftSOfdmKernel<float, __half, float, (unsigned int)2, (unsigned int)1, (unsigned short)4>(ch_est::puschRxChEstStatDescr_t *, ch_est::puschRxChEstDynDescr_t *)"
16313008144,25152,311893,137,2,1,24,2,1,44,0.001,0.001,,,,,NVIDIA A100-SXM4-40GB MIG 4g.20gb (0),1,,13,"void ch_est::chEstFilterNoDftSOfdmDispatchKernel<float, __half, float, (unsigned int)2>(ch_est::puschRxChEstStatDescr_t *, ch_est::puschRxChEstDynDescr_t *)"
16313126351,21823,311894,137,2,1,24,2,1,44,0.001,0.001,,,,,NVIDIA A100-SXM4-40GB MIG 4g.20gb (0),1,,13,"void ch_est::chEstFilterNoDftSOfdmDispatchKernel<float, __half, float, (unsigned int)2>(ch_est::puschRxChEstStatDescr_t *, ch_est::puschRxChEstDynDescr_t *)"
16313451435,13824,311905,103,1,1,128,1,1,16,0.000,0.000,,,,,NVIDIA A100-SXM4-40GB MIG 4g.20gb (0),1,,13,cupy_copy__complex64_complex64
16313543370,19936,311915,1434,1,1,128,1,1,16,0.000,0.000,,,,,NVIDIA A100-SXM4-40GB MIG 4g.20gb (0),1,,13,cupy_copy__complex64_complex64
16313859622,17632,311922,103,1,1,128,1,1,16,0.000,0.000,,,,,NVIDIA A100-SXM4-40GB MIG 4g.20gb (0),1,,13,cupy_copy__complex64_complex64
16314189123,265437,311929,1,1,1,32,32,1,30,0.000,0.000,,,,,NVIDIA A100-SXM4-40GB MIG 4g.20gb (0),1,,13,"void convert_kernel<__half2, float2>(tensor_layout_any, T1 *, tensor_layout_any, const T2 *)"
16314483071,6176,311932,,,,,,,,,,0.094,15170.975,Pinned,Device,NVIDIA A100-SXM4-40GB MIG 4g.20gb (0),1,,13,[CUDA memcpy Host-to-Device]
16314648894,54463,311933,,,,,,,,,,35.810,657505.941,Device,,NVIDIA A100-SXM4-40GB MIG 4g.20gb (0),1,,13,[CUDA memset]
16314710109,2464,311935,,,,,,,,,,0.000,32.468,Pinned,Device,NVIDIA A100-SXM4-40GB MIG 4g.20gb (0),1,,13,[CUDA memcpy Host-to-Device]
16314715229,9696,311936,,,,,,,,,,0.197,20277.166,Pinned,Device,NVIDIA A100-SXM4-40GB MIG 4g.20gb (0),1,,13,[CUDA memcpy Host-to-Device]
16315067641,23936,311937,273,1,1,48,1,1,40,0.000,0.001,,,,,NVIDIA A100-SXM4-40GB MIG 4g.20gb (0),1,,13,"void pusch_noise_intf_est::noiseIntfEstNoDftSOfdmKernel<float, __half, float, float, (unsigned int)2, (unsigned int)1, (unsigned char)4, (unsigned char)4>(pusch_noise_intf_est::puschRxNoiseIntfEstDynDescr)"
16315426613,7712,311948,35,1,1,128,1,1,16,0.000,0.000,,,,,NVIDIA A100-SXM4-40GB MIG 4g.20gb (0),1,,13,cupy_copy__complex64_complex64
16315764753,6368,311957,1,1,1,1,1,1,18,0.000,0.000,,,,,NVIDIA A100-SXM4-40GB MIG 4g.20gb (0),1,,13,cupy_copy__float32_float32
16315776113,5344,311963,,,,,,,,,,0.000,0.749,Device,Pageable,NVIDIA A100-SXM4-40GB MIG 4g.20gb (0),1,,7,[CUDA memcpy Device-to-Host]
16316141389,20288,311974,1434,1,1,128,1,1,16,0.000,0.000,,,,,NVIDIA A100-SXM4-40GB MIG 4g.20gb (0),1,,13,cupy_copy__complex64_complex64
16316487337,11392,311981,103,1,1,128,1,1,16,0.000,0.000,,,,,NVIDIA A100-SXM4-40GB MIG 4g.20gb (0),1,,13,cupy_copy__complex64_complex64
16316537928,7008,311988,35,1,1,128,1,1,16,0.000,0.000,,,,,NVIDIA A100-SXM4-40GB MIG 4g.20gb (0),1,,13,cupy_copy__complex64_complex64
16316615879,7552,311995,1,1,1,1,1,1,18,0.000,0.000,,,,,NVIDIA A100-SXM4-40GB MIG 4g.20gb (0),1,,13,cupy_copy__float32_float32
16316649575,318140,312006,1,1,1,32,32,1,30,0.000,0.000,,,,,NVIDIA A100-SXM4-40GB MIG 4g.20gb (0),1,,13,"void convert_kernel<__half2, float2>(tensor_layout_any, T1 *, tensor_layout_any, const T2 *)"
16316997443,5952,312009,,,,,,,,,,0.094,15741.865,Pinned,Device,NVIDIA A100-SXM4-40GB MIG 4g.20gb (0),1,,13,[CUDA memcpy Host-to-Device]
16317060162,11968,312010,,,,,,,,,,1.547,129229.715,Device,,NVIDIA A100-SXM4-40GB MIG 4g.20gb (0),1,,13,[CUDA memset]
16317073698,7584,312015,,,,,,,,,,0.031,4126.565,Pinned,Device,NVIDIA A100-SXM4-40GB MIG 4g.20gb (0),1,,13,[CUDA memcpy Host-to-Device]
16317087874,13056,312016,,,,,,,,,,0.197,15058.797,Pinned,Device,NVIDIA A100-SXM4-40GB MIG 4g.20gb (0),1,,13,[CUDA memcpy Host-to-Device]
16317164801,34240,312017,273,1,1,8,4,1,39,0.002,0.000,,,,,NVIDIA A100-SXM4-40GB MIG 4g.20gb (0),1,,13,"void channel_eq::eqMmseCoefCompLowMimoKernel<float, float, float, (unsigned int)4, (unsigned int)1, (unsigned int)4>(const channel_eq::_puschRxChEqStatDescr *, channel_eq::_puschRxChEqCoefCompDynDescr)"
16317248064,16512,312018,273,1,1,12,11,1,51,0.002,0.000,,,,,NVIDIA A100-SXM4-40GB MIG 4g.20gb (0),1,,13,"void channel_eq::eqMmseSoftDemapKernel<float, __half, __half, float, (unsigned int)4, (unsigned short)16383>(channel_eq::_puschRxChEqStatDescr *, channel_eq::_puschRxChEqSoftDemapDynDescr)"
16317354495,815991,312019,1,1,1,32,32,1,30,0.000,0.000,,,,,NVIDIA A100-SXM4-40GB MIG 4g.20gb (0),1,,13,"void convert_kernel<float2, __half2>(tensor_layout_any, T1 *, tensor_layout_any, const T2 *)"
16318579441,16768,312031,2253,1,1,128,1,1,16,0.000,0.000,,,,,NVIDIA A100-SXM4-40GB MIG 4g.20gb (0),1,,13,cupy_copy__float16_float16
16318701744,7328,312040,282,1,1,128,1,1,16,0.000,0.000,,,,,NVIDIA A100-SXM4-40GB MIG 4g.20gb (0),1,,13,cupy_copy__complex64_complex64
16319126123,7424,312049,26,1,1,128,1,1,16,0.000,0.000,,,,,NVIDIA A100-SXM4-40GB MIG 4g.20gb (0),1,,13,cupy_copy__float32_float32
16319527975,13888,312058,103,1,1,128,1,1,16,0.000,0.000,,,,,NVIDIA A100-SXM4-40GB MIG 4g.20gb (0),1,,13,cupy_copy__complex64_complex64
16319898499,21407,312068,1434,1,1,128,1,1,16,0.000,0.000,,,,,NVIDIA A100-SXM4-40GB MIG 4g.20gb (0),1,,13,cupy_copy__complex64_complex64
16320299230,314333,312073,1,1,1,32,32,1,30,0.000,0.000,,,,,NVIDIA A100-SXM4-40GB MIG 4g.20gb (0),1,,13,"void convert_kernel<__half2, float2>(tensor_layout_any, T1 *, tensor_layout_any, const T2 *)"
16320643738,9792,312076,,,,,,,,,,0.094,9568.610,Pinned,Device,NVIDIA A100-SXM4-40GB MIG 4g.20gb (0),1,,13,[CUDA memcpy Host-to-Device]
16320830744,614617,312077,,,,,,,,,,456.561,742825.463,Device,,NVIDIA A100-SXM4-40GB MIG 4g.20gb (0),1,,13,[CUDA memset]
16321446129,67999,312082,,,,,,,,,,1.235,18161.086,Pinned,Device,NVIDIA A100-SXM4-40GB MIG 4g.20gb (0),1,,13,[CUDA memcpy Host-to-Device]
16321521136,13632,312083,,,,,,,,,,0.197,14422.376,Pinned,Device,NVIDIA A100-SXM4-40GB MIG 4g.20gb (0),1,,13,[CUDA memcpy Host-to-Device]
16321874636,26784,312084,69,4,1,48,1,1,76,0.002,0.000,,,,,NVIDIA A100-SXM4-40GB MIG 4g.20gb (0),1,,13,"void ch_est::windowedChEstPreNoDftSOfdmKernel<float, __half, float, (unsigned int)2, (unsigned int)1, (unsigned short)4>(ch_est::puschRxChEstStatDescr_t *, ch_est::puschRxChEstDynDescr_t *)"
16322309511,27328,312085,137,2,1,24,2,1,44,0.001,0.001,,,,,NVIDIA A100-SXM4-40GB MIG 4g.20gb (0),1,,13,"void ch_est::chEstFilterNoDftSOfdmDispatchKernel<float, __half, float, (unsigned int)2>(ch_est::puschRxChEstStatDescr_t *, ch_est::puschRxChEstDynDescr_t *)"
16322688259,30496,312086,137,2,1,24,2,1,44,0.001,0.001,,,,,NVIDIA A100-SXM4-40GB MIG 4g.20gb (0),1,,13,"void ch_est::chEstFilterNoDftSOfdmDispatchKernel<float, __half, float, (unsigned int)2>(ch_est::puschRxChEstStatDescr_t *, ch_est::puschRxChEstDynDescr_t *)"
16322762946,8384,312097,103,1,1,128,1,1,16,0.000,0.000,,,,,NVIDIA A100-SXM4-40GB MIG 4g.20gb (0),1,,13,cupy_copy__complex64_complex64
16322795202,18208,312107,1434,1,1,128,1,1,16,0.000,0.000,,,,,NVIDIA A100-SXM4-40GB MIG 4g.20gb (0),1,,13,cupy_copy__complex64_complex64
16322877857,10336,312114,103,1,1,128,1,1,16,0.000,0.000,,,,,NVIDIA A100-SXM4-40GB MIG 4g.20gb (0),1,,13,cupy_copy__complex64_complex64
16322971296,312317,312121,1,1,1,32,32,1,30,0.000,0.000,,,,,NVIDIA A100-SXM4-40GB MIG 4g.20gb (0),1,,13,"void convert_kernel<__half2, float2>(tensor_layout_any, T1 *, tensor_layout_any, const T2 *)"
16323489210,6624,312124,,,,,,,,,,0.094,14144.910,Pinned,Device,NVIDIA A100-SXM4-40GB MIG 4g.20gb (0),1,,13,[CUDA memcpy Host-to-Device]
16323586265,59743,312125,,,,,,,,,,35.810,599386.441,Device,,NVIDIA A100-SXM4-40GB MIG 4g.20gb (0),1,,13,[CUDA memset]
16323649432,5312,312127,,,,,,,,,,0.000,15.060,Pinned,Device,NVIDIA A100-SXM4-40GB MIG 4g.20gb (0),1,,13,[CUDA memcpy Host-to-Device]
16323665592,10528,312128,,,,,,,,,,0.197,18674.614,Pinned,Device,NVIDIA A100-SXM4-40GB MIG 4g.20gb (0),1,,13,[CUDA memcpy Host-to-Device]
16323765719,26624,312129,273,1,1,48,1,1,40,0.000,0.001,,,,,NVIDIA A100-SXM4-40GB MIG 4g.20gb (0),1,,13,"void pusch_noise_intf_est::noiseIntfEstNoDftSOfdmKernel<float, __half, float, float, (unsigned int)2, (unsigned int)1, (unsigned char)4, (unsigned char)4>(pusch_noise_intf_est::puschRxNoiseIntfEstDynDescr)"
16323866102,7520,312140,35,1,1,128,1,1,16,0.000,0.000,,,,,NVIDIA A100-SXM4-40GB MIG 4g.20gb (0),1,,13,cupy_copy__complex64_complex64
16323954421,4896,312149,1,1,1,1,1,1,18,0.000,0.000,,,,,NVIDIA A100-SXM4-40GB MIG 4g.20gb (0),1,,13,cupy_copy__float32_float32
16323968309,1728,312155,,,,,,,,,,0.000,2.315,Device,Pageable,NVIDIA A100-SXM4-40GB MIG 4g.20gb (0),1,,7,[CUDA memcpy Device-to-Host]
16324066420,15264,312166,1434,1,1,128,1,1,16,0.000,0.000,,,,,NVIDIA A100-SXM4-40GB MIG 4g.20gb (0),1,,13,cupy_copy__complex64_complex64
16324104115,6336,312173,103,1,1,128,1,1,16,0.000,0.000,,,,,NVIDIA A100-SXM4-40GB MIG 4g.20gb (0),1,,13,cupy_copy__complex64_complex64
16324167731,11455,312180,35,1,1,128,1,1,16,0.000,0.000,,,,,NVIDIA A100-SXM4-40GB MIG 4g.20gb (0),1,,13,cupy_copy__complex64_complex64
16324216210,5920,312187,1,1,1,1,1,1,18,0.000,0.000,,,,,NVIDIA A100-SXM4-40GB MIG 4g.20gb (0),1,,13,cupy_copy__float32_float32
16324319089,457339,312198,1,1,1,32,32,1,30,0.000,0.000,,,,,NVIDIA A100-SXM4-40GB MIG 4g.20gb (0),1,,13,"void convert_kernel<__half2, float2>(tensor_layout_any, T1 *, tensor_layout_any, const T2 *)"
16324805483,5920,312201,,,,,,,,,,0.094,15826.941,Pinned,Device,NVIDIA A100-SXM4-40GB MIG 4g.20gb (0),1,,13,[CUDA memcpy Host-to-Device]
16324873547,8864,312202,,,,,,,,,,1.547,174482.387,Device,,NVIDIA A100-SXM4-40GB MIG 4g.20gb (0),1,,13,[CUDA memset]
16324888554,3072,312207,,,,,,,,,,0.031,10187.474,Pinned,Device,NVIDIA A100-SXM4-40GB MIG 4g.20gb (0),1,,13,[CUDA memcpy Host-to-Device]
16324898378,17568,312208,,,,,,,,,,0.197,11191.124,Pinned,Device,NVIDIA A100-SXM4-40GB MIG 4g.20gb (0),1,,13,[CUDA memcpy Host-to-Device]
16324977129,24096,312209,273,1,1,8,4,1,39,0.002,0.000,,,,,NVIDIA A100-SXM4-40GB MIG 4g.20gb (0),1,,13,"void channel_eq::eqMmseCoefCompLowMimoKernel<float, float, float, (unsigned int)4, (unsigned int)1, (unsigned int)4>(const channel_eq::_puschRxChEqStatDescr *, channel_eq::_puschRxChEqCoefCompDynDescr)"
16325053769,16671,312210,273,1,1,12,11,1,51,0.002,0.000,,,,,NVIDIA A100-SXM4-40GB MIG 4g.20gb (0),1,,13,"void channel_eq::eqMmseSoftDemapKernel<float, __half, __half, float, (unsigned int)4, (unsigned short)16383>(channel_eq::_puschRxChEqStatDescr *, channel_eq::_puschRxChEqSoftDemapDynDescr)"
16325157351,771384,312211,1,1,1,32,32,1,30,0.000,0.000,,,,,NVIDIA A100-SXM4-40GB MIG 4g.20gb (0),1,,13,"void convert_kernel<float2, __half2>(tensor_layout_any, T1 *, tensor_layout_any, const T2 *)"
16325971518,13632,312223,2253,1,1,128,1,1,16,0.000,0.000,,,,,NVIDIA A100-SXM4-40GB MIG 4g.20gb (0),1,,13,cupy_copy__float16_float16
16326086397,8032,312232,282,1,1,128,1,1,16,0.000,0.000,,,,,NVIDIA A100-SXM4-40GB MIG 4g.20gb (0),1,,13,cupy_copy__complex64_complex64
16326168988,10080,312241,26,1,1,128,1,1,16,0.000,0.000,,,,,NVIDIA A100-SXM4-40GB MIG 4g.20gb (0),1,,13,cupy_copy__float32_float32
16326219548,8767,312250,103,1,1,128,1,1,16,0.000,0.000,,,,,NVIDIA A100-SXM4-40GB MIG 4g.20gb (0),1,,13,cupy_copy__complex64_complex64
16326302459,17119,312260,1434,1,1,128,1,1,16,0.000,0.000,,,,,NVIDIA A100-SXM4-40GB MIG 4g.20gb (0),1,,13,cupy_copy__complex64_complex64
16326412889,301789,312265,1,1,1,32,32,1,30,0.000,0.000,,,,,NVIDIA A100-SXM4-40GB MIG 4g.20gb (0),1,,13,"void convert_kernel<__half2, float2>(tensor_layout_any, T1 *, tensor_layout_any, const T2 *)"
16326743318,5856,312268,,,,,,,,,,0.094,15999.997,Pinned,Device,NVIDIA A100-SXM4-40GB MIG 4g.20gb (0),1,,13,[CUDA memcpy Host-to-Device]
16326824181,604921,312269,,,,,,,,,,456.561,754696.060,Device,,NVIDIA A100-SXM4-40GB MIG 4g.20gb (0),1,,13,[CUDA memset]
16327433550,65087,312274,,,,,,,,,,1.235,18973.680,Pinned,Device,NVIDIA A100-SXM4-40GB MIG 4g.20gb (0),1,,13,[CUDA memcpy Host-to-Device]
16327501709,13024,312275,,,,,,,,,,0.197,15095.759,Pinned,Device,NVIDIA A100-SXM4-40GB MIG 4g.20gb (0),1,,13,[CUDA memcpy Host-to-Device]
16327578700,29088,312276,69,4,1,48,1,1,76,0.002,0.000,,,,,NVIDIA A100-SXM4-40GB MIG 4g.20gb (0),1,,13,"void ch_est::windowedChEstPreNoDftSOfdmKernel<float, __half, float, (unsigned int)2, (unsigned int)1, (unsigned short)4>(ch_est::puschRxChEstStatDescr_t *, ch_est::puschRxChEstDynDescr_t *)"
16327657451,13760,312277,137,2,1,24,2,1,44,0.001,0.001,,,,,NVIDIA A100-SXM4-40GB MIG 4g.20gb (0),1,,13,"void ch_est::chEstFilterNoDftSOfdmDispatchKernel<float, __half, float, (unsigned int)2>(ch_est::puschRxChEstStatDescr_t *, ch_est::puschRxChEstDynDescr_t *)"
16327767242,19744,312278,137,2,1,24,2,1,44,0.001,0.001,,,,,NVIDIA A100-SXM4-40GB MIG 4g.20gb (0),1,,13,"void ch_est::chEstFilterNoDftSOfdmDispatchKernel<float, __half, float, (unsigned int)2>(ch_est::puschRxChEstStatDescr_t *, ch_est::puschRxChEstDynDescr_t *)"
16327870025,7008,312289,103,1,1,128,1,1,16,0.000,0.000,,,,,NVIDIA A100-SXM4-40GB MIG 4g.20gb (0),1,,13,cupy_copy__complex64_complex64
16328039335,16928,312299,1434,1,1,128,1,1,16,0.000,0.000,,,,,NVIDIA A100-SXM4-40GB MIG 4g.20gb (0),1,,13,cupy_copy__complex64_complex64
16328409219,7104,312306,103,1,1,128,1,1,16,0.000,0.000,,,,,NVIDIA A100-SXM4-40GB MIG 4g.20gb (0),1,,13,cupy_copy__complex64_complex64
16328806494,303229,312313,1,1,1,32,32,1,30,0.000,0.000,,,,,NVIDIA A100-SXM4-40GB MIG 4g.20gb (0),1,,13,"void convert_kernel<__half2, float2>(tensor_layout_any, T1 *, tensor_layout_any, const T2 *)"
16329139515,11328,312316,,,,,,,,,,0.094,8271.108,Pinned,Device,NVIDIA A100-SXM4-40GB MIG 4g.20gb (0),1,,13,[CUDA memcpy Host-to-Device]
16329385496,59199,312317,,,,,,,,,,35.810,604901.169,Device,,NVIDIA A100-SXM4-40GB MIG 4g.20gb (0),1,,13,[CUDA memset]
16329445975,2176,312319,,,,,,,,,,0.000,36.765,Pinned,Device,NVIDIA A100-SXM4-40GB MIG 4g.20gb (0),1,,13,[CUDA memcpy Host-to-Device]
16329456023,10016,312320,,,,,,,,,,0.197,19629.343,Pinned,Device,NVIDIA A100-SXM4-40GB MIG 4g.20gb (0),1,,13,[CUDA memcpy Host-to-Device]
16329856915,23743,312321,273,1,1,48,1,1,40,0.000,0.001,,,,,NVIDIA A100-SXM4-40GB MIG 4g.20gb (0),1,,13,"void pusch_noise_intf_est::noiseIntfEstNoDftSOfdmKernel<float, __half, float, float, (unsigned int)2, (unsigned int)1, (unsigned char)4, (unsigned char)4>(pusch_noise_intf_est::puschRxNoiseIntfEstDynDescr)"
16330267342,10912,312332,35,1,1,128,1,1,16,0.000,0.000,,,,,NVIDIA A100-SXM4-40GB MIG 4g.20gb (0),1,,13,cupy_copy__complex64_complex64
16330622282,5600,312341,1,1,1,1,1,1,18,0.000,0.000,,,,,NVIDIA A100-SXM4-40GB MIG 4g.20gb (0),1,,13,cupy_copy__float32_float32
16330638922,1632,312347,,,,,,,,,,0.000,2.451,Device,Pageable,NVIDIA A100-SXM4-40GB MIG 4g.20gb (0),1,,7,[CUDA memcpy Device-to-Host]
16331086501,19968,312358,1434,1,1,128,1,1,16,0.000,0.000,,,,,NVIDIA A100-SXM4-40GB MIG 4g.20gb (0),1,,13,cupy_copy__complex64_complex64
16331451489,6624,312365,103,1,1,128,1,1,16,0.000,0.000,,,,,NVIDIA A100-SXM4-40GB MIG 4g.20gb (0),1,,13,cupy_copy__complex64_complex64
16331826077,5503,312372,35,1,1,128,1,1,16,0.000,0.000,,,,,NVIDIA A100-SXM4-40GB MIG 4g.20gb (0),1,,13,cupy_copy__complex64_complex64
16332241208,3840,312379,1,1,1,1,1,1,18,0.000,0.000,,,,,NVIDIA A100-SXM4-40GB MIG 4g.20gb (0),1,,13,cupy_copy__float32_float32
16332355159,308636,312390,1,1,1,32,32,1,30,0.000,0.000,,,,,NVIDIA A100-SXM4-40GB MIG 4g.20gb (0),1,,13,"void convert_kernel<__half2, float2>(tensor_layout_any, T1 *, tensor_layout_any, const T2 *)"
16332693139,5920,312393,,,,,,,,,,0.094,15826.941,Pinned,Device,NVIDIA A100-SXM4-40GB MIG 4g.20gb (0),1,,13,[CUDA memcpy Host-to-Device]
16332763346,10816,312394,,,,,,,,,,1.547,142993.122,Device,,NVIDIA A100-SXM4-40GB MIG 4g.20gb (0),1,,13,[CUDA memset]
16332777362,7808,312399,,,,,,,,,,0.031,4008.173,Pinned,Device,NVIDIA A100-SXM4-40GB MIG 4g.20gb (0),1,,13,[CUDA memcpy Host-to-Device]
16332792146,14880,312400,,,,,,,,,,0.197,13212.844,Pinned,Device,NVIDIA A100-SXM4-40GB MIG 4g.20gb (0),1,,13,[CUDA memcpy Host-to-Device]
16332885041,29311,312401,273,1,1,8,4,1,39,0.002,0.000,,,,,NVIDIA A100-SXM4-40GB MIG 4g.20gb (0),1,,13,"void channel_eq::eqMmseCoefCompLowMimoKernel<float, float, float, (unsigned int)4, (unsigned int)1, (unsigned int)4>(const channel_eq::_puschRxChEqStatDescr *, channel_eq::_puschRxChEqCoefCompDynDescr)"
16332996463,20352,312402,273,1,1,12,11,1,51,0.002,0.000,,,,,NVIDIA A100-SXM4-40GB MIG 4g.20gb (0),1,,13,"void channel_eq::eqMmseSoftDemapKernel<float, __half, __half, float, (unsigned int)4, (unsigned short)16383>(channel_eq::_puschRxChEqStatDescr *, channel_eq::_puschRxChEqSoftDemapDynDescr)"
16333103726,766296,312403,1,1,1,32,32,1,30,0.000,0.000,,,,,NVIDIA A100-SXM4-40GB MIG 4g.20gb (0),1,,13,"void convert_kernel<float2, __half2>(tensor_layout_any, T1 *, tensor_layout_any, const T2 *)"
16334006916,19584,312415,2253,1,1,128,1,1,16,0.000,0.000,,,,,NVIDIA A100-SXM4-40GB MIG 4g.20gb (0),1,,13,cupy_copy__float16_float16
16334294497,8960,312424,282,1,1,128,1,1,16,0.000,0.000,,,,,NVIDIA A100-SXM4-40GB MIG 4g.20gb (0),1,,13,cupy_copy__complex64_complex64
16334407488,7391,312433,26,1,1,128,1,1,16,0.000,0.000,,,,,NVIDIA A100-SXM4-40GB MIG 4g.20gb (0),1,,13,cupy_copy__float32_float32
16334698460,15360,312442,103,1,1,128,1,1,16,0.000,0.000,,,,,NVIDIA A100-SXM4-40GB MIG 4g.20gb (0),1,,13,cupy_copy__complex64_complex64
16334754140,20927,312452,1434,1,1,128,1,1,16,0.000,0.000,,,,,NVIDIA A100-SXM4-40GB MIG 4g.20gb (0),1,,13,cupy_copy__complex64_complex64
16335044408,232510,312457,1,1,1,32,32,1,30,0.000,0.000,,,,,NVIDIA A100-SXM4-40GB MIG 4g.20gb (0),1,,13,"void convert_kernel<__half2, float2>(tensor_layout_any, T1 *, tensor_layout_any, const T2 *)"
16335311029,5888,312460,,,,,,,,,,0.094,15912.954,Pinned,Device,NVIDIA A100-SXM4-40GB MIG 4g.20gb (0),1,,13,[CUDA memcpy Host-to-Device]
16335616498,615225,312461,,,,,,,,,,456.561,741912.340,Device,,NVIDIA A100-SXM4-40GB MIG 4g.20gb (0),1,,13,[CUDA memset]
16336232523,68895,312466,,,,,,,,,,1.235,17923.977,Pinned,Device,NVIDIA A100-SXM4-40GB MIG 4g.20gb (0),1,,13,[CUDA memcpy Host-to-Device]
16336304746,18304,312467,,,,,,,,,,0.197,10741.088,Pinned,Device,NVIDIA A100-SXM4-40GB MIG 4g.20gb (0),1,,13,[CUDA memcpy Host-to-Device]
16336605991,23264,312468,69,4,1,48,1,1,76,0.002,0.000,,,,,NVIDIA A100-SXM4-40GB MIG 4g.20gb (0),1,,13,"void ch_est::windowedChEstPreNoDftSOfdmKernel<float, __half, float, (unsigned int)2, (unsigned int)1, (unsigned short)4>(ch_est::puschRxChEstStatDescr_t *, ch_est::puschRxChEstDynDescr_t *)"
16336873252,17728,312469,137,2,1,24,2,1,44,0.001,0.001,,,,,NVIDIA A100-SXM4-40GB MIG 4g.20gb (0),1,,13,"void ch_est::chEstFilterNoDftSOfdmDispatchKernel<float, __half, float, (unsigned int)2>(ch_est::puschRxChEstStatDescr_t *, ch_est::puschRxChEstDynDescr_t *)"
16337187072,17152,312470,137,2,1,24,2,1,44,0.001,0.001,,,,,NVIDIA A100-SXM4-40GB MIG 4g.20gb (0),1,,13,"void ch_est::chEstFilterNoDftSOfdmDispatchKernel<float, __half, float, (unsigned int)2>(ch_est::puschRxChEstStatDescr_t *, ch_est::puschRxChEstDynDescr_t *)"
16337501341,7136,312481,103,1,1,128,1,1,16,0.000,0.000,,,,,NVIDIA A100-SXM4-40GB MIG 4g.20gb (0),1,,13,cupy_copy__complex64_complex64
16337815609,18912,312491,1434,1,1,128,1,1,16,0.000,0.000,,,,,NVIDIA A100-SXM4-40GB MIG 4g.20gb (0),1,,13,cupy_copy__complex64_complex64
16337934840,8608,312498,103,1,1,128,1,1,16,0.000,0.000,,,,,NVIDIA A100-SXM4-40GB MIG 4g.20gb (0),1,,13,cupy_copy__complex64_complex64
16337992951,303037,312505,1,1,1,32,32,1,30,0.000,0.000,,,,,NVIDIA A100-SXM4-40GB MIG 4g.20gb (0),1,,13,"void convert_kernel<__half2, float2>(tensor_layout_any, T1 *, tensor_layout_any, const T2 *)"
16338327188,5407,312508,,,,,,,,,,0.094,17328.607,Pinned,Device,NVIDIA A100-SXM4-40GB MIG 4g.20gb (0),1,,13,[CUDA memcpy Host-to-Device]
16338407187,51423,312509,,,,,,,,,,35.810,696359.704,Device,,NVIDIA A100-SXM4-40GB MIG 4g.20gb (0),1,,13,[CUDA memset]
16338467666,4704,312511,,,,,,,,,,0.000,17.007,Pinned,Device,NVIDIA A100-SXM4-40GB MIG 4g.20gb (0),1,,13,[CUDA memcpy Host-to-Device]
16338475154,9632,312512,,,,,,,,,,0.197,20411.843,Pinned,Device,NVIDIA A100-SXM4-40GB MIG 4g.20gb (0),1,,13,[CUDA memcpy Host-to-Device]
16338558449,26816,312513,273,1,1,48,1,1,40,0.000,0.001,,,,,NVIDIA A100-SXM4-40GB MIG 4g.20gb (0),1,,13,"void pusch_noise_intf_est::noiseIntfEstNoDftSOfdmKernel<float, __half, float, float, (unsigned int)2, (unsigned int)1, (unsigned char)4, (unsigned char)4>(pusch_noise_intf_est::puschRxNoiseIntfEstDynDescr)"
16338662000,9216,312524,35,1,1,128,1,1,16,0.000,0.000,,,,,NVIDIA A100-SXM4-40GB MIG 4g.20gb (0),1,,13,cupy_copy__complex64_complex64
16338771151,4767,312533,1,1,1,1,1,1,18,0.000,0.000,,,,,NVIDIA A100-SXM4-40GB MIG 4g.20gb (0),1,,13,cupy_copy__float32_float32
16338784430,1600,312539,,,,,,,,,,0.000,2.500,Device,Pageable,NVIDIA A100-SXM4-40GB MIG 4g.20gb (0),1,,7,[CUDA memcpy Device-to-Host]
16338907725,19392,312550,1434,1,1,128,1,1,16,0.000,0.000,,,,,NVIDIA A100-SXM4-40GB MIG 4g.20gb (0),1,,13,cupy_copy__complex64_complex64
16338989036,11232,312557,103,1,1,128,1,1,16,0.000,0.000,,,,,NVIDIA A100-SXM4-40GB MIG 4g.20gb (0),1,,13,cupy_copy__complex64_complex64
16339095691,9152,312564,35,1,1,128,1,1,16,0.000,0.000,,,,,NVIDIA A100-SXM4-40GB MIG 4g.20gb (0),1,,13,cupy_copy__complex64_complex64
16339187882,4128,312571,1,1,1,1,1,1,18,0.000,0.000,,,,,NVIDIA A100-SXM4-40GB MIG 4g.20gb (0),1,,13,cupy_copy__float32_float32
16339237993,337180,312582,1,1,1,32,32,1,30,0.000,0.000,,,,,NVIDIA A100-SXM4-40GB MIG 4g.20gb (0),1,,13,"void convert_kernel<__half2, float2>(tensor_layout_any, T1 *, tensor_layout_any, const T2 *)"
16339604069,9440,312585,,,,,,,,,,0.094,9925.405,Pinned,Device,NVIDIA A100-SXM4-40GB MIG 4g.20gb (0),1,,13,[CUDA memcpy Host-to-Device]
16339847330,8480,312586,,,,,,,,,,1.547,182384.089,Device,,NVIDIA A100-SXM4-40GB MIG 4g.20gb (0),1,,13,[CUDA memset]
16339865410,3616,312591,,,,,,,,,,0.031,8654.846,Pinned,Device,NVIDIA A100-SXM4-40GB MIG 4g.20gb (0),1,,13,[CUDA memcpy Host-to-Device]
16339871778,9664,312592,,,,,,,,,,0.197,20344.209,Pinned,Device,NVIDIA A100-SXM4-40GB MIG 4g.20gb (0),1,,13,[CUDA memcpy Host-to-Device]
16340177023,27327,312593,273,1,1,8,4,1,39,0.002,0.000,,,,,NVIDIA A100-SXM4-40GB MIG 4g.20gb (0),1,,13,"void channel_eq::eqMmseCoefCompLowMimoKernel<float, float, float, (unsigned int)4, (unsigned int)1, (unsigned int)4>(const channel_eq::_puschRxChEqStatDescr *, channel_eq::_puschRxChEqCoefCompDynDescr)"
16340509307,12896,312594,273,1,1,12,11,1,51,0.002,0.000,,,,,NVIDIA A100-SXM4-40GB MIG 4g.20gb (0),1,,13,"void channel_eq::eqMmseSoftDemapKernel<float, __half, __half, float, (unsigned int)4, (unsigned short)16383>(channel_eq::_puschRxChEqStatDescr *, channel_eq::_puschRxChEqSoftDemapDynDescr)"
16340838071,635257,312595,1,1,1,32,32,1,30,0.000,0.000,,,,,NVIDIA A100-SXM4-40GB MIG 4g.20gb (0),1,,13,"void convert_kernel<float2, __half2>(tensor_layout_any, T1 *, tensor_layout_any, const T2 *)"
16341622063,19327,312607,2253,1,1,128,1,1,16,0.000,0.000,,,,,NVIDIA A100-SXM4-40GB MIG 4g.20gb (0),1,,13,cupy_copy__float16_float16
16341924875,9472,312616,282,1,1,128,1,1,16,0.000,0.000,,,,,NVIDIA A100-SXM4-40GB MIG 4g.20gb (0),1,,13,cupy_copy__complex64_complex64
16342234344,11103,312625,26,1,1,128,1,1,16,0.000,0.000,,,,,NVIDIA A100-SXM4-40GB MIG 4g.20gb (0),1,,13,cupy_copy__float32_float32
16342514116,11968,312634,103,1,1,128,1,1,16,0.000,0.000,,,,,NVIDIA A100-SXM4-40GB MIG 4g.20gb (0),1,,13,cupy_copy__complex64_complex64
16342629763,20064,312644,1434,1,1,128,1,1,16,0.000,0.000,,,,,NVIDIA A100-SXM4-40GB MIG 4g.20gb (0),1,,13,cupy_copy__complex64_complex64
16342931168,304860,312649,1,1,1,32,32,1,30,0.000,0.000,,,,,NVIDIA A100-SXM4-40GB MIG 4g.20gb (0),1,,13,"void convert_kernel<__half2, float2>(tensor_layout_any, T1 *, tensor_layout_any, const T2 *)"
16343265788,5376,312652,,,,,,,,,,0.094,17428.487,Pinned,Device,NVIDIA A100-SXM4-40GB MIG 4g.20gb (0),1,,13,[CUDA memcpy Host-to-Device]
16343348443,608089,312653,,,,,,,,,,456.561,750587.007,Device,,NVIDIA A100-SXM4-40GB MIG 4g.20gb (0),1,,13,[CUDA memset]
16343963412,71071,312658,,,,,,,,,,1.235,17375.662,Pinned,Device,NVIDIA A100-SXM4-40GB MIG 4g.20gb (0),1,,13,[CUDA memcpy Host-to-Device]
16344038451,18400,312659,,,,,,,,,,0.197,10685.055,Pinned,Device,NVIDIA A100-SXM4-40GB MIG 4g.20gb (0),1,,13,[CUDA memcpy Host-to-Device]
16344163218,25568,312660,69,4,1,48,1,1,76,0.002,0.000,,,,,NVIDIA A100-SXM4-40GB MIG 4g.20gb (0),1,,13,"void ch_est::windowedChEstPreNoDftSOfdmKernel<float, __half, float, (unsigned int)2, (unsigned int)1, (unsigned short)4>(ch_est::puschRxChEstStatDescr_t *, ch_est::puschRxChEstDynDescr_t *)"
16344273873,25791,312661,137,2,1,24,2,1,44,0.001,0.001,,,,,NVIDIA A100-SXM4-40GB MIG 4g.20gb (0),1,,13,"void ch_est::chEstFilterNoDftSOfdmDispatchKernel<float, __half, float, (unsigned int)2>(ch_est::puschRxChEstStatDescr_t *, ch_est::puschRxChEstDynDescr_t *)"
16344335152,40832,312662,137,2,1,24,2,1,44,0.001,0.001,,,,,NVIDIA A100-SXM4-40GB MIG 4g.20gb (0),1,,13,"void ch_est::chEstFilterNoDftSOfdmDispatchKernel<float, __half, float, (unsigned int)2>(ch_est::puschRxChEstStatDescr_t *, ch_est::puschRxChEstDynDescr_t *)"
16344411279,10784,312673,103,1,1,128,1,1,16,0.000,0.000,,,,,NVIDIA A100-SXM4-40GB MIG 4g.20gb (0),1,,13,cupy_copy__complex64_complex64
16344500494,20000,312683,1434,1,1,128,1,1,16,0.000,0.000,,,,,NVIDIA A100-SXM4-40GB MIG 4g.20gb (0),1,,13,cupy_copy__complex64_complex64
16344556078,7295,312690,103,1,1,128,1,1,16,0.000,0.000,,,,,NVIDIA A100-SXM4-40GB MIG 4g.20gb (0),1,,13,cupy_copy__complex64_complex64
16344629549,312892,312697,1,1,1,32,32,1,30,0.000,0.000,,,,,NVIDIA A100-SXM4-40GB MIG 4g.20gb (0),1,,13,"void convert_kernel<__half2, float2>(tensor_layout_any, T1 *, tensor_layout_any, const T2 *)"
16344971785,5376,312700,,,,,,,,,,0.094,17428.487,Pinned,Device,NVIDIA A100-SXM4-40GB MIG 4g.20gb (0),1,,13,[CUDA memcpy Host-to-Device]
16345088584,51135,312701,,,,,,,,,,35.810,700298.796,Device,,NVIDIA A100-SXM4-40GB MIG 4g.20gb (0),1,,13,[CUDA memset]
16345141223,6784,312703,,,,,,,,,,0.000,11.792,Pinned,Device,NVIDIA A100-SXM4-40GB MIG 4g.20gb (0),1,,13,[CUDA memcpy Host-to-Device]
16345155239,9504,312704,,,,,,,,,,0.197,20686.701,Pinned,Device,NVIDIA A100-SXM4-40GB MIG 4g.20gb (0),1,,13,[CUDA memcpy Host-to-Device]
16345466499,17888,312705,273,1,1,48,1,1,40,0.000,0.001,,,,,NVIDIA A100-SXM4-40GB MIG 4g.20gb (0),1,,13,"void pusch_noise_intf_est::noiseIntfEstNoDftSOfdmKernel<float, __half, float, float, (unsigned int)2, (unsigned int)1, (unsigned char)4, (unsigned char)4>(pusch_noise_intf_est::puschRxNoiseIntfEstDynDescr)"
16345588354,8416,312716,35,1,1,128,1,1,16,0.000,0.000,,,,,NVIDIA A100-SXM4-40GB MIG 4g.20gb (0),1,,13,cupy_copy__complex64_complex64
16345927038,9408,312725,1,1,1,1,1,1,18,0.000,0.000,,,,,NVIDIA A100-SXM4-40GB MIG 4g.20gb (0),1,,13,cupy_copy__float32_float32
16345950430,1600,312731,,,,,,,,,,0.000,2.500,Device,Pageable,NVIDIA A100-SXM4-40GB MIG 4g.20gb (0),1,,7,[CUDA memcpy Device-to-Host]
16346293978,21440,312742,1434,1,1,128,1,1,16,0.000,0.000,,,,,NVIDIA A100-SXM4-40GB MIG 4g.20gb (0),1,,13,cupy_copy__complex64_complex64
16346610134,7520,312749,103,1,1,128,1,1,16,0.000,0.000,,,,,NVIDIA A100-SXM4-40GB MIG 4g.20gb (0),1,,13,cupy_copy__complex64_complex64
16346933587,13504,312756,35,1,1,128,1,1,16,0.000,0.000,,,,,NVIDIA A100-SXM4-40GB MIG 4g.20gb (0),1,,13,cupy_copy__complex64_complex64
16347207952,4320,312763,1,1,1,1,1,1,18,0.000,0.000,,,,,NVIDIA A100-SXM4-40GB MIG 4g.20gb (0),1,,13,cupy_copy__float32_float32
16347337454,225214,312774,1,1,1,32,32,1,30,0.000,0.000,,,,,NVIDIA A100-SXM4-40GB MIG 4g.20gb (0),1,,13,"void convert_kernel<__half2, float2>(tensor_layout_any, T1 *, tensor_layout_any, const T2 *)"
16347597515,8448,312777,,,,,,,,,,0.094,11090.889,Pinned,Device,NVIDIA A100-SXM4-40GB MIG 4g.20gb (0),1,,13,[CUDA memcpy Host-to-Device]
16347895784,6272,312778,,,,,,,,,,1.547,246590.637,Device,,NVIDIA A100-SXM4-40GB MIG 4g.20gb (0),1,,13,[CUDA memset]
16347903208,6176,312783,,,,,,,,,,0.031,5067.354,Pinned,Device,NVIDIA A100-SXM4-40GB MIG 4g.20gb (0),1,,13,[CUDA memcpy Host-to-Device]
16347912712,10400,312784,,,,,,,,,,0.197,18904.449,Pinned,Device,NVIDIA A100-SXM4-40GB MIG 4g.20gb (0),1,,13,[CUDA memcpy Host-to-Device]
16348025703,25343,312785,273,1,1,8,4,1,39,0.002,0.000,,,,,NVIDIA A100-SXM4-40GB MIG 4g.20gb (0),1,,13,"void channel_eq::eqMmseCoefCompLowMimoKernel<float, float, float, (unsigned int)4, (unsigned int)1, (unsigned int)4>(const channel_eq::_puschRxChEqStatDescr *, channel_eq::_puschRxChEqCoefCompDynDescr)"
16348337795,18912,312786,273,1,1,12,11,1,51,0.002,0.000,,,,,NVIDIA A100-SXM4-40GB MIG 4g.20gb (0),1,,13,"void channel_eq::eqMmseSoftDemapKernel<float, __half, __half, float, (unsigned int)4, (unsigned short)16383>(channel_eq::_puschRxChEqStatDescr *, channel_eq::_puschRxChEqSoftDemapDynDescr)"
16348679839,744376,312787,1,1,1,32,32,1,30,0.000,0.000,,,,,NVIDIA A100-SXM4-40GB MIG 4g.20gb (0),1,,13,"void convert_kernel<float2, __half2>(tensor_layout_any, T1 *, tensor_layout_any, const T2 *)"
16349498070,14496,312799,2253,1,1,128,1,1,16,0.000,0.000,,,,,NVIDIA A100-SXM4-40GB MIG 4g.20gb (0),1,,13,cupy_copy__float16_float16
16349591637,14272,312808,282,1,1,128,1,1,16,0.000,0.000,,,,,NVIDIA A100-SXM4-40GB MIG 4g.20gb (0),1,,13,cupy_copy__complex64_complex64
16349641908,6720,312817,26,1,1,128,1,1,16,0.000,0.000,,,,,NVIDIA A100-SXM4-40GB MIG 4g.20gb (0),1,,13,cupy_copy__float32_float32
16349711988,9888,312826,103,1,1,128,1,1,16,0.000,0.000,,,,,NVIDIA A100-SXM4-40GB MIG 4g.20gb (0),1,,13,cupy_copy__complex64_complex64
16349822610,18368,312836,1434,1,1,128,1,1,16,0.000,0.000,,,,,NVIDIA A100-SXM4-40GB MIG 4g.20gb (0),1,,13,cupy_copy__complex64_complex64
16349879698,342556,312841,1,1,1,32,32,1,30,0.000,0.000,,,,,NVIDIA A100-SXM4-40GB MIG 4g.20gb (0),1,,13,"void convert_kernel<__half2, float2>(tensor_layout_any, T1 *, tensor_layout_any, const T2 *)"
16350257645,5856,312844,,,,,,,,,,0.094,15999.997,Pinned,Device,NVIDIA A100-SXM4-40GB MIG 4g.20gb (0),1,,13,[CUDA memcpy Host-to-Device]
16350561258,615385,312845,,,,,,,,,,456.561,741455.779,Device,,NVIDIA A100-SXM4-40GB MIG 4g.20gb (0),1,,13,[CUDA memset]
16351182339,59839,312850,,,,,,,,,,1.235,20637.149,Pinned,Device,NVIDIA A100-SXM4-40GB MIG 4g.20gb (0),1,,13,[CUDA memcpy Host-to-Device]
16351250530,14016,312851,,,,,,,,,,0.197,14027.391,Pinned,Device,NVIDIA A100-SXM4-40GB MIG 4g.20gb (0),1,,13,[CUDA memcpy Host-to-Device]
16351521215,20896,312852,69,4,1,48,1,1,76,0.002,0.000,,,,,NVIDIA A100-SXM4-40GB MIG 4g.20gb (0),1,,13,"void ch_est::windowedChEstPreNoDftSOfdmKernel<float, __half, float, (unsigned int)2, (unsigned int)1, (unsigned short)4>(ch_est::puschRxChEstStatDescr_t *, ch_est::puschRxChEstDynDescr_t *)"
16351858076,11039,312853,137,2,1,24,2,1,44,0.001,0.001,,,,,NVIDIA A100-SXM4-40GB MIG 4g.20gb (0),1,,13,"void ch_est::chEstFilterNoDftSOfdmDispatchKernel<float, __half, float, (unsigned int)2>(ch_est::puschRxChEstStatDescr_t *, ch_est::puschRxChEstDynDescr_t *)"
16351988346,21888,312854,137,2,1,24,2,1,44,0.001,0.001,,,,,NVIDIA A100-SXM4-40GB MIG 4g.20gb (0),1,,13,"void ch_est::chEstFilterNoDftSOfdmDispatchKernel<float, __half, float, (unsigned int)2>(ch_est::puschRxChEstStatDescr_t *, ch_est::puschRxChEstDynDescr_t *)"
16352350486,7136,312865,103,1,1,128,1,1,16,0.000,0.000,,,,,NVIDIA A100-SXM4-40GB MIG 4g.20gb (0),1,,13,cupy_copy__complex64_complex64
16352650419,20799,312875,1434,1,1,128,1,1,16,0.000,0.000,,,,,NVIDIA A100-SXM4-40GB MIG 4g.20gb (0),1,,13,cupy_copy__complex64_complex64
16353018062,7712,312882,103,1,1,128,1,1,16,0.000,0.000,,,,,NVIDIA A100-SXM4-40GB MIG 4g.20gb (0),1,,13,cupy_copy__complex64_complex64
16353333739,249341,312889,1,1,1,32,32,1,30,0.000,0.000,,,,,NVIDIA A100-SXM4-40GB MIG 4g.20gb (0),1,,13,"void convert_kernel<__half2, float2>(tensor_layout_any, T1 *, tensor_layout_any, const T2 *)"
16353611688,5920,312892,,,,,,,,,,0.094,15826.941,Pinned,Device,NVIDIA A100-SXM4-40GB MIG 4g.20gb (0),1,,13,[CUDA memcpy Host-to-Device]
16353792166,53759,312893,,,,,,,,,,35.810,666100.322,Device,,NVIDIA A100-SXM4-40GB MIG 4g.20gb (0),1,,13,[CUDA memset]
16353852773,2912,312895,,,,,,,,,,0.000,27.472,Pinned,Device,NVIDIA A100-SXM4-40GB MIG 4g.20gb (0),1,,13,[CUDA memcpy Host-to-Device]
16353858789,10592,312896,,,,,,,,,,0.197,18561.761,Pinned,Device,NVIDIA A100-SXM4-40GB MIG 4g.20gb (0),1,,13,[CUDA memcpy Host-to-Device]
16354192353,19520,312897,273,1,1,48,1,1,40,0.000,0.001,,,,,NVIDIA A100-SXM4-40GB MIG 4g.20gb (0),1,,13,"void pusch_noise_intf_est::noiseIntfEstNoDftSOfdmKernel<float, __half, float, float, (unsigned int)2, (unsigned int)1, (unsigned char)4, (unsigned char)4>(pusch_noise_intf_est::puschRxNoiseIntfEstDynDescr)"
16354535261,9312,312908,35,1,1,128,1,1,16,0.000,0.000,,,,,NVIDIA A100-SXM4-40GB MIG 4g.20gb (0),1,,13,cupy_copy__complex64_complex64
16354623036,4000,312917,1,1,1,1,1,1,18,0.000,0.000,,,,,NVIDIA A100-SXM4-40GB MIG 4g.20gb (0),1,,13,cupy_copy__float32_float32
16354631580,1600,312923,,,,,,,,,,0.000,2.500,Device,Pageable,NVIDIA A100-SXM4-40GB MIG 4g.20gb (0),1,,7,[CUDA memcpy Device-to-Host]
16354735739,21472,312934,1434,1,1,128,1,1,16,0.000,0.000,,,,,NVIDIA A100-SXM4-40GB MIG 4g.20gb (0),1,,13,cupy_copy__complex64_complex64
16354797242,8736,312941,103,1,1,128,1,1,16,0.000,0.000,,,,,NVIDIA A100-SXM4-40GB MIG 4g.20gb (0),1,,13,cupy_copy__complex64_complex64
16354848858,10496,312948,35,1,1,128,1,1,16,0.000,0.000,,,,,NVIDIA A100-SXM4-40GB MIG 4g.20gb (0),1,,13,cupy_copy__complex64_complex64
16354896249,5568,312955,1,1,1,1,1,1,18,0.000,0.000,,,,,NVIDIA A100-SXM4-40GB MIG 4g.20gb (0),1,,13,cupy_copy__float32_float32
16354966585,307804,312966,1,1,1,32,32,1,30,0.000,0.000,,,,,NVIDIA A100-SXM4-40GB MIG 4g.20gb (0),1,,13,"void convert_kernel<__half2, float2>(tensor_layout_any, T1 *, tensor_layout_any, const T2 *)"
16355304405,5408,312969,,,,,,,,,,0.094,17325.421,Pinned,Device,NVIDIA A100-SXM4-40GB MIG 4g.20gb (0),1,,13,[CUDA memcpy Host-to-Device]
16355371124,6208,312970,,,,,,,,,,1.547,249133.287,Device,,NVIDIA A100-SXM4-40GB MIG 4g.20gb (0),1,,13,[CUDA memset]
16355382484,7040,312975,,,,,,,,,,0.031,4445.440,Pinned,Device,NVIDIA A100-SXM4-40GB MIG 4g.20gb (0),1,,13,[CUDA memcpy Host-to-Device]
16355392436,9664,312976,,,,,,,,,,0.197,20344.209,Pinned,Device,NVIDIA A100-SXM4-40GB MIG 4g.20gb (0),1,,13,[CUDA memcpy Host-to-Device]
16355476115,26464,312977,273,1,1,8,4,1,39,0.002,0.000,,,,,NVIDIA A100-SXM4-40GB MIG 4g.20gb (0),1,,13,"void channel_eq::eqMmseCoefCompLowMimoKernel<float, float, float, (unsigned int)4, (unsigned int)1, (unsigned int)4>(const channel_eq::_puschRxChEqStatDescr *, channel_eq::_puschRxChEqCoefCompDynDescr)"
16355587250,15103,312978,273,1,1,12,11,1,51,0.002,0.000,,,,,NVIDIA A100-SXM4-40GB MIG 4g.20gb (0),1,,13,"void channel_eq::eqMmseSoftDemapKernel<float, __half, __half, float, (unsigned int)4, (unsigned short)16383>(channel_eq::_puschRxChEqStatDescr *, channel_eq::_puschRxChEqSoftDemapDynDescr)"
16355691920,741496,312979,1,1,1,32,32,1,30,0.000,0.000,,,,,NVIDIA A100-SXM4-40GB MIG 4g.20gb (0),1,,13,"void convert_kernel<float2, __half2>(tensor_layout_any, T1 *, tensor_layout_any, const T2 *)"
16356849283,13792,312991,2253,1,1,128,1,1,16,0.000,0.000,,,,,NVIDIA A100-SXM4-40GB MIG 4g.20gb (0),1,,13,cupy_copy__float16_float16
16356965474,7872,313000,282,1,1,128,1,1,16,0.000,0.000,,,,,NVIDIA A100-SXM4-40GB MIG 4g.20gb (0),1,,13,cupy_copy__complex64_complex64
16357402653,3904,313009,26,1,1,128,1,1,16,0.000,0.000,,,,,NVIDIA A100-SXM4-40GB MIG 4g.20gb (0),1,,13,cupy_copy__float32_float32
16357513148,11072,313018,103,1,1,128,1,1,16,0.000,0.000,,,,,NVIDIA A100-SXM4-40GB MIG 4g.20gb (0),1,,13,cupy_copy__complex64_complex64
16357933271,20608,313028,1434,1,1,128,1,1,16,0.000,0.000,,,,,NVIDIA A100-SXM4-40GB MIG 4g.20gb (0),1,,13,cupy_copy__complex64_complex64
16358383666,269053,313033,1,1,1,32,32,1,30,0.000,0.000,,,,,NVIDIA A100-SXM4-40GB MIG 4g.20gb (0),1,,13,"void convert_kernel<__half2, float2>(tensor_layout_any, T1 *, tensor_layout_any, const T2 *)"
16358682127,6080,313036,,,,,,,,,,0.094,15410.462,Pinned,Device,NVIDIA A100-SXM4-40GB MIG 4g.20gb (0),1,,13,[CUDA memcpy Host-to-Device]
16358948812,629529,313037,,,,,,,,,,456.561,725019.567,Device,,NVIDIA A100-SXM4-40GB MIG 4g.20gb (0),1,,13,[CUDA memset]
16359583941,59263,313042,,,,,,,,,,1.235,20837.210,Pinned,Device,NVIDIA A100-SXM4-40GB MIG 4g.20gb (0),1,,13,[CUDA memcpy Host-to-Device]
16359646180,10624,313043,,,,,,,,,,0.197,18505.925,Pinned,Device,NVIDIA A100-SXM4-40GB MIG 4g.20gb (0),1,,13,[CUDA memcpy Host-to-Device]
16360059615,24800,313044,69,4,1,48,1,1,76,0.002,0.000,,,,,NVIDIA A100-SXM4-40GB MIG 4g.20gb (0),1,,13,"void ch_est::windowedChEstPreNoDftSOfdmKernel<float, __half, float, (unsigned int)2, (unsigned int)1, (unsigned short)4>(ch_est::puschRxChEstStatDescr_t *, ch_est::puschRxChEstDynDescr_t *)"
16360492219,34111,313045,137,2,1,24,2,1,44,0.001,0.001,,,,,NVIDIA A100-SXM4-40GB MIG 4g.20gb (0),1,,13,"void ch_est::chEstFilterNoDftSOfdmDispatchKernel<float, __half, float, (unsigned int)2>(ch_est::puschRxChEstStatDescr_t *, ch_est::puschRxChEstDynDescr_t *)"
16360933302,20543,313046,137,2,1,24,2,1,44,0.001,0.001,,,,,NVIDIA A100-SXM4-40GB MIG 4g.20gb (0),1,,13,"void ch_est::chEstFilterNoDftSOfdmDispatchKernel<float, __half, float, (unsigned int)2>(ch_est::puschRxChEstStatDescr_t *, ch_est::puschRxChEstDynDescr_t *)"
16361408720,8800,313057,103,1,1,128,1,1,16,0.000,0.000,,,,,NVIDIA A100-SXM4-40GB MIG 4g.20gb (0),1,,13,cupy_copy__complex64_complex64
16361503631,20768,313067,1434,1,1,128,1,1,16,0.000,0.000,,,,,NVIDIA A100-SXM4-40GB MIG 4g.20gb (0),1,,13,cupy_copy__complex64_complex64
16361561839,6847,313074,103,1,1,128,1,1,16,0.000,0.000,,,,,NVIDIA A100-SXM4-40GB MIG 4g.20gb (0),1,,13,cupy_copy__complex64_complex64
16361635470,301884,313081,1,1,1,32,32,1,30,0.000,0.000,,,,,NVIDIA A100-SXM4-40GB MIG 4g.20gb (0),1,,13,"void convert_kernel<__half2, float2>(tensor_layout_any, T1 *, tensor_layout_any, const T2 *)"
16361966378,5600,313084,,,,,,,,,,0.094,16731.388,Pinned,Device,NVIDIA A100-SXM4-40GB MIG 4g.20gb (0),1,,13,[CUDA memcpy Host-to-Device]
16362044105,51616,313085,,,,,,,,,,35.810,693745.580,Device,,NVIDIA A100-SXM4-40GB MIG 4g.20gb (0),1,,13,[CUDA memset]
16362097128,5184,313087,,,,,,,,,,0.000,15.432,Pinned,Device,NVIDIA A100-SXM4-40GB MIG 4g.20gb (0),1,,13,[CUDA memcpy Host-to-Device]
16362109544,9536,313088,,,,,,,,,,0.197,20617.298,Pinned,Device,NVIDIA A100-SXM4-40GB MIG 4g.20gb (0),1,,13,[CUDA memcpy Host-to-Device]
16362195879,27136,313089,273,1,1,48,1,1,40,0.000,0.001,,,,,NVIDIA A100-SXM4-40GB MIG 4g.20gb (0),1,,13,"void pusch_noise_intf_est::noiseIntfEstNoDftSOfdmKernel<float, __half, float, float, (unsigned int)2, (unsigned int)1, (unsigned char)4, (unsigned char)4>(pusch_noise_intf_est::puschRxNoiseIntfEstDynDescr)"
16362299206,8320,313100,35,1,1,128,1,1,16,0.000,0.000,,,,,NVIDIA A100-SXM4-40GB MIG 4g.20gb (0),1,,13,cupy_copy__complex64_complex64
16362392869,5600,313109,1,1,1,1,1,1,18,0.000,0.000,,,,,NVIDIA A100-SXM4-40GB MIG 4g.20gb (0),1,,13,cupy_copy__float32_float32
16362403813,1728,313115,,,,,,,,,,0.000,2.315,Device,Pageable,NVIDIA A100-SXM4-40GB MIG 4g.20gb (0),1,,7,[CUDA memcpy Device-to-Host]
16362513668,18656,313126,1434,1,1,128,1,1,16,0.000,0.000,,,,,NVIDIA A100-SXM4-40GB MIG 4g.20gb (0),1,,13,cupy_copy__complex64_complex64
16362625507,9855,313133,103,1,1,128,1,1,16,0.000,0.000,,,,,NVIDIA A100-SXM4-40GB MIG 4g.20gb (0),1,,13,cupy_copy__complex64_complex64
16362711874,10047,313140,35,1,1,128,1,1,16,0.000,0.000,,,,,NVIDIA A100-SXM4-40GB MIG 4g.20gb (0),1,,13,cupy_copy__complex64_complex64
16362763297,5920,313147,1,1,1,1,1,1,18,0.000,0.000,,,,,NVIDIA A100-SXM4-40GB MIG 4g.20gb (0),1,,13,cupy_copy__float32_float32
16362890464,269597,313158,1,1,1,32,32,1,30,0.000,0.000,,,,,NVIDIA A100-SXM4-40GB MIG 4g.20gb (0),1,,13,"void convert_kernel<__half2, float2>(tensor_layout_any, T1 *, tensor_layout_any, const T2 *)"
16363191324,6432,313161,,,,,,,,,,0.094,14567.105,Pinned,Device,NVIDIA A100-SXM4-40GB MIG 4g.20gb (0),1,,13,[CUDA memcpy Host-to-Device]
16363475193,7136,313162,,,,,,,,,,1.547,216734.608,Device,,NVIDIA A100-SXM4-40GB MIG 4g.20gb (0),1,,13,[CUDA memset]
16363486873,8032,313167,,,,,,,,,,0.031,3896.383,Pinned,Device,NVIDIA A100-SXM4-40GB MIG 4g.20gb (0),1,,13,[CUDA memcpy Host-to-Device]
16363501177,10400,313168,,,,,,,,,,0.197,18904.449,Pinned,Device,NVIDIA A100-SXM4-40GB MIG 4g.20gb (0),1,,13,[CUDA memcpy Host-to-Device]
16363956852,23487,313169,273,1,1,8,4,1,39,0.002,0.000,,,,,NVIDIA A100-SXM4-40GB MIG 4g.20gb (0),1,,13,"void channel_eq::eqMmseCoefCompLowMimoKernel<float, float, float, (unsigned int)4, (unsigned int)1, (unsigned int)4>(const channel_eq::_puschRxChEqStatDescr *, channel_eq::_puschRxChEqCoefCompDynDescr)"
16364378735,20736,313170,273,1,1,12,11,1,51,0.002,0.000,,,,,NVIDIA A100-SXM4-40GB MIG 4g.20gb (0),1,,13,"void channel_eq::eqMmseSoftDemapKernel<float, __half, __half, float, (unsigned int)4, (unsigned short)16383>(channel_eq::_puschRxChEqStatDescr *, channel_eq::_puschRxChEqSoftDemapDynDescr)"
16364871049,692569,313171,1,1,1,32,32,1,30,0.000,0.000,,,,,NVIDIA A100-SXM4-40GB MIG 4g.20gb (0),1,,13,"void convert_kernel<float2, __half2>(tensor_layout_any, T1 *, tensor_layout_any, const T2 *)"
16365904126,20255,313183,2253,1,1,128,1,1,16,0.000,0.000,,,,,NVIDIA A100-SXM4-40GB MIG 4g.20gb (0),1,,13,cupy_copy__float16_float16
16366361017,13855,313192,282,1,1,128,1,1,16,0.000,0.000,,,,,NVIDIA A100-SXM4-40GB MIG 4g.20gb (0),1,,13,cupy_copy__complex64_complex64
16366782292,5312,313201,26,1,1,128,1,1,16,0.000,0.000,,,,,NVIDIA A100-SXM4-40GB MIG 4g.20gb (0),1,,13,cupy_copy__float32_float32
16367243311,8640,313210,103,1,1,128,1,1,16,0.000,0.000,,,,,NVIDIA A100-SXM4-40GB MIG 4g.20gb (0),1,,13,cupy_copy__complex64_complex64
16367349229,19232,313220,1434,1,1,128,1,1,16,0.000,0.000,,,,,NVIDIA A100-SXM4-40GB MIG 4g.20gb (0),1,,13,cupy_copy__complex64_complex64
16367805096,315933,313225,1,1,1,32,32,1,30,0.000,0.000,,,,,NVIDIA A100-SXM4-40GB MIG 4g.20gb (0),1,,13,"void convert_kernel<__half2, float2>(tensor_layout_any, T1 *, tensor_layout_any, const T2 *)"
16368149988,5920,313228,,,,,,,,,,0.094,15826.941,Pinned,Device,NVIDIA A100-SXM4-40GB MIG 4g.20gb (0),1,,13,[CUDA memcpy Host-to-Device]
16368214244,618009,313229,,,,,,,,,,456.561,738716.410,Device,,NVIDIA A100-SXM4-40GB MIG 4g.20gb (0),1,,13,[CUDA memset]
16368840189,66975,313234,,,,,,,,,,1.235,18437.714,Pinned,Device,NVIDIA A100-SXM4-40GB MIG 4g.20gb (0),1,,13,[CUDA memcpy Host-to-Device]
16368915068,11520,313235,,,,,,,,,,0.197,17066.557,Pinned,Device,NVIDIA A100-SXM4-40GB MIG 4g.20gb (0),1,,13,[CUDA memcpy Host-to-Device]
16368969691,33536,313236,69,4,1,48,1,1,76,0.002,0.000,,,,,NVIDIA A100-SXM4-40GB MIG 4g.20gb (0),1,,13,"void ch_est::windowedChEstPreNoDftSOfdmKernel<float, __half, float, (unsigned int)2, (unsigned int)1, (unsigned short)4>(ch_est::puschRxChEstStatDescr_t *, ch_est::puschRxChEstDynDescr_t *)"
16369046042,17600,313237,137,2,1,24,2,1,44,0.001,0.001,,,,,NVIDIA A100-SXM4-40GB MIG 4g.20gb (0),1,,13,"void ch_est::chEstFilterNoDftSOfdmDispatchKernel<float, __half, float, (unsigned int)2>(ch_est::puschRxChEstStatDescr_t *, ch_est::puschRxChEstDynDescr_t *)"
16369153657,18976,313238,137,2,1,24,2,1,44,0.001,0.001,,,,,NVIDIA A100-SXM4-40GB MIG 4g.20gb (0),1,,13,"void ch_est::chEstFilterNoDftSOfdmDispatchKernel<float, __half, float, (unsigned int)2>(ch_est::puschRxChEstStatDescr_t *, ch_est::puschRxChEstDynDescr_t *)"
16369256280,10016,313249,103,1,1,128,1,1,16,0.000,0.000,,,,,NVIDIA A100-SXM4-40GB MIG 4g.20gb (0),1,,13,cupy_copy__complex64_complex64
16369288664,18463,313259,1434,1,1,128,1,1,16,0.000,0.000,,,,,NVIDIA A100-SXM4-40GB MIG 4g.20gb (0),1,,13,cupy_copy__complex64_complex64
16369359543,9792,313266,103,1,1,128,1,1,16,0.000,0.000,,,,,NVIDIA A100-SXM4-40GB MIG 4g.20gb (0),1,,13,cupy_copy__complex64_complex64
16369412694,350748,313273,1,1,1,32,32,1,30,0.000,0.000,,,,,NVIDIA A100-SXM4-40GB MIG 4g.20gb (0),1,,13,"void convert_kernel<__half2, float2>(tensor_layout_any, T1 *, tensor_layout_any, const T2 *)"
16369800402,5984,313276,,,,,,,,,,0.094,15657.726,Pinned,Device,NVIDIA A100-SXM4-40GB MIG 4g.20gb (0),1,,13,[CUDA memcpy Host-to-Device]
16370227789,55712,313277,,,,,,,,,,35.810,642752.254,Device,,NVIDIA A100-SXM4-40GB MIG 4g.20gb (0),1,,13,[CUDA memset]
16370286668,2528,313279,,,,,,,,,,0.000,31.646,Pinned,Device,NVIDIA A100-SXM4-40GB MIG 4g.20gb (0),1,,13,[CUDA memcpy Host-to-Device]
16370291724,10112,313280,,,,,,,,,,0.197,19442.958,Pinned,Device,NVIDIA A100-SXM4-40GB MIG 4g.20gb (0),1,,13,[CUDA memcpy Host-to-Device]
16370763303,30400,313281,273,1,1,48,1,1,40,0.000,0.001,,,,,NVIDIA A100-SXM4-40GB MIG 4g.20gb (0),1,,13,"void pusch_noise_intf_est::noiseIntfEstNoDftSOfdmKernel<float, __half, float, float, (unsigned int)2, (unsigned int)1, (unsigned char)4, (unsigned char)4>(pusch_noise_intf_est::puschRxNoiseIntfEstDynDescr)"
16371245666,8160,313292,35,1,1,128,1,1,16,0.000,0.000,,,,,NVIDIA A100-SXM4-40GB MIG 4g.20gb (0),1,,13,cupy_copy__complex64_complex64
16371361888,4960,313301,1,1,1,1,1,1,18,0.000,0.000,,,,,NVIDIA A100-SXM4-40GB MIG 4g.20gb (0),1,,13,cupy_copy__float32_float32
16371377024,1600,313307,,,,,,,,,,0.000,2.500,Device,Pageable,NVIDIA A100-SXM4-40GB MIG 4g.20gb (0),1,,7,[CUDA memcpy Device-to-Host]
16371841403,18560,313318,1434,1,1,128,1,1,16,0.000,0.000,,,,,NVIDIA A100-SXM4-40GB MIG 4g.20gb (0),1,,13,cupy_copy__complex64_complex64
16372330358,6751,313325,103,1,1,128,1,1,16,0.000,0.000,,,,,NVIDIA A100-SXM4-40GB MIG 4g.20gb (0),1,,13,cupy_copy__complex64_complex64
16372790128,10720,313332,35,1,1,128,1,1,16,0.000,0.000,,,,,NVIDIA A100-SXM4-40GB MIG 4g.20gb (0),1,,13,cupy_copy__complex64_complex64
16373217900,5791,313339,1,1,1,1,1,1,18,0.000,0.000,,,,,NVIDIA A100-SXM4-40GB MIG 4g.20gb (0),1,,13,cupy_copy__float32_float32
16373663047,262685,313350,1,1,1,32,32,1,30,0.000,0.000,,,,,NVIDIA A100-SXM4-40GB MIG 4g.20gb (0),1,,13,"void convert_kernel<__half2, float2>(tensor_layout_any, T1 *, tensor_layout_any, const T2 *)"
16373955043,9696,313353,,,,,,,,,,0.094,9663.337,Pinned,Device,NVIDIA A100-SXM4-40GB MIG 4g.20gb (0),1,,13,[CUDA memcpy Host-to-Device]
16374246944,5600,313354,,,,,,,,,,1.547,276182.194,Device,,NVIDIA A100-SXM4-40GB MIG 4g.20gb (0),1,,13,[CUDA memset]
16374254624,6688,313359,,,,,,,,,,0.031,4679.409,Pinned,Device,NVIDIA A100-SXM4-40GB MIG 4g.20gb (0),1,,13,[CUDA memcpy Host-to-Device]
16374263744,10336,313360,,,,,,,,,,0.197,19021.627,Pinned,Device,NVIDIA A100-SXM4-40GB MIG 4g.20gb (0),1,,13,[CUDA memcpy Host-to-Device]
16374730427,26431,313361,273,1,1,8,4,1,39,0.002,0.000,,,,,NVIDIA A100-SXM4-40GB MIG 4g.20gb (0),1,,13,"void channel_eq::eqMmseCoefCompLowMimoKernel<float, float, float, (unsigned int)4, (unsigned int)1, (unsigned int)4>(const channel_eq::_puschRxChEqStatDescr *, channel_eq::_puschRxChEqCoefCompDynDescr)"
16374839417,17440,313362,273,1,1,12,11,1,51,0.002,0.000,,,,,NVIDIA A100-SXM4-40GB MIG 4g.20gb (0),1,,13,"void channel_eq::eqMmseSoftDemapKernel<float, __half, __half, float, (unsigned int)4, (unsigned short)16383>(channel_eq::_puschRxChEqStatDescr *, channel_eq::_puschRxChEqSoftDemapDynDescr)"
16374945784,779543,313363,1,1,1,32,32,1,30,0.000,0.000,,,,,NVIDIA A100-SXM4-40GB MIG 4g.20gb (0),1,,13,"void convert_kernel<float2, __half2>(tensor_layout_any, T1 *, tensor_layout_any, const T2 *)"
16375793167,17919,313375,2253,1,1,128,1,1,16,0.000,0.000,,,,,NVIDIA A100-SXM4-40GB MIG 4g.20gb (0),1,,13,cupy_copy__float16_float16
16375873198,9568,313384,282,1,1,128,1,1,16,0.000,0.000,,,,,NVIDIA A100-SXM4-40GB MIG 4g.20gb (0),1,,13,cupy_copy__complex64_complex64
16376018700,10112,313393,26,1,1,128,1,1,16,0.000,0.000,,,,,NVIDIA A100-SXM4-40GB MIG 4g.20gb (0),1,,13,cupy_copy__float32_float32
16376458855,9984,313402,103,1,1,128,1,1,16,0.000,0.000,,,,,NVIDIA A100-SXM4-40GB MIG 4g.20gb (0),1,,13,cupy_copy__complex64_complex64
16376930018,18048,313412,1434,1,1,128,1,1,16,0.000,0.000,,,,,NVIDIA A100-SXM4-40GB MIG 4g.20gb (0),1,,13,cupy_copy__complex64_complex64
16377044097,255005,313417,1,1,1,32,32,1,30,0.000,0.000,,,,,NVIDIA A100-SXM4-40GB MIG 4g.20gb (0),1,,13,"void convert_kernel<__half2, float2>(tensor_layout_any, T1 *, tensor_layout_any, const T2 *)"
16377331805,6336,313420,,,,,,,,,,0.094,14787.852,Pinned,Device,NVIDIA A100-SXM4-40GB MIG 4g.20gb (0),1,,13,[CUDA memcpy Host-to-Device]
16377567419,627225,313421,,,,,,,,,,456.561,727758.935,Device,,NVIDIA A100-SXM4-40GB MIG 4g.20gb (0),1,,13,[CUDA memset]
16378196500,59935,313426,,,,,,,,,,1.235,20603.806,Pinned,Device,NVIDIA A100-SXM4-40GB MIG 4g.20gb (0),1,,13,[CUDA memcpy Host-to-Device]
16378258899,11072,313427,,,,,,,,,,0.197,17757.045,Pinned,Device,NVIDIA A100-SXM4-40GB MIG 4g.20gb (0),1,,13,[CUDA memcpy Host-to-Device]
16378689166,20352,313428,69,4,1,48,1,1,76,0.002,0.000,,,,,NVIDIA A100-SXM4-40GB MIG 4g.20gb (0),1,,13,"void ch_est::windowedChEstPreNoDftSOfdmKernel<float, __half, float, (unsigned int)2, (unsigned int)1, (unsigned short)4>(ch_est::puschRxChEstStatDescr_t *, ch_est::puschRxChEstDynDescr_t *)"
16379145353,19776,313429,137,2,1,24,2,1,44,0.001,0.001,,,,,NVIDIA A100-SXM4-40GB MIG 4g.20gb (0),1,,13,"void ch_est::chEstFilterNoDftSOfdmDispatchKernel<float, __half, float, (unsigned int)2>(ch_est::puschRxChEstStatDescr_t *, ch_est::puschRxChEstDynDescr_t *)"
16379643139,21600,313430,137,2,1,24,2,1,44,0.001,0.001,,,,,NVIDIA A100-SXM4-40GB MIG 4g.20gb (0),1,,13,"void ch_est::chEstFilterNoDftSOfdmDispatchKernel<float, __half, float, (unsigned int)2>(ch_est::puschRxChEstStatDescr_t *, ch_est::puschRxChEstDynDescr_t *)"
16380135614,9312,313441,103,1,1,128,1,1,16,0.000,0.000,,,,,NVIDIA A100-SXM4-40GB MIG 4g.20gb (0),1,,13,cupy_copy__complex64_complex64
16380607929,21855,313451,1434,1,1,128,1,1,16,0.000,0.000,,,,,NVIDIA A100-SXM4-40GB MIG 4g.20gb (0),1,,13,cupy_copy__complex64_complex64
16381056404,4543,313458,103,1,1,128,1,1,16,0.000,0.000,,,,,NVIDIA A100-SXM4-40GB MIG 4g.20gb (0),1,,13,cupy_copy__complex64_complex64
16381166706,241150,313465,1,1,1,32,32,1,30,0.000,0.000,,,,,NVIDIA A100-SXM4-40GB MIG 4g.20gb (0),1,,13,"void convert_kernel<__half2, float2>(tensor_layout_any, T1 *, tensor_layout_any, const T2 *)"
16381437775,6400,313468,,,,,,,,,,0.094,14640.000,Pinned,Device,NVIDIA A100-SXM4-40GB MIG 4g.20gb (0),1,,13,[CUDA memcpy Host-to-Device]
16381659981,59583,313469,,,,,,,,,,35.810,600997.887,Device,,NVIDIA A100-SXM4-40GB MIG 4g.20gb (0),1,,13,[CUDA memset]
16381720300,5568,313471,,,,,,,,,,0.000,14.368,Pinned,Device,NVIDIA A100-SXM4-40GB MIG 4g.20gb (0),1,,13,[CUDA memcpy Host-to-Device]
16381728780,9408,313472,,,,,,,,,,0.197,20897.858,Pinned,Device,NVIDIA A100-SXM4-40GB MIG 4g.20gb (0),1,,13,[CUDA memcpy Host-to-Device]
16381822251,34080,313473,273,1,1,48,1,1,40,0.000,0.001,,,,,NVIDIA A100-SXM4-40GB MIG 4g.20gb (0),1,,13,"void pusch_noise_intf_est::noiseIntfEstNoDftSOfdmKernel<float, __half, float, float, (unsigned int)2, (unsigned int)1, (unsigned char)4, (unsigned char)4>(pusch_noise_intf_est::puschRxNoiseIntfEstDynDescr)"
16381898730,10816,313484,35,1,1,128,1,1,16,0.000,0.000,,,,,NVIDIA A100-SXM4-40GB MIG 4g.20gb (0),1,,13,cupy_copy__complex64_complex64
16381992201,4864,313493,1,1,1,1,1,1,18,0.000,0.000,,,,,NVIDIA A100-SXM4-40GB MIG 4g.20gb (0),1,,13,cupy_copy__float32_float32
16382007241,1664,313499,,,,,,,,,,0.000,2.404,Device,Pageable,NVIDIA A100-SXM4-40GB MIG 4g.20gb (0),1,,7,[CUDA memcpy Device-to-Host]
16382144167,18144,313510,1434,1,1,128,1,1,16,0.000,0.000,,,,,NVIDIA A100-SXM4-40GB MIG 4g.20gb (0),1,,13,cupy_copy__complex64_complex64
16382226662,9568,313517,103,1,1,128,1,1,16,0.000,0.000,,,,,NVIDIA A100-SXM4-40GB MIG 4g.20gb (0),1,,13,cupy_copy__complex64_complex64
16382311109,10976,313524,35,1,1,128,1,1,16,0.000,0.000,,,,,NVIDIA A100-SXM4-40GB MIG 4g.20gb (0),1,,13,cupy_copy__complex64_complex64
16382362597,5536,313531,1,1,1,1,1,1,18,0.000,0.000,,,,,NVIDIA A100-SXM4-40GB MIG 4g.20gb (0),1,,13,cupy_copy__float32_float32
16382434532,320316,313542,1,1,1,32,32,1,30,0.000,0.000,,,,,NVIDIA A100-SXM4-40GB MIG 4g.20gb (0),1,,13,"void convert_kernel<__half2, float2>(tensor_layout_any, T1 *, tensor_layout_any, const T2 *)"
16382784128,6368,313545,,,,,,,,,,0.094,14713.551,Pinned,Device,NVIDIA A100-SXM4-40GB MIG 4g.20gb (0),1,,13,[CUDA memcpy Host-to-Device]
16382868063,12128,313546,,,,,,,,,,1.547,127523.789,Device,,NVIDIA A100-SXM4-40GB MIG 4g.20gb (0),1,,13,[CUDA memset]
16382888287,3296,313551,,,,,,,,,,0.031,9495.144,Pinned,Device,NVIDIA A100-SXM4-40GB MIG 4g.20gb (0),1,,13,[CUDA memcpy Host-to-Device]
16382896735,15680,313552,,,,,,,,,,0.197,12538.675,Pinned,Device,NVIDIA A100-SXM4-40GB MIG 4g.20gb (0),1,,13,[CUDA memcpy Host-to-Device]
16383036477,33600,313553,273,1,1,8,4,1,39,0.002,0.000,,,,,NVIDIA A100-SXM4-40GB MIG 4g.20gb (0),1,,13,"void channel_eq::eqMmseCoefCompLowMimoKernel<float, float, float, (unsigned int)4, (unsigned int)1, (unsigned int)4>(const channel_eq::_puschRxChEqStatDescr *, channel_eq::_puschRxChEqCoefCompDynDescr)"
16383492824,24544,313554,273,1,1,12,11,1,51,0.002,0.000,,,,,NVIDIA A100-SXM4-40GB MIG 4g.20gb (0),1,,13,"void channel_eq::eqMmseSoftDemapKernel<float, __half, __half, float, (unsigned int)4, (unsigned short)16383>(channel_eq::_puschRxChEqStatDescr *, channel_eq::_puschRxChEqSoftDemapDynDescr)"
16383903476,631480,313555,1,1,1,32,32,1,30,0.000,0.000,,,,,NVIDIA A100-SXM4-40GB MIG 4g.20gb (0),1,,13,"void convert_kernel<float2, __half2>(tensor_layout_any, T1 *, tensor_layout_any, const T2 *)"
16384930824,14496,313567,2253,1,1,128,1,1,16,0.000,0.000,,,,,NVIDIA A100-SXM4-40GB MIG 4g.20gb (0),1,,13,cupy_copy__float16_float16
16385371171,6624,313576,282,1,1,128,1,1,16,0.000,0.000,,,,,NVIDIA A100-SXM4-40GB MIG 4g.20gb (0),1,,13,cupy_copy__complex64_complex64
16385779646,11456,313585,26,1,1,128,1,1,16,0.000,0.000,,,,,NVIDIA A100-SXM4-40GB MIG 4g.20gb (0),1,,13,cupy_copy__float32_float32
16386175546,14240,313594,103,1,1,128,1,1,16,0.000,0.000,,,,,NVIDIA A100-SXM4-40GB MIG 4g.20gb (0),1,,13,cupy_copy__complex64_complex64
16386639541,22336,313610,1434,1,1,128,1,1,16,0.000,0.000,,,,,NVIDIA A100-SXM4-40GB MIG 4g.20gb (0),1,,13,cupy_copy__complex64_complex64
16387038480,248094,313615,1,1,1,32,32,1,30,0.000,0.000,,,,,NVIDIA A100-SXM4-40GB MIG 4g.20gb (0),1,,13,"void convert_kernel<__half2, float2>(tensor_layout_any, T1 *, tensor_layout_any, const T2 *)"
16387315725,9024,313618,,,,,,,,,,0.094,10382.922,Pinned,Device,NVIDIA A100-SXM4-40GB MIG 4g.20gb (0),1,,13,[CUDA memcpy Host-to-Device]
16387579242,622873,313619,,,,,,,,,,456.561,732781.111,Device,,NVIDIA A100-SXM4-40GB MIG 4g.20gb (0),1,,13,[CUDA memset]
16388207651,56704,313624,,,,,,,,,,1.235,21778.237,Pinned,Device,NVIDIA A100-SXM4-40GB MIG 4g.20gb (0),1,,13,[CUDA memcpy Host-to-Device]
16388270978,10912,313625,,,,,,,,,,0.197,18017.550,Pinned,Device,NVIDIA A100-SXM4-40GB MIG 4g.20gb (0),1,,13,[CUDA memcpy Host-to-Device]
16388383585,17280,313626,69,4,1,48,1,1,76,0.002,0.000,,,,,NVIDIA A100-SXM4-40GB MIG 4g.20gb (0),1,,13,"void ch_est::windowedChEstPreNoDftSOfdmKernel<float, __half, float, (unsigned int)2, (unsigned int)1, (unsigned short)4>(ch_est::puschRxChEstStatDescr_t *, ch_est::puschRxChEstDynDescr_t *)"
16388489120,18112,313627,137,2,1,24,2,1,44,0.001,0.001,,,,,NVIDIA A100-SXM4-40GB MIG 4g.20gb (0),1,,13,"void ch_est::chEstFilterNoDftSOfdmDispatchKernel<float, __half, float, (unsigned int)2>(ch_est::puschRxChEstStatDescr_t *, ch_est::puschRxChEstDynDescr_t *)"
16388594687,23104,313628,137,2,1,24,2,1,44,0.001,0.001,,,,,NVIDIA A100-SXM4-40GB MIG 4g.20gb (0),1,,13,"void ch_est::chEstFilterNoDftSOfdmDispatchKernel<float, __half, float, (unsigned int)2>(ch_est::puschRxChEstStatDescr_t *, ch_est::puschRxChEstDynDescr_t *)"
16388700798,10112,313639,103,1,1,128,1,1,16,0.000,0.000,,,,,NVIDIA A100-SXM4-40GB MIG 4g.20gb (0),1,,13,cupy_copy__complex64_complex64
16388805084,19392,313649,1434,1,1,128,1,1,16,0.000,0.000,,,,,NVIDIA A100-SXM4-40GB MIG 4g.20gb (0),1,,13,cupy_copy__complex64_complex64
16388919835,6912,313656,103,1,1,128,1,1,16,0.000,0.000,,,,,NVIDIA A100-SXM4-40GB MIG 4g.20gb (0),1,,13,cupy_copy__complex64_complex64
16388952827,336284,313663,1,1,1,32,32,1,30,0.000,0.000,,,,,NVIDIA A100-SXM4-40GB MIG 4g.20gb (0),1,,13,"void convert_kernel<__half2, float2>(tensor_layout_any, T1 *, tensor_layout_any, const T2 *)"
16389319703,5472,313666,,,,,,,,,,0.094,17122.757,Pinned,Device,NVIDIA A100-SXM4-40GB MIG 4g.20gb (0),1,,13,[CUDA memcpy Host-to-Device]
16389767570,54751,313667,,,,,,,,,,35.810,654032.379,Device,,NVIDIA A100-SXM4-40GB MIG 4g.20gb (0),1,,13,[CUDA memset]
16389829905,1856,313669,,,,,,,,,,0.000,43.103,Pinned,Device,NVIDIA A100-SXM4-40GB MIG 4g.20gb (0),1,,13,[CUDA memcpy Host-to-Device]
16389837297,9408,313670,,,,,,,,,,0.197,20897.858,Pinned,Device,NVIDIA A100-SXM4-40GB MIG 4g.20gb (0),1,,13,[CUDA memcpy Host-to-Device]
16390292524,26975,313671,273,1,1,48,1,1,40,0.000,0.001,,,,,NVIDIA A100-SXM4-40GB MIG 4g.20gb (0),1,,13,"void pusch_noise_intf_est::noiseIntfEstNoDftSOfdmKernel<float, __half, float, float, (unsigned int)2, (unsigned int)1, (unsigned char)4, (unsigned char)4>(pusch_noise_intf_est::puschRxNoiseIntfEstDynDescr)"
16390399179,9087,313682,35,1,1,128,1,1,16,0.000,0.000,,,,,NVIDIA A100-SXM4-40GB MIG 4g.20gb (0),1,,13,cupy_copy__complex64_complex64
16390795366,4160,313691,1,1,1,1,1,1,18,0.000,0.000,,,,,NVIDIA A100-SXM4-40GB MIG 4g.20gb (0),1,,13,cupy_copy__float32_float32
16390819846,4768,313697,,,,,,,,,,0.000,0.839,Device,Pageable,NVIDIA A100-SXM4-40GB MIG 4g.20gb (0),1,,7,[CUDA memcpy Device-to-Host]
16391286657,22719,313708,1434,1,1,128,1,1,16,0.000,0.000,,,,,NVIDIA A100-SXM4-40GB MIG 4g.20gb (0),1,,13,cupy_copy__complex64_complex64
16391770971,9632,313715,103,1,1,128,1,1,16,0.000,0.000,,,,,NVIDIA A100-SXM4-40GB MIG 4g.20gb (0),1,,13,cupy_copy__complex64_complex64
16392231414,12032,313722,35,1,1,128,1,1,16,0.000,0.000,,,,,NVIDIA A100-SXM4-40GB MIG 4g.20gb (0),1,,13,cupy_copy__complex64_complex64
16392666513,4320,313729,1,1,1,1,1,1,18,0.000,0.000,,,,,NVIDIA A100-SXM4-40GB MIG 4g.20gb (0),1,,13,cupy_copy__float32_float32
16392785136,264413,313740,1,1,1,32,32,1,30,0.000,0.000,,,,,NVIDIA A100-SXM4-40GB MIG 4g.20gb (0),1,,13,"void convert_kernel<__half2, float2>(tensor_layout_any, T1 *, tensor_layout_any, const T2 *)"
16393079468,9792,313743,,,,,,,,,,0.094,9568.610,Pinned,Device,NVIDIA A100-SXM4-40GB MIG 4g.20gb (0),1,,13,[CUDA memcpy Host-to-Device]
16393256842,12032,313744,,,,,,,,,,1.547,128541.467,Device,,NVIDIA A100-SXM4-40GB MIG 4g.20gb (0),1,,13,[CUDA memset]
16393273578,3616,313749,,,,,,,,,,0.031,8654.846,Pinned,Device,NVIDIA A100-SXM4-40GB MIG 4g.20gb (0),1,,13,[CUDA memcpy Host-to-Device]
16393281706,13952,313750,,,,,,,,,,0.197,14091.682,Pinned,Device,NVIDIA A100-SXM4-40GB MIG 4g.20gb (0),1,,13,[CUDA memcpy Host-to-Device]
16393741349,26400,313751,273,1,1,8,4,1,39,0.002,0.000,,,,,NVIDIA A100-SXM4-40GB MIG 4g.20gb (0),1,,13,"void channel_eq::eqMmseCoefCompLowMimoKernel<float, float, float, (unsigned int)4, (unsigned int)1, (unsigned int)4>(const channel_eq::_puschRxChEqStatDescr *, channel_eq::_puschRxChEqCoefCompDynDescr)"
16394169600,32864,313752,273,1,1,12,11,1,51,0.002,0.000,,,,,NVIDIA A100-SXM4-40GB MIG 4g.20gb (0),1,,13,"void channel_eq::eqMmseSoftDemapKernel<float, __half, __half, float, (unsigned int)4, (unsigned short)16383>(channel_eq::_puschRxChEqStatDescr *, channel_eq::_puschRxChEqSoftDemapDynDescr)"
16394251775,777656,313753,1,1,1,32,32,1,30,0.000,0.000,,,,,NVIDIA A100-SXM4-40GB MIG 4g.20gb (0),1,,13,"void convert_kernel<float2, __half2>(tensor_layout_any, T1 *, tensor_layout_any, const T2 *)"
16395100886,17632,313765,2253,1,1,128,1,1,16,0.000,0.000,,,,,NVIDIA A100-SXM4-40GB MIG 4g.20gb (0),1,,13,cupy_copy__float16_float16
16395179637,9632,313774,282,1,1,128,1,1,16,0.000,0.000,,,,,NVIDIA A100-SXM4-40GB MIG 4g.20gb (0),1,,13,cupy_copy__complex64_complex64
16395264404,10752,313783,26,1,1,128,1,1,16,0.000,0.000,,,,,NVIDIA A100-SXM4-40GB MIG 4g.20gb (0),1,,13,cupy_copy__float32_float32
16395314035,10304,313792,103,1,1,128,1,1,16,0.000,0.000,,,,,NVIDIA A100-SXM4-40GB MIG 4g.20gb (0),1,,13,cupy_copy__complex64_complex64
16395400434,17952,313802,1434,1,1,128,1,1,16,0.000,0.000,,,,,NVIDIA A100-SXM4-40GB MIG 4g.20gb (0),1,,13,cupy_copy__complex64_complex64
16395457138,334204,313807,1,1,1,32,32,1,30,0.000,0.000,,,,,NVIDIA A100-SXM4-40GB MIG 4g.20gb (0),1,,13,"void convert_kernel<__half2, float2>(tensor_layout_any, T1 *, tensor_layout_any, const T2 *)"
16395822286,9568,313810,,,,,,,,,,0.094,9792.637,Pinned,Device,NVIDIA A100-SXM4-40GB MIG 4g.20gb (0),1,,13,[CUDA memcpy Host-to-Device]
16395990220,626969,313811,,,,,,,,,,456.561,727758.935,Device,,NVIDIA A100-SXM4-40GB MIG 4g.20gb (0),1,,13,[CUDA memset]
16396621605,63551,313816,,,,,,,,,,1.235,19431.844,Pinned,Device,NVIDIA A100-SXM4-40GB MIG 4g.20gb (0),1,,13,[CUDA memcpy Host-to-Device]
16396691620,10592,313817,,,,,,,,,,0.197,18561.761,Pinned,Device,NVIDIA A100-SXM4-40GB MIG 4g.20gb (0),1,,13,[CUDA memcpy Host-to-Device]
16396921537,26432,313818,69,4,1,48,1,1,76,0.002,0.000,,,,,NVIDIA A100-SXM4-40GB MIG 4g.20gb (0),1,,13,"void ch_est::windowedChEstPreNoDftSOfdmKernel<float, __half, float, (unsigned int)2, (unsigned int)1, (unsigned short)4>(ch_est::puschRxChEstStatDescr_t *, ch_est::puschRxChEstDynDescr_t *)"
16397233886,27583,313819,137,2,1,24,2,1,44,0.001,0.001,,,,,NVIDIA A100-SXM4-40GB MIG 4g.20gb (0),1,,13,"void ch_est::chEstFilterNoDftSOfdmDispatchKernel<float, __half, float, (unsigned int)2>(ch_est::puschRxChEstStatDescr_t *, ch_est::puschRxChEstDynDescr_t *)"
16397490555,24448,313820,137,2,1,24,2,1,44,0.001,0.001,,,,,NVIDIA A100-SXM4-40GB MIG 4g.20gb (0),1,,13,"void ch_est::chEstFilterNoDftSOfdmDispatchKernel<float, __half, float, (unsigned int)2>(ch_est::puschRxChEstStatDescr_t *, ch_est::puschRxChEstDynDescr_t *)"
16397608026,8159,313831,103,1,1,128,1,1,16,0.000,0.000,,,,,NVIDIA A100-SXM4-40GB MIG 4g.20gb (0),1,,13,cupy_copy__complex64_complex64
16397874551,23839,313841,1434,1,1,128,1,1,16,0.000,0.000,,,,,NVIDIA A100-SXM4-40GB MIG 4g.20gb (0),1,,13,cupy_copy__complex64_complex64
16398189907,8768,313848,103,1,1,128,1,1,16,0.000,0.000,,,,,NVIDIA A100-SXM4-40GB MIG 4g.20gb (0),1,,13,cupy_copy__complex64_complex64
16398482224,311420,313855,1,1,1,32,32,1,30,0.000,0.000,,,,,NVIDIA A100-SXM4-40GB MIG 4g.20gb (0),1,,13,"void convert_kernel<__half2, float2>(tensor_layout_any, T1 *, tensor_layout_any, const T2 *)"
16398821676,5504,313858,,,,,,,,,,0.094,17023.251,Pinned,Device,NVIDIA A100-SXM4-40GB MIG 4g.20gb (0),1,,13,[CUDA memcpy Host-to-Device]
16399095273,54783,313859,,,,,,,,,,35.810,653638.470,Device,,NVIDIA A100-SXM4-40GB MIG 4g.20gb (0),1,,13,[CUDA memset]
16399157416,1856,313861,,,,,,,,,,0.000,43.103,Pinned,Device,NVIDIA A100-SXM4-40GB MIG 4g.20gb (0),1,,13,[CUDA memcpy Host-to-Device]
16399162216,9792,313862,,,,,,,,,,0.197,20078.395,Pinned,Device,NVIDIA A100-SXM4-40GB MIG 4g.20gb (0),1,,13,[CUDA memcpy Host-to-Device]
16399451205,28608,313863,273,1,1,48,1,1,40,0.000,0.001,,,,,NVIDIA A100-SXM4-40GB MIG 4g.20gb (0),1,,13,"void pusch_noise_intf_est::noiseIntfEstNoDftSOfdmKernel<float, __half, float, float, (unsigned int)2, (unsigned int)1, (unsigned char)4, (unsigned char)4>(pusch_noise_intf_est::puschRxNoiseIntfEstDynDescr)"
16399557540,9600,313874,35,1,1,128,1,1,16,0.000,0.000,,,,,NVIDIA A100-SXM4-40GB MIG 4g.20gb (0),1,,13,cupy_copy__complex64_complex64
16399652515,5760,313883,1,1,1,1,1,1,18,0.000,0.000,,,,,NVIDIA A100-SXM4-40GB MIG 4g.20gb (0),1,,13,cupy_copy__float32_float32
16399660419,1727,313889,,,,,,,,,,0.000,2.316,Device,Pageable,NVIDIA A100-SXM4-40GB MIG 4g.20gb (0),1,,7,[CUDA memcpy Device-to-Host]
16399764897,20448,313900,1434,1,1,128,1,1,16,0.000,0.000,,,,,NVIDIA A100-SXM4-40GB MIG 4g.20gb (0),1,,13,cupy_copy__complex64_complex64
16399825153,6752,313907,103,1,1,128,1,1,16,0.000,0.000,,,,,NVIDIA A100-SXM4-40GB MIG 4g.20gb (0),1,,13,cupy_copy__complex64_complex64
16399909728,9856,313914,35,1,1,128,1,1,16,0.000,0.000,,,,,NVIDIA A100-SXM4-40GB MIG 4g.20gb (0),1,,13,cupy_copy__complex64_complex64
16399977119,5440,313921,1,1,1,1,1,1,18,0.000,0.000,,,,,NVIDIA A100-SXM4-40GB MIG 4g.20gb (0),1,,13,cupy_copy__float32_float32
16400027934,306045,313932,1,1,1,32,32,1,30,0.000,0.000,,,,,NVIDIA A100-SXM4-40GB MIG 4g.20gb (0),1,,13,"void convert_kernel<__half2, float2>(tensor_layout_any, T1 *, tensor_layout_any, const T2 *)"
16400362971,6144,313935,,,,,,,,,,0.094,15249.961,Pinned,Device,NVIDIA A100-SXM4-40GB MIG 4g.20gb (0),1,,13,[CUDA memcpy Host-to-Device]
16400424666,12576,313936,,,,,,,,,,1.547,122981.354,Device,,NVIDIA A100-SXM4-40GB MIG 4g.20gb (0),1,,13,[CUDA memset]
16400444570,4672,313941,,,,,,,,,,0.031,6698.627,Pinned,Device,NVIDIA A100-SXM4-40GB MIG 4g.20gb (0),1,,13,[CUDA memcpy Host-to-Device]
16400455802,12735,313942,,,,,,,,,,0.197,15438.250,Pinned,Device,NVIDIA A100-SXM4-40GB MIG 4g.20gb (0),1,,13,[CUDA memcpy Host-to-Device]
16400527865,31103,313943,273,1,1,8,4,1,39,0.002,0.000,,,,,NVIDIA A100-SXM4-40GB MIG 4g.20gb (0),1,,13,"void channel_eq::eqMmseCoefCompLowMimoKernel<float, float, float, (unsigned int)4, (unsigned int)1, (unsigned int)4>(const channel_eq::_puschRxChEqStatDescr *, channel_eq::_puschRxChEqCoefCompDynDescr)"
16400606264,18464,313944,273,1,1,12,11,1,51,0.002,0.000,,,,,NVIDIA A100-SXM4-40GB MIG 4g.20gb (0),1,,13,"void channel_eq::eqMmseSoftDemapKernel<float, __half, __half, float, (unsigned int)4, (unsigned short)16383>(channel_eq::_puschRxChEqStatDescr *, channel_eq::_puschRxChEqSoftDemapDynDescr)"
16400711447,816759,313945,1,1,1,32,32,1,30,0.000,0.000,,,,,NVIDIA A100-SXM4-40GB MIG 4g.20gb (0),1,,13,"void convert_kernel<float2, __half2>(tensor_layout_any, T1 *, tensor_layout_any, const T2 *)"
16401716235,18720,313957,2253,1,1,128,1,1,16,0.000,0.000,,,,,NVIDIA A100-SXM4-40GB MIG 4g.20gb (0),1,,13,cupy_copy__float16_float16
16401953385,14208,313966,282,1,1,128,1,1,16,0.000,0.000,,,,,NVIDIA A100-SXM4-40GB MIG 4g.20gb (0),1,,13,cupy_copy__complex64_complex64
16402223142,4992,313975,26,1,1,128,1,1,16,0.000,0.000,,,,,NVIDIA A100-SXM4-40GB MIG 4g.20gb (0),1,,13,cupy_copy__float32_float32
16402463107,15392,313984,103,1,1,128,1,1,16,0.000,0.000,,,,,NVIDIA A100-SXM4-40GB MIG 4g.20gb (0),1,,13,cupy_copy__complex64_complex64
16402581538,20255,313994,1434,1,1,128,1,1,16,0.000,0.000,,,,,NVIDIA A100-SXM4-40GB MIG 4g.20gb (0),1,,13,cupy_copy__complex64_complex64
16402802719,307997,313999,1,1,1,32,32,1,30,0.000,0.000,,,,,NVIDIA A100-SXM4-40GB MIG 4g.20gb (0),1,,13,"void convert_kernel<__half2, float2>(tensor_layout_any, T1 *, tensor_layout_any, const T2 *)"
16403139643,9248,314002,,,,,,,,,,0.094,10131.442,Pinned,Device,NVIDIA A100-SXM4-40GB MIG 4g.20gb (0),1,,13,[CUDA memcpy Host-to-Device]
16403388441,631033,314003,,,,,,,,,,456.561,723193.321,Device,,NVIDIA A100-SXM4-40GB MIG 4g.20gb (0),1,,13,[CUDA memset]
16404025457,63808,314008,,,,,,,,,,1.235,19354.042,Pinned,Device,NVIDIA A100-SXM4-40GB MIG 4g.20gb (0),1,,13,[CUDA memcpy Host-to-Device]
16404092113,13504,314009,,,,,,,,,,0.197,14559.216,Pinned,Device,NVIDIA A100-SXM4-40GB MIG 4g.20gb (0),1,,13,[CUDA memcpy Host-to-Device]
16404281679,29343,314010,69,4,1,48,1,1,76,0.002,0.000,,,,,NVIDIA A100-SXM4-40GB MIG 4g.20gb (0),1,,13,"void ch_est::windowedChEstPreNoDftSOfdmKernel<float, __half, float, (unsigned int)2, (unsigned int)1, (unsigned short)4>(ch_est::puschRxChEstStatDescr_t *, ch_est::puschRxChEstDynDescr_t *)"
16404393005,25920,314011,137,2,1,24,2,1,44,0.001,0.001,,,,,NVIDIA A100-SXM4-40GB MIG 4g.20gb (0),1,,13,"void ch_est::chEstFilterNoDftSOfdmDispatchKernel<float, __half, float, (unsigned int)2>(ch_est::puschRxChEstStatDescr_t *, ch_est::puschRxChEstDynDescr_t *)"
16404449741,28223,314012,137,2,1,24,2,1,44,0.001,0.001,,,,,NVIDIA A100-SXM4-40GB MIG 4g.20gb (0),1,,13,"void ch_est::chEstFilterNoDftSOfdmDispatchKernel<float, __half, float, (unsigned int)2>(ch_est::puschRxChEstStatDescr_t *, ch_est::puschRxChEstDynDescr_t *)"
16404525452,11040,314023,103,1,1,128,1,1,16,0.000,0.000,,,,,NVIDIA A100-SXM4-40GB MIG 4g.20gb (0),1,,13,cupy_copy__complex64_complex64
16404609163,20896,314033,1434,1,1,128,1,1,16,0.000,0.000,,,,,NVIDIA A100-SXM4-40GB MIG 4g.20gb (0),1,,13,cupy_copy__complex64_complex64
16404666346,9184,314040,103,1,1,128,1,1,16,0.000,0.000,,,,,NVIDIA A100-SXM4-40GB MIG 4g.20gb (0),1,,13,cupy_copy__complex64_complex64
16404737001,295453,314047,1,1,1,32,32,1,30,0.000,0.000,,,,,NVIDIA A100-SXM4-40GB MIG 4g.20gb (0),1,,13,"void convert_kernel<__half2, float2>(tensor_layout_any, T1 *, tensor_layout_any, const T2 *)"
16405062182,5408,314050,,,,,,,,,,0.094,17325.421,Pinned,Device,NVIDIA A100-SXM4-40GB MIG 4g.20gb (0),1,,13,[CUDA memcpy Host-to-Device]
16405143621,52063,314051,,,,,,,,,,35.810,687801.133,Device,,NVIDIA A100-SXM4-40GB MIG 4g.20gb (0),1,,13,[CUDA memset]
16405202020,2464,314053,,,,,,,,,,0.000,32.468,Pinned,Device,NVIDIA A100-SXM4-40GB MIG 4g.20gb (0),1,,13,[CUDA memcpy Host-to-Device]
16405207396,9664,314054,,,,,,,,,,0.197,20344.209,Pinned,Device,NVIDIA A100-SXM4-40GB MIG 4g.20gb (0),1,,13,[CUDA memcpy Host-to-Device]
16405297123,26240,314055,273,1,1,48,1,1,40,0.000,0.001,,,,,NVIDIA A100-SXM4-40GB MIG 4g.20gb (0),1,,13,"void pusch_noise_intf_est::noiseIntfEstNoDftSOfdmKernel<float, __half, float, float, (unsigned int)2, (unsigned int)1, (unsigned char)4, (unsigned char)4>(pusch_noise_intf_est::puschRxNoiseIntfEstDynDescr)"
16405399426,9824,314066,35,1,1,128,1,1,16,0.000,0.000,,,,,NVIDIA A100-SXM4-40GB MIG 4g.20gb (0),1,,13,cupy_copy__complex64_complex64
16405431458,3904,314075,1,1,1,1,1,1,18,0.000,0.000,,,,,NVIDIA A100-SXM4-40GB MIG 4g.20gb (0),1,,13,cupy_copy__float32_float32
16405439938,1632,314081,,,,,,,,,,0.000,2.451,Device,Pageable,NVIDIA A100-SXM4-40GB MIG 4g.20gb (0),1,,7,[CUDA memcpy Device-to-Host]
16405537089,18719,314092,1434,1,1,128,1,1,16,0.000,0.000,,,,,NVIDIA A100-SXM4-40GB MIG 4g.20gb (0),1,,13,cupy_copy__complex64_complex64
16405621312,6271,314099,103,1,1,128,1,1,16,0.000,0.000,,,,,NVIDIA A100-SXM4-40GB MIG 4g.20gb (0),1,,13,cupy_copy__complex64_complex64
16405725694,8896,314106,35,1,1,128,1,1,16,0.000,0.000,,,,,NVIDIA A100-SXM4-40GB MIG 4g.20gb (0),1,,13,cupy_copy__complex64_complex64
16405816061,6016,314113,1,1,1,1,1,1,18,0.000,0.000,,,,,NVIDIA A100-SXM4-40GB MIG 4g.20gb (0),1,,13,cupy_copy__float32_float32
16405870173,297980,314124,1,1,1,32,32,1,30,0.000,0.000,,,,,NVIDIA A100-SXM4-40GB MIG 4g.20gb (0),1,,13,"void convert_kernel<__half2, float2>(tensor_layout_any, T1 *, tensor_layout_any, const T2 *)"
16406196985,5472,314127,,,,,,,,,,0.094,17122.757,Pinned,Device,NVIDIA A100-SXM4-40GB MIG 4g.20gb (0),1,,13,[CUDA memcpy Host-to-Device]
16406275608,11776,314128,,,,,,,,,,1.547,131336.217,Device,,NVIDIA A100-SXM4-40GB MIG 4g.20gb (0),1,,13,[CUDA memset]
16406289112,6784,314133,,,,,,,,,,0.031,4613.187,Pinned,Device,NVIDIA A100-SXM4-40GB MIG 4g.20gb (0),1,,13,[CUDA memcpy Host-to-Device]
16406301656,12864,314134,,,,,,,,,,0.197,15283.519,Pinned,Device,NVIDIA A100-SXM4-40GB MIG 4g.20gb (0),1,,13,[CUDA memcpy Host-to-Device]
16406379543,28032,314135,273,1,1,8,4,1,39,0.002,0.000,,,,,NVIDIA A100-SXM4-40GB MIG 4g.20gb (0),1,,13,"void channel_eq::eqMmseCoefCompLowMimoKernel<float, float, float, (unsigned int)4, (unsigned int)1, (unsigned int)4>(const channel_eq::_puschRxChEqStatDescr *, channel_eq::_puschRxChEqCoefCompDynDescr)"
16406492630,26815,314136,273,1,1,12,11,1,51,0.002,0.000,,,,,NVIDIA A100-SXM4-40GB MIG 4g.20gb (0),1,,13,"void channel_eq::eqMmseSoftDemapKernel<float, __half, __half, float, (unsigned int)4, (unsigned short)16383>(channel_eq::_puschRxChEqStatDescr *, channel_eq::_puschRxChEqSoftDemapDynDescr)"
16406573845,791287,314137,1,1,1,32,32,1,30,0.000,0.000,,,,,NVIDIA A100-SXM4-40GB MIG 4g.20gb (0),1,,13,"void convert_kernel<float2, __half2>(tensor_layout_any, T1 *, tensor_layout_any, const T2 *)"
16407430475,18016,314149,2253,1,1,128,1,1,16,0.000,0.000,,,,,NVIDIA A100-SXM4-40GB MIG 4g.20gb (0),1,,13,cupy_copy__float16_float16
16407510410,6976,314158,282,1,1,128,1,1,16,0.000,0.000,,,,,NVIDIA A100-SXM4-40GB MIG 4g.20gb (0),1,,13,cupy_copy__complex64_complex64
16407596009,11584,314167,26,1,1,128,1,1,16,0.000,0.000,,,,,NVIDIA A100-SXM4-40GB MIG 4g.20gb (0),1,,13,cupy_copy__float32_float32
16407644969,10848,314176,103,1,1,128,1,1,16,0.000,0.000,,,,,NVIDIA A100-SXM4-40GB MIG 4g.20gb (0),1,,13,cupy_copy__complex64_complex64
16407746856,18687,314186,1434,1,1,128,1,1,16,0.000,0.000,,,,,NVIDIA A100-SXM4-40GB MIG 4g.20gb (0),1,,13,cupy_copy__complex64_complex64
16407802119,308445,314191,1,1,1,32,32,1,30,0.000,0.000,,,,,NVIDIA A100-SXM4-40GB MIG 4g.20gb (0),1,,13,"void convert_kernel<__half2, float2>(tensor_layout_any, T1 *, tensor_layout_any, const T2 *)"
16408140195,5600,314194,,,,,,,,,,0.094,16731.388,Pinned,Device,NVIDIA A100-SXM4-40GB MIG 4g.20gb (0),1,,13,[CUDA memcpy Host-to-Device]
16408195395,626905,314195,,,,,,,,,,456.561,728215.497,Device,,NVIDIA A100-SXM4-40GB MIG 4g.20gb (0),1,,13,[CUDA memset]
16408827228,59839,314200,,,,,,,,,,1.235,20637.149,Pinned,Device,NVIDIA A100-SXM4-40GB MIG 4g.20gb (0),1,,13,[CUDA memcpy Host-to-Device]
16408893435,15360,314201,,,,,,,,,,0.197,12799.967,Pinned,Device,NVIDIA A100-SXM4-40GB MIG 4g.20gb (0),1,,13,[CUDA memcpy Host-to-Device]
16408997018,18015,314202,69,4,1,48,1,1,76,0.002,0.000,,,,,NVIDIA A100-SXM4-40GB MIG 4g.20gb (0),1,,13,"void ch_est::windowedChEstPreNoDftSOfdmKernel<float, __half, float, (unsigned int)2, (unsigned int)1, (unsigned short)4>(ch_est::puschRxChEstStatDescr_t *, ch_est::puschRxChEstDynDescr_t *)"
16409099416,24608,314203,137,2,1,24,2,1,44,0.001,0.001,,,,,NVIDIA A100-SXM4-40GB MIG 4g.20gb (0),1,,13,"void ch_est::chEstFilterNoDftSOfdmDispatchKernel<float, __half, float, (unsigned int)2>(ch_est::puschRxChEstStatDescr_t *, ch_est::puschRxChEstDynDescr_t *)"
16409153784,26560,314204,137,2,1,24,2,1,44,0.001,0.001,,,,,NVIDIA A100-SXM4-40GB MIG 4g.20gb (0),1,,13,"void ch_est::chEstFilterNoDftSOfdmDispatchKernel<float, __half, float, (unsigned int)2>(ch_est::puschRxChEstStatDescr_t *, ch_est::puschRxChEstDynDescr_t *)"
16409229655,11392,314215,103,1,1,128,1,1,16,0.000,0.000,,,,,NVIDIA A100-SXM4-40GB MIG 4g.20gb (0),1,,13,cupy_copy__complex64_complex64
16409318902,18592,314225,1434,1,1,128,1,1,16,0.000,0.000,,,,,NVIDIA A100-SXM4-40GB MIG 4g.20gb (0),1,,13,cupy_copy__complex64_complex64
16409373461,9152,314232,103,1,1,128,1,1,16,0.000,0.000,,,,,NVIDIA A100-SXM4-40GB MIG 4g.20gb (0),1,,13,cupy_copy__complex64_complex64
16409447605,315996,314239,1,1,1,32,32,1,30,0.000,0.000,,,,,NVIDIA A100-SXM4-40GB MIG 4g.20gb (0),1,,13,"void convert_kernel<__half2, float2>(tensor_layout_any, T1 *, tensor_layout_any, const T2 *)"
16409792401,5376,314242,,,,,,,,,,0.094,17428.487,Pinned,Device,NVIDIA A100-SXM4-40GB MIG 4g.20gb (0),1,,13,[CUDA memcpy Host-to-Device]
16409853392,51935,314243,,,,,,,,,,35.810,689484.200,Device,,NVIDIA A100-SXM4-40GB MIG 4g.20gb (0),1,,13,[CUDA memset]
16409908687,2784,314245,,,,,,,,,,0.000,28.736,Pinned,Device,NVIDIA A100-SXM4-40GB MIG 4g.20gb (0),1,,13,[CUDA memcpy Host-to-Device]
16409914447,10304,314246,,,,,,,,,,0.197,19080.610,Pinned,Device,NVIDIA A100-SXM4-40GB MIG 4g.20gb (0),1,,13,[CUDA memcpy Host-to-Device]
16410013966,31072,314247,273,1,1,48,1,1,40,0.000,0.001,,,,,NVIDIA A100-SXM4-40GB MIG 4g.20gb (0),1,,13,"void pusch_noise_intf_est::noiseIntfEstNoDftSOfdmKernel<float, __half, float, float, (unsigned int)2, (unsigned int)1, (unsigned char)4, (unsigned char)4>(pusch_noise_intf_est::puschRxNoiseIntfEstDynDescr)"
16410068718,6880,314258,35,1,1,128,1,1,16,0.000,0.000,,,,,NVIDIA A100-SXM4-40GB MIG 4g.20gb (0),1,,13,cupy_copy__complex64_complex64
16410119821,5248,314267,1,1,1,1,1,1,18,0.000,0.000,,,,,NVIDIA A100-SXM4-40GB MIG 4g.20gb (0),1,,13,cupy_copy__float32_float32
16410130349,1632,314273,,,,,,,,,,0.000,2.451,Device,Pageable,NVIDIA A100-SXM4-40GB MIG 4g.20gb (0),1,,7,[CUDA memcpy Device-to-Host]
16410238828,17759,314284,1434,1,1,128,1,1,16,0.000,0.000,,,,,NVIDIA A100-SXM4-40GB MIG 4g.20gb (0),1,,13,cupy_copy__complex64_complex64
16410277899,9888,314291,103,1,1,128,1,1,16,0.000,0.000,,,,,NVIDIA A100-SXM4-40GB MIG 4g.20gb (0),1,,13,cupy_copy__complex64_complex64
16410352842,8896,314298,35,1,1,128,1,1,16,0.000,0.000,,,,,NVIDIA A100-SXM4-40GB MIG 4g.20gb (0),1,,13,cupy_copy__complex64_complex64
16410443305,4608,314305,1,1,1,1,1,1,18,0.000,0.000,,,,,NVIDIA A100-SXM4-40GB MIG 4g.20gb (0),1,,13,cupy_copy__float32_float32
16410496297,299612,314316,1,1,1,32,32,1,30,0.000,0.000,,,,,NVIDIA A100-SXM4-40GB MIG 4g.20gb (0),1,,13,"void convert_kernel<__half2, float2>(tensor_layout_any, T1 *, tensor_layout_any, const T2 *)"
16410825669,5952,314319,,,,,,,,,,0.094,15741.865,Pinned,Device,NVIDIA A100-SXM4-40GB MIG 4g.20gb (0),1,,13,[CUDA memcpy Host-to-Device]
16410904132,12416,314320,,,,,,,,,,1.547,124566.644,Device,,NVIDIA A100-SXM4-40GB MIG 4g.20gb (0),1,,13,[CUDA memset]
16410921316,3072,314325,,,,,,,,,,0.031,10187.474,Pinned,Device,NVIDIA A100-SXM4-40GB MIG 4g.20gb (0),1,,13,[CUDA memcpy Host-to-Device]
16410930916,13920,314326,,,,,,,,,,0.197,14124.122,Pinned,Device,NVIDIA A100-SXM4-40GB MIG 4g.20gb (0),1,,13,[CUDA memcpy Host-to-Device]
16411007971,28096,314327,273,1,1,8,4,1,39,0.002,0.000,,,,,NVIDIA A100-SXM4-40GB MIG 4g.20gb (0),1,,13,"void channel_eq::eqMmseCoefCompLowMimoKernel<float, float, float, (unsigned int)4, (unsigned int)1, (unsigned int)4>(const channel_eq::_puschRxChEqStatDescr *, channel_eq::_puschRxChEqCoefCompDynDescr)"
16411119970,25599,314328,273,1,1,12,11,1,51,0.002,0.000,,,,,NVIDIA A100-SXM4-40GB MIG 4g.20gb (0),1,,13,"void channel_eq::eqMmseSoftDemapKernel<float, __half, __half, float, (unsigned int)4, (unsigned short)16383>(channel_eq::_puschRxChEqStatDescr *, channel_eq::_puschRxChEqSoftDemapDynDescr)"
16411199425,719672,314329,1,1,1,32,32,1,30,0.000,0.000,,,,,NVIDIA A100-SXM4-40GB MIG 4g.20gb (0),1,,13,"void convert_kernel<float2, __half2>(tensor_layout_any, T1 *, tensor_layout_any, const T2 *)"
16412007960,13728,314341,2253,1,1,128,1,1,16,0.000,0.000,,,,,NVIDIA A100-SXM4-40GB MIG 4g.20gb (0),1,,13,cupy_copy__float16_float16
16412122551,11871,314350,282,1,1,128,1,1,16,0.000,0.000,,,,,NVIDIA A100-SXM4-40GB MIG 4g.20gb (0),1,,13,cupy_copy__complex64_complex64
16412205814,12095,314359,26,1,1,128,1,1,16,0.000,0.000,,,,,NVIDIA A100-SXM4-40GB MIG 4g.20gb (0),1,,13,cupy_copy__float32_float32
16412254613,9280,314368,103,1,1,128,1,1,16,0.000,0.000,,,,,NVIDIA A100-SXM4-40GB MIG 4g.20gb (0),1,,13,cupy_copy__complex64_complex64
16412319476,20800,314378,1434,1,1,128,1,1,16,0.000,0.000,,,,,NVIDIA A100-SXM4-40GB MIG 4g.20gb (0),1,,13,cupy_copy__complex64_complex64
16412378868,307164,314383,1,1,1,32,32,1,30,0.000,0.000,,,,,NVIDIA A100-SXM4-40GB MIG 4g.20gb (0),1,,13,"void convert_kernel<__half2, float2>(tensor_layout_any, T1 *, tensor_layout_any, const T2 *)"
16412715920,5376,314386,,,,,,,,,,0.094,17428.487,Pinned,Device,NVIDIA A100-SXM4-40GB MIG 4g.20gb (0),1,,13,[CUDA memcpy Host-to-Device]
16412779599,622489,314387,,,,,,,,,,456.561,733237.673,Device,,NVIDIA A100-SXM4-40GB MIG 4g.20gb (0),1,,13,[CUDA memset]
16413405128,70591,314392,,,,,,,,,,1.235,17494.217,Pinned,Device,NVIDIA A100-SXM4-40GB MIG 4g.20gb (0),1,,13,[CUDA memcpy Host-to-Device]
16413479367,12704,314393,,,,,,,,,,0.197,15475.999,Pinned,Device,NVIDIA A100-SXM4-40GB MIG 4g.20gb (0),1,,13,[CUDA memcpy Host-to-Device]
16413570662,24640,314394,69,4,1,48,1,1,76,0.002,0.000,,,,,NVIDIA A100-SXM4-40GB MIG 4g.20gb (0),1,,13,"void ch_est::windowedChEstPreNoDftSOfdmKernel<float, __half, float, (unsigned int)2, (unsigned int)1, (unsigned short)4>(ch_est::puschRxChEstStatDescr_t *, ch_est::puschRxChEstDynDescr_t *)"
16413628294,14079,314395,137,2,1,24,2,1,44,0.001,0.001,,,,,NVIDIA A100-SXM4-40GB MIG 4g.20gb (0),1,,13,"void ch_est::chEstFilterNoDftSOfdmDispatchKernel<float, __half, float, (unsigned int)2>(ch_est::puschRxChEstStatDescr_t *, ch_est::puschRxChEstDynDescr_t *)"
16413732452,34912,314396,137,2,1,24,2,1,44,0.001,0.001,,,,,NVIDIA A100-SXM4-40GB MIG 4g.20gb (0),1,,13,"void ch_est::chEstFilterNoDftSOfdmDispatchKernel<float, __half, float, (unsigned int)2>(ch_est::puschRxChEstStatDescr_t *, ch_est::puschRxChEstDynDescr_t *)"
16413809572,11103,314407,103,1,1,128,1,1,16,0.000,0.000,,,,,NVIDIA A100-SXM4-40GB MIG 4g.20gb (0),1,,13,cupy_copy__complex64_complex64
16413896547,19615,314417,1434,1,1,128,1,1,16,0.000,0.000,,,,,NVIDIA A100-SXM4-40GB MIG 4g.20gb (0),1,,13,cupy_copy__complex64_complex64
16413953570,6912,314424,103,1,1,128,1,1,16,0.000,0.000,,,,,NVIDIA A100-SXM4-40GB MIG 4g.20gb (0),1,,13,cupy_copy__complex64_complex64
16414023873,303037,314431,1,1,1,32,32,1,30,0.000,0.000,,,,,NVIDIA A100-SXM4-40GB MIG 4g.20gb (0),1,,13,"void convert_kernel<__half2, float2>(tensor_layout_any, T1 *, tensor_layout_any, const T2 *)"
16414355581,5824,314434,,,,,,,,,,0.094,16087.884,Pinned,Device,NVIDIA A100-SXM4-40GB MIG 4g.20gb (0),1,,13,[CUDA memcpy Host-to-Device]
16414429053,52255,314435,,,,,,,,,,35.810,685258.629,Device,,NVIDIA A100-SXM4-40GB MIG 4g.20gb (0),1,,13,[CUDA memset]
16414488252,2080,314437,,,,,,,,,,0.000,38.462,Pinned,Device,NVIDIA A100-SXM4-40GB MIG 4g.20gb (0),1,,13,[CUDA memcpy Host-to-Device]
16414496508,9440,314438,,,,,,,,,,0.197,20827.079,Pinned,Device,NVIDIA A100-SXM4-40GB MIG 4g.20gb (0),1,,13,[CUDA memcpy Host-to-Device]
16414583131,26240,314439,273,1,1,48,1,1,40,0.000,0.001,,,,,NVIDIA A100-SXM4-40GB MIG 4g.20gb (0),1,,13,"void pusch_noise_intf_est::noiseIntfEstNoDftSOfdmKernel<float, __half, float, float, (unsigned int)2, (unsigned int)1, (unsigned char)4, (unsigned char)4>(pusch_noise_intf_est::puschRxNoiseIntfEstDynDescr)"
16414684538,11008,314450,35,1,1,128,1,1,16,0.000,0.000,,,,,NVIDIA A100-SXM4-40GB MIG 4g.20gb (0),1,,13,cupy_copy__complex64_complex64
16414791289,5215,314459,1,1,1,1,1,1,18,0.000,0.000,,,,,NVIDIA A100-SXM4-40GB MIG 4g.20gb (0),1,,13,cupy_copy__float32_float32
16414805592,2048,314465,,,,,,,,,,0.000,1.953,Device,Pageable,NVIDIA A100-SXM4-40GB MIG 4g.20gb (0),1,,7,[CUDA memcpy Device-to-Host]
16414934999,18528,314476,1434,1,1,128,1,1,16,0.000,0.000,,,,,NVIDIA A100-SXM4-40GB MIG 4g.20gb (0),1,,13,cupy_copy__complex64_complex64
16415046070,6592,314483,103,1,1,128,1,1,16,0.000,0.000,,,,,NVIDIA A100-SXM4-40GB MIG 4g.20gb (0),1,,13,cupy_copy__complex64_complex64
16415097269,12544,314490,35,1,1,128,1,1,16,0.000,0.000,,,,,NVIDIA A100-SXM4-40GB MIG 4g.20gb (0),1,,13,cupy_copy__complex64_complex64
16415152404,7616,314497,1,1,1,1,1,1,18,0.000,0.000,,,,,NVIDIA A100-SXM4-40GB MIG 4g.20gb (0),1,,13,cupy_copy__float32_float32
16415209076,313884,314508,1,1,1,32,32,1,30,0.000,0.000,,,,,NVIDIA A100-SXM4-40GB MIG 4g.20gb (0),1,,13,"void convert_kernel<__half2, float2>(tensor_layout_any, T1 *, tensor_layout_any, const T2 *)"
16415551888,5568,314511,,,,,,,,,,0.094,16827.521,Pinned,Device,NVIDIA A100-SXM4-40GB MIG 4g.20gb (0),1,,13,[CUDA memcpy Host-to-Device]
16415621711,5280,314512,,,,,,,,,,1.547,292919.759,Device,,NVIDIA A100-SXM4-40GB MIG 4g.20gb (0),1,,13,[CUDA memset]
16415630479,7264,314517,,,,,,,,,,0.031,4308.364,Pinned,Device,NVIDIA A100-SXM4-40GB MIG 4g.20gb (0),1,,13,[CUDA memcpy Host-to-Device]
16415643759,12672,314518,,,,,,,,,,0.197,15515.124,Pinned,Device,NVIDIA A100-SXM4-40GB MIG 4g.20gb (0),1,,13,[CUDA memcpy Host-to-Device]
16415725294,25536,314519,273,1,1,8,4,1,39,0.002,0.000,,,,,NVIDIA A100-SXM4-40GB MIG 4g.20gb (0),1,,13,"void channel_eq::eqMmseCoefCompLowMimoKernel<float, float, float, (unsigned int)4, (unsigned int)1, (unsigned int)4>(const channel_eq::_puschRxChEqStatDescr *, channel_eq::_puschRxChEqCoefCompDynDescr)"
16415837517,18208,314520,273,1,1,12,11,1,51,0.002,0.000,,,,,NVIDIA A100-SXM4-40GB MIG 4g.20gb (0),1,,13,"void channel_eq::eqMmseSoftDemapKernel<float, __half, __half, float, (unsigned int)4, (unsigned short)16383>(channel_eq::_puschRxChEqStatDescr *, channel_eq::_puschRxChEqSoftDemapDynDescr)"
16415940332,788727,314521,1,1,1,32,32,1,30,0.000,0.000,,,,,NVIDIA A100-SXM4-40GB MIG 4g.20gb (0),1,,13,"void convert_kernel<float2, __half2>(tensor_layout_any, T1 *, tensor_layout_any, const T2 *)"
16416783298,16928,314533,2253,1,1,128,1,1,16,0.000,0.000,,,,,NVIDIA A100-SXM4-40GB MIG 4g.20gb (0),1,,13,cupy_copy__float16_float16
16416862337,8896,314542,282,1,1,128,1,1,16,0.000,0.000,,,,,NVIDIA A100-SXM4-40GB MIG 4g.20gb (0),1,,13,cupy_copy__complex64_complex64
16416945632,9760,314551,26,1,1,128,1,1,16,0.000,0.000,,,,,NVIDIA A100-SXM4-40GB MIG 4g.20gb (0),1,,13,cupy_copy__float32_float32
16416995360,10816,314560,103,1,1,128,1,1,16,0.000,0.000,,,,,NVIDIA A100-SXM4-40GB MIG 4g.20gb (0),1,,13,cupy_copy__complex64_complex64
16417075775,17792,314570,1434,1,1,128,1,1,16,0.000,0.000,,,,,NVIDIA A100-SXM4-40GB MIG 4g.20gb (0),1,,13,cupy_copy__complex64_complex64
16417186558,303868,314575,1,1,1,32,32,1,30,0.000,0.000,,,,,NVIDIA A100-SXM4-40GB MIG 4g.20gb (0),1,,13,"void convert_kernel<__half2, float2>(tensor_layout_any, T1 *, tensor_layout_any, const T2 *)"
16417523098,6848,314578,,,,,,,,,,0.094,13682.239,Pinned,Device,NVIDIA A100-SXM4-40GB MIG 4g.20gb (0),1,,13,[CUDA memcpy Host-to-Device]
16417608953,624409,314579,,,,,,,,,,456.561,730954.865,Device,,NVIDIA A100-SXM4-40GB MIG 4g.20gb (0),1,,13,[CUDA memset]
16418236146,64575,314584,,,,,,,,,,1.235,19123.108,Pinned,Device,NVIDIA A100-SXM4-40GB MIG 4g.20gb (0),1,,13,[CUDA memcpy Host-to-Device]
16418303569,12992,314585,,,,,,,,,,0.197,15132.918,Pinned,Device,NVIDIA A100-SXM4-40GB MIG 4g.20gb (0),1,,13,[CUDA memcpy Host-to-Device]
16418349137,16255,314586,69,4,1,48,1,1,76,0.002,0.000,,,,,NVIDIA A100-SXM4-40GB MIG 4g.20gb (0),1,,13,"void ch_est::windowedChEstPreNoDftSOfdmKernel<float, __half, float, (unsigned int)2, (unsigned int)1, (unsigned short)4>(ch_est::puschRxChEstStatDescr_t *, ch_est::puschRxChEstDynDescr_t *)"
16418437456,24671,314587,137,2,1,24,2,1,44,0.001,0.001,,,,,NVIDIA A100-SXM4-40GB MIG 4g.20gb (0),1,,13,"void ch_est::chEstFilterNoDftSOfdmDispatchKernel<float, __half, float, (unsigned int)2>(ch_est::puschRxChEstStatDescr_t *, ch_est::puschRxChEstDynDescr_t *)"
16418510063,27039,314588,137,2,1,24,2,1,44,0.001,0.001,,,,,NVIDIA A100-SXM4-40GB MIG 4g.20gb (0),1,,13,"void ch_est::chEstFilterNoDftSOfdmDispatchKernel<float, __half, float, (unsigned int)2>(ch_est::puschRxChEstStatDescr_t *, ch_est::puschRxChEstDynDescr_t *)"
16418567470,6816,314599,103,1,1,128,1,1,16,0.000,0.000,,,,,NVIDIA A100-SXM4-40GB MIG 4g.20gb (0),1,,13,cupy_copy__complex64_complex64
16418618318,20575,314609,1434,1,1,128,1,1,16,0.000,0.000,,,,,NVIDIA A100-SXM4-40GB MIG 4g.20gb (0),1,,13,cupy_copy__complex64_complex64
16418677101,12640,314616,103,1,1,128,1,1,16,0.000,0.000,,,,,NVIDIA A100-SXM4-40GB MIG 4g.20gb (0),1,,13,cupy_copy__complex64_complex64
16418777420,310012,314623,1,1,1,32,32,1,30,0.000,0.000,,,,,NVIDIA A100-SXM4-40GB MIG 4g.20gb (0),1,,13,"void convert_kernel<__half2, float2>(tensor_layout_any, T1 *, tensor_layout_any, const T2 *)"
16419115528,5376,314626,,,,,,,,,,0.094,17428.487,Pinned,Device,NVIDIA A100-SXM4-40GB MIG 4g.20gb (0),1,,13,[CUDA memcpy Host-to-Device]
16419180999,59808,314627,,,,,,,,,,35.810,598741.862,Device,,NVIDIA A100-SXM4-40GB MIG 4g.20gb (0),1,,13,[CUDA memset]
16419247174,2400,314629,,,,,,,,,,0.000,33.333,Pinned,Device,NVIDIA A100-SXM4-40GB MIG 4g.20gb (0),1,,13,[CUDA memcpy Host-to-Device]
16419252454,9792,314630,,,,,,,,,,0.197,20078.395,Pinned,Device,NVIDIA A100-SXM4-40GB MIG 4g.20gb (0),1,,13,[CUDA memcpy Host-to-Device]
16419345061,32864,314631,273,1,1,48,1,1,40,0.000,0.001,,,,,NVIDIA A100-SXM4-40GB MIG 4g.20gb (0),1,,13,"void pusch_noise_intf_est::noiseIntfEstNoDftSOfdmKernel<float, __half, float, float, (unsigned int)2, (unsigned int)1, (unsigned char)4, (unsigned char)4>(pusch_noise_intf_est::puschRxNoiseIntfEstDynDescr)"
16419423749,10495,314642,35,1,1,128,1,1,16,0.000,0.000,,,,,NVIDIA A100-SXM4-40GB MIG 4g.20gb (0),1,,13,cupy_copy__complex64_complex64
16419513251,4448,314651,1,1,1,1,1,1,18,0.000,0.000,,,,,NVIDIA A100-SXM4-40GB MIG 4g.20gb (0),1,,13,cupy_copy__float32_float32
16419521411,2048,314657,,,,,,,,,,0.000,1.953,Device,Pageable,NVIDIA A100-SXM4-40GB MIG 4g.20gb (0),1,,7,[CUDA memcpy Device-to-Host]
16419634114,18400,314668,1434,1,1,128,1,1,16,0.000,0.000,,,,,NVIDIA A100-SXM4-40GB MIG 4g.20gb (0),1,,13,cupy_copy__complex64_complex64
16419745761,9920,314675,103,1,1,128,1,1,16,0.000,0.000,,,,,NVIDIA A100-SXM4-40GB MIG 4g.20gb (0),1,,13,cupy_copy__complex64_complex64
16419831040,11328,314682,35,1,1,128,1,1,16,0.000,0.000,,,,,NVIDIA A100-SXM4-40GB MIG 4g.20gb (0),1,,13,cupy_copy__complex64_complex64
16419880767,5696,314689,1,1,1,1,1,1,18,0.000,0.000,,,,,NVIDIA A100-SXM4-40GB MIG 4g.20gb (0),1,,13,cupy_copy__float32_float32
16419951487,299388,314700,1,1,1,32,32,1,30,0.000,0.000,,,,,NVIDIA A100-SXM4-40GB MIG 4g.20gb (0),1,,13,"void convert_kernel<__half2, float2>(tensor_layout_any, T1 *, tensor_layout_any, const T2 *)"
16420280475,5952,314703,,,,,,,,,,0.094,15741.865,Pinned,Device,NVIDIA A100-SXM4-40GB MIG 4g.20gb (0),1,,13,[CUDA memcpy Host-to-Device]
16420356378,5920,314704,,,,,,,,,,1.547,261252.633,Device,,NVIDIA A100-SXM4-40GB MIG 4g.20gb (0),1,,13,[CUDA memset]
16420365978,6912,314709,,,,,,,,,,0.031,4527.749,Pinned,Device,NVIDIA A100-SXM4-40GB MIG 4g.20gb (0),1,,13,[CUDA memcpy Host-to-Device]
16420375770,10272,314710,,,,,,,,,,0.197,19140.182,Pinned,Device,NVIDIA A100-SXM4-40GB MIG 4g.20gb (0),1,,13,[CUDA memcpy Host-to-Device]
16420460217,26688,314711,273,1,1,8,4,1,39,0.002,0.000,,,,,NVIDIA A100-SXM4-40GB MIG 4g.20gb (0),1,,13,"void channel_eq::eqMmseCoefCompLowMimoKernel<float, float, float, (unsigned int)4, (unsigned int)1, (unsigned int)4>(const channel_eq::_puschRxChEqStatDescr *, channel_eq::_puschRxChEqCoefCompDynDescr)"
16420573656,18655,314712,273,1,1,12,11,1,51,0.002,0.000,,,,,NVIDIA A100-SXM4-40GB MIG 4g.20gb (0),1,,13,"void channel_eq::eqMmseSoftDemapKernel<float, __half, __half, float, (unsigned int)4, (unsigned short)16383>(channel_eq::_puschRxChEqStatDescr *, channel_eq::_puschRxChEqSoftDemapDynDescr)"
16420677046,756312,314713,1,1,1,32,32,1,30,0.000,0.000,,,,,NVIDIA A100-SXM4-40GB MIG 4g.20gb (0),1,,13,"void convert_kernel<float2, __half2>(tensor_layout_any, T1 *, tensor_layout_any, const T2 *)"
16421487213,14048,314725,2253,1,1,128,1,1,16,0.000,0.000,,,,,NVIDIA A100-SXM4-40GB MIG 4g.20gb (0),1,,13,cupy_copy__float16_float16
16421583116,13920,314734,282,1,1,128,1,1,16,0.000,0.000,,,,,NVIDIA A100-SXM4-40GB MIG 4g.20gb (0),1,,13,cupy_copy__complex64_complex64
16421633036,6976,314743,26,1,1,128,1,1,16,0.000,0.000,,,,,NVIDIA A100-SXM4-40GB MIG 4g.20gb (0),1,,13,cupy_copy__float32_float32
16421703947,11840,314752,103,1,1,128,1,1,16,0.000,0.000,,,,,NVIDIA A100-SXM4-40GB MIG 4g.20gb (0),1,,13,cupy_copy__complex64_complex64
16421757802,20352,314762,1434,1,1,128,1,1,16,0.000,0.000,,,,,NVIDIA A100-SXM4-40GB MIG 4g.20gb (0),1,,13,cupy_copy__complex64_complex64
16421834313,307389,314767,1,1,1,32,32,1,30,0.000,0.000,,,,,NVIDIA A100-SXM4-40GB MIG 4g.20gb (0),1,,13,"void convert_kernel<__half2, float2>(tensor_layout_any, T1 *, tensor_layout_any, const T2 *)"
16422169830,5376,314770,,,,,,,,,,0.094,17428.487,Pinned,Device,NVIDIA A100-SXM4-40GB MIG 4g.20gb (0),1,,13,[CUDA memcpy Host-to-Device]
16422241189,612761,314771,,,,,,,,,,456.561,744651.709,Device,,NVIDIA A100-SXM4-40GB MIG 4g.20gb (0),1,,13,[CUDA memset]
16422859678,64191,314776,,,,,,,,,,1.235,19237.958,Pinned,Device,NVIDIA A100-SXM4-40GB MIG 4g.20gb (0),1,,13,[CUDA memcpy Host-to-Device]
16422927389,10464,314777,,,,,,,,,,0.197,18788.844,Pinned,Device,NVIDIA A100-SXM4-40GB MIG 4g.20gb (0),1,,13,[CUDA memcpy Host-to-Device]
16423001436,28320,314778,69,4,1,48,1,1,76,0.002,0.000,,,,,NVIDIA A100-SXM4-40GB MIG 4g.20gb (0),1,,13,"void ch_est::windowedChEstPreNoDftSOfdmKernel<float, __half, float, (unsigned int)2, (unsigned int)1, (unsigned short)4>(ch_est::puschRxChEstStatDescr_t *, ch_est::puschRxChEstDynDescr_t *)"
16423082011,20608,314779,137,2,1,24,2,1,44,0.001,0.001,,,,,NVIDIA A100-SXM4-40GB MIG 4g.20gb (0),1,,13,"void ch_est::chEstFilterNoDftSOfdmDispatchKernel<float, __half, float, (unsigned int)2>(ch_est::puschRxChEstStatDescr_t *, ch_est::puschRxChEstDynDescr_t *)"
16423184858,17760,314780,137,2,1,24,2,1,44,0.001,0.001,,,,,NVIDIA A100-SXM4-40GB MIG 4g.20gb (0),1,,13,"void ch_est::chEstFilterNoDftSOfdmDispatchKernel<float, __half, float, (unsigned int)2>(ch_est::puschRxChEstStatDescr_t *, ch_est::puschRxChEstDynDescr_t *)"
16423288569,8096,314791,103,1,1,128,1,1,16,0.000,0.000,,,,,NVIDIA A100-SXM4-40GB MIG 4g.20gb (0),1,,13,cupy_copy__complex64_complex64
16423373112,19136,314801,1434,1,1,128,1,1,16,0.000,0.000,,,,,NVIDIA A100-SXM4-40GB MIG 4g.20gb (0),1,,13,cupy_copy__complex64_complex64
16423428888,6495,314808,103,1,1,128,1,1,16,0.000,0.000,,,,,NVIDIA A100-SXM4-40GB MIG 4g.20gb (0),1,,13,cupy_copy__complex64_complex64
16423500375,319900,314815,1,1,1,32,32,1,30,0.000,0.000,,,,,NVIDIA A100-SXM4-40GB MIG 4g.20gb (0),1,,13,"void convert_kernel<__half2, float2>(tensor_layout_any, T1 *, tensor_layout_any, const T2 *)"
16423856019,9376,314818,,,,,,,,,,0.094,9993.147,Pinned,Device,NVIDIA A100-SXM4-40GB MIG 4g.20gb (0),1,,13,[CUDA memcpy Host-to-Device]
16423939154,60447,314819,,,,,,,,,,35.810,592403.507,Device,,NVIDIA A100-SXM4-40GB MIG 4g.20gb (0),1,,13,[CUDA memset]
16424001873,8800,314821,,,,,,,,,,0.000,9.091,Pinned,Device,NVIDIA A100-SXM4-40GB MIG 4g.20gb (0),1,,13,[CUDA memcpy Host-to-Device]
16424013777,9888,314822,,,,,,,,,,0.197,19883.360,Pinned,Device,NVIDIA A100-SXM4-40GB MIG 4g.20gb (0),1,,13,[CUDA memcpy Host-to-Device]
16424103728,29568,314823,273,1,1,48,1,1,40,0.000,0.001,,,,,NVIDIA A100-SXM4-40GB MIG 4g.20gb (0),1,,13,"void pusch_noise_intf_est::noiseIntfEstNoDftSOfdmKernel<float, __half, float, float, (unsigned int)2, (unsigned int)1, (unsigned char)4, (unsigned char)4>(pusch_noise_intf_est::puschRxNoiseIntfEstDynDescr)"
16424179279,9920,314834,35,1,1,128,1,1,16,0.000,0.000,,,,,NVIDIA A100-SXM4-40GB MIG 4g.20gb (0),1,,13,cupy_copy__complex64_complex64
16424301518,9344,314843,1,1,1,1,1,1,18,0.000,0.000,,,,,NVIDIA A100-SXM4-40GB MIG 4g.20gb (0),1,,13,cupy_copy__float32_float32
16424312910,2240,314849,,,,,,,,,,0.000,1.786,Device,Pageable,NVIDIA A100-SXM4-40GB MIG 4g.20gb (0),1,,7,[CUDA memcpy Device-to-Host]
16424432748,19552,314860,1434,1,1,128,1,1,16,0.000,0.000,,,,,NVIDIA A100-SXM4-40GB MIG 4g.20gb (0),1,,13,cupy_copy__complex64_complex64
16424506955,10656,314867,103,1,1,128,1,1,16,0.000,0.000,,,,,NVIDIA A100-SXM4-40GB MIG 4g.20gb (0),1,,13,cupy_copy__complex64_complex64
16424556683,8160,314874,35,1,1,128,1,1,16,0.000,0.000,,,,,NVIDIA A100-SXM4-40GB MIG 4g.20gb (0),1,,13,cupy_copy__complex64_complex64
16424632106,5376,314881,1,1,1,1,1,1,18,0.000,0.000,,,,,NVIDIA A100-SXM4-40GB MIG 4g.20gb (0),1,,13,cupy_copy__float32_float32
16424665418,310268,314892,1,1,1,32,32,1,30,0.000,0.000,,,,,NVIDIA A100-SXM4-40GB MIG 4g.20gb (0),1,,13,"void convert_kernel<__half2, float2>(tensor_layout_any, T1 *, tensor_layout_any, const T2 *)"
16425004518,7616,314895,,,,,,,,,,0.094,12302.472,Pinned,Device,NVIDIA A100-SXM4-40GB MIG 4g.20gb (0),1,,13,[CUDA memcpy Host-to-Device]
16425226499,8032,314896,,,,,,,,,,1.547,192556.235,Device,,NVIDIA A100-SXM4-40GB MIG 4g.20gb (0),1,,13,[CUDA memset]
16425238563,6592,314901,,,,,,,,,,0.031,4747.572,Pinned,Device,NVIDIA A100-SXM4-40GB MIG 4g.20gb (0),1,,13,[CUDA memcpy Host-to-Device]
16425247939,13440,314902,,,,,,,,,,0.197,14628.422,Pinned,Device,NVIDIA A100-SXM4-40GB MIG 4g.20gb (0),1,,13,[CUDA memcpy Host-to-Device]
16425548832,20607,314903,273,1,1,8,4,1,39,0.002,0.000,,,,,NVIDIA A100-SXM4-40GB MIG 4g.20gb (0),1,,13,"void channel_eq::eqMmseCoefCompLowMimoKernel<float, float, float, (unsigned int)4, (unsigned int)1, (unsigned int)4>(const channel_eq::_puschRxChEqStatDescr *, channel_eq::_puschRxChEqCoefCompDynDescr)"
16425817341,32351,314904,273,1,1,12,11,1,51,0.002,0.000,,,,,NVIDIA A100-SXM4-40GB MIG 4g.20gb (0),1,,13,"void channel_eq::eqMmseSoftDemapKernel<float, __half, __half, float, (unsigned int)4, (unsigned short)16383>(channel_eq::_puschRxChEqStatDescr *, channel_eq::_puschRxChEqSoftDemapDynDescr)"
16426110521,719224,314905,1,1,1,32,32,1,30,0.000,0.000,,,,,NVIDIA A100-SXM4-40GB MIG 4g.20gb (0),1,,13,"void convert_kernel<float2, __half2>(tensor_layout_any, T1 *, tensor_layout_any, const T2 *)"
16427117518,17888,314917,2253,1,1,128,1,1,16,0.000,0.000,,,,,NVIDIA A100-SXM4-40GB MIG 4g.20gb (0),1,,13,cupy_copy__float16_float16
16427409387,7616,314926,282,1,1,128,1,1,16,0.000,0.000,,,,,NVIDIA A100-SXM4-40GB MIG 4g.20gb (0),1,,13,cupy_copy__complex64_complex64
16427503210,11488,314935,26,1,1,128,1,1,16,0.000,0.000,,,,,NVIDIA A100-SXM4-40GB MIG 4g.20gb (0),1,,13,cupy_copy__float32_float32
16427551593,10944,314944,103,1,1,128,1,1,16,0.000,0.000,,,,,NVIDIA A100-SXM4-40GB MIG 4g.20gb (0),1,,13,cupy_copy__complex64_complex64
16427632328,18592,314954,1434,1,1,128,1,1,16,0.000,0.000,,,,,NVIDIA A100-SXM4-40GB MIG 4g.20gb (0),1,,13,cupy_copy__complex64_complex64
16427746855,316124,314959,1,1,1,32,32,1,30,0.000,0.000,,,,,NVIDIA A100-SXM4-40GB MIG 4g.20gb (0),1,,13,"void convert_kernel<__half2, float2>(tensor_layout_any, T1 *, tensor_layout_any, const T2 *)"
16428093315,5920,314962,,,,,,,,,,0.094,15826.941,Pinned,Device,NVIDIA A100-SXM4-40GB MIG 4g.20gb (0),1,,13,[CUDA memcpy Host-to-Device]
16428150946,616186,314963,,,,,,,,,,456.561,740542.656,Device,,NVIDIA A100-SXM4-40GB MIG 4g.20gb (0),1,,13,[CUDA memset]
16428771899,60832,314968,,,,,,,,,,1.235,20300.009,Pinned,Device,NVIDIA A100-SXM4-40GB MIG 4g.20gb (0),1,,13,[CUDA memcpy Host-to-Device]
16428837883,16576,314969,,,,,,,,,,0.197,11860.967,Pinned,Device,NVIDIA A100-SXM4-40GB MIG 4g.20gb (0),1,,13,[CUDA memcpy Host-to-Device]
16428901402,25568,314970,69,4,1,48,1,1,76,0.002,0.000,,,,,NVIDIA A100-SXM4-40GB MIG 4g.20gb (0),1,,13,"void ch_est::windowedChEstPreNoDftSOfdmKernel<float, __half, float, (unsigned int)2, (unsigned int)1, (unsigned short)4>(ch_est::puschRxChEstStatDescr_t *, ch_est::puschRxChEstDynDescr_t *)"
16428980185,19488,314971,137,2,1,24,2,1,44,0.001,0.001,,,,,NVIDIA A100-SXM4-40GB MIG 4g.20gb (0),1,,13,"void ch_est::chEstFilterNoDftSOfdmDispatchKernel<float, __half, float, (unsigned int)2>(ch_est::puschRxChEstStatDescr_t *, ch_est::puschRxChEstDynDescr_t *)"
16429088280,18016,314972,137,2,1,24,2,1,44,0.001,0.001,,,,,NVIDIA A100-SXM4-40GB MIG 4g.20gb (0),1,,13,"void ch_est::chEstFilterNoDftSOfdmDispatchKernel<float, __half, float, (unsigned int)2>(ch_est::puschRxChEstStatDescr_t *, ch_est::puschRxChEstDynDescr_t *)"
16429192247,7744,314983,103,1,1,128,1,1,16,0.000,0.000,,,,,NVIDIA A100-SXM4-40GB MIG 4g.20gb (0),1,,13,cupy_copy__complex64_complex64
16429297974,18335,314993,1434,1,1,128,1,1,16,0.000,0.000,,,,,NVIDIA A100-SXM4-40GB MIG 4g.20gb (0),1,,13,cupy_copy__complex64_complex64
16429410452,8704,315000,103,1,1,128,1,1,16,0.000,0.000,,,,,NVIDIA A100-SXM4-40GB MIG 4g.20gb (0),1,,13,cupy_copy__complex64_complex64
16429503443,308573,315007,1,1,1,32,32,1,30,0.000,0.000,,,,,NVIDIA A100-SXM4-40GB MIG 4g.20gb (0),1,,13,"void convert_kernel<__half2, float2>(tensor_layout_any, T1 *, tensor_layout_any, const T2 *)"
16429840495,5792,315010,,,,,,,,,,0.094,16176.708,Pinned,Device,NVIDIA A100-SXM4-40GB MIG 4g.20gb (0),1,,13,[CUDA memcpy Host-to-Device]
16429927087,52703,315011,,,,,,,,,,35.810,679457.422,Device,,NVIDIA A100-SXM4-40GB MIG 4g.20gb (0),1,,13,[CUDA memset]
16429984174,5920,315013,,,,,,,,,,0.000,13.513,Pinned,Device,NVIDIA A100-SXM4-40GB MIG 4g.20gb (0),1,,13,[CUDA memcpy Host-to-Device]
16429996718,9536,315014,,,,,,,,,,0.197,20617.298,Pinned,Device,NVIDIA A100-SXM4-40GB MIG 4g.20gb (0),1,,13,[CUDA memcpy Host-to-Device]
16430138060,27680,315015,273,1,1,48,1,1,40,0.000,0.001,,,,,NVIDIA A100-SXM4-40GB MIG 4g.20gb (0),1,,13,"void pusch_noise_intf_est::noiseIntfEstNoDftSOfdmKernel<float, __half, float, float, (unsigned int)2, (unsigned int)1, (unsigned char)4, (unsigned char)4>(pusch_noise_intf_est::puschRxNoiseIntfEstDynDescr)"
16430349706,4576,315026,35,1,1,128,1,1,16,0.000,0.000,,,,,NVIDIA A100-SXM4-40GB MIG 4g.20gb (0),1,,13,cupy_copy__complex64_complex64
16430464360,4704,315035,1,1,1,1,1,1,18,0.000,0.000,,,,,NVIDIA A100-SXM4-40GB MIG 4g.20gb (0),1,,13,cupy_copy__float32_float32
16430477256,1632,315041,,,,,,,,,,0.000,2.451,Device,Pageable,NVIDIA A100-SXM4-40GB MIG 4g.20gb (0),1,,7,[CUDA memcpy Device-to-Host]
16430671526,19328,315052,1434,1,1,128,1,1,16,0.000,0.000,,,,,NVIDIA A100-SXM4-40GB MIG 4g.20gb (0),1,,13,cupy_copy__complex64_complex64
16430881476,8768,315059,103,1,1,128,1,1,16,0.000,0.000,,,,,NVIDIA A100-SXM4-40GB MIG 4g.20gb (0),1,,13,cupy_copy__complex64_complex64
16431070530,12896,315066,35,1,1,128,1,1,16,0.000,0.000,,,,,NVIDIA A100-SXM4-40GB MIG 4g.20gb (0),1,,13,cupy_copy__complex64_complex64
16431230304,4128,315073,1,1,1,1,1,1,18,0.000,0.000,,,,,NVIDIA A100-SXM4-40GB MIG 4g.20gb (0),1,,13,cupy_copy__float32_float32
16431335967,350140,315084,1,1,1,32,32,1,30,0.000,0.000,,,,,NVIDIA A100-SXM4-40GB MIG 4g.20gb (0),1,,13,"void convert_kernel<__half2, float2>(tensor_layout_any, T1 *, tensor_layout_any, const T2 *)"
16431716538,13024,315087,,,,,,,,,,0.094,7194.073,Pinned,Device,NVIDIA A100-SXM4-40GB MIG 4g.20gb (0),1,,13,[CUDA memcpy Host-to-Device]
16431864089,8832,315088,,,,,,,,,,1.547,175114.956,Device,,NVIDIA A100-SXM4-40GB MIG 4g.20gb (0),1,,13,[CUDA memset]
16431874457,7040,315093,,,,,,,,,,0.031,4445.440,Pinned,Device,NVIDIA A100-SXM4-40GB MIG 4g.20gb (0),1,,13,[CUDA memcpy Host-to-Device]
16431885529,11359,315094,,,,,,,,,,0.197,17308.385,Pinned,Device,NVIDIA A100-SXM4-40GB MIG 4g.20gb (0),1,,13,[CUDA memcpy Host-to-Device]
16432078902,19776,315095,273,1,1,8,4,1,39,0.002,0.000,,,,,NVIDIA A100-SXM4-40GB MIG 4g.20gb (0),1,,13,"void channel_eq::eqMmseCoefCompLowMimoKernel<float, float, float, (unsigned int)4, (unsigned int)1, (unsigned int)4>(const channel_eq::_puschRxChEqStatDescr *, channel_eq::_puschRxChEqCoefCompDynDescr)"
16432313460,12768,315096,273,1,1,12,11,1,51,0.002,0.000,,,,,NVIDIA A100-SXM4-40GB MIG 4g.20gb (0),1,,13,"void channel_eq::eqMmseSoftDemapKernel<float, __half, __half, float, (unsigned int)4, (unsigned short)16383>(channel_eq::_puschRxChEqStatDescr *, channel_eq::_puschRxChEqSoftDemapDynDescr)"
16432422770,751096,315097,1,1,1,32,32,1,30,0.000,0.000,,,,,NVIDIA A100-SXM4-40GB MIG 4g.20gb (0),1,,13,"void convert_kernel<float2, __half2>(tensor_layout_any, T1 *, tensor_layout_any, const T2 *)"
16433226569,17184,315109,2253,1,1,128,1,1,16,0.000,0.000,,,,,NVIDIA A100-SXM4-40GB MIG 4g.20gb (0),1,,13,cupy_copy__float16_float16
16433305641,13567,315118,282,1,1,128,1,1,16,0.000,0.000,,,,,NVIDIA A100-SXM4-40GB MIG 4g.20gb (0),1,,13,cupy_copy__complex64_complex64
16433337256,5472,315127,26,1,1,128,1,1,16,0.000,0.000,,,,,NVIDIA A100-SXM4-40GB MIG 4g.20gb (0),1,,13,cupy_copy__float32_float32
16433408679,10080,315136,103,1,1,128,1,1,16,0.000,0.000,,,,,NVIDIA A100-SXM4-40GB MIG 4g.20gb (0),1,,13,cupy_copy__complex64_complex64
16433517094,21760,315146,1434,1,1,128,1,1,16,0.000,0.000,,,,,NVIDIA A100-SXM4-40GB MIG 4g.20gb (0),1,,13,cupy_copy__complex64_complex64
16433576710,301852,315151,1,1,1,32,32,1,30,0.000,0.000,,,,,NVIDIA A100-SXM4-40GB MIG 4g.20gb (0),1,,13,"void convert_kernel<__half2, float2>(tensor_layout_any, T1 *, tensor_layout_any, const T2 *)"
16433908290,5408,315154,,,,,,,,,,0.094,17325.421,Pinned,Device,NVIDIA A100-SXM4-40GB MIG 4g.20gb (0),1,,13,[CUDA memcpy Host-to-Device]
16433981921,621465,315155,,,,,,,,,,456.561,734607.357,Device,,NVIDIA A100-SXM4-40GB MIG 4g.20gb (0),1,,13,[CUDA memset]
16434608634,63583,315160,,,,,,,,,,1.235,19421.964,Pinned,Device,NVIDIA A100-SXM4-40GB MIG 4g.20gb (0),1,,13,[CUDA memcpy Host-to-Device]
16434677977,12672,315161,,,,,,,,,,0.197,15515.124,Pinned,Device,NVIDIA A100-SXM4-40GB MIG 4g.20gb (0),1,,13,[CUDA memcpy Host-to-Device]
16434782840,19392,315162,69,4,1,48,1,1,76,0.002,0.000,,,,,NVIDIA A100-SXM4-40GB MIG 4g.20gb (0),1,,13,"void ch_est::windowedChEstPreNoDftSOfdmKernel<float, __half, float, (unsigned int)2, (unsigned int)1, (unsigned short)4>(ch_est::puschRxChEstStatDescr_t *, ch_est::puschRxChEstDynDescr_t *)"
16434891799,21376,315163,137,2,1,24,2,1,44,0.001,0.001,,,,,NVIDIA A100-SXM4-40GB MIG 4g.20gb (0),1,,13,"void ch_est::chEstFilterNoDftSOfdmDispatchKernel<float, __half, float, (unsigned int)2>(ch_est::puschRxChEstStatDescr_t *, ch_est::puschRxChEstDynDescr_t *)"
16434998646,21983,315164,137,2,1,24,2,1,44,0.001,0.001,,,,,NVIDIA A100-SXM4-40GB MIG 4g.20gb (0),1,,13,"void ch_est::chEstFilterNoDftSOfdmDispatchKernel<float, __half, float, (unsigned int)2>(ch_est::puschRxChEstStatDescr_t *, ch_est::puschRxChEstDynDescr_t *)"
16435163220,7456,315175,103,1,1,128,1,1,16,0.000,0.000,,,,,NVIDIA A100-SXM4-40GB MIG 4g.20gb (0),1,,13,cupy_copy__complex64_complex64
16435333586,21312,315185,1434,1,1,128,1,1,16,0.000,0.000,,,,,NVIDIA A100-SXM4-40GB MIG 4g.20gb (0),1,,13,cupy_copy__complex64_complex64
16435480304,7040,315192,103,1,1,128,1,1,16,0.000,0.000,,,,,NVIDIA A100-SXM4-40GB MIG 4g.20gb (0),1,,13,cupy_copy__complex64_complex64
16435554127,336765,315199,1,1,1,32,32,1,30,0.000,0.000,,,,,NVIDIA A100-SXM4-40GB MIG 4g.20gb (0),1,,13,"void convert_kernel<__half2, float2>(tensor_layout_any, T1 *, tensor_layout_any, const T2 *)"
16435921099,10240,315202,,,,,,,,,,0.094,9149.977,Pinned,Device,NVIDIA A100-SXM4-40GB MIG 4g.20gb (0),1,,13,[CUDA memcpy Host-to-Device]
16436095337,65599,315203,,,,,,,,,,35.810,545886.420,Device,,NVIDIA A100-SXM4-40GB MIG 4g.20gb (0),1,,13,[CUDA memset]
16436167432,6080,315205,,,,,,,,,,0.000,13.158,Pinned,Device,NVIDIA A100-SXM4-40GB MIG 4g.20gb (0),1,,13,[CUDA memcpy Host-to-Device]
16436180072,12416,315206,,,,,,,,,,0.197,15835.005,Pinned,Device,NVIDIA A100-SXM4-40GB MIG 4g.20gb (0),1,,13,[CUDA memcpy Host-to-Device]
16436371014,28064,315207,273,1,1,48,1,1,40,0.000,0.001,,,,,NVIDIA A100-SXM4-40GB MIG 4g.20gb (0),1,,13,"void pusch_noise_intf_est::noiseIntfEstNoDftSOfdmKernel<float, __half, float, float, (unsigned int)2, (unsigned int)1, (unsigned char)4, (unsigned char)4>(pusch_noise_intf_est::puschRxNoiseIntfEstDynDescr)"
16436558500,7680,315218,35,1,1,128,1,1,16,0.000,0.000,,,,,NVIDIA A100-SXM4-40GB MIG 4g.20gb (0),1,,13,cupy_copy__complex64_complex64
16436678403,6432,315227,1,1,1,1,1,1,18,0.000,0.000,,,,,NVIDIA A100-SXM4-40GB MIG 4g.20gb (0),1,,13,cupy_copy__float32_float32
16436692419,4095,315233,,,,,,,,,,0.000,0.977,Device,Pageable,NVIDIA A100-SXM4-40GB MIG 4g.20gb (0),1,,7,[CUDA memcpy Device-to-Host]
16436947616,22815,315244,1434,1,1,128,1,1,16,0.000,0.000,,,,,NVIDIA A100-SXM4-40GB MIG 4g.20gb (0),1,,13,cupy_copy__complex64_complex64
16437143837,13792,315251,103,1,1,128,1,1,16,0.000,0.000,,,,,NVIDIA A100-SXM4-40GB MIG 4g.20gb (0),1,,13,cupy_copy__complex64_complex64
16437239708,10784,315258,35,1,1,128,1,1,16,0.000,0.000,,,,,NVIDIA A100-SXM4-40GB MIG 4g.20gb (0),1,,13,cupy_copy__complex64_complex64
16437291260,4992,315265,1,1,1,1,1,1,18,0.000,0.000,,,,,NVIDIA A100-SXM4-40GB MIG 4g.20gb (0),1,,13,cupy_copy__float32_float32
16437364475,314556,315276,1,1,1,32,32,1,30,0.000,0.000,,,,,NVIDIA A100-SXM4-40GB MIG 4g.20gb (0),1,,13,"void convert_kernel<__half2, float2>(tensor_layout_any, T1 *, tensor_layout_any, const T2 *)"
16437708567,5984,315279,,,,,,,,,,0.094,15657.726,Pinned,Device,NVIDIA A100-SXM4-40GB MIG 4g.20gb (0),1,,13,[CUDA memcpy Host-to-Device]
16437797878,12800,315280,,,,,,,,,,1.547,120830.000,Device,,NVIDIA A100-SXM4-40GB MIG 4g.20gb (0),1,,13,[CUDA memset]
16437812982,8288,315285,,,,,,,,,,0.031,3776.050,Pinned,Device,NVIDIA A100-SXM4-40GB MIG 4g.20gb (0),1,,13,[CUDA memcpy Host-to-Device]
16437824342,16352,315286,,,,,,,,,,0.197,12023.366,Pinned,Device,NVIDIA A100-SXM4-40GB MIG 4g.20gb (0),1,,13,[CUDA memcpy Host-to-Device]
16437903093,27968,315287,273,1,1,8,4,1,39,0.002,0.000,,,,,NVIDIA A100-SXM4-40GB MIG 4g.20gb (0),1,,13,"void channel_eq::eqMmseCoefCompLowMimoKernel<float, float, float, (unsigned int)4, (unsigned int)1, (unsigned int)4>(const channel_eq::_puschRxChEqStatDescr *, channel_eq::_puschRxChEqCoefCompDynDescr)"
16438013780,26239,315288,273,1,1,12,11,1,51,0.002,0.000,,,,,NVIDIA A100-SXM4-40GB MIG 4g.20gb (0),1,,13,"void channel_eq::eqMmseSoftDemapKernel<float, __half, __half, float, (unsigned int)4, (unsigned short)16383>(channel_eq::_puschRxChEqStatDescr *, channel_eq::_puschRxChEqSoftDemapDynDescr)"
16438094515,818231,315289,1,1,1,32,32,1,30,0.000,0.000,,,,,NVIDIA A100-SXM4-40GB MIG 4g.20gb (0),1,,13,"void convert_kernel<float2, __half2>(tensor_layout_any, T1 *, tensor_layout_any, const T2 *)"
16439121543,14624,315301,2253,1,1,128,1,1,16,0.000,0.000,,,,,NVIDIA A100-SXM4-40GB MIG 4g.20gb (0),1,,13,cupy_copy__float16_float16
16439373412,6400,315310,282,1,1,128,1,1,16,0.000,0.000,,,,,NVIDIA A100-SXM4-40GB MIG 4g.20gb (0),1,,13,cupy_copy__complex64_complex64
16439594626,11424,315319,26,1,1,128,1,1,16,0.000,0.000,,,,,NVIDIA A100-SXM4-40GB MIG 4g.20gb (0),1,,13,cupy_copy__float32_float32
16439786144,5280,315328,103,1,1,128,1,1,16,0.000,0.000,,,,,NVIDIA A100-SXM4-40GB MIG 4g.20gb (0),1,,13,cupy_copy__complex64_complex64
16439919294,19616,315338,1434,1,1,128,1,1,16,0.000,0.000,,,,,NVIDIA A100-SXM4-40GB MIG 4g.20gb (0),1,,13,cupy_copy__complex64_complex64
16440140380,317212,315343,1,1,1,32,32,1,30,0.000,0.000,,,,,NVIDIA A100-SXM4-40GB MIG 4g.20gb (0),1,,13,"void convert_kernel<__half2, float2>(tensor_layout_any, T1 *, tensor_layout_any, const T2 *)"
16440488664,12064,315346,,,,,,,,,,0.094,7766.555,Pinned,Device,NVIDIA A100-SXM4-40GB MIG 4g.20gb (0),1,,13,[CUDA memcpy Host-to-Device]
16440654230,623673,315347,,,,,,,,,,456.561,731867.988,Device,,NVIDIA A100-SXM4-40GB MIG 4g.20gb (0),1,,13,[CUDA memset]
16441283823,64063,315352,,,,,,,,,,1.235,19276.241,Pinned,Device,NVIDIA A100-SXM4-40GB MIG 4g.20gb (0),1,,13,[CUDA memcpy Host-to-Device]
16441354062,12384,315353,,,,,,,,,,0.197,15875.899,Pinned,Device,NVIDIA A100-SXM4-40GB MIG 4g.20gb (0),1,,13,[CUDA memcpy Host-to-Device]
16441522060,32224,315354,69,4,1,48,1,1,76,0.002,0.000,,,,,NVIDIA A100-SXM4-40GB MIG 4g.20gb (0),1,,13,"void ch_est::windowedChEstPreNoDftSOfdmKernel<float, __half, float, (unsigned int)2, (unsigned int)1, (unsigned short)4>(ch_est::puschRxChEstStatDescr_t *, ch_est::puschRxChEstDynDescr_t *)"
16441735082,25504,315355,137,2,1,24,2,1,44,0.001,0.001,,,,,NVIDIA A100-SXM4-40GB MIG 4g.20gb (0),1,,13,"void ch_est::chEstFilterNoDftSOfdmDispatchKernel<float, __half, float, (unsigned int)2>(ch_est::puschRxChEstStatDescr_t *, ch_est::puschRxChEstDynDescr_t *)"
16441932008,17919,315356,137,2,1,24,2,1,44,0.001,0.001,,,,,NVIDIA A100-SXM4-40GB MIG 4g.20gb (0),1,,13,"void ch_est::chEstFilterNoDftSOfdmDispatchKernel<float, __half, float, (unsigned int)2>(ch_est::puschRxChEstStatDescr_t *, ch_est::puschRxChEstDynDescr_t *)"
16442038278,5248,315367,103,1,1,128,1,1,16,0.000,0.000,,,,,NVIDIA A100-SXM4-40GB MIG 4g.20gb (0),1,,13,cupy_copy__complex64_complex64
16442087942,20000,315377,1434,1,1,128,1,1,16,0.000,0.000,,,,,NVIDIA A100-SXM4-40GB MIG 4g.20gb (0),1,,13,cupy_copy__complex64_complex64
16442142469,7968,315384,103,1,1,128,1,1,16,0.000,0.000,,,,,NVIDIA A100-SXM4-40GB MIG 4g.20gb (0),1,,13,cupy_copy__complex64_complex64
16442214404,302973,315391,1,1,1,32,32,1,30,0.000,0.000,,,,,NVIDIA A100-SXM4-40GB MIG 4g.20gb (0),1,,13,"void convert_kernel<__half2, float2>(tensor_layout_any, T1 *, tensor_layout_any, const T2 *)"
16442545921,5856,315394,,,,,,,,,,0.094,15999.997,Pinned,Device,NVIDIA A100-SXM4-40GB MIG 4g.20gb (0),1,,13,[CUDA memcpy Host-to-Device]
16442620928,52383,315395,,,,,,,,,,35.810,683611.373,Device,,NVIDIA A100-SXM4-40GB MIG 4g.20gb (0),1,,13,[CUDA memset]
16442678559,2016,315397,,,,,,,,,,0.000,39.682,Pinned,Device,NVIDIA A100-SXM4-40GB MIG 4g.20gb (0),1,,13,[CUDA memcpy Host-to-Device]
16442687679,9792,315398,,,,,,,,,,0.197,20078.395,Pinned,Device,NVIDIA A100-SXM4-40GB MIG 4g.20gb (0),1,,13,[CUDA memcpy Host-to-Device]
16442774174,26304,315399,273,1,1,48,1,1,40,0.000,0.001,,,,,NVIDIA A100-SXM4-40GB MIG 4g.20gb (0),1,,13,"void pusch_noise_intf_est::noiseIntfEstNoDftSOfdmKernel<float, __half, float, float, (unsigned int)2, (unsigned int)1, (unsigned char)4, (unsigned char)4>(pusch_noise_intf_est::puschRxNoiseIntfEstDynDescr)"
16442878333,6080,315410,35,1,1,128,1,1,16,0.000,0.000,,,,,NVIDIA A100-SXM4-40GB MIG 4g.20gb (0),1,,13,cupy_copy__complex64_complex64
16442981180,4288,315419,1,1,1,1,1,1,18,0.000,0.000,,,,,NVIDIA A100-SXM4-40GB MIG 4g.20gb (0),1,,13,cupy_copy__float32_float32
16442988028,1728,315425,,,,,,,,,,0.000,2.315,Device,Pageable,NVIDIA A100-SXM4-40GB MIG 4g.20gb (0),1,,7,[CUDA memcpy Device-to-Host]
16443103546,18784,315436,1434,1,1,128,1,1,16,0.000,0.000,,,,,NVIDIA A100-SXM4-40GB MIG 4g.20gb (0),1,,13,cupy_copy__complex64_complex64
16443218425,11360,315443,103,1,1,128,1,1,16,0.000,0.000,,,,,NVIDIA A100-SXM4-40GB MIG 4g.20gb (0),1,,13,cupy_copy__complex64_complex64
16443324376,10624,315450,35,1,1,128,1,1,16,0.000,0.000,,,,,NVIDIA A100-SXM4-40GB MIG 4g.20gb (0),1,,13,cupy_copy__complex64_complex64
16443434743,5984,315457,1,1,1,1,1,1,18,0.000,0.000,,,,,NVIDIA A100-SXM4-40GB MIG 4g.20gb (0),1,,13,cupy_copy__float32_float32
16443466806,340349,315468,1,1,1,32,32,1,30,0.000,0.000,,,,,NVIDIA A100-SXM4-40GB MIG 4g.20gb (0),1,,13,"void convert_kernel<__half2, float2>(tensor_layout_any, T1 *, tensor_layout_any, const T2 *)"
16443835730,13856,315471,,,,,,,,,,0.094,6762.040,Pinned,Device,NVIDIA A100-SXM4-40GB MIG 4g.20gb (0),1,,13,[CUDA memcpy Host-to-Device]
16443996304,9792,315472,,,,,,,,,,1.547,157947.429,Device,,NVIDIA A100-SXM4-40GB MIG 4g.20gb (0),1,,13,[CUDA memset]
16444010768,3232,315477,,,,,,,,,,0.031,9683.139,Pinned,Device,NVIDIA A100-SXM4-40GB MIG 4g.20gb (0),1,,13,[CUDA memcpy Host-to-Device]
16444019536,12640,315478,,,,,,,,,,0.197,15554.249,Pinned,Device,NVIDIA A100-SXM4-40GB MIG 4g.20gb (0),1,,13,[CUDA memcpy Host-to-Device]
16444254766,34559,315479,273,1,1,8,4,1,39,0.002,0.000,,,,,NVIDIA A100-SXM4-40GB MIG 4g.20gb (0),1,,13,"void channel_eq::eqMmseCoefCompLowMimoKernel<float, float, float, (unsigned int)4, (unsigned int)1, (unsigned int)4>(const channel_eq::_puschRxChEqStatDescr *, channel_eq::_puschRxChEqCoefCompDynDescr)"
16444525099,31551,315480,273,1,1,12,11,1,51,0.002,0.000,,,,,NVIDIA A100-SXM4-40GB MIG 4g.20gb (0),1,,13,"void channel_eq::eqMmseSoftDemapKernel<float, __half, __half, float, (unsigned int)4, (unsigned short)16383>(channel_eq::_puschRxChEqStatDescr *, channel_eq::_puschRxChEqSoftDemapDynDescr)"
16444749192,772247,315481,1,1,1,32,32,1,30,0.000,0.000,,,,,NVIDIA A100-SXM4-40GB MIG 4g.20gb (0),1,,13,"void convert_kernel<float2, __half2>(tensor_layout_any, T1 *, tensor_layout_any, const T2 *)"
16445621566,19200,315493,2253,1,1,128,1,1,16,0.000,0.000,,,,,NVIDIA A100-SXM4-40GB MIG 4g.20gb (0),1,,13,cupy_copy__float16_float16
16445890363,13120,315502,282,1,1,128,1,1,16,0.000,0.000,,,,,NVIDIA A100-SXM4-40GB MIG 4g.20gb (0),1,,13,cupy_copy__complex64_complex64
16446096953,5824,315511,26,1,1,128,1,1,16,0.000,0.000,,,,,NVIDIA A100-SXM4-40GB MIG 4g.20gb (0),1,,13,cupy_copy__float32_float32
16446299927,7680,315520,103,1,1,128,1,1,16,0.000,0.000,,,,,NVIDIA A100-SXM4-40GB MIG 4g.20gb (0),1,,13,cupy_copy__complex64_complex64
16446408981,20160,315530,1434,1,1,128,1,1,16,0.000,0.000,,,,,NVIDIA A100-SXM4-40GB MIG 4g.20gb (0),1,,13,cupy_copy__complex64_complex64
16446465877,316604,315535,1,1,1,32,32,1,30,0.000,0.000,,,,,NVIDIA A100-SXM4-40GB MIG 4g.20gb (0),1,,13,"void convert_kernel<__half2, float2>(tensor_layout_any, T1 *, tensor_layout_any, const T2 *)"
16446811505,6272,315538,,,,,,,,,,0.094,14938.703,Pinned,Device,NVIDIA A100-SXM4-40GB MIG 4g.20gb (0),1,,13,[CUDA memcpy Host-to-Device]
16446874000,616921,315539,,,,,,,,,,456.561,739629.533,Device,,NVIDIA A100-SXM4-40GB MIG 4g.20gb (0),1,,13,[CUDA memset]
16447493225,66655,315544,,,,,,,,,,1.235,18526.630,Pinned,Device,NVIDIA A100-SXM4-40GB MIG 4g.20gb (0),1,,13,[CUDA memcpy Host-to-Device]
16447565896,15360,315545,,,,,,,,,,0.197,12799.967,Pinned,Device,NVIDIA A100-SXM4-40GB MIG 4g.20gb (0),1,,13,[CUDA memcpy Host-to-Device]
16447667335,21248,315546,69,4,1,48,1,1,76,0.002,0.000,,,,,NVIDIA A100-SXM4-40GB MIG 4g.20gb (0),1,,13,"void ch_est::windowedChEstPreNoDftSOfdmKernel<float, __half, float, (unsigned int)2, (unsigned int)1, (unsigned short)4>(ch_est::puschRxChEstStatDescr_t *, ch_est::puschRxChEstDynDescr_t *)"
16447776838,20800,315547,137,2,1,24,2,1,44,0.001,0.001,,,,,NVIDIA A100-SXM4-40GB MIG 4g.20gb (0),1,,13,"void ch_est::chEstFilterNoDftSOfdmDispatchKernel<float, __half, float, (unsigned int)2>(ch_est::puschRxChEstStatDescr_t *, ch_est::puschRxChEstDynDescr_t *)"
16447884837,15872,315548,137,2,1,24,2,1,44,0.001,0.001,,,,,NVIDIA A100-SXM4-40GB MIG 4g.20gb (0),1,,13,"void ch_est::chEstFilterNoDftSOfdmDispatchKernel<float, __half, float, (unsigned int)2>(ch_est::puschRxChEstStatDescr_t *, ch_est::puschRxChEstDynDescr_t *)"
16447992164,10687,315559,103,1,1,128,1,1,16,0.000,0.000,,,,,NVIDIA A100-SXM4-40GB MIG 4g.20gb (0),1,,13,cupy_copy__complex64_complex64
16448098018,19712,315569,1434,1,1,128,1,1,16,0.000,0.000,,,,,NVIDIA A100-SXM4-40GB MIG 4g.20gb (0),1,,13,cupy_copy__complex64_complex64
16448212961,7456,315576,103,1,1,128,1,1,16,0.000,0.000,,,,,NVIDIA A100-SXM4-40GB MIG 4g.20gb (0),1,,13,cupy_copy__complex64_complex64
16448306496,319772,315583,1,1,1,32,32,1,30,0.000,0.000,,,,,NVIDIA A100-SXM4-40GB MIG 4g.20gb (0),1,,13,"void convert_kernel<__half2, float2>(tensor_layout_any, T1 *, tensor_layout_any, const T2 *)"
16448659356,9280,315586,,,,,,,,,,0.094,10096.494,Pinned,Device,NVIDIA A100-SXM4-40GB MIG 4g.20gb (0),1,,13,[CUDA memcpy Host-to-Device]
16448788347,54271,315587,,,,,,,,,,35.810,659833.586,Device,,NVIDIA A100-SXM4-40GB MIG 4g.20gb (0),1,,13,[CUDA memset]
16448845274,3360,315589,,,,,,,,,,0.000,23.810,Pinned,Device,NVIDIA A100-SXM4-40GB MIG 4g.20gb (0),1,,13,[CUDA memcpy Host-to-Device]
16448855386,10112,315590,,,,,,,,,,0.197,19442.958,Pinned,Device,NVIDIA A100-SXM4-40GB MIG 4g.20gb (0),1,,13,[CUDA memcpy Host-to-Device]
16449061624,20671,315591,273,1,1,48,1,1,40,0.000,0.001,,,,,NVIDIA A100-SXM4-40GB MIG 4g.20gb (0),1,,13,"void pusch_noise_intf_est::noiseIntfEstNoDftSOfdmKernel<float, __half, float, float, (unsigned int)2, (unsigned int)1, (unsigned char)4, (unsigned char)4>(pusch_noise_intf_est::puschRxNoiseIntfEstDynDescr)"
16449276501,10112,315602,35,1,1,128,1,1,16,0.000,0.000,,,,,NVIDIA A100-SXM4-40GB MIG 4g.20gb (0),1,,13,cupy_copy__complex64_complex64
16449425939,4000,315611,1,1,1,1,1,1,18,0.000,0.000,,,,,NVIDIA A100-SXM4-40GB MIG 4g.20gb (0),1,,13,cupy_copy__float32_float32
16449432019,5248,315617,,,,,,,,,,0.000,0.762,Device,Pageable,NVIDIA A100-SXM4-40GB MIG 4g.20gb (0),1,,7,[CUDA memcpy Device-to-Host]
16449637713,19936,315628,1434,1,1,128,1,1,16,0.000,0.000,,,,,NVIDIA A100-SXM4-40GB MIG 4g.20gb (0),1,,13,cupy_copy__complex64_complex64
16449756912,10656,315635,103,1,1,128,1,1,16,0.000,0.000,,,,,NVIDIA A100-SXM4-40GB MIG 4g.20gb (0),1,,13,cupy_copy__complex64_complex64
16449927054,11456,315642,35,1,1,128,1,1,16,0.000,0.000,,,,,NVIDIA A100-SXM4-40GB MIG 4g.20gb (0),1,,13,cupy_copy__complex64_complex64
16450116012,5952,315649,1,1,1,1,1,1,18,0.000,0.000,,,,,NVIDIA A100-SXM4-40GB MIG 4g.20gb (0),1,,13,cupy_copy__float32_float32
16450276778,318108,315660,1,1,1,32,32,1,30,0.000,0.000,,,,,NVIDIA A100-SXM4-40GB MIG 4g.20gb (0),1,,13,"void convert_kernel<__half2, float2>(tensor_layout_any, T1 *, tensor_layout_any, const T2 *)"
16450628486,8672,315663,,,,,,,,,,0.094,10804.367,Pinned,Device,NVIDIA A100-SXM4-40GB MIG 4g.20gb (0),1,,13,[CUDA memcpy Host-to-Device]
16450811748,12256,315664,,,,,,,,,,1.547,126192.145,Device,,NVIDIA A100-SXM4-40GB MIG 4g.20gb (0),1,,13,[CUDA memset]
16450830980,7104,315669,,,,,,,,,,0.031,4405.381,Pinned,Device,NVIDIA A100-SXM4-40GB MIG 4g.20gb (0),1,,13,[CUDA memcpy Host-to-Device]
16450844452,17183,315670,,,,,,,,,,0.197,11441.996,Pinned,Device,NVIDIA A100-SXM4-40GB MIG 4g.20gb (0),1,,13,[CUDA memcpy Host-to-Device]
16451021538,34303,315671,273,1,1,8,4,1,39,0.002,0.000,,,,,NVIDIA A100-SXM4-40GB MIG 4g.20gb (0),1,,13,"void channel_eq::eqMmseCoefCompLowMimoKernel<float, float, float, (unsigned int)4, (unsigned int)1, (unsigned int)4>(const channel_eq::_puschRxChEqStatDescr *, channel_eq::_puschRxChEqCoefCompDynDescr)"
16451107649,16095,315672,273,1,1,12,11,1,51,0.002,0.000,,,,,NVIDIA A100-SXM4-40GB MIG 4g.20gb (0),1,,13,"void channel_eq::eqMmseSoftDemapKernel<float, __half, __half, float, (unsigned int)4, (unsigned short)16383>(channel_eq::_puschRxChEqStatDescr *, channel_eq::_puschRxChEqSoftDemapDynDescr)"
16451209567,787128,315673,1,1,1,32,32,1,30,0.000,0.000,,,,,NVIDIA A100-SXM4-40GB MIG 4g.20gb (0),1,,13,"void convert_kernel<float2, __half2>(tensor_layout_any, T1 *, tensor_layout_any, const T2 *)"
16452060886,15904,315685,2253,1,1,128,1,1,16,0.000,0.000,,,,,NVIDIA A100-SXM4-40GB MIG 4g.20gb (0),1,,13,cupy_copy__float16_float16
16452138709,6816,315694,282,1,1,128,1,1,16,0.000,0.000,,,,,NVIDIA A100-SXM4-40GB MIG 4g.20gb (0),1,,13,cupy_copy__complex64_complex64
16452222644,11200,315703,26,1,1,128,1,1,16,0.000,0.000,,,,,NVIDIA A100-SXM4-40GB MIG 4g.20gb (0),1,,13,cupy_copy__float32_float32
16452272851,8576,315712,103,1,1,128,1,1,16,0.000,0.000,,,,,NVIDIA A100-SXM4-40GB MIG 4g.20gb (0),1,,13,cupy_copy__complex64_complex64
16452350643,17951,315722,1434,1,1,128,1,1,16,0.000,0.000,,,,,NVIDIA A100-SXM4-40GB MIG 4g.20gb (0),1,,13,cupy_copy__complex64_complex64
16452406098,342556,315727,1,1,1,32,32,1,30,0.000,0.000,,,,,NVIDIA A100-SXM4-40GB MIG 4g.20gb (0),1,,13,"void convert_kernel<__half2, float2>(tensor_layout_any, T1 *, tensor_layout_any, const T2 *)"
16452777870,8256,315730,,,,,,,,,,0.094,11348.834,Pinned,Device,NVIDIA A100-SXM4-40GB MIG 4g.20gb (0),1,,13,[CUDA memcpy Host-to-Device]
16452963084,610425,315731,,,,,,,,,,456.561,747847.639,Device,,NVIDIA A100-SXM4-40GB MIG 4g.20gb (0),1,,13,[CUDA memset]
16453579333,62815,315736,,,,,,,,,,1.235,19659.074,Pinned,Device,NVIDIA A100-SXM4-40GB MIG 4g.20gb (0),1,,13,[CUDA memcpy Host-to-Device]
16453648516,12288,315737,,,,,,,,,,0.197,15999.959,Pinned,Device,NVIDIA A100-SXM4-40GB MIG 4g.20gb (0),1,,13,[CUDA memcpy Host-to-Device]
16453843490,30176,315738,69,4,1,48,1,1,76,0.002,0.000,,,,,NVIDIA A100-SXM4-40GB MIG 4g.20gb (0),1,,13,"void ch_est::windowedChEstPreNoDftSOfdmKernel<float, __half, float, (unsigned int)2, (unsigned int)1, (unsigned short)4>(ch_est::puschRxChEstStatDescr_t *, ch_est::puschRxChEstDynDescr_t *)"
16453923777,20672,315739,137,2,1,24,2,1,44,0.001,0.001,,,,,NVIDIA A100-SXM4-40GB MIG 4g.20gb (0),1,,13,"void ch_est::chEstFilterNoDftSOfdmDispatchKernel<float, __half, float, (unsigned int)2>(ch_est::puschRxChEstStatDescr_t *, ch_est::puschRxChEstDynDescr_t *)"
16454153374,19392,315740,137,2,1,24,2,1,44,0.001,0.001,,,,,NVIDIA A100-SXM4-40GB MIG 4g.20gb (0),1,,13,"void ch_est::chEstFilterNoDftSOfdmDispatchKernel<float, __half, float, (unsigned int)2>(ch_est::puschRxChEstStatDescr_t *, ch_est::puschRxChEstDynDescr_t *)"
16454386492,8224,315751,103,1,1,128,1,1,16,0.000,0.000,,,,,NVIDIA A100-SXM4-40GB MIG 4g.20gb (0),1,,13,cupy_copy__complex64_complex64
16454604921,19392,315761,1434,1,1,128,1,1,16,0.000,0.000,,,,,NVIDIA A100-SXM4-40GB MIG 4g.20gb (0),1,,13,cupy_copy__complex64_complex64
16454794167,4576,315768,103,1,1,128,1,1,16,0.000,0.000,,,,,NVIDIA A100-SXM4-40GB MIG 4g.20gb (0),1,,13,cupy_copy__complex64_complex64
16454907702,308252,315775,1,1,1,32,32,1,30,0.000,0.000,,,,,NVIDIA A100-SXM4-40GB MIG 4g.20gb (0),1,,13,"void convert_kernel<__half2, float2>(tensor_layout_any, T1 *, tensor_layout_any, const T2 *)"
16455244274,13216,315778,,,,,,,,,,0.094,7089.508,Pinned,Device,NVIDIA A100-SXM4-40GB MIG 4g.20gb (0),1,,13,[CUDA memcpy Host-to-Device]
16455372689,58079,315779,,,,,,,,,,35.810,616539.393,Device,,NVIDIA A100-SXM4-40GB MIG 4g.20gb (0),1,,13,[CUDA memset]
16455434064,5472,315781,,,,,,,,,,0.000,14.620,Pinned,Device,NVIDIA A100-SXM4-40GB MIG 4g.20gb (0),1,,13,[CUDA memcpy Host-to-Device]
16455443760,9728,315782,,,,,,,,,,0.197,20210.516,Pinned,Device,NVIDIA A100-SXM4-40GB MIG 4g.20gb (0),1,,13,[CUDA memcpy Host-to-Device]
16455666573,16544,315783,273,1,1,48,1,1,40,0.000,0.001,,,,,NVIDIA A100-SXM4-40GB MIG 4g.20gb (0),1,,13,"void pusch_noise_intf_est::noiseIntfEstNoDftSOfdmKernel<float, __half, float, float, (unsigned int)2, (unsigned int)1, (unsigned char)4, (unsigned char)4>(pusch_noise_intf_est::puschRxNoiseIntfEstDynDescr)"
16455875403,11808,315794,35,1,1,128,1,1,16,0.000,0.000,,,,,NVIDIA A100-SXM4-40GB MIG 4g.20gb (0),1,,13,cupy_copy__complex64_complex64
16455973194,4672,315803,1,1,1,1,1,1,18,0.000,0.000,,,,,NVIDIA A100-SXM4-40GB MIG 4g.20gb (0),1,,13,cupy_copy__float32_float32
16455982890,1632,315809,,,,,,,,,,0.000,2.451,Device,Pageable,NVIDIA A100-SXM4-40GB MIG 4g.20gb (0),1,,7,[CUDA memcpy Device-to-Host]
16456094377,19871,315820,1434,1,1,128,1,1,16,0.000,0.000,,,,,NVIDIA A100-SXM4-40GB MIG 4g.20gb (0),1,,13,cupy_copy__complex64_complex64
16456208167,10560,315827,103,1,1,128,1,1,16,0.000,0.000,,,,,NVIDIA A100-SXM4-40GB MIG 4g.20gb (0),1,,13,cupy_copy__complex64_complex64
16456239943,7648,315834,35,1,1,128,1,1,16,0.000,0.000,,,,,NVIDIA A100-SXM4-40GB MIG 4g.20gb (0),1,,13,cupy_copy__complex64_complex64
16456314406,4000,315841,1,1,1,1,1,1,18,0.000,0.000,,,,,NVIDIA A100-SXM4-40GB MIG 4g.20gb (0),1,,13,cupy_copy__float32_float32
16456347718,312828,315852,1,1,1,32,32,1,30,0.000,0.000,,,,,NVIDIA A100-SXM4-40GB MIG 4g.20gb (0),1,,13,"void convert_kernel<__half2, float2>(tensor_layout_any, T1 *, tensor_layout_any, const T2 *)"
16456693346,5888,315855,,,,,,,,,,0.094,15912.954,Pinned,Device,NVIDIA A100-SXM4-40GB MIG 4g.20gb (0),1,,13,[CUDA memcpy Host-to-Device]
16456753057,11648,315856,,,,,,,,,,1.547,132779.217,Device,,NVIDIA A100-SXM4-40GB MIG 4g.20gb (0),1,,13,[CUDA memset]
16456768065,8160,315861,,,,,,,,,,0.031,3835.294,Pinned,Device,NVIDIA A100-SXM4-40GB MIG 4g.20gb (0),1,,13,[CUDA memcpy Host-to-Device]
16456778881,14720,315862,,,,,,,,,,0.197,13356.368,Pinned,Device,NVIDIA A100-SXM4-40GB MIG 4g.20gb (0),1,,13,[CUDA memcpy Host-to-Device]
16456858912,33952,315863,273,1,1,8,4,1,39,0.002,0.000,,,,,NVIDIA A100-SXM4-40GB MIG 4g.20gb (0),1,,13,"void channel_eq::eqMmseCoefCompLowMimoKernel<float, float, float, (unsigned int)4, (unsigned int)1, (unsigned int)4>(const channel_eq::_puschRxChEqStatDescr *, channel_eq::_puschRxChEqCoefCompDynDescr)"
16456937631,15104,315864,273,1,1,12,11,1,51,0.002,0.000,,,,,NVIDIA A100-SXM4-40GB MIG 4g.20gb (0),1,,13,"void channel_eq::eqMmseSoftDemapKernel<float, __half, __half, float, (unsigned int)4, (unsigned short)16383>(channel_eq::_puschRxChEqStatDescr *, channel_eq::_puschRxChEqSoftDemapDynDescr)"
16457042174,773399,315865,1,1,1,32,32,1,30,0.000,0.000,,,,,NVIDIA A100-SXM4-40GB MIG 4g.20gb (0),1,,13,"void convert_kernel<float2, __half2>(tensor_layout_any, T1 *, tensor_layout_any, const T2 *)"
16457883476,17696,315877,2253,1,1,128,1,1,16,0.000,0.000,,,,,NVIDIA A100-SXM4-40GB MIG 4g.20gb (0),1,,13,cupy_copy__float16_float16
16458024019,9984,315886,282,1,1,128,1,1,16,0.000,0.000,,,,,NVIDIA A100-SXM4-40GB MIG 4g.20gb (0),1,,13,cupy_copy__complex64_complex64
16458190449,11328,315895,26,1,1,128,1,1,16,0.000,0.000,,,,,NVIDIA A100-SXM4-40GB MIG 4g.20gb (0),1,,13,cupy_copy__float32_float32
16458317200,13023,315904,103,1,1,128,1,1,16,0.000,0.000,,,,,NVIDIA A100-SXM4-40GB MIG 4g.20gb (0),1,,13,cupy_copy__complex64_complex64
16458432110,21472,315914,1434,1,1,128,1,1,16,0.000,0.000,,,,,NVIDIA A100-SXM4-40GB MIG 4g.20gb (0),1,,13,cupy_copy__complex64_complex64
16458592460,343165,315919,1,1,1,32,32,1,30,0.000,0.000,,,,,NVIDIA A100-SXM4-40GB MIG 4g.20gb (0),1,,13,"void convert_kernel<__half2, float2>(tensor_layout_any, T1 *, tensor_layout_any, const T2 *)"
16458964392,6080,315922,,,,,,,,,,0.094,15410.462,Pinned,Device,NVIDIA A100-SXM4-40GB MIG 4g.20gb (0),1,,13,[CUDA memcpy Host-to-Device]
16459074727,611289,315923,,,,,,,,,,456.561,746477.954,Device,,NVIDIA A100-SXM4-40GB MIG 4g.20gb (0),1,,13,[CUDA memset]
16459690496,67423,315928,,,,,,,,,,1.235,18315.454,Pinned,Device,NVIDIA A100-SXM4-40GB MIG 4g.20gb (0),1,,13,[CUDA memcpy Host-to-Device]
16459764031,13760,315929,,,,,,,,,,0.197,14288.290,Pinned,Device,NVIDIA A100-SXM4-40GB MIG 4g.20gb (0),1,,13,[CUDA memcpy Host-to-Device]
16459875070,15680,315930,69,4,1,48,1,1,76,0.002,0.000,,,,,NVIDIA A100-SXM4-40GB MIG 4g.20gb (0),1,,13,"void ch_est::windowedChEstPreNoDftSOfdmKernel<float, __half, float, (unsigned int)2, (unsigned int)1, (unsigned short)4>(ch_est::puschRxChEstStatDescr_t *, ch_est::puschRxChEstDynDescr_t *)"
16460061084,16384,315931,137,2,1,24,2,1,44,0.001,0.001,,,,,NVIDIA A100-SXM4-40GB MIG 4g.20gb (0),1,,13,"void ch_est::chEstFilterNoDftSOfdmDispatchKernel<float, __half, float, (unsigned int)2>(ch_est::puschRxChEstStatDescr_t *, ch_est::puschRxChEstDynDescr_t *)"
16460249434,15232,315932,137,2,1,24,2,1,44,0.001,0.001,,,,,NVIDIA A100-SXM4-40GB MIG 4g.20gb (0),1,,13,"void ch_est::chEstFilterNoDftSOfdmDispatchKernel<float, __half, float, (unsigned int)2>(ch_est::puschRxChEstStatDescr_t *, ch_est::puschRxChEstDynDescr_t *)"
16460439736,8320,315943,103,1,1,128,1,1,16,0.000,0.000,,,,,NVIDIA A100-SXM4-40GB MIG 4g.20gb (0),1,,13,cupy_copy__complex64_complex64
16460573782,20576,315953,1434,1,1,128,1,1,16,0.000,0.000,,,,,NVIDIA A100-SXM4-40GB MIG 4g.20gb (0),1,,13,cupy_copy__complex64_complex64
16460660885,7968,315960,103,1,1,128,1,1,16,0.000,0.000,,,,,NVIDIA A100-SXM4-40GB MIG 4g.20gb (0),1,,13,cupy_copy__complex64_complex64
16460755156,309885,315967,1,1,1,32,32,1,30,0.000,0.000,,,,,NVIDIA A100-SXM4-40GB MIG 4g.20gb (0),1,,13,"void convert_kernel<__half2, float2>(tensor_layout_any, T1 *, tensor_layout_any, const T2 *)"
16461095120,5760,315970,,,,,,,,,,0.094,16266.656,Pinned,Device,NVIDIA A100-SXM4-40GB MIG 4g.20gb (0),1,,13,[CUDA memcpy Host-to-Device]
16461171440,50751,315971,,,,,,,,,,35.810,705598.664,Device,,NVIDIA A100-SXM4-40GB MIG 4g.20gb (0),1,,13,[CUDA memset]
16461229807,5472,315973,,,,,,,,,,0.000,14.620,Pinned,Device,NVIDIA A100-SXM4-40GB MIG 4g.20gb (0),1,,13,[CUDA memcpy Host-to-Device]
16461237999,9824,315974,,,,,,,,,,0.197,20012.925,Pinned,Device,NVIDIA A100-SXM4-40GB MIG 4g.20gb (0),1,,13,[CUDA memcpy Host-to-Device]
16461322574,26368,315975,273,1,1,48,1,1,40,0.000,0.001,,,,,NVIDIA A100-SXM4-40GB MIG 4g.20gb (0),1,,13,"void pusch_noise_intf_est::noiseIntfEstNoDftSOfdmKernel<float, __half, float, float, (unsigned int)2, (unsigned int)1, (unsigned char)4, (unsigned char)4>(pusch_noise_intf_est::puschRxNoiseIntfEstDynDescr)"
16461426893,8224,315986,35,1,1,128,1,1,16,0.000,0.000,,,,,NVIDIA A100-SXM4-40GB MIG 4g.20gb (0),1,,13,cupy_copy__complex64_complex64
16461527052,4575,315995,1,1,1,1,1,1,18,0.000,0.000,,,,,NVIDIA A100-SXM4-40GB MIG 4g.20gb (0),1,,13,cupy_copy__float32_float32
16461534251,1696,316001,,,,,,,,,,0.000,2.358,Device,Pageable,NVIDIA A100-SXM4-40GB MIG 4g.20gb (0),1,,7,[CUDA memcpy Device-to-Host]
16461639882,19936,316012,1434,1,1,128,1,1,16,0.000,0.000,,,,,NVIDIA A100-SXM4-40GB MIG 4g.20gb (0),1,,13,cupy_copy__complex64_complex64
16461696650,6688,316019,103,1,1,128,1,1,16,0.000,0.000,,,,,NVIDIA A100-SXM4-40GB MIG 4g.20gb (0),1,,13,cupy_copy__complex64_complex64
16461768457,10944,316026,35,1,1,128,1,1,16,0.000,0.000,,,,,NVIDIA A100-SXM4-40GB MIG 4g.20gb (0),1,,13,cupy_copy__complex64_complex64
16461857352,7552,316033,1,1,1,1,1,1,18,0.000,0.000,,,,,NVIDIA A100-SXM4-40GB MIG 4g.20gb (0),1,,13,cupy_copy__float32_float32
16461910375,317981,316044,1,1,1,32,32,1,30,0.000,0.000,,,,,NVIDIA A100-SXM4-40GB MIG 4g.20gb (0),1,,13,"void convert_kernel<__half2, float2>(tensor_layout_any, T1 *, tensor_layout_any, const T2 *)"
16462257411,5920,316047,,,,,,,,,,0.094,15826.941,Pinned,Device,NVIDIA A100-SXM4-40GB MIG 4g.20gb (0),1,,13,[CUDA memcpy Host-to-Device]
16462336674,11104,316048,,,,,,,,,,1.547,139284.318,Device,,NVIDIA A100-SXM4-40GB MIG 4g.20gb (0),1,,13,[CUDA memset]
16462352866,8320,316053,,,,,,,,,,0.031,3761.529,Pinned,Device,NVIDIA A100-SXM4-40GB MIG 4g.20gb (0),1,,13,[CUDA memcpy Host-to-Device]
16462366754,12320,316054,,,,,,,,,,0.197,15958.278,Pinned,Device,NVIDIA A100-SXM4-40GB MIG 4g.20gb (0),1,,13,[CUDA memcpy Host-to-Device]
16462444577,26400,316055,273,1,1,8,4,1,39,0.002,0.000,,,,,NVIDIA A100-SXM4-40GB MIG 4g.20gb (0),1,,13,"void channel_eq::eqMmseCoefCompLowMimoKernel<float, float, float, (unsigned int)4, (unsigned int)1, (unsigned int)4>(const channel_eq::_puschRxChEqStatDescr *, channel_eq::_puschRxChEqCoefCompDynDescr)"
16462523232,15872,316056,273,1,1,12,11,1,51,0.002,0.000,,,,,NVIDIA A100-SXM4-40GB MIG 4g.20gb (0),1,,13,"void channel_eq::eqMmseSoftDemapKernel<float, __half, __half, float, (unsigned int)4, (unsigned short)16383>(channel_eq::_puschRxChEqStatDescr *, channel_eq::_puschRxChEqSoftDemapDynDescr)"
16462688574,873207,316057,1,1,1,32,32,1,30,0.000,0.000,,,,,NVIDIA A100-SXM4-40GB MIG 4g.20gb (0),1,,13,"void convert_kernel<float2, __half2>(tensor_layout_any, T1 *, tensor_layout_any, const T2 *)"
16463746611,14623,316069,2253,1,1,128,1,1,16,0.000,0.000,,,,,NVIDIA A100-SXM4-40GB MIG 4g.20gb (0),1,,13,cupy_copy__float16_float16
16463869137,6848,316078,282,1,1,128,1,1,16,0.000,0.000,,,,,NVIDIA A100-SXM4-40GB MIG 4g.20gb (0),1,,13,cupy_copy__complex64_complex64
16464062703,9600,316087,26,1,1,128,1,1,16,0.000,0.000,,,,,NVIDIA A100-SXM4-40GB MIG 4g.20gb (0),1,,13,cupy_copy__float32_float32
16464219149,12224,316096,103,1,1,128,1,1,16,0.000,0.000,,,,,NVIDIA A100-SXM4-40GB MIG 4g.20gb (0),1,,13,cupy_copy__complex64_complex64
16464408427,19840,316106,1434,1,1,128,1,1,16,0.000,0.000,,,,,NVIDIA A100-SXM4-40GB MIG 4g.20gb (0),1,,13,cupy_copy__complex64_complex64
16464536938,360828,316111,1,1,1,32,32,1,30,0.000,0.000,,,,,NVIDIA A100-SXM4-40GB MIG 4g.20gb (0),1,,13,"void convert_kernel<__half2, float2>(tensor_layout_any, T1 *, tensor_layout_any, const T2 *)"
16464926821,5376,316114,,,,,,,,,,0.094,17428.487,Pinned,Device,NVIDIA A100-SXM4-40GB MIG 4g.20gb (0),1,,13,[CUDA memcpy Host-to-Device]
16464978949,610233,316115,,,,,,,,,,456.561,747847.639,Device,,NVIDIA A100-SXM4-40GB MIG 4g.20gb (0),1,,13,[CUDA memset]
16465592958,61215,316120,,,,,,,,,,1.235,20172.810,Pinned,Device,NVIDIA A100-SXM4-40GB MIG 4g.20gb (0),1,,13,[CUDA memcpy Host-to-Device]
16465660317,14624,316121,,,,,,,,,,0.197,13444.055,Pinned,Device,NVIDIA A100-SXM4-40GB MIG 4g.20gb (0),1,,13,[CUDA memcpy Host-to-Device]
16465723964,28608,316122,69,4,1,48,1,1,76,0.002,0.000,,,,,NVIDIA A100-SXM4-40GB MIG 4g.20gb (0),1,,13,"void ch_est::windowedChEstPreNoDftSOfdmKernel<float, __half, float, (unsigned int)2, (unsigned int)1, (unsigned short)4>(ch_est::puschRxChEstStatDescr_t *, ch_est::puschRxChEstDynDescr_t *)"
16465803483,17440,316123,137,2,1,24,2,1,44,0.001,0.001,,,,,NVIDIA A100-SXM4-40GB MIG 4g.20gb (0),1,,13,"void ch_est::chEstFilterNoDftSOfdmDispatchKernel<float, __half, float, (unsigned int)2>(ch_est::puschRxChEstStatDescr_t *, ch_est::puschRxChEstDynDescr_t *)"
16465910074,17088,316124,137,2,1,24,2,1,44,0.001,0.001,,,,,NVIDIA A100-SXM4-40GB MIG 4g.20gb (0),1,,13,"void ch_est::chEstFilterNoDftSOfdmDispatchKernel<float, __half, float, (unsigned int)2>(ch_est::puschRxChEstStatDescr_t *, ch_est::puschRxChEstDynDescr_t *)"
16466015897,9152,316135,103,1,1,128,1,1,16,0.000,0.000,,,,,NVIDIA A100-SXM4-40GB MIG 4g.20gb (0),1,,13,cupy_copy__complex64_complex64
16466120600,18784,316145,1434,1,1,128,1,1,16,0.000,0.000,,,,,NVIDIA A100-SXM4-40GB MIG 4g.20gb (0),1,,13,cupy_copy__complex64_complex64
16466233943,10368,316152,103,1,1,128,1,1,16,0.000,0.000,,,,,NVIDIA A100-SXM4-40GB MIG 4g.20gb (0),1,,13,cupy_copy__complex64_complex64
16466339189,315165,316159,1,1,1,32,32,1,30,0.000,0.000,,,,,NVIDIA A100-SXM4-40GB MIG 4g.20gb (0),1,,13,"void convert_kernel<__half2, float2>(tensor_layout_any, T1 *, tensor_layout_any, const T2 *)"
16466682930,5952,316162,,,,,,,,,,0.094,15741.865,Pinned,Device,NVIDIA A100-SXM4-40GB MIG 4g.20gb (0),1,,13,[CUDA memcpy Host-to-Device]
16466745457,51775,316163,,,,,,,,,,35.810,691632.795,Device,,NVIDIA A100-SXM4-40GB MIG 4g.20gb (0),1,,13,[CUDA memset]
16466797872,3648,316165,,,,,,,,,,0.000,21.930,Pinned,Device,NVIDIA A100-SXM4-40GB MIG 4g.20gb (0),1,,13,[CUDA memcpy Host-to-Device]
16466805520,10688,316166,,,,,,,,,,0.197,18395.038,Pinned,Device,NVIDIA A100-SXM4-40GB MIG 4g.20gb (0),1,,13,[CUDA memcpy Host-to-Device]
16466970158,29728,316167,273,1,1,48,1,1,40,0.000,0.001,,,,,NVIDIA A100-SXM4-40GB MIG 4g.20gb (0),1,,13,"void pusch_noise_intf_est::noiseIntfEstNoDftSOfdmKernel<float, __half, float, float, (unsigned int)2, (unsigned int)1, (unsigned char)4, (unsigned char)4>(pusch_noise_intf_est::puschRxNoiseIntfEstDynDescr)"
16467196044,12128,316178,35,1,1,128,1,1,16,0.000,0.000,,,,,NVIDIA A100-SXM4-40GB MIG 4g.20gb (0),1,,13,cupy_copy__complex64_complex64
16467393930,5408,316187,1,1,1,1,1,1,18,0.000,0.000,,,,,NVIDIA A100-SXM4-40GB MIG 4g.20gb (0),1,,13,cupy_copy__float32_float32
16467402826,1600,316193,,,,,,,,,,0.000,2.500,Device,Pageable,NVIDIA A100-SXM4-40GB MIG 4g.20gb (0),1,,7,[CUDA memcpy Device-to-Host]
16467643047,24768,316204,1434,1,1,128,1,1,16,0.000,0.000,,,,,NVIDIA A100-SXM4-40GB MIG 4g.20gb (0),1,,13,cupy_copy__complex64_complex64
16467896740,6720,316211,103,1,1,128,1,1,16,0.000,0.000,,,,,NVIDIA A100-SXM4-40GB MIG 4g.20gb (0),1,,13,cupy_copy__complex64_complex64
16468010051,9408,316218,35,1,1,128,1,1,16,0.000,0.000,,,,,NVIDIA A100-SXM4-40GB MIG 4g.20gb (0),1,,13,cupy_copy__complex64_complex64
16468194017,5600,316225,1,1,1,1,1,1,18,0.000,0.000,,,,,NVIDIA A100-SXM4-40GB MIG 4g.20gb (0),1,,13,cupy_copy__float32_float32
16468390718,307869,316236,1,1,1,32,32,1,30,0.000,0.000,,,,,NVIDIA A100-SXM4-40GB MIG 4g.20gb (0),1,,13,"void convert_kernel<__half2, float2>(tensor_layout_any, T1 *, tensor_layout_any, const T2 *)"
16468728827,9984,316239,,,,,,,,,,0.094,9384.591,Pinned,Device,NVIDIA A100-SXM4-40GB MIG 4g.20gb (0),1,,13,[CUDA memcpy Host-to-Device]
16468909561,9983,316240,,,,,,,,,,1.547,154925.326,Device,,NVIDIA A100-SXM4-40GB MIG 4g.20gb (0),1,,13,[CUDA memset]
16468919928,4896,316245,,,,,,,,,,0.031,6392.145,Pinned,Device,NVIDIA A100-SXM4-40GB MIG 4g.20gb (0),1,,13,[CUDA memcpy Host-to-Device]
16468930808,14304,316246,,,,,,,,,,0.197,13744.865,Pinned,Device,NVIDIA A100-SXM4-40GB MIG 4g.20gb (0),1,,13,[CUDA memcpy Host-to-Device]
16469150070,33472,316247,273,1,1,8,4,1,39,0.002,0.000,,,,,NVIDIA A100-SXM4-40GB MIG 4g.20gb (0),1,,13,"void channel_eq::eqMmseCoefCompLowMimoKernel<float, float, float, (unsigned int)4, (unsigned int)1, (unsigned int)4>(const channel_eq::_puschRxChEqStatDescr *, channel_eq::_puschRxChEqCoefCompDynDescr)"
16469366611,16960,316248,273,1,1,12,11,1,51,0.002,0.000,,,,,NVIDIA A100-SXM4-40GB MIG 4g.20gb (0),1,,13,"void channel_eq::eqMmseSoftDemapKernel<float, __half, __half, float, (unsigned int)4, (unsigned short)16383>(channel_eq::_puschRxChEqStatDescr *, channel_eq::_puschRxChEqSoftDemapDynDescr)"
16469484594,774711,316249,1,1,1,32,32,1,30,0.000,0.000,,,,,NVIDIA A100-SXM4-40GB MIG 4g.20gb (0),1,,13,"void convert_kernel<float2, __half2>(tensor_layout_any, T1 *, tensor_layout_any, const T2 *)"
16470326089,18239,316261,2253,1,1,128,1,1,16,0.000,0.000,,,,,NVIDIA A100-SXM4-40GB MIG 4g.20gb (0),1,,13,cupy_copy__float16_float16
16470405224,12544,316270,282,1,1,128,1,1,16,0.000,0.000,,,,,NVIDIA A100-SXM4-40GB MIG 4g.20gb (0),1,,13,cupy_copy__complex64_complex64
16470489799,9728,316279,26,1,1,128,1,1,16,0.000,0.000,,,,,NVIDIA A100-SXM4-40GB MIG 4g.20gb (0),1,,13,cupy_copy__float32_float32
16470539366,9984,316288,103,1,1,128,1,1,16,0.000,0.000,,,,,NVIDIA A100-SXM4-40GB MIG 4g.20gb (0),1,,13,cupy_copy__complex64_complex64
16470623365,18784,316298,1434,1,1,128,1,1,16,0.000,0.000,,,,,NVIDIA A100-SXM4-40GB MIG 4g.20gb (0),1,,13,cupy_copy__complex64_complex64
16470732708,309021,316303,1,1,1,32,32,1,30,0.000,0.000,,,,,NVIDIA A100-SXM4-40GB MIG 4g.20gb (0),1,,13,"void convert_kernel<__half2, float2>(tensor_layout_any, T1 *, tensor_layout_any, const T2 *)"
16471070880,10112,316306,,,,,,,,,,0.094,9265.785,Pinned,Device,NVIDIA A100-SXM4-40GB MIG 4g.20gb (0),1,,13,[CUDA memcpy Host-to-Device]
16471216639,618713,316307,,,,,,,,,,456.561,737803.287,Device,,NVIDIA A100-SXM4-40GB MIG 4g.20gb (0),1,,13,[CUDA memset]
16471837368,62303,316312,,,,,,,,,,1.235,19820.851,Pinned,Device,NVIDIA A100-SXM4-40GB MIG 4g.20gb (0),1,,13,[CUDA memcpy Host-to-Device]
16471903543,13056,316313,,,,,,,,,,0.197,15058.797,Pinned,Device,NVIDIA A100-SXM4-40GB MIG 4g.20gb (0),1,,13,[CUDA memcpy Host-to-Device]
16472053717,16192,316314,69,4,1,48,1,1,76,0.002,0.000,,,,,NVIDIA A100-SXM4-40GB MIG 4g.20gb (0),1,,13,"void ch_est::windowedChEstPreNoDftSOfdmKernel<float, __half, float, (unsigned int)2, (unsigned int)1, (unsigned short)4>(ch_est::puschRxChEstStatDescr_t *, ch_est::puschRxChEstDynDescr_t *)"
16472254291,17536,316315,137,2,1,24,2,1,44,0.001,0.001,,,,,NVIDIA A100-SXM4-40GB MIG 4g.20gb (0),1,,13,"void ch_est::chEstFilterNoDftSOfdmDispatchKernel<float, __half, float, (unsigned int)2>(ch_est::puschRxChEstStatDescr_t *, ch_est::puschRxChEstDynDescr_t *)"
16472456753,16960,316316,137,2,1,24,2,1,44,0.001,0.001,,,,,NVIDIA A100-SXM4-40GB MIG 4g.20gb (0),1,,13,"void ch_est::chEstFilterNoDftSOfdmDispatchKernel<float, __half, float, (unsigned int)2>(ch_est::puschRxChEstStatDescr_t *, ch_est::puschRxChEstDynDescr_t *)"
16472663342,8256,316327,103,1,1,128,1,1,16,0.000,0.000,,,,,NVIDIA A100-SXM4-40GB MIG 4g.20gb (0),1,,13,cupy_copy__complex64_complex64
16472834701,23903,316337,1434,1,1,128,1,1,16,0.000,0.000,,,,,NVIDIA A100-SXM4-40GB MIG 4g.20gb (0),1,,13,cupy_copy__complex64_complex64
16473054922,12000,316344,103,1,1,128,1,1,16,0.000,0.000,,,,,NVIDIA A100-SXM4-40GB MIG 4g.20gb (0),1,,13,cupy_copy__complex64_complex64
16473250344,358428,316351,1,1,1,32,32,1,30,0.000,0.000,,,,,NVIDIA A100-SXM4-40GB MIG 4g.20gb (0),1,,13,"void convert_kernel<__half2, float2>(tensor_layout_any, T1 *, tensor_layout_any, const T2 *)"
16473638787,5440,316354,,,,,,,,,,0.094,17223.480,Pinned,Device,NVIDIA A100-SXM4-40GB MIG 4g.20gb (0),1,,13,[CUDA memcpy Host-to-Device]
16473774466,60127,316355,,,,,,,,,,35.810,595554.780,Device,,NVIDIA A100-SXM4-40GB MIG 4g.20gb (0),1,,13,[CUDA memset]
16473843233,5760,316357,,,,,,,,,,0.000,13.889,Pinned,Device,NVIDIA A100-SXM4-40GB MIG 4g.20gb (0),1,,13,[CUDA memcpy Host-to-Device]
16473851681,9952,316358,,,,,,,,,,0.197,19755.565,Pinned,Device,NVIDIA A100-SXM4-40GB MIG 4g.20gb (0),1,,13,[CUDA memcpy Host-to-Device]
16474044511,27648,316359,273,1,1,48,1,1,40,0.000,0.001,,,,,NVIDIA A100-SXM4-40GB MIG 4g.20gb (0),1,,13,"void pusch_noise_intf_est::noiseIntfEstNoDftSOfdmKernel<float, __half, float, float, (unsigned int)2, (unsigned int)1, (unsigned char)4, (unsigned char)4>(pusch_noise_intf_est::puschRxNoiseIntfEstDynDescr)"
16474170206,10815,316370,35,1,1,128,1,1,16,0.000,0.000,,,,,NVIDIA A100-SXM4-40GB MIG 4g.20gb (0),1,,13,cupy_copy__complex64_complex64
16474201405,5184,316379,1,1,1,1,1,1,18,0.000,0.000,,,,,NVIDIA A100-SXM4-40GB MIG 4g.20gb (0),1,,13,cupy_copy__float32_float32
16474208957,1600,316385,,,,,,,,,,0.000,2.500,Device,Pageable,NVIDIA A100-SXM4-40GB MIG 4g.20gb (0),1,,7,[CUDA memcpy Device-to-Host]
16474307324,18528,316396,1434,1,1,128,1,1,16,0.000,0.000,,,,,NVIDIA A100-SXM4-40GB MIG 4g.20gb (0),1,,13,cupy_copy__complex64_complex64
16474389243,9312,316403,103,1,1,128,1,1,16,0.000,0.000,,,,,NVIDIA A100-SXM4-40GB MIG 4g.20gb (0),1,,13,cupy_copy__complex64_complex64
16474495802,9984,316410,35,1,1,128,1,1,16,0.000,0.000,,,,,NVIDIA A100-SXM4-40GB MIG 4g.20gb (0),1,,13,cupy_copy__complex64_complex64
16474584249,4256,316417,1,1,1,1,1,1,18,0.000,0.000,,,,,NVIDIA A100-SXM4-40GB MIG 4g.20gb (0),1,,13,cupy_copy__float32_float32
16474634136,310301,316428,1,1,1,32,32,1,30,0.000,0.000,,,,,NVIDIA A100-SXM4-40GB MIG 4g.20gb (0),1,,13,"void convert_kernel<__half2, float2>(tensor_layout_any, T1 *, tensor_layout_any, const T2 *)"
16474973300,5472,316431,,,,,,,,,,0.094,17122.757,Pinned,Device,NVIDIA A100-SXM4-40GB MIG 4g.20gb (0),1,,13,[CUDA memcpy Host-to-Device]
16475040148,13184,316432,,,,,,,,,,1.547,117309.884,Device,,NVIDIA A100-SXM4-40GB MIG 4g.20gb (0),1,,13,[CUDA memset]
16475056084,3232,316437,,,,,,,,,,0.031,9683.139,Pinned,Device,NVIDIA A100-SXM4-40GB MIG 4g.20gb (0),1,,13,[CUDA memcpy Host-to-Device]
16475069107,14144,316438,,,,,,,,,,0.197,13900.382,Pinned,Device,NVIDIA A100-SXM4-40GB MIG 4g.20gb (0),1,,13,[CUDA memcpy Host-to-Device]
16475145683,26719,316439,273,1,1,8,4,1,39,0.002,0.000,,,,,NVIDIA A100-SXM4-40GB MIG 4g.20gb (0),1,,13,"void channel_eq::eqMmseCoefCompLowMimoKernel<float, float, float, (unsigned int)4, (unsigned int)1, (unsigned int)4>(const channel_eq::_puschRxChEqStatDescr *, channel_eq::_puschRxChEqCoefCompDynDescr)"
16475224210,14112,316440,273,1,1,12,11,1,51,0.002,0.000,,,,,NVIDIA A100-SXM4-40GB MIG 4g.20gb (0),1,,13,"void channel_eq::eqMmseSoftDemapKernel<float, __half, __half, float, (unsigned int)4, (unsigned short)16383>(channel_eq::_puschRxChEqStatDescr *, channel_eq::_puschRxChEqSoftDemapDynDescr)"
16475332112,811191,316441,1,1,1,32,32,1,30,0.000,0.000,,,,,NVIDIA A100-SXM4-40GB MIG 4g.20gb (0),1,,13,"void convert_kernel<float2, __half2>(tensor_layout_any, T1 *, tensor_layout_any, const T2 *)"
16476302950,14271,316453,2253,1,1,128,1,1,16,0.000,0.000,,,,,NVIDIA A100-SXM4-40GB MIG 4g.20gb (0),1,,13,cupy_copy__float16_float16
16476506403,7392,316462,282,1,1,128,1,1,16,0.000,0.000,,,,,NVIDIA A100-SXM4-40GB MIG 4g.20gb (0),1,,13,cupy_copy__complex64_complex64
16476637218,6336,316471,26,1,1,128,1,1,16,0.000,0.000,,,,,NVIDIA A100-SXM4-40GB MIG 4g.20gb (0),1,,13,cupy_copy__float32_float32
16476744929,10463,316480,103,1,1,128,1,1,16,0.000,0.000,,,,,NVIDIA A100-SXM4-40GB MIG 4g.20gb (0),1,,13,cupy_copy__complex64_complex64
16476913471,20959,316490,1434,1,1,128,1,1,16,0.000,0.000,,,,,NVIDIA A100-SXM4-40GB MIG 4g.20gb (0),1,,13,cupy_copy__complex64_complex64
16477066173,345020,316495,1,1,1,32,32,1,30,0.000,0.000,,,,,NVIDIA A100-SXM4-40GB MIG 4g.20gb (0),1,,13,"void convert_kernel<__half2, float2>(tensor_layout_any, T1 *, tensor_layout_any, const T2 *)"
16477440985,6144,316498,,,,,,,,,,0.094,15249.961,Pinned,Device,NVIDIA A100-SXM4-40GB MIG 4g.20gb (0),1,,13,[CUDA memcpy Host-to-Device]
16477554903,619578,316499,,,,,,,,,,456.561,736890.164,Device,,NVIDIA A100-SXM4-40GB MIG 4g.20gb (0),1,,13,[CUDA memset]
16478178608,61568,316504,,,,,,,,,,1.235,20057.960,Pinned,Device,NVIDIA A100-SXM4-40GB MIG 4g.20gb (0),1,,13,[CUDA memcpy Host-to-Device]
16478243312,10432,316505,,,,,,,,,,0.197,18846.450,Pinned,Device,NVIDIA A100-SXM4-40GB MIG 4g.20gb (0),1,,13,[CUDA memcpy Host-to-Device]
16478382862,32096,316506,69,4,1,48,1,1,76,0.002,0.000,,,,,NVIDIA A100-SXM4-40GB MIG 4g.20gb (0),1,,13,"void ch_est::windowedChEstPreNoDftSOfdmKernel<float, __half, float, (unsigned int)2, (unsigned int)1, (unsigned short)4>(ch_est::puschRxChEstStatDescr_t *, ch_est::puschRxChEstDynDescr_t *)"
16478588716,34143,316507,137,2,1,24,2,1,44,0.001,0.001,,,,,NVIDIA A100-SXM4-40GB MIG 4g.20gb (0),1,,13,"void ch_est::chEstFilterNoDftSOfdmDispatchKernel<float, __half, float, (unsigned int)2>(ch_est::puschRxChEstStatDescr_t *, ch_est::puschRxChEstDynDescr_t *)"
16478675211,15488,316508,137,2,1,24,2,1,44,0.001,0.001,,,,,NVIDIA A100-SXM4-40GB MIG 4g.20gb (0),1,,13,"void ch_est::chEstFilterNoDftSOfdmDispatchKernel<float, __half, float, (unsigned int)2>(ch_est::puschRxChEstStatDescr_t *, ch_est::puschRxChEstDynDescr_t *)"
16478780586,8352,316519,103,1,1,128,1,1,16,0.000,0.000,,,,,NVIDIA A100-SXM4-40GB MIG 4g.20gb (0),1,,13,cupy_copy__complex64_complex64
16478869481,19135,316529,1434,1,1,128,1,1,16,0.000,0.000,,,,,NVIDIA A100-SXM4-40GB MIG 4g.20gb (0),1,,13,cupy_copy__complex64_complex64
16478926088,7552,316536,103,1,1,128,1,1,16,0.000,0.000,,,,,NVIDIA A100-SXM4-40GB MIG 4g.20gb (0),1,,13,cupy_copy__complex64_complex64
16478998151,318109,316543,1,1,1,32,32,1,30,0.000,0.000,,,,,NVIDIA A100-SXM4-40GB MIG 4g.20gb (0),1,,13,"void convert_kernel<__half2, float2>(tensor_layout_any, T1 *, tensor_layout_any, const T2 *)"
16479345379,5536,316546,,,,,,,,,,0.094,16924.777,Pinned,Device,NVIDIA A100-SXM4-40GB MIG 4g.20gb (0),1,,13,[CUDA memcpy Host-to-Device]
16479404099,51167,316547,,,,,,,,,,35.810,699833.267,Device,,NVIDIA A100-SXM4-40GB MIG 4g.20gb (0),1,,13,[CUDA memset]
16479460642,2016,316549,,,,,,,,,,0.000,39.682,Pinned,Device,NVIDIA A100-SXM4-40GB MIG 4g.20gb (0),1,,13,[CUDA memcpy Host-to-Device]
16479465794,9792,316550,,,,,,,,,,0.197,20078.395,Pinned,Device,NVIDIA A100-SXM4-40GB MIG 4g.20gb (0),1,,13,[CUDA memcpy Host-to-Device]
16479562337,27872,316551,273,1,1,48,1,1,40,0.000,0.001,,,,,NVIDIA A100-SXM4-40GB MIG 4g.20gb (0),1,,13,"void pusch_noise_intf_est::noiseIntfEstNoDftSOfdmKernel<float, __half, float, float, (unsigned int)2, (unsigned int)1, (unsigned char)4, (unsigned char)4>(pusch_noise_intf_est::puschRxNoiseIntfEstDynDescr)"
16479618176,9216,316562,35,1,1,128,1,1,16,0.000,0.000,,,,,NVIDIA A100-SXM4-40GB MIG 4g.20gb (0),1,,13,cupy_copy__complex64_complex64
16479704095,6432,316571,1,1,1,1,1,1,18,0.000,0.000,,,,,NVIDIA A100-SXM4-40GB MIG 4g.20gb (0),1,,13,cupy_copy__float32_float32
16479719615,1600,316577,,,,,,,,,,0.000,2.500,Device,Pageable,NVIDIA A100-SXM4-40GB MIG 4g.20gb (0),1,,7,[CUDA memcpy Device-to-Host]
16479816510,19616,316588,1434,1,1,128,1,1,16,0.000,0.000,,,,,NVIDIA A100-SXM4-40GB MIG 4g.20gb (0),1,,13,cupy_copy__complex64_complex64
16479900541,9152,316595,103,1,1,128,1,1,16,0.000,0.000,,,,,NVIDIA A100-SXM4-40GB MIG 4g.20gb (0),1,,13,cupy_copy__complex64_complex64
16479987100,11392,316602,35,1,1,128,1,1,16,0.000,0.000,,,,,NVIDIA A100-SXM4-40GB MIG 4g.20gb (0),1,,13,cupy_copy__complex64_complex64
16480036476,5536,316609,1,1,1,1,1,1,18,0.000,0.000,,,,,NVIDIA A100-SXM4-40GB MIG 4g.20gb (0),1,,13,cupy_copy__float32_float32
16480107547,299516,316620,1,1,1,32,32,1,30,0.000,0.000,,,,,NVIDIA A100-SXM4-40GB MIG 4g.20gb (0),1,,13,"void convert_kernel<__half2, float2>(tensor_layout_any, T1 *, tensor_layout_any, const T2 *)"
16480436119,5792,316623,,,,,,,,,,0.094,16176.708,Pinned,Device,NVIDIA A100-SXM4-40GB MIG 4g.20gb (0),1,,13,[CUDA memcpy Host-to-Device]
16480574262,8831,316624,,,,,,,,,,1.547,175135.062,Device,,NVIDIA A100-SXM4-40GB MIG 4g.20gb (0),1,,13,[CUDA memset]
16480584181,7648,316629,,,,,,,,,,0.031,4092.046,Pinned,Device,NVIDIA A100-SXM4-40GB MIG 4g.20gb (0),1,,13,[CUDA memcpy Host-to-Device]
16480594549,10304,316630,,,,,,,,,,0.197,19080.610,Pinned,Device,NVIDIA A100-SXM4-40GB MIG 4g.20gb (0),1,,13,[CUDA memcpy Host-to-Device]
16480779123,29536,316631,273,1,1,8,4,1,39,0.002,0.000,,,,,NVIDIA A100-SXM4-40GB MIG 4g.20gb (0),1,,13,"void channel_eq::eqMmseCoefCompLowMimoKernel<float, float, float, (unsigned int)4, (unsigned int)1, (unsigned int)4>(const channel_eq::_puschRxChEqStatDescr *, channel_eq::_puschRxChEqCoefCompDynDescr)"
16480977553,21600,316632,273,1,1,12,11,1,51,0.002,0.000,,,,,NVIDIA A100-SXM4-40GB MIG 4g.20gb (0),1,,13,"void channel_eq::eqMmseSoftDemapKernel<float, __half, __half, float, (unsigned int)4, (unsigned short)16383>(channel_eq::_puschRxChEqStatDescr *, channel_eq::_puschRxChEqSoftDemapDynDescr)"
16481093904,781047,316633,1,1,1,32,32,1,30,0.000,0.000,,,,,NVIDIA A100-SXM4-40GB MIG 4g.20gb (0),1,,13,"void convert_kernel<float2, __half2>(tensor_layout_any, T1 *, tensor_layout_any, const T2 *)"
16482055845,15200,316645,2253,1,1,128,1,1,16,0.000,0.000,,,,,NVIDIA A100-SXM4-40GB MIG 4g.20gb (0),1,,13,cupy_copy__float16_float16
16482282818,6528,316654,282,1,1,128,1,1,16,0.000,0.000,,,,,NVIDIA A100-SXM4-40GB MIG 4g.20gb (0),1,,13,cupy_copy__complex64_complex64
16482465536,11136,316663,26,1,1,128,1,1,16,0.000,0.000,,,,,NVIDIA A100-SXM4-40GB MIG 4g.20gb (0),1,,13,cupy_copy__float32_float32
16482594143,12672,316672,103,1,1,128,1,1,16,0.000,0.000,,,,,NVIDIA A100-SXM4-40GB MIG 4g.20gb (0),1,,13,cupy_copy__complex64_complex64
16482757181,22432,316682,1434,1,1,128,1,1,16,0.000,0.000,,,,,NVIDIA A100-SXM4-40GB MIG 4g.20gb (0),1,,13,cupy_copy__complex64_complex64
16482842812,298109,316687,1,1,1,32,32,1,30,0.000,0.000,,,,,NVIDIA A100-SXM4-40GB MIG 4g.20gb (0),1,,13,"void convert_kernel<__half2, float2>(tensor_layout_any, T1 *, tensor_layout_any, const T2 *)"
16483169656,5376,316690,,,,,,,,,,0.094,17428.487,Pinned,Device,NVIDIA A100-SXM4-40GB MIG 4g.20gb (0),1,,13,[CUDA memcpy Host-to-Device]
16483251639,611834,316691,,,,,,,,,,456.561,746021.393,Device,,NVIDIA A100-SXM4-40GB MIG 4g.20gb (0),1,,13,[CUDA memset]
16483868497,67007,316696,,,,,,,,,,1.235,18429.069,Pinned,Device,NVIDIA A100-SXM4-40GB MIG 4g.20gb (0),1,,13,[CUDA memcpy Host-to-Device]
16483941360,13920,316697,,,,,,,,,,0.197,14124.122,Pinned,Device,NVIDIA A100-SXM4-40GB MIG 4g.20gb (0),1,,13,[CUDA memcpy Host-to-Device]
16484000335,24640,316698,69,4,1,48,1,1,76,0.002,0.000,,,,,NVIDIA A100-SXM4-40GB MIG 4g.20gb (0),1,,13,"void ch_est::windowedChEstPreNoDftSOfdmKernel<float, __half, float, (unsigned int)2, (unsigned int)1, (unsigned short)4>(ch_est::puschRxChEstStatDescr_t *, ch_est::puschRxChEstDynDescr_t *)"
16484077422,15552,316699,137,2,1,24,2,1,44,0.001,0.001,,,,,NVIDIA A100-SXM4-40GB MIG 4g.20gb (0),1,,13,"void ch_est::chEstFilterNoDftSOfdmDispatchKernel<float, __half, float, (unsigned int)2>(ch_est::puschRxChEstStatDescr_t *, ch_est::puschRxChEstDynDescr_t *)"
16484183661,19552,316700,137,2,1,24,2,1,44,0.001,0.001,,,,,NVIDIA A100-SXM4-40GB MIG 4g.20gb (0),1,,13,"void ch_est::chEstFilterNoDftSOfdmDispatchKernel<float, __half, float, (unsigned int)2>(ch_est::puschRxChEstStatDescr_t *, ch_est::puschRxChEstDynDescr_t *)"
16484279372,10304,316711,103,1,1,128,1,1,16,0.000,0.000,,,,,NVIDIA A100-SXM4-40GB MIG 4g.20gb (0),1,,13,cupy_copy__complex64_complex64
16484328171,19904,316721,1434,1,1,128,1,1,16,0.000,0.000,,,,,NVIDIA A100-SXM4-40GB MIG 4g.20gb (0),1,,13,cupy_copy__complex64_complex64
16484412458,9728,316728,103,1,1,128,1,1,16,0.000,0.000,,,,,NVIDIA A100-SXM4-40GB MIG 4g.20gb (0),1,,13,cupy_copy__complex64_complex64
16484447594,314653,316735,1,1,1,32,32,1,30,0.000,0.000,,,,,NVIDIA A100-SXM4-40GB MIG 4g.20gb (0),1,,13,"void convert_kernel<__half2, float2>(tensor_layout_any, T1 *, tensor_layout_any, const T2 *)"
16484791782,6688,316738,,,,,,,,,,0.094,14009.520,Pinned,Device,NVIDIA A100-SXM4-40GB MIG 4g.20gb (0),1,,13,[CUDA memcpy Host-to-Device]
16484854277,59456,316739,,,,,,,,,,35.810,602287.044,Device,,NVIDIA A100-SXM4-40GB MIG 4g.20gb (0),1,,13,[CUDA memset]
16484919365,2496,316741,,,,,,,,,,0.000,32.051,Pinned,Device,NVIDIA A100-SXM4-40GB MIG 4g.20gb (0),1,,13,[CUDA memcpy Host-to-Device]
16484927653,9664,316742,,,,,,,,,,0.197,20344.209,Pinned,Device,NVIDIA A100-SXM4-40GB MIG 4g.20gb (0),1,,13,[CUDA memcpy Host-to-Device]
16485082819,32224,316743,273,1,1,48,1,1,40,0.000,0.001,,,,,NVIDIA A100-SXM4-40GB MIG 4g.20gb (0),1,,13,"void pusch_noise_intf_est::noiseIntfEstNoDftSOfdmKernel<float, __half, float, float, (unsigned int)2, (unsigned int)1, (unsigned char)4, (unsigned char)4>(pusch_noise_intf_est::puschRxNoiseIntfEstDynDescr)"
16485413983,3968,316754,35,1,1,128,1,1,16,0.000,0.000,,,,,NVIDIA A100-SXM4-40GB MIG 4g.20gb (0),1,,13,cupy_copy__complex64_complex64
16485538590,5504,316763,1,1,1,1,1,1,18,0.000,0.000,,,,,NVIDIA A100-SXM4-40GB MIG 4g.20gb (0),1,,13,cupy_copy__float32_float32
16485546014,3872,316769,,,,,,,,,,0.000,1.033,Device,Pageable,NVIDIA A100-SXM4-40GB MIG 4g.20gb (0),1,,7,[CUDA memcpy Device-to-Host]
16485860954,19296,316780,1434,1,1,128,1,1,16,0.000,0.000,,,,,NVIDIA A100-SXM4-40GB MIG 4g.20gb (0),1,,13,cupy_copy__complex64_complex64
16486160375,4064,316787,103,1,1,128,1,1,16,0.000,0.000,,,,,NVIDIA A100-SXM4-40GB MIG 4g.20gb (0),1,,13,cupy_copy__complex64_complex64
16486488627,4032,316794,35,1,1,128,1,1,16,0.000,0.000,,,,,NVIDIA A100-SXM4-40GB MIG 4g.20gb (0),1,,13,cupy_copy__complex64_complex64
16486604338,4160,316801,1,1,1,1,1,1,18,0.000,0.000,,,,,NVIDIA A100-SXM4-40GB MIG 4g.20gb (0),1,,13,cupy_copy__float32_float32
16486870383,285117,316812,1,1,1,32,32,1,30,0.000,0.000,,,,,NVIDIA A100-SXM4-40GB MIG 4g.20gb (0),1,,13,"void convert_kernel<__half2, float2>(tensor_layout_any, T1 *, tensor_layout_any, const T2 *)"
16487187723,8704,316815,,,,,,,,,,0.094,10764.640,Pinned,Device,NVIDIA A100-SXM4-40GB MIG 4g.20gb (0),1,,13,[CUDA memcpy Host-to-Device]
16487463272,4256,316816,,,,,,,,,,1.547,363397.868,Device,,NVIDIA A100-SXM4-40GB MIG 4g.20gb (0),1,,13,[CUDA memset]
16487468136,6400,316821,,,,,,,,,,0.031,4890.000,Pinned,Device,NVIDIA A100-SXM4-40GB MIG 4g.20gb (0),1,,13,[CUDA memcpy Host-to-Device]
16487477448,14112,316822,,,,,,,,,,0.197,13931.839,Pinned,Device,NVIDIA A100-SXM4-40GB MIG 4g.20gb (0),1,,13,[CUDA memcpy Host-to-Device]
16487789925,27487,316823,273,1,1,8,4,1,39,0.002,0.000,,,,,NVIDIA A100-SXM4-40GB MIG 4g.20gb (0),1,,13,"void channel_eq::eqMmseCoefCompLowMimoKernel<float, float, float, (unsigned int)4, (unsigned int)1, (unsigned int)4>(const channel_eq::_puschRxChEqStatDescr *, channel_eq::_puschRxChEqCoefCompDynDescr)"
16488129761,16671,316824,273,1,1,12,11,1,51,0.002,0.000,,,,,NVIDIA A100-SXM4-40GB MIG 4g.20gb (0),1,,13,"void channel_eq::eqMmseSoftDemapKernel<float, __half, __half, float, (unsigned int)4, (unsigned short)16383>(channel_eq::_puschRxChEqStatDescr *, channel_eq::_puschRxChEqSoftDemapDynDescr)"
16488451261,759512,316825,1,1,1,32,32,1,30,0.000,0.000,,,,,NVIDIA A100-SXM4-40GB MIG 4g.20gb (0),1,,13,"void convert_kernel<float2, __half2>(tensor_layout_any, T1 *, tensor_layout_any, const T2 *)"
16489270932,14560,316837,2253,1,1,128,1,1,16,0.000,0.000,,,,,NVIDIA A100-SXM4-40GB MIG 4g.20gb (0),1,,13,cupy_copy__float16_float16
16489386995,10047,316846,282,1,1,128,1,1,16,0.000,0.000,,,,,NVIDIA A100-SXM4-40GB MIG 4g.20gb (0),1,,13,cupy_copy__complex64_complex64
16489471314,10431,316855,26,1,1,128,1,1,16,0.000,0.000,,,,,NVIDIA A100-SXM4-40GB MIG 4g.20gb (0),1,,13,cupy_copy__float32_float32
16489520337,11296,316864,103,1,1,128,1,1,16,0.000,0.000,,,,,NVIDIA A100-SXM4-40GB MIG 4g.20gb (0),1,,13,cupy_copy__complex64_complex64
16489613200,20160,316874,1434,1,1,128,1,1,16,0.000,0.000,,,,,NVIDIA A100-SXM4-40GB MIG 4g.20gb (0),1,,13,cupy_copy__complex64_complex64
16489726639,293884,316879,1,1,1,32,32,1,30,0.000,0.000,,,,,NVIDIA A100-SXM4-40GB MIG 4g.20gb (0),1,,13,"void convert_kernel<__half2, float2>(tensor_layout_any, T1 *, tensor_layout_any, const T2 *)"
16490050571,6080,316882,,,,,,,,,,0.094,15410.462,Pinned,Device,NVIDIA A100-SXM4-40GB MIG 4g.20gb (0),1,,13,[CUDA memcpy Host-to-Device]
16490130794,609817,316883,,,,,,,,,,456.561,748304.200,Device,,NVIDIA A100-SXM4-40GB MIG 4g.20gb (0),1,,13,[CUDA memset]
16490749091,60256,316888,,,,,,,,,,1.235,20493.896,Pinned,Device,NVIDIA A100-SXM4-40GB MIG 4g.20gb (0),1,,13,[CUDA memcpy Host-to-Device]
16490817218,13280,316889,,,,,,,,,,0.197,14804.779,Pinned,Device,NVIDIA A100-SXM4-40GB MIG 4g.20gb (0),1,,13,[CUDA memcpy Host-to-Device]
16490958113,15904,316890,69,4,1,48,1,1,76,0.002,0.000,,,,,NVIDIA A100-SXM4-40GB MIG 4g.20gb (0),1,,13,"void ch_est::windowedChEstPreNoDftSOfdmKernel<float, __half, float, (unsigned int)2, (unsigned int)1, (unsigned short)4>(ch_est::puschRxChEstStatDescr_t *, ch_est::puschRxChEstDynDescr_t *)"
16491223454,12992,316891,137,2,1,24,2,1,44,0.001,0.001,,,,,NVIDIA A100-SXM4-40GB MIG 4g.20gb (0),1,,13,"void ch_est::chEstFilterNoDftSOfdmDispatchKernel<float, __half, float, (unsigned int)2>(ch_est::puschRxChEstStatDescr_t *, ch_est::puschRxChEstDynDescr_t *)"
16491451931,21984,316892,137,2,1,24,2,1,44,0.001,0.001,,,,,NVIDIA A100-SXM4-40GB MIG 4g.20gb (0),1,,13,"void ch_est::chEstFilterNoDftSOfdmDispatchKernel<float, __half, float, (unsigned int)2>(ch_est::puschRxChEstStatDescr_t *, ch_est::puschRxChEstDynDescr_t *)"
16491563610,8320,316903,103,1,1,128,1,1,16,0.000,0.000,,,,,NVIDIA A100-SXM4-40GB MIG 4g.20gb (0),1,,13,cupy_copy__complex64_complex64
16491826231,18624,316913,1434,1,1,128,1,1,16,0.000,0.000,,,,,NVIDIA A100-SXM4-40GB MIG 4g.20gb (0),1,,13,cupy_copy__complex64_complex64
16492046613,8224,316920,103,1,1,128,1,1,16,0.000,0.000,,,,,NVIDIA A100-SXM4-40GB MIG 4g.20gb (0),1,,13,cupy_copy__complex64_complex64
16492281074,257757,316927,1,1,1,32,32,1,30,0.000,0.000,,,,,NVIDIA A100-SXM4-40GB MIG 4g.20gb (0),1,,13,"void convert_kernel<__half2, float2>(tensor_layout_any, T1 *, tensor_layout_any, const T2 *)"
16492574287,6144,316930,,,,,,,,,,0.094,15249.961,Pinned,Device,NVIDIA A100-SXM4-40GB MIG 4g.20gb (0),1,,13,[CUDA memcpy Host-to-Device]
16492829132,56159,316931,,,,,,,,,,35.810,637631.436,Device,,NVIDIA A100-SXM4-40GB MIG 4g.20gb (0),1,,13,[CUDA memset]
16492893323,1856,316933,,,,,,,,,,0.000,43.103,Pinned,Device,NVIDIA A100-SXM4-40GB MIG 4g.20gb (0),1,,13,[CUDA memcpy Host-to-Device]
16492897739,9472,316934,,,,,,,,,,0.197,20756.693,Pinned,Device,NVIDIA A100-SXM4-40GB MIG 4g.20gb (0),1,,13,[CUDA memcpy Host-to-Device]
16493150664,28480,316935,273,1,1,48,1,1,40,0.000,0.001,,,,,NVIDIA A100-SXM4-40GB MIG 4g.20gb (0),1,,13,"void pusch_noise_intf_est::noiseIntfEstNoDftSOfdmKernel<float, __half, float, float, (unsigned int)2, (unsigned int)1, (unsigned char)4, (unsigned char)4>(pusch_noise_intf_est::puschRxNoiseIntfEstDynDescr)"
16493416357,5216,316946,35,1,1,128,1,1,16,0.000,0.000,,,,,NVIDIA A100-SXM4-40GB MIG 4g.20gb (0),1,,13,cupy_copy__complex64_complex64
16493690690,3232,316955,1,1,1,1,1,1,18,0.000,0.000,,,,,NVIDIA A100-SXM4-40GB MIG 4g.20gb (0),1,,13,cupy_copy__float32_float32
16493695426,3584,316961,,,,,,,,,,0.000,1.116,Device,Pageable,NVIDIA A100-SXM4-40GB MIG 4g.20gb (0),1,,7,[CUDA memcpy Device-to-Host]
16493816801,18752,316972,1434,1,1,128,1,1,16,0.000,0.000,,,,,NVIDIA A100-SXM4-40GB MIG 4g.20gb (0),1,,13,cupy_copy__complex64_complex64
16493930112,8927,316979,103,1,1,128,1,1,16,0.000,0.000,,,,,NVIDIA A100-SXM4-40GB MIG 4g.20gb (0),1,,13,cupy_copy__complex64_complex64
16494018623,11487,316986,35,1,1,128,1,1,16,0.000,0.000,,,,,NVIDIA A100-SXM4-40GB MIG 4g.20gb (0),1,,13,cupy_copy__complex64_complex64
16494070622,5696,316993,1,1,1,1,1,1,18,0.000,0.000,,,,,NVIDIA A100-SXM4-40GB MIG 4g.20gb (0),1,,13,cupy_copy__float32_float32
16494141277,307709,317004,1,1,1,32,32,1,30,0.000,0.000,,,,,NVIDIA A100-SXM4-40GB MIG 4g.20gb (0),1,,13,"void convert_kernel<__half2, float2>(tensor_layout_any, T1 *, tensor_layout_any, const T2 *)"
16494477817,11872,317007,,,,,,,,,,0.094,7892.108,Pinned,Device,NVIDIA A100-SXM4-40GB MIG 4g.20gb (0),1,,13,[CUDA memcpy Host-to-Device]
16494574744,5952,317008,,,,,,,,,,1.547,259848.298,Device,,NVIDIA A100-SXM4-40GB MIG 4g.20gb (0),1,,13,[CUDA memset]
16494582840,7040,317013,,,,,,,,,,0.031,4445.440,Pinned,Device,NVIDIA A100-SXM4-40GB MIG 4g.20gb (0),1,,13,[CUDA memcpy Host-to-Device]
16494592312,9728,317014,,,,,,,,,,0.197,20210.516,Pinned,Device,NVIDIA A100-SXM4-40GB MIG 4g.20gb (0),1,,13,[CUDA memcpy Host-to-Device]
16494677495,23264,317015,273,1,1,8,4,1,39,0.002,0.000,,,,,NVIDIA A100-SXM4-40GB MIG 4g.20gb (0),1,,13,"void channel_eq::eqMmseCoefCompLowMimoKernel<float, float, float, (unsigned int)4, (unsigned int)1, (unsigned int)4>(const channel_eq::_puschRxChEqStatDescr *, channel_eq::_puschRxChEqCoefCompDynDescr)"
16494788982,17728,317016,273,1,1,12,11,1,51,0.002,0.000,,,,,NVIDIA A100-SXM4-40GB MIG 4g.20gb (0),1,,13,"void channel_eq::eqMmseSoftDemapKernel<float, __half, __half, float, (unsigned int)4, (unsigned short)16383>(channel_eq::_puschRxChEqStatDescr *, channel_eq::_puschRxChEqSoftDemapDynDescr)"
16494907381,776055,317017,1,1,1,32,32,1,30,0.000,0.000,,,,,NVIDIA A100-SXM4-40GB MIG 4g.20gb (0),1,,13,"void convert_kernel<float2, __half2>(tensor_layout_any, T1 *, tensor_layout_any, const T2 *)"
16495753931,17344,317029,2253,1,1,128,1,1,16,0.000,0.000,,,,,NVIDIA A100-SXM4-40GB MIG 4g.20gb (0),1,,13,cupy_copy__float16_float16
16495834986,11392,317038,282,1,1,128,1,1,16,0.000,0.000,,,,,NVIDIA A100-SXM4-40GB MIG 4g.20gb (0),1,,13,cupy_copy__complex64_complex64
16495918185,12640,317047,26,1,1,128,1,1,16,0.000,0.000,,,,,NVIDIA A100-SXM4-40GB MIG 4g.20gb (0),1,,13,cupy_copy__float32_float32
16495968777,10240,317056,103,1,1,128,1,1,16,0.000,0.000,,,,,NVIDIA A100-SXM4-40GB MIG 4g.20gb (0),1,,13,cupy_copy__complex64_complex64
16496050728,18591,317066,1434,1,1,128,1,1,16,0.000,0.000,,,,,NVIDIA A100-SXM4-40GB MIG 4g.20gb (0),1,,13,cupy_copy__complex64_complex64
16496164614,369372,317071,1,1,1,32,32,1,30,0.000,0.000,,,,,NVIDIA A100-SXM4-40GB MIG 4g.20gb (0),1,,13,"void convert_kernel<__half2, float2>(tensor_layout_any, T1 *, tensor_layout_any, const T2 *)"
16496567746,9888,317074,,,,,,,,,,0.094,9475.664,Pinned,Device,NVIDIA A100-SXM4-40GB MIG 4g.20gb (0),1,,13,[CUDA memcpy Host-to-Device]
16496713024,629369,317075,,,,,,,,,,456.561,725019.567,Device,,NVIDIA A100-SXM4-40GB MIG 4g.20gb (0),1,,13,[CUDA memset]
16497347161,62911,317080,,,,,,,,,,1.235,19629.435,Pinned,Device,NVIDIA A100-SXM4-40GB MIG 4g.20gb (0),1,,13,[CUDA memcpy Host-to-Device]
16497416472,10688,317081,,,,,,,,,,0.197,18395.038,Pinned,Device,NVIDIA A100-SXM4-40GB MIG 4g.20gb (0),1,,13,[CUDA memcpy Host-to-Device]
16497596918,33280,317082,69,4,1,48,1,1,76,0.002,0.000,,,,,NVIDIA A100-SXM4-40GB MIG 4g.20gb (0),1,,13,"void ch_est::windowedChEstPreNoDftSOfdmKernel<float, __half, float, (unsigned int)2, (unsigned int)1, (unsigned short)4>(ch_est::puschRxChEstStatDescr_t *, ch_est::puschRxChEstDynDescr_t *)"
16497754005,17727,317083,137,2,1,24,2,1,44,0.001,0.001,,,,,NVIDIA A100-SXM4-40GB MIG 4g.20gb (0),1,,13,"void ch_est::chEstFilterNoDftSOfdmDispatchKernel<float, __half, float, (unsigned int)2>(ch_est::puschRxChEstStatDescr_t *, ch_est::puschRxChEstDynDescr_t *)"
16497953746,16800,317084,137,2,1,24,2,1,44,0.001,0.001,,,,,NVIDIA A100-SXM4-40GB MIG 4g.20gb (0),1,,13,"void ch_est::chEstFilterNoDftSOfdmDispatchKernel<float, __half, float, (unsigned int)2>(ch_est::puschRxChEstStatDescr_t *, ch_est::puschRxChEstDynDescr_t *)"
16498151152,11264,317095,103,1,1,128,1,1,16,0.000,0.000,,,,,NVIDIA A100-SXM4-40GB MIG 4g.20gb (0),1,,13,cupy_copy__complex64_complex64
16498351054,22464,317105,1434,1,1,128,1,1,16,0.000,0.000,,,,,NVIDIA A100-SXM4-40GB MIG 4g.20gb (0),1,,13,cupy_copy__complex64_complex64
16498558028,7743,317112,103,1,1,128,1,1,16,0.000,0.000,,,,,NVIDIA A100-SXM4-40GB MIG 4g.20gb (0),1,,13,cupy_copy__complex64_complex64
16498757161,343932,317119,1,1,1,32,32,1,30,0.000,0.000,,,,,NVIDIA A100-SXM4-40GB MIG 4g.20gb (0),1,,13,"void convert_kernel<__half2, float2>(tensor_layout_any, T1 *, tensor_layout_any, const T2 *)"
16499133221,13056,317122,,,,,,,,,,0.094,7176.458,Pinned,Device,NVIDIA A100-SXM4-40GB MIG 4g.20gb (0),1,,13,[CUDA memcpy Host-to-Device]
16499206020,60416,317123,,,,,,,,,,35.810,592689.986,Device,,NVIDIA A100-SXM4-40GB MIG 4g.20gb (0),1,,13,[CUDA memset]
16499271748,1855,317125,,,,,,,,,,0.000,43.127,Pinned,Device,NVIDIA A100-SXM4-40GB MIG 4g.20gb (0),1,,13,[CUDA memcpy Host-to-Device]
16499276259,9536,317126,,,,,,,,,,0.197,20617.298,Pinned,Device,NVIDIA A100-SXM4-40GB MIG 4g.20gb (0),1,,13,[CUDA memcpy Host-to-Device]
16499368514,31616,317127,273,1,1,48,1,1,40,0.000,0.001,,,,,NVIDIA A100-SXM4-40GB MIG 4g.20gb (0),1,,13,"void pusch_noise_intf_est::noiseIntfEstNoDftSOfdmKernel<float, __half, float, float, (unsigned int)2, (unsigned int)1, (unsigned char)4, (unsigned char)4>(pusch_noise_intf_est::puschRxNoiseIntfEstDynDescr)"
16499444514,10591,317138,35,1,1,128,1,1,16,0.000,0.000,,,,,NVIDIA A100-SXM4-40GB MIG 4g.20gb (0),1,,13,cupy_copy__complex64_complex64
16499555968,3968,317147,1,1,1,1,1,1,18,0.000,0.000,,,,,NVIDIA A100-SXM4-40GB MIG 4g.20gb (0),1,,13,cupy_copy__float32_float32
16499573760,1632,317153,,,,,,,,,,0.000,2.451,Device,Pageable,NVIDIA A100-SXM4-40GB MIG 4g.20gb (0),1,,7,[CUDA memcpy Device-to-Host]
16499705183,18879,317164,1434,1,1,128,1,1,16,0.000,0.000,,,,,NVIDIA A100-SXM4-40GB MIG 4g.20gb (0),1,,13,cupy_copy__complex64_complex64
16499817181,8416,317171,103,1,1,128,1,1,16,0.000,0.000,,,,,NVIDIA A100-SXM4-40GB MIG 4g.20gb (0),1,,13,cupy_copy__complex64_complex64
16499918908,11104,317178,35,1,1,128,1,1,16,0.000,0.000,,,,,NVIDIA A100-SXM4-40GB MIG 4g.20gb (0),1,,13,cupy_copy__complex64_complex64
16500022811,3904,317185,1,1,1,1,1,1,18,0.000,0.000,,,,,NVIDIA A100-SXM4-40GB MIG 4g.20gb (0),1,,13,cupy_copy__float32_float32
16500078074,299677,317196,1,1,1,32,32,1,30,0.000,0.000,,,,,NVIDIA A100-SXM4-40GB MIG 4g.20gb (0),1,,13,"void convert_kernel<__half2, float2>(tensor_layout_any, T1 *, tensor_layout_any, const T2 *)"
16500410039,5696,317199,,,,,,,,,,0.094,16449.363,Pinned,Device,NVIDIA A100-SXM4-40GB MIG 4g.20gb (0),1,,13,[CUDA memcpy Host-to-Device]
16500497750,4640,317200,,,,,,,,,,1.547,333323.765,Device,,NVIDIA A100-SXM4-40GB MIG 4g.20gb (0),1,,13,[CUDA memset]
16500514134,3648,317205,,,,,,,,,,0.031,8578.922,Pinned,Device,NVIDIA A100-SXM4-40GB MIG 4g.20gb (0),1,,13,[CUDA memcpy Host-to-Device]
16500520501,10080,317206,,,,,,,,,,0.197,19504.693,Pinned,Device,NVIDIA A100-SXM4-40GB MIG 4g.20gb (0),1,,13,[CUDA memcpy Host-to-Device]
16500602517,27455,317207,273,1,1,8,4,1,39,0.002,0.000,,,,,NVIDIA A100-SXM4-40GB MIG 4g.20gb (0),1,,13,"void channel_eq::eqMmseCoefCompLowMimoKernel<float, float, float, (unsigned int)4, (unsigned int)1, (unsigned int)4>(const channel_eq::_puschRxChEqStatDescr *, channel_eq::_puschRxChEqCoefCompDynDescr)"
16500713779,14496,317208,273,1,1,12,11,1,51,0.002,0.000,,,,,NVIDIA A100-SXM4-40GB MIG 4g.20gb (0),1,,13,"void channel_eq::eqMmseSoftDemapKernel<float, __half, __half, float, (unsigned int)4, (unsigned short)16383>(channel_eq::_puschRxChEqStatDescr *, channel_eq::_puschRxChEqSoftDemapDynDescr)"
16500818994,821815,317209,1,1,1,32,32,1,30,0.000,0.000,,,,,NVIDIA A100-SXM4-40GB MIG 4g.20gb (0),1,,13,"void convert_kernel<float2, __half2>(tensor_layout_any, T1 *, tensor_layout_any, const T2 *)"
16501726056,17280,317221,2253,1,1,128,1,1,16,0.000,0.000,,,,,NVIDIA A100-SXM4-40GB MIG 4g.20gb (0),1,,13,cupy_copy__float16_float16
16501944613,9024,317230,282,1,1,128,1,1,16,0.000,0.000,,,,,NVIDIA A100-SXM4-40GB MIG 4g.20gb (0),1,,13,cupy_copy__complex64_complex64
16502162179,7840,317239,26,1,1,128,1,1,16,0.000,0.000,,,,,NVIDIA A100-SXM4-40GB MIG 4g.20gb (0),1,,13,cupy_copy__float32_float32
16502322689,11648,317248,103,1,1,128,1,1,16,0.000,0.000,,,,,NVIDIA A100-SXM4-40GB MIG 4g.20gb (0),1,,13,cupy_copy__complex64_complex64
16502508639,23328,317258,1434,1,1,128,1,1,16,0.000,0.000,,,,,NVIDIA A100-SXM4-40GB MIG 4g.20gb (0),1,,13,cupy_copy__complex64_complex64
16502743453,319100,317263,1,1,1,32,32,1,30,0.000,0.000,,,,,NVIDIA A100-SXM4-40GB MIG 4g.20gb (0),1,,13,"void convert_kernel<__half2, float2>(tensor_layout_any, T1 *, tensor_layout_any, const T2 *)"
16503091065,5696,317266,,,,,,,,,,0.094,16449.363,Pinned,Device,NVIDIA A100-SXM4-40GB MIG 4g.20gb (0),1,,13,[CUDA memcpy Host-to-Device]
16503283350,617722,317267,,,,,,,,,,456.561,738716.410,Device,,NVIDIA A100-SXM4-40GB MIG 4g.20gb (0),1,,13,[CUDA memset]
16503904303,65120,317272,,,,,,,,,,1.235,18963.800,Pinned,Device,NVIDIA A100-SXM4-40GB MIG 4g.20gb (0),1,,13,[CUDA memcpy Host-to-Device]
16503972815,13088,317273,,,,,,,,,,0.197,15021.834,Pinned,Device,NVIDIA A100-SXM4-40GB MIG 4g.20gb (0),1,,13,[CUDA memcpy Host-to-Device]
16504113517,28800,317274,69,4,1,48,1,1,76,0.002,0.000,,,,,NVIDIA A100-SXM4-40GB MIG 4g.20gb (0),1,,13,"void ch_est::windowedChEstPreNoDftSOfdmKernel<float, __half, float, (unsigned int)2, (unsigned int)1, (unsigned short)4>(ch_est::puschRxChEstStatDescr_t *, ch_est::puschRxChEstDynDescr_t *)"
16504174348,32224,317275,137,2,1,24,2,1,44,0.001,0.001,,,,,NVIDIA A100-SXM4-40GB MIG 4g.20gb (0),1,,13,"void ch_est::chEstFilterNoDftSOfdmDispatchKernel<float, __half, float, (unsigned int)2>(ch_est::puschRxChEstStatDescr_t *, ch_est::puschRxChEstDynDescr_t *)"
16504249676,17695,317276,137,2,1,24,2,1,44,0.001,0.001,,,,,NVIDIA A100-SXM4-40GB MIG 4g.20gb (0),1,,13,"void ch_est::chEstFilterNoDftSOfdmDispatchKernel<float, __half, float, (unsigned int)2>(ch_est::puschRxChEstStatDescr_t *, ch_est::puschRxChEstDynDescr_t *)"
16504354410,10816,317287,103,1,1,128,1,1,16,0.000,0.000,,,,,NVIDIA A100-SXM4-40GB MIG 4g.20gb (0),1,,13,cupy_copy__complex64_complex64
16504443785,19392,317297,1434,1,1,128,1,1,16,0.000,0.000,,,,,NVIDIA A100-SXM4-40GB MIG 4g.20gb (0),1,,13,cupy_copy__complex64_complex64
16504499113,7808,317304,103,1,1,128,1,1,16,0.000,0.000,,,,,NVIDIA A100-SXM4-40GB MIG 4g.20gb (0),1,,13,cupy_copy__complex64_complex64
16504572200,308637,317311,1,1,1,32,32,1,30,0.000,0.000,,,,,NVIDIA A100-SXM4-40GB MIG 4g.20gb (0),1,,13,"void convert_kernel<__half2, float2>(tensor_layout_any, T1 *, tensor_layout_any, const T2 *)"
16504910884,8928,317314,,,,,,,,,,0.094,10494.608,Pinned,Device,NVIDIA A100-SXM4-40GB MIG 4g.20gb (0),1,,13,[CUDA memcpy Host-to-Device]
16504980451,51040,317315,,,,,,,,,,35.810,701587.953,Device,,NVIDIA A100-SXM4-40GB MIG 4g.20gb (0),1,,13,[CUDA memset]
16505036803,2464,317317,,,,,,,,,,0.000,32.468,Pinned,Device,NVIDIA A100-SXM4-40GB MIG 4g.20gb (0),1,,13,[CUDA memcpy Host-to-Device]
16505045635,9696,317318,,,,,,,,,,0.197,20277.166,Pinned,Device,NVIDIA A100-SXM4-40GB MIG 4g.20gb (0),1,,13,[CUDA memcpy Host-to-Device]
16505141698,26815,317319,273,1,1,48,1,1,40,0.000,0.001,,,,,NVIDIA A100-SXM4-40GB MIG 4g.20gb (0),1,,13,"void pusch_noise_intf_est::noiseIntfEstNoDftSOfdmKernel<float, __half, float, float, (unsigned int)2, (unsigned int)1, (unsigned char)4, (unsigned char)4>(pusch_noise_intf_est::puschRxNoiseIntfEstDynDescr)"
16505248128,9760,317330,35,1,1,128,1,1,16,0.000,0.000,,,,,NVIDIA A100-SXM4-40GB MIG 4g.20gb (0),1,,13,cupy_copy__complex64_complex64
16505345663,6592,317339,1,1,1,1,1,1,18,0.000,0.000,,,,,NVIDIA A100-SXM4-40GB MIG 4g.20gb (0),1,,13,cupy_copy__float32_float32
16505361439,5504,317345,,,,,,,,,,0.000,0.727,Device,Pageable,NVIDIA A100-SXM4-40GB MIG 4g.20gb (0),1,,7,[CUDA memcpy Device-to-Host]
16505554109,16512,317356,1434,1,1,128,1,1,16,0.000,0.000,,,,,NVIDIA A100-SXM4-40GB MIG 4g.20gb (0),1,,13,cupy_copy__complex64_complex64
16505722459,7872,317363,103,1,1,128,1,1,16,0.000,0.000,,,,,NVIDIA A100-SXM4-40GB MIG 4g.20gb (0),1,,13,cupy_copy__complex64_complex64
16505896729,8864,317370,35,1,1,128,1,1,16,0.000,0.000,,,,,NVIDIA A100-SXM4-40GB MIG 4g.20gb (0),1,,13,cupy_copy__complex64_complex64
16506180118,10976,317377,1,1,1,1,1,1,18,0.000,0.000,,,,,NVIDIA A100-SXM4-40GB MIG 4g.20gb (0),1,,13,cupy_copy__float32_float32
16506369396,355964,317388,1,1,1,32,32,1,30,0.000,0.000,,,,,NVIDIA A100-SXM4-40GB MIG 4g.20gb (0),1,,13,"void convert_kernel<__half2, float2>(tensor_layout_any, T1 *, tensor_layout_any, const T2 *)"
16506758543,5920,317391,,,,,,,,,,0.094,15826.941,Pinned,Device,NVIDIA A100-SXM4-40GB MIG 4g.20gb (0),1,,13,[CUDA memcpy Host-to-Device]
16506941005,8928,317392,,,,,,,,,,1.547,173232.714,Device,,NVIDIA A100-SXM4-40GB MIG 4g.20gb (0),1,,13,[CUDA memset]
16506952717,3360,317397,,,,,,,,,,0.031,9314.284,Pinned,Device,NVIDIA A100-SXM4-40GB MIG 4g.20gb (0),1,,13,[CUDA memcpy Host-to-Device]
16506963469,11552,317398,,,,,,,,,,0.197,17019.372,Pinned,Device,NVIDIA A100-SXM4-40GB MIG 4g.20gb (0),1,,13,[CUDA memcpy Host-to-Device]
16507184203,24159,317399,273,1,1,8,4,1,39,0.002,0.000,,,,,NVIDIA A100-SXM4-40GB MIG 4g.20gb (0),1,,13,"void channel_eq::eqMmseCoefCompLowMimoKernel<float, float, float, (unsigned int)4, (unsigned int)1, (unsigned int)4>(const channel_eq::_puschRxChEqStatDescr *, channel_eq::_puschRxChEqCoefCompDynDescr)"
16507375496,14784,317400,273,1,1,12,11,1,51,0.002,0.000,,,,,NVIDIA A100-SXM4-40GB MIG 4g.20gb (0),1,,13,"void channel_eq::eqMmseSoftDemapKernel<float, __half, __half, float, (unsigned int)4, (unsigned short)16383>(channel_eq::_puschRxChEqStatDescr *, channel_eq::_puschRxChEqSoftDemapDynDescr)"
16507768772,868374,317401,1,1,1,32,32,1,30,0.000,0.000,,,,,NVIDIA A100-SXM4-40GB MIG 4g.20gb (0),1,,13,"void convert_kernel<float2, __half2>(tensor_layout_any, T1 *, tensor_layout_any, const T2 *)"
16508964279,18367,317413,2253,1,1,128,1,1,16,0.000,0.000,,,,,NVIDIA A100-SXM4-40GB MIG 4g.20gb (0),1,,13,cupy_copy__float16_float16
16509199540,7936,317422,282,1,1,128,1,1,16,0.000,0.000,,,,,NVIDIA A100-SXM4-40GB MIG 4g.20gb (0),1,,13,cupy_copy__complex64_complex64
16509341330,9280,317431,26,1,1,128,1,1,16,0.000,0.000,,,,,NVIDIA A100-SXM4-40GB MIG 4g.20gb (0),1,,13,cupy_copy__float32_float32
16509461297,13312,317440,103,1,1,128,1,1,16,0.000,0.000,,,,,NVIDIA A100-SXM4-40GB MIG 4g.20gb (0),1,,13,cupy_copy__complex64_complex64
16509678767,19743,317456,1434,1,1,128,1,1,16,0.000,0.000,,,,,NVIDIA A100-SXM4-40GB MIG 4g.20gb (0),1,,13,cupy_copy__complex64_complex64
16509812973,371196,317461,1,1,1,32,32,1,30,0.000,0.000,,,,,NVIDIA A100-SXM4-40GB MIG 4g.20gb (0),1,,13,"void convert_kernel<__half2, float2>(tensor_layout_any, T1 *, tensor_layout_any, const T2 *)"
16510214569,9247,317464,,,,,,,,,,0.094,10132.567,Pinned,Device,NVIDIA A100-SXM4-40GB MIG 4g.20gb (0),1,,13,[CUDA memcpy Host-to-Device]
16510358183,615641,317465,,,,,,,,,,456.561,741455.779,Device,,NVIDIA A100-SXM4-40GB MIG 4g.20gb (0),1,,13,[CUDA memset]
16510976576,63807,317470,,,,,,,,,,1.235,19354.042,Pinned,Device,NVIDIA A100-SXM4-40GB MIG 4g.20gb (0),1,,13,[CUDA memcpy Host-to-Device]
16511047103,12320,317471,,,,,,,,,,0.197,15958.278,Pinned,Device,NVIDIA A100-SXM4-40GB MIG 4g.20gb (0),1,,13,[CUDA memcpy Host-to-Device]
16511398299,20000,317472,69,4,1,48,1,1,76,0.002,0.000,,,,,NVIDIA A100-SXM4-40GB MIG 4g.20gb (0),1,,13,"void ch_est::windowedChEstPreNoDftSOfdmKernel<float, __half, float, (unsigned int)2, (unsigned int)1, (unsigned short)4>(ch_est::puschRxChEstStatDescr_t *, ch_est::puschRxChEstDynDescr_t *)"
16511864342,19072,317473,137,2,1,24,2,1,44,0.001,0.001,,,,,NVIDIA A100-SXM4-40GB MIG 4g.20gb (0),1,,13,"void ch_est::chEstFilterNoDftSOfdmDispatchKernel<float, __half, float, (unsigned int)2>(ch_est::puschRxChEstStatDescr_t *, ch_est::puschRxChEstDynDescr_t *)"
16512201810,15424,317474,137,2,1,24,2,1,44,0.001,0.001,,,,,NVIDIA A100-SXM4-40GB MIG 4g.20gb (0),1,,13,"void ch_est::chEstFilterNoDftSOfdmDispatchKernel<float, __half, float, (unsigned int)2>(ch_est::puschRxChEstStatDescr_t *, ch_est::puschRxChEstDynDescr_t *)"
16512389200,6848,317485,103,1,1,128,1,1,16,0.000,0.000,,,,,NVIDIA A100-SXM4-40GB MIG 4g.20gb (0),1,,13,cupy_copy__complex64_complex64
16512856171,19680,317495,1434,1,1,128,1,1,16,0.000,0.000,,,,,NVIDIA A100-SXM4-40GB MIG 4g.20gb (0),1,,13,cupy_copy__complex64_complex64
16513233447,4576,317502,103,1,1,128,1,1,16,0.000,0.000,,,,,NVIDIA A100-SXM4-40GB MIG 4g.20gb (0),1,,13,cupy_copy__complex64_complex64
16513640482,292893,317509,1,1,1,32,32,1,30,0.000,0.000,,,,,NVIDIA A100-SXM4-40GB MIG 4g.20gb (0),1,,13,"void convert_kernel<__half2, float2>(tensor_layout_any, T1 *, tensor_layout_any, const T2 *)"
16513962814,9408,317512,,,,,,,,,,0.094,9959.135,Pinned,Device,NVIDIA A100-SXM4-40GB MIG 4g.20gb (0),1,,13,[CUDA memcpy Host-to-Device]
16514365306,57119,317513,,,,,,,,,,35.810,626924.269,Device,,NVIDIA A100-SXM4-40GB MIG 4g.20gb (0),1,,13,[CUDA memset]
16514427833,2304,317515,,,,,,,,,,0.000,34.722,Pinned,Device,NVIDIA A100-SXM4-40GB MIG 4g.20gb (0),1,,13,[CUDA memcpy Host-to-Device]
16514436921,9504,317516,,,,,,,,,,0.197,20686.701,Pinned,Device,NVIDIA A100-SXM4-40GB MIG 4g.20gb (0),1,,13,[CUDA memcpy Host-to-Device]
16514811317,29472,317517,273,1,1,48,1,1,40,0.000,0.001,,,,,NVIDIA A100-SXM4-40GB MIG 4g.20gb (0),1,,13,"void pusch_noise_intf_est::noiseIntfEstNoDftSOfdmKernel<float, __half, float, float, (unsigned int)2, (unsigned int)1, (unsigned char)4, (unsigned char)4>(pusch_noise_intf_est::puschRxNoiseIntfEstDynDescr)"
16515177009,4800,317528,35,1,1,128,1,1,16,0.000,0.000,,,,,NVIDIA A100-SXM4-40GB MIG 4g.20gb (0),1,,13,cupy_copy__complex64_complex64
16515583948,3264,317537,1,1,1,1,1,1,18,0.000,0.000,,,,,NVIDIA A100-SXM4-40GB MIG 4g.20gb (0),1,,13,cupy_copy__float32_float32
16515590444,1696,317543,,,,,,,,,,0.000,2.358,Device,Pageable,NVIDIA A100-SXM4-40GB MIG 4g.20gb (0),1,,7,[CUDA memcpy Device-to-Host]
16515823082,23967,317554,1434,1,1,128,1,1,16,0.000,0.000,,,,,NVIDIA A100-SXM4-40GB MIG 4g.20gb (0),1,,13,cupy_copy__complex64_complex64
16516123686,7584,317561,103,1,1,128,1,1,16,0.000,0.000,,,,,NVIDIA A100-SXM4-40GB MIG 4g.20gb (0),1,,13,cupy_copy__complex64_complex64
16516216613,12288,317568,35,1,1,128,1,1,16,0.000,0.000,,,,,NVIDIA A100-SXM4-40GB MIG 4g.20gb (0),1,,13,cupy_copy__complex64_complex64
16516269061,5696,317575,1,1,1,1,1,1,18,0.000,0.000,,,,,NVIDIA A100-SXM4-40GB MIG 4g.20gb (0),1,,13,cupy_copy__float32_float32
16516342788,308444,317586,1,1,1,32,32,1,30,0.000,0.000,,,,,NVIDIA A100-SXM4-40GB MIG 4g.20gb (0),1,,13,"void convert_kernel<__half2, float2>(tensor_layout_any, T1 *, tensor_layout_any, const T2 *)"
16516682048,5408,317589,,,,,,,,,,0.094,17325.421,Pinned,Device,NVIDIA A100-SXM4-40GB MIG 4g.20gb (0),1,,13,[CUDA memcpy Host-to-Device]
16516748511,6048,317590,,,,,,,,,,1.547,255723.452,Device,,NVIDIA A100-SXM4-40GB MIG 4g.20gb (0),1,,13,[CUDA memset]
16516762015,7008,317595,,,,,,,,,,0.031,4465.751,Pinned,Device,NVIDIA A100-SXM4-40GB MIG 4g.20gb (0),1,,13,[CUDA memcpy Host-to-Device]
16516771711,13184,317596,,,,,,,,,,0.197,14912.520,Pinned,Device,NVIDIA A100-SXM4-40GB MIG 4g.20gb (0),1,,13,[CUDA memcpy Host-to-Device]
16516853054,29248,317597,273,1,1,8,4,1,39,0.002,0.000,,,,,NVIDIA A100-SXM4-40GB MIG 4g.20gb (0),1,,13,"void channel_eq::eqMmseCoefCompLowMimoKernel<float, float, float, (unsigned int)4, (unsigned int)1, (unsigned int)4>(const channel_eq::_puschRxChEqStatDescr *, channel_eq::_puschRxChEqCoefCompDynDescr)"
16516954493,26176,317598,273,1,1,12,11,1,51,0.002,0.000,,,,,NVIDIA A100-SXM4-40GB MIG 4g.20gb (0),1,,13,"void channel_eq::eqMmseSoftDemapKernel<float, __half, __half, float, (unsigned int)4, (unsigned short)16383>(channel_eq::_puschRxChEqStatDescr *, channel_eq::_puschRxChEqSoftDemapDynDescr)"
16517016572,792119,317599,1,1,1,32,32,1,30,0.000,0.000,,,,,NVIDIA A100-SXM4-40GB MIG 4g.20gb (0),1,,13,"void convert_kernel<float2, __half2>(tensor_layout_any, T1 *, tensor_layout_any, const T2 *)"
16518023409,22144,317611,2253,1,1,128,1,1,16,0.000,0.000,,,,,NVIDIA A100-SXM4-40GB MIG 4g.20gb (0),1,,13,cupy_copy__float16_float16
16518269870,5408,317620,282,1,1,128,1,1,16,0.000,0.000,,,,,NVIDIA A100-SXM4-40GB MIG 4g.20gb (0),1,,13,cupy_copy__complex64_complex64
16518381805,13152,317629,26,1,1,128,1,1,16,0.000,0.000,,,,,NVIDIA A100-SXM4-40GB MIG 4g.20gb (0),1,,13,cupy_copy__float32_float32
16518580267,11327,317638,103,1,1,128,1,1,16,0.000,0.000,,,,,NVIDIA A100-SXM4-40GB MIG 4g.20gb (0),1,,13,cupy_copy__complex64_complex64
16518696521,18048,317648,1434,1,1,128,1,1,16,0.000,0.000,,,,,NVIDIA A100-SXM4-40GB MIG 4g.20gb (0),1,,13,cupy_copy__complex64_complex64
16518889735,292509,317653,1,1,1,32,32,1,30,0.000,0.000,,,,,NVIDIA A100-SXM4-40GB MIG 4g.20gb (0),1,,13,"void convert_kernel<__half2, float2>(tensor_layout_any, T1 *, tensor_layout_any, const T2 *)"
16519211588,5727,317656,,,,,,,,,,0.094,16360.352,Pinned,Device,NVIDIA A100-SXM4-40GB MIG 4g.20gb (0),1,,13,[CUDA memcpy Host-to-Device]
16519439873,625369,317657,,,,,,,,,,456.561,730041.743,Device,,NVIDIA A100-SXM4-40GB MIG 4g.20gb (0),1,,13,[CUDA memset]
16520072698,64927,317662,,,,,,,,,,1.235,19019.373,Pinned,Device,NVIDIA A100-SXM4-40GB MIG 4g.20gb (0),1,,13,[CUDA memcpy Host-to-Device]
16520140057,10816,317663,,,,,,,,,,0.197,18177.393,Pinned,Device,NVIDIA A100-SXM4-40GB MIG 4g.20gb (0),1,,13,[CUDA memcpy Host-to-Device]
16520307223,25536,317664,69,4,1,48,1,1,76,0.002,0.000,,,,,NVIDIA A100-SXM4-40GB MIG 4g.20gb (0),1,,13,"void ch_est::windowedChEstPreNoDftSOfdmKernel<float, __half, float, (unsigned int)2, (unsigned int)1, (unsigned short)4>(ch_est::puschRxChEstStatDescr_t *, ch_est::puschRxChEstDynDescr_t *)"
16520555764,27488,317665,137,2,1,24,2,1,44,0.001,0.001,,,,,NVIDIA A100-SXM4-40GB MIG 4g.20gb (0),1,,13,"void ch_est::chEstFilterNoDftSOfdmDispatchKernel<float, __half, float, (unsigned int)2>(ch_est::puschRxChEstStatDescr_t *, ch_est::puschRxChEstDynDescr_t *)"
16520751250,29440,317666,137,2,1,24,2,1,44,0.001,0.001,,,,,NVIDIA A100-SXM4-40GB MIG 4g.20gb (0),1,,13,"void ch_est::chEstFilterNoDftSOfdmDispatchKernel<float, __half, float, (unsigned int)2>(ch_est::puschRxChEstStatDescr_t *, ch_est::puschRxChEstDynDescr_t *)"
16520957296,8224,317677,103,1,1,128,1,1,16,0.000,0.000,,,,,NVIDIA A100-SXM4-40GB MIG 4g.20gb (0),1,,13,cupy_copy__complex64_complex64
16521059951,18816,317687,1434,1,1,128,1,1,16,0.000,0.000,,,,,NVIDIA A100-SXM4-40GB MIG 4g.20gb (0),1,,13,cupy_copy__complex64_complex64
16521116590,7104,317694,103,1,1,128,1,1,16,0.000,0.000,,,,,NVIDIA A100-SXM4-40GB MIG 4g.20gb (0),1,,13,cupy_copy__complex64_complex64
16521189581,308381,317701,1,1,1,32,32,1,30,0.000,0.000,,,,,NVIDIA A100-SXM4-40GB MIG 4g.20gb (0),1,,13,"void convert_kernel<__half2, float2>(tensor_layout_any, T1 *, tensor_layout_any, const T2 *)"
16521527594,5503,317704,,,,,,,,,,0.094,17026.343,Pinned,Device,NVIDIA A100-SXM4-40GB MIG 4g.20gb (0),1,,13,[CUDA memcpy Host-to-Device]
16521597737,51903,317705,,,,,,,,,,35.810,689913.919,Device,,NVIDIA A100-SXM4-40GB MIG 4g.20gb (0),1,,13,[CUDA memset]
16521652904,4320,317707,,,,,,,,,,0.000,18.518,Pinned,Device,NVIDIA A100-SXM4-40GB MIG 4g.20gb (0),1,,13,[CUDA memcpy Host-to-Device]
16521660328,14048,317708,,,,,,,,,,0.197,13995.344,Pinned,Device,NVIDIA A100-SXM4-40GB MIG 4g.20gb (0),1,,13,[CUDA memcpy Host-to-Device]
16521755015,26720,317709,273,1,1,48,1,1,40,0.000,0.001,,,,,NVIDIA A100-SXM4-40GB MIG 4g.20gb (0),1,,13,"void pusch_noise_intf_est::noiseIntfEstNoDftSOfdmKernel<float, __half, float, float, (unsigned int)2, (unsigned int)1, (unsigned char)4, (unsigned char)4>(pusch_noise_intf_est::puschRxNoiseIntfEstDynDescr)"
16521858438,9568,317720,35,1,1,128,1,1,16,0.000,0.000,,,,,NVIDIA A100-SXM4-40GB MIG 4g.20gb (0),1,,13,cupy_copy__complex64_complex64
16521945733,4288,317729,1,1,1,1,1,1,18,0.000,0.000,,,,,NVIDIA A100-SXM4-40GB MIG 4g.20gb (0),1,,13,cupy_copy__float32_float32
16521954725,1632,317735,,,,,,,,,,0.000,2.451,Device,Pageable,NVIDIA A100-SXM4-40GB MIG 4g.20gb (0),1,,7,[CUDA memcpy Device-to-Host]
16522066851,21984,317746,1434,1,1,128,1,1,16,0.000,0.000,,,,,NVIDIA A100-SXM4-40GB MIG 4g.20gb (0),1,,13,cupy_copy__complex64_complex64
16522181954,9248,317753,103,1,1,128,1,1,16,0.000,0.000,,,,,NVIDIA A100-SXM4-40GB MIG 4g.20gb (0),1,,13,cupy_copy__complex64_complex64
16522214274,10048,317760,35,1,1,128,1,1,16,0.000,0.000,,,,,NVIDIA A100-SXM4-40GB MIG 4g.20gb (0),1,,13,cupy_copy__complex64_complex64
16522294849,4320,317767,1,1,1,1,1,1,18,0.000,0.000,,,,,NVIDIA A100-SXM4-40GB MIG 4g.20gb (0),1,,13,cupy_copy__float32_float32
16522331552,302045,317778,1,1,1,32,32,1,30,0.000,0.000,,,,,NVIDIA A100-SXM4-40GB MIG 4g.20gb (0),1,,13,"void convert_kernel<__half2, float2>(tensor_layout_any, T1 *, tensor_layout_any, const T2 *)"
16522662429,5472,317781,,,,,,,,,,0.094,17122.757,Pinned,Device,NVIDIA A100-SXM4-40GB MIG 4g.20gb (0),1,,13,[CUDA memcpy Host-to-Device]
16522736252,10400,317782,,,,,,,,,,1.547,148712.537,Device,,NVIDIA A100-SXM4-40GB MIG 4g.20gb (0),1,,13,[CUDA memset]
16522753852,3360,317787,,,,,,,,,,0.031,9314.284,Pinned,Device,NVIDIA A100-SXM4-40GB MIG 4g.20gb (0),1,,13,[CUDA memcpy Host-to-Device]
16522762556,12703,317788,,,,,,,,,,0.197,15477.178,Pinned,Device,NVIDIA A100-SXM4-40GB MIG 4g.20gb (0),1,,13,[CUDA memcpy Host-to-Device]
16522841723,33599,317789,273,1,1,8,4,1,39,0.002,0.000,,,,,NVIDIA A100-SXM4-40GB MIG 4g.20gb (0),1,,13,"void channel_eq::eqMmseCoefCompLowMimoKernel<float, float, float, (unsigned int)4, (unsigned int)1, (unsigned int)4>(const channel_eq::_puschRxChEqStatDescr *, channel_eq::_puschRxChEqCoefCompDynDescr)"
16522922074,17280,317790,273,1,1,12,11,1,51,0.002,0.000,,,,,NVIDIA A100-SXM4-40GB MIG 4g.20gb (0),1,,13,"void channel_eq::eqMmseSoftDemapKernel<float, __half, __half, float, (unsigned int)4, (unsigned short)16383>(channel_eq::_puschRxChEqStatDescr *, channel_eq::_puschRxChEqSoftDemapDynDescr)"
16523026169,848918,317791,1,1,1,32,32,1,30,0.000,0.000,,,,,NVIDIA A100-SXM4-40GB MIG 4g.20gb (0),1,,13,"void convert_kernel<float2, __half2>(tensor_layout_any, T1 *, tensor_layout_any, const T2 *)"
16523947950,14272,317803,2253,1,1,128,1,1,16,0.000,0.000,,,,,NVIDIA A100-SXM4-40GB MIG 4g.20gb (0),1,,13,cupy_copy__float16_float16
16524171788,7072,317812,282,1,1,128,1,1,16,0.000,0.000,,,,,NVIDIA A100-SXM4-40GB MIG 4g.20gb (0),1,,13,cupy_copy__complex64_complex64
16524390793,5504,317821,26,1,1,128,1,1,16,0.000,0.000,,,,,NVIDIA A100-SXM4-40GB MIG 4g.20gb (0),1,,13,cupy_copy__float32_float32
16524609927,11360,317830,103,1,1,128,1,1,16,0.000,0.000,,,,,NVIDIA A100-SXM4-40GB MIG 4g.20gb (0),1,,13,cupy_copy__complex64_complex64
16524771013,20672,317840,1434,1,1,128,1,1,16,0.000,0.000,,,,,NVIDIA A100-SXM4-40GB MIG 4g.20gb (0),1,,13,cupy_copy__complex64_complex64
16525008770,305245,317845,1,1,1,32,32,1,30,0.000,0.000,,,,,NVIDIA A100-SXM4-40GB MIG 4g.20gb (0),1,,13,"void convert_kernel<__half2, float2>(tensor_layout_any, T1 *, tensor_layout_any, const T2 *)"
16525346687,5696,317848,,,,,,,,,,0.094,16449.363,Pinned,Device,NVIDIA A100-SXM4-40GB MIG 4g.20gb (0),1,,13,[CUDA memcpy Host-to-Device]
16525516285,620473,317849,,,,,,,,,,456.561,735520.480,Device,,NVIDIA A100-SXM4-40GB MIG 4g.20gb (0),1,,13,[CUDA memset]
16526143606,66367,317854,,,,,,,,,,1.235,18606.901,Pinned,Device,NVIDIA A100-SXM4-40GB MIG 4g.20gb (0),1,,13,[CUDA memcpy Host-to-Device]
16526216597,13088,317855,,,,,,,,,,0.197,15021.834,Pinned,Device,NVIDIA A100-SXM4-40GB MIG 4g.20gb (0),1,,13,[CUDA memcpy Host-to-Device]
16526363635,25312,317856,69,4,1,48,1,1,76,0.002,0.000,,,,,NVIDIA A100-SXM4-40GB MIG 4g.20gb (0),1,,13,"void ch_est::windowedChEstPreNoDftSOfdmKernel<float, __half, float, (unsigned int)2, (unsigned int)1, (unsigned short)4>(ch_est::puschRxChEstStatDescr_t *, ch_est::puschRxChEstDynDescr_t *)"
16526420499,35231,317857,137,2,1,24,2,1,44,0.001,0.001,,,,,NVIDIA A100-SXM4-40GB MIG 4g.20gb (0),1,,13,"void ch_est::chEstFilterNoDftSOfdmDispatchKernel<float, __half, float, (unsigned int)2>(ch_est::puschRxChEstStatDescr_t *, ch_est::puschRxChEstDynDescr_t *)"
16526496690,19807,317858,137,2,1,24,2,1,44,0.001,0.001,,,,,NVIDIA A100-SXM4-40GB MIG 4g.20gb (0),1,,13,"void ch_est::chEstFilterNoDftSOfdmDispatchKernel<float, __half, float, (unsigned int)2>(ch_est::puschRxChEstStatDescr_t *, ch_est::puschRxChEstDynDescr_t *)"
16526601457,9535,317869,103,1,1,128,1,1,16,0.000,0.000,,,,,NVIDIA A100-SXM4-40GB MIG 4g.20gb (0),1,,13,cupy_copy__complex64_complex64
16526689904,18943,317879,1434,1,1,128,1,1,16,0.000,0.000,,,,,NVIDIA A100-SXM4-40GB MIG 4g.20gb (0),1,,13,cupy_copy__complex64_complex64
16526746959,6848,317886,103,1,1,128,1,1,16,0.000,0.000,,,,,NVIDIA A100-SXM4-40GB MIG 4g.20gb (0),1,,13,cupy_copy__complex64_complex64
16526818286,296189,317893,1,1,1,32,32,1,30,0.000,0.000,,,,,NVIDIA A100-SXM4-40GB MIG 4g.20gb (0),1,,13,"void convert_kernel<__half2, float2>(tensor_layout_any, T1 *, tensor_layout_any, const T2 *)"
16527142442,5376,317896,,,,,,,,,,0.094,17428.487,Pinned,Device,NVIDIA A100-SXM4-40GB MIG 4g.20gb (0),1,,13,[CUDA memcpy Host-to-Device]
16527223690,51519,317897,,,,,,,,,,35.810,695070.547,Device,,NVIDIA A100-SXM4-40GB MIG 4g.20gb (0),1,,13,[CUDA memset]
16527280905,2368,317899,,,,,,,,,,0.000,33.784,Pinned,Device,NVIDIA A100-SXM4-40GB MIG 4g.20gb (0),1,,13,[CUDA memcpy Host-to-Device]
16527286185,9472,317900,,,,,,,,,,0.197,20756.693,Pinned,Device,NVIDIA A100-SXM4-40GB MIG 4g.20gb (0),1,,13,[CUDA memcpy Host-to-Device]
16527380264,27135,317901,273,1,1,48,1,1,40,0.000,0.001,,,,,NVIDIA A100-SXM4-40GB MIG 4g.20gb (0),1,,13,"void pusch_noise_intf_est::noiseIntfEstNoDftSOfdmKernel<float, __half, float, float, (unsigned int)2, (unsigned int)1, (unsigned char)4, (unsigned char)4>(pusch_noise_intf_est::puschRxNoiseIntfEstDynDescr)"
16527434695,9088,317912,35,1,1,128,1,1,16,0.000,0.000,,,,,NVIDIA A100-SXM4-40GB MIG 4g.20gb (0),1,,13,cupy_copy__complex64_complex64
16527521670,6016,317921,1,1,1,1,1,1,18,0.000,0.000,,,,,NVIDIA A100-SXM4-40GB MIG 4g.20gb (0),1,,13,cupy_copy__float32_float32
16527529318,1664,317927,,,,,,,,,,0.000,2.404,Device,Pageable,NVIDIA A100-SXM4-40GB MIG 4g.20gb (0),1,,7,[CUDA memcpy Device-to-Host]
16527634085,19680,317938,1434,1,1,128,1,1,16,0.000,0.000,,,,,NVIDIA A100-SXM4-40GB MIG 4g.20gb (0),1,,13,cupy_copy__complex64_complex64
16527715396,9120,317945,103,1,1,128,1,1,16,0.000,0.000,,,,,NVIDIA A100-SXM4-40GB MIG 4g.20gb (0),1,,13,cupy_copy__complex64_complex64
16527748612,9376,317952,35,1,1,128,1,1,16,0.000,0.000,,,,,NVIDIA A100-SXM4-40GB MIG 4g.20gb (0),1,,13,cupy_copy__complex64_complex64
16527832451,7296,317959,1,1,1,1,1,1,18,0.000,0.000,,,,,NVIDIA A100-SXM4-40GB MIG 4g.20gb (0),1,,13,cupy_copy__float32_float32
16527865090,308445,317970,1,1,1,32,32,1,30,0.000,0.000,,,,,NVIDIA A100-SXM4-40GB MIG 4g.20gb (0),1,,13,"void convert_kernel<__half2, float2>(tensor_layout_any, T1 *, tensor_layout_any, const T2 *)"
16528208254,10240,317973,,,,,,,,,,0.094,9149.977,Pinned,Device,NVIDIA A100-SXM4-40GB MIG 4g.20gb (0),1,,13,[CUDA memcpy Host-to-Device]
16528335933,8736,317974,,,,,,,,,,1.547,177038.956,Device,,NVIDIA A100-SXM4-40GB MIG 4g.20gb (0),1,,13,[CUDA memset]
16528346269,6048,317979,,,,,,,,,,0.031,5174.575,Pinned,Device,NVIDIA A100-SXM4-40GB MIG 4g.20gb (0),1,,13,[CUDA memcpy Host-to-Device]
16528358013,9888,317980,,,,,,,,,,0.197,19883.360,Pinned,Device,NVIDIA A100-SXM4-40GB MIG 4g.20gb (0),1,,13,[CUDA memcpy Host-to-Device]
16528576762,24224,317981,273,1,1,8,4,1,39,0.002,0.000,,,,,NVIDIA A100-SXM4-40GB MIG 4g.20gb (0),1,,13,"void channel_eq::eqMmseCoefCompLowMimoKernel<float, float, float, (unsigned int)4, (unsigned int)1, (unsigned int)4>(const channel_eq::_puschRxChEqStatDescr *, channel_eq::_puschRxChEqCoefCompDynDescr)"
16528764664,20384,317982,273,1,1,12,11,1,51,0.002,0.000,,,,,NVIDIA A100-SXM4-40GB MIG 4g.20gb (0),1,,13,"void channel_eq::eqMmseSoftDemapKernel<float, __half, __half, float, (unsigned int)4, (unsigned short)16383>(channel_eq::_puschRxChEqStatDescr *, channel_eq::_puschRxChEqSoftDemapDynDescr)"
16528878807,751959,317983,1,1,1,32,32,1,30,0.000,0.000,,,,,NVIDIA A100-SXM4-40GB MIG 4g.20gb (0),1,,13,"void convert_kernel<float2, __half2>(tensor_layout_any, T1 *, tensor_layout_any, const T2 *)"
16529801421,15103,317995,2253,1,1,128,1,1,16,0.000,0.000,,,,,NVIDIA A100-SXM4-40GB MIG 4g.20gb (0),1,,13,cupy_copy__float16_float16
16530040970,8256,318004,282,1,1,128,1,1,16,0.000,0.000,,,,,NVIDIA A100-SXM4-40GB MIG 4g.20gb (0),1,,13,cupy_copy__complex64_complex64
16530252967,9664,318013,26,1,1,128,1,1,16,0.000,0.000,,,,,NVIDIA A100-SXM4-40GB MIG 4g.20gb (0),1,,13,cupy_copy__float32_float32
16530431717,14624,318022,103,1,1,128,1,1,16,0.000,0.000,,,,,NVIDIA A100-SXM4-40GB MIG 4g.20gb (0),1,,13,cupy_copy__complex64_complex64
16530654595,18752,318032,1434,1,1,128,1,1,16,0.000,0.000,,,,,NVIDIA A100-SXM4-40GB MIG 4g.20gb (0),1,,13,cupy_copy__complex64_complex64
16530772130,300636,318037,1,1,1,32,32,1,30,0.000,0.000,,,,,NVIDIA A100-SXM4-40GB MIG 4g.20gb (0),1,,13,"void convert_kernel<__half2, float2>(tensor_layout_any, T1 *, tensor_layout_any, const T2 *)"
16531101278,5472,318040,,,,,,,,,,0.094,17122.757,Pinned,Device,NVIDIA A100-SXM4-40GB MIG 4g.20gb (0),1,,13,[CUDA memcpy Host-to-Device]
16531180509,611961,318041,,,,,,,,,,456.561,746021.393,Device,,NVIDIA A100-SXM4-40GB MIG 4g.20gb (0),1,,13,[CUDA memset]
16531797622,67135,318046,,,,,,,,,,1.235,18394.491,Pinned,Device,NVIDIA A100-SXM4-40GB MIG 4g.20gb (0),1,,13,[CUDA memcpy Host-to-Device]
16531869269,13920,318047,,,,,,,,,,0.197,14124.122,Pinned,Device,NVIDIA A100-SXM4-40GB MIG 4g.20gb (0),1,,13,[CUDA memcpy Host-to-Device]
16531923381,31007,318048,69,4,1,48,1,1,76,0.002,0.000,,,,,NVIDIA A100-SXM4-40GB MIG 4g.20gb (0),1,,13,"void ch_est::windowedChEstPreNoDftSOfdmKernel<float, __half, float, (unsigned int)2, (unsigned int)1, (unsigned short)4>(ch_est::puschRxChEstStatDescr_t *, ch_est::puschRxChEstDynDescr_t *)"
16532002932,17536,318049,137,2,1,24,2,1,44,0.001,0.001,,,,,NVIDIA A100-SXM4-40GB MIG 4g.20gb (0),1,,13,"void ch_est::chEstFilterNoDftSOfdmDispatchKernel<float, __half, float, (unsigned int)2>(ch_est::puschRxChEstStatDescr_t *, ch_est::puschRxChEstDynDescr_t *)"
16532110579,17631,318050,137,2,1,24,2,1,44,0.001,0.001,,,,,NVIDIA A100-SXM4-40GB MIG 4g.20gb (0),1,,13,"void ch_est::chEstFilterNoDftSOfdmDispatchKernel<float, __half, float, (unsigned int)2>(ch_est::puschRxChEstStatDescr_t *, ch_est::puschRxChEstDynDescr_t *)"
16532219441,10016,318061,103,1,1,128,1,1,16,0.000,0.000,,,,,NVIDIA A100-SXM4-40GB MIG 4g.20gb (0),1,,13,cupy_copy__complex64_complex64
16532303888,19936,318071,1434,1,1,128,1,1,16,0.000,0.000,,,,,NVIDIA A100-SXM4-40GB MIG 4g.20gb (0),1,,13,cupy_copy__complex64_complex64
16532361904,7072,318078,103,1,1,128,1,1,16,0.000,0.000,,,,,NVIDIA A100-SXM4-40GB MIG 4g.20gb (0),1,,13,cupy_copy__complex64_complex64
16532433743,286109,318085,1,1,1,32,32,1,30,0.000,0.000,,,,,NVIDIA A100-SXM4-40GB MIG 4g.20gb (0),1,,13,"void convert_kernel<__half2, float2>(tensor_layout_any, T1 *, tensor_layout_any, const T2 *)"
16532748715,5408,318088,,,,,,,,,,0.094,17325.421,Pinned,Device,NVIDIA A100-SXM4-40GB MIG 4g.20gb (0),1,,13,[CUDA memcpy Host-to-Device]
16532787755,62783,318089,,,,,,,,,,35.810,570344.596,Device,,NVIDIA A100-SXM4-40GB MIG 4g.20gb (0),1,,13,[CUDA memset]
16532856522,2560,318091,,,,,,,,,,0.000,31.250,Pinned,Device,NVIDIA A100-SXM4-40GB MIG 4g.20gb (0),1,,13,[CUDA memcpy Host-to-Device]
16532865514,9504,318092,,,,,,,,,,0.197,20686.701,Pinned,Device,NVIDIA A100-SXM4-40GB MIG 4g.20gb (0),1,,13,[CUDA memcpy Host-to-Device]
16532929577,31936,318093,273,1,1,48,1,1,40,0.000,0.001,,,,,NVIDIA A100-SXM4-40GB MIG 4g.20gb (0),1,,13,"void pusch_noise_intf_est::noiseIntfEstNoDftSOfdmKernel<float, __half, float, float, (unsigned int)2, (unsigned int)1, (unsigned char)4, (unsigned char)4>(pusch_noise_intf_est::puschRxNoiseIntfEstDynDescr)"
16532969577,10112,318104,35,1,1,128,1,1,16,0.000,0.000,,,,,NVIDIA A100-SXM4-40GB MIG 4g.20gb (0),1,,13,cupy_copy__complex64_complex64
16533034120,5440,318113,1,1,1,1,1,1,18,0.000,0.000,,,,,NVIDIA A100-SXM4-40GB MIG 4g.20gb (0),1,,13,cupy_copy__float32_float32
16533040328,1600,318119,,,,,,,,,,0.000,2.500,Device,Pageable,NVIDIA A100-SXM4-40GB MIG 4g.20gb (0),1,,7,[CUDA memcpy Device-to-Host]
16533144487,20832,318130,1434,1,1,128,1,1,16,0.000,0.000,,,,,NVIDIA A100-SXM4-40GB MIG 4g.20gb (0),1,,13,cupy_copy__complex64_complex64
16533187495,6655,318137,103,1,1,128,1,1,16,0.000,0.000,,,,,NVIDIA A100-SXM4-40GB MIG 4g.20gb (0),1,,13,cupy_copy__complex64_complex64
16533242598,10912,318144,35,1,1,128,1,1,16,0.000,0.000,,,,,NVIDIA A100-SXM4-40GB MIG 4g.20gb (0),1,,13,cupy_copy__complex64_complex64
16533283173,3840,318151,1,1,1,1,1,1,18,0.000,0.000,,,,,NVIDIA A100-SXM4-40GB MIG 4g.20gb (0),1,,13,cupy_copy__float32_float32
16533418564,291229,318162,1,1,1,32,32,1,30,0.000,0.000,,,,,NVIDIA A100-SXM4-40GB MIG 4g.20gb (0),1,,13,"void convert_kernel<__half2, float2>(tensor_layout_any, T1 *, tensor_layout_any, const T2 *)"
16533738752,12352,318165,,,,,,,,,,0.094,7585.441,Pinned,Device,NVIDIA A100-SXM4-40GB MIG 4g.20gb (0),1,,13,[CUDA memcpy Host-to-Device]
16533939838,13184,318166,,,,,,,,,,1.547,117309.884,Device,,NVIDIA A100-SXM4-40GB MIG 4g.20gb (0),1,,13,[CUDA memset]
16533954238,4128,318171,,,,,,,,,,0.031,7581.393,Pinned,Device,NVIDIA A100-SXM4-40GB MIG 4g.20gb (0),1,,13,[CUDA memcpy Host-to-Device]
16533966142,12640,318172,,,,,,,,,,0.197,15554.249,Pinned,Device,NVIDIA A100-SXM4-40GB MIG 4g.20gb (0),1,,13,[CUDA memcpy Host-to-Device]
16534136252,28224,318173,273,1,1,8,4,1,39,0.002,0.000,,,,,NVIDIA A100-SXM4-40GB MIG 4g.20gb (0),1,,13,"void channel_eq::eqMmseCoefCompLowMimoKernel<float, float, float, (unsigned int)4, (unsigned int)1, (unsigned int)4>(const channel_eq::_puschRxChEqStatDescr *, channel_eq::_puschRxChEqCoefCompDynDescr)"
16534304154,15616,318174,273,1,1,12,11,1,51,0.002,0.000,,,,,NVIDIA A100-SXM4-40GB MIG 4g.20gb (0),1,,13,"void channel_eq::eqMmseSoftDemapKernel<float, __half, __half, float, (unsigned int)4, (unsigned short)16383>(channel_eq::_puschRxChEqStatDescr *, channel_eq::_puschRxChEqSoftDemapDynDescr)"
16534402009,684920,318175,1,1,1,32,32,1,30,0.000,0.000,,,,,NVIDIA A100-SXM4-40GB MIG 4g.20gb (0),1,,13,"void convert_kernel<float2, __half2>(tensor_layout_any, T1 *, tensor_layout_any, const T2 *)"
16535262639,22176,318187,2253,1,1,128,1,1,16,0.000,0.000,,,,,NVIDIA A100-SXM4-40GB MIG 4g.20gb (0),1,,13,cupy_copy__float16_float16
16535449549,16960,318196,282,1,1,128,1,1,16,0.000,0.000,,,,,NVIDIA A100-SXM4-40GB MIG 4g.20gb (0),1,,13,cupy_copy__complex64_complex64
16535606059,5184,318205,26,1,1,128,1,1,16,0.000,0.000,,,,,NVIDIA A100-SXM4-40GB MIG 4g.20gb (0),1,,13,cupy_copy__float32_float32
16535692650,10400,318214,103,1,1,128,1,1,16,0.000,0.000,,,,,NVIDIA A100-SXM4-40GB MIG 4g.20gb (0),1,,13,cupy_copy__complex64_complex64
16535799593,24384,318224,1434,1,1,128,1,1,16,0.000,0.000,,,,,NVIDIA A100-SXM4-40GB MIG 4g.20gb (0),1,,13,cupy_copy__complex64_complex64
16535846025,249277,318229,1,1,1,32,32,1,30,0.000,0.000,,,,,NVIDIA A100-SXM4-40GB MIG 4g.20gb (0),1,,13,"void convert_kernel<__half2, float2>(tensor_layout_any, T1 *, tensor_layout_any, const T2 *)"
16536135237,8192,318232,,,,,,,,,,0.094,11437.471,Pinned,Device,NVIDIA A100-SXM4-40GB MIG 4g.20gb (0),1,,13,[CUDA memcpy Host-to-Device]
16536195973,623417,318233,,,,,,,,,,456.561,732324.550,Device,,NVIDIA A100-SXM4-40GB MIG 4g.20gb (0),1,,13,[CUDA memset]
16536822718,58367,318238,,,,,,,,,,1.235,21157.061,Pinned,Device,NVIDIA A100-SXM4-40GB MIG 4g.20gb (0),1,,13,[CUDA memcpy Host-to-Device]
16536886589,16000,318239,,,,,,,,,,0.197,12288.000,Pinned,Device,NVIDIA A100-SXM4-40GB MIG 4g.20gb (0),1,,13,[CUDA memcpy Host-to-Device]
16536949756,27200,318240,69,4,1,48,1,1,76,0.002,0.000,,,,,NVIDIA A100-SXM4-40GB MIG 4g.20gb (0),1,,13,"void ch_est::windowedChEstPreNoDftSOfdmKernel<float, __half, float, (unsigned int)2, (unsigned int)1, (unsigned short)4>(ch_est::puschRxChEstStatDescr_t *, ch_est::puschRxChEstDynDescr_t *)"
16536992444,26239,318241,137,2,1,24,2,1,44,0.001,0.001,,,,,NVIDIA A100-SXM4-40GB MIG 4g.20gb (0),1,,13,"void ch_est::chEstFilterNoDftSOfdmDispatchKernel<float, __half, float, (unsigned int)2>(ch_est::puschRxChEstStatDescr_t *, ch_est::puschRxChEstDynDescr_t *)"
16537050747,26624,318242,137,2,1,24,2,1,44,0.001,0.001,,,,,NVIDIA A100-SXM4-40GB MIG 4g.20gb (0),1,,13,"void ch_est::chEstFilterNoDftSOfdmDispatchKernel<float, __half, float, (unsigned int)2>(ch_est::puschRxChEstStatDescr_t *, ch_est::puschRxChEstDynDescr_t *)"
16537093211,6560,318253,103,1,1,128,1,1,16,0.000,0.000,,,,,NVIDIA A100-SXM4-40GB MIG 4g.20gb (0),1,,13,cupy_copy__complex64_complex64
16537148090,19072,318263,1434,1,1,128,1,1,16,0.000,0.000,,,,,NVIDIA A100-SXM4-40GB MIG 4g.20gb (0),1,,13,cupy_copy__complex64_complex64
16537189850,8351,318270,103,1,1,128,1,1,16,0.000,0.000,,,,,NVIDIA A100-SXM4-40GB MIG 4g.20gb (0),1,,13,cupy_copy__complex64_complex64
16537252697,261149,318277,1,1,1,32,32,1,30,0.000,0.000,,,,,NVIDIA A100-SXM4-40GB MIG 4g.20gb (0),1,,13,"void convert_kernel<__half2, float2>(tensor_layout_any, T1 *, tensor_layout_any, const T2 *)"
16537542358,5536,318280,,,,,,,,,,0.094,16924.777,Pinned,Device,NVIDIA A100-SXM4-40GB MIG 4g.20gb (0),1,,13,[CUDA memcpy Host-to-Device]
16537610389,63583,318281,,,,,,,,,,35.810,563182.612,Device,,NVIDIA A100-SXM4-40GB MIG 4g.20gb (0),1,,13,[CUDA memset]
16537678100,5824,318283,,,,,,,,,,0.000,13.736,Pinned,Device,NVIDIA A100-SXM4-40GB MIG 4g.20gb (0),1,,13,[CUDA memcpy Host-to-Device]
16537687028,9632,318284,,,,,,,,,,0.197,20411.843,Pinned,Device,NVIDIA A100-SXM4-40GB MIG 4g.20gb (0),1,,13,[CUDA memcpy Host-to-Device]
16537752467,30272,318285,273,1,1,48,1,1,40,0.000,0.001,,,,,NVIDIA A100-SXM4-40GB MIG 4g.20gb (0),1,,13,"void pusch_noise_intf_est::noiseIntfEstNoDftSOfdmKernel<float, __half, float, float, (unsigned int)2, (unsigned int)1, (unsigned char)4, (unsigned char)4>(pusch_noise_intf_est::puschRxNoiseIntfEstDynDescr)"
16537791699,9824,318296,35,1,1,128,1,1,16,0.000,0.000,,,,,NVIDIA A100-SXM4-40GB MIG 4g.20gb (0),1,,13,cupy_copy__complex64_complex64
16537856946,4928,318305,1,1,1,1,1,1,18,0.000,0.000,,,,,NVIDIA A100-SXM4-40GB MIG 4g.20gb (0),1,,13,cupy_copy__float32_float32
16537871090,1664,318311,,,,,,,,,,0.000,2.404,Device,Pageable,NVIDIA A100-SXM4-40GB MIG 4g.20gb (0),1,,7,[CUDA memcpy Device-to-Host]
16537967953,21024,318322,1434,1,1,128,1,1,16,0.000,0.000,,,,,NVIDIA A100-SXM4-40GB MIG 4g.20gb (0),1,,13,cupy_copy__complex64_complex64
16538011280,7392,318329,103,1,1,128,1,1,16,0.000,0.000,,,,,NVIDIA A100-SXM4-40GB MIG 4g.20gb (0),1,,13,cupy_copy__complex64_complex64
16538066768,10304,318336,35,1,1,128,1,1,16,0.000,0.000,,,,,NVIDIA A100-SXM4-40GB MIG 4g.20gb (0),1,,13,cupy_copy__complex64_complex64
16538167983,5504,318343,1,1,1,1,1,1,18,0.000,0.000,,,,,NVIDIA A100-SXM4-40GB MIG 4g.20gb (0),1,,13,cupy_copy__float32_float32
16538359148,303709,318354,1,1,1,32,32,1,30,0.000,0.000,,,,,NVIDIA A100-SXM4-40GB MIG 4g.20gb (0),1,,13,"void convert_kernel<__half2, float2>(tensor_layout_any, T1 *, tensor_layout_any, const T2 *)"
16538692265,12288,318357,,,,,,,,,,0.094,7624.980,Pinned,Device,NVIDIA A100-SXM4-40GB MIG 4g.20gb (0),1,,13,[CUDA memcpy Host-to-Device]
16538880327,14463,318358,,,,,,,,,,1.547,106935.130,Device,,NVIDIA A100-SXM4-40GB MIG 4g.20gb (0),1,,13,[CUDA memset]
16538901350,6624,318363,,,,,,,,,,0.031,4724.632,Pinned,Device,NVIDIA A100-SXM4-40GB MIG 4g.20gb (0),1,,13,[CUDA memcpy Host-to-Device]
16538910406,16224,318364,,,,,,,,,,0.197,12118.327,Pinned,Device,NVIDIA A100-SXM4-40GB MIG 4g.20gb (0),1,,13,[CUDA memcpy Host-to-Device]
16539099332,28704,318365,273,1,1,8,4,1,39,0.002,0.000,,,,,NVIDIA A100-SXM4-40GB MIG 4g.20gb (0),1,,13,"void channel_eq::eqMmseCoefCompLowMimoKernel<float, float, float, (unsigned int)4, (unsigned int)1, (unsigned int)4>(const channel_eq::_puschRxChEqStatDescr *, channel_eq::_puschRxChEqCoefCompDynDescr)"
16539326754,34015,318366,273,1,1,12,11,1,51,0.002,0.000,,,,,NVIDIA A100-SXM4-40GB MIG 4g.20gb (0),1,,13,"void channel_eq::eqMmseSoftDemapKernel<float, __half, __half, float, (unsigned int)4, (unsigned short)16383>(channel_eq::_puschRxChEqStatDescr *, channel_eq::_puschRxChEqSoftDemapDynDescr)"
16539564607,698616,318367,1,1,1,32,32,1,30,0.000,0.000,,,,,NVIDIA A100-SXM4-40GB MIG 4g.20gb (0),1,,13,"void convert_kernel<float2, __half2>(tensor_layout_any, T1 *, tensor_layout_any, const T2 *)"
16540442165,20928,318379,2253,1,1,128,1,1,16,0.000,0.000,,,,,NVIDIA A100-SXM4-40GB MIG 4g.20gb (0),1,,13,cupy_copy__float16_float16
16540550516,14560,318388,282,1,1,128,1,1,16,0.000,0.000,,,,,NVIDIA A100-SXM4-40GB MIG 4g.20gb (0),1,,13,cupy_copy__complex64_complex64
16540585299,11616,318397,26,1,1,128,1,1,16,0.000,0.000,,,,,NVIDIA A100-SXM4-40GB MIG 4g.20gb (0),1,,13,cupy_copy__float32_float32
16540636787,14528,318406,103,1,1,128,1,1,16,0.000,0.000,,,,,NVIDIA A100-SXM4-40GB MIG 4g.20gb (0),1,,13,cupy_copy__complex64_complex64
16540700146,20800,318416,1434,1,1,128,1,1,16,0.000,0.000,,,,,NVIDIA A100-SXM4-40GB MIG 4g.20gb (0),1,,13,cupy_copy__complex64_complex64
16540770001,257597,318421,1,1,1,32,32,1,30,0.000,0.000,,,,,NVIDIA A100-SXM4-40GB MIG 4g.20gb (0),1,,13,"void convert_kernel<__half2, float2>(tensor_layout_any, T1 *, tensor_layout_any, const T2 *)"
16541058510,5344,318424,,,,,,,,,,0.094,17532.864,Pinned,Device,NVIDIA A100-SXM4-40GB MIG 4g.20gb (0),1,,13,[CUDA memcpy Host-to-Device]
16541119053,624857,318425,,,,,,,,,,456.561,730498.304,Device,,NVIDIA A100-SXM4-40GB MIG 4g.20gb (0),1,,13,[CUDA memset]
16541748422,65344,318430,,,,,,,,,,1.235,18898.348,Pinned,Device,NVIDIA A100-SXM4-40GB MIG 4g.20gb (0),1,,13,[CUDA memcpy Host-to-Device]
16541816198,11807,318431,,,,,,,,,,0.197,16651.715,Pinned,Device,NVIDIA A100-SXM4-40GB MIG 4g.20gb (0),1,,13,[CUDA memcpy Host-to-Device]
16541854437,23584,318432,69,4,1,48,1,1,76,0.002,0.000,,,,,NVIDIA A100-SXM4-40GB MIG 4g.20gb (0),1,,13,"void ch_est::windowedChEstPreNoDftSOfdmKernel<float, __half, float, (unsigned int)2, (unsigned int)1, (unsigned short)4>(ch_est::puschRxChEstStatDescr_t *, ch_est::puschRxChEstDynDescr_t *)"
16541914884,26336,318433,137,2,1,24,2,1,44,0.001,0.001,,,,,NVIDIA A100-SXM4-40GB MIG 4g.20gb (0),1,,13,"void ch_est::chEstFilterNoDftSOfdmDispatchKernel<float, __half, float, (unsigned int)2>(ch_est::puschRxChEstStatDescr_t *, ch_est::puschRxChEstDynDescr_t *)"
16541958564,26016,318434,137,2,1,24,2,1,44,0.001,0.001,,,,,NVIDIA A100-SXM4-40GB MIG 4g.20gb (0),1,,13,"void ch_est::chEstFilterNoDftSOfdmDispatchKernel<float, __half, float, (unsigned int)2>(ch_est::puschRxChEstStatDescr_t *, ch_est::puschRxChEstDynDescr_t *)"
16542016611,9088,318445,103,1,1,128,1,1,16,0.000,0.000,,,,,NVIDIA A100-SXM4-40GB MIG 4g.20gb (0),1,,13,cupy_copy__complex64_complex64
16542052483,18528,318455,1434,1,1,128,1,1,16,0.000,0.000,,,,,NVIDIA A100-SXM4-40GB MIG 4g.20gb (0),1,,13,cupy_copy__complex64_complex64
16542113602,9120,318462,103,1,1,128,1,1,16,0.000,0.000,,,,,NVIDIA A100-SXM4-40GB MIG 4g.20gb (0),1,,13,cupy_copy__complex64_complex64
16542154018,256349,318469,1,1,1,32,32,1,30,0.000,0.000,,,,,NVIDIA A100-SXM4-40GB MIG 4g.20gb (0),1,,13,"void convert_kernel<__half2, float2>(tensor_layout_any, T1 *, tensor_layout_any, const T2 *)"
16542439423,5504,318472,,,,,,,,,,0.094,17023.251,Pinned,Device,NVIDIA A100-SXM4-40GB MIG 4g.20gb (0),1,,13,[CUDA memcpy Host-to-Device]
16542514014,63007,318473,,,,,,,,,,35.810,568339.240,Device,,NVIDIA A100-SXM4-40GB MIG 4g.20gb (0),1,,13,[CUDA memset]
16542578877,1984,318475,,,,,,,,,,0.000,40.323,Pinned,Device,NVIDIA A100-SXM4-40GB MIG 4g.20gb (0),1,,13,[CUDA memcpy Host-to-Device]
16542584317,9376,318476,,,,,,,,,,0.197,20969.226,Pinned,Device,NVIDIA A100-SXM4-40GB MIG 4g.20gb (0),1,,13,[CUDA memcpy Host-to-Device]
16542730139,33504,318477,273,1,1,48,1,1,40,0.000,0.001,,,,,NVIDIA A100-SXM4-40GB MIG 4g.20gb (0),1,,13,"void pusch_noise_intf_est::noiseIntfEstNoDftSOfdmKernel<float, __half, float, float, (unsigned int)2, (unsigned int)1, (unsigned char)4, (unsigned char)4>(pusch_noise_intf_est::puschRxNoiseIntfEstDynDescr)"
16542895577,4128,318488,35,1,1,128,1,1,16,0.000,0.000,,,,,NVIDIA A100-SXM4-40GB MIG 4g.20gb (0),1,,13,cupy_copy__complex64_complex64
16542992696,6912,318497,1,1,1,1,1,1,18,0.000,0.000,,,,,NVIDIA A100-SXM4-40GB MIG 4g.20gb (0),1,,13,cupy_copy__float32_float32
16543006136,2144,318503,,,,,,,,,,0.000,1.866,Device,Pageable,NVIDIA A100-SXM4-40GB MIG 4g.20gb (0),1,,7,[CUDA memcpy Device-to-Host]
16543179798,21056,318514,1434,1,1,128,1,1,16,0.000,0.000,,,,,NVIDIA A100-SXM4-40GB MIG 4g.20gb (0),1,,13,cupy_copy__complex64_complex64
16543314197,3776,318521,103,1,1,128,1,1,16,0.000,0.000,,,,,NVIDIA A100-SXM4-40GB MIG 4g.20gb (0),1,,13,cupy_copy__complex64_complex64
16543319541,5504,318528,35,1,1,128,1,1,16,0.000,0.000,,,,,NVIDIA A100-SXM4-40GB MIG 4g.20gb (0),1,,13,cupy_copy__complex64_complex64
16543423668,3871,318535,1,1,1,1,1,1,18,0.000,0.000,,,,,NVIDIA A100-SXM4-40GB MIG 4g.20gb (0),1,,13,cupy_copy__float32_float32
16543429171,309277,318546,1,1,1,32,32,1,30,0.000,0.000,,,,,NVIDIA A100-SXM4-40GB MIG 4g.20gb (0),1,,13,"void convert_kernel<__half2, float2>(tensor_layout_any, T1 *, tensor_layout_any, const T2 *)"
16543766928,5472,318549,,,,,,,,,,0.094,17122.757,Pinned,Device,NVIDIA A100-SXM4-40GB MIG 4g.20gb (0),1,,13,[CUDA memcpy Host-to-Device]
16543863695,5184,318550,,,,,,,,,,1.547,298345.316,Device,,NVIDIA A100-SXM4-40GB MIG 4g.20gb (0),1,,13,[CUDA memset]
16543874190,3168,318555,,,,,,,,,,0.031,9878.770,Pinned,Device,NVIDIA A100-SXM4-40GB MIG 4g.20gb (0),1,,13,[CUDA memcpy Host-to-Device]
16543879790,10464,318556,,,,,,,,,,0.197,18788.844,Pinned,Device,NVIDIA A100-SXM4-40GB MIG 4g.20gb (0),1,,13,[CUDA memcpy Host-to-Device]
16543975981,10432,318557,273,1,1,8,4,1,39,0.002,0.000,,,,,NVIDIA A100-SXM4-40GB MIG 4g.20gb (0),1,,13,"void channel_eq::eqMmseCoefCompLowMimoKernel<float, float, float, (unsigned int)4, (unsigned int)1, (unsigned int)4>(const channel_eq::_puschRxChEqStatDescr *, channel_eq::_puschRxChEqCoefCompDynDescr)"
16544086412,10464,318558,273,1,1,12,11,1,51,0.002,0.000,,,,,NVIDIA A100-SXM4-40GB MIG 4g.20gb (0),1,,13,"void channel_eq::eqMmseSoftDemapKernel<float, __half, __half, float, (unsigned int)4, (unsigned short)16383>(channel_eq::_puschRxChEqStatDescr *, channel_eq::_puschRxChEqSoftDemapDynDescr)"
16544101996,532090,318559,1,1,1,32,32,1,30,0.000,0.000,,,,,NVIDIA A100-SXM4-40GB MIG 4g.20gb (0),1,,13,"void convert_kernel<float2, __half2>(tensor_layout_any, T1 *, tensor_layout_any, const T2 *)"
16544701861,13984,318571,2253,1,1,128,1,1,16,0.000,0.000,,,,,NVIDIA A100-SXM4-40GB MIG 4g.20gb (0),1,,13,cupy_copy__float16_float16
16544748101,11552,318580,282,1,1,128,1,1,16,0.000,0.000,,,,,NVIDIA A100-SXM4-40GB MIG 4g.20gb (0),1,,13,cupy_copy__complex64_complex64
16544844548,3680,318589,26,1,1,128,1,1,16,0.000,0.000,,,,,NVIDIA A100-SXM4-40GB MIG 4g.20gb (0),1,,13,cupy_copy__float32_float32
16544880131,18528,318598,103,1,1,128,1,1,16,0.000,0.000,,,,,NVIDIA A100-SXM4-40GB MIG 4g.20gb (0),1,,13,cupy_copy__complex64_complex64
16544972066,17408,318608,1434,1,1,128,1,1,16,0.000,0.000,,,,,NVIDIA A100-SXM4-40GB MIG 4g.20gb (0),1,,13,cupy_copy__complex64_complex64
16545024930,310684,318613,1,1,1,32,32,1,30,0.000,0.000,,,,,NVIDIA A100-SXM4-40GB MIG 4g.20gb (0),1,,13,"void convert_kernel<__half2, float2>(tensor_layout_any, T1 *, tensor_layout_any, const T2 *)"
16545363934,5376,318616,,,,,,,,,,0.094,17428.487,Pinned,Device,NVIDIA A100-SXM4-40GB MIG 4g.20gb (0),1,,13,[CUDA memcpy Host-to-Device]
16545393149,624025,318617,,,,,,,,,,456.561,731411.427,Device,,NVIDIA A100-SXM4-40GB MIG 4g.20gb (0),1,,13,[CUDA memset]
16546023894,64992,318622,,,,,,,,,,1.235,19000.848,Pinned,Device,NVIDIA A100-SXM4-40GB MIG 4g.20gb (0),1,,13,[CUDA memcpy Host-to-Device]
16546100629,15648,318623,,,,,,,,,,0.197,12564.234,Pinned,Device,NVIDIA A100-SXM4-40GB MIG 4g.20gb (0),1,,13,[CUDA memcpy Host-to-Device]
16546179029,24863,318624,69,4,1,48,1,1,76,0.002,0.000,,,,,NVIDIA A100-SXM4-40GB MIG 4g.20gb (0),1,,13,"void ch_est::windowedChEstPreNoDftSOfdmKernel<float, __half, float, (unsigned int)2, (unsigned int)1, (unsigned short)4>(ch_est::puschRxChEstStatDescr_t *, ch_est::puschRxChEstDynDescr_t *)"
16546230580,24736,318625,137,2,1,24,2,1,44,0.001,0.001,,,,,NVIDIA A100-SXM4-40GB MIG 4g.20gb (0),1,,13,"void ch_est::chEstFilterNoDftSOfdmDispatchKernel<float, __half, float, (unsigned int)2>(ch_est::puschRxChEstStatDescr_t *, ch_est::puschRxChEstDynDescr_t *)"
16546269044,23135,318626,137,2,1,24,2,1,44,0.001,0.001,,,,,NVIDIA A100-SXM4-40GB MIG 4g.20gb (0),1,,13,"void ch_est::chEstFilterNoDftSOfdmDispatchKernel<float, __half, float, (unsigned int)2>(ch_est::puschRxChEstStatDescr_t *, ch_est::puschRxChEstDynDescr_t *)"
16546316883,5824,318637,103,1,1,128,1,1,16,0.000,0.000,,,,,NVIDIA A100-SXM4-40GB MIG 4g.20gb (0),1,,13,cupy_copy__complex64_complex64
16546349299,16799,318647,1434,1,1,128,1,1,16,0.000,0.000,,,,,NVIDIA A100-SXM4-40GB MIG 4g.20gb (0),1,,13,cupy_copy__complex64_complex64
16546398034,7328,318654,103,1,1,128,1,1,16,0.000,0.000,,,,,NVIDIA A100-SXM4-40GB MIG 4g.20gb (0),1,,13,cupy_copy__complex64_complex64
16546436338,258173,318661,1,1,1,32,32,1,30,0.000,0.000,,,,,NVIDIA A100-SXM4-40GB MIG 4g.20gb (0),1,,13,"void convert_kernel<__half2, float2>(tensor_layout_any, T1 *, tensor_layout_any, const T2 *)"
16546722606,5728,318664,,,,,,,,,,0.094,16357.541,Pinned,Device,NVIDIA A100-SXM4-40GB MIG 4g.20gb (0),1,,13,[CUDA memcpy Host-to-Device]
16546747310,64287,318665,,,,,,,,,,35.810,557023.306,Device,,NVIDIA A100-SXM4-40GB MIG 4g.20gb (0),1,,13,[CUDA memset]
16546815117,1952,318667,,,,,,,,,,0.000,40.984,Pinned,Device,NVIDIA A100-SXM4-40GB MIG 4g.20gb (0),1,,13,[CUDA memcpy Host-to-Device]
16546819533,9856,318668,,,,,,,,,,0.197,19948.044,Pinned,Device,NVIDIA A100-SXM4-40GB MIG 4g.20gb (0),1,,13,[CUDA memcpy Host-to-Device]
16546870733,28159,318669,273,1,1,48,1,1,40,0.000,0.001,,,,,NVIDIA A100-SXM4-40GB MIG 4g.20gb (0),1,,13,"void pusch_noise_intf_est::noiseIntfEstNoDftSOfdmKernel<float, __half, float, float, (unsigned int)2, (unsigned int)1, (unsigned char)4, (unsigned char)4>(pusch_noise_intf_est::puschRxNoiseIntfEstDynDescr)"
16546915916,9568,318680,35,1,1,128,1,1,16,0.000,0.000,,,,,NVIDIA A100-SXM4-40GB MIG 4g.20gb (0),1,,13,cupy_copy__complex64_complex64
16546954156,6144,318689,1,1,1,1,1,1,18,0.000,0.000,,,,,NVIDIA A100-SXM4-40GB MIG 4g.20gb (0),1,,13,cupy_copy__float32_float32
16546961996,1600,318695,,,,,,,,,,0.000,2.500,Device,Pageable,NVIDIA A100-SXM4-40GB MIG 4g.20gb (0),1,,7,[CUDA memcpy Device-to-Host]
16547048875,20000,318706,1434,1,1,128,1,1,16,0.000,0.000,,,,,NVIDIA A100-SXM4-40GB MIG 4g.20gb (0),1,,13,cupy_copy__complex64_complex64
16547162186,6623,318713,103,1,1,128,1,1,16,0.000,0.000,,,,,NVIDIA A100-SXM4-40GB MIG 4g.20gb (0),1,,13,cupy_copy__complex64_complex64
16547296392,4544,318720,35,1,1,128,1,1,16,0.000,0.000,,,,,NVIDIA A100-SXM4-40GB MIG 4g.20gb (0),1,,13,cupy_copy__complex64_complex64
16547372871,5536,318727,1,1,1,1,1,1,18,0.000,0.000,,,,,NVIDIA A100-SXM4-40GB MIG 4g.20gb (0),1,,13,cupy_copy__float32_float32
16547470854,297789,318738,1,1,1,32,32,1,30,0.000,0.000,,,,,NVIDIA A100-SXM4-40GB MIG 4g.20gb (0),1,,13,"void convert_kernel<__half2, float2>(tensor_layout_any, T1 *, tensor_layout_any, const T2 *)"
16547800642,13600,318741,,,,,,,,,,0.094,6889.373,Pinned,Device,NVIDIA A100-SXM4-40GB MIG 4g.20gb (0),1,,13,[CUDA memcpy Host-to-Device]
16547931777,13984,318742,,,,,,,,,,1.547,110599.082,Device,,NVIDIA A100-SXM4-40GB MIG 4g.20gb (0),1,,13,[CUDA memset]
16547952161,6848,318747,,,,,,,,,,0.031,4570.092,Pinned,Device,NVIDIA A100-SXM4-40GB MIG 4g.20gb (0),1,,13,[CUDA memcpy Host-to-Device]
16547965409,12543,318748,,,,,,,,,,0.197,15674.573,Pinned,Device,NVIDIA A100-SXM4-40GB MIG 4g.20gb (0),1,,13,[CUDA memcpy Host-to-Device]
16548105279,26496,318749,273,1,1,8,4,1,39,0.002,0.000,,,,,NVIDIA A100-SXM4-40GB MIG 4g.20gb (0),1,,13,"void channel_eq::eqMmseCoefCompLowMimoKernel<float, float, float, (unsigned int)4, (unsigned int)1, (unsigned int)4>(const channel_eq::_puschRxChEqStatDescr *, channel_eq::_puschRxChEqCoefCompDynDescr)"
16548275741,26816,318750,273,1,1,12,11,1,51,0.002,0.000,,,,,NVIDIA A100-SXM4-40GB MIG 4g.20gb (0),1,,13,"void channel_eq::eqMmseSoftDemapKernel<float, __half, __half, float, (unsigned int)4, (unsigned short)16383>(channel_eq::_puschRxChEqStatDescr *, channel_eq::_puschRxChEqSoftDemapDynDescr)"
16548456507,804759,318751,1,1,1,32,32,1,30,0.000,0.000,,,,,NVIDIA A100-SXM4-40GB MIG 4g.20gb (0),1,,13,"void convert_kernel<float2, __half2>(tensor_layout_any, T1 *, tensor_layout_any, const T2 *)"
16549292018,20479,318763,2253,1,1,128,1,1,16,0.000,0.000,,,,,NVIDIA A100-SXM4-40GB MIG 4g.20gb (0),1,,13,cupy_copy__float16_float16
16549342865,6912,318772,282,1,1,128,1,1,16,0.000,0.000,,,,,NVIDIA A100-SXM4-40GB MIG 4g.20gb (0),1,,13,cupy_copy__complex64_complex64
16549370833,9472,318781,26,1,1,128,1,1,16,0.000,0.000,,,,,NVIDIA A100-SXM4-40GB MIG 4g.20gb (0),1,,13,cupy_copy__float32_float32
16549410000,11232,318790,103,1,1,128,1,1,16,0.000,0.000,,,,,NVIDIA A100-SXM4-40GB MIG 4g.20gb (0),1,,13,cupy_copy__complex64_complex64
16549471888,20415,318800,1434,1,1,128,1,1,16,0.000,0.000,,,,,NVIDIA A100-SXM4-40GB MIG 4g.20gb (0),1,,13,cupy_copy__complex64_complex64
16549532143,261117,318805,1,1,1,32,32,1,30,0.000,0.000,,,,,NVIDIA A100-SXM4-40GB MIG 4g.20gb (0),1,,13,"void convert_kernel<__half2, float2>(tensor_layout_any, T1 *, tensor_layout_any, const T2 *)"
16549821004,5408,318808,,,,,,,,,,0.094,17325.421,Pinned,Device,NVIDIA A100-SXM4-40GB MIG 4g.20gb (0),1,,13,[CUDA memcpy Host-to-Device]
16549855339,628985,318809,,,,,,,,,,456.561,725476.128,Device,,NVIDIA A100-SXM4-40GB MIG 4g.20gb (0),1,,13,[CUDA memset]
16550490308,65791,318814,,,,,,,,,,1.235,18769.914,Pinned,Device,NVIDIA A100-SXM4-40GB MIG 4g.20gb (0),1,,13,[CUDA memcpy Host-to-Device]
16550562723,15680,318815,,,,,,,,,,0.197,12538.675,Pinned,Device,NVIDIA A100-SXM4-40GB MIG 4g.20gb (0),1,,13,[CUDA memcpy Host-to-Device]
16550611779,25120,318816,69,4,1,48,1,1,76,0.002,0.000,,,,,NVIDIA A100-SXM4-40GB MIG 4g.20gb (0),1,,13,"void ch_est::windowedChEstPreNoDftSOfdmKernel<float, __half, float, (unsigned int)2, (unsigned int)1, (unsigned short)4>(ch_est::puschRxChEstStatDescr_t *, ch_est::puschRxChEstDynDescr_t *)"
16550661794,28704,318817,137,2,1,24,2,1,44,0.001,0.001,,,,,NVIDIA A100-SXM4-40GB MIG 4g.20gb (0),1,,13,"void ch_est::chEstFilterNoDftSOfdmDispatchKernel<float, __half, float, (unsigned int)2>(ch_est::puschRxChEstStatDescr_t *, ch_est::puschRxChEstDynDescr_t *)"
16550702338,28479,318818,137,2,1,24,2,1,44,0.001,0.001,,,,,NVIDIA A100-SXM4-40GB MIG 4g.20gb (0),1,,13,"void ch_est::chEstFilterNoDftSOfdmDispatchKernel<float, __half, float, (unsigned int)2>(ch_est::puschRxChEstStatDescr_t *, ch_est::puschRxChEstDynDescr_t *)"
16550750561,5728,318829,103,1,1,128,1,1,16,0.000,0.000,,,,,NVIDIA A100-SXM4-40GB MIG 4g.20gb (0),1,,13,cupy_copy__complex64_complex64
16550783585,18944,318839,1434,1,1,128,1,1,16,0.000,0.000,,,,,NVIDIA A100-SXM4-40GB MIG 4g.20gb (0),1,,13,cupy_copy__complex64_complex64
16550835328,7008,318846,103,1,1,128,1,1,16,0.000,0.000,,,,,NVIDIA A100-SXM4-40GB MIG 4g.20gb (0),1,,13,cupy_copy__complex64_complex64
16550872672,310300,318853,1,1,1,32,32,1,30,0.000,0.000,,,,,NVIDIA A100-SXM4-40GB MIG 4g.20gb (0),1,,13,"void convert_kernel<__half2, float2>(tensor_layout_any, T1 *, tensor_layout_any, const T2 *)"
16551211004,10016,318856,,,,,,,,,,0.094,9354.609,Pinned,Device,NVIDIA A100-SXM4-40GB MIG 4g.20gb (0),1,,13,[CUDA memcpy Host-to-Device]
16551336667,56543,318857,,,,,,,,,,35.810,633298.435,Device,,NVIDIA A100-SXM4-40GB MIG 4g.20gb (0),1,,13,[CUDA memset]
16551400218,3200,318859,,,,,,,,,,0.000,25.000,Pinned,Device,NVIDIA A100-SXM4-40GB MIG 4g.20gb (0),1,,13,[CUDA memcpy Host-to-Device]
16551406010,9632,318860,,,,,,,,,,0.197,20411.843,Pinned,Device,NVIDIA A100-SXM4-40GB MIG 4g.20gb (0),1,,13,[CUDA memcpy Host-to-Device]
16551591544,39263,318861,273,1,1,48,1,1,40,0.000,0.001,,,,,NVIDIA A100-SXM4-40GB MIG 4g.20gb (0),1,,13,"void pusch_noise_intf_est::noiseIntfEstNoDftSOfdmKernel<float, __half, float, float, (unsigned int)2, (unsigned int)1, (unsigned char)4, (unsigned char)4>(pusch_noise_intf_est::puschRxNoiseIntfEstDynDescr)"
16551795285,10848,318872,35,1,1,128,1,1,16,0.000,0.000,,,,,NVIDIA A100-SXM4-40GB MIG 4g.20gb (0),1,,13,cupy_copy__complex64_complex64
16551951892,4160,318881,1,1,1,1,1,1,18,0.000,0.000,,,,,NVIDIA A100-SXM4-40GB MIG 4g.20gb (0),1,,13,cupy_copy__float32_float32
16551964180,5632,318887,,,,,,,,,,0.000,0.710,Device,Pageable,NVIDIA A100-SXM4-40GB MIG 4g.20gb (0),1,,7,[CUDA memcpy Device-to-Host]
16552191473,20480,318898,1434,1,1,128,1,1,16,0.000,0.000,,,,,NVIDIA A100-SXM4-40GB MIG 4g.20gb (0),1,,13,cupy_copy__complex64_complex64
16552357327,7296,318905,103,1,1,128,1,1,16,0.000,0.000,,,,,NVIDIA A100-SXM4-40GB MIG 4g.20gb (0),1,,13,cupy_copy__complex64_complex64
16552430798,9920,318912,35,1,1,128,1,1,16,0.000,0.000,,,,,NVIDIA A100-SXM4-40GB MIG 4g.20gb (0),1,,13,cupy_copy__complex64_complex64
16552595980,4608,318919,1,1,1,1,1,1,18,0.000,0.000,,,,,NVIDIA A100-SXM4-40GB MIG 4g.20gb (0),1,,13,cupy_copy__float32_float32
16552747435,268509,318930,1,1,1,32,32,1,30,0.000,0.000,,,,,NVIDIA A100-SXM4-40GB MIG 4g.20gb (0),1,,13,"void convert_kernel<__half2, float2>(tensor_layout_any, T1 *, tensor_layout_any, const T2 *)"
16553044839,9728,318933,,,,,,,,,,0.094,9631.574,Pinned,Device,NVIDIA A100-SXM4-40GB MIG 4g.20gb (0),1,,13,[CUDA memcpy Host-to-Device]
16553216198,11999,318934,,,,,,,,,,1.547,128895.644,Device,,NVIDIA A100-SXM4-40GB MIG 4g.20gb (0),1,,13,[CUDA memset]
16553233093,10880,318939,,,,,,,,,,0.031,2876.447,Pinned,Device,NVIDIA A100-SXM4-40GB MIG 4g.20gb (0),1,,13,[CUDA memcpy Host-to-Device]
16553250437,16576,318940,,,,,,,,,,0.197,11860.967,Pinned,Device,NVIDIA A100-SXM4-40GB MIG 4g.20gb (0),1,,13,[CUDA memcpy Host-to-Device]
16553285637,25599,318941,273,1,1,8,4,1,39,0.002,0.000,,,,,NVIDIA A100-SXM4-40GB MIG 4g.20gb (0),1,,13,"void channel_eq::eqMmseCoefCompLowMimoKernel<float, float, float, (unsigned int)4, (unsigned int)1, (unsigned int)4>(const channel_eq::_puschRxChEqStatDescr *, channel_eq::_puschRxChEqCoefCompDynDescr)"
16553333540,32256,318942,273,1,1,12,11,1,51,0.002,0.000,,,,,NVIDIA A100-SXM4-40GB MIG 4g.20gb (0),1,,13,"void channel_eq::eqMmseSoftDemapKernel<float, __half, __half, float, (unsigned int)4, (unsigned short)16383>(channel_eq::_puschRxChEqStatDescr *, channel_eq::_puschRxChEqSoftDemapDynDescr)"
16553378628,602105,318943,1,1,1,32,32,1,30,0.000,0.000,,,,,NVIDIA A100-SXM4-40GB MIG 4g.20gb (0),1,,13,"void convert_kernel<float2, __half2>(tensor_layout_any, T1 *, tensor_layout_any, const T2 *)"
16554014973,15583,318955,2253,1,1,128,1,1,16,0.000,0.000,,,,,NVIDIA A100-SXM4-40GB MIG 4g.20gb (0),1,,13,cupy_copy__float16_float16
16554057372,11264,318964,282,1,1,128,1,1,16,0.000,0.000,,,,,NVIDIA A100-SXM4-40GB MIG 4g.20gb (0),1,,13,cupy_copy__complex64_complex64
16554094780,6880,318973,26,1,1,128,1,1,16,0.000,0.000,,,,,NVIDIA A100-SXM4-40GB MIG 4g.20gb (0),1,,13,cupy_copy__float32_float32
16554127163,9536,318982,103,1,1,128,1,1,16,0.000,0.000,,,,,NVIDIA A100-SXM4-40GB MIG 4g.20gb (0),1,,13,cupy_copy__complex64_complex64
16554185179,18751,318992,1434,1,1,128,1,1,16,0.000,0.000,,,,,NVIDIA A100-SXM4-40GB MIG 4g.20gb (0),1,,13,cupy_copy__complex64_complex64
16554231738,262781,318997,1,1,1,32,32,1,30,0.000,0.000,,,,,NVIDIA A100-SXM4-40GB MIG 4g.20gb (0),1,,13,"void convert_kernel<__half2, float2>(tensor_layout_any, T1 *, tensor_layout_any, const T2 *)"
16554523319,5472,319000,,,,,,,,,,0.094,17122.757,Pinned,Device,NVIDIA A100-SXM4-40GB MIG 4g.20gb (0),1,,13,[CUDA memcpy Host-to-Device]
16554579478,617209,319001,,,,,,,,,,456.561,739629.533,Device,,NVIDIA A100-SXM4-40GB MIG 4g.20gb (0),1,,13,[CUDA memset]
16555207119,69663,319006,,,,,,,,,,1.235,17726.386,Pinned,Device,NVIDIA A100-SXM4-40GB MIG 4g.20gb (0),1,,13,[CUDA memcpy Host-to-Device]
16555281678,15936,319007,,,,,,,,,,0.197,12337.349,Pinned,Device,NVIDIA A100-SXM4-40GB MIG 4g.20gb (0),1,,13,[CUDA memcpy Host-to-Device]
16555330478,22528,319008,69,4,1,48,1,1,76,0.002,0.000,,,,,NVIDIA A100-SXM4-40GB MIG 4g.20gb (0),1,,13,"void ch_est::windowedChEstPreNoDftSOfdmKernel<float, __half, float, (unsigned int)2, (unsigned int)1, (unsigned short)4>(ch_est::puschRxChEstStatDescr_t *, ch_est::puschRxChEstDynDescr_t *)"
16555370221,24224,319009,137,2,1,24,2,1,44,0.001,0.001,,,,,NVIDIA A100-SXM4-40GB MIG 4g.20gb (0),1,,13,"void ch_est::chEstFilterNoDftSOfdmDispatchKernel<float, __half, float, (unsigned int)2>(ch_est::puschRxChEstStatDescr_t *, ch_est::puschRxChEstDynDescr_t *)"
16555419341,30911,319010,137,2,1,24,2,1,44,0.001,0.001,,,,,NVIDIA A100-SXM4-40GB MIG 4g.20gb (0),1,,13,"void ch_est::chEstFilterNoDftSOfdmDispatchKernel<float, __half, float, (unsigned int)2>(ch_est::puschRxChEstStatDescr_t *, ch_est::puschRxChEstDynDescr_t *)"
16555460620,5984,319021,103,1,1,128,1,1,16,0.000,0.000,,,,,NVIDIA A100-SXM4-40GB MIG 4g.20gb (0),1,,13,cupy_copy__complex64_complex64
16555506892,17664,319031,1434,1,1,128,1,1,16,0.000,0.000,,,,,NVIDIA A100-SXM4-40GB MIG 4g.20gb (0),1,,13,cupy_copy__complex64_complex64
16555547115,8000,319038,103,1,1,128,1,1,16,0.000,0.000,,,,,NVIDIA A100-SXM4-40GB MIG 4g.20gb (0),1,,13,cupy_copy__complex64_complex64
16555600491,317596,319045,1,1,1,32,32,1,30,0.000,0.000,,,,,NVIDIA A100-SXM4-40GB MIG 4g.20gb (0),1,,13,"void convert_kernel<__half2, float2>(tensor_layout_any, T1 *, tensor_layout_any, const T2 *)"
16555947271,5568,319048,,,,,,,,,,0.094,16827.521,Pinned,Device,NVIDIA A100-SXM4-40GB MIG 4g.20gb (0),1,,13,[CUDA memcpy Host-to-Device]
16556064422,62879,319049,,,,,,,,,,35.810,569485.158,Device,,NVIDIA A100-SXM4-40GB MIG 4g.20gb (0),1,,13,[CUDA memset]
16556128037,3840,319051,,,,,,,,,,0.000,20.833,Pinned,Device,NVIDIA A100-SXM4-40GB MIG 4g.20gb (0),1,,13,[CUDA memcpy Host-to-Device]
16556134917,9984,319052,,,,,,,,,,0.197,19692.257,Pinned,Device,NVIDIA A100-SXM4-40GB MIG 4g.20gb (0),1,,13,[CUDA memcpy Host-to-Device]
16556194596,32352,319053,273,1,1,48,1,1,40,0.000,0.001,,,,,NVIDIA A100-SXM4-40GB MIG 4g.20gb (0),1,,13,"void pusch_noise_intf_est::noiseIntfEstNoDftSOfdmKernel<float, __half, float, float, (unsigned int)2, (unsigned int)1, (unsigned char)4, (unsigned char)4>(pusch_noise_intf_est::puschRxNoiseIntfEstDynDescr)"
16556352386,9824,319064,35,1,1,128,1,1,16,0.000,0.000,,,,,NVIDIA A100-SXM4-40GB MIG 4g.20gb (0),1,,13,cupy_copy__complex64_complex64
16556465089,8064,319073,1,1,1,1,1,1,18,0.000,0.000,,,,,NVIDIA A100-SXM4-40GB MIG 4g.20gb (0),1,,13,cupy_copy__float32_float32
16556480801,6656,319079,,,,,,,,,,0.000,0.601,Device,Pageable,NVIDIA A100-SXM4-40GB MIG 4g.20gb (0),1,,7,[CUDA memcpy Device-to-Host]
16556657631,20224,319090,1434,1,1,128,1,1,16,0.000,0.000,,,,,NVIDIA A100-SXM4-40GB MIG 4g.20gb (0),1,,13,cupy_copy__complex64_complex64
16556782909,12352,319097,103,1,1,128,1,1,16,0.000,0.000,,,,,NVIDIA A100-SXM4-40GB MIG 4g.20gb (0),1,,13,cupy_copy__complex64_complex64
16556864957,13727,319104,35,1,1,128,1,1,16,0.000,0.000,,,,,NVIDIA A100-SXM4-40GB MIG 4g.20gb (0),1,,13,cupy_copy__complex64_complex64
16556980251,3936,319111,1,1,1,1,1,1,18,0.000,0.000,,,,,NVIDIA A100-SXM4-40GB MIG 4g.20gb (0),1,,13,cupy_copy__float32_float32
16557090682,355548,319122,1,1,1,32,32,1,30,0.000,0.000,,,,,NVIDIA A100-SXM4-40GB MIG 4g.20gb (0),1,,13,"void convert_kernel<__half2, float2>(tensor_layout_any, T1 *, tensor_layout_any, const T2 *)"
16557475222,5408,319125,,,,,,,,,,0.094,17325.421,Pinned,Device,NVIDIA A100-SXM4-40GB MIG 4g.20gb (0),1,,13,[CUDA memcpy Host-to-Device]
16557506581,10208,319126,,,,,,,,,,1.547,151510.380,Device,,NVIDIA A100-SXM4-40GB MIG 4g.20gb (0),1,,13,[CUDA memset]
16557519573,6976,319131,,,,,,,,,,0.031,4486.219,Pinned,Device,NVIDIA A100-SXM4-40GB MIG 4g.20gb (0),1,,13,[CUDA memcpy Host-to-Device]
16557534997,13824,319132,,,,,,,,,,0.197,14222.033,Pinned,Device,NVIDIA A100-SXM4-40GB MIG 4g.20gb (0),1,,13,[CUDA memcpy Host-to-Device]
16557576629,29343,319133,273,1,1,8,4,1,39,0.002,0.000,,,,,NVIDIA A100-SXM4-40GB MIG 4g.20gb (0),1,,13,"void channel_eq::eqMmseCoefCompLowMimoKernel<float, float, float, (unsigned int)4, (unsigned int)1, (unsigned int)4>(const channel_eq::_puschRxChEqStatDescr *, channel_eq::_puschRxChEqCoefCompDynDescr)"
16557628916,32576,319134,273,1,1,12,11,1,51,0.002,0.000,,,,,NVIDIA A100-SXM4-40GB MIG 4g.20gb (0),1,,13,"void channel_eq::eqMmseSoftDemapKernel<float, __half, __half, float, (unsigned int)4, (unsigned short)16383>(channel_eq::_puschRxChEqStatDescr *, channel_eq::_puschRxChEqSoftDemapDynDescr)"
16557675443,581658,319135,1,1,1,32,32,1,30,0.000,0.000,,,,,NVIDIA A100-SXM4-40GB MIG 4g.20gb (0),1,,13,"void convert_kernel<float2, __half2>(tensor_layout_any, T1 *, tensor_layout_any, const T2 *)"
16558275853,19295,319147,2253,1,1,128,1,1,16,0.000,0.000,,,,,NVIDIA A100-SXM4-40GB MIG 4g.20gb (0),1,,13,cupy_copy__float16_float16
16558326188,9696,319156,282,1,1,128,1,1,16,0.000,0.000,,,,,NVIDIA A100-SXM4-40GB MIG 4g.20gb (0),1,,13,cupy_copy__complex64_complex64
16558355916,8704,319165,26,1,1,128,1,1,16,0.000,0.000,,,,,NVIDIA A100-SXM4-40GB MIG 4g.20gb (0),1,,13,cupy_copy__float32_float32
16558395947,11264,319174,103,1,1,128,1,1,16,0.000,0.000,,,,,NVIDIA A100-SXM4-40GB MIG 4g.20gb (0),1,,13,cupy_copy__complex64_complex64
16558457835,20191,319184,1434,1,1,128,1,1,16,0.000,0.000,,,,,NVIDIA A100-SXM4-40GB MIG 4g.20gb (0),1,,13,cupy_copy__complex64_complex64
16558518538,261341,319189,1,1,1,32,32,1,30,0.000,0.000,,,,,NVIDIA A100-SXM4-40GB MIG 4g.20gb (0),1,,13,"void convert_kernel<__half2, float2>(tensor_layout_any, T1 *, tensor_layout_any, const T2 *)"
16558808615,5376,319192,,,,,,,,,,0.094,17428.487,Pinned,Device,NVIDIA A100-SXM4-40GB MIG 4g.20gb (0),1,,13,[CUDA memcpy Host-to-Device]
16558855334,622265,319193,,,,,,,,,,456.561,733694.234,Device,,NVIDIA A100-SXM4-40GB MIG 4g.20gb (0),1,,13,[CUDA memset]
16559482879,65375,319198,,,,,,,,,,1.235,18889.703,Pinned,Device,NVIDIA A100-SXM4-40GB MIG 4g.20gb (0),1,,13,[CUDA memcpy Host-to-Device]
16559550814,13184,319199,,,,,,,,,,0.197,14912.520,Pinned,Device,NVIDIA A100-SXM4-40GB MIG 4g.20gb (0),1,,13,[CUDA memcpy Host-to-Device]
16559675741,30624,319200,69,4,1,48,1,1,76,0.002,0.000,,,,,NVIDIA A100-SXM4-40GB MIG 4g.20gb (0),1,,13,"void ch_est::windowedChEstPreNoDftSOfdmKernel<float, __half, float, (unsigned int)2, (unsigned int)1, (unsigned short)4>(ch_est::puschRxChEstStatDescr_t *, ch_est::puschRxChEstDynDescr_t *)"
16559820443,33888,319201,137,2,1,24,2,1,44,0.001,0.001,,,,,NVIDIA A100-SXM4-40GB MIG 4g.20gb (0),1,,13,"void ch_est::chEstFilterNoDftSOfdmDispatchKernel<float, __half, float, (unsigned int)2>(ch_est::puschRxChEstStatDescr_t *, ch_est::puschRxChEstDynDescr_t *)"
16559965594,24255,319202,137,2,1,24,2,1,44,0.001,0.001,,,,,NVIDIA A100-SXM4-40GB MIG 4g.20gb (0),1,,13,"void ch_est::chEstFilterNoDftSOfdmDispatchKernel<float, __half, float, (unsigned int)2>(ch_est::puschRxChEstStatDescr_t *, ch_est::puschRxChEstDynDescr_t *)"
16560037753,8256,319213,103,1,1,128,1,1,16,0.000,0.000,,,,,NVIDIA A100-SXM4-40GB MIG 4g.20gb (0),1,,13,cupy_copy__complex64_complex64
16560087032,17632,319223,1434,1,1,128,1,1,16,0.000,0.000,,,,,NVIDIA A100-SXM4-40GB MIG 4g.20gb (0),1,,13,cupy_copy__complex64_complex64
16560237367,5248,319230,103,1,1,128,1,1,16,0.000,0.000,,,,,NVIDIA A100-SXM4-40GB MIG 4g.20gb (0),1,,13,cupy_copy__complex64_complex64
16560311926,373276,319237,1,1,1,32,32,1,30,0.000,0.000,,,,,NVIDIA A100-SXM4-40GB MIG 4g.20gb (0),1,,13,"void convert_kernel<__half2, float2>(tensor_layout_any, T1 *, tensor_layout_any, const T2 *)"
16560714449,12640,319240,,,,,,,,,,0.094,7412.572,Pinned,Device,NVIDIA A100-SXM4-40GB MIG 4g.20gb (0),1,,13,[CUDA memcpy Host-to-Device]
16560905935,49344,319241,,,,,,,,,,35.810,725688.029,Device,,NVIDIA A100-SXM4-40GB MIG 4g.20gb (0),1,,13,[CUDA memset]
16560956015,1888,319243,,,,,,,,,,0.000,42.373,Pinned,Device,NVIDIA A100-SXM4-40GB MIG 4g.20gb (0),1,,13,[CUDA memcpy Host-to-Device]
16560960879,12287,319244,,,,,,,,,,0.197,16001.139,Pinned,Device,NVIDIA A100-SXM4-40GB MIG 4g.20gb (0),1,,13,[CUDA memcpy Host-to-Device]
16561222636,22495,319245,273,1,1,48,1,1,40,0.000,0.001,,,,,NVIDIA A100-SXM4-40GB MIG 4g.20gb (0),1,,13,"void pusch_noise_intf_est::noiseIntfEstNoDftSOfdmKernel<float, __half, float, float, (unsigned int)2, (unsigned int)1, (unsigned char)4, (unsigned char)4>(pusch_noise_intf_est::puschRxNoiseIntfEstDynDescr)"
16561488201,6592,319256,35,1,1,128,1,1,16,0.000,0.000,,,,,NVIDIA A100-SXM4-40GB MIG 4g.20gb (0),1,,13,cupy_copy__complex64_complex64
16561649063,5824,319265,1,1,1,1,1,1,18,0.000,0.000,,,,,NVIDIA A100-SXM4-40GB MIG 4g.20gb (0),1,,13,cupy_copy__float32_float32
16561661223,1760,319271,,,,,,,,,,0.000,2.273,Device,Pageable,NVIDIA A100-SXM4-40GB MIG 4g.20gb (0),1,,7,[CUDA memcpy Device-to-Host]
16561911428,20928,319282,1434,1,1,128,1,1,16,0.000,0.000,,,,,NVIDIA A100-SXM4-40GB MIG 4g.20gb (0),1,,13,cupy_copy__complex64_complex64
16562153985,8352,319289,103,1,1,128,1,1,16,0.000,0.000,,,,,NVIDIA A100-SXM4-40GB MIG 4g.20gb (0),1,,13,cupy_copy__complex64_complex64
16562276544,4992,319296,35,1,1,128,1,1,16,0.000,0.000,,,,,NVIDIA A100-SXM4-40GB MIG 4g.20gb (0),1,,13,cupy_copy__complex64_complex64
16562342207,4992,319303,1,1,1,1,1,1,18,0.000,0.000,,,,,NVIDIA A100-SXM4-40GB MIG 4g.20gb (0),1,,13,cupy_copy__float32_float32
16562471006,273596,319314,1,1,1,32,32,1,30,0.000,0.000,,,,,NVIDIA A100-SXM4-40GB MIG 4g.20gb (0),1,,13,"void convert_kernel<__half2, float2>(tensor_layout_any, T1 *, tensor_layout_any, const T2 *)"
16562775866,5760,319317,,,,,,,,,,0.094,16266.656,Pinned,Device,NVIDIA A100-SXM4-40GB MIG 4g.20gb (0),1,,13,[CUDA memcpy Host-to-Device]
16562815258,7936,319318,,,,,,,,,,1.547,194886.997,Device,,NVIDIA A100-SXM4-40GB MIG 4g.20gb (0),1,,13,[CUDA memset]
16562832985,6624,319323,,,,,,,,,,0.031,4724.632,Pinned,Device,NVIDIA A100-SXM4-40GB MIG 4g.20gb (0),1,,13,[CUDA memcpy Host-to-Device]
16562849401,16768,319324,,,,,,,,,,0.197,11725.111,Pinned,Device,NVIDIA A100-SXM4-40GB MIG 4g.20gb (0),1,,13,[CUDA memcpy Host-to-Device]
16562912313,25279,319325,273,1,1,8,4,1,39,0.002,0.000,,,,,NVIDIA A100-SXM4-40GB MIG 4g.20gb (0),1,,13,"void channel_eq::eqMmseCoefCompLowMimoKernel<float, float, float, (unsigned int)4, (unsigned int)1, (unsigned int)4>(const channel_eq::_puschRxChEqStatDescr *, channel_eq::_puschRxChEqCoefCompDynDescr)"
16562959928,34048,319326,273,1,1,12,11,1,51,0.002,0.000,,,,,NVIDIA A100-SXM4-40GB MIG 4g.20gb (0),1,,13,"void channel_eq::eqMmseSoftDemapKernel<float, __half, __half, float, (unsigned int)4, (unsigned short)16383>(channel_eq::_puschRxChEqStatDescr *, channel_eq::_puschRxChEqSoftDemapDynDescr)"
16563005208,576057,319327,1,1,1,32,32,1,30,0.000,0.000,,,,,NVIDIA A100-SXM4-40GB MIG 4g.20gb (0),1,,13,"void convert_kernel<float2, __half2>(tensor_layout_any, T1 *, tensor_layout_any, const T2 *)"
16563677392,14336,319339,2253,1,1,128,1,1,16,0.000,0.000,,,,,NVIDIA A100-SXM4-40GB MIG 4g.20gb (0),1,,13,cupy_copy__float16_float16
16563945677,4800,319348,282,1,1,128,1,1,16,0.000,0.000,,,,,NVIDIA A100-SXM4-40GB MIG 4g.20gb (0),1,,13,cupy_copy__complex64_complex64
16564196682,5216,319357,26,1,1,128,1,1,16,0.000,0.000,,,,,NVIDIA A100-SXM4-40GB MIG 4g.20gb (0),1,,13,cupy_copy__float32_float32
16564260969,11680,319366,103,1,1,128,1,1,16,0.000,0.000,,,,,NVIDIA A100-SXM4-40GB MIG 4g.20gb (0),1,,13,cupy_copy__complex64_complex64
16564365864,19296,319376,1434,1,1,128,1,1,16,0.000,0.000,,,,,NVIDIA A100-SXM4-40GB MIG 4g.20gb (0),1,,13,cupy_copy__complex64_complex64
16564591270,285341,319381,1,1,1,32,32,1,30,0.000,0.000,,,,,NVIDIA A100-SXM4-40GB MIG 4g.20gb (0),1,,13,"void convert_kernel<__half2, float2>(tensor_layout_any, T1 *, tensor_layout_any, const T2 *)"
16564908514,5856,319384,,,,,,,,,,0.094,15999.997,Pinned,Device,NVIDIA A100-SXM4-40GB MIG 4g.20gb (0),1,,13,[CUDA memcpy Host-to-Device]
16565138048,612249,319385,,,,,,,,,,456.561,745564.832,Device,,NVIDIA A100-SXM4-40GB MIG 4g.20gb (0),1,,13,[CUDA memset]
16565757689,64895,319390,,,,,,,,,,1.235,19029.252,Pinned,Device,NVIDIA A100-SXM4-40GB MIG 4g.20gb (0),1,,13,[CUDA memcpy Host-to-Device]
16565827608,17280,319391,,,,,,,,,,0.197,11377.705,Pinned,Device,NVIDIA A100-SXM4-40GB MIG 4g.20gb (0),1,,13,[CUDA memcpy Host-to-Device]
16566010870,22656,319392,69,4,1,48,1,1,76,0.002,0.000,,,,,NVIDIA A100-SXM4-40GB MIG 4g.20gb (0),1,,13,"void ch_est::windowedChEstPreNoDftSOfdmKernel<float, __half, float, (unsigned int)2, (unsigned int)1, (unsigned short)4>(ch_est::puschRxChEstStatDescr_t *, ch_est::puschRxChEstDynDescr_t *)"
16566235123,33760,319393,137,2,1,24,2,1,44,0.001,0.001,,,,,NVIDIA A100-SXM4-40GB MIG 4g.20gb (0),1,,13,"void ch_est::chEstFilterNoDftSOfdmDispatchKernel<float, __half, float, (unsigned int)2>(ch_est::puschRxChEstStatDescr_t *, ch_est::puschRxChEstDynDescr_t *)"
16566472209,17855,319394,137,2,1,24,2,1,44,0.001,0.001,,,,,NVIDIA A100-SXM4-40GB MIG 4g.20gb (0),1,,13,"void ch_est::chEstFilterNoDftSOfdmDispatchKernel<float, __half, float, (unsigned int)2>(ch_est::puschRxChEstStatDescr_t *, ch_est::puschRxChEstDynDescr_t *)"
16566730062,3936,319405,103,1,1,128,1,1,16,0.000,0.000,,,,,NVIDIA A100-SXM4-40GB MIG 4g.20gb (0),1,,13,cupy_copy__complex64_complex64
16566995243,18496,319415,1434,1,1,128,1,1,16,0.000,0.000,,,,,NVIDIA A100-SXM4-40GB MIG 4g.20gb (0),1,,13,cupy_copy__complex64_complex64
16567079178,6784,319422,103,1,1,128,1,1,16,0.000,0.000,,,,,NVIDIA A100-SXM4-40GB MIG 4g.20gb (0),1,,13,cupy_copy__complex64_complex64
16567115817,257661,319429,1,1,1,32,32,1,30,0.000,0.000,,,,,NVIDIA A100-SXM4-40GB MIG 4g.20gb (0),1,,13,"void convert_kernel<__half2, float2>(tensor_layout_any, T1 *, tensor_layout_any, const T2 *)"
16567402246,5376,319432,,,,,,,,,,0.094,17428.487,Pinned,Device,NVIDIA A100-SXM4-40GB MIG 4g.20gb (0),1,,13,[CUDA memcpy Host-to-Device]
16567434598,69663,319433,,,,,,,,,,35.810,514015.592,Device,,NVIDIA A100-SXM4-40GB MIG 4g.20gb (0),1,,13,[CUDA memset]
16567505509,2080,319435,,,,,,,,,,0.000,38.462,Pinned,Device,NVIDIA A100-SXM4-40GB MIG 4g.20gb (0),1,,13,[CUDA memcpy Host-to-Device]
16567509989,12992,319436,,,,,,,,,,0.197,15132.918,Pinned,Device,NVIDIA A100-SXM4-40GB MIG 4g.20gb (0),1,,13,[CUDA memcpy Host-to-Device]
16567559524,28288,319437,273,1,1,48,1,1,40,0.000,0.001,,,,,NVIDIA A100-SXM4-40GB MIG 4g.20gb (0),1,,13,"void pusch_noise_intf_est::noiseIntfEstNoDftSOfdmKernel<float, __half, float, float, (unsigned int)2, (unsigned int)1, (unsigned char)4, (unsigned char)4>(pusch_noise_intf_est::puschRxNoiseIntfEstDynDescr)"
16567607076,8480,319448,35,1,1,128,1,1,16,0.000,0.000,,,,,NVIDIA A100-SXM4-40GB MIG 4g.20gb (0),1,,13,cupy_copy__complex64_complex64
16567636452,4831,319457,1,1,1,1,1,1,18,0.000,0.000,,,,,NVIDIA A100-SXM4-40GB MIG 4g.20gb (0),1,,13,cupy_copy__float32_float32
16567643267,1888,319463,,,,,,,,,,0.000,2.119,Device,Pageable,NVIDIA A100-SXM4-40GB MIG 4g.20gb (0),1,,7,[CUDA memcpy Device-to-Host]
16567721379,16607,319474,1434,1,1,128,1,1,16,0.000,0.000,,,,,NVIDIA A100-SXM4-40GB MIG 4g.20gb (0),1,,13,cupy_copy__complex64_complex64
16567776130,5792,319481,103,1,1,128,1,1,16,0.000,0.000,,,,,NVIDIA A100-SXM4-40GB MIG 4g.20gb (0),1,,13,cupy_copy__complex64_complex64
16567808706,8512,319488,35,1,1,128,1,1,16,0.000,0.000,,,,,NVIDIA A100-SXM4-40GB MIG 4g.20gb (0),1,,13,cupy_copy__complex64_complex64
16567867457,6944,319495,1,1,1,1,1,1,18,0.000,0.000,,,,,NVIDIA A100-SXM4-40GB MIG 4g.20gb (0),1,,13,cupy_copy__float32_float32
16567976704,252157,319506,1,1,1,32,32,1,30,0.000,0.000,,,,,NVIDIA A100-SXM4-40GB MIG 4g.20gb (0),1,,13,"void convert_kernel<__half2, float2>(tensor_layout_any, T1 *, tensor_layout_any, const T2 *)"
16568257693,5407,319509,,,,,,,,,,0.094,17328.607,Pinned,Device,NVIDIA A100-SXM4-40GB MIG 4g.20gb (0),1,,13,[CUDA memcpy Host-to-Device]
16568283164,12288,319510,,,,,,,,,,1.547,125864.261,Device,,NVIDIA A100-SXM4-40GB MIG 4g.20gb (0),1,,13,[CUDA memset]
16568298364,3136,319515,,,,,,,,,,0.031,9979.575,Pinned,Device,NVIDIA A100-SXM4-40GB MIG 4g.20gb (0),1,,13,[CUDA memcpy Host-to-Device]
16568303900,10112,319516,,,,,,,,,,0.197,19442.958,Pinned,Device,NVIDIA A100-SXM4-40GB MIG 4g.20gb (0),1,,13,[CUDA memcpy Host-to-Device]
16568352699,33696,319517,273,1,1,8,4,1,39,0.002,0.000,,,,,NVIDIA A100-SXM4-40GB MIG 4g.20gb (0),1,,13,"void channel_eq::eqMmseCoefCompLowMimoKernel<float, float, float, (unsigned int)4, (unsigned int)1, (unsigned int)4>(const channel_eq::_puschRxChEqStatDescr *, channel_eq::_puschRxChEqCoefCompDynDescr)"
16568472922,32928,319518,273,1,1,12,11,1,51,0.002,0.000,,,,,NVIDIA A100-SXM4-40GB MIG 4g.20gb (0),1,,13,"void channel_eq::eqMmseSoftDemapKernel<float, __half, __half, float, (unsigned int)4, (unsigned short)16383>(channel_eq::_puschRxChEqStatDescr *, channel_eq::_puschRxChEqSoftDemapDynDescr)"
16568518682,686424,319519,1,1,1,32,32,1,30,0.000,0.000,,,,,NVIDIA A100-SXM4-40GB MIG 4g.20gb (0),1,,13,"void convert_kernel<float2, __half2>(tensor_layout_any, T1 *, tensor_layout_any, const T2 *)"
16569229234,22047,319531,2253,1,1,128,1,1,16,0.000,0.000,,,,,NVIDIA A100-SXM4-40GB MIG 4g.20gb (0),1,,13,cupy_copy__float16_float16
16569283057,9792,319540,282,1,1,128,1,1,16,0.000,0.000,,,,,NVIDIA A100-SXM4-40GB MIG 4g.20gb (0),1,,13,cupy_copy__complex64_complex64
16569425743,7328,319549,26,1,1,128,1,1,16,0.000,0.000,,,,,NVIDIA A100-SXM4-40GB MIG 4g.20gb (0),1,,13,cupy_copy__float32_float32
16569497423,12575,319558,103,1,1,128,1,1,16,0.000,0.000,,,,,NVIDIA A100-SXM4-40GB MIG 4g.20gb (0),1,,13,cupy_copy__complex64_complex64
16569662093,20064,319568,1434,1,1,128,1,1,16,0.000,0.000,,,,,NVIDIA A100-SXM4-40GB MIG 4g.20gb (0),1,,13,cupy_copy__complex64_complex64
16569831083,300157,319573,1,1,1,32,32,1,30,0.000,0.000,,,,,NVIDIA A100-SXM4-40GB MIG 4g.20gb (0),1,,13,"void convert_kernel<__half2, float2>(tensor_layout_any, T1 *, tensor_layout_any, const T2 *)"
16570159431,10016,319576,,,,,,,,,,0.094,9354.609,Pinned,Device,NVIDIA A100-SXM4-40GB MIG 4g.20gb (0),1,,13,[CUDA memcpy Host-to-Device]
16570292838,616569,319577,,,,,,,,,,456.561,740086.094,Device,,NVIDIA A100-SXM4-40GB MIG 4g.20gb (0),1,,13,[CUDA memset]
16570911231,66527,319582,,,,,,,,,,1.235,18562.443,Pinned,Device,NVIDIA A100-SXM4-40GB MIG 4g.20gb (0),1,,13,[CUDA memcpy Host-to-Device]
16570984830,17152,319583,,,,,,,,,,0.197,11462.640,Pinned,Device,NVIDIA A100-SXM4-40GB MIG 4g.20gb (0),1,,13,[CUDA memcpy Host-to-Device]
16571098301,30335,319584,69,4,1,48,1,1,76,0.002,0.000,,,,,NVIDIA A100-SXM4-40GB MIG 4g.20gb (0),1,,13,"void ch_est::windowedChEstPreNoDftSOfdmKernel<float, __half, float, (unsigned int)2, (unsigned int)1, (unsigned short)4>(ch_est::puschRxChEstStatDescr_t *, ch_est::puschRxChEstDynDescr_t *)"
16571269115,31135,319585,137,2,1,24,2,1,44,0.001,0.001,,,,,NVIDIA A100-SXM4-40GB MIG 4g.20gb (0),1,,13,"void ch_est::chEstFilterNoDftSOfdmDispatchKernel<float, __half, float, (unsigned int)2>(ch_est::puschRxChEstStatDescr_t *, ch_est::puschRxChEstDynDescr_t *)"
16571430073,13088,319586,137,2,1,24,2,1,44,0.001,0.001,,,,,NVIDIA A100-SXM4-40GB MIG 4g.20gb (0),1,,13,"void ch_est::chEstFilterNoDftSOfdmDispatchKernel<float, __half, float, (unsigned int)2>(ch_est::puschRxChEstStatDescr_t *, ch_est::puschRxChEstDynDescr_t *)"
16571507736,7200,319597,103,1,1,128,1,1,16,0.000,0.000,,,,,NVIDIA A100-SXM4-40GB MIG 4g.20gb (0),1,,13,cupy_copy__complex64_complex64
16571557335,17440,319607,1434,1,1,128,1,1,16,0.000,0.000,,,,,NVIDIA A100-SXM4-40GB MIG 4g.20gb (0),1,,13,cupy_copy__complex64_complex64
16571597463,8160,319614,103,1,1,128,1,1,16,0.000,0.000,,,,,NVIDIA A100-SXM4-40GB MIG 4g.20gb (0),1,,13,cupy_copy__complex64_complex64
16571653302,254046,319621,1,1,1,32,32,1,30,0.000,0.000,,,,,NVIDIA A100-SXM4-40GB MIG 4g.20gb (0),1,,13,"void convert_kernel<__half2, float2>(tensor_layout_any, T1 *, tensor_layout_any, const T2 *)"
16571939475,5408,319624,,,,,,,,,,0.094,17325.421,Pinned,Device,NVIDIA A100-SXM4-40GB MIG 4g.20gb (0),1,,13,[CUDA memcpy Host-to-Device]
16571972403,60511,319625,,,,,,,,,,35.810,591758.928,Device,,NVIDIA A100-SXM4-40GB MIG 4g.20gb (0),1,,13,[CUDA memset]
16572038130,1824,319627,,,,,,,,,,0.000,43.860,Pinned,Device,NVIDIA A100-SXM4-40GB MIG 4g.20gb (0),1,,13,[CUDA memcpy Host-to-Device]
16572045906,9536,319628,,,,,,,,,,0.197,20617.298,Pinned,Device,NVIDIA A100-SXM4-40GB MIG 4g.20gb (0),1,,13,[CUDA memcpy Host-to-Device]
16572098289,36416,319629,273,1,1,48,1,1,40,0.000,0.001,,,,,NVIDIA A100-SXM4-40GB MIG 4g.20gb (0),1,,13,"void pusch_noise_intf_est::noiseIntfEstNoDftSOfdmKernel<float, __half, float, float, (unsigned int)2, (unsigned int)1, (unsigned char)4, (unsigned char)4>(pusch_noise_intf_est::puschRxNoiseIntfEstDynDescr)"
16572178737,9183,319640,35,1,1,128,1,1,16,0.000,0.000,,,,,NVIDIA A100-SXM4-40GB MIG 4g.20gb (0),1,,13,cupy_copy__complex64_complex64
16572214256,5792,319649,1,1,1,1,1,1,18,0.000,0.000,,,,,NVIDIA A100-SXM4-40GB MIG 4g.20gb (0),1,,13,cupy_copy__float32_float32
16572227760,1600,319655,,,,,,,,,,0.000,2.500,Device,Pageable,NVIDIA A100-SXM4-40GB MIG 4g.20gb (0),1,,7,[CUDA memcpy Device-to-Host]
16572306863,21184,319666,1434,1,1,128,1,1,16,0.000,0.000,,,,,NVIDIA A100-SXM4-40GB MIG 4g.20gb (0),1,,13,cupy_copy__complex64_complex64
16572366158,7616,319673,103,1,1,128,1,1,16,0.000,0.000,,,,,NVIDIA A100-SXM4-40GB MIG 4g.20gb (0),1,,13,cupy_copy__complex64_complex64
16572398830,8928,319680,35,1,1,128,1,1,16,0.000,0.000,,,,,NVIDIA A100-SXM4-40GB MIG 4g.20gb (0),1,,13,cupy_copy__complex64_complex64
16572454285,3840,319687,1,1,1,1,1,1,18,0.000,0.000,,,,,NVIDIA A100-SXM4-40GB MIG 4g.20gb (0),1,,13,cupy_copy__float32_float32
16572497293,254525,319698,1,1,1,32,32,1,30,0.000,0.000,,,,,NVIDIA A100-SXM4-40GB MIG 4g.20gb (0),1,,13,"void convert_kernel<__half2, float2>(tensor_layout_any, T1 *, tensor_layout_any, const T2 *)"
16572780586,5856,319701,,,,,,,,,,0.094,15999.997,Pinned,Device,NVIDIA A100-SXM4-40GB MIG 4g.20gb (0),1,,13,[CUDA memcpy Host-to-Device]
16572795818,7647,319702,,,,,,,,,,1.547,202252.020,Device,,NVIDIA A100-SXM4-40GB MIG 4g.20gb (0),1,,13,[CUDA memset]
16572811817,3104,319707,,,,,,,,,,0.031,10082.445,Pinned,Device,NVIDIA A100-SXM4-40GB MIG 4g.20gb (0),1,,13,[CUDA memcpy Host-to-Device]
16572825449,12768,319708,,,,,,,,,,0.197,15398.339,Pinned,Device,NVIDIA A100-SXM4-40GB MIG 4g.20gb (0),1,,13,[CUDA memcpy Host-to-Device]
16572897320,33184,319709,273,1,1,8,4,1,39,0.002,0.000,,,,,NVIDIA A100-SXM4-40GB MIG 4g.20gb (0),1,,13,"void channel_eq::eqMmseCoefCompLowMimoKernel<float, float, float, (unsigned int)4, (unsigned int)1, (unsigned int)4>(const channel_eq::_puschRxChEqStatDescr *, channel_eq::_puschRxChEqCoefCompDynDescr)"
16573017479,34144,319710,273,1,1,12,11,1,51,0.002,0.000,,,,,NVIDIA A100-SXM4-40GB MIG 4g.20gb (0),1,,13,"void channel_eq::eqMmseSoftDemapKernel<float, __half, __half, float, (unsigned int)4, (unsigned short)16383>(channel_eq::_puschRxChEqStatDescr *, channel_eq::_puschRxChEqSoftDemapDynDescr)"
16573108102,660985,319711,1,1,1,32,32,1,30,0.000,0.000,,,,,NVIDIA A100-SXM4-40GB MIG 4g.20gb (0),1,,13,"void convert_kernel<float2, __half2>(tensor_layout_any, T1 *, tensor_layout_any, const T2 *)"
16573911101,29376,319723,2253,1,1,128,1,1,16,0.000,0.000,,,,,NVIDIA A100-SXM4-40GB MIG 4g.20gb (0),1,,13,cupy_copy__float16_float16
16574007580,13120,319732,282,1,1,128,1,1,16,0.000,0.000,,,,,NVIDIA A100-SXM4-40GB MIG 4g.20gb (0),1,,13,cupy_copy__complex64_complex64
16574048987,6272,319741,26,1,1,128,1,1,16,0.000,0.000,,,,,NVIDIA A100-SXM4-40GB MIG 4g.20gb (0),1,,13,cupy_copy__float32_float32
16574173498,16224,319750,103,1,1,128,1,1,16,0.000,0.000,,,,,NVIDIA A100-SXM4-40GB MIG 4g.20gb (0),1,,13,cupy_copy__complex64_complex64
16574350424,34720,319760,1434,1,1,128,1,1,16,0.000,0.000,,,,,NVIDIA A100-SXM4-40GB MIG 4g.20gb (0),1,,13,cupy_copy__complex64_complex64
16574544630,300413,319765,1,1,1,32,32,1,30,0.000,0.000,,,,,NVIDIA A100-SXM4-40GB MIG 4g.20gb (0),1,,13,"void convert_kernel<__half2, float2>(tensor_layout_any, T1 *, tensor_layout_any, const T2 *)"
16574877106,14464,319768,,,,,,,,,,0.094,6477.860,Pinned,Device,NVIDIA A100-SXM4-40GB MIG 4g.20gb (0),1,,13,[CUDA memcpy Host-to-Device]
16574972177,611609,319769,,,,,,,,,,456.561,746477.954,Device,,NVIDIA A100-SXM4-40GB MIG 4g.20gb (0),1,,13,[CUDA memset]
16575591498,62687,319774,,,,,,,,,,1.235,19699.827,Pinned,Device,NVIDIA A100-SXM4-40GB MIG 4g.20gb (0),1,,13,[CUDA memcpy Host-to-Device]
16575657065,12608,319775,,,,,,,,,,0.197,15593.767,Pinned,Device,NVIDIA A100-SXM4-40GB MIG 4g.20gb (0),1,,13,[CUDA memcpy Host-to-Device]
16575752712,27648,319776,69,4,1,48,1,1,76,0.002,0.000,,,,,NVIDIA A100-SXM4-40GB MIG 4g.20gb (0),1,,13,"void ch_est::windowedChEstPreNoDftSOfdmKernel<float, __half, float, (unsigned int)2, (unsigned int)1, (unsigned short)4>(ch_est::puschRxChEstStatDescr_t *, ch_est::puschRxChEstDynDescr_t *)"
16575933126,30464,319777,137,2,1,24,2,1,44,0.001,0.001,,,,,NVIDIA A100-SXM4-40GB MIG 4g.20gb (0),1,,13,"void ch_est::chEstFilterNoDftSOfdmDispatchKernel<float, __half, float, (unsigned int)2>(ch_est::puschRxChEstStatDescr_t *, ch_est::puschRxChEstDynDescr_t *)"
16576114692,31744,319778,137,2,1,24,2,1,44,0.001,0.001,,,,,NVIDIA A100-SXM4-40GB MIG 4g.20gb (0),1,,13,"void ch_est::chEstFilterNoDftSOfdmDispatchKernel<float, __half, float, (unsigned int)2>(ch_est::puschRxChEstStatDescr_t *, ch_est::puschRxChEstDynDescr_t *)"
16576156580,7072,319789,103,1,1,128,1,1,16,0.000,0.000,,,,,NVIDIA A100-SXM4-40GB MIG 4g.20gb (0),1,,13,cupy_copy__complex64_complex64
16576201667,17600,319799,1434,1,1,128,1,1,16,0.000,0.000,,,,,NVIDIA A100-SXM4-40GB MIG 4g.20gb (0),1,,13,cupy_copy__complex64_complex64
16576241219,7456,319806,103,1,1,128,1,1,16,0.000,0.000,,,,,NVIDIA A100-SXM4-40GB MIG 4g.20gb (0),1,,13,cupy_copy__complex64_complex64
16576296770,252061,319813,1,1,1,32,32,1,30,0.000,0.000,,,,,NVIDIA A100-SXM4-40GB MIG 4g.20gb (0),1,,13,"void convert_kernel<__half2, float2>(tensor_layout_any, T1 *, tensor_layout_any, const T2 *)"
16576578879,5792,319816,,,,,,,,,,0.094,16176.708,Pinned,Device,NVIDIA A100-SXM4-40GB MIG 4g.20gb (0),1,,13,[CUDA memcpy Host-to-Device]
16576626751,62559,319817,,,,,,,,,,35.810,572385.761,Device,,NVIDIA A100-SXM4-40GB MIG 4g.20gb (0),1,,13,[CUDA memset]
16576694206,3456,319819,,,,,,,,,,0.000,23.148,Pinned,Device,NVIDIA A100-SXM4-40GB MIG 4g.20gb (0),1,,13,[CUDA memcpy Host-to-Device]
16576700254,9632,319820,,,,,,,,,,0.197,20411.843,Pinned,Device,NVIDIA A100-SXM4-40GB MIG 4g.20gb (0),1,,13,[CUDA memcpy Host-to-Device]
16576751869,27680,319821,273,1,1,48,1,1,40,0.000,0.001,,,,,NVIDIA A100-SXM4-40GB MIG 4g.20gb (0),1,,13,"void pusch_noise_intf_est::noiseIntfEstNoDftSOfdmKernel<float, __half, float, float, (unsigned int)2, (unsigned int)1, (unsigned char)4, (unsigned char)4>(pusch_noise_intf_est::puschRxNoiseIntfEstDynDescr)"
16576796061,9888,319832,35,1,1,128,1,1,16,0.000,0.000,,,,,NVIDIA A100-SXM4-40GB MIG 4g.20gb (0),1,,13,cupy_copy__complex64_complex64
16576828956,4064,319841,1,1,1,1,1,1,18,0.000,0.000,,,,,NVIDIA A100-SXM4-40GB MIG 4g.20gb (0),1,,13,cupy_copy__float32_float32
16576836380,1632,319847,,,,,,,,,,0.000,2.451,Device,Pageable,NVIDIA A100-SXM4-40GB MIG 4g.20gb (0),1,,7,[CUDA memcpy Device-to-Host]
16576914875,18368,319858,1434,1,1,128,1,1,16,0.000,0.000,,,,,NVIDIA A100-SXM4-40GB MIG 4g.20gb (0),1,,13,cupy_copy__complex64_complex64
16576968699,5568,319865,103,1,1,128,1,1,16,0.000,0.000,,,,,NVIDIA A100-SXM4-40GB MIG 4g.20gb (0),1,,13,cupy_copy__complex64_complex64
16577001562,8288,319872,35,1,1,128,1,1,16,0.000,0.000,,,,,NVIDIA A100-SXM4-40GB MIG 4g.20gb (0),1,,13,cupy_copy__complex64_complex64
16577070650,4288,319879,1,1,1,1,1,1,18,0.000,0.000,,,,,NVIDIA A100-SXM4-40GB MIG 4g.20gb (0),1,,13,cupy_copy__float32_float32
16577124601,246621,319890,1,1,1,32,32,1,30,0.000,0.000,,,,,NVIDIA A100-SXM4-40GB MIG 4g.20gb (0),1,,13,"void convert_kernel<__half2, float2>(tensor_layout_any, T1 *, tensor_layout_any, const T2 *)"
16577403830,5824,319893,,,,,,,,,,0.094,16087.884,Pinned,Device,NVIDIA A100-SXM4-40GB MIG 4g.20gb (0),1,,13,[CUDA memcpy Host-to-Device]
16577433525,10944,319894,,,,,,,,,,1.547,141321.221,Device,,NVIDIA A100-SXM4-40GB MIG 4g.20gb (0),1,,13,[CUDA memset]
16577446549,3040,319899,,,,,,,,,,0.031,10294.725,Pinned,Device,NVIDIA A100-SXM4-40GB MIG 4g.20gb (0),1,,13,[CUDA memcpy Host-to-Device]
16577455125,10336,319900,,,,,,,,,,0.197,19021.627,Pinned,Device,NVIDIA A100-SXM4-40GB MIG 4g.20gb (0),1,,13,[CUDA memcpy Host-to-Device]
16577502901,33087,319901,273,1,1,8,4,1,39,0.002,0.000,,,,,NVIDIA A100-SXM4-40GB MIG 4g.20gb (0),1,,13,"void channel_eq::eqMmseCoefCompLowMimoKernel<float, float, float, (unsigned int)4, (unsigned int)1, (unsigned int)4>(const channel_eq::_puschRxChEqStatDescr *, channel_eq::_puschRxChEqCoefCompDynDescr)"
16577622355,36384,319902,273,1,1,12,11,1,51,0.002,0.000,,,,,NVIDIA A100-SXM4-40GB MIG 4g.20gb (0),1,,13,"void channel_eq::eqMmseSoftDemapKernel<float, __half, __half, float, (unsigned int)4, (unsigned short)16383>(channel_eq::_puschRxChEqStatDescr *, channel_eq::_puschRxChEqSoftDemapDynDescr)"
16577713170,680409,319903,1,1,1,32,32,1,30,0.000,0.000,,,,,NVIDIA A100-SXM4-40GB MIG 4g.20gb (0),1,,13,"void convert_kernel<float2, __half2>(tensor_layout_any, T1 *, tensor_layout_any, const T2 *)"
16578481994,16672,319915,2253,1,1,128,1,1,16,0.000,0.000,,,,,NVIDIA A100-SXM4-40GB MIG 4g.20gb (0),1,,13,cupy_copy__float16_float16
16578521833,11392,319924,282,1,1,128,1,1,16,0.000,0.000,,,,,NVIDIA A100-SXM4-40GB MIG 4g.20gb (0),1,,13,cupy_copy__complex64_complex64
16578671400,4160,319933,26,1,1,128,1,1,16,0.000,0.000,,,,,NVIDIA A100-SXM4-40GB MIG 4g.20gb (0),1,,13,cupy_copy__float32_float32
16578740999,14240,319942,103,1,1,128,1,1,16,0.000,0.000,,,,,NVIDIA A100-SXM4-40GB MIG 4g.20gb (0),1,,13,cupy_copy__complex64_complex64
16578884453,20192,319952,1434,1,1,128,1,1,16,0.000,0.000,,,,,NVIDIA A100-SXM4-40GB MIG 4g.20gb (0),1,,13,cupy_copy__complex64_complex64
16579053507,350972,319957,1,1,1,32,32,1,30,0.000,0.000,,,,,NVIDIA A100-SXM4-40GB MIG 4g.20gb (0),1,,13,"void convert_kernel<__half2, float2>(tensor_layout_any, T1 *, tensor_layout_any, const T2 *)"
16579438335,5664,319960,,,,,,,,,,0.094,16542.310,Pinned,Device,NVIDIA A100-SXM4-40GB MIG 4g.20gb (0),1,,13,[CUDA memcpy Host-to-Device]
16579557342,611705,319961,,,,,,,,,,456.561,746021.393,Device,,NVIDIA A100-SXM4-40GB MIG 4g.20gb (0),1,,13,[CUDA memset]
16580173911,61407,319966,,,,,,,,,,1.235,20109.828,Pinned,Device,NVIDIA A100-SXM4-40GB MIG 4g.20gb (0),1,,13,[CUDA memcpy Host-to-Device]
16580238006,13568,319967,,,,,,,,,,0.197,14490.403,Pinned,Device,NVIDIA A100-SXM4-40GB MIG 4g.20gb (0),1,,13,[CUDA memcpy Host-to-Device]
16580364661,21599,319968,69,4,1,48,1,1,76,0.002,0.000,,,,,NVIDIA A100-SXM4-40GB MIG 4g.20gb (0),1,,13,"void ch_est::windowedChEstPreNoDftSOfdmKernel<float, __half, float, (unsigned int)2, (unsigned int)1, (unsigned short)4>(ch_est::puschRxChEstStatDescr_t *, ch_est::puschRxChEstDynDescr_t *)"
16580557298,28960,319969,137,2,1,24,2,1,44,0.001,0.001,,,,,NVIDIA A100-SXM4-40GB MIG 4g.20gb (0),1,,13,"void ch_est::chEstFilterNoDftSOfdmDispatchKernel<float, __half, float, (unsigned int)2>(ch_est::puschRxChEstStatDescr_t *, ch_est::puschRxChEstDynDescr_t *)"
16580879311,27551,319970,137,2,1,24,2,1,44,0.001,0.001,,,,,NVIDIA A100-SXM4-40GB MIG 4g.20gb (0),1,,13,"void ch_est::chEstFilterNoDftSOfdmDispatchKernel<float, __half, float, (unsigned int)2>(ch_est::puschRxChEstStatDescr_t *, ch_est::puschRxChEstDynDescr_t *)"
16581062957,9184,319981,103,1,1,128,1,1,16,0.000,0.000,,,,,NVIDIA A100-SXM4-40GB MIG 4g.20gb (0),1,,13,cupy_copy__complex64_complex64
16581156012,18623,319991,1434,1,1,128,1,1,16,0.000,0.000,,,,,NVIDIA A100-SXM4-40GB MIG 4g.20gb (0),1,,13,cupy_copy__complex64_complex64
16581362313,9952,319998,103,1,1,128,1,1,16,0.000,0.000,,,,,NVIDIA A100-SXM4-40GB MIG 4g.20gb (0),1,,13,cupy_copy__complex64_complex64
16581410377,274621,320005,1,1,1,32,32,1,30,0.000,0.000,,,,,NVIDIA A100-SXM4-40GB MIG 4g.20gb (0),1,,13,"void convert_kernel<__half2, float2>(tensor_layout_any, T1 *, tensor_layout_any, const T2 *)"
16581713573,6368,320008,,,,,,,,,,0.094,14713.551,Pinned,Device,NVIDIA A100-SXM4-40GB MIG 4g.20gb (0),1,,13,[CUDA memcpy Host-to-Device]
16581873540,57055,320009,,,,,,,,,,35.810,627604.658,Device,,NVIDIA A100-SXM4-40GB MIG 4g.20gb (0),1,,13,[CUDA memset]
16581938019,1856,320011,,,,,,,,,,0.000,43.103,Pinned,Device,NVIDIA A100-SXM4-40GB MIG 4g.20gb (0),1,,13,[CUDA memcpy Host-to-Device]
16581942467,10688,320012,,,,,,,,,,0.197,18395.038,Pinned,Device,NVIDIA A100-SXM4-40GB MIG 4g.20gb (0),1,,13,[CUDA memcpy Host-to-Device]
16582158880,21984,320013,273,1,1,48,1,1,40,0.000,0.001,,,,,NVIDIA A100-SXM4-40GB MIG 4g.20gb (0),1,,13,"void pusch_noise_intf_est::noiseIntfEstNoDftSOfdmKernel<float, __half, float, float, (unsigned int)2, (unsigned int)1, (unsigned char)4, (unsigned char)4>(pusch_noise_intf_est::puschRxNoiseIntfEstDynDescr)"
16582362046,11392,320024,35,1,1,128,1,1,16,0.000,0.000,,,,,NVIDIA A100-SXM4-40GB MIG 4g.20gb (0),1,,13,cupy_copy__complex64_complex64
16582470109,5856,320033,1,1,1,1,1,1,18,0.000,0.000,,,,,NVIDIA A100-SXM4-40GB MIG 4g.20gb (0),1,,13,cupy_copy__float32_float32
16582480349,1952,320039,,,,,,,,,,0.000,2.049,Device,Pageable,NVIDIA A100-SXM4-40GB MIG 4g.20gb (0),1,,7,[CUDA memcpy Device-to-Host]
16582903288,17824,320050,1434,1,1,128,1,1,16,0.000,0.000,,,,,NVIDIA A100-SXM4-40GB MIG 4g.20gb (0),1,,13,cupy_copy__complex64_complex64
16582985783,6656,320057,103,1,1,128,1,1,16,0.000,0.000,,,,,NVIDIA A100-SXM4-40GB MIG 4g.20gb (0),1,,13,cupy_copy__complex64_complex64
16583216053,8383,320064,35,1,1,128,1,1,16,0.000,0.000,,,,,NVIDIA A100-SXM4-40GB MIG 4g.20gb (0),1,,13,cupy_copy__complex64_complex64
16583259508,5600,320071,1,1,1,1,1,1,18,0.000,0.000,,,,,NVIDIA A100-SXM4-40GB MIG 4g.20gb (0),1,,13,cupy_copy__float32_float32
16583296884,275165,320082,1,1,1,32,32,1,30,0.000,0.000,,,,,NVIDIA A100-SXM4-40GB MIG 4g.20gb (0),1,,13,"void convert_kernel<__half2, float2>(tensor_layout_any, T1 *, tensor_layout_any, const T2 *)"
16583601456,5600,320085,,,,,,,,,,0.094,16731.388,Pinned,Device,NVIDIA A100-SXM4-40GB MIG 4g.20gb (0),1,,13,[CUDA memcpy Host-to-Device]
16583794798,8960,320086,,,,,,,,,,1.547,172614.065,Device,,NVIDIA A100-SXM4-40GB MIG 4g.20gb (0),1,,13,[CUDA memset]
16583809902,7488,320091,,,,,,,,,,0.031,4179.487,Pinned,Device,NVIDIA A100-SXM4-40GB MIG 4g.20gb (0),1,,13,[CUDA memcpy Host-to-Device]
16583824654,13280,320092,,,,,,,,,,0.197,14804.779,Pinned,Device,NVIDIA A100-SXM4-40GB MIG 4g.20gb (0),1,,13,[CUDA memcpy Host-to-Device]
16584066411,33376,320093,273,1,1,8,4,1,39,0.002,0.000,,,,,NVIDIA A100-SXM4-40GB MIG 4g.20gb (0),1,,13,"void channel_eq::eqMmseCoefCompLowMimoKernel<float, float, float, (unsigned int)4, (unsigned int)1, (unsigned int)4>(const channel_eq::_puschRxChEqStatDescr *, channel_eq::_puschRxChEqCoefCompDynDescr)"
16584345480,32031,320094,273,1,1,12,11,1,51,0.002,0.000,,,,,NVIDIA A100-SXM4-40GB MIG 4g.20gb (0),1,,13,"void channel_eq::eqMmseSoftDemapKernel<float, __half, __half, float, (unsigned int)4, (unsigned short)16383>(channel_eq::_puschRxChEqStatDescr *, channel_eq::_puschRxChEqSoftDemapDynDescr)"
16584591397,676536,320095,1,1,1,32,32,1,30,0.000,0.000,,,,,NVIDIA A100-SXM4-40GB MIG 4g.20gb (0),1,,13,"void convert_kernel<float2, __half2>(tensor_layout_any, T1 *, tensor_layout_any, const T2 *)"
16585458715,19072,320107,2253,1,1,128,1,1,16,0.000,0.000,,,,,NVIDIA A100-SXM4-40GB MIG 4g.20gb (0),1,,13,cupy_copy__float16_float16
16585510107,8448,320116,282,1,1,128,1,1,16,0.000,0.000,,,,,NVIDIA A100-SXM4-40GB MIG 4g.20gb (0),1,,13,cupy_copy__complex64_complex64
16585538266,7744,320125,26,1,1,128,1,1,16,0.000,0.000,,,,,NVIDIA A100-SXM4-40GB MIG 4g.20gb (0),1,,13,cupy_copy__float32_float32
16585577722,11360,320134,103,1,1,128,1,1,16,0.000,0.000,,,,,NVIDIA A100-SXM4-40GB MIG 4g.20gb (0),1,,13,cupy_copy__complex64_complex64
16585639545,21792,320144,1434,1,1,128,1,1,16,0.000,0.000,,,,,NVIDIA A100-SXM4-40GB MIG 4g.20gb (0),1,,13,cupy_copy__complex64_complex64
16585700121,265661,320149,1,1,1,32,32,1,30,0.000,0.000,,,,,NVIDIA A100-SXM4-40GB MIG 4g.20gb (0),1,,13,"void convert_kernel<__half2, float2>(tensor_layout_any, T1 *, tensor_layout_any, const T2 *)"
16585995157,5920,320152,,,,,,,,,,0.094,15826.941,Pinned,Device,NVIDIA A100-SXM4-40GB MIG 4g.20gb (0),1,,13,[CUDA memcpy Host-to-Device]
16586027381,620633,320153,,,,,,,,,,456.561,735520.480,Device,,NVIDIA A100-SXM4-40GB MIG 4g.20gb (0),1,,13,[CUDA memset]
16586653966,65631,320158,,,,,,,,,,1.235,18815.607,Pinned,Device,NVIDIA A100-SXM4-40GB MIG 4g.20gb (0),1,,13,[CUDA memcpy Host-to-Device]
16586726829,17824,320159,,,,,,,,,,0.197,11030.495,Pinned,Device,NVIDIA A100-SXM4-40GB MIG 4g.20gb (0),1,,13,[CUDA memcpy Host-to-Device]
16586841804,29663,320160,69,4,1,48,1,1,76,0.002,0.000,,,,,NVIDIA A100-SXM4-40GB MIG 4g.20gb (0),1,,13,"void ch_est::windowedChEstPreNoDftSOfdmKernel<float, __half, float, (unsigned int)2, (unsigned int)1, (unsigned short)4>(ch_est::puschRxChEstStatDescr_t *, ch_est::puschRxChEstDynDescr_t *)"
16586893707,29504,320161,137,2,1,24,2,1,44,0.001,0.001,,,,,NVIDIA A100-SXM4-40GB MIG 4g.20gb (0),1,,13,"void ch_est::chEstFilterNoDftSOfdmDispatchKernel<float, __half, float, (unsigned int)2>(ch_est::puschRxChEstStatDescr_t *, ch_est::puschRxChEstDynDescr_t *)"
16586934667,25087,320162,137,2,1,24,2,1,44,0.001,0.001,,,,,NVIDIA A100-SXM4-40GB MIG 4g.20gb (0),1,,13,"void ch_est::chEstFilterNoDftSOfdmDispatchKernel<float, __half, float, (unsigned int)2>(ch_est::puschRxChEstStatDescr_t *, ch_est::puschRxChEstDynDescr_t *)"
16586982282,6432,320173,103,1,1,128,1,1,16,0.000,0.000,,,,,NVIDIA A100-SXM4-40GB MIG 4g.20gb (0),1,,13,cupy_copy__complex64_complex64
16587013610,17984,320183,1434,1,1,128,1,1,16,0.000,0.000,,,,,NVIDIA A100-SXM4-40GB MIG 4g.20gb (0),1,,13,cupy_copy__complex64_complex64
16587060777,6880,320190,103,1,1,128,1,1,16,0.000,0.000,,,,,NVIDIA A100-SXM4-40GB MIG 4g.20gb (0),1,,13,cupy_copy__complex64_complex64
16587092873,280253,320197,1,1,1,32,32,1,30,0.000,0.000,,,,,NVIDIA A100-SXM4-40GB MIG 4g.20gb (0),1,,13,"void convert_kernel<__half2, float2>(tensor_layout_any, T1 *, tensor_layout_any, const T2 *)"
16587402405,5664,320200,,,,,,,,,,0.094,16542.310,Pinned,Device,NVIDIA A100-SXM4-40GB MIG 4g.20gb (0),1,,13,[CUDA memcpy Host-to-Device]
16587531940,59583,320201,,,,,,,,,,35.810,600997.887,Device,,NVIDIA A100-SXM4-40GB MIG 4g.20gb (0),1,,13,[CUDA memset]
16587595363,1856,320203,,,,,,,,,,0.000,43.103,Pinned,Device,NVIDIA A100-SXM4-40GB MIG 4g.20gb (0),1,,13,[CUDA memcpy Host-to-Device]
16587599907,9600,320204,,,,,,,,,,0.197,20479.869,Pinned,Device,NVIDIA A100-SXM4-40GB MIG 4g.20gb (0),1,,13,[CUDA memcpy Host-to-Device]
16587783169,39584,320205,273,1,1,48,1,1,40,0.000,0.001,,,,,NVIDIA A100-SXM4-40GB MIG 4g.20gb (0),1,,13,"void pusch_noise_intf_est::noiseIntfEstNoDftSOfdmKernel<float, __half, float, float, (unsigned int)2, (unsigned int)1, (unsigned char)4, (unsigned char)4>(pusch_noise_intf_est::puschRxNoiseIntfEstDynDescr)"
16587878112,9632,320216,35,1,1,128,1,1,16,0.000,0.000,,,,,NVIDIA A100-SXM4-40GB MIG 4g.20gb (0),1,,13,cupy_copy__complex64_complex64
16588069438,4800,320225,1,1,1,1,1,1,18,0.000,0.000,,,,,NVIDIA A100-SXM4-40GB MIG 4g.20gb (0),1,,13,cupy_copy__float32_float32
16588081278,3616,320231,,,,,,,,,,0.000,1.106,Device,Pageable,NVIDIA A100-SXM4-40GB MIG 4g.20gb (0),1,,7,[CUDA memcpy Device-to-Host]
16588385114,23712,320242,1434,1,1,128,1,1,16,0.000,0.000,,,,,NVIDIA A100-SXM4-40GB MIG 4g.20gb (0),1,,13,cupy_copy__complex64_complex64
16588658615,9312,320249,103,1,1,128,1,1,16,0.000,0.000,,,,,NVIDIA A100-SXM4-40GB MIG 4g.20gb (0),1,,13,cupy_copy__complex64_complex64
16588893173,13824,320256,35,1,1,128,1,1,16,0.000,0.000,,,,,NVIDIA A100-SXM4-40GB MIG 4g.20gb (0),1,,13,cupy_copy__complex64_complex64
16589057427,5440,320263,1,1,1,1,1,1,18,0.000,0.000,,,,,NVIDIA A100-SXM4-40GB MIG 4g.20gb (0),1,,13,cupy_copy__float32_float32
16589281680,343965,320274,1,1,1,32,32,1,30,0.000,0.000,,,,,NVIDIA A100-SXM4-40GB MIG 4g.20gb (0),1,,13,"void convert_kernel<__half2, float2>(tensor_layout_any, T1 *, tensor_layout_any, const T2 *)"
16589656620,13184,320277,,,,,,,,,,0.094,7106.748,Pinned,Device,NVIDIA A100-SXM4-40GB MIG 4g.20gb (0),1,,13,[CUDA memcpy Host-to-Device]
16589935529,8864,320278,,,,,,,,,,1.547,174482.387,Device,,NVIDIA A100-SXM4-40GB MIG 4g.20gb (0),1,,13,[CUDA memset]
16589947369,7968,320283,,,,,,,,,,0.031,3927.711,Pinned,Device,NVIDIA A100-SXM4-40GB MIG 4g.20gb (0),1,,13,[CUDA memcpy Host-to-Device]
16589957961,17472,320284,,,,,,,,,,0.197,11252.662,Pinned,Device,NVIDIA A100-SXM4-40GB MIG 4g.20gb (0),1,,13,[CUDA memcpy Host-to-Device]
16590081575,27360,320285,273,1,1,8,4,1,39,0.002,0.000,,,,,NVIDIA A100-SXM4-40GB MIG 4g.20gb (0),1,,13,"void channel_eq::eqMmseCoefCompLowMimoKernel<float, float, float, (unsigned int)4, (unsigned int)1, (unsigned int)4>(const channel_eq::_puschRxChEqStatDescr *, channel_eq::_puschRxChEqCoefCompDynDescr)"
16590158151,36191,320286,273,1,1,12,11,1,51,0.002,0.000,,,,,NVIDIA A100-SXM4-40GB MIG 4g.20gb (0),1,,13,"void channel_eq::eqMmseSoftDemapKernel<float, __half, __half, float, (unsigned int)4, (unsigned short)16383>(channel_eq::_puschRxChEqStatDescr *, channel_eq::_puschRxChEqSoftDemapDynDescr)"
16590326437,737239,320287,1,1,1,32,32,1,30,0.000,0.000,,,,,NVIDIA A100-SXM4-40GB MIG 4g.20gb (0),1,,13,"void convert_kernel<float2, __half2>(tensor_layout_any, T1 *, tensor_layout_any, const T2 *)"
16591098588,19104,320299,2253,1,1,128,1,1,16,0.000,0.000,,,,,NVIDIA A100-SXM4-40GB MIG 4g.20gb (0),1,,13,cupy_copy__float16_float16
16591147451,7744,320308,282,1,1,128,1,1,16,0.000,0.000,,,,,NVIDIA A100-SXM4-40GB MIG 4g.20gb (0),1,,13,cupy_copy__complex64_complex64
16591175259,9440,320317,26,1,1,128,1,1,16,0.000,0.000,,,,,NVIDIA A100-SXM4-40GB MIG 4g.20gb (0),1,,13,cupy_copy__float32_float32
16591214299,13216,320326,103,1,1,128,1,1,16,0.000,0.000,,,,,NVIDIA A100-SXM4-40GB MIG 4g.20gb (0),1,,13,cupy_copy__complex64_complex64
16591267514,18720,320336,1434,1,1,128,1,1,16,0.000,0.000,,,,,NVIDIA A100-SXM4-40GB MIG 4g.20gb (0),1,,13,cupy_copy__complex64_complex64
16591322969,258142,320341,1,1,1,32,32,1,30,0.000,0.000,,,,,NVIDIA A100-SXM4-40GB MIG 4g.20gb (0),1,,13,"void convert_kernel<__half2, float2>(tensor_layout_any, T1 *, tensor_layout_any, const T2 *)"
16591610070,5376,320344,,,,,,,,,,0.094,17428.487,Pinned,Device,NVIDIA A100-SXM4-40GB MIG 4g.20gb (0),1,,13,[CUDA memcpy Host-to-Device]
16591642070,621689,320345,,,,,,,,,,456.561,734150.796,Device,,NVIDIA A100-SXM4-40GB MIG 4g.20gb (0),1,,13,[CUDA memset]
16592264463,69599,320350,,,,,,,,,,1.235,17743.675,Pinned,Device,NVIDIA A100-SXM4-40GB MIG 4g.20gb (0),1,,13,[CUDA memcpy Host-to-Device]
16592340526,17088,320351,,,,,,,,,,0.197,11505.500,Pinned,Device,NVIDIA A100-SXM4-40GB MIG 4g.20gb (0),1,,13,[CUDA memcpy Host-to-Device]
16592393837,22272,320352,69,4,1,48,1,1,76,0.002,0.000,,,,,NVIDIA A100-SXM4-40GB MIG 4g.20gb (0),1,,13,"void ch_est::windowedChEstPreNoDftSOfdmKernel<float, __half, float, (unsigned int)2, (unsigned int)1, (unsigned short)4>(ch_est::puschRxChEstStatDescr_t *, ch_est::puschRxChEstDynDescr_t *)"
16592443341,26368,320353,137,2,1,24,2,1,44,0.001,0.001,,,,,NVIDIA A100-SXM4-40GB MIG 4g.20gb (0),1,,13,"void ch_est::chEstFilterNoDftSOfdmDispatchKernel<float, __half, float, (unsigned int)2>(ch_est::puschRxChEstStatDescr_t *, ch_est::puschRxChEstDynDescr_t *)"
16592481900,23232,320354,137,2,1,24,2,1,44,0.001,0.001,,,,,NVIDIA A100-SXM4-40GB MIG 4g.20gb (0),1,,13,"void ch_est::chEstFilterNoDftSOfdmDispatchKernel<float, __half, float, (unsigned int)2>(ch_est::puschRxChEstStatDescr_t *, ch_est::puschRxChEstDynDescr_t *)"
16592529612,5664,320365,103,1,1,128,1,1,16,0.000,0.000,,,,,NVIDIA A100-SXM4-40GB MIG 4g.20gb (0),1,,13,cupy_copy__complex64_complex64
16592562284,16543,320375,1434,1,1,128,1,1,16,0.000,0.000,,,,,NVIDIA A100-SXM4-40GB MIG 4g.20gb (0),1,,13,cupy_copy__complex64_complex64
16592673642,9056,320382,103,1,1,128,1,1,16,0.000,0.000,,,,,NVIDIA A100-SXM4-40GB MIG 4g.20gb (0),1,,13,cupy_copy__complex64_complex64
16592839464,320637,320389,1,1,1,32,32,1,30,0.000,0.000,,,,,NVIDIA A100-SXM4-40GB MIG 4g.20gb (0),1,,13,"void convert_kernel<__half2, float2>(tensor_layout_any, T1 *, tensor_layout_any, const T2 *)"
16593188772,8640,320392,,,,,,,,,,0.094,10844.375,Pinned,Device,NVIDIA A100-SXM4-40GB MIG 4g.20gb (0),1,,13,[CUDA memcpy Host-to-Device]
16593323523,56607,320393,,,,,,,,,,35.810,632582.237,Device,,NVIDIA A100-SXM4-40GB MIG 4g.20gb (0),1,,13,[CUDA memset]
16593383170,4736,320395,,,,,,,,,,0.000,16.892,Pinned,Device,NVIDIA A100-SXM4-40GB MIG 4g.20gb (0),1,,13,[CUDA memcpy Host-to-Device]
16593393218,10368,320396,,,,,,,,,,0.197,18962.842,Pinned,Device,NVIDIA A100-SXM4-40GB MIG 4g.20gb (0),1,,13,[CUDA memcpy Host-to-Device]
16593546208,33792,320397,273,1,1,48,1,1,40,0.000,0.001,,,,,NVIDIA A100-SXM4-40GB MIG 4g.20gb (0),1,,13,"void pusch_noise_intf_est::noiseIntfEstNoDftSOfdmKernel<float, __half, float, float, (unsigned int)2, (unsigned int)1, (unsigned char)4, (unsigned char)4>(pusch_noise_intf_est::puschRxNoiseIntfEstDynDescr)"
16593721119,10559,320408,35,1,1,128,1,1,16,0.000,0.000,,,,,NVIDIA A100-SXM4-40GB MIG 4g.20gb (0),1,,13,cupy_copy__complex64_complex64
16593852253,4640,320417,1,1,1,1,1,1,18,0.000,0.000,,,,,NVIDIA A100-SXM4-40GB MIG 4g.20gb (0),1,,13,cupy_copy__float32_float32
16593860989,5472,320423,,,,,,,,,,0.000,0.731,Device,Pageable,NVIDIA A100-SXM4-40GB MIG 4g.20gb (0),1,,7,[CUDA memcpy Device-to-Host]
16594058875,19167,320434,1434,1,1,128,1,1,16,0.000,0.000,,,,,NVIDIA A100-SXM4-40GB MIG 4g.20gb (0),1,,13,cupy_copy__complex64_complex64
16594196473,14048,320441,103,1,1,128,1,1,16,0.000,0.000,,,,,NVIDIA A100-SXM4-40GB MIG 4g.20gb (0),1,,13,cupy_copy__complex64_complex64
16594384215,16288,320448,35,1,1,128,1,1,16,0.000,0.000,,,,,NVIDIA A100-SXM4-40GB MIG 4g.20gb (0),1,,13,cupy_copy__complex64_complex64
16594469590,4864,320455,1,1,1,1,1,1,18,0.000,0.000,,,,,NVIDIA A100-SXM4-40GB MIG 4g.20gb (0),1,,13,cupy_copy__float32_float32
16594593813,278941,320466,1,1,1,32,32,1,30,0.000,0.000,,,,,NVIDIA A100-SXM4-40GB MIG 4g.20gb (0),1,,13,"void convert_kernel<__half2, float2>(tensor_layout_any, T1 *, tensor_layout_any, const T2 *)"
16594902353,6560,320469,,,,,,,,,,0.094,14282.925,Pinned,Device,NVIDIA A100-SXM4-40GB MIG 4g.20gb (0),1,,13,[CUDA memcpy Host-to-Device]
16595109743,10976,320470,,,,,,,,,,1.547,140908.273,Device,,NVIDIA A100-SXM4-40GB MIG 4g.20gb (0),1,,13,[CUDA memset]
16595122831,8352,320475,,,,,,,,,,0.031,3747.101,Pinned,Device,NVIDIA A100-SXM4-40GB MIG 4g.20gb (0),1,,13,[CUDA memcpy Host-to-Device]
16595141647,16255,320476,,,,,,,,,,0.197,12095.128,Pinned,Device,NVIDIA A100-SXM4-40GB MIG 4g.20gb (0),1,,13,[CUDA memcpy Host-to-Device]
16595178350,24640,320477,273,1,1,8,4,1,39,0.002,0.000,,,,,NVIDIA A100-SXM4-40GB MIG 4g.20gb (0),1,,13,"void channel_eq::eqMmseCoefCompLowMimoKernel<float, float, float, (unsigned int)4, (unsigned int)1, (unsigned int)4>(const channel_eq::_puschRxChEqStatDescr *, channel_eq::_puschRxChEqCoefCompDynDescr)"
16595362540,35680,320478,273,1,1,12,11,1,51,0.002,0.000,,,,,NVIDIA A100-SXM4-40GB MIG 4g.20gb (0),1,,13,"void channel_eq::eqMmseSoftDemapKernel<float, __half, __half, float, (unsigned int)4, (unsigned short)16383>(channel_eq::_puschRxChEqStatDescr *, channel_eq::_puschRxChEqSoftDemapDynDescr)"
16595462283,681144,320479,1,1,1,32,32,1,30,0.000,0.000,,,,,NVIDIA A100-SXM4-40GB MIG 4g.20gb (0),1,,13,"void convert_kernel<float2, __half2>(tensor_layout_any, T1 *, tensor_layout_any, const T2 *)"
16596328705,19232,320491,2253,1,1,128,1,1,16,0.000,0.000,,,,,NVIDIA A100-SXM4-40GB MIG 4g.20gb (0),1,,13,cupy_copy__float16_float16
16596571806,9760,320500,282,1,1,128,1,1,16,0.000,0.000,,,,,NVIDIA A100-SXM4-40GB MIG 4g.20gb (0),1,,13,cupy_copy__complex64_complex64
16596770044,2880,320509,26,1,1,128,1,1,16,0.000,0.000,,,,,NVIDIA A100-SXM4-40GB MIG 4g.20gb (0),1,,13,cupy_copy__float32_float32
16596992666,13152,320518,103,1,1,128,1,1,16,0.000,0.000,,,,,NVIDIA A100-SXM4-40GB MIG 4g.20gb (0),1,,13,cupy_copy__complex64_complex64
16597284502,19648,320528,1434,1,1,128,1,1,16,0.000,0.000,,,,,NVIDIA A100-SXM4-40GB MIG 4g.20gb (0),1,,13,cupy_copy__complex64_complex64
16597441397,316604,320533,1,1,1,32,32,1,30,0.000,0.000,,,,,NVIDIA A100-SXM4-40GB MIG 4g.20gb (0),1,,13,"void convert_kernel<__half2, float2>(tensor_layout_any, T1 *, tensor_layout_any, const T2 *)"
16597792785,8928,320536,,,,,,,,,,0.094,10494.608,Pinned,Device,NVIDIA A100-SXM4-40GB MIG 4g.20gb (0),1,,13,[CUDA memcpy Host-to-Device]
16597953199,608793,320537,,,,,,,,,,456.561,749673.884,Device,,NVIDIA A100-SXM4-40GB MIG 4g.20gb (0),1,,13,[CUDA memset]
16598570088,62495,320542,,,,,,,,,,1.235,19760.339,Pinned,Device,NVIDIA A100-SXM4-40GB MIG 4g.20gb (0),1,,13,[CUDA memcpy Host-to-Device]
16598635079,13440,320543,,,,,,,,,,0.197,14628.422,Pinned,Device,NVIDIA A100-SXM4-40GB MIG 4g.20gb (0),1,,13,[CUDA memcpy Host-to-Device]
16598811973,23744,320544,69,4,1,48,1,1,76,0.002,0.000,,,,,NVIDIA A100-SXM4-40GB MIG 4g.20gb (0),1,,13,"void ch_est::windowedChEstPreNoDftSOfdmKernel<float, __half, float, (unsigned int)2, (unsigned int)1, (unsigned short)4>(ch_est::puschRxChEstStatDescr_t *, ch_est::puschRxChEstDynDescr_t *)"
16599007459,24704,320545,137,2,1,24,2,1,44,0.001,0.001,,,,,NVIDIA A100-SXM4-40GB MIG 4g.20gb (0),1,,13,"void ch_est::chEstFilterNoDftSOfdmDispatchKernel<float, __half, float, (unsigned int)2>(ch_est::puschRxChEstStatDescr_t *, ch_est::puschRxChEstDynDescr_t *)"
16599152545,26848,320546,137,2,1,24,2,1,44,0.001,0.001,,,,,NVIDIA A100-SXM4-40GB MIG 4g.20gb (0),1,,13,"void ch_est::chEstFilterNoDftSOfdmDispatchKernel<float, __half, float, (unsigned int)2>(ch_est::puschRxChEstStatDescr_t *, ch_est::puschRxChEstDynDescr_t *)"
16599305376,4960,320557,103,1,1,128,1,1,16,0.000,0.000,,,,,NVIDIA A100-SXM4-40GB MIG 4g.20gb (0),1,,13,cupy_copy__complex64_complex64
16599382879,17984,320567,1434,1,1,128,1,1,16,0.000,0.000,,,,,NVIDIA A100-SXM4-40GB MIG 4g.20gb (0),1,,13,cupy_copy__complex64_complex64
16599422494,8576,320574,103,1,1,128,1,1,16,0.000,0.000,,,,,NVIDIA A100-SXM4-40GB MIG 4g.20gb (0),1,,13,cupy_copy__complex64_complex64
16599477310,263069,320581,1,1,1,32,32,1,30,0.000,0.000,,,,,NVIDIA A100-SXM4-40GB MIG 4g.20gb (0),1,,13,"void convert_kernel<__half2, float2>(tensor_layout_any, T1 *, tensor_layout_any, const T2 *)"
16599770011,5663,320584,,,,,,,,,,0.094,16545.214,Pinned,Device,NVIDIA A100-SXM4-40GB MIG 4g.20gb (0),1,,13,[CUDA memcpy Host-to-Device]
16599791770,64224,320585,,,,,,,,,,35.810,557560.454,Device,,NVIDIA A100-SXM4-40GB MIG 4g.20gb (0),1,,13,[CUDA memset]
16599883129,5184,320587,,,,,,,,,,0.000,15.432,Pinned,Device,NVIDIA A100-SXM4-40GB MIG 4g.20gb (0),1,,13,[CUDA memcpy Host-to-Device]
16599895097,16416,320588,,,,,,,,,,0.197,11976.573,Pinned,Device,NVIDIA A100-SXM4-40GB MIG 4g.20gb (0),1,,13,[CUDA memcpy Host-to-Device]
16599955384,34208,320589,273,1,1,48,1,1,40,0.000,0.001,,,,,NVIDIA A100-SXM4-40GB MIG 4g.20gb (0),1,,13,"void pusch_noise_intf_est::noiseIntfEstNoDftSOfdmKernel<float, __half, float, float, (unsigned int)2, (unsigned int)1, (unsigned char)4, (unsigned char)4>(pusch_noise_intf_est::puschRxNoiseIntfEstDynDescr)"
16600031768,8800,320600,35,1,1,128,1,1,16,0.000,0.000,,,,,NVIDIA A100-SXM4-40GB MIG 4g.20gb (0),1,,13,cupy_copy__complex64_complex64
16600061399,4672,320609,1,1,1,1,1,1,18,0.000,0.000,,,,,NVIDIA A100-SXM4-40GB MIG 4g.20gb (0),1,,13,cupy_copy__float32_float32
16600070135,1632,320615,,,,,,,,,,0.000,2.451,Device,Pageable,NVIDIA A100-SXM4-40GB MIG 4g.20gb (0),1,,7,[CUDA memcpy Device-to-Host]
16600136982,18400,320626,1434,1,1,128,1,1,16,0.000,0.000,,,,,NVIDIA A100-SXM4-40GB MIG 4g.20gb (0),1,,13,cupy_copy__complex64_complex64
16600192598,5920,320633,103,1,1,128,1,1,16,0.000,0.000,,,,,NVIDIA A100-SXM4-40GB MIG 4g.20gb (0),1,,13,cupy_copy__complex64_complex64
16600225365,8096,320640,35,1,1,128,1,1,16,0.000,0.000,,,,,NVIDIA A100-SXM4-40GB MIG 4g.20gb (0),1,,13,cupy_copy__complex64_complex64
16600282229,3680,320647,1,1,1,1,1,1,18,0.000,0.000,,,,,NVIDIA A100-SXM4-40GB MIG 4g.20gb (0),1,,13,cupy_copy__float32_float32
16600331156,265949,320658,1,1,1,32,32,1,30,0.000,0.000,,,,,NVIDIA A100-SXM4-40GB MIG 4g.20gb (0),1,,13,"void convert_kernel<__half2, float2>(tensor_layout_any, T1 *, tensor_layout_any, const T2 *)"
16600627505,5824,320661,,,,,,,,,,0.094,16087.884,Pinned,Device,NVIDIA A100-SXM4-40GB MIG 4g.20gb (0),1,,13,[CUDA memcpy Host-to-Device]
16600675728,8224,320662,,,,,,,,,,1.547,188061.745,Device,,NVIDIA A100-SXM4-40GB MIG 4g.20gb (0),1,,13,[CUDA memset]
16600721008,7488,320667,,,,,,,,,,0.031,4179.487,Pinned,Device,NVIDIA A100-SXM4-40GB MIG 4g.20gb (0),1,,13,[CUDA memcpy Host-to-Device]
16600738800,10784,320668,,,,,,,,,,0.197,18231.263,Pinned,Device,NVIDIA A100-SXM4-40GB MIG 4g.20gb (0),1,,13,[CUDA memcpy Host-to-Device]
16600771823,25536,320669,273,1,1,8,4,1,39,0.002,0.000,,,,,NVIDIA A100-SXM4-40GB MIG 4g.20gb (0),1,,13,"void channel_eq::eqMmseCoefCompLowMimoKernel<float, float, float, (unsigned int)4, (unsigned int)1, (unsigned int)4>(const channel_eq::_puschRxChEqStatDescr *, channel_eq::_puschRxChEqCoefCompDynDescr)"
16600819119,34175,320670,273,1,1,12,11,1,51,0.002,0.000,,,,,NVIDIA A100-SXM4-40GB MIG 4g.20gb (0),1,,13,"void channel_eq::eqMmseSoftDemapKernel<float, __half, __half, float, (unsigned int)4, (unsigned short)16383>(channel_eq::_puschRxChEqStatDescr *, channel_eq::_puschRxChEqSoftDemapDynDescr)"
16600864814,740760,320671,1,1,1,32,32,1,30,0.000,0.000,,,,,NVIDIA A100-SXM4-40GB MIG 4g.20gb (0),1,,13,"void convert_kernel<float2, __half2>(tensor_layout_any, T1 *, tensor_layout_any, const T2 *)"
16601768036,19584,320683,2253,1,1,128,1,1,16,0.000,0.000,,,,,NVIDIA A100-SXM4-40GB MIG 4g.20gb (0),1,,13,cupy_copy__float16_float16
16601948162,19744,320692,282,1,1,128,1,1,16,0.000,0.000,,,,,NVIDIA A100-SXM4-40GB MIG 4g.20gb (0),1,,13,cupy_copy__complex64_complex64
16602169088,6464,320701,26,1,1,128,1,1,16,0.000,0.000,,,,,NVIDIA A100-SXM4-40GB MIG 4g.20gb (0),1,,13,cupy_copy__float32_float32
16602487612,4864,320710,103,1,1,128,1,1,16,0.000,0.000,,,,,NVIDIA A100-SXM4-40GB MIG 4g.20gb (0),1,,13,cupy_copy__complex64_complex64
16602691578,41887,320720,1434,1,1,128,1,1,16,0.000,0.000,,,,,NVIDIA A100-SXM4-40GB MIG 4g.20gb (0),1,,13,cupy_copy__complex64_complex64
16602919543,287453,320725,1,1,1,32,32,1,30,0.000,0.000,,,,,NVIDIA A100-SXM4-40GB MIG 4g.20gb (0),1,,13,"void convert_kernel<__half2, float2>(tensor_layout_any, T1 *, tensor_layout_any, const T2 *)"
16603239540,12895,320728,,,,,,,,,,0.094,7266.031,Pinned,Device,NVIDIA A100-SXM4-40GB MIG 4g.20gb (0),1,,13,[CUDA memcpy Host-to-Device]
16603565456,617945,320729,,,,,,,,,,456.561,738716.410,Device,,NVIDIA A100-SXM4-40GB MIG 4g.20gb (0),1,,13,[CUDA memset]
16604184713,62943,320734,,,,,,,,,,1.235,19619.555,Pinned,Device,NVIDIA A100-SXM4-40GB MIG 4g.20gb (0),1,,13,[CUDA memcpy Host-to-Device]
16604253704,16352,320735,,,,,,,,,,0.197,12023.366,Pinned,Device,NVIDIA A100-SXM4-40GB MIG 4g.20gb (0),1,,13,[CUDA memcpy Host-to-Device]
16604556261,31551,320736,69,4,1,48,1,1,76,0.002,0.000,,,,,NVIDIA A100-SXM4-40GB MIG 4g.20gb (0),1,,13,"void ch_est::windowedChEstPreNoDftSOfdmKernel<float, __half, float, (unsigned int)2, (unsigned int)1, (unsigned short)4>(ch_est::puschRxChEstStatDescr_t *, ch_est::puschRxChEstDynDescr_t *)"
16604905281,33183,320737,137,2,1,24,2,1,44,0.001,0.001,,,,,NVIDIA A100-SXM4-40GB MIG 4g.20gb (0),1,,13,"void ch_est::chEstFilterNoDftSOfdmDispatchKernel<float, __half, float, (unsigned int)2>(ch_est::puschRxChEstStatDescr_t *, ch_est::puschRxChEstDynDescr_t *)"
16605218493,32480,320738,137,2,1,24,2,1,44,0.001,0.001,,,,,NVIDIA A100-SXM4-40GB MIG 4g.20gb (0),1,,13,"void ch_est::chEstFilterNoDftSOfdmDispatchKernel<float, __half, float, (unsigned int)2>(ch_est::puschRxChEstStatDescr_t *, ch_est::puschRxChEstDynDescr_t *)"
16605392091,19488,320749,103,1,1,128,1,1,16,0.000,0.000,,,,,NVIDIA A100-SXM4-40GB MIG 4g.20gb (0),1,,13,cupy_copy__complex64_complex64
16605480218,20384,320759,1434,1,1,128,1,1,16,0.000,0.000,,,,,NVIDIA A100-SXM4-40GB MIG 4g.20gb (0),1,,13,cupy_copy__complex64_complex64
16605681944,9824,320766,103,1,1,128,1,1,16,0.000,0.000,,,,,NVIDIA A100-SXM4-40GB MIG 4g.20gb (0),1,,13,cupy_copy__complex64_complex64
16605718520,270941,320773,1,1,1,32,32,1,30,0.000,0.000,,,,,NVIDIA A100-SXM4-40GB MIG 4g.20gb (0),1,,13,"void convert_kernel<__half2, float2>(tensor_layout_any, T1 *, tensor_layout_any, const T2 *)"
16606026772,5504,320776,,,,,,,,,,0.094,17023.251,Pinned,Device,NVIDIA A100-SXM4-40GB MIG 4g.20gb (0),1,,13,[CUDA memcpy Host-to-Device]
16606075188,58783,320777,,,,,,,,,,35.810,609162.549,Device,,NVIDIA A100-SXM4-40GB MIG 4g.20gb (0),1,,13,[CUDA memset]
16606139283,2336,320779,,,,,,,,,,0.000,34.247,Pinned,Device,NVIDIA A100-SXM4-40GB MIG 4g.20gb (0),1,,13,[CUDA memcpy Host-to-Device]
16606144051,13824,320780,,,,,,,,,,0.197,14222.033,Pinned,Device,NVIDIA A100-SXM4-40GB MIG 4g.20gb (0),1,,13,[CUDA memcpy Host-to-Device]
16606199602,37408,320781,273,1,1,48,1,1,40,0.000,0.001,,,,,NVIDIA A100-SXM4-40GB MIG 4g.20gb (0),1,,13,"void pusch_noise_intf_est::noiseIntfEstNoDftSOfdmKernel<float, __half, float, float, (unsigned int)2, (unsigned int)1, (unsigned char)4, (unsigned char)4>(pusch_noise_intf_est::puschRxNoiseIntfEstDynDescr)"
16606277041,10144,320792,35,1,1,128,1,1,16,0.000,0.000,,,,,NVIDIA A100-SXM4-40GB MIG 4g.20gb (0),1,,13,cupy_copy__complex64_complex64
16606310289,3872,320801,1,1,1,1,1,1,18,0.000,0.000,,,,,NVIDIA A100-SXM4-40GB MIG 4g.20gb (0),1,,13,cupy_copy__float32_float32
16606317137,1600,320807,,,,,,,,,,0.000,2.500,Device,Pageable,NVIDIA A100-SXM4-40GB MIG 4g.20gb (0),1,,7,[CUDA memcpy Device-to-Host]
16606398288,18720,320818,1434,1,1,128,1,1,16,0.000,0.000,,,,,NVIDIA A100-SXM4-40GB MIG 4g.20gb (0),1,,13,cupy_copy__complex64_complex64
16606449904,5823,320825,103,1,1,128,1,1,16,0.000,0.000,,,,,NVIDIA A100-SXM4-40GB MIG 4g.20gb (0),1,,13,cupy_copy__complex64_complex64
16606486447,7296,320832,35,1,1,128,1,1,16,0.000,0.000,,,,,NVIDIA A100-SXM4-40GB MIG 4g.20gb (0),1,,13,cupy_copy__complex64_complex64
16606537903,4191,320839,1,1,1,1,1,1,18,0.000,0.000,,,,,NVIDIA A100-SXM4-40GB MIG 4g.20gb (0),1,,13,cupy_copy__float32_float32
16606638573,298365,320850,1,1,1,32,32,1,30,0.000,0.000,,,,,NVIDIA A100-SXM4-40GB MIG 4g.20gb (0),1,,13,"void convert_kernel<__half2, float2>(tensor_layout_any, T1 *, tensor_layout_any, const T2 *)"
16606967466,5504,320853,,,,,,,,,,0.094,17023.251,Pinned,Device,NVIDIA A100-SXM4-40GB MIG 4g.20gb (0),1,,13,[CUDA memcpy Host-to-Device]
16607121672,5056,320854,,,,,,,,,,1.547,305897.481,Device,,NVIDIA A100-SXM4-40GB MIG 4g.20gb (0),1,,13,[CUDA memset]
16607133576,7328,320859,,,,,,,,,,0.031,4270.715,Pinned,Device,NVIDIA A100-SXM4-40GB MIG 4g.20gb (0),1,,13,[CUDA memcpy Host-to-Device]
16607145768,13184,320860,,,,,,,,,,0.197,14912.520,Pinned,Device,NVIDIA A100-SXM4-40GB MIG 4g.20gb (0),1,,13,[CUDA memcpy Host-to-Device]
16607293958,33280,320861,273,1,1,8,4,1,39,0.002,0.000,,,,,NVIDIA A100-SXM4-40GB MIG 4g.20gb (0),1,,13,"void channel_eq::eqMmseCoefCompLowMimoKernel<float, float, float, (unsigned int)4, (unsigned int)1, (unsigned int)4>(const channel_eq::_puschRxChEqStatDescr *, channel_eq::_puschRxChEqCoefCompDynDescr)"
16607392613,28864,320862,273,1,1,12,11,1,51,0.002,0.000,,,,,NVIDIA A100-SXM4-40GB MIG 4g.20gb (0),1,,13,"void channel_eq::eqMmseSoftDemapKernel<float, __half, __half, float, (unsigned int)4, (unsigned short)16383>(channel_eq::_puschRxChEqStatDescr *, channel_eq::_puschRxChEqSoftDemapDynDescr)"
16607577891,817911,320863,1,1,1,32,32,1,30,0.000,0.000,,,,,NVIDIA A100-SXM4-40GB MIG 4g.20gb (0),1,,13,"void convert_kernel<float2, __half2>(tensor_layout_any, T1 *, tensor_layout_any, const T2 *)"
16608470585,16512,320875,2253,1,1,128,1,1,16,0.000,0.000,,,,,NVIDIA A100-SXM4-40GB MIG 4g.20gb (0),1,,13,cupy_copy__float16_float16
16608611511,11136,320884,282,1,1,128,1,1,16,0.000,0.000,,,,,NVIDIA A100-SXM4-40GB MIG 4g.20gb (0),1,,13,cupy_copy__complex64_complex64
16608757302,3872,320893,26,1,1,128,1,1,16,0.000,0.000,,,,,NVIDIA A100-SXM4-40GB MIG 4g.20gb (0),1,,13,cupy_copy__float32_float32
16608825973,12032,320902,103,1,1,128,1,1,16,0.000,0.000,,,,,NVIDIA A100-SXM4-40GB MIG 4g.20gb (0),1,,13,cupy_copy__complex64_complex64
16608886644,20832,320912,1434,1,1,128,1,1,16,0.000,0.000,,,,,NVIDIA A100-SXM4-40GB MIG 4g.20gb (0),1,,13,cupy_copy__complex64_complex64
16608945747,267581,320917,1,1,1,32,32,1,30,0.000,0.000,,,,,NVIDIA A100-SXM4-40GB MIG 4g.20gb (0),1,,13,"void convert_kernel<__half2, float2>(tensor_layout_any, T1 *, tensor_layout_any, const T2 *)"
16609242768,5920,320920,,,,,,,,,,0.094,15826.941,Pinned,Device,NVIDIA A100-SXM4-40GB MIG 4g.20gb (0),1,,13,[CUDA memcpy Host-to-Device]
16609275664,620153,320921,,,,,,,,,,456.561,735977.041,Device,,NVIDIA A100-SXM4-40GB MIG 4g.20gb (0),1,,13,[CUDA memset]
16609903305,66111,320926,,,,,,,,,,1.235,18679.763,Pinned,Device,NVIDIA A100-SXM4-40GB MIG 4g.20gb (0),1,,13,[CUDA memcpy Host-to-Device]
16609975176,16800,320927,,,,,,,,,,0.197,11702.698,Pinned,Device,NVIDIA A100-SXM4-40GB MIG 4g.20gb (0),1,,13,[CUDA memcpy Host-to-Device]
16610086503,28863,320928,69,4,1,48,1,1,76,0.002,0.000,,,,,NVIDIA A100-SXM4-40GB MIG 4g.20gb (0),1,,13,"void ch_est::windowedChEstPreNoDftSOfdmKernel<float, __half, float, (unsigned int)2, (unsigned int)1, (unsigned short)4>(ch_est::puschRxChEstStatDescr_t *, ch_est::puschRxChEstDynDescr_t *)"
16610166438,24863,320929,137,2,1,24,2,1,44,0.001,0.001,,,,,NVIDIA A100-SXM4-40GB MIG 4g.20gb (0),1,,13,"void ch_est::chEstFilterNoDftSOfdmDispatchKernel<float, __half, float, (unsigned int)2>(ch_est::puschRxChEstStatDescr_t *, ch_est::puschRxChEstDynDescr_t *)"
16610343172,23328,320930,137,2,1,24,2,1,44,0.001,0.001,,,,,NVIDIA A100-SXM4-40GB MIG 4g.20gb (0),1,,13,"void ch_est::chEstFilterNoDftSOfdmDispatchKernel<float, __half, float, (unsigned int)2>(ch_est::puschRxChEstStatDescr_t *, ch_est::puschRxChEstDynDescr_t *)"
16610440451,8096,320941,103,1,1,128,1,1,16,0.000,0.000,,,,,NVIDIA A100-SXM4-40GB MIG 4g.20gb (0),1,,13,cupy_copy__complex64_complex64
16610624129,19935,320951,1434,1,1,128,1,1,16,0.000,0.000,,,,,NVIDIA A100-SXM4-40GB MIG 4g.20gb (0),1,,13,cupy_copy__complex64_complex64
16610675200,5888,320958,103,1,1,128,1,1,16,0.000,0.000,,,,,NVIDIA A100-SXM4-40GB MIG 4g.20gb (0),1,,13,cupy_copy__complex64_complex64
16610712544,284124,320965,1,1,1,32,32,1,30,0.000,0.000,,,,,NVIDIA A100-SXM4-40GB MIG 4g.20gb (0),1,,13,"void convert_kernel<__half2, float2>(tensor_layout_any, T1 *, tensor_layout_any, const T2 *)"
16611025084,6304,320968,,,,,,,,,,0.094,14862.903,Pinned,Device,NVIDIA A100-SXM4-40GB MIG 4g.20gb (0),1,,13,[CUDA memcpy Host-to-Device]
16611199610,56960,320969,,,,,,,,,,35.810,628678.956,Device,,NVIDIA A100-SXM4-40GB MIG 4g.20gb (0),1,,13,[CUDA memset]
16611263929,1856,320971,,,,,,,,,,0.000,43.103,Pinned,Device,NVIDIA A100-SXM4-40GB MIG 4g.20gb (0),1,,13,[CUDA memcpy Host-to-Device]
16611269017,11264,320972,,,,,,,,,,0.197,17454.465,Pinned,Device,NVIDIA A100-SXM4-40GB MIG 4g.20gb (0),1,,13,[CUDA memcpy Host-to-Device]
16611470455,28928,320973,273,1,1,48,1,1,40,0.000,0.001,,,,,NVIDIA A100-SXM4-40GB MIG 4g.20gb (0),1,,13,"void pusch_noise_intf_est::noiseIntfEstNoDftSOfdmKernel<float, __half, float, float, (unsigned int)2, (unsigned int)1, (unsigned char)4, (unsigned char)4>(pusch_noise_intf_est::puschRxNoiseIntfEstDynDescr)"
16611660277,9600,320984,35,1,1,128,1,1,16,0.000,0.000,,,,,NVIDIA A100-SXM4-40GB MIG 4g.20gb (0),1,,13,cupy_copy__complex64_complex64
16611894002,16512,320993,1,1,1,1,1,1,18,0.000,0.000,,,,,NVIDIA A100-SXM4-40GB MIG 4g.20gb (0),1,,13,cupy_copy__float32_float32
16611913810,5184,320999,,,,,,,,,,0.000,0.772,Device,Pageable,NVIDIA A100-SXM4-40GB MIG 4g.20gb (0),1,,7,[CUDA memcpy Device-to-Host]
16612284718,20352,321010,1434,1,1,128,1,1,16,0.000,0.000,,,,,NVIDIA A100-SXM4-40GB MIG 4g.20gb (0),1,,13,cupy_copy__complex64_complex64
16612579659,20223,321017,103,1,1,128,1,1,16,0.000,0.000,,,,,NVIDIA A100-SXM4-40GB MIG 4g.20gb (0),1,,13,cupy_copy__complex64_complex64
16612786664,6048,321024,35,1,1,128,1,1,16,0.000,0.000,,,,,NVIDIA A100-SXM4-40GB MIG 4g.20gb (0),1,,13,cupy_copy__complex64_complex64
16613007046,5312,321031,1,1,1,1,1,1,18,0.000,0.000,,,,,NVIDIA A100-SXM4-40GB MIG 4g.20gb (0),1,,13,cupy_copy__float32_float32
16613155716,334108,321042,1,1,1,32,32,1,30,0.000,0.000,,,,,NVIDIA A100-SXM4-40GB MIG 4g.20gb (0),1,,13,"void convert_kernel<__half2, float2>(tensor_layout_any, T1 *, tensor_layout_any, const T2 *)"
16613519872,6368,321045,,,,,,,,,,0.094,14713.551,Pinned,Device,NVIDIA A100-SXM4-40GB MIG 4g.20gb (0),1,,13,[CUDA memcpy Host-to-Device]
16613680478,6176,321046,,,,,,,,,,1.547,250424.718,Device,,NVIDIA A100-SXM4-40GB MIG 4g.20gb (0),1,,13,[CUDA memset]
16613691358,3232,321051,,,,,,,,,,0.031,9683.139,Pinned,Device,NVIDIA A100-SXM4-40GB MIG 4g.20gb (0),1,,13,[CUDA memcpy Host-to-Device]
16613700702,10272,321052,,,,,,,,,,0.197,19140.182,Pinned,Device,NVIDIA A100-SXM4-40GB MIG 4g.20gb (0),1,,13,[CUDA memcpy Host-to-Device]
16613866396,25056,321053,273,1,1,8,4,1,39,0.002,0.000,,,,,NVIDIA A100-SXM4-40GB MIG 4g.20gb (0),1,,13,"void channel_eq::eqMmseCoefCompLowMimoKernel<float, float, float, (unsigned int)4, (unsigned int)1, (unsigned int)4>(const channel_eq::_puschRxChEqStatDescr *, channel_eq::_puschRxChEqCoefCompDynDescr)"
16614056890,14272,321054,273,1,1,12,11,1,51,0.002,0.000,,,,,NVIDIA A100-SXM4-40GB MIG 4g.20gb (0),1,,13,"void channel_eq::eqMmseSoftDemapKernel<float, __half, __half, float, (unsigned int)4, (unsigned short)16383>(channel_eq::_puschRxChEqStatDescr *, channel_eq::_puschRxChEqSoftDemapDynDescr)"
16614137977,707128,321055,1,1,1,32,32,1,30,0.000,0.000,,,,,NVIDIA A100-SXM4-40GB MIG 4g.20gb (0),1,,13,"void convert_kernel<float2, __half2>(tensor_layout_any, T1 *, tensor_layout_any, const T2 *)"
16614873105,19744,321067,2253,1,1,128,1,1,16,0.000,0.000,,,,,NVIDIA A100-SXM4-40GB MIG 4g.20gb (0),1,,13,cupy_copy__float16_float16
16614923248,7552,321076,282,1,1,128,1,1,16,0.000,0.000,,,,,NVIDIA A100-SXM4-40GB MIG 4g.20gb (0),1,,13,cupy_copy__complex64_complex64
16614950640,9120,321085,26,1,1,128,1,1,16,0.000,0.000,,,,,NVIDIA A100-SXM4-40GB MIG 4g.20gb (0),1,,13,cupy_copy__float32_float32
16614989776,12479,321094,103,1,1,128,1,1,16,0.000,0.000,,,,,NVIDIA A100-SXM4-40GB MIG 4g.20gb (0),1,,13,cupy_copy__complex64_complex64
16615051695,20032,321104,1434,1,1,128,1,1,16,0.000,0.000,,,,,NVIDIA A100-SXM4-40GB MIG 4g.20gb (0),1,,13,cupy_copy__complex64_complex64
16615108494,273277,321109,1,1,1,32,32,1,30,0.000,0.000,,,,,NVIDIA A100-SXM4-40GB MIG 4g.20gb (0),1,,13,"void convert_kernel<__half2, float2>(tensor_layout_any, T1 *, tensor_layout_any, const T2 *)"
16615410667,5504,321112,,,,,,,,,,0.094,17023.251,Pinned,Device,NVIDIA A100-SXM4-40GB MIG 4g.20gb (0),1,,13,[CUDA memcpy Host-to-Device]
16615440651,624793,321113,,,,,,,,,,456.561,730498.304,Device,,NVIDIA A100-SXM4-40GB MIG 4g.20gb (0),1,,13,[CUDA memset]
16616073667,59648,321118,,,,,,,,,,1.235,20703.836,Pinned,Device,NVIDIA A100-SXM4-40GB MIG 4g.20gb (0),1,,13,[CUDA memcpy Host-to-Device]
16616139459,13344,321119,,,,,,,,,,0.197,14733.804,Pinned,Device,NVIDIA A100-SXM4-40GB MIG 4g.20gb (0),1,,13,[CUDA memcpy Host-to-Device]
16616271297,23424,321120,69,4,1,48,1,1,76,0.002,0.000,,,,,NVIDIA A100-SXM4-40GB MIG 4g.20gb (0),1,,13,"void ch_est::windowedChEstPreNoDftSOfdmKernel<float, __half, float, (unsigned int)2, (unsigned int)1, (unsigned short)4>(ch_est::puschRxChEstStatDescr_t *, ch_est::puschRxChEstDynDescr_t *)"
16616510015,30207,321121,137,2,1,24,2,1,44,0.001,0.001,,,,,NVIDIA A100-SXM4-40GB MIG 4g.20gb (0),1,,13,"void ch_est::chEstFilterNoDftSOfdmDispatchKernel<float, __half, float, (unsigned int)2>(ch_est::puschRxChEstStatDescr_t *, ch_est::puschRxChEstDynDescr_t *)"
16616753276,17632,321122,137,2,1,24,2,1,44,0.001,0.001,,,,,NVIDIA A100-SXM4-40GB MIG 4g.20gb (0),1,,13,"void ch_est::chEstFilterNoDftSOfdmDispatchKernel<float, __half, float, (unsigned int)2>(ch_est::puschRxChEstStatDescr_t *, ch_est::puschRxChEstDynDescr_t *)"
16616827259,7232,321133,103,1,1,128,1,1,16,0.000,0.000,,,,,NVIDIA A100-SXM4-40GB MIG 4g.20gb (0),1,,13,cupy_copy__complex64_complex64
16616859675,17919,321143,1434,1,1,128,1,1,16,0.000,0.000,,,,,NVIDIA A100-SXM4-40GB MIG 4g.20gb (0),1,,13,cupy_copy__complex64_complex64
16617106488,4640,321150,103,1,1,128,1,1,16,0.000,0.000,,,,,NVIDIA A100-SXM4-40GB MIG 4g.20gb (0),1,,13,cupy_copy__complex64_complex64
16617440692,285501,321157,1,1,1,32,32,1,30,0.000,0.000,,,,,NVIDIA A100-SXM4-40GB MIG 4g.20gb (0),1,,13,"void convert_kernel<__half2, float2>(tensor_layout_any, T1 *, tensor_layout_any, const T2 *)"
16617757104,12672,321160,,,,,,,,,,0.094,7393.926,Pinned,Device,NVIDIA A100-SXM4-40GB MIG 4g.20gb (0),1,,13,[CUDA memcpy Host-to-Device]
16618004462,63039,321161,,,,,,,,,,35.810,568052.761,Device,,NVIDIA A100-SXM4-40GB MIG 4g.20gb (0),1,,13,[CUDA memset]
16618073901,1888,321163,,,,,,,,,,0.000,42.373,Pinned,Device,NVIDIA A100-SXM4-40GB MIG 4g.20gb (0),1,,13,[CUDA memcpy Host-to-Device]
16618083309,12704,321164,,,,,,,,,,0.197,15475.999,Pinned,Device,NVIDIA A100-SXM4-40GB MIG 4g.20gb (0),1,,13,[CUDA memcpy Host-to-Device]
16618478792,33984,321165,273,1,1,48,1,1,40,0.000,0.001,,,,,NVIDIA A100-SXM4-40GB MIG 4g.20gb (0),1,,13,"void pusch_noise_intf_est::noiseIntfEstNoDftSOfdmKernel<float, __half, float, float, (unsigned int)2, (unsigned int)1, (unsigned char)4, (unsigned char)4>(pusch_noise_intf_est::puschRxNoiseIntfEstDynDescr)"
16618899588,10368,321176,35,1,1,128,1,1,16,0.000,0.000,,,,,NVIDIA A100-SXM4-40GB MIG 4g.20gb (0),1,,13,cupy_copy__complex64_complex64
16619285567,3392,321185,1,1,1,1,1,1,18,0.000,0.000,,,,,NVIDIA A100-SXM4-40GB MIG 4g.20gb (0),1,,13,cupy_copy__float32_float32
16619300671,6144,321191,,,,,,,,,,0.000,0.651,Device,Pageable,NVIDIA A100-SXM4-40GB MIG 4g.20gb (0),1,,7,[CUDA memcpy Device-to-Host]
16619731290,20960,321202,1434,1,1,128,1,1,16,0.000,0.000,,,,,NVIDIA A100-SXM4-40GB MIG 4g.20gb (0),1,,13,cupy_copy__complex64_complex64
16619916440,20192,321209,103,1,1,128,1,1,16,0.000,0.000,,,,,NVIDIA A100-SXM4-40GB MIG 4g.20gb (0),1,,13,cupy_copy__complex64_complex64
16620001847,10880,321216,35,1,1,128,1,1,16,0.000,0.000,,,,,NVIDIA A100-SXM4-40GB MIG 4g.20gb (0),1,,13,cupy_copy__complex64_complex64
16620176341,4960,321223,1,1,1,1,1,1,18,0.000,0.000,,,,,NVIDIA A100-SXM4-40GB MIG 4g.20gb (0),1,,13,cupy_copy__float32_float32
16620221173,289245,321234,1,1,1,32,32,1,30,0.000,0.000,,,,,NVIDIA A100-SXM4-40GB MIG 4g.20gb (0),1,,13,"void convert_kernel<__half2, float2>(tensor_layout_any, T1 *, tensor_layout_any, const T2 *)"
16620540977,5920,321237,,,,,,,,,,0.094,15826.941,Pinned,Device,NVIDIA A100-SXM4-40GB MIG 4g.20gb (0),1,,13,[CUDA memcpy Host-to-Device]
16620644048,8096,321238,,,,,,,,,,1.547,191034.357,Device,,NVIDIA A100-SXM4-40GB MIG 4g.20gb (0),1,,13,[CUDA memset]
16620656656,7520,321243,,,,,,,,,,0.031,4161.679,Pinned,Device,NVIDIA A100-SXM4-40GB MIG 4g.20gb (0),1,,13,[CUDA memcpy Host-to-Device]
16620667024,12544,321244,,,,,,,,,,0.197,15673.393,Pinned,Device,NVIDIA A100-SXM4-40GB MIG 4g.20gb (0),1,,13,[CUDA memcpy Host-to-Device]
16620859022,21119,321245,273,1,1,8,4,1,39,0.002,0.000,,,,,NVIDIA A100-SXM4-40GB MIG 4g.20gb (0),1,,13,"void channel_eq::eqMmseCoefCompLowMimoKernel<float, float, float, (unsigned int)4, (unsigned int)1, (unsigned int)4>(const channel_eq::_puschRxChEqStatDescr *, channel_eq::_puschRxChEqCoefCompDynDescr)"
16621036364,27455,321246,273,1,1,12,11,1,51,0.002,0.000,,,,,NVIDIA A100-SXM4-40GB MIG 4g.20gb (0),1,,13,"void channel_eq::eqMmseSoftDemapKernel<float, __half, __half, float, (unsigned int)4, (unsigned short)16383>(channel_eq::_puschRxChEqStatDescr *, channel_eq::_puschRxChEqSoftDemapDynDescr)"
16621117259,666456,321247,1,1,1,32,32,1,30,0.000,0.000,,,,,NVIDIA A100-SXM4-40GB MIG 4g.20gb (0),1,,13,"void convert_kernel<float2, __half2>(tensor_layout_any, T1 *, tensor_layout_any, const T2 *)"
16621908034,16672,321259,2253,1,1,128,1,1,16,0.000,0.000,,,,,NVIDIA A100-SXM4-40GB MIG 4g.20gb (0),1,,13,cupy_copy__float16_float16
16622107104,8192,321268,282,1,1,128,1,1,16,0.000,0.000,,,,,NVIDIA A100-SXM4-40GB MIG 4g.20gb (0),1,,13,cupy_copy__complex64_complex64
16622148063,8128,321277,26,1,1,128,1,1,16,0.000,0.000,,,,,NVIDIA A100-SXM4-40GB MIG 4g.20gb (0),1,,13,cupy_copy__float32_float32
16622176703,12416,321286,103,1,1,128,1,1,16,0.000,0.000,,,,,NVIDIA A100-SXM4-40GB MIG 4g.20gb (0),1,,13,cupy_copy__complex64_complex64
16622394364,19744,321302,1434,1,1,128,1,1,16,0.000,0.000,,,,,NVIDIA A100-SXM4-40GB MIG 4g.20gb (0),1,,13,cupy_copy__complex64_complex64
16622595834,311997,321307,1,1,1,32,32,1,30,0.000,0.000,,,,,NVIDIA A100-SXM4-40GB MIG 4g.20gb (0),1,,13,"void convert_kernel<__half2, float2>(tensor_layout_any, T1 *, tensor_layout_any, const T2 *)"
16622937462,12384,321310,,,,,,,,,,0.094,7565.858,Pinned,Device,NVIDIA A100-SXM4-40GB MIG 4g.20gb (0),1,,13,[CUDA memcpy Host-to-Device]
16623064245,621465,321311,,,,,,,,,,456.561,734607.357,Device,,NVIDIA A100-SXM4-40GB MIG 4g.20gb (0),1,,13,[CUDA memset]
16623688142,67295,321316,,,,,,,,,,1.235,18350.033,Pinned,Device,NVIDIA A100-SXM4-40GB MIG 4g.20gb (0),1,,13,[CUDA memcpy Host-to-Device]
16623758445,12800,321317,,,,,,,,,,0.197,15360.000,Pinned,Device,NVIDIA A100-SXM4-40GB MIG 4g.20gb (0),1,,13,[CUDA memcpy Host-to-Device]
16623969131,15136,321318,69,4,1,48,1,1,76,0.002,0.000,,,,,NVIDIA A100-SXM4-40GB MIG 4g.20gb (0),1,,13,"void ch_est::windowedChEstPreNoDftSOfdmKernel<float, __half, float, (unsigned int)2, (unsigned int)1, (unsigned short)4>(ch_est::puschRxChEstStatDescr_t *, ch_est::puschRxChEstDynDescr_t *)"
16624469669,26400,321319,137,2,1,24,2,1,44,0.001,0.001,,,,,NVIDIA A100-SXM4-40GB MIG 4g.20gb (0),1,,13,"void ch_est::chEstFilterNoDftSOfdmDispatchKernel<float, __half, float, (unsigned int)2>(ch_est::puschRxChEstStatDescr_t *, ch_est::puschRxChEstDynDescr_t *)"
16624719234,29120,321320,137,2,1,24,2,1,44,0.001,0.001,,,,,NVIDIA A100-SXM4-40GB MIG 4g.20gb (0),1,,13,"void ch_est::chEstFilterNoDftSOfdmDispatchKernel<float, __half, float, (unsigned int)2>(ch_est::puschRxChEstStatDescr_t *, ch_est::puschRxChEstDynDescr_t *)"
16625201021,6624,321331,103,1,1,128,1,1,16,0.000,0.000,,,,,NVIDIA A100-SXM4-40GB MIG 4g.20gb (0),1,,13,cupy_copy__complex64_complex64
16625503097,24480,321341,1434,1,1,128,1,1,16,0.000,0.000,,,,,NVIDIA A100-SXM4-40GB MIG 4g.20gb (0),1,,13,cupy_copy__complex64_complex64
16625595128,7392,321348,103,1,1,128,1,1,16,0.000,0.000,,,,,NVIDIA A100-SXM4-40GB MIG 4g.20gb (0),1,,13,cupy_copy__complex64_complex64
16625924053,294652,321355,1,1,1,32,32,1,30,0.000,0.000,,,,,NVIDIA A100-SXM4-40GB MIG 4g.20gb (0),1,,13,"void convert_kernel<__half2, float2>(tensor_layout_any, T1 *, tensor_layout_any, const T2 *)"
16626247921,12544,321358,,,,,,,,,,0.094,7469.351,Pinned,Device,NVIDIA A100-SXM4-40GB MIG 4g.20gb (0),1,,13,[CUDA memcpy Host-to-Device]
16626305968,60992,321359,,,,,,,,,,35.810,587103.638,Device,,NVIDIA A100-SXM4-40GB MIG 4g.20gb (0),1,,13,[CUDA memset]
16626375344,1856,321361,,,,,,,,,,0.000,43.103,Pinned,Device,NVIDIA A100-SXM4-40GB MIG 4g.20gb (0),1,,13,[CUDA memcpy Host-to-Device]
16626380144,10048,321362,,,,,,,,,,0.197,19566.821,Pinned,Device,NVIDIA A100-SXM4-40GB MIG 4g.20gb (0),1,,13,[CUDA memcpy Host-to-Device]
16626709260,27488,321363,273,1,1,48,1,1,40,0.000,0.001,,,,,NVIDIA A100-SXM4-40GB MIG 4g.20gb (0),1,,13,"void pusch_noise_intf_est::noiseIntfEstNoDftSOfdmKernel<float, __half, float, float, (unsigned int)2, (unsigned int)1, (unsigned char)4, (unsigned char)4>(pusch_noise_intf_est::puschRxNoiseIntfEstDynDescr)"
16627037064,11264,321374,35,1,1,128,1,1,16,0.000,0.000,,,,,NVIDIA A100-SXM4-40GB MIG 4g.20gb (0),1,,13,cupy_copy__complex64_complex64
16627344581,4480,321383,1,1,1,1,1,1,18,0.000,0.000,,,,,NVIDIA A100-SXM4-40GB MIG 4g.20gb (0),1,,13,cupy_copy__float32_float32
16627349765,1600,321389,,,,,,,,,,0.000,2.500,Device,Pageable,NVIDIA A100-SXM4-40GB MIG 4g.20gb (0),1,,7,[CUDA memcpy Device-to-Host]
16627819359,18048,321400,1434,1,1,128,1,1,16,0.000,0.000,,,,,NVIDIA A100-SXM4-40GB MIG 4g.20gb (0),1,,13,cupy_copy__complex64_complex64
16628279706,9952,321407,103,1,1,128,1,1,16,0.000,0.000,,,,,NVIDIA A100-SXM4-40GB MIG 4g.20gb (0),1,,13,cupy_copy__complex64_complex64
16628514360,6624,321414,35,1,1,128,1,1,16,0.000,0.000,,,,,NVIDIA A100-SXM4-40GB MIG 4g.20gb (0),1,,13,cupy_copy__complex64_complex64
16628563127,4096,321421,1,1,1,1,1,1,18,0.000,0.000,,,,,NVIDIA A100-SXM4-40GB MIG 4g.20gb (0),1,,13,cupy_copy__float32_float32
16628603479,327292,321432,1,1,1,32,32,1,30,0.000,0.000,,,,,NVIDIA A100-SXM4-40GB MIG 4g.20gb (0),1,,13,"void convert_kernel<__half2, float2>(tensor_layout_any, T1 *, tensor_layout_any, const T2 *)"
16628962163,6112,321435,,,,,,,,,,0.094,15329.790,Pinned,Device,NVIDIA A100-SXM4-40GB MIG 4g.20gb (0),1,,13,[CUDA memcpy Host-to-Device]
16629159280,4608,321436,,,,,,,,,,1.547,335637.514,Device,,NVIDIA A100-SXM4-40GB MIG 4g.20gb (0),1,,13,[CUDA memset]
16629167216,4256,321441,,,,,,,,,,0.031,7353.371,Pinned,Device,NVIDIA A100-SXM4-40GB MIG 4g.20gb (0),1,,13,[CUDA memcpy Host-to-Device]
16629177808,10400,321442,,,,,,,,,,0.197,18904.449,Pinned,Device,NVIDIA A100-SXM4-40GB MIG 4g.20gb (0),1,,13,[CUDA memcpy Host-to-Device]
16629371182,32352,321443,273,1,1,8,4,1,39,0.002,0.000,,,,,NVIDIA A100-SXM4-40GB MIG 4g.20gb (0),1,,13,"void channel_eq::eqMmseCoefCompLowMimoKernel<float, float, float, (unsigned int)4, (unsigned int)1, (unsigned int)4>(const channel_eq::_puschRxChEqStatDescr *, channel_eq::_puschRxChEqCoefCompDynDescr)"
16629634731,16032,321444,273,1,1,12,11,1,51,0.002,0.000,,,,,NVIDIA A100-SXM4-40GB MIG 4g.20gb (0),1,,13,"void channel_eq::eqMmseSoftDemapKernel<float, __half, __half, float, (unsigned int)4, (unsigned short)16383>(channel_eq::_puschRxChEqStatDescr *, channel_eq::_puschRxChEqSoftDemapDynDescr)"
16629848553,742903,321445,1,1,1,32,32,1,30,0.000,0.000,,,,,NVIDIA A100-SXM4-40GB MIG 4g.20gb (0),1,,13,"void convert_kernel<float2, __half2>(tensor_layout_any, T1 *, tensor_layout_any, const T2 *)"
16630597440,20032,321457,2253,1,1,128,1,1,16,0.000,0.000,,,,,NVIDIA A100-SXM4-40GB MIG 4g.20gb (0),1,,13,cupy_copy__float16_float16
16630647776,7168,321466,282,1,1,128,1,1,16,0.000,0.000,,,,,NVIDIA A100-SXM4-40GB MIG 4g.20gb (0),1,,13,cupy_copy__complex64_complex64
16630675551,10208,321475,26,1,1,128,1,1,16,0.000,0.000,,,,,NVIDIA A100-SXM4-40GB MIG 4g.20gb (0),1,,13,cupy_copy__float32_float32
16630715039,11296,321484,103,1,1,128,1,1,16,0.000,0.000,,,,,NVIDIA A100-SXM4-40GB MIG 4g.20gb (0),1,,13,cupy_copy__complex64_complex64
16630775294,20640,321494,1434,1,1,128,1,1,16,0.000,0.000,,,,,NVIDIA A100-SXM4-40GB MIG 4g.20gb (0),1,,13,cupy_copy__complex64_complex64
16630891261,292061,321499,1,1,1,32,32,1,30,0.000,0.000,,,,,NVIDIA A100-SXM4-40GB MIG 4g.20gb (0),1,,13,"void convert_kernel<__half2, float2>(tensor_layout_any, T1 *, tensor_layout_any, const T2 *)"
16631213401,5344,321502,,,,,,,,,,0.094,17532.864,Pinned,Device,NVIDIA A100-SXM4-40GB MIG 4g.20gb (0),1,,13,[CUDA memcpy Host-to-Device]
16631454871,614873,321503,,,,,,,,,,456.561,742368.901,Device,,NVIDIA A100-SXM4-40GB MIG 4g.20gb (0),1,,13,[CUDA memset]
16632074864,65119,321508,,,,,,,,,,1.235,18963.800,Pinned,Device,NVIDIA A100-SXM4-40GB MIG 4g.20gb (0),1,,13,[CUDA memcpy Host-to-Device]
16632142671,10816,321509,,,,,,,,,,0.197,18177.393,Pinned,Device,NVIDIA A100-SXM4-40GB MIG 4g.20gb (0),1,,13,[CUDA memcpy Host-to-Device]
16632464491,29856,321510,69,4,1,48,1,1,76,0.002,0.000,,,,,NVIDIA A100-SXM4-40GB MIG 4g.20gb (0),1,,13,"void ch_est::windowedChEstPreNoDftSOfdmKernel<float, __half, float, (unsigned int)2, (unsigned int)1, (unsigned short)4>(ch_est::puschRxChEstStatDescr_t *, ch_est::puschRxChEstDynDescr_t *)"
16632852039,23680,321511,137,2,1,24,2,1,44,0.001,0.001,,,,,NVIDIA A100-SXM4-40GB MIG 4g.20gb (0),1,,13,"void ch_est::chEstFilterNoDftSOfdmDispatchKernel<float, __half, float, (unsigned int)2>(ch_est::puschRxChEstStatDescr_t *, ch_est::puschRxChEstDynDescr_t *)"
16633276194,25952,321512,137,2,1,24,2,1,44,0.001,0.001,,,,,NVIDIA A100-SXM4-40GB MIG 4g.20gb (0),1,,13,"void ch_est::chEstFilterNoDftSOfdmDispatchKernel<float, __half, float, (unsigned int)2>(ch_est::puschRxChEstStatDescr_t *, ch_est::puschRxChEstDynDescr_t *)"
16633500896,8192,321523,103,1,1,128,1,1,16,0.000,0.000,,,,,NVIDIA A100-SXM4-40GB MIG 4g.20gb (0),1,,13,cupy_copy__complex64_complex64
16633738237,20896,321533,1434,1,1,128,1,1,16,0.000,0.000,,,,,NVIDIA A100-SXM4-40GB MIG 4g.20gb (0),1,,13,cupy_copy__complex64_complex64
16634139192,4416,321540,103,1,1,128,1,1,16,0.000,0.000,,,,,NVIDIA A100-SXM4-40GB MIG 4g.20gb (0),1,,13,cupy_copy__complex64_complex64
16634414357,293405,321547,1,1,1,32,32,1,30,0.000,0.000,,,,,NVIDIA A100-SXM4-40GB MIG 4g.20gb (0),1,,13,"void convert_kernel<__half2, float2>(tensor_layout_any, T1 *, tensor_layout_any, const T2 *)"
16634737298,9152,321550,,,,,,,,,,0.094,10237.693,Pinned,Device,NVIDIA A100-SXM4-40GB MIG 4g.20gb (0),1,,13,[CUDA memcpy Host-to-Device]
16635025615,60959,321551,,,,,,,,,,35.810,587425.928,Device,,NVIDIA A100-SXM4-40GB MIG 4g.20gb (0),1,,13,[CUDA memset]
16635091534,1952,321553,,,,,,,,,,0.000,40.984,Pinned,Device,NVIDIA A100-SXM4-40GB MIG 4g.20gb (0),1,,13,[CUDA memcpy Host-to-Device]
16635096238,9792,321554,,,,,,,,,,0.197,20078.395,Pinned,Device,NVIDIA A100-SXM4-40GB MIG 4g.20gb (0),1,,13,[CUDA memcpy Host-to-Device]
16635509321,34144,321555,273,1,1,48,1,1,40,0.000,0.001,,,,,NVIDIA A100-SXM4-40GB MIG 4g.20gb (0),1,,13,"void pusch_noise_intf_est::noiseIntfEstNoDftSOfdmKernel<float, __half, float, float, (unsigned int)2, (unsigned int)1, (unsigned char)4, (unsigned char)4>(pusch_noise_intf_est::puschRxNoiseIntfEstDynDescr)"
16635705575,4480,321566,35,1,1,128,1,1,16,0.000,0.000,,,,,NVIDIA A100-SXM4-40GB MIG 4g.20gb (0),1,,13,cupy_copy__complex64_complex64
16635790982,4224,321575,1,1,1,1,1,1,18,0.000,0.000,,,,,NVIDIA A100-SXM4-40GB MIG 4g.20gb (0),1,,13,cupy_copy__float32_float32
16635800454,3488,321581,,,,,,,,,,0.000,1.147,Device,Pageable,NVIDIA A100-SXM4-40GB MIG 4g.20gb (0),1,,7,[CUDA memcpy Device-to-Host]
16636011811,18976,321592,1434,1,1,128,1,1,16,0.000,0.000,,,,,NVIDIA A100-SXM4-40GB MIG 4g.20gb (0),1,,13,cupy_copy__complex64_complex64
16636194305,6592,321599,103,1,1,128,1,1,16,0.000,0.000,,,,,NVIDIA A100-SXM4-40GB MIG 4g.20gb (0),1,,13,cupy_copy__complex64_complex64
16636238593,11808,321606,35,1,1,128,1,1,16,0.000,0.000,,,,,NVIDIA A100-SXM4-40GB MIG 4g.20gb (0),1,,13,cupy_copy__complex64_complex64
16636272353,5631,321613,1,1,1,1,1,1,18,0.000,0.000,,,,,NVIDIA A100-SXM4-40GB MIG 4g.20gb (0),1,,13,cupy_copy__float32_float32
16636283680,221438,321624,1,1,1,32,32,1,30,0.000,0.000,,,,,NVIDIA A100-SXM4-40GB MIG 4g.20gb (0),1,,13,"void convert_kernel<__half2, float2>(tensor_layout_any, T1 *, tensor_layout_any, const T2 *)"
16636534590,6399,321627,,,,,,,,,,0.094,14642.249,Pinned,Device,NVIDIA A100-SXM4-40GB MIG 4g.20gb (0),1,,13,[CUDA memcpy Host-to-Device]
16636549981,8928,321628,,,,,,,,,,1.547,173232.714,Device,,NVIDIA A100-SXM4-40GB MIG 4g.20gb (0),1,,13,[CUDA memset]
16636566333,3296,321633,,,,,,,,,,0.031,9495.144,Pinned,Device,NVIDIA A100-SXM4-40GB MIG 4g.20gb (0),1,,13,[CUDA memcpy Host-to-Device]
16636572061,10144,321634,,,,,,,,,,0.197,19381.617,Pinned,Device,NVIDIA A100-SXM4-40GB MIG 4g.20gb (0),1,,13,[CUDA memcpy Host-to-Device]
16636592061,37375,321635,273,1,1,8,4,1,39,0.002,0.000,,,,,NVIDIA A100-SXM4-40GB MIG 4g.20gb (0),1,,13,"void channel_eq::eqMmseCoefCompLowMimoKernel<float, float, float, (unsigned int)4, (unsigned int)1, (unsigned int)4>(const channel_eq::_puschRxChEqStatDescr *, channel_eq::_puschRxChEqCoefCompDynDescr)"
16636713148,34047,321636,273,1,1,12,11,1,51,0.002,0.000,,,,,NVIDIA A100-SXM4-40GB MIG 4g.20gb (0),1,,13,"void channel_eq::eqMmseSoftDemapKernel<float, __half, __half, float, (unsigned int)4, (unsigned short)16383>(channel_eq::_puschRxChEqStatDescr *, channel_eq::_puschRxChEqSoftDemapDynDescr)"
16636760091,585689,321637,1,1,1,32,32,1,30,0.000,0.000,,,,,NVIDIA A100-SXM4-40GB MIG 4g.20gb (0),1,,13,"void convert_kernel<float2, __half2>(tensor_layout_any, T1 *, tensor_layout_any, const T2 *)"
16637461267,17184,321649,2253,1,1,128,1,1,16,0.000,0.000,,,,,NVIDIA A100-SXM4-40GB MIG 4g.20gb (0),1,,13,cupy_copy__float16_float16
16637719056,11584,321658,282,1,1,128,1,1,16,0.000,0.000,,,,,NVIDIA A100-SXM4-40GB MIG 4g.20gb (0),1,,13,cupy_copy__complex64_complex64
16637966861,10688,321667,26,1,1,128,1,1,16,0.000,0.000,,,,,NVIDIA A100-SXM4-40GB MIG 4g.20gb (0),1,,13,cupy_copy__float32_float32
16638108140,11648,321676,103,1,1,128,1,1,16,0.000,0.000,,,,,NVIDIA A100-SXM4-40GB MIG 4g.20gb (0),1,,13,cupy_copy__complex64_complex64
16638528423,18400,321686,1434,1,1,128,1,1,16,0.000,0.000,,,,,NVIDIA A100-SXM4-40GB MIG 4g.20gb (0),1,,13,cupy_copy__complex64_complex64
16638836996,312732,321691,1,1,1,32,32,1,30,0.000,0.000,,,,,NVIDIA A100-SXM4-40GB MIG 4g.20gb (0),1,,13,"void convert_kernel<__half2, float2>(tensor_layout_any, T1 *, tensor_layout_any, const T2 *)"
16639181696,6816,321694,,,,,,,,,,0.094,13746.421,Pinned,Device,NVIDIA A100-SXM4-40GB MIG 4g.20gb (0),1,,13,[CUDA memcpy Host-to-Device]
16639420221,609913,321695,,,,,,,,,,456.561,748304.200,Device,,NVIDIA A100-SXM4-40GB MIG 4g.20gb (0),1,,13,[CUDA memset]
16640036502,62976,321700,,,,,,,,,,1.235,19609.676,Pinned,Device,NVIDIA A100-SXM4-40GB MIG 4g.20gb (0),1,,13,[CUDA memcpy Host-to-Device]
16640106133,13856,321701,,,,,,,,,,0.197,14189.199,Pinned,Device,NVIDIA A100-SXM4-40GB MIG 4g.20gb (0),1,,13,[CUDA memcpy Host-to-Device]
16640426482,11936,321702,69,4,1,48,1,1,76,0.002,0.000,,,,,NVIDIA A100-SXM4-40GB MIG 4g.20gb (0),1,,13,"void ch_est::windowedChEstPreNoDftSOfdmKernel<float, __half, float, (unsigned int)2, (unsigned int)1, (unsigned short)4>(ch_est::puschRxChEstStatDescr_t *, ch_est::puschRxChEstDynDescr_t *)"
16640828653,10720,321703,137,2,1,24,2,1,44,0.001,0.001,,,,,NVIDIA A100-SXM4-40GB MIG 4g.20gb (0),1,,13,"void ch_est::chEstFilterNoDftSOfdmDispatchKernel<float, __half, float, (unsigned int)2>(ch_est::puschRxChEstStatDescr_t *, ch_est::puschRxChEstDynDescr_t *)"
16641229929,10784,321704,137,2,1,24,2,1,44,0.001,0.001,,,,,NVIDIA A100-SXM4-40GB MIG 4g.20gb (0),1,,13,"void ch_est::chEstFilterNoDftSOfdmDispatchKernel<float, __half, float, (unsigned int)2>(ch_est::puschRxChEstStatDescr_t *, ch_est::puschRxChEstDynDescr_t *)"
16641629732,4480,321715,103,1,1,128,1,1,16,0.000,0.000,,,,,NVIDIA A100-SXM4-40GB MIG 4g.20gb (0),1,,13,cupy_copy__complex64_complex64
16641919553,18784,321725,1434,1,1,128,1,1,16,0.000,0.000,,,,,NVIDIA A100-SXM4-40GB MIG 4g.20gb (0),1,,13,cupy_copy__complex64_complex64
16642067807,8768,321732,103,1,1,128,1,1,16,0.000,0.000,,,,,NVIDIA A100-SXM4-40GB MIG 4g.20gb (0),1,,13,cupy_copy__complex64_complex64
16642221342,308156,321739,1,1,1,32,32,1,30,0.000,0.000,,,,,NVIDIA A100-SXM4-40GB MIG 4g.20gb (0),1,,13,"void convert_kernel<__half2, float2>(tensor_layout_any, T1 *, tensor_layout_any, const T2 *)"
16642559226,5440,321742,,,,,,,,,,0.094,17223.480,Pinned,Device,NVIDIA A100-SXM4-40GB MIG 4g.20gb (0),1,,13,[CUDA memcpy Host-to-Device]
16642609881,59264,321743,,,,,,,,,,35.810,604220.780,Device,,NVIDIA A100-SXM4-40GB MIG 4g.20gb (0),1,,13,[CUDA memset]
16642673753,1856,321745,,,,,,,,,,0.000,43.103,Pinned,Device,NVIDIA A100-SXM4-40GB MIG 4g.20gb (0),1,,13,[CUDA memcpy Host-to-Device]
16642678073,9439,321746,,,,,,,,,,0.197,20829.241,Pinned,Device,NVIDIA A100-SXM4-40GB MIG 4g.20gb (0),1,,13,[CUDA memcpy Host-to-Device]
16642733208,34592,321747,273,1,1,48,1,1,40,0.000,0.001,,,,,NVIDIA A100-SXM4-40GB MIG 4g.20gb (0),1,,13,"void pusch_noise_intf_est::noiseIntfEstNoDftSOfdmKernel<float, __half, float, float, (unsigned int)2, (unsigned int)1, (unsigned char)4, (unsigned char)4>(pusch_noise_intf_est::puschRxNoiseIntfEstDynDescr)"
16642772215,11072,321758,35,1,1,128,1,1,16,0.000,0.000,,,,,NVIDIA A100-SXM4-40GB MIG 4g.20gb (0),1,,13,cupy_copy__complex64_complex64
16642816663,2784,321767,1,1,1,1,1,1,18,0.000,0.000,,,,,NVIDIA A100-SXM4-40GB MIG 4g.20gb (0),1,,13,cupy_copy__float32_float32
16642821655,1600,321773,,,,,,,,,,0.000,2.500,Device,Pageable,NVIDIA A100-SXM4-40GB MIG 4g.20gb (0),1,,7,[CUDA memcpy Device-to-Host]
16642903926,16384,321784,1434,1,1,128,1,1,16,0.000,0.000,,,,,NVIDIA A100-SXM4-40GB MIG 4g.20gb (0),1,,13,cupy_copy__complex64_complex64
16642941334,9023,321791,103,1,1,128,1,1,16,0.000,0.000,,,,,NVIDIA A100-SXM4-40GB MIG 4g.20gb (0),1,,13,cupy_copy__complex64_complex64
16642988629,9632,321798,35,1,1,128,1,1,16,0.000,0.000,,,,,NVIDIA A100-SXM4-40GB MIG 4g.20gb (0),1,,13,cupy_copy__complex64_complex64
16643032149,4448,321805,1,1,1,1,1,1,18,0.000,0.000,,,,,NVIDIA A100-SXM4-40GB MIG 4g.20gb (0),1,,13,cupy_copy__float32_float32
16643104308,258525,321816,1,1,1,32,32,1,30,0.000,0.000,,,,,NVIDIA A100-SXM4-40GB MIG 4g.20gb (0),1,,13,"void convert_kernel<__half2, float2>(tensor_layout_any, T1 *, tensor_layout_any, const T2 *)"
16643391857,5407,321819,,,,,,,,,,0.094,17328.607,Pinned,Device,NVIDIA A100-SXM4-40GB MIG 4g.20gb (0),1,,13,[CUDA memcpy Host-to-Device]
16643408208,13888,321820,,,,,,,,,,1.547,111363.114,Device,,NVIDIA A100-SXM4-40GB MIG 4g.20gb (0),1,,13,[CUDA memset]
16643423440,3040,321825,,,,,,,,,,0.031,10294.725,Pinned,Device,NVIDIA A100-SXM4-40GB MIG 4g.20gb (0),1,,13,[CUDA memcpy Host-to-Device]
16643429456,9952,321826,,,,,,,,,,0.197,19755.565,Pinned,Device,NVIDIA A100-SXM4-40GB MIG 4g.20gb (0),1,,13,[CUDA memcpy Host-to-Device]
16643452816,40319,321827,273,1,1,8,4,1,39,0.002,0.000,,,,,NVIDIA A100-SXM4-40GB MIG 4g.20gb (0),1,,13,"void channel_eq::eqMmseCoefCompLowMimoKernel<float, float, float, (unsigned int)4, (unsigned int)1, (unsigned int)4>(const channel_eq::_puschRxChEqStatDescr *, channel_eq::_puschRxChEqCoefCompDynDescr)"
16643572686,34464,321828,273,1,1,12,11,1,51,0.002,0.000,,,,,NVIDIA A100-SXM4-40GB MIG 4g.20gb (0),1,,13,"void channel_eq::eqMmseSoftDemapKernel<float, __half, __half, float, (unsigned int)4, (unsigned short)16383>(channel_eq::_puschRxChEqStatDescr *, channel_eq::_puschRxChEqSoftDemapDynDescr)"
16643662093,665273,321829,1,1,1,32,32,1,30,0.000,0.000,,,,,NVIDIA A100-SXM4-40GB MIG 4g.20gb (0),1,,13,"void convert_kernel<float2, __half2>(tensor_layout_any, T1 *, tensor_layout_any, const T2 *)"
16644624515,33727,321841,2253,1,1,128,1,1,16,0.000,0.000,,,,,NVIDIA A100-SXM4-40GB MIG 4g.20gb (0),1,,13,cupy_copy__float16_float16
16644999614,8384,321850,282,1,1,128,1,1,16,0.000,0.000,,,,,NVIDIA A100-SXM4-40GB MIG 4g.20gb (0),1,,13,cupy_copy__complex64_complex64
16645185596,6336,321859,26,1,1,128,1,1,16,0.000,0.000,,,,,NVIDIA A100-SXM4-40GB MIG 4g.20gb (0),1,,13,cupy_copy__float32_float32
16645413658,8384,321868,103,1,1,128,1,1,16,0.000,0.000,,,,,NVIDIA A100-SXM4-40GB MIG 4g.20gb (0),1,,13,cupy_copy__complex64_complex64
16645625303,20160,321878,1434,1,1,128,1,1,16,0.000,0.000,,,,,NVIDIA A100-SXM4-40GB MIG 4g.20gb (0),1,,13,cupy_copy__complex64_complex64
16645997299,275805,321883,1,1,1,32,32,1,30,0.000,0.000,,,,,NVIDIA A100-SXM4-40GB MIG 4g.20gb (0),1,,13,"void convert_kernel<__half2, float2>(tensor_layout_any, T1 *, tensor_layout_any, const T2 *)"
16646302896,6112,321886,,,,,,,,,,0.094,15329.790,Pinned,Device,NVIDIA A100-SXM4-40GB MIG 4g.20gb (0),1,,13,[CUDA memcpy Host-to-Device]
16646676044,618969,321887,,,,,,,,,,456.561,737346.726,Device,,NVIDIA A100-SXM4-40GB MIG 4g.20gb (0),1,,13,[CUDA memset]
16647302981,61247,321892,,,,,,,,,,1.235,20162.931,Pinned,Device,NVIDIA A100-SXM4-40GB MIG 4g.20gb (0),1,,13,[CUDA memcpy Host-to-Device]
16647367876,17376,321893,,,,,,,,,,0.197,11314.790,Pinned,Device,NVIDIA A100-SXM4-40GB MIG 4g.20gb (0),1,,13,[CUDA memcpy Host-to-Device]
16647694304,23424,321894,69,4,1,48,1,1,76,0.002,0.000,,,,,NVIDIA A100-SXM4-40GB MIG 4g.20gb (0),1,,13,"void ch_est::windowedChEstPreNoDftSOfdmKernel<float, __half, float, (unsigned int)2, (unsigned int)1, (unsigned short)4>(ch_est::puschRxChEstStatDescr_t *, ch_est::puschRxChEstDynDescr_t *)"
16648051580,24768,321895,137,2,1,24,2,1,44,0.001,0.001,,,,,NVIDIA A100-SXM4-40GB MIG 4g.20gb (0),1,,13,"void ch_est::chEstFilterNoDftSOfdmDispatchKernel<float, __half, float, (unsigned int)2>(ch_est::puschRxChEstStatDescr_t *, ch_est::puschRxChEstDynDescr_t *)"
16648261082,24480,321896,137,2,1,24,2,1,44,0.001,0.001,,,,,NVIDIA A100-SXM4-40GB MIG 4g.20gb (0),1,,13,"void ch_est::chEstFilterNoDftSOfdmDispatchKernel<float, __half, float, (unsigned int)2>(ch_est::puschRxChEstStatDescr_t *, ch_est::puschRxChEstDynDescr_t *)"
16648623254,4480,321907,103,1,1,128,1,1,16,0.000,0.000,,,,,NVIDIA A100-SXM4-40GB MIG 4g.20gb (0),1,,13,cupy_copy__complex64_complex64
16648899795,18783,321917,1434,1,1,128,1,1,16,0.000,0.000,,,,,NVIDIA A100-SXM4-40GB MIG 4g.20gb (0),1,,13,cupy_copy__complex64_complex64
16649062961,6432,321924,103,1,1,128,1,1,16,0.000,0.000,,,,,NVIDIA A100-SXM4-40GB MIG 4g.20gb (0),1,,13,cupy_copy__complex64_complex64
16649111888,272381,321931,1,1,1,32,32,1,30,0.000,0.000,,,,,NVIDIA A100-SXM4-40GB MIG 4g.20gb (0),1,,13,"void convert_kernel<__half2, float2>(tensor_layout_any, T1 *, tensor_layout_any, const T2 *)"
16649413421,5408,321934,,,,,,,,,,0.094,17325.421,Pinned,Device,NVIDIA A100-SXM4-40GB MIG 4g.20gb (0),1,,13,[CUDA memcpy Host-to-Device]
16649467180,60224,321935,,,,,,,,,,35.810,594587.912,Device,,NVIDIA A100-SXM4-40GB MIG 4g.20gb (0),1,,13,[CUDA memset]
16649532844,5951,321937,,,,,,,,,,0.000,13.443,Pinned,Device,NVIDIA A100-SXM4-40GB MIG 4g.20gb (0),1,,13,[CUDA memcpy Host-to-Device]
16649541227,11968,321938,,,,,,,,,,0.197,16427.778,Pinned,Device,NVIDIA A100-SXM4-40GB MIG 4g.20gb (0),1,,13,[CUDA memcpy Host-to-Device]
16649591787,37023,321939,273,1,1,48,1,1,40,0.000,0.001,,,,,NVIDIA A100-SXM4-40GB MIG 4g.20gb (0),1,,13,"void pusch_noise_intf_est::noiseIntfEstNoDftSOfdmKernel<float, __half, float, float, (unsigned int)2, (unsigned int)1, (unsigned char)4, (unsigned char)4>(pusch_noise_intf_est::puschRxNoiseIntfEstDynDescr)"
16649670506,10624,321950,35,1,1,128,1,1,16,0.000,0.000,,,,,NVIDIA A100-SXM4-40GB MIG 4g.20gb (0),1,,13,cupy_copy__complex64_complex64
16649700810,3008,321959,1,1,1,1,1,1,18,0.000,0.000,,,,,NVIDIA A100-SXM4-40GB MIG 4g.20gb (0),1,,13,cupy_copy__float32_float32
16649705194,1792,321965,,,,,,,,,,0.000,2.232,Device,Pageable,NVIDIA A100-SXM4-40GB MIG 4g.20gb (0),1,,7,[CUDA memcpy Device-to-Host]
16649771305,18144,321976,1434,1,1,128,1,1,16,0.000,0.000,,,,,NVIDIA A100-SXM4-40GB MIG 4g.20gb (0),1,,13,cupy_copy__complex64_complex64
16649827976,5440,321983,103,1,1,128,1,1,16,0.000,0.000,,,,,NVIDIA A100-SXM4-40GB MIG 4g.20gb (0),1,,13,cupy_copy__complex64_complex64
16649860520,8416,321990,35,1,1,128,1,1,16,0.000,0.000,,,,,NVIDIA A100-SXM4-40GB MIG 4g.20gb (0),1,,13,cupy_copy__complex64_complex64
16649913927,3456,321997,1,1,1,1,1,1,18,0.000,0.000,,,,,NVIDIA A100-SXM4-40GB MIG 4g.20gb (0),1,,13,cupy_copy__float32_float32
16650017542,252285,322008,1,1,1,32,32,1,30,0.000,0.000,,,,,NVIDIA A100-SXM4-40GB MIG 4g.20gb (0),1,,13,"void convert_kernel<__half2, float2>(tensor_layout_any, T1 *, tensor_layout_any, const T2 *)"
16650298755,5664,322011,,,,,,,,,,0.094,16542.310,Pinned,Device,NVIDIA A100-SXM4-40GB MIG 4g.20gb (0),1,,13,[CUDA memcpy Host-to-Device]
16650327939,11775,322012,,,,,,,,,,1.547,131347.043,Device,,NVIDIA A100-SXM4-40GB MIG 4g.20gb (0),1,,13,[CUDA memset]
16650341250,11168,322017,,,,,,,,,,0.031,2802.275,Pinned,Device,NVIDIA A100-SXM4-40GB MIG 4g.20gb (0),1,,13,[CUDA memcpy Host-to-Device]
16650355106,13344,322018,,,,,,,,,,0.197,14733.804,Pinned,Device,NVIDIA A100-SXM4-40GB MIG 4g.20gb (0),1,,13,[CUDA memcpy Host-to-Device]
16650377314,11072,322019,273,1,1,8,4,1,39,0.002,0.000,,,,,NVIDIA A100-SXM4-40GB MIG 4g.20gb (0),1,,13,"void channel_eq::eqMmseCoefCompLowMimoKernel<float, float, float, (unsigned int)4, (unsigned int)1, (unsigned int)4>(const channel_eq::_puschRxChEqStatDescr *, channel_eq::_puschRxChEqCoefCompDynDescr)"
16650420450,23391,322020,273,1,1,12,11,1,51,0.002,0.000,,,,,NVIDIA A100-SXM4-40GB MIG 4g.20gb (0),1,,13,"void channel_eq::eqMmseSoftDemapKernel<float, __half, __half, float, (unsigned int)4, (unsigned short)16383>(channel_eq::_puschRxChEqStatDescr *, channel_eq::_puschRxChEqSoftDemapDynDescr)"
16650471457,662585,322021,1,1,1,32,32,1,30,0.000,0.000,,,,,NVIDIA A100-SXM4-40GB MIG 4g.20gb (0),1,,13,"void convert_kernel<float2, __half2>(tensor_layout_any, T1 *, tensor_layout_any, const T2 *)"
16651333303,14464,322033,2253,1,1,128,1,1,16,0.000,0.000,,,,,NVIDIA A100-SXM4-40GB MIG 4g.20gb (0),1,,13,cupy_copy__float16_float16
16651614196,10720,322042,282,1,1,128,1,1,16,0.000,0.000,,,,,NVIDIA A100-SXM4-40GB MIG 4g.20gb (0),1,,13,cupy_copy__complex64_complex64
16651810898,3680,322051,26,1,1,128,1,1,16,0.000,0.000,,,,,NVIDIA A100-SXM4-40GB MIG 4g.20gb (0),1,,13,cupy_copy__float32_float32
16652087215,12992,322060,103,1,1,128,1,1,16,0.000,0.000,,,,,NVIDIA A100-SXM4-40GB MIG 4g.20gb (0),1,,13,cupy_copy__complex64_complex64
16652233133,20544,322070,1434,1,1,128,1,1,16,0.000,0.000,,,,,NVIDIA A100-SXM4-40GB MIG 4g.20gb (0),1,,13,cupy_copy__complex64_complex64
16652595273,277629,322075,1,1,1,32,32,1,30,0.000,0.000,,,,,NVIDIA A100-SXM4-40GB MIG 4g.20gb (0),1,,13,"void convert_kernel<__half2, float2>(tensor_layout_any, T1 *, tensor_layout_any, const T2 *)"
16652905158,12256,322078,,,,,,,,,,0.094,7644.844,Pinned,Device,NVIDIA A100-SXM4-40GB MIG 4g.20gb (0),1,,13,[CUDA memcpy Host-to-Device]
16653237090,618137,322079,,,,,,,,,,456.561,738259.848,Device,,NVIDIA A100-SXM4-40GB MIG 4g.20gb (0),1,,13,[CUDA memset]
16653863291,60703,322084,,,,,,,,,,1.235,20343.233,Pinned,Device,NVIDIA A100-SXM4-40GB MIG 4g.20gb (0),1,,13,[CUDA memcpy Host-to-Device]
16653929754,12992,322085,,,,,,,,,,0.197,15132.918,Pinned,Device,NVIDIA A100-SXM4-40GB MIG 4g.20gb (0),1,,13,[CUDA memcpy Host-to-Device]
16654230263,27967,322086,69,4,1,48,1,1,76,0.002,0.000,,,,,NVIDIA A100-SXM4-40GB MIG 4g.20gb (0),1,,13,"void ch_est::windowedChEstPreNoDftSOfdmKernel<float, __half, float, (unsigned int)2, (unsigned int)1, (unsigned short)4>(ch_est::puschRxChEstStatDescr_t *, ch_est::puschRxChEstDynDescr_t *)"
16654421557,27807,322087,137,2,1,24,2,1,44,0.001,0.001,,,,,NVIDIA A100-SXM4-40GB MIG 4g.20gb (0),1,,13,"void ch_est::chEstFilterNoDftSOfdmDispatchKernel<float, __half, float, (unsigned int)2>(ch_est::puschRxChEstStatDescr_t *, ch_est::puschRxChEstDynDescr_t *)"
16654759665,29375,322088,137,2,1,24,2,1,44,0.001,0.001,,,,,NVIDIA A100-SXM4-40GB MIG 4g.20gb (0),1,,13,"void ch_est::chEstFilterNoDftSOfdmDispatchKernel<float, __half, float, (unsigned int)2>(ch_est::puschRxChEstStatDescr_t *, ch_est::puschRxChEstDynDescr_t *)"
16655103565,4736,322099,103,1,1,128,1,1,16,0.000,0.000,,,,,NVIDIA A100-SXM4-40GB MIG 4g.20gb (0),1,,13,cupy_copy__complex64_complex64
16655367626,20352,322109,1434,1,1,128,1,1,16,0.000,0.000,,,,,NVIDIA A100-SXM4-40GB MIG 4g.20gb (0),1,,13,cupy_copy__complex64_complex64
16655460457,5952,322116,103,1,1,128,1,1,16,0.000,0.000,,,,,NVIDIA A100-SXM4-40GB MIG 4g.20gb (0),1,,13,cupy_copy__complex64_complex64
16655681798,287837,322123,1,1,1,32,32,1,30,0.000,0.000,,,,,NVIDIA A100-SXM4-40GB MIG 4g.20gb (0),1,,13,"void convert_kernel<__half2, float2>(tensor_layout_any, T1 *, tensor_layout_any, const T2 *)"
16655998659,5408,322126,,,,,,,,,,0.094,17325.421,Pinned,Device,NVIDIA A100-SXM4-40GB MIG 4g.20gb (0),1,,13,[CUDA memcpy Host-to-Device]
16656023427,63263,322127,,,,,,,,,,35.810,566047.405,Device,,NVIDIA A100-SXM4-40GB MIG 4g.20gb (0),1,,13,[CUDA memset]
16656093218,2240,322129,,,,,,,,,,0.000,35.714,Pinned,Device,NVIDIA A100-SXM4-40GB MIG 4g.20gb (0),1,,13,[CUDA memcpy Host-to-Device]
16656098146,12800,322130,,,,,,,,,,0.197,15360.000,Pinned,Device,NVIDIA A100-SXM4-40GB MIG 4g.20gb (0),1,,13,[CUDA memcpy Host-to-Device]
16656145985,30272,322131,273,1,1,48,1,1,40,0.000,0.001,,,,,NVIDIA A100-SXM4-40GB MIG 4g.20gb (0),1,,13,"void pusch_noise_intf_est::noiseIntfEstNoDftSOfdmKernel<float, __half, float, float, (unsigned int)2, (unsigned int)1, (unsigned char)4, (unsigned char)4>(pusch_noise_intf_est::puschRxNoiseIntfEstDynDescr)"
16656191969,9504,322142,35,1,1,128,1,1,16,0.000,0.000,,,,,NVIDIA A100-SXM4-40GB MIG 4g.20gb (0),1,,13,cupy_copy__complex64_complex64
16656220960,3840,322151,1,1,1,1,1,1,18,0.000,0.000,,,,,NVIDIA A100-SXM4-40GB MIG 4g.20gb (0),1,,13,cupy_copy__float32_float32
16656230880,1600,322157,,,,,,,,,,0.000,2.500,Device,Pageable,NVIDIA A100-SXM4-40GB MIG 4g.20gb (0),1,,7,[CUDA memcpy Device-to-Host]
16656302687,16832,322168,1434,1,1,128,1,1,16,0.000,0.000,,,,,NVIDIA A100-SXM4-40GB MIG 4g.20gb (0),1,,13,cupy_copy__complex64_complex64
16656356671,6880,322175,103,1,1,128,1,1,16,0.000,0.000,,,,,NVIDIA A100-SXM4-40GB MIG 4g.20gb (0),1,,13,cupy_copy__complex64_complex64
16656389055,8575,322182,35,1,1,128,1,1,16,0.000,0.000,,,,,NVIDIA A100-SXM4-40GB MIG 4g.20gb (0),1,,13,cupy_copy__complex64_complex64
16656439998,5792,322189,1,1,1,1,1,1,18,0.000,0.000,,,,,NVIDIA A100-SXM4-40GB MIG 4g.20gb (0),1,,13,cupy_copy__float32_float32
16656538397,250301,322200,1,1,1,32,32,1,30,0.000,0.000,,,,,NVIDIA A100-SXM4-40GB MIG 4g.20gb (0),1,,13,"void convert_kernel<__half2, float2>(tensor_layout_any, T1 *, tensor_layout_any, const T2 *)"
16656818202,5856,322203,,,,,,,,,,0.094,15999.997,Pinned,Device,NVIDIA A100-SXM4-40GB MIG 4g.20gb (0),1,,13,[CUDA memcpy Host-to-Device]
16656837273,10784,322204,,,,,,,,,,1.547,143416.897,Device,,NVIDIA A100-SXM4-40GB MIG 4g.20gb (0),1,,13,[CUDA memset]
16656853241,3104,322209,,,,,,,,,,0.031,10082.445,Pinned,Device,NVIDIA A100-SXM4-40GB MIG 4g.20gb (0),1,,13,[CUDA memcpy Host-to-Device]
16656863321,9504,322210,,,,,,,,,,0.197,20686.701,Pinned,Device,NVIDIA A100-SXM4-40GB MIG 4g.20gb (0),1,,13,[CUDA memcpy Host-to-Device]
16656978456,30176,322211,273,1,1,8,4,1,39,0.002,0.000,,,,,NVIDIA A100-SXM4-40GB MIG 4g.20gb (0),1,,13,"void channel_eq::eqMmseCoefCompLowMimoKernel<float, float, float, (unsigned int)4, (unsigned int)1, (unsigned int)4>(const channel_eq::_puschRxChEqStatDescr *, channel_eq::_puschRxChEqCoefCompDynDescr)"
16657204885,19328,322212,273,1,1,12,11,1,51,0.002,0.000,,,,,NVIDIA A100-SXM4-40GB MIG 4g.20gb (0),1,,13,"void channel_eq::eqMmseSoftDemapKernel<float, __half, __half, float, (unsigned int)4, (unsigned short)16383>(channel_eq::_puschRxChEqStatDescr *, channel_eq::_puschRxChEqSoftDemapDynDescr)"
16657404787,773111,322213,1,1,1,32,32,1,30,0.000,0.000,,,,,NVIDIA A100-SXM4-40GB MIG 4g.20gb (0),1,,13,"void convert_kernel<float2, __half2>(tensor_layout_any, T1 *, tensor_layout_any, const T2 *)"
16658316713,19424,322225,2253,1,1,128,1,1,16,0.000,0.000,,,,,NVIDIA A100-SXM4-40GB MIG 4g.20gb (0),1,,13,cupy_copy__float16_float16
16658549670,10112,322234,282,1,1,128,1,1,16,0.000,0.000,,,,,NVIDIA A100-SXM4-40GB MIG 4g.20gb (0),1,,13,cupy_copy__complex64_complex64
16658888386,5344,322243,26,1,1,128,1,1,16,0.000,0.000,,,,,NVIDIA A100-SXM4-40GB MIG 4g.20gb (0),1,,13,cupy_copy__float32_float32
16659142272,5408,322252,103,1,1,128,1,1,16,0.000,0.000,,,,,NVIDIA A100-SXM4-40GB MIG 4g.20gb (0),1,,13,cupy_copy__complex64_complex64
16659561851,18368,322262,1434,1,1,128,1,1,16,0.000,0.000,,,,,NVIDIA A100-SXM4-40GB MIG 4g.20gb (0),1,,13,cupy_copy__complex64_complex64
16659853752,241053,322267,1,1,1,32,32,1,30,0.000,0.000,,,,,NVIDIA A100-SXM4-40GB MIG 4g.20gb (0),1,,13,"void convert_kernel<__half2, float2>(tensor_layout_any, T1 *, tensor_layout_any, const T2 *)"
16660125237,5855,322270,,,,,,,,,,0.094,16002.715,Pinned,Device,NVIDIA A100-SXM4-40GB MIG 4g.20gb (0),1,,13,[CUDA memcpy Host-to-Device]
16660181076,619417,322271,,,,,,,,,,456.561,736890.164,Device,,NVIDIA A100-SXM4-40GB MIG 4g.20gb (0),1,,13,[CUDA memset]
16660802061,64575,322276,,,,,,,,,,1.235,19123.108,Pinned,Device,NVIDIA A100-SXM4-40GB MIG 4g.20gb (0),1,,13,[CUDA memcpy Host-to-Device]
16660869388,12544,322277,,,,,,,,,,0.197,15673.393,Pinned,Device,NVIDIA A100-SXM4-40GB MIG 4g.20gb (0),1,,13,[CUDA memcpy Host-to-Device]
16661080810,17760,322278,69,4,1,48,1,1,76,0.002,0.000,,,,,NVIDIA A100-SXM4-40GB MIG 4g.20gb (0),1,,13,"void ch_est::windowedChEstPreNoDftSOfdmKernel<float, __half, float, (unsigned int)2, (unsigned int)1, (unsigned short)4>(ch_est::puschRxChEstStatDescr_t *, ch_est::puschRxChEstDynDescr_t *)"
16661321127,25536,322279,137,2,1,24,2,1,44,0.001,0.001,,,,,NVIDIA A100-SXM4-40GB MIG 4g.20gb (0),1,,13,"void ch_est::chEstFilterNoDftSOfdmDispatchKernel<float, __half, float, (unsigned int)2>(ch_est::puschRxChEstStatDescr_t *, ch_est::puschRxChEstDynDescr_t *)"
16661543109,12703,322280,137,2,1,24,2,1,44,0.001,0.001,,,,,NVIDIA A100-SXM4-40GB MIG 4g.20gb (0),1,,13,"void ch_est::chEstFilterNoDftSOfdmDispatchKernel<float, __half, float, (unsigned int)2>(ch_est::puschRxChEstStatDescr_t *, ch_est::puschRxChEstDynDescr_t *)"
16661663107,6720,322291,103,1,1,128,1,1,16,0.000,0.000,,,,,NVIDIA A100-SXM4-40GB MIG 4g.20gb (0),1,,13,cupy_copy__complex64_complex64
16661898625,29247,322301,1434,1,1,128,1,1,16,0.000,0.000,,,,,NVIDIA A100-SXM4-40GB MIG 4g.20gb (0),1,,13,cupy_copy__complex64_complex64
16662129886,9696,322308,103,1,1,128,1,1,16,0.000,0.000,,,,,NVIDIA A100-SXM4-40GB MIG 4g.20gb (0),1,,13,cupy_copy__complex64_complex64
16662318908,249437,322315,1,1,1,32,32,1,30,0.000,0.000,,,,,NVIDIA A100-SXM4-40GB MIG 4g.20gb (0),1,,13,"void convert_kernel<__half2, float2>(tensor_layout_any, T1 *, tensor_layout_any, const T2 *)"
16662599033,9408,322318,,,,,,,,,,0.094,9959.135,Pinned,Device,NVIDIA A100-SXM4-40GB MIG 4g.20gb (0),1,,13,[CUDA memcpy Host-to-Device]
16662819126,60544,322319,,,,,,,,,,35.810,591436.639,Device,,NVIDIA A100-SXM4-40GB MIG 4g.20gb (0),1,,13,[CUDA memset]
16662885334,1856,322321,,,,,,,,,,0.000,43.103,Pinned,Device,NVIDIA A100-SXM4-40GB MIG 4g.20gb (0),1,,13,[CUDA memcpy Host-to-Device]
16662889877,11616,322322,,,,,,,,,,0.197,16925.590,Pinned,Device,NVIDIA A100-SXM4-40GB MIG 4g.20gb (0),1,,13,[CUDA memcpy Host-to-Device]
16663126547,29440,322323,273,1,1,48,1,1,40,0.000,0.001,,,,,NVIDIA A100-SXM4-40GB MIG 4g.20gb (0),1,,13,"void pusch_noise_intf_est::noiseIntfEstNoDftSOfdmKernel<float, __half, float, float, (unsigned int)2, (unsigned int)1, (unsigned char)4, (unsigned char)4>(pusch_noise_intf_est::puschRxNoiseIntfEstDynDescr)"
16663381616,8288,322334,35,1,1,128,1,1,16,0.000,0.000,,,,,NVIDIA A100-SXM4-40GB MIG 4g.20gb (0),1,,13,cupy_copy__complex64_complex64
16663606765,4704,322343,1,1,1,1,1,1,18,0.000,0.000,,,,,NVIDIA A100-SXM4-40GB MIG 4g.20gb (0),1,,13,cupy_copy__float32_float32
16663617101,5504,322349,,,,,,,,,,0.000,0.727,Device,Pageable,NVIDIA A100-SXM4-40GB MIG 4g.20gb (0),1,,7,[CUDA memcpy Device-to-Host]
16663885130,20736,322360,1434,1,1,128,1,1,16,0.000,0.000,,,,,NVIDIA A100-SXM4-40GB MIG 4g.20gb (0),1,,13,cupy_copy__complex64_complex64
16664119112,6016,322367,103,1,1,128,1,1,16,0.000,0.000,,,,,NVIDIA A100-SXM4-40GB MIG 4g.20gb (0),1,,13,cupy_copy__complex64_complex64
16664374661,3680,322374,35,1,1,128,1,1,16,0.000,0.000,,,,,NVIDIA A100-SXM4-40GB MIG 4g.20gb (0),1,,13,cupy_copy__complex64_complex64
16664644802,4640,322381,1,1,1,1,1,1,18,0.000,0.000,,,,,NVIDIA A100-SXM4-40GB MIG 4g.20gb (0),1,,13,cupy_copy__float32_float32
16664893535,293789,322392,1,1,1,32,32,1,30,0.000,0.000,,,,,NVIDIA A100-SXM4-40GB MIG 4g.20gb (0),1,,13,"void convert_kernel<__half2, float2>(tensor_layout_any, T1 *, tensor_layout_any, const T2 *)"
16665217179,6016,322395,,,,,,,,,,0.094,15574.430,Pinned,Device,NVIDIA A100-SXM4-40GB MIG 4g.20gb (0),1,,13,[CUDA memcpy Host-to-Device]
16665242363,11872,322396,,,,,,,,,,1.547,130273.686,Device,,NVIDIA A100-SXM4-40GB MIG 4g.20gb (0),1,,13,[CUDA memset]
16665257819,3072,322401,,,,,,,,,,0.031,10187.474,Pinned,Device,NVIDIA A100-SXM4-40GB MIG 4g.20gb (0),1,,13,[CUDA memcpy Host-to-Device]
16665268795,14304,322402,,,,,,,,,,0.197,13744.865,Pinned,Device,NVIDIA A100-SXM4-40GB MIG 4g.20gb (0),1,,13,[CUDA memcpy Host-to-Device]
16665309114,25600,322403,273,1,1,8,4,1,39,0.002,0.000,,,,,NVIDIA A100-SXM4-40GB MIG 4g.20gb (0),1,,13,"void channel_eq::eqMmseCoefCompLowMimoKernel<float, float, float, (unsigned int)4, (unsigned int)1, (unsigned int)4>(const channel_eq::_puschRxChEqStatDescr *, channel_eq::_puschRxChEqCoefCompDynDescr)"
16665357146,33951,322404,273,1,1,12,11,1,51,0.002,0.000,,,,,NVIDIA A100-SXM4-40GB MIG 4g.20gb (0),1,,13,"void channel_eq::eqMmseSoftDemapKernel<float, __half, __half, float, (unsigned int)4, (unsigned short)16383>(channel_eq::_puschRxChEqStatDescr *, channel_eq::_puschRxChEqSoftDemapDynDescr)"
16665404409,600441,322405,1,1,1,32,32,1,30,0.000,0.000,,,,,NVIDIA A100-SXM4-40GB MIG 4g.20gb (0),1,,13,"void convert_kernel<float2, __half2>(tensor_layout_any, T1 *, tensor_layout_any, const T2 *)"
16666039730,15744,322417,2253,1,1,128,1,1,16,0.000,0.000,,,,,NVIDIA A100-SXM4-40GB MIG 4g.20gb (0),1,,13,cupy_copy__float16_float16
16666079250,8960,322426,282,1,1,128,1,1,16,0.000,0.000,,,,,NVIDIA A100-SXM4-40GB MIG 4g.20gb (0),1,,13,cupy_copy__complex64_complex64
16666116593,6368,322435,26,1,1,128,1,1,16,0.000,0.000,,,,,NVIDIA A100-SXM4-40GB MIG 4g.20gb (0),1,,13,cupy_copy__float32_float32
16666144945,12544,322444,103,1,1,128,1,1,16,0.000,0.000,,,,,NVIDIA A100-SXM4-40GB MIG 4g.20gb (0),1,,13,cupy_copy__complex64_complex64
16666242576,19296,322454,1434,1,1,128,1,1,16,0.000,0.000,,,,,NVIDIA A100-SXM4-40GB MIG 4g.20gb (0),1,,13,cupy_copy__complex64_complex64
16666289583,308573,322459,1,1,1,32,32,1,30,0.000,0.000,,,,,NVIDIA A100-SXM4-40GB MIG 4g.20gb (0),1,,13,"void convert_kernel<__half2, float2>(tensor_layout_any, T1 *, tensor_layout_any, const T2 *)"
16666628011,5376,322462,,,,,,,,,,0.094,17428.487,Pinned,Device,NVIDIA A100-SXM4-40GB MIG 4g.20gb (0),1,,13,[CUDA memcpy Host-to-Device]
16666660395,619481,322463,,,,,,,,,,456.561,736890.164,Device,,NVIDIA A100-SXM4-40GB MIG 4g.20gb (0),1,,13,[CUDA memset]
16667287780,65055,322468,,,,,,,,,,1.235,18982.324,Pinned,Device,NVIDIA A100-SXM4-40GB MIG 4g.20gb (0),1,,13,[CUDA memcpy Host-to-Device]
16667356035,12864,322469,,,,,,,,,,0.197,15283.519,Pinned,Device,NVIDIA A100-SXM4-40GB MIG 4g.20gb (0),1,,13,[CUDA memcpy Host-to-Device]
16667485282,22240,322470,69,4,1,48,1,1,76,0.002,0.000,,,,,NVIDIA A100-SXM4-40GB MIG 4g.20gb (0),1,,13,"void ch_est::windowedChEstPreNoDftSOfdmKernel<float, __half, float, (unsigned int)2, (unsigned int)1, (unsigned short)4>(ch_est::puschRxChEstStatDescr_t *, ch_est::puschRxChEstDynDescr_t *)"
16667700543,22912,322471,137,2,1,24,2,1,44,0.001,0.001,,,,,NVIDIA A100-SXM4-40GB MIG 4g.20gb (0),1,,13,"void ch_est::chEstFilterNoDftSOfdmDispatchKernel<float, __half, float, (unsigned int)2>(ch_est::puschRxChEstStatDescr_t *, ch_est::puschRxChEstDynDescr_t *)"
16668028444,36191,322472,137,2,1,24,2,1,44,0.001,0.001,,,,,NVIDIA A100-SXM4-40GB MIG 4g.20gb (0),1,,13,"void ch_est::chEstFilterNoDftSOfdmDispatchKernel<float, __half, float, (unsigned int)2>(ch_est::puschRxChEstStatDescr_t *, ch_est::puschRxChEstDynDescr_t *)"
16668204346,17024,322483,103,1,1,128,1,1,16,0.000,0.000,,,,,NVIDIA A100-SXM4-40GB MIG 4g.20gb (0),1,,13,cupy_copy__complex64_complex64
16668427287,24224,322493,1434,1,1,128,1,1,16,0.000,0.000,,,,,NVIDIA A100-SXM4-40GB MIG 4g.20gb (0),1,,13,cupy_copy__complex64_complex64
16668814035,6944,322500,103,1,1,128,1,1,16,0.000,0.000,,,,,NVIDIA A100-SXM4-40GB MIG 4g.20gb (0),1,,13,cupy_copy__complex64_complex64
16669033872,283069,322507,1,1,1,32,32,1,30,0.000,0.000,,,,,NVIDIA A100-SXM4-40GB MIG 4g.20gb (0),1,,13,"void convert_kernel<__half2, float2>(tensor_layout_any, T1 *, tensor_layout_any, const T2 *)"
16669348557,9344,322510,,,,,,,,,,0.094,10027.346,Pinned,Device,NVIDIA A100-SXM4-40GB MIG 4g.20gb (0),1,,13,[CUDA memcpy Host-to-Device]
16669620010,58079,322511,,,,,,,,,,35.810,616539.393,Device,,NVIDIA A100-SXM4-40GB MIG 4g.20gb (0),1,,13,[CUDA memset]
16669680841,2144,322513,,,,,,,,,,0.000,37.313,Pinned,Device,NVIDIA A100-SXM4-40GB MIG 4g.20gb (0),1,,13,[CUDA memcpy Host-to-Device]
16669685417,12160,322514,,,,,,,,,,0.197,16168.255,Pinned,Device,NVIDIA A100-SXM4-40GB MIG 4g.20gb (0),1,,13,[CUDA memcpy Host-to-Device]
16670040005,28096,322515,273,1,1,48,1,1,40,0.000,0.001,,,,,NVIDIA A100-SXM4-40GB MIG 4g.20gb (0),1,,13,"void pusch_noise_intf_est::noiseIntfEstNoDftSOfdmKernel<float, __half, float, float, (unsigned int)2, (unsigned int)1, (unsigned char)4, (unsigned char)4>(pusch_noise_intf_est::puschRxNoiseIntfEstDynDescr)"
16670411425,10464,322526,35,1,1,128,1,1,16,0.000,0.000,,,,,NVIDIA A100-SXM4-40GB MIG 4g.20gb (0),1,,13,cupy_copy__complex64_complex64
16670732733,5184,322535,1,1,1,1,1,1,18,0.000,0.000,,,,,NVIDIA A100-SXM4-40GB MIG 4g.20gb (0),1,,13,cupy_copy__float32_float32
16670748157,1408,322541,,,,,,,,,,0.000,2.841,Device,Pageable,NVIDIA A100-SXM4-40GB MIG 4g.20gb (0),1,,7,[CUDA memcpy Device-to-Host]
16671138585,18592,322552,1434,1,1,128,1,1,16,0.000,0.000,,,,,NVIDIA A100-SXM4-40GB MIG 4g.20gb (0),1,,13,cupy_copy__complex64_complex64
16671333015,6464,322559,103,1,1,128,1,1,16,0.000,0.000,,,,,NVIDIA A100-SXM4-40GB MIG 4g.20gb (0),1,,13,cupy_copy__complex64_complex64
16671373270,10048,322566,35,1,1,128,1,1,16,0.000,0.000,,,,,NVIDIA A100-SXM4-40GB MIG 4g.20gb (0),1,,13,cupy_copy__complex64_complex64
16671404758,8800,322573,1,1,1,1,1,1,18,0.000,0.000,,,,,NVIDIA A100-SXM4-40GB MIG 4g.20gb (0),1,,13,cupy_copy__float32_float32
16671453717,258301,322584,1,1,1,32,32,1,30,0.000,0.000,,,,,NVIDIA A100-SXM4-40GB MIG 4g.20gb (0),1,,13,"void convert_kernel<__half2, float2>(tensor_layout_any, T1 *, tensor_layout_any, const T2 *)"
16671742322,5792,322587,,,,,,,,,,0.094,16176.708,Pinned,Device,NVIDIA A100-SXM4-40GB MIG 4g.20gb (0),1,,13,[CUDA memcpy Host-to-Device]
16671776594,8320,322588,,,,,,,,,,1.547,185891.832,Device,,NVIDIA A100-SXM4-40GB MIG 4g.20gb (0),1,,13,[CUDA memset]
16671790258,6815,322593,,,,,,,,,,0.031,4592.219,Pinned,Device,NVIDIA A100-SXM4-40GB MIG 4g.20gb (0),1,,13,[CUDA memcpy Host-to-Device]
16671799569,16064,322594,,,,,,,,,,0.197,12238.848,Pinned,Device,NVIDIA A100-SXM4-40GB MIG 4g.20gb (0),1,,13,[CUDA memcpy Host-to-Device]
16671844209,35232,322595,273,1,1,8,4,1,39,0.002,0.000,,,,,NVIDIA A100-SXM4-40GB MIG 4g.20gb (0),1,,13,"void channel_eq::eqMmseCoefCompLowMimoKernel<float, float, float, (unsigned int)4, (unsigned int)1, (unsigned int)4>(const channel_eq::_puschRxChEqStatDescr *, channel_eq::_puschRxChEqCoefCompDynDescr)"
16671962896,33375,322596,273,1,1,12,11,1,51,0.002,0.000,,,,,NVIDIA A100-SXM4-40GB MIG 4g.20gb (0),1,,13,"void channel_eq::eqMmseSoftDemapKernel<float, __half, __half, float, (unsigned int)4, (unsigned short)16383>(channel_eq::_puschRxChEqStatDescr *, channel_eq::_puschRxChEqSoftDemapDynDescr)"
16672011279,567098,322597,1,1,1,32,32,1,30,0.000,0.000,,,,,NVIDIA A100-SXM4-40GB MIG 4g.20gb (0),1,,13,"void convert_kernel<float2, __half2>(tensor_layout_any, T1 *, tensor_layout_any, const T2 *)"
16672607784,18944,322609,2253,1,1,128,1,1,16,0.000,0.000,,,,,NVIDIA A100-SXM4-40GB MIG 4g.20gb (0),1,,13,cupy_copy__float16_float16
16672657192,7456,322618,282,1,1,128,1,1,16,0.000,0.000,,,,,NVIDIA A100-SXM4-40GB MIG 4g.20gb (0),1,,13,cupy_copy__complex64_complex64
16672685255,7584,322627,26,1,1,128,1,1,16,0.000,0.000,,,,,NVIDIA A100-SXM4-40GB MIG 4g.20gb (0),1,,13,cupy_copy__float32_float32
16672724167,10272,322636,103,1,1,128,1,1,16,0.000,0.000,,,,,NVIDIA A100-SXM4-40GB MIG 4g.20gb (0),1,,13,cupy_copy__complex64_complex64
16672784934,19968,322646,1434,1,1,128,1,1,16,0.000,0.000,,,,,NVIDIA A100-SXM4-40GB MIG 4g.20gb (0),1,,13,cupy_copy__complex64_complex64
16672844070,244349,322651,1,1,1,32,32,1,30,0.000,0.000,,,,,NVIDIA A100-SXM4-40GB MIG 4g.20gb (0),1,,13,"void convert_kernel<__half2, float2>(tensor_layout_any, T1 *, tensor_layout_any, const T2 *)"
16673116611,5376,322654,,,,,,,,,,0.094,17428.487,Pinned,Device,NVIDIA A100-SXM4-40GB MIG 4g.20gb (0),1,,13,[CUDA memcpy Host-to-Device]
16673150498,615513,322655,,,,,,,,,,456.561,741455.779,Device,,NVIDIA A100-SXM4-40GB MIG 4g.20gb (0),1,,13,[CUDA memset]
16673769051,67168,322660,,,,,,,,,,1.235,18385.846,Pinned,Device,NVIDIA A100-SXM4-40GB MIG 4g.20gb (0),1,,13,[CUDA memcpy Host-to-Device]
16673838682,16896,322661,,,,,,,,,,0.197,11636.244,Pinned,Device,NVIDIA A100-SXM4-40GB MIG 4g.20gb (0),1,,13,[CUDA memcpy Host-to-Device]
16673971257,20928,322662,69,4,1,48,1,1,76,0.002,0.000,,,,,NVIDIA A100-SXM4-40GB MIG 4g.20gb (0),1,,13,"void ch_est::windowedChEstPreNoDftSOfdmKernel<float, __half, float, (unsigned int)2, (unsigned int)1, (unsigned short)4>(ch_est::puschRxChEstStatDescr_t *, ch_est::puschRxChEstDynDescr_t *)"
16674103544,25695,322663,137,2,1,24,2,1,44,0.001,0.001,,,,,NVIDIA A100-SXM4-40GB MIG 4g.20gb (0),1,,13,"void ch_est::chEstFilterNoDftSOfdmDispatchKernel<float, __half, float, (unsigned int)2>(ch_est::puschRxChEstStatDescr_t *, ch_est::puschRxChEstDynDescr_t *)"
16674230998,12512,322664,137,2,1,24,2,1,44,0.001,0.001,,,,,NVIDIA A100-SXM4-40GB MIG 4g.20gb (0),1,,13,"void ch_est::chEstFilterNoDftSOfdmDispatchKernel<float, __half, float, (unsigned int)2>(ch_est::puschRxChEstStatDescr_t *, ch_est::puschRxChEstDynDescr_t *)"
16674313653,6880,322675,103,1,1,128,1,1,16,0.000,0.000,,,,,NVIDIA A100-SXM4-40GB MIG 4g.20gb (0),1,,13,cupy_copy__complex64_complex64
16674346165,19168,322685,1434,1,1,128,1,1,16,0.000,0.000,,,,,NVIDIA A100-SXM4-40GB MIG 4g.20gb (0),1,,13,cupy_copy__complex64_complex64
16674474259,6912,322692,103,1,1,128,1,1,16,0.000,0.000,,,,,NVIDIA A100-SXM4-40GB MIG 4g.20gb (0),1,,13,cupy_copy__complex64_complex64
16674622226,283261,322699,1,1,1,32,32,1,30,0.000,0.000,,,,,NVIDIA A100-SXM4-40GB MIG 4g.20gb (0),1,,13,"void convert_kernel<__half2, float2>(tensor_layout_any, T1 *, tensor_layout_any, const T2 *)"
16674942830,9056,322702,,,,,,,,,,0.094,10346.287,Pinned,Device,NVIDIA A100-SXM4-40GB MIG 4g.20gb (0),1,,13,[CUDA memcpy Host-to-Device]
16675135372,66591,322703,,,,,,,,,,35.810,537757.569,Device,,NVIDIA A100-SXM4-40GB MIG 4g.20gb (0),1,,13,[CUDA memset]
16675203147,2400,322705,,,,,,,,,,0.000,33.333,Pinned,Device,NVIDIA A100-SXM4-40GB MIG 4g.20gb (0),1,,13,[CUDA memcpy Host-to-Device]
16675212203,9728,322706,,,,,,,,,,0.197,20210.516,Pinned,Device,NVIDIA A100-SXM4-40GB MIG 4g.20gb (0),1,,13,[CUDA memcpy Host-to-Device]
16675574503,27680,322707,273,1,1,48,1,1,40,0.000,0.001,,,,,NVIDIA A100-SXM4-40GB MIG 4g.20gb (0),1,,13,"void pusch_noise_intf_est::noiseIntfEstNoDftSOfdmKernel<float, __half, float, float, (unsigned int)2, (unsigned int)1, (unsigned char)4, (unsigned char)4>(pusch_noise_intf_est::puschRxNoiseIntfEstDynDescr)"
16675952995,8704,322718,35,1,1,128,1,1,16,0.000,0.000,,,,,NVIDIA A100-SXM4-40GB MIG 4g.20gb (0),1,,13,cupy_copy__complex64_complex64
16676297759,4224,322727,1,1,1,1,1,1,18,0.000,0.000,,,,,NVIDIA A100-SXM4-40GB MIG 4g.20gb (0),1,,13,cupy_copy__float32_float32
16676314687,2240,322733,,,,,,,,,,0.000,1.786,Device,Pageable,NVIDIA A100-SXM4-40GB MIG 4g.20gb (0),1,,7,[CUDA memcpy Device-to-Host]
16676718522,21184,322744,1434,1,1,128,1,1,16,0.000,0.000,,,,,NVIDIA A100-SXM4-40GB MIG 4g.20gb (0),1,,13,cupy_copy__complex64_complex64
16677071126,8320,322751,103,1,1,128,1,1,16,0.000,0.000,,,,,NVIDIA A100-SXM4-40GB MIG 4g.20gb (0),1,,13,cupy_copy__complex64_complex64
16677324723,9440,322758,35,1,1,128,1,1,16,0.000,0.000,,,,,NVIDIA A100-SXM4-40GB MIG 4g.20gb (0),1,,13,cupy_copy__complex64_complex64
16677444498,5056,322765,1,1,1,1,1,1,18,0.000,0.000,,,,,NVIDIA A100-SXM4-40GB MIG 4g.20gb (0),1,,13,cupy_copy__float32_float32
16677681455,244286,322776,1,1,1,32,32,1,30,0.000,0.000,,,,,NVIDIA A100-SXM4-40GB MIG 4g.20gb (0),1,,13,"void convert_kernel<__half2, float2>(tensor_layout_any, T1 *, tensor_layout_any, const T2 *)"
16677954828,5792,322779,,,,,,,,,,0.094,16176.708,Pinned,Device,NVIDIA A100-SXM4-40GB MIG 4g.20gb (0),1,,13,[CUDA memcpy Host-to-Device]
16678014892,8799,322780,,,,,,,,,,1.547,175772.271,Device,,NVIDIA A100-SXM4-40GB MIG 4g.20gb (0),1,,13,[CUDA memset]
16678029419,6336,322785,,,,,,,,,,0.031,4939.385,Pinned,Device,NVIDIA A100-SXM4-40GB MIG 4g.20gb (0),1,,13,[CUDA memcpy Host-to-Device]
16678038507,12704,322786,,,,,,,,,,0.197,15475.999,Pinned,Device,NVIDIA A100-SXM4-40GB MIG 4g.20gb (0),1,,13,[CUDA memcpy Host-to-Device]
16678300424,34496,322787,273,1,1,8,4,1,39,0.002,0.000,,,,,NVIDIA A100-SXM4-40GB MIG 4g.20gb (0),1,,13,"void channel_eq::eqMmseCoefCompLowMimoKernel<float, float, float, (unsigned int)4, (unsigned int)1, (unsigned int)4>(const channel_eq::_puschRxChEqStatDescr *, channel_eq::_puschRxChEqCoefCompDynDescr)"
16678412455,32224,322788,273,1,1,12,11,1,51,0.002,0.000,,,,,NVIDIA A100-SXM4-40GB MIG 4g.20gb (0),1,,13,"void channel_eq::eqMmseSoftDemapKernel<float, __half, __half, float, (unsigned int)4, (unsigned short)16383>(channel_eq::_puschRxChEqStatDescr *, channel_eq::_puschRxChEqSoftDemapDynDescr)"
16678460775,589017,322789,1,1,1,32,32,1,30,0.000,0.000,,,,,NVIDIA A100-SXM4-40GB MIG 4g.20gb (0),1,,13,"void convert_kernel<float2, __half2>(tensor_layout_any, T1 *, tensor_layout_any, const T2 *)"
16679095199,16768,322801,2253,1,1,128,1,1,16,0.000,0.000,,,,,NVIDIA A100-SXM4-40GB MIG 4g.20gb (0),1,,13,cupy_copy__float16_float16
16679135519,10560,322810,282,1,1,128,1,1,16,0.000,0.000,,,,,NVIDIA A100-SXM4-40GB MIG 4g.20gb (0),1,,13,cupy_copy__complex64_complex64
16679172671,6656,322819,26,1,1,128,1,1,16,0.000,0.000,,,,,NVIDIA A100-SXM4-40GB MIG 4g.20gb (0),1,,13,cupy_copy__float32_float32
16679200926,11776,322828,103,1,1,128,1,1,16,0.000,0.000,,,,,NVIDIA A100-SXM4-40GB MIG 4g.20gb (0),1,,13,cupy_copy__complex64_complex64
16679302685,18976,322838,1434,1,1,128,1,1,16,0.000,0.000,,,,,NVIDIA A100-SXM4-40GB MIG 4g.20gb (0),1,,13,cupy_copy__complex64_complex64
16679348829,319484,322843,1,1,1,32,32,1,30,0.000,0.000,,,,,NVIDIA A100-SXM4-40GB MIG 4g.20gb (0),1,,13,"void convert_kernel<__half2, float2>(tensor_layout_any, T1 *, tensor_layout_any, const T2 *)"
16679699129,14144,322846,,,,,,,,,,0.094,6624.401,Pinned,Device,NVIDIA A100-SXM4-40GB MIG 4g.20gb (0),1,,13,[CUDA memcpy Host-to-Device]
16679810199,618521,322847,,,,,,,,,,456.561,737803.287,Device,,NVIDIA A100-SXM4-40GB MIG 4g.20gb (0),1,,13,[CUDA memset]
16680434864,60544,322852,,,,,,,,,,1.235,20396.335,Pinned,Device,NVIDIA A100-SXM4-40GB MIG 4g.20gb (0),1,,13,[CUDA memcpy Host-to-Device]
16680497936,12768,322853,,,,,,,,,,0.197,15398.339,Pinned,Device,NVIDIA A100-SXM4-40GB MIG 4g.20gb (0),1,,13,[CUDA memcpy Host-to-Device]
16680680238,22975,322854,69,4,1,48,1,1,76,0.002,0.000,,,,,NVIDIA A100-SXM4-40GB MIG 4g.20gb (0),1,,13,"void ch_est::windowedChEstPreNoDftSOfdmKernel<float, __half, float, (unsigned int)2, (unsigned int)1, (unsigned short)4>(ch_est::puschRxChEstStatDescr_t *, ch_est::puschRxChEstDynDescr_t *)"
16681274247,30656,322855,137,2,1,24,2,1,44,0.001,0.001,,,,,NVIDIA A100-SXM4-40GB MIG 4g.20gb (0),1,,13,"void ch_est::chEstFilterNoDftSOfdmDispatchKernel<float, __half, float, (unsigned int)2>(ch_est::puschRxChEstStatDescr_t *, ch_est::puschRxChEstDynDescr_t *)"
16681489413,9951,322856,137,2,1,24,2,1,44,0.001,0.001,,,,,NVIDIA A100-SXM4-40GB MIG 4g.20gb (0),1,,13,"void ch_est::chEstFilterNoDftSOfdmDispatchKernel<float, __half, float, (unsigned int)2>(ch_est::puschRxChEstStatDescr_t *, ch_est::puschRxChEstDynDescr_t *)"
16681974207,8896,322867,103,1,1,128,1,1,16,0.000,0.000,,,,,NVIDIA A100-SXM4-40GB MIG 4g.20gb (0),1,,13,cupy_copy__complex64_complex64
16682131517,19136,322877,1434,1,1,128,1,1,16,0.000,0.000,,,,,NVIDIA A100-SXM4-40GB MIG 4g.20gb (0),1,,13,cupy_copy__complex64_complex64
16682709559,4576,322884,103,1,1,128,1,1,16,0.000,0.000,,,,,NVIDIA A100-SXM4-40GB MIG 4g.20gb (0),1,,13,cupy_copy__complex64_complex64
16683195729,300285,322891,1,1,1,32,32,1,30,0.000,0.000,,,,,NVIDIA A100-SXM4-40GB MIG 4g.20gb (0),1,,13,"void convert_kernel<__half2, float2>(tensor_layout_any, T1 *, tensor_layout_any, const T2 *)"
16683529038,9536,322894,,,,,,,,,,0.094,9825.431,Pinned,Device,NVIDIA A100-SXM4-40GB MIG 4g.20gb (0),1,,13,[CUDA memcpy Host-to-Device]
16683988616,60896,322895,,,,,,,,,,35.810,588034.696,Device,,NVIDIA A100-SXM4-40GB MIG 4g.20gb (0),1,,13,[CUDA memset]
16684056200,1824,322897,,,,,,,,,,0.000,43.860,Pinned,Device,NVIDIA A100-SXM4-40GB MIG 4g.20gb (0),1,,13,[CUDA memcpy Host-to-Device]
16684060424,10112,322898,,,,,,,,,,0.197,19442.958,Pinned,Device,NVIDIA A100-SXM4-40GB MIG 4g.20gb (0),1,,13,[CUDA memcpy Host-to-Device]
16684649793,36768,322899,273,1,1,48,1,1,40,0.000,0.001,,,,,NVIDIA A100-SXM4-40GB MIG 4g.20gb (0),1,,13,"void pusch_noise_intf_est::noiseIntfEstNoDftSOfdmKernel<float, __half, float, float, (unsigned int)2, (unsigned int)1, (unsigned char)4, (unsigned char)4>(pusch_noise_intf_est::puschRxNoiseIntfEstDynDescr)"
16685256538,8160,322910,35,1,1,128,1,1,16,0.000,0.000,,,,,NVIDIA A100-SXM4-40GB MIG 4g.20gb (0),1,,13,cupy_copy__complex64_complex64
16685715381,4448,322919,1,1,1,1,1,1,18,0.000,0.000,,,,,NVIDIA A100-SXM4-40GB MIG 4g.20gb (0),1,,13,cupy_copy__float32_float32
16685727637,1408,322925,,,,,,,,,,0.000,2.841,Device,Pageable,NVIDIA A100-SXM4-40GB MIG 4g.20gb (0),1,,7,[CUDA memcpy Device-to-Host]
16686234191,20128,322936,1434,1,1,128,1,1,16,0.000,0.000,,,,,NVIDIA A100-SXM4-40GB MIG 4g.20gb (0),1,,13,cupy_copy__complex64_complex64
16686699050,10176,322943,103,1,1,128,1,1,16,0.000,0.000,,,,,NVIDIA A100-SXM4-40GB MIG 4g.20gb (0),1,,13,cupy_copy__complex64_complex64
16686731562,9248,322950,35,1,1,128,1,1,16,0.000,0.000,,,,,NVIDIA A100-SXM4-40GB MIG 4g.20gb (0),1,,13,cupy_copy__complex64_complex64
16686782377,4544,322957,1,1,1,1,1,1,18,0.000,0.000,,,,,NVIDIA A100-SXM4-40GB MIG 4g.20gb (0),1,,13,cupy_copy__float32_float32
16686822537,264701,322968,1,1,1,32,32,1,30,0.000,0.000,,,,,NVIDIA A100-SXM4-40GB MIG 4g.20gb (0),1,,13,"void convert_kernel<__half2, float2>(tensor_layout_any, T1 *, tensor_layout_any, const T2 *)"
16687116069,5408,322971,,,,,,,,,,0.094,17325.421,Pinned,Device,NVIDIA A100-SXM4-40GB MIG 4g.20gb (0),1,,13,[CUDA memcpy Host-to-Device]
16687138885,11072,322972,,,,,,,,,,1.547,139686.440,Device,,NVIDIA A100-SXM4-40GB MIG 4g.20gb (0),1,,13,[CUDA memset]
16687151845,11040,322977,,,,,,,,,,0.031,2834.760,Pinned,Device,NVIDIA A100-SXM4-40GB MIG 4g.20gb (0),1,,13,[CUDA memcpy Host-to-Device]
16687175141,12160,322978,,,,,,,,,,0.197,16168.255,Pinned,Device,NVIDIA A100-SXM4-40GB MIG 4g.20gb (0),1,,13,[CUDA memcpy Host-to-Device]
16687235588,25344,322979,273,1,1,8,4,1,39,0.002,0.000,,,,,NVIDIA A100-SXM4-40GB MIG 4g.20gb (0),1,,13,"void channel_eq::eqMmseCoefCompLowMimoKernel<float, float, float, (unsigned int)4, (unsigned int)1, (unsigned int)4>(const channel_eq::_puschRxChEqStatDescr *, channel_eq::_puschRxChEqCoefCompDynDescr)"
16687283107,29824,322980,273,1,1,12,11,1,51,0.002,0.000,,,,,NVIDIA A100-SXM4-40GB MIG 4g.20gb (0),1,,13,"void channel_eq::eqMmseSoftDemapKernel<float, __half, __half, float, (unsigned int)4, (unsigned short)16383>(channel_eq::_puschRxChEqStatDescr *, channel_eq::_puschRxChEqSoftDemapDynDescr)"
16687328387,703640,322981,1,1,1,32,32,1,30,0.000,0.000,,,,,NVIDIA A100-SXM4-40GB MIG 4g.20gb (0),1,,13,"void convert_kernel<float2, __half2>(tensor_layout_any, T1 *, tensor_layout_any, const T2 *)"
16688068187,16671,322993,2253,1,1,128,1,1,16,0.000,0.000,,,,,NVIDIA A100-SXM4-40GB MIG 4g.20gb (0),1,,13,cupy_copy__float16_float16
16688107578,8512,323002,282,1,1,128,1,1,16,0.000,0.000,,,,,NVIDIA A100-SXM4-40GB MIG 4g.20gb (0),1,,13,cupy_copy__complex64_complex64
16688292856,4064,323011,26,1,1,128,1,1,16,0.000,0.000,,,,,NVIDIA A100-SXM4-40GB MIG 4g.20gb (0),1,,13,cupy_copy__float32_float32
16688367127,15520,323020,103,1,1,128,1,1,16,0.000,0.000,,,,,NVIDIA A100-SXM4-40GB MIG 4g.20gb (0),1,,13,cupy_copy__complex64_complex64
16688548725,20416,323030,1434,1,1,128,1,1,16,0.000,0.000,,,,,NVIDIA A100-SXM4-40GB MIG 4g.20gb (0),1,,13,cupy_copy__complex64_complex64
16688754771,344188,323035,1,1,1,32,32,1,30,0.000,0.000,,,,,NVIDIA A100-SXM4-40GB MIG 4g.20gb (0),1,,13,"void convert_kernel<__half2, float2>(tensor_layout_any, T1 *, tensor_layout_any, const T2 *)"
16689128591,5504,323038,,,,,,,,,,0.094,17023.251,Pinned,Device,NVIDIA A100-SXM4-40GB MIG 4g.20gb (0),1,,13,[CUDA memcpy Host-to-Device]
16689548202,620153,323039,,,,,,,,,,456.561,735977.041,Device,,NVIDIA A100-SXM4-40GB MIG 4g.20gb (0),1,,13,[CUDA memset]
16690169475,67263,323044,,,,,,,,,,1.235,18359.912,Pinned,Device,NVIDIA A100-SXM4-40GB MIG 4g.20gb (0),1,,13,[CUDA memcpy Host-to-Device]
16690239202,12608,323045,,,,,,,,,,0.197,15593.767,Pinned,Device,NVIDIA A100-SXM4-40GB MIG 4g.20gb (0),1,,13,[CUDA memcpy Host-to-Device]
16690596670,23584,323046,69,4,1,48,1,1,76,0.002,0.000,,,,,NVIDIA A100-SXM4-40GB MIG 4g.20gb (0),1,,13,"void ch_est::windowedChEstPreNoDftSOfdmKernel<float, __half, float, (unsigned int)2, (unsigned int)1, (unsigned short)4>(ch_est::puschRxChEstStatDescr_t *, ch_est::puschRxChEstDynDescr_t *)"
16690793244,29312,323047,137,2,1,24,2,1,44,0.001,0.001,,,,,NVIDIA A100-SXM4-40GB MIG 4g.20gb (0),1,,13,"void ch_est::chEstFilterNoDftSOfdmDispatchKernel<float, __half, float, (unsigned int)2>(ch_est::puschRxChEstStatDescr_t *, ch_est::puschRxChEstDynDescr_t *)"
16690996698,22367,323048,137,2,1,24,2,1,44,0.001,0.001,,,,,NVIDIA A100-SXM4-40GB MIG 4g.20gb (0),1,,13,"void ch_est::chEstFilterNoDftSOfdmDispatchKernel<float, __half, float, (unsigned int)2>(ch_est::puschRxChEstStatDescr_t *, ch_est::puschRxChEstDynDescr_t *)"
16691070713,5952,323059,103,1,1,128,1,1,16,0.000,0.000,,,,,NVIDIA A100-SXM4-40GB MIG 4g.20gb (0),1,,13,cupy_copy__complex64_complex64
16691106393,18495,323069,1434,1,1,128,1,1,16,0.000,0.000,,,,,NVIDIA A100-SXM4-40GB MIG 4g.20gb (0),1,,13,cupy_copy__complex64_complex64
16691158456,6016,323076,103,1,1,128,1,1,16,0.000,0.000,,,,,NVIDIA A100-SXM4-40GB MIG 4g.20gb (0),1,,13,cupy_copy__complex64_complex64
16691195320,261277,323083,1,1,1,32,32,1,30,0.000,0.000,,,,,NVIDIA A100-SXM4-40GB MIG 4g.20gb (0),1,,13,"void convert_kernel<__half2, float2>(tensor_layout_any, T1 *, tensor_layout_any, const T2 *)"
16691485012,8992,323086,,,,,,,,,,0.094,10419.838,Pinned,Device,NVIDIA A100-SXM4-40GB MIG 4g.20gb (0),1,,13,[CUDA memcpy Host-to-Device]
16691550324,62623,323087,,,,,,,,,,35.810,571812.803,Device,,NVIDIA A100-SXM4-40GB MIG 4g.20gb (0),1,,13,[CUDA memset]
16691618771,2304,323089,,,,,,,,,,0.000,34.722,Pinned,Device,NVIDIA A100-SXM4-40GB MIG 4g.20gb (0),1,,13,[CUDA memcpy Host-to-Device]
16691623539,9440,323090,,,,,,,,,,0.197,20827.079,Pinned,Device,NVIDIA A100-SXM4-40GB MIG 4g.20gb (0),1,,13,[CUDA memcpy Host-to-Device]
16691677586,35808,323091,273,1,1,48,1,1,40,0.000,0.001,,,,,NVIDIA A100-SXM4-40GB MIG 4g.20gb (0),1,,13,"void pusch_noise_intf_est::noiseIntfEstNoDftSOfdmKernel<float, __half, float, float, (unsigned int)2, (unsigned int)1, (unsigned char)4, (unsigned char)4>(pusch_noise_intf_est::puschRxNoiseIntfEstDynDescr)"
16691754481,9824,323102,35,1,1,128,1,1,16,0.000,0.000,,,,,NVIDIA A100-SXM4-40GB MIG 4g.20gb (0),1,,13,cupy_copy__complex64_complex64
16691787633,5856,323111,1,1,1,1,1,1,18,0.000,0.000,,,,,NVIDIA A100-SXM4-40GB MIG 4g.20gb (0),1,,13,cupy_copy__float32_float32
16691796657,1632,323117,,,,,,,,,,0.000,2.451,Device,Pageable,NVIDIA A100-SXM4-40GB MIG 4g.20gb (0),1,,7,[CUDA memcpy Device-to-Host]
16691873232,19552,323128,1434,1,1,128,1,1,16,0.000,0.000,,,,,NVIDIA A100-SXM4-40GB MIG 4g.20gb (0),1,,13,cupy_copy__complex64_complex64
16691925583,7072,323135,103,1,1,128,1,1,16,0.000,0.000,,,,,NVIDIA A100-SXM4-40GB MIG 4g.20gb (0),1,,13,cupy_copy__complex64_complex64
16691957999,10144,323142,35,1,1,128,1,1,16,0.000,0.000,,,,,NVIDIA A100-SXM4-40GB MIG 4g.20gb (0),1,,13,cupy_copy__complex64_complex64
16692010766,4544,323149,1,1,1,1,1,1,18,0.000,0.000,,,,,NVIDIA A100-SXM4-40GB MIG 4g.20gb (0),1,,13,cupy_copy__float32_float32
16692112173,252669,323160,1,1,1,32,32,1,30,0.000,0.000,,,,,NVIDIA A100-SXM4-40GB MIG 4g.20gb (0),1,,13,"void convert_kernel<__half2, float2>(tensor_layout_any, T1 *, tensor_layout_any, const T2 *)"
16692394186,5408,323163,,,,,,,,,,0.094,17325.421,Pinned,Device,NVIDIA A100-SXM4-40GB MIG 4g.20gb (0),1,,13,[CUDA memcpy Host-to-Device]
16692423402,12832,323164,,,,,,,,,,1.547,120528.408,Device,,NVIDIA A100-SXM4-40GB MIG 4g.20gb (0),1,,13,[CUDA memset]
16692438442,3232,323169,,,,,,,,,,0.031,9683.139,Pinned,Device,NVIDIA A100-SXM4-40GB MIG 4g.20gb (0),1,,13,[CUDA memcpy Host-to-Device]
16692444169,9536,323170,,,,,,,,,,0.197,20617.298,Pinned,Device,NVIDIA A100-SXM4-40GB MIG 4g.20gb (0),1,,13,[CUDA memcpy Host-to-Device]
16692469705,35584,323171,273,1,1,8,4,1,39,0.002,0.000,,,,,NVIDIA A100-SXM4-40GB MIG 4g.20gb (0),1,,13,"void channel_eq::eqMmseCoefCompLowMimoKernel<float, float, float, (unsigned int)4, (unsigned int)1, (unsigned int)4>(const channel_eq::_puschRxChEqStatDescr *, channel_eq::_puschRxChEqCoefCompDynDescr)"
16692589416,31712,323172,273,1,1,12,11,1,51,0.002,0.000,,,,,NVIDIA A100-SXM4-40GB MIG 4g.20gb (0),1,,13,"void channel_eq::eqMmseSoftDemapKernel<float, __half, __half, float, (unsigned int)4, (unsigned short)16383>(channel_eq::_puschRxChEqStatDescr *, channel_eq::_puschRxChEqSoftDemapDynDescr)"
16692636167,658681,323173,1,1,1,32,32,1,30,0.000,0.000,,,,,NVIDIA A100-SXM4-40GB MIG 4g.20gb (0),1,,13,"void convert_kernel<float2, __half2>(tensor_layout_any, T1 *, tensor_layout_any, const T2 *)"
16693413503,16671,323185,2253,1,1,128,1,1,16,0.000,0.000,,,,,NVIDIA A100-SXM4-40GB MIG 4g.20gb (0),1,,13,cupy_copy__float16_float16
16693517789,6400,323194,282,1,1,128,1,1,16,0.000,0.000,,,,,NVIDIA A100-SXM4-40GB MIG 4g.20gb (0),1,,13,cupy_copy__complex64_complex64
16694037208,7776,323203,26,1,1,128,1,1,16,0.000,0.000,,,,,NVIDIA A100-SXM4-40GB MIG 4g.20gb (0),1,,13,cupy_copy__float32_float32
16694236245,13728,323212,103,1,1,128,1,1,16,0.000,0.000,,,,,NVIDIA A100-SXM4-40GB MIG 4g.20gb (0),1,,13,cupy_copy__complex64_complex64
16694742320,24127,323222,1434,1,1,128,1,1,16,0.000,0.000,,,,,NVIDIA A100-SXM4-40GB MIG 4g.20gb (0),1,,13,cupy_copy__complex64_complex64
16695282090,220445,323227,1,1,1,32,32,1,30,0.000,0.000,,,,,NVIDIA A100-SXM4-40GB MIG 4g.20gb (0),1,,13,"void convert_kernel<__half2, float2>(tensor_layout_any, T1 *, tensor_layout_any, const T2 *)"
16695531111,8128,323230,,,,,,,,,,0.094,11527.513,Pinned,Device,NVIDIA A100-SXM4-40GB MIG 4g.20gb (0),1,,13,[CUDA memcpy Host-to-Device]
16695882915,614745,323231,,,,,,,,,,456.561,742368.901,Device,,NVIDIA A100-SXM4-40GB MIG 4g.20gb (0),1,,13,[CUDA memset]
16696500284,60063,323236,,,,,,,,,,1.235,20560.583,Pinned,Device,NVIDIA A100-SXM4-40GB MIG 4g.20gb (0),1,,13,[CUDA memcpy Host-to-Device]
16696562875,13888,323237,,,,,,,,,,0.197,14156.562,Pinned,Device,NVIDIA A100-SXM4-40GB MIG 4g.20gb (0),1,,13,[CUDA memcpy Host-to-Device]
16697014966,21920,323238,69,4,1,48,1,1,76,0.002,0.000,,,,,NVIDIA A100-SXM4-40GB MIG 4g.20gb (0),1,,13,"void ch_est::windowedChEstPreNoDftSOfdmKernel<float, __half, float, (unsigned int)2, (unsigned int)1, (unsigned short)4>(ch_est::puschRxChEstStatDescr_t *, ch_est::puschRxChEstDynDescr_t *)"
16697510161,37471,323239,137,2,1,24,2,1,44,0.001,0.001,,,,,NVIDIA A100-SXM4-40GB MIG 4g.20gb (0),1,,13,"void ch_est::chEstFilterNoDftSOfdmDispatchKernel<float, __half, float, (unsigned int)2>(ch_est::puschRxChEstStatDescr_t *, ch_est::puschRxChEstDynDescr_t *)"
16698003275,17344,323240,137,2,1,24,2,1,44,0.001,0.001,,,,,NVIDIA A100-SXM4-40GB MIG 4g.20gb (0),1,,13,"void ch_est::chEstFilterNoDftSOfdmDispatchKernel<float, __half, float, (unsigned int)2>(ch_est::puschRxChEstStatDescr_t *, ch_est::puschRxChEstDynDescr_t *)"
16698414406,16448,323251,103,1,1,128,1,1,16,0.000,0.000,,,,,NVIDIA A100-SXM4-40GB MIG 4g.20gb (0),1,,13,cupy_copy__complex64_complex64
16698507845,19200,323261,1434,1,1,128,1,1,16,0.000,0.000,,,,,NVIDIA A100-SXM4-40GB MIG 4g.20gb (0),1,,13,cupy_copy__complex64_complex64
16698897249,13792,323268,103,1,1,128,1,1,16,0.000,0.000,,,,,NVIDIA A100-SXM4-40GB MIG 4g.20gb (0),1,,13,cupy_copy__complex64_complex64
16698952384,290589,323275,1,1,1,32,32,1,30,0.000,0.000,,,,,NVIDIA A100-SXM4-40GB MIG 4g.20gb (0),1,,13,"void convert_kernel<__half2, float2>(tensor_layout_any, T1 *, tensor_layout_any, const T2 *)"
16699273661,9184,323278,,,,,,,,,,0.094,10202.089,Pinned,Device,NVIDIA A100-SXM4-40GB MIG 4g.20gb (0),1,,13,[CUDA memcpy Host-to-Device]
16699368860,57183,323279,,,,,,,,,,35.810,626208.071,Device,,NVIDIA A100-SXM4-40GB MIG 4g.20gb (0),1,,13,[CUDA memset]
16699426939,5312,323281,,,,,,,,,,0.000,15.060,Pinned,Device,NVIDIA A100-SXM4-40GB MIG 4g.20gb (0),1,,13,[CUDA memcpy Host-to-Device]
16699434939,13440,323282,,,,,,,,,,0.197,14628.422,Pinned,Device,NVIDIA A100-SXM4-40GB MIG 4g.20gb (0),1,,13,[CUDA memcpy Host-to-Device]
16699491002,33664,323283,273,1,1,48,1,1,40,0.000,0.001,,,,,NVIDIA A100-SXM4-40GB MIG 4g.20gb (0),1,,13,"void pusch_noise_intf_est::noiseIntfEstNoDftSOfdmKernel<float, __half, float, float, (unsigned int)2, (unsigned int)1, (unsigned char)4, (unsigned char)4>(pusch_noise_intf_est::puschRxNoiseIntfEstDynDescr)"
16699567705,10528,323294,35,1,1,128,1,1,16,0.000,0.000,,,,,NVIDIA A100-SXM4-40GB MIG 4g.20gb (0),1,,13,cupy_copy__complex64_complex64
16699597785,5792,323303,1,1,1,1,1,1,18,0.000,0.000,,,,,NVIDIA A100-SXM4-40GB MIG 4g.20gb (0),1,,13,cupy_copy__float32_float32
16699607961,1664,323309,,,,,,,,,,0.000,2.404,Device,Pageable,NVIDIA A100-SXM4-40GB MIG 4g.20gb (0),1,,7,[CUDA memcpy Device-to-Host]
16699674680,18624,323320,1434,1,1,128,1,1,16,0.000,0.000,,,,,NVIDIA A100-SXM4-40GB MIG 4g.20gb (0),1,,13,cupy_copy__complex64_complex64
16699729688,6400,323327,103,1,1,128,1,1,16,0.000,0.000,,,,,NVIDIA A100-SXM4-40GB MIG 4g.20gb (0),1,,13,cupy_copy__complex64_complex64
16699762135,8896,323334,35,1,1,128,1,1,16,0.000,0.000,,,,,NVIDIA A100-SXM4-40GB MIG 4g.20gb (0),1,,13,cupy_copy__complex64_complex64
16699812119,5152,323341,1,1,1,1,1,1,18,0.000,0.000,,,,,NVIDIA A100-SXM4-40GB MIG 4g.20gb (0),1,,13,cupy_copy__float32_float32
16699907158,253085,323352,1,1,1,32,32,1,30,0.000,0.000,,,,,NVIDIA A100-SXM4-40GB MIG 4g.20gb (0),1,,13,"void convert_kernel<__half2, float2>(tensor_layout_any, T1 *, tensor_layout_any, const T2 *)"
16700189522,5568,323355,,,,,,,,,,0.094,16827.521,Pinned,Device,NVIDIA A100-SXM4-40GB MIG 4g.20gb (0),1,,13,[CUDA memcpy Host-to-Device]
16700238418,8128,323356,,,,,,,,,,1.547,190282.697,Device,,NVIDIA A100-SXM4-40GB MIG 4g.20gb (0),1,,13,[CUDA memset]
16700249362,6848,323361,,,,,,,,,,0.031,4570.092,Pinned,Device,NVIDIA A100-SXM4-40GB MIG 4g.20gb (0),1,,13,[CUDA memcpy Host-to-Device]
16700258962,19103,323362,,,,,,,,,,0.197,10291.839,Pinned,Device,NVIDIA A100-SXM4-40GB MIG 4g.20gb (0),1,,13,[CUDA memcpy Host-to-Device]
16700306673,34592,323363,273,1,1,8,4,1,39,0.002,0.000,,,,,NVIDIA A100-SXM4-40GB MIG 4g.20gb (0),1,,13,"void channel_eq::eqMmseCoefCompLowMimoKernel<float, float, float, (unsigned int)4, (unsigned int)1, (unsigned int)4>(const channel_eq::_puschRxChEqStatDescr *, channel_eq::_puschRxChEqCoefCompDynDescr)"
16700428368,37343,323364,273,1,1,12,11,1,51,0.002,0.000,,,,,NVIDIA A100-SXM4-40GB MIG 4g.20gb (0),1,,13,"void channel_eq::eqMmseSoftDemapKernel<float, __half, __half, float, (unsigned int)4, (unsigned short)16383>(channel_eq::_puschRxChEqStatDescr *, channel_eq::_puschRxChEqSoftDemapDynDescr)"
16700584942,788631,323365,1,1,1,32,32,1,30,0.000,0.000,,,,,NVIDIA A100-SXM4-40GB MIG 4g.20gb (0),1,,13,"void convert_kernel<float2, __half2>(tensor_layout_any, T1 *, tensor_layout_any, const T2 *)"
16701653890,19936,323377,2253,1,1,128,1,1,16,0.000,0.000,,,,,NVIDIA A100-SXM4-40GB MIG 4g.20gb (0),1,,13,cupy_copy__float16_float16
16701871200,11295,323386,282,1,1,128,1,1,16,0.000,0.000,,,,,NVIDIA A100-SXM4-40GB MIG 4g.20gb (0),1,,13,cupy_copy__complex64_complex64
16702217372,9760,323395,26,1,1,128,1,1,16,0.000,0.000,,,,,NVIDIA A100-SXM4-40GB MIG 4g.20gb (0),1,,13,cupy_copy__float32_float32
16702567864,5408,323404,103,1,1,128,1,1,16,0.000,0.000,,,,,NVIDIA A100-SXM4-40GB MIG 4g.20gb (0),1,,13,cupy_copy__complex64_complex64
16702831765,20160,323414,1434,1,1,128,1,1,16,0.000,0.000,,,,,NVIDIA A100-SXM4-40GB MIG 4g.20gb (0),1,,13,cupy_copy__complex64_complex64
16703050450,294365,323419,1,1,1,32,32,1,30,0.000,0.000,,,,,NVIDIA A100-SXM4-40GB MIG 4g.20gb (0),1,,13,"void convert_kernel<__half2, float2>(tensor_layout_any, T1 *, tensor_layout_any, const T2 *)"
16703373839,13248,323422,,,,,,,,,,0.094,7072.455,Pinned,Device,NVIDIA A100-SXM4-40GB MIG 4g.20gb (0),1,,13,[CUDA memcpy Host-to-Device]
16703742827,609273,323423,,,,,,,,,,456.561,749217.323,Device,,NVIDIA A100-SXM4-40GB MIG 4g.20gb (0),1,,13,[CUDA memset]
16704353252,66911,323428,,,,,,,,,,1.235,18456.238,Pinned,Device,NVIDIA A100-SXM4-40GB MIG 4g.20gb (0),1,,13,[CUDA memcpy Host-to-Device]
16704427715,12576,323429,,,,,,,,,,0.197,15633.482,Pinned,Device,NVIDIA A100-SXM4-40GB MIG 4g.20gb (0),1,,13,[CUDA memcpy Host-to-Device]
16704642816,28320,323430,69,4,1,48,1,1,76,0.002,0.000,,,,,NVIDIA A100-SXM4-40GB MIG 4g.20gb (0),1,,13,"void ch_est::windowedChEstPreNoDftSOfdmKernel<float, __half, float, (unsigned int)2, (unsigned int)1, (unsigned short)4>(ch_est::puschRxChEstStatDescr_t *, ch_est::puschRxChEstDynDescr_t *)"
16704881982,18144,323431,137,2,1,24,2,1,44,0.001,0.001,,,,,NVIDIA A100-SXM4-40GB MIG 4g.20gb (0),1,,13,"void ch_est::chEstFilterNoDftSOfdmDispatchKernel<float, __half, float, (unsigned int)2>(ch_est::puschRxChEstStatDescr_t *, ch_est::puschRxChEstDynDescr_t *)"
16704956029,27552,323432,137,2,1,24,2,1,44,0.001,0.001,,,,,NVIDIA A100-SXM4-40GB MIG 4g.20gb (0),1,,13,"void ch_est::chEstFilterNoDftSOfdmDispatchKernel<float, __half, float, (unsigned int)2>(ch_est::puschRxChEstStatDescr_t *, ch_est::puschRxChEstDynDescr_t *)"
16705180314,9792,323443,103,1,1,128,1,1,16,0.000,0.000,,,,,NVIDIA A100-SXM4-40GB MIG 4g.20gb (0),1,,13,cupy_copy__complex64_complex64
16705408888,20480,323453,1434,1,1,128,1,1,16,0.000,0.000,,,,,NVIDIA A100-SXM4-40GB MIG 4g.20gb (0),1,,13,cupy_copy__complex64_complex64
16705492919,7008,323460,103,1,1,128,1,1,16,0.000,0.000,,,,,NVIDIA A100-SXM4-40GB MIG 4g.20gb (0),1,,13,cupy_copy__complex64_complex64
16705529814,305821,323467,1,1,1,32,32,1,30,0.000,0.000,,,,,NVIDIA A100-SXM4-40GB MIG 4g.20gb (0),1,,13,"void convert_kernel<__half2, float2>(tensor_layout_any, T1 *, tensor_layout_any, const T2 *)"
16705868307,11744,323470,,,,,,,,,,0.094,7978.121,Pinned,Device,NVIDIA A100-SXM4-40GB MIG 4g.20gb (0),1,,13,[CUDA memcpy Host-to-Device]
16705995409,64096,323471,,,,,,,,,,35.810,558670.562,Device,,NVIDIA A100-SXM4-40GB MIG 4g.20gb (0),1,,13,[CUDA memset]
16706066192,2080,323473,,,,,,,,,,0.000,38.462,Pinned,Device,NVIDIA A100-SXM4-40GB MIG 4g.20gb (0),1,,13,[CUDA memcpy Host-to-Device]
16706075024,10080,323474,,,,,,,,,,0.197,19504.693,Pinned,Device,NVIDIA A100-SXM4-40GB MIG 4g.20gb (0),1,,13,[CUDA memcpy Host-to-Device]
16706233199,38975,323475,273,1,1,48,1,1,40,0.000,0.001,,,,,NVIDIA A100-SXM4-40GB MIG 4g.20gb (0),1,,13,"void pusch_noise_intf_est::noiseIntfEstNoDftSOfdmKernel<float, __half, float, float, (unsigned int)2, (unsigned int)1, (unsigned char)4, (unsigned char)4>(pusch_noise_intf_est::puschRxNoiseIntfEstDynDescr)"
16706307534,10368,323486,35,1,1,128,1,1,16,0.000,0.000,,,,,NVIDIA A100-SXM4-40GB MIG 4g.20gb (0),1,,13,cupy_copy__complex64_complex64
16706446124,4992,323495,1,1,1,1,1,1,18,0.000,0.000,,,,,NVIDIA A100-SXM4-40GB MIG 4g.20gb (0),1,,13,cupy_copy__float32_float32
16706462092,6016,323501,,,,,,,,,,0.000,0.665,Device,Pageable,NVIDIA A100-SXM4-40GB MIG 4g.20gb (0),1,,7,[CUDA memcpy Device-to-Host]
16706648842,18144,323512,1434,1,1,128,1,1,16,0.000,0.000,,,,,NVIDIA A100-SXM4-40GB MIG 4g.20gb (0),1,,13,cupy_copy__complex64_complex64
16706800968,9344,323519,103,1,1,128,1,1,16,0.000,0.000,,,,,NVIDIA A100-SXM4-40GB MIG 4g.20gb (0),1,,13,cupy_copy__complex64_complex64
16706874887,11488,323526,35,1,1,128,1,1,16,0.000,0.000,,,,,NVIDIA A100-SXM4-40GB MIG 4g.20gb (0),1,,13,cupy_copy__complex64_complex64
16707001734,4480,323533,1,1,1,1,1,1,18,0.000,0.000,,,,,NVIDIA A100-SXM4-40GB MIG 4g.20gb (0),1,,13,cupy_copy__float32_float32
16707134916,361916,323544,1,1,1,32,32,1,30,0.000,0.000,,,,,NVIDIA A100-SXM4-40GB MIG 4g.20gb (0),1,,13,"void convert_kernel<__half2, float2>(tensor_layout_any, T1 *, tensor_layout_any, const T2 *)"
16707527264,9632,323547,,,,,,,,,,0.094,9727.519,Pinned,Device,NVIDIA A100-SXM4-40GB MIG 4g.20gb (0),1,,13,[CUDA memcpy Host-to-Device]
16707894940,10144,323548,,,,,,,,,,1.547,152466.194,Device,,NVIDIA A100-SXM4-40GB MIG 4g.20gb (0),1,,13,[CUDA memset]
16707915164,3520,323553,,,,,,,,,,0.031,8890.881,Pinned,Device,NVIDIA A100-SXM4-40GB MIG 4g.20gb (0),1,,13,[CUDA memcpy Host-to-Device]
16707921596,12543,323554,,,,,,,,,,0.197,15674.573,Pinned,Device,NVIDIA A100-SXM4-40GB MIG 4g.20gb (0),1,,13,[CUDA memcpy Host-to-Device]
16708346039,23456,323555,273,1,1,8,4,1,39,0.002,0.000,,,,,NVIDIA A100-SXM4-40GB MIG 4g.20gb (0),1,,13,"void channel_eq::eqMmseCoefCompLowMimoKernel<float, float, float, (unsigned int)4, (unsigned int)1, (unsigned int)4>(const channel_eq::_puschRxChEqStatDescr *, channel_eq::_puschRxChEqCoefCompDynDescr)"
16708645235,34880,323556,273,1,1,12,11,1,51,0.002,0.000,,,,,NVIDIA A100-SXM4-40GB MIG 4g.20gb (0),1,,13,"void channel_eq::eqMmseSoftDemapKernel<float, __half, __half, float, (unsigned int)4, (unsigned short)16383>(channel_eq::_puschRxChEqStatDescr *, channel_eq::_puschRxChEqSoftDemapDynDescr)"
16708998192,779351,323557,1,1,1,32,32,1,30,0.000,0.000,,,,,NVIDIA A100-SXM4-40GB MIG 4g.20gb (0),1,,13,"void convert_kernel<float2, __half2>(tensor_layout_any, T1 *, tensor_layout_any, const T2 *)"
16710051300,16512,323569,2253,1,1,128,1,1,16,0.000,0.000,,,,,NVIDIA A100-SXM4-40GB MIG 4g.20gb (0),1,,13,cupy_copy__float16_float16
16710354016,12704,323578,282,1,1,128,1,1,16,0.000,0.000,,,,,NVIDIA A100-SXM4-40GB MIG 4g.20gb (0),1,,13,cupy_copy__complex64_complex64
16710708860,11296,323587,26,1,1,128,1,1,16,0.000,0.000,,,,,NVIDIA A100-SXM4-40GB MIG 4g.20gb (0),1,,13,cupy_copy__float32_float32
16710877562,15584,323596,103,1,1,128,1,1,16,0.000,0.000,,,,,NVIDIA A100-SXM4-40GB MIG 4g.20gb (0),1,,13,cupy_copy__complex64_complex64
16711224823,18495,323606,1434,1,1,128,1,1,16,0.000,0.000,,,,,NVIDIA A100-SXM4-40GB MIG 4g.20gb (0),1,,13,cupy_copy__complex64_complex64
16711362261,332764,323611,1,1,1,32,32,1,30,0.000,0.000,,,,,NVIDIA A100-SXM4-40GB MIG 4g.20gb (0),1,,13,"void convert_kernel<__half2, float2>(tensor_layout_any, T1 *, tensor_layout_any, const T2 *)"
16711727409,13440,323614,,,,,,,,,,0.094,6971.357,Pinned,Device,NVIDIA A100-SXM4-40GB MIG 4g.20gb (0),1,,13,[CUDA memcpy Host-to-Device]
16711873647,629913,323615,,,,,,,,,,456.561,724563.005,Device,,NVIDIA A100-SXM4-40GB MIG 4g.20gb (0),1,,13,[CUDA memset]
16712511240,59615,323620,,,,,,,,,,1.235,20714.951,Pinned,Device,NVIDIA A100-SXM4-40GB MIG 4g.20gb (0),1,,13,[CUDA memcpy Host-to-Device]
16712576519,15520,323621,,,,,,,,,,0.197,12667.847,Pinned,Device,NVIDIA A100-SXM4-40GB MIG 4g.20gb (0),1,,13,[CUDA memcpy Host-to-Device]
16712749541,29664,323622,69,4,1,48,1,1,76,0.002,0.000,,,,,NVIDIA A100-SXM4-40GB MIG 4g.20gb (0),1,,13,"void ch_est::windowedChEstPreNoDftSOfdmKernel<float, __half, float, (unsigned int)2, (unsigned int)1, (unsigned short)4>(ch_est::puschRxChEstStatDescr_t *, ch_est::puschRxChEstDynDescr_t *)"
16712922819,26080,323623,137,2,1,24,2,1,44,0.001,0.001,,,,,NVIDIA A100-SXM4-40GB MIG 4g.20gb (0),1,,13,"void ch_est::chEstFilterNoDftSOfdmDispatchKernel<float, __half, float, (unsigned int)2>(ch_est::puschRxChEstStatDescr_t *, ch_est::puschRxChEstDynDescr_t *)"
16713056930,23008,323624,137,2,1,24,2,1,44,0.001,0.001,,,,,NVIDIA A100-SXM4-40GB MIG 4g.20gb (0),1,,13,"void ch_est::chEstFilterNoDftSOfdmDispatchKernel<float, __half, float, (unsigned int)2>(ch_est::puschRxChEstStatDescr_t *, ch_est::puschRxChEstDynDescr_t *)"
16713180577,13151,323635,103,1,1,128,1,1,16,0.000,0.000,,,,,NVIDIA A100-SXM4-40GB MIG 4g.20gb (0),1,,13,cupy_copy__complex64_complex64
16713266400,18783,323645,1434,1,1,128,1,1,16,0.000,0.000,,,,,NVIDIA A100-SXM4-40GB MIG 4g.20gb (0),1,,13,cupy_copy__complex64_complex64
16713399358,10016,323652,103,1,1,128,1,1,16,0.000,0.000,,,,,NVIDIA A100-SXM4-40GB MIG 4g.20gb (0),1,,13,cupy_copy__complex64_complex64
16713448734,273180,323659,1,1,1,32,32,1,30,0.000,0.000,,,,,NVIDIA A100-SXM4-40GB MIG 4g.20gb (0),1,,13,"void convert_kernel<__half2, float2>(tensor_layout_any, T1 *, tensor_layout_any, const T2 *)"
16713751162,6496,323662,,,,,,,,,,0.094,14423.562,Pinned,Device,NVIDIA A100-SXM4-40GB MIG 4g.20gb (0),1,,13,[CUDA memcpy Host-to-Device]
16713801210,62431,323663,,,,,,,,,,35.810,573567.489,Device,,NVIDIA A100-SXM4-40GB MIG 4g.20gb (0),1,,13,[CUDA memset]
16713865593,2880,323665,,,,,,,,,,0.000,27.778,Pinned,Device,NVIDIA A100-SXM4-40GB MIG 4g.20gb (0),1,,13,[CUDA memcpy Host-to-Device]
16713871993,12768,323666,,,,,,,,,,0.197,15398.339,Pinned,Device,NVIDIA A100-SXM4-40GB MIG 4g.20gb (0),1,,13,[CUDA memcpy Host-to-Device]
16713928472,33088,323667,273,1,1,48,1,1,40,0.000,0.001,,,,,NVIDIA A100-SXM4-40GB MIG 4g.20gb (0),1,,13,"void pusch_noise_intf_est::noiseIntfEstNoDftSOfdmKernel<float, __half, float, float, (unsigned int)2, (unsigned int)1, (unsigned char)4, (unsigned char)4>(pusch_noise_intf_est::puschRxNoiseIntfEstDynDescr)"
16713971000,7648,323678,35,1,1,128,1,1,16,0.000,0.000,,,,,NVIDIA A100-SXM4-40GB MIG 4g.20gb (0),1,,13,cupy_copy__complex64_complex64
16714021367,10624,323687,1,1,1,1,1,1,18,0.000,0.000,,,,,NVIDIA A100-SXM4-40GB MIG 4g.20gb (0),1,,13,cupy_copy__float32_float32
16714033591,1600,323693,,,,,,,,,,0.000,2.500,Device,Pageable,NVIDIA A100-SXM4-40GB MIG 4g.20gb (0),1,,7,[CUDA memcpy Device-to-Host]
16714114166,18688,323704,1434,1,1,128,1,1,16,0.000,0.000,,,,,NVIDIA A100-SXM4-40GB MIG 4g.20gb (0),1,,13,cupy_copy__complex64_complex64
16714157398,6527,323711,103,1,1,128,1,1,16,0.000,0.000,,,,,NVIDIA A100-SXM4-40GB MIG 4g.20gb (0),1,,13,cupy_copy__complex64_complex64
16714206613,10624,323718,35,1,1,128,1,1,16,0.000,0.000,,,,,NVIDIA A100-SXM4-40GB MIG 4g.20gb (0),1,,13,cupy_copy__complex64_complex64
16714253524,4608,323725,1,1,1,1,1,1,18,0.000,0.000,,,,,NVIDIA A100-SXM4-40GB MIG 4g.20gb (0),1,,13,cupy_copy__float32_float32
16714333428,256765,323736,1,1,1,32,32,1,30,0.000,0.000,,,,,NVIDIA A100-SXM4-40GB MIG 4g.20gb (0),1,,13,"void convert_kernel<__half2, float2>(tensor_layout_any, T1 *, tensor_layout_any, const T2 *)"
16714620656,5920,323739,,,,,,,,,,0.094,15826.941,Pinned,Device,NVIDIA A100-SXM4-40GB MIG 4g.20gb (0),1,,13,[CUDA memcpy Host-to-Device]
16714661264,8320,323740,,,,,,,,,,1.547,185891.832,Device,,NVIDIA A100-SXM4-40GB MIG 4g.20gb (0),1,,13,[CUDA memset]
16714674224,7136,323745,,,,,,,,,,0.031,4385.634,Pinned,Device,NVIDIA A100-SXM4-40GB MIG 4g.20gb (0),1,,13,[CUDA memcpy Host-to-Device]
16714691056,20223,323746,,,,,,,,,,0.197,9721.872,Pinned,Device,NVIDIA A100-SXM4-40GB MIG 4g.20gb (0),1,,13,[CUDA memcpy Host-to-Device]
16714757391,26464,323747,273,1,1,8,4,1,39,0.002,0.000,,,,,NVIDIA A100-SXM4-40GB MIG 4g.20gb (0),1,,13,"void channel_eq::eqMmseCoefCompLowMimoKernel<float, float, float, (unsigned int)4, (unsigned int)1, (unsigned int)4>(const channel_eq::_puschRxChEqStatDescr *, channel_eq::_puschRxChEqCoefCompDynDescr)"
16714804814,32224,323748,273,1,1,12,11,1,51,0.002,0.000,,,,,NVIDIA A100-SXM4-40GB MIG 4g.20gb (0),1,,13,"void channel_eq::eqMmseSoftDemapKernel<float, __half, __half, float, (unsigned int)4, (unsigned short)16383>(channel_eq::_puschRxChEqStatDescr *, channel_eq::_puschRxChEqSoftDemapDynDescr)"
16714850094,728248,323749,1,1,1,32,32,1,30,0.000,0.000,,,,,NVIDIA A100-SXM4-40GB MIG 4g.20gb (0),1,,13,"void convert_kernel<float2, __half2>(tensor_layout_any, T1 *, tensor_layout_any, const T2 *)"
16715716740,20512,323761,2253,1,1,128,1,1,16,0.000,0.000,,,,,NVIDIA A100-SXM4-40GB MIG 4g.20gb (0),1,,13,cupy_copy__float16_float16
16715770019,9216,323770,282,1,1,128,1,1,16,0.000,0.000,,,,,NVIDIA A100-SXM4-40GB MIG 4g.20gb (0),1,,13,cupy_copy__complex64_complex64
16715929314,17535,323779,26,1,1,128,1,1,16,0.000,0.000,,,,,NVIDIA A100-SXM4-40GB MIG 4g.20gb (0),1,,13,cupy_copy__float32_float32
16716127327,14208,323788,103,1,1,128,1,1,16,0.000,0.000,,,,,NVIDIA A100-SXM4-40GB MIG 4g.20gb (0),1,,13,cupy_copy__complex64_complex64
16716423132,22176,323798,1434,1,1,128,1,1,16,0.000,0.000,,,,,NVIDIA A100-SXM4-40GB MIG 4g.20gb (0),1,,13,cupy_copy__complex64_complex64
16716769368,306109,323803,1,1,1,32,32,1,30,0.000,0.000,,,,,NVIDIA A100-SXM4-40GB MIG 4g.20gb (0),1,,13,"void convert_kernel<__half2, float2>(tensor_layout_any, T1 *, tensor_layout_any, const T2 *)"
16717106804,9472,323806,,,,,,,,,,0.094,9891.862,Pinned,Device,NVIDIA A100-SXM4-40GB MIG 4g.20gb (0),1,,13,[CUDA memcpy Host-to-Device]
16717393585,611897,323807,,,,,,,,,,456.561,746021.393,Device,,NVIDIA A100-SXM4-40GB MIG 4g.20gb (0),1,,13,[CUDA memset]
16718007178,69632,323812,,,,,,,,,,1.235,17735.031,Pinned,Device,NVIDIA A100-SXM4-40GB MIG 4g.20gb (0),1,,13,[CUDA memcpy Host-to-Device]
16718079562,17599,323813,,,,,,,,,,0.197,11171.463,Pinned,Device,NVIDIA A100-SXM4-40GB MIG 4g.20gb (0),1,,13,[CUDA memcpy Host-to-Device]
16718358982,28096,323814,69,4,1,48,1,1,76,0.002,0.000,,,,,NVIDIA A100-SXM4-40GB MIG 4g.20gb (0),1,,13,"void ch_est::windowedChEstPreNoDftSOfdmKernel<float, __half, float, (unsigned int)2, (unsigned int)1, (unsigned short)4>(ch_est::puschRxChEstStatDescr_t *, ch_est::puschRxChEstDynDescr_t *)"
16718643779,17216,323815,137,2,1,24,2,1,44,0.001,0.001,,,,,NVIDIA A100-SXM4-40GB MIG 4g.20gb (0),1,,13,"void ch_est::chEstFilterNoDftSOfdmDispatchKernel<float, __half, float, (unsigned int)2>(ch_est::puschRxChEstStatDescr_t *, ch_est::puschRxChEstDynDescr_t *)"
16718969984,14943,323816,137,2,1,24,2,1,44,0.001,0.001,,,,,NVIDIA A100-SXM4-40GB MIG 4g.20gb (0),1,,13,"void ch_est::chEstFilterNoDftSOfdmDispatchKernel<float, __half, float, (unsigned int)2>(ch_est::puschRxChEstStatDescr_t *, ch_est::puschRxChEstDynDescr_t *)"
16719188637,19424,323827,103,1,1,128,1,1,16,0.000,0.000,,,,,NVIDIA A100-SXM4-40GB MIG 4g.20gb (0),1,,13,cupy_copy__complex64_complex64
16719281116,18624,323837,1434,1,1,128,1,1,16,0.000,0.000,,,,,NVIDIA A100-SXM4-40GB MIG 4g.20gb (0),1,,13,cupy_copy__complex64_complex64
16719474874,15744,323844,103,1,1,128,1,1,16,0.000,0.000,,,,,NVIDIA A100-SXM4-40GB MIG 4g.20gb (0),1,,13,cupy_copy__complex64_complex64
16719518585,271901,323851,1,1,1,32,32,1,30,0.000,0.000,,,,,NVIDIA A100-SXM4-40GB MIG 4g.20gb (0),1,,13,"void convert_kernel<__half2, float2>(tensor_layout_any, T1 *, tensor_layout_any, const T2 *)"
16719826742,5408,323854,,,,,,,,,,0.094,17325.421,Pinned,Device,NVIDIA A100-SXM4-40GB MIG 4g.20gb (0),1,,13,[CUDA memcpy Host-to-Device]
16719860502,59615,323855,,,,,,,,,,35.810,600675.598,Device,,NVIDIA A100-SXM4-40GB MIG 4g.20gb (0),1,,13,[CUDA memset]
16719926325,6112,323857,,,,,,,,,,0.000,13.089,Pinned,Device,NVIDIA A100-SXM4-40GB MIG 4g.20gb (0),1,,13,[CUDA memcpy Host-to-Device]
16719934901,9600,323858,,,,,,,,,,0.197,20479.869,Pinned,Device,NVIDIA A100-SXM4-40GB MIG 4g.20gb (0),1,,13,[CUDA memcpy Host-to-Device]
16719985236,36032,323859,273,1,1,48,1,1,40,0.000,0.001,,,,,NVIDIA A100-SXM4-40GB MIG 4g.20gb (0),1,,13,"void pusch_noise_intf_est::noiseIntfEstNoDftSOfdmKernel<float, __half, float, float, (unsigned int)2, (unsigned int)1, (unsigned char)4, (unsigned char)4>(pusch_noise_intf_est::puschRxNoiseIntfEstDynDescr)"
16720063251,10240,323870,35,1,1,128,1,1,16,0.000,0.000,,,,,NVIDIA A100-SXM4-40GB MIG 4g.20gb (0),1,,13,cupy_copy__complex64_complex64
16720094195,8384,323879,1,1,1,1,1,1,18,0.000,0.000,,,,,NVIDIA A100-SXM4-40GB MIG 4g.20gb (0),1,,13,cupy_copy__float32_float32
16720104755,1408,323885,,,,,,,,,,0.000,2.841,Device,Pageable,NVIDIA A100-SXM4-40GB MIG 4g.20gb (0),1,,7,[CUDA memcpy Device-to-Host]
16720176658,17824,323896,1434,1,1,128,1,1,16,0.000,0.000,,,,,NVIDIA A100-SXM4-40GB MIG 4g.20gb (0),1,,13,cupy_copy__complex64_complex64
16720229745,5952,323903,103,1,1,128,1,1,16,0.000,0.000,,,,,NVIDIA A100-SXM4-40GB MIG 4g.20gb (0),1,,13,cupy_copy__complex64_complex64
16720262449,10432,323910,35,1,1,128,1,1,16,0.000,0.000,,,,,NVIDIA A100-SXM4-40GB MIG 4g.20gb (0),1,,13,cupy_copy__complex64_complex64
16720319760,4800,323917,1,1,1,1,1,1,18,0.000,0.000,,,,,NVIDIA A100-SXM4-40GB MIG 4g.20gb (0),1,,13,cupy_copy__float32_float32
16720366032,302332,323928,1,1,1,32,32,1,30,0.000,0.000,,,,,NVIDIA A100-SXM4-40GB MIG 4g.20gb (0),1,,13,"void convert_kernel<__half2, float2>(tensor_layout_any, T1 *, tensor_layout_any, const T2 *)"
16720698124,9984,323931,,,,,,,,,,0.094,9384.591,Pinned,Device,NVIDIA A100-SXM4-40GB MIG 4g.20gb (0),1,,13,[CUDA memcpy Host-to-Device]
16720876138,11200,323932,,,,,,,,,,1.547,138090.324,Device,,NVIDIA A100-SXM4-40GB MIG 4g.20gb (0),1,,13,[CUDA memset]
16720892554,7840,323937,,,,,,,,,,0.031,3991.836,Pinned,Device,NVIDIA A100-SXM4-40GB MIG 4g.20gb (0),1,,13,[CUDA memcpy Host-to-Device]
16720906890,9792,323938,,,,,,,,,,0.197,20078.395,Pinned,Device,NVIDIA A100-SXM4-40GB MIG 4g.20gb (0),1,,13,[CUDA memcpy Host-to-Device]
16721154119,30656,323939,273,1,1,8,4,1,39,0.002,0.000,,,,,NVIDIA A100-SXM4-40GB MIG 4g.20gb (0),1,,13,"void channel_eq::eqMmseCoefCompLowMimoKernel<float, float, float, (unsigned int)4, (unsigned int)1, (unsigned int)4>(const channel_eq::_puschRxChEqStatDescr *, channel_eq::_puschRxChEqCoefCompDynDescr)"
16721418020,16480,323940,273,1,1,12,11,1,51,0.002,0.000,,,,,NVIDIA A100-SXM4-40GB MIG 4g.20gb (0),1,,13,"void channel_eq::eqMmseSoftDemapKernel<float, __half, __half, float, (unsigned int)4, (unsigned short)16383>(channel_eq::_puschRxChEqStatDescr *, channel_eq::_puschRxChEqSoftDemapDynDescr)"
16721696225,677944,323941,1,1,1,32,32,1,30,0.000,0.000,,,,,NVIDIA A100-SXM4-40GB MIG 4g.20gb (0),1,,13,"void convert_kernel<float2, __half2>(tensor_layout_any, T1 *, tensor_layout_any, const T2 *)"
16722602871,18079,323953,2253,1,1,128,1,1,16,0.000,0.000,,,,,NVIDIA A100-SXM4-40GB MIG 4g.20gb (0),1,,13,cupy_copy__float16_float16
16722919795,10656,323962,282,1,1,128,1,1,16,0.000,0.000,,,,,NVIDIA A100-SXM4-40GB MIG 4g.20gb (0),1,,13,cupy_copy__complex64_complex64
16723378638,3904,323971,26,1,1,128,1,1,16,0.000,0.000,,,,,NVIDIA A100-SXM4-40GB MIG 4g.20gb (0),1,,13,cupy_copy__float32_float32
16723878952,4992,323980,103,1,1,128,1,1,16,0.000,0.000,,,,,NVIDIA A100-SXM4-40GB MIG 4g.20gb (0),1,,13,cupy_copy__complex64_complex64
16724194341,19936,323990,1434,1,1,128,1,1,16,0.000,0.000,,,,,NVIDIA A100-SXM4-40GB MIG 4g.20gb (0),1,,13,cupy_copy__complex64_complex64
16724290180,299228,323995,1,1,1,32,32,1,30,0.000,0.000,,,,,NVIDIA A100-SXM4-40GB MIG 4g.20gb (0),1,,13,"void convert_kernel<__half2, float2>(tensor_layout_any, T1 *, tensor_layout_any, const T2 *)"
16724618560,5664,323998,,,,,,,,,,0.094,16542.310,Pinned,Device,NVIDIA A100-SXM4-40GB MIG 4g.20gb (0),1,,13,[CUDA memcpy Host-to-Device]
16724833342,613177,323999,,,,,,,,,,456.561,744195.147,Device,,NVIDIA A100-SXM4-40GB MIG 4g.20gb (0),1,,13,[CUDA memset]
16725453399,61791,324004,,,,,,,,,,1.235,19985.099,Pinned,Device,NVIDIA A100-SXM4-40GB MIG 4g.20gb (0),1,,13,[CUDA memcpy Host-to-Device]
16725517814,19936,324005,,,,,,,,,,0.197,9861.857,Pinned,Device,NVIDIA A100-SXM4-40GB MIG 4g.20gb (0),1,,13,[CUDA memcpy Host-to-Device]
16725724532,20255,324006,69,4,1,48,1,1,76,0.002,0.000,,,,,NVIDIA A100-SXM4-40GB MIG 4g.20gb (0),1,,13,"void ch_est::windowedChEstPreNoDftSOfdmKernel<float, __half, float, (unsigned int)2, (unsigned int)1, (unsigned short)4>(ch_est::puschRxChEstStatDescr_t *, ch_est::puschRxChEstDynDescr_t *)"
16725972913,32031,324007,137,2,1,24,2,1,44,0.001,0.001,,,,,NVIDIA A100-SXM4-40GB MIG 4g.20gb (0),1,,13,"void ch_est::chEstFilterNoDftSOfdmDispatchKernel<float, __half, float, (unsigned int)2>(ch_est::puschRxChEstStatDescr_t *, ch_est::puschRxChEstDynDescr_t *)"
16726218830,27872,324008,137,2,1,24,2,1,44,0.001,0.001,,,,,NVIDIA A100-SXM4-40GB MIG 4g.20gb (0),1,,13,"void ch_est::chEstFilterNoDftSOfdmDispatchKernel<float, __half, float, (unsigned int)2>(ch_est::puschRxChEstStatDescr_t *, ch_est::puschRxChEstDynDescr_t *)"
16726303437,7616,324019,103,1,1,128,1,1,16,0.000,0.000,,,,,NVIDIA A100-SXM4-40GB MIG 4g.20gb (0),1,,13,cupy_copy__complex64_complex64
16726607594,26239,324029,1434,1,1,128,1,1,16,0.000,0.000,,,,,NVIDIA A100-SXM4-40GB MIG 4g.20gb (0),1,,13,cupy_copy__complex64_complex64
16726976358,5952,324036,103,1,1,128,1,1,16,0.000,0.000,,,,,NVIDIA A100-SXM4-40GB MIG 4g.20gb (0),1,,13,cupy_copy__complex64_complex64
16727175875,314205,324043,1,1,1,32,32,1,30,0.000,0.000,,,,,NVIDIA A100-SXM4-40GB MIG 4g.20gb (0),1,,13,"void convert_kernel<__half2, float2>(tensor_layout_any, T1 *, tensor_layout_any, const T2 *)"
16727521887,13920,324046,,,,,,,,,,0.094,6731.027,Pinned,Device,NVIDIA A100-SXM4-40GB MIG 4g.20gb (0),1,,13,[CUDA memcpy Host-to-Device]
16727605215,60735,324047,,,,,,,,,,35.810,589574.523,Device,,NVIDIA A100-SXM4-40GB MIG 4g.20gb (0),1,,13,[CUDA memset]
16727671582,6368,324049,,,,,,,,,,0.000,12.563,Pinned,Device,NVIDIA A100-SXM4-40GB MIG 4g.20gb (0),1,,13,[CUDA memcpy Host-to-Device]
16727680510,12640,324050,,,,,,,,,,0.197,15554.249,Pinned,Device,NVIDIA A100-SXM4-40GB MIG 4g.20gb (0),1,,13,[CUDA memcpy Host-to-Device]
16727842812,27840,324051,273,1,1,48,1,1,40,0.000,0.001,,,,,NVIDIA A100-SXM4-40GB MIG 4g.20gb (0),1,,13,"void pusch_noise_intf_est::noiseIntfEstNoDftSOfdmKernel<float, __half, float, float, (unsigned int)2, (unsigned int)1, (unsigned char)4, (unsigned char)4>(pusch_noise_intf_est::puschRxNoiseIntfEstDynDescr)"
16728013018,12192,324062,35,1,1,128,1,1,16,0.000,0.000,,,,,NVIDIA A100-SXM4-40GB MIG 4g.20gb (0),1,,13,cupy_copy__complex64_complex64
16728112729,4416,324071,1,1,1,1,1,1,18,0.000,0.000,,,,,NVIDIA A100-SXM4-40GB MIG 4g.20gb (0),1,,13,cupy_copy__float32_float32
16728133593,6463,324077,,,,,,,,,,0.000,0.619,Device,Pageable,NVIDIA A100-SXM4-40GB MIG 4g.20gb (0),1,,7,[CUDA memcpy Device-to-Host]
16728344694,20416,324088,1434,1,1,128,1,1,16,0.000,0.000,,,,,NVIDIA A100-SXM4-40GB MIG 4g.20gb (0),1,,13,cupy_copy__complex64_complex64
16728491733,10495,324095,103,1,1,128,1,1,16,0.000,0.000,,,,,NVIDIA A100-SXM4-40GB MIG 4g.20gb (0),1,,13,cupy_copy__complex64_complex64
16728622931,4704,324102,35,1,1,128,1,1,16,0.000,0.000,,,,,NVIDIA A100-SXM4-40GB MIG 4g.20gb (0),1,,13,cupy_copy__complex64_complex64
16728694482,5856,324109,1,1,1,1,1,1,18,0.000,0.000,,,,,NVIDIA A100-SXM4-40GB MIG 4g.20gb (0),1,,13,cupy_copy__float32_float32
16728709778,275517,324120,1,1,1,32,32,1,30,0.000,0.000,,,,,NVIDIA A100-SXM4-40GB MIG 4g.20gb (0),1,,13,"void convert_kernel<__half2, float2>(tensor_layout_any, T1 *, tensor_layout_any, const T2 *)"
16729014639,5408,324123,,,,,,,,,,0.094,17325.421,Pinned,Device,NVIDIA A100-SXM4-40GB MIG 4g.20gb (0),1,,13,[CUDA memcpy Host-to-Device]
16729181485,8288,324124,,,,,,,,,,1.547,186609.465,Device,,NVIDIA A100-SXM4-40GB MIG 4g.20gb (0),1,,13,[CUDA memset]
16729192109,7712,324129,,,,,,,,,,0.031,4058.090,Pinned,Device,NVIDIA A100-SXM4-40GB MIG 4g.20gb (0),1,,13,[CUDA memcpy Host-to-Device]
16729202349,12479,324130,,,,,,,,,,0.197,15754.985,Pinned,Device,NVIDIA A100-SXM4-40GB MIG 4g.20gb (0),1,,13,[CUDA memcpy Host-to-Device]
16729479657,35136,324131,273,1,1,8,4,1,39,0.002,0.000,,,,,NVIDIA A100-SXM4-40GB MIG 4g.20gb (0),1,,13,"void channel_eq::eqMmseCoefCompLowMimoKernel<float, float, float, (unsigned int)4, (unsigned int)1, (unsigned int)4>(const channel_eq::_puschRxChEqStatDescr *, channel_eq::_puschRxChEqCoefCompDynDescr)"
16729797510,29440,324132,273,1,1,12,11,1,51,0.002,0.000,,,,,NVIDIA A100-SXM4-40GB MIG 4g.20gb (0),1,,13,"void channel_eq::eqMmseSoftDemapKernel<float, __half, __half, float, (unsigned int)4, (unsigned short)16383>(channel_eq::_puschRxChEqStatDescr *, channel_eq::_puschRxChEqSoftDemapDynDescr)"
16730069347,771223,324133,1,1,1,32,32,1,30,0.000,0.000,,,,,NVIDIA A100-SXM4-40GB MIG 4g.20gb (0),1,,13,"void convert_kernel<float2, __half2>(tensor_layout_any, T1 *, tensor_layout_any, const T2 *)"
16731219798,19392,324145,2253,1,1,128,1,1,16,0.000,0.000,,,,,NVIDIA A100-SXM4-40GB MIG 4g.20gb (0),1,,13,cupy_copy__float16_float16
16731655057,5760,324154,282,1,1,128,1,1,16,0.000,0.000,,,,,NVIDIA A100-SXM4-40GB MIG 4g.20gb (0),1,,13,cupy_copy__complex64_complex64
16731957550,10527,324163,26,1,1,128,1,1,16,0.000,0.000,,,,,NVIDIA A100-SXM4-40GB MIG 4g.20gb (0),1,,13,cupy_copy__float32_float32
16732349001,11680,324172,103,1,1,128,1,1,16,0.000,0.000,,,,,NVIDIA A100-SXM4-40GB MIG 4g.20gb (0),1,,13,cupy_copy__complex64_complex64
16732535175,25280,324182,1434,1,1,128,1,1,16,0.000,0.000,,,,,NVIDIA A100-SXM4-40GB MIG 4g.20gb (0),1,,13,cupy_copy__complex64_complex64
16732744293,272541,324187,1,1,1,32,32,1,30,0.000,0.000,,,,,NVIDIA A100-SXM4-40GB MIG 4g.20gb (0),1,,13,"void convert_kernel<__half2, float2>(tensor_layout_any, T1 *, tensor_layout_any, const T2 *)"
16733047297,10368,324190,,,,,,,,,,0.094,9036.979,Pinned,Device,NVIDIA A100-SXM4-40GB MIG 4g.20gb (0),1,,13,[CUDA memcpy Host-to-Device]
16733189696,618841,324191,,,,,,,,,,456.561,737346.726,Device,,NVIDIA A100-SXM4-40GB MIG 4g.20gb (0),1,,13,[CUDA memset]
16733810777,70655,324196,,,,,,,,,,1.235,17478.162,Pinned,Device,NVIDIA A100-SXM4-40GB MIG 4g.20gb (0),1,,13,[CUDA memcpy Host-to-Device]
16733883544,12544,324197,,,,,,,,,,0.197,15673.393,Pinned,Device,NVIDIA A100-SXM4-40GB MIG 4g.20gb (0),1,,13,[CUDA memcpy Host-to-Device]
16733989623,25407,324198,69,4,1,48,1,1,76,0.002,0.000,,,,,NVIDIA A100-SXM4-40GB MIG 4g.20gb (0),1,,13,"void ch_est::windowedChEstPreNoDftSOfdmKernel<float, __half, float, (unsigned int)2, (unsigned int)1, (unsigned short)4>(ch_est::puschRxChEstStatDescr_t *, ch_est::puschRxChEstDynDescr_t *)"
16734189973,36383,324199,137,2,1,24,2,1,44,0.001,0.001,,,,,NVIDIA A100-SXM4-40GB MIG 4g.20gb (0),1,,13,"void ch_est::chEstFilterNoDftSOfdmDispatchKernel<float, __half, float, (unsigned int)2>(ch_est::puschRxChEstStatDescr_t *, ch_est::puschRxChEstDynDescr_t *)"
16734352275,30175,324200,137,2,1,24,2,1,44,0.001,0.001,,,,,NVIDIA A100-SXM4-40GB MIG 4g.20gb (0),1,,13,"void ch_est::chEstFilterNoDftSOfdmDispatchKernel<float, __half, float, (unsigned int)2>(ch_est::puschRxChEstStatDescr_t *, ch_est::puschRxChEstDynDescr_t *)"
16734391794,7200,324211,103,1,1,128,1,1,16,0.000,0.000,,,,,NVIDIA A100-SXM4-40GB MIG 4g.20gb (0),1,,13,cupy_copy__complex64_complex64
16734438482,17632,324221,1434,1,1,128,1,1,16,0.000,0.000,,,,,NVIDIA A100-SXM4-40GB MIG 4g.20gb (0),1,,13,cupy_copy__complex64_complex64
16734478577,7008,324228,103,1,1,128,1,1,16,0.000,0.000,,,,,NVIDIA A100-SXM4-40GB MIG 4g.20gb (0),1,,13,cupy_copy__complex64_complex64
16734532529,259805,324235,1,1,1,32,32,1,30,0.000,0.000,,,,,NVIDIA A100-SXM4-40GB MIG 4g.20gb (0),1,,13,"void convert_kernel<__half2, float2>(tensor_layout_any, T1 *, tensor_layout_any, const T2 *)"
16734823085,5408,324238,,,,,,,,,,0.094,17325.421,Pinned,Device,NVIDIA A100-SXM4-40GB MIG 4g.20gb (0),1,,13,[CUDA memcpy Host-to-Device]
16734883853,64127,324239,,,,,,,,,,35.810,558419.892,Device,,NVIDIA A100-SXM4-40GB MIG 4g.20gb (0),1,,13,[CUDA memset]
16734954380,5280,324241,,,,,,,,,,0.000,15.151,Pinned,Device,NVIDIA A100-SXM4-40GB MIG 4g.20gb (0),1,,13,[CUDA memcpy Host-to-Device]
16734965324,12128,324242,,,,,,,,,,0.197,16210.919,Pinned,Device,NVIDIA A100-SXM4-40GB MIG 4g.20gb (0),1,,13,[CUDA memcpy Host-to-Device]
16735086922,31712,324243,273,1,1,48,1,1,40,0.000,0.001,,,,,NVIDIA A100-SXM4-40GB MIG 4g.20gb (0),1,,13,"void pusch_noise_intf_est::noiseIntfEstNoDftSOfdmKernel<float, __half, float, float, (unsigned int)2, (unsigned int)1, (unsigned char)4, (unsigned char)4>(pusch_noise_intf_est::puschRxNoiseIntfEstDynDescr)"
16735310184,13568,324254,35,1,1,128,1,1,16,0.000,0.000,,,,,NVIDIA A100-SXM4-40GB MIG 4g.20gb (0),1,,13,cupy_copy__complex64_complex64
16735390983,4416,324263,1,1,1,1,1,1,18,0.000,0.000,,,,,NVIDIA A100-SXM4-40GB MIG 4g.20gb (0),1,,13,cupy_copy__float32_float32
16735402887,1632,324269,,,,,,,,,,0.000,2.451,Device,Pageable,NVIDIA A100-SXM4-40GB MIG 4g.20gb (0),1,,7,[CUDA memcpy Device-to-Host]
16735647780,19104,324280,1434,1,1,128,1,1,16,0.000,0.000,,,,,NVIDIA A100-SXM4-40GB MIG 4g.20gb (0),1,,13,cupy_copy__complex64_complex64
16735691012,7904,324287,103,1,1,128,1,1,16,0.000,0.000,,,,,NVIDIA A100-SXM4-40GB MIG 4g.20gb (0),1,,13,cupy_copy__complex64_complex64
16735740547,10560,324294,35,1,1,128,1,1,16,0.000,0.000,,,,,NVIDIA A100-SXM4-40GB MIG 4g.20gb (0),1,,13,cupy_copy__complex64_complex64
16735959105,5664,324301,1,1,1,1,1,1,18,0.000,0.000,,,,,NVIDIA A100-SXM4-40GB MIG 4g.20gb (0),1,,13,cupy_copy__float32_float32
16736004608,309181,324312,1,1,1,32,32,1,30,0.000,0.000,,,,,NVIDIA A100-SXM4-40GB MIG 4g.20gb (0),1,,13,"void convert_kernel<__half2, float2>(tensor_layout_any, T1 *, tensor_layout_any, const T2 *)"
16736344476,5440,324315,,,,,,,,,,0.094,17223.480,Pinned,Device,NVIDIA A100-SXM4-40GB MIG 4g.20gb (0),1,,13,[CUDA memcpy Host-to-Device]
16736515290,9056,324316,,,,,,,,,,1.547,170784.409,Device,,NVIDIA A100-SXM4-40GB MIG 4g.20gb (0),1,,13,[CUDA memset]
16736532826,3456,324321,,,,,,,,,,0.031,9055.529,Pinned,Device,NVIDIA A100-SXM4-40GB MIG 4g.20gb (0),1,,13,[CUDA memcpy Host-to-Device]
16736543866,13408,324322,,,,,,,,,,0.197,14663.418,Pinned,Device,NVIDIA A100-SXM4-40GB MIG 4g.20gb (0),1,,13,[CUDA memcpy Host-to-Device]
16736839351,26975,324323,273,1,1,8,4,1,39,0.002,0.000,,,,,NVIDIA A100-SXM4-40GB MIG 4g.20gb (0),1,,13,"void channel_eq::eqMmseCoefCompLowMimoKernel<float, float, float, (unsigned int)4, (unsigned int)1, (unsigned int)4>(const channel_eq::_puschRxChEqStatDescr *, channel_eq::_puschRxChEqCoefCompDynDescr)"
16737139443,30624,324324,273,1,1,12,11,1,51,0.002,0.000,,,,,NVIDIA A100-SXM4-40GB MIG 4g.20gb (0),1,,13,"void channel_eq::eqMmseSoftDemapKernel<float, __half, __half, float, (unsigned int)4, (unsigned short)16383>(channel_eq::_puschRxChEqStatDescr *, channel_eq::_puschRxChEqSoftDemapDynDescr)"
16737465904,814071,324325,1,1,1,32,32,1,30,0.000,0.000,,,,,NVIDIA A100-SXM4-40GB MIG 4g.20gb (0),1,,13,"void convert_kernel<float2, __half2>(tensor_layout_any, T1 *, tensor_layout_any, const T2 *)"
16738370470,16223,324337,2253,1,1,128,1,1,16,0.000,0.000,,,,,NVIDIA A100-SXM4-40GB MIG 4g.20gb (0),1,,13,cupy_copy__float16_float16
16738489540,9984,324346,282,1,1,128,1,1,16,0.000,0.000,,,,,NVIDIA A100-SXM4-40GB MIG 4g.20gb (0),1,,13,cupy_copy__complex64_complex64
16738601699,8768,324355,26,1,1,128,1,1,16,0.000,0.000,,,,,NVIDIA A100-SXM4-40GB MIG 4g.20gb (0),1,,13,cupy_copy__float32_float32
16738679874,16288,324364,103,1,1,128,1,1,16,0.000,0.000,,,,,NVIDIA A100-SXM4-40GB MIG 4g.20gb (0),1,,13,cupy_copy__complex64_complex64
16738784353,19040,324374,1434,1,1,128,1,1,16,0.000,0.000,,,,,NVIDIA A100-SXM4-40GB MIG 4g.20gb (0),1,,13,cupy_copy__complex64_complex64
16738910016,322812,324379,1,1,1,32,32,1,30,0.000,0.000,,,,,NVIDIA A100-SXM4-40GB MIG 4g.20gb (0),1,,13,"void convert_kernel<__half2, float2>(tensor_layout_any, T1 *, tensor_layout_any, const T2 *)"
16739261532,5407,324382,,,,,,,,,,0.094,17328.607,Pinned,Device,NVIDIA A100-SXM4-40GB MIG 4g.20gb (0),1,,13,[CUDA memcpy Host-to-Device]
16739309467,620953,324383,,,,,,,,,,456.561,735063.918,Device,,NVIDIA A100-SXM4-40GB MIG 4g.20gb (0),1,,13,[CUDA memset]
16739935732,64959,324388,,,,,,,,,,1.235,19010.728,Pinned,Device,NVIDIA A100-SXM4-40GB MIG 4g.20gb (0),1,,13,[CUDA memcpy Host-to-Device]
16740011635,14080,324389,,,,,,,,,,0.197,13963.493,Pinned,Device,NVIDIA A100-SXM4-40GB MIG 4g.20gb (0),1,,13,[CUDA memcpy Host-to-Device]
16740130674,32671,324390,69,4,1,48,1,1,76,0.002,0.000,,,,,NVIDIA A100-SXM4-40GB MIG 4g.20gb (0),1,,13,"void ch_est::windowedChEstPreNoDftSOfdmKernel<float, __half, float, (unsigned int)2, (unsigned int)1, (unsigned short)4>(ch_est::puschRxChEstStatDescr_t *, ch_est::puschRxChEstDynDescr_t *)"
16740405551,34015,324391,137,2,1,24,2,1,44,0.001,0.001,,,,,NVIDIA A100-SXM4-40GB MIG 4g.20gb (0),1,,13,"void ch_est::chEstFilterNoDftSOfdmDispatchKernel<float, __half, float, (unsigned int)2>(ch_est::puschRxChEstStatDescr_t *, ch_est::puschRxChEstDynDescr_t *)"
16740665996,28991,324392,137,2,1,24,2,1,44,0.001,0.001,,,,,NVIDIA A100-SXM4-40GB MIG 4g.20gb (0),1,,13,"void ch_est::chEstFilterNoDftSOfdmDispatchKernel<float, __half, float, (unsigned int)2>(ch_est::puschRxChEstStatDescr_t *, ch_est::puschRxChEstDynDescr_t *)"
16740746795,10624,324403,103,1,1,128,1,1,16,0.000,0.000,,,,,NVIDIA A100-SXM4-40GB MIG 4g.20gb (0),1,,13,cupy_copy__complex64_complex64
16740795818,18336,324413,1434,1,1,128,1,1,16,0.000,0.000,,,,,NVIDIA A100-SXM4-40GB MIG 4g.20gb (0),1,,13,cupy_copy__complex64_complex64
16741056263,11264,324420,103,1,1,128,1,1,16,0.000,0.000,,,,,NVIDIA A100-SXM4-40GB MIG 4g.20gb (0),1,,13,cupy_copy__complex64_complex64
16741139846,300413,324427,1,1,1,32,32,1,30,0.000,0.000,,,,,NVIDIA A100-SXM4-40GB MIG 4g.20gb (0),1,,13,"void convert_kernel<__half2, float2>(tensor_layout_any, T1 *, tensor_layout_any, const T2 *)"
16741471107,14016,324430,,,,,,,,,,0.094,6684.929,Pinned,Device,NVIDIA A100-SXM4-40GB MIG 4g.20gb (0),1,,13,[CUDA memcpy Host-to-Device]
16741796639,60543,324431,,,,,,,,,,35.810,591472.449,Device,,NVIDIA A100-SXM4-40GB MIG 4g.20gb (0),1,,13,[CUDA memset]
16741860862,4640,324433,,,,,,,,,,0.000,17.241,Pinned,Device,NVIDIA A100-SXM4-40GB MIG 4g.20gb (0),1,,13,[CUDA memcpy Host-to-Device]
16741868382,10176,324434,,,,,,,,,,0.197,19320.668,Pinned,Device,NVIDIA A100-SXM4-40GB MIG 4g.20gb (0),1,,13,[CUDA memcpy Host-to-Device]
16742233754,37824,324435,273,1,1,48,1,1,40,0.000,0.001,,,,,NVIDIA A100-SXM4-40GB MIG 4g.20gb (0),1,,13,"void pusch_noise_intf_est::noiseIntfEstNoDftSOfdmKernel<float, __half, float, float, (unsigned int)2, (unsigned int)1, (unsigned char)4, (unsigned char)4>(pusch_noise_intf_est::puschRxNoiseIntfEstDynDescr)"
16742606838,12192,324446,35,1,1,128,1,1,16,0.000,0.000,,,,,NVIDIA A100-SXM4-40GB MIG 4g.20gb (0),1,,13,cupy_copy__complex64_complex64
16742943858,4960,324455,1,1,1,1,1,1,18,0.000,0.000,,,,,NVIDIA A100-SXM4-40GB MIG 4g.20gb (0),1,,13,cupy_copy__float32_float32
16742958770,4992,324461,,,,,,,,,,0.000,0.801,Device,Pageable,NVIDIA A100-SXM4-40GB MIG 4g.20gb (0),1,,7,[CUDA memcpy Device-to-Host]
16743350766,22207,324472,1434,1,1,128,1,1,16,0.000,0.000,,,,,NVIDIA A100-SXM4-40GB MIG 4g.20gb (0),1,,13,cupy_copy__complex64_complex64
16743702570,7424,324479,103,1,1,128,1,1,16,0.000,0.000,,,,,NVIDIA A100-SXM4-40GB MIG 4g.20gb (0),1,,13,cupy_copy__complex64_complex64
16743804137,10463,324486,35,1,1,128,1,1,16,0.000,0.000,,,,,NVIDIA A100-SXM4-40GB MIG 4g.20gb (0),1,,13,cupy_copy__complex64_complex64
16743876744,5888,324493,1,1,1,1,1,1,18,0.000,0.000,,,,,NVIDIA A100-SXM4-40GB MIG 4g.20gb (0),1,,13,cupy_copy__float32_float32
16743943527,387740,324504,1,1,1,32,32,1,30,0.000,0.000,,,,,NVIDIA A100-SXM4-40GB MIG 4g.20gb (0),1,,13,"void convert_kernel<__half2, float2>(tensor_layout_any, T1 *, tensor_layout_any, const T2 *)"
16744363778,12704,324507,,,,,,,,,,0.094,7375.281,Pinned,Device,NVIDIA A100-SXM4-40GB MIG 4g.20gb (0),1,,13,[CUDA memcpy Host-to-Device]
16744429026,10399,324508,,,,,,,,,,1.547,148728.004,Device,,NVIDIA A100-SXM4-40GB MIG 4g.20gb (0),1,,13,[CUDA memset]
16744441185,10944,324513,,,,,,,,,,0.031,2859.641,Pinned,Device,NVIDIA A100-SXM4-40GB MIG 4g.20gb (0),1,,13,[CUDA memcpy Host-to-Device]
16744454593,16928,324514,,,,,,,,,,0.197,11614.224,Pinned,Device,NVIDIA A100-SXM4-40GB MIG 4g.20gb (0),1,,13,[CUDA memcpy Host-to-Device]
16744501793,26783,324515,273,1,1,8,4,1,39,0.002,0.000,,,,,NVIDIA A100-SXM4-40GB MIG 4g.20gb (0),1,,13,"void channel_eq::eqMmseCoefCompLowMimoKernel<float, float, float, (unsigned int)4, (unsigned int)1, (unsigned int)4>(const channel_eq::_puschRxChEqStatDescr *, channel_eq::_puschRxChEqCoefCompDynDescr)"
16744549952,30912,324516,273,1,1,12,11,1,51,0.002,0.000,,,,,NVIDIA A100-SXM4-40GB MIG 4g.20gb (0),1,,13,"void channel_eq::eqMmseSoftDemapKernel<float, __half, __half, float, (unsigned int)4, (unsigned short)16383>(channel_eq::_puschRxChEqStatDescr *, channel_eq::_puschRxChEqSoftDemapDynDescr)"
16744595296,581977,324517,1,1,1,32,32,1,30,0.000,0.000,,,,,NVIDIA A100-SXM4-40GB MIG 4g.20gb (0),1,,13,"void convert_kernel<float2, __half2>(tensor_layout_any, T1 *, tensor_layout_any, const T2 *)"
16745195417,18880,324529,2253,1,1,128,1,1,16,0.000,0.000,,,,,NVIDIA A100-SXM4-40GB MIG 4g.20gb (0),1,,13,cupy_copy__float16_float16
16745246680,8576,324538,282,1,1,128,1,1,16,0.000,0.000,,,,,NVIDIA A100-SXM4-40GB MIG 4g.20gb (0),1,,13,cupy_copy__complex64_complex64
16745276824,7904,324547,26,1,1,128,1,1,16,0.000,0.000,,,,,NVIDIA A100-SXM4-40GB MIG 4g.20gb (0),1,,13,cupy_copy__float32_float32
16745316280,12127,324556,103,1,1,128,1,1,16,0.000,0.000,,,,,NVIDIA A100-SXM4-40GB MIG 4g.20gb (0),1,,13,cupy_copy__complex64_complex64
16745369687,18176,324566,1434,1,1,128,1,1,16,0.000,0.000,,,,,NVIDIA A100-SXM4-40GB MIG 4g.20gb (0),1,,13,cupy_copy__complex64_complex64
16745427062,308925,324571,1,1,1,32,32,1,30,0.000,0.000,,,,,NVIDIA A100-SXM4-40GB MIG 4g.20gb (0),1,,13,"void convert_kernel<__half2, float2>(tensor_layout_any, T1 *, tensor_layout_any, const T2 *)"
16745765202,6464,324574,,,,,,,,,,0.094,14494.959,Pinned,Device,NVIDIA A100-SXM4-40GB MIG 4g.20gb (0),1,,13,[CUDA memcpy Host-to-Device]
16745997296,620025,324575,,,,,,,,,,456.561,735977.041,Device,,NVIDIA A100-SXM4-40GB MIG 4g.20gb (0),1,,13,[CUDA memset]
16746618473,72863,324580,,,,,,,,,,1.235,16948.371,Pinned,Device,NVIDIA A100-SXM4-40GB MIG 4g.20gb (0),1,,13,[CUDA memcpy Host-to-Device]
16746693864,15456,324581,,,,,,,,,,0.197,12720.341,Pinned,Device,NVIDIA A100-SXM4-40GB MIG 4g.20gb (0),1,,13,[CUDA memcpy Host-to-Device]
16746905926,22111,324582,69,4,1,48,1,1,76,0.002,0.000,,,,,NVIDIA A100-SXM4-40GB MIG 4g.20gb (0),1,,13,"void ch_est::windowedChEstPreNoDftSOfdmKernel<float, __half, float, (unsigned int)2, (unsigned int)1, (unsigned short)4>(ch_est::puschRxChEstStatDescr_t *, ch_est::puschRxChEstDynDescr_t *)"
16746944773,24288,324583,137,2,1,24,2,1,44,0.001,0.001,,,,,NVIDIA A100-SXM4-40GB MIG 4g.20gb (0),1,,13,"void ch_est::chEstFilterNoDftSOfdmDispatchKernel<float, __half, float, (unsigned int)2>(ch_est::puschRxChEstStatDescr_t *, ch_est::puschRxChEstDynDescr_t *)"
16747175107,20703,324584,137,2,1,24,2,1,44,0.001,0.001,,,,,NVIDIA A100-SXM4-40GB MIG 4g.20gb (0),1,,13,"void ch_est::chEstFilterNoDftSOfdmDispatchKernel<float, __half, float, (unsigned int)2>(ch_est::puschRxChEstStatDescr_t *, ch_est::puschRxChEstDynDescr_t *)"
16747249570,8224,324595,103,1,1,128,1,1,16,0.000,0.000,,,,,NVIDIA A100-SXM4-40GB MIG 4g.20gb (0),1,,13,cupy_copy__complex64_complex64
16747466143,19264,324605,1434,1,1,128,1,1,16,0.000,0.000,,,,,NVIDIA A100-SXM4-40GB MIG 4g.20gb (0),1,,13,cupy_copy__complex64_complex64
16747700253,8768,324612,103,1,1,128,1,1,16,0.000,0.000,,,,,NVIDIA A100-SXM4-40GB MIG 4g.20gb (0),1,,13,cupy_copy__complex64_complex64
16747779132,296829,324619,1,1,1,32,32,1,30,0.000,0.000,,,,,NVIDIA A100-SXM4-40GB MIG 4g.20gb (0),1,,13,"void convert_kernel<__half2, float2>(tensor_layout_any, T1 *, tensor_layout_any, const T2 *)"
16748105208,5920,324622,,,,,,,,,,0.094,15826.941,Pinned,Device,NVIDIA A100-SXM4-40GB MIG 4g.20gb (0),1,,13,[CUDA memcpy Host-to-Device]
16748284790,58752,324623,,,,,,,,,,35.810,609484.838,Device,,NVIDIA A100-SXM4-40GB MIG 4g.20gb (0),1,,13,[CUDA memset]
16748348405,2368,324625,,,,,,,,,,0.000,33.784,Pinned,Device,NVIDIA A100-SXM4-40GB MIG 4g.20gb (0),1,,13,[CUDA memcpy Host-to-Device]
16748353333,9888,324626,,,,,,,,,,0.197,19883.360,Pinned,Device,NVIDIA A100-SXM4-40GB MIG 4g.20gb (0),1,,13,[CUDA memcpy Host-to-Device]
16748593811,30143,324627,273,1,1,48,1,1,40,0.000,0.001,,,,,NVIDIA A100-SXM4-40GB MIG 4g.20gb (0),1,,13,"void pusch_noise_intf_est::noiseIntfEstNoDftSOfdmKernel<float, __half, float, float, (unsigned int)2, (unsigned int)1, (unsigned char)4, (unsigned char)4>(pusch_noise_intf_est::puschRxNoiseIntfEstDynDescr)"
16748855184,8864,324638,35,1,1,128,1,1,16,0.000,0.000,,,,,NVIDIA A100-SXM4-40GB MIG 4g.20gb (0),1,,13,cupy_copy__complex64_complex64
16749075053,5760,324647,1,1,1,1,1,1,18,0.000,0.000,,,,,NVIDIA A100-SXM4-40GB MIG 4g.20gb (0),1,,13,cupy_copy__float32_float32
16749088045,1728,324653,,,,,,,,,,0.000,2.315,Device,Pageable,NVIDIA A100-SXM4-40GB MIG 4g.20gb (0),1,,7,[CUDA memcpy Device-to-Host]
16749180044,17504,324664,1434,1,1,128,1,1,16,0.000,0.000,,,,,NVIDIA A100-SXM4-40GB MIG 4g.20gb (0),1,,13,cupy_copy__complex64_complex64
16749218476,9888,324671,103,1,1,128,1,1,16,0.000,0.000,,,,,NVIDIA A100-SXM4-40GB MIG 4g.20gb (0),1,,13,cupy_copy__complex64_complex64
16749266091,10016,324678,35,1,1,128,1,1,16,0.000,0.000,,,,,NVIDIA A100-SXM4-40GB MIG 4g.20gb (0),1,,13,cupy_copy__complex64_complex64
16749310283,3552,324685,1,1,1,1,1,1,18,0.000,0.000,,,,,NVIDIA A100-SXM4-40GB MIG 4g.20gb (0),1,,13,cupy_copy__float32_float32
16749384170,251709,324696,1,1,1,32,32,1,30,0.000,0.000,,,,,NVIDIA A100-SXM4-40GB MIG 4g.20gb (0),1,,13,"void convert_kernel<__half2, float2>(tensor_layout_any, T1 *, tensor_layout_any, const T2 *)"
16749664359,5408,324699,,,,,,,,,,0.094,17325.421,Pinned,Device,NVIDIA A100-SXM4-40GB MIG 4g.20gb (0),1,,13,[CUDA memcpy Host-to-Device]
16749718566,10368,324700,,,,,,,,,,1.547,149171.885,Device,,NVIDIA A100-SXM4-40GB MIG 4g.20gb (0),1,,13,[CUDA memset]
16749732870,3040,324705,,,,,,,,,,0.031,10294.725,Pinned,Device,NVIDIA A100-SXM4-40GB MIG 4g.20gb (0),1,,13,[CUDA memcpy Host-to-Device]
16749738342,9472,324706,,,,,,,,,,0.197,20756.693,Pinned,Device,NVIDIA A100-SXM4-40GB MIG 4g.20gb (0),1,,13,[CUDA memcpy Host-to-Device]
16749752358,21823,324707,273,1,1,8,4,1,39,0.002,0.000,,,,,NVIDIA A100-SXM4-40GB MIG 4g.20gb (0),1,,13,"void channel_eq::eqMmseCoefCompLowMimoKernel<float, float, float, (unsigned int)4, (unsigned int)1, (unsigned int)4>(const channel_eq::_puschRxChEqStatDescr *, channel_eq::_puschRxChEqCoefCompDynDescr)"
16749806245,32704,324708,273,1,1,12,11,1,51,0.002,0.000,,,,,NVIDIA A100-SXM4-40GB MIG 4g.20gb (0),1,,13,"void channel_eq::eqMmseSoftDemapKernel<float, __half, __half, float, (unsigned int)4, (unsigned short)16383>(channel_eq::_puschRxChEqStatDescr *, channel_eq::_puschRxChEqSoftDemapDynDescr)"
16749854181,570361,324709,1,1,1,32,32,1,30,0.000,0.000,,,,,NVIDIA A100-SXM4-40GB MIG 4g.20gb (0),1,,13,"void convert_kernel<float2, __half2>(tensor_layout_any, T1 *, tensor_layout_any, const T2 *)"
16750450078,19072,324721,2253,1,1,128,1,1,16,0.000,0.000,,,,,NVIDIA A100-SXM4-40GB MIG 4g.20gb (0),1,,13,cupy_copy__float16_float16
16750499837,9440,324730,282,1,1,128,1,1,16,0.000,0.000,,,,,NVIDIA A100-SXM4-40GB MIG 4g.20gb (0),1,,13,cupy_copy__complex64_complex64
16750527709,8896,324739,26,1,1,128,1,1,16,0.000,0.000,,,,,NVIDIA A100-SXM4-40GB MIG 4g.20gb (0),1,,13,cupy_copy__float32_float32
16750566589,11167,324748,103,1,1,128,1,1,16,0.000,0.000,,,,,NVIDIA A100-SXM4-40GB MIG 4g.20gb (0),1,,13,cupy_copy__complex64_complex64
16750625916,18176,324758,1434,1,1,128,1,1,16,0.000,0.000,,,,,NVIDIA A100-SXM4-40GB MIG 4g.20gb (0),1,,13,cupy_copy__complex64_complex64
16750683803,267325,324763,1,1,1,32,32,1,30,0.000,0.000,,,,,NVIDIA A100-SXM4-40GB MIG 4g.20gb (0),1,,13,"void convert_kernel<__half2, float2>(tensor_layout_any, T1 *, tensor_layout_any, const T2 *)"
16750981080,5408,324766,,,,,,,,,,0.094,17325.421,Pinned,Device,NVIDIA A100-SXM4-40GB MIG 4g.20gb (0),1,,13,[CUDA memcpy Host-to-Device]
16751015896,619705,324767,,,,,,,,,,456.561,736433.603,Device,,NVIDIA A100-SXM4-40GB MIG 4g.20gb (0),1,,13,[CUDA memset]
16751641488,68960,324772,,,,,,,,,,1.235,17907.923,Pinned,Device,NVIDIA A100-SXM4-40GB MIG 4g.20gb (0),1,,13,[CUDA memcpy Host-to-Device]
16751712912,20959,324773,,,,,,,,,,0.197,9380.561,Pinned,Device,NVIDIA A100-SXM4-40GB MIG 4g.20gb (0),1,,13,[CUDA memcpy Host-to-Device]
16751762607,23872,324774,69,4,1,48,1,1,76,0.002,0.000,,,,,NVIDIA A100-SXM4-40GB MIG 4g.20gb (0),1,,13,"void ch_est::windowedChEstPreNoDftSOfdmKernel<float, __half, float, (unsigned int)2, (unsigned int)1, (unsigned short)4>(ch_est::puschRxChEstStatDescr_t *, ch_est::puschRxChEstDynDescr_t *)"
16751811503,31775,324775,137,2,1,24,2,1,44,0.001,0.001,,,,,NVIDIA A100-SXM4-40GB MIG 4g.20gb (0),1,,13,"void ch_est::chEstFilterNoDftSOfdmDispatchKernel<float, __half, float, (unsigned int)2>(ch_est::puschRxChEstStatDescr_t *, ch_est::puschRxChEstDynDescr_t *)"
16751917101,23456,324776,137,2,1,24,2,1,44,0.001,0.001,,,,,NVIDIA A100-SXM4-40GB MIG 4g.20gb (0),1,,13,"void ch_est::chEstFilterNoDftSOfdmDispatchKernel<float, __half, float, (unsigned int)2>(ch_est::puschRxChEstStatDescr_t *, ch_est::puschRxChEstDynDescr_t *)"
16752317513,15328,324787,103,1,1,128,1,1,16,0.000,0.000,,,,,NVIDIA A100-SXM4-40GB MIG 4g.20gb (0),1,,13,cupy_copy__complex64_complex64
16752410408,22208,324797,1434,1,1,128,1,1,16,0.000,0.000,,,,,NVIDIA A100-SXM4-40GB MIG 4g.20gb (0),1,,13,cupy_copy__complex64_complex64
16752804259,12608,324804,103,1,1,128,1,1,16,0.000,0.000,,,,,NVIDIA A100-SXM4-40GB MIG 4g.20gb (0),1,,13,cupy_copy__complex64_complex64
16752837827,288733,324811,1,1,1,32,32,1,30,0.000,0.000,,,,,NVIDIA A100-SXM4-40GB MIG 4g.20gb (0),1,,13,"void convert_kernel<__half2, float2>(tensor_layout_any, T1 *, tensor_layout_any, const T2 *)"
16753156607,5536,324814,,,,,,,,,,0.094,16924.777,Pinned,Device,NVIDIA A100-SXM4-40GB MIG 4g.20gb (0),1,,13,[CUDA memcpy Host-to-Device]
16753334781,61472,324815,,,,,,,,,,35.810,582519.969,Device,,NVIDIA A100-SXM4-40GB MIG 4g.20gb (0),1,,13,[CUDA memset]
16753400925,2176,324817,,,,,,,,,,0.000,36.765,Pinned,Device,NVIDIA A100-SXM4-40GB MIG 4g.20gb (0),1,,13,[CUDA memcpy Host-to-Device]
16753406077,9440,324818,,,,,,,,,,0.197,20827.079,Pinned,Device,NVIDIA A100-SXM4-40GB MIG 4g.20gb (0),1,,13,[CUDA memcpy Host-to-Device]
16753825144,503930,324819,273,1,1,48,1,1,40,0.000,0.001,,,,,NVIDIA A100-SXM4-40GB MIG 4g.20gb (0),1,,13,"void pusch_noise_intf_est::noiseIntfEstNoDftSOfdmKernel<float, __half, float, float, (unsigned int)2, (unsigned int)1, (unsigned char)4, (unsigned char)4>(pusch_noise_intf_est::puschRxNoiseIntfEstDynDescr)"
16754686350,17184,324830,35,1,1,128,1,1,16,0.000,0.000,,,,,NVIDIA A100-SXM4-40GB MIG 4g.20gb (0),1,,13,cupy_copy__complex64_complex64
16755043402,4416,324839,1,1,1,1,1,1,18,0.000,0.000,,,,,NVIDIA A100-SXM4-40GB MIG 4g.20gb (0),1,,13,cupy_copy__float32_float32
16755051818,1600,324845,,,,,,,,,,0.000,2.500,Device,Pageable,NVIDIA A100-SXM4-40GB MIG 4g.20gb (0),1,,7,[CUDA memcpy Device-to-Host]
16755463366,22207,324856,1434,1,1,128,1,1,16,0.000,0.000,,,,,NVIDIA A100-SXM4-40GB MIG 4g.20gb (0),1,,13,cupy_copy__complex64_complex64
16755561476,6688,324863,103,1,1,128,1,1,16,0.000,0.000,,,,,NVIDIA A100-SXM4-40GB MIG 4g.20gb (0),1,,13,cupy_copy__complex64_complex64
16755956960,10816,324870,35,1,1,128,1,1,16,0.000,0.000,,,,,NVIDIA A100-SXM4-40GB MIG 4g.20gb (0),1,,13,cupy_copy__complex64_complex64
16756316508,4000,324877,1,1,1,1,1,1,18,0.000,0.000,,,,,NVIDIA A100-SXM4-40GB MIG 4g.20gb (0),1,,13,cupy_copy__float32_float32
16756411515,308252,324888,1,1,1,32,32,1,30,0.000,0.000,,,,,NVIDIA A100-SXM4-40GB MIG 4g.20gb (0),1,,13,"void convert_kernel<__half2, float2>(tensor_layout_any, T1 *, tensor_layout_any, const T2 *)"
16756750295,5472,324891,,,,,,,,,,0.094,17122.757,Pinned,Device,NVIDIA A100-SXM4-40GB MIG 4g.20gb (0),1,,13,[CUDA memcpy Host-to-Device]
16757352272,16640,324892,,,,,,,,,,1.547,92945.916,Device,,NVIDIA A100-SXM4-40GB MIG 4g.20gb (0),1,,13,[CUDA memset]
16757395760,4224,324897,,,,,,,,,,0.031,7409.078,Pinned,Device,NVIDIA A100-SXM4-40GB MIG 4g.20gb (0),1,,13,[CUDA memcpy Host-to-Device]
16757410320,17887,324898,,,,,,,,,,0.197,10991.567,Pinned,Device,NVIDIA A100-SXM4-40GB MIG 4g.20gb (0),1,,13,[CUDA memcpy Host-to-Device]
16757460335,32128,324899,273,1,1,8,4,1,39,0.002,0.000,,,,,NVIDIA A100-SXM4-40GB MIG 4g.20gb (0),1,,13,"void channel_eq::eqMmseCoefCompLowMimoKernel<float, float, float, (unsigned int)4, (unsigned int)1, (unsigned int)4>(const channel_eq::_puschRxChEqStatDescr *, channel_eq::_puschRxChEqCoefCompDynDescr)"
16757578030,32479,324900,273,1,1,12,11,1,51,0.002,0.000,,,,,NVIDIA A100-SXM4-40GB MIG 4g.20gb (0),1,,13,"void channel_eq::eqMmseSoftDemapKernel<float, __half, __half, float, (unsigned int)4, (unsigned short)16383>(channel_eq::_puschRxChEqStatDescr *, channel_eq::_puschRxChEqSoftDemapDynDescr)"
16757626189,1585134,324901,1,1,1,32,32,1,30,0.000,0.000,,,,,NVIDIA A100-SXM4-40GB MIG 4g.20gb (0),1,,13,"void convert_kernel<float2, __half2>(tensor_layout_any, T1 *, tensor_layout_any, const T2 *)"
16759226203,15776,324913,2253,1,1,128,1,1,16,0.000,0.000,,,,,NVIDIA A100-SXM4-40GB MIG 4g.20gb (0),1,,13,cupy_copy__float16_float16
16759265627,9216,324922,282,1,1,128,1,1,16,0.000,0.000,,,,,NVIDIA A100-SXM4-40GB MIG 4g.20gb (0),1,,13,cupy_copy__complex64_complex64
16759303130,7616,324931,26,1,1,128,1,1,16,0.000,0.000,,,,,NVIDIA A100-SXM4-40GB MIG 4g.20gb (0),1,,13,cupy_copy__float32_float32
16759331226,12192,324940,103,1,1,128,1,1,16,0.000,0.000,,,,,NVIDIA A100-SXM4-40GB MIG 4g.20gb (0),1,,13,cupy_copy__complex64_complex64
16759428889,17280,324950,1434,1,1,128,1,1,16,0.000,0.000,,,,,NVIDIA A100-SXM4-40GB MIG 4g.20gb (0),1,,13,cupy_copy__complex64_complex64
16759472089,260925,324955,1,1,1,32,32,1,30,0.000,0.000,,,,,NVIDIA A100-SXM4-40GB MIG 4g.20gb (0),1,,13,"void convert_kernel<__half2, float2>(tensor_layout_any, T1 *, tensor_layout_any, const T2 *)"
16759761909,5408,324958,,,,,,,,,,0.094,17325.421,Pinned,Device,NVIDIA A100-SXM4-40GB MIG 4g.20gb (0),1,,13,[CUDA memcpy Host-to-Device]
16759812053,1115443,324959,,,,,,,,,,456.561,409079.050,Device,,NVIDIA A100-SXM4-40GB MIG 4g.20gb (0),1,,13,[CUDA memset]
16760930184,61727,324964,,,,,,,,,,1.235,20006.093,Pinned,Device,NVIDIA A100-SXM4-40GB MIG 4g.20gb (0),1,,13,[CUDA memcpy Host-to-Device]
16760998535,20352,324965,,,,,,,,,,0.197,9660.334,Pinned,Device,NVIDIA A100-SXM4-40GB MIG 4g.20gb (0),1,,13,[CUDA memcpy Host-to-Device]
16761136550,21952,324966,69,4,1,48,1,1,76,0.002,0.000,,,,,NVIDIA A100-SXM4-40GB MIG 4g.20gb (0),1,,13,"void ch_est::windowedChEstPreNoDftSOfdmKernel<float, __half, float, (unsigned int)2, (unsigned int)1, (unsigned short)4>(ch_est::puschRxChEstStatDescr_t *, ch_est::puschRxChEstDynDescr_t *)"
16761458914,30144,324967,137,2,1,24,2,1,44,0.001,0.001,,,,,NVIDIA A100-SXM4-40GB MIG 4g.20gb (0),1,,13,"void ch_est::chEstFilterNoDftSOfdmDispatchKernel<float, __half, float, (unsigned int)2>(ch_est::puschRxChEstStatDescr_t *, ch_est::puschRxChEstDynDescr_t *)"
16761791358,15776,324968,137,2,1,24,2,1,44,0.001,0.001,,,,,NVIDIA A100-SXM4-40GB MIG 4g.20gb (0),1,,13,"void ch_est::chEstFilterNoDftSOfdmDispatchKernel<float, __half, float, (unsigned int)2>(ch_est::puschRxChEstStatDescr_t *, ch_est::puschRxChEstDynDescr_t *)"
16761873214,7359,324979,103,1,1,128,1,1,16,0.000,0.000,,,,,NVIDIA A100-SXM4-40GB MIG 4g.20gb (0),1,,13,cupy_copy__complex64_complex64
16761905309,16928,324989,1434,1,1,128,1,1,16,0.000,0.000,,,,,NVIDIA A100-SXM4-40GB MIG 4g.20gb (0),1,,13,cupy_copy__complex64_complex64
16761954685,5504,324996,103,1,1,128,1,1,16,0.000,0.000,,,,,NVIDIA A100-SXM4-40GB MIG 4g.20gb (0),1,,13,cupy_copy__complex64_complex64
16762277785,266717,325003,1,1,1,32,32,1,30,0.000,0.000,,,,,NVIDIA A100-SXM4-40GB MIG 4g.20gb (0),1,,13,"void convert_kernel<__half2, float2>(tensor_layout_any, T1 *, tensor_layout_any, const T2 *)"
16762573590,6848,325006,,,,,,,,,,0.094,13682.239,Pinned,Device,NVIDIA A100-SXM4-40GB MIG 4g.20gb (0),1,,13,[CUDA memcpy Host-to-Device]
16762674613,59487,325007,,,,,,,,,,35.810,601964.755,Device,,NVIDIA A100-SXM4-40GB MIG 4g.20gb (0),1,,13,[CUDA memset]
16762741748,2688,325009,,,,,,,,,,0.000,29.762,Pinned,Device,NVIDIA A100-SXM4-40GB MIG 4g.20gb (0),1,,13,[CUDA memcpy Host-to-Device]
16762746964,9760,325010,,,,,,,,,,0.197,20144.259,Pinned,Device,NVIDIA A100-SXM4-40GB MIG 4g.20gb (0),1,,13,[CUDA memcpy Host-to-Device]
16763091440,27136,325011,273,1,1,48,1,1,40,0.000,0.001,,,,,NVIDIA A100-SXM4-40GB MIG 4g.20gb (0),1,,13,"void pusch_noise_intf_est::noiseIntfEstNoDftSOfdmKernel<float, __half, float, float, (unsigned int)2, (unsigned int)1, (unsigned char)4, (unsigned char)4>(pusch_noise_intf_est::puschRxNoiseIntfEstDynDescr)"
16763459276,9664,325022,35,1,1,128,1,1,16,0.000,0.000,,,,,NVIDIA A100-SXM4-40GB MIG 4g.20gb (0),1,,13,cupy_copy__complex64_complex64
16763778440,3808,325031,1,1,1,1,1,1,18,0.000,0.000,,,,,NVIDIA A100-SXM4-40GB MIG 4g.20gb (0),1,,13,cupy_copy__float32_float32
16763783592,1792,325037,,,,,,,,,,0.000,2.232,Device,Pageable,NVIDIA A100-SXM4-40GB MIG 4g.20gb (0),1,,7,[CUDA memcpy Device-to-Host]
16764180196,15903,325048,1434,1,1,128,1,1,16,0.000,0.000,,,,,NVIDIA A100-SXM4-40GB MIG 4g.20gb (0),1,,13,cupy_copy__complex64_complex64
16764506240,15200,325055,103,1,1,128,1,1,16,0.000,0.000,,,,,NVIDIA A100-SXM4-40GB MIG 4g.20gb (0),1,,13,cupy_copy__complex64_complex64
16764835388,9472,325062,35,1,1,128,1,1,16,0.000,0.000,,,,,NVIDIA A100-SXM4-40GB MIG 4g.20gb (0),1,,13,cupy_copy__complex64_complex64
16764913851,5088,325069,1,1,1,1,1,1,18,0.000,0.000,,,,,NVIDIA A100-SXM4-40GB MIG 4g.20gb (0),1,,13,cupy_copy__float32_float32
16764948187,306397,325080,1,1,1,32,32,1,30,0.000,0.000,,,,,NVIDIA A100-SXM4-40GB MIG 4g.20gb (0),1,,13,"void convert_kernel<__half2, float2>(tensor_layout_any, T1 *, tensor_layout_any, const T2 *)"
16765284375,5760,325083,,,,,,,,,,0.094,16266.656,Pinned,Device,NVIDIA A100-SXM4-40GB MIG 4g.20gb (0),1,,13,[CUDA memcpy Host-to-Device]
16765318295,8448,325084,,,,,,,,,,1.547,183075.430,Device,,NVIDIA A100-SXM4-40GB MIG 4g.20gb (0),1,,13,[CUDA memset]
16765332407,3200,325089,,,,,,,,,,0.031,9780.000,Pinned,Device,NVIDIA A100-SXM4-40GB MIG 4g.20gb (0),1,,13,[CUDA memcpy Host-to-Device]
16765338135,20703,325090,,,,,,,,,,0.197,9496.560,Pinned,Device,NVIDIA A100-SXM4-40GB MIG 4g.20gb (0),1,,13,[CUDA memcpy Host-to-Device]
16765387350,32544,325091,273,1,1,8,4,1,39,0.002,0.000,,,,,NVIDIA A100-SXM4-40GB MIG 4g.20gb (0),1,,13,"void channel_eq::eqMmseCoefCompLowMimoKernel<float, float, float, (unsigned int)4, (unsigned int)1, (unsigned int)4>(const channel_eq::_puschRxChEqStatDescr *, channel_eq::_puschRxChEqCoefCompDynDescr)"
16765437718,26239,325092,273,1,1,12,11,1,51,0.002,0.000,,,,,NVIDIA A100-SXM4-40GB MIG 4g.20gb (0),1,,13,"void channel_eq::eqMmseSoftDemapKernel<float, __half, __half, float, (unsigned int)4, (unsigned short)16383>(channel_eq::_puschRxChEqStatDescr *, channel_eq::_puschRxChEqSoftDemapDynDescr)"
16765490965,664792,325093,1,1,1,32,32,1,30,0.000,0.000,,,,,NVIDIA A100-SXM4-40GB MIG 4g.20gb (0),1,,13,"void convert_kernel<float2, __half2>(tensor_layout_any, T1 *, tensor_layout_any, const T2 *)"
16766326572,20383,325105,2253,1,1,128,1,1,16,0.000,0.000,,,,,NVIDIA A100-SXM4-40GB MIG 4g.20gb (0),1,,13,cupy_copy__float16_float16
16766531785,8896,325114,282,1,1,128,1,1,16,0.000,0.000,,,,,NVIDIA A100-SXM4-40GB MIG 4g.20gb (0),1,,13,cupy_copy__complex64_complex64
16766720391,7392,325123,26,1,1,128,1,1,16,0.000,0.000,,,,,NVIDIA A100-SXM4-40GB MIG 4g.20gb (0),1,,13,cupy_copy__float32_float32
16766849958,9344,325132,103,1,1,128,1,1,16,0.000,0.000,,,,,NVIDIA A100-SXM4-40GB MIG 4g.20gb (0),1,,13,cupy_copy__complex64_complex64
16767257121,19712,325148,1434,1,1,128,1,1,16,0.000,0.000,,,,,NVIDIA A100-SXM4-40GB MIG 4g.20gb (0),1,,13,cupy_copy__complex64_complex64
16767506782,294173,325153,1,1,1,32,32,1,30,0.000,0.000,,,,,NVIDIA A100-SXM4-40GB MIG 4g.20gb (0),1,,13,"void convert_kernel<__half2, float2>(tensor_layout_any, T1 *, tensor_layout_any, const T2 *)"
16767832859,9407,325156,,,,,,,,,,0.094,9960.166,Pinned,Device,NVIDIA A100-SXM4-40GB MIG 4g.20gb (0),1,,13,[CUDA memcpy Host-to-Device]
16768117271,625561,325157,,,,,,,,,,456.561,729585.181,Device,,NVIDIA A100-SXM4-40GB MIG 4g.20gb (0),1,,13,[CUDA memset]
16768747024,66624,325162,,,,,,,,,,1.235,18535.274,Pinned,Device,NVIDIA A100-SXM4-40GB MIG 4g.20gb (0),1,,13,[CUDA memcpy Host-to-Device]
16768824751,16384,325163,,,,,,,,,,0.197,11999.969,Pinned,Device,NVIDIA A100-SXM4-40GB MIG 4g.20gb (0),1,,13,[CUDA memcpy Host-to-Device]
16768871471,23264,325164,69,4,1,48,1,1,76,0.002,0.000,,,,,NVIDIA A100-SXM4-40GB MIG 4g.20gb (0),1,,13,"void ch_est::windowedChEstPreNoDftSOfdmKernel<float, __half, float, (unsigned int)2, (unsigned int)1, (unsigned short)4>(ch_est::puschRxChEstStatDescr_t *, ch_est::puschRxChEstDynDescr_t *)"
16768920654,25824,325165,137,2,1,24,2,1,44,0.001,0.001,,,,,NVIDIA A100-SXM4-40GB MIG 4g.20gb (0),1,,13,"void ch_est::chEstFilterNoDftSOfdmDispatchKernel<float, __half, float, (unsigned int)2>(ch_est::puschRxChEstStatDescr_t *, ch_est::puschRxChEstDynDescr_t *)"
16768960014,24352,325166,137,2,1,24,2,1,44,0.001,0.001,,,,,NVIDIA A100-SXM4-40GB MIG 4g.20gb (0),1,,13,"void ch_est::chEstFilterNoDftSOfdmDispatchKernel<float, __half, float, (unsigned int)2>(ch_est::puschRxChEstStatDescr_t *, ch_est::puschRxChEstDynDescr_t *)"
16769008557,6944,325177,103,1,1,128,1,1,16,0.000,0.000,,,,,NVIDIA A100-SXM4-40GB MIG 4g.20gb (0),1,,13,cupy_copy__complex64_complex64
16769041869,18144,325187,1434,1,1,128,1,1,16,0.000,0.000,,,,,NVIDIA A100-SXM4-40GB MIG 4g.20gb (0),1,,13,cupy_copy__complex64_complex64
16769091980,6560,325194,103,1,1,128,1,1,16,0.000,0.000,,,,,NVIDIA A100-SXM4-40GB MIG 4g.20gb (0),1,,13,cupy_copy__complex64_complex64
16769128044,267421,325201,1,1,1,32,32,1,30,0.000,0.000,,,,,NVIDIA A100-SXM4-40GB MIG 4g.20gb (0),1,,13,"void convert_kernel<__half2, float2>(tensor_layout_any, T1 *, tensor_layout_any, const T2 *)"
16769424841,5376,325204,,,,,,,,,,0.094,17428.487,Pinned,Device,NVIDIA A100-SXM4-40GB MIG 4g.20gb (0),1,,13,[CUDA memcpy Host-to-Device]
16769487400,61919,325205,,,,,,,,,,35.810,578330.208,Device,,NVIDIA A100-SXM4-40GB MIG 4g.20gb (0),1,,13,[CUDA memset]
16769554247,6528,325207,,,,,,,,,,0.000,12.255,Pinned,Device,NVIDIA A100-SXM4-40GB MIG 4g.20gb (0),1,,13,[CUDA memcpy Host-to-Device]
16769564071,12320,325208,,,,,,,,,,0.197,15958.278,Pinned,Device,NVIDIA A100-SXM4-40GB MIG 4g.20gb (0),1,,13,[CUDA memcpy Host-to-Device]
16769613287,31615,325209,273,1,1,48,1,1,40,0.000,0.001,,,,,NVIDIA A100-SXM4-40GB MIG 4g.20gb (0),1,,13,"void pusch_noise_intf_est::noiseIntfEstNoDftSOfdmKernel<float, __half, float, float, (unsigned int)2, (unsigned int)1, (unsigned char)4, (unsigned char)4>(pusch_noise_intf_est::puschRxNoiseIntfEstDynDescr)"
16769689606,8992,325220,35,1,1,128,1,1,16,0.000,0.000,,,,,NVIDIA A100-SXM4-40GB MIG 4g.20gb (0),1,,13,cupy_copy__complex64_complex64
16769724549,4704,325229,1,1,1,1,1,1,18,0.000,0.000,,,,,NVIDIA A100-SXM4-40GB MIG 4g.20gb (0),1,,13,cupy_copy__float32_float32
16769733989,1696,325235,,,,,,,,,,0.000,2.358,Device,Pageable,NVIDIA A100-SXM4-40GB MIG 4g.20gb (0),1,,7,[CUDA memcpy Device-to-Host]
16769808932,20128,325246,1434,1,1,128,1,1,16,0.000,0.000,,,,,NVIDIA A100-SXM4-40GB MIG 4g.20gb (0),1,,13,cupy_copy__complex64_complex64
16769859652,5440,325253,103,1,1,128,1,1,16,0.000,0.000,,,,,NVIDIA A100-SXM4-40GB MIG 4g.20gb (0),1,,13,cupy_copy__complex64_complex64
16769892035,9472,325260,35,1,1,128,1,1,16,0.000,0.000,,,,,NVIDIA A100-SXM4-40GB MIG 4g.20gb (0),1,,13,cupy_copy__complex64_complex64
16769949731,3648,325267,1,1,1,1,1,1,18,0.000,0.000,,,,,NVIDIA A100-SXM4-40GB MIG 4g.20gb (0),1,,13,cupy_copy__float32_float32
16769995778,256541,325278,1,1,1,32,32,1,30,0.000,0.000,,,,,NVIDIA A100-SXM4-40GB MIG 4g.20gb (0),1,,13,"void convert_kernel<__half2, float2>(tensor_layout_any, T1 *, tensor_layout_any, const T2 *)"
16770281951,5408,325281,,,,,,,,,,0.094,17325.421,Pinned,Device,NVIDIA A100-SXM4-40GB MIG 4g.20gb (0),1,,13,[CUDA memcpy Host-to-Device]
16770332287,9919,325282,,,,,,,,,,1.547,155924.445,Device,,NVIDIA A100-SXM4-40GB MIG 4g.20gb (0),1,,13,[CUDA memset]
16770343742,9696,325287,,,,,,,,,,0.031,3227.713,Pinned,Device,NVIDIA A100-SXM4-40GB MIG 4g.20gb (0),1,,13,[CUDA memcpy Host-to-Device]
16770359838,13216,325288,,,,,,,,,,0.197,14876.344,Pinned,Device,NVIDIA A100-SXM4-40GB MIG 4g.20gb (0),1,,13,[CUDA memcpy Host-to-Device]
16770399550,33407,325289,273,1,1,8,4,1,39,0.002,0.000,,,,,NVIDIA A100-SXM4-40GB MIG 4g.20gb (0),1,,13,"void channel_eq::eqMmseCoefCompLowMimoKernel<float, float, float, (unsigned int)4, (unsigned int)1, (unsigned int)4>(const channel_eq::_puschRxChEqStatDescr *, channel_eq::_puschRxChEqCoefCompDynDescr)"
16770518076,32576,325290,273,1,1,12,11,1,51,0.002,0.000,,,,,NVIDIA A100-SXM4-40GB MIG 4g.20gb (0),1,,13,"void channel_eq::eqMmseSoftDemapKernel<float, __half, __half, float, (unsigned int)4, (unsigned short)16383>(channel_eq::_puschRxChEqStatDescr *, channel_eq::_puschRxChEqSoftDemapDynDescr)"
16770565820,616953,325291,1,1,1,32,32,1,30,0.000,0.000,,,,,NVIDIA A100-SXM4-40GB MIG 4g.20gb (0),1,,13,"void convert_kernel<float2, __half2>(tensor_layout_any, T1 *, tensor_layout_any, const T2 *)"
16771231860,19968,325303,2253,1,1,128,1,1,16,0.000,0.000,,,,,NVIDIA A100-SXM4-40GB MIG 4g.20gb (0),1,,13,cupy_copy__float16_float16
16771281876,7968,325312,282,1,1,128,1,1,16,0.000,0.000,,,,,NVIDIA A100-SXM4-40GB MIG 4g.20gb (0),1,,13,cupy_copy__complex64_complex64
16771374739,5632,325321,26,1,1,128,1,1,16,0.000,0.000,,,,,NVIDIA A100-SXM4-40GB MIG 4g.20gb (0),1,,13,cupy_copy__float32_float32
16771412274,11712,325330,103,1,1,128,1,1,16,0.000,0.000,,,,,NVIDIA A100-SXM4-40GB MIG 4g.20gb (0),1,,13,cupy_copy__complex64_complex64
16771454162,19360,325340,1434,1,1,128,1,1,16,0.000,0.000,,,,,NVIDIA A100-SXM4-40GB MIG 4g.20gb (0),1,,13,cupy_copy__complex64_complex64
16771511441,264093,325345,1,1,1,32,32,1,30,0.000,0.000,,,,,NVIDIA A100-SXM4-40GB MIG 4g.20gb (0),1,,13,"void convert_kernel<__half2, float2>(tensor_layout_any, T1 *, tensor_layout_any, const T2 *)"
16771805038,6112,325348,,,,,,,,,,0.094,15329.790,Pinned,Device,NVIDIA A100-SXM4-40GB MIG 4g.20gb (0),1,,13,[CUDA memcpy Host-to-Device]
16771932557,610425,325349,,,,,,,,,,456.561,747847.639,Device,,NVIDIA A100-SXM4-40GB MIG 4g.20gb (0),1,,13,[CUDA memset]
16772548294,67615,325354,,,,,,,,,,1.235,18263.587,Pinned,Device,NVIDIA A100-SXM4-40GB MIG 4g.20gb (0),1,,13,[CUDA memcpy Host-to-Device]
16772624037,22592,325355,,,,,,,,,,0.197,8702.460,Pinned,Device,NVIDIA A100-SXM4-40GB MIG 4g.20gb (0),1,,13,[CUDA memcpy Host-to-Device]
16772754947,20512,325356,69,4,1,48,1,1,76,0.002,0.000,,,,,NVIDIA A100-SXM4-40GB MIG 4g.20gb (0),1,,13,"void ch_est::windowedChEstPreNoDftSOfdmKernel<float, __half, float, (unsigned int)2, (unsigned int)1, (unsigned short)4>(ch_est::puschRxChEstStatDescr_t *, ch_est::puschRxChEstDynDescr_t *)"
16772792195,22080,325357,137,2,1,24,2,1,44,0.001,0.001,,,,,NVIDIA A100-SXM4-40GB MIG 4g.20gb (0),1,,13,"void ch_est::chEstFilterNoDftSOfdmDispatchKernel<float, __half, float, (unsigned int)2>(ch_est::puschRxChEstStatDescr_t *, ch_est::puschRxChEstDynDescr_t *)"
16772839714,24992,325358,137,2,1,24,2,1,44,0.001,0.001,,,,,NVIDIA A100-SXM4-40GB MIG 4g.20gb (0),1,,13,"void ch_est::chEstFilterNoDftSOfdmDispatchKernel<float, __half, float, (unsigned int)2>(ch_est::puschRxChEstStatDescr_t *, ch_est::puschRxChEstDynDescr_t *)"
16773002273,21855,325369,103,1,1,128,1,1,16,0.000,0.000,,,,,NVIDIA A100-SXM4-40GB MIG 4g.20gb (0),1,,13,cupy_copy__complex64_complex64
16773092608,17823,325379,1434,1,1,128,1,1,16,0.000,0.000,,,,,NVIDIA A100-SXM4-40GB MIG 4g.20gb (0),1,,13,cupy_copy__complex64_complex64
16773284637,6784,325386,103,1,1,128,1,1,16,0.000,0.000,,,,,NVIDIA A100-SXM4-40GB MIG 4g.20gb (0),1,,13,cupy_copy__complex64_complex64
16773438620,299900,325393,1,1,1,32,32,1,30,0.000,0.000,,,,,NVIDIA A100-SXM4-40GB MIG 4g.20gb (0),1,,13,"void convert_kernel<__half2, float2>(tensor_layout_any, T1 *, tensor_layout_any, const T2 *)"
16773769656,11712,325396,,,,,,,,,,0.094,7999.952,Pinned,Device,NVIDIA A100-SXM4-40GB MIG 4g.20gb (0),1,,13,[CUDA memcpy Host-to-Device]
16773953974,59935,325397,,,,,,,,,,35.810,597452.705,Device,,NVIDIA A100-SXM4-40GB MIG 4g.20gb (0),1,,13,[CUDA memset]
16774021461,3040,325399,,,,,,,,,,0.000,26.316,Pinned,Device,NVIDIA A100-SXM4-40GB MIG 4g.20gb (0),1,,13,[CUDA memcpy Host-to-Device]
16774033109,10336,325400,,,,,,,,,,0.197,19021.627,Pinned,Device,NVIDIA A100-SXM4-40GB MIG 4g.20gb (0),1,,13,[CUDA memcpy Host-to-Device]
16774226931,25567,325401,273,1,1,48,1,1,40,0.000,0.001,,,,,NVIDIA A100-SXM4-40GB MIG 4g.20gb (0),1,,13,"void pusch_noise_intf_est::noiseIntfEstNoDftSOfdmKernel<float, __half, float, float, (unsigned int)2, (unsigned int)1, (unsigned char)4, (unsigned char)4>(pusch_noise_intf_est::puschRxNoiseIntfEstDynDescr)"
16774416049,8960,325412,35,1,1,128,1,1,16,0.000,0.000,,,,,NVIDIA A100-SXM4-40GB MIG 4g.20gb (0),1,,13,cupy_copy__complex64_complex64
16774571567,5504,325421,1,1,1,1,1,1,18,0.000,0.000,,,,,NVIDIA A100-SXM4-40GB MIG 4g.20gb (0),1,,13,cupy_copy__float32_float32
16774586127,1600,325427,,,,,,,,,,0.000,2.500,Device,Pageable,NVIDIA A100-SXM4-40GB MIG 4g.20gb (0),1,,7,[CUDA memcpy Device-to-Host]
16774662734,18624,325438,1434,1,1,128,1,1,16,0.000,0.000,,,,,NVIDIA A100-SXM4-40GB MIG 4g.20gb (0),1,,13,cupy_copy__complex64_complex64
16774711757,5376,325445,103,1,1,128,1,1,16,0.000,0.000,,,,,NVIDIA A100-SXM4-40GB MIG 4g.20gb (0),1,,13,cupy_copy__complex64_complex64
16774744109,9120,325452,35,1,1,128,1,1,16,0.000,0.000,,,,,NVIDIA A100-SXM4-40GB MIG 4g.20gb (0),1,,13,cupy_copy__complex64_complex64
16774799276,3936,325459,1,1,1,1,1,1,18,0.000,0.000,,,,,NVIDIA A100-SXM4-40GB MIG 4g.20gb (0),1,,13,cupy_copy__float32_float32
16774900843,254045,325470,1,1,1,32,32,1,30,0.000,0.000,,,,,NVIDIA A100-SXM4-40GB MIG 4g.20gb (0),1,,13,"void convert_kernel<__half2, float2>(tensor_layout_any, T1 *, tensor_layout_any, const T2 *)"
16775351526,5472,325473,,,,,,,,,,0.094,17122.757,Pinned,Device,NVIDIA A100-SXM4-40GB MIG 4g.20gb (0),1,,13,[CUDA memcpy Host-to-Device]
16775365478,9248,325474,,,,,,,,,,1.547,167238.000,Device,,NVIDIA A100-SXM4-40GB MIG 4g.20gb (0),1,,13,[CUDA memset]
16775381734,3072,325479,,,,,,,,,,0.031,10187.474,Pinned,Device,NVIDIA A100-SXM4-40GB MIG 4g.20gb (0),1,,13,[CUDA memcpy Host-to-Device]
16775387302,9600,325480,,,,,,,,,,0.197,20479.869,Pinned,Device,NVIDIA A100-SXM4-40GB MIG 4g.20gb (0),1,,13,[CUDA memcpy Host-to-Device]
16775402406,37663,325481,273,1,1,8,4,1,39,0.002,0.000,,,,,NVIDIA A100-SXM4-40GB MIG 4g.20gb (0),1,,13,"void channel_eq::eqMmseCoefCompLowMimoKernel<float, float, float, (unsigned int)4, (unsigned int)1, (unsigned int)4>(const channel_eq::_puschRxChEqStatDescr *, channel_eq::_puschRxChEqCoefCompDynDescr)"
16775453221,26432,325482,273,1,1,12,11,1,51,0.002,0.000,,,,,NVIDIA A100-SXM4-40GB MIG 4g.20gb (0),1,,13,"void channel_eq::eqMmseSoftDemapKernel<float, __half, __half, float, (unsigned int)4, (unsigned short)16383>(channel_eq::_puschRxChEqStatDescr *, channel_eq::_puschRxChEqSoftDemapDynDescr)"
16775506564,571962,325483,1,1,1,32,32,1,30,0.000,0.000,,,,,NVIDIA A100-SXM4-40GB MIG 4g.20gb (0),1,,13,"void convert_kernel<float2, __half2>(tensor_layout_any, T1 *, tensor_layout_any, const T2 *)"
16776101182,16448,325495,2253,1,1,128,1,1,16,0.000,0.000,,,,,NVIDIA A100-SXM4-40GB MIG 4g.20gb (0),1,,13,cupy_copy__float16_float16
16776139645,10400,325504,282,1,1,128,1,1,16,0.000,0.000,,,,,NVIDIA A100-SXM4-40GB MIG 4g.20gb (0),1,,13,cupy_copy__complex64_complex64
16776176989,7296,325513,26,1,1,128,1,1,16,0.000,0.000,,,,,NVIDIA A100-SXM4-40GB MIG 4g.20gb (0),1,,13,cupy_copy__float32_float32
16776205181,12607,325522,103,1,1,128,1,1,16,0.000,0.000,,,,,NVIDIA A100-SXM4-40GB MIG 4g.20gb (0),1,,13,cupy_copy__complex64_complex64
16776302299,18080,325532,1434,1,1,128,1,1,16,0.000,0.000,,,,,NVIDIA A100-SXM4-40GB MIG 4g.20gb (0),1,,13,cupy_copy__complex64_complex64
16776345627,249853,325537,1,1,1,32,32,1,30,0.000,0.000,,,,,NVIDIA A100-SXM4-40GB MIG 4g.20gb (0),1,,13,"void convert_kernel<__half2, float2>(tensor_layout_any, T1 *, tensor_layout_any, const T2 *)"
16776625432,5472,325540,,,,,,,,,,0.094,17122.757,Pinned,Device,NVIDIA A100-SXM4-40GB MIG 4g.20gb (0),1,,13,[CUDA memcpy Host-to-Device]
16776683479,631513,325541,,,,,,,,,,456.561,722736.760,Device,,NVIDIA A100-SXM4-40GB MIG 4g.20gb (0),1,,13,[CUDA memset]
16777321200,56351,325546,,,,,,,,,,1.235,21914.081,Pinned,Device,NVIDIA A100-SXM4-40GB MIG 4g.20gb (0),1,,13,[CUDA memcpy Host-to-Device]
16777380655,11456,325547,,,,,,,,,,0.197,17161.912,Pinned,Device,NVIDIA A100-SXM4-40GB MIG 4g.20gb (0),1,,13,[CUDA memcpy Host-to-Device]
16777407951,21664,325548,69,4,1,48,1,1,76,0.002,0.000,,,,,NVIDIA A100-SXM4-40GB MIG 4g.20gb (0),1,,13,"void ch_est::windowedChEstPreNoDftSOfdmKernel<float, __half, float, (unsigned int)2, (unsigned int)1, (unsigned short)4>(ch_est::puschRxChEstStatDescr_t *, ch_est::puschRxChEstDynDescr_t *)"
16777456750,27232,325549,137,2,1,24,2,1,44,0.001,0.001,,,,,NVIDIA A100-SXM4-40GB MIG 4g.20gb (0),1,,13,"void ch_est::chEstFilterNoDftSOfdmDispatchKernel<float, __half, float, (unsigned int)2>(ch_est::puschRxChEstStatDescr_t *, ch_est::puschRxChEstDynDescr_t *)"
16777495822,22784,325550,137,2,1,24,2,1,44,0.001,0.001,,,,,NVIDIA A100-SXM4-40GB MIG 4g.20gb (0),1,,13,"void ch_est::chEstFilterNoDftSOfdmDispatchKernel<float, __half, float, (unsigned int)2>(ch_est::puschRxChEstStatDescr_t *, ch_est::puschRxChEstDynDescr_t *)"
16777542414,5727,325561,103,1,1,128,1,1,16,0.000,0.000,,,,,NVIDIA A100-SXM4-40GB MIG 4g.20gb (0),1,,13,cupy_copy__complex64_complex64
16778089831,21952,325571,1434,1,1,128,1,1,16,0.000,0.000,,,,,NVIDIA A100-SXM4-40GB MIG 4g.20gb (0),1,,13,cupy_copy__complex64_complex64
16778170086,7008,325578,103,1,1,128,1,1,16,0.000,0.000,,,,,NVIDIA A100-SXM4-40GB MIG 4g.20gb (0),1,,13,cupy_copy__complex64_complex64
16778220870,262653,325585,1,1,1,32,32,1,30,0.000,0.000,,,,,NVIDIA A100-SXM4-40GB MIG 4g.20gb (0),1,,13,"void convert_kernel<__half2, float2>(tensor_layout_any, T1 *, tensor_layout_any, const T2 *)"
16778513059,5376,325588,,,,,,,,,,0.094,17428.487,Pinned,Device,NVIDIA A100-SXM4-40GB MIG 4g.20gb (0),1,,13,[CUDA memcpy Host-to-Device]
16778557474,63999,325589,,,,,,,,,,35.810,559530.000,Device,,NVIDIA A100-SXM4-40GB MIG 4g.20gb (0),1,,13,[CUDA memset]
16778625697,3232,325591,,,,,,,,,,0.000,24.752,Pinned,Device,NVIDIA A100-SXM4-40GB MIG 4g.20gb (0),1,,13,[CUDA memcpy Host-to-Device]
16778631361,9472,325592,,,,,,,,,,0.197,20756.693,Pinned,Device,NVIDIA A100-SXM4-40GB MIG 4g.20gb (0),1,,13,[CUDA memcpy Host-to-Device]
16778679873,28191,325593,273,1,1,48,1,1,40,0.000,0.001,,,,,NVIDIA A100-SXM4-40GB MIG 4g.20gb (0),1,,13,"void pusch_noise_intf_est::noiseIntfEstNoDftSOfdmKernel<float, __half, float, float, (unsigned int)2, (unsigned int)1, (unsigned char)4, (unsigned char)4>(pusch_noise_intf_est::puschRxNoiseIntfEstDynDescr)"
16778724448,8320,325604,35,1,1,128,1,1,16,0.000,0.000,,,,,NVIDIA A100-SXM4-40GB MIG 4g.20gb (0),1,,13,cupy_copy__complex64_complex64
16778763040,4576,325613,1,1,1,1,1,1,18,0.000,0.000,,,,,NVIDIA A100-SXM4-40GB MIG 4g.20gb (0),1,,13,cupy_copy__float32_float32
16778769536,1600,325619,,,,,,,,,,0.000,2.500,Device,Pageable,NVIDIA A100-SXM4-40GB MIG 4g.20gb (0),1,,7,[CUDA memcpy Device-to-Host]
16778860863,17888,325630,1434,1,1,128,1,1,16,0.000,0.000,,,,,NVIDIA A100-SXM4-40GB MIG 4g.20gb (0),1,,13,cupy_copy__complex64_complex64
16778911486,6144,325637,103,1,1,128,1,1,16,0.000,0.000,,,,,NVIDIA A100-SXM4-40GB MIG 4g.20gb (0),1,,13,cupy_copy__complex64_complex64
16778943550,8896,325644,35,1,1,128,1,1,16,0.000,0.000,,,,,NVIDIA A100-SXM4-40GB MIG 4g.20gb (0),1,,13,cupy_copy__complex64_complex64
16778997469,4224,325651,1,1,1,1,1,1,18,0.000,0.000,,,,,NVIDIA A100-SXM4-40GB MIG 4g.20gb (0),1,,13,cupy_copy__float32_float32
16779041213,248925,325662,1,1,1,32,32,1,30,0.000,0.000,,,,,NVIDIA A100-SXM4-40GB MIG 4g.20gb (0),1,,13,"void convert_kernel<__half2, float2>(tensor_layout_any, T1 *, tensor_layout_any, const T2 *)"
16779320250,5503,325665,,,,,,,,,,0.094,17026.343,Pinned,Device,NVIDIA A100-SXM4-40GB MIG 4g.20gb (0),1,,13,[CUDA memcpy Host-to-Device]
16779343737,12480,325666,,,,,,,,,,1.547,123927.888,Device,,NVIDIA A100-SXM4-40GB MIG 4g.20gb (0),1,,13,[CUDA memset]
16779361849,3360,325671,,,,,,,,,,0.031,9314.284,Pinned,Device,NVIDIA A100-SXM4-40GB MIG 4g.20gb (0),1,,13,[CUDA memcpy Host-to-Device]
16779367641,11328,325672,,,,,,,,,,0.197,17355.768,Pinned,Device,NVIDIA A100-SXM4-40GB MIG 4g.20gb (0),1,,13,[CUDA memcpy Host-to-Device]
16779413817,27999,325673,273,1,1,8,4,1,39,0.002,0.000,,,,,NVIDIA A100-SXM4-40GB MIG 4g.20gb (0),1,,13,"void channel_eq::eqMmseCoefCompLowMimoKernel<float, float, float, (unsigned int)4, (unsigned int)1, (unsigned int)4>(const channel_eq::_puschRxChEqStatDescr *, channel_eq::_puschRxChEqCoefCompDynDescr)"
16779462104,30400,325674,273,1,1,12,11,1,51,0.002,0.000,,,,,NVIDIA A100-SXM4-40GB MIG 4g.20gb (0),1,,13,"void channel_eq::eqMmseSoftDemapKernel<float, __half, __half, float, (unsigned int)4, (unsigned short)16383>(channel_eq::_puschRxChEqStatDescr *, channel_eq::_puschRxChEqSoftDemapDynDescr)"
16779507383,594650,325675,1,1,1,32,32,1,30,0.000,0.000,,,,,NVIDIA A100-SXM4-40GB MIG 4g.20gb (0),1,,13,"void convert_kernel<float2, __half2>(tensor_layout_any, T1 *, tensor_layout_any, const T2 *)"
16780140688,16288,325687,2253,1,1,128,1,1,16,0.000,0.000,,,,,NVIDIA A100-SXM4-40GB MIG 4g.20gb (0),1,,13,cupy_copy__float16_float16
16780178640,10656,325696,282,1,1,128,1,1,16,0.000,0.000,,,,,NVIDIA A100-SXM4-40GB MIG 4g.20gb (0),1,,13,cupy_copy__complex64_complex64
16780215887,7168,325705,26,1,1,128,1,1,16,0.000,0.000,,,,,NVIDIA A100-SXM4-40GB MIG 4g.20gb (0),1,,13,cupy_copy__float32_float32
16780243727,12928,325714,103,1,1,128,1,1,16,0.000,0.000,,,,,NVIDIA A100-SXM4-40GB MIG 4g.20gb (0),1,,13,cupy_copy__complex64_complex64
16780339310,16416,325724,1434,1,1,128,1,1,16,0.000,0.000,,,,,NVIDIA A100-SXM4-40GB MIG 4g.20gb (0),1,,13,cupy_copy__complex64_complex64
16780383246,307772,325729,1,1,1,32,32,1,30,0.000,0.000,,,,,NVIDIA A100-SXM4-40GB MIG 4g.20gb (0),1,,13,"void convert_kernel<__half2, float2>(tensor_layout_any, T1 *, tensor_layout_any, const T2 *)"
16780720714,5376,325732,,,,,,,,,,0.094,17428.487,Pinned,Device,NVIDIA A100-SXM4-40GB MIG 4g.20gb (0),1,,13,[CUDA memcpy Host-to-Device]
16780761417,618681,325733,,,,,,,,,,456.561,737803.287,Device,,NVIDIA A100-SXM4-40GB MIG 4g.20gb (0),1,,13,[CUDA memset]
16781384674,55456,325738,,,,,,,,,,1.235,22268.510,Pinned,Device,NVIDIA A100-SXM4-40GB MIG 4g.20gb (0),1,,13,[CUDA memcpy Host-to-Device]
16781443042,11424,325739,,,,,,,,,,0.197,17210.081,Pinned,Device,NVIDIA A100-SXM4-40GB MIG 4g.20gb (0),1,,13,[CUDA memcpy Host-to-Device]
16781476545,20192,325740,69,4,1,48,1,1,76,0.002,0.000,,,,,NVIDIA A100-SXM4-40GB MIG 4g.20gb (0),1,,13,"void ch_est::windowedChEstPreNoDftSOfdmKernel<float, __half, float, (unsigned int)2, (unsigned int)1, (unsigned short)4>(ch_est::puschRxChEstStatDescr_t *, ch_est::puschRxChEstDynDescr_t *)"
16781644927,50240,325741,137,2,1,24,2,1,44,0.001,0.001,,,,,NVIDIA A100-SXM4-40GB MIG 4g.20gb (0),1,,13,"void ch_est::chEstFilterNoDftSOfdmDispatchKernel<float, __half, float, (unsigned int)2>(ch_est::puschRxChEstStatDescr_t *, ch_est::puschRxChEstDynDescr_t *)"
16781743294,24192,325742,137,2,1,24,2,1,44,0.001,0.001,,,,,NVIDIA A100-SXM4-40GB MIG 4g.20gb (0),1,,13,"void ch_est::chEstFilterNoDftSOfdmDispatchKernel<float, __half, float, (unsigned int)2>(ch_est::puschRxChEstStatDescr_t *, ch_est::puschRxChEstDynDescr_t *)"
16781923644,8576,325753,103,1,1,128,1,1,16,0.000,0.000,,,,,NVIDIA A100-SXM4-40GB MIG 4g.20gb (0),1,,13,cupy_copy__complex64_complex64
16781969820,16160,325763,1434,1,1,128,1,1,16,0.000,0.000,,,,,NVIDIA A100-SXM4-40GB MIG 4g.20gb (0),1,,13,cupy_copy__complex64_complex64
16782007739,7712,325770,103,1,1,128,1,1,16,0.000,0.000,,,,,NVIDIA A100-SXM4-40GB MIG 4g.20gb (0),1,,13,cupy_copy__complex64_complex64
16782177593,306525,325777,1,1,1,32,32,1,30,0.000,0.000,,,,,NVIDIA A100-SXM4-40GB MIG 4g.20gb (0),1,,13,"void convert_kernel<__half2, float2>(tensor_layout_any, T1 *, tensor_layout_any, const T2 *)"
16782512150,5440,325780,,,,,,,,,,0.094,17223.480,Pinned,Device,NVIDIA A100-SXM4-40GB MIG 4g.20gb (0),1,,13,[CUDA memcpy Host-to-Device]
16782696468,56703,325781,,,,,,,,,,35.810,631507.939,Device,,NVIDIA A100-SXM4-40GB MIG 4g.20gb (0),1,,13,[CUDA memset]
16782755603,2240,325783,,,,,,,,,,0.000,35.714,Pinned,Device,NVIDIA A100-SXM4-40GB MIG 4g.20gb (0),1,,13,[CUDA memcpy Host-to-Device]
16782761811,10560,325784,,,,,,,,,,0.197,18617.991,Pinned,Device,NVIDIA A100-SXM4-40GB MIG 4g.20gb (0),1,,13,[CUDA memcpy Host-to-Device]
16782965393,26943,325785,273,1,1,48,1,1,40,0.000,0.001,,,,,NVIDIA A100-SXM4-40GB MIG 4g.20gb (0),1,,13,"void pusch_noise_intf_est::noiseIntfEstNoDftSOfdmKernel<float, __half, float, float, (unsigned int)2, (unsigned int)1, (unsigned char)4, (unsigned char)4>(pusch_noise_intf_est::puschRxNoiseIntfEstDynDescr)"
16783386316,10656,325796,35,1,1,128,1,1,16,0.000,0.000,,,,,NVIDIA A100-SXM4-40GB MIG 4g.20gb (0),1,,13,cupy_copy__complex64_complex64
16783766792,4832,325805,1,1,1,1,1,1,18,0.000,0.000,,,,,NVIDIA A100-SXM4-40GB MIG 4g.20gb (0),1,,13,cupy_copy__float32_float32
16783778023,1792,325811,,,,,,,,,,0.000,2.232,Device,Pageable,NVIDIA A100-SXM4-40GB MIG 4g.20gb (0),1,,7,[CUDA memcpy Device-to-Host]
16784405728,20448,325822,1434,1,1,128,1,1,16,0.000,0.000,,,,,NVIDIA A100-SXM4-40GB MIG 4g.20gb (0),1,,13,cupy_copy__complex64_complex64
16784641982,6912,325829,103,1,1,128,1,1,16,0.000,0.000,,,,,NVIDIA A100-SXM4-40GB MIG 4g.20gb (0),1,,13,cupy_copy__complex64_complex64
16784868411,8896,325836,35,1,1,128,1,1,16,0.000,0.000,,,,,NVIDIA A100-SXM4-40GB MIG 4g.20gb (0),1,,13,cupy_copy__complex64_complex64
16784909851,4448,325843,1,1,1,1,1,1,18,0.000,0.000,,,,,NVIDIA A100-SXM4-40GB MIG 4g.20gb (0),1,,13,cupy_copy__float32_float32
16785136504,300317,325854,1,1,1,32,32,1,30,0.000,0.000,,,,,NVIDIA A100-SXM4-40GB MIG 4g.20gb (0),1,,13,"void convert_kernel<__half2, float2>(tensor_layout_any, T1 *, tensor_layout_any, const T2 *)"
16785495124,5696,325857,,,,,,,,,,0.094,16449.363,Pinned,Device,NVIDIA A100-SXM4-40GB MIG 4g.20gb (0),1,,13,[CUDA memcpy Host-to-Device]
16785531924,10976,325858,,,,,,,,,,1.547,140908.273,Device,,NVIDIA A100-SXM4-40GB MIG 4g.20gb (0),1,,13,[CUDA memset]
16785543732,3296,325863,,,,,,,,,,0.031,9495.144,Pinned,Device,NVIDIA A100-SXM4-40GB MIG 4g.20gb (0),1,,13,[CUDA memcpy Host-to-Device]
16785549844,9439,325864,,,,,,,,,,0.197,20829.241,Pinned,Device,NVIDIA A100-SXM4-40GB MIG 4g.20gb (0),1,,13,[CUDA memcpy Host-to-Device]
16785571059,32800,325865,273,1,1,8,4,1,39,0.002,0.000,,,,,NVIDIA A100-SXM4-40GB MIG 4g.20gb (0),1,,13,"void channel_eq::eqMmseCoefCompLowMimoKernel<float, float, float, (unsigned int)4, (unsigned int)1, (unsigned int)4>(const channel_eq::_puschRxChEqStatDescr *, channel_eq::_puschRxChEqCoefCompDynDescr)"
16785622867,26335,325866,273,1,1,12,11,1,51,0.002,0.000,,,,,NVIDIA A100-SXM4-40GB MIG 4g.20gb (0),1,,13,"void channel_eq::eqMmseSoftDemapKernel<float, __half, __half, float, (unsigned int)4, (unsigned short)16383>(channel_eq::_puschRxChEqStatDescr *, channel_eq::_puschRxChEqSoftDemapDynDescr)"
16785676914,600697,325867,1,1,1,32,32,1,30,0.000,0.000,,,,,NVIDIA A100-SXM4-40GB MIG 4g.20gb (0),1,,13,"void convert_kernel<float2, __half2>(tensor_layout_any, T1 *, tensor_layout_any, const T2 *)"
16786299915,19168,325879,2253,1,1,128,1,1,16,0.000,0.000,,,,,NVIDIA A100-SXM4-40GB MIG 4g.20gb (0),1,,13,cupy_copy__float16_float16
16786350091,9887,325888,282,1,1,128,1,1,16,0.000,0.000,,,,,NVIDIA A100-SXM4-40GB MIG 4g.20gb (0),1,,13,cupy_copy__complex64_complex64
16786377610,9696,325897,26,1,1,128,1,1,16,0.000,0.000,,,,,NVIDIA A100-SXM4-40GB MIG 4g.20gb (0),1,,13,cupy_copy__float32_float32
16786416874,11648,325906,103,1,1,128,1,1,16,0.000,0.000,,,,,NVIDIA A100-SXM4-40GB MIG 4g.20gb (0),1,,13,cupy_copy__complex64_complex64
16786466121,16480,325916,1434,1,1,128,1,1,16,0.000,0.000,,,,,NVIDIA A100-SXM4-40GB MIG 4g.20gb (0),1,,13,cupy_copy__complex64_complex64
16786517833,261917,325921,1,1,1,32,32,1,30,0.000,0.000,,,,,NVIDIA A100-SXM4-40GB MIG 4g.20gb (0),1,,13,"void convert_kernel<__half2, float2>(tensor_layout_any, T1 *, tensor_layout_any, const T2 *)"
16786813797,5504,325924,,,,,,,,,,0.094,17023.251,Pinned,Device,NVIDIA A100-SXM4-40GB MIG 4g.20gb (0),1,,13,[CUDA memcpy Host-to-Device]
16786840837,624537,325925,,,,,,,,,,456.561,730954.865,Device,,NVIDIA A100-SXM4-40GB MIG 4g.20gb (0),1,,13,[CUDA memset]
16787471294,53631,325930,,,,,,,,,,1.235,23025.531,Pinned,Device,NVIDIA A100-SXM4-40GB MIG 4g.20gb (0),1,,13,[CUDA memcpy Host-to-Device]
16787528765,10080,325931,,,,,,,,,,0.197,19504.693,Pinned,Device,NVIDIA A100-SXM4-40GB MIG 4g.20gb (0),1,,13,[CUDA memcpy Host-to-Device]
16787563197,21888,325932,69,4,1,48,1,1,76,0.002,0.000,,,,,NVIDIA A100-SXM4-40GB MIG 4g.20gb (0),1,,13,"void ch_est::windowedChEstPreNoDftSOfdmKernel<float, __half, float, (unsigned int)2, (unsigned int)1, (unsigned short)4>(ch_est::puschRxChEstStatDescr_t *, ch_est::puschRxChEstDynDescr_t *)"
16787599389,24895,325933,137,2,1,24,2,1,44,0.001,0.001,,,,,NVIDIA A100-SXM4-40GB MIG 4g.20gb (0),1,,13,"void ch_est::chEstFilterNoDftSOfdmDispatchKernel<float, __half, float, (unsigned int)2>(ch_est::puschRxChEstStatDescr_t *, ch_est::puschRxChEstDynDescr_t *)"
16787645660,25600,325934,137,2,1,24,2,1,44,0.001,0.001,,,,,NVIDIA A100-SXM4-40GB MIG 4g.20gb (0),1,,13,"void ch_est::chEstFilterNoDftSOfdmDispatchKernel<float, __half, float, (unsigned int)2>(ch_est::puschRxChEstStatDescr_t *, ch_est::puschRxChEstDynDescr_t *)"
16787684732,7936,325945,103,1,1,128,1,1,16,0.000,0.000,,,,,NVIDIA A100-SXM4-40GB MIG 4g.20gb (0),1,,13,cupy_copy__complex64_complex64
16787694171,12928,325955,1434,1,1,128,1,1,16,0.000,0.000,,,,,NVIDIA A100-SXM4-40GB MIG 4g.20gb (0),1,,13,cupy_copy__complex64_complex64
16787709115,2528,325962,103,1,1,128,1,1,16,0.000,0.000,,,,,NVIDIA A100-SXM4-40GB MIG 4g.20gb (0),1,,13,cupy_copy__complex64_complex64
16787738971,142014,325969,1,1,1,32,32,1,30,0.000,0.000,,,,,NVIDIA A100-SXM4-40GB MIG 4g.20gb (0),1,,13,"void convert_kernel<__half2, float2>(tensor_layout_any, T1 *, tensor_layout_any, const T2 *)"
16787914841,5344,325972,,,,,,,,,,0.094,17532.864,Pinned,Device,NVIDIA A100-SXM4-40GB MIG 4g.20gb (0),1,,13,[CUDA memcpy Host-to-Device]
16787953529,61567,325973,,,,,,,,,,35.810,581624.721,Device,,NVIDIA A100-SXM4-40GB MIG 4g.20gb (0),1,,13,[CUDA memset]
16788019096,2080,325975,,,,,,,,,,0.000,38.462,Pinned,Device,NVIDIA A100-SXM4-40GB MIG 4g.20gb (0),1,,13,[CUDA memcpy Host-to-Device]
16788023864,9472,325976,,,,,,,,,,0.197,20756.693,Pinned,Device,NVIDIA A100-SXM4-40GB MIG 4g.20gb (0),1,,13,[CUDA memcpy Host-to-Device]
16788041144,23263,325977,273,1,1,48,1,1,40,0.000,0.001,,,,,NVIDIA A100-SXM4-40GB MIG 4g.20gb (0),1,,13,"void pusch_noise_intf_est::noiseIntfEstNoDftSOfdmKernel<float, __half, float, float, (unsigned int)2, (unsigned int)1, (unsigned char)4, (unsigned char)4>(pusch_noise_intf_est::puschRxNoiseIntfEstDynDescr)"
16788066135,2816,325988,35,1,1,128,1,1,16,0.000,0.000,,,,,NVIDIA A100-SXM4-40GB MIG 4g.20gb (0),1,,13,cupy_copy__complex64_complex64
16788101431,4960,325997,1,1,1,1,1,1,18,0.000,0.000,,,,,NVIDIA A100-SXM4-40GB MIG 4g.20gb (0),1,,13,cupy_copy__float32_float32
16788118231,1568,326003,,,,,,,,,,0.000,2.551,Device,Pageable,NVIDIA A100-SXM4-40GB MIG 4g.20gb (0),1,,7,[CUDA memcpy Device-to-Host]
16788230741,17920,326014,1434,1,1,128,1,1,16,0.000,0.000,,,,,NVIDIA A100-SXM4-40GB MIG 4g.20gb (0),1,,13,cupy_copy__complex64_complex64
16788268949,9344,326021,103,1,1,128,1,1,16,0.000,0.000,,,,,NVIDIA A100-SXM4-40GB MIG 4g.20gb (0),1,,13,cupy_copy__complex64_complex64
16788280149,2880,326028,35,1,1,128,1,1,16,0.000,0.000,,,,,NVIDIA A100-SXM4-40GB MIG 4g.20gb (0),1,,13,cupy_copy__complex64_complex64
16788285141,2080,326035,1,1,1,1,1,1,18,0.000,0.000,,,,,NVIDIA A100-SXM4-40GB MIG 4g.20gb (0),1,,13,cupy_copy__float32_float32
16788415731,80095,326046,1,1,1,32,32,1,30,0.000,0.000,,,,,NVIDIA A100-SXM4-40GB MIG 4g.20gb (0),1,,13,"void convert_kernel<__half2, float2>(tensor_layout_any, T1 *, tensor_layout_any, const T2 *)"
16788525394,5376,326049,,,,,,,,,,0.094,17428.487,Pinned,Device,NVIDIA A100-SXM4-40GB MIG 4g.20gb (0),1,,13,[CUDA memcpy Host-to-Device]
16788539282,3232,326050,,,,,,,,,,1.547,478533.199,Device,,NVIDIA A100-SXM4-40GB MIG 4g.20gb (0),1,,13,[CUDA memset]
16788546290,3040,326055,,,,,,,,,,0.031,10294.725,Pinned,Device,NVIDIA A100-SXM4-40GB MIG 4g.20gb (0),1,,13,[CUDA memcpy Host-to-Device]
16788553938,9760,326056,,,,,,,,,,0.197,20144.259,Pinned,Device,NVIDIA A100-SXM4-40GB MIG 4g.20gb (0),1,,13,[CUDA memcpy Host-to-Device]
16788664625,31199,326057,273,1,1,8,4,1,39,0.002,0.000,,,,,NVIDIA A100-SXM4-40GB MIG 4g.20gb (0),1,,13,"void channel_eq::eqMmseCoefCompLowMimoKernel<float, float, float, (unsigned int)4, (unsigned int)1, (unsigned int)4>(const channel_eq::_puschRxChEqStatDescr *, channel_eq::_puschRxChEqCoefCompDynDescr)"
16788750576,29247,326058,273,1,1,12,11,1,51,0.002,0.000,,,,,NVIDIA A100-SXM4-40GB MIG 4g.20gb (0),1,,13,"void channel_eq::eqMmseSoftDemapKernel<float, __half, __half, float, (unsigned int)4, (unsigned short)16383>(channel_eq::_puschRxChEqStatDescr *, channel_eq::_puschRxChEqSoftDemapDynDescr)"
16788964205,767832,326059,1,1,1,32,32,1,30,0.000,0.000,,,,,NVIDIA A100-SXM4-40GB MIG 4g.20gb (0),1,,13,"void convert_kernel<float2, __half2>(tensor_layout_any, T1 *, tensor_layout_any, const T2 *)"
16789957410,18912,326071,2253,1,1,128,1,1,16,0.000,0.000,,,,,NVIDIA A100-SXM4-40GB MIG 4g.20gb (0),1,,13,cupy_copy__float16_float16
16790149152,7616,326080,282,1,1,128,1,1,16,0.000,0.000,,,,,NVIDIA A100-SXM4-40GB MIG 4g.20gb (0),1,,13,cupy_copy__complex64_complex64
16790468284,21504,326089,26,1,1,128,1,1,16,0.000,0.000,,,,,NVIDIA A100-SXM4-40GB MIG 4g.20gb (0),1,,13,cupy_copy__float32_float32
16790716090,8479,326098,103,1,1,128,1,1,16,0.000,0.000,,,,,NVIDIA A100-SXM4-40GB MIG 4g.20gb (0),1,,13,cupy_copy__complex64_complex64
16790968151,16352,326108,1434,1,1,128,1,1,16,0.000,0.000,,,,,NVIDIA A100-SXM4-40GB MIG 4g.20gb (0),1,,13,cupy_copy__complex64_complex64
16791401298,271069,326113,1,1,1,32,32,1,30,0.000,0.000,,,,,NVIDIA A100-SXM4-40GB MIG 4g.20gb (0),1,,13,"void convert_kernel<__half2, float2>(tensor_layout_any, T1 *, tensor_layout_any, const T2 *)"
16791701166,6432,326116,,,,,,,,,,0.094,14567.105,Pinned,Device,NVIDIA A100-SXM4-40GB MIG 4g.20gb (0),1,,13,[CUDA memcpy Host-to-Device]
16792007627,617945,326117,,,,,,,,,,456.561,738716.410,Device,,NVIDIA A100-SXM4-40GB MIG 4g.20gb (0),1,,13,[CUDA memset]
16792630116,54175,326122,,,,,,,,,,1.235,22794.596,Pinned,Device,NVIDIA A100-SXM4-40GB MIG 4g.20gb (0),1,,13,[CUDA memcpy Host-to-Device]
16792686755,9984,326123,,,,,,,,,,0.197,19692.257,Pinned,Device,NVIDIA A100-SXM4-40GB MIG 4g.20gb (0),1,,13,[CUDA memcpy Host-to-Device]
16793042335,20320,326124,69,4,1,48,1,1,76,0.002,0.000,,,,,NVIDIA A100-SXM4-40GB MIG 4g.20gb (0),1,,13,"void ch_est::windowedChEstPreNoDftSOfdmKernel<float, __half, float, (unsigned int)2, (unsigned int)1, (unsigned short)4>(ch_est::puschRxChEstStatDescr_t *, ch_est::puschRxChEstDynDescr_t *)"
16793130814,22880,326125,137,2,1,24,2,1,44,0.001,0.001,,,,,NVIDIA A100-SXM4-40GB MIG 4g.20gb (0),1,,13,"void ch_est::chEstFilterNoDftSOfdmDispatchKernel<float, __half, float, (unsigned int)2>(ch_est::puschRxChEstStatDescr_t *, ch_est::puschRxChEstDynDescr_t *)"
16793382012,25343,326126,137,2,1,24,2,1,44,0.001,0.001,,,,,NVIDIA A100-SXM4-40GB MIG 4g.20gb (0),1,,13,"void ch_est::chEstFilterNoDftSOfdmDispatchKernel<float, __half, float, (unsigned int)2>(ch_est::puschRxChEstStatDescr_t *, ch_est::puschRxChEstDynDescr_t *)"
16793431227,6880,326137,103,1,1,128,1,1,16,0.000,0.000,,,,,NVIDIA A100-SXM4-40GB MIG 4g.20gb (0),1,,13,cupy_copy__complex64_complex64
16793474075,15103,326147,1434,1,1,128,1,1,16,0.000,0.000,,,,,NVIDIA A100-SXM4-40GB MIG 4g.20gb (0),1,,13,cupy_copy__complex64_complex64
16793520858,6272,326154,103,1,1,128,1,1,16,0.000,0.000,,,,,NVIDIA A100-SXM4-40GB MIG 4g.20gb (0),1,,13,cupy_copy__complex64_complex64
16793568793,252318,326161,1,1,1,32,32,1,30,0.000,0.000,,,,,NVIDIA A100-SXM4-40GB MIG 4g.20gb (0),1,,13,"void convert_kernel<__half2, float2>(tensor_layout_any, T1 *, tensor_layout_any, const T2 *)"
16793850486,5664,326164,,,,,,,,,,0.094,16542.310,Pinned,Device,NVIDIA A100-SXM4-40GB MIG 4g.20gb (0),1,,13,[CUDA memcpy Host-to-Device]
16793897046,59103,326165,,,,,,,,,,35.810,605868.036,Device,,NVIDIA A100-SXM4-40GB MIG 4g.20gb (0),1,,13,[CUDA memset]
16793962325,1952,326167,,,,,,,,,,0.000,40.984,Pinned,Device,NVIDIA A100-SXM4-40GB MIG 4g.20gb (0),1,,13,[CUDA memcpy Host-to-Device]
16793966709,10688,326168,,,,,,,,,,0.197,18395.038,Pinned,Device,NVIDIA A100-SXM4-40GB MIG 4g.20gb (0),1,,13,[CUDA memcpy Host-to-Device]
16794019572,44704,326169,273,1,1,48,1,1,40,0.000,0.001,,,,,NVIDIA A100-SXM4-40GB MIG 4g.20gb (0),1,,13,"void pusch_noise_intf_est::noiseIntfEstNoDftSOfdmKernel<float, __half, float, float, (unsigned int)2, (unsigned int)1, (unsigned char)4, (unsigned char)4>(pusch_noise_intf_est::puschRxNoiseIntfEstDynDescr)"
16794099860,13535,326180,35,1,1,128,1,1,16,0.000,0.000,,,,,NVIDIA A100-SXM4-40GB MIG 4g.20gb (0),1,,13,cupy_copy__complex64_complex64
16794147699,7968,326189,1,1,1,1,1,1,18,0.000,0.000,,,,,NVIDIA A100-SXM4-40GB MIG 4g.20gb (0),1,,13,cupy_copy__float32_float32
16794159987,1600,326195,,,,,,,,,,0.000,2.500,Device,Pageable,NVIDIA A100-SXM4-40GB MIG 4g.20gb (0),1,,7,[CUDA memcpy Device-to-Host]
16794246674,16160,326206,1434,1,1,128,1,1,16,0.000,0.000,,,,,NVIDIA A100-SXM4-40GB MIG 4g.20gb (0),1,,13,cupy_copy__complex64_complex64
16794292657,7040,326213,103,1,1,128,1,1,16,0.000,0.000,,,,,NVIDIA A100-SXM4-40GB MIG 4g.20gb (0),1,,13,cupy_copy__complex64_complex64
16794336209,9728,326220,35,1,1,128,1,1,16,0.000,0.000,,,,,NVIDIA A100-SXM4-40GB MIG 4g.20gb (0),1,,13,cupy_copy__complex64_complex64
16794402160,3872,326227,1,1,1,1,1,1,18,0.000,0.000,,,,,NVIDIA A100-SXM4-40GB MIG 4g.20gb (0),1,,13,cupy_copy__float32_float32
16794476687,247742,326238,1,1,1,32,32,1,30,0.000,0.000,,,,,NVIDIA A100-SXM4-40GB MIG 4g.20gb (0),1,,13,"void convert_kernel<__half2, float2>(tensor_layout_any, T1 *, tensor_layout_any, const T2 *)"
16794753772,5888,326241,,,,,,,,,,0.094,15912.954,Pinned,Device,NVIDIA A100-SXM4-40GB MIG 4g.20gb (0),1,,13,[CUDA memcpy Host-to-Device]
16794788172,8160,326242,,,,,,,,,,1.547,189537.225,Device,,NVIDIA A100-SXM4-40GB MIG 4g.20gb (0),1,,13,[CUDA memset]
16794803020,3072,326247,,,,,,,,,,0.031,10187.474,Pinned,Device,NVIDIA A100-SXM4-40GB MIG 4g.20gb (0),1,,13,[CUDA memcpy Host-to-Device]
16794810028,10015,326248,,,,,,,,,,0.197,19631.309,Pinned,Device,NVIDIA A100-SXM4-40GB MIG 4g.20gb (0),1,,13,[CUDA memcpy Host-to-Device]
16794856011,36928,326249,273,1,1,8,4,1,39,0.002,0.000,,,,,NVIDIA A100-SXM4-40GB MIG 4g.20gb (0),1,,13,"void channel_eq::eqMmseCoefCompLowMimoKernel<float, float, float, (unsigned int)4, (unsigned int)1, (unsigned int)4>(const channel_eq::_puschRxChEqStatDescr *, channel_eq::_puschRxChEqCoefCompDynDescr)"
16795000105,31392,326250,273,1,1,12,11,1,51,0.002,0.000,,,,,NVIDIA A100-SXM4-40GB MIG 4g.20gb (0),1,,13,"void channel_eq::eqMmseSoftDemapKernel<float, __half, __half, float, (unsigned int)4, (unsigned short)16383>(channel_eq::_puschRxChEqStatDescr *, channel_eq::_puschRxChEqSoftDemapDynDescr)"
16795056873,565017,326251,1,1,1,32,32,1,30,0.000,0.000,,,,,NVIDIA A100-SXM4-40GB MIG 4g.20gb (0),1,,13,"void convert_kernel<float2, __half2>(tensor_layout_any, T1 *, tensor_layout_any, const T2 *)"
16795663554,16000,326263,2253,1,1,128,1,1,16,0.000,0.000,,,,,NVIDIA A100-SXM4-40GB MIG 4g.20gb (0),1,,13,cupy_copy__float16_float16
16795710177,7104,326272,282,1,1,128,1,1,16,0.000,0.000,,,,,NVIDIA A100-SXM4-40GB MIG 4g.20gb (0),1,,13,cupy_copy__complex64_complex64
16795743937,6848,326281,26,1,1,128,1,1,16,0.000,0.000,,,,,NVIDIA A100-SXM4-40GB MIG 4g.20gb (0),1,,13,cupy_copy__float32_float32
16795840832,12224,326290,103,1,1,128,1,1,16,0.000,0.000,,,,,NVIDIA A100-SXM4-40GB MIG 4g.20gb (0),1,,13,cupy_copy__complex64_complex64
16796074237,18880,326300,1434,1,1,128,1,1,16,0.000,0.000,,,,,NVIDIA A100-SXM4-40GB MIG 4g.20gb (0),1,,13,cupy_copy__complex64_complex64
16796166332,314525,326305,1,1,1,32,32,1,30,0.000,0.000,,,,,NVIDIA A100-SXM4-40GB MIG 4g.20gb (0),1,,13,"void convert_kernel<__half2, float2>(tensor_layout_any, T1 *, tensor_layout_any, const T2 *)"
16796510776,5472,326308,,,,,,,,,,0.094,17122.757,Pinned,Device,NVIDIA A100-SXM4-40GB MIG 4g.20gb (0),1,,13,[CUDA memcpy Host-to-Device]
16796731094,629689,326309,,,,,,,,,,456.561,725019.567,Device,,NVIDIA A100-SXM4-40GB MIG 4g.20gb (0),1,,13,[CUDA memset]
16797362191,57503,326314,,,,,,,,,,1.235,21475.676,Pinned,Device,NVIDIA A100-SXM4-40GB MIG 4g.20gb (0),1,,13,[CUDA memcpy Host-to-Device]
16797422126,10048,326315,,,,,,,,,,0.197,19566.821,Pinned,Device,NVIDIA A100-SXM4-40GB MIG 4g.20gb (0),1,,13,[CUDA memcpy Host-to-Device]
16797871081,18080,326316,69,4,1,48,1,1,76,0.002,0.000,,,,,NVIDIA A100-SXM4-40GB MIG 4g.20gb (0),1,,13,"void ch_est::windowedChEstPreNoDftSOfdmKernel<float, __half, float, (unsigned int)2, (unsigned int)1, (unsigned short)4>(ch_est::puschRxChEstStatDescr_t *, ch_est::puschRxChEstDynDescr_t *)"
16798309796,11424,326317,137,2,1,24,2,1,44,0.001,0.001,,,,,NVIDIA A100-SXM4-40GB MIG 4g.20gb (0),1,,13,"void ch_est::chEstFilterNoDftSOfdmDispatchKernel<float, __half, float, (unsigned int)2>(ch_est::puschRxChEstStatDescr_t *, ch_est::puschRxChEstDynDescr_t *)"
16798585569,35168,326318,137,2,1,24,2,1,44,0.001,0.001,,,,,NVIDIA A100-SXM4-40GB MIG 4g.20gb (0),1,,13,"void ch_est::chEstFilterNoDftSOfdmDispatchKernel<float, __half, float, (unsigned int)2>(ch_est::puschRxChEstStatDescr_t *, ch_est::puschRxChEstDynDescr_t *)"
16799059228,7072,326329,103,1,1,128,1,1,16,0.000,0.000,,,,,NVIDIA A100-SXM4-40GB MIG 4g.20gb (0),1,,13,cupy_copy__complex64_complex64
16799483735,19360,326339,1434,1,1,128,1,1,16,0.000,0.000,,,,,NVIDIA A100-SXM4-40GB MIG 4g.20gb (0),1,,13,cupy_copy__complex64_complex64
16799774196,4832,326346,103,1,1,128,1,1,16,0.000,0.000,,,,,NVIDIA A100-SXM4-40GB MIG 4g.20gb (0),1,,13,cupy_copy__complex64_complex64
16800041969,249309,326353,1,1,1,32,32,1,30,0.000,0.000,,,,,NVIDIA A100-SXM4-40GB MIG 4g.20gb (0),1,,13,"void convert_kernel<__half2, float2>(tensor_layout_any, T1 *, tensor_layout_any, const T2 *)"
16800320654,5728,326356,,,,,,,,,,0.094,16357.541,Pinned,Device,NVIDIA A100-SXM4-40GB MIG 4g.20gb (0),1,,13,[CUDA memcpy Host-to-Device]
16800691017,51520,326357,,,,,,,,,,35.810,695034.737,Device,,NVIDIA A100-SXM4-40GB MIG 4g.20gb (0),1,,13,[CUDA memset]
16800746313,2720,326359,,,,,,,,,,0.000,29.412,Pinned,Device,NVIDIA A100-SXM4-40GB MIG 4g.20gb (0),1,,13,[CUDA memcpy Host-to-Device]
16800751497,9984,326360,,,,,,,,,,0.197,19692.257,Pinned,Device,NVIDIA A100-SXM4-40GB MIG 4g.20gb (0),1,,13,[CUDA memcpy Host-to-Device]
16801004486,16480,326361,273,1,1,48,1,1,40,0.000,0.001,,,,,NVIDIA A100-SXM4-40GB MIG 4g.20gb (0),1,,13,"void pusch_noise_intf_est::noiseIntfEstNoDftSOfdmKernel<float, __half, float, float, (unsigned int)2, (unsigned int)1, (unsigned char)4, (unsigned char)4>(pusch_noise_intf_est::puschRxNoiseIntfEstDynDescr)"
16801071685,11392,326372,35,1,1,128,1,1,16,0.000,0.000,,,,,NVIDIA A100-SXM4-40GB MIG 4g.20gb (0),1,,13,cupy_copy__complex64_complex64
16801301827,4384,326381,1,1,1,1,1,1,18,0.000,0.000,,,,,NVIDIA A100-SXM4-40GB MIG 4g.20gb (0),1,,13,cupy_copy__float32_float32
16801308995,1600,326387,,,,,,,,,,0.000,2.500,Device,Pageable,NVIDIA A100-SXM4-40GB MIG 4g.20gb (0),1,,7,[CUDA memcpy Device-to-Host]
16801596607,17792,326398,1434,1,1,128,1,1,16,0.000,0.000,,,,,NVIDIA A100-SXM4-40GB MIG 4g.20gb (0),1,,13,cupy_copy__complex64_complex64
16801645471,6496,326405,103,1,1,128,1,1,16,0.000,0.000,,,,,NVIDIA A100-SXM4-40GB MIG 4g.20gb (0),1,,13,cupy_copy__complex64_complex64
16801686846,10272,326412,35,1,1,128,1,1,16,0.000,0.000,,,,,NVIDIA A100-SXM4-40GB MIG 4g.20gb (0),1,,13,cupy_copy__complex64_complex64
16801755006,7231,326419,1,1,1,1,1,1,18,0.000,0.000,,,,,NVIDIA A100-SXM4-40GB MIG 4g.20gb (0),1,,13,cupy_copy__float32_float32
16801831645,245853,326430,1,1,1,32,32,1,30,0.000,0.000,,,,,NVIDIA A100-SXM4-40GB MIG 4g.20gb (0),1,,13,"void convert_kernel<__half2, float2>(tensor_layout_any, T1 *, tensor_layout_any, const T2 *)"
16802108570,5439,326433,,,,,,,,,,0.094,17226.665,Pinned,Device,NVIDIA A100-SXM4-40GB MIG 4g.20gb (0),1,,13,[CUDA memcpy Host-to-Device]
16802168537,13344,326434,,,,,,,,,,1.547,115904.003,Device,,NVIDIA A100-SXM4-40GB MIG 4g.20gb (0),1,,13,[CUDA memset]
16802182905,3168,326439,,,,,,,,,,0.031,9878.770,Pinned,Device,NVIDIA A100-SXM4-40GB MIG 4g.20gb (0),1,,13,[CUDA memcpy Host-to-Device]
16802188697,10240,326440,,,,,,,,,,0.197,19199.951,Pinned,Device,NVIDIA A100-SXM4-40GB MIG 4g.20gb (0),1,,13,[CUDA memcpy Host-to-Device]
16802240696,34464,326441,273,1,1,8,4,1,39,0.002,0.000,,,,,NVIDIA A100-SXM4-40GB MIG 4g.20gb (0),1,,13,"void channel_eq::eqMmseCoefCompLowMimoKernel<float, float, float, (unsigned int)4, (unsigned int)1, (unsigned int)4>(const channel_eq::_puschRxChEqStatDescr *, channel_eq::_puschRxChEqCoefCompDynDescr)"
16802379543,33343,326442,273,1,1,12,11,1,51,0.002,0.000,,,,,NVIDIA A100-SXM4-40GB MIG 4g.20gb (0),1,,13,"void channel_eq::eqMmseSoftDemapKernel<float, __half, __half, float, (unsigned int)4, (unsigned short)16383>(channel_eq::_puschRxChEqStatDescr *, channel_eq::_puschRxChEqSoftDemapDynDescr)"
16802469366,728343,326443,1,1,1,32,32,1,30,0.000,0.000,,,,,NVIDIA A100-SXM4-40GB MIG 4g.20gb (0),1,,13,"void convert_kernel<float2, __half2>(tensor_layout_any, T1 *, tensor_layout_any, const T2 *)"
16803240877,16512,326455,2253,1,1,128,1,1,16,0.000,0.000,,,,,NVIDIA A100-SXM4-40GB MIG 4g.20gb (0),1,,13,cupy_copy__float16_float16
16803289868,7584,326464,282,1,1,128,1,1,16,0.000,0.000,,,,,NVIDIA A100-SXM4-40GB MIG 4g.20gb (0),1,,13,cupy_copy__complex64_complex64
16803502154,9984,326473,26,1,1,128,1,1,16,0.000,0.000,,,,,NVIDIA A100-SXM4-40GB MIG 4g.20gb (0),1,,13,cupy_copy__float32_float32
16803578409,11520,326482,103,1,1,128,1,1,16,0.000,0.000,,,,,NVIDIA A100-SXM4-40GB MIG 4g.20gb (0),1,,13,cupy_copy__complex64_complex64
16803795367,17023,326492,1434,1,1,128,1,1,16,0.000,0.000,,,,,NVIDIA A100-SXM4-40GB MIG 4g.20gb (0),1,,13,cupy_copy__complex64_complex64
16804029860,283293,326497,1,1,1,32,32,1,30,0.000,0.000,,,,,NVIDIA A100-SXM4-40GB MIG 4g.20gb (0),1,,13,"void convert_kernel<__half2, float2>(tensor_layout_any, T1 *, tensor_layout_any, const T2 *)"
16804344128,5824,326500,,,,,,,,,,0.094,16087.884,Pinned,Device,NVIDIA A100-SXM4-40GB MIG 4g.20gb (0),1,,13,[CUDA memcpy Host-to-Device]
16804569854,634937,326501,,,,,,,,,,456.561,718627.707,Device,,NVIDIA A100-SXM4-40GB MIG 4g.20gb (0),1,,13,[CUDA memset]
16805213879,54847,326506,,,,,,,,,,1.235,22515.499,Pinned,Device,NVIDIA A100-SXM4-40GB MIG 4g.20gb (0),1,,13,[CUDA memcpy Host-to-Device]
16805271286,9664,326507,,,,,,,,,,0.197,20344.209,Pinned,Device,NVIDIA A100-SXM4-40GB MIG 4g.20gb (0),1,,13,[CUDA memcpy Host-to-Device]
16805489972,22271,326508,69,4,1,48,1,1,76,0.002,0.000,,,,,NVIDIA A100-SXM4-40GB MIG 4g.20gb (0),1,,13,"void ch_est::windowedChEstPreNoDftSOfdmKernel<float, __half, float, (unsigned int)2, (unsigned int)1, (unsigned short)4>(ch_est::puschRxChEstStatDescr_t *, ch_est::puschRxChEstDynDescr_t *)"
16805714737,28320,326509,137,2,1,24,2,1,44,0.001,0.001,,,,,NVIDIA A100-SXM4-40GB MIG 4g.20gb (0),1,,13,"void ch_est::chEstFilterNoDftSOfdmDispatchKernel<float, __half, float, (unsigned int)2>(ch_est::puschRxChEstStatDescr_t *, ch_est::puschRxChEstDynDescr_t *)"
16805944366,20544,326510,137,2,1,24,2,1,44,0.001,0.001,,,,,NVIDIA A100-SXM4-40GB MIG 4g.20gb (0),1,,13,"void ch_est::chEstFilterNoDftSOfdmDispatchKernel<float, __half, float, (unsigned int)2>(ch_est::puschRxChEstStatDescr_t *, ch_est::puschRxChEstDynDescr_t *)"
16806019822,8480,326521,103,1,1,128,1,1,16,0.000,0.000,,,,,NVIDIA A100-SXM4-40GB MIG 4g.20gb (0),1,,13,cupy_copy__complex64_complex64
16806119660,17376,326531,1434,1,1,128,1,1,16,0.000,0.000,,,,,NVIDIA A100-SXM4-40GB MIG 4g.20gb (0),1,,13,cupy_copy__complex64_complex64
16806206540,6687,326538,103,1,1,128,1,1,16,0.000,0.000,,,,,NVIDIA A100-SXM4-40GB MIG 4g.20gb (0),1,,13,cupy_copy__complex64_complex64
16806257611,256285,326545,1,1,1,32,32,1,30,0.000,0.000,,,,,NVIDIA A100-SXM4-40GB MIG 4g.20gb (0),1,,13,"void convert_kernel<__half2, float2>(tensor_layout_any, T1 *, tensor_layout_any, const T2 *)"
16806543528,6016,326548,,,,,,,,,,0.094,15574.430,Pinned,Device,NVIDIA A100-SXM4-40GB MIG 4g.20gb (0),1,,13,[CUDA memcpy Host-to-Device]
16806703782,57631,326549,,,,,,,,,,35.810,621337.922,Device,,NVIDIA A100-SXM4-40GB MIG 4g.20gb (0),1,,13,[CUDA memset]
16806764965,1824,326551,,,,,,,,,,0.000,43.860,Pinned,Device,NVIDIA A100-SXM4-40GB MIG 4g.20gb (0),1,,13,[CUDA memcpy Host-to-Device]
16806769605,10400,326552,,,,,,,,,,0.197,18904.449,Pinned,Device,NVIDIA A100-SXM4-40GB MIG 4g.20gb (0),1,,13,[CUDA memcpy Host-to-Device]
16806976387,36031,326553,273,1,1,48,1,1,40,0.000,0.001,,,,,NVIDIA A100-SXM4-40GB MIG 4g.20gb (0),1,,13,"void pusch_noise_intf_est::noiseIntfEstNoDftSOfdmKernel<float, __half, float, float, (unsigned int)2, (unsigned int)1, (unsigned char)4, (unsigned char)4>(pusch_noise_intf_est::puschRxNoiseIntfEstDynDescr)"
16807200512,9184,326564,35,1,1,128,1,1,16,0.000,0.000,,,,,NVIDIA A100-SXM4-40GB MIG 4g.20gb (0),1,,13,cupy_copy__complex64_complex64
16807355167,5792,326573,1,1,1,1,1,1,18,0.000,0.000,,,,,NVIDIA A100-SXM4-40GB MIG 4g.20gb (0),1,,13,cupy_copy__float32_float32
16807366462,1696,326579,,,,,,,,,,0.000,2.358,Device,Pageable,NVIDIA A100-SXM4-40GB MIG 4g.20gb (0),1,,7,[CUDA memcpy Device-to-Host]
16807572220,49280,326590,1434,1,1,128,1,1,16,0.000,0.000,,,,,NVIDIA A100-SXM4-40GB MIG 4g.20gb (0),1,,13,cupy_copy__complex64_complex64
16807671419,8352,326597,103,1,1,128,1,1,16,0.000,0.000,,,,,NVIDIA A100-SXM4-40GB MIG 4g.20gb (0),1,,13,cupy_copy__complex64_complex64
16807854713,10592,326604,35,1,1,128,1,1,16,0.000,0.000,,,,,NVIDIA A100-SXM4-40GB MIG 4g.20gb (0),1,,13,cupy_copy__complex64_complex64
16808016343,20096,326611,1,1,1,1,1,1,18,0.000,0.000,,,,,NVIDIA A100-SXM4-40GB MIG 4g.20gb (0),1,,13,cupy_copy__float32_float32
16808119414,332124,326622,1,1,1,32,32,1,30,0.000,0.000,,,,,NVIDIA A100-SXM4-40GB MIG 4g.20gb (0),1,,13,"void convert_kernel<__half2, float2>(tensor_layout_any, T1 *, tensor_layout_any, const T2 *)"
16808481714,5984,326625,,,,,,,,,,0.094,15657.726,Pinned,Device,NVIDIA A100-SXM4-40GB MIG 4g.20gb (0),1,,13,[CUDA memcpy Host-to-Device]
16808819950,10816,326626,,,,,,,,,,1.547,142993.122,Device,,NVIDIA A100-SXM4-40GB MIG 4g.20gb (0),1,,13,[CUDA memset]
16808835342,3328,326631,,,,,,,,,,0.031,9403.822,Pinned,Device,NVIDIA A100-SXM4-40GB MIG 4g.20gb (0),1,,13,[CUDA memcpy Host-to-Device]
16808841230,10112,326632,,,,,,,,,,0.197,19442.958,Pinned,Device,NVIDIA A100-SXM4-40GB MIG 4g.20gb (0),1,,13,[CUDA memcpy Host-to-Device]
16809248265,24640,326633,273,1,1,8,4,1,39,0.002,0.000,,,,,NVIDIA A100-SXM4-40GB MIG 4g.20gb (0),1,,13,"void channel_eq::eqMmseCoefCompLowMimoKernel<float, float, float, (unsigned int)4, (unsigned int)1, (unsigned int)4>(const channel_eq::_puschRxChEqStatDescr *, channel_eq::_puschRxChEqCoefCompDynDescr)"
16809530118,24896,326634,273,1,1,12,11,1,51,0.002,0.000,,,,,NVIDIA A100-SXM4-40GB MIG 4g.20gb (0),1,,13,"void channel_eq::eqMmseSoftDemapKernel<float, __half, __half, float, (unsigned int)4, (unsigned short)16383>(channel_eq::_puschRxChEqStatDescr *, channel_eq::_puschRxChEqSoftDemapDynDescr)"
16809790115,723288,326635,1,1,1,32,32,1,30,0.000,0.000,,,,,NVIDIA A100-SXM4-40GB MIG 4g.20gb (0),1,,13,"void convert_kernel<float2, __half2>(tensor_layout_any, T1 *, tensor_layout_any, const T2 *)"
16810662041,17312,326647,2253,1,1,128,1,1,16,0.000,0.000,,,,,NVIDIA A100-SXM4-40GB MIG 4g.20gb (0),1,,13,cupy_copy__float16_float16
16810914327,9568,326656,282,1,1,128,1,1,16,0.000,0.000,,,,,NVIDIA A100-SXM4-40GB MIG 4g.20gb (0),1,,13,cupy_copy__complex64_complex64
16811151092,7136,326665,26,1,1,128,1,1,16,0.000,0.000,,,,,NVIDIA A100-SXM4-40GB MIG 4g.20gb (0),1,,13,cupy_copy__float32_float32
16811224275,13088,326674,103,1,1,128,1,1,16,0.000,0.000,,,,,NVIDIA A100-SXM4-40GB MIG 4g.20gb (0),1,,13,cupy_copy__complex64_complex64
16811470000,18688,326684,1434,1,1,128,1,1,16,0.000,0.000,,,,,NVIDIA A100-SXM4-40GB MIG 4g.20gb (0),1,,13,cupy_copy__complex64_complex64
16811521648,258237,326689,1,1,1,32,32,1,30,0.000,0.000,,,,,NVIDIA A100-SXM4-40GB MIG 4g.20gb (0),1,,13,"void convert_kernel<__half2, float2>(tensor_layout_any, T1 *, tensor_layout_any, const T2 *)"
16811809133,6112,326692,,,,,,,,,,0.094,15329.790,Pinned,Device,NVIDIA A100-SXM4-40GB MIG 4g.20gb (0),1,,13,[CUDA memcpy Host-to-Device]
16811860844,625241,326693,,,,,,,,,,456.561,730041.743,Device,,NVIDIA A100-SXM4-40GB MIG 4g.20gb (0),1,,13,[CUDA memset]
16812492613,55391,326698,,,,,,,,,,1.235,22294.444,Pinned,Device,NVIDIA A100-SXM4-40GB MIG 4g.20gb (0),1,,13,[CUDA memcpy Host-to-Device]
16812551588,11008,326699,,,,,,,,,,0.197,17860.461,Pinned,Device,NVIDIA A100-SXM4-40GB MIG 4g.20gb (0),1,,13,[CUDA memcpy Host-to-Device]
16812618691,25280,326700,69,4,1,48,1,1,76,0.002,0.000,,,,,NVIDIA A100-SXM4-40GB MIG 4g.20gb (0),1,,13,"void ch_est::windowedChEstPreNoDftSOfdmKernel<float, __half, float, (unsigned int)2, (unsigned int)1, (unsigned short)4>(ch_est::puschRxChEstStatDescr_t *, ch_est::puschRxChEstDynDescr_t *)"
16812667587,27488,326701,137,2,1,24,2,1,44,0.001,0.001,,,,,NVIDIA A100-SXM4-40GB MIG 4g.20gb (0),1,,13,"void ch_est::chEstFilterNoDftSOfdmDispatchKernel<float, __half, float, (unsigned int)2>(ch_est::puschRxChEstStatDescr_t *, ch_est::puschRxChEstDynDescr_t *)"
16812713762,29120,326702,137,2,1,24,2,1,44,0.001,0.001,,,,,NVIDIA A100-SXM4-40GB MIG 4g.20gb (0),1,,13,"void ch_est::chEstFilterNoDftSOfdmDispatchKernel<float, __half, float, (unsigned int)2>(ch_est::puschRxChEstStatDescr_t *, ch_est::puschRxChEstDynDescr_t *)"
16812763938,5408,326713,103,1,1,128,1,1,16,0.000,0.000,,,,,NVIDIA A100-SXM4-40GB MIG 4g.20gb (0),1,,13,cupy_copy__complex64_complex64
16812806945,16544,326723,1434,1,1,128,1,1,16,0.000,0.000,,,,,NVIDIA A100-SXM4-40GB MIG 4g.20gb (0),1,,13,cupy_copy__complex64_complex64
16812854081,5728,326730,103,1,1,128,1,1,16,0.000,0.000,,,,,NVIDIA A100-SXM4-40GB MIG 4g.20gb (0),1,,13,cupy_copy__complex64_complex64
16812900416,252765,326737,1,1,1,32,32,1,30,0.000,0.000,,,,,NVIDIA A100-SXM4-40GB MIG 4g.20gb (0),1,,13,"void convert_kernel<__half2, float2>(tensor_layout_any, T1 *, tensor_layout_any, const T2 *)"
16813182365,5344,326740,,,,,,,,,,0.094,17532.864,Pinned,Device,NVIDIA A100-SXM4-40GB MIG 4g.20gb (0),1,,13,[CUDA memcpy Host-to-Device]
16813295068,63455,326741,,,,,,,,,,35.810,564328.529,Device,,NVIDIA A100-SXM4-40GB MIG 4g.20gb (0),1,,13,[CUDA memset]
16813361467,2400,326743,,,,,,,,,,0.000,33.333,Pinned,Device,NVIDIA A100-SXM4-40GB MIG 4g.20gb (0),1,,13,[CUDA memcpy Host-to-Device]
16813366331,9472,326744,,,,,,,,,,0.197,20756.693,Pinned,Device,NVIDIA A100-SXM4-40GB MIG 4g.20gb (0),1,,13,[CUDA memcpy Host-to-Device]
16813422330,32672,326745,273,1,1,48,1,1,40,0.000,0.001,,,,,NVIDIA A100-SXM4-40GB MIG 4g.20gb (0),1,,13,"void pusch_noise_intf_est::noiseIntfEstNoDftSOfdmKernel<float, __half, float, float, (unsigned int)2, (unsigned int)1, (unsigned char)4, (unsigned char)4>(pusch_noise_intf_est::puschRxNoiseIntfEstDynDescr)"
16813501274,8863,326756,35,1,1,128,1,1,16,0.000,0.000,,,,,NVIDIA A100-SXM4-40GB MIG 4g.20gb (0),1,,13,cupy_copy__complex64_complex64
16813539161,4736,326765,1,1,1,1,1,1,18,0.000,0.000,,,,,NVIDIA A100-SXM4-40GB MIG 4g.20gb (0),1,,13,cupy_copy__float32_float32
16813551065,1760,326771,,,,,,,,,,0.000,2.273,Device,Pageable,NVIDIA A100-SXM4-40GB MIG 4g.20gb (0),1,,7,[CUDA memcpy Device-to-Host]
16813836182,17120,326782,1434,1,1,128,1,1,16,0.000,0.000,,,,,NVIDIA A100-SXM4-40GB MIG 4g.20gb (0),1,,13,cupy_copy__complex64_complex64
16814082899,6944,326789,103,1,1,128,1,1,16,0.000,0.000,,,,,NVIDIA A100-SXM4-40GB MIG 4g.20gb (0),1,,13,cupy_copy__complex64_complex64
16814149778,11552,326796,35,1,1,128,1,1,16,0.000,0.000,,,,,NVIDIA A100-SXM4-40GB MIG 4g.20gb (0),1,,13,cupy_copy__complex64_complex64
16814186130,3808,326803,1,1,1,1,1,1,18,0.000,0.000,,,,,NVIDIA A100-SXM4-40GB MIG 4g.20gb (0),1,,13,cupy_copy__float32_float32
16814421967,249853,326814,1,1,1,32,32,1,30,0.000,0.000,,,,,NVIDIA A100-SXM4-40GB MIG 4g.20gb (0),1,,13,"void convert_kernel<__half2, float2>(tensor_layout_any, T1 *, tensor_layout_any, const T2 *)"
16814705196,6752,326817,,,,,,,,,,0.094,13876.752,Pinned,Device,NVIDIA A100-SXM4-40GB MIG 4g.20gb (0),1,,13,[CUDA memcpy Host-to-Device]
16814950281,7808,326818,,,,,,,,,,1.547,198080.776,Device,,NVIDIA A100-SXM4-40GB MIG 4g.20gb (0),1,,13,[CUDA memset]
16814959945,3392,326823,,,,,,,,,,0.031,9226.405,Pinned,Device,NVIDIA A100-SXM4-40GB MIG 4g.20gb (0),1,,13,[CUDA memcpy Host-to-Device]
16814965737,9856,326824,,,,,,,,,,0.197,19948.044,Pinned,Device,NVIDIA A100-SXM4-40GB MIG 4g.20gb (0),1,,13,[CUDA memcpy Host-to-Device]
16815215462,39840,326825,273,1,1,8,4,1,39,0.002,0.000,,,,,NVIDIA A100-SXM4-40GB MIG 4g.20gb (0),1,,13,"void channel_eq::eqMmseCoefCompLowMimoKernel<float, float, float, (unsigned int)4, (unsigned int)1, (unsigned int)4>(const channel_eq::_puschRxChEqStatDescr *, channel_eq::_puschRxChEqCoefCompDynDescr)"
16815521923,27232,326826,273,1,1,12,11,1,51,0.002,0.000,,,,,NVIDIA A100-SXM4-40GB MIG 4g.20gb (0),1,,13,"void channel_eq::eqMmseSoftDemapKernel<float, __half, __half, float, (unsigned int)4, (unsigned short)16383>(channel_eq::_puschRxChEqStatDescr *, channel_eq::_puschRxChEqSoftDemapDynDescr)"
16815763104,659257,326827,1,1,1,32,32,1,30,0.000,0.000,,,,,NVIDIA A100-SXM4-40GB MIG 4g.20gb (0),1,,13,"void convert_kernel<float2, __half2>(tensor_layout_any, T1 *, tensor_layout_any, const T2 *)"
16816461944,15424,326839,2253,1,1,128,1,1,16,0.000,0.000,,,,,NVIDIA A100-SXM4-40GB MIG 4g.20gb (0),1,,13,cupy_copy__float16_float16
16816507960,9696,326848,282,1,1,128,1,1,16,0.000,0.000,,,,,NVIDIA A100-SXM4-40GB MIG 4g.20gb (0),1,,13,cupy_copy__complex64_complex64
16816542327,4992,326857,26,1,1,128,1,1,16,0.000,0.000,,,,,NVIDIA A100-SXM4-40GB MIG 4g.20gb (0),1,,13,cupy_copy__float32_float32
16816575959,13056,326866,103,1,1,128,1,1,16,0.000,0.000,,,,,NVIDIA A100-SXM4-40GB MIG 4g.20gb (0),1,,13,cupy_copy__complex64_complex64
16816645846,16832,326876,1434,1,1,128,1,1,16,0.000,0.000,,,,,NVIDIA A100-SXM4-40GB MIG 4g.20gb (0),1,,13,cupy_copy__complex64_complex64
16816696918,254941,326881,1,1,1,32,32,1,30,0.000,0.000,,,,,NVIDIA A100-SXM4-40GB MIG 4g.20gb (0),1,,13,"void convert_kernel<__half2, float2>(tensor_layout_any, T1 *, tensor_layout_any, const T2 *)"
16816982290,5408,326884,,,,,,,,,,0.094,17325.421,Pinned,Device,NVIDIA A100-SXM4-40GB MIG 4g.20gb (0),1,,13,[CUDA memcpy Host-to-Device]
16817046034,627449,326885,,,,,,,,,,456.561,727302.374,Device,,NVIDIA A100-SXM4-40GB MIG 4g.20gb (0),1,,13,[CUDA memset]
16817677643,55103,326890,,,,,,,,,,1.235,22410.529,Pinned,Device,NVIDIA A100-SXM4-40GB MIG 4g.20gb (0),1,,13,[CUDA memcpy Host-to-Device]
16817735658,9632,326891,,,,,,,,,,0.197,20411.843,Pinned,Device,NVIDIA A100-SXM4-40GB MIG 4g.20gb (0),1,,13,[CUDA memcpy Host-to-Device]
16817769258,24447,326892,69,4,1,48,1,1,76,0.002,0.000,,,,,NVIDIA A100-SXM4-40GB MIG 4g.20gb (0),1,,13,"void ch_est::windowedChEstPreNoDftSOfdmKernel<float, __half, float, (unsigned int)2, (unsigned int)1, (unsigned short)4>(ch_est::puschRxChEstStatDescr_t *, ch_est::puschRxChEstDynDescr_t *)"
16817818377,26016,326893,137,2,1,24,2,1,44,0.001,0.001,,,,,NVIDIA A100-SXM4-40GB MIG 4g.20gb (0),1,,13,"void ch_est::chEstFilterNoDftSOfdmDispatchKernel<float, __half, float, (unsigned int)2>(ch_est::puschRxChEstStatDescr_t *, ch_est::puschRxChEstDynDescr_t *)"
16817865353,26335,326894,137,2,1,24,2,1,44,0.001,0.001,,,,,NVIDIA A100-SXM4-40GB MIG 4g.20gb (0),1,,13,"void ch_est::chEstFilterNoDftSOfdmDispatchKernel<float, __half, float, (unsigned int)2>(ch_est::puschRxChEstStatDescr_t *, ch_est::puschRxChEstDynDescr_t *)"
16817913352,5632,326905,103,1,1,128,1,1,16,0.000,0.000,,,,,NVIDIA A100-SXM4-40GB MIG 4g.20gb (0),1,,13,cupy_copy__complex64_complex64
16817954728,14975,326915,1434,1,1,128,1,1,16,0.000,0.000,,,,,NVIDIA A100-SXM4-40GB MIG 4g.20gb (0),1,,13,cupy_copy__complex64_complex64
16818001767,6336,326922,103,1,1,128,1,1,16,0.000,0.000,,,,,NVIDIA A100-SXM4-40GB MIG 4g.20gb (0),1,,13,cupy_copy__complex64_complex64
16818050790,250814,326929,1,1,1,32,32,1,30,0.000,0.000,,,,,NVIDIA A100-SXM4-40GB MIG 4g.20gb (0),1,,13,"void convert_kernel<__half2, float2>(tensor_layout_any, T1 *, tensor_layout_any, const T2 *)"
16818330659,5408,326932,,,,,,,,,,0.094,17325.421,Pinned,Device,NVIDIA A100-SXM4-40GB MIG 4g.20gb (0),1,,13,[CUDA memcpy Host-to-Device]
16818390595,59359,326933,,,,,,,,,,35.810,603253.912,Device,,NVIDIA A100-SXM4-40GB MIG 4g.20gb (0),1,,13,[CUDA memset]
16818451298,3840,326935,,,,,,,,,,0.000,20.833,Pinned,Device,NVIDIA A100-SXM4-40GB MIG 4g.20gb (0),1,,13,[CUDA memcpy Host-to-Device]
16818457698,9568,326936,,,,,,,,,,0.197,20548.485,Pinned,Device,NVIDIA A100-SXM4-40GB MIG 4g.20gb (0),1,,13,[CUDA memcpy Host-to-Device]
16818513665,31008,326937,273,1,1,48,1,1,40,0.000,0.001,,,,,NVIDIA A100-SXM4-40GB MIG 4g.20gb (0),1,,13,"void pusch_noise_intf_est::noiseIntfEstNoDftSOfdmKernel<float, __half, float, float, (unsigned int)2, (unsigned int)1, (unsigned char)4, (unsigned char)4>(pusch_noise_intf_est::puschRxNoiseIntfEstDynDescr)"
16818592128,10752,326948,35,1,1,128,1,1,16,0.000,0.000,,,,,NVIDIA A100-SXM4-40GB MIG 4g.20gb (0),1,,13,cupy_copy__complex64_complex64
16818630816,6208,326957,1,1,1,1,1,1,18,0.000,0.000,,,,,NVIDIA A100-SXM4-40GB MIG 4g.20gb (0),1,,13,cupy_copy__float32_float32
16818638048,1568,326963,,,,,,,,,,0.000,2.551,Device,Pageable,NVIDIA A100-SXM4-40GB MIG 4g.20gb (0),1,,7,[CUDA memcpy Device-to-Host]
16818800958,17760,326974,1434,1,1,128,1,1,16,0.000,0.000,,,,,NVIDIA A100-SXM4-40GB MIG 4g.20gb (0),1,,13,cupy_copy__complex64_complex64
16818988924,6592,326981,103,1,1,128,1,1,16,0.000,0.000,,,,,NVIDIA A100-SXM4-40GB MIG 4g.20gb (0),1,,13,cupy_copy__complex64_complex64
16819168954,4064,326988,35,1,1,128,1,1,16,0.000,0.000,,,,,NVIDIA A100-SXM4-40GB MIG 4g.20gb (0),1,,13,cupy_copy__complex64_complex64
16819253145,3840,326995,1,1,1,1,1,1,18,0.000,0.000,,,,,NVIDIA A100-SXM4-40GB MIG 4g.20gb (0),1,,13,cupy_copy__float32_float32
16819388215,304157,327006,1,1,1,32,32,1,30,0.000,0.000,,,,,NVIDIA A100-SXM4-40GB MIG 4g.20gb (0),1,,13,"void convert_kernel<__half2, float2>(tensor_layout_any, T1 *, tensor_layout_any, const T2 *)"
16819722164,5952,327009,,,,,,,,,,0.094,15741.865,Pinned,Device,NVIDIA A100-SXM4-40GB MIG 4g.20gb (0),1,,13,[CUDA memcpy Host-to-Device]
16819872146,8192,327010,,,,,,,,,,1.547,188796.392,Device,,NVIDIA A100-SXM4-40GB MIG 4g.20gb (0),1,,13,[CUDA memset]
16819883282,3520,327015,,,,,,,,,,0.031,8890.881,Pinned,Device,NVIDIA A100-SXM4-40GB MIG 4g.20gb (0),1,,13,[CUDA memcpy Host-to-Device]
16819889522,11104,327016,,,,,,,,,,0.197,17705.927,Pinned,Device,NVIDIA A100-SXM4-40GB MIG 4g.20gb (0),1,,13,[CUDA memcpy Host-to-Device]
16820086128,25247,327017,273,1,1,8,4,1,39,0.002,0.000,,,,,NVIDIA A100-SXM4-40GB MIG 4g.20gb (0),1,,13,"void channel_eq::eqMmseCoefCompLowMimoKernel<float, float, float, (unsigned int)4, (unsigned int)1, (unsigned int)4>(const channel_eq::_puschRxChEqStatDescr *, channel_eq::_puschRxChEqCoefCompDynDescr)"
16820296845,24800,327018,273,1,1,12,11,1,51,0.002,0.000,,,,,NVIDIA A100-SXM4-40GB MIG 4g.20gb (0),1,,13,"void channel_eq::eqMmseSoftDemapKernel<float, __half, __half, float, (unsigned int)4, (unsigned short)16383>(channel_eq::_puschRxChEqStatDescr *, channel_eq::_puschRxChEqSoftDemapDynDescr)"
16820483723,729592,327019,1,1,1,32,32,1,30,0.000,0.000,,,,,NVIDIA A100-SXM4-40GB MIG 4g.20gb (0),1,,13,"void convert_kernel<float2, __half2>(tensor_layout_any, T1 *, tensor_layout_any, const T2 *)"
16821250883,15327,327031,2253,1,1,128,1,1,16,0.000,0.000,,,,,NVIDIA A100-SXM4-40GB MIG 4g.20gb (0),1,,13,cupy_copy__float16_float16
16821297090,7968,327040,282,1,1,128,1,1,16,0.000,0.000,,,,,NVIDIA A100-SXM4-40GB MIG 4g.20gb (0),1,,13,cupy_copy__complex64_complex64
16821331906,5216,327049,26,1,1,128,1,1,16,0.000,0.000,,,,,NVIDIA A100-SXM4-40GB MIG 4g.20gb (0),1,,13,cupy_copy__float32_float32
16821364897,15808,327058,103,1,1,128,1,1,16,0.000,0.000,,,,,NVIDIA A100-SXM4-40GB MIG 4g.20gb (0),1,,13,cupy_copy__complex64_complex64
16821465184,19648,327068,1434,1,1,128,1,1,16,0.000,0.000,,,,,NVIDIA A100-SXM4-40GB MIG 4g.20gb (0),1,,13,cupy_copy__complex64_complex64
16821518112,255613,327073,1,1,1,32,32,1,30,0.000,0.000,,,,,NVIDIA A100-SXM4-40GB MIG 4g.20gb (0),1,,13,"void convert_kernel<__half2, float2>(tensor_layout_any, T1 *, tensor_layout_any, const T2 *)"
16821802012,5408,327076,,,,,,,,,,0.094,17325.421,Pinned,Device,NVIDIA A100-SXM4-40GB MIG 4g.20gb (0),1,,13,[CUDA memcpy Host-to-Device]
16821828060,620985,327077,,,,,,,,,,456.561,735063.918,Device,,NVIDIA A100-SXM4-40GB MIG 4g.20gb (0),1,,13,[CUDA memset]
16822454517,55807,327082,,,,,,,,,,1.235,22127.727,Pinned,Device,NVIDIA A100-SXM4-40GB MIG 4g.20gb (0),1,,13,[CUDA memcpy Host-to-Device]
16822512852,10336,327083,,,,,,,,,,0.197,19021.627,Pinned,Device,NVIDIA A100-SXM4-40GB MIG 4g.20gb (0),1,,13,[CUDA memcpy Host-to-Device]
16822612787,27264,327084,69,4,1,48,1,1,76,0.002,0.000,,,,,NVIDIA A100-SXM4-40GB MIG 4g.20gb (0),1,,13,"void ch_est::windowedChEstPreNoDftSOfdmKernel<float, __half, float, (unsigned int)2, (unsigned int)1, (unsigned short)4>(ch_est::puschRxChEstStatDescr_t *, ch_est::puschRxChEstDynDescr_t *)"
16822771249,16000,327085,137,2,1,24,2,1,44,0.001,0.001,,,,,NVIDIA A100-SXM4-40GB MIG 4g.20gb (0),1,,13,"void ch_est::chEstFilterNoDftSOfdmDispatchKernel<float, __half, float, (unsigned int)2>(ch_est::puschRxChEstStatDescr_t *, ch_est::puschRxChEstDynDescr_t *)"
16822959119,25952,327086,137,2,1,24,2,1,44,0.001,0.001,,,,,NVIDIA A100-SXM4-40GB MIG 4g.20gb (0),1,,13,"void ch_est::chEstFilterNoDftSOfdmDispatchKernel<float, __half, float, (unsigned int)2>(ch_est::puschRxChEstStatDescr_t *, ch_est::puschRxChEstDynDescr_t *)"
16823036366,6176,327097,103,1,1,128,1,1,16,0.000,0.000,,,,,NVIDIA A100-SXM4-40GB MIG 4g.20gb (0),1,,13,cupy_copy__complex64_complex64
16823184045,17472,327107,1434,1,1,128,1,1,16,0.000,0.000,,,,,NVIDIA A100-SXM4-40GB MIG 4g.20gb (0),1,,13,cupy_copy__complex64_complex64
16823267116,6624,327114,103,1,1,128,1,1,16,0.000,0.000,,,,,NVIDIA A100-SXM4-40GB MIG 4g.20gb (0),1,,13,cupy_copy__complex64_complex64
16823410986,332413,327121,1,1,1,32,32,1,30,0.000,0.000,,,,,NVIDIA A100-SXM4-40GB MIG 4g.20gb (0),1,,13,"void convert_kernel<__half2, float2>(tensor_layout_any, T1 *, tensor_layout_any, const T2 *)"
16823771750,5888,327124,,,,,,,,,,0.094,15912.954,Pinned,Device,NVIDIA A100-SXM4-40GB MIG 4g.20gb (0),1,,13,[CUDA memcpy Host-to-Device]
16823939012,58336,327125,,,,,,,,,,35.810,613853.649,Device,,NVIDIA A100-SXM4-40GB MIG 4g.20gb (0),1,,13,[CUDA memset]
16823999844,2080,327127,,,,,,,,,,0.000,38.462,Pinned,Device,NVIDIA A100-SXM4-40GB MIG 4g.20gb (0),1,,13,[CUDA memcpy Host-to-Device]
16824004644,9631,327128,,,,,,,,,,0.197,20414.005,Pinned,Device,NVIDIA A100-SXM4-40GB MIG 4g.20gb (0),1,,13,[CUDA memcpy Host-to-Device]
16824189506,37887,327129,273,1,1,48,1,1,40,0.000,0.001,,,,,NVIDIA A100-SXM4-40GB MIG 4g.20gb (0),1,,13,"void pusch_noise_intf_est::noiseIntfEstNoDftSOfdmKernel<float, __half, float, float, (unsigned int)2, (unsigned int)1, (unsigned char)4, (unsigned char)4>(pusch_noise_intf_est::puschRxNoiseIntfEstDynDescr)"
16824380639,7616,327140,35,1,1,128,1,1,16,0.000,0.000,,,,,NVIDIA A100-SXM4-40GB MIG 4g.20gb (0),1,,13,cupy_copy__complex64_complex64
16824521534,3872,327149,1,1,1,1,1,1,18,0.000,0.000,,,,,NVIDIA A100-SXM4-40GB MIG 4g.20gb (0),1,,13,cupy_copy__float32_float32
16824529982,1984,327155,,,,,,,,,,0.000,2.016,Device,Pageable,NVIDIA A100-SXM4-40GB MIG 4g.20gb (0),1,,7,[CUDA memcpy Device-to-Host]
16824628925,17887,327166,1434,1,1,128,1,1,16,0.000,0.000,,,,,NVIDIA A100-SXM4-40GB MIG 4g.20gb (0),1,,13,cupy_copy__complex64_complex64
16824678972,5632,327173,103,1,1,128,1,1,16,0.000,0.000,,,,,NVIDIA A100-SXM4-40GB MIG 4g.20gb (0),1,,13,cupy_copy__complex64_complex64
16824721244,11999,327180,35,1,1,128,1,1,16,0.000,0.000,,,,,NVIDIA A100-SXM4-40GB MIG 4g.20gb (0),1,,13,cupy_copy__complex64_complex64
16824837178,4640,327187,1,1,1,1,1,1,18,0.000,0.000,,,,,NVIDIA A100-SXM4-40GB MIG 4g.20gb (0),1,,13,cupy_copy__float32_float32
16824912217,314397,327198,1,1,1,32,32,1,30,0.000,0.000,,,,,NVIDIA A100-SXM4-40GB MIG 4g.20gb (0),1,,13,"void convert_kernel<__half2, float2>(tensor_layout_any, T1 *, tensor_layout_any, const T2 *)"
16825255286,5631,327201,,,,,,,,,,0.094,16639.285,Pinned,Device,NVIDIA A100-SXM4-40GB MIG 4g.20gb (0),1,,13,[CUDA memcpy Host-to-Device]
16825438899,10368,327202,,,,,,,,,,1.547,149171.885,Device,,NVIDIA A100-SXM4-40GB MIG 4g.20gb (0),1,,13,[CUDA memset]
16825450803,3168,327207,,,,,,,,,,0.031,9878.770,Pinned,Device,NVIDIA A100-SXM4-40GB MIG 4g.20gb (0),1,,13,[CUDA memcpy Host-to-Device]
16825456595,10784,327208,,,,,,,,,,0.197,18231.263,Pinned,Device,NVIDIA A100-SXM4-40GB MIG 4g.20gb (0),1,,13,[CUDA memcpy Host-to-Device]
16825706192,25184,327209,273,1,1,8,4,1,39,0.002,0.000,,,,,NVIDIA A100-SXM4-40GB MIG 4g.20gb (0),1,,13,"void channel_eq::eqMmseCoefCompLowMimoKernel<float, float, float, (unsigned int)4, (unsigned int)1, (unsigned int)4>(const channel_eq::_puschRxChEqStatDescr *, channel_eq::_puschRxChEqCoefCompDynDescr)"
16825938862,31008,327210,273,1,1,12,11,1,51,0.002,0.000,,,,,NVIDIA A100-SXM4-40GB MIG 4g.20gb (0),1,,13,"void channel_eq::eqMmseSoftDemapKernel<float, __half, __half, float, (unsigned int)4, (unsigned short)16383>(channel_eq::_puschRxChEqStatDescr *, channel_eq::_puschRxChEqSoftDemapDynDescr)"
16826221675,782839,327211,1,1,1,32,32,1,30,0.000,0.000,,,,,NVIDIA A100-SXM4-40GB MIG 4g.20gb (0),1,,13,"void convert_kernel<float2, __half2>(tensor_layout_any, T1 *, tensor_layout_any, const T2 *)"
16827110945,14304,327223,2253,1,1,128,1,1,16,0.000,0.000,,,,,NVIDIA A100-SXM4-40GB MIG 4g.20gb (0),1,,13,cupy_copy__float16_float16
16827267967,9152,327232,282,1,1,128,1,1,16,0.000,0.000,,,,,NVIDIA A100-SXM4-40GB MIG 4g.20gb (0),1,,13,cupy_copy__complex64_complex64
16827346878,8576,327241,26,1,1,128,1,1,16,0.000,0.000,,,,,NVIDIA A100-SXM4-40GB MIG 4g.20gb (0),1,,13,cupy_copy__float32_float32
16827453885,13888,327250,103,1,1,128,1,1,16,0.000,0.000,,,,,NVIDIA A100-SXM4-40GB MIG 4g.20gb (0),1,,13,cupy_copy__complex64_complex64
16827551836,21567,327260,1434,1,1,128,1,1,16,0.000,0.000,,,,,NVIDIA A100-SXM4-40GB MIG 4g.20gb (0),1,,13,cupy_copy__complex64_complex64
16827670618,375644,327265,1,1,1,32,32,1,30,0.000,0.000,,,,,NVIDIA A100-SXM4-40GB MIG 4g.20gb (0),1,,13,"void convert_kernel<__half2, float2>(tensor_layout_any, T1 *, tensor_layout_any, const T2 *)"
16828076598,5600,327268,,,,,,,,,,0.094,16731.388,Pinned,Device,NVIDIA A100-SXM4-40GB MIG 4g.20gb (0),1,,13,[CUDA memcpy Host-to-Device]
16828173333,615353,327269,,,,,,,,,,456.561,741912.340,Device,,NVIDIA A100-SXM4-40GB MIG 4g.20gb (0),1,,13,[CUDA memset]
16828790894,55807,327274,,,,,,,,,,1.235,22127.727,Pinned,Device,NVIDIA A100-SXM4-40GB MIG 4g.20gb (0),1,,13,[CUDA memcpy Host-to-Device]
16828850701,11424,327275,,,,,,,,,,0.197,17210.081,Pinned,Device,NVIDIA A100-SXM4-40GB MIG 4g.20gb (0),1,,13,[CUDA memcpy Host-to-Device]
16828937932,22688,327276,69,4,1,48,1,1,76,0.002,0.000,,,,,NVIDIA A100-SXM4-40GB MIG 4g.20gb (0),1,,13,"void ch_est::windowedChEstPreNoDftSOfdmKernel<float, __half, float, (unsigned int)2, (unsigned int)1, (unsigned short)4>(ch_est::puschRxChEstStatDescr_t *, ch_est::puschRxChEstDynDescr_t *)"
16829058667,30271,327277,137,2,1,24,2,1,44,0.001,0.001,,,,,NVIDIA A100-SXM4-40GB MIG 4g.20gb (0),1,,13,"void ch_est::chEstFilterNoDftSOfdmDispatchKernel<float, __half, float, (unsigned int)2>(ch_est::puschRxChEstStatDescr_t *, ch_est::puschRxChEstDynDescr_t *)"
16829182889,16160,327278,137,2,1,24,2,1,44,0.001,0.001,,,,,NVIDIA A100-SXM4-40GB MIG 4g.20gb (0),1,,13,"void ch_est::chEstFilterNoDftSOfdmDispatchKernel<float, __half, float, (unsigned int)2>(ch_est::puschRxChEstStatDescr_t *, ch_est::puschRxChEstDynDescr_t *)"
16829268552,7008,327289,103,1,1,128,1,1,16,0.000,0.000,,,,,NVIDIA A100-SXM4-40GB MIG 4g.20gb (0),1,,13,cupy_copy__complex64_complex64
16829379879,18464,327299,1434,1,1,128,1,1,16,0.000,0.000,,,,,NVIDIA A100-SXM4-40GB MIG 4g.20gb (0),1,,13,cupy_copy__complex64_complex64
16829429863,6240,327306,103,1,1,128,1,1,16,0.000,0.000,,,,,NVIDIA A100-SXM4-40GB MIG 4g.20gb (0),1,,13,cupy_copy__complex64_complex64
16829478726,251357,327313,1,1,1,32,32,1,30,0.000,0.000,,,,,NVIDIA A100-SXM4-40GB MIG 4g.20gb (0),1,,13,"void convert_kernel<__half2, float2>(tensor_layout_any, T1 *, tensor_layout_any, const T2 *)"
16829758627,5472,327316,,,,,,,,,,0.094,17122.757,Pinned,Device,NVIDIA A100-SXM4-40GB MIG 4g.20gb (0),1,,13,[CUDA memcpy Host-to-Device]
16829816994,59744,327317,,,,,,,,,,35.810,599386.441,Device,,NVIDIA A100-SXM4-40GB MIG 4g.20gb (0),1,,13,[CUDA memset]
16829884866,1824,327319,,,,,,,,,,0.000,43.860,Pinned,Device,NVIDIA A100-SXM4-40GB MIG 4g.20gb (0),1,,13,[CUDA memcpy Host-to-Device]
16829889153,10016,327320,,,,,,,,,,0.197,19629.343,Pinned,Device,NVIDIA A100-SXM4-40GB MIG 4g.20gb (0),1,,13,[CUDA memcpy Host-to-Device]
16830008960,45536,327321,273,1,1,48,1,1,40,0.000,0.001,,,,,NVIDIA A100-SXM4-40GB MIG 4g.20gb (0),1,,13,"void pusch_noise_intf_est::noiseIntfEstNoDftSOfdmKernel<float, __half, float, float, (unsigned int)2, (unsigned int)1, (unsigned char)4, (unsigned char)4>(pusch_noise_intf_est::puschRxNoiseIntfEstDynDescr)"
16830300285,12992,327332,35,1,1,128,1,1,16,0.000,0.000,,,,,NVIDIA A100-SXM4-40GB MIG 4g.20gb (0),1,,13,cupy_copy__complex64_complex64
16830533818,4320,327341,1,1,1,1,1,1,18,0.000,0.000,,,,,NVIDIA A100-SXM4-40GB MIG 4g.20gb (0),1,,13,cupy_copy__float32_float32
16830541498,1568,327347,,,,,,,,,,0.000,2.551,Device,Pageable,NVIDIA A100-SXM4-40GB MIG 4g.20gb (0),1,,7,[CUDA memcpy Device-to-Host]
16830646905,17600,327358,1434,1,1,128,1,1,16,0.000,0.000,,,,,NVIDIA A100-SXM4-40GB MIG 4g.20gb (0),1,,13,cupy_copy__complex64_complex64
16830892790,7648,327365,103,1,1,128,1,1,16,0.000,0.000,,,,,NVIDIA A100-SXM4-40GB MIG 4g.20gb (0),1,,13,cupy_copy__complex64_complex64
16830977717,10336,327372,35,1,1,128,1,1,16,0.000,0.000,,,,,NVIDIA A100-SXM4-40GB MIG 4g.20gb (0),1,,13,cupy_copy__complex64_complex64
16831218515,4287,327379,1,1,1,1,1,1,18,0.000,0.000,,,,,NVIDIA A100-SXM4-40GB MIG 4g.20gb (0),1,,13,cupy_copy__float32_float32
16831446960,333500,327390,1,1,1,32,32,1,30,0.000,0.000,,,,,NVIDIA A100-SXM4-40GB MIG 4g.20gb (0),1,,13,"void convert_kernel<__half2, float2>(tensor_layout_any, T1 *, tensor_layout_any, const T2 *)"
16831809932,5984,327393,,,,,,,,,,0.094,15657.726,Pinned,Device,NVIDIA A100-SXM4-40GB MIG 4g.20gb (0),1,,13,[CUDA memcpy Host-to-Device]
16831982922,8384,327394,,,,,,,,,,1.547,184472.031,Device,,NVIDIA A100-SXM4-40GB MIG 4g.20gb (0),1,,13,[CUDA memset]
16831997642,3200,327399,,,,,,,,,,0.031,9780.000,Pinned,Device,NVIDIA A100-SXM4-40GB MIG 4g.20gb (0),1,,13,[CUDA memcpy Host-to-Device]
16832004458,11712,327400,,,,,,,,,,0.197,16786.784,Pinned,Device,NVIDIA A100-SXM4-40GB MIG 4g.20gb (0),1,,13,[CUDA memcpy Host-to-Device]
16832378086,22271,327401,273,1,1,8,4,1,39,0.002,0.000,,,,,NVIDIA A100-SXM4-40GB MIG 4g.20gb (0),1,,13,"void channel_eq::eqMmseCoefCompLowMimoKernel<float, float, float, (unsigned int)4, (unsigned int)1, (unsigned int)4>(const channel_eq::_puschRxChEqStatDescr *, channel_eq::_puschRxChEqCoefCompDynDescr)"
16832675906,27872,327402,273,1,1,12,11,1,51,0.002,0.000,,,,,NVIDIA A100-SXM4-40GB MIG 4g.20gb (0),1,,13,"void channel_eq::eqMmseSoftDemapKernel<float, __half, __half, float, (unsigned int)4, (unsigned short)16383>(channel_eq::_puschRxChEqStatDescr *, channel_eq::_puschRxChEqSoftDemapDynDescr)"
16833040062,852215,327403,1,1,1,32,32,1,30,0.000,0.000,,,,,NVIDIA A100-SXM4-40GB MIG 4g.20gb (0),1,,13,"void convert_kernel<float2, __half2>(tensor_layout_any, T1 *, tensor_layout_any, const T2 *)"
16833963060,15328,327415,2253,1,1,128,1,1,16,0.000,0.000,,,,,NVIDIA A100-SXM4-40GB MIG 4g.20gb (0),1,,13,cupy_copy__float16_float16
16834098994,9088,327424,282,1,1,128,1,1,16,0.000,0.000,,,,,NVIDIA A100-SXM4-40GB MIG 4g.20gb (0),1,,13,cupy_copy__complex64_complex64
16834223985,5248,327433,26,1,1,128,1,1,16,0.000,0.000,,,,,NVIDIA A100-SXM4-40GB MIG 4g.20gb (0),1,,13,cupy_copy__float32_float32
16834297008,14112,327442,103,1,1,128,1,1,16,0.000,0.000,,,,,NVIDIA A100-SXM4-40GB MIG 4g.20gb (0),1,,13,cupy_copy__complex64_complex64
16834423023,19743,327452,1434,1,1,128,1,1,16,0.000,0.000,,,,,NVIDIA A100-SXM4-40GB MIG 4g.20gb (0),1,,13,cupy_copy__complex64_complex64
16834475310,254557,327457,1,1,1,32,32,1,30,0.000,0.000,,,,,NVIDIA A100-SXM4-40GB MIG 4g.20gb (0),1,,13,"void convert_kernel<__half2, float2>(tensor_layout_any, T1 *, tensor_layout_any, const T2 *)"
16834759051,5344,327460,,,,,,,,,,0.094,17532.864,Pinned,Device,NVIDIA A100-SXM4-40GB MIG 4g.20gb (0),1,,13,[CUDA memcpy Host-to-Device]
16834792042,616761,327461,,,,,,,,,,456.561,740086.094,Device,,NVIDIA A100-SXM4-40GB MIG 4g.20gb (0),1,,13,[CUDA memset]
16835412131,55264,327466,,,,,,,,,,1.235,22345.077,Pinned,Device,NVIDIA A100-SXM4-40GB MIG 4g.20gb (0),1,,13,[CUDA memcpy Host-to-Device]
16835470595,11232,327467,,,,,,,,,,0.197,17504.207,Pinned,Device,NVIDIA A100-SXM4-40GB MIG 4g.20gb (0),1,,13,[CUDA memcpy Host-to-Device]
16835506274,31456,327468,69,4,1,48,1,1,76,0.002,0.000,,,,,NVIDIA A100-SXM4-40GB MIG 4g.20gb (0),1,,13,"void ch_est::windowedChEstPreNoDftSOfdmKernel<float, __half, float, (unsigned int)2, (unsigned int)1, (unsigned short)4>(ch_est::puschRxChEstStatDescr_t *, ch_est::puschRxChEstDynDescr_t *)"
16835593953,36640,327469,137,2,1,24,2,1,44,0.001,0.001,,,,,NVIDIA A100-SXM4-40GB MIG 4g.20gb (0),1,,13,"void ch_est::chEstFilterNoDftSOfdmDispatchKernel<float, __half, float, (unsigned int)2>(ch_est::puschRxChEstStatDescr_t *, ch_est::puschRxChEstDynDescr_t *)"
16835643905,35839,327470,137,2,1,24,2,1,44,0.001,0.001,,,,,NVIDIA A100-SXM4-40GB MIG 4g.20gb (0),1,,13,"void ch_est::chEstFilterNoDftSOfdmDispatchKernel<float, __half, float, (unsigned int)2>(ch_est::puschRxChEstStatDescr_t *, ch_est::puschRxChEstDynDescr_t *)"
16835693728,5376,327481,103,1,1,128,1,1,16,0.000,0.000,,,,,NVIDIA A100-SXM4-40GB MIG 4g.20gb (0),1,,13,cupy_copy__complex64_complex64
16835736288,18560,327491,1434,1,1,128,1,1,16,0.000,0.000,,,,,NVIDIA A100-SXM4-40GB MIG 4g.20gb (0),1,,13,cupy_copy__complex64_complex64
16835786463,5632,327498,103,1,1,128,1,1,16,0.000,0.000,,,,,NVIDIA A100-SXM4-40GB MIG 4g.20gb (0),1,,13,cupy_copy__complex64_complex64
16835836735,248765,327505,1,1,1,32,32,1,30,0.000,0.000,,,,,NVIDIA A100-SXM4-40GB MIG 4g.20gb (0),1,,13,"void convert_kernel<__half2, float2>(tensor_layout_any, T1 *, tensor_layout_any, const T2 *)"
16836114204,5951,327508,,,,,,,,,,0.094,15744.488,Pinned,Device,NVIDIA A100-SXM4-40GB MIG 4g.20gb (0),1,,13,[CUDA memcpy Host-to-Device]
16836185883,58847,327509,,,,,,,,,,35.810,608517.971,Device,,NVIDIA A100-SXM4-40GB MIG 4g.20gb (0),1,,13,[CUDA memset]
16836253050,1824,327511,,,,,,,,,,0.000,43.860,Pinned,Device,NVIDIA A100-SXM4-40GB MIG 4g.20gb (0),1,,13,[CUDA memcpy Host-to-Device]
16836257402,9600,327512,,,,,,,,,,0.197,20479.869,Pinned,Device,NVIDIA A100-SXM4-40GB MIG 4g.20gb (0),1,,13,[CUDA memcpy Host-to-Device]
16836380921,35775,327513,273,1,1,48,1,1,40,0.000,0.001,,,,,NVIDIA A100-SXM4-40GB MIG 4g.20gb (0),1,,13,"void pusch_noise_intf_est::noiseIntfEstNoDftSOfdmKernel<float, __half, float, float, (unsigned int)2, (unsigned int)1, (unsigned char)4, (unsigned char)4>(pusch_noise_intf_est::puschRxNoiseIntfEstDynDescr)"
16836690901,11840,327524,35,1,1,128,1,1,16,0.000,0.000,,,,,NVIDIA A100-SXM4-40GB MIG 4g.20gb (0),1,,13,cupy_copy__complex64_complex64
16837022577,4736,327533,1,1,1,1,1,1,18,0.000,0.000,,,,,NVIDIA A100-SXM4-40GB MIG 4g.20gb (0),1,,13,cupy_copy__float32_float32
16837034833,2816,327539,,,,,,,,,,0.000,1.420,Device,Pageable,NVIDIA A100-SXM4-40GB MIG 4g.20gb (0),1,,7,[CUDA memcpy Device-to-Host]
16837256303,19807,327550,1434,1,1,128,1,1,16,0.000,0.000,,,,,NVIDIA A100-SXM4-40GB MIG 4g.20gb (0),1,,13,cupy_copy__complex64_complex64
16837636074,7424,327557,103,1,1,128,1,1,16,0.000,0.000,,,,,NVIDIA A100-SXM4-40GB MIG 4g.20gb (0),1,,13,cupy_copy__complex64_complex64
16837940135,5824,327564,35,1,1,128,1,1,16,0.000,0.000,,,,,NVIDIA A100-SXM4-40GB MIG 4g.20gb (0),1,,13,cupy_copy__complex64_complex64
16838135365,4544,327571,1,1,1,1,1,1,18,0.000,0.000,,,,,NVIDIA A100-SXM4-40GB MIG 4g.20gb (0),1,,13,cupy_copy__float32_float32
16838511393,300956,327582,1,1,1,32,32,1,30,0.000,0.000,,,,,NVIDIA A100-SXM4-40GB MIG 4g.20gb (0),1,,13,"void convert_kernel<__half2, float2>(tensor_layout_any, T1 *, tensor_layout_any, const T2 *)"
16838841981,6048,327585,,,,,,,,,,0.094,15491.978,Pinned,Device,NVIDIA A100-SXM4-40GB MIG 4g.20gb (0),1,,13,[CUDA memcpy Host-to-Device]
16839239160,8832,327586,,,,,,,,,,1.547,175114.956,Device,,NVIDIA A100-SXM4-40GB MIG 4g.20gb (0),1,,13,[CUDA memset]
16839251192,3744,327591,,,,,,,,,,0.031,8358.974,Pinned,Device,NVIDIA A100-SXM4-40GB MIG 4g.20gb (0),1,,13,[CUDA memcpy Host-to-Device]
16839259768,10624,327592,,,,,,,,,,0.197,18505.925,Pinned,Device,NVIDIA A100-SXM4-40GB MIG 4g.20gb (0),1,,13,[CUDA memcpy Host-to-Device]
16839658676,25887,327593,273,1,1,8,4,1,39,0.002,0.000,,,,,NVIDIA A100-SXM4-40GB MIG 4g.20gb (0),1,,13,"void channel_eq::eqMmseCoefCompLowMimoKernel<float, float, float, (unsigned int)4, (unsigned int)1, (unsigned int)4>(const channel_eq::_puschRxChEqStatDescr *, channel_eq::_puschRxChEqCoefCompDynDescr)"
16840074383,28608,327594,273,1,1,12,11,1,51,0.002,0.000,,,,,NVIDIA A100-SXM4-40GB MIG 4g.20gb (0),1,,13,"void channel_eq::eqMmseSoftDemapKernel<float, __half, __half, float, (unsigned int)4, (unsigned short)16383>(channel_eq::_puschRxChEqStatDescr *, channel_eq::_puschRxChEqSoftDemapDynDescr)"
16840455787,741175,327595,1,1,1,32,32,1,30,0.000,0.000,,,,,NVIDIA A100-SXM4-40GB MIG 4g.20gb (0),1,,13,"void convert_kernel<float2, __half2>(tensor_layout_any, T1 *, tensor_layout_any, const T2 *)"
16841237666,16288,327607,2253,1,1,128,1,1,16,0.000,0.000,,,,,NVIDIA A100-SXM4-40GB MIG 4g.20gb (0),1,,13,cupy_copy__float16_float16
16841256354,3680,327616,282,1,1,128,1,1,16,0.000,0.000,,,,,NVIDIA A100-SXM4-40GB MIG 4g.20gb (0),1,,13,cupy_copy__complex64_complex64
16841287681,4672,327625,26,1,1,128,1,1,16,0.000,0.000,,,,,NVIDIA A100-SXM4-40GB MIG 4g.20gb (0),1,,13,cupy_copy__float32_float32
16841320609,12992,327634,103,1,1,128,1,1,16,0.000,0.000,,,,,NVIDIA A100-SXM4-40GB MIG 4g.20gb (0),1,,13,cupy_copy__complex64_complex64
16841395456,17184,327644,1434,1,1,128,1,1,16,0.000,0.000,,,,,NVIDIA A100-SXM4-40GB MIG 4g.20gb (0),1,,13,cupy_copy__complex64_complex64
16841448000,249213,327649,1,1,1,32,32,1,30,0.000,0.000,,,,,NVIDIA A100-SXM4-40GB MIG 4g.20gb (0),1,,13,"void convert_kernel<__half2, float2>(tensor_layout_any, T1 *, tensor_layout_any, const T2 *)"
16841726493,5727,327652,,,,,,,,,,0.094,16360.352,Pinned,Device,NVIDIA A100-SXM4-40GB MIG 4g.20gb (0),1,,13,[CUDA memcpy Host-to-Device]
16841750876,629561,327653,,,,,,,,,,456.561,725019.567,Device,,NVIDIA A100-SXM4-40GB MIG 4g.20gb (0),1,,13,[CUDA memset]
16842388469,52255,327658,,,,,,,,,,1.235,23631.888,Pinned,Device,NVIDIA A100-SXM4-40GB MIG 4g.20gb (0),1,,13,[CUDA memcpy Host-to-Device]
16842444788,9824,327659,,,,,,,,,,0.197,20012.925,Pinned,Device,NVIDIA A100-SXM4-40GB MIG 4g.20gb (0),1,,13,[CUDA memcpy Host-to-Device]
16842506068,17888,327660,69,4,1,48,1,1,76,0.002,0.000,,,,,NVIDIA A100-SXM4-40GB MIG 4g.20gb (0),1,,13,"void ch_est::windowedChEstPreNoDftSOfdmKernel<float, __half, float, (unsigned int)2, (unsigned int)1, (unsigned short)4>(ch_est::puschRxChEstStatDescr_t *, ch_est::puschRxChEstDynDescr_t *)"
16842701042,33375,327661,137,2,1,24,2,1,44,0.001,0.001,,,,,NVIDIA A100-SXM4-40GB MIG 4g.20gb (0),1,,13,"void ch_est::chEstFilterNoDftSOfdmDispatchKernel<float, __half, float, (unsigned int)2>(ch_est::puschRxChEstStatDescr_t *, ch_est::puschRxChEstDynDescr_t *)"
16842904847,31392,327662,137,2,1,24,2,1,44,0.001,0.001,,,,,NVIDIA A100-SXM4-40GB MIG 4g.20gb (0),1,,13,"void ch_est::chEstFilterNoDftSOfdmDispatchKernel<float, __half, float, (unsigned int)2>(ch_est::puschRxChEstStatDescr_t *, ch_est::puschRxChEstDynDescr_t *)"
16842951471,8128,327673,103,1,1,128,1,1,16,0.000,0.000,,,,,NVIDIA A100-SXM4-40GB MIG 4g.20gb (0),1,,13,cupy_copy__complex64_complex64
16843103853,23712,327683,1434,1,1,128,1,1,16,0.000,0.000,,,,,NVIDIA A100-SXM4-40GB MIG 4g.20gb (0),1,,13,cupy_copy__complex64_complex64
16843309483,8096,327690,103,1,1,128,1,1,16,0.000,0.000,,,,,NVIDIA A100-SXM4-40GB MIG 4g.20gb (0),1,,13,cupy_copy__complex64_complex64
16843393194,292796,327697,1,1,1,32,32,1,30,0.000,0.000,,,,,NVIDIA A100-SXM4-40GB MIG 4g.20gb (0),1,,13,"void convert_kernel<__half2, float2>(tensor_layout_any, T1 *, tensor_layout_any, const T2 *)"
16843713542,7424,327700,,,,,,,,,,0.094,12620.664,Pinned,Device,NVIDIA A100-SXM4-40GB MIG 4g.20gb (0),1,,13,[CUDA memcpy Host-to-Device]
16843865732,54848,327701,,,,,,,,,,35.810,652886.461,Device,,NVIDIA A100-SXM4-40GB MIG 4g.20gb (0),1,,13,[CUDA memset]
16843922404,1984,327703,,,,,,,,,,0.000,40.323,Pinned,Device,NVIDIA A100-SXM4-40GB MIG 4g.20gb (0),1,,13,[CUDA memcpy Host-to-Device]
16843929668,9440,327704,,,,,,,,,,0.197,20827.079,Pinned,Device,NVIDIA A100-SXM4-40GB MIG 4g.20gb (0),1,,13,[CUDA memcpy Host-to-Device]
16844108290,26047,327705,273,1,1,48,1,1,40,0.000,0.001,,,,,NVIDIA A100-SXM4-40GB MIG 4g.20gb (0),1,,13,"void pusch_noise_intf_est::noiseIntfEstNoDftSOfdmKernel<float, __half, float, float, (unsigned int)2, (unsigned int)1, (unsigned char)4, (unsigned char)4>(pusch_noise_intf_est::puschRxNoiseIntfEstDynDescr)"
16844297664,6784,327716,35,1,1,128,1,1,16,0.000,0.000,,,,,NVIDIA A100-SXM4-40GB MIG 4g.20gb (0),1,,13,cupy_copy__complex64_complex64
16844376255,4480,327725,1,1,1,1,1,1,18,0.000,0.000,,,,,NVIDIA A100-SXM4-40GB MIG 4g.20gb (0),1,,13,cupy_copy__float32_float32
16844388511,1952,327731,,,,,,,,,,0.000,2.049,Device,Pageable,NVIDIA A100-SXM4-40GB MIG 4g.20gb (0),1,,7,[CUDA memcpy Device-to-Host]
16844559837,19711,327742,1434,1,1,128,1,1,16,0.000,0.000,,,,,NVIDIA A100-SXM4-40GB MIG 4g.20gb (0),1,,13,cupy_copy__complex64_complex64
16844663100,6943,327749,103,1,1,128,1,1,16,0.000,0.000,,,,,NVIDIA A100-SXM4-40GB MIG 4g.20gb (0),1,,13,cupy_copy__complex64_complex64
16844871097,7456,327756,35,1,1,128,1,1,16,0.000,0.000,,,,,NVIDIA A100-SXM4-40GB MIG 4g.20gb (0),1,,13,cupy_copy__complex64_complex64
16844997496,4768,327763,1,1,1,1,1,1,18,0.000,0.000,,,,,NVIDIA A100-SXM4-40GB MIG 4g.20gb (0),1,,13,cupy_copy__float32_float32
16845163638,281725,327774,1,1,1,32,32,1,30,0.000,0.000,,,,,NVIDIA A100-SXM4-40GB MIG 4g.20gb (0),1,,13,"void convert_kernel<__half2, float2>(tensor_layout_any, T1 *, tensor_layout_any, const T2 *)"
16845473650,5440,327777,,,,,,,,,,0.094,17223.480,Pinned,Device,NVIDIA A100-SXM4-40GB MIG 4g.20gb (0),1,,13,[CUDA memcpy Host-to-Device]
16845645520,7776,327778,,,,,,,,,,1.547,198895.846,Device,,NVIDIA A100-SXM4-40GB MIG 4g.20gb (0),1,,13,[CUDA memset]
16845653904,3648,327783,,,,,,,,,,0.031,8578.922,Pinned,Device,NVIDIA A100-SXM4-40GB MIG 4g.20gb (0),1,,13,[CUDA memcpy Host-to-Device]
16845660016,11200,327784,,,,,,,,,,0.197,17554.145,Pinned,Device,NVIDIA A100-SXM4-40GB MIG 4g.20gb (0),1,,13,[CUDA memcpy Host-to-Device]
16845942413,31296,327785,273,1,1,8,4,1,39,0.002,0.000,,,,,NVIDIA A100-SXM4-40GB MIG 4g.20gb (0),1,,13,"void channel_eq::eqMmseCoefCompLowMimoKernel<float, float, float, (unsigned int)4, (unsigned int)1, (unsigned int)4>(const channel_eq::_puschRxChEqStatDescr *, channel_eq::_puschRxChEqCoefCompDynDescr)"
16846195658,24960,327786,273,1,1,12,11,1,51,0.002,0.000,,,,,NVIDIA A100-SXM4-40GB MIG 4g.20gb (0),1,,13,"void channel_eq::eqMmseSoftDemapKernel<float, __half, __half, float, (unsigned int)4, (unsigned short)16383>(channel_eq::_puschRxChEqStatDescr *, channel_eq::_puschRxChEqSoftDemapDynDescr)"
16846499015,813271,327787,1,1,1,32,32,1,30,0.000,0.000,,,,,NVIDIA A100-SXM4-40GB MIG 4g.20gb (0),1,,13,"void convert_kernel<float2, __half2>(tensor_layout_any, T1 *, tensor_layout_any, const T2 *)"
16847686426,15295,327799,2253,1,1,128,1,1,16,0.000,0.000,,,,,NVIDIA A100-SXM4-40GB MIG 4g.20gb (0),1,,13,cupy_copy__float16_float16
16848015798,9440,327808,282,1,1,128,1,1,16,0.000,0.000,,,,,NVIDIA A100-SXM4-40GB MIG 4g.20gb (0),1,,13,cupy_copy__complex64_complex64
16848243923,4416,327817,26,1,1,128,1,1,16,0.000,0.000,,,,,NVIDIA A100-SXM4-40GB MIG 4g.20gb (0),1,,13,cupy_copy__float32_float32
16848314770,13952,327826,103,1,1,128,1,1,16,0.000,0.000,,,,,NVIDIA A100-SXM4-40GB MIG 4g.20gb (0),1,,13,cupy_copy__complex64_complex64
16848448113,18688,327836,1434,1,1,128,1,1,16,0.000,0.000,,,,,NVIDIA A100-SXM4-40GB MIG 4g.20gb (0),1,,13,cupy_copy__complex64_complex64
16848594639,315325,327841,1,1,1,32,32,1,30,0.000,0.000,,,,,NVIDIA A100-SXM4-40GB MIG 4g.20gb (0),1,,13,"void convert_kernel<__half2, float2>(tensor_layout_any, T1 *, tensor_layout_any, const T2 *)"
16848941067,6208,327844,,,,,,,,,,0.094,15092.739,Pinned,Device,NVIDIA A100-SXM4-40GB MIG 4g.20gb (0),1,,13,[CUDA memcpy Host-to-Device]
16849085002,615961,327845,,,,,,,,,,456.561,740999.217,Device,,NVIDIA A100-SXM4-40GB MIG 4g.20gb (0),1,,13,[CUDA memset]
16849702915,55935,327850,,,,,,,,,,1.235,22077.094,Pinned,Device,NVIDIA A100-SXM4-40GB MIG 4g.20gb (0),1,,13,[CUDA memcpy Host-to-Device]
16849761634,11904,327851,,,,,,,,,,0.197,16516.055,Pinned,Device,NVIDIA A100-SXM4-40GB MIG 4g.20gb (0),1,,13,[CUDA memcpy Host-to-Device]
16849904353,25311,327852,69,4,1,48,1,1,76,0.002,0.000,,,,,NVIDIA A100-SXM4-40GB MIG 4g.20gb (0),1,,13,"void ch_est::windowedChEstPreNoDftSOfdmKernel<float, __half, float, (unsigned int)2, (unsigned int)1, (unsigned short)4>(ch_est::puschRxChEstStatDescr_t *, ch_est::puschRxChEstDynDescr_t *)"
16849951296,37568,327853,137,2,1,24,2,1,44,0.001,0.001,,,,,NVIDIA A100-SXM4-40GB MIG 4g.20gb (0),1,,13,"void ch_est::chEstFilterNoDftSOfdmDispatchKernel<float, __half, float, (unsigned int)2>(ch_est::puschRxChEstStatDescr_t *, ch_est::puschRxChEstDynDescr_t *)"
16849999808,37791,327854,137,2,1,24,2,1,44,0.001,0.001,,,,,NVIDIA A100-SXM4-40GB MIG 4g.20gb (0),1,,13,"void ch_est::chEstFilterNoDftSOfdmDispatchKernel<float, __half, float, (unsigned int)2>(ch_est::puschRxChEstStatDescr_t *, ch_est::puschRxChEstDynDescr_t *)"
16850090367,5823,327865,103,1,1,128,1,1,16,0.000,0.000,,,,,NVIDIA A100-SXM4-40GB MIG 4g.20gb (0),1,,13,cupy_copy__complex64_complex64
16850133214,18176,327875,1434,1,1,128,1,1,16,0.000,0.000,,,,,NVIDIA A100-SXM4-40GB MIG 4g.20gb (0),1,,13,cupy_copy__complex64_complex64
16850181214,7039,327882,103,1,1,128,1,1,16,0.000,0.000,,,,,NVIDIA A100-SXM4-40GB MIG 4g.20gb (0),1,,13,cupy_copy__complex64_complex64
16850233885,253629,327889,1,1,1,32,32,1,30,0.000,0.000,,,,,NVIDIA A100-SXM4-40GB MIG 4g.20gb (0),1,,13,"void convert_kernel<__half2, float2>(tensor_layout_any, T1 *, tensor_layout_any, const T2 *)"
16850515898,5440,327892,,,,,,,,,,0.094,17223.480,Pinned,Device,NVIDIA A100-SXM4-40GB MIG 4g.20gb (0),1,,13,[CUDA memcpy Host-to-Device]
16850599001,56287,327893,,,,,,,,,,35.810,636199.039,Device,,NVIDIA A100-SXM4-40GB MIG 4g.20gb (0),1,,13,[CUDA memset]
16850656376,3104,327895,,,,,,,,,,0.000,25.773,Pinned,Device,NVIDIA A100-SXM4-40GB MIG 4g.20gb (0),1,,13,[CUDA memcpy Host-to-Device]
16850666680,11008,327896,,,,,,,,,,0.197,17860.461,Pinned,Device,NVIDIA A100-SXM4-40GB MIG 4g.20gb (0),1,,13,[CUDA memcpy Host-to-Device]
16850719703,40800,327897,273,1,1,48,1,1,40,0.000,0.001,,,,,NVIDIA A100-SXM4-40GB MIG 4g.20gb (0),1,,13,"void pusch_noise_intf_est::noiseIntfEstNoDftSOfdmKernel<float, __half, float, float, (unsigned int)2, (unsigned int)1, (unsigned char)4, (unsigned char)4>(pusch_noise_intf_est::puschRxNoiseIntfEstDynDescr)"
16850800407,10527,327908,35,1,1,128,1,1,16,0.000,0.000,,,,,NVIDIA A100-SXM4-40GB MIG 4g.20gb (0),1,,13,cupy_copy__complex64_complex64
16850836918,4064,327917,1,1,1,1,1,1,18,0.000,0.000,,,,,NVIDIA A100-SXM4-40GB MIG 4g.20gb (0),1,,13,cupy_copy__float32_float32
16850842774,1696,327923,,,,,,,,,,0.000,2.358,Device,Pageable,NVIDIA A100-SXM4-40GB MIG 4g.20gb (0),1,,7,[CUDA memcpy Device-to-Host]
16850965557,17472,327934,1434,1,1,128,1,1,16,0.000,0.000,,,,,NVIDIA A100-SXM4-40GB MIG 4g.20gb (0),1,,13,cupy_copy__complex64_complex64
16851015028,5728,327941,103,1,1,128,1,1,16,0.000,0.000,,,,,NVIDIA A100-SXM4-40GB MIG 4g.20gb (0),1,,13,cupy_copy__complex64_complex64
16851058740,12096,327948,35,1,1,128,1,1,16,0.000,0.000,,,,,NVIDIA A100-SXM4-40GB MIG 4g.20gb (0),1,,13,cupy_copy__complex64_complex64
16851108883,3840,327955,1,1,1,1,1,1,18,0.000,0.000,,,,,NVIDIA A100-SXM4-40GB MIG 4g.20gb (0),1,,13,cupy_copy__float32_float32
16851169138,319517,327966,1,1,1,32,32,1,30,0.000,0.000,,,,,NVIDIA A100-SXM4-40GB MIG 4g.20gb (0),1,,13,"void convert_kernel<__half2, float2>(tensor_layout_any, T1 *, tensor_layout_any, const T2 *)"
16851520494,5472,327969,,,,,,,,,,0.094,17122.757,Pinned,Device,NVIDIA A100-SXM4-40GB MIG 4g.20gb (0),1,,13,[CUDA memcpy Host-to-Device]
16851643213,9216,327970,,,,,,,,,,1.547,167817.984,Device,,NVIDIA A100-SXM4-40GB MIG 4g.20gb (0),1,,13,[CUDA memset]
16851661645,4640,327975,,,,,,,,,,0.031,6744.820,Pinned,Device,NVIDIA A100-SXM4-40GB MIG 4g.20gb (0),1,,13,[CUDA memcpy Host-to-Device]
16851669581,10624,327976,,,,,,,,,,0.197,18505.925,Pinned,Device,NVIDIA A100-SXM4-40GB MIG 4g.20gb (0),1,,13,[CUDA memcpy Host-to-Device]
16851969801,27936,327977,273,1,1,8,4,1,39,0.002,0.000,,,,,NVIDIA A100-SXM4-40GB MIG 4g.20gb (0),1,,13,"void channel_eq::eqMmseCoefCompLowMimoKernel<float, float, float, (unsigned int)4, (unsigned int)1, (unsigned int)4>(const channel_eq::_puschRxChEqStatDescr *, channel_eq::_puschRxChEqCoefCompDynDescr)"
16852337061,25824,327978,273,1,1,12,11,1,51,0.002,0.000,,,,,NVIDIA A100-SXM4-40GB MIG 4g.20gb (0),1,,13,"void channel_eq::eqMmseSoftDemapKernel<float, __half, __half, float, (unsigned int)4, (unsigned short)16383>(channel_eq::_puschRxChEqStatDescr *, channel_eq::_puschRxChEqSoftDemapDynDescr)"
16852734913,773463,327979,1,1,1,32,32,1,30,0.000,0.000,,,,,NVIDIA A100-SXM4-40GB MIG 4g.20gb (0),1,,13,"void convert_kernel<float2, __half2>(tensor_layout_any, T1 *, tensor_layout_any, const T2 *)"
16853804853,33055,327991,2253,1,1,128,1,1,16,0.000,0.000,,,,,NVIDIA A100-SXM4-40GB MIG 4g.20gb (0),1,,13,cupy_copy__float16_float16
16854003891,9183,328000,282,1,1,128,1,1,16,0.000,0.000,,,,,NVIDIA A100-SXM4-40GB MIG 4g.20gb (0),1,,13,cupy_copy__complex64_complex64
16854316239,5664,328009,26,1,1,128,1,1,16,0.000,0.000,,,,,NVIDIA A100-SXM4-40GB MIG 4g.20gb (0),1,,13,cupy_copy__float32_float32
16854659307,11328,328018,103,1,1,128,1,1,16,0.000,0.000,,,,,NVIDIA A100-SXM4-40GB MIG 4g.20gb (0),1,,13,cupy_copy__complex64_complex64
16854968872,39711,328028,1434,1,1,128,1,1,16,0.000,0.000,,,,,NVIDIA A100-SXM4-40GB MIG 4g.20gb (0),1,,13,cupy_copy__complex64_complex64
16855179749,369116,328033,1,1,1,32,32,1,30,0.000,0.000,,,,,NVIDIA A100-SXM4-40GB MIG 4g.20gb (0),1,,13,"void convert_kernel<__half2, float2>(tensor_layout_any, T1 *, tensor_layout_any, const T2 *)"
16855578209,5504,328036,,,,,,,,,,0.094,17023.251,Pinned,Device,NVIDIA A100-SXM4-40GB MIG 4g.20gb (0),1,,13,[CUDA memcpy Host-to-Device]
16855612673,641176,328037,,,,,,,,,,456.561,711779.285,Device,,NVIDIA A100-SXM4-40GB MIG 4g.20gb (0),1,,13,[CUDA memset]
16856259321,58432,328042,,,,,,,,,,1.235,21133.597,Pinned,Device,NVIDIA A100-SXM4-40GB MIG 4g.20gb (0),1,,13,[CUDA memcpy Host-to-Device]
16856320793,10751,328043,,,,,,,,,,0.197,18287.297,Pinned,Device,NVIDIA A100-SXM4-40GB MIG 4g.20gb (0),1,,13,[CUDA memcpy Host-to-Device]
16856386040,29471,328044,69,4,1,48,1,1,76,0.002,0.000,,,,,NVIDIA A100-SXM4-40GB MIG 4g.20gb (0),1,,13,"void ch_est::windowedChEstPreNoDftSOfdmKernel<float, __half, float, (unsigned int)2, (unsigned int)1, (unsigned short)4>(ch_est::puschRxChEstStatDescr_t *, ch_est::puschRxChEstDynDescr_t *)"
16856433719,34240,328045,137,2,1,24,2,1,44,0.001,0.001,,,,,NVIDIA A100-SXM4-40GB MIG 4g.20gb (0),1,,13,"void ch_est::chEstFilterNoDftSOfdmDispatchKernel<float, __half, float, (unsigned int)2>(ch_est::puschRxChEstStatDescr_t *, ch_est::puschRxChEstDynDescr_t *)"
16856484759,34335,328046,137,2,1,24,2,1,44,0.001,0.001,,,,,NVIDIA A100-SXM4-40GB MIG 4g.20gb (0),1,,13,"void ch_est::chEstFilterNoDftSOfdmDispatchKernel<float, __half, float, (unsigned int)2>(ch_est::puschRxChEstStatDescr_t *, ch_est::puschRxChEstDynDescr_t *)"
16856532854,6272,328057,103,1,1,128,1,1,16,0.000,0.000,,,,,NVIDIA A100-SXM4-40GB MIG 4g.20gb (0),1,,13,cupy_copy__complex64_complex64
16856578390,17183,328067,1434,1,1,128,1,1,16,0.000,0.000,,,,,NVIDIA A100-SXM4-40GB MIG 4g.20gb (0),1,,13,cupy_copy__complex64_complex64
16856628661,6528,328074,103,1,1,128,1,1,16,0.000,0.000,,,,,NVIDIA A100-SXM4-40GB MIG 4g.20gb (0),1,,13,cupy_copy__complex64_complex64
16856680117,253021,328081,1,1,1,32,32,1,30,0.000,0.000,,,,,NVIDIA A100-SXM4-40GB MIG 4g.20gb (0),1,,13,"void convert_kernel<__half2, float2>(tensor_layout_any, T1 *, tensor_layout_any, const T2 *)"
16856962385,6752,328084,,,,,,,,,,0.094,13876.752,Pinned,Device,NVIDIA A100-SXM4-40GB MIG 4g.20gb (0),1,,13,[CUDA memcpy Host-to-Device]
16857028817,60639,328085,,,,,,,,,,35.810,590541.391,Device,,NVIDIA A100-SXM4-40GB MIG 4g.20gb (0),1,,13,[CUDA memset]
16857097392,2560,328087,,,,,,,,,,0.000,31.250,Pinned,Device,NVIDIA A100-SXM4-40GB MIG 4g.20gb (0),1,,13,[CUDA memcpy Host-to-Device]
16857102704,11040,328088,,,,,,,,,,0.197,17808.556,Pinned,Device,NVIDIA A100-SXM4-40GB MIG 4g.20gb (0),1,,13,[CUDA memcpy Host-to-Device]
16857153455,42560,328089,273,1,1,48,1,1,40,0.000,0.001,,,,,NVIDIA A100-SXM4-40GB MIG 4g.20gb (0),1,,13,"void pusch_noise_intf_est::noiseIntfEstNoDftSOfdmKernel<float, __half, float, float, (unsigned int)2, (unsigned int)1, (unsigned char)4, (unsigned char)4>(pusch_noise_intf_est::puschRxNoiseIntfEstDynDescr)"
16857235822,10432,328100,35,1,1,128,1,1,16,0.000,0.000,,,,,NVIDIA A100-SXM4-40GB MIG 4g.20gb (0),1,,13,cupy_copy__complex64_complex64
16857278478,3104,328109,1,1,1,1,1,1,18,0.000,0.000,,,,,NVIDIA A100-SXM4-40GB MIG 4g.20gb (0),1,,13,cupy_copy__float32_float32
16857292206,1472,328115,,,,,,,,,,0.000,2.717,Device,Pageable,NVIDIA A100-SXM4-40GB MIG 4g.20gb (0),1,,7,[CUDA memcpy Device-to-Host]
16857457004,21088,328126,1434,1,1,128,1,1,16,0.000,0.000,,,,,NVIDIA A100-SXM4-40GB MIG 4g.20gb (0),1,,13,cupy_copy__complex64_complex64
16857599754,7584,328133,103,1,1,128,1,1,16,0.000,0.000,,,,,NVIDIA A100-SXM4-40GB MIG 4g.20gb (0),1,,13,cupy_copy__complex64_complex64
16857739049,4864,328140,35,1,1,128,1,1,16,0.000,0.000,,,,,NVIDIA A100-SXM4-40GB MIG 4g.20gb (0),1,,13,cupy_copy__complex64_complex64
16857822952,5312,328147,1,1,1,1,1,1,18,0.000,0.000,,,,,NVIDIA A100-SXM4-40GB MIG 4g.20gb (0),1,,13,cupy_copy__float32_float32
16857953542,330493,328158,1,1,1,32,32,1,30,0.000,0.000,,,,,NVIDIA A100-SXM4-40GB MIG 4g.20gb (0),1,,13,"void convert_kernel<__half2, float2>(tensor_layout_any, T1 *, tensor_layout_any, const T2 *)"
16858313122,6240,328161,,,,,,,,,,0.094,15015.346,Pinned,Device,NVIDIA A100-SXM4-40GB MIG 4g.20gb (0),1,,13,[CUDA memcpy Host-to-Device]
16858438209,4864,328162,,,,,,,,,,1.547,317973.521,Device,,NVIDIA A100-SXM4-40GB MIG 4g.20gb (0),1,,13,[CUDA memset]
16858449729,3584,328167,,,,,,,,,,0.031,8732.116,Pinned,Device,NVIDIA A100-SXM4-40GB MIG 4g.20gb (0),1,,13,[CUDA memcpy Host-to-Device]
16858455841,9887,328168,,,,,,,,,,0.197,19885.326,Pinned,Device,NVIDIA A100-SXM4-40GB MIG 4g.20gb (0),1,,13,[CUDA memcpy Host-to-Device]
16858682846,33728,328169,273,1,1,8,4,1,39,0.002,0.000,,,,,NVIDIA A100-SXM4-40GB MIG 4g.20gb (0),1,,13,"void channel_eq::eqMmseCoefCompLowMimoKernel<float, float, float, (unsigned int)4, (unsigned int)1, (unsigned int)4>(const channel_eq::_puschRxChEqStatDescr *, channel_eq::_puschRxChEqCoefCompDynDescr)"
16859639827,16384,328170,273,1,1,12,11,1,51,0.002,0.000,,,,,NVIDIA A100-SXM4-40GB MIG 4g.20gb (0),1,,13,"void channel_eq::eqMmseSoftDemapKernel<float, __half, __half, float, (unsigned int)4, (unsigned short)16383>(channel_eq::_puschRxChEqStatDescr *, channel_eq::_puschRxChEqSoftDemapDynDescr)"
16860559913,595641,328171,1,1,1,32,32,1,30,0.000,0.000,,,,,NVIDIA A100-SXM4-40GB MIG 4g.20gb (0),1,,13,"void convert_kernel<float2, __half2>(tensor_layout_any, T1 *, tensor_layout_any, const T2 *)"
16861579133,16288,328183,2253,1,1,128,1,1,16,0.000,0.000,,,,,NVIDIA A100-SXM4-40GB MIG 4g.20gb (0),1,,13,cupy_copy__float16_float16
16862371029,6496,328192,282,1,1,128,1,1,16,0.000,0.000,,,,,NVIDIA A100-SXM4-40GB MIG 4g.20gb (0),1,,13,cupy_copy__complex64_complex64
16863107948,6944,328201,26,1,1,128,1,1,16,0.000,0.000,,,,,NVIDIA A100-SXM4-40GB MIG 4g.20gb (0),1,,13,cupy_copy__float32_float32
16863238219,10560,328210,103,1,1,128,1,1,16,0.000,0.000,,,,,NVIDIA A100-SXM4-40GB MIG 4g.20gb (0),1,,13,cupy_copy__complex64_complex64
16864028418,19008,328220,1434,1,1,128,1,1,16,0.000,0.000,,,,,NVIDIA A100-SXM4-40GB MIG 4g.20gb (0),1,,13,cupy_copy__complex64_complex64
16864937048,278845,328225,1,1,1,32,32,1,30,0.000,0.000,,,,,NVIDIA A100-SXM4-40GB MIG 4g.20gb (0),1,,13,"void convert_kernel<__half2, float2>(tensor_layout_any, T1 *, tensor_layout_any, const T2 *)"
16865245236,6336,328228,,,,,,,,,,0.094,14787.852,Pinned,Device,NVIDIA A100-SXM4-40GB MIG 4g.20gb (0),1,,13,[CUDA memcpy Host-to-Device]
16866094027,613145,328229,,,,,,,,,,456.561,744195.147,Device,,NVIDIA A100-SXM4-40GB MIG 4g.20gb (0),1,,13,[CUDA memset]
16866708356,57439,328234,,,,,,,,,,1.235,21499.140,Pinned,Device,NVIDIA A100-SXM4-40GB MIG 4g.20gb (0),1,,13,[CUDA memcpy Host-to-Device]
16866768227,9472,328235,,,,,,,,,,0.197,20756.693,Pinned,Device,NVIDIA A100-SXM4-40GB MIG 4g.20gb (0),1,,13,[CUDA memcpy Host-to-Device]
16867676793,14688,328236,69,4,1,48,1,1,76,0.002,0.000,,,,,NVIDIA A100-SXM4-40GB MIG 4g.20gb (0),1,,13,"void ch_est::windowedChEstPreNoDftSOfdmKernel<float, __half, float, (unsigned int)2, (unsigned int)1, (unsigned short)4>(ch_est::puschRxChEstStatDescr_t *, ch_est::puschRxChEstDynDescr_t *)"
16868663150,12384,328237,137,2,1,24,2,1,44,0.001,0.001,,,,,NVIDIA A100-SXM4-40GB MIG 4g.20gb (0),1,,13,"void ch_est::chEstFilterNoDftSOfdmDispatchKernel<float, __half, float, (unsigned int)2>(ch_est::puschRxChEstStatDescr_t *, ch_est::puschRxChEstDynDescr_t *)"
16868788652,23776,328238,137,2,1,24,2,1,44,0.001,0.001,,,,,NVIDIA A100-SXM4-40GB MIG 4g.20gb (0),1,,13,"void ch_est::chEstFilterNoDftSOfdmDispatchKernel<float, __half, float, (unsigned int)2>(ch_est::puschRxChEstStatDescr_t *, ch_est::puschRxChEstDynDescr_t *)"
16869076521,4256,328249,103,1,1,128,1,1,16,0.000,0.000,,,,,NVIDIA A100-SXM4-40GB MIG 4g.20gb (0),1,,13,cupy_copy__complex64_complex64
16869367174,19168,328259,1434,1,1,128,1,1,16,0.000,0.000,,,,,NVIDIA A100-SXM4-40GB MIG 4g.20gb (0),1,,13,cupy_copy__complex64_complex64
16869591299,8224,328266,103,1,1,128,1,1,16,0.000,0.000,,,,,NVIDIA A100-SXM4-40GB MIG 4g.20gb (0),1,,13,cupy_copy__complex64_complex64
16869800257,318045,328273,1,1,1,32,32,1,30,0.000,0.000,,,,,NVIDIA A100-SXM4-40GB MIG 4g.20gb (0),1,,13,"void convert_kernel<__half2, float2>(tensor_layout_any, T1 *, tensor_layout_any, const T2 *)"
16870148093,6912,328276,,,,,,,,,,0.094,13555.469,Pinned,Device,NVIDIA A100-SXM4-40GB MIG 4g.20gb (0),1,,13,[CUDA memcpy Host-to-Device]
16870375163,55455,328277,,,,,,,,,,35.810,645724.477,Device,,NVIDIA A100-SXM4-40GB MIG 4g.20gb (0),1,,13,[CUDA memset]
16870432922,3584,328279,,,,,,,,,,0.000,22.321,Pinned,Device,NVIDIA A100-SXM4-40GB MIG 4g.20gb (0),1,,13,[CUDA memcpy Host-to-Device]
16870439290,10816,328280,,,,,,,,,,0.197,18177.393,Pinned,Device,NVIDIA A100-SXM4-40GB MIG 4g.20gb (0),1,,13,[CUDA memcpy Host-to-Device]
16870541753,23840,328281,273,1,1,48,1,1,40,0.000,0.001,,,,,NVIDIA A100-SXM4-40GB MIG 4g.20gb (0),1,,13,"void pusch_noise_intf_est::noiseIntfEstNoDftSOfdmKernel<float, __half, float, float, (unsigned int)2, (unsigned int)1, (unsigned char)4, (unsigned char)4>(pusch_noise_intf_est::puschRxNoiseIntfEstDynDescr)"
16870798198,11712,328292,35,1,1,128,1,1,16,0.000,0.000,,,,,NVIDIA A100-SXM4-40GB MIG 4g.20gb (0),1,,13,cupy_copy__complex64_complex64
16870986804,6048,328301,1,1,1,1,1,1,18,0.000,0.000,,,,,NVIDIA A100-SXM4-40GB MIG 4g.20gb (0),1,,13,cupy_copy__float32_float32
16871004756,1632,328307,,,,,,,,,,0.000,2.451,Device,Pageable,NVIDIA A100-SXM4-40GB MIG 4g.20gb (0),1,,7,[CUDA memcpy Device-to-Host]
16871135218,18528,328318,1434,1,1,128,1,1,16,0.000,0.000,,,,,NVIDIA A100-SXM4-40GB MIG 4g.20gb (0),1,,13,cupy_copy__complex64_complex64
16871192465,9728,328325,103,1,1,128,1,1,16,0.000,0.000,,,,,NVIDIA A100-SXM4-40GB MIG 4g.20gb (0),1,,13,cupy_copy__complex64_complex64
16871230065,11200,328332,35,1,1,128,1,1,16,0.000,0.000,,,,,NVIDIA A100-SXM4-40GB MIG 4g.20gb (0),1,,13,cupy_copy__complex64_complex64
16871405391,4864,328339,1,1,1,1,1,1,18,0.000,0.000,,,,,NVIDIA A100-SXM4-40GB MIG 4g.20gb (0),1,,13,cupy_copy__float32_float32
16871506734,318076,328350,1,1,1,32,32,1,30,0.000,0.000,,,,,NVIDIA A100-SXM4-40GB MIG 4g.20gb (0),1,,13,"void convert_kernel<__half2, float2>(tensor_layout_any, T1 *, tensor_layout_any, const T2 *)"
16871863338,8640,328353,,,,,,,,,,0.094,10844.375,Pinned,Device,NVIDIA A100-SXM4-40GB MIG 4g.20gb (0),1,,13,[CUDA memcpy Host-to-Device]
16872033128,10848,328354,,,,,,,,,,1.547,142570.894,Device,,NVIDIA A100-SXM4-40GB MIG 4g.20gb (0),1,,13,[CUDA memset]
16872048616,3040,328359,,,,,,,,,,0.031,10294.725,Pinned,Device,NVIDIA A100-SXM4-40GB MIG 4g.20gb (0),1,,13,[CUDA memcpy Host-to-Device]
16872055592,10816,328360,,,,,,,,,,0.197,18177.393,Pinned,Device,NVIDIA A100-SXM4-40GB MIG 4g.20gb (0),1,,13,[CUDA memcpy Host-to-Device]
16872235110,45567,328361,273,1,1,8,4,1,39,0.002,0.000,,,,,NVIDIA A100-SXM4-40GB MIG 4g.20gb (0),1,,13,"void channel_eq::eqMmseCoefCompLowMimoKernel<float, float, float, (unsigned int)4, (unsigned int)1, (unsigned int)4>(const channel_eq::_puschRxChEqStatDescr *, channel_eq::_puschRxChEqCoefCompDynDescr)"
16872660417,24192,328362,273,1,1,12,11,1,51,0.002,0.000,,,,,NVIDIA A100-SXM4-40GB MIG 4g.20gb (0),1,,13,"void channel_eq::eqMmseSoftDemapKernel<float, __half, __half, float, (unsigned int)4, (unsigned short)16383>(channel_eq::_puschRxChEqStatDescr *, channel_eq::_puschRxChEqSoftDemapDynDescr)"
16873111804,834455,328363,1,1,1,32,32,1,30,0.000,0.000,,,,,NVIDIA A100-SXM4-40GB MIG 4g.20gb (0),1,,13,"void convert_kernel<float2, __half2>(tensor_layout_any, T1 *, tensor_layout_any, const T2 *)"
16874310062,28640,328375,2253,1,1,128,1,1,16,0.000,0.000,,,,,NVIDIA A100-SXM4-40GB MIG 4g.20gb (0),1,,13,cupy_copy__float16_float16
16874871304,13568,328384,282,1,1,128,1,1,16,0.000,0.000,,,,,NVIDIA A100-SXM4-40GB MIG 4g.20gb (0),1,,13,cupy_copy__complex64_complex64
16875212548,5056,328393,26,1,1,128,1,1,16,0.000,0.000,,,,,NVIDIA A100-SXM4-40GB MIG 4g.20gb (0),1,,13,cupy_copy__float32_float32
16875625792,12384,328402,103,1,1,128,1,1,16,0.000,0.000,,,,,NVIDIA A100-SXM4-40GB MIG 4g.20gb (0),1,,13,cupy_copy__complex64_complex64
16876190233,18816,328412,1434,1,1,128,1,1,16,0.000,0.000,,,,,NVIDIA A100-SXM4-40GB MIG 4g.20gb (0),1,,13,cupy_copy__complex64_complex64
16876472566,331132,328417,1,1,1,32,32,1,30,0.000,0.000,,,,,NVIDIA A100-SXM4-40GB MIG 4g.20gb (0),1,,13,"void convert_kernel<__half2, float2>(tensor_layout_any, T1 *, tensor_layout_any, const T2 *)"
16876833874,9376,328420,,,,,,,,,,0.094,9993.147,Pinned,Device,NVIDIA A100-SXM4-40GB MIG 4g.20gb (0),1,,13,[CUDA memcpy Host-to-Device]
16877248621,621433,328421,,,,,,,,,,456.561,734607.357,Device,,NVIDIA A100-SXM4-40GB MIG 4g.20gb (0),1,,13,[CUDA memset]
16877872646,68064,328426,,,,,,,,,,1.235,18143.797,Pinned,Device,NVIDIA A100-SXM4-40GB MIG 4g.20gb (0),1,,13,[CUDA memcpy Host-to-Device]
16877945510,12351,328427,,,,,,,,,,0.197,15918.367,Pinned,Device,NVIDIA A100-SXM4-40GB MIG 4g.20gb (0),1,,13,[CUDA memcpy Host-to-Device]
16878136995,20480,328428,69,4,1,48,1,1,76,0.002,0.000,,,,,NVIDIA A100-SXM4-40GB MIG 4g.20gb (0),1,,13,"void ch_est::windowedChEstPreNoDftSOfdmKernel<float, __half, float, (unsigned int)2, (unsigned int)1, (unsigned short)4>(ch_est::puschRxChEstStatDescr_t *, ch_est::puschRxChEstDynDescr_t *)"
16878247298,41120,328429,137,2,1,24,2,1,44,0.001,0.001,,,,,NVIDIA A100-SXM4-40GB MIG 4g.20gb (0),1,,13,"void ch_est::chEstFilterNoDftSOfdmDispatchKernel<float, __half, float, (unsigned int)2>(ch_est::puschRxChEstStatDescr_t *, ch_est::puschRxChEstDynDescr_t *)"
16878384129,28319,328430,137,2,1,24,2,1,44,0.001,0.001,,,,,NVIDIA A100-SXM4-40GB MIG 4g.20gb (0),1,,13,"void ch_est::chEstFilterNoDftSOfdmDispatchKernel<float, __half, float, (unsigned int)2>(ch_est::puschRxChEstStatDescr_t *, ch_est::puschRxChEstDynDescr_t *)"
16878523039,6304,328441,103,1,1,128,1,1,16,0.000,0.000,,,,,NVIDIA A100-SXM4-40GB MIG 4g.20gb (0),1,,13,cupy_copy__complex64_complex64
16878656670,27007,328451,1434,1,1,128,1,1,16,0.000,0.000,,,,,NVIDIA A100-SXM4-40GB MIG 4g.20gb (0),1,,13,cupy_copy__complex64_complex64
16878863803,6688,328458,103,1,1,128,1,1,16,0.000,0.000,,,,,NVIDIA A100-SXM4-40GB MIG 4g.20gb (0),1,,13,cupy_copy__complex64_complex64
16879075097,258045,328465,1,1,1,32,32,1,30,0.000,0.000,,,,,NVIDIA A100-SXM4-40GB MIG 4g.20gb (0),1,,13,"void convert_kernel<__half2, float2>(tensor_layout_any, T1 *, tensor_layout_any, const T2 *)"
16879361718,5856,328468,,,,,,,,,,0.094,15999.997,Pinned,Device,NVIDIA A100-SXM4-40GB MIG 4g.20gb (0),1,,13,[CUDA memcpy Host-to-Device]
16879393013,59616,328469,,,,,,,,,,35.810,600675.598,Device,,NVIDIA A100-SXM4-40GB MIG 4g.20gb (0),1,,13,[CUDA memset]
16879457173,2400,328471,,,,,,,,,,0.000,33.333,Pinned,Device,NVIDIA A100-SXM4-40GB MIG 4g.20gb (0),1,,13,[CUDA memcpy Host-to-Device]
16879462037,9663,328472,,,,,,,,,,0.197,20346.372,Pinned,Device,NVIDIA A100-SXM4-40GB MIG 4g.20gb (0),1,,13,[CUDA memcpy Host-to-Device]
16879517364,42943,328473,273,1,1,48,1,1,40,0.000,0.001,,,,,NVIDIA A100-SXM4-40GB MIG 4g.20gb (0),1,,13,"void pusch_noise_intf_est::noiseIntfEstNoDftSOfdmKernel<float, __half, float, float, (unsigned int)2, (unsigned int)1, (unsigned char)4, (unsigned char)4>(pusch_noise_intf_est::puschRxNoiseIntfEstDynDescr)"
16879601555,12032,328484,35,1,1,128,1,1,16,0.000,0.000,,,,,NVIDIA A100-SXM4-40GB MIG 4g.20gb (0),1,,13,cupy_copy__complex64_complex64
16879640659,3872,328493,1,1,1,1,1,1,18,0.000,0.000,,,,,NVIDIA A100-SXM4-40GB MIG 4g.20gb (0),1,,13,cupy_copy__float32_float32
16879653074,2048,328499,,,,,,,,,,0.000,1.953,Device,Pageable,NVIDIA A100-SXM4-40GB MIG 4g.20gb (0),1,,7,[CUDA memcpy Device-to-Host]
16879725714,17759,328510,1434,1,1,128,1,1,16,0.000,0.000,,,,,NVIDIA A100-SXM4-40GB MIG 4g.20gb (0),1,,13,cupy_copy__complex64_complex64
16879772753,5952,328517,103,1,1,128,1,1,16,0.000,0.000,,,,,NVIDIA A100-SXM4-40GB MIG 4g.20gb (0),1,,13,cupy_copy__complex64_complex64
16879818321,11327,328524,35,1,1,128,1,1,16,0.000,0.000,,,,,NVIDIA A100-SXM4-40GB MIG 4g.20gb (0),1,,13,cupy_copy__complex64_complex64
16879880464,8960,328531,1,1,1,1,1,1,18,0.000,0.000,,,,,NVIDIA A100-SXM4-40GB MIG 4g.20gb (0),1,,13,cupy_copy__float32_float32
16879950863,237277,328542,1,1,1,32,32,1,30,0.000,0.000,,,,,NVIDIA A100-SXM4-40GB MIG 4g.20gb (0),1,,13,"void convert_kernel<__half2, float2>(tensor_layout_any, T1 *, tensor_layout_any, const T2 *)"
16880217292,6304,328545,,,,,,,,,,0.094,14862.903,Pinned,Device,NVIDIA A100-SXM4-40GB MIG 4g.20gb (0),1,,13,[CUDA memcpy Host-to-Device]
16880323947,5824,328546,,,,,,,,,,1.547,265559.981,Device,,NVIDIA A100-SXM4-40GB MIG 4g.20gb (0),1,,13,[CUDA memset]
16880336331,3360,328551,,,,,,,,,,0.031,9314.284,Pinned,Device,NVIDIA A100-SXM4-40GB MIG 4g.20gb (0),1,,13,[CUDA memcpy Host-to-Device]
16880342187,10400,328552,,,,,,,,,,0.197,18904.449,Pinned,Device,NVIDIA A100-SXM4-40GB MIG 4g.20gb (0),1,,13,[CUDA memcpy Host-to-Device]
16880468329,27136,328553,273,1,1,8,4,1,39,0.002,0.000,,,,,NVIDIA A100-SXM4-40GB MIG 4g.20gb (0),1,,13,"void channel_eq::eqMmseCoefCompLowMimoKernel<float, float, float, (unsigned int)4, (unsigned int)1, (unsigned int)4>(const channel_eq::_puschRxChEqStatDescr *, channel_eq::_puschRxChEqCoefCompDynDescr)"
16880617192,26239,328554,273,1,1,12,11,1,51,0.002,0.000,,,,,NVIDIA A100-SXM4-40GB MIG 4g.20gb (0),1,,13,"void channel_eq::eqMmseSoftDemapKernel<float, __half, __half, float, (unsigned int)4, (unsigned short)16383>(channel_eq::_puschRxChEqStatDescr *, channel_eq::_puschRxChEqSoftDemapDynDescr)"
16880774342,855126,328555,1,1,1,32,32,1,30,0.000,0.000,,,,,NVIDIA A100-SXM4-40GB MIG 4g.20gb (0),1,,13,"void convert_kernel<float2, __half2>(tensor_layout_any, T1 *, tensor_layout_any, const T2 *)"
16881969912,23040,328567,2253,1,1,128,1,1,16,0.000,0.000,,,,,NVIDIA A100-SXM4-40GB MIG 4g.20gb (0),1,,13,cupy_copy__float16_float16
16882457395,6624,328576,282,1,1,128,1,1,16,0.000,0.000,,,,,NVIDIA A100-SXM4-40GB MIG 4g.20gb (0),1,,13,cupy_copy__complex64_complex64
16882615633,6816,328585,26,1,1,128,1,1,16,0.000,0.000,,,,,NVIDIA A100-SXM4-40GB MIG 4g.20gb (0),1,,13,cupy_copy__float32_float32
16883113868,13791,328594,103,1,1,128,1,1,16,0.000,0.000,,,,,NVIDIA A100-SXM4-40GB MIG 4g.20gb (0),1,,13,cupy_copy__complex64_complex64
16883674245,26080,328604,1434,1,1,128,1,1,16,0.000,0.000,,,,,NVIDIA A100-SXM4-40GB MIG 4g.20gb (0),1,,13,cupy_copy__complex64_complex64
16884161952,327068,328609,1,1,1,32,32,1,30,0.000,0.000,,,,,NVIDIA A100-SXM4-40GB MIG 4g.20gb (0),1,,13,"void convert_kernel<__half2, float2>(tensor_layout_any, T1 *, tensor_layout_any, const T2 *)"
16884522204,12992,328612,,,,,,,,,,0.094,7211.781,Pinned,Device,NVIDIA A100-SXM4-40GB MIG 4g.20gb (0),1,,13,[CUDA memcpy Host-to-Device]
16884863864,620825,328613,,,,,,,,,,456.561,735063.918,Device,,NVIDIA A100-SXM4-40GB MIG 4g.20gb (0),1,,13,[CUDA memset]
16885490513,54431,328618,,,,,,,,,,1.235,22687.156,Pinned,Device,NVIDIA A100-SXM4-40GB MIG 4g.20gb (0),1,,13,[CUDA memcpy Host-to-Device]
16885547696,20224,328619,,,,,,,,,,0.197,9721.479,Pinned,Device,NVIDIA A100-SXM4-40GB MIG 4g.20gb (0),1,,13,[CUDA memcpy Host-to-Device]
16885949388,21535,328620,69,4,1,48,1,1,76,0.002,0.000,,,,,NVIDIA A100-SXM4-40GB MIG 4g.20gb (0),1,,13,"void ch_est::windowedChEstPreNoDftSOfdmKernel<float, __half, float, (unsigned int)2, (unsigned int)1, (unsigned short)4>(ch_est::puschRxChEstStatDescr_t *, ch_est::puschRxChEstDynDescr_t *)"
16886370215,44255,328621,137,2,1,24,2,1,44,0.001,0.001,,,,,NVIDIA A100-SXM4-40GB MIG 4g.20gb (0),1,,13,"void ch_est::chEstFilterNoDftSOfdmDispatchKernel<float, __half, float, (unsigned int)2>(ch_est::puschRxChEstStatDescr_t *, ch_est::puschRxChEstDynDescr_t *)"
16886836834,35615,328622,137,2,1,24,2,1,44,0.001,0.001,,,,,NVIDIA A100-SXM4-40GB MIG 4g.20gb (0),1,,13,"void ch_est::chEstFilterNoDftSOfdmDispatchKernel<float, __half, float, (unsigned int)2>(ch_est::puschRxChEstStatDescr_t *, ch_est::puschRxChEstDynDescr_t *)"
16886891777,6240,328633,103,1,1,128,1,1,16,0.000,0.000,,,,,NVIDIA A100-SXM4-40GB MIG 4g.20gb (0),1,,13,cupy_copy__complex64_complex64
16886936129,17727,328643,1434,1,1,128,1,1,16,0.000,0.000,,,,,NVIDIA A100-SXM4-40GB MIG 4g.20gb (0),1,,13,cupy_copy__complex64_complex64
16886986720,6720,328650,103,1,1,128,1,1,16,0.000,0.000,,,,,NVIDIA A100-SXM4-40GB MIG 4g.20gb (0),1,,13,cupy_copy__complex64_complex64
16887035328,293916,328657,1,1,1,32,32,1,30,0.000,0.000,,,,,NVIDIA A100-SXM4-40GB MIG 4g.20gb (0),1,,13,"void convert_kernel<__half2, float2>(tensor_layout_any, T1 *, tensor_layout_any, const T2 *)"
16887357692,13696,328660,,,,,,,,,,0.094,6841.120,Pinned,Device,NVIDIA A100-SXM4-40GB MIG 4g.20gb (0),1,,13,[CUDA memcpy Host-to-Device]
16887508922,55552,328661,,,,,,,,,,35.810,644614.370,Device,,NVIDIA A100-SXM4-40GB MIG 4g.20gb (0),1,,13,[CUDA memset]
16887572985,2592,328663,,,,,,,,,,0.000,30.864,Pinned,Device,NVIDIA A100-SXM4-40GB MIG 4g.20gb (0),1,,13,[CUDA memcpy Host-to-Device]
16887578009,13120,328664,,,,,,,,,,0.197,14985.265,Pinned,Device,NVIDIA A100-SXM4-40GB MIG 4g.20gb (0),1,,13,[CUDA memcpy Host-to-Device]
16887744184,41247,328665,273,1,1,48,1,1,40,0.000,0.001,,,,,NVIDIA A100-SXM4-40GB MIG 4g.20gb (0),1,,13,"void pusch_noise_intf_est::noiseIntfEstNoDftSOfdmKernel<float, __half, float, float, (unsigned int)2, (unsigned int)1, (unsigned char)4, (unsigned char)4>(pusch_noise_intf_est::puschRxNoiseIntfEstDynDescr)"
16887912726,12896,328676,35,1,1,128,1,1,16,0.000,0.000,,,,,NVIDIA A100-SXM4-40GB MIG 4g.20gb (0),1,,13,cupy_copy__complex64_complex64
16888049812,3744,328685,1,1,1,1,1,1,18,0.000,0.000,,,,,NVIDIA A100-SXM4-40GB MIG 4g.20gb (0),1,,13,cupy_copy__float32_float32
16888066260,2080,328691,,,,,,,,,,0.000,1.923,Device,Pageable,NVIDIA A100-SXM4-40GB MIG 4g.20gb (0),1,,7,[CUDA memcpy Device-to-Host]
16888251378,19168,328702,1434,1,1,128,1,1,16,0.000,0.000,,,,,NVIDIA A100-SXM4-40GB MIG 4g.20gb (0),1,,13,cupy_copy__complex64_complex64
16888403088,4928,328709,103,1,1,128,1,1,16,0.000,0.000,,,,,NVIDIA A100-SXM4-40GB MIG 4g.20gb (0),1,,13,cupy_copy__complex64_complex64
16888482511,12416,328716,35,1,1,128,1,1,16,0.000,0.000,,,,,NVIDIA A100-SXM4-40GB MIG 4g.20gb (0),1,,13,cupy_copy__complex64_complex64
16888616718,4896,328723,1,1,1,1,1,1,18,0.000,0.000,,,,,NVIDIA A100-SXM4-40GB MIG 4g.20gb (0),1,,13,cupy_copy__float32_float32
16888750412,361596,328734,1,1,1,32,32,1,30,0.000,0.000,,,,,NVIDIA A100-SXM4-40GB MIG 4g.20gb (0),1,,13,"void convert_kernel<__half2, float2>(tensor_layout_any, T1 *, tensor_layout_any, const T2 *)"
16889143496,6304,328737,,,,,,,,,,0.094,14862.903,Pinned,Device,NVIDIA A100-SXM4-40GB MIG 4g.20gb (0),1,,13,[CUDA memcpy Host-to-Device]
16889430597,12383,328738,,,,,,,,,,1.547,124897.621,Device,,NVIDIA A100-SXM4-40GB MIG 4g.20gb (0),1,,13,[CUDA memset]
16889449252,5440,328743,,,,,,,,,,0.031,5752.925,Pinned,Device,NVIDIA A100-SXM4-40GB MIG 4g.20gb (0),1,,13,[CUDA memcpy Host-to-Device]
16889461476,13184,328744,,,,,,,,,,0.197,14912.520,Pinned,Device,NVIDIA A100-SXM4-40GB MIG 4g.20gb (0),1,,13,[CUDA memcpy Host-to-Device]
16889694178,27423,328745,273,1,1,8,4,1,39,0.002,0.000,,,,,NVIDIA A100-SXM4-40GB MIG 4g.20gb (0),1,,13,"void channel_eq::eqMmseCoefCompLowMimoKernel<float, float, float, (unsigned int)4, (unsigned int)1, (unsigned int)4>(const channel_eq::_puschRxChEqStatDescr *, channel_eq::_puschRxChEqCoefCompDynDescr)"
16889774657,28831,328746,273,1,1,12,11,1,51,0.002,0.000,,,,,NVIDIA A100-SXM4-40GB MIG 4g.20gb (0),1,,13,"void channel_eq::eqMmseSoftDemapKernel<float, __half, __half, float, (unsigned int)4, (unsigned short)16383>(channel_eq::_puschRxChEqStatDescr *, channel_eq::_puschRxChEqSoftDemapDynDescr)"
16890007454,757368,328747,1,1,1,32,32,1,30,0.000,0.000,,,,,NVIDIA A100-SXM4-40GB MIG 4g.20gb (0),1,,13,"void convert_kernel<float2, __half2>(tensor_layout_any, T1 *, tensor_layout_any, const T2 *)"
16890875188,18336,328759,2253,1,1,128,1,1,16,0.000,0.000,,,,,NVIDIA A100-SXM4-40GB MIG 4g.20gb (0),1,,13,cupy_copy__float16_float16
16891115218,9088,328768,282,1,1,128,1,1,16,0.000,0.000,,,,,NVIDIA A100-SXM4-40GB MIG 4g.20gb (0),1,,13,cupy_copy__complex64_complex64
16891332783,14336,328777,26,1,1,128,1,1,16,0.000,0.000,,,,,NVIDIA A100-SXM4-40GB MIG 4g.20gb (0),1,,13,cupy_copy__float32_float32
16891474190,8576,328786,103,1,1,128,1,1,16,0.000,0.000,,,,,NVIDIA A100-SXM4-40GB MIG 4g.20gb (0),1,,13,cupy_copy__complex64_complex64
16891843946,17535,328796,1434,1,1,128,1,1,16,0.000,0.000,,,,,NVIDIA A100-SXM4-40GB MIG 4g.20gb (0),1,,13,cupy_copy__complex64_complex64
16892123878,327645,328801,1,1,1,32,32,1,30,0.000,0.000,,,,,NVIDIA A100-SXM4-40GB MIG 4g.20gb (0),1,,13,"void convert_kernel<__half2, float2>(tensor_layout_any, T1 *, tensor_layout_any, const T2 *)"
16892485186,12640,328804,,,,,,,,,,0.094,7412.572,Pinned,Device,NVIDIA A100-SXM4-40GB MIG 4g.20gb (0),1,,13,[CUDA memcpy Host-to-Device]
16892624065,624249,328805,,,,,,,,,,456.561,730954.865,Device,,NVIDIA A100-SXM4-40GB MIG 4g.20gb (0),1,,13,[CUDA memset]
16893249722,70335,328810,,,,,,,,,,1.235,17557.199,Pinned,Device,NVIDIA A100-SXM4-40GB MIG 4g.20gb (0),1,,13,[CUDA memcpy Host-to-Device]
16893323897,16928,328811,,,,,,,,,,0.197,11614.224,Pinned,Device,NVIDIA A100-SXM4-40GB MIG 4g.20gb (0),1,,13,[CUDA memcpy Host-to-Device]
16893459063,25152,328812,69,4,1,48,1,1,76,0.002,0.000,,,,,NVIDIA A100-SXM4-40GB MIG 4g.20gb (0),1,,13,"void ch_est::windowedChEstPreNoDftSOfdmKernel<float, __half, float, (unsigned int)2, (unsigned int)1, (unsigned short)4>(ch_est::puschRxChEstStatDescr_t *, ch_est::puschRxChEstDynDescr_t *)"
16893585686,33408,328813,137,2,1,24,2,1,44,0.001,0.001,,,,,NVIDIA A100-SXM4-40GB MIG 4g.20gb (0),1,,13,"void ch_est::chEstFilterNoDftSOfdmDispatchKernel<float, __half, float, (unsigned int)2>(ch_est::puschRxChEstStatDescr_t *, ch_est::puschRxChEstDynDescr_t *)"
16893726132,23520,328814,137,2,1,24,2,1,44,0.001,0.001,,,,,NVIDIA A100-SXM4-40GB MIG 4g.20gb (0),1,,13,"void ch_est::chEstFilterNoDftSOfdmDispatchKernel<float, __half, float, (unsigned int)2>(ch_est::puschRxChEstStatDescr_t *, ch_est::puschRxChEstDynDescr_t *)"
16893891251,4223,328825,103,1,1,128,1,1,16,0.000,0.000,,,,,NVIDIA A100-SXM4-40GB MIG 4g.20gb (0),1,,13,cupy_copy__complex64_complex64
16893970802,20095,328835,1434,1,1,128,1,1,16,0.000,0.000,,,,,NVIDIA A100-SXM4-40GB MIG 4g.20gb (0),1,,13,cupy_copy__complex64_complex64
16894104080,5760,328842,103,1,1,128,1,1,16,0.000,0.000,,,,,NVIDIA A100-SXM4-40GB MIG 4g.20gb (0),1,,13,cupy_copy__complex64_complex64
16894234831,335708,328849,1,1,1,32,32,1,30,0.000,0.000,,,,,NVIDIA A100-SXM4-40GB MIG 4g.20gb (0),1,,13,"void convert_kernel<__half2, float2>(tensor_layout_any, T1 *, tensor_layout_any, const T2 *)"
16894598891,5471,328852,,,,,,,,,,0.094,17125.849,Pinned,Device,NVIDIA A100-SXM4-40GB MIG 4g.20gb (0),1,,13,[CUDA memcpy Host-to-Device]
16894926055,57663,328853,,,,,,,,,,35.810,621015.633,Device,,NVIDIA A100-SXM4-40GB MIG 4g.20gb (0),1,,13,[CUDA memset]
16894986566,6112,328855,,,,,,,,,,0.000,13.089,Pinned,Device,NVIDIA A100-SXM4-40GB MIG 4g.20gb (0),1,,13,[CUDA memcpy Host-to-Device]
16894995334,12384,328856,,,,,,,,,,0.197,15875.899,Pinned,Device,NVIDIA A100-SXM4-40GB MIG 4g.20gb (0),1,,13,[CUDA memcpy Host-to-Device]
16895363170,41951,328857,273,1,1,48,1,1,40,0.000,0.001,,,,,NVIDIA A100-SXM4-40GB MIG 4g.20gb (0),1,,13,"void pusch_noise_intf_est::noiseIntfEstNoDftSOfdmKernel<float, __half, float, float, (unsigned int)2, (unsigned int)1, (unsigned char)4, (unsigned char)4>(pusch_noise_intf_est::puschRxNoiseIntfEstDynDescr)"
16895750718,6784,328868,35,1,1,128,1,1,16,0.000,0.000,,,,,NVIDIA A100-SXM4-40GB MIG 4g.20gb (0),1,,13,cupy_copy__complex64_complex64
16895827901,4576,328877,1,1,1,1,1,1,18,0.000,0.000,,,,,NVIDIA A100-SXM4-40GB MIG 4g.20gb (0),1,,13,cupy_copy__float32_float32
16895835005,1984,328883,,,,,,,,,,0.000,2.016,Device,Pageable,NVIDIA A100-SXM4-40GB MIG 4g.20gb (0),1,,7,[CUDA memcpy Device-to-Host]
16896209528,18720,328894,1434,1,1,128,1,1,16,0.000,0.000,,,,,NVIDIA A100-SXM4-40GB MIG 4g.20gb (0),1,,13,cupy_copy__complex64_complex64
16896568276,7008,328901,103,1,1,128,1,1,16,0.000,0.000,,,,,NVIDIA A100-SXM4-40GB MIG 4g.20gb (0),1,,13,cupy_copy__complex64_complex64
16896980464,8128,328908,35,1,1,128,1,1,16,0.000,0.000,,,,,NVIDIA A100-SXM4-40GB MIG 4g.20gb (0),1,,13,cupy_copy__complex64_complex64
16897160974,5472,328915,1,1,1,1,1,1,18,0.000,0.000,,,,,NVIDIA A100-SXM4-40GB MIG 4g.20gb (0),1,,13,cupy_copy__float32_float32
16897547113,321597,328926,1,1,1,32,32,1,30,0.000,0.000,,,,,NVIDIA A100-SXM4-40GB MIG 4g.20gb (0),1,,13,"void convert_kernel<__half2, float2>(tensor_layout_any, T1 *, tensor_layout_any, const T2 *)"
16897901733,6560,328929,,,,,,,,,,0.094,14282.925,Pinned,Device,NVIDIA A100-SXM4-40GB MIG 4g.20gb (0),1,,13,[CUDA memcpy Host-to-Device]
16898134723,6848,328930,,,,,,,,,,1.547,225850.409,Device,,NVIDIA A100-SXM4-40GB MIG 4g.20gb (0),1,,13,[CUDA memset]
16898147363,7584,328935,,,,,,,,,,0.031,4126.565,Pinned,Device,NVIDIA A100-SXM4-40GB MIG 4g.20gb (0),1,,13,[CUDA memcpy Host-to-Device]
16898158403,13791,328936,,,,,,,,,,0.197,14256.243,Pinned,Device,NVIDIA A100-SXM4-40GB MIG 4g.20gb (0),1,,13,[CUDA memcpy Host-to-Device]
16898628733,19392,328937,273,1,1,8,4,1,39,0.002,0.000,,,,,NVIDIA A100-SXM4-40GB MIG 4g.20gb (0),1,,13,"void channel_eq::eqMmseCoefCompLowMimoKernel<float, float, float, (unsigned int)4, (unsigned int)1, (unsigned int)4>(const channel_eq::_puschRxChEqStatDescr *, channel_eq::_puschRxChEqCoefCompDynDescr)"
16899114232,15616,328938,273,1,1,12,11,1,51,0.002,0.000,,,,,NVIDIA A100-SXM4-40GB MIG 4g.20gb (0),1,,13,"void channel_eq::eqMmseSoftDemapKernel<float, __half, __half, float, (unsigned int)4, (unsigned short)16383>(channel_eq::_puschRxChEqStatDescr *, channel_eq::_puschRxChEqSoftDemapDynDescr)"
16899289462,709816,328939,1,1,1,32,32,1,30,0.000,0.000,,,,,NVIDIA A100-SXM4-40GB MIG 4g.20gb (0),1,,13,"void convert_kernel<float2, __half2>(tensor_layout_any, T1 *, tensor_layout_any, const T2 *)"
16900049517,16224,328951,2253,1,1,128,1,1,16,0.000,0.000,,,,,NVIDIA A100-SXM4-40GB MIG 4g.20gb (0),1,,13,cupy_copy__float16_float16
16900098029,7808,328960,282,1,1,128,1,1,16,0.000,0.000,,,,,NVIDIA A100-SXM4-40GB MIG 4g.20gb (0),1,,13,cupy_copy__complex64_complex64
16900132460,5664,328969,26,1,1,128,1,1,16,0.000,0.000,,,,,NVIDIA A100-SXM4-40GB MIG 4g.20gb (0),1,,13,cupy_copy__float32_float32
16900166476,14368,328978,103,1,1,128,1,1,16,0.000,0.000,,,,,NVIDIA A100-SXM4-40GB MIG 4g.20gb (0),1,,13,cupy_copy__complex64_complex64
16900366826,19840,328994,1434,1,1,128,1,1,16,0.000,0.000,,,,,NVIDIA A100-SXM4-40GB MIG 4g.20gb (0),1,,13,cupy_copy__complex64_complex64
16900423817,246557,328999,1,1,1,32,32,1,30,0.000,0.000,,,,,NVIDIA A100-SXM4-40GB MIG 4g.20gb (0),1,,13,"void convert_kernel<__half2, float2>(tensor_layout_any, T1 *, tensor_layout_any, const T2 *)"
16900699302,5408,329002,,,,,,,,,,0.094,17325.421,Pinned,Device,NVIDIA A100-SXM4-40GB MIG 4g.20gb (0),1,,13,[CUDA memcpy Host-to-Device]
16900743878,624377,329003,,,,,,,,,,456.561,730954.865,Device,,NVIDIA A100-SXM4-40GB MIG 4g.20gb (0),1,,13,[CUDA memset]
16901373598,65248,329008,,,,,,,,,,1.235,18926.752,Pinned,Device,NVIDIA A100-SXM4-40GB MIG 4g.20gb (0),1,,13,[CUDA memcpy Host-to-Device]
16901445886,17919,329009,,,,,,,,,,0.197,10971.906,Pinned,Device,NVIDIA A100-SXM4-40GB MIG 4g.20gb (0),1,,13,[CUDA memcpy Host-to-Device]
16901569500,21632,329010,69,4,1,48,1,1,76,0.002,0.000,,,,,NVIDIA A100-SXM4-40GB MIG 4g.20gb (0),1,,13,"void ch_est::windowedChEstPreNoDftSOfdmKernel<float, __half, float, (unsigned int)2, (unsigned int)1, (unsigned short)4>(ch_est::puschRxChEstStatDescr_t *, ch_est::puschRxChEstDynDescr_t *)"
16901983800,23839,329011,137,2,1,24,2,1,44,0.001,0.001,,,,,NVIDIA A100-SXM4-40GB MIG 4g.20gb (0),1,,13,"void ch_est::chEstFilterNoDftSOfdmDispatchKernel<float, __half, float, (unsigned int)2>(ch_est::puschRxChEstStatDescr_t *, ch_est::puschRxChEstDynDescr_t *)"
16902433363,31327,329012,137,2,1,24,2,1,44,0.001,0.001,,,,,NVIDIA A100-SXM4-40GB MIG 4g.20gb (0),1,,13,"void ch_est::chEstFilterNoDftSOfdmDispatchKernel<float, __half, float, (unsigned int)2>(ch_est::puschRxChEstStatDescr_t *, ch_est::puschRxChEstDynDescr_t *)"
16902888621,4448,329023,103,1,1,128,1,1,16,0.000,0.000,,,,,NVIDIA A100-SXM4-40GB MIG 4g.20gb (0),1,,13,cupy_copy__complex64_complex64
16903248553,19904,329033,1434,1,1,128,1,1,16,0.000,0.000,,,,,NVIDIA A100-SXM4-40GB MIG 4g.20gb (0),1,,13,cupy_copy__complex64_complex64
16903464807,5760,329040,103,1,1,128,1,1,16,0.000,0.000,,,,,NVIDIA A100-SXM4-40GB MIG 4g.20gb (0),1,,13,cupy_copy__complex64_complex64
16903910754,305789,329047,1,1,1,32,32,1,30,0.000,0.000,,,,,NVIDIA A100-SXM4-40GB MIG 4g.20gb (0),1,,13,"void convert_kernel<__half2, float2>(tensor_layout_any, T1 *, tensor_layout_any, const T2 *)"
16904251006,12736,329050,,,,,,,,,,0.094,7356.729,Pinned,Device,NVIDIA A100-SXM4-40GB MIG 4g.20gb (0),1,,13,[CUDA memcpy Host-to-Device]
16904714201,54431,329051,,,,,,,,,,35.810,657864.040,Device,,NVIDIA A100-SXM4-40GB MIG 4g.20gb (0),1,,13,[CUDA memset]
16904770552,2272,329053,,,,,,,,,,0.000,35.211,Pinned,Device,NVIDIA A100-SXM4-40GB MIG 4g.20gb (0),1,,13,[CUDA memcpy Host-to-Device]
16904778712,12672,329054,,,,,,,,,,0.197,15515.124,Pinned,Device,NVIDIA A100-SXM4-40GB MIG 4g.20gb (0),1,,13,[CUDA memcpy Host-to-Device]
16905257747,23328,329055,273,1,1,48,1,1,40,0.000,0.001,,,,,NVIDIA A100-SXM4-40GB MIG 4g.20gb (0),1,,13,"void pusch_noise_intf_est::noiseIntfEstNoDftSOfdmKernel<float, __half, float, float, (unsigned int)2, (unsigned int)1, (unsigned char)4, (unsigned char)4>(pusch_noise_intf_est::puschRxNoiseIntfEstDynDescr)"
16905746637,8032,329066,35,1,1,128,1,1,16,0.000,0.000,,,,,NVIDIA A100-SXM4-40GB MIG 4g.20gb (0),1,,13,cupy_copy__complex64_complex64
16905952811,3936,329075,1,1,1,1,1,1,18,0.000,0.000,,,,,NVIDIA A100-SXM4-40GB MIG 4g.20gb (0),1,,13,cupy_copy__float32_float32
16905965483,2240,329081,,,,,,,,,,0.000,1.786,Device,Pageable,NVIDIA A100-SXM4-40GB MIG 4g.20gb (0),1,,7,[CUDA memcpy Device-to-Host]
16906436902,18751,329092,1434,1,1,128,1,1,16,0.000,0.000,,,,,NVIDIA A100-SXM4-40GB MIG 4g.20gb (0),1,,13,cupy_copy__complex64_complex64
16906609828,4416,329099,103,1,1,128,1,1,16,0.000,0.000,,,,,NVIDIA A100-SXM4-40GB MIG 4g.20gb (0),1,,13,cupy_copy__complex64_complex64
16906689347,11328,329106,35,1,1,128,1,1,16,0.000,0.000,,,,,NVIDIA A100-SXM4-40GB MIG 4g.20gb (0),1,,13,cupy_copy__complex64_complex64
16906740354,4160,329113,1,1,1,1,1,1,18,0.000,0.000,,,,,NVIDIA A100-SXM4-40GB MIG 4g.20gb (0),1,,13,cupy_copy__float32_float32
16906795330,252893,329124,1,1,1,32,32,1,30,0.000,0.000,,,,,NVIDIA A100-SXM4-40GB MIG 4g.20gb (0),1,,13,"void convert_kernel<__half2, float2>(tensor_layout_any, T1 *, tensor_layout_any, const T2 *)"
16907077534,5568,329127,,,,,,,,,,0.094,16827.521,Pinned,Device,NVIDIA A100-SXM4-40GB MIG 4g.20gb (0),1,,13,[CUDA memcpy Host-to-Device]
16907129054,8800,329128,,,,,,,,,,1.547,175752.165,Device,,NVIDIA A100-SXM4-40GB MIG 4g.20gb (0),1,,13,[CUDA memset]
16907144798,3616,329133,,,,,,,,,,0.031,8654.846,Pinned,Device,NVIDIA A100-SXM4-40GB MIG 4g.20gb (0),1,,13,[CUDA memcpy Host-to-Device]
16907158013,16096,329134,,,,,,,,,,0.197,12214.665,Pinned,Device,NVIDIA A100-SXM4-40GB MIG 4g.20gb (0),1,,13,[CUDA memcpy Host-to-Device]
16907197821,50655,329135,273,1,1,8,4,1,39,0.002,0.000,,,,,NVIDIA A100-SXM4-40GB MIG 4g.20gb (0),1,,13,"void channel_eq::eqMmseCoefCompLowMimoKernel<float, float, float, (unsigned int)4, (unsigned int)1, (unsigned int)4>(const channel_eq::_puschRxChEqStatDescr *, channel_eq::_puschRxChEqCoefCompDynDescr)"
16907337019,35488,329136,273,1,1,12,11,1,51,0.002,0.000,,,,,NVIDIA A100-SXM4-40GB MIG 4g.20gb (0),1,,13,"void channel_eq::eqMmseSoftDemapKernel<float, __half, __half, float, (unsigned int)4, (unsigned short)16383>(channel_eq::_puschRxChEqStatDescr *, channel_eq::_puschRxChEqSoftDemapDynDescr)"
16907429402,570010,329137,1,1,1,32,32,1,30,0.000,0.000,,,,,NVIDIA A100-SXM4-40GB MIG 4g.20gb (0),1,,13,"void convert_kernel<float2, __half2>(tensor_layout_any, T1 *, tensor_layout_any, const T2 *)"
16908036500,15903,329149,2253,1,1,128,1,1,16,0.000,0.000,,,,,NVIDIA A100-SXM4-40GB MIG 4g.20gb (0),1,,13,cupy_copy__float16_float16
16908084179,7040,329158,282,1,1,128,1,1,16,0.000,0.000,,,,,NVIDIA A100-SXM4-40GB MIG 4g.20gb (0),1,,13,cupy_copy__complex64_complex64
16908119507,7744,329167,26,1,1,128,1,1,16,0.000,0.000,,,,,NVIDIA A100-SXM4-40GB MIG 4g.20gb (0),1,,13,cupy_copy__float32_float32
16908152530,13888,329176,103,1,1,128,1,1,16,0.000,0.000,,,,,NVIDIA A100-SXM4-40GB MIG 4g.20gb (0),1,,13,cupy_copy__complex64_complex64
16908318192,16320,329186,1434,1,1,128,1,1,16,0.000,0.000,,,,,NVIDIA A100-SXM4-40GB MIG 4g.20gb (0),1,,13,cupy_copy__complex64_complex64
16908707372,316893,329191,1,1,1,32,32,1,30,0.000,0.000,,,,,NVIDIA A100-SXM4-40GB MIG 4g.20gb (0),1,,13,"void convert_kernel<__half2, float2>(tensor_layout_any, T1 *, tensor_layout_any, const T2 *)"
16909053512,9888,329194,,,,,,,,,,0.094,9475.664,Pinned,Device,NVIDIA A100-SXM4-40GB MIG 4g.20gb (0),1,,13,[CUDA memcpy Host-to-Device]
16909338469,627097,329195,,,,,,,,,,456.561,727758.935,Device,,NVIDIA A100-SXM4-40GB MIG 4g.20gb (0),1,,13,[CUDA memset]
16909974078,64511,329200,,,,,,,,,,1.235,19142.867,Pinned,Device,NVIDIA A100-SXM4-40GB MIG 4g.20gb (0),1,,13,[CUDA memcpy Host-to-Device]
16910041213,10368,329201,,,,,,,,,,0.197,18962.842,Pinned,Device,NVIDIA A100-SXM4-40GB MIG 4g.20gb (0),1,,13,[CUDA memcpy Host-to-Device]
16910493080,15648,329202,69,4,1,48,1,1,76,0.002,0.000,,,,,NVIDIA A100-SXM4-40GB MIG 4g.20gb (0),1,,13,"void ch_est::windowedChEstPreNoDftSOfdmKernel<float, __half, float, (unsigned int)2, (unsigned int)1, (unsigned short)4>(ch_est::puschRxChEstStatDescr_t *, ch_est::puschRxChEstDynDescr_t *)"
16910834132,30688,329203,137,2,1,24,2,1,44,0.001,0.001,,,,,NVIDIA A100-SXM4-40GB MIG 4g.20gb (0),1,,13,"void ch_est::chEstFilterNoDftSOfdmDispatchKernel<float, __half, float, (unsigned int)2>(ch_est::puschRxChEstStatDescr_t *, ch_est::puschRxChEstDynDescr_t *)"
16911183056,22816,329204,137,2,1,24,2,1,44,0.001,0.001,,,,,NVIDIA A100-SXM4-40GB MIG 4g.20gb (0),1,,13,"void ch_est::chEstFilterNoDftSOfdmDispatchKernel<float, __half, float, (unsigned int)2>(ch_est::puschRxChEstStatDescr_t *, ch_est::puschRxChEstDynDescr_t *)"
16911260431,7104,329215,103,1,1,128,1,1,16,0.000,0.000,,,,,NVIDIA A100-SXM4-40GB MIG 4g.20gb (0),1,,13,cupy_copy__complex64_complex64
16911594572,18655,329225,1434,1,1,128,1,1,16,0.000,0.000,,,,,NVIDIA A100-SXM4-40GB MIG 4g.20gb (0),1,,13,cupy_copy__complex64_complex64
16911945576,7328,329232,103,1,1,128,1,1,16,0.000,0.000,,,,,NVIDIA A100-SXM4-40GB MIG 4g.20gb (0),1,,13,cupy_copy__complex64_complex64
16912022791,258045,329239,1,1,1,32,32,1,30,0.000,0.000,,,,,NVIDIA A100-SXM4-40GB MIG 4g.20gb (0),1,,13,"void convert_kernel<__half2, float2>(tensor_layout_any, T1 *, tensor_layout_any, const T2 *)"
16912310308,5408,329242,,,,,,,,,,0.094,17325.421,Pinned,Device,NVIDIA A100-SXM4-40GB MIG 4g.20gb (0),1,,13,[CUDA memcpy Host-to-Device]
16912450818,51743,329243,,,,,,,,,,35.810,692062.514,Device,,NVIDIA A100-SXM4-40GB MIG 4g.20gb (0),1,,13,[CUDA memset]
16912508449,2016,329245,,,,,,,,,,0.000,39.682,Pinned,Device,NVIDIA A100-SXM4-40GB MIG 4g.20gb (0),1,,13,[CUDA memcpy Host-to-Device]
16912513057,13184,329246,,,,,,,,,,0.197,14912.520,Pinned,Device,NVIDIA A100-SXM4-40GB MIG 4g.20gb (0),1,,13,[CUDA memcpy Host-to-Device]
16913078395,14336,329247,273,1,1,48,1,1,40,0.000,0.001,,,,,NVIDIA A100-SXM4-40GB MIG 4g.20gb (0),1,,13,"void pusch_noise_intf_est::noiseIntfEstNoDftSOfdmKernel<float, __half, float, float, (unsigned int)2, (unsigned int)1, (unsigned char)4, (unsigned char)4>(pusch_noise_intf_est::puschRxNoiseIntfEstDynDescr)"
16913656020,6528,329258,35,1,1,128,1,1,16,0.000,0.000,,,,,NVIDIA A100-SXM4-40GB MIG 4g.20gb (0),1,,13,cupy_copy__complex64_complex64
16913751443,3936,329267,1,1,1,1,1,1,18,0.000,0.000,,,,,NVIDIA A100-SXM4-40GB MIG 4g.20gb (0),1,,13,cupy_copy__float32_float32
16913766227,1760,329273,,,,,,,,,,0.000,2.273,Device,Pageable,NVIDIA A100-SXM4-40GB MIG 4g.20gb (0),1,,7,[CUDA memcpy Device-to-Host]
16914014992,18848,329284,1434,1,1,128,1,1,16,0.000,0.000,,,,,NVIDIA A100-SXM4-40GB MIG 4g.20gb (0),1,,13,cupy_copy__complex64_complex64
16914252462,5760,329291,103,1,1,128,1,1,16,0.000,0.000,,,,,NVIDIA A100-SXM4-40GB MIG 4g.20gb (0),1,,13,cupy_copy__complex64_complex64
16914485483,5280,329298,35,1,1,128,1,1,16,0.000,0.000,,,,,NVIDIA A100-SXM4-40GB MIG 4g.20gb (0),1,,13,cupy_copy__complex64_complex64
16914574794,4064,329305,1,1,1,1,1,1,18,0.000,0.000,,,,,NVIDIA A100-SXM4-40GB MIG 4g.20gb (0),1,,13,cupy_copy__float32_float32
16914768520,265917,329316,1,1,1,32,32,1,30,0.000,0.000,,,,,NVIDIA A100-SXM4-40GB MIG 4g.20gb (0),1,,13,"void convert_kernel<__half2, float2>(tensor_layout_any, T1 *, tensor_layout_any, const T2 *)"
16915066405,9664,329319,,,,,,,,,,0.094,9695.287,Pinned,Device,NVIDIA A100-SXM4-40GB MIG 4g.20gb (0),1,,13,[CUDA memcpy Host-to-Device]
16915291714,4256,329320,,,,,,,,,,1.547,363397.868,Device,,NVIDIA A100-SXM4-40GB MIG 4g.20gb (0),1,,13,[CUDA memset]
16915302498,7168,329325,,,,,,,,,,0.031,4366.042,Pinned,Device,NVIDIA A100-SXM4-40GB MIG 4g.20gb (0),1,,13,[CUDA memcpy Host-to-Device]
16915312098,16704,329326,,,,,,,,,,0.197,11769.938,Pinned,Device,NVIDIA A100-SXM4-40GB MIG 4g.20gb (0),1,,13,[CUDA memcpy Host-to-Device]
16915551615,33440,329327,273,1,1,8,4,1,39,0.002,0.000,,,,,NVIDIA A100-SXM4-40GB MIG 4g.20gb (0),1,,13,"void channel_eq::eqMmseCoefCompLowMimoKernel<float, float, float, (unsigned int)4, (unsigned int)1, (unsigned int)4>(const channel_eq::_puschRxChEqStatDescr *, channel_eq::_puschRxChEqCoefCompDynDescr)"
16915942907,21536,329328,273,1,1,12,11,1,51,0.002,0.000,,,,,NVIDIA A100-SXM4-40GB MIG 4g.20gb (0),1,,13,"void channel_eq::eqMmseSoftDemapKernel<float, __half, __half, float, (unsigned int)4, (unsigned short)16383>(channel_eq::_puschRxChEqStatDescr *, channel_eq::_puschRxChEqSoftDemapDynDescr)"
16916203480,746583,329329,1,1,1,32,32,1,30,0.000,0.000,,,,,NVIDIA A100-SXM4-40GB MIG 4g.20gb (0),1,,13,"void convert_kernel<float2, __half2>(tensor_layout_any, T1 *, tensor_layout_any, const T2 *)"
16917112206,16511,329341,2253,1,1,128,1,1,16,0.000,0.000,,,,,NVIDIA A100-SXM4-40GB MIG 4g.20gb (0),1,,13,cupy_copy__float16_float16
16917343051,9408,329350,282,1,1,128,1,1,16,0.000,0.000,,,,,NVIDIA A100-SXM4-40GB MIG 4g.20gb (0),1,,13,cupy_copy__complex64_complex64
16917546953,12800,329359,26,1,1,128,1,1,16,0.000,0.000,,,,,NVIDIA A100-SXM4-40GB MIG 4g.20gb (0),1,,13,cupy_copy__float32_float32
16917633832,15680,329368,103,1,1,128,1,1,16,0.000,0.000,,,,,NVIDIA A100-SXM4-40GB MIG 4g.20gb (0),1,,13,cupy_copy__complex64_complex64
16917856485,19040,329378,1434,1,1,128,1,1,16,0.000,0.000,,,,,NVIDIA A100-SXM4-40GB MIG 4g.20gb (0),1,,13,cupy_copy__complex64_complex64
16918157762,276989,329383,1,1,1,32,32,1,30,0.000,0.000,,,,,NVIDIA A100-SXM4-40GB MIG 4g.20gb (0),1,,13,"void convert_kernel<__half2, float2>(tensor_layout_any, T1 *, tensor_layout_any, const T2 *)"
16918466526,5568,329386,,,,,,,,,,0.094,16827.521,Pinned,Device,NVIDIA A100-SXM4-40GB MIG 4g.20gb (0),1,,13,[CUDA memcpy Host-to-Device]
16918938073,608889,329387,,,,,,,,,,456.561,749673.884,Device,,NVIDIA A100-SXM4-40GB MIG 4g.20gb (0),1,,13,[CUDA memset]
16919553746,66175,329392,,,,,,,,,,1.235,18661.239,Pinned,Device,NVIDIA A100-SXM4-40GB MIG 4g.20gb (0),1,,13,[CUDA memcpy Host-to-Device]
16919623057,13568,329393,,,,,,,,,,0.197,14490.403,Pinned,Device,NVIDIA A100-SXM4-40GB MIG 4g.20gb (0),1,,13,[CUDA memcpy Host-to-Device]
16920025421,18976,329394,69,4,1,48,1,1,76,0.002,0.000,,,,,NVIDIA A100-SXM4-40GB MIG 4g.20gb (0),1,,13,"void ch_est::windowedChEstPreNoDftSOfdmKernel<float, __half, float, (unsigned int)2, (unsigned int)1, (unsigned short)4>(ch_est::puschRxChEstStatDescr_t *, ch_est::puschRxChEstDynDescr_t *)"
16920323338,17151,329395,137,2,1,24,2,1,44,0.001,0.001,,,,,NVIDIA A100-SXM4-40GB MIG 4g.20gb (0),1,,13,"void ch_est::chEstFilterNoDftSOfdmDispatchKernel<float, __half, float, (unsigned int)2>(ch_est::puschRxChEstStatDescr_t *, ch_est::puschRxChEstDynDescr_t *)"
16920622150,22528,329396,137,2,1,24,2,1,44,0.001,0.001,,,,,NVIDIA A100-SXM4-40GB MIG 4g.20gb (0),1,,13,"void ch_est::chEstFilterNoDftSOfdmDispatchKernel<float, __half, float, (unsigned int)2>(ch_est::puschRxChEstStatDescr_t *, ch_est::puschRxChEstDynDescr_t *)"
16920915907,4000,329407,103,1,1,128,1,1,16,0.000,0.000,,,,,NVIDIA A100-SXM4-40GB MIG 4g.20gb (0),1,,13,cupy_copy__complex64_complex64
16920994914,18848,329417,1434,1,1,128,1,1,16,0.000,0.000,,,,,NVIDIA A100-SXM4-40GB MIG 4g.20gb (0),1,,13,cupy_copy__complex64_complex64
16921254975,6720,329424,103,1,1,128,1,1,16,0.000,0.000,,,,,NVIDIA A100-SXM4-40GB MIG 4g.20gb (0),1,,13,cupy_copy__complex64_complex64
16921506940,267261,329431,1,1,1,32,32,1,30,0.000,0.000,,,,,NVIDIA A100-SXM4-40GB MIG 4g.20gb (0),1,,13,"void convert_kernel<__half2, float2>(tensor_layout_any, T1 *, tensor_layout_any, const T2 *)"
16921804985,5856,329434,,,,,,,,,,0.094,15999.997,Pinned,Device,NVIDIA A100-SXM4-40GB MIG 4g.20gb (0),1,,13,[CUDA memcpy Host-to-Device]
16922071574,49183,329435,,,,,,,,,,35.810,728087.293,Device,,NVIDIA A100-SXM4-40GB MIG 4g.20gb (0),1,,13,[CUDA memset]
16922126485,1856,329437,,,,,,,,,,0.000,43.103,Pinned,Device,NVIDIA A100-SXM4-40GB MIG 4g.20gb (0),1,,13,[CUDA memcpy Host-to-Device]
16922134645,12096,329438,,,,,,,,,,0.197,16253.780,Pinned,Device,NVIDIA A100-SXM4-40GB MIG 4g.20gb (0),1,,13,[CUDA memcpy Host-to-Device]
16922185973,45759,329439,273,1,1,48,1,1,40,0.000,0.001,,,,,NVIDIA A100-SXM4-40GB MIG 4g.20gb (0),1,,13,"void pusch_noise_intf_est::noiseIntfEstNoDftSOfdmKernel<float, __half, float, float, (unsigned int)2, (unsigned int)1, (unsigned char)4, (unsigned char)4>(pusch_noise_intf_est::puschRxNoiseIntfEstDynDescr)"
16922272532,9664,329450,35,1,1,128,1,1,16,0.000,0.000,,,,,NVIDIA A100-SXM4-40GB MIG 4g.20gb (0),1,,13,cupy_copy__complex64_complex64
16922373331,4415,329459,1,1,1,1,1,1,18,0.000,0.000,,,,,NVIDIA A100-SXM4-40GB MIG 4g.20gb (0),1,,13,cupy_copy__float32_float32
16922387314,2208,329465,,,,,,,,,,0.000,1.812,Device,Pageable,NVIDIA A100-SXM4-40GB MIG 4g.20gb (0),1,,7,[CUDA memcpy Device-to-Host]
16922730127,19583,329476,1434,1,1,128,1,1,16,0.000,0.000,,,,,NVIDIA A100-SXM4-40GB MIG 4g.20gb (0),1,,13,cupy_copy__complex64_complex64
16923029163,7872,329483,103,1,1,128,1,1,16,0.000,0.000,,,,,NVIDIA A100-SXM4-40GB MIG 4g.20gb (0),1,,13,cupy_copy__complex64_complex64
16923071691,11552,329490,35,1,1,128,1,1,16,0.000,0.000,,,,,NVIDIA A100-SXM4-40GB MIG 4g.20gb (0),1,,13,cupy_copy__complex64_complex64
16923124714,4000,329497,1,1,1,1,1,1,18,0.000,0.000,,,,,NVIDIA A100-SXM4-40GB MIG 4g.20gb (0),1,,13,cupy_copy__float32_float32
16923416775,299484,329508,1,1,1,32,32,1,30,0.000,0.000,,,,,NVIDIA A100-SXM4-40GB MIG 4g.20gb (0),1,,13,"void convert_kernel<__half2, float2>(tensor_layout_any, T1 *, tensor_layout_any, const T2 *)"
16923745987,5408,329511,,,,,,,,,,0.094,17325.421,Pinned,Device,NVIDIA A100-SXM4-40GB MIG 4g.20gb (0),1,,13,[CUDA memcpy Host-to-Device]
16924061504,7871,329512,,,,,,,,,,1.547,196495.486,Device,,NVIDIA A100-SXM4-40GB MIG 4g.20gb (0),1,,13,[CUDA memset]
16924073215,3264,329517,,,,,,,,,,0.031,9588.218,Pinned,Device,NVIDIA A100-SXM4-40GB MIG 4g.20gb (0),1,,13,[CUDA memcpy Host-to-Device]
16924079167,13632,329518,,,,,,,,,,0.197,14422.376,Pinned,Device,NVIDIA A100-SXM4-40GB MIG 4g.20gb (0),1,,13,[CUDA memcpy Host-to-Device]
16924454907,49728,329519,273,1,1,8,4,1,39,0.002,0.000,,,,,NVIDIA A100-SXM4-40GB MIG 4g.20gb (0),1,,13,"void channel_eq::eqMmseCoefCompLowMimoKernel<float, float, float, (unsigned int)4, (unsigned int)1, (unsigned int)4>(const channel_eq::_puschRxChEqStatDescr *, channel_eq::_puschRxChEqCoefCompDynDescr)"
16924945206,38591,329520,273,1,1,12,11,1,51,0.002,0.000,,,,,NVIDIA A100-SXM4-40GB MIG 4g.20gb (0),1,,13,"void channel_eq::eqMmseSoftDemapKernel<float, __half, __half, float, (unsigned int)4, (unsigned short)16383>(channel_eq::_puschRxChEqStatDescr *, channel_eq::_puschRxChEqSoftDemapDynDescr)"
16925413488,720984,329521,1,1,1,32,32,1,30,0.000,0.000,,,,,NVIDIA A100-SXM4-40GB MIG 4g.20gb (0),1,,13,"void convert_kernel<float2, __half2>(tensor_layout_any, T1 *, tensor_layout_any, const T2 *)"
16926478724,19296,329533,2253,1,1,128,1,1,16,0.000,0.000,,,,,NVIDIA A100-SXM4-40GB MIG 4g.20gb (0),1,,13,cupy_copy__float16_float16
16926685250,7392,329542,282,1,1,128,1,1,16,0.000,0.000,,,,,NVIDIA A100-SXM4-40GB MIG 4g.20gb (0),1,,13,cupy_copy__complex64_complex64
16926760769,8000,329551,26,1,1,128,1,1,16,0.000,0.000,,,,,NVIDIA A100-SXM4-40GB MIG 4g.20gb (0),1,,13,cupy_copy__float32_float32
16926910112,14783,329560,103,1,1,128,1,1,16,0.000,0.000,,,,,NVIDIA A100-SXM4-40GB MIG 4g.20gb (0),1,,13,cupy_copy__complex64_complex64
16927127421,24160,329570,1434,1,1,128,1,1,16,0.000,0.000,,,,,NVIDIA A100-SXM4-40GB MIG 4g.20gb (0),1,,13,cupy_copy__complex64_complex64
16927335227,301180,329575,1,1,1,32,32,1,30,0.000,0.000,,,,,NVIDIA A100-SXM4-40GB MIG 4g.20gb (0),1,,13,"void convert_kernel<__half2, float2>(tensor_layout_any, T1 *, tensor_layout_any, const T2 *)"
16927664727,5376,329578,,,,,,,,,,0.094,17428.487,Pinned,Device,NVIDIA A100-SXM4-40GB MIG 4g.20gb (0),1,,13,[CUDA memcpy Host-to-Device]
16927698743,617913,329579,,,,,,,,,,456.561,738716.410,Device,,NVIDIA A100-SXM4-40GB MIG 4g.20gb (0),1,,13,[CUDA memset]
16928322928,62559,329584,,,,,,,,,,1.235,19739.345,Pinned,Device,NVIDIA A100-SXM4-40GB MIG 4g.20gb (0),1,,13,[CUDA memcpy Host-to-Device]
16928390991,13088,329585,,,,,,,,,,0.197,15021.834,Pinned,Device,NVIDIA A100-SXM4-40GB MIG 4g.20gb (0),1,,13,[CUDA memcpy Host-to-Device]
16928454030,26848,329586,69,4,1,48,1,1,76,0.002,0.000,,,,,NVIDIA A100-SXM4-40GB MIG 4g.20gb (0),1,,13,"void ch_est::windowedChEstPreNoDftSOfdmKernel<float, __half, float, (unsigned int)2, (unsigned int)1, (unsigned short)4>(ch_est::puschRxChEstStatDescr_t *, ch_est::puschRxChEstDynDescr_t *)"
16928543981,36672,329587,137,2,1,24,2,1,44,0.001,0.001,,,,,NVIDIA A100-SXM4-40GB MIG 4g.20gb (0),1,,13,"void ch_est::chEstFilterNoDftSOfdmDispatchKernel<float, __half, float, (unsigned int)2>(ch_est::puschRxChEstStatDescr_t *, ch_est::puschRxChEstDynDescr_t *)"
16928594189,31967,329588,137,2,1,24,2,1,44,0.001,0.001,,,,,NVIDIA A100-SXM4-40GB MIG 4g.20gb (0),1,,13,"void ch_est::chEstFilterNoDftSOfdmDispatchKernel<float, __half, float, (unsigned int)2>(ch_est::puschRxChEstStatDescr_t *, ch_est::puschRxChEstDynDescr_t *)"
16928643180,5728,329599,103,1,1,128,1,1,16,0.000,0.000,,,,,NVIDIA A100-SXM4-40GB MIG 4g.20gb (0),1,,13,cupy_copy__complex64_complex64
16928688524,18143,329609,1434,1,1,128,1,1,16,0.000,0.000,,,,,NVIDIA A100-SXM4-40GB MIG 4g.20gb (0),1,,13,cupy_copy__complex64_complex64
16928737675,6816,329616,103,1,1,128,1,1,16,0.000,0.000,,,,,NVIDIA A100-SXM4-40GB MIG 4g.20gb (0),1,,13,cupy_copy__complex64_complex64
16928789162,297949,329623,1,1,1,32,32,1,30,0.000,0.000,,,,,NVIDIA A100-SXM4-40GB MIG 4g.20gb (0),1,,13,"void convert_kernel<__half2, float2>(tensor_layout_any, T1 *, tensor_layout_any, const T2 *)"
16929117319,5952,329626,,,,,,,,,,0.094,15741.865,Pinned,Device,NVIDIA A100-SXM4-40GB MIG 4g.20gb (0),1,,13,[CUDA memcpy Host-to-Device]
16929357220,59423,329627,,,,,,,,,,35.810,602609.334,Device,,NVIDIA A100-SXM4-40GB MIG 4g.20gb (0),1,,13,[CUDA memset]
16929419267,5632,329629,,,,,,,,,,0.000,14.204,Pinned,Device,NVIDIA A100-SXM4-40GB MIG 4g.20gb (0),1,,13,[CUDA memcpy Host-to-Device]
16929430019,10176,329630,,,,,,,,,,0.197,19320.668,Pinned,Device,NVIDIA A100-SXM4-40GB MIG 4g.20gb (0),1,,13,[CUDA memcpy Host-to-Device]
16929739872,39903,329631,273,1,1,48,1,1,40,0.000,0.001,,,,,NVIDIA A100-SXM4-40GB MIG 4g.20gb (0),1,,13,"void pusch_noise_intf_est::noiseIntfEstNoDftSOfdmKernel<float, __half, float, float, (unsigned int)2, (unsigned int)1, (unsigned char)4, (unsigned char)4>(pusch_noise_intf_est::puschRxNoiseIntfEstDynDescr)"
16929947261,7744,329642,35,1,1,128,1,1,16,0.000,0.000,,,,,NVIDIA A100-SXM4-40GB MIG 4g.20gb (0),1,,13,cupy_copy__complex64_complex64
16930287962,3776,329651,1,1,1,1,1,1,18,0.000,0.000,,,,,NVIDIA A100-SXM4-40GB MIG 4g.20gb (0),1,,13,cupy_copy__float32_float32
16930301817,2016,329657,,,,,,,,,,0.000,1.984,Device,Pageable,NVIDIA A100-SXM4-40GB MIG 4g.20gb (0),1,,7,[CUDA memcpy Device-to-Host]
16930588598,17760,329668,1434,1,1,128,1,1,16,0.000,0.000,,,,,NVIDIA A100-SXM4-40GB MIG 4g.20gb (0),1,,13,cupy_copy__complex64_complex64
16930935506,19232,329675,103,1,1,128,1,1,16,0.000,0.000,,,,,NVIDIA A100-SXM4-40GB MIG 4g.20gb (0),1,,13,cupy_copy__complex64_complex64
16931153264,9216,329682,35,1,1,128,1,1,16,0.000,0.000,,,,,NVIDIA A100-SXM4-40GB MIG 4g.20gb (0),1,,13,cupy_copy__complex64_complex64
16931499532,4288,329689,1,1,1,1,1,1,18,0.000,0.000,,,,,NVIDIA A100-SXM4-40GB MIG 4g.20gb (0),1,,13,cupy_copy__float32_float32
16931768649,319964,329700,1,1,1,32,32,1,30,0.000,0.000,,,,,NVIDIA A100-SXM4-40GB MIG 4g.20gb (0),1,,13,"void convert_kernel<__half2, float2>(tensor_layout_any, T1 *, tensor_layout_any, const T2 *)"
16932122501,13312,329703,,,,,,,,,,0.094,7038.444,Pinned,Device,NVIDIA A100-SXM4-40GB MIG 4g.20gb (0),1,,13,[CUDA memcpy Host-to-Device]
16932323587,7424,329704,,,,,,,,,,1.547,208327.160,Device,,NVIDIA A100-SXM4-40GB MIG 4g.20gb (0),1,,13,[CUDA memset]
16932334467,6784,329709,,,,,,,,,,0.031,4613.187,Pinned,Device,NVIDIA A100-SXM4-40GB MIG 4g.20gb (0),1,,13,[CUDA memcpy Host-to-Device]
16932343875,9855,329710,,,,,,,,,,0.197,19950.010,Pinned,Device,NVIDIA A100-SXM4-40GB MIG 4g.20gb (0),1,,13,[CUDA memcpy Host-to-Device]
16932716670,23904,329711,273,1,1,8,4,1,39,0.002,0.000,,,,,NVIDIA A100-SXM4-40GB MIG 4g.20gb (0),1,,13,"void channel_eq::eqMmseCoefCompLowMimoKernel<float, float, float, (unsigned int)4, (unsigned int)1, (unsigned int)4>(const channel_eq::_puschRxChEqStatDescr *, channel_eq::_puschRxChEqCoefCompDynDescr)"
16933067130,10656,329712,273,1,1,12,11,1,51,0.002,0.000,,,,,NVIDIA A100-SXM4-40GB MIG 4g.20gb (0),1,,13,"void channel_eq::eqMmseSoftDemapKernel<float, __half, __half, float, (unsigned int)4, (unsigned short)16383>(channel_eq::_puschRxChEqStatDescr *, channel_eq::_puschRxChEqSoftDemapDynDescr)"
16933264280,575546,329713,1,1,1,32,32,1,30,0.000,0.000,,,,,NVIDIA A100-SXM4-40GB MIG 4g.20gb (0),1,,13,"void convert_kernel<float2, __half2>(tensor_layout_any, T1 *, tensor_layout_any, const T2 *)"
16933880497,15616,329725,2253,1,1,128,1,1,16,0.000,0.000,,,,,NVIDIA A100-SXM4-40GB MIG 4g.20gb (0),1,,13,cupy_copy__float16_float16
16933928561,9728,329734,282,1,1,128,1,1,16,0.000,0.000,,,,,NVIDIA A100-SXM4-40GB MIG 4g.20gb (0),1,,13,cupy_copy__complex64_complex64
16933961840,6336,329743,26,1,1,128,1,1,16,0.000,0.000,,,,,NVIDIA A100-SXM4-40GB MIG 4g.20gb (0),1,,13,cupy_copy__float32_float32
16933997456,12416,329752,103,1,1,128,1,1,16,0.000,0.000,,,,,NVIDIA A100-SXM4-40GB MIG 4g.20gb (0),1,,13,cupy_copy__complex64_complex64
16934094671,19584,329762,1434,1,1,128,1,1,16,0.000,0.000,,,,,NVIDIA A100-SXM4-40GB MIG 4g.20gb (0),1,,13,cupy_copy__complex64_complex64
16934152366,253405,329767,1,1,1,32,32,1,30,0.000,0.000,,,,,NVIDIA A100-SXM4-40GB MIG 4g.20gb (0),1,,13,"void convert_kernel<__half2, float2>(tensor_layout_any, T1 *, tensor_layout_any, const T2 *)"
16934434187,5536,329770,,,,,,,,,,0.094,16924.777,Pinned,Device,NVIDIA A100-SXM4-40GB MIG 4g.20gb (0),1,,13,[CUDA memcpy Host-to-Device]
16934475595,621337,329771,,,,,,,,,,456.561,734607.357,Device,,NVIDIA A100-SXM4-40GB MIG 4g.20gb (0),1,,13,[CUDA memset]
16935103812,67391,329776,,,,,,,,,,1.235,18324.099,Pinned,Device,NVIDIA A100-SXM4-40GB MIG 4g.20gb (0),1,,13,[CUDA memcpy Host-to-Device]
16935173923,17120,329777,,,,,,,,,,0.197,11484.070,Pinned,Device,NVIDIA A100-SXM4-40GB MIG 4g.20gb (0),1,,13,[CUDA memcpy Host-to-Device]
16935294241,19968,329778,69,4,1,48,1,1,76,0.002,0.000,,,,,NVIDIA A100-SXM4-40GB MIG 4g.20gb (0),1,,13,"void ch_est::windowedChEstPreNoDftSOfdmKernel<float, __half, float, (unsigned int)2, (unsigned int)1, (unsigned short)4>(ch_est::puschRxChEstStatDescr_t *, ch_est::puschRxChEstDynDescr_t *)"
16935471711,19680,329779,137,2,1,24,2,1,44,0.001,0.001,,,,,NVIDIA A100-SXM4-40GB MIG 4g.20gb (0),1,,13,"void ch_est::chEstFilterNoDftSOfdmDispatchKernel<float, __half, float, (unsigned int)2>(ch_est::puschRxChEstStatDescr_t *, ch_est::puschRxChEstDynDescr_t *)"
16935727613,22943,329780,137,2,1,24,2,1,44,0.001,0.001,,,,,NVIDIA A100-SXM4-40GB MIG 4g.20gb (0),1,,13,"void ch_est::chEstFilterNoDftSOfdmDispatchKernel<float, __half, float, (unsigned int)2>(ch_est::puschRxChEstStatDescr_t *, ch_est::puschRxChEstDynDescr_t *)"
16936052985,5088,329791,103,1,1,128,1,1,16,0.000,0.000,,,,,NVIDIA A100-SXM4-40GB MIG 4g.20gb (0),1,,13,cupy_copy__complex64_complex64
16936318198,22912,329801,1434,1,1,128,1,1,16,0.000,0.000,,,,,NVIDIA A100-SXM4-40GB MIG 4g.20gb (0),1,,13,cupy_copy__complex64_complex64
16936466612,5664,329808,103,1,1,128,1,1,16,0.000,0.000,,,,,NVIDIA A100-SXM4-40GB MIG 4g.20gb (0),1,,13,cupy_copy__complex64_complex64
16936802704,237022,329815,1,1,1,32,32,1,30,0.000,0.000,,,,,NVIDIA A100-SXM4-40GB MIG 4g.20gb (0),1,,13,"void convert_kernel<__half2, float2>(tensor_layout_any, T1 *, tensor_layout_any, const T2 *)"
16937073613,9792,329818,,,,,,,,,,0.094,9568.610,Pinned,Device,NVIDIA A100-SXM4-40GB MIG 4g.20gb (0),1,,13,[CUDA memcpy Host-to-Device]
16937254987,54624,329819,,,,,,,,,,35.810,655536.396,Device,,NVIDIA A100-SXM4-40GB MIG 4g.20gb (0),1,,13,[CUDA memset]
16937315595,5760,329821,,,,,,,,,,0.000,13.889,Pinned,Device,NVIDIA A100-SXM4-40GB MIG 4g.20gb (0),1,,13,[CUDA memcpy Host-to-Device]
16937328555,9663,329822,,,,,,,,,,0.197,20346.372,Pinned,Device,NVIDIA A100-SXM4-40GB MIG 4g.20gb (0),1,,13,[CUDA memcpy Host-to-Device]
16937681799,34015,329823,273,1,1,48,1,1,40,0.000,0.001,,,,,NVIDIA A100-SXM4-40GB MIG 4g.20gb (0),1,,13,"void pusch_noise_intf_est::noiseIntfEstNoDftSOfdmKernel<float, __half, float, float, (unsigned int)2, (unsigned int)1, (unsigned char)4, (unsigned char)4>(pusch_noise_intf_est::puschRxNoiseIntfEstDynDescr)"
16938047554,9792,329834,35,1,1,128,1,1,16,0.000,0.000,,,,,NVIDIA A100-SXM4-40GB MIG 4g.20gb (0),1,,13,cupy_copy__complex64_complex64
16938371679,4512,329843,1,1,1,1,1,1,18,0.000,0.000,,,,,NVIDIA A100-SXM4-40GB MIG 4g.20gb (0),1,,13,cupy_copy__float32_float32
16938380415,1984,329849,,,,,,,,,,0.000,2.016,Device,Pageable,NVIDIA A100-SXM4-40GB MIG 4g.20gb (0),1,,7,[CUDA memcpy Device-to-Host]
16938775162,19360,329860,1434,1,1,128,1,1,16,0.000,0.000,,,,,NVIDIA A100-SXM4-40GB MIG 4g.20gb (0),1,,13,cupy_copy__complex64_complex64
16939005848,7360,329867,103,1,1,128,1,1,16,0.000,0.000,,,,,NVIDIA A100-SXM4-40GB MIG 4g.20gb (0),1,,13,cupy_copy__complex64_complex64
16939224949,13216,329874,35,1,1,128,1,1,16,0.000,0.000,,,,,NVIDIA A100-SXM4-40GB MIG 4g.20gb (0),1,,13,cupy_copy__complex64_complex64
16939301396,4192,329881,1,1,1,1,1,1,18,0.000,0.000,,,,,NVIDIA A100-SXM4-40GB MIG 4g.20gb (0),1,,13,cupy_copy__float32_float32
16939342324,258557,329892,1,1,1,32,32,1,30,0.000,0.000,,,,,NVIDIA A100-SXM4-40GB MIG 4g.20gb (0),1,,13,"void convert_kernel<__half2, float2>(tensor_layout_any, T1 *, tensor_layout_any, const T2 *)"
16939629809,5536,329895,,,,,,,,,,0.094,16924.777,Pinned,Device,NVIDIA A100-SXM4-40GB MIG 4g.20gb (0),1,,13,[CUDA memcpy Host-to-Device]
16939678864,8128,329896,,,,,,,,,,1.547,190282.697,Device,,NVIDIA A100-SXM4-40GB MIG 4g.20gb (0),1,,13,[CUDA memset]
16939692176,6464,329901,,,,,,,,,,0.031,4841.554,Pinned,Device,NVIDIA A100-SXM4-40GB MIG 4g.20gb (0),1,,13,[CUDA memcpy Host-to-Device]
16939704560,13824,329902,,,,,,,,,,0.197,14222.033,Pinned,Device,NVIDIA A100-SXM4-40GB MIG 4g.20gb (0),1,,13,[CUDA memcpy Host-to-Device]
16939749967,55072,329903,273,1,1,8,4,1,39,0.002,0.000,,,,,NVIDIA A100-SXM4-40GB MIG 4g.20gb (0),1,,13,"void channel_eq::eqMmseCoefCompLowMimoKernel<float, float, float, (unsigned int)4, (unsigned int)1, (unsigned int)4>(const channel_eq::_puschRxChEqStatDescr *, channel_eq::_puschRxChEqCoefCompDynDescr)"
16939894286,37087,329904,273,1,1,12,11,1,51,0.002,0.000,,,,,NVIDIA A100-SXM4-40GB MIG 4g.20gb (0),1,,13,"void channel_eq::eqMmseSoftDemapKernel<float, __half, __half, float, (unsigned int)4, (unsigned short)16383>(channel_eq::_puschRxChEqStatDescr *, channel_eq::_puschRxChEqSoftDemapDynDescr)"
16939985453,639801,329905,1,1,1,32,32,1,30,0.000,0.000,,,,,NVIDIA A100-SXM4-40GB MIG 4g.20gb (0),1,,13,"void convert_kernel<float2, __half2>(tensor_layout_any, T1 *, tensor_layout_any, const T2 *)"
16940693669,15712,329917,2253,1,1,128,1,1,16,0.000,0.000,,,,,NVIDIA A100-SXM4-40GB MIG 4g.20gb (0),1,,13,cupy_copy__float16_float16
16940873475,8960,329926,282,1,1,128,1,1,16,0.000,0.000,,,,,NVIDIA A100-SXM4-40GB MIG 4g.20gb (0),1,,13,cupy_copy__complex64_complex64
16940907522,4992,329935,26,1,1,128,1,1,16,0.000,0.000,,,,,NVIDIA A100-SXM4-40GB MIG 4g.20gb (0),1,,13,cupy_copy__float32_float32
16940943522,10976,329944,103,1,1,128,1,1,16,0.000,0.000,,,,,NVIDIA A100-SXM4-40GB MIG 4g.20gb (0),1,,13,cupy_copy__complex64_complex64
16941191711,17312,329954,1434,1,1,128,1,1,16,0.000,0.000,,,,,NVIDIA A100-SXM4-40GB MIG 4g.20gb (0),1,,13,cupy_copy__complex64_complex64
16941336766,306588,329959,1,1,1,32,32,1,30,0.000,0.000,,,,,NVIDIA A100-SXM4-40GB MIG 4g.20gb (0),1,,13,"void convert_kernel<__half2, float2>(tensor_layout_any, T1 *, tensor_layout_any, const T2 *)"
16941676282,10560,329962,,,,,,,,,,0.094,8872.636,Pinned,Device,NVIDIA A100-SXM4-40GB MIG 4g.20gb (0),1,,13,[CUDA memcpy Host-to-Device]
16942002902,611289,329963,,,,,,,,,,456.561,746477.954,Device,,NVIDIA A100-SXM4-40GB MIG 4g.20gb (0),1,,13,[CUDA memset]
16942621359,65119,329968,,,,,,,,,,1.235,18963.800,Pinned,Device,NVIDIA A100-SXM4-40GB MIG 4g.20gb (0),1,,13,[CUDA memcpy Host-to-Device]
16942693166,10624,329969,,,,,,,,,,0.197,18505.925,Pinned,Device,NVIDIA A100-SXM4-40GB MIG 4g.20gb (0),1,,13,[CUDA memcpy Host-to-Device]
16943056842,23104,329970,69,4,1,48,1,1,76,0.002,0.000,,,,,NVIDIA A100-SXM4-40GB MIG 4g.20gb (0),1,,13,"void ch_est::windowedChEstPreNoDftSOfdmKernel<float, __half, float, (unsigned int)2, (unsigned int)1, (unsigned short)4>(ch_est::puschRxChEstStatDescr_t *, ch_est::puschRxChEstDynDescr_t *)"
16943278600,24927,329971,137,2,1,24,2,1,44,0.001,0.001,,,,,NVIDIA A100-SXM4-40GB MIG 4g.20gb (0),1,,13,"void ch_est::chEstFilterNoDftSOfdmDispatchKernel<float, __half, float, (unsigned int)2>(ch_est::puschRxChEstStatDescr_t *, ch_est::puschRxChEstDynDescr_t *)"
16943456390,33631,329972,137,2,1,24,2,1,44,0.001,0.001,,,,,NVIDIA A100-SXM4-40GB MIG 4g.20gb (0),1,,13,"void ch_est::chEstFilterNoDftSOfdmDispatchKernel<float, __half, float, (unsigned int)2>(ch_est::puschRxChEstStatDescr_t *, ch_est::puschRxChEstDynDescr_t *)"
16943643908,4480,329983,103,1,1,128,1,1,16,0.000,0.000,,,,,NVIDIA A100-SXM4-40GB MIG 4g.20gb (0),1,,13,cupy_copy__complex64_complex64
16943723907,18239,329993,1434,1,1,128,1,1,16,0.000,0.000,,,,,NVIDIA A100-SXM4-40GB MIG 4g.20gb (0),1,,13,cupy_copy__complex64_complex64
16943905953,8864,330000,103,1,1,128,1,1,16,0.000,0.000,,,,,NVIDIA A100-SXM4-40GB MIG 4g.20gb (0),1,,13,cupy_copy__complex64_complex64
16943953792,256541,330007,1,1,1,32,32,1,30,0.000,0.000,,,,,NVIDIA A100-SXM4-40GB MIG 4g.20gb (0),1,,13,"void convert_kernel<__half2, float2>(tensor_layout_any, T1 *, tensor_layout_any, const T2 *)"
16944240221,6080,330010,,,,,,,,,,0.094,15410.462,Pinned,Device,NVIDIA A100-SXM4-40GB MIG 4g.20gb (0),1,,13,[CUDA memcpy Host-to-Device]
16944303452,58368,330011,,,,,,,,,,35.810,613495.549,Device,,NVIDIA A100-SXM4-40GB MIG 4g.20gb (0),1,,13,[CUDA memset]
16944366043,6464,330013,,,,,,,,,,0.000,12.376,Pinned,Device,NVIDIA A100-SXM4-40GB MIG 4g.20gb (0),1,,13,[CUDA memcpy Host-to-Device]
16944374939,14432,330014,,,,,,,,,,0.197,13622.968,Pinned,Device,NVIDIA A100-SXM4-40GB MIG 4g.20gb (0),1,,13,[CUDA memcpy Host-to-Device]
16944426363,46975,330015,273,1,1,48,1,1,40,0.000,0.001,,,,,NVIDIA A100-SXM4-40GB MIG 4g.20gb (0),1,,13,"void pusch_noise_intf_est::noiseIntfEstNoDftSOfdmKernel<float, __half, float, float, (unsigned int)2, (unsigned int)1, (unsigned char)4, (unsigned char)4>(pusch_noise_intf_est::puschRxNoiseIntfEstDynDescr)"
16944514298,10112,330026,35,1,1,128,1,1,16,0.000,0.000,,,,,NVIDIA A100-SXM4-40GB MIG 4g.20gb (0),1,,13,cupy_copy__complex64_complex64
16944554809,3360,330035,1,1,1,1,1,1,18,0.000,0.000,,,,,NVIDIA A100-SXM4-40GB MIG 4g.20gb (0),1,,13,cupy_copy__float32_float32
16944561113,1600,330041,,,,,,,,,,0.000,2.500,Device,Pageable,NVIDIA A100-SXM4-40GB MIG 4g.20gb (0),1,,7,[CUDA memcpy Device-to-Host]
16944641688,16096,330052,1434,1,1,128,1,1,16,0.000,0.000,,,,,NVIDIA A100-SXM4-40GB MIG 4g.20gb (0),1,,13,cupy_copy__complex64_complex64
16944689016,6336,330059,103,1,1,128,1,1,16,0.000,0.000,,,,,NVIDIA A100-SXM4-40GB MIG 4g.20gb (0),1,,13,cupy_copy__complex64_complex64
16944734231,11648,330066,35,1,1,128,1,1,16,0.000,0.000,,,,,NVIDIA A100-SXM4-40GB MIG 4g.20gb (0),1,,13,cupy_copy__complex64_complex64
16944829718,4096,330073,1,1,1,1,1,1,18,0.000,0.000,,,,,NVIDIA A100-SXM4-40GB MIG 4g.20gb (0),1,,13,cupy_copy__float32_float32
16945107219,295101,330084,1,1,1,32,32,1,30,0.000,0.000,,,,,NVIDIA A100-SXM4-40GB MIG 4g.20gb (0),1,,13,"void convert_kernel<__half2, float2>(tensor_layout_any, T1 *, tensor_layout_any, const T2 *)"
16945432784,5663,330087,,,,,,,,,,0.094,16545.214,Pinned,Device,NVIDIA A100-SXM4-40GB MIG 4g.20gb (0),1,,13,[CUDA memcpy Host-to-Device]
16945481391,8256,330088,,,,,,,,,,1.547,187333.285,Device,,NVIDIA A100-SXM4-40GB MIG 4g.20gb (0),1,,13,[CUDA memset]
16945493551,6944,330093,,,,,,,,,,0.031,4506.906,Pinned,Device,NVIDIA A100-SXM4-40GB MIG 4g.20gb (0),1,,13,[CUDA memcpy Host-to-Device]
16945507439,12736,330094,,,,,,,,,,0.197,15437.070,Pinned,Device,NVIDIA A100-SXM4-40GB MIG 4g.20gb (0),1,,13,[CUDA memcpy Host-to-Device]
16945851979,23424,330095,273,1,1,8,4,1,39,0.002,0.000,,,,,NVIDIA A100-SXM4-40GB MIG 4g.20gb (0),1,,13,"void channel_eq::eqMmseCoefCompLowMimoKernel<float, float, float, (unsigned int)4, (unsigned int)1, (unsigned int)4>(const channel_eq::_puschRxChEqStatDescr *, channel_eq::_puschRxChEqCoefCompDynDescr)"
16946045769,24415,330096,273,1,1,12,11,1,51,0.002,0.000,,,,,NVIDIA A100-SXM4-40GB MIG 4g.20gb (0),1,,13,"void channel_eq::eqMmseSoftDemapKernel<float, __half, __half, float, (unsigned int)4, (unsigned short)16383>(channel_eq::_puschRxChEqStatDescr *, channel_eq::_puschRxChEqSoftDemapDynDescr)"
16946520387,720440,330097,1,1,1,32,32,1,30,0.000,0.000,,,,,NVIDIA A100-SXM4-40GB MIG 4g.20gb (0),1,,13,"void convert_kernel<float2, __half2>(tensor_layout_any, T1 *, tensor_layout_any, const T2 *)"
16947421017,13248,330109,2253,1,1,128,1,1,16,0.000,0.000,,,,,NVIDIA A100-SXM4-40GB MIG 4g.20gb (0),1,,13,cupy_copy__float16_float16
16947770453,9600,330118,282,1,1,128,1,1,16,0.000,0.000,,,,,NVIDIA A100-SXM4-40GB MIG 4g.20gb (0),1,,13,cupy_copy__complex64_complex64
16948184529,7488,330127,26,1,1,128,1,1,16,0.000,0.000,,,,,NVIDIA A100-SXM4-40GB MIG 4g.20gb (0),1,,13,cupy_copy__float32_float32
16948597036,9504,330136,103,1,1,128,1,1,16,0.000,0.000,,,,,NVIDIA A100-SXM4-40GB MIG 4g.20gb (0),1,,13,cupy_copy__complex64_complex64
16948786410,17152,330146,1434,1,1,128,1,1,16,0.000,0.000,,,,,NVIDIA A100-SXM4-40GB MIG 4g.20gb (0),1,,13,cupy_copy__complex64_complex64
16949141894,328284,330151,1,1,1,32,32,1,30,0.000,0.000,,,,,NVIDIA A100-SXM4-40GB MIG 4g.20gb (0),1,,13,"void convert_kernel<__half2, float2>(tensor_layout_any, T1 *, tensor_layout_any, const T2 *)"
16949499938,13184,330154,,,,,,,,,,0.094,7106.748,Pinned,Device,NVIDIA A100-SXM4-40GB MIG 4g.20gb (0),1,,13,[CUDA memcpy Host-to-Device]
16949667584,618809,330155,,,,,,,,,,456.561,737803.287,Device,,NVIDIA A100-SXM4-40GB MIG 4g.20gb (0),1,,13,[CUDA memset]
16950293625,68511,330160,,,,,,,,,,1.235,18025.243,Pinned,Device,NVIDIA A100-SXM4-40GB MIG 4g.20gb (0),1,,13,[CUDA memcpy Host-to-Device]
16950364984,13344,330161,,,,,,,,,,0.197,14733.804,Pinned,Device,NVIDIA A100-SXM4-40GB MIG 4g.20gb (0),1,,13,[CUDA memcpy Host-to-Device]
16950418871,24992,330162,69,4,1,48,1,1,76,0.002,0.000,,,,,NVIDIA A100-SXM4-40GB MIG 4g.20gb (0),1,,13,"void ch_est::windowedChEstPreNoDftSOfdmKernel<float, __half, float, (unsigned int)2, (unsigned int)1, (unsigned short)4>(ch_est::puschRxChEstStatDescr_t *, ch_est::puschRxChEstDynDescr_t *)"
16950465559,33696,330163,137,2,1,24,2,1,44,0.001,0.001,,,,,NVIDIA A100-SXM4-40GB MIG 4g.20gb (0),1,,13,"void ch_est::chEstFilterNoDftSOfdmDispatchKernel<float, __half, float, (unsigned int)2>(ch_est::puschRxChEstStatDescr_t *, ch_est::puschRxChEstDynDescr_t *)"
16950519446,37024,330164,137,2,1,24,2,1,44,0.001,0.001,,,,,NVIDIA A100-SXM4-40GB MIG 4g.20gb (0),1,,13,"void ch_est::chEstFilterNoDftSOfdmDispatchKernel<float, __half, float, (unsigned int)2>(ch_est::puschRxChEstStatDescr_t *, ch_est::puschRxChEstDynDescr_t *)"
16950569750,6560,330175,103,1,1,128,1,1,16,0.000,0.000,,,,,NVIDIA A100-SXM4-40GB MIG 4g.20gb (0),1,,13,cupy_copy__complex64_complex64
16950614325,17280,330185,1434,1,1,128,1,1,16,0.000,0.000,,,,,NVIDIA A100-SXM4-40GB MIG 4g.20gb (0),1,,13,cupy_copy__complex64_complex64
16950662325,5824,330192,103,1,1,128,1,1,16,0.000,0.000,,,,,NVIDIA A100-SXM4-40GB MIG 4g.20gb (0),1,,13,cupy_copy__complex64_complex64
16950712884,254429,330199,1,1,1,32,32,1,30,0.000,0.000,,,,,NVIDIA A100-SXM4-40GB MIG 4g.20gb (0),1,,13,"void convert_kernel<__half2, float2>(tensor_layout_any, T1 *, tensor_layout_any, const T2 *)"
16950995953,6464,330202,,,,,,,,,,0.094,14494.959,Pinned,Device,NVIDIA A100-SXM4-40GB MIG 4g.20gb (0),1,,13,[CUDA memcpy Host-to-Device]
16951061232,61280,330203,,,,,,,,,,35.810,584346.275,Device,,NVIDIA A100-SXM4-40GB MIG 4g.20gb (0),1,,13,[CUDA memset]
16951126352,1952,330205,,,,,,,,,,0.000,40.984,Pinned,Device,NVIDIA A100-SXM4-40GB MIG 4g.20gb (0),1,,13,[CUDA memcpy Host-to-Device]
16951130959,9536,330206,,,,,,,,,,0.197,20617.298,Pinned,Device,NVIDIA A100-SXM4-40GB MIG 4g.20gb (0),1,,13,[CUDA memcpy Host-to-Device]
16951248334,30912,330207,273,1,1,48,1,1,40,0.000,0.001,,,,,NVIDIA A100-SXM4-40GB MIG 4g.20gb (0),1,,13,"void pusch_noise_intf_est::noiseIntfEstNoDftSOfdmKernel<float, __half, float, float, (unsigned int)2, (unsigned int)1, (unsigned char)4, (unsigned char)4>(pusch_noise_intf_est::puschRxNoiseIntfEstDynDescr)"
16951498443,3488,330218,35,1,1,128,1,1,16,0.000,0.000,,,,,NVIDIA A100-SXM4-40GB MIG 4g.20gb (0),1,,13,cupy_copy__complex64_complex64
16951658538,3776,330227,1,1,1,1,1,1,18,0.000,0.000,,,,,NVIDIA A100-SXM4-40GB MIG 4g.20gb (0),1,,13,cupy_copy__float32_float32
16951674473,1824,330233,,,,,,,,,,0.000,2.193,Device,Pageable,NVIDIA A100-SXM4-40GB MIG 4g.20gb (0),1,,7,[CUDA memcpy Device-to-Host]
16952168868,20512,330244,1434,1,1,128,1,1,16,0.000,0.000,,,,,NVIDIA A100-SXM4-40GB MIG 4g.20gb (0),1,,13,cupy_copy__complex64_complex64
16952438529,5952,330251,103,1,1,128,1,1,16,0.000,0.000,,,,,NVIDIA A100-SXM4-40GB MIG 4g.20gb (0),1,,13,cupy_copy__complex64_complex64
16952911995,4032,330258,35,1,1,128,1,1,16,0.000,0.000,,,,,NVIDIA A100-SXM4-40GB MIG 4g.20gb (0),1,,13,cupy_copy__complex64_complex64
16953458549,3456,330265,1,1,1,1,1,1,18,0.000,0.000,,,,,NVIDIA A100-SXM4-40GB MIG 4g.20gb (0),1,,13,cupy_copy__float32_float32
16953794098,287452,330276,1,1,1,32,32,1,30,0.000,0.000,,,,,NVIDIA A100-SXM4-40GB MIG 4g.20gb (0),1,,13,"void convert_kernel<__half2, float2>(tensor_layout_any, T1 *, tensor_layout_any, const T2 *)"
16954110766,13344,330279,,,,,,,,,,0.094,7021.578,Pinned,Device,NVIDIA A100-SXM4-40GB MIG 4g.20gb (0),1,,13,[CUDA memcpy Host-to-Device]
16954555401,7424,330280,,,,,,,,,,1.547,208327.160,Device,,NVIDIA A100-SXM4-40GB MIG 4g.20gb (0),1,,13,[CUDA memset]
16954567753,8224,330285,,,,,,,,,,0.031,3805.437,Pinned,Device,NVIDIA A100-SXM4-40GB MIG 4g.20gb (0),1,,13,[CUDA memcpy Host-to-Device]
16954579113,12224,330286,,,,,,,,,,0.197,16083.714,Pinned,Device,NVIDIA A100-SXM4-40GB MIG 4g.20gb (0),1,,13,[CUDA memcpy Host-to-Device]
16955073315,25568,330287,273,1,1,8,4,1,39,0.002,0.000,,,,,NVIDIA A100-SXM4-40GB MIG 4g.20gb (0),1,,13,"void channel_eq::eqMmseCoefCompLowMimoKernel<float, float, float, (unsigned int)4, (unsigned int)1, (unsigned int)4>(const channel_eq::_puschRxChEqStatDescr *, channel_eq::_puschRxChEqCoefCompDynDescr)"
16955584189,26528,330288,273,1,1,12,11,1,51,0.002,0.000,,,,,NVIDIA A100-SXM4-40GB MIG 4g.20gb (0),1,,13,"void channel_eq::eqMmseSoftDemapKernel<float, __half, __half, float, (unsigned int)4, (unsigned short)16383>(channel_eq::_puschRxChEqStatDescr *, channel_eq::_puschRxChEqSoftDemapDynDescr)"
16956107736,723255,330289,1,1,1,32,32,1,30,0.000,0.000,,,,,NVIDIA A100-SXM4-40GB MIG 4g.20gb (0),1,,13,"void convert_kernel<float2, __half2>(tensor_layout_any, T1 *, tensor_layout_any, const T2 *)"
16956857135,16352,330301,2253,1,1,128,1,1,16,0.000,0.000,,,,,NVIDIA A100-SXM4-40GB MIG 4g.20gb (0),1,,13,cupy_copy__float16_float16
16956904911,8768,330310,282,1,1,128,1,1,16,0.000,0.000,,,,,NVIDIA A100-SXM4-40GB MIG 4g.20gb (0),1,,13,cupy_copy__complex64_complex64
16956938990,6272,330319,26,1,1,128,1,1,16,0.000,0.000,,,,,NVIDIA A100-SXM4-40GB MIG 4g.20gb (0),1,,13,cupy_copy__float32_float32
16956972174,12608,330328,103,1,1,128,1,1,16,0.000,0.000,,,,,NVIDIA A100-SXM4-40GB MIG 4g.20gb (0),1,,13,cupy_copy__complex64_complex64
16957028781,18848,330338,1434,1,1,128,1,1,16,0.000,0.000,,,,,NVIDIA A100-SXM4-40GB MIG 4g.20gb (0),1,,13,cupy_copy__complex64_complex64
16957084557,248349,330343,1,1,1,32,32,1,30,0.000,0.000,,,,,NVIDIA A100-SXM4-40GB MIG 4g.20gb (0),1,,13,"void convert_kernel<__half2, float2>(tensor_layout_any, T1 *, tensor_layout_any, const T2 *)"
16957362377,5728,330346,,,,,,,,,,0.094,16357.541,Pinned,Device,NVIDIA A100-SXM4-40GB MIG 4g.20gb (0),1,,13,[CUDA memcpy Host-to-Device]
16957406089,616345,330347,,,,,,,,,,456.561,740542.656,Device,,NVIDIA A100-SXM4-40GB MIG 4g.20gb (0),1,,13,[CUDA memset]
16958026370,65119,330352,,,,,,,,,,1.235,18963.800,Pinned,Device,NVIDIA A100-SXM4-40GB MIG 4g.20gb (0),1,,13,[CUDA memcpy Host-to-Device]
16958097665,12096,330353,,,,,,,,,,0.197,16253.780,Pinned,Device,NVIDIA A100-SXM4-40GB MIG 4g.20gb (0),1,,13,[CUDA memcpy Host-to-Device]
16958222560,26144,330354,69,4,1,48,1,1,76,0.002,0.000,,,,,NVIDIA A100-SXM4-40GB MIG 4g.20gb (0),1,,13,"void ch_est::windowedChEstPreNoDftSOfdmKernel<float, __half, float, (unsigned int)2, (unsigned int)1, (unsigned short)4>(ch_est::puschRxChEstStatDescr_t *, ch_est::puschRxChEstDynDescr_t *)"
16958397118,24512,330355,137,2,1,24,2,1,44,0.001,0.001,,,,,NVIDIA A100-SXM4-40GB MIG 4g.20gb (0),1,,13,"void ch_est::chEstFilterNoDftSOfdmDispatchKernel<float, __half, float, (unsigned int)2>(ch_est::puschRxChEstStatDescr_t *, ch_est::puschRxChEstDynDescr_t *)"
16958557948,31424,330356,137,2,1,24,2,1,44,0.001,0.001,,,,,NVIDIA A100-SXM4-40GB MIG 4g.20gb (0),1,,13,"void ch_est::chEstFilterNoDftSOfdmDispatchKernel<float, __half, float, (unsigned int)2>(ch_est::puschRxChEstStatDescr_t *, ch_est::puschRxChEstDynDescr_t *)"
16958726234,8768,330367,103,1,1,128,1,1,16,0.000,0.000,,,,,NVIDIA A100-SXM4-40GB MIG 4g.20gb (0),1,,13,cupy_copy__complex64_complex64
16958865593,21375,330377,1434,1,1,128,1,1,16,0.000,0.000,,,,,NVIDIA A100-SXM4-40GB MIG 4g.20gb (0),1,,13,cupy_copy__complex64_complex64
16958955576,6080,330384,103,1,1,128,1,1,16,0.000,0.000,,,,,NVIDIA A100-SXM4-40GB MIG 4g.20gb (0),1,,13,cupy_copy__complex64_complex64
16959090934,411483,330391,1,1,1,32,32,1,30,0.000,0.000,,,,,NVIDIA A100-SXM4-40GB MIG 4g.20gb (0),1,,13,"void convert_kernel<__half2, float2>(tensor_layout_any, T1 *, tensor_layout_any, const T2 *)"
16959534161,7328,330394,,,,,,,,,,0.094,12785.944,Pinned,Device,NVIDIA A100-SXM4-40GB MIG 4g.20gb (0),1,,13,[CUDA memcpy Host-to-Device]
16959940621,56447,330395,,,,,,,,,,35.810,634372.733,Device,,NVIDIA A100-SXM4-40GB MIG 4g.20gb (0),1,,13,[CUDA memset]
16960005612,2016,330397,,,,,,,,,,0.000,39.682,Pinned,Device,NVIDIA A100-SXM4-40GB MIG 4g.20gb (0),1,,13,[CUDA memcpy Host-to-Device]
16960011052,11712,330398,,,,,,,,,,0.197,16786.784,Pinned,Device,NVIDIA A100-SXM4-40GB MIG 4g.20gb (0),1,,13,[CUDA memcpy Host-to-Device]
16960419079,30432,330399,273,1,1,48,1,1,40,0.000,0.001,,,,,NVIDIA A100-SXM4-40GB MIG 4g.20gb (0),1,,13,"void pusch_noise_intf_est::noiseIntfEstNoDftSOfdmKernel<float, __half, float, float, (unsigned int)2, (unsigned int)1, (unsigned char)4, (unsigned char)4>(pusch_noise_intf_est::puschRxNoiseIntfEstDynDescr)"
16960846626,7488,330410,35,1,1,128,1,1,16,0.000,0.000,,,,,NVIDIA A100-SXM4-40GB MIG 4g.20gb (0),1,,13,cupy_copy__complex64_complex64
16960920802,4447,330419,1,1,1,1,1,1,18,0.000,0.000,,,,,NVIDIA A100-SXM4-40GB MIG 4g.20gb (0),1,,13,cupy_copy__float32_float32
16960931873,1824,330425,,,,,,,,,,0.000,2.193,Device,Pageable,NVIDIA A100-SXM4-40GB MIG 4g.20gb (0),1,,7,[CUDA memcpy Device-to-Host]
16961245342,18976,330436,1434,1,1,128,1,1,16,0.000,0.000,,,,,NVIDIA A100-SXM4-40GB MIG 4g.20gb (0),1,,13,cupy_copy__complex64_complex64
16961543035,7519,330443,103,1,1,128,1,1,16,0.000,0.000,,,,,NVIDIA A100-SXM4-40GB MIG 4g.20gb (0),1,,13,cupy_copy__complex64_complex64
16961838551,7424,330450,35,1,1,128,1,1,16,0.000,0.000,,,,,NVIDIA A100-SXM4-40GB MIG 4g.20gb (0),1,,13,cupy_copy__complex64_complex64
16961916118,4704,330457,1,1,1,1,1,1,18,0.000,0.000,,,,,NVIDIA A100-SXM4-40GB MIG 4g.20gb (0),1,,13,cupy_copy__float32_float32
16962206643,307677,330468,1,1,1,32,32,1,30,0.000,0.000,,,,,NVIDIA A100-SXM4-40GB MIG 4g.20gb (0),1,,13,"void convert_kernel<__half2, float2>(tensor_layout_any, T1 *, tensor_layout_any, const T2 *)"
16962543631,5440,330471,,,,,,,,,,0.094,17223.480,Pinned,Device,NVIDIA A100-SXM4-40GB MIG 4g.20gb (0),1,,13,[CUDA memcpy Host-to-Device]
16962851916,8064,330472,,,,,,,,,,1.547,191792.202,Device,,NVIDIA A100-SXM4-40GB MIG 4g.20gb (0),1,,13,[CUDA memset]
16962868204,5568,330477,,,,,,,,,,0.031,5620.668,Pinned,Device,NVIDIA A100-SXM4-40GB MIG 4g.20gb (0),1,,13,[CUDA memcpy Host-to-Device]
16962876588,16863,330478,,,,,,,,,,0.197,11659.051,Pinned,Device,NVIDIA A100-SXM4-40GB MIG 4g.20gb (0),1,,13,[CUDA memcpy Host-to-Device]
16963241319,43520,330479,273,1,1,8,4,1,39,0.002,0.000,,,,,NVIDIA A100-SXM4-40GB MIG 4g.20gb (0),1,,13,"void channel_eq::eqMmseCoefCompLowMimoKernel<float, float, float, (unsigned int)4, (unsigned int)1, (unsigned int)4>(const channel_eq::_puschRxChEqStatDescr *, channel_eq::_puschRxChEqCoefCompDynDescr)"
16963437669,29344,330480,273,1,1,12,11,1,51,0.002,0.000,,,,,NVIDIA A100-SXM4-40GB MIG 4g.20gb (0),1,,13,"void channel_eq::eqMmseSoftDemapKernel<float, __half, __half, float, (unsigned int)4, (unsigned short)16383>(channel_eq::_puschRxChEqStatDescr *, channel_eq::_puschRxChEqSoftDemapDynDescr)"
16963599779,863831,330481,1,1,1,32,32,1,30,0.000,0.000,,,,,NVIDIA A100-SXM4-40GB MIG 4g.20gb (0),1,,13,"void convert_kernel<float2, __half2>(tensor_layout_any, T1 *, tensor_layout_any, const T2 *)"
16964576888,16576,330493,2253,1,1,128,1,1,16,0.000,0.000,,,,,NVIDIA A100-SXM4-40GB MIG 4g.20gb (0),1,,13,cupy_copy__float16_float16
16964697239,9760,330502,282,1,1,128,1,1,16,0.000,0.000,,,,,NVIDIA A100-SXM4-40GB MIG 4g.20gb (0),1,,13,cupy_copy__complex64_complex64
16964798806,11008,330511,26,1,1,128,1,1,16,0.000,0.000,,,,,NVIDIA A100-SXM4-40GB MIG 4g.20gb (0),1,,13,cupy_copy__float32_float32
16964885781,12000,330520,103,1,1,128,1,1,16,0.000,0.000,,,,,NVIDIA A100-SXM4-40GB MIG 4g.20gb (0),1,,13,cupy_copy__complex64_complex64
16964938004,18976,330530,1434,1,1,128,1,1,16,0.000,0.000,,,,,NVIDIA A100-SXM4-40GB MIG 4g.20gb (0),1,,13,cupy_copy__complex64_complex64
16964995796,250365,330535,1,1,1,32,32,1,30,0.000,0.000,,,,,NVIDIA A100-SXM4-40GB MIG 4g.20gb (0),1,,13,"void convert_kernel<__half2, float2>(tensor_layout_any, T1 *, tensor_layout_any, const T2 *)"
16965275409,5984,330538,,,,,,,,,,0.094,15657.726,Pinned,Device,NVIDIA A100-SXM4-40GB MIG 4g.20gb (0),1,,13,[CUDA memcpy Host-to-Device]
16965317616,618905,330539,,,,,,,,,,456.561,737346.726,Device,,NVIDIA A100-SXM4-40GB MIG 4g.20gb (0),1,,13,[CUDA memset]
16965940809,65375,330544,,,,,,,,,,1.235,18889.703,Pinned,Device,NVIDIA A100-SXM4-40GB MIG 4g.20gb (0),1,,13,[CUDA memcpy Host-to-Device]
16966008648,16224,330545,,,,,,,,,,0.197,12118.327,Pinned,Device,NVIDIA A100-SXM4-40GB MIG 4g.20gb (0),1,,13,[CUDA memcpy Host-to-Device]
16966071784,28447,330546,69,4,1,48,1,1,76,0.002,0.000,,,,,NVIDIA A100-SXM4-40GB MIG 4g.20gb (0),1,,13,"void ch_est::windowedChEstPreNoDftSOfdmKernel<float, __half, float, (unsigned int)2, (unsigned int)1, (unsigned short)4>(ch_est::puschRxChEstStatDescr_t *, ch_est::puschRxChEstDynDescr_t *)"
16966119367,44416,330547,137,2,1,24,2,1,44,0.001,0.001,,,,,NVIDIA A100-SXM4-40GB MIG 4g.20gb (0),1,,13,"void ch_est::chEstFilterNoDftSOfdmDispatchKernel<float, __half, float, (unsigned int)2>(ch_est::puschRxChEstStatDescr_t *, ch_est::puschRxChEstDynDescr_t *)"
16966210502,39104,330548,137,2,1,24,2,1,44,0.001,0.001,,,,,NVIDIA A100-SXM4-40GB MIG 4g.20gb (0),1,,13,"void ch_est::chEstFilterNoDftSOfdmDispatchKernel<float, __half, float, (unsigned int)2>(ch_est::puschRxChEstStatDescr_t *, ch_est::puschRxChEstDynDescr_t *)"
16966298213,6080,330559,103,1,1,128,1,1,16,0.000,0.000,,,,,NVIDIA A100-SXM4-40GB MIG 4g.20gb (0),1,,13,cupy_copy__complex64_complex64
16966343653,19263,330569,1434,1,1,128,1,1,16,0.000,0.000,,,,,NVIDIA A100-SXM4-40GB MIG 4g.20gb (0),1,,13,cupy_copy__complex64_complex64
16966394532,6720,330576,103,1,1,128,1,1,16,0.000,0.000,,,,,NVIDIA A100-SXM4-40GB MIG 4g.20gb (0),1,,13,cupy_copy__complex64_complex64
16966445731,309341,330583,1,1,1,32,32,1,30,0.000,0.000,,,,,NVIDIA A100-SXM4-40GB MIG 4g.20gb (0),1,,13,"void convert_kernel<__half2, float2>(tensor_layout_any, T1 *, tensor_layout_any, const T2 *)"
16966783648,5376,330586,,,,,,,,,,0.094,17428.487,Pinned,Device,NVIDIA A100-SXM4-40GB MIG 4g.20gb (0),1,,13,[CUDA memcpy Host-to-Device]
16966988285,58304,330587,,,,,,,,,,35.810,614175.938,Device,,NVIDIA A100-SXM4-40GB MIG 4g.20gb (0),1,,13,[CUDA memset]
16967051293,5536,330589,,,,,,,,,,0.000,14.451,Pinned,Device,NVIDIA A100-SXM4-40GB MIG 4g.20gb (0),1,,13,[CUDA memcpy Host-to-Device]
16967059901,17535,330590,,,,,,,,,,0.197,11212.161,Pinned,Device,NVIDIA A100-SXM4-40GB MIG 4g.20gb (0),1,,13,[CUDA memcpy Host-to-Device]
16967402681,37535,330591,273,1,1,48,1,1,40,0.000,0.001,,,,,NVIDIA A100-SXM4-40GB MIG 4g.20gb (0),1,,13,"void pusch_noise_intf_est::noiseIntfEstNoDftSOfdmKernel<float, __half, float, float, (unsigned int)2, (unsigned int)1, (unsigned char)4, (unsigned char)4>(pusch_noise_intf_est::puschRxNoiseIntfEstDynDescr)"
16967820340,4512,330602,35,1,1,128,1,1,16,0.000,0.000,,,,,NVIDIA A100-SXM4-40GB MIG 4g.20gb (0),1,,13,cupy_copy__complex64_complex64
16968124753,4224,330611,1,1,1,1,1,1,18,0.000,0.000,,,,,NVIDIA A100-SXM4-40GB MIG 4g.20gb (0),1,,13,cupy_copy__float32_float32
16968130993,1632,330617,,,,,,,,,,0.000,2.451,Device,Pageable,NVIDIA A100-SXM4-40GB MIG 4g.20gb (0),1,,7,[CUDA memcpy Device-to-Host]
16968540300,19200,330628,1434,1,1,128,1,1,16,0.000,0.000,,,,,NVIDIA A100-SXM4-40GB MIG 4g.20gb (0),1,,13,cupy_copy__complex64_complex64
16968751690,4991,330635,103,1,1,128,1,1,16,0.000,0.000,,,,,NVIDIA A100-SXM4-40GB MIG 4g.20gb (0),1,,13,cupy_copy__complex64_complex64
16969056550,9152,330642,35,1,1,128,1,1,16,0.000,0.000,,,,,NVIDIA A100-SXM4-40GB MIG 4g.20gb (0),1,,13,cupy_copy__complex64_complex64
16969426594,4736,330649,1,1,1,1,1,1,18,0.000,0.000,,,,,NVIDIA A100-SXM4-40GB MIG 4g.20gb (0),1,,13,cupy_copy__float32_float32
16969787710,321148,330660,1,1,1,32,32,1,30,0.000,0.000,,,,,NVIDIA A100-SXM4-40GB MIG 4g.20gb (0),1,,13,"void convert_kernel<__half2, float2>(tensor_layout_any, T1 *, tensor_layout_any, const T2 *)"
16970137978,6144,330663,,,,,,,,,,0.094,15249.961,Pinned,Device,NVIDIA A100-SXM4-40GB MIG 4g.20gb (0),1,,13,[CUDA memcpy Host-to-Device]
16970394519,4992,330664,,,,,,,,,,1.547,309819.720,Device,,NVIDIA A100-SXM4-40GB MIG 4g.20gb (0),1,,13,[CUDA memset]
16970404343,3200,330669,,,,,,,,,,0.031,9780.000,Pinned,Device,NVIDIA A100-SXM4-40GB MIG 4g.20gb (0),1,,13,[CUDA memcpy Host-to-Device]
16970410263,10144,330670,,,,,,,,,,0.197,19381.617,Pinned,Device,NVIDIA A100-SXM4-40GB MIG 4g.20gb (0),1,,13,[CUDA memcpy Host-to-Device]
16970809970,33952,330671,273,1,1,8,4,1,39,0.002,0.000,,,,,NVIDIA A100-SXM4-40GB MIG 4g.20gb (0),1,,13,"void channel_eq::eqMmseCoefCompLowMimoKernel<float, float, float, (unsigned int)4, (unsigned int)1, (unsigned int)4>(const channel_eq::_puschRxChEqStatDescr *, channel_eq::_puschRxChEqCoefCompDynDescr)"
16971018992,15520,330672,273,1,1,12,11,1,51,0.002,0.000,,,,,NVIDIA A100-SXM4-40GB MIG 4g.20gb (0),1,,13,"void channel_eq::eqMmseSoftDemapKernel<float, __half, __half, float, (unsigned int)4, (unsigned short)16383>(channel_eq::_puschRxChEqStatDescr *, channel_eq::_puschRxChEqSoftDemapDynDescr)"
16971190478,670297,330673,1,1,1,32,32,1,30,0.000,0.000,,,,,NVIDIA A100-SXM4-40GB MIG 4g.20gb (0),1,,13,"void convert_kernel<float2, __half2>(tensor_layout_any, T1 *, tensor_layout_any, const T2 *)"
16971889958,15360,330685,2253,1,1,128,1,1,16,0.000,0.000,,,,,NVIDIA A100-SXM4-40GB MIG 4g.20gb (0),1,,13,cupy_copy__float16_float16
16971938150,8896,330694,282,1,1,128,1,1,16,0.000,0.000,,,,,NVIDIA A100-SXM4-40GB MIG 4g.20gb (0),1,,13,cupy_copy__complex64_complex64
16971971461,6432,330703,26,1,1,128,1,1,16,0.000,0.000,,,,,NVIDIA A100-SXM4-40GB MIG 4g.20gb (0),1,,13,cupy_copy__float32_float32
16972006917,14528,330712,103,1,1,128,1,1,16,0.000,0.000,,,,,NVIDIA A100-SXM4-40GB MIG 4g.20gb (0),1,,13,cupy_copy__complex64_complex64
16972097732,19392,330722,1434,1,1,128,1,1,16,0.000,0.000,,,,,NVIDIA A100-SXM4-40GB MIG 4g.20gb (0),1,,13,cupy_copy__complex64_complex64
16972155267,249790,330727,1,1,1,32,32,1,30,0.000,0.000,,,,,NVIDIA A100-SXM4-40GB MIG 4g.20gb (0),1,,13,"void convert_kernel<__half2, float2>(tensor_layout_any, T1 *, tensor_layout_any, const T2 *)"
16972435840,5376,330730,,,,,,,,,,0.094,17428.487,Pinned,Device,NVIDIA A100-SXM4-40GB MIG 4g.20gb (0),1,,13,[CUDA memcpy Host-to-Device]
16972475680,620889,330731,,,,,,,,,,456.561,735063.918,Device,,NVIDIA A100-SXM4-40GB MIG 4g.20gb (0),1,,13,[CUDA memset]
16973100953,62079,330736,,,,,,,,,,1.235,19892.478,Pinned,Device,NVIDIA A100-SXM4-40GB MIG 4g.20gb (0),1,,13,[CUDA memcpy Host-to-Device]
16973169944,11424,330737,,,,,,,,,,0.197,17210.081,Pinned,Device,NVIDIA A100-SXM4-40GB MIG 4g.20gb (0),1,,13,[CUDA memcpy Host-to-Device]
16973295895,23103,330738,69,4,1,48,1,1,76,0.002,0.000,,,,,NVIDIA A100-SXM4-40GB MIG 4g.20gb (0),1,,13,"void ch_est::windowedChEstPreNoDftSOfdmKernel<float, __half, float, (unsigned int)2, (unsigned int)1, (unsigned short)4>(ch_est::puschRxChEstStatDescr_t *, ch_est::puschRxChEstDynDescr_t *)"
16973461909,34079,330739,137,2,1,24,2,1,44,0.001,0.001,,,,,NVIDIA A100-SXM4-40GB MIG 4g.20gb (0),1,,13,"void ch_est::chEstFilterNoDftSOfdmDispatchKernel<float, __half, float, (unsigned int)2>(ch_est::puschRxChEstStatDescr_t *, ch_est::puschRxChEstDynDescr_t *)"
16973635699,13632,330740,137,2,1,24,2,1,44,0.001,0.001,,,,,NVIDIA A100-SXM4-40GB MIG 4g.20gb (0),1,,13,"void ch_est::chEstFilterNoDftSOfdmDispatchKernel<float, __half, float, (unsigned int)2>(ch_est::puschRxChEstStatDescr_t *, ch_est::puschRxChEstDynDescr_t *)"
16973715250,6176,330751,103,1,1,128,1,1,16,0.000,0.000,,,,,NVIDIA A100-SXM4-40GB MIG 4g.20gb (0),1,,13,cupy_copy__complex64_complex64
16973757169,18176,330761,1434,1,1,128,1,1,16,0.000,0.000,,,,,NVIDIA A100-SXM4-40GB MIG 4g.20gb (0),1,,13,cupy_copy__complex64_complex64
16973922095,5792,330768,103,1,1,128,1,1,16,0.000,0.000,,,,,NVIDIA A100-SXM4-40GB MIG 4g.20gb (0),1,,13,cupy_copy__complex64_complex64
16974062702,300797,330775,1,1,1,32,32,1,30,0.000,0.000,,,,,NVIDIA A100-SXM4-40GB MIG 4g.20gb (0),1,,13,"void convert_kernel<__half2, float2>(tensor_layout_any, T1 *, tensor_layout_any, const T2 *)"
16974391594,5728,330778,,,,,,,,,,0.094,16357.541,Pinned,Device,NVIDIA A100-SXM4-40GB MIG 4g.20gb (0),1,,13,[CUDA memcpy Host-to-Device]
16974677063,55423,330779,,,,,,,,,,35.810,646118.387,Device,,NVIDIA A100-SXM4-40GB MIG 4g.20gb (0),1,,13,[CUDA memset]
16974733830,2240,330781,,,,,,,,,,0.000,35.714,Pinned,Device,NVIDIA A100-SXM4-40GB MIG 4g.20gb (0),1,,13,[CUDA memcpy Host-to-Device]
16974741862,16992,330782,,,,,,,,,,0.197,11570.577,Pinned,Device,NVIDIA A100-SXM4-40GB MIG 4g.20gb (0),1,,13,[CUDA memcpy Host-to-Device]
16975147362,27487,330783,273,1,1,48,1,1,40,0.000,0.001,,,,,NVIDIA A100-SXM4-40GB MIG 4g.20gb (0),1,,13,"void pusch_noise_intf_est::noiseIntfEstNoDftSOfdmKernel<float, __half, float, float, (unsigned int)2, (unsigned int)1, (unsigned char)4, (unsigned char)4>(pusch_noise_intf_est::puschRxNoiseIntfEstDynDescr)"
16975558205,10080,330794,35,1,1,128,1,1,16,0.000,0.000,,,,,NVIDIA A100-SXM4-40GB MIG 4g.20gb (0),1,,13,cupy_copy__complex64_complex64
16975929529,4704,330803,1,1,1,1,1,1,18,0.000,0.000,,,,,NVIDIA A100-SXM4-40GB MIG 4g.20gb (0),1,,13,cupy_copy__float32_float32
16975939865,1760,330809,,,,,,,,,,0.000,2.273,Device,Pageable,NVIDIA A100-SXM4-40GB MIG 4g.20gb (0),1,,7,[CUDA memcpy Device-to-Host]
16976383764,18048,330820,1434,1,1,128,1,1,16,0.000,0.000,,,,,NVIDIA A100-SXM4-40GB MIG 4g.20gb (0),1,,13,cupy_copy__complex64_complex64
16976764848,5983,330827,103,1,1,128,1,1,16,0.000,0.000,,,,,NVIDIA A100-SXM4-40GB MIG 4g.20gb (0),1,,13,cupy_copy__complex64_complex64
16977025485,10367,330834,35,1,1,128,1,1,16,0.000,0.000,,,,,NVIDIA A100-SXM4-40GB MIG 4g.20gb (0),1,,13,cupy_copy__complex64_complex64
16977117100,4384,330841,1,1,1,1,1,1,18,0.000,0.000,,,,,NVIDIA A100-SXM4-40GB MIG 4g.20gb (0),1,,13,cupy_copy__float32_float32
16977321353,307069,330852,1,1,1,32,32,1,30,0.000,0.000,,,,,NVIDIA A100-SXM4-40GB MIG 4g.20gb (0),1,,13,"void convert_kernel<__half2, float2>(tensor_layout_any, T1 *, tensor_layout_any, const T2 *)"
16977657638,5631,330855,,,,,,,,,,0.094,16639.285,Pinned,Device,NVIDIA A100-SXM4-40GB MIG 4g.20gb (0),1,,13,[CUDA memcpy Host-to-Device]
16977902211,10720,330856,,,,,,,,,,1.547,144273.727,Device,,NVIDIA A100-SXM4-40GB MIG 4g.20gb (0),1,,13,[CUDA memset]
16977920131,3712,330861,,,,,,,,,,0.031,8431.017,Pinned,Device,NVIDIA A100-SXM4-40GB MIG 4g.20gb (0),1,,13,[CUDA memcpy Host-to-Device]
16977930946,12544,330862,,,,,,,,,,0.197,15673.393,Pinned,Device,NVIDIA A100-SXM4-40GB MIG 4g.20gb (0),1,,13,[CUDA memcpy Host-to-Device]
16977986018,57055,330863,273,1,1,8,4,1,39,0.002,0.000,,,,,NVIDIA A100-SXM4-40GB MIG 4g.20gb (0),1,,13,"void channel_eq::eqMmseCoefCompLowMimoKernel<float, float, float, (unsigned int)4, (unsigned int)1, (unsigned int)4>(const channel_eq::_puschRxChEqStatDescr *, channel_eq::_puschRxChEqCoefCompDynDescr)"
16978122080,35488,330864,273,1,1,12,11,1,51,0.002,0.000,,,,,NVIDIA A100-SXM4-40GB MIG 4g.20gb (0),1,,13,"void channel_eq::eqMmseSoftDemapKernel<float, __half, __half, float, (unsigned int)4, (unsigned short)16383>(channel_eq::_puschRxChEqStatDescr *, channel_eq::_puschRxChEqSoftDemapDynDescr)"
16978176000,574841,330865,1,1,1,32,32,1,30,0.000,0.000,,,,,NVIDIA A100-SXM4-40GB MIG 4g.20gb (0),1,,13,"void convert_kernel<float2, __half2>(tensor_layout_any, T1 *, tensor_layout_any, const T2 *)"
16978785017,16224,330877,2253,1,1,128,1,1,16,0.000,0.000,,,,,NVIDIA A100-SXM4-40GB MIG 4g.20gb (0),1,,13,cupy_copy__float16_float16
16978833656,9152,330886,282,1,1,128,1,1,16,0.000,0.000,,,,,NVIDIA A100-SXM4-40GB MIG 4g.20gb (0),1,,13,cupy_copy__complex64_complex64
16978927639,6144,330895,26,1,1,128,1,1,16,0.000,0.000,,,,,NVIDIA A100-SXM4-40GB MIG 4g.20gb (0),1,,13,cupy_copy__float32_float32
16979101909,6816,330904,103,1,1,128,1,1,16,0.000,0.000,,,,,NVIDIA A100-SXM4-40GB MIG 4g.20gb (0),1,,13,cupy_copy__complex64_complex64
16979206644,19968,330914,1434,1,1,128,1,1,16,0.000,0.000,,,,,NVIDIA A100-SXM4-40GB MIG 4g.20gb (0),1,,13,cupy_copy__complex64_complex64
16979362706,313661,330919,1,1,1,32,32,1,30,0.000,0.000,,,,,NVIDIA A100-SXM4-40GB MIG 4g.20gb (0),1,,13,"void convert_kernel<__half2, float2>(tensor_layout_any, T1 *, tensor_layout_any, const T2 *)"
16979705167,13535,330922,,,,,,,,,,0.094,6922.448,Pinned,Device,NVIDIA A100-SXM4-40GB MIG 4g.20gb (0),1,,13,[CUDA memcpy Host-to-Device]
16979809645,619673,330923,,,,,,,,,,456.561,736433.603,Device,,NVIDIA A100-SXM4-40GB MIG 4g.20gb (0),1,,13,[CUDA memset]
16980433382,63776,330928,,,,,,,,,,1.235,19362.687,Pinned,Device,NVIDIA A100-SXM4-40GB MIG 4g.20gb (0),1,,13,[CUDA memcpy Host-to-Device]
16980501254,12735,330929,,,,,,,,,,0.197,15438.250,Pinned,Device,NVIDIA A100-SXM4-40GB MIG 4g.20gb (0),1,,13,[CUDA memcpy Host-to-Device]
16980611172,23616,330930,69,4,1,48,1,1,76,0.002,0.000,,,,,NVIDIA A100-SXM4-40GB MIG 4g.20gb (0),1,,13,"void ch_est::windowedChEstPreNoDftSOfdmKernel<float, __half, float, (unsigned int)2, (unsigned int)1, (unsigned short)4>(ch_est::puschRxChEstStatDescr_t *, ch_est::puschRxChEstDynDescr_t *)"
16980809122,24000,330931,137,2,1,24,2,1,44,0.001,0.001,,,,,NVIDIA A100-SXM4-40GB MIG 4g.20gb (0),1,,13,"void ch_est::chEstFilterNoDftSOfdmDispatchKernel<float, __half, float, (unsigned int)2>(ch_est::puschRxChEstStatDescr_t *, ch_est::puschRxChEstDynDescr_t *)"
16980949953,31487,330932,137,2,1,24,2,1,44,0.001,0.001,,,,,NVIDIA A100-SXM4-40GB MIG 4g.20gb (0),1,,13,"void ch_est::chEstFilterNoDftSOfdmDispatchKernel<float, __half, float, (unsigned int)2>(ch_est::puschRxChEstStatDescr_t *, ch_est::puschRxChEstDynDescr_t *)"
16981143518,6496,330943,103,1,1,128,1,1,16,0.000,0.000,,,,,NVIDIA A100-SXM4-40GB MIG 4g.20gb (0),1,,13,cupy_copy__complex64_complex64
16981292253,18207,330953,1434,1,1,128,1,1,16,0.000,0.000,,,,,NVIDIA A100-SXM4-40GB MIG 4g.20gb (0),1,,13,cupy_copy__complex64_complex64
16981379388,6336,330960,103,1,1,128,1,1,16,0.000,0.000,,,,,NVIDIA A100-SXM4-40GB MIG 4g.20gb (0),1,,13,cupy_copy__complex64_complex64
16981523674,276317,330967,1,1,1,32,32,1,30,0.000,0.000,,,,,NVIDIA A100-SXM4-40GB MIG 4g.20gb (0),1,,13,"void convert_kernel<__half2, float2>(tensor_layout_any, T1 *, tensor_layout_any, const T2 *)"
16981827927,5440,330970,,,,,,,,,,0.094,17223.480,Pinned,Device,NVIDIA A100-SXM4-40GB MIG 4g.20gb (0),1,,13,[CUDA memcpy Host-to-Device]
16981875574,58975,330971,,,,,,,,,,35.810,607193.004,Device,,NVIDIA A100-SXM4-40GB MIG 4g.20gb (0),1,,13,[CUDA memset]
16981941749,1952,330973,,,,,,,,,,0.000,40.984,Pinned,Device,NVIDIA A100-SXM4-40GB MIG 4g.20gb (0),1,,13,[CUDA memcpy Host-to-Device]
16981946165,10144,330974,,,,,,,,,,0.197,19381.617,Pinned,Device,NVIDIA A100-SXM4-40GB MIG 4g.20gb (0),1,,13,[CUDA memcpy Host-to-Device]
16982001205,38527,330975,273,1,1,48,1,1,40,0.000,0.001,,,,,NVIDIA A100-SXM4-40GB MIG 4g.20gb (0),1,,13,"void pusch_noise_intf_est::noiseIntfEstNoDftSOfdmKernel<float, __half, float, float, (unsigned int)2, (unsigned int)1, (unsigned char)4, (unsigned char)4>(pusch_noise_intf_est::puschRxNoiseIntfEstDynDescr)"
16982081300,11552,330986,35,1,1,128,1,1,16,0.000,0.000,,,,,NVIDIA A100-SXM4-40GB MIG 4g.20gb (0),1,,13,cupy_copy__complex64_complex64
16982118771,3136,330995,1,1,1,1,1,1,18,0.000,0.000,,,,,NVIDIA A100-SXM4-40GB MIG 4g.20gb (0),1,,13,cupy_copy__float32_float32
16982130195,1920,331001,,,,,,,,,,0.000,2.083,Device,Pageable,NVIDIA A100-SXM4-40GB MIG 4g.20gb (0),1,,7,[CUDA memcpy Device-to-Host]
16982200914,16672,331012,1434,1,1,128,1,1,16,0.000,0.000,,,,,NVIDIA A100-SXM4-40GB MIG 4g.20gb (0),1,,13,cupy_copy__complex64_complex64
16982291729,6592,331019,103,1,1,128,1,1,16,0.000,0.000,,,,,NVIDIA A100-SXM4-40GB MIG 4g.20gb (0),1,,13,cupy_copy__complex64_complex64
16982336049,11264,331026,35,1,1,128,1,1,16,0.000,0.000,,,,,NVIDIA A100-SXM4-40GB MIG 4g.20gb (0),1,,13,cupy_copy__complex64_complex64
16982396464,12160,331033,1,1,1,1,1,1,18,0.000,0.000,,,,,NVIDIA A100-SXM4-40GB MIG 4g.20gb (0),1,,13,cupy_copy__float32_float32
16982468207,243486,331044,1,1,1,32,32,1,30,0.000,0.000,,,,,NVIDIA A100-SXM4-40GB MIG 4g.20gb (0),1,,13,"void convert_kernel<__half2, float2>(tensor_layout_any, T1 *, tensor_layout_any, const T2 *)"
16982739308,5600,331047,,,,,,,,,,0.094,16731.388,Pinned,Device,NVIDIA A100-SXM4-40GB MIG 4g.20gb (0),1,,13,[CUDA memcpy Host-to-Device]
16982775916,11648,331048,,,,,,,,,,1.547,132779.217,Device,,NVIDIA A100-SXM4-40GB MIG 4g.20gb (0),1,,13,[CUDA memset]
16982788780,3008,331053,,,,,,,,,,0.031,10404.230,Pinned,Device,NVIDIA A100-SXM4-40GB MIG 4g.20gb (0),1,,13,[CUDA memcpy Host-to-Device]
16982794316,13152,331054,,,,,,,,,,0.197,14948.893,Pinned,Device,NVIDIA A100-SXM4-40GB MIG 4g.20gb (0),1,,13,[CUDA memcpy Host-to-Device]
16982845995,51392,331055,273,1,1,8,4,1,39,0.002,0.000,,,,,NVIDIA A100-SXM4-40GB MIG 4g.20gb (0),1,,13,"void channel_eq::eqMmseCoefCompLowMimoKernel<float, float, float, (unsigned int)4, (unsigned int)1, (unsigned int)4>(const channel_eq::_puschRxChEqStatDescr *, channel_eq::_puschRxChEqCoefCompDynDescr)"
16982992490,37663,331056,273,1,1,12,11,1,51,0.002,0.000,,,,,NVIDIA A100-SXM4-40GB MIG 4g.20gb (0),1,,13,"void channel_eq::eqMmseSoftDemapKernel<float, __half, __half, float, (unsigned int)4, (unsigned short)16383>(channel_eq::_puschRxChEqStatDescr *, channel_eq::_puschRxChEqSoftDemapDynDescr)"
16983081961,777303,331057,1,1,1,32,32,1,30,0.000,0.000,,,,,NVIDIA A100-SXM4-40GB MIG 4g.20gb (0),1,,13,"void convert_kernel<float2, __half2>(tensor_layout_any, T1 *, tensor_layout_any, const T2 *)"
16983981342,18752,331069,2253,1,1,128,1,1,16,0.000,0.000,,,,,NVIDIA A100-SXM4-40GB MIG 4g.20gb (0),1,,13,cupy_copy__float16_float16
16984107517,12000,331078,282,1,1,128,1,1,16,0.000,0.000,,,,,NVIDIA A100-SXM4-40GB MIG 4g.20gb (0),1,,13,cupy_copy__complex64_complex64
16984193596,8256,331087,26,1,1,128,1,1,16,0.000,0.000,,,,,NVIDIA A100-SXM4-40GB MIG 4g.20gb (0),1,,13,cupy_copy__float32_float32
16984352378,12512,331096,103,1,1,128,1,1,16,0.000,0.000,,,,,NVIDIA A100-SXM4-40GB MIG 4g.20gb (0),1,,13,cupy_copy__complex64_complex64
16984476665,18880,331106,1434,1,1,128,1,1,16,0.000,0.000,,,,,NVIDIA A100-SXM4-40GB MIG 4g.20gb (0),1,,13,cupy_copy__complex64_complex64
16984605527,349341,331111,1,1,1,32,32,1,30,0.000,0.000,,,,,NVIDIA A100-SXM4-40GB MIG 4g.20gb (0),1,,13,"void convert_kernel<__half2, float2>(tensor_layout_any, T1 *, tensor_layout_any, const T2 *)"
16984984755,5408,331114,,,,,,,,,,0.094,17325.421,Pinned,Device,NVIDIA A100-SXM4-40GB MIG 4g.20gb (0),1,,13,[CUDA memcpy Host-to-Device]
16985039923,614265,331115,,,,,,,,,,456.561,742825.463,Device,,NVIDIA A100-SXM4-40GB MIG 4g.20gb (0),1,,13,[CUDA memset]
16985658380,65215,331120,,,,,,,,,,1.235,18935.396,Pinned,Device,NVIDIA A100-SXM4-40GB MIG 4g.20gb (0),1,,13,[CUDA memcpy Host-to-Device]
16985734923,16672,331121,,,,,,,,,,0.197,11792.548,Pinned,Device,NVIDIA A100-SXM4-40GB MIG 4g.20gb (0),1,,13,[CUDA memcpy Host-to-Device]
16985786666,30560,331122,69,4,1,48,1,1,76,0.002,0.000,,,,,NVIDIA A100-SXM4-40GB MIG 4g.20gb (0),1,,13,"void ch_est::windowedChEstPreNoDftSOfdmKernel<float, __half, float, (unsigned int)2, (unsigned int)1, (unsigned short)4>(ch_est::puschRxChEstStatDescr_t *, ch_est::puschRxChEstDynDescr_t *)"
16985876521,32704,331123,137,2,1,24,2,1,44,0.001,0.001,,,,,NVIDIA A100-SXM4-40GB MIG 4g.20gb (0),1,,13,"void ch_est::chEstFilterNoDftSOfdmDispatchKernel<float, __half, float, (unsigned int)2>(ch_est::puschRxChEstStatDescr_t *, ch_est::puschRxChEstDynDescr_t *)"
16985926537,29535,331124,137,2,1,24,2,1,44,0.001,0.001,,,,,NVIDIA A100-SXM4-40GB MIG 4g.20gb (0),1,,13,"void ch_est::chEstFilterNoDftSOfdmDispatchKernel<float, __half, float, (unsigned int)2>(ch_est::puschRxChEstStatDescr_t *, ch_est::puschRxChEstDynDescr_t *)"
16985974376,6432,331135,103,1,1,128,1,1,16,0.000,0.000,,,,,NVIDIA A100-SXM4-40GB MIG 4g.20gb (0),1,,13,cupy_copy__complex64_complex64
16986019912,17375,331145,1434,1,1,128,1,1,16,0.000,0.000,,,,,NVIDIA A100-SXM4-40GB MIG 4g.20gb (0),1,,13,cupy_copy__complex64_complex64
16986069159,6144,331152,103,1,1,128,1,1,16,0.000,0.000,,,,,NVIDIA A100-SXM4-40GB MIG 4g.20gb (0),1,,13,cupy_copy__complex64_complex64
16986119910,250398,331159,1,1,1,32,32,1,30,0.000,0.000,,,,,NVIDIA A100-SXM4-40GB MIG 4g.20gb (0),1,,13,"void convert_kernel<__half2, float2>(tensor_layout_any, T1 *, tensor_layout_any, const T2 *)"
16986397955,5536,331162,,,,,,,,,,0.094,16924.777,Pinned,Device,NVIDIA A100-SXM4-40GB MIG 4g.20gb (0),1,,13,[CUDA memcpy Host-to-Device]
16986468963,59839,331163,,,,,,,,,,35.810,598419.573,Device,,NVIDIA A100-SXM4-40GB MIG 4g.20gb (0),1,,13,[CUDA memset]
16986534402,1824,331165,,,,,,,,,,0.000,43.860,Pinned,Device,NVIDIA A100-SXM4-40GB MIG 4g.20gb (0),1,,13,[CUDA memcpy Host-to-Device]
16986542658,12320,331166,,,,,,,,,,0.197,15958.278,Pinned,Device,NVIDIA A100-SXM4-40GB MIG 4g.20gb (0),1,,13,[CUDA memcpy Host-to-Device]
16986594113,45120,331167,273,1,1,48,1,1,40,0.000,0.001,,,,,NVIDIA A100-SXM4-40GB MIG 4g.20gb (0),1,,13,"void pusch_noise_intf_est::noiseIntfEstNoDftSOfdmKernel<float, __half, float, float, (unsigned int)2, (unsigned int)1, (unsigned char)4, (unsigned char)4>(pusch_noise_intf_est::puschRxNoiseIntfEstDynDescr)"
16986675040,11648,331178,35,1,1,128,1,1,16,0.000,0.000,,,,,NVIDIA A100-SXM4-40GB MIG 4g.20gb (0),1,,13,cupy_copy__complex64_complex64
16986710880,4224,331187,1,1,1,1,1,1,18,0.000,0.000,,,,,NVIDIA A100-SXM4-40GB MIG 4g.20gb (0),1,,13,cupy_copy__float32_float32
16986716928,1600,331193,,,,,,,,,,0.000,2.500,Device,Pageable,NVIDIA A100-SXM4-40GB MIG 4g.20gb (0),1,,7,[CUDA memcpy Device-to-Host]
16986850462,20480,331204,1434,1,1,128,1,1,16,0.000,0.000,,,,,NVIDIA A100-SXM4-40GB MIG 4g.20gb (0),1,,13,cupy_copy__complex64_complex64
16986976445,15008,331211,103,1,1,128,1,1,16,0.000,0.000,,,,,NVIDIA A100-SXM4-40GB MIG 4g.20gb (0),1,,13,cupy_copy__complex64_complex64
16987067580,8704,331218,35,1,1,128,1,1,16,0.000,0.000,,,,,NVIDIA A100-SXM4-40GB MIG 4g.20gb (0),1,,13,cupy_copy__complex64_complex64
16987194714,4160,331225,1,1,1,1,1,1,18,0.000,0.000,,,,,NVIDIA A100-SXM4-40GB MIG 4g.20gb (0),1,,13,cupy_copy__float32_float32
16987235034,337820,331236,1,1,1,32,32,1,30,0.000,0.000,,,,,NVIDIA A100-SXM4-40GB MIG 4g.20gb (0),1,,13,"void convert_kernel<__half2, float2>(tensor_layout_any, T1 *, tensor_layout_any, const T2 *)"
16987601494,13120,331239,,,,,,,,,,0.094,7141.415,Pinned,Device,NVIDIA A100-SXM4-40GB MIG 4g.20gb (0),1,,13,[CUDA memcpy Host-to-Device]
16987758100,10688,331240,,,,,,,,,,1.547,144705.235,Device,,NVIDIA A100-SXM4-40GB MIG 4g.20gb (0),1,,13,[CUDA memset]
16987776404,3584,331245,,,,,,,,,,0.031,8732.116,Pinned,Device,NVIDIA A100-SXM4-40GB MIG 4g.20gb (0),1,,13,[CUDA memcpy Host-to-Device]
16987782676,14080,331246,,,,,,,,,,0.197,13963.493,Pinned,Device,NVIDIA A100-SXM4-40GB MIG 4g.20gb (0),1,,13,[CUDA memcpy Host-to-Device]
16987926066,39648,331247,273,1,1,8,4,1,39,0.002,0.000,,,,,NVIDIA A100-SXM4-40GB MIG 4g.20gb (0),1,,13,"void channel_eq::eqMmseCoefCompLowMimoKernel<float, float, float, (unsigned int)4, (unsigned int)1, (unsigned int)4>(const channel_eq::_puschRxChEqStatDescr *, channel_eq::_puschRxChEqCoefCompDynDescr)"
16988130672,37727,331248,273,1,1,12,11,1,51,0.002,0.000,,,,,NVIDIA A100-SXM4-40GB MIG 4g.20gb (0),1,,13,"void channel_eq::eqMmseSoftDemapKernel<float, __half, __half, float, (unsigned int)4, (unsigned short)16383>(channel_eq::_puschRxChEqStatDescr *, channel_eq::_puschRxChEqSoftDemapDynDescr)"
16988309294,724568,331249,1,1,1,32,32,1,30,0.000,0.000,,,,,NVIDIA A100-SXM4-40GB MIG 4g.20gb (0),1,,13,"void convert_kernel<float2, __half2>(tensor_layout_any, T1 *, tensor_layout_any, const T2 *)"
16989088485,16000,331261,2253,1,1,128,1,1,16,0.000,0.000,,,,,NVIDIA A100-SXM4-40GB MIG 4g.20gb (0),1,,13,cupy_copy__float16_float16
16989135685,8415,331270,282,1,1,128,1,1,16,0.000,0.000,,,,,NVIDIA A100-SXM4-40GB MIG 4g.20gb (0),1,,13,cupy_copy__complex64_complex64
16989170628,6400,331279,26,1,1,128,1,1,16,0.000,0.000,,,,,NVIDIA A100-SXM4-40GB MIG 4g.20gb (0),1,,13,cupy_copy__float32_float32
16989203428,15616,331288,103,1,1,128,1,1,16,0.000,0.000,,,,,NVIDIA A100-SXM4-40GB MIG 4g.20gb (0),1,,13,cupy_copy__complex64_complex64
16989302371,19071,331298,1434,1,1,128,1,1,16,0.000,0.000,,,,,NVIDIA A100-SXM4-40GB MIG 4g.20gb (0),1,,13,cupy_copy__complex64_complex64
16989357602,259261,331303,1,1,1,32,32,1,30,0.000,0.000,,,,,NVIDIA A100-SXM4-40GB MIG 4g.20gb (0),1,,13,"void convert_kernel<__half2, float2>(tensor_layout_any, T1 *, tensor_layout_any, const T2 *)"
16989644319,5664,331306,,,,,,,,,,0.094,16542.310,Pinned,Device,NVIDIA A100-SXM4-40GB MIG 4g.20gb (0),1,,13,[CUDA memcpy Host-to-Device]
16989701854,616345,331307,,,,,,,,,,456.561,740542.656,Device,,NVIDIA A100-SXM4-40GB MIG 4g.20gb (0),1,,13,[CUDA memset]
16990325143,63455,331312,,,,,,,,,,1.235,19461.482,Pinned,Device,NVIDIA A100-SXM4-40GB MIG 4g.20gb (0),1,,13,[CUDA memcpy Host-to-Device]
16990395318,13856,331313,,,,,,,,,,0.197,14189.199,Pinned,Device,NVIDIA A100-SXM4-40GB MIG 4g.20gb (0),1,,13,[CUDA memcpy Host-to-Device]
16990520885,22400,331314,69,4,1,48,1,1,76,0.002,0.000,,,,,NVIDIA A100-SXM4-40GB MIG 4g.20gb (0),1,,13,"void ch_est::windowedChEstPreNoDftSOfdmKernel<float, __half, float, (unsigned int)2, (unsigned int)1, (unsigned short)4>(ch_est::puschRxChEstStatDescr_t *, ch_est::puschRxChEstDynDescr_t *)"
16990665875,26816,331315,137,2,1,24,2,1,44,0.001,0.001,,,,,NVIDIA A100-SXM4-40GB MIG 4g.20gb (0),1,,13,"void ch_est::chEstFilterNoDftSOfdmDispatchKernel<float, __half, float, (unsigned int)2>(ch_est::puschRxChEstStatDescr_t *, ch_est::puschRxChEstDynDescr_t *)"
16990810002,18976,331316,137,2,1,24,2,1,44,0.001,0.001,,,,,NVIDIA A100-SXM4-40GB MIG 4g.20gb (0),1,,13,"void ch_est::chEstFilterNoDftSOfdmDispatchKernel<float, __half, float, (unsigned int)2>(ch_est::puschRxChEstStatDescr_t *, ch_est::puschRxChEstDynDescr_t *)"
16990890033,6080,331327,103,1,1,128,1,1,16,0.000,0.000,,,,,NVIDIA A100-SXM4-40GB MIG 4g.20gb (0),1,,13,cupy_copy__complex64_complex64
16990932400,18976,331337,1434,1,1,128,1,1,16,0.000,0.000,,,,,NVIDIA A100-SXM4-40GB MIG 4g.20gb (0),1,,13,cupy_copy__complex64_complex64
16991060239,6016,331344,103,1,1,128,1,1,16,0.000,0.000,,,,,NVIDIA A100-SXM4-40GB MIG 4g.20gb (0),1,,13,cupy_copy__complex64_complex64
16991192685,336477,331351,1,1,1,32,32,1,30,0.000,0.000,,,,,NVIDIA A100-SXM4-40GB MIG 4g.20gb (0),1,,13,"void convert_kernel<__half2, float2>(tensor_layout_any, T1 *, tensor_layout_any, const T2 *)"
16991559593,10016,331354,,,,,,,,,,0.094,9354.609,Pinned,Device,NVIDIA A100-SXM4-40GB MIG 4g.20gb (0),1,,13,[CUDA memcpy Host-to-Device]
16991699688,59327,331355,,,,,,,,,,35.810,603576.202,Device,,NVIDIA A100-SXM4-40GB MIG 4g.20gb (0),1,,13,[CUDA memset]
16991766471,5184,331357,,,,,,,,,,0.000,15.432,Pinned,Device,NVIDIA A100-SXM4-40GB MIG 4g.20gb (0),1,,13,[CUDA memcpy Host-to-Device]
16991775047,16352,331358,,,,,,,,,,0.197,12023.366,Pinned,Device,NVIDIA A100-SXM4-40GB MIG 4g.20gb (0),1,,13,[CUDA memcpy Host-to-Device]
16991935877,37056,331359,273,1,1,48,1,1,40,0.000,0.001,,,,,NVIDIA A100-SXM4-40GB MIG 4g.20gb (0),1,,13,"void pusch_noise_intf_est::noiseIntfEstNoDftSOfdmKernel<float, __half, float, float, (unsigned int)2, (unsigned int)1, (unsigned char)4, (unsigned char)4>(pusch_noise_intf_est::puschRxNoiseIntfEstDynDescr)"
16992107491,10528,331370,35,1,1,128,1,1,16,0.000,0.000,,,,,NVIDIA A100-SXM4-40GB MIG 4g.20gb (0),1,,13,cupy_copy__complex64_complex64
16992231394,3296,331379,1,1,1,1,1,1,18,0.000,0.000,,,,,NVIDIA A100-SXM4-40GB MIG 4g.20gb (0),1,,13,cupy_copy__float32_float32
16992244962,1728,331385,,,,,,,,,,0.000,2.315,Device,Pageable,NVIDIA A100-SXM4-40GB MIG 4g.20gb (0),1,,7,[CUDA memcpy Device-to-Host]
16992336865,16703,331396,1434,1,1,128,1,1,16,0.000,0.000,,,,,NVIDIA A100-SXM4-40GB MIG 4g.20gb (0),1,,13,cupy_copy__complex64_complex64
16992385472,7200,331403,103,1,1,128,1,1,16,0.000,0.000,,,,,NVIDIA A100-SXM4-40GB MIG 4g.20gb (0),1,,13,cupy_copy__complex64_complex64
16992429504,11711,331410,35,1,1,128,1,1,16,0.000,0.000,,,,,NVIDIA A100-SXM4-40GB MIG 4g.20gb (0),1,,13,cupy_copy__complex64_complex64
16992486271,10464,331417,1,1,1,1,1,1,18,0.000,0.000,,,,,NVIDIA A100-SXM4-40GB MIG 4g.20gb (0),1,,13,cupy_copy__float32_float32
16992553950,244989,331428,1,1,1,32,32,1,30,0.000,0.000,,,,,NVIDIA A100-SXM4-40GB MIG 4g.20gb (0),1,,13,"void convert_kernel<__half2, float2>(tensor_layout_any, T1 *, tensor_layout_any, const T2 *)"
16992827675,5888,331431,,,,,,,,,,0.094,15912.954,Pinned,Device,NVIDIA A100-SXM4-40GB MIG 4g.20gb (0),1,,13,[CUDA memcpy Host-to-Device]
16992900570,10048,331432,,,,,,,,,,1.547,153923.114,Device,,NVIDIA A100-SXM4-40GB MIG 4g.20gb (0),1,,13,[CUDA memset]
16992914778,6080,331437,,,,,,,,,,0.031,5147.347,Pinned,Device,NVIDIA A100-SXM4-40GB MIG 4g.20gb (0),1,,13,[CUDA memcpy Host-to-Device]
16992927258,12736,331438,,,,,,,,,,0.197,15437.070,Pinned,Device,NVIDIA A100-SXM4-40GB MIG 4g.20gb (0),1,,13,[CUDA memcpy Host-to-Device]
16992973369,46848,331439,273,1,1,8,4,1,39,0.002,0.000,,,,,NVIDIA A100-SXM4-40GB MIG 4g.20gb (0),1,,13,"void channel_eq::eqMmseCoefCompLowMimoKernel<float, float, float, (unsigned int)4, (unsigned int)1, (unsigned int)4>(const channel_eq::_puschRxChEqStatDescr *, channel_eq::_puschRxChEqCoefCompDynDescr)"
16993106968,36352,331440,273,1,1,12,11,1,51,0.002,0.000,,,,,NVIDIA A100-SXM4-40GB MIG 4g.20gb (0),1,,13,"void channel_eq::eqMmseSoftDemapKernel<float, __half, __half, float, (unsigned int)4, (unsigned short)16383>(channel_eq::_puschRxChEqStatDescr *, channel_eq::_puschRxChEqSoftDemapDynDescr)"
16993196791,608025,331441,1,1,1,32,32,1,30,0.000,0.000,,,,,NVIDIA A100-SXM4-40GB MIG 4g.20gb (0),1,,13,"void convert_kernel<float2, __half2>(tensor_layout_any, T1 *, tensor_layout_any, const T2 *)"
16993836496,16800,331453,2253,1,1,128,1,1,16,0.000,0.000,,,,,NVIDIA A100-SXM4-40GB MIG 4g.20gb (0),1,,13,cupy_copy__float16_float16
16993946639,6431,331462,282,1,1,128,1,1,16,0.000,0.000,,,,,NVIDIA A100-SXM4-40GB MIG 4g.20gb (0),1,,13,cupy_copy__complex64_complex64
16994149580,3296,331471,26,1,1,128,1,1,16,0.000,0.000,,,,,NVIDIA A100-SXM4-40GB MIG 4g.20gb (0),1,,13,cupy_copy__float32_float32
16994224747,12224,331480,103,1,1,128,1,1,16,0.000,0.000,,,,,NVIDIA A100-SXM4-40GB MIG 4g.20gb (0),1,,13,cupy_copy__complex64_complex64
16994394121,19232,331490,1434,1,1,128,1,1,16,0.000,0.000,,,,,NVIDIA A100-SXM4-40GB MIG 4g.20gb (0),1,,13,cupy_copy__complex64_complex64
16994450889,297693,331495,1,1,1,32,32,1,30,0.000,0.000,,,,,NVIDIA A100-SXM4-40GB MIG 4g.20gb (0),1,,13,"void convert_kernel<__half2, float2>(tensor_layout_any, T1 *, tensor_layout_any, const T2 *)"
16994780645,8576,331498,,,,,,,,,,0.094,10925.328,Pinned,Device,NVIDIA A100-SXM4-40GB MIG 4g.20gb (0),1,,13,[CUDA memcpy Host-to-Device]
16994882052,619673,331499,,,,,,,,,,456.561,736433.603,Device,,NVIDIA A100-SXM4-40GB MIG 4g.20gb (0),1,,13,[CUDA memset]
16995509565,69087,331504,,,,,,,,,,1.235,17874.579,Pinned,Device,NVIDIA A100-SXM4-40GB MIG 4g.20gb (0),1,,13,[CUDA memcpy Host-to-Device]
16995586300,17344,331505,,,,,,,,,,0.197,11335.631,Pinned,Device,NVIDIA A100-SXM4-40GB MIG 4g.20gb (0),1,,13,[CUDA memcpy Host-to-Device]
16995710875,22367,331506,69,4,1,48,1,1,76,0.002,0.000,,,,,NVIDIA A100-SXM4-40GB MIG 4g.20gb (0),1,,13,"void ch_est::windowedChEstPreNoDftSOfdmKernel<float, __half, float, (unsigned int)2, (unsigned int)1, (unsigned short)4>(ch_est::puschRxChEstStatDescr_t *, ch_est::puschRxChEstDynDescr_t *)"
16995930104,20960,331507,137,2,1,24,2,1,44,0.001,0.001,,,,,NVIDIA A100-SXM4-40GB MIG 4g.20gb (0),1,,13,"void ch_est::chEstFilterNoDftSOfdmDispatchKernel<float, __half, float, (unsigned int)2>(ch_est::puschRxChEstStatDescr_t *, ch_est::puschRxChEstDynDescr_t *)"
16996143382,28736,331508,137,2,1,24,2,1,44,0.001,0.001,,,,,NVIDIA A100-SXM4-40GB MIG 4g.20gb (0),1,,13,"void ch_est::chEstFilterNoDftSOfdmDispatchKernel<float, __half, float, (unsigned int)2>(ch_est::puschRxChEstStatDescr_t *, ch_est::puschRxChEstDynDescr_t *)"
16996344052,6432,331519,103,1,1,128,1,1,16,0.000,0.000,,,,,NVIDIA A100-SXM4-40GB MIG 4g.20gb (0),1,,13,cupy_copy__complex64_complex64
16996507346,19488,331529,1434,1,1,128,1,1,16,0.000,0.000,,,,,NVIDIA A100-SXM4-40GB MIG 4g.20gb (0),1,,13,cupy_copy__complex64_complex64
16996688912,4128,331536,103,1,1,128,1,1,16,0.000,0.000,,,,,NVIDIA A100-SXM4-40GB MIG 4g.20gb (0),1,,13,cupy_copy__complex64_complex64
16996773295,266365,331543,1,1,1,32,32,1,30,0.000,0.000,,,,,NVIDIA A100-SXM4-40GB MIG 4g.20gb (0),1,,13,"void convert_kernel<__half2, float2>(tensor_layout_any, T1 *, tensor_layout_any, const T2 *)"
16997068075,5664,331546,,,,,,,,,,0.094,16542.310,Pinned,Device,NVIDIA A100-SXM4-40GB MIG 4g.20gb (0),1,,13,[CUDA memcpy Host-to-Device]
16997129995,59871,331547,,,,,,,,,,35.810,598097.284,Device,,NVIDIA A100-SXM4-40GB MIG 4g.20gb (0),1,,13,[CUDA memset]
16997196682,1888,331549,,,,,,,,,,0.000,42.373,Pinned,Device,NVIDIA A100-SXM4-40GB MIG 4g.20gb (0),1,,13,[CUDA memcpy Host-to-Device]
16997201002,10208,331550,,,,,,,,,,0.197,19260.113,Pinned,Device,NVIDIA A100-SXM4-40GB MIG 4g.20gb (0),1,,13,[CUDA memcpy Host-to-Device]
16997256105,44832,331551,273,1,1,48,1,1,40,0.000,0.001,,,,,NVIDIA A100-SXM4-40GB MIG 4g.20gb (0),1,,13,"void pusch_noise_intf_est::noiseIntfEstNoDftSOfdmKernel<float, __half, float, float, (unsigned int)2, (unsigned int)1, (unsigned char)4, (unsigned char)4>(pusch_noise_intf_est::puschRxNoiseIntfEstDynDescr)"
16997337160,9920,331562,35,1,1,128,1,1,16,0.000,0.000,,,,,NVIDIA A100-SXM4-40GB MIG 4g.20gb (0),1,,13,cupy_copy__complex64_complex64
16997376360,4448,331571,1,1,1,1,1,1,18,0.000,0.000,,,,,NVIDIA A100-SXM4-40GB MIG 4g.20gb (0),1,,13,cupy_copy__float32_float32
16997385800,2144,331577,,,,,,,,,,0.000,1.866,Device,Pageable,NVIDIA A100-SXM4-40GB MIG 4g.20gb (0),1,,7,[CUDA memcpy Device-to-Host]
16997453799,18496,331588,1434,1,1,128,1,1,16,0.000,0.000,,,,,NVIDIA A100-SXM4-40GB MIG 4g.20gb (0),1,,13,cupy_copy__complex64_complex64
16997507175,5695,331595,103,1,1,128,1,1,16,0.000,0.000,,,,,NVIDIA A100-SXM4-40GB MIG 4g.20gb (0),1,,13,cupy_copy__complex64_complex64
16997551398,10944,331602,35,1,1,128,1,1,16,0.000,0.000,,,,,NVIDIA A100-SXM4-40GB MIG 4g.20gb (0),1,,13,cupy_copy__complex64_complex64
16997615717,3264,331609,1,1,1,1,1,1,18,0.000,0.000,,,,,NVIDIA A100-SXM4-40GB MIG 4g.20gb (0),1,,13,cupy_copy__float32_float32
16997685189,239293,331620,1,1,1,32,32,1,30,0.000,0.000,,,,,NVIDIA A100-SXM4-40GB MIG 4g.20gb (0),1,,13,"void convert_kernel<__half2, float2>(tensor_layout_any, T1 *, tensor_layout_any, const T2 *)"
16997952578,5919,331623,,,,,,,,,,0.094,15829.658,Pinned,Device,NVIDIA A100-SXM4-40GB MIG 4g.20gb (0),1,,13,[CUDA memcpy Host-to-Device]
16998068448,5152,331624,,,,,,,,,,1.547,300198.172,Device,,NVIDIA A100-SXM4-40GB MIG 4g.20gb (0),1,,13,[CUDA memset]
16998077120,4032,331629,,,,,,,,,,0.031,7761.877,Pinned,Device,NVIDIA A100-SXM4-40GB MIG 4g.20gb (0),1,,13,[CUDA memcpy Host-to-Device]
16998083680,10272,331630,,,,,,,,,,0.197,19140.182,Pinned,Device,NVIDIA A100-SXM4-40GB MIG 4g.20gb (0),1,,13,[CUDA memcpy Host-to-Device]
17000642851,44928,331631,273,1,1,8,4,1,39,0.002,0.000,,,,,NVIDIA A100-SXM4-40GB MIG 4g.20gb (0),1,,13,"void channel_eq::eqMmseCoefCompLowMimoKernel<float, float, float, (unsigned int)4, (unsigned int)1, (unsigned int)4>(const channel_eq::_puschRxChEqStatDescr *, channel_eq::_puschRxChEqCoefCompDynDescr)"
17000794434,22175,331632,273,1,1,12,11,1,51,0.002,0.000,,,,,NVIDIA A100-SXM4-40GB MIG 4g.20gb (0),1,,13,"void channel_eq::eqMmseSoftDemapKernel<float, __half, __half, float, (unsigned int)4, (unsigned short)16383>(channel_eq::_puschRxChEqStatDescr *, channel_eq::_puschRxChEqSoftDemapDynDescr)"
17003503651,830935,331633,1,1,1,32,32,1,30,0.000,0.000,,,,,NVIDIA A100-SXM4-40GB MIG 4g.20gb (0),1,,13,"void convert_kernel<float2, __half2>(tensor_layout_any, T1 *, tensor_layout_any, const T2 *)"
17004476536,15776,331645,2253,1,1,128,1,1,16,0.000,0.000,,,,,NVIDIA A100-SXM4-40GB MIG 4g.20gb (0),1,,13,cupy_copy__float16_float16
17004616759,8352,331654,282,1,1,128,1,1,16,0.000,0.000,,,,,NVIDIA A100-SXM4-40GB MIG 4g.20gb (0),1,,13,cupy_copy__complex64_complex64
17004652374,8064,331663,26,1,1,128,1,1,16,0.000,0.000,,,,,NVIDIA A100-SXM4-40GB MIG 4g.20gb (0),1,,13,cupy_copy__float32_float32
17005588300,16608,331672,103,1,1,128,1,1,16,0.000,0.000,,,,,NVIDIA A100-SXM4-40GB MIG 4g.20gb (0),1,,13,cupy_copy__complex64_complex64
17005834985,18240,331682,1434,1,1,128,1,1,16,0.000,0.000,,,,,NVIDIA A100-SXM4-40GB MIG 4g.20gb (0),1,,13,cupy_copy__complex64_complex64
17005988103,313373,331687,1,1,1,32,32,1,30,0.000,0.000,,,,,NVIDIA A100-SXM4-40GB MIG 4g.20gb (0),1,,13,"void convert_kernel<__half2, float2>(tensor_layout_any, T1 *, tensor_layout_any, const T2 *)"
17006330883,5856,331690,,,,,,,,,,0.094,15999.997,Pinned,Device,NVIDIA A100-SXM4-40GB MIG 4g.20gb (0),1,,13,[CUDA memcpy Host-to-Device]
17006365443,1586766,331691,,,,,,,,,,456.561,287633.707,Device,,NVIDIA A100-SXM4-40GB MIG 4g.20gb (0),1,,13,[CUDA memset]
17007959185,65343,331696,,,,,,,,,,1.235,18898.348,Pinned,Device,NVIDIA A100-SXM4-40GB MIG 4g.20gb (0),1,,13,[CUDA memcpy Host-to-Device]
17008030928,9888,331697,,,,,,,,,,0.197,19883.360,Pinned,Device,NVIDIA A100-SXM4-40GB MIG 4g.20gb (0),1,,13,[CUDA memcpy Host-to-Device]
17016209364,28800,331698,69,4,1,48,1,1,76,0.002,0.000,,,,,NVIDIA A100-SXM4-40GB MIG 4g.20gb (0),1,,13,"void ch_est::windowedChEstPreNoDftSOfdmKernel<float, __half, float, (unsigned int)2, (unsigned int)1, (unsigned short)4>(ch_est::puschRxChEstStatDescr_t *, ch_est::puschRxChEstDynDescr_t *)"
17016259060,36703,331699,137,2,1,24,2,1,44,0.001,0.001,,,,,NVIDIA A100-SXM4-40GB MIG 4g.20gb (0),1,,13,"void ch_est::chEstFilterNoDftSOfdmDispatchKernel<float, __half, float, (unsigned int)2>(ch_est::puschRxChEstStatDescr_t *, ch_est::puschRxChEstDynDescr_t *)"
17017248425,29183,331700,137,2,1,24,2,1,44,0.001,0.001,,,,,NVIDIA A100-SXM4-40GB MIG 4g.20gb (0),1,,13,"void ch_est::chEstFilterNoDftSOfdmDispatchKernel<float, __half, float, (unsigned int)2>(ch_est::puschRxChEstStatDescr_t *, ch_est::puschRxChEstDynDescr_t *)"
17017363975,7008,331711,103,1,1,128,1,1,16,0.000,0.000,,,,,NVIDIA A100-SXM4-40GB MIG 4g.20gb (0),1,,13,cupy_copy__complex64_complex64
17020713186,22304,331721,1434,1,1,128,1,1,16,0.000,0.000,,,,,NVIDIA A100-SXM4-40GB MIG 4g.20gb (0),1,,13,cupy_copy__complex64_complex64
17020855904,5888,331728,103,1,1,128,1,1,16,0.000,0.000,,,,,NVIDIA A100-SXM4-40GB MIG 4g.20gb (0),1,,13,cupy_copy__complex64_complex64
17021208188,272957,331735,1,1,1,32,32,1,30,0.000,0.000,,,,,NVIDIA A100-SXM4-40GB MIG 4g.20gb (0),1,,13,"void convert_kernel<__half2, float2>(tensor_layout_any, T1 *, tensor_layout_any, const T2 *)"
17021513433,7840,331738,,,,,,,,,,0.094,11951.018,Pinned,Device,NVIDIA A100-SXM4-40GB MIG 4g.20gb (0),1,,13,[CUDA memcpy Host-to-Device]
17021560920,55072,331739,,,,,,,,,,35.810,650236.527,Device,,NVIDIA A100-SXM4-40GB MIG 4g.20gb (0),1,,13,[CUDA memset]
17021619416,2208,331741,,,,,,,,,,0.000,36.232,Pinned,Device,NVIDIA A100-SXM4-40GB MIG 4g.20gb (0),1,,13,[CUDA memcpy Host-to-Device]
17021629592,13151,331742,,,,,,,,,,0.197,14949.876,Pinned,Device,NVIDIA A100-SXM4-40GB MIG 4g.20gb (0),1,,13,[CUDA memcpy Host-to-Device]
17021893941,32191,331743,273,1,1,48,1,1,40,0.000,0.001,,,,,NVIDIA A100-SXM4-40GB MIG 4g.20gb (0),1,,13,"void pusch_noise_intf_est::noiseIntfEstNoDftSOfdmKernel<float, __half, float, float, (unsigned int)2, (unsigned int)1, (unsigned char)4, (unsigned char)4>(pusch_noise_intf_est::puschRxNoiseIntfEstDynDescr)"
17022178417,5056,331754,35,1,1,128,1,1,16,0.000,0.000,,,,,NVIDIA A100-SXM4-40GB MIG 4g.20gb (0),1,,13,cupy_copy__complex64_complex64
17022276112,3744,331763,1,1,1,1,1,1,18,0.000,0.000,,,,,NVIDIA A100-SXM4-40GB MIG 4g.20gb (0),1,,13,cupy_copy__float32_float32
17022282640,6432,331769,,,,,,,,,,0.000,0.622,Device,Pageable,NVIDIA A100-SXM4-40GB MIG 4g.20gb (0),1,,7,[CUDA memcpy Device-to-Host]
17022561965,17760,331780,1434,1,1,128,1,1,16,0.000,0.000,,,,,NVIDIA A100-SXM4-40GB MIG 4g.20gb (0),1,,13,cupy_copy__complex64_complex64
17022816042,5824,331787,103,1,1,128,1,1,16,0.000,0.000,,,,,NVIDIA A100-SXM4-40GB MIG 4g.20gb (0),1,,13,cupy_copy__complex64_complex64
17023067655,3456,331794,35,1,1,128,1,1,16,0.000,0.000,,,,,NVIDIA A100-SXM4-40GB MIG 4g.20gb (0),1,,13,cupy_copy__complex64_complex64
17023376260,5280,331801,1,1,1,1,1,1,18,0.000,0.000,,,,,NVIDIA A100-SXM4-40GB MIG 4g.20gb (0),1,,13,cupy_copy__float32_float32
17023448291,269629,331812,1,1,1,32,32,1,30,0.000,0.000,,,,,NVIDIA A100-SXM4-40GB MIG 4g.20gb (0),1,,13,"void convert_kernel<__half2, float2>(tensor_layout_any, T1 *, tensor_layout_any, const T2 *)"
17023747360,13184,331815,,,,,,,,,,0.094,7106.748,Pinned,Device,NVIDIA A100-SXM4-40GB MIG 4g.20gb (0),1,,13,[CUDA memcpy Host-to-Device]
17024004157,9376,331816,,,,,,,,,,1.547,164955.183,Device,,NVIDIA A100-SXM4-40GB MIG 4g.20gb (0),1,,13,[CUDA memset]
17024017405,8608,331821,,,,,,,,,,0.031,3635.688,Pinned,Device,NVIDIA A100-SXM4-40GB MIG 4g.20gb (0),1,,13,[CUDA memcpy Host-to-Device]
17024029117,17567,331822,,,,,,,,,,0.197,11191.714,Pinned,Device,NVIDIA A100-SXM4-40GB MIG 4g.20gb (0),1,,13,[CUDA memcpy Host-to-Device]
17024073276,45632,331823,273,1,1,8,4,1,39,0.002,0.000,,,,,NVIDIA A100-SXM4-40GB MIG 4g.20gb (0),1,,13,"void channel_eq::eqMmseCoefCompLowMimoKernel<float, float, float, (unsigned int)4, (unsigned int)1, (unsigned int)4>(const channel_eq::_puschRxChEqStatDescr *, channel_eq::_puschRxChEqCoefCompDynDescr)"
17024246682,31104,331824,273,1,1,12,11,1,51,0.002,0.000,,,,,NVIDIA A100-SXM4-40GB MIG 4g.20gb (0),1,,13,"void channel_eq::eqMmseSoftDemapKernel<float, __half, __half, float, (unsigned int)4, (unsigned short)16383>(channel_eq::_puschRxChEqStatDescr *, channel_eq::_puschRxChEqSoftDemapDynDescr)"
17027070426,760248,331825,1,1,1,32,32,1,30,0.000,0.000,,,,,NVIDIA A100-SXM4-40GB MIG 4g.20gb (0),1,,13,"void convert_kernel<float2, __half2>(tensor_layout_any, T1 *, tensor_layout_any, const T2 *)"
17029994778,15807,331837,2253,1,1,128,1,1,16,0.000,0.000,,,,,NVIDIA A100-SXM4-40GB MIG 4g.20gb (0),1,,13,cupy_copy__float16_float16
17030044025,7232,331846,282,1,1,128,1,1,16,0.000,0.000,,,,,NVIDIA A100-SXM4-40GB MIG 4g.20gb (0),1,,13,cupy_copy__complex64_complex64
17030078585,6048,331855,26,1,1,128,1,1,16,0.000,0.000,,,,,NVIDIA A100-SXM4-40GB MIG 4g.20gb (0),1,,13,cupy_copy__float32_float32
17030112216,12224,331864,103,1,1,128,1,1,16,0.000,0.000,,,,,NVIDIA A100-SXM4-40GB MIG 4g.20gb (0),1,,13,cupy_copy__complex64_complex64
17030211767,18848,331874,1434,1,1,128,1,1,16,0.000,0.000,,,,,NVIDIA A100-SXM4-40GB MIG 4g.20gb (0),1,,13,cupy_copy__complex64_complex64
17030267383,255389,331879,1,1,1,32,32,1,30,0.000,0.000,,,,,NVIDIA A100-SXM4-40GB MIG 4g.20gb (0),1,,13,"void convert_kernel<__half2, float2>(tensor_layout_any, T1 *, tensor_layout_any, const T2 *)"
17030552979,5856,331882,,,,,,,,,,0.094,15999.997,Pinned,Device,NVIDIA A100-SXM4-40GB MIG 4g.20gb (0),1,,13,[CUDA memcpy Host-to-Device]
17030577907,620025,331883,,,,,,,,,,456.561,735977.041,Device,,NVIDIA A100-SXM4-40GB MIG 4g.20gb (0),1,,13,[CUDA memset]
17031198828,70079,331888,,,,,,,,,,1.235,17621.416,Pinned,Device,NVIDIA A100-SXM4-40GB MIG 4g.20gb (0),1,,13,[CUDA memcpy Host-to-Device]
17031271371,17504,331889,,,,,,,,,,0.197,11232.018,Pinned,Device,NVIDIA A100-SXM4-40GB MIG 4g.20gb (0),1,,13,[CUDA memcpy Host-to-Device]
17031395754,28384,331890,69,4,1,48,1,1,76,0.002,0.000,,,,,NVIDIA A100-SXM4-40GB MIG 4g.20gb (0),1,,13,"void ch_est::windowedChEstPreNoDftSOfdmKernel<float, __half, float, (unsigned int)2, (unsigned int)1, (unsigned short)4>(ch_est::puschRxChEstStatDescr_t *, ch_est::puschRxChEstDynDescr_t *)"
17031577672,25887,331891,137,2,1,24,2,1,44,0.001,0.001,,,,,NVIDIA A100-SXM4-40GB MIG 4g.20gb (0),1,,13,"void ch_est::chEstFilterNoDftSOfdmDispatchKernel<float, __half, float, (unsigned int)2>(ch_est::puschRxChEstStatDescr_t *, ch_est::puschRxChEstDynDescr_t *)"
17031754662,34943,331892,137,2,1,24,2,1,44,0.001,0.001,,,,,NVIDIA A100-SXM4-40GB MIG 4g.20gb (0),1,,13,"void ch_est::chEstFilterNoDftSOfdmDispatchKernel<float, __half, float, (unsigned int)2>(ch_est::puschRxChEstStatDescr_t *, ch_est::puschRxChEstDynDescr_t *)"
17031841573,5920,331903,103,1,1,128,1,1,16,0.000,0.000,,,,,NVIDIA A100-SXM4-40GB MIG 4g.20gb (0),1,,13,cupy_copy__complex64_complex64
17031972803,19616,331913,1434,1,1,128,1,1,16,0.000,0.000,,,,,NVIDIA A100-SXM4-40GB MIG 4g.20gb (0),1,,13,cupy_copy__complex64_complex64
17032117538,5984,331920,103,1,1,128,1,1,16,0.000,0.000,,,,,NVIDIA A100-SXM4-40GB MIG 4g.20gb (0),1,,13,cupy_copy__complex64_complex64
17032199937,314300,331927,1,1,1,32,32,1,30,0.000,0.000,,,,,NVIDIA A100-SXM4-40GB MIG 4g.20gb (0),1,,13,"void convert_kernel<__half2, float2>(tensor_layout_any, T1 *, tensor_layout_any, const T2 *)"
17032543613,6816,331930,,,,,,,,,,0.094,13746.421,Pinned,Device,NVIDIA A100-SXM4-40GB MIG 4g.20gb (0),1,,13,[CUDA memcpy Host-to-Device]
17032683803,55744,331931,,,,,,,,,,35.810,642394.155,Device,,NVIDIA A100-SXM4-40GB MIG 4g.20gb (0),1,,13,[CUDA memset]
17032740347,2208,331933,,,,,,,,,,0.000,36.232,Pinned,Device,NVIDIA A100-SXM4-40GB MIG 4g.20gb (0),1,,13,[CUDA memcpy Host-to-Device]
17032749019,11327,331934,,,,,,,,,,0.197,17357.341,Pinned,Device,NVIDIA A100-SXM4-40GB MIG 4g.20gb (0),1,,13,[CUDA memcpy Host-to-Device]
17032963192,32512,331935,273,1,1,48,1,1,40,0.000,0.001,,,,,NVIDIA A100-SXM4-40GB MIG 4g.20gb (0),1,,13,"void pusch_noise_intf_est::noiseIntfEstNoDftSOfdmKernel<float, __half, float, float, (unsigned int)2, (unsigned int)1, (unsigned char)4, (unsigned char)4>(pusch_noise_intf_est::puschRxNoiseIntfEstDynDescr)"
17035923543,11040,331946,35,1,1,128,1,1,16,0.000,0.000,,,,,NVIDIA A100-SXM4-40GB MIG 4g.20gb (0),1,,13,cupy_copy__complex64_complex64
17036130581,3808,331955,1,1,1,1,1,1,18,0.000,0.000,,,,,NVIDIA A100-SXM4-40GB MIG 4g.20gb (0),1,,13,cupy_copy__float32_float32
17036138325,1920,331961,,,,,,,,,,0.000,2.083,Device,Pageable,NVIDIA A100-SXM4-40GB MIG 4g.20gb (0),1,,7,[CUDA memcpy Device-to-Host]
17039004084,19936,331972,1434,1,1,128,1,1,16,0.000,0.000,,,,,NVIDIA A100-SXM4-40GB MIG 4g.20gb (0),1,,13,cupy_copy__complex64_complex64
17039127603,6336,331979,103,1,1,128,1,1,16,0.000,0.000,,,,,NVIDIA A100-SXM4-40GB MIG 4g.20gb (0),1,,13,cupy_copy__complex64_complex64
17039163347,9471,331986,35,1,1,128,1,1,16,0.000,0.000,,,,,NVIDIA A100-SXM4-40GB MIG 4g.20gb (0),1,,13,cupy_copy__complex64_complex64
17039207794,7168,331993,1,1,1,1,1,1,18,0.000,0.000,,,,,NVIDIA A100-SXM4-40GB MIG 4g.20gb (0),1,,13,cupy_copy__float32_float32
17039256978,252029,332004,1,1,1,32,32,1,30,0.000,0.000,,,,,NVIDIA A100-SXM4-40GB MIG 4g.20gb (0),1,,13,"void convert_kernel<__half2, float2>(tensor_layout_any, T1 *, tensor_layout_any, const T2 *)"
17039537934,6336,332007,,,,,,,,,,0.094,14787.852,Pinned,Device,NVIDIA A100-SXM4-40GB MIG 4g.20gb (0),1,,13,[CUDA memcpy Host-to-Device]
17039579342,9920,332008,,,,,,,,,,1.547,155908.979,Device,,NVIDIA A100-SXM4-40GB MIG 4g.20gb (0),1,,13,[CUDA memset]
17039591118,7136,332013,,,,,,,,,,0.031,4385.634,Pinned,Device,NVIDIA A100-SXM4-40GB MIG 4g.20gb (0),1,,13,[CUDA memcpy Host-to-Device]
17039605390,13055,332014,,,,,,,,,,0.197,15059.976,Pinned,Device,NVIDIA A100-SXM4-40GB MIG 4g.20gb (0),1,,13,[CUDA memcpy Host-to-Device]
17039648941,44800,332015,273,1,1,8,4,1,39,0.002,0.000,,,,,NVIDIA A100-SXM4-40GB MIG 4g.20gb (0),1,,13,"void channel_eq::eqMmseCoefCompLowMimoKernel<float, float, float, (unsigned int)4, (unsigned int)1, (unsigned int)4>(const channel_eq::_puschRxChEqStatDescr *, channel_eq::_puschRxChEqCoefCompDynDescr)"
17039790380,36767,332016,273,1,1,12,11,1,51,0.002,0.000,,,,,NVIDIA A100-SXM4-40GB MIG 4g.20gb (0),1,,13,"void channel_eq::eqMmseSoftDemapKernel<float, __half, __half, float, (unsigned int)4, (unsigned short)16383>(channel_eq::_puschRxChEqStatDescr *, channel_eq::_puschRxChEqSoftDemapDynDescr)"
17039882154,700985,332017,1,1,1,32,32,1,30,0.000,0.000,,,,,NVIDIA A100-SXM4-40GB MIG 4g.20gb (0),1,,13,"void convert_kernel<float2, __half2>(tensor_layout_any, T1 *, tensor_layout_any, const T2 *)"
17040621826,16992,332029,2253,1,1,128,1,1,16,0.000,0.000,,,,,NVIDIA A100-SXM4-40GB MIG 4g.20gb (0),1,,13,cupy_copy__float16_float16
17040780672,7648,332038,282,1,1,128,1,1,16,0.000,0.000,,,,,NVIDIA A100-SXM4-40GB MIG 4g.20gb (0),1,,13,cupy_copy__complex64_complex64
17040859584,7807,332047,26,1,1,128,1,1,16,0.000,0.000,,,,,NVIDIA A100-SXM4-40GB MIG 4g.20gb (0),1,,13,cupy_copy__float32_float32
17041013310,16704,332056,103,1,1,128,1,1,16,0.000,0.000,,,,,NVIDIA A100-SXM4-40GB MIG 4g.20gb (0),1,,13,cupy_copy__complex64_complex64
17041219163,22304,332066,1434,1,1,128,1,1,16,0.000,0.000,,,,,NVIDIA A100-SXM4-40GB MIG 4g.20gb (0),1,,13,cupy_copy__complex64_complex64
17041424761,341948,332071,1,1,1,32,32,1,30,0.000,0.000,,,,,NVIDIA A100-SXM4-40GB MIG 4g.20gb (0),1,,13,"void convert_kernel<__half2, float2>(tensor_layout_any, T1 *, tensor_layout_any, const T2 *)"
17041798037,6272,332074,,,,,,,,,,0.094,14938.703,Pinned,Device,NVIDIA A100-SXM4-40GB MIG 4g.20gb (0),1,,13,[CUDA memcpy Host-to-Device]
17046626559,608153,332075,,,,,,,,,,456.561,750587.007,Device,,NVIDIA A100-SXM4-40GB MIG 4g.20gb (0),1,,13,[CUDA memset]
17047243576,61375,332080,,,,,,,,,,1.235,20120.943,Pinned,Device,NVIDIA A100-SXM4-40GB MIG 4g.20gb (0),1,,13,[CUDA memcpy Host-to-Device]
17047307447,9856,332081,,,,,,,,,,0.197,19948.044,Pinned,Device,NVIDIA A100-SXM4-40GB MIG 4g.20gb (0),1,,13,[CUDA memcpy Host-to-Device]
17052745978,21696,332082,69,4,1,48,1,1,76,0.002,0.000,,,,,NVIDIA A100-SXM4-40GB MIG 4g.20gb (0),1,,13,"void ch_est::windowedChEstPreNoDftSOfdmKernel<float, __half, float, (unsigned int)2, (unsigned int)1, (unsigned short)4>(ch_est::puschRxChEstStatDescr_t *, ch_est::puschRxChEstDynDescr_t *)"
17052945912,41631,332083,137,2,1,24,2,1,44,0.001,0.001,,,,,NVIDIA A100-SXM4-40GB MIG 4g.20gb (0),1,,13,"void ch_est::chEstFilterNoDftSOfdmDispatchKernel<float, __half, float, (unsigned int)2>(ch_est::puschRxChEstStatDescr_t *, ch_est::puschRxChEstDynDescr_t *)"
17053033015,33503,332084,137,2,1,24,2,1,44,0.001,0.001,,,,,NVIDIA A100-SXM4-40GB MIG 4g.20gb (0),1,,13,"void ch_est::chEstFilterNoDftSOfdmDispatchKernel<float, __half, float, (unsigned int)2>(ch_est::puschRxChEstStatDescr_t *, ch_est::puschRxChEstDynDescr_t *)"
17053080950,6112,332095,103,1,1,128,1,1,16,0.000,0.000,,,,,NVIDIA A100-SXM4-40GB MIG 4g.20gb (0),1,,13,cupy_copy__complex64_complex64
17053124790,18208,332105,1434,1,1,128,1,1,16,0.000,0.000,,,,,NVIDIA A100-SXM4-40GB MIG 4g.20gb (0),1,,13,cupy_copy__complex64_complex64
17053174101,6272,332112,103,1,1,128,1,1,16,0.000,0.000,,,,,NVIDIA A100-SXM4-40GB MIG 4g.20gb (0),1,,13,cupy_copy__complex64_complex64
17053227157,248413,332119,1,1,1,32,32,1,30,0.000,0.000,,,,,NVIDIA A100-SXM4-40GB MIG 4g.20gb (0),1,,13,"void convert_kernel<__half2, float2>(tensor_layout_any, T1 *, tensor_layout_any, const T2 *)"
17053504113,5440,332122,,,,,,,,,,0.094,17223.480,Pinned,Device,NVIDIA A100-SXM4-40GB MIG 4g.20gb (0),1,,13,[CUDA memcpy Host-to-Device]
17053576241,61567,332123,,,,,,,,,,35.810,581624.721,Device,,NVIDIA A100-SXM4-40GB MIG 4g.20gb (0),1,,13,[CUDA memset]
17053640272,2688,332125,,,,,,,,,,0.000,29.762,Pinned,Device,NVIDIA A100-SXM4-40GB MIG 4g.20gb (0),1,,13,[CUDA memcpy Host-to-Device]
17053646832,10912,332126,,,,,,,,,,0.197,18017.550,Pinned,Device,NVIDIA A100-SXM4-40GB MIG 4g.20gb (0),1,,13,[CUDA memcpy Host-to-Device]
17053734063,27392,332127,273,1,1,48,1,1,40,0.000,0.001,,,,,NVIDIA A100-SXM4-40GB MIG 4g.20gb (0),1,,13,"void pusch_noise_intf_est::noiseIntfEstNoDftSOfdmKernel<float, __half, float, float, (unsigned int)2, (unsigned int)1, (unsigned char)4, (unsigned char)4>(pusch_noise_intf_est::puschRxNoiseIntfEstDynDescr)"
17054383848,13695,332138,35,1,1,128,1,1,16,0.000,0.000,,,,,NVIDIA A100-SXM4-40GB MIG 4g.20gb (0),1,,13,cupy_copy__complex64_complex64
17054544102,10336,332147,1,1,1,1,1,1,18,0.000,0.000,,,,,NVIDIA A100-SXM4-40GB MIG 4g.20gb (0),1,,13,cupy_copy__float32_float32
17054562790,1600,332153,,,,,,,,,,0.000,2.500,Device,Pageable,NVIDIA A100-SXM4-40GB MIG 4g.20gb (0),1,,7,[CUDA memcpy Device-to-Host]
17054705124,16896,332164,1434,1,1,128,1,1,16,0.000,0.000,,,,,NVIDIA A100-SXM4-40GB MIG 4g.20gb (0),1,,13,cupy_copy__complex64_complex64
17054751907,6336,332171,103,1,1,128,1,1,16,0.000,0.000,,,,,NVIDIA A100-SXM4-40GB MIG 4g.20gb (0),1,,13,cupy_copy__complex64_complex64
17054796003,12992,332178,35,1,1,128,1,1,16,0.000,0.000,,,,,NVIDIA A100-SXM4-40GB MIG 4g.20gb (0),1,,13,cupy_copy__complex64_complex64
17054846178,3744,332185,1,1,1,1,1,1,18,0.000,0.000,,,,,NVIDIA A100-SXM4-40GB MIG 4g.20gb (0),1,,13,cupy_copy__float32_float32
17054904226,248125,332196,1,1,1,32,32,1,30,0.000,0.000,,,,,NVIDIA A100-SXM4-40GB MIG 4g.20gb (0),1,,13,"void convert_kernel<__half2, float2>(tensor_layout_any, T1 *, tensor_layout_any, const T2 *)"
17055181759,5440,332199,,,,,,,,,,0.094,17223.480,Pinned,Device,NVIDIA A100-SXM4-40GB MIG 4g.20gb (0),1,,13,[CUDA memcpy Host-to-Device]
17055299229,7424,332200,,,,,,,,,,1.547,208327.160,Device,,NVIDIA A100-SXM4-40GB MIG 4g.20gb (0),1,,13,[CUDA memset]
17055309213,4800,332205,,,,,,,,,,0.031,6519.990,Pinned,Device,NVIDIA A100-SXM4-40GB MIG 4g.20gb (0),1,,13,[CUDA memcpy Host-to-Device]
17055316605,10144,332206,,,,,,,,,,0.197,19381.617,Pinned,Device,NVIDIA A100-SXM4-40GB MIG 4g.20gb (0),1,,13,[CUDA memcpy Host-to-Device]
17055506555,39008,332207,273,1,1,8,4,1,39,0.002,0.000,,,,,NVIDIA A100-SXM4-40GB MIG 4g.20gb (0),1,,13,"void channel_eq::eqMmseCoefCompLowMimoKernel<float, float, float, (unsigned int)4, (unsigned int)1, (unsigned int)4>(const channel_eq::_puschRxChEqStatDescr *, channel_eq::_puschRxChEqCoefCompDynDescr)"
17055794136,26495,332208,273,1,1,12,11,1,51,0.002,0.000,,,,,NVIDIA A100-SXM4-40GB MIG 4g.20gb (0),1,,13,"void channel_eq::eqMmseSoftDemapKernel<float, __half, __half, float, (unsigned int)4, (unsigned short)16383>(channel_eq::_puschRxChEqStatDescr *, channel_eq::_puschRxChEqSoftDemapDynDescr)"
17059740075,1599214,332209,1,1,1,32,32,1,30,0.000,0.000,,,,,NVIDIA A100-SXM4-40GB MIG 4g.20gb (0),1,,13,"void convert_kernel<float2, __half2>(tensor_layout_any, T1 *, tensor_layout_any, const T2 *)"
17064362615,15840,332221,2253,1,1,128,1,1,16,0.000,0.000,,,,,NVIDIA A100-SXM4-40GB MIG 4g.20gb (0),1,,13,cupy_copy__float16_float16
17064635508,10144,332230,282,1,1,128,1,1,16,0.000,0.000,,,,,NVIDIA A100-SXM4-40GB MIG 4g.20gb (0),1,,13,cupy_copy__complex64_complex64
17064791187,7168,332239,26,1,1,128,1,1,16,0.000,0.000,,,,,NVIDIA A100-SXM4-40GB MIG 4g.20gb (0),1,,13,cupy_copy__float32_float32
17064945617,4064,332248,103,1,1,128,1,1,16,0.000,0.000,,,,,NVIDIA A100-SXM4-40GB MIG 4g.20gb (0),1,,13,cupy_copy__complex64_complex64
17065027440,17824,332258,1434,1,1,128,1,1,16,0.000,0.000,,,,,NVIDIA A100-SXM4-40GB MIG 4g.20gb (0),1,,13,cupy_copy__complex64_complex64
17066451296,297533,332263,1,1,1,32,32,1,30,0.000,0.000,,,,,NVIDIA A100-SXM4-40GB MIG 4g.20gb (0),1,,13,"void convert_kernel<__half2, float2>(tensor_layout_any, T1 *, tensor_layout_any, const T2 *)"
17066778812,5408,332266,,,,,,,,,,0.094,17325.421,Pinned,Device,NVIDIA A100-SXM4-40GB MIG 4g.20gb (0),1,,13,[CUDA memcpy Host-to-Device]
17066817820,614905,332267,,,,,,,,,,456.561,742368.901,Device,,NVIDIA A100-SXM4-40GB MIG 4g.20gb (0),1,,13,[CUDA memset]
17067436725,65055,332272,,,,,,,,,,1.235,18982.324,Pinned,Device,NVIDIA A100-SXM4-40GB MIG 4g.20gb (0),1,,13,[CUDA memcpy Host-to-Device]
17067508500,17312,332273,,,,,,,,,,0.197,11356.668,Pinned,Device,NVIDIA A100-SXM4-40GB MIG 4g.20gb (0),1,,13,[CUDA memcpy Host-to-Device]
17067565236,27903,332274,69,4,1,48,1,1,76,0.002,0.000,,,,,NVIDIA A100-SXM4-40GB MIG 4g.20gb (0),1,,13,"void ch_est::windowedChEstPreNoDftSOfdmKernel<float, __half, float, (unsigned int)2, (unsigned int)1, (unsigned short)4>(ch_est::puschRxChEstStatDescr_t *, ch_est::puschRxChEstDynDescr_t *)"
17067612435,37696,332275,137,2,1,24,2,1,44,0.001,0.001,,,,,NVIDIA A100-SXM4-40GB MIG 4g.20gb (0),1,,13,"void ch_est::chEstFilterNoDftSOfdmDispatchKernel<float, __half, float, (unsigned int)2>(ch_est::puschRxChEstStatDescr_t *, ch_est::puschRxChEstDynDescr_t *)"
17067700370,35104,332276,137,2,1,24,2,1,44,0.001,0.001,,,,,NVIDIA A100-SXM4-40GB MIG 4g.20gb (0),1,,13,"void ch_est::chEstFilterNoDftSOfdmDispatchKernel<float, __half, float, (unsigned int)2>(ch_est::puschRxChEstStatDescr_t *, ch_est::puschRxChEstDynDescr_t *)"
17067789649,6176,332287,103,1,1,128,1,1,16,0.000,0.000,,,,,NVIDIA A100-SXM4-40GB MIG 4g.20gb (0),1,,13,cupy_copy__complex64_complex64
17067831601,18303,332297,1434,1,1,128,1,1,16,0.000,0.000,,,,,NVIDIA A100-SXM4-40GB MIG 4g.20gb (0),1,,13,cupy_copy__complex64_complex64
17067880240,7200,332304,103,1,1,128,1,1,16,0.000,0.000,,,,,NVIDIA A100-SXM4-40GB MIG 4g.20gb (0),1,,13,cupy_copy__complex64_complex64
17067931055,250558,332311,1,1,1,32,32,1,30,0.000,0.000,,,,,NVIDIA A100-SXM4-40GB MIG 4g.20gb (0),1,,13,"void convert_kernel<__half2, float2>(tensor_layout_any, T1 *, tensor_layout_any, const T2 *)"
17068211756,5440,332314,,,,,,,,,,0.094,17223.480,Pinned,Device,NVIDIA A100-SXM4-40GB MIG 4g.20gb (0),1,,13,[CUDA memcpy Host-to-Device]
17068334027,63455,332315,,,,,,,,,,35.810,564328.529,Device,,NVIDIA A100-SXM4-40GB MIG 4g.20gb (0),1,,13,[CUDA memset]
17068403818,6592,332317,,,,,,,,,,0.000,12.136,Pinned,Device,NVIDIA A100-SXM4-40GB MIG 4g.20gb (0),1,,13,[CUDA memcpy Host-to-Device]
17068414186,13088,332318,,,,,,,,,,0.197,15021.834,Pinned,Device,NVIDIA A100-SXM4-40GB MIG 4g.20gb (0),1,,13,[CUDA memcpy Host-to-Device]
17068643751,24384,332319,273,1,1,48,1,1,40,0.000,0.001,,,,,NVIDIA A100-SXM4-40GB MIG 4g.20gb (0),1,,13,"void pusch_noise_intf_est::noiseIntfEstNoDftSOfdmKernel<float, __half, float, float, (unsigned int)2, (unsigned int)1, (unsigned char)4, (unsigned char)4>(pusch_noise_intf_est::puschRxNoiseIntfEstDynDescr)"
17068935044,6720,332330,35,1,1,128,1,1,16,0.000,0.000,,,,,NVIDIA A100-SXM4-40GB MIG 4g.20gb (0),1,,13,cupy_copy__complex64_complex64
17069118114,5568,332339,1,1,1,1,1,1,18,0.000,0.000,,,,,NVIDIA A100-SXM4-40GB MIG 4g.20gb (0),1,,13,cupy_copy__float32_float32
17069130114,1952,332345,,,,,,,,,,0.000,2.049,Device,Pageable,NVIDIA A100-SXM4-40GB MIG 4g.20gb (0),1,,7,[CUDA memcpy Device-to-Host]
17069398879,31264,332356,1434,1,1,128,1,1,16,0.000,0.000,,,,,NVIDIA A100-SXM4-40GB MIG 4g.20gb (0),1,,13,cupy_copy__complex64_complex64
17069600189,5632,332363,103,1,1,128,1,1,16,0.000,0.000,,,,,NVIDIA A100-SXM4-40GB MIG 4g.20gb (0),1,,13,cupy_copy__complex64_complex64
17069851354,7552,332370,35,1,1,128,1,1,16,0.000,0.000,,,,,NVIDIA A100-SXM4-40GB MIG 4g.20gb (0),1,,13,cupy_copy__complex64_complex64
17070038904,4832,332377,1,1,1,1,1,1,18,0.000,0.000,,,,,NVIDIA A100-SXM4-40GB MIG 4g.20gb (0),1,,13,cupy_copy__float32_float32
17070277301,340380,332388,1,1,1,32,32,1,30,0.000,0.000,,,,,NVIDIA A100-SXM4-40GB MIG 4g.20gb (0),1,,13,"void convert_kernel<__half2, float2>(tensor_layout_any, T1 *, tensor_layout_any, const T2 *)"
17070650321,11360,332391,,,,,,,,,,0.094,8247.871,Pinned,Device,NVIDIA A100-SXM4-40GB MIG 4g.20gb (0),1,,13,[CUDA memcpy Host-to-Device]
17070897550,9952,332392,,,,,,,,,,1.547,155407.873,Device,,NVIDIA A100-SXM4-40GB MIG 4g.20gb (0),1,,13,[CUDA memset]
17070913806,3808,332397,,,,,,,,,,0.031,8218.486,Pinned,Device,NVIDIA A100-SXM4-40GB MIG 4g.20gb (0),1,,13,[CUDA memcpy Host-to-Device]
17070923726,9632,332398,,,,,,,,,,0.197,20411.843,Pinned,Device,NVIDIA A100-SXM4-40GB MIG 4g.20gb (0),1,,13,[CUDA memcpy Host-to-Device]
17071183243,25504,332399,273,1,1,8,4,1,39,0.002,0.000,,,,,NVIDIA A100-SXM4-40GB MIG 4g.20gb (0),1,,13,"void channel_eq::eqMmseCoefCompLowMimoKernel<float, float, float, (unsigned int)4, (unsigned int)1, (unsigned int)4>(const channel_eq::_puschRxChEqStatDescr *, channel_eq::_puschRxChEqCoefCompDynDescr)"
17071321897,36000,332400,273,1,1,12,11,1,51,0.002,0.000,,,,,NVIDIA A100-SXM4-40GB MIG 4g.20gb (0),1,,13,"void channel_eq::eqMmseSoftDemapKernel<float, __half, __half, float, (unsigned int)4, (unsigned short)16383>(channel_eq::_puschRxChEqStatDescr *, channel_eq::_puschRxChEqSoftDemapDynDescr)"
17071498087,668057,332401,1,1,1,32,32,1,30,0.000,0.000,,,,,NVIDIA A100-SXM4-40GB MIG 4g.20gb (0),1,,13,"void convert_kernel<float2, __half2>(tensor_layout_any, T1 *, tensor_layout_any, const T2 *)"
17072195168,15263,332413,2253,1,1,128,1,1,16,0.000,0.000,,,,,NVIDIA A100-SXM4-40GB MIG 4g.20gb (0),1,,13,cupy_copy__float16_float16
17072241759,7424,332422,282,1,1,128,1,1,16,0.000,0.000,,,,,NVIDIA A100-SXM4-40GB MIG 4g.20gb (0),1,,13,cupy_copy__complex64_complex64
17072276415,6880,332431,26,1,1,128,1,1,16,0.000,0.000,,,,,NVIDIA A100-SXM4-40GB MIG 4g.20gb (0),1,,13,cupy_copy__float32_float32
17072309502,12992,332440,103,1,1,128,1,1,16,0.000,0.000,,,,,NVIDIA A100-SXM4-40GB MIG 4g.20gb (0),1,,13,cupy_copy__complex64_complex64
17072381309,18592,332450,1434,1,1,128,1,1,16,0.000,0.000,,,,,NVIDIA A100-SXM4-40GB MIG 4g.20gb (0),1,,13,cupy_copy__complex64_complex64
17072436573,254749,332455,1,1,1,32,32,1,30,0.000,0.000,,,,,NVIDIA A100-SXM4-40GB MIG 4g.20gb (0),1,,13,"void convert_kernel<__half2, float2>(tensor_layout_any, T1 *, tensor_layout_any, const T2 *)"
17072720666,5408,332458,,,,,,,,,,0.094,17325.421,Pinned,Device,NVIDIA A100-SXM4-40GB MIG 4g.20gb (0),1,,13,[CUDA memcpy Host-to-Device]
17072760889,612761,332459,,,,,,,,,,456.561,744651.709,Device,,NVIDIA A100-SXM4-40GB MIG 4g.20gb (0),1,,13,[CUDA memset]
17073379378,62399,332464,,,,,,,,,,1.235,19789.978,Pinned,Device,NVIDIA A100-SXM4-40GB MIG 4g.20gb (0),1,,13,[CUDA memcpy Host-to-Device]
17073451953,16768,332465,,,,,,,,,,0.197,11725.111,Pinned,Device,NVIDIA A100-SXM4-40GB MIG 4g.20gb (0),1,,13,[CUDA memcpy Host-to-Device]
17073582928,22944,332466,69,4,1,48,1,1,76,0.002,0.000,,,,,NVIDIA A100-SXM4-40GB MIG 4g.20gb (0),1,,13,"void ch_est::windowedChEstPreNoDftSOfdmKernel<float, __half, float, (unsigned int)2, (unsigned int)1, (unsigned short)4>(ch_est::puschRxChEstStatDescr_t *, ch_est::puschRxChEstDynDescr_t *)"
17073721774,32576,332467,137,2,1,24,2,1,44,0.001,0.001,,,,,NVIDIA A100-SXM4-40GB MIG 4g.20gb (0),1,,13,"void ch_est::chEstFilterNoDftSOfdmDispatchKernel<float, __half, float, (unsigned int)2>(ch_est::puschRxChEstStatDescr_t *, ch_est::puschRxChEstDynDescr_t *)"
17073856173,19488,332468,137,2,1,24,2,1,44,0.001,0.001,,,,,NVIDIA A100-SXM4-40GB MIG 4g.20gb (0),1,,13,"void ch_est::chEstFilterNoDftSOfdmDispatchKernel<float, __half, float, (unsigned int)2>(ch_est::puschRxChEstStatDescr_t *, ch_est::puschRxChEstDynDescr_t *)"
17073938380,9120,332479,103,1,1,128,1,1,16,0.000,0.000,,,,,NVIDIA A100-SXM4-40GB MIG 4g.20gb (0),1,,13,cupy_copy__complex64_complex64
17073985099,19200,332489,1434,1,1,128,1,1,16,0.000,0.000,,,,,NVIDIA A100-SXM4-40GB MIG 4g.20gb (0),1,,13,cupy_copy__complex64_complex64
17074120682,9248,332496,103,1,1,128,1,1,16,0.000,0.000,,,,,NVIDIA A100-SXM4-40GB MIG 4g.20gb (0),1,,13,cupy_copy__complex64_complex64
17074208969,327004,332503,1,1,1,32,32,1,30,0.000,0.000,,,,,NVIDIA A100-SXM4-40GB MIG 4g.20gb (0),1,,13,"void convert_kernel<__half2, float2>(tensor_layout_any, T1 *, tensor_layout_any, const T2 *)"
17074564357,6048,332506,,,,,,,,,,0.094,15491.978,Pinned,Device,NVIDIA A100-SXM4-40GB MIG 4g.20gb (0),1,,13,[CUDA memcpy Host-to-Device]
17074713635,56672,332507,,,,,,,,,,35.810,631866.038,Device,,NVIDIA A100-SXM4-40GB MIG 4g.20gb (0),1,,13,[CUDA memset]
17074776515,1887,332509,,,,,,,,,,0.000,42.395,Pinned,Device,NVIDIA A100-SXM4-40GB MIG 4g.20gb (0),1,,13,[CUDA memcpy Host-to-Device]
17074785794,16256,332510,,,,,,,,,,0.197,12094.341,Pinned,Device,NVIDIA A100-SXM4-40GB MIG 4g.20gb (0),1,,13,[CUDA memcpy Host-to-Device]
17074936929,33151,332511,273,1,1,48,1,1,40,0.000,0.001,,,,,NVIDIA A100-SXM4-40GB MIG 4g.20gb (0),1,,13,"void pusch_noise_intf_est::noiseIntfEstNoDftSOfdmKernel<float, __half, float, float, (unsigned int)2, (unsigned int)1, (unsigned char)4, (unsigned char)4>(pusch_noise_intf_est::puschRxNoiseIntfEstDynDescr)"
17075106751,11008,332522,35,1,1,128,1,1,16,0.000,0.000,,,,,NVIDIA A100-SXM4-40GB MIG 4g.20gb (0),1,,13,cupy_copy__complex64_complex64
17075237757,5920,332531,1,1,1,1,1,1,18,0.000,0.000,,,,,NVIDIA A100-SXM4-40GB MIG 4g.20gb (0),1,,13,cupy_copy__float32_float32
17075246365,1984,332537,,,,,,,,,,0.000,2.016,Device,Pageable,NVIDIA A100-SXM4-40GB MIG 4g.20gb (0),1,,7,[CUDA memcpy Device-to-Host]
17075438971,19776,332548,1434,1,1,128,1,1,16,0.000,0.000,,,,,NVIDIA A100-SXM4-40GB MIG 4g.20gb (0),1,,13,cupy_copy__complex64_complex64
17075491738,6304,332555,103,1,1,128,1,1,16,0.000,0.000,,,,,NVIDIA A100-SXM4-40GB MIG 4g.20gb (0),1,,13,cupy_copy__complex64_complex64
17075535514,12192,332562,35,1,1,128,1,1,16,0.000,0.000,,,,,NVIDIA A100-SXM4-40GB MIG 4g.20gb (0),1,,13,cupy_copy__complex64_complex64
17075588377,7744,332569,1,1,1,1,1,1,18,0.000,0.000,,,,,NVIDIA A100-SXM4-40GB MIG 4g.20gb (0),1,,13,cupy_copy__float32_float32
17075644313,252381,332580,1,1,1,32,32,1,30,0.000,0.000,,,,,NVIDIA A100-SXM4-40GB MIG 4g.20gb (0),1,,13,"void convert_kernel<__half2, float2>(tensor_layout_any, T1 *, tensor_layout_any, const T2 *)"
17075926550,5536,332583,,,,,,,,,,0.094,16924.777,Pinned,Device,NVIDIA A100-SXM4-40GB MIG 4g.20gb (0),1,,13,[CUDA memcpy Host-to-Device]
17075940757,7296,332584,,,,,,,,,,1.547,211981.832,Device,,NVIDIA A100-SXM4-40GB MIG 4g.20gb (0),1,,13,[CUDA memset]
17075948949,3040,332589,,,,,,,,,,0.031,10294.725,Pinned,Device,NVIDIA A100-SXM4-40GB MIG 4g.20gb (0),1,,13,[CUDA memcpy Host-to-Device]
17075954453,9920,332590,,,,,,,,,,0.197,19819.266,Pinned,Device,NVIDIA A100-SXM4-40GB MIG 4g.20gb (0),1,,13,[CUDA memcpy Host-to-Device]
17076010133,47839,332591,273,1,1,8,4,1,39,0.002,0.000,,,,,NVIDIA A100-SXM4-40GB MIG 4g.20gb (0),1,,13,"void channel_eq::eqMmseCoefCompLowMimoKernel<float, float, float, (unsigned int)4, (unsigned int)1, (unsigned int)4>(const channel_eq::_puschRxChEqStatDescr *, channel_eq::_puschRxChEqCoefCompDynDescr)"
17076153075,31168,332592,273,1,1,12,11,1,51,0.002,0.000,,,,,NVIDIA A100-SXM4-40GB MIG 4g.20gb (0),1,,13,"void channel_eq::eqMmseSoftDemapKernel<float, __half, __half, float, (unsigned int)4, (unsigned short)16383>(channel_eq::_puschRxChEqStatDescr *, channel_eq::_puschRxChEqSoftDemapDynDescr)"
17076242578,598585,332593,1,1,1,32,32,1,30,0.000,0.000,,,,,NVIDIA A100-SXM4-40GB MIG 4g.20gb (0),1,,13,"void convert_kernel<float2, __half2>(tensor_layout_any, T1 *, tensor_layout_any, const T2 *)"
17076884043,15872,332605,2253,1,1,128,1,1,16,0.000,0.000,,,,,NVIDIA A100-SXM4-40GB MIG 4g.20gb (0),1,,13,cupy_copy__float16_float16
17076930090,7744,332614,282,1,1,128,1,1,16,0.000,0.000,,,,,NVIDIA A100-SXM4-40GB MIG 4g.20gb (0),1,,13,cupy_copy__complex64_complex64
17076963818,6624,332623,26,1,1,128,1,1,16,0.000,0.000,,,,,NVIDIA A100-SXM4-40GB MIG 4g.20gb (0),1,,13,cupy_copy__float32_float32
17076997578,12383,332632,103,1,1,128,1,1,16,0.000,0.000,,,,,NVIDIA A100-SXM4-40GB MIG 4g.20gb (0),1,,13,cupy_copy__complex64_complex64
17077094120,17280,332642,1434,1,1,128,1,1,16,0.000,0.000,,,,,NVIDIA A100-SXM4-40GB MIG 4g.20gb (0),1,,13,cupy_copy__complex64_complex64
17077202887,330909,332647,1,1,1,32,32,1,30,0.000,0.000,,,,,NVIDIA A100-SXM4-40GB MIG 4g.20gb (0),1,,13,"void convert_kernel<__half2, float2>(tensor_layout_any, T1 *, tensor_layout_any, const T2 *)"
17077561987,5344,332650,,,,,,,,,,0.094,17532.864,Pinned,Device,NVIDIA A100-SXM4-40GB MIG 4g.20gb (0),1,,13,[CUDA memcpy Host-to-Device]
17077610595,609881,332651,,,,,,,,,,456.561,748304.200,Device,,NVIDIA A100-SXM4-40GB MIG 4g.20gb (0),1,,13,[CUDA memset]
17078227356,62431,332656,,,,,,,,,,1.235,19780.098,Pinned,Device,NVIDIA A100-SXM4-40GB MIG 4g.20gb (0),1,,13,[CUDA memcpy Host-to-Device]
17078295131,14368,332657,,,,,,,,,,0.197,13683.720,Pinned,Device,NVIDIA A100-SXM4-40GB MIG 4g.20gb (0),1,,13,[CUDA memcpy Host-to-Device]
17078468153,21280,332658,69,4,1,48,1,1,76,0.002,0.000,,,,,NVIDIA A100-SXM4-40GB MIG 4g.20gb (0),1,,13,"void ch_est::windowedChEstPreNoDftSOfdmKernel<float, __half, float, (unsigned int)2, (unsigned int)1, (unsigned short)4>(ch_est::puschRxChEstStatDescr_t *, ch_est::puschRxChEstDynDescr_t *)"
17078611543,30112,332659,137,2,1,24,2,1,44,0.001,0.001,,,,,NVIDIA A100-SXM4-40GB MIG 4g.20gb (0),1,,13,"void ch_est::chEstFilterNoDftSOfdmDispatchKernel<float, __half, float, (unsigned int)2>(ch_est::puschRxChEstStatDescr_t *, ch_est::puschRxChEstDynDescr_t *)"
17078801461,30784,332660,137,2,1,24,2,1,44,0.001,0.001,,,,,NVIDIA A100-SXM4-40GB MIG 4g.20gb (0),1,,13,"void ch_est::chEstFilterNoDftSOfdmDispatchKernel<float, __half, float, (unsigned int)2>(ch_est::puschRxChEstStatDescr_t *, ch_est::puschRxChEstDynDescr_t *)"
17078953364,7264,332671,103,1,1,128,1,1,16,0.000,0.000,,,,,NVIDIA A100-SXM4-40GB MIG 4g.20gb (0),1,,13,cupy_copy__complex64_complex64
17079025619,17408,332681,1434,1,1,128,1,1,16,0.000,0.000,,,,,NVIDIA A100-SXM4-40GB MIG 4g.20gb (0),1,,13,cupy_copy__complex64_complex64
17079171313,7488,332688,103,1,1,128,1,1,16,0.000,0.000,,,,,NVIDIA A100-SXM4-40GB MIG 4g.20gb (0),1,,13,cupy_copy__complex64_complex64
17079313168,338812,332695,1,1,1,32,32,1,30,0.000,0.000,,,,,NVIDIA A100-SXM4-40GB MIG 4g.20gb (0),1,,13,"void convert_kernel<__half2, float2>(tensor_layout_any, T1 *, tensor_layout_any, const T2 *)"
17079680107,5984,332698,,,,,,,,,,0.094,15657.726,Pinned,Device,NVIDIA A100-SXM4-40GB MIG 4g.20gb (0),1,,13,[CUDA memcpy Host-to-Device]
17079715211,56319,332699,,,,,,,,,,35.810,635805.130,Device,,NVIDIA A100-SXM4-40GB MIG 4g.20gb (0),1,,13,[CUDA memset]
17079773450,2656,332701,,,,,,,,,,0.000,30.120,Pinned,Device,NVIDIA A100-SXM4-40GB MIG 4g.20gb (0),1,,13,[CUDA memcpy Host-to-Device]
17079782922,14336,332702,,,,,,,,,,0.197,13714.194,Pinned,Device,NVIDIA A100-SXM4-40GB MIG 4g.20gb (0),1,,13,[CUDA memcpy Host-to-Device]
17079835466,44255,332703,273,1,1,48,1,1,40,0.000,0.001,,,,,NVIDIA A100-SXM4-40GB MIG 4g.20gb (0),1,,13,"void pusch_noise_intf_est::noiseIntfEstNoDftSOfdmKernel<float, __half, float, float, (unsigned int)2, (unsigned int)1, (unsigned char)4, (unsigned char)4>(pusch_noise_intf_est::puschRxNoiseIntfEstDynDescr)"
17079916905,11040,332714,35,1,1,128,1,1,16,0.000,0.000,,,,,NVIDIA A100-SXM4-40GB MIG 4g.20gb (0),1,,13,cupy_copy__complex64_complex64
17079955176,3680,332723,1,1,1,1,1,1,18,0.000,0.000,,,,,NVIDIA A100-SXM4-40GB MIG 4g.20gb (0),1,,13,cupy_copy__float32_float32
17079962376,1792,332729,,,,,,,,,,0.000,2.232,Device,Pageable,NVIDIA A100-SXM4-40GB MIG 4g.20gb (0),1,,7,[CUDA memcpy Device-to-Host]
17080038951,16096,332740,1434,1,1,128,1,1,16,0.000,0.000,,,,,NVIDIA A100-SXM4-40GB MIG 4g.20gb (0),1,,13,cupy_copy__complex64_complex64
17080085863,5792,332747,103,1,1,128,1,1,16,0.000,0.000,,,,,NVIDIA A100-SXM4-40GB MIG 4g.20gb (0),1,,13,cupy_copy__complex64_complex64
17080128998,11296,332754,35,1,1,128,1,1,16,0.000,0.000,,,,,NVIDIA A100-SXM4-40GB MIG 4g.20gb (0),1,,13,cupy_copy__complex64_complex64
17080176454,6208,332761,1,1,1,1,1,1,18,0.000,0.000,,,,,NVIDIA A100-SXM4-40GB MIG 4g.20gb (0),1,,13,cupy_copy__float32_float32
17080278469,244413,332772,1,1,1,32,32,1,30,0.000,0.000,,,,,NVIDIA A100-SXM4-40GB MIG 4g.20gb (0),1,,13,"void convert_kernel<__half2, float2>(tensor_layout_any, T1 *, tensor_layout_any, const T2 *)"
17080551650,5376,332775,,,,,,,,,,0.094,17428.487,Pinned,Device,NVIDIA A100-SXM4-40GB MIG 4g.20gb (0),1,,13,[CUDA memcpy Host-to-Device]
17080569697,11360,332776,,,,,,,,,,1.547,136146.217,Device,,NVIDIA A100-SXM4-40GB MIG 4g.20gb (0),1,,13,[CUDA memset]
17080583553,3072,332781,,,,,,,,,,0.031,10187.474,Pinned,Device,NVIDIA A100-SXM4-40GB MIG 4g.20gb (0),1,,13,[CUDA memcpy Host-to-Device]
17080589729,12864,332782,,,,,,,,,,0.197,15283.519,Pinned,Device,NVIDIA A100-SXM4-40GB MIG 4g.20gb (0),1,,13,[CUDA memcpy Host-to-Device]
17080638817,35359,332783,273,1,1,8,4,1,39,0.002,0.000,,,,,NVIDIA A100-SXM4-40GB MIG 4g.20gb (0),1,,13,"void channel_eq::eqMmseCoefCompLowMimoKernel<float, float, float, (unsigned int)4, (unsigned int)1, (unsigned int)4>(const channel_eq::_puschRxChEqStatDescr *, channel_eq::_puschRxChEqCoefCompDynDescr)"
17080712768,32735,332784,273,1,1,12,11,1,51,0.002,0.000,,,,,NVIDIA A100-SXM4-40GB MIG 4g.20gb (0),1,,13,"void channel_eq::eqMmseSoftDemapKernel<float, __half, __half, float, (unsigned int)4, (unsigned short)16383>(channel_eq::_puschRxChEqStatDescr *, channel_eq::_puschRxChEqSoftDemapDynDescr)"
17080768063,564378,332785,1,1,1,32,32,1,30,0.000,0.000,,,,,NVIDIA A100-SXM4-40GB MIG 4g.20gb (0),1,,13,"void convert_kernel<float2, __half2>(tensor_layout_any, T1 *, tensor_layout_any, const T2 *)"
17081375192,17728,332797,2253,1,1,128,1,1,16,0.000,0.000,,,,,NVIDIA A100-SXM4-40GB MIG 4g.20gb (0),1,,13,cupy_copy__float16_float16
17081477751,8736,332806,282,1,1,128,1,1,16,0.000,0.000,,,,,NVIDIA A100-SXM4-40GB MIG 4g.20gb (0),1,,13,cupy_copy__complex64_complex64
17081616566,6368,332815,26,1,1,128,1,1,16,0.000,0.000,,,,,NVIDIA A100-SXM4-40GB MIG 4g.20gb (0),1,,13,cupy_copy__float32_float32
17081684277,12288,332824,103,1,1,128,1,1,16,0.000,0.000,,,,,NVIDIA A100-SXM4-40GB MIG 4g.20gb (0),1,,13,cupy_copy__complex64_complex64
17081856435,16640,332840,1434,1,1,128,1,1,16,0.000,0.000,,,,,NVIDIA A100-SXM4-40GB MIG 4g.20gb (0),1,,13,cupy_copy__complex64_complex64
17081911378,389084,332845,1,1,1,32,32,1,30,0.000,0.000,,,,,NVIDIA A100-SXM4-40GB MIG 4g.20gb (0),1,,13,"void convert_kernel<__half2, float2>(tensor_layout_any, T1 *, tensor_layout_any, const T2 *)"
17082330990,13599,332848,,,,,,,,,,0.094,6889.842,Pinned,Device,NVIDIA A100-SXM4-40GB MIG 4g.20gb (0),1,,13,[CUDA memcpy Host-to-Device]
17082569739,614073,332849,,,,,,,,,,456.561,743282.024,Device,,NVIDIA A100-SXM4-40GB MIG 4g.20gb (0),1,,13,[CUDA memset]
17083184804,65663,332854,,,,,,,,,,1.235,18806.962,Pinned,Device,NVIDIA A100-SXM4-40GB MIG 4g.20gb (0),1,,13,[CUDA memcpy Host-to-Device]
17083257123,12000,332855,,,,,,,,,,0.197,16383.934,Pinned,Device,NVIDIA A100-SXM4-40GB MIG 4g.20gb (0),1,,13,[CUDA memcpy Host-to-Device]
17083504480,27968,332856,69,4,1,48,1,1,76,0.002,0.000,,,,,NVIDIA A100-SXM4-40GB MIG 4g.20gb (0),1,,13,"void ch_est::windowedChEstPreNoDftSOfdmKernel<float, __half, float, (unsigned int)2, (unsigned int)1, (unsigned short)4>(ch_est::puschRxChEstStatDescr_t *, ch_est::puschRxChEstDynDescr_t *)"
17083747390,42143,332857,137,2,1,24,2,1,44,0.001,0.001,,,,,NVIDIA A100-SXM4-40GB MIG 4g.20gb (0),1,,13,"void ch_est::chEstFilterNoDftSOfdmDispatchKernel<float, __half, float, (unsigned int)2>(ch_est::puschRxChEstStatDescr_t *, ch_est::puschRxChEstDynDescr_t *)"
17084042778,36800,332858,137,2,1,24,2,1,44,0.001,0.001,,,,,NVIDIA A100-SXM4-40GB MIG 4g.20gb (0),1,,13,"void ch_est::chEstFilterNoDftSOfdmDispatchKernel<float, __half, float, (unsigned int)2>(ch_est::puschRxChEstStatDescr_t *, ch_est::puschRxChEstDynDescr_t *)"
17084293016,7072,332869,103,1,1,128,1,1,16,0.000,0.000,,,,,NVIDIA A100-SXM4-40GB MIG 4g.20gb (0),1,,13,cupy_copy__complex64_complex64
17084434134,26752,332879,1434,1,1,128,1,1,16,0.000,0.000,,,,,NVIDIA A100-SXM4-40GB MIG 4g.20gb (0),1,,13,cupy_copy__complex64_complex64
17084657716,8319,332886,103,1,1,128,1,1,16,0.000,0.000,,,,,NVIDIA A100-SXM4-40GB MIG 4g.20gb (0),1,,13,cupy_copy__complex64_complex64
17084759122,390012,332893,1,1,1,32,32,1,30,0.000,0.000,,,,,NVIDIA A100-SXM4-40GB MIG 4g.20gb (0),1,,13,"void convert_kernel<__half2, float2>(tensor_layout_any, T1 *, tensor_layout_any, const T2 *)"
17085179374,5408,332896,,,,,,,,,,0.094,17325.421,Pinned,Device,NVIDIA A100-SXM4-40GB MIG 4g.20gb (0),1,,13,[CUDA memcpy Host-to-Device]
17085213773,56800,332897,,,,,,,,,,35.810,630433.642,Device,,NVIDIA A100-SXM4-40GB MIG 4g.20gb (0),1,,13,[CUDA memset]
17085278541,1952,332899,,,,,,,,,,0.000,40.984,Pinned,Device,NVIDIA A100-SXM4-40GB MIG 4g.20gb (0),1,,13,[CUDA memcpy Host-to-Device]
17085282892,13376,332900,,,,,,,,,,0.197,14698.414,Pinned,Device,NVIDIA A100-SXM4-40GB MIG 4g.20gb (0),1,,13,[CUDA memcpy Host-to-Device]
17085333708,46527,332901,273,1,1,48,1,1,40,0.000,0.001,,,,,NVIDIA A100-SXM4-40GB MIG 4g.20gb (0),1,,13,"void pusch_noise_intf_est::noiseIntfEstNoDftSOfdmKernel<float, __half, float, float, (unsigned int)2, (unsigned int)1, (unsigned char)4, (unsigned char)4>(pusch_noise_intf_est::puschRxNoiseIntfEstDynDescr)"
17085417483,14656,332912,35,1,1,128,1,1,16,0.000,0.000,,,,,NVIDIA A100-SXM4-40GB MIG 4g.20gb (0),1,,13,cupy_copy__complex64_complex64
17085456843,5375,332921,1,1,1,1,1,1,18,0.000,0.000,,,,,NVIDIA A100-SXM4-40GB MIG 4g.20gb (0),1,,13,cupy_copy__float32_float32
17085463370,1600,332927,,,,,,,,,,0.000,2.500,Device,Pageable,NVIDIA A100-SXM4-40GB MIG 4g.20gb (0),1,,7,[CUDA memcpy Device-to-Host]
17085544330,16223,332938,1434,1,1,128,1,1,16,0.000,0.000,,,,,NVIDIA A100-SXM4-40GB MIG 4g.20gb (0),1,,13,cupy_copy__complex64_complex64
17085591625,6496,332945,103,1,1,128,1,1,16,0.000,0.000,,,,,NVIDIA A100-SXM4-40GB MIG 4g.20gb (0),1,,13,cupy_copy__complex64_complex64
17085636169,10495,332952,35,1,1,128,1,1,16,0.000,0.000,,,,,NVIDIA A100-SXM4-40GB MIG 4g.20gb (0),1,,13,cupy_copy__complex64_complex64
17085689672,7936,332959,1,1,1,1,1,1,18,0.000,0.000,,,,,NVIDIA A100-SXM4-40GB MIG 4g.20gb (0),1,,13,cupy_copy__float32_float32
17085752487,247549,332970,1,1,1,32,32,1,30,0.000,0.000,,,,,NVIDIA A100-SXM4-40GB MIG 4g.20gb (0),1,,13,"void convert_kernel<__half2, float2>(tensor_layout_any, T1 *, tensor_layout_any, const T2 *)"
17086028964,5888,332973,,,,,,,,,,0.094,15912.954,Pinned,Device,NVIDIA A100-SXM4-40GB MIG 4g.20gb (0),1,,13,[CUDA memcpy Host-to-Device]
17086072388,9791,332974,,,,,,,,,,1.547,157962.896,Device,,NVIDIA A100-SXM4-40GB MIG 4g.20gb (0),1,,13,[CUDA memset]
17086084451,11072,332979,,,,,,,,,,0.031,2826.561,Pinned,Device,NVIDIA A100-SXM4-40GB MIG 4g.20gb (0),1,,13,[CUDA memcpy Host-to-Device]
17086105635,16576,332980,,,,,,,,,,0.197,11860.967,Pinned,Device,NVIDIA A100-SXM4-40GB MIG 4g.20gb (0),1,,13,[CUDA memcpy Host-to-Device]
17086175810,43168,332981,273,1,1,8,4,1,39,0.002,0.000,,,,,NVIDIA A100-SXM4-40GB MIG 4g.20gb (0),1,,13,"void channel_eq::eqMmseCoefCompLowMimoKernel<float, float, float, (unsigned int)4, (unsigned int)1, (unsigned int)4>(const channel_eq::_puschRxChEqStatDescr *, channel_eq::_puschRxChEqCoefCompDynDescr)"
17086318017,35167,332982,273,1,1,12,11,1,51,0.002,0.000,,,,,NVIDIA A100-SXM4-40GB MIG 4g.20gb (0),1,,13,"void channel_eq::eqMmseSoftDemapKernel<float, __half, __half, float, (unsigned int)4, (unsigned short)16383>(channel_eq::_puschRxChEqStatDescr *, channel_eq::_puschRxChEqSoftDemapDynDescr)"
17086470527,838327,332983,1,1,1,32,32,1,30,0.000,0.000,,,,,NVIDIA A100-SXM4-40GB MIG 4g.20gb (0),1,,13,"void convert_kernel<float2, __half2>(tensor_layout_any, T1 *, tensor_layout_any, const T2 *)"
17087545363,17440,332995,2253,1,1,128,1,1,16,0.000,0.000,,,,,NVIDIA A100-SXM4-40GB MIG 4g.20gb (0),1,,13,cupy_copy__float16_float16
17087791952,14304,333004,282,1,1,128,1,1,16,0.000,0.000,,,,,NVIDIA A100-SXM4-40GB MIG 4g.20gb (0),1,,13,cupy_copy__complex64_complex64
17088026382,5632,333013,26,1,1,128,1,1,16,0.000,0.000,,,,,NVIDIA A100-SXM4-40GB MIG 4g.20gb (0),1,,13,cupy_copy__float32_float32
17088169356,16096,333022,103,1,1,128,1,1,16,0.000,0.000,,,,,NVIDIA A100-SXM4-40GB MIG 4g.20gb (0),1,,13,cupy_copy__complex64_complex64
17088381706,22111,333032,1434,1,1,128,1,1,16,0.000,0.000,,,,,NVIDIA A100-SXM4-40GB MIG 4g.20gb (0),1,,13,cupy_copy__complex64_complex64
17088626119,388476,333037,1,1,1,32,32,1,30,0.000,0.000,,,,,NVIDIA A100-SXM4-40GB MIG 4g.20gb (0),1,,13,"void convert_kernel<__half2, float2>(tensor_layout_any, T1 *, tensor_layout_any, const T2 *)"
17089046018,12864,333040,,,,,,,,,,0.094,7283.552,Pinned,Device,NVIDIA A100-SXM4-40GB MIG 4g.20gb (0),1,,13,[CUDA memcpy Host-to-Device]
17089266336,616793,333041,,,,,,,,,,456.561,740086.094,Device,,NVIDIA A100-SXM4-40GB MIG 4g.20gb (0),1,,13,[CUDA memset]
17089887513,71391,333046,,,,,,,,,,1.235,17297.861,Pinned,Device,NVIDIA A100-SXM4-40GB MIG 4g.20gb (0),1,,13,[CUDA memcpy Host-to-Device]
17089961432,13472,333047,,,,,,,,,,0.197,14593.819,Pinned,Device,NVIDIA A100-SXM4-40GB MIG 4g.20gb (0),1,,13,[CUDA memcpy Host-to-Device]
17090017111,26656,333048,69,4,1,48,1,1,76,0.002,0.000,,,,,NVIDIA A100-SXM4-40GB MIG 4g.20gb (0),1,,13,"void ch_est::windowedChEstPreNoDftSOfdmKernel<float, __half, float, (unsigned int)2, (unsigned int)1, (unsigned short)4>(ch_est::puschRxChEstStatDescr_t *, ch_est::puschRxChEstDynDescr_t *)"
17090070519,39487,333049,137,2,1,24,2,1,44,0.001,0.001,,,,,NVIDIA A100-SXM4-40GB MIG 4g.20gb (0),1,,13,"void ch_est::chEstFilterNoDftSOfdmDispatchKernel<float, __half, float, (unsigned int)2>(ch_est::puschRxChEstStatDescr_t *, ch_est::puschRxChEstDynDescr_t *)"
17090159414,37055,333050,137,2,1,24,2,1,44,0.001,0.001,,,,,NVIDIA A100-SXM4-40GB MIG 4g.20gb (0),1,,13,"void ch_est::chEstFilterNoDftSOfdmDispatchKernel<float, __half, float, (unsigned int)2>(ch_est::puschRxChEstStatDescr_t *, ch_est::puschRxChEstDynDescr_t *)"
17090209173,6272,333061,103,1,1,128,1,1,16,0.000,0.000,,,,,NVIDIA A100-SXM4-40GB MIG 4g.20gb (0),1,,13,cupy_copy__complex64_complex64
17090252821,17951,333071,1434,1,1,128,1,1,16,0.000,0.000,,,,,NVIDIA A100-SXM4-40GB MIG 4g.20gb (0),1,,13,cupy_copy__complex64_complex64
17090302388,6496,333078,103,1,1,128,1,1,16,0.000,0.000,,,,,NVIDIA A100-SXM4-40GB MIG 4g.20gb (0),1,,13,cupy_copy__complex64_complex64
17090354836,253981,333085,1,1,1,32,32,1,30,0.000,0.000,,,,,NVIDIA A100-SXM4-40GB MIG 4g.20gb (0),1,,13,"void convert_kernel<__half2, float2>(tensor_layout_any, T1 *, tensor_layout_any, const T2 *)"
17090637104,6240,333088,,,,,,,,,,0.094,15015.346,Pinned,Device,NVIDIA A100-SXM4-40GB MIG 4g.20gb (0),1,,13,[CUDA memcpy Host-to-Device]
17090703696,60191,333089,,,,,,,,,,35.810,594910.201,Device,,NVIDIA A100-SXM4-40GB MIG 4g.20gb (0),1,,13,[CUDA memset]
17090764367,5792,333091,,,,,,,,,,0.000,13.812,Pinned,Device,NVIDIA A100-SXM4-40GB MIG 4g.20gb (0),1,,13,[CUDA memcpy Host-to-Device]
17090772879,9568,333092,,,,,,,,,,0.197,20548.485,Pinned,Device,NVIDIA A100-SXM4-40GB MIG 4g.20gb (0),1,,13,[CUDA memcpy Host-to-Device]
17090898893,40800,333093,273,1,1,48,1,1,40,0.000,0.001,,,,,NVIDIA A100-SXM4-40GB MIG 4g.20gb (0),1,,13,"void pusch_noise_intf_est::noiseIntfEstNoDftSOfdmKernel<float, __half, float, float, (unsigned int)2, (unsigned int)1, (unsigned char)4, (unsigned char)4>(pusch_noise_intf_est::puschRxNoiseIntfEstDynDescr)"
17091043884,8416,333104,35,1,1,128,1,1,16,0.000,0.000,,,,,NVIDIA A100-SXM4-40GB MIG 4g.20gb (0),1,,13,cupy_copy__complex64_complex64
17091151403,4991,333113,1,1,1,1,1,1,18,0.000,0.000,,,,,NVIDIA A100-SXM4-40GB MIG 4g.20gb (0),1,,13,cupy_copy__float32_float32
17091170602,6080,333119,,,,,,,,,,0.000,0.658,Device,Pageable,NVIDIA A100-SXM4-40GB MIG 4g.20gb (0),1,,7,[CUDA memcpy Device-to-Host]
17091328297,21599,333130,1434,1,1,128,1,1,16,0.000,0.000,,,,,NVIDIA A100-SXM4-40GB MIG 4g.20gb (0),1,,13,cupy_copy__complex64_complex64
17091576774,7968,333137,103,1,1,128,1,1,16,0.000,0.000,,,,,NVIDIA A100-SXM4-40GB MIG 4g.20gb (0),1,,13,cupy_copy__complex64_complex64
17091813667,6080,333144,35,1,1,128,1,1,16,0.000,0.000,,,,,NVIDIA A100-SXM4-40GB MIG 4g.20gb (0),1,,13,cupy_copy__complex64_complex64
17091947074,5216,333151,1,1,1,1,1,1,18,0.000,0.000,,,,,NVIDIA A100-SXM4-40GB MIG 4g.20gb (0),1,,13,cupy_copy__float32_float32
17092171167,371996,333162,1,1,1,32,32,1,30,0.000,0.000,,,,,NVIDIA A100-SXM4-40GB MIG 4g.20gb (0),1,,13,"void convert_kernel<__half2, float2>(tensor_layout_any, T1 *, tensor_layout_any, const T2 *)"
17092577659,10015,333165,,,,,,,,,,0.094,9355.546,Pinned,Device,NVIDIA A100-SXM4-40GB MIG 4g.20gb (0),1,,13,[CUDA memcpy Host-to-Device]
17092844984,7295,333166,,,,,,,,,,1.547,212011.218,Device,,NVIDIA A100-SXM4-40GB MIG 4g.20gb (0),1,,13,[CUDA memset]
17092859383,7616,333171,,,,,,,,,,0.031,4109.227,Pinned,Device,NVIDIA A100-SXM4-40GB MIG 4g.20gb (0),1,,13,[CUDA memcpy Host-to-Device]
17092869751,9792,333172,,,,,,,,,,0.197,20078.395,Pinned,Device,NVIDIA A100-SXM4-40GB MIG 4g.20gb (0),1,,13,[CUDA memcpy Host-to-Device]
17093135540,47936,333173,273,1,1,8,4,1,39,0.002,0.000,,,,,NVIDIA A100-SXM4-40GB MIG 4g.20gb (0),1,,13,"void channel_eq::eqMmseCoefCompLowMimoKernel<float, float, float, (unsigned int)4, (unsigned int)1, (unsigned int)4>(const channel_eq::_puschRxChEqStatDescr *, channel_eq::_puschRxChEqCoefCompDynDescr)"
17093457009,25983,333174,273,1,1,12,11,1,51,0.002,0.000,,,,,NVIDIA A100-SXM4-40GB MIG 4g.20gb (0),1,,13,"void channel_eq::eqMmseSoftDemapKernel<float, __half, __half, float, (unsigned int)4, (unsigned short)16383>(channel_eq::_puschRxChEqStatDescr *, channel_eq::_puschRxChEqSoftDemapDynDescr)"
17093674062,703352,333175,1,1,1,32,32,1,30,0.000,0.000,,,,,NVIDIA A100-SXM4-40GB MIG 4g.20gb (0),1,,13,"void convert_kernel<float2, __half2>(tensor_layout_any, T1 *, tensor_layout_any, const T2 *)"
17094410150,16352,333187,2253,1,1,128,1,1,16,0.000,0.000,,,,,NVIDIA A100-SXM4-40GB MIG 4g.20gb (0),1,,13,cupy_copy__float16_float16
17094459013,7136,333196,282,1,1,128,1,1,16,0.000,0.000,,,,,NVIDIA A100-SXM4-40GB MIG 4g.20gb (0),1,,13,cupy_copy__complex64_complex64
17094491717,6944,333205,26,1,1,128,1,1,16,0.000,0.000,,,,,NVIDIA A100-SXM4-40GB MIG 4g.20gb (0),1,,13,cupy_copy__float32_float32
17094527173,12735,333214,103,1,1,128,1,1,16,0.000,0.000,,,,,NVIDIA A100-SXM4-40GB MIG 4g.20gb (0),1,,13,cupy_copy__complex64_complex64
17094622852,19743,333224,1434,1,1,128,1,1,16,0.000,0.000,,,,,NVIDIA A100-SXM4-40GB MIG 4g.20gb (0),1,,13,cupy_copy__complex64_complex64
17094682147,338012,333229,1,1,1,32,32,1,30,0.000,0.000,,,,,NVIDIA A100-SXM4-40GB MIG 4g.20gb (0),1,,13,"void convert_kernel<__half2, float2>(tensor_layout_any, T1 *, tensor_layout_any, const T2 *)"
17095049375,13184,333232,,,,,,,,,,0.094,7106.748,Pinned,Device,NVIDIA A100-SXM4-40GB MIG 4g.20gb (0),1,,13,[CUDA memcpy Host-to-Device]
17095153726,614137,333233,,,,,,,,,,456.561,743282.024,Device,,NVIDIA A100-SXM4-40GB MIG 4g.20gb (0),1,,13,[CUDA memset]
17095775447,67263,333238,,,,,,,,,,1.235,18359.912,Pinned,Device,NVIDIA A100-SXM4-40GB MIG 4g.20gb (0),1,,13,[CUDA memcpy Host-to-Device]
17095850486,19360,333239,,,,,,,,,,0.197,10155.196,Pinned,Device,NVIDIA A100-SXM4-40GB MIG 4g.20gb (0),1,,13,[CUDA memcpy Host-to-Device]
17096025556,27935,333240,69,4,1,48,1,1,76,0.002,0.000,,,,,NVIDIA A100-SXM4-40GB MIG 4g.20gb (0),1,,13,"void ch_est::windowedChEstPreNoDftSOfdmKernel<float, __half, float, (unsigned int)2, (unsigned int)1, (unsigned short)4>(ch_est::puschRxChEstStatDescr_t *, ch_est::puschRxChEstDynDescr_t *)"
17096347760,25888,333241,137,2,1,24,2,1,44,0.001,0.001,,,,,NVIDIA A100-SXM4-40GB MIG 4g.20gb (0),1,,13,"void ch_est::chEstFilterNoDftSOfdmDispatchKernel<float, __half, float, (unsigned int)2>(ch_est::puschRxChEstStatDescr_t *, ch_est::puschRxChEstDynDescr_t *)"
17096666029,24863,333242,137,2,1,24,2,1,44,0.001,0.001,,,,,NVIDIA A100-SXM4-40GB MIG 4g.20gb (0),1,,13,"void ch_est::chEstFilterNoDftSOfdmDispatchKernel<float, __half, float, (unsigned int)2>(ch_est::puschRxChEstStatDescr_t *, ch_est::puschRxChEstDynDescr_t *)"
17096981545,8672,333253,103,1,1,128,1,1,16,0.000,0.000,,,,,NVIDIA A100-SXM4-40GB MIG 4g.20gb (0),1,,13,cupy_copy__complex64_complex64
17097264742,17696,333263,1434,1,1,128,1,1,16,0.000,0.000,,,,,NVIDIA A100-SXM4-40GB MIG 4g.20gb (0),1,,13,cupy_copy__complex64_complex64
17097422180,5792,333270,103,1,1,128,1,1,16,0.000,0.000,,,,,NVIDIA A100-SXM4-40GB MIG 4g.20gb (0),1,,13,cupy_copy__complex64_complex64
17097696129,336828,333277,1,1,1,32,32,1,30,0.000,0.000,,,,,NVIDIA A100-SXM4-40GB MIG 4g.20gb (0),1,,13,"void convert_kernel<__half2, float2>(tensor_layout_any, T1 *, tensor_layout_any, const T2 *)"
17098058397,6400,333280,,,,,,,,,,0.094,14640.000,Pinned,Device,NVIDIA A100-SXM4-40GB MIG 4g.20gb (0),1,,13,[CUDA memcpy Host-to-Device]
17098292538,55488,333281,,,,,,,,,,35.810,645330.568,Device,,NVIDIA A100-SXM4-40GB MIG 4g.20gb (0),1,,13,[CUDA memset]
17098352730,3552,333283,,,,,,,,,,0.000,22.522,Pinned,Device,NVIDIA A100-SXM4-40GB MIG 4g.20gb (0),1,,13,[CUDA memcpy Host-to-Device]
17098362522,14079,333284,,,,,,,,,,0.197,13964.476,Pinned,Device,NVIDIA A100-SXM4-40GB MIG 4g.20gb (0),1,,13,[CUDA memcpy Host-to-Device]
17098592375,36704,333285,273,1,1,48,1,1,40,0.000,0.001,,,,,NVIDIA A100-SXM4-40GB MIG 4g.20gb (0),1,,13,"void pusch_noise_intf_est::noiseIntfEstNoDftSOfdmKernel<float, __half, float, float, (unsigned int)2, (unsigned int)1, (unsigned char)4, (unsigned char)4>(pusch_noise_intf_est::puschRxNoiseIntfEstDynDescr)"
17098825940,10624,333296,35,1,1,128,1,1,16,0.000,0.000,,,,,NVIDIA A100-SXM4-40GB MIG 4g.20gb (0),1,,13,cupy_copy__complex64_complex64
17099027954,5312,333305,1,1,1,1,1,1,18,0.000,0.000,,,,,NVIDIA A100-SXM4-40GB MIG 4g.20gb (0),1,,13,cupy_copy__float32_float32
17099035602,2304,333311,,,,,,,,,,0.000,1.736,Device,Pageable,NVIDIA A100-SXM4-40GB MIG 4g.20gb (0),1,,7,[CUDA memcpy Device-to-Host]
17099129201,18336,333322,1434,1,1,128,1,1,16,0.000,0.000,,,,,NVIDIA A100-SXM4-40GB MIG 4g.20gb (0),1,,13,cupy_copy__complex64_complex64
17099181488,5696,333329,103,1,1,128,1,1,16,0.000,0.000,,,,,NVIDIA A100-SXM4-40GB MIG 4g.20gb (0),1,,13,cupy_copy__complex64_complex64
17099224080,11360,333336,35,1,1,128,1,1,16,0.000,0.000,,,,,NVIDIA A100-SXM4-40GB MIG 4g.20gb (0),1,,13,cupy_copy__complex64_complex64
17099277391,4928,333343,1,1,1,1,1,1,18,0.000,0.000,,,,,NVIDIA A100-SXM4-40GB MIG 4g.20gb (0),1,,13,cupy_copy__float32_float32
17099338031,335164,333354,1,1,1,32,32,1,30,0.000,0.000,,,,,NVIDIA A100-SXM4-40GB MIG 4g.20gb (0),1,,13,"void convert_kernel<__half2, float2>(tensor_layout_any, T1 *, tensor_layout_any, const T2 *)"
17099703114,13376,333357,,,,,,,,,,0.094,7004.713,Pinned,Device,NVIDIA A100-SXM4-40GB MIG 4g.20gb (0),1,,13,[CUDA memcpy Host-to-Device]
17099814473,7488,333358,,,,,,,,,,1.547,206546.995,Device,,NVIDIA A100-SXM4-40GB MIG 4g.20gb (0),1,,13,[CUDA memset]
17099831625,4992,333363,,,,,,,,,,0.031,6269.215,Pinned,Device,NVIDIA A100-SXM4-40GB MIG 4g.20gb (0),1,,13,[CUDA memcpy Host-to-Device]
17099845961,16864,333364,,,,,,,,,,0.197,11658.265,Pinned,Device,NVIDIA A100-SXM4-40GB MIG 4g.20gb (0),1,,13,[CUDA memcpy Host-to-Device]
17099918600,23840,333365,273,1,1,8,4,1,39,0.002,0.000,,,,,NVIDIA A100-SXM4-40GB MIG 4g.20gb (0),1,,13,"void channel_eq::eqMmseCoefCompLowMimoKernel<float, float, float, (unsigned int)4, (unsigned int)1, (unsigned int)4>(const channel_eq::_puschRxChEqStatDescr *, channel_eq::_puschRxChEqCoefCompDynDescr)"
17100061222,23104,333366,273,1,1,12,11,1,51,0.002,0.000,,,,,NVIDIA A100-SXM4-40GB MIG 4g.20gb (0),1,,13,"void channel_eq::eqMmseSoftDemapKernel<float, __half, __half, float, (unsigned int)4, (unsigned short)16383>(channel_eq::_puschRxChEqStatDescr *, channel_eq::_puschRxChEqSoftDemapDynDescr)"
17100213701,845590,333367,1,1,1,32,32,1,30,0.000,0.000,,,,,NVIDIA A100-SXM4-40GB MIG 4g.20gb (0),1,,13,"void convert_kernel<float2, __half2>(tensor_layout_any, T1 *, tensor_layout_any, const T2 *)"
17101277753,15744,333379,2253,1,1,128,1,1,16,0.000,0.000,,,,,NVIDIA A100-SXM4-40GB MIG 4g.20gb (0),1,,13,cupy_copy__float16_float16
17101487926,12704,333388,282,1,1,128,1,1,16,0.000,0.000,,,,,NVIDIA A100-SXM4-40GB MIG 4g.20gb (0),1,,13,cupy_copy__complex64_complex64
17101525750,5824,333397,26,1,1,128,1,1,16,0.000,0.000,,,,,NVIDIA A100-SXM4-40GB MIG 4g.20gb (0),1,,13,cupy_copy__float32_float32
17101559094,14495,333406,103,1,1,128,1,1,16,0.000,0.000,,,,,NVIDIA A100-SXM4-40GB MIG 4g.20gb (0),1,,13,cupy_copy__complex64_complex64
17101820755,16000,333416,1434,1,1,128,1,1,16,0.000,0.000,,,,,NVIDIA A100-SXM4-40GB MIG 4g.20gb (0),1,,13,cupy_copy__complex64_complex64
17101906386,287453,333421,1,1,1,32,32,1,30,0.000,0.000,,,,,NVIDIA A100-SXM4-40GB MIG 4g.20gb (0),1,,13,"void convert_kernel<__half2, float2>(tensor_layout_any, T1 *, tensor_layout_any, const T2 *)"
17102222030,5376,333424,,,,,,,,,,0.094,17428.487,Pinned,Device,NVIDIA A100-SXM4-40GB MIG 4g.20gb (0),1,,13,[CUDA memcpy Host-to-Device]
17102357101,608441,333425,,,,,,,,,,456.561,750130.446,Device,,NVIDIA A100-SXM4-40GB MIG 4g.20gb (0),1,,13,[CUDA memset]
17102971814,66143,333430,,,,,,,,,,1.235,18669.883,Pinned,Device,NVIDIA A100-SXM4-40GB MIG 4g.20gb (0),1,,13,[CUDA memcpy Host-to-Device]
17103040965,13120,333431,,,,,,,,,,0.197,14985.265,Pinned,Device,NVIDIA A100-SXM4-40GB MIG 4g.20gb (0),1,,13,[CUDA memcpy Host-to-Device]
17103261827,15967,333432,69,4,1,48,1,1,76,0.002,0.000,,,,,NVIDIA A100-SXM4-40GB MIG 4g.20gb (0),1,,13,"void ch_est::windowedChEstPreNoDftSOfdmKernel<float, __half, float, (unsigned int)2, (unsigned int)1, (unsigned short)4>(ch_est::puschRxChEstStatDescr_t *, ch_est::puschRxChEstDynDescr_t *)"
17103592031,15040,333433,137,2,1,24,2,1,44,0.001,0.001,,,,,NVIDIA A100-SXM4-40GB MIG 4g.20gb (0),1,,13,"void ch_est::chEstFilterNoDftSOfdmDispatchKernel<float, __half, float, (unsigned int)2>(ch_est::puschRxChEstStatDescr_t *, ch_est::puschRxChEstDynDescr_t *)"
17103919899,19776,333434,137,2,1,24,2,1,44,0.001,0.001,,,,,NVIDIA A100-SXM4-40GB MIG 4g.20gb (0),1,,13,"void ch_est::chEstFilterNoDftSOfdmDispatchKernel<float, __half, float, (unsigned int)2>(ch_est::puschRxChEstStatDescr_t *, ch_est::puschRxChEstDynDescr_t *)"
17104166904,8352,333445,103,1,1,128,1,1,16,0.000,0.000,,,,,NVIDIA A100-SXM4-40GB MIG 4g.20gb (0),1,,13,cupy_copy__complex64_complex64
17104451957,19488,333455,1434,1,1,128,1,1,16,0.000,0.000,,,,,NVIDIA A100-SXM4-40GB MIG 4g.20gb (0),1,,13,cupy_copy__complex64_complex64
17104578004,4896,333462,103,1,1,128,1,1,16,0.000,0.000,,,,,NVIDIA A100-SXM4-40GB MIG 4g.20gb (0),1,,13,cupy_copy__complex64_complex64
17104660499,361340,333469,1,1,1,32,32,1,30,0.000,0.000,,,,,NVIDIA A100-SXM4-40GB MIG 4g.20gb (0),1,,13,"void convert_kernel<__half2, float2>(tensor_layout_any, T1 *, tensor_layout_any, const T2 *)"
17105055470,10112,333472,,,,,,,,,,0.094,9265.785,Pinned,Device,NVIDIA A100-SXM4-40GB MIG 4g.20gb (0),1,,13,[CUDA memcpy Host-to-Device]
17105189101,58559,333473,,,,,,,,,,35.810,611490.194,Device,,NVIDIA A100-SXM4-40GB MIG 4g.20gb (0),1,,13,[CUDA memset]
17105254508,5984,333475,,,,,,,,,,0.000,13.369,Pinned,Device,NVIDIA A100-SXM4-40GB MIG 4g.20gb (0),1,,13,[CUDA memcpy Host-to-Device]
17105262988,13472,333476,,,,,,,,,,0.197,14593.819,Pinned,Device,NVIDIA A100-SXM4-40GB MIG 4g.20gb (0),1,,13,[CUDA memcpy Host-to-Device]
17105387947,42911,333477,273,1,1,48,1,1,40,0.000,0.001,,,,,NVIDIA A100-SXM4-40GB MIG 4g.20gb (0),1,,13,"void pusch_noise_intf_est::noiseIntfEstNoDftSOfdmKernel<float, __half, float, float, (unsigned int)2, (unsigned int)1, (unsigned char)4, (unsigned char)4>(pusch_noise_intf_est::puschRxNoiseIntfEstDynDescr)"
17105538857,8544,333488,35,1,1,128,1,1,16,0.000,0.000,,,,,NVIDIA A100-SXM4-40GB MIG 4g.20gb (0),1,,13,cupy_copy__complex64_complex64
17105578952,4640,333497,1,1,1,1,1,1,18,0.000,0.000,,,,,NVIDIA A100-SXM4-40GB MIG 4g.20gb (0),1,,13,cupy_copy__float32_float32
17105588840,1920,333503,,,,,,,,,,0.000,2.083,Device,Pageable,NVIDIA A100-SXM4-40GB MIG 4g.20gb (0),1,,7,[CUDA memcpy Device-to-Host]
17105665256,17663,333514,1434,1,1,128,1,1,16,0.000,0.000,,,,,NVIDIA A100-SXM4-40GB MIG 4g.20gb (0),1,,13,cupy_copy__complex64_complex64
17105713223,6688,333521,103,1,1,128,1,1,16,0.000,0.000,,,,,NVIDIA A100-SXM4-40GB MIG 4g.20gb (0),1,,13,cupy_copy__complex64_complex64
17105756838,11552,333528,35,1,1,128,1,1,16,0.000,0.000,,,,,NVIDIA A100-SXM4-40GB MIG 4g.20gb (0),1,,13,cupy_copy__complex64_complex64
17105804230,3296,333535,1,1,1,1,1,1,18,0.000,0.000,,,,,NVIDIA A100-SXM4-40GB MIG 4g.20gb (0),1,,13,cupy_copy__float32_float32
17105902885,319004,333546,1,1,1,32,32,1,30,0.000,0.000,,,,,NVIDIA A100-SXM4-40GB MIG 4g.20gb (0),1,,13,"void convert_kernel<__half2, float2>(tensor_layout_any, T1 *, tensor_layout_any, const T2 *)"
17106250913,5728,333549,,,,,,,,,,0.094,16357.541,Pinned,Device,NVIDIA A100-SXM4-40GB MIG 4g.20gb (0),1,,13,[CUDA memcpy Host-to-Device]
17106317184,8960,333550,,,,,,,,,,1.547,172614.065,Device,,NVIDIA A100-SXM4-40GB MIG 4g.20gb (0),1,,13,[CUDA memset]
17106329824,7232,333555,,,,,,,,,,0.031,4327.423,Pinned,Device,NVIDIA A100-SXM4-40GB MIG 4g.20gb (0),1,,13,[CUDA memcpy Host-to-Device]
17106343200,15808,333556,,,,,,,,,,0.197,12437.225,Pinned,Device,NVIDIA A100-SXM4-40GB MIG 4g.20gb (0),1,,13,[CUDA memcpy Host-to-Device]
17106560925,45504,333557,273,1,1,8,4,1,39,0.002,0.000,,,,,NVIDIA A100-SXM4-40GB MIG 4g.20gb (0),1,,13,"void channel_eq::eqMmseCoefCompLowMimoKernel<float, float, float, (unsigned int)4, (unsigned int)1, (unsigned int)4>(const channel_eq::_puschRxChEqStatDescr *, channel_eq::_puschRxChEqCoefCompDynDescr)"
17106915257,27904,333558,273,1,1,12,11,1,51,0.002,0.000,,,,,NVIDIA A100-SXM4-40GB MIG 4g.20gb (0),1,,13,"void channel_eq::eqMmseSoftDemapKernel<float, __half, __half, float, (unsigned int)4, (unsigned short)16383>(channel_eq::_puschRxChEqStatDescr *, channel_eq::_puschRxChEqSoftDemapDynDescr)"
17107243126,783575,333559,1,1,1,32,32,1,30,0.000,0.000,,,,,NVIDIA A100-SXM4-40GB MIG 4g.20gb (0),1,,13,"void convert_kernel<float2, __half2>(tensor_layout_any, T1 *, tensor_layout_any, const T2 *)"
17108323210,17823,333571,2253,1,1,128,1,1,16,0.000,0.000,,,,,NVIDIA A100-SXM4-40GB MIG 4g.20gb (0),1,,13,cupy_copy__float16_float16
17108653318,6752,333580,282,1,1,128,1,1,16,0.000,0.000,,,,,NVIDIA A100-SXM4-40GB MIG 4g.20gb (0),1,,13,cupy_copy__complex64_complex64
17108827076,3264,333589,26,1,1,128,1,1,16,0.000,0.000,,,,,NVIDIA A100-SXM4-40GB MIG 4g.20gb (0),1,,13,cupy_copy__float32_float32
17109085249,12480,333598,103,1,1,128,1,1,16,0.000,0.000,,,,,NVIDIA A100-SXM4-40GB MIG 4g.20gb (0),1,,13,cupy_copy__complex64_complex64
17109393630,19455,333608,1434,1,1,128,1,1,16,0.000,0.000,,,,,NVIDIA A100-SXM4-40GB MIG 4g.20gb (0),1,,13,cupy_copy__complex64_complex64
17109537948,345980,333613,1,1,1,32,32,1,30,0.000,0.000,,,,,NVIDIA A100-SXM4-40GB MIG 4g.20gb (0),1,,13,"void convert_kernel<__half2, float2>(tensor_layout_any, T1 *, tensor_layout_any, const T2 *)"
17110894189,6336,333616,,,,,,,,,,0.094,14787.852,Pinned,Device,NVIDIA A100-SXM4-40GB MIG 4g.20gb (0),1,,13,[CUDA memcpy Host-to-Device]
17111113674,648633,333617,,,,,,,,,,456.561,703561.179,Device,,NVIDIA A100-SXM4-40GB MIG 4g.20gb (0),1,,13,[CUDA memset]
17111958401,52351,333622,,,,,,,,,,1.235,23588.665,Pinned,Device,NVIDIA A100-SXM4-40GB MIG 4g.20gb (0),1,,13,[CUDA memcpy Host-to-Device]
17112014688,11616,333623,,,,,,,,,,0.197,16925.590,Pinned,Device,NVIDIA A100-SXM4-40GB MIG 4g.20gb (0),1,,13,[CUDA memcpy Host-to-Device]
17112141023,19680,333624,69,4,1,48,1,1,76,0.002,0.000,,,,,NVIDIA A100-SXM4-40GB MIG 4g.20gb (0),1,,13,"void ch_est::windowedChEstPreNoDftSOfdmKernel<float, __half, float, (unsigned int)2, (unsigned int)1, (unsigned short)4>(ch_est::puschRxChEstStatDescr_t *, ch_est::puschRxChEstDynDescr_t *)"
17112447355,19552,333625,137,2,1,24,2,1,44,0.001,0.001,,,,,NVIDIA A100-SXM4-40GB MIG 4g.20gb (0),1,,13,"void ch_est::chEstFilterNoDftSOfdmDispatchKernel<float, __half, float, (unsigned int)2>(ch_est::puschRxChEstStatDescr_t *, ch_est::puschRxChEstDynDescr_t *)"
17112638329,21760,333626,137,2,1,24,2,1,44,0.001,0.001,,,,,NVIDIA A100-SXM4-40GB MIG 4g.20gb (0),1,,13,"void ch_est::chEstFilterNoDftSOfdmDispatchKernel<float, __half, float, (unsigned int)2>(ch_est::puschRxChEstStatDescr_t *, ch_est::puschRxChEstDynDescr_t *)"
17112760856,4032,333637,103,1,1,128,1,1,16,0.000,0.000,,,,,NVIDIA A100-SXM4-40GB MIG 4g.20gb (0),1,,13,cupy_copy__complex64_complex64
17112947094,22943,333647,1434,1,1,128,1,1,16,0.000,0.000,,,,,NVIDIA A100-SXM4-40GB MIG 4g.20gb (0),1,,13,cupy_copy__complex64_complex64
17113057332,8576,333654,103,1,1,128,1,1,16,0.000,0.000,,,,,NVIDIA A100-SXM4-40GB MIG 4g.20gb (0),1,,13,cupy_copy__complex64_complex64
17113341873,404700,333661,1,1,1,32,32,1,30,0.000,0.000,,,,,NVIDIA A100-SXM4-40GB MIG 4g.20gb (0),1,,13,"void convert_kernel<__half2, float2>(tensor_layout_any, T1 *, tensor_layout_any, const T2 *)"
17113782284,11264,333664,,,,,,,,,,0.094,8318.143,Pinned,Device,NVIDIA A100-SXM4-40GB MIG 4g.20gb (0),1,,13,[CUDA memcpy Host-to-Device]
17114070249,54367,333665,,,,,,,,,,35.810,658651.859,Device,,NVIDIA A100-SXM4-40GB MIG 4g.20gb (0),1,,13,[CUDA memset]
17114129416,2368,333667,,,,,,,,,,0.000,33.784,Pinned,Device,NVIDIA A100-SXM4-40GB MIG 4g.20gb (0),1,,13,[CUDA memcpy Host-to-Device]
17114138120,9632,333668,,,,,,,,,,0.197,20411.843,Pinned,Device,NVIDIA A100-SXM4-40GB MIG 4g.20gb (0),1,,13,[CUDA memcpy Host-to-Device]
17114472229,23391,333669,273,1,1,48,1,1,40,0.000,0.001,,,,,NVIDIA A100-SXM4-40GB MIG 4g.20gb (0),1,,13,"void pusch_noise_intf_est::noiseIntfEstNoDftSOfdmKernel<float, __half, float, float, (unsigned int)2, (unsigned int)1, (unsigned char)4, (unsigned char)4>(pusch_noise_intf_est::puschRxNoiseIntfEstDynDescr)"
17114810145,9920,333680,35,1,1,128,1,1,16,0.000,0.000,,,,,NVIDIA A100-SXM4-40GB MIG 4g.20gb (0),1,,13,cupy_copy__complex64_complex64
17114901536,9856,333689,1,1,1,1,1,1,18,0.000,0.000,,,,,NVIDIA A100-SXM4-40GB MIG 4g.20gb (0),1,,13,cupy_copy__float32_float32
17114919968,1376,333695,,,,,,,,,,0.000,2.907,Device,Pageable,NVIDIA A100-SXM4-40GB MIG 4g.20gb (0),1,,7,[CUDA memcpy Device-to-Host]
17115000927,19967,333706,1434,1,1,128,1,1,16,0.000,0.000,,,,,NVIDIA A100-SXM4-40GB MIG 4g.20gb (0),1,,13,cupy_copy__complex64_complex64
17115048158,5760,333713,103,1,1,128,1,1,16,0.000,0.000,,,,,NVIDIA A100-SXM4-40GB MIG 4g.20gb (0),1,,13,cupy_copy__complex64_complex64
17115060798,6560,333720,35,1,1,128,1,1,16,0.000,0.000,,,,,NVIDIA A100-SXM4-40GB MIG 4g.20gb (0),1,,13,cupy_copy__complex64_complex64
17115100062,3967,333727,1,1,1,1,1,1,18,0.000,0.000,,,,,NVIDIA A100-SXM4-40GB MIG 4g.20gb (0),1,,13,cupy_copy__float32_float32
17115207996,257885,333738,1,1,1,32,32,1,30,0.000,0.000,,,,,NVIDIA A100-SXM4-40GB MIG 4g.20gb (0),1,,13,"void convert_kernel<__half2, float2>(tensor_layout_any, T1 *, tensor_layout_any, const T2 *)"
17115495065,5824,333741,,,,,,,,,,0.094,16087.884,Pinned,Device,NVIDIA A100-SXM4-40GB MIG 4g.20gb (0),1,,13,[CUDA memcpy Host-to-Device]
17115520985,4608,333742,,,,,,,,,,1.547,335637.514,Device,,NVIDIA A100-SXM4-40GB MIG 4g.20gb (0),1,,13,[CUDA memset]
17115531321,3520,333747,,,,,,,,,,0.031,8890.881,Pinned,Device,NVIDIA A100-SXM4-40GB MIG 4g.20gb (0),1,,13,[CUDA memcpy Host-to-Device]
17115539577,11967,333748,,,,,,,,,,0.197,16429.154,Pinned,Device,NVIDIA A100-SXM4-40GB MIG 4g.20gb (0),1,,13,[CUDA memcpy Host-to-Device]
17115568952,9280,333749,273,1,1,8,4,1,39,0.002,0.000,,,,,NVIDIA A100-SXM4-40GB MIG 4g.20gb (0),1,,13,"void channel_eq::eqMmseCoefCompLowMimoKernel<float, float, float, (unsigned int)4, (unsigned int)1, (unsigned int)4>(const channel_eq::_puschRxChEqStatDescr *, channel_eq::_puschRxChEqCoefCompDynDescr)"
17115637463,8160,333750,273,1,1,12,11,1,51,0.002,0.000,,,,,NVIDIA A100-SXM4-40GB MIG 4g.20gb (0),1,,13,"void channel_eq::eqMmseSoftDemapKernel<float, __half, __half, float, (unsigned int)4, (unsigned short)16383>(channel_eq::_puschRxChEqStatDescr *, channel_eq::_puschRxChEqSoftDemapDynDescr)"
17115684471,623225,333751,1,1,1,32,32,1,30,0.000,0.000,,,,,NVIDIA A100-SXM4-40GB MIG 4g.20gb (0),1,,13,"void convert_kernel<float2, __half2>(tensor_layout_any, T1 *, tensor_layout_any, const T2 *)"
17116436911,16031,333763,2253,1,1,128,1,1,16,0.000,0.000,,,,,NVIDIA A100-SXM4-40GB MIG 4g.20gb (0),1,,13,cupy_copy__float16_float16
17116814986,6720,333772,282,1,1,128,1,1,16,0.000,0.000,,,,,NVIDIA A100-SXM4-40GB MIG 4g.20gb (0),1,,13,cupy_copy__complex64_complex64
17117149223,5439,333781,26,1,1,128,1,1,16,0.000,0.000,,,,,NVIDIA A100-SXM4-40GB MIG 4g.20gb (0),1,,13,cupy_copy__float32_float32
17117410180,6431,333790,103,1,1,128,1,1,16,0.000,0.000,,,,,NVIDIA A100-SXM4-40GB MIG 4g.20gb (0),1,,13,cupy_copy__complex64_complex64
17117568450,17664,333800,1434,1,1,128,1,1,16,0.000,0.000,,,,,NVIDIA A100-SXM4-40GB MIG 4g.20gb (0),1,,13,cupy_copy__complex64_complex64
17117845631,300124,333805,1,1,1,32,32,1,30,0.000,0.000,,,,,NVIDIA A100-SXM4-40GB MIG 4g.20gb (0),1,,13,"void convert_kernel<__half2, float2>(tensor_layout_any, T1 *, tensor_layout_any, const T2 *)"
17118174651,5440,333808,,,,,,,,,,0.094,17223.480,Pinned,Device,NVIDIA A100-SXM4-40GB MIG 4g.20gb (0),1,,13,[CUDA memcpy Host-to-Device]
17118513239,610905,333809,,,,,,,,,,456.561,746934.516,Device,,NVIDIA A100-SXM4-40GB MIG 4g.20gb (0),1,,13,[CUDA memset]
17119130896,60544,333814,,,,,,,,,,1.235,20396.335,Pinned,Device,NVIDIA A100-SXM4-40GB MIG 4g.20gb (0),1,,13,[CUDA memcpy Host-to-Device]
17119193904,9823,333815,,,,,,,,,,0.197,20014.891,Pinned,Device,NVIDIA A100-SXM4-40GB MIG 4g.20gb (0),1,,13,[CUDA memcpy Host-to-Device]
17119548492,15071,333816,69,4,1,48,1,1,76,0.002,0.000,,,,,NVIDIA A100-SXM4-40GB MIG 4g.20gb (0),1,,13,"void ch_est::windowedChEstPreNoDftSOfdmKernel<float, __half, float, (unsigned int)2, (unsigned int)1, (unsigned short)4>(ch_est::puschRxChEstStatDescr_t *, ch_est::puschRxChEstDynDescr_t *)"
17119912903,18944,333817,137,2,1,24,2,1,44,0.001,0.001,,,,,NVIDIA A100-SXM4-40GB MIG 4g.20gb (0),1,,13,"void ch_est::chEstFilterNoDftSOfdmDispatchKernel<float, __half, float, (unsigned int)2>(ch_est::puschRxChEstStatDescr_t *, ch_est::puschRxChEstDynDescr_t *)"
17120278083,19680,333818,137,2,1,24,2,1,44,0.001,0.001,,,,,NVIDIA A100-SXM4-40GB MIG 4g.20gb (0),1,,13,"void ch_est::chEstFilterNoDftSOfdmDispatchKernel<float, __half, float, (unsigned int)2>(ch_est::puschRxChEstStatDescr_t *, ch_est::puschRxChEstDynDescr_t *)"
17120421986,12096,333829,103,1,1,128,1,1,16,0.000,0.000,,,,,NVIDIA A100-SXM4-40GB MIG 4g.20gb (0),1,,13,cupy_copy__complex64_complex64
17120543008,19200,333839,1434,1,1,128,1,1,16,0.000,0.000,,,,,NVIDIA A100-SXM4-40GB MIG 4g.20gb (0),1,,13,cupy_copy__complex64_complex64
17120566368,8096,333846,103,1,1,128,1,1,16,0.000,0.000,,,,,NVIDIA A100-SXM4-40GB MIG 4g.20gb (0),1,,13,cupy_copy__complex64_complex64
17120615424,270109,333853,1,1,1,32,32,1,30,0.000,0.000,,,,,NVIDIA A100-SXM4-40GB MIG 4g.20gb (0),1,,13,"void convert_kernel<__half2, float2>(tensor_layout_any, T1 *, tensor_layout_any, const T2 *)"
17120914524,8672,333856,,,,,,,,,,0.094,10804.367,Pinned,Device,NVIDIA A100-SXM4-40GB MIG 4g.20gb (0),1,,13,[CUDA memcpy Host-to-Device]
17120944508,55199,333857,,,,,,,,,,35.810,648732.511,Device,,NVIDIA A100-SXM4-40GB MIG 4g.20gb (0),1,,13,[CUDA memset]
17121004251,1824,333859,,,,,,,,,,0.000,43.860,Pinned,Device,NVIDIA A100-SXM4-40GB MIG 4g.20gb (0),1,,13,[CUDA memcpy Host-to-Device]
17121008667,10592,333860,,,,,,,,,,0.197,18561.761,Pinned,Device,NVIDIA A100-SXM4-40GB MIG 4g.20gb (0),1,,13,[CUDA memcpy Host-to-Device]
17121043739,22751,333861,273,1,1,48,1,1,40,0.000,0.001,,,,,NVIDIA A100-SXM4-40GB MIG 4g.20gb (0),1,,13,"void pusch_noise_intf_est::noiseIntfEstNoDftSOfdmKernel<float, __half, float, float, (unsigned int)2, (unsigned int)1, (unsigned char)4, (unsigned char)4>(pusch_noise_intf_est::puschRxNoiseIntfEstDynDescr)"
17121098490,5504,333872,35,1,1,128,1,1,16,0.000,0.000,,,,,NVIDIA A100-SXM4-40GB MIG 4g.20gb (0),1,,13,cupy_copy__complex64_complex64
17121148954,3264,333881,1,1,1,1,1,1,18,0.000,0.000,,,,,NVIDIA A100-SXM4-40GB MIG 4g.20gb (0),1,,13,cupy_copy__float32_float32
17121157689,1984,333887,,,,,,,,,,0.000,2.016,Device,Pageable,NVIDIA A100-SXM4-40GB MIG 4g.20gb (0),1,,7,[CUDA memcpy Device-to-Host]
17121240665,13215,333898,1434,1,1,128,1,1,16,0.000,0.000,,,,,NVIDIA A100-SXM4-40GB MIG 4g.20gb (0),1,,13,cupy_copy__complex64_complex64
17121283448,6560,333905,103,1,1,128,1,1,16,0.000,0.000,,,,,NVIDIA A100-SXM4-40GB MIG 4g.20gb (0),1,,13,cupy_copy__complex64_complex64
17121295800,6176,333912,35,1,1,128,1,1,16,0.000,0.000,,,,,NVIDIA A100-SXM4-40GB MIG 4g.20gb (0),1,,13,cupy_copy__complex64_complex64
17121333240,6015,333919,1,1,1,1,1,1,18,0.000,0.000,,,,,NVIDIA A100-SXM4-40GB MIG 4g.20gb (0),1,,13,cupy_copy__float32_float32
17121470326,350684,333930,1,1,1,32,32,1,30,0.000,0.000,,,,,NVIDIA A100-SXM4-40GB MIG 4g.20gb (0),1,,13,"void convert_kernel<__half2, float2>(tensor_layout_any, T1 *, tensor_layout_any, const T2 *)"
17121850162,10048,333933,,,,,,,,,,0.094,9324.813,Pinned,Device,NVIDIA A100-SXM4-40GB MIG 4g.20gb (0),1,,13,[CUDA memcpy Host-to-Device]
17122050063,5344,333934,,,,,,,,,,1.547,289412.016,Device,,NVIDIA A100-SXM4-40GB MIG 4g.20gb (0),1,,13,[CUDA memset]
17122060207,3136,333939,,,,,,,,,,0.031,9979.575,Pinned,Device,NVIDIA A100-SXM4-40GB MIG 4g.20gb (0),1,,13,[CUDA memcpy Host-to-Device]
17122069231,9952,333940,,,,,,,,,,0.197,19755.565,Pinned,Device,NVIDIA A100-SXM4-40GB MIG 4g.20gb (0),1,,13,[CUDA memcpy Host-to-Device]
17122407755,30720,333941,273,1,1,8,4,1,39,0.002,0.000,,,,,NVIDIA A100-SXM4-40GB MIG 4g.20gb (0),1,,13,"void channel_eq::eqMmseCoefCompLowMimoKernel<float, float, float, (unsigned int)4, (unsigned int)1, (unsigned int)4>(const channel_eq::_puschRxChEqStatDescr *, channel_eq::_puschRxChEqCoefCompDynDescr)"
17122693960,34880,333942,273,1,1,12,11,1,51,0.002,0.000,,,,,NVIDIA A100-SXM4-40GB MIG 4g.20gb (0),1,,13,"void channel_eq::eqMmseSoftDemapKernel<float, __half, __half, float, (unsigned int)4, (unsigned short)16383>(channel_eq::_puschRxChEqStatDescr *, channel_eq::_puschRxChEqSoftDemapDynDescr)"
17122861510,767960,333943,1,1,1,32,32,1,30,0.000,0.000,,,,,NVIDIA A100-SXM4-40GB MIG 4g.20gb (0),1,,13,"void convert_kernel<float2, __half2>(tensor_layout_any, T1 *, tensor_layout_any, const T2 *)"
17123926650,14112,333955,2253,1,1,128,1,1,16,0.000,0.000,,,,,NVIDIA A100-SXM4-40GB MIG 4g.20gb (0),1,,13,cupy_copy__float16_float16
17124198039,11520,333964,282,1,1,128,1,1,16,0.000,0.000,,,,,NVIDIA A100-SXM4-40GB MIG 4g.20gb (0),1,,13,cupy_copy__complex64_complex64
17124538195,5888,333973,26,1,1,128,1,1,16,0.000,0.000,,,,,NVIDIA A100-SXM4-40GB MIG 4g.20gb (0),1,,13,cupy_copy__float32_float32
17124852272,7232,333982,103,1,1,128,1,1,16,0.000,0.000,,,,,NVIDIA A100-SXM4-40GB MIG 4g.20gb (0),1,,13,cupy_copy__complex64_complex64
17125007022,17376,333992,1434,1,1,128,1,1,16,0.000,0.000,,,,,NVIDIA A100-SXM4-40GB MIG 4g.20gb (0),1,,13,cupy_copy__complex64_complex64
17125282699,303165,333997,1,1,1,32,32,1,30,0.000,0.000,,,,,NVIDIA A100-SXM4-40GB MIG 4g.20gb (0),1,,13,"void convert_kernel<__half2, float2>(tensor_layout_any, T1 *, tensor_layout_any, const T2 *)"
17125615239,5792,334000,,,,,,,,,,0.094,16176.708,Pinned,Device,NVIDIA A100-SXM4-40GB MIG 4g.20gb (0),1,,13,[CUDA memcpy Host-to-Device]
17125656551,611641,334001,,,,,,,,,,456.561,746021.393,Device,,NVIDIA A100-SXM4-40GB MIG 4g.20gb (0),1,,13,[CUDA memset]
17126269760,71135,334006,,,,,,,,,,1.235,17359.608,Pinned,Device,NVIDIA A100-SXM4-40GB MIG 4g.20gb (0),1,,13,[CUDA memcpy Host-to-Device]
17126347423,9792,334007,,,,,,,,,,0.197,20078.395,Pinned,Device,NVIDIA A100-SXM4-40GB MIG 4g.20gb (0),1,,13,[CUDA memcpy Host-to-Device]
17126381343,9216,334008,69,4,1,48,1,1,76,0.002,0.000,,,,,NVIDIA A100-SXM4-40GB MIG 4g.20gb (0),1,,13,"void ch_est::windowedChEstPreNoDftSOfdmKernel<float, __half, float, (unsigned int)2, (unsigned int)1, (unsigned short)4>(ch_est::puschRxChEstStatDescr_t *, ch_est::puschRxChEstDynDescr_t *)"
17126435166,8224,334009,137,2,1,24,2,1,44,0.001,0.001,,,,,NVIDIA A100-SXM4-40GB MIG 4g.20gb (0),1,,13,"void ch_est::chEstFilterNoDftSOfdmDispatchKernel<float, __half, float, (unsigned int)2>(ch_est::puschRxChEstStatDescr_t *, ch_est::puschRxChEstDynDescr_t *)"
17126485598,7328,334010,137,2,1,24,2,1,44,0.001,0.001,,,,,NVIDIA A100-SXM4-40GB MIG 4g.20gb (0),1,,13,"void ch_est::chEstFilterNoDftSOfdmDispatchKernel<float, __half, float, (unsigned int)2>(ch_est::puschRxChEstStatDescr_t *, ch_est::puschRxChEstDynDescr_t *)"
17126531101,6432,334021,103,1,1,128,1,1,16,0.000,0.000,,,,,NVIDIA A100-SXM4-40GB MIG 4g.20gb (0),1,,13,cupy_copy__complex64_complex64
17126543357,14400,334031,1434,1,1,128,1,1,16,0.000,0.000,,,,,NVIDIA A100-SXM4-40GB MIG 4g.20gb (0),1,,13,cupy_copy__complex64_complex64
17126587100,5472,334038,103,1,1,128,1,1,16,0.000,0.000,,,,,NVIDIA A100-SXM4-40GB MIG 4g.20gb (0),1,,13,cupy_copy__complex64_complex64
17126599228,257245,334045,1,1,1,32,32,1,30,0.000,0.000,,,,,NVIDIA A100-SXM4-40GB MIG 4g.20gb (0),1,,13,"void convert_kernel<__half2, float2>(tensor_layout_any, T1 *, tensor_layout_any, const T2 *)"
17126885305,6048,334048,,,,,,,,,,0.094,15491.978,Pinned,Device,NVIDIA A100-SXM4-40GB MIG 4g.20gb (0),1,,13,[CUDA memcpy Host-to-Device]
17126973752,62879,334049,,,,,,,,,,35.810,569485.158,Device,,NVIDIA A100-SXM4-40GB MIG 4g.20gb (0),1,,13,[CUDA memset]
17127043607,2336,334051,,,,,,,,,,0.000,34.247,Pinned,Device,NVIDIA A100-SXM4-40GB MIG 4g.20gb (0),1,,13,[CUDA memcpy Host-to-Device]
17127052983,13024,334052,,,,,,,,,,0.197,15095.759,Pinned,Device,NVIDIA A100-SXM4-40GB MIG 4g.20gb (0),1,,13,[CUDA memcpy Host-to-Device]
17127284661,22879,334053,273,1,1,48,1,1,40,0.000,0.001,,,,,NVIDIA A100-SXM4-40GB MIG 4g.20gb (0),1,,13,"void pusch_noise_intf_est::noiseIntfEstNoDftSOfdmKernel<float, __half, float, float, (unsigned int)2, (unsigned int)1, (unsigned char)4, (unsigned char)4>(pusch_noise_intf_est::puschRxNoiseIntfEstDynDescr)"
17127590769,11904,334064,35,1,1,128,1,1,16,0.000,0.000,,,,,NVIDIA A100-SXM4-40GB MIG 4g.20gb (0),1,,13,cupy_copy__complex64_complex64
17127735568,4832,334073,1,1,1,1,1,1,18,0.000,0.000,,,,,NVIDIA A100-SXM4-40GB MIG 4g.20gb (0),1,,13,cupy_copy__float32_float32
17127748879,2112,334079,,,,,,,,,,0.000,1.894,Device,Pageable,NVIDIA A100-SXM4-40GB MIG 4g.20gb (0),1,,7,[CUDA memcpy Device-to-Host]
17128056876,16128,334090,1434,1,1,128,1,1,16,0.000,0.000,,,,,NVIDIA A100-SXM4-40GB MIG 4g.20gb (0),1,,13,cupy_copy__complex64_complex64
17128373032,4768,334097,103,1,1,128,1,1,16,0.000,0.000,,,,,NVIDIA A100-SXM4-40GB MIG 4g.20gb (0),1,,13,cupy_copy__complex64_complex64
17128573446,12736,334104,35,1,1,128,1,1,16,0.000,0.000,,,,,NVIDIA A100-SXM4-40GB MIG 4g.20gb (0),1,,13,cupy_copy__complex64_complex64
17128861219,4960,334111,1,1,1,1,1,1,18,0.000,0.000,,,,,NVIDIA A100-SXM4-40GB MIG 4g.20gb (0),1,,13,cupy_copy__float32_float32
17129099456,314109,334122,1,1,1,32,32,1,30,0.000,0.000,,,,,NVIDIA A100-SXM4-40GB MIG 4g.20gb (0),1,,13,"void convert_kernel<__half2, float2>(tensor_layout_any, T1 *, tensor_layout_any, const T2 *)"
17129443324,8576,334125,,,,,,,,,,0.094,10925.328,Pinned,Device,NVIDIA A100-SXM4-40GB MIG 4g.20gb (0),1,,13,[CUDA memcpy Host-to-Device]
17129593211,4928,334126,,,,,,,,,,1.547,313844.035,Device,,NVIDIA A100-SXM4-40GB MIG 4g.20gb (0),1,,13,[CUDA memset]
17129599419,6080,334131,,,,,,,,,,0.031,5147.347,Pinned,Device,NVIDIA A100-SXM4-40GB MIG 4g.20gb (0),1,,13,[CUDA memcpy Host-to-Device]
17129608507,13247,334132,,,,,,,,,,0.197,14841.545,Pinned,Device,NVIDIA A100-SXM4-40GB MIG 4g.20gb (0),1,,13,[CUDA memcpy Host-to-Device]
17129903735,12032,334133,273,1,1,8,4,1,39,0.002,0.000,,,,,NVIDIA A100-SXM4-40GB MIG 4g.20gb (0),1,,13,"void channel_eq::eqMmseCoefCompLowMimoKernel<float, float, float, (unsigned int)4, (unsigned int)1, (unsigned int)4>(const channel_eq::_puschRxChEqStatDescr *, channel_eq::_puschRxChEqCoefCompDynDescr)"
17130218388,17983,334134,273,1,1,12,11,1,51,0.002,0.000,,,,,NVIDIA A100-SXM4-40GB MIG 4g.20gb (0),1,,13,"void channel_eq::eqMmseSoftDemapKernel<float, __half, __half, float, (unsigned int)4, (unsigned short)16383>(channel_eq::_puschRxChEqStatDescr *, channel_eq::_puschRxChEqSoftDemapDynDescr)"
17130268563,586394,334135,1,1,1,32,32,1,30,0.000,0.000,,,,,NVIDIA A100-SXM4-40GB MIG 4g.20gb (0),1,,13,"void convert_kernel<float2, __half2>(tensor_layout_any, T1 *, tensor_layout_any, const T2 *)"
17130860588,12096,334147,2253,1,1,128,1,1,16,0.000,0.000,,,,,NVIDIA A100-SXM4-40GB MIG 4g.20gb (0),1,,13,cupy_copy__float16_float16
17130905228,9344,334156,282,1,1,128,1,1,16,0.000,0.000,,,,,NVIDIA A100-SXM4-40GB MIG 4g.20gb (0),1,,13,cupy_copy__complex64_complex64
17130917484,3936,334165,26,1,1,128,1,1,16,0.000,0.000,,,,,NVIDIA A100-SXM4-40GB MIG 4g.20gb (0),1,,13,cupy_copy__float32_float32
17130967019,5728,334174,103,1,1,128,1,1,16,0.000,0.000,,,,,NVIDIA A100-SXM4-40GB MIG 4g.20gb (0),1,,13,cupy_copy__complex64_complex64
17131028267,13919,334184,1434,1,1,128,1,1,16,0.000,0.000,,,,,NVIDIA A100-SXM4-40GB MIG 4g.20gb (0),1,,13,cupy_copy__complex64_complex64
17131043626,205406,334189,1,1,1,32,32,1,30,0.000,0.000,,,,,NVIDIA A100-SXM4-40GB MIG 4g.20gb (0),1,,13,"void convert_kernel<__half2, float2>(tensor_layout_any, T1 *, tensor_layout_any, const T2 *)"
17131282664,12480,334192,,,,,,,,,,0.094,7507.673,Pinned,Device,NVIDIA A100-SXM4-40GB MIG 4g.20gb (0),1,,13,[CUDA memcpy Host-to-Device]
17131438246,607609,334193,,,,,,,,,,456.561,751043.569,Device,,NVIDIA A100-SXM4-40GB MIG 4g.20gb (0),1,,13,[CUDA memset]
17132051583,62623,334198,,,,,,,,,,1.235,19719.586,Pinned,Device,NVIDIA A100-SXM4-40GB MIG 4g.20gb (0),1,,13,[CUDA memcpy Host-to-Device]
17132120798,12096,334199,,,,,,,,,,0.197,16253.780,Pinned,Device,NVIDIA A100-SXM4-40GB MIG 4g.20gb (0),1,,13,[CUDA memcpy Host-to-Device]
17132313596,16832,334200,69,4,1,48,1,1,76,0.002,0.000,,,,,NVIDIA A100-SXM4-40GB MIG 4g.20gb (0),1,,13,"void ch_est::windowedChEstPreNoDftSOfdmKernel<float, __half, float, (unsigned int)2, (unsigned int)1, (unsigned short)4>(ch_est::puschRxChEstStatDescr_t *, ch_est::puschRxChEstDynDescr_t *)"
17132640920,23168,334201,137,2,1,24,2,1,44,0.001,0.001,,,,,NVIDIA A100-SXM4-40GB MIG 4g.20gb (0),1,,13,"void ch_est::chEstFilterNoDftSOfdmDispatchKernel<float, __half, float, (unsigned int)2>(ch_est::puschRxChEstStatDescr_t *, ch_est::puschRxChEstDynDescr_t *)"
17132926613,13664,334202,137,2,1,24,2,1,44,0.001,0.001,,,,,NVIDIA A100-SXM4-40GB MIG 4g.20gb (0),1,,13,"void ch_est::chEstFilterNoDftSOfdmDispatchKernel<float, __half, float, (unsigned int)2>(ch_est::puschRxChEstStatDescr_t *, ch_est::puschRxChEstDynDescr_t *)"
17133106771,11232,334213,103,1,1,128,1,1,16,0.000,0.000,,,,,NVIDIA A100-SXM4-40GB MIG 4g.20gb (0),1,,13,cupy_copy__complex64_complex64
17133295441,21728,334223,1434,1,1,128,1,1,16,0.000,0.000,,,,,NVIDIA A100-SXM4-40GB MIG 4g.20gb (0),1,,13,cupy_copy__complex64_complex64
17133612750,6975,334230,103,1,1,128,1,1,16,0.000,0.000,,,,,NVIDIA A100-SXM4-40GB MIG 4g.20gb (0),1,,13,cupy_copy__complex64_complex64
17133907050,313565,334237,1,1,1,32,32,1,30,0.000,0.000,,,,,NVIDIA A100-SXM4-40GB MIG 4g.20gb (0),1,,13,"void convert_kernel<__half2, float2>(tensor_layout_any, T1 *, tensor_layout_any, const T2 *)"
17134255014,5664,334240,,,,,,,,,,0.094,16542.310,Pinned,Device,NVIDIA A100-SXM4-40GB MIG 4g.20gb (0),1,,13,[CUDA memcpy Host-to-Device]
17134536099,54336,334241,,,,,,,,,,35.810,659045.768,Device,,NVIDIA A100-SXM4-40GB MIG 4g.20gb (0),1,,13,[CUDA memset]
17134594915,5087,334243,,,,,,,,,,0.000,15.726,Pinned,Device,NVIDIA A100-SXM4-40GB MIG 4g.20gb (0),1,,13,[CUDA memcpy Host-to-Device]
17134603458,15968,334244,,,,,,,,,,0.197,12312.576,Pinned,Device,NVIDIA A100-SXM4-40GB MIG 4g.20gb (0),1,,13,[CUDA memcpy Host-to-Device]
17134892031,20192,334245,273,1,1,48,1,1,40,0.000,0.001,,,,,NVIDIA A100-SXM4-40GB MIG 4g.20gb (0),1,,13,"void pusch_noise_intf_est::noiseIntfEstNoDftSOfdmKernel<float, __half, float, float, (unsigned int)2, (unsigned int)1, (unsigned char)4, (unsigned char)4>(pusch_noise_intf_est::puschRxNoiseIntfEstDynDescr)"
17135088189,7936,334256,35,1,1,128,1,1,16,0.000,0.000,,,,,NVIDIA A100-SXM4-40GB MIG 4g.20gb (0),1,,13,cupy_copy__complex64_complex64
17135269339,4320,334265,1,1,1,1,1,1,18,0.000,0.000,,,,,NVIDIA A100-SXM4-40GB MIG 4g.20gb (0),1,,13,cupy_copy__float32_float32
17135282875,2656,334271,,,,,,,,,,0.000,1.506,Device,Pageable,NVIDIA A100-SXM4-40GB MIG 4g.20gb (0),1,,7,[CUDA memcpy Device-to-Host]
17135384666,14271,334282,1434,1,1,128,1,1,16,0.000,0.000,,,,,NVIDIA A100-SXM4-40GB MIG 4g.20gb (0),1,,13,cupy_copy__complex64_complex64
17135439545,5664,334289,103,1,1,128,1,1,16,0.000,0.000,,,,,NVIDIA A100-SXM4-40GB MIG 4g.20gb (0),1,,13,cupy_copy__complex64_complex64
17135482233,10655,334296,35,1,1,128,1,1,16,0.000,0.000,,,,,NVIDIA A100-SXM4-40GB MIG 4g.20gb (0),1,,13,cupy_copy__complex64_complex64
17135495128,2464,334303,1,1,1,1,1,1,18,0.000,0.000,,,,,NVIDIA A100-SXM4-40GB MIG 4g.20gb (0),1,,13,cupy_copy__float32_float32
17135586999,257693,334314,1,1,1,32,32,1,30,0.000,0.000,,,,,NVIDIA A100-SXM4-40GB MIG 4g.20gb (0),1,,13,"void convert_kernel<__half2, float2>(tensor_layout_any, T1 *, tensor_layout_any, const T2 *)"
17135874612,5920,334317,,,,,,,,,,0.094,15826.941,Pinned,Device,NVIDIA A100-SXM4-40GB MIG 4g.20gb (0),1,,13,[CUDA memcpy Host-to-Device]
17135901460,5248,334318,,,,,,,,,,1.547,294706.110,Device,,NVIDIA A100-SXM4-40GB MIG 4g.20gb (0),1,,13,[CUDA memset]
17135911380,3584,334323,,,,,,,,,,0.031,8732.116,Pinned,Device,NVIDIA A100-SXM4-40GB MIG 4g.20gb (0),1,,13,[CUDA memcpy Host-to-Device]
17135917396,10016,334324,,,,,,,,,,0.197,19629.343,Pinned,Device,NVIDIA A100-SXM4-40GB MIG 4g.20gb (0),1,,13,[CUDA memcpy Host-to-Device]
17135947539,17792,334325,273,1,1,8,4,1,39,0.002,0.000,,,,,NVIDIA A100-SXM4-40GB MIG 4g.20gb (0),1,,13,"void channel_eq::eqMmseCoefCompLowMimoKernel<float, float, float, (unsigned int)4, (unsigned int)1, (unsigned int)4>(const channel_eq::_puschRxChEqStatDescr *, channel_eq::_puschRxChEqCoefCompDynDescr)"
17136008275,8640,334326,273,1,1,12,11,1,51,0.002,0.000,,,,,NVIDIA A100-SXM4-40GB MIG 4g.20gb (0),1,,13,"void channel_eq::eqMmseSoftDemapKernel<float, __half, __half, float, (unsigned int)4, (unsigned short)16383>(channel_eq::_puschRxChEqStatDescr *, channel_eq::_puschRxChEqSoftDemapDynDescr)"
17136055026,945110,334327,1,1,1,32,32,1,30,0.000,0.000,,,,,NVIDIA A100-SXM4-40GB MIG 4g.20gb (0),1,,13,"void convert_kernel<float2, __half2>(tensor_layout_any, T1 *, tensor_layout_any, const T2 *)"
17137075335,17791,334339,2253,1,1,128,1,1,16,0.000,0.000,,,,,NVIDIA A100-SXM4-40GB MIG 4g.20gb (0),1,,13,cupy_copy__float16_float16
17137275300,9088,334348,282,1,1,128,1,1,16,0.000,0.000,,,,,NVIDIA A100-SXM4-40GB MIG 4g.20gb (0),1,,13,cupy_copy__complex64_complex64
17137734463,6944,334357,26,1,1,128,1,1,16,0.000,0.000,,,,,NVIDIA A100-SXM4-40GB MIG 4g.20gb (0),1,,13,cupy_copy__float32_float32
17137829022,18240,334366,103,1,1,128,1,1,16,0.000,0.000,,,,,NVIDIA A100-SXM4-40GB MIG 4g.20gb (0),1,,13,cupy_copy__complex64_complex64
17138220666,19200,334376,1434,1,1,128,1,1,16,0.000,0.000,,,,,NVIDIA A100-SXM4-40GB MIG 4g.20gb (0),1,,13,cupy_copy__complex64_complex64
17138291385,245053,334381,1,1,1,32,32,1,30,0.000,0.000,,,,,NVIDIA A100-SXM4-40GB MIG 4g.20gb (0),1,,13,"void convert_kernel<__half2, float2>(tensor_layout_any, T1 *, tensor_layout_any, const T2 *)"
17138565046,6592,334384,,,,,,,,,,0.094,14213.590,Pinned,Device,NVIDIA A100-SXM4-40GB MIG 4g.20gb (0),1,,13,[CUDA memcpy Host-to-Device]
17138809779,617785,334385,,,,,,,,,,456.561,738716.410,Device,,NVIDIA A100-SXM4-40GB MIG 4g.20gb (0),1,,13,[CUDA memset]
17139432524,60352,334390,,,,,,,,,,1.235,20461.787,Pinned,Device,NVIDIA A100-SXM4-40GB MIG 4g.20gb (0),1,,13,[CUDA memcpy Host-to-Device]
17139499627,10976,334391,,,,,,,,,,0.197,17912.365,Pinned,Device,NVIDIA A100-SXM4-40GB MIG 4g.20gb (0),1,,13,[CUDA memcpy Host-to-Device]
17139929671,14847,334392,69,4,1,48,1,1,76,0.002,0.000,,,,,NVIDIA A100-SXM4-40GB MIG 4g.20gb (0),1,,13,"void ch_est::windowedChEstPreNoDftSOfdmKernel<float, __half, float, (unsigned int)2, (unsigned int)1, (unsigned short)4>(ch_est::puschRxChEstStatDescr_t *, ch_est::puschRxChEstDynDescr_t *)"
17140074213,14048,334393,137,2,1,24,2,1,44,0.001,0.001,,,,,NVIDIA A100-SXM4-40GB MIG 4g.20gb (0),1,,13,"void ch_est::chEstFilterNoDftSOfdmDispatchKernel<float, __half, float, (unsigned int)2>(ch_est::puschRxChEstStatDescr_t *, ch_est::puschRxChEstDynDescr_t *)"
17140551040,16863,334394,137,2,1,24,2,1,44,0.001,0.001,,,,,NVIDIA A100-SXM4-40GB MIG 4g.20gb (0),1,,13,"void ch_est::chEstFilterNoDftSOfdmDispatchKernel<float, __half, float, (unsigned int)2>(ch_est::puschRxChEstStatDescr_t *, ch_est::puschRxChEstDynDescr_t *)"
17140935419,10592,334405,103,1,1,128,1,1,16,0.000,0.000,,,,,NVIDIA A100-SXM4-40GB MIG 4g.20gb (0),1,,13,cupy_copy__complex64_complex64
17141061402,18752,334415,1434,1,1,128,1,1,16,0.000,0.000,,,,,NVIDIA A100-SXM4-40GB MIG 4g.20gb (0),1,,13,cupy_copy__complex64_complex64
17141498293,11744,334422,103,1,1,128,1,1,16,0.000,0.000,,,,,NVIDIA A100-SXM4-40GB MIG 4g.20gb (0),1,,13,cupy_copy__complex64_complex64
17141892081,331676,334429,1,1,1,32,32,1,30,0.000,0.000,,,,,NVIDIA A100-SXM4-40GB MIG 4g.20gb (0),1,,13,"void convert_kernel<__half2, float2>(tensor_layout_any, T1 *, tensor_layout_any, const T2 *)"
17142254028,13088,334432,,,,,,,,,,0.094,7158.843,Pinned,Device,NVIDIA A100-SXM4-40GB MIG 4g.20gb (0),1,,13,[CUDA memcpy Host-to-Device]
17142641480,56351,334433,,,,,,,,,,35.810,635447.030,Device,,NVIDIA A100-SXM4-40GB MIG 4g.20gb (0),1,,13,[CUDA memset]
17142700615,5856,334435,,,,,,,,,,0.000,13.661,Pinned,Device,NVIDIA A100-SXM4-40GB MIG 4g.20gb (0),1,,13,[CUDA memcpy Host-to-Device]
17142708935,12640,334436,,,,,,,,,,0.197,15554.249,Pinned,Device,NVIDIA A100-SXM4-40GB MIG 4g.20gb (0),1,,13,[CUDA memcpy Host-to-Device]
17143172066,23040,334437,273,1,1,48,1,1,40,0.000,0.001,,,,,NVIDIA A100-SXM4-40GB MIG 4g.20gb (0),1,,13,"void pusch_noise_intf_est::noiseIntfEstNoDftSOfdmKernel<float, __half, float, float, (unsigned int)2, (unsigned int)1, (unsigned char)4, (unsigned char)4>(pusch_noise_intf_est::puschRxNoiseIntfEstDynDescr)"
17143296929,15328,334448,35,1,1,128,1,1,16,0.000,0.000,,,,,NVIDIA A100-SXM4-40GB MIG 4g.20gb (0),1,,13,cupy_copy__complex64_complex64
17143403776,4352,334457,1,1,1,1,1,1,18,0.000,0.000,,,,,NVIDIA A100-SXM4-40GB MIG 4g.20gb (0),1,,13,cupy_copy__float32_float32
17143414335,3296,334463,,,,,,,,,,0.000,1.214,Device,Pageable,NVIDIA A100-SXM4-40GB MIG 4g.20gb (0),1,,7,[CUDA memcpy Device-to-Host]
17143506558,16480,334474,1434,1,1,128,1,1,16,0.000,0.000,,,,,NVIDIA A100-SXM4-40GB MIG 4g.20gb (0),1,,13,cupy_copy__complex64_complex64
17143527998,3808,334481,103,1,1,128,1,1,16,0.000,0.000,,,,,NVIDIA A100-SXM4-40GB MIG 4g.20gb (0),1,,13,cupy_copy__complex64_complex64
17143567934,15040,334488,35,1,1,128,1,1,16,0.000,0.000,,,,,NVIDIA A100-SXM4-40GB MIG 4g.20gb (0),1,,13,cupy_copy__complex64_complex64
17143586110,2367,334495,1,1,1,1,1,1,18,0.000,0.000,,,,,NVIDIA A100-SXM4-40GB MIG 4g.20gb (0),1,,13,cupy_copy__float32_float32
17143713724,262333,334506,1,1,1,32,32,1,30,0.000,0.000,,,,,NVIDIA A100-SXM4-40GB MIG 4g.20gb (0),1,,13,"void convert_kernel<__half2, float2>(tensor_layout_any, T1 *, tensor_layout_any, const T2 *)"
17144006201,5408,334509,,,,,,,,,,0.094,17325.421,Pinned,Device,NVIDIA A100-SXM4-40GB MIG 4g.20gb (0),1,,13,[CUDA memcpy Host-to-Device]
17144039768,5248,334510,,,,,,,,,,1.547,294706.110,Device,,NVIDIA A100-SXM4-40GB MIG 4g.20gb (0),1,,13,[CUDA memset]
17144048408,6880,334515,,,,,,,,,,0.031,4548.811,Pinned,Device,NVIDIA A100-SXM4-40GB MIG 4g.20gb (0),1,,13,[CUDA memcpy Host-to-Device]
17144057720,10944,334516,,,,,,,,,,0.197,17964.859,Pinned,Device,NVIDIA A100-SXM4-40GB MIG 4g.20gb (0),1,,13,[CUDA memcpy Host-to-Device]
17144087512,17824,334517,273,1,1,8,4,1,39,0.002,0.000,,,,,NVIDIA A100-SXM4-40GB MIG 4g.20gb (0),1,,13,"void channel_eq::eqMmseCoefCompLowMimoKernel<float, float, float, (unsigned int)4, (unsigned int)1, (unsigned int)4>(const channel_eq::_puschRxChEqStatDescr *, channel_eq::_puschRxChEqCoefCompDynDescr)"
17144143095,11104,334518,273,1,1,12,11,1,51,0.002,0.000,,,,,NVIDIA A100-SXM4-40GB MIG 4g.20gb (0),1,,13,"void channel_eq::eqMmseSoftDemapKernel<float, __half, __half, float, (unsigned int)4, (unsigned short)16383>(channel_eq::_puschRxChEqStatDescr *, channel_eq::_puschRxChEqSoftDemapDynDescr)"
17144188759,653208,334519,1,1,1,32,32,1,30,0.000,0.000,,,,,NVIDIA A100-SXM4-40GB MIG 4g.20gb (0),1,,13,"void convert_kernel<float2, __half2>(tensor_layout_any, T1 *, tensor_layout_any, const T2 *)"
17144936270,15232,334531,2253,1,1,128,1,1,16,0.000,0.000,,,,,NVIDIA A100-SXM4-40GB MIG 4g.20gb (0),1,,13,cupy_copy__float16_float16
17145059917,8352,334540,282,1,1,128,1,1,16,0.000,0.000,,,,,NVIDIA A100-SXM4-40GB MIG 4g.20gb (0),1,,13,cupy_copy__complex64_complex64
17145537768,4544,334549,26,1,1,128,1,1,16,0.000,0.000,,,,,NVIDIA A100-SXM4-40GB MIG 4g.20gb (0),1,,13,cupy_copy__float32_float32
17145694438,6304,334558,103,1,1,128,1,1,16,0.000,0.000,,,,,NVIDIA A100-SXM4-40GB MIG 4g.20gb (0),1,,13,cupy_copy__complex64_complex64
17146099521,19840,334568,1434,1,1,128,1,1,16,0.000,0.000,,,,,NVIDIA A100-SXM4-40GB MIG 4g.20gb (0),1,,13,cupy_copy__complex64_complex64
17146265119,257310,334573,1,1,1,32,32,1,30,0.000,0.000,,,,,NVIDIA A100-SXM4-40GB MIG 4g.20gb (0),1,,13,"void convert_kernel<__half2, float2>(tensor_layout_any, T1 *, tensor_layout_any, const T2 *)"
17146553692,6816,334576,,,,,,,,,,0.094,13746.421,Pinned,Device,NVIDIA A100-SXM4-40GB MIG 4g.20gb (0),1,,13,[CUDA memcpy Host-to-Device]
17146844409,602745,334577,,,,,,,,,,456.561,757435.429,Device,,NVIDIA A100-SXM4-40GB MIG 4g.20gb (0),1,,13,[CUDA memset]
17147448722,64159,334582,,,,,,,,,,1.235,19247.837,Pinned,Device,NVIDIA A100-SXM4-40GB MIG 4g.20gb (0),1,,13,[CUDA memcpy Host-to-Device]
17147515761,15936,334583,,,,,,,,,,0.197,12337.349,Pinned,Device,NVIDIA A100-SXM4-40GB MIG 4g.20gb (0),1,,13,[CUDA memcpy Host-to-Device]
17148003244,16448,334584,69,4,1,48,1,1,76,0.002,0.000,,,,,NVIDIA A100-SXM4-40GB MIG 4g.20gb (0),1,,13,"void ch_est::windowedChEstPreNoDftSOfdmKernel<float, __half, float, (unsigned int)2, (unsigned int)1, (unsigned short)4>(ch_est::puschRxChEstStatDescr_t *, ch_est::puschRxChEstDynDescr_t *)"
17148503686,12320,334585,137,2,1,24,2,1,44,0.001,0.001,,,,,NVIDIA A100-SXM4-40GB MIG 4g.20gb (0),1,,13,"void ch_est::chEstFilterNoDftSOfdmDispatchKernel<float, __half, float, (unsigned int)2>(ch_est::puschRxChEstStatDescr_t *, ch_est::puschRxChEstDynDescr_t *)"
17149000225,15424,334586,137,2,1,24,2,1,44,0.001,0.001,,,,,NVIDIA A100-SXM4-40GB MIG 4g.20gb (0),1,,13,"void ch_est::chEstFilterNoDftSOfdmDispatchKernel<float, __half, float, (unsigned int)2>(ch_est::puschRxChEstStatDescr_t *, ch_est::puschRxChEstDynDescr_t *)"
17149386908,6720,334597,103,1,1,128,1,1,16,0.000,0.000,,,,,NVIDIA A100-SXM4-40GB MIG 4g.20gb (0),1,,13,cupy_copy__complex64_complex64
17149441660,18304,334607,1434,1,1,128,1,1,16,0.000,0.000,,,,,NVIDIA A100-SXM4-40GB MIG 4g.20gb (0),1,,13,cupy_copy__complex64_complex64
17149830455,7168,334614,103,1,1,128,1,1,16,0.000,0.000,,,,,NVIDIA A100-SXM4-40GB MIG 4g.20gb (0),1,,13,cupy_copy__complex64_complex64
17149872887,227453,334621,1,1,1,32,32,1,30,0.000,0.000,,,,,NVIDIA A100-SXM4-40GB MIG 4g.20gb (0),1,,13,"void convert_kernel<__half2, float2>(tensor_layout_any, T1 *, tensor_layout_any, const T2 *)"
17150130004,5376,334624,,,,,,,,,,0.094,17428.487,Pinned,Device,NVIDIA A100-SXM4-40GB MIG 4g.20gb (0),1,,13,[CUDA memcpy Host-to-Device]
17150262995,58335,334625,,,,,,,,,,35.810,613853.649,Device,,NVIDIA A100-SXM4-40GB MIG 4g.20gb (0),1,,13,[CUDA memset]
17150327410,2208,334627,,,,,,,,,,0.000,36.232,Pinned,Device,NVIDIA A100-SXM4-40GB MIG 4g.20gb (0),1,,13,[CUDA memcpy Host-to-Device]
17150336306,13408,334628,,,,,,,,,,0.197,14663.418,Pinned,Device,NVIDIA A100-SXM4-40GB MIG 4g.20gb (0),1,,13,[CUDA memcpy Host-to-Device]
17150429649,25695,334629,273,1,1,48,1,1,40,0.000,0.001,,,,,NVIDIA A100-SXM4-40GB MIG 4g.20gb (0),1,,13,"void pusch_noise_intf_est::noiseIntfEstNoDftSOfdmKernel<float, __half, float, float, (unsigned int)2, (unsigned int)1, (unsigned char)4, (unsigned char)4>(pusch_noise_intf_est::puschRxNoiseIntfEstDynDescr)"
17150913995,10400,334640,35,1,1,128,1,1,16,0.000,0.000,,,,,NVIDIA A100-SXM4-40GB MIG 4g.20gb (0),1,,13,cupy_copy__complex64_complex64
17151045770,4032,334649,1,1,1,1,1,1,18,0.000,0.000,,,,,NVIDIA A100-SXM4-40GB MIG 4g.20gb (0),1,,13,cupy_copy__float32_float32
17151057962,1696,334655,,,,,,,,,,0.000,2.358,Device,Pageable,NVIDIA A100-SXM4-40GB MIG 4g.20gb (0),1,,7,[CUDA memcpy Device-to-Host]
17151238248,24639,334666,1434,1,1,128,1,1,16,0.000,0.000,,,,,NVIDIA A100-SXM4-40GB MIG 4g.20gb (0),1,,13,cupy_copy__complex64_complex64
17151381382,11744,334673,103,1,1,128,1,1,16,0.000,0.000,,,,,NVIDIA A100-SXM4-40GB MIG 4g.20gb (0),1,,13,cupy_copy__complex64_complex64
17151500069,10655,334680,35,1,1,128,1,1,16,0.000,0.000,,,,,NVIDIA A100-SXM4-40GB MIG 4g.20gb (0),1,,13,cupy_copy__complex64_complex64
17151592932,4128,334687,1,1,1,1,1,1,18,0.000,0.000,,,,,NVIDIA A100-SXM4-40GB MIG 4g.20gb (0),1,,13,cupy_copy__float32_float32
17151649859,418843,334698,1,1,1,32,32,1,30,0.000,0.000,,,,,NVIDIA A100-SXM4-40GB MIG 4g.20gb (0),1,,13,"void convert_kernel<__half2, float2>(tensor_layout_any, T1 *, tensor_layout_any, const T2 *)"
17152100286,5664,334701,,,,,,,,,,0.094,16542.310,Pinned,Device,NVIDIA A100-SXM4-40GB MIG 4g.20gb (0),1,,13,[CUDA memcpy Host-to-Device]
17152163965,6912,334702,,,,,,,,,,1.547,223757.827,Device,,NVIDIA A100-SXM4-40GB MIG 4g.20gb (0),1,,13,[CUDA memset]
17152174397,7488,334707,,,,,,,,,,0.031,4179.487,Pinned,Device,NVIDIA A100-SXM4-40GB MIG 4g.20gb (0),1,,13,[CUDA memcpy Host-to-Device]
17152188285,10208,334708,,,,,,,,,,0.197,19260.113,Pinned,Device,NVIDIA A100-SXM4-40GB MIG 4g.20gb (0),1,,13,[CUDA memcpy Host-to-Device]
17152227836,16288,334709,273,1,1,8,4,1,39,0.002,0.000,,,,,NVIDIA A100-SXM4-40GB MIG 4g.20gb (0),1,,13,"void channel_eq::eqMmseCoefCompLowMimoKernel<float, float, float, (unsigned int)4, (unsigned int)1, (unsigned int)4>(const channel_eq::_puschRxChEqStatDescr *, channel_eq::_puschRxChEqCoefCompDynDescr)"
17152347579,22368,334710,273,1,1,12,11,1,51,0.002,0.000,,,,,NVIDIA A100-SXM4-40GB MIG 4g.20gb (0),1,,13,"void channel_eq::eqMmseSoftDemapKernel<float, __half, __half, float, (unsigned int)4, (unsigned short)16383>(channel_eq::_puschRxChEqStatDescr *, channel_eq::_puschRxChEqSoftDemapDynDescr)"
17152490521,870103,334711,1,1,1,32,32,1,30,0.000,0.000,,,,,NVIDIA A100-SXM4-40GB MIG 4g.20gb (0),1,,13,"void convert_kernel<float2, __half2>(tensor_layout_any, T1 *, tensor_layout_any, const T2 *)"
17153772875,17184,334723,2253,1,1,128,1,1,16,0.000,0.000,,,,,NVIDIA A100-SXM4-40GB MIG 4g.20gb (0),1,,13,cupy_copy__float16_float16
17154230982,9792,334732,282,1,1,128,1,1,16,0.000,0.000,,,,,NVIDIA A100-SXM4-40GB MIG 4g.20gb (0),1,,13,cupy_copy__complex64_complex64
17154249446,5376,334741,26,1,1,128,1,1,16,0.000,0.000,,,,,NVIDIA A100-SXM4-40GB MIG 4g.20gb (0),1,,13,cupy_copy__float32_float32
17154292645,13120,334750,103,1,1,128,1,1,16,0.000,0.000,,,,,NVIDIA A100-SXM4-40GB MIG 4g.20gb (0),1,,13,cupy_copy__complex64_complex64
17154311045,16128,334760,1434,1,1,128,1,1,16,0.000,0.000,,,,,NVIDIA A100-SXM4-40GB MIG 4g.20gb (0),1,,13,cupy_copy__complex64_complex64
17154376548,224798,334765,1,1,1,32,32,1,30,0.000,0.000,,,,,NVIDIA A100-SXM4-40GB MIG 4g.20gb (0),1,,13,"void convert_kernel<__half2, float2>(tensor_layout_any, T1 *, tensor_layout_any, const T2 *)"
17154629441,5344,334768,,,,,,,,,,0.094,17532.864,Pinned,Device,NVIDIA A100-SXM4-40GB MIG 4g.20gb (0),1,,13,[CUDA memcpy Host-to-Device]
17154886367,653976,334769,,,,,,,,,,456.561,698082.442,Device,,NVIDIA A100-SXM4-40GB MIG 4g.20gb (0),1,,13,[CUDA memset]
17155547703,60671,334774,,,,,,,,,,1.235,20354.347,Pinned,Device,NVIDIA A100-SXM4-40GB MIG 4g.20gb (0),1,,13,[CUDA memcpy Host-to-Device]
17155615030,13856,334775,,,,,,,,,,0.197,14189.199,Pinned,Device,NVIDIA A100-SXM4-40GB MIG 4g.20gb (0),1,,13,[CUDA memcpy Host-to-Device]
17156127441,15007,334776,69,4,1,48,1,1,76,0.002,0.000,,,,,NVIDIA A100-SXM4-40GB MIG 4g.20gb (0),1,,13,"void ch_est::windowedChEstPreNoDftSOfdmKernel<float, __half, float, (unsigned int)2, (unsigned int)1, (unsigned short)4>(ch_est::puschRxChEstStatDescr_t *, ch_est::puschRxChEstDynDescr_t *)"
17156283759,12832,334777,137,2,1,24,2,1,44,0.001,0.001,,,,,NVIDIA A100-SXM4-40GB MIG 4g.20gb (0),1,,13,"void ch_est::chEstFilterNoDftSOfdmDispatchKernel<float, __half, float, (unsigned int)2>(ch_est::puschRxChEstStatDescr_t *, ch_est::puschRxChEstDynDescr_t *)"
17156871368,13824,334778,137,2,1,24,2,1,44,0.001,0.001,,,,,NVIDIA A100-SXM4-40GB MIG 4g.20gb (0),1,,13,"void ch_est::chEstFilterNoDftSOfdmDispatchKernel<float, __half, float, (unsigned int)2>(ch_est::puschRxChEstStatDescr_t *, ch_est::puschRxChEstDynDescr_t *)"
17157343203,9920,334789,103,1,1,128,1,1,16,0.000,0.000,,,,,NVIDIA A100-SXM4-40GB MIG 4g.20gb (0),1,,13,cupy_copy__complex64_complex64
17157509793,23680,334799,1434,1,1,128,1,1,16,0.000,0.000,,,,,NVIDIA A100-SXM4-40GB MIG 4g.20gb (0),1,,13,cupy_copy__complex64_complex64
17158100570,9024,334806,103,1,1,128,1,1,16,0.000,0.000,,,,,NVIDIA A100-SXM4-40GB MIG 4g.20gb (0),1,,13,cupy_copy__complex64_complex64
17158687476,209406,334813,1,1,1,32,32,1,30,0.000,0.000,,,,,NVIDIA A100-SXM4-40GB MIG 4g.20gb (0),1,,13,"void convert_kernel<__half2, float2>(tensor_layout_any, T1 *, tensor_layout_any, const T2 *)"
17158926385,5440,334816,,,,,,,,,,0.094,17223.480,Pinned,Device,NVIDIA A100-SXM4-40GB MIG 4g.20gb (0),1,,13,[CUDA memcpy Host-to-Device]
17159274413,54112,334817,,,,,,,,,,35.810,661767.322,Device,,NVIDIA A100-SXM4-40GB MIG 4g.20gb (0),1,,13,[CUDA memset]
17159331245,1856,334819,,,,,,,,,,0.000,43.103,Pinned,Device,NVIDIA A100-SXM4-40GB MIG 4g.20gb (0),1,,13,[CUDA memcpy Host-to-Device]
17159336333,9791,334820,,,,,,,,,,0.197,20080.361,Pinned,Device,NVIDIA A100-SXM4-40GB MIG 4g.20gb (0),1,,13,[CUDA memcpy Host-to-Device]
17159917606,25888,334821,273,1,1,48,1,1,40,0.000,0.001,,,,,NVIDIA A100-SXM4-40GB MIG 4g.20gb (0),1,,13,"void pusch_noise_intf_est::noiseIntfEstNoDftSOfdmKernel<float, __half, float, float, (unsigned int)2, (unsigned int)1, (unsigned char)4, (unsigned char)4>(pusch_noise_intf_est::puschRxNoiseIntfEstDynDescr)"
17160053925,16287,334832,35,1,1,128,1,1,16,0.000,0.000,,,,,NVIDIA A100-SXM4-40GB MIG 4g.20gb (0),1,,13,cupy_copy__complex64_complex64
17160174211,5184,334841,1,1,1,1,1,1,18,0.000,0.000,,,,,NVIDIA A100-SXM4-40GB MIG 4g.20gb (0),1,,13,cupy_copy__float32_float32
17160183203,2528,334847,,,,,,,,,,0.000,1.582,Device,Pageable,NVIDIA A100-SXM4-40GB MIG 4g.20gb (0),1,,7,[CUDA memcpy Device-to-Host]
17160318178,20831,334858,1434,1,1,128,1,1,16,0.000,0.000,,,,,NVIDIA A100-SXM4-40GB MIG 4g.20gb (0),1,,13,cupy_copy__complex64_complex64
17160340129,3200,334865,103,1,1,128,1,1,16,0.000,0.000,,,,,NVIDIA A100-SXM4-40GB MIG 4g.20gb (0),1,,13,cupy_copy__complex64_complex64
17160349921,3232,334872,35,1,1,128,1,1,16,0.000,0.000,,,,,NVIDIA A100-SXM4-40GB MIG 4g.20gb (0),1,,13,cupy_copy__complex64_complex64
17160354241,2112,334879,1,1,1,1,1,1,18,0.000,0.000,,,,,NVIDIA A100-SXM4-40GB MIG 4g.20gb (0),1,,13,cupy_copy__float32_float32
17160485152,268605,334890,1,1,1,32,32,1,30,0.000,0.000,,,,,NVIDIA A100-SXM4-40GB MIG 4g.20gb (0),1,,13,"void convert_kernel<__half2, float2>(tensor_layout_any, T1 *, tensor_layout_any, const T2 *)"
17160783836,6784,334893,,,,,,,,,,0.094,13811.259,Pinned,Device,NVIDIA A100-SXM4-40GB MIG 4g.20gb (0),1,,13,[CUDA memcpy Host-to-Device]
17160807772,4800,334894,,,,,,,,,,1.547,322212.818,Device,,NVIDIA A100-SXM4-40GB MIG 4g.20gb (0),1,,13,[CUDA memset]
17160819164,4160,334899,,,,,,,,,,0.031,7523.058,Pinned,Device,NVIDIA A100-SXM4-40GB MIG 4g.20gb (0),1,,13,[CUDA memcpy Host-to-Device]
17160825756,11264,334900,,,,,,,,,,0.197,17454.465,Pinned,Device,NVIDIA A100-SXM4-40GB MIG 4g.20gb (0),1,,13,[CUDA memcpy Host-to-Device]
17160856284,17695,334901,273,1,1,8,4,1,39,0.002,0.000,,,,,NVIDIA A100-SXM4-40GB MIG 4g.20gb (0),1,,13,"void channel_eq::eqMmseCoefCompLowMimoKernel<float, float, float, (unsigned int)4, (unsigned int)1, (unsigned int)4>(const channel_eq::_puschRxChEqStatDescr *, channel_eq::_puschRxChEqCoefCompDynDescr)"
17160907803,10368,334902,273,1,1,12,11,1,51,0.002,0.000,,,,,NVIDIA A100-SXM4-40GB MIG 4g.20gb (0),1,,13,"void channel_eq::eqMmseSoftDemapKernel<float, __half, __half, float, (unsigned int)4, (unsigned short)16383>(channel_eq::_puschRxChEqStatDescr *, channel_eq::_puschRxChEqSoftDemapDynDescr)"
17160953370,623545,334903,1,1,1,32,32,1,30,0.000,0.000,,,,,NVIDIA A100-SXM4-40GB MIG 4g.20gb (0),1,,13,"void convert_kernel<float2, __half2>(tensor_layout_any, T1 *, tensor_layout_any, const T2 *)"
17161704562,14592,334915,2253,1,1,128,1,1,16,0.000,0.000,,,,,NVIDIA A100-SXM4-40GB MIG 4g.20gb (0),1,,13,cupy_copy__float16_float16
17161826321,5952,334924,282,1,1,128,1,1,16,0.000,0.000,,,,,NVIDIA A100-SXM4-40GB MIG 4g.20gb (0),1,,13,cupy_copy__complex64_complex64
17162419594,4160,334933,26,1,1,128,1,1,16,0.000,0.000,,,,,NVIDIA A100-SXM4-40GB MIG 4g.20gb (0),1,,13,cupy_copy__float32_float32
17162581256,5568,334942,103,1,1,128,1,1,16,0.000,0.000,,,,,NVIDIA A100-SXM4-40GB MIG 4g.20gb (0),1,,13,cupy_copy__complex64_complex64
17163107842,19424,334952,1434,1,1,128,1,1,16,0.000,0.000,,,,,NVIDIA A100-SXM4-40GB MIG 4g.20gb (0),1,,13,cupy_copy__complex64_complex64
17163288032,272093,334957,1,1,1,32,32,1,30,0.000,0.000,,,,,NVIDIA A100-SXM4-40GB MIG 4g.20gb (0),1,,13,"void convert_kernel<__half2, float2>(tensor_layout_any, T1 *, tensor_layout_any, const T2 *)"
17163588605,6752,334960,,,,,,,,,,0.094,13876.752,Pinned,Device,NVIDIA A100-SXM4-40GB MIG 4g.20gb (0),1,,13,[CUDA memcpy Host-to-Device]
17164043544,618713,334961,,,,,,,,,,456.561,737803.287,Device,,NVIDIA A100-SXM4-40GB MIG 4g.20gb (0),1,,13,[CUDA memset]
17164668401,64127,334966,,,,,,,,,,1.235,19257.717,Pinned,Device,NVIDIA A100-SXM4-40GB MIG 4g.20gb (0),1,,13,[CUDA memcpy Host-to-Device]
17164734992,10400,334967,,,,,,,,,,0.197,18904.449,Pinned,Device,NVIDIA A100-SXM4-40GB MIG 4g.20gb (0),1,,13,[CUDA memcpy Host-to-Device]
17165316745,15392,334968,69,4,1,48,1,1,76,0.002,0.000,,,,,NVIDIA A100-SXM4-40GB MIG 4g.20gb (0),1,,13,"void ch_est::windowedChEstPreNoDftSOfdmKernel<float, __half, float, (unsigned int)2, (unsigned int)1, (unsigned short)4>(ch_est::puschRxChEstStatDescr_t *, ch_est::puschRxChEstDynDescr_t *)"
17165948194,11680,334969,137,2,1,24,2,1,44,0.001,0.001,,,,,NVIDIA A100-SXM4-40GB MIG 4g.20gb (0),1,,13,"void ch_est::chEstFilterNoDftSOfdmDispatchKernel<float, __half, float, (unsigned int)2>(ch_est::puschRxChEstStatDescr_t *, ch_est::puschRxChEstDynDescr_t *)"
17166580507,13504,334970,137,2,1,24,2,1,44,0.001,0.001,,,,,NVIDIA A100-SXM4-40GB MIG 4g.20gb (0),1,,13,"void ch_est::chEstFilterNoDftSOfdmDispatchKernel<float, __half, float, (unsigned int)2>(ch_est::puschRxChEstStatDescr_t *, ch_est::puschRxChEstDynDescr_t *)"
17167205428,7712,334981,103,1,1,128,1,1,16,0.000,0.000,,,,,NVIDIA A100-SXM4-40GB MIG 4g.20gb (0),1,,13,cupy_copy__complex64_complex64
17167693711,19487,334991,1434,1,1,128,1,1,16,0.000,0.000,,,,,NVIDIA A100-SXM4-40GB MIG 4g.20gb (0),1,,13,cupy_copy__complex64_complex64
17167723054,5728,334998,103,1,1,128,1,1,16,0.000,0.000,,,,,NVIDIA A100-SXM4-40GB MIG 4g.20gb (0),1,,13,cupy_copy__complex64_complex64
17167771086,230781,335005,1,1,1,32,32,1,30,0.000,0.000,,,,,NVIDIA A100-SXM4-40GB MIG 4g.20gb (0),1,,13,"void convert_kernel<__half2, float2>(tensor_layout_any, T1 *, tensor_layout_any, const T2 *)"
17168031851,5376,335008,,,,,,,,,,0.094,17428.487,Pinned,Device,NVIDIA A100-SXM4-40GB MIG 4g.20gb (0),1,,13,[CUDA memcpy Host-to-Device]
17168324488,57055,335009,,,,,,,,,,35.810,627604.658,Device,,NVIDIA A100-SXM4-40GB MIG 4g.20gb (0),1,,13,[CUDA memset]
17168386503,9280,335011,,,,,,,,,,0.000,8.621,Pinned,Device,NVIDIA A100-SXM4-40GB MIG 4g.20gb (0),1,,13,[CUDA memcpy Host-to-Device]
17168401959,13376,335012,,,,,,,,,,0.197,14698.414,Pinned,Device,NVIDIA A100-SXM4-40GB MIG 4g.20gb (0),1,,13,[CUDA memcpy Host-to-Device]
17168432038,20800,335013,273,1,1,48,1,1,40,0.000,0.001,,,,,NVIDIA A100-SXM4-40GB MIG 4g.20gb (0),1,,13,"void pusch_noise_intf_est::noiseIntfEstNoDftSOfdmKernel<float, __half, float, float, (unsigned int)2, (unsigned int)1, (unsigned char)4, (unsigned char)4>(pusch_noise_intf_est::puschRxNoiseIntfEstDynDescr)"
17168488838,11904,335024,35,1,1,128,1,1,16,0.000,0.000,,,,,NVIDIA A100-SXM4-40GB MIG 4g.20gb (0),1,,13,cupy_copy__complex64_complex64
17168974144,4448,335033,1,1,1,1,1,1,18,0.000,0.000,,,,,NVIDIA A100-SXM4-40GB MIG 4g.20gb (0),1,,13,cupy_copy__float32_float32
17168982976,2912,335039,,,,,,,,,,0.000,1.374,Device,Pageable,NVIDIA A100-SXM4-40GB MIG 4g.20gb (0),1,,7,[CUDA memcpy Device-to-Host]
17169049311,16320,335050,1434,1,1,128,1,1,16,0.000,0.000,,,,,NVIDIA A100-SXM4-40GB MIG 4g.20gb (0),1,,13,cupy_copy__complex64_complex64
17169106879,6944,335057,103,1,1,128,1,1,16,0.000,0.000,,,,,NVIDIA A100-SXM4-40GB MIG 4g.20gb (0),1,,13,cupy_copy__complex64_complex64
17169160222,4896,335064,35,1,1,128,1,1,16,0.000,0.000,,,,,NVIDIA A100-SXM4-40GB MIG 4g.20gb (0),1,,13,cupy_copy__complex64_complex64
17169196126,5088,335071,1,1,1,1,1,1,18,0.000,0.000,,,,,NVIDIA A100-SXM4-40GB MIG 4g.20gb (0),1,,13,cupy_copy__float32_float32
17169256221,269597,335082,1,1,1,32,32,1,30,0.000,0.000,,,,,NVIDIA A100-SXM4-40GB MIG 4g.20gb (0),1,,13,"void convert_kernel<__half2, float2>(tensor_layout_any, T1 *, tensor_layout_any, const T2 *)"
17169555386,5728,335085,,,,,,,,,,0.094,16357.541,Pinned,Device,NVIDIA A100-SXM4-40GB MIG 4g.20gb (0),1,,13,[CUDA memcpy Host-to-Device]
17169571930,3808,335086,,,,,,,,,,1.547,406151.196,Device,,NVIDIA A100-SXM4-40GB MIG 4g.20gb (0),1,,13,[CUDA memset]
17169578650,3423,335091,,,,,,,,,,0.031,9142.845,Pinned,Device,NVIDIA A100-SXM4-40GB MIG 4g.20gb (0),1,,13,[CUDA memcpy Host-to-Device]
17169584473,9728,335092,,,,,,,,,,0.197,20210.516,Pinned,Device,NVIDIA A100-SXM4-40GB MIG 4g.20gb (0),1,,13,[CUDA memcpy Host-to-Device]
17169615513,18528,335093,273,1,1,8,4,1,39,0.002,0.000,,,,,NVIDIA A100-SXM4-40GB MIG 4g.20gb (0),1,,13,"void channel_eq::eqMmseCoefCompLowMimoKernel<float, float, float, (unsigned int)4, (unsigned int)1, (unsigned int)4>(const channel_eq::_puschRxChEqStatDescr *, channel_eq::_puschRxChEqCoefCompDynDescr)"
17169669945,10079,335094,273,1,1,12,11,1,51,0.002,0.000,,,,,NVIDIA A100-SXM4-40GB MIG 4g.20gb (0),1,,13,"void channel_eq::eqMmseSoftDemapKernel<float, __half, __half, float, (unsigned int)4, (unsigned short)16383>(channel_eq::_puschRxChEqStatDescr *, channel_eq::_puschRxChEqSoftDemapDynDescr)"
17169722744,598457,335095,1,1,1,32,32,1,30,0.000,0.000,,,,,NVIDIA A100-SXM4-40GB MIG 4g.20gb (0),1,,13,"void convert_kernel<float2, __half2>(tensor_layout_any, T1 *, tensor_layout_any, const T2 *)"
17170328305,12480,335107,2253,1,1,128,1,1,16,0.000,0.000,,,,,NVIDIA A100-SXM4-40GB MIG 4g.20gb (0),1,,13,cupy_copy__float16_float16
17170383216,5408,335116,282,1,1,128,1,1,16,0.000,0.000,,,,,NVIDIA A100-SXM4-40GB MIG 4g.20gb (0),1,,13,cupy_copy__complex64_complex64
17170430352,4896,335125,26,1,1,128,1,1,16,0.000,0.000,,,,,NVIDIA A100-SXM4-40GB MIG 4g.20gb (0),1,,13,cupy_copy__float32_float32
17170482479,6656,335134,103,1,1,128,1,1,16,0.000,0.000,,,,,NVIDIA A100-SXM4-40GB MIG 4g.20gb (0),1,,13,cupy_copy__complex64_complex64
17170526991,15200,335144,1434,1,1,128,1,1,16,0.000,0.000,,,,,NVIDIA A100-SXM4-40GB MIG 4g.20gb (0),1,,13,cupy_copy__complex64_complex64
17170547887,309948,335149,1,1,1,32,32,1,30,0.000,0.000,,,,,NVIDIA A100-SXM4-40GB MIG 4g.20gb (0),1,,13,"void convert_kernel<__half2, float2>(tensor_layout_any, T1 *, tensor_layout_any, const T2 *)"
17170886347,5856,335152,,,,,,,,,,0.094,15999.997,Pinned,Device,NVIDIA A100-SXM4-40GB MIG 4g.20gb (0),1,,13,[CUDA memcpy Host-to-Device]
17171028553,614137,335153,,,,,,,,,,456.561,743282.024,Device,,NVIDIA A100-SXM4-40GB MIG 4g.20gb (0),1,,13,[CUDA memset]
17171643842,68384,335158,,,,,,,,,,1.235,18058.586,Pinned,Device,NVIDIA A100-SXM4-40GB MIG 4g.20gb (0),1,,13,[CUDA memcpy Host-to-Device]
17171716386,12607,335159,,,,,,,,,,0.197,15595.143,Pinned,Device,NVIDIA A100-SXM4-40GB MIG 4g.20gb (0),1,,13,[CUDA memcpy Host-to-Device]
17171874336,16576,335160,69,4,1,48,1,1,76,0.002,0.000,,,,,NVIDIA A100-SXM4-40GB MIG 4g.20gb (0),1,,13,"void ch_est::windowedChEstPreNoDftSOfdmKernel<float, __half, float, (unsigned int)2, (unsigned int)1, (unsigned short)4>(ch_est::puschRxChEstStatDescr_t *, ch_est::puschRxChEstDynDescr_t *)"
17171932831,19264,335161,137,2,1,24,2,1,44,0.001,0.001,,,,,NVIDIA A100-SXM4-40GB MIG 4g.20gb (0),1,,13,"void ch_est::chEstFilterNoDftSOfdmDispatchKernel<float, __half, float, (unsigned int)2>(ch_est::puschRxChEstStatDescr_t *, ch_est::puschRxChEstDynDescr_t *)"
17172159581,15775,335162,137,2,1,24,2,1,44,0.001,0.001,,,,,NVIDIA A100-SXM4-40GB MIG 4g.20gb (0),1,,13,"void ch_est::chEstFilterNoDftSOfdmDispatchKernel<float, __half, float, (unsigned int)2>(ch_est::puschRxChEstStatDescr_t *, ch_est::puschRxChEstDynDescr_t *)"
17172383994,11520,335173,103,1,1,128,1,1,16,0.000,0.000,,,,,NVIDIA A100-SXM4-40GB MIG 4g.20gb (0),1,,13,cupy_copy__complex64_complex64
17172597080,20351,335183,1434,1,1,128,1,1,16,0.000,0.000,,,,,NVIDIA A100-SXM4-40GB MIG 4g.20gb (0),1,,13,cupy_copy__complex64_complex64
17172789941,4768,335190,103,1,1,128,1,1,16,0.000,0.000,,,,,NVIDIA A100-SXM4-40GB MIG 4g.20gb (0),1,,13,cupy_copy__complex64_complex64
17172846389,301788,335197,1,1,1,32,32,1,30,0.000,0.000,,,,,NVIDIA A100-SXM4-40GB MIG 4g.20gb (0),1,,13,"void convert_kernel<__half2, float2>(tensor_layout_any, T1 *, tensor_layout_any, const T2 *)"
17173177233,5344,335200,,,,,,,,,,0.094,17532.864,Pinned,Device,NVIDIA A100-SXM4-40GB MIG 4g.20gb (0),1,,13,[CUDA memcpy Host-to-Device]
17173299792,55807,335201,,,,,,,,,,35.810,641642.147,Device,,NVIDIA A100-SXM4-40GB MIG 4g.20gb (0),1,,13,[CUDA memset]
17173358255,8288,335203,,,,,,,,,,0.000,9.652,Pinned,Device,NVIDIA A100-SXM4-40GB MIG 4g.20gb (0),1,,13,[CUDA memcpy Host-to-Device]
17173369135,9952,335204,,,,,,,,,,0.197,19755.565,Pinned,Device,NVIDIA A100-SXM4-40GB MIG 4g.20gb (0),1,,13,[CUDA memcpy Host-to-Device]
17173588780,22688,335205,273,1,1,48,1,1,40,0.000,0.001,,,,,NVIDIA A100-SXM4-40GB MIG 4g.20gb (0),1,,13,"void pusch_noise_intf_est::noiseIntfEstNoDftSOfdmKernel<float, __half, float, float, (unsigned int)2, (unsigned int)1, (unsigned char)4, (unsigned char)4>(pusch_noise_intf_est::puschRxNoiseIntfEstDynDescr)"
17173817642,7360,335216,35,1,1,128,1,1,16,0.000,0.000,,,,,NVIDIA A100-SXM4-40GB MIG 4g.20gb (0),1,,13,cupy_copy__complex64_complex64
17173875785,3904,335225,1,1,1,1,1,1,18,0.000,0.000,,,,,NVIDIA A100-SXM4-40GB MIG 4g.20gb (0),1,,13,cupy_copy__float32_float32
17173880489,1952,335231,,,,,,,,,,0.000,2.049,Device,Pageable,NVIDIA A100-SXM4-40GB MIG 4g.20gb (0),1,,7,[CUDA memcpy Device-to-Host]
17173968168,14880,335242,1434,1,1,128,1,1,16,0.000,0.000,,,,,NVIDIA A100-SXM4-40GB MIG 4g.20gb (0),1,,13,cupy_copy__complex64_complex64
17174013288,5888,335249,103,1,1,128,1,1,16,0.000,0.000,,,,,NVIDIA A100-SXM4-40GB MIG 4g.20gb (0),1,,13,cupy_copy__complex64_complex64
17174027592,3936,335256,35,1,1,128,1,1,16,0.000,0.000,,,,,NVIDIA A100-SXM4-40GB MIG 4g.20gb (0),1,,13,cupy_copy__complex64_complex64
17174088743,2656,335263,1,1,1,1,1,1,18,0.000,0.000,,,,,NVIDIA A100-SXM4-40GB MIG 4g.20gb (0),1,,13,cupy_copy__float32_float32
17174143590,254781,335274,1,1,1,32,32,1,30,0.000,0.000,,,,,NVIDIA A100-SXM4-40GB MIG 4g.20gb (0),1,,13,"void convert_kernel<__half2, float2>(tensor_layout_any, T1 *, tensor_layout_any, const T2 *)"
17174427715,5408,335277,,,,,,,,,,0.094,17325.421,Pinned,Device,NVIDIA A100-SXM4-40GB MIG 4g.20gb (0),1,,13,[CUDA memcpy Host-to-Device]
17174459523,4128,335278,,,,,,,,,,1.547,374666.571,Device,,NVIDIA A100-SXM4-40GB MIG 4g.20gb (0),1,,13,[CUDA memset]
17174469379,3520,335283,,,,,,,,,,0.031,8890.881,Pinned,Device,NVIDIA A100-SXM4-40GB MIG 4g.20gb (0),1,,13,[CUDA memcpy Host-to-Device]
17174475363,10047,335284,,,,,,,,,,0.197,19568.787,Pinned,Device,NVIDIA A100-SXM4-40GB MIG 4g.20gb (0),1,,13,[CUDA memcpy Host-to-Device]
17174506338,17376,335285,273,1,1,8,4,1,39,0.002,0.000,,,,,NVIDIA A100-SXM4-40GB MIG 4g.20gb (0),1,,13,"void channel_eq::eqMmseCoefCompLowMimoKernel<float, float, float, (unsigned int)4, (unsigned int)1, (unsigned int)4>(const channel_eq::_puschRxChEqStatDescr *, channel_eq::_puschRxChEqCoefCompDynDescr)"
17174566817,12512,335286,273,1,1,12,11,1,51,0.002,0.000,,,,,NVIDIA A100-SXM4-40GB MIG 4g.20gb (0),1,,13,"void channel_eq::eqMmseSoftDemapKernel<float, __half, __half, float, (unsigned int)4, (unsigned short)16383>(channel_eq::_puschRxChEqStatDescr *, channel_eq::_puschRxChEqSoftDemapDynDescr)"
17174614689,589177,335287,1,1,1,32,32,1,30,0.000,0.000,,,,,NVIDIA A100-SXM4-40GB MIG 4g.20gb (0),1,,13,"void convert_kernel<float2, __half2>(tensor_layout_any, T1 *, tensor_layout_any, const T2 *)"
17175246810,12384,335299,2253,1,1,128,1,1,16,0.000,0.000,,,,,NVIDIA A100-SXM4-40GB MIG 4g.20gb (0),1,,13,cupy_copy__float16_float16
17175300697,5760,335308,282,1,1,128,1,1,16,0.000,0.000,,,,,NVIDIA A100-SXM4-40GB MIG 4g.20gb (0),1,,13,cupy_copy__complex64_complex64
17175337273,5472,335317,26,1,1,128,1,1,16,0.000,0.000,,,,,NVIDIA A100-SXM4-40GB MIG 4g.20gb (0),1,,13,cupy_copy__float32_float32
17175406136,7744,335326,103,1,1,128,1,1,16,0.000,0.000,,,,,NVIDIA A100-SXM4-40GB MIG 4g.20gb (0),1,,13,cupy_copy__complex64_complex64
17175650805,18112,335336,1434,1,1,128,1,1,16,0.000,0.000,,,,,NVIDIA A100-SXM4-40GB MIG 4g.20gb (0),1,,13,cupy_copy__complex64_complex64
17175717717,303356,335341,1,1,1,32,32,1,30,0.000,0.000,,,,,NVIDIA A100-SXM4-40GB MIG 4g.20gb (0),1,,13,"void convert_kernel<__half2, float2>(tensor_layout_any, T1 *, tensor_layout_any, const T2 *)"
17176050225,5568,335344,,,,,,,,,,0.094,16827.521,Pinned,Device,NVIDIA A100-SXM4-40GB MIG 4g.20gb (0),1,,13,[CUDA memcpy Host-to-Device]
17176221071,616889,335345,,,,,,,,,,456.561,740086.094,Device,,NVIDIA A100-SXM4-40GB MIG 4g.20gb (0),1,,13,[CUDA memset]
17176838856,67391,335350,,,,,,,,,,1.235,18324.099,Pinned,Device,NVIDIA A100-SXM4-40GB MIG 4g.20gb (0),1,,13,[CUDA memcpy Host-to-Device]
17176912615,12768,335351,,,,,,,,,,0.197,15398.339,Pinned,Device,NVIDIA A100-SXM4-40GB MIG 4g.20gb (0),1,,13,[CUDA memcpy Host-to-Device]
17177073733,23424,335352,69,4,1,48,1,1,76,0.002,0.000,,,,,NVIDIA A100-SXM4-40GB MIG 4g.20gb (0),1,,13,"void ch_est::windowedChEstPreNoDftSOfdmKernel<float, __half, float, (unsigned int)2, (unsigned int)1, (unsigned short)4>(ch_est::puschRxChEstStatDescr_t *, ch_est::puschRxChEstDynDescr_t *)"
17177304739,18112,335353,137,2,1,24,2,1,44,0.001,0.001,,,,,NVIDIA A100-SXM4-40GB MIG 4g.20gb (0),1,,13,"void ch_est::chEstFilterNoDftSOfdmDispatchKernel<float, __half, float, (unsigned int)2>(ch_est::puschRxChEstStatDescr_t *, ch_est::puschRxChEstDynDescr_t *)"
17177541664,17824,335354,137,2,1,24,2,1,44,0.001,0.001,,,,,NVIDIA A100-SXM4-40GB MIG 4g.20gb (0),1,,13,"void ch_est::chEstFilterNoDftSOfdmDispatchKernel<float, __half, float, (unsigned int)2>(ch_est::puschRxChEstStatDescr_t *, ch_est::puschRxChEstDynDescr_t *)"
17177770462,10143,335365,103,1,1,128,1,1,16,0.000,0.000,,,,,NVIDIA A100-SXM4-40GB MIG 4g.20gb (0),1,,13,cupy_copy__complex64_complex64
17177985435,20704,335375,1434,1,1,128,1,1,16,0.000,0.000,,,,,NVIDIA A100-SXM4-40GB MIG 4g.20gb (0),1,,13,cupy_copy__complex64_complex64
17178185305,4928,335382,103,1,1,128,1,1,16,0.000,0.000,,,,,NVIDIA A100-SXM4-40GB MIG 4g.20gb (0),1,,13,cupy_copy__complex64_complex64
17178241848,304509,335389,1,1,1,32,32,1,30,0.000,0.000,,,,,NVIDIA A100-SXM4-40GB MIG 4g.20gb (0),1,,13,"void convert_kernel<__half2, float2>(tensor_layout_any, T1 *, tensor_layout_any, const T2 *)"
17178583956,5792,335392,,,,,,,,,,0.094,16176.708,Pinned,Device,NVIDIA A100-SXM4-40GB MIG 4g.20gb (0),1,,13,[CUDA memcpy Host-to-Device]
17178617492,55711,335393,,,,,,,,,,35.810,642752.254,Device,,NVIDIA A100-SXM4-40GB MIG 4g.20gb (0),1,,13,[CUDA memset]
17178680019,5696,335395,,,,,,,,,,0.000,14.045,Pinned,Device,NVIDIA A100-SXM4-40GB MIG 4g.20gb (0),1,,13,[CUDA memcpy Host-to-Device]
17178688179,18752,335396,,,,,,,,,,0.197,10484.515,Pinned,Device,NVIDIA A100-SXM4-40GB MIG 4g.20gb (0),1,,13,[CUDA memcpy Host-to-Device]
17178718035,21696,335397,273,1,1,48,1,1,40,0.000,0.001,,,,,NVIDIA A100-SXM4-40GB MIG 4g.20gb (0),1,,13,"void pusch_noise_intf_est::noiseIntfEstNoDftSOfdmKernel<float, __half, float, float, (unsigned int)2, (unsigned int)1, (unsigned char)4, (unsigned char)4>(pusch_noise_intf_est::puschRxNoiseIntfEstDynDescr)"
17178772786,5376,335408,35,1,1,128,1,1,16,0.000,0.000,,,,,NVIDIA A100-SXM4-40GB MIG 4g.20gb (0),1,,13,cupy_copy__complex64_complex64
17178812850,3904,335417,1,1,1,1,1,1,18,0.000,0.000,,,,,NVIDIA A100-SXM4-40GB MIG 4g.20gb (0),1,,13,cupy_copy__float32_float32
17178817714,1632,335423,,,,,,,,,,0.000,2.451,Device,Pageable,NVIDIA A100-SXM4-40GB MIG 4g.20gb (0),1,,7,[CUDA memcpy Device-to-Host]
17178879441,12736,335434,1434,1,1,128,1,1,16,0.000,0.000,,,,,NVIDIA A100-SXM4-40GB MIG 4g.20gb (0),1,,13,cupy_copy__complex64_complex64
17178934160,4768,335441,103,1,1,128,1,1,16,0.000,0.000,,,,,NVIDIA A100-SXM4-40GB MIG 4g.20gb (0),1,,13,cupy_copy__complex64_complex64
17178985616,8480,335448,35,1,1,128,1,1,16,0.000,0.000,,,,,NVIDIA A100-SXM4-40GB MIG 4g.20gb (0),1,,13,cupy_copy__complex64_complex64
17179022959,3872,335455,1,1,1,1,1,1,18,0.000,0.000,,,,,NVIDIA A100-SXM4-40GB MIG 4g.20gb (0),1,,13,cupy_copy__float32_float32
17179085871,253629,335466,1,1,1,32,32,1,30,0.000,0.000,,,,,NVIDIA A100-SXM4-40GB MIG 4g.20gb (0),1,,13,"void convert_kernel<__half2, float2>(tensor_layout_any, T1 *, tensor_layout_any, const T2 *)"
17179368172,5375,335469,,,,,,,,,,0.094,17431.766,Pinned,Device,NVIDIA A100-SXM4-40GB MIG 4g.20gb (0),1,,13,[CUDA memcpy Host-to-Device]
17179399659,4576,335470,,,,,,,,,,1.547,337985.289,Device,,NVIDIA A100-SXM4-40GB MIG 4g.20gb (0),1,,13,[CUDA memset]
17179408555,3264,335475,,,,,,,,,,0.031,9588.218,Pinned,Device,NVIDIA A100-SXM4-40GB MIG 4g.20gb (0),1,,13,[CUDA memcpy Host-to-Device]
17179414251,10240,335476,,,,,,,,,,0.197,19199.951,Pinned,Device,NVIDIA A100-SXM4-40GB MIG 4g.20gb (0),1,,13,[CUDA memcpy Host-to-Device]
17179445067,15488,335477,273,1,1,8,4,1,39,0.002,0.000,,,,,NVIDIA A100-SXM4-40GB MIG 4g.20gb (0),1,,13,"void channel_eq::eqMmseCoefCompLowMimoKernel<float, float, float, (unsigned int)4, (unsigned int)1, (unsigned int)4>(const channel_eq::_puschRxChEqStatDescr *, channel_eq::_puschRxChEqCoefCompDynDescr)"
17179499146,7744,335478,273,1,1,12,11,1,51,0.002,0.000,,,,,NVIDIA A100-SXM4-40GB MIG 4g.20gb (0),1,,13,"void channel_eq::eqMmseSoftDemapKernel<float, __half, __half, float, (unsigned int)4, (unsigned short)16383>(channel_eq::_puschRxChEqStatDescr *, channel_eq::_puschRxChEqSoftDemapDynDescr)"
17179546410,582905,335479,1,1,1,32,32,1,30,0.000,0.000,,,,,NVIDIA A100-SXM4-40GB MIG 4g.20gb (0),1,,13,"void convert_kernel<float2, __half2>(tensor_layout_any, T1 *, tensor_layout_any, const T2 *)"
17180152899,14432,335491,2253,1,1,128,1,1,16,0.000,0.000,,,,,NVIDIA A100-SXM4-40GB MIG 4g.20gb (0),1,,13,cupy_copy__float16_float16
17180271617,6848,335500,282,1,1,128,1,1,16,0.000,0.000,,,,,NVIDIA A100-SXM4-40GB MIG 4g.20gb (0),1,,13,cupy_copy__complex64_complex64
17180557694,5568,335509,26,1,1,128,1,1,16,0.000,0.000,,,,,NVIDIA A100-SXM4-40GB MIG 4g.20gb (0),1,,13,cupy_copy__float32_float32
17180608446,11775,335518,103,1,1,128,1,1,16,0.000,0.000,,,,,NVIDIA A100-SXM4-40GB MIG 4g.20gb (0),1,,13,cupy_copy__complex64_complex64
17180867963,23807,335528,1434,1,1,128,1,1,16,0.000,0.000,,,,,NVIDIA A100-SXM4-40GB MIG 4g.20gb (0),1,,13,cupy_copy__complex64_complex64
17180931290,267389,335533,1,1,1,32,32,1,30,0.000,0.000,,,,,NVIDIA A100-SXM4-40GB MIG 4g.20gb (0),1,,13,"void convert_kernel<__half2, float2>(tensor_layout_any, T1 *, tensor_layout_any, const T2 *)"
17181228215,5376,335536,,,,,,,,,,0.094,17428.487,Pinned,Device,NVIDIA A100-SXM4-40GB MIG 4g.20gb (0),1,,13,[CUDA memcpy Host-to-Device]
17181506964,610393,335537,,,,,,,,,,456.561,747847.639,Device,,NVIDIA A100-SXM4-40GB MIG 4g.20gb (0),1,,13,[CUDA memset]
17182121933,65887,335542,,,,,,,,,,1.235,18742.745,Pinned,Device,NVIDIA A100-SXM4-40GB MIG 4g.20gb (0),1,,13,[CUDA memcpy Host-to-Device]
17182190252,12608,335543,,,,,,,,,,0.197,15593.767,Pinned,Device,NVIDIA A100-SXM4-40GB MIG 4g.20gb (0),1,,13,[CUDA memcpy Host-to-Device]
17182455785,19648,335544,69,4,1,48,1,1,76,0.002,0.000,,,,,NVIDIA A100-SXM4-40GB MIG 4g.20gb (0),1,,13,"void ch_est::windowedChEstPreNoDftSOfdmKernel<float, __half, float, (unsigned int)2, (unsigned int)1, (unsigned short)4>(ch_est::puschRxChEstStatDescr_t *, ch_est::puschRxChEstDynDescr_t *)"
17182749702,19455,335545,137,2,1,24,2,1,44,0.001,0.001,,,,,NVIDIA A100-SXM4-40GB MIG 4g.20gb (0),1,,13,"void ch_est::chEstFilterNoDftSOfdmDispatchKernel<float, __half, float, (unsigned int)2>(ch_est::puschRxChEstStatDescr_t *, ch_est::puschRxChEstDynDescr_t *)"
17183046018,20896,335546,137,2,1,24,2,1,44,0.001,0.001,,,,,NVIDIA A100-SXM4-40GB MIG 4g.20gb (0),1,,13,"void ch_est::chEstFilterNoDftSOfdmDispatchKernel<float, __half, float, (unsigned int)2>(ch_est::puschRxChEstStatDescr_t *, ch_est::puschRxChEstDynDescr_t *)"
17183339967,10112,335557,103,1,1,128,1,1,16,0.000,0.000,,,,,NVIDIA A100-SXM4-40GB MIG 4g.20gb (0),1,,13,cupy_copy__complex64_complex64
17183631804,19583,335567,1434,1,1,128,1,1,16,0.000,0.000,,,,,NVIDIA A100-SXM4-40GB MIG 4g.20gb (0),1,,13,cupy_copy__complex64_complex64
17183915192,9248,335574,103,1,1,128,1,1,16,0.000,0.000,,,,,NVIDIA A100-SXM4-40GB MIG 4g.20gb (0),1,,13,cupy_copy__complex64_complex64
17183930136,286813,335581,1,1,1,32,32,1,30,0.000,0.000,,,,,NVIDIA A100-SXM4-40GB MIG 4g.20gb (0),1,,13,"void convert_kernel<__half2, float2>(tensor_layout_any, T1 *, tensor_layout_any, const T2 *)"
17184247669,5376,335584,,,,,,,,,,0.094,17428.487,Pinned,Device,NVIDIA A100-SXM4-40GB MIG 4g.20gb (0),1,,13,[CUDA memcpy Host-to-Device]
17184261301,54047,335585,,,,,,,,,,35.810,662555.140,Device,,NVIDIA A100-SXM4-40GB MIG 4g.20gb (0),1,,13,[CUDA memset]
17184321076,2688,335587,,,,,,,,,,0.000,29.762,Pinned,Device,NVIDIA A100-SXM4-40GB MIG 4g.20gb (0),1,,13,[CUDA memcpy Host-to-Device]
17184326228,12192,335588,,,,,,,,,,0.197,16125.788,Pinned,Device,NVIDIA A100-SXM4-40GB MIG 4g.20gb (0),1,,13,[CUDA memcpy Host-to-Device]
17184358483,17696,335589,273,1,1,48,1,1,40,0.000,0.001,,,,,NVIDIA A100-SXM4-40GB MIG 4g.20gb (0),1,,13,"void pusch_noise_intf_est::noiseIntfEstNoDftSOfdmKernel<float, __half, float, float, (unsigned int)2, (unsigned int)1, (unsigned char)4, (unsigned char)4>(pusch_noise_intf_est::puschRxNoiseIntfEstDynDescr)"
17184417779,5312,335600,35,1,1,128,1,1,16,0.000,0.000,,,,,NVIDIA A100-SXM4-40GB MIG 4g.20gb (0),1,,13,cupy_copy__complex64_complex64
17184469874,3008,335609,1,1,1,1,1,1,18,0.000,0.000,,,,,NVIDIA A100-SXM4-40GB MIG 4g.20gb (0),1,,13,cupy_copy__float32_float32
17184476594,1760,335615,,,,,,,,,,0.000,2.273,Device,Pageable,NVIDIA A100-SXM4-40GB MIG 4g.20gb (0),1,,7,[CUDA memcpy Device-to-Host]
17184559921,14656,335626,1434,1,1,128,1,1,16,0.000,0.000,,,,,NVIDIA A100-SXM4-40GB MIG 4g.20gb (0),1,,13,cupy_copy__complex64_complex64
17184616017,5536,335633,103,1,1,128,1,1,16,0.000,0.000,,,,,NVIDIA A100-SXM4-40GB MIG 4g.20gb (0),1,,13,cupy_copy__complex64_complex64
17184665712,4928,335640,35,1,1,128,1,1,16,0.000,0.000,,,,,NVIDIA A100-SXM4-40GB MIG 4g.20gb (0),1,,13,cupy_copy__complex64_complex64
17184716335,3168,335647,1,1,1,1,1,1,18,0.000,0.000,,,,,NVIDIA A100-SXM4-40GB MIG 4g.20gb (0),1,,13,cupy_copy__float32_float32
17184762255,263325,335658,1,1,1,32,32,1,30,0.000,0.000,,,,,NVIDIA A100-SXM4-40GB MIG 4g.20gb (0),1,,13,"void convert_kernel<__half2, float2>(tensor_layout_any, T1 *, tensor_layout_any, const T2 *)"
17185054444,5408,335661,,,,,,,,,,0.094,17325.421,Pinned,Device,NVIDIA A100-SXM4-40GB MIG 4g.20gb (0),1,,13,[CUDA memcpy Host-to-Device]
17185080587,4576,335662,,,,,,,,,,1.547,337985.289,Device,,NVIDIA A100-SXM4-40GB MIG 4g.20gb (0),1,,13,[CUDA memset]
17185090763,6816,335667,,,,,,,,,,0.031,4591.530,Pinned,Device,NVIDIA A100-SXM4-40GB MIG 4g.20gb (0),1,,13,[CUDA memcpy Host-to-Device]
17185100043,12256,335668,,,,,,,,,,0.197,16041.640,Pinned,Device,NVIDIA A100-SXM4-40GB MIG 4g.20gb (0),1,,13,[CUDA memcpy Host-to-Device]
17185128011,11040,335669,273,1,1,8,4,1,39,0.002,0.000,,,,,NVIDIA A100-SXM4-40GB MIG 4g.20gb (0),1,,13,"void channel_eq::eqMmseCoefCompLowMimoKernel<float, float, float, (unsigned int)4, (unsigned int)1, (unsigned int)4>(const channel_eq::_puschRxChEqStatDescr *, channel_eq::_puschRxChEqCoefCompDynDescr)"
17185184682,8800,335670,273,1,1,12,11,1,51,0.002,0.000,,,,,NVIDIA A100-SXM4-40GB MIG 4g.20gb (0),1,,13,"void channel_eq::eqMmseSoftDemapKernel<float, __half, __half, float, (unsigned int)4, (unsigned short)16383>(channel_eq::_puschRxChEqStatDescr *, channel_eq::_puschRxChEqSoftDemapDynDescr)"
17185233162,627833,335671,1,1,1,32,32,1,30,0.000,0.000,,,,,NVIDIA A100-SXM4-40GB MIG 4g.20gb (0),1,,13,"void convert_kernel<float2, __half2>(tensor_layout_any, T1 *, tensor_layout_any, const T2 *)"
17186113792,15008,335683,2253,1,1,128,1,1,16,0.000,0.000,,,,,NVIDIA A100-SXM4-40GB MIG 4g.20gb (0),1,,13,cupy_copy__float16_float16
17186163743,9632,335692,282,1,1,128,1,1,16,0.000,0.000,,,,,NVIDIA A100-SXM4-40GB MIG 4g.20gb (0),1,,13,cupy_copy__complex64_complex64
17186183679,2752,335701,26,1,1,128,1,1,16,0.000,0.000,,,,,NVIDIA A100-SXM4-40GB MIG 4g.20gb (0),1,,13,cupy_copy__float32_float32
17186227711,7391,335710,103,1,1,128,1,1,16,0.000,0.000,,,,,NVIDIA A100-SXM4-40GB MIG 4g.20gb (0),1,,13,cupy_copy__complex64_complex64
17186508347,22240,335720,1434,1,1,128,1,1,16,0.000,0.000,,,,,NVIDIA A100-SXM4-40GB MIG 4g.20gb (0),1,,13,cupy_copy__complex64_complex64
17186779928,273437,335725,1,1,1,32,32,1,30,0.000,0.000,,,,,NVIDIA A100-SXM4-40GB MIG 4g.20gb (0),1,,13,"void convert_kernel<__half2, float2>(tensor_layout_any, T1 *, tensor_layout_any, const T2 *)"
17187081077,5440,335728,,,,,,,,,,0.094,17223.480,Pinned,Device,NVIDIA A100-SXM4-40GB MIG 4g.20gb (0),1,,13,[CUDA memcpy Host-to-Device]
17187125556,616185,335729,,,,,,,,,,456.561,740542.656,Device,,NVIDIA A100-SXM4-40GB MIG 4g.20gb (0),1,,13,[CUDA memset]
17187745325,67936,335734,,,,,,,,,,1.235,18177.141,Pinned,Device,NVIDIA A100-SXM4-40GB MIG 4g.20gb (0),1,,13,[CUDA memcpy Host-to-Device]
17187815821,13280,335735,,,,,,,,,,0.197,14804.779,Pinned,Device,NVIDIA A100-SXM4-40GB MIG 4g.20gb (0),1,,13,[CUDA memcpy Host-to-Device]
17188044074,20576,335736,69,4,1,48,1,1,76,0.002,0.000,,,,,NVIDIA A100-SXM4-40GB MIG 4g.20gb (0),1,,13,"void ch_est::windowedChEstPreNoDftSOfdmKernel<float, __half, float, (unsigned int)2, (unsigned int)1, (unsigned short)4>(ch_est::puschRxChEstStatDescr_t *, ch_est::puschRxChEstDynDescr_t *)"
17188344455,23551,335737,137,2,1,24,2,1,44,0.001,0.001,,,,,NVIDIA A100-SXM4-40GB MIG 4g.20gb (0),1,,13,"void ch_est::chEstFilterNoDftSOfdmDispatchKernel<float, __half, float, (unsigned int)2>(ch_est::puschRxChEstStatDescr_t *, ch_est::puschRxChEstDynDescr_t *)"
17188642915,23424,335738,137,2,1,24,2,1,44,0.001,0.001,,,,,NVIDIA A100-SXM4-40GB MIG 4g.20gb (0),1,,13,"void ch_est::chEstFilterNoDftSOfdmDispatchKernel<float, __half, float, (unsigned int)2>(ch_est::puschRxChEstStatDescr_t *, ch_est::puschRxChEstDynDescr_t *)"
17188938880,11296,335749,103,1,1,128,1,1,16,0.000,0.000,,,,,NVIDIA A100-SXM4-40GB MIG 4g.20gb (0),1,,13,cupy_copy__complex64_complex64
17189237245,21567,335759,1434,1,1,128,1,1,16,0.000,0.000,,,,,NVIDIA A100-SXM4-40GB MIG 4g.20gb (0),1,,13,cupy_copy__complex64_complex64
17189299580,5952,335766,103,1,1,128,1,1,16,0.000,0.000,,,,,NVIDIA A100-SXM4-40GB MIG 4g.20gb (0),1,,13,cupy_copy__complex64_complex64
17189350139,258622,335773,1,1,1,32,32,1,30,0.000,0.000,,,,,NVIDIA A100-SXM4-40GB MIG 4g.20gb (0),1,,13,"void convert_kernel<__half2, float2>(tensor_layout_any, T1 *, tensor_layout_any, const T2 *)"
17189637944,5440,335776,,,,,,,,,,0.094,17223.480,Pinned,Device,NVIDIA A100-SXM4-40GB MIG 4g.20gb (0),1,,13,[CUDA memcpy Host-to-Device]
17189670872,55327,335777,,,,,,,,,,35.810,647228.494,Device,,NVIDIA A100-SXM4-40GB MIG 4g.20gb (0),1,,13,[CUDA memset]
17189730807,3552,335779,,,,,,,,,,0.000,22.522,Pinned,Device,NVIDIA A100-SXM4-40GB MIG 4g.20gb (0),1,,13,[CUDA memcpy Host-to-Device]
17189736855,10016,335780,,,,,,,,,,0.197,19629.343,Pinned,Device,NVIDIA A100-SXM4-40GB MIG 4g.20gb (0),1,,13,[CUDA memcpy Host-to-Device]
17189767447,16864,335781,273,1,1,48,1,1,40,0.000,0.001,,,,,NVIDIA A100-SXM4-40GB MIG 4g.20gb (0),1,,13,"void pusch_noise_intf_est::noiseIntfEstNoDftSOfdmKernel<float, __half, float, float, (unsigned int)2, (unsigned int)1, (unsigned char)4, (unsigned char)4>(pusch_noise_intf_est::puschRxNoiseIntfEstDynDescr)"
17189826966,4864,335792,35,1,1,128,1,1,16,0.000,0.000,,,,,NVIDIA A100-SXM4-40GB MIG 4g.20gb (0),1,,13,cupy_copy__complex64_complex64
17189877078,4319,335801,1,1,1,1,1,1,18,0.000,0.000,,,,,NVIDIA A100-SXM4-40GB MIG 4g.20gb (0),1,,13,cupy_copy__float32_float32
17189883285,1888,335807,,,,,,,,,,0.000,2.119,Device,Pageable,NVIDIA A100-SXM4-40GB MIG 4g.20gb (0),1,,7,[CUDA memcpy Device-to-Host]
17189966325,17887,335818,1434,1,1,128,1,1,16,0.000,0.000,,,,,NVIDIA A100-SXM4-40GB MIG 4g.20gb (0),1,,13,cupy_copy__complex64_complex64
17190011828,6688,335825,103,1,1,128,1,1,16,0.000,0.000,,,,,NVIDIA A100-SXM4-40GB MIG 4g.20gb (0),1,,13,cupy_copy__complex64_complex64
17190024020,5184,335832,35,1,1,128,1,1,16,0.000,0.000,,,,,NVIDIA A100-SXM4-40GB MIG 4g.20gb (0),1,,13,cupy_copy__complex64_complex64
17190077939,3296,335839,1,1,1,1,1,1,18,0.000,0.000,,,,,NVIDIA A100-SXM4-40GB MIG 4g.20gb (0),1,,13,cupy_copy__float32_float32
17190172210,323261,335850,1,1,1,32,32,1,30,0.000,0.000,,,,,NVIDIA A100-SXM4-40GB MIG 4g.20gb (0),1,,13,"void convert_kernel<__half2, float2>(tensor_layout_any, T1 *, tensor_layout_any, const T2 *)"
17190524590,5728,335853,,,,,,,,,,0.094,16357.541,Pinned,Device,NVIDIA A100-SXM4-40GB MIG 4g.20gb (0),1,,13,[CUDA memcpy Host-to-Device]
17190828427,8416,335854,,,,,,,,,,1.547,183771.410,Device,,NVIDIA A100-SXM4-40GB MIG 4g.20gb (0),1,,13,[CUDA memset]
17190841515,3200,335859,,,,,,,,,,0.031,9780.000,Pinned,Device,NVIDIA A100-SXM4-40GB MIG 4g.20gb (0),1,,13,[CUDA memcpy Host-to-Device]
17190847243,13631,335860,,,,,,,,,,0.197,14423.556,Pinned,Device,NVIDIA A100-SXM4-40GB MIG 4g.20gb (0),1,,13,[CUDA memcpy Host-to-Device]
17191190087,19104,335861,273,1,1,8,4,1,39,0.002,0.000,,,,,NVIDIA A100-SXM4-40GB MIG 4g.20gb (0),1,,13,"void channel_eq::eqMmseCoefCompLowMimoKernel<float, float, float, (unsigned int)4, (unsigned int)1, (unsigned int)4>(const channel_eq::_puschRxChEqStatDescr *, channel_eq::_puschRxChEqCoefCompDynDescr)"
17191271878,16160,335862,273,1,1,12,11,1,51,0.002,0.000,,,,,NVIDIA A100-SXM4-40GB MIG 4g.20gb (0),1,,13,"void channel_eq::eqMmseSoftDemapKernel<float, __half, __half, float, (unsigned int)4, (unsigned short)16383>(channel_eq::_puschRxChEqStatDescr *, channel_eq::_puschRxChEqSoftDemapDynDescr)"
17191636642,738711,335863,1,1,1,32,32,1,30,0.000,0.000,,,,,NVIDIA A100-SXM4-40GB MIG 4g.20gb (0),1,,13,"void convert_kernel<float2, __half2>(tensor_layout_any, T1 *, tensor_layout_any, const T2 *)"
17192707830,16608,335875,2253,1,1,128,1,1,16,0.000,0.000,,,,,NVIDIA A100-SXM4-40GB MIG 4g.20gb (0),1,,13,cupy_copy__float16_float16
17193047506,5056,335884,282,1,1,128,1,1,16,0.000,0.000,,,,,NVIDIA A100-SXM4-40GB MIG 4g.20gb (0),1,,13,cupy_copy__complex64_complex64
17193094321,10336,335893,26,1,1,128,1,1,16,0.000,0.000,,,,,NVIDIA A100-SXM4-40GB MIG 4g.20gb (0),1,,13,cupy_copy__float32_float32
17193444397,12704,335902,103,1,1,128,1,1,16,0.000,0.000,,,,,NVIDIA A100-SXM4-40GB MIG 4g.20gb (0),1,,13,cupy_copy__complex64_complex64
17193777194,17951,335912,1434,1,1,128,1,1,16,0.000,0.000,,,,,NVIDIA A100-SXM4-40GB MIG 4g.20gb (0),1,,13,cupy_copy__complex64_complex64
17193833033,306749,335917,1,1,1,32,32,1,30,0.000,0.000,,,,,NVIDIA A100-SXM4-40GB MIG 4g.20gb (0),1,,13,"void convert_kernel<__half2, float2>(tensor_layout_any, T1 *, tensor_layout_any, const T2 *)"
17194169733,5696,335920,,,,,,,,,,0.094,16449.363,Pinned,Device,NVIDIA A100-SXM4-40GB MIG 4g.20gb (0),1,,13,[CUDA memcpy Host-to-Device]
17194194213,612409,335921,,,,,,,,,,456.561,745108.270,Device,,NVIDIA A100-SXM4-40GB MIG 4g.20gb (0),1,,13,[CUDA memset]
17194810814,65759,335926,,,,,,,,,,1.235,18779.793,Pinned,Device,NVIDIA A100-SXM4-40GB MIG 4g.20gb (0),1,,13,[CUDA memcpy Host-to-Device]
17194879293,12640,335927,,,,,,,,,,0.197,15554.249,Pinned,Device,NVIDIA A100-SXM4-40GB MIG 4g.20gb (0),1,,13,[CUDA memcpy Host-to-Device]
17194909373,11840,335928,69,4,1,48,1,1,76,0.002,0.000,,,,,NVIDIA A100-SXM4-40GB MIG 4g.20gb (0),1,,13,"void ch_est::windowedChEstPreNoDftSOfdmKernel<float, __half, float, (unsigned int)2, (unsigned int)1, (unsigned short)4>(ch_est::puschRxChEstStatDescr_t *, ch_est::puschRxChEstDynDescr_t *)"
17194959420,8416,335929,137,2,1,24,2,1,44,0.001,0.001,,,,,NVIDIA A100-SXM4-40GB MIG 4g.20gb (0),1,,13,"void ch_est::chEstFilterNoDftSOfdmDispatchKernel<float, __half, float, (unsigned int)2>(ch_est::puschRxChEstStatDescr_t *, ch_est::puschRxChEstDynDescr_t *)"
17195015420,8320,335930,137,2,1,24,2,1,44,0.001,0.001,,,,,NVIDIA A100-SXM4-40GB MIG 4g.20gb (0),1,,13,"void ch_est::chEstFilterNoDftSOfdmDispatchKernel<float, __half, float, (unsigned int)2>(ch_est::puschRxChEstStatDescr_t *, ch_est::puschRxChEstDynDescr_t *)"
17195066395,4960,335941,103,1,1,128,1,1,16,0.000,0.000,,,,,NVIDIA A100-SXM4-40GB MIG 4g.20gb (0),1,,13,cupy_copy__complex64_complex64
17195116123,16895,335951,1434,1,1,128,1,1,16,0.000,0.000,,,,,NVIDIA A100-SXM4-40GB MIG 4g.20gb (0),1,,13,cupy_copy__complex64_complex64
17195172858,5856,335958,103,1,1,128,1,1,16,0.000,0.000,,,,,NVIDIA A100-SXM4-40GB MIG 4g.20gb (0),1,,13,cupy_copy__complex64_complex64
17195214970,261085,335965,1,1,1,32,32,1,30,0.000,0.000,,,,,NVIDIA A100-SXM4-40GB MIG 4g.20gb (0),1,,13,"void convert_kernel<__half2, float2>(tensor_layout_any, T1 *, tensor_layout_any, const T2 *)"
17195504950,5408,335968,,,,,,,,,,0.094,17325.421,Pinned,Device,NVIDIA A100-SXM4-40GB MIG 4g.20gb (0),1,,13,[CUDA memcpy Host-to-Device]
17195539542,53759,335969,,,,,,,,,,35.810,666100.322,Device,,NVIDIA A100-SXM4-40GB MIG 4g.20gb (0),1,,13,[CUDA memset]
17195595957,4096,335971,,,,,,,,,,0.000,19.531,Pinned,Device,NVIDIA A100-SXM4-40GB MIG 4g.20gb (0),1,,13,[CUDA memcpy Host-to-Device]
17195604277,12576,335972,,,,,,,,,,0.197,15633.482,Pinned,Device,NVIDIA A100-SXM4-40GB MIG 4g.20gb (0),1,,13,[CUDA memcpy Host-to-Device]
17195702836,28736,335973,273,1,1,48,1,1,40,0.000,0.001,,,,,NVIDIA A100-SXM4-40GB MIG 4g.20gb (0),1,,13,"void pusch_noise_intf_est::noiseIntfEstNoDftSOfdmKernel<float, __half, float, float, (unsigned int)2, (unsigned int)1, (unsigned char)4, (unsigned char)4>(pusch_noise_intf_est::puschRxNoiseIntfEstDynDescr)"
17196055088,8960,335984,35,1,1,128,1,1,16,0.000,0.000,,,,,NVIDIA A100-SXM4-40GB MIG 4g.20gb (0),1,,13,cupy_copy__complex64_complex64
17196101776,7807,335993,1,1,1,1,1,1,18,0.000,0.000,,,,,NVIDIA A100-SXM4-40GB MIG 4g.20gb (0),1,,13,cupy_copy__float32_float32
17196114095,1376,335999,,,,,,,,,,0.000,2.907,Device,Pageable,NVIDIA A100-SXM4-40GB MIG 4g.20gb (0),1,,7,[CUDA memcpy Device-to-Host]
17196445164,21791,336010,1434,1,1,128,1,1,16,0.000,0.000,,,,,NVIDIA A100-SXM4-40GB MIG 4g.20gb (0),1,,13,cupy_copy__complex64_complex64
17196508043,7392,336017,103,1,1,128,1,1,16,0.000,0.000,,,,,NVIDIA A100-SXM4-40GB MIG 4g.20gb (0),1,,13,cupy_copy__complex64_complex64
17196835815,10272,336024,35,1,1,128,1,1,16,0.000,0.000,,,,,NVIDIA A100-SXM4-40GB MIG 4g.20gb (0),1,,13,cupy_copy__complex64_complex64
17197147684,3168,336031,1,1,1,1,1,1,18,0.000,0.000,,,,,NVIDIA A100-SXM4-40GB MIG 4g.20gb (0),1,,13,cupy_copy__float32_float32
17197194019,292733,336042,1,1,1,32,32,1,30,0.000,0.000,,,,,NVIDIA A100-SXM4-40GB MIG 4g.20gb (0),1,,13,"void convert_kernel<__half2, float2>(tensor_layout_any, T1 *, tensor_layout_any, const T2 *)"
17197517312,5632,336045,,,,,,,,,,0.094,16636.287,Pinned,Device,NVIDIA A100-SXM4-40GB MIG 4g.20gb (0),1,,13,[CUDA memcpy Host-to-Device]
17197835708,6304,336046,,,,,,,,,,1.547,245339.418,Device,,NVIDIA A100-SXM4-40GB MIG 4g.20gb (0),1,,13,[CUDA memset]
17197846812,4800,336051,,,,,,,,,,0.031,6519.990,Pinned,Device,NVIDIA A100-SXM4-40GB MIG 4g.20gb (0),1,,13,[CUDA memcpy Host-to-Device]
17197855164,11424,336052,,,,,,,,,,0.197,17210.081,Pinned,Device,NVIDIA A100-SXM4-40GB MIG 4g.20gb (0),1,,13,[CUDA memcpy Host-to-Device]
17198186264,35296,336053,273,1,1,8,4,1,39,0.002,0.000,,,,,NVIDIA A100-SXM4-40GB MIG 4g.20gb (0),1,,13,"void channel_eq::eqMmseCoefCompLowMimoKernel<float, float, float, (unsigned int)4, (unsigned int)1, (unsigned int)4>(const channel_eq::_puschRxChEqStatDescr *, channel_eq::_puschRxChEqCoefCompDynDescr)"
17198542356,22880,336054,273,1,1,12,11,1,51,0.002,0.000,,,,,NVIDIA A100-SXM4-40GB MIG 4g.20gb (0),1,,13,"void channel_eq::eqMmseSoftDemapKernel<float, __half, __half, float, (unsigned int)4, (unsigned short)16383>(channel_eq::_puschRxChEqStatDescr *, channel_eq::_puschRxChEqSoftDemapDynDescr)"
17198894224,692120,336055,1,1,1,32,32,1,30,0.000,0.000,,,,,NVIDIA A100-SXM4-40GB MIG 4g.20gb (0),1,,13,"void convert_kernel<float2, __half2>(tensor_layout_any, T1 *, tensor_layout_any, const T2 *)"
17199619176,12864,336067,2253,1,1,128,1,1,16,0.000,0.000,,,,,NVIDIA A100-SXM4-40GB MIG 4g.20gb (0),1,,13,cupy_copy__float16_float16
17199661896,6944,336076,282,1,1,128,1,1,16,0.000,0.000,,,,,NVIDIA A100-SXM4-40GB MIG 4g.20gb (0),1,,13,cupy_copy__complex64_complex64
17199672839,4352,336085,26,1,1,128,1,1,16,0.000,0.000,,,,,NVIDIA A100-SXM4-40GB MIG 4g.20gb (0),1,,13,cupy_copy__float32_float32
17199709031,11296,336094,103,1,1,128,1,1,16,0.000,0.000,,,,,NVIDIA A100-SXM4-40GB MIG 4g.20gb (0),1,,13,cupy_copy__complex64_complex64
17199723175,13888,336104,1434,1,1,128,1,1,16,0.000,0.000,,,,,NVIDIA A100-SXM4-40GB MIG 4g.20gb (0),1,,13,cupy_copy__complex64_complex64
17199777638,269757,336109,1,1,1,32,32,1,30,0.000,0.000,,,,,NVIDIA A100-SXM4-40GB MIG 4g.20gb (0),1,,13,"void convert_kernel<__half2, float2>(tensor_layout_any, T1 *, tensor_layout_any, const T2 *)"
17200077027,5408,336112,,,,,,,,,,0.094,17325.421,Pinned,Device,NVIDIA A100-SXM4-40GB MIG 4g.20gb (0),1,,13,[CUDA memcpy Host-to-Device]
17200108835,614233,336113,,,,,,,,,,456.561,743282.024,Device,,NVIDIA A100-SXM4-40GB MIG 4g.20gb (0),1,,13,[CUDA memset]
17200728444,63807,336118,,,,,,,,,,1.235,19354.042,Pinned,Device,NVIDIA A100-SXM4-40GB MIG 4g.20gb (0),1,,13,[CUDA memcpy Host-to-Device]
17200794747,12064,336119,,,,,,,,,,0.197,16297.034,Pinned,Device,NVIDIA A100-SXM4-40GB MIG 4g.20gb (0),1,,13,[CUDA memcpy Host-to-Device]
17200826523,10175,336120,69,4,1,48,1,1,76,0.002,0.000,,,,,NVIDIA A100-SXM4-40GB MIG 4g.20gb (0),1,,13,"void ch_est::windowedChEstPreNoDftSOfdmKernel<float, __half, float, (unsigned int)2, (unsigned int)1, (unsigned short)4>(ch_est::puschRxChEstStatDescr_t *, ch_est::puschRxChEstDynDescr_t *)"
17200880346,8000,336121,137,2,1,24,2,1,44,0.001,0.001,,,,,NVIDIA A100-SXM4-40GB MIG 4g.20gb (0),1,,13,"void ch_est::chEstFilterNoDftSOfdmDispatchKernel<float, __half, float, (unsigned int)2>(ch_est::puschRxChEstStatDescr_t *, ch_est::puschRxChEstDynDescr_t *)"
17200932345,9792,336122,137,2,1,24,2,1,44,0.001,0.001,,,,,NVIDIA A100-SXM4-40GB MIG 4g.20gb (0),1,,13,"void ch_est::chEstFilterNoDftSOfdmDispatchKernel<float, __half, float, (unsigned int)2>(ch_est::puschRxChEstStatDescr_t *, ch_est::puschRxChEstDynDescr_t *)"
17200983865,4320,336133,103,1,1,128,1,1,16,0.000,0.000,,,,,NVIDIA A100-SXM4-40GB MIG 4g.20gb (0),1,,13,cupy_copy__complex64_complex64
17201033368,14752,336143,1434,1,1,128,1,1,16,0.000,0.000,,,,,NVIDIA A100-SXM4-40GB MIG 4g.20gb (0),1,,13,cupy_copy__complex64_complex64
17201092600,5535,336150,103,1,1,128,1,1,16,0.000,0.000,,,,,NVIDIA A100-SXM4-40GB MIG 4g.20gb (0),1,,13,cupy_copy__complex64_complex64
17201144823,270429,336157,1,1,1,32,32,1,30,0.000,0.000,,,,,NVIDIA A100-SXM4-40GB MIG 4g.20gb (0),1,,13,"void convert_kernel<__half2, float2>(tensor_layout_any, T1 *, tensor_layout_any, const T2 *)"
17201443476,6399,336160,,,,,,,,,,0.094,14642.249,Pinned,Device,NVIDIA A100-SXM4-40GB MIG 4g.20gb (0),1,,13,[CUDA memcpy Host-to-Device]
17201522771,59743,336161,,,,,,,,,,35.810,599386.441,Device,,NVIDIA A100-SXM4-40GB MIG 4g.20gb (0),1,,13,[CUDA memset]
17201590642,1824,336163,,,,,,,,,,0.000,43.860,Pinned,Device,NVIDIA A100-SXM4-40GB MIG 4g.20gb (0),1,,13,[CUDA memcpy Host-to-Device]
17201595186,9440,336164,,,,,,,,,,0.197,20827.079,Pinned,Device,NVIDIA A100-SXM4-40GB MIG 4g.20gb (0),1,,13,[CUDA memcpy Host-to-Device]
17201843343,18208,336165,273,1,1,48,1,1,40,0.000,0.001,,,,,NVIDIA A100-SXM4-40GB MIG 4g.20gb (0),1,,13,"void pusch_noise_intf_est::noiseIntfEstNoDftSOfdmKernel<float, __half, float, float, (unsigned int)2, (unsigned int)1, (unsigned char)4, (unsigned char)4>(pusch_noise_intf_est::puschRxNoiseIntfEstDynDescr)"
17202098540,8896,336176,35,1,1,128,1,1,16,0.000,0.000,,,,,NVIDIA A100-SXM4-40GB MIG 4g.20gb (0),1,,13,cupy_copy__complex64_complex64
17202155404,3936,336185,1,1,1,1,1,1,18,0.000,0.000,,,,,NVIDIA A100-SXM4-40GB MIG 4g.20gb (0),1,,13,cupy_copy__float32_float32
17202163787,1568,336191,,,,,,,,,,0.000,2.551,Device,Pageable,NVIDIA A100-SXM4-40GB MIG 4g.20gb (0),1,,7,[CUDA memcpy Device-to-Host]
17202405641,19776,336202,1434,1,1,128,1,1,16,0.000,0.000,,,,,NVIDIA A100-SXM4-40GB MIG 4g.20gb (0),1,,13,cupy_copy__complex64_complex64
17202668390,7520,336209,103,1,1,128,1,1,16,0.000,0.000,,,,,NVIDIA A100-SXM4-40GB MIG 4g.20gb (0),1,,13,cupy_copy__complex64_complex64
17202903907,10688,336216,35,1,1,128,1,1,16,0.000,0.000,,,,,NVIDIA A100-SXM4-40GB MIG 4g.20gb (0),1,,13,cupy_copy__complex64_complex64
17203114177,4448,336223,1,1,1,1,1,1,18,0.000,0.000,,,,,NVIDIA A100-SXM4-40GB MIG 4g.20gb (0),1,,13,cupy_copy__float32_float32
17203175360,229726,336234,1,1,1,32,32,1,30,0.000,0.000,,,,,NVIDIA A100-SXM4-40GB MIG 4g.20gb (0),1,,13,"void convert_kernel<__half2, float2>(tensor_layout_any, T1 *, tensor_layout_any, const T2 *)"
17203436957,6560,336237,,,,,,,,,,0.094,14282.925,Pinned,Device,NVIDIA A100-SXM4-40GB MIG 4g.20gb (0),1,,13,[CUDA memcpy Host-to-Device]
17203688634,6560,336238,,,,,,,,,,1.547,235765.816,Device,,NVIDIA A100-SXM4-40GB MIG 4g.20gb (0),1,,13,[CUDA memset]
17203702330,3808,336243,,,,,,,,,,0.031,8218.486,Pinned,Device,NVIDIA A100-SXM4-40GB MIG 4g.20gb (0),1,,13,[CUDA memcpy Host-to-Device]
17203708762,9856,336244,,,,,,,,,,0.197,19948.044,Pinned,Device,NVIDIA A100-SXM4-40GB MIG 4g.20gb (0),1,,13,[CUDA memcpy Host-to-Device]
17203944407,17664,336245,273,1,1,8,4,1,39,0.002,0.000,,,,,NVIDIA A100-SXM4-40GB MIG 4g.20gb (0),1,,13,"void channel_eq::eqMmseCoefCompLowMimoKernel<float, float, float, (unsigned int)4, (unsigned int)1, (unsigned int)4>(const channel_eq::_puschRxChEqStatDescr *, channel_eq::_puschRxChEqCoefCompDynDescr)"
17204203157,22431,336246,273,1,1,12,11,1,51,0.002,0.000,,,,,NVIDIA A100-SXM4-40GB MIG 4g.20gb (0),1,,13,"void channel_eq::eqMmseSoftDemapKernel<float, __half, __half, float, (unsigned int)4, (unsigned short)16383>(channel_eq::_puschRxChEqStatDescr *, channel_eq::_puschRxChEqSoftDemapDynDescr)"
17204256468,585721,336247,1,1,1,32,32,1,30,0.000,0.000,,,,,NVIDIA A100-SXM4-40GB MIG 4g.20gb (0),1,,13,"void convert_kernel<float2, __half2>(tensor_layout_any, T1 *, tensor_layout_any, const T2 *)"
17204848877,13536,336259,2253,1,1,128,1,1,16,0.000,0.000,,,,,NVIDIA A100-SXM4-40GB MIG 4g.20gb (0),1,,13,cupy_copy__float16_float16
17204903917,6496,336268,282,1,1,128,1,1,16,0.000,0.000,,,,,NVIDIA A100-SXM4-40GB MIG 4g.20gb (0),1,,13,cupy_copy__complex64_complex64
17204951884,4160,336277,26,1,1,128,1,1,16,0.000,0.000,,,,,NVIDIA A100-SXM4-40GB MIG 4g.20gb (0),1,,13,cupy_copy__float32_float32
17204999596,6208,336286,103,1,1,128,1,1,16,0.000,0.000,,,,,NVIDIA A100-SXM4-40GB MIG 4g.20gb (0),1,,13,cupy_copy__complex64_complex64
17205052587,14720,336296,1434,1,1,128,1,1,16,0.000,0.000,,,,,NVIDIA A100-SXM4-40GB MIG 4g.20gb (0),1,,13,cupy_copy__complex64_complex64
17205115786,256029,336301,1,1,1,32,32,1,30,0.000,0.000,,,,,NVIDIA A100-SXM4-40GB MIG 4g.20gb (0),1,,13,"void convert_kernel<__half2, float2>(tensor_layout_any, T1 *, tensor_layout_any, const T2 *)"
17205402503,5696,336304,,,,,,,,,,0.094,16449.363,Pinned,Device,NVIDIA A100-SXM4-40GB MIG 4g.20gb (0),1,,13,[CUDA memcpy Host-to-Device]
17205431815,621049,336305,,,,,,,,,,456.561,735063.918,Device,,NVIDIA A100-SXM4-40GB MIG 4g.20gb (0),1,,13,[CUDA memset]
17206057536,63583,336310,,,,,,,,,,1.235,19421.964,Pinned,Device,NVIDIA A100-SXM4-40GB MIG 4g.20gb (0),1,,13,[CUDA memcpy Host-to-Device]
17206127263,17664,336311,,,,,,,,,,0.197,11130.372,Pinned,Device,NVIDIA A100-SXM4-40GB MIG 4g.20gb (0),1,,13,[CUDA memcpy Host-to-Device]
17206267421,13280,336312,69,4,1,48,1,1,76,0.002,0.000,,,,,NVIDIA A100-SXM4-40GB MIG 4g.20gb (0),1,,13,"void ch_est::windowedChEstPreNoDftSOfdmKernel<float, __half, float, (unsigned int)2, (unsigned int)1, (unsigned short)4>(ch_est::puschRxChEstStatDescr_t *, ch_est::puschRxChEstDynDescr_t *)"
17206552026,11776,336313,137,2,1,24,2,1,44,0.001,0.001,,,,,NVIDIA A100-SXM4-40GB MIG 4g.20gb (0),1,,13,"void ch_est::chEstFilterNoDftSOfdmDispatchKernel<float, __half, float, (unsigned int)2>(ch_est::puschRxChEstStatDescr_t *, ch_est::puschRxChEstDynDescr_t *)"
17206828151,9984,336314,137,2,1,24,2,1,44,0.001,0.001,,,,,NVIDIA A100-SXM4-40GB MIG 4g.20gb (0),1,,13,"void ch_est::chEstFilterNoDftSOfdmDispatchKernel<float, __half, float, (unsigned int)2>(ch_est::puschRxChEstStatDescr_t *, ch_est::puschRxChEstDynDescr_t *)"
17206885814,4736,336325,103,1,1,128,1,1,16,0.000,0.000,,,,,NVIDIA A100-SXM4-40GB MIG 4g.20gb (0),1,,13,cupy_copy__complex64_complex64
17207152659,21440,336335,1434,1,1,128,1,1,16,0.000,0.000,,,,,NVIDIA A100-SXM4-40GB MIG 4g.20gb (0),1,,13,cupy_copy__complex64_complex64
17207601806,8896,336342,103,1,1,128,1,1,16,0.000,0.000,,,,,NVIDIA A100-SXM4-40GB MIG 4g.20gb (0),1,,13,cupy_copy__complex64_complex64
17208026602,259261,336349,1,1,1,32,32,1,30,0.000,0.000,,,,,NVIDIA A100-SXM4-40GB MIG 4g.20gb (0),1,,13,"void convert_kernel<__half2, float2>(tensor_layout_any, T1 *, tensor_layout_any, const T2 *)"
17208318150,8416,336352,,,,,,,,,,0.094,11133.052,Pinned,Device,NVIDIA A100-SXM4-40GB MIG 4g.20gb (0),1,,13,[CUDA memcpy Host-to-Device]
17208623075,67103,336353,,,,,,,,,,35.810,533639.428,Device,,NVIDIA A100-SXM4-40GB MIG 4g.20gb (0),1,,13,[CUDA memset]
17208696130,5344,336355,,,,,,,,,,0.000,14.970,Pinned,Device,NVIDIA A100-SXM4-40GB MIG 4g.20gb (0),1,,13,[CUDA memcpy Host-to-Device]
17208707682,9856,336356,,,,,,,,,,0.197,19948.044,Pinned,Device,NVIDIA A100-SXM4-40GB MIG 4g.20gb (0),1,,13,[CUDA memcpy Host-to-Device]
17209105629,24288,336357,273,1,1,48,1,1,40,0.000,0.001,,,,,NVIDIA A100-SXM4-40GB MIG 4g.20gb (0),1,,13,"void pusch_noise_intf_est::noiseIntfEstNoDftSOfdmKernel<float, __half, float, float, (unsigned int)2, (unsigned int)1, (unsigned char)4, (unsigned char)4>(pusch_noise_intf_est::puschRxNoiseIntfEstDynDescr)"
17209414554,7968,336368,35,1,1,128,1,1,16,0.000,0.000,,,,,NVIDIA A100-SXM4-40GB MIG 4g.20gb (0),1,,13,cupy_copy__complex64_complex64
17209836757,4960,336377,1,1,1,1,1,1,18,0.000,0.000,,,,,NVIDIA A100-SXM4-40GB MIG 4g.20gb (0),1,,13,cupy_copy__float32_float32
17209846677,6912,336383,,,,,,,,,,0.000,0.579,Device,Pageable,NVIDIA A100-SXM4-40GB MIG 4g.20gb (0),1,,7,[CUDA memcpy Device-to-Host]
17210293680,21664,336394,1434,1,1,128,1,1,16,0.000,0.000,,,,,NVIDIA A100-SXM4-40GB MIG 4g.20gb (0),1,,13,cupy_copy__complex64_complex64
17210514286,9056,336401,103,1,1,128,1,1,16,0.000,0.000,,,,,NVIDIA A100-SXM4-40GB MIG 4g.20gb (0),1,,13,cupy_copy__complex64_complex64
17210573069,4704,336408,35,1,1,128,1,1,16,0.000,0.000,,,,,NVIDIA A100-SXM4-40GB MIG 4g.20gb (0),1,,13,cupy_copy__complex64_complex64
17210612301,4640,336415,1,1,1,1,1,1,18,0.000,0.000,,,,,NVIDIA A100-SXM4-40GB MIG 4g.20gb (0),1,,13,cupy_copy__float32_float32
17210625996,268573,336426,1,1,1,32,32,1,30,0.000,0.000,,,,,NVIDIA A100-SXM4-40GB MIG 4g.20gb (0),1,,13,"void convert_kernel<__half2, float2>(tensor_layout_any, T1 *, tensor_layout_any, const T2 *)"
17210933929,5952,336429,,,,,,,,,,0.094,15741.865,Pinned,Device,NVIDIA A100-SXM4-40GB MIG 4g.20gb (0),1,,13,[CUDA memcpy Host-to-Device]
17210948777,4224,336430,,,,,,,,,,1.547,366150.859,Device,,NVIDIA A100-SXM4-40GB MIG 4g.20gb (0),1,,13,[CUDA memset]
17210956137,3040,336435,,,,,,,,,,0.031,10294.725,Pinned,Device,NVIDIA A100-SXM4-40GB MIG 4g.20gb (0),1,,13,[CUDA memcpy Host-to-Device]
17210961609,9664,336436,,,,,,,,,,0.197,20344.209,Pinned,Device,NVIDIA A100-SXM4-40GB MIG 4g.20gb (0),1,,13,[CUDA memcpy Host-to-Device]
17210992808,11136,336437,273,1,1,8,4,1,39,0.002,0.000,,,,,NVIDIA A100-SXM4-40GB MIG 4g.20gb (0),1,,13,"void channel_eq::eqMmseCoefCompLowMimoKernel<float, float, float, (unsigned int)4, (unsigned int)1, (unsigned int)4>(const channel_eq::_puschRxChEqStatDescr *, channel_eq::_puschRxChEqCoefCompDynDescr)"
17211051688,8288,336438,273,1,1,12,11,1,51,0.002,0.000,,,,,NVIDIA A100-SXM4-40GB MIG 4g.20gb (0),1,,13,"void channel_eq::eqMmseSoftDemapKernel<float, __half, __half, float, (unsigned int)4, (unsigned short)16383>(channel_eq::_puschRxChEqStatDescr *, channel_eq::_puschRxChEqSoftDemapDynDescr)"
17211104295,561786,336439,1,1,1,32,32,1,30,0.000,0.000,,,,,NVIDIA A100-SXM4-40GB MIG 4g.20gb (0),1,,13,"void convert_kernel<float2, __half2>(tensor_layout_any, T1 *, tensor_layout_any, const T2 *)"
17211685441,12639,336451,2253,1,1,128,1,1,16,0.000,0.000,,,,,NVIDIA A100-SXM4-40GB MIG 4g.20gb (0),1,,13,cupy_copy__float16_float16
17211739872,8448,336460,282,1,1,128,1,1,16,0.000,0.000,,,,,NVIDIA A100-SXM4-40GB MIG 4g.20gb (0),1,,13,cupy_copy__complex64_complex64
17211787871,4448,336469,26,1,1,128,1,1,16,0.000,0.000,,,,,NVIDIA A100-SXM4-40GB MIG 4g.20gb (0),1,,13,cupy_copy__float32_float32
17211834975,6528,336478,103,1,1,128,1,1,16,0.000,0.000,,,,,NVIDIA A100-SXM4-40GB MIG 4g.20gb (0),1,,13,cupy_copy__complex64_complex64
17211876158,15840,336488,1434,1,1,128,1,1,16,0.000,0.000,,,,,NVIDIA A100-SXM4-40GB MIG 4g.20gb (0),1,,13,cupy_copy__complex64_complex64
17211967581,247678,336493,1,1,1,32,32,1,30,0.000,0.000,,,,,NVIDIA A100-SXM4-40GB MIG 4g.20gb (0),1,,13,"void convert_kernel<__half2, float2>(tensor_layout_any, T1 *, tensor_layout_any, const T2 *)"
17212245370,5952,336496,,,,,,,,,,0.094,15741.865,Pinned,Device,NVIDIA A100-SXM4-40GB MIG 4g.20gb (0),1,,13,[CUDA memcpy Host-to-Device]
17212318201,614938,336497,,,,,,,,,,456.561,742368.901,Device,,NVIDIA A100-SXM4-40GB MIG 4g.20gb (0),1,,13,[CUDA memset]
17212939506,63424,336502,,,,,,,,,,1.235,19470.127,Pinned,Device,NVIDIA A100-SXM4-40GB MIG 4g.20gb (0),1,,13,[CUDA memcpy Host-to-Device]
17213005394,9504,336503,,,,,,,,,,0.197,20686.701,Pinned,Device,NVIDIA A100-SXM4-40GB MIG 4g.20gb (0),1,,13,[CUDA memcpy Host-to-Device]
17213236911,29600,336504,69,4,1,48,1,1,76,0.002,0.000,,,,,NVIDIA A100-SXM4-40GB MIG 4g.20gb (0),1,,13,"void ch_est::windowedChEstPreNoDftSOfdmKernel<float, __half, float, (unsigned int)2, (unsigned int)1, (unsigned short)4>(ch_est::puschRxChEstStatDescr_t *, ch_est::puschRxChEstDynDescr_t *)"
17213507724,12448,336505,137,2,1,24,2,1,44,0.001,0.001,,,,,NVIDIA A100-SXM4-40GB MIG 4g.20gb (0),1,,13,"void ch_est::chEstFilterNoDftSOfdmDispatchKernel<float, __half, float, (unsigned int)2>(ch_est::puschRxChEstStatDescr_t *, ch_est::puschRxChEstDynDescr_t *)"
17213579179,12608,336506,137,2,1,24,2,1,44,0.001,0.001,,,,,NVIDIA A100-SXM4-40GB MIG 4g.20gb (0),1,,13,"void ch_est::chEstFilterNoDftSOfdmDispatchKernel<float, __half, float, (unsigned int)2>(ch_est::puschRxChEstStatDescr_t *, ch_est::puschRxChEstDynDescr_t *)"
17213858632,12960,336517,103,1,1,128,1,1,16,0.000,0.000,,,,,NVIDIA A100-SXM4-40GB MIG 4g.20gb (0),1,,13,cupy_copy__complex64_complex64
17214122405,20128,336527,1434,1,1,128,1,1,16,0.000,0.000,,,,,NVIDIA A100-SXM4-40GB MIG 4g.20gb (0),1,,13,cupy_copy__complex64_complex64
17214362658,7136,336534,103,1,1,128,1,1,16,0.000,0.000,,,,,NVIDIA A100-SXM4-40GB MIG 4g.20gb (0),1,,13,cupy_copy__complex64_complex64
17214430050,232349,336541,1,1,1,32,32,1,30,0.000,0.000,,,,,NVIDIA A100-SXM4-40GB MIG 4g.20gb (0),1,,13,"void convert_kernel<__half2, float2>(tensor_layout_any, T1 *, tensor_layout_any, const T2 *)"
17214692895,9952,336544,,,,,,,,,,0.094,9414.761,Pinned,Device,NVIDIA A100-SXM4-40GB MIG 4g.20gb (0),1,,13,[CUDA memcpy Host-to-Device]
17214930396,60927,336545,,,,,,,,,,35.810,587748.217,Device,,NVIDIA A100-SXM4-40GB MIG 4g.20gb (0),1,,13,[CUDA memset]
17214996731,2048,336547,,,,,,,,,,0.000,39.062,Pinned,Device,NVIDIA A100-SXM4-40GB MIG 4g.20gb (0),1,,13,[CUDA memcpy Host-to-Device]
17215005275,12448,336548,,,,,,,,,,0.197,15794.307,Pinned,Device,NVIDIA A100-SXM4-40GB MIG 4g.20gb (0),1,,13,[CUDA memcpy Host-to-Device]
17215324632,15103,336549,273,1,1,48,1,1,40,0.000,0.001,,,,,NVIDIA A100-SXM4-40GB MIG 4g.20gb (0),1,,13,"void pusch_noise_intf_est::noiseIntfEstNoDftSOfdmKernel<float, __half, float, float, (unsigned int)2, (unsigned int)1, (unsigned char)4, (unsigned char)4>(pusch_noise_intf_est::puschRxNoiseIntfEstDynDescr)"
17215395383,10560,336560,35,1,1,128,1,1,16,0.000,0.000,,,,,NVIDIA A100-SXM4-40GB MIG 4g.20gb (0),1,,13,cupy_copy__complex64_complex64
17215661364,8000,336569,1,1,1,1,1,1,18,0.000,0.000,,,,,NVIDIA A100-SXM4-40GB MIG 4g.20gb (0),1,,13,cupy_copy__float32_float32
17215680916,4960,336575,,,,,,,,,,0.000,0.806,Device,Pageable,NVIDIA A100-SXM4-40GB MIG 4g.20gb (0),1,,7,[CUDA memcpy Device-to-Host]
17215919601,17728,336586,1434,1,1,128,1,1,16,0.000,0.000,,,,,NVIDIA A100-SXM4-40GB MIG 4g.20gb (0),1,,13,cupy_copy__complex64_complex64
17216115919,7232,336593,103,1,1,128,1,1,16,0.000,0.000,,,,,NVIDIA A100-SXM4-40GB MIG 4g.20gb (0),1,,13,cupy_copy__complex64_complex64
17216130063,5792,336600,35,1,1,128,1,1,16,0.000,0.000,,,,,NVIDIA A100-SXM4-40GB MIG 4g.20gb (0),1,,13,cupy_copy__complex64_complex64
17216168974,3232,336607,1,1,1,1,1,1,18,0.000,0.000,,,,,NVIDIA A100-SXM4-40GB MIG 4g.20gb (0),1,,13,cupy_copy__float32_float32
17216182510,275677,336618,1,1,1,32,32,1,30,0.000,0.000,,,,,NVIDIA A100-SXM4-40GB MIG 4g.20gb (0),1,,13,"void convert_kernel<__half2, float2>(tensor_layout_any, T1 *, tensor_layout_any, const T2 *)"
17216489131,6047,336621,,,,,,,,,,0.094,15494.601,Pinned,Device,NVIDIA A100-SXM4-40GB MIG 4g.20gb (0),1,,13,[CUDA memcpy Host-to-Device]
17216608521,6752,336622,,,,,,,,,,1.547,229061.201,Device,,NVIDIA A100-SXM4-40GB MIG 4g.20gb (0),1,,13,[CUDA memset]
17216617225,6336,336627,,,,,,,,,,0.031,4939.385,Pinned,Device,NVIDIA A100-SXM4-40GB MIG 4g.20gb (0),1,,13,[CUDA memcpy Host-to-Device]
17216629097,12768,336628,,,,,,,,,,0.197,15398.339,Pinned,Device,NVIDIA A100-SXM4-40GB MIG 4g.20gb (0),1,,13,[CUDA memcpy Host-to-Device]
17216798439,18784,336629,273,1,1,8,4,1,39,0.002,0.000,,,,,NVIDIA A100-SXM4-40GB MIG 4g.20gb (0),1,,13,"void channel_eq::eqMmseCoefCompLowMimoKernel<float, float, float, (unsigned int)4, (unsigned int)1, (unsigned int)4>(const channel_eq::_puschRxChEqStatDescr *, channel_eq::_puschRxChEqCoefCompDynDescr)"
17216986693,29504,336630,273,1,1,12,11,1,51,0.002,0.000,,,,,NVIDIA A100-SXM4-40GB MIG 4g.20gb (0),1,,13,"void channel_eq::eqMmseSoftDemapKernel<float, __half, __half, float, (unsigned int)4, (unsigned short)16383>(channel_eq::_puschRxChEqStatDescr *, channel_eq::_puschRxChEqSoftDemapDynDescr)"
17217191587,686328,336631,1,1,1,32,32,1,30,0.000,0.000,,,,,NVIDIA A100-SXM4-40GB MIG 4g.20gb (0),1,,13,"void convert_kernel<float2, __half2>(tensor_layout_any, T1 *, tensor_layout_any, const T2 *)"
17218086681,16319,336643,2253,1,1,128,1,1,16,0.000,0.000,,,,,NVIDIA A100-SXM4-40GB MIG 4g.20gb (0),1,,13,cupy_copy__float16_float16
17218353718,6016,336652,282,1,1,128,1,1,16,0.000,0.000,,,,,NVIDIA A100-SXM4-40GB MIG 4g.20gb (0),1,,13,cupy_copy__complex64_complex64
17218405525,6368,336661,26,1,1,128,1,1,16,0.000,0.000,,,,,NVIDIA A100-SXM4-40GB MIG 4g.20gb (0),1,,13,cupy_copy__float32_float32
17218461364,9088,336670,103,1,1,128,1,1,16,0.000,0.000,,,,,NVIDIA A100-SXM4-40GB MIG 4g.20gb (0),1,,13,cupy_copy__complex64_complex64
17218747569,24352,336686,1434,1,1,128,1,1,16,0.000,0.000,,,,,NVIDIA A100-SXM4-40GB MIG 4g.20gb (0),1,,13,cupy_copy__complex64_complex64
17219049230,227101,336691,1,1,1,32,32,1,30,0.000,0.000,,,,,NVIDIA A100-SXM4-40GB MIG 4g.20gb (0),1,,13,"void convert_kernel<__half2, float2>(tensor_layout_any, T1 *, tensor_layout_any, const T2 *)"
17219306059,12256,336694,,,,,,,,,,0.094,7644.844,Pinned,Device,NVIDIA A100-SXM4-40GB MIG 4g.20gb (0),1,,13,[CUDA memcpy Host-to-Device]
17219558312,635833,336695,,,,,,,,,,456.561,717714.584,Device,,NVIDIA A100-SXM4-40GB MIG 4g.20gb (0),1,,13,[CUDA memset]
17220195809,68159,336700,,,,,,,,,,1.235,18117.863,Pinned,Device,NVIDIA A100-SXM4-40GB MIG 4g.20gb (0),1,,13,[CUDA memcpy Host-to-Device]
17220267008,12800,336701,,,,,,,,,,0.197,15360.000,Pinned,Device,NVIDIA A100-SXM4-40GB MIG 4g.20gb (0),1,,13,[CUDA memcpy Host-to-Device]
17220542621,16320,336702,69,4,1,48,1,1,76,0.002,0.000,,,,,NVIDIA A100-SXM4-40GB MIG 4g.20gb (0),1,,13,"void ch_est::windowedChEstPreNoDftSOfdmKernel<float, __half, float, (unsigned int)2, (unsigned int)1, (unsigned short)4>(ch_est::puschRxChEstStatDescr_t *, ch_est::puschRxChEstDynDescr_t *)"
17220835674,16832,336703,137,2,1,24,2,1,44,0.001,0.001,,,,,NVIDIA A100-SXM4-40GB MIG 4g.20gb (0),1,,13,"void ch_est::chEstFilterNoDftSOfdmDispatchKernel<float, __half, float, (unsigned int)2>(ch_est::puschRxChEstStatDescr_t *, ch_est::puschRxChEstDynDescr_t *)"
17221125398,13856,336704,137,2,1,24,2,1,44,0.001,0.001,,,,,NVIDIA A100-SXM4-40GB MIG 4g.20gb (0),1,,13,"void ch_est::chEstFilterNoDftSOfdmDispatchKernel<float, __half, float, (unsigned int)2>(ch_est::puschRxChEstStatDescr_t *, ch_est::puschRxChEstDynDescr_t *)"
17221420115,6176,336715,103,1,1,128,1,1,16,0.000,0.000,,,,,NVIDIA A100-SXM4-40GB MIG 4g.20gb (0),1,,13,cupy_copy__complex64_complex64
17221464243,16223,336725,1434,1,1,128,1,1,16,0.000,0.000,,,,,NVIDIA A100-SXM4-40GB MIG 4g.20gb (0),1,,13,cupy_copy__complex64_complex64
17221488146,3360,336732,103,1,1,128,1,1,16,0.000,0.000,,,,,NVIDIA A100-SXM4-40GB MIG 4g.20gb (0),1,,13,cupy_copy__complex64_complex64
17221540178,262909,336739,1,1,1,32,32,1,30,0.000,0.000,,,,,NVIDIA A100-SXM4-40GB MIG 4g.20gb (0),1,,13,"void convert_kernel<__half2, float2>(tensor_layout_any, T1 *, tensor_layout_any, const T2 *)"
17221836846,9216,336742,,,,,,,,,,0.094,10166.578,Pinned,Device,NVIDIA A100-SXM4-40GB MIG 4g.20gb (0),1,,13,[CUDA memcpy Host-to-Device]
17221873166,55103,336743,,,,,,,,,,35.810,649842.618,Device,,NVIDIA A100-SXM4-40GB MIG 4g.20gb (0),1,,13,[CUDA memset]
17221932461,1984,336745,,,,,,,,,,0.000,40.323,Pinned,Device,NVIDIA A100-SXM4-40GB MIG 4g.20gb (0),1,,13,[CUDA memcpy Host-to-Device]
17221940909,9984,336746,,,,,,,,,,0.197,19692.257,Pinned,Device,NVIDIA A100-SXM4-40GB MIG 4g.20gb (0),1,,13,[CUDA memcpy Host-to-Device]
17221970317,23232,336747,273,1,1,48,1,1,40,0.000,0.001,,,,,NVIDIA A100-SXM4-40GB MIG 4g.20gb (0),1,,13,"void pusch_noise_intf_est::noiseIntfEstNoDftSOfdmKernel<float, __half, float, float, (unsigned int)2, (unsigned int)1, (unsigned char)4, (unsigned char)4>(pusch_noise_intf_est::puschRxNoiseIntfEstDynDescr)"
17222033132,13664,336758,35,1,1,128,1,1,16,0.000,0.000,,,,,NVIDIA A100-SXM4-40GB MIG 4g.20gb (0),1,,13,cupy_copy__complex64_complex64
17222051212,2400,336767,1,1,1,1,1,1,18,0.000,0.000,,,,,NVIDIA A100-SXM4-40GB MIG 4g.20gb (0),1,,13,cupy_copy__float32_float32
17222056588,5600,336773,,,,,,,,,,0.000,0.714,Device,Pageable,NVIDIA A100-SXM4-40GB MIG 4g.20gb (0),1,,7,[CUDA memcpy Device-to-Host]
17222179051,12447,336784,1434,1,1,128,1,1,16,0.000,0.000,,,,,NVIDIA A100-SXM4-40GB MIG 4g.20gb (0),1,,13,cupy_copy__complex64_complex64
17222278410,9343,336791,103,1,1,128,1,1,16,0.000,0.000,,,,,NVIDIA A100-SXM4-40GB MIG 4g.20gb (0),1,,13,cupy_copy__complex64_complex64
17222326633,13920,336798,35,1,1,128,1,1,16,0.000,0.000,,,,,NVIDIA A100-SXM4-40GB MIG 4g.20gb (0),1,,13,cupy_copy__complex64_complex64
17222480007,7616,336805,1,1,1,1,1,1,18,0.000,0.000,,,,,NVIDIA A100-SXM4-40GB MIG 4g.20gb (0),1,,13,cupy_copy__float32_float32
17222560614,457659,336816,1,1,1,32,32,1,30,0.000,0.000,,,,,NVIDIA A100-SXM4-40GB MIG 4g.20gb (0),1,,13,"void convert_kernel<__half2, float2>(tensor_layout_any, T1 *, tensor_layout_any, const T2 *)"
17223048129,5504,336819,,,,,,,,,,0.094,17023.251,Pinned,Device,NVIDIA A100-SXM4-40GB MIG 4g.20gb (0),1,,13,[CUDA memcpy Host-to-Device]
17223451964,7328,336820,,,,,,,,,,1.547,211055.404,Device,,NVIDIA A100-SXM4-40GB MIG 4g.20gb (0),1,,13,[CUDA memset]
17223463548,3136,336825,,,,,,,,,,0.031,9979.575,Pinned,Device,NVIDIA A100-SXM4-40GB MIG 4g.20gb (0),1,,13,[CUDA memcpy Host-to-Device]
17223473084,13312,336826,,,,,,,,,,0.197,14769.193,Pinned,Device,NVIDIA A100-SXM4-40GB MIG 4g.20gb (0),1,,13,[CUDA memcpy Host-to-Device]
17224167348,18816,336827,273,1,1,8,4,1,39,0.002,0.000,,,,,NVIDIA A100-SXM4-40GB MIG 4g.20gb (0),1,,13,"void channel_eq::eqMmseCoefCompLowMimoKernel<float, float, float, (unsigned int)4, (unsigned int)1, (unsigned int)4>(const channel_eq::_puschRxChEqStatDescr *, channel_eq::_puschRxChEqCoefCompDynDescr)"
17224787053,22880,336828,273,1,1,12,11,1,51,0.002,0.000,,,,,NVIDIA A100-SXM4-40GB MIG 4g.20gb (0),1,,13,"void channel_eq::eqMmseSoftDemapKernel<float, __half, __half, float, (unsigned int)4, (unsigned short)16383>(channel_eq::_puschRxChEqStatDescr *, channel_eq::_puschRxChEqSoftDemapDynDescr)"
17225141257,685177,336829,1,1,1,32,32,1,30,0.000,0.000,,,,,NVIDIA A100-SXM4-40GB MIG 4g.20gb (0),1,,13,"void convert_kernel<float2, __half2>(tensor_layout_any, T1 *, tensor_layout_any, const T2 *)"
17226346108,15584,336841,2253,1,1,128,1,1,16,0.000,0.000,,,,,NVIDIA A100-SXM4-40GB MIG 4g.20gb (0),1,,13,cupy_copy__float16_float16
17227028148,8832,336850,282,1,1,128,1,1,16,0.000,0.000,,,,,NVIDIA A100-SXM4-40GB MIG 4g.20gb (0),1,,13,cupy_copy__complex64_complex64
17227671693,6144,336859,26,1,1,128,1,1,16,0.000,0.000,,,,,NVIDIA A100-SXM4-40GB MIG 4g.20gb (0),1,,13,cupy_copy__float32_float32
17228297958,9216,336868,103,1,1,128,1,1,16,0.000,0.000,,,,,NVIDIA A100-SXM4-40GB MIG 4g.20gb (0),1,,13,cupy_copy__complex64_complex64
17228918911,19136,336878,1434,1,1,128,1,1,16,0.000,0.000,,,,,NVIDIA A100-SXM4-40GB MIG 4g.20gb (0),1,,13,cupy_copy__complex64_complex64
17229554552,261213,336883,1,1,1,32,32,1,30,0.000,0.000,,,,,NVIDIA A100-SXM4-40GB MIG 4g.20gb (0),1,,13,"void convert_kernel<__half2, float2>(tensor_layout_any, T1 *, tensor_layout_any, const T2 *)"
17229846740,5536,336886,,,,,,,,,,0.094,16924.777,Pinned,Device,NVIDIA A100-SXM4-40GB MIG 4g.20gb (0),1,,13,[CUDA memcpy Host-to-Device]
17230066546,613273,336887,,,,,,,,,,456.561,744195.147,Device,,NVIDIA A100-SXM4-40GB MIG 4g.20gb (0),1,,13,[CUDA memset]
17230687339,61119,336892,,,,,,,,,,1.235,20204.919,Pinned,Device,NVIDIA A100-SXM4-40GB MIG 4g.20gb (0),1,,13,[CUDA memcpy Host-to-Device]
17230754858,10144,336893,,,,,,,,,,0.197,19381.617,Pinned,Device,NVIDIA A100-SXM4-40GB MIG 4g.20gb (0),1,,13,[CUDA memcpy Host-to-Device]
17230909673,25727,336894,69,4,1,48,1,1,76,0.002,0.000,,,,,NVIDIA A100-SXM4-40GB MIG 4g.20gb (0),1,,13,"void ch_est::windowedChEstPreNoDftSOfdmKernel<float, __half, float, (unsigned int)2, (unsigned int)1, (unsigned short)4>(ch_est::puschRxChEstStatDescr_t *, ch_est::puschRxChEstDynDescr_t *)"
17231071783,25055,336895,137,2,1,24,2,1,44,0.001,0.001,,,,,NVIDIA A100-SXM4-40GB MIG 4g.20gb (0),1,,13,"void ch_est::chEstFilterNoDftSOfdmDispatchKernel<float, __half, float, (unsigned int)2>(ch_est::puschRxChEstStatDescr_t *, ch_est::puschRxChEstDynDescr_t *)"
17231137222,13792,336896,137,2,1,24,2,1,44,0.001,0.001,,,,,NVIDIA A100-SXM4-40GB MIG 4g.20gb (0),1,,13,"void ch_est::chEstFilterNoDftSOfdmDispatchKernel<float, __half, float, (unsigned int)2>(ch_est::puschRxChEstStatDescr_t *, ch_est::puschRxChEstDynDescr_t *)"
17231210245,8512,336907,103,1,1,128,1,1,16,0.000,0.000,,,,,NVIDIA A100-SXM4-40GB MIG 4g.20gb (0),1,,13,cupy_copy__complex64_complex64
17231282916,23040,336917,1434,1,1,128,1,1,16,0.000,0.000,,,,,NVIDIA A100-SXM4-40GB MIG 4g.20gb (0),1,,13,cupy_copy__complex64_complex64
17231348004,8096,336924,103,1,1,128,1,1,16,0.000,0.000,,,,,NVIDIA A100-SXM4-40GB MIG 4g.20gb (0),1,,13,cupy_copy__complex64_complex64
17231545953,353436,336931,1,1,1,32,32,1,30,0.000,0.000,,,,,NVIDIA A100-SXM4-40GB MIG 4g.20gb (0),1,,13,"void convert_kernel<__half2, float2>(tensor_layout_any, T1 *, tensor_layout_any, const T2 *)"
17231932957,11744,336934,,,,,,,,,,0.094,7978.121,Pinned,Device,NVIDIA A100-SXM4-40GB MIG 4g.20gb (0),1,,13,[CUDA memcpy Host-to-Device]
17232045212,55359,336935,,,,,,,,,,35.810,646834.585,Device,,NVIDIA A100-SXM4-40GB MIG 4g.20gb (0),1,,13,[CUDA memset]
17232105147,5536,336937,,,,,,,,,,0.000,14.451,Pinned,Device,NVIDIA A100-SXM4-40GB MIG 4g.20gb (0),1,,13,[CUDA memcpy Host-to-Device]
17232113115,12896,336938,,,,,,,,,,0.197,15245.574,Pinned,Device,NVIDIA A100-SXM4-40GB MIG 4g.20gb (0),1,,13,[CUDA memcpy Host-to-Device]
17232198138,27360,336939,273,1,1,48,1,1,40,0.000,0.001,,,,,NVIDIA A100-SXM4-40GB MIG 4g.20gb (0),1,,13,"void pusch_noise_intf_est::noiseIntfEstNoDftSOfdmKernel<float, __half, float, float, (unsigned int)2, (unsigned int)1, (unsigned char)4, (unsigned char)4>(pusch_noise_intf_est::puschRxNoiseIntfEstDynDescr)"
17232401304,5632,336950,35,1,1,128,1,1,16,0.000,0.000,,,,,NVIDIA A100-SXM4-40GB MIG 4g.20gb (0),1,,13,cupy_copy__complex64_complex64
17232947794,3424,336959,1,1,1,1,1,1,18,0.000,0.000,,,,,NVIDIA A100-SXM4-40GB MIG 4g.20gb (0),1,,13,cupy_copy__float32_float32
17232957554,1760,336965,,,,,,,,,,0.000,2.273,Device,Pageable,NVIDIA A100-SXM4-40GB MIG 4g.20gb (0),1,,7,[CUDA memcpy Device-to-Host]
17233611402,19936,336976,1434,1,1,128,1,1,16,0.000,0.000,,,,,NVIDIA A100-SXM4-40GB MIG 4g.20gb (0),1,,13,cupy_copy__complex64_complex64
17234011942,6400,336983,103,1,1,128,1,1,16,0.000,0.000,,,,,NVIDIA A100-SXM4-40GB MIG 4g.20gb (0),1,,13,cupy_copy__complex64_complex64
17234061669,10816,336990,35,1,1,128,1,1,16,0.000,0.000,,,,,NVIDIA A100-SXM4-40GB MIG 4g.20gb (0),1,,13,cupy_copy__complex64_complex64
17234456993,3840,336997,1,1,1,1,1,1,18,0.000,0.000,,,,,NVIDIA A100-SXM4-40GB MIG 4g.20gb (0),1,,13,cupy_copy__float32_float32
17234897436,263773,337008,1,1,1,32,32,1,30,0.000,0.000,,,,,NVIDIA A100-SXM4-40GB MIG 4g.20gb (0),1,,13,"void convert_kernel<__half2, float2>(tensor_layout_any, T1 *, tensor_layout_any, const T2 *)"
17235191128,8608,337011,,,,,,,,,,0.094,10884.758,Pinned,Device,NVIDIA A100-SXM4-40GB MIG 4g.20gb (0),1,,13,[CUDA memcpy Host-to-Device]
17235362103,7775,337012,,,,,,,,,,1.547,198922.139,Device,,NVIDIA A100-SXM4-40GB MIG 4g.20gb (0),1,,13,[CUDA memset]
17235374934,6720,337017,,,,,,,,,,0.031,4657.126,Pinned,Device,NVIDIA A100-SXM4-40GB MIG 4g.20gb (0),1,,13,[CUDA memcpy Host-to-Device]
17235387574,14336,337018,,,,,,,,,,0.197,13714.194,Pinned,Device,NVIDIA A100-SXM4-40GB MIG 4g.20gb (0),1,,13,[CUDA memcpy Host-to-Device]
17235781170,18272,337019,273,1,1,8,4,1,39,0.002,0.000,,,,,NVIDIA A100-SXM4-40GB MIG 4g.20gb (0),1,,13,"void channel_eq::eqMmseCoefCompLowMimoKernel<float, float, float, (unsigned int)4, (unsigned int)1, (unsigned int)4>(const channel_eq::_puschRxChEqStatDescr *, channel_eq::_puschRxChEqCoefCompDynDescr)"
17236331980,16607,337020,273,1,1,12,11,1,51,0.002,0.000,,,,,NVIDIA A100-SXM4-40GB MIG 4g.20gb (0),1,,13,"void channel_eq::eqMmseSoftDemapKernel<float, __half, __half, float, (unsigned int)4, (unsigned short)16383>(channel_eq::_puschRxChEqStatDescr *, channel_eq::_puschRxChEqSoftDemapDynDescr)"
17236892421,696057,337021,1,1,1,32,32,1,30,0.000,0.000,,,,,NVIDIA A100-SXM4-40GB MIG 4g.20gb (0),1,,13,"void convert_kernel<float2, __half2>(tensor_layout_any, T1 *, tensor_layout_any, const T2 *)"
17237637629,17344,337033,2253,1,1,128,1,1,16,0.000,0.000,,,,,NVIDIA A100-SXM4-40GB MIG 4g.20gb (0),1,,13,cupy_copy__float16_float16
17237836539,11712,337042,282,1,1,128,1,1,16,0.000,0.000,,,,,NVIDIA A100-SXM4-40GB MIG 4g.20gb (0),1,,13,cupy_copy__complex64_complex64
17238028601,9919,337051,26,1,1,128,1,1,16,0.000,0.000,,,,,NVIDIA A100-SXM4-40GB MIG 4g.20gb (0),1,,13,cupy_copy__float32_float32
17238204407,12351,337060,103,1,1,128,1,1,16,0.000,0.000,,,,,NVIDIA A100-SXM4-40GB MIG 4g.20gb (0),1,,13,cupy_copy__complex64_complex64
17238339989,42592,337070,1434,1,1,128,1,1,16,0.000,0.000,,,,,NVIDIA A100-SXM4-40GB MIG 4g.20gb (0),1,,13,cupy_copy__complex64_complex64
17238417876,294141,337075,1,1,1,32,32,1,30,0.000,0.000,,,,,NVIDIA A100-SXM4-40GB MIG 4g.20gb (0),1,,13,"void convert_kernel<__half2, float2>(tensor_layout_any, T1 *, tensor_layout_any, const T2 *)"
17238745649,12671,337078,,,,,,,,,,0.094,7394.488,Pinned,Device,NVIDIA A100-SXM4-40GB MIG 4g.20gb (0),1,,13,[CUDA memcpy Host-to-Device]
17238800592,624665,337079,,,,,,,,,,456.561,730498.304,Device,,NVIDIA A100-SXM4-40GB MIG 4g.20gb (0),1,,13,[CUDA memset]
17239428265,67615,337084,,,,,,,,,,1.235,18263.587,Pinned,Device,NVIDIA A100-SXM4-40GB MIG 4g.20gb (0),1,,13,[CUDA memcpy Host-to-Device]
17239503848,15776,337085,,,,,,,,,,0.197,12462.391,Pinned,Device,NVIDIA A100-SXM4-40GB MIG 4g.20gb (0),1,,13,[CUDA memcpy Host-to-Device]
17239585863,19840,337086,69,4,1,48,1,1,76,0.002,0.000,,,,,NVIDIA A100-SXM4-40GB MIG 4g.20gb (0),1,,13,"void ch_est::windowedChEstPreNoDftSOfdmKernel<float, __half, float, (unsigned int)2, (unsigned int)1, (unsigned short)4>(ch_est::puschRxChEstStatDescr_t *, ch_est::puschRxChEstDynDescr_t *)"
17240003458,20128,337087,137,2,1,24,2,1,44,0.001,0.001,,,,,NVIDIA A100-SXM4-40GB MIG 4g.20gb (0),1,,13,"void ch_est::chEstFilterNoDftSOfdmDispatchKernel<float, __half, float, (unsigned int)2>(ch_est::puschRxChEstStatDescr_t *, ch_est::puschRxChEstDynDescr_t *)"
17240423998,19935,337088,137,2,1,24,2,1,44,0.001,0.001,,,,,NVIDIA A100-SXM4-40GB MIG 4g.20gb (0),1,,13,"void ch_est::chEstFilterNoDftSOfdmDispatchKernel<float, __half, float, (unsigned int)2>(ch_est::puschRxChEstStatDescr_t *, ch_est::puschRxChEstDynDescr_t *)"
17240480509,5280,337099,103,1,1,128,1,1,16,0.000,0.000,,,,,NVIDIA A100-SXM4-40GB MIG 4g.20gb (0),1,,13,cupy_copy__complex64_complex64
17240878713,20447,337109,1434,1,1,128,1,1,16,0.000,0.000,,,,,NVIDIA A100-SXM4-40GB MIG 4g.20gb (0),1,,13,cupy_copy__complex64_complex64
17241270068,4512,337116,103,1,1,128,1,1,16,0.000,0.000,,,,,NVIDIA A100-SXM4-40GB MIG 4g.20gb (0),1,,13,cupy_copy__complex64_complex64
17241320404,256157,337123,1,1,1,32,32,1,30,0.000,0.000,,,,,NVIDIA A100-SXM4-40GB MIG 4g.20gb (0),1,,13,"void convert_kernel<__half2, float2>(tensor_layout_any, T1 *, tensor_layout_any, const T2 *)"
17241606064,5504,337126,,,,,,,,,,0.094,17023.251,Pinned,Device,NVIDIA A100-SXM4-40GB MIG 4g.20gb (0),1,,13,[CUDA memcpy Host-to-Device]
17241737647,54655,337127,,,,,,,,,,35.810,655178.296,Device,,NVIDIA A100-SXM4-40GB MIG 4g.20gb (0),1,,13,[CUDA memset]
17241798574,2112,337129,,,,,,,,,,0.000,37.879,Pinned,Device,NVIDIA A100-SXM4-40GB MIG 4g.20gb (0),1,,13,[CUDA memcpy Host-to-Device]
17241803694,12192,337130,,,,,,,,,,0.197,16125.788,Pinned,Device,NVIDIA A100-SXM4-40GB MIG 4g.20gb (0),1,,13,[CUDA memcpy Host-to-Device]
17242205418,23519,337131,273,1,1,48,1,1,40,0.000,0.001,,,,,NVIDIA A100-SXM4-40GB MIG 4g.20gb (0),1,,13,"void pusch_noise_intf_est::noiseIntfEstNoDftSOfdmKernel<float, __half, float, float, (unsigned int)2, (unsigned int)1, (unsigned char)4, (unsigned char)4>(pusch_noise_intf_est::puschRxNoiseIntfEstDynDescr)"
17242621541,8672,337142,35,1,1,128,1,1,16,0.000,0.000,,,,,NVIDIA A100-SXM4-40GB MIG 4g.20gb (0),1,,13,cupy_copy__complex64_complex64
17243036288,5344,337151,1,1,1,1,1,1,18,0.000,0.000,,,,,NVIDIA A100-SXM4-40GB MIG 4g.20gb (0),1,,13,cupy_copy__float32_float32
17243048032,1664,337157,,,,,,,,,,0.000,2.404,Device,Pageable,NVIDIA A100-SXM4-40GB MIG 4g.20gb (0),1,,7,[CUDA memcpy Device-to-Host]
17243452348,21759,337168,1434,1,1,128,1,1,16,0.000,0.000,,,,,NVIDIA A100-SXM4-40GB MIG 4g.20gb (0),1,,13,cupy_copy__complex64_complex64
17243862679,7264,337175,103,1,1,128,1,1,16,0.000,0.000,,,,,NVIDIA A100-SXM4-40GB MIG 4g.20gb (0),1,,13,cupy_copy__complex64_complex64
17243878295,8448,337182,35,1,1,128,1,1,16,0.000,0.000,,,,,NVIDIA A100-SXM4-40GB MIG 4g.20gb (0),1,,13,cupy_copy__complex64_complex64
17243922646,3232,337189,1,1,1,1,1,1,18,0.000,0.000,,,,,NVIDIA A100-SXM4-40GB MIG 4g.20gb (0),1,,13,cupy_copy__float32_float32
17243936726,325661,337200,1,1,1,32,32,1,30,0.000,0.000,,,,,NVIDIA A100-SXM4-40GB MIG 4g.20gb (0),1,,13,"void convert_kernel<__half2, float2>(tensor_layout_any, T1 *, tensor_layout_any, const T2 *)"
17244293170,5504,337203,,,,,,,,,,0.094,17023.251,Pinned,Device,NVIDIA A100-SXM4-40GB MIG 4g.20gb (0),1,,13,[CUDA memcpy Host-to-Device]
17244322322,4768,337204,,,,,,,,,,1.547,324374.998,Device,,NVIDIA A100-SXM4-40GB MIG 4g.20gb (0),1,,13,[CUDA memset]
17244334578,3488,337209,,,,,,,,,,0.031,8972.469,Pinned,Device,NVIDIA A100-SXM4-40GB MIG 4g.20gb (0),1,,13,[CUDA memcpy Host-to-Device]
17244341106,12672,337210,,,,,,,,,,0.197,15515.124,Pinned,Device,NVIDIA A100-SXM4-40GB MIG 4g.20gb (0),1,,13,[CUDA memcpy Host-to-Device]
17244381201,18688,337211,273,1,1,8,4,1,39,0.002,0.000,,,,,NVIDIA A100-SXM4-40GB MIG 4g.20gb (0),1,,13,"void channel_eq::eqMmseCoefCompLowMimoKernel<float, float, float, (unsigned int)4, (unsigned int)1, (unsigned int)4>(const channel_eq::_puschRxChEqStatDescr *, channel_eq::_puschRxChEqCoefCompDynDescr)"
17244438865,9823,337212,273,1,1,12,11,1,51,0.002,0.000,,,,,NVIDIA A100-SXM4-40GB MIG 4g.20gb (0),1,,13,"void channel_eq::eqMmseSoftDemapKernel<float, __half, __half, float, (unsigned int)4, (unsigned short)16383>(channel_eq::_puschRxChEqStatDescr *, channel_eq::_puschRxChEqSoftDemapDynDescr)"
17244490512,722968,337213,1,1,1,32,32,1,30,0.000,0.000,,,,,NVIDIA A100-SXM4-40GB MIG 4g.20gb (0),1,,13,"void convert_kernel<float2, __half2>(tensor_layout_any, T1 *, tensor_layout_any, const T2 *)"
17245375526,43648,337225,2253,1,1,128,1,1,16,0.000,0.000,,,,,NVIDIA A100-SXM4-40GB MIG 4g.20gb (0),1,,13,cupy_copy__float16_float16
17245850881,13792,337234,282,1,1,128,1,1,16,0.000,0.000,,,,,NVIDIA A100-SXM4-40GB MIG 4g.20gb (0),1,,13,cupy_copy__complex64_complex64
17246411578,3328,337243,26,1,1,128,1,1,16,0.000,0.000,,,,,NVIDIA A100-SXM4-40GB MIG 4g.20gb (0),1,,13,cupy_copy__float32_float32
17246601336,10848,337252,103,1,1,128,1,1,16,0.000,0.000,,,,,NVIDIA A100-SXM4-40GB MIG 4g.20gb (0),1,,13,cupy_copy__complex64_complex64
17247111283,44767,337262,1434,1,1,128,1,1,16,0.000,0.000,,,,,NVIDIA A100-SXM4-40GB MIG 4g.20gb (0),1,,13,cupy_copy__complex64_complex64
17247570669,280797,337267,1,1,1,32,32,1,30,0.000,0.000,,,,,NVIDIA A100-SXM4-40GB MIG 4g.20gb (0),1,,13,"void convert_kernel<__half2, float2>(tensor_layout_any, T1 *, tensor_layout_any, const T2 *)"
17247882986,5664,337270,,,,,,,,,,0.094,16542.310,Pinned,Device,NVIDIA A100-SXM4-40GB MIG 4g.20gb (0),1,,13,[CUDA memcpy Host-to-Device]
17248328933,616793,337271,,,,,,,,,,456.561,740086.094,Device,,NVIDIA A100-SXM4-40GB MIG 4g.20gb (0),1,,13,[CUDA memset]
17248954206,57695,337276,,,,,,,,,,1.235,21404.049,Pinned,Device,NVIDIA A100-SXM4-40GB MIG 4g.20gb (0),1,,13,[CUDA memcpy Host-to-Device]
17249014621,13184,337277,,,,,,,,,,0.197,14912.520,Pinned,Device,NVIDIA A100-SXM4-40GB MIG 4g.20gb (0),1,,13,[CUDA memcpy Host-to-Device]
17249518744,18111,337278,69,4,1,48,1,1,76,0.002,0.000,,,,,NVIDIA A100-SXM4-40GB MIG 4g.20gb (0),1,,13,"void ch_est::windowedChEstPreNoDftSOfdmKernel<float, __half, float, (unsigned int)2, (unsigned int)1, (unsigned short)4>(ch_est::puschRxChEstStatDescr_t *, ch_est::puschRxChEstDynDescr_t *)"
17249953299,21631,337279,137,2,1,24,2,1,44,0.001,0.001,,,,,NVIDIA A100-SXM4-40GB MIG 4g.20gb (0),1,,13,"void ch_est::chEstFilterNoDftSOfdmDispatchKernel<float, __half, float, (unsigned int)2>(ch_est::puschRxChEstStatDescr_t *, ch_est::puschRxChEstDynDescr_t *)"
17250383598,20256,337280,137,2,1,24,2,1,44,0.001,0.001,,,,,NVIDIA A100-SXM4-40GB MIG 4g.20gb (0),1,,13,"void ch_est::chEstFilterNoDftSOfdmDispatchKernel<float, __half, float, (unsigned int)2>(ch_est::puschRxChEstStatDescr_t *, ch_est::puschRxChEstDynDescr_t *)"
17250810633,9024,337291,103,1,1,128,1,1,16,0.000,0.000,,,,,NVIDIA A100-SXM4-40GB MIG 4g.20gb (0),1,,13,cupy_copy__complex64_complex64
17251220836,22112,337301,1434,1,1,128,1,1,16,0.000,0.000,,,,,NVIDIA A100-SXM4-40GB MIG 4g.20gb (0),1,,13,cupy_copy__complex64_complex64
17251247108,7552,337308,103,1,1,128,1,1,16,0.000,0.000,,,,,NVIDIA A100-SXM4-40GB MIG 4g.20gb (0),1,,13,cupy_copy__complex64_complex64
17251302659,277725,337315,1,1,1,32,32,1,30,0.000,0.000,,,,,NVIDIA A100-SXM4-40GB MIG 4g.20gb (0),1,,13,"void convert_kernel<__half2, float2>(tensor_layout_any, T1 *, tensor_layout_any, const T2 *)"
17251609920,5504,337318,,,,,,,,,,0.094,17023.251,Pinned,Device,NVIDIA A100-SXM4-40GB MIG 4g.20gb (0),1,,13,[CUDA memcpy Host-to-Device]
17251626144,55039,337319,,,,,,,,,,35.810,650594.627,Device,,NVIDIA A100-SXM4-40GB MIG 4g.20gb (0),1,,13,[CUDA memset]
17251684767,3040,337321,,,,,,,,,,0.000,26.316,Pinned,Device,NVIDIA A100-SXM4-40GB MIG 4g.20gb (0),1,,13,[CUDA memcpy Host-to-Device]
17251694239,12192,337322,,,,,,,,,,0.197,16125.788,Pinned,Device,NVIDIA A100-SXM4-40GB MIG 4g.20gb (0),1,,13,[CUDA memcpy Host-to-Device]
17251726431,21471,337323,273,1,1,48,1,1,40,0.000,0.001,,,,,NVIDIA A100-SXM4-40GB MIG 4g.20gb (0),1,,13,"void pusch_noise_intf_est::noiseIntfEstNoDftSOfdmKernel<float, __half, float, float, (unsigned int)2, (unsigned int)1, (unsigned char)4, (unsigned char)4>(pusch_noise_intf_est::puschRxNoiseIntfEstDynDescr)"
17251781118,4832,337334,35,1,1,128,1,1,16,0.000,0.000,,,,,NVIDIA A100-SXM4-40GB MIG 4g.20gb (0),1,,13,cupy_copy__complex64_complex64
17251826398,3776,337343,1,1,1,1,1,1,18,0.000,0.000,,,,,NVIDIA A100-SXM4-40GB MIG 4g.20gb (0),1,,13,cupy_copy__float32_float32
17251839965,1376,337349,,,,,,,,,,0.000,2.907,Device,Pageable,NVIDIA A100-SXM4-40GB MIG 4g.20gb (0),1,,7,[CUDA memcpy Device-to-Host]
17251939996,13696,337360,1434,1,1,128,1,1,16,0.000,0.000,,,,,NVIDIA A100-SXM4-40GB MIG 4g.20gb (0),1,,13,cupy_copy__complex64_complex64
17251998044,5376,337367,103,1,1,128,1,1,16,0.000,0.000,,,,,NVIDIA A100-SXM4-40GB MIG 4g.20gb (0),1,,13,cupy_copy__complex64_complex64
17252036315,13120,337374,35,1,1,128,1,1,16,0.000,0.000,,,,,NVIDIA A100-SXM4-40GB MIG 4g.20gb (0),1,,13,cupy_copy__complex64_complex64
17252051355,3200,337381,1,1,1,1,1,1,18,0.000,0.000,,,,,NVIDIA A100-SXM4-40GB MIG 4g.20gb (0),1,,13,cupy_copy__float32_float32
17252144058,267069,337392,1,1,1,32,32,1,30,0.000,0.000,,,,,NVIDIA A100-SXM4-40GB MIG 4g.20gb (0),1,,13,"void convert_kernel<__half2, float2>(tensor_layout_any, T1 *, tensor_layout_any, const T2 *)"
17252440791,5408,337395,,,,,,,,,,0.094,17325.421,Pinned,Device,NVIDIA A100-SXM4-40GB MIG 4g.20gb (0),1,,13,[CUDA memcpy Host-to-Device]
17252463734,5056,337396,,,,,,,,,,1.547,305897.481,Device,,NVIDIA A100-SXM4-40GB MIG 4g.20gb (0),1,,13,[CUDA memset]
17252471894,5472,337401,,,,,,,,,,0.031,5719.281,Pinned,Device,NVIDIA A100-SXM4-40GB MIG 4g.20gb (0),1,,13,[CUDA memcpy Host-to-Device]
17252480758,10080,337402,,,,,,,,,,0.197,19504.693,Pinned,Device,NVIDIA A100-SXM4-40GB MIG 4g.20gb (0),1,,13,[CUDA memcpy Host-to-Device]
17252508886,12608,337403,273,1,1,8,4,1,39,0.002,0.000,,,,,NVIDIA A100-SXM4-40GB MIG 4g.20gb (0),1,,13,"void channel_eq::eqMmseCoefCompLowMimoKernel<float, float, float, (unsigned int)4, (unsigned int)1, (unsigned int)4>(const channel_eq::_puschRxChEqStatDescr *, channel_eq::_puschRxChEqCoefCompDynDescr)"
17252571893,9920,337404,273,1,1,12,11,1,51,0.002,0.000,,,,,NVIDIA A100-SXM4-40GB MIG 4g.20gb (0),1,,13,"void channel_eq::eqMmseSoftDemapKernel<float, __half, __half, float, (unsigned int)4, (unsigned short)16383>(channel_eq::_puschRxChEqStatDescr *, channel_eq::_puschRxChEqSoftDemapDynDescr)"
17252624277,614361,337405,1,1,1,32,32,1,30,0.000,0.000,,,,,NVIDIA A100-SXM4-40GB MIG 4g.20gb (0),1,,13,"void convert_kernel<float2, __half2>(tensor_layout_any, T1 *, tensor_layout_any, const T2 *)"
17253585418,16864,337417,2253,1,1,128,1,1,16,0.000,0.000,,,,,NVIDIA A100-SXM4-40GB MIG 4g.20gb (0),1,,13,cupy_copy__float16_float16
17253646185,6752,337426,282,1,1,128,1,1,16,0.000,0.000,,,,,NVIDIA A100-SXM4-40GB MIG 4g.20gb (0),1,,13,cupy_copy__complex64_complex64
17254020741,9248,337435,26,1,1,128,1,1,16,0.000,0.000,,,,,NVIDIA A100-SXM4-40GB MIG 4g.20gb (0),1,,13,cupy_copy__float32_float32
17254441696,11488,337444,103,1,1,128,1,1,16,0.000,0.000,,,,,NVIDIA A100-SXM4-40GB MIG 4g.20gb (0),1,,13,cupy_copy__complex64_complex64
17254778524,21344,337454,1434,1,1,128,1,1,16,0.000,0.000,,,,,NVIDIA A100-SXM4-40GB MIG 4g.20gb (0),1,,13,cupy_copy__complex64_complex64
17254842844,203805,337459,1,1,1,32,32,1,30,0.000,0.000,,,,,NVIDIA A100-SXM4-40GB MIG 4g.20gb (0),1,,13,"void convert_kernel<__half2, float2>(tensor_layout_any, T1 *, tensor_layout_any, const T2 *)"
17255077785,8896,337462,,,,,,,,,,0.094,10532.367,Pinned,Device,NVIDIA A100-SXM4-40GB MIG 4g.20gb (0),1,,13,[CUDA memcpy Host-to-Device]
17255346134,629433,337463,,,,,,,,,,456.561,725019.567,Device,,NVIDIA A100-SXM4-40GB MIG 4g.20gb (0),1,,13,[CUDA memset]
17255978799,64607,337468,,,,,,,,,,1.235,19114.463,Pinned,Device,NVIDIA A100-SXM4-40GB MIG 4g.20gb (0),1,,13,[CUDA memcpy Host-to-Device]
17256045838,9792,337469,,,,,,,,,,0.197,20078.395,Pinned,Device,NVIDIA A100-SXM4-40GB MIG 4g.20gb (0),1,,13,[CUDA memcpy Host-to-Device]
17256472553,34048,337470,69,4,1,48,1,1,76,0.002,0.000,,,,,NVIDIA A100-SXM4-40GB MIG 4g.20gb (0),1,,13,"void ch_est::windowedChEstPreNoDftSOfdmKernel<float, __half, float, (unsigned int)2, (unsigned int)1, (unsigned short)4>(ch_est::puschRxChEstStatDescr_t *, ch_est::puschRxChEstDynDescr_t *)"
17256883333,15776,337471,137,2,1,24,2,1,44,0.001,0.001,,,,,NVIDIA A100-SXM4-40GB MIG 4g.20gb (0),1,,13,"void ch_est::chEstFilterNoDftSOfdmDispatchKernel<float, __half, float, (unsigned int)2>(ch_est::puschRxChEstStatDescr_t *, ch_est::puschRxChEstDynDescr_t *)"
17257262049,17535,337472,137,2,1,24,2,1,44,0.001,0.001,,,,,NVIDIA A100-SXM4-40GB MIG 4g.20gb (0),1,,13,"void ch_est::chEstFilterNoDftSOfdmDispatchKernel<float, __half, float, (unsigned int)2>(ch_est::puschRxChEstStatDescr_t *, ch_est::puschRxChEstDynDescr_t *)"
17257635484,8160,337483,103,1,1,128,1,1,16,0.000,0.000,,,,,NVIDIA A100-SXM4-40GB MIG 4g.20gb (0),1,,13,cupy_copy__complex64_complex64
17257677788,17600,337493,1434,1,1,128,1,1,16,0.000,0.000,,,,,NVIDIA A100-SXM4-40GB MIG 4g.20gb (0),1,,13,cupy_copy__complex64_complex64
17257705404,3584,337500,103,1,1,128,1,1,16,0.000,0.000,,,,,NVIDIA A100-SXM4-40GB MIG 4g.20gb (0),1,,13,cupy_copy__complex64_complex64
17257758683,255229,337507,1,1,1,32,32,1,30,0.000,0.000,,,,,NVIDIA A100-SXM4-40GB MIG 4g.20gb (0),1,,13,"void convert_kernel<__half2, float2>(tensor_layout_any, T1 *, tensor_layout_any, const T2 *)"
17258044216,5408,337510,,,,,,,,,,0.094,17325.421,Pinned,Device,NVIDIA A100-SXM4-40GB MIG 4g.20gb (0),1,,13,[CUDA memcpy Host-to-Device]
17258084087,54880,337511,,,,,,,,,,35.810,652492.552,Device,,NVIDIA A100-SXM4-40GB MIG 4g.20gb (0),1,,13,[CUDA memset]
17258146551,1920,337513,,,,,,,,,,0.000,41.667,Pinned,Device,NVIDIA A100-SXM4-40GB MIG 4g.20gb (0),1,,13,[CUDA memcpy Host-to-Device]
17258151031,10207,337514,,,,,,,,,,0.197,19261.882,Pinned,Device,NVIDIA A100-SXM4-40GB MIG 4g.20gb (0),1,,13,[CUDA memcpy Host-to-Device]
17258180502,16320,337515,273,1,1,48,1,1,40,0.000,0.001,,,,,NVIDIA A100-SXM4-40GB MIG 4g.20gb (0),1,,13,"void pusch_noise_intf_est::noiseIntfEstNoDftSOfdmKernel<float, __half, float, float, (unsigned int)2, (unsigned int)1, (unsigned char)4, (unsigned char)4>(pusch_noise_intf_est::puschRxNoiseIntfEstDynDescr)"
17258238550,4832,337526,35,1,1,128,1,1,16,0.000,0.000,,,,,NVIDIA A100-SXM4-40GB MIG 4g.20gb (0),1,,13,cupy_copy__complex64_complex64
17258279861,4288,337535,1,1,1,1,1,1,18,0.000,0.000,,,,,NVIDIA A100-SXM4-40GB MIG 4g.20gb (0),1,,13,cupy_copy__float32_float32
17258294325,1664,337541,,,,,,,,,,0.000,2.404,Device,Pageable,NVIDIA A100-SXM4-40GB MIG 4g.20gb (0),1,,7,[CUDA memcpy Device-to-Host]
17258399668,18560,337552,1434,1,1,128,1,1,16,0.000,0.000,,,,,NVIDIA A100-SXM4-40GB MIG 4g.20gb (0),1,,13,cupy_copy__complex64_complex64
17258819055,7136,337559,103,1,1,128,1,1,16,0.000,0.000,,,,,NVIDIA A100-SXM4-40GB MIG 4g.20gb (0),1,,13,cupy_copy__complex64_complex64
17259178123,8096,337566,35,1,1,128,1,1,16,0.000,0.000,,,,,NVIDIA A100-SXM4-40GB MIG 4g.20gb (0),1,,13,cupy_copy__complex64_complex64
17259312649,4704,337573,1,1,1,1,1,1,18,0.000,0.000,,,,,NVIDIA A100-SXM4-40GB MIG 4g.20gb (0),1,,13,cupy_copy__float32_float32
17260074785,321500,337584,1,1,1,32,32,1,30,0.000,0.000,,,,,NVIDIA A100-SXM4-40GB MIG 4g.20gb (0),1,,13,"void convert_kernel<__half2, float2>(tensor_layout_any, T1 *, tensor_layout_any, const T2 *)"
17260426557,12640,337587,,,,,,,,,,0.094,7412.572,Pinned,Device,NVIDIA A100-SXM4-40GB MIG 4g.20gb (0),1,,13,[CUDA memcpy Host-to-Device]
17260915319,8608,337588,,,,,,,,,,1.547,179672.857,Device,,NVIDIA A100-SXM4-40GB MIG 4g.20gb (0),1,,13,[CUDA memset]
17260935895,4992,337593,,,,,,,,,,0.031,6269.215,Pinned,Device,NVIDIA A100-SXM4-40GB MIG 4g.20gb (0),1,,13,[CUDA memcpy Host-to-Device]
17260946487,9792,337594,,,,,,,,,,0.197,20078.395,Pinned,Device,NVIDIA A100-SXM4-40GB MIG 4g.20gb (0),1,,13,[CUDA memcpy Host-to-Device]
17261719342,34368,337595,273,1,1,8,4,1,39,0.002,0.000,,,,,NVIDIA A100-SXM4-40GB MIG 4g.20gb (0),1,,13,"void channel_eq::eqMmseCoefCompLowMimoKernel<float, float, float, (unsigned int)4, (unsigned int)1, (unsigned int)4>(const channel_eq::_puschRxChEqStatDescr *, channel_eq::_puschRxChEqCoefCompDynDescr)"
17262527653,39584,337596,273,1,1,12,11,1,51,0.002,0.000,,,,,NVIDIA A100-SXM4-40GB MIG 4g.20gb (0),1,,13,"void channel_eq::eqMmseSoftDemapKernel<float, __half, __half, float, (unsigned int)4, (unsigned short)16383>(channel_eq::_puschRxChEqStatDescr *, channel_eq::_puschRxChEqSoftDemapDynDescr)"
17263341276,682745,337597,1,1,1,32,32,1,30,0.000,0.000,,,,,NVIDIA A100-SXM4-40GB MIG 4g.20gb (0),1,,13,"void convert_kernel<float2, __half2>(tensor_layout_any, T1 *, tensor_layout_any, const T2 *)"
17264592494,16608,337609,2253,1,1,128,1,1,16,0.000,0.000,,,,,NVIDIA A100-SXM4-40GB MIG 4g.20gb (0),1,,13,cupy_copy__float16_float16
17265343302,9536,337618,282,1,1,128,1,1,16,0.000,0.000,,,,,NVIDIA A100-SXM4-40GB MIG 4g.20gb (0),1,,13,cupy_copy__complex64_complex64
17265793665,5728,337627,26,1,1,128,1,1,16,0.000,0.000,,,,,NVIDIA A100-SXM4-40GB MIG 4g.20gb (0),1,,13,cupy_copy__float32_float32
17266190684,11200,337636,103,1,1,128,1,1,16,0.000,0.000,,,,,NVIDIA A100-SXM4-40GB MIG 4g.20gb (0),1,,13,cupy_copy__complex64_complex64
17266253756,18879,337646,1434,1,1,128,1,1,16,0.000,0.000,,,,,NVIDIA A100-SXM4-40GB MIG 4g.20gb (0),1,,13,cupy_copy__complex64_complex64
17266639383,301629,337651,1,1,1,32,32,1,30,0.000,0.000,,,,,NVIDIA A100-SXM4-40GB MIG 4g.20gb (0),1,,13,"void convert_kernel<__half2, float2>(tensor_layout_any, T1 *, tensor_layout_any, const T2 *)"
17266970931,5920,337654,,,,,,,,,,0.094,15826.941,Pinned,Device,NVIDIA A100-SXM4-40GB MIG 4g.20gb (0),1,,13,[CUDA memcpy Host-to-Device]
17267020915,622457,337655,,,,,,,,,,456.561,733237.673,Device,,NVIDIA A100-SXM4-40GB MIG 4g.20gb (0),1,,13,[CUDA memset]
17267651212,61791,337660,,,,,,,,,,1.235,19985.099,Pinned,Device,NVIDIA A100-SXM4-40GB MIG 4g.20gb (0),1,,13,[CUDA memcpy Host-to-Device]
17267720555,12960,337661,,,,,,,,,,0.197,15170.273,Pinned,Device,NVIDIA A100-SXM4-40GB MIG 4g.20gb (0),1,,13,[CUDA memcpy Host-to-Device]
17267802954,15744,337662,69,4,1,48,1,1,76,0.002,0.000,,,,,NVIDIA A100-SXM4-40GB MIG 4g.20gb (0),1,,13,"void ch_est::windowedChEstPreNoDftSOfdmKernel<float, __half, float, (unsigned int)2, (unsigned int)1, (unsigned short)4>(ch_est::puschRxChEstStatDescr_t *, ch_est::puschRxChEstDynDescr_t *)"
17268016936,17280,337663,137,2,1,24,2,1,44,0.001,0.001,,,,,NVIDIA A100-SXM4-40GB MIG 4g.20gb (0),1,,13,"void ch_est::chEstFilterNoDftSOfdmDispatchKernel<float, __half, float, (unsigned int)2>(ch_est::puschRxChEstStatDescr_t *, ch_est::puschRxChEstDynDescr_t *)"
17268216133,18432,337664,137,2,1,24,2,1,44,0.001,0.001,,,,,NVIDIA A100-SXM4-40GB MIG 4g.20gb (0),1,,13,"void ch_est::chEstFilterNoDftSOfdmDispatchKernel<float, __half, float, (unsigned int)2>(ch_est::puschRxChEstStatDescr_t *, ch_est::puschRxChEstDynDescr_t *)"
17268271269,5408,337675,103,1,1,128,1,1,16,0.000,0.000,,,,,NVIDIA A100-SXM4-40GB MIG 4g.20gb (0),1,,13,cupy_copy__complex64_complex64
17268473603,21791,337685,1434,1,1,128,1,1,16,0.000,0.000,,,,,NVIDIA A100-SXM4-40GB MIG 4g.20gb (0),1,,13,cupy_copy__complex64_complex64
17268683296,11712,337692,103,1,1,128,1,1,16,0.000,0.000,,,,,NVIDIA A100-SXM4-40GB MIG 4g.20gb (0),1,,13,cupy_copy__complex64_complex64
17268942525,311613,337699,1,1,1,32,32,1,30,0.000,0.000,,,,,NVIDIA A100-SXM4-40GB MIG 4g.20gb (0),1,,13,"void convert_kernel<__half2, float2>(tensor_layout_any, T1 *, tensor_layout_any, const T2 *)"
17269284857,12032,337702,,,,,,,,,,0.094,7787.168,Pinned,Device,NVIDIA A100-SXM4-40GB MIG 4g.20gb (0),1,,13,[CUDA memcpy Host-to-Device]
17269554070,59712,337703,,,,,,,,,,35.810,599708.730,Device,,NVIDIA A100-SXM4-40GB MIG 4g.20gb (0),1,,13,[CUDA memset]
17269614934,4544,337705,,,,,,,,,,0.000,17.606,Pinned,Device,NVIDIA A100-SXM4-40GB MIG 4g.20gb (0),1,,13,[CUDA memcpy Host-to-Device]
17269626070,9984,337706,,,,,,,,,,0.197,19692.257,Pinned,Device,NVIDIA A100-SXM4-40GB MIG 4g.20gb (0),1,,13,[CUDA memcpy Host-to-Device]
17269821235,25376,337707,273,1,1,48,1,1,40,0.000,0.001,,,,,NVIDIA A100-SXM4-40GB MIG 4g.20gb (0),1,,13,"void pusch_noise_intf_est::noiseIntfEstNoDftSOfdmKernel<float, __half, float, float, (unsigned int)2, (unsigned int)1, (unsigned char)4, (unsigned char)4>(pusch_noise_intf_est::puschRxNoiseIntfEstDynDescr)"
17270221743,10528,337718,35,1,1,128,1,1,16,0.000,0.000,,,,,NVIDIA A100-SXM4-40GB MIG 4g.20gb (0),1,,13,cupy_copy__complex64_complex64
17270611947,4544,337727,1,1,1,1,1,1,18,0.000,0.000,,,,,NVIDIA A100-SXM4-40GB MIG 4g.20gb (0),1,,13,cupy_copy__float32_float32
17270624682,4992,337733,,,,,,,,,,0.000,0.801,Device,Pageable,NVIDIA A100-SXM4-40GB MIG 4g.20gb (0),1,,7,[CUDA memcpy Device-to-Host]
17271029734,21888,337744,1434,1,1,128,1,1,16,0.000,0.000,,,,,NVIDIA A100-SXM4-40GB MIG 4g.20gb (0),1,,13,cupy_copy__complex64_complex64
17271270307,9312,337751,103,1,1,128,1,1,16,0.000,0.000,,,,,NVIDIA A100-SXM4-40GB MIG 4g.20gb (0),1,,13,cupy_copy__complex64_complex64
17271476321,5312,337758,35,1,1,128,1,1,16,0.000,0.000,,,,,NVIDIA A100-SXM4-40GB MIG 4g.20gb (0),1,,13,cupy_copy__complex64_complex64
17271538016,6272,337765,1,1,1,1,1,1,18,0.000,0.000,,,,,NVIDIA A100-SXM4-40GB MIG 4g.20gb (0),1,,13,cupy_copy__float32_float32
17271775261,329277,337776,1,1,1,32,32,1,30,0.000,0.000,,,,,NVIDIA A100-SXM4-40GB MIG 4g.20gb (0),1,,13,"void convert_kernel<__half2, float2>(tensor_layout_any, T1 *, tensor_layout_any, const T2 *)"
17272134745,5408,337779,,,,,,,,,,0.094,17325.421,Pinned,Device,NVIDIA A100-SXM4-40GB MIG 4g.20gb (0),1,,13,[CUDA memcpy Host-to-Device]
17272286616,9216,337780,,,,,,,,,,1.547,167817.984,Device,,NVIDIA A100-SXM4-40GB MIG 4g.20gb (0),1,,13,[CUDA memset]
17272301592,3232,337785,,,,,,,,,,0.031,9683.139,Pinned,Device,NVIDIA A100-SXM4-40GB MIG 4g.20gb (0),1,,13,[CUDA memcpy Host-to-Device]
17272307608,9599,337786,,,,,,,,,,0.197,20482.032,Pinned,Device,NVIDIA A100-SXM4-40GB MIG 4g.20gb (0),1,,13,[CUDA memcpy Host-to-Device]
17272339671,11776,337787,273,1,1,8,4,1,39,0.002,0.000,,,,,NVIDIA A100-SXM4-40GB MIG 4g.20gb (0),1,,13,"void channel_eq::eqMmseCoefCompLowMimoKernel<float, float, float, (unsigned int)4, (unsigned int)1, (unsigned int)4>(const channel_eq::_puschRxChEqStatDescr *, channel_eq::_puschRxChEqCoefCompDynDescr)"
17272400310,8672,337788,273,1,1,12,11,1,51,0.002,0.000,,,,,NVIDIA A100-SXM4-40GB MIG 4g.20gb (0),1,,13,"void channel_eq::eqMmseSoftDemapKernel<float, __half, __half, float, (unsigned int)4, (unsigned short)16383>(channel_eq::_puschRxChEqStatDescr *, channel_eq::_puschRxChEqSoftDemapDynDescr)"
17272450806,812151,337789,1,1,1,32,32,1,30,0.000,0.000,,,,,NVIDIA A100-SXM4-40GB MIG 4g.20gb (0),1,,13,"void convert_kernel<float2, __half2>(tensor_layout_any, T1 *, tensor_layout_any, const T2 *)"
17273499274,18592,337801,2253,1,1,128,1,1,16,0.000,0.000,,,,,NVIDIA A100-SXM4-40GB MIG 4g.20gb (0),1,,13,cupy_copy__float16_float16
17273559273,7232,337810,282,1,1,128,1,1,16,0.000,0.000,,,,,NVIDIA A100-SXM4-40GB MIG 4g.20gb (0),1,,13,cupy_copy__complex64_complex64
17273910885,7840,337819,26,1,1,128,1,1,16,0.000,0.000,,,,,NVIDIA A100-SXM4-40GB MIG 4g.20gb (0),1,,13,cupy_copy__float32_float32
17274014692,8608,337828,103,1,1,128,1,1,16,0.000,0.000,,,,,NVIDIA A100-SXM4-40GB MIG 4g.20gb (0),1,,13,cupy_copy__complex64_complex64
17274450399,20672,337838,1434,1,1,128,1,1,16,0.000,0.000,,,,,NVIDIA A100-SXM4-40GB MIG 4g.20gb (0),1,,13,cupy_copy__complex64_complex64
17274900698,397756,337843,1,1,1,32,32,1,30,0.000,0.000,,,,,NVIDIA A100-SXM4-40GB MIG 4g.20gb (0),1,,13,"void convert_kernel<__half2, float2>(tensor_layout_any, T1 *, tensor_layout_any, const T2 *)"
17275329334,8799,337846,,,,,,,,,,0.094,10648.457,Pinned,Device,NVIDIA A100-SXM4-40GB MIG 4g.20gb (0),1,,13,[CUDA memcpy Host-to-Device]
17275776657,619897,337847,,,,,,,,,,456.561,736433.603,Device,,NVIDIA A100-SXM4-40GB MIG 4g.20gb (0),1,,13,[CUDA memset]
17276405289,60032,337852,,,,,,,,,,1.235,20570.462,Pinned,Device,NVIDIA A100-SXM4-40GB MIG 4g.20gb (0),1,,13,[CUDA memcpy Host-to-Device]
17276471145,11520,337853,,,,,,,,,,0.197,17066.557,Pinned,Device,NVIDIA A100-SXM4-40GB MIG 4g.20gb (0),1,,13,[CUDA memcpy Host-to-Device]
17276923876,22943,337854,69,4,1,48,1,1,76,0.002,0.000,,,,,NVIDIA A100-SXM4-40GB MIG 4g.20gb (0),1,,13,"void ch_est::windowedChEstPreNoDftSOfdmKernel<float, __half, float, (unsigned int)2, (unsigned int)1, (unsigned short)4>(ch_est::puschRxChEstStatDescr_t *, ch_est::puschRxChEstDynDescr_t *)"
17277035874,16032,337855,137,2,1,24,2,1,44,0.001,0.001,,,,,NVIDIA A100-SXM4-40GB MIG 4g.20gb (0),1,,13,"void ch_est::chEstFilterNoDftSOfdmDispatchKernel<float, __half, float, (unsigned int)2>(ch_est::puschRxChEstStatDescr_t *, ch_est::puschRxChEstDynDescr_t *)"
17277460190,29887,337856,137,2,1,24,2,1,44,0.001,0.001,,,,,NVIDIA A100-SXM4-40GB MIG 4g.20gb (0),1,,13,"void ch_est::chEstFilterNoDftSOfdmDispatchKernel<float, __half, float, (unsigned int)2>(ch_est::puschRxChEstStatDescr_t *, ch_est::puschRxChEstDynDescr_t *)"
17277814394,7808,337867,103,1,1,128,1,1,16,0.000,0.000,,,,,NVIDIA A100-SXM4-40GB MIG 4g.20gb (0),1,,13,cupy_copy__complex64_complex64
17277915993,17791,337877,1434,1,1,128,1,1,16,0.000,0.000,,,,,NVIDIA A100-SXM4-40GB MIG 4g.20gb (0),1,,13,cupy_copy__complex64_complex64
17277939192,4032,337884,103,1,1,128,1,1,16,0.000,0.000,,,,,NVIDIA A100-SXM4-40GB MIG 4g.20gb (0),1,,13,cupy_copy__complex64_complex64
17277993336,263197,337891,1,1,1,32,32,1,30,0.000,0.000,,,,,NVIDIA A100-SXM4-40GB MIG 4g.20gb (0),1,,13,"void convert_kernel<__half2, float2>(tensor_layout_any, T1 *, tensor_layout_any, const T2 *)"
17278285940,5408,337894,,,,,,,,,,0.094,17325.421,Pinned,Device,NVIDIA A100-SXM4-40GB MIG 4g.20gb (0),1,,13,[CUDA memcpy Host-to-Device]
17278313588,55551,337895,,,,,,,,,,35.810,644614.370,Device,,NVIDIA A100-SXM4-40GB MIG 4g.20gb (0),1,,13,[CUDA memset]
17278372083,4512,337897,,,,,,,,,,0.000,17.730,Pinned,Device,NVIDIA A100-SXM4-40GB MIG 4g.20gb (0),1,,13,[CUDA memcpy Host-to-Device]
17278382195,12000,337898,,,,,,,,,,0.197,16383.934,Pinned,Device,NVIDIA A100-SXM4-40GB MIG 4g.20gb (0),1,,13,[CUDA memcpy Host-to-Device]
17278412243,18432,337899,273,1,1,48,1,1,40,0.000,0.001,,,,,NVIDIA A100-SXM4-40GB MIG 4g.20gb (0),1,,13,"void pusch_noise_intf_est::noiseIntfEstNoDftSOfdmKernel<float, __half, float, float, (unsigned int)2, (unsigned int)1, (unsigned char)4, (unsigned char)4>(pusch_noise_intf_est::puschRxNoiseIntfEstDynDescr)"
17278469650,6144,337910,35,1,1,128,1,1,16,0.000,0.000,,,,,NVIDIA A100-SXM4-40GB MIG 4g.20gb (0),1,,13,cupy_copy__complex64_complex64
17278506802,3712,337919,1,1,1,1,1,1,18,0.000,0.000,,,,,NVIDIA A100-SXM4-40GB MIG 4g.20gb (0),1,,13,cupy_copy__float32_float32
17278517202,1984,337925,,,,,,,,,,0.000,2.016,Device,Pageable,NVIDIA A100-SXM4-40GB MIG 4g.20gb (0),1,,7,[CUDA memcpy Device-to-Host]
17278612241,14624,337936,1434,1,1,128,1,1,16,0.000,0.000,,,,,NVIDIA A100-SXM4-40GB MIG 4g.20gb (0),1,,13,cupy_copy__complex64_complex64
17278670256,5216,337943,103,1,1,128,1,1,16,0.000,0.000,,,,,NVIDIA A100-SXM4-40GB MIG 4g.20gb (0),1,,13,cupy_copy__complex64_complex64
17278717999,5408,337950,35,1,1,128,1,1,16,0.000,0.000,,,,,NVIDIA A100-SXM4-40GB MIG 4g.20gb (0),1,,13,cupy_copy__complex64_complex64
17278757455,5472,337957,1,1,1,1,1,1,18,0.000,0.000,,,,,NVIDIA A100-SXM4-40GB MIG 4g.20gb (0),1,,13,cupy_copy__float32_float32
17278817006,262621,337968,1,1,1,32,32,1,30,0.000,0.000,,,,,NVIDIA A100-SXM4-40GB MIG 4g.20gb (0),1,,13,"void convert_kernel<__half2, float2>(tensor_layout_any, T1 *, tensor_layout_any, const T2 *)"
17279108651,5664,337971,,,,,,,,,,0.094,16542.310,Pinned,Device,NVIDIA A100-SXM4-40GB MIG 4g.20gb (0),1,,13,[CUDA memcpy Host-to-Device]
17279133803,5056,337972,,,,,,,,,,1.547,305897.481,Device,,NVIDIA A100-SXM4-40GB MIG 4g.20gb (0),1,,13,[CUDA memset]
17279143947,3776,337977,,,,,,,,,,0.031,8288.120,Pinned,Device,NVIDIA A100-SXM4-40GB MIG 4g.20gb (0),1,,13,[CUDA memcpy Host-to-Device]
17279150155,10368,337978,,,,,,,,,,0.197,18962.842,Pinned,Device,NVIDIA A100-SXM4-40GB MIG 4g.20gb (0),1,,13,[CUDA memcpy Host-to-Device]
17279180682,16448,337979,273,1,1,8,4,1,39,0.002,0.000,,,,,NVIDIA A100-SXM4-40GB MIG 4g.20gb (0),1,,13,"void channel_eq::eqMmseCoefCompLowMimoKernel<float, float, float, (unsigned int)4, (unsigned int)1, (unsigned int)4>(const channel_eq::_puschRxChEqStatDescr *, channel_eq::_puschRxChEqCoefCompDynDescr)"
17279238858,8320,337980,273,1,1,12,11,1,51,0.002,0.000,,,,,NVIDIA A100-SXM4-40GB MIG 4g.20gb (0),1,,13,"void channel_eq::eqMmseSoftDemapKernel<float, __half, __half, float, (unsigned int)4, (unsigned short)16383>(channel_eq::_puschRxChEqStatDescr *, channel_eq::_puschRxChEqSoftDemapDynDescr)"
17279286569,688184,337981,1,1,1,32,32,1,30,0.000,0.000,,,,,NVIDIA A100-SXM4-40GB MIG 4g.20gb (0),1,,13,"void convert_kernel<float2, __half2>(tensor_layout_any, T1 *, tensor_layout_any, const T2 *)"
17280231518,15136,337993,2253,1,1,128,1,1,16,0.000,0.000,,,,,NVIDIA A100-SXM4-40GB MIG 4g.20gb (0),1,,13,cupy_copy__float16_float16
17280252574,5824,338002,282,1,1,128,1,1,16,0.000,0.000,,,,,NVIDIA A100-SXM4-40GB MIG 4g.20gb (0),1,,13,cupy_copy__complex64_complex64
17280285214,5568,338011,26,1,1,128,1,1,16,0.000,0.000,,,,,NVIDIA A100-SXM4-40GB MIG 4g.20gb (0),1,,13,cupy_copy__float32_float32
17280297566,6240,338020,103,1,1,128,1,1,16,0.000,0.000,,,,,NVIDIA A100-SXM4-40GB MIG 4g.20gb (0),1,,13,cupy_copy__complex64_complex64
17280602010,22208,338030,1434,1,1,128,1,1,16,0.000,0.000,,,,,NVIDIA A100-SXM4-40GB MIG 4g.20gb (0),1,,13,cupy_copy__complex64_complex64
17280673882,282396,338035,1,1,1,32,32,1,30,0.000,0.000,,,,,NVIDIA A100-SXM4-40GB MIG 4g.20gb (0),1,,13,"void convert_kernel<__half2, float2>(tensor_layout_any, T1 *, tensor_layout_any, const T2 *)"
17280987318,6592,338038,,,,,,,,,,0.094,14213.590,Pinned,Device,NVIDIA A100-SXM4-40GB MIG 4g.20gb (0),1,,13,[CUDA memcpy Host-to-Device]
17281256147,626169,338039,,,,,,,,,,456.561,729128.620,Device,,NVIDIA A100-SXM4-40GB MIG 4g.20gb (0),1,,13,[CUDA memset]
17281889452,67455,338044,,,,,,,,,,1.235,18306.810,Pinned,Device,NVIDIA A100-SXM4-40GB MIG 4g.20gb (0),1,,13,[CUDA memcpy Host-to-Device]
17281959499,9632,338045,,,,,,,,,,0.197,20411.843,Pinned,Device,NVIDIA A100-SXM4-40GB MIG 4g.20gb (0),1,,13,[CUDA memcpy Host-to-Device]
17282248840,22752,338046,69,4,1,48,1,1,76,0.002,0.000,,,,,NVIDIA A100-SXM4-40GB MIG 4g.20gb (0),1,,13,"void ch_est::windowedChEstPreNoDftSOfdmKernel<float, __half, float, (unsigned int)2, (unsigned int)1, (unsigned short)4>(ch_est::puschRxChEstStatDescr_t *, ch_est::puschRxChEstDynDescr_t *)"
17282581348,26112,338047,137,2,1,24,2,1,44,0.001,0.001,,,,,NVIDIA A100-SXM4-40GB MIG 4g.20gb (0),1,,13,"void ch_est::chEstFilterNoDftSOfdmDispatchKernel<float, __half, float, (unsigned int)2>(ch_est::puschRxChEstStatDescr_t *, ch_est::puschRxChEstDynDescr_t *)"
17282914432,25376,338048,137,2,1,24,2,1,44,0.001,0.001,,,,,NVIDIA A100-SXM4-40GB MIG 4g.20gb (0),1,,13,"void ch_est::chEstFilterNoDftSOfdmDispatchKernel<float, __half, float, (unsigned int)2>(ch_est::puschRxChEstStatDescr_t *, ch_est::puschRxChEstDynDescr_t *)"
17283202813,7968,338059,103,1,1,128,1,1,16,0.000,0.000,,,,,NVIDIA A100-SXM4-40GB MIG 4g.20gb (0),1,,13,cupy_copy__complex64_complex64
17283240317,15808,338069,1434,1,1,128,1,1,16,0.000,0.000,,,,,NVIDIA A100-SXM4-40GB MIG 4g.20gb (0),1,,13,cupy_copy__complex64_complex64
17283508410,9056,338076,103,1,1,128,1,1,16,0.000,0.000,,,,,NVIDIA A100-SXM4-40GB MIG 4g.20gb (0),1,,13,cupy_copy__complex64_complex64
17283576377,262877,338083,1,1,1,32,32,1,30,0.000,0.000,,,,,NVIDIA A100-SXM4-40GB MIG 4g.20gb (0),1,,13,"void convert_kernel<__half2, float2>(tensor_layout_any, T1 *, tensor_layout_any, const T2 *)"
17283875926,5375,338086,,,,,,,,,,0.094,17431.766,Pinned,Device,NVIDIA A100-SXM4-40GB MIG 4g.20gb (0),1,,13,[CUDA memcpy Host-to-Device]
17283910773,54624,338087,,,,,,,,,,35.810,655536.396,Device,,NVIDIA A100-SXM4-40GB MIG 4g.20gb (0),1,,13,[CUDA memset]
17283970132,5600,338089,,,,,,,,,,0.000,14.286,Pinned,Device,NVIDIA A100-SXM4-40GB MIG 4g.20gb (0),1,,13,[CUDA memcpy Host-to-Device]
17283978164,11136,338090,,,,,,,,,,0.197,17655.005,Pinned,Device,NVIDIA A100-SXM4-40GB MIG 4g.20gb (0),1,,13,[CUDA memcpy Host-to-Device]
17284009012,15008,338091,273,1,1,48,1,1,40,0.000,0.001,,,,,NVIDIA A100-SXM4-40GB MIG 4g.20gb (0),1,,13,"void pusch_noise_intf_est::noiseIntfEstNoDftSOfdmKernel<float, __half, float, float, (unsigned int)2, (unsigned int)1, (unsigned char)4, (unsigned char)4>(pusch_noise_intf_est::puschRxNoiseIntfEstDynDescr)"
17284067219,4992,338102,35,1,1,128,1,1,16,0.000,0.000,,,,,NVIDIA A100-SXM4-40GB MIG 4g.20gb (0),1,,13,cupy_copy__complex64_complex64
17284122163,2944,338111,1,1,1,1,1,1,18,0.000,0.000,,,,,NVIDIA A100-SXM4-40GB MIG 4g.20gb (0),1,,13,cupy_copy__float32_float32
17284127891,1728,338117,,,,,,,,,,0.000,2.315,Device,Pageable,NVIDIA A100-SXM4-40GB MIG 4g.20gb (0),1,,7,[CUDA memcpy Device-to-Host]
17284217778,14144,338128,1434,1,1,128,1,1,16,0.000,0.000,,,,,NVIDIA A100-SXM4-40GB MIG 4g.20gb (0),1,,13,cupy_copy__complex64_complex64
17284272593,5888,338135,103,1,1,128,1,1,16,0.000,0.000,,,,,NVIDIA A100-SXM4-40GB MIG 4g.20gb (0),1,,13,cupy_copy__complex64_complex64
17284324369,4703,338142,35,1,1,128,1,1,16,0.000,0.000,,,,,NVIDIA A100-SXM4-40GB MIG 4g.20gb (0),1,,13,cupy_copy__complex64_complex64
17284374256,4128,338149,1,1,1,1,1,1,18,0.000,0.000,,,,,NVIDIA A100-SXM4-40GB MIG 4g.20gb (0),1,,13,cupy_copy__float32_float32
17284430479,258109,338160,1,1,1,32,32,1,30,0.000,0.000,,,,,NVIDIA A100-SXM4-40GB MIG 4g.20gb (0),1,,13,"void convert_kernel<__half2, float2>(tensor_layout_any, T1 *, tensor_layout_any, const T2 *)"
17284717292,5408,338163,,,,,,,,,,0.094,17325.421,Pinned,Device,NVIDIA A100-SXM4-40GB MIG 4g.20gb (0),1,,13,[CUDA memcpy Host-to-Device]
17284749676,4608,338164,,,,,,,,,,1.547,335637.514,Device,,NVIDIA A100-SXM4-40GB MIG 4g.20gb (0),1,,13,[CUDA memset]
17284761036,7840,338169,,,,,,,,,,0.031,3991.836,Pinned,Device,NVIDIA A100-SXM4-40GB MIG 4g.20gb (0),1,,13,[CUDA memcpy Host-to-Device]
17284771627,9536,338170,,,,,,,,,,0.197,20617.298,Pinned,Device,NVIDIA A100-SXM4-40GB MIG 4g.20gb (0),1,,13,[CUDA memcpy Host-to-Device]
17284801131,17920,338171,273,1,1,8,4,1,39,0.002,0.000,,,,,NVIDIA A100-SXM4-40GB MIG 4g.20gb (0),1,,13,"void channel_eq::eqMmseCoefCompLowMimoKernel<float, float, float, (unsigned int)4, (unsigned int)1, (unsigned int)4>(const channel_eq::_puschRxChEqStatDescr *, channel_eq::_puschRxChEqCoefCompDynDescr)"
17284876714,8224,338172,273,1,1,12,11,1,51,0.002,0.000,,,,,NVIDIA A100-SXM4-40GB MIG 4g.20gb (0),1,,13,"void channel_eq::eqMmseSoftDemapKernel<float, __half, __half, float, (unsigned int)4, (unsigned short)16383>(channel_eq::_puschRxChEqStatDescr *, channel_eq::_puschRxChEqSoftDemapDynDescr)"
17284922634,580281,338173,1,1,1,32,32,1,30,0.000,0.000,,,,,NVIDIA A100-SXM4-40GB MIG 4g.20gb (0),1,,13,"void convert_kernel<float2, __half2>(tensor_layout_any, T1 *, tensor_layout_any, const T2 *)"
17285510467,12512,338185,2253,1,1,128,1,1,16,0.000,0.000,,,,,NVIDIA A100-SXM4-40GB MIG 4g.20gb (0),1,,13,cupy_copy__float16_float16
17285565251,5120,338194,282,1,1,128,1,1,16,0.000,0.000,,,,,NVIDIA A100-SXM4-40GB MIG 4g.20gb (0),1,,13,cupy_copy__complex64_complex64
17285601666,4928,338203,26,1,1,128,1,1,16,0.000,0.000,,,,,NVIDIA A100-SXM4-40GB MIG 4g.20gb (0),1,,13,cupy_copy__float32_float32
17285613218,5120,338212,103,1,1,128,1,1,16,0.000,0.000,,,,,NVIDIA A100-SXM4-40GB MIG 4g.20gb (0),1,,13,cupy_copy__complex64_complex64
17285670977,13760,338222,1434,1,1,128,1,1,16,0.000,0.000,,,,,NVIDIA A100-SXM4-40GB MIG 4g.20gb (0),1,,13,cupy_copy__complex64_complex64
17285727329,325468,338227,1,1,1,32,32,1,30,0.000,0.000,,,,,NVIDIA A100-SXM4-40GB MIG 4g.20gb (0),1,,13,"void convert_kernel<__half2, float2>(tensor_layout_any, T1 *, tensor_layout_any, const T2 *)"
17286082013,8576,338230,,,,,,,,,,0.094,10925.328,Pinned,Device,NVIDIA A100-SXM4-40GB MIG 4g.20gb (0),1,,13,[CUDA memcpy Host-to-Device]
17286162972,621337,338231,,,,,,,,,,456.561,734607.357,Device,,NVIDIA A100-SXM4-40GB MIG 4g.20gb (0),1,,13,[CUDA memset]
17286791605,61087,338236,,,,,,,,,,1.235,20216.033,Pinned,Device,NVIDIA A100-SXM4-40GB MIG 4g.20gb (0),1,,13,[CUDA memcpy Host-to-Device]
17286858708,10208,338237,,,,,,,,,,0.197,19260.113,Pinned,Device,NVIDIA A100-SXM4-40GB MIG 4g.20gb (0),1,,13,[CUDA memcpy Host-to-Device]
17287008306,14080,338238,69,4,1,48,1,1,76,0.002,0.000,,,,,NVIDIA A100-SXM4-40GB MIG 4g.20gb (0),1,,13,"void ch_est::windowedChEstPreNoDftSOfdmKernel<float, __half, float, (unsigned int)2, (unsigned int)1, (unsigned short)4>(ch_est::puschRxChEstStatDescr_t *, ch_est::puschRxChEstDynDescr_t *)"
17287069394,8832,338239,137,2,1,24,2,1,44,0.001,0.001,,,,,NVIDIA A100-SXM4-40GB MIG 4g.20gb (0),1,,13,"void ch_est::chEstFilterNoDftSOfdmDispatchKernel<float, __half, float, (unsigned int)2>(ch_est::puschRxChEstStatDescr_t *, ch_est::puschRxChEstDynDescr_t *)"
17287122225,13472,338240,137,2,1,24,2,1,44,0.001,0.001,,,,,NVIDIA A100-SXM4-40GB MIG 4g.20gb (0),1,,13,"void ch_est::chEstFilterNoDftSOfdmDispatchKernel<float, __half, float, (unsigned int)2>(ch_est::puschRxChEstStatDescr_t *, ch_est::puschRxChEstDynDescr_t *)"
17287344495,10303,338251,103,1,1,128,1,1,16,0.000,0.000,,,,,NVIDIA A100-SXM4-40GB MIG 4g.20gb (0),1,,13,cupy_copy__complex64_complex64
17287570284,20960,338261,1434,1,1,128,1,1,16,0.000,0.000,,,,,NVIDIA A100-SXM4-40GB MIG 4g.20gb (0),1,,13,cupy_copy__complex64_complex64
17287809097,8352,338268,103,1,1,128,1,1,16,0.000,0.000,,,,,NVIDIA A100-SXM4-40GB MIG 4g.20gb (0),1,,13,cupy_copy__complex64_complex64
17288038183,290525,338275,1,1,1,32,32,1,30,0.000,0.000,,,,,NVIDIA A100-SXM4-40GB MIG 4g.20gb (0),1,,13,"void convert_kernel<__half2, float2>(tensor_layout_any, T1 *, tensor_layout_any, const T2 *)"
17288360611,5472,338278,,,,,,,,,,0.094,17122.757,Pinned,Device,NVIDIA A100-SXM4-40GB MIG 4g.20gb (0),1,,13,[CUDA memcpy Host-to-Device]
17288491522,58239,338279,,,,,,,,,,35.810,614856.326,Device,,NVIDIA A100-SXM4-40GB MIG 4g.20gb (0),1,,13,[CUDA memset]
17288553889,1984,338281,,,,,,,,,,0.000,40.323,Pinned,Device,NVIDIA A100-SXM4-40GB MIG 4g.20gb (0),1,,13,[CUDA memcpy Host-to-Device]
17288561217,12064,338282,,,,,,,,,,0.197,16297.034,Pinned,Device,NVIDIA A100-SXM4-40GB MIG 4g.20gb (0),1,,13,[CUDA memcpy Host-to-Device]
17288776767,23295,338283,273,1,1,48,1,1,40,0.000,0.001,,,,,NVIDIA A100-SXM4-40GB MIG 4g.20gb (0),1,,13,"void pusch_noise_intf_est::noiseIntfEstNoDftSOfdmKernel<float, __half, float, float, (unsigned int)2, (unsigned int)1, (unsigned char)4, (unsigned char)4>(pusch_noise_intf_est::puschRxNoiseIntfEstDynDescr)"
17289005020,9312,338294,35,1,1,128,1,1,16,0.000,0.000,,,,,NVIDIA A100-SXM4-40GB MIG 4g.20gb (0),1,,13,cupy_copy__complex64_complex64
17289050331,4288,338303,1,1,1,1,1,1,18,0.000,0.000,,,,,NVIDIA A100-SXM4-40GB MIG 4g.20gb (0),1,,13,cupy_copy__float32_float32
17289061403,2560,338309,,,,,,,,,,0.000,1.562,Device,Pageable,NVIDIA A100-SXM4-40GB MIG 4g.20gb (0),1,,7,[CUDA memcpy Device-to-Host]
17289155930,15232,338320,1434,1,1,128,1,1,16,0.000,0.000,,,,,NVIDIA A100-SXM4-40GB MIG 4g.20gb (0),1,,13,cupy_copy__complex64_complex64
17289201690,6144,338327,103,1,1,128,1,1,16,0.000,0.000,,,,,NVIDIA A100-SXM4-40GB MIG 4g.20gb (0),1,,13,cupy_copy__complex64_complex64
17289213882,4864,338334,35,1,1,128,1,1,16,0.000,0.000,,,,,NVIDIA A100-SXM4-40GB MIG 4g.20gb (0),1,,13,cupy_copy__complex64_complex64
17289269177,3008,338341,1,1,1,1,1,1,18,0.000,0.000,,,,,NVIDIA A100-SXM4-40GB MIG 4g.20gb (0),1,,13,cupy_copy__float32_float32
17289363896,266237,338352,1,1,1,32,32,1,30,0.000,0.000,,,,,NVIDIA A100-SXM4-40GB MIG 4g.20gb (0),1,,13,"void convert_kernel<__half2, float2>(tensor_layout_any, T1 *, tensor_layout_any, const T2 *)"
17289658517,5408,338355,,,,,,,,,,0.094,17325.421,Pinned,Device,NVIDIA A100-SXM4-40GB MIG 4g.20gb (0),1,,13,[CUDA memcpy Host-to-Device]
17289677556,4608,338356,,,,,,,,,,1.547,335637.514,Device,,NVIDIA A100-SXM4-40GB MIG 4g.20gb (0),1,,13,[CUDA memset]
17289690196,3040,338361,,,,,,,,,,0.031,10294.725,Pinned,Device,NVIDIA A100-SXM4-40GB MIG 4g.20gb (0),1,,13,[CUDA memcpy Host-to-Device]
17289695700,9696,338362,,,,,,,,,,0.197,20277.166,Pinned,Device,NVIDIA A100-SXM4-40GB MIG 4g.20gb (0),1,,13,[CUDA memcpy Host-to-Device]
17289723636,16352,338363,273,1,1,8,4,1,39,0.002,0.000,,,,,NVIDIA A100-SXM4-40GB MIG 4g.20gb (0),1,,13,"void channel_eq::eqMmseCoefCompLowMimoKernel<float, float, float, (unsigned int)4, (unsigned int)1, (unsigned int)4>(const channel_eq::_puschRxChEqStatDescr *, channel_eq::_puschRxChEqCoefCompDynDescr)"
17289777683,8640,338364,273,1,1,12,11,1,51,0.002,0.000,,,,,NVIDIA A100-SXM4-40GB MIG 4g.20gb (0),1,,13,"void channel_eq::eqMmseSoftDemapKernel<float, __half, __half, float, (unsigned int)4, (unsigned short)16383>(channel_eq::_puschRxChEqStatDescr *, channel_eq::_puschRxChEqSoftDemapDynDescr)"
17289824627,574201,338365,1,1,1,32,32,1,30,0.000,0.000,,,,,NVIDIA A100-SXM4-40GB MIG 4g.20gb (0),1,,13,"void convert_kernel<float2, __half2>(tensor_layout_any, T1 *, tensor_layout_any, const T2 *)"
17290417900,12448,338377,2253,1,1,128,1,1,16,0.000,0.000,,,,,NVIDIA A100-SXM4-40GB MIG 4g.20gb (0),1,,13,cupy_copy__float16_float16
17290472747,5536,338386,282,1,1,128,1,1,16,0.000,0.000,,,,,NVIDIA A100-SXM4-40GB MIG 4g.20gb (0),1,,13,cupy_copy__complex64_complex64
17290521867,4128,338395,26,1,1,128,1,1,16,0.000,0.000,,,,,NVIDIA A100-SXM4-40GB MIG 4g.20gb (0),1,,13,cupy_copy__float32_float32
17290567370,6368,338404,103,1,1,128,1,1,16,0.000,0.000,,,,,NVIDIA A100-SXM4-40GB MIG 4g.20gb (0),1,,13,cupy_copy__complex64_complex64
17290627498,14272,338414,1434,1,1,128,1,1,16,0.000,0.000,,,,,NVIDIA A100-SXM4-40GB MIG 4g.20gb (0),1,,13,cupy_copy__complex64_complex64
17290692105,322012,338419,1,1,1,32,32,1,30,0.000,0.000,,,,,NVIDIA A100-SXM4-40GB MIG 4g.20gb (0),1,,13,"void convert_kernel<__half2, float2>(tensor_layout_any, T1 *, tensor_layout_any, const T2 *)"
17291044549,6240,338422,,,,,,,,,,0.094,15015.346,Pinned,Device,NVIDIA A100-SXM4-40GB MIG 4g.20gb (0),1,,13,[CUDA memcpy Host-to-Device]
17291187459,613722,338423,,,,,,,,,,456.561,743738.586,Device,,NVIDIA A100-SXM4-40GB MIG 4g.20gb (0),1,,13,[CUDA memset]
17291802557,64095,338428,,,,,,,,,,1.235,19266.361,Pinned,Device,NVIDIA A100-SXM4-40GB MIG 4g.20gb (0),1,,13,[CUDA memcpy Host-to-Device]
17291872444,9536,338429,,,,,,,,,,0.197,20617.298,Pinned,Device,NVIDIA A100-SXM4-40GB MIG 4g.20gb (0),1,,13,[CUDA memcpy Host-to-Device]
17292114841,22720,338430,69,4,1,48,1,1,76,0.002,0.000,,,,,NVIDIA A100-SXM4-40GB MIG 4g.20gb (0),1,,13,"void ch_est::windowedChEstPreNoDftSOfdmKernel<float, __half, float, (unsigned int)2, (unsigned int)1, (unsigned short)4>(ch_est::puschRxChEstStatDescr_t *, ch_est::puschRxChEstDynDescr_t *)"
17292589140,20255,338431,137,2,1,24,2,1,44,0.001,0.001,,,,,NVIDIA A100-SXM4-40GB MIG 4g.20gb (0),1,,13,"void ch_est::chEstFilterNoDftSOfdmDispatchKernel<float, __half, float, (unsigned int)2>(ch_est::puschRxChEstStatDescr_t *, ch_est::puschRxChEstDynDescr_t *)"
17292865201,9695,338432,137,2,1,24,2,1,44,0.001,0.001,,,,,NVIDIA A100-SXM4-40GB MIG 4g.20gb (0),1,,13,"void ch_est::chEstFilterNoDftSOfdmDispatchKernel<float, __half, float, (unsigned int)2>(ch_est::puschRxChEstStatDescr_t *, ch_est::puschRxChEstDynDescr_t *)"
17293336363,4000,338443,103,1,1,128,1,1,16,0.000,0.000,,,,,NVIDIA A100-SXM4-40GB MIG 4g.20gb (0),1,,13,cupy_copy__complex64_complex64
17293592392,22464,338453,1434,1,1,128,1,1,16,0.000,0.000,,,,,NVIDIA A100-SXM4-40GB MIG 4g.20gb (0),1,,13,cupy_copy__complex64_complex64
17294073251,9632,338460,103,1,1,128,1,1,16,0.000,0.000,,,,,NVIDIA A100-SXM4-40GB MIG 4g.20gb (0),1,,13,cupy_copy__complex64_complex64
17294528734,288445,338467,1,1,1,32,32,1,30,0.000,0.000,,,,,NVIDIA A100-SXM4-40GB MIG 4g.20gb (0),1,,13,"void convert_kernel<__half2, float2>(tensor_layout_any, T1 *, tensor_layout_any, const T2 *)"
17294846394,5504,338470,,,,,,,,,,0.094,17023.251,Pinned,Device,NVIDIA A100-SXM4-40GB MIG 4g.20gb (0),1,,13,[CUDA memcpy Host-to-Device]
17295215990,47680,338471,,,,,,,,,,35.810,751041.452,Device,,NVIDIA A100-SXM4-40GB MIG 4g.20gb (0),1,,13,[CUDA memset]
17295264694,1856,338473,,,,,,,,,,0.000,43.103,Pinned,Device,NVIDIA A100-SXM4-40GB MIG 4g.20gb (0),1,,13,[CUDA memcpy Host-to-Device]
17295271894,13375,338474,,,,,,,,,,0.197,14699.594,Pinned,Device,NVIDIA A100-SXM4-40GB MIG 4g.20gb (0),1,,13,[CUDA memcpy Host-to-Device]
17295733488,20576,338475,273,1,1,48,1,1,40,0.000,0.001,,,,,NVIDIA A100-SXM4-40GB MIG 4g.20gb (0),1,,13,"void pusch_noise_intf_est::noiseIntfEstNoDftSOfdmKernel<float, __half, float, float, (unsigned int)2, (unsigned int)1, (unsigned char)4, (unsigned char)4>(pusch_noise_intf_est::puschRxNoiseIntfEstDynDescr)"
17295996141,11520,338486,35,1,1,128,1,1,16,0.000,0.000,,,,,NVIDIA A100-SXM4-40GB MIG 4g.20gb (0),1,,13,cupy_copy__complex64_complex64
17296012461,3200,338495,1,1,1,1,1,1,18,0.000,0.000,,,,,NVIDIA A100-SXM4-40GB MIG 4g.20gb (0),1,,13,cupy_copy__float32_float32
17296019789,1728,338501,,,,,,,,,,0.000,2.315,Device,Pageable,NVIDIA A100-SXM4-40GB MIG 4g.20gb (0),1,,7,[CUDA memcpy Device-to-Host]
17296114668,15360,338512,1434,1,1,128,1,1,16,0.000,0.000,,,,,NVIDIA A100-SXM4-40GB MIG 4g.20gb (0),1,,13,cupy_copy__complex64_complex64
17296170187,6144,338519,103,1,1,128,1,1,16,0.000,0.000,,,,,NVIDIA A100-SXM4-40GB MIG 4g.20gb (0),1,,13,cupy_copy__complex64_complex64
17296224747,4480,338526,35,1,1,128,1,1,16,0.000,0.000,,,,,NVIDIA A100-SXM4-40GB MIG 4g.20gb (0),1,,13,cupy_copy__complex64_complex64
17296263114,4800,338533,1,1,1,1,1,1,18,0.000,0.000,,,,,NVIDIA A100-SXM4-40GB MIG 4g.20gb (0),1,,13,cupy_copy__float32_float32
17296285066,223454,338544,1,1,1,32,32,1,30,0.000,0.000,,,,,NVIDIA A100-SXM4-40GB MIG 4g.20gb (0),1,,13,"void convert_kernel<__half2, float2>(tensor_layout_any, T1 *, tensor_layout_any, const T2 *)"
17296537095,5888,338547,,,,,,,,,,0.094,15912.954,Pinned,Device,NVIDIA A100-SXM4-40GB MIG 4g.20gb (0),1,,13,[CUDA memcpy Host-to-Device]
17296557927,5408,338548,,,,,,,,,,1.547,285987.790,Device,,NVIDIA A100-SXM4-40GB MIG 4g.20gb (0),1,,13,[CUDA memset]
17296572903,3040,338553,,,,,,,,,,0.031,10294.725,Pinned,Device,NVIDIA A100-SXM4-40GB MIG 4g.20gb (0),1,,13,[CUDA memcpy Host-to-Device]
17296578375,10912,338554,,,,,,,,,,0.197,18017.550,Pinned,Device,NVIDIA A100-SXM4-40GB MIG 4g.20gb (0),1,,13,[CUDA memcpy Host-to-Device]
17296603463,11103,338555,273,1,1,8,4,1,39,0.002,0.000,,,,,NVIDIA A100-SXM4-40GB MIG 4g.20gb (0),1,,13,"void channel_eq::eqMmseCoefCompLowMimoKernel<float, float, float, (unsigned int)4, (unsigned int)1, (unsigned int)4>(const channel_eq::_puschRxChEqStatDescr *, channel_eq::_puschRxChEqCoefCompDynDescr)"
17296660742,9856,338556,273,1,1,12,11,1,51,0.002,0.000,,,,,NVIDIA A100-SXM4-40GB MIG 4g.20gb (0),1,,13,"void channel_eq::eqMmseSoftDemapKernel<float, __half, __half, float, (unsigned int)4, (unsigned short)16383>(channel_eq::_puschRxChEqStatDescr *, channel_eq::_puschRxChEqSoftDemapDynDescr)"
17296709221,613337,338557,1,1,1,32,32,1,30,0.000,0.000,,,,,NVIDIA A100-SXM4-40GB MIG 4g.20gb (0),1,,13,"void convert_kernel<float2, __half2>(tensor_layout_any, T1 *, tensor_layout_any, const T2 *)"
17297364094,15072,338569,2253,1,1,128,1,1,16,0.000,0.000,,,,,NVIDIA A100-SXM4-40GB MIG 4g.20gb (0),1,,13,cupy_copy__float16_float16
17297421149,5152,338578,282,1,1,128,1,1,16,0.000,0.000,,,,,NVIDIA A100-SXM4-40GB MIG 4g.20gb (0),1,,13,cupy_copy__complex64_complex64
17297465725,6816,338587,26,1,1,128,1,1,16,0.000,0.000,,,,,NVIDIA A100-SXM4-40GB MIG 4g.20gb (0),1,,13,cupy_copy__float32_float32
17297482173,3776,338596,103,1,1,128,1,1,16,0.000,0.000,,,,,NVIDIA A100-SXM4-40GB MIG 4g.20gb (0),1,,13,cupy_copy__complex64_complex64
17297573788,13696,338606,1434,1,1,128,1,1,16,0.000,0.000,,,,,NVIDIA A100-SXM4-40GB MIG 4g.20gb (0),1,,13,cupy_copy__complex64_complex64
17297630907,262013,338611,1,1,1,32,32,1,30,0.000,0.000,,,,,NVIDIA A100-SXM4-40GB MIG 4g.20gb (0),1,,13,"void convert_kernel<__half2, float2>(tensor_layout_any, T1 *, tensor_layout_any, const T2 *)"
17297922040,5440,338614,,,,,,,,,,0.094,17223.480,Pinned,Device,NVIDIA A100-SXM4-40GB MIG 4g.20gb (0),1,,13,[CUDA memcpy Host-to-Device]
17297956087,615161,338615,,,,,,,,,,456.561,741912.340,Device,,NVIDIA A100-SXM4-40GB MIG 4g.20gb (0),1,,13,[CUDA memset]
17298578736,61696,338620,,,,,,,,,,1.235,20015.972,Pinned,Device,NVIDIA A100-SXM4-40GB MIG 4g.20gb (0),1,,13,[CUDA memcpy Host-to-Device]
17298646064,13151,338621,,,,,,,,,,0.197,14949.876,Pinned,Device,NVIDIA A100-SXM4-40GB MIG 4g.20gb (0),1,,13,[CUDA memcpy Host-to-Device]
17298788238,15264,338622,69,4,1,48,1,1,76,0.002,0.000,,,,,NVIDIA A100-SXM4-40GB MIG 4g.20gb (0),1,,13,"void ch_est::windowedChEstPreNoDftSOfdmKernel<float, __half, float, (unsigned int)2, (unsigned int)1, (unsigned short)4>(ch_est::puschRxChEstStatDescr_t *, ch_est::puschRxChEstDynDescr_t *)"
17299058763,17376,338623,137,2,1,24,2,1,44,0.001,0.001,,,,,NVIDIA A100-SXM4-40GB MIG 4g.20gb (0),1,,13,"void ch_est::chEstFilterNoDftSOfdmDispatchKernel<float, __half, float, (unsigned int)2>(ch_est::puschRxChEstStatDescr_t *, ch_est::puschRxChEstDynDescr_t *)"
17299336424,20096,338624,137,2,1,24,2,1,44,0.001,0.001,,,,,NVIDIA A100-SXM4-40GB MIG 4g.20gb (0),1,,13,"void ch_est::chEstFilterNoDftSOfdmDispatchKernel<float, __half, float, (unsigned int)2>(ch_est::puschRxChEstStatDescr_t *, ch_est::puschRxChEstDynDescr_t *)"
17299501350,7200,338635,103,1,1,128,1,1,16,0.000,0.000,,,,,NVIDIA A100-SXM4-40GB MIG 4g.20gb (0),1,,13,cupy_copy__complex64_complex64
17299744739,19488,338645,1434,1,1,128,1,1,16,0.000,0.000,,,,,NVIDIA A100-SXM4-40GB MIG 4g.20gb (0),1,,13,cupy_copy__complex64_complex64
17299972673,4736,338652,103,1,1,128,1,1,16,0.000,0.000,,,,,NVIDIA A100-SXM4-40GB MIG 4g.20gb (0),1,,13,cupy_copy__complex64_complex64
17300119711,362012,338659,1,1,1,32,32,1,30,0.000,0.000,,,,,NVIDIA A100-SXM4-40GB MIG 4g.20gb (0),1,,13,"void convert_kernel<__half2, float2>(tensor_layout_any, T1 *, tensor_layout_any, const T2 *)"
17300515579,8672,338662,,,,,,,,,,0.094,10804.367,Pinned,Device,NVIDIA A100-SXM4-40GB MIG 4g.20gb (0),1,,13,[CUDA memcpy Host-to-Device]
17300774392,50367,338663,,,,,,,,,,35.810,710970.152,Device,,NVIDIA A100-SXM4-40GB MIG 4g.20gb (0),1,,13,[CUDA memset]
17300829463,3680,338665,,,,,,,,,,0.000,21.739,Pinned,Device,NVIDIA A100-SXM4-40GB MIG 4g.20gb (0),1,,13,[CUDA memcpy Host-to-Device]
17300839543,9760,338666,,,,,,,,,,0.197,20144.259,Pinned,Device,NVIDIA A100-SXM4-40GB MIG 4g.20gb (0),1,,13,[CUDA memcpy Host-to-Device]
17301085396,29952,338667,273,1,1,48,1,1,40,0.000,0.001,,,,,NVIDIA A100-SXM4-40GB MIG 4g.20gb (0),1,,13,"void pusch_noise_intf_est::noiseIntfEstNoDftSOfdmKernel<float, __half, float, float, (unsigned int)2, (unsigned int)1, (unsigned char)4, (unsigned char)4>(pusch_noise_intf_est::puschRxNoiseIntfEstDynDescr)"
17301356721,5088,338678,35,1,1,128,1,1,16,0.000,0.000,,,,,NVIDIA A100-SXM4-40GB MIG 4g.20gb (0),1,,13,cupy_copy__complex64_complex64
17301501648,6207,338687,1,1,1,1,1,1,18,0.000,0.000,,,,,NVIDIA A100-SXM4-40GB MIG 4g.20gb (0),1,,13,cupy_copy__float32_float32
17301511759,5792,338693,,,,,,,,,,0.000,0.691,Device,Pageable,NVIDIA A100-SXM4-40GB MIG 4g.20gb (0),1,,7,[CUDA memcpy Device-to-Host]
17301616910,20480,338704,1434,1,1,128,1,1,16,0.000,0.000,,,,,NVIDIA A100-SXM4-40GB MIG 4g.20gb (0),1,,13,cupy_copy__complex64_complex64
17301677646,5728,338711,103,1,1,128,1,1,16,0.000,0.000,,,,,NVIDIA A100-SXM4-40GB MIG 4g.20gb (0),1,,13,cupy_copy__complex64_complex64
17301732813,4544,338718,35,1,1,128,1,1,16,0.000,0.000,,,,,NVIDIA A100-SXM4-40GB MIG 4g.20gb (0),1,,13,cupy_copy__complex64_complex64
17301785420,3104,338725,1,1,1,1,1,1,18,0.000,0.000,,,,,NVIDIA A100-SXM4-40GB MIG 4g.20gb (0),1,,13,cupy_copy__float32_float32
17301790092,223454,338736,1,1,1,32,32,1,30,0.000,0.000,,,,,NVIDIA A100-SXM4-40GB MIG 4g.20gb (0),1,,13,"void convert_kernel<__half2, float2>(tensor_layout_any, T1 *, tensor_layout_any, const T2 *)"
17302042633,5536,338739,,,,,,,,,,0.094,16924.777,Pinned,Device,NVIDIA A100-SXM4-40GB MIG 4g.20gb (0),1,,13,[CUDA memcpy Host-to-Device]
17302067977,5216,338740,,,,,,,,,,1.547,296514.113,Device,,NVIDIA A100-SXM4-40GB MIG 4g.20gb (0),1,,13,[CUDA memset]
17302078857,3456,338745,,,,,,,,,,0.031,9055.529,Pinned,Device,NVIDIA A100-SXM4-40GB MIG 4g.20gb (0),1,,13,[CUDA memcpy Host-to-Device]
17302084745,10368,338746,,,,,,,,,,0.197,18962.842,Pinned,Device,NVIDIA A100-SXM4-40GB MIG 4g.20gb (0),1,,13,[CUDA memcpy Host-to-Device]
17302116553,11936,338747,273,1,1,8,4,1,39,0.002,0.000,,,,,NVIDIA A100-SXM4-40GB MIG 4g.20gb (0),1,,13,"void channel_eq::eqMmseCoefCompLowMimoKernel<float, float, float, (unsigned int)4, (unsigned int)1, (unsigned int)4>(const channel_eq::_puschRxChEqStatDescr *, channel_eq::_puschRxChEqCoefCompDynDescr)"
17302172904,8448,338748,273,1,1,12,11,1,51,0.002,0.000,,,,,NVIDIA A100-SXM4-40GB MIG 4g.20gb (0),1,,13,"void channel_eq::eqMmseSoftDemapKernel<float, __half, __half, float, (unsigned int)4, (unsigned short)16383>(channel_eq::_puschRxChEqStatDescr *, channel_eq::_puschRxChEqSoftDemapDynDescr)"
17302221735,603546,338749,1,1,1,32,32,1,30,0.000,0.000,,,,,NVIDIA A100-SXM4-40GB MIG 4g.20gb (0),1,,13,"void convert_kernel<float2, __half2>(tensor_layout_any, T1 *, tensor_layout_any, const T2 *)"
17302837313,13279,338761,2253,1,1,128,1,1,16,0.000,0.000,,,,,NVIDIA A100-SXM4-40GB MIG 4g.20gb (0),1,,13,cupy_copy__float16_float16
17302892256,9216,338770,282,1,1,128,1,1,16,0.000,0.000,,,,,NVIDIA A100-SXM4-40GB MIG 4g.20gb (0),1,,13,cupy_copy__complex64_complex64
17302983295,6784,338779,26,1,1,128,1,1,16,0.000,0.000,,,,,NVIDIA A100-SXM4-40GB MIG 4g.20gb (0),1,,13,cupy_copy__float32_float32
17303326235,8288,338788,103,1,1,128,1,1,16,0.000,0.000,,,,,NVIDIA A100-SXM4-40GB MIG 4g.20gb (0),1,,13,cupy_copy__complex64_complex64
17303405370,16064,338798,1434,1,1,128,1,1,16,0.000,0.000,,,,,NVIDIA A100-SXM4-40GB MIG 4g.20gb (0),1,,13,cupy_copy__complex64_complex64
17303758326,283837,338803,1,1,1,32,32,1,30,0.000,0.000,,,,,NVIDIA A100-SXM4-40GB MIG 4g.20gb (0),1,,13,"void convert_kernel<__half2, float2>(tensor_layout_any, T1 *, tensor_layout_any, const T2 *)"
17304072051,5600,338806,,,,,,,,,,0.094,16731.388,Pinned,Device,NVIDIA A100-SXM4-40GB MIG 4g.20gb (0),1,,13,[CUDA memcpy Host-to-Device]
17304327376,616697,338807,,,,,,,,,,456.561,740086.094,Device,,NVIDIA A100-SXM4-40GB MIG 4g.20gb (0),1,,13,[CUDA memset]
17304956329,62111,338812,,,,,,,,,,1.235,19882.598,Pinned,Device,NVIDIA A100-SXM4-40GB MIG 4g.20gb (0),1,,13,[CUDA memcpy Host-to-Device]
17305021224,9696,338813,,,,,,,,,,0.197,20277.166,Pinned,Device,NVIDIA A100-SXM4-40GB MIG 4g.20gb (0),1,,13,[CUDA memcpy Host-to-Device]
17305422532,13983,338814,69,4,1,48,1,1,76,0.002,0.000,,,,,NVIDIA A100-SXM4-40GB MIG 4g.20gb (0),1,,13,"void ch_est::windowedChEstPreNoDftSOfdmKernel<float, __half, float, (unsigned int)2, (unsigned int)1, (unsigned short)4>(ch_est::puschRxChEstStatDescr_t *, ch_est::puschRxChEstDynDescr_t *)"
17305923806,13248,338815,137,2,1,24,2,1,44,0.001,0.001,,,,,NVIDIA A100-SXM4-40GB MIG 4g.20gb (0),1,,13,"void ch_est::chEstFilterNoDftSOfdmDispatchKernel<float, __half, float, (unsigned int)2>(ch_est::puschRxChEstStatDescr_t *, ch_est::puschRxChEstDynDescr_t *)"
17306396793,13727,338816,137,2,1,24,2,1,44,0.001,0.001,,,,,NVIDIA A100-SXM4-40GB MIG 4g.20gb (0),1,,13,"void ch_est::chEstFilterNoDftSOfdmDispatchKernel<float, __half, float, (unsigned int)2>(ch_est::puschRxChEstStatDescr_t *, ch_est::puschRxChEstDynDescr_t *)"
17306821460,7072,338827,103,1,1,128,1,1,16,0.000,0.000,,,,,NVIDIA A100-SXM4-40GB MIG 4g.20gb (0),1,,13,cupy_copy__complex64_complex64
17307251535,24288,338837,1434,1,1,128,1,1,16,0.000,0.000,,,,,NVIDIA A100-SXM4-40GB MIG 4g.20gb (0),1,,13,cupy_copy__complex64_complex64
17307420269,7136,338844,103,1,1,128,1,1,16,0.000,0.000,,,,,NVIDIA A100-SXM4-40GB MIG 4g.20gb (0),1,,13,cupy_copy__complex64_complex64
17307855272,311709,338851,1,1,1,32,32,1,30,0.000,0.000,,,,,NVIDIA A100-SXM4-40GB MIG 4g.20gb (0),1,,13,"void convert_kernel<__half2, float2>(tensor_layout_any, T1 *, tensor_layout_any, const T2 *)"
17308196484,6240,338854,,,,,,,,,,0.094,15015.346,Pinned,Device,NVIDIA A100-SXM4-40GB MIG 4g.20gb (0),1,,13,[CUDA memcpy Host-to-Device]
17308434050,60991,338855,,,,,,,,,,35.810,587103.638,Device,,NVIDIA A100-SXM4-40GB MIG 4g.20gb (0),1,,13,[CUDA memset]
17308496929,9888,338857,,,,,,,,,,0.000,8.091,Pinned,Device,NVIDIA A100-SXM4-40GB MIG 4g.20gb (0),1,,13,[CUDA memcpy Host-to-Device]
17308509249,10080,338858,,,,,,,,,,0.197,19504.693,Pinned,Device,NVIDIA A100-SXM4-40GB MIG 4g.20gb (0),1,,13,[CUDA memcpy Host-to-Device]
17308626720,37023,338859,273,1,1,48,1,1,40,0.000,0.001,,,,,NVIDIA A100-SXM4-40GB MIG 4g.20gb (0),1,,13,"void pusch_noise_intf_est::noiseIntfEstNoDftSOfdmKernel<float, __half, float, float, (unsigned int)2, (unsigned int)1, (unsigned char)4, (unsigned char)4>(pusch_noise_intf_est::puschRxNoiseIntfEstDynDescr)"
17308758270,9024,338870,35,1,1,128,1,1,16,0.000,0.000,,,,,NVIDIA A100-SXM4-40GB MIG 4g.20gb (0),1,,13,cupy_copy__complex64_complex64
17308859997,4800,338879,1,1,1,1,1,1,18,0.000,0.000,,,,,NVIDIA A100-SXM4-40GB MIG 4g.20gb (0),1,,13,cupy_copy__float32_float32
17308868509,1664,338885,,,,,,,,,,0.000,2.404,Device,Pageable,NVIDIA A100-SXM4-40GB MIG 4g.20gb (0),1,,7,[CUDA memcpy Device-to-Host]
17308997275,20416,338896,1434,1,1,128,1,1,16,0.000,0.000,,,,,NVIDIA A100-SXM4-40GB MIG 4g.20gb (0),1,,13,cupy_copy__complex64_complex64
17309060347,6496,338903,103,1,1,128,1,1,16,0.000,0.000,,,,,NVIDIA A100-SXM4-40GB MIG 4g.20gb (0),1,,13,cupy_copy__complex64_complex64
17309099578,12672,338910,35,1,1,128,1,1,16,0.000,0.000,,,,,NVIDIA A100-SXM4-40GB MIG 4g.20gb (0),1,,13,cupy_copy__complex64_complex64
17309114298,2336,338917,1,1,1,1,1,1,18,0.000,0.000,,,,,NVIDIA A100-SXM4-40GB MIG 4g.20gb (0),1,,13,cupy_copy__float32_float32
17309164345,261630,338928,1,1,1,32,32,1,30,0.000,0.000,,,,,NVIDIA A100-SXM4-40GB MIG 4g.20gb (0),1,,13,"void convert_kernel<__half2, float2>(tensor_layout_any, T1 *, tensor_layout_any, const T2 *)"
17309454902,5408,338931,,,,,,,,,,0.094,17325.421,Pinned,Device,NVIDIA A100-SXM4-40GB MIG 4g.20gb (0),1,,13,[CUDA memcpy Host-to-Device]
17309484662,4800,338932,,,,,,,,,,1.547,322212.818,Device,,NVIDIA A100-SXM4-40GB MIG 4g.20gb (0),1,,13,[CUDA memset]
17309496214,3168,338937,,,,,,,,,,0.031,9878.770,Pinned,Device,NVIDIA A100-SXM4-40GB MIG 4g.20gb (0),1,,13,[CUDA memcpy Host-to-Device]
17309501782,12288,338938,,,,,,,,,,0.197,15999.959,Pinned,Device,NVIDIA A100-SXM4-40GB MIG 4g.20gb (0),1,,13,[CUDA memcpy Host-to-Device]
17309530613,14816,338939,273,1,1,8,4,1,39,0.002,0.000,,,,,NVIDIA A100-SXM4-40GB MIG 4g.20gb (0),1,,13,"void channel_eq::eqMmseCoefCompLowMimoKernel<float, float, float, (unsigned int)4, (unsigned int)1, (unsigned int)4>(const channel_eq::_puschRxChEqStatDescr *, channel_eq::_puschRxChEqCoefCompDynDescr)"
17309599541,9247,338940,273,1,1,12,11,1,51,0.002,0.000,,,,,NVIDIA A100-SXM4-40GB MIG 4g.20gb (0),1,,13,"void channel_eq::eqMmseSoftDemapKernel<float, __half, __half, float, (unsigned int)4, (unsigned short)16383>(channel_eq::_puschRxChEqStatDescr *, channel_eq::_puschRxChEqSoftDemapDynDescr)"
17309647252,657497,338941,1,1,1,32,32,1,30,0.000,0.000,,,,,NVIDIA A100-SXM4-40GB MIG 4g.20gb (0),1,,13,"void convert_kernel<float2, __half2>(tensor_layout_any, T1 *, tensor_layout_any, const T2 *)"
17310401804,18367,338953,2253,1,1,128,1,1,16,0.000,0.000,,,,,NVIDIA A100-SXM4-40GB MIG 4g.20gb (0),1,,13,cupy_copy__float16_float16
17310964037,14944,338962,282,1,1,128,1,1,16,0.000,0.000,,,,,NVIDIA A100-SXM4-40GB MIG 4g.20gb (0),1,,13,cupy_copy__complex64_complex64
17311058948,5248,338971,26,1,1,128,1,1,16,0.000,0.000,,,,,NVIDIA A100-SXM4-40GB MIG 4g.20gb (0),1,,13,cupy_copy__float32_float32
17311697373,5248,338980,103,1,1,128,1,1,16,0.000,0.000,,,,,NVIDIA A100-SXM4-40GB MIG 4g.20gb (0),1,,13,cupy_copy__complex64_complex64
17312292630,27456,338990,1434,1,1,128,1,1,16,0.000,0.000,,,,,NVIDIA A100-SXM4-40GB MIG 4g.20gb (0),1,,13,cupy_copy__complex64_complex64
17312492852,254077,338995,1,1,1,32,32,1,30,0.000,0.000,,,,,NVIDIA A100-SXM4-40GB MIG 4g.20gb (0),1,,13,"void convert_kernel<__half2, float2>(tensor_layout_any, T1 *, tensor_layout_any, const T2 *)"
17312776209,9504,338998,,,,,,,,,,0.094,9858.506,Pinned,Device,NVIDIA A100-SXM4-40GB MIG 4g.20gb (0),1,,13,[CUDA memcpy Host-to-Device]
17313227980,604985,338999,,,,,,,,,,456.561,754239.499,Device,,NVIDIA A100-SXM4-40GB MIG 4g.20gb (0),1,,13,[CUDA memset]
17313836869,62367,339004,,,,,,,,,,1.235,19801.092,Pinned,Device,NVIDIA A100-SXM4-40GB MIG 4g.20gb (0),1,,13,[CUDA memcpy Host-to-Device]
17313903332,9920,339005,,,,,,,,,,0.197,19819.266,Pinned,Device,NVIDIA A100-SXM4-40GB MIG 4g.20gb (0),1,,13,[CUDA memcpy Host-to-Device]
17314566333,11040,339006,69,4,1,48,1,1,76,0.002,0.000,,,,,NVIDIA A100-SXM4-40GB MIG 4g.20gb (0),1,,13,"void ch_est::windowedChEstPreNoDftSOfdmKernel<float, __half, float, (unsigned int)2, (unsigned int)1, (unsigned short)4>(ch_est::puschRxChEstStatDescr_t *, ch_est::puschRxChEstDynDescr_t *)"
17315309460,11392,339007,137,2,1,24,2,1,44,0.001,0.001,,,,,NVIDIA A100-SXM4-40GB MIG 4g.20gb (0),1,,13,"void ch_est::chEstFilterNoDftSOfdmDispatchKernel<float, __half, float, (unsigned int)2>(ch_est::puschRxChEstStatDescr_t *, ch_est::puschRxChEstDynDescr_t *)"
17316050380,10304,339008,137,2,1,24,2,1,44,0.001,0.001,,,,,NVIDIA A100-SXM4-40GB MIG 4g.20gb (0),1,,13,"void ch_est::chEstFilterNoDftSOfdmDispatchKernel<float, __half, float, (unsigned int)2>(ch_est::puschRxChEstStatDescr_t *, ch_est::puschRxChEstDynDescr_t *)"
17316787492,4864,339019,103,1,1,128,1,1,16,0.000,0.000,,,,,NVIDIA A100-SXM4-40GB MIG 4g.20gb (0),1,,13,cupy_copy__complex64_complex64
17317392221,24160,339029,1434,1,1,128,1,1,16,0.000,0.000,,,,,NVIDIA A100-SXM4-40GB MIG 4g.20gb (0),1,,13,cupy_copy__complex64_complex64
17317566523,7648,339036,103,1,1,128,1,1,16,0.000,0.000,,,,,NVIDIA A100-SXM4-40GB MIG 4g.20gb (0),1,,13,cupy_copy__complex64_complex64
17317710809,316637,339043,1,1,1,32,32,1,30,0.000,0.000,,,,,NVIDIA A100-SXM4-40GB MIG 4g.20gb (0),1,,13,"void convert_kernel<__half2, float2>(tensor_layout_any, T1 *, tensor_layout_any, const T2 *)"
17318056886,7839,339046,,,,,,,,,,0.094,11952.518,Pinned,Device,NVIDIA A100-SXM4-40GB MIG 4g.20gb (0),1,,13,[CUDA memcpy Host-to-Device]
17318084629,56096,339047,,,,,,,,,,35.810,638347.634,Device,,NVIDIA A100-SXM4-40GB MIG 4g.20gb (0),1,,13,[CUDA memset]
17318148597,6207,339049,,,,,,,,,,0.000,12.889,Pinned,Device,NVIDIA A100-SXM4-40GB MIG 4g.20gb (0),1,,13,[CUDA memcpy Host-to-Device]
17318157236,16224,339050,,,,,,,,,,0.197,12118.327,Pinned,Device,NVIDIA A100-SXM4-40GB MIG 4g.20gb (0),1,,13,[CUDA memcpy Host-to-Device]
17318184724,24736,339051,273,1,1,48,1,1,40,0.000,0.001,,,,,NVIDIA A100-SXM4-40GB MIG 4g.20gb (0),1,,13,"void pusch_noise_intf_est::noiseIntfEstNoDftSOfdmKernel<float, __half, float, float, (unsigned int)2, (unsigned int)1, (unsigned char)4, (unsigned char)4>(pusch_noise_intf_est::puschRxNoiseIntfEstDynDescr)"
17318240980,5695,339062,35,1,1,128,1,1,16,0.000,0.000,,,,,NVIDIA A100-SXM4-40GB MIG 4g.20gb (0),1,,13,cupy_copy__complex64_complex64
17318280659,4288,339071,1,1,1,1,1,1,18,0.000,0.000,,,,,NVIDIA A100-SXM4-40GB MIG 4g.20gb (0),1,,13,cupy_copy__float32_float32
17318290195,1888,339077,,,,,,,,,,0.000,2.119,Device,Pageable,NVIDIA A100-SXM4-40GB MIG 4g.20gb (0),1,,7,[CUDA memcpy Device-to-Host]
17318387730,14496,339088,1434,1,1,128,1,1,16,0.000,0.000,,,,,NVIDIA A100-SXM4-40GB MIG 4g.20gb (0),1,,13,cupy_copy__complex64_complex64
17318444017,8672,339095,103,1,1,128,1,1,16,0.000,0.000,,,,,NVIDIA A100-SXM4-40GB MIG 4g.20gb (0),1,,13,cupy_copy__complex64_complex64
17318481361,15520,339102,35,1,1,128,1,1,16,0.000,0.000,,,,,NVIDIA A100-SXM4-40GB MIG 4g.20gb (0),1,,13,cupy_copy__complex64_complex64
17318501393,2592,339109,1,1,1,1,1,1,18,0.000,0.000,,,,,NVIDIA A100-SXM4-40GB MIG 4g.20gb (0),1,,13,cupy_copy__float32_float32
17318589808,257437,339120,1,1,1,32,32,1,30,0.000,0.000,,,,,NVIDIA A100-SXM4-40GB MIG 4g.20gb (0),1,,13,"void convert_kernel<__half2, float2>(tensor_layout_any, T1 *, tensor_layout_any, const T2 *)"
17318875276,6752,339123,,,,,,,,,,0.094,13876.752,Pinned,Device,NVIDIA A100-SXM4-40GB MIG 4g.20gb (0),1,,13,[CUDA memcpy Host-to-Device]
17318908652,4928,339124,,,,,,,,,,1.547,313844.035,Device,,NVIDIA A100-SXM4-40GB MIG 4g.20gb (0),1,,13,[CUDA memset]
17318919532,6784,339129,,,,,,,,,,0.031,4613.187,Pinned,Device,NVIDIA A100-SXM4-40GB MIG 4g.20gb (0),1,,13,[CUDA memcpy Host-to-Device]
17318933164,15552,339130,,,,,,,,,,0.197,12641.894,Pinned,Device,NVIDIA A100-SXM4-40GB MIG 4g.20gb (0),1,,13,[CUDA memcpy Host-to-Device]
17318961291,10272,339131,273,1,1,8,4,1,39,0.002,0.000,,,,,NVIDIA A100-SXM4-40GB MIG 4g.20gb (0),1,,13,"void channel_eq::eqMmseCoefCompLowMimoKernel<float, float, float, (unsigned int)4, (unsigned int)1, (unsigned int)4>(const channel_eq::_puschRxChEqStatDescr *, channel_eq::_puschRxChEqCoefCompDynDescr)"
17319000843,26848,339132,273,1,1,12,11,1,51,0.002,0.000,,,,,NVIDIA A100-SXM4-40GB MIG 4g.20gb (0),1,,13,"void channel_eq::eqMmseSoftDemapKernel<float, __half, __half, float, (unsigned int)4, (unsigned short)16383>(channel_eq::_puschRxChEqStatDescr *, channel_eq::_puschRxChEqSoftDemapDynDescr)"
17319074506,679097,339133,1,1,1,32,32,1,30,0.000,0.000,,,,,NVIDIA A100-SXM4-40GB MIG 4g.20gb (0),1,,13,"void convert_kernel<float2, __half2>(tensor_layout_any, T1 *, tensor_layout_any, const T2 *)"
17320008448,21855,339145,2253,1,1,128,1,1,16,0.000,0.000,,,,,NVIDIA A100-SXM4-40GB MIG 4g.20gb (0),1,,13,cupy_copy__float16_float16
17320217021,4768,339154,282,1,1,128,1,1,16,0.000,0.000,,,,,NVIDIA A100-SXM4-40GB MIG 4g.20gb (0),1,,13,cupy_copy__complex64_complex64
17320605689,3936,339163,26,1,1,128,1,1,16,0.000,0.000,,,,,NVIDIA A100-SXM4-40GB MIG 4g.20gb (0),1,,13,cupy_copy__float32_float32
17320847638,8960,339172,103,1,1,128,1,1,16,0.000,0.000,,,,,NVIDIA A100-SXM4-40GB MIG 4g.20gb (0),1,,13,cupy_copy__complex64_complex64
17321056468,17728,339182,1434,1,1,128,1,1,16,0.000,0.000,,,,,NVIDIA A100-SXM4-40GB MIG 4g.20gb (0),1,,13,cupy_copy__complex64_complex64
17321312593,280797,339187,1,1,1,32,32,1,30,0.000,0.000,,,,,NVIDIA A100-SXM4-40GB MIG 4g.20gb (0),1,,13,"void convert_kernel<__half2, float2>(tensor_layout_any, T1 *, tensor_layout_any, const T2 *)"
17321623790,12831,339190,,,,,,,,,,0.094,7302.291,Pinned,Device,NVIDIA A100-SXM4-40GB MIG 4g.20gb (0),1,,13,[CUDA memcpy Host-to-Device]
17321839883,603737,339191,,,,,,,,,,456.561,756065.745,Device,,NVIDIA A100-SXM4-40GB MIG 4g.20gb (0),1,,13,[CUDA memset]
17322450660,63104,339196,,,,,,,,,,1.235,19568.923,Pinned,Device,NVIDIA A100-SXM4-40GB MIG 4g.20gb (0),1,,13,[CUDA memcpy Host-to-Device]
17322516451,9664,339197,,,,,,,,,,0.197,20344.209,Pinned,Device,NVIDIA A100-SXM4-40GB MIG 4g.20gb (0),1,,13,[CUDA memcpy Host-to-Device]
17322833184,12320,339198,69,4,1,48,1,1,76,0.002,0.000,,,,,NVIDIA A100-SXM4-40GB MIG 4g.20gb (0),1,,13,"void ch_est::windowedChEstPreNoDftSOfdmKernel<float, __half, float, (unsigned int)2, (unsigned int)1, (unsigned short)4>(ch_est::puschRxChEstStatDescr_t *, ch_est::puschRxChEstDynDescr_t *)"
17323226556,9343,339199,137,2,1,24,2,1,44,0.001,0.001,,,,,NVIDIA A100-SXM4-40GB MIG 4g.20gb (0),1,,13,"void ch_est::chEstFilterNoDftSOfdmDispatchKernel<float, __half, float, (unsigned int)2>(ch_est::puschRxChEstStatDescr_t *, ch_est::puschRxChEstDynDescr_t *)"
17323624471,9536,339200,137,2,1,24,2,1,44,0.001,0.001,,,,,NVIDIA A100-SXM4-40GB MIG 4g.20gb (0),1,,13,"void ch_est::chEstFilterNoDftSOfdmDispatchKernel<float, __half, float, (unsigned int)2>(ch_est::puschRxChEstStatDescr_t *, ch_est::puschRxChEstDynDescr_t *)"
17324011027,4320,339211,103,1,1,128,1,1,16,0.000,0.000,,,,,NVIDIA A100-SXM4-40GB MIG 4g.20gb (0),1,,13,cupy_copy__complex64_complex64
17324063090,22912,339221,1434,1,1,128,1,1,16,0.000,0.000,,,,,NVIDIA A100-SXM4-40GB MIG 4g.20gb (0),1,,13,cupy_copy__complex64_complex64
17324246896,7648,339228,103,1,1,128,1,1,16,0.000,0.000,,,,,NVIDIA A100-SXM4-40GB MIG 4g.20gb (0),1,,13,cupy_copy__complex64_complex64
17324263152,270973,339235,1,1,1,32,32,1,30,0.000,0.000,,,,,NVIDIA A100-SXM4-40GB MIG 4g.20gb (0),1,,13,"void convert_kernel<__half2, float2>(tensor_layout_any, T1 *, tensor_layout_any, const T2 *)"
17324566764,5696,339238,,,,,,,,,,0.094,16449.363,Pinned,Device,NVIDIA A100-SXM4-40GB MIG 4g.20gb (0),1,,13,[CUDA memcpy Host-to-Device]
17324590252,55296,339239,,,,,,,,,,35.810,647586.593,Device,,NVIDIA A100-SXM4-40GB MIG 4g.20gb (0),1,,13,[CUDA memset]
17324653291,1920,339241,,,,,,,,,,0.000,41.667,Pinned,Device,NVIDIA A100-SXM4-40GB MIG 4g.20gb (0),1,,13,[CUDA memcpy Host-to-Device]
17324657643,9440,339242,,,,,,,,,,0.197,20827.079,Pinned,Device,NVIDIA A100-SXM4-40GB MIG 4g.20gb (0),1,,13,[CUDA memcpy Host-to-Device]
17324689003,16320,339243,273,1,1,48,1,1,40,0.000,0.001,,,,,NVIDIA A100-SXM4-40GB MIG 4g.20gb (0),1,,13,"void pusch_noise_intf_est::noiseIntfEstNoDftSOfdmKernel<float, __half, float, float, (unsigned int)2, (unsigned int)1, (unsigned char)4, (unsigned char)4>(pusch_noise_intf_est::puschRxNoiseIntfEstDynDescr)"
17324749674,12512,339254,35,1,1,128,1,1,16,0.000,0.000,,,,,NVIDIA A100-SXM4-40GB MIG 4g.20gb (0),1,,13,cupy_copy__complex64_complex64
17324770090,5664,339263,1,1,1,1,1,1,18,0.000,0.000,,,,,NVIDIA A100-SXM4-40GB MIG 4g.20gb (0),1,,13,cupy_copy__float32_float32
17324775434,1856,339269,,,,,,,,,,0.000,2.155,Device,Pageable,NVIDIA A100-SXM4-40GB MIG 4g.20gb (0),1,,7,[CUDA memcpy Device-to-Host]
17324848905,14688,339280,1434,1,1,128,1,1,16,0.000,0.000,,,,,NVIDIA A100-SXM4-40GB MIG 4g.20gb (0),1,,13,cupy_copy__complex64_complex64
17324865097,2688,339287,103,1,1,128,1,1,16,0.000,0.000,,,,,NVIDIA A100-SXM4-40GB MIG 4g.20gb (0),1,,13,cupy_copy__complex64_complex64
17324905449,10976,339294,35,1,1,128,1,1,16,0.000,0.000,,,,,NVIDIA A100-SXM4-40GB MIG 4g.20gb (0),1,,13,cupy_copy__complex64_complex64
17324918248,2048,339301,1,1,1,1,1,1,18,0.000,0.000,,,,,NVIDIA A100-SXM4-40GB MIG 4g.20gb (0),1,,13,cupy_copy__float32_float32
17325043239,116127,339312,1,1,1,32,32,1,30,0.000,0.000,,,,,NVIDIA A100-SXM4-40GB MIG 4g.20gb (0),1,,13,"void convert_kernel<__half2, float2>(tensor_layout_any, T1 *, tensor_layout_any, const T2 *)"
17325187461,5376,339315,,,,,,,,,,0.094,17428.487,Pinned,Device,NVIDIA A100-SXM4-40GB MIG 4g.20gb (0),1,,13,[CUDA memcpy Host-to-Device]
17325201765,6496,339316,,,,,,,,,,1.547,238087.299,Device,,NVIDIA A100-SXM4-40GB MIG 4g.20gb (0),1,,13,[CUDA memset]
17325216261,3008,339321,,,,,,,,,,0.031,10404.230,Pinned,Device,NVIDIA A100-SXM4-40GB MIG 4g.20gb (0),1,,13,[CUDA memcpy Host-to-Device]
17325221381,9504,339322,,,,,,,,,,0.197,20686.701,Pinned,Device,NVIDIA A100-SXM4-40GB MIG 4g.20gb (0),1,,13,[CUDA memcpy Host-to-Device]
17325236933,24800,339323,273,1,1,8,4,1,39,0.002,0.000,,,,,NVIDIA A100-SXM4-40GB MIG 4g.20gb (0),1,,13,"void channel_eq::eqMmseCoefCompLowMimoKernel<float, float, float, (unsigned int)4, (unsigned int)1, (unsigned int)4>(const channel_eq::_puschRxChEqStatDescr *, channel_eq::_puschRxChEqCoefCompDynDescr)"
17325264133,8128,339324,273,1,1,12,11,1,51,0.002,0.000,,,,,NVIDIA A100-SXM4-40GB MIG 4g.20gb (0),1,,13,"void channel_eq::eqMmseSoftDemapKernel<float, __half, __half, float, (unsigned int)4, (unsigned short)16383>(channel_eq::_puschRxChEqStatDescr *, channel_eq::_puschRxChEqSoftDemapDynDescr)"
17325299428,498043,339325,1,1,1,32,32,1,30,0.000,0.000,,,,,NVIDIA A100-SXM4-40GB MIG 4g.20gb (0),1,,13,"void convert_kernel<float2, __half2>(tensor_layout_any, T1 *, tensor_layout_any, const T2 *)"
17325810078,12800,339337,2253,1,1,128,1,1,16,0.000,0.000,,,,,NVIDIA A100-SXM4-40GB MIG 4g.20gb (0),1,,13,cupy_copy__float16_float16
17325864286,10080,339346,282,1,1,128,1,1,16,0.000,0.000,,,,,NVIDIA A100-SXM4-40GB MIG 4g.20gb (0),1,,13,cupy_copy__complex64_complex64
17325969597,8800,339355,26,1,1,128,1,1,16,0.000,0.000,,,,,NVIDIA A100-SXM4-40GB MIG 4g.20gb (0),1,,13,cupy_copy__float32_float32
17326196762,12352,339364,103,1,1,128,1,1,16,0.000,0.000,,,,,NVIDIA A100-SXM4-40GB MIG 4g.20gb (0),1,,13,cupy_copy__complex64_complex64
17326458743,20128,339374,1434,1,1,128,1,1,16,0.000,0.000,,,,,NVIDIA A100-SXM4-40GB MIG 4g.20gb (0),1,,13,cupy_copy__complex64_complex64
17326635253,297437,339379,1,1,1,32,32,1,30,0.000,0.000,,,,,NVIDIA A100-SXM4-40GB MIG 4g.20gb (0),1,,13,"void convert_kernel<__half2, float2>(tensor_layout_any, T1 *, tensor_layout_any, const T2 *)"
17326961010,8575,339382,,,,,,,,,,0.094,10926.640,Pinned,Device,NVIDIA A100-SXM4-40GB MIG 4g.20gb (0),1,,13,[CUDA memcpy Host-to-Device]
17327195023,614553,339383,,,,,,,,,,456.561,742825.463,Device,,NVIDIA A100-SXM4-40GB MIG 4g.20gb (0),1,,13,[CUDA memset]
17327811336,66879,339388,,,,,,,,,,1.235,18464.883,Pinned,Device,NVIDIA A100-SXM4-40GB MIG 4g.20gb (0),1,,13,[CUDA memcpy Host-to-Device]
17327884039,12928,339389,,,,,,,,,,0.197,15207.825,Pinned,Device,NVIDIA A100-SXM4-40GB MIG 4g.20gb (0),1,,13,[CUDA memcpy Host-to-Device]
17328222435,22528,339390,69,4,1,48,1,1,76,0.002,0.000,,,,,NVIDIA A100-SXM4-40GB MIG 4g.20gb (0),1,,13,"void ch_est::windowedChEstPreNoDftSOfdmKernel<float, __half, float, (unsigned int)2, (unsigned int)1, (unsigned short)4>(ch_est::puschRxChEstStatDescr_t *, ch_est::puschRxChEstDynDescr_t *)"
17328569407,26048,339391,137,2,1,24,2,1,44,0.001,0.001,,,,,NVIDIA A100-SXM4-40GB MIG 4g.20gb (0),1,,13,"void ch_est::chEstFilterNoDftSOfdmDispatchKernel<float, __half, float, (unsigned int)2>(ch_est::puschRxChEstStatDescr_t *, ch_est::puschRxChEstDynDescr_t *)"
17328875708,28512,339392,137,2,1,24,2,1,44,0.001,0.001,,,,,NVIDIA A100-SXM4-40GB MIG 4g.20gb (0),1,,13,"void ch_est::chEstFilterNoDftSOfdmDispatchKernel<float, __half, float, (unsigned int)2>(ch_est::puschRxChEstStatDescr_t *, ch_est::puschRxChEstDynDescr_t *)"
17329046074,6112,339403,103,1,1,128,1,1,16,0.000,0.000,,,,,NVIDIA A100-SXM4-40GB MIG 4g.20gb (0),1,,13,cupy_copy__complex64_complex64
17329375478,20544,339413,1434,1,1,128,1,1,16,0.000,0.000,,,,,NVIDIA A100-SXM4-40GB MIG 4g.20gb (0),1,,13,cupy_copy__complex64_complex64
17329625524,9280,339420,103,1,1,128,1,1,16,0.000,0.000,,,,,NVIDIA A100-SXM4-40GB MIG 4g.20gb (0),1,,13,cupy_copy__complex64_complex64
17329925584,292957,339427,1,1,1,32,32,1,30,0.000,0.000,,,,,NVIDIA A100-SXM4-40GB MIG 4g.20gb (0),1,,13,"void convert_kernel<__half2, float2>(tensor_layout_any, T1 *, tensor_layout_any, const T2 *)"
17330247597,5376,339430,,,,,,,,,,0.094,17428.487,Pinned,Device,NVIDIA A100-SXM4-40GB MIG 4g.20gb (0),1,,13,[CUDA memcpy Host-to-Device]
17330285420,53184,339431,,,,,,,,,,35.810,673298.116,Device,,NVIDIA A100-SXM4-40GB MIG 4g.20gb (0),1,,13,[CUDA memset]
17330343564,2944,339433,,,,,,,,,,0.000,27.174,Pinned,Device,NVIDIA A100-SXM4-40GB MIG 4g.20gb (0),1,,13,[CUDA memcpy Host-to-Device]
17330348907,10112,339434,,,,,,,,,,0.197,19442.958,Pinned,Device,NVIDIA A100-SXM4-40GB MIG 4g.20gb (0),1,,13,[CUDA memcpy Host-to-Device]
17330383659,14080,339435,273,1,1,48,1,1,40,0.000,0.001,,,,,NVIDIA A100-SXM4-40GB MIG 4g.20gb (0),1,,13,"void pusch_noise_intf_est::noiseIntfEstNoDftSOfdmKernel<float, __half, float, float, (unsigned int)2, (unsigned int)1, (unsigned char)4, (unsigned char)4>(pusch_noise_intf_est::puschRxNoiseIntfEstDynDescr)"
17330440074,5984,339446,35,1,1,128,1,1,16,0.000,0.000,,,,,NVIDIA A100-SXM4-40GB MIG 4g.20gb (0),1,,13,cupy_copy__complex64_complex64
17330492074,2944,339455,1,1,1,1,1,1,18,0.000,0.000,,,,,NVIDIA A100-SXM4-40GB MIG 4g.20gb (0),1,,13,cupy_copy__float32_float32
17330497162,1600,339461,,,,,,,,,,0.000,2.500,Device,Pageable,NVIDIA A100-SXM4-40GB MIG 4g.20gb (0),1,,7,[CUDA memcpy Device-to-Host]
17330583497,13344,339472,1434,1,1,128,1,1,16,0.000,0.000,,,,,NVIDIA A100-SXM4-40GB MIG 4g.20gb (0),1,,13,cupy_copy__complex64_complex64
17330638312,6944,339479,103,1,1,128,1,1,16,0.000,0.000,,,,,NVIDIA A100-SXM4-40GB MIG 4g.20gb (0),1,,13,cupy_copy__complex64_complex64
17330689096,4672,339486,35,1,1,128,1,1,16,0.000,0.000,,,,,NVIDIA A100-SXM4-40GB MIG 4g.20gb (0),1,,13,cupy_copy__complex64_complex64
17330729895,7360,339493,1,1,1,1,1,1,18,0.000,0.000,,,,,NVIDIA A100-SXM4-40GB MIG 4g.20gb (0),1,,13,cupy_copy__float32_float32
17330790887,262301,339504,1,1,1,32,32,1,30,0.000,0.000,,,,,NVIDIA A100-SXM4-40GB MIG 4g.20gb (0),1,,13,"void convert_kernel<__half2, float2>(tensor_layout_any, T1 *, tensor_layout_any, const T2 *)"
17331081187,5440,339507,,,,,,,,,,0.094,17223.480,Pinned,Device,NVIDIA A100-SXM4-40GB MIG 4g.20gb (0),1,,13,[CUDA memcpy Host-to-Device]
17331120611,4448,339508,,,,,,,,,,1.547,347712.008,Device,,NVIDIA A100-SXM4-40GB MIG 4g.20gb (0),1,,13,[CUDA memset]
17331132035,3328,339513,,,,,,,,,,0.031,9403.822,Pinned,Device,NVIDIA A100-SXM4-40GB MIG 4g.20gb (0),1,,13,[CUDA memcpy Host-to-Device]
17331137795,9888,339514,,,,,,,,,,0.197,19883.360,Pinned,Device,NVIDIA A100-SXM4-40GB MIG 4g.20gb (0),1,,13,[CUDA memcpy Host-to-Device]
17331167586,15872,339515,273,1,1,8,4,1,39,0.002,0.000,,,,,NVIDIA A100-SXM4-40GB MIG 4g.20gb (0),1,,13,"void channel_eq::eqMmseCoefCompLowMimoKernel<float, float, float, (unsigned int)4, (unsigned int)1, (unsigned int)4>(const channel_eq::_puschRxChEqStatDescr *, channel_eq::_puschRxChEqCoefCompDynDescr)"
17331228674,9056,339516,273,1,1,12,11,1,51,0.002,0.000,,,,,NVIDIA A100-SXM4-40GB MIG 4g.20gb (0),1,,13,"void channel_eq::eqMmseSoftDemapKernel<float, __half, __half, float, (unsigned int)4, (unsigned short)16383>(channel_eq::_puschRxChEqStatDescr *, channel_eq::_puschRxChEqSoftDemapDynDescr)"
17331274017,596025,339517,1,1,1,32,32,1,30,0.000,0.000,,,,,NVIDIA A100-SXM4-40GB MIG 4g.20gb (0),1,,13,"void convert_kernel<float2, __half2>(tensor_layout_any, T1 *, tensor_layout_any, const T2 *)"
17331895546,14336,339529,2253,1,1,128,1,1,16,0.000,0.000,,,,,NVIDIA A100-SXM4-40GB MIG 4g.20gb (0),1,,13,cupy_copy__float16_float16
17331951097,5536,339538,282,1,1,128,1,1,16,0.000,0.000,,,,,NVIDIA A100-SXM4-40GB MIG 4g.20gb (0),1,,13,cupy_copy__complex64_complex64
17331998393,3968,339547,26,1,1,128,1,1,16,0.000,0.000,,,,,NVIDIA A100-SXM4-40GB MIG 4g.20gb (0),1,,13,cupy_copy__float32_float32
17332045208,6688,339556,103,1,1,128,1,1,16,0.000,0.000,,,,,NVIDIA A100-SXM4-40GB MIG 4g.20gb (0),1,,13,cupy_copy__complex64_complex64
17332091160,16736,339566,1434,1,1,128,1,1,16,0.000,0.000,,,,,NVIDIA A100-SXM4-40GB MIG 4g.20gb (0),1,,13,cupy_copy__complex64_complex64
17332111096,313244,339571,1,1,1,32,32,1,30,0.000,0.000,,,,,NVIDIA A100-SXM4-40GB MIG 4g.20gb (0),1,,13,"void convert_kernel<__half2, float2>(tensor_layout_any, T1 *, tensor_layout_any, const T2 *)"
17332452372,5376,339574,,,,,,,,,,0.094,17428.487,Pinned,Device,NVIDIA A100-SXM4-40GB MIG 4g.20gb (0),1,,13,[CUDA memcpy Host-to-Device]
17332529011,621817,339575,,,,,,,,,,456.561,734150.796,Device,,NVIDIA A100-SXM4-40GB MIG 4g.20gb (0),1,,13,[CUDA memset]
17333156460,56095,339580,,,,,,,,,,1.235,22014.112,Pinned,Device,NVIDIA A100-SXM4-40GB MIG 4g.20gb (0),1,,13,[CUDA memcpy Host-to-Device]
17333215467,9440,339581,,,,,,,,,,0.197,20827.079,Pinned,Device,NVIDIA A100-SXM4-40GB MIG 4g.20gb (0),1,,13,[CUDA memcpy Host-to-Device]
17333342186,15072,339582,69,4,1,48,1,1,76,0.002,0.000,,,,,NVIDIA A100-SXM4-40GB MIG 4g.20gb (0),1,,13,"void ch_est::windowedChEstPreNoDftSOfdmKernel<float, __half, float, (unsigned int)2, (unsigned int)1, (unsigned short)4>(ch_est::puschRxChEstStatDescr_t *, ch_est::puschRxChEstDynDescr_t *)"
17333581031,15136,339583,137,2,1,24,2,1,44,0.001,0.001,,,,,NVIDIA A100-SXM4-40GB MIG 4g.20gb (0),1,,13,"void ch_est::chEstFilterNoDftSOfdmDispatchKernel<float, __half, float, (unsigned int)2>(ch_est::puschRxChEstStatDescr_t *, ch_est::puschRxChEstDynDescr_t *)"
17333815141,11327,339584,137,2,1,24,2,1,44,0.001,0.001,,,,,NVIDIA A100-SXM4-40GB MIG 4g.20gb (0),1,,13,"void ch_est::chEstFilterNoDftSOfdmDispatchKernel<float, __half, float, (unsigned int)2>(ch_est::puschRxChEstStatDescr_t *, ch_est::puschRxChEstDynDescr_t *)"
17333953763,11232,339595,103,1,1,128,1,1,16,0.000,0.000,,,,,NVIDIA A100-SXM4-40GB MIG 4g.20gb (0),1,,13,cupy_copy__complex64_complex64
17334156833,18272,339605,1434,1,1,128,1,1,16,0.000,0.000,,,,,NVIDIA A100-SXM4-40GB MIG 4g.20gb (0),1,,13,cupy_copy__complex64_complex64
17334249472,9920,339612,103,1,1,128,1,1,16,0.000,0.000,,,,,NVIDIA A100-SXM4-40GB MIG 4g.20gb (0),1,,13,cupy_copy__complex64_complex64
17334393694,413083,339619,1,1,1,32,32,1,30,0.000,0.000,,,,,NVIDIA A100-SXM4-40GB MIG 4g.20gb (0),1,,13,"void convert_kernel<__half2, float2>(tensor_layout_any, T1 *, tensor_layout_any, const T2 *)"
17334835321,12608,339622,,,,,,,,,,0.094,7431.405,Pinned,Device,NVIDIA A100-SXM4-40GB MIG 4g.20gb (0),1,,13,[CUDA memcpy Host-to-Device]
17335030871,59423,339623,,,,,,,,,,35.810,602609.334,Device,,NVIDIA A100-SXM4-40GB MIG 4g.20gb (0),1,,13,[CUDA memset]
17335095798,5952,339625,,,,,,,,,,0.000,13.441,Pinned,Device,NVIDIA A100-SXM4-40GB MIG 4g.20gb (0),1,,13,[CUDA memcpy Host-to-Device]
17335105206,15264,339626,,,,,,,,,,0.197,12880.380,Pinned,Device,NVIDIA A100-SXM4-40GB MIG 4g.20gb (0),1,,13,[CUDA memcpy Host-to-Device]
17335220149,25023,339627,273,1,1,48,1,1,40,0.000,0.001,,,,,NVIDIA A100-SXM4-40GB MIG 4g.20gb (0),1,,13,"void pusch_noise_intf_est::noiseIntfEstNoDftSOfdmKernel<float, __half, float, float, (unsigned int)2, (unsigned int)1, (unsigned char)4, (unsigned char)4>(pusch_noise_intf_est::puschRxNoiseIntfEstDynDescr)"
17335322676,11231,339638,35,1,1,128,1,1,16,0.000,0.000,,,,,NVIDIA A100-SXM4-40GB MIG 4g.20gb (0),1,,13,cupy_copy__complex64_complex64
17335412627,3968,339647,1,1,1,1,1,1,18,0.000,0.000,,,,,NVIDIA A100-SXM4-40GB MIG 4g.20gb (0),1,,13,cupy_copy__float32_float32
17335430290,1856,339653,,,,,,,,,,0.000,2.155,Device,Pageable,NVIDIA A100-SXM4-40GB MIG 4g.20gb (0),1,,7,[CUDA memcpy Device-to-Host]
17335497618,16447,339664,1434,1,1,128,1,1,16,0.000,0.000,,,,,NVIDIA A100-SXM4-40GB MIG 4g.20gb (0),1,,13,cupy_copy__complex64_complex64
17335524337,7840,339671,103,1,1,128,1,1,16,0.000,0.000,,,,,NVIDIA A100-SXM4-40GB MIG 4g.20gb (0),1,,13,cupy_copy__complex64_complex64
17335542897,5696,339678,35,1,1,128,1,1,16,0.000,0.000,,,,,NVIDIA A100-SXM4-40GB MIG 4g.20gb (0),1,,13,cupy_copy__complex64_complex64
17335560305,3104,339685,1,1,1,1,1,1,18,0.000,0.000,,,,,NVIDIA A100-SXM4-40GB MIG 4g.20gb (0),1,,13,cupy_copy__float32_float32
17335698127,367932,339696,1,1,1,32,32,1,30,0.000,0.000,,,,,NVIDIA A100-SXM4-40GB MIG 4g.20gb (0),1,,13,"void convert_kernel<__half2, float2>(tensor_layout_any, T1 *, tensor_layout_any, const T2 *)"
17336096715,9088,339699,,,,,,,,,,0.094,10309.839,Pinned,Device,NVIDIA A100-SXM4-40GB MIG 4g.20gb (0),1,,13,[CUDA memcpy Host-to-Device]
17336122667,5600,339700,,,,,,,,,,1.547,276182.194,Device,,NVIDIA A100-SXM4-40GB MIG 4g.20gb (0),1,,13,[CUDA memset]
17336134986,4224,339705,,,,,,,,,,0.031,7409.078,Pinned,Device,NVIDIA A100-SXM4-40GB MIG 4g.20gb (0),1,,13,[CUDA memcpy Host-to-Device]
17336142058,11328,339706,,,,,,,,,,0.197,17355.768,Pinned,Device,NVIDIA A100-SXM4-40GB MIG 4g.20gb (0),1,,13,[CUDA memcpy Host-to-Device]
17336171946,16960,339707,273,1,1,8,4,1,39,0.002,0.000,,,,,NVIDIA A100-SXM4-40GB MIG 4g.20gb (0),1,,13,"void channel_eq::eqMmseCoefCompLowMimoKernel<float, float, float, (unsigned int)4, (unsigned int)1, (unsigned int)4>(const channel_eq::_puschRxChEqStatDescr *, channel_eq::_puschRxChEqCoefCompDynDescr)"
17336198890,13792,339708,273,1,1,12,11,1,51,0.002,0.000,,,,,NVIDIA A100-SXM4-40GB MIG 4g.20gb (0),1,,13,"void channel_eq::eqMmseSoftDemapKernel<float, __half, __half, float, (unsigned int)4, (unsigned short)16383>(channel_eq::_puschRxChEqStatDescr *, channel_eq::_puschRxChEqSoftDemapDynDescr)"
17336222602,772151,339709,1,1,1,32,32,1,30,0.000,0.000,,,,,NVIDIA A100-SXM4-40GB MIG 4g.20gb (0),1,,13,"void convert_kernel<float2, __half2>(tensor_layout_any, T1 *, tensor_layout_any, const T2 *)"
17337000641,12480,339721,2253,1,1,128,1,1,16,0.000,0.000,,,,,NVIDIA A100-SXM4-40GB MIG 4g.20gb (0),1,,13,cupy_copy__float16_float16
17337026592,8640,339730,282,1,1,128,1,1,16,0.000,0.000,,,,,NVIDIA A100-SXM4-40GB MIG 4g.20gb (0),1,,13,cupy_copy__complex64_complex64
17337045472,3808,339739,26,1,1,128,1,1,16,0.000,0.000,,,,,NVIDIA A100-SXM4-40GB MIG 4g.20gb (0),1,,13,cupy_copy__float32_float32
17337054944,5088,339748,103,1,1,128,1,1,16,0.000,0.000,,,,,NVIDIA A100-SXM4-40GB MIG 4g.20gb (0),1,,13,cupy_copy__complex64_complex64
17337073792,16000,339758,1434,1,1,128,1,1,16,0.000,0.000,,,,,NVIDIA A100-SXM4-40GB MIG 4g.20gb (0),1,,13,cupy_copy__complex64_complex64
17337100320,392923,339763,1,1,1,32,32,1,30,0.000,0.000,,,,,NVIDIA A100-SXM4-40GB MIG 4g.20gb (0),1,,13,"void convert_kernel<__half2, float2>(tensor_layout_any, T1 *, tensor_layout_any, const T2 *)"
17337523771,6208,339766,,,,,,,,,,0.094,15092.739,Pinned,Device,NVIDIA A100-SXM4-40GB MIG 4g.20gb (0),1,,13,[CUDA memcpy Host-to-Device]
17337540123,611097,339767,,,,,,,,,,456.561,746934.516,Device,,NVIDIA A100-SXM4-40GB MIG 4g.20gb (0),1,,13,[CUDA memset]
17338157556,64319,339772,,,,,,,,,,1.235,19199.674,Pinned,Device,NVIDIA A100-SXM4-40GB MIG 4g.20gb (0),1,,13,[CUDA memcpy Host-to-Device]
17338225075,15552,339773,,,,,,,,,,0.197,12641.894,Pinned,Device,NVIDIA A100-SXM4-40GB MIG 4g.20gb (0),1,,13,[CUDA memcpy Host-to-Device]
17338327506,13888,339774,69,4,1,48,1,1,76,0.002,0.000,,,,,NVIDIA A100-SXM4-40GB MIG 4g.20gb (0),1,,13,"void ch_est::windowedChEstPreNoDftSOfdmKernel<float, __half, float, (unsigned int)2, (unsigned int)1, (unsigned short)4>(ch_est::puschRxChEstStatDescr_t *, ch_est::puschRxChEstDynDescr_t *)"
17338547503,12128,339775,137,2,1,24,2,1,44,0.001,0.001,,,,,NVIDIA A100-SXM4-40GB MIG 4g.20gb (0),1,,13,"void ch_est::chEstFilterNoDftSOfdmDispatchKernel<float, __half, float, (unsigned int)2>(ch_est::puschRxChEstStatDescr_t *, ch_est::puschRxChEstDynDescr_t *)"
17338760877,20704,339776,137,2,1,24,2,1,44,0.001,0.001,,,,,NVIDIA A100-SXM4-40GB MIG 4g.20gb (0),1,,13,"void ch_est::chEstFilterNoDftSOfdmDispatchKernel<float, __half, float, (unsigned int)2>(ch_est::puschRxChEstStatDescr_t *, ch_est::puschRxChEstDynDescr_t *)"
17338903019,7296,339787,103,1,1,128,1,1,16,0.000,0.000,,,,,NVIDIA A100-SXM4-40GB MIG 4g.20gb (0),1,,13,cupy_copy__complex64_complex64
17339098185,21120,339797,1434,1,1,128,1,1,16,0.000,0.000,,,,,NVIDIA A100-SXM4-40GB MIG 4g.20gb (0),1,,13,cupy_copy__complex64_complex64
17339188520,9440,339804,103,1,1,128,1,1,16,0.000,0.000,,,,,NVIDIA A100-SXM4-40GB MIG 4g.20gb (0),1,,13,cupy_copy__complex64_complex64
17340605656,336348,339811,1,1,1,32,32,1,30,0.000,0.000,,,,,NVIDIA A100-SXM4-40GB MIG 4g.20gb (0),1,,13,"void convert_kernel<__half2, float2>(tensor_layout_any, T1 *, tensor_layout_any, const T2 *)"
17340971668,9312,339814,,,,,,,,,,0.094,10061.826,Pinned,Device,NVIDIA A100-SXM4-40GB MIG 4g.20gb (0),1,,13,[CUDA memcpy Host-to-Device]
17341100147,56895,339815,,,,,,,,,,35.810,629395.154,Device,,NVIDIA A100-SXM4-40GB MIG 4g.20gb (0),1,,13,[CUDA memset]
17341164306,2240,339817,,,,,,,,,,0.000,35.714,Pinned,Device,NVIDIA A100-SXM4-40GB MIG 4g.20gb (0),1,,13,[CUDA memcpy Host-to-Device]
17341172210,15808,339818,,,,,,,,,,0.197,12437.225,Pinned,Device,NVIDIA A100-SXM4-40GB MIG 4g.20gb (0),1,,13,[CUDA memcpy Host-to-Device]
17341368944,18623,339819,273,1,1,48,1,1,40,0.000,0.001,,,,,NVIDIA A100-SXM4-40GB MIG 4g.20gb (0),1,,13,"void pusch_noise_intf_est::noiseIntfEstNoDftSOfdmKernel<float, __half, float, float, (unsigned int)2, (unsigned int)1, (unsigned char)4, (unsigned char)4>(pusch_noise_intf_est::puschRxNoiseIntfEstDynDescr)"
17341580397,10976,339830,35,1,1,128,1,1,16,0.000,0.000,,,,,NVIDIA A100-SXM4-40GB MIG 4g.20gb (0),1,,13,cupy_copy__complex64_complex64
17341716844,6144,339839,1,1,1,1,1,1,18,0.000,0.000,,,,,NVIDIA A100-SXM4-40GB MIG 4g.20gb (0),1,,13,cupy_copy__float32_float32
17341732844,5728,339845,,,,,,,,,,0.000,0.698,Device,Pageable,NVIDIA A100-SXM4-40GB MIG 4g.20gb (0),1,,7,[CUDA memcpy Device-to-Host]
17341920650,24671,339856,1434,1,1,128,1,1,16,0.000,0.000,,,,,NVIDIA A100-SXM4-40GB MIG 4g.20gb (0),1,,13,cupy_copy__complex64_complex64
17341960713,5760,339863,103,1,1,128,1,1,16,0.000,0.000,,,,,NVIDIA A100-SXM4-40GB MIG 4g.20gb (0),1,,13,cupy_copy__complex64_complex64
17341973737,3616,339870,35,1,1,128,1,1,16,0.000,0.000,,,,,NVIDIA A100-SXM4-40GB MIG 4g.20gb (0),1,,13,cupy_copy__complex64_complex64
17341985609,2336,339877,1,1,1,1,1,1,18,0.000,0.000,,,,,NVIDIA A100-SXM4-40GB MIG 4g.20gb (0),1,,13,cupy_copy__float32_float32
17342010280,388316,339888,1,1,1,32,32,1,30,0.000,0.000,,,,,NVIDIA A100-SXM4-40GB MIG 4g.20gb (0),1,,13,"void convert_kernel<__half2, float2>(tensor_layout_any, T1 *, tensor_layout_any, const T2 *)"
17342428516,6080,339891,,,,,,,,,,0.094,15410.462,Pinned,Device,NVIDIA A100-SXM4-40GB MIG 4g.20gb (0),1,,13,[CUDA memcpy Host-to-Device]
17342448324,5056,339892,,,,,,,,,,1.547,305897.481,Device,,NVIDIA A100-SXM4-40GB MIG 4g.20gb (0),1,,13,[CUDA memset]
17342460451,4832,339897,,,,,,,,,,0.031,6476.801,Pinned,Device,NVIDIA A100-SXM4-40GB MIG 4g.20gb (0),1,,13,[CUDA memcpy Host-to-Device]
17342473955,15616,339898,,,,,,,,,,0.197,12589.990,Pinned,Device,NVIDIA A100-SXM4-40GB MIG 4g.20gb (0),1,,13,[CUDA memcpy Host-to-Device]
17342509507,16128,339899,273,1,1,8,4,1,39,0.002,0.000,,,,,NVIDIA A100-SXM4-40GB MIG 4g.20gb (0),1,,13,"void channel_eq::eqMmseCoefCompLowMimoKernel<float, float, float, (unsigned int)4, (unsigned int)1, (unsigned int)4>(const channel_eq::_puschRxChEqStatDescr *, channel_eq::_puschRxChEqCoefCompDynDescr)"
17342530211,11872,339900,273,1,1,12,11,1,51,0.002,0.000,,,,,NVIDIA A100-SXM4-40GB MIG 4g.20gb (0),1,,13,"void channel_eq::eqMmseSoftDemapKernel<float, __half, __half, float, (unsigned int)4, (unsigned short)16383>(channel_eq::_puschRxChEqStatDescr *, channel_eq::_puschRxChEqSoftDemapDynDescr)"
17342550978,794839,339901,1,1,1,32,32,1,30,0.000,0.000,,,,,NVIDIA A100-SXM4-40GB MIG 4g.20gb (0),1,,13,"void convert_kernel<float2, __half2>(tensor_layout_any, T1 *, tensor_layout_any, const T2 *)"
17343350105,13408,339913,2253,1,1,128,1,1,16,0.000,0.000,,,,,NVIDIA A100-SXM4-40GB MIG 4g.20gb (0),1,,13,cupy_copy__float16_float16
17343376377,7712,339922,282,1,1,128,1,1,16,0.000,0.000,,,,,NVIDIA A100-SXM4-40GB MIG 4g.20gb (0),1,,13,cupy_copy__complex64_complex64
17343394713,4128,339931,26,1,1,128,1,1,16,0.000,0.000,,,,,NVIDIA A100-SXM4-40GB MIG 4g.20gb (0),1,,13,cupy_copy__float32_float32
17343404121,7392,339940,103,1,1,128,1,1,16,0.000,0.000,,,,,NVIDIA A100-SXM4-40GB MIG 4g.20gb (0),1,,13,cupy_copy__complex64_complex64
17343413561,14976,339950,1434,1,1,128,1,1,16,0.000,0.000,,,,,NVIDIA A100-SXM4-40GB MIG 4g.20gb (0),1,,13,cupy_copy__complex64_complex64
17343442648,372796,339955,1,1,1,32,32,1,30,0.000,0.000,,,,,NVIDIA A100-SXM4-40GB MIG 4g.20gb (0),1,,13,"void convert_kernel<__half2, float2>(tensor_layout_any, T1 *, tensor_layout_any, const T2 *)"
17343852340,5408,339958,,,,,,,,,,0.094,17325.421,Pinned,Device,NVIDIA A100-SXM4-40GB MIG 4g.20gb (0),1,,13,[CUDA memcpy Host-to-Device]
17343863988,611801,339959,,,,,,,,,,456.561,746021.393,Device,,NVIDIA A100-SXM4-40GB MIG 4g.20gb (0),1,,13,[CUDA memset]
17344477325,61375,339964,,,,,,,,,,1.235,20120.943,Pinned,Device,NVIDIA A100-SXM4-40GB MIG 4g.20gb (0),1,,13,[CUDA memcpy Host-to-Device]
17344545644,16864,339965,,,,,,,,,,0.197,11658.265,Pinned,Device,NVIDIA A100-SXM4-40GB MIG 4g.20gb (0),1,,13,[CUDA memcpy Host-to-Device]
17344652427,14368,339966,69,4,1,48,1,1,76,0.002,0.000,,,,,NVIDIA A100-SXM4-40GB MIG 4g.20gb (0),1,,13,"void ch_est::windowedChEstPreNoDftSOfdmKernel<float, __half, float, (unsigned int)2, (unsigned int)1, (unsigned short)4>(ch_est::puschRxChEstStatDescr_t *, ch_est::puschRxChEstDynDescr_t *)"
17344928168,12800,339967,137,2,1,24,2,1,44,0.001,0.001,,,,,NVIDIA A100-SXM4-40GB MIG 4g.20gb (0),1,,13,"void ch_est::chEstFilterNoDftSOfdmDispatchKernel<float, __half, float, (unsigned int)2>(ch_est::puschRxChEstStatDescr_t *, ch_est::puschRxChEstDynDescr_t *)"
17345193829,14432,339968,137,2,1,24,2,1,44,0.001,0.001,,,,,NVIDIA A100-SXM4-40GB MIG 4g.20gb (0),1,,13,"void ch_est::chEstFilterNoDftSOfdmDispatchKernel<float, __half, float, (unsigned int)2>(ch_est::puschRxChEstStatDescr_t *, ch_est::puschRxChEstDynDescr_t *)"
17345344451,6176,339979,103,1,1,128,1,1,16,0.000,0.000,,,,,NVIDIA A100-SXM4-40GB MIG 4g.20gb (0),1,,13,cupy_copy__complex64_complex64
17345584576,22912,339989,1434,1,1,128,1,1,16,0.000,0.000,,,,,NVIDIA A100-SXM4-40GB MIG 4g.20gb (0),1,,13,cupy_copy__complex64_complex64
17345852605,11840,339996,103,1,1,128,1,1,16,0.000,0.000,,,,,NVIDIA A100-SXM4-40GB MIG 4g.20gb (0),1,,13,cupy_copy__complex64_complex64
17346089211,351996,340003,1,1,1,32,32,1,30,0.000,0.000,,,,,NVIDIA A100-SXM4-40GB MIG 4g.20gb (0),1,,13,"void convert_kernel<__half2, float2>(tensor_layout_any, T1 *, tensor_layout_any, const T2 *)"
17346471798,6144,340006,,,,,,,,,,0.094,15249.961,Pinned,Device,NVIDIA A100-SXM4-40GB MIG 4g.20gb (0),1,,13,[CUDA memcpy Host-to-Device]
17346635253,57407,340007,,,,,,,,,,35.810,623772.996,Device,,NVIDIA A100-SXM4-40GB MIG 4g.20gb (0),1,,13,[CUDA memset]
17346699700,2208,340009,,,,,,,,,,0.000,36.232,Pinned,Device,NVIDIA A100-SXM4-40GB MIG 4g.20gb (0),1,,13,[CUDA memcpy Host-to-Device]
17346705524,12960,340010,,,,,,,,,,0.197,15170.273,Pinned,Device,NVIDIA A100-SXM4-40GB MIG 4g.20gb (0),1,,13,[CUDA memcpy Host-to-Device]
17346948913,23968,340011,273,1,1,48,1,1,40,0.000,0.001,,,,,NVIDIA A100-SXM4-40GB MIG 4g.20gb (0),1,,13,"void pusch_noise_intf_est::noiseIntfEstNoDftSOfdmKernel<float, __half, float, float, (unsigned int)2, (unsigned int)1, (unsigned char)4, (unsigned char)4>(pusch_noise_intf_est::puschRxNoiseIntfEstDynDescr)"
17347209102,6880,340022,35,1,1,128,1,1,16,0.000,0.000,,,,,NVIDIA A100-SXM4-40GB MIG 4g.20gb (0),1,,13,cupy_copy__complex64_complex64
17347321677,5248,340031,1,1,1,1,1,1,18,0.000,0.000,,,,,NVIDIA A100-SXM4-40GB MIG 4g.20gb (0),1,,13,cupy_copy__float32_float32
17347333485,2528,340037,,,,,,,,,,0.000,1.582,Device,Pageable,NVIDIA A100-SXM4-40GB MIG 4g.20gb (0),1,,7,[CUDA memcpy Device-to-Host]
17347404716,17120,340048,1434,1,1,128,1,1,16,0.000,0.000,,,,,NVIDIA A100-SXM4-40GB MIG 4g.20gb (0),1,,13,cupy_copy__complex64_complex64
17347430188,7712,340055,103,1,1,128,1,1,16,0.000,0.000,,,,,NVIDIA A100-SXM4-40GB MIG 4g.20gb (0),1,,13,cupy_copy__complex64_complex64
17347457803,4896,340062,35,1,1,128,1,1,16,0.000,0.000,,,,,NVIDIA A100-SXM4-40GB MIG 4g.20gb (0),1,,13,cupy_copy__complex64_complex64
17347478347,2496,340069,1,1,1,1,1,1,18,0.000,0.000,,,,,NVIDIA A100-SXM4-40GB MIG 4g.20gb (0),1,,13,cupy_copy__float32_float32
17347621993,389692,340080,1,1,1,32,32,1,30,0.000,0.000,,,,,NVIDIA A100-SXM4-40GB MIG 4g.20gb (0),1,,13,"void convert_kernel<__half2, float2>(tensor_layout_any, T1 *, tensor_layout_any, const T2 *)"
17348041541,6080,340083,,,,,,,,,,0.094,15410.462,Pinned,Device,NVIDIA A100-SXM4-40GB MIG 4g.20gb (0),1,,13,[CUDA memcpy Host-to-Device]
17348057125,5120,340084,,,,,,,,,,1.547,302074.227,Device,,NVIDIA A100-SXM4-40GB MIG 4g.20gb (0),1,,13,[CUDA memset]
17348064932,3456,340089,,,,,,,,,,0.031,9055.529,Pinned,Device,NVIDIA A100-SXM4-40GB MIG 4g.20gb (0),1,,13,[CUDA memcpy Host-to-Device]
17348071844,15168,340090,,,,,,,,,,0.197,12961.972,Pinned,Device,NVIDIA A100-SXM4-40GB MIG 4g.20gb (0),1,,13,[CUDA memcpy Host-to-Device]
17348102596,13632,340091,273,1,1,8,4,1,39,0.002,0.000,,,,,NVIDIA A100-SXM4-40GB MIG 4g.20gb (0),1,,13,"void channel_eq::eqMmseCoefCompLowMimoKernel<float, float, float, (unsigned int)4, (unsigned int)1, (unsigned int)4>(const channel_eq::_puschRxChEqStatDescr *, channel_eq::_puschRxChEqCoefCompDynDescr)"
17348122116,10304,340092,273,1,1,12,11,1,51,0.002,0.000,,,,,NVIDIA A100-SXM4-40GB MIG 4g.20gb (0),1,,13,"void channel_eq::eqMmseSoftDemapKernel<float, __half, __half, float, (unsigned int)4, (unsigned short)16383>(channel_eq::_puschRxChEqStatDescr *, channel_eq::_puschRxChEqSoftDemapDynDescr)"
17348143748,806199,340093,1,1,1,32,32,1,30,0.000,0.000,,,,,NVIDIA A100-SXM4-40GB MIG 4g.20gb (0),1,,13,"void convert_kernel<float2, __half2>(tensor_layout_any, T1 *, tensor_layout_any, const T2 *)"
17348965466,13568,340105,2253,1,1,128,1,1,16,0.000,0.000,,,,,NVIDIA A100-SXM4-40GB MIG 4g.20gb (0),1,,13,cupy_copy__float16_float16
17348989594,6304,340114,282,1,1,128,1,1,16,0.000,0.000,,,,,NVIDIA A100-SXM4-40GB MIG 4g.20gb (0),1,,13,cupy_copy__complex64_complex64
17349009434,5600,340123,26,1,1,128,1,1,16,0.000,0.000,,,,,NVIDIA A100-SXM4-40GB MIG 4g.20gb (0),1,,13,cupy_copy__float32_float32
17349024250,5312,340132,103,1,1,128,1,1,16,0.000,0.000,,,,,NVIDIA A100-SXM4-40GB MIG 4g.20gb (0),1,,13,cupy_copy__complex64_complex64
17349043161,15808,340142,1434,1,1,128,1,1,16,0.000,0.000,,,,,NVIDIA A100-SXM4-40GB MIG 4g.20gb (0),1,,13,cupy_copy__complex64_complex64
17349069625,475899,340147,1,1,1,32,32,1,30,0.000,0.000,,,,,NVIDIA A100-SXM4-40GB MIG 4g.20gb (0),1,,13,"void convert_kernel<__half2, float2>(tensor_layout_any, T1 *, tensor_layout_any, const T2 *)"
17349574964,9183,340150,,,,,,,,,,0.094,10203.120,Pinned,Device,NVIDIA A100-SXM4-40GB MIG 4g.20gb (0),1,,13,[CUDA memcpy Host-to-Device]
17349814737,615161,340151,,,,,,,,,,456.561,741912.340,Device,,NVIDIA A100-SXM4-40GB MIG 4g.20gb (0),1,,13,[CUDA memset]
17350431530,63007,340156,,,,,,,,,,1.235,19599.796,Pinned,Device,NVIDIA A100-SXM4-40GB MIG 4g.20gb (0),1,,13,[CUDA memcpy Host-to-Device]
17350500041,11840,340157,,,,,,,,,,0.197,16605.315,Pinned,Device,NVIDIA A100-SXM4-40GB MIG 4g.20gb (0),1,,13,[CUDA memcpy Host-to-Device]
17350705671,16480,340158,69,4,1,48,1,1,76,0.002,0.000,,,,,NVIDIA A100-SXM4-40GB MIG 4g.20gb (0),1,,13,"void ch_est::windowedChEstPreNoDftSOfdmKernel<float, __half, float, (unsigned int)2, (unsigned int)1, (unsigned short)4>(ch_est::puschRxChEstStatDescr_t *, ch_est::puschRxChEstDynDescr_t *)"
17350871557,12160,340159,137,2,1,24,2,1,44,0.001,0.001,,,,,NVIDIA A100-SXM4-40GB MIG 4g.20gb (0),1,,13,"void ch_est::chEstFilterNoDftSOfdmDispatchKernel<float, __half, float, (unsigned int)2>(ch_est::puschRxChEstStatDescr_t *, ch_est::puschRxChEstDynDescr_t *)"
17351156418,17408,340160,137,2,1,24,2,1,44,0.001,0.001,,,,,NVIDIA A100-SXM4-40GB MIG 4g.20gb (0),1,,13,"void ch_est::chEstFilterNoDftSOfdmDispatchKernel<float, __half, float, (unsigned int)2>(ch_est::puschRxChEstStatDescr_t *, ch_est::puschRxChEstDynDescr_t *)"
17351428447,12416,340171,103,1,1,128,1,1,16,0.000,0.000,,,,,NVIDIA A100-SXM4-40GB MIG 4g.20gb (0),1,,13,cupy_copy__complex64_complex64
17351698236,23775,340181,1434,1,1,128,1,1,16,0.000,0.000,,,,,NVIDIA A100-SXM4-40GB MIG 4g.20gb (0),1,,13,cupy_copy__complex64_complex64
17351977049,8575,340188,103,1,1,128,1,1,16,0.000,0.000,,,,,NVIDIA A100-SXM4-40GB MIG 4g.20gb (0),1,,13,cupy_copy__complex64_complex64
17352226870,316316,340195,1,1,1,32,32,1,30,0.000,0.000,,,,,NVIDIA A100-SXM4-40GB MIG 4g.20gb (0),1,,13,"void convert_kernel<__half2, float2>(tensor_layout_any, T1 *, tensor_layout_any, const T2 *)"
17352576082,7968,340198,,,,,,,,,,0.094,11759.035,Pinned,Device,NVIDIA A100-SXM4-40GB MIG 4g.20gb (0),1,,13,[CUDA memcpy Host-to-Device]
17352800335,56224,340199,,,,,,,,,,35.810,636879.427,Device,,NVIDIA A100-SXM4-40GB MIG 4g.20gb (0),1,,13,[CUDA memset]
17352864463,5056,340201,,,,,,,,,,0.000,15.823,Pinned,Device,NVIDIA A100-SXM4-40GB MIG 4g.20gb (0),1,,13,[CUDA memcpy Host-to-Device]
17352876046,9600,340202,,,,,,,,,,0.197,20479.869,Pinned,Device,NVIDIA A100-SXM4-40GB MIG 4g.20gb (0),1,,13,[CUDA memcpy Host-to-Device]
17353009357,23520,340203,273,1,1,48,1,1,40,0.000,0.001,,,,,NVIDIA A100-SXM4-40GB MIG 4g.20gb (0),1,,13,"void pusch_noise_intf_est::noiseIntfEstNoDftSOfdmKernel<float, __half, float, float, (unsigned int)2, (unsigned int)1, (unsigned char)4, (unsigned char)4>(pusch_noise_intf_est::puschRxNoiseIntfEstDynDescr)"
17353046445,4735,340214,35,1,1,128,1,1,16,0.000,0.000,,,,,NVIDIA A100-SXM4-40GB MIG 4g.20gb (0),1,,13,cupy_copy__complex64_complex64
17353061228,2592,340223,1,1,1,1,1,1,18,0.000,0.000,,,,,NVIDIA A100-SXM4-40GB MIG 4g.20gb (0),1,,13,cupy_copy__float32_float32
17353067436,1632,340229,,,,,,,,,,0.000,2.451,Device,Pageable,NVIDIA A100-SXM4-40GB MIG 4g.20gb (0),1,,7,[CUDA memcpy Device-to-Host]
17353137004,16127,340240,1434,1,1,128,1,1,16,0.000,0.000,,,,,NVIDIA A100-SXM4-40GB MIG 4g.20gb (0),1,,13,cupy_copy__complex64_complex64
17353163211,4320,340247,103,1,1,128,1,1,16,0.000,0.000,,,,,NVIDIA A100-SXM4-40GB MIG 4g.20gb (0),1,,13,cupy_copy__complex64_complex64
17353191211,3616,340254,35,1,1,128,1,1,16,0.000,0.000,,,,,NVIDIA A100-SXM4-40GB MIG 4g.20gb (0),1,,13,cupy_copy__complex64_complex64
17353218603,3744,340261,1,1,1,1,1,1,18,0.000,0.000,,,,,NVIDIA A100-SXM4-40GB MIG 4g.20gb (0),1,,13,cupy_copy__float32_float32
17353358921,381532,340272,1,1,1,32,32,1,30,0.000,0.000,,,,,NVIDIA A100-SXM4-40GB MIG 4g.20gb (0),1,,13,"void convert_kernel<__half2, float2>(tensor_layout_any, T1 *, tensor_layout_any, const T2 *)"
17353769892,5568,340275,,,,,,,,,,0.094,16827.521,Pinned,Device,NVIDIA A100-SXM4-40GB MIG 4g.20gb (0),1,,13,[CUDA memcpy Host-to-Device]
17353794020,5152,340276,,,,,,,,,,1.547,300198.172,Device,,NVIDIA A100-SXM4-40GB MIG 4g.20gb (0),1,,13,[CUDA memset]
17353805028,9856,340281,,,,,,,,,,0.031,3175.323,Pinned,Device,NVIDIA A100-SXM4-40GB MIG 4g.20gb (0),1,,13,[CUDA memcpy Host-to-Device]
17353822756,12416,340282,,,,,,,,,,0.197,15835.005,Pinned,Device,NVIDIA A100-SXM4-40GB MIG 4g.20gb (0),1,,13,[CUDA memcpy Host-to-Device]
17353861827,15520,340283,273,1,1,8,4,1,39,0.002,0.000,,,,,NVIDIA A100-SXM4-40GB MIG 4g.20gb (0),1,,13,"void channel_eq::eqMmseCoefCompLowMimoKernel<float, float, float, (unsigned int)4, (unsigned int)1, (unsigned int)4>(const channel_eq::_puschRxChEqStatDescr *, channel_eq::_puschRxChEqCoefCompDynDescr)"
17353883267,9504,340284,273,1,1,12,11,1,51,0.002,0.000,,,,,NVIDIA A100-SXM4-40GB MIG 4g.20gb (0),1,,13,"void channel_eq::eqMmseSoftDemapKernel<float, __half, __half, float, (unsigned int)4, (unsigned short)16383>(channel_eq::_puschRxChEqStatDescr *, channel_eq::_puschRxChEqSoftDemapDynDescr)"
17353905475,886838,340285,1,1,1,32,32,1,30,0.000,0.000,,,,,NVIDIA A100-SXM4-40GB MIG 4g.20gb (0),1,,13,"void convert_kernel<float2, __half2>(tensor_layout_any, T1 *, tensor_layout_any, const T2 *)"
17354858488,20032,340297,2253,1,1,128,1,1,16,0.000,0.000,,,,,NVIDIA A100-SXM4-40GB MIG 4g.20gb (0),1,,13,cupy_copy__float16_float16
17354981303,9600,340306,282,1,1,128,1,1,16,0.000,0.000,,,,,NVIDIA A100-SXM4-40GB MIG 4g.20gb (0),1,,13,cupy_copy__complex64_complex64
17355000087,4512,340315,26,1,1,128,1,1,16,0.000,0.000,,,,,NVIDIA A100-SXM4-40GB MIG 4g.20gb (0),1,,13,cupy_copy__float32_float32
17355010006,7680,340324,103,1,1,128,1,1,16,0.000,0.000,,,,,NVIDIA A100-SXM4-40GB MIG 4g.20gb (0),1,,13,cupy_copy__complex64_complex64
17355021494,19968,340334,1434,1,1,128,1,1,16,0.000,0.000,,,,,NVIDIA A100-SXM4-40GB MIG 4g.20gb (0),1,,13,cupy_copy__complex64_complex64
17355053078,492986,340339,1,1,1,32,32,1,30,0.000,0.000,,,,,NVIDIA A100-SXM4-40GB MIG 4g.20gb (0),1,,13,"void convert_kernel<__half2, float2>(tensor_layout_any, T1 *, tensor_layout_any, const T2 *)"
17355574320,6016,340342,,,,,,,,,,0.094,15574.430,Pinned,Device,NVIDIA A100-SXM4-40GB MIG 4g.20gb (0),1,,13,[CUDA memcpy Host-to-Device]
17355605104,614905,340343,,,,,,,,,,456.561,742368.901,Device,,NVIDIA A100-SXM4-40GB MIG 4g.20gb (0),1,,13,[CUDA memset]
17356225385,59071,340348,,,,,,,,,,1.235,20905.132,Pinned,Device,NVIDIA A100-SXM4-40GB MIG 4g.20gb (0),1,,13,[CUDA memcpy Host-to-Device]
17356290536,10592,340349,,,,,,,,,,0.197,18561.761,Pinned,Device,NVIDIA A100-SXM4-40GB MIG 4g.20gb (0),1,,13,[CUDA memcpy Host-to-Device]
17356399943,12960,340350,69,4,1,48,1,1,76,0.002,0.000,,,,,NVIDIA A100-SXM4-40GB MIG 4g.20gb (0),1,,13,"void ch_est::windowedChEstPreNoDftSOfdmKernel<float, __half, float, (unsigned int)2, (unsigned int)1, (unsigned short)4>(ch_est::puschRxChEstStatDescr_t *, ch_est::puschRxChEstDynDescr_t *)"
17356595685,16479,340351,137,2,1,24,2,1,44,0.001,0.001,,,,,NVIDIA A100-SXM4-40GB MIG 4g.20gb (0),1,,13,"void ch_est::chEstFilterNoDftSOfdmDispatchKernel<float, __half, float, (unsigned int)2>(ch_est::puschRxChEstStatDescr_t *, ch_est::puschRxChEstDynDescr_t *)"
17356743587,16032,340352,137,2,1,24,2,1,44,0.001,0.001,,,,,NVIDIA A100-SXM4-40GB MIG 4g.20gb (0),1,,13,"void ch_est::chEstFilterNoDftSOfdmDispatchKernel<float, __half, float, (unsigned int)2>(ch_est::puschRxChEstStatDescr_t *, ch_est::puschRxChEstDynDescr_t *)"
17356843330,8832,340363,103,1,1,128,1,1,16,0.000,0.000,,,,,NVIDIA A100-SXM4-40GB MIG 4g.20gb (0),1,,13,cupy_copy__complex64_complex64
17356862754,18111,340373,1434,1,1,128,1,1,16,0.000,0.000,,,,,NVIDIA A100-SXM4-40GB MIG 4g.20gb (0),1,,13,cupy_copy__complex64_complex64
17356892513,6208,340380,103,1,1,128,1,1,16,0.000,0.000,,,,,NVIDIA A100-SXM4-40GB MIG 4g.20gb (0),1,,13,cupy_copy__complex64_complex64
17356905057,486555,340387,1,1,1,32,32,1,30,0.000,0.000,,,,,NVIDIA A100-SXM4-40GB MIG 4g.20gb (0),1,,13,"void convert_kernel<__half2, float2>(tensor_layout_any, T1 *, tensor_layout_any, const T2 *)"
17357424955,13632,340390,,,,,,,,,,0.094,6873.164,Pinned,Device,NVIDIA A100-SXM4-40GB MIG 4g.20gb (0),1,,13,[CUDA memcpy Host-to-Device]
17357451419,60159,340391,,,,,,,,,,35.810,595232.490,Device,,NVIDIA A100-SXM4-40GB MIG 4g.20gb (0),1,,13,[CUDA memset]
17357517146,5856,340393,,,,,,,,,,0.000,13.661,Pinned,Device,NVIDIA A100-SXM4-40GB MIG 4g.20gb (0),1,,13,[CUDA memcpy Host-to-Device]
17357529658,14080,340394,,,,,,,,,,0.197,13963.493,Pinned,Device,NVIDIA A100-SXM4-40GB MIG 4g.20gb (0),1,,13,[CUDA memcpy Host-to-Device]
17357627353,22080,340395,273,1,1,48,1,1,40,0.000,0.001,,,,,NVIDIA A100-SXM4-40GB MIG 4g.20gb (0),1,,13,"void pusch_noise_intf_est::noiseIntfEstNoDftSOfdmKernel<float, __half, float, float, (unsigned int)2, (unsigned int)1, (unsigned char)4, (unsigned char)4>(pusch_noise_intf_est::puschRxNoiseIntfEstDynDescr)"
17357722872,9408,340406,35,1,1,128,1,1,16,0.000,0.000,,,,,NVIDIA A100-SXM4-40GB MIG 4g.20gb (0),1,,13,cupy_copy__complex64_complex64
17357812407,3872,340415,1,1,1,1,1,1,18,0.000,0.000,,,,,NVIDIA A100-SXM4-40GB MIG 4g.20gb (0),1,,13,cupy_copy__float32_float32
17357829367,3904,340421,,,,,,,,,,0.000,1.025,Device,Pageable,NVIDIA A100-SXM4-40GB MIG 4g.20gb (0),1,,7,[CUDA memcpy Device-to-Host]
17357893718,18944,340432,1434,1,1,128,1,1,16,0.000,0.000,,,,,NVIDIA A100-SXM4-40GB MIG 4g.20gb (0),1,,13,cupy_copy__complex64_complex64
17358011445,11552,340439,103,1,1,128,1,1,16,0.000,0.000,,,,,NVIDIA A100-SXM4-40GB MIG 4g.20gb (0),1,,13,cupy_copy__complex64_complex64
17358094868,12608,340446,35,1,1,128,1,1,16,0.000,0.000,,,,,NVIDIA A100-SXM4-40GB MIG 4g.20gb (0),1,,13,cupy_copy__complex64_complex64
17358196051,4096,340453,1,1,1,1,1,1,18,0.000,0.000,,,,,NVIDIA A100-SXM4-40GB MIG 4g.20gb (0),1,,13,cupy_copy__float32_float32
17358211538,485883,340464,1,1,1,32,32,1,30,0.000,0.000,,,,,NVIDIA A100-SXM4-40GB MIG 4g.20gb (0),1,,13,"void convert_kernel<__half2, float2>(tensor_layout_any, T1 *, tensor_layout_any, const T2 *)"
17358730285,12864,340467,,,,,,,,,,0.094,7283.552,Pinned,Device,NVIDIA A100-SXM4-40GB MIG 4g.20gb (0),1,,13,[CUDA memcpy Host-to-Device]
17358816748,6464,340468,,,,,,,,,,1.547,239265.826,Device,,NVIDIA A100-SXM4-40GB MIG 4g.20gb (0),1,,13,[CUDA memset]
17358829900,6687,340473,,,,,,,,,,0.031,4680.098,Pinned,Device,NVIDIA A100-SXM4-40GB MIG 4g.20gb (0),1,,13,[CUDA memcpy Host-to-Device]
17358840587,16192,340474,,,,,,,,,,0.197,12142.117,Pinned,Device,NVIDIA A100-SXM4-40GB MIG 4g.20gb (0),1,,13,[CUDA memcpy Host-to-Device]
17358955082,22784,340475,273,1,1,8,4,1,39,0.002,0.000,,,,,NVIDIA A100-SXM4-40GB MIG 4g.20gb (0),1,,13,"void channel_eq::eqMmseCoefCompLowMimoKernel<float, float, float, (unsigned int)4, (unsigned int)1, (unsigned int)4>(const channel_eq::_puschRxChEqStatDescr *, channel_eq::_puschRxChEqCoefCompDynDescr)"
17359071273,16224,340476,273,1,1,12,11,1,51,0.002,0.000,,,,,NVIDIA A100-SXM4-40GB MIG 4g.20gb (0),1,,13,"void channel_eq::eqMmseSoftDemapKernel<float, __half, __half, float, (unsigned int)4, (unsigned short)16383>(channel_eq::_puschRxChEqStatDescr *, channel_eq::_puschRxChEqSoftDemapDynDescr)"
17359100201,899957,340477,1,1,1,32,32,1,30,0.000,0.000,,,,,NVIDIA A100-SXM4-40GB MIG 4g.20gb (0),1,,13,"void convert_kernel<float2, __half2>(tensor_layout_any, T1 *, tensor_layout_any, const T2 *)"
17360047870,18784,340489,2253,1,1,128,1,1,16,0.000,0.000,,,,,NVIDIA A100-SXM4-40GB MIG 4g.20gb (0),1,,13,cupy_copy__float16_float16
17360071166,7040,340498,282,1,1,128,1,1,16,0.000,0.000,,,,,NVIDIA A100-SXM4-40GB MIG 4g.20gb (0),1,,13,cupy_copy__complex64_complex64
17360084221,3904,340507,26,1,1,128,1,1,16,0.000,0.000,,,,,NVIDIA A100-SXM4-40GB MIG 4g.20gb (0),1,,13,cupy_copy__float32_float32
17360096253,3936,340516,103,1,1,128,1,1,16,0.000,0.000,,,,,NVIDIA A100-SXM4-40GB MIG 4g.20gb (0),1,,13,cupy_copy__complex64_complex64
17360230300,22496,340532,1434,1,1,128,1,1,16,0.000,0.000,,,,,NVIDIA A100-SXM4-40GB MIG 4g.20gb (0),1,,13,cupy_copy__complex64_complex64
17360355162,476091,340537,1,1,1,32,32,1,30,0.000,0.000,,,,,NVIDIA A100-SXM4-40GB MIG 4g.20gb (0),1,,13,"void convert_kernel<__half2, float2>(tensor_layout_any, T1 *, tensor_layout_any, const T2 *)"
17360861141,5472,340540,,,,,,,,,,0.094,17122.757,Pinned,Device,NVIDIA A100-SXM4-40GB MIG 4g.20gb (0),1,,13,[CUDA memcpy Host-to-Device]
17360944500,623321,340541,,,,,,,,,,456.561,732324.550,Device,,NVIDIA A100-SXM4-40GB MIG 4g.20gb (0),1,,13,[CUDA memset]
17361576557,63839,340546,,,,,,,,,,1.235,19344.163,Pinned,Device,NVIDIA A100-SXM4-40GB MIG 4g.20gb (0),1,,13,[CUDA memcpy Host-to-Device]
17361643244,12544,340547,,,,,,,,,,0.197,15673.393,Pinned,Device,NVIDIA A100-SXM4-40GB MIG 4g.20gb (0),1,,13,[CUDA memcpy Host-to-Device]
17361898121,21664,340548,69,4,1,48,1,1,76,0.002,0.000,,,,,NVIDIA A100-SXM4-40GB MIG 4g.20gb (0),1,,13,"void ch_est::windowedChEstPreNoDftSOfdmKernel<float, __half, float, (unsigned int)2, (unsigned int)1, (unsigned short)4>(ch_est::puschRxChEstStatDescr_t *, ch_est::puschRxChEstDynDescr_t *)"
17361928489,11904,340549,137,2,1,24,2,1,44,0.001,0.001,,,,,NVIDIA A100-SXM4-40GB MIG 4g.20gb (0),1,,13,"void ch_est::chEstFilterNoDftSOfdmDispatchKernel<float, __half, float, (unsigned int)2>(ch_est::puschRxChEstStatDescr_t *, ch_est::puschRxChEstDynDescr_t *)"
17362091847,21280,340550,137,2,1,24,2,1,44,0.001,0.001,,,,,NVIDIA A100-SXM4-40GB MIG 4g.20gb (0),1,,13,"void ch_est::chEstFilterNoDftSOfdmDispatchKernel<float, __half, float, (unsigned int)2>(ch_est::puschRxChEstStatDescr_t *, ch_est::puschRxChEstDynDescr_t *)"
17362126407,4511,340561,103,1,1,128,1,1,16,0.000,0.000,,,,,NVIDIA A100-SXM4-40GB MIG 4g.20gb (0),1,,13,cupy_copy__complex64_complex64
17362139526,13760,340571,1434,1,1,128,1,1,16,0.000,0.000,,,,,NVIDIA A100-SXM4-40GB MIG 4g.20gb (0),1,,13,cupy_copy__complex64_complex64
17362164230,8896,340578,103,1,1,128,1,1,16,0.000,0.000,,,,,NVIDIA A100-SXM4-40GB MIG 4g.20gb (0),1,,13,cupy_copy__complex64_complex64
17362189702,262077,340585,1,1,1,32,32,1,30,0.000,0.000,,,,,NVIDIA A100-SXM4-40GB MIG 4g.20gb (0),1,,13,"void convert_kernel<__half2, float2>(tensor_layout_any, T1 *, tensor_layout_any, const T2 *)"
17362484802,9536,340588,,,,,,,,,,0.094,9825.431,Pinned,Device,NVIDIA A100-SXM4-40GB MIG 4g.20gb (0),1,,13,[CUDA memcpy Host-to-Device]
17362552130,56511,340589,,,,,,,,,,35.810,633656.534,Device,,NVIDIA A100-SXM4-40GB MIG 4g.20gb (0),1,,13,[CUDA memset]
17362610177,5856,340591,,,,,,,,,,0.000,13.661,Pinned,Device,NVIDIA A100-SXM4-40GB MIG 4g.20gb (0),1,,13,[CUDA memcpy Host-to-Device]
17362622497,12448,340592,,,,,,,,,,0.197,15794.307,Pinned,Device,NVIDIA A100-SXM4-40GB MIG 4g.20gb (0),1,,13,[CUDA memcpy Host-to-Device]
17362775679,20544,340593,273,1,1,48,1,1,40,0.000,0.001,,,,,NVIDIA A100-SXM4-40GB MIG 4g.20gb (0),1,,13,"void pusch_noise_intf_est::noiseIntfEstNoDftSOfdmKernel<float, __half, float, float, (unsigned int)2, (unsigned int)1, (unsigned char)4, (unsigned char)4>(pusch_noise_intf_est::puschRxNoiseIntfEstDynDescr)"
17362950813,9184,340604,35,1,1,128,1,1,16,0.000,0.000,,,,,NVIDIA A100-SXM4-40GB MIG 4g.20gb (0),1,,13,cupy_copy__complex64_complex64
17363120987,5792,340613,1,1,1,1,1,1,18,0.000,0.000,,,,,NVIDIA A100-SXM4-40GB MIG 4g.20gb (0),1,,13,cupy_copy__float32_float32
17363137435,3872,340619,,,,,,,,,,0.000,1.033,Device,Pageable,NVIDIA A100-SXM4-40GB MIG 4g.20gb (0),1,,7,[CUDA memcpy Device-to-Host]
17363289497,22176,340630,1434,1,1,128,1,1,16,0.000,0.000,,,,,NVIDIA A100-SXM4-40GB MIG 4g.20gb (0),1,,13,cupy_copy__complex64_complex64
17363467863,8480,340637,103,1,1,128,1,1,16,0.000,0.000,,,,,NVIDIA A100-SXM4-40GB MIG 4g.20gb (0),1,,13,cupy_copy__complex64_complex64
17363639286,8991,340644,35,1,1,128,1,1,16,0.000,0.000,,,,,NVIDIA A100-SXM4-40GB MIG 4g.20gb (0),1,,13,cupy_copy__complex64_complex64
17363667509,3648,340651,1,1,1,1,1,1,18,0.000,0.000,,,,,NVIDIA A100-SXM4-40GB MIG 4g.20gb (0),1,,13,cupy_copy__float32_float32
17363677877,482683,340662,1,1,1,32,32,1,30,0.000,0.000,,,,,NVIDIA A100-SXM4-40GB MIG 4g.20gb (0),1,,13,"void convert_kernel<__half2, float2>(tensor_layout_any, T1 *, tensor_layout_any, const T2 *)"
17364190895,5504,340665,,,,,,,,,,0.094,17023.251,Pinned,Device,NVIDIA A100-SXM4-40GB MIG 4g.20gb (0),1,,13,[CUDA memcpy Host-to-Device]
17364214991,4096,340666,,,,,,,,,,1.547,377592.783,Device,,NVIDIA A100-SXM4-40GB MIG 4g.20gb (0),1,,13,[CUDA memset]
17364223855,3296,340671,,,,,,,,,,0.031,9495.144,Pinned,Device,NVIDIA A100-SXM4-40GB MIG 4g.20gb (0),1,,13,[CUDA memcpy Host-to-Device]
17364233807,15168,340672,,,,,,,,,,0.197,12961.972,Pinned,Device,NVIDIA A100-SXM4-40GB MIG 4g.20gb (0),1,,13,[CUDA memcpy Host-to-Device]
17364333454,16000,340673,273,1,1,8,4,1,39,0.002,0.000,,,,,NVIDIA A100-SXM4-40GB MIG 4g.20gb (0),1,,13,"void channel_eq::eqMmseCoefCompLowMimoKernel<float, float, float, (unsigned int)4, (unsigned int)1, (unsigned int)4>(const channel_eq::_puschRxChEqStatDescr *, channel_eq::_puschRxChEqCoefCompDynDescr)"
17364435437,14719,340674,273,1,1,12,11,1,51,0.002,0.000,,,,,NVIDIA A100-SXM4-40GB MIG 4g.20gb (0),1,,13,"void channel_eq::eqMmseSoftDemapKernel<float, __half, __half, float, (unsigned int)4, (unsigned short)16383>(channel_eq::_puschRxChEqStatDescr *, channel_eq::_puschRxChEqSoftDemapDynDescr)"
17364550027,1003573,340675,1,1,1,32,32,1,30,0.000,0.000,,,,,NVIDIA A100-SXM4-40GB MIG 4g.20gb (0),1,,13,"void convert_kernel<float2, __half2>(tensor_layout_any, T1 *, tensor_layout_any, const T2 *)"
17365601503,20512,340687,2253,1,1,128,1,1,16,0.000,0.000,,,,,NVIDIA A100-SXM4-40GB MIG 4g.20gb (0),1,,13,cupy_copy__float16_float16
17365795261,11776,340696,282,1,1,128,1,1,16,0.000,0.000,,,,,NVIDIA A100-SXM4-40GB MIG 4g.20gb (0),1,,13,cupy_copy__complex64_complex64
17366039291,5951,340705,26,1,1,128,1,1,16,0.000,0.000,,,,,NVIDIA A100-SXM4-40GB MIG 4g.20gb (0),1,,13,cupy_copy__float32_float32
17366277432,7104,340714,103,1,1,128,1,1,16,0.000,0.000,,,,,NVIDIA A100-SXM4-40GB MIG 4g.20gb (0),1,,13,cupy_copy__complex64_complex64
17366505365,23616,340724,1434,1,1,128,1,1,16,0.000,0.000,,,,,NVIDIA A100-SXM4-40GB MIG 4g.20gb (0),1,,13,cupy_copy__complex64_complex64
17366647732,354044,340729,1,1,1,32,32,1,30,0.000,0.000,,,,,NVIDIA A100-SXM4-40GB MIG 4g.20gb (0),1,,13,"void convert_kernel<__half2, float2>(tensor_layout_any, T1 *, tensor_layout_any, const T2 *)"
17367034607,11936,340732,,,,,,,,,,0.094,7849.851,Pinned,Device,NVIDIA A100-SXM4-40GB MIG 4g.20gb (0),1,,13,[CUDA memcpy Host-to-Device]
17367066511,615321,340733,,,,,,,,,,456.561,741912.340,Device,,NVIDIA A100-SXM4-40GB MIG 4g.20gb (0),1,,13,[CUDA memset]
17367687304,62079,340738,,,,,,,,,,1.235,19892.478,Pinned,Device,NVIDIA A100-SXM4-40GB MIG 4g.20gb (0),1,,13,[CUDA memcpy Host-to-Device]
17367755719,12672,340739,,,,,,,,,,0.197,15515.124,Pinned,Device,NVIDIA A100-SXM4-40GB MIG 4g.20gb (0),1,,13,[CUDA memcpy Host-to-Device]
17367819623,18047,340740,69,4,1,48,1,1,76,0.002,0.000,,,,,NVIDIA A100-SXM4-40GB MIG 4g.20gb (0),1,,13,"void ch_est::windowedChEstPreNoDftSOfdmKernel<float, __half, float, (unsigned int)2, (unsigned int)1, (unsigned short)4>(ch_est::puschRxChEstStatDescr_t *, ch_est::puschRxChEstDynDescr_t *)"
17367954533,18496,340741,137,2,1,24,2,1,44,0.001,0.001,,,,,NVIDIA A100-SXM4-40GB MIG 4g.20gb (0),1,,13,"void ch_est::chEstFilterNoDftSOfdmDispatchKernel<float, __half, float, (unsigned int)2>(ch_est::puschRxChEstStatDescr_t *, ch_est::puschRxChEstDynDescr_t *)"
17368085220,16927,340742,137,2,1,24,2,1,44,0.001,0.001,,,,,NVIDIA A100-SXM4-40GB MIG 4g.20gb (0),1,,13,"void ch_est::chEstFilterNoDftSOfdmDispatchKernel<float, __half, float, (unsigned int)2>(ch_est::puschRxChEstStatDescr_t *, ch_est::puschRxChEstDynDescr_t *)"
17368112323,5120,340753,103,1,1,128,1,1,16,0.000,0.000,,,,,NVIDIA A100-SXM4-40GB MIG 4g.20gb (0),1,,13,cupy_copy__complex64_complex64
17368135523,20160,340763,1434,1,1,128,1,1,16,0.000,0.000,,,,,NVIDIA A100-SXM4-40GB MIG 4g.20gb (0),1,,13,cupy_copy__complex64_complex64
17368163395,5248,340770,103,1,1,128,1,1,16,0.000,0.000,,,,,NVIDIA A100-SXM4-40GB MIG 4g.20gb (0),1,,13,cupy_copy__complex64_complex64
17368183586,390236,340777,1,1,1,32,32,1,30,0.000,0.000,,,,,NVIDIA A100-SXM4-40GB MIG 4g.20gb (0),1,,13,"void convert_kernel<__half2, float2>(tensor_layout_any, T1 *, tensor_layout_any, const T2 *)"
17368604286,5440,340780,,,,,,,,,,0.094,17223.480,Pinned,Device,NVIDIA A100-SXM4-40GB MIG 4g.20gb (0),1,,13,[CUDA memcpy Host-to-Device]
17368620446,56383,340781,,,,,,,,,,35.810,635088.931,Device,,NVIDIA A100-SXM4-40GB MIG 4g.20gb (0),1,,13,[CUDA memset]
17368681757,1824,340783,,,,,,,,,,0.000,43.860,Pinned,Device,NVIDIA A100-SXM4-40GB MIG 4g.20gb (0),1,,13,[CUDA memcpy Host-to-Device]
17368690205,14144,340784,,,,,,,,,,0.197,13900.382,Pinned,Device,NVIDIA A100-SXM4-40GB MIG 4g.20gb (0),1,,13,[CUDA memcpy Host-to-Device]
17368712797,19135,340785,273,1,1,48,1,1,40,0.000,0.001,,,,,NVIDIA A100-SXM4-40GB MIG 4g.20gb (0),1,,13,"void pusch_noise_intf_est::noiseIntfEstNoDftSOfdmKernel<float, __half, float, float, (unsigned int)2, (unsigned int)1, (unsigned char)4, (unsigned char)4>(pusch_noise_intf_est::puschRxNoiseIntfEstDynDescr)"
17368742108,6944,340796,35,1,1,128,1,1,16,0.000,0.000,,,,,NVIDIA A100-SXM4-40GB MIG 4g.20gb (0),1,,13,cupy_copy__complex64_complex64
17368758940,2848,340805,1,1,1,1,1,1,18,0.000,0.000,,,,,NVIDIA A100-SXM4-40GB MIG 4g.20gb (0),1,,13,cupy_copy__float32_float32
17368767836,2048,340811,,,,,,,,,,0.000,1.953,Device,Pageable,NVIDIA A100-SXM4-40GB MIG 4g.20gb (0),1,,7,[CUDA memcpy Device-to-Host]
17368892187,19071,340822,1434,1,1,128,1,1,16,0.000,0.000,,,,,NVIDIA A100-SXM4-40GB MIG 4g.20gb (0),1,,13,cupy_copy__complex64_complex64
17369132344,13920,340829,103,1,1,128,1,1,16,0.000,0.000,,,,,NVIDIA A100-SXM4-40GB MIG 4g.20gb (0),1,,13,cupy_copy__complex64_complex64
17369355221,4032,340836,35,1,1,128,1,1,16,0.000,0.000,,,,,NVIDIA A100-SXM4-40GB MIG 4g.20gb (0),1,,13,cupy_copy__complex64_complex64
17369381429,6304,340843,1,1,1,1,1,1,18,0.000,0.000,,,,,NVIDIA A100-SXM4-40GB MIG 4g.20gb (0),1,,13,cupy_copy__float32_float32
17369396085,302780,340854,1,1,1,32,32,1,30,0.000,0.000,,,,,NVIDIA A100-SXM4-40GB MIG 4g.20gb (0),1,,13,"void convert_kernel<__half2, float2>(tensor_layout_any, T1 *, tensor_layout_any, const T2 *)"
17369727537,5664,340857,,,,,,,,,,0.094,16542.310,Pinned,Device,NVIDIA A100-SXM4-40GB MIG 4g.20gb (0),1,,13,[CUDA memcpy Host-to-Device]
17369908399,9056,340858,,,,,,,,,,1.547,170784.409,Device,,NVIDIA A100-SXM4-40GB MIG 4g.20gb (0),1,,13,[CUDA memset]
17369920079,6976,340863,,,,,,,,,,0.031,4486.219,Pinned,Device,NVIDIA A100-SXM4-40GB MIG 4g.20gb (0),1,,13,[CUDA memcpy Host-to-Device]
17369930063,16128,340864,,,,,,,,,,0.197,12190.286,Pinned,Device,NVIDIA A100-SXM4-40GB MIG 4g.20gb (0),1,,13,[CUDA memcpy Host-to-Device]
17370147436,40512,340865,273,1,1,8,4,1,39,0.002,0.000,,,,,NVIDIA A100-SXM4-40GB MIG 4g.20gb (0),1,,13,"void channel_eq::eqMmseCoefCompLowMimoKernel<float, float, float, (unsigned int)4, (unsigned int)1, (unsigned int)4>(const channel_eq::_puschRxChEqStatDescr *, channel_eq::_puschRxChEqCoefCompDynDescr)"
17370446921,12960,340866,273,1,1,12,11,1,51,0.002,0.000,,,,,NVIDIA A100-SXM4-40GB MIG 4g.20gb (0),1,,13,"void channel_eq::eqMmseSoftDemapKernel<float, __half, __half, float, (unsigned int)4, (unsigned short)16383>(channel_eq::_puschRxChEqStatDescr *, channel_eq::_puschRxChEqSoftDemapDynDescr)"
17370810117,718424,340867,1,1,1,32,32,1,30,0.000,0.000,,,,,NVIDIA A100-SXM4-40GB MIG 4g.20gb (0),1,,13,"void convert_kernel<float2, __half2>(tensor_layout_any, T1 *, tensor_layout_any, const T2 *)"
17371863833,15712,340879,2253,1,1,128,1,1,16,0.000,0.000,,,,,NVIDIA A100-SXM4-40GB MIG 4g.20gb (0),1,,13,cupy_copy__float16_float16
17372022711,11040,340888,282,1,1,128,1,1,16,0.000,0.000,,,,,NVIDIA A100-SXM4-40GB MIG 4g.20gb (0),1,,13,cupy_copy__complex64_complex64
17372169558,4640,340897,26,1,1,128,1,1,16,0.000,0.000,,,,,NVIDIA A100-SXM4-40GB MIG 4g.20gb (0),1,,13,cupy_copy__float32_float32
17372198357,13952,340906,103,1,1,128,1,1,16,0.000,0.000,,,,,NVIDIA A100-SXM4-40GB MIG 4g.20gb (0),1,,13,cupy_copy__complex64_complex64
17372346868,21663,340916,1434,1,1,128,1,1,16,0.000,0.000,,,,,NVIDIA A100-SXM4-40GB MIG 4g.20gb (0),1,,13,cupy_copy__complex64_complex64
17372504754,351772,340921,1,1,1,32,32,1,30,0.000,0.000,,,,,NVIDIA A100-SXM4-40GB MIG 4g.20gb (0),1,,13,"void convert_kernel<__half2, float2>(tensor_layout_any, T1 *, tensor_layout_any, const T2 *)"
17372886286,5920,340924,,,,,,,,,,0.094,15826.941,Pinned,Device,NVIDIA A100-SXM4-40GB MIG 4g.20gb (0),1,,13,[CUDA memcpy Host-to-Device]
17372900717,614682,340925,,,,,,,,,,456.561,742368.901,Device,,NVIDIA A100-SXM4-40GB MIG 4g.20gb (0),1,,13,[CUDA memset]
17373521415,74207,340930,,,,,,,,,,1.235,16640.870,Pinned,Device,NVIDIA A100-SXM4-40GB MIG 4g.20gb (0),1,,13,[CUDA memcpy Host-to-Device]
17373605350,12831,340931,,,,,,,,,,0.197,15322.841,Pinned,Device,NVIDIA A100-SXM4-40GB MIG 4g.20gb (0),1,,13,[CUDA memcpy Host-to-Device]
17373630469,10528,340932,69,4,1,48,1,1,76,0.002,0.000,,,,,NVIDIA A100-SXM4-40GB MIG 4g.20gb (0),1,,13,"void ch_est::windowedChEstPreNoDftSOfdmKernel<float, __half, float, (unsigned int)2, (unsigned int)1, (unsigned short)4>(ch_est::puschRxChEstStatDescr_t *, ch_est::puschRxChEstDynDescr_t *)"
17373649061,11520,340933,137,2,1,24,2,1,44,0.001,0.001,,,,,NVIDIA A100-SXM4-40GB MIG 4g.20gb (0),1,,13,"void ch_est::chEstFilterNoDftSOfdmDispatchKernel<float, __half, float, (unsigned int)2>(ch_est::puschRxChEstStatDescr_t *, ch_est::puschRxChEstDynDescr_t *)"
17373668933,10240,340934,137,2,1,24,2,1,44,0.001,0.001,,,,,NVIDIA A100-SXM4-40GB MIG 4g.20gb (0),1,,13,"void ch_est::chEstFilterNoDftSOfdmDispatchKernel<float, __half, float, (unsigned int)2>(ch_est::puschRxChEstStatDescr_t *, ch_est::puschRxChEstDynDescr_t *)"
17373697445,6047,340945,103,1,1,128,1,1,16,0.000,0.000,,,,,NVIDIA A100-SXM4-40GB MIG 4g.20gb (0),1,,13,cupy_copy__complex64_complex64
17373718596,15040,340955,1434,1,1,128,1,1,16,0.000,0.000,,,,,NVIDIA A100-SXM4-40GB MIG 4g.20gb (0),1,,13,cupy_copy__complex64_complex64
17373739652,3840,340962,103,1,1,128,1,1,16,0.000,0.000,,,,,NVIDIA A100-SXM4-40GB MIG 4g.20gb (0),1,,13,cupy_copy__complex64_complex64
17373760708,368668,340969,1,1,1,32,32,1,30,0.000,0.000,,,,,NVIDIA A100-SXM4-40GB MIG 4g.20gb (0),1,,13,"void convert_kernel<__half2, float2>(tensor_layout_any, T1 *, tensor_layout_any, const T2 *)"
17374157983,6016,340972,,,,,,,,,,0.094,15574.430,Pinned,Device,NVIDIA A100-SXM4-40GB MIG 4g.20gb (0),1,,13,[CUDA memcpy Host-to-Device]
17374330237,60032,340973,,,,,,,,,,35.810,596485.837,Device,,NVIDIA A100-SXM4-40GB MIG 4g.20gb (0),1,,13,[CUDA memset]
17374391261,2528,340975,,,,,,,,,,0.000,31.646,Pinned,Device,NVIDIA A100-SXM4-40GB MIG 4g.20gb (0),1,,13,[CUDA memcpy Host-to-Device]
17374399005,11456,340976,,,,,,,,,,0.197,17161.912,Pinned,Device,NVIDIA A100-SXM4-40GB MIG 4g.20gb (0),1,,13,[CUDA memcpy Host-to-Device]
17375020502,27391,340977,273,1,1,48,1,1,40,0.000,0.001,,,,,NVIDIA A100-SXM4-40GB MIG 4g.20gb (0),1,,13,"void pusch_noise_intf_est::noiseIntfEstNoDftSOfdmKernel<float, __half, float, float, (unsigned int)2, (unsigned int)1, (unsigned char)4, (unsigned char)4>(pusch_noise_intf_est::puschRxNoiseIntfEstDynDescr)"
17375656495,9599,340988,35,1,1,128,1,1,16,0.000,0.000,,,,,NVIDIA A100-SXM4-40GB MIG 4g.20gb (0),1,,13,cupy_copy__complex64_complex64
17376266376,3072,340997,1,1,1,1,1,1,18,0.000,0.000,,,,,NVIDIA A100-SXM4-40GB MIG 4g.20gb (0),1,,13,cupy_copy__float32_float32
17376283175,5440,341003,,,,,,,,,,0.000,0.735,Device,Pageable,NVIDIA A100-SXM4-40GB MIG 4g.20gb (0),1,,7,[CUDA memcpy Device-to-Host]
17376884161,21599,341014,1434,1,1,128,1,1,16,0.000,0.000,,,,,NVIDIA A100-SXM4-40GB MIG 4g.20gb (0),1,,13,cupy_copy__complex64_complex64
17377517914,8768,341021,103,1,1,128,1,1,16,0.000,0.000,,,,,NVIDIA A100-SXM4-40GB MIG 4g.20gb (0),1,,13,cupy_copy__complex64_complex64
17378128755,9792,341028,35,1,1,128,1,1,16,0.000,0.000,,,,,NVIDIA A100-SXM4-40GB MIG 4g.20gb (0),1,,13,cupy_copy__complex64_complex64
17378738732,2656,341035,1,1,1,1,1,1,18,0.000,0.000,,,,,NVIDIA A100-SXM4-40GB MIG 4g.20gb (0),1,,13,cupy_copy__float32_float32
17379215751,323612,341046,1,1,1,32,32,1,30,0.000,0.000,,,,,NVIDIA A100-SXM4-40GB MIG 4g.20gb (0),1,,13,"void convert_kernel<__half2, float2>(tensor_layout_any, T1 *, tensor_layout_any, const T2 *)"
17379568675,5504,341049,,,,,,,,,,0.094,17023.251,Pinned,Device,NVIDIA A100-SXM4-40GB MIG 4g.20gb (0),1,,13,[CUDA memcpy Host-to-Device]
17379869983,8480,341050,,,,,,,,,,1.547,182384.089,Device,,NVIDIA A100-SXM4-40GB MIG 4g.20gb (0),1,,13,[CUDA memset]
17379883455,6176,341055,,,,,,,,,,0.031,5067.354,Pinned,Device,NVIDIA A100-SXM4-40GB MIG 4g.20gb (0),1,,13,[CUDA memcpy Host-to-Device]
17379895679,13600,341056,,,,,,,,,,0.197,14456.390,Pinned,Device,NVIDIA A100-SXM4-40GB MIG 4g.20gb (0),1,,13,[CUDA memcpy Host-to-Device]
17380298810,20352,341057,273,1,1,8,4,1,39,0.002,0.000,,,,,NVIDIA A100-SXM4-40GB MIG 4g.20gb (0),1,,13,"void channel_eq::eqMmseCoefCompLowMimoKernel<float, float, float, (unsigned int)4, (unsigned int)1, (unsigned int)4>(const channel_eq::_puschRxChEqStatDescr *, channel_eq::_puschRxChEqCoefCompDynDescr)"
17380326618,11040,341058,273,1,1,12,11,1,51,0.002,0.000,,,,,NVIDIA A100-SXM4-40GB MIG 4g.20gb (0),1,,13,"void channel_eq::eqMmseSoftDemapKernel<float, __half, __half, float, (unsigned int)4, (unsigned short)16383>(channel_eq::_puschRxChEqStatDescr *, channel_eq::_puschRxChEqSoftDemapDynDescr)"
17380346842,821687,341059,1,1,1,32,32,1,30,0.000,0.000,,,,,NVIDIA A100-SXM4-40GB MIG 4g.20gb (0),1,,13,"void convert_kernel<float2, __half2>(tensor_layout_any, T1 *, tensor_layout_any, const T2 *)"
17381181264,13184,341071,2253,1,1,128,1,1,16,0.000,0.000,,,,,NVIDIA A100-SXM4-40GB MIG 4g.20gb (0),1,,13,cupy_copy__float16_float16
17381208368,6784,341080,282,1,1,128,1,1,16,0.000,0.000,,,,,NVIDIA A100-SXM4-40GB MIG 4g.20gb (0),1,,13,cupy_copy__complex64_complex64
17381219344,2944,341089,26,1,1,128,1,1,16,0.000,0.000,,,,,NVIDIA A100-SXM4-40GB MIG 4g.20gb (0),1,,13,cupy_copy__float32_float32
17381236400,7232,341098,103,1,1,128,1,1,16,0.000,0.000,,,,,NVIDIA A100-SXM4-40GB MIG 4g.20gb (0),1,,13,cupy_copy__complex64_complex64
17381255088,15199,341108,1434,1,1,128,1,1,16,0.000,0.000,,,,,NVIDIA A100-SXM4-40GB MIG 4g.20gb (0),1,,13,cupy_copy__complex64_complex64
17381283343,429979,341113,1,1,1,32,32,1,30,0.000,0.000,,,,,NVIDIA A100-SXM4-40GB MIG 4g.20gb (0),1,,13,"void convert_kernel<__half2, float2>(tensor_layout_any, T1 *, tensor_layout_any, const T2 *)"
17381742218,8832,341116,,,,,,,,,,0.094,10608.636,Pinned,Device,NVIDIA A100-SXM4-40GB MIG 4g.20gb (0),1,,13,[CUDA memcpy Host-to-Device]
17381986375,618809,341117,,,,,,,,,,456.561,737803.287,Device,,NVIDIA A100-SXM4-40GB MIG 4g.20gb (0),1,,13,[CUDA memset]
17382610592,64352,341122,,,,,,,,,,1.235,19189.795,Pinned,Device,NVIDIA A100-SXM4-40GB MIG 4g.20gb (0),1,,13,[CUDA memcpy Host-to-Device]
17382677376,10048,341123,,,,,,,,,,0.197,19566.821,Pinned,Device,NVIDIA A100-SXM4-40GB MIG 4g.20gb (0),1,,13,[CUDA memcpy Host-to-Device]
17382962908,20800,341124,69,4,1,48,1,1,76,0.002,0.000,,,,,NVIDIA A100-SXM4-40GB MIG 4g.20gb (0),1,,13,"void ch_est::windowedChEstPreNoDftSOfdmKernel<float, __half, float, (unsigned int)2, (unsigned int)1, (unsigned short)4>(ch_est::puschRxChEstStatDescr_t *, ch_est::puschRxChEstDynDescr_t *)"
17382988956,12192,341125,137,2,1,24,2,1,44,0.001,0.001,,,,,NVIDIA A100-SXM4-40GB MIG 4g.20gb (0),1,,13,"void ch_est::chEstFilterNoDftSOfdmDispatchKernel<float, __half, float, (unsigned int)2>(ch_est::puschRxChEstStatDescr_t *, ch_est::puschRxChEstDynDescr_t *)"
17383007900,10880,341126,137,2,1,24,2,1,44,0.001,0.001,,,,,NVIDIA A100-SXM4-40GB MIG 4g.20gb (0),1,,13,"void ch_est::chEstFilterNoDftSOfdmDispatchKernel<float, __half, float, (unsigned int)2>(ch_est::puschRxChEstStatDescr_t *, ch_est::puschRxChEstDynDescr_t *)"
17383023772,4608,341137,103,1,1,128,1,1,16,0.000,0.000,,,,,NVIDIA A100-SXM4-40GB MIG 4g.20gb (0),1,,13,cupy_copy__complex64_complex64
17383042172,14751,341147,1434,1,1,128,1,1,16,0.000,0.000,,,,,NVIDIA A100-SXM4-40GB MIG 4g.20gb (0),1,,13,cupy_copy__complex64_complex64
17383068123,5536,341154,103,1,1,128,1,1,16,0.000,0.000,,,,,NVIDIA A100-SXM4-40GB MIG 4g.20gb (0),1,,13,cupy_copy__complex64_complex64
17383079163,298973,341161,1,1,1,32,32,1,30,0.000,0.000,,,,,NVIDIA A100-SXM4-40GB MIG 4g.20gb (0),1,,13,"void convert_kernel<__half2, float2>(tensor_layout_any, T1 *, tensor_layout_any, const T2 *)"
17383413751,12128,341164,,,,,,,,,,0.094,7725.516,Pinned,Device,NVIDIA A100-SXM4-40GB MIG 4g.20gb (0),1,,13,[CUDA memcpy Host-to-Device]
17383502774,60320,341165,,,,,,,,,,35.810,593656.854,Device,,NVIDIA A100-SXM4-40GB MIG 4g.20gb (0),1,,13,[CUDA memset]
17383567926,2720,341167,,,,,,,,,,0.000,29.412,Pinned,Device,NVIDIA A100-SXM4-40GB MIG 4g.20gb (0),1,,13,[CUDA memcpy Host-to-Device]
17383576950,14751,341168,,,,,,,,,,0.197,13328.450,Pinned,Device,NVIDIA A100-SXM4-40GB MIG 4g.20gb (0),1,,13,[CUDA memcpy Host-to-Device]
17384006321,19904,341169,273,1,1,48,1,1,40,0.000,0.001,,,,,NVIDIA A100-SXM4-40GB MIG 4g.20gb (0),1,,13,"void pusch_noise_intf_est::noiseIntfEstNoDftSOfdmKernel<float, __half, float, float, (unsigned int)2, (unsigned int)1, (unsigned char)4, (unsigned char)4>(pusch_noise_intf_est::puschRxNoiseIntfEstDynDescr)"
17384434572,14976,341180,35,1,1,128,1,1,16,0.000,0.000,,,,,NVIDIA A100-SXM4-40GB MIG 4g.20gb (0),1,,13,cupy_copy__complex64_complex64
17384773800,10528,341189,1,1,1,1,1,1,18,0.000,0.000,,,,,NVIDIA A100-SXM4-40GB MIG 4g.20gb (0),1,,13,cupy_copy__float32_float32
17384787208,3520,341195,,,,,,,,,,0.000,1.136,Device,Pageable,NVIDIA A100-SXM4-40GB MIG 4g.20gb (0),1,,7,[CUDA memcpy Device-to-Host]
17385199203,28448,341206,1434,1,1,128,1,1,16,0.000,0.000,,,,,NVIDIA A100-SXM4-40GB MIG 4g.20gb (0),1,,13,cupy_copy__complex64_complex64
17385326498,10400,341213,103,1,1,128,1,1,16,0.000,0.000,,,,,NVIDIA A100-SXM4-40GB MIG 4g.20gb (0),1,,13,cupy_copy__complex64_complex64
17385740253,11264,341220,35,1,1,128,1,1,16,0.000,0.000,,,,,NVIDIA A100-SXM4-40GB MIG 4g.20gb (0),1,,13,cupy_copy__complex64_complex64
17386065210,5760,341227,1,1,1,1,1,1,18,0.000,0.000,,,,,NVIDIA A100-SXM4-40GB MIG 4g.20gb (0),1,,13,cupy_copy__float32_float32
17386186424,345020,341238,1,1,1,32,32,1,30,0.000,0.000,,,,,NVIDIA A100-SXM4-40GB MIG 4g.20gb (0),1,,13,"void convert_kernel<__half2, float2>(tensor_layout_any, T1 *, tensor_layout_any, const T2 *)"
17386560948,6016,341241,,,,,,,,,,0.094,15574.430,Pinned,Device,NVIDIA A100-SXM4-40GB MIG 4g.20gb (0),1,,13,[CUDA memcpy Host-to-Device]
17386615187,15616,341242,,,,,,,,,,1.547,99039.614,Device,,NVIDIA A100-SXM4-40GB MIG 4g.20gb (0),1,,13,[CUDA memset]
17386641747,3808,341247,,,,,,,,,,0.031,8218.486,Pinned,Device,NVIDIA A100-SXM4-40GB MIG 4g.20gb (0),1,,13,[CUDA memcpy Host-to-Device]
17386650963,15360,341248,,,,,,,,,,0.197,12799.967,Pinned,Device,NVIDIA A100-SXM4-40GB MIG 4g.20gb (0),1,,13,[CUDA memcpy Host-to-Device]
17386719698,27488,341249,273,1,1,8,4,1,39,0.002,0.000,,,,,NVIDIA A100-SXM4-40GB MIG 4g.20gb (0),1,,13,"void channel_eq::eqMmseCoefCompLowMimoKernel<float, float, float, (unsigned int)4, (unsigned int)1, (unsigned int)4>(const channel_eq::_puschRxChEqStatDescr *, channel_eq::_puschRxChEqCoefCompDynDescr)"
17386812977,17664,341250,273,1,1,12,11,1,51,0.002,0.000,,,,,NVIDIA A100-SXM4-40GB MIG 4g.20gb (0),1,,13,"void channel_eq::eqMmseSoftDemapKernel<float, __half, __half, float, (unsigned int)4, (unsigned short)16383>(channel_eq::_puschRxChEqStatDescr *, channel_eq::_puschRxChEqSoftDemapDynDescr)"
17386922544,905846,341251,1,1,1,32,32,1,30,0.000,0.000,,,,,NVIDIA A100-SXM4-40GB MIG 4g.20gb (0),1,,13,"void convert_kernel<float2, __half2>(tensor_layout_any, T1 *, tensor_layout_any, const T2 *)"
17387841030,13919,341263,2253,1,1,128,1,1,16,0.000,0.000,,,,,NVIDIA A100-SXM4-40GB MIG 4g.20gb (0),1,,13,cupy_copy__float16_float16
17387866469,5472,341272,282,1,1,128,1,1,16,0.000,0.000,,,,,NVIDIA A100-SXM4-40GB MIG 4g.20gb (0),1,,13,cupy_copy__complex64_complex64
17387886597,4992,341281,26,1,1,128,1,1,16,0.000,0.000,,,,,NVIDIA A100-SXM4-40GB MIG 4g.20gb (0),1,,13,cupy_copy__float32_float32
17387893957,5504,341290,103,1,1,128,1,1,16,0.000,0.000,,,,,NVIDIA A100-SXM4-40GB MIG 4g.20gb (0),1,,13,cupy_copy__complex64_complex64
17387909765,17472,341300,1434,1,1,128,1,1,16,0.000,0.000,,,,,NVIDIA A100-SXM4-40GB MIG 4g.20gb (0),1,,13,cupy_copy__complex64_complex64
17387940101,391099,341305,1,1,1,32,32,1,30,0.000,0.000,,,,,NVIDIA A100-SXM4-40GB MIG 4g.20gb (0),1,,13,"void convert_kernel<__half2, float2>(tensor_layout_any, T1 *, tensor_layout_any, const T2 *)"
17388363648,5632,341308,,,,,,,,,,0.094,16636.287,Pinned,Device,NVIDIA A100-SXM4-40GB MIG 4g.20gb (0),1,,13,[CUDA memcpy Host-to-Device]
17388380608,616889,341309,,,,,,,,,,456.561,740086.094,Device,,NVIDIA A100-SXM4-40GB MIG 4g.20gb (0),1,,13,[CUDA memset]
17389002585,69375,341314,,,,,,,,,,1.235,17800.483,Pinned,Device,NVIDIA A100-SXM4-40GB MIG 4g.20gb (0),1,,13,[CUDA memcpy Host-to-Device]
17389074872,15488,341315,,,,,,,,,,0.197,12694.192,Pinned,Device,NVIDIA A100-SXM4-40GB MIG 4g.20gb (0),1,,13,[CUDA memcpy Host-to-Device]
17389106583,14368,341316,69,4,1,48,1,1,76,0.002,0.000,,,,,NVIDIA A100-SXM4-40GB MIG 4g.20gb (0),1,,13,"void ch_est::windowedChEstPreNoDftSOfdmKernel<float, __half, float, (unsigned int)2, (unsigned int)1, (unsigned short)4>(ch_est::puschRxChEstStatDescr_t *, ch_est::puschRxChEstDynDescr_t *)"
17389127639,9120,341317,137,2,1,24,2,1,44,0.001,0.001,,,,,NVIDIA A100-SXM4-40GB MIG 4g.20gb (0),1,,13,"void ch_est::chEstFilterNoDftSOfdmDispatchKernel<float, __half, float, (unsigned int)2>(ch_est::puschRxChEstStatDescr_t *, ch_est::puschRxChEstDynDescr_t *)"
17389144983,8032,341318,137,2,1,24,2,1,44,0.001,0.001,,,,,NVIDIA A100-SXM4-40GB MIG 4g.20gb (0),1,,13,"void ch_est::chEstFilterNoDftSOfdmDispatchKernel<float, __half, float, (unsigned int)2>(ch_est::puschRxChEstStatDescr_t *, ch_est::puschRxChEstDynDescr_t *)"
17389168215,6176,341329,103,1,1,128,1,1,16,0.000,0.000,,,,,NVIDIA A100-SXM4-40GB MIG 4g.20gb (0),1,,13,cupy_copy__complex64_complex64
17389186071,15967,341339,1434,1,1,128,1,1,16,0.000,0.000,,,,,NVIDIA A100-SXM4-40GB MIG 4g.20gb (0),1,,13,cupy_copy__complex64_complex64
17389211126,5696,341346,103,1,1,128,1,1,16,0.000,0.000,,,,,NVIDIA A100-SXM4-40GB MIG 4g.20gb (0),1,,13,cupy_copy__complex64_complex64
17389233974,378332,341353,1,1,1,32,32,1,30,0.000,0.000,,,,,NVIDIA A100-SXM4-40GB MIG 4g.20gb (0),1,,13,"void convert_kernel<__half2, float2>(tensor_layout_any, T1 *, tensor_layout_any, const T2 *)"
17389644017,6944,341356,,,,,,,,,,0.094,13493.067,Pinned,Device,NVIDIA A100-SXM4-40GB MIG 4g.20gb (0),1,,13,[CUDA memcpy Host-to-Device]
17389897999,62047,341357,,,,,,,,,,35.810,577112.671,Device,,NVIDIA A100-SXM4-40GB MIG 4g.20gb (0),1,,13,[CUDA memset]
17389963854,2272,341359,,,,,,,,,,0.000,35.211,Pinned,Device,NVIDIA A100-SXM4-40GB MIG 4g.20gb (0),1,,13,[CUDA memcpy Host-to-Device]
17389969358,13056,341360,,,,,,,,,,0.197,15058.797,Pinned,Device,NVIDIA A100-SXM4-40GB MIG 4g.20gb (0),1,,13,[CUDA memcpy Host-to-Device]
17390304170,16544,341361,273,1,1,48,1,1,40,0.000,0.001,,,,,NVIDIA A100-SXM4-40GB MIG 4g.20gb (0),1,,13,"void pusch_noise_intf_est::noiseIntfEstNoDftSOfdmKernel<float, __half, float, float, (unsigned int)2, (unsigned int)1, (unsigned char)4, (unsigned char)4>(pusch_noise_intf_est::puschRxNoiseIntfEstDynDescr)"
17390618758,12832,341372,35,1,1,128,1,1,16,0.000,0.000,,,,,NVIDIA A100-SXM4-40GB MIG 4g.20gb (0),1,,13,cupy_copy__complex64_complex64
17390767557,4672,341381,1,1,1,1,1,1,18,0.000,0.000,,,,,NVIDIA A100-SXM4-40GB MIG 4g.20gb (0),1,,13,cupy_copy__float32_float32
17390779717,2016,341387,,,,,,,,,,0.000,1.984,Device,Pageable,NVIDIA A100-SXM4-40GB MIG 4g.20gb (0),1,,7,[CUDA memcpy Device-to-Host]
17391092257,20288,341398,1434,1,1,128,1,1,16,0.000,0.000,,,,,NVIDIA A100-SXM4-40GB MIG 4g.20gb (0),1,,13,cupy_copy__complex64_complex64
17391424893,7616,341405,103,1,1,128,1,1,16,0.000,0.000,,,,,NVIDIA A100-SXM4-40GB MIG 4g.20gb (0),1,,13,cupy_copy__complex64_complex64
17391733082,8928,341412,35,1,1,128,1,1,16,0.000,0.000,,,,,NVIDIA A100-SXM4-40GB MIG 4g.20gb (0),1,,13,cupy_copy__complex64_complex64
17392036471,5695,341419,1,1,1,1,1,1,18,0.000,0.000,,,,,NVIDIA A100-SXM4-40GB MIG 4g.20gb (0),1,,13,cupy_copy__float32_float32
17392225268,278269,341430,1,1,1,32,32,1,30,0.000,0.000,,,,,NVIDIA A100-SXM4-40GB MIG 4g.20gb (0),1,,13,"void convert_kernel<__half2, float2>(tensor_layout_any, T1 *, tensor_layout_any, const T2 *)"
17392533425,8128,341433,,,,,,,,,,0.094,11527.513,Pinned,Device,NVIDIA A100-SXM4-40GB MIG 4g.20gb (0),1,,13,[CUDA memcpy Host-to-Device]
17392709647,9024,341434,,,,,,,,,,1.547,171389.139,Device,,NVIDIA A100-SXM4-40GB MIG 4g.20gb (0),1,,13,[CUDA memset]
17392725263,3104,341439,,,,,,,,,,0.031,10082.445,Pinned,Device,NVIDIA A100-SXM4-40GB MIG 4g.20gb (0),1,,13,[CUDA memcpy Host-to-Device]
17392732559,13312,341440,,,,,,,,,,0.197,14769.193,Pinned,Device,NVIDIA A100-SXM4-40GB MIG 4g.20gb (0),1,,13,[CUDA memcpy Host-to-Device]
17392757902,15584,341441,273,1,1,8,4,1,39,0.002,0.000,,,,,NVIDIA A100-SXM4-40GB MIG 4g.20gb (0),1,,13,"void channel_eq::eqMmseCoefCompLowMimoKernel<float, float, float, (unsigned int)4, (unsigned int)1, (unsigned int)4>(const channel_eq::_puschRxChEqStatDescr *, channel_eq::_puschRxChEqCoefCompDynDescr)"
17392777966,10208,341442,273,1,1,12,11,1,51,0.002,0.000,,,,,NVIDIA A100-SXM4-40GB MIG 4g.20gb (0),1,,13,"void channel_eq::eqMmseSoftDemapKernel<float, __half, __half, float, (unsigned int)4, (unsigned short)16383>(channel_eq::_puschRxChEqStatDescr *, channel_eq::_puschRxChEqSoftDemapDynDescr)"
17392798542,804695,341443,1,1,1,32,32,1,30,0.000,0.000,,,,,NVIDIA A100-SXM4-40GB MIG 4g.20gb (0),1,,13,"void convert_kernel<float2, __half2>(tensor_layout_any, T1 *, tensor_layout_any, const T2 *)"
17393611237,14368,341455,2253,1,1,128,1,1,16,0.000,0.000,,,,,NVIDIA A100-SXM4-40GB MIG 4g.20gb (0),1,,13,cupy_copy__float16_float16
17393638085,5951,341464,282,1,1,128,1,1,16,0.000,0.000,,,,,NVIDIA A100-SXM4-40GB MIG 4g.20gb (0),1,,13,cupy_copy__complex64_complex64
17393652932,2784,341473,26,1,1,128,1,1,16,0.000,0.000,,,,,NVIDIA A100-SXM4-40GB MIG 4g.20gb (0),1,,13,cupy_copy__float32_float32
17393671908,6368,341482,103,1,1,128,1,1,16,0.000,0.000,,,,,NVIDIA A100-SXM4-40GB MIG 4g.20gb (0),1,,13,cupy_copy__complex64_complex64
17393687300,13600,341492,1434,1,1,128,1,1,16,0.000,0.000,,,,,NVIDIA A100-SXM4-40GB MIG 4g.20gb (0),1,,13,cupy_copy__complex64_complex64
17393714788,392283,341497,1,1,1,32,32,1,30,0.000,0.000,,,,,NVIDIA A100-SXM4-40GB MIG 4g.20gb (0),1,,13,"void convert_kernel<__half2, float2>(tensor_layout_any, T1 *, tensor_layout_any, const T2 *)"
17394136415,6144,341500,,,,,,,,,,0.094,15249.961,Pinned,Device,NVIDIA A100-SXM4-40GB MIG 4g.20gb (0),1,,13,[CUDA memcpy Host-to-Device]
17394149535,616089,341501,,,,,,,,,,456.561,740999.217,Device,,NVIDIA A100-SXM4-40GB MIG 4g.20gb (0),1,,13,[CUDA memset]
17394771224,62079,341506,,,,,,,,,,1.235,19892.478,Pinned,Device,NVIDIA A100-SXM4-40GB MIG 4g.20gb (0),1,,13,[CUDA memcpy Host-to-Device]
17394841655,12448,341507,,,,,,,,,,0.197,15794.307,Pinned,Device,NVIDIA A100-SXM4-40GB MIG 4g.20gb (0),1,,13,[CUDA memcpy Host-to-Device]
17395020853,23072,341508,69,4,1,48,1,1,76,0.002,0.000,,,,,NVIDIA A100-SXM4-40GB MIG 4g.20gb (0),1,,13,"void ch_est::windowedChEstPreNoDftSOfdmKernel<float, __half, float, (unsigned int)2, (unsigned int)1, (unsigned short)4>(ch_est::puschRxChEstStatDescr_t *, ch_est::puschRxChEstDynDescr_t *)"
17395190995,10976,341509,137,2,1,24,2,1,44,0.001,0.001,,,,,NVIDIA A100-SXM4-40GB MIG 4g.20gb (0),1,,13,"void ch_est::chEstFilterNoDftSOfdmDispatchKernel<float, __half, float, (unsigned int)2>(ch_est::puschRxChEstStatDescr_t *, ch_est::puschRxChEstDynDescr_t *)"
17395437776,12320,341510,137,2,1,24,2,1,44,0.001,0.001,,,,,NVIDIA A100-SXM4-40GB MIG 4g.20gb (0),1,,13,"void ch_est::chEstFilterNoDftSOfdmDispatchKernel<float, __half, float, (unsigned int)2>(ch_est::puschRxChEstStatDescr_t *, ch_est::puschRxChEstDynDescr_t *)"
17395568847,6560,341521,103,1,1,128,1,1,16,0.000,0.000,,,,,NVIDIA A100-SXM4-40GB MIG 4g.20gb (0),1,,13,cupy_copy__complex64_complex64
17395806252,19840,341531,1434,1,1,128,1,1,16,0.000,0.000,,,,,NVIDIA A100-SXM4-40GB MIG 4g.20gb (0),1,,13,cupy_copy__complex64_complex64
17396046121,7200,341538,103,1,1,128,1,1,16,0.000,0.000,,,,,NVIDIA A100-SXM4-40GB MIG 4g.20gb (0),1,,13,cupy_copy__complex64_complex64
17396256615,328700,341545,1,1,1,32,32,1,30,0.000,0.000,,,,,NVIDIA A100-SXM4-40GB MIG 4g.20gb (0),1,,13,"void convert_kernel<__half2, float2>(tensor_layout_any, T1 *, tensor_layout_any, const T2 *)"
17396616707,9760,341548,,,,,,,,,,0.094,9599.998,Pinned,Device,NVIDIA A100-SXM4-40GB MIG 4g.20gb (0),1,,13,[CUDA memcpy Host-to-Device]
17396730306,57791,341549,,,,,,,,,,35.810,619619.046,Device,,NVIDIA A100-SXM4-40GB MIG 4g.20gb (0),1,,13,[CUDA memset]
17396789185,5280,341551,,,,,,,,,,0.000,15.151,Pinned,Device,NVIDIA A100-SXM4-40GB MIG 4g.20gb (0),1,,13,[CUDA memcpy Host-to-Device]
17396800929,13280,341552,,,,,,,,,,0.197,14804.779,Pinned,Device,NVIDIA A100-SXM4-40GB MIG 4g.20gb (0),1,,13,[CUDA memcpy Host-to-Device]
17397012351,18975,341553,273,1,1,48,1,1,40,0.000,0.001,,,,,NVIDIA A100-SXM4-40GB MIG 4g.20gb (0),1,,13,"void pusch_noise_intf_est::noiseIntfEstNoDftSOfdmKernel<float, __half, float, float, (unsigned int)2, (unsigned int)1, (unsigned char)4, (unsigned char)4>(pusch_noise_intf_est::puschRxNoiseIntfEstDynDescr)"
17397253660,6656,341564,35,1,1,128,1,1,16,0.000,0.000,,,,,NVIDIA A100-SXM4-40GB MIG 4g.20gb (0),1,,13,cupy_copy__complex64_complex64
17397379386,4704,341573,1,1,1,1,1,1,18,0.000,0.000,,,,,NVIDIA A100-SXM4-40GB MIG 4g.20gb (0),1,,13,cupy_copy__float32_float32
17397395034,4160,341579,,,,,,,,,,0.000,0.962,Device,Pageable,NVIDIA A100-SXM4-40GB MIG 4g.20gb (0),1,,7,[CUDA memcpy Device-to-Host]
17397459610,18527,341590,1434,1,1,128,1,1,16,0.000,0.000,,,,,NVIDIA A100-SXM4-40GB MIG 4g.20gb (0),1,,13,cupy_copy__complex64_complex64
17397490137,5280,341597,103,1,1,128,1,1,16,0.000,0.000,,,,,NVIDIA A100-SXM4-40GB MIG 4g.20gb (0),1,,13,cupy_copy__complex64_complex64
17397511001,4448,341604,35,1,1,128,1,1,16,0.000,0.000,,,,,NVIDIA A100-SXM4-40GB MIG 4g.20gb (0),1,,13,cupy_copy__complex64_complex64
17397531577,2784,341611,1,1,1,1,1,1,18,0.000,0.000,,,,,NVIDIA A100-SXM4-40GB MIG 4g.20gb (0),1,,13,cupy_copy__float32_float32
17397668471,425371,341622,1,1,1,32,32,1,30,0.000,0.000,,,,,NVIDIA A100-SXM4-40GB MIG 4g.20gb (0),1,,13,"void convert_kernel<__half2, float2>(tensor_layout_any, T1 *, tensor_layout_any, const T2 *)"
17398124338,5504,341625,,,,,,,,,,0.094,17023.251,Pinned,Device,NVIDIA A100-SXM4-40GB MIG 4g.20gb (0),1,,13,[CUDA memcpy Host-to-Device]
17398141650,5600,341626,,,,,,,,,,1.547,276182.194,Device,,NVIDIA A100-SXM4-40GB MIG 4g.20gb (0),1,,13,[CUDA memset]
17398154130,3968,341631,,,,,,,,,,0.031,7887.093,Pinned,Device,NVIDIA A100-SXM4-40GB MIG 4g.20gb (0),1,,13,[CUDA memcpy Host-to-Device]
17398160882,10112,341632,,,,,,,,,,0.197,19442.958,Pinned,Device,NVIDIA A100-SXM4-40GB MIG 4g.20gb (0),1,,13,[CUDA memcpy Host-to-Device]
17398191665,14432,341633,273,1,1,8,4,1,39,0.002,0.000,,,,,NVIDIA A100-SXM4-40GB MIG 4g.20gb (0),1,,13,"void channel_eq::eqMmseCoefCompLowMimoKernel<float, float, float, (unsigned int)4, (unsigned int)1, (unsigned int)4>(const channel_eq::_puschRxChEqStatDescr *, channel_eq::_puschRxChEqCoefCompDynDescr)"
17398210257,9792,341634,273,1,1,12,11,1,51,0.002,0.000,,,,,NVIDIA A100-SXM4-40GB MIG 4g.20gb (0),1,,13,"void channel_eq::eqMmseSoftDemapKernel<float, __half, __half, float, (unsigned int)4, (unsigned short)16383>(channel_eq::_puschRxChEqStatDescr *, channel_eq::_puschRxChEqSoftDemapDynDescr)"
17398231121,770871,341635,1,1,1,32,32,1,30,0.000,0.000,,,,,NVIDIA A100-SXM4-40GB MIG 4g.20gb (0),1,,13,"void convert_kernel<float2, __half2>(tensor_layout_any, T1 *, tensor_layout_any, const T2 *)"
17399207910,14464,341647,2253,1,1,128,1,1,16,0.000,0.000,,,,,NVIDIA A100-SXM4-40GB MIG 4g.20gb (0),1,,13,cupy_copy__float16_float16
17399855391,4064,341656,282,1,1,128,1,1,16,0.000,0.000,,,,,NVIDIA A100-SXM4-40GB MIG 4g.20gb (0),1,,13,cupy_copy__complex64_complex64
17400307258,5248,341665,26,1,1,128,1,1,16,0.000,0.000,,,,,NVIDIA A100-SXM4-40GB MIG 4g.20gb (0),1,,13,cupy_copy__float32_float32
17400533719,13440,341674,103,1,1,128,1,1,16,0.000,0.000,,,,,NVIDIA A100-SXM4-40GB MIG 4g.20gb (0),1,,13,cupy_copy__complex64_complex64
17400983378,21472,341684,1434,1,1,128,1,1,16,0.000,0.000,,,,,NVIDIA A100-SXM4-40GB MIG 4g.20gb (0),1,,13,cupy_copy__complex64_complex64
17401639787,289788,341689,1,1,1,32,32,1,30,0.000,0.000,,,,,NVIDIA A100-SXM4-40GB MIG 4g.20gb (0),1,,13,"void convert_kernel<__half2, float2>(tensor_layout_any, T1 *, tensor_layout_any, const T2 *)"
17401959175,5728,341692,,,,,,,,,,0.094,16357.541,Pinned,Device,NVIDIA A100-SXM4-40GB MIG 4g.20gb (0),1,,13,[CUDA memcpy Host-to-Device]
17402488129,610873,341693,,,,,,,,,,456.561,747391.077,Device,,NVIDIA A100-SXM4-40GB MIG 4g.20gb (0),1,,13,[CUDA memset]
17403103066,59168,341698,,,,,,,,,,1.235,20871.789,Pinned,Device,NVIDIA A100-SXM4-40GB MIG 4g.20gb (0),1,,13,[CUDA memcpy Host-to-Device]
17403164890,10047,341699,,,,,,,,,,0.197,19568.787,Pinned,Device,NVIDIA A100-SXM4-40GB MIG 4g.20gb (0),1,,13,[CUDA memcpy Host-to-Device]
17403746835,11520,341700,69,4,1,48,1,1,76,0.002,0.000,,,,,NVIDIA A100-SXM4-40GB MIG 4g.20gb (0),1,,13,"void ch_est::windowedChEstPreNoDftSOfdmKernel<float, __half, float, (unsigned int)2, (unsigned int)1, (unsigned short)4>(ch_est::puschRxChEstStatDescr_t *, ch_est::puschRxChEstDynDescr_t *)"
17404399084,10048,341701,137,2,1,24,2,1,44,0.001,0.001,,,,,NVIDIA A100-SXM4-40GB MIG 4g.20gb (0),1,,13,"void ch_est::chEstFilterNoDftSOfdmDispatchKernel<float, __half, float, (unsigned int)2>(ch_est::puschRxChEstStatDescr_t *, ch_est::puschRxChEstDynDescr_t *)"
17405050724,9920,341702,137,2,1,24,2,1,44,0.001,0.001,,,,,NVIDIA A100-SXM4-40GB MIG 4g.20gb (0),1,,13,"void ch_est::chEstFilterNoDftSOfdmDispatchKernel<float, __half, float, (unsigned int)2>(ch_est::puschRxChEstStatDescr_t *, ch_est::puschRxChEstDynDescr_t *)"
17405700573,3552,341713,103,1,1,128,1,1,16,0.000,0.000,,,,,NVIDIA A100-SXM4-40GB MIG 4g.20gb (0),1,,13,cupy_copy__complex64_complex64
17405930138,18144,341723,1434,1,1,128,1,1,16,0.000,0.000,,,,,NVIDIA A100-SXM4-40GB MIG 4g.20gb (0),1,,13,cupy_copy__complex64_complex64
17405965466,8928,341730,103,1,1,128,1,1,16,0.000,0.000,,,,,NVIDIA A100-SXM4-40GB MIG 4g.20gb (0),1,,13,cupy_copy__complex64_complex64
17405983898,435323,341737,1,1,1,32,32,1,30,0.000,0.000,,,,,NVIDIA A100-SXM4-40GB MIG 4g.20gb (0),1,,13,"void convert_kernel<__half2, float2>(tensor_layout_any, T1 *, tensor_layout_any, const T2 *)"
17406450229,5408,341740,,,,,,,,,,0.094,17325.421,Pinned,Device,NVIDIA A100-SXM4-40GB MIG 4g.20gb (0),1,,13,[CUDA memcpy Host-to-Device]
17406465012,53632,341741,,,,,,,,,,35.810,667675.958,Device,,NVIDIA A100-SXM4-40GB MIG 4g.20gb (0),1,,13,[CUDA memset]
17406523220,2528,341743,,,,,,,,,,0.000,31.646,Pinned,Device,NVIDIA A100-SXM4-40GB MIG 4g.20gb (0),1,,13,[CUDA memcpy Host-to-Device]
17406528564,16992,341744,,,,,,,,,,0.197,11570.577,Pinned,Device,NVIDIA A100-SXM4-40GB MIG 4g.20gb (0),1,,13,[CUDA memcpy Host-to-Device]
17406570867,13536,341745,273,1,1,48,1,1,40,0.000,0.001,,,,,NVIDIA A100-SXM4-40GB MIG 4g.20gb (0),1,,13,"void pusch_noise_intf_est::noiseIntfEstNoDftSOfdmKernel<float, __half, float, float, (unsigned int)2, (unsigned int)1, (unsigned char)4, (unsigned char)4>(pusch_noise_intf_est::puschRxNoiseIntfEstDynDescr)"
17406591411,5984,341756,35,1,1,128,1,1,16,0.000,0.000,,,,,NVIDIA A100-SXM4-40GB MIG 4g.20gb (0),1,,13,cupy_copy__complex64_complex64
17406600211,2144,341765,1,1,1,1,1,1,18,0.000,0.000,,,,,NVIDIA A100-SXM4-40GB MIG 4g.20gb (0),1,,13,cupy_copy__float32_float32
17406604723,1792,341771,,,,,,,,,,0.000,2.232,Device,Pageable,NVIDIA A100-SXM4-40GB MIG 4g.20gb (0),1,,7,[CUDA memcpy Device-to-Host]
17406676274,14720,341782,1434,1,1,128,1,1,16,0.000,0.000,,,,,NVIDIA A100-SXM4-40GB MIG 4g.20gb (0),1,,13,cupy_copy__complex64_complex64
17406700946,5568,341789,103,1,1,128,1,1,16,0.000,0.000,,,,,NVIDIA A100-SXM4-40GB MIG 4g.20gb (0),1,,13,cupy_copy__complex64_complex64
17406720082,4128,341796,35,1,1,128,1,1,16,0.000,0.000,,,,,NVIDIA A100-SXM4-40GB MIG 4g.20gb (0),1,,13,cupy_copy__complex64_complex64
17406735441,7872,341803,1,1,1,1,1,1,18,0.000,0.000,,,,,NVIDIA A100-SXM4-40GB MIG 4g.20gb (0),1,,13,cupy_copy__float32_float32
17407199692,290749,341814,1,1,1,32,32,1,30,0.000,0.000,,,,,NVIDIA A100-SXM4-40GB MIG 4g.20gb (0),1,,13,"void convert_kernel<__half2, float2>(tensor_layout_any, T1 *, tensor_layout_any, const T2 *)"
17407520681,5760,341817,,,,,,,,,,0.094,16266.656,Pinned,Device,NVIDIA A100-SXM4-40GB MIG 4g.20gb (0),1,,13,[CUDA memcpy Host-to-Device]
17407594696,11168,341818,,,,,,,,,,1.547,138486.260,Device,,NVIDIA A100-SXM4-40GB MIG 4g.20gb (0),1,,13,[CUDA memset]
17407610632,4480,341823,,,,,,,,,,0.031,6985.705,Pinned,Device,NVIDIA A100-SXM4-40GB MIG 4g.20gb (0),1,,13,[CUDA memcpy Host-to-Device]
17407620295,15680,341824,,,,,,,,,,0.197,12538.675,Pinned,Device,NVIDIA A100-SXM4-40GB MIG 4g.20gb (0),1,,13,[CUDA memcpy Host-to-Device]
17407652903,15744,341825,273,1,1,8,4,1,39,0.002,0.000,,,,,NVIDIA A100-SXM4-40GB MIG 4g.20gb (0),1,,13,"void channel_eq::eqMmseCoefCompLowMimoKernel<float, float, float, (unsigned int)4, (unsigned int)1, (unsigned int)4>(const channel_eq::_puschRxChEqStatDescr *, channel_eq::_puschRxChEqCoefCompDynDescr)"
17407673895,11328,341826,273,1,1,12,11,1,51,0.002,0.000,,,,,NVIDIA A100-SXM4-40GB MIG 4g.20gb (0),1,,13,"void channel_eq::eqMmseSoftDemapKernel<float, __half, __half, float, (unsigned int)4, (unsigned short)16383>(channel_eq::_puschRxChEqStatDescr *, channel_eq::_puschRxChEqSoftDemapDynDescr)"
17407696519,707096,341827,1,1,1,32,32,1,30,0.000,0.000,,,,,NVIDIA A100-SXM4-40GB MIG 4g.20gb (0),1,,13,"void convert_kernel<float2, __half2>(tensor_layout_any, T1 *, tensor_layout_any, const T2 *)"
17408488158,18975,341839,2253,1,1,128,1,1,16,0.000,0.000,,,,,NVIDIA A100-SXM4-40GB MIG 4g.20gb (0),1,,13,cupy_copy__float16_float16
17408884121,11616,341848,282,1,1,128,1,1,16,0.000,0.000,,,,,NVIDIA A100-SXM4-40GB MIG 4g.20gb (0),1,,13,cupy_copy__complex64_complex64
17408969528,7584,341857,26,1,1,128,1,1,16,0.000,0.000,,,,,NVIDIA A100-SXM4-40GB MIG 4g.20gb (0),1,,13,cupy_copy__float32_float32
17409473267,15935,341866,103,1,1,128,1,1,16,0.000,0.000,,,,,NVIDIA A100-SXM4-40GB MIG 4g.20gb (0),1,,13,cupy_copy__complex64_complex64
17409966189,30592,341876,1434,1,1,128,1,1,16,0.000,0.000,,,,,NVIDIA A100-SXM4-40GB MIG 4g.20gb (0),1,,13,cupy_copy__complex64_complex64
17410377512,324285,341881,1,1,1,32,32,1,30,0.000,0.000,,,,,NVIDIA A100-SXM4-40GB MIG 4g.20gb (0),1,,13,"void convert_kernel<__half2, float2>(tensor_layout_any, T1 *, tensor_layout_any, const T2 *)"
17410729637,5983,341884,,,,,,,,,,0.094,15660.349,Pinned,Device,NVIDIA A100-SXM4-40GB MIG 4g.20gb (0),1,,13,[CUDA memcpy Host-to-Device]
17411023329,613241,341885,,,,,,,,,,456.561,744195.147,Device,,NVIDIA A100-SXM4-40GB MIG 4g.20gb (0),1,,13,[CUDA memset]
17411643130,62240,341890,,,,,,,,,,1.235,19840.610,Pinned,Device,NVIDIA A100-SXM4-40GB MIG 4g.20gb (0),1,,13,[CUDA memcpy Host-to-Device]
17411711961,11360,341891,,,,,,,,,,0.197,17307.009,Pinned,Device,NVIDIA A100-SXM4-40GB MIG 4g.20gb (0),1,,13,[CUDA memcpy Host-to-Device]
17412162740,18528,341892,69,4,1,48,1,1,76,0.002,0.000,,,,,NVIDIA A100-SXM4-40GB MIG 4g.20gb (0),1,,13,"void ch_est::windowedChEstPreNoDftSOfdmKernel<float, __half, float, (unsigned int)2, (unsigned int)1, (unsigned short)4>(ch_est::puschRxChEstStatDescr_t *, ch_est::puschRxChEstDynDescr_t *)"
17412313747,23327,341893,137,2,1,24,2,1,44,0.001,0.001,,,,,NVIDIA A100-SXM4-40GB MIG 4g.20gb (0),1,,13,"void ch_est::chEstFilterNoDftSOfdmDispatchKernel<float, __half, float, (unsigned int)2>(ch_est::puschRxChEstStatDescr_t *, ch_est::puschRxChEstDynDescr_t *)"
17412464689,15072,341894,137,2,1,24,2,1,44,0.001,0.001,,,,,NVIDIA A100-SXM4-40GB MIG 4g.20gb (0),1,,13,"void ch_est::chEstFilterNoDftSOfdmDispatchKernel<float, __half, float, (unsigned int)2>(ch_est::puschRxChEstStatDescr_t *, ch_est::puschRxChEstDynDescr_t *)"
17412584336,7040,341905,103,1,1,128,1,1,16,0.000,0.000,,,,,NVIDIA A100-SXM4-40GB MIG 4g.20gb (0),1,,13,cupy_copy__complex64_complex64
17412616879,22944,341915,1434,1,1,128,1,1,16,0.000,0.000,,,,,NVIDIA A100-SXM4-40GB MIG 4g.20gb (0),1,,13,cupy_copy__complex64_complex64
17412765742,14431,341922,103,1,1,128,1,1,16,0.000,0.000,,,,,NVIDIA A100-SXM4-40GB MIG 4g.20gb (0),1,,13,cupy_copy__complex64_complex64
17412886572,322493,341929,1,1,1,32,32,1,30,0.000,0.000,,,,,NVIDIA A100-SXM4-40GB MIG 4g.20gb (0),1,,13,"void convert_kernel<__half2, float2>(tensor_layout_any, T1 *, tensor_layout_any, const T2 *)"
17413238312,6432,341932,,,,,,,,,,0.094,14567.105,Pinned,Device,NVIDIA A100-SXM4-40GB MIG 4g.20gb (0),1,,13,[CUDA memcpy Host-to-Device]
17413258504,55487,341933,,,,,,,,,,35.810,645366.378,Device,,NVIDIA A100-SXM4-40GB MIG 4g.20gb (0),1,,13,[CUDA memset]
17413319143,3072,341935,,,,,,,,,,0.000,26.042,Pinned,Device,NVIDIA A100-SXM4-40GB MIG 4g.20gb (0),1,,13,[CUDA memcpy Host-to-Device]
17413330055,12512,341936,,,,,,,,,,0.197,15713.501,Pinned,Device,NVIDIA A100-SXM4-40GB MIG 4g.20gb (0),1,,13,[CUDA memcpy Host-to-Device]
17413422342,22688,341937,273,1,1,48,1,1,40,0.000,0.001,,,,,NVIDIA A100-SXM4-40GB MIG 4g.20gb (0),1,,13,"void pusch_noise_intf_est::noiseIntfEstNoDftSOfdmKernel<float, __half, float, float, (unsigned int)2, (unsigned int)1, (unsigned char)4, (unsigned char)4>(pusch_noise_intf_est::puschRxNoiseIntfEstDynDescr)"
17413817474,10272,341948,35,1,1,128,1,1,16,0.000,0.000,,,,,NVIDIA A100-SXM4-40GB MIG 4g.20gb (0),1,,13,cupy_copy__complex64_complex64
17414203773,5408,341957,1,1,1,1,1,1,18,0.000,0.000,,,,,NVIDIA A100-SXM4-40GB MIG 4g.20gb (0),1,,13,cupy_copy__float32_float32
17414218461,4000,341963,,,,,,,,,,0.000,1.000,Device,Pageable,NVIDIA A100-SXM4-40GB MIG 4g.20gb (0),1,,7,[CUDA memcpy Device-to-Host]
17414288893,15231,341974,1434,1,1,128,1,1,16,0.000,0.000,,,,,NVIDIA A100-SXM4-40GB MIG 4g.20gb (0),1,,13,cupy_copy__complex64_complex64
17414683032,10272,341981,103,1,1,128,1,1,16,0.000,0.000,,,,,NVIDIA A100-SXM4-40GB MIG 4g.20gb (0),1,,13,cupy_copy__complex64_complex64
17415082324,10304,341988,35,1,1,128,1,1,16,0.000,0.000,,,,,NVIDIA A100-SXM4-40GB MIG 4g.20gb (0),1,,13,cupy_copy__complex64_complex64
17415462735,3840,341995,1,1,1,1,1,1,18,0.000,0.000,,,,,NVIDIA A100-SXM4-40GB MIG 4g.20gb (0),1,,13,cupy_copy__float32_float32
17415487087,304093,342006,1,1,1,32,32,1,30,0.000,0.000,,,,,NVIDIA A100-SXM4-40GB MIG 4g.20gb (0),1,,13,"void convert_kernel<__half2, float2>(tensor_layout_any, T1 *, tensor_layout_any, const T2 *)"
17415819499,9696,342009,,,,,,,,,,0.094,9663.337,Pinned,Device,NVIDIA A100-SXM4-40GB MIG 4g.20gb (0),1,,13,[CUDA memcpy Host-to-Device]
17415882699,9536,342010,,,,,,,,,,1.547,162186.726,Device,,NVIDIA A100-SXM4-40GB MIG 4g.20gb (0),1,,13,[CUDA memset]
17415899402,3104,342015,,,,,,,,,,0.031,10082.445,Pinned,Device,NVIDIA A100-SXM4-40GB MIG 4g.20gb (0),1,,13,[CUDA memcpy Host-to-Device]
17415905034,9568,342016,,,,,,,,,,0.197,20548.485,Pinned,Device,NVIDIA A100-SXM4-40GB MIG 4g.20gb (0),1,,13,[CUDA memcpy Host-to-Device]
17416281414,21952,342017,273,1,1,8,4,1,39,0.002,0.000,,,,,NVIDIA A100-SXM4-40GB MIG 4g.20gb (0),1,,13,"void channel_eq::eqMmseCoefCompLowMimoKernel<float, float, float, (unsigned int)4, (unsigned int)1, (unsigned int)4>(const channel_eq::_puschRxChEqStatDescr *, channel_eq::_puschRxChEqCoefCompDynDescr)"
17416678082,23423,342018,273,1,1,12,11,1,51,0.002,0.000,,,,,NVIDIA A100-SXM4-40GB MIG 4g.20gb (0),1,,13,"void channel_eq::eqMmseSoftDemapKernel<float, __half, __half, float, (unsigned int)4, (unsigned short)16383>(channel_eq::_puschRxChEqStatDescr *, channel_eq::_puschRxChEqSoftDemapDynDescr)"
17417139293,821078,342019,1,1,1,32,32,1,30,0.000,0.000,,,,,NVIDIA A100-SXM4-40GB MIG 4g.20gb (0),1,,13,"void convert_kernel<float2, __half2>(tensor_layout_any, T1 *, tensor_layout_any, const T2 *)"
17417976083,20608,342031,2253,1,1,128,1,1,16,0.000,0.000,,,,,NVIDIA A100-SXM4-40GB MIG 4g.20gb (0),1,,13,cupy_copy__float16_float16
17418101266,9696,342040,282,1,1,128,1,1,16,0.000,0.000,,,,,NVIDIA A100-SXM4-40GB MIG 4g.20gb (0),1,,13,cupy_copy__complex64_complex64
17418206577,10687,342049,26,1,1,128,1,1,16,0.000,0.000,,,,,NVIDIA A100-SXM4-40GB MIG 4g.20gb (0),1,,13,cupy_copy__float32_float32
17418225616,5696,342058,103,1,1,128,1,1,16,0.000,0.000,,,,,NVIDIA A100-SXM4-40GB MIG 4g.20gb (0),1,,13,cupy_copy__complex64_complex64
17418325999,18528,342068,1434,1,1,128,1,1,16,0.000,0.000,,,,,NVIDIA A100-SXM4-40GB MIG 4g.20gb (0),1,,13,cupy_copy__complex64_complex64
17418362287,427739,342073,1,1,1,32,32,1,30,0.000,0.000,,,,,NVIDIA A100-SXM4-40GB MIG 4g.20gb (0),1,,13,"void convert_kernel<__half2, float2>(tensor_layout_any, T1 *, tensor_layout_any, const T2 *)"
17418818410,5664,342076,,,,,,,,,,0.094,16542.310,Pinned,Device,NVIDIA A100-SXM4-40GB MIG 4g.20gb (0),1,,13,[CUDA memcpy Host-to-Device]
17418872425,617849,342077,,,,,,,,,,456.561,738716.410,Device,,NVIDIA A100-SXM4-40GB MIG 4g.20gb (0),1,,13,[CUDA memset]
17419497122,72927,342082,,,,,,,,,,1.235,16933.552,Pinned,Device,NVIDIA A100-SXM4-40GB MIG 4g.20gb (0),1,,13,[CUDA memcpy Host-to-Device]
17419573889,11456,342083,,,,,,,,,,0.197,17161.912,Pinned,Device,NVIDIA A100-SXM4-40GB MIG 4g.20gb (0),1,,13,[CUDA memcpy Host-to-Device]
17419645600,17440,342084,69,4,1,48,1,1,76,0.002,0.000,,,,,NVIDIA A100-SXM4-40GB MIG 4g.20gb (0),1,,13,"void ch_est::windowedChEstPreNoDftSOfdmKernel<float, __half, float, (unsigned int)2, (unsigned int)1, (unsigned short)4>(ch_est::puschRxChEstStatDescr_t *, ch_est::puschRxChEstDynDescr_t *)"
17419756799,17728,342085,137,2,1,24,2,1,44,0.001,0.001,,,,,NVIDIA A100-SXM4-40GB MIG 4g.20gb (0),1,,13,"void ch_est::chEstFilterNoDftSOfdmDispatchKernel<float, __half, float, (unsigned int)2>(ch_est::puschRxChEstStatDescr_t *, ch_est::puschRxChEstDynDescr_t *)"
17419881886,21599,342086,137,2,1,24,2,1,44,0.001,0.001,,,,,NVIDIA A100-SXM4-40GB MIG 4g.20gb (0),1,,13,"void ch_est::chEstFilterNoDftSOfdmDispatchKernel<float, __half, float, (unsigned int)2>(ch_est::puschRxChEstStatDescr_t *, ch_est::puschRxChEstDynDescr_t *)"
17419997852,8448,342097,103,1,1,128,1,1,16,0.000,0.000,,,,,NVIDIA A100-SXM4-40GB MIG 4g.20gb (0),1,,13,cupy_copy__complex64_complex64
17420011772,22816,342107,1434,1,1,128,1,1,16,0.000,0.000,,,,,NVIDIA A100-SXM4-40GB MIG 4g.20gb (0),1,,13,cupy_copy__complex64_complex64
17420135227,10752,342114,103,1,1,128,1,1,16,0.000,0.000,,,,,NVIDIA A100-SXM4-40GB MIG 4g.20gb (0),1,,13,cupy_copy__complex64_complex64
17420152027,429115,342121,1,1,1,32,32,1,30,0.000,0.000,,,,,NVIDIA A100-SXM4-40GB MIG 4g.20gb (0),1,,13,"void convert_kernel<__half2, float2>(tensor_layout_any, T1 *, tensor_layout_any, const T2 *)"
17420610262,6079,342124,,,,,,,,,,0.094,15412.992,Pinned,Device,NVIDIA A100-SXM4-40GB MIG 4g.20gb (0),1,,13,[CUDA memcpy Host-to-Device]
17420624085,54560,342125,,,,,,,,,,35.810,656324.214,Device,,NVIDIA A100-SXM4-40GB MIG 4g.20gb (0),1,,13,[CUDA memset]
17420681877,2112,342127,,,,,,,,,,0.000,37.879,Pinned,Device,NVIDIA A100-SXM4-40GB MIG 4g.20gb (0),1,,13,[CUDA memcpy Host-to-Device]
17420690229,12415,342128,,,,,,,,,,0.197,15836.185,Pinned,Device,NVIDIA A100-SXM4-40GB MIG 4g.20gb (0),1,,13,[CUDA memcpy Host-to-Device]
17420720212,24384,342129,273,1,1,48,1,1,40,0.000,0.001,,,,,NVIDIA A100-SXM4-40GB MIG 4g.20gb (0),1,,13,"void pusch_noise_intf_est::noiseIntfEstNoDftSOfdmKernel<float, __half, float, float, (unsigned int)2, (unsigned int)1, (unsigned char)4, (unsigned char)4>(pusch_noise_intf_est::puschRxNoiseIntfEstDynDescr)"
17420755604,7136,342140,35,1,1,128,1,1,16,0.000,0.000,,,,,NVIDIA A100-SXM4-40GB MIG 4g.20gb (0),1,,13,cupy_copy__complex64_complex64
17420770452,2432,342149,1,1,1,1,1,1,18,0.000,0.000,,,,,NVIDIA A100-SXM4-40GB MIG 4g.20gb (0),1,,13,cupy_copy__float32_float32
17420781300,1472,342155,,,,,,,,,,0.000,2.717,Device,Pageable,NVIDIA A100-SXM4-40GB MIG 4g.20gb (0),1,,7,[CUDA memcpy Device-to-Host]
17420846003,15168,342166,1434,1,1,128,1,1,16,0.000,0.000,,,,,NVIDIA A100-SXM4-40GB MIG 4g.20gb (0),1,,13,cupy_copy__complex64_complex64
17420871059,4992,342173,103,1,1,128,1,1,16,0.000,0.000,,,,,NVIDIA A100-SXM4-40GB MIG 4g.20gb (0),1,,13,cupy_copy__complex64_complex64
17420888306,4704,342180,35,1,1,128,1,1,16,0.000,0.000,,,,,NVIDIA A100-SXM4-40GB MIG 4g.20gb (0),1,,13,cupy_copy__complex64_complex64
17420907570,2592,342187,1,1,1,1,1,1,18,0.000,0.000,,,,,NVIDIA A100-SXM4-40GB MIG 4g.20gb (0),1,,13,cupy_copy__float32_float32
17421044305,412027,342198,1,1,1,32,32,1,30,0.000,0.000,,,,,NVIDIA A100-SXM4-40GB MIG 4g.20gb (0),1,,13,"void convert_kernel<__half2, float2>(tensor_layout_any, T1 *, tensor_layout_any, const T2 *)"
17421484876,5792,342201,,,,,,,,,,0.094,16176.708,Pinned,Device,NVIDIA A100-SXM4-40GB MIG 4g.20gb (0),1,,13,[CUDA memcpy Host-to-Device]
17421504939,4576,342202,,,,,,,,,,1.547,337985.289,Device,,NVIDIA A100-SXM4-40GB MIG 4g.20gb (0),1,,13,[CUDA memset]
17421516459,3232,342207,,,,,,,,,,0.031,9683.139,Pinned,Device,NVIDIA A100-SXM4-40GB MIG 4g.20gb (0),1,,13,[CUDA memcpy Host-to-Device]
17421522603,14784,342208,,,,,,,,,,0.197,13298.565,Pinned,Device,NVIDIA A100-SXM4-40GB MIG 4g.20gb (0),1,,13,[CUDA memcpy Host-to-Device]
17421558187,13280,342209,273,1,1,8,4,1,39,0.002,0.000,,,,,NVIDIA A100-SXM4-40GB MIG 4g.20gb (0),1,,13,"void channel_eq::eqMmseCoefCompLowMimoKernel<float, float, float, (unsigned int)4, (unsigned int)1, (unsigned int)4>(const channel_eq::_puschRxChEqStatDescr *, channel_eq::_puschRxChEqCoefCompDynDescr)"
17421573131,8448,342210,273,1,1,12,11,1,51,0.002,0.000,,,,,NVIDIA A100-SXM4-40GB MIG 4g.20gb (0),1,,13,"void channel_eq::eqMmseSoftDemapKernel<float, __half, __half, float, (unsigned int)4, (unsigned short)16383>(channel_eq::_puschRxChEqStatDescr *, channel_eq::_puschRxChEqSoftDemapDynDescr)"
17421587019,298268,342211,1,1,1,32,32,1,30,0.000,0.000,,,,,NVIDIA A100-SXM4-40GB MIG 4g.20gb (0),1,,13,"void convert_kernel<float2, __half2>(tensor_layout_any, T1 *, tensor_layout_any, const T2 *)"
17421886535,11968,342223,2253,1,1,128,1,1,16,0.000,0.000,,,,,NVIDIA A100-SXM4-40GB MIG 4g.20gb (0),1,,13,cupy_copy__float16_float16
17421902631,3456,342232,282,1,1,128,1,1,16,0.000,0.000,,,,,NVIDIA A100-SXM4-40GB MIG 4g.20gb (0),1,,13,cupy_copy__complex64_complex64
17421907303,2272,342241,26,1,1,128,1,1,16,0.000,0.000,,,,,NVIDIA A100-SXM4-40GB MIG 4g.20gb (0),1,,13,cupy_copy__float32_float32
17421915335,3904,342250,103,1,1,128,1,1,16,0.000,0.000,,,,,NVIDIA A100-SXM4-40GB MIG 4g.20gb (0),1,,13,cupy_copy__complex64_complex64
17421926503,12832,342260,1434,1,1,128,1,1,16,0.000,0.000,,,,,NVIDIA A100-SXM4-40GB MIG 4g.20gb (0),1,,13,cupy_copy__complex64_complex64
17421944871,125406,342265,1,1,1,32,32,1,30,0.000,0.000,,,,,NVIDIA A100-SXM4-40GB MIG 4g.20gb (0),1,,13,"void convert_kernel<__half2, float2>(tensor_layout_any, T1 *, tensor_layout_any, const T2 *)"
17422098629,5344,342268,,,,,,,,,,0.094,17532.864,Pinned,Device,NVIDIA A100-SXM4-40GB MIG 4g.20gb (0),1,,13,[CUDA memcpy Host-to-Device]
17422110885,612793,342269,,,,,,,,,,456.561,744651.709,Device,,NVIDIA A100-SXM4-40GB MIG 4g.20gb (0),1,,13,[CUDA memset]
17422730526,67583,342274,,,,,,,,,,1.235,18272.231,Pinned,Device,NVIDIA A100-SXM4-40GB MIG 4g.20gb (0),1,,13,[CUDA memcpy Host-to-Device]
17422804701,15040,342275,,,,,,,,,,0.197,13072.269,Pinned,Device,NVIDIA A100-SXM4-40GB MIG 4g.20gb (0),1,,13,[CUDA memcpy Host-to-Device]
17422854716,10272,342276,69,4,1,48,1,1,76,0.002,0.000,,,,,NVIDIA A100-SXM4-40GB MIG 4g.20gb (0),1,,13,"void ch_est::windowedChEstPreNoDftSOfdmKernel<float, __half, float, (unsigned int)2, (unsigned int)1, (unsigned short)4>(ch_est::puschRxChEstStatDescr_t *, ch_est::puschRxChEstDynDescr_t *)"
17422985851,15200,342277,137,2,1,24,2,1,44,0.001,0.001,,,,,NVIDIA A100-SXM4-40GB MIG 4g.20gb (0),1,,13,"void ch_est::chEstFilterNoDftSOfdmDispatchKernel<float, __half, float, (unsigned int)2>(ch_est::puschRxChEstStatDescr_t *, ch_est::puschRxChEstDynDescr_t *)"
17423010651,12831,342278,137,2,1,24,2,1,44,0.001,0.001,,,,,NVIDIA A100-SXM4-40GB MIG 4g.20gb (0),1,,13,"void ch_est::chEstFilterNoDftSOfdmDispatchKernel<float, __half, float, (unsigned int)2>(ch_est::puschRxChEstStatDescr_t *, ch_est::puschRxChEstDynDescr_t *)"
17423130169,4800,342289,103,1,1,128,1,1,16,0.000,0.000,,,,,NVIDIA A100-SXM4-40GB MIG 4g.20gb (0),1,,13,cupy_copy__complex64_complex64
17423144985,25312,342299,1434,1,1,128,1,1,16,0.000,0.000,,,,,NVIDIA A100-SXM4-40GB MIG 4g.20gb (0),1,,13,cupy_copy__complex64_complex64
17423179289,2720,342306,103,1,1,128,1,1,16,0.000,0.000,,,,,NVIDIA A100-SXM4-40GB MIG 4g.20gb (0),1,,13,cupy_copy__complex64_complex64
17423183929,179262,342313,1,1,1,32,32,1,30,0.000,0.000,,,,,NVIDIA A100-SXM4-40GB MIG 4g.20gb (0),1,,13,"void convert_kernel<__half2, float2>(tensor_layout_any, T1 *, tensor_layout_any, const T2 *)"
17423392118,5600,342316,,,,,,,,,,0.094,16731.388,Pinned,Device,NVIDIA A100-SXM4-40GB MIG 4g.20gb (0),1,,13,[CUDA memcpy Host-to-Device]
17423498549,653881,342317,,,,,,,,,,35.810,54753.368,Device,,NVIDIA A100-SXM4-40GB MIG 4g.20gb (0),1,,13,[CUDA memset]
17424159342,2336,342319,,,,,,,,,,0.000,34.247,Pinned,Device,NVIDIA A100-SXM4-40GB MIG 4g.20gb (0),1,,13,[CUDA memcpy Host-to-Device]
17424164270,12607,342320,,,,,,,,,,0.197,15595.143,Pinned,Device,NVIDIA A100-SXM4-40GB MIG 4g.20gb (0),1,,13,[CUDA memcpy Host-to-Device]
17424287596,11648,342321,273,1,1,48,1,1,40,0.000,0.001,,,,,NVIDIA A100-SXM4-40GB MIG 4g.20gb (0),1,,13,"void pusch_noise_intf_est::noiseIntfEstNoDftSOfdmKernel<float, __half, float, float, (unsigned int)2, (unsigned int)1, (unsigned char)4, (unsigned char)4>(pusch_noise_intf_est::puschRxNoiseIntfEstDynDescr)"
17424306572,3744,342332,35,1,1,128,1,1,16,0.000,0.000,,,,,NVIDIA A100-SXM4-40GB MIG 4g.20gb (0),1,,13,cupy_copy__complex64_complex64
17424311468,1792,342341,1,1,1,1,1,1,18,0.000,0.000,,,,,NVIDIA A100-SXM4-40GB MIG 4g.20gb (0),1,,13,cupy_copy__float32_float32
17424313964,1600,342347,,,,,,,,,,0.000,2.500,Device,Pageable,NVIDIA A100-SXM4-40GB MIG 4g.20gb (0),1,,7,[CUDA memcpy Device-to-Host]
17424795751,22847,342358,1434,1,1,128,1,1,16,0.000,0.000,,,,,NVIDIA A100-SXM4-40GB MIG 4g.20gb (0),1,,13,cupy_copy__complex64_complex64
17424935525,6528,342365,103,1,1,128,1,1,16,0.000,0.000,,,,,NVIDIA A100-SXM4-40GB MIG 4g.20gb (0),1,,13,cupy_copy__complex64_complex64
17425047524,4192,342372,35,1,1,128,1,1,16,0.000,0.000,,,,,NVIDIA A100-SXM4-40GB MIG 4g.20gb (0),1,,13,cupy_copy__complex64_complex64
17425059588,6399,342379,1,1,1,1,1,1,18,0.000,0.000,,,,,NVIDIA A100-SXM4-40GB MIG 4g.20gb (0),1,,13,cupy_copy__float32_float32
17425187074,311773,342390,1,1,1,32,32,1,30,0.000,0.000,,,,,NVIDIA A100-SXM4-40GB MIG 4g.20gb (0),1,,13,"void convert_kernel<__half2, float2>(tensor_layout_any, T1 *, tensor_layout_any, const T2 *)"
17425527294,5376,342393,,,,,,,,,,0.094,17428.487,Pinned,Device,NVIDIA A100-SXM4-40GB MIG 4g.20gb (0),1,,13,[CUDA memcpy Host-to-Device]
17425541918,3648,342394,,,,,,,,,,1.547,423963.664,Device,,NVIDIA A100-SXM4-40GB MIG 4g.20gb (0),1,,13,[CUDA memset]
17425563294,3008,342399,,,,,,,,,,0.031,10404.230,Pinned,Device,NVIDIA A100-SXM4-40GB MIG 4g.20gb (0),1,,13,[CUDA memcpy Host-to-Device]
17425568414,9408,342400,,,,,,,,,,0.197,20897.858,Pinned,Device,NVIDIA A100-SXM4-40GB MIG 4g.20gb (0),1,,13,[CUDA memcpy Host-to-Device]
17425580926,7168,342401,273,1,1,8,4,1,39,0.002,0.000,,,,,NVIDIA A100-SXM4-40GB MIG 4g.20gb (0),1,,13,"void channel_eq::eqMmseCoefCompLowMimoKernel<float, float, float, (unsigned int)4, (unsigned int)1, (unsigned int)4>(const channel_eq::_puschRxChEqStatDescr *, channel_eq::_puschRxChEqCoefCompDynDescr)"
17425589182,6784,342402,273,1,1,12,11,1,51,0.002,0.000,,,,,NVIDIA A100-SXM4-40GB MIG 4g.20gb (0),1,,13,"void channel_eq::eqMmseSoftDemapKernel<float, __half, __half, float, (unsigned int)4, (unsigned short)16383>(channel_eq::_puschRxChEqStatDescr *, channel_eq::_puschRxChEqSoftDemapDynDescr)"
17425597054,281628,342403,1,1,1,32,32,1,30,0.000,0.000,,,,,NVIDIA A100-SXM4-40GB MIG 4g.20gb (0),1,,13,"void convert_kernel<float2, __half2>(tensor_layout_any, T1 *, tensor_layout_any, const T2 *)"
17425879642,10592,342415,2253,1,1,128,1,1,16,0.000,0.000,,,,,NVIDIA A100-SXM4-40GB MIG 4g.20gb (0),1,,13,cupy_copy__float16_float16
17425891290,2752,342424,282,1,1,128,1,1,16,0.000,0.000,,,,,NVIDIA A100-SXM4-40GB MIG 4g.20gb (0),1,,13,cupy_copy__complex64_complex64
17425895002,2048,342433,26,1,1,128,1,1,16,0.000,0.000,,,,,NVIDIA A100-SXM4-40GB MIG 4g.20gb (0),1,,13,cupy_copy__float32_float32
17425898074,2880,342442,103,1,1,128,1,1,16,0.000,0.000,,,,,NVIDIA A100-SXM4-40GB MIG 4g.20gb (0),1,,13,cupy_copy__complex64_complex64
17425901946,12032,342452,1434,1,1,128,1,1,16,0.000,0.000,,,,,NVIDIA A100-SXM4-40GB MIG 4g.20gb (0),1,,13,cupy_copy__complex64_complex64
17425937818,80639,342457,1,1,1,32,32,1,30,0.000,0.000,,,,,NVIDIA A100-SXM4-40GB MIG 4g.20gb (0),1,,13,"void convert_kernel<__half2, float2>(tensor_layout_any, T1 *, tensor_layout_any, const T2 *)"
17426046360,5376,342460,,,,,,,,,,0.094,17428.487,Pinned,Device,NVIDIA A100-SXM4-40GB MIG 4g.20gb (0),1,,13,[CUDA memcpy Host-to-Device]
17426056376,594586,342461,,,,,,,,,,456.561,767479.781,Device,,NVIDIA A100-SXM4-40GB MIG 4g.20gb (0),1,,13,[CUDA memset]
17426652018,48447,342466,,,,,,,,,,1.235,25490.479,Pinned,Device,NVIDIA A100-SXM4-40GB MIG 4g.20gb (0),1,,13,[CUDA memcpy Host-to-Device]
17426702577,9248,342467,,,,,,,,,,0.197,21259.420,Pinned,Device,NVIDIA A100-SXM4-40GB MIG 4g.20gb (0),1,,13,[CUDA memcpy Host-to-Device]
17426714929,7520,342468,69,4,1,48,1,1,76,0.002,0.000,,,,,NVIDIA A100-SXM4-40GB MIG 4g.20gb (0),1,,13,"void ch_est::windowedChEstPreNoDftSOfdmKernel<float, __half, float, (unsigned int)2, (unsigned int)1, (unsigned short)4>(ch_est::puschRxChEstStatDescr_t *, ch_est::puschRxChEstDynDescr_t *)"
17426723473,6560,342469,137,2,1,24,2,1,44,0.001,0.001,,,,,NVIDIA A100-SXM4-40GB MIG 4g.20gb (0),1,,13,"void ch_est::chEstFilterNoDftSOfdmDispatchKernel<float, __half, float, (unsigned int)2>(ch_est::puschRxChEstStatDescr_t *, ch_est::puschRxChEstDynDescr_t *)"
17426731121,5472,342470,137,2,1,24,2,1,44,0.001,0.001,,,,,NVIDIA A100-SXM4-40GB MIG 4g.20gb (0),1,,13,"void ch_est::chEstFilterNoDftSOfdmDispatchKernel<float, __half, float, (unsigned int)2>(ch_est::puschRxChEstStatDescr_t *, ch_est::puschRxChEstDynDescr_t *)"
17426737585,2592,342481,103,1,1,128,1,1,16,0.000,0.000,,,,,NVIDIA A100-SXM4-40GB MIG 4g.20gb (0),1,,13,cupy_copy__complex64_complex64
17426741329,12960,342491,1434,1,1,128,1,1,16,0.000,0.000,,,,,NVIDIA A100-SXM4-40GB MIG 4g.20gb (0),1,,13,cupy_copy__complex64_complex64
17426755312,2464,342498,103,1,1,128,1,1,16,0.000,0.000,,,,,NVIDIA A100-SXM4-40GB MIG 4g.20gb (0),1,,13,cupy_copy__complex64_complex64
17426758832,79552,342505,1,1,1,32,32,1,30,0.000,0.000,,,,,NVIDIA A100-SXM4-40GB MIG 4g.20gb (0),1,,13,"void convert_kernel<__half2, float2>(tensor_layout_any, T1 *, tensor_layout_any, const T2 *)"
17426866031,5312,342508,,,,,,,,,,0.094,17638.553,Pinned,Device,NVIDIA A100-SXM4-40GB MIG 4g.20gb (0),1,,13,[CUDA memcpy Host-to-Device]
17426877871,45984,342509,,,,,,,,,,35.810,778722.520,Device,,NVIDIA A100-SXM4-40GB MIG 4g.20gb (0),1,,13,[CUDA memset]
17426930287,1824,342511,,,,,,,,,,0.000,43.860,Pinned,Device,NVIDIA A100-SXM4-40GB MIG 4g.20gb (0),1,,13,[CUDA memcpy Host-to-Device]
17426934190,9216,342512,,,,,,,,,,0.197,21333.148,Pinned,Device,NVIDIA A100-SXM4-40GB MIG 4g.20gb (0),1,,13,[CUDA memcpy Host-to-Device]
17426946478,8544,342513,273,1,1,48,1,1,40,0.000,0.001,,,,,NVIDIA A100-SXM4-40GB MIG 4g.20gb (0),1,,13,"void pusch_noise_intf_est::noiseIntfEstNoDftSOfdmKernel<float, __half, float, float, (unsigned int)2, (unsigned int)1, (unsigned char)4, (unsigned char)4>(pusch_noise_intf_est::puschRxNoiseIntfEstDynDescr)"
17426956014,2912,342524,35,1,1,128,1,1,16,0.000,0.000,,,,,NVIDIA A100-SXM4-40GB MIG 4g.20gb (0),1,,13,cupy_copy__complex64_complex64
17426983630,1888,342533,1,1,1,1,1,1,18,0.000,0.000,,,,,NVIDIA A100-SXM4-40GB MIG 4g.20gb (0),1,,13,cupy_copy__float32_float32
17427017518,1888,342539,,,,,,,,,,0.000,2.119,Device,Pageable,NVIDIA A100-SXM4-40GB MIG 4g.20gb (0),1,,7,[CUDA memcpy Device-to-Host]
17427076493,13632,342550,1434,1,1,128,1,1,16,0.000,0.000,,,,,NVIDIA A100-SXM4-40GB MIG 4g.20gb (0),1,,13,cupy_copy__complex64_complex64
17427102637,2688,342557,103,1,1,128,1,1,16,0.000,0.000,,,,,NVIDIA A100-SXM4-40GB MIG 4g.20gb (0),1,,13,cupy_copy__complex64_complex64
17427122700,2208,342564,35,1,1,128,1,1,16,0.000,0.000,,,,,NVIDIA A100-SXM4-40GB MIG 4g.20gb (0),1,,13,cupy_copy__complex64_complex64
17427140620,1856,342571,1,1,1,1,1,1,18,0.000,0.000,,,,,NVIDIA A100-SXM4-40GB MIG 4g.20gb (0),1,,13,cupy_copy__float32_float32
17427275563,80095,342582,1,1,1,32,32,1,30,0.000,0.000,,,,,NVIDIA A100-SXM4-40GB MIG 4g.20gb (0),1,,13,"void convert_kernel<__half2, float2>(tensor_layout_any, T1 *, tensor_layout_any, const T2 *)"
17427383401,5888,342585,,,,,,,,,,0.094,15912.954,Pinned,Device,NVIDIA A100-SXM4-40GB MIG 4g.20gb (0),1,,13,[CUDA memcpy Host-to-Device]
17427433769,5280,342586,,,,,,,,,,1.547,292919.759,Device,,NVIDIA A100-SXM4-40GB MIG 4g.20gb (0),1,,13,[CUDA memset]
17427446025,4416,342591,,,,,,,,,,0.031,7086.948,Pinned,Device,NVIDIA A100-SXM4-40GB MIG 4g.20gb (0),1,,13,[CUDA memcpy Host-to-Device]
17427454345,11136,342592,,,,,,,,,,0.197,17655.005,Pinned,Device,NVIDIA A100-SXM4-40GB MIG 4g.20gb (0),1,,13,[CUDA memcpy Host-to-Device]
17427471016,12832,342593,273,1,1,8,4,1,39,0.002,0.000,,,,,NVIDIA A100-SXM4-40GB MIG 4g.20gb (0),1,,13,"void channel_eq::eqMmseCoefCompLowMimoKernel<float, float, float, (unsigned int)4, (unsigned int)1, (unsigned int)4>(const channel_eq::_puschRxChEqStatDescr *, channel_eq::_puschRxChEqCoefCompDynDescr)"
17427485288,8064,342594,273,1,1,12,11,1,51,0.002,0.000,,,,,NVIDIA A100-SXM4-40GB MIG 4g.20gb (0),1,,13,"void channel_eq::eqMmseSoftDemapKernel<float, __half, __half, float, (unsigned int)4, (unsigned short)16383>(channel_eq::_puschRxChEqStatDescr *, channel_eq::_puschRxChEqSoftDemapDynDescr)"
17427496328,337116,342595,1,1,1,32,32,1,30,0.000,0.000,,,,,NVIDIA A100-SXM4-40GB MIG 4g.20gb (0),1,,13,"void convert_kernel<float2, __half2>(tensor_layout_any, T1 *, tensor_layout_any, const T2 *)"
17427838276,10816,342607,2253,1,1,128,1,1,16,0.000,0.000,,,,,NVIDIA A100-SXM4-40GB MIG 4g.20gb (0),1,,13,cupy_copy__float16_float16
17427853348,3680,342616,282,1,1,128,1,1,16,0.000,0.000,,,,,NVIDIA A100-SXM4-40GB MIG 4g.20gb (0),1,,13,cupy_copy__complex64_complex64
17427863684,2304,342625,26,1,1,128,1,1,16,0.000,0.000,,,,,NVIDIA A100-SXM4-40GB MIG 4g.20gb (0),1,,13,cupy_copy__float32_float32
17427872548,3648,342634,103,1,1,128,1,1,16,0.000,0.000,,,,,NVIDIA A100-SXM4-40GB MIG 4g.20gb (0),1,,13,cupy_copy__complex64_complex64
17427885156,12064,342644,1434,1,1,128,1,1,16,0.000,0.000,,,,,NVIDIA A100-SXM4-40GB MIG 4g.20gb (0),1,,13,cupy_copy__complex64_complex64
17427902116,131934,342649,1,1,1,32,32,1,30,0.000,0.000,,,,,NVIDIA A100-SXM4-40GB MIG 4g.20gb (0),1,,13,"void convert_kernel<__half2, float2>(tensor_layout_any, T1 *, tensor_layout_any, const T2 *)"
17428062562,5344,342652,,,,,,,,,,0.094,17532.864,Pinned,Device,NVIDIA A100-SXM4-40GB MIG 4g.20gb (0),1,,13,[CUDA memcpy Host-to-Device]
17428073794,612185,342653,,,,,,,,,,456.561,745564.832,Device,,NVIDIA A100-SXM4-40GB MIG 4g.20gb (0),1,,13,[CUDA memset]
17428690491,63295,342658,,,,,,,,,,1.235,19510.880,Pinned,Device,NVIDIA A100-SXM4-40GB MIG 4g.20gb (0),1,,13,[CUDA memcpy Host-to-Device]
17428756794,16640,342659,,,,,,,,,,0.197,11815.354,Pinned,Device,NVIDIA A100-SXM4-40GB MIG 4g.20gb (0),1,,13,[CUDA memcpy Host-to-Device]
17428901304,16512,342660,69,4,1,48,1,1,76,0.002,0.000,,,,,NVIDIA A100-SXM4-40GB MIG 4g.20gb (0),1,,13,"void ch_est::windowedChEstPreNoDftSOfdmKernel<float, __half, float, (unsigned int)2, (unsigned int)1, (unsigned short)4>(ch_est::puschRxChEstStatDescr_t *, ch_est::puschRxChEstDynDescr_t *)"
17429036535,17440,342661,137,2,1,24,2,1,44,0.001,0.001,,,,,NVIDIA A100-SXM4-40GB MIG 4g.20gb (0),1,,13,"void ch_est::chEstFilterNoDftSOfdmDispatchKernel<float, __half, float, (unsigned int)2>(ch_est::puschRxChEstStatDescr_t *, ch_est::puschRxChEstDynDescr_t *)"
17429062167,6336,342662,137,2,1,24,2,1,44,0.001,0.001,,,,,NVIDIA A100-SXM4-40GB MIG 4g.20gb (0),1,,13,"void ch_est::chEstFilterNoDftSOfdmDispatchKernel<float, __half, float, (unsigned int)2>(ch_est::puschRxChEstStatDescr_t *, ch_est::puschRxChEstDynDescr_t *)"
17429074006,2560,342673,103,1,1,128,1,1,16,0.000,0.000,,,,,NVIDIA A100-SXM4-40GB MIG 4g.20gb (0),1,,13,cupy_copy__complex64_complex64
17429083094,12928,342683,1434,1,1,128,1,1,16,0.000,0.000,,,,,NVIDIA A100-SXM4-40GB MIG 4g.20gb (0),1,,13,cupy_copy__complex64_complex64
17429100502,2528,342690,103,1,1,128,1,1,16,0.000,0.000,,,,,NVIDIA A100-SXM4-40GB MIG 4g.20gb (0),1,,13,cupy_copy__complex64_complex64
17429109622,264509,342697,1,1,1,32,32,1,30,0.000,0.000,,,,,NVIDIA A100-SXM4-40GB MIG 4g.20gb (0),1,,13,"void convert_kernel<__half2, float2>(tensor_layout_any, T1 *, tensor_layout_any, const T2 *)"
17429403603,5376,342700,,,,,,,,,,0.094,17428.487,Pinned,Device,NVIDIA A100-SXM4-40GB MIG 4g.20gb (0),1,,13,[CUDA memcpy Host-to-Device]
17429486642,60959,342701,,,,,,,,,,35.810,587425.928,Device,,NVIDIA A100-SXM4-40GB MIG 4g.20gb (0),1,,13,[CUDA memset]
17429556817,3936,342703,,,,,,,,,,0.000,20.325,Pinned,Device,NVIDIA A100-SXM4-40GB MIG 4g.20gb (0),1,,13,[CUDA memcpy Host-to-Device]
17429566193,16064,342704,,,,,,,,,,0.197,12238.848,Pinned,Device,NVIDIA A100-SXM4-40GB MIG 4g.20gb (0),1,,13,[CUDA memcpy Host-to-Device]
17429661680,18144,342705,273,1,1,48,1,1,40,0.000,0.001,,,,,NVIDIA A100-SXM4-40GB MIG 4g.20gb (0),1,,13,"void pusch_noise_intf_est::noiseIntfEstNoDftSOfdmKernel<float, __half, float, float, (unsigned int)2, (unsigned int)1, (unsigned char)4, (unsigned char)4>(pusch_noise_intf_est::puschRxNoiseIntfEstDynDescr)"
17429783214,6528,342716,35,1,1,128,1,1,16,0.000,0.000,,,,,NVIDIA A100-SXM4-40GB MIG 4g.20gb (0),1,,13,cupy_copy__complex64_complex64
17429890701,2912,342725,1,1,1,1,1,1,18,0.000,0.000,,,,,NVIDIA A100-SXM4-40GB MIG 4g.20gb (0),1,,13,cupy_copy__float32_float32
17429901069,2304,342731,,,,,,,,,,0.000,1.736,Device,Pageable,NVIDIA A100-SXM4-40GB MIG 4g.20gb (0),1,,7,[CUDA memcpy Device-to-Host]
17430025772,22016,342742,1434,1,1,128,1,1,16,0.000,0.000,,,,,NVIDIA A100-SXM4-40GB MIG 4g.20gb (0),1,,13,cupy_copy__complex64_complex64
17430151946,8832,342749,103,1,1,128,1,1,16,0.000,0.000,,,,,NVIDIA A100-SXM4-40GB MIG 4g.20gb (0),1,,13,cupy_copy__complex64_complex64
17430161546,3200,342756,35,1,1,128,1,1,16,0.000,0.000,,,,,NVIDIA A100-SXM4-40GB MIG 4g.20gb (0),1,,13,cupy_copy__complex64_complex64
17430170154,2560,342763,1,1,1,1,1,1,18,0.000,0.000,,,,,NVIDIA A100-SXM4-40GB MIG 4g.20gb (0),1,,13,cupy_copy__float32_float32
17430174538,279133,342774,1,1,1,32,32,1,30,0.000,0.000,,,,,NVIDIA A100-SXM4-40GB MIG 4g.20gb (0),1,,13,"void convert_kernel<__half2, float2>(tensor_layout_any, T1 *, tensor_layout_any, const T2 *)"
17430483367,5408,342777,,,,,,,,,,0.094,17325.421,Pinned,Device,NVIDIA A100-SXM4-40GB MIG 4g.20gb (0),1,,13,[CUDA memcpy Host-to-Device]
17430583173,7072,342778,,,,,,,,,,1.547,218695.727,Device,,NVIDIA A100-SXM4-40GB MIG 4g.20gb (0),1,,13,[CUDA memset]
17430598277,8096,342783,,,,,,,,,,0.031,3865.588,Pinned,Device,NVIDIA A100-SXM4-40GB MIG 4g.20gb (0),1,,13,[CUDA memcpy Host-to-Device]
17430608805,11936,342784,,,,,,,,,,0.197,16471.818,Pinned,Device,NVIDIA A100-SXM4-40GB MIG 4g.20gb (0),1,,13,[CUDA memcpy Host-to-Device]
17430708196,14784,342785,273,1,1,8,4,1,39,0.002,0.000,,,,,NVIDIA A100-SXM4-40GB MIG 4g.20gb (0),1,,13,"void channel_eq::eqMmseCoefCompLowMimoKernel<float, float, float, (unsigned int)4, (unsigned int)1, (unsigned int)4>(const channel_eq::_puschRxChEqStatDescr *, channel_eq::_puschRxChEqCoefCompDynDescr)"
17431440348,12928,342786,273,1,1,12,11,1,51,0.002,0.000,,,,,NVIDIA A100-SXM4-40GB MIG 4g.20gb (0),1,,13,"void channel_eq::eqMmseSoftDemapKernel<float, __half, __half, float, (unsigned int)4, (unsigned short)16383>(channel_eq::_puschRxChEqStatDescr *, channel_eq::_puschRxChEqSoftDemapDynDescr)"
17431567674,1058357,342787,1,1,1,32,32,1,30,0.000,0.000,,,,,NVIDIA A100-SXM4-40GB MIG 4g.20gb (0),1,,13,"void convert_kernel<float2, __half2>(tensor_layout_any, T1 *, tensor_layout_any, const T2 *)"
17432628751,12095,342799,2253,1,1,128,1,1,16,0.000,0.000,,,,,NVIDIA A100-SXM4-40GB MIG 4g.20gb (0),1,,13,cupy_copy__float16_float16
17432642286,3648,342808,282,1,1,128,1,1,16,0.000,0.000,,,,,NVIDIA A100-SXM4-40GB MIG 4g.20gb (0),1,,13,cupy_copy__complex64_complex64
17432653326,3168,342817,26,1,1,128,1,1,16,0.000,0.000,,,,,NVIDIA A100-SXM4-40GB MIG 4g.20gb (0),1,,13,cupy_copy__float32_float32
17432664398,3136,342826,103,1,1,128,1,1,16,0.000,0.000,,,,,NVIDIA A100-SXM4-40GB MIG 4g.20gb (0),1,,13,cupy_copy__complex64_complex64
17432672942,12704,342836,1434,1,1,128,1,1,16,0.000,0.000,,,,,NVIDIA A100-SXM4-40GB MIG 4g.20gb (0),1,,13,cupy_copy__complex64_complex64
17432692878,147326,342841,1,1,1,32,32,1,30,0.000,0.000,,,,,NVIDIA A100-SXM4-40GB MIG 4g.20gb (0),1,,13,"void convert_kernel<__half2, float2>(tensor_layout_any, T1 *, tensor_layout_any, const T2 *)"
17432868716,5376,342844,,,,,,,,,,0.094,17428.487,Pinned,Device,NVIDIA A100-SXM4-40GB MIG 4g.20gb (0),1,,13,[CUDA memcpy Host-to-Device]
17432879916,608185,342845,,,,,,,,,,456.561,750587.007,Device,,NVIDIA A100-SXM4-40GB MIG 4g.20gb (0),1,,13,[CUDA memset]
17433493605,61215,342850,,,,,,,,,,1.235,20172.810,Pinned,Device,NVIDIA A100-SXM4-40GB MIG 4g.20gb (0),1,,13,[CUDA memcpy Host-to-Device]
17433561412,12832,342851,,,,,,,,,,0.197,15321.661,Pinned,Device,NVIDIA A100-SXM4-40GB MIG 4g.20gb (0),1,,13,[CUDA memcpy Host-to-Device]
17433584612,8576,342852,69,4,1,48,1,1,76,0.002,0.000,,,,,NVIDIA A100-SXM4-40GB MIG 4g.20gb (0),1,,13,"void ch_est::windowedChEstPreNoDftSOfdmKernel<float, __half, float, (unsigned int)2, (unsigned int)1, (unsigned short)4>(ch_est::puschRxChEstStatDescr_t *, ch_est::puschRxChEstDynDescr_t *)"
17433595012,7008,342853,137,2,1,24,2,1,44,0.001,0.001,,,,,NVIDIA A100-SXM4-40GB MIG 4g.20gb (0),1,,13,"void ch_est::chEstFilterNoDftSOfdmDispatchKernel<float, __half, float, (unsigned int)2>(ch_est::puschRxChEstStatDescr_t *, ch_est::puschRxChEstDynDescr_t *)"
17433606596,5887,342854,137,2,1,24,2,1,44,0.001,0.001,,,,,NVIDIA A100-SXM4-40GB MIG 4g.20gb (0),1,,13,"void ch_est::chEstFilterNoDftSOfdmDispatchKernel<float, __half, float, (unsigned int)2>(ch_est::puschRxChEstStatDescr_t *, ch_est::puschRxChEstDynDescr_t *)"
17433616707,2880,342865,103,1,1,128,1,1,16,0.000,0.000,,,,,NVIDIA A100-SXM4-40GB MIG 4g.20gb (0),1,,13,cupy_copy__complex64_complex64
17433626147,12736,342875,1434,1,1,128,1,1,16,0.000,0.000,,,,,NVIDIA A100-SXM4-40GB MIG 4g.20gb (0),1,,13,cupy_copy__complex64_complex64
17433641379,2752,342882,103,1,1,128,1,1,16,0.000,0.000,,,,,NVIDIA A100-SXM4-40GB MIG 4g.20gb (0),1,,13,cupy_copy__complex64_complex64
17433645635,127391,342889,1,1,1,32,32,1,30,0.000,0.000,,,,,NVIDIA A100-SXM4-40GB MIG 4g.20gb (0),1,,13,"void convert_kernel<__half2, float2>(tensor_layout_any, T1 *, tensor_layout_any, const T2 *)"
17433801281,5664,342892,,,,,,,,,,0.094,16542.310,Pinned,Device,NVIDIA A100-SXM4-40GB MIG 4g.20gb (0),1,,13,[CUDA memcpy Host-to-Device]
17433814209,52224,342893,,,,,,,,,,35.810,685688.348,Device,,NVIDIA A100-SXM4-40GB MIG 4g.20gb (0),1,,13,[CUDA memset]
17433871873,1952,342895,,,,,,,,,,0.000,40.984,Pinned,Device,NVIDIA A100-SXM4-40GB MIG 4g.20gb (0),1,,13,[CUDA memcpy Host-to-Device]
17433880928,13280,342896,,,,,,,,,,0.197,14804.779,Pinned,Device,NVIDIA A100-SXM4-40GB MIG 4g.20gb (0),1,,13,[CUDA memcpy Host-to-Device]
17433906592,11296,342897,273,1,1,48,1,1,40,0.000,0.001,,,,,NVIDIA A100-SXM4-40GB MIG 4g.20gb (0),1,,13,"void pusch_noise_intf_est::noiseIntfEstNoDftSOfdmKernel<float, __half, float, float, (unsigned int)2, (unsigned int)1, (unsigned char)4, (unsigned char)4>(pusch_noise_intf_est::puschRxNoiseIntfEstDynDescr)"
17433924608,4192,342908,35,1,1,128,1,1,16,0.000,0.000,,,,,NVIDIA A100-SXM4-40GB MIG 4g.20gb (0),1,,13,cupy_copy__complex64_complex64
17433937120,1888,342917,1,1,1,1,1,1,18,0.000,0.000,,,,,NVIDIA A100-SXM4-40GB MIG 4g.20gb (0),1,,13,cupy_copy__float32_float32
17433951936,1440,342923,,,,,,,,,,0.000,2.778,Device,Pageable,NVIDIA A100-SXM4-40GB MIG 4g.20gb (0),1,,7,[CUDA memcpy Device-to-Host]
17434010847,12544,342934,1434,1,1,128,1,1,16,0.000,0.000,,,,,NVIDIA A100-SXM4-40GB MIG 4g.20gb (0),1,,13,cupy_copy__complex64_complex64
17434036959,2816,342941,103,1,1,128,1,1,16,0.000,0.000,,,,,NVIDIA A100-SXM4-40GB MIG 4g.20gb (0),1,,13,cupy_copy__complex64_complex64
17434060254,3072,342948,35,1,1,128,1,1,16,0.000,0.000,,,,,NVIDIA A100-SXM4-40GB MIG 4g.20gb (0),1,,13,cupy_copy__complex64_complex64
17434078142,2368,342955,1,1,1,1,1,1,18,0.000,0.000,,,,,NVIDIA A100-SXM4-40GB MIG 4g.20gb (0),1,,13,cupy_copy__float32_float32
17434224189,196957,342966,1,1,1,32,32,1,30,0.000,0.000,,,,,NVIDIA A100-SXM4-40GB MIG 4g.20gb (0),1,,13,"void convert_kernel<__half2, float2>(tensor_layout_any, T1 *, tensor_layout_any, const T2 *)"
17434450842,5376,342969,,,,,,,,,,0.094,17428.487,Pinned,Device,NVIDIA A100-SXM4-40GB MIG 4g.20gb (0),1,,13,[CUDA memcpy Host-to-Device]
17434465274,3552,342970,,,,,,,,,,1.547,435422.601,Device,,NVIDIA A100-SXM4-40GB MIG 4g.20gb (0),1,,13,[CUDA memset]
17434471674,3008,342975,,,,,,,,,,0.031,10404.230,Pinned,Device,NVIDIA A100-SXM4-40GB MIG 4g.20gb (0),1,,13,[CUDA memcpy Host-to-Device]
17434476762,12032,342976,,,,,,,,,,0.197,16340.287,Pinned,Device,NVIDIA A100-SXM4-40GB MIG 4g.20gb (0),1,,13,[CUDA memcpy Host-to-Device]
17434496858,11999,342977,273,1,1,8,4,1,39,0.002,0.000,,,,,NVIDIA A100-SXM4-40GB MIG 4g.20gb (0),1,,13,"void channel_eq::eqMmseCoefCompLowMimoKernel<float, float, float, (unsigned int)4, (unsigned int)1, (unsigned int)4>(const channel_eq::_puschRxChEqStatDescr *, channel_eq::_puschRxChEqCoefCompDynDescr)"
17434510969,7712,342978,273,1,1,12,11,1,51,0.002,0.000,,,,,NVIDIA A100-SXM4-40GB MIG 4g.20gb (0),1,,13,"void channel_eq::eqMmseSoftDemapKernel<float, __half, __half, float, (unsigned int)4, (unsigned short)16383>(channel_eq::_puschRxChEqStatDescr *, channel_eq::_puschRxChEqSoftDemapDynDescr)"
17434520857,321181,342979,1,1,1,32,32,1,30,0.000,0.000,,,,,NVIDIA A100-SXM4-40GB MIG 4g.20gb (0),1,,13,"void convert_kernel<float2, __half2>(tensor_layout_any, T1 *, tensor_layout_any, const T2 *)"
17434843830,11456,342991,2253,1,1,128,1,1,16,0.000,0.000,,,,,NVIDIA A100-SXM4-40GB MIG 4g.20gb (0),1,,13,cupy_copy__float16_float16
17434861461,3200,343000,282,1,1,128,1,1,16,0.000,0.000,,,,,NVIDIA A100-SXM4-40GB MIG 4g.20gb (0),1,,13,cupy_copy__complex64_complex64
17434869333,2368,343009,26,1,1,128,1,1,16,0.000,0.000,,,,,NVIDIA A100-SXM4-40GB MIG 4g.20gb (0),1,,13,cupy_copy__float32_float32
17434873141,3136,343018,103,1,1,128,1,1,16,0.000,0.000,,,,,NVIDIA A100-SXM4-40GB MIG 4g.20gb (0),1,,13,cupy_copy__complex64_complex64
17434880789,12608,343028,1434,1,1,128,1,1,16,0.000,0.000,,,,,NVIDIA A100-SXM4-40GB MIG 4g.20gb (0),1,,13,cupy_copy__complex64_complex64
17434896117,203486,343033,1,1,1,32,32,1,30,0.000,0.000,,,,,NVIDIA A100-SXM4-40GB MIG 4g.20gb (0),1,,13,"void convert_kernel<__half2, float2>(tensor_layout_any, T1 *, tensor_layout_any, const T2 *)"
17435127250,5344,343036,,,,,,,,,,0.094,17532.864,Pinned,Device,NVIDIA A100-SXM4-40GB MIG 4g.20gb (0),1,,13,[CUDA memcpy Host-to-Device]
17435242961,601945,343037,,,,,,,,,,456.561,758348.552,Device,,NVIDIA A100-SXM4-40GB MIG 4g.20gb (0),1,,13,[CUDA memset]
17435848010,68384,343042,,,,,,,,,,1.235,18058.586,Pinned,Device,NVIDIA A100-SXM4-40GB MIG 4g.20gb (0),1,,13,[CUDA memcpy Host-to-Device]
17435919210,15487,343043,,,,,,,,,,0.197,12694.979,Pinned,Device,NVIDIA A100-SXM4-40GB MIG 4g.20gb (0),1,,13,[CUDA memcpy Host-to-Device]
17435985001,12320,343044,69,4,1,48,1,1,76,0.002,0.000,,,,,NVIDIA A100-SXM4-40GB MIG 4g.20gb (0),1,,13,"void ch_est::windowedChEstPreNoDftSOfdmKernel<float, __half, float, (unsigned int)2, (unsigned int)1, (unsigned short)4>(ch_est::puschRxChEstStatDescr_t *, ch_est::puschRxChEstDynDescr_t *)"
17436012777,6623,343045,137,2,1,24,2,1,44,0.001,0.001,,,,,NVIDIA A100-SXM4-40GB MIG 4g.20gb (0),1,,13,"void ch_est::chEstFilterNoDftSOfdmDispatchKernel<float, __half, float, (unsigned int)2>(ch_est::puschRxChEstStatDescr_t *, ch_est::puschRxChEstDynDescr_t *)"
17436027880,7104,343046,137,2,1,24,2,1,44,0.001,0.001,,,,,NVIDIA A100-SXM4-40GB MIG 4g.20gb (0),1,,13,"void ch_est::chEstFilterNoDftSOfdmDispatchKernel<float, __half, float, (unsigned int)2>(ch_est::puschRxChEstStatDescr_t *, ch_est::puschRxChEstDynDescr_t *)"
17436036872,2496,343057,103,1,1,128,1,1,16,0.000,0.000,,,,,NVIDIA A100-SXM4-40GB MIG 4g.20gb (0),1,,13,cupy_copy__complex64_complex64
17436045032,12864,343067,1434,1,1,128,1,1,16,0.000,0.000,,,,,NVIDIA A100-SXM4-40GB MIG 4g.20gb (0),1,,13,cupy_copy__complex64_complex64
17436064488,2464,343074,103,1,1,128,1,1,16,0.000,0.000,,,,,NVIDIA A100-SXM4-40GB MIG 4g.20gb (0),1,,13,cupy_copy__complex64_complex64
17436073480,266397,343081,1,1,1,32,32,1,30,0.000,0.000,,,,,NVIDIA A100-SXM4-40GB MIG 4g.20gb (0),1,,13,"void convert_kernel<__half2, float2>(tensor_layout_any, T1 *, tensor_layout_any, const T2 *)"
17436368517,5663,343084,,,,,,,,,,0.094,16545.214,Pinned,Device,NVIDIA A100-SXM4-40GB MIG 4g.20gb (0),1,,13,[CUDA memcpy Host-to-Device]
17436475843,60096,343085,,,,,,,,,,35.810,595877.069,Device,,NVIDIA A100-SXM4-40GB MIG 4g.20gb (0),1,,13,[CUDA memset]
17436541091,5664,343087,,,,,,,,,,0.000,14.124,Pinned,Device,NVIDIA A100-SXM4-40GB MIG 4g.20gb (0),1,,13,[CUDA memcpy Host-to-Device]
17436553634,14784,343088,,,,,,,,,,0.197,13298.565,Pinned,Device,NVIDIA A100-SXM4-40GB MIG 4g.20gb (0),1,,13,[CUDA memcpy Host-to-Device]
17436658401,13152,343089,273,1,1,48,1,1,40,0.000,0.001,,,,,NVIDIA A100-SXM4-40GB MIG 4g.20gb (0),1,,13,"void pusch_noise_intf_est::noiseIntfEstNoDftSOfdmKernel<float, __half, float, float, (unsigned int)2, (unsigned int)1, (unsigned char)4, (unsigned char)4>(pusch_noise_intf_est::puschRxNoiseIntfEstDynDescr)"
17436792480,7808,343100,35,1,1,128,1,1,16,0.000,0.000,,,,,NVIDIA A100-SXM4-40GB MIG 4g.20gb (0),1,,13,cupy_copy__complex64_complex64
17436916318,3424,343109,1,1,1,1,1,1,18,0.000,0.000,,,,,NVIDIA A100-SXM4-40GB MIG 4g.20gb (0),1,,13,cupy_copy__float32_float32
17436923582,1824,343115,,,,,,,,,,0.000,2.193,Device,Pageable,NVIDIA A100-SXM4-40GB MIG 4g.20gb (0),1,,7,[CUDA memcpy Device-to-Host]
17437058173,19232,343126,1434,1,1,128,1,1,16,0.000,0.000,,,,,NVIDIA A100-SXM4-40GB MIG 4g.20gb (0),1,,13,cupy_copy__complex64_complex64
17437199803,6720,343133,103,1,1,128,1,1,16,0.000,0.000,,,,,NVIDIA A100-SXM4-40GB MIG 4g.20gb (0),1,,13,cupy_copy__complex64_complex64
17437225275,5024,343140,35,1,1,128,1,1,16,0.000,0.000,,,,,NVIDIA A100-SXM4-40GB MIG 4g.20gb (0),1,,13,cupy_copy__complex64_complex64
17437238107,1984,343147,1,1,1,1,1,1,18,0.000,0.000,,,,,NVIDIA A100-SXM4-40GB MIG 4g.20gb (0),1,,13,cupy_copy__float32_float32
17437246715,281980,343158,1,1,1,32,32,1,30,0.000,0.000,,,,,NVIDIA A100-SXM4-40GB MIG 4g.20gb (0),1,,13,"void convert_kernel<__half2, float2>(tensor_layout_any, T1 *, tensor_layout_any, const T2 *)"
17437557815,6624,343161,,,,,,,,,,0.094,14144.910,Pinned,Device,NVIDIA A100-SXM4-40GB MIG 4g.20gb (0),1,,13,[CUDA memcpy Host-to-Device]
17437675158,7776,343162,,,,,,,,,,1.547,198895.846,Device,,NVIDIA A100-SXM4-40GB MIG 4g.20gb (0),1,,13,[CUDA memset]
17437684246,6304,343167,,,,,,,,,,0.031,4964.453,Pinned,Device,NVIDIA A100-SXM4-40GB MIG 4g.20gb (0),1,,13,[CUDA memcpy Host-to-Device]
17437697302,15615,343168,,,,,,,,,,0.197,12590.776,Pinned,Device,NVIDIA A100-SXM4-40GB MIG 4g.20gb (0),1,,13,[CUDA memcpy Host-to-Device]
17437809364,16512,343169,273,1,1,8,4,1,39,0.002,0.000,,,,,NVIDIA A100-SXM4-40GB MIG 4g.20gb (0),1,,13,"void channel_eq::eqMmseCoefCompLowMimoKernel<float, float, float, (unsigned int)4, (unsigned int)1, (unsigned int)4>(const channel_eq::_puschRxChEqStatDescr *, channel_eq::_puschRxChEqCoefCompDynDescr)"
17438525292,14784,343170,273,1,1,12,11,1,51,0.002,0.000,,,,,NVIDIA A100-SXM4-40GB MIG 4g.20gb (0),1,,13,"void channel_eq::eqMmseSoftDemapKernel<float, __half, __half, float, (unsigned int)4, (unsigned short)16383>(channel_eq::_puschRxChEqStatDescr *, channel_eq::_puschRxChEqSoftDemapDynDescr)"
17438663947,1069236,343171,1,1,1,32,32,1,30,0.000,0.000,,,,,NVIDIA A100-SXM4-40GB MIG 4g.20gb (0),1,,13,"void convert_kernel<float2, __half2>(tensor_layout_any, T1 *, tensor_layout_any, const T2 *)"
17439738303,12192,343183,2253,1,1,128,1,1,16,0.000,0.000,,,,,NVIDIA A100-SXM4-40GB MIG 4g.20gb (0),1,,13,cupy_copy__float16_float16
17439752222,3584,343192,282,1,1,128,1,1,16,0.000,0.000,,,,,NVIDIA A100-SXM4-40GB MIG 4g.20gb (0),1,,13,cupy_copy__complex64_complex64
17439762654,2304,343201,26,1,1,128,1,1,16,0.000,0.000,,,,,NVIDIA A100-SXM4-40GB MIG 4g.20gb (0),1,,13,cupy_copy__float32_float32
17439767038,3136,343210,103,1,1,128,1,1,16,0.000,0.000,,,,,NVIDIA A100-SXM4-40GB MIG 4g.20gb (0),1,,13,cupy_copy__complex64_complex64
17439775262,12384,343220,1434,1,1,128,1,1,16,0.000,0.000,,,,,NVIDIA A100-SXM4-40GB MIG 4g.20gb (0),1,,13,cupy_copy__complex64_complex64
17439791422,147710,343225,1,1,1,32,32,1,30,0.000,0.000,,,,,NVIDIA A100-SXM4-40GB MIG 4g.20gb (0),1,,13,"void convert_kernel<__half2, float2>(tensor_layout_any, T1 *, tensor_layout_any, const T2 *)"
17439967740,5504,343228,,,,,,,,,,0.094,17023.251,Pinned,Device,NVIDIA A100-SXM4-40GB MIG 4g.20gb (0),1,,13,[CUDA memcpy Host-to-Device]
17439979324,609497,343229,,,,,,,,,,456.561,748760.762,Device,,NVIDIA A100-SXM4-40GB MIG 4g.20gb (0),1,,13,[CUDA memset]
17440592469,66655,343234,,,,,,,,,,1.235,18526.630,Pinned,Device,NVIDIA A100-SXM4-40GB MIG 4g.20gb (0),1,,13,[CUDA memcpy Host-to-Device]
17440661556,13536,343235,,,,,,,,,,0.197,14524.809,Pinned,Device,NVIDIA A100-SXM4-40GB MIG 4g.20gb (0),1,,13,[CUDA memcpy Host-to-Device]
17440682740,9248,343236,69,4,1,48,1,1,76,0.002,0.000,,,,,NVIDIA A100-SXM4-40GB MIG 4g.20gb (0),1,,13,"void ch_est::windowedChEstPreNoDftSOfdmKernel<float, __half, float, (unsigned int)2, (unsigned int)1, (unsigned short)4>(ch_est::puschRxChEstStatDescr_t *, ch_est::puschRxChEstDynDescr_t *)"
17440693972,7968,343237,137,2,1,24,2,1,44,0.001,0.001,,,,,NVIDIA A100-SXM4-40GB MIG 4g.20gb (0),1,,13,"void ch_est::chEstFilterNoDftSOfdmDispatchKernel<float, __half, float, (unsigned int)2>(ch_est::puschRxChEstStatDescr_t *, ch_est::puschRxChEstDynDescr_t *)"
17440704436,7264,343238,137,2,1,24,2,1,44,0.001,0.001,,,,,NVIDIA A100-SXM4-40GB MIG 4g.20gb (0),1,,13,"void ch_est::chEstFilterNoDftSOfdmDispatchKernel<float, __half, float, (unsigned int)2>(ch_est::puschRxChEstStatDescr_t *, ch_est::puschRxChEstDynDescr_t *)"
17440718900,3328,343249,103,1,1,128,1,1,16,0.000,0.000,,,,,NVIDIA A100-SXM4-40GB MIG 4g.20gb (0),1,,13,cupy_copy__complex64_complex64
17440723796,12511,343259,1434,1,1,128,1,1,16,0.000,0.000,,,,,NVIDIA A100-SXM4-40GB MIG 4g.20gb (0),1,,13,cupy_copy__complex64_complex64
17440737587,2720,343266,103,1,1,128,1,1,16,0.000,0.000,,,,,NVIDIA A100-SXM4-40GB MIG 4g.20gb (0),1,,13,cupy_copy__complex64_complex64
17440741651,122783,343273,1,1,1,32,32,1,30,0.000,0.000,,,,,NVIDIA A100-SXM4-40GB MIG 4g.20gb (0),1,,13,"void convert_kernel<__half2, float2>(tensor_layout_any, T1 *, tensor_layout_any, const T2 *)"
17440891922,5472,343276,,,,,,,,,,0.094,17122.757,Pinned,Device,NVIDIA A100-SXM4-40GB MIG 4g.20gb (0),1,,13,[CUDA memcpy Host-to-Device]
17440904466,51455,343277,,,,,,,,,,35.810,695929.985,Device,,NVIDIA A100-SXM4-40GB MIG 4g.20gb (0),1,,13,[CUDA memset]
17440964049,1952,343279,,,,,,,,,,0.000,40.984,Pinned,Device,NVIDIA A100-SXM4-40GB MIG 4g.20gb (0),1,,13,[CUDA memcpy Host-to-Device]
17440968785,16192,343280,,,,,,,,,,0.197,12142.117,Pinned,Device,NVIDIA A100-SXM4-40GB MIG 4g.20gb (0),1,,13,[CUDA memcpy Host-to-Device]
17440993713,10591,343281,273,1,1,48,1,1,40,0.000,0.001,,,,,NVIDIA A100-SXM4-40GB MIG 4g.20gb (0),1,,13,"void pusch_noise_intf_est::noiseIntfEstNoDftSOfdmKernel<float, __half, float, float, (unsigned int)2, (unsigned int)1, (unsigned char)4, (unsigned char)4>(pusch_noise_intf_est::puschRxNoiseIntfEstDynDescr)"
17441005904,2752,343292,35,1,1,128,1,1,16,0.000,0.000,,,,,NVIDIA A100-SXM4-40GB MIG 4g.20gb (0),1,,13,cupy_copy__complex64_complex64
17441013296,2656,343301,1,1,1,1,1,1,18,0.000,0.000,,,,,NVIDIA A100-SXM4-40GB MIG 4g.20gb (0),1,,13,cupy_copy__float32_float32
17441043376,1824,343307,,,,,,,,,,0.000,2.193,Device,Pageable,NVIDIA A100-SXM4-40GB MIG 4g.20gb (0),1,,7,[CUDA memcpy Device-to-Host]
17441104079,12832,343318,1434,1,1,128,1,1,16,0.000,0.000,,,,,NVIDIA A100-SXM4-40GB MIG 4g.20gb (0),1,,13,cupy_copy__complex64_complex64
17441130991,2912,343325,103,1,1,128,1,1,16,0.000,0.000,,,,,NVIDIA A100-SXM4-40GB MIG 4g.20gb (0),1,,13,cupy_copy__complex64_complex64
17441166191,2464,343332,35,1,1,128,1,1,16,0.000,0.000,,,,,NVIDIA A100-SXM4-40GB MIG 4g.20gb (0),1,,13,cupy_copy__complex64_complex64
17441185518,1920,343339,1,1,1,1,1,1,18,0.000,0.000,,,,,NVIDIA A100-SXM4-40GB MIG 4g.20gb (0),1,,13,cupy_copy__float32_float32
17441325453,217309,343350,1,1,1,32,32,1,30,0.000,0.000,,,,,NVIDIA A100-SXM4-40GB MIG 4g.20gb (0),1,,13,"void convert_kernel<__half2, float2>(tensor_layout_any, T1 *, tensor_layout_any, const T2 *)"
17441570506,5504,343353,,,,,,,,,,0.094,17023.251,Pinned,Device,NVIDIA A100-SXM4-40GB MIG 4g.20gb (0),1,,13,[CUDA memcpy Host-to-Device]
17441587722,4256,343354,,,,,,,,,,1.547,363397.868,Device,,NVIDIA A100-SXM4-40GB MIG 4g.20gb (0),1,,13,[CUDA memset]
17441592330,3104,343359,,,,,,,,,,0.031,10082.445,Pinned,Device,NVIDIA A100-SXM4-40GB MIG 4g.20gb (0),1,,13,[CUDA memcpy Host-to-Device]
17441597514,11520,343360,,,,,,,,,,0.197,17066.557,Pinned,Device,NVIDIA A100-SXM4-40GB MIG 4g.20gb (0),1,,13,[CUDA memcpy Host-to-Device]
17441616458,9663,343361,273,1,1,8,4,1,39,0.002,0.000,,,,,NVIDIA A100-SXM4-40GB MIG 4g.20gb (0),1,,13,"void channel_eq::eqMmseCoefCompLowMimoKernel<float, float, float, (unsigned int)4, (unsigned int)1, (unsigned int)4>(const channel_eq::_puschRxChEqStatDescr *, channel_eq::_puschRxChEqCoefCompDynDescr)"
17441632041,7392,343362,273,1,1,12,11,1,51,0.002,0.000,,,,,NVIDIA A100-SXM4-40GB MIG 4g.20gb (0),1,,13,"void channel_eq::eqMmseSoftDemapKernel<float, __half, __half, float, (unsigned int)4, (unsigned short)16383>(channel_eq::_puschRxChEqStatDescr *, channel_eq::_puschRxChEqSoftDemapDynDescr)"
17441644169,502651,343363,1,1,1,32,32,1,30,0.000,0.000,,,,,NVIDIA A100-SXM4-40GB MIG 4g.20gb (0),1,,13,"void convert_kernel<float2, __half2>(tensor_layout_any, T1 *, tensor_layout_any, const T2 *)"
17442154884,12671,343375,2253,1,1,128,1,1,16,0.000,0.000,,,,,NVIDIA A100-SXM4-40GB MIG 4g.20gb (0),1,,13,cupy_copy__float16_float16
17442169123,4064,343384,282,1,1,128,1,1,16,0.000,0.000,,,,,NVIDIA A100-SXM4-40GB MIG 4g.20gb (0),1,,13,cupy_copy__complex64_complex64
17442183107,2688,343393,26,1,1,128,1,1,16,0.000,0.000,,,,,NVIDIA A100-SXM4-40GB MIG 4g.20gb (0),1,,13,cupy_copy__float32_float32
17442187651,3296,343402,103,1,1,128,1,1,16,0.000,0.000,,,,,NVIDIA A100-SXM4-40GB MIG 4g.20gb (0),1,,13,cupy_copy__complex64_complex64
17442195075,14880,343412,1434,1,1,128,1,1,16,0.000,0.000,,,,,NVIDIA A100-SXM4-40GB MIG 4g.20gb (0),1,,13,cupy_copy__complex64_complex64
17442302274,387419,343417,1,1,1,32,32,1,30,0.000,0.000,,,,,NVIDIA A100-SXM4-40GB MIG 4g.20gb (0),1,,13,"void convert_kernel<__half2, float2>(tensor_layout_any, T1 *, tensor_layout_any, const T2 *)"
17442717373,5376,343420,,,,,,,,,,0.094,17428.487,Pinned,Device,NVIDIA A100-SXM4-40GB MIG 4g.20gb (0),1,,13,[CUDA memcpy Host-to-Device]
17442756445,620793,343421,,,,,,,,,,456.561,735063.918,Device,,NVIDIA A100-SXM4-40GB MIG 4g.20gb (0),1,,13,[CUDA memset]
17443379958,59935,343426,,,,,,,,,,1.235,20603.806,Pinned,Device,NVIDIA A100-SXM4-40GB MIG 4g.20gb (0),1,,13,[CUDA memcpy Host-to-Device]
17443442613,11520,343427,,,,,,,,,,0.197,17066.557,Pinned,Device,NVIDIA A100-SXM4-40GB MIG 4g.20gb (0),1,,13,[CUDA memcpy Host-to-Device]
17443488597,13087,343428,69,4,1,48,1,1,76,0.002,0.000,,,,,NVIDIA A100-SXM4-40GB MIG 4g.20gb (0),1,,13,"void ch_est::windowedChEstPreNoDftSOfdmKernel<float, __half, float, (unsigned int)2, (unsigned int)1, (unsigned short)4>(ch_est::puschRxChEstStatDescr_t *, ch_est::puschRxChEstDynDescr_t *)"
17443601171,9632,343429,137,2,1,24,2,1,44,0.001,0.001,,,,,NVIDIA A100-SXM4-40GB MIG 4g.20gb (0),1,,13,"void ch_est::chEstFilterNoDftSOfdmDispatchKernel<float, __half, float, (unsigned int)2>(ch_est::puschRxChEstStatDescr_t *, ch_est::puschRxChEstDynDescr_t *)"
17443716146,15808,343430,137,2,1,24,2,1,44,0.001,0.001,,,,,NVIDIA A100-SXM4-40GB MIG 4g.20gb (0),1,,13,"void ch_est::chEstFilterNoDftSOfdmDispatchKernel<float, __half, float, (unsigned int)2>(ch_est::puschRxChEstStatDescr_t *, ch_est::puschRxChEstDynDescr_t *)"
17443740370,3616,343441,103,1,1,128,1,1,16,0.000,0.000,,,,,NVIDIA A100-SXM4-40GB MIG 4g.20gb (0),1,,13,cupy_copy__complex64_complex64
17443750578,13215,343451,1434,1,1,128,1,1,16,0.000,0.000,,,,,NVIDIA A100-SXM4-40GB MIG 4g.20gb (0),1,,13,cupy_copy__complex64_complex64
17443769073,2848,343458,103,1,1,128,1,1,16,0.000,0.000,,,,,NVIDIA A100-SXM4-40GB MIG 4g.20gb (0),1,,13,cupy_copy__complex64_complex64
17443778545,154207,343465,1,1,1,32,32,1,30,0.000,0.000,,,,,NVIDIA A100-SXM4-40GB MIG 4g.20gb (0),1,,13,"void convert_kernel<__half2, float2>(tensor_layout_any, T1 *, tensor_layout_any, const T2 *)"
17443962447,5792,343468,,,,,,,,,,0.094,16176.708,Pinned,Device,NVIDIA A100-SXM4-40GB MIG 4g.20gb (0),1,,13,[CUDA memcpy Host-to-Device]
17443975951,53887,343469,,,,,,,,,,35.810,664524.685,Device,,NVIDIA A100-SXM4-40GB MIG 4g.20gb (0),1,,13,[CUDA memset]
17444038062,2528,343471,,,,,,,,,,0.000,31.646,Pinned,Device,NVIDIA A100-SXM4-40GB MIG 4g.20gb (0),1,,13,[CUDA memcpy Host-to-Device]
17444050958,9760,343472,,,,,,,,,,0.197,20144.259,Pinned,Device,NVIDIA A100-SXM4-40GB MIG 4g.20gb (0),1,,13,[CUDA memcpy Host-to-Device]
17444068942,11776,343473,273,1,1,48,1,1,40,0.000,0.001,,,,,NVIDIA A100-SXM4-40GB MIG 4g.20gb (0),1,,13,"void pusch_noise_intf_est::noiseIntfEstNoDftSOfdmKernel<float, __half, float, float, (unsigned int)2, (unsigned int)1, (unsigned char)4, (unsigned char)4>(pusch_noise_intf_est::puschRxNoiseIntfEstDynDescr)"
17444082318,2720,343484,35,1,1,128,1,1,16,0.000,0.000,,,,,NVIDIA A100-SXM4-40GB MIG 4g.20gb (0),1,,13,cupy_copy__complex64_complex64
17444089294,2176,343493,1,1,1,1,1,1,18,0.000,0.000,,,,,NVIDIA A100-SXM4-40GB MIG 4g.20gb (0),1,,13,cupy_copy__float32_float32
17444117741,1504,343499,,,,,,,,,,0.000,2.660,Device,Pageable,NVIDIA A100-SXM4-40GB MIG 4g.20gb (0),1,,7,[CUDA memcpy Device-to-Host]
17444178605,12192,343510,1434,1,1,128,1,1,16,0.000,0.000,,,,,NVIDIA A100-SXM4-40GB MIG 4g.20gb (0),1,,13,cupy_copy__complex64_complex64
17444203372,2720,343517,103,1,1,128,1,1,16,0.000,0.000,,,,,NVIDIA A100-SXM4-40GB MIG 4g.20gb (0),1,,13,cupy_copy__complex64_complex64
17444237612,2528,343524,35,1,1,128,1,1,16,0.000,0.000,,,,,NVIDIA A100-SXM4-40GB MIG 4g.20gb (0),1,,13,cupy_copy__complex64_complex64
17444256012,2016,343531,1,1,1,1,1,1,18,0.000,0.000,,,,,NVIDIA A100-SXM4-40GB MIG 4g.20gb (0),1,,13,cupy_copy__float32_float32
17444394858,197150,343542,1,1,1,32,32,1,30,0.000,0.000,,,,,NVIDIA A100-SXM4-40GB MIG 4g.20gb (0),1,,13,"void convert_kernel<__half2, float2>(tensor_layout_any, T1 *, tensor_layout_any, const T2 *)"
17444620488,5568,343545,,,,,,,,,,0.094,16827.521,Pinned,Device,NVIDIA A100-SXM4-40GB MIG 4g.20gb (0),1,,13,[CUDA memcpy Host-to-Device]
17444637544,4192,343546,,,,,,,,,,1.547,368945.609,Device,,NVIDIA A100-SXM4-40GB MIG 4g.20gb (0),1,,13,[CUDA memset]
17444642440,3360,343551,,,,,,,,,,0.031,9314.284,Pinned,Device,NVIDIA A100-SXM4-40GB MIG 4g.20gb (0),1,,13,[CUDA memcpy Host-to-Device]
17444648455,12320,343552,,,,,,,,,,0.197,15958.278,Pinned,Device,NVIDIA A100-SXM4-40GB MIG 4g.20gb (0),1,,13,[CUDA memcpy Host-to-Device]
17444673607,8640,343553,273,1,1,8,4,1,39,0.002,0.000,,,,,NVIDIA A100-SXM4-40GB MIG 4g.20gb (0),1,,13,"void channel_eq::eqMmseCoefCompLowMimoKernel<float, float, float, (unsigned int)4, (unsigned int)1, (unsigned int)4>(const channel_eq::_puschRxChEqStatDescr *, channel_eq::_puschRxChEqCoefCompDynDescr)"
17444684519,7520,343554,273,1,1,12,11,1,51,0.002,0.000,,,,,NVIDIA A100-SXM4-40GB MIG 4g.20gb (0),1,,13,"void channel_eq::eqMmseSoftDemapKernel<float, __half, __half, float, (unsigned int)4, (unsigned short)16383>(channel_eq::_puschRxChEqStatDescr *, channel_eq::_puschRxChEqSoftDemapDynDescr)"
17444700423,304060,343555,1,1,1,32,32,1,30,0.000,0.000,,,,,NVIDIA A100-SXM4-40GB MIG 4g.20gb (0),1,,13,"void convert_kernel<float2, __half2>(tensor_layout_any, T1 *, tensor_layout_any, const T2 *)"
17445005731,10880,343567,2253,1,1,128,1,1,16,0.000,0.000,,,,,NVIDIA A100-SXM4-40GB MIG 4g.20gb (0),1,,13,cupy_copy__float16_float16
17445019907,3328,343576,282,1,1,128,1,1,16,0.000,0.000,,,,,NVIDIA A100-SXM4-40GB MIG 4g.20gb (0),1,,13,cupy_copy__complex64_complex64
17445030051,3168,343585,26,1,1,128,1,1,16,0.000,0.000,,,,,NVIDIA A100-SXM4-40GB MIG 4g.20gb (0),1,,13,cupy_copy__float32_float32
17445035267,3232,343594,103,1,1,128,1,1,16,0.000,0.000,,,,,NVIDIA A100-SXM4-40GB MIG 4g.20gb (0),1,,13,cupy_copy__complex64_complex64
17445042531,12800,343604,1434,1,1,128,1,1,16,0.000,0.000,,,,,NVIDIA A100-SXM4-40GB MIG 4g.20gb (0),1,,13,cupy_copy__complex64_complex64
17445057827,120127,343609,1,1,1,32,32,1,30,0.000,0.000,,,,,NVIDIA A100-SXM4-40GB MIG 4g.20gb (0),1,,13,"void convert_kernel<__half2, float2>(tensor_layout_any, T1 *, tensor_layout_any, const T2 *)"
17445206625,5312,343612,,,,,,,,,,0.094,17638.553,Pinned,Device,NVIDIA A100-SXM4-40GB MIG 4g.20gb (0),1,,13,[CUDA memcpy Host-to-Device]
17445224513,1647214,343613,,,,,,,,,,456.561,277132.794,Device,,NVIDIA A100-SXM4-40GB MIG 4g.20gb (0),1,,13,[CUDA memset]
17446872463,71487,343618,,,,,,,,,,1.235,17274.397,Pinned,Device,NVIDIA A100-SXM4-40GB MIG 4g.20gb (0),1,,13,[CUDA memcpy Host-to-Device]
17446953102,14943,343619,,,,,,,,,,0.197,13157.007,Pinned,Device,NVIDIA A100-SXM4-40GB MIG 4g.20gb (0),1,,13,[CUDA memcpy Host-to-Device]
17447066508,14592,343620,69,4,1,48,1,1,76,0.002,0.000,,,,,NVIDIA A100-SXM4-40GB MIG 4g.20gb (0),1,,13,"void ch_est::windowedChEstPreNoDftSOfdmKernel<float, __half, float, (unsigned int)2, (unsigned int)1, (unsigned short)4>(ch_est::puschRxChEstStatDescr_t *, ch_est::puschRxChEstDynDescr_t *)"
17447190155,13440,343621,137,2,1,24,2,1,44,0.001,0.001,,,,,NVIDIA A100-SXM4-40GB MIG 4g.20gb (0),1,,13,"void ch_est::chEstFilterNoDftSOfdmDispatchKernel<float, __half, float, (unsigned int)2>(ch_est::puschRxChEstStatDescr_t *, ch_est::puschRxChEstDynDescr_t *)"
17447210699,5824,343622,137,2,1,24,2,1,44,0.001,0.001,,,,,NVIDIA A100-SXM4-40GB MIG 4g.20gb (0),1,,13,"void ch_est::chEstFilterNoDftSOfdmDispatchKernel<float, __half, float, (unsigned int)2>(ch_est::puschRxChEstStatDescr_t *, ch_est::puschRxChEstDynDescr_t *)"
17447221323,2784,343633,103,1,1,128,1,1,16,0.000,0.000,,,,,NVIDIA A100-SXM4-40GB MIG 4g.20gb (0),1,,13,cupy_copy__complex64_complex64
17447229610,12608,343643,1434,1,1,128,1,1,16,0.000,0.000,,,,,NVIDIA A100-SXM4-40GB MIG 4g.20gb (0),1,,13,cupy_copy__complex64_complex64
17447244138,2624,343650,103,1,1,128,1,1,16,0.000,0.000,,,,,NVIDIA A100-SXM4-40GB MIG 4g.20gb (0),1,,13,cupy_copy__complex64_complex64
17447248522,225982,343657,1,1,1,32,32,1,30,0.000,0.000,,,,,NVIDIA A100-SXM4-40GB MIG 4g.20gb (0),1,,13,"void convert_kernel<__half2, float2>(tensor_layout_any, T1 *, tensor_layout_any, const T2 *)"
17447502311,5760,343660,,,,,,,,,,0.094,16266.656,Pinned,Device,NVIDIA A100-SXM4-40GB MIG 4g.20gb (0),1,,13,[CUDA memcpy Host-to-Device]
17447606630,60512,343661,,,,,,,,,,35.810,591758.928,Device,,NVIDIA A100-SXM4-40GB MIG 4g.20gb (0),1,,13,[CUDA memset]
17447671494,2656,343663,,,,,,,,,,0.000,30.120,Pinned,Device,NVIDIA A100-SXM4-40GB MIG 4g.20gb (0),1,,13,[CUDA memcpy Host-to-Device]
17447676869,18016,343664,,,,,,,,,,0.197,10912.924,Pinned,Device,NVIDIA A100-SXM4-40GB MIG 4g.20gb (0),1,,13,[CUDA memcpy Host-to-Device]
17447776804,11648,343665,273,1,1,48,1,1,40,0.000,0.001,,,,,NVIDIA A100-SXM4-40GB MIG 4g.20gb (0),1,,13,"void pusch_noise_intf_est::noiseIntfEstNoDftSOfdmKernel<float, __half, float, float, (unsigned int)2, (unsigned int)1, (unsigned char)4, (unsigned char)4>(pusch_noise_intf_est::puschRxNoiseIntfEstDynDescr)"
17447892995,8640,343676,35,1,1,128,1,1,16,0.000,0.000,,,,,NVIDIA A100-SXM4-40GB MIG 4g.20gb (0),1,,13,cupy_copy__complex64_complex64
17447999458,3744,343685,1,1,1,1,1,1,18,0.000,0.000,,,,,NVIDIA A100-SXM4-40GB MIG 4g.20gb (0),1,,13,cupy_copy__float32_float32
17448009090,1728,343691,,,,,,,,,,0.000,2.315,Device,Pageable,NVIDIA A100-SXM4-40GB MIG 4g.20gb (0),1,,7,[CUDA memcpy Device-to-Host]
17448123168,23360,343702,1434,1,1,128,1,1,16,0.000,0.000,,,,,NVIDIA A100-SXM4-40GB MIG 4g.20gb (0),1,,13,cupy_copy__complex64_complex64
17448240095,6880,343709,103,1,1,128,1,1,16,0.000,0.000,,,,,NVIDIA A100-SXM4-40GB MIG 4g.20gb (0),1,,13,cupy_copy__complex64_complex64
17448265919,4704,343716,35,1,1,128,1,1,16,0.000,0.000,,,,,NVIDIA A100-SXM4-40GB MIG 4g.20gb (0),1,,13,cupy_copy__complex64_complex64
17448276447,2464,343723,1,1,1,1,1,1,18,0.000,0.000,,,,,NVIDIA A100-SXM4-40GB MIG 4g.20gb (0),1,,13,cupy_copy__float32_float32
17448288447,283100,343734,1,1,1,32,32,1,30,0.000,0.000,,,,,NVIDIA A100-SXM4-40GB MIG 4g.20gb (0),1,,13,"void convert_kernel<__half2, float2>(tensor_layout_any, T1 *, tensor_layout_any, const T2 *)"
17448599835,5664,343737,,,,,,,,,,0.094,16542.310,Pinned,Device,NVIDIA A100-SXM4-40GB MIG 4g.20gb (0),1,,13,[CUDA memcpy Host-to-Device]
17448655162,6720,343738,,,,,,,,,,1.547,230151.571,Device,,NVIDIA A100-SXM4-40GB MIG 4g.20gb (0),1,,13,[CUDA memset]
17448670490,3840,343743,,,,,,,,,,0.031,8149.979,Pinned,Device,NVIDIA A100-SXM4-40GB MIG 4g.20gb (0),1,,13,[CUDA memcpy Host-to-Device]
17448684026,15072,343744,,,,,,,,,,0.197,13044.548,Pinned,Device,NVIDIA A100-SXM4-40GB MIG 4g.20gb (0),1,,13,[CUDA memcpy Host-to-Device]
17448769849,13344,343745,273,1,1,8,4,1,39,0.002,0.000,,,,,NVIDIA A100-SXM4-40GB MIG 4g.20gb (0),1,,13,"void channel_eq::eqMmseCoefCompLowMimoKernel<float, float, float, (unsigned int)4, (unsigned int)1, (unsigned int)4>(const channel_eq::_puschRxChEqStatDescr *, channel_eq::_puschRxChEqCoefCompDynDescr)"
17448880856,11968,343746,273,1,1,12,11,1,51,0.002,0.000,,,,,NVIDIA A100-SXM4-40GB MIG 4g.20gb (0),1,,13,"void channel_eq::eqMmseSoftDemapKernel<float, __half, __half, float, (unsigned int)4, (unsigned short)16383>(channel_eq::_puschRxChEqStatDescr *, channel_eq::_puschRxChEqSoftDemapDynDescr)"
17448993367,660120,343747,1,1,1,32,32,1,30,0.000,0.000,,,,,NVIDIA A100-SXM4-40GB MIG 4g.20gb (0),1,,13,"void convert_kernel<float2, __half2>(tensor_layout_any, T1 *, tensor_layout_any, const T2 *)"
17449656207,12000,343759,2253,1,1,128,1,1,16,0.000,0.000,,,,,NVIDIA A100-SXM4-40GB MIG 4g.20gb (0),1,,13,cupy_copy__float16_float16
17449673327,3424,343768,282,1,1,128,1,1,16,0.000,0.000,,,,,NVIDIA A100-SXM4-40GB MIG 4g.20gb (0),1,,13,cupy_copy__complex64_complex64
17449685679,2368,343777,26,1,1,128,1,1,16,0.000,0.000,,,,,NVIDIA A100-SXM4-40GB MIG 4g.20gb (0),1,,13,cupy_copy__float32_float32
17449693871,4352,343786,103,1,1,128,1,1,16,0.000,0.000,,,,,NVIDIA A100-SXM4-40GB MIG 4g.20gb (0),1,,13,cupy_copy__complex64_complex64
17449705135,12576,343796,1434,1,1,128,1,1,16,0.000,0.000,,,,,NVIDIA A100-SXM4-40GB MIG 4g.20gb (0),1,,13,cupy_copy__complex64_complex64
17449721135,140286,343801,1,1,1,32,32,1,30,0.000,0.000,,,,,NVIDIA A100-SXM4-40GB MIG 4g.20gb (0),1,,13,"void convert_kernel<__half2, float2>(tensor_layout_any, T1 *, tensor_layout_any, const T2 *)"
17449890317,5472,343804,,,,,,,,,,0.094,17122.757,Pinned,Device,NVIDIA A100-SXM4-40GB MIG 4g.20gb (0),1,,13,[CUDA memcpy Host-to-Device]
17449901932,613850,343805,,,,,,,,,,456.561,743738.586,Device,,NVIDIA A100-SXM4-40GB MIG 4g.20gb (0),1,,13,[CUDA memset]
17450519878,68127,343810,,,,,,,,,,1.235,18126.508,Pinned,Device,NVIDIA A100-SXM4-40GB MIG 4g.20gb (0),1,,13,[CUDA memcpy Host-to-Device]
17450591333,11936,343811,,,,,,,,,,0.197,16471.818,Pinned,Device,NVIDIA A100-SXM4-40GB MIG 4g.20gb (0),1,,13,[CUDA memcpy Host-to-Device]
17450612356,8288,343812,69,4,1,48,1,1,76,0.002,0.000,,,,,NVIDIA A100-SXM4-40GB MIG 4g.20gb (0),1,,13,"void ch_est::windowedChEstPreNoDftSOfdmKernel<float, __half, float, (unsigned int)2, (unsigned int)1, (unsigned short)4>(ch_est::puschRxChEstStatDescr_t *, ch_est::puschRxChEstDynDescr_t *)"
17450626404,8064,343813,137,2,1,24,2,1,44,0.001,0.001,,,,,NVIDIA A100-SXM4-40GB MIG 4g.20gb (0),1,,13,"void ch_est::chEstFilterNoDftSOfdmDispatchKernel<float, __half, float, (unsigned int)2>(ch_est::puschRxChEstStatDescr_t *, ch_est::puschRxChEstDynDescr_t *)"
17450635972,5312,343814,137,2,1,24,2,1,44,0.001,0.001,,,,,NVIDIA A100-SXM4-40GB MIG 4g.20gb (0),1,,13,"void ch_est::chEstFilterNoDftSOfdmDispatchKernel<float, __half, float, (unsigned int)2>(ch_est::puschRxChEstStatDescr_t *, ch_est::puschRxChEstDynDescr_t *)"
17450645732,2912,343825,103,1,1,128,1,1,16,0.000,0.000,,,,,NVIDIA A100-SXM4-40GB MIG 4g.20gb (0),1,,13,cupy_copy__complex64_complex64
17450655364,12928,343835,1434,1,1,128,1,1,16,0.000,0.000,,,,,NVIDIA A100-SXM4-40GB MIG 4g.20gb (0),1,,13,cupy_copy__complex64_complex64
17450674724,2624,343842,103,1,1,128,1,1,16,0.000,0.000,,,,,NVIDIA A100-SXM4-40GB MIG 4g.20gb (0),1,,13,cupy_copy__complex64_complex64
17450683428,162014,343849,1,1,1,32,32,1,30,0.000,0.000,,,,,NVIDIA A100-SXM4-40GB MIG 4g.20gb (0),1,,13,"void convert_kernel<__half2, float2>(tensor_layout_any, T1 *, tensor_layout_any, const T2 *)"
17450872994,5440,343852,,,,,,,,,,0.094,17223.480,Pinned,Device,NVIDIA A100-SXM4-40GB MIG 4g.20gb (0),1,,13,[CUDA memcpy Host-to-Device]
17450885281,53632,343853,,,,,,,,,,35.810,667675.958,Device,,NVIDIA A100-SXM4-40GB MIG 4g.20gb (0),1,,13,[CUDA memset]
17450939425,5536,343855,,,,,,,,,,0.000,14.451,Pinned,Device,NVIDIA A100-SXM4-40GB MIG 4g.20gb (0),1,,13,[CUDA memcpy Host-to-Device]
17450951393,15392,343856,,,,,,,,,,0.197,12773.229,Pinned,Device,NVIDIA A100-SXM4-40GB MIG 4g.20gb (0),1,,13,[CUDA memcpy Host-to-Device]
17450979424,11392,343857,273,1,1,48,1,1,40,0.000,0.001,,,,,NVIDIA A100-SXM4-40GB MIG 4g.20gb (0),1,,13,"void pusch_noise_intf_est::noiseIntfEstNoDftSOfdmKernel<float, __half, float, float, (unsigned int)2, (unsigned int)1, (unsigned char)4, (unsigned char)4>(pusch_noise_intf_est::puschRxNoiseIntfEstDynDescr)"
17450992864,2816,343868,35,1,1,128,1,1,16,0.000,0.000,,,,,NVIDIA A100-SXM4-40GB MIG 4g.20gb (0),1,,13,cupy_copy__complex64_complex64
17451001184,1792,343877,1,1,1,1,1,1,18,0.000,0.000,,,,,NVIDIA A100-SXM4-40GB MIG 4g.20gb (0),1,,13,cupy_copy__float32_float32
17451023392,1600,343883,,,,,,,,,,0.000,2.500,Device,Pageable,NVIDIA A100-SXM4-40GB MIG 4g.20gb (0),1,,7,[CUDA memcpy Device-to-Host]
17451094751,12896,343894,1434,1,1,128,1,1,16,0.000,0.000,,,,,NVIDIA A100-SXM4-40GB MIG 4g.20gb (0),1,,13,cupy_copy__complex64_complex64
17451122463,2784,343901,103,1,1,128,1,1,16,0.000,0.000,,,,,NVIDIA A100-SXM4-40GB MIG 4g.20gb (0),1,,13,cupy_copy__complex64_complex64
17451146270,3040,343908,35,1,1,128,1,1,16,0.000,0.000,,,,,NVIDIA A100-SXM4-40GB MIG 4g.20gb (0),1,,13,cupy_copy__complex64_complex64
17451164478,2592,343915,1,1,1,1,1,1,18,0.000,0.000,,,,,NVIDIA A100-SXM4-40GB MIG 4g.20gb (0),1,,13,cupy_copy__float32_float32
17451299357,213245,343926,1,1,1,32,32,1,30,0.000,0.000,,,,,NVIDIA A100-SXM4-40GB MIG 4g.20gb (0),1,,13,"void convert_kernel<__half2, float2>(tensor_layout_any, T1 *, tensor_layout_any, const T2 *)"
17451540410,5408,343929,,,,,,,,,,0.094,17325.421,Pinned,Device,NVIDIA A100-SXM4-40GB MIG 4g.20gb (0),1,,13,[CUDA memcpy Host-to-Device]
17451555034,3776,343930,,,,,,,,,,1.547,409592.434,Device,,NVIDIA A100-SXM4-40GB MIG 4g.20gb (0),1,,13,[CUDA memset]
17451561562,3040,343935,,,,,,,,,,0.031,10294.725,Pinned,Device,NVIDIA A100-SXM4-40GB MIG 4g.20gb (0),1,,13,[CUDA memcpy Host-to-Device]
17451567098,12224,343936,,,,,,,,,,0.197,16083.714,Pinned,Device,NVIDIA A100-SXM4-40GB MIG 4g.20gb (0),1,,13,[CUDA memcpy Host-to-Device]
17451587898,11199,343937,273,1,1,8,4,1,39,0.002,0.000,,,,,NVIDIA A100-SXM4-40GB MIG 4g.20gb (0),1,,13,"void channel_eq::eqMmseCoefCompLowMimoKernel<float, float, float, (unsigned int)4, (unsigned int)1, (unsigned int)4>(const channel_eq::_puschRxChEqStatDescr *, channel_eq::_puschRxChEqCoefCompDynDescr)"
17451600665,7712,343938,273,1,1,12,11,1,51,0.002,0.000,,,,,NVIDIA A100-SXM4-40GB MIG 4g.20gb (0),1,,13,"void channel_eq::eqMmseSoftDemapKernel<float, __half, __half, float, (unsigned int)4, (unsigned short)16383>(channel_eq::_puschRxChEqStatDescr *, channel_eq::_puschRxChEqSoftDemapDynDescr)"
17451612921,302621,343939,1,1,1,32,32,1,30,0.000,0.000,,,,,NVIDIA A100-SXM4-40GB MIG 4g.20gb (0),1,,13,"void convert_kernel<float2, __half2>(tensor_layout_any, T1 *, tensor_layout_any, const T2 *)"
17451917846,11328,343951,2253,1,1,128,1,1,16,0.000,0.000,,,,,NVIDIA A100-SXM4-40GB MIG 4g.20gb (0),1,,13,cupy_copy__float16_float16
17451931382,3264,343960,282,1,1,128,1,1,16,0.000,0.000,,,,,NVIDIA A100-SXM4-40GB MIG 4g.20gb (0),1,,13,cupy_copy__complex64_complex64
17451942870,2432,343969,26,1,1,128,1,1,16,0.000,0.000,,,,,NVIDIA A100-SXM4-40GB MIG 4g.20gb (0),1,,13,cupy_copy__float32_float32
17452001013,18464,343978,103,1,1,128,1,1,16,0.000,0.000,,,,,NVIDIA A100-SXM4-40GB MIG 4g.20gb (0),1,,13,cupy_copy__complex64_complex64
17452024117,13631,343988,1434,1,1,128,1,1,16,0.000,0.000,,,,,NVIDIA A100-SXM4-40GB MIG 4g.20gb (0),1,,13,cupy_copy__complex64_complex64
17452043796,253118,343993,1,1,1,32,32,1,30,0.000,0.000,,,,,NVIDIA A100-SXM4-40GB MIG 4g.20gb (0),1,,13,"void convert_kernel<__half2, float2>(tensor_layout_any, T1 *, tensor_layout_any, const T2 *)"
17452324817,5440,343996,,,,,,,,,,0.094,17223.480,Pinned,Device,NVIDIA A100-SXM4-40GB MIG 4g.20gb (0),1,,13,[CUDA memcpy Host-to-Device]
17452335793,1190483,343997,,,,,,,,,,456.561,383055.048,Device,,NVIDIA A100-SXM4-40GB MIG 4g.20gb (0),1,,13,[CUDA memset]
17453531428,52895,344002,,,,,,,,,,1.235,23346.616,Pinned,Device,NVIDIA A100-SXM4-40GB MIG 4g.20gb (0),1,,13,[CUDA memcpy Host-to-Device]
17453586403,9248,344003,,,,,,,,,,0.197,21259.420,Pinned,Device,NVIDIA A100-SXM4-40GB MIG 4g.20gb (0),1,,13,[CUDA memcpy Host-to-Device]
17454121245,11552,344004,69,4,1,48,1,1,76,0.002,0.000,,,,,NVIDIA A100-SXM4-40GB MIG 4g.20gb (0),1,,13,"void ch_est::windowedChEstPreNoDftSOfdmKernel<float, __half, float, (unsigned int)2, (unsigned int)1, (unsigned short)4>(ch_est::puschRxChEstStatDescr_t *, ch_est::puschRxChEstDynDescr_t *)"
17454144861,8736,344005,137,2,1,24,2,1,44,0.001,0.001,,,,,NVIDIA A100-SXM4-40GB MIG 4g.20gb (0),1,,13,"void ch_est::chEstFilterNoDftSOfdmDispatchKernel<float, __half, float, (unsigned int)2>(ch_est::puschRxChEstStatDescr_t *, ch_est::puschRxChEstDynDescr_t *)"
17454283163,14752,344006,137,2,1,24,2,1,44,0.001,0.001,,,,,NVIDIA A100-SXM4-40GB MIG 4g.20gb (0),1,,13,"void ch_est::chEstFilterNoDftSOfdmDispatchKernel<float, __half, float, (unsigned int)2>(ch_est::puschRxChEstStatDescr_t *, ch_est::puschRxChEstDynDescr_t *)"
17454405978,6112,344017,103,1,1,128,1,1,16,0.000,0.000,,,,,NVIDIA A100-SXM4-40GB MIG 4g.20gb (0),1,,13,cupy_copy__complex64_complex64
17454512665,23839,344027,1434,1,1,128,1,1,16,0.000,0.000,,,,,NVIDIA A100-SXM4-40GB MIG 4g.20gb (0),1,,13,cupy_copy__complex64_complex64
17454643959,7392,344034,103,1,1,128,1,1,16,0.000,0.000,,,,,NVIDIA A100-SXM4-40GB MIG 4g.20gb (0),1,,13,cupy_copy__complex64_complex64
17454660503,326876,344041,1,1,1,32,32,1,30,0.000,0.000,,,,,NVIDIA A100-SXM4-40GB MIG 4g.20gb (0),1,,13,"void convert_kernel<__half2, float2>(tensor_layout_any, T1 *, tensor_layout_any, const T2 *)"
17455015987,5408,344044,,,,,,,,,,0.094,17325.421,Pinned,Device,NVIDIA A100-SXM4-40GB MIG 4g.20gb (0),1,,13,[CUDA memcpy Host-to-Device]
17455032915,61471,344045,,,,,,,,,,35.810,582519.969,Device,,NVIDIA A100-SXM4-40GB MIG 4g.20gb (0),1,,13,[CUDA memset]
17455098930,1824,344047,,,,,,,,,,0.000,43.860,Pinned,Device,NVIDIA A100-SXM4-40GB MIG 4g.20gb (0),1,,13,[CUDA memcpy Host-to-Device]
17455106674,14912,344048,,,,,,,,,,0.197,13184.532,Pinned,Device,NVIDIA A100-SXM4-40GB MIG 4g.20gb (0),1,,13,[CUDA memcpy Host-to-Device]
17455251056,20480,344049,273,1,1,48,1,1,40,0.000,0.001,,,,,NVIDIA A100-SXM4-40GB MIG 4g.20gb (0),1,,13,"void pusch_noise_intf_est::noiseIntfEstNoDftSOfdmKernel<float, __half, float, float, (unsigned int)2, (unsigned int)1, (unsigned char)4, (unsigned char)4>(pusch_noise_intf_est::puschRxNoiseIntfEstDynDescr)"
17455390319,7648,344060,35,1,1,128,1,1,16,0.000,0.000,,,,,NVIDIA A100-SXM4-40GB MIG 4g.20gb (0),1,,13,cupy_copy__complex64_complex64
17455502478,3552,344069,1,1,1,1,1,1,18,0.000,0.000,,,,,NVIDIA A100-SXM4-40GB MIG 4g.20gb (0),1,,13,cupy_copy__float32_float32
17455510797,1952,344075,,,,,,,,,,0.000,2.049,Device,Pageable,NVIDIA A100-SXM4-40GB MIG 4g.20gb (0),1,,7,[CUDA memcpy Device-to-Host]
17455641036,21344,344086,1434,1,1,128,1,1,16,0.000,0.000,,,,,NVIDIA A100-SXM4-40GB MIG 4g.20gb (0),1,,13,cupy_copy__complex64_complex64
17455770187,6111,344093,103,1,1,128,1,1,16,0.000,0.000,,,,,NVIDIA A100-SXM4-40GB MIG 4g.20gb (0),1,,13,cupy_copy__complex64_complex64
17455880713,8640,344100,35,1,1,128,1,1,16,0.000,0.000,,,,,NVIDIA A100-SXM4-40GB MIG 4g.20gb (0),1,,13,cupy_copy__complex64_complex64
17455896649,4640,344107,1,1,1,1,1,1,18,0.000,0.000,,,,,NVIDIA A100-SXM4-40GB MIG 4g.20gb (0),1,,13,cupy_copy__float32_float32
17456005480,289789,344118,1,1,1,32,32,1,30,0.000,0.000,,,,,NVIDIA A100-SXM4-40GB MIG 4g.20gb (0),1,,13,"void convert_kernel<__half2, float2>(tensor_layout_any, T1 *, tensor_layout_any, const T2 *)"
17456324708,5504,344121,,,,,,,,,,0.094,17023.251,Pinned,Device,NVIDIA A100-SXM4-40GB MIG 4g.20gb (0),1,,13,[CUDA memcpy Host-to-Device]
17456339780,3648,344122,,,,,,,,,,1.547,423963.664,Device,,NVIDIA A100-SXM4-40GB MIG 4g.20gb (0),1,,13,[CUDA memset]
17456347332,3008,344127,,,,,,,,,,0.031,10404.230,Pinned,Device,NVIDIA A100-SXM4-40GB MIG 4g.20gb (0),1,,13,[CUDA memcpy Host-to-Device]
17456352868,10784,344128,,,,,,,,,,0.197,18231.263,Pinned,Device,NVIDIA A100-SXM4-40GB MIG 4g.20gb (0),1,,13,[CUDA memcpy Host-to-Device]
17456368868,11200,344129,273,1,1,8,4,1,39,0.002,0.000,,,,,NVIDIA A100-SXM4-40GB MIG 4g.20gb (0),1,,13,"void channel_eq::eqMmseCoefCompLowMimoKernel<float, float, float, (unsigned int)4, (unsigned int)1, (unsigned int)4>(const channel_eq::_puschRxChEqStatDescr *, channel_eq::_puschRxChEqCoefCompDynDescr)"
17456383300,6816,344130,273,1,1,12,11,1,51,0.002,0.000,,,,,NVIDIA A100-SXM4-40GB MIG 4g.20gb (0),1,,13,"void channel_eq::eqMmseSoftDemapKernel<float, __half, __half, float, (unsigned int)4, (unsigned short)16383>(channel_eq::_puschRxChEqStatDescr *, channel_eq::_puschRxChEqSoftDemapDynDescr)"
17456392164,340444,344131,1,1,1,32,32,1,30,0.000,0.000,,,,,NVIDIA A100-SXM4-40GB MIG 4g.20gb (0),1,,13,"void convert_kernel<float2, __half2>(tensor_layout_any, T1 *, tensor_layout_any, const T2 *)"
17456734816,11616,344143,2253,1,1,128,1,1,16,0.000,0.000,,,,,NVIDIA A100-SXM4-40GB MIG 4g.20gb (0),1,,13,cupy_copy__float16_float16
17456748352,3616,344152,282,1,1,128,1,1,16,0.000,0.000,,,,,NVIDIA A100-SXM4-40GB MIG 4g.20gb (0),1,,13,cupy_copy__complex64_complex64
17456759775,2336,344161,26,1,1,128,1,1,16,0.000,0.000,,,,,NVIDIA A100-SXM4-40GB MIG 4g.20gb (0),1,,13,cupy_copy__float32_float32
17456768543,3936,344170,103,1,1,128,1,1,16,0.000,0.000,,,,,NVIDIA A100-SXM4-40GB MIG 4g.20gb (0),1,,13,cupy_copy__complex64_complex64
17456778847,11968,344180,1434,1,1,128,1,1,16,0.000,0.000,,,,,NVIDIA A100-SXM4-40GB MIG 4g.20gb (0),1,,13,cupy_copy__complex64_complex64
17456794943,139390,344185,1,1,1,32,32,1,30,0.000,0.000,,,,,NVIDIA A100-SXM4-40GB MIG 4g.20gb (0),1,,13,"void convert_kernel<__half2, float2>(tensor_layout_any, T1 *, tensor_layout_any, const T2 *)"
17456962589,5376,344188,,,,,,,,,,0.094,17428.487,Pinned,Device,NVIDIA A100-SXM4-40GB MIG 4g.20gb (0),1,,13,[CUDA memcpy Host-to-Device]
17456974973,616057,344189,,,,,,,,,,456.561,740999.217,Device,,NVIDIA A100-SXM4-40GB MIG 4g.20gb (0),1,,13,[CUDA memset]
17457595958,66527,344194,,,,,,,,,,1.235,18562.443,Pinned,Device,NVIDIA A100-SXM4-40GB MIG 4g.20gb (0),1,,13,[CUDA memcpy Host-to-Device]
17457668629,13152,344195,,,,,,,,,,0.197,14948.893,Pinned,Device,NVIDIA A100-SXM4-40GB MIG 4g.20gb (0),1,,13,[CUDA memcpy Host-to-Device]
17457690485,9984,344196,69,4,1,48,1,1,76,0.002,0.000,,,,,NVIDIA A100-SXM4-40GB MIG 4g.20gb (0),1,,13,"void ch_est::windowedChEstPreNoDftSOfdmKernel<float, __half, float, (unsigned int)2, (unsigned int)1, (unsigned short)4>(ch_est::puschRxChEstStatDescr_t *, ch_est::puschRxChEstDynDescr_t *)"
17457702933,8064,344197,137,2,1,24,2,1,44,0.001,0.001,,,,,NVIDIA A100-SXM4-40GB MIG 4g.20gb (0),1,,13,"void ch_est::chEstFilterNoDftSOfdmDispatchKernel<float, __half, float, (unsigned int)2>(ch_est::puschRxChEstStatDescr_t *, ch_est::puschRxChEstDynDescr_t *)"
17457713365,5792,344198,137,2,1,24,2,1,44,0.001,0.001,,,,,NVIDIA A100-SXM4-40GB MIG 4g.20gb (0),1,,13,"void ch_est::chEstFilterNoDftSOfdmDispatchKernel<float, __half, float, (unsigned int)2>(ch_est::puschRxChEstStatDescr_t *, ch_est::puschRxChEstDynDescr_t *)"
17457721749,2592,344209,103,1,1,128,1,1,16,0.000,0.000,,,,,NVIDIA A100-SXM4-40GB MIG 4g.20gb (0),1,,13,cupy_copy__complex64_complex64
17457730453,13023,344219,1434,1,1,128,1,1,16,0.000,0.000,,,,,NVIDIA A100-SXM4-40GB MIG 4g.20gb (0),1,,13,cupy_copy__complex64_complex64
17457749364,2560,344226,103,1,1,128,1,1,16,0.000,0.000,,,,,NVIDIA A100-SXM4-40GB MIG 4g.20gb (0),1,,13,cupy_copy__complex64_complex64
17457753748,130367,344233,1,1,1,32,32,1,30,0.000,0.000,,,,,NVIDIA A100-SXM4-40GB MIG 4g.20gb (0),1,,13,"void convert_kernel<__half2, float2>(tensor_layout_any, T1 *, tensor_layout_any, const T2 *)"
17457911634,5664,344236,,,,,,,,,,0.094,16542.310,Pinned,Device,NVIDIA A100-SXM4-40GB MIG 4g.20gb (0),1,,13,[CUDA memcpy Host-to-Device]
17457923282,52960,344237,,,,,,,,,,35.810,676162.909,Device,,NVIDIA A100-SXM4-40GB MIG 4g.20gb (0),1,,13,[CUDA memset]
17457978482,3648,344239,,,,,,,,,,0.000,21.930,Pinned,Device,NVIDIA A100-SXM4-40GB MIG 4g.20gb (0),1,,13,[CUDA memcpy Host-to-Device]
17457988530,14879,344240,,,,,,,,,,0.197,13213.630,Pinned,Device,NVIDIA A100-SXM4-40GB MIG 4g.20gb (0),1,,13,[CUDA memcpy Host-to-Device]
17458008465,11136,344241,273,1,1,48,1,1,40,0.000,0.001,,,,,NVIDIA A100-SXM4-40GB MIG 4g.20gb (0),1,,13,"void pusch_noise_intf_est::noiseIntfEstNoDftSOfdmKernel<float, __half, float, float, (unsigned int)2, (unsigned int)1, (unsigned char)4, (unsigned char)4>(pusch_noise_intf_est::puschRxNoiseIntfEstDynDescr)"
17458021073,2720,344252,35,1,1,128,1,1,16,0.000,0.000,,,,,NVIDIA A100-SXM4-40GB MIG 4g.20gb (0),1,,13,cupy_copy__complex64_complex64
17458045457,2592,344261,1,1,1,1,1,1,18,0.000,0.000,,,,,NVIDIA A100-SXM4-40GB MIG 4g.20gb (0),1,,13,cupy_copy__float32_float32
17458075921,1888,344267,,,,,,,,,,0.000,2.119,Device,Pageable,NVIDIA A100-SXM4-40GB MIG 4g.20gb (0),1,,7,[CUDA memcpy Device-to-Host]
17458135984,13248,344278,1434,1,1,128,1,1,16,0.000,0.000,,,,,NVIDIA A100-SXM4-40GB MIG 4g.20gb (0),1,,13,cupy_copy__complex64_complex64
17458162256,3200,344285,103,1,1,128,1,1,16,0.000,0.000,,,,,NVIDIA A100-SXM4-40GB MIG 4g.20gb (0),1,,13,cupy_copy__complex64_complex64
17458182287,2528,344292,35,1,1,128,1,1,16,0.000,0.000,,,,,NVIDIA A100-SXM4-40GB MIG 4g.20gb (0),1,,13,cupy_copy__complex64_complex64
17458200655,1824,344299,1,1,1,1,1,1,18,0.000,0.000,,,,,NVIDIA A100-SXM4-40GB MIG 4g.20gb (0),1,,13,cupy_copy__float32_float32
17458336334,198206,344310,1,1,1,32,32,1,30,0.000,0.000,,,,,NVIDIA A100-SXM4-40GB MIG 4g.20gb (0),1,,13,"void convert_kernel<__half2, float2>(tensor_layout_any, T1 *, tensor_layout_any, const T2 *)"
17458563019,5376,344313,,,,,,,,,,0.094,17428.487,Pinned,Device,NVIDIA A100-SXM4-40GB MIG 4g.20gb (0),1,,13,[CUDA memcpy Host-to-Device]
17458577099,5088,344314,,,,,,,,,,1.547,303973.481,Device,,NVIDIA A100-SXM4-40GB MIG 4g.20gb (0),1,,13,[CUDA memset]
17458584555,3104,344319,,,,,,,,,,0.031,10082.445,Pinned,Device,NVIDIA A100-SXM4-40GB MIG 4g.20gb (0),1,,13,[CUDA memcpy Host-to-Device]
17458589739,11904,344320,,,,,,,,,,0.197,16516.055,Pinned,Device,NVIDIA A100-SXM4-40GB MIG 4g.20gb (0),1,,13,[CUDA memcpy Host-to-Device]
17458613515,11327,344321,273,1,1,8,4,1,39,0.002,0.000,,,,,NVIDIA A100-SXM4-40GB MIG 4g.20gb (0),1,,13,"void channel_eq::eqMmseCoefCompLowMimoKernel<float, float, float, (unsigned int)4, (unsigned int)1, (unsigned int)4>(const channel_eq::_puschRxChEqStatDescr *, channel_eq::_puschRxChEqCoefCompDynDescr)"
17458627146,7008,344322,273,1,1,12,11,1,51,0.002,0.000,,,,,NVIDIA A100-SXM4-40GB MIG 4g.20gb (0),1,,13,"void channel_eq::eqMmseSoftDemapKernel<float, __half, __half, float, (unsigned int)4, (unsigned short)16383>(channel_eq::_puschRxChEqStatDescr *, channel_eq::_puschRxChEqSoftDemapDynDescr)"
17458636362,366268,344323,1,1,1,32,32,1,30,0.000,0.000,,,,,NVIDIA A100-SXM4-40GB MIG 4g.20gb (0),1,,13,"void convert_kernel<float2, __half2>(tensor_layout_any, T1 *, tensor_layout_any, const T2 *)"
17459007302,11328,344335,2253,1,1,128,1,1,16,0.000,0.000,,,,,NVIDIA A100-SXM4-40GB MIG 4g.20gb (0),1,,13,cupy_copy__float16_float16
17459023142,3584,344344,282,1,1,128,1,1,16,0.000,0.000,,,,,NVIDIA A100-SXM4-40GB MIG 4g.20gb (0),1,,13,cupy_copy__complex64_complex64
17459032070,2976,344353,26,1,1,128,1,1,16,0.000,0.000,,,,,NVIDIA A100-SXM4-40GB MIG 4g.20gb (0),1,,13,cupy_copy__float32_float32
17459042694,3520,344362,103,1,1,128,1,1,16,0.000,0.000,,,,,NVIDIA A100-SXM4-40GB MIG 4g.20gb (0),1,,13,cupy_copy__complex64_complex64
17459098533,12576,344378,1434,1,1,128,1,1,16,0.000,0.000,,,,,NVIDIA A100-SXM4-40GB MIG 4g.20gb (0),1,,13,cupy_copy__complex64_complex64
17459219524,195934,344383,1,1,1,32,32,1,30,0.000,0.000,,,,,NVIDIA A100-SXM4-40GB MIG 4g.20gb (0),1,,13,"void convert_kernel<__half2, float2>(tensor_layout_any, T1 *, tensor_layout_any, const T2 *)"
17459443201,5376,344386,,,,,,,,,,0.094,17428.487,Pinned,Device,NVIDIA A100-SXM4-40GB MIG 4g.20gb (0),1,,13,[CUDA memcpy Host-to-Device]
17459453793,611673,344387,,,,,,,,,,456.561,746021.393,Device,,NVIDIA A100-SXM4-40GB MIG 4g.20gb (0),1,,13,[CUDA memset]
17460070202,67231,344392,,,,,,,,,,1.235,18368.557,Pinned,Device,NVIDIA A100-SXM4-40GB MIG 4g.20gb (0),1,,13,[CUDA memcpy Host-to-Device]
17460144729,12576,344393,,,,,,,,,,0.197,15633.482,Pinned,Device,NVIDIA A100-SXM4-40GB MIG 4g.20gb (0),1,,13,[CUDA memcpy Host-to-Device]
17460240216,15040,344394,69,4,1,48,1,1,76,0.002,0.000,,,,,NVIDIA A100-SXM4-40GB MIG 4g.20gb (0),1,,13,"void ch_est::windowedChEstPreNoDftSOfdmKernel<float, __half, float, (unsigned int)2, (unsigned int)1, (unsigned short)4>(ch_est::puschRxChEstStatDescr_t *, ch_est::puschRxChEstDynDescr_t *)"
17460342871,14272,344395,137,2,1,24,2,1,44,0.001,0.001,,,,,NVIDIA A100-SXM4-40GB MIG 4g.20gb (0),1,,13,"void ch_est::chEstFilterNoDftSOfdmDispatchKernel<float, __half, float, (unsigned int)2>(ch_est::puschRxChEstStatDescr_t *, ch_est::puschRxChEstDynDescr_t *)"
17460996720,13760,344396,137,2,1,24,2,1,44,0.001,0.001,,,,,NVIDIA A100-SXM4-40GB MIG 4g.20gb (0),1,,13,"void ch_est::chEstFilterNoDftSOfdmDispatchKernel<float, __half, float, (unsigned int)2>(ch_est::puschRxChEstStatDescr_t *, ch_est::puschRxChEstDynDescr_t *)"
17461020080,5632,344407,103,1,1,128,1,1,16,0.000,0.000,,,,,NVIDIA A100-SXM4-40GB MIG 4g.20gb (0),1,,13,cupy_copy__complex64_complex64
17461096719,25951,344417,1434,1,1,128,1,1,16,0.000,0.000,,,,,NVIDIA A100-SXM4-40GB MIG 4g.20gb (0),1,,13,cupy_copy__complex64_complex64
17461128686,6560,344424,103,1,1,128,1,1,16,0.000,0.000,,,,,NVIDIA A100-SXM4-40GB MIG 4g.20gb (0),1,,13,cupy_copy__complex64_complex64
17461136270,676025,344431,1,1,1,32,32,1,30,0.000,0.000,,,,,NVIDIA A100-SXM4-40GB MIG 4g.20gb (0),1,,13,"void convert_kernel<__half2, float2>(tensor_layout_any, T1 *, tensor_layout_any, const T2 *)"
17461840838,5408,344434,,,,,,,,,,0.094,17325.421,Pinned,Device,NVIDIA A100-SXM4-40GB MIG 4g.20gb (0),1,,13,[CUDA memcpy Host-to-Device]
17461904262,62655,344435,,,,,,,,,,35.810,571526.323,Device,,NVIDIA A100-SXM4-40GB MIG 4g.20gb (0),1,,13,[CUDA memset]
17461975269,5120,344437,,,,,,,,,,0.000,15.625,Pinned,Device,NVIDIA A100-SXM4-40GB MIG 4g.20gb (0),1,,13,[CUDA memcpy Host-to-Device]
17461986789,13152,344438,,,,,,,,,,0.197,14948.893,Pinned,Device,NVIDIA A100-SXM4-40GB MIG 4g.20gb (0),1,,13,[CUDA memcpy Host-to-Device]
17462050884,12704,344439,273,1,1,48,1,1,40,0.000,0.001,,,,,NVIDIA A100-SXM4-40GB MIG 4g.20gb (0),1,,13,"void pusch_noise_intf_est::noiseIntfEstNoDftSOfdmKernel<float, __half, float, float, (unsigned int)2, (unsigned int)1, (unsigned char)4, (unsigned char)4>(pusch_noise_intf_est::puschRxNoiseIntfEstDynDescr)"
17462147939,8544,344450,35,1,1,128,1,1,16,0.000,0.000,,,,,NVIDIA A100-SXM4-40GB MIG 4g.20gb (0),1,,13,cupy_copy__complex64_complex64
17462226338,6752,344459,1,1,1,1,1,1,18,0.000,0.000,,,,,NVIDIA A100-SXM4-40GB MIG 4g.20gb (0),1,,13,cupy_copy__float32_float32
17462238402,2080,344465,,,,,,,,,,0.000,1.923,Device,Pageable,NVIDIA A100-SXM4-40GB MIG 4g.20gb (0),1,,7,[CUDA memcpy Device-to-Host]
17462299745,13664,344476,1434,1,1,128,1,1,16,0.000,0.000,,,,,NVIDIA A100-SXM4-40GB MIG 4g.20gb (0),1,,13,cupy_copy__complex64_complex64
17462325217,3328,344483,103,1,1,128,1,1,16,0.000,0.000,,,,,NVIDIA A100-SXM4-40GB MIG 4g.20gb (0),1,,13,cupy_copy__complex64_complex64
17462345345,2624,344490,35,1,1,128,1,1,16,0.000,0.000,,,,,NVIDIA A100-SXM4-40GB MIG 4g.20gb (0),1,,13,cupy_copy__complex64_complex64
17462364576,1888,344497,1,1,1,1,1,1,18,0.000,0.000,,,,,NVIDIA A100-SXM4-40GB MIG 4g.20gb (0),1,,13,cupy_copy__float32_float32
17462504959,212318,344508,1,1,1,32,32,1,30,0.000,0.000,,,,,NVIDIA A100-SXM4-40GB MIG 4g.20gb (0),1,,13,"void convert_kernel<__half2, float2>(tensor_layout_any, T1 *, tensor_layout_any, const T2 *)"
17462745596,5376,344511,,,,,,,,,,0.094,17428.487,Pinned,Device,NVIDIA A100-SXM4-40GB MIG 4g.20gb (0),1,,13,[CUDA memcpy Host-to-Device]
17462760060,4032,344512,,,,,,,,,,1.547,383585.951,Device,,NVIDIA A100-SXM4-40GB MIG 4g.20gb (0),1,,13,[CUDA memset]
17462767036,3008,344517,,,,,,,,,,0.031,10404.230,Pinned,Device,NVIDIA A100-SXM4-40GB MIG 4g.20gb (0),1,,13,[CUDA memcpy Host-to-Device]
17462772156,12672,344518,,,,,,,,,,0.197,15515.124,Pinned,Device,NVIDIA A100-SXM4-40GB MIG 4g.20gb (0),1,,13,[CUDA memcpy Host-to-Device]
17462789500,10112,344519,273,1,1,8,4,1,39,0.002,0.000,,,,,NVIDIA A100-SXM4-40GB MIG 4g.20gb (0),1,,13,"void channel_eq::eqMmseCoefCompLowMimoKernel<float, float, float, (unsigned int)4, (unsigned int)1, (unsigned int)4>(const channel_eq::_puschRxChEqStatDescr *, channel_eq::_puschRxChEqCoefCompDynDescr)"
17462801692,6879,344520,273,1,1,12,11,1,51,0.002,0.000,,,,,NVIDIA A100-SXM4-40GB MIG 4g.20gb (0),1,,13,"void channel_eq::eqMmseSoftDemapKernel<float, __half, __half, float, (unsigned int)4, (unsigned short)16383>(channel_eq::_puschRxChEqStatDescr *, channel_eq::_puschRxChEqSoftDemapDynDescr)"
17462810683,352925,344521,1,1,1,32,32,1,30,0.000,0.000,,,,,NVIDIA A100-SXM4-40GB MIG 4g.20gb (0),1,,13,"void convert_kernel<float2, __half2>(tensor_layout_any, T1 *, tensor_layout_any, const T2 *)"
17463164599,11104,344533,2253,1,1,128,1,1,16,0.000,0.000,,,,,NVIDIA A100-SXM4-40GB MIG 4g.20gb (0),1,,13,cupy_copy__float16_float16
17463176791,3424,344542,282,1,1,128,1,1,16,0.000,0.000,,,,,NVIDIA A100-SXM4-40GB MIG 4g.20gb (0),1,,13,cupy_copy__complex64_complex64
17463181367,2272,344551,26,1,1,128,1,1,16,0.000,0.000,,,,,NVIDIA A100-SXM4-40GB MIG 4g.20gb (0),1,,13,cupy_copy__float32_float32
17463184567,3168,344560,103,1,1,128,1,1,16,0.000,0.000,,,,,NVIDIA A100-SXM4-40GB MIG 4g.20gb (0),1,,13,cupy_copy__complex64_complex64
17463188823,12128,344570,1434,1,1,128,1,1,16,0.000,0.000,,,,,NVIDIA A100-SXM4-40GB MIG 4g.20gb (0),1,,13,cupy_copy__complex64_complex64
17463201911,79743,344575,1,1,1,32,32,1,30,0.000,0.000,,,,,NVIDIA A100-SXM4-40GB MIG 4g.20gb (0),1,,13,"void convert_kernel<__half2, float2>(tensor_layout_any, T1 *, tensor_layout_any, const T2 *)"
17463310998,5536,344578,,,,,,,,,,0.094,16924.777,Pinned,Device,NVIDIA A100-SXM4-40GB MIG 4g.20gb (0),1,,13,[CUDA memcpy Host-to-Device]
17463321046,594489,344579,,,,,,,,,,456.561,767936.342,Device,,NVIDIA A100-SXM4-40GB MIG 4g.20gb (0),1,,13,[CUDA memset]
17463917327,48127,344584,,,,,,,,,,1.235,25659.666,Pinned,Device,NVIDIA A100-SXM4-40GB MIG 4g.20gb (0),1,,13,[CUDA memcpy Host-to-Device]
17463968590,10336,344585,,,,,,,,,,0.197,19021.627,Pinned,Device,NVIDIA A100-SXM4-40GB MIG 4g.20gb (0),1,,13,[CUDA memcpy Host-to-Device]
17464003662,10016,344586,69,4,1,48,1,1,76,0.002,0.000,,,,,NVIDIA A100-SXM4-40GB MIG 4g.20gb (0),1,,13,"void ch_est::windowedChEstPreNoDftSOfdmKernel<float, __half, float, (unsigned int)2, (unsigned int)1, (unsigned short)4>(ch_est::puschRxChEstStatDescr_t *, ch_est::puschRxChEstDynDescr_t *)"
17464014670,6720,344587,137,2,1,24,2,1,44,0.001,0.001,,,,,NVIDIA A100-SXM4-40GB MIG 4g.20gb (0),1,,13,"void ch_est::chEstFilterNoDftSOfdmDispatchKernel<float, __half, float, (unsigned int)2>(ch_est::puschRxChEstStatDescr_t *, ch_est::puschRxChEstDynDescr_t *)"
17464022542,5472,344588,137,2,1,24,2,1,44,0.001,0.001,,,,,NVIDIA A100-SXM4-40GB MIG 4g.20gb (0),1,,13,"void ch_est::chEstFilterNoDftSOfdmDispatchKernel<float, __half, float, (unsigned int)2>(ch_est::puschRxChEstStatDescr_t *, ch_est::puschRxChEstDynDescr_t *)"
17464120845,4512,344599,103,1,1,128,1,1,16,0.000,0.000,,,,,NVIDIA A100-SXM4-40GB MIG 4g.20gb (0),1,,13,cupy_copy__complex64_complex64
17464126317,17119,344609,1434,1,1,128,1,1,16,0.000,0.000,,,,,NVIDIA A100-SXM4-40GB MIG 4g.20gb (0),1,,13,cupy_copy__complex64_complex64
17464231436,4767,344616,103,1,1,128,1,1,16,0.000,0.000,,,,,NVIDIA A100-SXM4-40GB MIG 4g.20gb (0),1,,13,cupy_copy__complex64_complex64
17464237163,251038,344623,1,1,1,32,32,1,30,0.000,0.000,,,,,NVIDIA A100-SXM4-40GB MIG 4g.20gb (0),1,,13,"void convert_kernel<__half2, float2>(tensor_layout_any, T1 *, tensor_layout_any, const T2 *)"
17464517896,5888,344626,,,,,,,,,,0.094,15912.954,Pinned,Device,NVIDIA A100-SXM4-40GB MIG 4g.20gb (0),1,,13,[CUDA memcpy Host-to-Device]
17464530888,47840,344627,,,,,,,,,,35.810,748534.758,Device,,NVIDIA A100-SXM4-40GB MIG 4g.20gb (0),1,,13,[CUDA memset]
17464583560,2464,344629,,,,,,,,,,0.000,32.468,Pinned,Device,NVIDIA A100-SXM4-40GB MIG 4g.20gb (0),1,,13,[CUDA memcpy Host-to-Device]
17464588711,9888,344630,,,,,,,,,,0.197,19883.360,Pinned,Device,NVIDIA A100-SXM4-40GB MIG 4g.20gb (0),1,,13,[CUDA memcpy Host-to-Device]
17464676839,11615,344631,273,1,1,48,1,1,40,0.000,0.001,,,,,NVIDIA A100-SXM4-40GB MIG 4g.20gb (0),1,,13,"void pusch_noise_intf_est::noiseIntfEstNoDftSOfdmKernel<float, __half, float, float, (unsigned int)2, (unsigned int)1, (unsigned char)4, (unsigned char)4>(pusch_noise_intf_est::puschRxNoiseIntfEstDynDescr)"
17464787845,4992,344642,35,1,1,128,1,1,16,0.000,0.000,,,,,NVIDIA A100-SXM4-40GB MIG 4g.20gb (0),1,,13,cupy_copy__complex64_complex64
17464794021,3072,344651,1,1,1,1,1,1,18,0.000,0.000,,,,,NVIDIA A100-SXM4-40GB MIG 4g.20gb (0),1,,13,cupy_copy__float32_float32
17464803813,2816,344657,,,,,,,,,,0.000,1.420,Device,Pageable,NVIDIA A100-SXM4-40GB MIG 4g.20gb (0),1,,7,[CUDA memcpy Device-to-Host]
17464897540,16352,344668,1434,1,1,128,1,1,16,0.000,0.000,,,,,NVIDIA A100-SXM4-40GB MIG 4g.20gb (0),1,,13,cupy_copy__complex64_complex64
17464915044,3168,344675,103,1,1,128,1,1,16,0.000,0.000,,,,,NVIDIA A100-SXM4-40GB MIG 4g.20gb (0),1,,13,cupy_copy__complex64_complex64
17465017891,4928,344682,35,1,1,128,1,1,16,0.000,0.000,,,,,NVIDIA A100-SXM4-40GB MIG 4g.20gb (0),1,,13,cupy_copy__complex64_complex64
17465023843,3104,344689,1,1,1,1,1,1,18,0.000,0.000,,,,,NVIDIA A100-SXM4-40GB MIG 4g.20gb (0),1,,13,cupy_copy__float32_float32
17465127041,292029,344700,1,1,1,32,32,1,30,0.000,0.000,,,,,NVIDIA A100-SXM4-40GB MIG 4g.20gb (0),1,,13,"void convert_kernel<__half2, float2>(tensor_layout_any, T1 *, tensor_layout_any, const T2 *)"
17465447294,5792,344703,,,,,,,,,,0.094,16176.708,Pinned,Device,NVIDIA A100-SXM4-40GB MIG 4g.20gb (0),1,,13,[CUDA memcpy Host-to-Device]
17465526557,5728,344704,,,,,,,,,,1.547,270011.165,Device,,NVIDIA A100-SXM4-40GB MIG 4g.20gb (0),1,,13,[CUDA memset]
17465536253,3200,344709,,,,,,,,,,0.031,9780.000,Pinned,Device,NVIDIA A100-SXM4-40GB MIG 4g.20gb (0),1,,13,[CUDA memcpy Host-to-Device]
17465542173,9632,344710,,,,,,,,,,0.197,20411.843,Pinned,Device,NVIDIA A100-SXM4-40GB MIG 4g.20gb (0),1,,13,[CUDA memcpy Host-to-Device]
17465638812,10976,344711,273,1,1,8,4,1,39,0.002,0.000,,,,,NVIDIA A100-SXM4-40GB MIG 4g.20gb (0),1,,13,"void channel_eq::eqMmseCoefCompLowMimoKernel<float, float, float, (unsigned int)4, (unsigned int)1, (unsigned int)4>(const channel_eq::_puschRxChEqStatDescr *, channel_eq::_puschRxChEqCoefCompDynDescr)"
17465749370,11680,344712,273,1,1,12,11,1,51,0.002,0.000,,,,,NVIDIA A100-SXM4-40GB MIG 4g.20gb (0),1,,13,"void channel_eq::eqMmseSoftDemapKernel<float, __half, __half, float, (unsigned int)4, (unsigned short)16383>(channel_eq::_puschRxChEqStatDescr *, channel_eq::_puschRxChEqSoftDemapDynDescr)"
17465860057,639929,344713,1,1,1,32,32,1,30,0.000,0.000,,,,,NVIDIA A100-SXM4-40GB MIG 4g.20gb (0),1,,13,"void convert_kernel<float2, __half2>(tensor_layout_any, T1 *, tensor_layout_any, const T2 *)"
17466501010,11840,344725,2253,1,1,128,1,1,16,0.000,0.000,,,,,NVIDIA A100-SXM4-40GB MIG 4g.20gb (0),1,,13,cupy_copy__float16_float16
17466513842,3648,344734,282,1,1,128,1,1,16,0.000,0.000,,,,,NVIDIA A100-SXM4-40GB MIG 4g.20gb (0),1,,13,cupy_copy__complex64_complex64
17466518642,2272,344743,26,1,1,128,1,1,16,0.000,0.000,,,,,NVIDIA A100-SXM4-40GB MIG 4g.20gb (0),1,,13,cupy_copy__float32_float32
17466521906,3104,344752,103,1,1,128,1,1,16,0.000,0.000,,,,,NVIDIA A100-SXM4-40GB MIG 4g.20gb (0),1,,13,cupy_copy__complex64_complex64
17466526066,11904,344762,1434,1,1,128,1,1,16,0.000,0.000,,,,,NVIDIA A100-SXM4-40GB MIG 4g.20gb (0),1,,13,cupy_copy__complex64_complex64
17466538930,79903,344767,1,1,1,32,32,1,30,0.000,0.000,,,,,NVIDIA A100-SXM4-40GB MIG 4g.20gb (0),1,,13,"void convert_kernel<__half2, float2>(tensor_layout_any, T1 *, tensor_layout_any, const T2 *)"
17466646992,5344,344770,,,,,,,,,,0.094,17532.864,Pinned,Device,NVIDIA A100-SXM4-40GB MIG 4g.20gb (0),1,,13,[CUDA memcpy Host-to-Device]
17466657424,590458,344771,,,,,,,,,,456.561,772958.518,Device,,NVIDIA A100-SXM4-40GB MIG 4g.20gb (0),1,,13,[CUDA memset]
17467254922,47775,344776,,,,,,,,,,1.235,25848.613,Pinned,Device,NVIDIA A100-SXM4-40GB MIG 4g.20gb (0),1,,13,[CUDA memcpy Host-to-Device]
17467306121,9184,344777,,,,,,,,,,0.197,21407.662,Pinned,Device,NVIDIA A100-SXM4-40GB MIG 4g.20gb (0),1,,13,[CUDA memcpy Host-to-Device]
17467318345,7360,344778,69,4,1,48,1,1,76,0.002,0.000,,,,,NVIDIA A100-SXM4-40GB MIG 4g.20gb (0),1,,13,"void ch_est::windowedChEstPreNoDftSOfdmKernel<float, __half, float, (unsigned int)2, (unsigned int)1, (unsigned short)4>(ch_est::puschRxChEstStatDescr_t *, ch_est::puschRxChEstDynDescr_t *)"
17467326665,6528,344779,137,2,1,24,2,1,44,0.001,0.001,,,,,NVIDIA A100-SXM4-40GB MIG 4g.20gb (0),1,,13,"void ch_est::chEstFilterNoDftSOfdmDispatchKernel<float, __half, float, (unsigned int)2>(ch_est::puschRxChEstStatDescr_t *, ch_est::puschRxChEstDynDescr_t *)"
17467334313,4992,344780,137,2,1,24,2,1,44,0.001,0.001,,,,,NVIDIA A100-SXM4-40GB MIG 4g.20gb (0),1,,13,"void ch_est::chEstFilterNoDftSOfdmDispatchKernel<float, __half, float, (unsigned int)2>(ch_est::puschRxChEstStatDescr_t *, ch_est::puschRxChEstDynDescr_t *)"
17467340361,2560,344791,103,1,1,128,1,1,16,0.000,0.000,,,,,NVIDIA A100-SXM4-40GB MIG 4g.20gb (0),1,,13,cupy_copy__complex64_complex64
17467344073,12991,344801,1434,1,1,128,1,1,16,0.000,0.000,,,,,NVIDIA A100-SXM4-40GB MIG 4g.20gb (0),1,,13,cupy_copy__complex64_complex64
17467358184,2432,344808,103,1,1,128,1,1,16,0.000,0.000,,,,,NVIDIA A100-SXM4-40GB MIG 4g.20gb (0),1,,13,cupy_copy__complex64_complex64
17467361704,79455,344815,1,1,1,32,32,1,30,0.000,0.000,,,,,NVIDIA A100-SXM4-40GB MIG 4g.20gb (0),1,,13,"void convert_kernel<__half2, float2>(tensor_layout_any, T1 *, tensor_layout_any, const T2 *)"
17467477095,5312,344818,,,,,,,,,,0.094,17638.553,Pinned,Device,NVIDIA A100-SXM4-40GB MIG 4g.20gb (0),1,,13,[CUDA memcpy Host-to-Device]
17467489831,46079,344819,,,,,,,,,,35.810,777111.074,Device,,NVIDIA A100-SXM4-40GB MIG 4g.20gb (0),1,,13,[CUDA memset]
17467542662,1664,344821,,,,,,,,,,0.000,48.077,Pinned,Device,NVIDIA A100-SXM4-40GB MIG 4g.20gb (0),1,,13,[CUDA memcpy Host-to-Device]
17467547110,9408,344822,,,,,,,,,,0.197,20897.858,Pinned,Device,NVIDIA A100-SXM4-40GB MIG 4g.20gb (0),1,,13,[CUDA memcpy Host-to-Device]
17467560262,8768,344823,273,1,1,48,1,1,40,0.000,0.001,,,,,NVIDIA A100-SXM4-40GB MIG 4g.20gb (0),1,,13,"void pusch_noise_intf_est::noiseIntfEstNoDftSOfdmKernel<float, __half, float, float, (unsigned int)2, (unsigned int)1, (unsigned char)4, (unsigned char)4>(pusch_noise_intf_est::puschRxNoiseIntfEstDynDescr)"
17467570150,2912,344834,35,1,1,128,1,1,16,0.000,0.000,,,,,NVIDIA A100-SXM4-40GB MIG 4g.20gb (0),1,,13,cupy_copy__complex64_complex64
17467596646,1888,344843,1,1,1,1,1,1,18,0.000,0.000,,,,,NVIDIA A100-SXM4-40GB MIG 4g.20gb (0),1,,13,cupy_copy__float32_float32
17467631397,1568,344849,,,,,,,,,,0.000,2.551,Device,Pageable,NVIDIA A100-SXM4-40GB MIG 4g.20gb (0),1,,7,[CUDA memcpy Device-to-Host]
17467689829,13440,344860,1434,1,1,128,1,1,16,0.000,0.000,,,,,NVIDIA A100-SXM4-40GB MIG 4g.20gb (0),1,,13,cupy_copy__complex64_complex64
17467716356,2720,344867,103,1,1,128,1,1,16,0.000,0.000,,,,,NVIDIA A100-SXM4-40GB MIG 4g.20gb (0),1,,13,cupy_copy__complex64_complex64
17467735908,2208,344874,35,1,1,128,1,1,16,0.000,0.000,,,,,NVIDIA A100-SXM4-40GB MIG 4g.20gb (0),1,,13,cupy_copy__complex64_complex64
17467752900,1856,344881,1,1,1,1,1,1,18,0.000,0.000,,,,,NVIDIA A100-SXM4-40GB MIG 4g.20gb (0),1,,13,cupy_copy__float32_float32
17467900258,686329,344892,1,1,1,32,32,1,30,0.000,0.000,,,,,NVIDIA A100-SXM4-40GB MIG 4g.20gb (0),1,,13,"void convert_kernel<__half2, float2>(tensor_layout_any, T1 *, tensor_layout_any, const T2 *)"
17468614842,5696,344895,,,,,,,,,,0.094,16449.363,Pinned,Device,NVIDIA A100-SXM4-40GB MIG 4g.20gb (0),1,,13,[CUDA memcpy Host-to-Device]
17468641274,3936,344896,,,,,,,,,,1.547,392943.027,Device,,NVIDIA A100-SXM4-40GB MIG 4g.20gb (0),1,,13,[CUDA memset]
17468646810,3072,344901,,,,,,,,,,0.031,10187.474,Pinned,Device,NVIDIA A100-SXM4-40GB MIG 4g.20gb (0),1,,13,[CUDA memcpy Host-to-Device]
17468651994,9184,344902,,,,,,,,,,0.197,21407.662,Pinned,Device,NVIDIA A100-SXM4-40GB MIG 4g.20gb (0),1,,13,[CUDA memcpy Host-to-Device]
17469107093,23647,344903,273,1,1,8,4,1,39,0.002,0.000,,,,,NVIDIA A100-SXM4-40GB MIG 4g.20gb (0),1,,13,"void channel_eq::eqMmseCoefCompLowMimoKernel<float, float, float, (unsigned int)4, (unsigned int)1, (unsigned int)4>(const channel_eq::_puschRxChEqStatDescr *, channel_eq::_puschRxChEqCoefCompDynDescr)"
17469290931,9024,344904,273,1,1,12,11,1,51,0.002,0.000,,,,,NVIDIA A100-SXM4-40GB MIG 4g.20gb (0),1,,13,"void channel_eq::eqMmseSoftDemapKernel<float, __half, __half, float, (unsigned int)4, (unsigned short)16383>(channel_eq::_puschRxChEqStatDescr *, channel_eq::_puschRxChEqSoftDemapDynDescr)"
17469301075,448795,344905,1,1,1,32,32,1,30,0.000,0.000,,,,,NVIDIA A100-SXM4-40GB MIG 4g.20gb (0),1,,13,"void convert_kernel<float2, __half2>(tensor_layout_any, T1 *, tensor_layout_any, const T2 *)"
17469928556,12703,344917,2253,1,1,128,1,1,16,0.000,0.000,,,,,NVIDIA A100-SXM4-40GB MIG 4g.20gb (0),1,,13,cupy_copy__float16_float16
17469942315,4032,344926,282,1,1,128,1,1,16,0.000,0.000,,,,,NVIDIA A100-SXM4-40GB MIG 4g.20gb (0),1,,13,cupy_copy__complex64_complex64
17470123401,3200,344935,26,1,1,128,1,1,16,0.000,0.000,,,,,NVIDIA A100-SXM4-40GB MIG 4g.20gb (0),1,,13,cupy_copy__float32_float32
17470127561,3904,344944,103,1,1,128,1,1,16,0.000,0.000,,,,,NVIDIA A100-SXM4-40GB MIG 4g.20gb (0),1,,13,cupy_copy__complex64_complex64
17470309383,15264,344954,1434,1,1,128,1,1,16,0.000,0.000,,,,,NVIDIA A100-SXM4-40GB MIG 4g.20gb (0),1,,13,cupy_copy__complex64_complex64
17470325607,137471,344959,1,1,1,32,32,1,30,0.000,0.000,,,,,NVIDIA A100-SXM4-40GB MIG 4g.20gb (0),1,,13,"void convert_kernel<__half2, float2>(tensor_layout_any, T1 *, tensor_layout_any, const T2 *)"
17470491269,194110,344962,,,,,,,,,,0.094,482.628,Pinned,Device,NVIDIA A100-SXM4-40GB MIG 4g.20gb (0),1,,13,[CUDA memcpy Host-to-Device]
17470867201,599481,344963,,,,,,,,,,456.561,761544.482,Device,,NVIDIA A100-SXM4-40GB MIG 4g.20gb (0),1,,13,[CUDA memset]
17471470362,48352,344968,,,,,,,,,,1.235,25539.877,Pinned,Device,NVIDIA A100-SXM4-40GB MIG 4g.20gb (0),1,,13,[CUDA memcpy Host-to-Device]
17471521178,9408,344969,,,,,,,,,,0.197,20897.858,Pinned,Device,NVIDIA A100-SXM4-40GB MIG 4g.20gb (0),1,,13,[CUDA memcpy Host-to-Device]
17471645752,8864,344970,69,4,1,48,1,1,76,0.002,0.000,,,,,NVIDIA A100-SXM4-40GB MIG 4g.20gb (0),1,,13,"void ch_est::windowedChEstPreNoDftSOfdmKernel<float, __half, float, (unsigned int)2, (unsigned int)1, (unsigned short)4>(ch_est::puschRxChEstStatDescr_t *, ch_est::puschRxChEstDynDescr_t *)"
17471655608,6944,344971,137,2,1,24,2,1,44,0.001,0.001,,,,,NVIDIA A100-SXM4-40GB MIG 4g.20gb (0),1,,13,"void ch_est::chEstFilterNoDftSOfdmDispatchKernel<float, __half, float, (unsigned int)2>(ch_est::puschRxChEstStatDescr_t *, ch_est::puschRxChEstDynDescr_t *)"
17471663512,5664,344972,137,2,1,24,2,1,44,0.001,0.001,,,,,NVIDIA A100-SXM4-40GB MIG 4g.20gb (0),1,,13,"void ch_est::chEstFilterNoDftSOfdmDispatchKernel<float, __half, float, (unsigned int)2>(ch_est::puschRxChEstStatDescr_t *, ch_est::puschRxChEstDynDescr_t *)"
17471670232,2592,344983,103,1,1,128,1,1,16,0.000,0.000,,,,,NVIDIA A100-SXM4-40GB MIG 4g.20gb (0),1,,13,cupy_copy__complex64_complex64
17471673944,12128,344993,1434,1,1,128,1,1,16,0.000,0.000,,,,,NVIDIA A100-SXM4-40GB MIG 4g.20gb (0),1,,13,cupy_copy__complex64_complex64
17471687096,2432,345000,103,1,1,128,1,1,16,0.000,0.000,,,,,NVIDIA A100-SXM4-40GB MIG 4g.20gb (0),1,,13,cupy_copy__complex64_complex64
17471690552,80703,345007,1,1,1,32,32,1,30,0.000,0.000,,,,,NVIDIA A100-SXM4-40GB MIG 4g.20gb (0),1,,13,"void convert_kernel<__half2, float2>(tensor_layout_any, T1 *, tensor_layout_any, const T2 *)"
17471799830,5408,345010,,,,,,,,,,0.094,17325.421,Pinned,Device,NVIDIA A100-SXM4-40GB MIG 4g.20gb (0),1,,13,[CUDA memcpy Host-to-Device]
17471812470,46336,345011,,,,,,,,,,35.810,772813.884,Device,,NVIDIA A100-SXM4-40GB MIG 4g.20gb (0),1,,13,[CUDA memset]
17471867286,1888,345013,,,,,,,,,,0.000,42.373,Pinned,Device,NVIDIA A100-SXM4-40GB MIG 4g.20gb (0),1,,13,[CUDA memcpy Host-to-Device]
17471871414,9248,345014,,,,,,,,,,0.197,21259.420,Pinned,Device,NVIDIA A100-SXM4-40GB MIG 4g.20gb (0),1,,13,[CUDA memcpy Host-to-Device]
17471884054,8959,345015,273,1,1,48,1,1,40,0.000,0.001,,,,,NVIDIA A100-SXM4-40GB MIG 4g.20gb (0),1,,13,"void pusch_noise_intf_est::noiseIntfEstNoDftSOfdmKernel<float, __half, float, float, (unsigned int)2, (unsigned int)1, (unsigned char)4, (unsigned char)4>(pusch_noise_intf_est::puschRxNoiseIntfEstDynDescr)"
17471894133,2880,345026,35,1,1,128,1,1,16,0.000,0.000,,,,,NVIDIA A100-SXM4-40GB MIG 4g.20gb (0),1,,13,cupy_copy__complex64_complex64
17471928629,1888,345035,1,1,1,1,1,1,18,0.000,0.000,,,,,NVIDIA A100-SXM4-40GB MIG 4g.20gb (0),1,,13,cupy_copy__float32_float32
17471962389,1888,345041,,,,,,,,,,0.000,2.119,Device,Pageable,NVIDIA A100-SXM4-40GB MIG 4g.20gb (0),1,,7,[CUDA memcpy Device-to-Host]
17472021652,13056,345052,1434,1,1,128,1,1,16,0.000,0.000,,,,,NVIDIA A100-SXM4-40GB MIG 4g.20gb (0),1,,13,cupy_copy__complex64_complex64
17472047764,2720,345059,103,1,1,128,1,1,16,0.000,0.000,,,,,NVIDIA A100-SXM4-40GB MIG 4g.20gb (0),1,,13,cupy_copy__complex64_complex64
17472068691,2176,345066,35,1,1,128,1,1,16,0.000,0.000,,,,,NVIDIA A100-SXM4-40GB MIG 4g.20gb (0),1,,13,cupy_copy__complex64_complex64
17472086611,1856,345073,1,1,1,1,1,1,18,0.000,0.000,,,,,NVIDIA A100-SXM4-40GB MIG 4g.20gb (0),1,,13,cupy_copy__float32_float32
17472223250,79679,345084,1,1,1,32,32,1,30,0.000,0.000,,,,,NVIDIA A100-SXM4-40GB MIG 4g.20gb (0),1,,13,"void convert_kernel<__half2, float2>(tensor_layout_any, T1 *, tensor_layout_any, const T2 *)"
17472330897,5343,345087,,,,,,,,,,0.094,17536.143,Pinned,Device,NVIDIA A100-SXM4-40GB MIG 4g.20gb (0),1,,13,[CUDA memcpy Host-to-Device]
17472345168,3200,345088,,,,,,,,,,1.547,483320.000,Device,,NVIDIA A100-SXM4-40GB MIG 4g.20gb (0),1,,13,[CUDA memset]
17472351952,3168,345093,,,,,,,,,,0.031,9878.770,Pinned,Device,NVIDIA A100-SXM4-40GB MIG 4g.20gb (0),1,,13,[CUDA memcpy Host-to-Device]
17472357232,9280,345094,,,,,,,,,,0.197,21186.085,Pinned,Device,NVIDIA A100-SXM4-40GB MIG 4g.20gb (0),1,,13,[CUDA memcpy Host-to-Device]
17472369552,6304,345095,273,1,1,8,4,1,39,0.002,0.000,,,,,NVIDIA A100-SXM4-40GB MIG 4g.20gb (0),1,,13,"void channel_eq::eqMmseCoefCompLowMimoKernel<float, float, float, (unsigned int)4, (unsigned int)1, (unsigned int)4>(const channel_eq::_puschRxChEqStatDescr *, channel_eq::_puschRxChEqCoefCompDynDescr)"
17472376848,6560,345096,273,1,1,12,11,1,51,0.002,0.000,,,,,NVIDIA A100-SXM4-40GB MIG 4g.20gb (0),1,,13,"void channel_eq::eqMmseSoftDemapKernel<float, __half, __half, float, (unsigned int)4, (unsigned short)16383>(channel_eq::_puschRxChEqStatDescr *, channel_eq::_puschRxChEqSoftDemapDynDescr)"
17472384528,281437,345097,1,1,1,32,32,1,30,0.000,0.000,,,,,NVIDIA A100-SXM4-40GB MIG 4g.20gb (0),1,,13,"void convert_kernel<float2, __half2>(tensor_layout_any, T1 *, tensor_layout_any, const T2 *)"
17472667085,10560,345109,2253,1,1,128,1,1,16,0.000,0.000,,,,,NVIDIA A100-SXM4-40GB MIG 4g.20gb (0),1,,13,cupy_copy__float16_float16
17472678701,2752,345118,282,1,1,128,1,1,16,0.000,0.000,,,,,NVIDIA A100-SXM4-40GB MIG 4g.20gb (0),1,,13,cupy_copy__complex64_complex64
17472682605,2080,345127,26,1,1,128,1,1,16,0.000,0.000,,,,,NVIDIA A100-SXM4-40GB MIG 4g.20gb (0),1,,13,cupy_copy__float32_float32
17472685677,2848,345136,103,1,1,128,1,1,16,0.000,0.000,,,,,NVIDIA A100-SXM4-40GB MIG 4g.20gb (0),1,,13,cupy_copy__complex64_complex64
17472689676,11776,345146,1434,1,1,128,1,1,16,0.000,0.000,,,,,NVIDIA A100-SXM4-40GB MIG 4g.20gb (0),1,,13,cupy_copy__complex64_complex64
17472735564,79903,345151,1,1,1,32,32,1,30,0.000,0.000,,,,,NVIDIA A100-SXM4-40GB MIG 4g.20gb (0),1,,13,"void convert_kernel<__half2, float2>(tensor_layout_any, T1 *, tensor_layout_any, const T2 *)"
17472843339,5728,345154,,,,,,,,,,0.094,16357.541,Pinned,Device,NVIDIA A100-SXM4-40GB MIG 4g.20gb (0),1,,13,[CUDA memcpy Host-to-Device]
17472853515,591609,345155,,,,,,,,,,456.561,771588.834,Device,,NVIDIA A100-SXM4-40GB MIG 4g.20gb (0),1,,13,[CUDA memset]
17473453124,48095,345160,,,,,,,,,,1.235,25676.956,Pinned,Device,NVIDIA A100-SXM4-40GB MIG 4g.20gb (0),1,,13,[CUDA memcpy Host-to-Device]
17473503331,9280,345161,,,,,,,,,,0.197,21186.085,Pinned,Device,NVIDIA A100-SXM4-40GB MIG 4g.20gb (0),1,,13,[CUDA memcpy Host-to-Device]
17473515811,7392,345162,69,4,1,48,1,1,76,0.002,0.000,,,,,NVIDIA A100-SXM4-40GB MIG 4g.20gb (0),1,,13,"void ch_est::windowedChEstPreNoDftSOfdmKernel<float, __half, float, (unsigned int)2, (unsigned int)1, (unsigned short)4>(ch_est::puschRxChEstStatDescr_t *, ch_est::puschRxChEstDynDescr_t *)"
17473524355,6272,345163,137,2,1,24,2,1,44,0.001,0.001,,,,,NVIDIA A100-SXM4-40GB MIG 4g.20gb (0),1,,13,"void ch_est::chEstFilterNoDftSOfdmDispatchKernel<float, __half, float, (unsigned int)2>(ch_est::puschRxChEstStatDescr_t *, ch_est::puschRxChEstDynDescr_t *)"
17473531779,5696,345164,137,2,1,24,2,1,44,0.001,0.001,,,,,NVIDIA A100-SXM4-40GB MIG 4g.20gb (0),1,,13,"void ch_est::chEstFilterNoDftSOfdmDispatchKernel<float, __half, float, (unsigned int)2>(ch_est::puschRxChEstStatDescr_t *, ch_est::puschRxChEstDynDescr_t *)"
17473538435,2560,345175,103,1,1,128,1,1,16,0.000,0.000,,,,,NVIDIA A100-SXM4-40GB MIG 4g.20gb (0),1,,13,cupy_copy__complex64_complex64
17473541955,12896,345185,1434,1,1,128,1,1,16,0.000,0.000,,,,,NVIDIA A100-SXM4-40GB MIG 4g.20gb (0),1,,13,cupy_copy__complex64_complex64
17473556003,2432,345192,103,1,1,128,1,1,16,0.000,0.000,,,,,NVIDIA A100-SXM4-40GB MIG 4g.20gb (0),1,,13,cupy_copy__complex64_complex64
17473559491,205981,345199,1,1,1,32,32,1,30,0.000,0.000,,,,,NVIDIA A100-SXM4-40GB MIG 4g.20gb (0),1,,13,"void convert_kernel<__half2, float2>(tensor_layout_any, T1 *, tensor_layout_any, const T2 *)"
17473792864,6464,345202,,,,,,,,,,0.094,14494.959,Pinned,Device,NVIDIA A100-SXM4-40GB MIG 4g.20gb (0),1,,13,[CUDA memcpy Host-to-Device]
17473896447,51519,345203,,,,,,,,,,35.810,695070.547,Device,,NVIDIA A100-SXM4-40GB MIG 4g.20gb (0),1,,13,[CUDA memset]
17473950398,1856,345205,,,,,,,,,,0.000,43.103,Pinned,Device,NVIDIA A100-SXM4-40GB MIG 4g.20gb (0),1,,13,[CUDA memcpy Host-to-Device]
17473954366,9440,345206,,,,,,,,,,0.197,20827.079,Pinned,Device,NVIDIA A100-SXM4-40GB MIG 4g.20gb (0),1,,13,[CUDA memcpy Host-to-Device]
17473967326,8704,345207,273,1,1,48,1,1,40,0.000,0.001,,,,,NVIDIA A100-SXM4-40GB MIG 4g.20gb (0),1,,13,"void pusch_noise_intf_est::noiseIntfEstNoDftSOfdmKernel<float, __half, float, float, (unsigned int)2, (unsigned int)1, (unsigned char)4, (unsigned char)4>(pusch_noise_intf_est::puschRxNoiseIntfEstDynDescr)"
17473977022,2816,345218,35,1,1,128,1,1,16,0.000,0.000,,,,,NVIDIA A100-SXM4-40GB MIG 4g.20gb (0),1,,13,cupy_copy__complex64_complex64
17473980958,1888,345227,1,1,1,1,1,1,18,0.000,0.000,,,,,NVIDIA A100-SXM4-40GB MIG 4g.20gb (0),1,,13,cupy_copy__float32_float32
17473983870,1600,345233,,,,,,,,,,0.000,2.500,Device,Pageable,NVIDIA A100-SXM4-40GB MIG 4g.20gb (0),1,,7,[CUDA memcpy Device-to-Host]
17474095197,22143,345244,1434,1,1,128,1,1,16,0.000,0.000,,,,,NVIDIA A100-SXM4-40GB MIG 4g.20gb (0),1,,13,cupy_copy__complex64_complex64
17474217179,7168,345251,103,1,1,128,1,1,16,0.000,0.000,,,,,NVIDIA A100-SXM4-40GB MIG 4g.20gb (0),1,,13,cupy_copy__complex64_complex64
17474225435,3712,345258,35,1,1,128,1,1,16,0.000,0.000,,,,,NVIDIA A100-SXM4-40GB MIG 4g.20gb (0),1,,13,cupy_copy__complex64_complex64
17474230331,2848,345265,1,1,1,1,1,1,18,0.000,0.000,,,,,NVIDIA A100-SXM4-40GB MIG 4g.20gb (0),1,,13,cupy_copy__float32_float32
17474338906,277725,345276,1,1,1,32,32,1,30,0.000,0.000,,,,,NVIDIA A100-SXM4-40GB MIG 4g.20gb (0),1,,13,"void convert_kernel<__half2, float2>(tensor_layout_any, T1 *, tensor_layout_any, const T2 *)"
17474644823,5887,345279,,,,,,,,,,0.094,15915.671,Pinned,Device,NVIDIA A100-SXM4-40GB MIG 4g.20gb (0),1,,13,[CUDA memcpy Host-to-Device]
17474700566,6528,345280,,,,,,,,,,1.547,236921.144,Device,,NVIDIA A100-SXM4-40GB MIG 4g.20gb (0),1,,13,[CUDA memset]
17474712214,3136,345285,,,,,,,,,,0.031,9979.575,Pinned,Device,NVIDIA A100-SXM4-40GB MIG 4g.20gb (0),1,,13,[CUDA memcpy Host-to-Device]
17474717846,9440,345286,,,,,,,,,,0.197,20827.079,Pinned,Device,NVIDIA A100-SXM4-40GB MIG 4g.20gb (0),1,,13,[CUDA memcpy Host-to-Device]
17474823669,13535,345287,273,1,1,8,4,1,39,0.002,0.000,,,,,NVIDIA A100-SXM4-40GB MIG 4g.20gb (0),1,,13,"void channel_eq::eqMmseCoefCompLowMimoKernel<float, float, float, (unsigned int)4, (unsigned int)1, (unsigned int)4>(const channel_eq::_puschRxChEqStatDescr *, channel_eq::_puschRxChEqCoefCompDynDescr)"
17474839060,8192,345288,273,1,1,12,11,1,51,0.002,0.000,,,,,NVIDIA A100-SXM4-40GB MIG 4g.20gb (0),1,,13,"void channel_eq::eqMmseSoftDemapKernel<float, __half, __half, float, (unsigned int)4, (unsigned short)16383>(channel_eq::_puschRxChEqStatDescr *, channel_eq::_puschRxChEqSoftDemapDynDescr)"
17475530637,924661,345289,1,1,1,32,32,1,30,0.000,0.000,,,,,NVIDIA A100-SXM4-40GB MIG 4g.20gb (0),1,,13,"void convert_kernel<float2, __half2>(tensor_layout_any, T1 *, tensor_layout_any, const T2 *)"
17476456482,11680,345301,2253,1,1,128,1,1,16,0.000,0.000,,,,,NVIDIA A100-SXM4-40GB MIG 4g.20gb (0),1,,13,cupy_copy__float16_float16
17476469186,2816,345310,282,1,1,128,1,1,16,0.000,0.000,,,,,NVIDIA A100-SXM4-40GB MIG 4g.20gb (0),1,,13,cupy_copy__complex64_complex64
17476473090,2272,345319,26,1,1,128,1,1,16,0.000,0.000,,,,,NVIDIA A100-SXM4-40GB MIG 4g.20gb (0),1,,13,cupy_copy__float32_float32
17476476322,3168,345328,103,1,1,128,1,1,16,0.000,0.000,,,,,NVIDIA A100-SXM4-40GB MIG 4g.20gb (0),1,,13,cupy_copy__complex64_complex64
17476480578,12064,345338,1434,1,1,128,1,1,16,0.000,0.000,,,,,NVIDIA A100-SXM4-40GB MIG 4g.20gb (0),1,,13,cupy_copy__complex64_complex64
17476493762,80287,345343,1,1,1,32,32,1,30,0.000,0.000,,,,,NVIDIA A100-SXM4-40GB MIG 4g.20gb (0),1,,13,"void convert_kernel<__half2, float2>(tensor_layout_any, T1 *, tensor_layout_any, const T2 *)"
17476602881,5407,345346,,,,,,,,,,0.094,17328.607,Pinned,Device,NVIDIA A100-SXM4-40GB MIG 4g.20gb (0),1,,13,[CUDA memcpy Host-to-Device]
17476613792,592250,345347,,,,,,,,,,456.561,770675.711,Device,,NVIDIA A100-SXM4-40GB MIG 4g.20gb (0),1,,13,[CUDA memset]
17477209754,48383,345352,,,,,,,,,,1.235,25523.823,Pinned,Device,NVIDIA A100-SXM4-40GB MIG 4g.20gb (0),1,,13,[CUDA memcpy Host-to-Device]
17477260281,9376,345353,,,,,,,,,,0.197,20969.226,Pinned,Device,NVIDIA A100-SXM4-40GB MIG 4g.20gb (0),1,,13,[CUDA memcpy Host-to-Device]
17477272921,7104,345354,69,4,1,48,1,1,76,0.002,0.000,,,,,NVIDIA A100-SXM4-40GB MIG 4g.20gb (0),1,,13,"void ch_est::windowedChEstPreNoDftSOfdmKernel<float, __half, float, (unsigned int)2, (unsigned int)1, (unsigned short)4>(ch_est::puschRxChEstStatDescr_t *, ch_est::puschRxChEstDynDescr_t *)"
17477281049,6784,345355,137,2,1,24,2,1,44,0.001,0.001,,,,,NVIDIA A100-SXM4-40GB MIG 4g.20gb (0),1,,13,"void ch_est::chEstFilterNoDftSOfdmDispatchKernel<float, __half, float, (unsigned int)2>(ch_est::puschRxChEstStatDescr_t *, ch_est::puschRxChEstDynDescr_t *)"
17477288921,5024,345356,137,2,1,24,2,1,44,0.001,0.001,,,,,NVIDIA A100-SXM4-40GB MIG 4g.20gb (0),1,,13,"void ch_est::chEstFilterNoDftSOfdmDispatchKernel<float, __half, float, (unsigned int)2>(ch_est::puschRxChEstStatDescr_t *, ch_est::puschRxChEstDynDescr_t *)"
17477294937,2592,345367,103,1,1,128,1,1,16,0.000,0.000,,,,,NVIDIA A100-SXM4-40GB MIG 4g.20gb (0),1,,13,cupy_copy__complex64_complex64
17477298649,13408,345377,1434,1,1,128,1,1,16,0.000,0.000,,,,,NVIDIA A100-SXM4-40GB MIG 4g.20gb (0),1,,13,cupy_copy__complex64_complex64
17477313177,2432,345384,103,1,1,128,1,1,16,0.000,0.000,,,,,NVIDIA A100-SXM4-40GB MIG 4g.20gb (0),1,,13,cupy_copy__complex64_complex64
17477316665,79391,345391,1,1,1,32,32,1,30,0.000,0.000,,,,,NVIDIA A100-SXM4-40GB MIG 4g.20gb (0),1,,13,"void convert_kernel<__half2, float2>(tensor_layout_any, T1 *, tensor_layout_any, const T2 *)"
17477424343,5408,345394,,,,,,,,,,0.094,17325.421,Pinned,Device,NVIDIA A100-SXM4-40GB MIG 4g.20gb (0),1,,13,[CUDA memcpy Host-to-Device]
17477435991,45856,345395,,,,,,,,,,35.810,780906.925,Device,,NVIDIA A100-SXM4-40GB MIG 4g.20gb (0),1,,13,[CUDA memset]
17477488663,1920,345397,,,,,,,,,,0.000,41.667,Pinned,Device,NVIDIA A100-SXM4-40GB MIG 4g.20gb (0),1,,13,[CUDA memcpy Host-to-Device]
17477492663,9279,345398,,,,,,,,,,0.197,21188.444,Pinned,Device,NVIDIA A100-SXM4-40GB MIG 4g.20gb (0),1,,13,[CUDA memcpy Host-to-Device]
17477505462,9120,345399,273,1,1,48,1,1,40,0.000,0.001,,,,,NVIDIA A100-SXM4-40GB MIG 4g.20gb (0),1,,13,"void pusch_noise_intf_est::noiseIntfEstNoDftSOfdmKernel<float, __half, float, float, (unsigned int)2, (unsigned int)1, (unsigned char)4, (unsigned char)4>(pusch_noise_intf_est::puschRxNoiseIntfEstDynDescr)"
17477515542,2848,345410,35,1,1,128,1,1,16,0.000,0.000,,,,,NVIDIA A100-SXM4-40GB MIG 4g.20gb (0),1,,13,cupy_copy__complex64_complex64
17477541014,1888,345419,1,1,1,1,1,1,18,0.000,0.000,,,,,NVIDIA A100-SXM4-40GB MIG 4g.20gb (0),1,,13,cupy_copy__float32_float32
17477574454,1856,345425,,,,,,,,,,0.000,2.155,Device,Pageable,NVIDIA A100-SXM4-40GB MIG 4g.20gb (0),1,,7,[CUDA memcpy Device-to-Host]
17477633749,13600,345436,1434,1,1,128,1,1,16,0.000,0.000,,,,,NVIDIA A100-SXM4-40GB MIG 4g.20gb (0),1,,13,cupy_copy__complex64_complex64
17477659125,2688,345443,103,1,1,128,1,1,16,0.000,0.000,,,,,NVIDIA A100-SXM4-40GB MIG 4g.20gb (0),1,,13,cupy_copy__complex64_complex64
17477678900,2176,345450,35,1,1,128,1,1,16,0.000,0.000,,,,,NVIDIA A100-SXM4-40GB MIG 4g.20gb (0),1,,13,cupy_copy__complex64_complex64
17477696052,1856,345457,1,1,1,1,1,1,18,0.000,0.000,,,,,NVIDIA A100-SXM4-40GB MIG 4g.20gb (0),1,,13,cupy_copy__float32_float32
17477830803,79615,345468,1,1,1,32,32,1,30,0.000,0.000,,,,,NVIDIA A100-SXM4-40GB MIG 4g.20gb (0),1,,13,"void convert_kernel<__half2, float2>(tensor_layout_any, T1 *, tensor_layout_any, const T2 *)"
17477938226,5407,345471,,,,,,,,,,0.094,17328.607,Pinned,Device,NVIDIA A100-SXM4-40GB MIG 4g.20gb (0),1,,13,[CUDA memcpy Host-to-Device]
17477952433,3232,345472,,,,,,,,,,1.547,478533.199,Device,,NVIDIA A100-SXM4-40GB MIG 4g.20gb (0),1,,13,[CUDA memset]
17477959217,3104,345477,,,,,,,,,,0.031,10082.445,Pinned,Device,NVIDIA A100-SXM4-40GB MIG 4g.20gb (0),1,,13,[CUDA memcpy Host-to-Device]
17477970673,9408,345478,,,,,,,,,,0.197,20897.858,Pinned,Device,NVIDIA A100-SXM4-40GB MIG 4g.20gb (0),1,,13,[CUDA memcpy Host-to-Device]
17477983249,6240,345479,273,1,1,8,4,1,39,0.002,0.000,,,,,NVIDIA A100-SXM4-40GB MIG 4g.20gb (0),1,,13,"void channel_eq::eqMmseCoefCompLowMimoKernel<float, float, float, (unsigned int)4, (unsigned int)1, (unsigned int)4>(const channel_eq::_puschRxChEqStatDescr *, channel_eq::_puschRxChEqCoefCompDynDescr)"
17477990513,5952,345480,273,1,1,12,11,1,51,0.002,0.000,,,,,NVIDIA A100-SXM4-40GB MIG 4g.20gb (0),1,,13,"void channel_eq::eqMmseSoftDemapKernel<float, __half, __half, float, (unsigned int)4, (unsigned short)16383>(channel_eq::_puschRxChEqStatDescr *, channel_eq::_puschRxChEqSoftDemapDynDescr)"
17477997457,281661,345481,1,1,1,32,32,1,30,0.000,0.000,,,,,NVIDIA A100-SXM4-40GB MIG 4g.20gb (0),1,,13,"void convert_kernel<float2, __half2>(tensor_layout_any, T1 *, tensor_layout_any, const T2 *)"
17478280238,10400,345493,2253,1,1,128,1,1,16,0.000,0.000,,,,,NVIDIA A100-SXM4-40GB MIG 4g.20gb (0),1,,13,cupy_copy__float16_float16
17478291630,2784,345502,282,1,1,128,1,1,16,0.000,0.000,,,,,NVIDIA A100-SXM4-40GB MIG 4g.20gb (0),1,,13,cupy_copy__complex64_complex64
17478295534,2079,345511,26,1,1,128,1,1,16,0.000,0.000,,,,,NVIDIA A100-SXM4-40GB MIG 4g.20gb (0),1,,13,cupy_copy__float32_float32
17478298605,2816,345520,103,1,1,128,1,1,16,0.000,0.000,,,,,NVIDIA A100-SXM4-40GB MIG 4g.20gb (0),1,,13,cupy_copy__complex64_complex64
17478302477,11584,345530,1434,1,1,128,1,1,16,0.000,0.000,,,,,NVIDIA A100-SXM4-40GB MIG 4g.20gb (0),1,,13,cupy_copy__complex64_complex64
17478342989,234493,345535,1,1,1,32,32,1,30,0.000,0.000,,,,,NVIDIA A100-SXM4-40GB MIG 4g.20gb (0),1,,13,"void convert_kernel<__half2, float2>(tensor_layout_any, T1 *, tensor_layout_any, const T2 *)"
17478607498,6880,345538,,,,,,,,,,0.094,13618.526,Pinned,Device,NVIDIA A100-SXM4-40GB MIG 4g.20gb (0),1,,13,[CUDA memcpy Host-to-Device]
17478618794,607353,345539,,,,,,,,,,456.561,751500.130,Device,,NVIDIA A100-SXM4-40GB MIG 4g.20gb (0),1,,13,[CUDA memset]
17479234883,51103,345544,,,,,,,,,,1.235,24165.384,Pinned,Device,NVIDIA A100-SXM4-40GB MIG 4g.20gb (0),1,,13,[CUDA memcpy Host-to-Device]
17479290818,9312,345545,,,,,,,,,,0.197,21113.340,Pinned,Device,NVIDIA A100-SXM4-40GB MIG 4g.20gb (0),1,,13,[CUDA memcpy Host-to-Device]
17479304930,13312,345546,69,4,1,48,1,1,76,0.002,0.000,,,,,NVIDIA A100-SXM4-40GB MIG 4g.20gb (0),1,,13,"void ch_est::windowedChEstPreNoDftSOfdmKernel<float, __half, float, (unsigned int)2, (unsigned int)1, (unsigned short)4>(ch_est::puschRxChEstStatDescr_t *, ch_est::puschRxChEstDynDescr_t *)"
17479376737,22592,345547,137,2,1,24,2,1,44,0.001,0.001,,,,,NVIDIA A100-SXM4-40GB MIG 4g.20gb (0),1,,13,"void ch_est::chEstFilterNoDftSOfdmDispatchKernel<float, __half, float, (unsigned int)2>(ch_est::puschRxChEstStatDescr_t *, ch_est::puschRxChEstDynDescr_t *)"
17479400289,7040,345548,137,2,1,24,2,1,44,0.001,0.001,,,,,NVIDIA A100-SXM4-40GB MIG 4g.20gb (0),1,,13,"void ch_est::chEstFilterNoDftSOfdmDispatchKernel<float, __half, float, (unsigned int)2>(ch_est::puschRxChEstStatDescr_t *, ch_est::puschRxChEstDynDescr_t *)"
17479463456,15264,345559,103,1,1,128,1,1,16,0.000,0.000,,,,,NVIDIA A100-SXM4-40GB MIG 4g.20gb (0),1,,13,cupy_copy__complex64_complex64
17479479808,20736,345569,1434,1,1,128,1,1,16,0.000,0.000,,,,,NVIDIA A100-SXM4-40GB MIG 4g.20gb (0),1,,13,cupy_copy__complex64_complex64
17479554047,14976,345576,103,1,1,128,1,1,16,0.000,0.000,,,,,NVIDIA A100-SXM4-40GB MIG 4g.20gb (0),1,,13,cupy_copy__complex64_complex64
17479569983,373436,345583,1,1,1,32,32,1,30,0.000,0.000,,,,,NVIDIA A100-SXM4-40GB MIG 4g.20gb (0),1,,13,"void convert_kernel<__half2, float2>(tensor_layout_any, T1 *, tensor_layout_any, const T2 *)"
17479971835,5376,345586,,,,,,,,,,0.094,17428.487,Pinned,Device,NVIDIA A100-SXM4-40GB MIG 4g.20gb (0),1,,13,[CUDA memcpy Host-to-Device]
17479984603,47071,345587,,,,,,,,,,35.810,760745.940,Device,,NVIDIA A100-SXM4-40GB MIG 4g.20gb (0),1,,13,[CUDA memset]
17480038458,3904,345589,,,,,,,,,,0.000,20.492,Pinned,Device,NVIDIA A100-SXM4-40GB MIG 4g.20gb (0),1,,13,[CUDA memcpy Host-to-Device]
17480045178,9952,345590,,,,,,,,,,0.197,19755.565,Pinned,Device,NVIDIA A100-SXM4-40GB MIG 4g.20gb (0),1,,13,[CUDA memcpy Host-to-Device]
17480090905,20352,345591,273,1,1,48,1,1,40,0.000,0.001,,,,,NVIDIA A100-SXM4-40GB MIG 4g.20gb (0),1,,13,"void pusch_noise_intf_est::noiseIntfEstNoDftSOfdmKernel<float, __half, float, float, (unsigned int)2, (unsigned int)1, (unsigned char)4, (unsigned char)4>(pusch_noise_intf_est::puschRxNoiseIntfEstDynDescr)"
17480112345,4960,345602,35,1,1,128,1,1,16,0.000,0.000,,,,,NVIDIA A100-SXM4-40GB MIG 4g.20gb (0),1,,13,cupy_copy__complex64_complex64
17480118457,3936,345611,1,1,1,1,1,1,18,0.000,0.000,,,,,NVIDIA A100-SXM4-40GB MIG 4g.20gb (0),1,,13,cupy_copy__float32_float32
17480126201,5760,345617,,,,,,,,,,0.000,0.694,Device,Pageable,NVIDIA A100-SXM4-40GB MIG 4g.20gb (0),1,,7,[CUDA memcpy Device-to-Host]
17480192216,22432,345628,1434,1,1,128,1,1,16,0.000,0.000,,,,,NVIDIA A100-SXM4-40GB MIG 4g.20gb (0),1,,13,cupy_copy__complex64_complex64
17480268599,14752,345635,103,1,1,128,1,1,16,0.000,0.000,,,,,NVIDIA A100-SXM4-40GB MIG 4g.20gb (0),1,,13,cupy_copy__complex64_complex64
17480284375,4608,345642,35,1,1,128,1,1,16,0.000,0.000,,,,,NVIDIA A100-SXM4-40GB MIG 4g.20gb (0),1,,13,cupy_copy__complex64_complex64
17480290007,2912,345649,1,1,1,1,1,1,18,0.000,0.000,,,,,NVIDIA A100-SXM4-40GB MIG 4g.20gb (0),1,,13,cupy_copy__float32_float32
17480443765,339869,345660,1,1,1,32,32,1,30,0.000,0.000,,,,,NVIDIA A100-SXM4-40GB MIG 4g.20gb (0),1,,13,"void convert_kernel<__half2, float2>(tensor_layout_any, T1 *, tensor_layout_any, const T2 *)"
17480811441,5728,345663,,,,,,,,,,0.094,16357.541,Pinned,Device,NVIDIA A100-SXM4-40GB MIG 4g.20gb (0),1,,13,[CUDA memcpy Host-to-Device]
17480825457,3744,345664,,,,,,,,,,1.547,413093.991,Device,,NVIDIA A100-SXM4-40GB MIG 4g.20gb (0),1,,13,[CUDA memset]
17480840593,3136,345669,,,,,,,,,,0.031,9979.575,Pinned,Device,NVIDIA A100-SXM4-40GB MIG 4g.20gb (0),1,,13,[CUDA memcpy Host-to-Device]
17480845809,9440,345670,,,,,,,,,,0.197,20827.079,Pinned,Device,NVIDIA A100-SXM4-40GB MIG 4g.20gb (0),1,,13,[CUDA memcpy Host-to-Device]
17480858705,7072,345671,273,1,1,8,4,1,39,0.002,0.000,,,,,NVIDIA A100-SXM4-40GB MIG 4g.20gb (0),1,,13,"void channel_eq::eqMmseCoefCompLowMimoKernel<float, float, float, (unsigned int)4, (unsigned int)1, (unsigned int)4>(const channel_eq::_puschRxChEqStatDescr *, channel_eq::_puschRxChEqCoefCompDynDescr)"
17480866801,7104,345672,273,1,1,12,11,1,51,0.002,0.000,,,,,NVIDIA A100-SXM4-40GB MIG 4g.20gb (0),1,,13,"void channel_eq::eqMmseSoftDemapKernel<float, __half, __half, float, (unsigned int)4, (unsigned short)16383>(channel_eq::_puschRxChEqStatDescr *, channel_eq::_puschRxChEqSoftDemapDynDescr)"
17480874897,281692,345673,1,1,1,32,32,1,30,0.000,0.000,,,,,NVIDIA A100-SXM4-40GB MIG 4g.20gb (0),1,,13,"void convert_kernel<float2, __half2>(tensor_layout_any, T1 *, tensor_layout_any, const T2 *)"
17481157645,10464,345685,2253,1,1,128,1,1,16,0.000,0.000,,,,,NVIDIA A100-SXM4-40GB MIG 4g.20gb (0),1,,13,cupy_copy__float16_float16
17481169037,2720,345694,282,1,1,128,1,1,16,0.000,0.000,,,,,NVIDIA A100-SXM4-40GB MIG 4g.20gb (0),1,,13,cupy_copy__complex64_complex64
17481172781,2080,345703,26,1,1,128,1,1,16,0.000,0.000,,,,,NVIDIA A100-SXM4-40GB MIG 4g.20gb (0),1,,13,cupy_copy__float32_float32
17481175853,2880,345712,103,1,1,128,1,1,16,0.000,0.000,,,,,NVIDIA A100-SXM4-40GB MIG 4g.20gb (0),1,,13,cupy_copy__complex64_complex64
17481179821,11968,345722,1434,1,1,128,1,1,16,0.000,0.000,,,,,NVIDIA A100-SXM4-40GB MIG 4g.20gb (0),1,,13,cupy_copy__complex64_complex64
17481216173,79583,345727,1,1,1,32,32,1,30,0.000,0.000,,,,,NVIDIA A100-SXM4-40GB MIG 4g.20gb (0),1,,13,"void convert_kernel<__half2, float2>(tensor_layout_any, T1 *, tensor_layout_any, const T2 *)"
17481323947,5344,345730,,,,,,,,,,0.094,17532.864,Pinned,Device,NVIDIA A100-SXM4-40GB MIG 4g.20gb (0),1,,13,[CUDA memcpy Host-to-Device]
17481333419,591546,345731,,,,,,,,,,456.561,771588.834,Device,,NVIDIA A100-SXM4-40GB MIG 4g.20gb (0),1,,13,[CUDA memset]
17481926245,48127,345736,,,,,,,,,,1.235,25659.666,Pinned,Device,NVIDIA A100-SXM4-40GB MIG 4g.20gb (0),1,,13,[CUDA memcpy Host-to-Device]
17481976484,9568,345737,,,,,,,,,,0.197,20548.485,Pinned,Device,NVIDIA A100-SXM4-40GB MIG 4g.20gb (0),1,,13,[CUDA memcpy Host-to-Device]
17481989092,7264,345738,69,4,1,48,1,1,76,0.002,0.000,,,,,NVIDIA A100-SXM4-40GB MIG 4g.20gb (0),1,,13,"void ch_est::windowedChEstPreNoDftSOfdmKernel<float, __half, float, (unsigned int)2, (unsigned int)1, (unsigned short)4>(ch_est::puschRxChEstStatDescr_t *, ch_est::puschRxChEstDynDescr_t *)"
17481997444,6944,345739,137,2,1,24,2,1,44,0.001,0.001,,,,,NVIDIA A100-SXM4-40GB MIG 4g.20gb (0),1,,13,"void ch_est::chEstFilterNoDftSOfdmDispatchKernel<float, __half, float, (unsigned int)2>(ch_est::puschRxChEstStatDescr_t *, ch_est::puschRxChEstDynDescr_t *)"
17482005508,5376,345740,137,2,1,24,2,1,44,0.001,0.001,,,,,NVIDIA A100-SXM4-40GB MIG 4g.20gb (0),1,,13,"void ch_est::chEstFilterNoDftSOfdmDispatchKernel<float, __half, float, (unsigned int)2>(ch_est::puschRxChEstStatDescr_t *, ch_est::puschRxChEstDynDescr_t *)"
17482012004,2624,345751,103,1,1,128,1,1,16,0.000,0.000,,,,,NVIDIA A100-SXM4-40GB MIG 4g.20gb (0),1,,13,cupy_copy__complex64_complex64
17482015748,12864,345761,1434,1,1,128,1,1,16,0.000,0.000,,,,,NVIDIA A100-SXM4-40GB MIG 4g.20gb (0),1,,13,cupy_copy__complex64_complex64
17482029732,2432,345768,103,1,1,128,1,1,16,0.000,0.000,,,,,NVIDIA A100-SXM4-40GB MIG 4g.20gb (0),1,,13,cupy_copy__complex64_complex64
17482033188,80191,345775,1,1,1,32,32,1,30,0.000,0.000,,,,,NVIDIA A100-SXM4-40GB MIG 4g.20gb (0),1,,13,"void convert_kernel<__half2, float2>(tensor_layout_any, T1 *, tensor_layout_any, const T2 *)"
17482141250,5472,345778,,,,,,,,,,0.094,17122.757,Pinned,Device,NVIDIA A100-SXM4-40GB MIG 4g.20gb (0),1,,13,[CUDA memcpy Host-to-Device]
17482153570,46240,345779,,,,,,,,,,35.810,774425.330,Device,,NVIDIA A100-SXM4-40GB MIG 4g.20gb (0),1,,13,[CUDA memset]
17482206210,1856,345781,,,,,,,,,,0.000,43.103,Pinned,Device,NVIDIA A100-SXM4-40GB MIG 4g.20gb (0),1,,13,[CUDA memcpy Host-to-Device]
17482210178,9535,345782,,,,,,,,,,0.197,20619.461,Pinned,Device,NVIDIA A100-SXM4-40GB MIG 4g.20gb (0),1,,13,[CUDA memcpy Host-to-Device]
17482223265,8640,345783,273,1,1,48,1,1,40,0.000,0.001,,,,,NVIDIA A100-SXM4-40GB MIG 4g.20gb (0),1,,13,"void pusch_noise_intf_est::noiseIntfEstNoDftSOfdmKernel<float, __half, float, float, (unsigned int)2, (unsigned int)1, (unsigned char)4, (unsigned char)4>(pusch_noise_intf_est::puschRxNoiseIntfEstDynDescr)"
17482232961,2816,345794,35,1,1,128,1,1,16,0.000,0.000,,,,,NVIDIA A100-SXM4-40GB MIG 4g.20gb (0),1,,13,cupy_copy__complex64_complex64
17482257409,1920,345803,1,1,1,1,1,1,18,0.000,0.000,,,,,NVIDIA A100-SXM4-40GB MIG 4g.20gb (0),1,,13,cupy_copy__float32_float32
17482292001,1600,345809,,,,,,,,,,0.000,2.500,Device,Pageable,NVIDIA A100-SXM4-40GB MIG 4g.20gb (0),1,,7,[CUDA memcpy Device-to-Host]
17482351424,13216,345820,1434,1,1,128,1,1,16,0.000,0.000,,,,,NVIDIA A100-SXM4-40GB MIG 4g.20gb (0),1,,13,cupy_copy__complex64_complex64
17482377696,2688,345827,103,1,1,128,1,1,16,0.000,0.000,,,,,NVIDIA A100-SXM4-40GB MIG 4g.20gb (0),1,,13,cupy_copy__complex64_complex64
17482397631,2176,345834,35,1,1,128,1,1,16,0.000,0.000,,,,,NVIDIA A100-SXM4-40GB MIG 4g.20gb (0),1,,13,cupy_copy__complex64_complex64
17482415583,1888,345841,1,1,1,1,1,1,18,0.000,0.000,,,,,NVIDIA A100-SXM4-40GB MIG 4g.20gb (0),1,,13,cupy_copy__float32_float32
17482548414,79999,345852,1,1,1,32,32,1,30,0.000,0.000,,,,,NVIDIA A100-SXM4-40GB MIG 4g.20gb (0),1,,13,"void convert_kernel<__half2, float2>(tensor_layout_any, T1 *, tensor_layout_any, const T2 *)"
17482665308,5376,345855,,,,,,,,,,0.094,17428.487,Pinned,Device,NVIDIA A100-SXM4-40GB MIG 4g.20gb (0),1,,13,[CUDA memcpy Host-to-Device]
17482679772,3200,345856,,,,,,,,,,1.547,483320.000,Device,,NVIDIA A100-SXM4-40GB MIG 4g.20gb (0),1,,13,[CUDA memset]
17482686748,3168,345861,,,,,,,,,,0.031,9878.770,Pinned,Device,NVIDIA A100-SXM4-40GB MIG 4g.20gb (0),1,,13,[CUDA memcpy Host-to-Device]
17482691996,9344,345862,,,,,,,,,,0.197,21040.988,Pinned,Device,NVIDIA A100-SXM4-40GB MIG 4g.20gb (0),1,,13,[CUDA memcpy Host-to-Device]
17482704892,6208,345863,273,1,1,8,4,1,39,0.002,0.000,,,,,NVIDIA A100-SXM4-40GB MIG 4g.20gb (0),1,,13,"void channel_eq::eqMmseCoefCompLowMimoKernel<float, float, float, (unsigned int)4, (unsigned int)1, (unsigned int)4>(const channel_eq::_puschRxChEqStatDescr *, channel_eq::_puschRxChEqCoefCompDynDescr)"
17482712060,6048,345864,273,1,1,12,11,1,51,0.002,0.000,,,,,NVIDIA A100-SXM4-40GB MIG 4g.20gb (0),1,,13,"void channel_eq::eqMmseSoftDemapKernel<float, __half, __half, float, (unsigned int)4, (unsigned short)16383>(channel_eq::_puschRxChEqStatDescr *, channel_eq::_puschRxChEqSoftDemapDynDescr)"
17482719260,281341,345865,1,1,1,32,32,1,30,0.000,0.000,,,,,NVIDIA A100-SXM4-40GB MIG 4g.20gb (0),1,,13,"void convert_kernel<float2, __half2>(tensor_layout_any, T1 *, tensor_layout_any, const T2 *)"
17483001753,10464,345877,2253,1,1,128,1,1,16,0.000,0.000,,,,,NVIDIA A100-SXM4-40GB MIG 4g.20gb (0),1,,13,cupy_copy__float16_float16
17483013401,2719,345886,282,1,1,128,1,1,16,0.000,0.000,,,,,NVIDIA A100-SXM4-40GB MIG 4g.20gb (0),1,,13,cupy_copy__complex64_complex64
17483017272,2080,345895,26,1,1,128,1,1,16,0.000,0.000,,,,,NVIDIA A100-SXM4-40GB MIG 4g.20gb (0),1,,13,cupy_copy__float32_float32
17483020344,2816,345904,103,1,1,128,1,1,16,0.000,0.000,,,,,NVIDIA A100-SXM4-40GB MIG 4g.20gb (0),1,,13,cupy_copy__complex64_complex64
17483024088,11776,345914,1434,1,1,128,1,1,16,0.000,0.000,,,,,NVIDIA A100-SXM4-40GB MIG 4g.20gb (0),1,,13,cupy_copy__complex64_complex64
17483048984,79743,345919,1,1,1,32,32,1,30,0.000,0.000,,,,,NVIDIA A100-SXM4-40GB MIG 4g.20gb (0),1,,13,"void convert_kernel<__half2, float2>(tensor_layout_any, T1 *, tensor_layout_any, const T2 *)"
17483156407,5696,345922,,,,,,,,,,0.094,16449.363,Pinned,Device,NVIDIA A100-SXM4-40GB MIG 4g.20gb (0),1,,13,[CUDA memcpy Host-to-Device]
17483166295,596793,345923,,,,,,,,,,456.561,764740.412,Device,,NVIDIA A100-SXM4-40GB MIG 4g.20gb (0),1,,13,[CUDA memset]
17483850767,48512,345928,,,,,,,,,,1.235,25455.901,Pinned,Device,NVIDIA A100-SXM4-40GB MIG 4g.20gb (0),1,,13,[CUDA memcpy Host-to-Device]
17483901359,9215,345929,,,,,,,,,,0.197,21335.507,Pinned,Device,NVIDIA A100-SXM4-40GB MIG 4g.20gb (0),1,,13,[CUDA memcpy Host-to-Device]
17483913646,7936,345930,69,4,1,48,1,1,76,0.002,0.000,,,,,NVIDIA A100-SXM4-40GB MIG 4g.20gb (0),1,,13,"void ch_est::windowedChEstPreNoDftSOfdmKernel<float, __half, float, (unsigned int)2, (unsigned int)1, (unsigned short)4>(ch_est::puschRxChEstStatDescr_t *, ch_est::puschRxChEstDynDescr_t *)"
17484018381,9216,345931,137,2,1,24,2,1,44,0.001,0.001,,,,,NVIDIA A100-SXM4-40GB MIG 4g.20gb (0),1,,13,"void ch_est::chEstFilterNoDftSOfdmDispatchKernel<float, __half, float, (unsigned int)2>(ch_est::puschRxChEstStatDescr_t *, ch_est::puschRxChEstDynDescr_t *)"
17484028621,6272,345932,137,2,1,24,2,1,44,0.001,0.001,,,,,NVIDIA A100-SXM4-40GB MIG 4g.20gb (0),1,,13,"void ch_est::chEstFilterNoDftSOfdmDispatchKernel<float, __half, float, (unsigned int)2>(ch_est::puschRxChEstStatDescr_t *, ch_est::puschRxChEstDynDescr_t *)"
17484136588,4992,345943,103,1,1,128,1,1,16,0.000,0.000,,,,,NVIDIA A100-SXM4-40GB MIG 4g.20gb (0),1,,13,cupy_copy__complex64_complex64
17484142604,14880,345953,1434,1,1,128,1,1,16,0.000,0.000,,,,,NVIDIA A100-SXM4-40GB MIG 4g.20gb (0),1,,13,cupy_copy__complex64_complex64
17484158636,2464,345960,103,1,1,128,1,1,16,0.000,0.000,,,,,NVIDIA A100-SXM4-40GB MIG 4g.20gb (0),1,,13,cupy_copy__complex64_complex64
17484162156,83487,345967,1,1,1,32,32,1,30,0.000,0.000,,,,,NVIDIA A100-SXM4-40GB MIG 4g.20gb (0),1,,13,"void convert_kernel<__half2, float2>(tensor_layout_any, T1 *, tensor_layout_any, const T2 *)"
17484273450,5856,345970,,,,,,,,,,0.094,15999.997,Pinned,Device,NVIDIA A100-SXM4-40GB MIG 4g.20gb (0),1,,13,[CUDA memcpy Host-to-Device]
17484325578,50047,345971,,,,,,,,,,35.810,715518.012,Device,,NVIDIA A100-SXM4-40GB MIG 4g.20gb (0),1,,13,[CUDA memset]
17484376617,3776,345973,,,,,,,,,,0.000,21.186,Pinned,Device,NVIDIA A100-SXM4-40GB MIG 4g.20gb (0),1,,13,[CUDA memcpy Host-to-Device]
17484383241,9600,345974,,,,,,,,,,0.197,20479.869,Pinned,Device,NVIDIA A100-SXM4-40GB MIG 4g.20gb (0),1,,13,[CUDA memcpy Host-to-Device]
17484479208,10720,345975,273,1,1,48,1,1,40,0.000,0.001,,,,,NVIDIA A100-SXM4-40GB MIG 4g.20gb (0),1,,13,"void pusch_noise_intf_est::noiseIntfEstNoDftSOfdmKernel<float, __half, float, float, (unsigned int)2, (unsigned int)1, (unsigned char)4, (unsigned char)4>(pusch_noise_intf_est::puschRxNoiseIntfEstDynDescr)"
17484593095,4960,345986,35,1,1,128,1,1,16,0.000,0.000,,,,,NVIDIA A100-SXM4-40GB MIG 4g.20gb (0),1,,13,cupy_copy__complex64_complex64
17484599175,2720,345995,1,1,1,1,1,1,18,0.000,0.000,,,,,NVIDIA A100-SXM4-40GB MIG 4g.20gb (0),1,,13,cupy_copy__float32_float32
17484605703,1600,346001,,,,,,,,,,0.000,2.500,Device,Pageable,NVIDIA A100-SXM4-40GB MIG 4g.20gb (0),1,,7,[CUDA memcpy Device-to-Host]
17484707749,15712,346012,1434,1,1,128,1,1,16,0.000,0.000,,,,,NVIDIA A100-SXM4-40GB MIG 4g.20gb (0),1,,13,cupy_copy__complex64_complex64
17484724645,3264,346019,103,1,1,128,1,1,16,0.000,0.000,,,,,NVIDIA A100-SXM4-40GB MIG 4g.20gb (0),1,,13,cupy_copy__complex64_complex64
17484729029,2528,346026,35,1,1,128,1,1,16,0.000,0.000,,,,,NVIDIA A100-SXM4-40GB MIG 4g.20gb (0),1,,13,cupy_copy__complex64_complex64
17484831844,3456,346033,1,1,1,1,1,1,18,0.000,0.000,,,,,NVIDIA A100-SXM4-40GB MIG 4g.20gb (0),1,,13,cupy_copy__float32_float32
17484945923,277181,346044,1,1,1,32,32,1,30,0.000,0.000,,,,,NVIDIA A100-SXM4-40GB MIG 4g.20gb (0),1,,13,"void convert_kernel<__half2, float2>(tensor_layout_any, T1 *, tensor_layout_any, const T2 *)"
17485251807,5440,346047,,,,,,,,,,0.094,17223.480,Pinned,Device,NVIDIA A100-SXM4-40GB MIG 4g.20gb (0),1,,13,[CUDA memcpy Host-to-Device]
17485361214,4960,346048,,,,,,,,,,1.547,311817.958,Device,,NVIDIA A100-SXM4-40GB MIG 4g.20gb (0),1,,13,[CUDA memset]
17485367806,3328,346053,,,,,,,,,,0.031,9403.822,Pinned,Device,NVIDIA A100-SXM4-40GB MIG 4g.20gb (0),1,,13,[CUDA memcpy Host-to-Device]
17485375070,12096,346054,,,,,,,,,,0.197,16253.780,Pinned,Device,NVIDIA A100-SXM4-40GB MIG 4g.20gb (0),1,,13,[CUDA memcpy Host-to-Device]
17485480093,10912,346055,273,1,1,8,4,1,39,0.002,0.000,,,,,NVIDIA A100-SXM4-40GB MIG 4g.20gb (0),1,,13,"void channel_eq::eqMmseCoefCompLowMimoKernel<float, float, float, (unsigned int)4, (unsigned int)1, (unsigned int)4>(const channel_eq::_puschRxChEqStatDescr *, channel_eq::_puschRxChEqCoefCompDynDescr)"
17485595804,10111,346056,273,1,1,12,11,1,51,0.002,0.000,,,,,NVIDIA A100-SXM4-40GB MIG 4g.20gb (0),1,,13,"void channel_eq::eqMmseSoftDemapKernel<float, __half, __half, float, (unsigned int)4, (unsigned short)16383>(channel_eq::_puschRxChEqStatDescr *, channel_eq::_puschRxChEqSoftDemapDynDescr)"
17485607035,617049,346057,1,1,1,32,32,1,30,0.000,0.000,,,,,NVIDIA A100-SXM4-40GB MIG 4g.20gb (0),1,,13,"void convert_kernel<float2, __half2>(tensor_layout_any, T1 *, tensor_layout_any, const T2 *)"
17486225140,11840,346069,2253,1,1,128,1,1,16,0.000,0.000,,,,,NVIDIA A100-SXM4-40GB MIG 4g.20gb (0),1,,13,cupy_copy__float16_float16
17486238004,3712,346078,282,1,1,128,1,1,16,0.000,0.000,,,,,NVIDIA A100-SXM4-40GB MIG 4g.20gb (0),1,,13,cupy_copy__complex64_complex64
17486242676,2368,346087,26,1,1,128,1,1,16,0.000,0.000,,,,,NVIDIA A100-SXM4-40GB MIG 4g.20gb (0),1,,13,cupy_copy__float32_float32
17486246100,3168,346096,103,1,1,128,1,1,16,0.000,0.000,,,,,NVIDIA A100-SXM4-40GB MIG 4g.20gb (0),1,,13,cupy_copy__complex64_complex64
17486250324,12032,346106,1434,1,1,128,1,1,16,0.000,0.000,,,,,NVIDIA A100-SXM4-40GB MIG 4g.20gb (0),1,,13,cupy_copy__complex64_complex64
17486263412,79359,346111,1,1,1,32,32,1,30,0.000,0.000,,,,,NVIDIA A100-SXM4-40GB MIG 4g.20gb (0),1,,13,"void convert_kernel<__half2, float2>(tensor_layout_any, T1 *, tensor_layout_any, const T2 *)"
17486371187,6080,346114,,,,,,,,,,0.094,15410.462,Pinned,Device,NVIDIA A100-SXM4-40GB MIG 4g.20gb (0),1,,13,[CUDA memcpy Host-to-Device]
17486401522,613402,346115,,,,,,,,,,456.561,744195.147,Device,,NVIDIA A100-SXM4-40GB MIG 4g.20gb (0),1,,13,[CUDA memset]
17487019564,50335,346120,,,,,,,,,,1.235,24533.398,Pinned,Device,NVIDIA A100-SXM4-40GB MIG 4g.20gb (0),1,,13,[CUDA memcpy Host-to-Device]
17487072619,9856,346121,,,,,,,,,,0.197,19948.044,Pinned,Device,NVIDIA A100-SXM4-40GB MIG 4g.20gb (0),1,,13,[CUDA memcpy Host-to-Device]
17487096075,10400,346122,69,4,1,48,1,1,76,0.002,0.000,,,,,NVIDIA A100-SXM4-40GB MIG 4g.20gb (0),1,,13,"void ch_est::windowedChEstPreNoDftSOfdmKernel<float, __half, float, (unsigned int)2, (unsigned int)1, (unsigned short)4>(ch_est::puschRxChEstStatDescr_t *, ch_est::puschRxChEstDynDescr_t *)"
17487190026,8607,346123,137,2,1,24,2,1,44,0.001,0.001,,,,,NVIDIA A100-SXM4-40GB MIG 4g.20gb (0),1,,13,"void ch_est::chEstFilterNoDftSOfdmDispatchKernel<float, __half, float, (unsigned int)2>(ch_est::puschRxChEstStatDescr_t *, ch_est::puschRxChEstDynDescr_t *)"
17487279785,8735,346124,137,2,1,24,2,1,44,0.001,0.001,,,,,NVIDIA A100-SXM4-40GB MIG 4g.20gb (0),1,,13,"void ch_est::chEstFilterNoDftSOfdmDispatchKernel<float, __half, float, (unsigned int)2>(ch_est::puschRxChEstStatDescr_t *, ch_est::puschRxChEstDynDescr_t *)"
17487370600,8095,346135,103,1,1,128,1,1,16,0.000,0.000,,,,,NVIDIA A100-SXM4-40GB MIG 4g.20gb (0),1,,13,cupy_copy__complex64_complex64
17487421447,17088,346145,1434,1,1,128,1,1,16,0.000,0.000,,,,,NVIDIA A100-SXM4-40GB MIG 4g.20gb (0),1,,13,cupy_copy__complex64_complex64
17487516486,4320,346152,103,1,1,128,1,1,16,0.000,0.000,,,,,NVIDIA A100-SXM4-40GB MIG 4g.20gb (0),1,,13,cupy_copy__complex64_complex64
17487521766,281629,346159,1,1,1,32,32,1,30,0.000,0.000,,,,,NVIDIA A100-SXM4-40GB MIG 4g.20gb (0),1,,13,"void convert_kernel<__half2, float2>(tensor_layout_any, T1 *, tensor_layout_any, const T2 *)"
17487831010,5344,346162,,,,,,,,,,0.094,17532.864,Pinned,Device,NVIDIA A100-SXM4-40GB MIG 4g.20gb (0),1,,13,[CUDA memcpy Host-to-Device]
17487850818,47232,346163,,,,,,,,,,35.810,758167.626,Device,,NVIDIA A100-SXM4-40GB MIG 4g.20gb (0),1,,13,[CUDA memset]
17487906306,1824,346165,,,,,,,,,,0.000,43.860,Pinned,Device,NVIDIA A100-SXM4-40GB MIG 4g.20gb (0),1,,13,[CUDA memcpy Host-to-Device]
17487910594,9535,346166,,,,,,,,,,0.197,20619.461,Pinned,Device,NVIDIA A100-SXM4-40GB MIG 4g.20gb (0),1,,13,[CUDA memcpy Host-to-Device]
17487981057,10240,346167,273,1,1,48,1,1,40,0.000,0.001,,,,,NVIDIA A100-SXM4-40GB MIG 4g.20gb (0),1,,13,"void pusch_noise_intf_est::noiseIntfEstNoDftSOfdmKernel<float, __half, float, float, (unsigned int)2, (unsigned int)1, (unsigned char)4, (unsigned char)4>(pusch_noise_intf_est::puschRxNoiseIntfEstDynDescr)"
17488074208,8672,346178,35,1,1,128,1,1,16,0.000,0.000,,,,,NVIDIA A100-SXM4-40GB MIG 4g.20gb (0),1,,13,cupy_copy__complex64_complex64
17488125087,7360,346187,1,1,1,1,1,1,18,0.000,0.000,,,,,NVIDIA A100-SXM4-40GB MIG 4g.20gb (0),1,,13,cupy_copy__float32_float32
17488140159,1792,346193,,,,,,,,,,0.000,2.232,Device,Pageable,NVIDIA A100-SXM4-40GB MIG 4g.20gb (0),1,,7,[CUDA memcpy Device-to-Host]
17488411772,17216,346204,1434,1,1,128,1,1,16,0.000,0.000,,,,,NVIDIA A100-SXM4-40GB MIG 4g.20gb (0),1,,13,cupy_copy__complex64_complex64
17488504987,4544,346211,103,1,1,128,1,1,16,0.000,0.000,,,,,NVIDIA A100-SXM4-40GB MIG 4g.20gb (0),1,,13,cupy_copy__complex64_complex64
17488701561,6240,346218,35,1,1,128,1,1,16,0.000,0.000,,,,,NVIDIA A100-SXM4-40GB MIG 4g.20gb (0),1,,13,cupy_copy__complex64_complex64
17488783320,4160,346225,1,1,1,1,1,1,18,0.000,0.000,,,,,NVIDIA A100-SXM4-40GB MIG 4g.20gb (0),1,,13,cupy_copy__float32_float32
17488788504,281180,346236,1,1,1,32,32,1,30,0.000,0.000,,,,,NVIDIA A100-SXM4-40GB MIG 4g.20gb (0),1,,13,"void convert_kernel<__half2, float2>(tensor_layout_any, T1 *, tensor_layout_any, const T2 *)"
17489098580,5344,346239,,,,,,,,,,0.094,17532.864,Pinned,Device,NVIDIA A100-SXM4-40GB MIG 4g.20gb (0),1,,13,[CUDA memcpy Host-to-Device]
17489112948,3648,346240,,,,,,,,,,1.547,423963.664,Device,,NVIDIA A100-SXM4-40GB MIG 4g.20gb (0),1,,13,[CUDA memset]
17489119860,3008,346245,,,,,,,,,,0.031,10404.230,Pinned,Device,NVIDIA A100-SXM4-40GB MIG 4g.20gb (0),1,,13,[CUDA memcpy Host-to-Device]
17489124980,9280,346246,,,,,,,,,,0.197,21186.085,Pinned,Device,NVIDIA A100-SXM4-40GB MIG 4g.20gb (0),1,,13,[CUDA memcpy Host-to-Device]
17489137748,7040,346247,273,1,1,8,4,1,39,0.002,0.000,,,,,NVIDIA A100-SXM4-40GB MIG 4g.20gb (0),1,,13,"void channel_eq::eqMmseCoefCompLowMimoKernel<float, float, float, (unsigned int)4, (unsigned int)1, (unsigned int)4>(const channel_eq::_puschRxChEqStatDescr *, channel_eq::_puschRxChEqCoefCompDynDescr)"
17489145876,7040,346248,273,1,1,12,11,1,51,0.002,0.000,,,,,NVIDIA A100-SXM4-40GB MIG 4g.20gb (0),1,,13,"void channel_eq::eqMmseSoftDemapKernel<float, __half, __half, float, (unsigned int)4, (unsigned short)16383>(channel_eq::_puschRxChEqStatDescr *, channel_eq::_puschRxChEqSoftDemapDynDescr)"
17489154004,281852,346249,1,1,1,32,32,1,30,0.000,0.000,,,,,NVIDIA A100-SXM4-40GB MIG 4g.20gb (0),1,,13,"void convert_kernel<float2, __half2>(tensor_layout_any, T1 *, tensor_layout_any, const T2 *)"
17489436976,10528,346261,2253,1,1,128,1,1,16,0.000,0.000,,,,,NVIDIA A100-SXM4-40GB MIG 4g.20gb (0),1,,13,cupy_copy__float16_float16
17489448560,2784,346270,282,1,1,128,1,1,16,0.000,0.000,,,,,NVIDIA A100-SXM4-40GB MIG 4g.20gb (0),1,,13,cupy_copy__complex64_complex64
17489452464,2080,346279,26,1,1,128,1,1,16,0.000,0.000,,,,,NVIDIA A100-SXM4-40GB MIG 4g.20gb (0),1,,13,cupy_copy__float32_float32
17489455504,2848,346288,103,1,1,128,1,1,16,0.000,0.000,,,,,NVIDIA A100-SXM4-40GB MIG 4g.20gb (0),1,,13,cupy_copy__complex64_complex64
17489459344,12032,346298,1434,1,1,128,1,1,16,0.000,0.000,,,,,NVIDIA A100-SXM4-40GB MIG 4g.20gb (0),1,,13,cupy_copy__complex64_complex64
17489489520,79967,346303,1,1,1,32,32,1,30,0.000,0.000,,,,,NVIDIA A100-SXM4-40GB MIG 4g.20gb (0),1,,13,"void convert_kernel<__half2, float2>(tensor_layout_any, T1 *, tensor_layout_any, const T2 *)"
17489597583,5343,346306,,,,,,,,,,0.094,17536.143,Pinned,Device,NVIDIA A100-SXM4-40GB MIG 4g.20gb (0),1,,13,[CUDA memcpy Host-to-Device]
17489607726,596410,346307,,,,,,,,,,456.561,765196.973,Device,,NVIDIA A100-SXM4-40GB MIG 4g.20gb (0),1,,13,[CUDA memset]
17490207208,52543,346312,,,,,,,,,,1.235,23503.454,Pinned,Device,NVIDIA A100-SXM4-40GB MIG 4g.20gb (0),1,,13,[CUDA memcpy Host-to-Device]
17490262151,9760,346313,,,,,,,,,,0.197,20144.259,Pinned,Device,NVIDIA A100-SXM4-40GB MIG 4g.20gb (0),1,,13,[CUDA memcpy Host-to-Device]
17490398854,8959,346314,69,4,1,48,1,1,76,0.002,0.000,,,,,NVIDIA A100-SXM4-40GB MIG 4g.20gb (0),1,,13,"void ch_est::windowedChEstPreNoDftSOfdmKernel<float, __half, float, (unsigned int)2, (unsigned int)1, (unsigned short)4>(ch_est::puschRxChEstStatDescr_t *, ch_est::puschRxChEstDynDescr_t *)"
17490603139,7808,346315,137,2,1,24,2,1,44,0.001,0.001,,,,,NVIDIA A100-SXM4-40GB MIG 4g.20gb (0),1,,13,"void ch_est::chEstFilterNoDftSOfdmDispatchKernel<float, __half, float, (unsigned int)2>(ch_est::puschRxChEstStatDescr_t *, ch_est::puschRxChEstDynDescr_t *)"
17490804385,7360,346316,137,2,1,24,2,1,44,0.001,0.001,,,,,NVIDIA A100-SXM4-40GB MIG 4g.20gb (0),1,,13,"void ch_est::chEstFilterNoDftSOfdmDispatchKernel<float, __half, float, (unsigned int)2>(ch_est::puschRxChEstStatDescr_t *, ch_est::puschRxChEstDynDescr_t *)"
17491060318,3744,346327,103,1,1,128,1,1,16,0.000,0.000,,,,,NVIDIA A100-SXM4-40GB MIG 4g.20gb (0),1,,13,cupy_copy__complex64_complex64
17491065022,13760,346337,1434,1,1,128,1,1,16,0.000,0.000,,,,,NVIDIA A100-SXM4-40GB MIG 4g.20gb (0),1,,13,cupy_copy__complex64_complex64
17491268252,3648,346344,103,1,1,128,1,1,16,0.000,0.000,,,,,NVIDIA A100-SXM4-40GB MIG 4g.20gb (0),1,,13,cupy_copy__complex64_complex64
17491272860,238685,346351,1,1,1,32,32,1,30,0.000,0.000,,,,,NVIDIA A100-SXM4-40GB MIG 4g.20gb (0),1,,13,"void convert_kernel<__half2, float2>(tensor_layout_any, T1 *, tensor_layout_any, const T2 *)"
17491540633,6272,346354,,,,,,,,,,0.094,14938.703,Pinned,Device,NVIDIA A100-SXM4-40GB MIG 4g.20gb (0),1,,13,[CUDA memcpy Host-to-Device]
17491676951,48256,346355,,,,,,,,,,35.810,742053.162,Device,,NVIDIA A100-SXM4-40GB MIG 4g.20gb (0),1,,13,[CUDA memset]
17491732343,1888,346357,,,,,,,,,,0.000,42.373,Pinned,Device,NVIDIA A100-SXM4-40GB MIG 4g.20gb (0),1,,13,[CUDA memcpy Host-to-Device]
17491736663,9599,346358,,,,,,,,,,0.197,20482.032,Pinned,Device,NVIDIA A100-SXM4-40GB MIG 4g.20gb (0),1,,13,[CUDA memcpy Host-to-Device]
17492058771,13216,346359,273,1,1,48,1,1,40,0.000,0.001,,,,,NVIDIA A100-SXM4-40GB MIG 4g.20gb (0),1,,13,"void pusch_noise_intf_est::noiseIntfEstNoDftSOfdmKernel<float, __half, float, float, (unsigned int)2, (unsigned int)1, (unsigned char)4, (unsigned char)4>(pusch_noise_intf_est::puschRxNoiseIntfEstDynDescr)"
17492176850,12831,346370,35,1,1,128,1,1,16,0.000,0.000,,,,,NVIDIA A100-SXM4-40GB MIG 4g.20gb (0),1,,13,cupy_copy__complex64_complex64
17492191249,5536,346379,1,1,1,1,1,1,18,0.000,0.000,,,,,NVIDIA A100-SXM4-40GB MIG 4g.20gb (0),1,,13,cupy_copy__float32_float32
17492198993,2240,346385,,,,,,,,,,0.000,1.786,Device,Pageable,NVIDIA A100-SXM4-40GB MIG 4g.20gb (0),1,,7,[CUDA memcpy Device-to-Host]
17492263377,12735,346396,1434,1,1,128,1,1,16,0.000,0.000,,,,,NVIDIA A100-SXM4-40GB MIG 4g.20gb (0),1,,13,cupy_copy__complex64_complex64
17492289648,2752,346403,103,1,1,128,1,1,16,0.000,0.000,,,,,NVIDIA A100-SXM4-40GB MIG 4g.20gb (0),1,,13,cupy_copy__complex64_complex64
17492310224,2208,346410,35,1,1,128,1,1,16,0.000,0.000,,,,,NVIDIA A100-SXM4-40GB MIG 4g.20gb (0),1,,13,cupy_copy__complex64_complex64
17492434415,3712,346417,1,1,1,1,1,1,18,0.000,0.000,,,,,NVIDIA A100-SXM4-40GB MIG 4g.20gb (0),1,,13,cupy_copy__float32_float32
17492481230,228894,346428,1,1,1,32,32,1,30,0.000,0.000,,,,,NVIDIA A100-SXM4-40GB MIG 4g.20gb (0),1,,13,"void convert_kernel<__half2, float2>(tensor_layout_any, T1 *, tensor_layout_any, const T2 *)"
17492738731,5408,346431,,,,,,,,,,0.094,17325.421,Pinned,Device,NVIDIA A100-SXM4-40GB MIG 4g.20gb (0),1,,13,[CUDA memcpy Host-to-Device]
17492768075,13056,346432,,,,,,,,,,1.547,118460.572,Device,,NVIDIA A100-SXM4-40GB MIG 4g.20gb (0),1,,13,[CUDA memset]
17492782539,3936,346437,,,,,,,,,,0.031,7951.218,Pinned,Device,NVIDIA A100-SXM4-40GB MIG 4g.20gb (0),1,,13,[CUDA memcpy Host-to-Device]
17492788939,10144,346438,,,,,,,,,,0.197,19381.617,Pinned,Device,NVIDIA A100-SXM4-40GB MIG 4g.20gb (0),1,,13,[CUDA memcpy Host-to-Device]
17492805483,8127,346439,273,1,1,8,4,1,39,0.002,0.000,,,,,NVIDIA A100-SXM4-40GB MIG 4g.20gb (0),1,,13,"void channel_eq::eqMmseCoefCompLowMimoKernel<float, float, float, (unsigned int)4, (unsigned int)1, (unsigned int)4>(const channel_eq::_puschRxChEqStatDescr *, channel_eq::_puschRxChEqCoefCompDynDescr)"
17492815818,8128,346440,273,1,1,12,11,1,51,0.002,0.000,,,,,NVIDIA A100-SXM4-40GB MIG 4g.20gb (0),1,,13,"void channel_eq::eqMmseSoftDemapKernel<float, __half, __half, float, (unsigned int)4, (unsigned short)16383>(channel_eq::_puschRxChEqStatDescr *, channel_eq::_puschRxChEqSoftDemapDynDescr)"
17492948809,656281,346441,1,1,1,32,32,1,30,0.000,0.000,,,,,NVIDIA A100-SXM4-40GB MIG 4g.20gb (0),1,,13,"void convert_kernel<float2, __half2>(tensor_layout_any, T1 *, tensor_layout_any, const T2 *)"
17493608129,26464,346453,2253,1,1,128,1,1,16,0.000,0.000,,,,,NVIDIA A100-SXM4-40GB MIG 4g.20gb (0),1,,13,cupy_copy__float16_float16
17493636481,4128,346462,282,1,1,128,1,1,16,0.000,0.000,,,,,NVIDIA A100-SXM4-40GB MIG 4g.20gb (0),1,,13,cupy_copy__complex64_complex64
17493643201,2304,346471,26,1,1,128,1,1,16,0.000,0.000,,,,,NVIDIA A100-SXM4-40GB MIG 4g.20gb (0),1,,13,cupy_copy__float32_float32
17493647329,3936,346480,103,1,1,128,1,1,16,0.000,0.000,,,,,NVIDIA A100-SXM4-40GB MIG 4g.20gb (0),1,,13,cupy_copy__complex64_complex64
17493652321,12128,346490,1434,1,1,128,1,1,16,0.000,0.000,,,,,NVIDIA A100-SXM4-40GB MIG 4g.20gb (0),1,,13,cupy_copy__complex64_complex64
17493665409,80607,346495,1,1,1,32,32,1,30,0.000,0.000,,,,,NVIDIA A100-SXM4-40GB MIG 4g.20gb (0),1,,13,"void convert_kernel<__half2, float2>(tensor_layout_any, T1 *, tensor_layout_any, const T2 *)"
17493773888,5376,346498,,,,,,,,,,0.094,17428.487,Pinned,Device,NVIDIA A100-SXM4-40GB MIG 4g.20gb (0),1,,13,[CUDA memcpy Host-to-Device]
17493784384,591001,346499,,,,,,,,,,456.561,772501.956,Device,,NVIDIA A100-SXM4-40GB MIG 4g.20gb (0),1,,13,[CUDA memset]
17494377945,48383,346504,,,,,,,,,,1.235,25523.823,Pinned,Device,NVIDIA A100-SXM4-40GB MIG 4g.20gb (0),1,,13,[CUDA memcpy Host-to-Device]
17494428440,9248,346505,,,,,,,,,,0.197,21259.420,Pinned,Device,NVIDIA A100-SXM4-40GB MIG 4g.20gb (0),1,,13,[CUDA memcpy Host-to-Device]
17494440760,7264,346506,69,4,1,48,1,1,76,0.002,0.000,,,,,NVIDIA A100-SXM4-40GB MIG 4g.20gb (0),1,,13,"void ch_est::windowedChEstPreNoDftSOfdmKernel<float, __half, float, (unsigned int)2, (unsigned int)1, (unsigned short)4>(ch_est::puschRxChEstStatDescr_t *, ch_est::puschRxChEstDynDescr_t *)"
17494449112,6752,346507,137,2,1,24,2,1,44,0.001,0.001,,,,,NVIDIA A100-SXM4-40GB MIG 4g.20gb (0),1,,13,"void ch_est::chEstFilterNoDftSOfdmDispatchKernel<float, __half, float, (unsigned int)2>(ch_est::puschRxChEstStatDescr_t *, ch_est::puschRxChEstDynDescr_t *)"
17494456952,5632,346508,137,2,1,24,2,1,44,0.001,0.001,,,,,NVIDIA A100-SXM4-40GB MIG 4g.20gb (0),1,,13,"void ch_est::chEstFilterNoDftSOfdmDispatchKernel<float, __half, float, (unsigned int)2>(ch_est::puschRxChEstStatDescr_t *, ch_est::puschRxChEstDynDescr_t *)"
17494463704,2592,346519,103,1,1,128,1,1,16,0.000,0.000,,,,,NVIDIA A100-SXM4-40GB MIG 4g.20gb (0),1,,13,cupy_copy__complex64_complex64
17494467416,12800,346529,1434,1,1,128,1,1,16,0.000,0.000,,,,,NVIDIA A100-SXM4-40GB MIG 4g.20gb (0),1,,13,cupy_copy__complex64_complex64
17494481208,2432,346536,103,1,1,128,1,1,16,0.000,0.000,,,,,NVIDIA A100-SXM4-40GB MIG 4g.20gb (0),1,,13,cupy_copy__complex64_complex64
17494484696,250141,346543,1,1,1,32,32,1,30,0.000,0.000,,,,,NVIDIA A100-SXM4-40GB MIG 4g.20gb (0),1,,13,"void convert_kernel<__half2, float2>(tensor_layout_any, T1 *, tensor_layout_any, const T2 *)"
17494762357,5759,346546,,,,,,,,,,0.094,16269.467,Pinned,Device,NVIDIA A100-SXM4-40GB MIG 4g.20gb (0),1,,13,[CUDA memcpy Host-to-Device]
17494774740,47616,346547,,,,,,,,,,35.810,752044.130,Device,,NVIDIA A100-SXM4-40GB MIG 4g.20gb (0),1,,13,[CUDA memset]
17494827860,1888,346549,,,,,,,,,,0.000,42.373,Pinned,Device,NVIDIA A100-SXM4-40GB MIG 4g.20gb (0),1,,13,[CUDA memcpy Host-to-Device]
17494831860,9344,346550,,,,,,,,,,0.197,21040.988,Pinned,Device,NVIDIA A100-SXM4-40GB MIG 4g.20gb (0),1,,13,[CUDA memcpy Host-to-Device]
17494897939,15328,346551,273,1,1,48,1,1,40,0.000,0.001,,,,,NVIDIA A100-SXM4-40GB MIG 4g.20gb (0),1,,13,"void pusch_noise_intf_est::noiseIntfEstNoDftSOfdmKernel<float, __half, float, float, (unsigned int)2, (unsigned int)1, (unsigned char)4, (unsigned char)4>(pusch_noise_intf_est::puschRxNoiseIntfEstDynDescr)"
17494914355,3616,346562,35,1,1,128,1,1,16,0.000,0.000,,,,,NVIDIA A100-SXM4-40GB MIG 4g.20gb (0),1,,13,cupy_copy__complex64_complex64
17494919027,3200,346571,1,1,1,1,1,1,18,0.000,0.000,,,,,NVIDIA A100-SXM4-40GB MIG 4g.20gb (0),1,,13,cupy_copy__float32_float32
17494926995,3168,346577,,,,,,,,,,0.000,1.263,Device,Pageable,NVIDIA A100-SXM4-40GB MIG 4g.20gb (0),1,,7,[CUDA memcpy Device-to-Host]
17494989874,19232,346588,1434,1,1,128,1,1,16,0.000,0.000,,,,,NVIDIA A100-SXM4-40GB MIG 4g.20gb (0),1,,13,cupy_copy__complex64_complex64
17495074673,7968,346595,103,1,1,128,1,1,16,0.000,0.000,,,,,NVIDIA A100-SXM4-40GB MIG 4g.20gb (0),1,,13,cupy_copy__complex64_complex64
17495083761,3488,346602,35,1,1,128,1,1,16,0.000,0.000,,,,,NVIDIA A100-SXM4-40GB MIG 4g.20gb (0),1,,13,cupy_copy__complex64_complex64
17495088337,2624,346609,1,1,1,1,1,1,18,0.000,0.000,,,,,NVIDIA A100-SXM4-40GB MIG 4g.20gb (0),1,,13,cupy_copy__float32_float32
17495237615,353468,346620,1,1,1,32,32,1,30,0.000,0.000,,,,,NVIDIA A100-SXM4-40GB MIG 4g.20gb (0),1,,13,"void convert_kernel<__half2, float2>(tensor_layout_any, T1 *, tensor_layout_any, const T2 *)"
17495670922,5408,346623,,,,,,,,,,0.094,17325.421,Pinned,Device,NVIDIA A100-SXM4-40GB MIG 4g.20gb (0),1,,13,[CUDA memcpy Host-to-Device]
17495719050,9056,346624,,,,,,,,,,1.547,170784.409,Device,,NVIDIA A100-SXM4-40GB MIG 4g.20gb (0),1,,13,[CUDA memset]
17495730602,3456,346629,,,,,,,,,,0.031,9055.529,Pinned,Device,NVIDIA A100-SXM4-40GB MIG 4g.20gb (0),1,,13,[CUDA memcpy Host-to-Device]
17495736554,9439,346630,,,,,,,,,,0.197,20829.241,Pinned,Device,NVIDIA A100-SXM4-40GB MIG 4g.20gb (0),1,,13,[CUDA memcpy Host-to-Device]
17495801641,14560,346631,273,1,1,8,4,1,39,0.002,0.000,,,,,NVIDIA A100-SXM4-40GB MIG 4g.20gb (0),1,,13,"void channel_eq::eqMmseCoefCompLowMimoKernel<float, float, float, (unsigned int)4, (unsigned int)1, (unsigned int)4>(const channel_eq::_puschRxChEqStatDescr *, channel_eq::_puschRxChEqCoefCompDynDescr)"
17495817321,8640,346632,273,1,1,12,11,1,51,0.002,0.000,,,,,NVIDIA A100-SXM4-40GB MIG 4g.20gb (0),1,,13,"void channel_eq::eqMmseSoftDemapKernel<float, __half, __half, float, (unsigned int)4, (unsigned short)16383>(channel_eq::_puschRxChEqStatDescr *, channel_eq::_puschRxChEqSoftDemapDynDescr)"
17495884136,692696,346633,1,1,1,32,32,1,30,0.000,0.000,,,,,NVIDIA A100-SXM4-40GB MIG 4g.20gb (0),1,,13,"void convert_kernel<float2, __half2>(tensor_layout_any, T1 *, tensor_layout_any, const T2 *)"
17496577856,11776,346645,2253,1,1,128,1,1,16,0.000,0.000,,,,,NVIDIA A100-SXM4-40GB MIG 4g.20gb (0),1,,13,cupy_copy__float16_float16
17496590720,3648,346654,282,1,1,128,1,1,16,0.000,0.000,,,,,NVIDIA A100-SXM4-40GB MIG 4g.20gb (0),1,,13,cupy_copy__complex64_complex64
17496595296,2304,346663,26,1,1,128,1,1,16,0.000,0.000,,,,,NVIDIA A100-SXM4-40GB MIG 4g.20gb (0),1,,13,cupy_copy__float32_float32
17496598560,3136,346672,103,1,1,128,1,1,16,0.000,0.000,,,,,NVIDIA A100-SXM4-40GB MIG 4g.20gb (0),1,,13,cupy_copy__complex64_complex64
17496602816,12160,346682,1434,1,1,128,1,1,16,0.000,0.000,,,,,NVIDIA A100-SXM4-40GB MIG 4g.20gb (0),1,,13,cupy_copy__complex64_complex64
17496615936,79487,346687,1,1,1,32,32,1,30,0.000,0.000,,,,,NVIDIA A100-SXM4-40GB MIG 4g.20gb (0),1,,13,"void convert_kernel<__half2, float2>(tensor_layout_any, T1 *, tensor_layout_any, const T2 *)"
17496722623,5631,346690,,,,,,,,,,0.094,16639.285,Pinned,Device,NVIDIA A100-SXM4-40GB MIG 4g.20gb (0),1,,13,[CUDA memcpy Host-to-Device]
17496743038,591578,346691,,,,,,,,,,456.561,771588.834,Device,,NVIDIA A100-SXM4-40GB MIG 4g.20gb (0),1,,13,[CUDA memset]
17497338296,48191,346696,,,,,,,,,,1.235,25625.088,Pinned,Device,NVIDIA A100-SXM4-40GB MIG 4g.20gb (0),1,,13,[CUDA memcpy Host-to-Device]
17497388599,9248,346697,,,,,,,,,,0.197,21259.420,Pinned,Device,NVIDIA A100-SXM4-40GB MIG 4g.20gb (0),1,,13,[CUDA memcpy Host-to-Device]
17497400887,7296,346698,69,4,1,48,1,1,76,0.002,0.000,,,,,NVIDIA A100-SXM4-40GB MIG 4g.20gb (0),1,,13,"void ch_est::windowedChEstPreNoDftSOfdmKernel<float, __half, float, (unsigned int)2, (unsigned int)1, (unsigned short)4>(ch_est::puschRxChEstStatDescr_t *, ch_est::puschRxChEstDynDescr_t *)"
17497409207,6560,346699,137,2,1,24,2,1,44,0.001,0.001,,,,,NVIDIA A100-SXM4-40GB MIG 4g.20gb (0),1,,13,"void ch_est::chEstFilterNoDftSOfdmDispatchKernel<float, __half, float, (unsigned int)2>(ch_est::puschRxChEstStatDescr_t *, ch_est::puschRxChEstDynDescr_t *)"
17497416855,5568,346700,137,2,1,24,2,1,44,0.001,0.001,,,,,NVIDIA A100-SXM4-40GB MIG 4g.20gb (0),1,,13,"void ch_est::chEstFilterNoDftSOfdmDispatchKernel<float, __half, float, (unsigned int)2>(ch_est::puschRxChEstStatDescr_t *, ch_est::puschRxChEstDynDescr_t *)"
17497423543,2528,346711,103,1,1,128,1,1,16,0.000,0.000,,,,,NVIDIA A100-SXM4-40GB MIG 4g.20gb (0),1,,13,cupy_copy__complex64_complex64
17497427031,12735,346721,1434,1,1,128,1,1,16,0.000,0.000,,,,,NVIDIA A100-SXM4-40GB MIG 4g.20gb (0),1,,13,cupy_copy__complex64_complex64
17497440790,2432,346728,103,1,1,128,1,1,16,0.000,0.000,,,,,NVIDIA A100-SXM4-40GB MIG 4g.20gb (0),1,,13,cupy_copy__complex64_complex64
17497444278,79712,346735,1,1,1,32,32,1,30,0.000,0.000,,,,,NVIDIA A100-SXM4-40GB MIG 4g.20gb (0),1,,13,"void convert_kernel<__half2, float2>(tensor_layout_any, T1 *, tensor_layout_any, const T2 *)"
17497551733,5504,346738,,,,,,,,,,0.094,17023.251,Pinned,Device,NVIDIA A100-SXM4-40GB MIG 4g.20gb (0),1,,13,[CUDA memcpy Host-to-Device]
17497563925,45792,346739,,,,,,,,,,35.810,781981.223,Device,,NVIDIA A100-SXM4-40GB MIG 4g.20gb (0),1,,13,[CUDA memset]
17497617204,1888,346741,,,,,,,,,,0.000,42.373,Pinned,Device,NVIDIA A100-SXM4-40GB MIG 4g.20gb (0),1,,13,[CUDA memcpy Host-to-Device]
17497621204,9280,346742,,,,,,,,,,0.197,21186.085,Pinned,Device,NVIDIA A100-SXM4-40GB MIG 4g.20gb (0),1,,13,[CUDA memcpy Host-to-Device]
17497633684,33856,346743,273,1,1,48,1,1,40,0.000,0.001,,,,,NVIDIA A100-SXM4-40GB MIG 4g.20gb (0),1,,13,"void pusch_noise_intf_est::noiseIntfEstNoDftSOfdmKernel<float, __half, float, float, (unsigned int)2, (unsigned int)1, (unsigned char)4, (unsigned char)4>(pusch_noise_intf_est::puschRxNoiseIntfEstDynDescr)"
17497688532,4800,346754,35,1,1,128,1,1,16,0.000,0.000,,,,,NVIDIA A100-SXM4-40GB MIG 4g.20gb (0),1,,13,cupy_copy__complex64_complex64
17497815570,4224,346763,1,1,1,1,1,1,18,0.000,0.000,,,,,NVIDIA A100-SXM4-40GB MIG 4g.20gb (0),1,,13,cupy_copy__float32_float32
17497829490,2688,346769,,,,,,,,,,0.000,1.488,Device,Pageable,NVIDIA A100-SXM4-40GB MIG 4g.20gb (0),1,,7,[CUDA memcpy Device-to-Host]
17497952113,16960,346780,1434,1,1,128,1,1,16,0.000,0.000,,,,,NVIDIA A100-SXM4-40GB MIG 4g.20gb (0),1,,13,cupy_copy__complex64_complex64
17497972048,3424,346787,103,1,1,128,1,1,16,0.000,0.000,,,,,NVIDIA A100-SXM4-40GB MIG 4g.20gb (0),1,,13,cupy_copy__complex64_complex64
17497980336,2624,346794,35,1,1,128,1,1,16,0.000,0.000,,,,,NVIDIA A100-SXM4-40GB MIG 4g.20gb (0),1,,13,cupy_copy__complex64_complex64
17497984048,2080,346801,1,1,1,1,1,1,18,0.000,0.000,,,,,NVIDIA A100-SXM4-40GB MIG 4g.20gb (0),1,,13,cupy_copy__float32_float32
17498188846,288221,346812,1,1,1,32,32,1,30,0.000,0.000,,,,,NVIDIA A100-SXM4-40GB MIG 4g.20gb (0),1,,13,"void convert_kernel<__half2, float2>(tensor_layout_any, T1 *, tensor_layout_any, const T2 *)"
17498505258,5632,346815,,,,,,,,,,0.094,16636.287,Pinned,Device,NVIDIA A100-SXM4-40GB MIG 4g.20gb (0),1,,13,[CUDA memcpy Host-to-Device]
17498596073,5696,346816,,,,,,,,,,1.547,271526.856,Device,,NVIDIA A100-SXM4-40GB MIG 4g.20gb (0),1,,13,[CUDA memset]
17498602665,3104,346821,,,,,,,,,,0.031,10082.445,Pinned,Device,NVIDIA A100-SXM4-40GB MIG 4g.20gb (0),1,,13,[CUDA memcpy Host-to-Device]
17498608233,9696,346822,,,,,,,,,,0.197,20277.166,Pinned,Device,NVIDIA A100-SXM4-40GB MIG 4g.20gb (0),1,,13,[CUDA memcpy Host-to-Device]
17498732776,19648,346823,273,1,1,8,4,1,39,0.002,0.000,,,,,NVIDIA A100-SXM4-40GB MIG 4g.20gb (0),1,,13,"void channel_eq::eqMmseCoefCompLowMimoKernel<float, float, float, (unsigned int)4, (unsigned int)1, (unsigned int)4>(const channel_eq::_puschRxChEqStatDescr *, channel_eq::_puschRxChEqCoefCompDynDescr)"
17498754024,8640,346824,273,1,1,12,11,1,51,0.002,0.000,,,,,NVIDIA A100-SXM4-40GB MIG 4g.20gb (0),1,,13,"void channel_eq::eqMmseSoftDemapKernel<float, __half, __half, float, (unsigned int)4, (unsigned short)16383>(channel_eq::_puschRxChEqStatDescr *, channel_eq::_puschRxChEqSoftDemapDynDescr)"
17498882566,732632,346825,1,1,1,32,32,1,30,0.000,0.000,,,,,NVIDIA A100-SXM4-40GB MIG 4g.20gb (0),1,,13,"void convert_kernel<float2, __half2>(tensor_layout_any, T1 *, tensor_layout_any, const T2 *)"
17499761084,14304,346837,2253,1,1,128,1,1,16,0.000,0.000,,,,,NVIDIA A100-SXM4-40GB MIG 4g.20gb (0),1,,13,cupy_copy__float16_float16
17499841755,12544,346846,282,1,1,128,1,1,16,0.000,0.000,,,,,NVIDIA A100-SXM4-40GB MIG 4g.20gb (0),1,,13,cupy_copy__complex64_complex64
17499982490,4544,346855,26,1,1,128,1,1,16,0.000,0.000,,,,,NVIDIA A100-SXM4-40GB MIG 4g.20gb (0),1,,13,cupy_copy__float32_float32
17500051289,14208,346864,103,1,1,128,1,1,16,0.000,0.000,,,,,NVIDIA A100-SXM4-40GB MIG 4g.20gb (0),1,,13,cupy_copy__complex64_complex64
17500186584,17471,346874,1434,1,1,128,1,1,16,0.000,0.000,,,,,NVIDIA A100-SXM4-40GB MIG 4g.20gb (0),1,,13,cupy_copy__complex64_complex64
17500266775,340380,346879,1,1,1,32,32,1,30,0.000,0.000,,,,,NVIDIA A100-SXM4-40GB MIG 4g.20gb (0),1,,13,"void convert_kernel<__half2, float2>(tensor_layout_any, T1 *, tensor_layout_any, const T2 *)"
17500643730,5376,346882,,,,,,,,,,0.094,17428.487,Pinned,Device,NVIDIA A100-SXM4-40GB MIG 4g.20gb (0),1,,13,[CUDA memcpy Host-to-Device]
17500807729,602521,346883,,,,,,,,,,456.561,757435.429,Device,,NVIDIA A100-SXM4-40GB MIG 4g.20gb (0),1,,13,[CUDA memset]
17501411722,49311,346888,,,,,,,,,,1.235,25043.429,Pinned,Device,NVIDIA A100-SXM4-40GB MIG 4g.20gb (0),1,,13,[CUDA memcpy Host-to-Device]
17501463497,9632,346889,,,,,,,,,,0.197,20411.843,Pinned,Device,NVIDIA A100-SXM4-40GB MIG 4g.20gb (0),1,,13,[CUDA memcpy Host-to-Device]
17501480041,14560,346890,69,4,1,48,1,1,76,0.002,0.000,,,,,NVIDIA A100-SXM4-40GB MIG 4g.20gb (0),1,,13,"void ch_est::windowedChEstPreNoDftSOfdmKernel<float, __half, float, (unsigned int)2, (unsigned int)1, (unsigned short)4>(ch_est::puschRxChEstStatDescr_t *, ch_est::puschRxChEstDynDescr_t *)"
17501496201,6816,346891,137,2,1,24,2,1,44,0.001,0.001,,,,,NVIDIA A100-SXM4-40GB MIG 4g.20gb (0),1,,13,"void ch_est::chEstFilterNoDftSOfdmDispatchKernel<float, __half, float, (unsigned int)2>(ch_est::puschRxChEstStatDescr_t *, ch_est::puschRxChEstDynDescr_t *)"
17501561224,20704,346892,137,2,1,24,2,1,44,0.001,0.001,,,,,NVIDIA A100-SXM4-40GB MIG 4g.20gb (0),1,,13,"void ch_est::chEstFilterNoDftSOfdmDispatchKernel<float, __half, float, (unsigned int)2>(ch_est::puschRxChEstStatDescr_t *, ch_est::puschRxChEstDynDescr_t *)"
17501583080,3680,346903,103,1,1,128,1,1,16,0.000,0.000,,,,,NVIDIA A100-SXM4-40GB MIG 4g.20gb (0),1,,13,cupy_copy__complex64_complex64
17501587880,12736,346913,1434,1,1,128,1,1,16,0.000,0.000,,,,,NVIDIA A100-SXM4-40GB MIG 4g.20gb (0),1,,13,cupy_copy__complex64_complex64
17501657063,13088,346920,103,1,1,128,1,1,16,0.000,0.000,,,,,NVIDIA A100-SXM4-40GB MIG 4g.20gb (0),1,,13,cupy_copy__complex64_complex64
17501671079,236637,346927,1,1,1,32,32,1,30,0.000,0.000,,,,,NVIDIA A100-SXM4-40GB MIG 4g.20gb (0),1,,13,"void convert_kernel<__half2, float2>(tensor_layout_any, T1 *, tensor_layout_any, const T2 *)"
17501937700,5376,346930,,,,,,,,,,0.094,17428.487,Pinned,Device,NVIDIA A100-SXM4-40GB MIG 4g.20gb (0),1,,13,[CUDA memcpy Host-to-Device]
17501949156,47999,346931,,,,,,,,,,35.810,746028.063,Device,,NVIDIA A100-SXM4-40GB MIG 4g.20gb (0),1,,13,[CUDA memset]
17502019779,1888,346933,,,,,,,,,,0.000,42.373,Pinned,Device,NVIDIA A100-SXM4-40GB MIG 4g.20gb (0),1,,13,[CUDA memcpy Host-to-Device]
17502023747,9568,346934,,,,,,,,,,0.197,20548.485,Pinned,Device,NVIDIA A100-SXM4-40GB MIG 4g.20gb (0),1,,13,[CUDA memcpy Host-to-Device]
17502036387,9120,346935,273,1,1,48,1,1,40,0.000,0.001,,,,,NVIDIA A100-SXM4-40GB MIG 4g.20gb (0),1,,13,"void pusch_noise_intf_est::noiseIntfEstNoDftSOfdmKernel<float, __half, float, float, (unsigned int)2, (unsigned int)1, (unsigned char)4, (unsigned char)4>(pusch_noise_intf_est::puschRxNoiseIntfEstDynDescr)"
17502046595,2880,346946,35,1,1,128,1,1,16,0.000,0.000,,,,,NVIDIA A100-SXM4-40GB MIG 4g.20gb (0),1,,13,cupy_copy__complex64_complex64
17502053795,1888,346955,1,1,1,1,1,1,18,0.000,0.000,,,,,NVIDIA A100-SXM4-40GB MIG 4g.20gb (0),1,,13,cupy_copy__float32_float32
17502088194,1792,346961,,,,,,,,,,0.000,2.232,Device,Pageable,NVIDIA A100-SXM4-40GB MIG 4g.20gb (0),1,,7,[CUDA memcpy Device-to-Host]
17502159745,13088,346972,1434,1,1,128,1,1,16,0.000,0.000,,,,,NVIDIA A100-SXM4-40GB MIG 4g.20gb (0),1,,13,cupy_copy__complex64_complex64
17502186369,2816,346979,103,1,1,128,1,1,16,0.000,0.000,,,,,NVIDIA A100-SXM4-40GB MIG 4g.20gb (0),1,,13,cupy_copy__complex64_complex64
17502207361,2208,346986,35,1,1,128,1,1,16,0.000,0.000,,,,,NVIDIA A100-SXM4-40GB MIG 4g.20gb (0),1,,13,cupy_copy__complex64_complex64
17502226209,1824,346993,1,1,1,1,1,1,18,0.000,0.000,,,,,NVIDIA A100-SXM4-40GB MIG 4g.20gb (0),1,,13,cupy_copy__float32_float32
17502361983,79551,347004,1,1,1,32,32,1,30,0.000,0.000,,,,,NVIDIA A100-SXM4-40GB MIG 4g.20gb (0),1,,13,"void convert_kernel<__half2, float2>(tensor_layout_any, T1 *, tensor_layout_any, const T2 *)"
17502469790,5792,347007,,,,,,,,,,0.094,16176.708,Pinned,Device,NVIDIA A100-SXM4-40GB MIG 4g.20gb (0),1,,13,[CUDA memcpy Host-to-Device]
17502484254,3232,347008,,,,,,,,,,1.547,478533.199,Device,,NVIDIA A100-SXM4-40GB MIG 4g.20gb (0),1,,13,[CUDA memset]
17502491134,3104,347013,,,,,,,,,,0.031,10082.445,Pinned,Device,NVIDIA A100-SXM4-40GB MIG 4g.20gb (0),1,,13,[CUDA memcpy Host-to-Device]
17502496350,9344,347014,,,,,,,,,,0.197,21040.988,Pinned,Device,NVIDIA A100-SXM4-40GB MIG 4g.20gb (0),1,,13,[CUDA memcpy Host-to-Device]
17502509278,6271,347015,273,1,1,8,4,1,39,0.002,0.000,,,,,NVIDIA A100-SXM4-40GB MIG 4g.20gb (0),1,,13,"void channel_eq::eqMmseCoefCompLowMimoKernel<float, float, float, (unsigned int)4, (unsigned int)1, (unsigned int)4>(const channel_eq::_puschRxChEqStatDescr *, channel_eq::_puschRxChEqCoefCompDynDescr)"
17502516733,5856,347016,273,1,1,12,11,1,51,0.002,0.000,,,,,NVIDIA A100-SXM4-40GB MIG 4g.20gb (0),1,,13,"void channel_eq::eqMmseSoftDemapKernel<float, __half, __half, float, (unsigned int)4, (unsigned short)16383>(channel_eq::_puschRxChEqStatDescr *, channel_eq::_puschRxChEqSoftDemapDynDescr)"
17502523677,281501,347017,1,1,1,32,32,1,30,0.000,0.000,,,,,NVIDIA A100-SXM4-40GB MIG 4g.20gb (0),1,,13,"void convert_kernel<float2, __half2>(tensor_layout_any, T1 *, tensor_layout_any, const T2 *)"
17502806170,10624,347029,2253,1,1,128,1,1,16,0.000,0.000,,,,,NVIDIA A100-SXM4-40GB MIG 4g.20gb (0),1,,13,cupy_copy__float16_float16
17502817786,2752,347038,282,1,1,128,1,1,16,0.000,0.000,,,,,NVIDIA A100-SXM4-40GB MIG 4g.20gb (0),1,,13,cupy_copy__complex64_complex64
17502821690,2080,347047,26,1,1,128,1,1,16,0.000,0.000,,,,,NVIDIA A100-SXM4-40GB MIG 4g.20gb (0),1,,13,cupy_copy__float32_float32
17502824730,2848,347056,103,1,1,128,1,1,16,0.000,0.000,,,,,NVIDIA A100-SXM4-40GB MIG 4g.20gb (0),1,,13,cupy_copy__complex64_complex64
17502828666,11648,347066,1434,1,1,128,1,1,16,0.000,0.000,,,,,NVIDIA A100-SXM4-40GB MIG 4g.20gb (0),1,,13,cupy_copy__complex64_complex64
17502870105,79616,347071,1,1,1,32,32,1,30,0.000,0.000,,,,,NVIDIA A100-SXM4-40GB MIG 4g.20gb (0),1,,13,"void convert_kernel<__half2, float2>(tensor_layout_any, T1 *, tensor_layout_any, const T2 *)"
17502977336,5472,347074,,,,,,,,,,0.094,17122.757,Pinned,Device,NVIDIA A100-SXM4-40GB MIG 4g.20gb (0),1,,13,[CUDA memcpy Host-to-Device]
17502987992,597497,347075,,,,,,,,,,456.561,763827.289,Device,,NVIDIA A100-SXM4-40GB MIG 4g.20gb (0),1,,13,[CUDA memset]
17503589905,50400,347080,,,,,,,,,,1.235,24502.524,Pinned,Device,NVIDIA A100-SXM4-40GB MIG 4g.20gb (0),1,,13,[CUDA memcpy Host-to-Device]
17503644177,10528,347081,,,,,,,,,,0.197,18674.614,Pinned,Device,NVIDIA A100-SXM4-40GB MIG 4g.20gb (0),1,,13,[CUDA memcpy Host-to-Device]
17503844719,15455,347082,69,4,1,48,1,1,76,0.002,0.000,,,,,NVIDIA A100-SXM4-40GB MIG 4g.20gb (0),1,,13,"void ch_est::windowedChEstPreNoDftSOfdmKernel<float, __half, float, (unsigned int)2, (unsigned int)1, (unsigned short)4>(ch_est::puschRxChEstStatDescr_t *, ch_est::puschRxChEstDynDescr_t *)"
17504001421,8992,347083,137,2,1,24,2,1,44,0.001,0.001,,,,,NVIDIA A100-SXM4-40GB MIG 4g.20gb (0),1,,13,"void ch_est::chEstFilterNoDftSOfdmDispatchKernel<float, __half, float, (unsigned int)2>(ch_est::puschRxChEstStatDescr_t *, ch_est::puschRxChEstDynDescr_t *)"
17504286282,12447,347084,137,2,1,24,2,1,44,0.001,0.001,,,,,NVIDIA A100-SXM4-40GB MIG 4g.20gb (0),1,,13,"void ch_est::chEstFilterNoDftSOfdmDispatchKernel<float, __half, float, (unsigned int)2>(ch_est::puschRxChEstStatDescr_t *, ch_est::puschRxChEstDynDescr_t *)"
17504300841,3136,347095,103,1,1,128,1,1,16,0.000,0.000,,,,,NVIDIA A100-SXM4-40GB MIG 4g.20gb (0),1,,13,cupy_copy__complex64_complex64
17504305001,12576,347105,1434,1,1,128,1,1,16,0.000,0.000,,,,,NVIDIA A100-SXM4-40GB MIG 4g.20gb (0),1,,13,cupy_copy__complex64_complex64
17504449192,4928,347112,103,1,1,128,1,1,16,0.000,0.000,,,,,NVIDIA A100-SXM4-40GB MIG 4g.20gb (0),1,,13,cupy_copy__complex64_complex64
17504594054,285949,347119,1,1,1,32,32,1,30,0.000,0.000,,,,,NVIDIA A100-SXM4-40GB MIG 4g.20gb (0),1,,13,"void convert_kernel<__half2, float2>(tensor_layout_any, T1 *, tensor_layout_any, const T2 *)"
17504909475,5439,347122,,,,,,,,,,0.094,17226.665,Pinned,Device,NVIDIA A100-SXM4-40GB MIG 4g.20gb (0),1,,13,[CUDA memcpy Host-to-Device]
17505147104,50271,347123,,,,,,,,,,35.810,712330.929,Device,,NVIDIA A100-SXM4-40GB MIG 4g.20gb (0),1,,13,[CUDA memset]
17505198111,1888,347125,,,,,,,,,,0.000,42.373,Pinned,Device,NVIDIA A100-SXM4-40GB MIG 4g.20gb (0),1,,13,[CUDA memcpy Host-to-Device]
17505202623,9728,347126,,,,,,,,,,0.197,20210.516,Pinned,Device,NVIDIA A100-SXM4-40GB MIG 4g.20gb (0),1,,13,[CUDA memcpy Host-to-Device]
17505484028,13600,347127,273,1,1,48,1,1,40,0.000,0.001,,,,,NVIDIA A100-SXM4-40GB MIG 4g.20gb (0),1,,13,"void pusch_noise_intf_est::noiseIntfEstNoDftSOfdmKernel<float, __half, float, float, (unsigned int)2, (unsigned int)1, (unsigned char)4, (unsigned char)4>(pusch_noise_intf_est::puschRxNoiseIntfEstDynDescr)"
17505781241,4320,347138,35,1,1,128,1,1,16,0.000,0.000,,,,,NVIDIA A100-SXM4-40GB MIG 4g.20gb (0),1,,13,cupy_copy__complex64_complex64
17505995862,4736,347147,1,1,1,1,1,1,18,0.000,0.000,,,,,NVIDIA A100-SXM4-40GB MIG 4g.20gb (0),1,,13,cupy_copy__float32_float32
17506002742,3808,347153,,,,,,,,,,0.000,1.050,Device,Pageable,NVIDIA A100-SXM4-40GB MIG 4g.20gb (0),1,,7,[CUDA memcpy Device-to-Host]
17506235572,39935,347164,1434,1,1,128,1,1,16,0.000,0.000,,,,,NVIDIA A100-SXM4-40GB MIG 4g.20gb (0),1,,13,cupy_copy__complex64_complex64
17506380530,4224,347171,103,1,1,128,1,1,16,0.000,0.000,,,,,NVIDIA A100-SXM4-40GB MIG 4g.20gb (0),1,,13,cupy_copy__complex64_complex64
17506516176,7520,347178,35,1,1,128,1,1,16,0.000,0.000,,,,,NVIDIA A100-SXM4-40GB MIG 4g.20gb (0),1,,13,cupy_copy__complex64_complex64
17506654927,4128,347185,1,1,1,1,1,1,18,0.000,0.000,,,,,NVIDIA A100-SXM4-40GB MIG 4g.20gb (0),1,,13,cupy_copy__float32_float32
17506660815,184094,347196,1,1,1,32,32,1,30,0.000,0.000,,,,,NVIDIA A100-SXM4-40GB MIG 4g.20gb (0),1,,13,"void convert_kernel<__half2, float2>(tensor_layout_any, T1 *, tensor_layout_any, const T2 *)"
17506874156,5536,347199,,,,,,,,,,0.094,16924.777,Pinned,Device,NVIDIA A100-SXM4-40GB MIG 4g.20gb (0),1,,13,[CUDA memcpy Host-to-Device]
17506888204,3648,347200,,,,,,,,,,1.547,423963.664,Device,,NVIDIA A100-SXM4-40GB MIG 4g.20gb (0),1,,13,[CUDA memset]
17506895500,3104,347205,,,,,,,,,,0.031,10082.445,Pinned,Device,NVIDIA A100-SXM4-40GB MIG 4g.20gb (0),1,,13,[CUDA memcpy Host-to-Device]
17506900716,9504,347206,,,,,,,,,,0.197,20686.701,Pinned,Device,NVIDIA A100-SXM4-40GB MIG 4g.20gb (0),1,,13,[CUDA memcpy Host-to-Device]
17506913324,6976,347207,273,1,1,8,4,1,39,0.002,0.000,,,,,NVIDIA A100-SXM4-40GB MIG 4g.20gb (0),1,,13,"void channel_eq::eqMmseCoefCompLowMimoKernel<float, float, float, (unsigned int)4, (unsigned int)1, (unsigned int)4>(const channel_eq::_puschRxChEqStatDescr *, channel_eq::_puschRxChEqCoefCompDynDescr)"
17506921484,6752,347208,273,1,1,12,11,1,51,0.002,0.000,,,,,NVIDIA A100-SXM4-40GB MIG 4g.20gb (0),1,,13,"void channel_eq::eqMmseSoftDemapKernel<float, __half, __half, float, (unsigned int)4, (unsigned short)16383>(channel_eq::_puschRxChEqStatDescr *, channel_eq::_puschRxChEqSoftDemapDynDescr)"
17506929324,281501,347209,1,1,1,32,32,1,30,0.000,0.000,,,,,NVIDIA A100-SXM4-40GB MIG 4g.20gb (0),1,,13,"void convert_kernel<float2, __half2>(tensor_layout_any, T1 *, tensor_layout_any, const T2 *)"
17507211945,10560,347221,2253,1,1,128,1,1,16,0.000,0.000,,,,,NVIDIA A100-SXM4-40GB MIG 4g.20gb (0),1,,13,cupy_copy__float16_float16
17507223593,2784,347230,282,1,1,128,1,1,16,0.000,0.000,,,,,NVIDIA A100-SXM4-40GB MIG 4g.20gb (0),1,,13,cupy_copy__complex64_complex64
17507227465,2079,347239,26,1,1,128,1,1,16,0.000,0.000,,,,,NVIDIA A100-SXM4-40GB MIG 4g.20gb (0),1,,13,cupy_copy__float32_float32
17507230504,2880,347248,103,1,1,128,1,1,16,0.000,0.000,,,,,NVIDIA A100-SXM4-40GB MIG 4g.20gb (0),1,,13,cupy_copy__complex64_complex64
17507234472,12480,347258,1434,1,1,128,1,1,16,0.000,0.000,,,,,NVIDIA A100-SXM4-40GB MIG 4g.20gb (0),1,,13,cupy_copy__complex64_complex64
17507277256,79615,347263,1,1,1,32,32,1,30,0.000,0.000,,,,,NVIDIA A100-SXM4-40GB MIG 4g.20gb (0),1,,13,"void convert_kernel<__half2, float2>(tensor_layout_any, T1 *, tensor_layout_any, const T2 *)"
17507384839,5408,347266,,,,,,,,,,0.094,17325.421,Pinned,Device,NVIDIA A100-SXM4-40GB MIG 4g.20gb (0),1,,13,[CUDA memcpy Host-to-Device]
17507395047,594297,347267,,,,,,,,,,456.561,767936.342,Device,,NVIDIA A100-SXM4-40GB MIG 4g.20gb (0),1,,13,[CUDA memset]
17507997312,50943,347272,,,,,,,,,,1.235,24240.716,Pinned,Device,NVIDIA A100-SXM4-40GB MIG 4g.20gb (0),1,,13,[CUDA memcpy Host-to-Device]
17508050719,9472,347273,,,,,,,,,,0.197,20756.693,Pinned,Device,NVIDIA A100-SXM4-40GB MIG 4g.20gb (0),1,,13,[CUDA memcpy Host-to-Device]
17508388219,18944,347274,69,4,1,48,1,1,76,0.002,0.000,,,,,NVIDIA A100-SXM4-40GB MIG 4g.20gb (0),1,,13,"void ch_est::windowedChEstPreNoDftSOfdmKernel<float, __half, float, (unsigned int)2, (unsigned int)1, (unsigned short)4>(ch_est::puschRxChEstStatDescr_t *, ch_est::puschRxChEstDynDescr_t *)"
17508408539,6976,347275,137,2,1,24,2,1,44,0.001,0.001,,,,,NVIDIA A100-SXM4-40GB MIG 4g.20gb (0),1,,13,"void ch_est::chEstFilterNoDftSOfdmDispatchKernel<float, __half, float, (unsigned int)2>(ch_est::puschRxChEstStatDescr_t *, ch_est::puschRxChEstDynDescr_t *)"
17508753559,20352,347276,137,2,1,24,2,1,44,0.001,0.001,,,,,NVIDIA A100-SXM4-40GB MIG 4g.20gb (0),1,,13,"void ch_est::chEstFilterNoDftSOfdmDispatchKernel<float, __half, float, (unsigned int)2>(ch_est::puschRxChEstStatDescr_t *, ch_est::puschRxChEstDynDescr_t *)"
17508775959,3136,347287,103,1,1,128,1,1,16,0.000,0.000,,,,,NVIDIA A100-SXM4-40GB MIG 4g.20gb (0),1,,13,cupy_copy__complex64_complex64
17508783831,12160,347297,1434,1,1,128,1,1,16,0.000,0.000,,,,,NVIDIA A100-SXM4-40GB MIG 4g.20gb (0),1,,13,cupy_copy__complex64_complex64
17508797015,2432,347304,103,1,1,128,1,1,16,0.000,0.000,,,,,NVIDIA A100-SXM4-40GB MIG 4g.20gb (0),1,,13,cupy_copy__complex64_complex64
17508800567,81439,347311,1,1,1,32,32,1,30,0.000,0.000,,,,,NVIDIA A100-SXM4-40GB MIG 4g.20gb (0),1,,13,"void convert_kernel<__half2, float2>(tensor_layout_any, T1 *, tensor_layout_any, const T2 *)"
17508910710,5472,347314,,,,,,,,,,0.094,17122.757,Pinned,Device,NVIDIA A100-SXM4-40GB MIG 4g.20gb (0),1,,13,[CUDA memcpy Host-to-Device]
17509210386,59936,347315,,,,,,,,,,35.810,597452.705,Device,,NVIDIA A100-SXM4-40GB MIG 4g.20gb (0),1,,13,[CUDA memset]
17509278001,3136,347317,,,,,,,,,,0.000,25.510,Pinned,Device,NVIDIA A100-SXM4-40GB MIG 4g.20gb (0),1,,13,[CUDA memcpy Host-to-Device]
17509284913,10560,347318,,,,,,,,,,0.197,18617.991,Pinned,Device,NVIDIA A100-SXM4-40GB MIG 4g.20gb (0),1,,13,[CUDA memcpy Host-to-Device]
17509658253,27488,347319,273,1,1,48,1,1,40,0.000,0.001,,,,,NVIDIA A100-SXM4-40GB MIG 4g.20gb (0),1,,13,"void pusch_noise_intf_est::noiseIntfEstNoDftSOfdmKernel<float, __half, float, float, (unsigned int)2, (unsigned int)1, (unsigned char)4, (unsigned char)4>(pusch_noise_intf_est::puschRxNoiseIntfEstDynDescr)"
17509787884,5024,347330,35,1,1,128,1,1,16,0.000,0.000,,,,,NVIDIA A100-SXM4-40GB MIG 4g.20gb (0),1,,13,cupy_copy__complex64_complex64
17510133288,6272,347339,1,1,1,1,1,1,18,0.000,0.000,,,,,NVIDIA A100-SXM4-40GB MIG 4g.20gb (0),1,,13,cupy_copy__float32_float32
17510145800,1632,347345,,,,,,,,,,0.000,2.451,Device,Pageable,NVIDIA A100-SXM4-40GB MIG 4g.20gb (0),1,,7,[CUDA memcpy Device-to-Host]
17510599747,23167,347356,1434,1,1,128,1,1,16,0.000,0.000,,,,,NVIDIA A100-SXM4-40GB MIG 4g.20gb (0),1,,13,cupy_copy__complex64_complex64
17510730145,4352,347363,103,1,1,128,1,1,16,0.000,0.000,,,,,NVIDIA A100-SXM4-40GB MIG 4g.20gb (0),1,,13,cupy_copy__complex64_complex64
17511075229,7648,347370,35,1,1,128,1,1,16,0.000,0.000,,,,,NVIDIA A100-SXM4-40GB MIG 4g.20gb (0),1,,13,cupy_copy__complex64_complex64
17511196028,3680,347377,1,1,1,1,1,1,18,0.000,0.000,,,,,NVIDIA A100-SXM4-40GB MIG 4g.20gb (0),1,,13,cupy_copy__float32_float32
17511548536,302717,347388,1,1,1,32,32,1,30,0.000,0.000,,,,,NVIDIA A100-SXM4-40GB MIG 4g.20gb (0),1,,13,"void convert_kernel<__half2, float2>(tensor_layout_any, T1 *, tensor_layout_any, const T2 *)"
17511880500,5472,347391,,,,,,,,,,0.094,17122.757,Pinned,Device,NVIDIA A100-SXM4-40GB MIG 4g.20gb (0),1,,13,[CUDA memcpy Host-to-Device]
17512132145,4672,347392,,,,,,,,,,1.547,331040.948,Device,,NVIDIA A100-SXM4-40GB MIG 4g.20gb (0),1,,13,[CUDA memset]
17512143121,3168,347397,,,,,,,,,,0.031,9878.770,Pinned,Device,NVIDIA A100-SXM4-40GB MIG 4g.20gb (0),1,,13,[CUDA memcpy Host-to-Device]
17512148785,9888,347398,,,,,,,,,,0.197,19883.360,Pinned,Device,NVIDIA A100-SXM4-40GB MIG 4g.20gb (0),1,,13,[CUDA memcpy Host-to-Device]
17512602284,11648,347399,273,1,1,8,4,1,39,0.002,0.000,,,,,NVIDIA A100-SXM4-40GB MIG 4g.20gb (0),1,,13,"void channel_eq::eqMmseCoefCompLowMimoKernel<float, float, float, (unsigned int)4, (unsigned int)1, (unsigned int)4>(const channel_eq::_puschRxChEqStatDescr *, channel_eq::_puschRxChEqCoefCompDynDescr)"
17512729387,10400,347400,273,1,1,12,11,1,51,0.002,0.000,,,,,NVIDIA A100-SXM4-40GB MIG 4g.20gb (0),1,,13,"void channel_eq::eqMmseSoftDemapKernel<float, __half, __half, float, (unsigned int)4, (unsigned short)16383>(channel_eq::_puschRxChEqStatDescr *, channel_eq::_puschRxChEqSoftDemapDynDescr)"
17512740971,505466,347401,1,1,1,32,32,1,30,0.000,0.000,,,,,NVIDIA A100-SXM4-40GB MIG 4g.20gb (0),1,,13,"void convert_kernel<float2, __half2>(tensor_layout_any, T1 *, tensor_layout_any, const T2 *)"
17513247429,11712,347413,2253,1,1,128,1,1,16,0.000,0.000,,,,,NVIDIA A100-SXM4-40GB MIG 4g.20gb (0),1,,13,cupy_copy__float16_float16
17513260133,3648,347422,282,1,1,128,1,1,16,0.000,0.000,,,,,NVIDIA A100-SXM4-40GB MIG 4g.20gb (0),1,,13,cupy_copy__complex64_complex64
17513264709,2336,347431,26,1,1,128,1,1,16,0.000,0.000,,,,,NVIDIA A100-SXM4-40GB MIG 4g.20gb (0),1,,13,cupy_copy__float32_float32
17513268005,3104,347440,103,1,1,128,1,1,16,0.000,0.000,,,,,NVIDIA A100-SXM4-40GB MIG 4g.20gb (0),1,,13,cupy_copy__complex64_complex64
17513272229,12191,347450,1434,1,1,128,1,1,16,0.000,0.000,,,,,NVIDIA A100-SXM4-40GB MIG 4g.20gb (0),1,,13,cupy_copy__complex64_complex64
17513285348,79232,347455,1,1,1,32,32,1,30,0.000,0.000,,,,,NVIDIA A100-SXM4-40GB MIG 4g.20gb (0),1,,13,"void convert_kernel<__half2, float2>(tensor_layout_any, T1 *, tensor_layout_any, const T2 *)"
17513392675,5696,347458,,,,,,,,,,0.094,16449.363,Pinned,Device,NVIDIA A100-SXM4-40GB MIG 4g.20gb (0),1,,13,[CUDA memcpy Host-to-Device]
17513403011,590393,347459,,,,,,,,,,456.561,772958.518,Device,,NVIDIA A100-SXM4-40GB MIG 4g.20gb (0),1,,13,[CUDA memset]
17514001020,48128,347464,,,,,,,,,,1.235,25658.431,Pinned,Device,NVIDIA A100-SXM4-40GB MIG 4g.20gb (0),1,,13,[CUDA memcpy Host-to-Device]
17514051260,9280,347465,,,,,,,,,,0.197,21186.085,Pinned,Device,NVIDIA A100-SXM4-40GB MIG 4g.20gb (0),1,,13,[CUDA memcpy Host-to-Device]
17514063516,7584,347466,69,4,1,48,1,1,76,0.002,0.000,,,,,NVIDIA A100-SXM4-40GB MIG 4g.20gb (0),1,,13,"void ch_est::windowedChEstPreNoDftSOfdmKernel<float, __half, float, (unsigned int)2, (unsigned int)1, (unsigned short)4>(ch_est::puschRxChEstStatDescr_t *, ch_est::puschRxChEstDynDescr_t *)"
17514072092,6368,347467,137,2,1,24,2,1,44,0.001,0.001,,,,,NVIDIA A100-SXM4-40GB MIG 4g.20gb (0),1,,13,"void ch_est::chEstFilterNoDftSOfdmDispatchKernel<float, __half, float, (unsigned int)2>(ch_est::puschRxChEstStatDescr_t *, ch_est::puschRxChEstDynDescr_t *)"
17514079484,5055,347468,137,2,1,24,2,1,44,0.001,0.001,,,,,NVIDIA A100-SXM4-40GB MIG 4g.20gb (0),1,,13,"void ch_est::chEstFilterNoDftSOfdmDispatchKernel<float, __half, float, (unsigned int)2>(ch_est::puschRxChEstStatDescr_t *, ch_est::puschRxChEstDynDescr_t *)"
17514085723,2592,347479,103,1,1,128,1,1,16,0.000,0.000,,,,,NVIDIA A100-SXM4-40GB MIG 4g.20gb (0),1,,13,cupy_copy__complex64_complex64
17514089467,12736,347489,1434,1,1,128,1,1,16,0.000,0.000,,,,,NVIDIA A100-SXM4-40GB MIG 4g.20gb (0),1,,13,cupy_copy__complex64_complex64
17514103163,2432,347496,103,1,1,128,1,1,16,0.000,0.000,,,,,NVIDIA A100-SXM4-40GB MIG 4g.20gb (0),1,,13,cupy_copy__complex64_complex64
17514106683,237566,347503,1,1,1,32,32,1,30,0.000,0.000,,,,,NVIDIA A100-SXM4-40GB MIG 4g.20gb (0),1,,13,"void convert_kernel<__half2, float2>(tensor_layout_any, T1 *, tensor_layout_any, const T2 *)"
17514371864,5664,347506,,,,,,,,,,0.094,16542.310,Pinned,Device,NVIDIA A100-SXM4-40GB MIG 4g.20gb (0),1,,13,[CUDA memcpy Host-to-Device]
17514537462,66752,347507,,,,,,,,,,35.810,536432.602,Device,,NVIDIA A100-SXM4-40GB MIG 4g.20gb (0),1,,13,[CUDA memset]
17514605814,1888,347509,,,,,,,,,,0.000,42.373,Pinned,Device,NVIDIA A100-SXM4-40GB MIG 4g.20gb (0),1,,13,[CUDA memcpy Host-to-Device]
17514610166,9407,347510,,,,,,,,,,0.197,20900.020,Pinned,Device,NVIDIA A100-SXM4-40GB MIG 4g.20gb (0),1,,13,[CUDA memcpy Host-to-Device]
17514970578,27903,347511,273,1,1,48,1,1,40,0.000,0.001,,,,,NVIDIA A100-SXM4-40GB MIG 4g.20gb (0),1,,13,"void pusch_noise_intf_est::noiseIntfEstNoDftSOfdmKernel<float, __half, float, float, (unsigned int)2, (unsigned int)1, (unsigned char)4, (unsigned char)4>(pusch_noise_intf_est::puschRxNoiseIntfEstDynDescr)"
17515000401,3040,347522,35,1,1,128,1,1,16,0.000,0.000,,,,,NVIDIA A100-SXM4-40GB MIG 4g.20gb (0),1,,13,cupy_copy__complex64_complex64
17515135472,3904,347531,1,1,1,1,1,1,18,0.000,0.000,,,,,NVIDIA A100-SXM4-40GB MIG 4g.20gb (0),1,,13,cupy_copy__float32_float32
17515141776,1664,347537,,,,,,,,,,0.000,2.404,Device,Pageable,NVIDIA A100-SXM4-40GB MIG 4g.20gb (0),1,,7,[CUDA memcpy Device-to-Host]
17515533291,21760,347548,1434,1,1,128,1,1,16,0.000,0.000,,,,,NVIDIA A100-SXM4-40GB MIG 4g.20gb (0),1,,13,cupy_copy__complex64_complex64
17515769129,5631,347555,103,1,1,128,1,1,16,0.000,0.000,,,,,NVIDIA A100-SXM4-40GB MIG 4g.20gb (0),1,,13,cupy_copy__complex64_complex64
17516258019,4096,347562,35,1,1,128,1,1,16,0.000,0.000,,,,,NVIDIA A100-SXM4-40GB MIG 4g.20gb (0),1,,13,cupy_copy__complex64_complex64
17516794333,4832,347569,1,1,1,1,1,1,18,0.000,0.000,,,,,NVIDIA A100-SXM4-40GB MIG 4g.20gb (0),1,,13,cupy_copy__float32_float32
17517056314,289693,347580,1,1,1,32,32,1,30,0.000,0.000,,,,,NVIDIA A100-SXM4-40GB MIG 4g.20gb (0),1,,13,"void convert_kernel<__half2, float2>(tensor_layout_any, T1 *, tensor_layout_any, const T2 *)"
17517376502,5888,347583,,,,,,,,,,0.094,15912.954,Pinned,Device,NVIDIA A100-SXM4-40GB MIG 4g.20gb (0),1,,13,[CUDA memcpy Host-to-Device]
17517696499,10112,347584,,,,,,,,,,1.547,152948.741,Device,,NVIDIA A100-SXM4-40GB MIG 4g.20gb (0),1,,13,[CUDA memset]
17517710931,3392,347589,,,,,,,,,,0.031,9226.405,Pinned,Device,NVIDIA A100-SXM4-40GB MIG 4g.20gb (0),1,,13,[CUDA memcpy Host-to-Device]
17517717139,10304,347590,,,,,,,,,,0.197,19080.610,Pinned,Device,NVIDIA A100-SXM4-40GB MIG 4g.20gb (0),1,,13,[CUDA memcpy Host-to-Device]
17518210381,13088,347591,273,1,1,8,4,1,39,0.002,0.000,,,,,NVIDIA A100-SXM4-40GB MIG 4g.20gb (0),1,,13,"void channel_eq::eqMmseCoefCompLowMimoKernel<float, float, float, (unsigned int)4, (unsigned int)1, (unsigned int)4>(const channel_eq::_puschRxChEqStatDescr *, channel_eq::_puschRxChEqCoefCompDynDescr)"
17518860614,11520,347592,273,1,1,12,11,1,51,0.002,0.000,,,,,NVIDIA A100-SXM4-40GB MIG 4g.20gb (0),1,,13,"void channel_eq::eqMmseSoftDemapKernel<float, __half, __half, float, (unsigned int)4, (unsigned short)16383>(channel_eq::_puschRxChEqStatDescr *, channel_eq::_puschRxChEqSoftDemapDynDescr)"
17519518046,746328,347593,1,1,1,32,32,1,30,0.000,0.000,,,,,NVIDIA A100-SXM4-40GB MIG 4g.20gb (0),1,,13,"void convert_kernel<float2, __half2>(tensor_layout_any, T1 *, tensor_layout_any, const T2 *)"
17520282422,14688,347605,2253,1,1,128,1,1,16,0.000,0.000,,,,,NVIDIA A100-SXM4-40GB MIG 4g.20gb (0),1,,13,cupy_copy__float16_float16
17520298102,3904,347614,282,1,1,128,1,1,16,0.000,0.000,,,,,NVIDIA A100-SXM4-40GB MIG 4g.20gb (0),1,,13,cupy_copy__complex64_complex64
17520398933,4575,347623,26,1,1,128,1,1,16,0.000,0.000,,,,,NVIDIA A100-SXM4-40GB MIG 4g.20gb (0),1,,13,cupy_copy__float32_float32
17520404660,4448,347632,103,1,1,128,1,1,16,0.000,0.000,,,,,NVIDIA A100-SXM4-40GB MIG 4g.20gb (0),1,,13,cupy_copy__complex64_complex64
17520410228,12512,347642,1434,1,1,128,1,1,16,0.000,0.000,,,,,NVIDIA A100-SXM4-40GB MIG 4g.20gb (0),1,,13,cupy_copy__complex64_complex64
17520514579,183038,347647,1,1,1,32,32,1,30,0.000,0.000,,,,,NVIDIA A100-SXM4-40GB MIG 4g.20gb (0),1,,13,"void convert_kernel<__half2, float2>(tensor_layout_any, T1 *, tensor_layout_any, const T2 *)"
17520726289,5472,347650,,,,,,,,,,0.094,17122.757,Pinned,Device,NVIDIA A100-SXM4-40GB MIG 4g.20gb (0),1,,13,[CUDA memcpy Host-to-Device]
17520737457,591833,347651,,,,,,,,,,456.561,771132.272,Device,,NVIDIA A100-SXM4-40GB MIG 4g.20gb (0),1,,13,[CUDA memset]
17521334826,48479,347656,,,,,,,,,,1.235,25473.190,Pinned,Device,NVIDIA A100-SXM4-40GB MIG 4g.20gb (0),1,,13,[CUDA memcpy Host-to-Device]
17521385417,9312,347657,,,,,,,,,,0.197,21113.340,Pinned,Device,NVIDIA A100-SXM4-40GB MIG 4g.20gb (0),1,,13,[CUDA memcpy Host-to-Device]
17521397737,7200,347658,69,4,1,48,1,1,76,0.002,0.000,,,,,NVIDIA A100-SXM4-40GB MIG 4g.20gb (0),1,,13,"void ch_est::windowedChEstPreNoDftSOfdmKernel<float, __half, float, (unsigned int)2, (unsigned int)1, (unsigned short)4>(ch_est::puschRxChEstStatDescr_t *, ch_est::puschRxChEstDynDescr_t *)"
17521406089,6688,347659,137,2,1,24,2,1,44,0.001,0.001,,,,,NVIDIA A100-SXM4-40GB MIG 4g.20gb (0),1,,13,"void ch_est::chEstFilterNoDftSOfdmDispatchKernel<float, __half, float, (unsigned int)2>(ch_est::puschRxChEstStatDescr_t *, ch_est::puschRxChEstDynDescr_t *)"
17521413737,5536,347660,137,2,1,24,2,1,44,0.001,0.001,,,,,NVIDIA A100-SXM4-40GB MIG 4g.20gb (0),1,,13,"void ch_est::chEstFilterNoDftSOfdmDispatchKernel<float, __half, float, (unsigned int)2>(ch_est::puschRxChEstStatDescr_t *, ch_est::puschRxChEstDynDescr_t *)"
17521420265,2560,347671,103,1,1,128,1,1,16,0.000,0.000,,,,,NVIDIA A100-SXM4-40GB MIG 4g.20gb (0),1,,13,cupy_copy__complex64_complex64
17521423913,13056,347681,1434,1,1,128,1,1,16,0.000,0.000,,,,,NVIDIA A100-SXM4-40GB MIG 4g.20gb (0),1,,13,cupy_copy__complex64_complex64
17521438057,2432,347688,103,1,1,128,1,1,16,0.000,0.000,,,,,NVIDIA A100-SXM4-40GB MIG 4g.20gb (0),1,,13,cupy_copy__complex64_complex64
17521441577,79871,347695,1,1,1,32,32,1,30,0.000,0.000,,,,,NVIDIA A100-SXM4-40GB MIG 4g.20gb (0),1,,13,"void convert_kernel<__half2, float2>(tensor_layout_any, T1 *, tensor_layout_any, const T2 *)"
17521548936,5408,347698,,,,,,,,,,0.094,17325.421,Pinned,Device,NVIDIA A100-SXM4-40GB MIG 4g.20gb (0),1,,13,[CUDA memcpy Host-to-Device]
17521561511,45824,347699,,,,,,,,,,35.810,781444.074,Device,,NVIDIA A100-SXM4-40GB MIG 4g.20gb (0),1,,13,[CUDA memset]
17521613383,1856,347701,,,,,,,,,,0.000,43.103,Pinned,Device,NVIDIA A100-SXM4-40GB MIG 4g.20gb (0),1,,13,[CUDA memcpy Host-to-Device]
17521617351,9312,347702,,,,,,,,,,0.197,21113.340,Pinned,Device,NVIDIA A100-SXM4-40GB MIG 4g.20gb (0),1,,13,[CUDA memcpy Host-to-Device]
17521629767,8352,347703,273,1,1,48,1,1,40,0.000,0.001,,,,,NVIDIA A100-SXM4-40GB MIG 4g.20gb (0),1,,13,"void pusch_noise_intf_est::noiseIntfEstNoDftSOfdmKernel<float, __half, float, float, (unsigned int)2, (unsigned int)1, (unsigned char)4, (unsigned char)4>(pusch_noise_intf_est::puschRxNoiseIntfEstDynDescr)"
17521642759,2944,347714,35,1,1,128,1,1,16,0.000,0.000,,,,,NVIDIA A100-SXM4-40GB MIG 4g.20gb (0),1,,13,cupy_copy__complex64_complex64
17521678086,1888,347723,1,1,1,1,1,1,18,0.000,0.000,,,,,NVIDIA A100-SXM4-40GB MIG 4g.20gb (0),1,,13,cupy_copy__float32_float32
17521712326,1600,347729,,,,,,,,,,0.000,2.500,Device,Pageable,NVIDIA A100-SXM4-40GB MIG 4g.20gb (0),1,,7,[CUDA memcpy Device-to-Host]
17521771237,13024,347740,1434,1,1,128,1,1,16,0.000,0.000,,,,,NVIDIA A100-SXM4-40GB MIG 4g.20gb (0),1,,13,cupy_copy__complex64_complex64
17521797029,2720,347747,103,1,1,128,1,1,16,0.000,0.000,,,,,NVIDIA A100-SXM4-40GB MIG 4g.20gb (0),1,,13,cupy_copy__complex64_complex64
17521817381,2208,347754,35,1,1,128,1,1,16,0.000,0.000,,,,,NVIDIA A100-SXM4-40GB MIG 4g.20gb (0),1,,13,cupy_copy__complex64_complex64
17521835012,1856,347761,1,1,1,1,1,1,18,0.000,0.000,,,,,NVIDIA A100-SXM4-40GB MIG 4g.20gb (0),1,,13,cupy_copy__float32_float32
17522338271,284125,347772,1,1,1,32,32,1,30,0.000,0.000,,,,,NVIDIA A100-SXM4-40GB MIG 4g.20gb (0),1,,13,"void convert_kernel<__half2, float2>(tensor_layout_any, T1 *, tensor_layout_any, const T2 *)"
17522651387,5408,347775,,,,,,,,,,0.094,17325.421,Pinned,Device,NVIDIA A100-SXM4-40GB MIG 4g.20gb (0),1,,13,[CUDA memcpy Host-to-Device]
17522732890,9056,347776,,,,,,,,,,1.547,170784.409,Device,,NVIDIA A100-SXM4-40GB MIG 4g.20gb (0),1,,13,[CUDA memset]
17522743130,3072,347781,,,,,,,,,,0.031,10187.474,Pinned,Device,NVIDIA A100-SXM4-40GB MIG 4g.20gb (0),1,,13,[CUDA memcpy Host-to-Device]
17522748730,9600,347782,,,,,,,,,,0.197,20479.869,Pinned,Device,NVIDIA A100-SXM4-40GB MIG 4g.20gb (0),1,,13,[CUDA memcpy Host-to-Device]
17522761658,7008,347783,273,1,1,8,4,1,39,0.002,0.000,,,,,NVIDIA A100-SXM4-40GB MIG 4g.20gb (0),1,,13,"void channel_eq::eqMmseCoefCompLowMimoKernel<float, float, float, (unsigned int)4, (unsigned int)1, (unsigned int)4>(const channel_eq::_puschRxChEqStatDescr *, channel_eq::_puschRxChEqCoefCompDynDescr)"
17522769786,6880,347784,273,1,1,12,11,1,51,0.002,0.000,,,,,NVIDIA A100-SXM4-40GB MIG 4g.20gb (0),1,,13,"void channel_eq::eqMmseSoftDemapKernel<float, __half, __half, float, (unsigned int)4, (unsigned short)16383>(channel_eq::_puschRxChEqStatDescr *, channel_eq::_puschRxChEqSoftDemapDynDescr)"
17522777658,295101,347785,1,1,1,32,32,1,30,0.000,0.000,,,,,NVIDIA A100-SXM4-40GB MIG 4g.20gb (0),1,,13,"void convert_kernel<float2, __half2>(tensor_layout_any, T1 *, tensor_layout_any, const T2 *)"
17523237429,19615,347797,2253,1,1,128,1,1,16,0.000,0.000,,,,,NVIDIA A100-SXM4-40GB MIG 4g.20gb (0),1,,13,cupy_copy__float16_float16
17523258996,4960,347806,282,1,1,128,1,1,16,0.000,0.000,,,,,NVIDIA A100-SXM4-40GB MIG 4g.20gb (0),1,,13,cupy_copy__complex64_complex64
17523642672,6496,347815,26,1,1,128,1,1,16,0.000,0.000,,,,,NVIDIA A100-SXM4-40GB MIG 4g.20gb (0),1,,13,cupy_copy__float32_float32
17523651312,6016,347824,103,1,1,128,1,1,16,0.000,0.000,,,,,NVIDIA A100-SXM4-40GB MIG 4g.20gb (0),1,,13,cupy_copy__complex64_complex64
17523659280,12416,347834,1434,1,1,128,1,1,16,0.000,0.000,,,,,NVIDIA A100-SXM4-40GB MIG 4g.20gb (0),1,,13,cupy_copy__complex64_complex64
17524047500,319612,347839,1,1,1,32,32,1,30,0.000,0.000,,,,,NVIDIA A100-SXM4-40GB MIG 4g.20gb (0),1,,13,"void convert_kernel<__half2, float2>(tensor_layout_any, T1 *, tensor_layout_any, const T2 *)"
17524396168,5600,347842,,,,,,,,,,0.094,16731.388,Pinned,Device,NVIDIA A100-SXM4-40GB MIG 4g.20gb (0),1,,13,[CUDA memcpy Host-to-Device]
17524576966,604313,347843,,,,,,,,,,456.561,755152.622,Device,,NVIDIA A100-SXM4-40GB MIG 4g.20gb (0),1,,13,[CUDA memset]
17525182559,49663,347848,,,,,,,,,,1.235,24865.597,Pinned,Device,NVIDIA A100-SXM4-40GB MIG 4g.20gb (0),1,,13,[CUDA memcpy Host-to-Device]
17525234878,9728,347849,,,,,,,,,,0.197,20210.516,Pinned,Device,NVIDIA A100-SXM4-40GB MIG 4g.20gb (0),1,,13,[CUDA memcpy Host-to-Device]
17525659673,12128,347850,69,4,1,48,1,1,76,0.002,0.000,,,,,NVIDIA A100-SXM4-40GB MIG 4g.20gb (0),1,,13,"void ch_est::windowedChEstPreNoDftSOfdmKernel<float, __half, float, (unsigned int)2, (unsigned int)1, (unsigned short)4>(ch_est::puschRxChEstStatDescr_t *, ch_est::puschRxChEstDynDescr_t *)"
17526049173,14144,347851,137,2,1,24,2,1,44,0.001,0.001,,,,,NVIDIA A100-SXM4-40GB MIG 4g.20gb (0),1,,13,"void ch_est::chEstFilterNoDftSOfdmDispatchKernel<float, __half, float, (unsigned int)2>(ch_est::puschRxChEstStatDescr_t *, ch_est::puschRxChEstDynDescr_t *)"
17526064565,7008,347852,137,2,1,24,2,1,44,0.001,0.001,,,,,NVIDIA A100-SXM4-40GB MIG 4g.20gb (0),1,,13,"void ch_est::chEstFilterNoDftSOfdmDispatchKernel<float, __half, float, (unsigned int)2>(ch_est::puschRxChEstStatDescr_t *, ch_est::puschRxChEstDynDescr_t *)"
17526447121,6336,347863,103,1,1,128,1,1,16,0.000,0.000,,,,,NVIDIA A100-SXM4-40GB MIG 4g.20gb (0),1,,13,cupy_copy__complex64_complex64
17526455281,15519,347873,1434,1,1,128,1,1,16,0.000,0.000,,,,,NVIDIA A100-SXM4-40GB MIG 4g.20gb (0),1,,13,cupy_copy__complex64_complex64
17526472752,2464,347880,103,1,1,128,1,1,16,0.000,0.000,,,,,NVIDIA A100-SXM4-40GB MIG 4g.20gb (0),1,,13,cupy_copy__complex64_complex64
17526854700,269853,347887,1,1,1,32,32,1,30,0.000,0.000,,,,,NVIDIA A100-SXM4-40GB MIG 4g.20gb (0),1,,13,"void convert_kernel<__half2, float2>(tensor_layout_any, T1 *, tensor_layout_any, const T2 *)"
17527152041,5344,347890,,,,,,,,,,0.094,17532.864,Pinned,Device,NVIDIA A100-SXM4-40GB MIG 4g.20gb (0),1,,13,[CUDA memcpy Host-to-Device]
17527163881,46143,347891,,,,,,,,,,35.810,776036.776,Device,,NVIDIA A100-SXM4-40GB MIG 4g.20gb (0),1,,13,[CUDA memset]
17527215592,1824,347893,,,,,,,,,,0.000,43.860,Pinned,Device,NVIDIA A100-SXM4-40GB MIG 4g.20gb (0),1,,13,[CUDA memcpy Host-to-Device]
17527219528,9216,347894,,,,,,,,,,0.197,21333.148,Pinned,Device,NVIDIA A100-SXM4-40GB MIG 4g.20gb (0),1,,13,[CUDA memcpy Host-to-Device]
17527231784,8512,347895,273,1,1,48,1,1,40,0.000,0.001,,,,,NVIDIA A100-SXM4-40GB MIG 4g.20gb (0),1,,13,"void pusch_noise_intf_est::noiseIntfEstNoDftSOfdmKernel<float, __half, float, float, (unsigned int)2, (unsigned int)1, (unsigned char)4, (unsigned char)4>(pusch_noise_intf_est::puschRxNoiseIntfEstDynDescr)"
17527245224,2816,347906,35,1,1,128,1,1,16,0.000,0.000,,,,,NVIDIA A100-SXM4-40GB MIG 4g.20gb (0),1,,13,cupy_copy__complex64_complex64
17527280359,1856,347915,1,1,1,1,1,1,18,0.000,0.000,,,,,NVIDIA A100-SXM4-40GB MIG 4g.20gb (0),1,,13,cupy_copy__float32_float32
17527314695,1568,347921,,,,,,,,,,0.000,2.551,Device,Pageable,NVIDIA A100-SXM4-40GB MIG 4g.20gb (0),1,,7,[CUDA memcpy Device-to-Host]
17527373542,12960,347932,1434,1,1,128,1,1,16,0.000,0.000,,,,,NVIDIA A100-SXM4-40GB MIG 4g.20gb (0),1,,13,cupy_copy__complex64_complex64
17527399558,2720,347939,103,1,1,128,1,1,16,0.000,0.000,,,,,NVIDIA A100-SXM4-40GB MIG 4g.20gb (0),1,,13,cupy_copy__complex64_complex64
17527419366,2400,347946,35,1,1,128,1,1,16,0.000,0.000,,,,,NVIDIA A100-SXM4-40GB MIG 4g.20gb (0),1,,13,cupy_copy__complex64_complex64
17527437893,1824,347953,1,1,1,1,1,1,18,0.000,0.000,,,,,NVIDIA A100-SXM4-40GB MIG 4g.20gb (0),1,,13,cupy_copy__float32_float32
17527573476,244957,347964,1,1,1,32,32,1,30,0.000,0.000,,,,,NVIDIA A100-SXM4-40GB MIG 4g.20gb (0),1,,13,"void convert_kernel<__half2, float2>(tensor_layout_any, T1 *, tensor_layout_any, const T2 *)"
17527858657,5376,347967,,,,,,,,,,0.094,17428.487,Pinned,Device,NVIDIA A100-SXM4-40GB MIG 4g.20gb (0),1,,13,[CUDA memcpy Host-to-Device]
17528040543,4352,347968,,,,,,,,,,1.547,355381.716,Device,,NVIDIA A100-SXM4-40GB MIG 4g.20gb (0),1,,13,[CUDA memset]
17528047679,3520,347973,,,,,,,,,,0.031,8890.881,Pinned,Device,NVIDIA A100-SXM4-40GB MIG 4g.20gb (0),1,,13,[CUDA memcpy Host-to-Device]
17528053279,9343,347974,,,,,,,,,,0.197,21043.347,Pinned,Device,NVIDIA A100-SXM4-40GB MIG 4g.20gb (0),1,,13,[CUDA memcpy Host-to-Device]
17528065662,7680,347975,273,1,1,8,4,1,39,0.002,0.000,,,,,NVIDIA A100-SXM4-40GB MIG 4g.20gb (0),1,,13,"void channel_eq::eqMmseCoefCompLowMimoKernel<float, float, float, (unsigned int)4, (unsigned int)1, (unsigned int)4>(const channel_eq::_puschRxChEqStatDescr *, channel_eq::_puschRxChEqCoefCompDynDescr)"
17528074494,7104,347976,273,1,1,12,11,1,51,0.002,0.000,,,,,NVIDIA A100-SXM4-40GB MIG 4g.20gb (0),1,,13,"void channel_eq::eqMmseSoftDemapKernel<float, __half, __half, float, (unsigned int)4, (unsigned short)16383>(channel_eq::_puschRxChEqStatDescr *, channel_eq::_puschRxChEqSoftDemapDynDescr)"
17528082590,495355,347977,1,1,1,32,32,1,30,0.000,0.000,,,,,NVIDIA A100-SXM4-40GB MIG 4g.20gb (0),1,,13,"void convert_kernel<float2, __half2>(tensor_layout_any, T1 *, tensor_layout_any, const T2 *)"
17529272721,21824,347989,2253,1,1,128,1,1,16,0.000,0.000,,,,,NVIDIA A100-SXM4-40GB MIG 4g.20gb (0),1,,13,cupy_copy__float16_float16
17529476719,5280,347998,282,1,1,128,1,1,16,0.000,0.000,,,,,NVIDIA A100-SXM4-40GB MIG 4g.20gb (0),1,,13,cupy_copy__complex64_complex64
17529998825,6752,348007,26,1,1,128,1,1,16,0.000,0.000,,,,,NVIDIA A100-SXM4-40GB MIG 4g.20gb (0),1,,13,cupy_copy__float32_float32
17530191911,5439,348016,103,1,1,128,1,1,16,0.000,0.000,,,,,NVIDIA A100-SXM4-40GB MIG 4g.20gb (0),1,,13,cupy_copy__complex64_complex64
17530713537,23711,348026,1434,1,1,128,1,1,16,0.000,0.000,,,,,NVIDIA A100-SXM4-40GB MIG 4g.20gb (0),1,,13,cupy_copy__complex64_complex64
17530918174,298141,348031,1,1,1,32,32,1,30,0.000,0.000,,,,,NVIDIA A100-SXM4-40GB MIG 4g.20gb (0),1,,13,"void convert_kernel<__half2, float2>(tensor_layout_any, T1 *, tensor_layout_any, const T2 *)"
17531243867,5408,348034,,,,,,,,,,0.094,17325.421,Pinned,Device,NVIDIA A100-SXM4-40GB MIG 4g.20gb (0),1,,13,[CUDA memcpy Host-to-Device]
17531633942,598458,348035,,,,,,,,,,456.561,762457.605,Device,,NVIDIA A100-SXM4-40GB MIG 4g.20gb (0),1,,13,[CUDA memset]
17532235952,52255,348040,,,,,,,,,,1.235,23631.888,Pinned,Device,NVIDIA A100-SXM4-40GB MIG 4g.20gb (0),1,,13,[CUDA memcpy Host-to-Device]
17532290639,9504,348041,,,,,,,,,,0.197,20686.701,Pinned,Device,NVIDIA A100-SXM4-40GB MIG 4g.20gb (0),1,,13,[CUDA memcpy Host-to-Device]
17532999847,12192,348042,69,4,1,48,1,1,76,0.002,0.000,,,,,NVIDIA A100-SXM4-40GB MIG 4g.20gb (0),1,,13,"void ch_est::windowedChEstPreNoDftSOfdmKernel<float, __half, float, (unsigned int)2, (unsigned int)1, (unsigned short)4>(ch_est::puschRxChEstStatDescr_t *, ch_est::puschRxChEstDynDescr_t *)"
17533613216,13792,348043,137,2,1,24,2,1,44,0.001,0.001,,,,,NVIDIA A100-SXM4-40GB MIG 4g.20gb (0),1,,13,"void ch_est::chEstFilterNoDftSOfdmDispatchKernel<float, __half, float, (unsigned int)2>(ch_est::puschRxChEstStatDescr_t *, ch_est::puschRxChEstDynDescr_t *)"
17534224089,11840,348044,137,2,1,24,2,1,44,0.001,0.001,,,,,NVIDIA A100-SXM4-40GB MIG 4g.20gb (0),1,,13,"void ch_est::chEstFilterNoDftSOfdmDispatchKernel<float, __half, float, (unsigned int)2>(ch_est::puschRxChEstStatDescr_t *, ch_est::puschRxChEstDynDescr_t *)"
17534835506,4832,348055,103,1,1,128,1,1,16,0.000,0.000,,,,,NVIDIA A100-SXM4-40GB MIG 4g.20gb (0),1,,13,cupy_copy__complex64_complex64
17535357868,23424,348065,1434,1,1,128,1,1,16,0.000,0.000,,,,,NVIDIA A100-SXM4-40GB MIG 4g.20gb (0),1,,13,cupy_copy__complex64_complex64
17535458827,4960,348072,103,1,1,128,1,1,16,0.000,0.000,,,,,NVIDIA A100-SXM4-40GB MIG 4g.20gb (0),1,,13,cupy_copy__complex64_complex64
17535987653,385948,348079,1,1,1,32,32,1,30,0.000,0.000,,,,,NVIDIA A100-SXM4-40GB MIG 4g.20gb (0),1,,13,"void convert_kernel<__half2, float2>(tensor_layout_any, T1 *, tensor_layout_any, const T2 *)"
17536403297,5344,348082,,,,,,,,,,0.094,17532.864,Pinned,Device,NVIDIA A100-SXM4-40GB MIG 4g.20gb (0),1,,13,[CUDA memcpy Host-to-Device]
17536529663,48384,348083,,,,,,,,,,35.810,740083.617,Device,,NVIDIA A100-SXM4-40GB MIG 4g.20gb (0),1,,13,[CUDA memset]
17536580575,2720,348085,,,,,,,,,,0.000,29.412,Pinned,Device,NVIDIA A100-SXM4-40GB MIG 4g.20gb (0),1,,13,[CUDA memcpy Host-to-Device]
17536585759,9280,348086,,,,,,,,,,0.197,21186.085,Pinned,Device,NVIDIA A100-SXM4-40GB MIG 4g.20gb (0),1,,13,[CUDA memcpy Host-to-Device]
17536718877,10016,348087,273,1,1,48,1,1,40,0.000,0.001,,,,,NVIDIA A100-SXM4-40GB MIG 4g.20gb (0),1,,13,"void pusch_noise_intf_est::noiseIntfEstNoDftSOfdmKernel<float, __half, float, float, (unsigned int)2, (unsigned int)1, (unsigned char)4, (unsigned char)4>(pusch_noise_intf_est::puschRxNoiseIntfEstDynDescr)"
17536729981,3200,348098,35,1,1,128,1,1,16,0.000,0.000,,,,,NVIDIA A100-SXM4-40GB MIG 4g.20gb (0),1,,13,cupy_copy__complex64_complex64
17536734333,1792,348107,1,1,1,1,1,1,18,0.000,0.000,,,,,NVIDIA A100-SXM4-40GB MIG 4g.20gb (0),1,,13,cupy_copy__float32_float32
17536744157,1568,348113,,,,,,,,,,0.000,2.551,Device,Pageable,NVIDIA A100-SXM4-40GB MIG 4g.20gb (0),1,,7,[CUDA memcpy Device-to-Host]
17536941883,15360,348124,1434,1,1,128,1,1,16,0.000,0.000,,,,,NVIDIA A100-SXM4-40GB MIG 4g.20gb (0),1,,13,cupy_copy__complex64_complex64
17536958299,5023,348131,103,1,1,128,1,1,16,0.000,0.000,,,,,NVIDIA A100-SXM4-40GB MIG 4g.20gb (0),1,,13,cupy_copy__complex64_complex64
17537103353,3648,348138,35,1,1,128,1,1,16,0.000,0.000,,,,,NVIDIA A100-SXM4-40GB MIG 4g.20gb (0),1,,13,cupy_copy__complex64_complex64
17537108057,2592,348145,1,1,1,1,1,1,18,0.000,0.000,,,,,NVIDIA A100-SXM4-40GB MIG 4g.20gb (0),1,,13,cupy_copy__float32_float32
17537252023,336092,348156,1,1,1,32,32,1,30,0.000,0.000,,,,,NVIDIA A100-SXM4-40GB MIG 4g.20gb (0),1,,13,"void convert_kernel<__half2, float2>(tensor_layout_any, T1 *, tensor_layout_any, const T2 *)"
17537616307,5568,348159,,,,,,,,,,0.094,16827.521,Pinned,Device,NVIDIA A100-SXM4-40GB MIG 4g.20gb (0),1,,13,[CUDA memcpy Host-to-Device]
17538094606,4608,348160,,,,,,,,,,1.547,335637.514,Device,,NVIDIA A100-SXM4-40GB MIG 4g.20gb (0),1,,13,[CUDA memset]
17538102638,3008,348165,,,,,,,,,,0.031,10404.230,Pinned,Device,NVIDIA A100-SXM4-40GB MIG 4g.20gb (0),1,,13,[CUDA memcpy Host-to-Device]
17538108398,9375,348166,,,,,,,,,,0.197,20971.389,Pinned,Device,NVIDIA A100-SXM4-40GB MIG 4g.20gb (0),1,,13,[CUDA memcpy Host-to-Device]
17538597288,17632,348167,273,1,1,8,4,1,39,0.002,0.000,,,,,NVIDIA A100-SXM4-40GB MIG 4g.20gb (0),1,,13,"void channel_eq::eqMmseCoefCompLowMimoKernel<float, float, float, (unsigned int)4, (unsigned int)1, (unsigned int)4>(const channel_eq::_puschRxChEqStatDescr *, channel_eq::_puschRxChEqCoefCompDynDescr)"
17539097346,11968,348168,273,1,1,12,11,1,51,0.002,0.000,,,,,NVIDIA A100-SXM4-40GB MIG 4g.20gb (0),1,,13,"void channel_eq::eqMmseSoftDemapKernel<float, __half, __half, float, (unsigned int)4, (unsigned short)16383>(channel_eq::_puschRxChEqStatDescr *, channel_eq::_puschRxChEqSoftDemapDynDescr)"
17539460190,700121,348169,1,1,1,32,32,1,30,0.000,0.000,,,,,NVIDIA A100-SXM4-40GB MIG 4g.20gb (0),1,,13,"void convert_kernel<float2, __half2>(tensor_layout_any, T1 *, tensor_layout_any, const T2 *)"
17540177174,18560,348181,2253,1,1,128,1,1,16,0.000,0.000,,,,,NVIDIA A100-SXM4-40GB MIG 4g.20gb (0),1,,13,cupy_copy__float16_float16
17540197174,3584,348190,282,1,1,128,1,1,16,0.000,0.000,,,,,NVIDIA A100-SXM4-40GB MIG 4g.20gb (0),1,,13,cupy_copy__complex64_complex64
17540542194,6208,348199,26,1,1,128,1,1,16,0.000,0.000,,,,,NVIDIA A100-SXM4-40GB MIG 4g.20gb (0),1,,13,cupy_copy__float32_float32
17540550930,3808,348208,103,1,1,128,1,1,16,0.000,0.000,,,,,NVIDIA A100-SXM4-40GB MIG 4g.20gb (0),1,,13,cupy_copy__complex64_complex64
17540899758,18752,348224,1434,1,1,128,1,1,16,0.000,0.000,,,,,NVIDIA A100-SXM4-40GB MIG 4g.20gb (0),1,,13,cupy_copy__complex64_complex64
17540920174,101471,348229,1,1,1,32,32,1,30,0.000,0.000,,,,,NVIDIA A100-SXM4-40GB MIG 4g.20gb (0),1,,13,"void convert_kernel<__half2, float2>(tensor_layout_any, T1 *, tensor_layout_any, const T2 *)"
17541049357,5631,348232,,,,,,,,,,0.094,16639.285,Pinned,Device,NVIDIA A100-SXM4-40GB MIG 4g.20gb (0),1,,13,[CUDA memcpy Host-to-Device]
17541322537,606522,348233,,,,,,,,,,456.561,752413.253,Device,,NVIDIA A100-SXM4-40GB MIG 4g.20gb (0),1,,13,[CUDA memset]
17541933379,49951,348238,,,,,,,,,,1.235,24722.344,Pinned,Device,NVIDIA A100-SXM4-40GB MIG 4g.20gb (0),1,,13,[CUDA memcpy Host-to-Device]
17541985762,9664,348239,,,,,,,,,,0.197,20344.209,Pinned,Device,NVIDIA A100-SXM4-40GB MIG 4g.20gb (0),1,,13,[CUDA memcpy Host-to-Device]
17542406109,10560,348240,69,4,1,48,1,1,76,0.002,0.000,,,,,NVIDIA A100-SXM4-40GB MIG 4g.20gb (0),1,,13,"void ch_est::windowedChEstPreNoDftSOfdmKernel<float, __half, float, (unsigned int)2, (unsigned int)1, (unsigned short)4>(ch_est::puschRxChEstStatDescr_t *, ch_est::puschRxChEstDynDescr_t *)"
17542548572,10720,348241,137,2,1,24,2,1,44,0.001,0.001,,,,,NVIDIA A100-SXM4-40GB MIG 4g.20gb (0),1,,13,"void ch_est::chEstFilterNoDftSOfdmDispatchKernel<float, __half, float, (unsigned int)2>(ch_est::puschRxChEstStatDescr_t *, ch_est::puschRxChEstDynDescr_t *)"
17542560028,6528,348242,137,2,1,24,2,1,44,0.001,0.001,,,,,NVIDIA A100-SXM4-40GB MIG 4g.20gb (0),1,,13,"void ch_est::chEstFilterNoDftSOfdmDispatchKernel<float, __half, float, (unsigned int)2>(ch_est::puschRxChEstStatDescr_t *, ch_est::puschRxChEstDynDescr_t *)"
17542567580,2559,348253,103,1,1,128,1,1,16,0.000,0.000,,,,,NVIDIA A100-SXM4-40GB MIG 4g.20gb (0),1,,13,cupy_copy__complex64_complex64
17542571099,12384,348263,1434,1,1,128,1,1,16,0.000,0.000,,,,,NVIDIA A100-SXM4-40GB MIG 4g.20gb (0),1,,13,cupy_copy__complex64_complex64
17542584635,2432,348270,103,1,1,128,1,1,16,0.000,0.000,,,,,NVIDIA A100-SXM4-40GB MIG 4g.20gb (0),1,,13,cupy_copy__complex64_complex64
17542588123,112383,348277,1,1,1,32,32,1,30,0.000,0.000,,,,,NVIDIA A100-SXM4-40GB MIG 4g.20gb (0),1,,13,"void convert_kernel<__half2, float2>(tensor_layout_any, T1 *, tensor_layout_any, const T2 *)"
17542728538,5760,348280,,,,,,,,,,0.094,16266.656,Pinned,Device,NVIDIA A100-SXM4-40GB MIG 4g.20gb (0),1,,13,[CUDA memcpy Host-to-Device]
17542762873,50496,348281,,,,,,,,,,35.810,709143.846,Device,,NVIDIA A100-SXM4-40GB MIG 4g.20gb (0),1,,13,[CUDA memset]
17542821177,1856,348283,,,,,,,,,,0.000,43.103,Pinned,Device,NVIDIA A100-SXM4-40GB MIG 4g.20gb (0),1,,13,[CUDA memcpy Host-to-Device]
17542825913,9887,348284,,,,,,,,,,0.197,19885.326,Pinned,Device,NVIDIA A100-SXM4-40GB MIG 4g.20gb (0),1,,13,[CUDA memcpy Host-to-Device]
17542937719,9664,348285,273,1,1,48,1,1,40,0.000,0.001,,,,,NVIDIA A100-SXM4-40GB MIG 4g.20gb (0),1,,13,"void pusch_noise_intf_est::noiseIntfEstNoDftSOfdmKernel<float, __half, float, float, (unsigned int)2, (unsigned int)1, (unsigned char)4, (unsigned char)4>(pusch_noise_intf_est::puschRxNoiseIntfEstDynDescr)"
17543079286,3808,348296,35,1,1,128,1,1,16,0.000,0.000,,,,,NVIDIA A100-SXM4-40GB MIG 4g.20gb (0),1,,13,cupy_copy__complex64_complex64
17543084726,2752,348305,1,1,1,1,1,1,18,0.000,0.000,,,,,NVIDIA A100-SXM4-40GB MIG 4g.20gb (0),1,,13,cupy_copy__float32_float32
17543093334,1568,348311,,,,,,,,,,0.000,2.551,Device,Pageable,NVIDIA A100-SXM4-40GB MIG 4g.20gb (0),1,,7,[CUDA memcpy Device-to-Host]
17543218388,15456,348322,1434,1,1,128,1,1,16,0.000,0.000,,,,,NVIDIA A100-SXM4-40GB MIG 4g.20gb (0),1,,13,cupy_copy__complex64_complex64
17543234900,3264,348329,103,1,1,128,1,1,16,0.000,0.000,,,,,NVIDIA A100-SXM4-40GB MIG 4g.20gb (0),1,,13,cupy_copy__complex64_complex64
17543366963,3999,348336,35,1,1,128,1,1,16,0.000,0.000,,,,,NVIDIA A100-SXM4-40GB MIG 4g.20gb (0),1,,13,cupy_copy__complex64_complex64
17543372082,2720,348343,1,1,1,1,1,1,18,0.000,0.000,,,,,NVIDIA A100-SXM4-40GB MIG 4g.20gb (0),1,,13,cupy_copy__float32_float32
17543506577,360444,348354,1,1,1,32,32,1,30,0.000,0.000,,,,,NVIDIA A100-SXM4-40GB MIG 4g.20gb (0),1,,13,"void convert_kernel<__half2, float2>(tensor_layout_any, T1 *, tensor_layout_any, const T2 *)"
17543897165,5376,348357,,,,,,,,,,0.094,17428.487,Pinned,Device,NVIDIA A100-SXM4-40GB MIG 4g.20gb (0),1,,13,[CUDA memcpy Host-to-Device]
17544176969,5408,348358,,,,,,,,,,1.547,285987.790,Device,,NVIDIA A100-SXM4-40GB MIG 4g.20gb (0),1,,13,[CUDA memset]
17544186761,3392,348363,,,,,,,,,,0.031,9226.405,Pinned,Device,NVIDIA A100-SXM4-40GB MIG 4g.20gb (0),1,,13,[CUDA memcpy Host-to-Device]
17544192585,9600,348364,,,,,,,,,,0.197,20479.869,Pinned,Device,NVIDIA A100-SXM4-40GB MIG 4g.20gb (0),1,,13,[CUDA memcpy Host-to-Device]
17544498470,26240,348365,273,1,1,8,4,1,39,0.002,0.000,,,,,NVIDIA A100-SXM4-40GB MIG 4g.20gb (0),1,,13,"void channel_eq::eqMmseCoefCompLowMimoKernel<float, float, float, (unsigned int)4, (unsigned int)1, (unsigned int)4>(const channel_eq::_puschRxChEqStatDescr *, channel_eq::_puschRxChEqCoefCompDynDescr)"
17544526086,14079,348366,273,1,1,12,11,1,51,0.002,0.000,,,,,NVIDIA A100-SXM4-40GB MIG 4g.20gb (0),1,,13,"void channel_eq::eqMmseSoftDemapKernel<float, __half, __half, float, (unsigned int)4, (unsigned short)16383>(channel_eq::_puschRxChEqStatDescr *, channel_eq::_puschRxChEqSoftDemapDynDescr)"
17544541445,318621,348367,1,1,1,32,32,1,30,0.000,0.000,,,,,NVIDIA A100-SXM4-40GB MIG 4g.20gb (0),1,,13,"void convert_kernel<float2, __half2>(tensor_layout_any, T1 *, tensor_layout_any, const T2 *)"
17544941825,26240,348379,2253,1,1,128,1,1,16,0.000,0.000,,,,,NVIDIA A100-SXM4-40GB MIG 4g.20gb (0),1,,13,cupy_copy__float16_float16
17544969761,7743,348388,282,1,1,128,1,1,16,0.000,0.000,,,,,NVIDIA A100-SXM4-40GB MIG 4g.20gb (0),1,,13,cupy_copy__complex64_complex64
17544978752,5472,348397,26,1,1,128,1,1,16,0.000,0.000,,,,,NVIDIA A100-SXM4-40GB MIG 4g.20gb (0),1,,13,cupy_copy__float32_float32
17544985600,4736,348406,103,1,1,128,1,1,16,0.000,0.000,,,,,NVIDIA A100-SXM4-40GB MIG 4g.20gb (0),1,,13,cupy_copy__complex64_complex64
17544991808,12608,348416,1434,1,1,128,1,1,16,0.000,0.000,,,,,NVIDIA A100-SXM4-40GB MIG 4g.20gb (0),1,,13,cupy_copy__complex64_complex64
17545310621,306748,348421,1,1,1,32,32,1,30,0.000,0.000,,,,,NVIDIA A100-SXM4-40GB MIG 4g.20gb (0),1,,13,"void convert_kernel<__half2, float2>(tensor_layout_any, T1 *, tensor_layout_any, const T2 *)"
17545645785,5344,348424,,,,,,,,,,0.094,17532.864,Pinned,Device,NVIDIA A100-SXM4-40GB MIG 4g.20gb (0),1,,13,[CUDA memcpy Host-to-Device]
17545656345,604281,348425,,,,,,,,,,456.561,755152.622,Device,,NVIDIA A100-SXM4-40GB MIG 4g.20gb (0),1,,13,[CUDA memset]
17546267506,50527,348430,,,,,,,,,,1.235,24440.777,Pinned,Device,NVIDIA A100-SXM4-40GB MIG 4g.20gb (0),1,,13,[CUDA memcpy Host-to-Device]
17546320465,9792,348431,,,,,,,,,,0.197,20078.395,Pinned,Device,NVIDIA A100-SXM4-40GB MIG 4g.20gb (0),1,,13,[CUDA memcpy Host-to-Device]
17546626638,10208,348432,69,4,1,48,1,1,76,0.002,0.000,,,,,NVIDIA A100-SXM4-40GB MIG 4g.20gb (0),1,,13,"void ch_est::windowedChEstPreNoDftSOfdmKernel<float, __half, float, (unsigned int)2, (unsigned int)1, (unsigned short)4>(ch_est::puschRxChEstStatDescr_t *, ch_est::puschRxChEstDynDescr_t *)"
17547097673,12351,348433,137,2,1,24,2,1,44,0.001,0.001,,,,,NVIDIA A100-SXM4-40GB MIG 4g.20gb (0),1,,13,"void ch_est::chEstFilterNoDftSOfdmDispatchKernel<float, __half, float, (unsigned int)2>(ch_est::puschRxChEstStatDescr_t *, ch_est::puschRxChEstDynDescr_t *)"
17547585635,12256,348434,137,2,1,24,2,1,44,0.001,0.001,,,,,NVIDIA A100-SXM4-40GB MIG 4g.20gb (0),1,,13,"void ch_est::chEstFilterNoDftSOfdmDispatchKernel<float, __half, float, (unsigned int)2>(ch_est::puschRxChEstStatDescr_t *, ch_est::puschRxChEstDynDescr_t *)"
17547915583,7936,348445,103,1,1,128,1,1,16,0.000,0.000,,,,,NVIDIA A100-SXM4-40GB MIG 4g.20gb (0),1,,13,cupy_copy__complex64_complex64
17548076350,16095,348455,1434,1,1,128,1,1,16,0.000,0.000,,,,,NVIDIA A100-SXM4-40GB MIG 4g.20gb (0),1,,13,cupy_copy__complex64_complex64
17548414458,8256,348462,103,1,1,128,1,1,16,0.000,0.000,,,,,NVIDIA A100-SXM4-40GB MIG 4g.20gb (0),1,,13,cupy_copy__complex64_complex64
17548575064,296157,348469,1,1,1,32,32,1,30,0.000,0.000,,,,,NVIDIA A100-SXM4-40GB MIG 4g.20gb (0),1,,13,"void convert_kernel<__half2, float2>(tensor_layout_any, T1 *, tensor_layout_any, const T2 *)"
17548900308,5408,348472,,,,,,,,,,0.094,17325.421,Pinned,Device,NVIDIA A100-SXM4-40GB MIG 4g.20gb (0),1,,13,[CUDA memcpy Host-to-Device]
17549005587,48096,348473,,,,,,,,,,35.810,744524.047,Device,,NVIDIA A100-SXM4-40GB MIG 4g.20gb (0),1,,13,[CUDA memset]
17549057683,1984,348475,,,,,,,,,,0.000,40.323,Pinned,Device,NVIDIA A100-SXM4-40GB MIG 4g.20gb (0),1,,13,[CUDA memcpy Host-to-Device]
17549062355,9439,348476,,,,,,,,,,0.197,20829.241,Pinned,Device,NVIDIA A100-SXM4-40GB MIG 4g.20gb (0),1,,13,[CUDA memcpy Host-to-Device]
17549188753,9952,348477,273,1,1,48,1,1,40,0.000,0.001,,,,,NVIDIA A100-SXM4-40GB MIG 4g.20gb (0),1,,13,"void pusch_noise_intf_est::noiseIntfEstNoDftSOfdmKernel<float, __half, float, float, (unsigned int)2, (unsigned int)1, (unsigned char)4, (unsigned char)4>(pusch_noise_intf_est::puschRxNoiseIntfEstDynDescr)"
17549333551,3840,348488,35,1,1,128,1,1,16,0.000,0.000,,,,,NVIDIA A100-SXM4-40GB MIG 4g.20gb (0),1,,13,cupy_copy__complex64_complex64
17549338575,2688,348497,1,1,1,1,1,1,18,0.000,0.000,,,,,NVIDIA A100-SXM4-40GB MIG 4g.20gb (0),1,,13,cupy_copy__float32_float32
17549345359,2016,348503,,,,,,,,,,0.000,1.984,Device,Pageable,NVIDIA A100-SXM4-40GB MIG 4g.20gb (0),1,,7,[CUDA memcpy Device-to-Host]
17549477742,15680,348514,1434,1,1,128,1,1,16,0.000,0.000,,,,,NVIDIA A100-SXM4-40GB MIG 4g.20gb (0),1,,13,cupy_copy__complex64_complex64
17549494542,4832,348521,103,1,1,128,1,1,16,0.000,0.000,,,,,NVIDIA A100-SXM4-40GB MIG 4g.20gb (0),1,,13,cupy_copy__complex64_complex64
17549500078,2528,348528,35,1,1,128,1,1,16,0.000,0.000,,,,,NVIDIA A100-SXM4-40GB MIG 4g.20gb (0),1,,13,cupy_copy__complex64_complex64
17549503566,1984,348535,1,1,1,1,1,1,18,0.000,0.000,,,,,NVIDIA A100-SXM4-40GB MIG 4g.20gb (0),1,,13,cupy_copy__float32_float32
17549606764,80256,348546,1,1,1,32,32,1,30,0.000,0.000,,,,,NVIDIA A100-SXM4-40GB MIG 4g.20gb (0),1,,13,"void convert_kernel<__half2, float2>(tensor_layout_any, T1 *, tensor_layout_any, const T2 *)"
17549715243,5312,348549,,,,,,,,,,0.094,17638.553,Pinned,Device,NVIDIA A100-SXM4-40GB MIG 4g.20gb (0),1,,13,[CUDA memcpy Host-to-Device]
17549729355,3232,348550,,,,,,,,,,1.547,478533.199,Device,,NVIDIA A100-SXM4-40GB MIG 4g.20gb (0),1,,13,[CUDA memset]
17549736075,3008,348555,,,,,,,,,,0.031,10404.230,Pinned,Device,NVIDIA A100-SXM4-40GB MIG 4g.20gb (0),1,,13,[CUDA memcpy Host-to-Device]
17549747499,9504,348556,,,,,,,,,,0.197,20686.701,Pinned,Device,NVIDIA A100-SXM4-40GB MIG 4g.20gb (0),1,,13,[CUDA memcpy Host-to-Device]
17549760107,14848,348557,273,1,1,8,4,1,39,0.002,0.000,,,,,NVIDIA A100-SXM4-40GB MIG 4g.20gb (0),1,,13,"void channel_eq::eqMmseCoefCompLowMimoKernel<float, float, float, (unsigned int)4, (unsigned int)1, (unsigned int)4>(const channel_eq::_puschRxChEqStatDescr *, channel_eq::_puschRxChEqCoefCompDynDescr)"
17549811754,12704,348558,273,1,1,12,11,1,51,0.002,0.000,,,,,NVIDIA A100-SXM4-40GB MIG 4g.20gb (0),1,,13,"void channel_eq::eqMmseSoftDemapKernel<float, __half, __half, float, (unsigned int)4, (unsigned short)16383>(channel_eq::_puschRxChEqStatDescr *, channel_eq::_puschRxChEqSoftDemapDynDescr)"
17550207398,637785,348559,1,1,1,32,32,1,30,0.000,0.000,,,,,NVIDIA A100-SXM4-40GB MIG 4g.20gb (0),1,,13,"void convert_kernel<float2, __half2>(tensor_layout_any, T1 *, tensor_layout_any, const T2 *)"
17551108764,20191,348571,2253,1,1,128,1,1,16,0.000,0.000,,,,,NVIDIA A100-SXM4-40GB MIG 4g.20gb (0),1,,13,cupy_copy__float16_float16
17551130971,3840,348580,282,1,1,128,1,1,16,0.000,0.000,,,,,NVIDIA A100-SXM4-40GB MIG 4g.20gb (0),1,,13,cupy_copy__complex64_complex64
17551522135,5248,348589,26,1,1,128,1,1,16,0.000,0.000,,,,,NVIDIA A100-SXM4-40GB MIG 4g.20gb (0),1,,13,cupy_copy__float32_float32
17551529015,6976,348598,103,1,1,128,1,1,16,0.000,0.000,,,,,NVIDIA A100-SXM4-40GB MIG 4g.20gb (0),1,,13,cupy_copy__complex64_complex64
17551538039,12384,348608,1434,1,1,128,1,1,16,0.000,0.000,,,,,NVIDIA A100-SXM4-40GB MIG 4g.20gb (0),1,,13,cupy_copy__complex64_complex64
17551936274,305949,348613,1,1,1,32,32,1,30,0.000,0.000,,,,,NVIDIA A100-SXM4-40GB MIG 4g.20gb (0),1,,13,"void convert_kernel<__half2, float2>(tensor_layout_any, T1 *, tensor_layout_any, const T2 *)"
17552271022,5376,348616,,,,,,,,,,0.094,17428.487,Pinned,Device,NVIDIA A100-SXM4-40GB MIG 4g.20gb (0),1,,13,[CUDA memcpy Host-to-Device]
17552490508,603193,348617,,,,,,,,,,456.561,756522.306,Device,,NVIDIA A100-SXM4-40GB MIG 4g.20gb (0),1,,13,[CUDA memset]
17553098533,49632,348622,,,,,,,,,,1.235,24881.652,Pinned,Device,NVIDIA A100-SXM4-40GB MIG 4g.20gb (0),1,,13,[CUDA memcpy Host-to-Device]
17553150597,9376,348623,,,,,,,,,,0.197,20969.226,Pinned,Device,NVIDIA A100-SXM4-40GB MIG 4g.20gb (0),1,,13,[CUDA memcpy Host-to-Device]
17553595648,14783,348624,69,4,1,48,1,1,76,0.002,0.000,,,,,NVIDIA A100-SXM4-40GB MIG 4g.20gb (0),1,,13,"void ch_est::windowedChEstPreNoDftSOfdmKernel<float, __half, float, (unsigned int)2, (unsigned int)1, (unsigned short)4>(ch_est::puschRxChEstStatDescr_t *, ch_est::puschRxChEstDynDescr_t *)"
17553988603,13632,348625,137,2,1,24,2,1,44,0.001,0.001,,,,,NVIDIA A100-SXM4-40GB MIG 4g.20gb (0),1,,13,"void ch_est::chEstFilterNoDftSOfdmDispatchKernel<float, __half, float, (unsigned int)2>(ch_est::puschRxChEstStatDescr_t *, ch_est::puschRxChEstDynDescr_t *)"
17554004315,7296,348626,137,2,1,24,2,1,44,0.001,0.001,,,,,NVIDIA A100-SXM4-40GB MIG 4g.20gb (0),1,,13,"void ch_est::chEstFilterNoDftSOfdmDispatchKernel<float, __half, float, (unsigned int)2>(ch_est::puschRxChEstStatDescr_t *, ch_est::puschRxChEstDynDescr_t *)"
17554392247,7904,348637,103,1,1,128,1,1,16,0.000,0.000,,,,,NVIDIA A100-SXM4-40GB MIG 4g.20gb (0),1,,13,cupy_copy__complex64_complex64
17554402263,13599,348647,1434,1,1,128,1,1,16,0.000,0.000,,,,,NVIDIA A100-SXM4-40GB MIG 4g.20gb (0),1,,13,cupy_copy__complex64_complex64
17554798354,8512,348654,103,1,1,128,1,1,16,0.000,0.000,,,,,NVIDIA A100-SXM4-40GB MIG 4g.20gb (0),1,,13,cupy_copy__complex64_complex64
17554809234,179614,348661,1,1,1,32,32,1,30,0.000,0.000,,,,,NVIDIA A100-SXM4-40GB MIG 4g.20gb (0),1,,13,"void convert_kernel<__half2, float2>(tensor_layout_any, T1 *, tensor_layout_any, const T2 *)"
17555017968,5344,348664,,,,,,,,,,0.094,17532.864,Pinned,Device,NVIDIA A100-SXM4-40GB MIG 4g.20gb (0),1,,13,[CUDA memcpy Host-to-Device]
17555029680,45663,348665,,,,,,,,,,35.810,784201.438,Device,,NVIDIA A100-SXM4-40GB MIG 4g.20gb (0),1,,13,[CUDA memset]
17555081583,1824,348667,,,,,,,,,,0.000,43.860,Pinned,Device,NVIDIA A100-SXM4-40GB MIG 4g.20gb (0),1,,13,[CUDA memcpy Host-to-Device]
17555085487,9440,348668,,,,,,,,,,0.197,20827.079,Pinned,Device,NVIDIA A100-SXM4-40GB MIG 4g.20gb (0),1,,13,[CUDA memcpy Host-to-Device]
17555099151,8704,348669,273,1,1,48,1,1,40,0.000,0.001,,,,,NVIDIA A100-SXM4-40GB MIG 4g.20gb (0),1,,13,"void pusch_noise_intf_est::noiseIntfEstNoDftSOfdmKernel<float, __half, float, float, (unsigned int)2, (unsigned int)1, (unsigned char)4, (unsigned char)4>(pusch_noise_intf_est::puschRxNoiseIntfEstDynDescr)"
17555108847,2880,348680,35,1,1,128,1,1,16,0.000,0.000,,,,,NVIDIA A100-SXM4-40GB MIG 4g.20gb (0),1,,13,cupy_copy__complex64_complex64
17555135886,1760,348689,1,1,1,1,1,1,18,0.000,0.000,,,,,NVIDIA A100-SXM4-40GB MIG 4g.20gb (0),1,,13,cupy_copy__float32_float32
17555170830,1632,348695,,,,,,,,,,0.000,2.451,Device,Pageable,NVIDIA A100-SXM4-40GB MIG 4g.20gb (0),1,,7,[CUDA memcpy Device-to-Host]
17555231821,13152,348706,1434,1,1,128,1,1,16,0.000,0.000,,,,,NVIDIA A100-SXM4-40GB MIG 4g.20gb (0),1,,13,cupy_copy__complex64_complex64
17555258253,3168,348713,103,1,1,128,1,1,16,0.000,0.000,,,,,NVIDIA A100-SXM4-40GB MIG 4g.20gb (0),1,,13,cupy_copy__complex64_complex64
17555277709,2112,348720,35,1,1,128,1,1,16,0.000,0.000,,,,,NVIDIA A100-SXM4-40GB MIG 4g.20gb (0),1,,13,cupy_copy__complex64_complex64
17555295181,1728,348727,1,1,1,1,1,1,18,0.000,0.000,,,,,NVIDIA A100-SXM4-40GB MIG 4g.20gb (0),1,,13,cupy_copy__float32_float32
17555434603,79487,348738,1,1,1,32,32,1,30,0.000,0.000,,,,,NVIDIA A100-SXM4-40GB MIG 4g.20gb (0),1,,13,"void convert_kernel<__half2, float2>(tensor_layout_any, T1 *, tensor_layout_any, const T2 *)"
17555544010,5344,348741,,,,,,,,,,0.094,17532.864,Pinned,Device,NVIDIA A100-SXM4-40GB MIG 4g.20gb (0),1,,13,[CUDA memcpy Host-to-Device]
17555557386,3232,348742,,,,,,,,,,1.547,478533.199,Device,,NVIDIA A100-SXM4-40GB MIG 4g.20gb (0),1,,13,[CUDA memset]
17555571497,3008,348747,,,,,,,,,,0.031,10404.230,Pinned,Device,NVIDIA A100-SXM4-40GB MIG 4g.20gb (0),1,,13,[CUDA memcpy Host-to-Device]
17555576585,9376,348748,,,,,,,,,,0.197,20969.226,Pinned,Device,NVIDIA A100-SXM4-40GB MIG 4g.20gb (0),1,,13,[CUDA memcpy Host-to-Device]
17555589353,5888,348749,273,1,1,8,4,1,39,0.002,0.000,,,,,NVIDIA A100-SXM4-40GB MIG 4g.20gb (0),1,,13,"void channel_eq::eqMmseCoefCompLowMimoKernel<float, float, float, (unsigned int)4, (unsigned int)1, (unsigned int)4>(const channel_eq::_puschRxChEqStatDescr *, channel_eq::_puschRxChEqCoefCompDynDescr)"
17555598153,5440,348750,273,1,1,12,11,1,51,0.002,0.000,,,,,NVIDIA A100-SXM4-40GB MIG 4g.20gb (0),1,,13,"void channel_eq::eqMmseSoftDemapKernel<float, __half, __half, float, (unsigned int)4, (unsigned short)16383>(channel_eq::_puschRxChEqStatDescr *, channel_eq::_puschRxChEqSoftDemapDynDescr)"
17555604649,281341,348751,1,1,1,32,32,1,30,0.000,0.000,,,,,NVIDIA A100-SXM4-40GB MIG 4g.20gb (0),1,,13,"void convert_kernel<float2, __half2>(tensor_layout_any, T1 *, tensor_layout_any, const T2 *)"
17555888230,10592,348763,2253,1,1,128,1,1,16,0.000,0.000,,,,,NVIDIA A100-SXM4-40GB MIG 4g.20gb (0),1,,13,cupy_copy__float16_float16
17555900646,4256,348772,282,1,1,128,1,1,16,0.000,0.000,,,,,NVIDIA A100-SXM4-40GB MIG 4g.20gb (0),1,,13,cupy_copy__complex64_complex64
17555955141,4512,348781,26,1,1,128,1,1,16,0.000,0.000,,,,,NVIDIA A100-SXM4-40GB MIG 4g.20gb (0),1,,13,cupy_copy__float32_float32
17555961477,4064,348790,103,1,1,128,1,1,16,0.000,0.000,,,,,NVIDIA A100-SXM4-40GB MIG 4g.20gb (0),1,,13,cupy_copy__complex64_complex64
17556066980,21888,348800,1434,1,1,128,1,1,16,0.000,0.000,,,,,NVIDIA A100-SXM4-40GB MIG 4g.20gb (0),1,,13,cupy_copy__complex64_complex64
17556131587,311741,348805,1,1,1,32,32,1,30,0.000,0.000,,,,,NVIDIA A100-SXM4-40GB MIG 4g.20gb (0),1,,13,"void convert_kernel<__half2, float2>(tensor_layout_any, T1 *, tensor_layout_any, const T2 *)"
17556470687,5504,348808,,,,,,,,,,0.094,17023.251,Pinned,Device,NVIDIA A100-SXM4-40GB MIG 4g.20gb (0),1,,13,[CUDA memcpy Host-to-Device]
17556684381,630457,348809,,,,,,,,,,456.561,724106.444,Device,,NVIDIA A100-SXM4-40GB MIG 4g.20gb (0),1,,13,[CUDA memset]
17557317366,51679,348814,,,,,,,,,,1.235,23896.166,Pinned,Device,NVIDIA A100-SXM4-40GB MIG 4g.20gb (0),1,,13,[CUDA memcpy Host-to-Device]
17557372021,9824,348815,,,,,,,,,,0.197,20012.925,Pinned,Device,NVIDIA A100-SXM4-40GB MIG 4g.20gb (0),1,,13,[CUDA memcpy Host-to-Device]
17557753297,8864,348816,69,4,1,48,1,1,76,0.002,0.000,,,,,NVIDIA A100-SXM4-40GB MIG 4g.20gb (0),1,,13,"void ch_est::windowedChEstPreNoDftSOfdmKernel<float, __half, float, (unsigned int)2, (unsigned int)1, (unsigned short)4>(ch_est::puschRxChEstStatDescr_t *, ch_est::puschRxChEstDynDescr_t *)"
17557763857,6752,348817,137,2,1,24,2,1,44,0.001,0.001,,,,,NVIDIA A100-SXM4-40GB MIG 4g.20gb (0),1,,13,"void ch_est::chEstFilterNoDftSOfdmDispatchKernel<float, __half, float, (unsigned int)2>(ch_est::puschRxChEstStatDescr_t *, ch_est::puschRxChEstDynDescr_t *)"
17557874640,8895,348818,137,2,1,24,2,1,44,0.001,0.001,,,,,NVIDIA A100-SXM4-40GB MIG 4g.20gb (0),1,,13,"void ch_est::chEstFilterNoDftSOfdmDispatchKernel<float, __half, float, (unsigned int)2>(ch_est::puschRxChEstStatDescr_t *, ch_est::puschRxChEstDynDescr_t *)"
17557993166,4032,348829,103,1,1,128,1,1,16,0.000,0.000,,,,,NVIDIA A100-SXM4-40GB MIG 4g.20gb (0),1,,13,cupy_copy__complex64_complex64
17557999214,16672,348839,1434,1,1,128,1,1,16,0.000,0.000,,,,,NVIDIA A100-SXM4-40GB MIG 4g.20gb (0),1,,13,cupy_copy__complex64_complex64
17558105229,4224,348846,103,1,1,128,1,1,16,0.000,0.000,,,,,NVIDIA A100-SXM4-40GB MIG 4g.20gb (0),1,,13,cupy_copy__complex64_complex64
17558111469,302012,348853,1,1,1,32,32,1,30,0.000,0.000,,,,,NVIDIA A100-SXM4-40GB MIG 4g.20gb (0),1,,13,"void convert_kernel<__half2, float2>(tensor_layout_any, T1 *, tensor_layout_any, const T2 *)"
17558442121,5760,348856,,,,,,,,,,0.094,16266.656,Pinned,Device,NVIDIA A100-SXM4-40GB MIG 4g.20gb (0),1,,13,[CUDA memcpy Host-to-Device]
17558454185,50943,348857,,,,,,,,,,35.810,702912.920,Device,,NVIDIA A100-SXM4-40GB MIG 4g.20gb (0),1,,13,[CUDA memset]
17558506216,2624,348859,,,,,,,,,,0.000,30.488,Pinned,Device,NVIDIA A100-SXM4-40GB MIG 4g.20gb (0),1,,13,[CUDA memcpy Host-to-Device]
17558511304,9440,348860,,,,,,,,,,0.197,20827.079,Pinned,Device,NVIDIA A100-SXM4-40GB MIG 4g.20gb (0),1,,13,[CUDA memcpy Host-to-Device]
17558524328,8928,348861,273,1,1,48,1,1,40,0.000,0.001,,,,,NVIDIA A100-SXM4-40GB MIG 4g.20gb (0),1,,13,"void pusch_noise_intf_est::noiseIntfEstNoDftSOfdmKernel<float, __half, float, float, (unsigned int)2, (unsigned int)1, (unsigned char)4, (unsigned char)4>(pusch_noise_intf_est::puschRxNoiseIntfEstDynDescr)"
17558535144,2880,348872,35,1,1,128,1,1,16,0.000,0.000,,,,,NVIDIA A100-SXM4-40GB MIG 4g.20gb (0),1,,13,cupy_copy__complex64_complex64
17558558696,1920,348881,1,1,1,1,1,1,18,0.000,0.000,,,,,NVIDIA A100-SXM4-40GB MIG 4g.20gb (0),1,,13,cupy_copy__float32_float32
17558592199,1568,348887,,,,,,,,,,0.000,2.551,Device,Pageable,NVIDIA A100-SXM4-40GB MIG 4g.20gb (0),1,,7,[CUDA memcpy Device-to-Host]
17558651303,12704,348898,1434,1,1,128,1,1,16,0.000,0.000,,,,,NVIDIA A100-SXM4-40GB MIG 4g.20gb (0),1,,13,cupy_copy__complex64_complex64
17558677095,2784,348905,103,1,1,128,1,1,16,0.000,0.000,,,,,NVIDIA A100-SXM4-40GB MIG 4g.20gb (0),1,,13,cupy_copy__complex64_complex64
17558697542,2176,348912,35,1,1,128,1,1,16,0.000,0.000,,,,,NVIDIA A100-SXM4-40GB MIG 4g.20gb (0),1,,13,cupy_copy__complex64_complex64
17558714534,1856,348919,1,1,1,1,1,1,18,0.000,0.000,,,,,NVIDIA A100-SXM4-40GB MIG 4g.20gb (0),1,,13,cupy_copy__float32_float32
17558850085,157214,348930,1,1,1,32,32,1,30,0.000,0.000,,,,,NVIDIA A100-SXM4-40GB MIG 4g.20gb (0),1,,13,"void convert_kernel<__half2, float2>(tensor_layout_any, T1 *, tensor_layout_any, const T2 *)"
17559035331,5407,348933,,,,,,,,,,0.094,17328.607,Pinned,Device,NVIDIA A100-SXM4-40GB MIG 4g.20gb (0),1,,13,[CUDA memcpy Host-to-Device]
17559363199,11648,348934,,,,,,,,,,1.547,132779.217,Device,,NVIDIA A100-SXM4-40GB MIG 4g.20gb (0),1,,13,[CUDA memset]
17559376319,3136,348939,,,,,,,,,,0.031,9979.575,Pinned,Device,NVIDIA A100-SXM4-40GB MIG 4g.20gb (0),1,,13,[CUDA memcpy Host-to-Device]
17559381887,10112,348940,,,,,,,,,,0.197,19442.958,Pinned,Device,NVIDIA A100-SXM4-40GB MIG 4g.20gb (0),1,,13,[CUDA memcpy Host-to-Device]
17559395934,11488,348941,273,1,1,8,4,1,39,0.002,0.000,,,,,NVIDIA A100-SXM4-40GB MIG 4g.20gb (0),1,,13,"void channel_eq::eqMmseCoefCompLowMimoKernel<float, float, float, (unsigned int)4, (unsigned int)1, (unsigned int)4>(const channel_eq::_puschRxChEqStatDescr *, channel_eq::_puschRxChEqCoefCompDynDescr)"
17559803610,24672,348942,273,1,1,12,11,1,51,0.002,0.000,,,,,NVIDIA A100-SXM4-40GB MIG 4g.20gb (0),1,,13,"void channel_eq::eqMmseSoftDemapKernel<float, __half, __half, float, (unsigned int)4, (unsigned short)16383>(channel_eq::_puschRxChEqStatDescr *, channel_eq::_puschRxChEqSoftDemapDynDescr)"
17559829690,285692,348943,1,1,1,32,32,1,30,0.000,0.000,,,,,NVIDIA A100-SXM4-40GB MIG 4g.20gb (0),1,,13,"void convert_kernel<float2, __half2>(tensor_layout_any, T1 *, tensor_layout_any, const T2 *)"
17560338804,23712,348955,2253,1,1,128,1,1,16,0.000,0.000,,,,,NVIDIA A100-SXM4-40GB MIG 4g.20gb (0),1,,13,cupy_copy__float16_float16
17560364884,7231,348964,282,1,1,128,1,1,16,0.000,0.000,,,,,NVIDIA A100-SXM4-40GB MIG 4g.20gb (0),1,,13,cupy_copy__complex64_complex64
17560373811,4544,348973,26,1,1,128,1,1,16,0.000,0.000,,,,,NVIDIA A100-SXM4-40GB MIG 4g.20gb (0),1,,13,cupy_copy__float32_float32
17560381171,3104,348982,103,1,1,128,1,1,16,0.000,0.000,,,,,NVIDIA A100-SXM4-40GB MIG 4g.20gb (0),1,,13,cupy_copy__complex64_complex64
17560785519,22432,348992,1434,1,1,128,1,1,16,0.000,0.000,,,,,NVIDIA A100-SXM4-40GB MIG 4g.20gb (0),1,,13,cupy_copy__complex64_complex64
17560810191,86111,348997,1,1,1,32,32,1,30,0.000,0.000,,,,,NVIDIA A100-SXM4-40GB MIG 4g.20gb (0),1,,13,"void convert_kernel<__half2, float2>(tensor_layout_any, T1 *, tensor_layout_any, const T2 *)"
17560925197,5376,349000,,,,,,,,,,0.094,17428.487,Pinned,Device,NVIDIA A100-SXM4-40GB MIG 4g.20gb (0),1,,13,[CUDA memcpy Host-to-Device]
17561226858,630905,349001,,,,,,,,,,456.561,723649.882,Device,,NVIDIA A100-SXM4-40GB MIG 4g.20gb (0),1,,13,[CUDA memset]
17561863875,55071,349006,,,,,,,,,,1.235,22424.113,Pinned,Device,NVIDIA A100-SXM4-40GB MIG 4g.20gb (0),1,,13,[CUDA memcpy Host-to-Device]
17561921378,9504,349007,,,,,,,,,,0.197,20686.701,Pinned,Device,NVIDIA A100-SXM4-40GB MIG 4g.20gb (0),1,,13,[CUDA memcpy Host-to-Device]
17562412861,11007,349008,69,4,1,48,1,1,76,0.002,0.000,,,,,NVIDIA A100-SXM4-40GB MIG 4g.20gb (0),1,,13,"void ch_est::windowedChEstPreNoDftSOfdmKernel<float, __half, float, (unsigned int)2, (unsigned int)1, (unsigned short)4>(ch_est::puschRxChEstStatDescr_t *, ch_est::puschRxChEstDynDescr_t *)"
17562908215,10880,349009,137,2,1,24,2,1,44,0.001,0.001,,,,,NVIDIA A100-SXM4-40GB MIG 4g.20gb (0),1,,13,"void ch_est::chEstFilterNoDftSOfdmDispatchKernel<float, __half, float, (unsigned int)2>(ch_est::puschRxChEstStatDescr_t *, ch_est::puschRxChEstDynDescr_t *)"
17563309075,14847,349010,137,2,1,24,2,1,44,0.001,0.001,,,,,NVIDIA A100-SXM4-40GB MIG 4g.20gb (0),1,,13,"void ch_est::chEstFilterNoDftSOfdmDispatchKernel<float, __half, float, (unsigned int)2>(ch_est::puschRxChEstStatDescr_t *, ch_est::puschRxChEstDynDescr_t *)"
17563405713,4864,349021,103,1,1,128,1,1,16,0.000,0.000,,,,,NVIDIA A100-SXM4-40GB MIG 4g.20gb (0),1,,13,cupy_copy__complex64_complex64
17563793741,24480,349031,1434,1,1,128,1,1,16,0.000,0.000,,,,,NVIDIA A100-SXM4-40GB MIG 4g.20gb (0),1,,13,cupy_copy__complex64_complex64
17563914732,4448,349038,103,1,1,128,1,1,16,0.000,0.000,,,,,NVIDIA A100-SXM4-40GB MIG 4g.20gb (0),1,,13,cupy_copy__complex64_complex64
17564407686,343100,349045,1,1,1,32,32,1,30,0.000,0.000,,,,,NVIDIA A100-SXM4-40GB MIG 4g.20gb (0),1,,13,"void convert_kernel<__half2, float2>(tensor_layout_any, T1 *, tensor_layout_any, const T2 *)"
17564780354,5856,349048,,,,,,,,,,0.094,15999.997,Pinned,Device,NVIDIA A100-SXM4-40GB MIG 4g.20gb (0),1,,13,[CUDA memcpy Host-to-Device]
17564889089,52191,349049,,,,,,,,,,35.810,686118.067,Device,,NVIDIA A100-SXM4-40GB MIG 4g.20gb (0),1,,13,[CUDA memset]
17564945472,2016,349051,,,,,,,,,,0.000,39.682,Pinned,Device,NVIDIA A100-SXM4-40GB MIG 4g.20gb (0),1,,13,[CUDA memcpy Host-to-Device]
17564951040,11392,349052,,,,,,,,,,0.197,17258.250,Pinned,Device,NVIDIA A100-SXM4-40GB MIG 4g.20gb (0),1,,13,[CUDA memcpy Host-to-Device]
17565138654,18496,349053,273,1,1,48,1,1,40,0.000,0.001,,,,,NVIDIA A100-SXM4-40GB MIG 4g.20gb (0),1,,13,"void pusch_noise_intf_est::noiseIntfEstNoDftSOfdmKernel<float, __half, float, float, (unsigned int)2, (unsigned int)1, (unsigned char)4, (unsigned char)4>(pusch_noise_intf_est::puschRxNoiseIntfEstDynDescr)"
17565205181,8032,349064,35,1,1,128,1,1,16,0.000,0.000,,,,,NVIDIA A100-SXM4-40GB MIG 4g.20gb (0),1,,13,cupy_copy__complex64_complex64
17565215037,2528,349073,1,1,1,1,1,1,18,0.000,0.000,,,,,NVIDIA A100-SXM4-40GB MIG 4g.20gb (0),1,,13,cupy_copy__float32_float32
17565223293,1696,349079,,,,,,,,,,0.000,2.358,Device,Pageable,NVIDIA A100-SXM4-40GB MIG 4g.20gb (0),1,,7,[CUDA memcpy Device-to-Host]
17565288156,18400,349090,1434,1,1,128,1,1,16,0.000,0.000,,,,,NVIDIA A100-SXM4-40GB MIG 4g.20gb (0),1,,13,cupy_copy__complex64_complex64
17565316988,4384,349097,103,1,1,128,1,1,16,0.000,0.000,,,,,NVIDIA A100-SXM4-40GB MIG 4g.20gb (0),1,,13,cupy_copy__complex64_complex64
17565337692,4736,349104,35,1,1,128,1,1,16,0.000,0.000,,,,,NVIDIA A100-SXM4-40GB MIG 4g.20gb (0),1,,13,cupy_copy__complex64_complex64
17565493498,2816,349111,1,1,1,1,1,1,18,0.000,0.000,,,,,NVIDIA A100-SXM4-40GB MIG 4g.20gb (0),1,,13,cupy_copy__float32_float32
17565606073,324700,349122,1,1,1,32,32,1,30,0.000,0.000,,,,,NVIDIA A100-SXM4-40GB MIG 4g.20gb (0),1,,13,"void convert_kernel<__half2, float2>(tensor_layout_any, T1 *, tensor_layout_any, const T2 *)"
17565961205,5408,349125,,,,,,,,,,0.094,17325.421,Pinned,Device,NVIDIA A100-SXM4-40GB MIG 4g.20gb (0),1,,13,[CUDA memcpy Host-to-Device]
17566283825,14304,349126,,,,,,,,,,1.547,108124.484,Device,,NVIDIA A100-SXM4-40GB MIG 4g.20gb (0),1,,13,[CUDA memset]
17566302257,3168,349131,,,,,,,,,,0.031,9878.770,Pinned,Device,NVIDIA A100-SXM4-40GB MIG 4g.20gb (0),1,,13,[CUDA memcpy Host-to-Device]
17566308625,9952,349132,,,,,,,,,,0.197,19755.565,Pinned,Device,NVIDIA A100-SXM4-40GB MIG 4g.20gb (0),1,,13,[CUDA memcpy Host-to-Device]
17566693036,17024,349133,273,1,1,8,4,1,39,0.002,0.000,,,,,NVIDIA A100-SXM4-40GB MIG 4g.20gb (0),1,,13,"void channel_eq::eqMmseCoefCompLowMimoKernel<float, float, float, (unsigned int)4, (unsigned int)1, (unsigned int)4>(const channel_eq::_puschRxChEqStatDescr *, channel_eq::_puschRxChEqCoefCompDynDescr)"
17566788171,9440,349134,273,1,1,12,11,1,51,0.002,0.000,,,,,NVIDIA A100-SXM4-40GB MIG 4g.20gb (0),1,,13,"void channel_eq::eqMmseSoftDemapKernel<float, __half, __half, float, (unsigned int)4, (unsigned short)16383>(channel_eq::_puschRxChEqStatDescr *, channel_eq::_puschRxChEqSoftDemapDynDescr)"
17566851563,632633,349135,1,1,1,32,32,1,30,0.000,0.000,,,,,NVIDIA A100-SXM4-40GB MIG 4g.20gb (0),1,,13,"void convert_kernel<float2, __half2>(tensor_layout_any, T1 *, tensor_layout_any, const T2 *)"
17567790432,15392,349147,2253,1,1,128,1,1,16,0.000,0.000,,,,,NVIDIA A100-SXM4-40GB MIG 4g.20gb (0),1,,13,cupy_copy__float16_float16
17568236475,14208,349156,282,1,1,128,1,1,16,0.000,0.000,,,,,NVIDIA A100-SXM4-40GB MIG 4g.20gb (0),1,,13,cupy_copy__complex64_complex64
17568808693,5504,349165,26,1,1,128,1,1,16,0.000,0.000,,,,,NVIDIA A100-SXM4-40GB MIG 4g.20gb (0),1,,13,cupy_copy__float32_float32
17569355279,10335,349174,103,1,1,128,1,1,16,0.000,0.000,,,,,NVIDIA A100-SXM4-40GB MIG 4g.20gb (0),1,,13,cupy_copy__complex64_complex64
17569794026,20319,349184,1434,1,1,128,1,1,16,0.000,0.000,,,,,NVIDIA A100-SXM4-40GB MIG 4g.20gb (0),1,,13,cupy_copy__complex64_complex64
17569978504,295292,349189,1,1,1,32,32,1,30,0.000,0.000,,,,,NVIDIA A100-SXM4-40GB MIG 4g.20gb (0),1,,13,"void convert_kernel<__half2, float2>(tensor_layout_any, T1 *, tensor_layout_any, const T2 *)"
17570303812,5760,349192,,,,,,,,,,0.094,16266.656,Pinned,Device,NVIDIA A100-SXM4-40GB MIG 4g.20gb (0),1,,13,[CUDA memcpy Host-to-Device]
17570664896,612985,349193,,,,,,,,,,456.561,744651.709,Device,,NVIDIA A100-SXM4-40GB MIG 4g.20gb (0),1,,13,[CUDA memset]
17571284121,53151,349198,,,,,,,,,,1.235,23234.236,Pinned,Device,NVIDIA A100-SXM4-40GB MIG 4g.20gb (0),1,,13,[CUDA memcpy Host-to-Device]
17571339736,9984,349199,,,,,,,,,,0.197,19692.257,Pinned,Device,NVIDIA A100-SXM4-40GB MIG 4g.20gb (0),1,,13,[CUDA memcpy Host-to-Device]
17571928370,11168,349200,69,4,1,48,1,1,76,0.002,0.000,,,,,NVIDIA A100-SXM4-40GB MIG 4g.20gb (0),1,,13,"void ch_est::windowedChEstPreNoDftSOfdmKernel<float, __half, float, (unsigned int)2, (unsigned int)1, (unsigned short)4>(ch_est::puschRxChEstStatDescr_t *, ch_est::puschRxChEstDynDescr_t *)"
17572161007,13056,349201,137,2,1,24,2,1,44,0.001,0.001,,,,,NVIDIA A100-SXM4-40GB MIG 4g.20gb (0),1,,13,"void ch_est::chEstFilterNoDftSOfdmDispatchKernel<float, __half, float, (unsigned int)2>(ch_est::puschRxChEstStatDescr_t *, ch_est::puschRxChEstDynDescr_t *)"
17572432940,13184,349202,137,2,1,24,2,1,44,0.001,0.001,,,,,NVIDIA A100-SXM4-40GB MIG 4g.20gb (0),1,,13,"void ch_est::chEstFilterNoDftSOfdmDispatchKernel<float, __half, float, (unsigned int)2>(ch_est::puschRxChEstStatDescr_t *, ch_est::puschRxChEstDynDescr_t *)"
17572654442,4159,349213,103,1,1,128,1,1,16,0.000,0.000,,,,,NVIDIA A100-SXM4-40GB MIG 4g.20gb (0),1,,13,cupy_copy__complex64_complex64
17572719241,26879,349223,1434,1,1,128,1,1,16,0.000,0.000,,,,,NVIDIA A100-SXM4-40GB MIG 4g.20gb (0),1,,13,cupy_copy__complex64_complex64
17572865959,5920,349230,103,1,1,128,1,1,16,0.000,0.000,,,,,NVIDIA A100-SXM4-40GB MIG 4g.20gb (0),1,,13,cupy_copy__complex64_complex64
17572963046,454395,349237,1,1,1,32,32,1,30,0.000,0.000,,,,,NVIDIA A100-SXM4-40GB MIG 4g.20gb (0),1,,13,"void convert_kernel<__half2, float2>(tensor_layout_any, T1 *, tensor_layout_any, const T2 *)"
17573447649,5408,349240,,,,,,,,,,0.094,17325.421,Pinned,Device,NVIDIA A100-SXM4-40GB MIG 4g.20gb (0),1,,13,[CUDA memcpy Host-to-Device]
17573589823,44416,349241,,,,,,,,,,35.810,806224.539,Device,,NVIDIA A100-SXM4-40GB MIG 4g.20gb (0),1,,13,[CUDA memset]
17573638718,1824,349243,,,,,,,,,,0.000,43.860,Pinned,Device,NVIDIA A100-SXM4-40GB MIG 4g.20gb (0),1,,13,[CUDA memcpy Host-to-Device]
17573642622,9248,349244,,,,,,,,,,0.197,21259.420,Pinned,Device,NVIDIA A100-SXM4-40GB MIG 4g.20gb (0),1,,13,[CUDA memcpy Host-to-Device]
17573654910,8672,349245,273,1,1,48,1,1,40,0.000,0.001,,,,,NVIDIA A100-SXM4-40GB MIG 4g.20gb (0),1,,13,"void pusch_noise_intf_est::noiseIntfEstNoDftSOfdmKernel<float, __half, float, float, (unsigned int)2, (unsigned int)1, (unsigned char)4, (unsigned char)4>(pusch_noise_intf_est::puschRxNoiseIntfEstDynDescr)"
17573664606,2944,349256,35,1,1,128,1,1,16,0.000,0.000,,,,,NVIDIA A100-SXM4-40GB MIG 4g.20gb (0),1,,13,cupy_copy__complex64_complex64
17573668574,1888,349265,1,1,1,1,1,1,18,0.000,0.000,,,,,NVIDIA A100-SXM4-40GB MIG 4g.20gb (0),1,,13,cupy_copy__float32_float32
17573671070,1568,349271,,,,,,,,,,0.000,2.551,Device,Pageable,NVIDIA A100-SXM4-40GB MIG 4g.20gb (0),1,,7,[CUDA memcpy Device-to-Host]
17573730397,13216,349282,1434,1,1,128,1,1,16,0.000,0.000,,,,,NVIDIA A100-SXM4-40GB MIG 4g.20gb (0),1,,13,cupy_copy__complex64_complex64
17573756797,2816,349289,103,1,1,128,1,1,16,0.000,0.000,,,,,NVIDIA A100-SXM4-40GB MIG 4g.20gb (0),1,,13,cupy_copy__complex64_complex64
17573777277,2208,349296,35,1,1,128,1,1,16,0.000,0.000,,,,,NVIDIA A100-SXM4-40GB MIG 4g.20gb (0),1,,13,cupy_copy__complex64_complex64
17573795485,1856,349303,1,1,1,1,1,1,18,0.000,0.000,,,,,NVIDIA A100-SXM4-40GB MIG 4g.20gb (0),1,,13,cupy_copy__float32_float32
17573961403,235261,349314,1,1,1,32,32,1,30,0.000,0.000,,,,,NVIDIA A100-SXM4-40GB MIG 4g.20gb (0),1,,13,"void convert_kernel<__half2, float2>(tensor_layout_any, T1 *, tensor_layout_any, const T2 *)"
17574225400,5600,349317,,,,,,,,,,0.094,16731.388,Pinned,Device,NVIDIA A100-SXM4-40GB MIG 4g.20gb (0),1,,13,[CUDA memcpy Host-to-Device]
17574343255,5727,349318,,,,,,,,,,1.547,270057.563,Device,,NVIDIA A100-SXM4-40GB MIG 4g.20gb (0),1,,13,[CUDA memset]
17574357270,3008,349323,,,,,,,,,,0.031,10404.230,Pinned,Device,NVIDIA A100-SXM4-40GB MIG 4g.20gb (0),1,,13,[CUDA memcpy Host-to-Device]
17574363350,9440,349324,,,,,,,,,,0.197,20827.079,Pinned,Device,NVIDIA A100-SXM4-40GB MIG 4g.20gb (0),1,,13,[CUDA memcpy Host-to-Device]
17574378550,8032,349325,273,1,1,8,4,1,39,0.002,0.000,,,,,NVIDIA A100-SXM4-40GB MIG 4g.20gb (0),1,,13,"void channel_eq::eqMmseCoefCompLowMimoKernel<float, float, float, (unsigned int)4, (unsigned int)1, (unsigned int)4>(const channel_eq::_puschRxChEqStatDescr *, channel_eq::_puschRxChEqCoefCompDynDescr)"
17574387702,6656,349326,273,1,1,12,11,1,51,0.002,0.000,,,,,NVIDIA A100-SXM4-40GB MIG 4g.20gb (0),1,,13,"void channel_eq::eqMmseSoftDemapKernel<float, __half, __half, float, (unsigned int)4, (unsigned short)16383>(channel_eq::_puschRxChEqStatDescr *, channel_eq::_puschRxChEqSoftDemapDynDescr)"
17574395382,473787,349327,1,1,1,32,32,1,30,0.000,0.000,,,,,NVIDIA A100-SXM4-40GB MIG 4g.20gb (0),1,,13,"void convert_kernel<float2, __half2>(tensor_layout_any, T1 *, tensor_layout_any, const T2 *)"
17575137230,14143,349339,2253,1,1,128,1,1,16,0.000,0.000,,,,,NVIDIA A100-SXM4-40GB MIG 4g.20gb (0),1,,13,cupy_copy__float16_float16
17575560777,4576,349348,282,1,1,128,1,1,16,0.000,0.000,,,,,NVIDIA A100-SXM4-40GB MIG 4g.20gb (0),1,,13,cupy_copy__complex64_complex64
17575731943,4896,349357,26,1,1,128,1,1,16,0.000,0.000,,,,,NVIDIA A100-SXM4-40GB MIG 4g.20gb (0),1,,13,cupy_copy__float32_float32
17575928837,4416,349366,103,1,1,128,1,1,16,0.000,0.000,,,,,NVIDIA A100-SXM4-40GB MIG 4g.20gb (0),1,,13,cupy_copy__complex64_complex64
17576099907,25312,349376,1434,1,1,128,1,1,16,0.000,0.000,,,,,NVIDIA A100-SXM4-40GB MIG 4g.20gb (0),1,,13,cupy_copy__complex64_complex64
17576304641,231421,349381,1,1,1,32,32,1,30,0.000,0.000,,,,,NVIDIA A100-SXM4-40GB MIG 4g.20gb (0),1,,13,"void convert_kernel<__half2, float2>(tensor_layout_any, T1 *, tensor_layout_any, const T2 *)"
17576566686,7199,349384,,,,,,,,,,0.094,13015.124,Pinned,Device,NVIDIA A100-SXM4-40GB MIG 4g.20gb (0),1,,13,[CUDA memcpy Host-to-Device]
17576846202,619385,349385,,,,,,,,,,456.561,736890.164,Device,,NVIDIA A100-SXM4-40GB MIG 4g.20gb (0),1,,13,[CUDA memset]
17577473043,63840,349390,,,,,,,,,,1.235,19344.163,Pinned,Device,NVIDIA A100-SXM4-40GB MIG 4g.20gb (0),1,,13,[CUDA memcpy Host-to-Device]
17577539859,10080,349391,,,,,,,,,,0.197,19504.693,Pinned,Device,NVIDIA A100-SXM4-40GB MIG 4g.20gb (0),1,,13,[CUDA memcpy Host-to-Device]
17577832143,27648,349392,69,4,1,48,1,1,76,0.002,0.000,,,,,NVIDIA A100-SXM4-40GB MIG 4g.20gb (0),1,,13,"void ch_est::windowedChEstPreNoDftSOfdmKernel<float, __half, float, (unsigned int)2, (unsigned int)1, (unsigned short)4>(ch_est::puschRxChEstStatDescr_t *, ch_est::puschRxChEstDynDescr_t *)"
17578329930,37791,349393,137,2,1,24,2,1,44,0.001,0.001,,,,,NVIDIA A100-SXM4-40GB MIG 4g.20gb (0),1,,13,"void ch_est::chEstFilterNoDftSOfdmDispatchKernel<float, __half, float, (unsigned int)2>(ch_est::puschRxChEstStatDescr_t *, ch_est::puschRxChEstDynDescr_t *)"
17578667558,39040,349394,137,2,1,24,2,1,44,0.001,0.001,,,,,NVIDIA A100-SXM4-40GB MIG 4g.20gb (0),1,,13,"void ch_est::chEstFilterNoDftSOfdmDispatchKernel<float, __half, float, (unsigned int)2>(ch_est::puschRxChEstStatDescr_t *, ch_est::puschRxChEstDynDescr_t *)"
17579042882,4384,349405,103,1,1,128,1,1,16,0.000,0.000,,,,,NVIDIA A100-SXM4-40GB MIG 4g.20gb (0),1,,13,cupy_copy__complex64_complex64
17579346654,23680,349415,1434,1,1,128,1,1,16,0.000,0.000,,,,,NVIDIA A100-SXM4-40GB MIG 4g.20gb (0),1,,13,cupy_copy__complex64_complex64
17579682075,13823,349422,103,1,1,128,1,1,16,0.000,0.000,,,,,NVIDIA A100-SXM4-40GB MIG 4g.20gb (0),1,,13,cupy_copy__complex64_complex64
17579851257,360188,349429,1,1,1,32,32,1,30,0.000,0.000,,,,,NVIDIA A100-SXM4-40GB MIG 4g.20gb (0),1,,13,"void convert_kernel<__half2, float2>(tensor_layout_any, T1 *, tensor_layout_any, const T2 *)"
17580240052,5664,349432,,,,,,,,,,0.094,16542.310,Pinned,Device,NVIDIA A100-SXM4-40GB MIG 4g.20gb (0),1,,13,[CUDA memcpy Host-to-Device]
17580457906,75775,349433,,,,,,,,,,35.810,472547.704,Device,,NVIDIA A100-SXM4-40GB MIG 4g.20gb (0),1,,13,[CUDA memset]
17580541873,1856,349435,,,,,,,,,,0.000,43.103,Pinned,Device,NVIDIA A100-SXM4-40GB MIG 4g.20gb (0),1,,13,[CUDA memcpy Host-to-Device]
17580546929,9504,349436,,,,,,,,,,0.197,20686.701,Pinned,Device,NVIDIA A100-SXM4-40GB MIG 4g.20gb (0),1,,13,[CUDA memcpy Host-to-Device]
17580832718,39103,349437,273,1,1,48,1,1,40,0.000,0.001,,,,,NVIDIA A100-SXM4-40GB MIG 4g.20gb (0),1,,13,"void pusch_noise_intf_est::noiseIntfEstNoDftSOfdmKernel<float, __half, float, float, (unsigned int)2, (unsigned int)1, (unsigned char)4, (unsigned char)4>(pusch_noise_intf_est::puschRxNoiseIntfEstDynDescr)"
17581002956,8192,349448,35,1,1,128,1,1,16,0.000,0.000,,,,,NVIDIA A100-SXM4-40GB MIG 4g.20gb (0),1,,13,cupy_copy__complex64_complex64
17581158282,5888,349457,1,1,1,1,1,1,18,0.000,0.000,,,,,NVIDIA A100-SXM4-40GB MIG 4g.20gb (0),1,,13,cupy_copy__float32_float32
17581170570,2560,349463,,,,,,,,,,0.000,1.562,Device,Pageable,NVIDIA A100-SXM4-40GB MIG 4g.20gb (0),1,,7,[CUDA memcpy Device-to-Host]
17581486918,32768,349474,1434,1,1,128,1,1,16,0.000,0.000,,,,,NVIDIA A100-SXM4-40GB MIG 4g.20gb (0),1,,13,cupy_copy__complex64_complex64
17581575461,5440,349481,103,1,1,128,1,1,16,0.000,0.000,,,,,NVIDIA A100-SXM4-40GB MIG 4g.20gb (0),1,,13,cupy_copy__complex64_complex64
17581900610,19647,349488,35,1,1,128,1,1,16,0.000,0.000,,,,,NVIDIA A100-SXM4-40GB MIG 4g.20gb (0),1,,13,cupy_copy__complex64_complex64
17582060672,5344,349495,1,1,1,1,1,1,18,0.000,0.000,,,,,NVIDIA A100-SXM4-40GB MIG 4g.20gb (0),1,,13,cupy_copy__float32_float32
17582415772,187774,349506,1,1,1,32,32,1,30,0.000,0.000,,,,,NVIDIA A100-SXM4-40GB MIG 4g.20gb (0),1,,13,"void convert_kernel<__half2, float2>(tensor_layout_any, T1 *, tensor_layout_any, const T2 *)"
17582631929,5440,349509,,,,,,,,,,0.094,17223.480,Pinned,Device,NVIDIA A100-SXM4-40GB MIG 4g.20gb (0),1,,13,[CUDA memcpy Host-to-Device]
17582870007,9920,349510,,,,,,,,,,1.547,155908.979,Device,,NVIDIA A100-SXM4-40GB MIG 4g.20gb (0),1,,13,[CUDA memset]
17582888407,3232,349515,,,,,,,,,,0.031,9683.139,Pinned,Device,NVIDIA A100-SXM4-40GB MIG 4g.20gb (0),1,,13,[CUDA memcpy Host-to-Device]
17582894614,10880,349516,,,,,,,,,,0.197,18070.438,Pinned,Device,NVIDIA A100-SXM4-40GB MIG 4g.20gb (0),1,,13,[CUDA memcpy Host-to-Device]
17582944310,12672,349517,273,1,1,8,4,1,39,0.002,0.000,,,,,NVIDIA A100-SXM4-40GB MIG 4g.20gb (0),1,,13,"void channel_eq::eqMmseCoefCompLowMimoKernel<float, float, float, (unsigned int)4, (unsigned int)1, (unsigned int)4>(const channel_eq::_puschRxChEqStatDescr *, channel_eq::_puschRxChEqCoefCompDynDescr)"
17583414865,11200,349518,273,1,1,12,11,1,51,0.002,0.000,,,,,NVIDIA A100-SXM4-40GB MIG 4g.20gb (0),1,,13,"void channel_eq::eqMmseSoftDemapKernel<float, __half, __half, float, (unsigned int)4, (unsigned short)16383>(channel_eq::_puschRxChEqStatDescr *, channel_eq::_puschRxChEqSoftDemapDynDescr)"
17583741165,590297,349519,1,1,1,32,32,1,30,0.000,0.000,,,,,NVIDIA A100-SXM4-40GB MIG 4g.20gb (0),1,,13,"void convert_kernel<float2, __half2>(tensor_layout_any, T1 *, tensor_layout_any, const T2 *)"
17584671107,44703,349531,2253,1,1,128,1,1,16,0.000,0.000,,,,,NVIDIA A100-SXM4-40GB MIG 4g.20gb (0),1,,13,cupy_copy__float16_float16
17584812737,5600,349540,282,1,1,128,1,1,16,0.000,0.000,,,,,NVIDIA A100-SXM4-40GB MIG 4g.20gb (0),1,,13,cupy_copy__complex64_complex64
17585133021,17568,349549,26,1,1,128,1,1,16,0.000,0.000,,,,,NVIDIA A100-SXM4-40GB MIG 4g.20gb (0),1,,13,cupy_copy__float32_float32
17585278940,11872,349558,103,1,1,128,1,1,16,0.000,0.000,,,,,NVIDIA A100-SXM4-40GB MIG 4g.20gb (0),1,,13,cupy_copy__complex64_complex64
17585598360,43136,349568,1434,1,1,128,1,1,16,0.000,0.000,,,,,NVIDIA A100-SXM4-40GB MIG 4g.20gb (0),1,,13,cupy_copy__complex64_complex64
17585738327,211165,349573,1,1,1,32,32,1,30,0.000,0.000,,,,,NVIDIA A100-SXM4-40GB MIG 4g.20gb (0),1,,13,"void convert_kernel<__half2, float2>(tensor_layout_any, T1 *, tensor_layout_any, const T2 *)"
17585978420,5472,349576,,,,,,,,,,0.094,17122.757,Pinned,Device,NVIDIA A100-SXM4-40GB MIG 4g.20gb (0),1,,13,[CUDA memcpy Host-to-Device]
17586197041,609722,349577,,,,,,,,,,456.561,748760.762,Device,,NVIDIA A100-SXM4-40GB MIG 4g.20gb (0),1,,13,[CUDA memset]
17586813802,49376,349582,,,,,,,,,,1.235,25010.086,Pinned,Device,NVIDIA A100-SXM4-40GB MIG 4g.20gb (0),1,,13,[CUDA memcpy Host-to-Device]
17586866090,9408,349583,,,,,,,,,,0.197,20897.858,Pinned,Device,NVIDIA A100-SXM4-40GB MIG 4g.20gb (0),1,,13,[CUDA memcpy Host-to-Device]
17586908009,14848,349584,69,4,1,48,1,1,76,0.002,0.000,,,,,NVIDIA A100-SXM4-40GB MIG 4g.20gb (0),1,,13,"void ch_est::windowedChEstPreNoDftSOfdmKernel<float, __half, float, (unsigned int)2, (unsigned int)1, (unsigned short)4>(ch_est::puschRxChEstStatDescr_t *, ch_est::puschRxChEstDynDescr_t *)"
17586925097,6784,349585,137,2,1,24,2,1,44,0.001,0.001,,,,,NVIDIA A100-SXM4-40GB MIG 4g.20gb (0),1,,13,"void ch_est::chEstFilterNoDftSOfdmDispatchKernel<float, __half, float, (unsigned int)2>(ch_est::puschRxChEstStatDescr_t *, ch_est::puschRxChEstDynDescr_t *)"
17587029704,9984,349586,137,2,1,24,2,1,44,0.001,0.001,,,,,NVIDIA A100-SXM4-40GB MIG 4g.20gb (0),1,,13,"void ch_est::chEstFilterNoDftSOfdmDispatchKernel<float, __half, float, (unsigned int)2>(ch_est::puschRxChEstStatDescr_t *, ch_est::puschRxChEstDynDescr_t *)"
17587040776,4384,349597,103,1,1,128,1,1,16,0.000,0.000,,,,,NVIDIA A100-SXM4-40GB MIG 4g.20gb (0),1,,13,cupy_copy__complex64_complex64
17587046312,12704,349607,1434,1,1,128,1,1,16,0.000,0.000,,,,,NVIDIA A100-SXM4-40GB MIG 4g.20gb (0),1,,13,cupy_copy__complex64_complex64
17587154855,6144,349614,103,1,1,128,1,1,16,0.000,0.000,,,,,NVIDIA A100-SXM4-40GB MIG 4g.20gb (0),1,,13,cupy_copy__complex64_complex64
17587162151,187517,349621,1,1,1,32,32,1,30,0.000,0.000,,,,,NVIDIA A100-SXM4-40GB MIG 4g.20gb (0),1,,13,"void convert_kernel<__half2, float2>(tensor_layout_any, T1 *, tensor_layout_any, const T2 *)"
17587377444,5504,349624,,,,,,,,,,0.094,17023.251,Pinned,Device,NVIDIA A100-SXM4-40GB MIG 4g.20gb (0),1,,13,[CUDA memcpy Host-to-Device]
17587389764,46559,349625,,,,,,,,,,35.810,769125.462,Device,,NVIDIA A100-SXM4-40GB MIG 4g.20gb (0),1,,13,[CUDA memset]
17587442499,1888,349627,,,,,,,,,,0.000,42.373,Pinned,Device,NVIDIA A100-SXM4-40GB MIG 4g.20gb (0),1,,13,[CUDA memcpy Host-to-Device]
17587446467,9632,349628,,,,,,,,,,0.197,20411.843,Pinned,Device,NVIDIA A100-SXM4-40GB MIG 4g.20gb (0),1,,13,[CUDA memcpy Host-to-Device]
17587459203,8704,349629,273,1,1,48,1,1,40,0.000,0.001,,,,,NVIDIA A100-SXM4-40GB MIG 4g.20gb (0),1,,13,"void pusch_noise_intf_est::noiseIntfEstNoDftSOfdmKernel<float, __half, float, float, (unsigned int)2, (unsigned int)1, (unsigned char)4, (unsigned char)4>(pusch_noise_intf_est::puschRxNoiseIntfEstDynDescr)"
17587469027,2848,349640,35,1,1,128,1,1,16,0.000,0.000,,,,,NVIDIA A100-SXM4-40GB MIG 4g.20gb (0),1,,13,cupy_copy__complex64_complex64
17587495171,1920,349649,1,1,1,1,1,1,18,0.000,0.000,,,,,NVIDIA A100-SXM4-40GB MIG 4g.20gb (0),1,,13,cupy_copy__float32_float32
17587529858,1600,349655,,,,,,,,,,0.000,2.500,Device,Pageable,NVIDIA A100-SXM4-40GB MIG 4g.20gb (0),1,,7,[CUDA memcpy Device-to-Host]
17587589986,13632,349666,1434,1,1,128,1,1,16,0.000,0.000,,,,,NVIDIA A100-SXM4-40GB MIG 4g.20gb (0),1,,13,cupy_copy__complex64_complex64
17587616801,2784,349673,103,1,1,128,1,1,16,0.000,0.000,,,,,NVIDIA A100-SXM4-40GB MIG 4g.20gb (0),1,,13,cupy_copy__complex64_complex64
17587651489,2176,349680,35,1,1,128,1,1,16,0.000,0.000,,,,,NVIDIA A100-SXM4-40GB MIG 4g.20gb (0),1,,13,cupy_copy__complex64_complex64
17587669057,1856,349687,1,1,1,1,1,1,18,0.000,0.000,,,,,NVIDIA A100-SXM4-40GB MIG 4g.20gb (0),1,,13,cupy_copy__float32_float32
17587805695,79263,349698,1,1,1,32,32,1,30,0.000,0.000,,,,,NVIDIA A100-SXM4-40GB MIG 4g.20gb (0),1,,13,"void convert_kernel<__half2, float2>(tensor_layout_any, T1 *, tensor_layout_any, const T2 *)"
17587914302,5376,349701,,,,,,,,,,0.094,17428.487,Pinned,Device,NVIDIA A100-SXM4-40GB MIG 4g.20gb (0),1,,13,[CUDA memcpy Host-to-Device]
17587928606,3168,349702,,,,,,,,,,1.547,488201.145,Device,,NVIDIA A100-SXM4-40GB MIG 4g.20gb (0),1,,13,[CUDA memset]
17587935582,3296,349707,,,,,,,,,,0.031,9495.144,Pinned,Device,NVIDIA A100-SXM4-40GB MIG 4g.20gb (0),1,,13,[CUDA memcpy Host-to-Device]
17587942174,9344,349708,,,,,,,,,,0.197,21040.988,Pinned,Device,NVIDIA A100-SXM4-40GB MIG 4g.20gb (0),1,,13,[CUDA memcpy Host-to-Device]
17587954558,6080,349709,273,1,1,8,4,1,39,0.002,0.000,,,,,NVIDIA A100-SXM4-40GB MIG 4g.20gb (0),1,,13,"void channel_eq::eqMmseCoefCompLowMimoKernel<float, float, float, (unsigned int)4, (unsigned int)1, (unsigned int)4>(const channel_eq::_puschRxChEqStatDescr *, channel_eq::_puschRxChEqCoefCompDynDescr)"
17587961694,5504,349710,273,1,1,12,11,1,51,0.002,0.000,,,,,NVIDIA A100-SXM4-40GB MIG 4g.20gb (0),1,,13,"void channel_eq::eqMmseSoftDemapKernel<float, __half, __half, float, (unsigned int)4, (unsigned short)16383>(channel_eq::_puschRxChEqStatDescr *, channel_eq::_puschRxChEqSoftDemapDynDescr)"
17587968221,504123,349711,1,1,1,32,32,1,30,0.000,0.000,,,,,NVIDIA A100-SXM4-40GB MIG 4g.20gb (0),1,,13,"void convert_kernel<float2, __half2>(tensor_layout_any, T1 *, tensor_layout_any, const T2 *)"
17588486456,17183,349723,2253,1,1,128,1,1,16,0.000,0.000,,,,,NVIDIA A100-SXM4-40GB MIG 4g.20gb (0),1,,13,cupy_copy__float16_float16
17588504887,6048,349732,282,1,1,128,1,1,16,0.000,0.000,,,,,NVIDIA A100-SXM4-40GB MIG 4g.20gb (0),1,,13,cupy_copy__complex64_complex64
17588512823,2272,349741,26,1,1,128,1,1,16,0.000,0.000,,,,,NVIDIA A100-SXM4-40GB MIG 4g.20gb (0),1,,13,cupy_copy__float32_float32
17588516087,3168,349750,103,1,1,128,1,1,16,0.000,0.000,,,,,NVIDIA A100-SXM4-40GB MIG 4g.20gb (0),1,,13,cupy_copy__complex64_complex64
17588520343,12480,349760,1434,1,1,128,1,1,16,0.000,0.000,,,,,NVIDIA A100-SXM4-40GB MIG 4g.20gb (0),1,,13,cupy_copy__complex64_complex64
17588533943,79967,349765,1,1,1,32,32,1,30,0.000,0.000,,,,,NVIDIA A100-SXM4-40GB MIG 4g.20gb (0),1,,13,"void convert_kernel<__half2, float2>(tensor_layout_any, T1 *, tensor_layout_any, const T2 *)"
17588641974,6080,349768,,,,,,,,,,0.094,15410.462,Pinned,Device,NVIDIA A100-SXM4-40GB MIG 4g.20gb (0),1,,13,[CUDA memcpy Host-to-Device]
17588769460,613882,349769,,,,,,,,,,456.561,743282.024,Device,,NVIDIA A100-SXM4-40GB MIG 4g.20gb (0),1,,13,[CUDA memset]
17589385646,52095,349774,,,,,,,,,,1.235,23704.750,Pinned,Device,NVIDIA A100-SXM4-40GB MIG 4g.20gb (0),1,,13,[CUDA memcpy Host-to-Device]
17589440205,9696,349775,,,,,,,,,,0.197,20277.166,Pinned,Device,NVIDIA A100-SXM4-40GB MIG 4g.20gb (0),1,,13,[CUDA memcpy Host-to-Device]
17589553164,17023,349776,69,4,1,48,1,1,76,0.002,0.000,,,,,NVIDIA A100-SXM4-40GB MIG 4g.20gb (0),1,,13,"void ch_est::windowedChEstPreNoDftSOfdmKernel<float, __half, float, (unsigned int)2, (unsigned int)1, (unsigned short)4>(ch_est::puschRxChEstStatDescr_t *, ch_est::puschRxChEstDynDescr_t *)"
17589572171,7648,349777,137,2,1,24,2,1,44,0.001,0.001,,,,,NVIDIA A100-SXM4-40GB MIG 4g.20gb (0),1,,13,"void ch_est::chEstFilterNoDftSOfdmDispatchKernel<float, __half, float, (unsigned int)2>(ch_est::puschRxChEstStatDescr_t *, ch_est::puschRxChEstDynDescr_t *)"
17589745386,17151,349778,137,2,1,24,2,1,44,0.001,0.001,,,,,NVIDIA A100-SXM4-40GB MIG 4g.20gb (0),1,,13,"void ch_est::chEstFilterNoDftSOfdmDispatchKernel<float, __half, float, (unsigned int)2>(ch_est::puschRxChEstStatDescr_t *, ch_est::puschRxChEstDynDescr_t *)"
17589764809,3200,349789,103,1,1,128,1,1,16,0.000,0.000,,,,,NVIDIA A100-SXM4-40GB MIG 4g.20gb (0),1,,13,cupy_copy__complex64_complex64
17589938247,18048,349799,1434,1,1,128,1,1,16,0.000,0.000,,,,,NVIDIA A100-SXM4-40GB MIG 4g.20gb (0),1,,13,cupy_copy__complex64_complex64
17589957991,3648,349806,103,1,1,128,1,1,16,0.000,0.000,,,,,NVIDIA A100-SXM4-40GB MIG 4g.20gb (0),1,,13,cupy_copy__complex64_complex64
17589963367,113503,349813,1,1,1,32,32,1,30,0.000,0.000,,,,,NVIDIA A100-SXM4-40GB MIG 4g.20gb (0),1,,13,"void convert_kernel<__half2, float2>(tensor_layout_any, T1 *, tensor_layout_any, const T2 *)"
17590104869,5344,349816,,,,,,,,,,0.094,17532.864,Pinned,Device,NVIDIA A100-SXM4-40GB MIG 4g.20gb (0),1,,13,[CUDA memcpy Host-to-Device]
17590142053,54559,349817,,,,,,,,,,35.810,656324.214,Device,,NVIDIA A100-SXM4-40GB MIG 4g.20gb (0),1,,13,[CUDA memset]
17590198660,1888,349819,,,,,,,,,,0.000,42.373,Pinned,Device,NVIDIA A100-SXM4-40GB MIG 4g.20gb (0),1,,13,[CUDA memcpy Host-to-Device]
17590203012,9376,349820,,,,,,,,,,0.197,20969.226,Pinned,Device,NVIDIA A100-SXM4-40GB MIG 4g.20gb (0),1,,13,[CUDA memcpy Host-to-Device]
17590365859,19167,349821,273,1,1,48,1,1,40,0.000,0.001,,,,,NVIDIA A100-SXM4-40GB MIG 4g.20gb (0),1,,13,"void pusch_noise_intf_est::noiseIntfEstNoDftSOfdmKernel<float, __half, float, float, (unsigned int)2, (unsigned int)1, (unsigned char)4, (unsigned char)4>(pusch_noise_intf_est::puschRxNoiseIntfEstDynDescr)"
17590556224,5760,349832,35,1,1,128,1,1,16,0.000,0.000,,,,,NVIDIA A100-SXM4-40GB MIG 4g.20gb (0),1,,13,cupy_copy__complex64_complex64
17590564512,3008,349841,1,1,1,1,1,1,18,0.000,0.000,,,,,NVIDIA A100-SXM4-40GB MIG 4g.20gb (0),1,,13,cupy_copy__float32_float32
17590568960,1600,349847,,,,,,,,,,0.000,2.500,Device,Pageable,NVIDIA A100-SXM4-40GB MIG 4g.20gb (0),1,,7,[CUDA memcpy Device-to-Host]
17590744990,20192,349858,1434,1,1,128,1,1,16,0.000,0.000,,,,,NVIDIA A100-SXM4-40GB MIG 4g.20gb (0),1,,13,cupy_copy__complex64_complex64
17590812318,5023,349865,103,1,1,128,1,1,16,0.000,0.000,,,,,NVIDIA A100-SXM4-40GB MIG 4g.20gb (0),1,,13,cupy_copy__complex64_complex64
17590818429,3360,349872,35,1,1,128,1,1,16,0.000,0.000,,,,,NVIDIA A100-SXM4-40GB MIG 4g.20gb (0),1,,13,cupy_copy__complex64_complex64
17590878429,6368,349879,1,1,1,1,1,1,18,0.000,0.000,,,,,NVIDIA A100-SXM4-40GB MIG 4g.20gb (0),1,,13,cupy_copy__float32_float32
17591058619,327644,349890,1,1,1,32,32,1,30,0.000,0.000,,,,,NVIDIA A100-SXM4-40GB MIG 4g.20gb (0),1,,13,"void convert_kernel<__half2, float2>(tensor_layout_any, T1 *, tensor_layout_any, const T2 *)"
17591414615,5696,349893,,,,,,,,,,0.094,16449.363,Pinned,Device,NVIDIA A100-SXM4-40GB MIG 4g.20gb (0),1,,13,[CUDA memcpy Host-to-Device]
17591454902,9440,349894,,,,,,,,,,1.547,163836.974,Device,,NVIDIA A100-SXM4-40GB MIG 4g.20gb (0),1,,13,[CUDA memset]
17591465366,3904,349899,,,,,,,,,,0.031,8016.377,Pinned,Device,NVIDIA A100-SXM4-40GB MIG 4g.20gb (0),1,,13,[CUDA memcpy Host-to-Device]
17591471702,10208,349900,,,,,,,,,,0.197,19260.113,Pinned,Device,NVIDIA A100-SXM4-40GB MIG 4g.20gb (0),1,,13,[CUDA memcpy Host-to-Device]
17591542325,14304,349901,273,1,1,8,4,1,39,0.002,0.000,,,,,NVIDIA A100-SXM4-40GB MIG 4g.20gb (0),1,,13,"void channel_eq::eqMmseCoefCompLowMimoKernel<float, float, float, (unsigned int)4, (unsigned int)1, (unsigned int)4>(const channel_eq::_puschRxChEqStatDescr *, channel_eq::_puschRxChEqCoefCompDynDescr)"
17591557653,8544,349902,273,1,1,12,11,1,51,0.002,0.000,,,,,NVIDIA A100-SXM4-40GB MIG 4g.20gb (0),1,,13,"void channel_eq::eqMmseSoftDemapKernel<float, __half, __half, float, (unsigned int)4, (unsigned short)16383>(channel_eq::_puschRxChEqStatDescr *, channel_eq::_puschRxChEqSoftDemapDynDescr)"
17591626356,838135,349903,1,1,1,32,32,1,30,0.000,0.000,,,,,NVIDIA A100-SXM4-40GB MIG 4g.20gb (0),1,,13,"void convert_kernel<float2, __half2>(tensor_layout_any, T1 *, tensor_layout_any, const T2 *)"
17592884646,20480,349915,2253,1,1,128,1,1,16,0.000,0.000,,,,,NVIDIA A100-SXM4-40GB MIG 4g.20gb (0),1,,13,cupy_copy__float16_float16
17593305826,9119,349924,282,1,1,128,1,1,16,0.000,0.000,,,,,NVIDIA A100-SXM4-40GB MIG 4g.20gb (0),1,,13,cupy_copy__complex64_complex64
17593372737,6144,349933,26,1,1,128,1,1,16,0.000,0.000,,,,,NVIDIA A100-SXM4-40GB MIG 4g.20gb (0),1,,13,cupy_copy__float32_float32
17593380097,6528,349942,103,1,1,128,1,1,16,0.000,0.000,,,,,NVIDIA A100-SXM4-40GB MIG 4g.20gb (0),1,,13,cupy_copy__complex64_complex64
17593387809,15487,349952,1434,1,1,128,1,1,16,0.000,0.000,,,,,NVIDIA A100-SXM4-40GB MIG 4g.20gb (0),1,,13,cupy_copy__complex64_complex64
17593457600,224157,349957,1,1,1,32,32,1,30,0.000,0.000,,,,,NVIDIA A100-SXM4-40GB MIG 4g.20gb (0),1,,13,"void convert_kernel<__half2, float2>(tensor_layout_any, T1 *, tensor_layout_any, const T2 *)"
17593713053,5312,349960,,,,,,,,,,0.094,17638.553,Pinned,Device,NVIDIA A100-SXM4-40GB MIG 4g.20gb (0),1,,13,[CUDA memcpy Host-to-Device]
17593873403,612153,349961,,,,,,,,,,456.561,745564.832,Device,,NVIDIA A100-SXM4-40GB MIG 4g.20gb (0),1,,13,[CUDA memset]
17594489172,50304,349966,,,,,,,,,,1.235,24549.452,Pinned,Device,NVIDIA A100-SXM4-40GB MIG 4g.20gb (0),1,,13,[CUDA memcpy Host-to-Device]
17594541908,9312,349967,,,,,,,,,,0.197,21113.340,Pinned,Device,NVIDIA A100-SXM4-40GB MIG 4g.20gb (0),1,,13,[CUDA memcpy Host-to-Device]
17594892752,13376,349968,69,4,1,48,1,1,76,0.002,0.000,,,,,NVIDIA A100-SXM4-40GB MIG 4g.20gb (0),1,,13,"void ch_est::windowedChEstPreNoDftSOfdmKernel<float, __half, float, (unsigned int)2, (unsigned int)1, (unsigned short)4>(ch_est::puschRxChEstStatDescr_t *, ch_est::puschRxChEstDynDescr_t *)"
17595297259,13152,349969,137,2,1,24,2,1,44,0.001,0.001,,,,,NVIDIA A100-SXM4-40GB MIG 4g.20gb (0),1,,13,"void ch_est::chEstFilterNoDftSOfdmDispatchKernel<float, __half, float, (unsigned int)2>(ch_est::puschRxChEstStatDescr_t *, ch_est::puschRxChEstDynDescr_t *)"
17595311979,8064,349970,137,2,1,24,2,1,44,0.001,0.001,,,,,NVIDIA A100-SXM4-40GB MIG 4g.20gb (0),1,,13,"void ch_est::chEstFilterNoDftSOfdmDispatchKernel<float, __half, float, (unsigned int)2>(ch_est::puschRxChEstStatDescr_t *, ch_est::puschRxChEstDynDescr_t *)"
17595706663,7967,349981,103,1,1,128,1,1,16,0.000,0.000,,,,,NVIDIA A100-SXM4-40GB MIG 4g.20gb (0),1,,13,cupy_copy__complex64_complex64
17595716934,13600,349991,1434,1,1,128,1,1,16,0.000,0.000,,,,,NVIDIA A100-SXM4-40GB MIG 4g.20gb (0),1,,13,cupy_copy__complex64_complex64
17596116994,9440,349998,103,1,1,128,1,1,16,0.000,0.000,,,,,NVIDIA A100-SXM4-40GB MIG 4g.20gb (0),1,,13,cupy_copy__complex64_complex64
17596128450,216861,350005,1,1,1,32,32,1,30,0.000,0.000,,,,,NVIDIA A100-SXM4-40GB MIG 4g.20gb (0),1,,13,"void convert_kernel<__half2, float2>(tensor_layout_any, T1 *, tensor_layout_any, const T2 *)"
17596374783,5312,350008,,,,,,,,,,0.094,17638.553,Pinned,Device,NVIDIA A100-SXM4-40GB MIG 4g.20gb (0),1,,13,[CUDA memcpy Host-to-Device]
17596525533,51520,350009,,,,,,,,,,35.810,695034.737,Device,,NVIDIA A100-SXM4-40GB MIG 4g.20gb (0),1,,13,[CUDA memset]
17596577917,1888,350011,,,,,,,,,,0.000,42.373,Pinned,Device,NVIDIA A100-SXM4-40GB MIG 4g.20gb (0),1,,13,[CUDA memcpy Host-to-Device]
17596582237,9408,350012,,,,,,,,,,0.197,20897.858,Pinned,Device,NVIDIA A100-SXM4-40GB MIG 4g.20gb (0),1,,13,[CUDA memcpy Host-to-Device]
17596967000,14336,350013,273,1,1,48,1,1,40,0.000,0.001,,,,,NVIDIA A100-SXM4-40GB MIG 4g.20gb (0),1,,13,"void pusch_noise_intf_est::noiseIntfEstNoDftSOfdmKernel<float, __half, float, float, (unsigned int)2, (unsigned int)1, (unsigned char)4, (unsigned char)4>(pusch_noise_intf_est::puschRxNoiseIntfEstDynDescr)"
17597374676,15840,350024,35,1,1,128,1,1,16,0.000,0.000,,,,,NVIDIA A100-SXM4-40GB MIG 4g.20gb (0),1,,13,cupy_copy__complex64_complex64
17597428979,4160,350033,1,1,1,1,1,1,18,0.000,0.000,,,,,NVIDIA A100-SXM4-40GB MIG 4g.20gb (0),1,,13,cupy_copy__float32_float32
17597443187,1888,350039,,,,,,,,,,0.000,2.119,Device,Pageable,NVIDIA A100-SXM4-40GB MIG 4g.20gb (0),1,,7,[CUDA memcpy Device-to-Host]
17597543954,16416,350050,1434,1,1,128,1,1,16,0.000,0.000,,,,,NVIDIA A100-SXM4-40GB MIG 4g.20gb (0),1,,13,cupy_copy__complex64_complex64
17597561490,4512,350057,103,1,1,128,1,1,16,0.000,0.000,,,,,NVIDIA A100-SXM4-40GB MIG 4g.20gb (0),1,,13,cupy_copy__complex64_complex64
17597675152,4512,350064,35,1,1,128,1,1,16,0.000,0.000,,,,,NVIDIA A100-SXM4-40GB MIG 4g.20gb (0),1,,13,cupy_copy__complex64_complex64
17597680816,3040,350071,1,1,1,1,1,1,18,0.000,0.000,,,,,NVIDIA A100-SXM4-40GB MIG 4g.20gb (0),1,,13,cupy_copy__float32_float32
17597719216,254717,350082,1,1,1,32,32,1,30,0.000,0.000,,,,,NVIDIA A100-SXM4-40GB MIG 4g.20gb (0),1,,13,"void convert_kernel<__half2, float2>(tensor_layout_any, T1 *, tensor_layout_any, const T2 *)"
17598001645,5824,350085,,,,,,,,,,0.094,16087.884,Pinned,Device,NVIDIA A100-SXM4-40GB MIG 4g.20gb (0),1,,13,[CUDA memcpy Host-to-Device]
17598114412,5183,350086,,,,,,,,,,1.547,298402.541,Device,,NVIDIA A100-SXM4-40GB MIG 4g.20gb (0),1,,13,[CUDA memset]
17598125771,3040,350091,,,,,,,,,,0.031,10294.725,Pinned,Device,NVIDIA A100-SXM4-40GB MIG 4g.20gb (0),1,,13,[CUDA memcpy Host-to-Device]
17598131403,10112,350092,,,,,,,,,,0.197,19442.958,Pinned,Device,NVIDIA A100-SXM4-40GB MIG 4g.20gb (0),1,,13,[CUDA memcpy Host-to-Device]
17598235082,11680,350093,273,1,1,8,4,1,39,0.002,0.000,,,,,NVIDIA A100-SXM4-40GB MIG 4g.20gb (0),1,,13,"void channel_eq::eqMmseCoefCompLowMimoKernel<float, float, float, (unsigned int)4, (unsigned int)1, (unsigned int)4>(const channel_eq::_puschRxChEqStatDescr *, channel_eq::_puschRxChEqCoefCompDynDescr)"
17598355753,11040,350094,273,1,1,12,11,1,51,0.002,0.000,,,,,NVIDIA A100-SXM4-40GB MIG 4g.20gb (0),1,,13,"void channel_eq::eqMmseSoftDemapKernel<float, __half, __half, float, (unsigned int)4, (unsigned short)16383>(channel_eq::_puschRxChEqStatDescr *, channel_eq::_puschRxChEqSoftDemapDynDescr)"
17598477415,686425,350095,1,1,1,32,32,1,30,0.000,0.000,,,,,NVIDIA A100-SXM4-40GB MIG 4g.20gb (0),1,,13,"void convert_kernel<float2, __half2>(tensor_layout_any, T1 *, tensor_layout_any, const T2 *)"
17599429917,27647,350107,2253,1,1,128,1,1,16,0.000,0.000,,,,,NVIDIA A100-SXM4-40GB MIG 4g.20gb (0),1,,13,cupy_copy__float16_float16
17599562747,4928,350116,282,1,1,128,1,1,16,0.000,0.000,,,,,NVIDIA A100-SXM4-40GB MIG 4g.20gb (0),1,,13,cupy_copy__complex64_complex64
17599799321,11679,350125,26,1,1,128,1,1,16,0.000,0.000,,,,,NVIDIA A100-SXM4-40GB MIG 4g.20gb (0),1,,13,cupy_copy__float32_float32
17599917623,4800,350134,103,1,1,128,1,1,16,0.000,0.000,,,,,NVIDIA A100-SXM4-40GB MIG 4g.20gb (0),1,,13,cupy_copy__complex64_complex64
17599923447,14720,350144,1434,1,1,128,1,1,16,0.000,0.000,,,,,NVIDIA A100-SXM4-40GB MIG 4g.20gb (0),1,,13,cupy_copy__complex64_complex64
17600292851,300605,350149,1,1,1,32,32,1,30,0.000,0.000,,,,,NVIDIA A100-SXM4-40GB MIG 4g.20gb (0),1,,13,"void convert_kernel<__half2, float2>(tensor_layout_any, T1 *, tensor_layout_any, const T2 *)"
17600623951,5504,350152,,,,,,,,,,0.094,17023.251,Pinned,Device,NVIDIA A100-SXM4-40GB MIG 4g.20gb (0),1,,13,[CUDA memcpy Host-to-Device]
17600883500,619769,350153,,,,,,,,,,456.561,736433.603,Device,,NVIDIA A100-SXM4-40GB MIG 4g.20gb (0),1,,13,[CUDA memset]
17601507973,51904,350158,,,,,,,,,,1.235,23792.431,Pinned,Device,NVIDIA A100-SXM4-40GB MIG 4g.20gb (0),1,,13,[CUDA memcpy Host-to-Device]
17601562469,10080,350159,,,,,,,,,,0.197,19504.693,Pinned,Device,NVIDIA A100-SXM4-40GB MIG 4g.20gb (0),1,,13,[CUDA memcpy Host-to-Device]
17601848130,26655,350160,69,4,1,48,1,1,76,0.002,0.000,,,,,NVIDIA A100-SXM4-40GB MIG 4g.20gb (0),1,,13,"void ch_est::windowedChEstPreNoDftSOfdmKernel<float, __half, float, (unsigned int)2, (unsigned int)1, (unsigned short)4>(ch_est::puschRxChEstStatDescr_t *, ch_est::puschRxChEstDynDescr_t *)"
17601876769,6656,350161,137,2,1,24,2,1,44,0.001,0.001,,,,,NVIDIA A100-SXM4-40GB MIG 4g.20gb (0),1,,13,"void ch_est::chEstFilterNoDftSOfdmDispatchKernel<float, __half, float, (unsigned int)2>(ch_est::puschRxChEstStatDescr_t *, ch_est::puschRxChEstDynDescr_t *)"
17602115647,27327,350162,137,2,1,24,2,1,44,0.001,0.001,,,,,NVIDIA A100-SXM4-40GB MIG 4g.20gb (0),1,,13,"void ch_est::chEstFilterNoDftSOfdmDispatchKernel<float, __half, float, (unsigned int)2>(ch_est::puschRxChEstStatDescr_t *, ch_est::puschRxChEstDynDescr_t *)"
17602145950,3168,350173,103,1,1,128,1,1,16,0.000,0.000,,,,,NVIDIA A100-SXM4-40GB MIG 4g.20gb (0),1,,13,cupy_copy__complex64_complex64
17602382460,20799,350183,1434,1,1,128,1,1,16,0.000,0.000,,,,,NVIDIA A100-SXM4-40GB MIG 4g.20gb (0),1,,13,cupy_copy__complex64_complex64
17602406331,4352,350190,103,1,1,128,1,1,16,0.000,0.000,,,,,NVIDIA A100-SXM4-40GB MIG 4g.20gb (0),1,,13,cupy_copy__complex64_complex64
17602412795,265277,350197,1,1,1,32,32,1,30,0.000,0.000,,,,,NVIDIA A100-SXM4-40GB MIG 4g.20gb (0),1,,13,"void convert_kernel<__half2, float2>(tensor_layout_any, T1 *, tensor_layout_any, const T2 *)"
17602707128,5344,350200,,,,,,,,,,0.094,17532.864,Pinned,Device,NVIDIA A100-SXM4-40GB MIG 4g.20gb (0),1,,13,[CUDA memcpy Host-to-Device]
17602915318,61503,350201,,,,,,,,,,35.810,582233.489,Device,,NVIDIA A100-SXM4-40GB MIG 4g.20gb (0),1,,13,[CUDA memset]
17602979061,1824,350203,,,,,,,,,,0.000,43.860,Pinned,Device,NVIDIA A100-SXM4-40GB MIG 4g.20gb (0),1,,13,[CUDA memcpy Host-to-Device]
17602982997,9248,350204,,,,,,,,,,0.197,21259.420,Pinned,Device,NVIDIA A100-SXM4-40GB MIG 4g.20gb (0),1,,13,[CUDA memcpy Host-to-Device]
17602995701,8544,350205,273,1,1,48,1,1,40,0.000,0.001,,,,,NVIDIA A100-SXM4-40GB MIG 4g.20gb (0),1,,13,"void pusch_noise_intf_est::noiseIntfEstNoDftSOfdmKernel<float, __half, float, float, (unsigned int)2, (unsigned int)1, (unsigned char)4, (unsigned char)4>(pusch_noise_intf_est::puschRxNoiseIntfEstDynDescr)"
17603005205,2848,350216,35,1,1,128,1,1,16,0.000,0.000,,,,,NVIDIA A100-SXM4-40GB MIG 4g.20gb (0),1,,13,cupy_copy__complex64_complex64
17603009173,1856,350225,1,1,1,1,1,1,18,0.000,0.000,,,,,NVIDIA A100-SXM4-40GB MIG 4g.20gb (0),1,,13,cupy_copy__float32_float32
17603016948,1568,350231,,,,,,,,,,0.000,2.551,Device,Pageable,NVIDIA A100-SXM4-40GB MIG 4g.20gb (0),1,,7,[CUDA memcpy Device-to-Host]
17603077780,13024,350242,1434,1,1,128,1,1,16,0.000,0.000,,,,,NVIDIA A100-SXM4-40GB MIG 4g.20gb (0),1,,13,cupy_copy__complex64_complex64
17603104243,2752,350249,103,1,1,128,1,1,16,0.000,0.000,,,,,NVIDIA A100-SXM4-40GB MIG 4g.20gb (0),1,,13,cupy_copy__complex64_complex64
17603123827,2208,350256,35,1,1,128,1,1,16,0.000,0.000,,,,,NVIDIA A100-SXM4-40GB MIG 4g.20gb (0),1,,13,cupy_copy__complex64_complex64
17603142131,1824,350263,1,1,1,1,1,1,18,0.000,0.000,,,,,NVIDIA A100-SXM4-40GB MIG 4g.20gb (0),1,,13,cupy_copy__float32_float32
17603279217,79264,350274,1,1,1,32,32,1,30,0.000,0.000,,,,,NVIDIA A100-SXM4-40GB MIG 4g.20gb (0),1,,13,"void convert_kernel<__half2, float2>(tensor_layout_any, T1 *, tensor_layout_any, const T2 *)"
17603387184,5344,350277,,,,,,,,,,0.094,17532.864,Pinned,Device,NVIDIA A100-SXM4-40GB MIG 4g.20gb (0),1,,13,[CUDA memcpy Host-to-Device]
17603401296,3232,350278,,,,,,,,,,1.547,478533.199,Device,,NVIDIA A100-SXM4-40GB MIG 4g.20gb (0),1,,13,[CUDA memset]
17603408432,3008,350283,,,,,,,,,,0.031,10404.230,Pinned,Device,NVIDIA A100-SXM4-40GB MIG 4g.20gb (0),1,,13,[CUDA memcpy Host-to-Device]
17603413520,9632,350284,,,,,,,,,,0.197,20411.843,Pinned,Device,NVIDIA A100-SXM4-40GB MIG 4g.20gb (0),1,,13,[CUDA memcpy Host-to-Device]
17603426256,5888,350285,273,1,1,8,4,1,39,0.002,0.000,,,,,NVIDIA A100-SXM4-40GB MIG 4g.20gb (0),1,,13,"void channel_eq::eqMmseCoefCompLowMimoKernel<float, float, float, (unsigned int)4, (unsigned int)1, (unsigned int)4>(const channel_eq::_puschRxChEqStatDescr *, channel_eq::_puschRxChEqCoefCompDynDescr)"
17603433328,5504,350286,273,1,1,12,11,1,51,0.002,0.000,,,,,NVIDIA A100-SXM4-40GB MIG 4g.20gb (0),1,,13,"void channel_eq::eqMmseSoftDemapKernel<float, __half, __half, float, (unsigned int)4, (unsigned short)16383>(channel_eq::_puschRxChEqStatDescr *, channel_eq::_puschRxChEqSoftDemapDynDescr)"
17603439824,443003,350287,1,1,1,32,32,1,30,0.000,0.000,,,,,NVIDIA A100-SXM4-40GB MIG 4g.20gb (0),1,,13,"void convert_kernel<float2, __half2>(tensor_layout_any, T1 *, tensor_layout_any, const T2 *)"
17603960458,13568,350299,2253,1,1,128,1,1,16,0.000,0.000,,,,,NVIDIA A100-SXM4-40GB MIG 4g.20gb (0),1,,13,cupy_copy__float16_float16
17603975018,4000,350308,282,1,1,128,1,1,16,0.000,0.000,,,,,NVIDIA A100-SXM4-40GB MIG 4g.20gb (0),1,,13,cupy_copy__complex64_complex64
17603980010,2240,350317,26,1,1,128,1,1,16,0.000,0.000,,,,,NVIDIA A100-SXM4-40GB MIG 4g.20gb (0),1,,13,cupy_copy__float32_float32
17603983306,3104,350326,103,1,1,128,1,1,16,0.000,0.000,,,,,NVIDIA A100-SXM4-40GB MIG 4g.20gb (0),1,,13,cupy_copy__complex64_complex64
17603987530,12351,350336,1434,1,1,128,1,1,16,0.000,0.000,,,,,NVIDIA A100-SXM4-40GB MIG 4g.20gb (0),1,,13,cupy_copy__complex64_complex64
17604001001,94399,350341,1,1,1,32,32,1,30,0.000,0.000,,,,,NVIDIA A100-SXM4-40GB MIG 4g.20gb (0),1,,13,"void convert_kernel<__half2, float2>(tensor_layout_any, T1 *, tensor_layout_any, const T2 *)"
17604124584,5632,350344,,,,,,,,,,0.094,16636.287,Pinned,Device,NVIDIA A100-SXM4-40GB MIG 4g.20gb (0),1,,13,[CUDA memcpy Host-to-Device]
17604185863,602778,350345,,,,,,,,,,456.561,756978.868,Device,,NVIDIA A100-SXM4-40GB MIG 4g.20gb (0),1,,13,[CUDA memset]
17604795040,53472,350350,,,,,,,,,,1.235,23094.688,Pinned,Device,NVIDIA A100-SXM4-40GB MIG 4g.20gb (0),1,,13,[CUDA memcpy Host-to-Device]
17604851392,10176,350351,,,,,,,,,,0.197,19320.668,Pinned,Device,NVIDIA A100-SXM4-40GB MIG 4g.20gb (0),1,,13,[CUDA memcpy Host-to-Device]
17604973950,14432,350352,69,4,1,48,1,1,76,0.002,0.000,,,,,NVIDIA A100-SXM4-40GB MIG 4g.20gb (0),1,,13,"void ch_est::windowedChEstPreNoDftSOfdmKernel<float, __half, float, (unsigned int)2, (unsigned int)1, (unsigned short)4>(ch_est::puschRxChEstStatDescr_t *, ch_est::puschRxChEstDynDescr_t *)"
17605526264,15744,350353,137,2,1,24,2,1,44,0.001,0.001,,,,,NVIDIA A100-SXM4-40GB MIG 4g.20gb (0),1,,13,"void ch_est::chEstFilterNoDftSOfdmDispatchKernel<float, __half, float, (unsigned int)2>(ch_est::puschRxChEstStatDescr_t *, ch_est::puschRxChEstDynDescr_t *)"
17605668151,13664,350354,137,2,1,24,2,1,44,0.001,0.001,,,,,NVIDIA A100-SXM4-40GB MIG 4g.20gb (0),1,,13,"void ch_est::chEstFilterNoDftSOfdmDispatchKernel<float, __half, float, (unsigned int)2>(ch_est::puschRxChEstStatDescr_t *, ch_est::puschRxChEstDynDescr_t *)"
17606218416,4896,350365,103,1,1,128,1,1,16,0.000,0.000,,,,,NVIDIA A100-SXM4-40GB MIG 4g.20gb (0),1,,13,cupy_copy__complex64_complex64
17606631788,23136,350375,1434,1,1,128,1,1,16,0.000,0.000,,,,,NVIDIA A100-SXM4-40GB MIG 4g.20gb (0),1,,13,cupy_copy__complex64_complex64
17606781386,4800,350382,103,1,1,128,1,1,16,0.000,0.000,,,,,NVIDIA A100-SXM4-40GB MIG 4g.20gb (0),1,,13,cupy_copy__complex64_complex64
17607198245,296477,350389,1,1,1,32,32,1,30,0.000,0.000,,,,,NVIDIA A100-SXM4-40GB MIG 4g.20gb (0),1,,13,"void convert_kernel<__half2, float2>(tensor_layout_any, T1 *, tensor_layout_any, const T2 *)"
17607522434,5376,350392,,,,,,,,,,0.094,17428.487,Pinned,Device,NVIDIA A100-SXM4-40GB MIG 4g.20gb (0),1,,13,[CUDA memcpy Host-to-Device]
17607884222,48959,350393,,,,,,,,,,35.810,731417.616,Device,,NVIDIA A100-SXM4-40GB MIG 4g.20gb (0),1,,13,[CUDA memset]
17607939677,1856,350395,,,,,,,,,,0.000,43.103,Pinned,Device,NVIDIA A100-SXM4-40GB MIG 4g.20gb (0),1,,13,[CUDA memcpy Host-to-Device]
17607944061,9344,350396,,,,,,,,,,0.197,21040.988,Pinned,Device,NVIDIA A100-SXM4-40GB MIG 4g.20gb (0),1,,13,[CUDA memcpy Host-to-Device]
17608342745,15295,350397,273,1,1,48,1,1,40,0.000,0.001,,,,,NVIDIA A100-SXM4-40GB MIG 4g.20gb (0),1,,13,"void pusch_noise_intf_est::noiseIntfEstNoDftSOfdmKernel<float, __half, float, float, (unsigned int)2, (unsigned int)1, (unsigned char)4, (unsigned char)4>(pusch_noise_intf_est::puschRxNoiseIntfEstDynDescr)"
17608746292,8480,350408,35,1,1,128,1,1,16,0.000,0.000,,,,,NVIDIA A100-SXM4-40GB MIG 4g.20gb (0),1,,13,cupy_copy__complex64_complex64
17608757012,3040,350417,1,1,1,1,1,1,18,0.000,0.000,,,,,NVIDIA A100-SXM4-40GB MIG 4g.20gb (0),1,,13,cupy_copy__float32_float32
17608760724,1696,350423,,,,,,,,,,0.000,2.358,Device,Pageable,NVIDIA A100-SXM4-40GB MIG 4g.20gb (0),1,,7,[CUDA memcpy Device-to-Host]
17609149360,20447,350434,1434,1,1,128,1,1,16,0.000,0.000,,,,,NVIDIA A100-SXM4-40GB MIG 4g.20gb (0),1,,13,cupy_copy__complex64_complex64
17609171919,3488,350441,103,1,1,128,1,1,16,0.000,0.000,,,,,NVIDIA A100-SXM4-40GB MIG 4g.20gb (0),1,,13,cupy_copy__complex64_complex64
17609558571,8576,350448,35,1,1,128,1,1,16,0.000,0.000,,,,,NVIDIA A100-SXM4-40GB MIG 4g.20gb (0),1,,13,cupy_copy__complex64_complex64
17609569163,2848,350455,1,1,1,1,1,1,18,0.000,0.000,,,,,NVIDIA A100-SXM4-40GB MIG 4g.20gb (0),1,,13,cupy_copy__float32_float32
17609964102,182014,350466,1,1,1,32,32,1,30,0.000,0.000,,,,,NVIDIA A100-SXM4-40GB MIG 4g.20gb (0),1,,13,"void convert_kernel<__half2, float2>(tensor_layout_any, T1 *, tensor_layout_any, const T2 *)"
17610175076,5376,350469,,,,,,,,,,0.094,17428.487,Pinned,Device,NVIDIA A100-SXM4-40GB MIG 4g.20gb (0),1,,13,[CUDA memcpy Host-to-Device]
17610188932,3648,350470,,,,,,,,,,1.547,423963.664,Device,,NVIDIA A100-SXM4-40GB MIG 4g.20gb (0),1,,13,[CUDA memset]
17610196132,3008,350475,,,,,,,,,,0.031,10404.230,Pinned,Device,NVIDIA A100-SXM4-40GB MIG 4g.20gb (0),1,,13,[CUDA memcpy Host-to-Device]
17610201220,9280,350476,,,,,,,,,,0.197,21186.085,Pinned,Device,NVIDIA A100-SXM4-40GB MIG 4g.20gb (0),1,,13,[CUDA memcpy Host-to-Device]
17610213636,6848,350477,273,1,1,8,4,1,39,0.002,0.000,,,,,NVIDIA A100-SXM4-40GB MIG 4g.20gb (0),1,,13,"void channel_eq::eqMmseCoefCompLowMimoKernel<float, float, float, (unsigned int)4, (unsigned int)1, (unsigned int)4>(const channel_eq::_puschRxChEqStatDescr *, channel_eq::_puschRxChEqCoefCompDynDescr)"
17610221444,5631,350478,273,1,1,12,11,1,51,0.002,0.000,,,,,NVIDIA A100-SXM4-40GB MIG 4g.20gb (0),1,,13,"void channel_eq::eqMmseSoftDemapKernel<float, __half, __half, float, (unsigned int)4, (unsigned short)16383>(channel_eq::_puschRxChEqStatDescr *, channel_eq::_puschRxChEqSoftDemapDynDescr)"
17610228163,281501,350479,1,1,1,32,32,1,30,0.000,0.000,,,,,NVIDIA A100-SXM4-40GB MIG 4g.20gb (0),1,,13,"void convert_kernel<float2, __half2>(tensor_layout_any, T1 *, tensor_layout_any, const T2 *)"
17610510880,10464,350491,2253,1,1,128,1,1,16,0.000,0.000,,,,,NVIDIA A100-SXM4-40GB MIG 4g.20gb (0),1,,13,cupy_copy__float16_float16
17610522496,2848,350500,282,1,1,128,1,1,16,0.000,0.000,,,,,NVIDIA A100-SXM4-40GB MIG 4g.20gb (0),1,,13,cupy_copy__complex64_complex64
17610526368,2048,350509,26,1,1,128,1,1,16,0.000,0.000,,,,,NVIDIA A100-SXM4-40GB MIG 4g.20gb (0),1,,13,cupy_copy__float32_float32
17610529440,2816,350518,103,1,1,128,1,1,16,0.000,0.000,,,,,NVIDIA A100-SXM4-40GB MIG 4g.20gb (0),1,,13,cupy_copy__complex64_complex64
17610533408,12128,350528,1434,1,1,128,1,1,16,0.000,0.000,,,,,NVIDIA A100-SXM4-40GB MIG 4g.20gb (0),1,,13,cupy_copy__complex64_complex64
17610584511,79104,350533,1,1,1,32,32,1,30,0.000,0.000,,,,,NVIDIA A100-SXM4-40GB MIG 4g.20gb (0),1,,13,"void convert_kernel<__half2, float2>(tensor_layout_any, T1 *, tensor_layout_any, const T2 *)"
17610691614,5312,350536,,,,,,,,,,0.094,17638.553,Pinned,Device,NVIDIA A100-SXM4-40GB MIG 4g.20gb (0),1,,13,[CUDA memcpy Host-to-Device]
17610701758,601881,350537,,,,,,,,,,456.561,758348.552,Device,,NVIDIA A100-SXM4-40GB MIG 4g.20gb (0),1,,13,[CUDA memset]
17611310263,49184,350542,,,,,,,,,,1.235,25107.646,Pinned,Device,NVIDIA A100-SXM4-40GB MIG 4g.20gb (0),1,,13,[CUDA memcpy Host-to-Device]
17611361879,9504,350543,,,,,,,,,,0.197,20686.701,Pinned,Device,NVIDIA A100-SXM4-40GB MIG 4g.20gb (0),1,,13,[CUDA memcpy Host-to-Device]
17611442518,11744,350544,69,4,1,48,1,1,76,0.002,0.000,,,,,NVIDIA A100-SXM4-40GB MIG 4g.20gb (0),1,,13,"void ch_est::windowedChEstPreNoDftSOfdmKernel<float, __half, float, (unsigned int)2, (unsigned int)1, (unsigned short)4>(ch_est::puschRxChEstStatDescr_t *, ch_est::puschRxChEstDynDescr_t *)"
17611455414,7744,350545,137,2,1,24,2,1,44,0.001,0.001,,,,,NVIDIA A100-SXM4-40GB MIG 4g.20gb (0),1,,13,"void ch_est::chEstFilterNoDftSOfdmDispatchKernel<float, __half, float, (unsigned int)2>(ch_est::puschRxChEstStatDescr_t *, ch_est::puschRxChEstDynDescr_t *)"
17611546037,21663,350546,137,2,1,24,2,1,44,0.001,0.001,,,,,NVIDIA A100-SXM4-40GB MIG 4g.20gb (0),1,,13,"void ch_est::chEstFilterNoDftSOfdmDispatchKernel<float, __half, float, (unsigned int)2>(ch_est::puschRxChEstStatDescr_t *, ch_est::puschRxChEstDynDescr_t *)"
17611601076,5600,350557,103,1,1,128,1,1,16,0.000,0.000,,,,,NVIDIA A100-SXM4-40GB MIG 4g.20gb (0),1,,13,cupy_copy__complex64_complex64
17611838481,17088,350567,1434,1,1,128,1,1,16,0.000,0.000,,,,,NVIDIA A100-SXM4-40GB MIG 4g.20gb (0),1,,13,cupy_copy__complex64_complex64
17612174222,3488,350574,103,1,1,128,1,1,16,0.000,0.000,,,,,NVIDIA A100-SXM4-40GB MIG 4g.20gb (0),1,,13,cupy_copy__complex64_complex64
17612258605,264893,350581,1,1,1,32,32,1,30,0.000,0.000,,,,,NVIDIA A100-SXM4-40GB MIG 4g.20gb (0),1,,13,"void convert_kernel<__half2, float2>(tensor_layout_any, T1 *, tensor_layout_any, const T2 *)"
17612551689,6048,350584,,,,,,,,,,0.094,15491.978,Pinned,Device,NVIDIA A100-SXM4-40GB MIG 4g.20gb (0),1,,13,[CUDA memcpy Host-to-Device]
17612831398,47360,350585,,,,,,,,,,35.810,756090.651,Device,,NVIDIA A100-SXM4-40GB MIG 4g.20gb (0),1,,13,[CUDA memset]
17612883654,2880,350587,,,,,,,,,,0.000,27.778,Pinned,Device,NVIDIA A100-SXM4-40GB MIG 4g.20gb (0),1,,13,[CUDA memcpy Host-to-Device]
17612889862,9983,350588,,,,,,,,,,0.197,19694.223,Pinned,Device,NVIDIA A100-SXM4-40GB MIG 4g.20gb (0),1,,13,[CUDA memcpy Host-to-Device]
17613206914,18240,350589,273,1,1,48,1,1,40,0.000,0.001,,,,,NVIDIA A100-SXM4-40GB MIG 4g.20gb (0),1,,13,"void pusch_noise_intf_est::noiseIntfEstNoDftSOfdmKernel<float, __half, float, float, (unsigned int)2, (unsigned int)1, (unsigned char)4, (unsigned char)4>(pusch_noise_intf_est::puschRxNoiseIntfEstDynDescr)"
17613532414,3488,350600,35,1,1,128,1,1,16,0.000,0.000,,,,,NVIDIA A100-SXM4-40GB MIG 4g.20gb (0),1,,13,cupy_copy__complex64_complex64
17613618717,5920,350609,1,1,1,1,1,1,18,0.000,0.000,,,,,NVIDIA A100-SXM4-40GB MIG 4g.20gb (0),1,,13,cupy_copy__float32_float32
17613632189,1600,350615,,,,,,,,,,0.000,2.500,Device,Pageable,NVIDIA A100-SXM4-40GB MIG 4g.20gb (0),1,,7,[CUDA memcpy Device-to-Host]
17613941562,19839,350626,1434,1,1,128,1,1,16,0.000,0.000,,,,,NVIDIA A100-SXM4-40GB MIG 4g.20gb (0),1,,13,cupy_copy__complex64_complex64
17614187991,3936,350633,103,1,1,128,1,1,16,0.000,0.000,,,,,NVIDIA A100-SXM4-40GB MIG 4g.20gb (0),1,,13,cupy_copy__complex64_complex64
17614273462,6368,350640,35,1,1,128,1,1,16,0.000,0.000,,,,,NVIDIA A100-SXM4-40GB MIG 4g.20gb (0),1,,13,cupy_copy__complex64_complex64
17614509811,2976,350647,1,1,1,1,1,1,18,0.000,0.000,,,,,NVIDIA A100-SXM4-40GB MIG 4g.20gb (0),1,,13,cupy_copy__float32_float32
17614514611,221150,350658,1,1,1,32,32,1,30,0.000,0.000,,,,,NVIDIA A100-SXM4-40GB MIG 4g.20gb (0),1,,13,"void convert_kernel<__half2, float2>(tensor_layout_any, T1 *, tensor_layout_any, const T2 *)"
17614763920,5344,350661,,,,,,,,,,0.094,17532.864,Pinned,Device,NVIDIA A100-SXM4-40GB MIG 4g.20gb (0),1,,13,[CUDA memcpy Host-to-Device]
17614778032,3680,350662,,,,,,,,,,1.547,420278.059,Device,,NVIDIA A100-SXM4-40GB MIG 4g.20gb (0),1,,13,[CUDA memset]
17614785040,3008,350667,,,,,,,,,,0.031,10404.230,Pinned,Device,NVIDIA A100-SXM4-40GB MIG 4g.20gb (0),1,,13,[CUDA memcpy Host-to-Device]
17614790128,9280,350668,,,,,,,,,,0.197,21186.085,Pinned,Device,NVIDIA A100-SXM4-40GB MIG 4g.20gb (0),1,,13,[CUDA memcpy Host-to-Device]
17614802512,6944,350669,273,1,1,8,4,1,39,0.002,0.000,,,,,NVIDIA A100-SXM4-40GB MIG 4g.20gb (0),1,,13,"void channel_eq::eqMmseCoefCompLowMimoKernel<float, float, float, (unsigned int)4, (unsigned int)1, (unsigned int)4>(const channel_eq::_puschRxChEqStatDescr *, channel_eq::_puschRxChEqCoefCompDynDescr)"
17614810608,6688,350670,273,1,1,12,11,1,51,0.002,0.000,,,,,NVIDIA A100-SXM4-40GB MIG 4g.20gb (0),1,,13,"void channel_eq::eqMmseSoftDemapKernel<float, __half, __half, float, (unsigned int)4, (unsigned short)16383>(channel_eq::_puschRxChEqStatDescr *, channel_eq::_puschRxChEqSoftDemapDynDescr)"
17614818320,281309,350671,1,1,1,32,32,1,30,0.000,0.000,,,,,NVIDIA A100-SXM4-40GB MIG 4g.20gb (0),1,,13,"void convert_kernel<float2, __half2>(tensor_layout_any, T1 *, tensor_layout_any, const T2 *)"
17615100621,10528,350683,2253,1,1,128,1,1,16,0.000,0.000,,,,,NVIDIA A100-SXM4-40GB MIG 4g.20gb (0),1,,13,cupy_copy__float16_float16
17615112237,2848,350692,282,1,1,128,1,1,16,0.000,0.000,,,,,NVIDIA A100-SXM4-40GB MIG 4g.20gb (0),1,,13,cupy_copy__complex64_complex64
17615116109,2079,350701,26,1,1,128,1,1,16,0.000,0.000,,,,,NVIDIA A100-SXM4-40GB MIG 4g.20gb (0),1,,13,cupy_copy__float32_float32
17615119308,2880,350710,103,1,1,128,1,1,16,0.000,0.000,,,,,NVIDIA A100-SXM4-40GB MIG 4g.20gb (0),1,,13,cupy_copy__complex64_complex64
17615123276,11904,350720,1434,1,1,128,1,1,16,0.000,0.000,,,,,NVIDIA A100-SXM4-40GB MIG 4g.20gb (0),1,,13,cupy_copy__complex64_complex64
17615166572,79679,350725,1,1,1,32,32,1,30,0.000,0.000,,,,,NVIDIA A100-SXM4-40GB MIG 4g.20gb (0),1,,13,"void convert_kernel<__half2, float2>(tensor_layout_any, T1 *, tensor_layout_any, const T2 *)"
17615273963,5312,350728,,,,,,,,,,0.094,17638.553,Pinned,Device,NVIDIA A100-SXM4-40GB MIG 4g.20gb (0),1,,13,[CUDA memcpy Host-to-Device]
17615284459,591385,350729,,,,,,,,,,456.561,771588.834,Device,,NVIDIA A100-SXM4-40GB MIG 4g.20gb (0),1,,13,[CUDA memset]
17615882756,48383,350734,,,,,,,,,,1.235,25523.823,Pinned,Device,NVIDIA A100-SXM4-40GB MIG 4g.20gb (0),1,,13,[CUDA memcpy Host-to-Device]
17615933219,9312,350735,,,,,,,,,,0.197,21113.340,Pinned,Device,NVIDIA A100-SXM4-40GB MIG 4g.20gb (0),1,,13,[CUDA memcpy Host-to-Device]
17615945667,7488,350736,69,4,1,48,1,1,76,0.002,0.000,,,,,NVIDIA A100-SXM4-40GB MIG 4g.20gb (0),1,,13,"void ch_est::windowedChEstPreNoDftSOfdmKernel<float, __half, float, (unsigned int)2, (unsigned int)1, (unsigned short)4>(ch_est::puschRxChEstStatDescr_t *, ch_est::puschRxChEstDynDescr_t *)"
17615954179,6784,350737,137,2,1,24,2,1,44,0.001,0.001,,,,,NVIDIA A100-SXM4-40GB MIG 4g.20gb (0),1,,13,"void ch_est::chEstFilterNoDftSOfdmDispatchKernel<float, __half, float, (unsigned int)2>(ch_est::puschRxChEstStatDescr_t *, ch_est::puschRxChEstDynDescr_t *)"
17615962051,4704,350738,137,2,1,24,2,1,44,0.001,0.001,,,,,NVIDIA A100-SXM4-40GB MIG 4g.20gb (0),1,,13,"void ch_est::chEstFilterNoDftSOfdmDispatchKernel<float, __half, float, (unsigned int)2>(ch_est::puschRxChEstStatDescr_t *, ch_est::puschRxChEstDynDescr_t *)"
17615967843,2528,350749,103,1,1,128,1,1,16,0.000,0.000,,,,,NVIDIA A100-SXM4-40GB MIG 4g.20gb (0),1,,13,cupy_copy__complex64_complex64
17615971523,12640,350759,1434,1,1,128,1,1,16,0.000,0.000,,,,,NVIDIA A100-SXM4-40GB MIG 4g.20gb (0),1,,13,cupy_copy__complex64_complex64
17615985155,2496,350766,103,1,1,128,1,1,16,0.000,0.000,,,,,NVIDIA A100-SXM4-40GB MIG 4g.20gb (0),1,,13,cupy_copy__complex64_complex64
17615988675,79839,350773,1,1,1,32,32,1,30,0.000,0.000,,,,,NVIDIA A100-SXM4-40GB MIG 4g.20gb (0),1,,13,"void convert_kernel<__half2, float2>(tensor_layout_any, T1 *, tensor_layout_any, const T2 *)"
17616096962,5343,350776,,,,,,,,,,0.094,17536.143,Pinned,Device,NVIDIA A100-SXM4-40GB MIG 4g.20gb (0),1,,13,[CUDA memcpy Host-to-Device]
17616109313,48608,350777,,,,,,,,,,35.810,736681.674,Device,,NVIDIA A100-SXM4-40GB MIG 4g.20gb (0),1,,13,[CUDA memset]
17616162913,2208,350779,,,,,,,,,,0.000,36.232,Pinned,Device,NVIDIA A100-SXM4-40GB MIG 4g.20gb (0),1,,13,[CUDA memcpy Host-to-Device]
17616168865,10112,350780,,,,,,,,,,0.197,19442.958,Pinned,Device,NVIDIA A100-SXM4-40GB MIG 4g.20gb (0),1,,13,[CUDA memcpy Host-to-Device]
17616205952,17984,350781,273,1,1,48,1,1,40,0.000,0.001,,,,,NVIDIA A100-SXM4-40GB MIG 4g.20gb (0),1,,13,"void pusch_noise_intf_est::noiseIntfEstNoDftSOfdmKernel<float, __half, float, float, (unsigned int)2, (unsigned int)1, (unsigned char)4, (unsigned char)4>(pusch_noise_intf_est::puschRxNoiseIntfEstDynDescr)"
17616321599,3360,350792,35,1,1,128,1,1,16,0.000,0.000,,,,,NVIDIA A100-SXM4-40GB MIG 4g.20gb (0),1,,13,cupy_copy__complex64_complex64
17616326143,2880,350801,1,1,1,1,1,1,18,0.000,0.000,,,,,NVIDIA A100-SXM4-40GB MIG 4g.20gb (0),1,,13,cupy_copy__float32_float32
17616336415,1600,350807,,,,,,,,,,0.000,2.500,Device,Pageable,NVIDIA A100-SXM4-40GB MIG 4g.20gb (0),1,,7,[CUDA memcpy Device-to-Host]
17616446718,15071,350818,1434,1,1,128,1,1,16,0.000,0.000,,,,,NVIDIA A100-SXM4-40GB MIG 4g.20gb (0),1,,13,cupy_copy__complex64_complex64
17616463485,3200,350825,103,1,1,128,1,1,16,0.000,0.000,,,,,NVIDIA A100-SXM4-40GB MIG 4g.20gb (0),1,,13,cupy_copy__complex64_complex64
17616470909,2560,350832,35,1,1,128,1,1,16,0.000,0.000,,,,,NVIDIA A100-SXM4-40GB MIG 4g.20gb (0),1,,13,cupy_copy__complex64_complex64
17616474461,1984,350839,1,1,1,1,1,1,18,0.000,0.000,,,,,NVIDIA A100-SXM4-40GB MIG 4g.20gb (0),1,,13,cupy_copy__float32_float32
17616649915,317053,350850,1,1,1,32,32,1,30,0.000,0.000,,,,,NVIDIA A100-SXM4-40GB MIG 4g.20gb (0),1,,13,"void convert_kernel<__half2, float2>(tensor_layout_any, T1 *, tensor_layout_any, const T2 *)"
17616995159,5536,350853,,,,,,,,,,0.094,16924.777,Pinned,Device,NVIDIA A100-SXM4-40GB MIG 4g.20gb (0),1,,13,[CUDA memcpy Host-to-Device]
17617022039,4192,350854,,,,,,,,,,1.547,368945.609,Device,,NVIDIA A100-SXM4-40GB MIG 4g.20gb (0),1,,13,[CUDA memset]
17617026775,3488,350859,,,,,,,,,,0.031,8972.469,Pinned,Device,NVIDIA A100-SXM4-40GB MIG 4g.20gb (0),1,,13,[CUDA memcpy Host-to-Device]
17617032695,9408,350860,,,,,,,,,,0.197,20897.858,Pinned,Device,NVIDIA A100-SXM4-40GB MIG 4g.20gb (0),1,,13,[CUDA memcpy Host-to-Device]
17617145334,10624,350861,273,1,1,8,4,1,39,0.002,0.000,,,,,NVIDIA A100-SXM4-40GB MIG 4g.20gb (0),1,,13,"void channel_eq::eqMmseCoefCompLowMimoKernel<float, float, float, (unsigned int)4, (unsigned int)1, (unsigned int)4>(const channel_eq::_puschRxChEqStatDescr *, channel_eq::_puschRxChEqCoefCompDynDescr)"
17617156950,7520,350862,273,1,1,12,11,1,51,0.002,0.000,,,,,NVIDIA A100-SXM4-40GB MIG 4g.20gb (0),1,,13,"void channel_eq::eqMmseSoftDemapKernel<float, __half, __half, float, (unsigned int)4, (unsigned short)16383>(channel_eq::_puschRxChEqStatDescr *, channel_eq::_puschRxChEqSoftDemapDynDescr)"
17617275188,793335,350863,1,1,1,32,32,1,30,0.000,0.000,,,,,NVIDIA A100-SXM4-40GB MIG 4g.20gb (0),1,,13,"void convert_kernel<float2, __half2>(tensor_layout_any, T1 *, tensor_layout_any, const T2 *)"
17618209066,13824,350875,2253,1,1,128,1,1,16,0.000,0.000,,,,,NVIDIA A100-SXM4-40GB MIG 4g.20gb (0),1,,13,cupy_copy__float16_float16
17618302409,9248,350884,282,1,1,128,1,1,16,0.000,0.000,,,,,NVIDIA A100-SXM4-40GB MIG 4g.20gb (0),1,,13,cupy_copy__complex64_complex64
17618435655,3584,350893,26,1,1,128,1,1,16,0.000,0.000,,,,,NVIDIA A100-SXM4-40GB MIG 4g.20gb (0),1,,13,cupy_copy__float32_float32
17618515238,15776,350902,103,1,1,128,1,1,16,0.000,0.000,,,,,NVIDIA A100-SXM4-40GB MIG 4g.20gb (0),1,,13,cupy_copy__complex64_complex64
17618652293,16896,350912,1434,1,1,128,1,1,16,0.000,0.000,,,,,NVIDIA A100-SXM4-40GB MIG 4g.20gb (0),1,,13,cupy_copy__complex64_complex64
17618749412,333852,350917,1,1,1,32,32,1,30,0.000,0.000,,,,,NVIDIA A100-SXM4-40GB MIG 4g.20gb (0),1,,13,"void convert_kernel<__half2, float2>(tensor_layout_any, T1 *, tensor_layout_any, const T2 *)"
17619111776,5600,350920,,,,,,,,,,0.094,16731.388,Pinned,Device,NVIDIA A100-SXM4-40GB MIG 4g.20gb (0),1,,13,[CUDA memcpy Host-to-Device]
17619308765,610298,350921,,,,,,,,,,456.561,747847.639,Device,,NVIDIA A100-SXM4-40GB MIG 4g.20gb (0),1,,13,[CUDA memset]
17619926486,50240,350926,,,,,,,,,,1.235,24580.325,Pinned,Device,NVIDIA A100-SXM4-40GB MIG 4g.20gb (0),1,,13,[CUDA memcpy Host-to-Device]
17619979158,9536,350927,,,,,,,,,,0.197,20617.298,Pinned,Device,NVIDIA A100-SXM4-40GB MIG 4g.20gb (0),1,,13,[CUDA memcpy Host-to-Device]
17619993814,14336,350928,69,4,1,48,1,1,76,0.002,0.000,,,,,NVIDIA A100-SXM4-40GB MIG 4g.20gb (0),1,,13,"void ch_est::windowedChEstPreNoDftSOfdmKernel<float, __half, float, (unsigned int)2, (unsigned int)1, (unsigned short)4>(ch_est::puschRxChEstStatDescr_t *, ch_est::puschRxChEstDynDescr_t *)"
17620009750,11711,350929,137,2,1,24,2,1,44,0.001,0.001,,,,,NVIDIA A100-SXM4-40GB MIG 4g.20gb (0),1,,13,"void ch_est::chEstFilterNoDftSOfdmDispatchKernel<float, __half, float, (unsigned int)2>(ch_est::puschRxChEstStatDescr_t *, ch_est::puschRxChEstDynDescr_t *)"
17620023541,5312,350930,137,2,1,24,2,1,44,0.001,0.001,,,,,NVIDIA A100-SXM4-40GB MIG 4g.20gb (0),1,,13,"void ch_est::chEstFilterNoDftSOfdmDispatchKernel<float, __half, float, (unsigned int)2>(ch_est::puschRxChEstStatDescr_t *, ch_est::puschRxChEstDynDescr_t *)"
17620091893,6880,350941,103,1,1,128,1,1,16,0.000,0.000,,,,,NVIDIA A100-SXM4-40GB MIG 4g.20gb (0),1,,13,cupy_copy__complex64_complex64
17620100437,28447,350951,1434,1,1,128,1,1,16,0.000,0.000,,,,,NVIDIA A100-SXM4-40GB MIG 4g.20gb (0),1,,13,cupy_copy__complex64_complex64
17620129908,2560,350958,103,1,1,128,1,1,16,0.000,0.000,,,,,NVIDIA A100-SXM4-40GB MIG 4g.20gb (0),1,,13,cupy_copy__complex64_complex64
17620133428,78911,350965,1,1,1,32,32,1,30,0.000,0.000,,,,,NVIDIA A100-SXM4-40GB MIG 4g.20gb (0),1,,13,"void convert_kernel<__half2, float2>(tensor_layout_any, T1 *, tensor_layout_any, const T2 *)"
17620240307,5344,350968,,,,,,,,,,0.094,17532.864,Pinned,Device,NVIDIA A100-SXM4-40GB MIG 4g.20gb (0),1,,13,[CUDA memcpy Host-to-Device]
17620252915,46367,350969,,,,,,,,,,35.810,772312.545,Device,,NVIDIA A100-SXM4-40GB MIG 4g.20gb (0),1,,13,[CUDA memset]
17620303314,1952,350971,,,,,,,,,,0.000,40.984,Pinned,Device,NVIDIA A100-SXM4-40GB MIG 4g.20gb (0),1,,13,[CUDA memcpy Host-to-Device]
17620307346,9216,350972,,,,,,,,,,0.197,21333.148,Pinned,Device,NVIDIA A100-SXM4-40GB MIG 4g.20gb (0),1,,13,[CUDA memcpy Host-to-Device]
17620319538,8288,350973,273,1,1,48,1,1,40,0.000,0.001,,,,,NVIDIA A100-SXM4-40GB MIG 4g.20gb (0),1,,13,"void pusch_noise_intf_est::noiseIntfEstNoDftSOfdmKernel<float, __half, float, float, (unsigned int)2, (unsigned int)1, (unsigned char)4, (unsigned char)4>(pusch_noise_intf_est::puschRxNoiseIntfEstDynDescr)"
17620334194,2784,350984,35,1,1,128,1,1,16,0.000,0.000,,,,,NVIDIA A100-SXM4-40GB MIG 4g.20gb (0),1,,13,cupy_copy__complex64_complex64
17620370417,1856,350993,1,1,1,1,1,1,18,0.000,0.000,,,,,NVIDIA A100-SXM4-40GB MIG 4g.20gb (0),1,,13,cupy_copy__float32_float32
17620404721,1888,350999,,,,,,,,,,0.000,2.119,Device,Pageable,NVIDIA A100-SXM4-40GB MIG 4g.20gb (0),1,,7,[CUDA memcpy Device-to-Host]
17620464048,13120,351010,1434,1,1,128,1,1,16,0.000,0.000,,,,,NVIDIA A100-SXM4-40GB MIG 4g.20gb (0),1,,13,cupy_copy__complex64_complex64
17620490096,2688,351017,103,1,1,128,1,1,16,0.000,0.000,,,,,NVIDIA A100-SXM4-40GB MIG 4g.20gb (0),1,,13,cupy_copy__complex64_complex64
17620510032,2176,351024,35,1,1,128,1,1,16,0.000,0.000,,,,,NVIDIA A100-SXM4-40GB MIG 4g.20gb (0),1,,13,cupy_copy__complex64_complex64
17620527536,1824,351031,1,1,1,1,1,1,18,0.000,0.000,,,,,NVIDIA A100-SXM4-40GB MIG 4g.20gb (0),1,,13,cupy_copy__float32_float32
17620665518,80159,351042,1,1,1,32,32,1,30,0.000,0.000,,,,,NVIDIA A100-SXM4-40GB MIG 4g.20gb (0),1,,13,"void convert_kernel<__half2, float2>(tensor_layout_any, T1 *, tensor_layout_any, const T2 *)"
17620773613,5344,351045,,,,,,,,,,0.094,17532.864,Pinned,Device,NVIDIA A100-SXM4-40GB MIG 4g.20gb (0),1,,13,[CUDA memcpy Host-to-Device]
17620788077,3232,351046,,,,,,,,,,1.547,478533.199,Device,,NVIDIA A100-SXM4-40GB MIG 4g.20gb (0),1,,13,[CUDA memset]
17620795085,3008,351051,,,,,,,,,,0.031,10404.230,Pinned,Device,NVIDIA A100-SXM4-40GB MIG 4g.20gb (0),1,,13,[CUDA memcpy Host-to-Device]
17620800173,9312,351052,,,,,,,,,,0.197,21113.340,Pinned,Device,NVIDIA A100-SXM4-40GB MIG 4g.20gb (0),1,,13,[CUDA memcpy Host-to-Device]
17620812557,6143,351053,273,1,1,8,4,1,39,0.002,0.000,,,,,NVIDIA A100-SXM4-40GB MIG 4g.20gb (0),1,,13,"void channel_eq::eqMmseCoefCompLowMimoKernel<float, float, float, (unsigned int)4, (unsigned int)1, (unsigned int)4>(const channel_eq::_puschRxChEqStatDescr *, channel_eq::_puschRxChEqCoefCompDynDescr)"
17620819756,5632,351054,273,1,1,12,11,1,51,0.002,0.000,,,,,NVIDIA A100-SXM4-40GB MIG 4g.20gb (0),1,,13,"void channel_eq::eqMmseSoftDemapKernel<float, __half, __half, float, (unsigned int)4, (unsigned short)16383>(channel_eq::_puschRxChEqStatDescr *, channel_eq::_puschRxChEqSoftDemapDynDescr)"
17620826508,281149,351055,1,1,1,32,32,1,30,0.000,0.000,,,,,NVIDIA A100-SXM4-40GB MIG 4g.20gb (0),1,,13,"void convert_kernel<float2, __half2>(tensor_layout_any, T1 *, tensor_layout_any, const T2 *)"
17621108777,10528,351067,2253,1,1,128,1,1,16,0.000,0.000,,,,,NVIDIA A100-SXM4-40GB MIG 4g.20gb (0),1,,13,cupy_copy__float16_float16
17621120425,2848,351076,282,1,1,128,1,1,16,0.000,0.000,,,,,NVIDIA A100-SXM4-40GB MIG 4g.20gb (0),1,,13,cupy_copy__complex64_complex64
17621124329,2016,351085,26,1,1,128,1,1,16,0.000,0.000,,,,,NVIDIA A100-SXM4-40GB MIG 4g.20gb (0),1,,13,cupy_copy__float32_float32
17621127369,2848,351094,103,1,1,128,1,1,16,0.000,0.000,,,,,NVIDIA A100-SXM4-40GB MIG 4g.20gb (0),1,,13,cupy_copy__complex64_complex64
17621131337,11552,351104,1434,1,1,128,1,1,16,0.000,0.000,,,,,NVIDIA A100-SXM4-40GB MIG 4g.20gb (0),1,,13,cupy_copy__complex64_complex64
17621176680,282301,351109,1,1,1,32,32,1,30,0.000,0.000,,,,,NVIDIA A100-SXM4-40GB MIG 4g.20gb (0),1,,13,"void convert_kernel<__half2, float2>(tensor_layout_any, T1 *, tensor_layout_any, const T2 *)"
17621485701,5312,351112,,,,,,,,,,0.094,17638.553,Pinned,Device,NVIDIA A100-SXM4-40GB MIG 4g.20gb (0),1,,13,[CUDA memcpy Host-to-Device]
17621496037,599929,351113,,,,,,,,,,456.561,760631.359,Device,,NVIDIA A100-SXM4-40GB MIG 4g.20gb (0),1,,13,[CUDA memset]
17622096542,50976,351118,,,,,,,,,,1.235,24225.896,Pinned,Device,NVIDIA A100-SXM4-40GB MIG 4g.20gb (0),1,,13,[CUDA memcpy Host-to-Device]
17622150302,10879,351119,,,,,,,,,,0.197,18072.207,Pinned,Device,NVIDIA A100-SXM4-40GB MIG 4g.20gb (0),1,,13,[CUDA memcpy Host-to-Device]
17622182557,13216,351120,69,4,1,48,1,1,76,0.002,0.000,,,,,NVIDIA A100-SXM4-40GB MIG 4g.20gb (0),1,,13,"void ch_est::windowedChEstPreNoDftSOfdmKernel<float, __half, float, (unsigned int)2, (unsigned int)1, (unsigned short)4>(ch_est::puschRxChEstStatDescr_t *, ch_est::puschRxChEstDynDescr_t *)"
17622197277,6592,351121,137,2,1,24,2,1,44,0.001,0.001,,,,,NVIDIA A100-SXM4-40GB MIG 4g.20gb (0),1,,13,"void ch_est::chEstFilterNoDftSOfdmDispatchKernel<float, __half, float, (unsigned int)2>(ch_est::puschRxChEstStatDescr_t *, ch_est::puschRxChEstDynDescr_t *)"
17622287900,12096,351122,137,2,1,24,2,1,44,0.001,0.001,,,,,NVIDIA A100-SXM4-40GB MIG 4g.20gb (0),1,,13,"void ch_est::chEstFilterNoDftSOfdmDispatchKernel<float, __half, float, (unsigned int)2>(ch_est::puschRxChEstStatDescr_t *, ch_est::puschRxChEstDynDescr_t *)"
17622301628,3264,351133,103,1,1,128,1,1,16,0.000,0.000,,,,,NVIDIA A100-SXM4-40GB MIG 4g.20gb (0),1,,13,cupy_copy__complex64_complex64
17622390843,19840,351143,1434,1,1,128,1,1,16,0.000,0.000,,,,,NVIDIA A100-SXM4-40GB MIG 4g.20gb (0),1,,13,cupy_copy__complex64_complex64
17622411835,3584,351150,103,1,1,128,1,1,16,0.000,0.000,,,,,NVIDIA A100-SXM4-40GB MIG 4g.20gb (0),1,,13,cupy_copy__complex64_complex64
17622498074,338684,351157,1,1,1,32,32,1,30,0.000,0.000,,,,,NVIDIA A100-SXM4-40GB MIG 4g.20gb (0),1,,13,"void convert_kernel<__half2, float2>(tensor_layout_any, T1 *, tensor_layout_any, const T2 *)"
17622867541,5600,351160,,,,,,,,,,0.094,16731.388,Pinned,Device,NVIDIA A100-SXM4-40GB MIG 4g.20gb (0),1,,13,[CUDA memcpy Host-to-Device]
17622909301,51519,351161,,,,,,,,,,35.810,695070.547,Device,,NVIDIA A100-SXM4-40GB MIG 4g.20gb (0),1,,13,[CUDA memset]
17622966740,1824,351163,,,,,,,,,,0.000,43.860,Pinned,Device,NVIDIA A100-SXM4-40GB MIG 4g.20gb (0),1,,13,[CUDA memcpy Host-to-Device]
17622970644,9184,351164,,,,,,,,,,0.197,21407.662,Pinned,Device,NVIDIA A100-SXM4-40GB MIG 4g.20gb (0),1,,13,[CUDA memcpy Host-to-Device]
17622982836,8960,351165,273,1,1,48,1,1,40,0.000,0.001,,,,,NVIDIA A100-SXM4-40GB MIG 4g.20gb (0),1,,13,"void pusch_noise_intf_est::noiseIntfEstNoDftSOfdmKernel<float, __half, float, float, (unsigned int)2, (unsigned int)1, (unsigned char)4, (unsigned char)4>(pusch_noise_intf_est::puschRxNoiseIntfEstDynDescr)"
17622993012,2848,351176,35,1,1,128,1,1,16,0.000,0.000,,,,,NVIDIA A100-SXM4-40GB MIG 4g.20gb (0),1,,13,cupy_copy__complex64_complex64
17622996852,1856,351185,1,1,1,1,1,1,18,0.000,0.000,,,,,NVIDIA A100-SXM4-40GB MIG 4g.20gb (0),1,,13,cupy_copy__float32_float32
17623028244,2240,351191,,,,,,,,,,0.000,1.786,Device,Pageable,NVIDIA A100-SXM4-40GB MIG 4g.20gb (0),1,,7,[CUDA memcpy Device-to-Host]
17623090771,19616,351202,1434,1,1,128,1,1,16,0.000,0.000,,,,,NVIDIA A100-SXM4-40GB MIG 4g.20gb (0),1,,13,cupy_copy__complex64_complex64
17623114131,4000,351209,103,1,1,128,1,1,16,0.000,0.000,,,,,NVIDIA A100-SXM4-40GB MIG 4g.20gb (0),1,,13,cupy_copy__complex64_complex64
17623204082,7904,351216,35,1,1,128,1,1,16,0.000,0.000,,,,,NVIDIA A100-SXM4-40GB MIG 4g.20gb (0),1,,13,cupy_copy__complex64_complex64
17623213170,2880,351223,1,1,1,1,1,1,18,0.000,0.000,,,,,NVIDIA A100-SXM4-40GB MIG 4g.20gb (0),1,,13,cupy_copy__float32_float32
17623307345,330364,351234,1,1,1,32,32,1,30,0.000,0.000,,,,,NVIDIA A100-SXM4-40GB MIG 4g.20gb (0),1,,13,"void convert_kernel<__half2, float2>(tensor_layout_any, T1 *, tensor_layout_any, const T2 *)"
17623667404,6240,351237,,,,,,,,,,0.094,15015.346,Pinned,Device,NVIDIA A100-SXM4-40GB MIG 4g.20gb (0),1,,13,[CUDA memcpy Host-to-Device]
17623716396,7488,351238,,,,,,,,,,1.547,206546.995,Device,,NVIDIA A100-SXM4-40GB MIG 4g.20gb (0),1,,13,[CUDA memset]
17623728140,3040,351243,,,,,,,,,,0.031,10294.725,Pinned,Device,NVIDIA A100-SXM4-40GB MIG 4g.20gb (0),1,,13,[CUDA memcpy Host-to-Device]
17623733580,9408,351244,,,,,,,,,,0.197,20897.858,Pinned,Device,NVIDIA A100-SXM4-40GB MIG 4g.20gb (0),1,,13,[CUDA memcpy Host-to-Device]
17623820267,15072,351245,273,1,1,8,4,1,39,0.002,0.000,,,,,NVIDIA A100-SXM4-40GB MIG 4g.20gb (0),1,,13,"void channel_eq::eqMmseCoefCompLowMimoKernel<float, float, float, (unsigned int)4, (unsigned int)1, (unsigned int)4>(const channel_eq::_puschRxChEqStatDescr *, channel_eq::_puschRxChEqCoefCompDynDescr)"
17623836459,7839,351246,273,1,1,12,11,1,51,0.002,0.000,,,,,NVIDIA A100-SXM4-40GB MIG 4g.20gb (0),1,,13,"void channel_eq::eqMmseSoftDemapKernel<float, __half, __half, float, (unsigned int)4, (unsigned short)16383>(channel_eq::_puschRxChEqStatDescr *, channel_eq::_puschRxChEqSoftDemapDynDescr)"
17623845354,281725,351247,1,1,1,32,32,1,30,0.000,0.000,,,,,NVIDIA A100-SXM4-40GB MIG 4g.20gb (0),1,,13,"void convert_kernel<float2, __half2>(tensor_layout_any, T1 *, tensor_layout_any, const T2 *)"
17624128199,10816,351259,2253,1,1,128,1,1,16,0.000,0.000,,,,,NVIDIA A100-SXM4-40GB MIG 4g.20gb (0),1,,13,cupy_copy__float16_float16
17624140071,2784,351268,282,1,1,128,1,1,16,0.000,0.000,,,,,NVIDIA A100-SXM4-40GB MIG 4g.20gb (0),1,,13,cupy_copy__complex64_complex64
17624143879,2048,351277,26,1,1,128,1,1,16,0.000,0.000,,,,,NVIDIA A100-SXM4-40GB MIG 4g.20gb (0),1,,13,cupy_copy__float32_float32
17624146919,2848,351286,103,1,1,128,1,1,16,0.000,0.000,,,,,NVIDIA A100-SXM4-40GB MIG 4g.20gb (0),1,,13,cupy_copy__complex64_complex64
17624150919,12032,351296,1434,1,1,128,1,1,16,0.000,0.000,,,,,NVIDIA A100-SXM4-40GB MIG 4g.20gb (0),1,,13,cupy_copy__complex64_complex64
17624163975,78687,351301,1,1,1,32,32,1,30,0.000,0.000,,,,,NVIDIA A100-SXM4-40GB MIG 4g.20gb (0),1,,13,"void convert_kernel<__half2, float2>(tensor_layout_any, T1 *, tensor_layout_any, const T2 *)"
17624270502,5344,351304,,,,,,,,,,0.094,17532.864,Pinned,Device,NVIDIA A100-SXM4-40GB MIG 4g.20gb (0),1,,13,[CUDA memcpy Host-to-Device]
17624280582,591577,351305,,,,,,,,,,456.561,771588.834,Device,,NVIDIA A100-SXM4-40GB MIG 4g.20gb (0),1,,13,[CUDA memset]
17624872575,48191,351310,,,,,,,,,,1.235,25625.088,Pinned,Device,NVIDIA A100-SXM4-40GB MIG 4g.20gb (0),1,,13,[CUDA memcpy Host-to-Device]
17624922878,9184,351311,,,,,,,,,,0.197,21407.662,Pinned,Device,NVIDIA A100-SXM4-40GB MIG 4g.20gb (0),1,,13,[CUDA memcpy Host-to-Device]
17624935230,7200,351312,69,4,1,48,1,1,76,0.002,0.000,,,,,NVIDIA A100-SXM4-40GB MIG 4g.20gb (0),1,,13,"void ch_est::windowedChEstPreNoDftSOfdmKernel<float, __half, float, (unsigned int)2, (unsigned int)1, (unsigned short)4>(ch_est::puschRxChEstStatDescr_t *, ch_est::puschRxChEstDynDescr_t *)"
17624943518,6720,351313,137,2,1,24,2,1,44,0.001,0.001,,,,,NVIDIA A100-SXM4-40GB MIG 4g.20gb (0),1,,13,"void ch_est::chEstFilterNoDftSOfdmDispatchKernel<float, __half, float, (unsigned int)2>(ch_est::puschRxChEstStatDescr_t *, ch_est::puschRxChEstDynDescr_t *)"
17624951198,5376,351314,137,2,1,24,2,1,44,0.001,0.001,,,,,NVIDIA A100-SXM4-40GB MIG 4g.20gb (0),1,,13,"void ch_est::chEstFilterNoDftSOfdmDispatchKernel<float, __half, float, (unsigned int)2>(ch_est::puschRxChEstStatDescr_t *, ch_est::puschRxChEstDynDescr_t *)"
17624957630,2528,351325,103,1,1,128,1,1,16,0.000,0.000,,,,,NVIDIA A100-SXM4-40GB MIG 4g.20gb (0),1,,13,cupy_copy__complex64_complex64
17624961118,12960,351335,1434,1,1,128,1,1,16,0.000,0.000,,,,,NVIDIA A100-SXM4-40GB MIG 4g.20gb (0),1,,13,cupy_copy__complex64_complex64
17624975038,2432,351342,103,1,1,128,1,1,16,0.000,0.000,,,,,NVIDIA A100-SXM4-40GB MIG 4g.20gb (0),1,,13,cupy_copy__complex64_complex64
17624978526,80095,351349,1,1,1,32,32,1,30,0.000,0.000,,,,,NVIDIA A100-SXM4-40GB MIG 4g.20gb (0),1,,13,"void convert_kernel<__half2, float2>(tensor_layout_any, T1 *, tensor_layout_any, const T2 *)"
17625088252,5344,351352,,,,,,,,,,0.094,17532.864,Pinned,Device,NVIDIA A100-SXM4-40GB MIG 4g.20gb (0),1,,13,[CUDA memcpy Host-to-Device]
17625100348,47520,351353,,,,,,,,,,35.810,753548.147,Device,,NVIDIA A100-SXM4-40GB MIG 4g.20gb (0),1,,13,[CUDA memset]
17625178427,1824,351355,,,,,,,,,,0.000,43.860,Pinned,Device,NVIDIA A100-SXM4-40GB MIG 4g.20gb (0),1,,13,[CUDA memcpy Host-to-Device]
17625182331,9184,351356,,,,,,,,,,0.197,21407.662,Pinned,Device,NVIDIA A100-SXM4-40GB MIG 4g.20gb (0),1,,13,[CUDA memcpy Host-to-Device]
17625194619,8832,351357,273,1,1,48,1,1,40,0.000,0.001,,,,,NVIDIA A100-SXM4-40GB MIG 4g.20gb (0),1,,13,"void pusch_noise_intf_est::noiseIntfEstNoDftSOfdmKernel<float, __half, float, float, (unsigned int)2, (unsigned int)1, (unsigned char)4, (unsigned char)4>(pusch_noise_intf_est::puschRxNoiseIntfEstDynDescr)"
17625204603,2816,351368,35,1,1,128,1,1,16,0.000,0.000,,,,,NVIDIA A100-SXM4-40GB MIG 4g.20gb (0),1,,13,cupy_copy__complex64_complex64
17625208475,1856,351377,1,1,1,1,1,1,18,0.000,0.000,,,,,NVIDIA A100-SXM4-40GB MIG 4g.20gb (0),1,,13,cupy_copy__float32_float32
17625240027,1568,351383,,,,,,,,,,0.000,2.551,Device,Pageable,NVIDIA A100-SXM4-40GB MIG 4g.20gb (0),1,,7,[CUDA memcpy Device-to-Host]
17625299482,13280,351394,1434,1,1,128,1,1,16,0.000,0.000,,,,,NVIDIA A100-SXM4-40GB MIG 4g.20gb (0),1,,13,cupy_copy__complex64_complex64
17625325018,2688,351401,103,1,1,128,1,1,16,0.000,0.000,,,,,NVIDIA A100-SXM4-40GB MIG 4g.20gb (0),1,,13,cupy_copy__complex64_complex64
17625346394,2176,351408,35,1,1,128,1,1,16,0.000,0.000,,,,,NVIDIA A100-SXM4-40GB MIG 4g.20gb (0),1,,13,cupy_copy__complex64_complex64
17625364665,1824,351415,1,1,1,1,1,1,18,0.000,0.000,,,,,NVIDIA A100-SXM4-40GB MIG 4g.20gb (0),1,,13,cupy_copy__float32_float32
17625502072,79487,351426,1,1,1,32,32,1,30,0.000,0.000,,,,,NVIDIA A100-SXM4-40GB MIG 4g.20gb (0),1,,13,"void convert_kernel<__half2, float2>(tensor_layout_any, T1 *, tensor_layout_any, const T2 *)"
17625609687,5312,351429,,,,,,,,,,0.094,17638.553,Pinned,Device,NVIDIA A100-SXM4-40GB MIG 4g.20gb (0),1,,13,[CUDA memcpy Host-to-Device]
17625622966,3200,351430,,,,,,,,,,1.547,483320.000,Device,,NVIDIA A100-SXM4-40GB MIG 4g.20gb (0),1,,13,[CUDA memset]
17625629430,3040,351435,,,,,,,,,,0.031,10294.725,Pinned,Device,NVIDIA A100-SXM4-40GB MIG 4g.20gb (0),1,,13,[CUDA memcpy Host-to-Device]
17625634550,9280,351436,,,,,,,,,,0.197,21186.085,Pinned,Device,NVIDIA A100-SXM4-40GB MIG 4g.20gb (0),1,,13,[CUDA memcpy Host-to-Device]
17625646838,5984,351437,273,1,1,8,4,1,39,0.002,0.000,,,,,NVIDIA A100-SXM4-40GB MIG 4g.20gb (0),1,,13,"void channel_eq::eqMmseCoefCompLowMimoKernel<float, float, float, (unsigned int)4, (unsigned int)1, (unsigned int)4>(const channel_eq::_puschRxChEqStatDescr *, channel_eq::_puschRxChEqCoefCompDynDescr)"
17625653782,5952,351438,273,1,1,12,11,1,51,0.002,0.000,,,,,NVIDIA A100-SXM4-40GB MIG 4g.20gb (0),1,,13,"void channel_eq::eqMmseSoftDemapKernel<float, __half, __half, float, (unsigned int)4, (unsigned short)16383>(channel_eq::_puschRxChEqStatDescr *, channel_eq::_puschRxChEqSoftDemapDynDescr)"
17625660918,281533,351439,1,1,1,32,32,1,30,0.000,0.000,,,,,NVIDIA A100-SXM4-40GB MIG 4g.20gb (0),1,,13,"void convert_kernel<float2, __half2>(tensor_layout_any, T1 *, tensor_layout_any, const T2 *)"
17625943603,10528,351451,2253,1,1,128,1,1,16,0.000,0.000,,,,,NVIDIA A100-SXM4-40GB MIG 4g.20gb (0),1,,13,cupy_copy__float16_float16
17625955251,2784,351460,282,1,1,128,1,1,16,0.000,0.000,,,,,NVIDIA A100-SXM4-40GB MIG 4g.20gb (0),1,,13,cupy_copy__complex64_complex64
17625959091,2048,351469,26,1,1,128,1,1,16,0.000,0.000,,,,,NVIDIA A100-SXM4-40GB MIG 4g.20gb (0),1,,13,cupy_copy__float32_float32
17625962259,2848,351478,103,1,1,128,1,1,16,0.000,0.000,,,,,NVIDIA A100-SXM4-40GB MIG 4g.20gb (0),1,,13,cupy_copy__complex64_complex64
17625966227,11680,351488,1434,1,1,128,1,1,16,0.000,0.000,,,,,NVIDIA A100-SXM4-40GB MIG 4g.20gb (0),1,,13,cupy_copy__complex64_complex64
17626001106,79391,351493,1,1,1,32,32,1,30,0.000,0.000,,,,,NVIDIA A100-SXM4-40GB MIG 4g.20gb (0),1,,13,"void convert_kernel<__half2, float2>(tensor_layout_any, T1 *, tensor_layout_any, const T2 *)"
17626107889,5568,351496,,,,,,,,,,0.094,16827.521,Pinned,Device,NVIDIA A100-SXM4-40GB MIG 4g.20gb (0),1,,13,[CUDA memcpy Host-to-Device]
17626154545,604377,351497,,,,,,,,,,456.561,755152.622,Device,,NVIDIA A100-SXM4-40GB MIG 4g.20gb (0),1,,13,[CUDA memset]
17626766090,49375,351502,,,,,,,,,,1.235,25011.321,Pinned,Device,NVIDIA A100-SXM4-40GB MIG 4g.20gb (0),1,,13,[CUDA memcpy Host-to-Device]
17626819529,11904,351503,,,,,,,,,,0.197,16516.055,Pinned,Device,NVIDIA A100-SXM4-40GB MIG 4g.20gb (0),1,,13,[CUDA memcpy Host-to-Device]
17626835657,11264,351504,69,4,1,48,1,1,76,0.002,0.000,,,,,NVIDIA A100-SXM4-40GB MIG 4g.20gb (0),1,,13,"void ch_est::windowedChEstPreNoDftSOfdmKernel<float, __half, float, (unsigned int)2, (unsigned int)1, (unsigned short)4>(ch_est::puschRxChEstStatDescr_t *, ch_est::puschRxChEstDynDescr_t *)"
17626909960,21600,351505,137,2,1,24,2,1,44,0.001,0.001,,,,,NVIDIA A100-SXM4-40GB MIG 4g.20gb (0),1,,13,"void ch_est::chEstFilterNoDftSOfdmDispatchKernel<float, __half, float, (unsigned int)2>(ch_est::puschRxChEstStatDescr_t *, ch_est::puschRxChEstDynDescr_t *)"
17626932712,7616,351506,137,2,1,24,2,1,44,0.001,0.001,,,,,NVIDIA A100-SXM4-40GB MIG 4g.20gb (0),1,,13,"void ch_est::chEstFilterNoDftSOfdmDispatchKernel<float, __half, float, (unsigned int)2>(ch_est::puschRxChEstStatDescr_t *, ch_est::puschRxChEstDynDescr_t *)"
17626941512,2496,351517,103,1,1,128,1,1,16,0.000,0.000,,,,,NVIDIA A100-SXM4-40GB MIG 4g.20gb (0),1,,13,cupy_copy__complex64_complex64
17626945000,12735,351527,1434,1,1,128,1,1,16,0.000,0.000,,,,,NVIDIA A100-SXM4-40GB MIG 4g.20gb (0),1,,13,cupy_copy__complex64_complex64
17626958887,2432,351534,103,1,1,128,1,1,16,0.000,0.000,,,,,NVIDIA A100-SXM4-40GB MIG 4g.20gb (0),1,,13,cupy_copy__complex64_complex64
17626962407,134207,351541,1,1,1,32,32,1,30,0.000,0.000,,,,,NVIDIA A100-SXM4-40GB MIG 4g.20gb (0),1,,13,"void convert_kernel<__half2, float2>(tensor_layout_any, T1 *, tensor_layout_any, const T2 *)"
17627124486,5344,351544,,,,,,,,,,0.094,17532.864,Pinned,Device,NVIDIA A100-SXM4-40GB MIG 4g.20gb (0),1,,13,[CUDA memcpy Host-to-Device]
17627154853,66112,351545,,,,,,,,,,35.810,541625.040,Device,,NVIDIA A100-SXM4-40GB MIG 4g.20gb (0),1,,13,[CUDA memset]
17627227108,3552,351547,,,,,,,,,,0.000,22.522,Pinned,Device,NVIDIA A100-SXM4-40GB MIG 4g.20gb (0),1,,13,[CUDA memcpy Host-to-Device]
17627236292,9376,351548,,,,,,,,,,0.197,20969.226,Pinned,Device,NVIDIA A100-SXM4-40GB MIG 4g.20gb (0),1,,13,[CUDA memcpy Host-to-Device]
17627279972,24992,351549,273,1,1,48,1,1,40,0.000,0.001,,,,,NVIDIA A100-SXM4-40GB MIG 4g.20gb (0),1,,13,"void pusch_noise_intf_est::noiseIntfEstNoDftSOfdmKernel<float, __half, float, float, (unsigned int)2, (unsigned int)1, (unsigned char)4, (unsigned char)4>(pusch_noise_intf_est::puschRxNoiseIntfEstDynDescr)"
17627306148,3008,351560,35,1,1,128,1,1,16,0.000,0.000,,,,,NVIDIA A100-SXM4-40GB MIG 4g.20gb (0),1,,13,cupy_copy__complex64_complex64
17627370019,10592,351569,1,1,1,1,1,1,18,0.000,0.000,,,,,NVIDIA A100-SXM4-40GB MIG 4g.20gb (0),1,,13,cupy_copy__float32_float32
17627387779,1728,351575,,,,,,,,,,0.000,2.315,Device,Pageable,NVIDIA A100-SXM4-40GB MIG 4g.20gb (0),1,,7,[CUDA memcpy Device-to-Host]
17627458498,33631,351586,1434,1,1,128,1,1,16,0.000,0.000,,,,,NVIDIA A100-SXM4-40GB MIG 4g.20gb (0),1,,13,cupy_copy__complex64_complex64
17627547873,13728,351593,103,1,1,128,1,1,16,0.000,0.000,,,,,NVIDIA A100-SXM4-40GB MIG 4g.20gb (0),1,,13,cupy_copy__complex64_complex64
17627562785,4640,351600,35,1,1,128,1,1,16,0.000,0.000,,,,,NVIDIA A100-SXM4-40GB MIG 4g.20gb (0),1,,13,cupy_copy__complex64_complex64
17627568577,2496,351607,1,1,1,1,1,1,18,0.000,0.000,,,,,NVIDIA A100-SXM4-40GB MIG 4g.20gb (0),1,,13,cupy_copy__float32_float32
17627646560,323228,351618,1,1,1,32,32,1,30,0.000,0.000,,,,,NVIDIA A100-SXM4-40GB MIG 4g.20gb (0),1,,13,"void convert_kernel<__half2, float2>(tensor_layout_any, T1 *, tensor_layout_any, const T2 *)"
17628003228,5888,351621,,,,,,,,,,0.094,15912.954,Pinned,Device,NVIDIA A100-SXM4-40GB MIG 4g.20gb (0),1,,13,[CUDA memcpy Host-to-Device]
17628049403,13024,351622,,,,,,,,,,1.547,118751.337,Device,,NVIDIA A100-SXM4-40GB MIG 4g.20gb (0),1,,13,[CUDA memset]
17628068219,3104,351627,,,,,,,,,,0.031,10082.445,Pinned,Device,NVIDIA A100-SXM4-40GB MIG 4g.20gb (0),1,,13,[CUDA memcpy Host-to-Device]
17628073755,9696,351628,,,,,,,,,,0.197,20277.166,Pinned,Device,NVIDIA A100-SXM4-40GB MIG 4g.20gb (0),1,,13,[CUDA memcpy Host-to-Device]
17628140186,21088,351629,273,1,1,8,4,1,39,0.002,0.000,,,,,NVIDIA A100-SXM4-40GB MIG 4g.20gb (0),1,,13,"void channel_eq::eqMmseCoefCompLowMimoKernel<float, float, float, (unsigned int)4, (unsigned int)1, (unsigned int)4>(const channel_eq::_puschRxChEqStatDescr *, channel_eq::_puschRxChEqCoefCompDynDescr)"
17628162394,9152,351630,273,1,1,12,11,1,51,0.002,0.000,,,,,NVIDIA A100-SXM4-40GB MIG 4g.20gb (0),1,,13,"void channel_eq::eqMmseSoftDemapKernel<float, __half, __half, float, (unsigned int)4, (unsigned short)16383>(channel_eq::_puschRxChEqStatDescr *, channel_eq::_puschRxChEqSoftDemapDynDescr)"
17628229657,639065,351631,1,1,1,32,32,1,30,0.000,0.000,,,,,NVIDIA A100-SXM4-40GB MIG 4g.20gb (0),1,,13,"void convert_kernel<float2, __half2>(tensor_layout_any, T1 *, tensor_layout_any, const T2 *)"
17628869746,11968,351643,2253,1,1,128,1,1,16,0.000,0.000,,,,,NVIDIA A100-SXM4-40GB MIG 4g.20gb (0),1,,13,cupy_copy__float16_float16
17628882834,3584,351652,282,1,1,128,1,1,16,0.000,0.000,,,,,NVIDIA A100-SXM4-40GB MIG 4g.20gb (0),1,,13,cupy_copy__complex64_complex64
17628887410,2240,351661,26,1,1,128,1,1,16,0.000,0.000,,,,,NVIDIA A100-SXM4-40GB MIG 4g.20gb (0),1,,13,cupy_copy__float32_float32
17628890706,3136,351670,103,1,1,128,1,1,16,0.000,0.000,,,,,NVIDIA A100-SXM4-40GB MIG 4g.20gb (0),1,,13,cupy_copy__complex64_complex64
17628894834,11968,351680,1434,1,1,128,1,1,16,0.000,0.000,,,,,NVIDIA A100-SXM4-40GB MIG 4g.20gb (0),1,,13,cupy_copy__complex64_complex64
17628907954,80223,351685,1,1,1,32,32,1,30,0.000,0.000,,,,,NVIDIA A100-SXM4-40GB MIG 4g.20gb (0),1,,13,"void convert_kernel<__half2, float2>(tensor_layout_any, T1 *, tensor_layout_any, const T2 *)"
17629015696,5312,351688,,,,,,,,,,0.094,17638.553,Pinned,Device,NVIDIA A100-SXM4-40GB MIG 4g.20gb (0),1,,13,[CUDA memcpy Host-to-Device]
17629026064,590266,351689,,,,,,,,,,456.561,773415.079,Device,,NVIDIA A100-SXM4-40GB MIG 4g.20gb (0),1,,13,[CUDA memset]
17629622634,48191,351694,,,,,,,,,,1.235,25625.088,Pinned,Device,NVIDIA A100-SXM4-40GB MIG 4g.20gb (0),1,,13,[CUDA memcpy Host-to-Device]
17629672937,9440,351695,,,,,,,,,,0.197,20827.079,Pinned,Device,NVIDIA A100-SXM4-40GB MIG 4g.20gb (0),1,,13,[CUDA memcpy Host-to-Device]
17629685353,7584,351696,69,4,1,48,1,1,76,0.002,0.000,,,,,NVIDIA A100-SXM4-40GB MIG 4g.20gb (0),1,,13,"void ch_est::windowedChEstPreNoDftSOfdmKernel<float, __half, float, (unsigned int)2, (unsigned int)1, (unsigned short)4>(ch_est::puschRxChEstStatDescr_t *, ch_est::puschRxChEstDynDescr_t *)"
17629694121,6720,351697,137,2,1,24,2,1,44,0.001,0.001,,,,,NVIDIA A100-SXM4-40GB MIG 4g.20gb (0),1,,13,"void ch_est::chEstFilterNoDftSOfdmDispatchKernel<float, __half, float, (unsigned int)2>(ch_est::puschRxChEstStatDescr_t *, ch_est::puschRxChEstDynDescr_t *)"
17629701993,5056,351698,137,2,1,24,2,1,44,0.001,0.001,,,,,NVIDIA A100-SXM4-40GB MIG 4g.20gb (0),1,,13,"void ch_est::chEstFilterNoDftSOfdmDispatchKernel<float, __half, float, (unsigned int)2>(ch_est::puschRxChEstStatDescr_t *, ch_est::puschRxChEstDynDescr_t *)"
17629708009,2464,351709,103,1,1,128,1,1,16,0.000,0.000,,,,,NVIDIA A100-SXM4-40GB MIG 4g.20gb (0),1,,13,cupy_copy__complex64_complex64
17629711529,12671,351719,1434,1,1,128,1,1,16,0.000,0.000,,,,,NVIDIA A100-SXM4-40GB MIG 4g.20gb (0),1,,13,cupy_copy__complex64_complex64
17629725288,2432,351726,103,1,1,128,1,1,16,0.000,0.000,,,,,NVIDIA A100-SXM4-40GB MIG 4g.20gb (0),1,,13,cupy_copy__complex64_complex64
17629728776,79039,351733,1,1,1,32,32,1,30,0.000,0.000,,,,,NVIDIA A100-SXM4-40GB MIG 4g.20gb (0),1,,13,"void convert_kernel<__half2, float2>(tensor_layout_any, T1 *, tensor_layout_any, const T2 *)"
17629835015,5376,351736,,,,,,,,,,0.094,17428.487,Pinned,Device,NVIDIA A100-SXM4-40GB MIG 4g.20gb (0),1,,13,[CUDA memcpy Host-to-Device]
17629846695,45824,351737,,,,,,,,,,35.810,781444.074,Device,,NVIDIA A100-SXM4-40GB MIG 4g.20gb (0),1,,13,[CUDA memset]
17629900134,1824,351739,,,,,,,,,,0.000,43.860,Pinned,Device,NVIDIA A100-SXM4-40GB MIG 4g.20gb (0),1,,13,[CUDA memcpy Host-to-Device]
17629904038,9216,351740,,,,,,,,,,0.197,21333.148,Pinned,Device,NVIDIA A100-SXM4-40GB MIG 4g.20gb (0),1,,13,[CUDA memcpy Host-to-Device]
17629916262,8672,351741,273,1,1,48,1,1,40,0.000,0.001,,,,,NVIDIA A100-SXM4-40GB MIG 4g.20gb (0),1,,13,"void pusch_noise_intf_est::noiseIntfEstNoDftSOfdmKernel<float, __half, float, float, (unsigned int)2, (unsigned int)1, (unsigned char)4, (unsigned char)4>(pusch_noise_intf_est::puschRxNoiseIntfEstDynDescr)"
17629926022,2880,351752,35,1,1,128,1,1,16,0.000,0.000,,,,,NVIDIA A100-SXM4-40GB MIG 4g.20gb (0),1,,13,cupy_copy__complex64_complex64
17629952582,1856,351761,1,1,1,1,1,1,18,0.000,0.000,,,,,NVIDIA A100-SXM4-40GB MIG 4g.20gb (0),1,,13,cupy_copy__float32_float32
17629986181,1568,351767,,,,,,,,,,0.000,2.551,Device,Pageable,NVIDIA A100-SXM4-40GB MIG 4g.20gb (0),1,,7,[CUDA memcpy Device-to-Host]
17630044453,13312,351778,1434,1,1,128,1,1,16,0.000,0.000,,,,,NVIDIA A100-SXM4-40GB MIG 4g.20gb (0),1,,13,cupy_copy__complex64_complex64
17630070789,2655,351785,103,1,1,128,1,1,16,0.000,0.000,,,,,NVIDIA A100-SXM4-40GB MIG 4g.20gb (0),1,,13,cupy_copy__complex64_complex64
17630091140,2176,351792,35,1,1,128,1,1,16,0.000,0.000,,,,,NVIDIA A100-SXM4-40GB MIG 4g.20gb (0),1,,13,cupy_copy__complex64_complex64
17630108996,1824,351799,1,1,1,1,1,1,18,0.000,0.000,,,,,NVIDIA A100-SXM4-40GB MIG 4g.20gb (0),1,,13,cupy_copy__float32_float32
17630243075,79871,351810,1,1,1,32,32,1,30,0.000,0.000,,,,,NVIDIA A100-SXM4-40GB MIG 4g.20gb (0),1,,13,"void convert_kernel<__half2, float2>(tensor_layout_any, T1 *, tensor_layout_any, const T2 *)"
17630351041,5344,351813,,,,,,,,,,0.094,17532.864,Pinned,Device,NVIDIA A100-SXM4-40GB MIG 4g.20gb (0),1,,13,[CUDA memcpy Host-to-Device]
17630365057,3168,351814,,,,,,,,,,1.547,488201.145,Device,,NVIDIA A100-SXM4-40GB MIG 4g.20gb (0),1,,13,[CUDA memset]
17630371841,3008,351819,,,,,,,,,,0.031,10404.230,Pinned,Device,NVIDIA A100-SXM4-40GB MIG 4g.20gb (0),1,,13,[CUDA memcpy Host-to-Device]
17630382465,9280,351820,,,,,,,,,,0.197,21186.085,Pinned,Device,NVIDIA A100-SXM4-40GB MIG 4g.20gb (0),1,,13,[CUDA memcpy Host-to-Device]
17630394849,6144,351821,273,1,1,8,4,1,39,0.002,0.000,,,,,NVIDIA A100-SXM4-40GB MIG 4g.20gb (0),1,,13,"void channel_eq::eqMmseCoefCompLowMimoKernel<float, float, float, (unsigned int)4, (unsigned int)1, (unsigned int)4>(const channel_eq::_puschRxChEqStatDescr *, channel_eq::_puschRxChEqCoefCompDynDescr)"
17630402113,6560,351822,273,1,1,12,11,1,51,0.002,0.000,,,,,NVIDIA A100-SXM4-40GB MIG 4g.20gb (0),1,,13,"void channel_eq::eqMmseSoftDemapKernel<float, __half, __half, float, (unsigned int)4, (unsigned short)16383>(channel_eq::_puschRxChEqStatDescr *, channel_eq::_puschRxChEqSoftDemapDynDescr)"
17630409761,281085,351823,1,1,1,32,32,1,30,0.000,0.000,,,,,NVIDIA A100-SXM4-40GB MIG 4g.20gb (0),1,,13,"void convert_kernel<float2, __half2>(tensor_layout_any, T1 *, tensor_layout_any, const T2 *)"
17630691870,10495,351835,2253,1,1,128,1,1,16,0.000,0.000,,,,,NVIDIA A100-SXM4-40GB MIG 4g.20gb (0),1,,13,cupy_copy__float16_float16
17630703389,2784,351844,282,1,1,128,1,1,16,0.000,0.000,,,,,NVIDIA A100-SXM4-40GB MIG 4g.20gb (0),1,,13,cupy_copy__complex64_complex64
17630707229,2048,351853,26,1,1,128,1,1,16,0.000,0.000,,,,,NVIDIA A100-SXM4-40GB MIG 4g.20gb (0),1,,13,cupy_copy__float32_float32
17630710301,2816,351862,103,1,1,128,1,1,16,0.000,0.000,,,,,NVIDIA A100-SXM4-40GB MIG 4g.20gb (0),1,,13,cupy_copy__complex64_complex64
17630714045,11488,351872,1434,1,1,128,1,1,16,0.000,0.000,,,,,NVIDIA A100-SXM4-40GB MIG 4g.20gb (0),1,,13,cupy_copy__complex64_complex64
17630749469,79167,351877,1,1,1,32,32,1,30,0.000,0.000,,,,,NVIDIA A100-SXM4-40GB MIG 4g.20gb (0),1,,13,"void convert_kernel<__half2, float2>(tensor_layout_any, T1 *, tensor_layout_any, const T2 *)"
17630855228,5344,351880,,,,,,,,,,0.094,17532.864,Pinned,Device,NVIDIA A100-SXM4-40GB MIG 4g.20gb (0),1,,13,[CUDA memcpy Host-to-Device]
17630865500,600345,351881,,,,,,,,,,456.561,760174.798,Device,,NVIDIA A100-SXM4-40GB MIG 4g.20gb (0),1,,13,[CUDA memset]
17631467445,49375,351886,,,,,,,,,,1.235,25011.321,Pinned,Device,NVIDIA A100-SXM4-40GB MIG 4g.20gb (0),1,,13,[CUDA memcpy Host-to-Device]
17631519252,9344,351887,,,,,,,,,,0.197,21040.988,Pinned,Device,NVIDIA A100-SXM4-40GB MIG 4g.20gb (0),1,,13,[CUDA memcpy Host-to-Device]
17631600243,11200,351888,69,4,1,48,1,1,76,0.002,0.000,,,,,NVIDIA A100-SXM4-40GB MIG 4g.20gb (0),1,,13,"void ch_est::windowedChEstPreNoDftSOfdmKernel<float, __half, float, (unsigned int)2, (unsigned int)1, (unsigned short)4>(ch_est::puschRxChEstStatDescr_t *, ch_est::puschRxChEstDynDescr_t *)"
17631612531,6624,351889,137,2,1,24,2,1,44,0.001,0.001,,,,,NVIDIA A100-SXM4-40GB MIG 4g.20gb (0),1,,13,"void ch_est::chEstFilterNoDftSOfdmDispatchKernel<float, __half, float, (unsigned int)2>(ch_est::puschRxChEstStatDescr_t *, ch_est::puschRxChEstDynDescr_t *)"
17631701458,12384,351890,137,2,1,24,2,1,44,0.001,0.001,,,,,NVIDIA A100-SXM4-40GB MIG 4g.20gb (0),1,,13,"void ch_est::chEstFilterNoDftSOfdmDispatchKernel<float, __half, float, (unsigned int)2>(ch_est::puschRxChEstStatDescr_t *, ch_est::puschRxChEstDynDescr_t *)"
17631715058,4608,351901,103,1,1,128,1,1,16,0.000,0.000,,,,,NVIDIA A100-SXM4-40GB MIG 4g.20gb (0),1,,13,cupy_copy__complex64_complex64
17631721714,12480,351911,1434,1,1,128,1,1,16,0.000,0.000,,,,,NVIDIA A100-SXM4-40GB MIG 4g.20gb (0),1,,13,cupy_copy__complex64_complex64
17631735122,2432,351918,103,1,1,128,1,1,16,0.000,0.000,,,,,NVIDIA A100-SXM4-40GB MIG 4g.20gb (0),1,,13,cupy_copy__complex64_complex64
17631738578,120318,351925,1,1,1,32,32,1,30,0.000,0.000,,,,,NVIDIA A100-SXM4-40GB MIG 4g.20gb (0),1,,13,"void convert_kernel<__half2, float2>(tensor_layout_any, T1 *, tensor_layout_any, const T2 *)"
17631887152,6176,351928,,,,,,,,,,0.094,15170.975,Pinned,Device,NVIDIA A100-SXM4-40GB MIG 4g.20gb (0),1,,13,[CUDA memcpy Host-to-Device]
17631966927,52608,351929,,,,,,,,,,35.810,680674.959,Device,,NVIDIA A100-SXM4-40GB MIG 4g.20gb (0),1,,13,[CUDA memset]
17632027151,2496,351931,,,,,,,,,,0.000,32.051,Pinned,Device,NVIDIA A100-SXM4-40GB MIG 4g.20gb (0),1,,13,[CUDA memcpy Host-to-Device]
17632032110,9600,351932,,,,,,,,,,0.197,20479.869,Pinned,Device,NVIDIA A100-SXM4-40GB MIG 4g.20gb (0),1,,13,[CUDA memcpy Host-to-Device]
17632104590,15296,351933,273,1,1,48,1,1,40,0.000,0.001,,,,,NVIDIA A100-SXM4-40GB MIG 4g.20gb (0),1,,13,"void pusch_noise_intf_est::noiseIntfEstNoDftSOfdmKernel<float, __half, float, float, (unsigned int)2, (unsigned int)1, (unsigned char)4, (unsigned char)4>(pusch_noise_intf_est::puschRxNoiseIntfEstDynDescr)"
17632202541,7231,351944,35,1,1,128,1,1,16,0.000,0.000,,,,,NVIDIA A100-SXM4-40GB MIG 4g.20gb (0),1,,13,cupy_copy__complex64_complex64
17632210892,3360,351953,1,1,1,1,1,1,18,0.000,0.000,,,,,NVIDIA A100-SXM4-40GB MIG 4g.20gb (0),1,,13,cupy_copy__float32_float32
17632216652,1792,351959,,,,,,,,,,0.000,2.232,Device,Pageable,NVIDIA A100-SXM4-40GB MIG 4g.20gb (0),1,,7,[CUDA memcpy Device-to-Host]
17632301739,19584,351970,1434,1,1,128,1,1,16,0.000,0.000,,,,,NVIDIA A100-SXM4-40GB MIG 4g.20gb (0),1,,13,cupy_copy__complex64_complex64
17632322507,3296,351977,103,1,1,128,1,1,16,0.000,0.000,,,,,NVIDIA A100-SXM4-40GB MIG 4g.20gb (0),1,,13,cupy_copy__complex64_complex64
17632407082,9376,351984,35,1,1,128,1,1,16,0.000,0.000,,,,,NVIDIA A100-SXM4-40GB MIG 4g.20gb (0),1,,13,cupy_copy__complex64_complex64
17632417514,3456,351991,1,1,1,1,1,1,18,0.000,0.000,,,,,NVIDIA A100-SXM4-40GB MIG 4g.20gb (0),1,,13,cupy_copy__float32_float32
17632506185,284989,352002,1,1,1,32,32,1,30,0.000,0.000,,,,,NVIDIA A100-SXM4-40GB MIG 4g.20gb (0),1,,13,"void convert_kernel<__half2, float2>(tensor_layout_any, T1 *, tensor_layout_any, const T2 *)"
17632824550,5824,352005,,,,,,,,,,0.094,16087.884,Pinned,Device,NVIDIA A100-SXM4-40GB MIG 4g.20gb (0),1,,13,[CUDA memcpy Host-to-Device]
17632866117,6176,352006,,,,,,,,,,1.547,250424.718,Device,,NVIDIA A100-SXM4-40GB MIG 4g.20gb (0),1,,13,[CUDA memset]
17632878501,3840,352011,,,,,,,,,,0.031,8149.979,Pinned,Device,NVIDIA A100-SXM4-40GB MIG 4g.20gb (0),1,,13,[CUDA memcpy Host-to-Device]
17632884965,10208,352012,,,,,,,,,,0.197,19260.113,Pinned,Device,NVIDIA A100-SXM4-40GB MIG 4g.20gb (0),1,,13,[CUDA memcpy Host-to-Device]
17632966084,14880,352013,273,1,1,8,4,1,39,0.002,0.000,,,,,NVIDIA A100-SXM4-40GB MIG 4g.20gb (0),1,,13,"void channel_eq::eqMmseCoefCompLowMimoKernel<float, float, float, (unsigned int)4, (unsigned int)1, (unsigned int)4>(const channel_eq::_puschRxChEqStatDescr *, channel_eq::_puschRxChEqCoefCompDynDescr)"
17633065795,15808,352014,273,1,1,12,11,1,51,0.002,0.000,,,,,NVIDIA A100-SXM4-40GB MIG 4g.20gb (0),1,,13,"void channel_eq::eqMmseSoftDemapKernel<float, __half, __half, float, (unsigned int)4, (unsigned short)16383>(channel_eq::_puschRxChEqStatDescr *, channel_eq::_puschRxChEqSoftDemapDynDescr)"
17633166178,635577,352015,1,1,1,32,32,1,30,0.000,0.000,,,,,NVIDIA A100-SXM4-40GB MIG 4g.20gb (0),1,,13,"void convert_kernel<float2, __half2>(tensor_layout_any, T1 *, tensor_layout_any, const T2 *)"
17633802811,11679,352027,2253,1,1,128,1,1,16,0.000,0.000,,,,,NVIDIA A100-SXM4-40GB MIG 4g.20gb (0),1,,13,cupy_copy__float16_float16
17633815450,3776,352036,282,1,1,128,1,1,16,0.000,0.000,,,,,NVIDIA A100-SXM4-40GB MIG 4g.20gb (0),1,,13,cupy_copy__complex64_complex64
17633820218,2240,352045,26,1,1,128,1,1,16,0.000,0.000,,,,,NVIDIA A100-SXM4-40GB MIG 4g.20gb (0),1,,13,cupy_copy__float32_float32
17633823482,3104,352054,103,1,1,128,1,1,16,0.000,0.000,,,,,NVIDIA A100-SXM4-40GB MIG 4g.20gb (0),1,,13,cupy_copy__complex64_complex64
17633877722,12224,352070,1434,1,1,128,1,1,16,0.000,0.000,,,,,NVIDIA A100-SXM4-40GB MIG 4g.20gb (0),1,,13,cupy_copy__complex64_complex64
17633997112,80288,352075,1,1,1,32,32,1,30,0.000,0.000,,,,,NVIDIA A100-SXM4-40GB MIG 4g.20gb (0),1,,13,"void convert_kernel<__half2, float2>(tensor_layout_any, T1 *, tensor_layout_any, const T2 *)"
17634105527,5312,352078,,,,,,,,,,0.094,17638.553,Pinned,Device,NVIDIA A100-SXM4-40GB MIG 4g.20gb (0),1,,13,[CUDA memcpy Host-to-Device]
17634115031,590681,352079,,,,,,,,,,456.561,772501.956,Device,,NVIDIA A100-SXM4-40GB MIG 4g.20gb (0),1,,13,[CUDA memset]
17634709392,48064,352084,,,,,,,,,,1.235,25693.010,Pinned,Device,NVIDIA A100-SXM4-40GB MIG 4g.20gb (0),1,,13,[CUDA memcpy Host-to-Device]
17634759536,9216,352085,,,,,,,,,,0.197,21333.148,Pinned,Device,NVIDIA A100-SXM4-40GB MIG 4g.20gb (0),1,,13,[CUDA memcpy Host-to-Device]
17634771824,7200,352086,69,4,1,48,1,1,76,0.002,0.000,,,,,NVIDIA A100-SXM4-40GB MIG 4g.20gb (0),1,,13,"void ch_est::windowedChEstPreNoDftSOfdmKernel<float, __half, float, (unsigned int)2, (unsigned int)1, (unsigned short)4>(ch_est::puschRxChEstStatDescr_t *, ch_est::puschRxChEstDynDescr_t *)"
17634780112,6688,352087,137,2,1,24,2,1,44,0.001,0.001,,,,,NVIDIA A100-SXM4-40GB MIG 4g.20gb (0),1,,13,"void ch_est::chEstFilterNoDftSOfdmDispatchKernel<float, __half, float, (unsigned int)2>(ch_est::puschRxChEstStatDescr_t *, ch_est::puschRxChEstDynDescr_t *)"
17634787760,4927,352088,137,2,1,24,2,1,44,0.001,0.001,,,,,NVIDIA A100-SXM4-40GB MIG 4g.20gb (0),1,,13,"void ch_est::chEstFilterNoDftSOfdmDispatchKernel<float, __half, float, (unsigned int)2>(ch_est::puschRxChEstStatDescr_t *, ch_est::puschRxChEstDynDescr_t *)"
17634793711,2496,352099,103,1,1,128,1,1,16,0.000,0.000,,,,,NVIDIA A100-SXM4-40GB MIG 4g.20gb (0),1,,13,cupy_copy__complex64_complex64
17634797199,13056,352109,1434,1,1,128,1,1,16,0.000,0.000,,,,,NVIDIA A100-SXM4-40GB MIG 4g.20gb (0),1,,13,cupy_copy__complex64_complex64
17634811183,2432,352116,103,1,1,128,1,1,16,0.000,0.000,,,,,NVIDIA A100-SXM4-40GB MIG 4g.20gb (0),1,,13,cupy_copy__complex64_complex64
17634814703,80063,352123,1,1,1,32,32,1,30,0.000,0.000,,,,,NVIDIA A100-SXM4-40GB MIG 4g.20gb (0),1,,13,"void convert_kernel<__half2, float2>(tensor_layout_any, T1 *, tensor_layout_any, const T2 *)"
17634923502,5760,352126,,,,,,,,,,0.094,16266.656,Pinned,Device,NVIDIA A100-SXM4-40GB MIG 4g.20gb (0),1,,13,[CUDA memcpy Host-to-Device]
17634964270,51199,352127,,,,,,,,,,35.810,699403.548,Device,,NVIDIA A100-SXM4-40GB MIG 4g.20gb (0),1,,13,[CUDA memset]
17635016621,2624,352129,,,,,,,,,,0.000,30.488,Pinned,Device,NVIDIA A100-SXM4-40GB MIG 4g.20gb (0),1,,13,[CUDA memcpy Host-to-Device]
17635021677,9312,352130,,,,,,,,,,0.197,21113.340,Pinned,Device,NVIDIA A100-SXM4-40GB MIG 4g.20gb (0),1,,13,[CUDA memcpy Host-to-Device]
17635219819,9216,352131,273,1,1,48,1,1,40,0.000,0.001,,,,,NVIDIA A100-SXM4-40GB MIG 4g.20gb (0),1,,13,"void pusch_noise_intf_est::noiseIntfEstNoDftSOfdmKernel<float, __half, float, float, (unsigned int)2, (unsigned int)1, (unsigned char)4, (unsigned char)4>(pusch_noise_intf_est::puschRxNoiseIntfEstDynDescr)"
17635432264,3648,352142,35,1,1,128,1,1,16,0.000,0.000,,,,,NVIDIA A100-SXM4-40GB MIG 4g.20gb (0),1,,13,cupy_copy__complex64_complex64
17635436936,3712,352151,1,1,1,1,1,1,18,0.000,0.000,,,,,NVIDIA A100-SXM4-40GB MIG 4g.20gb (0),1,,13,cupy_copy__float32_float32
17635447400,1600,352157,,,,,,,,,,0.000,2.500,Device,Pageable,NVIDIA A100-SXM4-40GB MIG 4g.20gb (0),1,,7,[CUDA memcpy Device-to-Host]
17635506439,13248,352168,1434,1,1,128,1,1,16,0.000,0.000,,,,,NVIDIA A100-SXM4-40GB MIG 4g.20gb (0),1,,13,cupy_copy__complex64_complex64
17635719173,4064,352175,103,1,1,128,1,1,16,0.000,0.000,,,,,NVIDIA A100-SXM4-40GB MIG 4g.20gb (0),1,,13,cupy_copy__complex64_complex64
17635724805,3904,352182,35,1,1,128,1,1,16,0.000,0.000,,,,,NVIDIA A100-SXM4-40GB MIG 4g.20gb (0),1,,13,cupy_copy__complex64_complex64
17635932995,2912,352189,1,1,1,1,1,1,18,0.000,0.000,,,,,NVIDIA A100-SXM4-40GB MIG 4g.20gb (0),1,,13,cupy_copy__float32_float32
17635936963,237917,352200,1,1,1,32,32,1,30,0.000,0.000,,,,,NVIDIA A100-SXM4-40GB MIG 4g.20gb (0),1,,13,"void convert_kernel<__half2, float2>(tensor_layout_any, T1 *, tensor_layout_any, const T2 *)"
17636204544,5632,352203,,,,,,,,,,0.094,16636.287,Pinned,Device,NVIDIA A100-SXM4-40GB MIG 4g.20gb (0),1,,13,[CUDA memcpy Host-to-Device]
17636362366,4384,352204,,,,,,,,,,1.547,352788.028,Device,,NVIDIA A100-SXM4-40GB MIG 4g.20gb (0),1,,13,[CUDA memset]
17636374814,3040,352209,,,,,,,,,,0.031,10294.725,Pinned,Device,NVIDIA A100-SXM4-40GB MIG 4g.20gb (0),1,,13,[CUDA memcpy Host-to-Device]
17636380382,9344,352210,,,,,,,,,,0.197,21040.988,Pinned,Device,NVIDIA A100-SXM4-40GB MIG 4g.20gb (0),1,,13,[CUDA memcpy Host-to-Device]
17636573275,11296,352211,273,1,1,8,4,1,39,0.002,0.000,,,,,NVIDIA A100-SXM4-40GB MIG 4g.20gb (0),1,,13,"void channel_eq::eqMmseCoefCompLowMimoKernel<float, float, float, (unsigned int)4, (unsigned int)1, (unsigned int)4>(const channel_eq::_puschRxChEqStatDescr *, channel_eq::_puschRxChEqCoefCompDynDescr)"
17636781977,9056,352212,273,1,1,12,11,1,51,0.002,0.000,,,,,NVIDIA A100-SXM4-40GB MIG 4g.20gb (0),1,,13,"void channel_eq::eqMmseSoftDemapKernel<float, __half, __half, float, (unsigned int)4, (unsigned short)16383>(channel_eq::_puschRxChEqStatDescr *, channel_eq::_puschRxChEqSoftDemapDynDescr)"
17636991319,552922,352213,1,1,1,32,32,1,30,0.000,0.000,,,,,NVIDIA A100-SXM4-40GB MIG 4g.20gb (0),1,,13,"void convert_kernel<float2, __half2>(tensor_layout_any, T1 *, tensor_layout_any, const T2 *)"
17637545393,11615,352225,2253,1,1,128,1,1,16,0.000,0.000,,,,,NVIDIA A100-SXM4-40GB MIG 4g.20gb (0),1,,13,cupy_copy__float16_float16
17637558000,3552,352234,282,1,1,128,1,1,16,0.000,0.000,,,,,NVIDIA A100-SXM4-40GB MIG 4g.20gb (0),1,,13,cupy_copy__complex64_complex64
17637562608,2272,352243,26,1,1,128,1,1,16,0.000,0.000,,,,,NVIDIA A100-SXM4-40GB MIG 4g.20gb (0),1,,13,cupy_copy__float32_float32
17637565840,3136,352252,103,1,1,128,1,1,16,0.000,0.000,,,,,NVIDIA A100-SXM4-40GB MIG 4g.20gb (0),1,,13,cupy_copy__complex64_complex64
17637570064,12224,352262,1434,1,1,128,1,1,16,0.000,0.000,,,,,NVIDIA A100-SXM4-40GB MIG 4g.20gb (0),1,,13,cupy_copy__complex64_complex64
17637583248,79711,352267,1,1,1,32,32,1,30,0.000,0.000,,,,,NVIDIA A100-SXM4-40GB MIG 4g.20gb (0),1,,13,"void convert_kernel<__half2, float2>(tensor_layout_any, T1 *, tensor_layout_any, const T2 *)"
17637690447,5344,352270,,,,,,,,,,0.094,17532.864,Pinned,Device,NVIDIA A100-SXM4-40GB MIG 4g.20gb (0),1,,13,[CUDA memcpy Host-to-Device]
17637700623,591385,352271,,,,,,,,,,456.561,771588.834,Device,,NVIDIA A100-SXM4-40GB MIG 4g.20gb (0),1,,13,[CUDA memset]
17638298472,48416,352276,,,,,,,,,,1.235,25506.533,Pinned,Device,NVIDIA A100-SXM4-40GB MIG 4g.20gb (0),1,,13,[CUDA memcpy Host-to-Device]
17638348968,9343,352277,,,,,,,,,,0.197,21043.347,Pinned,Device,NVIDIA A100-SXM4-40GB MIG 4g.20gb (0),1,,13,[CUDA memcpy Host-to-Device]
17638361287,7488,352278,69,4,1,48,1,1,76,0.002,0.000,,,,,NVIDIA A100-SXM4-40GB MIG 4g.20gb (0),1,,13,"void ch_est::windowedChEstPreNoDftSOfdmKernel<float, __half, float, (unsigned int)2, (unsigned int)1, (unsigned short)4>(ch_est::puschRxChEstStatDescr_t *, ch_est::puschRxChEstDynDescr_t *)"
17638369831,6528,352279,137,2,1,24,2,1,44,0.001,0.001,,,,,NVIDIA A100-SXM4-40GB MIG 4g.20gb (0),1,,13,"void ch_est::chEstFilterNoDftSOfdmDispatchKernel<float, __half, float, (unsigned int)2>(ch_est::puschRxChEstStatDescr_t *, ch_est::puschRxChEstDynDescr_t *)"
17638377479,4992,352280,137,2,1,24,2,1,44,0.001,0.001,,,,,NVIDIA A100-SXM4-40GB MIG 4g.20gb (0),1,,13,"void ch_est::chEstFilterNoDftSOfdmDispatchKernel<float, __half, float, (unsigned int)2>(ch_est::puschRxChEstStatDescr_t *, ch_est::puschRxChEstDynDescr_t *)"
17638383495,2560,352291,103,1,1,128,1,1,16,0.000,0.000,,,,,NVIDIA A100-SXM4-40GB MIG 4g.20gb (0),1,,13,cupy_copy__complex64_complex64
17638387175,12768,352301,1434,1,1,128,1,1,16,0.000,0.000,,,,,NVIDIA A100-SXM4-40GB MIG 4g.20gb (0),1,,13,cupy_copy__complex64_complex64
17638401031,2432,352308,103,1,1,128,1,1,16,0.000,0.000,,,,,NVIDIA A100-SXM4-40GB MIG 4g.20gb (0),1,,13,cupy_copy__complex64_complex64
17638404551,79295,352315,1,1,1,32,32,1,30,0.000,0.000,,,,,NVIDIA A100-SXM4-40GB MIG 4g.20gb (0),1,,13,"void convert_kernel<__half2, float2>(tensor_layout_any, T1 *, tensor_layout_any, const T2 *)"
17638510790,5344,352318,,,,,,,,,,0.094,17532.864,Pinned,Device,NVIDIA A100-SXM4-40GB MIG 4g.20gb (0),1,,13,[CUDA memcpy Host-to-Device]
17638522534,46079,352319,,,,,,,,,,35.810,777111.074,Device,,NVIDIA A100-SXM4-40GB MIG 4g.20gb (0),1,,13,[CUDA memset]
17638575365,1824,352321,,,,,,,,,,0.000,43.860,Pinned,Device,NVIDIA A100-SXM4-40GB MIG 4g.20gb (0),1,,13,[CUDA memcpy Host-to-Device]
17638579301,9184,352322,,,,,,,,,,0.197,21407.662,Pinned,Device,NVIDIA A100-SXM4-40GB MIG 4g.20gb (0),1,,13,[CUDA memcpy Host-to-Device]
17638591493,8928,352323,273,1,1,48,1,1,40,0.000,0.001,,,,,NVIDIA A100-SXM4-40GB MIG 4g.20gb (0),1,,13,"void pusch_noise_intf_est::noiseIntfEstNoDftSOfdmKernel<float, __half, float, float, (unsigned int)2, (unsigned int)1, (unsigned char)4, (unsigned char)4>(pusch_noise_intf_est::puschRxNoiseIntfEstDynDescr)"
17638601509,2848,352334,35,1,1,128,1,1,16,0.000,0.000,,,,,NVIDIA A100-SXM4-40GB MIG 4g.20gb (0),1,,13,cupy_copy__complex64_complex64
17638629060,1888,352343,1,1,1,1,1,1,18,0.000,0.000,,,,,NVIDIA A100-SXM4-40GB MIG 4g.20gb (0),1,,13,cupy_copy__float32_float32
17638663172,1568,352349,,,,,,,,,,0.000,2.551,Device,Pageable,NVIDIA A100-SXM4-40GB MIG 4g.20gb (0),1,,7,[CUDA memcpy Device-to-Host]
17638722435,13376,352360,1434,1,1,128,1,1,16,0.000,0.000,,,,,NVIDIA A100-SXM4-40GB MIG 4g.20gb (0),1,,13,cupy_copy__complex64_complex64
17638748419,2656,352367,103,1,1,128,1,1,16,0.000,0.000,,,,,NVIDIA A100-SXM4-40GB MIG 4g.20gb (0),1,,13,cupy_copy__complex64_complex64
17638769251,2144,352374,35,1,1,128,1,1,16,0.000,0.000,,,,,NVIDIA A100-SXM4-40GB MIG 4g.20gb (0),1,,13,cupy_copy__complex64_complex64
17638786947,1856,352381,1,1,1,1,1,1,18,0.000,0.000,,,,,NVIDIA A100-SXM4-40GB MIG 4g.20gb (0),1,,13,cupy_copy__float32_float32
17638930785,80031,352392,1,1,1,32,32,1,30,0.000,0.000,,,,,NVIDIA A100-SXM4-40GB MIG 4g.20gb (0),1,,13,"void convert_kernel<__half2, float2>(tensor_layout_any, T1 *, tensor_layout_any, const T2 *)"
17639038080,5312,352395,,,,,,,,,,0.094,17638.553,Pinned,Device,NVIDIA A100-SXM4-40GB MIG 4g.20gb (0),1,,13,[CUDA memcpy Host-to-Device]
17639052128,3200,352396,,,,,,,,,,1.547,483320.000,Device,,NVIDIA A100-SXM4-40GB MIG 4g.20gb (0),1,,13,[CUDA memset]
17639058816,3008,352401,,,,,,,,,,0.031,10404.230,Pinned,Device,NVIDIA A100-SXM4-40GB MIG 4g.20gb (0),1,,13,[CUDA memcpy Host-to-Device]
17639063903,9248,352402,,,,,,,,,,0.197,21259.420,Pinned,Device,NVIDIA A100-SXM4-40GB MIG 4g.20gb (0),1,,13,[CUDA memcpy Host-to-Device]
17639076607,5952,352403,273,1,1,8,4,1,39,0.002,0.000,,,,,NVIDIA A100-SXM4-40GB MIG 4g.20gb (0),1,,13,"void channel_eq::eqMmseCoefCompLowMimoKernel<float, float, float, (unsigned int)4, (unsigned int)1, (unsigned int)4>(const channel_eq::_puschRxChEqStatDescr *, channel_eq::_puschRxChEqCoefCompDynDescr)"
17639083583,6304,352404,273,1,1,12,11,1,51,0.002,0.000,,,,,NVIDIA A100-SXM4-40GB MIG 4g.20gb (0),1,,13,"void channel_eq::eqMmseSoftDemapKernel<float, __half, __half, float, (unsigned int)4, (unsigned short)16383>(channel_eq::_puschRxChEqStatDescr *, channel_eq::_puschRxChEqSoftDemapDynDescr)"
17639091007,281373,352405,1,1,1,32,32,1,30,0.000,0.000,,,,,NVIDIA A100-SXM4-40GB MIG 4g.20gb (0),1,,13,"void convert_kernel<float2, __half2>(tensor_layout_any, T1 *, tensor_layout_any, const T2 *)"
17639373468,10656,352417,2253,1,1,128,1,1,16,0.000,0.000,,,,,NVIDIA A100-SXM4-40GB MIG 4g.20gb (0),1,,13,cupy_copy__float16_float16
17639385052,2816,352426,282,1,1,128,1,1,16,0.000,0.000,,,,,NVIDIA A100-SXM4-40GB MIG 4g.20gb (0),1,,13,cupy_copy__complex64_complex64
17639388956,2048,352435,26,1,1,128,1,1,16,0.000,0.000,,,,,NVIDIA A100-SXM4-40GB MIG 4g.20gb (0),1,,13,cupy_copy__float32_float32
17639391996,2848,352444,103,1,1,128,1,1,16,0.000,0.000,,,,,NVIDIA A100-SXM4-40GB MIG 4g.20gb (0),1,,13,cupy_copy__complex64_complex64
17639395900,11456,352454,1434,1,1,128,1,1,16,0.000,0.000,,,,,NVIDIA A100-SXM4-40GB MIG 4g.20gb (0),1,,13,cupy_copy__complex64_complex64
17639424667,79840,352459,1,1,1,32,32,1,30,0.000,0.000,,,,,NVIDIA A100-SXM4-40GB MIG 4g.20gb (0),1,,13,"void convert_kernel<__half2, float2>(tensor_layout_any, T1 *, tensor_layout_any, const T2 *)"
17639532826,5536,352462,,,,,,,,,,0.094,16924.777,Pinned,Device,NVIDIA A100-SXM4-40GB MIG 4g.20gb (0),1,,13,[CUDA memcpy Host-to-Device]
17639558938,602105,352463,,,,,,,,,,456.561,757891.990,Device,,NVIDIA A100-SXM4-40GB MIG 4g.20gb (0),1,,13,[CUDA memset]
17640168691,48672,352468,,,,,,,,,,1.235,25371.924,Pinned,Device,NVIDIA A100-SXM4-40GB MIG 4g.20gb (0),1,,13,[CUDA memcpy Host-to-Device]
17640219923,9311,352469,,,,,,,,,,0.197,21115.503,Pinned,Device,NVIDIA A100-SXM4-40GB MIG 4g.20gb (0),1,,13,[CUDA memcpy Host-to-Device]
17640264722,8576,352470,69,4,1,48,1,1,76,0.002,0.000,,,,,NVIDIA A100-SXM4-40GB MIG 4g.20gb (0),1,,13,"void ch_est::windowedChEstPreNoDftSOfdmKernel<float, __half, float, (unsigned int)2, (unsigned int)1, (unsigned short)4>(ch_est::puschRxChEstStatDescr_t *, ch_est::puschRxChEstDynDescr_t *)"
17640376529,10016,352471,137,2,1,24,2,1,44,0.001,0.001,,,,,NVIDIA A100-SXM4-40GB MIG 4g.20gb (0),1,,13,"void ch_est::chEstFilterNoDftSOfdmDispatchKernel<float, __half, float, (unsigned int)2>(ch_est::puschRxChEstStatDescr_t *, ch_est::puschRxChEstDynDescr_t *)"
17640387665,5600,352472,137,2,1,24,2,1,44,0.001,0.001,,,,,NVIDIA A100-SXM4-40GB MIG 4g.20gb (0),1,,13,"void ch_est::chEstFilterNoDftSOfdmDispatchKernel<float, __half, float, (unsigned int)2>(ch_est::puschRxChEstStatDescr_t *, ch_est::puschRxChEstDynDescr_t *)"
17640394385,2496,352483,103,1,1,128,1,1,16,0.000,0.000,,,,,NVIDIA A100-SXM4-40GB MIG 4g.20gb (0),1,,13,cupy_copy__complex64_complex64
17640397841,12511,352493,1434,1,1,128,1,1,16,0.000,0.000,,,,,NVIDIA A100-SXM4-40GB MIG 4g.20gb (0),1,,13,cupy_copy__complex64_complex64
17640411376,2432,352500,103,1,1,128,1,1,16,0.000,0.000,,,,,NVIDIA A100-SXM4-40GB MIG 4g.20gb (0),1,,13,cupy_copy__complex64_complex64
17640414864,89055,352507,1,1,1,32,32,1,30,0.000,0.000,,,,,NVIDIA A100-SXM4-40GB MIG 4g.20gb (0),1,,13,"void convert_kernel<__half2, float2>(tensor_layout_any, T1 *, tensor_layout_any, const T2 *)"
17640534351,5376,352510,,,,,,,,,,0.094,17428.487,Pinned,Device,NVIDIA A100-SXM4-40GB MIG 4g.20gb (0),1,,13,[CUDA memcpy Host-to-Device]
17640560783,49151,352511,,,,,,,,,,35.810,728552.822,Device,,NVIDIA A100-SXM4-40GB MIG 4g.20gb (0),1,,13,[CUDA memset]
17640612334,2432,352513,,,,,,,,,,0.000,32.895,Pinned,Device,NVIDIA A100-SXM4-40GB MIG 4g.20gb (0),1,,13,[CUDA memcpy Host-to-Device]
17640617582,9280,352514,,,,,,,,,,0.197,21186.085,Pinned,Device,NVIDIA A100-SXM4-40GB MIG 4g.20gb (0),1,,13,[CUDA memcpy Host-to-Device]
17640710285,10848,352515,273,1,1,48,1,1,40,0.000,0.001,,,,,NVIDIA A100-SXM4-40GB MIG 4g.20gb (0),1,,13,"void pusch_noise_intf_est::noiseIntfEstNoDftSOfdmKernel<float, __half, float, float, (unsigned int)2, (unsigned int)1, (unsigned char)4, (unsigned char)4>(pusch_noise_intf_est::puschRxNoiseIntfEstDynDescr)"
17640821580,4224,352526,35,1,1,128,1,1,16,0.000,0.000,,,,,NVIDIA A100-SXM4-40GB MIG 4g.20gb (0),1,,13,cupy_copy__complex64_complex64
17640826764,3232,352535,1,1,1,1,1,1,18,0.000,0.000,,,,,NVIDIA A100-SXM4-40GB MIG 4g.20gb (0),1,,13,cupy_copy__float32_float32
17640838252,1632,352541,,,,,,,,,,0.000,2.451,Device,Pageable,NVIDIA A100-SXM4-40GB MIG 4g.20gb (0),1,,7,[CUDA memcpy Device-to-Host]
17640931179,16319,352552,1434,1,1,128,1,1,16,0.000,0.000,,,,,NVIDIA A100-SXM4-40GB MIG 4g.20gb (0),1,,13,cupy_copy__complex64_complex64
17640948586,3296,352559,103,1,1,128,1,1,16,0.000,0.000,,,,,NVIDIA A100-SXM4-40GB MIG 4g.20gb (0),1,,13,cupy_copy__complex64_complex64
17641051049,4992,352566,35,1,1,128,1,1,16,0.000,0.000,,,,,NVIDIA A100-SXM4-40GB MIG 4g.20gb (0),1,,13,cupy_copy__complex64_complex64
17641057161,3264,352573,1,1,1,1,1,1,18,0.000,0.000,,,,,NVIDIA A100-SXM4-40GB MIG 4g.20gb (0),1,,13,cupy_copy__float32_float32
17641163688,291837,352584,1,1,1,32,32,1,30,0.000,0.000,,,,,NVIDIA A100-SXM4-40GB MIG 4g.20gb (0),1,,13,"void convert_kernel<__half2, float2>(tensor_layout_any, T1 *, tensor_layout_any, const T2 *)"
17641486148,5536,352587,,,,,,,,,,0.094,16924.777,Pinned,Device,NVIDIA A100-SXM4-40GB MIG 4g.20gb (0),1,,13,[CUDA memcpy Host-to-Device]
17641565635,5472,352588,,,,,,,,,,1.547,282642.443,Device,,NVIDIA A100-SXM4-40GB MIG 4g.20gb (0),1,,13,[CUDA memset]
17641578723,3424,352593,,,,,,,,,,0.031,9140.185,Pinned,Device,NVIDIA A100-SXM4-40GB MIG 4g.20gb (0),1,,13,[CUDA memcpy Host-to-Device]
17641585123,9344,352594,,,,,,,,,,0.197,21040.988,Pinned,Device,NVIDIA A100-SXM4-40GB MIG 4g.20gb (0),1,,13,[CUDA memcpy Host-to-Device]
17641679010,10336,352595,273,1,1,8,4,1,39,0.002,0.000,,,,,NVIDIA A100-SXM4-40GB MIG 4g.20gb (0),1,,13,"void channel_eq::eqMmseCoefCompLowMimoKernel<float, float, float, (unsigned int)4, (unsigned int)1, (unsigned int)4>(const channel_eq::_puschRxChEqStatDescr *, channel_eq::_puschRxChEqCoefCompDynDescr)"
17641788385,10144,352596,273,1,1,12,11,1,51,0.002,0.000,,,,,NVIDIA A100-SXM4-40GB MIG 4g.20gb (0),1,,13,"void channel_eq::eqMmseSoftDemapKernel<float, __half, __half, float, (unsigned int)4, (unsigned short)16383>(channel_eq::_puschRxChEqStatDescr *, channel_eq::_puschRxChEqSoftDemapDynDescr)"
17641799617,614137,352597,1,1,1,32,32,1,30,0.000,0.000,,,,,NVIDIA A100-SXM4-40GB MIG 4g.20gb (0),1,,13,"void convert_kernel<float2, __half2>(tensor_layout_any, T1 *, tensor_layout_any, const T2 *)"
17642414778,11808,352609,2253,1,1,128,1,1,16,0.000,0.000,,,,,NVIDIA A100-SXM4-40GB MIG 4g.20gb (0),1,,13,cupy_copy__float16_float16
17642427610,3616,352618,282,1,1,128,1,1,16,0.000,0.000,,,,,NVIDIA A100-SXM4-40GB MIG 4g.20gb (0),1,,13,cupy_copy__complex64_complex64
17642432186,2240,352627,26,1,1,128,1,1,16,0.000,0.000,,,,,NVIDIA A100-SXM4-40GB MIG 4g.20gb (0),1,,13,cupy_copy__float32_float32
17642435450,3136,352636,103,1,1,128,1,1,16,0.000,0.000,,,,,NVIDIA A100-SXM4-40GB MIG 4g.20gb (0),1,,13,cupy_copy__complex64_complex64
17642439674,12191,352646,1434,1,1,128,1,1,16,0.000,0.000,,,,,NVIDIA A100-SXM4-40GB MIG 4g.20gb (0),1,,13,cupy_copy__complex64_complex64
17642452953,79328,352651,1,1,1,32,32,1,30,0.000,0.000,,,,,NVIDIA A100-SXM4-40GB MIG 4g.20gb (0),1,,13,"void convert_kernel<__half2, float2>(tensor_layout_any, T1 *, tensor_layout_any, const T2 *)"
17642560120,5408,352654,,,,,,,,,,0.094,17325.421,Pinned,Device,NVIDIA A100-SXM4-40GB MIG 4g.20gb (0),1,,13,[CUDA memcpy Host-to-Device]
17642569720,591001,352655,,,,,,,,,,456.561,772501.956,Device,,NVIDIA A100-SXM4-40GB MIG 4g.20gb (0),1,,13,[CUDA memset]
17643167985,48160,352660,,,,,,,,,,1.235,25642.377,Pinned,Device,NVIDIA A100-SXM4-40GB MIG 4g.20gb (0),1,,13,[CUDA memcpy Host-to-Device]
17643218257,9216,352661,,,,,,,,,,0.197,21333.148,Pinned,Device,NVIDIA A100-SXM4-40GB MIG 4g.20gb (0),1,,13,[CUDA memcpy Host-to-Device]
17643230673,7136,352662,69,4,1,48,1,1,76,0.002,0.000,,,,,NVIDIA A100-SXM4-40GB MIG 4g.20gb (0),1,,13,"void ch_est::windowedChEstPreNoDftSOfdmKernel<float, __half, float, (unsigned int)2, (unsigned int)1, (unsigned short)4>(ch_est::puschRxChEstStatDescr_t *, ch_est::puschRxChEstDynDescr_t *)"
17643238929,7008,352663,137,2,1,24,2,1,44,0.001,0.001,,,,,NVIDIA A100-SXM4-40GB MIG 4g.20gb (0),1,,13,"void ch_est::chEstFilterNoDftSOfdmDispatchKernel<float, __half, float, (unsigned int)2>(ch_est::puschRxChEstStatDescr_t *, ch_est::puschRxChEstDynDescr_t *)"
17643247025,4991,352664,137,2,1,24,2,1,44,0.001,0.001,,,,,NVIDIA A100-SXM4-40GB MIG 4g.20gb (0),1,,13,"void ch_est::chEstFilterNoDftSOfdmDispatchKernel<float, __half, float, (unsigned int)2>(ch_est::puschRxChEstStatDescr_t *, ch_est::puschRxChEstDynDescr_t *)"
17643253040,2496,352675,103,1,1,128,1,1,16,0.000,0.000,,,,,NVIDIA A100-SXM4-40GB MIG 4g.20gb (0),1,,13,cupy_copy__complex64_complex64
17643256528,13024,352685,1434,1,1,128,1,1,16,0.000,0.000,,,,,NVIDIA A100-SXM4-40GB MIG 4g.20gb (0),1,,13,cupy_copy__complex64_complex64
17643270608,2432,352692,103,1,1,128,1,1,16,0.000,0.000,,,,,NVIDIA A100-SXM4-40GB MIG 4g.20gb (0),1,,13,cupy_copy__complex64_complex64
17643274032,79071,352699,1,1,1,32,32,1,30,0.000,0.000,,,,,NVIDIA A100-SXM4-40GB MIG 4g.20gb (0),1,,13,"void convert_kernel<__half2, float2>(tensor_layout_any, T1 *, tensor_layout_any, const T2 *)"
17643380847,5344,352702,,,,,,,,,,0.094,17532.864,Pinned,Device,NVIDIA A100-SXM4-40GB MIG 4g.20gb (0),1,,13,[CUDA memcpy Host-to-Device]
17643392815,45599,352703,,,,,,,,,,35.810,785311.546,Device,,NVIDIA A100-SXM4-40GB MIG 4g.20gb (0),1,,13,[CUDA memset]
17643443406,1856,352705,,,,,,,,,,0.000,43.103,Pinned,Device,NVIDIA A100-SXM4-40GB MIG 4g.20gb (0),1,,13,[CUDA memcpy Host-to-Device]
17643447342,9216,352706,,,,,,,,,,0.197,21333.148,Pinned,Device,NVIDIA A100-SXM4-40GB MIG 4g.20gb (0),1,,13,[CUDA memcpy Host-to-Device]
17643459630,8864,352707,273,1,1,48,1,1,40,0.000,0.001,,,,,NVIDIA A100-SXM4-40GB MIG 4g.20gb (0),1,,13,"void pusch_noise_intf_est::noiseIntfEstNoDftSOfdmKernel<float, __half, float, float, (unsigned int)2, (unsigned int)1, (unsigned char)4, (unsigned char)4>(pusch_noise_intf_est::puschRxNoiseIntfEstDynDescr)"
17643469486,2912,352718,35,1,1,128,1,1,16,0.000,0.000,,,,,NVIDIA A100-SXM4-40GB MIG 4g.20gb (0),1,,13,cupy_copy__complex64_complex64
17643496654,1824,352727,1,1,1,1,1,1,18,0.000,0.000,,,,,NVIDIA A100-SXM4-40GB MIG 4g.20gb (0),1,,13,cupy_copy__float32_float32
17643531501,1600,352733,,,,,,,,,,0.000,2.500,Device,Pageable,NVIDIA A100-SXM4-40GB MIG 4g.20gb (0),1,,7,[CUDA memcpy Device-to-Host]
17643591373,13343,352744,1434,1,1,128,1,1,16,0.000,0.000,,,,,NVIDIA A100-SXM4-40GB MIG 4g.20gb (0),1,,13,cupy_copy__complex64_complex64
17643617932,2656,352751,103,1,1,128,1,1,16,0.000,0.000,,,,,NVIDIA A100-SXM4-40GB MIG 4g.20gb (0),1,,13,cupy_copy__complex64_complex64
17643650636,2144,352758,35,1,1,128,1,1,16,0.000,0.000,,,,,NVIDIA A100-SXM4-40GB MIG 4g.20gb (0),1,,13,cupy_copy__complex64_complex64
17643669516,1792,352765,1,1,1,1,1,1,18,0.000,0.000,,,,,NVIDIA A100-SXM4-40GB MIG 4g.20gb (0),1,,13,cupy_copy__float32_float32
17643807082,79167,352776,1,1,1,32,32,1,30,0.000,0.000,,,,,NVIDIA A100-SXM4-40GB MIG 4g.20gb (0),1,,13,"void convert_kernel<__half2, float2>(tensor_layout_any, T1 *, tensor_layout_any, const T2 *)"
17643915817,5376,352779,,,,,,,,,,0.094,17428.487,Pinned,Device,NVIDIA A100-SXM4-40GB MIG 4g.20gb (0),1,,13,[CUDA memcpy Host-to-Device]
17643930569,3232,352780,,,,,,,,,,1.547,478533.199,Device,,NVIDIA A100-SXM4-40GB MIG 4g.20gb (0),1,,13,[CUDA memset]
17643937481,3040,352785,,,,,,,,,,0.031,10294.725,Pinned,Device,NVIDIA A100-SXM4-40GB MIG 4g.20gb (0),1,,13,[CUDA memcpy Host-to-Device]
17643942601,9344,352786,,,,,,,,,,0.197,21040.988,Pinned,Device,NVIDIA A100-SXM4-40GB MIG 4g.20gb (0),1,,13,[CUDA memcpy Host-to-Device]
17643954953,6239,352787,273,1,1,8,4,1,39,0.002,0.000,,,,,NVIDIA A100-SXM4-40GB MIG 4g.20gb (0),1,,13,"void channel_eq::eqMmseCoefCompLowMimoKernel<float, float, float, (unsigned int)4, (unsigned int)1, (unsigned int)4>(const channel_eq::_puschRxChEqStatDescr *, channel_eq::_puschRxChEqCoefCompDynDescr)"
17643962312,5568,352788,273,1,1,12,11,1,51,0.002,0.000,,,,,NVIDIA A100-SXM4-40GB MIG 4g.20gb (0),1,,13,"void channel_eq::eqMmseSoftDemapKernel<float, __half, __half, float, (unsigned int)4, (unsigned short)16383>(channel_eq::_puschRxChEqStatDescr *, channel_eq::_puschRxChEqSoftDemapDynDescr)"
17643968840,281725,352789,1,1,1,32,32,1,30,0.000,0.000,,,,,NVIDIA A100-SXM4-40GB MIG 4g.20gb (0),1,,13,"void convert_kernel<float2, __half2>(tensor_layout_any, T1 *, tensor_layout_any, const T2 *)"
17644251717,10400,352801,2253,1,1,128,1,1,16,0.000,0.000,,,,,NVIDIA A100-SXM4-40GB MIG 4g.20gb (0),1,,13,cupy_copy__float16_float16
17644263109,2784,352810,282,1,1,128,1,1,16,0.000,0.000,,,,,NVIDIA A100-SXM4-40GB MIG 4g.20gb (0),1,,13,cupy_copy__complex64_complex64
17644266981,2080,352819,26,1,1,128,1,1,16,0.000,0.000,,,,,NVIDIA A100-SXM4-40GB MIG 4g.20gb (0),1,,13,cupy_copy__float32_float32
17644270021,2848,352828,103,1,1,128,1,1,16,0.000,0.000,,,,,NVIDIA A100-SXM4-40GB MIG 4g.20gb (0),1,,13,cupy_copy__complex64_complex64
17644274053,11392,352838,1434,1,1,128,1,1,16,0.000,0.000,,,,,NVIDIA A100-SXM4-40GB MIG 4g.20gb (0),1,,13,cupy_copy__complex64_complex64
17644307365,80799,352843,1,1,1,32,32,1,30,0.000,0.000,,,,,NVIDIA A100-SXM4-40GB MIG 4g.20gb (0),1,,13,"void convert_kernel<__half2, float2>(tensor_layout_any, T1 *, tensor_layout_any, const T2 *)"
17644417187,5344,352846,,,,,,,,,,0.094,17532.864,Pinned,Device,NVIDIA A100-SXM4-40GB MIG 4g.20gb (0),1,,13,[CUDA memcpy Host-to-Device]
17644426467,600122,352847,,,,,,,,,,456.561,760631.359,Device,,NVIDIA A100-SXM4-40GB MIG 4g.20gb (0),1,,13,[CUDA memset]
17645033244,49440,352852,,,,,,,,,,1.235,24977.977,Pinned,Device,NVIDIA A100-SXM4-40GB MIG 4g.20gb (0),1,,13,[CUDA memcpy Host-to-Device]
17645085116,11712,352853,,,,,,,,,,0.197,16786.784,Pinned,Device,NVIDIA A100-SXM4-40GB MIG 4g.20gb (0),1,,13,[CUDA memcpy Host-to-Device]
17645181595,9472,352854,69,4,1,48,1,1,76,0.002,0.000,,,,,NVIDIA A100-SXM4-40GB MIG 4g.20gb (0),1,,13,"void ch_est::windowedChEstPreNoDftSOfdmKernel<float, __half, float, (unsigned int)2, (unsigned int)1, (unsigned short)4>(ch_est::puschRxChEstStatDescr_t *, ch_est::puschRxChEstDynDescr_t *)"
17645192219,7680,352855,137,2,1,24,2,1,44,0.001,0.001,,,,,NVIDIA A100-SXM4-40GB MIG 4g.20gb (0),1,,13,"void ch_est::chEstFilterNoDftSOfdmDispatchKernel<float, __half, float, (unsigned int)2>(ch_est::puschRxChEstStatDescr_t *, ch_est::puschRxChEstDynDescr_t *)"
17645303289,9728,352856,137,2,1,24,2,1,44,0.001,0.001,,,,,NVIDIA A100-SXM4-40GB MIG 4g.20gb (0),1,,13,"void ch_est::chEstFilterNoDftSOfdmDispatchKernel<float, __half, float, (unsigned int)2>(ch_est::puschRxChEstStatDescr_t *, ch_est::puschRxChEstDynDescr_t *)"
17645313977,4256,352867,103,1,1,128,1,1,16,0.000,0.000,,,,,NVIDIA A100-SXM4-40GB MIG 4g.20gb (0),1,,13,cupy_copy__complex64_complex64
17645319289,13120,352877,1434,1,1,128,1,1,16,0.000,0.000,,,,,NVIDIA A100-SXM4-40GB MIG 4g.20gb (0),1,,13,cupy_copy__complex64_complex64
17645333401,2496,352884,103,1,1,128,1,1,16,0.000,0.000,,,,,NVIDIA A100-SXM4-40GB MIG 4g.20gb (0),1,,13,cupy_copy__complex64_complex64
17645336889,83455,352891,1,1,1,32,32,1,30,0.000,0.000,,,,,NVIDIA A100-SXM4-40GB MIG 4g.20gb (0),1,,13,"void convert_kernel<__half2, float2>(tensor_layout_any, T1 *, tensor_layout_any, const T2 *)"
17645450680,5376,352894,,,,,,,,,,0.094,17428.487,Pinned,Device,NVIDIA A100-SXM4-40GB MIG 4g.20gb (0),1,,13,[CUDA memcpy Host-to-Device]
17645498903,57376,352895,,,,,,,,,,35.810,624095.286,Device,,NVIDIA A100-SXM4-40GB MIG 4g.20gb (0),1,,13,[CUDA memset]
17645560599,2079,352897,,,,,,,,,,0.000,38.480,Pinned,Device,NVIDIA A100-SXM4-40GB MIG 4g.20gb (0),1,,13,[CUDA memcpy Host-to-Device]
17645565142,9600,352898,,,,,,,,,,0.197,20479.869,Pinned,Device,NVIDIA A100-SXM4-40GB MIG 4g.20gb (0),1,,13,[CUDA memcpy Host-to-Device]
17645649782,14079,352899,273,1,1,48,1,1,40,0.000,0.001,,,,,NVIDIA A100-SXM4-40GB MIG 4g.20gb (0),1,,13,"void pusch_noise_intf_est::noiseIntfEstNoDftSOfdmKernel<float, __half, float, float, (unsigned int)2, (unsigned int)1, (unsigned char)4, (unsigned char)4>(pusch_noise_intf_est::puschRxNoiseIntfEstDynDescr)"
17645664853,3328,352910,35,1,1,128,1,1,16,0.000,0.000,,,,,NVIDIA A100-SXM4-40GB MIG 4g.20gb (0),1,,13,cupy_copy__complex64_complex64
17645766228,3872,352919,1,1,1,1,1,1,18,0.000,0.000,,,,,NVIDIA A100-SXM4-40GB MIG 4g.20gb (0),1,,13,cupy_copy__float32_float32
17645772084,1568,352925,,,,,,,,,,0.000,2.551,Device,Pageable,NVIDIA A100-SXM4-40GB MIG 4g.20gb (0),1,,7,[CUDA memcpy Device-to-Host]
17645884019,22688,352936,1434,1,1,128,1,1,16,0.000,0.000,,,,,NVIDIA A100-SXM4-40GB MIG 4g.20gb (0),1,,13,cupy_copy__complex64_complex64
17646003890,6943,352943,103,1,1,128,1,1,16,0.000,0.000,,,,,NVIDIA A100-SXM4-40GB MIG 4g.20gb (0),1,,13,cupy_copy__complex64_complex64
17646011889,3552,352950,35,1,1,128,1,1,16,0.000,0.000,,,,,NVIDIA A100-SXM4-40GB MIG 4g.20gb (0),1,,13,cupy_copy__complex64_complex64
17646016529,2368,352957,1,1,1,1,1,1,18,0.000,0.000,,,,,NVIDIA A100-SXM4-40GB MIG 4g.20gb (0),1,,13,cupy_copy__float32_float32
17646121328,277597,352968,1,1,1,32,32,1,30,0.000,0.000,,,,,NVIDIA A100-SXM4-40GB MIG 4g.20gb (0),1,,13,"void convert_kernel<__half2, float2>(tensor_layout_any, T1 *, tensor_layout_any, const T2 *)"
17646428205,5408,352971,,,,,,,,,,0.094,17325.421,Pinned,Device,NVIDIA A100-SXM4-40GB MIG 4g.20gb (0),1,,13,[CUDA memcpy Host-to-Device]
17646538860,6239,352972,,,,,,,,,,1.547,247895.988,Device,,NVIDIA A100-SXM4-40GB MIG 4g.20gb (0),1,,13,[CUDA memset]
17646553547,3008,352977,,,,,,,,,,0.031,10404.230,Pinned,Device,NVIDIA A100-SXM4-40GB MIG 4g.20gb (0),1,,13,[CUDA memcpy Host-to-Device]
17646559659,10336,352978,,,,,,,,,,0.197,19021.627,Pinned,Device,NVIDIA A100-SXM4-40GB MIG 4g.20gb (0),1,,13,[CUDA memcpy Host-to-Device]
17646659338,18688,352979,273,1,1,8,4,1,39,0.002,0.000,,,,,NVIDIA A100-SXM4-40GB MIG 4g.20gb (0),1,,13,"void channel_eq::eqMmseCoefCompLowMimoKernel<float, float, float, (unsigned int)4, (unsigned int)1, (unsigned int)4>(const channel_eq::_puschRxChEqStatDescr *, channel_eq::_puschRxChEqCoefCompDynDescr)"
17646716202,11583,352980,273,1,1,12,11,1,51,0.002,0.000,,,,,NVIDIA A100-SXM4-40GB MIG 4g.20gb (0),1,,13,"void channel_eq::eqMmseSoftDemapKernel<float, __half, __half, float, (unsigned int)4, (unsigned short)16383>(channel_eq::_puschRxChEqStatDescr *, channel_eq::_puschRxChEqSoftDemapDynDescr)"
17646818760,710168,352981,1,1,1,32,32,1,30,0.000,0.000,,,,,NVIDIA A100-SXM4-40GB MIG 4g.20gb (0),1,,13,"void convert_kernel<float2, __half2>(tensor_layout_any, T1 *, tensor_layout_any, const T2 *)"
17647555456,28864,352993,2253,1,1,128,1,1,16,0.000,0.000,,,,,NVIDIA A100-SXM4-40GB MIG 4g.20gb (0),1,,13,cupy_copy__float16_float16
17647585472,4096,353002,282,1,1,128,1,1,16,0.000,0.000,,,,,NVIDIA A100-SXM4-40GB MIG 4g.20gb (0),1,,13,cupy_copy__complex64_complex64
17647590688,2624,353011,26,1,1,128,1,1,16,0.000,0.000,,,,,NVIDIA A100-SXM4-40GB MIG 4g.20gb (0),1,,13,cupy_copy__float32_float32
17647594272,3648,353020,103,1,1,128,1,1,16,0.000,0.000,,,,,NVIDIA A100-SXM4-40GB MIG 4g.20gb (0),1,,13,cupy_copy__complex64_complex64
17647598944,12511,353030,1434,1,1,128,1,1,16,0.000,0.000,,,,,NVIDIA A100-SXM4-40GB MIG 4g.20gb (0),1,,13,cupy_copy__complex64_complex64
17647612511,117471,353035,1,1,1,32,32,1,30,0.000,0.000,,,,,NVIDIA A100-SXM4-40GB MIG 4g.20gb (0),1,,13,"void convert_kernel<__half2, float2>(tensor_layout_any, T1 *, tensor_layout_any, const T2 *)"
17647758686,5536,353038,,,,,,,,,,0.094,16924.777,Pinned,Device,NVIDIA A100-SXM4-40GB MIG 4g.20gb (0),1,,13,[CUDA memcpy Host-to-Device]
17647775806,607449,353039,,,,,,,,,,456.561,751500.130,Device,,NVIDIA A100-SXM4-40GB MIG 4g.20gb (0),1,,13,[CUDA memset]
17648385079,52287,353044,,,,,,,,,,1.235,23618.304,Pinned,Device,NVIDIA A100-SXM4-40GB MIG 4g.20gb (0),1,,13,[CUDA memcpy Host-to-Device]
17648439958,9760,353045,,,,,,,,,,0.197,20144.259,Pinned,Device,NVIDIA A100-SXM4-40GB MIG 4g.20gb (0),1,,13,[CUDA memcpy Host-to-Device]
17648509749,28416,353046,69,4,1,48,1,1,76,0.002,0.000,,,,,NVIDIA A100-SXM4-40GB MIG 4g.20gb (0),1,,13,"void ch_est::windowedChEstPreNoDftSOfdmKernel<float, __half, float, (unsigned int)2, (unsigned int)1, (unsigned short)4>(ch_est::puschRxChEstStatDescr_t *, ch_est::puschRxChEstDynDescr_t *)"
17648539317,8320,353047,137,2,1,24,2,1,44,0.001,0.001,,,,,NVIDIA A100-SXM4-40GB MIG 4g.20gb (0),1,,13,"void ch_est::chEstFilterNoDftSOfdmDispatchKernel<float, __half, float, (unsigned int)2>(ch_est::puschRxChEstStatDescr_t *, ch_est::puschRxChEstDynDescr_t *)"
17648548597,5856,353048,137,2,1,24,2,1,44,0.001,0.001,,,,,NVIDIA A100-SXM4-40GB MIG 4g.20gb (0),1,,13,"void ch_est::chEstFilterNoDftSOfdmDispatchKernel<float, __half, float, (unsigned int)2>(ch_est::puschRxChEstStatDescr_t *, ch_est::puschRxChEstDynDescr_t *)"
17648555573,2528,353059,103,1,1,128,1,1,16,0.000,0.000,,,,,NVIDIA A100-SXM4-40GB MIG 4g.20gb (0),1,,13,cupy_copy__complex64_complex64
17648559221,12448,353069,1434,1,1,128,1,1,16,0.000,0.000,,,,,NVIDIA A100-SXM4-40GB MIG 4g.20gb (0),1,,13,cupy_copy__complex64_complex64
17648697171,12736,353076,103,1,1,128,1,1,16,0.000,0.000,,,,,NVIDIA A100-SXM4-40GB MIG 4g.20gb (0),1,,13,cupy_copy__complex64_complex64
17648711027,240349,353083,1,1,1,32,32,1,30,0.000,0.000,,,,,NVIDIA A100-SXM4-40GB MIG 4g.20gb (0),1,,13,"void convert_kernel<__half2, float2>(tensor_layout_any, T1 *, tensor_layout_any, const T2 *)"
17648980720,5472,353086,,,,,,,,,,0.094,17122.757,Pinned,Device,NVIDIA A100-SXM4-40GB MIG 4g.20gb (0),1,,13,[CUDA memcpy Host-to-Device]
17649059407,71135,353087,,,,,,,,,,35.810,503380.045,Device,,NVIDIA A100-SXM4-40GB MIG 4g.20gb (0),1,,13,[CUDA memset]
17649135758,1824,353089,,,,,,,,,,0.000,43.860,Pinned,Device,NVIDIA A100-SXM4-40GB MIG 4g.20gb (0),1,,13,[CUDA memcpy Host-to-Device]
17649140014,9696,353090,,,,,,,,,,0.197,20277.166,Pinned,Device,NVIDIA A100-SXM4-40GB MIG 4g.20gb (0),1,,13,[CUDA memcpy Host-to-Device]
17649274637,24800,353091,273,1,1,48,1,1,40,0.000,0.001,,,,,NVIDIA A100-SXM4-40GB MIG 4g.20gb (0),1,,13,"void pusch_noise_intf_est::noiseIntfEstNoDftSOfdmKernel<float, __half, float, float, (unsigned int)2, (unsigned int)1, (unsigned char)4, (unsigned char)4>(pusch_noise_intf_est::puschRxNoiseIntfEstDynDescr)"
17649355052,5696,353102,35,1,1,128,1,1,16,0.000,0.000,,,,,NVIDIA A100-SXM4-40GB MIG 4g.20gb (0),1,,13,cupy_copy__complex64_complex64
17649361932,2752,353111,1,1,1,1,1,1,18,0.000,0.000,,,,,NVIDIA A100-SXM4-40GB MIG 4g.20gb (0),1,,13,cupy_copy__float32_float32
17649368844,1664,353117,,,,,,,,,,0.000,2.404,Device,Pageable,NVIDIA A100-SXM4-40GB MIG 4g.20gb (0),1,,7,[CUDA memcpy Device-to-Host]
17649496458,20928,353128,1434,1,1,128,1,1,16,0.000,0.000,,,,,NVIDIA A100-SXM4-40GB MIG 4g.20gb (0),1,,13,cupy_copy__complex64_complex64
17649518410,4192,353135,103,1,1,128,1,1,16,0.000,0.000,,,,,NVIDIA A100-SXM4-40GB MIG 4g.20gb (0),1,,13,cupy_copy__complex64_complex64
17649523658,2944,353142,35,1,1,128,1,1,16,0.000,0.000,,,,,NVIDIA A100-SXM4-40GB MIG 4g.20gb (0),1,,13,cupy_copy__complex64_complex64
17649527658,2272,353149,1,1,1,1,1,1,18,0.000,0.000,,,,,NVIDIA A100-SXM4-40GB MIG 4g.20gb (0),1,,13,cupy_copy__float32_float32
17649690184,236893,353160,1,1,1,32,32,1,30,0.000,0.000,,,,,NVIDIA A100-SXM4-40GB MIG 4g.20gb (0),1,,13,"void convert_kernel<__half2, float2>(tensor_layout_any, T1 *, tensor_layout_any, const T2 *)"
17649955333,5376,353163,,,,,,,,,,0.094,17428.487,Pinned,Device,NVIDIA A100-SXM4-40GB MIG 4g.20gb (0),1,,13,[CUDA memcpy Host-to-Device]
17649968965,3744,353164,,,,,,,,,,1.547,413093.991,Device,,NVIDIA A100-SXM4-40GB MIG 4g.20gb (0),1,,13,[CUDA memset]
17649976005,3040,353169,,,,,,,,,,0.031,10294.725,Pinned,Device,NVIDIA A100-SXM4-40GB MIG 4g.20gb (0),1,,13,[CUDA memcpy Host-to-Device]
17649981157,9312,353170,,,,,,,,,,0.197,21113.340,Pinned,Device,NVIDIA A100-SXM4-40GB MIG 4g.20gb (0),1,,13,[CUDA memcpy Host-to-Device]
17649993573,7168,353171,273,1,1,8,4,1,39,0.002,0.000,,,,,NVIDIA A100-SXM4-40GB MIG 4g.20gb (0),1,,13,"void channel_eq::eqMmseCoefCompLowMimoKernel<float, float, float, (unsigned int)4, (unsigned int)1, (unsigned int)4>(const channel_eq::_puschRxChEqStatDescr *, channel_eq::_puschRxChEqCoefCompDynDescr)"
17650001733,7008,353172,273,1,1,12,11,1,51,0.002,0.000,,,,,NVIDIA A100-SXM4-40GB MIG 4g.20gb (0),1,,13,"void channel_eq::eqMmseSoftDemapKernel<float, __half, __half, float, (unsigned int)4, (unsigned short)16383>(channel_eq::_puschRxChEqStatDescr *, channel_eq::_puschRxChEqSoftDemapDynDescr)"
17650009829,577721,353173,1,1,1,32,32,1,30,0.000,0.000,,,,,NVIDIA A100-SXM4-40GB MIG 4g.20gb (0),1,,13,"void convert_kernel<float2, __half2>(tensor_layout_any, T1 *, tensor_layout_any, const T2 *)"
17650634782,22911,353185,2253,1,1,128,1,1,16,0.000,0.000,,,,,NVIDIA A100-SXM4-40GB MIG 4g.20gb (0),1,,13,cupy_copy__float16_float16
17650658717,4224,353194,282,1,1,128,1,1,16,0.000,0.000,,,,,NVIDIA A100-SXM4-40GB MIG 4g.20gb (0),1,,13,cupy_copy__complex64_complex64
17650722941,9727,353203,26,1,1,128,1,1,16,0.000,0.000,,,,,NVIDIA A100-SXM4-40GB MIG 4g.20gb (0),1,,13,cupy_copy__float32_float32
17650733820,5568,353212,103,1,1,128,1,1,16,0.000,0.000,,,,,NVIDIA A100-SXM4-40GB MIG 4g.20gb (0),1,,13,cupy_copy__complex64_complex64
17650740540,14336,353222,1434,1,1,128,1,1,16,0.000,0.000,,,,,NVIDIA A100-SXM4-40GB MIG 4g.20gb (0),1,,13,cupy_copy__complex64_complex64
17650815515,417340,353227,1,1,1,32,32,1,30,0.000,0.000,,,,,NVIDIA A100-SXM4-40GB MIG 4g.20gb (0),1,,13,"void convert_kernel<__half2, float2>(tensor_layout_any, T1 *, tensor_layout_any, const T2 *)"
17651262230,5888,353230,,,,,,,,,,0.094,15912.954,Pinned,Device,NVIDIA A100-SXM4-40GB MIG 4g.20gb (0),1,,13,[CUDA memcpy Host-to-Device]
17651378101,607417,353231,,,,,,,,,,456.561,751500.130,Device,,NVIDIA A100-SXM4-40GB MIG 4g.20gb (0),1,,13,[CUDA memset]
17651991246,53824,353236,,,,,,,,,,1.235,22944.025,Pinned,Device,NVIDIA A100-SXM4-40GB MIG 4g.20gb (0),1,,13,[CUDA memcpy Host-to-Device]
17652047790,10240,353237,,,,,,,,,,0.197,19199.951,Pinned,Device,NVIDIA A100-SXM4-40GB MIG 4g.20gb (0),1,,13,[CUDA memcpy Host-to-Device]
17652184172,11392,353238,69,4,1,48,1,1,76,0.002,0.000,,,,,NVIDIA A100-SXM4-40GB MIG 4g.20gb (0),1,,13,"void ch_est::windowedChEstPreNoDftSOfdmKernel<float, __half, float, (unsigned int)2, (unsigned int)1, (unsigned short)4>(ch_est::puschRxChEstStatDescr_t *, ch_est::puschRxChEstDynDescr_t *)"
17652196972,8960,353239,137,2,1,24,2,1,44,0.001,0.001,,,,,NVIDIA A100-SXM4-40GB MIG 4g.20gb (0),1,,13,"void ch_est::chEstFilterNoDftSOfdmDispatchKernel<float, __half, float, (unsigned int)2>(ch_est::puschRxChEstStatDescr_t *, ch_est::puschRxChEstDynDescr_t *)"
17652397802,36127,353240,137,2,1,24,2,1,44,0.001,0.001,,,,,NVIDIA A100-SXM4-40GB MIG 4g.20gb (0),1,,13,"void ch_est::chEstFilterNoDftSOfdmDispatchKernel<float, __half, float, (unsigned int)2>(ch_est::puschRxChEstStatDescr_t *, ch_est::puschRxChEstDynDescr_t *)"
17652624455,8128,353251,103,1,1,128,1,1,16,0.000,0.000,,,,,NVIDIA A100-SXM4-40GB MIG 4g.20gb (0),1,,13,cupy_copy__complex64_complex64
17652897828,42656,353261,1434,1,1,128,1,1,16,0.000,0.000,,,,,NVIDIA A100-SXM4-40GB MIG 4g.20gb (0),1,,13,cupy_copy__complex64_complex64
17653113154,20639,353268,103,1,1,128,1,1,16,0.000,0.000,,,,,NVIDIA A100-SXM4-40GB MIG 4g.20gb (0),1,,13,cupy_copy__complex64_complex64
17653339455,288061,353275,1,1,1,32,32,1,30,0.000,0.000,,,,,NVIDIA A100-SXM4-40GB MIG 4g.20gb (0),1,,13,"void convert_kernel<__half2, float2>(tensor_layout_any, T1 *, tensor_layout_any, const T2 *)"
17653657820,9951,353278,,,,,,,,,,0.094,9415.698,Pinned,Device,NVIDIA A100-SXM4-40GB MIG 4g.20gb (0),1,,13,[CUDA memcpy Host-to-Device]
17653824474,72735,353279,,,,,,,,,,35.810,492314.780,Device,,NVIDIA A100-SXM4-40GB MIG 4g.20gb (0),1,,13,[CUDA memset]
17653908153,2016,353281,,,,,,,,,,0.000,39.682,Pinned,Device,NVIDIA A100-SXM4-40GB MIG 4g.20gb (0),1,,13,[CUDA memcpy Host-to-Device]
17653912729,12000,353282,,,,,,,,,,0.197,16383.934,Pinned,Device,NVIDIA A100-SXM4-40GB MIG 4g.20gb (0),1,,13,[CUDA memcpy Host-to-Device]
17654223125,36000,353283,273,1,1,48,1,1,40,0.000,0.001,,,,,NVIDIA A100-SXM4-40GB MIG 4g.20gb (0),1,,13,"void pusch_noise_intf_est::noiseIntfEstNoDftSOfdmKernel<float, __half, float, float, (unsigned int)2, (unsigned int)1, (unsigned char)4, (unsigned char)4>(pusch_noise_intf_est::puschRxNoiseIntfEstDynDescr)"
17654448499,13120,353294,35,1,1,128,1,1,16,0.000,0.000,,,,,NVIDIA A100-SXM4-40GB MIG 4g.20gb (0),1,,13,cupy_copy__complex64_complex64
17654723824,5568,353303,1,1,1,1,1,1,18,0.000,0.000,,,,,NVIDIA A100-SXM4-40GB MIG 4g.20gb (0),1,,13,cupy_copy__float32_float32
17654731951,1696,353309,,,,,,,,,,0.000,2.358,Device,Pageable,NVIDIA A100-SXM4-40GB MIG 4g.20gb (0),1,,7,[CUDA memcpy Device-to-Host]
17655017644,44832,353320,1434,1,1,128,1,1,16,0.000,0.000,,,,,NVIDIA A100-SXM4-40GB MIG 4g.20gb (0),1,,13,cupy_copy__complex64_complex64
17655171051,12991,353327,103,1,1,128,1,1,16,0.000,0.000,,,,,NVIDIA A100-SXM4-40GB MIG 4g.20gb (0),1,,13,cupy_copy__complex64_complex64
17655186154,8000,353334,35,1,1,128,1,1,16,0.000,0.000,,,,,NVIDIA A100-SXM4-40GB MIG 4g.20gb (0),1,,13,cupy_copy__complex64_complex64
17655196650,2464,353341,1,1,1,1,1,1,18,0.000,0.000,,,,,NVIDIA A100-SXM4-40GB MIG 4g.20gb (0),1,,13,cupy_copy__float32_float32
17655201482,230206,353352,1,1,1,32,32,1,30,0.000,0.000,,,,,NVIDIA A100-SXM4-40GB MIG 4g.20gb (0),1,,13,"void convert_kernel<__half2, float2>(tensor_layout_any, T1 *, tensor_layout_any, const T2 *)"
17655461671,5376,353355,,,,,,,,,,0.094,17428.487,Pinned,Device,NVIDIA A100-SXM4-40GB MIG 4g.20gb (0),1,,13,[CUDA memcpy Host-to-Device]
17655475367,3648,353356,,,,,,,,,,1.547,423963.664,Device,,NVIDIA A100-SXM4-40GB MIG 4g.20gb (0),1,,13,[CUDA memset]
17655482247,3040,353361,,,,,,,,,,0.031,10294.725,Pinned,Device,NVIDIA A100-SXM4-40GB MIG 4g.20gb (0),1,,13,[CUDA memcpy Host-to-Device]
17655487367,9472,353362,,,,,,,,,,0.197,20756.693,Pinned,Device,NVIDIA A100-SXM4-40GB MIG 4g.20gb (0),1,,13,[CUDA memcpy Host-to-Device]
17655499847,7040,353363,273,1,1,8,4,1,39,0.002,0.000,,,,,NVIDIA A100-SXM4-40GB MIG 4g.20gb (0),1,,13,"void channel_eq::eqMmseCoefCompLowMimoKernel<float, float, float, (unsigned int)4, (unsigned int)1, (unsigned int)4>(const channel_eq::_puschRxChEqStatDescr *, channel_eq::_puschRxChEqCoefCompDynDescr)"
17655507975,7552,353364,273,1,1,12,11,1,51,0.002,0.000,,,,,NVIDIA A100-SXM4-40GB MIG 4g.20gb (0),1,,13,"void channel_eq::eqMmseSoftDemapKernel<float, __half, __half, float, (unsigned int)4, (unsigned short)16383>(channel_eq::_puschRxChEqStatDescr *, channel_eq::_puschRxChEqSoftDemapDynDescr)"
17655516583,281341,353365,1,1,1,32,32,1,30,0.000,0.000,,,,,NVIDIA A100-SXM4-40GB MIG 4g.20gb (0),1,,13,"void convert_kernel<float2, __half2>(tensor_layout_any, T1 *, tensor_layout_any, const T2 *)"
17655799012,10239,353377,2253,1,1,128,1,1,16,0.000,0.000,,,,,NVIDIA A100-SXM4-40GB MIG 4g.20gb (0),1,,13,cupy_copy__float16_float16
17655810307,2816,353386,282,1,1,128,1,1,16,0.000,0.000,,,,,NVIDIA A100-SXM4-40GB MIG 4g.20gb (0),1,,13,cupy_copy__complex64_complex64
17655814243,2048,353395,26,1,1,128,1,1,16,0.000,0.000,,,,,NVIDIA A100-SXM4-40GB MIG 4g.20gb (0),1,,13,cupy_copy__float32_float32
17655817347,2912,353404,103,1,1,128,1,1,16,0.000,0.000,,,,,NVIDIA A100-SXM4-40GB MIG 4g.20gb (0),1,,13,cupy_copy__complex64_complex64
17655821315,12384,353414,1434,1,1,128,1,1,16,0.000,0.000,,,,,NVIDIA A100-SXM4-40GB MIG 4g.20gb (0),1,,13,cupy_copy__complex64_complex64
17655917634,79423,353419,1,1,1,32,32,1,30,0.000,0.000,,,,,NVIDIA A100-SXM4-40GB MIG 4g.20gb (0),1,,13,"void convert_kernel<__half2, float2>(tensor_layout_any, T1 *, tensor_layout_any, const T2 *)"
17656026433,5632,353422,,,,,,,,,,0.094,16636.287,Pinned,Device,NVIDIA A100-SXM4-40GB MIG 4g.20gb (0),1,,13,[CUDA memcpy Host-to-Device]
17656036257,591097,353423,,,,,,,,,,456.561,772045.395,Device,,NVIDIA A100-SXM4-40GB MIG 4g.20gb (0),1,,13,[CUDA memset]
17656628890,48384,353428,,,,,,,,,,1.235,25522.588,Pinned,Device,NVIDIA A100-SXM4-40GB MIG 4g.20gb (0),1,,13,[CUDA memcpy Host-to-Device]
17656679354,9248,353429,,,,,,,,,,0.197,21259.420,Pinned,Device,NVIDIA A100-SXM4-40GB MIG 4g.20gb (0),1,,13,[CUDA memcpy Host-to-Device]
17656691833,7168,353430,69,4,1,48,1,1,76,0.002,0.000,,,,,NVIDIA A100-SXM4-40GB MIG 4g.20gb (0),1,,13,"void ch_est::windowedChEstPreNoDftSOfdmKernel<float, __half, float, (unsigned int)2, (unsigned int)1, (unsigned short)4>(ch_est::puschRxChEstStatDescr_t *, ch_est::puschRxChEstDynDescr_t *)"
17656700089,6560,353431,137,2,1,24,2,1,44,0.001,0.001,,,,,NVIDIA A100-SXM4-40GB MIG 4g.20gb (0),1,,13,"void ch_est::chEstFilterNoDftSOfdmDispatchKernel<float, __half, float, (unsigned int)2>(ch_est::puschRxChEstStatDescr_t *, ch_est::puschRxChEstDynDescr_t *)"
17656707705,5024,353432,137,2,1,24,2,1,44,0.001,0.001,,,,,NVIDIA A100-SXM4-40GB MIG 4g.20gb (0),1,,13,"void ch_est::chEstFilterNoDftSOfdmDispatchKernel<float, __half, float, (unsigned int)2>(ch_est::puschRxChEstStatDescr_t *, ch_est::puschRxChEstDynDescr_t *)"
17656713753,2464,353443,103,1,1,128,1,1,16,0.000,0.000,,,,,NVIDIA A100-SXM4-40GB MIG 4g.20gb (0),1,,13,cupy_copy__complex64_complex64
17656717273,13056,353453,1434,1,1,128,1,1,16,0.000,0.000,,,,,NVIDIA A100-SXM4-40GB MIG 4g.20gb (0),1,,13,cupy_copy__complex64_complex64
17656731289,2464,353460,103,1,1,128,1,1,16,0.000,0.000,,,,,NVIDIA A100-SXM4-40GB MIG 4g.20gb (0),1,,13,cupy_copy__complex64_complex64
17656734713,78879,353467,1,1,1,32,32,1,30,0.000,0.000,,,,,NVIDIA A100-SXM4-40GB MIG 4g.20gb (0),1,,13,"void convert_kernel<__half2, float2>(tensor_layout_any, T1 *, tensor_layout_any, const T2 *)"
17656841112,5600,353470,,,,,,,,,,0.094,16731.388,Pinned,Device,NVIDIA A100-SXM4-40GB MIG 4g.20gb (0),1,,13,[CUDA memcpy Host-to-Device]
17656853304,49503,353471,,,,,,,,,,35.810,723360.384,Device,,NVIDIA A100-SXM4-40GB MIG 4g.20gb (0),1,,13,[CUDA memset]
17656908727,2368,353473,,,,,,,,,,0.000,33.784,Pinned,Device,NVIDIA A100-SXM4-40GB MIG 4g.20gb (0),1,,13,[CUDA memcpy Host-to-Device]
17656914167,9536,353474,,,,,,,,,,0.197,20617.298,Pinned,Device,NVIDIA A100-SXM4-40GB MIG 4g.20gb (0),1,,13,[CUDA memcpy Host-to-Device]
17656950679,14079,353475,273,1,1,48,1,1,40,0.000,0.001,,,,,NVIDIA A100-SXM4-40GB MIG 4g.20gb (0),1,,13,"void pusch_noise_intf_est::noiseIntfEstNoDftSOfdmKernel<float, __half, float, float, (unsigned int)2, (unsigned int)1, (unsigned char)4, (unsigned char)4>(pusch_noise_intf_est::puschRxNoiseIntfEstDynDescr)"
17657020982,9600,353486,35,1,1,128,1,1,16,0.000,0.000,,,,,NVIDIA A100-SXM4-40GB MIG 4g.20gb (0),1,,13,cupy_copy__complex64_complex64
17657031574,4192,353495,1,1,1,1,1,1,18,0.000,0.000,,,,,NVIDIA A100-SXM4-40GB MIG 4g.20gb (0),1,,13,cupy_copy__float32_float32
17657040054,1600,353501,,,,,,,,,,0.000,2.500,Device,Pageable,NVIDIA A100-SXM4-40GB MIG 4g.20gb (0),1,,7,[CUDA memcpy Device-to-Host]
17657105365,21024,353512,1434,1,1,128,1,1,16,0.000,0.000,,,,,NVIDIA A100-SXM4-40GB MIG 4g.20gb (0),1,,13,cupy_copy__complex64_complex64
17657129301,3968,353519,103,1,1,128,1,1,16,0.000,0.000,,,,,NVIDIA A100-SXM4-40GB MIG 4g.20gb (0),1,,13,cupy_copy__complex64_complex64
17657149140,2464,353526,35,1,1,128,1,1,16,0.000,0.000,,,,,NVIDIA A100-SXM4-40GB MIG 4g.20gb (0),1,,13,cupy_copy__complex64_complex64
17657166516,2080,353533,1,1,1,1,1,1,18,0.000,0.000,,,,,NVIDIA A100-SXM4-40GB MIG 4g.20gb (0),1,,13,cupy_copy__float32_float32
17657352146,446427,353544,1,1,1,32,32,1,30,0.000,0.000,,,,,NVIDIA A100-SXM4-40GB MIG 4g.20gb (0),1,,13,"void convert_kernel<__half2, float2>(tensor_layout_any, T1 *, tensor_layout_any, const T2 *)"
17657829101,5696,353547,,,,,,,,,,0.094,16449.363,Pinned,Device,NVIDIA A100-SXM4-40GB MIG 4g.20gb (0),1,,13,[CUDA memcpy Host-to-Device]
17657847340,8224,353548,,,,,,,,,,1.547,188061.745,Device,,NVIDIA A100-SXM4-40GB MIG 4g.20gb (0),1,,13,[CUDA memset]
17657860748,3040,353553,,,,,,,,,,0.031,10294.725,Pinned,Device,NVIDIA A100-SXM4-40GB MIG 4g.20gb (0),1,,13,[CUDA memcpy Host-to-Device]
17657866508,9216,353554,,,,,,,,,,0.197,21333.148,Pinned,Device,NVIDIA A100-SXM4-40GB MIG 4g.20gb (0),1,,13,[CUDA memcpy Host-to-Device]
17657878636,7008,353555,273,1,1,8,4,1,39,0.002,0.000,,,,,NVIDIA A100-SXM4-40GB MIG 4g.20gb (0),1,,13,"void channel_eq::eqMmseCoefCompLowMimoKernel<float, float, float, (unsigned int)4, (unsigned int)1, (unsigned int)4>(const channel_eq::_puschRxChEqStatDescr *, channel_eq::_puschRxChEqCoefCompDynDescr)"
17657886604,6944,353556,273,1,1,12,11,1,51,0.002,0.000,,,,,NVIDIA A100-SXM4-40GB MIG 4g.20gb (0),1,,13,"void channel_eq::eqMmseSoftDemapKernel<float, __half, __half, float, (unsigned int)4, (unsigned short)16383>(channel_eq::_puschRxChEqStatDescr *, channel_eq::_puschRxChEqSoftDemapDynDescr)"
17657894700,623929,353557,1,1,1,32,32,1,30,0.000,0.000,,,,,NVIDIA A100-SXM4-40GB MIG 4g.20gb (0),1,,13,"void convert_kernel<float2, __half2>(tensor_layout_any, T1 *, tensor_layout_any, const T2 *)"
17658720323,18175,353569,2253,1,1,128,1,1,16,0.000,0.000,,,,,NVIDIA A100-SXM4-40GB MIG 4g.20gb (0),1,,13,cupy_copy__float16_float16
17658739586,4064,353578,282,1,1,128,1,1,16,0.000,0.000,,,,,NVIDIA A100-SXM4-40GB MIG 4g.20gb (0),1,,13,cupy_copy__complex64_complex64
17658804674,5280,353587,26,1,1,128,1,1,16,0.000,0.000,,,,,NVIDIA A100-SXM4-40GB MIG 4g.20gb (0),1,,13,cupy_copy__float32_float32
17658985792,9696,353596,103,1,1,128,1,1,16,0.000,0.000,,,,,NVIDIA A100-SXM4-40GB MIG 4g.20gb (0),1,,13,cupy_copy__complex64_complex64
17659057631,20192,353606,1434,1,1,128,1,1,16,0.000,0.000,,,,,NVIDIA A100-SXM4-40GB MIG 4g.20gb (0),1,,13,cupy_copy__complex64_complex64
17659244637,360092,353611,1,1,1,32,32,1,30,0.000,0.000,,,,,NVIDIA A100-SXM4-40GB MIG 4g.20gb (0),1,,13,"void convert_kernel<__half2, float2>(tensor_layout_any, T1 *, tensor_layout_any, const T2 *)"
17659633432,5376,353614,,,,,,,,,,0.094,17428.487,Pinned,Device,NVIDIA A100-SXM4-40GB MIG 4g.20gb (0),1,,13,[CUDA memcpy Host-to-Device]
17659765847,624921,353615,,,,,,,,,,456.561,730498.304,Device,,NVIDIA A100-SXM4-40GB MIG 4g.20gb (0),1,,13,[CUDA memset]
17660398512,50847,353620,,,,,,,,,,1.235,24286.409,Pinned,Device,NVIDIA A100-SXM4-40GB MIG 4g.20gb (0),1,,13,[CUDA memcpy Host-to-Device]
17660451823,9760,353621,,,,,,,,,,0.197,20144.259,Pinned,Device,NVIDIA A100-SXM4-40GB MIG 4g.20gb (0),1,,13,[CUDA memcpy Host-to-Device]
17660564910,21280,353622,69,4,1,48,1,1,76,0.002,0.000,,,,,NVIDIA A100-SXM4-40GB MIG 4g.20gb (0),1,,13,"void ch_est::windowedChEstPreNoDftSOfdmKernel<float, __half, float, (unsigned int)2, (unsigned int)1, (unsigned short)4>(ch_est::puschRxChEstStatDescr_t *, ch_est::puschRxChEstDynDescr_t *)"
17660699788,35168,353623,137,2,1,24,2,1,44,0.001,0.001,,,,,NVIDIA A100-SXM4-40GB MIG 4g.20gb (0),1,,13,"void ch_est::chEstFilterNoDftSOfdmDispatchKernel<float, __half, float, (unsigned int)2>(ch_est::puschRxChEstStatDescr_t *, ch_est::puschRxChEstDynDescr_t *)"
17660903626,29472,353624,137,2,1,24,2,1,44,0.001,0.001,,,,,NVIDIA A100-SXM4-40GB MIG 4g.20gb (0),1,,13,"void ch_est::chEstFilterNoDftSOfdmDispatchKernel<float, __half, float, (unsigned int)2>(ch_est::puschRxChEstStatDescr_t *, ch_est::puschRxChEstDynDescr_t *)"
17661038601,19263,353635,103,1,1,128,1,1,16,0.000,0.000,,,,,NVIDIA A100-SXM4-40GB MIG 4g.20gb (0),1,,13,cupy_copy__complex64_complex64
17661239846,16096,353645,1434,1,1,128,1,1,16,0.000,0.000,,,,,NVIDIA A100-SXM4-40GB MIG 4g.20gb (0),1,,13,cupy_copy__complex64_complex64
17661378117,20736,353652,103,1,1,128,1,1,16,0.000,0.000,,,,,NVIDIA A100-SXM4-40GB MIG 4g.20gb (0),1,,13,cupy_copy__complex64_complex64
17661580067,271389,353659,1,1,1,32,32,1,30,0.000,0.000,,,,,NVIDIA A100-SXM4-40GB MIG 4g.20gb (0),1,,13,"void convert_kernel<__half2, float2>(tensor_layout_any, T1 *, tensor_layout_any, const T2 *)"
17661880191,5344,353662,,,,,,,,,,0.094,17532.864,Pinned,Device,NVIDIA A100-SXM4-40GB MIG 4g.20gb (0),1,,13,[CUDA memcpy Host-to-Device]
17661891775,69119,353663,,,,,,,,,,35.810,518062.113,Device,,NVIDIA A100-SXM4-40GB MIG 4g.20gb (0),1,,13,[CUDA memset]
17661962814,1824,353665,,,,,,,,,,0.000,43.860,Pinned,Device,NVIDIA A100-SXM4-40GB MIG 4g.20gb (0),1,,13,[CUDA memcpy Host-to-Device]
17661967294,9568,353666,,,,,,,,,,0.197,20548.485,Pinned,Device,NVIDIA A100-SXM4-40GB MIG 4g.20gb (0),1,,13,[CUDA memcpy Host-to-Device]
17662087229,24608,353667,273,1,1,48,1,1,40,0.000,0.001,,,,,NVIDIA A100-SXM4-40GB MIG 4g.20gb (0),1,,13,"void pusch_noise_intf_est::noiseIntfEstNoDftSOfdmKernel<float, __half, float, float, (unsigned int)2, (unsigned int)1, (unsigned char)4, (unsigned char)4>(pusch_noise_intf_est::puschRxNoiseIntfEstDynDescr)"
17662112989,3584,353678,35,1,1,128,1,1,16,0.000,0.000,,,,,NVIDIA A100-SXM4-40GB MIG 4g.20gb (0),1,,13,cupy_copy__complex64_complex64
17662117565,1983,353687,1,1,1,1,1,1,18,0.000,0.000,,,,,NVIDIA A100-SXM4-40GB MIG 4g.20gb (0),1,,13,cupy_copy__float32_float32
17662123964,1600,353693,,,,,,,,,,0.000,2.500,Device,Pageable,NVIDIA A100-SXM4-40GB MIG 4g.20gb (0),1,,7,[CUDA memcpy Device-to-Host]
17662256827,46495,353704,1434,1,1,128,1,1,16,0.000,0.000,,,,,NVIDIA A100-SXM4-40GB MIG 4g.20gb (0),1,,13,cupy_copy__complex64_complex64
17662304378,3936,353711,103,1,1,128,1,1,16,0.000,0.000,,,,,NVIDIA A100-SXM4-40GB MIG 4g.20gb (0),1,,13,cupy_copy__complex64_complex64
17662309434,2528,353718,35,1,1,128,1,1,16,0.000,0.000,,,,,NVIDIA A100-SXM4-40GB MIG 4g.20gb (0),1,,13,cupy_copy__complex64_complex64
17662429017,7680,353725,1,1,1,1,1,1,18,0.000,0.000,,,,,NVIDIA A100-SXM4-40GB MIG 4g.20gb (0),1,,13,cupy_copy__float32_float32
17662437849,259389,353736,1,1,1,32,32,1,30,0.000,0.000,,,,,NVIDIA A100-SXM4-40GB MIG 4g.20gb (0),1,,13,"void convert_kernel<__half2, float2>(tensor_layout_any, T1 *, tensor_layout_any, const T2 *)"
17662725334,5408,353739,,,,,,,,,,0.094,17325.421,Pinned,Device,NVIDIA A100-SXM4-40GB MIG 4g.20gb (0),1,,13,[CUDA memcpy Host-to-Device]
17662767989,11200,353740,,,,,,,,,,1.547,138090.324,Device,,NVIDIA A100-SXM4-40GB MIG 4g.20gb (0),1,,13,[CUDA memset]
17662783477,3040,353745,,,,,,,,,,0.031,10294.725,Pinned,Device,NVIDIA A100-SXM4-40GB MIG 4g.20gb (0),1,,13,[CUDA memcpy Host-to-Device]
17662788949,9632,353746,,,,,,,,,,0.197,20411.843,Pinned,Device,NVIDIA A100-SXM4-40GB MIG 4g.20gb (0),1,,13,[CUDA memcpy Host-to-Device]
17662802101,13344,353747,273,1,1,8,4,1,39,0.002,0.000,,,,,NVIDIA A100-SXM4-40GB MIG 4g.20gb (0),1,,13,"void channel_eq::eqMmseCoefCompLowMimoKernel<float, float, float, (unsigned int)4, (unsigned int)1, (unsigned int)4>(const channel_eq::_puschRxChEqStatDescr *, channel_eq::_puschRxChEqCoefCompDynDescr)"
17662816597,7008,353748,273,1,1,12,11,1,51,0.002,0.000,,,,,NVIDIA A100-SXM4-40GB MIG 4g.20gb (0),1,,13,"void channel_eq::eqMmseSoftDemapKernel<float, __half, __half, float, (unsigned int)4, (unsigned short)16383>(channel_eq::_puschRxChEqStatDescr *, channel_eq::_puschRxChEqSoftDemapDynDescr)"
17662824693,281820,353749,1,1,1,32,32,1,30,0.000,0.000,,,,,NVIDIA A100-SXM4-40GB MIG 4g.20gb (0),1,,13,"void convert_kernel<float2, __half2>(tensor_layout_any, T1 *, tensor_layout_any, const T2 *)"
17663107569,10496,353761,2253,1,1,128,1,1,16,0.000,0.000,,,,,NVIDIA A100-SXM4-40GB MIG 4g.20gb (0),1,,13,cupy_copy__float16_float16
17663119153,2816,353770,282,1,1,128,1,1,16,0.000,0.000,,,,,NVIDIA A100-SXM4-40GB MIG 4g.20gb (0),1,,13,cupy_copy__complex64_complex64
17663123025,2048,353779,26,1,1,128,1,1,16,0.000,0.000,,,,,NVIDIA A100-SXM4-40GB MIG 4g.20gb (0),1,,13,cupy_copy__float32_float32
17663126193,2880,353788,103,1,1,128,1,1,16,0.000,0.000,,,,,NVIDIA A100-SXM4-40GB MIG 4g.20gb (0),1,,13,cupy_copy__complex64_complex64
17663130225,11648,353798,1434,1,1,128,1,1,16,0.000,0.000,,,,,NVIDIA A100-SXM4-40GB MIG 4g.20gb (0),1,,13,cupy_copy__complex64_complex64
17663142897,80159,353803,1,1,1,32,32,1,30,0.000,0.000,,,,,NVIDIA A100-SXM4-40GB MIG 4g.20gb (0),1,,13,"void convert_kernel<__half2, float2>(tensor_layout_any, T1 *, tensor_layout_any, const T2 *)"
17663250352,5344,353806,,,,,,,,,,0.094,17532.864,Pinned,Device,NVIDIA A100-SXM4-40GB MIG 4g.20gb (0),1,,13,[CUDA memcpy Host-to-Device]
17663260816,602169,353807,,,,,,,,,,456.561,757891.990,Device,,NVIDIA A100-SXM4-40GB MIG 4g.20gb (0),1,,13,[CUDA memset]
17663864009,51263,353812,,,,,,,,,,1.235,24090.053,Pinned,Device,NVIDIA A100-SXM4-40GB MIG 4g.20gb (0),1,,13,[CUDA memcpy Host-to-Device]
17663917768,9312,353813,,,,,,,,,,0.197,21113.340,Pinned,Device,NVIDIA A100-SXM4-40GB MIG 4g.20gb (0),1,,13,[CUDA memcpy Host-to-Device]
17664204645,14688,353814,69,4,1,48,1,1,76,0.002,0.000,,,,,NVIDIA A100-SXM4-40GB MIG 4g.20gb (0),1,,13,"void ch_est::windowedChEstPreNoDftSOfdmKernel<float, __half, float, (unsigned int)2, (unsigned int)1, (unsigned short)4>(ch_est::puschRxChEstStatDescr_t *, ch_est::puschRxChEstDynDescr_t *)"
17664513986,14687,353815,137,2,1,24,2,1,44,0.001,0.001,,,,,NVIDIA A100-SXM4-40GB MIG 4g.20gb (0),1,,13,"void ch_est::chEstFilterNoDftSOfdmDispatchKernel<float, __half, float, (unsigned int)2>(ch_est::puschRxChEstStatDescr_t *, ch_est::puschRxChEstDynDescr_t *)"
17664530305,5568,353816,137,2,1,24,2,1,44,0.001,0.001,,,,,NVIDIA A100-SXM4-40GB MIG 4g.20gb (0),1,,13,"void ch_est::chEstFilterNoDftSOfdmDispatchKernel<float, __half, float, (unsigned int)2>(ch_est::puschRxChEstStatDescr_t *, ch_est::puschRxChEstDynDescr_t *)"
17664537057,2496,353827,103,1,1,128,1,1,16,0.000,0.000,,,,,NVIDIA A100-SXM4-40GB MIG 4g.20gb (0),1,,13,cupy_copy__complex64_complex64
17664540705,12160,353837,1434,1,1,128,1,1,16,0.000,0.000,,,,,NVIDIA A100-SXM4-40GB MIG 4g.20gb (0),1,,13,cupy_copy__complex64_complex64
17664553825,2432,353844,103,1,1,128,1,1,16,0.000,0.000,,,,,NVIDIA A100-SXM4-40GB MIG 4g.20gb (0),1,,13,cupy_copy__complex64_complex64
17664557345,80223,353851,1,1,1,32,32,1,30,0.000,0.000,,,,,NVIDIA A100-SXM4-40GB MIG 4g.20gb (0),1,,13,"void convert_kernel<__half2, float2>(tensor_layout_any, T1 *, tensor_layout_any, const T2 *)"
17664666720,5376,353854,,,,,,,,,,0.094,17428.487,Pinned,Device,NVIDIA A100-SXM4-40GB MIG 4g.20gb (0),1,,13,[CUDA memcpy Host-to-Device]
17664912637,48608,353855,,,,,,,,,,35.810,736681.674,Device,,NVIDIA A100-SXM4-40GB MIG 4g.20gb (0),1,,13,[CUDA memset]
17664968252,1824,353857,,,,,,,,,,0.000,43.860,Pinned,Device,NVIDIA A100-SXM4-40GB MIG 4g.20gb (0),1,,13,[CUDA memcpy Host-to-Device]
17664972636,9792,353858,,,,,,,,,,0.197,20078.395,Pinned,Device,NVIDIA A100-SXM4-40GB MIG 4g.20gb (0),1,,13,[CUDA memcpy Host-to-Device]
17665244473,18016,353859,273,1,1,48,1,1,40,0.000,0.001,,,,,NVIDIA A100-SXM4-40GB MIG 4g.20gb (0),1,,13,"void pusch_noise_intf_est::noiseIntfEstNoDftSOfdmKernel<float, __half, float, float, (unsigned int)2, (unsigned int)1, (unsigned char)4, (unsigned char)4>(pusch_noise_intf_est::puschRxNoiseIntfEstDynDescr)"
17665550934,6080,353870,35,1,1,128,1,1,16,0.000,0.000,,,,,NVIDIA A100-SXM4-40GB MIG 4g.20gb (0),1,,13,cupy_copy__complex64_complex64
17665559414,2912,353879,1,1,1,1,1,1,18,0.000,0.000,,,,,NVIDIA A100-SXM4-40GB MIG 4g.20gb (0),1,,13,cupy_copy__float32_float32
17665563926,1600,353885,,,,,,,,,,0.000,2.500,Device,Pageable,NVIDIA A100-SXM4-40GB MIG 4g.20gb (0),1,,7,[CUDA memcpy Device-to-Host]
17665852019,16703,353896,1434,1,1,128,1,1,16,0.000,0.000,,,,,NVIDIA A100-SXM4-40GB MIG 4g.20gb (0),1,,13,cupy_copy__complex64_complex64
17665870898,3616,353903,103,1,1,128,1,1,16,0.000,0.000,,,,,NVIDIA A100-SXM4-40GB MIG 4g.20gb (0),1,,13,cupy_copy__complex64_complex64
17666158831,5760,353910,35,1,1,128,1,1,16,0.000,0.000,,,,,NVIDIA A100-SXM4-40GB MIG 4g.20gb (0),1,,13,cupy_copy__complex64_complex64
17666166255,2688,353917,1,1,1,1,1,1,18,0.000,0.000,,,,,NVIDIA A100-SXM4-40GB MIG 4g.20gb (0),1,,13,cupy_copy__float32_float32
17666170287,218398,353928,1,1,1,32,32,1,30,0.000,0.000,,,,,NVIDIA A100-SXM4-40GB MIG 4g.20gb (0),1,,13,"void convert_kernel<__half2, float2>(tensor_layout_any, T1 *, tensor_layout_any, const T2 *)"
17666417356,5376,353931,,,,,,,,,,0.094,17428.487,Pinned,Device,NVIDIA A100-SXM4-40GB MIG 4g.20gb (0),1,,13,[CUDA memcpy Host-to-Device]
17666465036,4576,353932,,,,,,,,,,1.547,337985.289,Device,,NVIDIA A100-SXM4-40GB MIG 4g.20gb (0),1,,13,[CUDA memset]
17666474540,3040,353937,,,,,,,,,,0.031,10294.725,Pinned,Device,NVIDIA A100-SXM4-40GB MIG 4g.20gb (0),1,,13,[CUDA memcpy Host-to-Device]
17666480012,9343,353938,,,,,,,,,,0.197,21043.347,Pinned,Device,NVIDIA A100-SXM4-40GB MIG 4g.20gb (0),1,,13,[CUDA memcpy Host-to-Device]
17666762408,13056,353939,273,1,1,8,4,1,39,0.002,0.000,,,,,NVIDIA A100-SXM4-40GB MIG 4g.20gb (0),1,,13,"void channel_eq::eqMmseCoefCompLowMimoKernel<float, float, float, (unsigned int)4, (unsigned int)1, (unsigned int)4>(const channel_eq::_puschRxChEqStatDescr *, channel_eq::_puschRxChEqCoefCompDynDescr)"
17667066949,16832,353940,273,1,1,12,11,1,51,0.002,0.000,,,,,NVIDIA A100-SXM4-40GB MIG 4g.20gb (0),1,,13,"void channel_eq::eqMmseSoftDemapKernel<float, __half, __half, float, (unsigned int)4, (unsigned short)16383>(channel_eq::_puschRxChEqStatDescr *, channel_eq::_puschRxChEqSoftDemapDynDescr)"
17667088389,282621,353941,1,1,1,32,32,1,30,0.000,0.000,,,,,NVIDIA A100-SXM4-40GB MIG 4g.20gb (0),1,,13,"void convert_kernel<float2, __half2>(tensor_layout_any, T1 *, tensor_layout_any, const T2 *)"
17667371969,10624,353953,2253,1,1,128,1,1,16,0.000,0.000,,,,,NVIDIA A100-SXM4-40GB MIG 4g.20gb (0),1,,13,cupy_copy__float16_float16
17667383585,2816,353962,282,1,1,128,1,1,16,0.000,0.000,,,,,NVIDIA A100-SXM4-40GB MIG 4g.20gb (0),1,,13,cupy_copy__complex64_complex64
17667387521,2080,353971,26,1,1,128,1,1,16,0.000,0.000,,,,,NVIDIA A100-SXM4-40GB MIG 4g.20gb (0),1,,13,cupy_copy__float32_float32
17667390561,2880,353980,103,1,1,128,1,1,16,0.000,0.000,,,,,NVIDIA A100-SXM4-40GB MIG 4g.20gb (0),1,,13,cupy_copy__complex64_complex64
17667394465,12352,353990,1434,1,1,128,1,1,16,0.000,0.000,,,,,NVIDIA A100-SXM4-40GB MIG 4g.20gb (0),1,,13,cupy_copy__complex64_complex64
17667407937,79935,353995,1,1,1,32,32,1,30,0.000,0.000,,,,,NVIDIA A100-SXM4-40GB MIG 4g.20gb (0),1,,13,"void convert_kernel<__half2, float2>(tensor_layout_any, T1 *, tensor_layout_any, const T2 *)"
17667515808,5568,353998,,,,,,,,,,0.094,16827.521,Pinned,Device,NVIDIA A100-SXM4-40GB MIG 4g.20gb (0),1,,13,[CUDA memcpy Host-to-Device]
17667525952,590553,353999,,,,,,,,,,456.561,772958.518,Device,,NVIDIA A100-SXM4-40GB MIG 4g.20gb (0),1,,13,[CUDA memset]
17668124633,48351,354004,,,,,,,,,,1.235,25541.112,Pinned,Device,NVIDIA A100-SXM4-40GB MIG 4g.20gb (0),1,,13,[CUDA memcpy Host-to-Device]
17668175096,9184,354005,,,,,,,,,,0.197,21407.662,Pinned,Device,NVIDIA A100-SXM4-40GB MIG 4g.20gb (0),1,,13,[CUDA memcpy Host-to-Device]
17668187384,7360,354006,69,4,1,48,1,1,76,0.002,0.000,,,,,NVIDIA A100-SXM4-40GB MIG 4g.20gb (0),1,,13,"void ch_est::windowedChEstPreNoDftSOfdmKernel<float, __half, float, (unsigned int)2, (unsigned int)1, (unsigned short)4>(ch_est::puschRxChEstStatDescr_t *, ch_est::puschRxChEstDynDescr_t *)"
17668195896,6432,354007,137,2,1,24,2,1,44,0.001,0.001,,,,,NVIDIA A100-SXM4-40GB MIG 4g.20gb (0),1,,13,"void ch_est::chEstFilterNoDftSOfdmDispatchKernel<float, __half, float, (unsigned int)2>(ch_est::puschRxChEstStatDescr_t *, ch_est::puschRxChEstDynDescr_t *)"
17668203320,4992,354008,137,2,1,24,2,1,44,0.001,0.001,,,,,NVIDIA A100-SXM4-40GB MIG 4g.20gb (0),1,,13,"void ch_est::chEstFilterNoDftSOfdmDispatchKernel<float, __half, float, (unsigned int)2>(ch_est::puschRxChEstStatDescr_t *, ch_est::puschRxChEstDynDescr_t *)"
17668209336,2528,354019,103,1,1,128,1,1,16,0.000,0.000,,,,,NVIDIA A100-SXM4-40GB MIG 4g.20gb (0),1,,13,cupy_copy__complex64_complex64
17668212824,12864,354029,1434,1,1,128,1,1,16,0.000,0.000,,,,,NVIDIA A100-SXM4-40GB MIG 4g.20gb (0),1,,13,cupy_copy__complex64_complex64
17668226808,2432,354036,103,1,1,128,1,1,16,0.000,0.000,,,,,NVIDIA A100-SXM4-40GB MIG 4g.20gb (0),1,,13,cupy_copy__complex64_complex64
17668230328,79903,354043,1,1,1,32,32,1,30,0.000,0.000,,,,,NVIDIA A100-SXM4-40GB MIG 4g.20gb (0),1,,13,"void convert_kernel<__half2, float2>(tensor_layout_any, T1 *, tensor_layout_any, const T2 *)"
17668338135,5344,354046,,,,,,,,,,0.094,17532.864,Pinned,Device,NVIDIA A100-SXM4-40GB MIG 4g.20gb (0),1,,13,[CUDA memcpy Host-to-Device]
17668350487,46175,354047,,,,,,,,,,35.810,775499.628,Device,,NVIDIA A100-SXM4-40GB MIG 4g.20gb (0),1,,13,[CUDA memset]
17668401078,1824,354049,,,,,,,,,,0.000,43.860,Pinned,Device,NVIDIA A100-SXM4-40GB MIG 4g.20gb (0),1,,13,[CUDA memcpy Host-to-Device]
17668404982,9216,354050,,,,,,,,,,0.197,21333.148,Pinned,Device,NVIDIA A100-SXM4-40GB MIG 4g.20gb (0),1,,13,[CUDA memcpy Host-to-Device]
17668417238,8160,354051,273,1,1,48,1,1,40,0.000,0.001,,,,,NVIDIA A100-SXM4-40GB MIG 4g.20gb (0),1,,13,"void pusch_noise_intf_est::noiseIntfEstNoDftSOfdmKernel<float, __half, float, float, (unsigned int)2, (unsigned int)1, (unsigned char)4, (unsigned char)4>(pusch_noise_intf_est::puschRxNoiseIntfEstDynDescr)"
17668431830,3040,354062,35,1,1,128,1,1,16,0.000,0.000,,,,,NVIDIA A100-SXM4-40GB MIG 4g.20gb (0),1,,13,cupy_copy__complex64_complex64
17668466933,1888,354071,1,1,1,1,1,1,18,0.000,0.000,,,,,NVIDIA A100-SXM4-40GB MIG 4g.20gb (0),1,,13,cupy_copy__float32_float32
17668501397,1568,354077,,,,,,,,,,0.000,2.551,Device,Pageable,NVIDIA A100-SXM4-40GB MIG 4g.20gb (0),1,,7,[CUDA memcpy Device-to-Host]
17668560468,12992,354088,1434,1,1,128,1,1,16,0.000,0.000,,,,,NVIDIA A100-SXM4-40GB MIG 4g.20gb (0),1,,13,cupy_copy__complex64_complex64
17668586516,2688,354095,103,1,1,128,1,1,16,0.000,0.000,,,,,NVIDIA A100-SXM4-40GB MIG 4g.20gb (0),1,,13,cupy_copy__complex64_complex64
17668607348,2144,354102,35,1,1,128,1,1,16,0.000,0.000,,,,,NVIDIA A100-SXM4-40GB MIG 4g.20gb (0),1,,13,cupy_copy__complex64_complex64
17668625523,1824,354109,1,1,1,1,1,1,18,0.000,0.000,,,,,NVIDIA A100-SXM4-40GB MIG 4g.20gb (0),1,,13,cupy_copy__float32_float32
17669113550,311740,354120,1,1,1,32,32,1,30,0.000,0.000,,,,,NVIDIA A100-SXM4-40GB MIG 4g.20gb (0),1,,13,"void convert_kernel<__half2, float2>(tensor_layout_any, T1 *, tensor_layout_any, const T2 *)"
17669453130,5888,354123,,,,,,,,,,0.094,15912.954,Pinned,Device,NVIDIA A100-SXM4-40GB MIG 4g.20gb (0),1,,13,[CUDA memcpy Host-to-Device]
17669494602,11008,354124,,,,,,,,,,1.547,140499.964,Device,,NVIDIA A100-SXM4-40GB MIG 4g.20gb (0),1,,13,[CUDA memset]
17669510057,3264,354129,,,,,,,,,,0.031,9588.218,Pinned,Device,NVIDIA A100-SXM4-40GB MIG 4g.20gb (0),1,,13,[CUDA memcpy Host-to-Device]
17669515753,9600,354130,,,,,,,,,,0.197,20479.869,Pinned,Device,NVIDIA A100-SXM4-40GB MIG 4g.20gb (0),1,,13,[CUDA memcpy Host-to-Device]
17669529961,6688,354131,273,1,1,8,4,1,39,0.002,0.000,,,,,NVIDIA A100-SXM4-40GB MIG 4g.20gb (0),1,,13,"void channel_eq::eqMmseCoefCompLowMimoKernel<float, float, float, (unsigned int)4, (unsigned int)1, (unsigned int)4>(const channel_eq::_puschRxChEqStatDescr *, channel_eq::_puschRxChEqCoefCompDynDescr)"
17669537609,6784,354132,273,1,1,12,11,1,51,0.002,0.000,,,,,NVIDIA A100-SXM4-40GB MIG 4g.20gb (0),1,,13,"void channel_eq::eqMmseSoftDemapKernel<float, __half, __half, float, (unsigned int)4, (unsigned short)16383>(channel_eq::_puschRxChEqStatDescr *, channel_eq::_puschRxChEqSoftDemapDynDescr)"
17669545513,305373,354133,1,1,1,32,32,1,30,0.000,0.000,,,,,NVIDIA A100-SXM4-40GB MIG 4g.20gb (0),1,,13,"void convert_kernel<float2, __half2>(tensor_layout_any, T1 *, tensor_layout_any, const T2 *)"
17669977572,23168,354145,2253,1,1,128,1,1,16,0.000,0.000,,,,,NVIDIA A100-SXM4-40GB MIG 4g.20gb (0),1,,13,cupy_copy__float16_float16
17670002500,5888,354154,282,1,1,128,1,1,16,0.000,0.000,,,,,NVIDIA A100-SXM4-40GB MIG 4g.20gb (0),1,,13,cupy_copy__complex64_complex64
17670010372,3872,354163,26,1,1,128,1,1,16,0.000,0.000,,,,,NVIDIA A100-SXM4-40GB MIG 4g.20gb (0),1,,13,cupy_copy__float32_float32
17670373664,10176,354172,103,1,1,128,1,1,16,0.000,0.000,,,,,NVIDIA A100-SXM4-40GB MIG 4g.20gb (0),1,,13,cupy_copy__complex64_complex64
17670385856,18655,354182,1434,1,1,128,1,1,16,0.000,0.000,,,,,NVIDIA A100-SXM4-40GB MIG 4g.20gb (0),1,,13,cupy_copy__complex64_complex64
17670406591,86911,354187,1,1,1,32,32,1,30,0.000,0.000,,,,,NVIDIA A100-SXM4-40GB MIG 4g.20gb (0),1,,13,"void convert_kernel<__half2, float2>(tensor_layout_any, T1 *, tensor_layout_any, const T2 *)"
17670520638,5312,354190,,,,,,,,,,0.094,17638.553,Pinned,Device,NVIDIA A100-SXM4-40GB MIG 4g.20gb (0),1,,13,[CUDA memcpy Host-to-Device]
17670770779,613337,354191,,,,,,,,,,456.561,744195.147,Device,,NVIDIA A100-SXM4-40GB MIG 4g.20gb (0),1,,13,[CUDA memset]
17671389684,49664,354196,,,,,,,,,,1.235,24865.597,Pinned,Device,NVIDIA A100-SXM4-40GB MIG 4g.20gb (0),1,,13,[CUDA memcpy Host-to-Device]
17671442004,9472,354197,,,,,,,,,,0.197,20756.693,Pinned,Device,NVIDIA A100-SXM4-40GB MIG 4g.20gb (0),1,,13,[CUDA memcpy Host-to-Device]
17671742320,21056,354198,69,4,1,48,1,1,76,0.002,0.000,,,,,NVIDIA A100-SXM4-40GB MIG 4g.20gb (0),1,,13,"void ch_est::windowedChEstPreNoDftSOfdmKernel<float, __half, float, (unsigned int)2, (unsigned int)1, (unsigned short)4>(ch_est::puschRxChEstStatDescr_t *, ch_est::puschRxChEstDynDescr_t *)"
17671764816,6880,354199,137,2,1,24,2,1,44,0.001,0.001,,,,,NVIDIA A100-SXM4-40GB MIG 4g.20gb (0),1,,13,"void ch_est::chEstFilterNoDftSOfdmDispatchKernel<float, __half, float, (unsigned int)2>(ch_est::puschRxChEstStatDescr_t *, ch_est::puschRxChEstDynDescr_t *)"
17672130764,18560,354200,137,2,1,24,2,1,44,0.001,0.001,,,,,NVIDIA A100-SXM4-40GB MIG 4g.20gb (0),1,,13,"void ch_est::chEstFilterNoDftSOfdmDispatchKernel<float, __half, float, (unsigned int)2>(ch_est::puschRxChEstStatDescr_t *, ch_est::puschRxChEstDynDescr_t *)"
17672151564,3200,354211,103,1,1,128,1,1,16,0.000,0.000,,,,,NVIDIA A100-SXM4-40GB MIG 4g.20gb (0),1,,13,cupy_copy__complex64_complex64
17672156716,12704,354221,1434,1,1,128,1,1,16,0.000,0.000,,,,,NVIDIA A100-SXM4-40GB MIG 4g.20gb (0),1,,13,cupy_copy__complex64_complex64
17672520936,7008,354228,103,1,1,128,1,1,16,0.000,0.000,,,,,NVIDIA A100-SXM4-40GB MIG 4g.20gb (0),1,,13,cupy_copy__complex64_complex64
17672529800,317276,354235,1,1,1,32,32,1,30,0.000,0.000,,,,,NVIDIA A100-SXM4-40GB MIG 4g.20gb (0),1,,13,"void convert_kernel<__half2, float2>(tensor_layout_any, T1 *, tensor_layout_any, const T2 *)"
17672875620,5344,354238,,,,,,,,,,0.094,17532.864,Pinned,Device,NVIDIA A100-SXM4-40GB MIG 4g.20gb (0),1,,13,[CUDA memcpy Host-to-Device]
17672905923,57056,354239,,,,,,,,,,35.810,627604.658,Device,,NVIDIA A100-SXM4-40GB MIG 4g.20gb (0),1,,13,[CUDA memset]
17672968099,1824,354241,,,,,,,,,,0.000,43.860,Pinned,Device,NVIDIA A100-SXM4-40GB MIG 4g.20gb (0),1,,13,[CUDA memcpy Host-to-Device]
17672972387,9279,354242,,,,,,,,,,0.197,21188.444,Pinned,Device,NVIDIA A100-SXM4-40GB MIG 4g.20gb (0),1,,13,[CUDA memcpy Host-to-Device]
17673322783,22847,354243,273,1,1,48,1,1,40,0.000,0.001,,,,,NVIDIA A100-SXM4-40GB MIG 4g.20gb (0),1,,13,"void pusch_noise_intf_est::noiseIntfEstNoDftSOfdmKernel<float, __half, float, float, (unsigned int)2, (unsigned int)1, (unsigned char)4, (unsigned char)4>(pusch_noise_intf_est::puschRxNoiseIntfEstDynDescr)"
17673347902,3904,354254,35,1,1,128,1,1,16,0.000,0.000,,,,,NVIDIA A100-SXM4-40GB MIG 4g.20gb (0),1,,13,cupy_copy__complex64_complex64
17673352894,1856,354263,1,1,1,1,1,1,18,0.000,0.000,,,,,NVIDIA A100-SXM4-40GB MIG 4g.20gb (0),1,,13,cupy_copy__float32_float32
17673356478,1600,354269,,,,,,,,,,0.000,2.500,Device,Pageable,NVIDIA A100-SXM4-40GB MIG 4g.20gb (0),1,,7,[CUDA memcpy Device-to-Host]
17673415422,12191,354280,1434,1,1,128,1,1,16,0.000,0.000,,,,,NVIDIA A100-SXM4-40GB MIG 4g.20gb (0),1,,13,cupy_copy__complex64_complex64
17673442301,2688,354287,103,1,1,128,1,1,16,0.000,0.000,,,,,NVIDIA A100-SXM4-40GB MIG 4g.20gb (0),1,,13,cupy_copy__complex64_complex64
17673462301,2176,354294,35,1,1,128,1,1,16,0.000,0.000,,,,,NVIDIA A100-SXM4-40GB MIG 4g.20gb (0),1,,13,cupy_copy__complex64_complex64
17673481181,1792,354301,1,1,1,1,1,1,18,0.000,0.000,,,,,NVIDIA A100-SXM4-40GB MIG 4g.20gb (0),1,,13,cupy_copy__float32_float32
17673618299,79839,354312,1,1,1,32,32,1,30,0.000,0.000,,,,,NVIDIA A100-SXM4-40GB MIG 4g.20gb (0),1,,13,"void convert_kernel<__half2, float2>(tensor_layout_any, T1 *, tensor_layout_any, const T2 *)"
17673726618,5344,354315,,,,,,,,,,0.094,17532.864,Pinned,Device,NVIDIA A100-SXM4-40GB MIG 4g.20gb (0),1,,13,[CUDA memcpy Host-to-Device]
17673741850,3200,354316,,,,,,,,,,1.547,483320.000,Device,,NVIDIA A100-SXM4-40GB MIG 4g.20gb (0),1,,13,[CUDA memset]
17673748474,3008,354321,,,,,,,,,,0.031,10404.230,Pinned,Device,NVIDIA A100-SXM4-40GB MIG 4g.20gb (0),1,,13,[CUDA memcpy Host-to-Device]
17673753562,9248,354322,,,,,,,,,,0.197,21259.420,Pinned,Device,NVIDIA A100-SXM4-40GB MIG 4g.20gb (0),1,,13,[CUDA memcpy Host-to-Device]
17673765818,5952,354323,273,1,1,8,4,1,39,0.002,0.000,,,,,NVIDIA A100-SXM4-40GB MIG 4g.20gb (0),1,,13,"void channel_eq::eqMmseCoefCompLowMimoKernel<float, float, float, (unsigned int)4, (unsigned int)1, (unsigned int)4>(const channel_eq::_puschRxChEqStatDescr *, channel_eq::_puschRxChEqCoefCompDynDescr)"
17673772794,5952,354324,273,1,1,12,11,1,51,0.002,0.000,,,,,NVIDIA A100-SXM4-40GB MIG 4g.20gb (0),1,,13,"void channel_eq::eqMmseSoftDemapKernel<float, __half, __half, float, (unsigned int)4, (unsigned short)16383>(channel_eq::_puschRxChEqStatDescr *, channel_eq::_puschRxChEqSoftDemapDynDescr)"
17673779770,282012,354325,1,1,1,32,32,1,30,0.000,0.000,,,,,NVIDIA A100-SXM4-40GB MIG 4g.20gb (0),1,,13,"void convert_kernel<float2, __half2>(tensor_layout_any, T1 *, tensor_layout_any, const T2 *)"
17674062870,10336,354337,2253,1,1,128,1,1,16,0.000,0.000,,,,,NVIDIA A100-SXM4-40GB MIG 4g.20gb (0),1,,13,cupy_copy__float16_float16
17674074262,2720,354346,282,1,1,128,1,1,16,0.000,0.000,,,,,NVIDIA A100-SXM4-40GB MIG 4g.20gb (0),1,,13,cupy_copy__complex64_complex64
17674078102,2048,354355,26,1,1,128,1,1,16,0.000,0.000,,,,,NVIDIA A100-SXM4-40GB MIG 4g.20gb (0),1,,13,cupy_copy__float32_float32
17674081174,2816,354364,103,1,1,128,1,1,16,0.000,0.000,,,,,NVIDIA A100-SXM4-40GB MIG 4g.20gb (0),1,,13,cupy_copy__complex64_complex64
17674085174,11392,354374,1434,1,1,128,1,1,16,0.000,0.000,,,,,NVIDIA A100-SXM4-40GB MIG 4g.20gb (0),1,,13,cupy_copy__complex64_complex64
17674124278,79263,354379,1,1,1,32,32,1,30,0.000,0.000,,,,,NVIDIA A100-SXM4-40GB MIG 4g.20gb (0),1,,13,"void convert_kernel<__half2, float2>(tensor_layout_any, T1 *, tensor_layout_any, const T2 *)"
17674230964,5312,354382,,,,,,,,,,0.094,17638.553,Pinned,Device,NVIDIA A100-SXM4-40GB MIG 4g.20gb (0),1,,13,[CUDA memcpy Host-to-Device]
17674241268,599002,354383,,,,,,,,,,456.561,762001.043,Device,,NVIDIA A100-SXM4-40GB MIG 4g.20gb (0),1,,13,[CUDA memset]
17674848110,51519,354388,,,,,,,,,,1.235,23970.263,Pinned,Device,NVIDIA A100-SXM4-40GB MIG 4g.20gb (0),1,,13,[CUDA memcpy Host-to-Device]
17674902061,9248,354389,,,,,,,,,,0.197,21259.420,Pinned,Device,NVIDIA A100-SXM4-40GB MIG 4g.20gb (0),1,,13,[CUDA memcpy Host-to-Device]
17675336712,10816,354390,69,4,1,48,1,1,76,0.002,0.000,,,,,NVIDIA A100-SXM4-40GB MIG 4g.20gb (0),1,,13,"void ch_est::windowedChEstPreNoDftSOfdmKernel<float, __half, float, (unsigned int)2, (unsigned int)1, (unsigned short)4>(ch_est::puschRxChEstStatDescr_t *, ch_est::puschRxChEstDynDescr_t *)"
17675791715,9856,354391,137,2,1,24,2,1,44,0.001,0.001,,,,,NVIDIA A100-SXM4-40GB MIG 4g.20gb (0),1,,13,"void ch_est::chEstFilterNoDftSOfdmDispatchKernel<float, __half, float, (unsigned int)2>(ch_est::puschRxChEstStatDescr_t *, ch_est::puschRxChEstDynDescr_t *)"
17675805987,5472,354392,137,2,1,24,2,1,44,0.001,0.001,,,,,NVIDIA A100-SXM4-40GB MIG 4g.20gb (0),1,,13,"void ch_est::chEstFilterNoDftSOfdmDispatchKernel<float, __half, float, (unsigned int)2>(ch_est::puschRxChEstStatDescr_t *, ch_est::puschRxChEstDynDescr_t *)"
17675812451,2464,354403,103,1,1,128,1,1,16,0.000,0.000,,,,,NVIDIA A100-SXM4-40GB MIG 4g.20gb (0),1,,13,cupy_copy__complex64_complex64
17675815939,11808,354413,1434,1,1,128,1,1,16,0.000,0.000,,,,,NVIDIA A100-SXM4-40GB MIG 4g.20gb (0),1,,13,cupy_copy__complex64_complex64
17675828866,2400,354420,103,1,1,128,1,1,16,0.000,0.000,,,,,NVIDIA A100-SXM4-40GB MIG 4g.20gb (0),1,,13,cupy_copy__complex64_complex64
17675832354,83904,354427,1,1,1,32,32,1,30,0.000,0.000,,,,,NVIDIA A100-SXM4-40GB MIG 4g.20gb (0),1,,13,"void convert_kernel<__half2, float2>(tensor_layout_any, T1 *, tensor_layout_any, const T2 *)"
17675955009,5408,354430,,,,,,,,,,0.094,17325.421,Pinned,Device,NVIDIA A100-SXM4-40GB MIG 4g.20gb (0),1,,13,[CUDA memcpy Host-to-Device]
17676337053,49695,354431,,,,,,,,,,35.810,720567.210,Device,,NVIDIA A100-SXM4-40GB MIG 4g.20gb (0),1,,13,[CUDA memset]
17676389916,1792,354433,,,,,,,,,,0.000,44.643,Pinned,Device,NVIDIA A100-SXM4-40GB MIG 4g.20gb (0),1,,13,[CUDA memcpy Host-to-Device]
17676394172,9440,354434,,,,,,,,,,0.197,20827.079,Pinned,Device,NVIDIA A100-SXM4-40GB MIG 4g.20gb (0),1,,13,[CUDA memcpy Host-to-Device]
17676823799,10656,354435,273,1,1,48,1,1,40,0.000,0.001,,,,,NVIDIA A100-SXM4-40GB MIG 4g.20gb (0),1,,13,"void pusch_noise_intf_est::noiseIntfEstNoDftSOfdmKernel<float, __half, float, float, (unsigned int)2, (unsigned int)1, (unsigned char)4, (unsigned char)4>(pusch_noise_intf_est::puschRxNoiseIntfEstDynDescr)"
17677274386,6368,354446,35,1,1,128,1,1,16,0.000,0.000,,,,,NVIDIA A100-SXM4-40GB MIG 4g.20gb (0),1,,13,cupy_copy__complex64_complex64
17677282354,2592,354455,1,1,1,1,1,1,18,0.000,0.000,,,,,NVIDIA A100-SXM4-40GB MIG 4g.20gb (0),1,,13,cupy_copy__float32_float32
17677288594,1600,354461,,,,,,,,,,0.000,2.500,Device,Pageable,NVIDIA A100-SXM4-40GB MIG 4g.20gb (0),1,,7,[CUDA memcpy Device-to-Host]
17677724909,15744,354472,1434,1,1,128,1,1,16,0.000,0.000,,,,,NVIDIA A100-SXM4-40GB MIG 4g.20gb (0),1,,13,cupy_copy__complex64_complex64
17677742637,3840,354479,103,1,1,128,1,1,16,0.000,0.000,,,,,NVIDIA A100-SXM4-40GB MIG 4g.20gb (0),1,,13,cupy_copy__complex64_complex64
17678182600,6752,354486,35,1,1,128,1,1,16,0.000,0.000,,,,,NVIDIA A100-SXM4-40GB MIG 4g.20gb (0),1,,13,cupy_copy__complex64_complex64
17678191496,2624,354493,1,1,1,1,1,1,18,0.000,0.000,,,,,NVIDIA A100-SXM4-40GB MIG 4g.20gb (0),1,,13,cupy_copy__float32_float32
17678633283,254653,354504,1,1,1,32,32,1,30,0.000,0.000,,,,,NVIDIA A100-SXM4-40GB MIG 4g.20gb (0),1,,13,"void convert_kernel<__half2, float2>(tensor_layout_any, T1 *, tensor_layout_any, const T2 *)"
17678916288,5344,354507,,,,,,,,,,0.094,17532.864,Pinned,Device,NVIDIA A100-SXM4-40GB MIG 4g.20gb (0),1,,13,[CUDA memcpy Host-to-Device]
17679084382,7616,354508,,,,,,,,,,1.547,203074.824,Device,,NVIDIA A100-SXM4-40GB MIG 4g.20gb (0),1,,13,[CUDA memset]
17679095614,3168,354513,,,,,,,,,,0.031,9878.770,Pinned,Device,NVIDIA A100-SXM4-40GB MIG 4g.20gb (0),1,,13,[CUDA memcpy Host-to-Device]
17679101214,9536,354514,,,,,,,,,,0.197,20617.298,Pinned,Device,NVIDIA A100-SXM4-40GB MIG 4g.20gb (0),1,,13,[CUDA memcpy Host-to-Device]
17679537561,14240,354515,273,1,1,8,4,1,39,0.002,0.000,,,,,NVIDIA A100-SXM4-40GB MIG 4g.20gb (0),1,,13,"void channel_eq::eqMmseCoefCompLowMimoKernel<float, float, float, (unsigned int)4, (unsigned int)1, (unsigned int)4>(const channel_eq::_puschRxChEqStatDescr *, channel_eq::_puschRxChEqCoefCompDynDescr)"
17679552889,7552,354516,273,1,1,12,11,1,51,0.002,0.000,,,,,NVIDIA A100-SXM4-40GB MIG 4g.20gb (0),1,,13,"void channel_eq::eqMmseSoftDemapKernel<float, __half, __half, float, (unsigned int)4, (unsigned short)16383>(channel_eq::_puschRxChEqStatDescr *, channel_eq::_puschRxChEqSoftDemapDynDescr)"
17679561465,281788,354517,1,1,1,32,32,1,30,0.000,0.000,,,,,NVIDIA A100-SXM4-40GB MIG 4g.20gb (0),1,,13,"void convert_kernel<float2, __half2>(tensor_layout_any, T1 *, tensor_layout_any, const T2 *)"
17679844245,10496,354529,2253,1,1,128,1,1,16,0.000,0.000,,,,,NVIDIA A100-SXM4-40GB MIG 4g.20gb (0),1,,13,cupy_copy__float16_float16
17679855893,2784,354538,282,1,1,128,1,1,16,0.000,0.000,,,,,NVIDIA A100-SXM4-40GB MIG 4g.20gb (0),1,,13,cupy_copy__complex64_complex64
17679859765,1984,354547,26,1,1,128,1,1,16,0.000,0.000,,,,,NVIDIA A100-SXM4-40GB MIG 4g.20gb (0),1,,13,cupy_copy__float32_float32
17679862741,2816,354556,103,1,1,128,1,1,16,0.000,0.000,,,,,NVIDIA A100-SXM4-40GB MIG 4g.20gb (0),1,,13,cupy_copy__complex64_complex64
17679866517,11904,354566,1434,1,1,128,1,1,16,0.000,0.000,,,,,NVIDIA A100-SXM4-40GB MIG 4g.20gb (0),1,,13,cupy_copy__complex64_complex64
17679879381,79263,354571,1,1,1,32,32,1,30,0.000,0.000,,,,,NVIDIA A100-SXM4-40GB MIG 4g.20gb (0),1,,13,"void convert_kernel<__half2, float2>(tensor_layout_any, T1 *, tensor_layout_any, const T2 *)"
17679986644,5312,354574,,,,,,,,,,0.094,17638.553,Pinned,Device,NVIDIA A100-SXM4-40GB MIG 4g.20gb (0),1,,13,[CUDA memcpy Host-to-Device]
17679997172,590617,354575,,,,,,,,,,456.561,772958.518,Device,,NVIDIA A100-SXM4-40GB MIG 4g.20gb (0),1,,13,[CUDA memset]
17680595341,48383,354580,,,,,,,,,,1.235,25523.823,Pinned,Device,NVIDIA A100-SXM4-40GB MIG 4g.20gb (0),1,,13,[CUDA memcpy Host-to-Device]
17680645836,9248,354581,,,,,,,,,,0.197,21259.420,Pinned,Device,NVIDIA A100-SXM4-40GB MIG 4g.20gb (0),1,,13,[CUDA memcpy Host-to-Device]
17680658060,7200,354582,69,4,1,48,1,1,76,0.002,0.000,,,,,NVIDIA A100-SXM4-40GB MIG 4g.20gb (0),1,,13,"void ch_est::windowedChEstPreNoDftSOfdmKernel<float, __half, float, (unsigned int)2, (unsigned int)1, (unsigned short)4>(ch_est::puschRxChEstStatDescr_t *, ch_est::puschRxChEstDynDescr_t *)"
17680666348,6880,354583,137,2,1,24,2,1,44,0.001,0.001,,,,,NVIDIA A100-SXM4-40GB MIG 4g.20gb (0),1,,13,"void ch_est::chEstFilterNoDftSOfdmDispatchKernel<float, __half, float, (unsigned int)2>(ch_est::puschRxChEstStatDescr_t *, ch_est::puschRxChEstDynDescr_t *)"
17680674252,5024,354584,137,2,1,24,2,1,44,0.001,0.001,,,,,NVIDIA A100-SXM4-40GB MIG 4g.20gb (0),1,,13,"void ch_est::chEstFilterNoDftSOfdmDispatchKernel<float, __half, float, (unsigned int)2>(ch_est::puschRxChEstStatDescr_t *, ch_est::puschRxChEstDynDescr_t *)"
17680680268,2496,354595,103,1,1,128,1,1,16,0.000,0.000,,,,,NVIDIA A100-SXM4-40GB MIG 4g.20gb (0),1,,13,cupy_copy__complex64_complex64
17680683916,12864,354605,1434,1,1,128,1,1,16,0.000,0.000,,,,,NVIDIA A100-SXM4-40GB MIG 4g.20gb (0),1,,13,cupy_copy__complex64_complex64
17680697836,2464,354612,103,1,1,128,1,1,16,0.000,0.000,,,,,NVIDIA A100-SXM4-40GB MIG 4g.20gb (0),1,,13,cupy_copy__complex64_complex64
17680701356,78911,354619,1,1,1,32,32,1,30,0.000,0.000,,,,,NVIDIA A100-SXM4-40GB MIG 4g.20gb (0),1,,13,"void convert_kernel<__half2, float2>(tensor_layout_any, T1 *, tensor_layout_any, const T2 *)"
17680808523,5375,354622,,,,,,,,,,0.094,17431.766,Pinned,Device,NVIDIA A100-SXM4-40GB MIG 4g.20gb (0),1,,13,[CUDA memcpy Host-to-Device]
17680820842,45920,354623,,,,,,,,,,35.810,779832.628,Device,,NVIDIA A100-SXM4-40GB MIG 4g.20gb (0),1,,13,[CUDA memset]
17680874314,1824,354625,,,,,,,,,,0.000,43.860,Pinned,Device,NVIDIA A100-SXM4-40GB MIG 4g.20gb (0),1,,13,[CUDA memcpy Host-to-Device]
17680878218,9216,354626,,,,,,,,,,0.197,21333.148,Pinned,Device,NVIDIA A100-SXM4-40GB MIG 4g.20gb (0),1,,13,[CUDA memcpy Host-to-Device]
17680890474,8800,354627,273,1,1,48,1,1,40,0.000,0.001,,,,,NVIDIA A100-SXM4-40GB MIG 4g.20gb (0),1,,13,"void pusch_noise_intf_est::noiseIntfEstNoDftSOfdmKernel<float, __half, float, float, (unsigned int)2, (unsigned int)1, (unsigned char)4, (unsigned char)4>(pusch_noise_intf_est::puschRxNoiseIntfEstDynDescr)"
17680900298,2879,354638,35,1,1,128,1,1,16,0.000,0.000,,,,,NVIDIA A100-SXM4-40GB MIG 4g.20gb (0),1,,13,cupy_copy__complex64_complex64
17680927177,1888,354647,1,1,1,1,1,1,18,0.000,0.000,,,,,NVIDIA A100-SXM4-40GB MIG 4g.20gb (0),1,,13,cupy_copy__float32_float32
17680960873,1600,354653,,,,,,,,,,0.000,2.500,Device,Pageable,NVIDIA A100-SXM4-40GB MIG 4g.20gb (0),1,,7,[CUDA memcpy Device-to-Host]
17681019848,13312,354664,1434,1,1,128,1,1,16,0.000,0.000,,,,,NVIDIA A100-SXM4-40GB MIG 4g.20gb (0),1,,13,cupy_copy__complex64_complex64
17681045416,2688,354671,103,1,1,128,1,1,16,0.000,0.000,,,,,NVIDIA A100-SXM4-40GB MIG 4g.20gb (0),1,,13,cupy_copy__complex64_complex64
17681065224,2176,354678,35,1,1,128,1,1,16,0.000,0.000,,,,,NVIDIA A100-SXM4-40GB MIG 4g.20gb (0),1,,13,cupy_copy__complex64_complex64
17681083047,1856,354685,1,1,1,1,1,1,18,0.000,0.000,,,,,NVIDIA A100-SXM4-40GB MIG 4g.20gb (0),1,,13,cupy_copy__float32_float32
17681218406,78623,354696,1,1,1,32,32,1,30,0.000,0.000,,,,,NVIDIA A100-SXM4-40GB MIG 4g.20gb (0),1,,13,"void convert_kernel<__half2, float2>(tensor_layout_any, T1 *, tensor_layout_any, const T2 *)"
17681324773,5632,354699,,,,,,,,,,0.094,16636.287,Pinned,Device,NVIDIA A100-SXM4-40GB MIG 4g.20gb (0),1,,13,[CUDA memcpy Host-to-Device]
17681338853,3168,354700,,,,,,,,,,1.547,488201.145,Device,,NVIDIA A100-SXM4-40GB MIG 4g.20gb (0),1,,13,[CUDA memset]
17681345541,3007,354705,,,,,,,,,,0.031,10407.704,Pinned,Device,NVIDIA A100-SXM4-40GB MIG 4g.20gb (0),1,,13,[CUDA memcpy Host-to-Device]
17681350660,9248,354706,,,,,,,,,,0.197,21259.420,Pinned,Device,NVIDIA A100-SXM4-40GB MIG 4g.20gb (0),1,,13,[CUDA memcpy Host-to-Device]
17681363012,6144,354707,273,1,1,8,4,1,39,0.002,0.000,,,,,NVIDIA A100-SXM4-40GB MIG 4g.20gb (0),1,,13,"void channel_eq::eqMmseCoefCompLowMimoKernel<float, float, float, (unsigned int)4, (unsigned int)1, (unsigned int)4>(const channel_eq::_puschRxChEqStatDescr *, channel_eq::_puschRxChEqCoefCompDynDescr)"
17681370116,5888,354708,273,1,1,12,11,1,51,0.002,0.000,,,,,NVIDIA A100-SXM4-40GB MIG 4g.20gb (0),1,,13,"void channel_eq::eqMmseSoftDemapKernel<float, __half, __half, float, (unsigned int)4, (unsigned short)16383>(channel_eq::_puschRxChEqStatDescr *, channel_eq::_puschRxChEqSoftDemapDynDescr)"
17681377092,480027,354709,1,1,1,32,32,1,30,0.000,0.000,,,,,NVIDIA A100-SXM4-40GB MIG 4g.20gb (0),1,,13,"void convert_kernel<float2, __half2>(tensor_layout_any, T1 *, tensor_layout_any, const T2 *)"
17681971741,25568,354721,2253,1,1,128,1,1,16,0.000,0.000,,,,,NVIDIA A100-SXM4-40GB MIG 4g.20gb (0),1,,13,cupy_copy__float16_float16
17681999453,5088,354730,282,1,1,128,1,1,16,0.000,0.000,,,,,NVIDIA A100-SXM4-40GB MIG 4g.20gb (0),1,,13,cupy_copy__complex64_complex64
17682005245,2272,354739,26,1,1,128,1,1,16,0.000,0.000,,,,,NVIDIA A100-SXM4-40GB MIG 4g.20gb (0),1,,13,cupy_copy__float32_float32
17682008541,3168,354748,103,1,1,128,1,1,16,0.000,0.000,,,,,NVIDIA A100-SXM4-40GB MIG 4g.20gb (0),1,,13,cupy_copy__complex64_complex64
17682012765,12128,354758,1434,1,1,128,1,1,16,0.000,0.000,,,,,NVIDIA A100-SXM4-40GB MIG 4g.20gb (0),1,,13,cupy_copy__complex64_complex64
17682025853,79839,354763,1,1,1,32,32,1,30,0.000,0.000,,,,,NVIDIA A100-SXM4-40GB MIG 4g.20gb (0),1,,13,"void convert_kernel<__half2, float2>(tensor_layout_any, T1 *, tensor_layout_any, const T2 *)"
17682133500,5440,354766,,,,,,,,,,0.094,17223.480,Pinned,Device,NVIDIA A100-SXM4-40GB MIG 4g.20gb (0),1,,13,[CUDA memcpy Host-to-Device]
17682282586,614585,354767,,,,,,,,,,456.561,742825.463,Device,,NVIDIA A100-SXM4-40GB MIG 4g.20gb (0),1,,13,[CUDA memset]
17682929523,50847,354772,,,,,,,,,,1.235,24286.409,Pinned,Device,NVIDIA A100-SXM4-40GB MIG 4g.20gb (0),1,,13,[CUDA memcpy Host-to-Device]
17682982866,9536,354773,,,,,,,,,,0.197,20617.298,Pinned,Device,NVIDIA A100-SXM4-40GB MIG 4g.20gb (0),1,,13,[CUDA memcpy Host-to-Device]
17683089841,24256,354774,69,4,1,48,1,1,76,0.002,0.000,,,,,NVIDIA A100-SXM4-40GB MIG 4g.20gb (0),1,,13,"void ch_est::windowedChEstPreNoDftSOfdmKernel<float, __half, float, (unsigned int)2, (unsigned int)1, (unsigned short)4>(ch_est::puschRxChEstStatDescr_t *, ch_est::puschRxChEstDynDescr_t *)"
17683116177,7424,354775,137,2,1,24,2,1,44,0.001,0.001,,,,,NVIDIA A100-SXM4-40GB MIG 4g.20gb (0),1,,13,"void ch_est::chEstFilterNoDftSOfdmDispatchKernel<float, __half, float, (unsigned int)2>(ch_est::puschRxChEstStatDescr_t *, ch_est::puschRxChEstDynDescr_t *)"
17683312814,24512,354776,137,2,1,24,2,1,44,0.001,0.001,,,,,NVIDIA A100-SXM4-40GB MIG 4g.20gb (0),1,,13,"void ch_est::chEstFilterNoDftSOfdmDispatchKernel<float, __half, float, (unsigned int)2>(ch_est::puschRxChEstStatDescr_t *, ch_est::puschRxChEstDynDescr_t *)"
17683339086,3136,354787,103,1,1,128,1,1,16,0.000,0.000,,,,,NVIDIA A100-SXM4-40GB MIG 4g.20gb (0),1,,13,cupy_copy__complex64_complex64
17683535692,23616,354797,1434,1,1,128,1,1,16,0.000,0.000,,,,,NVIDIA A100-SXM4-40GB MIG 4g.20gb (0),1,,13,cupy_copy__complex64_complex64
17683560684,3968,354804,103,1,1,128,1,1,16,0.000,0.000,,,,,NVIDIA A100-SXM4-40GB MIG 4g.20gb (0),1,,13,cupy_copy__complex64_complex64
17683566028,106878,354811,1,1,1,32,32,1,30,0.000,0.000,,,,,NVIDIA A100-SXM4-40GB MIG 4g.20gb (0),1,,13,"void convert_kernel<__half2, float2>(tensor_layout_any, T1 *, tensor_layout_any, const T2 *)"
17683699754,5344,354814,,,,,,,,,,0.094,17532.864,Pinned,Device,NVIDIA A100-SXM4-40GB MIG 4g.20gb (0),1,,13,[CUDA memcpy Host-to-Device]
17683770665,58016,354815,,,,,,,,,,35.810,617219.781,Device,,NVIDIA A100-SXM4-40GB MIG 4g.20gb (0),1,,13,[CUDA memset]
17683830121,1824,354817,,,,,,,,,,0.000,43.860,Pinned,Device,NVIDIA A100-SXM4-40GB MIG 4g.20gb (0),1,,13,[CUDA memcpy Host-to-Device]
17683834345,9567,354818,,,,,,,,,,0.197,20550.451,Pinned,Device,NVIDIA A100-SXM4-40GB MIG 4g.20gb (0),1,,13,[CUDA memcpy Host-to-Device]
17684022502,27520,354819,273,1,1,48,1,1,40,0.000,0.001,,,,,NVIDIA A100-SXM4-40GB MIG 4g.20gb (0),1,,13,"void pusch_noise_intf_est::noiseIntfEstNoDftSOfdmKernel<float, __half, float, float, (unsigned int)2, (unsigned int)1, (unsigned char)4, (unsigned char)4>(pusch_noise_intf_est::puschRxNoiseIntfEstDynDescr)"
17684244708,12896,354830,35,1,1,128,1,1,16,0.000,0.000,,,,,NVIDIA A100-SXM4-40GB MIG 4g.20gb (0),1,,13,cupy_copy__complex64_complex64
17684259300,3168,354839,1,1,1,1,1,1,18,0.000,0.000,,,,,NVIDIA A100-SXM4-40GB MIG 4g.20gb (0),1,,13,cupy_copy__float32_float32
17684268932,1760,354845,,,,,,,,,,0.000,2.273,Device,Pageable,NVIDIA A100-SXM4-40GB MIG 4g.20gb (0),1,,7,[CUDA memcpy Device-to-Host]
17684465217,22112,354856,1434,1,1,128,1,1,16,0.000,0.000,,,,,NVIDIA A100-SXM4-40GB MIG 4g.20gb (0),1,,13,cupy_copy__complex64_complex64
17684489665,4480,354863,103,1,1,128,1,1,16,0.000,0.000,,,,,NVIDIA A100-SXM4-40GB MIG 4g.20gb (0),1,,13,cupy_copy__complex64_complex64
17684496449,3872,354870,35,1,1,128,1,1,16,0.000,0.000,,,,,NVIDIA A100-SXM4-40GB MIG 4g.20gb (0),1,,13,cupy_copy__complex64_complex64
17684501025,2048,354877,1,1,1,1,1,1,18,0.000,0.000,,,,,NVIDIA A100-SXM4-40GB MIG 4g.20gb (0),1,,13,cupy_copy__float32_float32
17684530177,79295,354888,1,1,1,32,32,1,30,0.000,0.000,,,,,NVIDIA A100-SXM4-40GB MIG 4g.20gb (0),1,,13,"void convert_kernel<__half2, float2>(tensor_layout_any, T1 *, tensor_layout_any, const T2 *)"
17684637504,5343,354891,,,,,,,,,,0.094,17536.143,Pinned,Device,NVIDIA A100-SXM4-40GB MIG 4g.20gb (0),1,,13,[CUDA memcpy Host-to-Device]
17684651295,3200,354892,,,,,,,,,,1.547,483320.000,Device,,NVIDIA A100-SXM4-40GB MIG 4g.20gb (0),1,,13,[CUDA memset]
17684657855,3008,354897,,,,,,,,,,0.031,10404.230,Pinned,Device,NVIDIA A100-SXM4-40GB MIG 4g.20gb (0),1,,13,[CUDA memcpy Host-to-Device]
17684662943,9216,354898,,,,,,,,,,0.197,21333.148,Pinned,Device,NVIDIA A100-SXM4-40GB MIG 4g.20gb (0),1,,13,[CUDA memcpy Host-to-Device]
17684675647,5984,354899,273,1,1,8,4,1,39,0.002,0.000,,,,,NVIDIA A100-SXM4-40GB MIG 4g.20gb (0),1,,13,"void channel_eq::eqMmseCoefCompLowMimoKernel<float, float, float, (unsigned int)4, (unsigned int)1, (unsigned int)4>(const channel_eq::_puschRxChEqStatDescr *, channel_eq::_puschRxChEqCoefCompDynDescr)"
17684682623,5952,354900,273,1,1,12,11,1,51,0.002,0.000,,,,,NVIDIA A100-SXM4-40GB MIG 4g.20gb (0),1,,13,"void channel_eq::eqMmseSoftDemapKernel<float, __half, __half, float, (unsigned int)4, (unsigned short)16383>(channel_eq::_puschRxChEqStatDescr *, channel_eq::_puschRxChEqSoftDemapDynDescr)"
17684689631,282205,354901,1,1,1,32,32,1,30,0.000,0.000,,,,,NVIDIA A100-SXM4-40GB MIG 4g.20gb (0),1,,13,"void convert_kernel<float2, __half2>(tensor_layout_any, T1 *, tensor_layout_any, const T2 *)"
17684972924,11072,354913,2253,1,1,128,1,1,16,0.000,0.000,,,,,NVIDIA A100-SXM4-40GB MIG 4g.20gb (0),1,,13,cupy_copy__float16_float16
17684985084,2816,354922,282,1,1,128,1,1,16,0.000,0.000,,,,,NVIDIA A100-SXM4-40GB MIG 4g.20gb (0),1,,13,cupy_copy__complex64_complex64
17684988924,2048,354931,26,1,1,128,1,1,16,0.000,0.000,,,,,NVIDIA A100-SXM4-40GB MIG 4g.20gb (0),1,,13,cupy_copy__float32_float32
17684992028,2848,354940,103,1,1,128,1,1,16,0.000,0.000,,,,,NVIDIA A100-SXM4-40GB MIG 4g.20gb (0),1,,13,cupy_copy__complex64_complex64
17684995996,11327,354950,1434,1,1,128,1,1,16,0.000,0.000,,,,,NVIDIA A100-SXM4-40GB MIG 4g.20gb (0),1,,13,cupy_copy__complex64_complex64
17685035675,80287,354955,1,1,1,32,32,1,30,0.000,0.000,,,,,NVIDIA A100-SXM4-40GB MIG 4g.20gb (0),1,,13,"void convert_kernel<__half2, float2>(tensor_layout_any, T1 *, tensor_layout_any, const T2 *)"
17685143066,5344,354958,,,,,,,,,,0.094,17532.864,Pinned,Device,NVIDIA A100-SXM4-40GB MIG 4g.20gb (0),1,,13,[CUDA memcpy Host-to-Device]
17685153402,591705,354959,,,,,,,,,,456.561,771588.834,Device,,NVIDIA A100-SXM4-40GB MIG 4g.20gb (0),1,,13,[CUDA memset]
17685752563,48415,354964,,,,,,,,,,1.235,25506.533,Pinned,Device,NVIDIA A100-SXM4-40GB MIG 4g.20gb (0),1,,13,[CUDA memcpy Host-to-Device]
17685803090,9504,354965,,,,,,,,,,0.197,20686.701,Pinned,Device,NVIDIA A100-SXM4-40GB MIG 4g.20gb (0),1,,13,[CUDA memcpy Host-to-Device]
17685815570,7296,354966,69,4,1,48,1,1,76,0.002,0.000,,,,,NVIDIA A100-SXM4-40GB MIG 4g.20gb (0),1,,13,"void ch_est::windowedChEstPreNoDftSOfdmKernel<float, __half, float, (unsigned int)2, (unsigned int)1, (unsigned short)4>(ch_est::puschRxChEstStatDescr_t *, ch_est::puschRxChEstDynDescr_t *)"
17685823858,6720,354967,137,2,1,24,2,1,44,0.001,0.001,,,,,NVIDIA A100-SXM4-40GB MIG 4g.20gb (0),1,,13,"void ch_est::chEstFilterNoDftSOfdmDispatchKernel<float, __half, float, (unsigned int)2>(ch_est::puschRxChEstStatDescr_t *, ch_est::puschRxChEstDynDescr_t *)"
17685831730,4768,354968,137,2,1,24,2,1,44,0.001,0.001,,,,,NVIDIA A100-SXM4-40GB MIG 4g.20gb (0),1,,13,"void ch_est::chEstFilterNoDftSOfdmDispatchKernel<float, __half, float, (unsigned int)2>(ch_est::puschRxChEstStatDescr_t *, ch_est::puschRxChEstDynDescr_t *)"
17685837554,2464,354979,103,1,1,128,1,1,16,0.000,0.000,,,,,NVIDIA A100-SXM4-40GB MIG 4g.20gb (0),1,,13,cupy_copy__complex64_complex64
17685841042,12672,354989,1434,1,1,128,1,1,16,0.000,0.000,,,,,NVIDIA A100-SXM4-40GB MIG 4g.20gb (0),1,,13,cupy_copy__complex64_complex64
17685854834,2400,354996,103,1,1,128,1,1,16,0.000,0.000,,,,,NVIDIA A100-SXM4-40GB MIG 4g.20gb (0),1,,13,cupy_copy__complex64_complex64
17685858258,79807,355003,1,1,1,32,32,1,30,0.000,0.000,,,,,NVIDIA A100-SXM4-40GB MIG 4g.20gb (0),1,,13,"void convert_kernel<__half2, float2>(tensor_layout_any, T1 *, tensor_layout_any, const T2 *)"
17685966001,5376,355006,,,,,,,,,,0.094,17428.487,Pinned,Device,NVIDIA A100-SXM4-40GB MIG 4g.20gb (0),1,,13,[CUDA memcpy Host-to-Device]
17685977264,45568,355007,,,,,,,,,,35.810,785848.694,Device,,NVIDIA A100-SXM4-40GB MIG 4g.20gb (0),1,,13,[CUDA memset]
17686030064,1856,355009,,,,,,,,,,0.000,43.103,Pinned,Device,NVIDIA A100-SXM4-40GB MIG 4g.20gb (0),1,,13,[CUDA memcpy Host-to-Device]
17686034000,9216,355010,,,,,,,,,,0.197,21333.148,Pinned,Device,NVIDIA A100-SXM4-40GB MIG 4g.20gb (0),1,,13,[CUDA memcpy Host-to-Device]
17686046320,8928,355011,273,1,1,48,1,1,40,0.000,0.001,,,,,NVIDIA A100-SXM4-40GB MIG 4g.20gb (0),1,,13,"void pusch_noise_intf_est::noiseIntfEstNoDftSOfdmKernel<float, __half, float, float, (unsigned int)2, (unsigned int)1, (unsigned char)4, (unsigned char)4>(pusch_noise_intf_est::puschRxNoiseIntfEstDynDescr)"
17686056304,2880,355022,35,1,1,128,1,1,16,0.000,0.000,,,,,NVIDIA A100-SXM4-40GB MIG 4g.20gb (0),1,,13,cupy_copy__complex64_complex64
17686083535,1888,355031,1,1,1,1,1,1,18,0.000,0.000,,,,,NVIDIA A100-SXM4-40GB MIG 4g.20gb (0),1,,13,cupy_copy__float32_float32
17686117903,1600,355037,,,,,,,,,,0.000,2.500,Device,Pageable,NVIDIA A100-SXM4-40GB MIG 4g.20gb (0),1,,7,[CUDA memcpy Device-to-Host]
17686175854,13248,355048,1434,1,1,128,1,1,16,0.000,0.000,,,,,NVIDIA A100-SXM4-40GB MIG 4g.20gb (0),1,,13,cupy_copy__complex64_complex64
17686202318,2656,355055,103,1,1,128,1,1,16,0.000,0.000,,,,,NVIDIA A100-SXM4-40GB MIG 4g.20gb (0),1,,13,cupy_copy__complex64_complex64
17686222350,2144,355062,35,1,1,128,1,1,16,0.000,0.000,,,,,NVIDIA A100-SXM4-40GB MIG 4g.20gb (0),1,,13,cupy_copy__complex64_complex64
17686240270,1856,355069,1,1,1,1,1,1,18,0.000,0.000,,,,,NVIDIA A100-SXM4-40GB MIG 4g.20gb (0),1,,13,cupy_copy__float32_float32
17686374476,79679,355080,1,1,1,32,32,1,30,0.000,0.000,,,,,NVIDIA A100-SXM4-40GB MIG 4g.20gb (0),1,,13,"void convert_kernel<__half2, float2>(tensor_layout_any, T1 *, tensor_layout_any, const T2 *)"
17686481483,5344,355083,,,,,,,,,,0.094,17532.864,Pinned,Device,NVIDIA A100-SXM4-40GB MIG 4g.20gb (0),1,,13,[CUDA memcpy Host-to-Device]
17686494667,3200,355084,,,,,,,,,,1.547,483320.000,Device,,NVIDIA A100-SXM4-40GB MIG 4g.20gb (0),1,,13,[CUDA memset]
17686509387,3039,355089,,,,,,,,,,0.031,10298.105,Pinned,Device,NVIDIA A100-SXM4-40GB MIG 4g.20gb (0),1,,13,[CUDA memcpy Host-to-Device]
17686514506,9376,355090,,,,,,,,,,0.197,20969.226,Pinned,Device,NVIDIA A100-SXM4-40GB MIG 4g.20gb (0),1,,13,[CUDA memcpy Host-to-Device]
17686527370,6016,355091,273,1,1,8,4,1,39,0.002,0.000,,,,,NVIDIA A100-SXM4-40GB MIG 4g.20gb (0),1,,13,"void channel_eq::eqMmseCoefCompLowMimoKernel<float, float, float, (unsigned int)4, (unsigned int)1, (unsigned int)4>(const channel_eq::_puschRxChEqStatDescr *, channel_eq::_puschRxChEqCoefCompDynDescr)"
17686534442,5856,355092,273,1,1,12,11,1,51,0.002,0.000,,,,,NVIDIA A100-SXM4-40GB MIG 4g.20gb (0),1,,13,"void channel_eq::eqMmseSoftDemapKernel<float, __half, __half, float, (unsigned int)4, (unsigned short)16383>(channel_eq::_puschRxChEqStatDescr *, channel_eq::_puschRxChEqSoftDemapDynDescr)"
17686541450,281853,355093,1,1,1,32,32,1,30,0.000,0.000,,,,,NVIDIA A100-SXM4-40GB MIG 4g.20gb (0),1,,13,"void convert_kernel<float2, __half2>(tensor_layout_any, T1 *, tensor_layout_any, const T2 *)"
17686824455,10464,355105,2253,1,1,128,1,1,16,0.000,0.000,,,,,NVIDIA A100-SXM4-40GB MIG 4g.20gb (0),1,,13,cupy_copy__float16_float16
17686835847,2752,355114,282,1,1,128,1,1,16,0.000,0.000,,,,,NVIDIA A100-SXM4-40GB MIG 4g.20gb (0),1,,13,cupy_copy__complex64_complex64
17686839623,2048,355123,26,1,1,128,1,1,16,0.000,0.000,,,,,NVIDIA A100-SXM4-40GB MIG 4g.20gb (0),1,,13,cupy_copy__float32_float32
17686842663,2816,355132,103,1,1,128,1,1,16,0.000,0.000,,,,,NVIDIA A100-SXM4-40GB MIG 4g.20gb (0),1,,13,cupy_copy__complex64_complex64
17686846663,11136,355142,1434,1,1,128,1,1,16,0.000,0.000,,,,,NVIDIA A100-SXM4-40GB MIG 4g.20gb (0),1,,13,cupy_copy__complex64_complex64
17686875142,78784,355147,1,1,1,32,32,1,30,0.000,0.000,,,,,NVIDIA A100-SXM4-40GB MIG 4g.20gb (0),1,,13,"void convert_kernel<__half2, float2>(tensor_layout_any, T1 *, tensor_layout_any, const T2 *)"
17686982373,5344,355150,,,,,,,,,,0.094,17532.864,Pinned,Device,NVIDIA A100-SXM4-40GB MIG 4g.20gb (0),1,,13,[CUDA memcpy Host-to-Device]
17686993061,609337,355151,,,,,,,,,,456.561,749217.323,Device,,NVIDIA A100-SXM4-40GB MIG 4g.20gb (0),1,,13,[CUDA memset]
17687608638,50688,355156,,,,,,,,,,1.235,24362.975,Pinned,Device,NVIDIA A100-SXM4-40GB MIG 4g.20gb (0),1,,13,[CUDA memcpy Host-to-Device]
17687661950,9343,355157,,,,,,,,,,0.197,21043.347,Pinned,Device,NVIDIA A100-SXM4-40GB MIG 4g.20gb (0),1,,13,[CUDA memcpy Host-to-Device]
17687814908,24064,355158,69,4,1,48,1,1,76,0.002,0.000,,,,,NVIDIA A100-SXM4-40GB MIG 4g.20gb (0),1,,13,"void ch_est::windowedChEstPreNoDftSOfdmKernel<float, __half, float, (unsigned int)2, (unsigned int)1, (unsigned short)4>(ch_est::puschRxChEstStatDescr_t *, ch_est::puschRxChEstDynDescr_t *)"
17687841308,6847,355159,137,2,1,24,2,1,44,0.001,0.001,,,,,NVIDIA A100-SXM4-40GB MIG 4g.20gb (0),1,,13,"void ch_est::chEstFilterNoDftSOfdmDispatchKernel<float, __half, float, (unsigned int)2>(ch_est::puschRxChEstStatDescr_t *, ch_est::puschRxChEstDynDescr_t *)"
17687849627,5024,355160,137,2,1,24,2,1,44,0.001,0.001,,,,,NVIDIA A100-SXM4-40GB MIG 4g.20gb (0),1,,13,"void ch_est::chEstFilterNoDftSOfdmDispatchKernel<float, __half, float, (unsigned int)2>(ch_est::puschRxChEstStatDescr_t *, ch_est::puschRxChEstDynDescr_t *)"
17687856507,4128,355171,103,1,1,128,1,1,16,0.000,0.000,,,,,NVIDIA A100-SXM4-40GB MIG 4g.20gb (0),1,,13,cupy_copy__complex64_complex64
17688021434,21631,355181,1434,1,1,128,1,1,16,0.000,0.000,,,,,NVIDIA A100-SXM4-40GB MIG 4g.20gb (0),1,,13,cupy_copy__complex64_complex64
17688045625,3904,355188,103,1,1,128,1,1,16,0.000,0.000,,,,,NVIDIA A100-SXM4-40GB MIG 4g.20gb (0),1,,13,cupy_copy__complex64_complex64
17688052089,79679,355195,1,1,1,32,32,1,30,0.000,0.000,,,,,NVIDIA A100-SXM4-40GB MIG 4g.20gb (0),1,,13,"void convert_kernel<__half2, float2>(tensor_layout_any, T1 *, tensor_layout_any, const T2 *)"
17688161080,5344,355198,,,,,,,,,,0.094,17532.864,Pinned,Device,NVIDIA A100-SXM4-40GB MIG 4g.20gb (0),1,,13,[CUDA memcpy Host-to-Device]
17688307990,65248,355199,,,,,,,,,,35.810,548822.834,Device,,NVIDIA A100-SXM4-40GB MIG 4g.20gb (0),1,,13,[CUDA memset]
17688373174,1984,355201,,,,,,,,,,0.000,40.323,Pinned,Device,NVIDIA A100-SXM4-40GB MIG 4g.20gb (0),1,,13,[CUDA memcpy Host-to-Device]
17688378198,9407,355202,,,,,,,,,,0.197,20900.020,Pinned,Device,NVIDIA A100-SXM4-40GB MIG 4g.20gb (0),1,,13,[CUDA memcpy Host-to-Device]
17688534292,24223,355203,273,1,1,48,1,1,40,0.000,0.001,,,,,NVIDIA A100-SXM4-40GB MIG 4g.20gb (0),1,,13,"void pusch_noise_intf_est::noiseIntfEstNoDftSOfdmKernel<float, __half, float, float, (unsigned int)2, (unsigned int)1, (unsigned char)4, (unsigned char)4>(pusch_noise_intf_est::puschRxNoiseIntfEstDynDescr)"
17688560755,3232,355214,35,1,1,128,1,1,16,0.000,0.000,,,,,NVIDIA A100-SXM4-40GB MIG 4g.20gb (0),1,,13,cupy_copy__complex64_complex64
17688565459,1856,355223,1,1,1,1,1,1,18,0.000,0.000,,,,,NVIDIA A100-SXM4-40GB MIG 4g.20gb (0),1,,13,cupy_copy__float32_float32
17688573267,1632,355229,,,,,,,,,,0.000,2.451,Device,Pageable,NVIDIA A100-SXM4-40GB MIG 4g.20gb (0),1,,7,[CUDA memcpy Device-to-Host]
17688734226,21855,355240,1434,1,1,128,1,1,16,0.000,0.000,,,,,NVIDIA A100-SXM4-40GB MIG 4g.20gb (0),1,,13,cupy_copy__complex64_complex64
17688759185,4320,355247,103,1,1,128,1,1,16,0.000,0.000,,,,,NVIDIA A100-SXM4-40GB MIG 4g.20gb (0),1,,13,cupy_copy__complex64_complex64
17688765137,2560,355254,35,1,1,128,1,1,16,0.000,0.000,,,,,NVIDIA A100-SXM4-40GB MIG 4g.20gb (0),1,,13,cupy_copy__complex64_complex64
17688769137,2080,355261,1,1,1,1,1,1,18,0.000,0.000,,,,,NVIDIA A100-SXM4-40GB MIG 4g.20gb (0),1,,13,cupy_copy__float32_float32
17688950479,281213,355272,1,1,1,32,32,1,30,0.000,0.000,,,,,NVIDIA A100-SXM4-40GB MIG 4g.20gb (0),1,,13,"void convert_kernel<__half2, float2>(tensor_layout_any, T1 *, tensor_layout_any, const T2 *)"
17689259020,5376,355275,,,,,,,,,,0.094,17428.487,Pinned,Device,NVIDIA A100-SXM4-40GB MIG 4g.20gb (0),1,,13,[CUDA memcpy Host-to-Device]
17689335179,12640,355276,,,,,,,,,,1.547,122358.065,Device,,NVIDIA A100-SXM4-40GB MIG 4g.20gb (0),1,,13,[CUDA memset]
17689353931,3040,355281,,,,,,,,,,0.031,10294.725,Pinned,Device,NVIDIA A100-SXM4-40GB MIG 4g.20gb (0),1,,13,[CUDA memcpy Host-to-Device]
17689359626,9760,355282,,,,,,,,,,0.197,20144.259,Pinned,Device,NVIDIA A100-SXM4-40GB MIG 4g.20gb (0),1,,13,[CUDA memcpy Host-to-Device]
17689373610,7680,355283,273,1,1,8,4,1,39,0.002,0.000,,,,,NVIDIA A100-SXM4-40GB MIG 4g.20gb (0),1,,13,"void channel_eq::eqMmseCoefCompLowMimoKernel<float, float, float, (unsigned int)4, (unsigned int)1, (unsigned int)4>(const channel_eq::_puschRxChEqStatDescr *, channel_eq::_puschRxChEqCoefCompDynDescr)"
17689539080,23392,355284,273,1,1,12,11,1,51,0.002,0.000,,,,,NVIDIA A100-SXM4-40GB MIG 4g.20gb (0),1,,13,"void channel_eq::eqMmseSoftDemapKernel<float, __half, __half, float, (unsigned int)4, (unsigned short)16383>(channel_eq::_puschRxChEqStatDescr *, channel_eq::_puschRxChEqSoftDemapDynDescr)"
17689564264,436155,355285,1,1,1,32,32,1,30,0.000,0.000,,,,,NVIDIA A100-SXM4-40GB MIG 4g.20gb (0),1,,13,"void convert_kernel<float2, __half2>(tensor_layout_any, T1 *, tensor_layout_any, const T2 *)"
17690001411,11968,355297,2253,1,1,128,1,1,16,0.000,0.000,,,,,NVIDIA A100-SXM4-40GB MIG 4g.20gb (0),1,,13,cupy_copy__float16_float16
17690014339,3744,355306,282,1,1,128,1,1,16,0.000,0.000,,,,,NVIDIA A100-SXM4-40GB MIG 4g.20gb (0),1,,13,cupy_copy__complex64_complex64
17690019171,2240,355315,26,1,1,128,1,1,16,0.000,0.000,,,,,NVIDIA A100-SXM4-40GB MIG 4g.20gb (0),1,,13,cupy_copy__float32_float32
17690022339,3136,355324,103,1,1,128,1,1,16,0.000,0.000,,,,,NVIDIA A100-SXM4-40GB MIG 4g.20gb (0),1,,13,cupy_copy__complex64_complex64
17690026563,12352,355334,1434,1,1,128,1,1,16,0.000,0.000,,,,,NVIDIA A100-SXM4-40GB MIG 4g.20gb (0),1,,13,cupy_copy__complex64_complex64
17690039907,79583,355339,1,1,1,32,32,1,30,0.000,0.000,,,,,NVIDIA A100-SXM4-40GB MIG 4g.20gb (0),1,,13,"void convert_kernel<__half2, float2>(tensor_layout_any, T1 *, tensor_layout_any, const T2 *)"
17690147970,5408,355342,,,,,,,,,,0.094,17325.421,Pinned,Device,NVIDIA A100-SXM4-40GB MIG 4g.20gb (0),1,,13,[CUDA memcpy Host-to-Device]
17690157442,591289,355343,,,,,,,,,,456.561,772045.395,Device,,NVIDIA A100-SXM4-40GB MIG 4g.20gb (0),1,,13,[CUDA memset]
17690751067,48415,355348,,,,,,,,,,1.235,25506.533,Pinned,Device,NVIDIA A100-SXM4-40GB MIG 4g.20gb (0),1,,13,[CUDA memcpy Host-to-Device]
17690801594,9248,355349,,,,,,,,,,0.197,21259.420,Pinned,Device,NVIDIA A100-SXM4-40GB MIG 4g.20gb (0),1,,13,[CUDA memcpy Host-to-Device]
17690813850,7072,355350,69,4,1,48,1,1,76,0.002,0.000,,,,,NVIDIA A100-SXM4-40GB MIG 4g.20gb (0),1,,13,"void ch_est::windowedChEstPreNoDftSOfdmKernel<float, __half, float, (unsigned int)2, (unsigned int)1, (unsigned short)4>(ch_est::puschRxChEstStatDescr_t *, ch_est::puschRxChEstDynDescr_t *)"
17690821914,6752,355351,137,2,1,24,2,1,44,0.001,0.001,,,,,NVIDIA A100-SXM4-40GB MIG 4g.20gb (0),1,,13,"void ch_est::chEstFilterNoDftSOfdmDispatchKernel<float, __half, float, (unsigned int)2>(ch_est::puschRxChEstStatDescr_t *, ch_est::puschRxChEstDynDescr_t *)"
17690829786,5440,355352,137,2,1,24,2,1,44,0.001,0.001,,,,,NVIDIA A100-SXM4-40GB MIG 4g.20gb (0),1,,13,"void ch_est::chEstFilterNoDftSOfdmDispatchKernel<float, __half, float, (unsigned int)2>(ch_est::puschRxChEstStatDescr_t *, ch_est::puschRxChEstDynDescr_t *)"
17690836282,2528,355363,103,1,1,128,1,1,16,0.000,0.000,,,,,NVIDIA A100-SXM4-40GB MIG 4g.20gb (0),1,,13,cupy_copy__complex64_complex64
17690839962,12992,355373,1434,1,1,128,1,1,16,0.000,0.000,,,,,NVIDIA A100-SXM4-40GB MIG 4g.20gb (0),1,,13,cupy_copy__complex64_complex64
17690853882,2432,355380,103,1,1,128,1,1,16,0.000,0.000,,,,,NVIDIA A100-SXM4-40GB MIG 4g.20gb (0),1,,13,cupy_copy__complex64_complex64
17690857402,79935,355387,1,1,1,32,32,1,30,0.000,0.000,,,,,NVIDIA A100-SXM4-40GB MIG 4g.20gb (0),1,,13,"void convert_kernel<__half2, float2>(tensor_layout_any, T1 *, tensor_layout_any, const T2 *)"
17691126455,5376,355390,,,,,,,,,,0.094,17428.487,Pinned,Device,NVIDIA A100-SXM4-40GB MIG 4g.20gb (0),1,,13,[CUDA memcpy Host-to-Device]
17691138359,45823,355391,,,,,,,,,,35.810,781479.884,Device,,NVIDIA A100-SXM4-40GB MIG 4g.20gb (0),1,,13,[CUDA memset]
17691192022,1856,355393,,,,,,,,,,0.000,43.103,Pinned,Device,NVIDIA A100-SXM4-40GB MIG 4g.20gb (0),1,,13,[CUDA memcpy Host-to-Device]
17691195958,9280,355394,,,,,,,,,,0.197,21186.085,Pinned,Device,NVIDIA A100-SXM4-40GB MIG 4g.20gb (0),1,,13,[CUDA memcpy Host-to-Device]
17691208278,8576,355395,273,1,1,48,1,1,40,0.000,0.001,,,,,NVIDIA A100-SXM4-40GB MIG 4g.20gb (0),1,,13,"void pusch_noise_intf_est::noiseIntfEstNoDftSOfdmKernel<float, __half, float, float, (unsigned int)2, (unsigned int)1, (unsigned char)4, (unsigned char)4>(pusch_noise_intf_est::puschRxNoiseIntfEstDynDescr)"
17691217846,2880,355406,35,1,1,128,1,1,16,0.000,0.000,,,,,NVIDIA A100-SXM4-40GB MIG 4g.20gb (0),1,,13,cupy_copy__complex64_complex64
17691243925,1888,355415,1,1,1,1,1,1,18,0.000,0.000,,,,,NVIDIA A100-SXM4-40GB MIG 4g.20gb (0),1,,13,cupy_copy__float32_float32
17691277813,1600,355421,,,,,,,,,,0.000,2.500,Device,Pageable,NVIDIA A100-SXM4-40GB MIG 4g.20gb (0),1,,7,[CUDA memcpy Device-to-Host]
17691336308,13344,355432,1434,1,1,128,1,1,16,0.000,0.000,,,,,NVIDIA A100-SXM4-40GB MIG 4g.20gb (0),1,,13,cupy_copy__complex64_complex64
17691362260,2688,355439,103,1,1,128,1,1,16,0.000,0.000,,,,,NVIDIA A100-SXM4-40GB MIG 4g.20gb (0),1,,13,cupy_copy__complex64_complex64
17691382644,2144,355446,35,1,1,128,1,1,16,0.000,0.000,,,,,NVIDIA A100-SXM4-40GB MIG 4g.20gb (0),1,,13,cupy_copy__complex64_complex64
17691400724,1792,355453,1,1,1,1,1,1,18,0.000,0.000,,,,,NVIDIA A100-SXM4-40GB MIG 4g.20gb (0),1,,13,cupy_copy__float32_float32
17691535986,79007,355464,1,1,1,32,32,1,30,0.000,0.000,,,,,NVIDIA A100-SXM4-40GB MIG 4g.20gb (0),1,,13,"void convert_kernel<__half2, float2>(tensor_layout_any, T1 *, tensor_layout_any, const T2 *)"
17691644145,5696,355467,,,,,,,,,,0.094,16449.363,Pinned,Device,NVIDIA A100-SXM4-40GB MIG 4g.20gb (0),1,,13,[CUDA memcpy Host-to-Device]
17691658257,3168,355468,,,,,,,,,,1.547,488201.145,Device,,NVIDIA A100-SXM4-40GB MIG 4g.20gb (0),1,,13,[CUDA memset]
17691665201,3104,355473,,,,,,,,,,0.031,10082.445,Pinned,Device,NVIDIA A100-SXM4-40GB MIG 4g.20gb (0),1,,13,[CUDA memcpy Host-to-Device]
17691670641,9343,355474,,,,,,,,,,0.197,21043.347,Pinned,Device,NVIDIA A100-SXM4-40GB MIG 4g.20gb (0),1,,13,[CUDA memcpy Host-to-Device]
17691683504,5920,355475,273,1,1,8,4,1,39,0.002,0.000,,,,,NVIDIA A100-SXM4-40GB MIG 4g.20gb (0),1,,13,"void channel_eq::eqMmseCoefCompLowMimoKernel<float, float, float, (unsigned int)4, (unsigned int)1, (unsigned int)4>(const channel_eq::_puschRxChEqStatDescr *, channel_eq::_puschRxChEqCoefCompDynDescr)"
17691690480,6112,355476,273,1,1,12,11,1,51,0.002,0.000,,,,,NVIDIA A100-SXM4-40GB MIG 4g.20gb (0),1,,13,"void channel_eq::eqMmseSoftDemapKernel<float, __half, __half, float, (unsigned int)4, (unsigned short)16383>(channel_eq::_puschRxChEqStatDescr *, channel_eq::_puschRxChEqSoftDemapDynDescr)"
17691697680,383164,355477,1,1,1,32,32,1,30,0.000,0.000,,,,,NVIDIA A100-SXM4-40GB MIG 4g.20gb (0),1,,13,"void convert_kernel<float2, __half2>(tensor_layout_any, T1 *, tensor_layout_any, const T2 *)"
17692148043,24320,355489,2253,1,1,128,1,1,16,0.000,0.000,,,,,NVIDIA A100-SXM4-40GB MIG 4g.20gb (0),1,,13,cupy_copy__float16_float16
17692173995,3680,355498,282,1,1,128,1,1,16,0.000,0.000,,,,,NVIDIA A100-SXM4-40GB MIG 4g.20gb (0),1,,13,cupy_copy__complex64_complex64
17692374089,13887,355507,26,1,1,128,1,1,16,0.000,0.000,,,,,NVIDIA A100-SXM4-40GB MIG 4g.20gb (0),1,,13,cupy_copy__float32_float32
17692390088,5920,355516,103,1,1,128,1,1,16,0.000,0.000,,,,,NVIDIA A100-SXM4-40GB MIG 4g.20gb (0),1,,13,cupy_copy__complex64_complex64
17692397896,12384,355526,1434,1,1,128,1,1,16,0.000,0.000,,,,,NVIDIA A100-SXM4-40GB MIG 4g.20gb (0),1,,13,cupy_copy__complex64_complex64
17692411336,78943,355531,1,1,1,32,32,1,30,0.000,0.000,,,,,NVIDIA A100-SXM4-40GB MIG 4g.20gb (0),1,,13,"void convert_kernel<__half2, float2>(tensor_layout_any, T1 *, tensor_layout_any, const T2 *)"
17692518087,5344,355534,,,,,,,,,,0.094,17532.864,Pinned,Device,NVIDIA A100-SXM4-40GB MIG 4g.20gb (0),1,,13,[CUDA memcpy Host-to-Device]
17692684773,612633,355535,,,,,,,,,,456.561,745108.270,Device,,NVIDIA A100-SXM4-40GB MIG 4g.20gb (0),1,,13,[CUDA memset]
17693297886,51520,355540,,,,,,,,,,1.235,23969.028,Pinned,Device,NVIDIA A100-SXM4-40GB MIG 4g.20gb (0),1,,13,[CUDA memcpy Host-to-Device]
17693352414,9376,355541,,,,,,,,,,0.197,20969.226,Pinned,Device,NVIDIA A100-SXM4-40GB MIG 4g.20gb (0),1,,13,[CUDA memcpy Host-to-Device]
17693487772,23200,355542,69,4,1,48,1,1,76,0.002,0.000,,,,,NVIDIA A100-SXM4-40GB MIG 4g.20gb (0),1,,13,"void ch_est::windowedChEstPreNoDftSOfdmKernel<float, __half, float, (unsigned int)2, (unsigned int)1, (unsigned short)4>(ch_est::puschRxChEstStatDescr_t *, ch_est::puschRxChEstDynDescr_t *)"
17693512540,7808,355543,137,2,1,24,2,1,44,0.001,0.001,,,,,NVIDIA A100-SXM4-40GB MIG 4g.20gb (0),1,,13,"void ch_est::chEstFilterNoDftSOfdmDispatchKernel<float, __half, float, (unsigned int)2>(ch_est::puschRxChEstStatDescr_t *, ch_est::puschRxChEstDynDescr_t *)"
17693706874,23615,355544,137,2,1,24,2,1,44,0.001,0.001,,,,,NVIDIA A100-SXM4-40GB MIG 4g.20gb (0),1,,13,"void ch_est::chEstFilterNoDftSOfdmDispatchKernel<float, __half, float, (unsigned int)2>(ch_est::puschRxChEstStatDescr_t *, ch_est::puschRxChEstDynDescr_t *)"
17693732761,3200,355555,103,1,1,128,1,1,16,0.000,0.000,,,,,NVIDIA A100-SXM4-40GB MIG 4g.20gb (0),1,,13,cupy_copy__complex64_complex64
17693926775,24640,355565,1434,1,1,128,1,1,16,0.000,0.000,,,,,NVIDIA A100-SXM4-40GB MIG 4g.20gb (0),1,,13,cupy_copy__complex64_complex64
17693953079,3712,355572,103,1,1,128,1,1,16,0.000,0.000,,,,,NVIDIA A100-SXM4-40GB MIG 4g.20gb (0),1,,13,cupy_copy__complex64_complex64
17693958231,106111,355579,1,1,1,32,32,1,30,0.000,0.000,,,,,NVIDIA A100-SXM4-40GB MIG 4g.20gb (0),1,,13,"void convert_kernel<__half2, float2>(tensor_layout_any, T1 *, tensor_layout_any, const T2 *)"
17694092149,5664,355582,,,,,,,,,,0.094,16542.310,Pinned,Device,NVIDIA A100-SXM4-40GB MIG 4g.20gb (0),1,,13,[CUDA memcpy Host-to-Device]
17694157045,58623,355583,,,,,,,,,,35.810,610845.615,Device,,NVIDIA A100-SXM4-40GB MIG 4g.20gb (0),1,,13,[CUDA memset]
17694220564,1856,355585,,,,,,,,,,0.000,43.103,Pinned,Device,NVIDIA A100-SXM4-40GB MIG 4g.20gb (0),1,,13,[CUDA memcpy Host-to-Device]
17694224852,9472,355586,,,,,,,,,,0.197,20756.693,Pinned,Device,NVIDIA A100-SXM4-40GB MIG 4g.20gb (0),1,,13,[CUDA memcpy Host-to-Device]
17694407314,25248,355587,273,1,1,48,1,1,40,0.000,0.001,,,,,NVIDIA A100-SXM4-40GB MIG 4g.20gb (0),1,,13,"void pusch_noise_intf_est::noiseIntfEstNoDftSOfdmKernel<float, __half, float, float, (unsigned int)2, (unsigned int)1, (unsigned char)4, (unsigned char)4>(pusch_noise_intf_est::puschRxNoiseIntfEstDynDescr)"
17694625967,16448,355598,35,1,1,128,1,1,16,0.000,0.000,,,,,NVIDIA A100-SXM4-40GB MIG 4g.20gb (0),1,,13,cupy_copy__complex64_complex64
17694645455,3008,355607,1,1,1,1,1,1,18,0.000,0.000,,,,,NVIDIA A100-SXM4-40GB MIG 4g.20gb (0),1,,13,cupy_copy__float32_float32
17694656751,1600,355613,,,,,,,,,,0.000,2.500,Device,Pageable,NVIDIA A100-SXM4-40GB MIG 4g.20gb (0),1,,7,[CUDA memcpy Device-to-Host]
17694843597,23072,355624,1434,1,1,128,1,1,16,0.000,0.000,,,,,NVIDIA A100-SXM4-40GB MIG 4g.20gb (0),1,,13,cupy_copy__complex64_complex64
17694868557,3520,355631,103,1,1,128,1,1,16,0.000,0.000,,,,,NVIDIA A100-SXM4-40GB MIG 4g.20gb (0),1,,13,cupy_copy__complex64_complex64
17694874317,3967,355638,35,1,1,128,1,1,16,0.000,0.000,,,,,NVIDIA A100-SXM4-40GB MIG 4g.20gb (0),1,,13,cupy_copy__complex64_complex64
17694878988,2048,355645,1,1,1,1,1,1,18,0.000,0.000,,,,,NVIDIA A100-SXM4-40GB MIG 4g.20gb (0),1,,13,cupy_copy__float32_float32
17694927468,79359,355656,1,1,1,32,32,1,30,0.000,0.000,,,,,NVIDIA A100-SXM4-40GB MIG 4g.20gb (0),1,,13,"void convert_kernel<__half2, float2>(tensor_layout_any, T1 *, tensor_layout_any, const T2 *)"
17695034699,5344,355659,,,,,,,,,,0.094,17532.864,Pinned,Device,NVIDIA A100-SXM4-40GB MIG 4g.20gb (0),1,,13,[CUDA memcpy Host-to-Device]
17695048843,3200,355660,,,,,,,,,,1.547,483320.000,Device,,NVIDIA A100-SXM4-40GB MIG 4g.20gb (0),1,,13,[CUDA memset]
17695055531,3103,355665,,,,,,,,,,0.031,10085.699,Pinned,Device,NVIDIA A100-SXM4-40GB MIG 4g.20gb (0),1,,13,[CUDA memcpy Host-to-Device]
17695060746,9600,355666,,,,,,,,,,0.197,20479.869,Pinned,Device,NVIDIA A100-SXM4-40GB MIG 4g.20gb (0),1,,13,[CUDA memcpy Host-to-Device]
17695073866,6272,355667,273,1,1,8,4,1,39,0.002,0.000,,,,,NVIDIA A100-SXM4-40GB MIG 4g.20gb (0),1,,13,"void channel_eq::eqMmseCoefCompLowMimoKernel<float, float, float, (unsigned int)4, (unsigned int)1, (unsigned int)4>(const channel_eq::_puschRxChEqStatDescr *, channel_eq::_puschRxChEqCoefCompDynDescr)"
17695081066,5696,355668,273,1,1,12,11,1,51,0.002,0.000,,,,,NVIDIA A100-SXM4-40GB MIG 4g.20gb (0),1,,13,"void channel_eq::eqMmseSoftDemapKernel<float, __half, __half, float, (unsigned int)4, (unsigned short)16383>(channel_eq::_puschRxChEqStatDescr *, channel_eq::_puschRxChEqSoftDemapDynDescr)"
17695087850,281341,355669,1,1,1,32,32,1,30,0.000,0.000,,,,,NVIDIA A100-SXM4-40GB MIG 4g.20gb (0),1,,13,"void convert_kernel<float2, __half2>(tensor_layout_any, T1 *, tensor_layout_any, const T2 *)"
17695370151,10496,355681,2253,1,1,128,1,1,16,0.000,0.000,,,,,NVIDIA A100-SXM4-40GB MIG 4g.20gb (0),1,,13,cupy_copy__float16_float16
17695381799,2784,355690,282,1,1,128,1,1,16,0.000,0.000,,,,,NVIDIA A100-SXM4-40GB MIG 4g.20gb (0),1,,13,cupy_copy__complex64_complex64
17695385703,2048,355699,26,1,1,128,1,1,16,0.000,0.000,,,,,NVIDIA A100-SXM4-40GB MIG 4g.20gb (0),1,,13,cupy_copy__float32_float32
17695424070,2848,355708,103,1,1,128,1,1,16,0.000,0.000,,,,,NVIDIA A100-SXM4-40GB MIG 4g.20gb (0),1,,13,cupy_copy__complex64_complex64
17695476646,11456,355718,1434,1,1,128,1,1,16,0.000,0.000,,,,,NVIDIA A100-SXM4-40GB MIG 4g.20gb (0),1,,13,cupy_copy__complex64_complex64
17695591268,79648,355723,1,1,1,32,32,1,30,0.000,0.000,,,,,NVIDIA A100-SXM4-40GB MIG 4g.20gb (0),1,,13,"void convert_kernel<__half2, float2>(tensor_layout_any, T1 *, tensor_layout_any, const T2 *)"
17695697699,5312,355726,,,,,,,,,,0.094,17638.553,Pinned,Device,NVIDIA A100-SXM4-40GB MIG 4g.20gb (0),1,,13,[CUDA memcpy Host-to-Device]
17695708163,590234,355727,,,,,,,,,,456.561,773415.079,Device,,NVIDIA A100-SXM4-40GB MIG 4g.20gb (0),1,,13,[CUDA memset]
17696298845,48063,355732,,,,,,,,,,1.235,25694.245,Pinned,Device,NVIDIA A100-SXM4-40GB MIG 4g.20gb (0),1,,13,[CUDA memcpy Host-to-Device]
17696349020,9184,355733,,,,,,,,,,0.197,21407.662,Pinned,Device,NVIDIA A100-SXM4-40GB MIG 4g.20gb (0),1,,13,[CUDA memcpy Host-to-Device]
17696361308,7392,355734,69,4,1,48,1,1,76,0.002,0.000,,,,,NVIDIA A100-SXM4-40GB MIG 4g.20gb (0),1,,13,"void ch_est::windowedChEstPreNoDftSOfdmKernel<float, __half, float, (unsigned int)2, (unsigned int)1, (unsigned short)4>(ch_est::puschRxChEstStatDescr_t *, ch_est::puschRxChEstDynDescr_t *)"
17696369820,6656,355735,137,2,1,24,2,1,44,0.001,0.001,,,,,NVIDIA A100-SXM4-40GB MIG 4g.20gb (0),1,,13,"void ch_est::chEstFilterNoDftSOfdmDispatchKernel<float, __half, float, (unsigned int)2>(ch_est::puschRxChEstStatDescr_t *, ch_est::puschRxChEstDynDescr_t *)"
17696377404,5024,355736,137,2,1,24,2,1,44,0.001,0.001,,,,,NVIDIA A100-SXM4-40GB MIG 4g.20gb (0),1,,13,"void ch_est::chEstFilterNoDftSOfdmDispatchKernel<float, __half, float, (unsigned int)2>(ch_est::puschRxChEstStatDescr_t *, ch_est::puschRxChEstDynDescr_t *)"
17696383452,2464,355747,103,1,1,128,1,1,16,0.000,0.000,,,,,NVIDIA A100-SXM4-40GB MIG 4g.20gb (0),1,,13,cupy_copy__complex64_complex64
17696386940,13055,355757,1434,1,1,128,1,1,16,0.000,0.000,,,,,NVIDIA A100-SXM4-40GB MIG 4g.20gb (0),1,,13,cupy_copy__complex64_complex64
17696400955,2432,355764,103,1,1,128,1,1,16,0.000,0.000,,,,,NVIDIA A100-SXM4-40GB MIG 4g.20gb (0),1,,13,cupy_copy__complex64_complex64
17696404379,79231,355771,1,1,1,32,32,1,30,0.000,0.000,,,,,NVIDIA A100-SXM4-40GB MIG 4g.20gb (0),1,,13,"void convert_kernel<__half2, float2>(tensor_layout_any, T1 *, tensor_layout_any, const T2 *)"
17696510714,5312,355774,,,,,,,,,,0.094,17638.553,Pinned,Device,NVIDIA A100-SXM4-40GB MIG 4g.20gb (0),1,,13,[CUDA memcpy Host-to-Device]
17696522458,45696,355775,,,,,,,,,,35.810,783628.479,Device,,NVIDIA A100-SXM4-40GB MIG 4g.20gb (0),1,,13,[CUDA memset]
17696575129,1824,355777,,,,,,,,,,0.000,43.860,Pinned,Device,NVIDIA A100-SXM4-40GB MIG 4g.20gb (0),1,,13,[CUDA memcpy Host-to-Device]
17696579033,9216,355778,,,,,,,,,,0.197,21333.148,Pinned,Device,NVIDIA A100-SXM4-40GB MIG 4g.20gb (0),1,,13,[CUDA memcpy Host-to-Device]
17696591257,9088,355779,273,1,1,48,1,1,40,0.000,0.001,,,,,NVIDIA A100-SXM4-40GB MIG 4g.20gb (0),1,,13,"void pusch_noise_intf_est::noiseIntfEstNoDftSOfdmKernel<float, __half, float, float, (unsigned int)2, (unsigned int)1, (unsigned char)4, (unsigned char)4>(pusch_noise_intf_est::puschRxNoiseIntfEstDynDescr)"
17696601401,2912,355790,35,1,1,128,1,1,16,0.000,0.000,,,,,NVIDIA A100-SXM4-40GB MIG 4g.20gb (0),1,,13,cupy_copy__complex64_complex64
17696628025,1888,355799,1,1,1,1,1,1,18,0.000,0.000,,,,,NVIDIA A100-SXM4-40GB MIG 4g.20gb (0),1,,13,cupy_copy__float32_float32
17696662808,1568,355805,,,,,,,,,,0.000,2.551,Device,Pageable,NVIDIA A100-SXM4-40GB MIG 4g.20gb (0),1,,7,[CUDA memcpy Device-to-Host]
17696720952,13248,355816,1434,1,1,128,1,1,16,0.000,0.000,,,,,NVIDIA A100-SXM4-40GB MIG 4g.20gb (0),1,,13,cupy_copy__complex64_complex64
17696747160,2687,355823,103,1,1,128,1,1,16,0.000,0.000,,,,,NVIDIA A100-SXM4-40GB MIG 4g.20gb (0),1,,13,cupy_copy__complex64_complex64
17696767799,2144,355830,35,1,1,128,1,1,16,0.000,0.000,,,,,NVIDIA A100-SXM4-40GB MIG 4g.20gb (0),1,,13,cupy_copy__complex64_complex64
17696785399,1856,355837,1,1,1,1,1,1,18,0.000,0.000,,,,,NVIDIA A100-SXM4-40GB MIG 4g.20gb (0),1,,13,cupy_copy__float32_float32
17696939957,273629,355848,1,1,1,32,32,1,30,0.000,0.000,,,,,NVIDIA A100-SXM4-40GB MIG 4g.20gb (0),1,,13,"void convert_kernel<__half2, float2>(tensor_layout_any, T1 *, tensor_layout_any, const T2 *)"
17697241714,5312,355851,,,,,,,,,,0.094,17638.553,Pinned,Device,NVIDIA A100-SXM4-40GB MIG 4g.20gb (0),1,,13,[CUDA memcpy Host-to-Device]
17697299185,6112,355852,,,,,,,,,,1.547,253046.246,Device,,NVIDIA A100-SXM4-40GB MIG 4g.20gb (0),1,,13,[CUDA memset]
17697308881,3008,355857,,,,,,,,,,0.031,10404.230,Pinned,Device,NVIDIA A100-SXM4-40GB MIG 4g.20gb (0),1,,13,[CUDA memcpy Host-to-Device]
17697314481,9344,355858,,,,,,,,,,0.197,21040.988,Pinned,Device,NVIDIA A100-SXM4-40GB MIG 4g.20gb (0),1,,13,[CUDA memcpy Host-to-Device]
17697327953,7136,355859,273,1,1,8,4,1,39,0.002,0.000,,,,,NVIDIA A100-SXM4-40GB MIG 4g.20gb (0),1,,13,"void channel_eq::eqMmseCoefCompLowMimoKernel<float, float, float, (unsigned int)4, (unsigned int)1, (unsigned int)4>(const channel_eq::_puschRxChEqStatDescr *, channel_eq::_puschRxChEqCoefCompDynDescr)"
17697336177,6880,355860,273,1,1,12,11,1,51,0.002,0.000,,,,,NVIDIA A100-SXM4-40GB MIG 4g.20gb (0),1,,13,"void channel_eq::eqMmseSoftDemapKernel<float, __half, __half, float, (unsigned int)4, (unsigned short)16383>(channel_eq::_puschRxChEqStatDescr *, channel_eq::_puschRxChEqSoftDemapDynDescr)"
17697344017,410683,355861,1,1,1,32,32,1,30,0.000,0.000,,,,,NVIDIA A100-SXM4-40GB MIG 4g.20gb (0),1,,13,"void convert_kernel<float2, __half2>(tensor_layout_any, T1 *, tensor_layout_any, const T2 *)"
17697774060,18560,355873,2253,1,1,128,1,1,16,0.000,0.000,,,,,NVIDIA A100-SXM4-40GB MIG 4g.20gb (0),1,,13,cupy_copy__float16_float16
17697794732,3776,355882,282,1,1,128,1,1,16,0.000,0.000,,,,,NVIDIA A100-SXM4-40GB MIG 4g.20gb (0),1,,13,cupy_copy__complex64_complex64
17697959498,13728,355891,26,1,1,128,1,1,16,0.000,0.000,,,,,NVIDIA A100-SXM4-40GB MIG 4g.20gb (0),1,,13,cupy_copy__float32_float32
17698020329,6656,355900,103,1,1,128,1,1,16,0.000,0.000,,,,,NVIDIA A100-SXM4-40GB MIG 4g.20gb (0),1,,13,cupy_copy__complex64_complex64
17698184455,20352,355916,1434,1,1,128,1,1,16,0.000,0.000,,,,,NVIDIA A100-SXM4-40GB MIG 4g.20gb (0),1,,13,cupy_copy__complex64_complex64
17698206919,112287,355921,1,1,1,32,32,1,30,0.000,0.000,,,,,NVIDIA A100-SXM4-40GB MIG 4g.20gb (0),1,,13,"void convert_kernel<__half2, float2>(tensor_layout_any, T1 *, tensor_layout_any, const T2 *)"
17698347334,5631,355924,,,,,,,,,,0.094,16639.285,Pinned,Device,NVIDIA A100-SXM4-40GB MIG 4g.20gb (0),1,,13,[CUDA memcpy Host-to-Device]
17698378533,608281,355925,,,,,,,,,,456.561,750130.446,Device,,NVIDIA A100-SXM4-40GB MIG 4g.20gb (0),1,,13,[CUDA memset]
17698990686,50144,355930,,,,,,,,,,1.235,24627.253,Pinned,Device,NVIDIA A100-SXM4-40GB MIG 4g.20gb (0),1,,13,[CUDA memcpy Host-to-Device]
17699043230,9632,355931,,,,,,,,,,0.197,20411.843,Pinned,Device,NVIDIA A100-SXM4-40GB MIG 4g.20gb (0),1,,13,[CUDA memcpy Host-to-Device]
17699146717,18143,355932,69,4,1,48,1,1,76,0.002,0.000,,,,,NVIDIA A100-SXM4-40GB MIG 4g.20gb (0),1,,13,"void ch_est::windowedChEstPreNoDftSOfdmKernel<float, __half, float, (unsigned int)2, (unsigned int)1, (unsigned short)4>(ch_est::puschRxChEstStatDescr_t *, ch_est::puschRxChEstDynDescr_t *)"
17699329147,17311,355933,137,2,1,24,2,1,44,0.001,0.001,,,,,NVIDIA A100-SXM4-40GB MIG 4g.20gb (0),1,,13,"void ch_est::chEstFilterNoDftSOfdmDispatchKernel<float, __half, float, (unsigned int)2>(ch_est::puschRxChEstStatDescr_t *, ch_est::puschRxChEstDynDescr_t *)"
17699348026,5536,355934,137,2,1,24,2,1,44,0.001,0.001,,,,,NVIDIA A100-SXM4-40GB MIG 4g.20gb (0),1,,13,"void ch_est::chEstFilterNoDftSOfdmDispatchKernel<float, __half, float, (unsigned int)2>(ch_est::puschRxChEstStatDescr_t *, ch_est::puschRxChEstDynDescr_t *)"
17699511608,12384,355945,103,1,1,128,1,1,16,0.000,0.000,,,,,NVIDIA A100-SXM4-40GB MIG 4g.20gb (0),1,,13,cupy_copy__complex64_complex64
17699526136,13536,355955,1434,1,1,128,1,1,16,0.000,0.000,,,,,NVIDIA A100-SXM4-40GB MIG 4g.20gb (0),1,,13,cupy_copy__complex64_complex64
17699540696,2464,355962,103,1,1,128,1,1,16,0.000,0.000,,,,,NVIDIA A100-SXM4-40GB MIG 4g.20gb (0),1,,13,cupy_copy__complex64_complex64
17699544152,79519,355969,1,1,1,32,32,1,30,0.000,0.000,,,,,NVIDIA A100-SXM4-40GB MIG 4g.20gb (0),1,,13,"void convert_kernel<__half2, float2>(tensor_layout_any, T1 *, tensor_layout_any, const T2 *)"
17699651095,5376,355972,,,,,,,,,,0.094,17428.487,Pinned,Device,NVIDIA A100-SXM4-40GB MIG 4g.20gb (0),1,,13,[CUDA memcpy Host-to-Device]
17699662711,46207,355973,,,,,,,,,,35.810,774962.479,Device,,NVIDIA A100-SXM4-40GB MIG 4g.20gb (0),1,,13,[CUDA memset]
17699714678,1824,355975,,,,,,,,,,0.000,43.860,Pinned,Device,NVIDIA A100-SXM4-40GB MIG 4g.20gb (0),1,,13,[CUDA memcpy Host-to-Device]
17699718582,9248,355976,,,,,,,,,,0.197,21259.420,Pinned,Device,NVIDIA A100-SXM4-40GB MIG 4g.20gb (0),1,,13,[CUDA memcpy Host-to-Device]
17699730934,8832,355977,273,1,1,48,1,1,40,0.000,0.001,,,,,NVIDIA A100-SXM4-40GB MIG 4g.20gb (0),1,,13,"void pusch_noise_intf_est::noiseIntfEstNoDftSOfdmKernel<float, __half, float, float, (unsigned int)2, (unsigned int)1, (unsigned char)4, (unsigned char)4>(pusch_noise_intf_est::puschRxNoiseIntfEstDynDescr)"
17699740726,2784,355988,35,1,1,128,1,1,16,0.000,0.000,,,,,NVIDIA A100-SXM4-40GB MIG 4g.20gb (0),1,,13,cupy_copy__complex64_complex64
17699768566,1824,355997,1,1,1,1,1,1,18,0.000,0.000,,,,,NVIDIA A100-SXM4-40GB MIG 4g.20gb (0),1,,13,cupy_copy__float32_float32
17699802997,1824,356003,,,,,,,,,,0.000,2.193,Device,Pageable,NVIDIA A100-SXM4-40GB MIG 4g.20gb (0),1,,7,[CUDA memcpy Device-to-Host]
17699874100,13088,356014,1434,1,1,128,1,1,16,0.000,0.000,,,,,NVIDIA A100-SXM4-40GB MIG 4g.20gb (0),1,,13,cupy_copy__complex64_complex64
17699900980,2656,356021,103,1,1,128,1,1,16,0.000,0.000,,,,,NVIDIA A100-SXM4-40GB MIG 4g.20gb (0),1,,13,cupy_copy__complex64_complex64
17699933524,2144,356028,35,1,1,128,1,1,16,0.000,0.000,,,,,NVIDIA A100-SXM4-40GB MIG 4g.20gb (0),1,,13,cupy_copy__complex64_complex64
17699952180,1855,356035,1,1,1,1,1,1,18,0.000,0.000,,,,,NVIDIA A100-SXM4-40GB MIG 4g.20gb (0),1,,13,cupy_copy__float32_float32
17700088594,79263,356046,1,1,1,32,32,1,30,0.000,0.000,,,,,NVIDIA A100-SXM4-40GB MIG 4g.20gb (0),1,,13,"void convert_kernel<__half2, float2>(tensor_layout_any, T1 *, tensor_layout_any, const T2 *)"
17700195313,5344,356049,,,,,,,,,,0.094,17532.864,Pinned,Device,NVIDIA A100-SXM4-40GB MIG 4g.20gb (0),1,,13,[CUDA memcpy Host-to-Device]
17700209649,3200,356050,,,,,,,,,,1.547,483320.000,Device,,NVIDIA A100-SXM4-40GB MIG 4g.20gb (0),1,,13,[CUDA memset]
17700215633,3008,356055,,,,,,,,,,0.031,10404.230,Pinned,Device,NVIDIA A100-SXM4-40GB MIG 4g.20gb (0),1,,13,[CUDA memcpy Host-to-Device]
17700220720,9344,356056,,,,,,,,,,0.197,21040.988,Pinned,Device,NVIDIA A100-SXM4-40GB MIG 4g.20gb (0),1,,13,[CUDA memcpy Host-to-Device]
17700233424,5952,356057,273,1,1,8,4,1,39,0.002,0.000,,,,,NVIDIA A100-SXM4-40GB MIG 4g.20gb (0),1,,13,"void channel_eq::eqMmseCoefCompLowMimoKernel<float, float, float, (unsigned int)4, (unsigned int)1, (unsigned int)4>(const channel_eq::_puschRxChEqStatDescr *, channel_eq::_puschRxChEqCoefCompDynDescr)"
17700240400,5632,356058,273,1,1,12,11,1,51,0.002,0.000,,,,,NVIDIA A100-SXM4-40GB MIG 4g.20gb (0),1,,13,"void channel_eq::eqMmseSoftDemapKernel<float, __half, __half, float, (unsigned int)4, (unsigned short)16383>(channel_eq::_puschRxChEqStatDescr *, channel_eq::_puschRxChEqSoftDemapDynDescr)"
17700247024,281917,356059,1,1,1,32,32,1,30,0.000,0.000,,,,,NVIDIA A100-SXM4-40GB MIG 4g.20gb (0),1,,13,"void convert_kernel<float2, __half2>(tensor_layout_any, T1 *, tensor_layout_any, const T2 *)"
17700530029,10240,356071,2253,1,1,128,1,1,16,0.000,0.000,,,,,NVIDIA A100-SXM4-40GB MIG 4g.20gb (0),1,,13,cupy_copy__float16_float16
17700541261,2752,356080,282,1,1,128,1,1,16,0.000,0.000,,,,,NVIDIA A100-SXM4-40GB MIG 4g.20gb (0),1,,13,cupy_copy__complex64_complex64
17700545101,2048,356089,26,1,1,128,1,1,16,0.000,0.000,,,,,NVIDIA A100-SXM4-40GB MIG 4g.20gb (0),1,,13,cupy_copy__float32_float32
17700548301,2848,356098,103,1,1,128,1,1,16,0.000,0.000,,,,,NVIDIA A100-SXM4-40GB MIG 4g.20gb (0),1,,13,cupy_copy__complex64_complex64
17700552269,11296,356108,1434,1,1,128,1,1,16,0.000,0.000,,,,,NVIDIA A100-SXM4-40GB MIG 4g.20gb (0),1,,13,cupy_copy__complex64_complex64
17700581452,79680,356113,1,1,1,32,32,1,30,0.000,0.000,,,,,NVIDIA A100-SXM4-40GB MIG 4g.20gb (0),1,,13,"void convert_kernel<__half2, float2>(tensor_layout_any, T1 *, tensor_layout_any, const T2 *)"
17700688107,5312,356116,,,,,,,,,,0.094,17638.553,Pinned,Device,NVIDIA A100-SXM4-40GB MIG 4g.20gb (0),1,,13,[CUDA memcpy Host-to-Device]
17700706603,591161,356117,,,,,,,,,,456.561,772045.395,Device,,NVIDIA A100-SXM4-40GB MIG 4g.20gb (0),1,,13,[CUDA memset]
17701299364,48032,356122,,,,,,,,,,1.235,25710.299,Pinned,Device,NVIDIA A100-SXM4-40GB MIG 4g.20gb (0),1,,13,[CUDA memcpy Host-to-Device]
17701349508,9440,356123,,,,,,,,,,0.197,20827.079,Pinned,Device,NVIDIA A100-SXM4-40GB MIG 4g.20gb (0),1,,13,[CUDA memcpy Host-to-Device]
17701362020,7008,356124,69,4,1,48,1,1,76,0.002,0.000,,,,,NVIDIA A100-SXM4-40GB MIG 4g.20gb (0),1,,13,"void ch_est::windowedChEstPreNoDftSOfdmKernel<float, __half, float, (unsigned int)2, (unsigned int)1, (unsigned short)4>(ch_est::puschRxChEstStatDescr_t *, ch_est::puschRxChEstDynDescr_t *)"
17701370052,6559,356125,137,2,1,24,2,1,44,0.001,0.001,,,,,NVIDIA A100-SXM4-40GB MIG 4g.20gb (0),1,,13,"void ch_est::chEstFilterNoDftSOfdmDispatchKernel<float, __half, float, (unsigned int)2>(ch_est::puschRxChEstStatDescr_t *, ch_est::puschRxChEstDynDescr_t *)"
17701377699,4992,356126,137,2,1,24,2,1,44,0.001,0.001,,,,,NVIDIA A100-SXM4-40GB MIG 4g.20gb (0),1,,13,"void ch_est::chEstFilterNoDftSOfdmDispatchKernel<float, __half, float, (unsigned int)2>(ch_est::puschRxChEstStatDescr_t *, ch_est::puschRxChEstDynDescr_t *)"
17701383747,2528,356137,103,1,1,128,1,1,16,0.000,0.000,,,,,NVIDIA A100-SXM4-40GB MIG 4g.20gb (0),1,,13,cupy_copy__complex64_complex64
17701387395,12992,356147,1434,1,1,128,1,1,16,0.000,0.000,,,,,NVIDIA A100-SXM4-40GB MIG 4g.20gb (0),1,,13,cupy_copy__complex64_complex64
17701401379,2400,356154,103,1,1,128,1,1,16,0.000,0.000,,,,,NVIDIA A100-SXM4-40GB MIG 4g.20gb (0),1,,13,cupy_copy__complex64_complex64
17701404899,178654,356161,1,1,1,32,32,1,30,0.000,0.000,,,,,NVIDIA A100-SXM4-40GB MIG 4g.20gb (0),1,,13,"void convert_kernel<__half2, float2>(tensor_layout_any, T1 *, tensor_layout_any, const T2 *)"
17701610753,5856,356164,,,,,,,,,,0.094,15999.997,Pinned,Device,NVIDIA A100-SXM4-40GB MIG 4g.20gb (0),1,,13,[CUDA memcpy Host-to-Device]
17701630241,48319,356165,,,,,,,,,,35.810,741086.294,Device,,NVIDIA A100-SXM4-40GB MIG 4g.20gb (0),1,,13,[CUDA memset]
17701683808,1824,356167,,,,,,,,,,0.000,43.860,Pinned,Device,NVIDIA A100-SXM4-40GB MIG 4g.20gb (0),1,,13,[CUDA memcpy Host-to-Device]
17701688480,9376,356168,,,,,,,,,,0.197,20969.226,Pinned,Device,NVIDIA A100-SXM4-40GB MIG 4g.20gb (0),1,,13,[CUDA memcpy Host-to-Device]
17701798751,16064,356169,273,1,1,48,1,1,40,0.000,0.001,,,,,NVIDIA A100-SXM4-40GB MIG 4g.20gb (0),1,,13,"void pusch_noise_intf_est::noiseIntfEstNoDftSOfdmKernel<float, __half, float, float, (unsigned int)2, (unsigned int)1, (unsigned char)4, (unsigned char)4>(pusch_noise_intf_est::puschRxNoiseIntfEstDynDescr)"
17701816959,3840,356180,35,1,1,128,1,1,16,0.000,0.000,,,,,NVIDIA A100-SXM4-40GB MIG 4g.20gb (0),1,,13,cupy_copy__complex64_complex64
17701821886,1856,356189,1,1,1,1,1,1,18,0.000,0.000,,,,,NVIDIA A100-SXM4-40GB MIG 4g.20gb (0),1,,13,cupy_copy__float32_float32
17701825406,1568,356195,,,,,,,,,,0.000,2.551,Device,Pageable,NVIDIA A100-SXM4-40GB MIG 4g.20gb (0),1,,7,[CUDA memcpy Device-to-Host]
17701884350,12224,356206,1434,1,1,128,1,1,16,0.000,0.000,,,,,NVIDIA A100-SXM4-40GB MIG 4g.20gb (0),1,,13,cupy_copy__complex64_complex64
17702023868,4480,356213,103,1,1,128,1,1,16,0.000,0.000,,,,,NVIDIA A100-SXM4-40GB MIG 4g.20gb (0),1,,13,cupy_copy__complex64_complex64
17702030460,4064,356220,35,1,1,128,1,1,16,0.000,0.000,,,,,NVIDIA A100-SXM4-40GB MIG 4g.20gb (0),1,,13,cupy_copy__complex64_complex64
17702036860,3552,356227,1,1,1,1,1,1,18,0.000,0.000,,,,,NVIDIA A100-SXM4-40GB MIG 4g.20gb (0),1,,13,cupy_copy__float32_float32
17702160923,287100,356238,1,1,1,32,32,1,30,0.000,0.000,,,,,NVIDIA A100-SXM4-40GB MIG 4g.20gb (0),1,,13,"void convert_kernel<__half2, float2>(tensor_layout_any, T1 *, tensor_layout_any, const T2 *)"
17702476599,5312,356241,,,,,,,,,,0.094,17638.553,Pinned,Device,NVIDIA A100-SXM4-40GB MIG 4g.20gb (0),1,,13,[CUDA memcpy Host-to-Device]
17702564118,4544,356242,,,,,,,,,,1.547,340365.544,Device,,NVIDIA A100-SXM4-40GB MIG 4g.20gb (0),1,,13,[CUDA memset]
17702572182,3040,356247,,,,,,,,,,0.031,10294.725,Pinned,Device,NVIDIA A100-SXM4-40GB MIG 4g.20gb (0),1,,13,[CUDA memcpy Host-to-Device]
17702577686,9472,356248,,,,,,,,,,0.197,20756.693,Pinned,Device,NVIDIA A100-SXM4-40GB MIG 4g.20gb (0),1,,13,[CUDA memcpy Host-to-Device]
17702699445,13279,356249,273,1,1,8,4,1,39,0.002,0.000,,,,,NVIDIA A100-SXM4-40GB MIG 4g.20gb (0),1,,13,"void channel_eq::eqMmseCoefCompLowMimoKernel<float, float, float, (unsigned int)4, (unsigned int)1, (unsigned int)4>(const channel_eq::_puschRxChEqStatDescr *, channel_eq::_puschRxChEqCoefCompDynDescr)"
17702714772,7968,356250,273,1,1,12,11,1,51,0.002,0.000,,,,,NVIDIA A100-SXM4-40GB MIG 4g.20gb (0),1,,13,"void channel_eq::eqMmseSoftDemapKernel<float, __half, __half, float, (unsigned int)4, (unsigned short)16383>(channel_eq::_puschRxChEqStatDescr *, channel_eq::_puschRxChEqSoftDemapDynDescr)"
17702842323,692024,356251,1,1,1,32,32,1,30,0.000,0.000,,,,,NVIDIA A100-SXM4-40GB MIG 4g.20gb (0),1,,13,"void convert_kernel<float2, __half2>(tensor_layout_any, T1 *, tensor_layout_any, const T2 *)"
17703598155,14367,356263,2253,1,1,128,1,1,16,0.000,0.000,,,,,NVIDIA A100-SXM4-40GB MIG 4g.20gb (0),1,,13,cupy_copy__float16_float16
17703613994,4064,356272,282,1,1,128,1,1,16,0.000,0.000,,,,,NVIDIA A100-SXM4-40GB MIG 4g.20gb (0),1,,13,cupy_copy__complex64_complex64
17703619914,2272,356281,26,1,1,128,1,1,16,0.000,0.000,,,,,NVIDIA A100-SXM4-40GB MIG 4g.20gb (0),1,,13,cupy_copy__float32_float32
17703741865,6400,356290,103,1,1,128,1,1,16,0.000,0.000,,,,,NVIDIA A100-SXM4-40GB MIG 4g.20gb (0),1,,13,cupy_copy__complex64_complex64
17703749993,14176,356300,1434,1,1,128,1,1,16,0.000,0.000,,,,,NVIDIA A100-SXM4-40GB MIG 4g.20gb (0),1,,13,cupy_copy__complex64_complex64
17703766217,157054,356305,1,1,1,32,32,1,30,0.000,0.000,,,,,NVIDIA A100-SXM4-40GB MIG 4g.20gb (0),1,,13,"void convert_kernel<__half2, float2>(tensor_layout_any, T1 *, tensor_layout_any, const T2 *)"
17703952583,5376,356308,,,,,,,,,,0.094,17428.487,Pinned,Device,NVIDIA A100-SXM4-40GB MIG 4g.20gb (0),1,,13,[CUDA memcpy Host-to-Device]
17704027654,604057,356309,,,,,,,,,,456.561,755609.183,Device,,NVIDIA A100-SXM4-40GB MIG 4g.20gb (0),1,,13,[CUDA memset]
17704632383,51295,356314,,,,,,,,,,1.235,24075.233,Pinned,Device,NVIDIA A100-SXM4-40GB MIG 4g.20gb (0),1,,13,[CUDA memcpy Host-to-Device]
17704686110,10720,356315,,,,,,,,,,0.197,18340.184,Pinned,Device,NVIDIA A100-SXM4-40GB MIG 4g.20gb (0),1,,13,[CUDA memcpy Host-to-Device]
17704752990,12063,356316,69,4,1,48,1,1,76,0.002,0.000,,,,,NVIDIA A100-SXM4-40GB MIG 4g.20gb (0),1,,13,"void ch_est::windowedChEstPreNoDftSOfdmKernel<float, __half, float, (unsigned int)2, (unsigned int)1, (unsigned short)4>(ch_est::puschRxChEstStatDescr_t *, ch_est::puschRxChEstDynDescr_t *)"
17704766397,6528,356317,137,2,1,24,2,1,44,0.001,0.001,,,,,NVIDIA A100-SXM4-40GB MIG 4g.20gb (0),1,,13,"void ch_est::chEstFilterNoDftSOfdmDispatchKernel<float, __half, float, (unsigned int)2>(ch_est::puschRxChEstStatDescr_t *, ch_est::puschRxChEstDynDescr_t *)"
17704774109,5056,356318,137,2,1,24,2,1,44,0.001,0.001,,,,,NVIDIA A100-SXM4-40GB MIG 4g.20gb (0),1,,13,"void ch_est::chEstFilterNoDftSOfdmDispatchKernel<float, __half, float, (unsigned int)2>(ch_est::puschRxChEstStatDescr_t *, ch_est::puschRxChEstDynDescr_t *)"
17704780125,2464,356329,103,1,1,128,1,1,16,0.000,0.000,,,,,NVIDIA A100-SXM4-40GB MIG 4g.20gb (0),1,,13,cupy_copy__complex64_complex64
17704783613,12448,356339,1434,1,1,128,1,1,16,0.000,0.000,,,,,NVIDIA A100-SXM4-40GB MIG 4g.20gb (0),1,,13,cupy_copy__complex64_complex64
17704797085,2432,356346,103,1,1,128,1,1,16,0.000,0.000,,,,,NVIDIA A100-SXM4-40GB MIG 4g.20gb (0),1,,13,cupy_copy__complex64_complex64
17704800573,79423,356353,1,1,1,32,32,1,30,0.000,0.000,,,,,NVIDIA A100-SXM4-40GB MIG 4g.20gb (0),1,,13,"void convert_kernel<__half2, float2>(tensor_layout_any, T1 *, tensor_layout_any, const T2 *)"
17704908636,5344,356356,,,,,,,,,,0.094,17532.864,Pinned,Device,NVIDIA A100-SXM4-40GB MIG 4g.20gb (0),1,,13,[CUDA memcpy Host-to-Device]
17704919996,46335,356357,,,,,,,,,,35.810,772813.884,Device,,NVIDIA A100-SXM4-40GB MIG 4g.20gb (0),1,,13,[CUDA memset]
17704972827,1856,356359,,,,,,,,,,0.000,43.103,Pinned,Device,NVIDIA A100-SXM4-40GB MIG 4g.20gb (0),1,,13,[CUDA memcpy Host-to-Device]
17704976763,9472,356360,,,,,,,,,,0.197,20756.693,Pinned,Device,NVIDIA A100-SXM4-40GB MIG 4g.20gb (0),1,,13,[CUDA memcpy Host-to-Device]
17704989243,8672,356361,273,1,1,48,1,1,40,0.000,0.001,,,,,NVIDIA A100-SXM4-40GB MIG 4g.20gb (0),1,,13,"void pusch_noise_intf_est::noiseIntfEstNoDftSOfdmKernel<float, __half, float, float, (unsigned int)2, (unsigned int)1, (unsigned char)4, (unsigned char)4>(pusch_noise_intf_est::puschRxNoiseIntfEstDynDescr)"
17704998907,2816,356372,35,1,1,128,1,1,16,0.000,0.000,,,,,NVIDIA A100-SXM4-40GB MIG 4g.20gb (0),1,,13,cupy_copy__complex64_complex64
17705024571,1887,356381,1,1,1,1,1,1,18,0.000,0.000,,,,,NVIDIA A100-SXM4-40GB MIG 4g.20gb (0),1,,13,cupy_copy__float32_float32
17705059034,1568,356387,,,,,,,,,,0.000,2.551,Device,Pageable,NVIDIA A100-SXM4-40GB MIG 4g.20gb (0),1,,7,[CUDA memcpy Device-to-Host]
17705128505,13216,356398,1434,1,1,128,1,1,16,0.000,0.000,,,,,NVIDIA A100-SXM4-40GB MIG 4g.20gb (0),1,,13,cupy_copy__complex64_complex64
17705155321,2624,356405,103,1,1,128,1,1,16,0.000,0.000,,,,,NVIDIA A100-SXM4-40GB MIG 4g.20gb (0),1,,13,cupy_copy__complex64_complex64
17705175481,2176,356412,35,1,1,128,1,1,16,0.000,0.000,,,,,NVIDIA A100-SXM4-40GB MIG 4g.20gb (0),1,,13,cupy_copy__complex64_complex64
17705193977,1824,356419,1,1,1,1,1,1,18,0.000,0.000,,,,,NVIDIA A100-SXM4-40GB MIG 4g.20gb (0),1,,13,cupy_copy__float32_float32
17705329527,79359,356430,1,1,1,32,32,1,30,0.000,0.000,,,,,NVIDIA A100-SXM4-40GB MIG 4g.20gb (0),1,,13,"void convert_kernel<__half2, float2>(tensor_layout_any, T1 *, tensor_layout_any, const T2 *)"
17705438742,5344,356433,,,,,,,,,,0.094,17532.864,Pinned,Device,NVIDIA A100-SXM4-40GB MIG 4g.20gb (0),1,,13,[CUDA memcpy Host-to-Device]
17705451574,3168,356434,,,,,,,,,,1.547,488201.145,Device,,NVIDIA A100-SXM4-40GB MIG 4g.20gb (0),1,,13,[CUDA memset]
17705457526,3008,356439,,,,,,,,,,0.031,10404.230,Pinned,Device,NVIDIA A100-SXM4-40GB MIG 4g.20gb (0),1,,13,[CUDA memcpy Host-to-Device]
17705462646,9247,356440,,,,,,,,,,0.197,21261.779,Pinned,Device,NVIDIA A100-SXM4-40GB MIG 4g.20gb (0),1,,13,[CUDA memcpy Host-to-Device]
17705474997,5984,356441,273,1,1,8,4,1,39,0.002,0.000,,,,,NVIDIA A100-SXM4-40GB MIG 4g.20gb (0),1,,13,"void channel_eq::eqMmseCoefCompLowMimoKernel<float, float, float, (unsigned int)4, (unsigned int)1, (unsigned int)4>(const channel_eq::_puschRxChEqStatDescr *, channel_eq::_puschRxChEqCoefCompDynDescr)"
17705482005,6400,356442,273,1,1,12,11,1,51,0.002,0.000,,,,,NVIDIA A100-SXM4-40GB MIG 4g.20gb (0),1,,13,"void channel_eq::eqMmseSoftDemapKernel<float, __half, __half, float, (unsigned int)4, (unsigned short)16383>(channel_eq::_puschRxChEqStatDescr *, channel_eq::_puschRxChEqSoftDemapDynDescr)"
17705489429,281405,356443,1,1,1,32,32,1,30,0.000,0.000,,,,,NVIDIA A100-SXM4-40GB MIG 4g.20gb (0),1,,13,"void convert_kernel<float2, __half2>(tensor_layout_any, T1 *, tensor_layout_any, const T2 *)"
17705771794,10240,356455,2253,1,1,128,1,1,16,0.000,0.000,,,,,NVIDIA A100-SXM4-40GB MIG 4g.20gb (0),1,,13,cupy_copy__float16_float16
17705782962,2784,356464,282,1,1,128,1,1,16,0.000,0.000,,,,,NVIDIA A100-SXM4-40GB MIG 4g.20gb (0),1,,13,cupy_copy__complex64_complex64
17705786834,2080,356473,26,1,1,128,1,1,16,0.000,0.000,,,,,NVIDIA A100-SXM4-40GB MIG 4g.20gb (0),1,,13,cupy_copy__float32_float32
17705789938,2816,356482,103,1,1,128,1,1,16,0.000,0.000,,,,,NVIDIA A100-SXM4-40GB MIG 4g.20gb (0),1,,13,cupy_copy__complex64_complex64
17705793906,11392,356492,1434,1,1,128,1,1,16,0.000,0.000,,,,,NVIDIA A100-SXM4-40GB MIG 4g.20gb (0),1,,13,cupy_copy__complex64_complex64
17705833393,79360,356497,1,1,1,32,32,1,30,0.000,0.000,,,,,NVIDIA A100-SXM4-40GB MIG 4g.20gb (0),1,,13,"void convert_kernel<__half2, float2>(tensor_layout_any, T1 *, tensor_layout_any, const T2 *)"
17705939664,5344,356500,,,,,,,,,,0.094,17532.864,Pinned,Device,NVIDIA A100-SXM4-40GB MIG 4g.20gb (0),1,,13,[CUDA memcpy Host-to-Device]
17705950096,602073,356501,,,,,,,,,,456.561,757891.990,Device,,NVIDIA A100-SXM4-40GB MIG 4g.20gb (0),1,,13,[CUDA memset]
17706554473,51200,356506,,,,,,,,,,1.235,24119.691,Pinned,Device,NVIDIA A100-SXM4-40GB MIG 4g.20gb (0),1,,13,[CUDA memcpy Host-to-Device]
17706608169,9280,356507,,,,,,,,,,0.197,21186.085,Pinned,Device,NVIDIA A100-SXM4-40GB MIG 4g.20gb (0),1,,13,[CUDA memcpy Host-to-Device]
17706993540,12928,356508,69,4,1,48,1,1,76,0.002,0.000,,,,,NVIDIA A100-SXM4-40GB MIG 4g.20gb (0),1,,13,"void ch_est::windowedChEstPreNoDftSOfdmKernel<float, __half, float, (unsigned int)2, (unsigned int)1, (unsigned short)4>(ch_est::puschRxChEstStatDescr_t *, ch_est::puschRxChEstDynDescr_t *)"
17707008004,6912,356509,137,2,1,24,2,1,44,0.001,0.001,,,,,NVIDIA A100-SXM4-40GB MIG 4g.20gb (0),1,,13,"void ch_est::chEstFilterNoDftSOfdmDispatchKernel<float, __half, float, (unsigned int)2>(ch_est::puschRxChEstStatDescr_t *, ch_est::puschRxChEstDynDescr_t *)"
17707399232,12576,356510,137,2,1,24,2,1,44,0.001,0.001,,,,,NVIDIA A100-SXM4-40GB MIG 4g.20gb (0),1,,13,"void ch_est::chEstFilterNoDftSOfdmDispatchKernel<float, __half, float, (unsigned int)2>(ch_est::puschRxChEstStatDescr_t *, ch_est::puschRxChEstDynDescr_t *)"
17707413664,4064,356521,103,1,1,128,1,1,16,0.000,0.000,,,,,NVIDIA A100-SXM4-40GB MIG 4g.20gb (0),1,,13,cupy_copy__complex64_complex64
17707418848,12575,356531,1434,1,1,128,1,1,16,0.000,0.000,,,,,NVIDIA A100-SXM4-40GB MIG 4g.20gb (0),1,,13,cupy_copy__complex64_complex64
17707432351,2432,356538,103,1,1,128,1,1,16,0.000,0.000,,,,,NVIDIA A100-SXM4-40GB MIG 4g.20gb (0),1,,13,cupy_copy__complex64_complex64
17707435775,82208,356545,1,1,1,32,32,1,30,0.000,0.000,,,,,NVIDIA A100-SXM4-40GB MIG 4g.20gb (0),1,,13,"void convert_kernel<__half2, float2>(tensor_layout_any, T1 *, tensor_layout_any, const T2 *)"
17707545566,5344,356548,,,,,,,,,,0.094,17532.864,Pinned,Device,NVIDIA A100-SXM4-40GB MIG 4g.20gb (0),1,,13,[CUDA memcpy Host-to-Device]
17707887322,51104,356549,,,,,,,,,,35.810,700692.705,Device,,NVIDIA A100-SXM4-40GB MIG 4g.20gb (0),1,,13,[CUDA memset]
17707939642,1824,356551,,,,,,,,,,0.000,43.860,Pinned,Device,NVIDIA A100-SXM4-40GB MIG 4g.20gb (0),1,,13,[CUDA memcpy Host-to-Device]
17707943898,9568,356552,,,,,,,,,,0.197,20548.485,Pinned,Device,NVIDIA A100-SXM4-40GB MIG 4g.20gb (0),1,,13,[CUDA memcpy Host-to-Device]
17708321717,14528,356553,273,1,1,48,1,1,40,0.000,0.001,,,,,NVIDIA A100-SXM4-40GB MIG 4g.20gb (0),1,,13,"void pusch_noise_intf_est::noiseIntfEstNoDftSOfdmKernel<float, __half, float, float, (unsigned int)2, (unsigned int)1, (unsigned char)4, (unsigned char)4>(pusch_noise_intf_est::puschRxNoiseIntfEstDynDescr)"
17708723249,6368,356564,35,1,1,128,1,1,16,0.000,0.000,,,,,NVIDIA A100-SXM4-40GB MIG 4g.20gb (0),1,,13,cupy_copy__complex64_complex64
17708731889,3168,356573,1,1,1,1,1,1,18,0.000,0.000,,,,,NVIDIA A100-SXM4-40GB MIG 4g.20gb (0),1,,13,cupy_copy__float32_float32
17708740689,1568,356579,,,,,,,,,,0.000,2.551,Device,Pageable,NVIDIA A100-SXM4-40GB MIG 4g.20gb (0),1,,7,[CUDA memcpy Device-to-Host]
17709125580,19168,356590,1434,1,1,128,1,1,16,0.000,0.000,,,,,NVIDIA A100-SXM4-40GB MIG 4g.20gb (0),1,,13,cupy_copy__complex64_complex64
17709146476,3392,356597,103,1,1,128,1,1,16,0.000,0.000,,,,,NVIDIA A100-SXM4-40GB MIG 4g.20gb (0),1,,13,cupy_copy__complex64_complex64
17709534184,7808,356604,35,1,1,128,1,1,16,0.000,0.000,,,,,NVIDIA A100-SXM4-40GB MIG 4g.20gb (0),1,,13,cupy_copy__complex64_complex64
17709544104,3328,356611,1,1,1,1,1,1,18,0.000,0.000,,,,,NVIDIA A100-SXM4-40GB MIG 4g.20gb (0),1,,13,cupy_copy__float32_float32
17709548840,213213,356622,1,1,1,32,32,1,30,0.000,0.000,,,,,NVIDIA A100-SXM4-40GB MIG 4g.20gb (0),1,,13,"void convert_kernel<__half2, float2>(tensor_layout_any, T1 *, tensor_layout_any, const T2 *)"
17709790149,5600,356625,,,,,,,,,,0.094,16731.388,Pinned,Device,NVIDIA A100-SXM4-40GB MIG 4g.20gb (0),1,,13,[CUDA memcpy Host-to-Device]
17709942243,9792,356626,,,,,,,,,,1.547,157947.429,Device,,NVIDIA A100-SXM4-40GB MIG 4g.20gb (0),1,,13,[CUDA memset]
17709953539,3008,356631,,,,,,,,,,0.031,10404.230,Pinned,Device,NVIDIA A100-SXM4-40GB MIG 4g.20gb (0),1,,13,[CUDA memcpy Host-to-Device]
17709958947,9472,356632,,,,,,,,,,0.197,20756.693,Pinned,Device,NVIDIA A100-SXM4-40GB MIG 4g.20gb (0),1,,13,[CUDA memcpy Host-to-Device]
17710346047,14400,356633,273,1,1,8,4,1,39,0.002,0.000,,,,,NVIDIA A100-SXM4-40GB MIG 4g.20gb (0),1,,13,"void channel_eq::eqMmseCoefCompLowMimoKernel<float, float, float, (unsigned int)4, (unsigned int)1, (unsigned int)4>(const channel_eq::_puschRxChEqStatDescr *, channel_eq::_puschRxChEqCoefCompDynDescr)"
17710749018,18112,356634,273,1,1,12,11,1,51,0.002,0.000,,,,,NVIDIA A100-SXM4-40GB MIG 4g.20gb (0),1,,13,"void channel_eq::eqMmseSoftDemapKernel<float, __half, __half, float, (unsigned int)4, (unsigned short)16383>(channel_eq::_puschRxChEqStatDescr *, channel_eq::_puschRxChEqSoftDemapDynDescr)"
17710769178,282173,356635,1,1,1,32,32,1,30,0.000,0.000,,,,,NVIDIA A100-SXM4-40GB MIG 4g.20gb (0),1,,13,"void convert_kernel<float2, __half2>(tensor_layout_any, T1 *, tensor_layout_any, const T2 *)"
17711052535,10432,356647,2253,1,1,128,1,1,16,0.000,0.000,,,,,NVIDIA A100-SXM4-40GB MIG 4g.20gb (0),1,,13,cupy_copy__float16_float16
17711063927,2784,356656,282,1,1,128,1,1,16,0.000,0.000,,,,,NVIDIA A100-SXM4-40GB MIG 4g.20gb (0),1,,13,cupy_copy__complex64_complex64
17711067735,2048,356665,26,1,1,128,1,1,16,0.000,0.000,,,,,NVIDIA A100-SXM4-40GB MIG 4g.20gb (0),1,,13,cupy_copy__float32_float32
17711070807,2880,356674,103,1,1,128,1,1,16,0.000,0.000,,,,,NVIDIA A100-SXM4-40GB MIG 4g.20gb (0),1,,13,cupy_copy__complex64_complex64
17711074775,11967,356684,1434,1,1,128,1,1,16,0.000,0.000,,,,,NVIDIA A100-SXM4-40GB MIG 4g.20gb (0),1,,13,cupy_copy__complex64_complex64
17711087702,79488,356689,1,1,1,32,32,1,30,0.000,0.000,,,,,NVIDIA A100-SXM4-40GB MIG 4g.20gb (0),1,,13,"void convert_kernel<__half2, float2>(tensor_layout_any, T1 *, tensor_layout_any, const T2 *)"
17711195189,5312,356692,,,,,,,,,,0.094,17638.553,Pinned,Device,NVIDIA A100-SXM4-40GB MIG 4g.20gb (0),1,,13,[CUDA memcpy Host-to-Device]
17711205237,591545,356693,,,,,,,,,,456.561,771588.834,Device,,NVIDIA A100-SXM4-40GB MIG 4g.20gb (0),1,,13,[CUDA memset]
17711802862,48352,356698,,,,,,,,,,1.235,25539.877,Pinned,Device,NVIDIA A100-SXM4-40GB MIG 4g.20gb (0),1,,13,[CUDA memcpy Host-to-Device]
17711853294,9440,356699,,,,,,,,,,0.197,20827.079,Pinned,Device,NVIDIA A100-SXM4-40GB MIG 4g.20gb (0),1,,13,[CUDA memcpy Host-to-Device]
17711865742,7520,356700,69,4,1,48,1,1,76,0.002,0.000,,,,,NVIDIA A100-SXM4-40GB MIG 4g.20gb (0),1,,13,"void ch_est::windowedChEstPreNoDftSOfdmKernel<float, __half, float, (unsigned int)2, (unsigned int)1, (unsigned short)4>(ch_est::puschRxChEstStatDescr_t *, ch_est::puschRxChEstDynDescr_t *)"
17711874286,6559,356701,137,2,1,24,2,1,44,0.001,0.001,,,,,NVIDIA A100-SXM4-40GB MIG 4g.20gb (0),1,,13,"void ch_est::chEstFilterNoDftSOfdmDispatchKernel<float, __half, float, (unsigned int)2>(ch_est::puschRxChEstStatDescr_t *, ch_est::puschRxChEstDynDescr_t *)"
17711881933,4736,356702,137,2,1,24,2,1,44,0.001,0.001,,,,,NVIDIA A100-SXM4-40GB MIG 4g.20gb (0),1,,13,"void ch_est::chEstFilterNoDftSOfdmDispatchKernel<float, __half, float, (unsigned int)2>(ch_est::puschRxChEstStatDescr_t *, ch_est::puschRxChEstDynDescr_t *)"
17711887661,2464,356713,103,1,1,128,1,1,16,0.000,0.000,,,,,NVIDIA A100-SXM4-40GB MIG 4g.20gb (0),1,,13,cupy_copy__complex64_complex64
17711891181,12832,356723,1434,1,1,128,1,1,16,0.000,0.000,,,,,NVIDIA A100-SXM4-40GB MIG 4g.20gb (0),1,,13,cupy_copy__complex64_complex64
17711905069,2432,356730,103,1,1,128,1,1,16,0.000,0.000,,,,,NVIDIA A100-SXM4-40GB MIG 4g.20gb (0),1,,13,cupy_copy__complex64_complex64
17711908557,79903,356737,1,1,1,32,32,1,30,0.000,0.000,,,,,NVIDIA A100-SXM4-40GB MIG 4g.20gb (0),1,,13,"void convert_kernel<__half2, float2>(tensor_layout_any, T1 *, tensor_layout_any, const T2 *)"
17712016972,5344,356740,,,,,,,,,,0.094,17532.864,Pinned,Device,NVIDIA A100-SXM4-40GB MIG 4g.20gb (0),1,,13,[CUDA memcpy Host-to-Device]
17712029708,45823,356741,,,,,,,,,,35.810,781479.884,Device,,NVIDIA A100-SXM4-40GB MIG 4g.20gb (0),1,,13,[CUDA memset]
17712082699,1856,356743,,,,,,,,,,0.000,43.103,Pinned,Device,NVIDIA A100-SXM4-40GB MIG 4g.20gb (0),1,,13,[CUDA memcpy Host-to-Device]
17712086635,9184,356744,,,,,,,,,,0.197,21407.662,Pinned,Device,NVIDIA A100-SXM4-40GB MIG 4g.20gb (0),1,,13,[CUDA memcpy Host-to-Device]
17712098827,8704,356745,273,1,1,48,1,1,40,0.000,0.001,,,,,NVIDIA A100-SXM4-40GB MIG 4g.20gb (0),1,,13,"void pusch_noise_intf_est::noiseIntfEstNoDftSOfdmKernel<float, __half, float, float, (unsigned int)2, (unsigned int)1, (unsigned char)4, (unsigned char)4>(pusch_noise_intf_est::puschRxNoiseIntfEstDynDescr)"
17712108555,2912,356756,35,1,1,128,1,1,16,0.000,0.000,,,,,NVIDIA A100-SXM4-40GB MIG 4g.20gb (0),1,,13,cupy_copy__complex64_complex64
17712148906,1856,356765,1,1,1,1,1,1,18,0.000,0.000,,,,,NVIDIA A100-SXM4-40GB MIG 4g.20gb (0),1,,13,cupy_copy__float32_float32
17712182986,1568,356771,,,,,,,,,,0.000,2.551,Device,Pageable,NVIDIA A100-SXM4-40GB MIG 4g.20gb (0),1,,7,[CUDA memcpy Device-to-Host]
17712241833,13024,356782,1434,1,1,128,1,1,16,0.000,0.000,,,,,NVIDIA A100-SXM4-40GB MIG 4g.20gb (0),1,,13,cupy_copy__complex64_complex64
17712267881,2688,356789,103,1,1,128,1,1,16,0.000,0.000,,,,,NVIDIA A100-SXM4-40GB MIG 4g.20gb (0),1,,13,cupy_copy__complex64_complex64
17712288361,2176,356796,35,1,1,128,1,1,16,0.000,0.000,,,,,NVIDIA A100-SXM4-40GB MIG 4g.20gb (0),1,,13,cupy_copy__complex64_complex64
17712306665,1824,356803,1,1,1,1,1,1,18,0.000,0.000,,,,,NVIDIA A100-SXM4-40GB MIG 4g.20gb (0),1,,13,cupy_copy__float32_float32
17712442023,79423,356814,1,1,1,32,32,1,30,0.000,0.000,,,,,NVIDIA A100-SXM4-40GB MIG 4g.20gb (0),1,,13,"void convert_kernel<__half2, float2>(tensor_layout_any, T1 *, tensor_layout_any, const T2 *)"
17712550918,5344,356817,,,,,,,,,,0.094,17532.864,Pinned,Device,NVIDIA A100-SXM4-40GB MIG 4g.20gb (0),1,,13,[CUDA memcpy Host-to-Device]
17712564326,3232,356818,,,,,,,,,,1.547,478533.199,Device,,NVIDIA A100-SXM4-40GB MIG 4g.20gb (0),1,,13,[CUDA memset]
17712571334,3040,356823,,,,,,,,,,0.031,10294.725,Pinned,Device,NVIDIA A100-SXM4-40GB MIG 4g.20gb (0),1,,13,[CUDA memcpy Host-to-Device]
17712576454,9280,356824,,,,,,,,,,0.197,21186.085,Pinned,Device,NVIDIA A100-SXM4-40GB MIG 4g.20gb (0),1,,13,[CUDA memcpy Host-to-Device]
17712589318,5983,356825,273,1,1,8,4,1,39,0.002,0.000,,,,,NVIDIA A100-SXM4-40GB MIG 4g.20gb (0),1,,13,"void channel_eq::eqMmseCoefCompLowMimoKernel<float, float, float, (unsigned int)4, (unsigned int)1, (unsigned int)4>(const channel_eq::_puschRxChEqStatDescr *, channel_eq::_puschRxChEqCoefCompDynDescr)"
17712596293,6528,356826,273,1,1,12,11,1,51,0.002,0.000,,,,,NVIDIA A100-SXM4-40GB MIG 4g.20gb (0),1,,13,"void channel_eq::eqMmseSoftDemapKernel<float, __half, __half, float, (unsigned int)4, (unsigned short)16383>(channel_eq::_puschRxChEqStatDescr *, channel_eq::_puschRxChEqSoftDemapDynDescr)"
17712603845,281693,356827,1,1,1,32,32,1,30,0.000,0.000,,,,,NVIDIA A100-SXM4-40GB MIG 4g.20gb (0),1,,13,"void convert_kernel<float2, __half2>(tensor_layout_any, T1 *, tensor_layout_any, const T2 *)"
17712886498,10432,356839,2253,1,1,128,1,1,16,0.000,0.000,,,,,NVIDIA A100-SXM4-40GB MIG 4g.20gb (0),1,,13,cupy_copy__float16_float16
17712897890,2784,356848,282,1,1,128,1,1,16,0.000,0.000,,,,,NVIDIA A100-SXM4-40GB MIG 4g.20gb (0),1,,13,cupy_copy__complex64_complex64
17712901762,2048,356857,26,1,1,128,1,1,16,0.000,0.000,,,,,NVIDIA A100-SXM4-40GB MIG 4g.20gb (0),1,,13,cupy_copy__float32_float32
17712904962,2848,356866,103,1,1,128,1,1,16,0.000,0.000,,,,,NVIDIA A100-SXM4-40GB MIG 4g.20gb (0),1,,13,cupy_copy__complex64_complex64
17712908930,11264,356876,1434,1,1,128,1,1,16,0.000,0.000,,,,,NVIDIA A100-SXM4-40GB MIG 4g.20gb (0),1,,13,cupy_copy__complex64_complex64
17712953633,79904,356881,1,1,1,32,32,1,30,0.000,0.000,,,,,NVIDIA A100-SXM4-40GB MIG 4g.20gb (0),1,,13,"void convert_kernel<__half2, float2>(tensor_layout_any, T1 *, tensor_layout_any, const T2 *)"
17713060768,5344,356884,,,,,,,,,,0.094,17532.864,Pinned,Device,NVIDIA A100-SXM4-40GB MIG 4g.20gb (0),1,,13,[CUDA memcpy Host-to-Device]
17713070912,601433,356885,,,,,,,,,,456.561,758805.113,Device,,NVIDIA A100-SXM4-40GB MIG 4g.20gb (0),1,,13,[CUDA memset]
17713680409,50496,356890,,,,,,,,,,1.235,24455.596,Pinned,Device,NVIDIA A100-SXM4-40GB MIG 4g.20gb (0),1,,13,[CUDA memcpy Host-to-Device]
17713734265,9568,356891,,,,,,,,,,0.197,20548.485,Pinned,Device,NVIDIA A100-SXM4-40GB MIG 4g.20gb (0),1,,13,[CUDA memcpy Host-to-Device]
17713834072,9983,356892,69,4,1,48,1,1,76,0.002,0.000,,,,,NVIDIA A100-SXM4-40GB MIG 4g.20gb (0),1,,13,"void ch_est::windowedChEstPreNoDftSOfdmKernel<float, __half, float, (unsigned int)2, (unsigned int)1, (unsigned short)4>(ch_est::puschRxChEstStatDescr_t *, ch_est::puschRxChEstDynDescr_t *)"
17713846327,7936,356893,137,2,1,24,2,1,44,0.001,0.001,,,,,NVIDIA A100-SXM4-40GB MIG 4g.20gb (0),1,,13,"void ch_est::chEstFilterNoDftSOfdmDispatchKernel<float, __half, float, (unsigned int)2>(ch_est::puschRxChEstStatDescr_t *, ch_est::puschRxChEstDynDescr_t *)"
17713960470,9664,356894,137,2,1,24,2,1,44,0.001,0.001,,,,,NVIDIA A100-SXM4-40GB MIG 4g.20gb (0),1,,13,"void ch_est::chEstFilterNoDftSOfdmDispatchKernel<float, __half, float, (unsigned int)2>(ch_est::puschRxChEstStatDescr_t *, ch_est::puschRxChEstDynDescr_t *)"
17713972182,4288,356905,103,1,1,128,1,1,16,0.000,0.000,,,,,NVIDIA A100-SXM4-40GB MIG 4g.20gb (0),1,,13,cupy_copy__complex64_complex64
17713978550,13120,356915,1434,1,1,128,1,1,16,0.000,0.000,,,,,NVIDIA A100-SXM4-40GB MIG 4g.20gb (0),1,,13,cupy_copy__complex64_complex64
17713992822,2528,356922,103,1,1,128,1,1,16,0.000,0.000,,,,,NVIDIA A100-SXM4-40GB MIG 4g.20gb (0),1,,13,cupy_copy__complex64_complex64
17713996342,79135,356929,1,1,1,32,32,1,30,0.000,0.000,,,,,NVIDIA A100-SXM4-40GB MIG 4g.20gb (0),1,,13,"void convert_kernel<__half2, float2>(tensor_layout_any, T1 *, tensor_layout_any, const T2 *)"
17714102485,5343,356932,,,,,,,,,,0.094,17536.143,Pinned,Device,NVIDIA A100-SXM4-40GB MIG 4g.20gb (0),1,,13,[CUDA memcpy Host-to-Device]
17714172500,52671,356933,,,,,,,,,,35.810,679851.331,Device,,NVIDIA A100-SXM4-40GB MIG 4g.20gb (0),1,,13,[CUDA memset]
17714231731,2208,356935,,,,,,,,,,0.000,36.232,Pinned,Device,NVIDIA A100-SXM4-40GB MIG 4g.20gb (0),1,,13,[CUDA memcpy Host-to-Device]
17714236723,9440,356936,,,,,,,,,,0.197,20827.079,Pinned,Device,NVIDIA A100-SXM4-40GB MIG 4g.20gb (0),1,,13,[CUDA memcpy Host-to-Device]
17714328082,13376,356937,273,1,1,48,1,1,40,0.000,0.001,,,,,NVIDIA A100-SXM4-40GB MIG 4g.20gb (0),1,,13,"void pusch_noise_intf_est::noiseIntfEstNoDftSOfdmKernel<float, __half, float, float, (unsigned int)2, (unsigned int)1, (unsigned char)4, (unsigned char)4>(pusch_noise_intf_est::puschRxNoiseIntfEstDynDescr)"
17714344434,3488,356948,35,1,1,128,1,1,16,0.000,0.000,,,,,NVIDIA A100-SXM4-40GB MIG 4g.20gb (0),1,,13,cupy_copy__complex64_complex64
17714451057,3008,356957,1,1,1,1,1,1,18,0.000,0.000,,,,,NVIDIA A100-SXM4-40GB MIG 4g.20gb (0),1,,13,cupy_copy__float32_float32
17714459825,1600,356963,,,,,,,,,,0.000,2.500,Device,Pageable,NVIDIA A100-SXM4-40GB MIG 4g.20gb (0),1,,7,[CUDA memcpy Device-to-Host]
17714573263,23072,356974,1434,1,1,128,1,1,16,0.000,0.000,,,,,NVIDIA A100-SXM4-40GB MIG 4g.20gb (0),1,,13,cupy_copy__complex64_complex64
17714699342,6464,356981,103,1,1,128,1,1,16,0.000,0.000,,,,,NVIDIA A100-SXM4-40GB MIG 4g.20gb (0),1,,13,cupy_copy__complex64_complex64
17714707502,3520,356988,35,1,1,128,1,1,16,0.000,0.000,,,,,NVIDIA A100-SXM4-40GB MIG 4g.20gb (0),1,,13,cupy_copy__complex64_complex64
17714712430,2528,356995,1,1,1,1,1,1,18,0.000,0.000,,,,,NVIDIA A100-SXM4-40GB MIG 4g.20gb (0),1,,13,cupy_copy__float32_float32
17714720398,255709,357006,1,1,1,32,32,1,30,0.000,0.000,,,,,NVIDIA A100-SXM4-40GB MIG 4g.20gb (0),1,,13,"void convert_kernel<__half2, float2>(tensor_layout_any, T1 *, tensor_layout_any, const T2 *)"
17715003370,5536,357009,,,,,,,,,,0.094,16924.777,Pinned,Device,NVIDIA A100-SXM4-40GB MIG 4g.20gb (0),1,,13,[CUDA memcpy Host-to-Device]
17715068618,5952,357010,,,,,,,,,,1.547,259848.298,Device,,NVIDIA A100-SXM4-40GB MIG 4g.20gb (0),1,,13,[CUDA memset]
17715082218,3168,357015,,,,,,,,,,0.031,9878.770,Pinned,Device,NVIDIA A100-SXM4-40GB MIG 4g.20gb (0),1,,13,[CUDA memcpy Host-to-Device]
17715087817,9280,357016,,,,,,,,,,0.197,21186.085,Pinned,Device,NVIDIA A100-SXM4-40GB MIG 4g.20gb (0),1,,13,[CUDA memcpy Host-to-Device]
17715100009,7040,357017,273,1,1,8,4,1,39,0.002,0.000,,,,,NVIDIA A100-SXM4-40GB MIG 4g.20gb (0),1,,13,"void channel_eq::eqMmseCoefCompLowMimoKernel<float, float, float, (unsigned int)4, (unsigned int)1, (unsigned int)4>(const channel_eq::_puschRxChEqStatDescr *, channel_eq::_puschRxChEqCoefCompDynDescr)"
17715108105,7168,357018,273,1,1,12,11,1,51,0.002,0.000,,,,,NVIDIA A100-SXM4-40GB MIG 4g.20gb (0),1,,13,"void channel_eq::eqMmseSoftDemapKernel<float, __half, __half, float, (unsigned int)4, (unsigned short)16383>(channel_eq::_puschRxChEqStatDescr *, channel_eq::_puschRxChEqSoftDemapDynDescr)"
17715116233,454747,357019,1,1,1,32,32,1,30,0.000,0.000,,,,,NVIDIA A100-SXM4-40GB MIG 4g.20gb (0),1,,13,"void convert_kernel<float2, __half2>(tensor_layout_any, T1 *, tensor_layout_any, const T2 *)"
17715650243,21088,357031,2253,1,1,128,1,1,16,0.000,0.000,,,,,NVIDIA A100-SXM4-40GB MIG 4g.20gb (0),1,,13,cupy_copy__float16_float16
17715673571,4064,357040,282,1,1,128,1,1,16,0.000,0.000,,,,,NVIDIA A100-SXM4-40GB MIG 4g.20gb (0),1,,13,cupy_copy__complex64_complex64
17715778146,5440,357049,26,1,1,128,1,1,16,0.000,0.000,,,,,NVIDIA A100-SXM4-40GB MIG 4g.20gb (0),1,,13,cupy_copy__float32_float32
17715785218,4768,357058,103,1,1,128,1,1,16,0.000,0.000,,,,,NVIDIA A100-SXM4-40GB MIG 4g.20gb (0),1,,13,cupy_copy__complex64_complex64
17715792898,13215,357068,1434,1,1,128,1,1,16,0.000,0.000,,,,,NVIDIA A100-SXM4-40GB MIG 4g.20gb (0),1,,13,cupy_copy__complex64_complex64
17715903136,263005,357073,1,1,1,32,32,1,30,0.000,0.000,,,,,NVIDIA A100-SXM4-40GB MIG 4g.20gb (0),1,,13,"void convert_kernel<__half2, float2>(tensor_layout_any, T1 *, tensor_layout_any, const T2 *)"
17716194781,5344,357076,,,,,,,,,,0.094,17532.864,Pinned,Device,NVIDIA A100-SXM4-40GB MIG 4g.20gb (0),1,,13,[CUDA memcpy Host-to-Device]
17716205501,591897,357077,,,,,,,,,,456.561,771132.272,Device,,NVIDIA A100-SXM4-40GB MIG 4g.20gb (0),1,,13,[CUDA memset]
17716800502,48672,357082,,,,,,,,,,1.235,25371.924,Pinned,Device,NVIDIA A100-SXM4-40GB MIG 4g.20gb (0),1,,13,[CUDA memcpy Host-to-Device]
17716851286,9216,357083,,,,,,,,,,0.197,21333.148,Pinned,Device,NVIDIA A100-SXM4-40GB MIG 4g.20gb (0),1,,13,[CUDA memcpy Host-to-Device]
17716863478,7551,357084,69,4,1,48,1,1,76,0.002,0.000,,,,,NVIDIA A100-SXM4-40GB MIG 4g.20gb (0),1,,13,"void ch_est::windowedChEstPreNoDftSOfdmKernel<float, __half, float, (unsigned int)2, (unsigned int)1, (unsigned short)4>(ch_est::puschRxChEstStatDescr_t *, ch_est::puschRxChEstDynDescr_t *)"
17716871989,6560,357085,137,2,1,24,2,1,44,0.001,0.001,,,,,NVIDIA A100-SXM4-40GB MIG 4g.20gb (0),1,,13,"void ch_est::chEstFilterNoDftSOfdmDispatchKernel<float, __half, float, (unsigned int)2>(ch_est::puschRxChEstStatDescr_t *, ch_est::puschRxChEstDynDescr_t *)"
17716879637,4992,357086,137,2,1,24,2,1,44,0.001,0.001,,,,,NVIDIA A100-SXM4-40GB MIG 4g.20gb (0),1,,13,"void ch_est::chEstFilterNoDftSOfdmDispatchKernel<float, __half, float, (unsigned int)2>(ch_est::puschRxChEstStatDescr_t *, ch_est::puschRxChEstDynDescr_t *)"
17716885685,2496,357097,103,1,1,128,1,1,16,0.000,0.000,,,,,NVIDIA A100-SXM4-40GB MIG 4g.20gb (0),1,,13,cupy_copy__complex64_complex64
17716889173,12928,357107,1434,1,1,128,1,1,16,0.000,0.000,,,,,NVIDIA A100-SXM4-40GB MIG 4g.20gb (0),1,,13,cupy_copy__complex64_complex64
17716903093,2432,357114,103,1,1,128,1,1,16,0.000,0.000,,,,,NVIDIA A100-SXM4-40GB MIG 4g.20gb (0),1,,13,cupy_copy__complex64_complex64
17716906613,79679,357121,1,1,1,32,32,1,30,0.000,0.000,,,,,NVIDIA A100-SXM4-40GB MIG 4g.20gb (0),1,,13,"void convert_kernel<__half2, float2>(tensor_layout_any, T1 *, tensor_layout_any, const T2 *)"
17717013492,5568,357124,,,,,,,,,,0.094,16827.521,Pinned,Device,NVIDIA A100-SXM4-40GB MIG 4g.20gb (0),1,,13,[CUDA memcpy Host-to-Device]
17717025332,45599,357125,,,,,,,,,,35.810,785311.546,Device,,NVIDIA A100-SXM4-40GB MIG 4g.20gb (0),1,,13,[CUDA memset]
17717078451,1824,357127,,,,,,,,,,0.000,43.860,Pinned,Device,NVIDIA A100-SXM4-40GB MIG 4g.20gb (0),1,,13,[CUDA memcpy Host-to-Device]
17717082355,9248,357128,,,,,,,,,,0.197,21259.420,Pinned,Device,NVIDIA A100-SXM4-40GB MIG 4g.20gb (0),1,,13,[CUDA memcpy Host-to-Device]
17717094547,8704,357129,273,1,1,48,1,1,40,0.000,0.001,,,,,NVIDIA A100-SXM4-40GB MIG 4g.20gb (0),1,,13,"void pusch_noise_intf_est::noiseIntfEstNoDftSOfdmKernel<float, __half, float, float, (unsigned int)2, (unsigned int)1, (unsigned char)4, (unsigned char)4>(pusch_noise_intf_est::puschRxNoiseIntfEstDynDescr)"
17717106259,2880,357140,35,1,1,128,1,1,16,0.000,0.000,,,,,NVIDIA A100-SXM4-40GB MIG 4g.20gb (0),1,,13,cupy_copy__complex64_complex64
17717140274,1920,357149,1,1,1,1,1,1,18,0.000,0.000,,,,,NVIDIA A100-SXM4-40GB MIG 4g.20gb (0),1,,13,cupy_copy__float32_float32
17717173970,1600,357155,,,,,,,,,,0.000,2.500,Device,Pageable,NVIDIA A100-SXM4-40GB MIG 4g.20gb (0),1,,7,[CUDA memcpy Device-to-Host]
17717232529,13312,357166,1434,1,1,128,1,1,16,0.000,0.000,,,,,NVIDIA A100-SXM4-40GB MIG 4g.20gb (0),1,,13,cupy_copy__complex64_complex64
17717258929,2688,357173,103,1,1,128,1,1,16,0.000,0.000,,,,,NVIDIA A100-SXM4-40GB MIG 4g.20gb (0),1,,13,cupy_copy__complex64_complex64
17717278449,2208,357180,35,1,1,128,1,1,16,0.000,0.000,,,,,NVIDIA A100-SXM4-40GB MIG 4g.20gb (0),1,,13,cupy_copy__complex64_complex64
17717295857,1824,357187,1,1,1,1,1,1,18,0.000,0.000,,,,,NVIDIA A100-SXM4-40GB MIG 4g.20gb (0),1,,13,cupy_copy__float32_float32
17717434735,80127,357198,1,1,1,32,32,1,30,0.000,0.000,,,,,NVIDIA A100-SXM4-40GB MIG 4g.20gb (0),1,,13,"void convert_kernel<__half2, float2>(tensor_layout_any, T1 *, tensor_layout_any, const T2 *)"
17717542734,5472,357201,,,,,,,,,,0.094,17122.757,Pinned,Device,NVIDIA A100-SXM4-40GB MIG 4g.20gb (0),1,,13,[CUDA memcpy Host-to-Device]
17717556814,3200,357202,,,,,,,,,,1.547,483320.000,Device,,NVIDIA A100-SXM4-40GB MIG 4g.20gb (0),1,,13,[CUDA memset]
17717563342,3328,357207,,,,,,,,,,0.031,9403.822,Pinned,Device,NVIDIA A100-SXM4-40GB MIG 4g.20gb (0),1,,13,[CUDA memcpy Host-to-Device]
17717568750,9279,357208,,,,,,,,,,0.197,21188.444,Pinned,Device,NVIDIA A100-SXM4-40GB MIG 4g.20gb (0),1,,13,[CUDA memcpy Host-to-Device]
17717581133,6080,357209,273,1,1,8,4,1,39,0.002,0.000,,,,,NVIDIA A100-SXM4-40GB MIG 4g.20gb (0),1,,13,"void channel_eq::eqMmseCoefCompLowMimoKernel<float, float, float, (unsigned int)4, (unsigned int)1, (unsigned int)4>(const channel_eq::_puschRxChEqStatDescr *, channel_eq::_puschRxChEqCoefCompDynDescr)"
17717588333,6528,357210,273,1,1,12,11,1,51,0.002,0.000,,,,,NVIDIA A100-SXM4-40GB MIG 4g.20gb (0),1,,13,"void channel_eq::eqMmseSoftDemapKernel<float, __half, __half, float, (unsigned int)4, (unsigned short)16383>(channel_eq::_puschRxChEqStatDescr *, channel_eq::_puschRxChEqSoftDemapDynDescr)"
17717596013,281245,357211,1,1,1,32,32,1,30,0.000,0.000,,,,,NVIDIA A100-SXM4-40GB MIG 4g.20gb (0),1,,13,"void convert_kernel<float2, __half2>(tensor_layout_any, T1 *, tensor_layout_any, const T2 *)"
17717878378,10560,357223,2253,1,1,128,1,1,16,0.000,0.000,,,,,NVIDIA A100-SXM4-40GB MIG 4g.20gb (0),1,,13,cupy_copy__float16_float16
17717889994,2752,357232,282,1,1,128,1,1,16,0.000,0.000,,,,,NVIDIA A100-SXM4-40GB MIG 4g.20gb (0),1,,13,cupy_copy__complex64_complex64
17717893866,2080,357241,26,1,1,128,1,1,16,0.000,0.000,,,,,NVIDIA A100-SXM4-40GB MIG 4g.20gb (0),1,,13,cupy_copy__float32_float32
17717896938,2848,357250,103,1,1,128,1,1,16,0.000,0.000,,,,,NVIDIA A100-SXM4-40GB MIG 4g.20gb (0),1,,13,cupy_copy__complex64_complex64
17717900906,11296,357260,1434,1,1,128,1,1,16,0.000,0.000,,,,,NVIDIA A100-SXM4-40GB MIG 4g.20gb (0),1,,13,cupy_copy__complex64_complex64
17717943881,79487,357265,1,1,1,32,32,1,30,0.000,0.000,,,,,NVIDIA A100-SXM4-40GB MIG 4g.20gb (0),1,,13,"void convert_kernel<__half2, float2>(tensor_layout_any, T1 *, tensor_layout_any, const T2 *)"
17718050952,5504,357268,,,,,,,,,,0.094,17023.251,Pinned,Device,NVIDIA A100-SXM4-40GB MIG 4g.20gb (0),1,,13,[CUDA memcpy Host-to-Device]
17718061448,594201,357269,,,,,,,,,,456.561,767936.342,Device,,NVIDIA A100-SXM4-40GB MIG 4g.20gb (0),1,,13,[CUDA memset]
17718664577,50944,357274,,,,,,,,,,1.235,24240.716,Pinned,Device,NVIDIA A100-SXM4-40GB MIG 4g.20gb (0),1,,13,[CUDA memcpy Host-to-Device]
17718717953,9248,357275,,,,,,,,,,0.197,21259.420,Pinned,Device,NVIDIA A100-SXM4-40GB MIG 4g.20gb (0),1,,13,[CUDA memcpy Host-to-Device]
17719018589,22784,357276,69,4,1,48,1,1,76,0.002,0.000,,,,,NVIDIA A100-SXM4-40GB MIG 4g.20gb (0),1,,13,"void ch_est::windowedChEstPreNoDftSOfdmKernel<float, __half, float, (unsigned int)2, (unsigned int)1, (unsigned short)4>(ch_est::puschRxChEstStatDescr_t *, ch_est::puschRxChEstDynDescr_t *)"
17719042781,9344,357277,137,2,1,24,2,1,44,0.001,0.001,,,,,NVIDIA A100-SXM4-40GB MIG 4g.20gb (0),1,,13,"void ch_est::chEstFilterNoDftSOfdmDispatchKernel<float, __half, float, (unsigned int)2>(ch_est::puschRxChEstStatDescr_t *, ch_est::puschRxChEstDynDescr_t *)"
17719054141,5344,357278,137,2,1,24,2,1,44,0.001,0.001,,,,,NVIDIA A100-SXM4-40GB MIG 4g.20gb (0),1,,13,"void ch_est::chEstFilterNoDftSOfdmDispatchKernel<float, __half, float, (unsigned int)2>(ch_est::puschRxChEstStatDescr_t *, ch_est::puschRxChEstDynDescr_t *)"
17719060669,2592,357289,103,1,1,128,1,1,16,0.000,0.000,,,,,NVIDIA A100-SXM4-40GB MIG 4g.20gb (0),1,,13,cupy_copy__complex64_complex64
17719064797,14240,357299,1434,1,1,128,1,1,16,0.000,0.000,,,,,NVIDIA A100-SXM4-40GB MIG 4g.20gb (0),1,,13,cupy_copy__complex64_complex64
17719080509,4480,357306,103,1,1,128,1,1,16,0.000,0.000,,,,,NVIDIA A100-SXM4-40GB MIG 4g.20gb (0),1,,13,cupy_copy__complex64_complex64
17719384377,219102,357313,1,1,1,32,32,1,30,0.000,0.000,,,,,NVIDIA A100-SXM4-40GB MIG 4g.20gb (0),1,,13,"void convert_kernel<__half2, float2>(tensor_layout_any, T1 *, tensor_layout_any, const T2 *)"
17719630806,5376,357316,,,,,,,,,,0.094,17428.487,Pinned,Device,NVIDIA A100-SXM4-40GB MIG 4g.20gb (0),1,,13,[CUDA memcpy Host-to-Device]
17719832116,59328,357317,,,,,,,,,,35.810,603576.202,Device,,NVIDIA A100-SXM4-40GB MIG 4g.20gb (0),1,,13,[CUDA memset]
17719894003,2208,357319,,,,,,,,,,0.000,36.232,Pinned,Device,NVIDIA A100-SXM4-40GB MIG 4g.20gb (0),1,,13,[CUDA memcpy Host-to-Device]
17719898995,10368,357320,,,,,,,,,,0.197,18962.842,Pinned,Device,NVIDIA A100-SXM4-40GB MIG 4g.20gb (0),1,,13,[CUDA memcpy Host-to-Device]
17720219184,32415,357321,273,1,1,48,1,1,40,0.000,0.001,,,,,NVIDIA A100-SXM4-40GB MIG 4g.20gb (0),1,,13,"void pusch_noise_intf_est::noiseIntfEstNoDftSOfdmKernel<float, __half, float, float, (unsigned int)2, (unsigned int)1, (unsigned char)4, (unsigned char)4>(pusch_noise_intf_est::puschRxNoiseIntfEstDynDescr)"
17720375502,8704,357332,35,1,1,128,1,1,16,0.000,0.000,,,,,NVIDIA A100-SXM4-40GB MIG 4g.20gb (0),1,,13,cupy_copy__complex64_complex64
17720709674,6080,357341,1,1,1,1,1,1,18,0.000,0.000,,,,,NVIDIA A100-SXM4-40GB MIG 4g.20gb (0),1,,13,cupy_copy__float32_float32
17720718122,1632,357347,,,,,,,,,,0.000,2.451,Device,Pageable,NVIDIA A100-SXM4-40GB MIG 4g.20gb (0),1,,7,[CUDA memcpy Device-to-Host]
17721183941,31328,357358,1434,1,1,128,1,1,16,0.000,0.000,,,,,NVIDIA A100-SXM4-40GB MIG 4g.20gb (0),1,,13,cupy_copy__complex64_complex64
17721340003,12256,357365,103,1,1,128,1,1,16,0.000,0.000,,,,,NVIDIA A100-SXM4-40GB MIG 4g.20gb (0),1,,13,cupy_copy__complex64_complex64
17721676223,12352,357372,35,1,1,128,1,1,16,0.000,0.000,,,,,NVIDIA A100-SXM4-40GB MIG 4g.20gb (0),1,,13,cupy_copy__complex64_complex64
17721822334,4384,357379,1,1,1,1,1,1,18,0.000,0.000,,,,,NVIDIA A100-SXM4-40GB MIG 4g.20gb (0),1,,13,cupy_copy__float32_float32
17722150426,282141,357390,1,1,1,32,32,1,30,0.000,0.000,,,,,NVIDIA A100-SXM4-40GB MIG 4g.20gb (0),1,,13,"void convert_kernel<__half2, float2>(tensor_layout_any, T1 *, tensor_layout_any, const T2 *)"
17722462487,5408,357393,,,,,,,,,,0.094,17325.421,Pinned,Device,NVIDIA A100-SXM4-40GB MIG 4g.20gb (0),1,,13,[CUDA memcpy Host-to-Device]
17722785459,9312,357394,,,,,,,,,,1.547,166088.858,Device,,NVIDIA A100-SXM4-40GB MIG 4g.20gb (0),1,,13,[CUDA memset]
17722799731,3488,357399,,,,,,,,,,0.031,8972.469,Pinned,Device,NVIDIA A100-SXM4-40GB MIG 4g.20gb (0),1,,13,[CUDA memcpy Host-to-Device]
17722807539,12704,357400,,,,,,,,,,0.197,15475.999,Pinned,Device,NVIDIA A100-SXM4-40GB MIG 4g.20gb (0),1,,13,[CUDA memcpy Host-to-Device]
17723123855,26336,357401,273,1,1,8,4,1,39,0.002,0.000,,,,,NVIDIA A100-SXM4-40GB MIG 4g.20gb (0),1,,13,"void channel_eq::eqMmseCoefCompLowMimoKernel<float, float, float, (unsigned int)4, (unsigned int)1, (unsigned int)4>(const channel_eq::_puschRxChEqStatDescr *, channel_eq::_puschRxChEqCoefCompDynDescr)"
17723263342,30271,357402,273,1,1,12,11,1,51,0.002,0.000,,,,,NVIDIA A100-SXM4-40GB MIG 4g.20gb (0),1,,13,"void channel_eq::eqMmseSoftDemapKernel<float, __half, __half, float, (unsigned int)4, (unsigned short)16383>(channel_eq::_puschRxChEqStatDescr *, channel_eq::_puschRxChEqSoftDemapDynDescr)"
17723297389,585850,357403,1,1,1,32,32,1,30,0.000,0.000,,,,,NVIDIA A100-SXM4-40GB MIG 4g.20gb (0),1,,13,"void convert_kernel<float2, __half2>(tensor_layout_any, T1 *, tensor_layout_any, const T2 *)"
17723884423,11648,357415,2253,1,1,128,1,1,16,0.000,0.000,,,,,NVIDIA A100-SXM4-40GB MIG 4g.20gb (0),1,,13,cupy_copy__float16_float16
17723897191,3743,357424,282,1,1,128,1,1,16,0.000,0.000,,,,,NVIDIA A100-SXM4-40GB MIG 4g.20gb (0),1,,13,cupy_copy__complex64_complex64
17723901894,2240,357433,26,1,1,128,1,1,16,0.000,0.000,,,,,NVIDIA A100-SXM4-40GB MIG 4g.20gb (0),1,,13,cupy_copy__float32_float32
17723905190,3136,357442,103,1,1,128,1,1,16,0.000,0.000,,,,,NVIDIA A100-SXM4-40GB MIG 4g.20gb (0),1,,13,cupy_copy__complex64_complex64
17723909446,11904,357452,1434,1,1,128,1,1,16,0.000,0.000,,,,,NVIDIA A100-SXM4-40GB MIG 4g.20gb (0),1,,13,cupy_copy__complex64_complex64
17723922278,79167,357457,1,1,1,32,32,1,30,0.000,0.000,,,,,NVIDIA A100-SXM4-40GB MIG 4g.20gb (0),1,,13,"void convert_kernel<__half2, float2>(tensor_layout_any, T1 *, tensor_layout_any, const T2 *)"
17724029957,5920,357460,,,,,,,,,,0.094,15826.941,Pinned,Device,NVIDIA A100-SXM4-40GB MIG 4g.20gb (0),1,,13,[CUDA memcpy Host-to-Device]
17724040709,590393,357461,,,,,,,,,,456.561,772958.518,Device,,NVIDIA A100-SXM4-40GB MIG 4g.20gb (0),1,,13,[CUDA memset]
17724636798,48096,357466,,,,,,,,,,1.235,25675.721,Pinned,Device,NVIDIA A100-SXM4-40GB MIG 4g.20gb (0),1,,13,[CUDA memcpy Host-to-Device]
17724687006,9216,357467,,,,,,,,,,0.197,21333.148,Pinned,Device,NVIDIA A100-SXM4-40GB MIG 4g.20gb (0),1,,13,[CUDA memcpy Host-to-Device]
17724699358,7327,357468,69,4,1,48,1,1,76,0.002,0.000,,,,,NVIDIA A100-SXM4-40GB MIG 4g.20gb (0),1,,13,"void ch_est::windowedChEstPreNoDftSOfdmKernel<float, __half, float, (unsigned int)2, (unsigned int)1, (unsigned short)4>(ch_est::puschRxChEstStatDescr_t *, ch_est::puschRxChEstDynDescr_t *)"
17724707645,6464,357469,137,2,1,24,2,1,44,0.001,0.001,,,,,NVIDIA A100-SXM4-40GB MIG 4g.20gb (0),1,,13,"void ch_est::chEstFilterNoDftSOfdmDispatchKernel<float, __half, float, (unsigned int)2>(ch_est::puschRxChEstStatDescr_t *, ch_est::puschRxChEstDynDescr_t *)"
17724715293,5056,357470,137,2,1,24,2,1,44,0.001,0.001,,,,,NVIDIA A100-SXM4-40GB MIG 4g.20gb (0),1,,13,"void ch_est::chEstFilterNoDftSOfdmDispatchKernel<float, __half, float, (unsigned int)2>(ch_est::puschRxChEstStatDescr_t *, ch_est::puschRxChEstDynDescr_t *)"
17724721469,2464,357481,103,1,1,128,1,1,16,0.000,0.000,,,,,NVIDIA A100-SXM4-40GB MIG 4g.20gb (0),1,,13,cupy_copy__complex64_complex64
17724724989,12896,357491,1434,1,1,128,1,1,16,0.000,0.000,,,,,NVIDIA A100-SXM4-40GB MIG 4g.20gb (0),1,,13,cupy_copy__complex64_complex64
17724739005,2432,357498,103,1,1,128,1,1,16,0.000,0.000,,,,,NVIDIA A100-SXM4-40GB MIG 4g.20gb (0),1,,13,cupy_copy__complex64_complex64
17724742493,79391,357505,1,1,1,32,32,1,30,0.000,0.000,,,,,NVIDIA A100-SXM4-40GB MIG 4g.20gb (0),1,,13,"void convert_kernel<__half2, float2>(tensor_layout_any, T1 *, tensor_layout_any, const T2 *)"
17724850204,5344,357508,,,,,,,,,,0.094,17532.864,Pinned,Device,NVIDIA A100-SXM4-40GB MIG 4g.20gb (0),1,,13,[CUDA memcpy Host-to-Device]
17724870172,48351,357509,,,,,,,,,,35.810,740620.765,Device,,NVIDIA A100-SXM4-40GB MIG 4g.20gb (0),1,,13,[CUDA memset]
17724970842,2176,357511,,,,,,,,,,0.000,36.765,Pinned,Device,NVIDIA A100-SXM4-40GB MIG 4g.20gb (0),1,,13,[CUDA memcpy Host-to-Device]
17724975098,9408,357512,,,,,,,,,,0.197,20897.858,Pinned,Device,NVIDIA A100-SXM4-40GB MIG 4g.20gb (0),1,,13,[CUDA memcpy Host-to-Device]
17724987482,9024,357513,273,1,1,48,1,1,40,0.000,0.001,,,,,NVIDIA A100-SXM4-40GB MIG 4g.20gb (0),1,,13,"void pusch_noise_intf_est::noiseIntfEstNoDftSOfdmKernel<float, __half, float, float, (unsigned int)2, (unsigned int)1, (unsigned char)4, (unsigned char)4>(pusch_noise_intf_est::puschRxNoiseIntfEstDynDescr)"
17724997658,2784,357524,35,1,1,128,1,1,16,0.000,0.000,,,,,NVIDIA A100-SXM4-40GB MIG 4g.20gb (0),1,,13,cupy_copy__complex64_complex64
17725001402,1856,357533,1,1,1,1,1,1,18,0.000,0.000,,,,,NVIDIA A100-SXM4-40GB MIG 4g.20gb (0),1,,13,cupy_copy__float32_float32
17725012410,1600,357539,,,,,,,,,,0.000,2.500,Device,Pageable,NVIDIA A100-SXM4-40GB MIG 4g.20gb (0),1,,7,[CUDA memcpy Device-to-Host]
17725147544,15968,357550,1434,1,1,128,1,1,16,0.000,0.000,,,,,NVIDIA A100-SXM4-40GB MIG 4g.20gb (0),1,,13,cupy_copy__complex64_complex64
17725421173,7616,357557,103,1,1,128,1,1,16,0.000,0.000,,,,,NVIDIA A100-SXM4-40GB MIG 4g.20gb (0),1,,13,cupy_copy__complex64_complex64
17725479285,6336,357564,35,1,1,128,1,1,16,0.000,0.000,,,,,NVIDIA A100-SXM4-40GB MIG 4g.20gb (0),1,,13,cupy_copy__complex64_complex64
17725741170,4096,357571,1,1,1,1,1,1,18,0.000,0.000,,,,,NVIDIA A100-SXM4-40GB MIG 4g.20gb (0),1,,13,cupy_copy__float32_float32
17725749874,215805,357582,1,1,1,32,32,1,30,0.000,0.000,,,,,NVIDIA A100-SXM4-40GB MIG 4g.20gb (0),1,,13,"void convert_kernel<__half2, float2>(tensor_layout_any, T1 *, tensor_layout_any, const T2 *)"
17725994255,5376,357585,,,,,,,,,,0.094,17428.487,Pinned,Device,NVIDIA A100-SXM4-40GB MIG 4g.20gb (0),1,,13,[CUDA memcpy Host-to-Device]
17726125645,6336,357586,,,,,,,,,,1.547,244100.573,Device,,NVIDIA A100-SXM4-40GB MIG 4g.20gb (0),1,,13,[CUDA memset]
17726132717,3072,357591,,,,,,,,,,0.031,10187.474,Pinned,Device,NVIDIA A100-SXM4-40GB MIG 4g.20gb (0),1,,13,[CUDA memcpy Host-to-Device]
17726138861,9440,357592,,,,,,,,,,0.197,20827.079,Pinned,Device,NVIDIA A100-SXM4-40GB MIG 4g.20gb (0),1,,13,[CUDA memcpy Host-to-Device]
17726152205,9696,357593,273,1,1,8,4,1,39,0.002,0.000,,,,,NVIDIA A100-SXM4-40GB MIG 4g.20gb (0),1,,13,"void channel_eq::eqMmseCoefCompLowMimoKernel<float, float, float, (unsigned int)4, (unsigned int)1, (unsigned int)4>(const channel_eq::_puschRxChEqStatDescr *, channel_eq::_puschRxChEqCoefCompDynDescr)"
17726422858,20736,357594,273,1,1,12,11,1,51,0.002,0.000,,,,,NVIDIA A100-SXM4-40GB MIG 4g.20gb (0),1,,13,"void channel_eq::eqMmseSoftDemapKernel<float, __half, __half, float, (unsigned int)4, (unsigned short)16383>(channel_eq::_puschRxChEqStatDescr *, channel_eq::_puschRxChEqSoftDemapDynDescr)"
17726445226,410427,357595,1,1,1,32,32,1,30,0.000,0.000,,,,,NVIDIA A100-SXM4-40GB MIG 4g.20gb (0),1,,13,"void convert_kernel<float2, __half2>(tensor_layout_any, T1 *, tensor_layout_any, const T2 *)"
17727153346,22400,357607,2253,1,1,128,1,1,16,0.000,0.000,,,,,NVIDIA A100-SXM4-40GB MIG 4g.20gb (0),1,,13,cupy_copy__float16_float16
17727288736,26560,357616,282,1,1,128,1,1,16,0.000,0.000,,,,,NVIDIA A100-SXM4-40GB MIG 4g.20gb (0),1,,13,cupy_copy__complex64_complex64
17727746491,9440,357625,26,1,1,128,1,1,16,0.000,0.000,,,,,NVIDIA A100-SXM4-40GB MIG 4g.20gb (0),1,,13,cupy_copy__float32_float32
17728160247,10432,357634,103,1,1,128,1,1,16,0.000,0.000,,,,,NVIDIA A100-SXM4-40GB MIG 4g.20gb (0),1,,13,cupy_copy__complex64_complex64
17728451251,47424,357644,1434,1,1,128,1,1,16,0.000,0.000,,,,,NVIDIA A100-SXM4-40GB MIG 4g.20gb (0),1,,13,cupy_copy__complex64_complex64
17728910446,292509,357649,1,1,1,32,32,1,30,0.000,0.000,,,,,NVIDIA A100-SXM4-40GB MIG 4g.20gb (0),1,,13,"void convert_kernel<__half2, float2>(tensor_layout_any, T1 *, tensor_layout_any, const T2 *)"
17729232811,5504,357652,,,,,,,,,,0.094,17023.251,Pinned,Device,NVIDIA A100-SXM4-40GB MIG 4g.20gb (0),1,,13,[CUDA memcpy Host-to-Device]
17729619526,631417,357653,,,,,,,,,,456.561,722736.760,Device,,NVIDIA A100-SXM4-40GB MIG 4g.20gb (0),1,,13,[CUDA memset]
17730253983,50624,357658,,,,,,,,,,1.235,24393.849,Pinned,Device,NVIDIA A100-SXM4-40GB MIG 4g.20gb (0),1,,13,[CUDA memcpy Host-to-Device]
17730307071,9695,357659,,,,,,,,,,0.197,20279.132,Pinned,Device,NVIDIA A100-SXM4-40GB MIG 4g.20gb (0),1,,13,[CUDA memcpy Host-to-Device]
17730520540,33888,357660,69,4,1,48,1,1,76,0.002,0.000,,,,,NVIDIA A100-SXM4-40GB MIG 4g.20gb (0),1,,13,"void ch_est::windowedChEstPreNoDftSOfdmKernel<float, __half, float, (unsigned int)2, (unsigned int)1, (unsigned short)4>(ch_est::puschRxChEstStatDescr_t *, ch_est::puschRxChEstDynDescr_t *)"
17730704474,10976,357661,137,2,1,24,2,1,44,0.001,0.001,,,,,NVIDIA A100-SXM4-40GB MIG 4g.20gb (0),1,,13,"void ch_est::chEstFilterNoDftSOfdmDispatchKernel<float, __half, float, (unsigned int)2>(ch_est::puschRxChEstStatDescr_t *, ch_est::puschRxChEstDynDescr_t *)"
17730831481,26559,357662,137,2,1,24,2,1,44,0.001,0.001,,,,,NVIDIA A100-SXM4-40GB MIG 4g.20gb (0),1,,13,"void ch_est::chEstFilterNoDftSOfdmDispatchKernel<float, __half, float, (unsigned int)2>(ch_est::puschRxChEstStatDescr_t *, ch_est::puschRxChEstDynDescr_t *)"
17731006231,9216,357673,103,1,1,128,1,1,16,0.000,0.000,,,,,NVIDIA A100-SXM4-40GB MIG 4g.20gb (0),1,,13,cupy_copy__complex64_complex64
17731138837,40032,357683,1434,1,1,128,1,1,16,0.000,0.000,,,,,NVIDIA A100-SXM4-40GB MIG 4g.20gb (0),1,,13,cupy_copy__complex64_complex64
17731318259,9184,357690,103,1,1,128,1,1,16,0.000,0.000,,,,,NVIDIA A100-SXM4-40GB MIG 4g.20gb (0),1,,13,cupy_copy__complex64_complex64
17731446098,330044,357697,1,1,1,32,32,1,30,0.000,0.000,,,,,NVIDIA A100-SXM4-40GB MIG 4g.20gb (0),1,,13,"void convert_kernel<__half2, float2>(tensor_layout_any, T1 *, tensor_layout_any, const T2 *)"
17731805294,5344,357700,,,,,,,,,,0.094,17532.864,Pinned,Device,NVIDIA A100-SXM4-40GB MIG 4g.20gb (0),1,,13,[CUDA memcpy Host-to-Device]
17731928268,65568,357701,,,,,,,,,,35.810,546137.090,Device,,NVIDIA A100-SXM4-40GB MIG 4g.20gb (0),1,,13,[CUDA memset]
17732047627,2048,357703,,,,,,,,,,0.000,39.062,Pinned,Device,NVIDIA A100-SXM4-40GB MIG 4g.20gb (0),1,,13,[CUDA memcpy Host-to-Device]
17732051787,9216,357704,,,,,,,,,,0.197,21333.148,Pinned,Device,NVIDIA A100-SXM4-40GB MIG 4g.20gb (0),1,,13,[CUDA memcpy Host-to-Device]
17732064043,8832,357705,273,1,1,48,1,1,40,0.000,0.001,,,,,NVIDIA A100-SXM4-40GB MIG 4g.20gb (0),1,,13,"void pusch_noise_intf_est::noiseIntfEstNoDftSOfdmKernel<float, __half, float, float, (unsigned int)2, (unsigned int)1, (unsigned char)4, (unsigned char)4>(pusch_noise_intf_est::puschRxNoiseIntfEstDynDescr)"
17732073963,2784,357716,35,1,1,128,1,1,16,0.000,0.000,,,,,NVIDIA A100-SXM4-40GB MIG 4g.20gb (0),1,,13,cupy_copy__complex64_complex64
17732077707,1856,357725,1,1,1,1,1,1,18,0.000,0.000,,,,,NVIDIA A100-SXM4-40GB MIG 4g.20gb (0),1,,13,cupy_copy__float32_float32
17732083979,1600,357731,,,,,,,,,,0.000,2.500,Device,Pageable,NVIDIA A100-SXM4-40GB MIG 4g.20gb (0),1,,7,[CUDA memcpy Device-to-Host]
17732255689,21439,357742,1434,1,1,128,1,1,16,0.000,0.000,,,,,NVIDIA A100-SXM4-40GB MIG 4g.20gb (0),1,,13,cupy_copy__complex64_complex64
17732279080,4640,357749,103,1,1,128,1,1,16,0.000,0.000,,,,,NVIDIA A100-SXM4-40GB MIG 4g.20gb (0),1,,13,cupy_copy__complex64_complex64
17732285960,2624,357756,35,1,1,128,1,1,16,0.000,0.000,,,,,NVIDIA A100-SXM4-40GB MIG 4g.20gb (0),1,,13,cupy_copy__complex64_complex64
17732290152,2112,357763,1,1,1,1,1,1,18,0.000,0.000,,,,,NVIDIA A100-SXM4-40GB MIG 4g.20gb (0),1,,13,cupy_copy__float32_float32
17732481926,284221,357774,1,1,1,32,32,1,30,0.000,0.000,,,,,NVIDIA A100-SXM4-40GB MIG 4g.20gb (0),1,,13,"void convert_kernel<__half2, float2>(tensor_layout_any, T1 *, tensor_layout_any, const T2 *)"
17732795427,5407,357777,,,,,,,,,,0.094,17328.607,Pinned,Device,NVIDIA A100-SXM4-40GB MIG 4g.20gb (0),1,,13,[CUDA memcpy Host-to-Device]
17732888258,7999,357778,,,,,,,,,,1.547,193351.199,Device,,NVIDIA A100-SXM4-40GB MIG 4g.20gb (0),1,,13,[CUDA memset]
17732901697,3616,357783,,,,,,,,,,0.031,8654.846,Pinned,Device,NVIDIA A100-SXM4-40GB MIG 4g.20gb (0),1,,13,[CUDA memcpy Host-to-Device]
17732907745,9568,357784,,,,,,,,,,0.197,20548.485,Pinned,Device,NVIDIA A100-SXM4-40GB MIG 4g.20gb (0),1,,13,[CUDA memcpy Host-to-Device]
17732921345,8096,357785,273,1,1,8,4,1,39,0.002,0.000,,,,,NVIDIA A100-SXM4-40GB MIG 4g.20gb (0),1,,13,"void channel_eq::eqMmseCoefCompLowMimoKernel<float, float, float, (unsigned int)4, (unsigned int)1, (unsigned int)4>(const channel_eq::_puschRxChEqStatDescr *, channel_eq::_puschRxChEqCoefCompDynDescr)"
17733093919,20832,357786,273,1,1,12,11,1,51,0.002,0.000,,,,,NVIDIA A100-SXM4-40GB MIG 4g.20gb (0),1,,13,"void channel_eq::eqMmseSoftDemapKernel<float, __half, __half, float, (unsigned int)4, (unsigned short)16383>(channel_eq::_puschRxChEqStatDescr *, channel_eq::_puschRxChEqSoftDemapDynDescr)"
17733117823,455195,357787,1,1,1,32,32,1,30,0.000,0.000,,,,,NVIDIA A100-SXM4-40GB MIG 4g.20gb (0),1,,13,"void convert_kernel<float2, __half2>(tensor_layout_any, T1 *, tensor_layout_any, const T2 *)"
17733719288,25664,357799,2253,1,1,128,1,1,16,0.000,0.000,,,,,NVIDIA A100-SXM4-40GB MIG 4g.20gb (0),1,,13,cupy_copy__float16_float16
17733747032,4224,357808,282,1,1,128,1,1,16,0.000,0.000,,,,,NVIDIA A100-SXM4-40GB MIG 4g.20gb (0),1,,13,cupy_copy__complex64_complex64
17733753592,2272,357817,26,1,1,128,1,1,16,0.000,0.000,,,,,NVIDIA A100-SXM4-40GB MIG 4g.20gb (0),1,,13,cupy_copy__float32_float32
17733757688,4480,357826,103,1,1,128,1,1,16,0.000,0.000,,,,,NVIDIA A100-SXM4-40GB MIG 4g.20gb (0),1,,13,cupy_copy__complex64_complex64
17733764280,12160,357836,1434,1,1,128,1,1,16,0.000,0.000,,,,,NVIDIA A100-SXM4-40GB MIG 4g.20gb (0),1,,13,cupy_copy__complex64_complex64
17733777496,79743,357841,1,1,1,32,32,1,30,0.000,0.000,,,,,NVIDIA A100-SXM4-40GB MIG 4g.20gb (0),1,,13,"void convert_kernel<__half2, float2>(tensor_layout_any, T1 *, tensor_layout_any, const T2 *)"
17733885302,5504,357844,,,,,,,,,,0.094,17023.251,Pinned,Device,NVIDIA A100-SXM4-40GB MIG 4g.20gb (0),1,,13,[CUDA memcpy Host-to-Device]
17733895606,596025,357845,,,,,,,,,,456.561,765653.535,Device,,NVIDIA A100-SXM4-40GB MIG 4g.20gb (0),1,,13,[CUDA memset]
17734493903,48384,357850,,,,,,,,,,1.235,25522.588,Pinned,Device,NVIDIA A100-SXM4-40GB MIG 4g.20gb (0),1,,13,[CUDA memcpy Host-to-Device]
17734544655,9216,357851,,,,,,,,,,0.197,21333.148,Pinned,Device,NVIDIA A100-SXM4-40GB MIG 4g.20gb (0),1,,13,[CUDA memcpy Host-to-Device]
17734556911,7264,357852,69,4,1,48,1,1,76,0.002,0.000,,,,,NVIDIA A100-SXM4-40GB MIG 4g.20gb (0),1,,13,"void ch_est::windowedChEstPreNoDftSOfdmKernel<float, __half, float, (unsigned int)2, (unsigned int)1, (unsigned short)4>(ch_est::puschRxChEstStatDescr_t *, ch_est::puschRxChEstDynDescr_t *)"
17734565231,6560,357853,137,2,1,24,2,1,44,0.001,0.001,,,,,NVIDIA A100-SXM4-40GB MIG 4g.20gb (0),1,,13,"void ch_est::chEstFilterNoDftSOfdmDispatchKernel<float, __half, float, (unsigned int)2>(ch_est::puschRxChEstStatDescr_t *, ch_est::puschRxChEstDynDescr_t *)"
17734572879,5088,357854,137,2,1,24,2,1,44,0.001,0.001,,,,,NVIDIA A100-SXM4-40GB MIG 4g.20gb (0),1,,13,"void ch_est::chEstFilterNoDftSOfdmDispatchKernel<float, __half, float, (unsigned int)2>(ch_est::puschRxChEstStatDescr_t *, ch_est::puschRxChEstDynDescr_t *)"
17734578927,2463,357865,103,1,1,128,1,1,16,0.000,0.000,,,,,NVIDIA A100-SXM4-40GB MIG 4g.20gb (0),1,,13,cupy_copy__complex64_complex64
17734582446,12736,357875,1434,1,1,128,1,1,16,0.000,0.000,,,,,NVIDIA A100-SXM4-40GB MIG 4g.20gb (0),1,,13,cupy_copy__complex64_complex64
17734596270,2432,357882,103,1,1,128,1,1,16,0.000,0.000,,,,,NVIDIA A100-SXM4-40GB MIG 4g.20gb (0),1,,13,cupy_copy__complex64_complex64
17734599758,79487,357889,1,1,1,32,32,1,30,0.000,0.000,,,,,NVIDIA A100-SXM4-40GB MIG 4g.20gb (0),1,,13,"void convert_kernel<__half2, float2>(tensor_layout_any, T1 *, tensor_layout_any, const T2 *)"
17734707469,5536,357892,,,,,,,,,,0.094,16924.777,Pinned,Device,NVIDIA A100-SXM4-40GB MIG 4g.20gb (0),1,,13,[CUDA memcpy Host-to-Device]
17734719437,45823,357893,,,,,,,,,,35.810,781479.884,Device,,NVIDIA A100-SXM4-40GB MIG 4g.20gb (0),1,,13,[CUDA memset]
17734773292,1824,357895,,,,,,,,,,0.000,43.860,Pinned,Device,NVIDIA A100-SXM4-40GB MIG 4g.20gb (0),1,,13,[CUDA memcpy Host-to-Device]
17734777196,9248,357896,,,,,,,,,,0.197,21259.420,Pinned,Device,NVIDIA A100-SXM4-40GB MIG 4g.20gb (0),1,,13,[CUDA memcpy Host-to-Device]
17734789612,8512,357897,273,1,1,48,1,1,40,0.000,0.001,,,,,NVIDIA A100-SXM4-40GB MIG 4g.20gb (0),1,,13,"void pusch_noise_intf_est::noiseIntfEstNoDftSOfdmKernel<float, __half, float, float, (unsigned int)2, (unsigned int)1, (unsigned char)4, (unsigned char)4>(pusch_noise_intf_est::puschRxNoiseIntfEstDynDescr)"
17734799244,2880,357908,35,1,1,128,1,1,16,0.000,0.000,,,,,NVIDIA A100-SXM4-40GB MIG 4g.20gb (0),1,,13,cupy_copy__complex64_complex64
17734824876,1888,357917,1,1,1,1,1,1,18,0.000,0.000,,,,,NVIDIA A100-SXM4-40GB MIG 4g.20gb (0),1,,13,cupy_copy__float32_float32
17734859499,1568,357923,,,,,,,,,,0.000,2.551,Device,Pageable,NVIDIA A100-SXM4-40GB MIG 4g.20gb (0),1,,7,[CUDA memcpy Device-to-Host]
17734918571,13216,357934,1434,1,1,128,1,1,16,0.000,0.000,,,,,NVIDIA A100-SXM4-40GB MIG 4g.20gb (0),1,,13,cupy_copy__complex64_complex64
17734944458,2816,357941,103,1,1,128,1,1,16,0.000,0.000,,,,,NVIDIA A100-SXM4-40GB MIG 4g.20gb (0),1,,13,cupy_copy__complex64_complex64
17734964234,2240,357948,35,1,1,128,1,1,16,0.000,0.000,,,,,NVIDIA A100-SXM4-40GB MIG 4g.20gb (0),1,,13,cupy_copy__complex64_complex64
17734982602,1824,357955,1,1,1,1,1,1,18,0.000,0.000,,,,,NVIDIA A100-SXM4-40GB MIG 4g.20gb (0),1,,13,cupy_copy__float32_float32
17735117352,79872,357966,1,1,1,32,32,1,30,0.000,0.000,,,,,NVIDIA A100-SXM4-40GB MIG 4g.20gb (0),1,,13,"void convert_kernel<__half2, float2>(tensor_layout_any, T1 *, tensor_layout_any, const T2 *)"
17735225671,5344,357969,,,,,,,,,,0.094,17532.864,Pinned,Device,NVIDIA A100-SXM4-40GB MIG 4g.20gb (0),1,,13,[CUDA memcpy Host-to-Device]
17735238887,3168,357970,,,,,,,,,,1.547,488201.145,Device,,NVIDIA A100-SXM4-40GB MIG 4g.20gb (0),1,,13,[CUDA memset]
17735245511,3008,357975,,,,,,,,,,0.031,10404.230,Pinned,Device,NVIDIA A100-SXM4-40GB MIG 4g.20gb (0),1,,13,[CUDA memcpy Host-to-Device]
17735250599,9216,357976,,,,,,,,,,0.197,21333.148,Pinned,Device,NVIDIA A100-SXM4-40GB MIG 4g.20gb (0),1,,13,[CUDA memcpy Host-to-Device]
17735263015,5952,357977,273,1,1,8,4,1,39,0.002,0.000,,,,,NVIDIA A100-SXM4-40GB MIG 4g.20gb (0),1,,13,"void channel_eq::eqMmseCoefCompLowMimoKernel<float, float, float, (unsigned int)4, (unsigned int)1, (unsigned int)4>(const channel_eq::_puschRxChEqStatDescr *, channel_eq::_puschRxChEqCoefCompDynDescr)"
17735270055,6144,357978,273,1,1,12,11,1,51,0.002,0.000,,,,,NVIDIA A100-SXM4-40GB MIG 4g.20gb (0),1,,13,"void channel_eq::eqMmseSoftDemapKernel<float, __half, __half, float, (unsigned int)4, (unsigned short)16383>(channel_eq::_puschRxChEqStatDescr *, channel_eq::_puschRxChEqSoftDemapDynDescr)"
17735277319,281597,357979,1,1,1,32,32,1,30,0.000,0.000,,,,,NVIDIA A100-SXM4-40GB MIG 4g.20gb (0),1,,13,"void convert_kernel<float2, __half2>(tensor_layout_any, T1 *, tensor_layout_any, const T2 *)"
17735559875,10528,357991,2253,1,1,128,1,1,16,0.000,0.000,,,,,NVIDIA A100-SXM4-40GB MIG 4g.20gb (0),1,,13,cupy_copy__float16_float16
17735571523,2784,358000,282,1,1,128,1,1,16,0.000,0.000,,,,,NVIDIA A100-SXM4-40GB MIG 4g.20gb (0),1,,13,cupy_copy__complex64_complex64
17735575267,2016,358009,26,1,1,128,1,1,16,0.000,0.000,,,,,NVIDIA A100-SXM4-40GB MIG 4g.20gb (0),1,,13,cupy_copy__float32_float32
17735578307,2848,358018,103,1,1,128,1,1,16,0.000,0.000,,,,,NVIDIA A100-SXM4-40GB MIG 4g.20gb (0),1,,13,cupy_copy__complex64_complex64
17735582275,11360,358028,1434,1,1,128,1,1,16,0.000,0.000,,,,,NVIDIA A100-SXM4-40GB MIG 4g.20gb (0),1,,13,cupy_copy__complex64_complex64
17735623395,79967,358033,1,1,1,32,32,1,30,0.000,0.000,,,,,NVIDIA A100-SXM4-40GB MIG 4g.20gb (0),1,,13,"void convert_kernel<__half2, float2>(tensor_layout_any, T1 *, tensor_layout_any, const T2 *)"
17735731010,5376,358036,,,,,,,,,,0.094,17428.487,Pinned,Device,NVIDIA A100-SXM4-40GB MIG 4g.20gb (0),1,,13,[CUDA memcpy Host-to-Device]
17735740385,591898,358037,,,,,,,,,,456.561,771132.272,Device,,NVIDIA A100-SXM4-40GB MIG 4g.20gb (0),1,,13,[CUDA memset]
17736336155,48063,358042,,,,,,,,,,1.235,25694.245,Pinned,Device,NVIDIA A100-SXM4-40GB MIG 4g.20gb (0),1,,13,[CUDA memcpy Host-to-Device]
17736386330,9248,358043,,,,,,,,,,0.197,21259.420,Pinned,Device,NVIDIA A100-SXM4-40GB MIG 4g.20gb (0),1,,13,[CUDA memcpy Host-to-Device]
17736399002,7200,358044,69,4,1,48,1,1,76,0.002,0.000,,,,,NVIDIA A100-SXM4-40GB MIG 4g.20gb (0),1,,13,"void ch_est::windowedChEstPreNoDftSOfdmKernel<float, __half, float, (unsigned int)2, (unsigned int)1, (unsigned short)4>(ch_est::puschRxChEstStatDescr_t *, ch_est::puschRxChEstDynDescr_t *)"
17736407322,6528,358045,137,2,1,24,2,1,44,0.001,0.001,,,,,NVIDIA A100-SXM4-40GB MIG 4g.20gb (0),1,,13,"void ch_est::chEstFilterNoDftSOfdmDispatchKernel<float, __half, float, (unsigned int)2>(ch_est::puschRxChEstStatDescr_t *, ch_est::puschRxChEstDynDescr_t *)"
17736414906,4768,358046,137,2,1,24,2,1,44,0.001,0.001,,,,,NVIDIA A100-SXM4-40GB MIG 4g.20gb (0),1,,13,"void ch_est::chEstFilterNoDftSOfdmDispatchKernel<float, __half, float, (unsigned int)2>(ch_est::puschRxChEstStatDescr_t *, ch_est::puschRxChEstDynDescr_t *)"
17736420698,2464,358057,103,1,1,128,1,1,16,0.000,0.000,,,,,NVIDIA A100-SXM4-40GB MIG 4g.20gb (0),1,,13,cupy_copy__complex64_complex64
17736424186,12736,358067,1434,1,1,128,1,1,16,0.000,0.000,,,,,NVIDIA A100-SXM4-40GB MIG 4g.20gb (0),1,,13,cupy_copy__complex64_complex64
17736437978,2432,358074,103,1,1,128,1,1,16,0.000,0.000,,,,,NVIDIA A100-SXM4-40GB MIG 4g.20gb (0),1,,13,cupy_copy__complex64_complex64
17736441434,79199,358081,1,1,1,32,32,1,30,0.000,0.000,,,,,NVIDIA A100-SXM4-40GB MIG 4g.20gb (0),1,,13,"void convert_kernel<__half2, float2>(tensor_layout_any, T1 *, tensor_layout_any, const T2 *)"
17736548344,5344,358084,,,,,,,,,,0.094,17532.864,Pinned,Device,NVIDIA A100-SXM4-40GB MIG 4g.20gb (0),1,,13,[CUDA memcpy Host-to-Device]
17736560280,47040,358085,,,,,,,,,,35.810,761247.279,Device,,NVIDIA A100-SXM4-40GB MIG 4g.20gb (0),1,,13,[CUDA memset]
17736630903,1824,358087,,,,,,,,,,0.000,43.860,Pinned,Device,NVIDIA A100-SXM4-40GB MIG 4g.20gb (0),1,,13,[CUDA memcpy Host-to-Device]
17736634807,9216,358088,,,,,,,,,,0.197,21333.148,Pinned,Device,NVIDIA A100-SXM4-40GB MIG 4g.20gb (0),1,,13,[CUDA memcpy Host-to-Device]
17736647063,8960,358089,273,1,1,48,1,1,40,0.000,0.001,,,,,NVIDIA A100-SXM4-40GB MIG 4g.20gb (0),1,,13,"void pusch_noise_intf_est::noiseIntfEstNoDftSOfdmKernel<float, __half, float, float, (unsigned int)2, (unsigned int)1, (unsigned char)4, (unsigned char)4>(pusch_noise_intf_est::puschRxNoiseIntfEstDynDescr)"
17736657143,2944,358100,35,1,1,128,1,1,16,0.000,0.000,,,,,NVIDIA A100-SXM4-40GB MIG 4g.20gb (0),1,,13,cupy_copy__complex64_complex64
17736664535,1888,358109,1,1,1,1,1,1,18,0.000,0.000,,,,,NVIDIA A100-SXM4-40GB MIG 4g.20gb (0),1,,13,cupy_copy__float32_float32
17736698231,1632,358115,,,,,,,,,,0.000,2.451,Device,Pageable,NVIDIA A100-SXM4-40GB MIG 4g.20gb (0),1,,7,[CUDA memcpy Device-to-Host]
17736757686,13088,358126,1434,1,1,128,1,1,16,0.000,0.000,,,,,NVIDIA A100-SXM4-40GB MIG 4g.20gb (0),1,,13,cupy_copy__complex64_complex64
17736782902,2720,358133,103,1,1,128,1,1,16,0.000,0.000,,,,,NVIDIA A100-SXM4-40GB MIG 4g.20gb (0),1,,13,cupy_copy__complex64_complex64
17736803478,2176,358140,35,1,1,128,1,1,16,0.000,0.000,,,,,NVIDIA A100-SXM4-40GB MIG 4g.20gb (0),1,,13,cupy_copy__complex64_complex64
17736820885,1824,358147,1,1,1,1,1,1,18,0.000,0.000,,,,,NVIDIA A100-SXM4-40GB MIG 4g.20gb (0),1,,13,cupy_copy__float32_float32
17736971540,299836,358158,1,1,1,32,32,1,30,0.000,0.000,,,,,NVIDIA A100-SXM4-40GB MIG 4g.20gb (0),1,,13,"void convert_kernel<__half2, float2>(tensor_layout_any, T1 *, tensor_layout_any, const T2 *)"
17737301232,5504,358161,,,,,,,,,,0.094,17023.251,Pinned,Device,NVIDIA A100-SXM4-40GB MIG 4g.20gb (0),1,,13,[CUDA memcpy Host-to-Device]
17737389199,5984,358162,,,,,,,,,,1.547,258459.430,Device,,NVIDIA A100-SXM4-40GB MIG 4g.20gb (0),1,,13,[CUDA memset]
17737403567,3104,358167,,,,,,,,,,0.031,10082.445,Pinned,Device,NVIDIA A100-SXM4-40GB MIG 4g.20gb (0),1,,13,[CUDA memcpy Host-to-Device]
17737409103,9440,358168,,,,,,,,,,0.197,20827.079,Pinned,Device,NVIDIA A100-SXM4-40GB MIG 4g.20gb (0),1,,13,[CUDA memcpy Host-to-Device]
17737424335,7551,358169,273,1,1,8,4,1,39,0.002,0.000,,,,,NVIDIA A100-SXM4-40GB MIG 4g.20gb (0),1,,13,"void channel_eq::eqMmseCoefCompLowMimoKernel<float, float, float, (unsigned int)4, (unsigned int)1, (unsigned int)4>(const channel_eq::_puschRxChEqStatDescr *, channel_eq::_puschRxChEqCoefCompDynDescr)"
17737432846,7040,358170,273,1,1,12,11,1,51,0.002,0.000,,,,,NVIDIA A100-SXM4-40GB MIG 4g.20gb (0),1,,13,"void channel_eq::eqMmseSoftDemapKernel<float, __half, __half, float, (unsigned int)4, (unsigned short)16383>(channel_eq::_puschRxChEqStatDescr *, channel_eq::_puschRxChEqSoftDemapDynDescr)"
17737440942,396540,358171,1,1,1,32,32,1,30,0.000,0.000,,,,,NVIDIA A100-SXM4-40GB MIG 4g.20gb (0),1,,13,"void convert_kernel<float2, __half2>(tensor_layout_any, T1 *, tensor_layout_any, const T2 *)"
17737895241,21760,358183,2253,1,1,128,1,1,16,0.000,0.000,,,,,NVIDIA A100-SXM4-40GB MIG 4g.20gb (0),1,,13,cupy_copy__float16_float16
17737918857,4704,358192,282,1,1,128,1,1,16,0.000,0.000,,,,,NVIDIA A100-SXM4-40GB MIG 4g.20gb (0),1,,13,cupy_copy__complex64_complex64
17737926057,2816,358201,26,1,1,128,1,1,16,0.000,0.000,,,,,NVIDIA A100-SXM4-40GB MIG 4g.20gb (0),1,,13,cupy_copy__float32_float32
17737931017,3232,358210,103,1,1,128,1,1,16,0.000,0.000,,,,,NVIDIA A100-SXM4-40GB MIG 4g.20gb (0),1,,13,cupy_copy__complex64_complex64
17738104679,16160,358220,1434,1,1,128,1,1,16,0.000,0.000,,,,,NVIDIA A100-SXM4-40GB MIG 4g.20gb (0),1,,13,cupy_copy__complex64_complex64
17738122407,108638,358225,1,1,1,32,32,1,30,0.000,0.000,,,,,NVIDIA A100-SXM4-40GB MIG 4g.20gb (0),1,,13,"void convert_kernel<__half2, float2>(tensor_layout_any, T1 *, tensor_layout_any, const T2 *)"
17738259749,5344,358228,,,,,,,,,,0.094,17532.864,Pinned,Device,NVIDIA A100-SXM4-40GB MIG 4g.20gb (0),1,,13,[CUDA memcpy Host-to-Device]
17738313605,608441,358229,,,,,,,,,,456.561,750130.446,Device,,NVIDIA A100-SXM4-40GB MIG 4g.20gb (0),1,,13,[CUDA memset]
17738929214,51327,358234,,,,,,,,,,1.235,24059.179,Pinned,Device,NVIDIA A100-SXM4-40GB MIG 4g.20gb (0),1,,13,[CUDA memcpy Host-to-Device]
17738983005,9696,358235,,,,,,,,,,0.197,20277.166,Pinned,Device,NVIDIA A100-SXM4-40GB MIG 4g.20gb (0),1,,13,[CUDA memcpy Host-to-Device]
17739094588,19200,358236,69,4,1,48,1,1,76,0.002,0.000,,,,,NVIDIA A100-SXM4-40GB MIG 4g.20gb (0),1,,13,"void ch_est::windowedChEstPreNoDftSOfdmKernel<float, __half, float, (unsigned int)2, (unsigned int)1, (unsigned short)4>(ch_est::puschRxChEstStatDescr_t *, ch_est::puschRxChEstDynDescr_t *)"
17739117436,9855,358237,137,2,1,24,2,1,44,0.001,0.001,,,,,NVIDIA A100-SXM4-40GB MIG 4g.20gb (0),1,,13,"void ch_est::chEstFilterNoDftSOfdmDispatchKernel<float, __half, float, (unsigned int)2>(ch_est::puschRxChEstStatDescr_t *, ch_est::puschRxChEstDynDescr_t *)"
17739239034,26016,358238,137,2,1,24,2,1,44,0.001,0.001,,,,,NVIDIA A100-SXM4-40GB MIG 4g.20gb (0),1,,13,"void ch_est::chEstFilterNoDftSOfdmDispatchKernel<float, __half, float, (unsigned int)2>(ch_est::puschRxChEstStatDescr_t *, ch_est::puschRxChEstDynDescr_t *)"
17739436952,6304,358249,103,1,1,128,1,1,16,0.000,0.000,,,,,NVIDIA A100-SXM4-40GB MIG 4g.20gb (0),1,,13,cupy_copy__complex64_complex64
17739649462,15583,358259,1434,1,1,128,1,1,16,0.000,0.000,,,,,NVIDIA A100-SXM4-40GB MIG 4g.20gb (0),1,,13,cupy_copy__complex64_complex64
17739891603,7040,358266,103,1,1,128,1,1,16,0.000,0.000,,,,,NVIDIA A100-SXM4-40GB MIG 4g.20gb (0),1,,13,cupy_copy__complex64_complex64
17740210991,272893,358273,1,1,1,32,32,1,30,0.000,0.000,,,,,NVIDIA A100-SXM4-40GB MIG 4g.20gb (0),1,,13,"void convert_kernel<__half2, float2>(tensor_layout_any, T1 *, tensor_layout_any, const T2 *)"
17740513036,5888,358276,,,,,,,,,,0.094,15912.954,Pinned,Device,NVIDIA A100-SXM4-40GB MIG 4g.20gb (0),1,,13,[CUDA memcpy Host-to-Device]
17740526028,61919,358277,,,,,,,,,,35.810,578330.208,Device,,NVIDIA A100-SXM4-40GB MIG 4g.20gb (0),1,,13,[CUDA memset]
17740591915,2080,358279,,,,,,,,,,0.000,38.462,Pinned,Device,NVIDIA A100-SXM4-40GB MIG 4g.20gb (0),1,,13,[CUDA memcpy Host-to-Device]
17740598315,11456,358280,,,,,,,,,,0.197,17161.912,Pinned,Device,NVIDIA A100-SXM4-40GB MIG 4g.20gb (0),1,,13,[CUDA memcpy Host-to-Device]
17740715210,24383,358281,273,1,1,48,1,1,40,0.000,0.001,,,,,NVIDIA A100-SXM4-40GB MIG 4g.20gb (0),1,,13,"void pusch_noise_intf_est::noiseIntfEstNoDftSOfdmKernel<float, __half, float, float, (unsigned int)2, (unsigned int)1, (unsigned char)4, (unsigned char)4>(pusch_noise_intf_est::puschRxNoiseIntfEstDynDescr)"
17740743913,3552,358292,35,1,1,128,1,1,16,0.000,0.000,,,,,NVIDIA A100-SXM4-40GB MIG 4g.20gb (0),1,,13,cupy_copy__complex64_complex64
17740749481,1952,358301,1,1,1,1,1,1,18,0.000,0.000,,,,,NVIDIA A100-SXM4-40GB MIG 4g.20gb (0),1,,13,cupy_copy__float32_float32
17740753641,1600,358307,,,,,,,,,,0.000,2.500,Device,Pageable,NVIDIA A100-SXM4-40GB MIG 4g.20gb (0),1,,7,[CUDA memcpy Device-to-Host]
17740884264,45631,358318,1434,1,1,128,1,1,16,0.000,0.000,,,,,NVIDIA A100-SXM4-40GB MIG 4g.20gb (0),1,,13,cupy_copy__complex64_complex64
17740931943,3904,358325,103,1,1,128,1,1,16,0.000,0.000,,,,,NVIDIA A100-SXM4-40GB MIG 4g.20gb (0),1,,13,cupy_copy__complex64_complex64
17741055270,14240,358332,35,1,1,128,1,1,16,0.000,0.000,,,,,NVIDIA A100-SXM4-40GB MIG 4g.20gb (0),1,,13,cupy_copy__complex64_complex64
17741071654,3456,358339,1,1,1,1,1,1,18,0.000,0.000,,,,,NVIDIA A100-SXM4-40GB MIG 4g.20gb (0),1,,13,cupy_copy__float32_float32
17741078630,228989,358350,1,1,1,32,32,1,30,0.000,0.000,,,,,NVIDIA A100-SXM4-40GB MIG 4g.20gb (0),1,,13,"void convert_kernel<__half2, float2>(tensor_layout_any, T1 *, tensor_layout_any, const T2 *)"
17741335267,5408,358353,,,,,,,,,,0.094,17325.421,Pinned,Device,NVIDIA A100-SXM4-40GB MIG 4g.20gb (0),1,,13,[CUDA memcpy Host-to-Device]
17741394210,15424,358354,,,,,,,,,,1.547,100273.820,Device,,NVIDIA A100-SXM4-40GB MIG 4g.20gb (0),1,,13,[CUDA memset]
17741410434,3008,358359,,,,,,,,,,0.031,10404.230,Pinned,Device,NVIDIA A100-SXM4-40GB MIG 4g.20gb (0),1,,13,[CUDA memcpy Host-to-Device]
17741416162,9440,358360,,,,,,,,,,0.197,20827.079,Pinned,Device,NVIDIA A100-SXM4-40GB MIG 4g.20gb (0),1,,13,[CUDA memcpy Host-to-Device]
17741429634,12511,358361,273,1,1,8,4,1,39,0.002,0.000,,,,,NVIDIA A100-SXM4-40GB MIG 4g.20gb (0),1,,13,"void channel_eq::eqMmseCoefCompLowMimoKernel<float, float, float, (unsigned int)4, (unsigned int)1, (unsigned int)4>(const channel_eq::_puschRxChEqStatDescr *, channel_eq::_puschRxChEqCoefCompDynDescr)"
17741444385,6720,358362,273,1,1,12,11,1,51,0.002,0.000,,,,,NVIDIA A100-SXM4-40GB MIG 4g.20gb (0),1,,13,"void channel_eq::eqMmseSoftDemapKernel<float, __half, __half, float, (unsigned int)4, (unsigned short)16383>(channel_eq::_puschRxChEqStatDescr *, channel_eq::_puschRxChEqSoftDemapDynDescr)"
17741452193,281629,358363,1,1,1,32,32,1,30,0.000,0.000,,,,,NVIDIA A100-SXM4-40GB MIG 4g.20gb (0),1,,13,"void convert_kernel<float2, __half2>(tensor_layout_any, T1 *, tensor_layout_any, const T2 *)"
17741734782,10560,358375,2253,1,1,128,1,1,16,0.000,0.000,,,,,NVIDIA A100-SXM4-40GB MIG 4g.20gb (0),1,,13,cupy_copy__float16_float16
17741746398,2816,358384,282,1,1,128,1,1,16,0.000,0.000,,,,,NVIDIA A100-SXM4-40GB MIG 4g.20gb (0),1,,13,cupy_copy__complex64_complex64
17741750270,2048,358393,26,1,1,128,1,1,16,0.000,0.000,,,,,NVIDIA A100-SXM4-40GB MIG 4g.20gb (0),1,,13,cupy_copy__float32_float32
17741753502,2880,358402,103,1,1,128,1,1,16,0.000,0.000,,,,,NVIDIA A100-SXM4-40GB MIG 4g.20gb (0),1,,13,cupy_copy__complex64_complex64
17741757470,12096,358412,1434,1,1,128,1,1,16,0.000,0.000,,,,,NVIDIA A100-SXM4-40GB MIG 4g.20gb (0),1,,13,cupy_copy__complex64_complex64
17741770590,79903,358417,1,1,1,32,32,1,30,0.000,0.000,,,,,NVIDIA A100-SXM4-40GB MIG 4g.20gb (0),1,,13,"void convert_kernel<__half2, float2>(tensor_layout_any, T1 *, tensor_layout_any, const T2 *)"
17741879005,5311,358420,,,,,,,,,,0.094,17641.832,Pinned,Device,NVIDIA A100-SXM4-40GB MIG 4g.20gb (0),1,,13,[CUDA memcpy Host-to-Device]
17741889340,593946,358421,,,,,,,,,,456.561,768392.904,Device,,NVIDIA A100-SXM4-40GB MIG 4g.20gb (0),1,,13,[CUDA memset]
17742492374,50495,358426,,,,,,,,,,1.235,24455.596,Pinned,Device,NVIDIA A100-SXM4-40GB MIG 4g.20gb (0),1,,13,[CUDA memcpy Host-to-Device]
17742545301,9472,358427,,,,,,,,,,0.197,20756.693,Pinned,Device,NVIDIA A100-SXM4-40GB MIG 4g.20gb (0),1,,13,[CUDA memcpy Host-to-Device]
17742706227,30752,358428,69,4,1,48,1,1,76,0.002,0.000,,,,,NVIDIA A100-SXM4-40GB MIG 4g.20gb (0),1,,13,"void ch_est::windowedChEstPreNoDftSOfdmKernel<float, __half, float, (unsigned int)2, (unsigned int)1, (unsigned short)4>(ch_est::puschRxChEstStatDescr_t *, ch_est::puschRxChEstDynDescr_t *)"
17742739379,6496,358429,137,2,1,24,2,1,44,0.001,0.001,,,,,NVIDIA A100-SXM4-40GB MIG 4g.20gb (0),1,,13,"void ch_est::chEstFilterNoDftSOfdmDispatchKernel<float, __half, float, (unsigned int)2>(ch_est::puschRxChEstStatDescr_t *, ch_est::puschRxChEstDynDescr_t *)"
17742907537,28960,358430,137,2,1,24,2,1,44,0.001,0.001,,,,,NVIDIA A100-SXM4-40GB MIG 4g.20gb (0),1,,13,"void ch_est::chEstFilterNoDftSOfdmDispatchKernel<float, __half, float, (unsigned int)2>(ch_est::puschRxChEstStatDescr_t *, ch_est::puschRxChEstDynDescr_t *)"
17742939057,5312,358441,103,1,1,128,1,1,16,0.000,0.000,,,,,NVIDIA A100-SXM4-40GB MIG 4g.20gb (0),1,,13,cupy_copy__complex64_complex64
17742945105,12607,358451,1434,1,1,128,1,1,16,0.000,0.000,,,,,NVIDIA A100-SXM4-40GB MIG 4g.20gb (0),1,,13,cupy_copy__complex64_complex64
17742958672,2464,358458,103,1,1,128,1,1,16,0.000,0.000,,,,,NVIDIA A100-SXM4-40GB MIG 4g.20gb (0),1,,13,cupy_copy__complex64_complex64
17742962224,79327,358465,1,1,1,32,32,1,30,0.000,0.000,,,,,NVIDIA A100-SXM4-40GB MIG 4g.20gb (0),1,,13,"void convert_kernel<__half2, float2>(tensor_layout_any, T1 *, tensor_layout_any, const T2 *)"
17743069487,5440,358468,,,,,,,,,,0.094,17223.480,Pinned,Device,NVIDIA A100-SXM4-40GB MIG 4g.20gb (0),1,,13,[CUDA memcpy Host-to-Device]
17743192622,57791,358469,,,,,,,,,,35.810,619619.046,Device,,NVIDIA A100-SXM4-40GB MIG 4g.20gb (0),1,,13,[CUDA memset]
17743251181,1952,358471,,,,,,,,,,0.000,40.984,Pinned,Device,NVIDIA A100-SXM4-40GB MIG 4g.20gb (0),1,,13,[CUDA memcpy Host-to-Device]
17743255565,9952,358472,,,,,,,,,,0.197,19755.565,Pinned,Device,NVIDIA A100-SXM4-40GB MIG 4g.20gb (0),1,,13,[CUDA memcpy Host-to-Device]
17743414443,32704,358473,273,1,1,48,1,1,40,0.000,0.001,,,,,NVIDIA A100-SXM4-40GB MIG 4g.20gb (0),1,,13,"void pusch_noise_intf_est::noiseIntfEstNoDftSOfdmKernel<float, __half, float, float, (unsigned int)2, (unsigned int)1, (unsigned char)4, (unsigned char)4>(pusch_noise_intf_est::puschRxNoiseIntfEstDynDescr)"
17743613865,5856,358484,35,1,1,128,1,1,16,0.000,0.000,,,,,NVIDIA A100-SXM4-40GB MIG 4g.20gb (0),1,,13,cupy_copy__complex64_complex64
17743621865,3136,358493,1,1,1,1,1,1,18,0.000,0.000,,,,,NVIDIA A100-SXM4-40GB MIG 4g.20gb (0),1,,13,cupy_copy__float32_float32
17743632073,1600,358499,,,,,,,,,,0.000,2.500,Device,Pageable,NVIDIA A100-SXM4-40GB MIG 4g.20gb (0),1,,7,[CUDA memcpy Device-to-Host]
17743812967,18912,358510,1434,1,1,128,1,1,16,0.000,0.000,,,,,NVIDIA A100-SXM4-40GB MIG 4g.20gb (0),1,,13,cupy_copy__complex64_complex64
17743833671,4096,358517,103,1,1,128,1,1,16,0.000,0.000,,,,,NVIDIA A100-SXM4-40GB MIG 4g.20gb (0),1,,13,cupy_copy__complex64_complex64
17743839878,3136,358524,35,1,1,128,1,1,16,0.000,0.000,,,,,NVIDIA A100-SXM4-40GB MIG 4g.20gb (0),1,,13,cupy_copy__complex64_complex64
17743845574,2048,358531,1,1,1,1,1,1,18,0.000,0.000,,,,,NVIDIA A100-SXM4-40GB MIG 4g.20gb (0),1,,13,cupy_copy__float32_float32
17744013029,258621,358542,1,1,1,32,32,1,30,0.000,0.000,,,,,NVIDIA A100-SXM4-40GB MIG 4g.20gb (0),1,,13,"void convert_kernel<__half2, float2>(tensor_layout_any, T1 *, tensor_layout_any, const T2 *)"
17744308545,5344,358545,,,,,,,,,,0.094,17532.864,Pinned,Device,NVIDIA A100-SXM4-40GB MIG 4g.20gb (0),1,,13,[CUDA memcpy Host-to-Device]
17744410464,6368,358546,,,,,,,,,,1.547,242874.100,Device,,NVIDIA A100-SXM4-40GB MIG 4g.20gb (0),1,,13,[CUDA memset]
17744423008,3328,358551,,,,,,,,,,0.031,9403.822,Pinned,Device,NVIDIA A100-SXM4-40GB MIG 4g.20gb (0),1,,13,[CUDA memcpy Host-to-Device]
17744428768,9632,358552,,,,,,,,,,0.197,20411.843,Pinned,Device,NVIDIA A100-SXM4-40GB MIG 4g.20gb (0),1,,13,[CUDA memcpy Host-to-Device]
17744443328,15552,358553,273,1,1,8,4,1,39,0.002,0.000,,,,,NVIDIA A100-SXM4-40GB MIG 4g.20gb (0),1,,13,"void channel_eq::eqMmseCoefCompLowMimoKernel<float, float, float, (unsigned int)4, (unsigned int)1, (unsigned int)4>(const channel_eq::_puschRxChEqStatDescr *, channel_eq::_puschRxChEqCoefCompDynDescr)"
17744610974,12672,358554,273,1,1,12,11,1,51,0.002,0.000,,,,,NVIDIA A100-SXM4-40GB MIG 4g.20gb (0),1,,13,"void channel_eq::eqMmseSoftDemapKernel<float, __half, __half, float, (unsigned int)4, (unsigned short)16383>(channel_eq::_puschRxChEqStatDescr *, channel_eq::_puschRxChEqSoftDemapDynDescr)"
17744624894,283228,358555,1,1,1,32,32,1,30,0.000,0.000,,,,,NVIDIA A100-SXM4-40GB MIG 4g.20gb (0),1,,13,"void convert_kernel<float2, __half2>(tensor_layout_any, T1 *, tensor_layout_any, const T2 *)"
17744909146,10496,358567,2253,1,1,128,1,1,16,0.000,0.000,,,,,NVIDIA A100-SXM4-40GB MIG 4g.20gb (0),1,,13,cupy_copy__float16_float16
17744920698,2784,358576,282,1,1,128,1,1,16,0.000,0.000,,,,,NVIDIA A100-SXM4-40GB MIG 4g.20gb (0),1,,13,cupy_copy__complex64_complex64
17744924602,2048,358585,26,1,1,128,1,1,16,0.000,0.000,,,,,NVIDIA A100-SXM4-40GB MIG 4g.20gb (0),1,,13,cupy_copy__float32_float32
17744927642,2880,358594,103,1,1,128,1,1,16,0.000,0.000,,,,,NVIDIA A100-SXM4-40GB MIG 4g.20gb (0),1,,13,cupy_copy__complex64_complex64
17744931578,12192,358604,1434,1,1,128,1,1,16,0.000,0.000,,,,,NVIDIA A100-SXM4-40GB MIG 4g.20gb (0),1,,13,cupy_copy__complex64_complex64
17744944922,79103,358609,1,1,1,32,32,1,30,0.000,0.000,,,,,NVIDIA A100-SXM4-40GB MIG 4g.20gb (0),1,,13,"void convert_kernel<__half2, float2>(tensor_layout_any, T1 *, tensor_layout_any, const T2 *)"
17745052025,5312,358612,,,,,,,,,,0.094,17638.553,Pinned,Device,NVIDIA A100-SXM4-40GB MIG 4g.20gb (0),1,,13,[CUDA memcpy Host-to-Device]
17745062329,590713,358613,,,,,,,,,,456.561,772501.956,Device,,NVIDIA A100-SXM4-40GB MIG 4g.20gb (0),1,,13,[CUDA memset]
17745661042,48351,358618,,,,,,,,,,1.235,25541.112,Pinned,Device,NVIDIA A100-SXM4-40GB MIG 4g.20gb (0),1,,13,[CUDA memcpy Host-to-Device]
17745711473,9216,358619,,,,,,,,,,0.197,21333.148,Pinned,Device,NVIDIA A100-SXM4-40GB MIG 4g.20gb (0),1,,13,[CUDA memcpy Host-to-Device]
17745723665,7328,358620,69,4,1,48,1,1,76,0.002,0.000,,,,,NVIDIA A100-SXM4-40GB MIG 4g.20gb (0),1,,13,"void ch_est::windowedChEstPreNoDftSOfdmKernel<float, __half, float, (unsigned int)2, (unsigned int)1, (unsigned short)4>(ch_est::puschRxChEstStatDescr_t *, ch_est::puschRxChEstDynDescr_t *)"
17745731953,6560,358621,137,2,1,24,2,1,44,0.001,0.001,,,,,NVIDIA A100-SXM4-40GB MIG 4g.20gb (0),1,,13,"void ch_est::chEstFilterNoDftSOfdmDispatchKernel<float, __half, float, (unsigned int)2>(ch_est::puschRxChEstStatDescr_t *, ch_est::puschRxChEstDynDescr_t *)"
17745739601,5024,358622,137,2,1,24,2,1,44,0.001,0.001,,,,,NVIDIA A100-SXM4-40GB MIG 4g.20gb (0),1,,13,"void ch_est::chEstFilterNoDftSOfdmDispatchKernel<float, __half, float, (unsigned int)2>(ch_est::puschRxChEstStatDescr_t *, ch_est::puschRxChEstDynDescr_t *)"
17745745649,2464,358633,103,1,1,128,1,1,16,0.000,0.000,,,,,NVIDIA A100-SXM4-40GB MIG 4g.20gb (0),1,,13,cupy_copy__complex64_complex64
17745749137,12928,358643,1434,1,1,128,1,1,16,0.000,0.000,,,,,NVIDIA A100-SXM4-40GB MIG 4g.20gb (0),1,,13,cupy_copy__complex64_complex64
17745763121,2464,358650,103,1,1,128,1,1,16,0.000,0.000,,,,,NVIDIA A100-SXM4-40GB MIG 4g.20gb (0),1,,13,cupy_copy__complex64_complex64
17745766641,79519,358657,1,1,1,32,32,1,30,0.000,0.000,,,,,NVIDIA A100-SXM4-40GB MIG 4g.20gb (0),1,,13,"void convert_kernel<__half2, float2>(tensor_layout_any, T1 *, tensor_layout_any, const T2 *)"
17745874032,5312,358660,,,,,,,,,,0.094,17638.553,Pinned,Device,NVIDIA A100-SXM4-40GB MIG 4g.20gb (0),1,,13,[CUDA memcpy Host-to-Device]
17745887311,46560,358661,,,,,,,,,,35.810,769089.652,Device,,NVIDIA A100-SXM4-40GB MIG 4g.20gb (0),1,,13,[CUDA memset]
17745940559,1824,358663,,,,,,,,,,0.000,43.860,Pinned,Device,NVIDIA A100-SXM4-40GB MIG 4g.20gb (0),1,,13,[CUDA memcpy Host-to-Device]
17745944463,9280,358664,,,,,,,,,,0.197,21186.085,Pinned,Device,NVIDIA A100-SXM4-40GB MIG 4g.20gb (0),1,,13,[CUDA memcpy Host-to-Device]
17745956879,8672,358665,273,1,1,48,1,1,40,0.000,0.001,,,,,NVIDIA A100-SXM4-40GB MIG 4g.20gb (0),1,,13,"void pusch_noise_intf_est::noiseIntfEstNoDftSOfdmKernel<float, __half, float, float, (unsigned int)2, (unsigned int)1, (unsigned char)4, (unsigned char)4>(pusch_noise_intf_est::puschRxNoiseIntfEstDynDescr)"
17745966735,2784,358676,35,1,1,128,1,1,16,0.000,0.000,,,,,NVIDIA A100-SXM4-40GB MIG 4g.20gb (0),1,,13,cupy_copy__complex64_complex64
17745991662,1888,358685,1,1,1,1,1,1,18,0.000,0.000,,,,,NVIDIA A100-SXM4-40GB MIG 4g.20gb (0),1,,13,cupy_copy__float32_float32
17746025326,1632,358691,,,,,,,,,,0.000,2.451,Device,Pageable,NVIDIA A100-SXM4-40GB MIG 4g.20gb (0),1,,7,[CUDA memcpy Device-to-Host]
17746084333,13312,358702,1434,1,1,128,1,1,16,0.000,0.000,,,,,NVIDIA A100-SXM4-40GB MIG 4g.20gb (0),1,,13,cupy_copy__complex64_complex64
17746109645,2656,358709,103,1,1,128,1,1,16,0.000,0.000,,,,,NVIDIA A100-SXM4-40GB MIG 4g.20gb (0),1,,13,cupy_copy__complex64_complex64
17746129805,2176,358716,35,1,1,128,1,1,16,0.000,0.000,,,,,NVIDIA A100-SXM4-40GB MIG 4g.20gb (0),1,,13,cupy_copy__complex64_complex64
17746147949,1824,358723,1,1,1,1,1,1,18,0.000,0.000,,,,,NVIDIA A100-SXM4-40GB MIG 4g.20gb (0),1,,13,cupy_copy__float32_float32
17746282571,79423,358734,1,1,1,32,32,1,30,0.000,0.000,,,,,NVIDIA A100-SXM4-40GB MIG 4g.20gb (0),1,,13,"void convert_kernel<__half2, float2>(tensor_layout_any, T1 *, tensor_layout_any, const T2 *)"
17746391434,5344,358737,,,,,,,,,,0.094,17532.864,Pinned,Device,NVIDIA A100-SXM4-40GB MIG 4g.20gb (0),1,,13,[CUDA memcpy Host-to-Device]
17746406026,3200,358738,,,,,,,,,,1.547,483320.000,Device,,NVIDIA A100-SXM4-40GB MIG 4g.20gb (0),1,,13,[CUDA memset]
17746412618,3040,358743,,,,,,,,,,0.031,10294.725,Pinned,Device,NVIDIA A100-SXM4-40GB MIG 4g.20gb (0),1,,13,[CUDA memcpy Host-to-Device]
17746417738,9247,358744,,,,,,,,,,0.197,21261.779,Pinned,Device,NVIDIA A100-SXM4-40GB MIG 4g.20gb (0),1,,13,[CUDA memcpy Host-to-Device]
17746430473,5984,358745,273,1,1,8,4,1,39,0.002,0.000,,,,,NVIDIA A100-SXM4-40GB MIG 4g.20gb (0),1,,13,"void channel_eq::eqMmseCoefCompLowMimoKernel<float, float, float, (unsigned int)4, (unsigned int)1, (unsigned int)4>(const channel_eq::_puschRxChEqStatDescr *, channel_eq::_puschRxChEqCoefCompDynDescr)"
17746437481,5536,358746,273,1,1,12,11,1,51,0.002,0.000,,,,,NVIDIA A100-SXM4-40GB MIG 4g.20gb (0),1,,13,"void channel_eq::eqMmseSoftDemapKernel<float, __half, __half, float, (unsigned int)4, (unsigned short)16383>(channel_eq::_puschRxChEqStatDescr *, channel_eq::_puschRxChEqSoftDemapDynDescr)"
17746444009,328381,358747,1,1,1,32,32,1,30,0.000,0.000,,,,,NVIDIA A100-SXM4-40GB MIG 4g.20gb (0),1,,13,"void convert_kernel<float2, __half2>(tensor_layout_any, T1 *, tensor_layout_any, const T2 *)"
17746917188,16960,358759,2253,1,1,128,1,1,16,0.000,0.000,,,,,NVIDIA A100-SXM4-40GB MIG 4g.20gb (0),1,,13,cupy_copy__float16_float16
17746936324,6080,358768,282,1,1,128,1,1,16,0.000,0.000,,,,,NVIDIA A100-SXM4-40GB MIG 4g.20gb (0),1,,13,cupy_copy__complex64_complex64
17747104994,9792,358777,26,1,1,128,1,1,16,0.000,0.000,,,,,NVIDIA A100-SXM4-40GB MIG 4g.20gb (0),1,,13,cupy_copy__float32_float32
17747117154,4384,358786,103,1,1,128,1,1,16,0.000,0.000,,,,,NVIDIA A100-SXM4-40GB MIG 4g.20gb (0),1,,13,cupy_copy__complex64_complex64
17747123106,12447,358796,1434,1,1,128,1,1,16,0.000,0.000,,,,,NVIDIA A100-SXM4-40GB MIG 4g.20gb (0),1,,13,cupy_copy__complex64_complex64
17747136673,79776,358801,1,1,1,32,32,1,30,0.000,0.000,,,,,NVIDIA A100-SXM4-40GB MIG 4g.20gb (0),1,,13,"void convert_kernel<__half2, float2>(tensor_layout_any, T1 *, tensor_layout_any, const T2 *)"
17747243360,5344,358804,,,,,,,,,,0.094,17532.864,Pinned,Device,NVIDIA A100-SXM4-40GB MIG 4g.20gb (0),1,,13,[CUDA memcpy Host-to-Device]
17747375647,609721,358805,,,,,,,,,,456.561,748760.762,Device,,NVIDIA A100-SXM4-40GB MIG 4g.20gb (0),1,,13,[CUDA memset]
17747993656,52191,358810,,,,,,,,,,1.235,23661.527,Pinned,Device,NVIDIA A100-SXM4-40GB MIG 4g.20gb (0),1,,13,[CUDA memcpy Host-to-Device]
17748048279,9696,358811,,,,,,,,,,0.197,20277.166,Pinned,Device,NVIDIA A100-SXM4-40GB MIG 4g.20gb (0),1,,13,[CUDA memcpy Host-to-Device]
17748145270,16896,358812,69,4,1,48,1,1,76,0.002,0.000,,,,,NVIDIA A100-SXM4-40GB MIG 4g.20gb (0),1,,13,"void ch_est::windowedChEstPreNoDftSOfdmKernel<float, __half, float, (unsigned int)2, (unsigned int)1, (unsigned short)4>(ch_est::puschRxChEstStatDescr_t *, ch_est::puschRxChEstDynDescr_t *)"
17748163734,7456,358813,137,2,1,24,2,1,44,0.001,0.001,,,,,NVIDIA A100-SXM4-40GB MIG 4g.20gb (0),1,,13,"void ch_est::chEstFilterNoDftSOfdmDispatchKernel<float, __half, float, (unsigned int)2>(ch_est::puschRxChEstStatDescr_t *, ch_est::puschRxChEstDynDescr_t *)"
17748329396,16832,358814,137,2,1,24,2,1,44,0.001,0.001,,,,,NVIDIA A100-SXM4-40GB MIG 4g.20gb (0),1,,13,"void ch_est::chEstFilterNoDftSOfdmDispatchKernel<float, __half, float, (unsigned int)2>(ch_est::puschRxChEstStatDescr_t *, ch_est::puschRxChEstDynDescr_t *)"
17748347732,3168,358825,103,1,1,128,1,1,16,0.000,0.000,,,,,NVIDIA A100-SXM4-40GB MIG 4g.20gb (0),1,,13,cupy_copy__complex64_complex64
17748512658,19168,358835,1434,1,1,128,1,1,16,0.000,0.000,,,,,NVIDIA A100-SXM4-40GB MIG 4g.20gb (0),1,,13,cupy_copy__complex64_complex64
17748533746,3840,358842,103,1,1,128,1,1,16,0.000,0.000,,,,,NVIDIA A100-SXM4-40GB MIG 4g.20gb (0),1,,13,cupy_copy__complex64_complex64
17748705008,268701,358849,1,1,1,32,32,1,30,0.000,0.000,,,,,NVIDIA A100-SXM4-40GB MIG 4g.20gb (0),1,,13,"void convert_kernel<__half2, float2>(tensor_layout_any, T1 *, tensor_layout_any, const T2 *)"
17749001996,5696,358852,,,,,,,,,,0.094,16449.363,Pinned,Device,NVIDIA A100-SXM4-40GB MIG 4g.20gb (0),1,,13,[CUDA memcpy Host-to-Device]
17749068460,56287,358853,,,,,,,,,,35.810,636199.039,Device,,NVIDIA A100-SXM4-40GB MIG 4g.20gb (0),1,,13,[CUDA memset]
17749131339,1824,358855,,,,,,,,,,0.000,43.860,Pinned,Device,NVIDIA A100-SXM4-40GB MIG 4g.20gb (0),1,,13,[CUDA memcpy Host-to-Device]
17749135563,9504,358856,,,,,,,,,,0.197,20686.701,Pinned,Device,NVIDIA A100-SXM4-40GB MIG 4g.20gb (0),1,,13,[CUDA memcpy Host-to-Device]
17749285929,20448,358857,273,1,1,48,1,1,40,0.000,0.001,,,,,NVIDIA A100-SXM4-40GB MIG 4g.20gb (0),1,,13,"void pusch_noise_intf_est::noiseIntfEstNoDftSOfdmKernel<float, __half, float, float, (unsigned int)2, (unsigned int)1, (unsigned char)4, (unsigned char)4>(pusch_noise_intf_est::puschRxNoiseIntfEstDynDescr)"
17749308425,3168,358868,35,1,1,128,1,1,16,0.000,0.000,,,,,NVIDIA A100-SXM4-40GB MIG 4g.20gb (0),1,,13,cupy_copy__complex64_complex64
17749312649,1856,358877,1,1,1,1,1,1,18,0.000,0.000,,,,,NVIDIA A100-SXM4-40GB MIG 4g.20gb (0),1,,13,cupy_copy__float32_float32
17749319561,1568,358883,,,,,,,,,,0.000,2.551,Device,Pageable,NVIDIA A100-SXM4-40GB MIG 4g.20gb (0),1,,7,[CUDA memcpy Device-to-Host]
17749378920,12288,358894,1434,1,1,128,1,1,16,0.000,0.000,,,,,NVIDIA A100-SXM4-40GB MIG 4g.20gb (0),1,,13,cupy_copy__complex64_complex64
17749405384,2752,358901,103,1,1,128,1,1,16,0.000,0.000,,,,,NVIDIA A100-SXM4-40GB MIG 4g.20gb (0),1,,13,cupy_copy__complex64_complex64
17749425864,2144,358908,35,1,1,128,1,1,16,0.000,0.000,,,,,NVIDIA A100-SXM4-40GB MIG 4g.20gb (0),1,,13,cupy_copy__complex64_complex64
17749444072,1824,358915,1,1,1,1,1,1,18,0.000,0.000,,,,,NVIDIA A100-SXM4-40GB MIG 4g.20gb (0),1,,13,cupy_copy__float32_float32
17749588870,79423,358926,1,1,1,32,32,1,30,0.000,0.000,,,,,NVIDIA A100-SXM4-40GB MIG 4g.20gb (0),1,,13,"void convert_kernel<__half2, float2>(tensor_layout_any, T1 *, tensor_layout_any, const T2 *)"
17749695909,5376,358929,,,,,,,,,,0.094,17428.487,Pinned,Device,NVIDIA A100-SXM4-40GB MIG 4g.20gb (0),1,,13,[CUDA memcpy Host-to-Device]
17749709445,3200,358930,,,,,,,,,,1.547,483320.000,Device,,NVIDIA A100-SXM4-40GB MIG 4g.20gb (0),1,,13,[CUDA memset]
17749715780,3008,358935,,,,,,,,,,0.031,10404.230,Pinned,Device,NVIDIA A100-SXM4-40GB MIG 4g.20gb (0),1,,13,[CUDA memcpy Host-to-Device]
17749720868,9280,358936,,,,,,,,,,0.197,21186.085,Pinned,Device,NVIDIA A100-SXM4-40GB MIG 4g.20gb (0),1,,13,[CUDA memcpy Host-to-Device]
17749733604,6016,358937,273,1,1,8,4,1,39,0.002,0.000,,,,,NVIDIA A100-SXM4-40GB MIG 4g.20gb (0),1,,13,"void channel_eq::eqMmseCoefCompLowMimoKernel<float, float, float, (unsigned int)4, (unsigned int)1, (unsigned int)4>(const channel_eq::_puschRxChEqStatDescr *, channel_eq::_puschRxChEqCoefCompDynDescr)"
17749740580,5984,358938,273,1,1,12,11,1,51,0.002,0.000,,,,,NVIDIA A100-SXM4-40GB MIG 4g.20gb (0),1,,13,"void channel_eq::eqMmseSoftDemapKernel<float, __half, __half, float, (unsigned int)4, (unsigned short)16383>(channel_eq::_puschRxChEqStatDescr *, channel_eq::_puschRxChEqSoftDemapDynDescr)"
17749747588,281341,358939,1,1,1,32,32,1,30,0.000,0.000,,,,,NVIDIA A100-SXM4-40GB MIG 4g.20gb (0),1,,13,"void convert_kernel<float2, __half2>(tensor_layout_any, T1 *, tensor_layout_any, const T2 *)"
17750029921,10528,358951,2253,1,1,128,1,1,16,0.000,0.000,,,,,NVIDIA A100-SXM4-40GB MIG 4g.20gb (0),1,,13,cupy_copy__float16_float16
17750041537,2816,358960,282,1,1,128,1,1,16,0.000,0.000,,,,,NVIDIA A100-SXM4-40GB MIG 4g.20gb (0),1,,13,cupy_copy__complex64_complex64
17750045409,2048,358969,26,1,1,128,1,1,16,0.000,0.000,,,,,NVIDIA A100-SXM4-40GB MIG 4g.20gb (0),1,,13,cupy_copy__float32_float32
17750048449,2816,358978,103,1,1,128,1,1,16,0.000,0.000,,,,,NVIDIA A100-SXM4-40GB MIG 4g.20gb (0),1,,13,cupy_copy__complex64_complex64
17750052225,11360,358988,1434,1,1,128,1,1,16,0.000,0.000,,,,,NVIDIA A100-SXM4-40GB MIG 4g.20gb (0),1,,13,cupy_copy__complex64_complex64
17750082016,79423,358993,1,1,1,32,32,1,30,0.000,0.000,,,,,NVIDIA A100-SXM4-40GB MIG 4g.20gb (0),1,,13,"void convert_kernel<__half2, float2>(tensor_layout_any, T1 *, tensor_layout_any, const T2 *)"
17750188607,5664,358996,,,,,,,,,,0.094,16542.310,Pinned,Device,NVIDIA A100-SXM4-40GB MIG 4g.20gb (0),1,,13,[CUDA memcpy Host-to-Device]
17750198751,590873,358997,,,,,,,,,,456.561,772501.956,Device,,NVIDIA A100-SXM4-40GB MIG 4g.20gb (0),1,,13,[CUDA memset]
17750790392,48352,359002,,,,,,,,,,1.235,25539.877,Pinned,Device,NVIDIA A100-SXM4-40GB MIG 4g.20gb (0),1,,13,[CUDA memcpy Host-to-Device]
17750840856,9184,359003,,,,,,,,,,0.197,21407.662,Pinned,Device,NVIDIA A100-SXM4-40GB MIG 4g.20gb (0),1,,13,[CUDA memcpy Host-to-Device]
17750853176,7424,359004,69,4,1,48,1,1,76,0.002,0.000,,,,,NVIDIA A100-SXM4-40GB MIG 4g.20gb (0),1,,13,"void ch_est::windowedChEstPreNoDftSOfdmKernel<float, __half, float, (unsigned int)2, (unsigned int)1, (unsigned short)4>(ch_est::puschRxChEstStatDescr_t *, ch_est::puschRxChEstDynDescr_t *)"
17750861720,6560,359005,137,2,1,24,2,1,44,0.001,0.001,,,,,NVIDIA A100-SXM4-40GB MIG 4g.20gb (0),1,,13,"void ch_est::chEstFilterNoDftSOfdmDispatchKernel<float, __half, float, (unsigned int)2>(ch_est::puschRxChEstStatDescr_t *, ch_est::puschRxChEstDynDescr_t *)"
17750869336,4767,359006,137,2,1,24,2,1,44,0.001,0.001,,,,,NVIDIA A100-SXM4-40GB MIG 4g.20gb (0),1,,13,"void ch_est::chEstFilterNoDftSOfdmDispatchKernel<float, __half, float, (unsigned int)2>(ch_est::puschRxChEstStatDescr_t *, ch_est::puschRxChEstDynDescr_t *)"
17750875095,2464,359017,103,1,1,128,1,1,16,0.000,0.000,,,,,NVIDIA A100-SXM4-40GB MIG 4g.20gb (0),1,,13,cupy_copy__complex64_complex64
17750878583,13248,359027,1434,1,1,128,1,1,16,0.000,0.000,,,,,NVIDIA A100-SXM4-40GB MIG 4g.20gb (0),1,,13,cupy_copy__complex64_complex64
17750892791,2464,359034,103,1,1,128,1,1,16,0.000,0.000,,,,,NVIDIA A100-SXM4-40GB MIG 4g.20gb (0),1,,13,cupy_copy__complex64_complex64
17750896311,79935,359041,1,1,1,32,32,1,30,0.000,0.000,,,,,NVIDIA A100-SXM4-40GB MIG 4g.20gb (0),1,,13,"void convert_kernel<__half2, float2>(tensor_layout_any, T1 *, tensor_layout_any, const T2 *)"
17751003222,5344,359044,,,,,,,,,,0.094,17532.864,Pinned,Device,NVIDIA A100-SXM4-40GB MIG 4g.20gb (0),1,,13,[CUDA memcpy Host-to-Device]
17751015094,45727,359045,,,,,,,,,,35.810,783091.331,Device,,NVIDIA A100-SXM4-40GB MIG 4g.20gb (0),1,,13,[CUDA memset]
17751067669,1824,359047,,,,,,,,,,0.000,43.860,Pinned,Device,NVIDIA A100-SXM4-40GB MIG 4g.20gb (0),1,,13,[CUDA memcpy Host-to-Device]
17751071573,9216,359048,,,,,,,,,,0.197,21333.148,Pinned,Device,NVIDIA A100-SXM4-40GB MIG 4g.20gb (0),1,,13,[CUDA memcpy Host-to-Device]
17751083957,8480,359049,273,1,1,48,1,1,40,0.000,0.001,,,,,NVIDIA A100-SXM4-40GB MIG 4g.20gb (0),1,,13,"void pusch_noise_intf_est::noiseIntfEstNoDftSOfdmKernel<float, __half, float, float, (unsigned int)2, (unsigned int)1, (unsigned char)4, (unsigned char)4>(pusch_noise_intf_est::puschRxNoiseIntfEstDynDescr)"
17751093557,3008,359060,35,1,1,128,1,1,16,0.000,0.000,,,,,NVIDIA A100-SXM4-40GB MIG 4g.20gb (0),1,,13,cupy_copy__complex64_complex64
17751120181,1888,359069,1,1,1,1,1,1,18,0.000,0.000,,,,,NVIDIA A100-SXM4-40GB MIG 4g.20gb (0),1,,13,cupy_copy__float32_float32
17751153268,1600,359075,,,,,,,,,,0.000,2.500,Device,Pageable,NVIDIA A100-SXM4-40GB MIG 4g.20gb (0),1,,7,[CUDA memcpy Device-to-Host]
17751216148,16031,359086,1434,1,1,128,1,1,16,0.000,0.000,,,,,NVIDIA A100-SXM4-40GB MIG 4g.20gb (0),1,,13,cupy_copy__complex64_complex64
17751414641,8608,359093,103,1,1,128,1,1,16,0.000,0.000,,,,,NVIDIA A100-SXM4-40GB MIG 4g.20gb (0),1,,13,cupy_copy__complex64_complex64
17751426193,3808,359100,35,1,1,128,1,1,16,0.000,0.000,,,,,NVIDIA A100-SXM4-40GB MIG 4g.20gb (0),1,,13,cupy_copy__complex64_complex64
17751431249,2016,359107,1,1,1,1,1,1,18,0.000,0.000,,,,,NVIDIA A100-SXM4-40GB MIG 4g.20gb (0),1,,13,cupy_copy__float32_float32
17751434929,221566,359118,1,1,1,32,32,1,30,0.000,0.000,,,,,NVIDIA A100-SXM4-40GB MIG 4g.20gb (0),1,,13,"void convert_kernel<__half2, float2>(tensor_layout_any, T1 *, tensor_layout_any, const T2 *)"
17751684302,5376,359121,,,,,,,,,,0.094,17428.487,Pinned,Device,NVIDIA A100-SXM4-40GB MIG 4g.20gb (0),1,,13,[CUDA memcpy Host-to-Device]
17751698574,3680,359122,,,,,,,,,,1.547,420278.059,Device,,NVIDIA A100-SXM4-40GB MIG 4g.20gb (0),1,,13,[CUDA memset]
17751705582,3168,359127,,,,,,,,,,0.031,9878.770,Pinned,Device,NVIDIA A100-SXM4-40GB MIG 4g.20gb (0),1,,13,[CUDA memcpy Host-to-Device]
17751710862,9248,359128,,,,,,,,,,0.197,21259.420,Pinned,Device,NVIDIA A100-SXM4-40GB MIG 4g.20gb (0),1,,13,[CUDA memcpy Host-to-Device]
17751723150,6976,359129,273,1,1,8,4,1,39,0.002,0.000,,,,,NVIDIA A100-SXM4-40GB MIG 4g.20gb (0),1,,13,"void channel_eq::eqMmseCoefCompLowMimoKernel<float, float, float, (unsigned int)4, (unsigned int)1, (unsigned int)4>(const channel_eq::_puschRxChEqStatDescr *, channel_eq::_puschRxChEqCoefCompDynDescr)"
17751731246,7136,359130,273,1,1,12,11,1,51,0.002,0.000,,,,,NVIDIA A100-SXM4-40GB MIG 4g.20gb (0),1,,13,"void channel_eq::eqMmseSoftDemapKernel<float, __half, __half, float, (unsigned int)4, (unsigned short)16383>(channel_eq::_puschRxChEqStatDescr *, channel_eq::_puschRxChEqSoftDemapDynDescr)"
17751928204,699032,359131,1,1,1,32,32,1,30,0.000,0.000,,,,,NVIDIA A100-SXM4-40GB MIG 4g.20gb (0),1,,13,"void convert_kernel<float2, __half2>(tensor_layout_any, T1 *, tensor_layout_any, const T2 *)"
17752765954,17984,359143,2253,1,1,128,1,1,16,0.000,0.000,,,,,NVIDIA A100-SXM4-40GB MIG 4g.20gb (0),1,,13,cupy_copy__float16_float16
17752785282,3872,359152,282,1,1,128,1,1,16,0.000,0.000,,,,,NVIDIA A100-SXM4-40GB MIG 4g.20gb (0),1,,13,cupy_copy__complex64_complex64
17752977664,6880,359161,26,1,1,128,1,1,16,0.000,0.000,,,,,NVIDIA A100-SXM4-40GB MIG 4g.20gb (0),1,,13,cupy_copy__float32_float32
17752987040,4672,359170,103,1,1,128,1,1,16,0.000,0.000,,,,,NVIDIA A100-SXM4-40GB MIG 4g.20gb (0),1,,13,cupy_copy__complex64_complex64
17752993952,12448,359180,1434,1,1,128,1,1,16,0.000,0.000,,,,,NVIDIA A100-SXM4-40GB MIG 4g.20gb (0),1,,13,cupy_copy__complex64_complex64
17753201885,256093,359185,1,1,1,32,32,1,30,0.000,0.000,,,,,NVIDIA A100-SXM4-40GB MIG 4g.20gb (0),1,,13,"void convert_kernel<__half2, float2>(tensor_layout_any, T1 *, tensor_layout_any, const T2 *)"
17753485242,5344,359188,,,,,,,,,,0.094,17532.864,Pinned,Device,NVIDIA A100-SXM4-40GB MIG 4g.20gb (0),1,,13,[CUDA memcpy Host-to-Device]
17753496090,595449,359189,,,,,,,,,,456.561,766566.658,Device,,NVIDIA A100-SXM4-40GB MIG 4g.20gb (0),1,,13,[CUDA memset]
17754097747,49472,359194,,,,,,,,,,1.235,24961.923,Pinned,Device,NVIDIA A100-SXM4-40GB MIG 4g.20gb (0),1,,13,[CUDA memcpy Host-to-Device]
17754149651,9600,359195,,,,,,,,,,0.197,20479.869,Pinned,Device,NVIDIA A100-SXM4-40GB MIG 4g.20gb (0),1,,13,[CUDA memcpy Host-to-Device]
17754372720,35168,359196,69,4,1,48,1,1,76,0.002,0.000,,,,,NVIDIA A100-SXM4-40GB MIG 4g.20gb (0),1,,13,"void ch_est::windowedChEstPreNoDftSOfdmKernel<float, __half, float, (unsigned int)2, (unsigned int)1, (unsigned short)4>(ch_est::puschRxChEstStatDescr_t *, ch_est::puschRxChEstDynDescr_t *)"
17754514671,42847,359197,137,2,1,24,2,1,44,0.001,0.001,,,,,NVIDIA A100-SXM4-40GB MIG 4g.20gb (0),1,,13,"void ch_est::chEstFilterNoDftSOfdmDispatchKernel<float, __half, float, (unsigned int)2>(ch_est::puschRxChEstStatDescr_t *, ch_est::puschRxChEstDynDescr_t *)"
17754662349,34976,359198,137,2,1,24,2,1,44,0.001,0.001,,,,,NVIDIA A100-SXM4-40GB MIG 4g.20gb (0),1,,13,"void ch_est::chEstFilterNoDftSOfdmDispatchKernel<float, __half, float, (unsigned int)2>(ch_est::puschRxChEstStatDescr_t *, ch_est::puschRxChEstDynDescr_t *)"
17754807595,21472,359209,103,1,1,128,1,1,16,0.000,0.000,,,,,NVIDIA A100-SXM4-40GB MIG 4g.20gb (0),1,,13,cupy_copy__complex64_complex64
17754951434,32287,359219,1434,1,1,128,1,1,16,0.000,0.000,,,,,NVIDIA A100-SXM4-40GB MIG 4g.20gb (0),1,,13,cupy_copy__complex64_complex64
17755099144,21504,359226,103,1,1,128,1,1,16,0.000,0.000,,,,,NVIDIA A100-SXM4-40GB MIG 4g.20gb (0),1,,13,cupy_copy__complex64_complex64
17755258310,294685,359233,1,1,1,32,32,1,30,0.000,0.000,,,,,NVIDIA A100-SXM4-40GB MIG 4g.20gb (0),1,,13,"void convert_kernel<__half2, float2>(tensor_layout_any, T1 *, tensor_layout_any, const T2 *)"
17755580995,5440,359236,,,,,,,,,,0.094,17223.480,Pinned,Device,NVIDIA A100-SXM4-40GB MIG 4g.20gb (0),1,,13,[CUDA memcpy Host-to-Device]
17755819776,72831,359237,,,,,,,,,,35.810,491670.202,Device,,NVIDIA A100-SXM4-40GB MIG 4g.20gb (0),1,,13,[CUDA memset]
17755897823,1952,359239,,,,,,,,,,0.000,40.984,Pinned,Device,NVIDIA A100-SXM4-40GB MIG 4g.20gb (0),1,,13,[CUDA memcpy Host-to-Device]
17755902207,9824,359240,,,,,,,,,,0.197,20012.925,Pinned,Device,NVIDIA A100-SXM4-40GB MIG 4g.20gb (0),1,,13,[CUDA memcpy Host-to-Device]
17756159868,31264,359241,273,1,1,48,1,1,40,0.000,0.001,,,,,NVIDIA A100-SXM4-40GB MIG 4g.20gb (0),1,,13,"void pusch_noise_intf_est::noiseIntfEstNoDftSOfdmKernel<float, __half, float, float, (unsigned int)2, (unsigned int)1, (unsigned char)4, (unsigned char)4>(pusch_noise_intf_est::puschRxNoiseIntfEstDynDescr)"
17756301210,23072,359252,35,1,1,128,1,1,16,0.000,0.000,,,,,NVIDIA A100-SXM4-40GB MIG 4g.20gb (0),1,,13,cupy_copy__complex64_complex64
17756449145,6976,359261,1,1,1,1,1,1,18,0.000,0.000,,,,,NVIDIA A100-SXM4-40GB MIG 4g.20gb (0),1,,13,cupy_copy__float32_float32
17756458905,1760,359267,,,,,,,,,,0.000,2.273,Device,Pageable,NVIDIA A100-SXM4-40GB MIG 4g.20gb (0),1,,7,[CUDA memcpy Device-to-Host]
17756735478,31967,359278,1434,1,1,128,1,1,16,0.000,0.000,,,,,NVIDIA A100-SXM4-40GB MIG 4g.20gb (0),1,,13,cupy_copy__complex64_complex64
17756882100,21216,359285,103,1,1,128,1,1,16,0.000,0.000,,,,,NVIDIA A100-SXM4-40GB MIG 4g.20gb (0),1,,13,cupy_copy__complex64_complex64
17757028978,15648,359292,35,1,1,128,1,1,16,0.000,0.000,,,,,NVIDIA A100-SXM4-40GB MIG 4g.20gb (0),1,,13,cupy_copy__complex64_complex64
17757045778,3616,359299,1,1,1,1,1,1,18,0.000,0.000,,,,,NVIDIA A100-SXM4-40GB MIG 4g.20gb (0),1,,13,cupy_copy__float32_float32
17757050450,188510,359310,1,1,1,32,32,1,30,0.000,0.000,,,,,NVIDIA A100-SXM4-40GB MIG 4g.20gb (0),1,,13,"void convert_kernel<__half2, float2>(tensor_layout_any, T1 *, tensor_layout_any, const T2 *)"
17757266576,5376,359313,,,,,,,,,,0.094,17428.487,Pinned,Device,NVIDIA A100-SXM4-40GB MIG 4g.20gb (0),1,,13,[CUDA memcpy Host-to-Device]
17757280879,3200,359314,,,,,,,,,,1.547,483320.000,Device,,NVIDIA A100-SXM4-40GB MIG 4g.20gb (0),1,,13,[CUDA memset]
17757287983,3040,359319,,,,,,,,,,0.031,10294.725,Pinned,Device,NVIDIA A100-SXM4-40GB MIG 4g.20gb (0),1,,13,[CUDA memcpy Host-to-Device]
17757293103,9280,359320,,,,,,,,,,0.197,21186.085,Pinned,Device,NVIDIA A100-SXM4-40GB MIG 4g.20gb (0),1,,13,[CUDA memcpy Host-to-Device]
17757305743,6912,359321,273,1,1,8,4,1,39,0.002,0.000,,,,,NVIDIA A100-SXM4-40GB MIG 4g.20gb (0),1,,13,"void channel_eq::eqMmseCoefCompLowMimoKernel<float, float, float, (unsigned int)4, (unsigned int)1, (unsigned int)4>(const channel_eq::_puschRxChEqStatDescr *, channel_eq::_puschRxChEqCoefCompDynDescr)"
17757313647,6688,359322,273,1,1,12,11,1,51,0.002,0.000,,,,,NVIDIA A100-SXM4-40GB MIG 4g.20gb (0),1,,13,"void channel_eq::eqMmseSoftDemapKernel<float, __half, __half, float, (unsigned int)4, (unsigned short)16383>(channel_eq::_puschRxChEqStatDescr *, channel_eq::_puschRxChEqSoftDemapDynDescr)"
17757321295,281789,359323,1,1,1,32,32,1,30,0.000,0.000,,,,,NVIDIA A100-SXM4-40GB MIG 4g.20gb (0),1,,13,"void convert_kernel<float2, __half2>(tensor_layout_any, T1 *, tensor_layout_any, const T2 *)"
17757604140,10432,359335,2253,1,1,128,1,1,16,0.000,0.000,,,,,NVIDIA A100-SXM4-40GB MIG 4g.20gb (0),1,,13,cupy_copy__float16_float16
17757615532,2848,359344,282,1,1,128,1,1,16,0.000,0.000,,,,,NVIDIA A100-SXM4-40GB MIG 4g.20gb (0),1,,13,cupy_copy__complex64_complex64
17757619404,2080,359353,26,1,1,128,1,1,16,0.000,0.000,,,,,NVIDIA A100-SXM4-40GB MIG 4g.20gb (0),1,,13,cupy_copy__float32_float32
17757622476,2880,359362,103,1,1,128,1,1,16,0.000,0.000,,,,,NVIDIA A100-SXM4-40GB MIG 4g.20gb (0),1,,13,cupy_copy__complex64_complex64
17757626348,12095,359372,1434,1,1,128,1,1,16,0.000,0.000,,,,,NVIDIA A100-SXM4-40GB MIG 4g.20gb (0),1,,13,cupy_copy__complex64_complex64
17757655563,79647,359377,1,1,1,32,32,1,30,0.000,0.000,,,,,NVIDIA A100-SXM4-40GB MIG 4g.20gb (0),1,,13,"void convert_kernel<__half2, float2>(tensor_layout_any, T1 *, tensor_layout_any, const T2 *)"
17757762570,5344,359380,,,,,,,,,,0.094,17532.864,Pinned,Device,NVIDIA A100-SXM4-40GB MIG 4g.20gb (0),1,,13,[CUDA memcpy Host-to-Device]
17757780650,590937,359381,,,,,,,,,,456.561,772501.956,Device,,NVIDIA A100-SXM4-40GB MIG 4g.20gb (0),1,,13,[CUDA memset]
17758378947,48064,359386,,,,,,,,,,1.235,25693.010,Pinned,Device,NVIDIA A100-SXM4-40GB MIG 4g.20gb (0),1,,13,[CUDA memcpy Host-to-Device]
17758429123,9183,359387,,,,,,,,,,0.197,21409.825,Pinned,Device,NVIDIA A100-SXM4-40GB MIG 4g.20gb (0),1,,13,[CUDA memcpy Host-to-Device]
17758441410,7552,359388,69,4,1,48,1,1,76,0.002,0.000,,,,,NVIDIA A100-SXM4-40GB MIG 4g.20gb (0),1,,13,"void ch_est::windowedChEstPreNoDftSOfdmKernel<float, __half, float, (unsigned int)2, (unsigned int)1, (unsigned short)4>(ch_est::puschRxChEstStatDescr_t *, ch_est::puschRxChEstDynDescr_t *)"
17758449922,6560,359389,137,2,1,24,2,1,44,0.001,0.001,,,,,NVIDIA A100-SXM4-40GB MIG 4g.20gb (0),1,,13,"void ch_est::chEstFilterNoDftSOfdmDispatchKernel<float, __half, float, (unsigned int)2>(ch_est::puschRxChEstStatDescr_t *, ch_est::puschRxChEstDynDescr_t *)"
17758457570,4736,359390,137,2,1,24,2,1,44,0.001,0.001,,,,,NVIDIA A100-SXM4-40GB MIG 4g.20gb (0),1,,13,"void ch_est::chEstFilterNoDftSOfdmDispatchKernel<float, __half, float, (unsigned int)2>(ch_est::puschRxChEstStatDescr_t *, ch_est::puschRxChEstDynDescr_t *)"
17758463362,2464,359401,103,1,1,128,1,1,16,0.000,0.000,,,,,NVIDIA A100-SXM4-40GB MIG 4g.20gb (0),1,,13,cupy_copy__complex64_complex64
17758466850,12640,359411,1434,1,1,128,1,1,16,0.000,0.000,,,,,NVIDIA A100-SXM4-40GB MIG 4g.20gb (0),1,,13,cupy_copy__complex64_complex64
17758480578,2464,359418,103,1,1,128,1,1,16,0.000,0.000,,,,,NVIDIA A100-SXM4-40GB MIG 4g.20gb (0),1,,13,cupy_copy__complex64_complex64
17758484098,80095,359425,1,1,1,32,32,1,30,0.000,0.000,,,,,NVIDIA A100-SXM4-40GB MIG 4g.20gb (0),1,,13,"void convert_kernel<__half2, float2>(tensor_layout_any, T1 *, tensor_layout_any, const T2 *)"
17758591553,5568,359428,,,,,,,,,,0.094,16827.521,Pinned,Device,NVIDIA A100-SXM4-40GB MIG 4g.20gb (0),1,,13,[CUDA memcpy Host-to-Device]
17758603361,45567,359429,,,,,,,,,,35.810,785848.694,Device,,NVIDIA A100-SXM4-40GB MIG 4g.20gb (0),1,,13,[CUDA memset]
17758655456,1792,359431,,,,,,,,,,0.000,44.643,Pinned,Device,NVIDIA A100-SXM4-40GB MIG 4g.20gb (0),1,,13,[CUDA memcpy Host-to-Device]
17758659360,9312,359432,,,,,,,,,,0.197,21113.340,Pinned,Device,NVIDIA A100-SXM4-40GB MIG 4g.20gb (0),1,,13,[CUDA memcpy Host-to-Device]
17758671968,8416,359433,273,1,1,48,1,1,40,0.000,0.001,,,,,NVIDIA A100-SXM4-40GB MIG 4g.20gb (0),1,,13,"void pusch_noise_intf_est::noiseIntfEstNoDftSOfdmKernel<float, __half, float, float, (unsigned int)2, (unsigned int)1, (unsigned char)4, (unsigned char)4>(pusch_noise_intf_est::puschRxNoiseIntfEstDynDescr)"
17758681344,2816,359444,35,1,1,128,1,1,16,0.000,0.000,,,,,NVIDIA A100-SXM4-40GB MIG 4g.20gb (0),1,,13,cupy_copy__complex64_complex64
17758705663,1920,359453,1,1,1,1,1,1,18,0.000,0.000,,,,,NVIDIA A100-SXM4-40GB MIG 4g.20gb (0),1,,13,cupy_copy__float32_float32
17758739647,1568,359459,,,,,,,,,,0.000,2.551,Device,Pageable,NVIDIA A100-SXM4-40GB MIG 4g.20gb (0),1,,7,[CUDA memcpy Device-to-Host]
17758797694,13472,359470,1434,1,1,128,1,1,16,0.000,0.000,,,,,NVIDIA A100-SXM4-40GB MIG 4g.20gb (0),1,,13,cupy_copy__complex64_complex64
17758835134,2656,359477,103,1,1,128,1,1,16,0.000,0.000,,,,,NVIDIA A100-SXM4-40GB MIG 4g.20gb (0),1,,13,cupy_copy__complex64_complex64
17758855038,2176,359484,35,1,1,128,1,1,16,0.000,0.000,,,,,NVIDIA A100-SXM4-40GB MIG 4g.20gb (0),1,,13,cupy_copy__complex64_complex64
17758872734,1824,359491,1,1,1,1,1,1,18,0.000,0.000,,,,,NVIDIA A100-SXM4-40GB MIG 4g.20gb (0),1,,13,cupy_copy__float32_float32
17759007324,79839,359502,1,1,1,32,32,1,30,0.000,0.000,,,,,NVIDIA A100-SXM4-40GB MIG 4g.20gb (0),1,,13,"void convert_kernel<__half2, float2>(tensor_layout_any, T1 *, tensor_layout_any, const T2 *)"
17759114523,5344,359505,,,,,,,,,,0.094,17532.864,Pinned,Device,NVIDIA A100-SXM4-40GB MIG 4g.20gb (0),1,,13,[CUDA memcpy Host-to-Device]
17759128827,3136,359506,,,,,,,,,,1.547,493182.821,Device,,NVIDIA A100-SXM4-40GB MIG 4g.20gb (0),1,,13,[CUDA memset]
17759135227,3008,359511,,,,,,,,,,0.031,10404.230,Pinned,Device,NVIDIA A100-SXM4-40GB MIG 4g.20gb (0),1,,13,[CUDA memcpy Host-to-Device]
17759140315,9311,359512,,,,,,,,,,0.197,21115.503,Pinned,Device,NVIDIA A100-SXM4-40GB MIG 4g.20gb (0),1,,13,[CUDA memcpy Host-to-Device]
17759152634,5888,359513,273,1,1,8,4,1,39,0.002,0.000,,,,,NVIDIA A100-SXM4-40GB MIG 4g.20gb (0),1,,13,"void channel_eq::eqMmseCoefCompLowMimoKernel<float, float, float, (unsigned int)4, (unsigned int)1, (unsigned int)4>(const channel_eq::_puschRxChEqStatDescr *, channel_eq::_puschRxChEqCoefCompDynDescr)"
17759159610,6368,359514,273,1,1,12,11,1,51,0.002,0.000,,,,,NVIDIA A100-SXM4-40GB MIG 4g.20gb (0),1,,13,"void channel_eq::eqMmseSoftDemapKernel<float, __half, __half, float, (unsigned int)4, (unsigned short)16383>(channel_eq::_puschRxChEqStatDescr *, channel_eq::_puschRxChEqSoftDemapDynDescr)"
17759167002,281373,359515,1,1,1,32,32,1,30,0.000,0.000,,,,,NVIDIA A100-SXM4-40GB MIG 4g.20gb (0),1,,13,"void convert_kernel<float2, __half2>(tensor_layout_any, T1 *, tensor_layout_any, const T2 *)"
17759449431,10528,359527,2253,1,1,128,1,1,16,0.000,0.000,,,,,NVIDIA A100-SXM4-40GB MIG 4g.20gb (0),1,,13,cupy_copy__float16_float16
17759461047,2816,359536,282,1,1,128,1,1,16,0.000,0.000,,,,,NVIDIA A100-SXM4-40GB MIG 4g.20gb (0),1,,13,cupy_copy__complex64_complex64
17759464887,2048,359545,26,1,1,128,1,1,16,0.000,0.000,,,,,NVIDIA A100-SXM4-40GB MIG 4g.20gb (0),1,,13,cupy_copy__float32_float32
17759467991,2816,359554,103,1,1,128,1,1,16,0.000,0.000,,,,,NVIDIA A100-SXM4-40GB MIG 4g.20gb (0),1,,13,cupy_copy__complex64_complex64
17759471959,11424,359564,1434,1,1,128,1,1,16,0.000,0.000,,,,,NVIDIA A100-SXM4-40GB MIG 4g.20gb (0),1,,13,cupy_copy__complex64_complex64
17759498903,79711,359569,1,1,1,32,32,1,30,0.000,0.000,,,,,NVIDIA A100-SXM4-40GB MIG 4g.20gb (0),1,,13,"void convert_kernel<__half2, float2>(tensor_layout_any, T1 *, tensor_layout_any, const T2 *)"
17759606613,5312,359572,,,,,,,,,,0.094,17638.553,Pinned,Device,NVIDIA A100-SXM4-40GB MIG 4g.20gb (0),1,,13,[CUDA memcpy Host-to-Device]
17759617749,591450,359573,,,,,,,,,,456.561,771588.834,Device,,NVIDIA A100-SXM4-40GB MIG 4g.20gb (0),1,,13,[CUDA memset]
17760217007,48447,359578,,,,,,,,,,1.235,25490.479,Pinned,Device,NVIDIA A100-SXM4-40GB MIG 4g.20gb (0),1,,13,[CUDA memcpy Host-to-Device]
17760267534,9216,359579,,,,,,,,,,0.197,21333.148,Pinned,Device,NVIDIA A100-SXM4-40GB MIG 4g.20gb (0),1,,13,[CUDA memcpy Host-to-Device]
17760279854,7232,359580,69,4,1,48,1,1,76,0.002,0.000,,,,,NVIDIA A100-SXM4-40GB MIG 4g.20gb (0),1,,13,"void ch_est::windowedChEstPreNoDftSOfdmKernel<float, __half, float, (unsigned int)2, (unsigned int)1, (unsigned short)4>(ch_est::puschRxChEstStatDescr_t *, ch_est::puschRxChEstDynDescr_t *)"
17760288174,6592,359581,137,2,1,24,2,1,44,0.001,0.001,,,,,NVIDIA A100-SXM4-40GB MIG 4g.20gb (0),1,,13,"void ch_est::chEstFilterNoDftSOfdmDispatchKernel<float, __half, float, (unsigned int)2>(ch_est::puschRxChEstStatDescr_t *, ch_est::puschRxChEstDynDescr_t *)"
17760295758,5088,359582,137,2,1,24,2,1,44,0.001,0.001,,,,,NVIDIA A100-SXM4-40GB MIG 4g.20gb (0),1,,13,"void ch_est::chEstFilterNoDftSOfdmDispatchKernel<float, __half, float, (unsigned int)2>(ch_est::puschRxChEstStatDescr_t *, ch_est::puschRxChEstDynDescr_t *)"
17760301806,2528,359593,103,1,1,128,1,1,16,0.000,0.000,,,,,NVIDIA A100-SXM4-40GB MIG 4g.20gb (0),1,,13,cupy_copy__complex64_complex64
17760305326,12927,359603,1434,1,1,128,1,1,16,0.000,0.000,,,,,NVIDIA A100-SXM4-40GB MIG 4g.20gb (0),1,,13,cupy_copy__complex64_complex64
17760319309,2432,359610,103,1,1,128,1,1,16,0.000,0.000,,,,,NVIDIA A100-SXM4-40GB MIG 4g.20gb (0),1,,13,cupy_copy__complex64_complex64
17760322765,79103,359617,1,1,1,32,32,1,30,0.000,0.000,,,,,NVIDIA A100-SXM4-40GB MIG 4g.20gb (0),1,,13,"void convert_kernel<__half2, float2>(tensor_layout_any, T1 *, tensor_layout_any, const T2 *)"
17760429580,5344,359620,,,,,,,,,,0.094,17532.864,Pinned,Device,NVIDIA A100-SXM4-40GB MIG 4g.20gb (0),1,,13,[CUDA memcpy Host-to-Device]
17760441900,45695,359621,,,,,,,,,,35.810,783664.289,Device,,NVIDIA A100-SXM4-40GB MIG 4g.20gb (0),1,,13,[CUDA memset]
17760492491,1824,359623,,,,,,,,,,0.000,43.860,Pinned,Device,NVIDIA A100-SXM4-40GB MIG 4g.20gb (0),1,,13,[CUDA memcpy Host-to-Device]
17760496395,9536,359624,,,,,,,,,,0.197,20617.298,Pinned,Device,NVIDIA A100-SXM4-40GB MIG 4g.20gb (0),1,,13,[CUDA memcpy Host-to-Device]
17760509067,8768,359625,273,1,1,48,1,1,40,0.000,0.001,,,,,NVIDIA A100-SXM4-40GB MIG 4g.20gb (0),1,,13,"void pusch_noise_intf_est::noiseIntfEstNoDftSOfdmKernel<float, __half, float, float, (unsigned int)2, (unsigned int)1, (unsigned char)4, (unsigned char)4>(pusch_noise_intf_est::puschRxNoiseIntfEstDynDescr)"
17760518987,2848,359636,35,1,1,128,1,1,16,0.000,0.000,,,,,NVIDIA A100-SXM4-40GB MIG 4g.20gb (0),1,,13,cupy_copy__complex64_complex64
17760544907,1888,359645,1,1,1,1,1,1,18,0.000,0.000,,,,,NVIDIA A100-SXM4-40GB MIG 4g.20gb (0),1,,13,cupy_copy__float32_float32
17760578538,1568,359651,,,,,,,,,,0.000,2.551,Device,Pageable,NVIDIA A100-SXM4-40GB MIG 4g.20gb (0),1,,7,[CUDA memcpy Device-to-Host]
17760646890,13632,359662,1434,1,1,128,1,1,16,0.000,0.000,,,,,NVIDIA A100-SXM4-40GB MIG 4g.20gb (0),1,,13,cupy_copy__complex64_complex64
17760673321,2688,359669,103,1,1,128,1,1,16,0.000,0.000,,,,,NVIDIA A100-SXM4-40GB MIG 4g.20gb (0),1,,13,cupy_copy__complex64_complex64
17760694185,2176,359676,35,1,1,128,1,1,16,0.000,0.000,,,,,NVIDIA A100-SXM4-40GB MIG 4g.20gb (0),1,,13,cupy_copy__complex64_complex64
17760712361,1824,359683,1,1,1,1,1,1,18,0.000,0.000,,,,,NVIDIA A100-SXM4-40GB MIG 4g.20gb (0),1,,13,cupy_copy__float32_float32
17760847047,80064,359694,1,1,1,32,32,1,30,0.000,0.000,,,,,NVIDIA A100-SXM4-40GB MIG 4g.20gb (0),1,,13,"void convert_kernel<__half2, float2>(tensor_layout_any, T1 *, tensor_layout_any, const T2 *)"
17760955110,5952,359697,,,,,,,,,,0.094,15741.865,Pinned,Device,NVIDIA A100-SXM4-40GB MIG 4g.20gb (0),1,,13,[CUDA memcpy Host-to-Device]
17760969062,3200,359698,,,,,,,,,,1.547,483320.000,Device,,NVIDIA A100-SXM4-40GB MIG 4g.20gb (0),1,,13,[CUDA memset]
17760975526,4288,359703,,,,,,,,,,0.031,7298.478,Pinned,Device,NVIDIA A100-SXM4-40GB MIG 4g.20gb (0),1,,13,[CUDA memcpy Host-to-Device]
17760982246,9248,359704,,,,,,,,,,0.197,21259.420,Pinned,Device,NVIDIA A100-SXM4-40GB MIG 4g.20gb (0),1,,13,[CUDA memcpy Host-to-Device]
17760994694,6272,359705,273,1,1,8,4,1,39,0.002,0.000,,,,,NVIDIA A100-SXM4-40GB MIG 4g.20gb (0),1,,13,"void channel_eq::eqMmseCoefCompLowMimoKernel<float, float, float, (unsigned int)4, (unsigned int)1, (unsigned int)4>(const channel_eq::_puschRxChEqStatDescr *, channel_eq::_puschRxChEqCoefCompDynDescr)"
17761002054,5952,359706,273,1,1,12,11,1,51,0.002,0.000,,,,,NVIDIA A100-SXM4-40GB MIG 4g.20gb (0),1,,13,"void channel_eq::eqMmseSoftDemapKernel<float, __half, __half, float, (unsigned int)4, (unsigned short)16383>(channel_eq::_puschRxChEqStatDescr *, channel_eq::_puschRxChEqSoftDemapDynDescr)"
17761009030,281436,359707,1,1,1,32,32,1,30,0.000,0.000,,,,,NVIDIA A100-SXM4-40GB MIG 4g.20gb (0),1,,13,"void convert_kernel<float2, __half2>(tensor_layout_any, T1 *, tensor_layout_any, const T2 *)"
17761291554,10400,359719,2253,1,1,128,1,1,16,0.000,0.000,,,,,NVIDIA A100-SXM4-40GB MIG 4g.20gb (0),1,,13,cupy_copy__float16_float16
17761302914,2816,359728,282,1,1,128,1,1,16,0.000,0.000,,,,,NVIDIA A100-SXM4-40GB MIG 4g.20gb (0),1,,13,cupy_copy__complex64_complex64
17761306690,2048,359737,26,1,1,128,1,1,16,0.000,0.000,,,,,NVIDIA A100-SXM4-40GB MIG 4g.20gb (0),1,,13,cupy_copy__float32_float32
17761309730,2848,359746,103,1,1,128,1,1,16,0.000,0.000,,,,,NVIDIA A100-SXM4-40GB MIG 4g.20gb (0),1,,13,cupy_copy__complex64_complex64
17761363458,11392,359762,1434,1,1,128,1,1,16,0.000,0.000,,,,,NVIDIA A100-SXM4-40GB MIG 4g.20gb (0),1,,13,cupy_copy__complex64_complex64
17761491232,80223,359767,1,1,1,32,32,1,30,0.000,0.000,,,,,NVIDIA A100-SXM4-40GB MIG 4g.20gb (0),1,,13,"void convert_kernel<__half2, float2>(tensor_layout_any, T1 *, tensor_layout_any, const T2 *)"
17761599359,5344,359770,,,,,,,,,,0.094,17532.864,Pinned,Device,NVIDIA A100-SXM4-40GB MIG 4g.20gb (0),1,,13,[CUDA memcpy Host-to-Device]
17761608799,591289,359771,,,,,,,,,,456.561,772045.395,Device,,NVIDIA A100-SXM4-40GB MIG 4g.20gb (0),1,,13,[CUDA memset]
17762202104,48448,359776,,,,,,,,,,1.235,25489.244,Pinned,Device,NVIDIA A100-SXM4-40GB MIG 4g.20gb (0),1,,13,[CUDA memcpy Host-to-Device]
17762252664,9184,359777,,,,,,,,,,0.197,21407.662,Pinned,Device,NVIDIA A100-SXM4-40GB MIG 4g.20gb (0),1,,13,[CUDA memcpy Host-to-Device]
17762265048,7423,359778,69,4,1,48,1,1,76,0.002,0.000,,,,,NVIDIA A100-SXM4-40GB MIG 4g.20gb (0),1,,13,"void ch_est::windowedChEstPreNoDftSOfdmKernel<float, __half, float, (unsigned int)2, (unsigned int)1, (unsigned short)4>(ch_est::puschRxChEstStatDescr_t *, ch_est::puschRxChEstDynDescr_t *)"
17762273591,6720,359779,137,2,1,24,2,1,44,0.001,0.001,,,,,NVIDIA A100-SXM4-40GB MIG 4g.20gb (0),1,,13,"void ch_est::chEstFilterNoDftSOfdmDispatchKernel<float, __half, float, (unsigned int)2>(ch_est::puschRxChEstStatDescr_t *, ch_est::puschRxChEstDynDescr_t *)"
17762281463,4736,359780,137,2,1,24,2,1,44,0.001,0.001,,,,,NVIDIA A100-SXM4-40GB MIG 4g.20gb (0),1,,13,"void ch_est::chEstFilterNoDftSOfdmDispatchKernel<float, __half, float, (unsigned int)2>(ch_est::puschRxChEstStatDescr_t *, ch_est::puschRxChEstDynDescr_t *)"
17762287159,2496,359791,103,1,1,128,1,1,16,0.000,0.000,,,,,NVIDIA A100-SXM4-40GB MIG 4g.20gb (0),1,,13,cupy_copy__complex64_complex64
17762290679,13056,359801,1434,1,1,128,1,1,16,0.000,0.000,,,,,NVIDIA A100-SXM4-40GB MIG 4g.20gb (0),1,,13,cupy_copy__complex64_complex64
17762304663,2432,359808,103,1,1,128,1,1,16,0.000,0.000,,,,,NVIDIA A100-SXM4-40GB MIG 4g.20gb (0),1,,13,cupy_copy__complex64_complex64
17762308183,79679,359815,1,1,1,32,32,1,30,0.000,0.000,,,,,NVIDIA A100-SXM4-40GB MIG 4g.20gb (0),1,,13,"void convert_kernel<__half2, float2>(tensor_layout_any, T1 *, tensor_layout_any, const T2 *)"
17762415382,5376,359818,,,,,,,,,,0.094,17428.487,Pinned,Device,NVIDIA A100-SXM4-40GB MIG 4g.20gb (0),1,,13,[CUDA memcpy Host-to-Device]
17762427190,45663,359819,,,,,,,,,,35.810,784201.438,Device,,NVIDIA A100-SXM4-40GB MIG 4g.20gb (0),1,,13,[CUDA memset]
17762481045,1856,359821,,,,,,,,,,0.000,43.103,Pinned,Device,NVIDIA A100-SXM4-40GB MIG 4g.20gb (0),1,,13,[CUDA memcpy Host-to-Device]
17762484981,9184,359822,,,,,,,,,,0.197,21407.662,Pinned,Device,NVIDIA A100-SXM4-40GB MIG 4g.20gb (0),1,,13,[CUDA memcpy Host-to-Device]
17762497333,8608,359823,273,1,1,48,1,1,40,0.000,0.001,,,,,NVIDIA A100-SXM4-40GB MIG 4g.20gb (0),1,,13,"void pusch_noise_intf_est::noiseIntfEstNoDftSOfdmKernel<float, __half, float, float, (unsigned int)2, (unsigned int)1, (unsigned char)4, (unsigned char)4>(pusch_noise_intf_est::puschRxNoiseIntfEstDynDescr)"
17762507061,2816,359834,35,1,1,128,1,1,16,0.000,0.000,,,,,NVIDIA A100-SXM4-40GB MIG 4g.20gb (0),1,,13,cupy_copy__complex64_complex64
17762544340,1920,359843,1,1,1,1,1,1,18,0.000,0.000,,,,,NVIDIA A100-SXM4-40GB MIG 4g.20gb (0),1,,13,cupy_copy__float32_float32
17762578548,1600,359849,,,,,,,,,,0.000,2.500,Device,Pageable,NVIDIA A100-SXM4-40GB MIG 4g.20gb (0),1,,7,[CUDA memcpy Device-to-Host]
17762636627,13696,359860,1434,1,1,128,1,1,16,0.000,0.000,,,,,NVIDIA A100-SXM4-40GB MIG 4g.20gb (0),1,,13,cupy_copy__complex64_complex64
17762663315,2688,359867,103,1,1,128,1,1,16,0.000,0.000,,,,,NVIDIA A100-SXM4-40GB MIG 4g.20gb (0),1,,13,cupy_copy__complex64_complex64
17762683795,2208,359874,35,1,1,128,1,1,16,0.000,0.000,,,,,NVIDIA A100-SXM4-40GB MIG 4g.20gb (0),1,,13,cupy_copy__complex64_complex64
17762701939,1824,359881,1,1,1,1,1,1,18,0.000,0.000,,,,,NVIDIA A100-SXM4-40GB MIG 4g.20gb (0),1,,13,cupy_copy__float32_float32
17762838417,79391,359892,1,1,1,32,32,1,30,0.000,0.000,,,,,NVIDIA A100-SXM4-40GB MIG 4g.20gb (0),1,,13,"void convert_kernel<__half2, float2>(tensor_layout_any, T1 *, tensor_layout_any, const T2 *)"
17762945136,5344,359895,,,,,,,,,,0.094,17532.864,Pinned,Device,NVIDIA A100-SXM4-40GB MIG 4g.20gb (0),1,,13,[CUDA memcpy Host-to-Device]
17762959056,3200,359896,,,,,,,,,,1.547,483320.000,Device,,NVIDIA A100-SXM4-40GB MIG 4g.20gb (0),1,,13,[CUDA memset]
17762965488,3008,359901,,,,,,,,,,0.031,10404.230,Pinned,Device,NVIDIA A100-SXM4-40GB MIG 4g.20gb (0),1,,13,[CUDA memcpy Host-to-Device]
17762970576,9343,359902,,,,,,,,,,0.197,21043.347,Pinned,Device,NVIDIA A100-SXM4-40GB MIG 4g.20gb (0),1,,13,[CUDA memcpy Host-to-Device]
17762982959,5984,359903,273,1,1,8,4,1,39,0.002,0.000,,,,,NVIDIA A100-SXM4-40GB MIG 4g.20gb (0),1,,13,"void channel_eq::eqMmseCoefCompLowMimoKernel<float, float, float, (unsigned int)4, (unsigned int)1, (unsigned int)4>(const channel_eq::_puschRxChEqStatDescr *, channel_eq::_puschRxChEqCoefCompDynDescr)"
17762989935,6400,359904,273,1,1,12,11,1,51,0.002,0.000,,,,,NVIDIA A100-SXM4-40GB MIG 4g.20gb (0),1,,13,"void channel_eq::eqMmseSoftDemapKernel<float, __half, __half, float, (unsigned int)4, (unsigned short)16383>(channel_eq::_puschRxChEqStatDescr *, channel_eq::_puschRxChEqSoftDemapDynDescr)"
17762997487,281597,359905,1,1,1,32,32,1,30,0.000,0.000,,,,,NVIDIA A100-SXM4-40GB MIG 4g.20gb (0),1,,13,"void convert_kernel<float2, __half2>(tensor_layout_any, T1 *, tensor_layout_any, const T2 *)"
17763280204,10528,359917,2253,1,1,128,1,1,16,0.000,0.000,,,,,NVIDIA A100-SXM4-40GB MIG 4g.20gb (0),1,,13,cupy_copy__float16_float16
17763291820,2784,359926,282,1,1,128,1,1,16,0.000,0.000,,,,,NVIDIA A100-SXM4-40GB MIG 4g.20gb (0),1,,13,cupy_copy__complex64_complex64
17763295724,2048,359935,26,1,1,128,1,1,16,0.000,0.000,,,,,NVIDIA A100-SXM4-40GB MIG 4g.20gb (0),1,,13,cupy_copy__float32_float32
17763298892,2816,359944,103,1,1,128,1,1,16,0.000,0.000,,,,,NVIDIA A100-SXM4-40GB MIG 4g.20gb (0),1,,13,cupy_copy__complex64_complex64
17763302860,11456,359954,1434,1,1,128,1,1,16,0.000,0.000,,,,,NVIDIA A100-SXM4-40GB MIG 4g.20gb (0),1,,13,cupy_copy__complex64_complex64
17763341579,79776,359959,1,1,1,32,32,1,30,0.000,0.000,,,,,NVIDIA A100-SXM4-40GB MIG 4g.20gb (0),1,,13,"void convert_kernel<__half2, float2>(tensor_layout_any, T1 *, tensor_layout_any, const T2 *)"
17763449098,5344,359962,,,,,,,,,,0.094,17532.864,Pinned,Device,NVIDIA A100-SXM4-40GB MIG 4g.20gb (0),1,,13,[CUDA memcpy Host-to-Device]
17763459210,590745,359963,,,,,,,,,,456.561,772501.956,Device,,NVIDIA A100-SXM4-40GB MIG 4g.20gb (0),1,,13,[CUDA memset]
17764051043,48032,359968,,,,,,,,,,1.235,25710.299,Pinned,Device,NVIDIA A100-SXM4-40GB MIG 4g.20gb (0),1,,13,[CUDA memcpy Host-to-Device]
17764101187,9216,359969,,,,,,,,,,0.197,21333.148,Pinned,Device,NVIDIA A100-SXM4-40GB MIG 4g.20gb (0),1,,13,[CUDA memcpy Host-to-Device]
17764113443,7264,359970,69,4,1,48,1,1,76,0.002,0.000,,,,,NVIDIA A100-SXM4-40GB MIG 4g.20gb (0),1,,13,"void ch_est::windowedChEstPreNoDftSOfdmKernel<float, __half, float, (unsigned int)2, (unsigned int)1, (unsigned short)4>(ch_est::puschRxChEstStatDescr_t *, ch_est::puschRxChEstDynDescr_t *)"
17764121763,6656,359971,137,2,1,24,2,1,44,0.001,0.001,,,,,NVIDIA A100-SXM4-40GB MIG 4g.20gb (0),1,,13,"void ch_est::chEstFilterNoDftSOfdmDispatchKernel<float, __half, float, (unsigned int)2>(ch_est::puschRxChEstStatDescr_t *, ch_est::puschRxChEstDynDescr_t *)"
17764129411,4736,359972,137,2,1,24,2,1,44,0.001,0.001,,,,,NVIDIA A100-SXM4-40GB MIG 4g.20gb (0),1,,13,"void ch_est::chEstFilterNoDftSOfdmDispatchKernel<float, __half, float, (unsigned int)2>(ch_est::puschRxChEstStatDescr_t *, ch_est::puschRxChEstDynDescr_t *)"
17764135234,2496,359983,103,1,1,128,1,1,16,0.000,0.000,,,,,NVIDIA A100-SXM4-40GB MIG 4g.20gb (0),1,,13,cupy_copy__complex64_complex64
17764138850,12800,359993,1434,1,1,128,1,1,16,0.000,0.000,,,,,NVIDIA A100-SXM4-40GB MIG 4g.20gb (0),1,,13,cupy_copy__complex64_complex64
17764152674,2432,360000,103,1,1,128,1,1,16,0.000,0.000,,,,,NVIDIA A100-SXM4-40GB MIG 4g.20gb (0),1,,13,cupy_copy__complex64_complex64
17764156226,79231,360007,1,1,1,32,32,1,30,0.000,0.000,,,,,NVIDIA A100-SXM4-40GB MIG 4g.20gb (0),1,,13,"void convert_kernel<__half2, float2>(tensor_layout_any, T1 *, tensor_layout_any, const T2 *)"
17764263585,5344,360010,,,,,,,,,,0.094,17532.864,Pinned,Device,NVIDIA A100-SXM4-40GB MIG 4g.20gb (0),1,,13,[CUDA memcpy Host-to-Device]
17764275617,45759,360011,,,,,,,,,,35.810,782554.182,Device,,NVIDIA A100-SXM4-40GB MIG 4g.20gb (0),1,,13,[CUDA memset]
17764328320,1856,360013,,,,,,,,,,0.000,43.103,Pinned,Device,NVIDIA A100-SXM4-40GB MIG 4g.20gb (0),1,,13,[CUDA memcpy Host-to-Device]
17764332256,9216,360014,,,,,,,,,,0.197,21333.148,Pinned,Device,NVIDIA A100-SXM4-40GB MIG 4g.20gb (0),1,,13,[CUDA memcpy Host-to-Device]
17764344480,8896,360015,273,1,1,48,1,1,40,0.000,0.001,,,,,NVIDIA A100-SXM4-40GB MIG 4g.20gb (0),1,,13,"void pusch_noise_intf_est::noiseIntfEstNoDftSOfdmKernel<float, __half, float, float, (unsigned int)2, (unsigned int)1, (unsigned char)4, (unsigned char)4>(pusch_noise_intf_est::puschRxNoiseIntfEstDynDescr)"
17764362752,2784,360026,35,1,1,128,1,1,16,0.000,0.000,,,,,NVIDIA A100-SXM4-40GB MIG 4g.20gb (0),1,,13,cupy_copy__complex64_complex64
17764397248,1888,360035,1,1,1,1,1,1,18,0.000,0.000,,,,,NVIDIA A100-SXM4-40GB MIG 4g.20gb (0),1,,13,cupy_copy__float32_float32
17764430911,1600,360041,,,,,,,,,,0.000,2.500,Device,Pageable,NVIDIA A100-SXM4-40GB MIG 4g.20gb (0),1,,7,[CUDA memcpy Device-to-Host]
17764489823,13439,360052,1434,1,1,128,1,1,16,0.000,0.000,,,,,NVIDIA A100-SXM4-40GB MIG 4g.20gb (0),1,,13,cupy_copy__complex64_complex64
17764515358,2624,360059,103,1,1,128,1,1,16,0.000,0.000,,,,,NVIDIA A100-SXM4-40GB MIG 4g.20gb (0),1,,13,cupy_copy__complex64_complex64
17764535550,2208,360066,35,1,1,128,1,1,16,0.000,0.000,,,,,NVIDIA A100-SXM4-40GB MIG 4g.20gb (0),1,,13,cupy_copy__complex64_complex64
17764552926,1856,360073,1,1,1,1,1,1,18,0.000,0.000,,,,,NVIDIA A100-SXM4-40GB MIG 4g.20gb (0),1,,13,cupy_copy__float32_float32
17764686332,79743,360084,1,1,1,32,32,1,30,0.000,0.000,,,,,NVIDIA A100-SXM4-40GB MIG 4g.20gb (0),1,,13,"void convert_kernel<__half2, float2>(tensor_layout_any, T1 *, tensor_layout_any, const T2 *)"
17764793147,5344,360087,,,,,,,,,,0.094,17532.864,Pinned,Device,NVIDIA A100-SXM4-40GB MIG 4g.20gb (0),1,,13,[CUDA memcpy Host-to-Device]
17764806939,3168,360088,,,,,,,,,,1.547,488201.145,Device,,NVIDIA A100-SXM4-40GB MIG 4g.20gb (0),1,,13,[CUDA memset]
17764813659,3040,360093,,,,,,,,,,0.031,10294.725,Pinned,Device,NVIDIA A100-SXM4-40GB MIG 4g.20gb (0),1,,13,[CUDA memcpy Host-to-Device]
17764818779,9280,360094,,,,,,,,,,0.197,21186.085,Pinned,Device,NVIDIA A100-SXM4-40GB MIG 4g.20gb (0),1,,13,[CUDA memcpy Host-to-Device]
17764831099,5920,360095,273,1,1,8,4,1,39,0.002,0.000,,,,,NVIDIA A100-SXM4-40GB MIG 4g.20gb (0),1,,13,"void channel_eq::eqMmseCoefCompLowMimoKernel<float, float, float, (unsigned int)4, (unsigned int)1, (unsigned int)4>(const channel_eq::_puschRxChEqStatDescr *, channel_eq::_puschRxChEqCoefCompDynDescr)"
17764838075,6304,360096,273,1,1,12,11,1,51,0.002,0.000,,,,,NVIDIA A100-SXM4-40GB MIG 4g.20gb (0),1,,13,"void channel_eq::eqMmseSoftDemapKernel<float, __half, __half, float, (unsigned int)4, (unsigned short)16383>(channel_eq::_puschRxChEqStatDescr *, channel_eq::_puschRxChEqSoftDemapDynDescr)"
17764845499,281596,360097,1,1,1,32,32,1,30,0.000,0.000,,,,,NVIDIA A100-SXM4-40GB MIG 4g.20gb (0),1,,13,"void convert_kernel<float2, __half2>(tensor_layout_any, T1 *, tensor_layout_any, const T2 *)"
17765128247,10528,360109,2253,1,1,128,1,1,16,0.000,0.000,,,,,NVIDIA A100-SXM4-40GB MIG 4g.20gb (0),1,,13,cupy_copy__float16_float16
17765139895,2816,360118,282,1,1,128,1,1,16,0.000,0.000,,,,,NVIDIA A100-SXM4-40GB MIG 4g.20gb (0),1,,13,cupy_copy__complex64_complex64
17765143799,2048,360127,26,1,1,128,1,1,16,0.000,0.000,,,,,NVIDIA A100-SXM4-40GB MIG 4g.20gb (0),1,,13,cupy_copy__float32_float32
17765146839,2816,360136,103,1,1,128,1,1,16,0.000,0.000,,,,,NVIDIA A100-SXM4-40GB MIG 4g.20gb (0),1,,13,cupy_copy__complex64_complex64
17765150711,11296,360146,1434,1,1,128,1,1,16,0.000,0.000,,,,,NVIDIA A100-SXM4-40GB MIG 4g.20gb (0),1,,13,cupy_copy__complex64_complex64
17765196055,79583,360151,1,1,1,32,32,1,30,0.000,0.000,,,,,NVIDIA A100-SXM4-40GB MIG 4g.20gb (0),1,,13,"void convert_kernel<__half2, float2>(tensor_layout_any, T1 *, tensor_layout_any, const T2 *)"
17765303829,5312,360154,,,,,,,,,,0.094,17638.553,Pinned,Device,NVIDIA A100-SXM4-40GB MIG 4g.20gb (0),1,,13,[CUDA memcpy Host-to-Device]
17765313237,591418,360155,,,,,,,,,,456.561,771588.834,Device,,NVIDIA A100-SXM4-40GB MIG 4g.20gb (0),1,,13,[CUDA memset]
17765908943,48031,360160,,,,,,,,,,1.235,25710.299,Pinned,Device,NVIDIA A100-SXM4-40GB MIG 4g.20gb (0),1,,13,[CUDA memcpy Host-to-Device]
17765959086,9408,360161,,,,,,,,,,0.197,20897.858,Pinned,Device,NVIDIA A100-SXM4-40GB MIG 4g.20gb (0),1,,13,[CUDA memcpy Host-to-Device]
17765971470,7328,360162,69,4,1,48,1,1,76,0.002,0.000,,,,,NVIDIA A100-SXM4-40GB MIG 4g.20gb (0),1,,13,"void ch_est::windowedChEstPreNoDftSOfdmKernel<float, __half, float, (unsigned int)2, (unsigned int)1, (unsigned short)4>(ch_est::puschRxChEstStatDescr_t *, ch_est::puschRxChEstDynDescr_t *)"
17765979758,6368,360163,137,2,1,24,2,1,44,0.001,0.001,,,,,NVIDIA A100-SXM4-40GB MIG 4g.20gb (0),1,,13,"void ch_est::chEstFilterNoDftSOfdmDispatchKernel<float, __half, float, (unsigned int)2>(ch_est::puschRxChEstStatDescr_t *, ch_est::puschRxChEstDynDescr_t *)"
17765987182,4704,360164,137,2,1,24,2,1,44,0.001,0.001,,,,,NVIDIA A100-SXM4-40GB MIG 4g.20gb (0),1,,13,"void ch_est::chEstFilterNoDftSOfdmDispatchKernel<float, __half, float, (unsigned int)2>(ch_est::puschRxChEstStatDescr_t *, ch_est::puschRxChEstDynDescr_t *)"
17765993006,2464,360175,103,1,1,128,1,1,16,0.000,0.000,,,,,NVIDIA A100-SXM4-40GB MIG 4g.20gb (0),1,,13,cupy_copy__complex64_complex64
17765996462,12959,360185,1434,1,1,128,1,1,16,0.000,0.000,,,,,NVIDIA A100-SXM4-40GB MIG 4g.20gb (0),1,,13,cupy_copy__complex64_complex64
17766010413,2336,360192,103,1,1,128,1,1,16,0.000,0.000,,,,,NVIDIA A100-SXM4-40GB MIG 4g.20gb (0),1,,13,cupy_copy__complex64_complex64
17766013709,79615,360199,1,1,1,32,32,1,30,0.000,0.000,,,,,NVIDIA A100-SXM4-40GB MIG 4g.20gb (0),1,,13,"void convert_kernel<__half2, float2>(tensor_layout_any, T1 *, tensor_layout_any, const T2 *)"
17766121356,5344,360202,,,,,,,,,,0.094,17532.864,Pinned,Device,NVIDIA A100-SXM4-40GB MIG 4g.20gb (0),1,,13,[CUDA memcpy Host-to-Device]
17766132684,45664,360203,,,,,,,,,,35.810,784201.438,Device,,NVIDIA A100-SXM4-40GB MIG 4g.20gb (0),1,,13,[CUDA memset]
17766185835,1856,360205,,,,,,,,,,0.000,43.103,Pinned,Device,NVIDIA A100-SXM4-40GB MIG 4g.20gb (0),1,,13,[CUDA memcpy Host-to-Device]
17766189739,9216,360206,,,,,,,,,,0.197,21333.148,Pinned,Device,NVIDIA A100-SXM4-40GB MIG 4g.20gb (0),1,,13,[CUDA memcpy Host-to-Device]
17766202091,8096,360207,273,1,1,48,1,1,40,0.000,0.001,,,,,NVIDIA A100-SXM4-40GB MIG 4g.20gb (0),1,,13,"void pusch_noise_intf_est::noiseIntfEstNoDftSOfdmKernel<float, __half, float, float, (unsigned int)2, (unsigned int)1, (unsigned char)4, (unsigned char)4>(pusch_noise_intf_est::puschRxNoiseIntfEstDynDescr)"
17766213547,2880,360218,35,1,1,128,1,1,16,0.000,0.000,,,,,NVIDIA A100-SXM4-40GB MIG 4g.20gb (0),1,,13,cupy_copy__complex64_complex64
17766248139,1824,360227,1,1,1,1,1,1,18,0.000,0.000,,,,,NVIDIA A100-SXM4-40GB MIG 4g.20gb (0),1,,13,cupy_copy__float32_float32
17766281162,1568,360233,,,,,,,,,,0.000,2.551,Device,Pageable,NVIDIA A100-SXM4-40GB MIG 4g.20gb (0),1,,7,[CUDA memcpy Device-to-Host]
17766339658,13312,360244,1434,1,1,128,1,1,16,0.000,0.000,,,,,NVIDIA A100-SXM4-40GB MIG 4g.20gb (0),1,,13,cupy_copy__complex64_complex64
17766366121,2656,360251,103,1,1,128,1,1,16,0.000,0.000,,,,,NVIDIA A100-SXM4-40GB MIG 4g.20gb (0),1,,13,cupy_copy__complex64_complex64
17766385737,2176,360258,35,1,1,128,1,1,16,0.000,0.000,,,,,NVIDIA A100-SXM4-40GB MIG 4g.20gb (0),1,,13,cupy_copy__complex64_complex64
17766403241,1824,360265,1,1,1,1,1,1,18,0.000,0.000,,,,,NVIDIA A100-SXM4-40GB MIG 4g.20gb (0),1,,13,cupy_copy__float32_float32
17766537352,79391,360276,1,1,1,32,32,1,30,0.000,0.000,,,,,NVIDIA A100-SXM4-40GB MIG 4g.20gb (0),1,,13,"void convert_kernel<__half2, float2>(tensor_layout_any, T1 *, tensor_layout_any, const T2 *)"
17766644902,5344,360279,,,,,,,,,,0.094,17532.864,Pinned,Device,NVIDIA A100-SXM4-40GB MIG 4g.20gb (0),1,,13,[CUDA memcpy Host-to-Device]
17766659878,3200,360280,,,,,,,,,,1.547,483320.000,Device,,NVIDIA A100-SXM4-40GB MIG 4g.20gb (0),1,,13,[CUDA memset]
17766665510,3008,360285,,,,,,,,,,0.031,10404.230,Pinned,Device,NVIDIA A100-SXM4-40GB MIG 4g.20gb (0),1,,13,[CUDA memcpy Host-to-Device]
17766670630,9536,360286,,,,,,,,,,0.197,20617.298,Pinned,Device,NVIDIA A100-SXM4-40GB MIG 4g.20gb (0),1,,13,[CUDA memcpy Host-to-Device]
17766683174,5952,360287,273,1,1,8,4,1,39,0.002,0.000,,,,,NVIDIA A100-SXM4-40GB MIG 4g.20gb (0),1,,13,"void channel_eq::eqMmseCoefCompLowMimoKernel<float, float, float, (unsigned int)4, (unsigned int)1, (unsigned int)4>(const channel_eq::_puschRxChEqStatDescr *, channel_eq::_puschRxChEqCoefCompDynDescr)"
17766690150,6240,360288,273,1,1,12,11,1,51,0.002,0.000,,,,,NVIDIA A100-SXM4-40GB MIG 4g.20gb (0),1,,13,"void channel_eq::eqMmseSoftDemapKernel<float, __half, __half, float, (unsigned int)4, (unsigned short)16383>(channel_eq::_puschRxChEqStatDescr *, channel_eq::_puschRxChEqSoftDemapDynDescr)"
17766697574,281949,360289,1,1,1,32,32,1,30,0.000,0.000,,,,,NVIDIA A100-SXM4-40GB MIG 4g.20gb (0),1,,13,"void convert_kernel<float2, __half2>(tensor_layout_any, T1 *, tensor_layout_any, const T2 *)"
17766980579,10431,360301,2253,1,1,128,1,1,16,0.000,0.000,,,,,NVIDIA A100-SXM4-40GB MIG 4g.20gb (0),1,,13,cupy_copy__float16_float16
17766991970,2816,360310,282,1,1,128,1,1,16,0.000,0.000,,,,,NVIDIA A100-SXM4-40GB MIG 4g.20gb (0),1,,13,cupy_copy__complex64_complex64
17766995874,2048,360319,26,1,1,128,1,1,16,0.000,0.000,,,,,NVIDIA A100-SXM4-40GB MIG 4g.20gb (0),1,,13,cupy_copy__float32_float32
17766998914,2848,360328,103,1,1,128,1,1,16,0.000,0.000,,,,,NVIDIA A100-SXM4-40GB MIG 4g.20gb (0),1,,13,cupy_copy__complex64_complex64
17767002914,11392,360338,1434,1,1,128,1,1,16,0.000,0.000,,,,,NVIDIA A100-SXM4-40GB MIG 4g.20gb (0),1,,13,cupy_copy__complex64_complex64
17767039394,79551,360343,1,1,1,32,32,1,30,0.000,0.000,,,,,NVIDIA A100-SXM4-40GB MIG 4g.20gb (0),1,,13,"void convert_kernel<__half2, float2>(tensor_layout_any, T1 *, tensor_layout_any, const T2 *)"
17767146689,5344,360346,,,,,,,,,,0.094,17532.864,Pinned,Device,NVIDIA A100-SXM4-40GB MIG 4g.20gb (0),1,,13,[CUDA memcpy Host-to-Device]
17767156225,591385,360347,,,,,,,,,,456.561,771588.834,Device,,NVIDIA A100-SXM4-40GB MIG 4g.20gb (0),1,,13,[CUDA memset]
17767748634,48351,360352,,,,,,,,,,1.235,25541.112,Pinned,Device,NVIDIA A100-SXM4-40GB MIG 4g.20gb (0),1,,13,[CUDA memcpy Host-to-Device]
17767799097,9216,360353,,,,,,,,,,0.197,21333.148,Pinned,Device,NVIDIA A100-SXM4-40GB MIG 4g.20gb (0),1,,13,[CUDA memcpy Host-to-Device]
17767811417,7168,360354,69,4,1,48,1,1,76,0.002,0.000,,,,,NVIDIA A100-SXM4-40GB MIG 4g.20gb (0),1,,13,"void ch_est::windowedChEstPreNoDftSOfdmKernel<float, __half, float, (unsigned int)2, (unsigned int)1, (unsigned short)4>(ch_est::puschRxChEstStatDescr_t *, ch_est::puschRxChEstDynDescr_t *)"
17767819673,6656,360355,137,2,1,24,2,1,44,0.001,0.001,,,,,NVIDIA A100-SXM4-40GB MIG 4g.20gb (0),1,,13,"void ch_est::chEstFilterNoDftSOfdmDispatchKernel<float, __half, float, (unsigned int)2>(ch_est::puschRxChEstStatDescr_t *, ch_est::puschRxChEstDynDescr_t *)"
17767827289,5792,360356,137,2,1,24,2,1,44,0.001,0.001,,,,,NVIDIA A100-SXM4-40GB MIG 4g.20gb (0),1,,13,"void ch_est::chEstFilterNoDftSOfdmDispatchKernel<float, __half, float, (unsigned int)2>(ch_est::puschRxChEstStatDescr_t *, ch_est::puschRxChEstDynDescr_t *)"
17767834265,2464,360367,103,1,1,128,1,1,16,0.000,0.000,,,,,NVIDIA A100-SXM4-40GB MIG 4g.20gb (0),1,,13,cupy_copy__complex64_complex64
17767837753,12768,360377,1434,1,1,128,1,1,16,0.000,0.000,,,,,NVIDIA A100-SXM4-40GB MIG 4g.20gb (0),1,,13,cupy_copy__complex64_complex64
17767851481,2432,360384,103,1,1,128,1,1,16,0.000,0.000,,,,,NVIDIA A100-SXM4-40GB MIG 4g.20gb (0),1,,13,cupy_copy__complex64_complex64
17767854937,79967,360391,1,1,1,32,32,1,30,0.000,0.000,,,,,NVIDIA A100-SXM4-40GB MIG 4g.20gb (0),1,,13,"void convert_kernel<__half2, float2>(tensor_layout_any, T1 *, tensor_layout_any, const T2 *)"
17767963671,5344,360394,,,,,,,,,,0.094,17532.864,Pinned,Device,NVIDIA A100-SXM4-40GB MIG 4g.20gb (0),1,,13,[CUDA memcpy Host-to-Device]
17767975735,45472,360395,,,,,,,,,,35.810,787495.951,Device,,NVIDIA A100-SXM4-40GB MIG 4g.20gb (0),1,,13,[CUDA memset]
17768027991,1824,360397,,,,,,,,,,0.000,43.860,Pinned,Device,NVIDIA A100-SXM4-40GB MIG 4g.20gb (0),1,,13,[CUDA memcpy Host-to-Device]
17768031895,9216,360398,,,,,,,,,,0.197,21333.148,Pinned,Device,NVIDIA A100-SXM4-40GB MIG 4g.20gb (0),1,,13,[CUDA memcpy Host-to-Device]
17768044087,8511,360399,273,1,1,48,1,1,40,0.000,0.001,,,,,NVIDIA A100-SXM4-40GB MIG 4g.20gb (0),1,,13,"void pusch_noise_intf_est::noiseIntfEstNoDftSOfdmKernel<float, __half, float, float, (unsigned int)2, (unsigned int)1, (unsigned char)4, (unsigned char)4>(pusch_noise_intf_est::puschRxNoiseIntfEstDynDescr)"
17768057014,2848,360410,35,1,1,128,1,1,16,0.000,0.000,,,,,NVIDIA A100-SXM4-40GB MIG 4g.20gb (0),1,,13,cupy_copy__complex64_complex64
17768091350,1888,360419,1,1,1,1,1,1,18,0.000,0.000,,,,,NVIDIA A100-SXM4-40GB MIG 4g.20gb (0),1,,13,cupy_copy__float32_float32
17768124854,1888,360425,,,,,,,,,,0.000,2.119,Device,Pageable,NVIDIA A100-SXM4-40GB MIG 4g.20gb (0),1,,7,[CUDA memcpy Device-to-Host]
17768183861,13312,360436,1434,1,1,128,1,1,16,0.000,0.000,,,,,NVIDIA A100-SXM4-40GB MIG 4g.20gb (0),1,,13,cupy_copy__complex64_complex64
17768210197,2688,360443,103,1,1,128,1,1,16,0.000,0.000,,,,,NVIDIA A100-SXM4-40GB MIG 4g.20gb (0),1,,13,cupy_copy__complex64_complex64
17768230996,2176,360450,35,1,1,128,1,1,16,0.000,0.000,,,,,NVIDIA A100-SXM4-40GB MIG 4g.20gb (0),1,,13,cupy_copy__complex64_complex64
17768249428,1856,360457,1,1,1,1,1,1,18,0.000,0.000,,,,,NVIDIA A100-SXM4-40GB MIG 4g.20gb (0),1,,13,cupy_copy__float32_float32
17768387891,79615,360468,1,1,1,32,32,1,30,0.000,0.000,,,,,NVIDIA A100-SXM4-40GB MIG 4g.20gb (0),1,,13,"void convert_kernel<__half2, float2>(tensor_layout_any, T1 *, tensor_layout_any, const T2 *)"
17768496593,5344,360471,,,,,,,,,,0.094,17532.864,Pinned,Device,NVIDIA A100-SXM4-40GB MIG 4g.20gb (0),1,,13,[CUDA memcpy Host-to-Device]
17768510225,3200,360472,,,,,,,,,,1.547,483320.000,Device,,NVIDIA A100-SXM4-40GB MIG 4g.20gb (0),1,,13,[CUDA memset]
17768516593,3200,360477,,,,,,,,,,0.031,9780.000,Pinned,Device,NVIDIA A100-SXM4-40GB MIG 4g.20gb (0),1,,13,[CUDA memcpy Host-to-Device]
17768521905,9280,360478,,,,,,,,,,0.197,21186.085,Pinned,Device,NVIDIA A100-SXM4-40GB MIG 4g.20gb (0),1,,13,[CUDA memcpy Host-to-Device]
17768534289,6080,360479,273,1,1,8,4,1,39,0.002,0.000,,,,,NVIDIA A100-SXM4-40GB MIG 4g.20gb (0),1,,13,"void channel_eq::eqMmseCoefCompLowMimoKernel<float, float, float, (unsigned int)4, (unsigned int)1, (unsigned int)4>(const channel_eq::_puschRxChEqStatDescr *, channel_eq::_puschRxChEqCoefCompDynDescr)"
17768541361,5664,360480,273,1,1,12,11,1,51,0.002,0.000,,,,,NVIDIA A100-SXM4-40GB MIG 4g.20gb (0),1,,13,"void channel_eq::eqMmseSoftDemapKernel<float, __half, __half, float, (unsigned int)4, (unsigned short)16383>(channel_eq::_puschRxChEqStatDescr *, channel_eq::_puschRxChEqSoftDemapDynDescr)"
17768548113,281597,360481,1,1,1,32,32,1,30,0.000,0.000,,,,,NVIDIA A100-SXM4-40GB MIG 4g.20gb (0),1,,13,"void convert_kernel<float2, __half2>(tensor_layout_any, T1 *, tensor_layout_any, const T2 *)"
17768830798,10528,360493,2253,1,1,128,1,1,16,0.000,0.000,,,,,NVIDIA A100-SXM4-40GB MIG 4g.20gb (0),1,,13,cupy_copy__float16_float16
17768842414,2784,360502,282,1,1,128,1,1,16,0.000,0.000,,,,,NVIDIA A100-SXM4-40GB MIG 4g.20gb (0),1,,13,cupy_copy__complex64_complex64
17768846158,2112,360511,26,1,1,128,1,1,16,0.000,0.000,,,,,NVIDIA A100-SXM4-40GB MIG 4g.20gb (0),1,,13,cupy_copy__float32_float32
17768849230,2848,360520,103,1,1,128,1,1,16,0.000,0.000,,,,,NVIDIA A100-SXM4-40GB MIG 4g.20gb (0),1,,13,cupy_copy__complex64_complex64
17768853229,11360,360530,1434,1,1,128,1,1,16,0.000,0.000,,,,,NVIDIA A100-SXM4-40GB MIG 4g.20gb (0),1,,13,cupy_copy__complex64_complex64
17768893197,162750,360535,1,1,1,32,32,1,30,0.000,0.000,,,,,NVIDIA A100-SXM4-40GB MIG 4g.20gb (0),1,,13,"void convert_kernel<__half2, float2>(tensor_layout_any, T1 *, tensor_layout_any, const T2 *)"
17769088779,5344,360538,,,,,,,,,,0.094,17532.864,Pinned,Device,NVIDIA A100-SXM4-40GB MIG 4g.20gb (0),1,,13,[CUDA memcpy Host-to-Device]
17769160746,611129,360539,,,,,,,,,,456.561,746934.516,Device,,NVIDIA A100-SXM4-40GB MIG 4g.20gb (0),1,,13,[CUDA memset]
17769774563,52672,360544,,,,,,,,,,1.235,23445.412,Pinned,Device,NVIDIA A100-SXM4-40GB MIG 4g.20gb (0),1,,13,[CUDA memcpy Host-to-Device]
17769829699,10687,360545,,,,,,,,,,0.197,18396.807,Pinned,Device,NVIDIA A100-SXM4-40GB MIG 4g.20gb (0),1,,13,[CUDA memcpy Host-to-Device]
17769988001,15584,360546,69,4,1,48,1,1,76,0.002,0.000,,,,,NVIDIA A100-SXM4-40GB MIG 4g.20gb (0),1,,13,"void ch_est::windowedChEstPreNoDftSOfdmKernel<float, __half, float, (unsigned int)2, (unsigned int)1, (unsigned short)4>(ch_est::puschRxChEstStatDescr_t *, ch_est::puschRxChEstDynDescr_t *)"
17770416476,27392,360547,137,2,1,24,2,1,44,0.001,0.001,,,,,NVIDIA A100-SXM4-40GB MIG 4g.20gb (0),1,,13,"void ch_est::chEstFilterNoDftSOfdmDispatchKernel<float, __half, float, (unsigned int)2>(ch_est::puschRxChEstStatDescr_t *, ch_est::puschRxChEstDynDescr_t *)"
17770595258,21856,360548,137,2,1,24,2,1,44,0.001,0.001,,,,,NVIDIA A100-SXM4-40GB MIG 4g.20gb (0),1,,13,"void ch_est::chEstFilterNoDftSOfdmDispatchKernel<float, __half, float, (unsigned int)2>(ch_est::puschRxChEstStatDescr_t *, ch_est::puschRxChEstDynDescr_t *)"
17770866039,11840,360559,103,1,1,128,1,1,16,0.000,0.000,,,,,NVIDIA A100-SXM4-40GB MIG 4g.20gb (0),1,,13,cupy_copy__complex64_complex64
17771042773,22208,360569,1434,1,1,128,1,1,16,0.000,0.000,,,,,NVIDIA A100-SXM4-40GB MIG 4g.20gb (0),1,,13,cupy_copy__complex64_complex64
17771320306,10368,360576,103,1,1,128,1,1,16,0.000,0.000,,,,,NVIDIA A100-SXM4-40GB MIG 4g.20gb (0),1,,13,cupy_copy__complex64_complex64
17771503312,289916,360583,1,1,1,32,32,1,30,0.000,0.000,,,,,NVIDIA A100-SXM4-40GB MIG 4g.20gb (0),1,,13,"void convert_kernel<__half2, float2>(tensor_layout_any, T1 *, tensor_layout_any, const T2 *)"
17771820684,5376,360586,,,,,,,,,,0.094,17428.487,Pinned,Device,NVIDIA A100-SXM4-40GB MIG 4g.20gb (0),1,,13,[CUDA memcpy Host-to-Device]
17772214824,65951,360587,,,,,,,,,,35.810,542950.007,Device,,NVIDIA A100-SXM4-40GB MIG 4g.20gb (0),1,,13,[CUDA memset]
17772281863,1824,360589,,,,,,,,,,0.000,43.860,Pinned,Device,NVIDIA A100-SXM4-40GB MIG 4g.20gb (0),1,,13,[CUDA memcpy Host-to-Device]
17772286119,9600,360590,,,,,,,,,,0.197,20479.869,Pinned,Device,NVIDIA A100-SXM4-40GB MIG 4g.20gb (0),1,,13,[CUDA memcpy Host-to-Device]
17772705634,30112,360591,273,1,1,48,1,1,40,0.000,0.001,,,,,NVIDIA A100-SXM4-40GB MIG 4g.20gb (0),1,,13,"void pusch_noise_intf_est::noiseIntfEstNoDftSOfdmKernel<float, __half, float, float, (unsigned int)2, (unsigned int)1, (unsigned char)4, (unsigned char)4>(pusch_noise_intf_est::puschRxNoiseIntfEstDynDescr)"
17772736930,3360,360602,35,1,1,128,1,1,16,0.000,0.000,,,,,NVIDIA A100-SXM4-40GB MIG 4g.20gb (0),1,,13,cupy_copy__complex64_complex64
17772993695,4000,360611,1,1,1,1,1,1,18,0.000,0.000,,,,,NVIDIA A100-SXM4-40GB MIG 4g.20gb (0),1,,13,cupy_copy__float32_float32
17773007391,1632,360617,,,,,,,,,,0.000,2.451,Device,Pageable,NVIDIA A100-SXM4-40GB MIG 4g.20gb (0),1,,7,[CUDA memcpy Device-to-Host]
17773283196,24255,360628,1434,1,1,128,1,1,16,0.000,0.000,,,,,NVIDIA A100-SXM4-40GB MIG 4g.20gb (0),1,,13,cupy_copy__complex64_complex64
17773308603,5088,360635,103,1,1,128,1,1,16,0.000,0.000,,,,,NVIDIA A100-SXM4-40GB MIG 4g.20gb (0),1,,13,cupy_copy__complex64_complex64
17773314875,3584,360642,35,1,1,128,1,1,16,0.000,0.000,,,,,NVIDIA A100-SXM4-40GB MIG 4g.20gb (0),1,,13,cupy_copy__complex64_complex64
17773321499,2016,360649,1,1,1,1,1,1,18,0.000,0.000,,,,,NVIDIA A100-SXM4-40GB MIG 4g.20gb (0),1,,13,cupy_copy__float32_float32
17773593656,281085,360660,1,1,1,32,32,1,30,0.000,0.000,,,,,NVIDIA A100-SXM4-40GB MIG 4g.20gb (0),1,,13,"void convert_kernel<__half2, float2>(tensor_layout_any, T1 *, tensor_layout_any, const T2 *)"
17773902613,5888,360663,,,,,,,,,,0.094,15912.954,Pinned,Device,NVIDIA A100-SXM4-40GB MIG 4g.20gb (0),1,,13,[CUDA memcpy Host-to-Device]
17773917205,3584,360664,,,,,,,,,,1.547,431534.389,Device,,NVIDIA A100-SXM4-40GB MIG 4g.20gb (0),1,,13,[CUDA memset]
17773924853,3167,360669,,,,,,,,,,0.031,9881.900,Pinned,Device,NVIDIA A100-SXM4-40GB MIG 4g.20gb (0),1,,13,[CUDA memcpy Host-to-Device]
17773930100,9312,360670,,,,,,,,,,0.197,21113.340,Pinned,Device,NVIDIA A100-SXM4-40GB MIG 4g.20gb (0),1,,13,[CUDA memcpy Host-to-Device]
17773942548,7200,360671,273,1,1,8,4,1,39,0.002,0.000,,,,,NVIDIA A100-SXM4-40GB MIG 4g.20gb (0),1,,13,"void channel_eq::eqMmseCoefCompLowMimoKernel<float, float, float, (unsigned int)4, (unsigned int)1, (unsigned int)4>(const channel_eq::_puschRxChEqStatDescr *, channel_eq::_puschRxChEqCoefCompDynDescr)"
17773950900,7296,360672,273,1,1,12,11,1,51,0.002,0.000,,,,,NVIDIA A100-SXM4-40GB MIG 4g.20gb (0),1,,13,"void channel_eq::eqMmseSoftDemapKernel<float, __half, __half, float, (unsigned int)4, (unsigned short)16383>(channel_eq::_puschRxChEqStatDescr *, channel_eq::_puschRxChEqSoftDemapDynDescr)"
17773959380,281629,360673,1,1,1,32,32,1,30,0.000,0.000,,,,,NVIDIA A100-SXM4-40GB MIG 4g.20gb (0),1,,13,"void convert_kernel<float2, __half2>(tensor_layout_any, T1 *, tensor_layout_any, const T2 *)"
17774242001,10400,360685,2253,1,1,128,1,1,16,0.000,0.000,,,,,NVIDIA A100-SXM4-40GB MIG 4g.20gb (0),1,,13,cupy_copy__float16_float16
17774253393,2816,360694,282,1,1,128,1,1,16,0.000,0.000,,,,,NVIDIA A100-SXM4-40GB MIG 4g.20gb (0),1,,13,cupy_copy__complex64_complex64
17774257265,2048,360703,26,1,1,128,1,1,16,0.000,0.000,,,,,NVIDIA A100-SXM4-40GB MIG 4g.20gb (0),1,,13,cupy_copy__float32_float32
17774260433,2912,360712,103,1,1,128,1,1,16,0.000,0.000,,,,,NVIDIA A100-SXM4-40GB MIG 4g.20gb (0),1,,13,cupy_copy__complex64_complex64
17774264433,12064,360722,1434,1,1,128,1,1,16,0.000,0.000,,,,,NVIDIA A100-SXM4-40GB MIG 4g.20gb (0),1,,13,cupy_copy__complex64_complex64
17774307088,78687,360727,1,1,1,32,32,1,30,0.000,0.000,,,,,NVIDIA A100-SXM4-40GB MIG 4g.20gb (0),1,,13,"void convert_kernel<__half2, float2>(tensor_layout_any, T1 *, tensor_layout_any, const T2 *)"
17774413551,5312,360730,,,,,,,,,,0.094,17638.553,Pinned,Device,NVIDIA A100-SXM4-40GB MIG 4g.20gb (0),1,,13,[CUDA memcpy Host-to-Device]
17774424143,594585,360731,,,,,,,,,,456.561,767479.781,Device,,NVIDIA A100-SXM4-40GB MIG 4g.20gb (0),1,,13,[CUDA memset]
17775023464,50848,360736,,,,,,,,,,1.235,24286.409,Pinned,Device,NVIDIA A100-SXM4-40GB MIG 4g.20gb (0),1,,13,[CUDA memcpy Host-to-Device]
17775077832,10943,360737,,,,,,,,,,0.197,17966.432,Pinned,Device,NVIDIA A100-SXM4-40GB MIG 4g.20gb (0),1,,13,[CUDA memcpy Host-to-Device]
17775307813,31200,360738,69,4,1,48,1,1,76,0.002,0.000,,,,,NVIDIA A100-SXM4-40GB MIG 4g.20gb (0),1,,13,"void ch_est::windowedChEstPreNoDftSOfdmKernel<float, __half, float, (unsigned int)2, (unsigned int)1, (unsigned short)4>(ch_est::puschRxChEstStatDescr_t *, ch_est::puschRxChEstDynDescr_t *)"
17775492163,28736,360739,137,2,1,24,2,1,44,0.001,0.001,,,,,NVIDIA A100-SXM4-40GB MIG 4g.20gb (0),1,,13,"void ch_est::chEstFilterNoDftSOfdmDispatchKernel<float, __half, float, (unsigned int)2>(ch_est::puschRxChEstStatDescr_t *, ch_est::puschRxChEstDynDescr_t *)"
17775678177,31167,360740,137,2,1,24,2,1,44,0.001,0.001,,,,,NVIDIA A100-SXM4-40GB MIG 4g.20gb (0),1,,13,"void ch_est::chEstFilterNoDftSOfdmDispatchKernel<float, __half, float, (unsigned int)2>(ch_est::puschRxChEstStatDescr_t *, ch_est::puschRxChEstDynDescr_t *)"
17775862687,8128,360751,103,1,1,128,1,1,16,0.000,0.000,,,,,NVIDIA A100-SXM4-40GB MIG 4g.20gb (0),1,,13,cupy_copy__complex64_complex64
17776031197,27520,360761,1434,1,1,128,1,1,16,0.000,0.000,,,,,NVIDIA A100-SXM4-40GB MIG 4g.20gb (0),1,,13,cupy_copy__complex64_complex64
17776219835,8096,360768,103,1,1,128,1,1,16,0.000,0.000,,,,,NVIDIA A100-SXM4-40GB MIG 4g.20gb (0),1,,13,cupy_copy__complex64_complex64
17776394393,299324,360775,1,1,1,32,32,1,30,0.000,0.000,,,,,NVIDIA A100-SXM4-40GB MIG 4g.20gb (0),1,,13,"void convert_kernel<__half2, float2>(tensor_layout_any, T1 *, tensor_layout_any, const T2 *)"
17776723061,5728,360778,,,,,,,,,,0.094,16357.541,Pinned,Device,NVIDIA A100-SXM4-40GB MIG 4g.20gb (0),1,,13,[CUDA memcpy Host-to-Device]
17776934291,57279,360779,,,,,,,,,,35.810,625169.583,Device,,NVIDIA A100-SXM4-40GB MIG 4g.20gb (0),1,,13,[CUDA memset]
17776994034,2816,360781,,,,,,,,,,0.000,28.409,Pinned,Device,NVIDIA A100-SXM4-40GB MIG 4g.20gb (0),1,,13,[CUDA memcpy Host-to-Device]
17776999282,9792,360782,,,,,,,,,,0.197,20078.395,Pinned,Device,NVIDIA A100-SXM4-40GB MIG 4g.20gb (0),1,,13,[CUDA memcpy Host-to-Device]
17777351662,30912,360783,273,1,1,48,1,1,40,0.000,0.001,,,,,NVIDIA A100-SXM4-40GB MIG 4g.20gb (0),1,,13,"void pusch_noise_intf_est::noiseIntfEstNoDftSOfdmKernel<float, __half, float, float, (unsigned int)2, (unsigned int)1, (unsigned char)4, (unsigned char)4>(pusch_noise_intf_est::puschRxNoiseIntfEstDynDescr)"
17777527564,24352,360794,35,1,1,128,1,1,16,0.000,0.000,,,,,NVIDIA A100-SXM4-40GB MIG 4g.20gb (0),1,,13,cupy_copy__complex64_complex64
17777713482,3904,360803,1,1,1,1,1,1,18,0.000,0.000,,,,,NVIDIA A100-SXM4-40GB MIG 4g.20gb (0),1,,13,cupy_copy__float32_float32
17777723754,2208,360809,,,,,,,,,,0.000,1.812,Device,Pageable,NVIDIA A100-SXM4-40GB MIG 4g.20gb (0),1,,7,[CUDA memcpy Device-to-Host]
17778072262,19968,360820,1434,1,1,128,1,1,16,0.000,0.000,,,,,NVIDIA A100-SXM4-40GB MIG 4g.20gb (0),1,,13,cupy_copy__complex64_complex64
17778253220,25440,360827,103,1,1,128,1,1,16,0.000,0.000,,,,,NVIDIA A100-SXM4-40GB MIG 4g.20gb (0),1,,13,cupy_copy__complex64_complex64
17778429474,8608,360834,35,1,1,128,1,1,16,0.000,0.000,,,,,NVIDIA A100-SXM4-40GB MIG 4g.20gb (0),1,,13,cupy_copy__complex64_complex64
17778608896,3360,360841,1,1,1,1,1,1,18,0.000,0.000,,,,,NVIDIA A100-SXM4-40GB MIG 4g.20gb (0),1,,13,cupy_copy__float32_float32
17778789566,188990,360852,1,1,1,32,32,1,30,0.000,0.000,,,,,NVIDIA A100-SXM4-40GB MIG 4g.20gb (0),1,,13,"void convert_kernel<__half2, float2>(tensor_layout_any, T1 *, tensor_layout_any, const T2 *)"
17779006843,5312,360855,,,,,,,,,,0.094,17638.553,Pinned,Device,NVIDIA A100-SXM4-40GB MIG 4g.20gb (0),1,,13,[CUDA memcpy Host-to-Device]
17779021147,3680,360856,,,,,,,,,,1.547,420278.059,Device,,NVIDIA A100-SXM4-40GB MIG 4g.20gb (0),1,,13,[CUDA memset]
17779027963,3040,360861,,,,,,,,,,0.031,10294.725,Pinned,Device,NVIDIA A100-SXM4-40GB MIG 4g.20gb (0),1,,13,[CUDA memcpy Host-to-Device]
17779033115,9312,360862,,,,,,,,,,0.197,21113.340,Pinned,Device,NVIDIA A100-SXM4-40GB MIG 4g.20gb (0),1,,13,[CUDA memcpy Host-to-Device]
17779045595,6944,360863,273,1,1,8,4,1,39,0.002,0.000,,,,,NVIDIA A100-SXM4-40GB MIG 4g.20gb (0),1,,13,"void channel_eq::eqMmseCoefCompLowMimoKernel<float, float, float, (unsigned int)4, (unsigned int)1, (unsigned int)4>(const channel_eq::_puschRxChEqStatDescr *, channel_eq::_puschRxChEqCoefCompDynDescr)"
17779053627,5536,360864,273,1,1,12,11,1,51,0.002,0.000,,,,,NVIDIA A100-SXM4-40GB MIG 4g.20gb (0),1,,13,"void channel_eq::eqMmseSoftDemapKernel<float, __half, __half, float, (unsigned int)4, (unsigned short)16383>(channel_eq::_puschRxChEqStatDescr *, channel_eq::_puschRxChEqSoftDemapDynDescr)"
17779060123,281885,360865,1,1,1,32,32,1,30,0.000,0.000,,,,,NVIDIA A100-SXM4-40GB MIG 4g.20gb (0),1,,13,"void convert_kernel<float2, __half2>(tensor_layout_any, T1 *, tensor_layout_any, const T2 *)"
17779343032,10464,360877,2253,1,1,128,1,1,16,0.000,0.000,,,,,NVIDIA A100-SXM4-40GB MIG 4g.20gb (0),1,,13,cupy_copy__float16_float16
17779354456,2815,360886,282,1,1,128,1,1,16,0.000,0.000,,,,,NVIDIA A100-SXM4-40GB MIG 4g.20gb (0),1,,13,cupy_copy__complex64_complex64
17779358327,2080,360895,26,1,1,128,1,1,16,0.000,0.000,,,,,NVIDIA A100-SXM4-40GB MIG 4g.20gb (0),1,,13,cupy_copy__float32_float32
17779361399,2848,360904,103,1,1,128,1,1,16,0.000,0.000,,,,,NVIDIA A100-SXM4-40GB MIG 4g.20gb (0),1,,13,cupy_copy__complex64_complex64
17779365271,11680,360914,1434,1,1,128,1,1,16,0.000,0.000,,,,,NVIDIA A100-SXM4-40GB MIG 4g.20gb (0),1,,13,cupy_copy__complex64_complex64
17779410647,79327,360919,1,1,1,32,32,1,30,0.000,0.000,,,,,NVIDIA A100-SXM4-40GB MIG 4g.20gb (0),1,,13,"void convert_kernel<__half2, float2>(tensor_layout_any, T1 *, tensor_layout_any, const T2 *)"
17779522262,5344,360922,,,,,,,,,,0.094,17532.864,Pinned,Device,NVIDIA A100-SXM4-40GB MIG 4g.20gb (0),1,,13,[CUDA memcpy Host-to-Device]
17779538197,603290,360923,,,,,,,,,,456.561,756522.306,Device,,NVIDIA A100-SXM4-40GB MIG 4g.20gb (0),1,,13,[CUDA memset]
17780148975,49759,360928,,,,,,,,,,1.235,24817.435,Pinned,Device,NVIDIA A100-SXM4-40GB MIG 4g.20gb (0),1,,13,[CUDA memcpy Host-to-Device]
17780201518,9312,360929,,,,,,,,,,0.197,21113.340,Pinned,Device,NVIDIA A100-SXM4-40GB MIG 4g.20gb (0),1,,13,[CUDA memcpy Host-to-Device]
17780398220,22144,360930,69,4,1,48,1,1,76,0.002,0.000,,,,,NVIDIA A100-SXM4-40GB MIG 4g.20gb (0),1,,13,"void ch_est::windowedChEstPreNoDftSOfdmKernel<float, __half, float, (unsigned int)2, (unsigned int)1, (unsigned short)4>(ch_est::puschRxChEstStatDescr_t *, ch_est::puschRxChEstDynDescr_t *)"
17780421516,6623,360931,137,2,1,24,2,1,44,0.001,0.001,,,,,NVIDIA A100-SXM4-40GB MIG 4g.20gb (0),1,,13,"void ch_est::chEstFilterNoDftSOfdmDispatchKernel<float, __half, float, (unsigned int)2>(ch_est::puschRxChEstStatDescr_t *, ch_est::puschRxChEstDynDescr_t *)"
17780627625,22016,360932,137,2,1,24,2,1,44,0.001,0.001,,,,,NVIDIA A100-SXM4-40GB MIG 4g.20gb (0),1,,13,"void ch_est::chEstFilterNoDftSOfdmDispatchKernel<float, __half, float, (unsigned int)2>(ch_est::puschRxChEstStatDescr_t *, ch_est::puschRxChEstDynDescr_t *)"
17780650697,4832,360943,103,1,1,128,1,1,16,0.000,0.000,,,,,NVIDIA A100-SXM4-40GB MIG 4g.20gb (0),1,,13,cupy_copy__complex64_complex64
17780656233,12448,360953,1434,1,1,128,1,1,16,0.000,0.000,,,,,NVIDIA A100-SXM4-40GB MIG 4g.20gb (0),1,,13,cupy_copy__complex64_complex64
17780669705,2400,360960,103,1,1,128,1,1,16,0.000,0.000,,,,,NVIDIA A100-SXM4-40GB MIG 4g.20gb (0),1,,13,cupy_copy__complex64_complex64
17780673193,80671,360967,1,1,1,32,32,1,30,0.000,0.000,,,,,NVIDIA A100-SXM4-40GB MIG 4g.20gb (0),1,,13,"void convert_kernel<__half2, float2>(tensor_layout_any, T1 *, tensor_layout_any, const T2 *)"
17780782599,5376,360970,,,,,,,,,,0.094,17428.487,Pinned,Device,NVIDIA A100-SXM4-40GB MIG 4g.20gb (0),1,,13,[CUDA memcpy Host-to-Device]
17780907942,57759,360971,,,,,,,,,,35.810,619977.145,Device,,NVIDIA A100-SXM4-40GB MIG 4g.20gb (0),1,,13,[CUDA memset]
17780972261,2272,360973,,,,,,,,,,0.000,35.211,Pinned,Device,NVIDIA A100-SXM4-40GB MIG 4g.20gb (0),1,,13,[CUDA memcpy Host-to-Device]
17780976933,9632,360974,,,,,,,,,,0.197,20411.843,Pinned,Device,NVIDIA A100-SXM4-40GB MIG 4g.20gb (0),1,,13,[CUDA memcpy Host-to-Device]
17781168483,37024,360975,273,1,1,48,1,1,40,0.000,0.001,,,,,NVIDIA A100-SXM4-40GB MIG 4g.20gb (0),1,,13,"void pusch_noise_intf_est::noiseIntfEstNoDftSOfdmKernel<float, __half, float, float, (unsigned int)2, (unsigned int)1, (unsigned char)4, (unsigned char)4>(pusch_noise_intf_est::puschRxNoiseIntfEstDynDescr)"
17781437056,14048,360986,35,1,1,128,1,1,16,0.000,0.000,,,,,NVIDIA A100-SXM4-40GB MIG 4g.20gb (0),1,,13,cupy_copy__complex64_complex64
17781621086,3968,360995,1,1,1,1,1,1,18,0.000,0.000,,,,,NVIDIA A100-SXM4-40GB MIG 4g.20gb (0),1,,13,cupy_copy__float32_float32
17781632606,1600,361001,,,,,,,,,,0.000,2.500,Device,Pageable,NVIDIA A100-SXM4-40GB MIG 4g.20gb (0),1,,7,[CUDA memcpy Device-to-Host]
17782017690,26047,361012,1434,1,1,128,1,1,16,0.000,0.000,,,,,NVIDIA A100-SXM4-40GB MIG 4g.20gb (0),1,,13,cupy_copy__complex64_complex64
17782240567,9184,361019,103,1,1,128,1,1,16,0.000,0.000,,,,,NVIDIA A100-SXM4-40GB MIG 4g.20gb (0),1,,13,cupy_copy__complex64_complex64
17782419989,18368,361026,35,1,1,128,1,1,16,0.000,0.000,,,,,NVIDIA A100-SXM4-40GB MIG 4g.20gb (0),1,,13,cupy_copy__complex64_complex64
17782638515,3456,361033,1,1,1,1,1,1,18,0.000,0.000,,,,,NVIDIA A100-SXM4-40GB MIG 4g.20gb (0),1,,13,cupy_copy__float32_float32
17782816017,289564,361044,1,1,1,32,32,1,30,0.000,0.000,,,,,NVIDIA A100-SXM4-40GB MIG 4g.20gb (0),1,,13,"void convert_kernel<__half2, float2>(tensor_layout_any, T1 *, tensor_layout_any, const T2 *)"
17783135565,5376,361047,,,,,,,,,,0.094,17428.487,Pinned,Device,NVIDIA A100-SXM4-40GB MIG 4g.20gb (0),1,,13,[CUDA memcpy Host-to-Device]
17783431914,9760,361048,,,,,,,,,,1.547,158465.548,Device,,NVIDIA A100-SXM4-40GB MIG 4g.20gb (0),1,,13,[CUDA memset]
17783447210,3168,361053,,,,,,,,,,0.031,9878.770,Pinned,Device,NVIDIA A100-SXM4-40GB MIG 4g.20gb (0),1,,13,[CUDA memcpy Host-to-Device]
17783453097,9728,361054,,,,,,,,,,0.197,20210.516,Pinned,Device,NVIDIA A100-SXM4-40GB MIG 4g.20gb (0),1,,13,[CUDA memcpy Host-to-Device]
17783612168,30687,361055,273,1,1,8,4,1,39,0.002,0.000,,,,,NVIDIA A100-SXM4-40GB MIG 4g.20gb (0),1,,13,"void channel_eq::eqMmseCoefCompLowMimoKernel<float, float, float, (unsigned int)4, (unsigned int)1, (unsigned int)4>(const channel_eq::_puschRxChEqStatDescr *, channel_eq::_puschRxChEqCoefCompDynDescr)"
17783645159,8576,361056,273,1,1,12,11,1,51,0.002,0.000,,,,,NVIDIA A100-SXM4-40GB MIG 4g.20gb (0),1,,13,"void channel_eq::eqMmseSoftDemapKernel<float, __half, __half, float, (unsigned int)4, (unsigned short)16383>(channel_eq::_puschRxChEqStatDescr *, channel_eq::_puschRxChEqSoftDemapDynDescr)"
17783821253,682073,361057,1,1,1,32,32,1,30,0.000,0.000,,,,,NVIDIA A100-SXM4-40GB MIG 4g.20gb (0),1,,13,"void convert_kernel<float2, __half2>(tensor_layout_any, T1 *, tensor_layout_any, const T2 *)"
17784504510,12512,361069,2253,1,1,128,1,1,16,0.000,0.000,,,,,NVIDIA A100-SXM4-40GB MIG 4g.20gb (0),1,,13,cupy_copy__float16_float16
17784566109,6944,361078,282,1,1,128,1,1,16,0.000,0.000,,,,,NVIDIA A100-SXM4-40GB MIG 4g.20gb (0),1,,13,cupy_copy__complex64_complex64
17784754427,5344,361087,26,1,1,128,1,1,16,0.000,0.000,,,,,NVIDIA A100-SXM4-40GB MIG 4g.20gb (0),1,,13,cupy_copy__float32_float32
17784760891,5408,361096,103,1,1,128,1,1,16,0.000,0.000,,,,,NVIDIA A100-SXM4-40GB MIG 4g.20gb (0),1,,13,cupy_copy__complex64_complex64
17784767259,16544,361106,1434,1,1,128,1,1,16,0.000,0.000,,,,,NVIDIA A100-SXM4-40GB MIG 4g.20gb (0),1,,13,cupy_copy__complex64_complex64
17784784859,98366,361111,1,1,1,32,32,1,30,0.000,0.000,,,,,NVIDIA A100-SXM4-40GB MIG 4g.20gb (0),1,,13,"void convert_kernel<__half2, float2>(tensor_layout_any, T1 *, tensor_layout_any, const T2 *)"
17784912089,5344,361114,,,,,,,,,,0.094,17532.864,Pinned,Device,NVIDIA A100-SXM4-40GB MIG 4g.20gb (0),1,,13,[CUDA memcpy Host-to-Device]
17784971640,613722,361115,,,,,,,,,,456.561,743738.586,Device,,NVIDIA A100-SXM4-40GB MIG 4g.20gb (0),1,,13,[CUDA memset]
17785587985,50016,361120,,,,,,,,,,1.235,24690.235,Pinned,Device,NVIDIA A100-SXM4-40GB MIG 4g.20gb (0),1,,13,[CUDA memcpy Host-to-Device]
17785640593,10336,361121,,,,,,,,,,0.197,19021.627,Pinned,Device,NVIDIA A100-SXM4-40GB MIG 4g.20gb (0),1,,13,[CUDA memcpy Host-to-Device]
17785763184,21183,361122,69,4,1,48,1,1,76,0.002,0.000,,,,,NVIDIA A100-SXM4-40GB MIG 4g.20gb (0),1,,13,"void ch_est::windowedChEstPreNoDftSOfdmKernel<float, __half, float, (unsigned int)2, (unsigned int)1, (unsigned short)4>(ch_est::puschRxChEstStatDescr_t *, ch_est::puschRxChEstDynDescr_t *)"
17785785359,6880,361123,137,2,1,24,2,1,44,0.001,0.001,,,,,NVIDIA A100-SXM4-40GB MIG 4g.20gb (0),1,,13,"void ch_est::chEstFilterNoDftSOfdmDispatchKernel<float, __half, float, (unsigned int)2>(ch_est::puschRxChEstStatDescr_t *, ch_est::puschRxChEstDynDescr_t *)"
17785793391,5632,361124,137,2,1,24,2,1,44,0.001,0.001,,,,,NVIDIA A100-SXM4-40GB MIG 4g.20gb (0),1,,13,"void ch_est::chEstFilterNoDftSOfdmDispatchKernel<float, __half, float, (unsigned int)2>(ch_est::puschRxChEstStatDescr_t *, ch_est::puschRxChEstDynDescr_t *)"
17785981037,5728,361135,103,1,1,128,1,1,16,0.000,0.000,,,,,NVIDIA A100-SXM4-40GB MIG 4g.20gb (0),1,,13,cupy_copy__complex64_complex64
17785987757,16416,361145,1434,1,1,128,1,1,16,0.000,0.000,,,,,NVIDIA A100-SXM4-40GB MIG 4g.20gb (0),1,,13,cupy_copy__complex64_complex64
17786005261,3040,361152,103,1,1,128,1,1,16,0.000,0.000,,,,,NVIDIA A100-SXM4-40GB MIG 4g.20gb (0),1,,13,cupy_copy__complex64_complex64
17786009389,115486,361159,1,1,1,32,32,1,30,0.000,0.000,,,,,NVIDIA A100-SXM4-40GB MIG 4g.20gb (0),1,,13,"void convert_kernel<__half2, float2>(tensor_layout_any, T1 *, tensor_layout_any, const T2 *)"
17786154539,5376,361162,,,,,,,,,,0.094,17428.487,Pinned,Device,NVIDIA A100-SXM4-40GB MIG 4g.20gb (0),1,,13,[CUDA memcpy Host-to-Device]
17786196203,57727,361163,,,,,,,,,,35.810,620299.434,Device,,NVIDIA A100-SXM4-40GB MIG 4g.20gb (0),1,,13,[CUDA memset]
17786261130,2016,361165,,,,,,,,,,0.000,39.682,Pinned,Device,NVIDIA A100-SXM4-40GB MIG 4g.20gb (0),1,,13,[CUDA memcpy Host-to-Device]
17786265834,9664,361166,,,,,,,,,,0.197,20344.209,Pinned,Device,NVIDIA A100-SXM4-40GB MIG 4g.20gb (0),1,,13,[CUDA memcpy Host-to-Device]
17786431592,30752,361167,273,1,1,48,1,1,40,0.000,0.001,,,,,NVIDIA A100-SXM4-40GB MIG 4g.20gb (0),1,,13,"void pusch_noise_intf_est::noiseIntfEstNoDftSOfdmKernel<float, __half, float, float, (unsigned int)2, (unsigned int)1, (unsigned char)4, (unsigned char)4>(pusch_noise_intf_est::puschRxNoiseIntfEstDynDescr)"
17786463368,4000,361178,35,1,1,128,1,1,16,0.000,0.000,,,,,NVIDIA A100-SXM4-40GB MIG 4g.20gb (0),1,,13,cupy_copy__complex64_complex64
17786468520,1856,361187,1,1,1,1,1,1,18,0.000,0.000,,,,,NVIDIA A100-SXM4-40GB MIG 4g.20gb (0),1,,13,cupy_copy__float32_float32
17786479015,1600,361193,,,,,,,,,,0.000,2.500,Device,Pageable,NVIDIA A100-SXM4-40GB MIG 4g.20gb (0),1,,7,[CUDA memcpy Device-to-Host]
17786648102,18463,361204,1434,1,1,128,1,1,16,0.000,0.000,,,,,NVIDIA A100-SXM4-40GB MIG 4g.20gb (0),1,,13,cupy_copy__complex64_complex64
17786667717,3520,361211,103,1,1,128,1,1,16,0.000,0.000,,,,,NVIDIA A100-SXM4-40GB MIG 4g.20gb (0),1,,13,cupy_copy__complex64_complex64
17786672357,3264,361218,35,1,1,128,1,1,16,0.000,0.000,,,,,NVIDIA A100-SXM4-40GB MIG 4g.20gb (0),1,,13,cupy_copy__complex64_complex64
17786676741,2112,361225,1,1,1,1,1,1,18,0.000,0.000,,,,,NVIDIA A100-SXM4-40GB MIG 4g.20gb (0),1,,13,cupy_copy__float32_float32
17786864259,242909,361236,1,1,1,32,32,1,30,0.000,0.000,,,,,NVIDIA A100-SXM4-40GB MIG 4g.20gb (0),1,,13,"void convert_kernel<__half2, float2>(tensor_layout_any, T1 *, tensor_layout_any, const T2 *)"
17787135872,5408,361239,,,,,,,,,,0.094,17325.421,Pinned,Device,NVIDIA A100-SXM4-40GB MIG 4g.20gb (0),1,,13,[CUDA memcpy Host-to-Device]
17787292446,5792,361240,,,,,,,,,,1.547,267026.180,Device,,NVIDIA A100-SXM4-40GB MIG 4g.20gb (0),1,,13,[CUDA memset]
17787303102,3040,361245,,,,,,,,,,0.031,10294.725,Pinned,Device,NVIDIA A100-SXM4-40GB MIG 4g.20gb (0),1,,13,[CUDA memcpy Host-to-Device]
17787308574,9280,361246,,,,,,,,,,0.197,21186.085,Pinned,Device,NVIDIA A100-SXM4-40GB MIG 4g.20gb (0),1,,13,[CUDA memcpy Host-to-Device]
17787321342,11488,361247,273,1,1,8,4,1,39,0.002,0.000,,,,,NVIDIA A100-SXM4-40GB MIG 4g.20gb (0),1,,13,"void channel_eq::eqMmseCoefCompLowMimoKernel<float, float, float, (unsigned int)4, (unsigned int)1, (unsigned int)4>(const channel_eq::_puschRxChEqStatDescr *, channel_eq::_puschRxChEqCoefCompDynDescr)"
17787333598,6976,361248,273,1,1,12,11,1,51,0.002,0.000,,,,,NVIDIA A100-SXM4-40GB MIG 4g.20gb (0),1,,13,"void channel_eq::eqMmseSoftDemapKernel<float, __half, __half, float, (unsigned int)4, (unsigned short)16383>(channel_eq::_puschRxChEqStatDescr *, channel_eq::_puschRxChEqSoftDemapDynDescr)"
17787341662,281533,361249,1,1,1,32,32,1,30,0.000,0.000,,,,,NVIDIA A100-SXM4-40GB MIG 4g.20gb (0),1,,13,"void convert_kernel<float2, __half2>(tensor_layout_any, T1 *, tensor_layout_any, const T2 *)"
17787624219,10528,361261,2253,1,1,128,1,1,16,0.000,0.000,,,,,NVIDIA A100-SXM4-40GB MIG 4g.20gb (0),1,,13,cupy_copy__float16_float16
17787635802,2784,361270,282,1,1,128,1,1,16,0.000,0.000,,,,,NVIDIA A100-SXM4-40GB MIG 4g.20gb (0),1,,13,cupy_copy__complex64_complex64
17787639642,2080,361279,26,1,1,128,1,1,16,0.000,0.000,,,,,NVIDIA A100-SXM4-40GB MIG 4g.20gb (0),1,,13,cupy_copy__float32_float32
17787642746,2848,361288,103,1,1,128,1,1,16,0.000,0.000,,,,,NVIDIA A100-SXM4-40GB MIG 4g.20gb (0),1,,13,cupy_copy__complex64_complex64
17787646714,11744,361298,1434,1,1,128,1,1,16,0.000,0.000,,,,,NVIDIA A100-SXM4-40GB MIG 4g.20gb (0),1,,13,cupy_copy__complex64_complex64
17787659514,79583,361303,1,1,1,32,32,1,30,0.000,0.000,,,,,NVIDIA A100-SXM4-40GB MIG 4g.20gb (0),1,,13,"void convert_kernel<__half2, float2>(tensor_layout_any, T1 *, tensor_layout_any, const T2 *)"
17787766809,5344,361306,,,,,,,,,,0.094,17532.864,Pinned,Device,NVIDIA A100-SXM4-40GB MIG 4g.20gb (0),1,,13,[CUDA memcpy Host-to-Device]
17787777017,605465,361307,,,,,,,,,,456.561,753782.937,Device,,NVIDIA A100-SXM4-40GB MIG 4g.20gb (0),1,,13,[CUDA memset]
17788384466,50784,361312,,,,,,,,,,1.235,24317.282,Pinned,Device,NVIDIA A100-SXM4-40GB MIG 4g.20gb (0),1,,13,[CUDA memcpy Host-to-Device]
17788438769,10784,361313,,,,,,,,,,0.197,18231.263,Pinned,Device,NVIDIA A100-SXM4-40GB MIG 4g.20gb (0),1,,13,[CUDA memcpy Host-to-Device]
17788641327,28160,361314,69,4,1,48,1,1,76,0.002,0.000,,,,,NVIDIA A100-SXM4-40GB MIG 4g.20gb (0),1,,13,"void ch_est::windowedChEstPreNoDftSOfdmKernel<float, __half, float, (unsigned int)2, (unsigned int)1, (unsigned short)4>(ch_est::puschRxChEstStatDescr_t *, ch_est::puschRxChEstDynDescr_t *)"
17788867853,28383,361315,137,2,1,24,2,1,44,0.001,0.001,,,,,NVIDIA A100-SXM4-40GB MIG 4g.20gb (0),1,,13,"void ch_est::chEstFilterNoDftSOfdmDispatchKernel<float, __half, float, (unsigned int)2>(ch_est::puschRxChEstStatDescr_t *, ch_est::puschRxChEstDynDescr_t *)"
17789028491,29344,361316,137,2,1,24,2,1,44,0.001,0.001,,,,,NVIDIA A100-SXM4-40GB MIG 4g.20gb (0),1,,13,"void ch_est::chEstFilterNoDftSOfdmDispatchKernel<float, __half, float, (unsigned int)2>(ch_est::puschRxChEstStatDescr_t *, ch_est::puschRxChEstDynDescr_t *)"
17789251592,8672,361327,103,1,1,128,1,1,16,0.000,0.000,,,,,NVIDIA A100-SXM4-40GB MIG 4g.20gb (0),1,,13,cupy_copy__complex64_complex64
17789404199,33151,361337,1434,1,1,128,1,1,16,0.000,0.000,,,,,NVIDIA A100-SXM4-40GB MIG 4g.20gb (0),1,,13,cupy_copy__complex64_complex64
17789622308,8800,361344,103,1,1,128,1,1,16,0.000,0.000,,,,,NVIDIA A100-SXM4-40GB MIG 4g.20gb (0),1,,13,cupy_copy__complex64_complex64
17789776866,285565,361351,1,1,1,32,32,1,30,0.000,0.000,,,,,NVIDIA A100-SXM4-40GB MIG 4g.20gb (0),1,,13,"void convert_kernel<__half2, float2>(tensor_layout_any, T1 *, tensor_layout_any, const T2 *)"
17790090815,5440,361354,,,,,,,,,,0.094,17223.480,Pinned,Device,NVIDIA A100-SXM4-40GB MIG 4g.20gb (0),1,,13,[CUDA memcpy Host-to-Device]
17790375836,58047,361355,,,,,,,,,,35.810,616897.492,Device,,NVIDIA A100-SXM4-40GB MIG 4g.20gb (0),1,,13,[CUDA memset]
17790437403,2432,361357,,,,,,,,,,0.000,32.895,Pinned,Device,NVIDIA A100-SXM4-40GB MIG 4g.20gb (0),1,,13,[CUDA memcpy Host-to-Device]
17790442427,9472,361358,,,,,,,,,,0.197,20756.693,Pinned,Device,NVIDIA A100-SXM4-40GB MIG 4g.20gb (0),1,,13,[CUDA memcpy Host-to-Device]
17790808535,30496,361359,273,1,1,48,1,1,40,0.000,0.001,,,,,NVIDIA A100-SXM4-40GB MIG 4g.20gb (0),1,,13,"void pusch_noise_intf_est::noiseIntfEstNoDftSOfdmKernel<float, __half, float, float, (unsigned int)2, (unsigned int)1, (unsigned char)4, (unsigned char)4>(pusch_noise_intf_est::puschRxNoiseIntfEstDynDescr)"
17790974421,8288,361370,35,1,1,128,1,1,16,0.000,0.000,,,,,NVIDIA A100-SXM4-40GB MIG 4g.20gb (0),1,,13,cupy_copy__complex64_complex64
17791205010,7104,361379,1,1,1,1,1,1,18,0.000,0.000,,,,,NVIDIA A100-SXM4-40GB MIG 4g.20gb (0),1,,13,cupy_copy__float32_float32
17791214194,1600,361385,,,,,,,,,,0.000,2.500,Device,Pageable,NVIDIA A100-SXM4-40GB MIG 4g.20gb (0),1,,7,[CUDA memcpy Device-to-Host]
17791586222,16992,361396,1434,1,1,128,1,1,16,0.000,0.000,,,,,NVIDIA A100-SXM4-40GB MIG 4g.20gb (0),1,,13,cupy_copy__complex64_complex64
17791741708,11680,361403,103,1,1,128,1,1,16,0.000,0.000,,,,,NVIDIA A100-SXM4-40GB MIG 4g.20gb (0),1,,13,cupy_copy__complex64_complex64
17791961994,8384,361410,35,1,1,128,1,1,16,0.000,0.000,,,,,NVIDIA A100-SXM4-40GB MIG 4g.20gb (0),1,,13,cupy_copy__complex64_complex64
17792107528,3808,361417,1,1,1,1,1,1,18,0.000,0.000,,,,,NVIDIA A100-SXM4-40GB MIG 4g.20gb (0),1,,13,cupy_copy__float32_float32
17792328614,195230,361428,1,1,1,32,32,1,30,0.000,0.000,,,,,NVIDIA A100-SXM4-40GB MIG 4g.20gb (0),1,,13,"void convert_kernel<__half2, float2>(tensor_layout_any, T1 *, tensor_layout_any, const T2 *)"
17792552611,5376,361431,,,,,,,,,,0.094,17428.487,Pinned,Device,NVIDIA A100-SXM4-40GB MIG 4g.20gb (0),1,,13,[CUDA memcpy Host-to-Device]
17792567971,3488,361432,,,,,,,,,,1.547,443412.461,Device,,NVIDIA A100-SXM4-40GB MIG 4g.20gb (0),1,,13,[CUDA memset]
17792581987,3040,361437,,,,,,,,,,0.031,10294.725,Pinned,Device,NVIDIA A100-SXM4-40GB MIG 4g.20gb (0),1,,13,[CUDA memcpy Host-to-Device]
17792587107,9504,361438,,,,,,,,,,0.197,20686.701,Pinned,Device,NVIDIA A100-SXM4-40GB MIG 4g.20gb (0),1,,13,[CUDA memcpy Host-to-Device]
17792599811,6944,361439,273,1,1,8,4,1,39,0.002,0.000,,,,,NVIDIA A100-SXM4-40GB MIG 4g.20gb (0),1,,13,"void channel_eq::eqMmseCoefCompLowMimoKernel<float, float, float, (unsigned int)4, (unsigned int)1, (unsigned int)4>(const channel_eq::_puschRxChEqStatDescr *, channel_eq::_puschRxChEqCoefCompDynDescr)"
17792607843,5856,361440,273,1,1,12,11,1,51,0.002,0.000,,,,,NVIDIA A100-SXM4-40GB MIG 4g.20gb (0),1,,13,"void channel_eq::eqMmseSoftDemapKernel<float, __half, __half, float, (unsigned int)4, (unsigned short)16383>(channel_eq::_puschRxChEqStatDescr *, channel_eq::_puschRxChEqSoftDemapDynDescr)"
17792614691,281436,361441,1,1,1,32,32,1,30,0.000,0.000,,,,,NVIDIA A100-SXM4-40GB MIG 4g.20gb (0),1,,13,"void convert_kernel<float2, __half2>(tensor_layout_any, T1 *, tensor_layout_any, const T2 *)"
17792897087,10432,361453,2253,1,1,128,1,1,16,0.000,0.000,,,,,NVIDIA A100-SXM4-40GB MIG 4g.20gb (0),1,,13,cupy_copy__float16_float16
17792908479,2816,361462,282,1,1,128,1,1,16,0.000,0.000,,,,,NVIDIA A100-SXM4-40GB MIG 4g.20gb (0),1,,13,cupy_copy__complex64_complex64
17792912351,2048,361471,26,1,1,128,1,1,16,0.000,0.000,,,,,NVIDIA A100-SXM4-40GB MIG 4g.20gb (0),1,,13,cupy_copy__float32_float32
17792915519,2880,361480,103,1,1,128,1,1,16,0.000,0.000,,,,,NVIDIA A100-SXM4-40GB MIG 4g.20gb (0),1,,13,cupy_copy__complex64_complex64
17792919519,11968,361490,1434,1,1,128,1,1,16,0.000,0.000,,,,,NVIDIA A100-SXM4-40GB MIG 4g.20gb (0),1,,13,cupy_copy__complex64_complex64
17792959391,79391,361495,1,1,1,32,32,1,30,0.000,0.000,,,,,NVIDIA A100-SXM4-40GB MIG 4g.20gb (0),1,,13,"void convert_kernel<__half2, float2>(tensor_layout_any, T1 *, tensor_layout_any, const T2 *)"
17793067837,5344,361498,,,,,,,,,,0.094,17532.864,Pinned,Device,NVIDIA A100-SXM4-40GB MIG 4g.20gb (0),1,,13,[CUDA memcpy Host-to-Device]
17793085821,591322,361499,,,,,,,,,,456.561,772045.395,Device,,NVIDIA A100-SXM4-40GB MIG 4g.20gb (0),1,,13,[CUDA memset]
17793684055,48063,361504,,,,,,,,,,1.235,25694.245,Pinned,Device,NVIDIA A100-SXM4-40GB MIG 4g.20gb (0),1,,13,[CUDA memcpy Host-to-Device]
17793734198,9248,361505,,,,,,,,,,0.197,21259.420,Pinned,Device,NVIDIA A100-SXM4-40GB MIG 4g.20gb (0),1,,13,[CUDA memcpy Host-to-Device]
17793746454,7136,361506,69,4,1,48,1,1,76,0.002,0.000,,,,,NVIDIA A100-SXM4-40GB MIG 4g.20gb (0),1,,13,"void ch_est::windowedChEstPreNoDftSOfdmKernel<float, __half, float, (unsigned int)2, (unsigned int)1, (unsigned short)4>(ch_est::puschRxChEstStatDescr_t *, ch_est::puschRxChEstDynDescr_t *)"
17793754550,6848,361507,137,2,1,24,2,1,44,0.001,0.001,,,,,NVIDIA A100-SXM4-40GB MIG 4g.20gb (0),1,,13,"void ch_est::chEstFilterNoDftSOfdmDispatchKernel<float, __half, float, (unsigned int)2>(ch_est::puschRxChEstStatDescr_t *, ch_est::puschRxChEstDynDescr_t *)"
17793762454,5056,361508,137,2,1,24,2,1,44,0.001,0.001,,,,,NVIDIA A100-SXM4-40GB MIG 4g.20gb (0),1,,13,"void ch_est::chEstFilterNoDftSOfdmDispatchKernel<float, __half, float, (unsigned int)2>(ch_est::puschRxChEstStatDescr_t *, ch_est::puschRxChEstDynDescr_t *)"
17793768470,2496,361519,103,1,1,128,1,1,16,0.000,0.000,,,,,NVIDIA A100-SXM4-40GB MIG 4g.20gb (0),1,,13,cupy_copy__complex64_complex64
17793771926,13055,361529,1434,1,1,128,1,1,16,0.000,0.000,,,,,NVIDIA A100-SXM4-40GB MIG 4g.20gb (0),1,,13,cupy_copy__complex64_complex64
17793786101,2400,361536,103,1,1,128,1,1,16,0.000,0.000,,,,,NVIDIA A100-SXM4-40GB MIG 4g.20gb (0),1,,13,cupy_copy__complex64_complex64
17793789621,125247,361543,1,1,1,32,32,1,30,0.000,0.000,,,,,NVIDIA A100-SXM4-40GB MIG 4g.20gb (0),1,,13,"void convert_kernel<__half2, float2>(tensor_layout_any, T1 *, tensor_layout_any, const T2 *)"
17793942612,5376,361546,,,,,,,,,,0.094,17428.487,Pinned,Device,NVIDIA A100-SXM4-40GB MIG 4g.20gb (0),1,,13,[CUDA memcpy Host-to-Device]
17794057586,80959,361547,,,,,,,,,,35.810,442288.322,Device,,NVIDIA A100-SXM4-40GB MIG 4g.20gb (0),1,,13,[CUDA memset]
17794142353,1952,361549,,,,,,,,,,0.000,40.984,Pinned,Device,NVIDIA A100-SXM4-40GB MIG 4g.20gb (0),1,,13,[CUDA memcpy Host-to-Device]
17794147185,9792,361550,,,,,,,,,,0.197,20078.395,Pinned,Device,NVIDIA A100-SXM4-40GB MIG 4g.20gb (0),1,,13,[CUDA memcpy Host-to-Device]
17794277488,14016,361551,273,1,1,48,1,1,40,0.000,0.001,,,,,NVIDIA A100-SXM4-40GB MIG 4g.20gb (0),1,,13,"void pusch_noise_intf_est::noiseIntfEstNoDftSOfdmKernel<float, __half, float, float, (unsigned int)2, (unsigned int)1, (unsigned char)4, (unsigned char)4>(pusch_noise_intf_est::puschRxNoiseIntfEstDynDescr)"
17794292624,3840,361562,35,1,1,128,1,1,16,0.000,0.000,,,,,NVIDIA A100-SXM4-40GB MIG 4g.20gb (0),1,,13,cupy_copy__complex64_complex64
17794297488,1984,361571,1,1,1,1,1,1,18,0.000,0.000,,,,,NVIDIA A100-SXM4-40GB MIG 4g.20gb (0),1,,13,cupy_copy__float32_float32
17794302256,1600,361577,,,,,,,,,,0.000,2.500,Device,Pageable,NVIDIA A100-SXM4-40GB MIG 4g.20gb (0),1,,7,[CUDA memcpy Device-to-Host]
17794361903,12864,361588,1434,1,1,128,1,1,16,0.000,0.000,,,,,NVIDIA A100-SXM4-40GB MIG 4g.20gb (0),1,,13,cupy_copy__complex64_complex64
17794388367,2752,361595,103,1,1,128,1,1,16,0.000,0.000,,,,,NVIDIA A100-SXM4-40GB MIG 4g.20gb (0),1,,13,cupy_copy__complex64_complex64
17794533069,6720,361602,35,1,1,128,1,1,16,0.000,0.000,,,,,NVIDIA A100-SXM4-40GB MIG 4g.20gb (0),1,,13,cupy_copy__complex64_complex64
17794540973,3008,361609,1,1,1,1,1,1,18,0.000,0.000,,,,,NVIDIA A100-SXM4-40GB MIG 4g.20gb (0),1,,13,cupy_copy__float32_float32
17794561517,222973,361620,1,1,1,32,32,1,30,0.000,0.000,,,,,NVIDIA A100-SXM4-40GB MIG 4g.20gb (0),1,,13,"void convert_kernel<__half2, float2>(tensor_layout_any, T1 *, tensor_layout_any, const T2 *)"
17794812298,5376,361623,,,,,,,,,,0.094,17428.487,Pinned,Device,NVIDIA A100-SXM4-40GB MIG 4g.20gb (0),1,,13,[CUDA memcpy Host-to-Device]
17794935592,7552,361624,,,,,,,,,,1.547,204796.217,Device,,NVIDIA A100-SXM4-40GB MIG 4g.20gb (0),1,,13,[CUDA memset]
17794944296,3456,361629,,,,,,,,,,0.031,9055.529,Pinned,Device,NVIDIA A100-SXM4-40GB MIG 4g.20gb (0),1,,13,[CUDA memcpy Host-to-Device]
17794950248,10144,361630,,,,,,,,,,0.197,19381.617,Pinned,Device,NVIDIA A100-SXM4-40GB MIG 4g.20gb (0),1,,13,[CUDA memcpy Host-to-Device]
17795017832,14239,361631,273,1,1,8,4,1,39,0.002,0.000,,,,,NVIDIA A100-SXM4-40GB MIG 4g.20gb (0),1,,13,"void channel_eq::eqMmseCoefCompLowMimoKernel<float, float, float, (unsigned int)4, (unsigned int)1, (unsigned int)4>(const channel_eq::_puschRxChEqStatDescr *, channel_eq::_puschRxChEqCoefCompDynDescr)"
17795376612,30047,361632,273,1,1,12,11,1,51,0.002,0.000,,,,,NVIDIA A100-SXM4-40GB MIG 4g.20gb (0),1,,13,"void channel_eq::eqMmseSoftDemapKernel<float, __half, __half, float, (unsigned int)4, (unsigned short)16383>(channel_eq::_puschRxChEqStatDescr *, channel_eq::_puschRxChEqSoftDemapDynDescr)"
17795572129,711800,361633,1,1,1,32,32,1,30,0.000,0.000,,,,,NVIDIA A100-SXM4-40GB MIG 4g.20gb (0),1,,13,"void convert_kernel<float2, __half2>(tensor_layout_any, T1 *, tensor_layout_any, const T2 *)"
17796509623,34751,361645,2253,1,1,128,1,1,16,0.000,0.000,,,,,NVIDIA A100-SXM4-40GB MIG 4g.20gb (0),1,,13,cupy_copy__float16_float16
17796703093,34015,361654,282,1,1,128,1,1,16,0.000,0.000,,,,,NVIDIA A100-SXM4-40GB MIG 4g.20gb (0),1,,13,cupy_copy__complex64_complex64
17796903698,4384,361663,26,1,1,128,1,1,16,0.000,0.000,,,,,NVIDIA A100-SXM4-40GB MIG 4g.20gb (0),1,,13,cupy_copy__float32_float32
17796909906,9920,361672,103,1,1,128,1,1,16,0.000,0.000,,,,,NVIDIA A100-SXM4-40GB MIG 4g.20gb (0),1,,13,cupy_copy__complex64_complex64
17796921714,20480,361682,1434,1,1,128,1,1,16,0.000,0.000,,,,,NVIDIA A100-SXM4-40GB MIG 4g.20gb (0),1,,13,cupy_copy__complex64_complex64
17796944082,87071,361687,1,1,1,32,32,1,30,0.000,0.000,,,,,NVIDIA A100-SXM4-40GB MIG 4g.20gb (0),1,,13,"void convert_kernel<__half2, float2>(tensor_layout_any, T1 *, tensor_layout_any, const T2 *)"
17797060305,5376,361690,,,,,,,,,,0.094,17428.487,Pinned,Device,NVIDIA A100-SXM4-40GB MIG 4g.20gb (0),1,,13,[CUDA memcpy Host-to-Device]
17797103664,644761,361691,,,,,,,,,,456.561,707670.232,Device,,NVIDIA A100-SXM4-40GB MIG 4g.20gb (0),1,,13,[CUDA memset]
17797755337,50047,361696,,,,,,,,,,1.235,24675.416,Pinned,Device,NVIDIA A100-SXM4-40GB MIG 4g.20gb (0),1,,13,[CUDA memcpy Host-to-Device]
17797807848,10144,361697,,,,,,,,,,0.197,19381.617,Pinned,Device,NVIDIA A100-SXM4-40GB MIG 4g.20gb (0),1,,13,[CUDA memcpy Host-to-Device]
17797889447,32512,361698,69,4,1,48,1,1,76,0.002,0.000,,,,,NVIDIA A100-SXM4-40GB MIG 4g.20gb (0),1,,13,"void ch_est::windowedChEstPreNoDftSOfdmKernel<float, __half, float, (unsigned int)2, (unsigned int)1, (unsigned short)4>(ch_est::puschRxChEstStatDescr_t *, ch_est::puschRxChEstDynDescr_t *)"
17797923879,7680,361699,137,2,1,24,2,1,44,0.001,0.001,,,,,NVIDIA A100-SXM4-40GB MIG 4g.20gb (0),1,,13,"void ch_est::chEstFilterNoDftSOfdmDispatchKernel<float, __half, float, (unsigned int)2>(ch_est::puschRxChEstStatDescr_t *, ch_est::puschRxChEstDynDescr_t *)"
17797933831,7040,361700,137,2,1,24,2,1,44,0.001,0.001,,,,,NVIDIA A100-SXM4-40GB MIG 4g.20gb (0),1,,13,"void ch_est::chEstFilterNoDftSOfdmDispatchKernel<float, __half, float, (unsigned int)2>(ch_est::puschRxChEstStatDescr_t *, ch_est::puschRxChEstDynDescr_t *)"
17797942631,3040,361711,103,1,1,128,1,1,16,0.000,0.000,,,,,NVIDIA A100-SXM4-40GB MIG 4g.20gb (0),1,,13,cupy_copy__complex64_complex64
17797947719,21791,361721,1434,1,1,128,1,1,16,0.000,0.000,,,,,NVIDIA A100-SXM4-40GB MIG 4g.20gb (0),1,,13,cupy_copy__complex64_complex64
17798108133,8864,361728,103,1,1,128,1,1,16,0.000,0.000,,,,,NVIDIA A100-SXM4-40GB MIG 4g.20gb (0),1,,13,cupy_copy__complex64_complex64
17798118917,220125,361735,1,1,1,32,32,1,30,0.000,0.000,,,,,NVIDIA A100-SXM4-40GB MIG 4g.20gb (0),1,,13,"void convert_kernel<__half2, float2>(tensor_layout_any, T1 *, tensor_layout_any, const T2 *)"
17798366370,5376,361738,,,,,,,,,,0.094,17428.487,Pinned,Device,NVIDIA A100-SXM4-40GB MIG 4g.20gb (0),1,,13,[CUDA memcpy Host-to-Device]
17798497568,77824,361739,,,,,,,,,,35.810,460121.662,Device,,NVIDIA A100-SXM4-40GB MIG 4g.20gb (0),1,,13,[CUDA memset]
17798581792,2016,361741,,,,,,,,,,0.000,39.682,Pinned,Device,NVIDIA A100-SXM4-40GB MIG 4g.20gb (0),1,,13,[CUDA memcpy Host-to-Device]
17798585983,9280,361742,,,,,,,,,,0.197,21186.085,Pinned,Device,NVIDIA A100-SXM4-40GB MIG 4g.20gb (0),1,,13,[CUDA memcpy Host-to-Device]
17798598847,8800,361743,273,1,1,48,1,1,40,0.000,0.001,,,,,NVIDIA A100-SXM4-40GB MIG 4g.20gb (0),1,,13,"void pusch_noise_intf_est::noiseIntfEstNoDftSOfdmKernel<float, __half, float, float, (unsigned int)2, (unsigned int)1, (unsigned char)4, (unsigned char)4>(pusch_noise_intf_est::puschRxNoiseIntfEstDynDescr)"
17798608799,2592,361754,35,1,1,128,1,1,16,0.000,0.000,,,,,NVIDIA A100-SXM4-40GB MIG 4g.20gb (0),1,,13,cupy_copy__complex64_complex64
17798612511,1856,361763,1,1,1,1,1,1,18,0.000,0.000,,,,,NVIDIA A100-SXM4-40GB MIG 4g.20gb (0),1,,13,cupy_copy__float32_float32
17798622751,1632,361769,,,,,,,,,,0.000,2.451,Device,Pageable,NVIDIA A100-SXM4-40GB MIG 4g.20gb (0),1,,7,[CUDA memcpy Device-to-Host]
17798683006,13344,361780,1434,1,1,128,1,1,16,0.000,0.000,,,,,NVIDIA A100-SXM4-40GB MIG 4g.20gb (0),1,,13,cupy_copy__complex64_complex64
17798709342,2720,361787,103,1,1,128,1,1,16,0.000,0.000,,,,,NVIDIA A100-SXM4-40GB MIG 4g.20gb (0),1,,13,cupy_copy__complex64_complex64
17798729566,2144,361794,35,1,1,128,1,1,16,0.000,0.000,,,,,NVIDIA A100-SXM4-40GB MIG 4g.20gb (0),1,,13,cupy_copy__complex64_complex64
17798748094,1824,361801,1,1,1,1,1,1,18,0.000,0.000,,,,,NVIDIA A100-SXM4-40GB MIG 4g.20gb (0),1,,13,cupy_copy__float32_float32
17798884764,79167,361812,1,1,1,32,32,1,30,0.000,0.000,,,,,NVIDIA A100-SXM4-40GB MIG 4g.20gb (0),1,,13,"void convert_kernel<__half2, float2>(tensor_layout_any, T1 *, tensor_layout_any, const T2 *)"
17798994907,5408,361815,,,,,,,,,,0.094,17325.421,Pinned,Device,NVIDIA A100-SXM4-40GB MIG 4g.20gb (0),1,,13,[CUDA memcpy Host-to-Device]
17799008507,3232,361816,,,,,,,,,,1.547,478533.199,Device,,NVIDIA A100-SXM4-40GB MIG 4g.20gb (0),1,,13,[CUDA memset]
17799015515,3104,361821,,,,,,,,,,0.031,10082.445,Pinned,Device,NVIDIA A100-SXM4-40GB MIG 4g.20gb (0),1,,13,[CUDA memcpy Host-to-Device]
17799020379,9407,361822,,,,,,,,,,0.197,20900.020,Pinned,Device,NVIDIA A100-SXM4-40GB MIG 4g.20gb (0),1,,13,[CUDA memcpy Host-to-Device]
17799033370,6112,361823,273,1,1,8,4,1,39,0.002,0.000,,,,,NVIDIA A100-SXM4-40GB MIG 4g.20gb (0),1,,13,"void channel_eq::eqMmseCoefCompLowMimoKernel<float, float, float, (unsigned int)4, (unsigned int)1, (unsigned int)4>(const channel_eq::_puschRxChEqStatDescr *, channel_eq::_puschRxChEqCoefCompDynDescr)"
17799040538,5920,361824,273,1,1,12,11,1,51,0.002,0.000,,,,,NVIDIA A100-SXM4-40GB MIG 4g.20gb (0),1,,13,"void channel_eq::eqMmseSoftDemapKernel<float, __half, __half, float, (unsigned int)4, (unsigned short)16383>(channel_eq::_puschRxChEqStatDescr *, channel_eq::_puschRxChEqSoftDemapDynDescr)"
17799047514,281501,361825,1,1,1,32,32,1,30,0.000,0.000,,,,,NVIDIA A100-SXM4-40GB MIG 4g.20gb (0),1,,13,"void convert_kernel<float2, __half2>(tensor_layout_any, T1 *, tensor_layout_any, const T2 *)"
17799330007,10240,361837,2253,1,1,128,1,1,16,0.000,0.000,,,,,NVIDIA A100-SXM4-40GB MIG 4g.20gb (0),1,,13,cupy_copy__float16_float16
17799341367,2784,361846,282,1,1,128,1,1,16,0.000,0.000,,,,,NVIDIA A100-SXM4-40GB MIG 4g.20gb (0),1,,13,cupy_copy__complex64_complex64
17799441654,2048,361855,26,1,1,128,1,1,16,0.000,0.000,,,,,NVIDIA A100-SXM4-40GB MIG 4g.20gb (0),1,,13,cupy_copy__float32_float32
17799444694,2848,361864,103,1,1,128,1,1,16,0.000,0.000,,,,,NVIDIA A100-SXM4-40GB MIG 4g.20gb (0),1,,13,cupy_copy__complex64_complex64
17799453462,11232,361874,1434,1,1,128,1,1,16,0.000,0.000,,,,,NVIDIA A100-SXM4-40GB MIG 4g.20gb (0),1,,13,cupy_copy__complex64_complex64
17799570420,79680,361879,1,1,1,32,32,1,30,0.000,0.000,,,,,NVIDIA A100-SXM4-40GB MIG 4g.20gb (0),1,,13,"void convert_kernel<__half2, float2>(tensor_layout_any, T1 *, tensor_layout_any, const T2 *)"
17799678547,5344,361882,,,,,,,,,,0.094,17532.864,Pinned,Device,NVIDIA A100-SXM4-40GB MIG 4g.20gb (0),1,,13,[CUDA memcpy Host-to-Device]
17799688371,591961,361883,,,,,,,,,,456.561,771132.272,Device,,NVIDIA A100-SXM4-40GB MIG 4g.20gb (0),1,,13,[CUDA memset]
17800285676,48096,361888,,,,,,,,,,1.235,25675.721,Pinned,Device,NVIDIA A100-SXM4-40GB MIG 4g.20gb (0),1,,13,[CUDA memcpy Host-to-Device]
17800335884,9408,361889,,,,,,,,,,0.197,20897.858,Pinned,Device,NVIDIA A100-SXM4-40GB MIG 4g.20gb (0),1,,13,[CUDA memcpy Host-to-Device]
17800348428,7296,361890,69,4,1,48,1,1,76,0.002,0.000,,,,,NVIDIA A100-SXM4-40GB MIG 4g.20gb (0),1,,13,"void ch_est::windowedChEstPreNoDftSOfdmKernel<float, __half, float, (unsigned int)2, (unsigned int)1, (unsigned short)4>(ch_est::puschRxChEstStatDescr_t *, ch_est::puschRxChEstDynDescr_t *)"
17800356684,7008,361891,137,2,1,24,2,1,44,0.001,0.001,,,,,NVIDIA A100-SXM4-40GB MIG 4g.20gb (0),1,,13,"void ch_est::chEstFilterNoDftSOfdmDispatchKernel<float, __half, float, (unsigned int)2>(ch_est::puschRxChEstStatDescr_t *, ch_est::puschRxChEstDynDescr_t *)"
17800364780,5503,361892,137,2,1,24,2,1,44,0.001,0.001,,,,,NVIDIA A100-SXM4-40GB MIG 4g.20gb (0),1,,13,"void ch_est::chEstFilterNoDftSOfdmDispatchKernel<float, __half, float, (unsigned int)2>(ch_est::puschRxChEstStatDescr_t *, ch_est::puschRxChEstDynDescr_t *)"
17800371275,2464,361903,103,1,1,128,1,1,16,0.000,0.000,,,,,NVIDIA A100-SXM4-40GB MIG 4g.20gb (0),1,,13,cupy_copy__complex64_complex64
17800374763,13120,361913,1434,1,1,128,1,1,16,0.000,0.000,,,,,NVIDIA A100-SXM4-40GB MIG 4g.20gb (0),1,,13,cupy_copy__complex64_complex64
17800388939,2432,361920,103,1,1,128,1,1,16,0.000,0.000,,,,,NVIDIA A100-SXM4-40GB MIG 4g.20gb (0),1,,13,cupy_copy__complex64_complex64
17800392395,79999,361927,1,1,1,32,32,1,30,0.000,0.000,,,,,NVIDIA A100-SXM4-40GB MIG 4g.20gb (0),1,,13,"void convert_kernel<__half2, float2>(tensor_layout_any, T1 *, tensor_layout_any, const T2 *)"
17800499914,5344,361930,,,,,,,,,,0.094,17532.864,Pinned,Device,NVIDIA A100-SXM4-40GB MIG 4g.20gb (0),1,,13,[CUDA memcpy Host-to-Device]
17800511786,46559,361931,,,,,,,,,,35.810,769125.462,Device,,NVIDIA A100-SXM4-40GB MIG 4g.20gb (0),1,,13,[CUDA memset]
17800564201,1824,361933,,,,,,,,,,0.000,43.860,Pinned,Device,NVIDIA A100-SXM4-40GB MIG 4g.20gb (0),1,,13,[CUDA memcpy Host-to-Device]
17800568137,9216,361934,,,,,,,,,,0.197,21333.148,Pinned,Device,NVIDIA A100-SXM4-40GB MIG 4g.20gb (0),1,,13,[CUDA memcpy Host-to-Device]
17800580361,8992,361935,273,1,1,48,1,1,40,0.000,0.001,,,,,NVIDIA A100-SXM4-40GB MIG 4g.20gb (0),1,,13,"void pusch_noise_intf_est::noiseIntfEstNoDftSOfdmKernel<float, __half, float, float, (unsigned int)2, (unsigned int)1, (unsigned char)4, (unsigned char)4>(pusch_noise_intf_est::puschRxNoiseIntfEstDynDescr)"
17800590345,2848,361946,35,1,1,128,1,1,16,0.000,0.000,,,,,NVIDIA A100-SXM4-40GB MIG 4g.20gb (0),1,,13,cupy_copy__complex64_complex64
17800617481,1888,361955,1,1,1,1,1,1,18,0.000,0.000,,,,,NVIDIA A100-SXM4-40GB MIG 4g.20gb (0),1,,13,cupy_copy__float32_float32
17800651720,1600,361961,,,,,,,,,,0.000,2.500,Device,Pageable,NVIDIA A100-SXM4-40GB MIG 4g.20gb (0),1,,7,[CUDA memcpy Device-to-Host]
17800711304,13407,361972,1434,1,1,128,1,1,16,0.000,0.000,,,,,NVIDIA A100-SXM4-40GB MIG 4g.20gb (0),1,,13,cupy_copy__complex64_complex64
17800737191,2688,361979,103,1,1,128,1,1,16,0.000,0.000,,,,,NVIDIA A100-SXM4-40GB MIG 4g.20gb (0),1,,13,cupy_copy__complex64_complex64
17800757863,2144,361986,35,1,1,128,1,1,16,0.000,0.000,,,,,NVIDIA A100-SXM4-40GB MIG 4g.20gb (0),1,,13,cupy_copy__complex64_complex64
17800776775,1856,361993,1,1,1,1,1,1,18,0.000,0.000,,,,,NVIDIA A100-SXM4-40GB MIG 4g.20gb (0),1,,13,cupy_copy__float32_float32
17800920901,80063,362004,1,1,1,32,32,1,30,0.000,0.000,,,,,NVIDIA A100-SXM4-40GB MIG 4g.20gb (0),1,,13,"void convert_kernel<__half2, float2>(tensor_layout_any, T1 *, tensor_layout_any, const T2 *)"
17801035332,5376,362007,,,,,,,,,,0.094,17428.487,Pinned,Device,NVIDIA A100-SXM4-40GB MIG 4g.20gb (0),1,,13,[CUDA memcpy Host-to-Device]
17801044868,3200,362008,,,,,,,,,,1.547,483320.000,Device,,NVIDIA A100-SXM4-40GB MIG 4g.20gb (0),1,,13,[CUDA memset]
17801050468,3424,362013,,,,,,,,,,0.031,9140.185,Pinned,Device,NVIDIA A100-SXM4-40GB MIG 4g.20gb (0),1,,13,[CUDA memcpy Host-to-Device]
17801056836,9280,362014,,,,,,,,,,0.197,21186.085,Pinned,Device,NVIDIA A100-SXM4-40GB MIG 4g.20gb (0),1,,13,[CUDA memcpy Host-to-Device]
17801069220,5856,362015,273,1,1,8,4,1,39,0.002,0.000,,,,,NVIDIA A100-SXM4-40GB MIG 4g.20gb (0),1,,13,"void channel_eq::eqMmseCoefCompLowMimoKernel<float, float, float, (unsigned int)4, (unsigned int)1, (unsigned int)4>(const channel_eq::_puschRxChEqStatDescr *, channel_eq::_puschRxChEqCoefCompDynDescr)"
17801076100,5791,362016,273,1,1,12,11,1,51,0.002,0.000,,,,,NVIDIA A100-SXM4-40GB MIG 4g.20gb (0),1,,13,"void channel_eq::eqMmseSoftDemapKernel<float, __half, __half, float, (unsigned int)4, (unsigned short)16383>(channel_eq::_puschRxChEqStatDescr *, channel_eq::_puschRxChEqSoftDemapDynDescr)"
17801082851,560762,362017,1,1,1,32,32,1,30,0.000,0.000,,,,,NVIDIA A100-SXM4-40GB MIG 4g.20gb (0),1,,13,"void convert_kernel<float2, __half2>(tensor_layout_any, T1 *, tensor_layout_any, const T2 *)"
17801896762,15872,362029,2253,1,1,128,1,1,16,0.000,0.000,,,,,NVIDIA A100-SXM4-40GB MIG 4g.20gb (0),1,,13,cupy_copy__float16_float16
17801914842,4352,362038,282,1,1,128,1,1,16,0.000,0.000,,,,,NVIDIA A100-SXM4-40GB MIG 4g.20gb (0),1,,13,cupy_copy__complex64_complex64
17801921434,2432,362047,26,1,1,128,1,1,16,0.000,0.000,,,,,NVIDIA A100-SXM4-40GB MIG 4g.20gb (0),1,,13,cupy_copy__float32_float32
17801925562,3392,362056,103,1,1,128,1,1,16,0.000,0.000,,,,,NVIDIA A100-SXM4-40GB MIG 4g.20gb (0),1,,13,cupy_copy__complex64_complex64
17801930714,14624,362066,1434,1,1,128,1,1,16,0.000,0.000,,,,,NVIDIA A100-SXM4-40GB MIG 4g.20gb (0),1,,13,cupy_copy__complex64_complex64
17801947034,82527,362071,1,1,1,32,32,1,30,0.000,0.000,,,,,NVIDIA A100-SXM4-40GB MIG 4g.20gb (0),1,,13,"void convert_kernel<__half2, float2>(tensor_layout_any, T1 *, tensor_layout_any, const T2 *)"
17802057720,5376,362074,,,,,,,,,,0.094,17428.487,Pinned,Device,NVIDIA A100-SXM4-40GB MIG 4g.20gb (0),1,,13,[CUDA memcpy Host-to-Device]
17802622386,603449,362075,,,,,,,,,,456.561,756522.306,Device,,NVIDIA A100-SXM4-40GB MIG 4g.20gb (0),1,,13,[CUDA memset]
17803233739,50176,362080,,,,,,,,,,1.235,24611.199,Pinned,Device,NVIDIA A100-SXM4-40GB MIG 4g.20gb (0),1,,13,[CUDA memcpy Host-to-Device]
17803286347,9536,362081,,,,,,,,,,0.197,20617.298,Pinned,Device,NVIDIA A100-SXM4-40GB MIG 4g.20gb (0),1,,13,[CUDA memcpy Host-to-Device]
17803869284,30592,362082,69,4,1,48,1,1,76,0.002,0.000,,,,,NVIDIA A100-SXM4-40GB MIG 4g.20gb (0),1,,13,"void ch_est::windowedChEstPreNoDftSOfdmKernel<float, __half, float, (unsigned int)2, (unsigned int)1, (unsigned short)4>(ch_est::puschRxChEstStatDescr_t *, ch_est::puschRxChEstDynDescr_t *)"
17803901508,31711,362083,137,2,1,24,2,1,44,0.001,0.001,,,,,NVIDIA A100-SXM4-40GB MIG 4g.20gb (0),1,,13,"void ch_est::chEstFilterNoDftSOfdmDispatchKernel<float, __half, float, (unsigned int)2>(ch_est::puschRxChEstStatDescr_t *, ch_est::puschRxChEstDynDescr_t *)"
17803935203,6624,362084,137,2,1,24,2,1,44,0.001,0.001,,,,,NVIDIA A100-SXM4-40GB MIG 4g.20gb (0),1,,13,"void ch_est::chEstFilterNoDftSOfdmDispatchKernel<float, __half, float, (unsigned int)2>(ch_est::puschRxChEstStatDescr_t *, ch_est::puschRxChEstDynDescr_t *)"
17804539837,7776,362095,103,1,1,128,1,1,16,0.000,0.000,,,,,NVIDIA A100-SXM4-40GB MIG 4g.20gb (0),1,,13,cupy_copy__complex64_complex64
17804548956,18784,362105,1434,1,1,128,1,1,16,0.000,0.000,,,,,NVIDIA A100-SXM4-40GB MIG 4g.20gb (0),1,,13,cupy_copy__complex64_complex64
17804569852,4384,362112,103,1,1,128,1,1,16,0.000,0.000,,,,,NVIDIA A100-SXM4-40GB MIG 4g.20gb (0),1,,13,cupy_copy__complex64_complex64
17804576060,163166,362119,1,1,1,32,32,1,30,0.000,0.000,,,,,NVIDIA A100-SXM4-40GB MIG 4g.20gb (0),1,,13,"void convert_kernel<__half2, float2>(tensor_layout_any, T1 *, tensor_layout_any, const T2 *)"
17804767450,5408,362122,,,,,,,,,,0.094,17325.421,Pinned,Device,NVIDIA A100-SXM4-40GB MIG 4g.20gb (0),1,,13,[CUDA memcpy Host-to-Device]
17805212437,64191,362123,,,,,,,,,,35.810,557846.934,Device,,NVIDIA A100-SXM4-40GB MIG 4g.20gb (0),1,,13,[CUDA memset]
17805277844,1824,362125,,,,,,,,,,0.000,43.860,Pinned,Device,NVIDIA A100-SXM4-40GB MIG 4g.20gb (0),1,,13,[CUDA memcpy Host-to-Device]
17805282420,9600,362126,,,,,,,,,,0.197,20479.869,Pinned,Device,NVIDIA A100-SXM4-40GB MIG 4g.20gb (0),1,,13,[CUDA memcpy Host-to-Device]
17805296628,25184,362127,273,1,1,48,1,1,40,0.000,0.001,,,,,NVIDIA A100-SXM4-40GB MIG 4g.20gb (0),1,,13,"void pusch_noise_intf_est::noiseIntfEstNoDftSOfdmKernel<float, __half, float, float, (unsigned int)2, (unsigned int)1, (unsigned char)4, (unsigned char)4>(pusch_noise_intf_est::puschRxNoiseIntfEstDynDescr)"
17805323156,6176,362138,35,1,1,128,1,1,16,0.000,0.000,,,,,NVIDIA A100-SXM4-40GB MIG 4g.20gb (0),1,,13,cupy_copy__complex64_complex64
17805331604,2144,362147,1,1,1,1,1,1,18,0.000,0.000,,,,,NVIDIA A100-SXM4-40GB MIG 4g.20gb (0),1,,13,cupy_copy__float32_float32
17805343188,1920,362153,,,,,,,,,,0.000,2.083,Device,Pageable,NVIDIA A100-SXM4-40GB MIG 4g.20gb (0),1,,7,[CUDA memcpy Device-to-Host]
17805937261,21600,362164,1434,1,1,128,1,1,16,0.000,0.000,,,,,NVIDIA A100-SXM4-40GB MIG 4g.20gb (0),1,,13,cupy_copy__complex64_complex64
17805960045,5440,362171,103,1,1,128,1,1,16,0.000,0.000,,,,,NVIDIA A100-SXM4-40GB MIG 4g.20gb (0),1,,13,cupy_copy__complex64_complex64
17805966925,6207,362178,35,1,1,128,1,1,16,0.000,0.000,,,,,NVIDIA A100-SXM4-40GB MIG 4g.20gb (0),1,,13,cupy_copy__complex64_complex64
17805975372,2400,362185,1,1,1,1,1,1,18,0.000,0.000,,,,,NVIDIA A100-SXM4-40GB MIG 4g.20gb (0),1,,13,cupy_copy__float32_float32
17805980012,163423,362196,1,1,1,32,32,1,30,0.000,0.000,,,,,NVIDIA A100-SXM4-40GB MIG 4g.20gb (0),1,,13,"void convert_kernel<__half2, float2>(tensor_layout_any, T1 *, tensor_layout_any, const T2 *)"
17806171850,5344,362199,,,,,,,,,,0.094,17532.864,Pinned,Device,NVIDIA A100-SXM4-40GB MIG 4g.20gb (0),1,,13,[CUDA memcpy Host-to-Device]
17806612005,7264,362200,,,,,,,,,,1.547,212915.993,Device,,NVIDIA A100-SXM4-40GB MIG 4g.20gb (0),1,,13,[CUDA memset]
17806621701,3328,362205,,,,,,,,,,0.031,9403.822,Pinned,Device,NVIDIA A100-SXM4-40GB MIG 4g.20gb (0),1,,13,[CUDA memcpy Host-to-Device]
17806627429,9952,362206,,,,,,,,,,0.197,19755.565,Pinned,Device,NVIDIA A100-SXM4-40GB MIG 4g.20gb (0),1,,13,[CUDA memcpy Host-to-Device]
17806642277,28416,362207,273,1,1,8,4,1,39,0.002,0.000,,,,,NVIDIA A100-SXM4-40GB MIG 4g.20gb (0),1,,13,"void channel_eq::eqMmseCoefCompLowMimoKernel<float, float, float, (unsigned int)4, (unsigned int)1, (unsigned int)4>(const channel_eq::_puschRxChEqStatDescr *, channel_eq::_puschRxChEqCoefCompDynDescr)"
17806672229,6848,362208,273,1,1,12,11,1,51,0.002,0.000,,,,,NVIDIA A100-SXM4-40GB MIG 4g.20gb (0),1,,13,"void channel_eq::eqMmseSoftDemapKernel<float, __half, __half, float, (unsigned int)4, (unsigned short)16383>(channel_eq::_puschRxChEqStatDescr *, channel_eq::_puschRxChEqSoftDemapDynDescr)"
17807281182,655608,362209,1,1,1,32,32,1,30,0.000,0.000,,,,,NVIDIA A100-SXM4-40GB MIG 4g.20gb (0),1,,13,"void convert_kernel<float2, __half2>(tensor_layout_any, T1 *, tensor_layout_any, const T2 *)"
17807941142,18496,362221,2253,1,1,128,1,1,16,0.000,0.000,,,,,NVIDIA A100-SXM4-40GB MIG 4g.20gb (0),1,,13,cupy_copy__float16_float16
17807961078,4480,362230,282,1,1,128,1,1,16,0.000,0.000,,,,,NVIDIA A100-SXM4-40GB MIG 4g.20gb (0),1,,13,cupy_copy__complex64_complex64
17807966806,4448,362239,26,1,1,128,1,1,16,0.000,0.000,,,,,NVIDIA A100-SXM4-40GB MIG 4g.20gb (0),1,,13,cupy_copy__float32_float32
17807972598,5280,362248,103,1,1,128,1,1,16,0.000,0.000,,,,,NVIDIA A100-SXM4-40GB MIG 4g.20gb (0),1,,13,cupy_copy__complex64_complex64
17807979894,17280,362258,1434,1,1,128,1,1,16,0.000,0.000,,,,,NVIDIA A100-SXM4-40GB MIG 4g.20gb (0),1,,13,cupy_copy__complex64_complex64
17807998998,84063,362263,1,1,1,32,32,1,30,0.000,0.000,,,,,NVIDIA A100-SXM4-40GB MIG 4g.20gb (0),1,,13,"void convert_kernel<__half2, float2>(tensor_layout_any, T1 *, tensor_layout_any, const T2 *)"
17808111284,5344,362266,,,,,,,,,,0.094,17532.864,Pinned,Device,NVIDIA A100-SXM4-40GB MIG 4g.20gb (0),1,,13,[CUDA memcpy Host-to-Device]
17808663982,600602,362267,,,,,,,,,,456.561,759718.236,Device,,NVIDIA A100-SXM4-40GB MIG 4g.20gb (0),1,,13,[CUDA memset]
17809265640,48031,362272,,,,,,,,,,1.235,25710.299,Pinned,Device,NVIDIA A100-SXM4-40GB MIG 4g.20gb (0),1,,13,[CUDA memcpy Host-to-Device]
17809315751,9408,362273,,,,,,,,,,0.197,20897.858,Pinned,Device,NVIDIA A100-SXM4-40GB MIG 4g.20gb (0),1,,13,[CUDA memcpy Host-to-Device]
17809328327,7200,362274,69,4,1,48,1,1,76,0.002,0.000,,,,,NVIDIA A100-SXM4-40GB MIG 4g.20gb (0),1,,13,"void ch_est::windowedChEstPreNoDftSOfdmKernel<float, __half, float, (unsigned int)2, (unsigned int)1, (unsigned short)4>(ch_est::puschRxChEstStatDescr_t *, ch_est::puschRxChEstDynDescr_t *)"
17809336583,6816,362275,137,2,1,24,2,1,44,0.001,0.001,,,,,NVIDIA A100-SXM4-40GB MIG 4g.20gb (0),1,,13,"void ch_est::chEstFilterNoDftSOfdmDispatchKernel<float, __half, float, (unsigned int)2>(ch_est::puschRxChEstStatDescr_t *, ch_est::puschRxChEstDynDescr_t *)"
17809344487,4736,362276,137,2,1,24,2,1,44,0.001,0.001,,,,,NVIDIA A100-SXM4-40GB MIG 4g.20gb (0),1,,13,"void ch_est::chEstFilterNoDftSOfdmDispatchKernel<float, __half, float, (unsigned int)2>(ch_est::puschRxChEstStatDescr_t *, ch_est::puschRxChEstDynDescr_t *)"
17809350279,2464,362287,103,1,1,128,1,1,16,0.000,0.000,,,,,NVIDIA A100-SXM4-40GB MIG 4g.20gb (0),1,,13,cupy_copy__complex64_complex64
17809353703,13247,362297,1434,1,1,128,1,1,16,0.000,0.000,,,,,NVIDIA A100-SXM4-40GB MIG 4g.20gb (0),1,,13,cupy_copy__complex64_complex64
17809367942,2432,362304,103,1,1,128,1,1,16,0.000,0.000,,,,,NVIDIA A100-SXM4-40GB MIG 4g.20gb (0),1,,13,cupy_copy__complex64_complex64
17809371462,79455,362311,1,1,1,32,32,1,30,0.000,0.000,,,,,NVIDIA A100-SXM4-40GB MIG 4g.20gb (0),1,,13,"void convert_kernel<__half2, float2>(tensor_layout_any, T1 *, tensor_layout_any, const T2 *)"
17809478853,5344,362314,,,,,,,,,,0.094,17532.864,Pinned,Device,NVIDIA A100-SXM4-40GB MIG 4g.20gb (0),1,,13,[CUDA memcpy Host-to-Device]
17809490853,45599,362315,,,,,,,,,,35.810,785311.546,Device,,NVIDIA A100-SXM4-40GB MIG 4g.20gb (0),1,,13,[CUDA memset]
17809541540,1824,362317,,,,,,,,,,0.000,43.860,Pinned,Device,NVIDIA A100-SXM4-40GB MIG 4g.20gb (0),1,,13,[CUDA memcpy Host-to-Device]
17809545700,9216,362318,,,,,,,,,,0.197,21333.148,Pinned,Device,NVIDIA A100-SXM4-40GB MIG 4g.20gb (0),1,,13,[CUDA memcpy Host-to-Device]
17809558116,8608,362319,273,1,1,48,1,1,40,0.000,0.001,,,,,NVIDIA A100-SXM4-40GB MIG 4g.20gb (0),1,,13,"void pusch_noise_intf_est::noiseIntfEstNoDftSOfdmKernel<float, __half, float, float, (unsigned int)2, (unsigned int)1, (unsigned char)4, (unsigned char)4>(pusch_noise_intf_est::puschRxNoiseIntfEstDynDescr)"
17809567748,2880,362330,35,1,1,128,1,1,16,0.000,0.000,,,,,NVIDIA A100-SXM4-40GB MIG 4g.20gb (0),1,,13,cupy_copy__complex64_complex64
17809596004,1856,362339,1,1,1,1,1,1,18,0.000,0.000,,,,,NVIDIA A100-SXM4-40GB MIG 4g.20gb (0),1,,13,cupy_copy__float32_float32
17809629219,1568,362345,,,,,,,,,,0.000,2.551,Device,Pageable,NVIDIA A100-SXM4-40GB MIG 4g.20gb (0),1,,7,[CUDA memcpy Device-to-Host]
17809687747,13280,362356,1434,1,1,128,1,1,16,0.000,0.000,,,,,NVIDIA A100-SXM4-40GB MIG 4g.20gb (0),1,,13,cupy_copy__complex64_complex64
17809713154,2720,362363,103,1,1,128,1,1,16,0.000,0.000,,,,,NVIDIA A100-SXM4-40GB MIG 4g.20gb (0),1,,13,cupy_copy__complex64_complex64
17809745250,2176,362370,35,1,1,128,1,1,16,0.000,0.000,,,,,NVIDIA A100-SXM4-40GB MIG 4g.20gb (0),1,,13,cupy_copy__complex64_complex64
17809764450,1856,362377,1,1,1,1,1,1,18,0.000,0.000,,,,,NVIDIA A100-SXM4-40GB MIG 4g.20gb (0),1,,13,cupy_copy__float32_float32
17809900000,79263,362388,1,1,1,32,32,1,30,0.000,0.000,,,,,NVIDIA A100-SXM4-40GB MIG 4g.20gb (0),1,,13,"void convert_kernel<__half2, float2>(tensor_layout_any, T1 *, tensor_layout_any, const T2 *)"
17810007551,5344,362391,,,,,,,,,,0.094,17532.864,Pinned,Device,NVIDIA A100-SXM4-40GB MIG 4g.20gb (0),1,,13,[CUDA memcpy Host-to-Device]
17810021023,3168,362392,,,,,,,,,,1.547,488201.145,Device,,NVIDIA A100-SXM4-40GB MIG 4g.20gb (0),1,,13,[CUDA memset]
17810027551,3008,362397,,,,,,,,,,0.031,10404.230,Pinned,Device,NVIDIA A100-SXM4-40GB MIG 4g.20gb (0),1,,13,[CUDA memcpy Host-to-Device]
17810032639,9312,362398,,,,,,,,,,0.197,21113.340,Pinned,Device,NVIDIA A100-SXM4-40GB MIG 4g.20gb (0),1,,13,[CUDA memcpy Host-to-Device]
17810045439,5984,362399,273,1,1,8,4,1,39,0.002,0.000,,,,,NVIDIA A100-SXM4-40GB MIG 4g.20gb (0),1,,13,"void channel_eq::eqMmseCoefCompLowMimoKernel<float, float, float, (unsigned int)4, (unsigned int)1, (unsigned int)4>(const channel_eq::_puschRxChEqStatDescr *, channel_eq::_puschRxChEqCoefCompDynDescr)"
17810052415,6176,362400,273,1,1,12,11,1,51,0.002,0.000,,,,,NVIDIA A100-SXM4-40GB MIG 4g.20gb (0),1,,13,"void channel_eq::eqMmseSoftDemapKernel<float, __half, __half, float, (unsigned int)4, (unsigned short)16383>(channel_eq::_puschRxChEqStatDescr *, channel_eq::_puschRxChEqSoftDemapDynDescr)"
17810059615,281660,362401,1,1,1,32,32,1,30,0.000,0.000,,,,,NVIDIA A100-SXM4-40GB MIG 4g.20gb (0),1,,13,"void convert_kernel<float2, __half2>(tensor_layout_any, T1 *, tensor_layout_any, const T2 *)"
17810342363,10432,362413,2253,1,1,128,1,1,16,0.000,0.000,,,,,NVIDIA A100-SXM4-40GB MIG 4g.20gb (0),1,,13,cupy_copy__float16_float16
17810353819,2720,362422,282,1,1,128,1,1,16,0.000,0.000,,,,,NVIDIA A100-SXM4-40GB MIG 4g.20gb (0),1,,13,cupy_copy__complex64_complex64
17810357691,2048,362431,26,1,1,128,1,1,16,0.000,0.000,,,,,NVIDIA A100-SXM4-40GB MIG 4g.20gb (0),1,,13,cupy_copy__float32_float32
17810360763,2816,362440,103,1,1,128,1,1,16,0.000,0.000,,,,,NVIDIA A100-SXM4-40GB MIG 4g.20gb (0),1,,13,cupy_copy__complex64_complex64
17810364635,11392,362450,1434,1,1,128,1,1,16,0.000,0.000,,,,,NVIDIA A100-SXM4-40GB MIG 4g.20gb (0),1,,13,cupy_copy__complex64_complex64
17810391099,79935,362455,1,1,1,32,32,1,30,0.000,0.000,,,,,NVIDIA A100-SXM4-40GB MIG 4g.20gb (0),1,,13,"void convert_kernel<__half2, float2>(tensor_layout_any, T1 *, tensor_layout_any, const T2 *)"
17810498298,5376,362458,,,,,,,,,,0.094,17428.487,Pinned,Device,NVIDIA A100-SXM4-40GB MIG 4g.20gb (0),1,,13,[CUDA memcpy Host-to-Device]
17810508026,597881,362459,,,,,,,,,,456.561,763370.728,Device,,NVIDIA A100-SXM4-40GB MIG 4g.20gb (0),1,,13,[CUDA memset]
17811115539,50783,362464,,,,,,,,,,1.235,24317.282,Pinned,Device,NVIDIA A100-SXM4-40GB MIG 4g.20gb (0),1,,13,[CUDA memcpy Host-to-Device]
17811170418,9888,362465,,,,,,,,,,0.197,19883.360,Pinned,Device,NVIDIA A100-SXM4-40GB MIG 4g.20gb (0),1,,13,[CUDA memcpy Host-to-Device]
17811379792,27615,362466,69,4,1,48,1,1,76,0.002,0.000,,,,,NVIDIA A100-SXM4-40GB MIG 4g.20gb (0),1,,13,"void ch_est::windowedChEstPreNoDftSOfdmKernel<float, __half, float, (unsigned int)2, (unsigned int)1, (unsigned short)4>(ch_est::puschRxChEstStatDescr_t *, ch_est::puschRxChEstDynDescr_t *)"
17811520654,26720,362467,137,2,1,24,2,1,44,0.001,0.001,,,,,NVIDIA A100-SXM4-40GB MIG 4g.20gb (0),1,,13,"void ch_est::chEstFilterNoDftSOfdmDispatchKernel<float, __half, float, (unsigned int)2>(ch_est::puschRxChEstStatDescr_t *, ch_est::puschRxChEstDynDescr_t *)"
17811716268,26656,362468,137,2,1,24,2,1,44,0.001,0.001,,,,,NVIDIA A100-SXM4-40GB MIG 4g.20gb (0),1,,13,"void ch_est::chEstFilterNoDftSOfdmDispatchKernel<float, __half, float, (unsigned int)2>(ch_est::puschRxChEstStatDescr_t *, ch_est::puschRxChEstDynDescr_t *)"
17811848778,20928,362479,103,1,1,128,1,1,16,0.000,0.000,,,,,NVIDIA A100-SXM4-40GB MIG 4g.20gb (0),1,,13,cupy_copy__complex64_complex64
17812032520,21248,362489,1434,1,1,128,1,1,16,0.000,0.000,,,,,NVIDIA A100-SXM4-40GB MIG 4g.20gb (0),1,,13,cupy_copy__complex64_complex64
17812167591,22016,362496,103,1,1,128,1,1,16,0.000,0.000,,,,,NVIDIA A100-SXM4-40GB MIG 4g.20gb (0),1,,13,cupy_copy__complex64_complex64
17812359621,310652,362503,1,1,1,32,32,1,30,0.000,0.000,,,,,NVIDIA A100-SXM4-40GB MIG 4g.20gb (0),1,,13,"void convert_kernel<__half2, float2>(tensor_layout_any, T1 *, tensor_layout_any, const T2 *)"
17812710817,8192,362506,,,,,,,,,,0.094,11437.471,Pinned,Device,NVIDIA A100-SXM4-40GB MIG 4g.20gb (0),1,,13,[CUDA memcpy Host-to-Device]
17812987614,54559,362507,,,,,,,,,,35.810,656324.214,Device,,NVIDIA A100-SXM4-40GB MIG 4g.20gb (0),1,,13,[CUDA memset]
17813050301,1952,362509,,,,,,,,,,0.000,40.984,Pinned,Device,NVIDIA A100-SXM4-40GB MIG 4g.20gb (0),1,,13,[CUDA memcpy Host-to-Device]
17813054941,9824,362510,,,,,,,,,,0.197,20012.925,Pinned,Device,NVIDIA A100-SXM4-40GB MIG 4g.20gb (0),1,,13,[CUDA memcpy Host-to-Device]
17813413817,21376,362511,273,1,1,48,1,1,40,0.000,0.001,,,,,NVIDIA A100-SXM4-40GB MIG 4g.20gb (0),1,,13,"void pusch_noise_intf_est::noiseIntfEstNoDftSOfdmKernel<float, __half, float, float, (unsigned int)2, (unsigned int)1, (unsigned char)4, (unsigned char)4>(pusch_noise_intf_est::puschRxNoiseIntfEstDynDescr)"
17813687478,22816,362522,35,1,1,128,1,1,16,0.000,0.000,,,,,NVIDIA A100-SXM4-40GB MIG 4g.20gb (0),1,,13,cupy_copy__complex64_complex64
17814005042,16320,362531,1,1,1,1,1,1,18,0.000,0.000,,,,,NVIDIA A100-SXM4-40GB MIG 4g.20gb (0),1,,13,cupy_copy__float32_float32
17814027250,1792,362537,,,,,,,,,,0.000,2.232,Device,Pageable,NVIDIA A100-SXM4-40GB MIG 4g.20gb (0),1,,7,[CUDA memcpy Device-to-Host]
17814466317,48672,362548,1434,1,1,128,1,1,16,0.000,0.000,,,,,NVIDIA A100-SXM4-40GB MIG 4g.20gb (0),1,,13,cupy_copy__complex64_complex64
17814945224,17184,362555,103,1,1,128,1,1,16,0.000,0.000,,,,,NVIDIA A100-SXM4-40GB MIG 4g.20gb (0),1,,13,cupy_copy__complex64_complex64
17815241476,22944,362562,35,1,1,128,1,1,16,0.000,0.000,,,,,NVIDIA A100-SXM4-40GB MIG 4g.20gb (0),1,,13,cupy_copy__complex64_complex64
17815382659,9280,362569,1,1,1,1,1,1,18,0.000,0.000,,,,,NVIDIA A100-SXM4-40GB MIG 4g.20gb (0),1,,13,cupy_copy__float32_float32
17815532641,296445,362580,1,1,1,32,32,1,30,0.000,0.000,,,,,NVIDIA A100-SXM4-40GB MIG 4g.20gb (0),1,,13,"void convert_kernel<__half2, float2>(tensor_layout_any, T1 *, tensor_layout_any, const T2 *)"
17815871069,5376,362583,,,,,,,,,,0.094,17428.487,Pinned,Device,NVIDIA A100-SXM4-40GB MIG 4g.20gb (0),1,,13,[CUDA memcpy Host-to-Device]
17816119867,20351,362584,,,,,,,,,,1.547,75996.463,Device,,NVIDIA A100-SXM4-40GB MIG 4g.20gb (0),1,,13,[CUDA memset]
17816150554,3040,362589,,,,,,,,,,0.031,10294.725,Pinned,Device,NVIDIA A100-SXM4-40GB MIG 4g.20gb (0),1,,13,[CUDA memcpy Host-to-Device]
17816156602,9344,362590,,,,,,,,,,0.197,21040.988,Pinned,Device,NVIDIA A100-SXM4-40GB MIG 4g.20gb (0),1,,13,[CUDA memcpy Host-to-Device]
17816263513,35296,362591,273,1,1,8,4,1,39,0.002,0.000,,,,,NVIDIA A100-SXM4-40GB MIG 4g.20gb (0),1,,13,"void channel_eq::eqMmseCoefCompLowMimoKernel<float, float, float, (unsigned int)4, (unsigned int)1, (unsigned int)4>(const channel_eq::_puschRxChEqStatDescr *, channel_eq::_puschRxChEqCoefCompDynDescr)"
17816414679,49312,362592,273,1,1,12,11,1,51,0.002,0.000,,,,,NVIDIA A100-SXM4-40GB MIG 4g.20gb (0),1,,13,"void channel_eq::eqMmseSoftDemapKernel<float, __half, __half, float, (unsigned int)4, (unsigned short)16383>(channel_eq::_puschRxChEqStatDescr *, channel_eq::_puschRxChEqSoftDemapDynDescr)"
17816647541,696536,362593,1,1,1,32,32,1,30,0.000,0.000,,,,,NVIDIA A100-SXM4-40GB MIG 4g.20gb (0),1,,13,"void convert_kernel<float2, __half2>(tensor_layout_any, T1 *, tensor_layout_any, const T2 *)"
17817476235,14048,362605,2253,1,1,128,1,1,16,0.000,0.000,,,,,NVIDIA A100-SXM4-40GB MIG 4g.20gb (0),1,,13,cupy_copy__float16_float16
17817818407,5952,362614,282,1,1,128,1,1,16,0.000,0.000,,,,,NVIDIA A100-SXM4-40GB MIG 4g.20gb (0),1,,13,cupy_copy__complex64_complex64
17817947590,13408,362623,26,1,1,128,1,1,16,0.000,0.000,,,,,NVIDIA A100-SXM4-40GB MIG 4g.20gb (0),1,,13,cupy_copy__float32_float32
17818275682,10048,362632,103,1,1,128,1,1,16,0.000,0.000,,,,,NVIDIA A100-SXM4-40GB MIG 4g.20gb (0),1,,13,cupy_copy__complex64_complex64
17818287714,16448,362642,1434,1,1,128,1,1,16,0.000,0.000,,,,,NVIDIA A100-SXM4-40GB MIG 4g.20gb (0),1,,13,cupy_copy__complex64_complex64
17818305730,80383,362647,1,1,1,32,32,1,30,0.000,0.000,,,,,NVIDIA A100-SXM4-40GB MIG 4g.20gb (0),1,,13,"void convert_kernel<__half2, float2>(tensor_layout_any, T1 *, tensor_layout_any, const T2 *)"
17818416001,5920,362650,,,,,,,,,,0.094,15826.941,Pinned,Device,NVIDIA A100-SXM4-40GB MIG 4g.20gb (0),1,,13,[CUDA memcpy Host-to-Device]
17818708381,601690,362651,,,,,,,,,,456.561,758348.552,Device,,NVIDIA A100-SXM4-40GB MIG 4g.20gb (0),1,,13,[CUDA memset]
17819311607,50687,362656,,,,,,,,,,1.235,24362.975,Pinned,Device,NVIDIA A100-SXM4-40GB MIG 4g.20gb (0),1,,13,[CUDA memcpy Host-to-Device]
17819364758,10080,362657,,,,,,,,,,0.197,19504.693,Pinned,Device,NVIDIA A100-SXM4-40GB MIG 4g.20gb (0),1,,13,[CUDA memcpy Host-to-Device]
17819627091,12992,362658,69,4,1,48,1,1,76,0.002,0.000,,,,,NVIDIA A100-SXM4-40GB MIG 4g.20gb (0),1,,13,"void ch_est::windowedChEstPreNoDftSOfdmKernel<float, __half, float, (unsigned int)2, (unsigned int)1, (unsigned short)4>(ch_est::puschRxChEstStatDescr_t *, ch_est::puschRxChEstDynDescr_t *)"
17819641939,6432,362659,137,2,1,24,2,1,44,0.001,0.001,,,,,NVIDIA A100-SXM4-40GB MIG 4g.20gb (0),1,,13,"void ch_est::chEstFilterNoDftSOfdmDispatchKernel<float, __half, float, (unsigned int)2>(ch_est::puschRxChEstStatDescr_t *, ch_est::puschRxChEstDynDescr_t *)"
17819650515,4864,362660,137,2,1,24,2,1,44,0.001,0.001,,,,,NVIDIA A100-SXM4-40GB MIG 4g.20gb (0),1,,13,"void ch_est::chEstFilterNoDftSOfdmDispatchKernel<float, __half, float, (unsigned int)2>(ch_est::puschRxChEstStatDescr_t *, ch_est::puschRxChEstDynDescr_t *)"
17819656787,2560,362671,103,1,1,128,1,1,16,0.000,0.000,,,,,NVIDIA A100-SXM4-40GB MIG 4g.20gb (0),1,,13,cupy_copy__complex64_complex64
17819660947,12928,362681,1434,1,1,128,1,1,16,0.000,0.000,,,,,NVIDIA A100-SXM4-40GB MIG 4g.20gb (0),1,,13,cupy_copy__complex64_complex64
17819971087,4896,362688,103,1,1,128,1,1,16,0.000,0.000,,,,,NVIDIA A100-SXM4-40GB MIG 4g.20gb (0),1,,13,cupy_copy__complex64_complex64
17819978031,208798,362695,1,1,1,32,32,1,30,0.000,0.000,,,,,NVIDIA A100-SXM4-40GB MIG 4g.20gb (0),1,,13,"void convert_kernel<__half2, float2>(tensor_layout_any, T1 *, tensor_layout_any, const T2 *)"
17820230636,5568,362698,,,,,,,,,,0.094,16827.521,Pinned,Device,NVIDIA A100-SXM4-40GB MIG 4g.20gb (0),1,,13,[CUDA memcpy Host-to-Device]
17820308491,53504,362699,,,,,,,,,,35.810,669287.405,Device,,NVIDIA A100-SXM4-40GB MIG 4g.20gb (0),1,,13,[CUDA memset]
17820364811,2656,362701,,,,,,,,,,0.000,30.120,Pinned,Device,NVIDIA A100-SXM4-40GB MIG 4g.20gb (0),1,,13,[CUDA memcpy Host-to-Device]
17820371083,10048,362702,,,,,,,,,,0.197,19566.821,Pinned,Device,NVIDIA A100-SXM4-40GB MIG 4g.20gb (0),1,,13,[CUDA memcpy Host-to-Device]
17820727655,45215,362703,273,1,1,48,1,1,40,0.000,0.001,,,,,NVIDIA A100-SXM4-40GB MIG 4g.20gb (0),1,,13,"void pusch_noise_intf_est::noiseIntfEstNoDftSOfdmKernel<float, __half, float, float, (unsigned int)2, (unsigned int)1, (unsigned char)4, (unsigned char)4>(pusch_noise_intf_est::puschRxNoiseIntfEstDynDescr)"
17821113570,7680,362714,35,1,1,128,1,1,16,0.000,0.000,,,,,NVIDIA A100-SXM4-40GB MIG 4g.20gb (0),1,,13,cupy_copy__complex64_complex64
17821279873,3936,362723,1,1,1,1,1,1,18,0.000,0.000,,,,,NVIDIA A100-SXM4-40GB MIG 4g.20gb (0),1,,13,cupy_copy__float32_float32
17821293792,189406,362729,,,,,,,,,,0.000,0.021,Device,Pageable,NVIDIA A100-SXM4-40GB MIG 4g.20gb (0),1,,7,[CUDA memcpy Device-to-Host]
17822018296,32064,362740,1434,1,1,128,1,1,16,0.000,0.000,,,,,NVIDIA A100-SXM4-40GB MIG 4g.20gb (0),1,,13,cupy_copy__complex64_complex64
17822521491,19007,362747,103,1,1,128,1,1,16,0.000,0.000,,,,,NVIDIA A100-SXM4-40GB MIG 4g.20gb (0),1,,13,cupy_copy__complex64_complex64
17822718480,5504,362754,35,1,1,128,1,1,16,0.000,0.000,,,,,NVIDIA A100-SXM4-40GB MIG 4g.20gb (0),1,,13,cupy_copy__complex64_complex64
17822881423,7839,362761,1,1,1,1,1,1,18,0.000,0.000,,,,,NVIDIA A100-SXM4-40GB MIG 4g.20gb (0),1,,13,cupy_copy__float32_float32
17823059277,319900,362772,1,1,1,32,32,1,30,0.000,0.000,,,,,NVIDIA A100-SXM4-40GB MIG 4g.20gb (0),1,,13,"void convert_kernel<__half2, float2>(tensor_layout_any, T1 *, tensor_layout_any, const T2 *)"
17823409961,5376,362775,,,,,,,,,,0.094,17428.487,Pinned,Device,NVIDIA A100-SXM4-40GB MIG 4g.20gb (0),1,,13,[CUDA memcpy Host-to-Device]
17823730661,16736,362776,,,,,,,,,,1.547,92412.331,Device,,NVIDIA A100-SXM4-40GB MIG 4g.20gb (0),1,,13,[CUDA memset]
17823770949,3072,362781,,,,,,,,,,0.031,10187.474,Pinned,Device,NVIDIA A100-SXM4-40GB MIG 4g.20gb (0),1,,13,[CUDA memcpy Host-to-Device]
17823776709,9951,362782,,,,,,,,,,0.197,19757.531,Pinned,Device,NVIDIA A100-SXM4-40GB MIG 4g.20gb (0),1,,13,[CUDA memcpy Host-to-Device]
17824070945,18400,362783,273,1,1,8,4,1,39,0.002,0.000,,,,,NVIDIA A100-SXM4-40GB MIG 4g.20gb (0),1,,13,"void channel_eq::eqMmseCoefCompLowMimoKernel<float, float, float, (unsigned int)4, (unsigned int)1, (unsigned int)4>(const channel_eq::_puschRxChEqStatDescr *, channel_eq::_puschRxChEqCoefCompDynDescr)"
17824391582,37343,362784,273,1,1,12,11,1,51,0.002,0.000,,,,,NVIDIA A100-SXM4-40GB MIG 4g.20gb (0),1,,13,"void channel_eq::eqMmseSoftDemapKernel<float, __half, __half, float, (unsigned int)4, (unsigned short)16383>(channel_eq::_puschRxChEqStatDescr *, channel_eq::_puschRxChEqSoftDemapDynDescr)"
17824754010,755703,362785,1,1,1,32,32,1,30,0.000,0.000,,,,,NVIDIA A100-SXM4-40GB MIG 4g.20gb (0),1,,13,"void convert_kernel<float2, __half2>(tensor_layout_any, T1 *, tensor_layout_any, const T2 *)"
17826147978,34527,362797,2253,1,1,128,1,1,16,0.000,0.000,,,,,NVIDIA A100-SXM4-40GB MIG 4g.20gb (0),1,,13,cupy_copy__float16_float16
17826702436,12543,362806,282,1,1,128,1,1,16,0.000,0.000,,,,,NVIDIA A100-SXM4-40GB MIG 4g.20gb (0),1,,13,cupy_copy__complex64_complex64
17827042656,14336,362815,26,1,1,128,1,1,16,0.000,0.000,,,,,NVIDIA A100-SXM4-40GB MIG 4g.20gb (0),1,,13,cupy_copy__float32_float32
17827181246,24352,362824,103,1,1,128,1,1,16,0.000,0.000,,,,,NVIDIA A100-SXM4-40GB MIG 4g.20gb (0),1,,13,cupy_copy__complex64_complex64
17827378204,22848,362834,1434,1,1,128,1,1,16,0.000,0.000,,,,,NVIDIA A100-SXM4-40GB MIG 4g.20gb (0),1,,13,cupy_copy__complex64_complex64
17827522810,325085,362839,1,1,1,32,32,1,30,0.000,0.000,,,,,NVIDIA A100-SXM4-40GB MIG 4g.20gb (0),1,,13,"void convert_kernel<__half2, float2>(tensor_layout_any, T1 *, tensor_layout_any, const T2 *)"
17827879670,5376,362842,,,,,,,,,,0.094,17428.487,Pinned,Device,NVIDIA A100-SXM4-40GB MIG 4g.20gb (0),1,,13,[CUDA memcpy Host-to-Device]
17828112692,624377,362843,,,,,,,,,,456.561,730954.865,Device,,NVIDIA A100-SXM4-40GB MIG 4g.20gb (0),1,,13,[CUDA memset]
17828741453,51135,362848,,,,,,,,,,1.235,24150.565,Pinned,Device,NVIDIA A100-SXM4-40GB MIG 4g.20gb (0),1,,13,[CUDA memcpy Host-to-Device]
17828795436,9792,362849,,,,,,,,,,0.197,20078.395,Pinned,Device,NVIDIA A100-SXM4-40GB MIG 4g.20gb (0),1,,13,[CUDA memcpy Host-to-Device]
17829310374,31488,362850,69,4,1,48,1,1,76,0.002,0.000,,,,,NVIDIA A100-SXM4-40GB MIG 4g.20gb (0),1,,13,"void ch_est::windowedChEstPreNoDftSOfdmKernel<float, __half, float, (unsigned int)2, (unsigned int)1, (unsigned short)4>(ch_est::puschRxChEstStatDescr_t *, ch_est::puschRxChEstDynDescr_t *)"
17829498468,25664,362851,137,2,1,24,2,1,44,0.001,0.001,,,,,NVIDIA A100-SXM4-40GB MIG 4g.20gb (0),1,,13,"void ch_est::chEstFilterNoDftSOfdmDispatchKernel<float, __half, float, (unsigned int)2>(ch_est::puschRxChEstStatDescr_t *, ch_est::puschRxChEstDynDescr_t *)"
17829909504,26015,362852,137,2,1,24,2,1,44,0.001,0.001,,,,,NVIDIA A100-SXM4-40GB MIG 4g.20gb (0),1,,13,"void ch_est::chEstFilterNoDftSOfdmDispatchKernel<float, __half, float, (unsigned int)2>(ch_est::puschRxChEstStatDescr_t *, ch_est::puschRxChEstDynDescr_t *)"
17830095486,16863,362863,103,1,1,128,1,1,16,0.000,0.000,,,,,NVIDIA A100-SXM4-40GB MIG 4g.20gb (0),1,,13,cupy_copy__complex64_complex64
17830566616,18048,362873,1434,1,1,128,1,1,16,0.000,0.000,,,,,NVIDIA A100-SXM4-40GB MIG 4g.20gb (0),1,,13,cupy_copy__complex64_complex64
17831434382,10784,362880,103,1,1,128,1,1,16,0.000,0.000,,,,,NVIDIA A100-SXM4-40GB MIG 4g.20gb (0),1,,13,cupy_copy__complex64_complex64
17831864586,302332,362887,1,1,1,32,32,1,30,0.000,0.000,,,,,NVIDIA A100-SXM4-40GB MIG 4g.20gb (0),1,,13,"void convert_kernel<__half2, float2>(tensor_layout_any, T1 *, tensor_layout_any, const T2 *)"
17832196518,5504,362890,,,,,,,,,,0.094,17023.251,Pinned,Device,NVIDIA A100-SXM4-40GB MIG 4g.20gb (0),1,,13,[CUDA memcpy Host-to-Device]
17832544610,64415,362891,,,,,,,,,,35.810,555913.198,Device,,NVIDIA A100-SXM4-40GB MIG 4g.20gb (0),1,,13,[CUDA memset]
17832612801,4640,362893,,,,,,,,,,0.000,17.241,Pinned,Device,NVIDIA A100-SXM4-40GB MIG 4g.20gb (0),1,,13,[CUDA memcpy Host-to-Device]
17832620065,9696,362894,,,,,,,,,,0.197,20277.166,Pinned,Device,NVIDIA A100-SXM4-40GB MIG 4g.20gb (0),1,,13,[CUDA memcpy Host-to-Device]
17833280314,33151,362895,273,1,1,48,1,1,40,0.000,0.001,,,,,NVIDIA A100-SXM4-40GB MIG 4g.20gb (0),1,,13,"void pusch_noise_intf_est::noiseIntfEstNoDftSOfdmKernel<float, __half, float, float, (unsigned int)2, (unsigned int)1, (unsigned char)4, (unsigned char)4>(pusch_noise_intf_est::puschRxNoiseIntfEstDynDescr)"
17833631542,6112,362906,35,1,1,128,1,1,16,0.000,0.000,,,,,NVIDIA A100-SXM4-40GB MIG 4g.20gb (0),1,,13,cupy_copy__complex64_complex64
17834595979,3808,362915,1,1,1,1,1,1,18,0.000,0.000,,,,,NVIDIA A100-SXM4-40GB MIG 4g.20gb (0),1,,13,cupy_copy__float32_float32
17834601707,1824,362921,,,,,,,,,,0.000,2.193,Device,Pageable,NVIDIA A100-SXM4-40GB MIG 4g.20gb (0),1,,7,[CUDA memcpy Device-to-Host]
17835572224,19712,362932,1434,1,1,128,1,1,16,0.000,0.000,,,,,NVIDIA A100-SXM4-40GB MIG 4g.20gb (0),1,,13,cupy_copy__complex64_complex64
17836335191,7552,362939,103,1,1,128,1,1,16,0.000,0.000,,,,,NVIDIA A100-SXM4-40GB MIG 4g.20gb (0),1,,13,cupy_copy__complex64_complex64
17836893681,8288,362946,35,1,1,128,1,1,16,0.000,0.000,,,,,NVIDIA A100-SXM4-40GB MIG 4g.20gb (0),1,,13,cupy_copy__complex64_complex64
17837194702,3456,362953,1,1,1,1,1,1,18,0.000,0.000,,,,,NVIDIA A100-SXM4-40GB MIG 4g.20gb (0),1,,13,cupy_copy__float32_float32
17837475659,312188,362964,1,1,1,32,32,1,30,0.000,0.000,,,,,NVIDIA A100-SXM4-40GB MIG 4g.20gb (0),1,,13,"void convert_kernel<__half2, float2>(tensor_layout_any, T1 *, tensor_layout_any, const T2 *)"
17837831079,5472,362967,,,,,,,,,,0.094,17122.757,Pinned,Device,NVIDIA A100-SXM4-40GB MIG 4g.20gb (0),1,,13,[CUDA memcpy Host-to-Device]
17838556190,9696,362968,,,,,,,,,,1.547,159511.066,Device,,NVIDIA A100-SXM4-40GB MIG 4g.20gb (0),1,,13,[CUDA memset]
17838573630,3008,362973,,,,,,,,,,0.031,10404.230,Pinned,Device,NVIDIA A100-SXM4-40GB MIG 4g.20gb (0),1,,13,[CUDA memcpy Host-to-Device]
17838580894,10688,362974,,,,,,,,,,0.197,18395.038,Pinned,Device,NVIDIA A100-SXM4-40GB MIG 4g.20gb (0),1,,13,[CUDA memcpy Host-to-Device]
17838829211,15904,362975,273,1,1,8,4,1,39,0.002,0.000,,,,,NVIDIA A100-SXM4-40GB MIG 4g.20gb (0),1,,13,"void channel_eq::eqMmseCoefCompLowMimoKernel<float, float, float, (unsigned int)4, (unsigned int)1, (unsigned int)4>(const channel_eq::_puschRxChEqStatDescr *, channel_eq::_puschRxChEqCoefCompDynDescr)"
17839315830,18944,362976,273,1,1,12,11,1,51,0.002,0.000,,,,,NVIDIA A100-SXM4-40GB MIG 4g.20gb (0),1,,13,"void channel_eq::eqMmseSoftDemapKernel<float, __half, __half, float, (unsigned int)4, (unsigned short)16383>(channel_eq::_puschRxChEqStatDescr *, channel_eq::_puschRxChEqSoftDemapDynDescr)"
17839834512,688664,362977,1,1,1,32,32,1,30,0.000,0.000,,,,,NVIDIA A100-SXM4-40GB MIG 4g.20gb (0),1,,13,"void convert_kernel<float2, __half2>(tensor_layout_any, T1 *, tensor_layout_any, const T2 *)"
17840937284,18592,362989,2253,1,1,128,1,1,16,0.000,0.000,,,,,NVIDIA A100-SXM4-40GB MIG 4g.20gb (0),1,,13,cupy_copy__float16_float16
17841477054,8416,362998,282,1,1,128,1,1,16,0.000,0.000,,,,,NVIDIA A100-SXM4-40GB MIG 4g.20gb (0),1,,13,cupy_copy__complex64_complex64
17841885529,7872,363007,26,1,1,128,1,1,16,0.000,0.000,,,,,NVIDIA A100-SXM4-40GB MIG 4g.20gb (0),1,,13,cupy_copy__float32_float32
17842301364,10688,363016,103,1,1,128,1,1,16,0.000,0.000,,,,,NVIDIA A100-SXM4-40GB MIG 4g.20gb (0),1,,13,cupy_copy__complex64_complex64
17842673776,24128,363026,1434,1,1,128,1,1,16,0.000,0.000,,,,,NVIDIA A100-SXM4-40GB MIG 4g.20gb (0),1,,13,cupy_copy__complex64_complex64
17843092684,272956,363031,1,1,1,32,32,1,30,0.000,0.000,,,,,NVIDIA A100-SXM4-40GB MIG 4g.20gb (0),1,,13,"void convert_kernel<__half2, float2>(tensor_layout_any, T1 *, tensor_layout_any, const T2 *)"
17843395464,5376,363034,,,,,,,,,,0.094,17428.487,Pinned,Device,NVIDIA A100-SXM4-40GB MIG 4g.20gb (0),1,,13,[CUDA memcpy Host-to-Device]
17843886083,609017,363035,,,,,,,,,,456.561,749217.323,Device,,NVIDIA A100-SXM4-40GB MIG 4g.20gb (0),1,,13,[CUDA memset]
17844500380,55391,363040,,,,,,,,,,1.235,22294.444,Pinned,Device,NVIDIA A100-SXM4-40GB MIG 4g.20gb (0),1,,13,[CUDA memcpy Host-to-Device]
17844560603,13120,363041,,,,,,,,,,0.197,14985.265,Pinned,Device,NVIDIA A100-SXM4-40GB MIG 4g.20gb (0),1,,13,[CUDA memcpy Host-to-Device]
17845153876,13024,363042,69,4,1,48,1,1,76,0.002,0.000,,,,,NVIDIA A100-SXM4-40GB MIG 4g.20gb (0),1,,13,"void ch_est::windowedChEstPreNoDftSOfdmKernel<float, __half, float, (unsigned int)2, (unsigned int)1, (unsigned short)4>(ch_est::puschRxChEstStatDescr_t *, ch_est::puschRxChEstDynDescr_t *)"
17845807373,17216,363043,137,2,1,24,2,1,44,0.001,0.001,,,,,NVIDIA A100-SXM4-40GB MIG 4g.20gb (0),1,,13,"void ch_est::chEstFilterNoDftSOfdmDispatchKernel<float, __half, float, (unsigned int)2>(ch_est::puschRxChEstStatDescr_t *, ch_est::puschRxChEstDynDescr_t *)"
17846024651,22175,363044,137,2,1,24,2,1,44,0.001,0.001,,,,,NVIDIA A100-SXM4-40GB MIG 4g.20gb (0),1,,13,"void ch_est::chEstFilterNoDftSOfdmDispatchKernel<float, __half, float, (unsigned int)2>(ch_est::puschRxChEstStatDescr_t *, ch_est::puschRxChEstDynDescr_t *)"
17846274440,6272,363055,103,1,1,128,1,1,16,0.000,0.000,,,,,NVIDIA A100-SXM4-40GB MIG 4g.20gb (0),1,,13,cupy_copy__complex64_complex64
17846459846,17823,363065,1434,1,1,128,1,1,16,0.000,0.000,,,,,NVIDIA A100-SXM4-40GB MIG 4g.20gb (0),1,,13,cupy_copy__complex64_complex64
17846717955,5600,363072,103,1,1,128,1,1,16,0.000,0.000,,,,,NVIDIA A100-SXM4-40GB MIG 4g.20gb (0),1,,13,cupy_copy__complex64_complex64
17846906561,297276,363079,1,1,1,32,32,1,30,0.000,0.000,,,,,NVIDIA A100-SXM4-40GB MIG 4g.20gb (0),1,,13,"void convert_kernel<__half2, float2>(tensor_layout_any, T1 *, tensor_layout_any, const T2 *)"
17847233949,6080,363082,,,,,,,,,,0.094,15410.462,Pinned,Device,NVIDIA A100-SXM4-40GB MIG 4g.20gb (0),1,,13,[CUDA memcpy Host-to-Device]
17847599289,63135,363083,,,,,,,,,,35.810,567193.323,Device,,NVIDIA A100-SXM4-40GB MIG 4g.20gb (0),1,,13,[CUDA memset]
17847667896,2368,363085,,,,,,,,,,0.000,33.784,Pinned,Device,NVIDIA A100-SXM4-40GB MIG 4g.20gb (0),1,,13,[CUDA memcpy Host-to-Device]
17847674264,10752,363086,,,,,,,,,,0.197,18285.527,Pinned,Device,NVIDIA A100-SXM4-40GB MIG 4g.20gb (0),1,,13,[CUDA memcpy Host-to-Device]
17847947221,21504,363087,273,1,1,48,1,1,40,0.000,0.001,,,,,NVIDIA A100-SXM4-40GB MIG 4g.20gb (0),1,,13,"void pusch_noise_intf_est::noiseIntfEstNoDftSOfdmKernel<float, __half, float, float, (unsigned int)2, (unsigned int)1, (unsigned char)4, (unsigned char)4>(pusch_noise_intf_est::puschRxNoiseIntfEstDynDescr)"
17848278449,10176,363098,35,1,1,128,1,1,16,0.000,0.000,,,,,NVIDIA A100-SXM4-40GB MIG 4g.20gb (0),1,,13,cupy_copy__complex64_complex64
17848547246,4288,363107,1,1,1,1,1,1,18,0.000,0.000,,,,,NVIDIA A100-SXM4-40GB MIG 4g.20gb (0),1,,13,cupy_copy__float32_float32
17848554702,2304,363113,,,,,,,,,,0.000,1.736,Device,Pageable,NVIDIA A100-SXM4-40GB MIG 4g.20gb (0),1,,7,[CUDA memcpy Device-to-Host]
17849142632,19487,363124,1434,1,1,128,1,1,16,0.000,0.000,,,,,NVIDIA A100-SXM4-40GB MIG 4g.20gb (0),1,,13,cupy_copy__complex64_complex64
17849482468,12224,363131,103,1,1,128,1,1,16,0.000,0.000,,,,,NVIDIA A100-SXM4-40GB MIG 4g.20gb (0),1,,13,cupy_copy__complex64_complex64
17849808544,7232,363138,35,1,1,128,1,1,16,0.000,0.000,,,,,NVIDIA A100-SXM4-40GB MIG 4g.20gb (0),1,,13,cupy_copy__complex64_complex64
17850402297,4128,363145,1,1,1,1,1,1,18,0.000,0.000,,,,,NVIDIA A100-SXM4-40GB MIG 4g.20gb (0),1,,13,cupy_copy__float32_float32
17850789909,289661,363156,1,1,1,32,32,1,30,0.000,0.000,,,,,NVIDIA A100-SXM4-40GB MIG 4g.20gb (0),1,,13,"void convert_kernel<__half2, float2>(tensor_layout_any, T1 *, tensor_layout_any, const T2 *)"
17851108945,5536,363159,,,,,,,,,,0.094,16924.777,Pinned,Device,NVIDIA A100-SXM4-40GB MIG 4g.20gb (0),1,,13,[CUDA memcpy Host-to-Device]
17851744842,10464,363160,,,,,,,,,,1.547,147803.123,Device,,NVIDIA A100-SXM4-40GB MIG 4g.20gb (0),1,,13,[CUDA memset]
17851757386,3008,363165,,,,,,,,,,0.031,10404.230,Pinned,Device,NVIDIA A100-SXM4-40GB MIG 4g.20gb (0),1,,13,[CUDA memcpy Host-to-Device]
17851762922,10112,363166,,,,,,,,,,0.197,19442.958,Pinned,Device,NVIDIA A100-SXM4-40GB MIG 4g.20gb (0),1,,13,[CUDA memcpy Host-to-Device]
17852229509,29248,363167,273,1,1,8,4,1,39,0.002,0.000,,,,,NVIDIA A100-SXM4-40GB MIG 4g.20gb (0),1,,13,"void channel_eq::eqMmseCoefCompLowMimoKernel<float, float, float, (unsigned int)4, (unsigned int)1, (unsigned int)4>(const channel_eq::_puschRxChEqStatDescr *, channel_eq::_puschRxChEqCoefCompDynDescr)"
17852803486,33216,363168,273,1,1,12,11,1,51,0.002,0.000,,,,,NVIDIA A100-SXM4-40GB MIG 4g.20gb (0),1,,13,"void channel_eq::eqMmseSoftDemapKernel<float, __half, __half, float, (unsigned int)4, (unsigned short)16383>(channel_eq::_puschRxChEqStatDescr *, channel_eq::_puschRxChEqSoftDemapDynDescr)"
17853200506,606297,363169,1,1,1,32,32,1,30,0.000,0.000,,,,,NVIDIA A100-SXM4-40GB MIG 4g.20gb (0),1,,13,"void convert_kernel<float2, __half2>(tensor_layout_any, T1 *, tensor_layout_any, const T2 *)"
17854473548,49023,363181,2253,1,1,128,1,1,16,0.000,0.000,,,,,NVIDIA A100-SXM4-40GB MIG 4g.20gb (0),1,,13,cupy_copy__float16_float16
17854972358,19104,363190,282,1,1,128,1,1,16,0.000,0.000,,,,,NVIDIA A100-SXM4-40GB MIG 4g.20gb (0),1,,13,cupy_copy__complex64_complex64
17855351714,8416,363199,26,1,1,128,1,1,16,0.000,0.000,,,,,NVIDIA A100-SXM4-40GB MIG 4g.20gb (0),1,,13,cupy_copy__float32_float32
17855730526,18207,363208,103,1,1,128,1,1,16,0.000,0.000,,,,,NVIDIA A100-SXM4-40GB MIG 4g.20gb (0),1,,13,cupy_copy__complex64_complex64
17856219576,17472,363218,1434,1,1,128,1,1,16,0.000,0.000,,,,,NVIDIA A100-SXM4-40GB MIG 4g.20gb (0),1,,13,cupy_copy__complex64_complex64
17856596756,277693,363223,1,1,1,32,32,1,30,0.000,0.000,,,,,NVIDIA A100-SXM4-40GB MIG 4g.20gb (0),1,,13,"void convert_kernel<__half2, float2>(tensor_layout_any, T1 *, tensor_layout_any, const T2 *)"
17856964304,5568,363226,,,,,,,,,,0.094,16827.521,Pinned,Device,NVIDIA A100-SXM4-40GB MIG 4g.20gb (0),1,,13,[CUDA memcpy Host-to-Device]
17857704807,619033,363227,,,,,,,,,,456.561,737346.726,Device,,NVIDIA A100-SXM4-40GB MIG 4g.20gb (0),1,,13,[CUDA memset]
17858327296,52768,363232,,,,,,,,,,1.235,23402.189,Pinned,Device,NVIDIA A100-SXM4-40GB MIG 4g.20gb (0),1,,13,[CUDA memcpy Host-to-Device]
17858382528,10176,363233,,,,,,,,,,0.197,19320.668,Pinned,Device,NVIDIA A100-SXM4-40GB MIG 4g.20gb (0),1,,13,[CUDA memcpy Host-to-Device]
17858908378,14112,363234,69,4,1,48,1,1,76,0.002,0.000,,,,,NVIDIA A100-SXM4-40GB MIG 4g.20gb (0),1,,13,"void ch_est::windowedChEstPreNoDftSOfdmKernel<float, __half, float, (unsigned int)2, (unsigned int)1, (unsigned short)4>(ch_est::puschRxChEstStatDescr_t *, ch_est::puschRxChEstDynDescr_t *)"
17859169527,8480,363235,137,2,1,24,2,1,44,0.001,0.001,,,,,NVIDIA A100-SXM4-40GB MIG 4g.20gb (0),1,,13,"void ch_est::chEstFilterNoDftSOfdmDispatchKernel<float, __half, float, (unsigned int)2>(ch_est::puschRxChEstStatDescr_t *, ch_est::puschRxChEstDynDescr_t *)"
17859416724,8768,363236,137,2,1,24,2,1,44,0.001,0.001,,,,,NVIDIA A100-SXM4-40GB MIG 4g.20gb (0),1,,13,"void ch_est::chEstFilterNoDftSOfdmDispatchKernel<float, __half, float, (unsigned int)2>(ch_est::puschRxChEstStatDescr_t *, ch_est::puschRxChEstDynDescr_t *)"
17859641298,19295,363247,103,1,1,128,1,1,16,0.000,0.000,,,,,NVIDIA A100-SXM4-40GB MIG 4g.20gb (0),1,,13,cupy_copy__complex64_complex64
17859663057,13440,363257,1434,1,1,128,1,1,16,0.000,0.000,,,,,NVIDIA A100-SXM4-40GB MIG 4g.20gb (0),1,,13,cupy_copy__complex64_complex64
17859907087,18847,363264,103,1,1,128,1,1,16,0.000,0.000,,,,,NVIDIA A100-SXM4-40GB MIG 4g.20gb (0),1,,13,cupy_copy__complex64_complex64
17859941614,339740,363271,1,1,1,32,32,1,30,0.000,0.000,,,,,NVIDIA A100-SXM4-40GB MIG 4g.20gb (0),1,,13,"void convert_kernel<__half2, float2>(tensor_layout_any, T1 *, tensor_layout_any, const T2 *)"
17860311754,5664,363274,,,,,,,,,,0.094,16542.310,Pinned,Device,NVIDIA A100-SXM4-40GB MIG 4g.20gb (0),1,,13,[CUDA memcpy Host-to-Device]
17860513736,58495,363275,,,,,,,,,,35.810,612170.582,Device,,NVIDIA A100-SXM4-40GB MIG 4g.20gb (0),1,,13,[CUDA memset]
17860580167,2784,363277,,,,,,,,,,0.000,28.736,Pinned,Device,NVIDIA A100-SXM4-40GB MIG 4g.20gb (0),1,,13,[CUDA memcpy Host-to-Device]
17860587463,10496,363278,,,,,,,,,,0.197,18731.631,Pinned,Device,NVIDIA A100-SXM4-40GB MIG 4g.20gb (0),1,,13,[CUDA memcpy Host-to-Device]
17860918915,21312,363279,273,1,1,48,1,1,40,0.000,0.001,,,,,NVIDIA A100-SXM4-40GB MIG 4g.20gb (0),1,,13,"void pusch_noise_intf_est::noiseIntfEstNoDftSOfdmKernel<float, __half, float, float, (unsigned int)2, (unsigned int)1, (unsigned char)4, (unsigned char)4>(pusch_noise_intf_est::puschRxNoiseIntfEstDynDescr)"
17861131713,7776,363290,35,1,1,128,1,1,16,0.000,0.000,,,,,NVIDIA A100-SXM4-40GB MIG 4g.20gb (0),1,,13,cupy_copy__complex64_complex64
17861423678,4768,363299,1,1,1,1,1,1,18,0.000,0.000,,,,,NVIDIA A100-SXM4-40GB MIG 4g.20gb (0),1,,13,cupy_copy__float32_float32
17861432157,2112,363305,,,,,,,,,,0.000,1.894,Device,Pageable,NVIDIA A100-SXM4-40GB MIG 4g.20gb (0),1,,7,[CUDA memcpy Device-to-Host]
17862068374,16064,363316,1434,1,1,128,1,1,16,0.000,0.000,,,,,NVIDIA A100-SXM4-40GB MIG 4g.20gb (0),1,,13,cupy_copy__complex64_complex64
17862685615,6976,363323,103,1,1,128,1,1,16,0.000,0.000,,,,,NVIDIA A100-SXM4-40GB MIG 4g.20gb (0),1,,13,cupy_copy__complex64_complex64
17863214505,7296,363330,35,1,1,128,1,1,16,0.000,0.000,,,,,NVIDIA A100-SXM4-40GB MIG 4g.20gb (0),1,,13,cupy_copy__complex64_complex64
17863614885,4384,363337,1,1,1,1,1,1,18,0.000,0.000,,,,,NVIDIA A100-SXM4-40GB MIG 4g.20gb (0),1,,13,cupy_copy__float32_float32
17864206206,281277,363348,1,1,1,32,32,1,30,0.000,0.000,,,,,NVIDIA A100-SXM4-40GB MIG 4g.20gb (0),1,,13,"void convert_kernel<__half2, float2>(tensor_layout_any, T1 *, tensor_layout_any, const T2 *)"
17864521659,6656,363351,,,,,,,,,,0.094,14076.887,Pinned,Device,NVIDIA A100-SXM4-40GB MIG 4g.20gb (0),1,,13,[CUDA memcpy Host-to-Device]
17865123316,6560,363352,,,,,,,,,,1.547,235765.816,Device,,NVIDIA A100-SXM4-40GB MIG 4g.20gb (0),1,,13,[CUDA memset]
17865150196,3552,363357,,,,,,,,,,0.031,8810.794,Pinned,Device,NVIDIA A100-SXM4-40GB MIG 4g.20gb (0),1,,13,[CUDA memcpy Host-to-Device]
17865156596,10432,363358,,,,,,,,,,0.197,18846.450,Pinned,Device,NVIDIA A100-SXM4-40GB MIG 4g.20gb (0),1,,13,[CUDA memcpy Host-to-Device]
17865834444,27264,363359,273,1,1,8,4,1,39,0.002,0.000,,,,,NVIDIA A100-SXM4-40GB MIG 4g.20gb (0),1,,13,"void channel_eq::eqMmseCoefCompLowMimoKernel<float, float, float, (unsigned int)4, (unsigned int)1, (unsigned int)4>(const channel_eq::_puschRxChEqStatDescr *, channel_eq::_puschRxChEqCoefCompDynDescr)"
17866361446,28768,363360,273,1,1,12,11,1,51,0.002,0.000,,,,,NVIDIA A100-SXM4-40GB MIG 4g.20gb (0),1,,13,"void channel_eq::eqMmseSoftDemapKernel<float, __half, __half, float, (unsigned int)4, (unsigned short)16383>(channel_eq::_puschRxChEqStatDescr *, channel_eq::_puschRxChEqSoftDemapDynDescr)"
17866664003,907766,363361,1,1,1,32,32,1,30,0.000,0.000,,,,,NVIDIA A100-SXM4-40GB MIG 4g.20gb (0),1,,13,"void convert_kernel<float2, __half2>(tensor_layout_any, T1 *, tensor_layout_any, const T2 *)"
17867783254,16160,363373,2253,1,1,128,1,1,16,0.000,0.000,,,,,NVIDIA A100-SXM4-40GB MIG 4g.20gb (0),1,,13,cupy_copy__float16_float16
17868142802,4352,363382,282,1,1,128,1,1,16,0.000,0.000,,,,,NVIDIA A100-SXM4-40GB MIG 4g.20gb (0),1,,13,cupy_copy__complex64_complex64
17868277713,3744,363391,26,1,1,128,1,1,16,0.000,0.000,,,,,NVIDIA A100-SXM4-40GB MIG 4g.20gb (0),1,,13,cupy_copy__float32_float32
17868581261,13120,363400,103,1,1,128,1,1,16,0.000,0.000,,,,,NVIDIA A100-SXM4-40GB MIG 4g.20gb (0),1,,13,cupy_copy__complex64_complex64
17868710444,45471,363410,1434,1,1,128,1,1,16,0.000,0.000,,,,,NVIDIA A100-SXM4-40GB MIG 4g.20gb (0),1,,13,cupy_copy__complex64_complex64
17868958857,287581,363415,1,1,1,32,32,1,30,0.000,0.000,,,,,NVIDIA A100-SXM4-40GB MIG 4g.20gb (0),1,,13,"void convert_kernel<__half2, float2>(tensor_layout_any, T1 *, tensor_layout_any, const T2 *)"
17869276965,5824,363418,,,,,,,,,,0.094,16087.884,Pinned,Device,NVIDIA A100-SXM4-40GB MIG 4g.20gb (0),1,,13,[CUDA memcpy Host-to-Device]
17869343077,614585,363419,,,,,,,,,,456.561,742825.463,Device,,NVIDIA A100-SXM4-40GB MIG 4g.20gb (0),1,,13,[CUDA memset]
17869965470,55487,363424,,,,,,,,,,1.235,22256.161,Pinned,Device,NVIDIA A100-SXM4-40GB MIG 4g.20gb (0),1,,13,[CUDA memcpy Host-to-Device]
17870023421,10976,363425,,,,,,,,,,0.197,17912.365,Pinned,Device,NVIDIA A100-SXM4-40GB MIG 4g.20gb (0),1,,13,[CUDA memcpy Host-to-Device]
17870374457,32608,363426,69,4,1,48,1,1,76,0.002,0.000,,,,,NVIDIA A100-SXM4-40GB MIG 4g.20gb (0),1,,13,"void ch_est::windowedChEstPreNoDftSOfdmKernel<float, __half, float, (unsigned int)2, (unsigned int)1, (unsigned short)4>(ch_est::puschRxChEstStatDescr_t *, ch_est::puschRxChEstDynDescr_t *)"
17870904723,31008,363427,137,2,1,24,2,1,44,0.001,0.001,,,,,NVIDIA A100-SXM4-40GB MIG 4g.20gb (0),1,,13,"void ch_est::chEstFilterNoDftSOfdmDispatchKernel<float, __half, float, (unsigned int)2>(ch_est::puschRxChEstStatDescr_t *, ch_est::puschRxChEstDynDescr_t *)"
17871412845,11008,363428,137,2,1,24,2,1,44,0.001,0.001,,,,,NVIDIA A100-SXM4-40GB MIG 4g.20gb (0),1,,13,"void ch_est::chEstFilterNoDftSOfdmDispatchKernel<float, __half, float, (unsigned int)2>(ch_est::puschRxChEstStatDescr_t *, ch_est::puschRxChEstDynDescr_t *)"
17872146309,5888,363439,103,1,1,128,1,1,16,0.000,0.000,,,,,NVIDIA A100-SXM4-40GB MIG 4g.20gb (0),1,,13,cupy_copy__complex64_complex64
17873051195,17472,363449,1434,1,1,128,1,1,16,0.000,0.000,,,,,NVIDIA A100-SXM4-40GB MIG 4g.20gb (0),1,,13,cupy_copy__complex64_complex64
17874036144,6816,363456,103,1,1,128,1,1,16,0.000,0.000,,,,,NVIDIA A100-SXM4-40GB MIG 4g.20gb (0),1,,13,cupy_copy__complex64_complex64
17874822343,281981,363463,1,1,1,32,32,1,30,0.000,0.000,,,,,NVIDIA A100-SXM4-40GB MIG 4g.20gb (0),1,,13,"void convert_kernel<__half2, float2>(tensor_layout_any, T1 *, tensor_layout_any, const T2 *)"
17875137732,6431,363466,,,,,,,,,,0.094,14569.353,Pinned,Device,NVIDIA A100-SXM4-40GB MIG 4g.20gb (0),1,,13,[CUDA memcpy Host-to-Device]
17875572127,59391,363467,,,,,,,,,,35.810,602931.623,Device,,NVIDIA A100-SXM4-40GB MIG 4g.20gb (0),1,,13,[CUDA memset]
17875637022,1984,363469,,,,,,,,,,0.000,40.323,Pinned,Device,NVIDIA A100-SXM4-40GB MIG 4g.20gb (0),1,,13,[CUDA memcpy Host-to-Device]
17875641822,9824,363470,,,,,,,,,,0.197,20012.925,Pinned,Device,NVIDIA A100-SXM4-40GB MIG 4g.20gb (0),1,,13,[CUDA memcpy Host-to-Device]
17876180792,31167,363471,273,1,1,48,1,1,40,0.000,0.001,,,,,NVIDIA A100-SXM4-40GB MIG 4g.20gb (0),1,,13,"void pusch_noise_intf_est::noiseIntfEstNoDftSOfdmKernel<float, __half, float, float, (unsigned int)2, (unsigned int)1, (unsigned char)4, (unsigned char)4>(pusch_noise_intf_est::puschRxNoiseIntfEstDynDescr)"
17876534452,22336,363482,35,1,1,128,1,1,16,0.000,0.000,,,,,NVIDIA A100-SXM4-40GB MIG 4g.20gb (0),1,,13,cupy_copy__complex64_complex64
17876957807,3808,363491,1,1,1,1,1,1,18,0.000,0.000,,,,,NVIDIA A100-SXM4-40GB MIG 4g.20gb (0),1,,13,cupy_copy__float32_float32
17876967183,1728,363497,,,,,,,,,,0.000,2.315,Device,Pageable,NVIDIA A100-SXM4-40GB MIG 4g.20gb (0),1,,7,[CUDA memcpy Device-to-Host]
17877513865,17632,363508,1434,1,1,128,1,1,16,0.000,0.000,,,,,NVIDIA A100-SXM4-40GB MIG 4g.20gb (0),1,,13,cupy_copy__complex64_complex64
17877732838,5504,363515,103,1,1,128,1,1,16,0.000,0.000,,,,,NVIDIA A100-SXM4-40GB MIG 4g.20gb (0),1,,13,cupy_copy__complex64_complex64
17877739494,3360,363522,35,1,1,128,1,1,16,0.000,0.000,,,,,NVIDIA A100-SXM4-40GB MIG 4g.20gb (0),1,,13,cupy_copy__complex64_complex64
17877995107,5568,363529,1,1,1,1,1,1,18,0.000,0.000,,,,,NVIDIA A100-SXM4-40GB MIG 4g.20gb (0),1,,13,cupy_copy__float32_float32
17878150018,316060,363540,1,1,1,32,32,1,30,0.000,0.000,,,,,NVIDIA A100-SXM4-40GB MIG 4g.20gb (0),1,,13,"void convert_kernel<__half2, float2>(tensor_layout_any, T1 *, tensor_layout_any, const T2 *)"
17878495710,5792,363543,,,,,,,,,,0.094,16176.708,Pinned,Device,NVIDIA A100-SXM4-40GB MIG 4g.20gb (0),1,,13,[CUDA memcpy Host-to-Device]
17878587613,5024,363544,,,,,,,,,,1.547,307846.227,Device,,NVIDIA A100-SXM4-40GB MIG 4g.20gb (0),1,,13,[CUDA memset]
17878634364,3008,363549,,,,,,,,,,0.031,10404.230,Pinned,Device,NVIDIA A100-SXM4-40GB MIG 4g.20gb (0),1,,13,[CUDA memcpy Host-to-Device]
17878640060,9792,363550,,,,,,,,,,0.197,20078.395,Pinned,Device,NVIDIA A100-SXM4-40GB MIG 4g.20gb (0),1,,13,[CUDA memcpy Host-to-Device]
17878732251,10784,363551,273,1,1,8,4,1,39,0.002,0.000,,,,,NVIDIA A100-SXM4-40GB MIG 4g.20gb (0),1,,13,"void channel_eq::eqMmseCoefCompLowMimoKernel<float, float, float, (unsigned int)4, (unsigned int)1, (unsigned int)4>(const channel_eq::_puschRxChEqStatDescr *, channel_eq::_puschRxChEqCoefCompDynDescr)"
17878868186,10272,363552,273,1,1,12,11,1,51,0.002,0.000,,,,,NVIDIA A100-SXM4-40GB MIG 4g.20gb (0),1,,13,"void channel_eq::eqMmseSoftDemapKernel<float, __half, __half, float, (unsigned int)4, (unsigned short)16383>(channel_eq::_puschRxChEqStatDescr *, channel_eq::_puschRxChEqSoftDemapDynDescr)"
17879006264,820023,363553,1,1,1,32,32,1,30,0.000,0.000,,,,,NVIDIA A100-SXM4-40GB MIG 4g.20gb (0),1,,13,"void convert_kernel<float2, __half2>(tensor_layout_any, T1 *, tensor_layout_any, const T2 *)"
17880151403,13984,363565,2253,1,1,128,1,1,16,0.000,0.000,,,,,NVIDIA A100-SXM4-40GB MIG 4g.20gb (0),1,,13,cupy_copy__float16_float16
17880741637,4480,363574,282,1,1,128,1,1,16,0.000,0.000,,,,,NVIDIA A100-SXM4-40GB MIG 4g.20gb (0),1,,13,cupy_copy__complex64_complex64
17881289534,5120,363583,26,1,1,128,1,1,16,0.000,0.000,,,,,NVIDIA A100-SXM4-40GB MIG 4g.20gb (0),1,,13,cupy_copy__float32_float32
17881832792,19552,363592,103,1,1,128,1,1,16,0.000,0.000,,,,,NVIDIA A100-SXM4-40GB MIG 4g.20gb (0),1,,13,cupy_copy__complex64_complex64
17882565392,22464,363608,1434,1,1,128,1,1,16,0.000,0.000,,,,,NVIDIA A100-SXM4-40GB MIG 4g.20gb (0),1,,13,cupy_copy__complex64_complex64
17883139466,264989,363613,1,1,1,32,32,1,30,0.000,0.000,,,,,NVIDIA A100-SXM4-40GB MIG 4g.20gb (0),1,,13,"void convert_kernel<__half2, float2>(tensor_layout_any, T1 *, tensor_layout_any, const T2 *)"
17883433894,10624,363616,,,,,,,,,,0.094,8819.230,Pinned,Device,NVIDIA A100-SXM4-40GB MIG 4g.20gb (0),1,,13,[CUDA memcpy Host-to-Device]
17884034912,620217,363617,,,,,,,,,,456.561,735977.041,Device,,NVIDIA A100-SXM4-40GB MIG 4g.20gb (0),1,,13,[CUDA memset]
17884657113,55263,363622,,,,,,,,,,1.235,22346.312,Pinned,Device,NVIDIA A100-SXM4-40GB MIG 4g.20gb (0),1,,13,[CUDA memcpy Host-to-Device]
17884714936,9920,363623,,,,,,,,,,0.197,19819.266,Pinned,Device,NVIDIA A100-SXM4-40GB MIG 4g.20gb (0),1,,13,[CUDA memcpy Host-to-Device]
17885371825,23711,363624,69,4,1,48,1,1,76,0.002,0.000,,,,,NVIDIA A100-SXM4-40GB MIG 4g.20gb (0),1,,13,"void ch_est::windowedChEstPreNoDftSOfdmKernel<float, __half, float, (unsigned int)2, (unsigned int)1, (unsigned short)4>(ch_est::puschRxChEstStatDescr_t *, ch_est::puschRxChEstDynDescr_t *)"
17885802540,25119,363625,137,2,1,24,2,1,44,0.001,0.001,,,,,NVIDIA A100-SXM4-40GB MIG 4g.20gb (0),1,,13,"void ch_est::chEstFilterNoDftSOfdmDispatchKernel<float, __half, float, (unsigned int)2>(ch_est::puschRxChEstStatDescr_t *, ch_est::puschRxChEstDynDescr_t *)"
17886142408,12768,363626,137,2,1,24,2,1,44,0.001,0.001,,,,,NVIDIA A100-SXM4-40GB MIG 4g.20gb (0),1,,13,"void ch_est::chEstFilterNoDftSOfdmDispatchKernel<float, __half, float, (unsigned int)2>(ch_est::puschRxChEstStatDescr_t *, ch_est::puschRxChEstDynDescr_t *)"
17886586595,6336,363637,103,1,1,128,1,1,16,0.000,0.000,,,,,NVIDIA A100-SXM4-40GB MIG 4g.20gb (0),1,,13,cupy_copy__complex64_complex64
17886982302,17888,363647,1434,1,1,128,1,1,16,0.000,0.000,,,,,NVIDIA A100-SXM4-40GB MIG 4g.20gb (0),1,,13,cupy_copy__complex64_complex64
17887141277,15616,363654,103,1,1,128,1,1,16,0.000,0.000,,,,,NVIDIA A100-SXM4-40GB MIG 4g.20gb (0),1,,13,cupy_copy__complex64_complex64
17887158460,218718,363661,1,1,1,32,32,1,30,0.000,0.000,,,,,NVIDIA A100-SXM4-40GB MIG 4g.20gb (0),1,,13,"void convert_kernel<__half2, float2>(tensor_layout_any, T1 *, tensor_layout_any, const T2 *)"
17887407226,5440,363664,,,,,,,,,,0.094,17223.480,Pinned,Device,NVIDIA A100-SXM4-40GB MIG 4g.20gb (0),1,,13,[CUDA memcpy Host-to-Device]
17887419194,48511,363665,,,,,,,,,,35.810,738149.881,Device,,NVIDIA A100-SXM4-40GB MIG 4g.20gb (0),1,,13,[CUDA memset]
17887472473,1856,363667,,,,,,,,,,0.000,43.103,Pinned,Device,NVIDIA A100-SXM4-40GB MIG 4g.20gb (0),1,,13,[CUDA memcpy Host-to-Device]
17887476409,9248,363668,,,,,,,,,,0.197,21259.420,Pinned,Device,NVIDIA A100-SXM4-40GB MIG 4g.20gb (0),1,,13,[CUDA memcpy Host-to-Device]
17887488665,9184,363669,273,1,1,48,1,1,40,0.000,0.001,,,,,NVIDIA A100-SXM4-40GB MIG 4g.20gb (0),1,,13,"void pusch_noise_intf_est::noiseIntfEstNoDftSOfdmKernel<float, __half, float, float, (unsigned int)2, (unsigned int)1, (unsigned char)4, (unsigned char)4>(pusch_noise_intf_est::puschRxNoiseIntfEstDynDescr)"
17887502521,2912,363680,35,1,1,128,1,1,16,0.000,0.000,,,,,NVIDIA A100-SXM4-40GB MIG 4g.20gb (0),1,,13,cupy_copy__complex64_complex64
17887538168,1984,363689,1,1,1,1,1,1,18,0.000,0.000,,,,,NVIDIA A100-SXM4-40GB MIG 4g.20gb (0),1,,13,cupy_copy__float32_float32
17887574552,2112,363695,,,,,,,,,,0.000,1.894,Device,Pageable,NVIDIA A100-SXM4-40GB MIG 4g.20gb (0),1,,7,[CUDA memcpy Device-to-Host]
17887723606,16000,363706,1434,1,1,128,1,1,16,0.000,0.000,,,,,NVIDIA A100-SXM4-40GB MIG 4g.20gb (0),1,,13,cupy_copy__complex64_complex64
17887740694,5088,363713,103,1,1,128,1,1,16,0.000,0.000,,,,,NVIDIA A100-SXM4-40GB MIG 4g.20gb (0),1,,13,cupy_copy__complex64_complex64
17887844661,6720,363720,35,1,1,128,1,1,16,0.000,0.000,,,,,NVIDIA A100-SXM4-40GB MIG 4g.20gb (0),1,,13,cupy_copy__complex64_complex64
17887852565,4864,363727,1,1,1,1,1,1,18,0.000,0.000,,,,,NVIDIA A100-SXM4-40GB MIG 4g.20gb (0),1,,13,cupy_copy__float32_float32
17887871732,289821,363738,1,1,1,32,32,1,30,0.000,0.000,,,,,NVIDIA A100-SXM4-40GB MIG 4g.20gb (0),1,,13,"void convert_kernel<__half2, float2>(tensor_layout_any, T1 *, tensor_layout_any, const T2 *)"
17888191185,5760,363741,,,,,,,,,,0.094,16266.656,Pinned,Device,NVIDIA A100-SXM4-40GB MIG 4g.20gb (0),1,,13,[CUDA memcpy Host-to-Device]
17888414574,6336,363742,,,,,,,,,,1.547,244100.573,Device,,NVIDIA A100-SXM4-40GB MIG 4g.20gb (0),1,,13,[CUDA memset]
17888430030,4384,363747,,,,,,,,,,0.031,7138.680,Pinned,Device,NVIDIA A100-SXM4-40GB MIG 4g.20gb (0),1,,13,[CUDA memcpy Host-to-Device]
17888438158,10336,363748,,,,,,,,,,0.197,19021.627,Pinned,Device,NVIDIA A100-SXM4-40GB MIG 4g.20gb (0),1,,13,[CUDA memcpy Host-to-Device]
17888820554,19424,363749,273,1,1,8,4,1,39,0.002,0.000,,,,,NVIDIA A100-SXM4-40GB MIG 4g.20gb (0),1,,13,"void channel_eq::eqMmseCoefCompLowMimoKernel<float, float, float, (unsigned int)4, (unsigned int)1, (unsigned int)4>(const channel_eq::_puschRxChEqStatDescr *, channel_eq::_puschRxChEqCoefCompDynDescr)"
17889333764,12544,363750,273,1,1,12,11,1,51,0.002,0.000,,,,,NVIDIA A100-SXM4-40GB MIG 4g.20gb (0),1,,13,"void channel_eq::eqMmseSoftDemapKernel<float, __half, __half, float, (unsigned int)4, (unsigned short)16383>(channel_eq::_puschRxChEqStatDescr *, channel_eq::_puschRxChEqSoftDemapDynDescr)"
17889846430,629881,363751,1,1,1,32,32,1,30,0.000,0.000,,,,,NVIDIA A100-SXM4-40GB MIG 4g.20gb (0),1,,13,"void convert_kernel<float2, __half2>(tensor_layout_any, T1 *, tensor_layout_any, const T2 *)"
17890883571,15967,363763,2253,1,1,128,1,1,16,0.000,0.000,,,,,NVIDIA A100-SXM4-40GB MIG 4g.20gb (0),1,,13,cupy_copy__float16_float16
17891278926,14080,363772,282,1,1,128,1,1,16,0.000,0.000,,,,,NVIDIA A100-SXM4-40GB MIG 4g.20gb (0),1,,13,cupy_copy__complex64_complex64
17891569483,12352,363781,26,1,1,128,1,1,16,0.000,0.000,,,,,NVIDIA A100-SXM4-40GB MIG 4g.20gb (0),1,,13,cupy_copy__float32_float32
17891796584,12416,363790,103,1,1,128,1,1,16,0.000,0.000,,,,,NVIDIA A100-SXM4-40GB MIG 4g.20gb (0),1,,13,cupy_copy__complex64_complex64
17891974406,24896,363800,1434,1,1,128,1,1,16,0.000,0.000,,,,,NVIDIA A100-SXM4-40GB MIG 4g.20gb (0),1,,13,cupy_copy__complex64_complex64
17892215972,312540,363805,1,1,1,32,32,1,30,0.000,0.000,,,,,NVIDIA A100-SXM4-40GB MIG 4g.20gb (0),1,,13,"void convert_kernel<__half2, float2>(tensor_layout_any, T1 *, tensor_layout_any, const T2 *)"
17892558784,5536,363808,,,,,,,,,,0.094,16924.777,Pinned,Device,NVIDIA A100-SXM4-40GB MIG 4g.20gb (0),1,,13,[CUDA memcpy Host-to-Device]
17892785917,609113,363809,,,,,,,,,,456.561,749217.323,Device,,NVIDIA A100-SXM4-40GB MIG 4g.20gb (0),1,,13,[CUDA memset]
17893398006,49504,363814,,,,,,,,,,1.235,24945.869,Pinned,Device,NVIDIA A100-SXM4-40GB MIG 4g.20gb (0),1,,13,[CUDA memcpy Host-to-Device]
17893450390,9536,363815,,,,,,,,,,0.197,20617.298,Pinned,Device,NVIDIA A100-SXM4-40GB MIG 4g.20gb (0),1,,13,[CUDA memcpy Host-to-Device]
17893613140,9792,363816,69,4,1,48,1,1,76,0.002,0.000,,,,,NVIDIA A100-SXM4-40GB MIG 4g.20gb (0),1,,13,"void ch_est::windowedChEstPreNoDftSOfdmKernel<float, __half, float, (unsigned int)2, (unsigned int)1, (unsigned short)4>(ch_est::puschRxChEstStatDescr_t *, ch_est::puschRxChEstDynDescr_t *)"
17893624116,7328,363817,137,2,1,24,2,1,44,0.001,0.001,,,,,NVIDIA A100-SXM4-40GB MIG 4g.20gb (0),1,,13,"void ch_est::chEstFilterNoDftSOfdmDispatchKernel<float, __half, float, (unsigned int)2>(ch_est::puschRxChEstStatDescr_t *, ch_est::puschRxChEstDynDescr_t *)"
17893632468,5696,363818,137,2,1,24,2,1,44,0.001,0.001,,,,,NVIDIA A100-SXM4-40GB MIG 4g.20gb (0),1,,13,"void ch_est::chEstFilterNoDftSOfdmDispatchKernel<float, __half, float, (unsigned int)2>(ch_est::puschRxChEstStatDescr_t *, ch_est::puschRxChEstDynDescr_t *)"
17893639188,2528,363829,103,1,1,128,1,1,16,0.000,0.000,,,,,NVIDIA A100-SXM4-40GB MIG 4g.20gb (0),1,,13,cupy_copy__complex64_complex64
17893642868,13056,363839,1434,1,1,128,1,1,16,0.000,0.000,,,,,NVIDIA A100-SXM4-40GB MIG 4g.20gb (0),1,,13,cupy_copy__complex64_complex64
17893657011,2432,363846,103,1,1,128,1,1,16,0.000,0.000,,,,,NVIDIA A100-SXM4-40GB MIG 4g.20gb (0),1,,13,cupy_copy__complex64_complex64
17893660499,79424,363853,1,1,1,32,32,1,30,0.000,0.000,,,,,NVIDIA A100-SXM4-40GB MIG 4g.20gb (0),1,,13,"void convert_kernel<__half2, float2>(tensor_layout_any, T1 *, tensor_layout_any, const T2 *)"
17893769138,5408,363856,,,,,,,,,,0.094,17325.421,Pinned,Device,NVIDIA A100-SXM4-40GB MIG 4g.20gb (0),1,,13,[CUDA memcpy Host-to-Device]
17893783122,46560,363857,,,,,,,,,,35.810,769089.652,Device,,NVIDIA A100-SXM4-40GB MIG 4g.20gb (0),1,,13,[CUDA memset]
17893836561,1824,363859,,,,,,,,,,0.000,43.860,Pinned,Device,NVIDIA A100-SXM4-40GB MIG 4g.20gb (0),1,,13,[CUDA memcpy Host-to-Device]
17893840465,9600,363860,,,,,,,,,,0.197,20479.869,Pinned,Device,NVIDIA A100-SXM4-40GB MIG 4g.20gb (0),1,,13,[CUDA memcpy Host-to-Device]
17893971216,32992,363861,273,1,1,48,1,1,40,0.000,0.001,,,,,NVIDIA A100-SXM4-40GB MIG 4g.20gb (0),1,,13,"void pusch_noise_intf_est::noiseIntfEstNoDftSOfdmKernel<float, __half, float, float, (unsigned int)2, (unsigned int)1, (unsigned char)4, (unsigned char)4>(pusch_noise_intf_est::puschRxNoiseIntfEstDynDescr)"
17894052015,5376,363872,35,1,1,128,1,1,16,0.000,0.000,,,,,NVIDIA A100-SXM4-40GB MIG 4g.20gb (0),1,,13,cupy_copy__complex64_complex64
17894112782,9888,363881,1,1,1,1,1,1,18,0.000,0.000,,,,,NVIDIA A100-SXM4-40GB MIG 4g.20gb (0),1,,13,cupy_copy__float32_float32
17894130542,1728,363887,,,,,,,,,,0.000,2.315,Device,Pageable,NVIDIA A100-SXM4-40GB MIG 4g.20gb (0),1,,7,[CUDA memcpy Device-to-Host]
17894331212,23392,363898,1434,1,1,128,1,1,16,0.000,0.000,,,,,NVIDIA A100-SXM4-40GB MIG 4g.20gb (0),1,,13,cupy_copy__complex64_complex64
17894401451,5152,363905,103,1,1,128,1,1,16,0.000,0.000,,,,,NVIDIA A100-SXM4-40GB MIG 4g.20gb (0),1,,13,cupy_copy__complex64_complex64
17894581289,9568,363912,35,1,1,128,1,1,16,0.000,0.000,,,,,NVIDIA A100-SXM4-40GB MIG 4g.20gb (0),1,,13,cupy_copy__complex64_complex64
17894818886,8512,363919,1,1,1,1,1,1,18,0.000,0.000,,,,,NVIDIA A100-SXM4-40GB MIG 4g.20gb (0),1,,13,cupy_copy__float32_float32
17895149923,331740,363930,1,1,1,32,32,1,30,0.000,0.000,,,,,NVIDIA A100-SXM4-40GB MIG 4g.20gb (0),1,,13,"void convert_kernel<__half2, float2>(tensor_layout_any, T1 *, tensor_layout_any, const T2 *)"
17895510111,5696,363933,,,,,,,,,,0.094,16449.363,Pinned,Device,NVIDIA A100-SXM4-40GB MIG 4g.20gb (0),1,,13,[CUDA memcpy Host-to-Device]
17895819803,16832,363934,,,,,,,,,,1.547,91884.932,Device,,NVIDIA A100-SXM4-40GB MIG 4g.20gb (0),1,,13,[CUDA memset]
17895837659,4064,363939,,,,,,,,,,0.031,7700.756,Pinned,Device,NVIDIA A100-SXM4-40GB MIG 4g.20gb (0),1,,13,[CUDA memcpy Host-to-Device]
17895846779,12288,363940,,,,,,,,,,0.197,15999.959,Pinned,Device,NVIDIA A100-SXM4-40GB MIG 4g.20gb (0),1,,13,[CUDA memcpy Host-to-Device]
17896115288,18688,363941,273,1,1,8,4,1,39,0.002,0.000,,,,,NVIDIA A100-SXM4-40GB MIG 4g.20gb (0),1,,13,"void channel_eq::eqMmseCoefCompLowMimoKernel<float, float, float, (unsigned int)4, (unsigned int)1, (unsigned int)4>(const channel_eq::_puschRxChEqStatDescr *, channel_eq::_puschRxChEqCoefCompDynDescr)"
17896728081,19104,363942,273,1,1,12,11,1,51,0.002,0.000,,,,,NVIDIA A100-SXM4-40GB MIG 4g.20gb (0),1,,13,"void channel_eq::eqMmseSoftDemapKernel<float, __half, __half, float, (unsigned int)4, (unsigned short)16383>(channel_eq::_puschRxChEqStatDescr *, channel_eq::_puschRxChEqSoftDemapDynDescr)"
17897348650,778615,363943,1,1,1,32,32,1,30,0.000,0.000,,,,,NVIDIA A100-SXM4-40GB MIG 4g.20gb (0),1,,13,"void convert_kernel<float2, __half2>(tensor_layout_any, T1 *, tensor_layout_any, const T2 *)"
17898568028,21408,363955,2253,1,1,128,1,1,16,0.000,0.000,,,,,NVIDIA A100-SXM4-40GB MIG 4g.20gb (0),1,,13,cupy_copy__float16_float16
17898962008,10816,363964,282,1,1,128,1,1,16,0.000,0.000,,,,,NVIDIA A100-SXM4-40GB MIG 4g.20gb (0),1,,13,cupy_copy__complex64_complex64
17899143670,10048,363973,26,1,1,128,1,1,16,0.000,0.000,,,,,NVIDIA A100-SXM4-40GB MIG 4g.20gb (0),1,,13,cupy_copy__float32_float32
17899345748,12639,363982,103,1,1,128,1,1,16,0.000,0.000,,,,,NVIDIA A100-SXM4-40GB MIG 4g.20gb (0),1,,13,cupy_copy__complex64_complex64
17899360531,16896,363992,1434,1,1,128,1,1,16,0.000,0.000,,,,,NVIDIA A100-SXM4-40GB MIG 4g.20gb (0),1,,13,cupy_copy__complex64_complex64
17899379507,81215,363997,1,1,1,32,32,1,30,0.000,0.000,,,,,NVIDIA A100-SXM4-40GB MIG 4g.20gb (0),1,,13,"void convert_kernel<__half2, float2>(tensor_layout_any, T1 *, tensor_layout_any, const T2 *)"
17899490290,5632,364000,,,,,,,,,,0.094,16636.287,Pinned,Device,NVIDIA A100-SXM4-40GB MIG 4g.20gb (0),1,,13,[CUDA memcpy Host-to-Device]
17899561201,611705,364001,,,,,,,,,,456.561,746021.393,Device,,NVIDIA A100-SXM4-40GB MIG 4g.20gb (0),1,,13,[CUDA memset]
17900174250,50560,364006,,,,,,,,,,1.235,24424.722,Pinned,Device,NVIDIA A100-SXM4-40GB MIG 4g.20gb (0),1,,13,[CUDA memcpy Host-to-Device]
17900227242,9568,364007,,,,,,,,,,0.197,20548.485,Pinned,Device,NVIDIA A100-SXM4-40GB MIG 4g.20gb (0),1,,13,[CUDA memcpy Host-to-Device]
17900349992,24544,364008,69,4,1,48,1,1,76,0.002,0.000,,,,,NVIDIA A100-SXM4-40GB MIG 4g.20gb (0),1,,13,"void ch_est::windowedChEstPreNoDftSOfdmKernel<float, __half, float, (unsigned int)2, (unsigned int)1, (unsigned short)4>(ch_est::puschRxChEstStatDescr_t *, ch_est::puschRxChEstDynDescr_t *)"
17900376232,8896,364009,137,2,1,24,2,1,44,0.001,0.001,,,,,NVIDIA A100-SXM4-40GB MIG 4g.20gb (0),1,,13,"void ch_est::chEstFilterNoDftSOfdmDispatchKernel<float, __half, float, (unsigned int)2>(ch_est::puschRxChEstStatDescr_t *, ch_est::puschRxChEstDynDescr_t *)"
17900557286,19744,364010,137,2,1,24,2,1,44,0.001,0.001,,,,,NVIDIA A100-SXM4-40GB MIG 4g.20gb (0),1,,13,"void ch_est::chEstFilterNoDftSOfdmDispatchKernel<float, __half, float, (unsigned int)2>(ch_est::puschRxChEstStatDescr_t *, ch_est::puschRxChEstDynDescr_t *)"
17900579494,3136,364021,103,1,1,128,1,1,16,0.000,0.000,,,,,NVIDIA A100-SXM4-40GB MIG 4g.20gb (0),1,,13,cupy_copy__complex64_complex64
17900584678,12544,364031,1434,1,1,128,1,1,16,0.000,0.000,,,,,NVIDIA A100-SXM4-40GB MIG 4g.20gb (0),1,,13,cupy_copy__complex64_complex64
17900770116,12351,364038,103,1,1,128,1,1,16,0.000,0.000,,,,,NVIDIA A100-SXM4-40GB MIG 4g.20gb (0),1,,13,cupy_copy__complex64_complex64
17900885794,327517,364045,1,1,1,32,32,1,30,0.000,0.000,,,,,NVIDIA A100-SXM4-40GB MIG 4g.20gb (0),1,,13,"void convert_kernel<__half2, float2>(tensor_layout_any, T1 *, tensor_layout_any, const T2 *)"
17901243230,5376,364048,,,,,,,,,,0.094,17428.487,Pinned,Device,NVIDIA A100-SXM4-40GB MIG 4g.20gb (0),1,,13,[CUDA memcpy Host-to-Device]
17901485180,59935,364049,,,,,,,,,,35.810,597452.705,Device,,NVIDIA A100-SXM4-40GB MIG 4g.20gb (0),1,,13,[CUDA memset]
17901546107,5120,364051,,,,,,,,,,0.000,15.625,Pinned,Device,NVIDIA A100-SXM4-40GB MIG 4g.20gb (0),1,,13,[CUDA memcpy Host-to-Device]
17901554747,9792,364052,,,,,,,,,,0.197,20078.395,Pinned,Device,NVIDIA A100-SXM4-40GB MIG 4g.20gb (0),1,,13,[CUDA memcpy Host-to-Device]
17901624410,24288,364053,273,1,1,48,1,1,40,0.000,0.001,,,,,NVIDIA A100-SXM4-40GB MIG 4g.20gb (0),1,,13,"void pusch_noise_intf_est::noiseIntfEstNoDftSOfdmKernel<float, __half, float, float, (unsigned int)2, (unsigned int)1, (unsigned char)4, (unsigned char)4>(pusch_noise_intf_est::puschRxNoiseIntfEstDynDescr)"
17901922871,5376,364064,35,1,1,128,1,1,16,0.000,0.000,,,,,NVIDIA A100-SXM4-40GB MIG 4g.20gb (0),1,,13,cupy_copy__complex64_complex64
17902138804,5248,364073,1,1,1,1,1,1,18,0.000,0.000,,,,,NVIDIA A100-SXM4-40GB MIG 4g.20gb (0),1,,13,cupy_copy__float32_float32
17902148724,1696,364079,,,,,,,,,,0.000,2.358,Device,Pageable,NVIDIA A100-SXM4-40GB MIG 4g.20gb (0),1,,7,[CUDA memcpy Device-to-Host]
17902450129,22207,364090,1434,1,1,128,1,1,16,0.000,0.000,,,,,NVIDIA A100-SXM4-40GB MIG 4g.20gb (0),1,,13,cupy_copy__complex64_complex64
17902573551,6848,364097,103,1,1,128,1,1,16,0.000,0.000,,,,,NVIDIA A100-SXM4-40GB MIG 4g.20gb (0),1,,13,cupy_copy__complex64_complex64
17902853420,9696,364104,35,1,1,128,1,1,16,0.000,0.000,,,,,NVIDIA A100-SXM4-40GB MIG 4g.20gb (0),1,,13,cupy_copy__complex64_complex64
17903411046,4352,364111,1,1,1,1,1,1,18,0.000,0.000,,,,,NVIDIA A100-SXM4-40GB MIG 4g.20gb (0),1,,13,cupy_copy__float32_float32
17904012543,233598,364122,1,1,1,32,32,1,30,0.000,0.000,,,,,NVIDIA A100-SXM4-40GB MIG 4g.20gb (0),1,,13,"void convert_kernel<__half2, float2>(tensor_layout_any, T1 *, tensor_layout_any, const T2 *)"
17904276028,5728,364125,,,,,,,,,,0.094,16357.541,Pinned,Device,NVIDIA A100-SXM4-40GB MIG 4g.20gb (0),1,,13,[CUDA memcpy Host-to-Device]
17904785974,11296,364126,,,,,,,,,,1.547,136916.436,Device,,NVIDIA A100-SXM4-40GB MIG 4g.20gb (0),1,,13,[CUDA memset]
17904800758,6624,364131,,,,,,,,,,0.031,4724.632,Pinned,Device,NVIDIA A100-SXM4-40GB MIG 4g.20gb (0),1,,13,[CUDA memcpy Host-to-Device]
17904814134,10464,364132,,,,,,,,,,0.197,18788.844,Pinned,Device,NVIDIA A100-SXM4-40GB MIG 4g.20gb (0),1,,13,[CUDA memcpy Host-to-Device]
17905559854,22944,364133,273,1,1,8,4,1,39,0.002,0.000,,,,,NVIDIA A100-SXM4-40GB MIG 4g.20gb (0),1,,13,"void channel_eq::eqMmseCoefCompLowMimoKernel<float, float, float, (unsigned int)4, (unsigned int)1, (unsigned int)4>(const channel_eq::_puschRxChEqStatDescr *, channel_eq::_puschRxChEqCoefCompDynDescr)"
17906013353,22527,364134,273,1,1,12,11,1,51,0.002,0.000,,,,,NVIDIA A100-SXM4-40GB MIG 4g.20gb (0),1,,13,"void channel_eq::eqMmseSoftDemapKernel<float, __half, __half, float, (unsigned int)4, (unsigned short)16383>(channel_eq::_puschRxChEqStatDescr *, channel_eq::_puschRxChEqSoftDemapDynDescr)"
17906176359,571001,364135,1,1,1,32,32,1,30,0.000,0.000,,,,,NVIDIA A100-SXM4-40GB MIG 4g.20gb (0),1,,13,"void convert_kernel<float2, __half2>(tensor_layout_any, T1 *, tensor_layout_any, const T2 *)"
17907065725,42815,364147,2253,1,1,128,1,1,16,0.000,0.000,,,,,NVIDIA A100-SXM4-40GB MIG 4g.20gb (0),1,,13,cupy_copy__float16_float16
17907408185,6752,364156,282,1,1,128,1,1,16,0.000,0.000,,,,,NVIDIA A100-SXM4-40GB MIG 4g.20gb (0),1,,13,cupy_copy__complex64_complex64
17908087953,6848,364165,26,1,1,128,1,1,16,0.000,0.000,,,,,NVIDIA A100-SXM4-40GB MIG 4g.20gb (0),1,,13,cupy_copy__float32_float32
17908678091,6784,364174,103,1,1,128,1,1,16,0.000,0.000,,,,,NVIDIA A100-SXM4-40GB MIG 4g.20gb (0),1,,13,cupy_copy__complex64_complex64
17909400771,19167,364184,1434,1,1,128,1,1,16,0.000,0.000,,,,,NVIDIA A100-SXM4-40GB MIG 4g.20gb (0),1,,13,cupy_copy__complex64_complex64
17909696095,331645,364189,1,1,1,32,32,1,30,0.000,0.000,,,,,NVIDIA A100-SXM4-40GB MIG 4g.20gb (0),1,,13,"void convert_kernel<__half2, float2>(tensor_layout_any, T1 *, tensor_layout_any, const T2 *)"
17910057467,5440,364192,,,,,,,,,,0.094,17223.480,Pinned,Device,NVIDIA A100-SXM4-40GB MIG 4g.20gb (0),1,,13,[CUDA memcpy Host-to-Device]
17910228409,609689,364193,,,,,,,,,,456.561,748760.762,Device,,NVIDIA A100-SXM4-40GB MIG 4g.20gb (0),1,,13,[CUDA memset]
17910844690,51104,364198,,,,,,,,,,1.235,24164.149,Pinned,Device,NVIDIA A100-SXM4-40GB MIG 4g.20gb (0),1,,13,[CUDA memcpy Host-to-Device]
17910898386,10080,364199,,,,,,,,,,0.197,19504.693,Pinned,Device,NVIDIA A100-SXM4-40GB MIG 4g.20gb (0),1,,13,[CUDA memcpy Host-to-Device]
17911111119,15744,364200,69,4,1,48,1,1,76,0.002,0.000,,,,,NVIDIA A100-SXM4-40GB MIG 4g.20gb (0),1,,13,"void ch_est::windowedChEstPreNoDftSOfdmKernel<float, __half, float, (unsigned int)2, (unsigned int)1, (unsigned short)4>(ch_est::puschRxChEstStatDescr_t *, ch_est::puschRxChEstDynDescr_t *)"
17911379948,13536,364201,137,2,1,24,2,1,44,0.001,0.001,,,,,NVIDIA A100-SXM4-40GB MIG 4g.20gb (0),1,,13,"void ch_est::chEstFilterNoDftSOfdmDispatchKernel<float, __half, float, (unsigned int)2>(ch_est::puschRxChEstStatDescr_t *, ch_est::puschRxChEstDynDescr_t *)"
17911561962,21792,364202,137,2,1,24,2,1,44,0.001,0.001,,,,,NVIDIA A100-SXM4-40GB MIG 4g.20gb (0),1,,13,"void ch_est::chEstFilterNoDftSOfdmDispatchKernel<float, __half, float, (unsigned int)2>(ch_est::puschRxChEstStatDescr_t *, ch_est::puschRxChEstDynDescr_t *)"
17911659337,5504,364213,103,1,1,128,1,1,16,0.000,0.000,,,,,NVIDIA A100-SXM4-40GB MIG 4g.20gb (0),1,,13,cupy_copy__complex64_complex64
17911899911,21119,364223,1434,1,1,128,1,1,16,0.000,0.000,,,,,NVIDIA A100-SXM4-40GB MIG 4g.20gb (0),1,,13,cupy_copy__complex64_complex64
17912588511,10368,364230,103,1,1,128,1,1,16,0.000,0.000,,,,,NVIDIA A100-SXM4-40GB MIG 4g.20gb (0),1,,13,cupy_copy__complex64_complex64
17912752061,284349,364237,1,1,1,32,32,1,30,0.000,0.000,,,,,NVIDIA A100-SXM4-40GB MIG 4g.20gb (0),1,,13,"void convert_kernel<__half2, float2>(tensor_layout_any, T1 *, tensor_layout_any, const T2 *)"
17913065881,6016,364240,,,,,,,,,,0.094,15574.430,Pinned,Device,NVIDIA A100-SXM4-40GB MIG 4g.20gb (0),1,,13,[CUDA memcpy Host-to-Device]
17913385782,50047,364241,,,,,,,,,,35.810,715518.012,Device,,NVIDIA A100-SXM4-40GB MIG 4g.20gb (0),1,,13,[CUDA memset]
17913440661,5216,364243,,,,,,,,,,0.000,15.337,Pinned,Device,NVIDIA A100-SXM4-40GB MIG 4g.20gb (0),1,,13,[CUDA memcpy Host-to-Device]
17913448309,9632,364244,,,,,,,,,,0.197,20411.843,Pinned,Device,NVIDIA A100-SXM4-40GB MIG 4g.20gb (0),1,,13,[CUDA memcpy Host-to-Device]
17914063342,24256,364245,273,1,1,48,1,1,40,0.000,0.001,,,,,NVIDIA A100-SXM4-40GB MIG 4g.20gb (0),1,,13,"void pusch_noise_intf_est::noiseIntfEstNoDftSOfdmKernel<float, __half, float, float, (unsigned int)2, (unsigned int)1, (unsigned char)4, (unsigned char)4>(pusch_noise_intf_est::puschRxNoiseIntfEstDynDescr)"
17914465994,9728,364256,35,1,1,128,1,1,16,0.000,0.000,,,,,NVIDIA A100-SXM4-40GB MIG 4g.20gb (0),1,,13,cupy_copy__complex64_complex64
17914760774,4224,364265,1,1,1,1,1,1,18,0.000,0.000,,,,,NVIDIA A100-SXM4-40GB MIG 4g.20gb (0),1,,13,cupy_copy__float32_float32
17914767750,1632,364271,,,,,,,,,,0.000,2.451,Device,Pageable,NVIDIA A100-SXM4-40GB MIG 4g.20gb (0),1,,7,[CUDA memcpy Device-to-Host]
17915726908,30047,364282,1434,1,1,128,1,1,16,0.000,0.000,,,,,NVIDIA A100-SXM4-40GB MIG 4g.20gb (0),1,,13,cupy_copy__complex64_complex64
17916437844,6912,364289,103,1,1,128,1,1,16,0.000,0.000,,,,,NVIDIA A100-SXM4-40GB MIG 4g.20gb (0),1,,13,cupy_copy__complex64_complex64
17917300810,9472,364296,35,1,1,128,1,1,16,0.000,0.000,,,,,NVIDIA A100-SXM4-40GB MIG 4g.20gb (0),1,,13,cupy_copy__complex64_complex64
17917655942,5120,364303,1,1,1,1,1,1,18,0.000,0.000,,,,,NVIDIA A100-SXM4-40GB MIG 4g.20gb (0),1,,13,cupy_copy__float32_float32
17918297407,298236,364314,1,1,1,32,32,1,30,0.000,0.000,,,,,NVIDIA A100-SXM4-40GB MIG 4g.20gb (0),1,,13,"void convert_kernel<__half2, float2>(tensor_layout_any, T1 *, tensor_layout_any, const T2 *)"
17918635611,5536,364317,,,,,,,,,,0.094,16924.777,Pinned,Device,NVIDIA A100-SXM4-40GB MIG 4g.20gb (0),1,,13,[CUDA memcpy Host-to-Device]
17919155925,7616,364318,,,,,,,,,,1.547,203074.824,Device,,NVIDIA A100-SXM4-40GB MIG 4g.20gb (0),1,,13,[CUDA memset]
17919171093,3680,364323,,,,,,,,,,0.031,8504.344,Pinned,Device,NVIDIA A100-SXM4-40GB MIG 4g.20gb (0),1,,13,[CUDA memcpy Host-to-Device]
17919177461,9984,364324,,,,,,,,,,0.197,19692.257,Pinned,Device,NVIDIA A100-SXM4-40GB MIG 4g.20gb (0),1,,13,[CUDA memcpy Host-to-Device]
17919965964,13472,364325,273,1,1,8,4,1,39,0.002,0.000,,,,,NVIDIA A100-SXM4-40GB MIG 4g.20gb (0),1,,13,"void channel_eq::eqMmseCoefCompLowMimoKernel<float, float, float, (unsigned int)4, (unsigned int)1, (unsigned int)4>(const channel_eq::_puschRxChEqStatDescr *, channel_eq::_puschRxChEqCoefCompDynDescr)"
17920476646,19840,364326,273,1,1,12,11,1,51,0.002,0.000,,,,,NVIDIA A100-SXM4-40GB MIG 4g.20gb (0),1,,13,"void channel_eq::eqMmseSoftDemapKernel<float, __half, __half, float, (unsigned int)4, (unsigned short)16383>(channel_eq::_puschRxChEqStatDescr *, channel_eq::_puschRxChEqSoftDemapDynDescr)"
17920892450,696376,364327,1,1,1,32,32,1,30,0.000,0.000,,,,,NVIDIA A100-SXM4-40GB MIG 4g.20gb (0),1,,13,"void convert_kernel<float2, __half2>(tensor_layout_any, T1 *, tensor_layout_any, const T2 *)"
17921746392,16928,364339,2253,1,1,128,1,1,16,0.000,0.000,,,,,NVIDIA A100-SXM4-40GB MIG 4g.20gb (0),1,,13,cupy_copy__float16_float16
17922144851,6816,364348,282,1,1,128,1,1,16,0.000,0.000,,,,,NVIDIA A100-SXM4-40GB MIG 4g.20gb (0),1,,13,cupy_copy__complex64_complex64
17922423984,6432,364357,26,1,1,128,1,1,16,0.000,0.000,,,,,NVIDIA A100-SXM4-40GB MIG 4g.20gb (0),1,,13,cupy_copy__float32_float32
17922486768,6016,364366,103,1,1,128,1,1,16,0.000,0.000,,,,,NVIDIA A100-SXM4-40GB MIG 4g.20gb (0),1,,13,cupy_copy__complex64_complex64
17922957930,19392,364376,1434,1,1,128,1,1,16,0.000,0.000,,,,,NVIDIA A100-SXM4-40GB MIG 4g.20gb (0),1,,13,cupy_copy__complex64_complex64
17923319078,280157,364381,1,1,1,32,32,1,30,0.000,0.000,,,,,NVIDIA A100-SXM4-40GB MIG 4g.20gb (0),1,,13,"void convert_kernel<__half2, float2>(tensor_layout_any, T1 *, tensor_layout_any, const T2 *)"
17923629283,6560,364384,,,,,,,,,,0.094,14282.925,Pinned,Device,NVIDIA A100-SXM4-40GB MIG 4g.20gb (0),1,,13,[CUDA memcpy Host-to-Device]
17924219676,609785,364385,,,,,,,,,,456.561,748304.200,Device,,NVIDIA A100-SXM4-40GB MIG 4g.20gb (0),1,,13,[CUDA memset]
17924835573,57472,364390,,,,,,,,,,1.235,21486.791,Pinned,Device,NVIDIA A100-SXM4-40GB MIG 4g.20gb (0),1,,13,[CUDA memcpy Host-to-Device]
17924895733,11487,364391,,,,,,,,,,0.197,17115.513,Pinned,Device,NVIDIA A100-SXM4-40GB MIG 4g.20gb (0),1,,13,[CUDA memcpy Host-to-Device]
17925531981,31168,364392,69,4,1,48,1,1,76,0.002,0.000,,,,,NVIDIA A100-SXM4-40GB MIG 4g.20gb (0),1,,13,"void ch_est::windowedChEstPreNoDftSOfdmKernel<float, __half, float, (unsigned int)2, (unsigned int)1, (unsigned short)4>(ch_est::puschRxChEstStatDescr_t *, ch_est::puschRxChEstDynDescr_t *)"
17925596909,14144,364393,137,2,1,24,2,1,44,0.001,0.001,,,,,NVIDIA A100-SXM4-40GB MIG 4g.20gb (0),1,,13,"void ch_est::chEstFilterNoDftSOfdmDispatchKernel<float, __half, float, (unsigned int)2>(ch_est::puschRxChEstStatDescr_t *, ch_est::puschRxChEstDynDescr_t *)"
17925891497,10656,364394,137,2,1,24,2,1,44,0.001,0.001,,,,,NVIDIA A100-SXM4-40GB MIG 4g.20gb (0),1,,13,"void ch_est::chEstFilterNoDftSOfdmDispatchKernel<float, __half, float, (unsigned int)2>(ch_est::puschRxChEstStatDescr_t *, ch_est::puschRxChEstDynDescr_t *)"
17926074343,8384,364405,103,1,1,128,1,1,16,0.000,0.000,,,,,NVIDIA A100-SXM4-40GB MIG 4g.20gb (0),1,,13,cupy_copy__complex64_complex64
17926174438,17184,364415,1434,1,1,128,1,1,16,0.000,0.000,,,,,NVIDIA A100-SXM4-40GB MIG 4g.20gb (0),1,,13,cupy_copy__complex64_complex64
17926362980,9792,364422,103,1,1,128,1,1,16,0.000,0.000,,,,,NVIDIA A100-SXM4-40GB MIG 4g.20gb (0),1,,13,cupy_copy__complex64_complex64
17926459875,282365,364429,1,1,1,32,32,1,30,0.000,0.000,,,,,NVIDIA A100-SXM4-40GB MIG 4g.20gb (0),1,,13,"void convert_kernel<__half2, float2>(tensor_layout_any, T1 *, tensor_layout_any, const T2 *)"
17926771263,6176,364432,,,,,,,,,,0.094,15170.975,Pinned,Device,NVIDIA A100-SXM4-40GB MIG 4g.20gb (0),1,,13,[CUDA memcpy Host-to-Device]
17927082460,49855,364433,,,,,,,,,,35.810,718275.375,Device,,NVIDIA A100-SXM4-40GB MIG 4g.20gb (0),1,,13,[CUDA memset]
17927135355,2656,364435,,,,,,,,,,0.000,30.120,Pinned,Device,NVIDIA A100-SXM4-40GB MIG 4g.20gb (0),1,,13,[CUDA memcpy Host-to-Device]
17927140859,9824,364436,,,,,,,,,,0.197,20012.925,Pinned,Device,NVIDIA A100-SXM4-40GB MIG 4g.20gb (0),1,,13,[CUDA memcpy Host-to-Device]
17927625718,17024,364437,273,1,1,48,1,1,40,0.000,0.001,,,,,NVIDIA A100-SXM4-40GB MIG 4g.20gb (0),1,,13,"void pusch_noise_intf_est::noiseIntfEstNoDftSOfdmKernel<float, __half, float, float, (unsigned int)2, (unsigned int)1, (unsigned char)4, (unsigned char)4>(pusch_noise_intf_est::puschRxNoiseIntfEstDynDescr)"
17927982482,4864,364448,35,1,1,128,1,1,16,0.000,0.000,,,,,NVIDIA A100-SXM4-40GB MIG 4g.20gb (0),1,,13,cupy_copy__complex64_complex64
17928356974,4512,364457,1,1,1,1,1,1,18,0.000,0.000,,,,,NVIDIA A100-SXM4-40GB MIG 4g.20gb (0),1,,13,cupy_copy__float32_float32
17928362574,1824,364463,,,,,,,,,,0.000,2.193,Device,Pageable,NVIDIA A100-SXM4-40GB MIG 4g.20gb (0),1,,7,[CUDA memcpy Device-to-Host]
17928836200,29792,364474,1434,1,1,128,1,1,16,0.000,0.000,,,,,NVIDIA A100-SXM4-40GB MIG 4g.20gb (0),1,,13,cupy_copy__complex64_complex64
17929154949,24607,364481,103,1,1,128,1,1,16,0.000,0.000,,,,,NVIDIA A100-SXM4-40GB MIG 4g.20gb (0),1,,13,cupy_copy__complex64_complex64
17929453697,4448,364488,35,1,1,128,1,1,16,0.000,0.000,,,,,NVIDIA A100-SXM4-40GB MIG 4g.20gb (0),1,,13,cupy_copy__complex64_complex64
17929824573,4000,364495,1,1,1,1,1,1,18,0.000,0.000,,,,,NVIDIA A100-SXM4-40GB MIG 4g.20gb (0),1,,13,cupy_copy__float32_float32
17930024955,309532,364506,1,1,1,32,32,1,30,0.000,0.000,,,,,NVIDIA A100-SXM4-40GB MIG 4g.20gb (0),1,,13,"void convert_kernel<__half2, float2>(tensor_layout_any, T1 *, tensor_layout_any, const T2 *)"
17930363255,5472,364509,,,,,,,,,,0.094,17122.757,Pinned,Device,NVIDIA A100-SXM4-40GB MIG 4g.20gb (0),1,,13,[CUDA memcpy Host-to-Device]
17930583541,11744,364510,,,,,,,,,,1.547,131693.487,Device,,NVIDIA A100-SXM4-40GB MIG 4g.20gb (0),1,,13,[CUDA memset]
17930600820,3040,364515,,,,,,,,,,0.031,10294.725,Pinned,Device,NVIDIA A100-SXM4-40GB MIG 4g.20gb (0),1,,13,[CUDA memcpy Host-to-Device]
17930606612,9984,364516,,,,,,,,,,0.197,19692.257,Pinned,Device,NVIDIA A100-SXM4-40GB MIG 4g.20gb (0),1,,13,[CUDA memcpy Host-to-Device]
17930776115,24095,364517,273,1,1,8,4,1,39,0.002,0.000,,,,,NVIDIA A100-SXM4-40GB MIG 4g.20gb (0),1,,13,"void channel_eq::eqMmseCoefCompLowMimoKernel<float, float, float, (unsigned int)4, (unsigned int)1, (unsigned int)4>(const channel_eq::_puschRxChEqStatDescr *, channel_eq::_puschRxChEqCoefCompDynDescr)"
17930960400,30368,364518,273,1,1,12,11,1,51,0.002,0.000,,,,,NVIDIA A100-SXM4-40GB MIG 4g.20gb (0),1,,13,"void channel_eq::eqMmseSoftDemapKernel<float, __half, __half, float, (unsigned int)4, (unsigned short)16383>(channel_eq::_puschRxChEqStatDescr *, channel_eq::_puschRxChEqSoftDemapDynDescr)"
17931153646,862999,364519,1,1,1,32,32,1,30,0.000,0.000,,,,,NVIDIA A100-SXM4-40GB MIG 4g.20gb (0),1,,13,"void convert_kernel<float2, __half2>(tensor_layout_any, T1 *, tensor_layout_any, const T2 *)"
17932523999,35679,364531,2253,1,1,128,1,1,16,0.000,0.000,,,,,NVIDIA A100-SXM4-40GB MIG 4g.20gb (0),1,,13,cupy_copy__float16_float16
17932613790,9696,364540,282,1,1,128,1,1,16,0.000,0.000,,,,,NVIDIA A100-SXM4-40GB MIG 4g.20gb (0),1,,13,cupy_copy__complex64_complex64
17932625054,3936,364549,26,1,1,128,1,1,16,0.000,0.000,,,,,NVIDIA A100-SXM4-40GB MIG 4g.20gb (0),1,,13,cupy_copy__float32_float32
17932630078,3328,364558,103,1,1,128,1,1,16,0.000,0.000,,,,,NVIDIA A100-SXM4-40GB MIG 4g.20gb (0),1,,13,cupy_copy__complex64_complex64
17932695069,23968,364568,1434,1,1,128,1,1,16,0.000,0.000,,,,,NVIDIA A100-SXM4-40GB MIG 4g.20gb (0),1,,13,cupy_copy__complex64_complex64
17933035001,332764,364573,1,1,1,32,32,1,30,0.000,0.000,,,,,NVIDIA A100-SXM4-40GB MIG 4g.20gb (0),1,,13,"void convert_kernel<__half2, float2>(tensor_layout_any, T1 *, tensor_layout_any, const T2 *)"
17933397461,8128,364576,,,,,,,,,,0.094,11527.513,Pinned,Device,NVIDIA A100-SXM4-40GB MIG 4g.20gb (0),1,,13,[CUDA memcpy Host-to-Device]
17933581267,603897,364577,,,,,,,,,,456.561,755609.183,Device,,NVIDIA A100-SXM4-40GB MIG 4g.20gb (0),1,,13,[CUDA memset]
17934192012,52128,364582,,,,,,,,,,1.235,23689.931,Pinned,Device,NVIDIA A100-SXM4-40GB MIG 4g.20gb (0),1,,13,[CUDA memcpy Host-to-Device]
17934246604,9919,364583,,,,,,,,,,0.197,19821.232,Pinned,Device,NVIDIA A100-SXM4-40GB MIG 4g.20gb (0),1,,13,[CUDA memcpy Host-to-Device]
17934793445,20608,364584,69,4,1,48,1,1,76,0.002,0.000,,,,,NVIDIA A100-SXM4-40GB MIG 4g.20gb (0),1,,13,"void ch_est::windowedChEstPreNoDftSOfdmKernel<float, __half, float, (unsigned int)2, (unsigned int)1, (unsigned short)4>(ch_est::puschRxChEstStatDescr_t *, ch_est::puschRxChEstDynDescr_t *)"
17935213953,20639,364585,137,2,1,24,2,1,44,0.001,0.001,,,,,NVIDIA A100-SXM4-40GB MIG 4g.20gb (0),1,,13,"void ch_est::chEstFilterNoDftSOfdmDispatchKernel<float, __half, float, (unsigned int)2>(ch_est::puschRxChEstStatDescr_t *, ch_est::puschRxChEstDynDescr_t *)"
17935812506,27200,364586,137,2,1,24,2,1,44,0.001,0.001,,,,,NVIDIA A100-SXM4-40GB MIG 4g.20gb (0),1,,13,"void ch_est::chEstFilterNoDftSOfdmDispatchKernel<float, __half, float, (unsigned int)2>(ch_est::puschRxChEstStatDescr_t *, ch_est::puschRxChEstDynDescr_t *)"
17936299444,6976,364597,103,1,1,128,1,1,16,0.000,0.000,,,,,NVIDIA A100-SXM4-40GB MIG 4g.20gb (0),1,,13,cupy_copy__complex64_complex64
17936910734,19359,364607,1434,1,1,128,1,1,16,0.000,0.000,,,,,NVIDIA A100-SXM4-40GB MIG 4g.20gb (0),1,,13,cupy_copy__complex64_complex64
17937539591,8863,364614,103,1,1,128,1,1,16,0.000,0.000,,,,,NVIDIA A100-SXM4-40GB MIG 4g.20gb (0),1,,13,cupy_copy__complex64_complex64
17938299646,441499,364621,1,1,1,32,32,1,30,0.000,0.000,,,,,NVIDIA A100-SXM4-40GB MIG 4g.20gb (0),1,,13,"void convert_kernel<__half2, float2>(tensor_layout_any, T1 *, tensor_layout_any, const T2 *)"
17938771001,5888,364624,,,,,,,,,,0.094,15912.954,Pinned,Device,NVIDIA A100-SXM4-40GB MIG 4g.20gb (0),1,,13,[CUDA memcpy Host-to-Device]
17939063221,53440,364625,,,,,,,,,,35.810,670075.223,Device,,NVIDIA A100-SXM4-40GB MIG 4g.20gb (0),1,,13,[CUDA memset]
17939124533,2400,364627,,,,,,,,,,0.000,33.333,Pinned,Device,NVIDIA A100-SXM4-40GB MIG 4g.20gb (0),1,,13,[CUDA memcpy Host-to-Device]
17939129397,9824,364628,,,,,,,,,,0.197,20012.925,Pinned,Device,NVIDIA A100-SXM4-40GB MIG 4g.20gb (0),1,,13,[CUDA memcpy Host-to-Device]
17939502256,34208,364629,273,1,1,48,1,1,40,0.000,0.001,,,,,NVIDIA A100-SXM4-40GB MIG 4g.20gb (0),1,,13,"void pusch_noise_intf_est::noiseIntfEstNoDftSOfdmKernel<float, __half, float, float, (unsigned int)2, (unsigned int)1, (unsigned char)4, (unsigned char)4>(pusch_noise_intf_est::puschRxNoiseIntfEstDynDescr)"
17939888812,14656,364640,35,1,1,128,1,1,16,0.000,0.000,,,,,NVIDIA A100-SXM4-40GB MIG 4g.20gb (0),1,,13,cupy_copy__complex64_complex64
17940077994,3744,364649,1,1,1,1,1,1,18,0.000,0.000,,,,,NVIDIA A100-SXM4-40GB MIG 4g.20gb (0),1,,13,cupy_copy__float32_float32
17940090602,1632,364655,,,,,,,,,,0.000,2.451,Device,Pageable,NVIDIA A100-SXM4-40GB MIG 4g.20gb (0),1,,7,[CUDA memcpy Device-to-Host]
17940459366,20703,364666,1434,1,1,128,1,1,16,0.000,0.000,,,,,NVIDIA A100-SXM4-40GB MIG 4g.20gb (0),1,,13,cupy_copy__complex64_complex64
17940658275,19136,364673,103,1,1,128,1,1,16,0.000,0.000,,,,,NVIDIA A100-SXM4-40GB MIG 4g.20gb (0),1,,13,cupy_copy__complex64_complex64
17940679875,3648,364680,35,1,1,128,1,1,16,0.000,0.000,,,,,NVIDIA A100-SXM4-40GB MIG 4g.20gb (0),1,,13,cupy_copy__complex64_complex64
17940685155,2080,364687,1,1,1,1,1,1,18,0.000,0.000,,,,,NVIDIA A100-SXM4-40GB MIG 4g.20gb (0),1,,13,cupy_copy__float32_float32
17940689187,271613,364698,1,1,1,32,32,1,30,0.000,0.000,,,,,NVIDIA A100-SXM4-40GB MIG 4g.20gb (0),1,,13,"void convert_kernel<__half2, float2>(tensor_layout_any, T1 *, tensor_layout_any, const T2 *)"
17940990368,5792,364701,,,,,,,,,,0.094,16176.708,Pinned,Device,NVIDIA A100-SXM4-40GB MIG 4g.20gb (0),1,,13,[CUDA memcpy Host-to-Device]
17941074175,9504,364702,,,,,,,,,,1.547,162732.684,Device,,NVIDIA A100-SXM4-40GB MIG 4g.20gb (0),1,,13,[CUDA memset]
17941090559,3552,364707,,,,,,,,,,0.031,8810.794,Pinned,Device,NVIDIA A100-SXM4-40GB MIG 4g.20gb (0),1,,13,[CUDA memcpy Host-to-Device]
17941097151,9695,364708,,,,,,,,,,0.197,20279.132,Pinned,Device,NVIDIA A100-SXM4-40GB MIG 4g.20gb (0),1,,13,[CUDA memcpy Host-to-Device]
17941355932,21311,364709,273,1,1,8,4,1,39,0.002,0.000,,,,,NVIDIA A100-SXM4-40GB MIG 4g.20gb (0),1,,13,"void channel_eq::eqMmseCoefCompLowMimoKernel<float, float, float, (unsigned int)4, (unsigned int)1, (unsigned int)4>(const channel_eq::_puschRxChEqStatDescr *, channel_eq::_puschRxChEqCoefCompDynDescr)"
17941457755,14431,364710,273,1,1,12,11,1,51,0.002,0.000,,,,,NVIDIA A100-SXM4-40GB MIG 4g.20gb (0),1,,13,"void channel_eq::eqMmseSoftDemapKernel<float, __half, __half, float, (unsigned int)4, (unsigned short)16383>(channel_eq::_puschRxChEqStatDescr *, channel_eq::_puschRxChEqSoftDemapDynDescr)"
17941747671,653145,364711,1,1,1,32,32,1,30,0.000,0.000,,,,,NVIDIA A100-SXM4-40GB MIG 4g.20gb (0),1,,13,"void convert_kernel<float2, __half2>(tensor_layout_any, T1 *, tensor_layout_any, const T2 *)"
17942767628,21824,364723,2253,1,1,128,1,1,16,0.000,0.000,,,,,NVIDIA A100-SXM4-40GB MIG 4g.20gb (0),1,,13,cupy_copy__float16_float16
17943075944,5120,364732,282,1,1,128,1,1,16,0.000,0.000,,,,,NVIDIA A100-SXM4-40GB MIG 4g.20gb (0),1,,13,cupy_copy__complex64_complex64
17943456132,8992,364741,26,1,1,128,1,1,16,0.000,0.000,,,,,NVIDIA A100-SXM4-40GB MIG 4g.20gb (0),1,,13,cupy_copy__float32_float32
17943745057,11104,364750,103,1,1,128,1,1,16,0.000,0.000,,,,,NVIDIA A100-SXM4-40GB MIG 4g.20gb (0),1,,13,cupy_copy__complex64_complex64
17944042941,17376,364760,1434,1,1,128,1,1,16,0.000,0.000,,,,,NVIDIA A100-SXM4-40GB MIG 4g.20gb (0),1,,13,cupy_copy__complex64_complex64
17944433241,319612,364765,1,1,1,32,32,1,30,0.000,0.000,,,,,NVIDIA A100-SXM4-40GB MIG 4g.20gb (0),1,,13,"void convert_kernel<__half2, float2>(tensor_layout_any, T1 *, tensor_layout_any, const T2 *)"
17944782485,5920,364768,,,,,,,,,,0.094,15826.941,Pinned,Device,NVIDIA A100-SXM4-40GB MIG 4g.20gb (0),1,,13,[CUDA memcpy Host-to-Device]
17945100466,611737,364769,,,,,,,,,,456.561,746021.393,Device,,NVIDIA A100-SXM4-40GB MIG 4g.20gb (0),1,,13,[CUDA memset]
17945717227,50623,364774,,,,,,,,,,1.235,24393.849,Pinned,Device,NVIDIA A100-SXM4-40GB MIG 4g.20gb (0),1,,13,[CUDA memcpy Host-to-Device]
17945770954,9952,364775,,,,,,,,,,0.197,19755.565,Pinned,Device,NVIDIA A100-SXM4-40GB MIG 4g.20gb (0),1,,13,[CUDA memcpy Host-to-Device]
17946075335,31423,364776,69,4,1,48,1,1,76,0.002,0.000,,,,,NVIDIA A100-SXM4-40GB MIG 4g.20gb (0),1,,13,"void ch_est::windowedChEstPreNoDftSOfdmKernel<float, __half, float, (unsigned int)2, (unsigned int)1, (unsigned short)4>(ch_est::puschRxChEstStatDescr_t *, ch_est::puschRxChEstDynDescr_t *)"
17946107942,6432,364777,137,2,1,24,2,1,44,0.001,0.001,,,,,NVIDIA A100-SXM4-40GB MIG 4g.20gb (0),1,,13,"void ch_est::chEstFilterNoDftSOfdmDispatchKernel<float, __half, float, (unsigned int)2>(ch_est::puschRxChEstStatDescr_t *, ch_est::puschRxChEstDynDescr_t *)"
17946287460,30688,364778,137,2,1,24,2,1,44,0.001,0.001,,,,,NVIDIA A100-SXM4-40GB MIG 4g.20gb (0),1,,13,"void ch_est::chEstFilterNoDftSOfdmDispatchKernel<float, __half, float, (unsigned int)2>(ch_est::puschRxChEstStatDescr_t *, ch_est::puschRxChEstDynDescr_t *)"
17946319172,3488,364789,103,1,1,128,1,1,16,0.000,0.000,,,,,NVIDIA A100-SXM4-40GB MIG 4g.20gb (0),1,,13,cupy_copy__complex64_complex64
17946497698,19072,364799,1434,1,1,128,1,1,16,0.000,0.000,,,,,NVIDIA A100-SXM4-40GB MIG 4g.20gb (0),1,,13,cupy_copy__complex64_complex64
17946517794,3904,364806,103,1,1,128,1,1,16,0.000,0.000,,,,,NVIDIA A100-SXM4-40GB MIG 4g.20gb (0),1,,13,cupy_copy__complex64_complex64
17946522658,80543,364813,1,1,1,32,32,1,30,0.000,0.000,,,,,NVIDIA A100-SXM4-40GB MIG 4g.20gb (0),1,,13,"void convert_kernel<__half2, float2>(tensor_layout_any, T1 *, tensor_layout_any, const T2 *)"
17946631840,5376,364816,,,,,,,,,,0.094,17428.487,Pinned,Device,NVIDIA A100-SXM4-40GB MIG 4g.20gb (0),1,,13,[CUDA memcpy Host-to-Device]
17946643968,46016,364817,,,,,,,,,,35.810,778185.372,Device,,NVIDIA A100-SXM4-40GB MIG 4g.20gb (0),1,,13,[CUDA memset]
17946691008,1856,364819,,,,,,,,,,0.000,43.103,Pinned,Device,NVIDIA A100-SXM4-40GB MIG 4g.20gb (0),1,,13,[CUDA memcpy Host-to-Device]
17946694976,9568,364820,,,,,,,,,,0.197,20548.485,Pinned,Device,NVIDIA A100-SXM4-40GB MIG 4g.20gb (0),1,,13,[CUDA memcpy Host-to-Device]
17946708160,8863,364821,273,1,1,48,1,1,40,0.000,0.001,,,,,NVIDIA A100-SXM4-40GB MIG 4g.20gb (0),1,,13,"void pusch_noise_intf_est::noiseIntfEstNoDftSOfdmKernel<float, __half, float, float, (unsigned int)2, (unsigned int)1, (unsigned char)4, (unsigned char)4>(pusch_noise_intf_est::puschRxNoiseIntfEstDynDescr)"
17946718175,2976,364832,35,1,1,128,1,1,16,0.000,0.000,,,,,NVIDIA A100-SXM4-40GB MIG 4g.20gb (0),1,,13,cupy_copy__complex64_complex64
17946750175,1856,364841,1,1,1,1,1,1,18,0.000,0.000,,,,,NVIDIA A100-SXM4-40GB MIG 4g.20gb (0),1,,13,cupy_copy__float32_float32
17946785023,1600,364847,,,,,,,,,,0.000,2.500,Device,Pageable,NVIDIA A100-SXM4-40GB MIG 4g.20gb (0),1,,7,[CUDA memcpy Device-to-Host]
17946845310,13248,364858,1434,1,1,128,1,1,16,0.000,0.000,,,,,NVIDIA A100-SXM4-40GB MIG 4g.20gb (0),1,,13,cupy_copy__complex64_complex64
17946872606,2720,364865,103,1,1,128,1,1,16,0.000,0.000,,,,,NVIDIA A100-SXM4-40GB MIG 4g.20gb (0),1,,13,cupy_copy__complex64_complex64
17946892989,3424,364872,35,1,1,128,1,1,16,0.000,0.000,,,,,NVIDIA A100-SXM4-40GB MIG 4g.20gb (0),1,,13,cupy_copy__complex64_complex64
17946942973,4256,364879,1,1,1,1,1,1,18,0.000,0.000,,,,,NVIDIA A100-SXM4-40GB MIG 4g.20gb (0),1,,13,cupy_copy__float32_float32
17947064668,264509,364890,1,1,1,32,32,1,30,0.000,0.000,,,,,NVIDIA A100-SXM4-40GB MIG 4g.20gb (0),1,,13,"void convert_kernel<__half2, float2>(tensor_layout_any, T1 *, tensor_layout_any, const T2 *)"
17947366776,5408,364893,,,,,,,,,,0.094,17325.421,Pinned,Device,NVIDIA A100-SXM4-40GB MIG 4g.20gb (0),1,,13,[CUDA memcpy Host-to-Device]
17947387608,4640,364894,,,,,,,,,,1.547,333323.765,Device,,NVIDIA A100-SXM4-40GB MIG 4g.20gb (0),1,,13,[CUDA memset]
17947396696,3104,364899,,,,,,,,,,0.031,10082.445,Pinned,Device,NVIDIA A100-SXM4-40GB MIG 4g.20gb (0),1,,13,[CUDA memcpy Host-to-Device]
17947403736,10240,364900,,,,,,,,,,0.197,19199.951,Pinned,Device,NVIDIA A100-SXM4-40GB MIG 4g.20gb (0),1,,13,[CUDA memcpy Host-to-Device]
17947511735,9727,364901,273,1,1,8,4,1,39,0.002,0.000,,,,,NVIDIA A100-SXM4-40GB MIG 4g.20gb (0),1,,13,"void channel_eq::eqMmseCoefCompLowMimoKernel<float, float, float, (unsigned int)4, (unsigned int)1, (unsigned int)4>(const channel_eq::_puschRxChEqStatDescr *, channel_eq::_puschRxChEqCoefCompDynDescr)"
17947522486,9312,364902,273,1,1,12,11,1,51,0.002,0.000,,,,,NVIDIA A100-SXM4-40GB MIG 4g.20gb (0),1,,13,"void channel_eq::eqMmseSoftDemapKernel<float, __half, __half, float, (unsigned int)4, (unsigned short)16383>(channel_eq::_puschRxChEqStatDescr *, channel_eq::_puschRxChEqSoftDemapDynDescr)"
17947631125,852887,364903,1,1,1,32,32,1,30,0.000,0.000,,,,,NVIDIA A100-SXM4-40GB MIG 4g.20gb (0),1,,13,"void convert_kernel<float2, __half2>(tensor_layout_any, T1 *, tensor_layout_any, const T2 *)"
17948981030,28928,364915,2253,1,1,128,1,1,16,0.000,0.000,,,,,NVIDIA A100-SXM4-40GB MIG 4g.20gb (0),1,,13,cupy_copy__float16_float16
17949301986,10016,364924,282,1,1,128,1,1,16,0.000,0.000,,,,,NVIDIA A100-SXM4-40GB MIG 4g.20gb (0),1,,13,cupy_copy__complex64_complex64
17949695550,4800,364933,26,1,1,128,1,1,16,0.000,0.000,,,,,NVIDIA A100-SXM4-40GB MIG 4g.20gb (0),1,,13,cupy_copy__float32_float32
17950128057,15008,364942,103,1,1,128,1,1,16,0.000,0.000,,,,,NVIDIA A100-SXM4-40GB MIG 4g.20gb (0),1,,13,cupy_copy__complex64_complex64
17950324695,19776,364952,1434,1,1,128,1,1,16,0.000,0.000,,,,,NVIDIA A100-SXM4-40GB MIG 4g.20gb (0),1,,13,cupy_copy__complex64_complex64
17950652627,290781,364957,1,1,1,32,32,1,30,0.000,0.000,,,,,NVIDIA A100-SXM4-40GB MIG 4g.20gb (0),1,,13,"void convert_kernel<__half2, float2>(tensor_layout_any, T1 *, tensor_layout_any, const T2 *)"
17950972400,14463,364960,,,,,,,,,,0.094,6478.235,Pinned,Device,NVIDIA A100-SXM4-40GB MIG 4g.20gb (0),1,,13,[CUDA memcpy Host-to-Device]
17951349035,601690,364961,,,,,,,,,,456.561,758348.552,Device,,NVIDIA A100-SXM4-40GB MIG 4g.20gb (0),1,,13,[CUDA memset]
17951952229,73151,364966,,,,,,,,,,1.235,16881.684,Pinned,Device,NVIDIA A100-SXM4-40GB MIG 4g.20gb (0),1,,13,[CUDA memcpy Host-to-Device]
17952033156,18464,364967,,,,,,,,,,0.197,10648.093,Pinned,Device,NVIDIA A100-SXM4-40GB MIG 4g.20gb (0),1,,13,[CUDA memcpy Host-to-Device]
17952587485,13472,364968,69,4,1,48,1,1,76,0.002,0.000,,,,,NVIDIA A100-SXM4-40GB MIG 4g.20gb (0),1,,13,"void ch_est::windowedChEstPreNoDftSOfdmKernel<float, __half, float, (unsigned int)2, (unsigned int)1, (unsigned short)4>(ch_est::puschRxChEstStatDescr_t *, ch_est::puschRxChEstDynDescr_t *)"
17952925114,22943,364969,137,2,1,24,2,1,44,0.001,0.001,,,,,NVIDIA A100-SXM4-40GB MIG 4g.20gb (0),1,,13,"void ch_est::chEstFilterNoDftSOfdmDispatchKernel<float, __half, float, (unsigned int)2>(ch_est::puschRxChEstStatDescr_t *, ch_est::puschRxChEstDynDescr_t *)"
17953428116,27104,364970,137,2,1,24,2,1,44,0.001,0.001,,,,,NVIDIA A100-SXM4-40GB MIG 4g.20gb (0),1,,13,"void ch_est::chEstFilterNoDftSOfdmDispatchKernel<float, __half, float, (unsigned int)2>(ch_est::puschRxChEstStatDescr_t *, ch_est::puschRxChEstDynDescr_t *)"
17953757296,7456,364981,103,1,1,128,1,1,16,0.000,0.000,,,,,NVIDIA A100-SXM4-40GB MIG 4g.20gb (0),1,,13,cupy_copy__complex64_complex64
17954144620,20896,364991,1434,1,1,128,1,1,16,0.000,0.000,,,,,NVIDIA A100-SXM4-40GB MIG 4g.20gb (0),1,,13,cupy_copy__complex64_complex64
17954262027,4960,364998,103,1,1,128,1,1,16,0.000,0.000,,,,,NVIDIA A100-SXM4-40GB MIG 4g.20gb (0),1,,13,cupy_copy__complex64_complex64
17954520584,459963,365005,1,1,1,32,32,1,30,0.000,0.000,,,,,NVIDIA A100-SXM4-40GB MIG 4g.20gb (0),1,,13,"void convert_kernel<__half2, float2>(tensor_layout_any, T1 *, tensor_layout_any, const T2 *)"
17955016866,22240,365008,,,,,,,,,,0.094,4212.947,Pinned,Device,NVIDIA A100-SXM4-40GB MIG 4g.20gb (0),1,,13,[CUDA memcpy Host-to-Device]
17955300287,55071,365009,,,,,,,,,,35.810,650236.527,Device,,NVIDIA A100-SXM4-40GB MIG 4g.20gb (0),1,,13,[CUDA memset]
17955357246,5312,365011,,,,,,,,,,0.000,15.060,Pinned,Device,NVIDIA A100-SXM4-40GB MIG 4g.20gb (0),1,,13,[CUDA memcpy Host-to-Device]
17955374046,20992,365012,,,,,,,,,,0.197,9365.815,Pinned,Device,NVIDIA A100-SXM4-40GB MIG 4g.20gb (0),1,,13,[CUDA memcpy Host-to-Device]
17955752122,28000,365013,273,1,1,48,1,1,40,0.000,0.001,,,,,NVIDIA A100-SXM4-40GB MIG 4g.20gb (0),1,,13,"void pusch_noise_intf_est::noiseIntfEstNoDftSOfdmKernel<float, __half, float, float, (unsigned int)2, (unsigned int)1, (unsigned char)4, (unsigned char)4>(pusch_noise_intf_est::puschRxNoiseIntfEstDynDescr)"
17956065814,9120,365024,35,1,1,128,1,1,16,0.000,0.000,,,,,NVIDIA A100-SXM4-40GB MIG 4g.20gb (0),1,,13,cupy_copy__complex64_complex64
17956078038,2784,365033,1,1,1,1,1,1,18,0.000,0.000,,,,,NVIDIA A100-SXM4-40GB MIG 4g.20gb (0),1,,13,cupy_copy__float32_float32
17956088054,2752,365039,,,,,,,,,,0.000,1.453,Device,Pageable,NVIDIA A100-SXM4-40GB MIG 4g.20gb (0),1,,7,[CUDA memcpy Device-to-Host]
17956305044,16416,365050,1434,1,1,128,1,1,16,0.000,0.000,,,,,NVIDIA A100-SXM4-40GB MIG 4g.20gb (0),1,,13,cupy_copy__complex64_complex64
17956579377,10240,365057,103,1,1,128,1,1,16,0.000,0.000,,,,,NVIDIA A100-SXM4-40GB MIG 4g.20gb (0),1,,13,cupy_copy__complex64_complex64
17956704175,9088,365064,35,1,1,128,1,1,16,0.000,0.000,,,,,NVIDIA A100-SXM4-40GB MIG 4g.20gb (0),1,,13,cupy_copy__complex64_complex64
17956923021,5216,365071,1,1,1,1,1,1,18,0.000,0.000,,,,,NVIDIA A100-SXM4-40GB MIG 4g.20gb (0),1,,13,cupy_copy__float32_float32
17956990604,272413,365082,1,1,1,32,32,1,30,0.000,0.000,,,,,NVIDIA A100-SXM4-40GB MIG 4g.20gb (0),1,,13,"void convert_kernel<__half2, float2>(tensor_layout_any, T1 *, tensor_layout_any, const T2 *)"
17957293097,6624,365085,,,,,,,,,,0.094,14144.910,Pinned,Device,NVIDIA A100-SXM4-40GB MIG 4g.20gb (0),1,,13,[CUDA memcpy Host-to-Device]
17957555718,6112,365086,,,,,,,,,,1.547,253046.246,Device,,NVIDIA A100-SXM4-40GB MIG 4g.20gb (0),1,,13,[CUDA memset]
17957565670,3392,365091,,,,,,,,,,0.031,9226.405,Pinned,Device,NVIDIA A100-SXM4-40GB MIG 4g.20gb (0),1,,13,[CUDA memcpy Host-to-Device]
17957571557,11872,365092,,,,,,,,,,0.197,16560.488,Pinned,Device,NVIDIA A100-SXM4-40GB MIG 4g.20gb (0),1,,13,[CUDA memcpy Host-to-Device]
17957671236,18080,365093,273,1,1,8,4,1,39,0.002,0.000,,,,,NVIDIA A100-SXM4-40GB MIG 4g.20gb (0),1,,13,"void channel_eq::eqMmseCoefCompLowMimoKernel<float, float, float, (unsigned int)4, (unsigned int)1, (unsigned int)4>(const channel_eq::_puschRxChEqStatDescr *, channel_eq::_puschRxChEqCoefCompDynDescr)"
17960404006,42399,365094,273,1,1,12,11,1,51,0.002,0.000,,,,,NVIDIA A100-SXM4-40GB MIG 4g.20gb (0),1,,13,"void channel_eq::eqMmseSoftDemapKernel<float, __half, __half, float, (unsigned int)4, (unsigned short)16383>(channel_eq::_puschRxChEqStatDescr *, channel_eq::_puschRxChEqSoftDemapDynDescr)"
17960870080,798199,365095,1,1,1,32,32,1,30,0.000,0.000,,,,,NVIDIA A100-SXM4-40GB MIG 4g.20gb (0),1,,13,"void convert_kernel<float2, __half2>(tensor_layout_any, T1 *, tensor_layout_any, const T2 *)"
17963809535,14944,365107,2253,1,1,128,1,1,16,0.000,0.000,,,,,NVIDIA A100-SXM4-40GB MIG 4g.20gb (0),1,,13,cupy_copy__float16_float16
17963981789,9952,365116,282,1,1,128,1,1,16,0.000,0.000,,,,,NVIDIA A100-SXM4-40GB MIG 4g.20gb (0),1,,13,cupy_copy__complex64_complex64
17964118236,21152,365125,26,1,1,128,1,1,16,0.000,0.000,,,,,NVIDIA A100-SXM4-40GB MIG 4g.20gb (0),1,,13,cupy_copy__float32_float32
17964201851,10624,365134,103,1,1,128,1,1,16,0.000,0.000,,,,,NVIDIA A100-SXM4-40GB MIG 4g.20gb (0),1,,13,cupy_copy__complex64_complex64
17964419897,42975,365144,1434,1,1,128,1,1,16,0.000,0.000,,,,,NVIDIA A100-SXM4-40GB MIG 4g.20gb (0),1,,13,cupy_copy__complex64_complex64
17964597079,366683,365149,1,1,1,32,32,1,30,0.000,0.000,,,,,NVIDIA A100-SXM4-40GB MIG 4g.20gb (0),1,,13,"void convert_kernel<__half2, float2>(tensor_layout_any, T1 *, tensor_layout_any, const T2 *)"
17964994642,5696,365152,,,,,,,,,,0.094,16449.363,Pinned,Device,NVIDIA A100-SXM4-40GB MIG 4g.20gb (0),1,,13,[CUDA memcpy Host-to-Device]
17965192880,610969,365153,,,,,,,,,,456.561,746934.516,Device,,NVIDIA A100-SXM4-40GB MIG 4g.20gb (0),1,,13,[CUDA memset]
17965806153,57951,365158,,,,,,,,,,1.235,21308.959,Pinned,Device,NVIDIA A100-SXM4-40GB MIG 4g.20gb (0),1,,13,[CUDA memcpy Host-to-Device]
17965869288,13952,365159,,,,,,,,,,0.197,14091.682,Pinned,Device,NVIDIA A100-SXM4-40GB MIG 4g.20gb (0),1,,13,[CUDA memcpy Host-to-Device]
17966153125,38304,365160,69,4,1,48,1,1,76,0.002,0.000,,,,,NVIDIA A100-SXM4-40GB MIG 4g.20gb (0),1,,13,"void ch_est::windowedChEstPreNoDftSOfdmKernel<float, __half, float, (unsigned int)2, (unsigned int)1, (unsigned short)4>(ch_est::puschRxChEstStatDescr_t *, ch_est::puschRxChEstDynDescr_t *)"
17966417794,12448,365161,137,2,1,24,2,1,44,0.001,0.001,,,,,NVIDIA A100-SXM4-40GB MIG 4g.20gb (0),1,,13,"void ch_est::chEstFilterNoDftSOfdmDispatchKernel<float, __half, float, (unsigned int)2>(ch_est::puschRxChEstStatDescr_t *, ch_est::puschRxChEstDynDescr_t *)"
17966640192,24831,365162,137,2,1,24,2,1,44,0.001,0.001,,,,,NVIDIA A100-SXM4-40GB MIG 4g.20gb (0),1,,13,"void ch_est::chEstFilterNoDftSOfdmDispatchKernel<float, __half, float, (unsigned int)2>(ch_est::puschRxChEstStatDescr_t *, ch_est::puschRxChEstDynDescr_t *)"
17966857789,7936,365173,103,1,1,128,1,1,16,0.000,0.000,,,,,NVIDIA A100-SXM4-40GB MIG 4g.20gb (0),1,,13,cupy_copy__complex64_complex64
17967154554,18624,365183,1434,1,1,128,1,1,16,0.000,0.000,,,,,NVIDIA A100-SXM4-40GB MIG 4g.20gb (0),1,,13,cupy_copy__complex64_complex64
17969831228,17568,365190,103,1,1,128,1,1,16,0.000,0.000,,,,,NVIDIA A100-SXM4-40GB MIG 4g.20gb (0),1,,13,cupy_copy__complex64_complex64
17969912475,482426,365197,1,1,1,32,32,1,30,0.000,0.000,,,,,NVIDIA A100-SXM4-40GB MIG 4g.20gb (0),1,,13,"void convert_kernel<__half2, float2>(tensor_layout_any, T1 *, tensor_layout_any, const T2 *)"
17970425013,5440,365200,,,,,,,,,,0.094,17223.480,Pinned,Device,NVIDIA A100-SXM4-40GB MIG 4g.20gb (0),1,,13,[CUDA memcpy Host-to-Device]
17972661116,77471,365201,,,,,,,,,,35.810,462234.447,Device,,NVIDIA A100-SXM4-40GB MIG 4g.20gb (0),1,,13,[CUDA memset]
17972745531,2336,365203,,,,,,,,,,0.000,34.247,Pinned,Device,NVIDIA A100-SXM4-40GB MIG 4g.20gb (0),1,,13,[CUDA memcpy Host-to-Device]
17972751835,10080,365204,,,,,,,,,,0.197,19504.693,Pinned,Device,NVIDIA A100-SXM4-40GB MIG 4g.20gb (0),1,,13,[CUDA memcpy Host-to-Device]
17972858138,15712,365205,273,1,1,48,1,1,40,0.000,0.001,,,,,NVIDIA A100-SXM4-40GB MIG 4g.20gb (0),1,,13,"void pusch_noise_intf_est::noiseIntfEstNoDftSOfdmKernel<float, __half, float, float, (unsigned int)2, (unsigned int)1, (unsigned char)4, (unsigned char)4>(pusch_noise_intf_est::puschRxNoiseIntfEstDynDescr)"
17972958329,3584,365216,35,1,1,128,1,1,16,0.000,0.000,,,,,NVIDIA A100-SXM4-40GB MIG 4g.20gb (0),1,,13,cupy_copy__complex64_complex64
17972962905,2592,365225,1,1,1,1,1,1,18,0.000,0.000,,,,,NVIDIA A100-SXM4-40GB MIG 4g.20gb (0),1,,13,cupy_copy__float32_float32
17972970713,1599,365231,,,,,,,,,,0.000,2.502,Device,Pageable,NVIDIA A100-SXM4-40GB MIG 4g.20gb (0),1,,7,[CUDA memcpy Device-to-Host]
17973065463,17184,365242,1434,1,1,128,1,1,16,0.000,0.000,,,,,NVIDIA A100-SXM4-40GB MIG 4g.20gb (0),1,,13,cupy_copy__complex64_complex64
17973083671,5472,365249,103,1,1,128,1,1,16,0.000,0.000,,,,,NVIDIA A100-SXM4-40GB MIG 4g.20gb (0),1,,13,cupy_copy__complex64_complex64
17973110391,2464,365256,35,1,1,128,1,1,16,0.000,0.000,,,,,NVIDIA A100-SXM4-40GB MIG 4g.20gb (0),1,,13,cupy_copy__complex64_complex64
17973133207,2080,365263,1,1,1,1,1,1,18,0.000,0.000,,,,,NVIDIA A100-SXM4-40GB MIG 4g.20gb (0),1,,13,cupy_copy__float32_float32
17973362740,401692,365274,1,1,1,32,32,1,30,0.000,0.000,,,,,NVIDIA A100-SXM4-40GB MIG 4g.20gb (0),1,,13,"void convert_kernel<__half2, float2>(tensor_layout_any, T1 *, tensor_layout_any, const T2 *)"
17973794639,5408,365277,,,,,,,,,,0.094,17325.421,Pinned,Device,NVIDIA A100-SXM4-40GB MIG 4g.20gb (0),1,,13,[CUDA memcpy Host-to-Device]
17974026893,4640,365278,,,,,,,,,,1.547,333323.765,Device,,NVIDIA A100-SXM4-40GB MIG 4g.20gb (0),1,,13,[CUDA memset]
17974039437,3007,365283,,,,,,,,,,0.031,10407.704,Pinned,Device,NVIDIA A100-SXM4-40GB MIG 4g.20gb (0),1,,13,[CUDA memcpy Host-to-Device]
17974044876,10912,365284,,,,,,,,,,0.197,18017.550,Pinned,Device,NVIDIA A100-SXM4-40GB MIG 4g.20gb (0),1,,13,[CUDA memcpy Host-to-Device]
17974323113,22624,365285,273,1,1,8,4,1,39,0.002,0.000,,,,,NVIDIA A100-SXM4-40GB MIG 4g.20gb (0),1,,13,"void channel_eq::eqMmseCoefCompLowMimoKernel<float, float, float, (unsigned int)4, (unsigned int)1, (unsigned int)4>(const channel_eq::_puschRxChEqStatDescr *, channel_eq::_puschRxChEqCoefCompDynDescr)"
17974615430,15616,365286,273,1,1,12,11,1,51,0.002,0.000,,,,,NVIDIA A100-SXM4-40GB MIG 4g.20gb (0),1,,13,"void channel_eq::eqMmseSoftDemapKernel<float, __half, __half, float, (unsigned int)4, (unsigned short)16383>(channel_eq::_puschRxChEqStatDescr *, channel_eq::_puschRxChEqSoftDemapDynDescr)"
17974811652,907638,365287,1,1,1,32,32,1,30,0.000,0.000,,,,,NVIDIA A100-SXM4-40GB MIG 4g.20gb (0),1,,13,"void convert_kernel<float2, __half2>(tensor_layout_any, T1 *, tensor_layout_any, const T2 *)"
17978105183,27168,365299,2253,1,1,128,1,1,16,0.000,0.000,,,,,NVIDIA A100-SXM4-40GB MIG 4g.20gb (0),1,,13,cupy_copy__float16_float16
17980891552,16447,365308,282,1,1,128,1,1,16,0.000,0.000,,,,,NVIDIA A100-SXM4-40GB MIG 4g.20gb (0),1,,13,cupy_copy__complex64_complex64
17981263195,4416,365317,26,1,1,128,1,1,16,0.000,0.000,,,,,NVIDIA A100-SXM4-40GB MIG 4g.20gb (0),1,,13,cupy_copy__float32_float32
17981269691,4832,365326,103,1,1,128,1,1,16,0.000,0.000,,,,,NVIDIA A100-SXM4-40GB MIG 4g.20gb (0),1,,13,cupy_copy__complex64_complex64
17981276315,13664,365336,1434,1,1,128,1,1,16,0.000,0.000,,,,,NVIDIA A100-SXM4-40GB MIG 4g.20gb (0),1,,13,cupy_copy__complex64_complex64
17981291771,217758,365341,1,1,1,32,32,1,30,0.000,0.000,,,,,NVIDIA A100-SXM4-40GB MIG 4g.20gb (0),1,,13,"void convert_kernel<__half2, float2>(tensor_layout_any, T1 *, tensor_layout_any, const T2 *)"
17981538840,5312,365344,,,,,,,,,,0.094,17638.553,Pinned,Device,NVIDIA A100-SXM4-40GB MIG 4g.20gb (0),1,,13,[CUDA memcpy Host-to-Device]
17981550424,599609,365345,,,,,,,,,,456.561,761087.920,Device,,NVIDIA A100-SXM4-40GB MIG 4g.20gb (0),1,,13,[CUDA memset]
17982153201,56544,365350,,,,,,,,,,1.235,21839.985,Pinned,Device,NVIDIA A100-SXM4-40GB MIG 4g.20gb (0),1,,13,[CUDA memcpy Host-to-Device]
17982213905,10592,365351,,,,,,,,,,0.197,18561.761,Pinned,Device,NVIDIA A100-SXM4-40GB MIG 4g.20gb (0),1,,13,[CUDA memcpy Host-to-Device]
17982404143,38751,365352,69,4,1,48,1,1,76,0.002,0.000,,,,,NVIDIA A100-SXM4-40GB MIG 4g.20gb (0),1,,13,"void ch_est::windowedChEstPreNoDftSOfdmKernel<float, __half, float, (unsigned int)2, (unsigned int)1, (unsigned short)4>(ch_est::puschRxChEstStatDescr_t *, ch_est::puschRxChEstDynDescr_t *)"
17982763339,26463,365353,137,2,1,24,2,1,44,0.001,0.001,,,,,NVIDIA A100-SXM4-40GB MIG 4g.20gb (0),1,,13,"void ch_est::chEstFilterNoDftSOfdmDispatchKernel<float, __half, float, (unsigned int)2>(ch_est::puschRxChEstStatDescr_t *, ch_est::puschRxChEstDynDescr_t *)"
17983059143,10304,365354,137,2,1,24,2,1,44,0.001,0.001,,,,,NVIDIA A100-SXM4-40GB MIG 4g.20gb (0),1,,13,"void ch_est::chEstFilterNoDftSOfdmDispatchKernel<float, __half, float, (unsigned int)2>(ch_est::puschRxChEstStatDescr_t *, ch_est::puschRxChEstDynDescr_t *)"
17983456739,19295,365365,103,1,1,128,1,1,16,0.000,0.000,,,,,NVIDIA A100-SXM4-40GB MIG 4g.20gb (0),1,,13,cupy_copy__complex64_complex64
17983816831,19583,365375,1434,1,1,128,1,1,16,0.000,0.000,,,,,NVIDIA A100-SXM4-40GB MIG 4g.20gb (0),1,,13,cupy_copy__complex64_complex64
17987594068,6208,365382,103,1,1,128,1,1,16,0.000,0.000,,,,,NVIDIA A100-SXM4-40GB MIG 4g.20gb (0),1,,13,cupy_copy__complex64_complex64
17987978000,314844,365389,1,1,1,32,32,1,30,0.000,0.000,,,,,NVIDIA A100-SXM4-40GB MIG 4g.20gb (0),1,,13,"void convert_kernel<__half2, float2>(tensor_layout_any, T1 *, tensor_layout_any, const T2 *)"
17988595657,5632,365392,,,,,,,,,,0.094,16636.287,Pinned,Device,NVIDIA A100-SXM4-40GB MIG 4g.20gb (0),1,,13,[CUDA memcpy Host-to-Device]
17992260000,49695,365393,,,,,,,,,,35.810,720567.210,Device,,NVIDIA A100-SXM4-40GB MIG 4g.20gb (0),1,,13,[CUDA memset]
17992311583,3232,365395,,,,,,,,,,0.000,24.752,Pinned,Device,NVIDIA A100-SXM4-40GB MIG 4g.20gb (0),1,,13,[CUDA memcpy Host-to-Device]
17992321343,14176,365396,,,,,,,,,,0.197,13868.925,Pinned,Device,NVIDIA A100-SXM4-40GB MIG 4g.20gb (0),1,,13,[CUDA memcpy Host-to-Device]
17992885753,28223,365397,273,1,1,48,1,1,40,0.000,0.001,,,,,NVIDIA A100-SXM4-40GB MIG 4g.20gb (0),1,,13,"void pusch_noise_intf_est::noiseIntfEstNoDftSOfdmKernel<float, __half, float, float, (unsigned int)2, (unsigned int)1, (unsigned char)4, (unsigned char)4>(pusch_noise_intf_est::puschRxNoiseIntfEstDynDescr)"
17993165462,5312,365408,35,1,1,128,1,1,16,0.000,0.000,,,,,NVIDIA A100-SXM4-40GB MIG 4g.20gb (0),1,,13,cupy_copy__complex64_complex64
17993354420,3391,365417,1,1,1,1,1,1,18,0.000,0.000,,,,,NVIDIA A100-SXM4-40GB MIG 4g.20gb (0),1,,13,cupy_copy__float32_float32
17993371891,2112,365423,,,,,,,,,,0.000,1.894,Device,Pageable,NVIDIA A100-SXM4-40GB MIG 4g.20gb (0),1,,7,[CUDA memcpy Device-to-Host]
17993640144,18240,365434,1434,1,1,128,1,1,16,0.000,0.000,,,,,NVIDIA A100-SXM4-40GB MIG 4g.20gb (0),1,,13,cupy_copy__complex64_complex64
17993660816,5440,365441,103,1,1,128,1,1,16,0.000,0.000,,,,,NVIDIA A100-SXM4-40GB MIG 4g.20gb (0),1,,13,cupy_copy__complex64_complex64
17993667984,2688,365448,35,1,1,128,1,1,16,0.000,0.000,,,,,NVIDIA A100-SXM4-40GB MIG 4g.20gb (0),1,,13,cupy_copy__complex64_complex64
17993673520,2208,365455,1,1,1,1,1,1,18,0.000,0.000,,,,,NVIDIA A100-SXM4-40GB MIG 4g.20gb (0),1,,13,cupy_copy__float32_float32
17993679664,83359,365466,1,1,1,32,32,1,30,0.000,0.000,,,,,NVIDIA A100-SXM4-40GB MIG 4g.20gb (0),1,,13,"void convert_kernel<__half2, float2>(tensor_layout_any, T1 *, tensor_layout_any, const T2 *)"
17993793135,6592,365469,,,,,,,,,,0.094,14213.590,Pinned,Device,NVIDIA A100-SXM4-40GB MIG 4g.20gb (0),1,,13,[CUDA memcpy Host-to-Device]
17993808686,3328,365470,,,,,,,,,,1.547,464729.580,Device,,NVIDIA A100-SXM4-40GB MIG 4g.20gb (0),1,,13,[CUDA memset]
17993819182,3552,365475,,,,,,,,,,0.031,8810.794,Pinned,Device,NVIDIA A100-SXM4-40GB MIG 4g.20gb (0),1,,13,[CUDA memcpy Host-to-Device]
17993826222,10688,365476,,,,,,,,,,0.197,18395.038,Pinned,Device,NVIDIA A100-SXM4-40GB MIG 4g.20gb (0),1,,13,[CUDA memcpy Host-to-Device]
17993843854,7264,365477,273,1,1,8,4,1,39,0.002,0.000,,,,,NVIDIA A100-SXM4-40GB MIG 4g.20gb (0),1,,13,"void channel_eq::eqMmseCoefCompLowMimoKernel<float, float, float, (unsigned int)4, (unsigned int)1, (unsigned int)4>(const channel_eq::_puschRxChEqStatDescr *, channel_eq::_puschRxChEqCoefCompDynDescr)"
17993852366,6176,365478,273,1,1,12,11,1,51,0.002,0.000,,,,,NVIDIA A100-SXM4-40GB MIG 4g.20gb (0),1,,13,"void channel_eq::eqMmseSoftDemapKernel<float, __half, __half, float, (unsigned int)4, (unsigned short)16383>(channel_eq::_puschRxChEqStatDescr *, channel_eq::_puschRxChEqSoftDemapDynDescr)"
17993861038,282301,365479,1,1,1,32,32,1,30,0.000,0.000,,,,,NVIDIA A100-SXM4-40GB MIG 4g.20gb (0),1,,13,"void convert_kernel<float2, __half2>(tensor_layout_any, T1 *, tensor_layout_any, const T2 *)"
17994144907,10496,365491,2253,1,1,128,1,1,16,0.000,0.000,,,,,NVIDIA A100-SXM4-40GB MIG 4g.20gb (0),1,,13,cupy_copy__float16_float16
17994158826,2816,365500,282,1,1,128,1,1,16,0.000,0.000,,,,,NVIDIA A100-SXM4-40GB MIG 4g.20gb (0),1,,13,cupy_copy__complex64_complex64
17994163818,2080,365509,26,1,1,128,1,1,16,0.000,0.000,,,,,NVIDIA A100-SXM4-40GB MIG 4g.20gb (0),1,,13,cupy_copy__float32_float32
17994168362,2976,365518,103,1,1,128,1,1,16,0.000,0.000,,,,,NVIDIA A100-SXM4-40GB MIG 4g.20gb (0),1,,13,cupy_copy__complex64_complex64
17994173258,11616,365528,1434,1,1,128,1,1,16,0.000,0.000,,,,,NVIDIA A100-SXM4-40GB MIG 4g.20gb (0),1,,13,cupy_copy__complex64_complex64
17994190314,79647,365533,1,1,1,32,32,1,30,0.000,0.000,,,,,NVIDIA A100-SXM4-40GB MIG 4g.20gb (0),1,,13,"void convert_kernel<__half2, float2>(tensor_layout_any, T1 *, tensor_layout_any, const T2 *)"
17994300105,6112,365536,,,,,,,,,,0.094,15329.790,Pinned,Device,NVIDIA A100-SXM4-40GB MIG 4g.20gb (0),1,,13,[CUDA memcpy Host-to-Device]
17994311337,626745,365537,,,,,,,,,,456.561,728215.497,Device,,NVIDIA A100-SXM4-40GB MIG 4g.20gb (0),1,,13,[CUDA memset]
17994946242,61119,365542,,,,,,,,,,1.235,20204.919,Pinned,Device,NVIDIA A100-SXM4-40GB MIG 4g.20gb (0),1,,13,[CUDA memcpy Host-to-Device]
17995015457,12928,365543,,,,,,,,,,0.197,15207.825,Pinned,Device,NVIDIA A100-SXM4-40GB MIG 4g.20gb (0),1,,13,[CUDA memcpy Host-to-Device]
17995209151,36351,365544,69,4,1,48,1,1,76,0.002,0.000,,,,,NVIDIA A100-SXM4-40GB MIG 4g.20gb (0),1,,13,"void ch_est::windowedChEstPreNoDftSOfdmKernel<float, __half, float, (unsigned int)2, (unsigned int)1, (unsigned short)4>(ch_est::puschRxChEstStatDescr_t *, ch_est::puschRxChEstDynDescr_t *)"
17995603002,24896,365545,137,2,1,24,2,1,44,0.001,0.001,,,,,NVIDIA A100-SXM4-40GB MIG 4g.20gb (0),1,,13,"void ch_est::chEstFilterNoDftSOfdmDispatchKernel<float, __half, float, (unsigned int)2>(ch_est::puschRxChEstStatDescr_t *, ch_est::puschRxChEstDynDescr_t *)"
17998665144,14368,365546,137,2,1,24,2,1,44,0.001,0.001,,,,,NVIDIA A100-SXM4-40GB MIG 4g.20gb (0),1,,13,"void ch_est::chEstFilterNoDftSOfdmDispatchKernel<float, __half, float, (unsigned int)2>(ch_est::puschRxChEstStatDescr_t *, ch_est::puschRxChEstDynDescr_t *)"
17999294513,6464,365557,103,1,1,128,1,1,16,0.000,0.000,,,,,NVIDIA A100-SXM4-40GB MIG 4g.20gb (0),1,,13,cupy_copy__complex64_complex64
18002314799,31712,365567,1434,1,1,128,1,1,16,0.000,0.000,,,,,NVIDIA A100-SXM4-40GB MIG 4g.20gb (0),1,,13,cupy_copy__complex64_complex64
18002642059,9856,365574,103,1,1,128,1,1,16,0.000,0.000,,,,,NVIDIA A100-SXM4-40GB MIG 4g.20gb (0),1,,13,cupy_copy__complex64_complex64
18002819401,335484,365581,1,1,1,32,32,1,30,0.000,0.000,,,,,NVIDIA A100-SXM4-40GB MIG 4g.20gb (0),1,,13,"void convert_kernel<__half2, float2>(tensor_layout_any, T1 *, tensor_layout_any, const T2 *)"
18003198501,5600,365584,,,,,,,,,,0.094,16731.388,Pinned,Device,NVIDIA A100-SXM4-40GB MIG 4g.20gb (0),1,,13,[CUDA memcpy Host-to-Device]
18003453986,53439,365585,,,,,,,,,,35.810,670075.223,Device,,NVIDIA A100-SXM4-40GB MIG 4g.20gb (0),1,,13,[CUDA memset]
18003511457,2624,365587,,,,,,,,,,0.000,30.488,Pinned,Device,NVIDIA A100-SXM4-40GB MIG 4g.20gb (0),1,,13,[CUDA memcpy Host-to-Device]
18003516673,9536,365588,,,,,,,,,,0.197,20617.298,Pinned,Device,NVIDIA A100-SXM4-40GB MIG 4g.20gb (0),1,,13,[CUDA memcpy Host-to-Device]
18003826558,22048,365589,273,1,1,48,1,1,40,0.000,0.001,,,,,NVIDIA A100-SXM4-40GB MIG 4g.20gb (0),1,,13,"void pusch_noise_intf_est::noiseIntfEstNoDftSOfdmKernel<float, __half, float, float, (unsigned int)2, (unsigned int)1, (unsigned char)4, (unsigned char)4>(pusch_noise_intf_est::puschRxNoiseIntfEstDynDescr)"
18004148154,11328,365600,35,1,1,128,1,1,16,0.000,0.000,,,,,NVIDIA A100-SXM4-40GB MIG 4g.20gb (0),1,,13,cupy_copy__complex64_complex64
18004416407,5568,365609,1,1,1,1,1,1,18,0.000,0.000,,,,,NVIDIA A100-SXM4-40GB MIG 4g.20gb (0),1,,13,cupy_copy__float32_float32
18004429687,2208,365615,,,,,,,,,,0.000,1.812,Device,Pageable,NVIDIA A100-SXM4-40GB MIG 4g.20gb (0),1,,7,[CUDA memcpy Device-to-Host]
18004691476,31776,365626,1434,1,1,128,1,1,16,0.000,0.000,,,,,NVIDIA A100-SXM4-40GB MIG 4g.20gb (0),1,,13,cupy_copy__complex64_complex64
18004841586,8128,365633,103,1,1,128,1,1,16,0.000,0.000,,,,,NVIDIA A100-SXM4-40GB MIG 4g.20gb (0),1,,13,cupy_copy__complex64_complex64
18005081808,7680,365640,35,1,1,128,1,1,16,0.000,0.000,,,,,NVIDIA A100-SXM4-40GB MIG 4g.20gb (0),1,,13,cupy_copy__complex64_complex64
18008240460,7040,365647,1,1,1,1,1,1,18,0.000,0.000,,,,,NVIDIA A100-SXM4-40GB MIG 4g.20gb (0),1,,13,cupy_copy__float32_float32
18008400491,321020,365658,1,1,1,32,32,1,30,0.000,0.000,,,,,NVIDIA A100-SXM4-40GB MIG 4g.20gb (0),1,,13,"void convert_kernel<__half2, float2>(tensor_layout_any, T1 *, tensor_layout_any, const T2 *)"
18008751623,5503,365661,,,,,,,,,,0.094,17026.343,Pinned,Device,NVIDIA A100-SXM4-40GB MIG 4g.20gb (0),1,,13,[CUDA memcpy Host-to-Device]
18011730501,11968,365662,,,,,,,,,,1.547,129229.715,Device,,NVIDIA A100-SXM4-40GB MIG 4g.20gb (0),1,,13,[CUDA memset]
18011743973,3104,365667,,,,,,,,,,0.031,10082.445,Pinned,Device,NVIDIA A100-SXM4-40GB MIG 4g.20gb (0),1,,13,[CUDA memcpy Host-to-Device]
18011750661,10016,365668,,,,,,,,,,0.197,19629.343,Pinned,Device,NVIDIA A100-SXM4-40GB MIG 4g.20gb (0),1,,13,[CUDA memcpy Host-to-Device]
18011766469,11008,365669,273,1,1,8,4,1,39,0.002,0.000,,,,,NVIDIA A100-SXM4-40GB MIG 4g.20gb (0),1,,13,"void channel_eq::eqMmseCoefCompLowMimoKernel<float, float, float, (unsigned int)4, (unsigned int)1, (unsigned int)4>(const channel_eq::_puschRxChEqStatDescr *, channel_eq::_puschRxChEqCoefCompDynDescr)"
18011801796,7904,365670,273,1,1,12,11,1,51,0.002,0.000,,,,,NVIDIA A100-SXM4-40GB MIG 4g.20gb (0),1,,13,"void channel_eq::eqMmseSoftDemapKernel<float, __half, __half, float, (unsigned int)4, (unsigned short)16383>(channel_eq::_puschRxChEqStatDescr *, channel_eq::_puschRxChEqSoftDemapDynDescr)"
18012031874,861078,365671,1,1,1,32,32,1,30,0.000,0.000,,,,,NVIDIA A100-SXM4-40GB MIG 4g.20gb (0),1,,13,"void convert_kernel<float2, __half2>(tensor_layout_any, T1 *, tensor_layout_any, const T2 *)"
18013135349,15296,365683,2253,1,1,128,1,1,16,0.000,0.000,,,,,NVIDIA A100-SXM4-40GB MIG 4g.20gb (0),1,,13,cupy_copy__float16_float16
18013659183,12128,365692,282,1,1,128,1,1,16,0.000,0.000,,,,,NVIDIA A100-SXM4-40GB MIG 4g.20gb (0),1,,13,cupy_copy__complex64_complex64
18014045803,3872,365701,26,1,1,128,1,1,16,0.000,0.000,,,,,NVIDIA A100-SXM4-40GB MIG 4g.20gb (0),1,,13,cupy_copy__float32_float32
18014264105,5856,365710,103,1,1,128,1,1,16,0.000,0.000,,,,,NVIDIA A100-SXM4-40GB MIG 4g.20gb (0),1,,13,cupy_copy__complex64_complex64
18014386279,21888,365720,1434,1,1,128,1,1,16,0.000,0.000,,,,,NVIDIA A100-SXM4-40GB MIG 4g.20gb (0),1,,13,cupy_copy__complex64_complex64
18014615013,344252,365725,1,1,1,32,32,1,30,0.000,0.000,,,,,NVIDIA A100-SXM4-40GB MIG 4g.20gb (0),1,,13,"void convert_kernel<__half2, float2>(tensor_layout_any, T1 *, tensor_layout_any, const T2 *)"
18014990720,6272,365728,,,,,,,,,,0.094,14938.703,Pinned,Device,NVIDIA A100-SXM4-40GB MIG 4g.20gb (0),1,,13,[CUDA memcpy Host-to-Device]
18015416892,617049,365729,,,,,,,,,,456.561,739629.533,Device,,NVIDIA A100-SXM4-40GB MIG 4g.20gb (0),1,,13,[CUDA memset]
18016042421,53695,365734,,,,,,,,,,1.235,22998.362,Pinned,Device,NVIDIA A100-SXM4-40GB MIG 4g.20gb (0),1,,13,[CUDA memcpy Host-to-Device]
18016098708,10752,365735,,,,,,,,,,0.197,18285.527,Pinned,Device,NVIDIA A100-SXM4-40GB MIG 4g.20gb (0),1,,13,[CUDA memcpy Host-to-Device]
18016539279,14592,365736,69,4,1,48,1,1,76,0.002,0.000,,,,,NVIDIA A100-SXM4-40GB MIG 4g.20gb (0),1,,13,"void ch_est::windowedChEstPreNoDftSOfdmKernel<float, __half, float, (unsigned int)2, (unsigned int)1, (unsigned short)4>(ch_est::puschRxChEstStatDescr_t *, ch_est::puschRxChEstDynDescr_t *)"
18017133672,38208,365737,137,2,1,24,2,1,44,0.001,0.001,,,,,NVIDIA A100-SXM4-40GB MIG 4g.20gb (0),1,,13,"void ch_est::chEstFilterNoDftSOfdmDispatchKernel<float, __half, float, (unsigned int)2>(ch_est::puschRxChEstStatDescr_t *, ch_est::puschRxChEstDynDescr_t *)"
18017621699,28544,365738,137,2,1,24,2,1,44,0.001,0.001,,,,,NVIDIA A100-SXM4-40GB MIG 4g.20gb (0),1,,13,"void ch_est::chEstFilterNoDftSOfdmDispatchKernel<float, __half, float, (unsigned int)2>(ch_est::puschRxChEstStatDescr_t *, ch_est::puschRxChEstDynDescr_t *)"
18017982399,7520,365749,103,1,1,128,1,1,16,0.000,0.000,,,,,NVIDIA A100-SXM4-40GB MIG 4g.20gb (0),1,,13,cupy_copy__complex64_complex64
18018429978,35775,365759,1434,1,1,128,1,1,16,0.000,0.000,,,,,NVIDIA A100-SXM4-40GB MIG 4g.20gb (0),1,,13,cupy_copy__complex64_complex64
18018755926,13216,365766,103,1,1,128,1,1,16,0.000,0.000,,,,,NVIDIA A100-SXM4-40GB MIG 4g.20gb (0),1,,13,cupy_copy__complex64_complex64
18019016211,310620,365773,1,1,1,32,32,1,30,0.000,0.000,,,,,NVIDIA A100-SXM4-40GB MIG 4g.20gb (0),1,,13,"void convert_kernel<__half2, float2>(tensor_layout_any, T1 *, tensor_layout_any, const T2 *)"
18019356975,6144,365776,,,,,,,,,,0.094,15249.961,Pinned,Device,NVIDIA A100-SXM4-40GB MIG 4g.20gb (0),1,,13,[CUDA memcpy Host-to-Device]
18019591980,76287,365777,,,,,,,,,,35.810,469396.431,Device,,NVIDIA A100-SXM4-40GB MIG 4g.20gb (0),1,,13,[CUDA memset]
18019669611,1984,365779,,,,,,,,,,0.000,40.323,Pinned,Device,NVIDIA A100-SXM4-40GB MIG 4g.20gb (0),1,,13,[CUDA memcpy Host-to-Device]
18019675371,10080,365780,,,,,,,,,,0.197,19504.693,Pinned,Device,NVIDIA A100-SXM4-40GB MIG 4g.20gb (0),1,,13,[CUDA memcpy Host-to-Device]
18019886505,36927,365781,273,1,1,48,1,1,40,0.000,0.001,,,,,NVIDIA A100-SXM4-40GB MIG 4g.20gb (0),1,,13,"void pusch_noise_intf_est::noiseIntfEstNoDftSOfdmKernel<float, __half, float, float, (unsigned int)2, (unsigned int)1, (unsigned char)4, (unsigned char)4>(pusch_noise_intf_est::puschRxNoiseIntfEstDynDescr)"
18020093607,6431,365792,35,1,1,128,1,1,16,0.000,0.000,,,,,NVIDIA A100-SXM4-40GB MIG 4g.20gb (0),1,,13,cupy_copy__complex64_complex64
18020248677,6624,365801,1,1,1,1,1,1,18,0.000,0.000,,,,,NVIDIA A100-SXM4-40GB MIG 4g.20gb (0),1,,13,cupy_copy__float32_float32
18020259013,1664,365807,,,,,,,,,,0.000,2.404,Device,Pageable,NVIDIA A100-SXM4-40GB MIG 4g.20gb (0),1,,7,[CUDA memcpy Device-to-Host]
18020385891,19680,365818,1434,1,1,128,1,1,16,0.000,0.000,,,,,NVIDIA A100-SXM4-40GB MIG 4g.20gb (0),1,,13,cupy_copy__complex64_complex64
18020760191,9120,365825,103,1,1,128,1,1,16,0.000,0.000,,,,,NVIDIA A100-SXM4-40GB MIG 4g.20gb (0),1,,13,cupy_copy__complex64_complex64
18021102907,9632,365832,35,1,1,128,1,1,16,0.000,0.000,,,,,NVIDIA A100-SXM4-40GB MIG 4g.20gb (0),1,,13,cupy_copy__complex64_complex64
18021378232,5920,365839,1,1,1,1,1,1,18,0.000,0.000,,,,,NVIDIA A100-SXM4-40GB MIG 4g.20gb (0),1,,13,cupy_copy__float32_float32
18021441655,345853,365850,1,1,1,32,32,1,30,0.000,0.000,,,,,NVIDIA A100-SXM4-40GB MIG 4g.20gb (0),1,,13,"void convert_kernel<__half2, float2>(tensor_layout_any, T1 *, tensor_layout_any, const T2 *)"
18021820563,5376,365853,,,,,,,,,,0.094,17428.487,Pinned,Device,NVIDIA A100-SXM4-40GB MIG 4g.20gb (0),1,,13,[CUDA memcpy Host-to-Device]
18021871923,5504,365854,,,,,,,,,,1.547,280999.928,Device,,NVIDIA A100-SXM4-40GB MIG 4g.20gb (0),1,,13,[CUDA memset]
18021878771,3200,365859,,,,,,,,,,0.031,9780.000,Pinned,Device,NVIDIA A100-SXM4-40GB MIG 4g.20gb (0),1,,13,[CUDA memcpy Host-to-Device]
18021884499,10175,365860,,,,,,,,,,0.197,19322.634,Pinned,Device,NVIDIA A100-SXM4-40GB MIG 4g.20gb (0),1,,13,[CUDA memcpy Host-to-Device]
18022038321,15168,365861,273,1,1,8,4,1,39,0.002,0.000,,,,,NVIDIA A100-SXM4-40GB MIG 4g.20gb (0),1,,13,"void channel_eq::eqMmseCoefCompLowMimoKernel<float, float, float, (unsigned int)4, (unsigned int)1, (unsigned int)4>(const channel_eq::_puschRxChEqStatDescr *, channel_eq::_puschRxChEqCoefCompDynDescr)"
18022115824,28128,365862,273,1,1,12,11,1,51,0.002,0.000,,,,,NVIDIA A100-SXM4-40GB MIG 4g.20gb (0),1,,13,"void channel_eq::eqMmseSoftDemapKernel<float, __half, __half, float, (unsigned int)4, (unsigned short)16383>(channel_eq::_puschRxChEqStatDescr *, channel_eq::_puschRxChEqSoftDemapDynDescr)"
18022207695,863446,365863,1,1,1,32,32,1,30,0.000,0.000,,,,,NVIDIA A100-SXM4-40GB MIG 4g.20gb (0),1,,13,"void convert_kernel<float2, __half2>(tensor_layout_any, T1 *, tensor_layout_any, const T2 *)"
18023318979,30719,365875,2253,1,1,128,1,1,16,0.000,0.000,,,,,NVIDIA A100-SXM4-40GB MIG 4g.20gb (0),1,,13,cupy_copy__float16_float16
18024393782,11200,365884,282,1,1,128,1,1,16,0.000,0.000,,,,,NVIDIA A100-SXM4-40GB MIG 4g.20gb (0),1,,13,cupy_copy__complex64_complex64
18025207437,7008,365893,26,1,1,128,1,1,16,0.000,0.000,,,,,NVIDIA A100-SXM4-40GB MIG 4g.20gb (0),1,,13,cupy_copy__float32_float32
18025584041,8672,365902,103,1,1,128,1,1,16,0.000,0.000,,,,,NVIDIA A100-SXM4-40GB MIG 4g.20gb (0),1,,13,cupy_copy__complex64_complex64
18025802279,21088,365912,1434,1,1,128,1,1,16,0.000,0.000,,,,,NVIDIA A100-SXM4-40GB MIG 4g.20gb (0),1,,13,cupy_copy__complex64_complex64
18025829478,129087,365917,1,1,1,32,32,1,30,0.000,0.000,,,,,NVIDIA A100-SXM4-40GB MIG 4g.20gb (0),1,,13,"void convert_kernel<__half2, float2>(tensor_layout_any, T1 *, tensor_layout_any, const T2 *)"
18025988933,5632,365920,,,,,,,,,,0.094,16636.287,Pinned,Device,NVIDIA A100-SXM4-40GB MIG 4g.20gb (0),1,,13,[CUDA memcpy Host-to-Device]
18026051140,619737,365921,,,,,,,,,,456.561,736433.603,Device,,NVIDIA A100-SXM4-40GB MIG 4g.20gb (0),1,,13,[CUDA memset]
18026675101,51519,365926,,,,,,,,,,1.235,23970.263,Pinned,Device,NVIDIA A100-SXM4-40GB MIG 4g.20gb (0),1,,13,[CUDA memcpy Host-to-Device]
18026729180,10592,365927,,,,,,,,,,0.197,18561.761,Pinned,Device,NVIDIA A100-SXM4-40GB MIG 4g.20gb (0),1,,13,[CUDA memcpy Host-to-Device]
18026998841,30752,365928,69,4,1,48,1,1,76,0.002,0.000,,,,,NVIDIA A100-SXM4-40GB MIG 4g.20gb (0),1,,13,"void ch_est::windowedChEstPreNoDftSOfdmKernel<float, __half, float, (unsigned int)2, (unsigned int)1, (unsigned short)4>(ch_est::puschRxChEstStatDescr_t *, ch_est::puschRxChEstDynDescr_t *)"
18027670642,11616,365929,137,2,1,24,2,1,44,0.001,0.001,,,,,NVIDIA A100-SXM4-40GB MIG 4g.20gb (0),1,,13,"void ch_est::chEstFilterNoDftSOfdmDispatchKernel<float, __half, float, (unsigned int)2>(ch_est::puschRxChEstStatDescr_t *, ch_est::puschRxChEstDynDescr_t *)"
18028516616,12288,365930,137,2,1,24,2,1,44,0.001,0.001,,,,,NVIDIA A100-SXM4-40GB MIG 4g.20gb (0),1,,13,"void ch_est::chEstFilterNoDftSOfdmDispatchKernel<float, __half, float, (unsigned int)2>(ch_est::puschRxChEstStatDescr_t *, ch_est::puschRxChEstDynDescr_t *)"
18029360639,5568,365941,103,1,1,128,1,1,16,0.000,0.000,,,,,NVIDIA A100-SXM4-40GB MIG 4g.20gb (0),1,,13,cupy_copy__complex64_complex64
18029949656,17664,365951,1434,1,1,128,1,1,16,0.000,0.000,,,,,NVIDIA A100-SXM4-40GB MIG 4g.20gb (0),1,,13,cupy_copy__complex64_complex64
18030550098,5952,365958,103,1,1,128,1,1,16,0.000,0.000,,,,,NVIDIA A100-SXM4-40GB MIG 4g.20gb (0),1,,13,cupy_copy__complex64_complex64
18031138155,225534,365965,1,1,1,32,32,1,30,0.000,0.000,,,,,NVIDIA A100-SXM4-40GB MIG 4g.20gb (0),1,,13,"void convert_kernel<__half2, float2>(tensor_layout_any, T1 *, tensor_layout_any, const T2 *)"
18031392744,5568,365968,,,,,,,,,,0.094,16827.521,Pinned,Device,NVIDIA A100-SXM4-40GB MIG 4g.20gb (0),1,,13,[CUDA memcpy Host-to-Device]
18031916002,61408,365969,,,,,,,,,,35.810,583128.737,Device,,NVIDIA A100-SXM4-40GB MIG 4g.20gb (0),1,,13,[CUDA memset]
18031982850,1856,365971,,,,,,,,,,0.000,43.103,Pinned,Device,NVIDIA A100-SXM4-40GB MIG 4g.20gb (0),1,,13,[CUDA memcpy Host-to-Device]
18031987426,9823,365972,,,,,,,,,,0.197,20014.891,Pinned,Device,NVIDIA A100-SXM4-40GB MIG 4g.20gb (0),1,,13,[CUDA memcpy Host-to-Device]
18032560059,49792,365973,273,1,1,48,1,1,40,0.000,0.001,,,,,NVIDIA A100-SXM4-40GB MIG 4g.20gb (0),1,,13,"void pusch_noise_intf_est::noiseIntfEstNoDftSOfdmKernel<float, __half, float, float, (unsigned int)2, (unsigned int)1, (unsigned char)4, (unsigned char)4>(pusch_noise_intf_est::puschRxNoiseIntfEstDynDescr)"
18032824824,7264,365984,35,1,1,128,1,1,16,0.000,0.000,,,,,NVIDIA A100-SXM4-40GB MIG 4g.20gb (0),1,,13,cupy_copy__complex64_complex64
18033434321,3232,365993,1,1,1,1,1,1,18,0.000,0.000,,,,,NVIDIA A100-SXM4-40GB MIG 4g.20gb (0),1,,13,cupy_copy__float32_float32
18033441105,2240,365999,,,,,,,,,,0.000,1.786,Device,Pageable,NVIDIA A100-SXM4-40GB MIG 4g.20gb (0),1,,7,[CUDA memcpy Device-to-Host]
18033841837,21024,366010,1434,1,1,128,1,1,16,0.000,0.000,,,,,NVIDIA A100-SXM4-40GB MIG 4g.20gb (0),1,,13,cupy_copy__complex64_complex64
18033866157,5536,366017,103,1,1,128,1,1,16,0.000,0.000,,,,,NVIDIA A100-SXM4-40GB MIG 4g.20gb (0),1,,13,cupy_copy__complex64_complex64
18033873741,3487,366024,35,1,1,128,1,1,16,0.000,0.000,,,,,NVIDIA A100-SXM4-40GB MIG 4g.20gb (0),1,,13,cupy_copy__complex64_complex64
18033879724,2080,366031,1,1,1,1,1,1,18,0.000,0.000,,,,,NVIDIA A100-SXM4-40GB MIG 4g.20gb (0),1,,13,cupy_copy__float32_float32
18033884332,79840,366042,1,1,1,32,32,1,30,0.000,0.000,,,,,NVIDIA A100-SXM4-40GB MIG 4g.20gb (0),1,,13,"void convert_kernel<__half2, float2>(tensor_layout_any, T1 *, tensor_layout_any, const T2 *)"
18033991915,5952,366045,,,,,,,,,,0.094,15741.865,Pinned,Device,NVIDIA A100-SXM4-40GB MIG 4g.20gb (0),1,,13,[CUDA memcpy Host-to-Device]
18034126634,11520,366046,,,,,,,,,,1.547,134254.696,Device,,NVIDIA A100-SXM4-40GB MIG 4g.20gb (0),1,,13,[CUDA memset]
18034145193,3168,366051,,,,,,,,,,0.031,9878.770,Pinned,Device,NVIDIA A100-SXM4-40GB MIG 4g.20gb (0),1,,13,[CUDA memcpy Host-to-Device]
18034153129,9920,366052,,,,,,,,,,0.197,19819.266,Pinned,Device,NVIDIA A100-SXM4-40GB MIG 4g.20gb (0),1,,13,[CUDA memcpy Host-to-Device]
18034328903,16672,366053,273,1,1,8,4,1,39,0.002,0.000,,,,,NVIDIA A100-SXM4-40GB MIG 4g.20gb (0),1,,13,"void channel_eq::eqMmseCoefCompLowMimoKernel<float, float, float, (unsigned int)4, (unsigned int)1, (unsigned int)4>(const channel_eq::_puschRxChEqStatDescr *, channel_eq::_puschRxChEqCoefCompDynDescr)"
18034347463,7584,366054,273,1,1,12,11,1,51,0.002,0.000,,,,,NVIDIA A100-SXM4-40GB MIG 4g.20gb (0),1,,13,"void channel_eq::eqMmseSoftDemapKernel<float, __half, __half, float, (unsigned int)4, (unsigned short)16383>(channel_eq::_puschRxChEqStatDescr *, channel_eq::_puschRxChEqSoftDemapDynDescr)"
18034529381,571290,366055,1,1,1,32,32,1,30,0.000,0.000,,,,,NVIDIA A100-SXM4-40GB MIG 4g.20gb (0),1,,13,"void convert_kernel<float2, __half2>(tensor_layout_any, T1 *, tensor_layout_any, const T2 *)"
18035293629,14751,366067,2253,1,1,128,1,1,16,0.000,0.000,,,,,NVIDIA A100-SXM4-40GB MIG 4g.20gb (0),1,,13,cupy_copy__float16_float16
18036206738,4864,366076,282,1,1,128,1,1,16,0.000,0.000,,,,,NVIDIA A100-SXM4-40GB MIG 4g.20gb (0),1,,13,cupy_copy__complex64_complex64
18037117416,3264,366085,26,1,1,128,1,1,16,0.000,0.000,,,,,NVIDIA A100-SXM4-40GB MIG 4g.20gb (0),1,,13,cupy_copy__float32_float32
18037598371,8896,366094,103,1,1,128,1,1,16,0.000,0.000,,,,,NVIDIA A100-SXM4-40GB MIG 4g.20gb (0),1,,13,cupy_copy__complex64_complex64
18037922783,17152,366104,1434,1,1,128,1,1,16,0.000,0.000,,,,,NVIDIA A100-SXM4-40GB MIG 4g.20gb (0),1,,13,cupy_copy__complex64_complex64
18038554104,325757,366109,1,1,1,32,32,1,30,0.000,0.000,,,,,NVIDIA A100-SXM4-40GB MIG 4g.20gb (0),1,,13,"void convert_kernel<__half2, float2>(tensor_layout_any, T1 *, tensor_layout_any, const T2 *)"
18038910484,5408,366112,,,,,,,,,,0.094,17325.421,Pinned,Device,NVIDIA A100-SXM4-40GB MIG 4g.20gb (0),1,,13,[CUDA memcpy Host-to-Device]
18039357199,607961,366113,,,,,,,,,,456.561,750587.007,Device,,NVIDIA A100-SXM4-40GB MIG 4g.20gb (0),1,,13,[CUDA memset]
18039966504,51008,366118,,,,,,,,,,1.235,24209.842,Pinned,Device,NVIDIA A100-SXM4-40GB MIG 4g.20gb (0),1,,13,[CUDA memcpy Host-to-Device]
18040019944,9728,366119,,,,,,,,,,0.197,20210.516,Pinned,Device,NVIDIA A100-SXM4-40GB MIG 4g.20gb (0),1,,13,[CUDA memcpy Host-to-Device]
18040683200,14112,366120,69,4,1,48,1,1,76,0.002,0.000,,,,,NVIDIA A100-SXM4-40GB MIG 4g.20gb (0),1,,13,"void ch_est::windowedChEstPreNoDftSOfdmKernel<float, __half, float, (unsigned int)2, (unsigned int)1, (unsigned short)4>(ch_est::puschRxChEstStatDescr_t *, ch_est::puschRxChEstDynDescr_t *)"
18041446936,11808,366121,137,2,1,24,2,1,44,0.001,0.001,,,,,NVIDIA A100-SXM4-40GB MIG 4g.20gb (0),1,,13,"void ch_est::chEstFilterNoDftSOfdmDispatchKernel<float, __half, float, (unsigned int)2>(ch_est::puschRxChEstStatDescr_t *, ch_est::puschRxChEstDynDescr_t *)"
18042527308,12128,366122,137,2,1,24,2,1,44,0.001,0.001,,,,,NVIDIA A100-SXM4-40GB MIG 4g.20gb (0),1,,13,"void ch_est::chEstFilterNoDftSOfdmDispatchKernel<float, __half, float, (unsigned int)2>(ch_est::puschRxChEstStatDescr_t *, ch_est::puschRxChEstDynDescr_t *)"
18043608000,4192,366133,103,1,1,128,1,1,16,0.000,0.000,,,,,NVIDIA A100-SXM4-40GB MIG 4g.20gb (0),1,,13,cupy_copy__complex64_complex64
18044231289,17152,366143,1434,1,1,128,1,1,16,0.000,0.000,,,,,NVIDIA A100-SXM4-40GB MIG 4g.20gb (0),1,,13,cupy_copy__complex64_complex64
18044253656,3488,366150,103,1,1,128,1,1,16,0.000,0.000,,,,,NVIDIA A100-SXM4-40GB MIG 4g.20gb (0),1,,13,cupy_copy__complex64_complex64
18044259224,79488,366157,1,1,1,32,32,1,30,0.000,0.000,,,,,NVIDIA A100-SXM4-40GB MIG 4g.20gb (0),1,,13,"void convert_kernel<__half2, float2>(tensor_layout_any, T1 *, tensor_layout_any, const T2 *)"
18044368375,5408,366160,,,,,,,,,,0.094,17325.421,Pinned,Device,NVIDIA A100-SXM4-40GB MIG 4g.20gb (0),1,,13,[CUDA memcpy Host-to-Device]
18044381271,47296,366161,,,,,,,,,,35.810,757129.139,Device,,NVIDIA A100-SXM4-40GB MIG 4g.20gb (0),1,,13,[CUDA memset]
18044434230,1984,366163,,,,,,,,,,0.000,40.323,Pinned,Device,NVIDIA A100-SXM4-40GB MIG 4g.20gb (0),1,,13,[CUDA memcpy Host-to-Device]
18044438870,9344,366164,,,,,,,,,,0.197,21040.988,Pinned,Device,NVIDIA A100-SXM4-40GB MIG 4g.20gb (0),1,,13,[CUDA memcpy Host-to-Device]
18044452726,8832,366165,273,1,1,48,1,1,40,0.000,0.001,,,,,NVIDIA A100-SXM4-40GB MIG 4g.20gb (0),1,,13,"void pusch_noise_intf_est::noiseIntfEstNoDftSOfdmKernel<float, __half, float, float, (unsigned int)2, (unsigned int)1, (unsigned char)4, (unsigned char)4>(pusch_noise_intf_est::puschRxNoiseIntfEstDynDescr)"
18044463574,2880,366176,35,1,1,128,1,1,16,0.000,0.000,,,,,NVIDIA A100-SXM4-40GB MIG 4g.20gb (0),1,,13,cupy_copy__complex64_complex64
18044489878,1920,366185,1,1,1,1,1,1,18,0.000,0.000,,,,,NVIDIA A100-SXM4-40GB MIG 4g.20gb (0),1,,13,cupy_copy__float32_float32
18044533301,1568,366191,,,,,,,,,,0.000,2.551,Device,Pageable,NVIDIA A100-SXM4-40GB MIG 4g.20gb (0),1,,7,[CUDA memcpy Device-to-Host]
18044611028,13088,366202,1434,1,1,128,1,1,16,0.000,0.000,,,,,NVIDIA A100-SXM4-40GB MIG 4g.20gb (0),1,,13,cupy_copy__complex64_complex64
18044651124,2688,366209,103,1,1,128,1,1,16,0.000,0.000,,,,,NVIDIA A100-SXM4-40GB MIG 4g.20gb (0),1,,13,cupy_copy__complex64_complex64
18044678548,2208,366216,35,1,1,128,1,1,16,0.000,0.000,,,,,NVIDIA A100-SXM4-40GB MIG 4g.20gb (0),1,,13,cupy_copy__complex64_complex64
18044704435,1888,366223,1,1,1,1,1,1,18,0.000,0.000,,,,,NVIDIA A100-SXM4-40GB MIG 4g.20gb (0),1,,13,cupy_copy__float32_float32
18044858706,80383,366234,1,1,1,32,32,1,30,0.000,0.000,,,,,NVIDIA A100-SXM4-40GB MIG 4g.20gb (0),1,,13,"void convert_kernel<__half2, float2>(tensor_layout_any, T1 *, tensor_layout_any, const T2 *)"
18044967217,5375,366237,,,,,,,,,,0.094,17431.766,Pinned,Device,NVIDIA A100-SXM4-40GB MIG 4g.20gb (0),1,,13,[CUDA memcpy Host-to-Device]
18044982192,3232,366238,,,,,,,,,,1.547,478533.199,Device,,NVIDIA A100-SXM4-40GB MIG 4g.20gb (0),1,,13,[CUDA memset]
18044988272,3104,366243,,,,,,,,,,0.031,10082.445,Pinned,Device,NVIDIA A100-SXM4-40GB MIG 4g.20gb (0),1,,13,[CUDA memcpy Host-to-Device]
18044993776,9504,366244,,,,,,,,,,0.197,20686.701,Pinned,Device,NVIDIA A100-SXM4-40GB MIG 4g.20gb (0),1,,13,[CUDA memcpy Host-to-Device]
18045007408,6176,366245,273,1,1,8,4,1,39,0.002,0.000,,,,,NVIDIA A100-SXM4-40GB MIG 4g.20gb (0),1,,13,"void channel_eq::eqMmseCoefCompLowMimoKernel<float, float, float, (unsigned int)4, (unsigned int)1, (unsigned int)4>(const channel_eq::_puschRxChEqStatDescr *, channel_eq::_puschRxChEqCoefCompDynDescr)"
18045016624,15264,366246,273,1,1,12,11,1,51,0.002,0.000,,,,,NVIDIA A100-SXM4-40GB MIG 4g.20gb (0),1,,13,"void channel_eq::eqMmseSoftDemapKernel<float, __half, __half, float, (unsigned int)4, (unsigned short)16383>(channel_eq::_puschRxChEqStatDescr *, channel_eq::_puschRxChEqSoftDemapDynDescr)"
18045068079,719384,366247,1,1,1,32,32,1,30,0.000,0.000,,,,,NVIDIA A100-SXM4-40GB MIG 4g.20gb (0),1,,13,"void convert_kernel<float2, __half2>(tensor_layout_any, T1 *, tensor_layout_any, const T2 *)"
18045926854,29759,366259,2253,1,1,128,1,1,16,0.000,0.000,,,,,NVIDIA A100-SXM4-40GB MIG 4g.20gb (0),1,,13,cupy_copy__float16_float16
18046002821,7296,366268,282,1,1,128,1,1,16,0.000,0.000,,,,,NVIDIA A100-SXM4-40GB MIG 4g.20gb (0),1,,13,cupy_copy__complex64_complex64
18046478560,7232,366277,26,1,1,128,1,1,16,0.000,0.000,,,,,NVIDIA A100-SXM4-40GB MIG 4g.20gb (0),1,,13,cupy_copy__float32_float32
18046778108,16640,366286,103,1,1,128,1,1,16,0.000,0.000,,,,,NVIDIA A100-SXM4-40GB MIG 4g.20gb (0),1,,13,cupy_copy__complex64_complex64
18047279383,26719,366296,1434,1,1,128,1,1,16,0.000,0.000,,,,,NVIDIA A100-SXM4-40GB MIG 4g.20gb (0),1,,13,cupy_copy__complex64_complex64
18047988111,328252,366301,1,1,1,32,32,1,30,0.000,0.000,,,,,NVIDIA A100-SXM4-40GB MIG 4g.20gb (0),1,,13,"void convert_kernel<__half2, float2>(tensor_layout_any, T1 *, tensor_layout_any, const T2 *)"
18048345355,6880,366304,,,,,,,,,,0.094,13618.526,Pinned,Device,NVIDIA A100-SXM4-40GB MIG 4g.20gb (0),1,,13,[CUDA memcpy Host-to-Device]
18048960132,619417,366305,,,,,,,,,,456.561,736890.164,Device,,NVIDIA A100-SXM4-40GB MIG 4g.20gb (0),1,,13,[CUDA memset]
18049586237,51903,366310,,,,,,,,,,1.235,23792.431,Pinned,Device,NVIDIA A100-SXM4-40GB MIG 4g.20gb (0),1,,13,[CUDA memcpy Host-to-Device]
18049640636,9376,366311,,,,,,,,,,0.197,20969.226,Pinned,Device,NVIDIA A100-SXM4-40GB MIG 4g.20gb (0),1,,13,[CUDA memcpy Host-to-Device]
18050268053,16224,366312,69,4,1,48,1,1,76,0.002,0.000,,,,,NVIDIA A100-SXM4-40GB MIG 4g.20gb (0),1,,13,"void ch_est::windowedChEstPreNoDftSOfdmKernel<float, __half, float, (unsigned int)2, (unsigned int)1, (unsigned short)4>(ch_est::puschRxChEstStatDescr_t *, ch_est::puschRxChEstDynDescr_t *)"
18050691825,11615,366313,137,2,1,24,2,1,44,0.001,0.001,,,,,NVIDIA A100-SXM4-40GB MIG 4g.20gb (0),1,,13,"void ch_est::chEstFilterNoDftSOfdmDispatchKernel<float, __half, float, (unsigned int)2>(ch_est::puschRxChEstStatDescr_t *, ch_est::puschRxChEstDynDescr_t *)"
18051058924,19552,366314,137,2,1,24,2,1,44,0.001,0.001,,,,,NVIDIA A100-SXM4-40GB MIG 4g.20gb (0),1,,13,"void ch_est::chEstFilterNoDftSOfdmDispatchKernel<float, __half, float, (unsigned int)2>(ch_est::puschRxChEstStatDescr_t *, ch_est::puschRxChEstDynDescr_t *)"
18051261962,9440,366325,103,1,1,128,1,1,16,0.000,0.000,,,,,NVIDIA A100-SXM4-40GB MIG 4g.20gb (0),1,,13,cupy_copy__complex64_complex64
18051675910,24991,366335,1434,1,1,128,1,1,16,0.000,0.000,,,,,NVIDIA A100-SXM4-40GB MIG 4g.20gb (0),1,,13,cupy_copy__complex64_complex64
18052228575,5792,366342,103,1,1,128,1,1,16,0.000,0.000,,,,,NVIDIA A100-SXM4-40GB MIG 4g.20gb (0),1,,13,cupy_copy__complex64_complex64
18052919096,319900,366349,1,1,1,32,32,1,30,0.000,0.000,,,,,NVIDIA A100-SXM4-40GB MIG 4g.20gb (0),1,,13,"void convert_kernel<__half2, float2>(tensor_layout_any, T1 *, tensor_layout_any, const T2 *)"
18053267828,5344,366352,,,,,,,,,,0.094,17532.864,Pinned,Device,NVIDIA A100-SXM4-40GB MIG 4g.20gb (0),1,,13,[CUDA memcpy Host-to-Device]
18053545457,55967,366353,,,,,,,,,,35.810,639815.841,Device,,NVIDIA A100-SXM4-40GB MIG 4g.20gb (0),1,,13,[CUDA memset]
18053603600,1824,366355,,,,,,,,,,0.000,43.860,Pinned,Device,NVIDIA A100-SXM4-40GB MIG 4g.20gb (0),1,,13,[CUDA memcpy Host-to-Device]
18053607920,9664,366356,,,,,,,,,,0.197,20344.209,Pinned,Device,NVIDIA A100-SXM4-40GB MIG 4g.20gb (0),1,,13,[CUDA memcpy Host-to-Device]
18053900525,20543,366357,273,1,1,48,1,1,40,0.000,0.001,,,,,NVIDIA A100-SXM4-40GB MIG 4g.20gb (0),1,,13,"void pusch_noise_intf_est::noiseIntfEstNoDftSOfdmKernel<float, __half, float, float, (unsigned int)2, (unsigned int)1, (unsigned char)4, (unsigned char)4>(pusch_noise_intf_est::puschRxNoiseIntfEstDynDescr)"
18053924108,5024,366368,35,1,1,128,1,1,16,0.000,0.000,,,,,NVIDIA A100-SXM4-40GB MIG 4g.20gb (0),1,,13,cupy_copy__complex64_complex64
18054198537,3616,366377,1,1,1,1,1,1,18,0.000,0.000,,,,,NVIDIA A100-SXM4-40GB MIG 4g.20gb (0),1,,13,cupy_copy__float32_float32
18054205449,1760,366383,,,,,,,,,,0.000,2.273,Device,Pageable,NVIDIA A100-SXM4-40GB MIG 4g.20gb (0),1,,7,[CUDA memcpy Device-to-Host]
18054492902,17696,366394,1434,1,1,128,1,1,16,0.000,0.000,,,,,NVIDIA A100-SXM4-40GB MIG 4g.20gb (0),1,,13,cupy_copy__complex64_complex64
18054512486,3968,366401,103,1,1,128,1,1,16,0.000,0.000,,,,,NVIDIA A100-SXM4-40GB MIG 4g.20gb (0),1,,13,cupy_copy__complex64_complex64
18054518630,2688,366408,35,1,1,128,1,1,16,0.000,0.000,,,,,NVIDIA A100-SXM4-40GB MIG 4g.20gb (0),1,,13,cupy_copy__complex64_complex64
18054522886,2048,366415,1,1,1,1,1,1,18,0.000,0.000,,,,,NVIDIA A100-SXM4-40GB MIG 4g.20gb (0),1,,13,cupy_copy__float32_float32
18054804515,321532,366426,1,1,1,32,32,1,30,0.000,0.000,,,,,NVIDIA A100-SXM4-40GB MIG 4g.20gb (0),1,,13,"void convert_kernel<__half2, float2>(tensor_layout_any, T1 *, tensor_layout_any, const T2 *)"
18055155263,5856,366429,,,,,,,,,,0.094,15999.997,Pinned,Device,NVIDIA A100-SXM4-40GB MIG 4g.20gb (0),1,,13,[CUDA memcpy Host-to-Device]
18055603994,10271,366430,,,,,,,,,,1.547,150580.859,Device,,NVIDIA A100-SXM4-40GB MIG 4g.20gb (0),1,,13,[CUDA memset]
18055619161,3456,366435,,,,,,,,,,0.031,9055.529,Pinned,Device,NVIDIA A100-SXM4-40GB MIG 4g.20gb (0),1,,13,[CUDA memcpy Host-to-Device]
18055625145,9600,366436,,,,,,,,,,0.197,20479.869,Pinned,Device,NVIDIA A100-SXM4-40GB MIG 4g.20gb (0),1,,13,[CUDA memcpy Host-to-Device]
18055965462,21887,366437,273,1,1,8,4,1,39,0.002,0.000,,,,,NVIDIA A100-SXM4-40GB MIG 4g.20gb (0),1,,13,"void channel_eq::eqMmseCoefCompLowMimoKernel<float, float, float, (unsigned int)4, (unsigned int)1, (unsigned int)4>(const channel_eq::_puschRxChEqStatDescr *, channel_eq::_puschRxChEqCoefCompDynDescr)"
18056528015,11584,366438,273,1,1,12,11,1,51,0.002,0.000,,,,,NVIDIA A100-SXM4-40GB MIG 4g.20gb (0),1,,13,"void channel_eq::eqMmseSoftDemapKernel<float, __half, __half, float, (unsigned int)4, (unsigned short)16383>(channel_eq::_puschRxChEqStatDescr *, channel_eq::_puschRxChEqSoftDemapDynDescr)"
18057267879,780727,366439,1,1,1,32,32,1,30,0.000,0.000,,,,,NVIDIA A100-SXM4-40GB MIG 4g.20gb (0),1,,13,"void convert_kernel<float2, __half2>(tensor_layout_any, T1 *, tensor_layout_any, const T2 *)"
18058410362,15584,366451,2253,1,1,128,1,1,16,0.000,0.000,,,,,NVIDIA A100-SXM4-40GB MIG 4g.20gb (0),1,,13,cupy_copy__float16_float16
18058843573,5888,366460,282,1,1,128,1,1,16,0.000,0.000,,,,,NVIDIA A100-SXM4-40GB MIG 4g.20gb (0),1,,13,cupy_copy__complex64_complex64
18059192657,7552,366469,26,1,1,128,1,1,16,0.000,0.000,,,,,NVIDIA A100-SXM4-40GB MIG 4g.20gb (0),1,,13,cupy_copy__float32_float32
18059723596,8671,366478,103,1,1,128,1,1,16,0.000,0.000,,,,,NVIDIA A100-SXM4-40GB MIG 4g.20gb (0),1,,13,cupy_copy__complex64_complex64
18060163335,19007,366488,1434,1,1,128,1,1,16,0.000,0.000,,,,,NVIDIA A100-SXM4-40GB MIG 4g.20gb (0),1,,13,cupy_copy__complex64_complex64
18060778752,225629,366493,1,1,1,32,32,1,30,0.000,0.000,,,,,NVIDIA A100-SXM4-40GB MIG 4g.20gb (0),1,,13,"void convert_kernel<__half2, float2>(tensor_layout_any, T1 *, tensor_layout_any, const T2 *)"
18061034397,5408,366496,,,,,,,,,,0.094,17325.421,Pinned,Device,NVIDIA A100-SXM4-40GB MIG 4g.20gb (0),1,,13,[CUDA memcpy Host-to-Device]
18061388793,607353,366497,,,,,,,,,,456.561,751500.130,Device,,NVIDIA A100-SXM4-40GB MIG 4g.20gb (0),1,,13,[CUDA memset]
18062001074,51968,366502,,,,,,,,,,1.235,23762.792,Pinned,Device,NVIDIA A100-SXM4-40GB MIG 4g.20gb (0),1,,13,[CUDA memcpy Host-to-Device]
18062055857,9664,366503,,,,,,,,,,0.197,20344.209,Pinned,Device,NVIDIA A100-SXM4-40GB MIG 4g.20gb (0),1,,13,[CUDA memcpy Host-to-Device]
18062265807,18272,366504,69,4,1,48,1,1,76,0.002,0.000,,,,,NVIDIA A100-SXM4-40GB MIG 4g.20gb (0),1,,13,"void ch_est::windowedChEstPreNoDftSOfdmKernel<float, __half, float, (unsigned int)2, (unsigned int)1, (unsigned short)4>(ch_est::puschRxChEstStatDescr_t *, ch_est::puschRxChEstDynDescr_t *)"
18062522860,17920,366505,137,2,1,24,2,1,44,0.001,0.001,,,,,NVIDIA A100-SXM4-40GB MIG 4g.20gb (0),1,,13,"void ch_est::chEstFilterNoDftSOfdmDispatchKernel<float, __half, float, (unsigned int)2>(ch_est::puschRxChEstStatDescr_t *, ch_est::puschRxChEstDynDescr_t *)"
18062542444,5824,366506,137,2,1,24,2,1,44,0.001,0.001,,,,,NVIDIA A100-SXM4-40GB MIG 4g.20gb (0),1,,13,"void ch_est::chEstFilterNoDftSOfdmDispatchKernel<float, __half, float, (unsigned int)2>(ch_est::puschRxChEstStatDescr_t *, ch_est::puschRxChEstDynDescr_t *)"
18062780073,6368,366517,103,1,1,128,1,1,16,0.000,0.000,,,,,NVIDIA A100-SXM4-40GB MIG 4g.20gb (0),1,,13,cupy_copy__complex64_complex64
18062788745,14080,366527,1434,1,1,128,1,1,16,0.000,0.000,,,,,NVIDIA A100-SXM4-40GB MIG 4g.20gb (0),1,,13,cupy_copy__complex64_complex64
18062805257,2528,366534,103,1,1,128,1,1,16,0.000,0.000,,,,,NVIDIA A100-SXM4-40GB MIG 4g.20gb (0),1,,13,cupy_copy__complex64_complex64
18063044262,344093,366541,1,1,1,32,32,1,30,0.000,0.000,,,,,NVIDIA A100-SXM4-40GB MIG 4g.20gb (0),1,,13,"void convert_kernel<__half2, float2>(tensor_layout_any, T1 *, tensor_layout_any, const T2 *)"
18063416450,5504,366544,,,,,,,,,,0.094,17023.251,Pinned,Device,NVIDIA A100-SXM4-40GB MIG 4g.20gb (0),1,,13,[CUDA memcpy Host-to-Device]
18063732351,53087,366545,,,,,,,,,,35.810,674551.463,Device,,NVIDIA A100-SXM4-40GB MIG 4g.20gb (0),1,,13,[CUDA memset]
18063786558,1824,366547,,,,,,,,,,0.000,43.860,Pinned,Device,NVIDIA A100-SXM4-40GB MIG 4g.20gb (0),1,,13,[CUDA memcpy Host-to-Device]
18063790846,9312,366548,,,,,,,,,,0.197,21113.340,Pinned,Device,NVIDIA A100-SXM4-40GB MIG 4g.20gb (0),1,,13,[CUDA memcpy Host-to-Device]
18064224537,23872,366549,273,1,1,48,1,1,40,0.000,0.001,,,,,NVIDIA A100-SXM4-40GB MIG 4g.20gb (0),1,,13,"void pusch_noise_intf_est::noiseIntfEstNoDftSOfdmKernel<float, __half, float, float, (unsigned int)2, (unsigned int)1, (unsigned char)4, (unsigned char)4>(pusch_noise_intf_est::puschRxNoiseIntfEstDynDescr)"
18064496150,4928,366560,35,1,1,128,1,1,16,0.000,0.000,,,,,NVIDIA A100-SXM4-40GB MIG 4g.20gb (0),1,,13,cupy_copy__complex64_complex64
18064908050,4288,366569,1,1,1,1,1,1,18,0.000,0.000,,,,,NVIDIA A100-SXM4-40GB MIG 4g.20gb (0),1,,13,cupy_copy__float32_float32
18064913138,2048,366575,,,,,,,,,,0.000,1.953,Device,Pageable,NVIDIA A100-SXM4-40GB MIG 4g.20gb (0),1,,7,[CUDA memcpy Device-to-Host]
18065309197,20544,366586,1434,1,1,128,1,1,16,0.000,0.000,,,,,NVIDIA A100-SXM4-40GB MIG 4g.20gb (0),1,,13,cupy_copy__complex64_complex64
18065534059,4800,366593,103,1,1,128,1,1,16,0.000,0.000,,,,,NVIDIA A100-SXM4-40GB MIG 4g.20gb (0),1,,13,cupy_copy__complex64_complex64
18065827623,6176,366600,35,1,1,128,1,1,16,0.000,0.000,,,,,NVIDIA A100-SXM4-40GB MIG 4g.20gb (0),1,,13,cupy_copy__complex64_complex64
18066104868,3520,366607,1,1,1,1,1,1,18,0.000,0.000,,,,,NVIDIA A100-SXM4-40GB MIG 4g.20gb (0),1,,13,cupy_copy__float32_float32
18066835452,275645,366618,1,1,1,32,32,1,30,0.000,0.000,,,,,NVIDIA A100-SXM4-40GB MIG 4g.20gb (0),1,,13,"void convert_kernel<__half2, float2>(tensor_layout_any, T1 *, tensor_layout_any, const T2 *)"
18067140793,5696,366621,,,,,,,,,,0.094,16449.363,Pinned,Device,NVIDIA A100-SXM4-40GB MIG 4g.20gb (0),1,,13,[CUDA memcpy Host-to-Device]
18067755026,6496,366622,,,,,,,,,,1.547,238087.299,Device,,NVIDIA A100-SXM4-40GB MIG 4g.20gb (0),1,,13,[CUDA memset]
18067764818,3552,366627,,,,,,,,,,0.031,8810.794,Pinned,Device,NVIDIA A100-SXM4-40GB MIG 4g.20gb (0),1,,13,[CUDA memcpy Host-to-Device]
18067770962,10367,366628,,,,,,,,,,0.197,18964.611,Pinned,Device,NVIDIA A100-SXM4-40GB MIG 4g.20gb (0),1,,13,[CUDA memcpy Host-to-Device]
18068292556,19360,366629,273,1,1,8,4,1,39,0.002,0.000,,,,,NVIDIA A100-SXM4-40GB MIG 4g.20gb (0),1,,13,"void channel_eq::eqMmseCoefCompLowMimoKernel<float, float, float, (unsigned int)4, (unsigned int)1, (unsigned int)4>(const channel_eq::_puschRxChEqStatDescr *, channel_eq::_puschRxChEqCoefCompDynDescr)"
18068588840,14816,366630,273,1,1,12,11,1,51,0.002,0.000,,,,,NVIDIA A100-SXM4-40GB MIG 4g.20gb (0),1,,13,"void channel_eq::eqMmseSoftDemapKernel<float, __half, __half, float, (unsigned int)4, (unsigned short)16383>(channel_eq::_puschRxChEqStatDescr *, channel_eq::_puschRxChEqSoftDemapDynDescr)"
18069088323,720440,366631,1,1,1,32,32,1,30,0.000,0.000,,,,,NVIDIA A100-SXM4-40GB MIG 4g.20gb (0),1,,13,"void convert_kernel<float2, __half2>(tensor_layout_any, T1 *, tensor_layout_any, const T2 *)"
18070065240,20928,366643,2253,1,1,128,1,1,16,0.000,0.000,,,,,NVIDIA A100-SXM4-40GB MIG 4g.20gb (0),1,,13,cupy_copy__float16_float16
18070429492,8384,366652,282,1,1,128,1,1,16,0.000,0.000,,,,,NVIDIA A100-SXM4-40GB MIG 4g.20gb (0),1,,13,cupy_copy__complex64_complex64
18070510387,4000,366661,26,1,1,128,1,1,16,0.000,0.000,,,,,NVIDIA A100-SXM4-40GB MIG 4g.20gb (0),1,,13,cupy_copy__float32_float32
18070798192,11616,366670,103,1,1,128,1,1,16,0.000,0.000,,,,,NVIDIA A100-SXM4-40GB MIG 4g.20gb (0),1,,13,cupy_copy__complex64_complex64
18070932750,17056,366680,1434,1,1,128,1,1,16,0.000,0.000,,,,,NVIDIA A100-SXM4-40GB MIG 4g.20gb (0),1,,13,cupy_copy__complex64_complex64
18071375881,280093,366685,1,1,1,32,32,1,30,0.000,0.000,,,,,NVIDIA A100-SXM4-40GB MIG 4g.20gb (0),1,,13,"void convert_kernel<__half2, float2>(tensor_layout_any, T1 *, tensor_layout_any, const T2 *)"
18071685990,6016,366688,,,,,,,,,,0.094,15574.430,Pinned,Device,NVIDIA A100-SXM4-40GB MIG 4g.20gb (0),1,,13,[CUDA memcpy Host-to-Device]
18071985794,608378,366689,,,,,,,,,,456.561,750130.446,Device,,NVIDIA A100-SXM4-40GB MIG 4g.20gb (0),1,,13,[CUDA memset]
18072599420,54079,366694,,,,,,,,,,1.235,22835.350,Pinned,Device,NVIDIA A100-SXM4-40GB MIG 4g.20gb (0),1,,13,[CUDA memcpy Host-to-Device]
18072655963,10432,366695,,,,,,,,,,0.197,18846.450,Pinned,Device,NVIDIA A100-SXM4-40GB MIG 4g.20gb (0),1,,13,[CUDA memcpy Host-to-Device]
18072808857,12000,366696,69,4,1,48,1,1,76,0.002,0.000,,,,,NVIDIA A100-SXM4-40GB MIG 4g.20gb (0),1,,13,"void ch_est::windowedChEstPreNoDftSOfdmKernel<float, __half, float, (unsigned int)2, (unsigned int)1, (unsigned short)4>(ch_est::puschRxChEstStatDescr_t *, ch_est::puschRxChEstDynDescr_t *)"
18073024759,29792,366697,137,2,1,24,2,1,44,0.001,0.001,,,,,NVIDIA A100-SXM4-40GB MIG 4g.20gb (0),1,,13,"void ch_est::chEstFilterNoDftSOfdmDispatchKernel<float, __half, float, (unsigned int)2>(ch_est::puschRxChEstStatDescr_t *, ch_est::puschRxChEstDynDescr_t *)"
18073308436,11456,366698,137,2,1,24,2,1,44,0.001,0.001,,,,,NVIDIA A100-SXM4-40GB MIG 4g.20gb (0),1,,13,"void ch_est::chEstFilterNoDftSOfdmDispatchKernel<float, __half, float, (unsigned int)2>(ch_est::puschRxChEstStatDescr_t *, ch_est::puschRxChEstDynDescr_t *)"
18073721615,4672,366709,103,1,1,128,1,1,16,0.000,0.000,,,,,NVIDIA A100-SXM4-40GB MIG 4g.20gb (0),1,,13,cupy_copy__complex64_complex64
18074112043,18240,366719,1434,1,1,128,1,1,16,0.000,0.000,,,,,NVIDIA A100-SXM4-40GB MIG 4g.20gb (0),1,,13,cupy_copy__complex64_complex64
18074727652,4320,366726,103,1,1,128,1,1,16,0.000,0.000,,,,,NVIDIA A100-SXM4-40GB MIG 4g.20gb (0),1,,13,cupy_copy__complex64_complex64
18075186079,315388,366733,1,1,1,32,32,1,30,0.000,0.000,,,,,NVIDIA A100-SXM4-40GB MIG 4g.20gb (0),1,,13,"void convert_kernel<__half2, float2>(tensor_layout_any, T1 *, tensor_layout_any, const T2 *)"
18075529851,5728,366736,,,,,,,,,,0.094,16357.541,Pinned,Device,NVIDIA A100-SXM4-40GB MIG 4g.20gb (0),1,,13,[CUDA memcpy Host-to-Device]
18075841431,48384,366737,,,,,,,,,,35.810,740083.617,Device,,NVIDIA A100-SXM4-40GB MIG 4g.20gb (0),1,,13,[CUDA memset]
18075895255,1952,366739,,,,,,,,,,0.000,40.984,Pinned,Device,NVIDIA A100-SXM4-40GB MIG 4g.20gb (0),1,,13,[CUDA memcpy Host-to-Device]
18075899639,10816,366740,,,,,,,,,,0.197,18177.393,Pinned,Device,NVIDIA A100-SXM4-40GB MIG 4g.20gb (0),1,,13,[CUDA memcpy Host-to-Device]
18076255155,27679,366741,273,1,1,48,1,1,40,0.000,0.001,,,,,NVIDIA A100-SXM4-40GB MIG 4g.20gb (0),1,,13,"void pusch_noise_intf_est::noiseIntfEstNoDftSOfdmKernel<float, __half, float, float, (unsigned int)2, (unsigned int)1, (unsigned char)4, (unsigned char)4>(pusch_noise_intf_est::puschRxNoiseIntfEstDynDescr)"
18076433681,19584,366752,35,1,1,128,1,1,16,0.000,0.000,,,,,NVIDIA A100-SXM4-40GB MIG 4g.20gb (0),1,,13,cupy_copy__complex64_complex64
18076629615,4768,366761,1,1,1,1,1,1,18,0.000,0.000,,,,,NVIDIA A100-SXM4-40GB MIG 4g.20gb (0),1,,13,cupy_copy__float32_float32
18076638606,2016,366767,,,,,,,,,,0.000,1.984,Device,Pageable,NVIDIA A100-SXM4-40GB MIG 4g.20gb (0),1,,7,[CUDA memcpy Device-to-Host]
18077003562,17952,366778,1434,1,1,128,1,1,16,0.000,0.000,,,,,NVIDIA A100-SXM4-40GB MIG 4g.20gb (0),1,,13,cupy_copy__complex64_complex64
18077188136,13600,366785,103,1,1,128,1,1,16,0.000,0.000,,,,,NVIDIA A100-SXM4-40GB MIG 4g.20gb (0),1,,13,cupy_copy__complex64_complex64
18077440838,4415,366792,35,1,1,128,1,1,16,0.000,0.000,,,,,NVIDIA A100-SXM4-40GB MIG 4g.20gb (0),1,,13,cupy_copy__complex64_complex64
18077806977,5408,366799,1,1,1,1,1,1,18,0.000,0.000,,,,,NVIDIA A100-SXM4-40GB MIG 4g.20gb (0),1,,13,cupy_copy__float32_float32
18078160669,329469,366810,1,1,1,32,32,1,30,0.000,0.000,,,,,NVIDIA A100-SXM4-40GB MIG 4g.20gb (0),1,,13,"void convert_kernel<__half2, float2>(tensor_layout_any, T1 *, tensor_layout_any, const T2 *)"
18078519769,5664,366813,,,,,,,,,,0.094,16542.310,Pinned,Device,NVIDIA A100-SXM4-40GB MIG 4g.20gb (0),1,,13,[CUDA memcpy Host-to-Device]
18078792246,5952,366814,,,,,,,,,,1.547,259848.298,Device,,NVIDIA A100-SXM4-40GB MIG 4g.20gb (0),1,,13,[CUDA memset]
18078800918,3648,366819,,,,,,,,,,0.031,8578.922,Pinned,Device,NVIDIA A100-SXM4-40GB MIG 4g.20gb (0),1,,13,[CUDA memcpy Host-to-Device]
18078808182,10144,366820,,,,,,,,,,0.197,19381.617,Pinned,Device,NVIDIA A100-SXM4-40GB MIG 4g.20gb (0),1,,13,[CUDA memcpy Host-to-Device]
18078891061,16544,366821,273,1,1,8,4,1,39,0.002,0.000,,,,,NVIDIA A100-SXM4-40GB MIG 4g.20gb (0),1,,13,"void channel_eq::eqMmseCoefCompLowMimoKernel<float, float, float, (unsigned int)4, (unsigned int)1, (unsigned int)4>(const channel_eq::_puschRxChEqStatDescr *, channel_eq::_puschRxChEqCoefCompDynDescr)"
18079083827,14656,366822,273,1,1,12,11,1,51,0.002,0.000,,,,,NVIDIA A100-SXM4-40GB MIG 4g.20gb (0),1,,13,"void channel_eq::eqMmseSoftDemapKernel<float, __half, __half, float, (unsigned int)4, (unsigned short)16383>(channel_eq::_puschRxChEqStatDescr *, channel_eq::_puschRxChEqSoftDemapDynDescr)"
18079287249,914294,366823,1,1,1,32,32,1,30,0.000,0.000,,,,,NVIDIA A100-SXM4-40GB MIG 4g.20gb (0),1,,13,"void convert_kernel<float2, __half2>(tensor_layout_any, T1 *, tensor_layout_any, const T2 *)"
18080563011,14879,366835,2253,1,1,128,1,1,16,0.000,0.000,,,,,NVIDIA A100-SXM4-40GB MIG 4g.20gb (0),1,,13,cupy_copy__float16_float16
18081129340,12416,366844,282,1,1,128,1,1,16,0.000,0.000,,,,,NVIDIA A100-SXM4-40GB MIG 4g.20gb (0),1,,13,cupy_copy__complex64_complex64
18081383897,5664,366853,26,1,1,128,1,1,16,0.000,0.000,,,,,NVIDIA A100-SXM4-40GB MIG 4g.20gb (0),1,,13,cupy_copy__float32_float32
18081572151,11232,366862,103,1,1,128,1,1,16,0.000,0.000,,,,,NVIDIA A100-SXM4-40GB MIG 4g.20gb (0),1,,13,cupy_copy__complex64_complex64
18081823317,18655,366872,1434,1,1,128,1,1,16,0.000,0.000,,,,,NVIDIA A100-SXM4-40GB MIG 4g.20gb (0),1,,13,cupy_copy__complex64_complex64
18082025554,300157,366877,1,1,1,32,32,1,30,0.000,0.000,,,,,NVIDIA A100-SXM4-40GB MIG 4g.20gb (0),1,,13,"void convert_kernel<__half2, float2>(tensor_layout_any, T1 *, tensor_layout_any, const T2 *)"
18082355023,5472,366880,,,,,,,,,,0.094,17122.757,Pinned,Device,NVIDIA A100-SXM4-40GB MIG 4g.20gb (0),1,,13,[CUDA memcpy Host-to-Device]
18082713547,615353,366881,,,,,,,,,,456.561,741912.340,Device,,NVIDIA A100-SXM4-40GB MIG 4g.20gb (0),1,,13,[CUDA memset]
18083333412,52831,366886,,,,,,,,,,1.235,23375.020,Pinned,Device,NVIDIA A100-SXM4-40GB MIG 4g.20gb (0),1,,13,[CUDA memcpy Host-to-Device]
18083388675,9888,366887,,,,,,,,,,0.197,19883.360,Pinned,Device,NVIDIA A100-SXM4-40GB MIG 4g.20gb (0),1,,13,[CUDA memcpy Host-to-Device]
18083942717,16512,366888,69,4,1,48,1,1,76,0.002,0.000,,,,,NVIDIA A100-SXM4-40GB MIG 4g.20gb (0),1,,13,"void ch_est::windowedChEstPreNoDftSOfdmKernel<float, __half, float, (unsigned int)2, (unsigned int)1, (unsigned short)4>(ch_est::puschRxChEstStatDescr_t *, ch_est::puschRxChEstDynDescr_t *)"
18084572886,21472,366889,137,2,1,24,2,1,44,0.001,0.001,,,,,NVIDIA A100-SXM4-40GB MIG 4g.20gb (0),1,,13,"void ch_est::chEstFilterNoDftSOfdmDispatchKernel<float, __half, float, (unsigned int)2>(ch_est::puschRxChEstStatDescr_t *, ch_est::puschRxChEstDynDescr_t *)"
18085017105,13248,366890,137,2,1,24,2,1,44,0.001,0.001,,,,,NVIDIA A100-SXM4-40GB MIG 4g.20gb (0),1,,13,"void ch_est::chEstFilterNoDftSOfdmDispatchKernel<float, __half, float, (unsigned int)2>(ch_est::puschRxChEstStatDescr_t *, ch_est::puschRxChEstDynDescr_t *)"
18085530891,10272,366901,103,1,1,128,1,1,16,0.000,0.000,,,,,NVIDIA A100-SXM4-40GB MIG 4g.20gb (0),1,,13,cupy_copy__complex64_complex64
18086037701,23328,366911,1434,1,1,128,1,1,16,0.000,0.000,,,,,NVIDIA A100-SXM4-40GB MIG 4g.20gb (0),1,,13,cupy_copy__complex64_complex64
18086412097,3712,366918,103,1,1,128,1,1,16,0.000,0.000,,,,,NVIDIA A100-SXM4-40GB MIG 4g.20gb (0),1,,13,cupy_copy__complex64_complex64
18086664958,330845,366925,1,1,1,32,32,1,30,0.000,0.000,,,,,NVIDIA A100-SXM4-40GB MIG 4g.20gb (0),1,,13,"void convert_kernel<__half2, float2>(tensor_layout_any, T1 *, tensor_layout_any, const T2 *)"
18087025274,5664,366928,,,,,,,,,,0.094,16542.310,Pinned,Device,NVIDIA A100-SXM4-40GB MIG 4g.20gb (0),1,,13,[CUDA memcpy Host-to-Device]
18087135193,56320,366929,,,,,,,,,,35.810,635805.130,Device,,NVIDIA A100-SXM4-40GB MIG 4g.20gb (0),1,,13,[CUDA memset]
18087199384,2496,366931,,,,,,,,,,0.000,32.051,Pinned,Device,NVIDIA A100-SXM4-40GB MIG 4g.20gb (0),1,,13,[CUDA memcpy Host-to-Device]
18087204376,9760,366932,,,,,,,,,,0.197,20144.259,Pinned,Device,NVIDIA A100-SXM4-40GB MIG 4g.20gb (0),1,,13,[CUDA memcpy Host-to-Device]
18087423574,16352,366933,273,1,1,48,1,1,40,0.000,0.001,,,,,NVIDIA A100-SXM4-40GB MIG 4g.20gb (0),1,,13,"void pusch_noise_intf_est::noiseIntfEstNoDftSOfdmKernel<float, __half, float, float, (unsigned int)2, (unsigned int)1, (unsigned char)4, (unsigned char)4>(pusch_noise_intf_est::puschRxNoiseIntfEstDynDescr)"
18087604180,3456,366944,35,1,1,128,1,1,16,0.000,0.000,,,,,NVIDIA A100-SXM4-40GB MIG 4g.20gb (0),1,,13,cupy_copy__complex64_complex64
18087720787,4192,366953,1,1,1,1,1,1,18,0.000,0.000,,,,,NVIDIA A100-SXM4-40GB MIG 4g.20gb (0),1,,13,cupy_copy__float32_float32
18087734546,1600,366959,,,,,,,,,,0.000,2.500,Device,Pageable,NVIDIA A100-SXM4-40GB MIG 4g.20gb (0),1,,7,[CUDA memcpy Device-to-Host]
18088145262,23616,366970,1434,1,1,128,1,1,16,0.000,0.000,,,,,NVIDIA A100-SXM4-40GB MIG 4g.20gb (0),1,,13,cupy_copy__complex64_complex64
18088343788,3648,366977,103,1,1,128,1,1,16,0.000,0.000,,,,,NVIDIA A100-SXM4-40GB MIG 4g.20gb (0),1,,13,cupy_copy__complex64_complex64
18088511562,17152,366984,35,1,1,128,1,1,16,0.000,0.000,,,,,NVIDIA A100-SXM4-40GB MIG 4g.20gb (0),1,,13,cupy_copy__complex64_complex64
18088530058,3136,366991,1,1,1,1,1,1,18,0.000,0.000,,,,,NVIDIA A100-SXM4-40GB MIG 4g.20gb (0),1,,13,cupy_copy__float32_float32
18088534601,267198,367002,1,1,1,32,32,1,30,0.000,0.000,,,,,NVIDIA A100-SXM4-40GB MIG 4g.20gb (0),1,,13,"void convert_kernel<__half2, float2>(tensor_layout_any, T1 *, tensor_layout_any, const T2 *)"
18088832710,5568,367005,,,,,,,,,,0.094,16827.521,Pinned,Device,NVIDIA A100-SXM4-40GB MIG 4g.20gb (0),1,,13,[CUDA memcpy Host-to-Device]
18088949477,13088,367006,,,,,,,,,,1.547,118169.807,Device,,NVIDIA A100-SXM4-40GB MIG 4g.20gb (0),1,,13,[CUDA memset]
18088964421,4064,367011,,,,,,,,,,0.031,7700.756,Pinned,Device,NVIDIA A100-SXM4-40GB MIG 4g.20gb (0),1,,13,[CUDA memcpy Host-to-Device]
18088970917,9984,367012,,,,,,,,,,0.197,19692.257,Pinned,Device,NVIDIA A100-SXM4-40GB MIG 4g.20gb (0),1,,13,[CUDA memcpy Host-to-Device]
18089016996,22240,367013,273,1,1,8,4,1,39,0.002,0.000,,,,,NVIDIA A100-SXM4-40GB MIG 4g.20gb (0),1,,13,"void channel_eq::eqMmseCoefCompLowMimoKernel<float, float, float, (unsigned int)4, (unsigned int)1, (unsigned int)4>(const channel_eq::_puschRxChEqStatDescr *, channel_eq::_puschRxChEqCoefCompDynDescr)"
18089391168,20608,367014,273,1,1,12,11,1,51,0.002,0.000,,,,,NVIDIA A100-SXM4-40GB MIG 4g.20gb (0),1,,13,"void channel_eq::eqMmseSoftDemapKernel<float, __half, __half, float, (unsigned int)4, (unsigned short)16383>(channel_eq::_puschRxChEqStatDescr *, channel_eq::_puschRxChEqSoftDemapDynDescr)"
18089572894,802903,367015,1,1,1,32,32,1,30,0.000,0.000,,,,,NVIDIA A100-SXM4-40GB MIG 4g.20gb (0),1,,13,"void convert_kernel<float2, __half2>(tensor_layout_any, T1 *, tensor_layout_any, const T2 *)"
18090737297,15872,367027,2253,1,1,128,1,1,16,0.000,0.000,,,,,NVIDIA A100-SXM4-40GB MIG 4g.20gb (0),1,,13,cupy_copy__float16_float16
18091233579,8576,367036,282,1,1,128,1,1,16,0.000,0.000,,,,,NVIDIA A100-SXM4-40GB MIG 4g.20gb (0),1,,13,cupy_copy__complex64_complex64
18091610503,5664,367045,26,1,1,128,1,1,16,0.000,0.000,,,,,NVIDIA A100-SXM4-40GB MIG 4g.20gb (0),1,,13,cupy_copy__float32_float32
18091904868,6720,367054,103,1,1,128,1,1,16,0.000,0.000,,,,,NVIDIA A100-SXM4-40GB MIG 4g.20gb (0),1,,13,cupy_copy__complex64_complex64
18092202784,19360,367064,1434,1,1,128,1,1,16,0.000,0.000,,,,,NVIDIA A100-SXM4-40GB MIG 4g.20gb (0),1,,13,cupy_copy__complex64_complex64
18092398142,313533,367069,1,1,1,32,32,1,30,0.000,0.000,,,,,NVIDIA A100-SXM4-40GB MIG 4g.20gb (0),1,,13,"void convert_kernel<__half2, float2>(tensor_layout_any, T1 *, tensor_layout_any, const T2 *)"
18092752954,5792,367072,,,,,,,,,,0.094,16176.708,Pinned,Device,NVIDIA A100-SXM4-40GB MIG 4g.20gb (0),1,,13,[CUDA memcpy Host-to-Device]
18093066711,606073,367073,,,,,,,,,,456.561,752869.815,Device,,NVIDIA A100-SXM4-40GB MIG 4g.20gb (0),1,,13,[CUDA memset]
18093678576,53791,367078,,,,,,,,,,1.235,22957.609,Pinned,Device,NVIDIA A100-SXM4-40GB MIG 4g.20gb (0),1,,13,[CUDA memcpy Host-to-Device]
18093735343,10912,367079,,,,,,,,,,0.197,18017.550,Pinned,Device,NVIDIA A100-SXM4-40GB MIG 4g.20gb (0),1,,13,[CUDA memcpy Host-to-Device]
18094121291,18368,367080,69,4,1,48,1,1,76,0.002,0.000,,,,,NVIDIA A100-SXM4-40GB MIG 4g.20gb (0),1,,13,"void ch_est::windowedChEstPreNoDftSOfdmKernel<float, __half, float, (unsigned int)2, (unsigned int)1, (unsigned short)4>(ch_est::puschRxChEstStatDescr_t *, ch_est::puschRxChEstDynDescr_t *)"
18094495783,17568,367081,137,2,1,24,2,1,44,0.001,0.001,,,,,NVIDIA A100-SXM4-40GB MIG 4g.20gb (0),1,,13,"void ch_est::chEstFilterNoDftSOfdmDispatchKernel<float, __half, float, (unsigned int)2>(ch_est::puschRxChEstStatDescr_t *, ch_est::puschRxChEstDynDescr_t *)"
18094867075,12960,367082,137,2,1,24,2,1,44,0.001,0.001,,,,,NVIDIA A100-SXM4-40GB MIG 4g.20gb (0),1,,13,"void ch_est::chEstFilterNoDftSOfdmDispatchKernel<float, __half, float, (unsigned int)2>(ch_est::puschRxChEstStatDescr_t *, ch_est::puschRxChEstDynDescr_t *)"
18095142464,13791,367093,103,1,1,128,1,1,16,0.000,0.000,,,,,NVIDIA A100-SXM4-40GB MIG 4g.20gb (0),1,,13,cupy_copy__complex64_complex64
18095331038,21215,367103,1434,1,1,128,1,1,16,0.000,0.000,,,,,NVIDIA A100-SXM4-40GB MIG 4g.20gb (0),1,,13,cupy_copy__complex64_complex64
18095521275,14848,367110,103,1,1,128,1,1,16,0.000,0.000,,,,,NVIDIA A100-SXM4-40GB MIG 4g.20gb (0),1,,13,cupy_copy__complex64_complex64
18095537595,233886,367117,1,1,1,32,32,1,30,0.000,0.000,,,,,NVIDIA A100-SXM4-40GB MIG 4g.20gb (0),1,,13,"void convert_kernel<__half2, float2>(tensor_layout_any, T1 *, tensor_layout_any, const T2 *)"
18095801496,5376,367120,,,,,,,,,,0.094,17428.487,Pinned,Device,NVIDIA A100-SXM4-40GB MIG 4g.20gb (0),1,,13,[CUDA memcpy Host-to-Device]
18095905943,54719,367121,,,,,,,,,,35.810,654426.288,Device,,NVIDIA A100-SXM4-40GB MIG 4g.20gb (0),1,,13,[CUDA memset]
18095961878,1824,367123,,,,,,,,,,0.000,43.860,Pinned,Device,NVIDIA A100-SXM4-40GB MIG 4g.20gb (0),1,,13,[CUDA memcpy Host-to-Device]
18095966646,10272,367124,,,,,,,,,,0.197,19140.182,Pinned,Device,NVIDIA A100-SXM4-40GB MIG 4g.20gb (0),1,,13,[CUDA memcpy Host-to-Device]
18096123349,22271,367125,273,1,1,48,1,1,40,0.000,0.001,,,,,NVIDIA A100-SXM4-40GB MIG 4g.20gb (0),1,,13,"void pusch_noise_intf_est::noiseIntfEstNoDftSOfdmKernel<float, __half, float, float, (unsigned int)2, (unsigned int)1, (unsigned char)4, (unsigned char)4>(pusch_noise_intf_est::puschRxNoiseIntfEstDynDescr)"
18096312627,10303,367136,35,1,1,128,1,1,16,0.000,0.000,,,,,NVIDIA A100-SXM4-40GB MIG 4g.20gb (0),1,,13,cupy_copy__complex64_complex64
18096324530,3296,367145,1,1,1,1,1,1,18,0.000,0.000,,,,,NVIDIA A100-SXM4-40GB MIG 4g.20gb (0),1,,13,cupy_copy__float32_float32
18096329490,1568,367151,,,,,,,,,,0.000,2.551,Device,Pageable,NVIDIA A100-SXM4-40GB MIG 4g.20gb (0),1,,7,[CUDA memcpy Device-to-Host]
18096501776,19136,367162,1434,1,1,128,1,1,16,0.000,0.000,,,,,NVIDIA A100-SXM4-40GB MIG 4g.20gb (0),1,,13,cupy_copy__complex64_complex64
18096522256,3456,367169,103,1,1,128,1,1,16,0.000,0.000,,,,,NVIDIA A100-SXM4-40GB MIG 4g.20gb (0),1,,13,cupy_copy__complex64_complex64
18096527888,2496,367176,35,1,1,128,1,1,16,0.000,0.000,,,,,NVIDIA A100-SXM4-40GB MIG 4g.20gb (0),1,,13,cupy_copy__complex64_complex64
18096694286,6080,367183,1,1,1,1,1,1,18,0.000,0.000,,,,,NVIDIA A100-SXM4-40GB MIG 4g.20gb (0),1,,13,cupy_copy__float32_float32
18096702862,198462,367194,1,1,1,32,32,1,30,0.000,0.000,,,,,NVIDIA A100-SXM4-40GB MIG 4g.20gb (0),1,,13,"void convert_kernel<__half2, float2>(tensor_layout_any, T1 *, tensor_layout_any, const T2 *)"
18096930252,6016,367197,,,,,,,,,,0.094,15574.430,Pinned,Device,NVIDIA A100-SXM4-40GB MIG 4g.20gb (0),1,,13,[CUDA memcpy Host-to-Device]
18097022859,6624,367198,,,,,,,,,,1.547,233487.639,Device,,NVIDIA A100-SXM4-40GB MIG 4g.20gb (0),1,,13,[CUDA memset]
18097037866,3552,367203,,,,,,,,,,0.031,8810.794,Pinned,Device,NVIDIA A100-SXM4-40GB MIG 4g.20gb (0),1,,13,[CUDA memcpy Host-to-Device]
18097044138,9376,367204,,,,,,,,,,0.197,20969.226,Pinned,Device,NVIDIA A100-SXM4-40GB MIG 4g.20gb (0),1,,13,[CUDA memcpy Host-to-Device]
18097125833,13536,367205,273,1,1,8,4,1,39,0.002,0.000,,,,,NVIDIA A100-SXM4-40GB MIG 4g.20gb (0),1,,13,"void channel_eq::eqMmseCoefCompLowMimoKernel<float, float, float, (unsigned int)4, (unsigned int)1, (unsigned int)4>(const channel_eq::_puschRxChEqStatDescr *, channel_eq::_puschRxChEqCoefCompDynDescr)"
18097142249,8544,367206,273,1,1,12,11,1,51,0.002,0.000,,,,,NVIDIA A100-SXM4-40GB MIG 4g.20gb (0),1,,13,"void channel_eq::eqMmseSoftDemapKernel<float, __half, __half, float, (unsigned int)4, (unsigned short)16383>(channel_eq::_puschRxChEqStatDescr *, channel_eq::_puschRxChEqSoftDemapDynDescr)"
18097153513,578362,367207,1,1,1,32,32,1,30,0.000,0.000,,,,,NVIDIA A100-SXM4-40GB MIG 4g.20gb (0),1,,13,"void convert_kernel<float2, __half2>(tensor_layout_any, T1 *, tensor_layout_any, const T2 *)"
18098033151,23648,367219,2253,1,1,128,1,1,16,0.000,0.000,,,,,NVIDIA A100-SXM4-40GB MIG 4g.20gb (0),1,,13,cupy_copy__float16_float16
18098203485,6080,367228,282,1,1,128,1,1,16,0.000,0.000,,,,,NVIDIA A100-SXM4-40GB MIG 4g.20gb (0),1,,13,cupy_copy__complex64_complex64
18098492474,9152,367237,26,1,1,128,1,1,16,0.000,0.000,,,,,NVIDIA A100-SXM4-40GB MIG 4g.20gb (0),1,,13,cupy_copy__float32_float32
18098805559,14464,367246,103,1,1,128,1,1,16,0.000,0.000,,,,,NVIDIA A100-SXM4-40GB MIG 4g.20gb (0),1,,13,cupy_copy__complex64_complex64
18098987221,26495,367256,1434,1,1,128,1,1,16,0.000,0.000,,,,,NVIDIA A100-SXM4-40GB MIG 4g.20gb (0),1,,13,cupy_copy__complex64_complex64
18099291665,382620,367261,1,1,1,32,32,1,30,0.000,0.000,,,,,NVIDIA A100-SXM4-40GB MIG 4g.20gb (0),1,,13,"void convert_kernel<__half2, float2>(tensor_layout_any, T1 *, tensor_layout_any, const T2 *)"
18099702541,5408,367264,,,,,,,,,,0.094,17325.421,Pinned,Device,NVIDIA A100-SXM4-40GB MIG 4g.20gb (0),1,,13,[CUDA memcpy Host-to-Device]
18099901834,611674,367265,,,,,,,,,,456.561,746021.393,Device,,NVIDIA A100-SXM4-40GB MIG 4g.20gb (0),1,,13,[CUDA memset]
18100516964,50559,367270,,,,,,,,,,1.235,24424.722,Pinned,Device,NVIDIA A100-SXM4-40GB MIG 4g.20gb (0),1,,13,[CUDA memcpy Host-to-Device]
18100570179,9984,367271,,,,,,,,,,0.197,19692.257,Pinned,Device,NVIDIA A100-SXM4-40GB MIG 4g.20gb (0),1,,13,[CUDA memcpy Host-to-Device]
18100793952,21760,367272,69,4,1,48,1,1,76,0.002,0.000,,,,,NVIDIA A100-SXM4-40GB MIG 4g.20gb (0),1,,13,"void ch_est::windowedChEstPreNoDftSOfdmKernel<float, __half, float, (unsigned int)2, (unsigned int)1, (unsigned short)4>(ch_est::puschRxChEstStatDescr_t *, ch_est::puschRxChEstDynDescr_t *)"
18101012766,25312,367273,137,2,1,24,2,1,44,0.001,0.001,,,,,NVIDIA A100-SXM4-40GB MIG 4g.20gb (0),1,,13,"void ch_est::chEstFilterNoDftSOfdmDispatchKernel<float, __half, float, (unsigned int)2>(ch_est::puschRxChEstStatDescr_t *, ch_est::puschRxChEstDynDescr_t *)"
18101087261,24320,367274,137,2,1,24,2,1,44,0.001,0.001,,,,,NVIDIA A100-SXM4-40GB MIG 4g.20gb (0),1,,13,"void ch_est::chEstFilterNoDftSOfdmDispatchKernel<float, __half, float, (unsigned int)2>(ch_est::puschRxChEstStatDescr_t *, ch_est::puschRxChEstDynDescr_t *)"
18101304827,11840,367285,103,1,1,128,1,1,16,0.000,0.000,,,,,NVIDIA A100-SXM4-40GB MIG 4g.20gb (0),1,,13,cupy_copy__complex64_complex64
18101319099,17535,367295,1434,1,1,128,1,1,16,0.000,0.000,,,,,NVIDIA A100-SXM4-40GB MIG 4g.20gb (0),1,,13,cupy_copy__complex64_complex64
18101338874,2208,367302,103,1,1,128,1,1,16,0.000,0.000,,,,,NVIDIA A100-SXM4-40GB MIG 4g.20gb (0),1,,13,cupy_copy__complex64_complex64
18101342778,81375,367309,1,1,1,32,32,1,30,0.000,0.000,,,,,NVIDIA A100-SXM4-40GB MIG 4g.20gb (0),1,,13,"void convert_kernel<__half2, float2>(tensor_layout_any, T1 *, tensor_layout_any, const T2 *)"
18101453433,6368,367312,,,,,,,,,,0.094,14713.551,Pinned,Device,NVIDIA A100-SXM4-40GB MIG 4g.20gb (0),1,,13,[CUDA memcpy Host-to-Device]
18101594520,51487,367313,,,,,,,,,,35.810,695500.266,Device,,NVIDIA A100-SXM4-40GB MIG 4g.20gb (0),1,,13,[CUDA memset]
18101651991,2784,367315,,,,,,,,,,0.000,28.736,Pinned,Device,NVIDIA A100-SXM4-40GB MIG 4g.20gb (0),1,,13,[CUDA memcpy Host-to-Device]
18101657239,10080,367316,,,,,,,,,,0.197,19504.693,Pinned,Device,NVIDIA A100-SXM4-40GB MIG 4g.20gb (0),1,,13,[CUDA memcpy Host-to-Device]
18101924724,15072,367317,273,1,1,48,1,1,40,0.000,0.001,,,,,NVIDIA A100-SXM4-40GB MIG 4g.20gb (0),1,,13,"void pusch_noise_intf_est::noiseIntfEstNoDftSOfdmKernel<float, __half, float, float, (unsigned int)2, (unsigned int)1, (unsigned char)4, (unsigned char)4>(pusch_noise_intf_est::puschRxNoiseIntfEstDynDescr)"
18102013459,6624,367328,35,1,1,128,1,1,16,0.000,0.000,,,,,NVIDIA A100-SXM4-40GB MIG 4g.20gb (0),1,,13,cupy_copy__complex64_complex64
18102023091,3200,367337,1,1,1,1,1,1,18,0.000,0.000,,,,,NVIDIA A100-SXM4-40GB MIG 4g.20gb (0),1,,13,cupy_copy__float32_float32
18102027507,2016,367343,,,,,,,,,,0.000,1.984,Device,Pageable,NVIDIA A100-SXM4-40GB MIG 4g.20gb (0),1,,7,[CUDA memcpy Device-to-Host]
18102088274,12832,367354,1434,1,1,128,1,1,16,0.000,0.000,,,,,NVIDIA A100-SXM4-40GB MIG 4g.20gb (0),1,,13,cupy_copy__complex64_complex64
18102185329,5440,367361,103,1,1,128,1,1,16,0.000,0.000,,,,,NVIDIA A100-SXM4-40GB MIG 4g.20gb (0),1,,13,cupy_copy__complex64_complex64
18102192305,4000,367368,35,1,1,128,1,1,16,0.000,0.000,,,,,NVIDIA A100-SXM4-40GB MIG 4g.20gb (0),1,,13,cupy_copy__complex64_complex64
18102197937,3520,367375,1,1,1,1,1,1,18,0.000,0.000,,,,,NVIDIA A100-SXM4-40GB MIG 4g.20gb (0),1,,13,cupy_copy__float32_float32
18102360239,444123,367386,1,1,1,32,32,1,30,0.000,0.000,,,,,NVIDIA A100-SXM4-40GB MIG 4g.20gb (0),1,,13,"void convert_kernel<__half2, float2>(tensor_layout_any, T1 *, tensor_layout_any, const T2 *)"
18102833066,5600,367389,,,,,,,,,,0.094,16731.388,Pinned,Device,NVIDIA A100-SXM4-40GB MIG 4g.20gb (0),1,,13,[CUDA memcpy Host-to-Device]
18102849673,3616,367390,,,,,,,,,,1.547,427715.774,Device,,NVIDIA A100-SXM4-40GB MIG 4g.20gb (0),1,,13,[CUDA memset]
18102855113,3360,367395,,,,,,,,,,0.031,9314.284,Pinned,Device,NVIDIA A100-SXM4-40GB MIG 4g.20gb (0),1,,13,[CUDA memcpy Host-to-Device]
18102860937,9728,367396,,,,,,,,,,0.197,20210.516,Pinned,Device,NVIDIA A100-SXM4-40GB MIG 4g.20gb (0),1,,13,[CUDA memcpy Host-to-Device]
18103080391,18272,367397,273,1,1,8,4,1,39,0.002,0.000,,,,,NVIDIA A100-SXM4-40GB MIG 4g.20gb (0),1,,13,"void channel_eq::eqMmseCoefCompLowMimoKernel<float, float, float, (unsigned int)4, (unsigned int)1, (unsigned int)4>(const channel_eq::_puschRxChEqStatDescr *, channel_eq::_puschRxChEqCoefCompDynDescr)"
18103222917,17760,367398,273,1,1,12,11,1,51,0.002,0.000,,,,,NVIDIA A100-SXM4-40GB MIG 4g.20gb (0),1,,13,"void channel_eq::eqMmseSoftDemapKernel<float, __half, __half, float, (unsigned int)4, (unsigned short)16383>(channel_eq::_puschRxChEqStatDescr *, channel_eq::_puschRxChEqSoftDemapDynDescr)"
18103692128,752664,367399,1,1,1,32,32,1,30,0.000,0.000,,,,,NVIDIA A100-SXM4-40GB MIG 4g.20gb (0),1,,13,"void convert_kernel<float2, __half2>(tensor_layout_any, T1 *, tensor_layout_any, const T2 *)"
18104865427,19520,367411,2253,1,1,128,1,1,16,0.000,0.000,,,,,NVIDIA A100-SXM4-40GB MIG 4g.20gb (0),1,,13,cupy_copy__float16_float16
18105075313,6112,367420,282,1,1,128,1,1,16,0.000,0.000,,,,,NVIDIA A100-SXM4-40GB MIG 4g.20gb (0),1,,13,cupy_copy__complex64_complex64
18105422509,5440,367429,26,1,1,128,1,1,16,0.000,0.000,,,,,NVIDIA A100-SXM4-40GB MIG 4g.20gb (0),1,,13,cupy_copy__float32_float32
18105791593,9471,367438,103,1,1,128,1,1,16,0.000,0.000,,,,,NVIDIA A100-SXM4-40GB MIG 4g.20gb (0),1,,13,cupy_copy__complex64_complex64
18106252771,19808,367454,1434,1,1,128,1,1,16,0.000,0.000,,,,,NVIDIA A100-SXM4-40GB MIG 4g.20gb (0),1,,13,cupy_copy__complex64_complex64
18106461377,232222,367459,1,1,1,32,32,1,30,0.000,0.000,,,,,NVIDIA A100-SXM4-40GB MIG 4g.20gb (0),1,,13,"void convert_kernel<__half2, float2>(tensor_layout_any, T1 *, tensor_layout_any, const T2 *)"
18106722910,5408,367462,,,,,,,,,,0.094,17325.421,Pinned,Device,NVIDIA A100-SXM4-40GB MIG 4g.20gb (0),1,,13,[CUDA memcpy Host-to-Device]
18106829757,602553,367463,,,,,,,,,,456.561,757435.429,Device,,NVIDIA A100-SXM4-40GB MIG 4g.20gb (0),1,,13,[CUDA memset]
18107437494,49824,367468,,,,,,,,,,1.235,24785.326,Pinned,Device,NVIDIA A100-SXM4-40GB MIG 4g.20gb (0),1,,13,[CUDA memcpy Host-to-Device]
18107489878,9440,367469,,,,,,,,,,0.197,20827.079,Pinned,Device,NVIDIA A100-SXM4-40GB MIG 4g.20gb (0),1,,13,[CUDA memcpy Host-to-Device]
18107805682,8736,367470,69,4,1,48,1,1,76,0.002,0.000,,,,,NVIDIA A100-SXM4-40GB MIG 4g.20gb (0),1,,13,"void ch_est::windowedChEstPreNoDftSOfdmKernel<float, __half, float, (unsigned int)2, (unsigned int)1, (unsigned short)4>(ch_est::puschRxChEstStatDescr_t *, ch_est::puschRxChEstDynDescr_t *)"
18107915153,9632,367471,137,2,1,24,2,1,44,0.001,0.001,,,,,NVIDIA A100-SXM4-40GB MIG 4g.20gb (0),1,,13,"void ch_est::chEstFilterNoDftSOfdmDispatchKernel<float, __half, float, (unsigned int)2>(ch_est::puschRxChEstStatDescr_t *, ch_est::puschRxChEstDynDescr_t *)"
18107929937,5888,367472,137,2,1,24,2,1,44,0.001,0.001,,,,,NVIDIA A100-SXM4-40GB MIG 4g.20gb (0),1,,13,"void ch_est::chEstFilterNoDftSOfdmDispatchKernel<float, __half, float, (unsigned int)2>(ch_est::puschRxChEstStatDescr_t *, ch_est::puschRxChEstDynDescr_t *)"
18107938001,2496,367483,103,1,1,128,1,1,16,0.000,0.000,,,,,NVIDIA A100-SXM4-40GB MIG 4g.20gb (0),1,,13,cupy_copy__complex64_complex64
18107942097,12767,367493,1434,1,1,128,1,1,16,0.000,0.000,,,,,NVIDIA A100-SXM4-40GB MIG 4g.20gb (0),1,,13,cupy_copy__complex64_complex64
18107956880,2496,367500,103,1,1,128,1,1,16,0.000,0.000,,,,,NVIDIA A100-SXM4-40GB MIG 4g.20gb (0),1,,13,cupy_copy__complex64_complex64
18107960944,79711,367507,1,1,1,32,32,1,30,0.000,0.000,,,,,NVIDIA A100-SXM4-40GB MIG 4g.20gb (0),1,,13,"void convert_kernel<__half2, float2>(tensor_layout_any, T1 *, tensor_layout_any, const T2 *)"
18108070319,5376,367510,,,,,,,,,,0.094,17428.487,Pinned,Device,NVIDIA A100-SXM4-40GB MIG 4g.20gb (0),1,,13,[CUDA memcpy Host-to-Device]
18108083055,46463,367511,,,,,,,,,,35.810,770701.098,Device,,NVIDIA A100-SXM4-40GB MIG 4g.20gb (0),1,,13,[CUDA memset]
18108135534,1888,367513,,,,,,,,,,0.000,42.373,Pinned,Device,NVIDIA A100-SXM4-40GB MIG 4g.20gb (0),1,,13,[CUDA memcpy Host-to-Device]
18108139886,9504,367514,,,,,,,,,,0.197,20686.701,Pinned,Device,NVIDIA A100-SXM4-40GB MIG 4g.20gb (0),1,,13,[CUDA memcpy Host-to-Device]
18108154062,8704,367515,273,1,1,48,1,1,40,0.000,0.001,,,,,NVIDIA A100-SXM4-40GB MIG 4g.20gb (0),1,,13,"void pusch_noise_intf_est::noiseIntfEstNoDftSOfdmKernel<float, __half, float, float, (unsigned int)2, (unsigned int)1, (unsigned char)4, (unsigned char)4>(pusch_noise_intf_est::puschRxNoiseIntfEstDynDescr)"
18108164558,2848,367526,35,1,1,128,1,1,16,0.000,0.000,,,,,NVIDIA A100-SXM4-40GB MIG 4g.20gb (0),1,,13,cupy_copy__complex64_complex64
18108191502,1888,367535,1,1,1,1,1,1,18,0.000,0.000,,,,,NVIDIA A100-SXM4-40GB MIG 4g.20gb (0),1,,13,cupy_copy__float32_float32
18108225421,1600,367541,,,,,,,,,,0.000,2.500,Device,Pageable,NVIDIA A100-SXM4-40GB MIG 4g.20gb (0),1,,7,[CUDA memcpy Device-to-Host]
18108295853,13855,367552,1434,1,1,128,1,1,16,0.000,0.000,,,,,NVIDIA A100-SXM4-40GB MIG 4g.20gb (0),1,,13,cupy_copy__complex64_complex64
18108333260,2720,367559,103,1,1,128,1,1,16,0.000,0.000,,,,,NVIDIA A100-SXM4-40GB MIG 4g.20gb (0),1,,13,cupy_copy__complex64_complex64
18108356972,2240,367566,35,1,1,128,1,1,16,0.000,0.000,,,,,NVIDIA A100-SXM4-40GB MIG 4g.20gb (0),1,,13,cupy_copy__complex64_complex64
18108380844,1856,367573,1,1,1,1,1,1,18,0.000,0.000,,,,,NVIDIA A100-SXM4-40GB MIG 4g.20gb (0),1,,13,cupy_copy__float32_float32
18108524426,80383,367584,1,1,1,32,32,1,30,0.000,0.000,,,,,NVIDIA A100-SXM4-40GB MIG 4g.20gb (0),1,,13,"void convert_kernel<__half2, float2>(tensor_layout_any, T1 *, tensor_layout_any, const T2 *)"
18108633289,5408,367587,,,,,,,,,,0.094,17325.421,Pinned,Device,NVIDIA A100-SXM4-40GB MIG 4g.20gb (0),1,,13,[CUDA memcpy Host-to-Device]
18108693576,4896,367588,,,,,,,,,,1.547,315894.859,Device,,NVIDIA A100-SXM4-40GB MIG 4g.20gb (0),1,,13,[CUDA memset]
18108705480,3168,367593,,,,,,,,,,0.031,9878.770,Pinned,Device,NVIDIA A100-SXM4-40GB MIG 4g.20gb (0),1,,13,[CUDA memcpy Host-to-Device]
18108711784,9600,367594,,,,,,,,,,0.197,20479.869,Pinned,Device,NVIDIA A100-SXM4-40GB MIG 4g.20gb (0),1,,13,[CUDA memcpy Host-to-Device]
18108907462,25055,367595,273,1,1,8,4,1,39,0.002,0.000,,,,,NVIDIA A100-SXM4-40GB MIG 4g.20gb (0),1,,13,"void channel_eq::eqMmseCoefCompLowMimoKernel<float, float, float, (unsigned int)4, (unsigned int)1, (unsigned int)4>(const channel_eq::_puschRxChEqStatDescr *, channel_eq::_puschRxChEqCoefCompDynDescr)"
18108967205,14688,367596,273,1,1,12,11,1,51,0.002,0.000,,,,,NVIDIA A100-SXM4-40GB MIG 4g.20gb (0),1,,13,"void channel_eq::eqMmseSoftDemapKernel<float, __half, __half, float, (unsigned int)4, (unsigned short)16383>(channel_eq::_puschRxChEqStatDescr *, channel_eq::_puschRxChEqSoftDemapDynDescr)"
18109266530,802967,367597,1,1,1,32,32,1,30,0.000,0.000,,,,,NVIDIA A100-SXM4-40GB MIG 4g.20gb (0),1,,13,"void convert_kernel<float2, __half2>(tensor_layout_any, T1 *, tensor_layout_any, const T2 *)"
18110445493,15647,367609,2253,1,1,128,1,1,16,0.000,0.000,,,,,NVIDIA A100-SXM4-40GB MIG 4g.20gb (0),1,,13,cupy_copy__float16_float16
18110922191,7232,367618,282,1,1,128,1,1,16,0.000,0.000,,,,,NVIDIA A100-SXM4-40GB MIG 4g.20gb (0),1,,13,cupy_copy__complex64_complex64
18111172460,6656,367627,26,1,1,128,1,1,16,0.000,0.000,,,,,NVIDIA A100-SXM4-40GB MIG 4g.20gb (0),1,,13,cupy_copy__float32_float32
18111383178,9472,367636,103,1,1,128,1,1,16,0.000,0.000,,,,,NVIDIA A100-SXM4-40GB MIG 4g.20gb (0),1,,13,cupy_copy__complex64_complex64
18111759366,24128,367646,1434,1,1,128,1,1,16,0.000,0.000,,,,,NVIDIA A100-SXM4-40GB MIG 4g.20gb (0),1,,13,cupy_copy__complex64_complex64
18112234817,334204,367651,1,1,1,32,32,1,30,0.000,0.000,,,,,NVIDIA A100-SXM4-40GB MIG 4g.20gb (0),1,,13,"void convert_kernel<__half2, float2>(tensor_layout_any, T1 *, tensor_layout_any, const T2 *)"
18112598525,7807,367654,,,,,,,,,,0.094,12001.521,Pinned,Device,NVIDIA A100-SXM4-40GB MIG 4g.20gb (0),1,,13,[CUDA memcpy Host-to-Device]
18112769819,608569,367655,,,,,,,,,,456.561,750130.446,Device,,NVIDIA A100-SXM4-40GB MIG 4g.20gb (0),1,,13,[CUDA memset]
18113382420,52639,367660,,,,,,,,,,1.235,23460.231,Pinned,Device,NVIDIA A100-SXM4-40GB MIG 4g.20gb (0),1,,13,[CUDA memcpy Host-to-Device]
18113437555,9888,367661,,,,,,,,,,0.197,19883.360,Pinned,Device,NVIDIA A100-SXM4-40GB MIG 4g.20gb (0),1,,13,[CUDA memcpy Host-to-Device]
18113562962,12992,367662,69,4,1,48,1,1,76,0.002,0.000,,,,,NVIDIA A100-SXM4-40GB MIG 4g.20gb (0),1,,13,"void ch_est::windowedChEstPreNoDftSOfdmKernel<float, __half, float, (unsigned int)2, (unsigned int)1, (unsigned short)4>(ch_est::puschRxChEstStatDescr_t *, ch_est::puschRxChEstDynDescr_t *)"
18113668017,11743,367663,137,2,1,24,2,1,44,0.001,0.001,,,,,NVIDIA A100-SXM4-40GB MIG 4g.20gb (0),1,,13,"void ch_est::chEstFilterNoDftSOfdmDispatchKernel<float, __half, float, (unsigned int)2>(ch_est::puschRxChEstStatDescr_t *, ch_est::puschRxChEstDynDescr_t *)"
18113681072,6720,367664,137,2,1,24,2,1,44,0.001,0.001,,,,,NVIDIA A100-SXM4-40GB MIG 4g.20gb (0),1,,13,"void ch_est::chEstFilterNoDftSOfdmDispatchKernel<float, __half, float, (unsigned int)2>(ch_est::puschRxChEstStatDescr_t *, ch_est::puschRxChEstDynDescr_t *)"
18113783759,7904,367675,103,1,1,128,1,1,16,0.000,0.000,,,,,NVIDIA A100-SXM4-40GB MIG 4g.20gb (0),1,,13,cupy_copy__complex64_complex64
18113794031,18368,367685,1434,1,1,128,1,1,16,0.000,0.000,,,,,NVIDIA A100-SXM4-40GB MIG 4g.20gb (0),1,,13,cupy_copy__complex64_complex64
18113900526,7424,367692,103,1,1,128,1,1,16,0.000,0.000,,,,,NVIDIA A100-SXM4-40GB MIG 4g.20gb (0),1,,13,cupy_copy__complex64_complex64
18113909742,188446,367699,1,1,1,32,32,1,30,0.000,0.000,,,,,NVIDIA A100-SXM4-40GB MIG 4g.20gb (0),1,,13,"void convert_kernel<__half2, float2>(tensor_layout_any, T1 *, tensor_layout_any, const T2 *)"
18114127339,6080,367702,,,,,,,,,,0.094,15410.462,Pinned,Device,NVIDIA A100-SXM4-40GB MIG 4g.20gb (0),1,,13,[CUDA memcpy Host-to-Device]
18114168907,51647,367703,,,,,,,,,,35.810,693351.671,Device,,NVIDIA A100-SXM4-40GB MIG 4g.20gb (0),1,,13,[CUDA memset]
18114222314,2080,367705,,,,,,,,,,0.000,38.462,Pinned,Device,NVIDIA A100-SXM4-40GB MIG 4g.20gb (0),1,,13,[CUDA memcpy Host-to-Device]
18114227082,9664,367706,,,,,,,,,,0.197,20344.209,Pinned,Device,NVIDIA A100-SXM4-40GB MIG 4g.20gb (0),1,,13,[CUDA memcpy Host-to-Device]
18114423560,19456,367707,273,1,1,48,1,1,40,0.000,0.001,,,,,NVIDIA A100-SXM4-40GB MIG 4g.20gb (0),1,,13,"void pusch_noise_intf_est::noiseIntfEstNoDftSOfdmKernel<float, __half, float, float, (unsigned int)2, (unsigned int)1, (unsigned char)4, (unsigned char)4>(pusch_noise_intf_est::puschRxNoiseIntfEstDynDescr)"
18114444392,3616,367718,35,1,1,128,1,1,16,0.000,0.000,,,,,NVIDIA A100-SXM4-40GB MIG 4g.20gb (0),1,,13,cupy_copy__complex64_complex64
18114652454,3808,367727,1,1,1,1,1,1,18,0.000,0.000,,,,,NVIDIA A100-SXM4-40GB MIG 4g.20gb (0),1,,13,cupy_copy__float32_float32
18114659877,1600,367733,,,,,,,,,,0.000,2.500,Device,Pageable,NVIDIA A100-SXM4-40GB MIG 4g.20gb (0),1,,7,[CUDA memcpy Device-to-Host]
18114723013,13984,367744,1434,1,1,128,1,1,16,0.000,0.000,,,,,NVIDIA A100-SXM4-40GB MIG 4g.20gb (0),1,,13,cupy_copy__complex64_complex64
18114936738,6816,367751,103,1,1,128,1,1,16,0.000,0.000,,,,,NVIDIA A100-SXM4-40GB MIG 4g.20gb (0),1,,13,cupy_copy__complex64_complex64
18114945090,4960,367758,35,1,1,128,1,1,16,0.000,0.000,,,,,NVIDIA A100-SXM4-40GB MIG 4g.20gb (0),1,,13,cupy_copy__complex64_complex64
18114951650,1888,367765,1,1,1,1,1,1,18,0.000,0.000,,,,,NVIDIA A100-SXM4-40GB MIG 4g.20gb (0),1,,13,cupy_copy__float32_float32
18114956002,225406,367776,1,1,1,32,32,1,30,0.000,0.000,,,,,NVIDIA A100-SXM4-40GB MIG 4g.20gb (0),1,,13,"void convert_kernel<__half2, float2>(tensor_layout_any, T1 *, tensor_layout_any, const T2 *)"
18115209759,5440,367779,,,,,,,,,,0.094,17223.480,Pinned,Device,NVIDIA A100-SXM4-40GB MIG 4g.20gb (0),1,,13,[CUDA memcpy Host-to-Device]
18115397405,11200,367780,,,,,,,,,,1.547,138090.324,Device,,NVIDIA A100-SXM4-40GB MIG 4g.20gb (0),1,,13,[CUDA memset]
18115416413,4672,367785,,,,,,,,,,0.031,6698.627,Pinned,Device,NVIDIA A100-SXM4-40GB MIG 4g.20gb (0),1,,13,[CUDA memcpy Host-to-Device]
18115424829,10272,367786,,,,,,,,,,0.197,19140.182,Pinned,Device,NVIDIA A100-SXM4-40GB MIG 4g.20gb (0),1,,13,[CUDA memcpy Host-to-Device]
18115663866,17664,367787,273,1,1,8,4,1,39,0.002,0.000,,,,,NVIDIA A100-SXM4-40GB MIG 4g.20gb (0),1,,13,"void channel_eq::eqMmseCoefCompLowMimoKernel<float, float, float, (unsigned int)4, (unsigned int)1, (unsigned int)4>(const channel_eq::_puschRxChEqStatDescr *, channel_eq::_puschRxChEqCoefCompDynDescr)"
18116000662,20576,367788,273,1,1,12,11,1,51,0.002,0.000,,,,,NVIDIA A100-SXM4-40GB MIG 4g.20gb (0),1,,13,"void channel_eq::eqMmseSoftDemapKernel<float, __half, __half, float, (unsigned int)4, (unsigned short)16383>(channel_eq::_puschRxChEqStatDescr *, channel_eq::_puschRxChEqSoftDemapDynDescr)"
18116141557,792599,367789,1,1,1,32,32,1,30,0.000,0.000,,,,,NVIDIA A100-SXM4-40GB MIG 4g.20gb (0),1,,13,"void convert_kernel<float2, __half2>(tensor_layout_any, T1 *, tensor_layout_any, const T2 *)"
18117290184,20576,367801,2253,1,1,128,1,1,16,0.000,0.000,,,,,NVIDIA A100-SXM4-40GB MIG 4g.20gb (0),1,,13,cupy_copy__float16_float16
18117487686,5376,367810,282,1,1,128,1,1,16,0.000,0.000,,,,,NVIDIA A100-SXM4-40GB MIG 4g.20gb (0),1,,13,cupy_copy__complex64_complex64
18117544773,13056,367819,26,1,1,128,1,1,16,0.000,0.000,,,,,NVIDIA A100-SXM4-40GB MIG 4g.20gb (0),1,,13,cupy_copy__float32_float32
18117652644,5728,367828,103,1,1,128,1,1,16,0.000,0.000,,,,,NVIDIA A100-SXM4-40GB MIG 4g.20gb (0),1,,13,cupy_copy__complex64_complex64
18117710819,35840,367838,1434,1,1,128,1,1,16,0.000,0.000,,,,,NVIDIA A100-SXM4-40GB MIG 4g.20gb (0),1,,13,cupy_copy__complex64_complex64
18117889153,446075,367843,1,1,1,32,32,1,30,0.000,0.000,,,,,NVIDIA A100-SXM4-40GB MIG 4g.20gb (0),1,,13,"void convert_kernel<__half2, float2>(tensor_layout_any, T1 *, tensor_layout_any, const T2 *)"
18118376828,5472,367846,,,,,,,,,,0.094,17122.757,Pinned,Device,NVIDIA A100-SXM4-40GB MIG 4g.20gb (0),1,,13,[CUDA memcpy Host-to-Device]
18118395804,609529,367847,,,,,,,,,,456.561,748760.762,Device,,NVIDIA A100-SXM4-40GB MIG 4g.20gb (0),1,,13,[CUDA memset]
18119010997,56607,367852,,,,,,,,,,1.235,21815.286,Pinned,Device,NVIDIA A100-SXM4-40GB MIG 4g.20gb (0),1,,13,[CUDA memcpy Host-to-Device]
18119069748,12480,367853,,,,,,,,,,0.197,15753.806,Pinned,Device,NVIDIA A100-SXM4-40GB MIG 4g.20gb (0),1,,13,[CUDA memcpy Host-to-Device]
18119207667,18655,367854,69,4,1,48,1,1,76,0.002,0.000,,,,,NVIDIA A100-SXM4-40GB MIG 4g.20gb (0),1,,13,"void ch_est::windowedChEstPreNoDftSOfdmKernel<float, __half, float, (unsigned int)2, (unsigned int)1, (unsigned short)4>(ch_est::puschRxChEstStatDescr_t *, ch_est::puschRxChEstDynDescr_t *)"
18119614926,24832,367855,137,2,1,24,2,1,44,0.001,0.001,,,,,NVIDIA A100-SXM4-40GB MIG 4g.20gb (0),1,,13,"void ch_est::chEstFilterNoDftSOfdmDispatchKernel<float, __half, float, (unsigned int)2>(ch_est::puschRxChEstStatDescr_t *, ch_est::puschRxChEstDynDescr_t *)"
18119829420,33951,367856,137,2,1,24,2,1,44,0.001,0.001,,,,,NVIDIA A100-SXM4-40GB MIG 4g.20gb (0),1,,13,"void ch_est::chEstFilterNoDftSOfdmDispatchKernel<float, __half, float, (unsigned int)2>(ch_est::puschRxChEstStatDescr_t *, ch_est::puschRxChEstDynDescr_t *)"
18120028233,11840,367867,103,1,1,128,1,1,16,0.000,0.000,,,,,NVIDIA A100-SXM4-40GB MIG 4g.20gb (0),1,,13,cupy_copy__complex64_complex64
18120230663,19424,367877,1434,1,1,128,1,1,16,0.000,0.000,,,,,NVIDIA A100-SXM4-40GB MIG 4g.20gb (0),1,,13,cupy_copy__complex64_complex64
18120500420,7360,367884,103,1,1,128,1,1,16,0.000,0.000,,,,,NVIDIA A100-SXM4-40GB MIG 4g.20gb (0),1,,13,cupy_copy__complex64_complex64
18121078814,320380,367891,1,1,1,32,32,1,30,0.000,0.000,,,,,NVIDIA A100-SXM4-40GB MIG 4g.20gb (0),1,,13,"void convert_kernel<__half2, float2>(tensor_layout_any, T1 *, tensor_layout_any, const T2 *)"
18121427994,6080,367894,,,,,,,,,,0.094,15410.462,Pinned,Device,NVIDIA A100-SXM4-40GB MIG 4g.20gb (0),1,,13,[CUDA memcpy Host-to-Device]
18121925204,58048,367895,,,,,,,,,,35.810,616897.492,Device,,NVIDIA A100-SXM4-40GB MIG 4g.20gb (0),1,,13,[CUDA memset]
18121990644,2335,367897,,,,,,,,,,0.000,34.261,Pinned,Device,NVIDIA A100-SXM4-40GB MIG 4g.20gb (0),1,,13,[CUDA memcpy Host-to-Device]
18121995443,10080,367898,,,,,,,,,,0.197,19504.693,Pinned,Device,NVIDIA A100-SXM4-40GB MIG 4g.20gb (0),1,,13,[CUDA memcpy Host-to-Device]
18122643052,34016,367899,273,1,1,48,1,1,40,0.000,0.001,,,,,NVIDIA A100-SXM4-40GB MIG 4g.20gb (0),1,,13,"void pusch_noise_intf_est::noiseIntfEstNoDftSOfdmKernel<float, __half, float, float, (unsigned int)2, (unsigned int)1, (unsigned char)4, (unsigned char)4>(pusch_noise_intf_est::puschRxNoiseIntfEstDynDescr)"
18123110215,4608,367910,35,1,1,128,1,1,16,0.000,0.000,,,,,NVIDIA A100-SXM4-40GB MIG 4g.20gb (0),1,,13,cupy_copy__complex64_complex64
18123787103,3808,367919,1,1,1,1,1,1,18,0.000,0.000,,,,,NVIDIA A100-SXM4-40GB MIG 4g.20gb (0),1,,13,cupy_copy__float32_float32
18123793631,1760,367925,,,,,,,,,,0.000,2.273,Device,Pageable,NVIDIA A100-SXM4-40GB MIG 4g.20gb (0),1,,7,[CUDA memcpy Device-to-Host]
18124250074,19328,367936,1434,1,1,128,1,1,16,0.000,0.000,,,,,NVIDIA A100-SXM4-40GB MIG 4g.20gb (0),1,,13,cupy_copy__complex64_complex64
18124726357,3584,367943,103,1,1,128,1,1,16,0.000,0.000,,,,,NVIDIA A100-SXM4-40GB MIG 4g.20gb (0),1,,13,cupy_copy__complex64_complex64
18124788628,14592,367950,35,1,1,128,1,1,16,0.000,0.000,,,,,NVIDIA A100-SXM4-40GB MIG 4g.20gb (0),1,,13,cupy_copy__complex64_complex64
18124965746,2944,367957,1,1,1,1,1,1,18,0.000,0.000,,,,,NVIDIA A100-SXM4-40GB MIG 4g.20gb (0),1,,13,cupy_copy__float32_float32
18125023026,321500,367968,1,1,1,32,32,1,30,0.000,0.000,,,,,NVIDIA A100-SXM4-40GB MIG 4g.20gb (0),1,,13,"void convert_kernel<__half2, float2>(tensor_layout_any, T1 *, tensor_layout_any, const T2 *)"
18125383310,6272,367971,,,,,,,,,,0.094,14938.703,Pinned,Device,NVIDIA A100-SXM4-40GB MIG 4g.20gb (0),1,,13,[CUDA memcpy Host-to-Device]
18125492012,15200,367972,,,,,,,,,,1.547,101750.846,Device,,NVIDIA A100-SXM4-40GB MIG 4g.20gb (0),1,,13,[CUDA memset]
18125509484,3808,367977,,,,,,,,,,0.031,8218.486,Pinned,Device,NVIDIA A100-SXM4-40GB MIG 4g.20gb (0),1,,13,[CUDA memcpy Host-to-Device]
18125515788,10208,367978,,,,,,,,,,0.197,19260.113,Pinned,Device,NVIDIA A100-SXM4-40GB MIG 4g.20gb (0),1,,13,[CUDA memcpy Host-to-Device]
18125584747,16288,367979,273,1,1,8,4,1,39,0.002,0.000,,,,,NVIDIA A100-SXM4-40GB MIG 4g.20gb (0),1,,13,"void channel_eq::eqMmseCoefCompLowMimoKernel<float, float, float, (unsigned int)4, (unsigned int)1, (unsigned int)4>(const channel_eq::_puschRxChEqStatDescr *, channel_eq::_puschRxChEqCoefCompDynDescr)"
18125604203,8768,367980,273,1,1,12,11,1,51,0.002,0.000,,,,,NVIDIA A100-SXM4-40GB MIG 4g.20gb (0),1,,13,"void channel_eq::eqMmseSoftDemapKernel<float, __half, __half, float, (unsigned int)4, (unsigned short)16383>(channel_eq::_puschRxChEqStatDescr *, channel_eq::_puschRxChEqSoftDemapDynDescr)"
18125614891,281501,367981,1,1,1,32,32,1,30,0.000,0.000,,,,,NVIDIA A100-SXM4-40GB MIG 4g.20gb (0),1,,13,"void convert_kernel<float2, __half2>(tensor_layout_any, T1 *, tensor_layout_any, const T2 *)"
18125898344,10560,367993,2253,1,1,128,1,1,16,0.000,0.000,,,,,NVIDIA A100-SXM4-40GB MIG 4g.20gb (0),1,,13,cupy_copy__float16_float16
18125910440,2784,368002,282,1,1,128,1,1,16,0.000,0.000,,,,,NVIDIA A100-SXM4-40GB MIG 4g.20gb (0),1,,13,cupy_copy__complex64_complex64
18125917128,2080,368011,26,1,1,128,1,1,16,0.000,0.000,,,,,NVIDIA A100-SXM4-40GB MIG 4g.20gb (0),1,,13,cupy_copy__float32_float32
18125921192,2880,368020,103,1,1,128,1,1,16,0.000,0.000,,,,,NVIDIA A100-SXM4-40GB MIG 4g.20gb (0),1,,13,cupy_copy__complex64_complex64
18125926280,11807,368030,1434,1,1,128,1,1,16,0.000,0.000,,,,,NVIDIA A100-SXM4-40GB MIG 4g.20gb (0),1,,13,cupy_copy__complex64_complex64
18125939303,79327,368035,1,1,1,32,32,1,30,0.000,0.000,,,,,NVIDIA A100-SXM4-40GB MIG 4g.20gb (0),1,,13,"void convert_kernel<__half2, float2>(tensor_layout_any, T1 *, tensor_layout_any, const T2 *)"
18126047046,5376,368038,,,,,,,,,,0.094,17428.487,Pinned,Device,NVIDIA A100-SXM4-40GB MIG 4g.20gb (0),1,,13,[CUDA memcpy Host-to-Device]
18126058502,605209,368039,,,,,,,,,,456.561,754239.499,Device,,NVIDIA A100-SXM4-40GB MIG 4g.20gb (0),1,,13,[CUDA memset]
18126665599,51648,368044,,,,,,,,,,1.235,23909.751,Pinned,Device,NVIDIA A100-SXM4-40GB MIG 4g.20gb (0),1,,13,[CUDA memcpy Host-to-Device]
18126721407,11424,368045,,,,,,,,,,0.197,17210.081,Pinned,Device,NVIDIA A100-SXM4-40GB MIG 4g.20gb (0),1,,13,[CUDA memcpy Host-to-Device]
18126971900,31647,368046,69,4,1,48,1,1,76,0.002,0.000,,,,,NVIDIA A100-SXM4-40GB MIG 4g.20gb (0),1,,13,"void ch_est::windowedChEstPreNoDftSOfdmKernel<float, __half, float, (unsigned int)2, (unsigned int)1, (unsigned short)4>(ch_est::puschRxChEstStatDescr_t *, ch_est::puschRxChEstDynDescr_t *)"
18127167226,28191,368047,137,2,1,24,2,1,44,0.001,0.001,,,,,NVIDIA A100-SXM4-40GB MIG 4g.20gb (0),1,,13,"void ch_est::chEstFilterNoDftSOfdmDispatchKernel<float, __half, float, (unsigned int)2>(ch_est::puschRxChEstStatDescr_t *, ch_est::puschRxChEstDynDescr_t *)"
18127365527,31776,368048,137,2,1,24,2,1,44,0.001,0.001,,,,,NVIDIA A100-SXM4-40GB MIG 4g.20gb (0),1,,13,"void ch_est::chEstFilterNoDftSOfdmDispatchKernel<float, __half, float, (unsigned int)2>(ch_est::puschRxChEstStatDescr_t *, ch_est::puschRxChEstDynDescr_t *)"
18127551957,23104,368059,103,1,1,128,1,1,16,0.000,0.000,,,,,NVIDIA A100-SXM4-40GB MIG 4g.20gb (0),1,,13,cupy_copy__complex64_complex64
18127736435,28896,368069,1434,1,1,128,1,1,16,0.000,0.000,,,,,NVIDIA A100-SXM4-40GB MIG 4g.20gb (0),1,,13,cupy_copy__complex64_complex64
18127985233,4895,368076,103,1,1,128,1,1,16,0.000,0.000,,,,,NVIDIA A100-SXM4-40GB MIG 4g.20gb (0),1,,13,cupy_copy__complex64_complex64
18128381420,323452,368083,1,1,1,32,32,1,30,0.000,0.000,,,,,NVIDIA A100-SXM4-40GB MIG 4g.20gb (0),1,,13,"void convert_kernel<__half2, float2>(tensor_layout_any, T1 *, tensor_layout_any, const T2 *)"
18128733736,7616,368086,,,,,,,,,,0.094,12302.472,Pinned,Device,NVIDIA A100-SXM4-40GB MIG 4g.20gb (0),1,,13,[CUDA memcpy Host-to-Device]
18129195395,64767,368087,,,,,,,,,,35.810,552869.355,Device,,NVIDIA A100-SXM4-40GB MIG 4g.20gb (0),1,,13,[CUDA memset]
18129262050,2400,368089,,,,,,,,,,0.000,33.333,Pinned,Device,NVIDIA A100-SXM4-40GB MIG 4g.20gb (0),1,,13,[CUDA memcpy Host-to-Device]
18129267330,11232,368090,,,,,,,,,,0.197,17504.207,Pinned,Device,NVIDIA A100-SXM4-40GB MIG 4g.20gb (0),1,,13,[CUDA memcpy Host-to-Device]
18129892411,19712,368091,273,1,1,48,1,1,40,0.000,0.001,,,,,NVIDIA A100-SXM4-40GB MIG 4g.20gb (0),1,,13,"void pusch_noise_intf_est::noiseIntfEstNoDftSOfdmKernel<float, __half, float, float, (unsigned int)2, (unsigned int)1, (unsigned char)4, (unsigned char)4>(pusch_noise_intf_est::puschRxNoiseIntfEstDynDescr)"
18130670834,4576,368102,35,1,1,128,1,1,16,0.000,0.000,,,,,NVIDIA A100-SXM4-40GB MIG 4g.20gb (0),1,,13,cupy_copy__complex64_complex64
18131169741,12000,368111,1,1,1,1,1,1,18,0.000,0.000,,,,,NVIDIA A100-SXM4-40GB MIG 4g.20gb (0),1,,13,cupy_copy__float32_float32
18131188877,2144,368117,,,,,,,,,,0.000,1.866,Device,Pageable,NVIDIA A100-SXM4-40GB MIG 4g.20gb (0),1,,7,[CUDA memcpy Device-to-Host]
18131803718,32895,368128,1434,1,1,128,1,1,16,0.000,0.000,,,,,NVIDIA A100-SXM4-40GB MIG 4g.20gb (0),1,,13,cupy_copy__complex64_complex64
18132451871,11103,368135,103,1,1,128,1,1,16,0.000,0.000,,,,,NVIDIA A100-SXM4-40GB MIG 4g.20gb (0),1,,13,cupy_copy__complex64_complex64
18132583997,3424,368142,35,1,1,128,1,1,16,0.000,0.000,,,,,NVIDIA A100-SXM4-40GB MIG 4g.20gb (0),1,,13,cupy_copy__complex64_complex64
18132643708,13152,368149,1,1,1,1,1,1,18,0.000,0.000,,,,,NVIDIA A100-SXM4-40GB MIG 4g.20gb (0),1,,13,cupy_copy__float32_float32
18132772827,362876,368160,1,1,1,32,32,1,30,0.000,0.000,,,,,NVIDIA A100-SXM4-40GB MIG 4g.20gb (0),1,,13,"void convert_kernel<__half2, float2>(tensor_layout_any, T1 *, tensor_layout_any, const T2 *)"
18133166999,5472,368163,,,,,,,,,,0.094,17122.757,Pinned,Device,NVIDIA A100-SXM4-40GB MIG 4g.20gb (0),1,,13,[CUDA memcpy Host-to-Device]
18133203382,14272,368164,,,,,,,,,,1.547,108367.304,Device,,NVIDIA A100-SXM4-40GB MIG 4g.20gb (0),1,,13,[CUDA memset]
18133219766,3104,368169,,,,,,,,,,0.031,10082.445,Pinned,Device,NVIDIA A100-SXM4-40GB MIG 4g.20gb (0),1,,13,[CUDA memcpy Host-to-Device]
18133225558,10688,368170,,,,,,,,,,0.197,18395.038,Pinned,Device,NVIDIA A100-SXM4-40GB MIG 4g.20gb (0),1,,13,[CUDA memcpy Host-to-Device]
18133242422,7008,368171,273,1,1,8,4,1,39,0.002,0.000,,,,,NVIDIA A100-SXM4-40GB MIG 4g.20gb (0),1,,13,"void channel_eq::eqMmseCoefCompLowMimoKernel<float, float, float, (unsigned int)4, (unsigned int)1, (unsigned int)4>(const channel_eq::_puschRxChEqStatDescr *, channel_eq::_puschRxChEqCoefCompDynDescr)"
18133251606,7360,368172,273,1,1,12,11,1,51,0.002,0.000,,,,,NVIDIA A100-SXM4-40GB MIG 4g.20gb (0),1,,13,"void channel_eq::eqMmseSoftDemapKernel<float, __half, __half, float, (unsigned int)4, (unsigned short)16383>(channel_eq::_puschRxChEqStatDescr *, channel_eq::_puschRxChEqSoftDemapDynDescr)"
18133261494,281276,368173,1,1,1,32,32,1,30,0.000,0.000,,,,,NVIDIA A100-SXM4-40GB MIG 4g.20gb (0),1,,13,"void convert_kernel<float2, __half2>(tensor_layout_any, T1 *, tensor_layout_any, const T2 *)"
18133544306,10464,368185,2253,1,1,128,1,1,16,0.000,0.000,,,,,NVIDIA A100-SXM4-40GB MIG 4g.20gb (0),1,,13,cupy_copy__float16_float16
18133556690,2784,368194,282,1,1,128,1,1,16,0.000,0.000,,,,,NVIDIA A100-SXM4-40GB MIG 4g.20gb (0),1,,13,cupy_copy__complex64_complex64
18133561970,2048,368203,26,1,1,128,1,1,16,0.000,0.000,,,,,NVIDIA A100-SXM4-40GB MIG 4g.20gb (0),1,,13,cupy_copy__float32_float32
18133566002,2880,368212,103,1,1,128,1,1,16,0.000,0.000,,,,,NVIDIA A100-SXM4-40GB MIG 4g.20gb (0),1,,13,cupy_copy__complex64_complex64
18133570322,12032,368222,1434,1,1,128,1,1,16,0.000,0.000,,,,,NVIDIA A100-SXM4-40GB MIG 4g.20gb (0),1,,13,cupy_copy__complex64_complex64
18133583666,79551,368227,1,1,1,32,32,1,30,0.000,0.000,,,,,NVIDIA A100-SXM4-40GB MIG 4g.20gb (0),1,,13,"void convert_kernel<__half2, float2>(tensor_layout_any, T1 *, tensor_layout_any, const T2 *)"
18133691633,5376,368230,,,,,,,,,,0.094,17428.487,Pinned,Device,NVIDIA A100-SXM4-40GB MIG 4g.20gb (0),1,,13,[CUDA memcpy Host-to-Device]
18133702225,599769,368231,,,,,,,,,,456.561,761087.920,Device,,NVIDIA A100-SXM4-40GB MIG 4g.20gb (0),1,,13,[CUDA memset]
18134303530,48735,368236,,,,,,,,,,1.235,25339.816,Pinned,Device,NVIDIA A100-SXM4-40GB MIG 4g.20gb (0),1,,13,[CUDA memcpy Host-to-Device]
18134354761,9344,368237,,,,,,,,,,0.197,21040.988,Pinned,Device,NVIDIA A100-SXM4-40GB MIG 4g.20gb (0),1,,13,[CUDA memcpy Host-to-Device]
18134368713,7456,368238,69,4,1,48,1,1,76,0.002,0.000,,,,,NVIDIA A100-SXM4-40GB MIG 4g.20gb (0),1,,13,"void ch_est::windowedChEstPreNoDftSOfdmKernel<float, __half, float, (unsigned int)2, (unsigned int)1, (unsigned short)4>(ch_est::puschRxChEstStatDescr_t *, ch_est::puschRxChEstDynDescr_t *)"
18134377961,6688,368239,137,2,1,24,2,1,44,0.001,0.001,,,,,NVIDIA A100-SXM4-40GB MIG 4g.20gb (0),1,,13,"void ch_est::chEstFilterNoDftSOfdmDispatchKernel<float, __half, float, (unsigned int)2>(ch_est::puschRxChEstStatDescr_t *, ch_est::puschRxChEstDynDescr_t *)"
18134386441,5408,368240,137,2,1,24,2,1,44,0.001,0.001,,,,,NVIDIA A100-SXM4-40GB MIG 4g.20gb (0),1,,13,"void ch_est::chEstFilterNoDftSOfdmDispatchKernel<float, __half, float, (unsigned int)2>(ch_est::puschRxChEstStatDescr_t *, ch_est::puschRxChEstDynDescr_t *)"
18134393577,2464,368251,103,1,1,128,1,1,16,0.000,0.000,,,,,NVIDIA A100-SXM4-40GB MIG 4g.20gb (0),1,,13,cupy_copy__complex64_complex64
18134397641,12928,368261,1434,1,1,128,1,1,16,0.000,0.000,,,,,NVIDIA A100-SXM4-40GB MIG 4g.20gb (0),1,,13,cupy_copy__complex64_complex64
18134412553,2528,368268,103,1,1,128,1,1,16,0.000,0.000,,,,,NVIDIA A100-SXM4-40GB MIG 4g.20gb (0),1,,13,cupy_copy__complex64_complex64
18134416585,79935,368275,1,1,1,32,32,1,30,0.000,0.000,,,,,NVIDIA A100-SXM4-40GB MIG 4g.20gb (0),1,,13,"void convert_kernel<__half2, float2>(tensor_layout_any, T1 *, tensor_layout_any, const T2 *)"
18134524711,5408,368278,,,,,,,,,,0.094,17325.421,Pinned,Device,NVIDIA A100-SXM4-40GB MIG 4g.20gb (0),1,,13,[CUDA memcpy Host-to-Device]
18134536839,46208,368279,,,,,,,,,,35.810,774962.479,Device,,NVIDIA A100-SXM4-40GB MIG 4g.20gb (0),1,,13,[CUDA memset]
18134589575,2016,368281,,,,,,,,,,0.000,39.682,Pinned,Device,NVIDIA A100-SXM4-40GB MIG 4g.20gb (0),1,,13,[CUDA memcpy Host-to-Device]
18134594055,9664,368282,,,,,,,,,,0.197,20344.209,Pinned,Device,NVIDIA A100-SXM4-40GB MIG 4g.20gb (0),1,,13,[CUDA memcpy Host-to-Device]
18134608102,8672,368283,273,1,1,48,1,1,40,0.000,0.001,,,,,NVIDIA A100-SXM4-40GB MIG 4g.20gb (0),1,,13,"void pusch_noise_intf_est::noiseIntfEstNoDftSOfdmKernel<float, __half, float, float, (unsigned int)2, (unsigned int)1, (unsigned char)4, (unsigned char)4>(pusch_noise_intf_est::puschRxNoiseIntfEstDynDescr)"
18134618566,2816,368294,35,1,1,128,1,1,16,0.000,0.000,,,,,NVIDIA A100-SXM4-40GB MIG 4g.20gb (0),1,,13,cupy_copy__complex64_complex64
18134644038,1856,368303,1,1,1,1,1,1,18,0.000,0.000,,,,,NVIDIA A100-SXM4-40GB MIG 4g.20gb (0),1,,13,cupy_copy__float32_float32
18134678214,1600,368309,,,,,,,,,,0.000,2.500,Device,Pageable,NVIDIA A100-SXM4-40GB MIG 4g.20gb (0),1,,7,[CUDA memcpy Device-to-Host]
18134738725,13312,368320,1434,1,1,128,1,1,16,0.000,0.000,,,,,NVIDIA A100-SXM4-40GB MIG 4g.20gb (0),1,,13,cupy_copy__complex64_complex64
18134764517,2720,368327,103,1,1,128,1,1,16,0.000,0.000,,,,,NVIDIA A100-SXM4-40GB MIG 4g.20gb (0),1,,13,cupy_copy__complex64_complex64
18134784357,2207,368334,35,1,1,128,1,1,16,0.000,0.000,,,,,NVIDIA A100-SXM4-40GB MIG 4g.20gb (0),1,,13,cupy_copy__complex64_complex64
18134802596,1856,368341,1,1,1,1,1,1,18,0.000,0.000,,,,,NVIDIA A100-SXM4-40GB MIG 4g.20gb (0),1,,13,cupy_copy__float32_float32
18134948579,79999,368352,1,1,1,32,32,1,30,0.000,0.000,,,,,NVIDIA A100-SXM4-40GB MIG 4g.20gb (0),1,,13,"void convert_kernel<__half2, float2>(tensor_layout_any, T1 *, tensor_layout_any, const T2 *)"
18135057729,5568,368355,,,,,,,,,,0.094,16827.521,Pinned,Device,NVIDIA A100-SXM4-40GB MIG 4g.20gb (0),1,,13,[CUDA memcpy Host-to-Device]
18135072385,3200,368356,,,,,,,,,,1.547,483320.000,Device,,NVIDIA A100-SXM4-40GB MIG 4g.20gb (0),1,,13,[CUDA memset]
18135078849,3104,368361,,,,,,,,,,0.031,10082.445,Pinned,Device,NVIDIA A100-SXM4-40GB MIG 4g.20gb (0),1,,13,[CUDA memcpy Host-to-Device]
18135084065,9312,368362,,,,,,,,,,0.197,21113.340,Pinned,Device,NVIDIA A100-SXM4-40GB MIG 4g.20gb (0),1,,13,[CUDA memcpy Host-to-Device]
18135097569,6272,368363,273,1,1,8,4,1,39,0.002,0.000,,,,,NVIDIA A100-SXM4-40GB MIG 4g.20gb (0),1,,13,"void channel_eq::eqMmseCoefCompLowMimoKernel<float, float, float, (unsigned int)4, (unsigned int)1, (unsigned int)4>(const channel_eq::_puschRxChEqStatDescr *, channel_eq::_puschRxChEqCoefCompDynDescr)"
18135106113,6208,368364,273,1,1,12,11,1,51,0.002,0.000,,,,,NVIDIA A100-SXM4-40GB MIG 4g.20gb (0),1,,13,"void channel_eq::eqMmseSoftDemapKernel<float, __half, __half, float, (unsigned int)4, (unsigned short)16383>(channel_eq::_puschRxChEqStatDescr *, channel_eq::_puschRxChEqSoftDemapDynDescr)"
18135113985,645721,368365,1,1,1,32,32,1,30,0.000,0.000,,,,,NVIDIA A100-SXM4-40GB MIG 4g.20gb (0),1,,13,"void convert_kernel<float2, __half2>(tensor_layout_any, T1 *, tensor_layout_any, const T2 *)"
18136033719,18847,368377,2253,1,1,128,1,1,16,0.000,0.000,,,,,NVIDIA A100-SXM4-40GB MIG 4g.20gb (0),1,,13,cupy_copy__float16_float16
18136143029,6016,368386,282,1,1,128,1,1,16,0.000,0.000,,,,,NVIDIA A100-SXM4-40GB MIG 4g.20gb (0),1,,13,cupy_copy__complex64_complex64
18136410738,4672,368395,26,1,1,128,1,1,16,0.000,0.000,,,,,NVIDIA A100-SXM4-40GB MIG 4g.20gb (0),1,,13,cupy_copy__float32_float32
18136585456,13216,368404,103,1,1,128,1,1,16,0.000,0.000,,,,,NVIDIA A100-SXM4-40GB MIG 4g.20gb (0),1,,13,cupy_copy__complex64_complex64
18136912717,22463,368414,1434,1,1,128,1,1,16,0.000,0.000,,,,,NVIDIA A100-SXM4-40GB MIG 4g.20gb (0),1,,13,cupy_copy__complex64_complex64
18137326760,331516,368419,1,1,1,32,32,1,30,0.000,0.000,,,,,NVIDIA A100-SXM4-40GB MIG 4g.20gb (0),1,,13,"void convert_kernel<__half2, float2>(tensor_layout_any, T1 *, tensor_layout_any, const T2 *)"
18137687460,6016,368422,,,,,,,,,,0.094,15574.430,Pinned,Device,NVIDIA A100-SXM4-40GB MIG 4g.20gb (0),1,,13,[CUDA memcpy Host-to-Device]
18138029888,617977,368423,,,,,,,,,,456.561,738716.410,Device,,NVIDIA A100-SXM4-40GB MIG 4g.20gb (0),1,,13,[CUDA memset]
18138655865,51008,368428,,,,,,,,,,1.235,24209.842,Pinned,Device,NVIDIA A100-SXM4-40GB MIG 4g.20gb (0),1,,13,[CUDA memcpy Host-to-Device]
18138710137,10144,368429,,,,,,,,,,0.197,19381.617,Pinned,Device,NVIDIA A100-SXM4-40GB MIG 4g.20gb (0),1,,13,[CUDA memcpy Host-to-Device]
18139057589,36575,368430,69,4,1,48,1,1,76,0.002,0.000,,,,,NVIDIA A100-SXM4-40GB MIG 4g.20gb (0),1,,13,"void ch_est::windowedChEstPreNoDftSOfdmKernel<float, __half, float, (unsigned int)2, (unsigned int)1, (unsigned short)4>(ch_est::puschRxChEstStatDescr_t *, ch_est::puschRxChEstDynDescr_t *)"
18139236563,14240,368431,137,2,1,24,2,1,44,0.001,0.001,,,,,NVIDIA A100-SXM4-40GB MIG 4g.20gb (0),1,,13,"void ch_est::chEstFilterNoDftSOfdmDispatchKernel<float, __half, float, (unsigned int)2>(ch_est::puschRxChEstStatDescr_t *, ch_est::puschRxChEstDynDescr_t *)"
18139577583,18176,368432,137,2,1,24,2,1,44,0.001,0.001,,,,,NVIDIA A100-SXM4-40GB MIG 4g.20gb (0),1,,13,"void ch_est::chEstFilterNoDftSOfdmDispatchKernel<float, __half, float, (unsigned int)2>(ch_est::puschRxChEstStatDescr_t *, ch_est::puschRxChEstDynDescr_t *)"
18139648686,9024,368443,103,1,1,128,1,1,16,0.000,0.000,,,,,NVIDIA A100-SXM4-40GB MIG 4g.20gb (0),1,,13,cupy_copy__complex64_complex64
18139659790,16256,368453,1434,1,1,128,1,1,16,0.000,0.000,,,,,NVIDIA A100-SXM4-40GB MIG 4g.20gb (0),1,,13,cupy_copy__complex64_complex64
18139678638,2560,368460,103,1,1,128,1,1,16,0.000,0.000,,,,,NVIDIA A100-SXM4-40GB MIG 4g.20gb (0),1,,13,cupy_copy__complex64_complex64
18139734829,281693,368467,1,1,1,32,32,1,30,0.000,0.000,,,,,NVIDIA A100-SXM4-40GB MIG 4g.20gb (0),1,,13,"void convert_kernel<__half2, float2>(tensor_layout_any, T1 *, tensor_layout_any, const T2 *)"
18140045514,5472,368470,,,,,,,,,,0.094,17122.757,Pinned,Device,NVIDIA A100-SXM4-40GB MIG 4g.20gb (0),1,,13,[CUDA memcpy Host-to-Device]
18140058282,47295,368471,,,,,,,,,,35.810,757129.139,Device,,NVIDIA A100-SXM4-40GB MIG 4g.20gb (0),1,,13,[CUDA memset]
18140113993,1952,368473,,,,,,,,,,0.000,40.984,Pinned,Device,NVIDIA A100-SXM4-40GB MIG 4g.20gb (0),1,,13,[CUDA memcpy Host-to-Device]
18140118569,9472,368474,,,,,,,,,,0.197,20756.693,Pinned,Device,NVIDIA A100-SXM4-40GB MIG 4g.20gb (0),1,,13,[CUDA memcpy Host-to-Device]
18140132777,8960,368475,273,1,1,48,1,1,40,0.000,0.001,,,,,NVIDIA A100-SXM4-40GB MIG 4g.20gb (0),1,,13,"void pusch_noise_intf_est::noiseIntfEstNoDftSOfdmKernel<float, __half, float, float, (unsigned int)2, (unsigned int)1, (unsigned char)4, (unsigned char)4>(pusch_noise_intf_est::puschRxNoiseIntfEstDynDescr)"
18140144169,2848,368486,35,1,1,128,1,1,16,0.000,0.000,,,,,NVIDIA A100-SXM4-40GB MIG 4g.20gb (0),1,,13,cupy_copy__complex64_complex64
18140165992,1888,368495,1,1,1,1,1,1,18,0.000,0.000,,,,,NVIDIA A100-SXM4-40GB MIG 4g.20gb (0),1,,13,cupy_copy__float32_float32
18140200616,1600,368501,,,,,,,,,,0.000,2.500,Device,Pageable,NVIDIA A100-SXM4-40GB MIG 4g.20gb (0),1,,7,[CUDA memcpy Device-to-Host]
18140261511,13216,368512,1434,1,1,128,1,1,16,0.000,0.000,,,,,NVIDIA A100-SXM4-40GB MIG 4g.20gb (0),1,,13,cupy_copy__complex64_complex64
18140287719,2784,368519,103,1,1,128,1,1,16,0.000,0.000,,,,,NVIDIA A100-SXM4-40GB MIG 4g.20gb (0),1,,13,cupy_copy__complex64_complex64
18140499109,2176,368526,35,1,1,128,1,1,16,0.000,0.000,,,,,NVIDIA A100-SXM4-40GB MIG 4g.20gb (0),1,,13,cupy_copy__complex64_complex64
18140532708,1856,368533,1,1,1,1,1,1,18,0.000,0.000,,,,,NVIDIA A100-SXM4-40GB MIG 4g.20gb (0),1,,13,cupy_copy__float32_float32
18140669443,80511,368544,1,1,1,32,32,1,30,0.000,0.000,,,,,NVIDIA A100-SXM4-40GB MIG 4g.20gb (0),1,,13,"void convert_kernel<__half2, float2>(tensor_layout_any, T1 *, tensor_layout_any, const T2 *)"
18140778082,5311,368547,,,,,,,,,,0.094,17641.832,Pinned,Device,NVIDIA A100-SXM4-40GB MIG 4g.20gb (0),1,,13,[CUDA memcpy Host-to-Device]
18140792225,3168,368548,,,,,,,,,,1.547,488201.145,Device,,NVIDIA A100-SXM4-40GB MIG 4g.20gb (0),1,,13,[CUDA memset]
18140798881,3168,368553,,,,,,,,,,0.031,9878.770,Pinned,Device,NVIDIA A100-SXM4-40GB MIG 4g.20gb (0),1,,13,[CUDA memcpy Host-to-Device]
18140804129,9248,368554,,,,,,,,,,0.197,21259.420,Pinned,Device,NVIDIA A100-SXM4-40GB MIG 4g.20gb (0),1,,13,[CUDA memcpy Host-to-Device]
18140817249,6432,368555,273,1,1,8,4,1,39,0.002,0.000,,,,,NVIDIA A100-SXM4-40GB MIG 4g.20gb (0),1,,13,"void channel_eq::eqMmseCoefCompLowMimoKernel<float, float, float, (unsigned int)4, (unsigned int)1, (unsigned int)4>(const channel_eq::_puschRxChEqStatDescr *, channel_eq::_puschRxChEqCoefCompDynDescr)"
18140825601,6272,368556,273,1,1,12,11,1,51,0.002,0.000,,,,,NVIDIA A100-SXM4-40GB MIG 4g.20gb (0),1,,13,"void channel_eq::eqMmseSoftDemapKernel<float, __half, __half, float, (unsigned int)4, (unsigned short)16383>(channel_eq::_puschRxChEqStatDescr *, channel_eq::_puschRxChEqSoftDemapDynDescr)"
18140834177,281917,368557,1,1,1,32,32,1,30,0.000,0.000,,,,,NVIDIA A100-SXM4-40GB MIG 4g.20gb (0),1,,13,"void convert_kernel<float2, __half2>(tensor_layout_any, T1 *, tensor_layout_any, const T2 *)"
18141117598,10592,368569,2253,1,1,128,1,1,16,0.000,0.000,,,,,NVIDIA A100-SXM4-40GB MIG 4g.20gb (0),1,,13,cupy_copy__float16_float16
18141130270,2752,368578,282,1,1,128,1,1,16,0.000,0.000,,,,,NVIDIA A100-SXM4-40GB MIG 4g.20gb (0),1,,13,cupy_copy__complex64_complex64
18141134878,2111,368587,26,1,1,128,1,1,16,0.000,0.000,,,,,NVIDIA A100-SXM4-40GB MIG 4g.20gb (0),1,,13,cupy_copy__float32_float32
18141138973,2816,368596,103,1,1,128,1,1,16,0.000,0.000,,,,,NVIDIA A100-SXM4-40GB MIG 4g.20gb (0),1,,13,cupy_copy__complex64_complex64
18141143613,11680,368606,1434,1,1,128,1,1,16,0.000,0.000,,,,,NVIDIA A100-SXM4-40GB MIG 4g.20gb (0),1,,13,cupy_copy__complex64_complex64
18141171645,79391,368611,1,1,1,32,32,1,30,0.000,0.000,,,,,NVIDIA A100-SXM4-40GB MIG 4g.20gb (0),1,,13,"void convert_kernel<__half2, float2>(tensor_layout_any, T1 *, tensor_layout_any, const T2 *)"
18141434010,6176,368614,,,,,,,,,,0.094,15170.975,Pinned,Device,NVIDIA A100-SXM4-40GB MIG 4g.20gb (0),1,,13,[CUDA memcpy Host-to-Device]
18141466074,611673,368615,,,,,,,,,,456.561,746021.393,Device,,NVIDIA A100-SXM4-40GB MIG 4g.20gb (0),1,,13,[CUDA memset]
18142084147,50847,368620,,,,,,,,,,1.235,24286.409,Pinned,Device,NVIDIA A100-SXM4-40GB MIG 4g.20gb (0),1,,13,[CUDA memcpy Host-to-Device]
18142137714,9920,368621,,,,,,,,,,0.197,19819.266,Pinned,Device,NVIDIA A100-SXM4-40GB MIG 4g.20gb (0),1,,13,[CUDA memcpy Host-to-Device]
18142251953,15552,368622,69,4,1,48,1,1,76,0.002,0.000,,,,,NVIDIA A100-SXM4-40GB MIG 4g.20gb (0),1,,13,"void ch_est::windowedChEstPreNoDftSOfdmKernel<float, __half, float, (unsigned int)2, (unsigned int)1, (unsigned short)4>(ch_est::puschRxChEstStatDescr_t *, ch_est::puschRxChEstDynDescr_t *)"
18142463919,13568,368623,137,2,1,24,2,1,44,0.001,0.001,,,,,NVIDIA A100-SXM4-40GB MIG 4g.20gb (0),1,,13,"void ch_est::chEstFilterNoDftSOfdmDispatchKernel<float, __half, float, (unsigned int)2>(ch_est::puschRxChEstStatDescr_t *, ch_est::puschRxChEstDynDescr_t *)"
18142674284,11840,368624,137,2,1,24,2,1,44,0.001,0.001,,,,,NVIDIA A100-SXM4-40GB MIG 4g.20gb (0),1,,13,"void ch_est::chEstFilterNoDftSOfdmDispatchKernel<float, __half, float, (unsigned int)2>(ch_est::puschRxChEstStatDescr_t *, ch_est::puschRxChEstDynDescr_t *)"
18142800907,3904,368635,103,1,1,128,1,1,16,0.000,0.000,,,,,NVIDIA A100-SXM4-40GB MIG 4g.20gb (0),1,,13,cupy_copy__complex64_complex64
18143003081,15903,368645,1434,1,1,128,1,1,16,0.000,0.000,,,,,NVIDIA A100-SXM4-40GB MIG 4g.20gb (0),1,,13,cupy_copy__complex64_complex64
18143092296,8448,368652,103,1,1,128,1,1,16,0.000,0.000,,,,,NVIDIA A100-SXM4-40GB MIG 4g.20gb (0),1,,13,cupy_copy__complex64_complex64
18143219014,389756,368659,1,1,1,32,32,1,30,0.000,0.000,,,,,NVIDIA A100-SXM4-40GB MIG 4g.20gb (0),1,,13,"void convert_kernel<__half2, float2>(tensor_layout_any, T1 *, tensor_layout_any, const T2 *)"
18143637858,6431,368662,,,,,,,,,,0.094,14569.353,Pinned,Device,NVIDIA A100-SXM4-40GB MIG 4g.20gb (0),1,,13,[CUDA memcpy Host-to-Device]
18146357795,53184,368663,,,,,,,,,,35.810,673298.116,Device,,NVIDIA A100-SXM4-40GB MIG 4g.20gb (0),1,,13,[CUDA memset]
18146412803,2335,368665,,,,,,,,,,0.000,34.261,Pinned,Device,NVIDIA A100-SXM4-40GB MIG 4g.20gb (0),1,,13,[CUDA memcpy Host-to-Device]
18146418946,9984,368666,,,,,,,,,,0.197,19692.257,Pinned,Device,NVIDIA A100-SXM4-40GB MIG 4g.20gb (0),1,,13,[CUDA memcpy Host-to-Device]
18149380385,17824,368667,273,1,1,48,1,1,40,0.000,0.001,,,,,NVIDIA A100-SXM4-40GB MIG 4g.20gb (0),1,,13,"void pusch_noise_intf_est::noiseIntfEstNoDftSOfdmKernel<float, __half, float, float, (unsigned int)2, (unsigned int)1, (unsigned char)4, (unsigned char)4>(pusch_noise_intf_est::puschRxNoiseIntfEstDynDescr)"
18149814172,7680,368678,35,1,1,128,1,1,16,0.000,0.000,,,,,NVIDIA A100-SXM4-40GB MIG 4g.20gb (0),1,,13,cupy_copy__complex64_complex64
18149824540,2752,368687,1,1,1,1,1,1,18,0.000,0.000,,,,,NVIDIA A100-SXM4-40GB MIG 4g.20gb (0),1,,13,cupy_copy__float32_float32
18149828924,1600,368693,,,,,,,,,,0.000,2.500,Device,Pageable,NVIDIA A100-SXM4-40GB MIG 4g.20gb (0),1,,7,[CUDA memcpy Device-to-Host]
18149902748,18719,368704,1434,1,1,128,1,1,16,0.000,0.000,,,,,NVIDIA A100-SXM4-40GB MIG 4g.20gb (0),1,,13,cupy_copy__complex64_complex64
18149928187,3232,368711,103,1,1,128,1,1,16,0.000,0.000,,,,,NVIDIA A100-SXM4-40GB MIG 4g.20gb (0),1,,13,cupy_copy__complex64_complex64
18149955579,2464,368718,35,1,1,128,1,1,16,0.000,0.000,,,,,NVIDIA A100-SXM4-40GB MIG 4g.20gb (0),1,,13,cupy_copy__complex64_complex64
18149974267,2240,368725,1,1,1,1,1,1,18,0.000,0.000,,,,,NVIDIA A100-SXM4-40GB MIG 4g.20gb (0),1,,13,cupy_copy__float32_float32
18150113273,80159,368736,1,1,1,32,32,1,30,0.000,0.000,,,,,NVIDIA A100-SXM4-40GB MIG 4g.20gb (0),1,,13,"void convert_kernel<__half2, float2>(tensor_layout_any, T1 *, tensor_layout_any, const T2 *)"
18150225752,5408,368739,,,,,,,,,,0.094,17325.421,Pinned,Device,NVIDIA A100-SXM4-40GB MIG 4g.20gb (0),1,,13,[CUDA memcpy Host-to-Device]
18150240696,3168,368740,,,,,,,,,,1.547,488201.145,Device,,NVIDIA A100-SXM4-40GB MIG 4g.20gb (0),1,,13,[CUDA memset]
18150247512,3072,368745,,,,,,,,,,0.031,10187.474,Pinned,Device,NVIDIA A100-SXM4-40GB MIG 4g.20gb (0),1,,13,[CUDA memcpy Host-to-Device]
18150252696,9407,368746,,,,,,,,,,0.197,20900.020,Pinned,Device,NVIDIA A100-SXM4-40GB MIG 4g.20gb (0),1,,13,[CUDA memcpy Host-to-Device]
18150266551,6272,368747,273,1,1,8,4,1,39,0.002,0.000,,,,,NVIDIA A100-SXM4-40GB MIG 4g.20gb (0),1,,13,"void channel_eq::eqMmseCoefCompLowMimoKernel<float, float, float, (unsigned int)4, (unsigned int)1, (unsigned int)4>(const channel_eq::_puschRxChEqStatDescr *, channel_eq::_puschRxChEqCoefCompDynDescr)"
18150274935,6112,368748,273,1,1,12,11,1,51,0.002,0.000,,,,,NVIDIA A100-SXM4-40GB MIG 4g.20gb (0),1,,13,"void channel_eq::eqMmseSoftDemapKernel<float, __half, __half, float, (unsigned int)4, (unsigned short)16383>(channel_eq::_puschRxChEqStatDescr *, channel_eq::_puschRxChEqSoftDemapDynDescr)"
18150283287,281661,368749,1,1,1,32,32,1,30,0.000,0.000,,,,,NVIDIA A100-SXM4-40GB MIG 4g.20gb (0),1,,13,"void convert_kernel<float2, __half2>(tensor_layout_any, T1 *, tensor_layout_any, const T2 *)"
18150566452,10304,368761,2253,1,1,128,1,1,16,0.000,0.000,,,,,NVIDIA A100-SXM4-40GB MIG 4g.20gb (0),1,,13,cupy_copy__float16_float16
18150578292,2752,368770,282,1,1,128,1,1,16,0.000,0.000,,,,,NVIDIA A100-SXM4-40GB MIG 4g.20gb (0),1,,13,cupy_copy__complex64_complex64
18150583540,2080,368779,26,1,1,128,1,1,16,0.000,0.000,,,,,NVIDIA A100-SXM4-40GB MIG 4g.20gb (0),1,,13,cupy_copy__float32_float32
18150587572,2848,368788,103,1,1,128,1,1,16,0.000,0.000,,,,,NVIDIA A100-SXM4-40GB MIG 4g.20gb (0),1,,13,cupy_copy__complex64_complex64
18150592660,11936,368798,1434,1,1,128,1,1,16,0.000,0.000,,,,,NVIDIA A100-SXM4-40GB MIG 4g.20gb (0),1,,13,cupy_copy__complex64_complex64
18150625267,80480,368803,1,1,1,32,32,1,30,0.000,0.000,,,,,NVIDIA A100-SXM4-40GB MIG 4g.20gb (0),1,,13,"void convert_kernel<__half2, float2>(tensor_layout_any, T1 *, tensor_layout_any, const T2 *)"
18150734098,5408,368806,,,,,,,,,,0.094,17325.421,Pinned,Device,NVIDIA A100-SXM4-40GB MIG 4g.20gb (0),1,,13,[CUDA memcpy Host-to-Device]
18150753042,599001,368807,,,,,,,,,,456.561,762001.043,Device,,NVIDIA A100-SXM4-40GB MIG 4g.20gb (0),1,,13,[CUDA memset]
18151359435,48576,368812,,,,,,,,,,1.235,25422.557,Pinned,Device,NVIDIA A100-SXM4-40GB MIG 4g.20gb (0),1,,13,[CUDA memcpy Host-to-Device]
18151410475,9376,368813,,,,,,,,,,0.197,20969.226,Pinned,Device,NVIDIA A100-SXM4-40GB MIG 4g.20gb (0),1,,13,[CUDA memcpy Host-to-Device]
18151424202,7104,368814,69,4,1,48,1,1,76,0.002,0.000,,,,,NVIDIA A100-SXM4-40GB MIG 4g.20gb (0),1,,13,"void ch_est::windowedChEstPreNoDftSOfdmKernel<float, __half, float, (unsigned int)2, (unsigned int)1, (unsigned short)4>(ch_est::puschRxChEstStatDescr_t *, ch_est::puschRxChEstDynDescr_t *)"
18151433258,6848,368815,137,2,1,24,2,1,44,0.001,0.001,,,,,NVIDIA A100-SXM4-40GB MIG 4g.20gb (0),1,,13,"void ch_est::chEstFilterNoDftSOfdmDispatchKernel<float, __half, float, (unsigned int)2>(ch_est::puschRxChEstStatDescr_t *, ch_est::puschRxChEstDynDescr_t *)"
18151442282,5376,368816,137,2,1,24,2,1,44,0.001,0.001,,,,,NVIDIA A100-SXM4-40GB MIG 4g.20gb (0),1,,13,"void ch_est::chEstFilterNoDftSOfdmDispatchKernel<float, __half, float, (unsigned int)2>(ch_est::puschRxChEstStatDescr_t *, ch_est::puschRxChEstDynDescr_t *)"
18151449546,2528,368827,103,1,1,128,1,1,16,0.000,0.000,,,,,NVIDIA A100-SXM4-40GB MIG 4g.20gb (0),1,,13,cupy_copy__complex64_complex64
18151501322,16575,368837,1434,1,1,128,1,1,16,0.000,0.000,,,,,NVIDIA A100-SXM4-40GB MIG 4g.20gb (0),1,,13,cupy_copy__complex64_complex64
18154804517,10176,368844,103,1,1,128,1,1,16,0.000,0.000,,,,,NVIDIA A100-SXM4-40GB MIG 4g.20gb (0),1,,13,cupy_copy__complex64_complex64
18154971587,334972,368851,1,1,1,32,32,1,30,0.000,0.000,,,,,NVIDIA A100-SXM4-40GB MIG 4g.20gb (0),1,,13,"void convert_kernel<__half2, float2>(tensor_layout_any, T1 *, tensor_layout_any, const T2 *)"
18155336191,5824,368854,,,,,,,,,,0.094,16087.884,Pinned,Device,NVIDIA A100-SXM4-40GB MIG 4g.20gb (0),1,,13,[CUDA memcpy Host-to-Device]
18159075413,51071,368855,,,,,,,,,,35.810,701158.234,Device,,NVIDIA A100-SXM4-40GB MIG 4g.20gb (0),1,,13,[CUDA memset]
18159133556,2016,368857,,,,,,,,,,0.000,39.682,Pinned,Device,NVIDIA A100-SXM4-40GB MIG 4g.20gb (0),1,,13,[CUDA memcpy Host-to-Device]
18159138132,9888,368858,,,,,,,,,,0.197,19883.360,Pinned,Device,NVIDIA A100-SXM4-40GB MIG 4g.20gb (0),1,,13,[CUDA memcpy Host-to-Device]
18159426257,13632,368859,273,1,1,48,1,1,40,0.000,0.001,,,,,NVIDIA A100-SXM4-40GB MIG 4g.20gb (0),1,,13,"void pusch_noise_intf_est::noiseIntfEstNoDftSOfdmKernel<float, __half, float, float, (unsigned int)2, (unsigned int)1, (unsigned char)4, (unsigned char)4>(pusch_noise_intf_est::puschRxNoiseIntfEstDynDescr)"
18159441649,3168,368870,35,1,1,128,1,1,16,0.000,0.000,,,,,NVIDIA A100-SXM4-40GB MIG 4g.20gb (0),1,,13,cupy_copy__complex64_complex64
18159446769,1856,368879,1,1,1,1,1,1,18,0.000,0.000,,,,,NVIDIA A100-SXM4-40GB MIG 4g.20gb (0),1,,13,cupy_copy__float32_float32
18159449969,1632,368885,,,,,,,,,,0.000,2.451,Device,Pageable,NVIDIA A100-SXM4-40GB MIG 4g.20gb (0),1,,7,[CUDA memcpy Device-to-Host]
18159512912,13184,368896,1434,1,1,128,1,1,16,0.000,0.000,,,,,NVIDIA A100-SXM4-40GB MIG 4g.20gb (0),1,,13,cupy_copy__complex64_complex64
18159551440,2752,368903,103,1,1,128,1,1,16,0.000,0.000,,,,,NVIDIA A100-SXM4-40GB MIG 4g.20gb (0),1,,13,cupy_copy__complex64_complex64
18159572047,2176,368910,35,1,1,128,1,1,16,0.000,0.000,,,,,NVIDIA A100-SXM4-40GB MIG 4g.20gb (0),1,,13,cupy_copy__complex64_complex64
18159590735,1856,368917,1,1,1,1,1,1,18,0.000,0.000,,,,,NVIDIA A100-SXM4-40GB MIG 4g.20gb (0),1,,13,cupy_copy__float32_float32
18159736078,79647,368928,1,1,1,32,32,1,30,0.000,0.000,,,,,NVIDIA A100-SXM4-40GB MIG 4g.20gb (0),1,,13,"void convert_kernel<__half2, float2>(tensor_layout_any, T1 *, tensor_layout_any, const T2 *)"
18159851500,5408,368931,,,,,,,,,,0.094,17325.421,Pinned,Device,NVIDIA A100-SXM4-40GB MIG 4g.20gb (0),1,,13,[CUDA memcpy Host-to-Device]
18159867692,3200,368932,,,,,,,,,,1.547,483320.000,Device,,NVIDIA A100-SXM4-40GB MIG 4g.20gb (0),1,,13,[CUDA memset]
18159874412,3104,368937,,,,,,,,,,0.031,10082.445,Pinned,Device,NVIDIA A100-SXM4-40GB MIG 4g.20gb (0),1,,13,[CUDA memcpy Host-to-Device]
18159879628,9376,368938,,,,,,,,,,0.197,20969.226,Pinned,Device,NVIDIA A100-SXM4-40GB MIG 4g.20gb (0),1,,13,[CUDA memcpy Host-to-Device]
18159892940,6560,368939,273,1,1,8,4,1,39,0.002,0.000,,,,,NVIDIA A100-SXM4-40GB MIG 4g.20gb (0),1,,13,"void channel_eq::eqMmseCoefCompLowMimoKernel<float, float, float, (unsigned int)4, (unsigned int)1, (unsigned int)4>(const channel_eq::_puschRxChEqStatDescr *, channel_eq::_puschRxChEqCoefCompDynDescr)"
18159901292,6720,368940,273,1,1,12,11,1,51,0.002,0.000,,,,,NVIDIA A100-SXM4-40GB MIG 4g.20gb (0),1,,13,"void channel_eq::eqMmseSoftDemapKernel<float, __half, __half, float, (unsigned int)4, (unsigned short)16383>(channel_eq::_puschRxChEqStatDescr *, channel_eq::_puschRxChEqSoftDemapDynDescr)"
18159912428,282172,368941,1,1,1,32,32,1,30,0.000,0.000,,,,,NVIDIA A100-SXM4-40GB MIG 4g.20gb (0),1,,13,"void convert_kernel<float2, __half2>(tensor_layout_any, T1 *, tensor_layout_any, const T2 *)"
18160196488,10336,368953,2253,1,1,128,1,1,16,0.000,0.000,,,,,NVIDIA A100-SXM4-40GB MIG 4g.20gb (0),1,,13,cupy_copy__float16_float16
18160208936,2752,368962,282,1,1,128,1,1,16,0.000,0.000,,,,,NVIDIA A100-SXM4-40GB MIG 4g.20gb (0),1,,13,cupy_copy__complex64_complex64
18160213608,2080,368971,26,1,1,128,1,1,16,0.000,0.000,,,,,NVIDIA A100-SXM4-40GB MIG 4g.20gb (0),1,,13,cupy_copy__float32_float32
18160217640,2848,368980,103,1,1,128,1,1,16,0.000,0.000,,,,,NVIDIA A100-SXM4-40GB MIG 4g.20gb (0),1,,13,cupy_copy__complex64_complex64
18160222792,11744,368990,1434,1,1,128,1,1,16,0.000,0.000,,,,,NVIDIA A100-SXM4-40GB MIG 4g.20gb (0),1,,13,cupy_copy__complex64_complex64
18160301383,80287,368995,1,1,1,32,32,1,30,0.000,0.000,,,,,NVIDIA A100-SXM4-40GB MIG 4g.20gb (0),1,,13,"void convert_kernel<__half2, float2>(tensor_layout_any, T1 *, tensor_layout_any, const T2 *)"
18160411174,5376,368998,,,,,,,,,,0.094,17428.487,Pinned,Device,NVIDIA A100-SXM4-40GB MIG 4g.20gb (0),1,,13,[CUDA memcpy Host-to-Device]
18160422246,603321,368999,,,,,,,,,,456.561,756522.306,Device,,NVIDIA A100-SXM4-40GB MIG 4g.20gb (0),1,,13,[CUDA memset]
18161029567,51072,369004,,,,,,,,,,1.235,24180.204,Pinned,Device,NVIDIA A100-SXM4-40GB MIG 4g.20gb (0),1,,13,[CUDA memcpy Host-to-Device]
18161084863,10751,369005,,,,,,,,,,0.197,18287.297,Pinned,Device,NVIDIA A100-SXM4-40GB MIG 4g.20gb (0),1,,13,[CUDA memcpy Host-to-Device]
18161353500,24127,369006,69,4,1,48,1,1,76,0.002,0.000,,,,,NVIDIA A100-SXM4-40GB MIG 4g.20gb (0),1,,13,"void ch_est::windowedChEstPreNoDftSOfdmKernel<float, __half, float, (unsigned int)2, (unsigned int)1, (unsigned short)4>(ch_est::puschRxChEstStatDescr_t *, ch_est::puschRxChEstDynDescr_t *)"
18164643319,28063,369007,137,2,1,24,2,1,44,0.001,0.001,,,,,NVIDIA A100-SXM4-40GB MIG 4g.20gb (0),1,,13,"void ch_est::chEstFilterNoDftSOfdmDispatchKernel<float, __half, float, (unsigned int)2>(ch_est::puschRxChEstStatDescr_t *, ch_est::puschRxChEstDynDescr_t *)"
18167812371,12704,369008,137,2,1,24,2,1,44,0.001,0.001,,,,,NVIDIA A100-SXM4-40GB MIG 4g.20gb (0),1,,13,"void ch_est::chEstFilterNoDftSOfdmDispatchKernel<float, __half, float, (unsigned int)2>(ch_est::puschRxChEstStatDescr_t *, ch_est::puschRxChEstDynDescr_t *)"
18168500140,8320,369019,103,1,1,128,1,1,16,0.000,0.000,,,,,NVIDIA A100-SXM4-40GB MIG 4g.20gb (0),1,,13,cupy_copy__complex64_complex64
18168510891,19712,369029,1434,1,1,128,1,1,16,0.000,0.000,,,,,NVIDIA A100-SXM4-40GB MIG 4g.20gb (0),1,,13,cupy_copy__complex64_complex64
18168531883,4416,369036,103,1,1,128,1,1,16,0.000,0.000,,,,,NVIDIA A100-SXM4-40GB MIG 4g.20gb (0),1,,13,cupy_copy__complex64_complex64
18168538315,131743,369043,1,1,1,32,32,1,30,0.000,0.000,,,,,NVIDIA A100-SXM4-40GB MIG 4g.20gb (0),1,,13,"void convert_kernel<__half2, float2>(tensor_layout_any, T1 *, tensor_layout_any, const T2 *)"
18168700105,5440,369046,,,,,,,,,,0.094,17223.480,Pinned,Device,NVIDIA A100-SXM4-40GB MIG 4g.20gb (0),1,,13,[CUDA memcpy Host-to-Device]
18169234179,67040,369047,,,,,,,,,,35.810,534140.767,Device,,NVIDIA A100-SXM4-40GB MIG 4g.20gb (0),1,,13,[CUDA memset]
18169307587,1888,369049,,,,,,,,,,0.000,42.373,Pinned,Device,NVIDIA A100-SXM4-40GB MIG 4g.20gb (0),1,,13,[CUDA memcpy Host-to-Device]
18169312131,9695,369050,,,,,,,,,,0.197,20279.132,Pinned,Device,NVIDIA A100-SXM4-40GB MIG 4g.20gb (0),1,,13,[CUDA memcpy Host-to-Device]
18169327522,27008,369051,273,1,1,48,1,1,40,0.000,0.001,,,,,NVIDIA A100-SXM4-40GB MIG 4g.20gb (0),1,,13,"void pusch_noise_intf_est::noiseIntfEstNoDftSOfdmKernel<float, __half, float, float, (unsigned int)2, (unsigned int)1, (unsigned char)4, (unsigned char)4>(pusch_noise_intf_est::puschRxNoiseIntfEstDynDescr)"
18169356450,6464,369062,35,1,1,128,1,1,16,0.000,0.000,,,,,NVIDIA A100-SXM4-40GB MIG 4g.20gb (0),1,,13,cupy_copy__complex64_complex64
18169366722,4032,369071,1,1,1,1,1,1,18,0.000,0.000,,,,,NVIDIA A100-SXM4-40GB MIG 4g.20gb (0),1,,13,cupy_copy__float32_float32
18169378850,1600,369077,,,,,,,,,,0.000,2.500,Device,Pageable,NVIDIA A100-SXM4-40GB MIG 4g.20gb (0),1,,7,[CUDA memcpy Device-to-Host]
18169467361,16416,369088,1434,1,1,128,1,1,16,0.000,0.000,,,,,NVIDIA A100-SXM4-40GB MIG 4g.20gb (0),1,,13,cupy_copy__complex64_complex64
18173122072,16544,369095,103,1,1,128,1,1,16,0.000,0.000,,,,,NVIDIA A100-SXM4-40GB MIG 4g.20gb (0),1,,13,cupy_copy__complex64_complex64
18173933135,9952,369102,35,1,1,128,1,1,16,0.000,0.000,,,,,NVIDIA A100-SXM4-40GB MIG 4g.20gb (0),1,,13,cupy_copy__complex64_complex64
18174256363,5056,369109,1,1,1,1,1,1,18,0.000,0.000,,,,,NVIDIA A100-SXM4-40GB MIG 4g.20gb (0),1,,13,cupy_copy__float32_float32
18178043553,276573,369120,1,1,1,32,32,1,30,0.000,0.000,,,,,NVIDIA A100-SXM4-40GB MIG 4g.20gb (0),1,,13,"void convert_kernel<__half2, float2>(tensor_layout_any, T1 *, tensor_layout_any, const T2 *)"
18178350526,5855,369123,,,,,,,,,,0.094,16002.715,Pinned,Device,NVIDIA A100-SXM4-40GB MIG 4g.20gb (0),1,,13,[CUDA memcpy Host-to-Device]
18178948631,5024,369124,,,,,,,,,,1.547,307846.227,Device,,NVIDIA A100-SXM4-40GB MIG 4g.20gb (0),1,,13,[CUDA memset]
18178955831,4256,369129,,,,,,,,,,0.031,7353.371,Pinned,Device,NVIDIA A100-SXM4-40GB MIG 4g.20gb (0),1,,13,[CUDA memcpy Host-to-Device]
18178964599,10912,369130,,,,,,,,,,0.197,18017.550,Pinned,Device,NVIDIA A100-SXM4-40GB MIG 4g.20gb (0),1,,13,[CUDA memcpy Host-to-Device]
18179641103,29312,369131,273,1,1,8,4,1,39,0.002,0.000,,,,,NVIDIA A100-SXM4-40GB MIG 4g.20gb (0),1,,13,"void channel_eq::eqMmseCoefCompLowMimoKernel<float, float, float, (unsigned int)4, (unsigned int)1, (unsigned int)4>(const channel_eq::_puschRxChEqStatDescr *, channel_eq::_puschRxChEqCoefCompDynDescr)"
18179671951,36479,369132,273,1,1,12,11,1,51,0.002,0.000,,,,,NVIDIA A100-SXM4-40GB MIG 4g.20gb (0),1,,13,"void channel_eq::eqMmseSoftDemapKernel<float, __half, __half, float, (unsigned int)4, (unsigned short)16383>(channel_eq::_puschRxChEqStatDescr *, channel_eq::_puschRxChEqSoftDemapDynDescr)"
18179711022,362876,369133,1,1,1,32,32,1,30,0.000,0.000,,,,,NVIDIA A100-SXM4-40GB MIG 4g.20gb (0),1,,13,"void convert_kernel<float2, __half2>(tensor_layout_any, T1 *, tensor_layout_any, const T2 *)"
18180398599,22047,369145,2253,1,1,128,1,1,16,0.000,0.000,,,,,NVIDIA A100-SXM4-40GB MIG 4g.20gb (0),1,,13,cupy_copy__float16_float16
18180470310,6144,369154,282,1,1,128,1,1,16,0.000,0.000,,,,,NVIDIA A100-SXM4-40GB MIG 4g.20gb (0),1,,13,cupy_copy__complex64_complex64
18183828416,10080,369163,26,1,1,128,1,1,16,0.000,0.000,,,,,NVIDIA A100-SXM4-40GB MIG 4g.20gb (0),1,,13,cupy_copy__float32_float32
18184656471,9344,369172,103,1,1,128,1,1,16,0.000,0.000,,,,,NVIDIA A100-SXM4-40GB MIG 4g.20gb (0),1,,13,cupy_copy__complex64_complex64
18188361902,18271,369182,1434,1,1,128,1,1,16,0.000,0.000,,,,,NVIDIA A100-SXM4-40GB MIG 4g.20gb (0),1,,13,cupy_copy__complex64_complex64
18189232644,322300,369187,1,1,1,32,32,1,30,0.000,0.000,,,,,NVIDIA A100-SXM4-40GB MIG 4g.20gb (0),1,,13,"void convert_kernel<__half2, float2>(tensor_layout_any, T1 *, tensor_layout_any, const T2 *)"
18189586272,5664,369190,,,,,,,,,,0.094,16542.310,Pinned,Device,NVIDIA A100-SXM4-40GB MIG 4g.20gb (0),1,,13,[CUDA memcpy Host-to-Device]
18189733790,614265,369191,,,,,,,,,,456.561,742825.463,Device,,NVIDIA A100-SXM4-40GB MIG 4g.20gb (0),1,,13,[CUDA memset]
18190357911,52736,369196,,,,,,,,,,1.235,23417.008,Pinned,Device,NVIDIA A100-SXM4-40GB MIG 4g.20gb (0),1,,13,[CUDA memcpy Host-to-Device]
18190414039,10272,369197,,,,,,,,,,0.197,19140.182,Pinned,Device,NVIDIA A100-SXM4-40GB MIG 4g.20gb (0),1,,13,[CUDA memcpy Host-to-Device]
18190623668,13760,369198,69,4,1,48,1,1,76,0.002,0.000,,,,,NVIDIA A100-SXM4-40GB MIG 4g.20gb (0),1,,13,"void ch_est::windowedChEstPreNoDftSOfdmKernel<float, __half, float, (unsigned int)2, (unsigned int)1, (unsigned short)4>(ch_est::puschRxChEstStatDescr_t *, ch_est::puschRxChEstDynDescr_t *)"
18193334614,48383,369199,137,2,1,24,2,1,44,0.001,0.001,,,,,NVIDIA A100-SXM4-40GB MIG 4g.20gb (0),1,,13,"void ch_est::chEstFilterNoDftSOfdmDispatchKernel<float, __half, float, (unsigned int)2>(ch_est::puschRxChEstStatDescr_t *, ch_est::puschRxChEstDynDescr_t *)"
18193638515,13087,369200,137,2,1,24,2,1,44,0.001,0.001,,,,,NVIDIA A100-SXM4-40GB MIG 4g.20gb (0),1,,13,"void ch_est::chEstFilterNoDftSOfdmDispatchKernel<float, __half, float, (unsigned int)2>(ch_est::puschRxChEstStatDescr_t *, ch_est::puschRxChEstDynDescr_t *)"
18194144813,8256,369211,103,1,1,128,1,1,16,0.000,0.000,,,,,NVIDIA A100-SXM4-40GB MIG 4g.20gb (0),1,,13,cupy_copy__complex64_complex64
18196873454,22912,369221,1434,1,1,128,1,1,16,0.000,0.000,,,,,NVIDIA A100-SXM4-40GB MIG 4g.20gb (0),1,,13,cupy_copy__complex64_complex64
18197280618,6496,369228,103,1,1,128,1,1,16,0.000,0.000,,,,,NVIDIA A100-SXM4-40GB MIG 4g.20gb (0),1,,13,cupy_copy__complex64_complex64
18197288618,229309,369235,1,1,1,32,32,1,30,0.000,0.000,,,,,NVIDIA A100-SXM4-40GB MIG 4g.20gb (0),1,,13,"void convert_kernel<__half2, float2>(tensor_layout_any, T1 *, tensor_layout_any, const T2 *)"
18197546791,5344,369238,,,,,,,,,,0.094,17532.864,Pinned,Device,NVIDIA A100-SXM4-40GB MIG 4g.20gb (0),1,,13,[CUDA memcpy Host-to-Device]
18197559815,47071,369239,,,,,,,,,,35.810,760745.940,Device,,NVIDIA A100-SXM4-40GB MIG 4g.20gb (0),1,,13,[CUDA memset]
18197613798,1856,369241,,,,,,,,,,0.000,43.103,Pinned,Device,NVIDIA A100-SXM4-40GB MIG 4g.20gb (0),1,,13,[CUDA memcpy Host-to-Device]
18197618566,9440,369242,,,,,,,,,,0.197,20827.079,Pinned,Device,NVIDIA A100-SXM4-40GB MIG 4g.20gb (0),1,,13,[CUDA memcpy Host-to-Device]
18197632678,8800,369243,273,1,1,48,1,1,40,0.000,0.001,,,,,NVIDIA A100-SXM4-40GB MIG 4g.20gb (0),1,,13,"void pusch_noise_intf_est::noiseIntfEstNoDftSOfdmKernel<float, __half, float, float, (unsigned int)2, (unsigned int)1, (unsigned char)4, (unsigned char)4>(pusch_noise_intf_est::puschRxNoiseIntfEstDynDescr)"
18197643654,3328,369254,35,1,1,128,1,1,16,0.000,0.000,,,,,NVIDIA A100-SXM4-40GB MIG 4g.20gb (0),1,,13,cupy_copy__complex64_complex64
18197669542,1888,369263,1,1,1,1,1,1,18,0.000,0.000,,,,,NVIDIA A100-SXM4-40GB MIG 4g.20gb (0),1,,13,cupy_copy__float32_float32
18197714341,1600,369269,,,,,,,,,,0.000,2.500,Device,Pageable,NVIDIA A100-SXM4-40GB MIG 4g.20gb (0),1,,7,[CUDA memcpy Device-to-Host]
18197780068,12992,369280,1434,1,1,128,1,1,16,0.000,0.000,,,,,NVIDIA A100-SXM4-40GB MIG 4g.20gb (0),1,,13,cupy_copy__complex64_complex64
18197806852,2752,369287,103,1,1,128,1,1,16,0.000,0.000,,,,,NVIDIA A100-SXM4-40GB MIG 4g.20gb (0),1,,13,cupy_copy__complex64_complex64
18197832868,2208,369294,35,1,1,128,1,1,16,0.000,0.000,,,,,NVIDIA A100-SXM4-40GB MIG 4g.20gb (0),1,,13,cupy_copy__complex64_complex64
18197860067,1856,369301,1,1,1,1,1,1,18,0.000,0.000,,,,,NVIDIA A100-SXM4-40GB MIG 4g.20gb (0),1,,13,cupy_copy__float32_float32
18198036161,79616,369312,1,1,1,32,32,1,30,0.000,0.000,,,,,NVIDIA A100-SXM4-40GB MIG 4g.20gb (0),1,,13,"void convert_kernel<__half2, float2>(tensor_layout_any, T1 *, tensor_layout_any, const T2 *)"
18198157120,5376,369315,,,,,,,,,,0.094,17428.487,Pinned,Device,NVIDIA A100-SXM4-40GB MIG 4g.20gb (0),1,,13,[CUDA memcpy Host-to-Device]
18198176448,3168,369316,,,,,,,,,,1.547,488201.145,Device,,NVIDIA A100-SXM4-40GB MIG 4g.20gb (0),1,,13,[CUDA memset]
18198182656,3008,369321,,,,,,,,,,0.031,10404.230,Pinned,Device,NVIDIA A100-SXM4-40GB MIG 4g.20gb (0),1,,13,[CUDA memcpy Host-to-Device]
18198187744,9504,369322,,,,,,,,,,0.197,20686.701,Pinned,Device,NVIDIA A100-SXM4-40GB MIG 4g.20gb (0),1,,13,[CUDA memcpy Host-to-Device]
18198202144,6656,369323,273,1,1,8,4,1,39,0.002,0.000,,,,,NVIDIA A100-SXM4-40GB MIG 4g.20gb (0),1,,13,"void channel_eq::eqMmseCoefCompLowMimoKernel<float, float, float, (unsigned int)4, (unsigned int)1, (unsigned int)4>(const channel_eq::_puschRxChEqStatDescr *, channel_eq::_puschRxChEqCoefCompDynDescr)"
18198210496,6623,369324,273,1,1,12,11,1,51,0.002,0.000,,,,,NVIDIA A100-SXM4-40GB MIG 4g.20gb (0),1,,13,"void channel_eq::eqMmseSoftDemapKernel<float, __half, __half, float, (unsigned int)4, (unsigned short)16383>(channel_eq::_puschRxChEqStatDescr *, channel_eq::_puschRxChEqSoftDemapDynDescr)"
18198218815,417980,369325,1,1,1,32,32,1,30,0.000,0.000,,,,,NVIDIA A100-SXM4-40GB MIG 4g.20gb (0),1,,13,"void convert_kernel<float2, __half2>(tensor_layout_any, T1 *, tensor_layout_any, const T2 *)"
18198757721,15872,369337,2253,1,1,128,1,1,16,0.000,0.000,,,,,NVIDIA A100-SXM4-40GB MIG 4g.20gb (0),1,,13,cupy_copy__float16_float16
18198856376,8352,369346,282,1,1,128,1,1,16,0.000,0.000,,,,,NVIDIA A100-SXM4-40GB MIG 4g.20gb (0),1,,13,cupy_copy__complex64_complex64
18198984759,3200,369355,26,1,1,128,1,1,16,0.000,0.000,,,,,NVIDIA A100-SXM4-40GB MIG 4g.20gb (0),1,,13,cupy_copy__float32_float32
18199073110,13408,369364,103,1,1,128,1,1,16,0.000,0.000,,,,,NVIDIA A100-SXM4-40GB MIG 4g.20gb (0),1,,13,cupy_copy__complex64_complex64
18199197364,20096,369374,1434,1,1,128,1,1,16,0.000,0.000,,,,,NVIDIA A100-SXM4-40GB MIG 4g.20gb (0),1,,13,cupy_copy__complex64_complex64
18199356627,328476,369379,1,1,1,32,32,1,30,0.000,0.000,,,,,NVIDIA A100-SXM4-40GB MIG 4g.20gb (0),1,,13,"void convert_kernel<__half2, float2>(tensor_layout_any, T1 *, tensor_layout_any, const T2 *)"
18199713775,6944,369382,,,,,,,,,,0.094,13493.067,Pinned,Device,NVIDIA A100-SXM4-40GB MIG 4g.20gb (0),1,,13,[CUDA memcpy Host-to-Device]
18200010571,620281,369383,,,,,,,,,,456.561,735977.041,Device,,NVIDIA A100-SXM4-40GB MIG 4g.20gb (0),1,,13,[CUDA memset]
18200631940,52352,369388,,,,,,,,,,1.235,23588.665,Pinned,Device,NVIDIA A100-SXM4-40GB MIG 4g.20gb (0),1,,13,[CUDA memcpy Host-to-Device]
18200687236,10368,369389,,,,,,,,,,0.197,18962.842,Pinned,Device,NVIDIA A100-SXM4-40GB MIG 4g.20gb (0),1,,13,[CUDA memcpy Host-to-Device]
18201012832,21920,369390,69,4,1,48,1,1,76,0.002,0.000,,,,,NVIDIA A100-SXM4-40GB MIG 4g.20gb (0),1,,13,"void ch_est::windowedChEstPreNoDftSOfdmKernel<float, __half, float, (unsigned int)2, (unsigned int)1, (unsigned short)4>(ch_est::puschRxChEstStatDescr_t *, ch_est::puschRxChEstDynDescr_t *)"
18201652249,13888,369391,137,2,1,24,2,1,44,0.001,0.001,,,,,NVIDIA A100-SXM4-40GB MIG 4g.20gb (0),1,,13,"void ch_est::chEstFilterNoDftSOfdmDispatchKernel<float, __half, float, (unsigned int)2>(ch_est::puschRxChEstStatDescr_t *, ch_est::puschRxChEstDynDescr_t *)"
18202371537,16416,369392,137,2,1,24,2,1,44,0.001,0.001,,,,,NVIDIA A100-SXM4-40GB MIG 4g.20gb (0),1,,13,"void ch_est::chEstFilterNoDftSOfdmDispatchKernel<float, __half, float, (unsigned int)2>(ch_est::puschRxChEstStatDescr_t *, ch_est::puschRxChEstDynDescr_t *)"
18202701101,4512,369403,103,1,1,128,1,1,16,0.000,0.000,,,,,NVIDIA A100-SXM4-40GB MIG 4g.20gb (0),1,,13,cupy_copy__complex64_complex64
18203309543,16831,369413,1434,1,1,128,1,1,16,0.000,0.000,,,,,NVIDIA A100-SXM4-40GB MIG 4g.20gb (0),1,,13,cupy_copy__complex64_complex64
18203815457,5760,369420,103,1,1,128,1,1,16,0.000,0.000,,,,,NVIDIA A100-SXM4-40GB MIG 4g.20gb (0),1,,13,cupy_copy__complex64_complex64
18203921632,202237,369427,1,1,1,32,32,1,30,0.000,0.000,,,,,NVIDIA A100-SXM4-40GB MIG 4g.20gb (0),1,,13,"void convert_kernel<__half2, float2>(tensor_layout_any, T1 *, tensor_layout_any, const T2 *)"
18204153437,7552,369430,,,,,,,,,,0.094,12406.756,Pinned,Device,NVIDIA A100-SXM4-40GB MIG 4g.20gb (0),1,,13,[CUDA memcpy Host-to-Device]
18204393978,49632,369431,,,,,,,,,,35.810,721498.268,Device,,NVIDIA A100-SXM4-40GB MIG 4g.20gb (0),1,,13,[CUDA memset]
18204448410,2240,369433,,,,,,,,,,0.000,35.714,Pinned,Device,NVIDIA A100-SXM4-40GB MIG 4g.20gb (0),1,,13,[CUDA memcpy Host-to-Device]
18204453434,10048,369434,,,,,,,,,,0.197,19566.821,Pinned,Device,NVIDIA A100-SXM4-40GB MIG 4g.20gb (0),1,,13,[CUDA memcpy Host-to-Device]
18204939668,18688,369435,273,1,1,48,1,1,40,0.000,0.001,,,,,NVIDIA A100-SXM4-40GB MIG 4g.20gb (0),1,,13,"void pusch_noise_intf_est::noiseIntfEstNoDftSOfdmKernel<float, __half, float, float, (unsigned int)2, (unsigned int)1, (unsigned char)4, (unsigned char)4>(pusch_noise_intf_est::puschRxNoiseIntfEstDynDescr)"
18205309264,8928,369446,35,1,1,128,1,1,16,0.000,0.000,,,,,NVIDIA A100-SXM4-40GB MIG 4g.20gb (0),1,,13,cupy_copy__complex64_complex64
18205380207,5216,369455,1,1,1,1,1,1,18,0.000,0.000,,,,,NVIDIA A100-SXM4-40GB MIG 4g.20gb (0),1,,13,cupy_copy__float32_float32
18205440303,1600,369461,,,,,,,,,,0.000,2.500,Device,Pageable,NVIDIA A100-SXM4-40GB MIG 4g.20gb (0),1,,7,[CUDA memcpy Device-to-Host]
18205836874,37152,369472,1434,1,1,128,1,1,16,0.000,0.000,,,,,NVIDIA A100-SXM4-40GB MIG 4g.20gb (0),1,,13,cupy_copy__complex64_complex64
18206304549,5952,369479,103,1,1,128,1,1,16,0.000,0.000,,,,,NVIDIA A100-SXM4-40GB MIG 4g.20gb (0),1,,13,cupy_copy__complex64_complex64
18206483843,11616,369486,35,1,1,128,1,1,16,0.000,0.000,,,,,NVIDIA A100-SXM4-40GB MIG 4g.20gb (0),1,,13,cupy_copy__complex64_complex64
18206967358,5024,369493,1,1,1,1,1,1,18,0.000,0.000,,,,,NVIDIA A100-SXM4-40GB MIG 4g.20gb (0),1,,13,cupy_copy__float32_float32
18207057021,193373,369504,1,1,1,32,32,1,30,0.000,0.000,,,,,NVIDIA A100-SXM4-40GB MIG 4g.20gb (0),1,,13,"void convert_kernel<__half2, float2>(tensor_layout_any, T1 *, tensor_layout_any, const T2 *)"
18207281082,5504,369507,,,,,,,,,,0.094,17023.251,Pinned,Device,NVIDIA A100-SXM4-40GB MIG 4g.20gb (0),1,,13,[CUDA memcpy Host-to-Device]
18207437432,4320,369508,,,,,,,,,,1.547,358014.070,Device,,NVIDIA A100-SXM4-40GB MIG 4g.20gb (0),1,,13,[CUDA memset]
18207443960,3424,369513,,,,,,,,,,0.031,9140.185,Pinned,Device,NVIDIA A100-SXM4-40GB MIG 4g.20gb (0),1,,13,[CUDA memcpy Host-to-Device]
18207450232,9760,369514,,,,,,,,,,0.197,20144.259,Pinned,Device,NVIDIA A100-SXM4-40GB MIG 4g.20gb (0),1,,13,[CUDA memcpy Host-to-Device]
18207625782,42816,369515,273,1,1,8,4,1,39,0.002,0.000,,,,,NVIDIA A100-SXM4-40GB MIG 4g.20gb (0),1,,13,"void channel_eq::eqMmseCoefCompLowMimoKernel<float, float, float, (unsigned int)4, (unsigned int)1, (unsigned int)4>(const channel_eq::_puschRxChEqStatDescr *, channel_eq::_puschRxChEqCoefCompDynDescr)"
18207875955,14016,369516,273,1,1,12,11,1,51,0.002,0.000,,,,,NVIDIA A100-SXM4-40GB MIG 4g.20gb (0),1,,13,"void channel_eq::eqMmseSoftDemapKernel<float, __half, __half, float, (unsigned int)4, (unsigned short)16383>(channel_eq::_puschRxChEqStatDescr *, channel_eq::_puschRxChEqSoftDemapDynDescr)"
18208183152,773815,369517,1,1,1,32,32,1,30,0.000,0.000,,,,,NVIDIA A100-SXM4-40GB MIG 4g.20gb (0),1,,13,"void convert_kernel<float2, __half2>(tensor_layout_any, T1 *, tensor_layout_any, const T2 *)"
18209150053,20288,369529,2253,1,1,128,1,1,16,0.000,0.000,,,,,NVIDIA A100-SXM4-40GB MIG 4g.20gb (0),1,,13,cupy_copy__float16_float16
18209337411,7584,369538,282,1,1,128,1,1,16,0.000,0.000,,,,,NVIDIA A100-SXM4-40GB MIG 4g.20gb (0),1,,13,cupy_copy__complex64_complex64
18209350371,3104,369547,26,1,1,128,1,1,16,0.000,0.000,,,,,NVIDIA A100-SXM4-40GB MIG 4g.20gb (0),1,,13,cupy_copy__float32_float32
18209439714,11360,369556,103,1,1,128,1,1,16,0.000,0.000,,,,,NVIDIA A100-SXM4-40GB MIG 4g.20gb (0),1,,13,cupy_copy__complex64_complex64
18209454626,13408,369566,1434,1,1,128,1,1,16,0.000,0.000,,,,,NVIDIA A100-SXM4-40GB MIG 4g.20gb (0),1,,13,cupy_copy__complex64_complex64
18209548769,348380,369571,1,1,1,32,32,1,30,0.000,0.000,,,,,NVIDIA A100-SXM4-40GB MIG 4g.20gb (0),1,,13,"void convert_kernel<__half2, float2>(tensor_layout_any, T1 *, tensor_layout_any, const T2 *)"
18209926173,6015,369574,,,,,,,,,,0.094,15577.054,Pinned,Device,NVIDIA A100-SXM4-40GB MIG 4g.20gb (0),1,,13,[CUDA memcpy Host-to-Device]
18210001628,640153,369575,,,,,,,,,,456.561,713148.969,Device,,NVIDIA A100-SXM4-40GB MIG 4g.20gb (0),1,,13,[CUDA memset]
18210642453,54751,369580,,,,,,,,,,1.235,22555.017,Pinned,Device,NVIDIA A100-SXM4-40GB MIG 4g.20gb (0),1,,13,[CUDA memcpy Host-to-Device]
18210699668,10496,369581,,,,,,,,,,0.197,18731.631,Pinned,Device,NVIDIA A100-SXM4-40GB MIG 4g.20gb (0),1,,13,[CUDA memcpy Host-to-Device]
18210984369,15296,369582,69,4,1,48,1,1,76,0.002,0.000,,,,,NVIDIA A100-SXM4-40GB MIG 4g.20gb (0),1,,13,"void ch_est::windowedChEstPreNoDftSOfdmKernel<float, __half, float, (unsigned int)2, (unsigned int)1, (unsigned short)4>(ch_est::puschRxChEstStatDescr_t *, ch_est::puschRxChEstDynDescr_t *)"
18211178255,27935,369583,137,2,1,24,2,1,44,0.001,0.001,,,,,NVIDIA A100-SXM4-40GB MIG 4g.20gb (0),1,,13,"void ch_est::chEstFilterNoDftSOfdmDispatchKernel<float, __half, float, (unsigned int)2>(ch_est::puschRxChEstStatDescr_t *, ch_est::puschRxChEstDynDescr_t *)"
18211287597,19232,369584,137,2,1,24,2,1,44,0.001,0.001,,,,,NVIDIA A100-SXM4-40GB MIG 4g.20gb (0),1,,13,"void ch_est::chEstFilterNoDftSOfdmDispatchKernel<float, __half, float, (unsigned int)2>(ch_est::puschRxChEstStatDescr_t *, ch_est::puschRxChEstDynDescr_t *)"
18211473995,16640,369595,103,1,1,128,1,1,16,0.000,0.000,,,,,NVIDIA A100-SXM4-40GB MIG 4g.20gb (0),1,,13,cupy_copy__complex64_complex64
18211583242,18112,369605,1434,1,1,128,1,1,16,0.000,0.000,,,,,NVIDIA A100-SXM4-40GB MIG 4g.20gb (0),1,,13,cupy_copy__complex64_complex64
18211775912,15712,369612,103,1,1,128,1,1,16,0.000,0.000,,,,,NVIDIA A100-SXM4-40GB MIG 4g.20gb (0),1,,13,cupy_copy__complex64_complex64
18211885991,379451,369619,1,1,1,32,32,1,30,0.000,0.000,,,,,NVIDIA A100-SXM4-40GB MIG 4g.20gb (0),1,,13,"void convert_kernel<__half2, float2>(tensor_layout_any, T1 *, tensor_layout_any, const T2 *)"
18212294594,6048,369622,,,,,,,,,,0.094,15491.978,Pinned,Device,NVIDIA A100-SXM4-40GB MIG 4g.20gb (0),1,,13,[CUDA memcpy Host-to-Device]
18212640350,51840,369623,,,,,,,,,,35.810,690773.357,Device,,NVIDIA A100-SXM4-40GB MIG 4g.20gb (0),1,,13,[CUDA memset]
18212693886,3712,369625,,,,,,,,,,0.000,21.552,Pinned,Device,NVIDIA A100-SXM4-40GB MIG 4g.20gb (0),1,,13,[CUDA memcpy Host-to-Device]
18212700414,9887,369626,,,,,,,,,,0.197,19885.326,Pinned,Device,NVIDIA A100-SXM4-40GB MIG 4g.20gb (0),1,,13,[CUDA memcpy Host-to-Device]
18213109049,23008,369627,273,1,1,48,1,1,40,0.000,0.001,,,,,NVIDIA A100-SXM4-40GB MIG 4g.20gb (0),1,,13,"void pusch_noise_intf_est::noiseIntfEstNoDftSOfdmKernel<float, __half, float, float, (unsigned int)2, (unsigned int)1, (unsigned char)4, (unsigned char)4>(pusch_noise_intf_est::puschRxNoiseIntfEstDynDescr)"
18213514100,4640,369638,35,1,1,128,1,1,16,0.000,0.000,,,,,NVIDIA A100-SXM4-40GB MIG 4g.20gb (0),1,,13,cupy_copy__complex64_complex64
18213815217,8704,369647,1,1,1,1,1,1,18,0.000,0.000,,,,,NVIDIA A100-SXM4-40GB MIG 4g.20gb (0),1,,13,cupy_copy__float32_float32
18213834449,1824,369653,,,,,,,,,,0.000,2.193,Device,Pageable,NVIDIA A100-SXM4-40GB MIG 4g.20gb (0),1,,7,[CUDA memcpy Device-to-Host]
18214035375,18751,369664,1434,1,1,128,1,1,16,0.000,0.000,,,,,NVIDIA A100-SXM4-40GB MIG 4g.20gb (0),1,,13,cupy_copy__complex64_complex64
18214323499,4224,369671,103,1,1,128,1,1,16,0.000,0.000,,,,,NVIDIA A100-SXM4-40GB MIG 4g.20gb (0),1,,13,cupy_copy__complex64_complex64
18214330571,3232,369678,35,1,1,128,1,1,16,0.000,0.000,,,,,NVIDIA A100-SXM4-40GB MIG 4g.20gb (0),1,,13,cupy_copy__complex64_complex64
18214422730,3296,369685,1,1,1,1,1,1,18,0.000,0.000,,,,,NVIDIA A100-SXM4-40GB MIG 4g.20gb (0),1,,13,cupy_copy__float32_float32
18214427850,287965,369696,1,1,1,32,32,1,30,0.000,0.000,,,,,NVIDIA A100-SXM4-40GB MIG 4g.20gb (0),1,,13,"void convert_kernel<__half2, float2>(tensor_layout_any, T1 *, tensor_layout_any, const T2 *)"
18214745607,5600,369699,,,,,,,,,,0.094,16731.388,Pinned,Device,NVIDIA A100-SXM4-40GB MIG 4g.20gb (0),1,,13,[CUDA memcpy Host-to-Device]
18214839622,5056,369700,,,,,,,,,,1.547,305897.481,Device,,NVIDIA A100-SXM4-40GB MIG 4g.20gb (0),1,,13,[CUDA memset]
18214848358,3039,369705,,,,,,,,,,0.031,10298.105,Pinned,Device,NVIDIA A100-SXM4-40GB MIG 4g.20gb (0),1,,13,[CUDA memcpy Host-to-Device]
18214856133,9376,369706,,,,,,,,,,0.197,20969.226,Pinned,Device,NVIDIA A100-SXM4-40GB MIG 4g.20gb (0),1,,13,[CUDA memcpy Host-to-Device]
18214869925,7616,369707,273,1,1,8,4,1,39,0.002,0.000,,,,,NVIDIA A100-SXM4-40GB MIG 4g.20gb (0),1,,13,"void channel_eq::eqMmseCoefCompLowMimoKernel<float, float, float, (unsigned int)4, (unsigned int)1, (unsigned int)4>(const channel_eq::_puschRxChEqStatDescr *, channel_eq::_puschRxChEqCoefCompDynDescr)"
18214879557,7744,369708,273,1,1,12,11,1,51,0.002,0.000,,,,,NVIDIA A100-SXM4-40GB MIG 4g.20gb (0),1,,13,"void channel_eq::eqMmseSoftDemapKernel<float, __half, __half, float, (unsigned int)4, (unsigned short)16383>(channel_eq::_puschRxChEqStatDescr *, channel_eq::_puschRxChEqSoftDemapDynDescr)"
18214889221,284061,369709,1,1,1,32,32,1,30,0.000,0.000,,,,,NVIDIA A100-SXM4-40GB MIG 4g.20gb (0),1,,13,"void convert_kernel<float2, __half2>(tensor_layout_any, T1 *, tensor_layout_any, const T2 *)"
18215175170,10848,369721,2253,1,1,128,1,1,16,0.000,0.000,,,,,NVIDIA A100-SXM4-40GB MIG 4g.20gb (0),1,,13,cupy_copy__float16_float16
18215199138,3296,369730,282,1,1,128,1,1,16,0.000,0.000,,,,,NVIDIA A100-SXM4-40GB MIG 4g.20gb (0),1,,13,cupy_copy__complex64_complex64
18215239713,4384,369739,26,1,1,128,1,1,16,0.000,0.000,,,,,NVIDIA A100-SXM4-40GB MIG 4g.20gb (0),1,,13,cupy_copy__float32_float32
18215246209,4800,369748,103,1,1,128,1,1,16,0.000,0.000,,,,,NVIDIA A100-SXM4-40GB MIG 4g.20gb (0),1,,13,cupy_copy__complex64_complex64
18215342016,16704,369758,1434,1,1,128,1,1,16,0.000,0.000,,,,,NVIDIA A100-SXM4-40GB MIG 4g.20gb (0),1,,13,cupy_copy__complex64_complex64
18215466783,432539,369763,1,1,1,32,32,1,30,0.000,0.000,,,,,NVIDIA A100-SXM4-40GB MIG 4g.20gb (0),1,,13,"void convert_kernel<__half2, float2>(tensor_layout_any, T1 *, tensor_layout_any, const T2 *)"
18215929209,5536,369766,,,,,,,,,,0.094,16924.777,Pinned,Device,NVIDIA A100-SXM4-40GB MIG 4g.20gb (0),1,,13,[CUDA memcpy Host-to-Device]
18216196342,616122,369767,,,,,,,,,,456.561,740999.217,Device,,NVIDIA A100-SXM4-40GB MIG 4g.20gb (0),1,,13,[CUDA memset]
18216820975,56128,369772,,,,,,,,,,1.235,22001.762,Pinned,Device,NVIDIA A100-SXM4-40GB MIG 4g.20gb (0),1,,13,[CUDA memcpy Host-to-Device]
18216880015,10816,369773,,,,,,,,,,0.197,18177.393,Pinned,Device,NVIDIA A100-SXM4-40GB MIG 4g.20gb (0),1,,13,[CUDA memcpy Host-to-Device]
18217426249,20095,369774,69,4,1,48,1,1,76,0.002,0.000,,,,,NVIDIA A100-SXM4-40GB MIG 4g.20gb (0),1,,13,"void ch_est::windowedChEstPreNoDftSOfdmKernel<float, __half, float, (unsigned int)2, (unsigned int)1, (unsigned short)4>(ch_est::puschRxChEstStatDescr_t *, ch_est::puschRxChEstDynDescr_t *)"
18217744197,14560,369775,137,2,1,24,2,1,44,0.001,0.001,,,,,NVIDIA A100-SXM4-40GB MIG 4g.20gb (0),1,,13,"void ch_est::chEstFilterNoDftSOfdmDispatchKernel<float, __half, float, (unsigned int)2>(ch_est::puschRxChEstStatDescr_t *, ch_est::puschRxChEstDynDescr_t *)"
18218431453,18816,369776,137,2,1,24,2,1,44,0.001,0.001,,,,,NVIDIA A100-SXM4-40GB MIG 4g.20gb (0),1,,13,"void ch_est::chEstFilterNoDftSOfdmDispatchKernel<float, __half, float, (unsigned int)2>(ch_est::puschRxChEstStatDescr_t *, ch_est::puschRxChEstDynDescr_t *)"
18218977335,6368,369787,103,1,1,128,1,1,16,0.000,0.000,,,,,NVIDIA A100-SXM4-40GB MIG 4g.20gb (0),1,,13,cupy_copy__complex64_complex64
18219464146,27008,369797,1434,1,1,128,1,1,16,0.000,0.000,,,,,NVIDIA A100-SXM4-40GB MIG 4g.20gb (0),1,,13,cupy_copy__complex64_complex64
18220010956,5984,369804,103,1,1,128,1,1,16,0.000,0.000,,,,,NVIDIA A100-SXM4-40GB MIG 4g.20gb (0),1,,13,cupy_copy__complex64_complex64
18220339368,331420,369811,1,1,1,32,32,1,30,0.000,0.000,,,,,NVIDIA A100-SXM4-40GB MIG 4g.20gb (0),1,,13,"void convert_kernel<__half2, float2>(tensor_layout_any, T1 *, tensor_layout_any, const T2 *)"
18220700676,5600,369814,,,,,,,,,,0.094,16731.388,Pinned,Device,NVIDIA A100-SXM4-40GB MIG 4g.20gb (0),1,,13,[CUDA memcpy Host-to-Device]
18220933761,57856,369815,,,,,,,,,,35.810,618938.657,Device,,NVIDIA A100-SXM4-40GB MIG 4g.20gb (0),1,,13,[CUDA memset]
18220996545,2752,369817,,,,,,,,,,0.000,29.070,Pinned,Device,NVIDIA A100-SXM4-40GB MIG 4g.20gb (0),1,,13,[CUDA memcpy Host-to-Device]
18221001729,9760,369818,,,,,,,,,,0.197,20144.259,Pinned,Device,NVIDIA A100-SXM4-40GB MIG 4g.20gb (0),1,,13,[CUDA memcpy Host-to-Device]
18221524283,24128,369819,273,1,1,48,1,1,40,0.000,0.001,,,,,NVIDIA A100-SXM4-40GB MIG 4g.20gb (0),1,,13,"void pusch_noise_intf_est::noiseIntfEstNoDftSOfdmKernel<float, __half, float, float, (unsigned int)2, (unsigned int)1, (unsigned char)4, (unsigned char)4>(pusch_noise_intf_est::puschRxNoiseIntfEstDynDescr)"
18221979958,4128,369830,35,1,1,128,1,1,16,0.000,0.000,,,,,NVIDIA A100-SXM4-40GB MIG 4g.20gb (0),1,,13,cupy_copy__complex64_complex64
18222419633,4256,369839,1,1,1,1,1,1,18,0.000,0.000,,,,,NVIDIA A100-SXM4-40GB MIG 4g.20gb (0),1,,13,cupy_copy__float32_float32
18222430705,1696,369845,,,,,,,,,,0.000,2.358,Device,Pageable,NVIDIA A100-SXM4-40GB MIG 4g.20gb (0),1,,7,[CUDA memcpy Device-to-Host]
18222999658,19104,369856,1434,1,1,128,1,1,16,0.000,0.000,,,,,NVIDIA A100-SXM4-40GB MIG 4g.20gb (0),1,,13,cupy_copy__complex64_complex64
18223488037,4320,369863,103,1,1,128,1,1,16,0.000,0.000,,,,,NVIDIA A100-SXM4-40GB MIG 4g.20gb (0),1,,13,cupy_copy__complex64_complex64
18223821729,10560,369870,35,1,1,128,1,1,16,0.000,0.000,,,,,NVIDIA A100-SXM4-40GB MIG 4g.20gb (0),1,,13,cupy_copy__complex64_complex64
18224008703,4416,369877,1,1,1,1,1,1,18,0.000,0.000,,,,,NVIDIA A100-SXM4-40GB MIG 4g.20gb (0),1,,13,cupy_copy__float32_float32
18224238909,361052,369888,1,1,1,32,32,1,30,0.000,0.000,,,,,NVIDIA A100-SXM4-40GB MIG 4g.20gb (0),1,,13,"void convert_kernel<__half2, float2>(tensor_layout_any, T1 *, tensor_layout_any, const T2 *)"
18224632024,6432,369891,,,,,,,,,,0.094,14567.105,Pinned,Device,NVIDIA A100-SXM4-40GB MIG 4g.20gb (0),1,,13,[CUDA memcpy Host-to-Device]
18224856502,7776,369892,,,,,,,,,,1.547,198895.846,Device,,NVIDIA A100-SXM4-40GB MIG 4g.20gb (0),1,,13,[CUDA memset]
18224865334,3040,369897,,,,,,,,,,0.031,10294.725,Pinned,Device,NVIDIA A100-SXM4-40GB MIG 4g.20gb (0),1,,13,[CUDA memcpy Host-to-Device]
18224872277,10816,369898,,,,,,,,,,0.197,18177.393,Pinned,Device,NVIDIA A100-SXM4-40GB MIG 4g.20gb (0),1,,13,[CUDA memcpy Host-to-Device]
18225138162,25472,369899,273,1,1,8,4,1,39,0.002,0.000,,,,,NVIDIA A100-SXM4-40GB MIG 4g.20gb (0),1,,13,"void channel_eq::eqMmseCoefCompLowMimoKernel<float, float, float, (unsigned int)4, (unsigned int)1, (unsigned int)4>(const channel_eq::_puschRxChEqStatDescr *, channel_eq::_puschRxChEqCoefCompDynDescr)"
18225295729,16864,369900,273,1,1,12,11,1,51,0.002,0.000,,,,,NVIDIA A100-SXM4-40GB MIG 4g.20gb (0),1,,13,"void channel_eq::eqMmseSoftDemapKernel<float, __half, __half, float, (unsigned int)4, (unsigned short)16383>(channel_eq::_puschRxChEqStatDescr *, channel_eq::_puschRxChEqSoftDemapDynDescr)"
18225638925,790903,369901,1,1,1,32,32,1,30,0.000,0.000,,,,,NVIDIA A100-SXM4-40GB MIG 4g.20gb (0),1,,13,"void convert_kernel<float2, __half2>(tensor_layout_any, T1 *, tensor_layout_any, const T2 *)"
18226904959,14272,369913,2253,1,1,128,1,1,16,0.000,0.000,,,,,NVIDIA A100-SXM4-40GB MIG 4g.20gb (0),1,,13,cupy_copy__float16_float16
18227479352,4672,369922,282,1,1,128,1,1,16,0.000,0.000,,,,,NVIDIA A100-SXM4-40GB MIG 4g.20gb (0),1,,13,cupy_copy__complex64_complex64
18227908020,5375,369931,26,1,1,128,1,1,16,0.000,0.000,,,,,NVIDIA A100-SXM4-40GB MIG 4g.20gb (0),1,,13,cupy_copy__float32_float32
18228347439,9952,369940,103,1,1,128,1,1,16,0.000,0.000,,,,,NVIDIA A100-SXM4-40GB MIG 4g.20gb (0),1,,13,cupy_copy__complex64_complex64
18228559532,26048,369950,1434,1,1,128,1,1,16,0.000,0.000,,,,,NVIDIA A100-SXM4-40GB MIG 4g.20gb (0),1,,13,cupy_copy__complex64_complex64
18229095750,342076,369955,1,1,1,32,32,1,30,0.000,0.000,,,,,NVIDIA A100-SXM4-40GB MIG 4g.20gb (0),1,,13,"void convert_kernel<__half2, float2>(tensor_layout_any, T1 *, tensor_layout_any, const T2 *)"
18229467906,6688,369958,,,,,,,,,,0.094,14009.520,Pinned,Device,NVIDIA A100-SXM4-40GB MIG 4g.20gb (0),1,,13,[CUDA memcpy Host-to-Device]
18230029564,617657,369959,,,,,,,,,,456.561,739172.971,Device,,NVIDIA A100-SXM4-40GB MIG 4g.20gb (0),1,,13,[CUDA memset]
18230648373,52351,369964,,,,,,,,,,1.235,23588.665,Pinned,Device,NVIDIA A100-SXM4-40GB MIG 4g.20gb (0),1,,13,[CUDA memcpy Host-to-Device]
18230703412,10048,369965,,,,,,,,,,0.197,19566.821,Pinned,Device,NVIDIA A100-SXM4-40GB MIG 4g.20gb (0),1,,13,[CUDA memcpy Host-to-Device]
18231226606,23552,369966,69,4,1,48,1,1,76,0.002,0.000,,,,,NVIDIA A100-SXM4-40GB MIG 4g.20gb (0),1,,13,"void ch_est::windowedChEstPreNoDftSOfdmKernel<float, __half, float, (unsigned int)2, (unsigned int)1, (unsigned short)4>(ch_est::puschRxChEstStatDescr_t *, ch_est::puschRxChEstDynDescr_t *)"
18231444972,20192,369967,137,2,1,24,2,1,44,0.001,0.001,,,,,NVIDIA A100-SXM4-40GB MIG 4g.20gb (0),1,,13,"void ch_est::chEstFilterNoDftSOfdmDispatchKernel<float, __half, float, (unsigned int)2>(ch_est::puschRxChEstStatDescr_t *, ch_est::puschRxChEstDynDescr_t *)"
18231795432,18592,369968,137,2,1,24,2,1,44,0.001,0.001,,,,,NVIDIA A100-SXM4-40GB MIG 4g.20gb (0),1,,13,"void ch_est::chEstFilterNoDftSOfdmDispatchKernel<float, __half, float, (unsigned int)2>(ch_est::puschRxChEstStatDescr_t *, ch_est::puschRxChEstDynDescr_t *)"
18231941446,7744,369979,103,1,1,128,1,1,16,0.000,0.000,,,,,NVIDIA A100-SXM4-40GB MIG 4g.20gb (0),1,,13,cupy_copy__complex64_complex64
18231998118,19520,369989,1434,1,1,128,1,1,16,0.000,0.000,,,,,NVIDIA A100-SXM4-40GB MIG 4g.20gb (0),1,,13,cupy_copy__complex64_complex64
18232139268,6592,369996,103,1,1,128,1,1,16,0.000,0.000,,,,,NVIDIA A100-SXM4-40GB MIG 4g.20gb (0),1,,13,cupy_copy__complex64_complex64
18232196836,384571,370003,1,1,1,32,32,1,30,0.000,0.000,,,,,NVIDIA A100-SXM4-40GB MIG 4g.20gb (0),1,,13,"void convert_kernel<__half2, float2>(tensor_layout_any, T1 *, tensor_layout_any, const T2 *)"
18232610623,5504,370006,,,,,,,,,,0.094,17023.251,Pinned,Device,NVIDIA A100-SXM4-40GB MIG 4g.20gb (0),1,,13,[CUDA memcpy Host-to-Device]
18232665694,52832,370007,,,,,,,,,,35.810,677774.356,Device,,NVIDIA A100-SXM4-40GB MIG 4g.20gb (0),1,,13,[CUDA memset]
18232722494,1824,370009,,,,,,,,,,0.000,43.860,Pinned,Device,NVIDIA A100-SXM4-40GB MIG 4g.20gb (0),1,,13,[CUDA memcpy Host-to-Device]
18232727006,9408,370010,,,,,,,,,,0.197,20897.858,Pinned,Device,NVIDIA A100-SXM4-40GB MIG 4g.20gb (0),1,,13,[CUDA memcpy Host-to-Device]
18232846396,19264,370011,273,1,1,48,1,1,40,0.000,0.001,,,,,NVIDIA A100-SXM4-40GB MIG 4g.20gb (0),1,,13,"void pusch_noise_intf_est::noiseIntfEstNoDftSOfdmKernel<float, __half, float, float, (unsigned int)2, (unsigned int)1, (unsigned char)4, (unsigned char)4>(pusch_noise_intf_est::puschRxNoiseIntfEstDynDescr)"
18232867644,4864,370022,35,1,1,128,1,1,16,0.000,0.000,,,,,NVIDIA A100-SXM4-40GB MIG 4g.20gb (0),1,,13,cupy_copy__complex64_complex64
18232873244,1888,370031,1,1,1,1,1,1,18,0.000,0.000,,,,,NVIDIA A100-SXM4-40GB MIG 4g.20gb (0),1,,13,cupy_copy__float32_float32
18232883548,1568,370037,,,,,,,,,,0.000,2.551,Device,Pageable,NVIDIA A100-SXM4-40GB MIG 4g.20gb (0),1,,7,[CUDA memcpy Device-to-Host]
18232943323,12928,370048,1434,1,1,128,1,1,16,0.000,0.000,,,,,NVIDIA A100-SXM4-40GB MIG 4g.20gb (0),1,,13,cupy_copy__complex64_complex64
18232969563,2816,370055,103,1,1,128,1,1,16,0.000,0.000,,,,,NVIDIA A100-SXM4-40GB MIG 4g.20gb (0),1,,13,cupy_copy__complex64_complex64
18232990267,2208,370062,35,1,1,128,1,1,16,0.000,0.000,,,,,NVIDIA A100-SXM4-40GB MIG 4g.20gb (0),1,,13,cupy_copy__complex64_complex64
18233008507,1887,370069,1,1,1,1,1,1,18,0.000,0.000,,,,,NVIDIA A100-SXM4-40GB MIG 4g.20gb (0),1,,13,cupy_copy__float32_float32
18233145945,267389,370080,1,1,1,32,32,1,30,0.000,0.000,,,,,NVIDIA A100-SXM4-40GB MIG 4g.20gb (0),1,,13,"void convert_kernel<__half2, float2>(tensor_layout_any, T1 *, tensor_layout_any, const T2 *)"
18233445334,5376,370083,,,,,,,,,,0.094,17428.487,Pinned,Device,NVIDIA A100-SXM4-40GB MIG 4g.20gb (0),1,,13,[CUDA memcpy Host-to-Device]
18233460021,3648,370084,,,,,,,,,,1.547,423963.664,Device,,NVIDIA A100-SXM4-40GB MIG 4g.20gb (0),1,,13,[CUDA memset]
18233466805,3040,370089,,,,,,,,,,0.031,10294.725,Pinned,Device,NVIDIA A100-SXM4-40GB MIG 4g.20gb (0),1,,13,[CUDA memcpy Host-to-Device]
18233471957,9408,370090,,,,,,,,,,0.197,20897.858,Pinned,Device,NVIDIA A100-SXM4-40GB MIG 4g.20gb (0),1,,13,[CUDA memcpy Host-to-Device]
18233485141,8032,370091,273,1,1,8,4,1,39,0.002,0.000,,,,,NVIDIA A100-SXM4-40GB MIG 4g.20gb (0),1,,13,"void channel_eq::eqMmseCoefCompLowMimoKernel<float, float, float, (unsigned int)4, (unsigned int)1, (unsigned int)4>(const channel_eq::_puschRxChEqStatDescr *, channel_eq::_puschRxChEqCoefCompDynDescr)"
18233494933,7360,370092,273,1,1,12,11,1,51,0.002,0.000,,,,,NVIDIA A100-SXM4-40GB MIG 4g.20gb (0),1,,13,"void channel_eq::eqMmseSoftDemapKernel<float, __half, __half, float, (unsigned int)4, (unsigned short)16383>(channel_eq::_puschRxChEqStatDescr *, channel_eq::_puschRxChEqSoftDemapDynDescr)"
18233504181,610041,370093,1,1,1,32,32,1,30,0.000,0.000,,,,,NVIDIA A100-SXM4-40GB MIG 4g.20gb (0),1,,13,"void convert_kernel<float2, __half2>(tensor_layout_any, T1 *, tensor_layout_any, const T2 *)"
18234370507,16672,370105,2253,1,1,128,1,1,16,0.000,0.000,,,,,NVIDIA A100-SXM4-40GB MIG 4g.20gb (0),1,,13,cupy_copy__float16_float16
18234618697,8255,370114,282,1,1,128,1,1,16,0.000,0.000,,,,,NVIDIA A100-SXM4-40GB MIG 4g.20gb (0),1,,13,cupy_copy__complex64_complex64
18235225890,4448,370123,26,1,1,128,1,1,16,0.000,0.000,,,,,NVIDIA A100-SXM4-40GB MIG 4g.20gb (0),1,,13,cupy_copy__float32_float32
18235776700,7007,370132,103,1,1,128,1,1,16,0.000,0.000,,,,,NVIDIA A100-SXM4-40GB MIG 4g.20gb (0),1,,13,cupy_copy__complex64_complex64
18236279030,18944,370142,1434,1,1,128,1,1,16,0.000,0.000,,,,,NVIDIA A100-SXM4-40GB MIG 4g.20gb (0),1,,13,cupy_copy__complex64_complex64
18236647346,258717,370147,1,1,1,32,32,1,30,0.000,0.000,,,,,NVIDIA A100-SXM4-40GB MIG 4g.20gb (0),1,,13,"void convert_kernel<__half2, float2>(tensor_layout_any, T1 *, tensor_layout_any, const T2 *)"
18236936623,9504,370150,,,,,,,,,,0.094,9858.506,Pinned,Device,NVIDIA A100-SXM4-40GB MIG 4g.20gb (0),1,,13,[CUDA memcpy Host-to-Device]
18237201708,612537,370151,,,,,,,,,,456.561,745108.270,Device,,NVIDIA A100-SXM4-40GB MIG 4g.20gb (0),1,,13,[CUDA memset]
18237818277,53983,370156,,,,,,,,,,1.235,22876.103,Pinned,Device,NVIDIA A100-SXM4-40GB MIG 4g.20gb (0),1,,13,[CUDA memcpy Host-to-Device]
18237875076,9600,370157,,,,,,,,,,0.197,20479.869,Pinned,Device,NVIDIA A100-SXM4-40GB MIG 4g.20gb (0),1,,13,[CUDA memcpy Host-to-Device]
18238361823,13408,370158,69,4,1,48,1,1,76,0.002,0.000,,,,,NVIDIA A100-SXM4-40GB MIG 4g.20gb (0),1,,13,"void ch_est::windowedChEstPreNoDftSOfdmKernel<float, __half, float, (unsigned int)2, (unsigned int)1, (unsigned short)4>(ch_est::puschRxChEstStatDescr_t *, ch_est::puschRxChEstDynDescr_t *)"
18238918296,15072,370159,137,2,1,24,2,1,44,0.001,0.001,,,,,NVIDIA A100-SXM4-40GB MIG 4g.20gb (0),1,,13,"void ch_est::chEstFilterNoDftSOfdmDispatchKernel<float, __half, float, (unsigned int)2>(ch_est::puschRxChEstStatDescr_t *, ch_est::puschRxChEstDynDescr_t *)"
18239473906,13184,370160,137,2,1,24,2,1,44,0.001,0.001,,,,,NVIDIA A100-SXM4-40GB MIG 4g.20gb (0),1,,13,"void ch_est::chEstFilterNoDftSOfdmDispatchKernel<float, __half, float, (unsigned int)2>(ch_est::puschRxChEstStatDescr_t *, ch_est::puschRxChEstDynDescr_t *)"
18239956013,5376,370171,103,1,1,128,1,1,16,0.000,0.000,,,,,NVIDIA A100-SXM4-40GB MIG 4g.20gb (0),1,,13,cupy_copy__complex64_complex64
18240327017,19007,370181,1434,1,1,128,1,1,16,0.000,0.000,,,,,NVIDIA A100-SXM4-40GB MIG 4g.20gb (0),1,,13,cupy_copy__complex64_complex64
18240400136,8064,370188,103,1,1,128,1,1,16,0.000,0.000,,,,,NVIDIA A100-SXM4-40GB MIG 4g.20gb (0),1,,13,cupy_copy__complex64_complex64
18240689669,345244,370195,1,1,1,32,32,1,30,0.000,0.000,,,,,NVIDIA A100-SXM4-40GB MIG 4g.20gb (0),1,,13,"void convert_kernel<__half2, float2>(tensor_layout_any, T1 *, tensor_layout_any, const T2 *)"
18241064320,5440,370198,,,,,,,,,,0.094,17223.480,Pinned,Device,NVIDIA A100-SXM4-40GB MIG 4g.20gb (0),1,,13,[CUDA memcpy Host-to-Device]
18241114784,59487,370199,,,,,,,,,,35.810,601964.755,Device,,NVIDIA A100-SXM4-40GB MIG 4g.20gb (0),1,,13,[CUDA memset]
18241179807,2496,370201,,,,,,,,,,0.000,32.051,Pinned,Device,NVIDIA A100-SXM4-40GB MIG 4g.20gb (0),1,,13,[CUDA memcpy Host-to-Device]
18241184511,9920,370202,,,,,,,,,,0.197,19819.266,Pinned,Device,NVIDIA A100-SXM4-40GB MIG 4g.20gb (0),1,,13,[CUDA memcpy Host-to-Device]
18241230335,33759,370203,273,1,1,48,1,1,40,0.000,0.001,,,,,NVIDIA A100-SXM4-40GB MIG 4g.20gb (0),1,,13,"void pusch_noise_intf_est::noiseIntfEstNoDftSOfdmKernel<float, __half, float, float, (unsigned int)2, (unsigned int)1, (unsigned char)4, (unsigned char)4>(pusch_noise_intf_est::puschRxNoiseIntfEstDynDescr)"
18241352029,13600,370214,35,1,1,128,1,1,16,0.000,0.000,,,,,NVIDIA A100-SXM4-40GB MIG 4g.20gb (0),1,,13,cupy_copy__complex64_complex64
18241524411,5728,370223,1,1,1,1,1,1,18,0.000,0.000,,,,,NVIDIA A100-SXM4-40GB MIG 4g.20gb (0),1,,13,cupy_copy__float32_float32
18241535707,1600,370229,,,,,,,,,,0.000,2.500,Device,Pageable,NVIDIA A100-SXM4-40GB MIG 4g.20gb (0),1,,7,[CUDA memcpy Device-to-Host]
18241758521,19615,370240,1434,1,1,128,1,1,16,0.000,0.000,,,,,NVIDIA A100-SXM4-40GB MIG 4g.20gb (0),1,,13,cupy_copy__complex64_complex64
18241896855,6528,370247,103,1,1,128,1,1,16,0.000,0.000,,,,,NVIDIA A100-SXM4-40GB MIG 4g.20gb (0),1,,13,cupy_copy__complex64_complex64
18242214580,8320,370254,35,1,1,128,1,1,16,0.000,0.000,,,,,NVIDIA A100-SXM4-40GB MIG 4g.20gb (0),1,,13,cupy_copy__complex64_complex64
18242467569,6080,370261,1,1,1,1,1,1,18,0.000,0.000,,,,,NVIDIA A100-SXM4-40GB MIG 4g.20gb (0),1,,13,cupy_copy__float32_float32
18242702286,370780,370272,1,1,1,32,32,1,30,0.000,0.000,,,,,NVIDIA A100-SXM4-40GB MIG 4g.20gb (0),1,,13,"void convert_kernel<__half2, float2>(tensor_layout_any, T1 *, tensor_layout_any, const T2 *)"
18243102602,7136,370275,,,,,,,,,,0.094,13129.995,Pinned,Device,NVIDIA A100-SXM4-40GB MIG 4g.20gb (0),1,,13,[CUDA memcpy Host-to-Device]
18243286248,9280,370276,,,,,,,,,,1.547,166661.109,Device,,NVIDIA A100-SXM4-40GB MIG 4g.20gb (0),1,,13,[CUDA memset]
18243301095,4128,370281,,,,,,,,,,0.031,7581.393,Pinned,Device,NVIDIA A100-SXM4-40GB MIG 4g.20gb (0),1,,13,[CUDA memcpy Host-to-Device]
18243307911,9600,370282,,,,,,,,,,0.197,20479.869,Pinned,Device,NVIDIA A100-SXM4-40GB MIG 4g.20gb (0),1,,13,[CUDA memcpy Host-to-Device]
18243708483,18496,370283,273,1,1,8,4,1,39,0.002,0.000,,,,,NVIDIA A100-SXM4-40GB MIG 4g.20gb (0),1,,13,"void channel_eq::eqMmseCoefCompLowMimoKernel<float, float, float, (unsigned int)4, (unsigned int)1, (unsigned int)4>(const channel_eq::_puschRxChEqStatDescr *, channel_eq::_puschRxChEqCoefCompDynDescr)"
18244122718,17152,370284,273,1,1,12,11,1,51,0.002,0.000,,,,,NVIDIA A100-SXM4-40GB MIG 4g.20gb (0),1,,13,"void channel_eq::eqMmseSoftDemapKernel<float, __half, __half, float, (unsigned int)4, (unsigned short)16383>(channel_eq::_puschRxChEqStatDescr *, channel_eq::_puschRxChEqSoftDemapDynDescr)"
18244360764,910325,370285,1,1,1,32,32,1,30,0.000,0.000,,,,,NVIDIA A100-SXM4-40GB MIG 4g.20gb (0),1,,13,"void convert_kernel<float2, __half2>(tensor_layout_any, T1 *, tensor_layout_any, const T2 *)"
18245451087,17504,370297,2253,1,1,128,1,1,16,0.000,0.000,,,,,NVIDIA A100-SXM4-40GB MIG 4g.20gb (0),1,,13,cupy_copy__float16_float16
18245684653,15648,370306,282,1,1,128,1,1,16,0.000,0.000,,,,,NVIDIA A100-SXM4-40GB MIG 4g.20gb (0),1,,13,cupy_copy__complex64_complex64
18245973034,4512,370315,26,1,1,128,1,1,16,0.000,0.000,,,,,NVIDIA A100-SXM4-40GB MIG 4g.20gb (0),1,,13,cupy_copy__float32_float32
18246331174,5856,370324,103,1,1,128,1,1,16,0.000,0.000,,,,,NVIDIA A100-SXM4-40GB MIG 4g.20gb (0),1,,13,cupy_copy__complex64_complex64
18246608034,30848,370334,1434,1,1,128,1,1,16,0.000,0.000,,,,,NVIDIA A100-SXM4-40GB MIG 4g.20gb (0),1,,13,cupy_copy__complex64_complex64
18246954367,308700,370339,1,1,1,32,32,1,30,0.000,0.000,,,,,NVIDIA A100-SXM4-40GB MIG 4g.20gb (0),1,,13,"void convert_kernel<__half2, float2>(tensor_layout_any, T1 *, tensor_layout_any, const T2 *)"
18247292091,6464,370342,,,,,,,,,,0.094,14494.959,Pinned,Device,NVIDIA A100-SXM4-40GB MIG 4g.20gb (0),1,,13,[CUDA memcpy Host-to-Device]
18247497593,609561,370343,,,,,,,,,,456.561,748760.762,Device,,NVIDIA A100-SXM4-40GB MIG 4g.20gb (0),1,,13,[CUDA memset]
18248111698,51263,370348,,,,,,,,,,1.235,24090.053,Pinned,Device,NVIDIA A100-SXM4-40GB MIG 4g.20gb (0),1,,13,[CUDA memcpy Host-to-Device]
18248165713,9888,370349,,,,,,,,,,0.197,19883.360,Pinned,Device,NVIDIA A100-SXM4-40GB MIG 4g.20gb (0),1,,13,[CUDA memcpy Host-to-Device]
18248469486,19007,370350,69,4,1,48,1,1,76,0.002,0.000,,,,,NVIDIA A100-SXM4-40GB MIG 4g.20gb (0),1,,13,"void ch_est::windowedChEstPreNoDftSOfdmKernel<float, __half, float, (unsigned int)2, (unsigned int)1, (unsigned short)4>(ch_est::puschRxChEstStatDescr_t *, ch_est::puschRxChEstDynDescr_t *)"
18248742347,16383,370351,137,2,1,24,2,1,44,0.001,0.001,,,,,NVIDIA A100-SXM4-40GB MIG 4g.20gb (0),1,,13,"void ch_est::chEstFilterNoDftSOfdmDispatchKernel<float, __half, float, (unsigned int)2>(ch_est::puschRxChEstStatDescr_t *, ch_est::puschRxChEstDynDescr_t *)"
18249096487,16575,370352,137,2,1,24,2,1,44,0.001,0.001,,,,,NVIDIA A100-SXM4-40GB MIG 4g.20gb (0),1,,13,"void ch_est::chEstFilterNoDftSOfdmDispatchKernel<float, __half, float, (unsigned int)2>(ch_est::puschRxChEstStatDescr_t *, ch_est::puschRxChEstDynDescr_t *)"
18249456227,4416,370363,103,1,1,128,1,1,16,0.000,0.000,,,,,NVIDIA A100-SXM4-40GB MIG 4g.20gb (0),1,,13,cupy_copy__complex64_complex64
18249705568,19552,370373,1434,1,1,128,1,1,16,0.000,0.000,,,,,NVIDIA A100-SXM4-40GB MIG 4g.20gb (0),1,,13,cupy_copy__complex64_complex64
18249801215,4800,370380,103,1,1,128,1,1,16,0.000,0.000,,,,,NVIDIA A100-SXM4-40GB MIG 4g.20gb (0),1,,13,cupy_copy__complex64_complex64
18250022140,335709,370387,1,1,1,32,32,1,30,0.000,0.000,,,,,NVIDIA A100-SXM4-40GB MIG 4g.20gb (0),1,,13,"void convert_kernel<__half2, float2>(tensor_layout_any, T1 *, tensor_layout_any, const T2 *)"
18250388344,5664,370390,,,,,,,,,,0.094,16542.310,Pinned,Device,NVIDIA A100-SXM4-40GB MIG 4g.20gb (0),1,,13,[CUDA memcpy Host-to-Device]
18250668725,56255,370391,,,,,,,,,,35.810,636557.138,Device,,NVIDIA A100-SXM4-40GB MIG 4g.20gb (0),1,,13,[CUDA memset]
18250727892,1856,370393,,,,,,,,,,0.000,43.103,Pinned,Device,NVIDIA A100-SXM4-40GB MIG 4g.20gb (0),1,,13,[CUDA memcpy Host-to-Device]
18250732980,9376,370394,,,,,,,,,,0.197,20969.226,Pinned,Device,NVIDIA A100-SXM4-40GB MIG 4g.20gb (0),1,,13,[CUDA memcpy Host-to-Device]
18250796404,20863,370395,273,1,1,48,1,1,40,0.000,0.001,,,,,NVIDIA A100-SXM4-40GB MIG 4g.20gb (0),1,,13,"void pusch_noise_intf_est::noiseIntfEstNoDftSOfdmKernel<float, __half, float, float, (unsigned int)2, (unsigned int)1, (unsigned char)4, (unsigned char)4>(pusch_noise_intf_est::puschRxNoiseIntfEstDynDescr)"
18251120016,4928,370406,35,1,1,128,1,1,16,0.000,0.000,,,,,NVIDIA A100-SXM4-40GB MIG 4g.20gb (0),1,,13,cupy_copy__complex64_complex64
18251366637,4288,370415,1,1,1,1,1,1,18,0.000,0.000,,,,,NVIDIA A100-SXM4-40GB MIG 4g.20gb (0),1,,13,cupy_copy__float32_float32
18251374765,2400,370421,,,,,,,,,,0.000,1.667,Device,Pageable,NVIDIA A100-SXM4-40GB MIG 4g.20gb (0),1,,7,[CUDA memcpy Device-to-Host]
18251913863,18720,370432,1434,1,1,128,1,1,16,0.000,0.000,,,,,NVIDIA A100-SXM4-40GB MIG 4g.20gb (0),1,,13,cupy_copy__complex64_complex64
18252348770,7232,370439,103,1,1,128,1,1,16,0.000,0.000,,,,,NVIDIA A100-SXM4-40GB MIG 4g.20gb (0),1,,13,cupy_copy__complex64_complex64
18252695614,6112,370446,35,1,1,128,1,1,16,0.000,0.000,,,,,NVIDIA A100-SXM4-40GB MIG 4g.20gb (0),1,,13,cupy_copy__complex64_complex64
18253131258,6336,370453,1,1,1,1,1,1,18,0.000,0.000,,,,,NVIDIA A100-SXM4-40GB MIG 4g.20gb (0),1,,13,cupy_copy__float32_float32
18253557493,280317,370464,1,1,1,32,32,1,30,0.000,0.000,,,,,NVIDIA A100-SXM4-40GB MIG 4g.20gb (0),1,,13,"void convert_kernel<__half2, float2>(tensor_layout_any, T1 *, tensor_layout_any, const T2 *)"
18253868209,5920,370467,,,,,,,,,,0.094,15826.941,Pinned,Device,NVIDIA A100-SXM4-40GB MIG 4g.20gb (0),1,,13,[CUDA memcpy Host-to-Device]
18254394379,6912,370468,,,,,,,,,,1.547,223757.827,Device,,NVIDIA A100-SXM4-40GB MIG 4g.20gb (0),1,,13,[CUDA memset]
18254408171,3392,370473,,,,,,,,,,0.031,9226.405,Pinned,Device,NVIDIA A100-SXM4-40GB MIG 4g.20gb (0),1,,13,[CUDA memcpy Host-to-Device]
18254414475,10048,370474,,,,,,,,,,0.197,19566.821,Pinned,Device,NVIDIA A100-SXM4-40GB MIG 4g.20gb (0),1,,13,[CUDA memcpy Host-to-Device]
18255095780,25727,370475,273,1,1,8,4,1,39,0.002,0.000,,,,,NVIDIA A100-SXM4-40GB MIG 4g.20gb (0),1,,13,"void channel_eq::eqMmseCoefCompLowMimoKernel<float, float, float, (unsigned int)4, (unsigned int)1, (unsigned int)4>(const channel_eq::_puschRxChEqStatDescr *, channel_eq::_puschRxChEqCoefCompDynDescr)"
18255364161,20063,370476,273,1,1,12,11,1,51,0.002,0.000,,,,,NVIDIA A100-SXM4-40GB MIG 4g.20gb (0),1,,13,"void channel_eq::eqMmseSoftDemapKernel<float, __half, __half, float, (unsigned int)4, (unsigned short)16383>(channel_eq::_puschRxChEqStatDescr *, channel_eq::_puschRxChEqSoftDemapDynDescr)"
18255704605,790711,370477,1,1,1,32,32,1,30,0.000,0.000,,,,,NVIDIA A100-SXM4-40GB MIG 4g.20gb (0),1,,13,"void convert_kernel<float2, __half2>(tensor_layout_any, T1 *, tensor_layout_any, const T2 *)"
18256796017,15711,370489,2253,1,1,128,1,1,16,0.000,0.000,,,,,NVIDIA A100-SXM4-40GB MIG 4g.20gb (0),1,,13,cupy_copy__float16_float16
18257051726,6720,370498,282,1,1,128,1,1,16,0.000,0.000,,,,,NVIDIA A100-SXM4-40GB MIG 4g.20gb (0),1,,13,cupy_copy__complex64_complex64
18257060622,3360,370507,26,1,1,128,1,1,16,0.000,0.000,,,,,NVIDIA A100-SXM4-40GB MIG 4g.20gb (0),1,,13,cupy_copy__float32_float32
18257066094,3328,370516,103,1,1,128,1,1,16,0.000,0.000,,,,,NVIDIA A100-SXM4-40GB MIG 4g.20gb (0),1,,13,cupy_copy__complex64_complex64
18257147341,19103,370526,1434,1,1,128,1,1,16,0.000,0.000,,,,,NVIDIA A100-SXM4-40GB MIG 4g.20gb (0),1,,13,cupy_copy__complex64_complex64
18257167788,237758,370531,1,1,1,32,32,1,30,0.000,0.000,,,,,NVIDIA A100-SXM4-40GB MIG 4g.20gb (0),1,,13,"void convert_kernel<__half2, float2>(tensor_layout_any, T1 *, tensor_layout_any, const T2 *)"
18257435433,5376,370534,,,,,,,,,,0.094,17428.487,Pinned,Device,NVIDIA A100-SXM4-40GB MIG 4g.20gb (0),1,,13,[CUDA memcpy Host-to-Device]
18257446793,610426,370535,,,,,,,,,,456.561,747847.639,Device,,NVIDIA A100-SXM4-40GB MIG 4g.20gb (0),1,,13,[CUDA memset]
18258062818,51872,370540,,,,,,,,,,1.235,23807.250,Pinned,Device,NVIDIA A100-SXM4-40GB MIG 4g.20gb (0),1,,13,[CUDA memcpy Host-to-Device]
18258119074,11264,370541,,,,,,,,,,0.197,17454.465,Pinned,Device,NVIDIA A100-SXM4-40GB MIG 4g.20gb (0),1,,13,[CUDA memcpy Host-to-Device]
18258320384,32319,370542,69,4,1,48,1,1,76,0.002,0.000,,,,,NVIDIA A100-SXM4-40GB MIG 4g.20gb (0),1,,13,"void ch_est::windowedChEstPreNoDftSOfdmKernel<float, __half, float, (unsigned int)2, (unsigned int)1, (unsigned short)4>(ch_est::puschRxChEstStatDescr_t *, ch_est::puschRxChEstDynDescr_t *)"
18258541149,16096,370543,137,2,1,24,2,1,44,0.001,0.001,,,,,NVIDIA A100-SXM4-40GB MIG 4g.20gb (0),1,,13,"void ch_est::chEstFilterNoDftSOfdmDispatchKernel<float, __half, float, (unsigned int)2>(ch_est::puschRxChEstStatDescr_t *, ch_est::puschRxChEstDynDescr_t *)"
18258723419,29120,370544,137,2,1,24,2,1,44,0.001,0.001,,,,,NVIDIA A100-SXM4-40GB MIG 4g.20gb (0),1,,13,"void ch_est::chEstFilterNoDftSOfdmDispatchKernel<float, __half, float, (unsigned int)2>(ch_est::puschRxChEstStatDescr_t *, ch_est::puschRxChEstDynDescr_t *)"
18258942873,6592,370555,103,1,1,128,1,1,16,0.000,0.000,,,,,NVIDIA A100-SXM4-40GB MIG 4g.20gb (0),1,,13,cupy_copy__complex64_complex64
18259122839,28319,370565,1434,1,1,128,1,1,16,0.000,0.000,,,,,NVIDIA A100-SXM4-40GB MIG 4g.20gb (0),1,,13,cupy_copy__complex64_complex64
18259344564,5504,370572,103,1,1,128,1,1,16,0.000,0.000,,,,,NVIDIA A100-SXM4-40GB MIG 4g.20gb (0),1,,13,cupy_copy__complex64_complex64
18259651249,273853,370579,1,1,1,32,32,1,30,0.000,0.000,,,,,NVIDIA A100-SXM4-40GB MIG 4g.20gb (0),1,,13,"void convert_kernel<__half2, float2>(tensor_layout_any, T1 *, tensor_layout_any, const T2 *)"
18259954861,7552,370582,,,,,,,,,,0.094,12406.756,Pinned,Device,NVIDIA A100-SXM4-40GB MIG 4g.20gb (0),1,,13,[CUDA memcpy Host-to-Device]
18260465416,54175,370583,,,,,,,,,,35.810,660979.503,Device,,NVIDIA A100-SXM4-40GB MIG 4g.20gb (0),1,,13,[CUDA memset]
18260526855,1856,370585,,,,,,,,,,0.000,43.103,Pinned,Device,NVIDIA A100-SXM4-40GB MIG 4g.20gb (0),1,,13,[CUDA memcpy Host-to-Device]
18260531399,10592,370586,,,,,,,,,,0.197,18561.761,Pinned,Device,NVIDIA A100-SXM4-40GB MIG 4g.20gb (0),1,,13,[CUDA memcpy Host-to-Device]
18261110432,23232,370587,273,1,1,48,1,1,40,0.000,0.001,,,,,NVIDIA A100-SXM4-40GB MIG 4g.20gb (0),1,,13,"void pusch_noise_intf_est::noiseIntfEstNoDftSOfdmKernel<float, __half, float, float, (unsigned int)2, (unsigned int)1, (unsigned char)4, (unsigned char)4>(pusch_noise_intf_est::puschRxNoiseIntfEstDynDescr)"
18261517084,4576,370598,35,1,1,128,1,1,16,0.000,0.000,,,,,NVIDIA A100-SXM4-40GB MIG 4g.20gb (0),1,,13,cupy_copy__complex64_complex64
18262024374,3936,370607,1,1,1,1,1,1,18,0.000,0.000,,,,,NVIDIA A100-SXM4-40GB MIG 4g.20gb (0),1,,13,cupy_copy__float32_float32
18262036950,2176,370613,,,,,,,,,,0.000,1.838,Device,Pageable,NVIDIA A100-SXM4-40GB MIG 4g.20gb (0),1,,7,[CUDA memcpy Device-to-Host]
18262622415,24320,370624,1434,1,1,128,1,1,16,0.000,0.000,,,,,NVIDIA A100-SXM4-40GB MIG 4g.20gb (0),1,,13,cupy_copy__complex64_complex64
18263238633,7328,370631,103,1,1,128,1,1,16,0.000,0.000,,,,,NVIDIA A100-SXM4-40GB MIG 4g.20gb (0),1,,13,cupy_copy__complex64_complex64
18263537605,5312,370638,35,1,1,128,1,1,16,0.000,0.000,,,,,NVIDIA A100-SXM4-40GB MIG 4g.20gb (0),1,,13,cupy_copy__complex64_complex64
18263737699,3584,370645,1,1,1,1,1,1,18,0.000,0.000,,,,,NVIDIA A100-SXM4-40GB MIG 4g.20gb (0),1,,13,cupy_copy__float32_float32
18263824802,354972,370656,1,1,1,32,32,1,30,0.000,0.000,,,,,NVIDIA A100-SXM4-40GB MIG 4g.20gb (0),1,,13,"void convert_kernel<__half2, float2>(tensor_layout_any, T1 *, tensor_layout_any, const T2 *)"
18264214334,5376,370659,,,,,,,,,,0.094,17428.487,Pinned,Device,NVIDIA A100-SXM4-40GB MIG 4g.20gb (0),1,,13,[CUDA memcpy Host-to-Device]
18264251645,4512,370660,,,,,,,,,,1.547,342779.824,Device,,NVIDIA A100-SXM4-40GB MIG 4g.20gb (0),1,,13,[CUDA memset]
18264259933,3200,370665,,,,,,,,,,0.031,9780.000,Pinned,Device,NVIDIA A100-SXM4-40GB MIG 4g.20gb (0),1,,13,[CUDA memcpy Host-to-Device]
18264266653,9536,370666,,,,,,,,,,0.197,20617.298,Pinned,Device,NVIDIA A100-SXM4-40GB MIG 4g.20gb (0),1,,13,[CUDA memcpy Host-to-Device]
18264280125,7104,370667,273,1,1,8,4,1,39,0.002,0.000,,,,,NVIDIA A100-SXM4-40GB MIG 4g.20gb (0),1,,13,"void channel_eq::eqMmseCoefCompLowMimoKernel<float, float, float, (unsigned int)4, (unsigned int)1, (unsigned int)4>(const channel_eq::_puschRxChEqStatDescr *, channel_eq::_puschRxChEqCoefCompDynDescr)"
18264288413,7648,370668,273,1,1,12,11,1,51,0.002,0.000,,,,,NVIDIA A100-SXM4-40GB MIG 4g.20gb (0),1,,13,"void channel_eq::eqMmseSoftDemapKernel<float, __half, __half, float, (unsigned int)4, (unsigned short)16383>(channel_eq::_puschRxChEqStatDescr *, channel_eq::_puschRxChEqSoftDemapDynDescr)"
18264298013,375068,370669,1,1,1,32,32,1,30,0.000,0.000,,,,,NVIDIA A100-SXM4-40GB MIG 4g.20gb (0),1,,13,"void convert_kernel<float2, __half2>(tensor_layout_any, T1 *, tensor_layout_any, const T2 *)"
18264766168,14751,370681,2253,1,1,128,1,1,16,0.000,0.000,,,,,NVIDIA A100-SXM4-40GB MIG 4g.20gb (0),1,,13,cupy_copy__float16_float16
18264782583,4384,370690,282,1,1,128,1,1,16,0.000,0.000,,,,,NVIDIA A100-SXM4-40GB MIG 4g.20gb (0),1,,13,cupy_copy__complex64_complex64
18264788663,2304,370699,26,1,1,128,1,1,16,0.000,0.000,,,,,NVIDIA A100-SXM4-40GB MIG 4g.20gb (0),1,,13,cupy_copy__float32_float32
18264996949,5056,370708,103,1,1,128,1,1,16,0.000,0.000,,,,,NVIDIA A100-SXM4-40GB MIG 4g.20gb (0),1,,13,cupy_copy__complex64_complex64
18265005109,13408,370718,1434,1,1,128,1,1,16,0.000,0.000,,,,,NVIDIA A100-SXM4-40GB MIG 4g.20gb (0),1,,13,cupy_copy__complex64_complex64
18265020181,81055,370723,1,1,1,32,32,1,30,0.000,0.000,,,,,NVIDIA A100-SXM4-40GB MIG 4g.20gb (0),1,,13,"void convert_kernel<__half2, float2>(tensor_layout_any, T1 *, tensor_layout_any, const T2 *)"
18265129939,6240,370726,,,,,,,,,,0.094,15015.346,Pinned,Device,NVIDIA A100-SXM4-40GB MIG 4g.20gb (0),1,,13,[CUDA memcpy Host-to-Device]
18265284658,604985,370727,,,,,,,,,,456.561,754239.499,Device,,NVIDIA A100-SXM4-40GB MIG 4g.20gb (0),1,,13,[CUDA memset]
18265894187,51519,370732,,,,,,,,,,1.235,23970.263,Pinned,Device,NVIDIA A100-SXM4-40GB MIG 4g.20gb (0),1,,13,[CUDA memcpy Host-to-Device]
18265949386,10080,370733,,,,,,,,,,0.197,19504.693,Pinned,Device,NVIDIA A100-SXM4-40GB MIG 4g.20gb (0),1,,13,[CUDA memcpy Host-to-Device]
18266196392,17887,370734,69,4,1,48,1,1,76,0.002,0.000,,,,,NVIDIA A100-SXM4-40GB MIG 4g.20gb (0),1,,13,"void ch_est::windowedChEstPreNoDftSOfdmKernel<float, __half, float, (unsigned int)2, (unsigned int)1, (unsigned short)4>(ch_est::puschRxChEstStatDescr_t *, ch_est::puschRxChEstDynDescr_t *)"
18266694306,28864,370735,137,2,1,24,2,1,44,0.001,0.001,,,,,NVIDIA A100-SXM4-40GB MIG 4g.20gb (0),1,,13,"void ch_est::chEstFilterNoDftSOfdmDispatchKernel<float, __half, float, (unsigned int)2>(ch_est::puschRxChEstStatDescr_t *, ch_est::puschRxChEstDynDescr_t *)"
18267244860,11552,370736,137,2,1,24,2,1,44,0.001,0.001,,,,,NVIDIA A100-SXM4-40GB MIG 4g.20gb (0),1,,13,"void ch_est::chEstFilterNoDftSOfdmDispatchKernel<float, __half, float, (unsigned int)2>(ch_est::puschRxChEstStatDescr_t *, ch_est::puschRxChEstDynDescr_t *)"
18267549752,5440,370747,103,1,1,128,1,1,16,0.000,0.000,,,,,NVIDIA A100-SXM4-40GB MIG 4g.20gb (0),1,,13,cupy_copy__complex64_complex64
18267903444,31616,370757,1434,1,1,128,1,1,16,0.000,0.000,,,,,NVIDIA A100-SXM4-40GB MIG 4g.20gb (0),1,,13,cupy_copy__complex64_complex64
18268418383,4864,370764,103,1,1,128,1,1,16,0.000,0.000,,,,,NVIDIA A100-SXM4-40GB MIG 4g.20gb (0),1,,13,cupy_copy__complex64_complex64
18268913289,301501,370771,1,1,1,32,32,1,30,0.000,0.000,,,,,NVIDIA A100-SXM4-40GB MIG 4g.20gb (0),1,,13,"void convert_kernel<__half2, float2>(tensor_layout_any, T1 *, tensor_layout_any, const T2 *)"
18269243845,5632,370774,,,,,,,,,,0.094,16636.287,Pinned,Device,NVIDIA A100-SXM4-40GB MIG 4g.20gb (0),1,,13,[CUDA memcpy Host-to-Device]
18269682401,60735,370775,,,,,,,,,,35.810,589574.523,Device,,NVIDIA A100-SXM4-40GB MIG 4g.20gb (0),1,,13,[CUDA memset]
18269748576,2336,370777,,,,,,,,,,0.000,34.247,Pinned,Device,NVIDIA A100-SXM4-40GB MIG 4g.20gb (0),1,,13,[CUDA memcpy Host-to-Device]
18269753504,10080,370778,,,,,,,,,,0.197,19504.693,Pinned,Device,NVIDIA A100-SXM4-40GB MIG 4g.20gb (0),1,,13,[CUDA memcpy Host-to-Device]
18270103004,31424,370779,273,1,1,48,1,1,40,0.000,0.001,,,,,NVIDIA A100-SXM4-40GB MIG 4g.20gb (0),1,,13,"void pusch_noise_intf_est::noiseIntfEstNoDftSOfdmKernel<float, __half, float, float, (unsigned int)2, (unsigned int)1, (unsigned char)4, (unsigned char)4>(pusch_noise_intf_est::puschRxNoiseIntfEstDynDescr)"
18270476408,14336,370790,35,1,1,128,1,1,16,0.000,0.000,,,,,NVIDIA A100-SXM4-40GB MIG 4g.20gb (0),1,,13,cupy_copy__complex64_complex64
18270769300,4096,370799,1,1,1,1,1,1,18,0.000,0.000,,,,,NVIDIA A100-SXM4-40GB MIG 4g.20gb (0),1,,13,cupy_copy__float32_float32
18270783764,4160,370805,,,,,,,,,,0.000,0.962,Device,Pageable,NVIDIA A100-SXM4-40GB MIG 4g.20gb (0),1,,7,[CUDA memcpy Device-to-Host]
18271195792,17663,370816,1434,1,1,128,1,1,16,0.000,0.000,,,,,NVIDIA A100-SXM4-40GB MIG 4g.20gb (0),1,,13,cupy_copy__complex64_complex64
18271420589,7968,370823,103,1,1,128,1,1,16,0.000,0.000,,,,,NVIDIA A100-SXM4-40GB MIG 4g.20gb (0),1,,13,cupy_copy__complex64_complex64
18271523852,11328,370830,35,1,1,128,1,1,16,0.000,0.000,,,,,NVIDIA A100-SXM4-40GB MIG 4g.20gb (0),1,,13,cupy_copy__complex64_complex64
18271640715,6208,370837,1,1,1,1,1,1,18,0.000,0.000,,,,,NVIDIA A100-SXM4-40GB MIG 4g.20gb (0),1,,13,cupy_copy__float32_float32
18271649707,227453,370848,1,1,1,32,32,1,30,0.000,0.000,,,,,NVIDIA A100-SXM4-40GB MIG 4g.20gb (0),1,,13,"void convert_kernel<__half2, float2>(tensor_layout_any, T1 *, tensor_layout_any, const T2 *)"
18271908552,6272,370851,,,,,,,,,,0.094,14938.703,Pinned,Device,NVIDIA A100-SXM4-40GB MIG 4g.20gb (0),1,,13,[CUDA memcpy Host-to-Device]
18272002695,12191,370852,,,,,,,,,,1.547,126864.927,Device,,NVIDIA A100-SXM4-40GB MIG 4g.20gb (0),1,,13,[CUDA memset]
18272019366,3072,370857,,,,,,,,,,0.031,10187.474,Pinned,Device,NVIDIA A100-SXM4-40GB MIG 4g.20gb (0),1,,13,[CUDA memcpy Host-to-Device]
18272025382,9536,370858,,,,,,,,,,0.197,20617.298,Pinned,Device,NVIDIA A100-SXM4-40GB MIG 4g.20gb (0),1,,13,[CUDA memcpy Host-to-Device]
18272039750,11264,370859,273,1,1,8,4,1,39,0.002,0.000,,,,,NVIDIA A100-SXM4-40GB MIG 4g.20gb (0),1,,13,"void channel_eq::eqMmseCoefCompLowMimoKernel<float, float, float, (unsigned int)4, (unsigned int)1, (unsigned int)4>(const channel_eq::_puschRxChEqStatDescr *, channel_eq::_puschRxChEqCoefCompDynDescr)"
18272154277,29440,370860,273,1,1,12,11,1,51,0.002,0.000,,,,,NVIDIA A100-SXM4-40GB MIG 4g.20gb (0),1,,13,"void channel_eq::eqMmseSoftDemapKernel<float, __half, __half, float, (unsigned int)4, (unsigned short)16383>(channel_eq::_puschRxChEqStatDescr *, channel_eq::_puschRxChEqSoftDemapDynDescr)"
18272185157,664344,370861,1,1,1,32,32,1,30,0.000,0.000,,,,,NVIDIA A100-SXM4-40GB MIG 4g.20gb (0),1,,13,"void convert_kernel<float2, __half2>(tensor_layout_any, T1 *, tensor_layout_any, const T2 *)"
18273003131,15392,370873,2253,1,1,128,1,1,16,0.000,0.000,,,,,NVIDIA A100-SXM4-40GB MIG 4g.20gb (0),1,,13,cupy_copy__float16_float16
18273119226,12512,370882,282,1,1,128,1,1,16,0.000,0.000,,,,,NVIDIA A100-SXM4-40GB MIG 4g.20gb (0),1,,13,cupy_copy__complex64_complex64
18273241593,4032,370891,26,1,1,128,1,1,16,0.000,0.000,,,,,NVIDIA A100-SXM4-40GB MIG 4g.20gb (0),1,,13,cupy_copy__float32_float32
18273247033,5536,370900,103,1,1,128,1,1,16,0.000,0.000,,,,,NVIDIA A100-SXM4-40GB MIG 4g.20gb (0),1,,13,cupy_copy__complex64_complex64
18273344088,17119,370910,1434,1,1,128,1,1,16,0.000,0.000,,,,,NVIDIA A100-SXM4-40GB MIG 4g.20gb (0),1,,13,cupy_copy__complex64_complex64
18273362775,261725,370915,1,1,1,32,32,1,30,0.000,0.000,,,,,NVIDIA A100-SXM4-40GB MIG 4g.20gb (0),1,,13,"void convert_kernel<__half2, float2>(tensor_layout_any, T1 *, tensor_layout_any, const T2 *)"
18273653556,5824,370918,,,,,,,,,,0.094,16087.884,Pinned,Device,NVIDIA A100-SXM4-40GB MIG 4g.20gb (0),1,,13,[CUDA memcpy Host-to-Device]
18273912017,614105,370919,,,,,,,,,,456.561,743282.024,Device,,NVIDIA A100-SXM4-40GB MIG 4g.20gb (0),1,,13,[CUDA memset]
18274536042,50304,370924,,,,,,,,,,1.235,24549.452,Pinned,Device,NVIDIA A100-SXM4-40GB MIG 4g.20gb (0),1,,13,[CUDA memcpy Host-to-Device]
18274589770,9952,370925,,,,,,,,,,0.197,19755.565,Pinned,Device,NVIDIA A100-SXM4-40GB MIG 4g.20gb (0),1,,13,[CUDA memcpy Host-to-Device]
18274884582,16256,370926,69,4,1,48,1,1,76,0.002,0.000,,,,,NVIDIA A100-SXM4-40GB MIG 4g.20gb (0),1,,13,"void ch_est::windowedChEstPreNoDftSOfdmKernel<float, __half, float, (unsigned int)2, (unsigned int)1, (unsigned short)4>(ch_est::puschRxChEstStatDescr_t *, ch_est::puschRxChEstDynDescr_t *)"
18275111972,18432,370927,137,2,1,24,2,1,44,0.001,0.001,,,,,NVIDIA A100-SXM4-40GB MIG 4g.20gb (0),1,,13,"void ch_est::chEstFilterNoDftSOfdmDispatchKernel<float, __half, float, (unsigned int)2>(ch_est::puschRxChEstStatDescr_t *, ch_est::puschRxChEstDynDescr_t *)"
18275445856,8480,370928,137,2,1,24,2,1,44,0.001,0.001,,,,,NVIDIA A100-SXM4-40GB MIG 4g.20gb (0),1,,13,"void ch_est::chEstFilterNoDftSOfdmDispatchKernel<float, __half, float, (unsigned int)2>(ch_est::puschRxChEstStatDescr_t *, ch_est::puschRxChEstDynDescr_t *)"
18275805852,14912,370939,103,1,1,128,1,1,16,0.000,0.000,,,,,NVIDIA A100-SXM4-40GB MIG 4g.20gb (0),1,,13,cupy_copy__complex64_complex64
18275934235,54239,370949,1434,1,1,128,1,1,16,0.000,0.000,,,,,NVIDIA A100-SXM4-40GB MIG 4g.20gb (0),1,,13,cupy_copy__complex64_complex64
18276313878,9088,370956,103,1,1,128,1,1,16,0.000,0.000,,,,,NVIDIA A100-SXM4-40GB MIG 4g.20gb (0),1,,13,cupy_copy__complex64_complex64
18276556308,306620,370963,1,1,1,32,32,1,30,0.000,0.000,,,,,NVIDIA A100-SXM4-40GB MIG 4g.20gb (0),1,,13,"void convert_kernel<__half2, float2>(tensor_layout_any, T1 *, tensor_layout_any, const T2 *)"
18276892592,5984,370966,,,,,,,,,,0.094,15657.726,Pinned,Device,NVIDIA A100-SXM4-40GB MIG 4g.20gb (0),1,,13,[CUDA memcpy Host-to-Device]
18277126957,50912,370967,,,,,,,,,,35.810,703342.639,Device,,NVIDIA A100-SXM4-40GB MIG 4g.20gb (0),1,,13,[CUDA memset]
18277179693,2624,370969,,,,,,,,,,0.000,30.488,Pinned,Device,NVIDIA A100-SXM4-40GB MIG 4g.20gb (0),1,,13,[CUDA memcpy Host-to-Device]
18277185421,9696,370970,,,,,,,,,,0.197,20277.166,Pinned,Device,NVIDIA A100-SXM4-40GB MIG 4g.20gb (0),1,,13,[CUDA memcpy Host-to-Device]
18277677671,22368,370971,273,1,1,48,1,1,40,0.000,0.001,,,,,NVIDIA A100-SXM4-40GB MIG 4g.20gb (0),1,,13,"void pusch_noise_intf_est::noiseIntfEstNoDftSOfdmKernel<float, __half, float, float, (unsigned int)2, (unsigned int)1, (unsigned char)4, (unsigned char)4>(pusch_noise_intf_est::puschRxNoiseIntfEstDynDescr)"
18278231009,4704,370982,35,1,1,128,1,1,16,0.000,0.000,,,,,NVIDIA A100-SXM4-40GB MIG 4g.20gb (0),1,,13,cupy_copy__complex64_complex64
18278662972,7616,370991,1,1,1,1,1,1,18,0.000,0.000,,,,,NVIDIA A100-SXM4-40GB MIG 4g.20gb (0),1,,13,cupy_copy__float32_float32
18278677116,1600,370997,,,,,,,,,,0.000,2.500,Device,Pageable,NVIDIA A100-SXM4-40GB MIG 4g.20gb (0),1,,7,[CUDA memcpy Device-to-Host]
18279005720,52544,371008,1434,1,1,128,1,1,16,0.000,0.000,,,,,NVIDIA A100-SXM4-40GB MIG 4g.20gb (0),1,,13,cupy_copy__complex64_complex64
18279253878,4768,371015,103,1,1,128,1,1,16,0.000,0.000,,,,,NVIDIA A100-SXM4-40GB MIG 4g.20gb (0),1,,13,cupy_copy__complex64_complex64
18279336981,4032,371022,35,1,1,128,1,1,16,0.000,0.000,,,,,NVIDIA A100-SXM4-40GB MIG 4g.20gb (0),1,,13,cupy_copy__complex64_complex64
18279424276,3200,371029,1,1,1,1,1,1,18,0.000,0.000,,,,,NVIDIA A100-SXM4-40GB MIG 4g.20gb (0),1,,13,cupy_copy__float32_float32
18279507443,379099,371040,1,1,1,32,32,1,30,0.000,0.000,,,,,NVIDIA A100-SXM4-40GB MIG 4g.20gb (0),1,,13,"void convert_kernel<__half2, float2>(tensor_layout_any, T1 *, tensor_layout_any, const T2 *)"
18279929358,5504,371043,,,,,,,,,,0.094,17023.251,Pinned,Device,NVIDIA A100-SXM4-40GB MIG 4g.20gb (0),1,,13,[CUDA memcpy Host-to-Device]
18280099052,4224,371044,,,,,,,,,,1.547,366150.859,Device,,NVIDIA A100-SXM4-40GB MIG 4g.20gb (0),1,,13,[CUDA memset]
18280108268,3296,371049,,,,,,,,,,0.031,9495.144,Pinned,Device,NVIDIA A100-SXM4-40GB MIG 4g.20gb (0),1,,13,[CUDA memcpy Host-to-Device]
18280114124,9632,371050,,,,,,,,,,0.197,20411.843,Pinned,Device,NVIDIA A100-SXM4-40GB MIG 4g.20gb (0),1,,13,[CUDA memcpy Host-to-Device]
18280287050,36704,371051,273,1,1,8,4,1,39,0.002,0.000,,,,,NVIDIA A100-SXM4-40GB MIG 4g.20gb (0),1,,13,"void channel_eq::eqMmseCoefCompLowMimoKernel<float, float, float, (unsigned int)4, (unsigned int)1, (unsigned int)4>(const channel_eq::_puschRxChEqStatDescr *, channel_eq::_puschRxChEqCoefCompDynDescr)"
18280340169,11648,371052,273,1,1,12,11,1,51,0.002,0.000,,,,,NVIDIA A100-SXM4-40GB MIG 4g.20gb (0),1,,13,"void channel_eq::eqMmseSoftDemapKernel<float, __half, __half, float, (unsigned int)4, (unsigned short)16383>(channel_eq::_puschRxChEqStatDescr *, channel_eq::_puschRxChEqSoftDemapDynDescr)"
18280664646,682072,371053,1,1,1,32,32,1,30,0.000,0.000,,,,,NVIDIA A100-SXM4-40GB MIG 4g.20gb (0),1,,13,"void convert_kernel<float2, __half2>(tensor_layout_any, T1 *, tensor_layout_any, const T2 *)"
18281588667,18560,371065,2253,1,1,128,1,1,16,0.000,0.000,,,,,NVIDIA A100-SXM4-40GB MIG 4g.20gb (0),1,,13,cupy_copy__float16_float16
18281977207,12448,371074,282,1,1,128,1,1,16,0.000,0.000,,,,,NVIDIA A100-SXM4-40GB MIG 4g.20gb (0),1,,13,cupy_copy__complex64_complex64
18282370131,4320,371083,26,1,1,128,1,1,16,0.000,0.000,,,,,NVIDIA A100-SXM4-40GB MIG 4g.20gb (0),1,,13,cupy_copy__float32_float32
18282968332,9600,371092,103,1,1,128,1,1,16,0.000,0.000,,,,,NVIDIA A100-SXM4-40GB MIG 4g.20gb (0),1,,13,cupy_copy__complex64_complex64
18283462663,18847,371102,1434,1,1,128,1,1,16,0.000,0.000,,,,,NVIDIA A100-SXM4-40GB MIG 4g.20gb (0),1,,13,cupy_copy__complex64_complex64
18284032640,220318,371107,1,1,1,32,32,1,30,0.000,0.000,,,,,NVIDIA A100-SXM4-40GB MIG 4g.20gb (0),1,,13,"void convert_kernel<__half2, float2>(tensor_layout_any, T1 *, tensor_layout_any, const T2 *)"
18284282941,5856,371110,,,,,,,,,,0.094,15999.997,Pinned,Device,NVIDIA A100-SXM4-40GB MIG 4g.20gb (0),1,,13,[CUDA memcpy Host-to-Device]
18284915894,603514,371111,,,,,,,,,,456.561,756065.745,Device,,NVIDIA A100-SXM4-40GB MIG 4g.20gb (0),1,,13,[CUDA memset]
18285524175,51648,371116,,,,,,,,,,1.235,23909.751,Pinned,Device,NVIDIA A100-SXM4-40GB MIG 4g.20gb (0),1,,13,[CUDA memcpy Host-to-Device]
18285578287,9376,371117,,,,,,,,,,0.197,20969.226,Pinned,Device,NVIDIA A100-SXM4-40GB MIG 4g.20gb (0),1,,13,[CUDA memcpy Host-to-Device]
18286408038,13983,371118,69,4,1,48,1,1,76,0.002,0.000,,,,,NVIDIA A100-SXM4-40GB MIG 4g.20gb (0),1,,13,"void ch_est::windowedChEstPreNoDftSOfdmKernel<float, __half, float, (unsigned int)2, (unsigned int)1, (unsigned short)4>(ch_est::puschRxChEstStatDescr_t *, ch_est::puschRxChEstDynDescr_t *)"
18287292796,12736,371119,137,2,1,24,2,1,44,0.001,0.001,,,,,NVIDIA A100-SXM4-40GB MIG 4g.20gb (0),1,,13,"void ch_est::chEstFilterNoDftSOfdmDispatchKernel<float, __half, float, (unsigned int)2>(ch_est::puschRxChEstStatDescr_t *, ch_est::puschRxChEstDynDescr_t *)"
18288180882,13504,371120,137,2,1,24,2,1,44,0.001,0.001,,,,,NVIDIA A100-SXM4-40GB MIG 4g.20gb (0),1,,13,"void ch_est::chEstFilterNoDftSOfdmDispatchKernel<float, __half, float, (unsigned int)2>(ch_est::puschRxChEstStatDescr_t *, ch_est::puschRxChEstDynDescr_t *)"
18289064264,5312,371131,103,1,1,128,1,1,16,0.000,0.000,,,,,NVIDIA A100-SXM4-40GB MIG 4g.20gb (0),1,,13,cupy_copy__complex64_complex64
18289225542,18464,371141,1434,1,1,128,1,1,16,0.000,0.000,,,,,NVIDIA A100-SXM4-40GB MIG 4g.20gb (0),1,,13,cupy_copy__complex64_complex64
18289488963,5280,371148,103,1,1,128,1,1,16,0.000,0.000,,,,,NVIDIA A100-SXM4-40GB MIG 4g.20gb (0),1,,13,cupy_copy__complex64_complex64
18289748960,231294,371155,1,1,1,32,32,1,30,0.000,0.000,,,,,NVIDIA A100-SXM4-40GB MIG 4g.20gb (0),1,,13,"void convert_kernel<__half2, float2>(tensor_layout_any, T1 *, tensor_layout_any, const T2 *)"
18290010109,5376,371158,,,,,,,,,,0.094,17428.487,Pinned,Device,NVIDIA A100-SXM4-40GB MIG 4g.20gb (0),1,,13,[CUDA memcpy Host-to-Device]
18290064029,52351,371159,,,,,,,,,,35.810,684005.282,Device,,NVIDIA A100-SXM4-40GB MIG 4g.20gb (0),1,,13,[CUDA memset]
18290123196,1888,371161,,,,,,,,,,0.000,42.373,Pinned,Device,NVIDIA A100-SXM4-40GB MIG 4g.20gb (0),1,,13,[CUDA memcpy Host-to-Device]
18290127516,9600,371162,,,,,,,,,,0.197,20479.869,Pinned,Device,NVIDIA A100-SXM4-40GB MIG 4g.20gb (0),1,,13,[CUDA memcpy Host-to-Device]
18290434873,12959,371163,273,1,1,48,1,1,40,0.000,0.001,,,,,NVIDIA A100-SXM4-40GB MIG 4g.20gb (0),1,,13,"void pusch_noise_intf_est::noiseIntfEstNoDftSOfdmKernel<float, __half, float, float, (unsigned int)2, (unsigned int)1, (unsigned char)4, (unsigned char)4>(pusch_noise_intf_est::puschRxNoiseIntfEstDynDescr)"
18290449752,3712,371174,35,1,1,128,1,1,16,0.000,0.000,,,,,NVIDIA A100-SXM4-40GB MIG 4g.20gb (0),1,,13,cupy_copy__complex64_complex64
18290455640,1984,371183,1,1,1,1,1,1,18,0.000,0.000,,,,,NVIDIA A100-SXM4-40GB MIG 4g.20gb (0),1,,13,cupy_copy__float32_float32
18290459192,1664,371189,,,,,,,,,,0.000,2.404,Device,Pageable,NVIDIA A100-SXM4-40GB MIG 4g.20gb (0),1,,7,[CUDA memcpy Device-to-Host]
18290805716,21632,371200,1434,1,1,128,1,1,16,0.000,0.000,,,,,NVIDIA A100-SXM4-40GB MIG 4g.20gb (0),1,,13,cupy_copy__complex64_complex64
18290880532,7328,371207,103,1,1,128,1,1,16,0.000,0.000,,,,,NVIDIA A100-SXM4-40GB MIG 4g.20gb (0),1,,13,cupy_copy__complex64_complex64
18290889428,3871,371214,35,1,1,128,1,1,16,0.000,0.000,,,,,NVIDIA A100-SXM4-40GB MIG 4g.20gb (0),1,,13,cupy_copy__complex64_complex64
18291002642,6784,371221,1,1,1,1,1,1,18,0.000,0.000,,,,,NVIDIA A100-SXM4-40GB MIG 4g.20gb (0),1,,13,cupy_copy__float32_float32
18291056210,262429,371232,1,1,1,32,32,1,30,0.000,0.000,,,,,NVIDIA A100-SXM4-40GB MIG 4g.20gb (0),1,,13,"void convert_kernel<__half2, float2>(tensor_layout_any, T1 *, tensor_layout_any, const T2 *)"
18291346862,6656,371235,,,,,,,,,,0.094,14076.887,Pinned,Device,NVIDIA A100-SXM4-40GB MIG 4g.20gb (0),1,,13,[CUDA memcpy Host-to-Device]
18291861961,5440,371236,,,,,,,,,,1.547,284305.064,Device,,NVIDIA A100-SXM4-40GB MIG 4g.20gb (0),1,,13,[CUDA memset]
18291872777,3711,371241,,,,,,,,,,0.031,8433.302,Pinned,Device,NVIDIA A100-SXM4-40GB MIG 4g.20gb (0),1,,13,[CUDA memcpy Host-to-Device]
18291880200,10432,371242,,,,,,,,,,0.197,18846.450,Pinned,Device,NVIDIA A100-SXM4-40GB MIG 4g.20gb (0),1,,13,[CUDA memcpy Host-to-Device]
18292572545,41727,371243,273,1,1,8,4,1,39,0.002,0.000,,,,,NVIDIA A100-SXM4-40GB MIG 4g.20gb (0),1,,13,"void channel_eq::eqMmseCoefCompLowMimoKernel<float, float, float, (unsigned int)4, (unsigned int)1, (unsigned int)4>(const channel_eq::_puschRxChEqStatDescr *, channel_eq::_puschRxChEqCoefCompDynDescr)"
18293342648,11072,371244,273,1,1,12,11,1,51,0.002,0.000,,,,,NVIDIA A100-SXM4-40GB MIG 4g.20gb (0),1,,13,"void channel_eq::eqMmseSoftDemapKernel<float, __half, __half, float, (unsigned int)4, (unsigned short)16383>(channel_eq::_puschRxChEqStatDescr *, channel_eq::_puschRxChEqSoftDemapDynDescr)"
18294136975,653977,371245,1,1,1,32,32,1,30,0.000,0.000,,,,,NVIDIA A100-SXM4-40GB MIG 4g.20gb (0),1,,13,"void convert_kernel<float2, __half2>(tensor_layout_any, T1 *, tensor_layout_any, const T2 *)"
18295323074,14464,371257,2253,1,1,128,1,1,16,0.000,0.000,,,,,NVIDIA A100-SXM4-40GB MIG 4g.20gb (0),1,,13,cupy_copy__float16_float16
18295785085,9856,371266,282,1,1,128,1,1,16,0.000,0.000,,,,,NVIDIA A100-SXM4-40GB MIG 4g.20gb (0),1,,13,cupy_copy__complex64_complex64
18296505557,4256,371275,26,1,1,128,1,1,16,0.000,0.000,,,,,NVIDIA A100-SXM4-40GB MIG 4g.20gb (0),1,,13,cupy_copy__float32_float32
18297172269,9504,371284,103,1,1,128,1,1,16,0.000,0.000,,,,,NVIDIA A100-SXM4-40GB MIG 4g.20gb (0),1,,13,cupy_copy__complex64_complex64
18297617704,20448,371300,1434,1,1,128,1,1,16,0.000,0.000,,,,,NVIDIA A100-SXM4-40GB MIG 4g.20gb (0),1,,13,cupy_copy__complex64_complex64
18297687880,335804,371305,1,1,1,32,32,1,30,0.000,0.000,,,,,NVIDIA A100-SXM4-40GB MIG 4g.20gb (0),1,,13,"void convert_kernel<__half2, float2>(tensor_layout_any, T1 *, tensor_layout_any, const T2 *)"
18298058915,5728,371308,,,,,,,,,,0.094,16357.541,Pinned,Device,NVIDIA A100-SXM4-40GB MIG 4g.20gb (0),1,,13,[CUDA memcpy Host-to-Device]
18298077059,608857,371309,,,,,,,,,,456.561,749673.884,Device,,NVIDIA A100-SXM4-40GB MIG 4g.20gb (0),1,,13,[CUDA memset]
18298687420,53024,371314,,,,,,,,,,1.235,23289.809,Pinned,Device,NVIDIA A100-SXM4-40GB MIG 4g.20gb (0),1,,13,[CUDA memcpy Host-to-Device]
18298743804,9376,371315,,,,,,,,,,0.197,20969.226,Pinned,Device,NVIDIA A100-SXM4-40GB MIG 4g.20gb (0),1,,13,[CUDA memcpy Host-to-Device]
18298805467,31680,371316,69,4,1,48,1,1,76,0.002,0.000,,,,,NVIDIA A100-SXM4-40GB MIG 4g.20gb (0),1,,13,"void ch_est::windowedChEstPreNoDftSOfdmKernel<float, __half, float, (unsigned int)2, (unsigned int)1, (unsigned short)4>(ch_est::puschRxChEstStatDescr_t *, ch_est::puschRxChEstDynDescr_t *)"
18299268534,10752,371317,137,2,1,24,2,1,44,0.001,0.001,,,,,NVIDIA A100-SXM4-40GB MIG 4g.20gb (0),1,,13,"void ch_est::chEstFilterNoDftSOfdmDispatchKernel<float, __half, float, (unsigned int)2>(ch_est::puschRxChEstStatDescr_t *, ch_est::puschRxChEstDynDescr_t *)"
18299375733,15487,371318,137,2,1,24,2,1,44,0.001,0.001,,,,,NVIDIA A100-SXM4-40GB MIG 4g.20gb (0),1,,13,"void ch_est::chEstFilterNoDftSOfdmDispatchKernel<float, __half, float, (unsigned int)2>(ch_est::puschRxChEstStatDescr_t *, ch_est::puschRxChEstDynDescr_t *)"
18299780976,4544,371329,103,1,1,128,1,1,16,0.000,0.000,,,,,NVIDIA A100-SXM4-40GB MIG 4g.20gb (0),1,,13,cupy_copy__complex64_complex64
18299879375,25824,371339,1434,1,1,128,1,1,16,0.000,0.000,,,,,NVIDIA A100-SXM4-40GB MIG 4g.20gb (0),1,,13,cupy_copy__complex64_complex64
18299909455,3616,371346,103,1,1,128,1,1,16,0.000,0.000,,,,,NVIDIA A100-SXM4-40GB MIG 4g.20gb (0),1,,13,cupy_copy__complex64_complex64
18299914511,81599,371353,1,1,1,32,32,1,30,0.000,0.000,,,,,NVIDIA A100-SXM4-40GB MIG 4g.20gb (0),1,,13,"void convert_kernel<__half2, float2>(tensor_layout_any, T1 *, tensor_layout_any, const T2 *)"
18300025325,5344,371356,,,,,,,,,,0.094,17532.864,Pinned,Device,NVIDIA A100-SXM4-40GB MIG 4g.20gb (0),1,,13,[CUDA memcpy Host-to-Device]
18300455785,64543,371357,,,,,,,,,,35.810,554803.091,Device,,NVIDIA A100-SXM4-40GB MIG 4g.20gb (0),1,,13,[CUDA memset]
18300524040,2368,371359,,,,,,,,,,0.000,33.784,Pinned,Device,NVIDIA A100-SXM4-40GB MIG 4g.20gb (0),1,,13,[CUDA memcpy Host-to-Device]
18300529640,11584,371360,,,,,,,,,,0.197,16972.186,Pinned,Device,NVIDIA A100-SXM4-40GB MIG 4g.20gb (0),1,,13,[CUDA memcpy Host-to-Device]
18301073890,24639,371361,273,1,1,48,1,1,40,0.000,0.001,,,,,NVIDIA A100-SXM4-40GB MIG 4g.20gb (0),1,,13,"void pusch_noise_intf_est::noiseIntfEstNoDftSOfdmKernel<float, __half, float, float, (unsigned int)2, (unsigned int)1, (unsigned char)4, (unsigned char)4>(pusch_noise_intf_est::puschRxNoiseIntfEstDynDescr)"
18301843641,9984,371372,35,1,1,128,1,1,16,0.000,0.000,,,,,NVIDIA A100-SXM4-40GB MIG 4g.20gb (0),1,,13,cupy_copy__complex64_complex64
18302578833,3712,371381,1,1,1,1,1,1,18,0.000,0.000,,,,,NVIDIA A100-SXM4-40GB MIG 4g.20gb (0),1,,13,cupy_copy__float32_float32
18302586225,2432,371387,,,,,,,,,,0.000,1.645,Device,Pageable,NVIDIA A100-SXM4-40GB MIG 4g.20gb (0),1,,7,[CUDA memcpy Device-to-Host]
18303025932,20352,371398,1434,1,1,128,1,1,16,0.000,0.000,,,,,NVIDIA A100-SXM4-40GB MIG 4g.20gb (0),1,,13,cupy_copy__complex64_complex64
18303634629,11264,371405,103,1,1,128,1,1,16,0.000,0.000,,,,,NVIDIA A100-SXM4-40GB MIG 4g.20gb (0),1,,13,cupy_copy__complex64_complex64
18304417948,11360,371412,35,1,1,128,1,1,16,0.000,0.000,,,,,NVIDIA A100-SXM4-40GB MIG 4g.20gb (0),1,,13,cupy_copy__complex64_complex64
18305175348,4064,371419,1,1,1,1,1,1,18,0.000,0.000,,,,,NVIDIA A100-SXM4-40GB MIG 4g.20gb (0),1,,13,cupy_copy__float32_float32
18305625871,206397,371430,1,1,1,32,32,1,30,0.000,0.000,,,,,NVIDIA A100-SXM4-40GB MIG 4g.20gb (0),1,,13,"void convert_kernel<__half2, float2>(tensor_layout_any, T1 *, tensor_layout_any, const T2 *)"
18305862220,5600,371433,,,,,,,,,,0.094,16731.388,Pinned,Device,NVIDIA A100-SXM4-40GB MIG 4g.20gb (0),1,,13,[CUDA memcpy Host-to-Device]
18306479461,10816,371434,,,,,,,,,,1.547,142993.122,Device,,NVIDIA A100-SXM4-40GB MIG 4g.20gb (0),1,,13,[CUDA memset]
18306491717,3360,371439,,,,,,,,,,0.031,9314.284,Pinned,Device,NVIDIA A100-SXM4-40GB MIG 4g.20gb (0),1,,13,[CUDA memcpy Host-to-Device]
18306498597,11232,371440,,,,,,,,,,0.197,17504.207,Pinned,Device,NVIDIA A100-SXM4-40GB MIG 4g.20gb (0),1,,13,[CUDA memcpy Host-to-Device]
18306814561,22592,371441,273,1,1,8,4,1,39,0.002,0.000,,,,,NVIDIA A100-SXM4-40GB MIG 4g.20gb (0),1,,13,"void channel_eq::eqMmseCoefCompLowMimoKernel<float, float, float, (unsigned int)4, (unsigned int)1, (unsigned int)4>(const channel_eq::_puschRxChEqStatDescr *, channel_eq::_puschRxChEqCoefCompDynDescr)"
18306891553,24703,371442,273,1,1,12,11,1,51,0.002,0.000,,,,,NVIDIA A100-SXM4-40GB MIG 4g.20gb (0),1,,13,"void channel_eq::eqMmseSoftDemapKernel<float, __half, __half, float, (unsigned int)4, (unsigned short)16383>(channel_eq::_puschRxChEqStatDescr *, channel_eq::_puschRxChEqSoftDemapDynDescr)"
18307228061,766455,371443,1,1,1,32,32,1,30,0.000,0.000,,,,,NVIDIA A100-SXM4-40GB MIG 4g.20gb (0),1,,13,"void convert_kernel<float2, __half2>(tensor_layout_any, T1 *, tensor_layout_any, const T2 *)"
18308306321,23328,371455,2253,1,1,128,1,1,16,0.000,0.000,,,,,NVIDIA A100-SXM4-40GB MIG 4g.20gb (0),1,,13,cupy_copy__float16_float16
18308861227,7680,371464,282,1,1,128,1,1,16,0.000,0.000,,,,,NVIDIA A100-SXM4-40GB MIG 4g.20gb (0),1,,13,cupy_copy__complex64_complex64
18308871658,5728,371473,26,1,1,128,1,1,16,0.000,0.000,,,,,NVIDIA A100-SXM4-40GB MIG 4g.20gb (0),1,,13,cupy_copy__float32_float32
18308879466,4192,371482,103,1,1,128,1,1,16,0.000,0.000,,,,,NVIDIA A100-SXM4-40GB MIG 4g.20gb (0),1,,13,cupy_copy__complex64_complex64
18308887274,12576,371492,1434,1,1,128,1,1,16,0.000,0.000,,,,,NVIDIA A100-SXM4-40GB MIG 4g.20gb (0),1,,13,cupy_copy__complex64_complex64
18308901194,80543,371497,1,1,1,32,32,1,30,0.000,0.000,,,,,NVIDIA A100-SXM4-40GB MIG 4g.20gb (0),1,,13,"void convert_kernel<__half2, float2>(tensor_layout_any, T1 *, tensor_layout_any, const T2 *)"
18309011113,5344,371500,,,,,,,,,,0.094,17532.864,Pinned,Device,NVIDIA A100-SXM4-40GB MIG 4g.20gb (0),1,,13,[CUDA memcpy Host-to-Device]
18309482500,611609,371501,,,,,,,,,,456.561,746477.954,Device,,NVIDIA A100-SXM4-40GB MIG 4g.20gb (0),1,,13,[CUDA memset]
18310098429,52287,371506,,,,,,,,,,1.235,23618.304,Pinned,Device,NVIDIA A100-SXM4-40GB MIG 4g.20gb (0),1,,13,[CUDA memcpy Host-to-Device]
18310153212,9440,371507,,,,,,,,,,0.197,20827.079,Pinned,Device,NVIDIA A100-SXM4-40GB MIG 4g.20gb (0),1,,13,[CUDA memcpy Host-to-Device]
18310701142,34496,371508,69,4,1,48,1,1,76,0.002,0.000,,,,,NVIDIA A100-SXM4-40GB MIG 4g.20gb (0),1,,13,"void ch_est::windowedChEstPreNoDftSOfdmKernel<float, __half, float, (unsigned int)2, (unsigned int)1, (unsigned short)4>(ch_est::puschRxChEstStatDescr_t *, ch_est::puschRxChEstDynDescr_t *)"
18311403566,16416,371509,137,2,1,24,2,1,44,0.001,0.001,,,,,NVIDIA A100-SXM4-40GB MIG 4g.20gb (0),1,,13,"void ch_est::chEstFilterNoDftSOfdmDispatchKernel<float, __half, float, (unsigned int)2>(ch_est::puschRxChEstStatDescr_t *, ch_est::puschRxChEstDynDescr_t *)"
18312271716,13792,371510,137,2,1,24,2,1,44,0.001,0.001,,,,,NVIDIA A100-SXM4-40GB MIG 4g.20gb (0),1,,13,"void ch_est::chEstFilterNoDftSOfdmDispatchKernel<float, __half, float, (unsigned int)2>(ch_est::puschRxChEstStatDescr_t *, ch_est::puschRxChEstDynDescr_t *)"
18313043100,6080,371521,103,1,1,128,1,1,16,0.000,0.000,,,,,NVIDIA A100-SXM4-40GB MIG 4g.20gb (0),1,,13,cupy_copy__complex64_complex64
18313803923,17696,371531,1434,1,1,128,1,1,16,0.000,0.000,,,,,NVIDIA A100-SXM4-40GB MIG 4g.20gb (0),1,,13,cupy_copy__complex64_complex64
18314225615,7616,371538,103,1,1,128,1,1,16,0.000,0.000,,,,,NVIDIA A100-SXM4-40GB MIG 4g.20gb (0),1,,13,cupy_copy__complex64_complex64
18315091013,215998,371545,1,1,1,32,32,1,30,0.000,0.000,,,,,NVIDIA A100-SXM4-40GB MIG 4g.20gb (0),1,,13,"void convert_kernel<__half2, float2>(tensor_layout_any, T1 *, tensor_layout_any, const T2 *)"
18315336834,6016,371548,,,,,,,,,,0.094,15574.430,Pinned,Device,NVIDIA A100-SXM4-40GB MIG 4g.20gb (0),1,,13,[CUDA memcpy Host-to-Device]
18316032250,58560,371549,,,,,,,,,,35.810,611490.194,Device,,NVIDIA A100-SXM4-40GB MIG 4g.20gb (0),1,,13,[CUDA memset]
18316092346,2848,371551,,,,,,,,,,0.000,28.090,Pinned,Device,NVIDIA A100-SXM4-40GB MIG 4g.20gb (0),1,,13,[CUDA memcpy Host-to-Device]
18316099162,11392,371552,,,,,,,,,,0.197,17258.250,Pinned,Device,NVIDIA A100-SXM4-40GB MIG 4g.20gb (0),1,,13,[CUDA memcpy Host-to-Device]
18316377847,36575,371553,273,1,1,48,1,1,40,0.000,0.001,,,,,NVIDIA A100-SXM4-40GB MIG 4g.20gb (0),1,,13,"void pusch_noise_intf_est::noiseIntfEstNoDftSOfdmKernel<float, __half, float, float, (unsigned int)2, (unsigned int)1, (unsigned char)4, (unsigned char)4>(pusch_noise_intf_est::puschRxNoiseIntfEstDynDescr)"
18316609748,6016,371564,35,1,1,128,1,1,16,0.000,0.000,,,,,NVIDIA A100-SXM4-40GB MIG 4g.20gb (0),1,,13,cupy_copy__complex64_complex64
18316887089,7840,371573,1,1,1,1,1,1,18,0.000,0.000,,,,,NVIDIA A100-SXM4-40GB MIG 4g.20gb (0),1,,13,cupy_copy__float32_float32
18316896817,1600,371579,,,,,,,,,,0.000,2.500,Device,Pageable,NVIDIA A100-SXM4-40GB MIG 4g.20gb (0),1,,7,[CUDA memcpy Device-to-Host]
18317173582,20255,371590,1434,1,1,128,1,1,16,0.000,0.000,,,,,NVIDIA A100-SXM4-40GB MIG 4g.20gb (0),1,,13,cupy_copy__complex64_complex64
18317245997,4864,371597,103,1,1,128,1,1,16,0.000,0.000,,,,,NVIDIA A100-SXM4-40GB MIG 4g.20gb (0),1,,13,cupy_copy__complex64_complex64
18317614313,7232,371604,35,1,1,128,1,1,16,0.000,0.000,,,,,NVIDIA A100-SXM4-40GB MIG 4g.20gb (0),1,,13,cupy_copy__complex64_complex64
18317667144,8608,371611,1,1,1,1,1,1,18,0.000,0.000,,,,,NVIDIA A100-SXM4-40GB MIG 4g.20gb (0),1,,13,cupy_copy__float32_float32
18317940677,328636,371622,1,1,1,32,32,1,30,0.000,0.000,,,,,NVIDIA A100-SXM4-40GB MIG 4g.20gb (0),1,,13,"void convert_kernel<__half2, float2>(tensor_layout_any, T1 *, tensor_layout_any, const T2 *)"
18318297953,6144,371625,,,,,,,,,,0.094,15249.961,Pinned,Device,NVIDIA A100-SXM4-40GB MIG 4g.20gb (0),1,,13,[CUDA memcpy Host-to-Device]
18318464063,7328,371626,,,,,,,,,,1.547,211055.404,Device,,NVIDIA A100-SXM4-40GB MIG 4g.20gb (0),1,,13,[CUDA memset]
18318475967,3072,371631,,,,,,,,,,0.031,10187.474,Pinned,Device,NVIDIA A100-SXM4-40GB MIG 4g.20gb (0),1,,13,[CUDA memcpy Host-to-Device]
18318482655,10624,371632,,,,,,,,,,0.197,18505.925,Pinned,Device,NVIDIA A100-SXM4-40GB MIG 4g.20gb (0),1,,13,[CUDA memcpy Host-to-Device]
18318740604,24000,371633,273,1,1,8,4,1,39,0.002,0.000,,,,,NVIDIA A100-SXM4-40GB MIG 4g.20gb (0),1,,13,"void channel_eq::eqMmseCoefCompLowMimoKernel<float, float, float, (unsigned int)4, (unsigned int)1, (unsigned int)4>(const channel_eq::_puschRxChEqStatDescr *, channel_eq::_puschRxChEqCoefCompDynDescr)"
18319013753,19392,371634,273,1,1,12,11,1,51,0.002,0.000,,,,,NVIDIA A100-SXM4-40GB MIG 4g.20gb (0),1,,13,"void channel_eq::eqMmseSoftDemapKernel<float, __half, __half, float, (unsigned int)4, (unsigned short)16383>(channel_eq::_puschRxChEqStatDescr *, channel_eq::_puschRxChEqSoftDemapDynDescr)"
18319290454,845975,371635,1,1,1,32,32,1,30,0.000,0.000,,,,,NVIDIA A100-SXM4-40GB MIG 4g.20gb (0),1,,13,"void convert_kernel<float2, __half2>(tensor_layout_any, T1 *, tensor_layout_any, const T2 *)"
18320432201,15168,371647,2253,1,1,128,1,1,16,0.000,0.000,,,,,NVIDIA A100-SXM4-40GB MIG 4g.20gb (0),1,,13,cupy_copy__float16_float16
18320545288,4320,371656,282,1,1,128,1,1,16,0.000,0.000,,,,,NVIDIA A100-SXM4-40GB MIG 4g.20gb (0),1,,13,cupy_copy__complex64_complex64
18320633031,4608,371665,26,1,1,128,1,1,16,0.000,0.000,,,,,NVIDIA A100-SXM4-40GB MIG 4g.20gb (0),1,,13,cupy_copy__float32_float32
18320738438,4288,371674,103,1,1,128,1,1,16,0.000,0.000,,,,,NVIDIA A100-SXM4-40GB MIG 4g.20gb (0),1,,13,cupy_copy__complex64_complex64
18320744166,14080,371684,1434,1,1,128,1,1,16,0.000,0.000,,,,,NVIDIA A100-SXM4-40GB MIG 4g.20gb (0),1,,13,cupy_copy__complex64_complex64
18320759558,222109,371689,1,1,1,32,32,1,30,0.000,0.000,,,,,NVIDIA A100-SXM4-40GB MIG 4g.20gb (0),1,,13,"void convert_kernel<__half2, float2>(tensor_layout_any, T1 *, tensor_layout_any, const T2 *)"
18321012163,6432,371692,,,,,,,,,,0.094,14567.105,Pinned,Device,NVIDIA A100-SXM4-40GB MIG 4g.20gb (0),1,,13,[CUDA memcpy Host-to-Device]
18321138273,604730,371693,,,,,,,,,,456.561,754696.060,Device,,NVIDIA A100-SXM4-40GB MIG 4g.20gb (0),1,,13,[CUDA memset]
18321751131,50879,371698,,,,,,,,,,1.235,24271.589,Pinned,Device,NVIDIA A100-SXM4-40GB MIG 4g.20gb (0),1,,13,[CUDA memcpy Host-to-Device]
18321806618,9696,371699,,,,,,,,,,0.197,20277.166,Pinned,Device,NVIDIA A100-SXM4-40GB MIG 4g.20gb (0),1,,13,[CUDA memcpy Host-to-Device]
18322110455,22399,371700,69,4,1,48,1,1,76,0.002,0.000,,,,,NVIDIA A100-SXM4-40GB MIG 4g.20gb (0),1,,13,"void ch_est::windowedChEstPreNoDftSOfdmKernel<float, __half, float, (unsigned int)2, (unsigned int)1, (unsigned short)4>(ch_est::puschRxChEstStatDescr_t *, ch_est::puschRxChEstDynDescr_t *)"
18322654832,35040,371701,137,2,1,24,2,1,44,0.001,0.001,,,,,NVIDIA A100-SXM4-40GB MIG 4g.20gb (0),1,,13,"void ch_est::chEstFilterNoDftSOfdmDispatchKernel<float, __half, float, (unsigned int)2>(ch_est::puschRxChEstStatDescr_t *, ch_est::puschRxChEstDynDescr_t *)"
18322963085,24832,371702,137,2,1,24,2,1,44,0.001,0.001,,,,,NVIDIA A100-SXM4-40GB MIG 4g.20gb (0),1,,13,"void ch_est::chEstFilterNoDftSOfdmDispatchKernel<float, __half, float, (unsigned int)2>(ch_est::puschRxChEstStatDescr_t *, ch_est::puschRxChEstDynDescr_t *)"
18323274889,6784,371713,103,1,1,128,1,1,16,0.000,0.000,,,,,NVIDIA A100-SXM4-40GB MIG 4g.20gb (0),1,,13,cupy_copy__complex64_complex64
18323547750,44256,371723,1434,1,1,128,1,1,16,0.000,0.000,,,,,NVIDIA A100-SXM4-40GB MIG 4g.20gb (0),1,,13,cupy_copy__complex64_complex64
18324040833,11840,371730,103,1,1,128,1,1,16,0.000,0.000,,,,,NVIDIA A100-SXM4-40GB MIG 4g.20gb (0),1,,13,cupy_copy__complex64_complex64
18324313886,313532,371737,1,1,1,32,32,1,30,0.000,0.000,,,,,NVIDIA A100-SXM4-40GB MIG 4g.20gb (0),1,,13,"void convert_kernel<__half2, float2>(tensor_layout_any, T1 *, tensor_layout_any, const T2 *)"
18324658170,5888,371740,,,,,,,,,,0.094,15912.954,Pinned,Device,NVIDIA A100-SXM4-40GB MIG 4g.20gb (0),1,,13,[CUDA memcpy Host-to-Device]
18325039190,57823,371741,,,,,,,,,,35.810,619296.756,Device,,NVIDIA A100-SXM4-40GB MIG 4g.20gb (0),1,,13,[CUDA memset]
18325102229,3808,371743,,,,,,,,,,0.000,21.008,Pinned,Device,NVIDIA A100-SXM4-40GB MIG 4g.20gb (0),1,,13,[CUDA memcpy Host-to-Device]
18325110741,9632,371744,,,,,,,,,,0.197,20411.843,Pinned,Device,NVIDIA A100-SXM4-40GB MIG 4g.20gb (0),1,,13,[CUDA memcpy Host-to-Device]
18325657135,36031,371745,273,1,1,48,1,1,40,0.000,0.001,,,,,NVIDIA A100-SXM4-40GB MIG 4g.20gb (0),1,,13,"void pusch_noise_intf_est::noiseIntfEstNoDftSOfdmKernel<float, __half, float, float, (unsigned int)2, (unsigned int)1, (unsigned char)4, (unsigned char)4>(pusch_noise_intf_est::puschRxNoiseIntfEstDynDescr)"
18326042443,4799,371756,35,1,1,128,1,1,16,0.000,0.000,,,,,NVIDIA A100-SXM4-40GB MIG 4g.20gb (0),1,,13,cupy_copy__complex64_complex64
18326546661,4736,371765,1,1,1,1,1,1,18,0.000,0.000,,,,,NVIDIA A100-SXM4-40GB MIG 4g.20gb (0),1,,13,cupy_copy__float32_float32
18326553637,3104,371771,,,,,,,,,,0.000,1.289,Device,Pageable,NVIDIA A100-SXM4-40GB MIG 4g.20gb (0),1,,7,[CUDA memcpy Device-to-Host]
18326949536,18656,371782,1434,1,1,128,1,1,16,0.000,0.000,,,,,NVIDIA A100-SXM4-40GB MIG 4g.20gb (0),1,,13,cupy_copy__complex64_complex64
18327260797,11616,371789,103,1,1,128,1,1,16,0.000,0.000,,,,,NVIDIA A100-SXM4-40GB MIG 4g.20gb (0),1,,13,cupy_copy__complex64_complex64
18327448347,4800,371796,35,1,1,128,1,1,16,0.000,0.000,,,,,NVIDIA A100-SXM4-40GB MIG 4g.20gb (0),1,,13,cupy_copy__complex64_complex64
18327751031,3616,371803,1,1,1,1,1,1,18,0.000,0.000,,,,,NVIDIA A100-SXM4-40GB MIG 4g.20gb (0),1,,13,cupy_copy__float32_float32
18327844150,407324,371814,1,1,1,32,32,1,30,0.000,0.000,,,,,NVIDIA A100-SXM4-40GB MIG 4g.20gb (0),1,,13,"void convert_kernel<__half2, float2>(tensor_layout_any, T1 *, tensor_layout_any, const T2 *)"
18328282194,6207,371817,,,,,,,,,,0.094,15095.175,Pinned,Device,NVIDIA A100-SXM4-40GB MIG 4g.20gb (0),1,,13,[CUDA memcpy Host-to-Device]
18328467631,5056,371818,,,,,,,,,,1.547,305897.481,Device,,NVIDIA A100-SXM4-40GB MIG 4g.20gb (0),1,,13,[CUDA memset]
18328480783,7200,371823,,,,,,,,,,0.031,4346.639,Pinned,Device,NVIDIA A100-SXM4-40GB MIG 4g.20gb (0),1,,13,[CUDA memcpy Host-to-Device]
18328490511,16512,371824,,,,,,,,,,0.197,11906.974,Pinned,Device,NVIDIA A100-SXM4-40GB MIG 4g.20gb (0),1,,13,[CUDA memcpy Host-to-Device]
18328797932,14688,371825,273,1,1,8,4,1,39,0.002,0.000,,,,,NVIDIA A100-SXM4-40GB MIG 4g.20gb (0),1,,13,"void channel_eq::eqMmseCoefCompLowMimoKernel<float, float, float, (unsigned int)4, (unsigned int)1, (unsigned int)4>(const channel_eq::_puschRxChEqStatDescr *, channel_eq::_puschRxChEqCoefCompDynDescr)"
18329126664,20928,371826,273,1,1,12,11,1,51,0.002,0.000,,,,,NVIDIA A100-SXM4-40GB MIG 4g.20gb (0),1,,13,"void channel_eq::eqMmseSoftDemapKernel<float, __half, __half, float, (unsigned int)4, (unsigned short)16383>(channel_eq::_puschRxChEqStatDescr *, channel_eq::_puschRxChEqSoftDemapDynDescr)"
18329372741,703736,371827,1,1,1,32,32,1,30,0.000,0.000,,,,,NVIDIA A100-SXM4-40GB MIG 4g.20gb (0),1,,13,"void convert_kernel<float2, __half2>(tensor_layout_any, T1 *, tensor_layout_any, const T2 *)"
18330270459,16032,371839,2253,1,1,128,1,1,16,0.000,0.000,,,,,NVIDIA A100-SXM4-40GB MIG 4g.20gb (0),1,,13,cupy_copy__float16_float16
18330533368,5216,371848,282,1,1,128,1,1,16,0.000,0.000,,,,,NVIDIA A100-SXM4-40GB MIG 4g.20gb (0),1,,13,cupy_copy__complex64_complex64
18330614455,7040,371857,26,1,1,128,1,1,16,0.000,0.000,,,,,NVIDIA A100-SXM4-40GB MIG 4g.20gb (0),1,,13,cupy_copy__float32_float32
18330870389,6368,371866,103,1,1,128,1,1,16,0.000,0.000,,,,,NVIDIA A100-SXM4-40GB MIG 4g.20gb (0),1,,13,cupy_copy__complex64_complex64
18330948020,17344,371876,1434,1,1,128,1,1,16,0.000,0.000,,,,,NVIDIA A100-SXM4-40GB MIG 4g.20gb (0),1,,13,cupy_copy__complex64_complex64
18331213521,376316,371881,1,1,1,32,32,1,30,0.000,0.000,,,,,NVIDIA A100-SXM4-40GB MIG 4g.20gb (0),1,,13,"void convert_kernel<__half2, float2>(tensor_layout_any, T1 *, tensor_layout_any, const T2 *)"
18331618188,5696,371884,,,,,,,,,,0.094,16449.363,Pinned,Device,NVIDIA A100-SXM4-40GB MIG 4g.20gb (0),1,,13,[CUDA memcpy Host-to-Device]
18331672844,629433,371885,,,,,,,,,,456.561,725019.567,Device,,NVIDIA A100-SXM4-40GB MIG 4g.20gb (0),1,,13,[CUDA memset]
18332305989,65471,371890,,,,,,,,,,1.235,18861.300,Pinned,Device,NVIDIA A100-SXM4-40GB MIG 4g.20gb (0),1,,13,[CUDA memcpy Host-to-Device]
18332374148,13216,371891,,,,,,,,,,0.197,14876.344,Pinned,Device,NVIDIA A100-SXM4-40GB MIG 4g.20gb (0),1,,13,[CUDA memcpy Host-to-Device]
18332594785,17696,371892,69,4,1,48,1,1,76,0.002,0.000,,,,,NVIDIA A100-SXM4-40GB MIG 4g.20gb (0),1,,13,"void ch_est::windowedChEstPreNoDftSOfdmKernel<float, __half, float, (unsigned int)2, (unsigned int)1, (unsigned short)4>(ch_est::puschRxChEstStatDescr_t *, ch_est::puschRxChEstDynDescr_t *)"
18333068412,20704,371893,137,2,1,24,2,1,44,0.001,0.001,,,,,NVIDIA A100-SXM4-40GB MIG 4g.20gb (0),1,,13,"void ch_est::chEstFilterNoDftSOfdmDispatchKernel<float, __half, float, (unsigned int)2>(ch_est::puschRxChEstStatDescr_t *, ch_est::puschRxChEstDynDescr_t *)"
18333333881,19008,371894,137,2,1,24,2,1,44,0.001,0.001,,,,,NVIDIA A100-SXM4-40GB MIG 4g.20gb (0),1,,13,"void ch_est::chEstFilterNoDftSOfdmDispatchKernel<float, __half, float, (unsigned int)2>(ch_est::puschRxChEstStatDescr_t *, ch_est::puschRxChEstDynDescr_t *)"
18333409880,5216,371905,103,1,1,128,1,1,16,0.000,0.000,,,,,NVIDIA A100-SXM4-40GB MIG 4g.20gb (0),1,,13,cupy_copy__complex64_complex64
18333418520,15392,371915,1434,1,1,128,1,1,16,0.000,0.000,,,,,NVIDIA A100-SXM4-40GB MIG 4g.20gb (0),1,,13,cupy_copy__complex64_complex64
18333763188,6752,371922,103,1,1,128,1,1,16,0.000,0.000,,,,,NVIDIA A100-SXM4-40GB MIG 4g.20gb (0),1,,13,cupy_copy__complex64_complex64
18334016433,260797,371929,1,1,1,32,32,1,30,0.000,0.000,,,,,NVIDIA A100-SXM4-40GB MIG 4g.20gb (0),1,,13,"void convert_kernel<__half2, float2>(tensor_layout_any, T1 *, tensor_layout_any, const T2 *)"
18334305742,5408,371932,,,,,,,,,,0.094,17325.421,Pinned,Device,NVIDIA A100-SXM4-40GB MIG 4g.20gb (0),1,,13,[CUDA memcpy Host-to-Device]
18334426509,54527,371933,,,,,,,,,,35.810,656718.123,Device,,NVIDIA A100-SXM4-40GB MIG 4g.20gb (0),1,,13,[CUDA memset]
18334486124,6848,371935,,,,,,,,,,0.000,11.682,Pinned,Device,NVIDIA A100-SXM4-40GB MIG 4g.20gb (0),1,,13,[CUDA memcpy Host-to-Device]
18334495916,15264,371936,,,,,,,,,,0.197,12880.380,Pinned,Device,NVIDIA A100-SXM4-40GB MIG 4g.20gb (0),1,,13,[CUDA memcpy Host-to-Device]
18334896424,20959,371937,273,1,1,48,1,1,40,0.000,0.001,,,,,NVIDIA A100-SXM4-40GB MIG 4g.20gb (0),1,,13,"void pusch_noise_intf_est::noiseIntfEstNoDftSOfdmKernel<float, __half, float, float, (unsigned int)2, (unsigned int)1, (unsigned char)4, (unsigned char)4>(pusch_noise_intf_est::puschRxNoiseIntfEstDynDescr)"
18335350818,6176,371948,35,1,1,128,1,1,16,0.000,0.000,,,,,NVIDIA A100-SXM4-40GB MIG 4g.20gb (0),1,,13,cupy_copy__complex64_complex64
18335704319,3552,371957,1,1,1,1,1,1,18,0.000,0.000,,,,,NVIDIA A100-SXM4-40GB MIG 4g.20gb (0),1,,13,cupy_copy__float32_float32
18335714526,6304,371963,,,,,,,,,,0.000,0.635,Device,Pageable,NVIDIA A100-SXM4-40GB MIG 4g.20gb (0),1,,7,[CUDA memcpy Device-to-Host]
18336160793,16288,371974,1434,1,1,128,1,1,16,0.000,0.000,,,,,NVIDIA A100-SXM4-40GB MIG 4g.20gb (0),1,,13,cupy_copy__complex64_complex64
18336364247,5568,371981,103,1,1,128,1,1,16,0.000,0.000,,,,,NVIDIA A100-SXM4-40GB MIG 4g.20gb (0),1,,13,cupy_copy__complex64_complex64
18336630708,6304,371988,35,1,1,128,1,1,16,0.000,0.000,,,,,NVIDIA A100-SXM4-40GB MIG 4g.20gb (0),1,,13,cupy_copy__complex64_complex64
18336702163,4032,371995,1,1,1,1,1,1,18,0.000,0.000,,,,,NVIDIA A100-SXM4-40GB MIG 4g.20gb (0),1,,13,cupy_copy__float32_float32
18336716979,348956,372006,1,1,1,32,32,1,30,0.000,0.000,,,,,NVIDIA A100-SXM4-40GB MIG 4g.20gb (0),1,,13,"void convert_kernel<__half2, float2>(tensor_layout_any, T1 *, tensor_layout_any, const T2 *)"
18337096815,5600,372009,,,,,,,,,,0.094,16731.388,Pinned,Device,NVIDIA A100-SXM4-40GB MIG 4g.20gb (0),1,,13,[CUDA memcpy Host-to-Device]
18337161166,4480,372010,,,,,,,,,,1.547,345228.130,Device,,NVIDIA A100-SXM4-40GB MIG 4g.20gb (0),1,,13,[CUDA memset]
18337167886,3168,372015,,,,,,,,,,0.031,9878.770,Pinned,Device,NVIDIA A100-SXM4-40GB MIG 4g.20gb (0),1,,13,[CUDA memcpy Host-to-Device]
18337175470,9984,372016,,,,,,,,,,0.197,19692.257,Pinned,Device,NVIDIA A100-SXM4-40GB MIG 4g.20gb (0),1,,13,[CUDA memcpy Host-to-Device]
18337326828,17984,372017,273,1,1,8,4,1,39,0.002,0.000,,,,,NVIDIA A100-SXM4-40GB MIG 4g.20gb (0),1,,13,"void channel_eq::eqMmseCoefCompLowMimoKernel<float, float, float, (unsigned int)4, (unsigned int)1, (unsigned int)4>(const channel_eq::_puschRxChEqStatDescr *, channel_eq::_puschRxChEqCoefCompDynDescr)"
18337445035,34976,372018,273,1,1,12,11,1,51,0.002,0.000,,,,,NVIDIA A100-SXM4-40GB MIG 4g.20gb (0),1,,13,"void channel_eq::eqMmseSoftDemapKernel<float, __half, __half, float, (unsigned int)4, (unsigned short)16383>(channel_eq::_puschRxChEqStatDescr *, channel_eq::_puschRxChEqSoftDemapDynDescr)"
18337517546,865399,372019,1,1,1,32,32,1,30,0.000,0.000,,,,,NVIDIA A100-SXM4-40GB MIG 4g.20gb (0),1,,13,"void convert_kernel<float2, __half2>(tensor_layout_any, T1 *, tensor_layout_any, const T2 *)"
18338493727,18432,372031,2253,1,1,128,1,1,16,0.000,0.000,,,,,NVIDIA A100-SXM4-40GB MIG 4g.20gb (0),1,,13,cupy_copy__float16_float16
18338976666,4512,372040,282,1,1,128,1,1,16,0.000,0.000,,,,,NVIDIA A100-SXM4-40GB MIG 4g.20gb (0),1,,13,cupy_copy__complex64_complex64
18339467284,3872,372049,26,1,1,128,1,1,16,0.000,0.000,,,,,NVIDIA A100-SXM4-40GB MIG 4g.20gb (0),1,,13,cupy_copy__float32_float32
18339774033,5952,372058,103,1,1,128,1,1,16,0.000,0.000,,,,,NVIDIA A100-SXM4-40GB MIG 4g.20gb (0),1,,13,cupy_copy__complex64_complex64
18340245228,16256,372068,1434,1,1,128,1,1,16,0.000,0.000,,,,,NVIDIA A100-SXM4-40GB MIG 4g.20gb (0),1,,13,cupy_copy__complex64_complex64
18340825733,300125,372073,1,1,1,32,32,1,30,0.000,0.000,,,,,NVIDIA A100-SXM4-40GB MIG 4g.20gb (0),1,,13,"void convert_kernel<__half2, float2>(tensor_layout_any, T1 *, tensor_layout_any, const T2 *)"
18341156034,9343,372076,,,,,,,,,,0.094,10028.470,Pinned,Device,NVIDIA A100-SXM4-40GB MIG 4g.20gb (0),1,,13,[CUDA memcpy Host-to-Device]
18341450014,738712,372077,,,,,,,,,,456.561,617727.628,Device,,NVIDIA A100-SXM4-40GB MIG 4g.20gb (0),1,,13,[CUDA memset]
18342194710,63455,372082,,,,,,,,,,1.235,19461.482,Pinned,Device,NVIDIA A100-SXM4-40GB MIG 4g.20gb (0),1,,13,[CUDA memcpy Host-to-Device]
18342260597,15840,372083,,,,,,,,,,0.197,12412.060,Pinned,Device,NVIDIA A100-SXM4-40GB MIG 4g.20gb (0),1,,13,[CUDA memcpy Host-to-Device]
18342751632,17664,372084,69,4,1,48,1,1,76,0.002,0.000,,,,,NVIDIA A100-SXM4-40GB MIG 4g.20gb (0),1,,13,"void ch_est::windowedChEstPreNoDftSOfdmKernel<float, __half, float, (unsigned int)2, (unsigned int)1, (unsigned short)4>(ch_est::puschRxChEstStatDescr_t *, ch_est::puschRxChEstDynDescr_t *)"
18343254026,12256,372085,137,2,1,24,2,1,44,0.001,0.001,,,,,NVIDIA A100-SXM4-40GB MIG 4g.20gb (0),1,,13,"void ch_est::chEstFilterNoDftSOfdmDispatchKernel<float, __half, float, (unsigned int)2>(ch_est::puschRxChEstStatDescr_t *, ch_est::puschRxChEstDynDescr_t *)"
18343826564,12960,372086,137,2,1,24,2,1,44,0.001,0.001,,,,,NVIDIA A100-SXM4-40GB MIG 4g.20gb (0),1,,13,"void ch_est::chEstFilterNoDftSOfdmDispatchKernel<float, __half, float, (unsigned int)2>(ch_est::puschRxChEstStatDescr_t *, ch_est::puschRxChEstDynDescr_t *)"
18344113569,8511,372097,103,1,1,128,1,1,16,0.000,0.000,,,,,NVIDIA A100-SXM4-40GB MIG 4g.20gb (0),1,,13,cupy_copy__complex64_complex64
18344171200,22592,372107,1434,1,1,128,1,1,16,0.000,0.000,,,,,NVIDIA A100-SXM4-40GB MIG 4g.20gb (0),1,,13,cupy_copy__complex64_complex64
18344342718,4192,372114,103,1,1,128,1,1,16,0.000,0.000,,,,,NVIDIA A100-SXM4-40GB MIG 4g.20gb (0),1,,13,cupy_copy__complex64_complex64
18344349694,286493,372121,1,1,1,32,32,1,30,0.000,0.000,,,,,NVIDIA A100-SXM4-40GB MIG 4g.20gb (0),1,,13,"void convert_kernel<__half2, float2>(tensor_layout_any, T1 *, tensor_layout_any, const T2 *)"
18344665018,5728,372124,,,,,,,,,,0.094,16357.541,Pinned,Device,NVIDIA A100-SXM4-40GB MIG 4g.20gb (0),1,,13,[CUDA memcpy Host-to-Device]
18344747289,55840,372125,,,,,,,,,,35.810,641284.047,Device,,NVIDIA A100-SXM4-40GB MIG 4g.20gb (0),1,,13,[CUDA memset]
18344805593,6752,372127,,,,,,,,,,0.000,11.848,Pinned,Device,NVIDIA A100-SXM4-40GB MIG 4g.20gb (0),1,,13,[CUDA memcpy Host-to-Device]
18344820569,16191,372128,,,,,,,,,,0.197,12142.903,Pinned,Device,NVIDIA A100-SXM4-40GB MIG 4g.20gb (0),1,,13,[CUDA memcpy Host-to-Device]
18344947895,15072,372129,273,1,1,48,1,1,40,0.000,0.001,,,,,NVIDIA A100-SXM4-40GB MIG 4g.20gb (0),1,,13,"void pusch_noise_intf_est::noiseIntfEstNoDftSOfdmKernel<float, __half, float, float, (unsigned int)2, (unsigned int)1, (unsigned char)4, (unsigned char)4>(pusch_noise_intf_est::puschRxNoiseIntfEstDynDescr)"
18345372082,21664,372140,35,1,1,128,1,1,16,0.000,0.000,,,,,NVIDIA A100-SXM4-40GB MIG 4g.20gb (0),1,,13,cupy_copy__complex64_complex64
18345694351,3456,372149,1,1,1,1,1,1,18,0.000,0.000,,,,,NVIDIA A100-SXM4-40GB MIG 4g.20gb (0),1,,13,cupy_copy__float32_float32
18345705327,2112,372155,,,,,,,,,,0.000,1.894,Device,Pageable,NVIDIA A100-SXM4-40GB MIG 4g.20gb (0),1,,7,[CUDA memcpy Device-to-Host]
18346102058,15424,372166,1434,1,1,128,1,1,16,0.000,0.000,,,,,NVIDIA A100-SXM4-40GB MIG 4g.20gb (0),1,,13,cupy_copy__complex64_complex64
18346181129,7072,372173,103,1,1,128,1,1,16,0.000,0.000,,,,,NVIDIA A100-SXM4-40GB MIG 4g.20gb (0),1,,13,cupy_copy__complex64_complex64
18346547941,5952,372180,35,1,1,128,1,1,16,0.000,0.000,,,,,NVIDIA A100-SXM4-40GB MIG 4g.20gb (0),1,,13,cupy_copy__complex64_complex64
18347064096,2848,372187,1,1,1,1,1,1,18,0.000,0.000,,,,,NVIDIA A100-SXM4-40GB MIG 4g.20gb (0),1,,13,cupy_copy__float32_float32
18347490075,322460,372198,1,1,1,32,32,1,30,0.000,0.000,,,,,NVIDIA A100-SXM4-40GB MIG 4g.20gb (0),1,,13,"void convert_kernel<__half2, float2>(tensor_layout_any, T1 *, tensor_layout_any, const T2 *)"
18347854135,5568,372201,,,,,,,,,,0.094,16827.521,Pinned,Device,NVIDIA A100-SXM4-40GB MIG 4g.20gb (0),1,,13,[CUDA memcpy Host-to-Device]
18348170739,5088,372202,,,,,,,,,,1.547,303973.481,Device,,NVIDIA A100-SXM4-40GB MIG 4g.20gb (0),1,,13,[CUDA memset]
18348184371,3904,372207,,,,,,,,,,0.031,8016.377,Pinned,Device,NVIDIA A100-SXM4-40GB MIG 4g.20gb (0),1,,13,[CUDA memcpy Host-to-Device]
18348192211,9696,372208,,,,,,,,,,0.197,20277.166,Pinned,Device,NVIDIA A100-SXM4-40GB MIG 4g.20gb (0),1,,13,[CUDA memcpy Host-to-Device]
18348770988,19072,372209,273,1,1,8,4,1,39,0.002,0.000,,,,,NVIDIA A100-SXM4-40GB MIG 4g.20gb (0),1,,13,"void channel_eq::eqMmseCoefCompLowMimoKernel<float, float, float, (unsigned int)4, (unsigned int)1, (unsigned int)4>(const channel_eq::_puschRxChEqStatDescr *, channel_eq::_puschRxChEqCoefCompDynDescr)"
18351846314,14400,372210,273,1,1,12,11,1,51,0.002,0.000,,,,,NVIDIA A100-SXM4-40GB MIG 4g.20gb (0),1,,13,"void channel_eq::eqMmseSoftDemapKernel<float, __half, __half, float, (unsigned int)4, (unsigned short)16383>(channel_eq::_puschRxChEqStatDescr *, channel_eq::_puschRxChEqSoftDemapDynDescr)"
18354774953,687993,372211,1,1,1,32,32,1,30,0.000,0.000,,,,,NVIDIA A100-SXM4-40GB MIG 4g.20gb (0),1,,13,"void convert_kernel<float2, __half2>(tensor_layout_any, T1 *, tensor_layout_any, const T2 *)"
18355498593,13216,372223,2253,1,1,128,1,1,16,0.000,0.000,,,,,NVIDIA A100-SXM4-40GB MIG 4g.20gb (0),1,,13,cupy_copy__float16_float16
18355717279,5472,372232,282,1,1,128,1,1,16,0.000,0.000,,,,,NVIDIA A100-SXM4-40GB MIG 4g.20gb (0),1,,13,cupy_copy__complex64_complex64
18355724287,3008,372241,26,1,1,128,1,1,16,0.000,0.000,,,,,NVIDIA A100-SXM4-40GB MIG 4g.20gb (0),1,,13,cupy_copy__float32_float32
18355729503,3360,372250,103,1,1,128,1,1,16,0.000,0.000,,,,,NVIDIA A100-SXM4-40GB MIG 4g.20gb (0),1,,13,cupy_copy__complex64_complex64
18355735455,13215,372260,1434,1,1,128,1,1,16,0.000,0.000,,,,,NVIDIA A100-SXM4-40GB MIG 4g.20gb (0),1,,13,cupy_copy__complex64_complex64
18355948988,215134,372265,1,1,1,32,32,1,30,0.000,0.000,,,,,NVIDIA A100-SXM4-40GB MIG 4g.20gb (0),1,,13,"void convert_kernel<__half2, float2>(tensor_layout_any, T1 *, tensor_layout_any, const T2 *)"
18356194809,5408,372268,,,,,,,,,,0.094,17325.421,Pinned,Device,NVIDIA A100-SXM4-40GB MIG 4g.20gb (0),1,,13,[CUDA memcpy Host-to-Device]
18356234841,614809,372269,,,,,,,,,,456.561,742368.901,Device,,NVIDIA A100-SXM4-40GB MIG 4g.20gb (0),1,,13,[CUDA memset]
18356852018,52064,372274,,,,,,,,,,1.235,23719.569,Pinned,Device,NVIDIA A100-SXM4-40GB MIG 4g.20gb (0),1,,13,[CUDA memcpy Host-to-Device]
18356906546,10079,372275,,,,,,,,,,0.197,19506.659,Pinned,Device,NVIDIA A100-SXM4-40GB MIG 4g.20gb (0),1,,13,[CUDA memcpy Host-to-Device]
18357107791,12448,372276,69,4,1,48,1,1,76,0.002,0.000,,,,,NVIDIA A100-SXM4-40GB MIG 4g.20gb (0),1,,13,"void ch_est::windowedChEstPreNoDftSOfdmKernel<float, __half, float, (unsigned int)2, (unsigned int)1, (unsigned short)4>(ch_est::puschRxChEstStatDescr_t *, ch_est::puschRxChEstDynDescr_t *)"
18357443980,9567,372277,137,2,1,24,2,1,44,0.001,0.001,,,,,NVIDIA A100-SXM4-40GB MIG 4g.20gb (0),1,,13,"void ch_est::chEstFilterNoDftSOfdmDispatchKernel<float, __half, float, (unsigned int)2>(ch_est::puschRxChEstStatDescr_t *, ch_est::puschRxChEstDynDescr_t *)"
18357777896,8992,372278,137,2,1,24,2,1,44,0.001,0.001,,,,,NVIDIA A100-SXM4-40GB MIG 4g.20gb (0),1,,13,"void ch_est::chEstFilterNoDftSOfdmDispatchKernel<float, __half, float, (unsigned int)2>(ch_est::puschRxChEstStatDescr_t *, ch_est::puschRxChEstDynDescr_t *)"
18357992549,6304,372289,103,1,1,128,1,1,16,0.000,0.000,,,,,NVIDIA A100-SXM4-40GB MIG 4g.20gb (0),1,,13,cupy_copy__complex64_complex64
18358105732,15072,372299,1434,1,1,128,1,1,16,0.000,0.000,,,,,NVIDIA A100-SXM4-40GB MIG 4g.20gb (0),1,,13,cupy_copy__complex64_complex64
18358435968,7456,372306,103,1,1,128,1,1,16,0.000,0.000,,,,,NVIDIA A100-SXM4-40GB MIG 4g.20gb (0),1,,13,cupy_copy__complex64_complex64
18358703581,333917,372313,1,1,1,32,32,1,30,0.000,0.000,,,,,NVIDIA A100-SXM4-40GB MIG 4g.20gb (0),1,,13,"void convert_kernel<__half2, float2>(tensor_layout_any, T1 *, tensor_layout_any, const T2 *)"
18359065817,5568,372316,,,,,,,,,,0.094,16827.521,Pinned,Device,NVIDIA A100-SXM4-40GB MIG 4g.20gb (0),1,,13,[CUDA memcpy Host-to-Device]
18362505203,48863,372317,,,,,,,,,,35.810,732850.013,Device,,NVIDIA A100-SXM4-40GB MIG 4g.20gb (0),1,,13,[CUDA memset]
18362555026,1920,372319,,,,,,,,,,0.000,41.667,Pinned,Device,NVIDIA A100-SXM4-40GB MIG 4g.20gb (0),1,,13,[CUDA memcpy Host-to-Device]
18362559378,9536,372320,,,,,,,,,,0.197,20617.298,Pinned,Device,NVIDIA A100-SXM4-40GB MIG 4g.20gb (0),1,,13,[CUDA memcpy Host-to-Device]
18362734288,27520,372321,273,1,1,48,1,1,40,0.000,0.001,,,,,NVIDIA A100-SXM4-40GB MIG 4g.20gb (0),1,,13,"void pusch_noise_intf_est::noiseIntfEstNoDftSOfdmKernel<float, __half, float, float, (unsigned int)2, (unsigned int)1, (unsigned char)4, (unsigned char)4>(pusch_noise_intf_est::puschRxNoiseIntfEstDynDescr)"
18366232265,4448,372332,35,1,1,128,1,1,16,0.000,0.000,,,,,NVIDIA A100-SXM4-40GB MIG 4g.20gb (0),1,,13,cupy_copy__complex64_complex64
18366303848,3488,372341,1,1,1,1,1,1,18,0.000,0.000,,,,,NVIDIA A100-SXM4-40GB MIG 4g.20gb (0),1,,13,cupy_copy__float32_float32
18366314216,2752,372347,,,,,,,,,,0.000,1.453,Device,Pageable,NVIDIA A100-SXM4-40GB MIG 4g.20gb (0),1,,7,[CUDA memcpy Device-to-Host]
18366416039,15584,372358,1434,1,1,128,1,1,16,0.000,0.000,,,,,NVIDIA A100-SXM4-40GB MIG 4g.20gb (0),1,,13,cupy_copy__complex64_complex64
18366542790,3872,372365,103,1,1,128,1,1,16,0.000,0.000,,,,,NVIDIA A100-SXM4-40GB MIG 4g.20gb (0),1,,13,cupy_copy__complex64_complex64
18366547910,4800,372372,35,1,1,128,1,1,16,0.000,0.000,,,,,NVIDIA A100-SXM4-40GB MIG 4g.20gb (0),1,,13,cupy_copy__complex64_complex64
18366553446,2176,372379,1,1,1,1,1,1,18,0.000,0.000,,,,,NVIDIA A100-SXM4-40GB MIG 4g.20gb (0),1,,13,cupy_copy__float32_float32
18366602149,182430,372390,1,1,1,32,32,1,30,0.000,0.000,,,,,NVIDIA A100-SXM4-40GB MIG 4g.20gb (0),1,,13,"void convert_kernel<__half2, float2>(tensor_layout_any, T1 *, tensor_layout_any, const T2 *)"
18366813539,5376,372393,,,,,,,,,,0.094,17428.487,Pinned,Device,NVIDIA A100-SXM4-40GB MIG 4g.20gb (0),1,,13,[CUDA memcpy Host-to-Device]
18366828707,3232,372394,,,,,,,,,,1.547,478533.199,Device,,NVIDIA A100-SXM4-40GB MIG 4g.20gb (0),1,,13,[CUDA memset]
18366835843,3264,372399,,,,,,,,,,0.031,9588.218,Pinned,Device,NVIDIA A100-SXM4-40GB MIG 4g.20gb (0),1,,13,[CUDA memcpy Host-to-Device]
18366841186,9568,372400,,,,,,,,,,0.197,20548.485,Pinned,Device,NVIDIA A100-SXM4-40GB MIG 4g.20gb (0),1,,13,[CUDA memcpy Host-to-Device]
18366855490,6720,372401,273,1,1,8,4,1,39,0.002,0.000,,,,,NVIDIA A100-SXM4-40GB MIG 4g.20gb (0),1,,13,"void channel_eq::eqMmseCoefCompLowMimoKernel<float, float, float, (unsigned int)4, (unsigned int)1, (unsigned int)4>(const channel_eq::_puschRxChEqStatDescr *, channel_eq::_puschRxChEqCoefCompDynDescr)"
18366864386,7168,372402,273,1,1,12,11,1,51,0.002,0.000,,,,,NVIDIA A100-SXM4-40GB MIG 4g.20gb (0),1,,13,"void channel_eq::eqMmseSoftDemapKernel<float, __half, __half, float, (unsigned int)4, (unsigned short)16383>(channel_eq::_puschRxChEqStatDescr *, channel_eq::_puschRxChEqSoftDemapDynDescr)"
18366873058,507354,372403,1,1,1,32,32,1,30,0.000,0.000,,,,,NVIDIA A100-SXM4-40GB MIG 4g.20gb (0),1,,13,"void convert_kernel<float2, __half2>(tensor_layout_any, T1 *, tensor_layout_any, const T2 *)"
18367477147,16032,372415,2253,1,1,128,1,1,16,0.000,0.000,,,,,NVIDIA A100-SXM4-40GB MIG 4g.20gb (0),1,,13,cupy_copy__float16_float16
18367496379,4576,372424,282,1,1,128,1,1,16,0.000,0.000,,,,,NVIDIA A100-SXM4-40GB MIG 4g.20gb (0),1,,13,cupy_copy__complex64_complex64
18367503035,4640,372433,26,1,1,128,1,1,16,0.000,0.000,,,,,NVIDIA A100-SXM4-40GB MIG 4g.20gb (0),1,,13,cupy_copy__float32_float32
18367508347,3296,372442,103,1,1,128,1,1,16,0.000,0.000,,,,,NVIDIA A100-SXM4-40GB MIG 4g.20gb (0),1,,13,cupy_copy__complex64_complex64
18367513307,12256,372452,1434,1,1,128,1,1,16,0.000,0.000,,,,,NVIDIA A100-SXM4-40GB MIG 4g.20gb (0),1,,13,cupy_copy__complex64_complex64
18367527611,80831,372457,1,1,1,32,32,1,30,0.000,0.000,,,,,NVIDIA A100-SXM4-40GB MIG 4g.20gb (0),1,,13,"void convert_kernel<__half2, float2>(tensor_layout_any, T1 *, tensor_layout_any, const T2 *)"
18367637146,5344,372460,,,,,,,,,,0.094,17532.864,Pinned,Device,NVIDIA A100-SXM4-40GB MIG 4g.20gb (0),1,,13,[CUDA memcpy Host-to-Device]
18367785400,608729,372461,,,,,,,,,,456.561,749673.884,Device,,NVIDIA A100-SXM4-40GB MIG 4g.20gb (0),1,,13,[CUDA memset]
18368395057,51776,372466,,,,,,,,,,1.235,23850.473,Pinned,Device,NVIDIA A100-SXM4-40GB MIG 4g.20gb (0),1,,13,[CUDA memcpy Host-to-Device]
18368449809,9791,372467,,,,,,,,,,0.197,20080.361,Pinned,Device,NVIDIA A100-SXM4-40GB MIG 4g.20gb (0),1,,13,[CUDA memcpy Host-to-Device]
18368666094,40992,372468,69,4,1,48,1,1,76,0.002,0.000,,,,,NVIDIA A100-SXM4-40GB MIG 4g.20gb (0),1,,13,"void ch_est::windowedChEstPreNoDftSOfdmKernel<float, __half, float, (unsigned int)2, (unsigned int)1, (unsigned short)4>(ch_est::puschRxChEstStatDescr_t *, ch_est::puschRxChEstDynDescr_t *)"
18369066698,20959,372469,137,2,1,24,2,1,44,0.001,0.001,,,,,NVIDIA A100-SXM4-40GB MIG 4g.20gb (0),1,,13,"void ch_est::chEstFilterNoDftSOfdmDispatchKernel<float, __half, float, (unsigned int)2>(ch_est::puschRxChEstStatDescr_t *, ch_est::puschRxChEstDynDescr_t *)"
18372261606,27744,372470,137,2,1,24,2,1,44,0.001,0.001,,,,,NVIDIA A100-SXM4-40GB MIG 4g.20gb (0),1,,13,"void ch_est::chEstFilterNoDftSOfdmDispatchKernel<float, __half, float, (unsigned int)2>(ch_est::puschRxChEstStatDescr_t *, ch_est::puschRxChEstDynDescr_t *)"
18375341795,6080,372481,103,1,1,128,1,1,16,0.000,0.000,,,,,NVIDIA A100-SXM4-40GB MIG 4g.20gb (0),1,,13,cupy_copy__complex64_complex64
18375349955,15328,372491,1434,1,1,128,1,1,16,0.000,0.000,,,,,NVIDIA A100-SXM4-40GB MIG 4g.20gb (0),1,,13,cupy_copy__complex64_complex64
18375581825,4672,372498,103,1,1,128,1,1,16,0.000,0.000,,,,,NVIDIA A100-SXM4-40GB MIG 4g.20gb (0),1,,13,cupy_copy__complex64_complex64
18375588513,224989,372505,1,1,1,32,32,1,30,0.000,0.000,,,,,NVIDIA A100-SXM4-40GB MIG 4g.20gb (0),1,,13,"void convert_kernel<__half2, float2>(tensor_layout_any, T1 *, tensor_layout_any, const T2 *)"
18375849790,5376,372508,,,,,,,,,,0.094,17428.487,Pinned,Device,NVIDIA A100-SXM4-40GB MIG 4g.20gb (0),1,,13,[CUDA memcpy Host-to-Device]
18376062171,49984,372509,,,,,,,,,,35.810,716413.260,Device,,NVIDIA A100-SXM4-40GB MIG 4g.20gb (0),1,,13,[CUDA memset]
18376116827,1984,372511,,,,,,,,,,0.000,40.323,Pinned,Device,NVIDIA A100-SXM4-40GB MIG 4g.20gb (0),1,,13,[CUDA memcpy Host-to-Device]
18376121275,9408,372512,,,,,,,,,,0.197,20897.858,Pinned,Device,NVIDIA A100-SXM4-40GB MIG 4g.20gb (0),1,,13,[CUDA memcpy Host-to-Device]
18376134555,8640,372513,273,1,1,48,1,1,40,0.000,0.001,,,,,NVIDIA A100-SXM4-40GB MIG 4g.20gb (0),1,,13,"void pusch_noise_intf_est::noiseIntfEstNoDftSOfdmKernel<float, __half, float, float, (unsigned int)2, (unsigned int)1, (unsigned char)4, (unsigned char)4>(pusch_noise_intf_est::puschRxNoiseIntfEstDynDescr)"
18376144506,2816,372524,35,1,1,128,1,1,16,0.000,0.000,,,,,NVIDIA A100-SXM4-40GB MIG 4g.20gb (0),1,,13,cupy_copy__complex64_complex64
18376149018,1888,372533,1,1,1,1,1,1,18,0.000,0.000,,,,,NVIDIA A100-SXM4-40GB MIG 4g.20gb (0),1,,13,cupy_copy__float32_float32
18376156666,1568,372539,,,,,,,,,,0.000,2.551,Device,Pageable,NVIDIA A100-SXM4-40GB MIG 4g.20gb (0),1,,7,[CUDA memcpy Device-to-Host]
18376216730,14240,372550,1434,1,1,128,1,1,16,0.000,0.000,,,,,NVIDIA A100-SXM4-40GB MIG 4g.20gb (0),1,,13,cupy_copy__complex64_complex64
18376245209,3008,372557,103,1,1,128,1,1,16,0.000,0.000,,,,,NVIDIA A100-SXM4-40GB MIG 4g.20gb (0),1,,13,cupy_copy__complex64_complex64
18376265049,2208,372564,35,1,1,128,1,1,16,0.000,0.000,,,,,NVIDIA A100-SXM4-40GB MIG 4g.20gb (0),1,,13,cupy_copy__complex64_complex64
18376319801,4671,372571,1,1,1,1,1,1,18,0.000,0.000,,,,,NVIDIA A100-SXM4-40GB MIG 4g.20gb (0),1,,13,cupy_copy__float32_float32
18376422551,262653,372582,1,1,1,32,32,1,30,0.000,0.000,,,,,NVIDIA A100-SXM4-40GB MIG 4g.20gb (0),1,,13,"void convert_kernel<__half2, float2>(tensor_layout_any, T1 *, tensor_layout_any, const T2 *)"
18376723636,6272,372585,,,,,,,,,,0.094,14938.703,Pinned,Device,NVIDIA A100-SXM4-40GB MIG 4g.20gb (0),1,,13,[CUDA memcpy Host-to-Device]
18376770899,5088,372586,,,,,,,,,,1.547,303973.481,Device,,NVIDIA A100-SXM4-40GB MIG 4g.20gb (0),1,,13,[CUDA memset]
18376784051,3040,372591,,,,,,,,,,0.031,10294.725,Pinned,Device,NVIDIA A100-SXM4-40GB MIG 4g.20gb (0),1,,13,[CUDA memcpy Host-to-Device]
18376789523,9760,372592,,,,,,,,,,0.197,20144.259,Pinned,Device,NVIDIA A100-SXM4-40GB MIG 4g.20gb (0),1,,13,[CUDA memcpy Host-to-Device]
18376861746,11808,372593,273,1,1,8,4,1,39,0.002,0.000,,,,,NVIDIA A100-SXM4-40GB MIG 4g.20gb (0),1,,13,"void channel_eq::eqMmseCoefCompLowMimoKernel<float, float, float, (unsigned int)4, (unsigned int)1, (unsigned int)4>(const channel_eq::_puschRxChEqStatDescr *, channel_eq::_puschRxChEqCoefCompDynDescr)"
18376950833,10816,372594,273,1,1,12,11,1,51,0.002,0.000,,,,,NVIDIA A100-SXM4-40GB MIG 4g.20gb (0),1,,13,"void channel_eq::eqMmseSoftDemapKernel<float, __half, __half, float, (unsigned int)4, (unsigned short)16383>(channel_eq::_puschRxChEqStatDescr *, channel_eq::_puschRxChEqSoftDemapDynDescr)"
18377043728,771640,372595,1,1,1,32,32,1,30,0.000,0.000,,,,,NVIDIA A100-SXM4-40GB MIG 4g.20gb (0),1,,13,"void convert_kernel<float2, __half2>(tensor_layout_any, T1 *, tensor_layout_any, const T2 *)"
18380742279,26400,372607,2253,1,1,128,1,1,16,0.000,0.000,,,,,NVIDIA A100-SXM4-40GB MIG 4g.20gb (0),1,,13,cupy_copy__float16_float16
18380978372,5888,372616,282,1,1,128,1,1,16,0.000,0.000,,,,,NVIDIA A100-SXM4-40GB MIG 4g.20gb (0),1,,13,cupy_copy__complex64_complex64
18381074371,8192,372625,26,1,1,128,1,1,16,0.000,0.000,,,,,NVIDIA A100-SXM4-40GB MIG 4g.20gb (0),1,,13,cupy_copy__float32_float32
18384250912,12416,372634,103,1,1,128,1,1,16,0.000,0.000,,,,,NVIDIA A100-SXM4-40GB MIG 4g.20gb (0),1,,13,cupy_copy__complex64_complex64
18384634908,18591,372644,1434,1,1,128,1,1,16,0.000,0.000,,,,,NVIDIA A100-SXM4-40GB MIG 4g.20gb (0),1,,13,cupy_copy__complex64_complex64
18385143318,237149,372649,1,1,1,32,32,1,30,0.000,0.000,,,,,NVIDIA A100-SXM4-40GB MIG 4g.20gb (0),1,,13,"void convert_kernel<__half2, float2>(tensor_layout_any, T1 *, tensor_layout_any, const T2 *)"
18385412659,5376,372652,,,,,,,,,,0.094,17428.487,Pinned,Device,NVIDIA A100-SXM4-40GB MIG 4g.20gb (0),1,,13,[CUDA memcpy Host-to-Device]
18385772143,628025,372653,,,,,,,,,,456.561,726845.812,Device,,NVIDIA A100-SXM4-40GB MIG 4g.20gb (0),1,,13,[CUDA memset]
18386402024,52287,372658,,,,,,,,,,1.235,23618.304,Pinned,Device,NVIDIA A100-SXM4-40GB MIG 4g.20gb (0),1,,13,[CUDA memcpy Host-to-Device]
18386457063,9888,372659,,,,,,,,,,0.197,19883.360,Pinned,Device,NVIDIA A100-SXM4-40GB MIG 4g.20gb (0),1,,13,[CUDA memcpy Host-to-Device]
18386859331,29663,372660,69,4,1,48,1,1,76,0.002,0.000,,,,,NVIDIA A100-SXM4-40GB MIG 4g.20gb (0),1,,13,"void ch_est::windowedChEstPreNoDftSOfdmKernel<float, __half, float, (unsigned int)2, (unsigned int)1, (unsigned short)4>(ch_est::puschRxChEstStatDescr_t *, ch_est::puschRxChEstDynDescr_t *)"
18387219903,10208,372661,137,2,1,24,2,1,44,0.001,0.001,,,,,NVIDIA A100-SXM4-40GB MIG 4g.20gb (0),1,,13,"void ch_est::chEstFilterNoDftSOfdmDispatchKernel<float, __half, float, (unsigned int)2>(ch_est::puschRxChEstStatDescr_t *, ch_est::puschRxChEstDynDescr_t *)"
18387722201,10688,372662,137,2,1,24,2,1,44,0.001,0.001,,,,,NVIDIA A100-SXM4-40GB MIG 4g.20gb (0),1,,13,"void ch_est::chEstFilterNoDftSOfdmDispatchKernel<float, __half, float, (unsigned int)2>(ch_est::puschRxChEstStatDescr_t *, ch_est::puschRxChEstDynDescr_t *)"
18387965366,7008,372673,103,1,1,128,1,1,16,0.000,0.000,,,,,NVIDIA A100-SXM4-40GB MIG 4g.20gb (0),1,,13,cupy_copy__complex64_complex64
18388154036,23520,372683,1434,1,1,128,1,1,16,0.000,0.000,,,,,NVIDIA A100-SXM4-40GB MIG 4g.20gb (0),1,,13,cupy_copy__complex64_complex64
18391630989,8992,372690,103,1,1,128,1,1,16,0.000,0.000,,,,,NVIDIA A100-SXM4-40GB MIG 4g.20gb (0),1,,13,cupy_copy__complex64_complex64
18391769356,331260,372697,1,1,1,32,32,1,30,0.000,0.000,,,,,NVIDIA A100-SXM4-40GB MIG 4g.20gb (0),1,,13,"void convert_kernel<__half2, float2>(tensor_layout_any, T1 *, tensor_layout_any, const T2 *)"
18392132232,5568,372700,,,,,,,,,,0.094,16827.521,Pinned,Device,NVIDIA A100-SXM4-40GB MIG 4g.20gb (0),1,,13,[CUDA memcpy Host-to-Device]
18395445155,58719,372701,,,,,,,,,,35.810,609842.938,Device,,NVIDIA A100-SXM4-40GB MIG 4g.20gb (0),1,,13,[CUDA memset]
18395512354,3072,372703,,,,,,,,,,0.000,26.042,Pinned,Device,NVIDIA A100-SXM4-40GB MIG 4g.20gb (0),1,,13,[CUDA memcpy Host-to-Device]
18395518754,9312,372704,,,,,,,,,,0.197,21113.340,Pinned,Device,NVIDIA A100-SXM4-40GB MIG 4g.20gb (0),1,,13,[CUDA memcpy Host-to-Device]
18395818175,16799,372705,273,1,1,48,1,1,40,0.000,0.001,,,,,NVIDIA A100-SXM4-40GB MIG 4g.20gb (0),1,,13,"void pusch_noise_intf_est::noiseIntfEstNoDftSOfdmKernel<float, __half, float, float, (unsigned int)2, (unsigned int)1, (unsigned char)4, (unsigned char)4>(pusch_noise_intf_est::puschRxNoiseIntfEstDynDescr)"
18395836958,4704,372716,35,1,1,128,1,1,16,0.000,0.000,,,,,NVIDIA A100-SXM4-40GB MIG 4g.20gb (0),1,,13,cupy_copy__complex64_complex64
18395843902,1984,372725,1,1,1,1,1,1,18,0.000,0.000,,,,,NVIDIA A100-SXM4-40GB MIG 4g.20gb (0),1,,13,cupy_copy__float32_float32
18395848286,1600,372731,,,,,,,,,,0.000,2.500,Device,Pageable,NVIDIA A100-SXM4-40GB MIG 4g.20gb (0),1,,7,[CUDA memcpy Device-to-Host]
18395912318,12607,372742,1434,1,1,128,1,1,16,0.000,0.000,,,,,NVIDIA A100-SXM4-40GB MIG 4g.20gb (0),1,,13,cupy_copy__complex64_complex64
18396130523,7712,372749,103,1,1,128,1,1,16,0.000,0.000,,,,,NVIDIA A100-SXM4-40GB MIG 4g.20gb (0),1,,13,cupy_copy__complex64_complex64
18396140635,3904,372756,35,1,1,128,1,1,16,0.000,0.000,,,,,NVIDIA A100-SXM4-40GB MIG 4g.20gb (0),1,,13,cupy_copy__complex64_complex64
18396146619,2240,372763,1,1,1,1,1,1,18,0.000,0.000,,,,,NVIDIA A100-SXM4-40GB MIG 4g.20gb (0),1,,13,cupy_copy__float32_float32
18396151163,222237,372774,1,1,1,32,32,1,30,0.000,0.000,,,,,NVIDIA A100-SXM4-40GB MIG 4g.20gb (0),1,,13,"void convert_kernel<__half2, float2>(tensor_layout_any, T1 *, tensor_layout_any, const T2 *)"
18396402552,5504,372777,,,,,,,,,,0.094,17023.251,Pinned,Device,NVIDIA A100-SXM4-40GB MIG 4g.20gb (0),1,,13,[CUDA memcpy Host-to-Device]
18396416856,5248,372778,,,,,,,,,,1.547,294706.110,Device,,NVIDIA A100-SXM4-40GB MIG 4g.20gb (0),1,,13,[CUDA memset]
18396424056,3104,372783,,,,,,,,,,0.031,10082.445,Pinned,Device,NVIDIA A100-SXM4-40GB MIG 4g.20gb (0),1,,13,[CUDA memcpy Host-to-Device]
18396429592,9824,372784,,,,,,,,,,0.197,20012.925,Pinned,Device,NVIDIA A100-SXM4-40GB MIG 4g.20gb (0),1,,13,[CUDA memcpy Host-to-Device]
18396645557,12416,372785,273,1,1,8,4,1,39,0.002,0.000,,,,,NVIDIA A100-SXM4-40GB MIG 4g.20gb (0),1,,13,"void channel_eq::eqMmseCoefCompLowMimoKernel<float, float, float, (unsigned int)4, (unsigned int)1, (unsigned int)4>(const channel_eq::_puschRxChEqStatDescr *, channel_eq::_puschRxChEqCoefCompDynDescr)"
18396659637,14656,372786,273,1,1,12,11,1,51,0.002,0.000,,,,,NVIDIA A100-SXM4-40GB MIG 4g.20gb (0),1,,13,"void channel_eq::eqMmseSoftDemapKernel<float, __half, __half, float, (unsigned int)4, (unsigned short)16383>(channel_eq::_puschRxChEqStatDescr *, channel_eq::_puschRxChEqSoftDemapDynDescr)"
18396675605,491738,372787,1,1,1,32,32,1,30,0.000,0.000,,,,,NVIDIA A100-SXM4-40GB MIG 4g.20gb (0),1,,13,"void convert_kernel<float2, __half2>(tensor_layout_any, T1 *, tensor_layout_any, const T2 *)"
18397169359,22240,372799,2253,1,1,128,1,1,16,0.000,0.000,,,,,NVIDIA A100-SXM4-40GB MIG 4g.20gb (0),1,,13,cupy_copy__float16_float16
18397397517,6528,372808,282,1,1,128,1,1,16,0.000,0.000,,,,,NVIDIA A100-SXM4-40GB MIG 4g.20gb (0),1,,13,cupy_copy__complex64_complex64
18397405933,3456,372817,26,1,1,128,1,1,16,0.000,0.000,,,,,NVIDIA A100-SXM4-40GB MIG 4g.20gb (0),1,,13,cupy_copy__float32_float32
18397411085,4736,372826,103,1,1,128,1,1,16,0.000,0.000,,,,,NVIDIA A100-SXM4-40GB MIG 4g.20gb (0),1,,13,cupy_copy__complex64_complex64
18397418541,22719,372836,1434,1,1,128,1,1,16,0.000,0.000,,,,,NVIDIA A100-SXM4-40GB MIG 4g.20gb (0),1,,13,cupy_copy__complex64_complex64
18397648490,355868,372841,1,1,1,32,32,1,30,0.000,0.000,,,,,NVIDIA A100-SXM4-40GB MIG 4g.20gb (0),1,,13,"void convert_kernel<__half2, float2>(tensor_layout_any, T1 *, tensor_layout_any, const T2 *)"
18398033990,5952,372844,,,,,,,,,,0.094,15741.865,Pinned,Device,NVIDIA A100-SXM4-40GB MIG 4g.20gb (0),1,,13,[CUDA memcpy Host-to-Device]
18400670696,641753,372845,,,,,,,,,,456.561,711322.724,Device,,NVIDIA A100-SXM4-40GB MIG 4g.20gb (0),1,,13,[CUDA memset]
18401315233,51072,372850,,,,,,,,,,1.235,24180.204,Pinned,Device,NVIDIA A100-SXM4-40GB MIG 4g.20gb (0),1,,13,[CUDA memcpy Host-to-Device]
18401369153,9407,372851,,,,,,,,,,0.197,20900.020,Pinned,Device,NVIDIA A100-SXM4-40GB MIG 4g.20gb (0),1,,13,[CUDA memcpy Host-to-Device]
18401467711,9920,372852,69,4,1,48,1,1,76,0.002,0.000,,,,,NVIDIA A100-SXM4-40GB MIG 4g.20gb (0),1,,13,"void ch_est::windowedChEstPreNoDftSOfdmKernel<float, __half, float, (unsigned int)2, (unsigned int)1, (unsigned short)4>(ch_est::puschRxChEstStatDescr_t *, ch_est::puschRxChEstDynDescr_t *)"
18404081090,52864,372853,137,2,1,24,2,1,44,0.001,0.001,,,,,NVIDIA A100-SXM4-40GB MIG 4g.20gb (0),1,,13,"void ch_est::chEstFilterNoDftSOfdmDispatchKernel<float, __half, float, (unsigned int)2>(ch_est::puschRxChEstStatDescr_t *, ch_est::puschRxChEstDynDescr_t *)"
18404314880,18559,372854,137,2,1,24,2,1,44,0.001,0.001,,,,,NVIDIA A100-SXM4-40GB MIG 4g.20gb (0),1,,13,"void ch_est::chEstFilterNoDftSOfdmDispatchKernel<float, __half, float, (unsigned int)2>(ch_est::puschRxChEstStatDescr_t *, ch_est::puschRxChEstDynDescr_t *)"
18404753243,3712,372865,103,1,1,128,1,1,16,0.000,0.000,,,,,NVIDIA A100-SXM4-40GB MIG 4g.20gb (0),1,,13,cupy_copy__complex64_complex64
18404759067,15039,372875,1434,1,1,128,1,1,16,0.000,0.000,,,,,NVIDIA A100-SXM4-40GB MIG 4g.20gb (0),1,,13,cupy_copy__complex64_complex64
18405135478,3872,372882,103,1,1,128,1,1,16,0.000,0.000,,,,,NVIDIA A100-SXM4-40GB MIG 4g.20gb (0),1,,13,cupy_copy__complex64_complex64
18405140918,195774,372889,1,1,1,32,32,1,30,0.000,0.000,,,,,NVIDIA A100-SXM4-40GB MIG 4g.20gb (0),1,,13,"void convert_kernel<__half2, float2>(tensor_layout_any, T1 *, tensor_layout_any, const T2 *)"
18405367060,5952,372892,,,,,,,,,,0.094,15741.865,Pinned,Device,NVIDIA A100-SXM4-40GB MIG 4g.20gb (0),1,,13,[CUDA memcpy Host-to-Device]
18405573650,52383,372893,,,,,,,,,,35.810,683611.373,Device,,NVIDIA A100-SXM4-40GB MIG 4g.20gb (0),1,,13,[CUDA memset]
18405630865,2176,372895,,,,,,,,,,0.000,36.765,Pinned,Device,NVIDIA A100-SXM4-40GB MIG 4g.20gb (0),1,,13,[CUDA memcpy Host-to-Device]
18405636529,10912,372896,,,,,,,,,,0.197,18017.550,Pinned,Device,NVIDIA A100-SXM4-40GB MIG 4g.20gb (0),1,,13,[CUDA memcpy Host-to-Device]
18406039788,18368,372897,273,1,1,48,1,1,40,0.000,0.001,,,,,NVIDIA A100-SXM4-40GB MIG 4g.20gb (0),1,,13,"void pusch_noise_intf_est::noiseIntfEstNoDftSOfdmKernel<float, __half, float, float, (unsigned int)2, (unsigned int)1, (unsigned char)4, (unsigned char)4>(pusch_noise_intf_est::puschRxNoiseIntfEstDynDescr)"
18406504359,6080,372908,35,1,1,128,1,1,16,0.000,0.000,,,,,NVIDIA A100-SXM4-40GB MIG 4g.20gb (0),1,,13,cupy_copy__complex64_complex64
18406608070,3104,372917,1,1,1,1,1,1,18,0.000,0.000,,,,,NVIDIA A100-SXM4-40GB MIG 4g.20gb (0),1,,13,cupy_copy__float32_float32
18406618278,1632,372923,,,,,,,,,,0.000,2.451,Device,Pageable,NVIDIA A100-SXM4-40GB MIG 4g.20gb (0),1,,7,[CUDA memcpy Device-to-Host]
18406964834,16320,372934,1434,1,1,128,1,1,16,0.000,0.000,,,,,NVIDIA A100-SXM4-40GB MIG 4g.20gb (0),1,,13,cupy_copy__complex64_complex64
18407125920,5760,372941,103,1,1,128,1,1,16,0.000,0.000,,,,,NVIDIA A100-SXM4-40GB MIG 4g.20gb (0),1,,13,cupy_copy__complex64_complex64
18407696378,11040,372948,35,1,1,128,1,1,16,0.000,0.000,,,,,NVIDIA A100-SXM4-40GB MIG 4g.20gb (0),1,,13,cupy_copy__complex64_complex64
18408185588,4064,372955,1,1,1,1,1,1,18,0.000,0.000,,,,,NVIDIA A100-SXM4-40GB MIG 4g.20gb (0),1,,13,cupy_copy__float32_float32
18408660271,297693,372966,1,1,1,32,32,1,30,0.000,0.000,,,,,NVIDIA A100-SXM4-40GB MIG 4g.20gb (0),1,,13,"void convert_kernel<__half2, float2>(tensor_layout_any, T1 *, tensor_layout_any, const T2 *)"
18408988907,5536,372969,,,,,,,,,,0.094,16924.777,Pinned,Device,NVIDIA A100-SXM4-40GB MIG 4g.20gb (0),1,,13,[CUDA memcpy Host-to-Device]
18409441382,8640,372970,,,,,,,,,,1.547,179006.262,Device,,NVIDIA A100-SXM4-40GB MIG 4g.20gb (0),1,,13,[CUDA memset]
18409456294,3424,372975,,,,,,,,,,0.031,9140.185,Pinned,Device,NVIDIA A100-SXM4-40GB MIG 4g.20gb (0),1,,13,[CUDA memcpy Host-to-Device]
18409464646,11232,372976,,,,,,,,,,0.197,17504.207,Pinned,Device,NVIDIA A100-SXM4-40GB MIG 4g.20gb (0),1,,13,[CUDA memcpy Host-to-Device]
18409620324,20416,372977,273,1,1,8,4,1,39,0.002,0.000,,,,,NVIDIA A100-SXM4-40GB MIG 4g.20gb (0),1,,13,"void channel_eq::eqMmseCoefCompLowMimoKernel<float, float, float, (unsigned int)4, (unsigned int)1, (unsigned int)4>(const channel_eq::_puschRxChEqStatDescr *, channel_eq::_puschRxChEqCoefCompDynDescr)"
18409828802,10304,372978,273,1,1,12,11,1,51,0.002,0.000,,,,,NVIDIA A100-SXM4-40GB MIG 4g.20gb (0),1,,13,"void channel_eq::eqMmseSoftDemapKernel<float, __half, __half, float, (unsigned int)4, (unsigned short)16383>(channel_eq::_puschRxChEqStatDescr *, channel_eq::_puschRxChEqSoftDemapDynDescr)"
18410049983,756280,372979,1,1,1,32,32,1,30,0.000,0.000,,,,,NVIDIA A100-SXM4-40GB MIG 4g.20gb (0),1,,13,"void convert_kernel<float2, __half2>(tensor_layout_any, T1 *, tensor_layout_any, const T2 *)"
18411219730,20448,372991,2253,1,1,128,1,1,16,0.000,0.000,,,,,NVIDIA A100-SXM4-40GB MIG 4g.20gb (0),1,,13,cupy_copy__float16_float16
18411732589,10400,373000,282,1,1,128,1,1,16,0.000,0.000,,,,,NVIDIA A100-SXM4-40GB MIG 4g.20gb (0),1,,13,cupy_copy__complex64_complex64
18412216871,4160,373009,26,1,1,128,1,1,16,0.000,0.000,,,,,NVIDIA A100-SXM4-40GB MIG 4g.20gb (0),1,,13,cupy_copy__float32_float32
18412346534,10240,373018,103,1,1,128,1,1,16,0.000,0.000,,,,,NVIDIA A100-SXM4-40GB MIG 4g.20gb (0),1,,13,cupy_copy__complex64_complex64
18412778977,17792,373028,1434,1,1,128,1,1,16,0.000,0.000,,,,,NVIDIA A100-SXM4-40GB MIG 4g.20gb (0),1,,13,cupy_copy__complex64_complex64
18413444538,278204,373033,1,1,1,32,32,1,30,0.000,0.000,,,,,NVIDIA A100-SXM4-40GB MIG 4g.20gb (0),1,,13,"void convert_kernel<__half2, float2>(tensor_layout_any, T1 *, tensor_layout_any, const T2 *)"
18413753270,5856,373036,,,,,,,,,,0.094,15999.997,Pinned,Device,NVIDIA A100-SXM4-40GB MIG 4g.20gb (0),1,,13,[CUDA memcpy Host-to-Device]
18414226033,626937,373037,,,,,,,,,,456.561,728215.497,Device,,NVIDIA A100-SXM4-40GB MIG 4g.20gb (0),1,,13,[CUDA memset]
18414860362,52159,373042,,,,,,,,,,1.235,23676.346,Pinned,Device,NVIDIA A100-SXM4-40GB MIG 4g.20gb (0),1,,13,[CUDA memcpy Host-to-Device]
18414915433,9760,373043,,,,,,,,,,0.197,20144.259,Pinned,Device,NVIDIA A100-SXM4-40GB MIG 4g.20gb (0),1,,13,[CUDA memcpy Host-to-Device]
18415561890,17760,373044,69,4,1,48,1,1,76,0.002,0.000,,,,,NVIDIA A100-SXM4-40GB MIG 4g.20gb (0),1,,13,"void ch_est::windowedChEstPreNoDftSOfdmKernel<float, __half, float, (unsigned int)2, (unsigned int)1, (unsigned short)4>(ch_est::puschRxChEstStatDescr_t *, ch_est::puschRxChEstDynDescr_t *)"
18416170363,19584,373045,137,2,1,24,2,1,44,0.001,0.001,,,,,NVIDIA A100-SXM4-40GB MIG 4g.20gb (0),1,,13,"void ch_est::chEstFilterNoDftSOfdmDispatchKernel<float, __half, float, (unsigned int)2>(ch_est::puschRxChEstStatDescr_t *, ch_est::puschRxChEstDynDescr_t *)"
18416850099,15488,373046,137,2,1,24,2,1,44,0.001,0.001,,,,,NVIDIA A100-SXM4-40GB MIG 4g.20gb (0),1,,13,"void ch_est::chEstFilterNoDftSOfdmDispatchKernel<float, __half, float, (unsigned int)2>(ch_est::puschRxChEstStatDescr_t *, ch_est::puschRxChEstDynDescr_t *)"
18417457677,3936,373057,103,1,1,128,1,1,16,0.000,0.000,,,,,NVIDIA A100-SXM4-40GB MIG 4g.20gb (0),1,,13,cupy_copy__complex64_complex64
18417697002,16704,373067,1434,1,1,128,1,1,16,0.000,0.000,,,,,NVIDIA A100-SXM4-40GB MIG 4g.20gb (0),1,,13,cupy_copy__complex64_complex64
18417947271,3872,373074,103,1,1,128,1,1,16,0.000,0.000,,,,,NVIDIA A100-SXM4-40GB MIG 4g.20gb (0),1,,13,cupy_copy__complex64_complex64
18418187493,333020,373081,1,1,1,32,32,1,30,0.000,0.000,,,,,NVIDIA A100-SXM4-40GB MIG 4g.20gb (0),1,,13,"void convert_kernel<__half2, float2>(tensor_layout_any, T1 *, tensor_layout_any, const T2 *)"
18418551104,6656,373084,,,,,,,,,,0.094,14076.887,Pinned,Device,NVIDIA A100-SXM4-40GB MIG 4g.20gb (0),1,,13,[CUDA memcpy Host-to-Device]
18418645887,63360,373085,,,,,,,,,,35.810,565152.157,Device,,NVIDIA A100-SXM4-40GB MIG 4g.20gb (0),1,,13,[CUDA memset]
18418716383,1856,373087,,,,,,,,,,0.000,43.103,Pinned,Device,NVIDIA A100-SXM4-40GB MIG 4g.20gb (0),1,,13,[CUDA memcpy Host-to-Device]
18418720639,9407,373088,,,,,,,,,,0.197,20900.020,Pinned,Device,NVIDIA A100-SXM4-40GB MIG 4g.20gb (0),1,,13,[CUDA memcpy Host-to-Device]
18419163546,20127,373089,273,1,1,48,1,1,40,0.000,0.001,,,,,NVIDIA A100-SXM4-40GB MIG 4g.20gb (0),1,,13,"void pusch_noise_intf_est::noiseIntfEstNoDftSOfdmKernel<float, __half, float, float, (unsigned int)2, (unsigned int)1, (unsigned char)4, (unsigned char)4>(pusch_noise_intf_est::puschRxNoiseIntfEstDynDescr)"
18419548085,7584,373100,35,1,1,128,1,1,16,0.000,0.000,,,,,NVIDIA A100-SXM4-40GB MIG 4g.20gb (0),1,,13,cupy_copy__complex64_complex64
18419623860,6176,373109,1,1,1,1,1,1,18,0.000,0.000,,,,,NVIDIA A100-SXM4-40GB MIG 4g.20gb (0),1,,13,cupy_copy__float32_float32
18419639316,1600,373115,,,,,,,,,,0.000,2.500,Device,Pageable,NVIDIA A100-SXM4-40GB MIG 4g.20gb (0),1,,7,[CUDA memcpy Device-to-Host]
18420006512,16256,373126,1434,1,1,128,1,1,16,0.000,0.000,,,,,NVIDIA A100-SXM4-40GB MIG 4g.20gb (0),1,,13,cupy_copy__complex64_complex64
18420393836,4320,373133,103,1,1,128,1,1,16,0.000,0.000,,,,,NVIDIA A100-SXM4-40GB MIG 4g.20gb (0),1,,13,cupy_copy__complex64_complex64
18420400684,3360,373140,35,1,1,128,1,1,16,0.000,0.000,,,,,NVIDIA A100-SXM4-40GB MIG 4g.20gb (0),1,,13,cupy_copy__complex64_complex64
18420768840,4224,373147,1,1,1,1,1,1,18,0.000,0.000,,,,,NVIDIA A100-SXM4-40GB MIG 4g.20gb (0),1,,13,cupy_copy__float32_float32
18420872615,248733,373158,1,1,1,32,32,1,30,0.000,0.000,,,,,NVIDIA A100-SXM4-40GB MIG 4g.20gb (0),1,,13,"void convert_kernel<__half2, float2>(tensor_layout_any, T1 *, tensor_layout_any, const T2 *)"
18421151395,5856,373161,,,,,,,,,,0.094,15999.997,Pinned,Device,NVIDIA A100-SXM4-40GB MIG 4g.20gb (0),1,,13,[CUDA memcpy Host-to-Device]
18421324545,5632,373162,,,,,,,,,,1.547,274612.371,Device,,NVIDIA A100-SXM4-40GB MIG 4g.20gb (0),1,,13,[CUDA memset]
18421337089,3040,373167,,,,,,,,,,0.031,10294.725,Pinned,Device,NVIDIA A100-SXM4-40GB MIG 4g.20gb (0),1,,13,[CUDA memcpy Host-to-Device]
18421343841,11392,373168,,,,,,,,,,0.197,17258.250,Pinned,Device,NVIDIA A100-SXM4-40GB MIG 4g.20gb (0),1,,13,[CUDA memcpy Host-to-Device]
18421788476,13536,373169,273,1,1,8,4,1,39,0.002,0.000,,,,,NVIDIA A100-SXM4-40GB MIG 4g.20gb (0),1,,13,"void channel_eq::eqMmseCoefCompLowMimoKernel<float, float, float, (unsigned int)4, (unsigned int)1, (unsigned int)4>(const channel_eq::_puschRxChEqStatDescr *, channel_eq::_puschRxChEqCoefCompDynDescr)"
18422352758,11872,373170,273,1,1,12,11,1,51,0.002,0.000,,,,,NVIDIA A100-SXM4-40GB MIG 4g.20gb (0),1,,13,"void channel_eq::eqMmseSoftDemapKernel<float, __half, __half, float, (unsigned int)4, (unsigned short)16383>(channel_eq::_puschRxChEqStatDescr *, channel_eq::_puschRxChEqSoftDemapDynDescr)"
18423098414,722264,373171,1,1,1,32,32,1,30,0.000,0.000,,,,,NVIDIA A100-SXM4-40GB MIG 4g.20gb (0),1,,13,"void convert_kernel<float2, __half2>(tensor_layout_any, T1 *, tensor_layout_any, const T2 *)"
18424057859,42463,373183,2253,1,1,128,1,1,16,0.000,0.000,,,,,NVIDIA A100-SXM4-40GB MIG 4g.20gb (0),1,,13,cupy_copy__float16_float16
18424289696,6720,373192,282,1,1,128,1,1,16,0.000,0.000,,,,,NVIDIA A100-SXM4-40GB MIG 4g.20gb (0),1,,13,cupy_copy__complex64_complex64
18424541757,5440,373201,26,1,1,128,1,1,16,0.000,0.000,,,,,NVIDIA A100-SXM4-40GB MIG 4g.20gb (0),1,,13,cupy_copy__float32_float32
18424764635,20832,373210,103,1,1,128,1,1,16,0.000,0.000,,,,,NVIDIA A100-SXM4-40GB MIG 4g.20gb (0),1,,13,cupy_copy__complex64_complex64
18424985145,20607,373220,1434,1,1,128,1,1,16,0.000,0.000,,,,,NVIDIA A100-SXM4-40GB MIG 4g.20gb (0),1,,13,cupy_copy__complex64_complex64
18425409172,256413,373225,1,1,1,32,32,1,30,0.000,0.000,,,,,NVIDIA A100-SXM4-40GB MIG 4g.20gb (0),1,,13,"void convert_kernel<__half2, float2>(tensor_layout_any, T1 *, tensor_layout_any, const T2 *)"
18425695537,6368,373228,,,,,,,,,,0.094,14713.551,Pinned,Device,NVIDIA A100-SXM4-40GB MIG 4g.20gb (0),1,,13,[CUDA memcpy Host-to-Device]
18426150444,603161,373229,,,,,,,,,,456.561,756522.306,Device,,NVIDIA A100-SXM4-40GB MIG 4g.20gb (0),1,,13,[CUDA memset]
18426756677,49919,373234,,,,,,,,,,1.235,24738.398,Pinned,Device,NVIDIA A100-SXM4-40GB MIG 4g.20gb (0),1,,13,[CUDA memcpy Host-to-Device]
18426809060,10016,373235,,,,,,,,,,0.197,19629.343,Pinned,Device,NVIDIA A100-SXM4-40GB MIG 4g.20gb (0),1,,13,[CUDA memcpy Host-to-Device]
18427384030,12928,373236,69,4,1,48,1,1,76,0.002,0.000,,,,,NVIDIA A100-SXM4-40GB MIG 4g.20gb (0),1,,13,"void ch_est::windowedChEstPreNoDftSOfdmKernel<float, __half, float, (unsigned int)2, (unsigned int)1, (unsigned short)4>(ch_est::puschRxChEstStatDescr_t *, ch_est::puschRxChEstDynDescr_t *)"
18427508700,22240,373237,137,2,1,24,2,1,44,0.001,0.001,,,,,NVIDIA A100-SXM4-40GB MIG 4g.20gb (0),1,,13,"void ch_est::chEstFilterNoDftSOfdmDispatchKernel<float, __half, float, (unsigned int)2>(ch_est::puschRxChEstStatDescr_t *, ch_est::puschRxChEstDynDescr_t *)"
18427632635,18592,373238,137,2,1,24,2,1,44,0.001,0.001,,,,,NVIDIA A100-SXM4-40GB MIG 4g.20gb (0),1,,13,"void ch_est::chEstFilterNoDftSOfdmDispatchKernel<float, __half, float, (unsigned int)2>(ch_est::puschRxChEstStatDescr_t *, ch_est::puschRxChEstDynDescr_t *)"
18427653979,3168,373249,103,1,1,128,1,1,16,0.000,0.000,,,,,NVIDIA A100-SXM4-40GB MIG 4g.20gb (0),1,,13,cupy_copy__complex64_complex64
18427756634,16223,373259,1434,1,1,128,1,1,16,0.000,0.000,,,,,NVIDIA A100-SXM4-40GB MIG 4g.20gb (0),1,,13,cupy_copy__complex64_complex64
18427774905,3840,373266,103,1,1,128,1,1,16,0.000,0.000,,,,,NVIDIA A100-SXM4-40GB MIG 4g.20gb (0),1,,13,cupy_copy__complex64_complex64
18427785337,79295,373273,1,1,1,32,32,1,30,0.000,0.000,,,,,NVIDIA A100-SXM4-40GB MIG 4g.20gb (0),1,,13,"void convert_kernel<__half2, float2>(tensor_layout_any, T1 *, tensor_layout_any, const T2 *)"
18427922168,5888,373276,,,,,,,,,,0.094,15912.954,Pinned,Device,NVIDIA A100-SXM4-40GB MIG 4g.20gb (0),1,,13,[CUDA memcpy Host-to-Device]
18427932792,46687,373277,,,,,,,,,,35.810,767012.676,Device,,NVIDIA A100-SXM4-40GB MIG 4g.20gb (0),1,,13,[CUDA memset]
18427987895,2240,373279,,,,,,,,,,0.000,35.714,Pinned,Device,NVIDIA A100-SXM4-40GB MIG 4g.20gb (0),1,,13,[CUDA memcpy Host-to-Device]
18427992599,9536,373280,,,,,,,,,,0.197,20617.298,Pinned,Device,NVIDIA A100-SXM4-40GB MIG 4g.20gb (0),1,,13,[CUDA memcpy Host-to-Device]
18428006263,8672,373281,273,1,1,48,1,1,40,0.000,0.001,,,,,NVIDIA A100-SXM4-40GB MIG 4g.20gb (0),1,,13,"void pusch_noise_intf_est::noiseIntfEstNoDftSOfdmKernel<float, __half, float, float, (unsigned int)2, (unsigned int)1, (unsigned char)4, (unsigned char)4>(pusch_noise_intf_est::puschRxNoiseIntfEstDynDescr)"
18428016759,2848,373292,35,1,1,128,1,1,16,0.000,0.000,,,,,NVIDIA A100-SXM4-40GB MIG 4g.20gb (0),1,,13,cupy_copy__complex64_complex64
18428029015,1887,373301,1,1,1,1,1,1,18,0.000,0.000,,,,,NVIDIA A100-SXM4-40GB MIG 4g.20gb (0),1,,13,cupy_copy__float32_float32
18428065878,2240,373307,,,,,,,,,,0.000,1.786,Device,Pageable,NVIDIA A100-SXM4-40GB MIG 4g.20gb (0),1,,7,[CUDA memcpy Device-to-Host]
18428420114,20576,373318,1434,1,1,128,1,1,16,0.000,0.000,,,,,NVIDIA A100-SXM4-40GB MIG 4g.20gb (0),1,,13,cupy_copy__complex64_complex64
18428442258,3168,373325,103,1,1,128,1,1,16,0.000,0.000,,,,,NVIDIA A100-SXM4-40GB MIG 4g.20gb (0),1,,13,cupy_copy__complex64_complex64
18428447026,3424,373332,35,1,1,128,1,1,16,0.000,0.000,,,,,NVIDIA A100-SXM4-40GB MIG 4g.20gb (0),1,,13,cupy_copy__complex64_complex64
18428767854,4896,373339,1,1,1,1,1,1,18,0.000,0.000,,,,,NVIDIA A100-SXM4-40GB MIG 4g.20gb (0),1,,13,cupy_copy__float32_float32
18428778510,199614,373350,1,1,1,32,32,1,30,0.000,0.000,,,,,NVIDIA A100-SXM4-40GB MIG 4g.20gb (0),1,,13,"void convert_kernel<__half2, float2>(tensor_layout_any, T1 *, tensor_layout_any, const T2 *)"
18429039819,5504,373353,,,,,,,,,,0.094,17023.251,Pinned,Device,NVIDIA A100-SXM4-40GB MIG 4g.20gb (0),1,,13,[CUDA memcpy Host-to-Device]
18429174986,5664,373354,,,,,,,,,,1.547,273061.107,Device,,NVIDIA A100-SXM4-40GB MIG 4g.20gb (0),1,,13,[CUDA memset]
18429184746,3328,373359,,,,,,,,,,0.031,9403.822,Pinned,Device,NVIDIA A100-SXM4-40GB MIG 4g.20gb (0),1,,13,[CUDA memcpy Host-to-Device]
18429190794,9727,373360,,,,,,,,,,0.197,20212.482,Pinned,Device,NVIDIA A100-SXM4-40GB MIG 4g.20gb (0),1,,13,[CUDA memcpy Host-to-Device]
18429518342,35839,373361,273,1,1,8,4,1,39,0.002,0.000,,,,,NVIDIA A100-SXM4-40GB MIG 4g.20gb (0),1,,13,"void channel_eq::eqMmseCoefCompLowMimoKernel<float, float, float, (unsigned int)4, (unsigned int)1, (unsigned int)4>(const channel_eq::_puschRxChEqStatDescr *, channel_eq::_puschRxChEqCoefCompDynDescr)"
18429582789,11840,373362,273,1,1,12,11,1,51,0.002,0.000,,,,,NVIDIA A100-SXM4-40GB MIG 4g.20gb (0),1,,13,"void channel_eq::eqMmseSoftDemapKernel<float, __half, __half, float, (unsigned int)4, (unsigned short)16383>(channel_eq::_puschRxChEqStatDescr *, channel_eq::_puschRxChEqSoftDemapDynDescr)"
18429976385,646937,373363,1,1,1,32,32,1,30,0.000,0.000,,,,,NVIDIA A100-SXM4-40GB MIG 4g.20gb (0),1,,13,"void convert_kernel<float2, __half2>(tensor_layout_any, T1 *, tensor_layout_any, const T2 *)"
18430993109,22560,373375,2253,1,1,128,1,1,16,0.000,0.000,,,,,NVIDIA A100-SXM4-40GB MIG 4g.20gb (0),1,,13,cupy_copy__float16_float16
18431470480,6944,373384,282,1,1,128,1,1,16,0.000,0.000,,,,,NVIDIA A100-SXM4-40GB MIG 4g.20gb (0),1,,13,cupy_copy__complex64_complex64
18431876012,5215,373393,26,1,1,128,1,1,16,0.000,0.000,,,,,NVIDIA A100-SXM4-40GB MIG 4g.20gb (0),1,,13,cupy_copy__float32_float32
18432089705,7744,373402,103,1,1,128,1,1,16,0.000,0.000,,,,,NVIDIA A100-SXM4-40GB MIG 4g.20gb (0),1,,13,cupy_copy__complex64_complex64
18432496581,22239,373412,1434,1,1,128,1,1,16,0.000,0.000,,,,,NVIDIA A100-SXM4-40GB MIG 4g.20gb (0),1,,13,cupy_copy__complex64_complex64
18432636963,431579,373417,1,1,1,32,32,1,30,0.000,0.000,,,,,NVIDIA A100-SXM4-40GB MIG 4g.20gb (0),1,,13,"void convert_kernel<__half2, float2>(tensor_layout_any, T1 *, tensor_layout_any, const T2 *)"
18433100126,5696,373420,,,,,,,,,,0.094,16449.363,Pinned,Device,NVIDIA A100-SXM4-40GB MIG 4g.20gb (0),1,,13,[CUDA memcpy Host-to-Device]
18433261052,609849,373421,,,,,,,,,,456.561,748304.200,Device,,NVIDIA A100-SXM4-40GB MIG 4g.20gb (0),1,,13,[CUDA memset]
18433876469,50688,373426,,,,,,,,,,1.235,24362.975,Pinned,Device,NVIDIA A100-SXM4-40GB MIG 4g.20gb (0),1,,13,[CUDA memcpy Host-to-Device]
18433929973,10111,373427,,,,,,,,,,0.197,19444.924,Pinned,Device,NVIDIA A100-SXM4-40GB MIG 4g.20gb (0),1,,13,[CUDA memcpy Host-to-Device]
18434126418,20512,373428,69,4,1,48,1,1,76,0.002,0.000,,,,,NVIDIA A100-SXM4-40GB MIG 4g.20gb (0),1,,13,"void ch_est::windowedChEstPreNoDftSOfdmKernel<float, __half, float, (unsigned int)2, (unsigned int)1, (unsigned short)4>(ch_est::puschRxChEstStatDescr_t *, ch_est::puschRxChEstDynDescr_t *)"
18434748651,30080,373429,137,2,1,24,2,1,44,0.001,0.001,,,,,NVIDIA A100-SXM4-40GB MIG 4g.20gb (0),1,,13,"void ch_est::chEstFilterNoDftSOfdmDispatchKernel<float, __half, float, (unsigned int)2>(ch_est::puschRxChEstStatDescr_t *, ch_est::puschRxChEstDynDescr_t *)"
18435258598,34271,373430,137,2,1,24,2,1,44,0.001,0.001,,,,,NVIDIA A100-SXM4-40GB MIG 4g.20gb (0),1,,13,"void ch_est::chEstFilterNoDftSOfdmDispatchKernel<float, __half, float, (unsigned int)2>(ch_est::puschRxChEstStatDescr_t *, ch_est::puschRxChEstDynDescr_t *)"
18435396612,20960,373441,103,1,1,128,1,1,16,0.000,0.000,,,,,NVIDIA A100-SXM4-40GB MIG 4g.20gb (0),1,,13,cupy_copy__complex64_complex64
18435788128,18176,373451,1434,1,1,128,1,1,16,0.000,0.000,,,,,NVIDIA A100-SXM4-40GB MIG 4g.20gb (0),1,,13,cupy_copy__complex64_complex64
18435915230,20064,373458,103,1,1,128,1,1,16,0.000,0.000,,,,,NVIDIA A100-SXM4-40GB MIG 4g.20gb (0),1,,13,cupy_copy__complex64_complex64
18436309018,286813,373465,1,1,1,32,32,1,30,0.000,0.000,,,,,NVIDIA A100-SXM4-40GB MIG 4g.20gb (0),1,,13,"void convert_kernel<__half2, float2>(tensor_layout_any, T1 *, tensor_layout_any, const T2 *)"
18436625910,6272,373468,,,,,,,,,,0.094,14938.703,Pinned,Device,NVIDIA A100-SXM4-40GB MIG 4g.20gb (0),1,,13,[CUDA memcpy Host-to-Device]
18437013842,51199,373469,,,,,,,,,,35.810,699403.548,Device,,NVIDIA A100-SXM4-40GB MIG 4g.20gb (0),1,,13,[CUDA memset]
18437070353,2432,373471,,,,,,,,,,0.000,32.895,Pinned,Device,NVIDIA A100-SXM4-40GB MIG 4g.20gb (0),1,,13,[CUDA memcpy Host-to-Device]
18437075249,9504,373472,,,,,,,,,,0.197,20686.701,Pinned,Device,NVIDIA A100-SXM4-40GB MIG 4g.20gb (0),1,,13,[CUDA memcpy Host-to-Device]
18437718250,20896,373473,273,1,1,48,1,1,40,0.000,0.001,,,,,NVIDIA A100-SXM4-40GB MIG 4g.20gb (0),1,,13,"void pusch_noise_intf_est::noiseIntfEstNoDftSOfdmKernel<float, __half, float, float, (unsigned int)2, (unsigned int)1, (unsigned char)4, (unsigned char)4>(pusch_noise_intf_est::puschRxNoiseIntfEstDynDescr)"
18438447394,4064,373484,35,1,1,128,1,1,16,0.000,0.000,,,,,NVIDIA A100-SXM4-40GB MIG 4g.20gb (0),1,,13,cupy_copy__complex64_complex64
18439058683,7904,373493,1,1,1,1,1,1,18,0.000,0.000,,,,,NVIDIA A100-SXM4-40GB MIG 4g.20gb (0),1,,13,cupy_copy__float32_float32
18439070843,2432,373499,,,,,,,,,,0.000,1.645,Device,Pageable,NVIDIA A100-SXM4-40GB MIG 4g.20gb (0),1,,7,[CUDA memcpy Device-to-Host]
18439783155,44704,373510,1434,1,1,128,1,1,16,0.000,0.000,,,,,NVIDIA A100-SXM4-40GB MIG 4g.20gb (0),1,,13,cupy_copy__complex64_complex64
18440407980,5056,373517,103,1,1,128,1,1,16,0.000,0.000,,,,,NVIDIA A100-SXM4-40GB MIG 4g.20gb (0),1,,13,cupy_copy__complex64_complex64
18440643050,4575,373524,35,1,1,128,1,1,16,0.000,0.000,,,,,NVIDIA A100-SXM4-40GB MIG 4g.20gb (0),1,,13,cupy_copy__complex64_complex64
18440764392,6080,373531,1,1,1,1,1,1,18,0.000,0.000,,,,,NVIDIA A100-SXM4-40GB MIG 4g.20gb (0),1,,13,cupy_copy__float32_float32
18440874503,286813,373542,1,1,1,32,32,1,30,0.000,0.000,,,,,NVIDIA A100-SXM4-40GB MIG 4g.20gb (0),1,,13,"void convert_kernel<__half2, float2>(tensor_layout_any, T1 *, tensor_layout_any, const T2 *)"
18441192579,5568,373545,,,,,,,,,,0.094,16827.521,Pinned,Device,NVIDIA A100-SXM4-40GB MIG 4g.20gb (0),1,,13,[CUDA memcpy Host-to-Device]
18441318562,4928,373546,,,,,,,,,,1.547,313844.035,Device,,NVIDIA A100-SXM4-40GB MIG 4g.20gb (0),1,,13,[CUDA memset]
18441329026,3488,373551,,,,,,,,,,0.031,8972.469,Pinned,Device,NVIDIA A100-SXM4-40GB MIG 4g.20gb (0),1,,13,[CUDA memcpy Host-to-Device]
18441335298,10304,373552,,,,,,,,,,0.197,19080.610,Pinned,Device,NVIDIA A100-SXM4-40GB MIG 4g.20gb (0),1,,13,[CUDA memcpy Host-to-Device]
18441606975,22975,373553,273,1,1,8,4,1,39,0.002,0.000,,,,,NVIDIA A100-SXM4-40GB MIG 4g.20gb (0),1,,13,"void channel_eq::eqMmseCoefCompLowMimoKernel<float, float, float, (unsigned int)4, (unsigned int)1, (unsigned int)4>(const channel_eq::_puschRxChEqStatDescr *, channel_eq::_puschRxChEqCoefCompDynDescr)"
18442040026,30304,373554,273,1,1,12,11,1,51,0.002,0.000,,,,,NVIDIA A100-SXM4-40GB MIG 4g.20gb (0),1,,13,"void channel_eq::eqMmseSoftDemapKernel<float, __half, __half, float, (unsigned int)4, (unsigned short)16383>(channel_eq::_puschRxChEqStatDescr *, channel_eq::_puschRxChEqSoftDemapDynDescr)"
18442179000,759224,373555,1,1,1,32,32,1,30,0.000,0.000,,,,,NVIDIA A100-SXM4-40GB MIG 4g.20gb (0),1,,13,"void convert_kernel<float2, __half2>(tensor_layout_any, T1 *, tensor_layout_any, const T2 *)"
18442983471,23232,373567,2253,1,1,128,1,1,16,0.000,0.000,,,,,NVIDIA A100-SXM4-40GB MIG 4g.20gb (0),1,,13,cupy_copy__float16_float16
18443008591,4160,373576,282,1,1,128,1,1,16,0.000,0.000,,,,,NVIDIA A100-SXM4-40GB MIG 4g.20gb (0),1,,13,cupy_copy__complex64_complex64
18443169997,8896,373585,26,1,1,128,1,1,16,0.000,0.000,,,,,NVIDIA A100-SXM4-40GB MIG 4g.20gb (0),1,,13,cupy_copy__float32_float32
18443180589,8416,373594,103,1,1,128,1,1,16,0.000,0.000,,,,,NVIDIA A100-SXM4-40GB MIG 4g.20gb (0),1,,13,cupy_copy__complex64_complex64
18443191309,12992,373604,1434,1,1,128,1,1,16,0.000,0.000,,,,,NVIDIA A100-SXM4-40GB MIG 4g.20gb (0),1,,13,cupy_copy__complex64_complex64
18443364011,385372,373609,1,1,1,32,32,1,30,0.000,0.000,,,,,NVIDIA A100-SXM4-40GB MIG 4g.20gb (0),1,,13,"void convert_kernel<__half2, float2>(tensor_layout_any, T1 *, tensor_layout_any, const T2 *)"
18443778886,5568,373612,,,,,,,,,,0.094,16827.521,Pinned,Device,NVIDIA A100-SXM4-40GB MIG 4g.20gb (0),1,,13,[CUDA memcpy Host-to-Device]
18444075715,618553,373613,,,,,,,,,,456.561,737803.287,Device,,NVIDIA A100-SXM4-40GB MIG 4g.20gb (0),1,,13,[CUDA memset]
18444704700,50272,373618,,,,,,,,,,1.235,24564.271,Pinned,Device,NVIDIA A100-SXM4-40GB MIG 4g.20gb (0),1,,13,[CUDA memcpy Host-to-Device]
18444757820,9887,373619,,,,,,,,,,0.197,19885.326,Pinned,Device,NVIDIA A100-SXM4-40GB MIG 4g.20gb (0),1,,13,[CUDA memcpy Host-to-Device]
18444989049,17344,373620,69,4,1,48,1,1,76,0.002,0.000,,,,,NVIDIA A100-SXM4-40GB MIG 4g.20gb (0),1,,13,"void ch_est::windowedChEstPreNoDftSOfdmKernel<float, __half, float, (unsigned int)2, (unsigned int)1, (unsigned short)4>(ch_est::puschRxChEstStatDescr_t *, ch_est::puschRxChEstDynDescr_t *)"
18445120695,17376,373621,137,2,1,24,2,1,44,0.001,0.001,,,,,NVIDIA A100-SXM4-40GB MIG 4g.20gb (0),1,,13,"void ch_est::chEstFilterNoDftSOfdmDispatchKernel<float, __half, float, (unsigned int)2>(ch_est::puschRxChEstStatDescr_t *, ch_est::puschRxChEstDynDescr_t *)"
18445377877,18079,373622,137,2,1,24,2,1,44,0.001,0.001,,,,,NVIDIA A100-SXM4-40GB MIG 4g.20gb (0),1,,13,"void ch_est::chEstFilterNoDftSOfdmDispatchKernel<float, __half, float, (unsigned int)2>(ch_est::puschRxChEstStatDescr_t *, ch_est::puschRxChEstDynDescr_t *)"
18445626130,7552,373633,103,1,1,128,1,1,16,0.000,0.000,,,,,NVIDIA A100-SXM4-40GB MIG 4g.20gb (0),1,,13,cupy_copy__complex64_complex64
18445998318,17695,373643,1434,1,1,128,1,1,16,0.000,0.000,,,,,NVIDIA A100-SXM4-40GB MIG 4g.20gb (0),1,,13,cupy_copy__complex64_complex64
18446413609,5120,373650,103,1,1,128,1,1,16,0.000,0.000,,,,,NVIDIA A100-SXM4-40GB MIG 4g.20gb (0),1,,13,cupy_copy__complex64_complex64
18446827236,304509,373657,1,1,1,32,32,1,30,0.000,0.000,,,,,NVIDIA A100-SXM4-40GB MIG 4g.20gb (0),1,,13,"void convert_kernel<__half2, float2>(tensor_layout_any, T1 *, tensor_layout_any, const T2 *)"
18447161857,5472,373660,,,,,,,,,,0.094,17122.757,Pinned,Device,NVIDIA A100-SXM4-40GB MIG 4g.20gb (0),1,,13,[CUDA memcpy Host-to-Device]
18447646523,68031,373661,,,,,,,,,,35.810,526370.014,Device,,NVIDIA A100-SXM4-40GB MIG 4g.20gb (0),1,,13,[CUDA memset]
18447721786,2624,373663,,,,,,,,,,0.000,30.488,Pinned,Device,NVIDIA A100-SXM4-40GB MIG 4g.20gb (0),1,,13,[CUDA memcpy Host-to-Device]
18447727290,9664,373664,,,,,,,,,,0.197,20344.209,Pinned,Device,NVIDIA A100-SXM4-40GB MIG 4g.20gb (0),1,,13,[CUDA memcpy Host-to-Device]
18448128662,32159,373665,273,1,1,48,1,1,40,0.000,0.001,,,,,NVIDIA A100-SXM4-40GB MIG 4g.20gb (0),1,,13,"void pusch_noise_intf_est::noiseIntfEstNoDftSOfdmKernel<float, __half, float, float, (unsigned int)2, (unsigned int)1, (unsigned char)4, (unsigned char)4>(pusch_noise_intf_est::puschRxNoiseIntfEstDynDescr)"
18448550097,13408,373676,35,1,1,128,1,1,16,0.000,0.000,,,,,NVIDIA A100-SXM4-40GB MIG 4g.20gb (0),1,,13,cupy_copy__complex64_complex64
18448822542,4192,373685,1,1,1,1,1,1,18,0.000,0.000,,,,,NVIDIA A100-SXM4-40GB MIG 4g.20gb (0),1,,13,cupy_copy__float32_float32
18448835118,2048,373691,,,,,,,,,,0.000,1.953,Device,Pageable,NVIDIA A100-SXM4-40GB MIG 4g.20gb (0),1,,7,[CUDA memcpy Device-to-Host]
18449095755,27712,373702,1434,1,1,128,1,1,16,0.000,0.000,,,,,NVIDIA A100-SXM4-40GB MIG 4g.20gb (0),1,,13,cupy_copy__complex64_complex64
18449267049,14176,373709,103,1,1,128,1,1,16,0.000,0.000,,,,,NVIDIA A100-SXM4-40GB MIG 4g.20gb (0),1,,13,cupy_copy__complex64_complex64
18449398568,13567,373716,35,1,1,128,1,1,16,0.000,0.000,,,,,NVIDIA A100-SXM4-40GB MIG 4g.20gb (0),1,,13,cupy_copy__complex64_complex64
18449561094,5376,373723,1,1,1,1,1,1,18,0.000,0.000,,,,,NVIDIA A100-SXM4-40GB MIG 4g.20gb (0),1,,13,cupy_copy__float32_float32
18449702436,306589,373734,1,1,1,32,32,1,30,0.000,0.000,,,,,NVIDIA A100-SXM4-40GB MIG 4g.20gb (0),1,,13,"void convert_kernel<__half2, float2>(tensor_layout_any, T1 *, tensor_layout_any, const T2 *)"
18450038560,5408,373737,,,,,,,,,,0.094,17325.421,Pinned,Device,NVIDIA A100-SXM4-40GB MIG 4g.20gb (0),1,,13,[CUDA memcpy Host-to-Device]
18450143295,10048,373738,,,,,,,,,,1.547,153923.114,Device,,NVIDIA A100-SXM4-40GB MIG 4g.20gb (0),1,,13,[CUDA memset]
18450154783,3136,373743,,,,,,,,,,0.031,9979.575,Pinned,Device,NVIDIA A100-SXM4-40GB MIG 4g.20gb (0),1,,13,[CUDA memcpy Host-to-Device]
18450161343,10240,373744,,,,,,,,,,0.197,19199.951,Pinned,Device,NVIDIA A100-SXM4-40GB MIG 4g.20gb (0),1,,13,[CUDA memcpy Host-to-Device]
18450214111,12511,373745,273,1,1,8,4,1,39,0.002,0.000,,,,,NVIDIA A100-SXM4-40GB MIG 4g.20gb (0),1,,13,"void channel_eq::eqMmseCoefCompLowMimoKernel<float, float, float, (unsigned int)4, (unsigned int)1, (unsigned int)4>(const channel_eq::_puschRxChEqStatDescr *, channel_eq::_puschRxChEqCoefCompDynDescr)"
18450412572,30144,373746,273,1,1,12,11,1,51,0.002,0.000,,,,,NVIDIA A100-SXM4-40GB MIG 4g.20gb (0),1,,13,"void channel_eq::eqMmseSoftDemapKernel<float, __half, __half, float, (unsigned int)4, (unsigned short)16383>(channel_eq::_puschRxChEqStatDescr *, channel_eq::_puschRxChEqSoftDemapDynDescr)"
18450507291,792855,373747,1,1,1,32,32,1,30,0.000,0.000,,,,,NVIDIA A100-SXM4-40GB MIG 4g.20gb (0),1,,13,"void convert_kernel<float2, __half2>(tensor_layout_any, T1 *, tensor_layout_any, const T2 *)"
18451312498,15008,373759,2253,1,1,128,1,1,16,0.000,0.000,,,,,NVIDIA A100-SXM4-40GB MIG 4g.20gb (0),1,,13,cupy_copy__float16_float16
18451405265,6688,373768,282,1,1,128,1,1,16,0.000,0.000,,,,,NVIDIA A100-SXM4-40GB MIG 4g.20gb (0),1,,13,cupy_copy__complex64_complex64
18451569647,3296,373777,26,1,1,128,1,1,16,0.000,0.000,,,,,NVIDIA A100-SXM4-40GB MIG 4g.20gb (0),1,,13,cupy_copy__float32_float32
18451652206,10080,373786,103,1,1,128,1,1,16,0.000,0.000,,,,,NVIDIA A100-SXM4-40GB MIG 4g.20gb (0),1,,13,cupy_copy__complex64_complex64
18451816141,18943,373796,1434,1,1,128,1,1,16,0.000,0.000,,,,,NVIDIA A100-SXM4-40GB MIG 4g.20gb (0),1,,13,cupy_copy__complex64_complex64
18451914508,329084,373801,1,1,1,32,32,1,30,0.000,0.000,,,,,NVIDIA A100-SXM4-40GB MIG 4g.20gb (0),1,,13,"void convert_kernel<__half2, float2>(tensor_layout_any, T1 *, tensor_layout_any, const T2 *)"
18452276487,6016,373804,,,,,,,,,,0.094,15574.430,Pinned,Device,NVIDIA A100-SXM4-40GB MIG 4g.20gb (0),1,,13,[CUDA memcpy Host-to-Device]
18452369350,606458,373805,,,,,,,,,,456.561,752413.253,Device,,NVIDIA A100-SXM4-40GB MIG 4g.20gb (0),1,,13,[CUDA memset]
18452978976,50783,373810,,,,,,,,,,1.235,24317.282,Pinned,Device,NVIDIA A100-SXM4-40GB MIG 4g.20gb (0),1,,13,[CUDA memcpy Host-to-Device]
18453033471,10144,373811,,,,,,,,,,0.197,19381.617,Pinned,Device,NVIDIA A100-SXM4-40GB MIG 4g.20gb (0),1,,13,[CUDA memcpy Host-to-Device]
18453502554,24223,373812,69,4,1,48,1,1,76,0.002,0.000,,,,,NVIDIA A100-SXM4-40GB MIG 4g.20gb (0),1,,13,"void ch_est::windowedChEstPreNoDftSOfdmKernel<float, __half, float, (unsigned int)2, (unsigned int)1, (unsigned short)4>(ch_est::puschRxChEstStatDescr_t *, ch_est::puschRxChEstDynDescr_t *)"
18454037524,17248,373813,137,2,1,24,2,1,44,0.001,0.001,,,,,NVIDIA A100-SXM4-40GB MIG 4g.20gb (0),1,,13,"void ch_est::chEstFilterNoDftSOfdmDispatchKernel<float, __half, float, (unsigned int)2>(ch_est::puschRxChEstStatDescr_t *, ch_est::puschRxChEstDynDescr_t *)"
18454204050,17248,373814,137,2,1,24,2,1,44,0.001,0.001,,,,,NVIDIA A100-SXM4-40GB MIG 4g.20gb (0),1,,13,"void ch_est::chEstFilterNoDftSOfdmDispatchKernel<float, __half, float, (unsigned int)2>(ch_est::puschRxChEstStatDescr_t *, ch_est::puschRxChEstDynDescr_t *)"
18454565102,8512,373825,103,1,1,128,1,1,16,0.000,0.000,,,,,NVIDIA A100-SXM4-40GB MIG 4g.20gb (0),1,,13,cupy_copy__complex64_complex64
18454845419,20832,373835,1434,1,1,128,1,1,16,0.000,0.000,,,,,NVIDIA A100-SXM4-40GB MIG 4g.20gb (0),1,,13,cupy_copy__complex64_complex64
18455272934,7936,373842,103,1,1,128,1,1,16,0.000,0.000,,,,,NVIDIA A100-SXM4-40GB MIG 4g.20gb (0),1,,13,cupy_copy__complex64_complex64
18455373797,294877,373849,1,1,1,32,32,1,30,0.000,0.000,,,,,NVIDIA A100-SXM4-40GB MIG 4g.20gb (0),1,,13,"void convert_kernel<__half2, float2>(tensor_layout_any, T1 *, tensor_layout_any, const T2 *)"
18455729953,5568,373852,,,,,,,,,,0.094,16827.521,Pinned,Device,NVIDIA A100-SXM4-40GB MIG 4g.20gb (0),1,,13,[CUDA memcpy Host-to-Device]
18455834240,50591,373853,,,,,,,,,,35.810,707818.879,Device,,NVIDIA A100-SXM4-40GB MIG 4g.20gb (0),1,,13,[CUDA memset]
18455889535,1856,373855,,,,,,,,,,0.000,43.103,Pinned,Device,NVIDIA A100-SXM4-40GB MIG 4g.20gb (0),1,,13,[CUDA memcpy Host-to-Device]
18455894431,9440,373856,,,,,,,,,,0.197,20827.079,Pinned,Device,NVIDIA A100-SXM4-40GB MIG 4g.20gb (0),1,,13,[CUDA memcpy Host-to-Device]
18456239003,18464,373857,273,1,1,48,1,1,40,0.000,0.001,,,,,NVIDIA A100-SXM4-40GB MIG 4g.20gb (0),1,,13,"void pusch_noise_intf_est::noiseIntfEstNoDftSOfdmKernel<float, __half, float, float, (unsigned int)2, (unsigned int)1, (unsigned char)4, (unsigned char)4>(pusch_noise_intf_est::puschRxNoiseIntfEstDynDescr)"
18456344346,3552,373868,35,1,1,128,1,1,16,0.000,0.000,,,,,NVIDIA A100-SXM4-40GB MIG 4g.20gb (0),1,,13,cupy_copy__complex64_complex64
18456703190,5600,373877,1,1,1,1,1,1,18,0.000,0.000,,,,,NVIDIA A100-SXM4-40GB MIG 4g.20gb (0),1,,13,cupy_copy__float32_float32
18456713526,1632,373883,,,,,,,,,,0.000,2.451,Device,Pageable,NVIDIA A100-SXM4-40GB MIG 4g.20gb (0),1,,7,[CUDA memcpy Device-to-Host]
18457163697,21664,373894,1434,1,1,128,1,1,16,0.000,0.000,,,,,NVIDIA A100-SXM4-40GB MIG 4g.20gb (0),1,,13,cupy_copy__complex64_complex64
18457327503,5344,373901,103,1,1,128,1,1,16,0.000,0.000,,,,,NVIDIA A100-SXM4-40GB MIG 4g.20gb (0),1,,13,cupy_copy__complex64_complex64
18457957096,6336,373908,35,1,1,128,1,1,16,0.000,0.000,,,,,NVIDIA A100-SXM4-40GB MIG 4g.20gb (0),1,,13,cupy_copy__complex64_complex64
18458430691,3552,373915,1,1,1,1,1,1,18,0.000,0.000,,,,,NVIDIA A100-SXM4-40GB MIG 4g.20gb (0),1,,13,cupy_copy__float32_float32
18458591521,322012,373926,1,1,1,32,32,1,30,0.000,0.000,,,,,NVIDIA A100-SXM4-40GB MIG 4g.20gb (0),1,,13,"void convert_kernel<__half2, float2>(tensor_layout_any, T1 *, tensor_layout_any, const T2 *)"
18458944029,7904,373929,,,,,,,,,,0.094,11854.231,Pinned,Device,NVIDIA A100-SXM4-40GB MIG 4g.20gb (0),1,,13,[CUDA memcpy Host-to-Device]
18459121947,5600,373930,,,,,,,,,,1.547,276182.194,Device,,NVIDIA A100-SXM4-40GB MIG 4g.20gb (0),1,,13,[CUDA memset]
18459135291,4288,373935,,,,,,,,,,0.031,7298.478,Pinned,Device,NVIDIA A100-SXM4-40GB MIG 4g.20gb (0),1,,13,[CUDA memcpy Host-to-Device]
18459142171,12000,373936,,,,,,,,,,0.197,16383.934,Pinned,Device,NVIDIA A100-SXM4-40GB MIG 4g.20gb (0),1,,13,[CUDA memcpy Host-to-Device]
18459389048,23584,373937,273,1,1,8,4,1,39,0.002,0.000,,,,,NVIDIA A100-SXM4-40GB MIG 4g.20gb (0),1,,13,"void channel_eq::eqMmseCoefCompLowMimoKernel<float, float, float, (unsigned int)4, (unsigned int)1, (unsigned int)4>(const channel_eq::_puschRxChEqStatDescr *, channel_eq::_puschRxChEqCoefCompDynDescr)"
18459416696,12256,373938,273,1,1,12,11,1,51,0.002,0.000,,,,,NVIDIA A100-SXM4-40GB MIG 4g.20gb (0),1,,13,"void channel_eq::eqMmseSoftDemapKernel<float, __half, __half, float, (unsigned int)4, (unsigned short)16383>(channel_eq::_puschRxChEqStatDescr *, channel_eq::_puschRxChEqSoftDemapDynDescr)"
18459572598,784471,373939,1,1,1,32,32,1,30,0.000,0.000,,,,,NVIDIA A100-SXM4-40GB MIG 4g.20gb (0),1,,13,"void convert_kernel<float2, __half2>(tensor_layout_any, T1 *, tensor_layout_any, const T2 *)"
18460762953,13375,373951,2253,1,1,128,1,1,16,0.000,0.000,,,,,NVIDIA A100-SXM4-40GB MIG 4g.20gb (0),1,,13,cupy_copy__float16_float16
18461127685,4319,373960,282,1,1,128,1,1,16,0.000,0.000,,,,,NVIDIA A100-SXM4-40GB MIG 4g.20gb (0),1,,13,cupy_copy__complex64_complex64
18461279427,3872,373969,26,1,1,128,1,1,16,0.000,0.000,,,,,NVIDIA A100-SXM4-40GB MIG 4g.20gb (0),1,,13,cupy_copy__float32_float32
18461481281,6143,373978,103,1,1,128,1,1,16,0.000,0.000,,,,,NVIDIA A100-SXM4-40GB MIG 4g.20gb (0),1,,13,cupy_copy__complex64_complex64
18461630559,16864,373988,1434,1,1,128,1,1,16,0.000,0.000,,,,,NVIDIA A100-SXM4-40GB MIG 4g.20gb (0),1,,13,cupy_copy__complex64_complex64
18461890332,277053,373993,1,1,1,32,32,1,30,0.000,0.000,,,,,NVIDIA A100-SXM4-40GB MIG 4g.20gb (0),1,,13,"void convert_kernel<__half2, float2>(tensor_layout_any, T1 *, tensor_layout_any, const T2 *)"
18462197657,5983,373996,,,,,,,,,,0.094,15660.349,Pinned,Device,NVIDIA A100-SXM4-40GB MIG 4g.20gb (0),1,,13,[CUDA memcpy Host-to-Device]
18462499861,602457,373997,,,,,,,,,,456.561,757435.429,Device,,NVIDIA A100-SXM4-40GB MIG 4g.20gb (0),1,,13,[CUDA memset]
18463104654,51520,374002,,,,,,,,,,1.235,23969.028,Pinned,Device,NVIDIA A100-SXM4-40GB MIG 4g.20gb (0),1,,13,[CUDA memcpy Host-to-Device]
18463158958,10528,374003,,,,,,,,,,0.197,18674.614,Pinned,Device,NVIDIA A100-SXM4-40GB MIG 4g.20gb (0),1,,13,[CUDA memcpy Host-to-Device]
18463614729,12224,374004,69,4,1,48,1,1,76,0.002,0.000,,,,,NVIDIA A100-SXM4-40GB MIG 4g.20gb (0),1,,13,"void ch_est::windowedChEstPreNoDftSOfdmKernel<float, __half, float, (unsigned int)2, (unsigned int)1, (unsigned short)4>(ch_est::puschRxChEstStatDescr_t *, ch_est::puschRxChEstDynDescr_t *)"
18463999620,19232,374005,137,2,1,24,2,1,44,0.001,0.001,,,,,NVIDIA A100-SXM4-40GB MIG 4g.20gb (0),1,,13,"void ch_est::chEstFilterNoDftSOfdmDispatchKernel<float, __half, float, (unsigned int)2>(ch_est::puschRxChEstStatDescr_t *, ch_est::puschRxChEstDynDescr_t *)"
18464164515,17823,374006,137,2,1,24,2,1,44,0.001,0.001,,,,,NVIDIA A100-SXM4-40GB MIG 4g.20gb (0),1,,13,"void ch_est::chEstFilterNoDftSOfdmDispatchKernel<float, __half, float, (unsigned int)2>(ch_est::puschRxChEstStatDescr_t *, ch_est::puschRxChEstDynDescr_t *)"
18464487103,4000,374017,103,1,1,128,1,1,16,0.000,0.000,,,,,NVIDIA A100-SXM4-40GB MIG 4g.20gb (0),1,,13,cupy_copy__complex64_complex64
18464648413,18944,374027,1434,1,1,128,1,1,16,0.000,0.000,,,,,NVIDIA A100-SXM4-40GB MIG 4g.20gb (0),1,,13,cupy_copy__complex64_complex64
18464819803,4832,374034,103,1,1,128,1,1,16,0.000,0.000,,,,,NVIDIA A100-SXM4-40GB MIG 4g.20gb (0),1,,13,cupy_copy__complex64_complex64
18464982553,281853,374041,1,1,1,32,32,1,30,0.000,0.000,,,,,NVIDIA A100-SXM4-40GB MIG 4g.20gb (0),1,,13,"void convert_kernel<__half2, float2>(tensor_layout_any, T1 *, tensor_layout_any, const T2 *)"
18465293782,5952,374044,,,,,,,,,,0.094,15741.865,Pinned,Device,NVIDIA A100-SXM4-40GB MIG 4g.20gb (0),1,,13,[CUDA memcpy Host-to-Device]
18465309046,49471,374045,,,,,,,,,,35.810,723825.913,Device,,NVIDIA A100-SXM4-40GB MIG 4g.20gb (0),1,,13,[CUDA memset]
18465360725,1856,374047,,,,,,,,,,0.000,43.103,Pinned,Device,NVIDIA A100-SXM4-40GB MIG 4g.20gb (0),1,,13,[CUDA memcpy Host-to-Device]
18465365749,10080,374048,,,,,,,,,,0.197,19504.693,Pinned,Device,NVIDIA A100-SXM4-40GB MIG 4g.20gb (0),1,,13,[CUDA memcpy Host-to-Device]
18465571923,48959,374049,273,1,1,48,1,1,40,0.000,0.001,,,,,NVIDIA A100-SXM4-40GB MIG 4g.20gb (0),1,,13,"void pusch_noise_intf_est::noiseIntfEstNoDftSOfdmKernel<float, __half, float, float, (unsigned int)2, (unsigned int)1, (unsigned char)4, (unsigned char)4>(pusch_noise_intf_est::puschRxNoiseIntfEstDynDescr)"
18465883823,13920,374060,35,1,1,128,1,1,16,0.000,0.000,,,,,NVIDIA A100-SXM4-40GB MIG 4g.20gb (0),1,,13,cupy_copy__complex64_complex64
18466169900,4896,374069,1,1,1,1,1,1,18,0.000,0.000,,,,,NVIDIA A100-SXM4-40GB MIG 4g.20gb (0),1,,13,cupy_copy__float32_float32
18466176268,1600,374075,,,,,,,,,,0.000,2.500,Device,Pageable,NVIDIA A100-SXM4-40GB MIG 4g.20gb (0),1,,7,[CUDA memcpy Device-to-Host]
18466528072,17088,374086,1434,1,1,128,1,1,16,0.000,0.000,,,,,NVIDIA A100-SXM4-40GB MIG 4g.20gb (0),1,,13,cupy_copy__complex64_complex64
18466730438,3968,374093,103,1,1,128,1,1,16,0.000,0.000,,,,,NVIDIA A100-SXM4-40GB MIG 4g.20gb (0),1,,13,cupy_copy__complex64_complex64
18466980355,10784,374100,35,1,1,128,1,1,16,0.000,0.000,,,,,NVIDIA A100-SXM4-40GB MIG 4g.20gb (0),1,,13,cupy_copy__complex64_complex64
18467144097,4096,374107,1,1,1,1,1,1,18,0.000,0.000,,,,,NVIDIA A100-SXM4-40GB MIG 4g.20gb (0),1,,13,cupy_copy__float32_float32
18467674043,377148,374118,1,1,1,32,32,1,30,0.000,0.000,,,,,NVIDIA A100-SXM4-40GB MIG 4g.20gb (0),1,,13,"void convert_kernel<__half2, float2>(tensor_layout_any, T1 *, tensor_layout_any, const T2 *)"
18468081047,5824,374121,,,,,,,,,,0.094,16087.884,Pinned,Device,NVIDIA A100-SXM4-40GB MIG 4g.20gb (0),1,,13,[CUDA memcpy Host-to-Device]
18468375763,5216,374122,,,,,,,,,,1.547,296514.113,Device,,NVIDIA A100-SXM4-40GB MIG 4g.20gb (0),1,,13,[CUDA memset]
18468389395,3072,374127,,,,,,,,,,0.031,10187.474,Pinned,Device,NVIDIA A100-SXM4-40GB MIG 4g.20gb (0),1,,13,[CUDA memcpy Host-to-Device]
18468395795,10304,374128,,,,,,,,,,0.197,19080.610,Pinned,Device,NVIDIA A100-SXM4-40GB MIG 4g.20gb (0),1,,13,[CUDA memcpy Host-to-Device]
18468926061,10560,374129,273,1,1,8,4,1,39,0.002,0.000,,,,,NVIDIA A100-SXM4-40GB MIG 4g.20gb (0),1,,13,"void channel_eq::eqMmseCoefCompLowMimoKernel<float, float, float, (unsigned int)4, (unsigned int)1, (unsigned int)4>(const channel_eq::_puschRxChEqStatDescr *, channel_eq::_puschRxChEqCoefCompDynDescr)"
18469485223,10176,374130,273,1,1,12,11,1,51,0.002,0.000,,,,,NVIDIA A100-SXM4-40GB MIG 4g.20gb (0),1,,13,"void channel_eq::eqMmseSoftDemapKernel<float, __half, __half, float, (unsigned int)4, (unsigned short)16383>(channel_eq::_puschRxChEqStatDescr *, channel_eq::_puschRxChEqSoftDemapDynDescr)"
18470102432,774552,374131,1,1,1,32,32,1,30,0.000,0.000,,,,,NVIDIA A100-SXM4-40GB MIG 4g.20gb (0),1,,13,"void convert_kernel<float2, __half2>(tensor_layout_any, T1 *, tensor_layout_any, const T2 *)"
18471176148,24832,374143,2253,1,1,128,1,1,16,0.000,0.000,,,,,NVIDIA A100-SXM4-40GB MIG 4g.20gb (0),1,,13,cupy_copy__float16_float16
18471375154,7232,374152,282,1,1,128,1,1,16,0.000,0.000,,,,,NVIDIA A100-SXM4-40GB MIG 4g.20gb (0),1,,13,cupy_copy__complex64_complex64
18471731950,7552,374161,26,1,1,128,1,1,16,0.000,0.000,,,,,NVIDIA A100-SXM4-40GB MIG 4g.20gb (0),1,,13,cupy_copy__float32_float32
18471919596,7008,374170,103,1,1,128,1,1,16,0.000,0.000,,,,,NVIDIA A100-SXM4-40GB MIG 4g.20gb (0),1,,13,cupy_copy__complex64_complex64
18472335911,18432,374180,1434,1,1,128,1,1,16,0.000,0.000,,,,,NVIDIA A100-SXM4-40GB MIG 4g.20gb (0),1,,13,cupy_copy__complex64_complex64
18473032639,319837,374185,1,1,1,32,32,1,30,0.000,0.000,,,,,NVIDIA A100-SXM4-40GB MIG 4g.20gb (0),1,,13,"void convert_kernel<__half2, float2>(tensor_layout_any, T1 *, tensor_layout_any, const T2 *)"
18473385339,5568,374188,,,,,,,,,,0.094,16827.521,Pinned,Device,NVIDIA A100-SXM4-40GB MIG 4g.20gb (0),1,,13,[CUDA memcpy Host-to-Device]
18473661016,615258,374189,,,,,,,,,,456.561,741912.340,Device,,NVIDIA A100-SXM4-40GB MIG 4g.20gb (0),1,,13,[CUDA memset]
18474277938,54239,374194,,,,,,,,,,1.235,22767.428,Pinned,Device,NVIDIA A100-SXM4-40GB MIG 4g.20gb (0),1,,13,[CUDA memcpy Host-to-Device]
18474334929,10560,374195,,,,,,,,,,0.197,18617.991,Pinned,Device,NVIDIA A100-SXM4-40GB MIG 4g.20gb (0),1,,13,[CUDA memcpy Host-to-Device]
18474634606,16063,374196,69,4,1,48,1,1,76,0.002,0.000,,,,,NVIDIA A100-SXM4-40GB MIG 4g.20gb (0),1,,13,"void ch_est::windowedChEstPreNoDftSOfdmKernel<float, __half, float, (unsigned int)2, (unsigned int)1, (unsigned short)4>(ch_est::puschRxChEstStatDescr_t *, ch_est::puschRxChEstDynDescr_t *)"
18475007113,13792,374197,137,2,1,24,2,1,44,0.001,0.001,,,,,NVIDIA A100-SXM4-40GB MIG 4g.20gb (0),1,,13,"void ch_est::chEstFilterNoDftSOfdmDispatchKernel<float, __half, float, (unsigned int)2>(ch_est::puschRxChEstStatDescr_t *, ch_est::puschRxChEstDynDescr_t *)"
18475281702,18240,374198,137,2,1,24,2,1,44,0.001,0.001,,,,,NVIDIA A100-SXM4-40GB MIG 4g.20gb (0),1,,13,"void ch_est::chEstFilterNoDftSOfdmDispatchKernel<float, __half, float, (unsigned int)2>(ch_est::puschRxChEstStatDescr_t *, ch_est::puschRxChEstDynDescr_t *)"
18475466948,8032,374209,103,1,1,128,1,1,16,0.000,0.000,,,,,NVIDIA A100-SXM4-40GB MIG 4g.20gb (0),1,,13,cupy_copy__complex64_complex64
18475533507,23776,374219,1434,1,1,128,1,1,16,0.000,0.000,,,,,NVIDIA A100-SXM4-40GB MIG 4g.20gb (0),1,,13,cupy_copy__complex64_complex64
18475684258,5792,374226,103,1,1,128,1,1,16,0.000,0.000,,,,,NVIDIA A100-SXM4-40GB MIG 4g.20gb (0),1,,13,cupy_copy__complex64_complex64
18476103229,346108,374233,1,1,1,32,32,1,30,0.000,0.000,,,,,NVIDIA A100-SXM4-40GB MIG 4g.20gb (0),1,,13,"void convert_kernel<__half2, float2>(tensor_layout_any, T1 *, tensor_layout_any, const T2 *)"
18476478489,6176,374236,,,,,,,,,,0.094,15170.975,Pinned,Device,NVIDIA A100-SXM4-40GB MIG 4g.20gb (0),1,,13,[CUDA memcpy Host-to-Device]
18476679511,51519,374237,,,,,,,,,,35.810,695070.547,Device,,NVIDIA A100-SXM4-40GB MIG 4g.20gb (0),1,,13,[CUDA memset]
18476732406,2336,374239,,,,,,,,,,0.000,34.247,Pinned,Device,NVIDIA A100-SXM4-40GB MIG 4g.20gb (0),1,,13,[CUDA memcpy Host-to-Device]
18476740694,10432,374240,,,,,,,,,,0.197,18846.450,Pinned,Device,NVIDIA A100-SXM4-40GB MIG 4g.20gb (0),1,,13,[CUDA memcpy Host-to-Device]
18477054066,28800,374241,273,1,1,48,1,1,40,0.000,0.001,,,,,NVIDIA A100-SXM4-40GB MIG 4g.20gb (0),1,,13,"void pusch_noise_intf_est::noiseIntfEstNoDftSOfdmKernel<float, __half, float, float, (unsigned int)2, (unsigned int)1, (unsigned char)4, (unsigned char)4>(pusch_noise_intf_est::puschRxNoiseIntfEstDynDescr)"
18477084882,5536,374252,35,1,1,128,1,1,16,0.000,0.000,,,,,NVIDIA A100-SXM4-40GB MIG 4g.20gb (0),1,,13,cupy_copy__complex64_complex64
18477333551,4416,374261,1,1,1,1,1,1,18,0.000,0.000,,,,,NVIDIA A100-SXM4-40GB MIG 4g.20gb (0),1,,13,cupy_copy__float32_float32
18477340207,1760,374267,,,,,,,,,,0.000,2.273,Device,Pageable,NVIDIA A100-SXM4-40GB MIG 4g.20gb (0),1,,7,[CUDA memcpy Device-to-Host]
18477613100,20000,374278,1434,1,1,128,1,1,16,0.000,0.000,,,,,NVIDIA A100-SXM4-40GB MIG 4g.20gb (0),1,,13,cupy_copy__complex64_complex64
18477684651,4704,374285,103,1,1,128,1,1,16,0.000,0.000,,,,,NVIDIA A100-SXM4-40GB MIG 4g.20gb (0),1,,13,cupy_copy__complex64_complex64
18478147718,6432,374292,35,1,1,128,1,1,16,0.000,0.000,,,,,NVIDIA A100-SXM4-40GB MIG 4g.20gb (0),1,,13,cupy_copy__complex64_complex64
18478450147,4256,374299,1,1,1,1,1,1,18,0.000,0.000,,,,,NVIDIA A100-SXM4-40GB MIG 4g.20gb (0),1,,13,cupy_copy__float32_float32
18478864510,283645,374310,1,1,1,32,32,1,30,0.000,0.000,,,,,NVIDIA A100-SXM4-40GB MIG 4g.20gb (0),1,,13,"void convert_kernel<__half2, float2>(tensor_layout_any, T1 *, tensor_layout_any, const T2 *)"
18479177083,5696,374313,,,,,,,,,,0.094,16449.363,Pinned,Device,NVIDIA A100-SXM4-40GB MIG 4g.20gb (0),1,,13,[CUDA memcpy Host-to-Device]
18479891315,14144,374314,,,,,,,,,,1.547,109347.863,Device,,NVIDIA A100-SXM4-40GB MIG 4g.20gb (0),1,,13,[CUDA memset]
18479911283,4415,374319,,,,,,,,,,0.031,7088.544,Pinned,Device,NVIDIA A100-SXM4-40GB MIG 4g.20gb (0),1,,13,[CUDA memcpy Host-to-Device]
18479921074,12544,374320,,,,,,,,,,0.197,15673.393,Pinned,Device,NVIDIA A100-SXM4-40GB MIG 4g.20gb (0),1,,13,[CUDA memcpy Host-to-Device]
18480675690,25824,374321,273,1,1,8,4,1,39,0.002,0.000,,,,,NVIDIA A100-SXM4-40GB MIG 4g.20gb (0),1,,13,"void channel_eq::eqMmseCoefCompLowMimoKernel<float, float, float, (unsigned int)4, (unsigned int)1, (unsigned int)4>(const channel_eq::_puschRxChEqStatDescr *, channel_eq::_puschRxChEqCoefCompDynDescr)"
18481216228,15616,374322,273,1,1,12,11,1,51,0.002,0.000,,,,,NVIDIA A100-SXM4-40GB MIG 4g.20gb (0),1,,13,"void channel_eq::eqMmseSoftDemapKernel<float, __half, __half, float, (unsigned int)4, (unsigned short)16383>(channel_eq::_puschRxChEqStatDescr *, channel_eq::_puschRxChEqSoftDemapDynDescr)"
18481728862,710424,374323,1,1,1,32,32,1,30,0.000,0.000,,,,,NVIDIA A100-SXM4-40GB MIG 4g.20gb (0),1,,13,"void convert_kernel<float2, __half2>(tensor_layout_any, T1 *, tensor_layout_any, const T2 *)"
18482740979,12864,374335,2253,1,1,128,1,1,16,0.000,0.000,,,,,NVIDIA A100-SXM4-40GB MIG 4g.20gb (0),1,,13,cupy_copy__float16_float16
18483253325,4320,374344,282,1,1,128,1,1,16,0.000,0.000,,,,,NVIDIA A100-SXM4-40GB MIG 4g.20gb (0),1,,13,cupy_copy__complex64_complex64
18483596233,3552,374353,26,1,1,128,1,1,16,0.000,0.000,,,,,NVIDIA A100-SXM4-40GB MIG 4g.20gb (0),1,,13,cupy_copy__float32_float32
18483803463,10432,374362,103,1,1,128,1,1,16,0.000,0.000,,,,,NVIDIA A100-SXM4-40GB MIG 4g.20gb (0),1,,13,cupy_copy__complex64_complex64
18484263106,18784,374372,1434,1,1,128,1,1,16,0.000,0.000,,,,,NVIDIA A100-SXM4-40GB MIG 4g.20gb (0),1,,13,cupy_copy__complex64_complex64
18484441760,240989,374377,1,1,1,32,32,1,30,0.000,0.000,,,,,NVIDIA A100-SXM4-40GB MIG 4g.20gb (0),1,,13,"void convert_kernel<__half2, float2>(tensor_layout_any, T1 *, tensor_layout_any, const T2 *)"
18484712765,5376,374380,,,,,,,,,,0.094,17428.487,Pinned,Device,NVIDIA A100-SXM4-40GB MIG 4g.20gb (0),1,,13,[CUDA memcpy Host-to-Device]
18484725725,601177,374381,,,,,,,,,,456.561,759261.675,Device,,NVIDIA A100-SXM4-40GB MIG 4g.20gb (0),1,,13,[CUDA memset]
18485333302,52319,374386,,,,,,,,,,1.235,23603.485,Pinned,Device,NVIDIA A100-SXM4-40GB MIG 4g.20gb (0),1,,13,[CUDA memcpy Host-to-Device]
18485388501,10080,374387,,,,,,,,,,0.197,19504.693,Pinned,Device,NVIDIA A100-SXM4-40GB MIG 4g.20gb (0),1,,13,[CUDA memcpy Host-to-Device]
18485605619,13376,374388,69,4,1,48,1,1,76,0.002,0.000,,,,,NVIDIA A100-SXM4-40GB MIG 4g.20gb (0),1,,13,"void ch_est::windowedChEstPreNoDftSOfdmKernel<float, __half, float, (unsigned int)2, (unsigned int)1, (unsigned short)4>(ch_est::puschRxChEstStatDescr_t *, ch_est::puschRxChEstDynDescr_t *)"
18486133293,24768,374389,137,2,1,24,2,1,44,0.001,0.001,,,,,NVIDIA A100-SXM4-40GB MIG 4g.20gb (0),1,,13,"void ch_est::chEstFilterNoDftSOfdmDispatchKernel<float, __half, float, (unsigned int)2>(ch_est::puschRxChEstStatDescr_t *, ch_est::puschRxChEstDynDescr_t *)"
18486482409,13216,374390,137,2,1,24,2,1,44,0.001,0.001,,,,,NVIDIA A100-SXM4-40GB MIG 4g.20gb (0),1,,13,"void ch_est::chEstFilterNoDftSOfdmDispatchKernel<float, __half, float, (unsigned int)2>(ch_est::puschRxChEstStatDescr_t *, ch_est::puschRxChEstDynDescr_t *)"
18486875045,8832,374401,103,1,1,128,1,1,16,0.000,0.000,,,,,NVIDIA A100-SXM4-40GB MIG 4g.20gb (0),1,,13,cupy_copy__complex64_complex64
18487276928,20768,374411,1434,1,1,128,1,1,16,0.000,0.000,,,,,NVIDIA A100-SXM4-40GB MIG 4g.20gb (0),1,,13,cupy_copy__complex64_complex64
18487722587,4736,374418,103,1,1,128,1,1,16,0.000,0.000,,,,,NVIDIA A100-SXM4-40GB MIG 4g.20gb (0),1,,13,cupy_copy__complex64_complex64
18488365044,274237,374425,1,1,1,32,32,1,30,0.000,0.000,,,,,NVIDIA A100-SXM4-40GB MIG 4g.20gb (0),1,,13,"void convert_kernel<__half2, float2>(tensor_layout_any, T1 *, tensor_layout_any, const T2 *)"
18488669841,5792,374428,,,,,,,,,,0.094,16176.708,Pinned,Device,NVIDIA A100-SXM4-40GB MIG 4g.20gb (0),1,,13,[CUDA memcpy Host-to-Device]
18489202731,53919,374429,,,,,,,,,,35.810,664130.776,Device,,NVIDIA A100-SXM4-40GB MIG 4g.20gb (0),1,,13,[CUDA memset]
18489263082,1920,374431,,,,,,,,,,0.000,41.667,Pinned,Device,NVIDIA A100-SXM4-40GB MIG 4g.20gb (0),1,,13,[CUDA memcpy Host-to-Device]
18489267562,9856,374432,,,,,,,,,,0.197,19948.044,Pinned,Device,NVIDIA A100-SXM4-40GB MIG 4g.20gb (0),1,,13,[CUDA memcpy Host-to-Device]
18489878659,26784,374433,273,1,1,48,1,1,40,0.000,0.001,,,,,NVIDIA A100-SXM4-40GB MIG 4g.20gb (0),1,,13,"void pusch_noise_intf_est::noiseIntfEstNoDftSOfdmKernel<float, __half, float, float, (unsigned int)2, (unsigned int)1, (unsigned char)4, (unsigned char)4>(pusch_noise_intf_est::puschRxNoiseIntfEstDynDescr)"
18490133120,4864,374444,35,1,1,128,1,1,16,0.000,0.000,,,,,NVIDIA A100-SXM4-40GB MIG 4g.20gb (0),1,,13,cupy_copy__complex64_complex64
18490489660,3328,374453,1,1,1,1,1,1,18,0.000,0.000,,,,,NVIDIA A100-SXM4-40GB MIG 4g.20gb (0),1,,13,cupy_copy__float32_float32
18490504828,1664,374459,,,,,,,,,,0.000,2.404,Device,Pageable,NVIDIA A100-SXM4-40GB MIG 4g.20gb (0),1,,7,[CUDA memcpy Device-to-Host]
18490934103,17504,374470,1434,1,1,128,1,1,16,0.000,0.000,,,,,NVIDIA A100-SXM4-40GB MIG 4g.20gb (0),1,,13,cupy_copy__complex64_complex64
18491230452,5696,374477,103,1,1,128,1,1,16,0.000,0.000,,,,,NVIDIA A100-SXM4-40GB MIG 4g.20gb (0),1,,13,cupy_copy__complex64_complex64
18491325203,4192,374484,35,1,1,128,1,1,16,0.000,0.000,,,,,NVIDIA A100-SXM4-40GB MIG 4g.20gb (0),1,,13,cupy_copy__complex64_complex64
18491331155,2848,374491,1,1,1,1,1,1,18,0.000,0.000,,,,,NVIDIA A100-SXM4-40GB MIG 4g.20gb (0),1,,13,cupy_copy__float32_float32
18491412882,231197,374502,1,1,1,32,32,1,30,0.000,0.000,,,,,NVIDIA A100-SXM4-40GB MIG 4g.20gb (0),1,,13,"void convert_kernel<__half2, float2>(tensor_layout_any, T1 *, tensor_layout_any, const T2 *)"
18491674927,5792,374505,,,,,,,,,,0.094,16176.708,Pinned,Device,NVIDIA A100-SXM4-40GB MIG 4g.20gb (0),1,,13,[CUDA memcpy Host-to-Device]
18491690415,3616,374506,,,,,,,,,,1.547,427715.774,Device,,NVIDIA A100-SXM4-40GB MIG 4g.20gb (0),1,,13,[CUDA memset]
18491697583,3168,374511,,,,,,,,,,0.031,9878.770,Pinned,Device,NVIDIA A100-SXM4-40GB MIG 4g.20gb (0),1,,13,[CUDA memcpy Host-to-Device]
18491702863,9440,374512,,,,,,,,,,0.197,20827.079,Pinned,Device,NVIDIA A100-SXM4-40GB MIG 4g.20gb (0),1,,13,[CUDA memcpy Host-to-Device]
18491716431,7072,374513,273,1,1,8,4,1,39,0.002,0.000,,,,,NVIDIA A100-SXM4-40GB MIG 4g.20gb (0),1,,13,"void channel_eq::eqMmseCoefCompLowMimoKernel<float, float, float, (unsigned int)4, (unsigned int)1, (unsigned int)4>(const channel_eq::_puschRxChEqStatDescr *, channel_eq::_puschRxChEqCoefCompDynDescr)"
18491725550,6400,374514,273,1,1,12,11,1,51,0.002,0.000,,,,,NVIDIA A100-SXM4-40GB MIG 4g.20gb (0),1,,13,"void channel_eq::eqMmseSoftDemapKernel<float, __half, __half, float, (unsigned int)4, (unsigned short)16383>(channel_eq::_puschRxChEqStatDescr *, channel_eq::_puschRxChEqSoftDemapDynDescr)"
18491733934,585530,374515,1,1,1,32,32,1,30,0.000,0.000,,,,,NVIDIA A100-SXM4-40GB MIG 4g.20gb (0),1,,13,"void convert_kernel<float2, __half2>(tensor_layout_any, T1 *, tensor_layout_any, const T2 *)"
18492401159,14272,374527,2253,1,1,128,1,1,16,0.000,0.000,,,,,NVIDIA A100-SXM4-40GB MIG 4g.20gb (0),1,,13,cupy_copy__float16_float16
18492707204,10111,374536,282,1,1,128,1,1,16,0.000,0.000,,,,,NVIDIA A100-SXM4-40GB MIG 4g.20gb (0),1,,13,cupy_copy__complex64_complex64
18492808130,4416,374545,26,1,1,128,1,1,16,0.000,0.000,,,,,NVIDIA A100-SXM4-40GB MIG 4g.20gb (0),1,,13,cupy_copy__float32_float32
18493006432,14016,374554,103,1,1,128,1,1,16,0.000,0.000,,,,,NVIDIA A100-SXM4-40GB MIG 4g.20gb (0),1,,13,cupy_copy__complex64_complex64
18493108479,16448,374564,1434,1,1,128,1,1,16,0.000,0.000,,,,,NVIDIA A100-SXM4-40GB MIG 4g.20gb (0),1,,13,cupy_copy__complex64_complex64
18493126623,180574,374569,1,1,1,32,32,1,30,0.000,0.000,,,,,NVIDIA A100-SXM4-40GB MIG 4g.20gb (0),1,,13,"void convert_kernel<__half2, float2>(tensor_layout_any, T1 *, tensor_layout_any, const T2 *)"
18493336060,5760,374572,,,,,,,,,,0.094,16266.656,Pinned,Device,NVIDIA A100-SXM4-40GB MIG 4g.20gb (0),1,,13,[CUDA memcpy Host-to-Device]
18493648025,610361,374573,,,,,,,,,,456.561,747847.639,Device,,NVIDIA A100-SXM4-40GB MIG 4g.20gb (0),1,,13,[CUDA memset]
18494264146,50624,374578,,,,,,,,,,1.235,24393.849,Pinned,Device,NVIDIA A100-SXM4-40GB MIG 4g.20gb (0),1,,13,[CUDA memcpy Host-to-Device]
18494317650,11263,374579,,,,,,,,,,0.197,17456.038,Pinned,Device,NVIDIA A100-SXM4-40GB MIG 4g.20gb (0),1,,13,[CUDA memcpy Host-to-Device]
18494800684,20512,374580,69,4,1,48,1,1,76,0.002,0.000,,,,,NVIDIA A100-SXM4-40GB MIG 4g.20gb (0),1,,13,"void ch_est::windowedChEstPreNoDftSOfdmKernel<float, __half, float, (unsigned int)2, (unsigned int)1, (unsigned short)4>(ch_est::puschRxChEstStatDescr_t *, ch_est::puschRxChEstDynDescr_t *)"
18495146056,11008,374581,137,2,1,24,2,1,44,0.001,0.001,,,,,NVIDIA A100-SXM4-40GB MIG 4g.20gb (0),1,,13,"void ch_est::chEstFilterNoDftSOfdmDispatchKernel<float, __half, float, (unsigned int)2>(ch_est::puschRxChEstStatDescr_t *, ch_est::puschRxChEstDynDescr_t *)"
18495497988,21760,374582,137,2,1,24,2,1,44,0.001,0.001,,,,,NVIDIA A100-SXM4-40GB MIG 4g.20gb (0),1,,13,"void ch_est::chEstFilterNoDftSOfdmDispatchKernel<float, __half, float, (unsigned int)2>(ch_est::puschRxChEstStatDescr_t *, ch_est::puschRxChEstDynDescr_t *)"
18495959615,8576,374593,103,1,1,128,1,1,16,0.000,0.000,,,,,NVIDIA A100-SXM4-40GB MIG 4g.20gb (0),1,,13,cupy_copy__complex64_complex64
18496188573,51231,374603,1434,1,1,128,1,1,16,0.000,0.000,,,,,NVIDIA A100-SXM4-40GB MIG 4g.20gb (0),1,,13,cupy_copy__complex64_complex64
18496716823,10240,374610,103,1,1,128,1,1,16,0.000,0.000,,,,,NVIDIA A100-SXM4-40GB MIG 4g.20gb (0),1,,13,cupy_copy__complex64_complex64
18497184849,270365,374617,1,1,1,32,32,1,30,0.000,0.000,,,,,NVIDIA A100-SXM4-40GB MIG 4g.20gb (0),1,,13,"void convert_kernel<__half2, float2>(tensor_layout_any, T1 *, tensor_layout_any, const T2 *)"
18497485646,5824,374620,,,,,,,,,,0.094,16087.884,Pinned,Device,NVIDIA A100-SXM4-40GB MIG 4g.20gb (0),1,,13,[CUDA memcpy Host-to-Device]
18497892234,79935,374621,,,,,,,,,,35.810,447982.099,Device,,NVIDIA A100-SXM4-40GB MIG 4g.20gb (0),1,,13,[CUDA memset]
18497980617,3424,374623,,,,,,,,,,0.000,23.364,Pinned,Device,NVIDIA A100-SXM4-40GB MIG 4g.20gb (0),1,,13,[CUDA memcpy Host-to-Device]
18497988488,9504,374624,,,,,,,,,,0.197,20686.701,Pinned,Device,NVIDIA A100-SXM4-40GB MIG 4g.20gb (0),1,,13,[CUDA memcpy Host-to-Device]
18498319269,23616,374625,273,1,1,48,1,1,40,0.000,0.001,,,,,NVIDIA A100-SXM4-40GB MIG 4g.20gb (0),1,,13,"void pusch_noise_intf_est::noiseIntfEstNoDftSOfdmKernel<float, __half, float, float, (unsigned int)2, (unsigned int)1, (unsigned char)4, (unsigned char)4>(pusch_noise_intf_est::puschRxNoiseIntfEstDynDescr)"
18498564962,7584,374636,35,1,1,128,1,1,16,0.000,0.000,,,,,NVIDIA A100-SXM4-40GB MIG 4g.20gb (0),1,,13,cupy_copy__complex64_complex64
18498826015,3904,374645,1,1,1,1,1,1,18,0.000,0.000,,,,,NVIDIA A100-SXM4-40GB MIG 4g.20gb (0),1,,13,cupy_copy__float32_float32
18498839807,2272,374651,,,,,,,,,,0.000,1.761,Device,Pageable,NVIDIA A100-SXM4-40GB MIG 4g.20gb (0),1,,7,[CUDA memcpy Device-to-Host]
18499184859,16800,374662,1434,1,1,128,1,1,16,0.000,0.000,,,,,NVIDIA A100-SXM4-40GB MIG 4g.20gb (0),1,,13,cupy_copy__complex64_complex64
18499203707,3456,374669,103,1,1,128,1,1,16,0.000,0.000,,,,,NVIDIA A100-SXM4-40GB MIG 4g.20gb (0),1,,13,cupy_copy__complex64_complex64
18499313434,4544,374676,35,1,1,128,1,1,16,0.000,0.000,,,,,NVIDIA A100-SXM4-40GB MIG 4g.20gb (0),1,,13,cupy_copy__complex64_complex64
18499320314,2816,374683,1,1,1,1,1,1,18,0.000,0.000,,,,,NVIDIA A100-SXM4-40GB MIG 4g.20gb (0),1,,13,cupy_copy__float32_float32
18499324762,280540,374694,1,1,1,32,32,1,30,0.000,0.000,,,,,NVIDIA A100-SXM4-40GB MIG 4g.20gb (0),1,,13,"void convert_kernel<__half2, float2>(tensor_layout_any, T1 *, tensor_layout_any, const T2 *)"
18499634326,6048,374697,,,,,,,,,,0.094,15491.978,Pinned,Device,NVIDIA A100-SXM4-40GB MIG 4g.20gb (0),1,,13,[CUDA memcpy Host-to-Device]
18499680790,5055,374698,,,,,,,,,,1.547,305957.800,Device,,NVIDIA A100-SXM4-40GB MIG 4g.20gb (0),1,,13,[CUDA memset]
18499686773,3136,374703,,,,,,,,,,0.031,9979.575,Pinned,Device,NVIDIA A100-SXM4-40GB MIG 4g.20gb (0),1,,13,[CUDA memcpy Host-to-Device]
18499693589,10688,374704,,,,,,,,,,0.197,18395.038,Pinned,Device,NVIDIA A100-SXM4-40GB MIG 4g.20gb (0),1,,13,[CUDA memcpy Host-to-Device]
18499708021,7040,374705,273,1,1,8,4,1,39,0.002,0.000,,,,,NVIDIA A100-SXM4-40GB MIG 4g.20gb (0),1,,13,"void channel_eq::eqMmseCoefCompLowMimoKernel<float, float, float, (unsigned int)4, (unsigned int)1, (unsigned int)4>(const channel_eq::_puschRxChEqStatDescr *, channel_eq::_puschRxChEqCoefCompDynDescr)"
18499716949,7680,374706,273,1,1,12,11,1,51,0.002,0.000,,,,,NVIDIA A100-SXM4-40GB MIG 4g.20gb (0),1,,13,"void channel_eq::eqMmseSoftDemapKernel<float, __half, __half, float, (unsigned int)4, (unsigned short)16383>(channel_eq::_puschRxChEqStatDescr *, channel_eq::_puschRxChEqSoftDemapDynDescr)"
18499726069,281405,374707,1,1,1,32,32,1,30,0.000,0.000,,,,,NVIDIA A100-SXM4-40GB MIG 4g.20gb (0),1,,13,"void convert_kernel<float2, __half2>(tensor_layout_any, T1 *, tensor_layout_any, const T2 *)"
18500008754,10720,374719,2253,1,1,128,1,1,16,0.000,0.000,,,,,NVIDIA A100-SXM4-40GB MIG 4g.20gb (0),1,,13,cupy_copy__float16_float16
18500021586,2880,374728,282,1,1,128,1,1,16,0.000,0.000,,,,,NVIDIA A100-SXM4-40GB MIG 4g.20gb (0),1,,13,cupy_copy__complex64_complex64
18500026354,2112,374737,26,1,1,128,1,1,16,0.000,0.000,,,,,NVIDIA A100-SXM4-40GB MIG 4g.20gb (0),1,,13,cupy_copy__float32_float32
18500030482,2912,374746,103,1,1,128,1,1,16,0.000,0.000,,,,,NVIDIA A100-SXM4-40GB MIG 4g.20gb (0),1,,13,cupy_copy__complex64_complex64
18500035666,12095,374756,1434,1,1,128,1,1,16,0.000,0.000,,,,,NVIDIA A100-SXM4-40GB MIG 4g.20gb (0),1,,13,cupy_copy__complex64_complex64
18500049681,79648,374761,1,1,1,32,32,1,30,0.000,0.000,,,,,NVIDIA A100-SXM4-40GB MIG 4g.20gb (0),1,,13,"void convert_kernel<__half2, float2>(tensor_layout_any, T1 *, tensor_layout_any, const T2 *)"
18500157840,5472,374764,,,,,,,,,,0.094,17122.757,Pinned,Device,NVIDIA A100-SXM4-40GB MIG 4g.20gb (0),1,,13,[CUDA memcpy Host-to-Device]
18500168656,605753,374765,,,,,,,,,,456.561,753326.376,Device,,NVIDIA A100-SXM4-40GB MIG 4g.20gb (0),1,,13,[CUDA memset]
18500781897,51328,374770,,,,,,,,,,1.235,24059.179,Pinned,Device,NVIDIA A100-SXM4-40GB MIG 4g.20gb (0),1,,13,[CUDA memcpy Host-to-Device]
18500836649,10144,374771,,,,,,,,,,0.197,19381.617,Pinned,Device,NVIDIA A100-SXM4-40GB MIG 4g.20gb (0),1,,13,[CUDA memcpy Host-to-Device]
18500962183,22304,374772,69,4,1,48,1,1,76,0.002,0.000,,,,,NVIDIA A100-SXM4-40GB MIG 4g.20gb (0),1,,13,"void ch_est::windowedChEstPreNoDftSOfdmKernel<float, __half, float, (unsigned int)2, (unsigned int)1, (unsigned short)4>(ch_est::puschRxChEstStatDescr_t *, ch_est::puschRxChEstDynDescr_t *)"
18501113670,10783,374773,137,2,1,24,2,1,44,0.001,0.001,,,,,NVIDIA A100-SXM4-40GB MIG 4g.20gb (0),1,,13,"void ch_est::chEstFilterNoDftSOfdmDispatchKernel<float, __half, float, (unsigned int)2>(ch_est::puschRxChEstStatDescr_t *, ch_est::puschRxChEstDynDescr_t *)"
18501354979,24960,374774,137,2,1,24,2,1,44,0.001,0.001,,,,,NVIDIA A100-SXM4-40GB MIG 4g.20gb (0),1,,13,"void ch_est::chEstFilterNoDftSOfdmDispatchKernel<float, __half, float, (unsigned int)2>(ch_est::puschRxChEstStatDescr_t *, ch_est::puschRxChEstDynDescr_t *)"
18501592960,8672,374785,103,1,1,128,1,1,16,0.000,0.000,,,,,NVIDIA A100-SXM4-40GB MIG 4g.20gb (0),1,,13,cupy_copy__complex64_complex64
18501898301,32223,374795,1434,1,1,128,1,1,16,0.000,0.000,,,,,NVIDIA A100-SXM4-40GB MIG 4g.20gb (0),1,,13,cupy_copy__complex64_complex64
18502298520,8480,374802,103,1,1,128,1,1,16,0.000,0.000,,,,,NVIDIA A100-SXM4-40GB MIG 4g.20gb (0),1,,13,cupy_copy__complex64_complex64
18502446711,317532,374809,1,1,1,32,32,1,30,0.000,0.000,,,,,NVIDIA A100-SXM4-40GB MIG 4g.20gb (0),1,,13,"void convert_kernel<__half2, float2>(tensor_layout_any, T1 *, tensor_layout_any, const T2 *)"
18502796051,5696,374812,,,,,,,,,,0.094,16449.363,Pinned,Device,NVIDIA A100-SXM4-40GB MIG 4g.20gb (0),1,,13,[CUDA memcpy Host-to-Device]
18503175726,58624,374813,,,,,,,,,,35.810,610809.805,Device,,NVIDIA A100-SXM4-40GB MIG 4g.20gb (0),1,,13,[CUDA memset]
18503239790,4352,374815,,,,,,,,,,0.000,18.382,Pinned,Device,NVIDIA A100-SXM4-40GB MIG 4g.20gb (0),1,,13,[CUDA memcpy Host-to-Device]
18503247502,11136,374816,,,,,,,,,,0.197,17655.005,Pinned,Device,NVIDIA A100-SXM4-40GB MIG 4g.20gb (0),1,,13,[CUDA memcpy Host-to-Device]
18503626441,29376,374817,273,1,1,48,1,1,40,0.000,0.001,,,,,NVIDIA A100-SXM4-40GB MIG 4g.20gb (0),1,,13,"void pusch_noise_intf_est::noiseIntfEstNoDftSOfdmKernel<float, __half, float, float, (unsigned int)2, (unsigned int)1, (unsigned char)4, (unsigned char)4>(pusch_noise_intf_est::puschRxNoiseIntfEstDynDescr)"
18504022981,12256,374828,35,1,1,128,1,1,16,0.000,0.000,,,,,NVIDIA A100-SXM4-40GB MIG 4g.20gb (0),1,,13,cupy_copy__complex64_complex64
18504318786,7392,374837,1,1,1,1,1,1,18,0.000,0.000,,,,,NVIDIA A100-SXM4-40GB MIG 4g.20gb (0),1,,13,cupy_copy__float32_float32
18504327522,1632,374843,,,,,,,,,,0.000,2.451,Device,Pageable,NVIDIA A100-SXM4-40GB MIG 4g.20gb (0),1,,7,[CUDA memcpy Device-to-Host]
18504615518,52928,374854,1434,1,1,128,1,1,16,0.000,0.000,,,,,NVIDIA A100-SXM4-40GB MIG 4g.20gb (0),1,,13,cupy_copy__complex64_complex64
18504841084,9760,374861,103,1,1,128,1,1,16,0.000,0.000,,,,,NVIDIA A100-SXM4-40GB MIG 4g.20gb (0),1,,13,cupy_copy__complex64_complex64
18504852732,4608,374868,35,1,1,128,1,1,16,0.000,0.000,,,,,NVIDIA A100-SXM4-40GB MIG 4g.20gb (0),1,,13,cupy_copy__complex64_complex64
18504859356,2496,374875,1,1,1,1,1,1,18,0.000,0.000,,,,,NVIDIA A100-SXM4-40GB MIG 4g.20gb (0),1,,13,cupy_copy__float32_float32
18504863772,231805,374886,1,1,1,32,32,1,30,0.000,0.000,,,,,NVIDIA A100-SXM4-40GB MIG 4g.20gb (0),1,,13,"void convert_kernel<__half2, float2>(tensor_layout_any, T1 *, tensor_layout_any, const T2 *)"
18505129369,5408,374889,,,,,,,,,,0.094,17325.421,Pinned,Device,NVIDIA A100-SXM4-40GB MIG 4g.20gb (0),1,,13,[CUDA memcpy Host-to-Device]
18505150648,3648,374890,,,,,,,,,,1.547,423963.664,Device,,NVIDIA A100-SXM4-40GB MIG 4g.20gb (0),1,,13,[CUDA memset]
18505159096,3104,374895,,,,,,,,,,0.031,10082.445,Pinned,Device,NVIDIA A100-SXM4-40GB MIG 4g.20gb (0),1,,13,[CUDA memcpy Host-to-Device]
18505164312,9408,374896,,,,,,,,,,0.197,20897.858,Pinned,Device,NVIDIA A100-SXM4-40GB MIG 4g.20gb (0),1,,13,[CUDA memcpy Host-to-Device]
18505178424,7360,374897,273,1,1,8,4,1,39,0.002,0.000,,,,,NVIDIA A100-SXM4-40GB MIG 4g.20gb (0),1,,13,"void channel_eq::eqMmseCoefCompLowMimoKernel<float, float, float, (unsigned int)4, (unsigned int)1, (unsigned int)4>(const channel_eq::_puschRxChEqStatDescr *, channel_eq::_puschRxChEqCoefCompDynDescr)"
18505187128,6912,374898,273,1,1,12,11,1,51,0.002,0.000,,,,,NVIDIA A100-SXM4-40GB MIG 4g.20gb (0),1,,13,"void channel_eq::eqMmseSoftDemapKernel<float, __half, __half, float, (unsigned int)4, (unsigned short)16383>(channel_eq::_puschRxChEqStatDescr *, channel_eq::_puschRxChEqSoftDemapDynDescr)"
18505195480,281309,374899,1,1,1,32,32,1,30,0.000,0.000,,,,,NVIDIA A100-SXM4-40GB MIG 4g.20gb (0),1,,13,"void convert_kernel<float2, __half2>(tensor_layout_any, T1 *, tensor_layout_any, const T2 *)"
18505478581,10560,374911,2253,1,1,128,1,1,16,0.000,0.000,,,,,NVIDIA A100-SXM4-40GB MIG 4g.20gb (0),1,,13,cupy_copy__float16_float16
18505490613,2848,374920,282,1,1,128,1,1,16,0.000,0.000,,,,,NVIDIA A100-SXM4-40GB MIG 4g.20gb (0),1,,13,cupy_copy__complex64_complex64
18505495413,2112,374929,26,1,1,128,1,1,16,0.000,0.000,,,,,NVIDIA A100-SXM4-40GB MIG 4g.20gb (0),1,,13,cupy_copy__float32_float32
18505499509,2911,374938,103,1,1,128,1,1,16,0.000,0.000,,,,,NVIDIA A100-SXM4-40GB MIG 4g.20gb (0),1,,13,cupy_copy__complex64_complex64
18505504916,12064,374948,1434,1,1,128,1,1,16,0.000,0.000,,,,,NVIDIA A100-SXM4-40GB MIG 4g.20gb (0),1,,13,cupy_copy__complex64_complex64
18505579028,287612,374953,1,1,1,32,32,1,30,0.000,0.000,,,,,NVIDIA A100-SXM4-40GB MIG 4g.20gb (0),1,,13,"void convert_kernel<__half2, float2>(tensor_layout_any, T1 *, tensor_layout_any, const T2 *)"
18505895632,5408,374956,,,,,,,,,,0.094,17325.421,Pinned,Device,NVIDIA A100-SXM4-40GB MIG 4g.20gb (0),1,,13,[CUDA memcpy Host-to-Device]
18505972079,604761,374957,,,,,,,,,,456.561,754696.060,Device,,NVIDIA A100-SXM4-40GB MIG 4g.20gb (0),1,,13,[CUDA memset]
18506578248,52352,374962,,,,,,,,,,1.235,23588.665,Pinned,Device,NVIDIA A100-SXM4-40GB MIG 4g.20gb (0),1,,13,[CUDA memcpy Host-to-Device]
18506633352,10304,374963,,,,,,,,,,0.197,19080.610,Pinned,Device,NVIDIA A100-SXM4-40GB MIG 4g.20gb (0),1,,13,[CUDA memcpy Host-to-Device]
18507054787,13536,374964,69,4,1,48,1,1,76,0.002,0.000,,,,,NVIDIA A100-SXM4-40GB MIG 4g.20gb (0),1,,13,"void ch_est::windowedChEstPreNoDftSOfdmKernel<float, __half, float, (unsigned int)2, (unsigned int)1, (unsigned short)4>(ch_est::puschRxChEstStatDescr_t *, ch_est::puschRxChEstDynDescr_t *)"
18507543358,15391,374965,137,2,1,24,2,1,44,0.001,0.001,,,,,NVIDIA A100-SXM4-40GB MIG 4g.20gb (0),1,,13,"void ch_est::chEstFilterNoDftSOfdmDispatchKernel<float, __half, float, (unsigned int)2>(ch_est::puschRxChEstStatDescr_t *, ch_est::puschRxChEstDynDescr_t *)"
18507708892,15968,374966,137,2,1,24,2,1,44,0.001,0.001,,,,,NVIDIA A100-SXM4-40GB MIG 4g.20gb (0),1,,13,"void ch_est::chEstFilterNoDftSOfdmDispatchKernel<float, __half, float, (unsigned int)2>(ch_est::puschRxChEstStatDescr_t *, ch_est::puschRxChEstDynDescr_t *)"
18508547762,4992,374977,103,1,1,128,1,1,16,0.000,0.000,,,,,NVIDIA A100-SXM4-40GB MIG 4g.20gb (0),1,,13,cupy_copy__complex64_complex64
18509003821,18880,374987,1434,1,1,128,1,1,16,0.000,0.000,,,,,NVIDIA A100-SXM4-40GB MIG 4g.20gb (0),1,,13,cupy_copy__complex64_complex64
18509687654,7808,374994,103,1,1,128,1,1,16,0.000,0.000,,,,,NVIDIA A100-SXM4-40GB MIG 4g.20gb (0),1,,13,cupy_copy__complex64_complex64
18510119425,289533,375001,1,1,1,32,32,1,30,0.000,0.000,,,,,NVIDIA A100-SXM4-40GB MIG 4g.20gb (0),1,,13,"void convert_kernel<__half2, float2>(tensor_layout_any, T1 *, tensor_layout_any, const T2 *)"
18510438365,5792,375004,,,,,,,,,,0.094,16176.708,Pinned,Device,NVIDIA A100-SXM4-40GB MIG 4g.20gb (0),1,,13,[CUDA memcpy Host-to-Device]
18511191605,61247,375005,,,,,,,,,,35.810,584668.564,Device,,NVIDIA A100-SXM4-40GB MIG 4g.20gb (0),1,,13,[CUDA memset]
18511259668,2112,375007,,,,,,,,,,0.000,37.879,Pinned,Device,NVIDIA A100-SXM4-40GB MIG 4g.20gb (0),1,,13,[CUDA memcpy Host-to-Device]
18511264404,10368,375008,,,,,,,,,,0.197,18962.842,Pinned,Device,NVIDIA A100-SXM4-40GB MIG 4g.20gb (0),1,,13,[CUDA memcpy Host-to-Device]
18511667504,23199,375009,273,1,1,48,1,1,40,0.000,0.001,,,,,NVIDIA A100-SXM4-40GB MIG 4g.20gb (0),1,,13,"void pusch_noise_intf_est::noiseIntfEstNoDftSOfdmKernel<float, __half, float, float, (unsigned int)2, (unsigned int)1, (unsigned char)4, (unsigned char)4>(pusch_noise_intf_est::puschRxNoiseIntfEstDynDescr)"
18512361576,7104,375020,35,1,1,128,1,1,16,0.000,0.000,,,,,NVIDIA A100-SXM4-40GB MIG 4g.20gb (0),1,,13,cupy_copy__complex64_complex64
18512780419,5696,375029,1,1,1,1,1,1,18,0.000,0.000,,,,,NVIDIA A100-SXM4-40GB MIG 4g.20gb (0),1,,13,cupy_copy__float32_float32
18512790467,2144,375035,,,,,,,,,,0.000,1.866,Device,Pageable,NVIDIA A100-SXM4-40GB MIG 4g.20gb (0),1,,7,[CUDA memcpy Device-to-Host]
18513198878,28096,375046,1434,1,1,128,1,1,16,0.000,0.000,,,,,NVIDIA A100-SXM4-40GB MIG 4g.20gb (0),1,,13,cupy_copy__complex64_complex64
18513947062,7744,375053,103,1,1,128,1,1,16,0.000,0.000,,,,,NVIDIA A100-SXM4-40GB MIG 4g.20gb (0),1,,13,cupy_copy__complex64_complex64
18514474768,4608,375060,35,1,1,128,1,1,16,0.000,0.000,,,,,NVIDIA A100-SXM4-40GB MIG 4g.20gb (0),1,,13,cupy_copy__complex64_complex64
18514687918,4640,375067,1,1,1,1,1,1,18,0.000,0.000,,,,,NVIDIA A100-SXM4-40GB MIG 4g.20gb (0),1,,13,cupy_copy__float32_float32
18515106633,255709,375078,1,1,1,32,32,1,30,0.000,0.000,,,,,NVIDIA A100-SXM4-40GB MIG 4g.20gb (0),1,,13,"void convert_kernel<__half2, float2>(tensor_layout_any, T1 *, tensor_layout_any, const T2 *)"
18515392678,5568,375081,,,,,,,,,,0.094,16827.521,Pinned,Device,NVIDIA A100-SXM4-40GB MIG 4g.20gb (0),1,,13,[CUDA memcpy Host-to-Device]
18515688867,8864,375082,,,,,,,,,,1.547,174482.387,Device,,NVIDIA A100-SXM4-40GB MIG 4g.20gb (0),1,,13,[CUDA memset]
18515699682,3040,375087,,,,,,,,,,0.031,10294.725,Pinned,Device,NVIDIA A100-SXM4-40GB MIG 4g.20gb (0),1,,13,[CUDA memcpy Host-to-Device]
18515705314,10144,375088,,,,,,,,,,0.197,19381.617,Pinned,Device,NVIDIA A100-SXM4-40GB MIG 4g.20gb (0),1,,13,[CUDA memcpy Host-to-Device]
18515809889,13568,375089,273,1,1,8,4,1,39,0.002,0.000,,,,,NVIDIA A100-SXM4-40GB MIG 4g.20gb (0),1,,13,"void channel_eq::eqMmseCoefCompLowMimoKernel<float, float, float, (unsigned int)4, (unsigned int)1, (unsigned int)4>(const channel_eq::_puschRxChEqStatDescr *, channel_eq::_puschRxChEqCoefCompDynDescr)"
18515825921,8800,375090,273,1,1,12,11,1,51,0.002,0.000,,,,,NVIDIA A100-SXM4-40GB MIG 4g.20gb (0),1,,13,"void channel_eq::eqMmseSoftDemapKernel<float, __half, __half, float, (unsigned int)4, (unsigned short)16383>(channel_eq::_puschRxChEqStatDescr *, channel_eq::_puschRxChEqSoftDemapDynDescr)"
18515929312,658553,375091,1,1,1,32,32,1,30,0.000,0.000,,,,,NVIDIA A100-SXM4-40GB MIG 4g.20gb (0),1,,13,"void convert_kernel<float2, __half2>(tensor_layout_any, T1 *, tensor_layout_any, const T2 *)"
18517014452,19552,375103,2253,1,1,128,1,1,16,0.000,0.000,,,,,NVIDIA A100-SXM4-40GB MIG 4g.20gb (0),1,,13,cupy_copy__float16_float16
18517555150,10400,375112,282,1,1,128,1,1,16,0.000,0.000,,,,,NVIDIA A100-SXM4-40GB MIG 4g.20gb (0),1,,13,cupy_copy__complex64_complex64
18517567854,4480,375121,26,1,1,128,1,1,16,0.000,0.000,,,,,NVIDIA A100-SXM4-40GB MIG 4g.20gb (0),1,,13,cupy_copy__float32_float32
18517574350,5055,375130,103,1,1,128,1,1,16,0.000,0.000,,,,,NVIDIA A100-SXM4-40GB MIG 4g.20gb (0),1,,13,cupy_copy__complex64_complex64
18517635501,12096,375146,1434,1,1,128,1,1,16,0.000,0.000,,,,,NVIDIA A100-SXM4-40GB MIG 4g.20gb (0),1,,13,cupy_copy__complex64_complex64
18518165735,355324,375151,1,1,1,32,32,1,30,0.000,0.000,,,,,NVIDIA A100-SXM4-40GB MIG 4g.20gb (0),1,,13,"void convert_kernel<__half2, float2>(tensor_layout_any, T1 *, tensor_layout_any, const T2 *)"
18518550307,5728,375154,,,,,,,,,,0.094,16357.541,Pinned,Device,NVIDIA A100-SXM4-40GB MIG 4g.20gb (0),1,,13,[CUDA memcpy Host-to-Device]
18519182588,687032,375155,,,,,,,,,,456.561,664296.895,Device,,NVIDIA A100-SXM4-40GB MIG 4g.20gb (0),1,,13,[CUDA memset]
18519873460,50527,375160,,,,,,,,,,1.235,24440.777,Pinned,Device,NVIDIA A100-SXM4-40GB MIG 4g.20gb (0),1,,13,[CUDA memcpy Host-to-Device]
18519926451,9728,375161,,,,,,,,,,0.197,20210.516,Pinned,Device,NVIDIA A100-SXM4-40GB MIG 4g.20gb (0),1,,13,[CUDA memcpy Host-to-Device]
18520831113,12352,375162,69,4,1,48,1,1,76,0.002,0.000,,,,,NVIDIA A100-SXM4-40GB MIG 4g.20gb (0),1,,13,"void ch_est::windowedChEstPreNoDftSOfdmKernel<float, __half, float, (unsigned int)2, (unsigned int)1, (unsigned short)4>(ch_est::puschRxChEstStatDescr_t *, ch_est::puschRxChEstDynDescr_t *)"
18521388067,12192,375163,137,2,1,24,2,1,44,0.001,0.001,,,,,NVIDIA A100-SXM4-40GB MIG 4g.20gb (0),1,,13,"void ch_est::chEstFilterNoDftSOfdmDispatchKernel<float, __half, float, (unsigned int)2>(ch_est::puschRxChEstStatDescr_t *, ch_est::puschRxChEstDynDescr_t *)"
18521402915,6048,375164,137,2,1,24,2,1,44,0.001,0.001,,,,,NVIDIA A100-SXM4-40GB MIG 4g.20gb (0),1,,13,"void ch_est::chEstFilterNoDftSOfdmDispatchKernel<float, __half, float, (unsigned int)2>(ch_est::puschRxChEstStatDescr_t *, ch_est::puschRxChEstDynDescr_t *)"
18521894461,7104,375175,103,1,1,128,1,1,16,0.000,0.000,,,,,NVIDIA A100-SXM4-40GB MIG 4g.20gb (0),1,,13,cupy_copy__complex64_complex64
18521903037,19392,375185,1434,1,1,128,1,1,16,0.000,0.000,,,,,NVIDIA A100-SXM4-40GB MIG 4g.20gb (0),1,,13,cupy_copy__complex64_complex64
18521968348,6528,375192,103,1,1,128,1,1,16,0.000,0.000,,,,,NVIDIA A100-SXM4-40GB MIG 4g.20gb (0),1,,13,cupy_copy__complex64_complex64
18522560534,215677,375199,1,1,1,32,32,1,30,0.000,0.000,,,,,NVIDIA A100-SXM4-40GB MIG 4g.20gb (0),1,,13,"void convert_kernel<__half2, float2>(tensor_layout_any, T1 *, tensor_layout_any, const T2 *)"
18522806003,7104,375202,,,,,,,,,,0.094,13189.117,Pinned,Device,NVIDIA A100-SXM4-40GB MIG 4g.20gb (0),1,,13,[CUDA memcpy Host-to-Device]
18523178095,60511,375203,,,,,,,,,,35.810,591758.928,Device,,NVIDIA A100-SXM4-40GB MIG 4g.20gb (0),1,,13,[CUDA memset]
18523241934,2912,375205,,,,,,,,,,0.000,27.472,Pinned,Device,NVIDIA A100-SXM4-40GB MIG 4g.20gb (0),1,,13,[CUDA memcpy Host-to-Device]
18523249102,10048,375206,,,,,,,,,,0.197,19566.821,Pinned,Device,NVIDIA A100-SXM4-40GB MIG 4g.20gb (0),1,,13,[CUDA memcpy Host-to-Device]
18523807496,22016,375207,273,1,1,48,1,1,40,0.000,0.001,,,,,NVIDIA A100-SXM4-40GB MIG 4g.20gb (0),1,,13,"void pusch_noise_intf_est::noiseIntfEstNoDftSOfdmKernel<float, __half, float, float, (unsigned int)2, (unsigned int)1, (unsigned char)4, (unsigned char)4>(pusch_noise_intf_est::puschRxNoiseIntfEstDynDescr)"
18524336674,8320,375218,35,1,1,128,1,1,16,0.000,0.000,,,,,NVIDIA A100-SXM4-40GB MIG 4g.20gb (0),1,,13,cupy_copy__complex64_complex64
18524447233,5088,375227,1,1,1,1,1,1,18,0.000,0.000,,,,,NVIDIA A100-SXM4-40GB MIG 4g.20gb (0),1,,13,cupy_copy__float32_float32
18524463681,2080,375233,,,,,,,,,,0.000,1.923,Device,Pageable,NVIDIA A100-SXM4-40GB MIG 4g.20gb (0),1,,7,[CUDA memcpy Device-to-Host]
18524970235,17792,375244,1434,1,1,128,1,1,16,0.000,0.000,,,,,NVIDIA A100-SXM4-40GB MIG 4g.20gb (0),1,,13,cupy_copy__complex64_complex64
18525004922,3936,375251,103,1,1,128,1,1,16,0.000,0.000,,,,,NVIDIA A100-SXM4-40GB MIG 4g.20gb (0),1,,13,cupy_copy__complex64_complex64
18525119001,6272,375258,35,1,1,128,1,1,16,0.000,0.000,,,,,NVIDIA A100-SXM4-40GB MIG 4g.20gb (0),1,,13,cupy_copy__complex64_complex64
18525681331,4864,375265,1,1,1,1,1,1,18,0.000,0.000,,,,,NVIDIA A100-SXM4-40GB MIG 4g.20gb (0),1,,13,cupy_copy__float32_float32
18526206541,244637,375276,1,1,1,32,32,1,30,0.000,0.000,,,,,NVIDIA A100-SXM4-40GB MIG 4g.20gb (0),1,,13,"void convert_kernel<__half2, float2>(tensor_layout_any, T1 *, tensor_layout_any, const T2 *)"
18526480170,6624,375279,,,,,,,,,,0.094,14144.910,Pinned,Device,NVIDIA A100-SXM4-40GB MIG 4g.20gb (0),1,,13,[CUDA memcpy Host-to-Device]
18526955877,5760,375280,,,,,,,,,,1.547,268510.939,Device,,NVIDIA A100-SXM4-40GB MIG 4g.20gb (0),1,,13,[CUDA memset]
18526968037,3007,375285,,,,,,,,,,0.031,10407.704,Pinned,Device,NVIDIA A100-SXM4-40GB MIG 4g.20gb (0),1,,13,[CUDA memcpy Host-to-Device]
18526974596,9760,375286,,,,,,,,,,0.197,20144.259,Pinned,Device,NVIDIA A100-SXM4-40GB MIG 4g.20gb (0),1,,13,[CUDA memcpy Host-to-Device]
18527671773,19423,375287,273,1,1,8,4,1,39,0.002,0.000,,,,,NVIDIA A100-SXM4-40GB MIG 4g.20gb (0),1,,13,"void channel_eq::eqMmseCoefCompLowMimoKernel<float, float, float, (unsigned int)4, (unsigned int)1, (unsigned int)4>(const channel_eq::_puschRxChEqStatDescr *, channel_eq::_puschRxChEqCoefCompDynDescr)"
18528127416,13791,375288,273,1,1,12,11,1,51,0.002,0.000,,,,,NVIDIA A100-SXM4-40GB MIG 4g.20gb (0),1,,13,"void channel_eq::eqMmseSoftDemapKernel<float, __half, __half, float, (unsigned int)4, (unsigned short)16383>(channel_eq::_puschRxChEqStatDescr *, channel_eq::_puschRxChEqSoftDemapDynDescr)"
18528363861,611801,375289,1,1,1,32,32,1,30,0.000,0.000,,,,,NVIDIA A100-SXM4-40GB MIG 4g.20gb (0),1,,13,"void convert_kernel<float2, __half2>(tensor_layout_any, T1 *, tensor_layout_any, const T2 *)"
18529430761,14016,375301,2253,1,1,128,1,1,16,0.000,0.000,,,,,NVIDIA A100-SXM4-40GB MIG 4g.20gb (0),1,,13,cupy_copy__float16_float16
18529868196,6240,375310,282,1,1,128,1,1,16,0.000,0.000,,,,,NVIDIA A100-SXM4-40GB MIG 4g.20gb (0),1,,13,cupy_copy__complex64_complex64
18530705915,10784,375319,26,1,1,128,1,1,16,0.000,0.000,,,,,NVIDIA A100-SXM4-40GB MIG 4g.20gb (0),1,,13,cupy_copy__float32_float32
18530917560,6272,375328,103,1,1,128,1,1,16,0.000,0.000,,,,,NVIDIA A100-SXM4-40GB MIG 4g.20gb (0),1,,13,cupy_copy__complex64_complex64
18531084471,21471,375338,1434,1,1,128,1,1,16,0.000,0.000,,,,,NVIDIA A100-SXM4-40GB MIG 4g.20gb (0),1,,13,cupy_copy__complex64_complex64
18531413875,316956,375343,1,1,1,32,32,1,30,0.000,0.000,,,,,NVIDIA A100-SXM4-40GB MIG 4g.20gb (0),1,,13,"void convert_kernel<__half2, float2>(tensor_layout_any, T1 *, tensor_layout_any, const T2 *)"
18531762095,6272,375346,,,,,,,,,,0.094,14938.703,Pinned,Device,NVIDIA A100-SXM4-40GB MIG 4g.20gb (0),1,,13,[CUDA memcpy Host-to-Device]
18532077995,614714,375347,,,,,,,,,,456.561,742368.901,Device,,NVIDIA A100-SXM4-40GB MIG 4g.20gb (0),1,,13,[CUDA memset]
18532694021,53599,375352,,,,,,,,,,1.235,23040.350,Pinned,Device,NVIDIA A100-SXM4-40GB MIG 4g.20gb (0),1,,13,[CUDA memcpy Host-to-Device]
18532752164,10752,375353,,,,,,,,,,0.197,18285.527,Pinned,Device,NVIDIA A100-SXM4-40GB MIG 4g.20gb (0),1,,13,[CUDA memcpy Host-to-Device]
18533119680,15168,375354,69,4,1,48,1,1,76,0.002,0.000,,,,,NVIDIA A100-SXM4-40GB MIG 4g.20gb (0),1,,13,"void ch_est::windowedChEstPreNoDftSOfdmKernel<float, __half, float, (unsigned int)2, (unsigned int)1, (unsigned short)4>(ch_est::puschRxChEstStatDescr_t *, ch_est::puschRxChEstDynDescr_t *)"
18533758713,11071,375355,137,2,1,24,2,1,44,0.001,0.001,,,,,NVIDIA A100-SXM4-40GB MIG 4g.20gb (0),1,,13,"void ch_est::chEstFilterNoDftSOfdmDispatchKernel<float, __half, float, (unsigned int)2>(ch_est::puschRxChEstStatDescr_t *, ch_est::puschRxChEstDynDescr_t *)"
18533932087,36575,375356,137,2,1,24,2,1,44,0.001,0.001,,,,,NVIDIA A100-SXM4-40GB MIG 4g.20gb (0),1,,13,"void ch_est::chEstFilterNoDftSOfdmDispatchKernel<float, __half, float, (unsigned int)2>(ch_est::puschRxChEstStatDescr_t *, ch_est::puschRxChEstDynDescr_t *)"
18534575983,9344,375367,103,1,1,128,1,1,16,0.000,0.000,,,,,NVIDIA A100-SXM4-40GB MIG 4g.20gb (0),1,,13,cupy_copy__complex64_complex64
18534621583,23456,375377,1434,1,1,128,1,1,16,0.000,0.000,,,,,NVIDIA A100-SXM4-40GB MIG 4g.20gb (0),1,,13,cupy_copy__complex64_complex64
18534775533,9152,375384,103,1,1,128,1,1,16,0.000,0.000,,,,,NVIDIA A100-SXM4-40GB MIG 4g.20gb (0),1,,13,cupy_copy__complex64_complex64
18535392774,254494,375391,1,1,1,32,32,1,30,0.000,0.000,,,,,NVIDIA A100-SXM4-40GB MIG 4g.20gb (0),1,,13,"void convert_kernel<__half2, float2>(tensor_layout_any, T1 *, tensor_layout_any, const T2 *)"
18535676675,6848,375394,,,,,,,,,,0.094,13682.239,Pinned,Device,NVIDIA A100-SXM4-40GB MIG 4g.20gb (0),1,,13,[CUDA memcpy Host-to-Device]
18536072287,49023,375395,,,,,,,,,,35.810,730450.748,Device,,NVIDIA A100-SXM4-40GB MIG 4g.20gb (0),1,,13,[CUDA memset]
18536125918,2240,375397,,,,,,,,,,0.000,35.714,Pinned,Device,NVIDIA A100-SXM4-40GB MIG 4g.20gb (0),1,,13,[CUDA memcpy Host-to-Device]
18536131710,12128,375398,,,,,,,,,,0.197,16210.919,Pinned,Device,NVIDIA A100-SXM4-40GB MIG 4g.20gb (0),1,,13,[CUDA memcpy Host-to-Device]
18536776343,20256,375399,273,1,1,48,1,1,40,0.000,0.001,,,,,NVIDIA A100-SXM4-40GB MIG 4g.20gb (0),1,,13,"void pusch_noise_intf_est::noiseIntfEstNoDftSOfdmKernel<float, __half, float, float, (unsigned int)2, (unsigned int)1, (unsigned char)4, (unsigned char)4>(pusch_noise_intf_est::puschRxNoiseIntfEstDynDescr)"
18536977845,8000,375410,35,1,1,128,1,1,16,0.000,0.000,,,,,NVIDIA A100-SXM4-40GB MIG 4g.20gb (0),1,,13,cupy_copy__complex64_complex64
18537853707,5120,375419,1,1,1,1,1,1,18,0.000,0.000,,,,,NVIDIA A100-SXM4-40GB MIG 4g.20gb (0),1,,13,cupy_copy__float32_float32
18537861195,1696,375425,,,,,,,,,,0.000,2.358,Device,Pageable,NVIDIA A100-SXM4-40GB MIG 4g.20gb (0),1,,7,[CUDA memcpy Device-to-Host]
18538674850,21023,375436,1434,1,1,128,1,1,16,0.000,0.000,,,,,NVIDIA A100-SXM4-40GB MIG 4g.20gb (0),1,,13,cupy_copy__complex64_complex64
18539637911,4992,375443,103,1,1,128,1,1,16,0.000,0.000,,,,,NVIDIA A100-SXM4-40GB MIG 4g.20gb (0),1,,13,cupy_copy__complex64_complex64
18540273552,8096,375450,35,1,1,128,1,1,16,0.000,0.000,,,,,NVIDIA A100-SXM4-40GB MIG 4g.20gb (0),1,,13,cupy_copy__complex64_complex64
18541063271,4128,375457,1,1,1,1,1,1,18,0.000,0.000,,,,,NVIDIA A100-SXM4-40GB MIG 4g.20gb (0),1,,13,cupy_copy__float32_float32
18541778079,297757,375468,1,1,1,32,32,1,30,0.000,0.000,,,,,NVIDIA A100-SXM4-40GB MIG 4g.20gb (0),1,,13,"void convert_kernel<__half2, float2>(tensor_layout_any, T1 *, tensor_layout_any, const T2 *)"
18542105851,5760,375471,,,,,,,,,,0.094,16266.656,Pinned,Device,NVIDIA A100-SXM4-40GB MIG 4g.20gb (0),1,,13,[CUDA memcpy Host-to-Device]
18542399896,5344,375472,,,,,,,,,,1.547,289412.016,Device,,NVIDIA A100-SXM4-40GB MIG 4g.20gb (0),1,,13,[CUDA memset]
18542407704,3424,375477,,,,,,,,,,0.031,9140.185,Pinned,Device,NVIDIA A100-SXM4-40GB MIG 4g.20gb (0),1,,13,[CUDA memcpy Host-to-Device]
18542413752,9984,375478,,,,,,,,,,0.197,19692.257,Pinned,Device,NVIDIA A100-SXM4-40GB MIG 4g.20gb (0),1,,13,[CUDA memcpy Host-to-Device]
18542817747,44992,375479,273,1,1,8,4,1,39,0.002,0.000,,,,,NVIDIA A100-SXM4-40GB MIG 4g.20gb (0),1,,13,"void channel_eq::eqMmseCoefCompLowMimoKernel<float, float, float, (unsigned int)4, (unsigned int)1, (unsigned int)4>(const channel_eq::_puschRxChEqStatDescr *, channel_eq::_puschRxChEqCoefCompDynDescr)"
18543314510,12288,375480,273,1,1,12,11,1,51,0.002,0.000,,,,,NVIDIA A100-SXM4-40GB MIG 4g.20gb (0),1,,13,"void channel_eq::eqMmseSoftDemapKernel<float, __half, __half, float, (unsigned int)4, (unsigned short)16383>(channel_eq::_puschRxChEqStatDescr *, channel_eq::_puschRxChEqSoftDemapDynDescr)"
18543845672,746136,375481,1,1,1,32,32,1,30,0.000,0.000,,,,,NVIDIA A100-SXM4-40GB MIG 4g.20gb (0),1,,13,"void convert_kernel<float2, __half2>(tensor_layout_any, T1 *, tensor_layout_any, const T2 *)"
18544751678,14656,375493,2253,1,1,128,1,1,16,0.000,0.000,,,,,NVIDIA A100-SXM4-40GB MIG 4g.20gb (0),1,,13,cupy_copy__float16_float16
18545096090,4704,375502,282,1,1,128,1,1,16,0.000,0.000,,,,,NVIDIA A100-SXM4-40GB MIG 4g.20gb (0),1,,13,cupy_copy__complex64_complex64
18545276152,4896,375511,26,1,1,128,1,1,16,0.000,0.000,,,,,NVIDIA A100-SXM4-40GB MIG 4g.20gb (0),1,,13,cupy_copy__float32_float32
18545426166,3968,375520,103,1,1,128,1,1,16,0.000,0.000,,,,,NVIDIA A100-SXM4-40GB MIG 4g.20gb (0),1,,13,cupy_copy__complex64_complex64
18545605748,18304,375530,1434,1,1,128,1,1,16,0.000,0.000,,,,,NVIDIA A100-SXM4-40GB MIG 4g.20gb (0),1,,13,cupy_copy__complex64_complex64
18545768018,259901,375535,1,1,1,32,32,1,30,0.000,0.000,,,,,NVIDIA A100-SXM4-40GB MIG 4g.20gb (0),1,,13,"void convert_kernel<__half2, float2>(tensor_layout_any, T1 *, tensor_layout_any, const T2 *)"
18546059055,7360,375538,,,,,,,,,,0.094,12730.382,Pinned,Device,NVIDIA A100-SXM4-40GB MIG 4g.20gb (0),1,,13,[CUDA memcpy Host-to-Device]
18546277805,613817,375539,,,,,,,,,,456.561,743738.586,Device,,NVIDIA A100-SXM4-40GB MIG 4g.20gb (0),1,,13,[CUDA memset]
18546897670,50495,375544,,,,,,,,,,1.235,24455.596,Pinned,Device,NVIDIA A100-SXM4-40GB MIG 4g.20gb (0),1,,13,[CUDA memcpy Host-to-Device]
18546952325,11392,375545,,,,,,,,,,0.197,17258.250,Pinned,Device,NVIDIA A100-SXM4-40GB MIG 4g.20gb (0),1,,13,[CUDA memcpy Host-to-Device]
18547281377,16448,375546,69,4,1,48,1,1,76,0.002,0.000,,,,,NVIDIA A100-SXM4-40GB MIG 4g.20gb (0),1,,13,"void ch_est::windowedChEstPreNoDftSOfdmKernel<float, __half, float, (unsigned int)2, (unsigned int)1, (unsigned short)4>(ch_est::puschRxChEstStatDescr_t *, ch_est::puschRxChEstDynDescr_t *)"
18547552926,19680,375547,137,2,1,24,2,1,44,0.001,0.001,,,,,NVIDIA A100-SXM4-40GB MIG 4g.20gb (0),1,,13,"void ch_est::chEstFilterNoDftSOfdmDispatchKernel<float, __half, float, (unsigned int)2>(ch_est::puschRxChEstStatDescr_t *, ch_est::puschRxChEstDynDescr_t *)"
18547760348,17760,375548,137,2,1,24,2,1,44,0.001,0.001,,,,,NVIDIA A100-SXM4-40GB MIG 4g.20gb (0),1,,13,"void ch_est::chEstFilterNoDftSOfdmDispatchKernel<float, __half, float, (unsigned int)2>(ch_est::puschRxChEstStatDescr_t *, ch_est::puschRxChEstDynDescr_t *)"
18547833211,7552,375559,103,1,1,128,1,1,16,0.000,0.000,,,,,NVIDIA A100-SXM4-40GB MIG 4g.20gb (0),1,,13,cupy_copy__complex64_complex64
18548033017,20576,375569,1434,1,1,128,1,1,16,0.000,0.000,,,,,NVIDIA A100-SXM4-40GB MIG 4g.20gb (0),1,,13,cupy_copy__complex64_complex64
18548168536,8767,375576,103,1,1,128,1,1,16,0.000,0.000,,,,,NVIDIA A100-SXM4-40GB MIG 4g.20gb (0),1,,13,cupy_copy__complex64_complex64
18548179927,295325,375583,1,1,1,32,32,1,30,0.000,0.000,,,,,NVIDIA A100-SXM4-40GB MIG 4g.20gb (0),1,,13,"void convert_kernel<__half2, float2>(tensor_layout_any, T1 *, tensor_layout_any, const T2 *)"
18548505812,5728,375586,,,,,,,,,,0.094,16357.541,Pinned,Device,NVIDIA A100-SXM4-40GB MIG 4g.20gb (0),1,,13,[CUDA memcpy Host-to-Device]
18548565779,64127,375587,,,,,,,,,,35.810,558419.892,Device,,NVIDIA A100-SXM4-40GB MIG 4g.20gb (0),1,,13,[CUDA memset]
18548636850,2080,375589,,,,,,,,,,0.000,38.462,Pinned,Device,NVIDIA A100-SXM4-40GB MIG 4g.20gb (0),1,,13,[CUDA memcpy Host-to-Device]
18548641362,10112,375590,,,,,,,,,,0.197,19442.958,Pinned,Device,NVIDIA A100-SXM4-40GB MIG 4g.20gb (0),1,,13,[CUDA memcpy Host-to-Device]
18548836784,33728,375591,273,1,1,48,1,1,40,0.000,0.001,,,,,NVIDIA A100-SXM4-40GB MIG 4g.20gb (0),1,,13,"void pusch_noise_intf_est::noiseIntfEstNoDftSOfdmKernel<float, __half, float, float, (unsigned int)2, (unsigned int)1, (unsigned char)4, (unsigned char)4>(pusch_noise_intf_est::puschRxNoiseIntfEstDynDescr)"
18548898511,4384,375602,35,1,1,128,1,1,16,0.000,0.000,,,,,NVIDIA A100-SXM4-40GB MIG 4g.20gb (0),1,,13,cupy_copy__complex64_complex64
18549191980,4832,375611,1,1,1,1,1,1,18,0.000,0.000,,,,,NVIDIA A100-SXM4-40GB MIG 4g.20gb (0),1,,13,cupy_copy__float32_float32
18549200556,2144,375617,,,,,,,,,,0.000,1.866,Device,Pageable,NVIDIA A100-SXM4-40GB MIG 4g.20gb (0),1,,7,[CUDA memcpy Device-to-Host]
18549485385,19936,375628,1434,1,1,128,1,1,16,0.000,0.000,,,,,NVIDIA A100-SXM4-40GB MIG 4g.20gb (0),1,,13,cupy_copy__complex64_complex64
18549709222,13664,375635,103,1,1,128,1,1,16,0.000,0.000,,,,,NVIDIA A100-SXM4-40GB MIG 4g.20gb (0),1,,13,cupy_copy__complex64_complex64
18549792293,9440,375642,35,1,1,128,1,1,16,0.000,0.000,,,,,NVIDIA A100-SXM4-40GB MIG 4g.20gb (0),1,,13,cupy_copy__complex64_complex64
18549910692,5696,375649,1,1,1,1,1,1,18,0.000,0.000,,,,,NVIDIA A100-SXM4-40GB MIG 4g.20gb (0),1,,13,cupy_copy__float32_float32
18550000227,316701,375660,1,1,1,32,32,1,30,0.000,0.000,,,,,NVIDIA A100-SXM4-40GB MIG 4g.20gb (0),1,,13,"void convert_kernel<__half2, float2>(tensor_layout_any, T1 *, tensor_layout_any, const T2 *)"
18550346591,5664,375663,,,,,,,,,,0.094,16542.310,Pinned,Device,NVIDIA A100-SXM4-40GB MIG 4g.20gb (0),1,,13,[CUDA memcpy Host-to-Device]
18550679611,7136,375664,,,,,,,,,,1.547,216734.608,Device,,NVIDIA A100-SXM4-40GB MIG 4g.20gb (0),1,,13,[CUDA memset]
18550690651,3392,375669,,,,,,,,,,0.031,9226.405,Pinned,Device,NVIDIA A100-SXM4-40GB MIG 4g.20gb (0),1,,13,[CUDA memcpy Host-to-Device]
18550696635,10176,375670,,,,,,,,,,0.197,19320.668,Pinned,Device,NVIDIA A100-SXM4-40GB MIG 4g.20gb (0),1,,13,[CUDA memcpy Host-to-Device]
18551092119,13632,375671,273,1,1,8,4,1,39,0.002,0.000,,,,,NVIDIA A100-SXM4-40GB MIG 4g.20gb (0),1,,13,"void channel_eq::eqMmseCoefCompLowMimoKernel<float, float, float, (unsigned int)4, (unsigned int)1, (unsigned int)4>(const channel_eq::_puschRxChEqStatDescr *, channel_eq::_puschRxChEqCoefCompDynDescr)"
18551501362,13376,375672,273,1,1,12,11,1,51,0.002,0.000,,,,,NVIDIA A100-SXM4-40GB MIG 4g.20gb (0),1,,13,"void channel_eq::eqMmseSoftDemapKernel<float, __half, __half, float, (unsigned int)4, (unsigned short)16383>(channel_eq::_puschRxChEqStatDescr *, channel_eq::_puschRxChEqSoftDemapDynDescr)"
18551703312,640729,375673,1,1,1,32,32,1,30,0.000,0.000,,,,,NVIDIA A100-SXM4-40GB MIG 4g.20gb (0),1,,13,"void convert_kernel<float2, __half2>(tensor_layout_any, T1 *, tensor_layout_any, const T2 *)"
18552430152,14112,375685,2253,1,1,128,1,1,16,0.000,0.000,,,,,NVIDIA A100-SXM4-40GB MIG 4g.20gb (0),1,,13,cupy_copy__float16_float16
18552446632,4320,375694,282,1,1,128,1,1,16,0.000,0.000,,,,,NVIDIA A100-SXM4-40GB MIG 4g.20gb (0),1,,13,cupy_copy__complex64_complex64
18552453352,2304,375703,26,1,1,128,1,1,16,0.000,0.000,,,,,NVIDIA A100-SXM4-40GB MIG 4g.20gb (0),1,,13,cupy_copy__float32_float32
18552633542,7040,375712,103,1,1,128,1,1,16,0.000,0.000,,,,,NVIDIA A100-SXM4-40GB MIG 4g.20gb (0),1,,13,cupy_copy__complex64_complex64
18552687493,18496,375722,1434,1,1,128,1,1,16,0.000,0.000,,,,,NVIDIA A100-SXM4-40GB MIG 4g.20gb (0),1,,13,cupy_copy__complex64_complex64
18552988898,249725,375727,1,1,1,32,32,1,30,0.000,0.000,,,,,NVIDIA A100-SXM4-40GB MIG 4g.20gb (0),1,,13,"void convert_kernel<__half2, float2>(tensor_layout_any, T1 *, tensor_layout_any, const T2 *)"
18553269311,5727,375730,,,,,,,,,,0.094,16360.352,Pinned,Device,NVIDIA A100-SXM4-40GB MIG 4g.20gb (0),1,,13,[CUDA memcpy Host-to-Device]
18553318366,610777,375731,,,,,,,,,,456.561,747391.077,Device,,NVIDIA A100-SXM4-40GB MIG 4g.20gb (0),1,,13,[CUDA memset]
18553938551,52863,375736,,,,,,,,,,1.235,23360.201,Pinned,Device,NVIDIA A100-SXM4-40GB MIG 4g.20gb (0),1,,13,[CUDA memcpy Host-to-Device]
18553994422,10304,375737,,,,,,,,,,0.197,19080.610,Pinned,Device,NVIDIA A100-SXM4-40GB MIG 4g.20gb (0),1,,13,[CUDA memcpy Host-to-Device]
18554121205,15840,375738,69,4,1,48,1,1,76,0.002,0.000,,,,,NVIDIA A100-SXM4-40GB MIG 4g.20gb (0),1,,13,"void ch_est::windowedChEstPreNoDftSOfdmKernel<float, __half, float, (unsigned int)2, (unsigned int)1, (unsigned short)4>(ch_est::puschRxChEstStatDescr_t *, ch_est::puschRxChEstDynDescr_t *)"
18554234068,11616,375739,137,2,1,24,2,1,44,0.001,0.001,,,,,NVIDIA A100-SXM4-40GB MIG 4g.20gb (0),1,,13,"void ch_est::chEstFilterNoDftSOfdmDispatchKernel<float, __half, float, (unsigned int)2>(ch_est::puschRxChEstStatDescr_t *, ch_est::puschRxChEstDynDescr_t *)"
18554331763,14239,375740,137,2,1,24,2,1,44,0.001,0.001,,,,,NVIDIA A100-SXM4-40GB MIG 4g.20gb (0),1,,13,"void ch_est::chEstFilterNoDftSOfdmDispatchKernel<float, __half, float, (unsigned int)2>(ch_est::puschRxChEstStatDescr_t *, ch_est::puschRxChEstDynDescr_t *)"
18554426738,7616,375751,103,1,1,128,1,1,16,0.000,0.000,,,,,NVIDIA A100-SXM4-40GB MIG 4g.20gb (0),1,,13,cupy_copy__complex64_complex64
18554523569,20895,375761,1434,1,1,128,1,1,16,0.000,0.000,,,,,NVIDIA A100-SXM4-40GB MIG 4g.20gb (0),1,,13,cupy_copy__complex64_complex64
18554626351,7616,375768,103,1,1,128,1,1,16,0.000,0.000,,,,,NVIDIA A100-SXM4-40GB MIG 4g.20gb (0),1,,13,cupy_copy__complex64_complex64
18554723470,312829,375775,1,1,1,32,32,1,30,0.000,0.000,,,,,NVIDIA A100-SXM4-40GB MIG 4g.20gb (0),1,,13,"void convert_kernel<__half2, float2>(tensor_layout_any, T1 *, tensor_layout_any, const T2 *)"
18555065002,5792,375778,,,,,,,,,,0.094,16176.708,Pinned,Device,NVIDIA A100-SXM4-40GB MIG 4g.20gb (0),1,,13,[CUDA memcpy Host-to-Device]
18555195721,53439,375779,,,,,,,,,,35.810,670075.223,Device,,NVIDIA A100-SXM4-40GB MIG 4g.20gb (0),1,,13,[CUDA memset]
18555256008,1984,375781,,,,,,,,,,0.000,40.323,Pinned,Device,NVIDIA A100-SXM4-40GB MIG 4g.20gb (0),1,,13,[CUDA memcpy Host-to-Device]
18555260872,9632,375782,,,,,,,,,,0.197,20411.843,Pinned,Device,NVIDIA A100-SXM4-40GB MIG 4g.20gb (0),1,,13,[CUDA memcpy Host-to-Device]
18555437414,34752,375783,273,1,1,48,1,1,40,0.000,0.001,,,,,NVIDIA A100-SXM4-40GB MIG 4g.20gb (0),1,,13,"void pusch_noise_intf_est::noiseIntfEstNoDftSOfdmKernel<float, __half, float, float, (unsigned int)2, (unsigned int)1, (unsigned char)4, (unsigned char)4>(pusch_noise_intf_est::puschRxNoiseIntfEstDynDescr)"
18555695555,8832,375794,35,1,1,128,1,1,16,0.000,0.000,,,,,NVIDIA A100-SXM4-40GB MIG 4g.20gb (0),1,,13,cupy_copy__complex64_complex64
18555954785,3199,375803,1,1,1,1,1,1,18,0.000,0.000,,,,,NVIDIA A100-SXM4-40GB MIG 4g.20gb (0),1,,13,cupy_copy__float32_float32
18555962048,1760,375809,,,,,,,,,,0.000,2.273,Device,Pageable,NVIDIA A100-SXM4-40GB MIG 4g.20gb (0),1,,7,[CUDA memcpy Device-to-Host]
18556296189,19935,375820,1434,1,1,128,1,1,16,0.000,0.000,,,,,NVIDIA A100-SXM4-40GB MIG 4g.20gb (0),1,,13,cupy_copy__complex64_complex64
18556359036,5120,375827,103,1,1,128,1,1,16,0.000,0.000,,,,,NVIDIA A100-SXM4-40GB MIG 4g.20gb (0),1,,13,cupy_copy__complex64_complex64
18556366076,3392,375834,35,1,1,128,1,1,16,0.000,0.000,,,,,NVIDIA A100-SXM4-40GB MIG 4g.20gb (0),1,,13,cupy_copy__complex64_complex64
18556370748,2080,375841,1,1,1,1,1,1,18,0.000,0.000,,,,,NVIDIA A100-SXM4-40GB MIG 4g.20gb (0),1,,13,cupy_copy__float32_float32
18556374236,221245,375852,1,1,1,32,32,1,30,0.000,0.000,,,,,NVIDIA A100-SXM4-40GB MIG 4g.20gb (0),1,,13,"void convert_kernel<__half2, float2>(tensor_layout_any, T1 *, tensor_layout_any, const T2 *)"
18556629593,8384,375855,,,,,,,,,,0.094,11175.497,Pinned,Device,NVIDIA A100-SXM4-40GB MIG 4g.20gb (0),1,,13,[CUDA memcpy Host-to-Device]
18556970933,15584,375856,,,,,,,,,,1.547,99243.769,Device,,NVIDIA A100-SXM4-40GB MIG 4g.20gb (0),1,,13,[CUDA memset]
18556988949,4064,375861,,,,,,,,,,0.031,7700.756,Pinned,Device,NVIDIA A100-SXM4-40GB MIG 4g.20gb (0),1,,13,[CUDA memcpy Host-to-Device]
18556995957,13504,375862,,,,,,,,,,0.197,14559.216,Pinned,Device,NVIDIA A100-SXM4-40GB MIG 4g.20gb (0),1,,13,[CUDA memcpy Host-to-Device]
18557306321,19648,375863,273,1,1,8,4,1,39,0.002,0.000,,,,,NVIDIA A100-SXM4-40GB MIG 4g.20gb (0),1,,13,"void channel_eq::eqMmseCoefCompLowMimoKernel<float, float, float, (unsigned int)4, (unsigned int)1, (unsigned int)4>(const channel_eq::_puschRxChEqStatDescr *, channel_eq::_puschRxChEqCoefCompDynDescr)"
18557782572,32928,375864,273,1,1,12,11,1,51,0.002,0.000,,,,,NVIDIA A100-SXM4-40GB MIG 4g.20gb (0),1,,13,"void channel_eq::eqMmseSoftDemapKernel<float, __half, __half, float, (unsigned int)4, (unsigned short)16383>(channel_eq::_puschRxChEqStatDescr *, channel_eq::_puschRxChEqSoftDemapDynDescr)"
18558275431,756247,375865,1,1,1,32,32,1,30,0.000,0.000,,,,,NVIDIA A100-SXM4-40GB MIG 4g.20gb (0),1,,13,"void convert_kernel<float2, __half2>(tensor_layout_any, T1 *, tensor_layout_any, const T2 *)"
18559555480,32320,375877,2253,1,1,128,1,1,16,0.000,0.000,,,,,NVIDIA A100-SXM4-40GB MIG 4g.20gb (0),1,,13,cupy_copy__float16_float16
18560180465,14592,375886,282,1,1,128,1,1,16,0.000,0.000,,,,,NVIDIA A100-SXM4-40GB MIG 4g.20gb (0),1,,13,cupy_copy__complex64_complex64
18560719435,4576,375895,26,1,1,128,1,1,16,0.000,0.000,,,,,NVIDIA A100-SXM4-40GB MIG 4g.20gb (0),1,,13,cupy_copy__float32_float32
18560931337,19424,375904,103,1,1,128,1,1,16,0.000,0.000,,,,,NVIDIA A100-SXM4-40GB MIG 4g.20gb (0),1,,13,cupy_copy__complex64_complex64
18561146886,35264,375914,1434,1,1,128,1,1,16,0.000,0.000,,,,,NVIDIA A100-SXM4-40GB MIG 4g.20gb (0),1,,13,cupy_copy__complex64_complex64
18561504450,308349,375919,1,1,1,32,32,1,30,0.000,0.000,,,,,NVIDIA A100-SXM4-40GB MIG 4g.20gb (0),1,,13,"void convert_kernel<__half2, float2>(tensor_layout_any, T1 *, tensor_layout_any, const T2 *)"
18561843327,6272,375922,,,,,,,,,,0.094,14938.703,Pinned,Device,NVIDIA A100-SXM4-40GB MIG 4g.20gb (0),1,,13,[CUDA memcpy Host-to-Device]
18561997981,615289,375923,,,,,,,,,,456.561,741912.340,Device,,NVIDIA A100-SXM4-40GB MIG 4g.20gb (0),1,,13,[CUDA memset]
18562620054,50303,375928,,,,,,,,,,1.235,24549.452,Pinned,Device,NVIDIA A100-SXM4-40GB MIG 4g.20gb (0),1,,13,[CUDA memcpy Host-to-Device]
18562673077,9856,375929,,,,,,,,,,0.197,19948.044,Pinned,Device,NVIDIA A100-SXM4-40GB MIG 4g.20gb (0),1,,13,[CUDA memcpy Host-to-Device]
18562776500,12352,375930,69,4,1,48,1,1,76,0.002,0.000,,,,,NVIDIA A100-SXM4-40GB MIG 4g.20gb (0),1,,13,"void ch_est::windowedChEstPreNoDftSOfdmKernel<float, __half, float, (unsigned int)2, (unsigned int)1, (unsigned short)4>(ch_est::puschRxChEstStatDescr_t *, ch_est::puschRxChEstDynDescr_t *)"
18563041521,19680,375931,137,2,1,24,2,1,44,0.001,0.001,,,,,NVIDIA A100-SXM4-40GB MIG 4g.20gb (0),1,,13,"void ch_est::chEstFilterNoDftSOfdmDispatchKernel<float, __half, float, (unsigned int)2>(ch_est::puschRxChEstStatDescr_t *, ch_est::puschRxChEstDynDescr_t *)"
18563064081,6336,375932,137,2,1,24,2,1,44,0.001,0.001,,,,,NVIDIA A100-SXM4-40GB MIG 4g.20gb (0),1,,13,"void ch_est::chEstFilterNoDftSOfdmDispatchKernel<float, __half, float, (unsigned int)2>(ch_est::puschRxChEstStatDescr_t *, ch_est::puschRxChEstDynDescr_t *)"
18563326190,6112,375943,103,1,1,128,1,1,16,0.000,0.000,,,,,NVIDIA A100-SXM4-40GB MIG 4g.20gb (0),1,,13,cupy_copy__complex64_complex64
18563378894,19039,375953,1434,1,1,128,1,1,16,0.000,0.000,,,,,NVIDIA A100-SXM4-40GB MIG 4g.20gb (0),1,,13,cupy_copy__complex64_complex64
18563594155,3776,375960,103,1,1,128,1,1,16,0.000,0.000,,,,,NVIDIA A100-SXM4-40GB MIG 4g.20gb (0),1,,13,cupy_copy__complex64_complex64
18564059558,252157,375967,1,1,1,32,32,1,30,0.000,0.000,,,,,NVIDIA A100-SXM4-40GB MIG 4g.20gb (0),1,,13,"void convert_kernel<__half2, float2>(tensor_layout_any, T1 *, tensor_layout_any, const T2 *)"
18564341923,6912,375970,,,,,,,,,,0.094,13555.469,Pinned,Device,NVIDIA A100-SXM4-40GB MIG 4g.20gb (0),1,,13,[CUDA memcpy Host-to-Device]
18564785310,49279,375971,,,,,,,,,,35.810,726654.897,Device,,NVIDIA A100-SXM4-40GB MIG 4g.20gb (0),1,,13,[CUDA memset]
18564835997,2144,375973,,,,,,,,,,0.000,37.313,Pinned,Device,NVIDIA A100-SXM4-40GB MIG 4g.20gb (0),1,,13,[CUDA memcpy Host-to-Device]
18564842173,10592,375974,,,,,,,,,,0.197,18561.761,Pinned,Device,NVIDIA A100-SXM4-40GB MIG 4g.20gb (0),1,,13,[CUDA memcpy Host-to-Device]
18565297560,23552,375975,273,1,1,48,1,1,40,0.000,0.001,,,,,NVIDIA A100-SXM4-40GB MIG 4g.20gb (0),1,,13,"void pusch_noise_intf_est::noiseIntfEstNoDftSOfdmKernel<float, __half, float, float, (unsigned int)2, (unsigned int)1, (unsigned char)4, (unsigned char)4>(pusch_noise_intf_est::puschRxNoiseIntfEstDynDescr)"
18565512438,4288,375986,35,1,1,128,1,1,16,0.000,0.000,,,,,NVIDIA A100-SXM4-40GB MIG 4g.20gb (0),1,,13,cupy_copy__complex64_complex64
18565824946,5056,375995,1,1,1,1,1,1,18,0.000,0.000,,,,,NVIDIA A100-SXM4-40GB MIG 4g.20gb (0),1,,13,cupy_copy__float32_float32
18565833394,1568,376001,,,,,,,,,,0.000,2.551,Device,Pageable,NVIDIA A100-SXM4-40GB MIG 4g.20gb (0),1,,7,[CUDA memcpy Device-to-Host]
18566417388,23103,376012,1434,1,1,128,1,1,16,0.000,0.000,,,,,NVIDIA A100-SXM4-40GB MIG 4g.20gb (0),1,,13,cupy_copy__complex64_complex64
18567080740,6336,376019,103,1,1,128,1,1,16,0.000,0.000,,,,,NVIDIA A100-SXM4-40GB MIG 4g.20gb (0),1,,13,cupy_copy__complex64_complex64
18567565375,7072,376026,35,1,1,128,1,1,16,0.000,0.000,,,,,NVIDIA A100-SXM4-40GB MIG 4g.20gb (0),1,,13,cupy_copy__complex64_complex64
18567894235,3552,376033,1,1,1,1,1,1,18,0.000,0.000,,,,,NVIDIA A100-SXM4-40GB MIG 4g.20gb (0),1,,13,cupy_copy__float32_float32
18568360182,287421,376044,1,1,1,32,32,1,30,0.000,0.000,,,,,NVIDIA A100-SXM4-40GB MIG 4g.20gb (0),1,,13,"void convert_kernel<__half2, float2>(tensor_layout_any, T1 *, tensor_layout_any, const T2 *)"
18568678162,5664,376047,,,,,,,,,,0.094,16542.310,Pinned,Device,NVIDIA A100-SXM4-40GB MIG 4g.20gb (0),1,,13,[CUDA memcpy Host-to-Device]
18568726322,4224,376048,,,,,,,,,,1.547,366150.859,Device,,NVIDIA A100-SXM4-40GB MIG 4g.20gb (0),1,,13,[CUDA memset]
18568736850,3232,376053,,,,,,,,,,0.031,9683.139,Pinned,Device,NVIDIA A100-SXM4-40GB MIG 4g.20gb (0),1,,13,[CUDA memcpy Host-to-Device]
18568743410,9951,376054,,,,,,,,,,0.197,19757.531,Pinned,Device,NVIDIA A100-SXM4-40GB MIG 4g.20gb (0),1,,13,[CUDA memcpy Host-to-Device]
18568982959,16384,376055,273,1,1,8,4,1,39,0.002,0.000,,,,,NVIDIA A100-SXM4-40GB MIG 4g.20gb (0),1,,13,"void channel_eq::eqMmseCoefCompLowMimoKernel<float, float, float, (unsigned int)4, (unsigned int)1, (unsigned int)4>(const channel_eq::_puschRxChEqStatDescr *, channel_eq::_puschRxChEqCoefCompDynDescr)"
18569235532,14944,376056,273,1,1,12,11,1,51,0.002,0.000,,,,,NVIDIA A100-SXM4-40GB MIG 4g.20gb (0),1,,13,"void channel_eq::eqMmseSoftDemapKernel<float, __half, __half, float, (unsigned int)4, (unsigned short)16383>(channel_eq::_puschRxChEqStatDescr *, channel_eq::_puschRxChEqSoftDemapDynDescr)"
18569359115,660696,376057,1,1,1,32,32,1,30,0.000,0.000,,,,,NVIDIA A100-SXM4-40GB MIG 4g.20gb (0),1,,13,"void convert_kernel<float2, __half2>(tensor_layout_any, T1 *, tensor_layout_any, const T2 *)"
18570448606,17920,376069,2253,1,1,128,1,1,16,0.000,0.000,,,,,NVIDIA A100-SXM4-40GB MIG 4g.20gb (0),1,,13,cupy_copy__float16_float16
18571033720,5472,376078,282,1,1,128,1,1,16,0.000,0.000,,,,,NVIDIA A100-SXM4-40GB MIG 4g.20gb (0),1,,13,cupy_copy__complex64_complex64
18571466323,15168,376087,26,1,1,128,1,1,16,0.000,0.000,,,,,NVIDIA A100-SXM4-40GB MIG 4g.20gb (0),1,,13,cupy_copy__float32_float32
18571923854,7200,376096,103,1,1,128,1,1,16,0.000,0.000,,,,,NVIDIA A100-SXM4-40GB MIG 4g.20gb (0),1,,13,cupy_copy__complex64_complex64
18572175659,19456,376106,1434,1,1,128,1,1,16,0.000,0.000,,,,,NVIDIA A100-SXM4-40GB MIG 4g.20gb (0),1,,13,cupy_copy__complex64_complex64
18572604038,317085,376111,1,1,1,32,32,1,30,0.000,0.000,,,,,NVIDIA A100-SXM4-40GB MIG 4g.20gb (0),1,,13,"void convert_kernel<__half2, float2>(tensor_layout_any, T1 *, tensor_layout_any, const T2 *)"
18572952482,5824,376114,,,,,,,,,,0.094,16087.884,Pinned,Device,NVIDIA A100-SXM4-40GB MIG 4g.20gb (0),1,,13,[CUDA memcpy Host-to-Device]
18573353790,603609,376115,,,,,,,,,,456.561,756065.745,Device,,NVIDIA A100-SXM4-40GB MIG 4g.20gb (0),1,,13,[CUDA memset]
18573963319,52224,376120,,,,,,,,,,1.235,23646.708,Pinned,Device,NVIDIA A100-SXM4-40GB MIG 4g.20gb (0),1,,13,[CUDA memcpy Host-to-Device]
18574018551,10815,376121,,,,,,,,,,0.197,18179.162,Pinned,Device,NVIDIA A100-SXM4-40GB MIG 4g.20gb (0),1,,13,[CUDA memcpy Host-to-Device]
18574442898,15072,376122,69,4,1,48,1,1,76,0.002,0.000,,,,,NVIDIA A100-SXM4-40GB MIG 4g.20gb (0),1,,13,"void ch_est::windowedChEstPreNoDftSOfdmKernel<float, __half, float, (unsigned int)2, (unsigned int)1, (unsigned short)4>(ch_est::puschRxChEstStatDescr_t *, ch_est::puschRxChEstDynDescr_t *)"
18574656591,20320,376123,137,2,1,24,2,1,44,0.001,0.001,,,,,NVIDIA A100-SXM4-40GB MIG 4g.20gb (0),1,,13,"void ch_est::chEstFilterNoDftSOfdmDispatchKernel<float, __half, float, (unsigned int)2>(ch_est::puschRxChEstStatDescr_t *, ch_est::puschRxChEstDynDescr_t *)"
18575118762,11360,376124,137,2,1,24,2,1,44,0.001,0.001,,,,,NVIDIA A100-SXM4-40GB MIG 4g.20gb (0),1,,13,"void ch_est::chEstFilterNoDftSOfdmDispatchKernel<float, __half, float, (unsigned int)2>(ch_est::puschRxChEstStatDescr_t *, ch_est::puschRxChEstDynDescr_t *)"
18575523334,5248,376135,103,1,1,128,1,1,16,0.000,0.000,,,,,NVIDIA A100-SXM4-40GB MIG 4g.20gb (0),1,,13,cupy_copy__complex64_complex64
18575714692,25023,376145,1434,1,1,128,1,1,16,0.000,0.000,,,,,NVIDIA A100-SXM4-40GB MIG 4g.20gb (0),1,,13,cupy_copy__complex64_complex64
18575742659,5536,376152,103,1,1,128,1,1,16,0.000,0.000,,,,,NVIDIA A100-SXM4-40GB MIG 4g.20gb (0),1,,13,cupy_copy__complex64_complex64
18575809571,374587,376159,1,1,1,32,32,1,30,0.000,0.000,,,,,NVIDIA A100-SXM4-40GB MIG 4g.20gb (0),1,,13,"void convert_kernel<__half2, float2>(tensor_layout_any, T1 *, tensor_layout_any, const T2 *)"
18576216126,5376,376162,,,,,,,,,,0.094,17428.487,Pinned,Device,NVIDIA A100-SXM4-40GB MIG 4g.20gb (0),1,,13,[CUDA memcpy Host-to-Device]
18576240158,59231,376163,,,,,,,,,,35.810,604578.879,Device,,NVIDIA A100-SXM4-40GB MIG 4g.20gb (0),1,,13,[CUDA memset]
18576304477,1824,376165,,,,,,,,,,0.000,43.860,Pinned,Device,NVIDIA A100-SXM4-40GB MIG 4g.20gb (0),1,,13,[CUDA memcpy Host-to-Device]
18576309373,9536,376166,,,,,,,,,,0.197,20617.298,Pinned,Device,NVIDIA A100-SXM4-40GB MIG 4g.20gb (0),1,,13,[CUDA memcpy Host-to-Device]
18576360860,18048,376167,273,1,1,48,1,1,40,0.000,0.001,,,,,NVIDIA A100-SXM4-40GB MIG 4g.20gb (0),1,,13,"void pusch_noise_intf_est::noiseIntfEstNoDftSOfdmKernel<float, __half, float, float, (unsigned int)2, (unsigned int)1, (unsigned char)4, (unsigned char)4>(pusch_noise_intf_est::puschRxNoiseIntfEstDynDescr)"
18576382012,5440,376178,35,1,1,128,1,1,16,0.000,0.000,,,,,NVIDIA A100-SXM4-40GB MIG 4g.20gb (0),1,,13,cupy_copy__complex64_complex64
18576389468,1888,376187,1,1,1,1,1,1,18,0.000,0.000,,,,,NVIDIA A100-SXM4-40GB MIG 4g.20gb (0),1,,13,cupy_copy__float32_float32
18576400476,1568,376193,,,,,,,,,,0.000,2.551,Device,Pageable,NVIDIA A100-SXM4-40GB MIG 4g.20gb (0),1,,7,[CUDA memcpy Device-to-Host]
18576488763,12768,376204,1434,1,1,128,1,1,16,0.000,0.000,,,,,NVIDIA A100-SXM4-40GB MIG 4g.20gb (0),1,,13,cupy_copy__complex64_complex64
18576558362,7968,376211,103,1,1,128,1,1,16,0.000,0.000,,,,,NVIDIA A100-SXM4-40GB MIG 4g.20gb (0),1,,13,cupy_copy__complex64_complex64
18576569722,4128,376218,35,1,1,128,1,1,16,0.000,0.000,,,,,NVIDIA A100-SXM4-40GB MIG 4g.20gb (0),1,,13,cupy_copy__complex64_complex64
18576646105,4672,376225,1,1,1,1,1,1,18,0.000,0.000,,,,,NVIDIA A100-SXM4-40GB MIG 4g.20gb (0),1,,13,cupy_copy__float32_float32
18576746712,386684,376236,1,1,1,32,32,1,30,0.000,0.000,,,,,NVIDIA A100-SXM4-40GB MIG 4g.20gb (0),1,,13,"void convert_kernel<__half2, float2>(tensor_layout_any, T1 *, tensor_layout_any, const T2 *)"
18577163027,5824,376239,,,,,,,,,,0.094,16087.884,Pinned,Device,NVIDIA A100-SXM4-40GB MIG 4g.20gb (0),1,,13,[CUDA memcpy Host-to-Device]
18577452336,5440,376240,,,,,,,,,,1.547,284305.064,Device,,NVIDIA A100-SXM4-40GB MIG 4g.20gb (0),1,,13,[CUDA memset]
18577464464,3200,376245,,,,,,,,,,0.031,9780.000,Pinned,Device,NVIDIA A100-SXM4-40GB MIG 4g.20gb (0),1,,13,[CUDA memcpy Host-to-Device]
18577470160,9728,376246,,,,,,,,,,0.197,20210.516,Pinned,Device,NVIDIA A100-SXM4-40GB MIG 4g.20gb (0),1,,13,[CUDA memcpy Host-to-Device]
18577952651,19711,376247,273,1,1,8,4,1,39,0.002,0.000,,,,,NVIDIA A100-SXM4-40GB MIG 4g.20gb (0),1,,13,"void channel_eq::eqMmseCoefCompLowMimoKernel<float, float, float, (unsigned int)4, (unsigned int)1, (unsigned int)4>(const channel_eq::_puschRxChEqStatDescr *, channel_eq::_puschRxChEqCoefCompDynDescr)"
18578372294,11456,376248,273,1,1,12,11,1,51,0.002,0.000,,,,,NVIDIA A100-SXM4-40GB MIG 4g.20gb (0),1,,13,"void channel_eq::eqMmseSoftDemapKernel<float, __half, __half, float, (unsigned int)4, (unsigned short)16383>(channel_eq::_puschRxChEqStatDescr *, channel_eq::_puschRxChEqSoftDemapDynDescr)"
18578769153,722680,376249,1,1,1,32,32,1,30,0.000,0.000,,,,,NVIDIA A100-SXM4-40GB MIG 4g.20gb (0),1,,13,"void convert_kernel<float2, __half2>(tensor_layout_any, T1 *, tensor_layout_any, const T2 *)"
18579999700,15200,376261,2253,1,1,128,1,1,16,0.000,0.000,,,,,NVIDIA A100-SXM4-40GB MIG 4g.20gb (0),1,,13,cupy_copy__float16_float16
18580469902,5568,376270,282,1,1,128,1,1,16,0.000,0.000,,,,,NVIDIA A100-SXM4-40GB MIG 4g.20gb (0),1,,13,cupy_copy__complex64_complex64
18580728620,4576,376279,26,1,1,128,1,1,16,0.000,0.000,,,,,NVIDIA A100-SXM4-40GB MIG 4g.20gb (0),1,,13,cupy_copy__float32_float32
18581121287,7296,376288,103,1,1,128,1,1,16,0.000,0.000,,,,,NVIDIA A100-SXM4-40GB MIG 4g.20gb (0),1,,13,cupy_copy__complex64_complex64
18581584226,15808,376298,1434,1,1,128,1,1,16,0.000,0.000,,,,,NVIDIA A100-SXM4-40GB MIG 4g.20gb (0),1,,13,cupy_copy__complex64_complex64
18581907486,292861,376303,1,1,1,32,32,1,30,0.000,0.000,,,,,NVIDIA A100-SXM4-40GB MIG 4g.20gb (0),1,,13,"void convert_kernel<__half2, float2>(tensor_layout_any, T1 *, tensor_layout_any, const T2 *)"
18582229787,5696,376306,,,,,,,,,,0.094,16449.363,Pinned,Device,NVIDIA A100-SXM4-40GB MIG 4g.20gb (0),1,,13,[CUDA memcpy Host-to-Device]
18582653910,604825,376307,,,,,,,,,,456.561,754696.060,Device,,NVIDIA A100-SXM4-40GB MIG 4g.20gb (0),1,,13,[CUDA memset]
18583260975,49824,376312,,,,,,,,,,1.235,24785.326,Pinned,Device,NVIDIA A100-SXM4-40GB MIG 4g.20gb (0),1,,13,[CUDA memcpy Host-to-Device]
18583313615,9664,376313,,,,,,,,,,0.197,20344.209,Pinned,Device,NVIDIA A100-SXM4-40GB MIG 4g.20gb (0),1,,13,[CUDA memcpy Host-to-Device]
18583687051,10687,376314,69,4,1,48,1,1,76,0.002,0.000,,,,,NVIDIA A100-SXM4-40GB MIG 4g.20gb (0),1,,13,"void ch_est::windowedChEstPreNoDftSOfdmKernel<float, __half, float, (unsigned int)2, (unsigned int)1, (unsigned short)4>(ch_est::puschRxChEstStatDescr_t *, ch_est::puschRxChEstDynDescr_t *)"
18583699978,8352,376315,137,2,1,24,2,1,44,0.001,0.001,,,,,NVIDIA A100-SXM4-40GB MIG 4g.20gb (0),1,,13,"void ch_est::chEstFilterNoDftSOfdmDispatchKernel<float, __half, float, (unsigned int)2>(ch_est::puschRxChEstStatDescr_t *, ch_est::puschRxChEstDynDescr_t *)"
18583859561,8031,376316,137,2,1,24,2,1,44,0.001,0.001,,,,,NVIDIA A100-SXM4-40GB MIG 4g.20gb (0),1,,13,"void ch_est::chEstFilterNoDftSOfdmDispatchKernel<float, __half, float, (unsigned int)2>(ch_est::puschRxChEstStatDescr_t *, ch_est::puschRxChEstDynDescr_t *)"
18583870952,3104,376327,103,1,1,128,1,1,16,0.000,0.000,,,,,NVIDIA A100-SXM4-40GB MIG 4g.20gb (0),1,,13,cupy_copy__complex64_complex64
18584032423,15039,376337,1434,1,1,128,1,1,16,0.000,0.000,,,,,NVIDIA A100-SXM4-40GB MIG 4g.20gb (0),1,,13,cupy_copy__complex64_complex64
18584049254,4416,376344,103,1,1,128,1,1,16,0.000,0.000,,,,,NVIDIA A100-SXM4-40GB MIG 4g.20gb (0),1,,13,cupy_copy__complex64_complex64
18584055238,80095,376351,1,1,1,32,32,1,30,0.000,0.000,,,,,NVIDIA A100-SXM4-40GB MIG 4g.20gb (0),1,,13,"void convert_kernel<__half2, float2>(tensor_layout_any, T1 *, tensor_layout_any, const T2 *)"
18584169285,5344,376354,,,,,,,,,,0.094,17532.864,Pinned,Device,NVIDIA A100-SXM4-40GB MIG 4g.20gb (0),1,,13,[CUDA memcpy Host-to-Device]
18584184261,46175,376355,,,,,,,,,,35.810,775499.628,Device,,NVIDIA A100-SXM4-40GB MIG 4g.20gb (0),1,,13,[CUDA memset]
18584234020,1952,376357,,,,,,,,,,0.000,40.984,Pinned,Device,NVIDIA A100-SXM4-40GB MIG 4g.20gb (0),1,,13,[CUDA memcpy Host-to-Device]
18584238980,10080,376358,,,,,,,,,,0.197,19504.693,Pinned,Device,NVIDIA A100-SXM4-40GB MIG 4g.20gb (0),1,,13,[CUDA memcpy Host-to-Device]
18584253604,8480,376359,273,1,1,48,1,1,40,0.000,0.001,,,,,NVIDIA A100-SXM4-40GB MIG 4g.20gb (0),1,,13,"void pusch_noise_intf_est::noiseIntfEstNoDftSOfdmKernel<float, __half, float, float, (unsigned int)2, (unsigned int)1, (unsigned char)4, (unsigned char)4>(pusch_noise_intf_est::puschRxNoiseIntfEstDynDescr)"
18584294756,2912,376370,35,1,1,128,1,1,16,0.000,0.000,,,,,NVIDIA A100-SXM4-40GB MIG 4g.20gb (0),1,,13,cupy_copy__complex64_complex64
18584329955,1920,376379,1,1,1,1,1,1,18,0.000,0.000,,,,,NVIDIA A100-SXM4-40GB MIG 4g.20gb (0),1,,13,cupy_copy__float32_float32
18584365571,1760,376385,,,,,,,,,,0.000,2.273,Device,Pageable,NVIDIA A100-SXM4-40GB MIG 4g.20gb (0),1,,7,[CUDA memcpy Device-to-Host]
18584426082,13120,376396,1434,1,1,128,1,1,16,0.000,0.000,,,,,NVIDIA A100-SXM4-40GB MIG 4g.20gb (0),1,,13,cupy_copy__complex64_complex64
18584452386,2752,376403,103,1,1,128,1,1,16,0.000,0.000,,,,,NVIDIA A100-SXM4-40GB MIG 4g.20gb (0),1,,13,cupy_copy__complex64_complex64
18584472386,2208,376410,35,1,1,128,1,1,16,0.000,0.000,,,,,NVIDIA A100-SXM4-40GB MIG 4g.20gb (0),1,,13,cupy_copy__complex64_complex64
18584490178,1888,376417,1,1,1,1,1,1,18,0.000,0.000,,,,,NVIDIA A100-SXM4-40GB MIG 4g.20gb (0),1,,13,cupy_copy__float32_float32
18584668064,251837,376428,1,1,1,32,32,1,30,0.000,0.000,,,,,NVIDIA A100-SXM4-40GB MIG 4g.20gb (0),1,,13,"void convert_kernel<__half2, float2>(tensor_layout_any, T1 *, tensor_layout_any, const T2 *)"
18584949404,5792,376431,,,,,,,,,,0.094,16176.708,Pinned,Device,NVIDIA A100-SXM4-40GB MIG 4g.20gb (0),1,,13,[CUDA memcpy Host-to-Device]
18584976540,6400,376432,,,,,,,,,,1.547,241660.000,Device,,NVIDIA A100-SXM4-40GB MIG 4g.20gb (0),1,,13,[CUDA memset]
18584989916,4448,376437,,,,,,,,,,0.031,7035.967,Pinned,Device,NVIDIA A100-SXM4-40GB MIG 4g.20gb (0),1,,13,[CUDA memcpy Host-to-Device]
18584997116,9888,376438,,,,,,,,,,0.197,19883.360,Pinned,Device,NVIDIA A100-SXM4-40GB MIG 4g.20gb (0),1,,13,[CUDA memcpy Host-to-Device]
18585102299,10560,376439,273,1,1,8,4,1,39,0.002,0.000,,,,,NVIDIA A100-SXM4-40GB MIG 4g.20gb (0),1,,13,"void channel_eq::eqMmseCoefCompLowMimoKernel<float, float, float, (unsigned int)4, (unsigned int)1, (unsigned int)4>(const channel_eq::_puschRxChEqStatDescr *, channel_eq::_puschRxChEqCoefCompDynDescr)"
18585222713,10176,376440,273,1,1,12,11,1,51,0.002,0.000,,,,,NVIDIA A100-SXM4-40GB MIG 4g.20gb (0),1,,13,"void channel_eq::eqMmseSoftDemapKernel<float, __half, __half, float, (unsigned int)4, (unsigned short)16383>(channel_eq::_puschRxChEqStatDescr *, channel_eq::_puschRxChEqSoftDemapDynDescr)"
18585234585,586106,376441,1,1,1,32,32,1,30,0.000,0.000,,,,,NVIDIA A100-SXM4-40GB MIG 4g.20gb (0),1,,13,"void convert_kernel<float2, __half2>(tensor_layout_any, T1 *, tensor_layout_any, const T2 *)"
18585839698,13760,376453,2253,1,1,128,1,1,16,0.000,0.000,,,,,NVIDIA A100-SXM4-40GB MIG 4g.20gb (0),1,,13,cupy_copy__float16_float16
18585904626,5696,376462,282,1,1,128,1,1,16,0.000,0.000,,,,,NVIDIA A100-SXM4-40GB MIG 4g.20gb (0),1,,13,cupy_copy__complex64_complex64
18585912178,3168,376471,26,1,1,128,1,1,16,0.000,0.000,,,,,NVIDIA A100-SXM4-40GB MIG 4g.20gb (0),1,,13,cupy_copy__float32_float32
18585917298,3360,376480,103,1,1,128,1,1,16,0.000,0.000,,,,,NVIDIA A100-SXM4-40GB MIG 4g.20gb (0),1,,13,cupy_copy__complex64_complex64
18585923122,13919,376490,1434,1,1,128,1,1,16,0.000,0.000,,,,,NVIDIA A100-SXM4-40GB MIG 4g.20gb (0),1,,13,cupy_copy__complex64_complex64
18586251694,288893,376495,1,1,1,32,32,1,30,0.000,0.000,,,,,NVIDIA A100-SXM4-40GB MIG 4g.20gb (0),1,,13,"void convert_kernel<__half2, float2>(tensor_layout_any, T1 *, tensor_layout_any, const T2 *)"
18586570986,5504,376498,,,,,,,,,,0.094,17023.251,Pinned,Device,NVIDIA A100-SXM4-40GB MIG 4g.20gb (0),1,,13,[CUDA memcpy Host-to-Device]
18586880295,606809,376499,,,,,,,,,,456.561,751956.692,Device,,NVIDIA A100-SXM4-40GB MIG 4g.20gb (0),1,,13,[CUDA memset]
18587492832,56895,376504,,,,,,,,,,1.235,21705.376,Pinned,Device,NVIDIA A100-SXM4-40GB MIG 4g.20gb (0),1,,13,[CUDA memcpy Host-to-Device]
18587552895,9760,376505,,,,,,,,,,0.197,20144.259,Pinned,Device,NVIDIA A100-SXM4-40GB MIG 4g.20gb (0),1,,13,[CUDA memcpy Host-to-Device]
18587951291,11936,376506,69,4,1,48,1,1,76,0.002,0.000,,,,,NVIDIA A100-SXM4-40GB MIG 4g.20gb (0),1,,13,"void ch_est::windowedChEstPreNoDftSOfdmKernel<float, __half, float, (unsigned int)2, (unsigned int)1, (unsigned short)4>(ch_est::puschRxChEstStatDescr_t *, ch_est::puschRxChEstDynDescr_t *)"
18588307575,8960,376507,137,2,1,24,2,1,44,0.001,0.001,,,,,NVIDIA A100-SXM4-40GB MIG 4g.20gb (0),1,,13,"void ch_est::chEstFilterNoDftSOfdmDispatchKernel<float, __half, float, (unsigned int)2>(ch_est::puschRxChEstStatDescr_t *, ch_est::puschRxChEstDynDescr_t *)"
18588644723,9792,376508,137,2,1,24,2,1,44,0.001,0.001,,,,,NVIDIA A100-SXM4-40GB MIG 4g.20gb (0),1,,13,"void ch_est::chEstFilterNoDftSOfdmDispatchKernel<float, __half, float, (unsigned int)2>(ch_est::puschRxChEstStatDescr_t *, ch_est::puschRxChEstDynDescr_t *)"
18588865457,7328,376519,103,1,1,128,1,1,16,0.000,0.000,,,,,NVIDIA A100-SXM4-40GB MIG 4g.20gb (0),1,,13,cupy_copy__complex64_complex64
18589031503,18880,376529,1434,1,1,128,1,1,16,0.000,0.000,,,,,NVIDIA A100-SXM4-40GB MIG 4g.20gb (0),1,,13,cupy_copy__complex64_complex64
18589372331,4672,376536,103,1,1,128,1,1,16,0.000,0.000,,,,,NVIDIA A100-SXM4-40GB MIG 4g.20gb (0),1,,13,cupy_copy__complex64_complex64
18589580745,269469,376543,1,1,1,32,32,1,30,0.000,0.000,,,,,NVIDIA A100-SXM4-40GB MIG 4g.20gb (0),1,,13,"void convert_kernel<__half2, float2>(tensor_layout_any, T1 *, tensor_layout_any, const T2 *)"
18589881669,5728,376546,,,,,,,,,,0.094,16357.541,Pinned,Device,NVIDIA A100-SXM4-40GB MIG 4g.20gb (0),1,,13,[CUDA memcpy Host-to-Device]
18590056067,69952,376547,,,,,,,,,,35.810,511902.806,Device,,NVIDIA A100-SXM4-40GB MIG 4g.20gb (0),1,,13,[CUDA memset]
18590128866,1888,376549,,,,,,,,,,0.000,42.373,Pinned,Device,NVIDIA A100-SXM4-40GB MIG 4g.20gb (0),1,,13,[CUDA memcpy Host-to-Device]
18590133474,11008,376550,,,,,,,,,,0.197,17860.461,Pinned,Device,NVIDIA A100-SXM4-40GB MIG 4g.20gb (0),1,,13,[CUDA memcpy Host-to-Device]
18590382208,19263,376551,273,1,1,48,1,1,40,0.000,0.001,,,,,NVIDIA A100-SXM4-40GB MIG 4g.20gb (0),1,,13,"void pusch_noise_intf_est::noiseIntfEstNoDftSOfdmKernel<float, __half, float, float, (unsigned int)2, (unsigned int)1, (unsigned char)4, (unsigned char)4>(pusch_noise_intf_est::puschRxNoiseIntfEstDynDescr)"
18590645821,5728,376562,35,1,1,128,1,1,16,0.000,0.000,,,,,NVIDIA A100-SXM4-40GB MIG 4g.20gb (0),1,,13,cupy_copy__complex64_complex64
18590762491,6368,376571,1,1,1,1,1,1,18,0.000,0.000,,,,,NVIDIA A100-SXM4-40GB MIG 4g.20gb (0),1,,13,cupy_copy__float32_float32
18590776379,1600,376577,,,,,,,,,,0.000,2.500,Device,Pageable,NVIDIA A100-SXM4-40GB MIG 4g.20gb (0),1,,7,[CUDA memcpy Device-to-Host]
18591083160,42719,376588,1434,1,1,128,1,1,16,0.000,0.000,,,,,NVIDIA A100-SXM4-40GB MIG 4g.20gb (0),1,,13,cupy_copy__complex64_complex64
18591348149,5376,376595,103,1,1,128,1,1,16,0.000,0.000,,,,,NVIDIA A100-SXM4-40GB MIG 4g.20gb (0),1,,13,cupy_copy__complex64_complex64
18591596722,9696,376602,35,1,1,128,1,1,16,0.000,0.000,,,,,NVIDIA A100-SXM4-40GB MIG 4g.20gb (0),1,,13,cupy_copy__complex64_complex64
18591835023,4640,376609,1,1,1,1,1,1,18,0.000,0.000,,,,,NVIDIA A100-SXM4-40GB MIG 4g.20gb (0),1,,13,cupy_copy__float32_float32
18592089101,301564,376620,1,1,1,32,32,1,30,0.000,0.000,,,,,NVIDIA A100-SXM4-40GB MIG 4g.20gb (0),1,,13,"void convert_kernel<__half2, float2>(tensor_layout_any, T1 *, tensor_layout_any, const T2 *)"
18592420873,5728,376623,,,,,,,,,,0.094,16357.541,Pinned,Device,NVIDIA A100-SXM4-40GB MIG 4g.20gb (0),1,,13,[CUDA memcpy Host-to-Device]
18592705862,7104,376624,,,,,,,,,,1.547,217710.527,Device,,NVIDIA A100-SXM4-40GB MIG 4g.20gb (0),1,,13,[CUDA memset]
18592714150,3136,376629,,,,,,,,,,0.031,9979.575,Pinned,Device,NVIDIA A100-SXM4-40GB MIG 4g.20gb (0),1,,13,[CUDA memcpy Host-to-Device]
18592719910,10559,376630,,,,,,,,,,0.197,18619.761,Pinned,Device,NVIDIA A100-SXM4-40GB MIG 4g.20gb (0),1,,13,[CUDA memcpy Host-to-Device]
18593150657,14304,376631,273,1,1,8,4,1,39,0.002,0.000,,,,,NVIDIA A100-SXM4-40GB MIG 4g.20gb (0),1,,13,"void channel_eq::eqMmseCoefCompLowMimoKernel<float, float, float, (unsigned int)4, (unsigned int)1, (unsigned int)4>(const channel_eq::_puschRxChEqStatDescr *, channel_eq::_puschRxChEqCoefCompDynDescr)"
18593513597,11136,376632,273,1,1,12,11,1,51,0.002,0.000,,,,,NVIDIA A100-SXM4-40GB MIG 4g.20gb (0),1,,13,"void channel_eq::eqMmseSoftDemapKernel<float, __half, __half, float, (unsigned int)4, (unsigned short)16383>(channel_eq::_puschRxChEqStatDescr *, channel_eq::_puschRxChEqSoftDemapDynDescr)"
18593763098,631865,376633,1,1,1,32,32,1,30,0.000,0.000,,,,,NVIDIA A100-SXM4-40GB MIG 4g.20gb (0),1,,13,"void convert_kernel<float2, __half2>(tensor_layout_any, T1 *, tensor_layout_any, const T2 *)"
18594577073,17952,376645,2253,1,1,128,1,1,16,0.000,0.000,,,,,NVIDIA A100-SXM4-40GB MIG 4g.20gb (0),1,,13,cupy_copy__float16_float16
18594920237,8480,376654,282,1,1,128,1,1,16,0.000,0.000,,,,,NVIDIA A100-SXM4-40GB MIG 4g.20gb (0),1,,13,cupy_copy__complex64_complex64
18595146602,4352,376663,26,1,1,128,1,1,16,0.000,0.000,,,,,NVIDIA A100-SXM4-40GB MIG 4g.20gb (0),1,,13,cupy_copy__float32_float32
18595157930,4064,376672,103,1,1,128,1,1,16,0.000,0.000,,,,,NVIDIA A100-SXM4-40GB MIG 4g.20gb (0),1,,13,cupy_copy__complex64_complex64
18595163754,12864,376682,1434,1,1,128,1,1,16,0.000,0.000,,,,,NVIDIA A100-SXM4-40GB MIG 4g.20gb (0),1,,13,cupy_copy__complex64_complex64
18595378664,230333,376687,1,1,1,32,32,1,30,0.000,0.000,,,,,NVIDIA A100-SXM4-40GB MIG 4g.20gb (0),1,,13,"void convert_kernel<__half2, float2>(tensor_layout_any, T1 *, tensor_layout_any, const T2 *)"
18595638693,6368,376690,,,,,,,,,,0.094,14713.551,Pinned,Device,NVIDIA A100-SXM4-40GB MIG 4g.20gb (0),1,,13,[CUDA memcpy Host-to-Device]
18595847523,620729,376691,,,,,,,,,,456.561,735520.480,Device,,NVIDIA A100-SXM4-40GB MIG 4g.20gb (0),1,,13,[CUDA memset]
18596477244,50623,376696,,,,,,,,,,1.235,24393.849,Pinned,Device,NVIDIA A100-SXM4-40GB MIG 4g.20gb (0),1,,13,[CUDA memcpy Host-to-Device]
18596531515,9408,376697,,,,,,,,,,0.197,20897.858,Pinned,Device,NVIDIA A100-SXM4-40GB MIG 4g.20gb (0),1,,13,[CUDA memcpy Host-to-Device]
18597230835,27136,376698,69,4,1,48,1,1,76,0.002,0.000,,,,,NVIDIA A100-SXM4-40GB MIG 4g.20gb (0),1,,13,"void ch_est::windowedChEstPreNoDftSOfdmKernel<float, __half, float, (unsigned int)2, (unsigned int)1, (unsigned short)4>(ch_est::puschRxChEstStatDescr_t *, ch_est::puschRxChEstDynDescr_t *)"
18597598159,12736,376699,137,2,1,24,2,1,44,0.001,0.001,,,,,NVIDIA A100-SXM4-40GB MIG 4g.20gb (0),1,,13,"void ch_est::chEstFilterNoDftSOfdmDispatchKernel<float, __half, float, (unsigned int)2>(ch_est::puschRxChEstStatDescr_t *, ch_est::puschRxChEstDynDescr_t *)"
18598166057,8992,376700,137,2,1,24,2,1,44,0.001,0.001,,,,,NVIDIA A100-SXM4-40GB MIG 4g.20gb (0),1,,13,"void ch_est::chEstFilterNoDftSOfdmDispatchKernel<float, __half, float, (unsigned int)2>(ch_est::puschRxChEstStatDescr_t *, ch_est::puschRxChEstDynDescr_t *)"
18598177417,3327,376711,103,1,1,128,1,1,16,0.000,0.000,,,,,NVIDIA A100-SXM4-40GB MIG 4g.20gb (0),1,,13,cupy_copy__complex64_complex64
18598230696,16800,376721,1434,1,1,128,1,1,16,0.000,0.000,,,,,NVIDIA A100-SXM4-40GB MIG 4g.20gb (0),1,,13,cupy_copy__complex64_complex64
18598731298,5632,376728,103,1,1,128,1,1,16,0.000,0.000,,,,,NVIDIA A100-SXM4-40GB MIG 4g.20gb (0),1,,13,cupy_copy__complex64_complex64
18599157502,292988,376735,1,1,1,32,32,1,30,0.000,0.000,,,,,NVIDIA A100-SXM4-40GB MIG 4g.20gb (0),1,,13,"void convert_kernel<__half2, float2>(tensor_layout_any, T1 *, tensor_layout_any, const T2 *)"
18599481050,5888,376738,,,,,,,,,,0.094,15912.954,Pinned,Device,NVIDIA A100-SXM4-40GB MIG 4g.20gb (0),1,,13,[CUDA memcpy Host-to-Device]
18599978164,51968,376739,,,,,,,,,,35.810,689054.481,Device,,NVIDIA A100-SXM4-40GB MIG 4g.20gb (0),1,,13,[CUDA memset]
18600034932,2432,376741,,,,,,,,,,0.000,32.895,Pinned,Device,NVIDIA A100-SXM4-40GB MIG 4g.20gb (0),1,,13,[CUDA memcpy Host-to-Device]
18600040500,10208,376742,,,,,,,,,,0.197,19260.113,Pinned,Device,NVIDIA A100-SXM4-40GB MIG 4g.20gb (0),1,,13,[CUDA memcpy Host-to-Device]
18600807467,14624,376743,273,1,1,48,1,1,40,0.000,0.001,,,,,NVIDIA A100-SXM4-40GB MIG 4g.20gb (0),1,,13,"void pusch_noise_intf_est::noiseIntfEstNoDftSOfdmKernel<float, __half, float, float, (unsigned int)2, (unsigned int)1, (unsigned char)4, (unsigned char)4>(pusch_noise_intf_est::puschRxNoiseIntfEstDynDescr)"
18601809344,4384,376754,35,1,1,128,1,1,16,0.000,0.000,,,,,NVIDIA A100-SXM4-40GB MIG 4g.20gb (0),1,,13,cupy_copy__complex64_complex64
18602660598,3392,376763,1,1,1,1,1,1,18,0.000,0.000,,,,,NVIDIA A100-SXM4-40GB MIG 4g.20gb (0),1,,13,cupy_copy__float32_float32
18602676950,3808,376769,,,,,,,,,,0.000,1.050,Device,Pageable,NVIDIA A100-SXM4-40GB MIG 4g.20gb (0),1,,7,[CUDA memcpy Device-to-Host]
18603622444,16959,376780,1434,1,1,128,1,1,16,0.000,0.000,,,,,NVIDIA A100-SXM4-40GB MIG 4g.20gb (0),1,,13,cupy_copy__complex64_complex64
18604438339,11679,376787,103,1,1,128,1,1,16,0.000,0.000,,,,,NVIDIA A100-SXM4-40GB MIG 4g.20gb (0),1,,13,cupy_copy__complex64_complex64
18604970493,8415,376794,35,1,1,128,1,1,16,0.000,0.000,,,,,NVIDIA A100-SXM4-40GB MIG 4g.20gb (0),1,,13,cupy_copy__complex64_complex64
18605153947,3711,376801,1,1,1,1,1,1,18,0.000,0.000,,,,,NVIDIA A100-SXM4-40GB MIG 4g.20gb (0),1,,13,cupy_copy__float32_float32
18605367544,257373,376812,1,1,1,32,32,1,30,0.000,0.000,,,,,NVIDIA A100-SXM4-40GB MIG 4g.20gb (0),1,,13,"void convert_kernel<__half2, float2>(tensor_layout_any, T1 *, tensor_layout_any, const T2 *)"
18605655253,5472,376815,,,,,,,,,,0.094,17122.757,Pinned,Device,NVIDIA A100-SXM4-40GB MIG 4g.20gb (0),1,,13,[CUDA memcpy Host-to-Device]
18605942226,6656,376816,,,,,,,,,,1.547,232364.790,Device,,NVIDIA A100-SXM4-40GB MIG 4g.20gb (0),1,,13,[CUDA memset]
18605952530,3008,376821,,,,,,,,,,0.031,10404.230,Pinned,Device,NVIDIA A100-SXM4-40GB MIG 4g.20gb (0),1,,13,[CUDA memcpy Host-to-Device]
18605958962,9695,376822,,,,,,,,,,0.197,20279.132,Pinned,Device,NVIDIA A100-SXM4-40GB MIG 4g.20gb (0),1,,13,[CUDA memcpy Host-to-Device]
18606391021,32095,376823,273,1,1,8,4,1,39,0.002,0.000,,,,,NVIDIA A100-SXM4-40GB MIG 4g.20gb (0),1,,13,"void channel_eq::eqMmseCoefCompLowMimoKernel<float, float, float, (unsigned int)4, (unsigned int)1, (unsigned int)4>(const channel_eq::_puschRxChEqStatDescr *, channel_eq::_puschRxChEqCoefCompDynDescr)"
18606785384,11360,376824,273,1,1,12,11,1,51,0.002,0.000,,,,,NVIDIA A100-SXM4-40GB MIG 4g.20gb (0),1,,13,"void channel_eq::eqMmseSoftDemapKernel<float, __half, __half, float, (unsigned int)4, (unsigned short)16383>(channel_eq::_puschRxChEqStatDescr *, channel_eq::_puschRxChEqSoftDemapDynDescr)"
18607449249,762519,376825,1,1,1,32,32,1,30,0.000,0.000,,,,,NVIDIA A100-SXM4-40GB MIG 4g.20gb (0),1,,13,"void convert_kernel<float2, __half2>(tensor_layout_any, T1 *, tensor_layout_any, const T2 *)"
18608389142,14528,376837,2253,1,1,128,1,1,16,0.000,0.000,,,,,NVIDIA A100-SXM4-40GB MIG 4g.20gb (0),1,,13,cupy_copy__float16_float16
18608703187,12640,376846,282,1,1,128,1,1,16,0.000,0.000,,,,,NVIDIA A100-SXM4-40GB MIG 4g.20gb (0),1,,13,cupy_copy__complex64_complex64
18608813554,4608,376855,26,1,1,128,1,1,16,0.000,0.000,,,,,NVIDIA A100-SXM4-40GB MIG 4g.20gb (0),1,,13,cupy_copy__float32_float32
18609188045,10496,376864,103,1,1,128,1,1,16,0.000,0.000,,,,,NVIDIA A100-SXM4-40GB MIG 4g.20gb (0),1,,13,cupy_copy__complex64_complex64
18609461226,16928,376874,1434,1,1,128,1,1,16,0.000,0.000,,,,,NVIDIA A100-SXM4-40GB MIG 4g.20gb (0),1,,13,cupy_copy__complex64_complex64
18610247618,303452,376879,1,1,1,32,32,1,30,0.000,0.000,,,,,NVIDIA A100-SXM4-40GB MIG 4g.20gb (0),1,,13,"void convert_kernel<__half2, float2>(tensor_layout_any, T1 *, tensor_layout_any, const T2 *)"
18610582078,5632,376882,,,,,,,,,,0.094,16636.287,Pinned,Device,NVIDIA A100-SXM4-40GB MIG 4g.20gb (0),1,,13,[CUDA memcpy Host-to-Device]
18611021177,603321,376883,,,,,,,,,,456.561,756522.306,Device,,NVIDIA A100-SXM4-40GB MIG 4g.20gb (0),1,,13,[CUDA memset]
18611630002,255229,376888,,,,,,,,,,1.235,4838.511,Pinned,Device,NVIDIA A100-SXM4-40GB MIG 4g.20gb (0),1,,13,[CUDA memcpy Host-to-Device]
18611891951,12576,376889,,,,,,,,,,0.197,15633.482,Pinned,Device,NVIDIA A100-SXM4-40GB MIG 4g.20gb (0),1,,13,[CUDA memcpy Host-to-Device]
18612399402,12063,376890,69,4,1,48,1,1,76,0.002,0.000,,,,,NVIDIA A100-SXM4-40GB MIG 4g.20gb (0),1,,13,"void ch_est::windowedChEstPreNoDftSOfdmKernel<float, __half, float, (unsigned int)2, (unsigned int)1, (unsigned short)4>(ch_est::puschRxChEstStatDescr_t *, ch_est::puschRxChEstDynDescr_t *)"
18613092706,11232,376891,137,2,1,24,2,1,44,0.001,0.001,,,,,NVIDIA A100-SXM4-40GB MIG 4g.20gb (0),1,,13,"void ch_est::chEstFilterNoDftSOfdmDispatchKernel<float, __half, float, (unsigned int)2>(ch_est::puschRxChEstStatDescr_t *, ch_est::puschRxChEstDynDescr_t *)"
18613785498,8640,376892,137,2,1,24,2,1,44,0.001,0.001,,,,,NVIDIA A100-SXM4-40GB MIG 4g.20gb (0),1,,13,"void ch_est::chEstFilterNoDftSOfdmDispatchKernel<float, __half, float, (unsigned int)2>(ch_est::puschRxChEstStatDescr_t *, ch_est::puschRxChEstDynDescr_t *)"
18614140822,3872,376903,103,1,1,128,1,1,16,0.000,0.000,,,,,NVIDIA A100-SXM4-40GB MIG 4g.20gb (0),1,,13,cupy_copy__complex64_complex64
18614362452,35231,376913,1434,1,1,128,1,1,16,0.000,0.000,,,,,NVIDIA A100-SXM4-40GB MIG 4g.20gb (0),1,,13,cupy_copy__complex64_complex64
18614552273,8096,376920,103,1,1,128,1,1,16,0.000,0.000,,,,,NVIDIA A100-SXM4-40GB MIG 4g.20gb (0),1,,13,cupy_copy__complex64_complex64
18615017708,227422,376927,1,1,1,32,32,1,30,0.000,0.000,,,,,NVIDIA A100-SXM4-40GB MIG 4g.20gb (0),1,,13,"void convert_kernel<__half2, float2>(tensor_layout_any, T1 *, tensor_layout_any, const T2 *)"
18615274217,5632,376930,,,,,,,,,,0.094,16636.287,Pinned,Device,NVIDIA A100-SXM4-40GB MIG 4g.20gb (0),1,,13,[CUDA memcpy Host-to-Device]
18615699749,64159,376931,,,,,,,,,,35.810,558133.413,Device,,NVIDIA A100-SXM4-40GB MIG 4g.20gb (0),1,,13,[CUDA memset]
18615765572,4288,376933,,,,,,,,,,0.000,18.657,Pinned,Device,NVIDIA A100-SXM4-40GB MIG 4g.20gb (0),1,,13,[CUDA memcpy Host-to-Device]
18615772964,10112,376934,,,,,,,,,,0.197,19442.958,Pinned,Device,NVIDIA A100-SXM4-40GB MIG 4g.20gb (0),1,,13,[CUDA memcpy Host-to-Device]
18615863715,13312,376935,273,1,1,48,1,1,40,0.000,0.001,,,,,NVIDIA A100-SXM4-40GB MIG 4g.20gb (0),1,,13,"void pusch_noise_intf_est::noiseIntfEstNoDftSOfdmKernel<float, __half, float, float, (unsigned int)2, (unsigned int)1, (unsigned char)4, (unsigned char)4>(pusch_noise_intf_est::puschRxNoiseIntfEstDynDescr)"
18615973474,3968,376946,35,1,1,128,1,1,16,0.000,0.000,,,,,NVIDIA A100-SXM4-40GB MIG 4g.20gb (0),1,,13,cupy_copy__complex64_complex64
18615978786,2816,376955,1,1,1,1,1,1,18,0.000,0.000,,,,,NVIDIA A100-SXM4-40GB MIG 4g.20gb (0),1,,13,cupy_copy__float32_float32
18615987489,2336,376961,,,,,,,,,,0.000,1.712,Device,Pageable,NVIDIA A100-SXM4-40GB MIG 4g.20gb (0),1,,7,[CUDA memcpy Device-to-Host]
18616080544,15680,376972,1434,1,1,128,1,1,16,0.000,0.000,,,,,NVIDIA A100-SXM4-40GB MIG 4g.20gb (0),1,,13,cupy_copy__complex64_complex64
18616097856,3232,376979,103,1,1,128,1,1,16,0.000,0.000,,,,,NVIDIA A100-SXM4-40GB MIG 4g.20gb (0),1,,13,cupy_copy__complex64_complex64
18616195231,4032,376986,35,1,1,128,1,1,16,0.000,0.000,,,,,NVIDIA A100-SXM4-40GB MIG 4g.20gb (0),1,,13,cupy_copy__complex64_complex64
18616200767,3072,376993,1,1,1,1,1,1,18,0.000,0.000,,,,,NVIDIA A100-SXM4-40GB MIG 4g.20gb (0),1,,13,cupy_copy__float32_float32
18616300990,330556,377004,1,1,1,32,32,1,30,0.000,0.000,,,,,NVIDIA A100-SXM4-40GB MIG 4g.20gb (0),1,,13,"void convert_kernel<__half2, float2>(tensor_layout_any, T1 *, tensor_layout_any, const T2 *)"
18616660026,5440,377007,,,,,,,,,,0.094,17223.480,Pinned,Device,NVIDIA A100-SXM4-40GB MIG 4g.20gb (0),1,,13,[CUDA memcpy Host-to-Device]
18616674522,3616,377008,,,,,,,,,,1.547,427715.774,Device,,NVIDIA A100-SXM4-40GB MIG 4g.20gb (0),1,,13,[CUDA memset]
18616681786,3104,377013,,,,,,,,,,0.031,10082.445,Pinned,Device,NVIDIA A100-SXM4-40GB MIG 4g.20gb (0),1,,13,[CUDA memcpy Host-to-Device]
18616687418,9472,377014,,,,,,,,,,0.197,20756.693,Pinned,Device,NVIDIA A100-SXM4-40GB MIG 4g.20gb (0),1,,13,[CUDA memcpy Host-to-Device]
18616784185,12735,377015,273,1,1,8,4,1,39,0.002,0.000,,,,,NVIDIA A100-SXM4-40GB MIG 4g.20gb (0),1,,13,"void channel_eq::eqMmseCoefCompLowMimoKernel<float, float, float, (unsigned int)4, (unsigned int)1, (unsigned int)4>(const channel_eq::_puschRxChEqStatDescr *, channel_eq::_puschRxChEqCoefCompDynDescr)"
18616892023,10208,377016,273,1,1,12,11,1,51,0.002,0.000,,,,,NVIDIA A100-SXM4-40GB MIG 4g.20gb (0),1,,13,"void channel_eq::eqMmseSoftDemapKernel<float, __half, __half, float, (unsigned int)4, (unsigned short)16383>(channel_eq::_puschRxChEqStatDescr *, channel_eq::_puschRxChEqSoftDemapDynDescr)"
18616904279,707128,377017,1,1,1,32,32,1,30,0.000,0.000,,,,,NVIDIA A100-SXM4-40GB MIG 4g.20gb (0),1,,13,"void convert_kernel<float2, __half2>(tensor_layout_any, T1 *, tensor_layout_any, const T2 *)"
18618190857,14272,377029,2253,1,1,128,1,1,16,0.000,0.000,,,,,NVIDIA A100-SXM4-40GB MIG 4g.20gb (0),1,,13,cupy_copy__float16_float16
18618848225,7168,377038,282,1,1,128,1,1,16,0.000,0.000,,,,,NVIDIA A100-SXM4-40GB MIG 4g.20gb (0),1,,13,cupy_copy__complex64_complex64
18619484154,5120,377047,26,1,1,128,1,1,16,0.000,0.000,,,,,NVIDIA A100-SXM4-40GB MIG 4g.20gb (0),1,,13,cupy_copy__float32_float32
18619978133,5632,377056,103,1,1,128,1,1,16,0.000,0.000,,,,,NVIDIA A100-SXM4-40GB MIG 4g.20gb (0),1,,13,cupy_copy__complex64_complex64
18620215730,42464,377066,1434,1,1,128,1,1,16,0.000,0.000,,,,,NVIDIA A100-SXM4-40GB MIG 4g.20gb (0),1,,13,cupy_copy__complex64_complex64
18620716045,240797,377071,1,1,1,32,32,1,30,0.000,0.000,,,,,NVIDIA A100-SXM4-40GB MIG 4g.20gb (0),1,,13,"void convert_kernel<__half2, float2>(tensor_layout_any, T1 *, tensor_layout_any, const T2 *)"
18620986058,5695,377074,,,,,,,,,,0.094,16452.268,Pinned,Device,NVIDIA A100-SXM4-40GB MIG 4g.20gb (0),1,,13,[CUDA memcpy Host-to-Device]
18621578243,636505,377075,,,,,,,,,,456.561,717258.022,Device,,NVIDIA A100-SXM4-40GB MIG 4g.20gb (0),1,,13,[CUDA memset]
18622216828,52191,377080,,,,,,,,,,1.235,23661.527,Pinned,Device,NVIDIA A100-SXM4-40GB MIG 4g.20gb (0),1,,13,[CUDA memcpy Host-to-Device]
18622271835,10560,377081,,,,,,,,,,0.197,18617.991,Pinned,Device,NVIDIA A100-SXM4-40GB MIG 4g.20gb (0),1,,13,[CUDA memcpy Host-to-Device]
18622958580,15167,377082,69,4,1,48,1,1,76,0.002,0.000,,,,,NVIDIA A100-SXM4-40GB MIG 4g.20gb (0),1,,13,"void ch_est::windowedChEstPreNoDftSOfdmKernel<float, __half, float, (unsigned int)2, (unsigned int)1, (unsigned short)4>(ch_est::puschRxChEstStatDescr_t *, ch_est::puschRxChEstDynDescr_t *)"
18623592748,12640,377083,137,2,1,24,2,1,44,0.001,0.001,,,,,NVIDIA A100-SXM4-40GB MIG 4g.20gb (0),1,,13,"void ch_est::chEstFilterNoDftSOfdmDispatchKernel<float, __half, float, (unsigned int)2>(ch_est::puschRxChEstStatDescr_t *, ch_est::puschRxChEstDynDescr_t *)"
18624159654,16288,377084,137,2,1,24,2,1,44,0.001,0.001,,,,,NVIDIA A100-SXM4-40GB MIG 4g.20gb (0),1,,13,"void ch_est::chEstFilterNoDftSOfdmDispatchKernel<float, __half, float, (unsigned int)2>(ch_est::puschRxChEstStatDescr_t *, ch_est::puschRxChEstDynDescr_t *)"
18624446083,6720,377095,103,1,1,128,1,1,16,0.000,0.000,,,,,NVIDIA A100-SXM4-40GB MIG 4g.20gb (0),1,,13,cupy_copy__complex64_complex64
18624979453,23392,377105,1434,1,1,128,1,1,16,0.000,0.000,,,,,NVIDIA A100-SXM4-40GB MIG 4g.20gb (0),1,,13,cupy_copy__complex64_complex64
18625312537,6656,377112,103,1,1,128,1,1,16,0.000,0.000,,,,,NVIDIA A100-SXM4-40GB MIG 4g.20gb (0),1,,13,cupy_copy__complex64_complex64
18625463128,279964,377119,1,1,1,32,32,1,30,0.000,0.000,,,,,NVIDIA A100-SXM4-40GB MIG 4g.20gb (0),1,,13,"void convert_kernel<__half2, float2>(tensor_layout_any, T1 *, tensor_layout_any, const T2 *)"
18625772692,6176,377122,,,,,,,,,,0.094,15170.975,Pinned,Device,NVIDIA A100-SXM4-40GB MIG 4g.20gb (0),1,,13,[CUDA memcpy Host-to-Device]
18625858131,54239,377123,,,,,,,,,,35.810,660191.685,Device,,NVIDIA A100-SXM4-40GB MIG 4g.20gb (0),1,,13,[CUDA memset]
18625919826,2400,377125,,,,,,,,,,0.000,33.333,Pinned,Device,NVIDIA A100-SXM4-40GB MIG 4g.20gb (0),1,,13,[CUDA memcpy Host-to-Device]
18625925010,9536,377126,,,,,,,,,,0.197,20617.298,Pinned,Device,NVIDIA A100-SXM4-40GB MIG 4g.20gb (0),1,,13,[CUDA memcpy Host-to-Device]
18626017873,13696,377127,273,1,1,48,1,1,40,0.000,0.001,,,,,NVIDIA A100-SXM4-40GB MIG 4g.20gb (0),1,,13,"void pusch_noise_intf_est::noiseIntfEstNoDftSOfdmKernel<float, __half, float, float, (unsigned int)2, (unsigned int)1, (unsigned char)4, (unsigned char)4>(pusch_noise_intf_est::puschRxNoiseIntfEstDynDescr)"
18626032945,3616,377138,35,1,1,128,1,1,16,0.000,0.000,,,,,NVIDIA A100-SXM4-40GB MIG 4g.20gb (0),1,,13,cupy_copy__complex64_complex64
18626139728,3968,377147,1,1,1,1,1,1,18,0.000,0.000,,,,,NVIDIA A100-SXM4-40GB MIG 4g.20gb (0),1,,13,cupy_copy__float32_float32
18626154448,1600,377153,,,,,,,,,,0.000,2.500,Device,Pageable,NVIDIA A100-SXM4-40GB MIG 4g.20gb (0),1,,7,[CUDA memcpy Device-to-Host]
18626215631,12736,377164,1434,1,1,128,1,1,16,0.000,0.000,,,,,NVIDIA A100-SXM4-40GB MIG 4g.20gb (0),1,,13,cupy_copy__complex64_complex64
18626242895,2848,377171,103,1,1,128,1,1,16,0.000,0.000,,,,,NVIDIA A100-SXM4-40GB MIG 4g.20gb (0),1,,13,cupy_copy__complex64_complex64
18626263119,2368,377178,35,1,1,128,1,1,16,0.000,0.000,,,,,NVIDIA A100-SXM4-40GB MIG 4g.20gb (0),1,,13,cupy_copy__complex64_complex64
18626281614,1952,377185,1,1,1,1,1,1,18,0.000,0.000,,,,,NVIDIA A100-SXM4-40GB MIG 4g.20gb (0),1,,13,cupy_copy__float32_float32
18626418829,328604,377196,1,1,1,32,32,1,30,0.000,0.000,,,,,NVIDIA A100-SXM4-40GB MIG 4g.20gb (0),1,,13,"void convert_kernel<__half2, float2>(tensor_layout_any, T1 *, tensor_layout_any, const T2 *)"
18626775913,5504,377199,,,,,,,,,,0.094,17023.251,Pinned,Device,NVIDIA A100-SXM4-40GB MIG 4g.20gb (0),1,,13,[CUDA memcpy Host-to-Device]
18627016582,11392,377200,,,,,,,,,,1.547,135762.655,Device,,NVIDIA A100-SXM4-40GB MIG 4g.20gb (0),1,,13,[CUDA memset]
18627032198,3136,377205,,,,,,,,,,0.031,9979.575,Pinned,Device,NVIDIA A100-SXM4-40GB MIG 4g.20gb (0),1,,13,[CUDA memcpy Host-to-Device]
18627038182,9728,377206,,,,,,,,,,0.197,20210.516,Pinned,Device,NVIDIA A100-SXM4-40GB MIG 4g.20gb (0),1,,13,[CUDA memcpy Host-to-Device]
18627438721,16992,377207,273,1,1,8,4,1,39,0.002,0.000,,,,,NVIDIA A100-SXM4-40GB MIG 4g.20gb (0),1,,13,"void channel_eq::eqMmseCoefCompLowMimoKernel<float, float, float, (unsigned int)4, (unsigned int)1, (unsigned int)4>(const channel_eq::_puschRxChEqStatDescr *, channel_eq::_puschRxChEqCoefCompDynDescr)"
18627513441,27487,377208,273,1,1,12,11,1,51,0.002,0.000,,,,,NVIDIA A100-SXM4-40GB MIG 4g.20gb (0),1,,13,"void channel_eq::eqMmseSoftDemapKernel<float, __half, __half, float, (unsigned int)4, (unsigned short)16383>(channel_eq::_puschRxChEqStatDescr *, channel_eq::_puschRxChEqSoftDemapDynDescr)"
18627940124,792279,377209,1,1,1,32,32,1,30,0.000,0.000,,,,,NVIDIA A100-SXM4-40GB MIG 4g.20gb (0),1,,13,"void convert_kernel<float2, __half2>(tensor_layout_any, T1 *, tensor_layout_any, const T2 *)"
18629259981,17408,377221,2253,1,1,128,1,1,16,0.000,0.000,,,,,NVIDIA A100-SXM4-40GB MIG 4g.20gb (0),1,,13,cupy_copy__float16_float16
18629798119,10752,377230,282,1,1,128,1,1,16,0.000,0.000,,,,,NVIDIA A100-SXM4-40GB MIG 4g.20gb (0),1,,13,cupy_copy__complex64_complex64
18630294818,3999,377239,26,1,1,128,1,1,16,0.000,0.000,,,,,NVIDIA A100-SXM4-40GB MIG 4g.20gb (0),1,,13,cupy_copy__float32_float32
18630567902,8928,377248,103,1,1,128,1,1,16,0.000,0.000,,,,,NVIDIA A100-SXM4-40GB MIG 4g.20gb (0),1,,13,cupy_copy__complex64_complex64
18631017401,27360,377258,1434,1,1,128,1,1,16,0.000,0.000,,,,,NVIDIA A100-SXM4-40GB MIG 4g.20gb (0),1,,13,cupy_copy__complex64_complex64
18631519412,303132,377263,1,1,1,32,32,1,30,0.000,0.000,,,,,NVIDIA A100-SXM4-40GB MIG 4g.20gb (0),1,,13,"void convert_kernel<__half2, float2>(tensor_layout_any, T1 *, tensor_layout_any, const T2 *)"
18631859696,5504,377266,,,,,,,,,,0.094,17023.251,Pinned,Device,NVIDIA A100-SXM4-40GB MIG 4g.20gb (0),1,,13,[CUDA memcpy Host-to-Device]
18632265483,607706,377267,,,,,,,,,,456.561,751043.569,Device,,NVIDIA A100-SXM4-40GB MIG 4g.20gb (0),1,,13,[CUDA memset]
18632879781,51743,377272,,,,,,,,,,1.235,23866.528,Pinned,Device,NVIDIA A100-SXM4-40GB MIG 4g.20gb (0),1,,13,[CUDA memcpy Host-to-Device]
18632935748,10016,377273,,,,,,,,,,0.197,19629.343,Pinned,Device,NVIDIA A100-SXM4-40GB MIG 4g.20gb (0),1,,13,[CUDA memcpy Host-to-Device]
18633051363,11104,377274,69,4,1,48,1,1,76,0.002,0.000,,,,,NVIDIA A100-SXM4-40GB MIG 4g.20gb (0),1,,13,"void ch_est::windowedChEstPreNoDftSOfdmKernel<float, __half, float, (unsigned int)2, (unsigned int)1, (unsigned short)4>(ch_est::puschRxChEstStatDescr_t *, ch_est::puschRxChEstDynDescr_t *)"
18633129954,17760,377275,137,2,1,24,2,1,44,0.001,0.001,,,,,NVIDIA A100-SXM4-40GB MIG 4g.20gb (0),1,,13,"void ch_est::chEstFilterNoDftSOfdmDispatchKernel<float, __half, float, (unsigned int)2>(ch_est::puschRxChEstStatDescr_t *, ch_est::puschRxChEstDynDescr_t *)"
18633252512,25984,377276,137,2,1,24,2,1,44,0.001,0.001,,,,,NVIDIA A100-SXM4-40GB MIG 4g.20gb (0),1,,13,"void ch_est::chEstFilterNoDftSOfdmDispatchKernel<float, __half, float, (unsigned int)2>(ch_est::puschRxChEstStatDescr_t *, ch_est::puschRxChEstDynDescr_t *)"
18633390815,4544,377287,103,1,1,128,1,1,16,0.000,0.000,,,,,NVIDIA A100-SXM4-40GB MIG 4g.20gb (0),1,,13,cupy_copy__complex64_complex64
18633669436,19264,377297,1434,1,1,128,1,1,16,0.000,0.000,,,,,NVIDIA A100-SXM4-40GB MIG 4g.20gb (0),1,,13,cupy_copy__complex64_complex64
18633691996,5215,377304,103,1,1,128,1,1,16,0.000,0.000,,,,,NVIDIA A100-SXM4-40GB MIG 4g.20gb (0),1,,13,cupy_copy__complex64_complex64
18633764507,389147,377311,1,1,1,32,32,1,30,0.000,0.000,,,,,NVIDIA A100-SXM4-40GB MIG 4g.20gb (0),1,,13,"void convert_kernel<__half2, float2>(tensor_layout_any, T1 *, tensor_layout_any, const T2 *)"
18634182454,5568,377314,,,,,,,,,,0.094,16827.521,Pinned,Device,NVIDIA A100-SXM4-40GB MIG 4g.20gb (0),1,,13,[CUDA memcpy Host-to-Device]
18634574226,50879,377315,,,,,,,,,,35.810,703808.168,Device,,NVIDIA A100-SXM4-40GB MIG 4g.20gb (0),1,,13,[CUDA memset]
18634629489,1952,377317,,,,,,,,,,0.000,40.984,Pinned,Device,NVIDIA A100-SXM4-40GB MIG 4g.20gb (0),1,,13,[CUDA memcpy Host-to-Device]
18634633873,9536,377318,,,,,,,,,,0.197,20617.298,Pinned,Device,NVIDIA A100-SXM4-40GB MIG 4g.20gb (0),1,,13,[CUDA memcpy Host-to-Device]
18635132619,18752,377319,273,1,1,48,1,1,40,0.000,0.001,,,,,NVIDIA A100-SXM4-40GB MIG 4g.20gb (0),1,,13,"void pusch_noise_intf_est::noiseIntfEstNoDftSOfdmKernel<float, __half, float, float, (unsigned int)2, (unsigned int)1, (unsigned char)4, (unsigned char)4>(pusch_noise_intf_est::puschRxNoiseIntfEstDynDescr)"
18635698821,6816,377330,35,1,1,128,1,1,16,0.000,0.000,,,,,NVIDIA A100-SXM4-40GB MIG 4g.20gb (0),1,,13,cupy_copy__complex64_complex64
18636238815,3136,377339,1,1,1,1,1,1,18,0.000,0.000,,,,,NVIDIA A100-SXM4-40GB MIG 4g.20gb (0),1,,13,cupy_copy__float32_float32
18636247007,2208,377345,,,,,,,,,,0.000,1.812,Device,Pageable,NVIDIA A100-SXM4-40GB MIG 4g.20gb (0),1,,7,[CUDA memcpy Device-to-Host]
18637227412,18560,377356,1434,1,1,128,1,1,16,0.000,0.000,,,,,NVIDIA A100-SXM4-40GB MIG 4g.20gb (0),1,,13,cupy_copy__complex64_complex64
18638222217,4672,377363,103,1,1,128,1,1,16,0.000,0.000,,,,,NVIDIA A100-SXM4-40GB MIG 4g.20gb (0),1,,13,cupy_copy__complex64_complex64
18638739267,4576,377370,35,1,1,128,1,1,16,0.000,0.000,,,,,NVIDIA A100-SXM4-40GB MIG 4g.20gb (0),1,,13,cupy_copy__complex64_complex64
18639526298,5216,377377,1,1,1,1,1,1,18,0.000,0.000,,,,,NVIDIA A100-SXM4-40GB MIG 4g.20gb (0),1,,13,cupy_copy__float32_float32
18639991413,272637,377388,1,1,1,32,32,1,30,0.000,0.000,,,,,NVIDIA A100-SXM4-40GB MIG 4g.20gb (0),1,,13,"void convert_kernel<__half2, float2>(tensor_layout_any, T1 *, tensor_layout_any, const T2 *)"
18640294770,6080,377391,,,,,,,,,,0.094,15410.462,Pinned,Device,NVIDIA A100-SXM4-40GB MIG 4g.20gb (0),1,,13,[CUDA memcpy Host-to-Device]
18640876939,4128,377392,,,,,,,,,,1.547,374666.571,Device,,NVIDIA A100-SXM4-40GB MIG 4g.20gb (0),1,,13,[CUDA memset]
18640885099,3808,377397,,,,,,,,,,0.031,8218.486,Pinned,Device,NVIDIA A100-SXM4-40GB MIG 4g.20gb (0),1,,13,[CUDA memcpy Host-to-Device]
18640891627,10784,377398,,,,,,,,,,0.197,18231.263,Pinned,Device,NVIDIA A100-SXM4-40GB MIG 4g.20gb (0),1,,13,[CUDA memcpy Host-to-Device]
18641826145,17151,377399,273,1,1,8,4,1,39,0.002,0.000,,,,,NVIDIA A100-SXM4-40GB MIG 4g.20gb (0),1,,13,"void channel_eq::eqMmseCoefCompLowMimoKernel<float, float, float, (unsigned int)4, (unsigned int)1, (unsigned int)4>(const channel_eq::_puschRxChEqStatDescr *, channel_eq::_puschRxChEqCoefCompDynDescr)"
18642450938,14175,377400,273,1,1,12,11,1,51,0.002,0.000,,,,,NVIDIA A100-SXM4-40GB MIG 4g.20gb (0),1,,13,"void channel_eq::eqMmseSoftDemapKernel<float, __half, __half, float, (unsigned int)4, (unsigned short)16383>(channel_eq::_puschRxChEqStatDescr *, channel_eq::_puschRxChEqSoftDemapDynDescr)"
18643056563,707384,377401,1,1,1,32,32,1,30,0.000,0.000,,,,,NVIDIA A100-SXM4-40GB MIG 4g.20gb (0),1,,13,"void convert_kernel<float2, __half2>(tensor_layout_any, T1 *, tensor_layout_any, const T2 *)"
18644048584,16608,377413,2253,1,1,128,1,1,16,0.000,0.000,,,,,NVIDIA A100-SXM4-40GB MIG 4g.20gb (0),1,,13,cupy_copy__float16_float16
18644111143,5760,377422,282,1,1,128,1,1,16,0.000,0.000,,,,,NVIDIA A100-SXM4-40GB MIG 4g.20gb (0),1,,13,cupy_copy__complex64_complex64
18644560994,3456,377431,26,1,1,128,1,1,16,0.000,0.000,,,,,NVIDIA A100-SXM4-40GB MIG 4g.20gb (0),1,,13,cupy_copy__float32_float32
18644682721,7520,377440,103,1,1,128,1,1,16,0.000,0.000,,,,,NVIDIA A100-SXM4-40GB MIG 4g.20gb (0),1,,13,cupy_copy__complex64_complex64
18645323674,19327,377450,1434,1,1,128,1,1,16,0.000,0.000,,,,,NVIDIA A100-SXM4-40GB MIG 4g.20gb (0),1,,13,cupy_copy__complex64_complex64
18645972146,340572,377455,1,1,1,32,32,1,30,0.000,0.000,,,,,NVIDIA A100-SXM4-40GB MIG 4g.20gb (0),1,,13,"void convert_kernel<__half2, float2>(tensor_layout_any, T1 *, tensor_layout_any, const T2 *)"
18646432973,99263,377458,,,,,,,,,,0.094,943.894,Pinned,Device,NVIDIA A100-SXM4-40GB MIG 4g.20gb (0),1,,13,[CUDA memcpy Host-to-Device]
18647515265,601209,377459,,,,,,,,,,456.561,759261.675,Device,,NVIDIA A100-SXM4-40GB MIG 4g.20gb (0),1,,13,[CUDA memset]
18648120762,53856,377464,,,,,,,,,,1.235,22930.440,Pinned,Device,NVIDIA A100-SXM4-40GB MIG 4g.20gb (0),1,,13,[CUDA memcpy Host-to-Device]
18648178330,11423,377465,,,,,,,,,,0.197,17211.458,Pinned,Device,NVIDIA A100-SXM4-40GB MIG 4g.20gb (0),1,,13,[CUDA memcpy Host-to-Device]
18649058832,20480,377466,69,4,1,48,1,1,76,0.002,0.000,,,,,NVIDIA A100-SXM4-40GB MIG 4g.20gb (0),1,,13,"void ch_est::windowedChEstPreNoDftSOfdmKernel<float, __half, float, (unsigned int)2, (unsigned int)1, (unsigned short)4>(ch_est::puschRxChEstStatDescr_t *, ch_est::puschRxChEstDynDescr_t *)"
18649243886,17535,377467,137,2,1,24,2,1,44,0.001,0.001,,,,,NVIDIA A100-SXM4-40GB MIG 4g.20gb (0),1,,13,"void ch_est::chEstFilterNoDftSOfdmDispatchKernel<float, __half, float, (unsigned int)2>(ch_est::puschRxChEstStatDescr_t *, ch_est::puschRxChEstDynDescr_t *)"
18649819399,15968,377468,137,2,1,24,2,1,44,0.001,0.001,,,,,NVIDIA A100-SXM4-40GB MIG 4g.20gb (0),1,,13,"void ch_est::chEstFilterNoDftSOfdmDispatchKernel<float, __half, float, (unsigned int)2>(ch_est::puschRxChEstStatDescr_t *, ch_est::puschRxChEstDynDescr_t *)"
18650382849,7456,377479,103,1,1,128,1,1,16,0.000,0.000,,,,,NVIDIA A100-SXM4-40GB MIG 4g.20gb (0),1,,13,cupy_copy__complex64_complex64
18650999610,16064,377489,1434,1,1,128,1,1,16,0.000,0.000,,,,,NVIDIA A100-SXM4-40GB MIG 4g.20gb (0),1,,13,cupy_copy__complex64_complex64
18651658259,3616,377496,103,1,1,128,1,1,16,0.000,0.000,,,,,NVIDIA A100-SXM4-40GB MIG 4g.20gb (0),1,,13,cupy_copy__complex64_complex64
18651797841,304125,377503,1,1,1,32,32,1,30,0.000,0.000,,,,,NVIDIA A100-SXM4-40GB MIG 4g.20gb (0),1,,13,"void convert_kernel<__half2, float2>(tensor_layout_any, T1 *, tensor_layout_any, const T2 *)"
18652135789,9664,377506,,,,,,,,,,0.094,9695.287,Pinned,Device,NVIDIA A100-SXM4-40GB MIG 4g.20gb (0),1,,13,[CUDA memcpy Host-to-Device]
18652442634,58687,377507,,,,,,,,,,35.810,610165.227,Device,,NVIDIA A100-SXM4-40GB MIG 4g.20gb (0),1,,13,[CUDA memset]
18652503049,6624,377509,,,,,,,,,,0.000,12.077,Pinned,Device,NVIDIA A100-SXM4-40GB MIG 4g.20gb (0),1,,13,[CUDA memcpy Host-to-Device]
18652512297,9728,377510,,,,,,,,,,0.197,20210.516,Pinned,Device,NVIDIA A100-SXM4-40GB MIG 4g.20gb (0),1,,13,[CUDA memcpy Host-to-Device]
18652959012,16640,377511,273,1,1,48,1,1,40,0.000,0.001,,,,,NVIDIA A100-SXM4-40GB MIG 4g.20gb (0),1,,13,"void pusch_noise_intf_est::noiseIntfEstNoDftSOfdmKernel<float, __half, float, float, (unsigned int)2, (unsigned int)1, (unsigned char)4, (unsigned char)4>(pusch_noise_intf_est::puschRxNoiseIntfEstDynDescr)"
18653427903,9120,377522,35,1,1,128,1,1,16,0.000,0.000,,,,,NVIDIA A100-SXM4-40GB MIG 4g.20gb (0),1,,13,cupy_copy__complex64_complex64
18653864410,3936,377531,1,1,1,1,1,1,18,0.000,0.000,,,,,NVIDIA A100-SXM4-40GB MIG 4g.20gb (0),1,,13,cupy_copy__float32_float32
18653883514,1920,377537,,,,,,,,,,0.000,2.083,Device,Pageable,NVIDIA A100-SXM4-40GB MIG 4g.20gb (0),1,,7,[CUDA memcpy Device-to-Host]
18654443124,25311,377548,1434,1,1,128,1,1,16,0.000,0.000,,,,,NVIDIA A100-SXM4-40GB MIG 4g.20gb (0),1,,13,cupy_copy__complex64_complex64
18655042029,6048,377555,103,1,1,128,1,1,16,0.000,0.000,,,,,NVIDIA A100-SXM4-40GB MIG 4g.20gb (0),1,,13,cupy_copy__complex64_complex64
18655500104,8800,377562,35,1,1,128,1,1,16,0.000,0.000,,,,,NVIDIA A100-SXM4-40GB MIG 4g.20gb (0),1,,13,cupy_copy__complex64_complex64
18655686822,4640,377569,1,1,1,1,1,1,18,0.000,0.000,,,,,NVIDIA A100-SXM4-40GB MIG 4g.20gb (0),1,,13,cupy_copy__float32_float32
18656178336,312349,377580,1,1,1,32,32,1,30,0.000,0.000,,,,,NVIDIA A100-SXM4-40GB MIG 4g.20gb (0),1,,13,"void convert_kernel<__half2, float2>(tensor_layout_any, T1 *, tensor_layout_any, const T2 *)"
18656521308,5760,377583,,,,,,,,,,0.094,16266.656,Pinned,Device,NVIDIA A100-SXM4-40GB MIG 4g.20gb (0),1,,13,[CUDA memcpy Host-to-Device]
18656746106,6208,377584,,,,,,,,,,1.547,249133.287,Device,,NVIDIA A100-SXM4-40GB MIG 4g.20gb (0),1,,13,[CUDA memset]
18656754906,6848,377589,,,,,,,,,,0.031,4570.092,Pinned,Device,NVIDIA A100-SXM4-40GB MIG 4g.20gb (0),1,,13,[CUDA memcpy Host-to-Device]
18656770842,9983,377590,,,,,,,,,,0.197,19694.223,Pinned,Device,NVIDIA A100-SXM4-40GB MIG 4g.20gb (0),1,,13,[CUDA memcpy Host-to-Device]
18657232308,19744,377591,273,1,1,8,4,1,39,0.002,0.000,,,,,NVIDIA A100-SXM4-40GB MIG 4g.20gb (0),1,,13,"void channel_eq::eqMmseCoefCompLowMimoKernel<float, float, float, (unsigned int)4, (unsigned int)1, (unsigned int)4>(const channel_eq::_puschRxChEqStatDescr *, channel_eq::_puschRxChEqCoefCompDynDescr)"
18657291604,11232,377592,273,1,1,12,11,1,51,0.002,0.000,,,,,NVIDIA A100-SXM4-40GB MIG 4g.20gb (0),1,,13,"void channel_eq::eqMmseSoftDemapKernel<float, __half, __half, float, (unsigned int)4, (unsigned short)16383>(channel_eq::_puschRxChEqStatDescr *, channel_eq::_puschRxChEqSoftDemapDynDescr)"
18657734767,627065,377593,1,1,1,32,32,1,30,0.000,0.000,,,,,NVIDIA A100-SXM4-40GB MIG 4g.20gb (0),1,,13,"void convert_kernel<float2, __half2>(tensor_layout_any, T1 *, tensor_layout_any, const T2 *)"
18658736324,16319,377605,2253,1,1,128,1,1,16,0.000,0.000,,,,,NVIDIA A100-SXM4-40GB MIG 4g.20gb (0),1,,13,cupy_copy__float16_float16
18658806307,7040,377614,282,1,1,128,1,1,16,0.000,0.000,,,,,NVIDIA A100-SXM4-40GB MIG 4g.20gb (0),1,,13,cupy_copy__complex64_complex64
18659206110,4416,377623,26,1,1,128,1,1,16,0.000,0.000,,,,,NVIDIA A100-SXM4-40GB MIG 4g.20gb (0),1,,13,cupy_copy__float32_float32
18659526331,7552,377632,103,1,1,128,1,1,16,0.000,0.000,,,,,NVIDIA A100-SXM4-40GB MIG 4g.20gb (0),1,,13,cupy_copy__complex64_complex64
18659608730,17856,377642,1434,1,1,128,1,1,16,0.000,0.000,,,,,NVIDIA A100-SXM4-40GB MIG 4g.20gb (0),1,,13,cupy_copy__complex64_complex64
18659957078,296957,377647,1,1,1,32,32,1,30,0.000,0.000,,,,,NVIDIA A100-SXM4-40GB MIG 4g.20gb (0),1,,13,"void convert_kernel<__half2, float2>(tensor_layout_any, T1 *, tensor_layout_any, const T2 *)"
18660284946,5824,377650,,,,,,,,,,0.094,16087.884,Pinned,Device,NVIDIA A100-SXM4-40GB MIG 4g.20gb (0),1,,13,[CUDA memcpy Host-to-Device]
18660682446,622233,377651,,,,,,,,,,456.561,733694.234,Device,,NVIDIA A100-SXM4-40GB MIG 4g.20gb (0),1,,13,[CUDA memset]
18661309191,57791,377656,,,,,,,,,,1.235,21368.236,Pinned,Device,NVIDIA A100-SXM4-40GB MIG 4g.20gb (0),1,,13,[CUDA memcpy Host-to-Device]
18661369446,12256,377657,,,,,,,,,,0.197,16041.640,Pinned,Device,NVIDIA A100-SXM4-40GB MIG 4g.20gb (0),1,,13,[CUDA memcpy Host-to-Device]
18661909024,20800,377658,69,4,1,48,1,1,76,0.002,0.000,,,,,NVIDIA A100-SXM4-40GB MIG 4g.20gb (0),1,,13,"void ch_est::windowedChEstPreNoDftSOfdmKernel<float, __half, float, (unsigned int)2, (unsigned int)1, (unsigned short)4>(ch_est::puschRxChEstStatDescr_t *, ch_est::puschRxChEstDynDescr_t *)"
18662477946,13376,377659,137,2,1,24,2,1,44,0.001,0.001,,,,,NVIDIA A100-SXM4-40GB MIG 4g.20gb (0),1,,13,"void ch_est::chEstFilterNoDftSOfdmDispatchKernel<float, __half, float, (unsigned int)2>(ch_est::puschRxChEstStatDescr_t *, ch_est::puschRxChEstDynDescr_t *)"
18662877365,28896,377660,137,2,1,24,2,1,44,0.001,0.001,,,,,NVIDIA A100-SXM4-40GB MIG 4g.20gb (0),1,,13,"void ch_est::chEstFilterNoDftSOfdmDispatchKernel<float, __half, float, (unsigned int)2>(ch_est::puschRxChEstStatDescr_t *, ch_est::puschRxChEstDynDescr_t *)"
18663050035,7520,377671,103,1,1,128,1,1,16,0.000,0.000,,,,,NVIDIA A100-SXM4-40GB MIG 4g.20gb (0),1,,13,cupy_copy__complex64_complex64
18663078963,22080,377681,1434,1,1,128,1,1,16,0.000,0.000,,,,,NVIDIA A100-SXM4-40GB MIG 4g.20gb (0),1,,13,cupy_copy__complex64_complex64
18663190450,8000,377688,103,1,1,128,1,1,16,0.000,0.000,,,,,NVIDIA A100-SXM4-40GB MIG 4g.20gb (0),1,,13,cupy_copy__complex64_complex64
18663408527,263293,377695,1,1,1,32,32,1,30,0.000,0.000,,,,,NVIDIA A100-SXM4-40GB MIG 4g.20gb (0),1,,13,"void convert_kernel<__half2, float2>(tensor_layout_any, T1 *, tensor_layout_any, const T2 *)"
18663701260,6368,377698,,,,,,,,,,0.094,14713.551,Pinned,Device,NVIDIA A100-SXM4-40GB MIG 4g.20gb (0),1,,13,[CUDA memcpy Host-to-Device]
18663933193,71040,377699,,,,,,,,,,35.810,504060.434,Device,,NVIDIA A100-SXM4-40GB MIG 4g.20gb (0),1,,13,[CUDA memset]
18664007593,1824,377701,,,,,,,,,,0.000,43.860,Pinned,Device,NVIDIA A100-SXM4-40GB MIG 4g.20gb (0),1,,13,[CUDA memcpy Host-to-Device]
18664020361,15967,377702,,,,,,,,,,0.197,12313.362,Pinned,Device,NVIDIA A100-SXM4-40GB MIG 4g.20gb (0),1,,13,[CUDA memcpy Host-to-Device]
18664380164,32224,377703,273,1,1,48,1,1,40,0.000,0.001,,,,,NVIDIA A100-SXM4-40GB MIG 4g.20gb (0),1,,13,"void pusch_noise_intf_est::noiseIntfEstNoDftSOfdmKernel<float, __half, float, float, (unsigned int)2, (unsigned int)1, (unsigned char)4, (unsigned char)4>(pusch_noise_intf_est::puschRxNoiseIntfEstDynDescr)"
18664621570,5056,377714,35,1,1,128,1,1,16,0.000,0.000,,,,,NVIDIA A100-SXM4-40GB MIG 4g.20gb (0),1,,13,cupy_copy__complex64_complex64
18664891647,5728,377723,1,1,1,1,1,1,18,0.000,0.000,,,,,NVIDIA A100-SXM4-40GB MIG 4g.20gb (0),1,,13,cupy_copy__float32_float32
18664900351,1696,377729,,,,,,,,,,0.000,2.358,Device,Pageable,NVIDIA A100-SXM4-40GB MIG 4g.20gb (0),1,,7,[CUDA memcpy Device-to-Host]
18665218331,20288,377740,1434,1,1,128,1,1,16,0.000,0.000,,,,,NVIDIA A100-SXM4-40GB MIG 4g.20gb (0),1,,13,cupy_copy__complex64_complex64
18665798389,6560,377747,103,1,1,128,1,1,16,0.000,0.000,,,,,NVIDIA A100-SXM4-40GB MIG 4g.20gb (0),1,,13,cupy_copy__complex64_complex64
18666164401,4415,377754,35,1,1,128,1,1,16,0.000,0.000,,,,,NVIDIA A100-SXM4-40GB MIG 4g.20gb (0),1,,13,cupy_copy__complex64_complex64
18666734698,4672,377761,1,1,1,1,1,1,18,0.000,0.000,,,,,NVIDIA A100-SXM4-40GB MIG 4g.20gb (0),1,,13,cupy_copy__float32_float32
18667397091,289437,377772,1,1,1,32,32,1,30,0.000,0.000,,,,,NVIDIA A100-SXM4-40GB MIG 4g.20gb (0),1,,13,"void convert_kernel<__half2, float2>(tensor_layout_any, T1 *, tensor_layout_any, const T2 *)"
18667718559,10688,377775,,,,,,,,,,0.094,8766.385,Pinned,Device,NVIDIA A100-SXM4-40GB MIG 4g.20gb (0),1,,13,[CUDA memcpy Host-to-Device]
18668436023,6272,377776,,,,,,,,,,1.547,246590.637,Device,,NVIDIA A100-SXM4-40GB MIG 4g.20gb (0),1,,13,[CUDA memset]
18668445303,7936,377781,,,,,,,,,,0.031,3943.546,Pinned,Device,NVIDIA A100-SXM4-40GB MIG 4g.20gb (0),1,,13,[CUDA memcpy Host-to-Device]
18668462999,15872,377782,,,,,,,,,,0.197,12387.090,Pinned,Device,NVIDIA A100-SXM4-40GB MIG 4g.20gb (0),1,,13,[CUDA memcpy Host-to-Device]
18669168047,13952,377783,273,1,1,8,4,1,39,0.002,0.000,,,,,NVIDIA A100-SXM4-40GB MIG 4g.20gb (0),1,,13,"void channel_eq::eqMmseCoefCompLowMimoKernel<float, float, float, (unsigned int)4, (unsigned int)1, (unsigned int)4>(const channel_eq::_puschRxChEqStatDescr *, channel_eq::_puschRxChEqCoefCompDynDescr)"
18669788200,11936,377784,273,1,1,12,11,1,51,0.002,0.000,,,,,NVIDIA A100-SXM4-40GB MIG 4g.20gb (0),1,,13,"void channel_eq::eqMmseSoftDemapKernel<float, __half, __half, float, (unsigned int)4, (unsigned short)16383>(channel_eq::_puschRxChEqStatDescr *, channel_eq::_puschRxChEqSoftDemapDynDescr)"
18670405665,598233,377785,1,1,1,32,32,1,30,0.000,0.000,,,,,NVIDIA A100-SXM4-40GB MIG 4g.20gb (0),1,,13,"void convert_kernel<float2, __half2>(tensor_layout_any, T1 *, tensor_layout_any, const T2 *)"
18671454101,25888,377797,2253,1,1,128,1,1,16,0.000,0.000,,,,,NVIDIA A100-SXM4-40GB MIG 4g.20gb (0),1,,13,cupy_copy__float16_float16
18671739154,6400,377806,282,1,1,128,1,1,16,0.000,0.000,,,,,NVIDIA A100-SXM4-40GB MIG 4g.20gb (0),1,,13,cupy_copy__complex64_complex64
18672561545,4640,377815,26,1,1,128,1,1,16,0.000,0.000,,,,,NVIDIA A100-SXM4-40GB MIG 4g.20gb (0),1,,13,cupy_copy__float32_float32
18672903877,15360,377824,103,1,1,128,1,1,16,0.000,0.000,,,,,NVIDIA A100-SXM4-40GB MIG 4g.20gb (0),1,,13,cupy_copy__complex64_complex64
18673345504,16928,377834,1434,1,1,128,1,1,16,0.000,0.000,,,,,NVIDIA A100-SXM4-40GB MIG 4g.20gb (0),1,,13,cupy_copy__complex64_complex64
18673642973,299773,377839,1,1,1,32,32,1,30,0.000,0.000,,,,,NVIDIA A100-SXM4-40GB MIG 4g.20gb (0),1,,13,"void convert_kernel<__half2, float2>(tensor_layout_any, T1 *, tensor_layout_any, const T2 *)"
18673973529,5472,377842,,,,,,,,,,0.094,17122.757,Pinned,Device,NVIDIA A100-SXM4-40GB MIG 4g.20gb (0),1,,13,[CUDA memcpy Host-to-Device]
18674219127,606105,377843,,,,,,,,,,456.561,752869.815,Device,,NVIDIA A100-SXM4-40GB MIG 4g.20gb (0),1,,13,[CUDA memset]
18674827376,55295,377848,,,,,,,,,,1.235,22332.727,Pinned,Device,NVIDIA A100-SXM4-40GB MIG 4g.20gb (0),1,,13,[CUDA memcpy Host-to-Device]
18674888367,11968,377849,,,,,,,,,,0.197,16427.778,Pinned,Device,NVIDIA A100-SXM4-40GB MIG 4g.20gb (0),1,,13,[CUDA memcpy Host-to-Device]
18675341866,14304,377850,69,4,1,48,1,1,76,0.002,0.000,,,,,NVIDIA A100-SXM4-40GB MIG 4g.20gb (0),1,,13,"void ch_est::windowedChEstPreNoDftSOfdmKernel<float, __half, float, (unsigned int)2, (unsigned int)1, (unsigned short)4>(ch_est::puschRxChEstStatDescr_t *, ch_est::puschRxChEstDynDescr_t *)"
18675923747,24544,377851,137,2,1,24,2,1,44,0.001,0.001,,,,,NVIDIA A100-SXM4-40GB MIG 4g.20gb (0),1,,13,"void ch_est::chEstFilterNoDftSOfdmDispatchKernel<float, __half, float, (unsigned int)2>(ch_est::puschRxChEstStatDescr_t *, ch_est::puschRxChEstDynDescr_t *)"
18676424574,18656,377852,137,2,1,24,2,1,44,0.001,0.001,,,,,NVIDIA A100-SXM4-40GB MIG 4g.20gb (0),1,,13,"void ch_est::chEstFilterNoDftSOfdmDispatchKernel<float, __half, float, (unsigned int)2>(ch_est::puschRxChEstStatDescr_t *, ch_est::puschRxChEstDynDescr_t *)"
18677173621,6624,377863,103,1,1,128,1,1,16,0.000,0.000,,,,,NVIDIA A100-SXM4-40GB MIG 4g.20gb (0),1,,13,cupy_copy__complex64_complex64
18677804174,18912,377873,1434,1,1,128,1,1,16,0.000,0.000,,,,,NVIDIA A100-SXM4-40GB MIG 4g.20gb (0),1,,13,cupy_copy__complex64_complex64
18678306729,9024,377880,103,1,1,128,1,1,16,0.000,0.000,,,,,NVIDIA A100-SXM4-40GB MIG 4g.20gb (0),1,,13,cupy_copy__complex64_complex64
18678728708,357948,377887,1,1,1,32,32,1,30,0.000,0.000,,,,,NVIDIA A100-SXM4-40GB MIG 4g.20gb (0),1,,13,"void convert_kernel<__half2, float2>(tensor_layout_any, T1 *, tensor_layout_any, const T2 *)"
18679116064,6880,377890,,,,,,,,,,0.094,13618.526,Pinned,Device,NVIDIA A100-SXM4-40GB MIG 4g.20gb (0),1,,13,[CUDA memcpy Host-to-Device]
18679354589,50880,377891,,,,,,,,,,35.810,703808.168,Device,,NVIDIA A100-SXM4-40GB MIG 4g.20gb (0),1,,13,[CUDA memset]
18679407869,1919,377893,,,,,,,,,,0.000,41.688,Pinned,Device,NVIDIA A100-SXM4-40GB MIG 4g.20gb (0),1,,13,[CUDA memcpy Host-to-Device]
18679412316,9728,377894,,,,,,,,,,0.197,20210.516,Pinned,Device,NVIDIA A100-SXM4-40GB MIG 4g.20gb (0),1,,13,[CUDA memcpy Host-to-Device]
18679678233,48544,377895,273,1,1,48,1,1,40,0.000,0.001,,,,,NVIDIA A100-SXM4-40GB MIG 4g.20gb (0),1,,13,"void pusch_noise_intf_est::noiseIntfEstNoDftSOfdmKernel<float, __half, float, float, (unsigned int)2, (unsigned int)1, (unsigned char)4, (unsigned char)4>(pusch_noise_intf_est::puschRxNoiseIntfEstDynDescr)"
18680018070,4864,377906,35,1,1,128,1,1,16,0.000,0.000,,,,,NVIDIA A100-SXM4-40GB MIG 4g.20gb (0),1,,13,cupy_copy__complex64_complex64
18680287347,4896,377915,1,1,1,1,1,1,18,0.000,0.000,,,,,NVIDIA A100-SXM4-40GB MIG 4g.20gb (0),1,,13,cupy_copy__float32_float32
18680297491,1600,377921,,,,,,,,,,0.000,2.500,Device,Pageable,NVIDIA A100-SXM4-40GB MIG 4g.20gb (0),1,,7,[CUDA memcpy Device-to-Host]
18680443441,25280,377932,1434,1,1,128,1,1,16,0.000,0.000,,,,,NVIDIA A100-SXM4-40GB MIG 4g.20gb (0),1,,13,cupy_copy__complex64_complex64
18680538768,5952,377939,103,1,1,128,1,1,16,0.000,0.000,,,,,NVIDIA A100-SXM4-40GB MIG 4g.20gb (0),1,,13,cupy_copy__complex64_complex64
18680602479,10016,377946,35,1,1,128,1,1,16,0.000,0.000,,,,,NVIDIA A100-SXM4-40GB MIG 4g.20gb (0),1,,13,cupy_copy__complex64_complex64
18680614831,4096,377953,1,1,1,1,1,1,18,0.000,0.000,,,,,NVIDIA A100-SXM4-40GB MIG 4g.20gb (0),1,,13,cupy_copy__float32_float32
18680620879,402299,377964,1,1,1,32,32,1,30,0.000,0.000,,,,,NVIDIA A100-SXM4-40GB MIG 4g.20gb (0),1,,13,"void convert_kernel<__half2, float2>(tensor_layout_any, T1 *, tensor_layout_any, const T2 *)"
18681052810,5568,377967,,,,,,,,,,0.094,16827.521,Pinned,Device,NVIDIA A100-SXM4-40GB MIG 4g.20gb (0),1,,13,[CUDA memcpy Host-to-Device]
18681096810,8928,377968,,,,,,,,,,1.547,173232.714,Device,,NVIDIA A100-SXM4-40GB MIG 4g.20gb (0),1,,13,[CUDA memset]
18681106826,3135,377973,,,,,,,,,,0.031,9982.767,Pinned,Device,NVIDIA A100-SXM4-40GB MIG 4g.20gb (0),1,,13,[CUDA memcpy Host-to-Device]
18681112393,9504,377974,,,,,,,,,,0.197,20686.701,Pinned,Device,NVIDIA A100-SXM4-40GB MIG 4g.20gb (0),1,,13,[CUDA memcpy Host-to-Device]
18681182089,14592,377975,273,1,1,8,4,1,39,0.002,0.000,,,,,NVIDIA A100-SXM4-40GB MIG 4g.20gb (0),1,,13,"void channel_eq::eqMmseCoefCompLowMimoKernel<float, float, float, (unsigned int)4, (unsigned int)1, (unsigned int)4>(const channel_eq::_puschRxChEqStatDescr *, channel_eq::_puschRxChEqCoefCompDynDescr)"
18681198536,8512,377976,273,1,1,12,11,1,51,0.002,0.000,,,,,NVIDIA A100-SXM4-40GB MIG 4g.20gb (0),1,,13,"void channel_eq::eqMmseSoftDemapKernel<float, __half, __half, float, (unsigned int)4, (unsigned short)16383>(channel_eq::_puschRxChEqStatDescr *, channel_eq::_puschRxChEqSoftDemapDynDescr)"
18681208840,581050,377977,1,1,1,32,32,1,30,0.000,0.000,,,,,NVIDIA A100-SXM4-40GB MIG 4g.20gb (0),1,,13,"void convert_kernel<float2, __half2>(tensor_layout_any, T1 *, tensor_layout_any, const T2 *)"
18681970336,19968,377989,2253,1,1,128,1,1,16,0.000,0.000,,,,,NVIDIA A100-SXM4-40GB MIG 4g.20gb (0),1,,13,cupy_copy__float16_float16
18682037279,6496,377998,282,1,1,128,1,1,16,0.000,0.000,,,,,NVIDIA A100-SXM4-40GB MIG 4g.20gb (0),1,,13,cupy_copy__complex64_complex64
18682447803,13631,378007,26,1,1,128,1,1,16,0.000,0.000,,,,,NVIDIA A100-SXM4-40GB MIG 4g.20gb (0),1,,13,cupy_copy__float32_float32
18682784151,12096,378016,103,1,1,128,1,1,16,0.000,0.000,,,,,NVIDIA A100-SXM4-40GB MIG 4g.20gb (0),1,,13,cupy_copy__complex64_complex64
18683213522,41727,378026,1434,1,1,128,1,1,16,0.000,0.000,,,,,NVIDIA A100-SXM4-40GB MIG 4g.20gb (0),1,,13,cupy_copy__complex64_complex64
18683606734,234845,378031,1,1,1,32,32,1,30,0.000,0.000,,,,,NVIDIA A100-SXM4-40GB MIG 4g.20gb (0),1,,13,"void convert_kernel<__half2, float2>(tensor_layout_any, T1 *, tensor_layout_any, const T2 *)"
18683875883,6047,378034,,,,,,,,,,0.094,15494.601,Pinned,Device,NVIDIA A100-SXM4-40GB MIG 4g.20gb (0),1,,13,[CUDA memcpy Host-to-Device]
18684312774,644472,378035,,,,,,,,,,456.561,708126.793,Device,,NVIDIA A100-SXM4-40GB MIG 4g.20gb (0),1,,13,[CUDA memset]
18684963998,53856,378040,,,,,,,,,,1.235,22930.440,Pinned,Device,NVIDIA A100-SXM4-40GB MIG 4g.20gb (0),1,,13,[CUDA memcpy Host-to-Device]
18685022110,9920,378041,,,,,,,,,,0.197,19819.266,Pinned,Device,NVIDIA A100-SXM4-40GB MIG 4g.20gb (0),1,,13,[CUDA memcpy Host-to-Device]
18685383706,17024,378042,69,4,1,48,1,1,76,0.002,0.000,,,,,NVIDIA A100-SXM4-40GB MIG 4g.20gb (0),1,,13,"void ch_est::windowedChEstPreNoDftSOfdmKernel<float, __half, float, (unsigned int)2, (unsigned int)1, (unsigned short)4>(ch_est::puschRxChEstStatDescr_t *, ch_est::puschRxChEstDynDescr_t *)"
18685704694,9760,378043,137,2,1,24,2,1,44,0.001,0.001,,,,,NVIDIA A100-SXM4-40GB MIG 4g.20gb (0),1,,13,"void ch_est::chEstFilterNoDftSOfdmDispatchKernel<float, __half, float, (unsigned int)2>(ch_est::puschRxChEstStatDescr_t *, ch_est::puschRxChEstDynDescr_t *)"
18686182929,9312,378044,137,2,1,24,2,1,44,0.001,0.001,,,,,NVIDIA A100-SXM4-40GB MIG 4g.20gb (0),1,,13,"void ch_est::chEstFilterNoDftSOfdmDispatchKernel<float, __half, float, (unsigned int)2>(ch_est::puschRxChEstStatDescr_t *, ch_est::puschRxChEstDynDescr_t *)"
18686658571,7712,378055,103,1,1,128,1,1,16,0.000,0.000,,,,,NVIDIA A100-SXM4-40GB MIG 4g.20gb (0),1,,13,cupy_copy__complex64_complex64
18686857513,28576,378065,1434,1,1,128,1,1,16,0.000,0.000,,,,,NVIDIA A100-SXM4-40GB MIG 4g.20gb (0),1,,13,cupy_copy__complex64_complex64
18687069799,13312,378072,103,1,1,128,1,1,16,0.000,0.000,,,,,NVIDIA A100-SXM4-40GB MIG 4g.20gb (0),1,,13,cupy_copy__complex64_complex64
18687344132,383515,378079,1,1,1,32,32,1,30,0.000,0.000,,,,,NVIDIA A100-SXM4-40GB MIG 4g.20gb (0),1,,13,"void convert_kernel<__half2, float2>(tensor_layout_any, T1 *, tensor_layout_any, const T2 *)"
18687755999,5792,378082,,,,,,,,,,0.094,16176.708,Pinned,Device,NVIDIA A100-SXM4-40GB MIG 4g.20gb (0),1,,13,[CUDA memcpy Host-to-Device]
18687774847,58143,378083,,,,,,,,,,35.810,615859.004,Device,,NVIDIA A100-SXM4-40GB MIG 4g.20gb (0),1,,13,[CUDA memset]
18687840798,3104,378085,,,,,,,,,,0.000,25.773,Pinned,Device,NVIDIA A100-SXM4-40GB MIG 4g.20gb (0),1,,13,[CUDA memcpy Host-to-Device]
18687848318,9856,378086,,,,,,,,,,0.197,19948.044,Pinned,Device,NVIDIA A100-SXM4-40GB MIG 4g.20gb (0),1,,13,[CUDA memcpy Host-to-Device]
18687896030,23327,378087,273,1,1,48,1,1,40,0.000,0.001,,,,,NVIDIA A100-SXM4-40GB MIG 4g.20gb (0),1,,13,"void pusch_noise_intf_est::noiseIntfEstNoDftSOfdmKernel<float, __half, float, float, (unsigned int)2, (unsigned int)1, (unsigned char)4, (unsigned char)4>(pusch_noise_intf_est::puschRxNoiseIntfEstDynDescr)"
18687981277,14048,378098,35,1,1,128,1,1,16,0.000,0.000,,,,,NVIDIA A100-SXM4-40GB MIG 4g.20gb (0),1,,13,cupy_copy__complex64_complex64
18687998396,3872,378107,1,1,1,1,1,1,18,0.000,0.000,,,,,NVIDIA A100-SXM4-40GB MIG 4g.20gb (0),1,,13,cupy_copy__float32_float32
18688015804,2496,378113,,,,,,,,,,0.000,1.603,Device,Pageable,NVIDIA A100-SXM4-40GB MIG 4g.20gb (0),1,,7,[CUDA memcpy Device-to-Host]
18688136955,17696,378124,1434,1,1,128,1,1,16,0.000,0.000,,,,,NVIDIA A100-SXM4-40GB MIG 4g.20gb (0),1,,13,cupy_copy__complex64_complex64
18688570742,7424,378131,103,1,1,128,1,1,16,0.000,0.000,,,,,NVIDIA A100-SXM4-40GB MIG 4g.20gb (0),1,,13,cupy_copy__complex64_complex64
18688645365,14976,378138,35,1,1,128,1,1,16,0.000,0.000,,,,,NVIDIA A100-SXM4-40GB MIG 4g.20gb (0),1,,13,cupy_copy__complex64_complex64
18689008369,6688,378145,1,1,1,1,1,1,18,0.000,0.000,,,,,NVIDIA A100-SXM4-40GB MIG 4g.20gb (0),1,,13,cupy_copy__float32_float32
18689017393,249629,378156,1,1,1,32,32,1,30,0.000,0.000,,,,,NVIDIA A100-SXM4-40GB MIG 4g.20gb (0),1,,13,"void convert_kernel<__half2, float2>(tensor_layout_any, T1 *, tensor_layout_any, const T2 *)"
18689298094,5472,378159,,,,,,,,,,0.094,17122.757,Pinned,Device,NVIDIA A100-SXM4-40GB MIG 4g.20gb (0),1,,13,[CUDA memcpy Host-to-Device]
18689442092,10688,378160,,,,,,,,,,1.547,144705.235,Device,,NVIDIA A100-SXM4-40GB MIG 4g.20gb (0),1,,13,[CUDA memset]
18689454860,3040,378165,,,,,,,,,,0.031,10294.725,Pinned,Device,NVIDIA A100-SXM4-40GB MIG 4g.20gb (0),1,,13,[CUDA memcpy Host-to-Device]
18689460780,10048,378166,,,,,,,,,,0.197,19566.821,Pinned,Device,NVIDIA A100-SXM4-40GB MIG 4g.20gb (0),1,,13,[CUDA memcpy Host-to-Device]
18689810920,25568,378167,273,1,1,8,4,1,39,0.002,0.000,,,,,NVIDIA A100-SXM4-40GB MIG 4g.20gb (0),1,,13,"void channel_eq::eqMmseCoefCompLowMimoKernel<float, float, float, (unsigned int)4, (unsigned int)1, (unsigned int)4>(const channel_eq::_puschRxChEqStatDescr *, channel_eq::_puschRxChEqCoefCompDynDescr)"
18689927079,13280,378168,273,1,1,12,11,1,51,0.002,0.000,,,,,NVIDIA A100-SXM4-40GB MIG 4g.20gb (0),1,,13,"void channel_eq::eqMmseSoftDemapKernel<float, __half, __half, float, (unsigned int)4, (unsigned short)16383>(channel_eq::_puschRxChEqStatDescr *, channel_eq::_puschRxChEqSoftDemapDynDescr)"
18690443105,822839,378169,1,1,1,32,32,1,30,0.000,0.000,,,,,NVIDIA A100-SXM4-40GB MIG 4g.20gb (0),1,,13,"void convert_kernel<float2, __half2>(tensor_layout_any, T1 *, tensor_layout_any, const T2 *)"
18691473718,26655,378181,2253,1,1,128,1,1,16,0.000,0.000,,,,,NVIDIA A100-SXM4-40GB MIG 4g.20gb (0),1,,13,cupy_copy__float16_float16
18692004336,15072,378190,282,1,1,128,1,1,16,0.000,0.000,,,,,NVIDIA A100-SXM4-40GB MIG 4g.20gb (0),1,,13,cupy_copy__complex64_complex64
18692469674,3968,378199,26,1,1,128,1,1,16,0.000,0.000,,,,,NVIDIA A100-SXM4-40GB MIG 4g.20gb (0),1,,13,cupy_copy__float32_float32
18692888358,9504,378208,103,1,1,128,1,1,16,0.000,0.000,,,,,NVIDIA A100-SXM4-40GB MIG 4g.20gb (0),1,,13,cupy_copy__complex64_complex64
18693050276,35552,378218,1434,1,1,128,1,1,16,0.000,0.000,,,,,NVIDIA A100-SXM4-40GB MIG 4g.20gb (0),1,,13,cupy_copy__complex64_complex64
18693228610,414203,378223,1,1,1,32,32,1,30,0.000,0.000,,,,,NVIDIA A100-SXM4-40GB MIG 4g.20gb (0),1,,13,"void convert_kernel<__half2, float2>(tensor_layout_any, T1 *, tensor_layout_any, const T2 *)"
18693672189,5888,378226,,,,,,,,,,0.094,15912.954,Pinned,Device,NVIDIA A100-SXM4-40GB MIG 4g.20gb (0),1,,13,[CUDA memcpy Host-to-Device]
18693700669,625529,378227,,,,,,,,,,456.561,729585.181,Device,,NVIDIA A100-SXM4-40GB MIG 4g.20gb (0),1,,13,[CUDA memset]
18694331094,49119,378232,,,,,,,,,,1.235,25140.990,Pinned,Device,NVIDIA A100-SXM4-40GB MIG 4g.20gb (0),1,,13,[CUDA memcpy Host-to-Device]
18694382837,9536,378233,,,,,,,,,,0.197,20617.298,Pinned,Device,NVIDIA A100-SXM4-40GB MIG 4g.20gb (0),1,,13,[CUDA memcpy Host-to-Device]
18694397109,7296,378234,69,4,1,48,1,1,76,0.002,0.000,,,,,NVIDIA A100-SXM4-40GB MIG 4g.20gb (0),1,,13,"void ch_est::windowedChEstPreNoDftSOfdmKernel<float, __half, float, (unsigned int)2, (unsigned int)1, (unsigned short)4>(ch_est::puschRxChEstStatDescr_t *, ch_est::puschRxChEstDynDescr_t *)"
18694406005,6656,378235,137,2,1,24,2,1,44,0.001,0.001,,,,,NVIDIA A100-SXM4-40GB MIG 4g.20gb (0),1,,13,"void ch_est::chEstFilterNoDftSOfdmDispatchKernel<float, __half, float, (unsigned int)2>(ch_est::puschRxChEstStatDescr_t *, ch_est::puschRxChEstDynDescr_t *)"
18694413877,5984,378236,137,2,1,24,2,1,44,0.001,0.001,,,,,NVIDIA A100-SXM4-40GB MIG 4g.20gb (0),1,,13,"void ch_est::chEstFilterNoDftSOfdmDispatchKernel<float, __half, float, (unsigned int)2>(ch_est::puschRxChEstStatDescr_t *, ch_est::puschRxChEstDynDescr_t *)"
18694421109,2560,378247,103,1,1,128,1,1,16,0.000,0.000,,,,,NVIDIA A100-SXM4-40GB MIG 4g.20gb (0),1,,13,cupy_copy__complex64_complex64
18694425077,12927,378257,1434,1,1,128,1,1,16,0.000,0.000,,,,,NVIDIA A100-SXM4-40GB MIG 4g.20gb (0),1,,13,cupy_copy__complex64_complex64
18694439924,2464,378264,103,1,1,128,1,1,16,0.000,0.000,,,,,NVIDIA A100-SXM4-40GB MIG 4g.20gb (0),1,,13,cupy_copy__complex64_complex64
18694443604,80064,378271,1,1,1,32,32,1,30,0.000,0.000,,,,,NVIDIA A100-SXM4-40GB MIG 4g.20gb (0),1,,13,"void convert_kernel<__half2, float2>(tensor_layout_any, T1 *, tensor_layout_any, const T2 *)"
18694558163,5376,378274,,,,,,,,,,0.094,17428.487,Pinned,Device,NVIDIA A100-SXM4-40GB MIG 4g.20gb (0),1,,13,[CUDA memcpy Host-to-Device]
18694571027,47391,378275,,,,,,,,,,35.810,755625.122,Device,,NVIDIA A100-SXM4-40GB MIG 4g.20gb (0),1,,13,[CUDA memset]
18694625298,1824,378277,,,,,,,,,,0.000,43.860,Pinned,Device,NVIDIA A100-SXM4-40GB MIG 4g.20gb (0),1,,13,[CUDA memcpy Host-to-Device]
18694629554,9344,378278,,,,,,,,,,0.197,21040.988,Pinned,Device,NVIDIA A100-SXM4-40GB MIG 4g.20gb (0),1,,13,[CUDA memcpy Host-to-Device]
18694643282,8608,378279,273,1,1,48,1,1,40,0.000,0.001,,,,,NVIDIA A100-SXM4-40GB MIG 4g.20gb (0),1,,13,"void pusch_noise_intf_est::noiseIntfEstNoDftSOfdmKernel<float, __half, float, float, (unsigned int)2, (unsigned int)1, (unsigned char)4, (unsigned char)4>(pusch_noise_intf_est::puschRxNoiseIntfEstDynDescr)"
18694662290,2880,378290,35,1,1,128,1,1,16,0.000,0.000,,,,,NVIDIA A100-SXM4-40GB MIG 4g.20gb (0),1,,13,cupy_copy__complex64_complex64
18694716017,1888,378299,1,1,1,1,1,1,18,0.000,0.000,,,,,NVIDIA A100-SXM4-40GB MIG 4g.20gb (0),1,,13,cupy_copy__float32_float32
18694767889,1600,378305,,,,,,,,,,0.000,2.500,Device,Pageable,NVIDIA A100-SXM4-40GB MIG 4g.20gb (0),1,,7,[CUDA memcpy Device-to-Host]
18694828048,13280,378316,1434,1,1,128,1,1,16,0.000,0.000,,,,,NVIDIA A100-SXM4-40GB MIG 4g.20gb (0),1,,13,cupy_copy__complex64_complex64
18694853968,2688,378323,103,1,1,128,1,1,16,0.000,0.000,,,,,NVIDIA A100-SXM4-40GB MIG 4g.20gb (0),1,,13,cupy_copy__complex64_complex64
18694889807,2208,378330,35,1,1,128,1,1,16,0.000,0.000,,,,,NVIDIA A100-SXM4-40GB MIG 4g.20gb (0),1,,13,cupy_copy__complex64_complex64
18694908655,1888,378337,1,1,1,1,1,1,18,0.000,0.000,,,,,NVIDIA A100-SXM4-40GB MIG 4g.20gb (0),1,,13,cupy_copy__float32_float32
18695159148,321405,378348,1,1,1,32,32,1,30,0.000,0.000,,,,,NVIDIA A100-SXM4-40GB MIG 4g.20gb (0),1,,13,"void convert_kernel<__half2, float2>(tensor_layout_any, T1 *, tensor_layout_any, const T2 *)"
18695508905,5663,378351,,,,,,,,,,0.094,16545.214,Pinned,Device,NVIDIA A100-SXM4-40GB MIG 4g.20gb (0),1,,13,[CUDA memcpy Host-to-Device]
18695852421,4768,378352,,,,,,,,,,1.547,324374.998,Device,,NVIDIA A100-SXM4-40GB MIG 4g.20gb (0),1,,13,[CUDA memset]
18695863013,3328,378357,,,,,,,,,,0.031,9403.822,Pinned,Device,NVIDIA A100-SXM4-40GB MIG 4g.20gb (0),1,,13,[CUDA memcpy Host-to-Device]
18695868996,10592,378358,,,,,,,,,,0.197,18561.761,Pinned,Device,NVIDIA A100-SXM4-40GB MIG 4g.20gb (0),1,,13,[CUDA memcpy Host-to-Device]
18696419678,18176,378359,273,1,1,8,4,1,39,0.002,0.000,,,,,NVIDIA A100-SXM4-40GB MIG 4g.20gb (0),1,,13,"void channel_eq::eqMmseCoefCompLowMimoKernel<float, float, float, (unsigned int)4, (unsigned int)1, (unsigned int)4>(const channel_eq::_puschRxChEqStatDescr *, channel_eq::_puschRxChEqCoefCompDynDescr)"
18697000920,10848,378360,273,1,1,12,11,1,51,0.002,0.000,,,,,NVIDIA A100-SXM4-40GB MIG 4g.20gb (0),1,,13,"void channel_eq::eqMmseSoftDemapKernel<float, __half, __half, float, (unsigned int)4, (unsigned short)16383>(channel_eq::_puschRxChEqStatDescr *, channel_eq::_puschRxChEqSoftDemapDynDescr)"
18697471155,807639,378361,1,1,1,32,32,1,30,0.000,0.000,,,,,NVIDIA A100-SXM4-40GB MIG 4g.20gb (0),1,,13,"void convert_kernel<float2, __half2>(tensor_layout_any, T1 *, tensor_layout_any, const T2 *)"
18698827875,24000,378373,2253,1,1,128,1,1,16,0.000,0.000,,,,,NVIDIA A100-SXM4-40GB MIG 4g.20gb (0),1,,13,cupy_copy__float16_float16
18699425341,11008,378382,282,1,1,128,1,1,16,0.000,0.000,,,,,NVIDIA A100-SXM4-40GB MIG 4g.20gb (0),1,,13,cupy_copy__complex64_complex64
18699949527,3264,378391,26,1,1,128,1,1,16,0.000,0.000,,,,,NVIDIA A100-SXM4-40GB MIG 4g.20gb (0),1,,13,cupy_copy__float32_float32
18700390386,10944,378400,103,1,1,128,1,1,16,0.000,0.000,,,,,NVIDIA A100-SXM4-40GB MIG 4g.20gb (0),1,,13,cupy_copy__complex64_complex64
18700463025,19680,378410,1434,1,1,128,1,1,16,0.000,0.000,,,,,NVIDIA A100-SXM4-40GB MIG 4g.20gb (0),1,,13,cupy_copy__complex64_complex64
18700862477,280925,378415,1,1,1,32,32,1,30,0.000,0.000,,,,,NVIDIA A100-SXM4-40GB MIG 4g.20gb (0),1,,13,"void convert_kernel<__half2, float2>(tensor_layout_any, T1 *, tensor_layout_any, const T2 *)"
18701172457,5376,378418,,,,,,,,,,0.094,17428.487,Pinned,Device,NVIDIA A100-SXM4-40GB MIG 4g.20gb (0),1,,13,[CUDA memcpy Host-to-Device]
18701191369,615993,378419,,,,,,,,,,456.561,740999.217,Device,,NVIDIA A100-SXM4-40GB MIG 4g.20gb (0),1,,13,[CUDA memset]
18701816354,51871,378424,,,,,,,,,,1.235,23807.250,Pinned,Device,NVIDIA A100-SXM4-40GB MIG 4g.20gb (0),1,,13,[CUDA memcpy Host-to-Device]
18701872993,9568,378425,,,,,,,,,,0.197,20548.485,Pinned,Device,NVIDIA A100-SXM4-40GB MIG 4g.20gb (0),1,,13,[CUDA memcpy Host-to-Device]
18701965088,8672,378426,69,4,1,48,1,1,76,0.002,0.000,,,,,NVIDIA A100-SXM4-40GB MIG 4g.20gb (0),1,,13,"void ch_est::windowedChEstPreNoDftSOfdmKernel<float, __half, float, (unsigned int)2, (unsigned int)1, (unsigned short)4>(ch_est::puschRxChEstStatDescr_t *, ch_est::puschRxChEstDynDescr_t *)"
18701975936,7200,378427,137,2,1,24,2,1,44,0.001,0.001,,,,,NVIDIA A100-SXM4-40GB MIG 4g.20gb (0),1,,13,"void ch_est::chEstFilterNoDftSOfdmDispatchKernel<float, __half, float, (unsigned int)2>(ch_est::puschRxChEstStatDescr_t *, ch_est::puschRxChEstDynDescr_t *)"
18702078559,9568,378428,137,2,1,24,2,1,44,0.001,0.001,,,,,NVIDIA A100-SXM4-40GB MIG 4g.20gb (0),1,,13,"void ch_est::chEstFilterNoDftSOfdmDispatchKernel<float, __half, float, (unsigned int)2>(ch_est::puschRxChEstStatDescr_t *, ch_est::puschRxChEstDynDescr_t *)"
18702089407,3904,378439,103,1,1,128,1,1,16,0.000,0.000,,,,,NVIDIA A100-SXM4-40GB MIG 4g.20gb (0),1,,13,cupy_copy__complex64_complex64
18702095039,12576,378449,1434,1,1,128,1,1,16,0.000,0.000,,,,,NVIDIA A100-SXM4-40GB MIG 4g.20gb (0),1,,13,cupy_copy__complex64_complex64
18702109823,2464,378456,103,1,1,128,1,1,16,0.000,0.000,,,,,NVIDIA A100-SXM4-40GB MIG 4g.20gb (0),1,,13,cupy_copy__complex64_complex64
18702113855,125182,378463,1,1,1,32,32,1,30,0.000,0.000,,,,,NVIDIA A100-SXM4-40GB MIG 4g.20gb (0),1,,13,"void convert_kernel<__half2, float2>(tensor_layout_any, T1 *, tensor_layout_any, const T2 *)"
18702269117,5408,378466,,,,,,,,,,0.094,17325.421,Pinned,Device,NVIDIA A100-SXM4-40GB MIG 4g.20gb (0),1,,13,[CUDA memcpy Host-to-Device]
18702361084,50815,378467,,,,,,,,,,35.810,704703.416,Device,,NVIDIA A100-SXM4-40GB MIG 4g.20gb (0),1,,13,[CUDA memset]
18702419579,2112,378469,,,,,,,,,,0.000,37.879,Pinned,Device,NVIDIA A100-SXM4-40GB MIG 4g.20gb (0),1,,13,[CUDA memcpy Host-to-Device]
18702424475,10560,378470,,,,,,,,,,0.197,18617.991,Pinned,Device,NVIDIA A100-SXM4-40GB MIG 4g.20gb (0),1,,13,[CUDA memcpy Host-to-Device]
18702513370,36608,378471,273,1,1,48,1,1,40,0.000,0.001,,,,,NVIDIA A100-SXM4-40GB MIG 4g.20gb (0),1,,13,"void pusch_noise_intf_est::noiseIntfEstNoDftSOfdmKernel<float, __half, float, float, (unsigned int)2, (unsigned int)1, (unsigned char)4, (unsigned char)4>(pusch_noise_intf_est::puschRxNoiseIntfEstDynDescr)"
18702669976,5408,378482,35,1,1,128,1,1,16,0.000,0.000,,,,,NVIDIA A100-SXM4-40GB MIG 4g.20gb (0),1,,13,cupy_copy__complex64_complex64
18703059220,4960,378491,1,1,1,1,1,1,18,0.000,0.000,,,,,NVIDIA A100-SXM4-40GB MIG 4g.20gb (0),1,,13,cupy_copy__float32_float32
18703071604,1856,378497,,,,,,,,,,0.000,2.155,Device,Pageable,NVIDIA A100-SXM4-40GB MIG 4g.20gb (0),1,,7,[CUDA memcpy Device-to-Host]
18703654317,21664,378508,1434,1,1,128,1,1,16,0.000,0.000,,,,,NVIDIA A100-SXM4-40GB MIG 4g.20gb (0),1,,13,cupy_copy__complex64_complex64
18704074441,4448,378515,103,1,1,128,1,1,16,0.000,0.000,,,,,NVIDIA A100-SXM4-40GB MIG 4g.20gb (0),1,,13,cupy_copy__complex64_complex64
18704660770,4096,378522,35,1,1,128,1,1,16,0.000,0.000,,,,,NVIDIA A100-SXM4-40GB MIG 4g.20gb (0),1,,13,cupy_copy__complex64_complex64
18705364762,4192,378529,1,1,1,1,1,1,18,0.000,0.000,,,,,NVIDIA A100-SXM4-40GB MIG 4g.20gb (0),1,,13,cupy_copy__float32_float32
18706045107,299676,378540,1,1,1,32,32,1,30,0.000,0.000,,,,,NVIDIA A100-SXM4-40GB MIG 4g.20gb (0),1,,13,"void convert_kernel<__half2, float2>(tensor_layout_any, T1 *, tensor_layout_any, const T2 *)"
18706374575,5920,378543,,,,,,,,,,0.094,15826.941,Pinned,Device,NVIDIA A100-SXM4-40GB MIG 4g.20gb (0),1,,13,[CUDA memcpy Host-to-Device]
18706993352,4928,378544,,,,,,,,,,1.547,313844.035,Device,,NVIDIA A100-SXM4-40GB MIG 4g.20gb (0),1,,13,[CUDA memset]
18707003048,4224,378549,,,,,,,,,,0.031,7409.078,Pinned,Device,NVIDIA A100-SXM4-40GB MIG 4g.20gb (0),1,,13,[CUDA memcpy Host-to-Device]
18707009768,10944,378550,,,,,,,,,,0.197,17964.859,Pinned,Device,NVIDIA A100-SXM4-40GB MIG 4g.20gb (0),1,,13,[CUDA memcpy Host-to-Device]
18707668641,15871,378551,273,1,1,8,4,1,39,0.002,0.000,,,,,NVIDIA A100-SXM4-40GB MIG 4g.20gb (0),1,,13,"void channel_eq::eqMmseCoefCompLowMimoKernel<float, float, float, (unsigned int)4, (unsigned int)1, (unsigned int)4>(const channel_eq::_puschRxChEqStatDescr *, channel_eq::_puschRxChEqCoefCompDynDescr)"
18708341689,22272,378552,273,1,1,12,11,1,51,0.002,0.000,,,,,NVIDIA A100-SXM4-40GB MIG 4g.20gb (0),1,,13,"void channel_eq::eqMmseSoftDemapKernel<float, __half, __half, float, (unsigned int)4, (unsigned short)16383>(channel_eq::_puschRxChEqStatDescr *, channel_eq::_puschRxChEqSoftDemapDynDescr)"
18709089393,759031,378553,1,1,1,32,32,1,30,0.000,0.000,,,,,NVIDIA A100-SXM4-40GB MIG 4g.20gb (0),1,,13,"void convert_kernel<float2, __half2>(tensor_layout_any, T1 *, tensor_layout_any, const T2 *)"
18709933863,13632,378565,2253,1,1,128,1,1,16,0.000,0.000,,,,,NVIDIA A100-SXM4-40GB MIG 4g.20gb (0),1,,13,cupy_copy__float16_float16
18709949063,4384,378574,282,1,1,128,1,1,16,0.000,0.000,,,,,NVIDIA A100-SXM4-40GB MIG 4g.20gb (0),1,,13,cupy_copy__complex64_complex64
18710040454,6656,378583,26,1,1,128,1,1,16,0.000,0.000,,,,,NVIDIA A100-SXM4-40GB MIG 4g.20gb (0),1,,13,cupy_copy__float32_float32
18710052006,4192,378592,103,1,1,128,1,1,16,0.000,0.000,,,,,NVIDIA A100-SXM4-40GB MIG 4g.20gb (0),1,,13,cupy_copy__complex64_complex64
18710138469,16768,378602,1434,1,1,128,1,1,16,0.000,0.000,,,,,NVIDIA A100-SXM4-40GB MIG 4g.20gb (0),1,,13,cupy_copy__complex64_complex64
18710157093,233405,378607,1,1,1,32,32,1,30,0.000,0.000,,,,,NVIDIA A100-SXM4-40GB MIG 4g.20gb (0),1,,13,"void convert_kernel<__half2, float2>(tensor_layout_any, T1 *, tensor_layout_any, const T2 *)"
18710421186,5920,378610,,,,,,,,,,0.094,15826.941,Pinned,Device,NVIDIA A100-SXM4-40GB MIG 4g.20gb (0),1,,13,[CUDA memcpy Host-to-Device]
18710443618,610841,378611,,,,,,,,,,456.561,747391.077,Device,,NVIDIA A100-SXM4-40GB MIG 4g.20gb (0),1,,13,[CUDA memset]
18711055419,50943,378616,,,,,,,,,,1.235,24240.716,Pinned,Device,NVIDIA A100-SXM4-40GB MIG 4g.20gb (0),1,,13,[CUDA memcpy Host-to-Device]
18711108986,10368,378617,,,,,,,,,,0.197,18962.842,Pinned,Device,NVIDIA A100-SXM4-40GB MIG 4g.20gb (0),1,,13,[CUDA memcpy Host-to-Device]
18711195065,9184,378618,69,4,1,48,1,1,76,0.002,0.000,,,,,NVIDIA A100-SXM4-40GB MIG 4g.20gb (0),1,,13,"void ch_est::windowedChEstPreNoDftSOfdmKernel<float, __half, float, (unsigned int)2, (unsigned int)1, (unsigned short)4>(ch_est::puschRxChEstStatDescr_t *, ch_est::puschRxChEstDynDescr_t *)"
18711818770,23008,378619,137,2,1,24,2,1,44,0.001,0.001,,,,,NVIDIA A100-SXM4-40GB MIG 4g.20gb (0),1,,13,"void ch_est::chEstFilterNoDftSOfdmDispatchKernel<float, __half, float, (unsigned int)2>(ch_est::puschRxChEstStatDescr_t *, ch_est::puschRxChEstDynDescr_t *)"
18711878738,13695,378620,137,2,1,24,2,1,44,0.001,0.001,,,,,NVIDIA A100-SXM4-40GB MIG 4g.20gb (0),1,,13,"void ch_est::chEstFilterNoDftSOfdmDispatchKernel<float, __half, float, (unsigned int)2>(ch_est::puschRxChEstStatDescr_t *, ch_est::puschRxChEstDynDescr_t *)"
18712506635,8479,378631,103,1,1,128,1,1,16,0.000,0.000,,,,,NVIDIA A100-SXM4-40GB MIG 4g.20gb (0),1,,13,cupy_copy__complex64_complex64
18713068868,25088,378641,1434,1,1,128,1,1,16,0.000,0.000,,,,,NVIDIA A100-SXM4-40GB MIG 4g.20gb (0),1,,13,cupy_copy__complex64_complex64
18713303522,6208,378648,103,1,1,128,1,1,16,0.000,0.000,,,,,NVIDIA A100-SXM4-40GB MIG 4g.20gb (0),1,,13,cupy_copy__complex64_complex64
18714202616,291580,378655,1,1,1,32,32,1,30,0.000,0.000,,,,,NVIDIA A100-SXM4-40GB MIG 4g.20gb (0),1,,13,"void convert_kernel<__half2, float2>(tensor_layout_any, T1 *, tensor_layout_any, const T2 *)"
18714524468,8832,378658,,,,,,,,,,0.094,10608.636,Pinned,Device,NVIDIA A100-SXM4-40GB MIG 4g.20gb (0),1,,13,[CUDA memcpy Host-to-Device]
18715103949,48576,378659,,,,,,,,,,35.810,737183.013,Device,,NVIDIA A100-SXM4-40GB MIG 4g.20gb (0),1,,13,[CUDA memset]
18715153421,3360,378661,,,,,,,,,,0.000,23.810,Pinned,Device,NVIDIA A100-SXM4-40GB MIG 4g.20gb (0),1,,13,[CUDA memcpy Host-to-Device]
18715159469,10080,378662,,,,,,,,,,0.197,19504.693,Pinned,Device,NVIDIA A100-SXM4-40GB MIG 4g.20gb (0),1,,13,[CUDA memcpy Host-to-Device]
18715868037,15424,378663,273,1,1,48,1,1,40,0.000,0.001,,,,,NVIDIA A100-SXM4-40GB MIG 4g.20gb (0),1,,13,"void pusch_noise_intf_est::noiseIntfEstNoDftSOfdmKernel<float, __half, float, float, (unsigned int)2, (unsigned int)1, (unsigned char)4, (unsigned char)4>(pusch_noise_intf_est::puschRxNoiseIntfEstDynDescr)"
18716772443,4576,378674,35,1,1,128,1,1,16,0.000,0.000,,,,,NVIDIA A100-SXM4-40GB MIG 4g.20gb (0),1,,13,cupy_copy__complex64_complex64
18717571122,3744,378683,1,1,1,1,1,1,18,0.000,0.000,,,,,NVIDIA A100-SXM4-40GB MIG 4g.20gb (0),1,,13,cupy_copy__float32_float32
18717580082,3168,378689,,,,,,,,,,0.000,1.263,Device,Pageable,NVIDIA A100-SXM4-40GB MIG 4g.20gb (0),1,,7,[CUDA memcpy Device-to-Host]
18718468072,19488,378700,1434,1,1,128,1,1,16,0.000,0.000,,,,,NVIDIA A100-SXM4-40GB MIG 4g.20gb (0),1,,13,cupy_copy__complex64_complex64
18719374942,6048,378707,103,1,1,128,1,1,16,0.000,0.000,,,,,NVIDIA A100-SXM4-40GB MIG 4g.20gb (0),1,,13,cupy_copy__complex64_complex64
18719670842,3616,378714,35,1,1,128,1,1,16,0.000,0.000,,,,,NVIDIA A100-SXM4-40GB MIG 4g.20gb (0),1,,13,cupy_copy__complex64_complex64
18719850104,3616,378721,1,1,1,1,1,1,18,0.000,0.000,,,,,NVIDIA A100-SXM4-40GB MIG 4g.20gb (0),1,,13,cupy_copy__float32_float32
18720112373,282717,378732,1,1,1,32,32,1,30,0.000,0.000,,,,,NVIDIA A100-SXM4-40GB MIG 4g.20gb (0),1,,13,"void convert_kernel<__half2, float2>(tensor_layout_any, T1 *, tensor_layout_any, const T2 *)"
18720425074,5664,378735,,,,,,,,,,0.094,16542.310,Pinned,Device,NVIDIA A100-SXM4-40GB MIG 4g.20gb (0),1,,13,[CUDA memcpy Host-to-Device]
18720496401,4480,378736,,,,,,,,,,1.547,345228.130,Device,,NVIDIA A100-SXM4-40GB MIG 4g.20gb (0),1,,13,[CUDA memset]
18720503121,3136,378741,,,,,,,,,,0.031,9979.575,Pinned,Device,NVIDIA A100-SXM4-40GB MIG 4g.20gb (0),1,,13,[CUDA memcpy Host-to-Device]
18720508785,9408,378742,,,,,,,,,,0.197,20897.858,Pinned,Device,NVIDIA A100-SXM4-40GB MIG 4g.20gb (0),1,,13,[CUDA memcpy Host-to-Device]
18720522289,7296,378743,273,1,1,8,4,1,39,0.002,0.000,,,,,NVIDIA A100-SXM4-40GB MIG 4g.20gb (0),1,,13,"void channel_eq::eqMmseCoefCompLowMimoKernel<float, float, float, (unsigned int)4, (unsigned int)1, (unsigned int)4>(const channel_eq::_puschRxChEqStatDescr *, channel_eq::_puschRxChEqCoefCompDynDescr)"
18720531057,7424,378744,273,1,1,12,11,1,51,0.002,0.000,,,,,NVIDIA A100-SXM4-40GB MIG 4g.20gb (0),1,,13,"void channel_eq::eqMmseSoftDemapKernel<float, __half, __half, float, (unsigned int)4, (unsigned short)16383>(channel_eq::_puschRxChEqStatDescr *, channel_eq::_puschRxChEqSoftDemapDynDescr)"
18720539825,378331,378745,1,1,1,32,32,1,30,0.000,0.000,,,,,NVIDIA A100-SXM4-40GB MIG 4g.20gb (0),1,,13,"void convert_kernel<float2, __half2>(tensor_layout_any, T1 *, tensor_layout_any, const T2 *)"
18721147754,17280,378757,2253,1,1,128,1,1,16,0.000,0.000,,,,,NVIDIA A100-SXM4-40GB MIG 4g.20gb (0),1,,13,cupy_copy__float16_float16
18721518310,7168,378766,282,1,1,128,1,1,16,0.000,0.000,,,,,NVIDIA A100-SXM4-40GB MIG 4g.20gb (0),1,,13,cupy_copy__complex64_complex64
18721527622,2912,378775,26,1,1,128,1,1,16,0.000,0.000,,,,,NVIDIA A100-SXM4-40GB MIG 4g.20gb (0),1,,13,cupy_copy__float32_float32
18721532422,3360,378784,103,1,1,128,1,1,16,0.000,0.000,,,,,NVIDIA A100-SXM4-40GB MIG 4g.20gb (0),1,,13,cupy_copy__complex64_complex64
18721537670,12191,378794,1434,1,1,128,1,1,16,0.000,0.000,,,,,NVIDIA A100-SXM4-40GB MIG 4g.20gb (0),1,,13,cupy_copy__complex64_complex64
18721551781,85791,378799,1,1,1,32,32,1,30,0.000,0.000,,,,,NVIDIA A100-SXM4-40GB MIG 4g.20gb (0),1,,13,"void convert_kernel<__half2, float2>(tensor_layout_any, T1 *, tensor_layout_any, const T2 *)"
18721665924,5632,378802,,,,,,,,,,0.094,16636.287,Pinned,Device,NVIDIA A100-SXM4-40GB MIG 4g.20gb (0),1,,13,[CUDA memcpy Host-to-Device]
18721961377,619161,378803,,,,,,,,,,456.561,737346.726,Device,,NVIDIA A100-SXM4-40GB MIG 4g.20gb (0),1,,13,[CUDA memset]
18722582842,51967,378808,,,,,,,,,,1.235,23762.792,Pinned,Device,NVIDIA A100-SXM4-40GB MIG 4g.20gb (0),1,,13,[CUDA memcpy Host-to-Device]
18722637625,9760,378809,,,,,,,,,,0.197,20144.259,Pinned,Device,NVIDIA A100-SXM4-40GB MIG 4g.20gb (0),1,,13,[CUDA memcpy Host-to-Device]
18723231251,15263,378810,69,4,1,48,1,1,76,0.002,0.000,,,,,NVIDIA A100-SXM4-40GB MIG 4g.20gb (0),1,,13,"void ch_est::windowedChEstPreNoDftSOfdmKernel<float, __half, float, (unsigned int)2, (unsigned int)1, (unsigned short)4>(ch_est::puschRxChEstStatDescr_t *, ch_est::puschRxChEstDynDescr_t *)"
18723920939,16992,378811,137,2,1,24,2,1,44,0.001,0.001,,,,,NVIDIA A100-SXM4-40GB MIG 4g.20gb (0),1,,13,"void ch_est::chEstFilterNoDftSOfdmDispatchKernel<float, __half, float, (unsigned int)2>(ch_est::puschRxChEstStatDescr_t *, ch_est::puschRxChEstDynDescr_t *)"
18724539428,14592,378812,137,2,1,24,2,1,44,0.001,0.001,,,,,NVIDIA A100-SXM4-40GB MIG 4g.20gb (0),1,,13,"void ch_est::chEstFilterNoDftSOfdmDispatchKernel<float, __half, float, (unsigned int)2>(ch_est::puschRxChEstStatDescr_t *, ch_est::puschRxChEstDynDescr_t *)"
18725232028,4416,378823,103,1,1,128,1,1,16,0.000,0.000,,,,,NVIDIA A100-SXM4-40GB MIG 4g.20gb (0),1,,13,cupy_copy__complex64_complex64
18725769270,19552,378833,1434,1,1,128,1,1,16,0.000,0.000,,,,,NVIDIA A100-SXM4-40GB MIG 4g.20gb (0),1,,13,cupy_copy__complex64_complex64
18726476366,7168,378840,103,1,1,128,1,1,16,0.000,0.000,,,,,NVIDIA A100-SXM4-40GB MIG 4g.20gb (0),1,,13,cupy_copy__complex64_complex64
18727086344,330620,378847,1,1,1,32,32,1,30,0.000,0.000,,,,,NVIDIA A100-SXM4-40GB MIG 4g.20gb (0),1,,13,"void convert_kernel<__half2, float2>(tensor_layout_any, T1 *, tensor_layout_any, const T2 *)"
18727447012,6623,378850,,,,,,,,,,0.094,14146.972,Pinned,Device,NVIDIA A100-SXM4-40GB MIG 4g.20gb (0),1,,13,[CUDA memcpy Host-to-Device]
18727739296,59136,378851,,,,,,,,,,35.810,605545.747,Device,,NVIDIA A100-SXM4-40GB MIG 4g.20gb (0),1,,13,[CUDA memset]
18727806623,1856,378853,,,,,,,,,,0.000,43.103,Pinned,Device,NVIDIA A100-SXM4-40GB MIG 4g.20gb (0),1,,13,[CUDA memcpy Host-to-Device]
18727812127,9952,378854,,,,,,,,,,0.197,19755.565,Pinned,Device,NVIDIA A100-SXM4-40GB MIG 4g.20gb (0),1,,13,[CUDA memcpy Host-to-Device]
18728123292,19008,378855,273,1,1,48,1,1,40,0.000,0.001,,,,,NVIDIA A100-SXM4-40GB MIG 4g.20gb (0),1,,13,"void pusch_noise_intf_est::noiseIntfEstNoDftSOfdmKernel<float, __half, float, float, (unsigned int)2, (unsigned int)1, (unsigned char)4, (unsigned char)4>(pusch_noise_intf_est::puschRxNoiseIntfEstDynDescr)"
18728458104,9920,378866,35,1,1,128,1,1,16,0.000,0.000,,,,,NVIDIA A100-SXM4-40GB MIG 4g.20gb (0),1,,13,cupy_copy__complex64_complex64
18728550359,5056,378875,1,1,1,1,1,1,18,0.000,0.000,,,,,NVIDIA A100-SXM4-40GB MIG 4g.20gb (0),1,,13,cupy_copy__float32_float32
18728556887,2560,378881,,,,,,,,,,0.000,1.562,Device,Pageable,NVIDIA A100-SXM4-40GB MIG 4g.20gb (0),1,,7,[CUDA memcpy Device-to-Host]
18728624630,15264,378892,1434,1,1,128,1,1,16,0.000,0.000,,,,,NVIDIA A100-SXM4-40GB MIG 4g.20gb (0),1,,13,cupy_copy__complex64_complex64
18728698134,6975,378899,103,1,1,128,1,1,16,0.000,0.000,,,,,NVIDIA A100-SXM4-40GB MIG 4g.20gb (0),1,,13,cupy_copy__complex64_complex64
18729002034,10368,378906,35,1,1,128,1,1,16,0.000,0.000,,,,,NVIDIA A100-SXM4-40GB MIG 4g.20gb (0),1,,13,cupy_copy__complex64_complex64
18729014962,6048,378913,1,1,1,1,1,1,18,0.000,0.000,,,,,NVIDIA A100-SXM4-40GB MIG 4g.20gb (0),1,,13,cupy_copy__float32_float32
18729023442,300253,378924,1,1,1,32,32,1,30,0.000,0.000,,,,,NVIDIA A100-SXM4-40GB MIG 4g.20gb (0),1,,13,"void convert_kernel<__half2, float2>(tensor_layout_any, T1 *, tensor_layout_any, const T2 *)"
18729353806,5504,378927,,,,,,,,,,0.094,17023.251,Pinned,Device,NVIDIA A100-SXM4-40GB MIG 4g.20gb (0),1,,13,[CUDA memcpy Host-to-Device]
18729369646,9056,378928,,,,,,,,,,1.547,170784.409,Device,,NVIDIA A100-SXM4-40GB MIG 4g.20gb (0),1,,13,[CUDA memset]
18729384302,3104,378933,,,,,,,,,,0.031,10082.445,Pinned,Device,NVIDIA A100-SXM4-40GB MIG 4g.20gb (0),1,,13,[CUDA memcpy Host-to-Device]
18729389838,10432,378934,,,,,,,,,,0.197,18846.450,Pinned,Device,NVIDIA A100-SXM4-40GB MIG 4g.20gb (0),1,,13,[CUDA memcpy Host-to-Device]
18729404206,6976,378935,273,1,1,8,4,1,39,0.002,0.000,,,,,NVIDIA A100-SXM4-40GB MIG 4g.20gb (0),1,,13,"void channel_eq::eqMmseCoefCompLowMimoKernel<float, float, float, (unsigned int)4, (unsigned int)1, (unsigned int)4>(const channel_eq::_puschRxChEqStatDescr *, channel_eq::_puschRxChEqCoefCompDynDescr)"
18729412590,6623,378936,273,1,1,12,11,1,51,0.002,0.000,,,,,NVIDIA A100-SXM4-40GB MIG 4g.20gb (0),1,,13,"void channel_eq::eqMmseSoftDemapKernel<float, __half, __half, float, (unsigned int)4, (unsigned short)16383>(channel_eq::_puschRxChEqStatDescr *, channel_eq::_puschRxChEqSoftDemapDynDescr)"
18729420525,364188,378937,1,1,1,32,32,1,30,0.000,0.000,,,,,NVIDIA A100-SXM4-40GB MIG 4g.20gb (0),1,,13,"void convert_kernel<float2, __half2>(tensor_layout_any, T1 *, tensor_layout_any, const T2 *)"
18729833545,14080,378949,2253,1,1,128,1,1,16,0.000,0.000,,,,,NVIDIA A100-SXM4-40GB MIG 4g.20gb (0),1,,13,cupy_copy__float16_float16
18730299396,11839,378958,282,1,1,128,1,1,16,0.000,0.000,,,,,NVIDIA A100-SXM4-40GB MIG 4g.20gb (0),1,,13,cupy_copy__complex64_complex64
18730559745,4576,378967,26,1,1,128,1,1,16,0.000,0.000,,,,,NVIDIA A100-SXM4-40GB MIG 4g.20gb (0),1,,13,cupy_copy__float32_float32
18731267353,5440,378976,103,1,1,128,1,1,16,0.000,0.000,,,,,NVIDIA A100-SXM4-40GB MIG 4g.20gb (0),1,,13,cupy_copy__complex64_complex64
18731973169,16960,378992,1434,1,1,128,1,1,16,0.000,0.000,,,,,NVIDIA A100-SXM4-40GB MIG 4g.20gb (0),1,,13,cupy_copy__complex64_complex64
18732560522,359388,378997,1,1,1,32,32,1,30,0.000,0.000,,,,,NVIDIA A100-SXM4-40GB MIG 4g.20gb (0),1,,13,"void convert_kernel<__half2, float2>(tensor_layout_any, T1 *, tensor_layout_any, const T2 *)"
18732949414,8128,379000,,,,,,,,,,0.094,11527.513,Pinned,Device,NVIDIA A100-SXM4-40GB MIG 4g.20gb (0),1,,13,[CUDA memcpy Host-to-Device]
18733395681,604537,379001,,,,,,,,,,456.561,755152.622,Device,,NVIDIA A100-SXM4-40GB MIG 4g.20gb (0),1,,13,[CUDA memset]
18734000794,56992,379006,,,,,,,,,,1.235,21668.327,Pinned,Device,NVIDIA A100-SXM4-40GB MIG 4g.20gb (0),1,,13,[CUDA memcpy Host-to-Device]
18734060282,9471,379007,,,,,,,,,,0.197,20758.856,Pinned,Device,NVIDIA A100-SXM4-40GB MIG 4g.20gb (0),1,,13,[CUDA memcpy Host-to-Device]
18734719858,12640,379008,69,4,1,48,1,1,76,0.002,0.000,,,,,NVIDIA A100-SXM4-40GB MIG 4g.20gb (0),1,,13,"void ch_est::windowedChEstPreNoDftSOfdmKernel<float, __half, float, (unsigned int)2, (unsigned int)1, (unsigned short)4>(ch_est::puschRxChEstStatDescr_t *, ch_est::puschRxChEstDynDescr_t *)"
18735443818,10112,379009,137,2,1,24,2,1,44,0.001,0.001,,,,,NVIDIA A100-SXM4-40GB MIG 4g.20gb (0),1,,13,"void ch_est::chEstFilterNoDftSOfdmDispatchKernel<float, __half, float, (unsigned int)2>(ch_est::puschRxChEstStatDescr_t *, ch_est::puschRxChEstDynDescr_t *)"
18735811174,10560,379010,137,2,1,24,2,1,44,0.001,0.001,,,,,NVIDIA A100-SXM4-40GB MIG 4g.20gb (0),1,,13,"void ch_est::chEstFilterNoDftSOfdmDispatchKernel<float, __half, float, (unsigned int)2>(ch_est::puschRxChEstStatDescr_t *, ch_est::puschRxChEstDynDescr_t *)"
18736169666,3328,379021,103,1,1,128,1,1,16,0.000,0.000,,,,,NVIDIA A100-SXM4-40GB MIG 4g.20gb (0),1,,13,cupy_copy__complex64_complex64
18736262849,17824,379031,1434,1,1,128,1,1,16,0.000,0.000,,,,,NVIDIA A100-SXM4-40GB MIG 4g.20gb (0),1,,13,cupy_copy__complex64_complex64
18736488286,3968,379038,103,1,1,128,1,1,16,0.000,0.000,,,,,NVIDIA A100-SXM4-40GB MIG 4g.20gb (0),1,,13,cupy_copy__complex64_complex64
18736616029,274557,379045,1,1,1,32,32,1,30,0.000,0.000,,,,,NVIDIA A100-SXM4-40GB MIG 4g.20gb (0),1,,13,"void convert_kernel<__half2, float2>(tensor_layout_any, T1 *, tensor_layout_any, const T2 *)"
18736919418,5856,379048,,,,,,,,,,0.094,15999.997,Pinned,Device,NVIDIA A100-SXM4-40GB MIG 4g.20gb (0),1,,13,[CUDA memcpy Host-to-Device]
18737133687,53920,379049,,,,,,,,,,35.810,664094.966,Device,,NVIDIA A100-SXM4-40GB MIG 4g.20gb (0),1,,13,[CUDA memset]
18737189847,2432,379051,,,,,,,,,,0.000,32.895,Pinned,Device,NVIDIA A100-SXM4-40GB MIG 4g.20gb (0),1,,13,[CUDA memcpy Host-to-Device]
18737195639,10623,379052,,,,,,,,,,0.197,18507.694,Pinned,Device,NVIDIA A100-SXM4-40GB MIG 4g.20gb (0),1,,13,[CUDA memcpy Host-to-Device]
18737627474,15904,379053,273,1,1,48,1,1,40,0.000,0.001,,,,,NVIDIA A100-SXM4-40GB MIG 4g.20gb (0),1,,13,"void pusch_noise_intf_est::noiseIntfEstNoDftSOfdmKernel<float, __half, float, float, (unsigned int)2, (unsigned int)1, (unsigned char)4, (unsigned char)4>(pusch_noise_intf_est::puschRxNoiseIntfEstDynDescr)"
18737772592,3872,379064,35,1,1,128,1,1,16,0.000,0.000,,,,,NVIDIA A100-SXM4-40GB MIG 4g.20gb (0),1,,13,cupy_copy__complex64_complex64
18738164364,4096,379073,1,1,1,1,1,1,18,0.000,0.000,,,,,NVIDIA A100-SXM4-40GB MIG 4g.20gb (0),1,,13,cupy_copy__float32_float32
18738171308,1728,379079,,,,,,,,,,0.000,2.315,Device,Pageable,NVIDIA A100-SXM4-40GB MIG 4g.20gb (0),1,,7,[CUDA memcpy Device-to-Host]
18738694726,20640,379090,1434,1,1,128,1,1,16,0.000,0.000,,,,,NVIDIA A100-SXM4-40GB MIG 4g.20gb (0),1,,13,cupy_copy__complex64_complex64
18738894180,5695,379097,103,1,1,128,1,1,16,0.000,0.000,,,,,NVIDIA A100-SXM4-40GB MIG 4g.20gb (0),1,,13,cupy_copy__complex64_complex64
18739478461,18048,379104,35,1,1,128,1,1,16,0.000,0.000,,,,,NVIDIA A100-SXM4-40GB MIG 4g.20gb (0),1,,13,cupy_copy__complex64_complex64
18740089142,2944,379111,1,1,1,1,1,1,18,0.000,0.000,,,,,NVIDIA A100-SXM4-40GB MIG 4g.20gb (0),1,,13,cupy_copy__float32_float32
18740703695,331773,379122,1,1,1,32,32,1,30,0.000,0.000,,,,,NVIDIA A100-SXM4-40GB MIG 4g.20gb (0),1,,13,"void convert_kernel<__half2, float2>(tensor_layout_any, T1 *, tensor_layout_any, const T2 *)"
18741065579,7520,379125,,,,,,,,,,0.094,12459.507,Pinned,Device,NVIDIA A100-SXM4-40GB MIG 4g.20gb (0),1,,13,[CUDA memcpy Host-to-Device]
18741653317,15392,379126,,,,,,,,,,1.547,100481.068,Device,,NVIDIA A100-SXM4-40GB MIG 4g.20gb (0),1,,13,[CUDA memset]
18741672036,4288,379131,,,,,,,,,,0.031,7298.478,Pinned,Device,NVIDIA A100-SXM4-40GB MIG 4g.20gb (0),1,,13,[CUDA memcpy Host-to-Device]
18741679172,11840,379132,,,,,,,,,,0.197,16605.315,Pinned,Device,NVIDIA A100-SXM4-40GB MIG 4g.20gb (0),1,,13,[CUDA memcpy Host-to-Device]
18742414524,20352,379133,273,1,1,8,4,1,39,0.002,0.000,,,,,NVIDIA A100-SXM4-40GB MIG 4g.20gb (0),1,,13,"void channel_eq::eqMmseCoefCompLowMimoKernel<float, float, float, (unsigned int)4, (unsigned int)1, (unsigned int)4>(const channel_eq::_puschRxChEqStatDescr *, channel_eq::_puschRxChEqCoefCompDynDescr)"
18743176308,21663,379134,273,1,1,12,11,1,51,0.002,0.000,,,,,NVIDIA A100-SXM4-40GB MIG 4g.20gb (0),1,,13,"void channel_eq::eqMmseSoftDemapKernel<float, __half, __half, float, (unsigned int)4, (unsigned short)16383>(channel_eq::_puschRxChEqStatDescr *, channel_eq::_puschRxChEqSoftDemapDynDescr)"
18743535184,888502,379135,1,1,1,32,32,1,30,0.000,0.000,,,,,NVIDIA A100-SXM4-40GB MIG 4g.20gb (0),1,,13,"void convert_kernel<float2, __half2>(tensor_layout_any, T1 *, tensor_layout_any, const T2 *)"
18744468965,14560,379147,2253,1,1,128,1,1,16,0.000,0.000,,,,,NVIDIA A100-SXM4-40GB MIG 4g.20gb (0),1,,13,cupy_copy__float16_float16
18744785602,12768,379156,282,1,1,128,1,1,16,0.000,0.000,,,,,NVIDIA A100-SXM4-40GB MIG 4g.20gb (0),1,,13,cupy_copy__complex64_complex64
18744857761,5600,379165,26,1,1,128,1,1,16,0.000,0.000,,,,,NVIDIA A100-SXM4-40GB MIG 4g.20gb (0),1,,13,cupy_copy__float32_float32
18744865281,4320,379174,103,1,1,128,1,1,16,0.000,0.000,,,,,NVIDIA A100-SXM4-40GB MIG 4g.20gb (0),1,,13,cupy_copy__complex64_complex64
18745290684,16992,379184,1434,1,1,128,1,1,16,0.000,0.000,,,,,NVIDIA A100-SXM4-40GB MIG 4g.20gb (0),1,,13,cupy_copy__complex64_complex64
18745625560,315165,379189,1,1,1,32,32,1,30,0.000,0.000,,,,,NVIDIA A100-SXM4-40GB MIG 4g.20gb (0),1,,13,"void convert_kernel<__half2, float2>(tensor_layout_any, T1 *, tensor_layout_any, const T2 *)"
18745970260,5472,379192,,,,,,,,,,0.094,17122.757,Pinned,Device,NVIDIA A100-SXM4-40GB MIG 4g.20gb (0),1,,13,[CUDA memcpy Host-to-Device]
18746200082,604537,379193,,,,,,,,,,456.561,755152.622,Device,,NVIDIA A100-SXM4-40GB MIG 4g.20gb (0),1,,13,[CUDA memset]
18746812875,52191,379198,,,,,,,,,,1.235,23661.527,Pinned,Device,NVIDIA A100-SXM4-40GB MIG 4g.20gb (0),1,,13,[CUDA memcpy Host-to-Device]
18746868042,10240,379199,,,,,,,,,,0.197,19199.951,Pinned,Device,NVIDIA A100-SXM4-40GB MIG 4g.20gb (0),1,,13,[CUDA memcpy Host-to-Device]
18747435236,12896,379200,69,4,1,48,1,1,76,0.002,0.000,,,,,NVIDIA A100-SXM4-40GB MIG 4g.20gb (0),1,,13,"void ch_est::windowedChEstPreNoDftSOfdmKernel<float, __half, float, (unsigned int)2, (unsigned int)1, (unsigned short)4>(ch_est::puschRxChEstStatDescr_t *, ch_est::puschRxChEstDynDescr_t *)"
18748134876,11520,379201,137,2,1,24,2,1,44,0.001,0.001,,,,,NVIDIA A100-SXM4-40GB MIG 4g.20gb (0),1,,13,"void ch_est::chEstFilterNoDftSOfdmDispatchKernel<float, __half, float, (unsigned int)2>(ch_est::puschRxChEstStatDescr_t *, ch_est::puschRxChEstDynDescr_t *)"
18748836724,11136,379202,137,2,1,24,2,1,44,0.001,0.001,,,,,NVIDIA A100-SXM4-40GB MIG 4g.20gb (0),1,,13,"void ch_est::chEstFilterNoDftSOfdmDispatchKernel<float, __half, float, (unsigned int)2>(ch_est::puschRxChEstStatDescr_t *, ch_est::puschRxChEstDynDescr_t *)"
18749419790,8160,379213,103,1,1,128,1,1,16,0.000,0.000,,,,,NVIDIA A100-SXM4-40GB MIG 4g.20gb (0),1,,13,cupy_copy__complex64_complex64
18750107718,19136,379223,1434,1,1,128,1,1,16,0.000,0.000,,,,,NVIDIA A100-SXM4-40GB MIG 4g.20gb (0),1,,13,cupy_copy__complex64_complex64
18750669664,4544,379230,103,1,1,128,1,1,16,0.000,0.000,,,,,NVIDIA A100-SXM4-40GB MIG 4g.20gb (0),1,,13,cupy_copy__complex64_complex64
18750929469,304605,379237,1,1,1,32,32,1,30,0.000,0.000,,,,,NVIDIA A100-SXM4-40GB MIG 4g.20gb (0),1,,13,"void convert_kernel<__half2, float2>(tensor_layout_any, T1 *, tensor_layout_any, const T2 *)"
18751263609,7008,379240,,,,,,,,,,0.094,13369.857,Pinned,Device,NVIDIA A100-SXM4-40GB MIG 4g.20gb (0),1,,13,[CUDA memcpy Host-to-Device]
18751437431,48608,379241,,,,,,,,,,35.810,736681.674,Device,,NVIDIA A100-SXM4-40GB MIG 4g.20gb (0),1,,13,[CUDA memset]
18751490455,2784,379243,,,,,,,,,,0.000,28.736,Pinned,Device,NVIDIA A100-SXM4-40GB MIG 4g.20gb (0),1,,13,[CUDA memcpy Host-to-Device]
18751495703,9664,379244,,,,,,,,,,0.197,20344.209,Pinned,Device,NVIDIA A100-SXM4-40GB MIG 4g.20gb (0),1,,13,[CUDA memcpy Host-to-Device]
18751738484,22336,379245,273,1,1,48,1,1,40,0.000,0.001,,,,,NVIDIA A100-SXM4-40GB MIG 4g.20gb (0),1,,13,"void pusch_noise_intf_est::noiseIntfEstNoDftSOfdmKernel<float, __half, float, float, (unsigned int)2, (unsigned int)1, (unsigned char)4, (unsigned char)4>(pusch_noise_intf_est::puschRxNoiseIntfEstDynDescr)"
18751993553,3296,379256,35,1,1,128,1,1,16,0.000,0.000,,,,,NVIDIA A100-SXM4-40GB MIG 4g.20gb (0),1,,13,cupy_copy__complex64_complex64
18752091088,4288,379265,1,1,1,1,1,1,18,0.000,0.000,,,,,NVIDIA A100-SXM4-40GB MIG 4g.20gb (0),1,,13,cupy_copy__float32_float32
18752271182,1568,379271,,,,,,,,,,0.000,2.551,Device,Pageable,NVIDIA A100-SXM4-40GB MIG 4g.20gb (0),1,,7,[CUDA memcpy Device-to-Host]
18752420300,22464,379282,1434,1,1,128,1,1,16,0.000,0.000,,,,,NVIDIA A100-SXM4-40GB MIG 4g.20gb (0),1,,13,cupy_copy__complex64_complex64
18752874247,8160,379289,103,1,1,128,1,1,16,0.000,0.000,,,,,NVIDIA A100-SXM4-40GB MIG 4g.20gb (0),1,,13,cupy_copy__complex64_complex64
18752987494,4576,379296,35,1,1,128,1,1,16,0.000,0.000,,,,,NVIDIA A100-SXM4-40GB MIG 4g.20gb (0),1,,13,cupy_copy__complex64_complex64
18753376578,3936,379303,1,1,1,1,1,1,18,0.000,0.000,,,,,NVIDIA A100-SXM4-40GB MIG 4g.20gb (0),1,,13,cupy_copy__float32_float32
18753488608,251678,379314,1,1,1,32,32,1,30,0.000,0.000,,,,,NVIDIA A100-SXM4-40GB MIG 4g.20gb (0),1,,13,"void convert_kernel<__half2, float2>(tensor_layout_any, T1 *, tensor_layout_any, const T2 *)"
18753769437,5664,379317,,,,,,,,,,0.094,16542.310,Pinned,Device,NVIDIA A100-SXM4-40GB MIG 4g.20gb (0),1,,13,[CUDA memcpy Host-to-Device]
18754001339,4704,379318,,,,,,,,,,1.547,328789.063,Device,,NVIDIA A100-SXM4-40GB MIG 4g.20gb (0),1,,13,[CUDA memset]
18754008923,3424,379323,,,,,,,,,,0.031,9140.185,Pinned,Device,NVIDIA A100-SXM4-40GB MIG 4g.20gb (0),1,,13,[CUDA memcpy Host-to-Device]
18754015003,10975,379324,,,,,,,,,,0.197,17914.135,Pinned,Device,NVIDIA A100-SXM4-40GB MIG 4g.20gb (0),1,,13,[CUDA memcpy Host-to-Device]
18754504597,41568,379325,273,1,1,8,4,1,39,0.002,0.000,,,,,NVIDIA A100-SXM4-40GB MIG 4g.20gb (0),1,,13,"void channel_eq::eqMmseCoefCompLowMimoKernel<float, float, float, (unsigned int)4, (unsigned int)1, (unsigned int)4>(const channel_eq::_puschRxChEqStatDescr *, channel_eq::_puschRxChEqCoefCompDynDescr)"
18755057519,10688,379326,273,1,1,12,11,1,51,0.002,0.000,,,,,NVIDIA A100-SXM4-40GB MIG 4g.20gb (0),1,,13,"void channel_eq::eqMmseSoftDemapKernel<float, __half, __half, float, (unsigned int)4, (unsigned short)16383>(channel_eq::_puschRxChEqStatDescr *, channel_eq::_puschRxChEqSoftDemapDynDescr)"
18755809670,696281,379327,1,1,1,32,32,1,30,0.000,0.000,,,,,NVIDIA A100-SXM4-40GB MIG 4g.20gb (0),1,,13,"void convert_kernel<float2, __half2>(tensor_layout_any, T1 *, tensor_layout_any, const T2 *)"
18756942842,14336,379339,2253,1,1,128,1,1,16,0.000,0.000,,,,,NVIDIA A100-SXM4-40GB MIG 4g.20gb (0),1,,13,cupy_copy__float16_float16
18757655314,4672,379348,282,1,1,128,1,1,16,0.000,0.000,,,,,NVIDIA A100-SXM4-40GB MIG 4g.20gb (0),1,,13,cupy_copy__complex64_complex64
18758301611,3392,379357,26,1,1,128,1,1,16,0.000,0.000,,,,,NVIDIA A100-SXM4-40GB MIG 4g.20gb (0),1,,13,cupy_copy__float32_float32
18758999875,10464,379366,103,1,1,128,1,1,16,0.000,0.000,,,,,NVIDIA A100-SXM4-40GB MIG 4g.20gb (0),1,,13,cupy_copy__complex64_complex64
18759438846,16704,379376,1434,1,1,128,1,1,16,0.000,0.000,,,,,NVIDIA A100-SXM4-40GB MIG 4g.20gb (0),1,,13,cupy_copy__complex64_complex64
18759734843,288956,379381,1,1,1,32,32,1,30,0.000,0.000,,,,,NVIDIA A100-SXM4-40GB MIG 4g.20gb (0),1,,13,"void convert_kernel<__half2, float2>(tensor_layout_any, T1 *, tensor_layout_any, const T2 *)"
18760056759,5376,379384,,,,,,,,,,0.094,17428.487,Pinned,Device,NVIDIA A100-SXM4-40GB MIG 4g.20gb (0),1,,13,[CUDA memcpy Host-to-Device]
18760309044,603257,379385,,,,,,,,,,456.561,756522.306,Device,,NVIDIA A100-SXM4-40GB MIG 4g.20gb (0),1,,13,[CUDA memset]
18760920365,50336,379390,,,,,,,,,,1.235,24533.398,Pinned,Device,NVIDIA A100-SXM4-40GB MIG 4g.20gb (0),1,,13,[CUDA memcpy Host-to-Device]
18760973229,10208,379391,,,,,,,,,,0.197,19260.113,Pinned,Device,NVIDIA A100-SXM4-40GB MIG 4g.20gb (0),1,,13,[CUDA memcpy Host-to-Device]
18761311433,15488,379392,69,4,1,48,1,1,76,0.002,0.000,,,,,NVIDIA A100-SXM4-40GB MIG 4g.20gb (0),1,,13,"void ch_est::windowedChEstPreNoDftSOfdmKernel<float, __half, float, (unsigned int)2, (unsigned int)1, (unsigned short)4>(ch_est::puschRxChEstStatDescr_t *, ch_est::puschRxChEstDynDescr_t *)"
18761924162,14656,379393,137,2,1,24,2,1,44,0.001,0.001,,,,,NVIDIA A100-SXM4-40GB MIG 4g.20gb (0),1,,13,"void ch_est::chEstFilterNoDftSOfdmDispatchKernel<float, __half, float, (unsigned int)2>(ch_est::puschRxChEstStatDescr_t *, ch_est::puschRxChEstDynDescr_t *)"
18762401469,13344,379394,137,2,1,24,2,1,44,0.001,0.001,,,,,NVIDIA A100-SXM4-40GB MIG 4g.20gb (0),1,,13,"void ch_est::chEstFilterNoDftSOfdmDispatchKernel<float, __half, float, (unsigned int)2>(ch_est::puschRxChEstStatDescr_t *, ch_est::puschRxChEstDynDescr_t *)"
18762496764,4736,379405,103,1,1,128,1,1,16,0.000,0.000,,,,,NVIDIA A100-SXM4-40GB MIG 4g.20gb (0),1,,13,cupy_copy__complex64_complex64
18762878583,19136,379415,1434,1,1,128,1,1,16,0.000,0.000,,,,,NVIDIA A100-SXM4-40GB MIG 4g.20gb (0),1,,13,cupy_copy__complex64_complex64
18762980598,4480,379422,103,1,1,128,1,1,16,0.000,0.000,,,,,NVIDIA A100-SXM4-40GB MIG 4g.20gb (0),1,,13,cupy_copy__complex64_complex64
18763365394,338684,379429,1,1,1,32,32,1,30,0.000,0.000,,,,,NVIDIA A100-SXM4-40GB MIG 4g.20gb (0),1,,13,"void convert_kernel<__half2, float2>(tensor_layout_any, T1 *, tensor_layout_any, const T2 *)"
18763732942,5696,379432,,,,,,,,,,0.094,16449.363,Pinned,Device,NVIDIA A100-SXM4-40GB MIG 4g.20gb (0),1,,13,[CUDA memcpy Host-to-Device]
18764078698,53279,379433,,,,,,,,,,35.810,672116.388,Device,,NVIDIA A100-SXM4-40GB MIG 4g.20gb (0),1,,13,[CUDA memset]
18764135241,1888,379435,,,,,,,,,,0.000,42.373,Pinned,Device,NVIDIA A100-SXM4-40GB MIG 4g.20gb (0),1,,13,[CUDA memcpy Host-to-Device]
18764139945,9824,379436,,,,,,,,,,0.197,20012.925,Pinned,Device,NVIDIA A100-SXM4-40GB MIG 4g.20gb (0),1,,13,[CUDA memcpy Host-to-Device]
18764773698,19776,379437,273,1,1,48,1,1,40,0.000,0.001,,,,,NVIDIA A100-SXM4-40GB MIG 4g.20gb (0),1,,13,"void pusch_noise_intf_est::noiseIntfEstNoDftSOfdmKernel<float, __half, float, float, (unsigned int)2, (unsigned int)1, (unsigned char)4, (unsigned char)4>(pusch_noise_intf_est::puschRxNoiseIntfEstDynDescr)"
18765340860,9248,379448,35,1,1,128,1,1,16,0.000,0.000,,,,,NVIDIA A100-SXM4-40GB MIG 4g.20gb (0),1,,13,cupy_copy__complex64_complex64
18765941621,3552,379457,1,1,1,1,1,1,18,0.000,0.000,,,,,NVIDIA A100-SXM4-40GB MIG 4g.20gb (0),1,,13,cupy_copy__float32_float32
18765957973,3392,379463,,,,,,,,,,0.000,1.179,Device,Pageable,NVIDIA A100-SXM4-40GB MIG 4g.20gb (0),1,,7,[CUDA memcpy Device-to-Host]
18766618734,18399,379474,1434,1,1,128,1,1,16,0.000,0.000,,,,,NVIDIA A100-SXM4-40GB MIG 4g.20gb (0),1,,13,cupy_copy__complex64_complex64
18767193095,6912,379481,103,1,1,128,1,1,16,0.000,0.000,,,,,NVIDIA A100-SXM4-40GB MIG 4g.20gb (0),1,,13,cupy_copy__complex64_complex64
18767351109,8832,379488,35,1,1,128,1,1,16,0.000,0.000,,,,,NVIDIA A100-SXM4-40GB MIG 4g.20gb (0),1,,13,cupy_copy__complex64_complex64
18767418597,4064,379495,1,1,1,1,1,1,18,0.000,0.000,,,,,NVIDIA A100-SXM4-40GB MIG 4g.20gb (0),1,,13,cupy_copy__float32_float32
18767507684,432027,379506,1,1,1,32,32,1,30,0.000,0.000,,,,,NVIDIA A100-SXM4-40GB MIG 4g.20gb (0),1,,13,"void convert_kernel<__half2, float2>(tensor_layout_any, T1 *, tensor_layout_any, const T2 *)"
18767970079,5823,379509,,,,,,,,,,0.094,16090.601,Pinned,Device,NVIDIA A100-SXM4-40GB MIG 4g.20gb (0),1,,13,[CUDA memcpy Host-to-Device]
18768089117,8480,379510,,,,,,,,,,1.547,182384.089,Device,,NVIDIA A100-SXM4-40GB MIG 4g.20gb (0),1,,13,[CUDA memset]
18768098909,3072,379515,,,,,,,,,,0.031,10187.474,Pinned,Device,NVIDIA A100-SXM4-40GB MIG 4g.20gb (0),1,,13,[CUDA memcpy Host-to-Device]
18768104765,10144,379516,,,,,,,,,,0.197,19381.617,Pinned,Device,NVIDIA A100-SXM4-40GB MIG 4g.20gb (0),1,,13,[CUDA memcpy Host-to-Device]
18768285723,14464,379517,273,1,1,8,4,1,39,0.002,0.000,,,,,NVIDIA A100-SXM4-40GB MIG 4g.20gb (0),1,,13,"void channel_eq::eqMmseCoefCompLowMimoKernel<float, float, float, (unsigned int)4, (unsigned int)1, (unsigned int)4>(const channel_eq::_puschRxChEqStatDescr *, channel_eq::_puschRxChEqCoefCompDynDescr)"
18768415642,11551,379518,273,1,1,12,11,1,51,0.002,0.000,,,,,NVIDIA A100-SXM4-40GB MIG 4g.20gb (0),1,,13,"void channel_eq::eqMmseSoftDemapKernel<float, __half, __half, float, (unsigned int)4, (unsigned short)16383>(channel_eq::_puschRxChEqStatDescr *, channel_eq::_puschRxChEqSoftDemapDynDescr)"
18768427897,503515,379519,1,1,1,32,32,1,30,0.000,0.000,,,,,NVIDIA A100-SXM4-40GB MIG 4g.20gb (0),1,,13,"void convert_kernel<float2, __half2>(tensor_layout_any, T1 *, tensor_layout_any, const T2 *)"
18769010707,13248,379531,2253,1,1,128,1,1,16,0.000,0.000,,,,,NVIDIA A100-SXM4-40GB MIG 4g.20gb (0),1,,13,cupy_copy__float16_float16
18769026099,4032,379540,282,1,1,128,1,1,16,0.000,0.000,,,,,NVIDIA A100-SXM4-40GB MIG 4g.20gb (0),1,,13,cupy_copy__complex64_complex64
18769149649,3520,379549,26,1,1,128,1,1,16,0.000,0.000,,,,,NVIDIA A100-SXM4-40GB MIG 4g.20gb (0),1,,13,cupy_copy__float32_float32
18769154481,3968,379558,103,1,1,128,1,1,16,0.000,0.000,,,,,NVIDIA A100-SXM4-40GB MIG 4g.20gb (0),1,,13,cupy_copy__complex64_complex64
18769279024,15840,379568,1434,1,1,128,1,1,16,0.000,0.000,,,,,NVIDIA A100-SXM4-40GB MIG 4g.20gb (0),1,,13,cupy_copy__complex64_complex64
18769296528,235293,379573,1,1,1,32,32,1,30,0.000,0.000,,,,,NVIDIA A100-SXM4-40GB MIG 4g.20gb (0),1,,13,"void convert_kernel<__half2, float2>(tensor_layout_any, T1 *, tensor_layout_any, const T2 *)"
18769560589,5344,379576,,,,,,,,,,0.094,17532.864,Pinned,Device,NVIDIA A100-SXM4-40GB MIG 4g.20gb (0),1,,13,[CUDA memcpy Host-to-Device]
18769832170,611961,379577,,,,,,,,,,456.561,746021.393,Device,,NVIDIA A100-SXM4-40GB MIG 4g.20gb (0),1,,13,[CUDA memset]
18770450691,52191,379582,,,,,,,,,,1.235,23661.527,Pinned,Device,NVIDIA A100-SXM4-40GB MIG 4g.20gb (0),1,,13,[CUDA memcpy Host-to-Device]
18770505538,10400,379583,,,,,,,,,,0.197,18904.449,Pinned,Device,NVIDIA A100-SXM4-40GB MIG 4g.20gb (0),1,,13,[CUDA memcpy Host-to-Device]
18770923806,14591,379584,69,4,1,48,1,1,76,0.002,0.000,,,,,NVIDIA A100-SXM4-40GB MIG 4g.20gb (0),1,,13,"void ch_est::windowedChEstPreNoDftSOfdmKernel<float, __half, float, (unsigned int)2, (unsigned int)1, (unsigned short)4>(ch_est::puschRxChEstStatDescr_t *, ch_est::puschRxChEstDynDescr_t *)"
18771457400,12415,379585,137,2,1,24,2,1,44,0.001,0.001,,,,,NVIDIA A100-SXM4-40GB MIG 4g.20gb (0),1,,13,"void ch_est::chEstFilterNoDftSOfdmDispatchKernel<float, __half, float, (unsigned int)2>(ch_est::puschRxChEstStatDescr_t *, ch_est::puschRxChEstDynDescr_t *)"
18771884691,17056,379586,137,2,1,24,2,1,44,0.001,0.001,,,,,NVIDIA A100-SXM4-40GB MIG 4g.20gb (0),1,,13,"void ch_est::chEstFilterNoDftSOfdmDispatchKernel<float, __half, float, (unsigned int)2>(ch_est::puschRxChEstStatDescr_t *, ch_est::puschRxChEstDynDescr_t *)"
18772414797,5280,379597,103,1,1,128,1,1,16,0.000,0.000,,,,,NVIDIA A100-SXM4-40GB MIG 4g.20gb (0),1,,13,cupy_copy__complex64_complex64
18772839592,20704,379607,1434,1,1,128,1,1,16,0.000,0.000,,,,,NVIDIA A100-SXM4-40GB MIG 4g.20gb (0),1,,13,cupy_copy__complex64_complex64
18773194180,4640,379614,103,1,1,128,1,1,16,0.000,0.000,,,,,NVIDIA A100-SXM4-40GB MIG 4g.20gb (0),1,,13,cupy_copy__complex64_complex64
18773725182,290429,379621,1,1,1,32,32,1,30,0.000,0.000,,,,,NVIDIA A100-SXM4-40GB MIG 4g.20gb (0),1,,13,"void convert_kernel<__half2, float2>(tensor_layout_any, T1 *, tensor_layout_any, const T2 *)"
18774044891,6560,379624,,,,,,,,,,0.094,14282.925,Pinned,Device,NVIDIA A100-SXM4-40GB MIG 4g.20gb (0),1,,13,[CUDA memcpy Host-to-Device]
18774540597,49600,379625,,,,,,,,,,35.810,721963.797,Device,,NVIDIA A100-SXM4-40GB MIG 4g.20gb (0),1,,13,[CUDA memset]
18774591189,1823,379627,,,,,,,,,,0.000,43.884,Pinned,Device,NVIDIA A100-SXM4-40GB MIG 4g.20gb (0),1,,13,[CUDA memcpy Host-to-Device]
18774595412,9760,379628,,,,,,,,,,0.197,20144.259,Pinned,Device,NVIDIA A100-SXM4-40GB MIG 4g.20gb (0),1,,13,[CUDA memcpy Host-to-Device]
18774987056,20192,379629,273,1,1,48,1,1,40,0.000,0.001,,,,,NVIDIA A100-SXM4-40GB MIG 4g.20gb (0),1,,13,"void pusch_noise_intf_est::noiseIntfEstNoDftSOfdmKernel<float, __half, float, float, (unsigned int)2, (unsigned int)1, (unsigned char)4, (unsigned char)4>(pusch_noise_intf_est::puschRxNoiseIntfEstDynDescr)"
18775181582,4992,379640,35,1,1,128,1,1,16,0.000,0.000,,,,,NVIDIA A100-SXM4-40GB MIG 4g.20gb (0),1,,13,cupy_copy__complex64_complex64
18775267085,4576,379649,1,1,1,1,1,1,18,0.000,0.000,,,,,NVIDIA A100-SXM4-40GB MIG 4g.20gb (0),1,,13,cupy_copy__float32_float32
18775282509,1792,379655,,,,,,,,,,0.000,2.232,Device,Pageable,NVIDIA A100-SXM4-40GB MIG 4g.20gb (0),1,,7,[CUDA memcpy Device-to-Host]
18775364268,16928,379666,1434,1,1,128,1,1,16,0.000,0.000,,,,,NVIDIA A100-SXM4-40GB MIG 4g.20gb (0),1,,13,cupy_copy__complex64_complex64
18775382924,3552,379673,103,1,1,128,1,1,16,0.000,0.000,,,,,NVIDIA A100-SXM4-40GB MIG 4g.20gb (0),1,,13,cupy_copy__complex64_complex64
18775393964,2656,379680,35,1,1,128,1,1,16,0.000,0.000,,,,,NVIDIA A100-SXM4-40GB MIG 4g.20gb (0),1,,13,cupy_copy__complex64_complex64
18775411787,2176,379687,1,1,1,1,1,1,18,0.000,0.000,,,,,NVIDIA A100-SXM4-40GB MIG 4g.20gb (0),1,,13,cupy_copy__float32_float32
18775727400,248093,379698,1,1,1,32,32,1,30,0.000,0.000,,,,,NVIDIA A100-SXM4-40GB MIG 4g.20gb (0),1,,13,"void convert_kernel<__half2, float2>(tensor_layout_any, T1 *, tensor_layout_any, const T2 *)"
18776004933,5376,379701,,,,,,,,,,0.094,17428.487,Pinned,Device,NVIDIA A100-SXM4-40GB MIG 4g.20gb (0),1,,13,[CUDA memcpy Host-to-Device]
18776150275,4448,379702,,,,,,,,,,1.547,347712.008,Device,,NVIDIA A100-SXM4-40GB MIG 4g.20gb (0),1,,13,[CUDA memset]
18776157859,3968,379707,,,,,,,,,,0.031,7887.093,Pinned,Device,NVIDIA A100-SXM4-40GB MIG 4g.20gb (0),1,,13,[CUDA memcpy Host-to-Device]
18776164771,10208,379708,,,,,,,,,,0.197,19260.113,Pinned,Device,NVIDIA A100-SXM4-40GB MIG 4g.20gb (0),1,,13,[CUDA memcpy Host-to-Device]
18776334529,10688,379709,273,1,1,8,4,1,39,0.002,0.000,,,,,NVIDIA A100-SXM4-40GB MIG 4g.20gb (0),1,,13,"void channel_eq::eqMmseCoefCompLowMimoKernel<float, float, float, (unsigned int)4, (unsigned int)1, (unsigned int)4>(const channel_eq::_puschRxChEqStatDescr *, channel_eq::_puschRxChEqCoefCompDynDescr)"
18776513215,9408,379710,273,1,1,12,11,1,51,0.002,0.000,,,,,NVIDIA A100-SXM4-40GB MIG 4g.20gb (0),1,,13,"void channel_eq::eqMmseSoftDemapKernel<float, __half, __half, float, (unsigned int)4, (unsigned short)16383>(channel_eq::_puschRxChEqStatDescr *, channel_eq::_puschRxChEqSoftDemapDynDescr)"
18776694493,762999,379711,1,1,1,32,32,1,30,0.000,0.000,,,,,NVIDIA A100-SXM4-40GB MIG 4g.20gb (0),1,,13,"void convert_kernel<float2, __half2>(tensor_layout_any, T1 *, tensor_layout_any, const T2 *)"
18777647666,13376,379723,2253,1,1,128,1,1,16,0.000,0.000,,,,,NVIDIA A100-SXM4-40GB MIG 4g.20gb (0),1,,13,cupy_copy__float16_float16
18777759505,6656,379732,282,1,1,128,1,1,16,0.000,0.000,,,,,NVIDIA A100-SXM4-40GB MIG 4g.20gb (0),1,,13,cupy_copy__complex64_complex64
18777886704,4576,379741,26,1,1,128,1,1,16,0.000,0.000,,,,,NVIDIA A100-SXM4-40GB MIG 4g.20gb (0),1,,13,cupy_copy__float32_float32
18778400234,20032,379750,103,1,1,128,1,1,16,0.000,0.000,,,,,NVIDIA A100-SXM4-40GB MIG 4g.20gb (0),1,,13,cupy_copy__complex64_complex64
18778612808,27327,379760,1434,1,1,128,1,1,16,0.000,0.000,,,,,NVIDIA A100-SXM4-40GB MIG 4g.20gb (0),1,,13,cupy_copy__complex64_complex64
18779154050,305788,379765,1,1,1,32,32,1,30,0.000,0.000,,,,,NVIDIA A100-SXM4-40GB MIG 4g.20gb (0),1,,13,"void convert_kernel<__half2, float2>(tensor_layout_any, T1 *, tensor_layout_any, const T2 *)"
18779488158,8096,379768,,,,,,,,,,0.094,11573.049,Pinned,Device,NVIDIA A100-SXM4-40GB MIG 4g.20gb (0),1,,13,[CUDA memcpy Host-to-Device]
18779822010,604633,379769,,,,,,,,,,456.561,754696.060,Device,,NVIDIA A100-SXM4-40GB MIG 4g.20gb (0),1,,13,[CUDA memset]
18780433523,51808,379774,,,,,,,,,,1.235,23836.889,Pinned,Device,NVIDIA A100-SXM4-40GB MIG 4g.20gb (0),1,,13,[CUDA memcpy Host-to-Device]
18780487859,10239,379775,,,,,,,,,,0.197,19201.720,Pinned,Device,NVIDIA A100-SXM4-40GB MIG 4g.20gb (0),1,,13,[CUDA memcpy Host-to-Device]
18781068332,12288,379776,69,4,1,48,1,1,76,0.002,0.000,,,,,NVIDIA A100-SXM4-40GB MIG 4g.20gb (0),1,,13,"void ch_est::windowedChEstPreNoDftSOfdmKernel<float, __half, float, (unsigned int)2, (unsigned int)1, (unsigned short)4>(ch_est::puschRxChEstStatDescr_t *, ch_est::puschRxChEstDynDescr_t *)"
18781714533,12768,379777,137,2,1,24,2,1,44,0.001,0.001,,,,,NVIDIA A100-SXM4-40GB MIG 4g.20gb (0),1,,13,"void ch_est::chEstFilterNoDftSOfdmDispatchKernel<float, __half, float, (unsigned int)2>(ch_est::puschRxChEstStatDescr_t *, ch_est::puschRxChEstDynDescr_t *)"
18782272639,10880,379778,137,2,1,24,2,1,44,0.001,0.001,,,,,NVIDIA A100-SXM4-40GB MIG 4g.20gb (0),1,,13,"void ch_est::chEstFilterNoDftSOfdmDispatchKernel<float, __half, float, (unsigned int)2>(ch_est::puschRxChEstStatDescr_t *, ch_est::puschRxChEstDynDescr_t *)"
18782711514,6688,379789,103,1,1,128,1,1,16,0.000,0.000,,,,,NVIDIA A100-SXM4-40GB MIG 4g.20gb (0),1,,13,cupy_copy__complex64_complex64
18783146133,31552,379799,1434,1,1,128,1,1,16,0.000,0.000,,,,,NVIDIA A100-SXM4-40GB MIG 4g.20gb (0),1,,13,cupy_copy__complex64_complex64
18783400466,6208,379806,103,1,1,128,1,1,16,0.000,0.000,,,,,NVIDIA A100-SXM4-40GB MIG 4g.20gb (0),1,,13,cupy_copy__complex64_complex64
18783839277,279069,379813,1,1,1,32,32,1,30,0.000,0.000,,,,,NVIDIA A100-SXM4-40GB MIG 4g.20gb (0),1,,13,"void convert_kernel<__half2, float2>(tensor_layout_any, T1 *, tensor_layout_any, const T2 *)"
18784148714,5664,379816,,,,,,,,,,0.094,16542.310,Pinned,Device,NVIDIA A100-SXM4-40GB MIG 4g.20gb (0),1,,13,[CUDA memcpy Host-to-Device]
18784334248,50623,379817,,,,,,,,,,35.810,707353.350,Device,,NVIDIA A100-SXM4-40GB MIG 4g.20gb (0),1,,13,[CUDA memset]
18784391207,2112,379819,,,,,,,,,,0.000,37.879,Pinned,Device,NVIDIA A100-SXM4-40GB MIG 4g.20gb (0),1,,13,[CUDA memcpy Host-to-Device]
18784396295,9536,379820,,,,,,,,,,0.197,20617.298,Pinned,Device,NVIDIA A100-SXM4-40GB MIG 4g.20gb (0),1,,13,[CUDA memcpy Host-to-Device]
18784600197,11583,379821,273,1,1,48,1,1,40,0.000,0.001,,,,,NVIDIA A100-SXM4-40GB MIG 4g.20gb (0),1,,13,"void pusch_noise_intf_est::noiseIntfEstNoDftSOfdmKernel<float, __half, float, float, (unsigned int)2, (unsigned int)1, (unsigned char)4, (unsigned char)4>(pusch_noise_intf_est::puschRxNoiseIntfEstDynDescr)"
18784828482,3872,379832,35,1,1,128,1,1,16,0.000,0.000,,,,,NVIDIA A100-SXM4-40GB MIG 4g.20gb (0),1,,13,cupy_copy__complex64_complex64
18784927649,3872,379841,1,1,1,1,1,1,18,0.000,0.000,,,,,NVIDIA A100-SXM4-40GB MIG 4g.20gb (0),1,,13,cupy_copy__float32_float32
18784938401,2688,379847,,,,,,,,,,0.000,1.488,Device,Pageable,NVIDIA A100-SXM4-40GB MIG 4g.20gb (0),1,,7,[CUDA memcpy Device-to-Host]
18785034400,15648,379858,1434,1,1,128,1,1,16,0.000,0.000,,,,,NVIDIA A100-SXM4-40GB MIG 4g.20gb (0),1,,13,cupy_copy__complex64_complex64
18785154782,3648,379865,103,1,1,128,1,1,16,0.000,0.000,,,,,NVIDIA A100-SXM4-40GB MIG 4g.20gb (0),1,,13,cupy_copy__complex64_complex64
18785260125,3712,379872,35,1,1,128,1,1,16,0.000,0.000,,,,,NVIDIA A100-SXM4-40GB MIG 4g.20gb (0),1,,13,cupy_copy__complex64_complex64
18785366332,2880,379879,1,1,1,1,1,1,18,0.000,0.000,,,,,NVIDIA A100-SXM4-40GB MIG 4g.20gb (0),1,,13,cupy_copy__float32_float32
18785370844,326908,379890,1,1,1,32,32,1,30,0.000,0.000,,,,,NVIDIA A100-SXM4-40GB MIG 4g.20gb (0),1,,13,"void convert_kernel<__half2, float2>(tensor_layout_any, T1 *, tensor_layout_any, const T2 *)"
18785731448,5728,379893,,,,,,,,,,0.094,16357.541,Pinned,Device,NVIDIA A100-SXM4-40GB MIG 4g.20gb (0),1,,13,[CUDA memcpy Host-to-Device]
18785913046,5952,379894,,,,,,,,,,1.547,259848.298,Device,,NVIDIA A100-SXM4-40GB MIG 4g.20gb (0),1,,13,[CUDA memset]
18785922774,3008,379899,,,,,,,,,,0.031,10404.230,Pinned,Device,NVIDIA A100-SXM4-40GB MIG 4g.20gb (0),1,,13,[CUDA memcpy Host-to-Device]
18785928278,9888,379900,,,,,,,,,,0.197,19883.360,Pinned,Device,NVIDIA A100-SXM4-40GB MIG 4g.20gb (0),1,,13,[CUDA memcpy Host-to-Device]
18786020309,16768,379901,273,1,1,8,4,1,39,0.002,0.000,,,,,NVIDIA A100-SXM4-40GB MIG 4g.20gb (0),1,,13,"void channel_eq::eqMmseCoefCompLowMimoKernel<float, float, float, (unsigned int)4, (unsigned int)1, (unsigned int)4>(const channel_eq::_puschRxChEqStatDescr *, channel_eq::_puschRxChEqCoefCompDynDescr)"
18786112724,31743,379902,273,1,1,12,11,1,51,0.002,0.000,,,,,NVIDIA A100-SXM4-40GB MIG 4g.20gb (0),1,,13,"void channel_eq::eqMmseSoftDemapKernel<float, __half, __half, float, (unsigned int)4, (unsigned short)16383>(channel_eq::_puschRxChEqStatDescr *, channel_eq::_puschRxChEqSoftDemapDynDescr)"
18786372977,810551,379903,1,1,1,32,32,1,30,0.000,0.000,,,,,NVIDIA A100-SXM4-40GB MIG 4g.20gb (0),1,,13,"void convert_kernel<float2, __half2>(tensor_layout_any, T1 *, tensor_layout_any, const T2 *)"
18787559300,13503,379915,2253,1,1,128,1,1,16,0.000,0.000,,,,,NVIDIA A100-SXM4-40GB MIG 4g.20gb (0),1,,13,cupy_copy__float16_float16
18788048254,5344,379924,282,1,1,128,1,1,16,0.000,0.000,,,,,NVIDIA A100-SXM4-40GB MIG 4g.20gb (0),1,,13,cupy_copy__complex64_complex64
18788524569,3904,379933,26,1,1,128,1,1,16,0.000,0.000,,,,,NVIDIA A100-SXM4-40GB MIG 4g.20gb (0),1,,13,cupy_copy__float32_float32
18788884501,10720,379942,103,1,1,128,1,1,16,0.000,0.000,,,,,NVIDIA A100-SXM4-40GB MIG 4g.20gb (0),1,,13,cupy_copy__complex64_complex64
18789182353,22368,379952,1434,1,1,128,1,1,16,0.000,0.000,,,,,NVIDIA A100-SXM4-40GB MIG 4g.20gb (0),1,,13,cupy_copy__complex64_complex64
18789486350,354172,379957,1,1,1,32,32,1,30,0.000,0.000,,,,,NVIDIA A100-SXM4-40GB MIG 4g.20gb (0),1,,13,"void convert_kernel<__half2, float2>(tensor_layout_any, T1 *, tensor_layout_any, const T2 *)"
18789871018,5472,379960,,,,,,,,,,0.094,17122.757,Pinned,Device,NVIDIA A100-SXM4-40GB MIG 4g.20gb (0),1,,13,[CUDA memcpy Host-to-Device]
18790044072,608761,379961,,,,,,,,,,456.561,749673.884,Device,,NVIDIA A100-SXM4-40GB MIG 4g.20gb (0),1,,13,[CUDA memset]
18790660769,50111,379966,,,,,,,,,,1.235,24643.308,Pinned,Device,NVIDIA A100-SXM4-40GB MIG 4g.20gb (0),1,,13,[CUDA memcpy Host-to-Device]
18790713408,9472,379967,,,,,,,,,,0.197,20756.693,Pinned,Device,NVIDIA A100-SXM4-40GB MIG 4g.20gb (0),1,,13,[CUDA memcpy Host-to-Device]
18790897918,15136,379968,69,4,1,48,1,1,76,0.002,0.000,,,,,NVIDIA A100-SXM4-40GB MIG 4g.20gb (0),1,,13,"void ch_est::windowedChEstPreNoDftSOfdmKernel<float, __half, float, (unsigned int)2, (unsigned int)1, (unsigned short)4>(ch_est::puschRxChEstStatDescr_t *, ch_est::puschRxChEstDynDescr_t *)"
18790915646,7168,379969,137,2,1,24,2,1,44,0.001,0.001,,,,,NVIDIA A100-SXM4-40GB MIG 4g.20gb (0),1,,13,"void ch_est::chEstFilterNoDftSOfdmDispatchKernel<float, __half, float, (unsigned int)2>(ch_est::puschRxChEstStatDescr_t *, ch_est::puschRxChEstDynDescr_t *)"
18790981885,16288,379970,137,2,1,24,2,1,44,0.001,0.001,,,,,NVIDIA A100-SXM4-40GB MIG 4g.20gb (0),1,,13,"void ch_est::chEstFilterNoDftSOfdmDispatchKernel<float, __half, float, (unsigned int)2>(ch_est::puschRxChEstStatDescr_t *, ch_est::puschRxChEstDynDescr_t *)"
18790999773,3680,379981,103,1,1,128,1,1,16,0.000,0.000,,,,,NVIDIA A100-SXM4-40GB MIG 4g.20gb (0),1,,13,cupy_copy__complex64_complex64
18791004733,12672,379991,1434,1,1,128,1,1,16,0.000,0.000,,,,,NVIDIA A100-SXM4-40GB MIG 4g.20gb (0),1,,13,cupy_copy__complex64_complex64
18791019581,2496,379998,103,1,1,128,1,1,16,0.000,0.000,,,,,NVIDIA A100-SXM4-40GB MIG 4g.20gb (0),1,,13,cupy_copy__complex64_complex64
18791023581,79871,380005,1,1,1,32,32,1,30,0.000,0.000,,,,,NVIDIA A100-SXM4-40GB MIG 4g.20gb (0),1,,13,"void convert_kernel<__half2, float2>(tensor_layout_any, T1 *, tensor_layout_any, const T2 *)"
18791131708,5344,380008,,,,,,,,,,0.094,17532.864,Pinned,Device,NVIDIA A100-SXM4-40GB MIG 4g.20gb (0),1,,13,[CUDA memcpy Host-to-Device]
18791143931,46432,380009,,,,,,,,,,35.810,771202.437,Device,,NVIDIA A100-SXM4-40GB MIG 4g.20gb (0),1,,13,[CUDA memset]
18791196635,1952,380011,,,,,,,,,,0.000,40.984,Pinned,Device,NVIDIA A100-SXM4-40GB MIG 4g.20gb (0),1,,13,[CUDA memcpy Host-to-Device]
18791200987,9408,380012,,,,,,,,,,0.197,20897.858,Pinned,Device,NVIDIA A100-SXM4-40GB MIG 4g.20gb (0),1,,13,[CUDA memcpy Host-to-Device]
18791214779,8768,380013,273,1,1,48,1,1,40,0.000,0.001,,,,,NVIDIA A100-SXM4-40GB MIG 4g.20gb (0),1,,13,"void pusch_noise_intf_est::noiseIntfEstNoDftSOfdmKernel<float, __half, float, float, (unsigned int)2, (unsigned int)1, (unsigned char)4, (unsigned char)4>(pusch_noise_intf_est::puschRxNoiseIntfEstDynDescr)"
18791225563,2912,380024,35,1,1,128,1,1,16,0.000,0.000,,,,,NVIDIA A100-SXM4-40GB MIG 4g.20gb (0),1,,13,cupy_copy__complex64_complex64
18791250362,1856,380033,1,1,1,1,1,1,18,0.000,0.000,,,,,NVIDIA A100-SXM4-40GB MIG 4g.20gb (0),1,,13,cupy_copy__float32_float32
18791284762,1760,380039,,,,,,,,,,0.000,2.273,Device,Pageable,NVIDIA A100-SXM4-40GB MIG 4g.20gb (0),1,,7,[CUDA memcpy Device-to-Host]
18791345177,13216,380050,1434,1,1,128,1,1,16,0.000,0.000,,,,,NVIDIA A100-SXM4-40GB MIG 4g.20gb (0),1,,13,cupy_copy__complex64_complex64
18791371065,2720,380057,103,1,1,128,1,1,16,0.000,0.000,,,,,NVIDIA A100-SXM4-40GB MIG 4g.20gb (0),1,,13,cupy_copy__complex64_complex64
18791391449,2176,380064,35,1,1,128,1,1,16,0.000,0.000,,,,,NVIDIA A100-SXM4-40GB MIG 4g.20gb (0),1,,13,cupy_copy__complex64_complex64
18791409401,1855,380071,1,1,1,1,1,1,18,0.000,0.000,,,,,NVIDIA A100-SXM4-40GB MIG 4g.20gb (0),1,,13,cupy_copy__float32_float32
18791575447,278237,380082,1,1,1,32,32,1,30,0.000,0.000,,,,,NVIDIA A100-SXM4-40GB MIG 4g.20gb (0),1,,13,"void convert_kernel<__half2, float2>(tensor_layout_any, T1 *, tensor_layout_any, const T2 *)"
18791883859,5600,380085,,,,,,,,,,0.094,16731.388,Pinned,Device,NVIDIA A100-SXM4-40GB MIG 4g.20gb (0),1,,13,[CUDA memcpy Host-to-Device]
18792019954,6752,380086,,,,,,,,,,1.547,229061.201,Device,,NVIDIA A100-SXM4-40GB MIG 4g.20gb (0),1,,13,[CUDA memset]
18792031794,7391,380091,,,,,,,,,,0.031,4234.318,Pinned,Device,NVIDIA A100-SXM4-40GB MIG 4g.20gb (0),1,,13,[CUDA memcpy Host-to-Device]
18792042033,12480,380092,,,,,,,,,,0.197,15753.806,Pinned,Device,NVIDIA A100-SXM4-40GB MIG 4g.20gb (0),1,,13,[CUDA memcpy Host-to-Device]
18792245583,15680,380093,273,1,1,8,4,1,39,0.002,0.000,,,,,NVIDIA A100-SXM4-40GB MIG 4g.20gb (0),1,,13,"void channel_eq::eqMmseCoefCompLowMimoKernel<float, float, float, (unsigned int)4, (unsigned int)1, (unsigned int)4>(const channel_eq::_puschRxChEqStatDescr *, channel_eq::_puschRxChEqCoefCompDynDescr)"
18792619371,17600,380094,273,1,1,12,11,1,51,0.002,0.000,,,,,NVIDIA A100-SXM4-40GB MIG 4g.20gb (0),1,,13,"void channel_eq::eqMmseSoftDemapKernel<float, __half, __half, float, (unsigned int)4, (unsigned short)16383>(channel_eq::_puschRxChEqStatDescr *, channel_eq::_puschRxChEqSoftDemapDynDescr)"
18793342019,741912,380095,1,1,1,32,32,1,30,0.000,0.000,,,,,NVIDIA A100-SXM4-40GB MIG 4g.20gb (0),1,,13,"void convert_kernel<float2, __half2>(tensor_layout_any, T1 *, tensor_layout_any, const T2 *)"
18794763411,14368,380107,2253,1,1,128,1,1,16,0.000,0.000,,,,,NVIDIA A100-SXM4-40GB MIG 4g.20gb (0),1,,13,cupy_copy__float16_float16
18795361836,7232,380116,282,1,1,128,1,1,16,0.000,0.000,,,,,NVIDIA A100-SXM4-40GB MIG 4g.20gb (0),1,,13,cupy_copy__complex64_complex64
18795981797,3840,380125,26,1,1,128,1,1,16,0.000,0.000,,,,,NVIDIA A100-SXM4-40GB MIG 4g.20gb (0),1,,13,cupy_copy__float32_float32
18796597375,11935,380134,103,1,1,128,1,1,16,0.000,0.000,,,,,NVIDIA A100-SXM4-40GB MIG 4g.20gb (0),1,,13,cupy_copy__complex64_complex64
18796801756,16416,380144,1434,1,1,128,1,1,16,0.000,0.000,,,,,NVIDIA A100-SXM4-40GB MIG 4g.20gb (0),1,,13,cupy_copy__complex64_complex64
18797301527,365244,380149,1,1,1,32,32,1,30,0.000,0.000,,,,,NVIDIA A100-SXM4-40GB MIG 4g.20gb (0),1,,13,"void convert_kernel<__half2, float2>(tensor_layout_any, T1 *, tensor_layout_any, const T2 *)"
18797696050,5664,380152,,,,,,,,,,0.094,16542.310,Pinned,Device,NVIDIA A100-SXM4-40GB MIG 4g.20gb (0),1,,13,[CUDA memcpy Host-to-Device]
18797998607,606905,380153,,,,,,,,,,456.561,751956.692,Device,,NVIDIA A100-SXM4-40GB MIG 4g.20gb (0),1,,13,[CUDA memset]
18798606440,49951,380158,,,,,,,,,,1.235,24722.344,Pinned,Device,NVIDIA A100-SXM4-40GB MIG 4g.20gb (0),1,,13,[CUDA memcpy Host-to-Device]
18798658855,9696,380159,,,,,,,,,,0.197,20277.166,Pinned,Device,NVIDIA A100-SXM4-40GB MIG 4g.20gb (0),1,,13,[CUDA memcpy Host-to-Device]
18799108674,22080,380160,69,4,1,48,1,1,76,0.002,0.000,,,,,NVIDIA A100-SXM4-40GB MIG 4g.20gb (0),1,,13,"void ch_est::windowedChEstPreNoDftSOfdmKernel<float, __half, float, (unsigned int)2, (unsigned int)1, (unsigned short)4>(ch_est::puschRxChEstStatDescr_t *, ch_est::puschRxChEstDynDescr_t *)"
18799562525,12256,380161,137,2,1,24,2,1,44,0.001,0.001,,,,,NVIDIA A100-SXM4-40GB MIG 4g.20gb (0),1,,13,"void ch_est::chEstFilterNoDftSOfdmDispatchKernel<float, __half, float, (unsigned int)2>(ch_est::puschRxChEstStatDescr_t *, ch_est::puschRxChEstDynDescr_t *)"
18799630205,22783,380162,137,2,1,24,2,1,44,0.001,0.001,,,,,NVIDIA A100-SXM4-40GB MIG 4g.20gb (0),1,,13,"void ch_est::chEstFilterNoDftSOfdmDispatchKernel<float, __half, float, (unsigned int)2>(ch_est::puschRxChEstStatDescr_t *, ch_est::puschRxChEstDynDescr_t *)"
18799657436,4512,380173,103,1,1,128,1,1,16,0.000,0.000,,,,,NVIDIA A100-SXM4-40GB MIG 4g.20gb (0),1,,13,cupy_copy__complex64_complex64
18799722748,35807,380183,1434,1,1,128,1,1,16,0.000,0.000,,,,,NVIDIA A100-SXM4-40GB MIG 4g.20gb (0),1,,13,cupy_copy__complex64_complex64
18799761115,3456,380190,103,1,1,128,1,1,16,0.000,0.000,,,,,NVIDIA A100-SXM4-40GB MIG 4g.20gb (0),1,,13,cupy_copy__complex64_complex64
18799766203,79615,380197,1,1,1,32,32,1,30,0.000,0.000,,,,,NVIDIA A100-SXM4-40GB MIG 4g.20gb (0),1,,13,"void convert_kernel<__half2, float2>(tensor_layout_any, T1 *, tensor_layout_any, const T2 *)"
18799881210,6528,380200,,,,,,,,,,0.094,14352.915,Pinned,Device,NVIDIA A100-SXM4-40GB MIG 4g.20gb (0),1,,13,[CUDA memcpy Host-to-Device]
18799931097,68959,380201,,,,,,,,,,35.810,519279.650,Device,,NVIDIA A100-SXM4-40GB MIG 4g.20gb (0),1,,13,[CUDA memset]
18800004408,3552,380203,,,,,,,,,,0.000,22.522,Pinned,Device,NVIDIA A100-SXM4-40GB MIG 4g.20gb (0),1,,13,[CUDA memcpy Host-to-Device]
18800013304,13888,380204,,,,,,,,,,0.197,14156.562,Pinned,Device,NVIDIA A100-SXM4-40GB MIG 4g.20gb (0),1,,13,[CUDA memcpy Host-to-Device]
18800057624,24704,380205,273,1,1,48,1,1,40,0.000,0.001,,,,,NVIDIA A100-SXM4-40GB MIG 4g.20gb (0),1,,13,"void pusch_noise_intf_est::noiseIntfEstNoDftSOfdmKernel<float, __half, float, float, (unsigned int)2, (unsigned int)1, (unsigned char)4, (unsigned char)4>(pusch_noise_intf_est::puschRxNoiseIntfEstDynDescr)"
18800088215,3296,380216,35,1,1,128,1,1,16,0.000,0.000,,,,,NVIDIA A100-SXM4-40GB MIG 4g.20gb (0),1,,13,cupy_copy__complex64_complex64
18800148919,12352,380225,1,1,1,1,1,1,18,0.000,0.000,,,,,NVIDIA A100-SXM4-40GB MIG 4g.20gb (0),1,,13,cupy_copy__float32_float32
18800163639,1600,380231,,,,,,,,,,0.000,2.500,Device,Pageable,NVIDIA A100-SXM4-40GB MIG 4g.20gb (0),1,,7,[CUDA memcpy Device-to-Host]
18800360116,16800,380242,1434,1,1,128,1,1,16,0.000,0.000,,,,,NVIDIA A100-SXM4-40GB MIG 4g.20gb (0),1,,13,cupy_copy__complex64_complex64
18800745552,3968,380249,103,1,1,128,1,1,16,0.000,0.000,,,,,NVIDIA A100-SXM4-40GB MIG 4g.20gb (0),1,,13,cupy_copy__complex64_complex64
18800956686,13792,380256,35,1,1,128,1,1,16,0.000,0.000,,,,,NVIDIA A100-SXM4-40GB MIG 4g.20gb (0),1,,13,cupy_copy__complex64_complex64
18801259178,3296,380263,1,1,1,1,1,1,18,0.000,0.000,,,,,NVIDIA A100-SXM4-40GB MIG 4g.20gb (0),1,,13,cupy_copy__float32_float32
18801489992,313788,380274,1,1,1,32,32,1,30,0.000,0.000,,,,,NVIDIA A100-SXM4-40GB MIG 4g.20gb (0),1,,13,"void convert_kernel<__half2, float2>(tensor_layout_any, T1 *, tensor_layout_any, const T2 *)"
18801833060,6048,380277,,,,,,,,,,0.094,15491.978,Pinned,Device,NVIDIA A100-SXM4-40GB MIG 4g.20gb (0),1,,13,[CUDA memcpy Host-to-Device]
18802056993,4768,380278,,,,,,,,,,1.547,324374.998,Device,,NVIDIA A100-SXM4-40GB MIG 4g.20gb (0),1,,13,[CUDA memset]
18802069345,3168,380283,,,,,,,,,,0.031,9878.770,Pinned,Device,NVIDIA A100-SXM4-40GB MIG 4g.20gb (0),1,,13,[CUDA memcpy Host-to-Device]
18802075297,9952,380284,,,,,,,,,,0.197,19755.565,Pinned,Device,NVIDIA A100-SXM4-40GB MIG 4g.20gb (0),1,,13,[CUDA memcpy Host-to-Device]
18802595099,12192,380285,273,1,1,8,4,1,39,0.002,0.000,,,,,NVIDIA A100-SXM4-40GB MIG 4g.20gb (0),1,,13,"void channel_eq::eqMmseCoefCompLowMimoKernel<float, float, float, (unsigned int)4, (unsigned int)1, (unsigned int)4>(const channel_eq::_puschRxChEqStatDescr *, channel_eq::_puschRxChEqCoefCompDynDescr)"
18803130037,11200,380286,273,1,1,12,11,1,51,0.002,0.000,,,,,NVIDIA A100-SXM4-40GB MIG 4g.20gb (0),1,,13,"void channel_eq::eqMmseSoftDemapKernel<float, __half, __half, float, (unsigned int)4, (unsigned short)16383>(channel_eq::_puschRxChEqStatDescr *, channel_eq::_puschRxChEqSoftDemapDynDescr)"
18803664976,790167,380287,1,1,1,32,32,1,30,0.000,0.000,,,,,NVIDIA A100-SXM4-40GB MIG 4g.20gb (0),1,,13,"void convert_kernel<float2, __half2>(tensor_layout_any, T1 *, tensor_layout_any, const T2 *)"
18805136255,15200,380299,2253,1,1,128,1,1,16,0.000,0.000,,,,,NVIDIA A100-SXM4-40GB MIG 4g.20gb (0),1,,13,cupy_copy__float16_float16
18805603098,4640,380308,282,1,1,128,1,1,16,0.000,0.000,,,,,NVIDIA A100-SXM4-40GB MIG 4g.20gb (0),1,,13,cupy_copy__complex64_complex64
18805839543,11584,380317,26,1,1,128,1,1,16,0.000,0.000,,,,,NVIDIA A100-SXM4-40GB MIG 4g.20gb (0),1,,13,cupy_copy__float32_float32
18806060789,4320,380326,103,1,1,128,1,1,16,0.000,0.000,,,,,NVIDIA A100-SXM4-40GB MIG 4g.20gb (0),1,,13,cupy_copy__complex64_complex64
18806296114,23104,380336,1434,1,1,128,1,1,16,0.000,0.000,,,,,NVIDIA A100-SXM4-40GB MIG 4g.20gb (0),1,,13,cupy_copy__complex64_complex64
18806575631,286749,380341,1,1,1,32,32,1,30,0.000,0.000,,,,,NVIDIA A100-SXM4-40GB MIG 4g.20gb (0),1,,13,"void convert_kernel<__half2, float2>(tensor_layout_any, T1 *, tensor_layout_any, const T2 *)"
18806893035,6656,380344,,,,,,,,,,0.094,14076.887,Pinned,Device,NVIDIA A100-SXM4-40GB MIG 4g.20gb (0),1,,13,[CUDA memcpy Host-to-Device]
18807420454,616185,380345,,,,,,,,,,456.561,740542.656,Device,,NVIDIA A100-SXM4-40GB MIG 4g.20gb (0),1,,13,[CUDA memset]
18808041311,50335,380350,,,,,,,,,,1.235,24533.398,Pinned,Device,NVIDIA A100-SXM4-40GB MIG 4g.20gb (0),1,,13,[CUDA memcpy Host-to-Device]
18808094398,10496,380351,,,,,,,,,,0.197,18731.631,Pinned,Device,NVIDIA A100-SXM4-40GB MIG 4g.20gb (0),1,,13,[CUDA memcpy Host-to-Device]
18808430298,12128,380352,69,4,1,48,1,1,76,0.002,0.000,,,,,NVIDIA A100-SXM4-40GB MIG 4g.20gb (0),1,,13,"void ch_est::windowedChEstPreNoDftSOfdmKernel<float, __half, float, (unsigned int)2, (unsigned int)1, (unsigned short)4>(ch_est::puschRxChEstStatDescr_t *, ch_est::puschRxChEstDynDescr_t *)"
18808710871,11488,380353,137,2,1,24,2,1,44,0.001,0.001,,,,,NVIDIA A100-SXM4-40GB MIG 4g.20gb (0),1,,13,"void ch_est::chEstFilterNoDftSOfdmDispatchKernel<float, __half, float, (unsigned int)2>(ch_est::puschRxChEstStatDescr_t *, ch_est::puschRxChEstDynDescr_t *)"
18808918997,13824,380354,137,2,1,24,2,1,44,0.001,0.001,,,,,NVIDIA A100-SXM4-40GB MIG 4g.20gb (0),1,,13,"void ch_est::chEstFilterNoDftSOfdmDispatchKernel<float, __half, float, (unsigned int)2>(ch_est::puschRxChEstStatDescr_t *, ch_est::puschRxChEstDynDescr_t *)"
18809197042,5088,380365,103,1,1,128,1,1,16,0.000,0.000,,,,,NVIDIA A100-SXM4-40GB MIG 4g.20gb (0),1,,13,cupy_copy__complex64_complex64
18809320528,18496,380375,1434,1,1,128,1,1,16,0.000,0.000,,,,,NVIDIA A100-SXM4-40GB MIG 4g.20gb (0),1,,13,cupy_copy__complex64_complex64
18810022440,7392,380382,103,1,1,128,1,1,16,0.000,0.000,,,,,NVIDIA A100-SXM4-40GB MIG 4g.20gb (0),1,,13,cupy_copy__complex64_complex64
18810153223,294205,380389,1,1,1,32,32,1,30,0.000,0.000,,,,,NVIDIA A100-SXM4-40GB MIG 4g.20gb (0),1,,13,"void convert_kernel<__half2, float2>(tensor_layout_any, T1 *, tensor_layout_any, const T2 *)"
18810476771,5696,380392,,,,,,,,,,0.094,16449.363,Pinned,Device,NVIDIA A100-SXM4-40GB MIG 4g.20gb (0),1,,13,[CUDA memcpy Host-to-Device]
18810764192,49216,380393,,,,,,,,,,35.810,727585.955,Device,,NVIDIA A100-SXM4-40GB MIG 4g.20gb (0),1,,13,[CUDA memset]
18810815520,1824,380395,,,,,,,,,,0.000,43.860,Pinned,Device,NVIDIA A100-SXM4-40GB MIG 4g.20gb (0),1,,13,[CUDA memcpy Host-to-Device]
18810819904,9759,380396,,,,,,,,,,0.197,20146.225,Pinned,Device,NVIDIA A100-SXM4-40GB MIG 4g.20gb (0),1,,13,[CUDA memcpy Host-to-Device]
18811439993,23999,380397,273,1,1,48,1,1,40,0.000,0.001,,,,,NVIDIA A100-SXM4-40GB MIG 4g.20gb (0),1,,13,"void pusch_noise_intf_est::noiseIntfEstNoDftSOfdmKernel<float, __half, float, float, (unsigned int)2, (unsigned int)1, (unsigned char)4, (unsigned char)4>(pusch_noise_intf_est::puschRxNoiseIntfEstDynDescr)"
18811937875,9568,380408,35,1,1,128,1,1,16,0.000,0.000,,,,,NVIDIA A100-SXM4-40GB MIG 4g.20gb (0),1,,13,cupy_copy__complex64_complex64
18812471117,5440,380417,1,1,1,1,1,1,18,0.000,0.000,,,,,NVIDIA A100-SXM4-40GB MIG 4g.20gb (0),1,,13,cupy_copy__float32_float32
18812487085,1792,380423,,,,,,,,,,0.000,2.232,Device,Pageable,NVIDIA A100-SXM4-40GB MIG 4g.20gb (0),1,,7,[CUDA memcpy Device-to-Host]
18813130182,22623,380434,1434,1,1,128,1,1,16,0.000,0.000,,,,,NVIDIA A100-SXM4-40GB MIG 4g.20gb (0),1,,13,cupy_copy__complex64_complex64
18813405251,4544,380441,103,1,1,128,1,1,16,0.000,0.000,,,,,NVIDIA A100-SXM4-40GB MIG 4g.20gb (0),1,,13,cupy_copy__complex64_complex64
18813933853,4384,380448,35,1,1,128,1,1,16,0.000,0.000,,,,,NVIDIA A100-SXM4-40GB MIG 4g.20gb (0),1,,13,cupy_copy__complex64_complex64
18814488791,6207,380455,1,1,1,1,1,1,18,0.000,0.000,,,,,NVIDIA A100-SXM4-40GB MIG 4g.20gb (0),1,,13,cupy_copy__float32_float32
18814749556,326108,380466,1,1,1,32,32,1,30,0.000,0.000,,,,,NVIDIA A100-SXM4-40GB MIG 4g.20gb (0),1,,13,"void convert_kernel<__half2, float2>(tensor_layout_any, T1 *, tensor_layout_any, const T2 *)"
18815105168,6080,380469,,,,,,,,,,0.094,15410.462,Pinned,Device,NVIDIA A100-SXM4-40GB MIG 4g.20gb (0),1,,13,[CUDA memcpy Host-to-Device]
18815421804,3840,380470,,,,,,,,,,1.547,402765.636,Device,,NVIDIA A100-SXM4-40GB MIG 4g.20gb (0),1,,13,[CUDA memset]
18815426444,4768,380475,,,,,,,,,,0.031,6563.741,Pinned,Device,NVIDIA A100-SXM4-40GB MIG 4g.20gb (0),1,,13,[CUDA memcpy Host-to-Device]
18815436268,9952,380476,,,,,,,,,,0.197,19755.565,Pinned,Device,NVIDIA A100-SXM4-40GB MIG 4g.20gb (0),1,,13,[CUDA memcpy Host-to-Device]
18816169156,13472,380477,273,1,1,8,4,1,39,0.002,0.000,,,,,NVIDIA A100-SXM4-40GB MIG 4g.20gb (0),1,,13,"void channel_eq::eqMmseCoefCompLowMimoKernel<float, float, float, (unsigned int)4, (unsigned int)1, (unsigned int)4>(const channel_eq::_puschRxChEqStatDescr *, channel_eq::_puschRxChEqCoefCompDynDescr)"
18816519264,10016,380478,273,1,1,12,11,1,51,0.002,0.000,,,,,NVIDIA A100-SXM4-40GB MIG 4g.20gb (0),1,,13,"void channel_eq::eqMmseSoftDemapKernel<float, __half, __half, float, (unsigned int)4, (unsigned short)16383>(channel_eq::_puschRxChEqStatDescr *, channel_eq::_puschRxChEqSoftDemapDynDescr)"
18816734365,839255,380479,1,1,1,32,32,1,30,0.000,0.000,,,,,NVIDIA A100-SXM4-40GB MIG 4g.20gb (0),1,,13,"void convert_kernel<float2, __half2>(tensor_layout_any, T1 *, tensor_layout_any, const T2 *)"
18817748434,25440,380491,2253,1,1,128,1,1,16,0.000,0.000,,,,,NVIDIA A100-SXM4-40GB MIG 4g.20gb (0),1,,13,cupy_copy__float16_float16
18818169101,10304,380500,282,1,1,128,1,1,16,0.000,0.000,,,,,NVIDIA A100-SXM4-40GB MIG 4g.20gb (0),1,,13,cupy_copy__complex64_complex64
18818513066,3839,380509,26,1,1,128,1,1,16,0.000,0.000,,,,,NVIDIA A100-SXM4-40GB MIG 4g.20gb (0),1,,13,cupy_copy__float32_float32
18818661992,6048,380518,103,1,1,128,1,1,16,0.000,0.000,,,,,NVIDIA A100-SXM4-40GB MIG 4g.20gb (0),1,,13,cupy_copy__complex64_complex64
18818901701,16448,380528,1434,1,1,128,1,1,16,0.000,0.000,,,,,NVIDIA A100-SXM4-40GB MIG 4g.20gb (0),1,,13,cupy_copy__complex64_complex64
18819000644,283357,380533,1,1,1,32,32,1,30,0.000,0.000,,,,,NVIDIA A100-SXM4-40GB MIG 4g.20gb (0),1,,13,"void convert_kernel<__half2, float2>(tensor_layout_any, T1 *, tensor_layout_any, const T2 *)"
18819315841,5663,380536,,,,,,,,,,0.094,16545.214,Pinned,Device,NVIDIA A100-SXM4-40GB MIG 4g.20gb (0),1,,13,[CUDA memcpy Host-to-Device]
18819563198,604505,380537,,,,,,,,,,456.561,755152.622,Device,,NVIDIA A100-SXM4-40GB MIG 4g.20gb (0),1,,13,[CUDA memset]
18820175511,51391,380542,,,,,,,,,,1.235,24029.540,Pinned,Device,NVIDIA A100-SXM4-40GB MIG 4g.20gb (0),1,,13,[CUDA memcpy Host-to-Device]
18820229686,10048,380543,,,,,,,,,,0.197,19566.821,Pinned,Device,NVIDIA A100-SXM4-40GB MIG 4g.20gb (0),1,,13,[CUDA memcpy Host-to-Device]
18820497043,10976,380544,69,4,1,48,1,1,76,0.002,0.000,,,,,NVIDIA A100-SXM4-40GB MIG 4g.20gb (0),1,,13,"void ch_est::windowedChEstPreNoDftSOfdmKernel<float, __half, float, (unsigned int)2, (unsigned int)1, (unsigned short)4>(ch_est::puschRxChEstStatDescr_t *, ch_est::puschRxChEstDynDescr_t *)"
18820838544,27839,380545,137,2,1,24,2,1,44,0.001,0.001,,,,,NVIDIA A100-SXM4-40GB MIG 4g.20gb (0),1,,13,"void ch_est::chEstFilterNoDftSOfdmDispatchKernel<float, __half, float, (unsigned int)2>(ch_est::puschRxChEstStatDescr_t *, ch_est::puschRxChEstDynDescr_t *)"
18821236011,16992,380546,137,2,1,24,2,1,44,0.001,0.001,,,,,NVIDIA A100-SXM4-40GB MIG 4g.20gb (0),1,,13,"void ch_est::chEstFilterNoDftSOfdmDispatchKernel<float, __half, float, (unsigned int)2>(ch_est::puschRxChEstStatDescr_t *, ch_est::puschRxChEstDynDescr_t *)"
18821715462,4736,380557,103,1,1,128,1,1,16,0.000,0.000,,,,,NVIDIA A100-SXM4-40GB MIG 4g.20gb (0),1,,13,cupy_copy__complex64_complex64
18821903524,17151,380567,1434,1,1,128,1,1,16,0.000,0.000,,,,,NVIDIA A100-SXM4-40GB MIG 4g.20gb (0),1,,13,cupy_copy__complex64_complex64
18822335039,9792,380574,103,1,1,128,1,1,16,0.000,0.000,,,,,NVIDIA A100-SXM4-40GB MIG 4g.20gb (0),1,,13,cupy_copy__complex64_complex64
18822399294,421819,380581,1,1,1,32,32,1,30,0.000,0.000,,,,,NVIDIA A100-SXM4-40GB MIG 4g.20gb (0),1,,13,"void convert_kernel<__half2, float2>(tensor_layout_any, T1 *, tensor_layout_any, const T2 *)"
18822851705,5696,380584,,,,,,,,,,0.094,16449.363,Pinned,Device,NVIDIA A100-SXM4-40GB MIG 4g.20gb (0),1,,13,[CUDA memcpy Host-to-Device]
18823030647,57055,380585,,,,,,,,,,35.810,627604.658,Device,,NVIDIA A100-SXM4-40GB MIG 4g.20gb (0),1,,13,[CUDA memset]
18823089110,2112,380587,,,,,,,,,,0.000,37.879,Pinned,Device,NVIDIA A100-SXM4-40GB MIG 4g.20gb (0),1,,13,[CUDA memcpy Host-to-Device]
18823093654,9856,380588,,,,,,,,,,0.197,19948.044,Pinned,Device,NVIDIA A100-SXM4-40GB MIG 4g.20gb (0),1,,13,[CUDA memcpy Host-to-Device]
18823351475,18112,380589,273,1,1,48,1,1,40,0.000,0.001,,,,,NVIDIA A100-SXM4-40GB MIG 4g.20gb (0),1,,13,"void pusch_noise_intf_est::noiseIntfEstNoDftSOfdmKernel<float, __half, float, float, (unsigned int)2, (unsigned int)1, (unsigned char)4, (unsigned char)4>(pusch_noise_intf_est::puschRxNoiseIntfEstDynDescr)"
18823621008,8352,380600,35,1,1,128,1,1,16,0.000,0.000,,,,,NVIDIA A100-SXM4-40GB MIG 4g.20gb (0),1,,13,cupy_copy__complex64_complex64
18823803758,8928,380609,1,1,1,1,1,1,18,0.000,0.000,,,,,NVIDIA A100-SXM4-40GB MIG 4g.20gb (0),1,,13,cupy_copy__float32_float32
18823815854,1568,380615,,,,,,,,,,0.000,2.551,Device,Pageable,NVIDIA A100-SXM4-40GB MIG 4g.20gb (0),1,,7,[CUDA memcpy Device-to-Host]
18823962893,34463,380626,1434,1,1,128,1,1,16,0.000,0.000,,,,,NVIDIA A100-SXM4-40GB MIG 4g.20gb (0),1,,13,cupy_copy__complex64_complex64
18824136395,15328,380633,103,1,1,128,1,1,16,0.000,0.000,,,,,NVIDIA A100-SXM4-40GB MIG 4g.20gb (0),1,,13,cupy_copy__complex64_complex64
18824153450,5120,380640,35,1,1,128,1,1,16,0.000,0.000,,,,,NVIDIA A100-SXM4-40GB MIG 4g.20gb (0),1,,13,cupy_copy__complex64_complex64
18824162026,2240,380647,1,1,1,1,1,1,18,0.000,0.000,,,,,NVIDIA A100-SXM4-40GB MIG 4g.20gb (0),1,,13,cupy_copy__float32_float32
18824165962,380764,380658,1,1,1,32,32,1,30,0.000,0.000,,,,,NVIDIA A100-SXM4-40GB MIG 4g.20gb (0),1,,13,"void convert_kernel<__half2, float2>(tensor_layout_any, T1 *, tensor_layout_any, const T2 *)"
18824576550,5952,380661,,,,,,,,,,0.094,15741.865,Pinned,Device,NVIDIA A100-SXM4-40GB MIG 4g.20gb (0),1,,13,[CUDA memcpy Host-to-Device]
18824600293,6304,380662,,,,,,,,,,1.547,245339.418,Device,,NVIDIA A100-SXM4-40GB MIG 4g.20gb (0),1,,13,[CUDA memset]
18824608325,3584,380667,,,,,,,,,,0.031,8732.116,Pinned,Device,NVIDIA A100-SXM4-40GB MIG 4g.20gb (0),1,,13,[CUDA memcpy Host-to-Device]
18824613669,10016,380668,,,,,,,,,,0.197,19629.343,Pinned,Device,NVIDIA A100-SXM4-40GB MIG 4g.20gb (0),1,,13,[CUDA memcpy Host-to-Device]
18824628229,7040,380669,273,1,1,8,4,1,39,0.002,0.000,,,,,NVIDIA A100-SXM4-40GB MIG 4g.20gb (0),1,,13,"void channel_eq::eqMmseCoefCompLowMimoKernel<float, float, float, (unsigned int)4, (unsigned int)1, (unsigned int)4>(const channel_eq::_puschRxChEqStatDescr *, channel_eq::_puschRxChEqCoefCompDynDescr)"
18824636549,7328,380670,273,1,1,12,11,1,51,0.002,0.000,,,,,NVIDIA A100-SXM4-40GB MIG 4g.20gb (0),1,,13,"void channel_eq::eqMmseSoftDemapKernel<float, __half, __half, float, (unsigned int)4, (unsigned short)16383>(channel_eq::_puschRxChEqStatDescr *, channel_eq::_puschRxChEqSoftDemapDynDescr)"
18824646085,763447,380671,1,1,1,32,32,1,30,0.000,0.000,,,,,NVIDIA A100-SXM4-40GB MIG 4g.20gb (0),1,,13,"void convert_kernel<float2, __half2>(tensor_layout_any, T1 *, tensor_layout_any, const T2 *)"
18825495611,26816,380683,2253,1,1,128,1,1,16,0.000,0.000,,,,,NVIDIA A100-SXM4-40GB MIG 4g.20gb (0),1,,13,cupy_copy__float16_float16
18825676569,12800,380692,282,1,1,128,1,1,16,0.000,0.000,,,,,NVIDIA A100-SXM4-40GB MIG 4g.20gb (0),1,,13,cupy_copy__complex64_complex64
18825766872,5440,380701,26,1,1,128,1,1,16,0.000,0.000,,,,,NVIDIA A100-SXM4-40GB MIG 4g.20gb (0),1,,13,cupy_copy__float32_float32
18825850936,16319,380710,103,1,1,128,1,1,16,0.000,0.000,,,,,NVIDIA A100-SXM4-40GB MIG 4g.20gb (0),1,,13,cupy_copy__complex64_complex64
18826055829,18432,380720,1434,1,1,128,1,1,16,0.000,0.000,,,,,NVIDIA A100-SXM4-40GB MIG 4g.20gb (0),1,,13,cupy_copy__complex64_complex64
18826377586,316252,380725,1,1,1,32,32,1,30,0.000,0.000,,,,,NVIDIA A100-SXM4-40GB MIG 4g.20gb (0),1,,13,"void convert_kernel<__half2, float2>(tensor_layout_any, T1 *, tensor_layout_any, const T2 *)"
18826722190,5376,380728,,,,,,,,,,0.094,17428.487,Pinned,Device,NVIDIA A100-SXM4-40GB MIG 4g.20gb (0),1,,13,[CUDA memcpy Host-to-Device]
18826892748,605977,380729,,,,,,,,,,456.561,753326.376,Device,,NVIDIA A100-SXM4-40GB MIG 4g.20gb (0),1,,13,[CUDA memset]
18827505669,61503,380734,,,,,,,,,,1.235,20078.954,Pinned,Device,NVIDIA A100-SXM4-40GB MIG 4g.20gb (0),1,,13,[CUDA memcpy Host-to-Device]
18827570596,9952,380735,,,,,,,,,,0.197,19755.565,Pinned,Device,NVIDIA A100-SXM4-40GB MIG 4g.20gb (0),1,,13,[CUDA memcpy Host-to-Device]
18827867329,12288,380736,69,4,1,48,1,1,76,0.002,0.000,,,,,NVIDIA A100-SXM4-40GB MIG 4g.20gb (0),1,,13,"void ch_est::windowedChEstPreNoDftSOfdmKernel<float, __half, float, (unsigned int)2, (unsigned int)1, (unsigned short)4>(ch_est::puschRxChEstStatDescr_t *, ch_est::puschRxChEstDynDescr_t *)"
18828170398,12511,380737,137,2,1,24,2,1,44,0.001,0.001,,,,,NVIDIA A100-SXM4-40GB MIG 4g.20gb (0),1,,13,"void ch_est::chEstFilterNoDftSOfdmDispatchKernel<float, __half, float, (unsigned int)2>(ch_est::puschRxChEstStatDescr_t *, ch_est::puschRxChEstDynDescr_t *)"
18828373691,11552,380738,137,2,1,24,2,1,44,0.001,0.001,,,,,NVIDIA A100-SXM4-40GB MIG 4g.20gb (0),1,,13,"void ch_est::chEstFilterNoDftSOfdmDispatchKernel<float, __half, float, (unsigned int)2>(ch_est::puschRxChEstStatDescr_t *, ch_est::puschRxChEstDynDescr_t *)"
18828670520,6752,380749,103,1,1,128,1,1,16,0.000,0.000,,,,,NVIDIA A100-SXM4-40GB MIG 4g.20gb (0),1,,13,cupy_copy__complex64_complex64
18828860662,20576,380759,1434,1,1,128,1,1,16,0.000,0.000,,,,,NVIDIA A100-SXM4-40GB MIG 4g.20gb (0),1,,13,cupy_copy__complex64_complex64
18829175218,7936,380766,103,1,1,128,1,1,16,0.000,0.000,,,,,NVIDIA A100-SXM4-40GB MIG 4g.20gb (0),1,,13,cupy_copy__complex64_complex64
18829372720,332188,380773,1,1,1,32,32,1,30,0.000,0.000,,,,,NVIDIA A100-SXM4-40GB MIG 4g.20gb (0),1,,13,"void convert_kernel<__half2, float2>(tensor_layout_any, T1 *, tensor_layout_any, const T2 *)"
18829735500,5664,380776,,,,,,,,,,0.094,16542.310,Pinned,Device,NVIDIA A100-SXM4-40GB MIG 4g.20gb (0),1,,13,[CUDA memcpy Host-to-Device]
18829836107,51135,380777,,,,,,,,,,35.810,700298.796,Device,,NVIDIA A100-SXM4-40GB MIG 4g.20gb (0),1,,13,[CUDA memset]
18829891882,2464,380779,,,,,,,,,,0.000,32.468,Pinned,Device,NVIDIA A100-SXM4-40GB MIG 4g.20gb (0),1,,13,[CUDA memcpy Host-to-Device]
18829897546,10144,380780,,,,,,,,,,0.197,19381.617,Pinned,Device,NVIDIA A100-SXM4-40GB MIG 4g.20gb (0),1,,13,[CUDA memcpy Host-to-Device]
18829972617,14592,380781,273,1,1,48,1,1,40,0.000,0.001,,,,,NVIDIA A100-SXM4-40GB MIG 4g.20gb (0),1,,13,"void pusch_noise_intf_est::noiseIntfEstNoDftSOfdmKernel<float, __half, float, float, (unsigned int)2, (unsigned int)1, (unsigned char)4, (unsigned char)4>(pusch_noise_intf_est::puschRxNoiseIntfEstDynDescr)"
18830070280,8448,380792,35,1,1,128,1,1,16,0.000,0.000,,,,,NVIDIA A100-SXM4-40GB MIG 4g.20gb (0),1,,13,cupy_copy__complex64_complex64
18830080744,3200,380801,1,1,1,1,1,1,18,0.000,0.000,,,,,NVIDIA A100-SXM4-40GB MIG 4g.20gb (0),1,,13,cupy_copy__float32_float32
18830085832,1600,380807,,,,,,,,,,0.000,2.500,Device,Pageable,NVIDIA A100-SXM4-40GB MIG 4g.20gb (0),1,,7,[CUDA memcpy Device-to-Host]
18830169063,18432,380818,1434,1,1,128,1,1,16,0.000,0.000,,,,,NVIDIA A100-SXM4-40GB MIG 4g.20gb (0),1,,13,cupy_copy__complex64_complex64
18830189511,3936,380825,103,1,1,128,1,1,16,0.000,0.000,,,,,NVIDIA A100-SXM4-40GB MIG 4g.20gb (0),1,,13,cupy_copy__complex64_complex64
18830194631,2528,380832,35,1,1,128,1,1,16,0.000,0.000,,,,,NVIDIA A100-SXM4-40GB MIG 4g.20gb (0),1,,13,cupy_copy__complex64_complex64
18830212679,2080,380839,1,1,1,1,1,1,18,0.000,0.000,,,,,NVIDIA A100-SXM4-40GB MIG 4g.20gb (0),1,,13,cupy_copy__float32_float32
18830350437,79327,380850,1,1,1,32,32,1,30,0.000,0.000,,,,,NVIDIA A100-SXM4-40GB MIG 4g.20gb (0),1,,13,"void convert_kernel<__half2, float2>(tensor_layout_any, T1 *, tensor_layout_any, const T2 *)"
18830460580,8544,380853,,,,,,,,,,0.094,10966.274,Pinned,Device,NVIDIA A100-SXM4-40GB MIG 4g.20gb (0),1,,13,[CUDA memcpy Host-to-Device]
18830475364,3232,380854,,,,,,,,,,1.547,478533.199,Device,,NVIDIA A100-SXM4-40GB MIG 4g.20gb (0),1,,13,[CUDA memset]
18830482372,4416,380859,,,,,,,,,,0.031,7086.948,Pinned,Device,NVIDIA A100-SXM4-40GB MIG 4g.20gb (0),1,,13,[CUDA memcpy Host-to-Device]
18830490244,11712,380860,,,,,,,,,,0.197,16786.784,Pinned,Device,NVIDIA A100-SXM4-40GB MIG 4g.20gb (0),1,,13,[CUDA memcpy Host-to-Device]
18830507459,5984,380861,273,1,1,8,4,1,39,0.002,0.000,,,,,NVIDIA A100-SXM4-40GB MIG 4g.20gb (0),1,,13,"void channel_eq::eqMmseCoefCompLowMimoKernel<float, float, float, (unsigned int)4, (unsigned int)1, (unsigned int)4>(const channel_eq::_puschRxChEqStatDescr *, channel_eq::_puschRxChEqCoefCompDynDescr)"
18830515459,5696,380862,273,1,1,12,11,1,51,0.002,0.000,,,,,NVIDIA A100-SXM4-40GB MIG 4g.20gb (0),1,,13,"void channel_eq::eqMmseSoftDemapKernel<float, __half, __half, float, (unsigned int)4, (unsigned short)16383>(channel_eq::_puschRxChEqStatDescr *, channel_eq::_puschRxChEqSoftDemapDynDescr)"
18830522691,283517,380863,1,1,1,32,32,1,30,0.000,0.000,,,,,NVIDIA A100-SXM4-40GB MIG 4g.20gb (0),1,,13,"void convert_kernel<float2, __half2>(tensor_layout_any, T1 *, tensor_layout_any, const T2 *)"
18830807616,10624,380875,2253,1,1,128,1,1,16,0.000,0.000,,,,,NVIDIA A100-SXM4-40GB MIG 4g.20gb (0),1,,13,cupy_copy__float16_float16
18830819616,2784,380884,282,1,1,128,1,1,16,0.000,0.000,,,,,NVIDIA A100-SXM4-40GB MIG 4g.20gb (0),1,,13,cupy_copy__complex64_complex64
18830824192,2080,380893,26,1,1,128,1,1,16,0.000,0.000,,,,,NVIDIA A100-SXM4-40GB MIG 4g.20gb (0),1,,13,cupy_copy__float32_float32
18830828224,2848,380902,103,1,1,128,1,1,16,0.000,0.000,,,,,NVIDIA A100-SXM4-40GB MIG 4g.20gb (0),1,,13,cupy_copy__complex64_complex64
18830832800,11648,380912,1434,1,1,128,1,1,16,0.000,0.000,,,,,NVIDIA A100-SXM4-40GB MIG 4g.20gb (0),1,,13,cupy_copy__complex64_complex64
18830860672,137406,380917,1,1,1,32,32,1,30,0.000,0.000,,,,,NVIDIA A100-SXM4-40GB MIG 4g.20gb (0),1,,13,"void convert_kernel<__half2, float2>(tensor_layout_any, T1 *, tensor_layout_any, const T2 *)"
18831027390,6144,380920,,,,,,,,,,0.094,15249.961,Pinned,Device,NVIDIA A100-SXM4-40GB MIG 4g.20gb (0),1,,13,[CUDA memcpy Host-to-Device]
18831191132,599705,380921,,,,,,,,,,456.561,761087.920,Device,,NVIDIA A100-SXM4-40GB MIG 4g.20gb (0),1,,13,[CUDA memset]
18831795381,54143,380926,,,,,,,,,,1.235,22808.181,Pinned,Device,NVIDIA A100-SXM4-40GB MIG 4g.20gb (0),1,,13,[CUDA memcpy Host-to-Device]
18831852468,10304,380927,,,,,,,,,,0.197,19080.610,Pinned,Device,NVIDIA A100-SXM4-40GB MIG 4g.20gb (0),1,,13,[CUDA memcpy Host-to-Device]
18832152305,15456,380928,69,4,1,48,1,1,76,0.002,0.000,,,,,NVIDIA A100-SXM4-40GB MIG 4g.20gb (0),1,,13,"void ch_est::windowedChEstPreNoDftSOfdmKernel<float, __half, float, (unsigned int)2, (unsigned int)1, (unsigned short)4>(ch_est::puschRxChEstStatDescr_t *, ch_est::puschRxChEstDynDescr_t *)"
18832550349,12799,380929,137,2,1,24,2,1,44,0.001,0.001,,,,,NVIDIA A100-SXM4-40GB MIG 4g.20gb (0),1,,13,"void ch_est::chEstFilterNoDftSOfdmDispatchKernel<float, __half, float, (unsigned int)2>(ch_est::puschRxChEstStatDescr_t *, ch_est::puschRxChEstDynDescr_t *)"
18832948168,13696,380930,137,2,1,24,2,1,44,0.001,0.001,,,,,NVIDIA A100-SXM4-40GB MIG 4g.20gb (0),1,,13,"void ch_est::chEstFilterNoDftSOfdmDispatchKernel<float, __half, float, (unsigned int)2>(ch_est::puschRxChEstStatDescr_t *, ch_est::puschRxChEstDynDescr_t *)"
18833300708,3872,380941,103,1,1,128,1,1,16,0.000,0.000,,,,,NVIDIA A100-SXM4-40GB MIG 4g.20gb (0),1,,13,cupy_copy__complex64_complex64
18833601537,44415,380951,1434,1,1,128,1,1,16,0.000,0.000,,,,,NVIDIA A100-SXM4-40GB MIG 4g.20gb (0),1,,13,cupy_copy__complex64_complex64
18834019804,5856,380958,103,1,1,128,1,1,16,0.000,0.000,,,,,NVIDIA A100-SXM4-40GB MIG 4g.20gb (0),1,,13,cupy_copy__complex64_complex64
18834446935,287197,380965,1,1,1,32,32,1,30,0.000,0.000,,,,,NVIDIA A100-SXM4-40GB MIG 4g.20gb (0),1,,13,"void convert_kernel<__half2, float2>(tensor_layout_any, T1 *, tensor_layout_any, const T2 *)"
18834765108,7136,380968,,,,,,,,,,0.094,13129.995,Pinned,Device,NVIDIA A100-SXM4-40GB MIG 4g.20gb (0),1,,13,[CUDA memcpy Host-to-Device]
18835200463,74399,380969,,,,,,,,,,35.810,481321.135,Device,,NVIDIA A100-SXM4-40GB MIG 4g.20gb (0),1,,13,[CUDA memset]
18835280974,2208,380971,,,,,,,,,,0.000,36.232,Pinned,Device,NVIDIA A100-SXM4-40GB MIG 4g.20gb (0),1,,13,[CUDA memcpy Host-to-Device]
18835285614,9568,380972,,,,,,,,,,0.197,20548.485,Pinned,Device,NVIDIA A100-SXM4-40GB MIG 4g.20gb (0),1,,13,[CUDA memcpy Host-to-Device]
18835785096,26272,380973,273,1,1,48,1,1,40,0.000,0.001,,,,,NVIDIA A100-SXM4-40GB MIG 4g.20gb (0),1,,13,"void pusch_noise_intf_est::noiseIntfEstNoDftSOfdmKernel<float, __half, float, float, (unsigned int)2, (unsigned int)1, (unsigned char)4, (unsigned char)4>(pusch_noise_intf_est::puschRxNoiseIntfEstDynDescr)"
18836198788,6336,380984,35,1,1,128,1,1,16,0.000,0.000,,,,,NVIDIA A100-SXM4-40GB MIG 4g.20gb (0),1,,13,cupy_copy__complex64_complex64
18836412161,6592,380993,1,1,1,1,1,1,18,0.000,0.000,,,,,NVIDIA A100-SXM4-40GB MIG 4g.20gb (0),1,,13,cupy_copy__float32_float32
18836422785,2336,380999,,,,,,,,,,0.000,1.712,Device,Pageable,NVIDIA A100-SXM4-40GB MIG 4g.20gb (0),1,,7,[CUDA memcpy Device-to-Host]
18836709310,25504,381010,1434,1,1,128,1,1,16,0.000,0.000,,,,,NVIDIA A100-SXM4-40GB MIG 4g.20gb (0),1,,13,cupy_copy__complex64_complex64
18836927676,18783,381017,103,1,1,128,1,1,16,0.000,0.000,,,,,NVIDIA A100-SXM4-40GB MIG 4g.20gb (0),1,,13,cupy_copy__complex64_complex64
18836948059,4064,381024,35,1,1,128,1,1,16,0.000,0.000,,,,,NVIDIA A100-SXM4-40GB MIG 4g.20gb (0),1,,13,cupy_copy__complex64_complex64
18836955643,2336,381031,1,1,1,1,1,1,18,0.000,0.000,,,,,NVIDIA A100-SXM4-40GB MIG 4g.20gb (0),1,,13,cupy_copy__float32_float32
18836959835,218430,381042,1,1,1,32,32,1,30,0.000,0.000,,,,,NVIDIA A100-SXM4-40GB MIG 4g.20gb (0),1,,13,"void convert_kernel<__half2, float2>(tensor_layout_any, T1 *, tensor_layout_any, const T2 *)"
18837206681,5504,381045,,,,,,,,,,0.094,17023.251,Pinned,Device,NVIDIA A100-SXM4-40GB MIG 4g.20gb (0),1,,13,[CUDA memcpy Host-to-Device]
18837272888,4704,381046,,,,,,,,,,1.547,328789.063,Device,,NVIDIA A100-SXM4-40GB MIG 4g.20gb (0),1,,13,[CUDA memset]
18837278552,3520,381051,,,,,,,,,,0.031,8890.881,Pinned,Device,NVIDIA A100-SXM4-40GB MIG 4g.20gb (0),1,,13,[CUDA memcpy Host-to-Device]
18837287640,9600,381052,,,,,,,,,,0.197,20479.869,Pinned,Device,NVIDIA A100-SXM4-40GB MIG 4g.20gb (0),1,,13,[CUDA memcpy Host-to-Device]
18837377879,13056,381053,273,1,1,8,4,1,39,0.002,0.000,,,,,NVIDIA A100-SXM4-40GB MIG 4g.20gb (0),1,,13,"void channel_eq::eqMmseCoefCompLowMimoKernel<float, float, float, (unsigned int)4, (unsigned int)1, (unsigned int)4>(const channel_eq::_puschRxChEqStatDescr *, channel_eq::_puschRxChEqCoefCompDynDescr)"
18837492373,11744,381054,273,1,1,12,11,1,51,0.002,0.000,,,,,NVIDIA A100-SXM4-40GB MIG 4g.20gb (0),1,,13,"void channel_eq::eqMmseSoftDemapKernel<float, __half, __half, float, (unsigned int)4, (unsigned short)16383>(channel_eq::_puschRxChEqStatDescr *, channel_eq::_puschRxChEqSoftDemapDynDescr)"
18837508629,566810,381055,1,1,1,32,32,1,30,0.000,0.000,,,,,NVIDIA A100-SXM4-40GB MIG 4g.20gb (0),1,,13,"void convert_kernel<float2, __half2>(tensor_layout_any, T1 *, tensor_layout_any, const T2 *)"
18838107918,14112,381067,2253,1,1,128,1,1,16,0.000,0.000,,,,,NVIDIA A100-SXM4-40GB MIG 4g.20gb (0),1,,13,cupy_copy__float16_float16
18838123982,4128,381076,282,1,1,128,1,1,16,0.000,0.000,,,,,NVIDIA A100-SXM4-40GB MIG 4g.20gb (0),1,,13,cupy_copy__complex64_complex64
18838220845,3520,381085,26,1,1,128,1,1,16,0.000,0.000,,,,,NVIDIA A100-SXM4-40GB MIG 4g.20gb (0),1,,13,cupy_copy__float32_float32
18838227661,4032,381094,103,1,1,128,1,1,16,0.000,0.000,,,,,NVIDIA A100-SXM4-40GB MIG 4g.20gb (0),1,,13,cupy_copy__complex64_complex64
18838329804,23200,381104,1434,1,1,128,1,1,16,0.000,0.000,,,,,NVIDIA A100-SXM4-40GB MIG 4g.20gb (0),1,,13,cupy_copy__complex64_complex64
18838395691,336733,381109,1,1,1,32,32,1,30,0.000,0.000,,,,,NVIDIA A100-SXM4-40GB MIG 4g.20gb (0),1,,13,"void convert_kernel<__half2, float2>(tensor_layout_any, T1 *, tensor_layout_any, const T2 *)"
18838763239,6336,381112,,,,,,,,,,0.094,14787.852,Pinned,Device,NVIDIA A100-SXM4-40GB MIG 4g.20gb (0),1,,13,[CUDA memcpy Host-to-Device]
18839128611,626777,381113,,,,,,,,,,456.561,728215.497,Device,,NVIDIA A100-SXM4-40GB MIG 4g.20gb (0),1,,13,[CUDA memset]
18839764412,57279,381118,,,,,,,,,,1.235,21559.652,Pinned,Device,NVIDIA A100-SXM4-40GB MIG 4g.20gb (0),1,,13,[CUDA memcpy Host-to-Device]
18839828251,9824,381119,,,,,,,,,,0.197,20012.925,Pinned,Device,NVIDIA A100-SXM4-40GB MIG 4g.20gb (0),1,,13,[CUDA memcpy Host-to-Device]
18840204247,12928,381120,69,4,1,48,1,1,76,0.002,0.000,,,,,NVIDIA A100-SXM4-40GB MIG 4g.20gb (0),1,,13,"void ch_est::windowedChEstPreNoDftSOfdmKernel<float, __half, float, (unsigned int)2, (unsigned int)1, (unsigned short)4>(ch_est::puschRxChEstStatDescr_t *, ch_est::puschRxChEstDynDescr_t *)"
18840793296,27232,381121,137,2,1,24,2,1,44,0.001,0.001,,,,,NVIDIA A100-SXM4-40GB MIG 4g.20gb (0),1,,13,"void ch_est::chEstFilterNoDftSOfdmDispatchKernel<float, __half, float, (unsigned int)2>(ch_est::puschRxChEstStatDescr_t *, ch_est::puschRxChEstDynDescr_t *)"
18841199660,9376,381122,137,2,1,24,2,1,44,0.001,0.001,,,,,NVIDIA A100-SXM4-40GB MIG 4g.20gb (0),1,,13,"void ch_est::chEstFilterNoDftSOfdmDispatchKernel<float, __half, float, (unsigned int)2>(ch_est::puschRxChEstStatDescr_t *, ch_est::puschRxChEstDynDescr_t *)"
18841788389,4192,381133,103,1,1,128,1,1,16,0.000,0.000,,,,,NVIDIA A100-SXM4-40GB MIG 4g.20gb (0),1,,13,cupy_copy__complex64_complex64
18842378527,16896,381143,1434,1,1,128,1,1,16,0.000,0.000,,,,,NVIDIA A100-SXM4-40GB MIG 4g.20gb (0),1,,13,cupy_copy__complex64_complex64
18842984536,4352,381150,103,1,1,128,1,1,16,0.000,0.000,,,,,NVIDIA A100-SXM4-40GB MIG 4g.20gb (0),1,,13,cupy_copy__complex64_complex64
18843577393,321981,381157,1,1,1,32,32,1,30,0.000,0.000,,,,,NVIDIA A100-SXM4-40GB MIG 4g.20gb (0),1,,13,"void convert_kernel<__half2, float2>(tensor_layout_any, T1 *, tensor_layout_any, const T2 *)"
18843930637,5760,381160,,,,,,,,,,0.094,16266.656,Pinned,Device,NVIDIA A100-SXM4-40GB MIG 4g.20gb (0),1,,13,[CUDA memcpy Host-to-Device]
18844300873,57696,381161,,,,,,,,,,35.810,620657.533,Device,,NVIDIA A100-SXM4-40GB MIG 4g.20gb (0),1,,13,[CUDA memset]
18844360681,2560,381163,,,,,,,,,,0.000,31.250,Pinned,Device,NVIDIA A100-SXM4-40GB MIG 4g.20gb (0),1,,13,[CUDA memcpy Host-to-Device]
18844366089,10335,381164,,,,,,,,,,0.197,19023.397,Pinned,Device,NVIDIA A100-SXM4-40GB MIG 4g.20gb (0),1,,13,[CUDA memcpy Host-to-Device]
18844535975,32191,381165,273,1,1,48,1,1,40,0.000,0.001,,,,,NVIDIA A100-SXM4-40GB MIG 4g.20gb (0),1,,13,"void pusch_noise_intf_est::noiseIntfEstNoDftSOfdmKernel<float, __half, float, float, (unsigned int)2, (unsigned int)1, (unsigned char)4, (unsigned char)4>(pusch_noise_intf_est::puschRxNoiseIntfEstDynDescr)"
18844572614,4160,381176,35,1,1,128,1,1,16,0.000,0.000,,,,,NVIDIA A100-SXM4-40GB MIG 4g.20gb (0),1,,13,cupy_copy__complex64_complex64
18844785284,5504,381185,1,1,1,1,1,1,18,0.000,0.000,,,,,NVIDIA A100-SXM4-40GB MIG 4g.20gb (0),1,,13,cupy_copy__float32_float32
18844795908,2624,381191,,,,,,,,,,0.000,1.524,Device,Pageable,NVIDIA A100-SXM4-40GB MIG 4g.20gb (0),1,,7,[CUDA memcpy Device-to-Host]
18845182303,19168,381202,1434,1,1,128,1,1,16,0.000,0.000,,,,,NVIDIA A100-SXM4-40GB MIG 4g.20gb (0),1,,13,cupy_copy__complex64_complex64
18845392733,5920,381209,103,1,1,128,1,1,16,0.000,0.000,,,,,NVIDIA A100-SXM4-40GB MIG 4g.20gb (0),1,,13,cupy_copy__complex64_complex64
18845462524,5280,381216,35,1,1,128,1,1,16,0.000,0.000,,,,,NVIDIA A100-SXM4-40GB MIG 4g.20gb (0),1,,13,cupy_copy__complex64_complex64
18845470652,3008,381223,1,1,1,1,1,1,18,0.000,0.000,,,,,NVIDIA A100-SXM4-40GB MIG 4g.20gb (0),1,,13,cupy_copy__float32_float32
18845572731,394556,381234,1,1,1,32,32,1,30,0.000,0.000,,,,,NVIDIA A100-SXM4-40GB MIG 4g.20gb (0),1,,13,"void convert_kernel<__half2, float2>(tensor_layout_any, T1 *, tensor_layout_any, const T2 *)"
18845996438,5792,381237,,,,,,,,,,0.094,16176.708,Pinned,Device,NVIDIA A100-SXM4-40GB MIG 4g.20gb (0),1,,13,[CUDA memcpy Host-to-Device]
18846026902,6208,381238,,,,,,,,,,1.547,249133.287,Device,,NVIDIA A100-SXM4-40GB MIG 4g.20gb (0),1,,13,[CUDA memset]
18846038998,4160,381243,,,,,,,,,,0.031,7523.058,Pinned,Device,NVIDIA A100-SXM4-40GB MIG 4g.20gb (0),1,,13,[CUDA memcpy Host-to-Device]
18846045814,10048,381244,,,,,,,,,,0.197,19566.821,Pinned,Device,NVIDIA A100-SXM4-40GB MIG 4g.20gb (0),1,,13,[CUDA memcpy Host-to-Device]
18846317427,8128,381245,273,1,1,8,4,1,39,0.002,0.000,,,,,NVIDIA A100-SXM4-40GB MIG 4g.20gb (0),1,,13,"void channel_eq::eqMmseCoefCompLowMimoKernel<float, float, float, (unsigned int)4, (unsigned int)1, (unsigned int)4>(const channel_eq::_puschRxChEqStatDescr *, channel_eq::_puschRxChEqCoefCompDynDescr)"
18846569328,25504,381246,273,1,1,12,11,1,51,0.002,0.000,,,,,NVIDIA A100-SXM4-40GB MIG 4g.20gb (0),1,,13,"void channel_eq::eqMmseSoftDemapKernel<float, __half, __half, float, (unsigned int)4, (unsigned short)16383>(channel_eq::_puschRxChEqStatDescr *, channel_eq::_puschRxChEqSoftDemapDynDescr)"
18846797165,810519,381247,1,1,1,32,32,1,30,0.000,0.000,,,,,NVIDIA A100-SXM4-40GB MIG 4g.20gb (0),1,,13,"void convert_kernel<float2, __half2>(tensor_layout_any, T1 *, tensor_layout_any, const T2 *)"
18848032576,12767,381259,2253,1,1,128,1,1,16,0.000,0.000,,,,,NVIDIA A100-SXM4-40GB MIG 4g.20gb (0),1,,13,cupy_copy__float16_float16
18848630681,9408,381268,282,1,1,128,1,1,16,0.000,0.000,,,,,NVIDIA A100-SXM4-40GB MIG 4g.20gb (0),1,,13,cupy_copy__complex64_complex64
18849156883,6752,381277,26,1,1,128,1,1,16,0.000,0.000,,,,,NVIDIA A100-SXM4-40GB MIG 4g.20gb (0),1,,13,cupy_copy__float32_float32
18849520911,11264,381286,103,1,1,128,1,1,16,0.000,0.000,,,,,NVIDIA A100-SXM4-40GB MIG 4g.20gb (0),1,,13,cupy_copy__complex64_complex64
18850046665,28448,381296,1434,1,1,128,1,1,16,0.000,0.000,,,,,NVIDIA A100-SXM4-40GB MIG 4g.20gb (0),1,,13,cupy_copy__complex64_complex64
18850632770,317437,381301,1,1,1,32,32,1,30,0.000,0.000,,,,,NVIDIA A100-SXM4-40GB MIG 4g.20gb (0),1,,13,"void convert_kernel<__half2, float2>(tensor_layout_any, T1 *, tensor_layout_any, const T2 *)"
18850981151,6176,381304,,,,,,,,,,0.094,15170.975,Pinned,Device,NVIDIA A100-SXM4-40GB MIG 4g.20gb (0),1,,13,[CUDA memcpy Host-to-Device]
18851499385,616217,381305,,,,,,,,,,456.561,740542.656,Device,,NVIDIA A100-SXM4-40GB MIG 4g.20gb (0),1,,13,[CUDA memset]
18852118418,52607,381310,,,,,,,,,,1.235,23473.816,Pinned,Device,NVIDIA A100-SXM4-40GB MIG 4g.20gb (0),1,,13,[CUDA memcpy Host-to-Device]
18852173457,10784,381311,,,,,,,,,,0.197,18231.263,Pinned,Device,NVIDIA A100-SXM4-40GB MIG 4g.20gb (0),1,,13,[CUDA memcpy Host-to-Device]
18852846250,11680,381312,69,4,1,48,1,1,76,0.002,0.000,,,,,NVIDIA A100-SXM4-40GB MIG 4g.20gb (0),1,,13,"void ch_est::windowedChEstPreNoDftSOfdmKernel<float, __half, float, (unsigned int)2, (unsigned int)1, (unsigned short)4>(ch_est::puschRxChEstStatDescr_t *, ch_est::puschRxChEstDynDescr_t *)"
18853371012,16384,381313,137,2,1,24,2,1,44,0.001,0.001,,,,,NVIDIA A100-SXM4-40GB MIG 4g.20gb (0),1,,13,"void ch_est::chEstFilterNoDftSOfdmDispatchKernel<float, __half, float, (unsigned int)2>(ch_est::puschRxChEstStatDescr_t *, ch_est::puschRxChEstDynDescr_t *)"
18854109404,17055,381314,137,2,1,24,2,1,44,0.001,0.001,,,,,NVIDIA A100-SXM4-40GB MIG 4g.20gb (0),1,,13,"void ch_est::chEstFilterNoDftSOfdmDispatchKernel<float, __half, float, (unsigned int)2>(ch_est::puschRxChEstStatDescr_t *, ch_est::puschRxChEstDynDescr_t *)"
18854617494,8224,381325,103,1,1,128,1,1,16,0.000,0.000,,,,,NVIDIA A100-SXM4-40GB MIG 4g.20gb (0),1,,13,cupy_copy__complex64_complex64
18854683573,25536,381335,1434,1,1,128,1,1,16,0.000,0.000,,,,,NVIDIA A100-SXM4-40GB MIG 4g.20gb (0),1,,13,cupy_copy__complex64_complex64
18854710357,4384,381342,103,1,1,128,1,1,16,0.000,0.000,,,,,NVIDIA A100-SXM4-40GB MIG 4g.20gb (0),1,,13,cupy_copy__complex64_complex64
18854866323,361820,381349,1,1,1,32,32,1,30,0.000,0.000,,,,,NVIDIA A100-SXM4-40GB MIG 4g.20gb (0),1,,13,"void convert_kernel<__half2, float2>(tensor_layout_any, T1 *, tensor_layout_any, const T2 *)"
18855257583,6144,381352,,,,,,,,,,0.094,15249.961,Pinned,Device,NVIDIA A100-SXM4-40GB MIG 4g.20gb (0),1,,13,[CUDA memcpy Host-to-Device]
18855317614,56831,381353,,,,,,,,,,35.810,630111.352,Device,,NVIDIA A100-SXM4-40GB MIG 4g.20gb (0),1,,13,[CUDA memset]
18855378221,1952,381355,,,,,,,,,,0.000,40.984,Pinned,Device,NVIDIA A100-SXM4-40GB MIG 4g.20gb (0),1,,13,[CUDA memcpy Host-to-Device]
18855383501,10048,381356,,,,,,,,,,0.197,19566.821,Pinned,Device,NVIDIA A100-SXM4-40GB MIG 4g.20gb (0),1,,13,[CUDA memcpy Host-to-Device]
18855468748,44000,381357,273,1,1,48,1,1,40,0.000,0.001,,,,,NVIDIA A100-SXM4-40GB MIG 4g.20gb (0),1,,13,"void pusch_noise_intf_est::noiseIntfEstNoDftSOfdmKernel<float, __half, float, float, (unsigned int)2, (unsigned int)1, (unsigned char)4, (unsigned char)4>(pusch_noise_intf_est::puschRxNoiseIntfEstDynDescr)"
18855584747,6432,381368,35,1,1,128,1,1,16,0.000,0.000,,,,,NVIDIA A100-SXM4-40GB MIG 4g.20gb (0),1,,13,cupy_copy__complex64_complex64
18855657962,9952,381377,1,1,1,1,1,1,18,0.000,0.000,,,,,NVIDIA A100-SXM4-40GB MIG 4g.20gb (0),1,,13,cupy_copy__float32_float32
18855677802,3296,381383,,,,,,,,,,0.000,1.214,Device,Pageable,NVIDIA A100-SXM4-40GB MIG 4g.20gb (0),1,,7,[CUDA memcpy Device-to-Host]
18855853256,17472,381394,1434,1,1,128,1,1,16,0.000,0.000,,,,,NVIDIA A100-SXM4-40GB MIG 4g.20gb (0),1,,13,cupy_copy__complex64_complex64
18855872232,8192,381401,103,1,1,128,1,1,16,0.000,0.000,,,,,NVIDIA A100-SXM4-40GB MIG 4g.20gb (0),1,,13,cupy_copy__complex64_complex64
18855982439,6656,381408,35,1,1,128,1,1,16,0.000,0.000,,,,,NVIDIA A100-SXM4-40GB MIG 4g.20gb (0),1,,13,cupy_copy__complex64_complex64
18856256548,6208,381415,1,1,1,1,1,1,18,0.000,0.000,,,,,NVIDIA A100-SXM4-40GB MIG 4g.20gb (0),1,,13,cupy_copy__float32_float32
18856385506,308829,381426,1,1,1,32,32,1,30,0.000,0.000,,,,,NVIDIA A100-SXM4-40GB MIG 4g.20gb (0),1,,13,"void convert_kernel<__half2, float2>(tensor_layout_any, T1 *, tensor_layout_any, const T2 *)"
18856723390,5728,381429,,,,,,,,,,0.094,16357.541,Pinned,Device,NVIDIA A100-SXM4-40GB MIG 4g.20gb (0),1,,13,[CUDA memcpy Host-to-Device]
18856949308,6048,381430,,,,,,,,,,1.547,255723.452,Device,,NVIDIA A100-SXM4-40GB MIG 4g.20gb (0),1,,13,[CUDA memset]
18856961884,3104,381435,,,,,,,,,,0.031,10082.445,Pinned,Device,NVIDIA A100-SXM4-40GB MIG 4g.20gb (0),1,,13,[CUDA memcpy Host-to-Device]
18856967516,10208,381436,,,,,,,,,,0.197,19260.113,Pinned,Device,NVIDIA A100-SXM4-40GB MIG 4g.20gb (0),1,,13,[CUDA memcpy Host-to-Device]
18857612116,15488,381437,273,1,1,8,4,1,39,0.002,0.000,,,,,NVIDIA A100-SXM4-40GB MIG 4g.20gb (0),1,,13,"void channel_eq::eqMmseCoefCompLowMimoKernel<float, float, float, (unsigned int)4, (unsigned int)1, (unsigned int)4>(const channel_eq::_puschRxChEqStatDescr *, channel_eq::_puschRxChEqCoefCompDynDescr)"
18858157838,20288,381438,273,1,1,12,11,1,51,0.002,0.000,,,,,NVIDIA A100-SXM4-40GB MIG 4g.20gb (0),1,,13,"void channel_eq::eqMmseSoftDemapKernel<float, __half, __half, float, (unsigned int)4, (unsigned short)16383>(channel_eq::_puschRxChEqStatDescr *, channel_eq::_puschRxChEqSoftDemapDynDescr)"
18858760136,811223,381439,1,1,1,32,32,1,30,0.000,0.000,,,,,NVIDIA A100-SXM4-40GB MIG 4g.20gb (0),1,,13,"void convert_kernel<float2, __half2>(tensor_layout_any, T1 *, tensor_layout_any, const T2 *)"
18860136600,22368,381451,2253,1,1,128,1,1,16,0.000,0.000,,,,,NVIDIA A100-SXM4-40GB MIG 4g.20gb (0),1,,13,cupy_copy__float16_float16
18860638867,10048,381460,282,1,1,128,1,1,16,0.000,0.000,,,,,NVIDIA A100-SXM4-40GB MIG 4g.20gb (0),1,,13,cupy_copy__complex64_complex64
18860811505,5952,381469,26,1,1,128,1,1,16,0.000,0.000,,,,,NVIDIA A100-SXM4-40GB MIG 4g.20gb (0),1,,13,cupy_copy__float32_float32
18861265516,16223,381478,103,1,1,128,1,1,16,0.000,0.000,,,,,NVIDIA A100-SXM4-40GB MIG 4g.20gb (0),1,,13,cupy_copy__complex64_complex64
18861744806,25824,381488,1434,1,1,128,1,1,16,0.000,0.000,,,,,NVIDIA A100-SXM4-40GB MIG 4g.20gb (0),1,,13,cupy_copy__complex64_complex64
18861930340,229086,381493,1,1,1,32,32,1,30,0.000,0.000,,,,,NVIDIA A100-SXM4-40GB MIG 4g.20gb (0),1,,13,"void convert_kernel<__half2, float2>(tensor_layout_any, T1 *, tensor_layout_any, const T2 *)"
18862188577,5536,381496,,,,,,,,,,0.094,16924.777,Pinned,Device,NVIDIA A100-SXM4-40GB MIG 4g.20gb (0),1,,13,[CUDA memcpy Host-to-Device]
18862550589,609817,381497,,,,,,,,,,456.561,748304.200,Device,,NVIDIA A100-SXM4-40GB MIG 4g.20gb (0),1,,13,[CUDA memset]
18863166294,51296,381502,,,,,,,,,,1.235,24073.998,Pinned,Device,NVIDIA A100-SXM4-40GB MIG 4g.20gb (0),1,,13,[CUDA memcpy Host-to-Device]
18863220662,9824,381503,,,,,,,,,,0.197,20012.925,Pinned,Device,NVIDIA A100-SXM4-40GB MIG 4g.20gb (0),1,,13,[CUDA memcpy Host-to-Device]
18863459475,14016,381504,69,4,1,48,1,1,76,0.002,0.000,,,,,NVIDIA A100-SXM4-40GB MIG 4g.20gb (0),1,,13,"void ch_est::windowedChEstPreNoDftSOfdmKernel<float, __half, float, (unsigned int)2, (unsigned int)1, (unsigned short)4>(ch_est::puschRxChEstStatDescr_t *, ch_est::puschRxChEstDynDescr_t *)"
18863564178,9312,381505,137,2,1,24,2,1,44,0.001,0.001,,,,,NVIDIA A100-SXM4-40GB MIG 4g.20gb (0),1,,13,"void ch_est::chEstFilterNoDftSOfdmDispatchKernel<float, __half, float, (unsigned int)2>(ch_est::puschRxChEstStatDescr_t *, ch_est::puschRxChEstDynDescr_t *)"
18863575026,6560,381506,137,2,1,24,2,1,44,0.001,0.001,,,,,NVIDIA A100-SXM4-40GB MIG 4g.20gb (0),1,,13,"void ch_est::chEstFilterNoDftSOfdmDispatchKernel<float, __half, float, (unsigned int)2>(ch_est::puschRxChEstStatDescr_t *, ch_est::puschRxChEstDynDescr_t *)"
18863582802,2496,381517,103,1,1,128,1,1,16,0.000,0.000,,,,,NVIDIA A100-SXM4-40GB MIG 4g.20gb (0),1,,13,cupy_copy__complex64_complex64
18863587762,12768,381527,1434,1,1,128,1,1,16,0.000,0.000,,,,,NVIDIA A100-SXM4-40GB MIG 4g.20gb (0),1,,13,cupy_copy__complex64_complex64
18863602130,2527,381534,103,1,1,128,1,1,16,0.000,0.000,,,,,NVIDIA A100-SXM4-40GB MIG 4g.20gb (0),1,,13,cupy_copy__complex64_complex64
18863606161,86399,381541,1,1,1,32,32,1,30,0.000,0.000,,,,,NVIDIA A100-SXM4-40GB MIG 4g.20gb (0),1,,13,"void convert_kernel<__half2, float2>(tensor_layout_any, T1 *, tensor_layout_any, const T2 *)"
18863720944,5504,381544,,,,,,,,,,0.094,17023.251,Pinned,Device,NVIDIA A100-SXM4-40GB MIG 4g.20gb (0),1,,13,[CUDA memcpy Host-to-Device]
18863757616,48735,381545,,,,,,,,,,35.810,734783.748,Device,,NVIDIA A100-SXM4-40GB MIG 4g.20gb (0),1,,13,[CUDA memset]
18863813519,1888,381547,,,,,,,,,,0.000,42.373,Pinned,Device,NVIDIA A100-SXM4-40GB MIG 4g.20gb (0),1,,13,[CUDA memcpy Host-to-Device]
18863818063,9920,381548,,,,,,,,,,0.197,19819.266,Pinned,Device,NVIDIA A100-SXM4-40GB MIG 4g.20gb (0),1,,13,[CUDA memcpy Host-to-Device]
18863905614,10144,381549,273,1,1,48,1,1,40,0.000,0.001,,,,,NVIDIA A100-SXM4-40GB MIG 4g.20gb (0),1,,13,"void pusch_noise_intf_est::noiseIntfEstNoDftSOfdmKernel<float, __half, float, float, (unsigned int)2, (unsigned int)1, (unsigned char)4, (unsigned char)4>(pusch_noise_intf_est::puschRxNoiseIntfEstDynDescr)"
18864011085,3648,381560,35,1,1,128,1,1,16,0.000,0.000,,,,,NVIDIA A100-SXM4-40GB MIG 4g.20gb (0),1,,13,cupy_copy__complex64_complex64
18864018765,2880,381569,1,1,1,1,1,1,18,0.000,0.000,,,,,NVIDIA A100-SXM4-40GB MIG 4g.20gb (0),1,,13,cupy_copy__float32_float32
18864028013,2496,381575,,,,,,,,,,0.000,1.603,Device,Pageable,NVIDIA A100-SXM4-40GB MIG 4g.20gb (0),1,,7,[CUDA memcpy Device-to-Host]
18864169195,18048,381586,1434,1,1,128,1,1,16,0.000,0.000,,,,,NVIDIA A100-SXM4-40GB MIG 4g.20gb (0),1,,13,cupy_copy__complex64_complex64
18864724133,5440,381593,103,1,1,128,1,1,16,0.000,0.000,,,,,NVIDIA A100-SXM4-40GB MIG 4g.20gb (0),1,,13,cupy_copy__complex64_complex64
18864824580,3776,381600,35,1,1,128,1,1,16,0.000,0.000,,,,,NVIDIA A100-SXM4-40GB MIG 4g.20gb (0),1,,13,cupy_copy__complex64_complex64
18865270527,4160,381607,1,1,1,1,1,1,18,0.000,0.000,,,,,NVIDIA A100-SXM4-40GB MIG 4g.20gb (0),1,,13,cupy_copy__float32_float32
18865370334,247357,381618,1,1,1,32,32,1,30,0.000,0.000,,,,,NVIDIA A100-SXM4-40GB MIG 4g.20gb (0),1,,13,"void convert_kernel<__half2, float2>(tensor_layout_any, T1 *, tensor_layout_any, const T2 *)"
18865646395,5696,381621,,,,,,,,,,0.094,16449.363,Pinned,Device,NVIDIA A100-SXM4-40GB MIG 4g.20gb (0),1,,13,[CUDA memcpy Host-to-Device]
18865914328,5152,381622,,,,,,,,,,1.547,300198.172,Device,,NVIDIA A100-SXM4-40GB MIG 4g.20gb (0),1,,13,[CUDA memset]
18865926296,3327,381627,,,,,,,,,,0.031,9406.670,Pinned,Device,NVIDIA A100-SXM4-40GB MIG 4g.20gb (0),1,,13,[CUDA memcpy Host-to-Device]
18865932311,10016,381628,,,,,,,,,,0.197,19629.343,Pinned,Device,NVIDIA A100-SXM4-40GB MIG 4g.20gb (0),1,,13,[CUDA memcpy Host-to-Device]
18866361683,36479,381629,273,1,1,8,4,1,39,0.002,0.000,,,,,NVIDIA A100-SXM4-40GB MIG 4g.20gb (0),1,,13,"void channel_eq::eqMmseCoefCompLowMimoKernel<float, float, float, (unsigned int)4, (unsigned int)1, (unsigned int)4>(const channel_eq::_puschRxChEqStatDescr *, channel_eq::_puschRxChEqCoefCompDynDescr)"
18866861133,15040,381630,273,1,1,12,11,1,51,0.002,0.000,,,,,NVIDIA A100-SXM4-40GB MIG 4g.20gb (0),1,,13,"void channel_eq::eqMmseSoftDemapKernel<float, __half, __half, float, (unsigned int)4, (unsigned short)16383>(channel_eq::_puschRxChEqStatDescr *, channel_eq::_puschRxChEqSoftDemapDynDescr)"
18867424103,635737,381631,1,1,1,32,32,1,30,0.000,0.000,,,,,NVIDIA A100-SXM4-40GB MIG 4g.20gb (0),1,,13,"void convert_kernel<float2, __half2>(tensor_layout_any, T1 *, tensor_layout_any, const T2 *)"
18868533402,18336,381643,2253,1,1,128,1,1,16,0.000,0.000,,,,,NVIDIA A100-SXM4-40GB MIG 4g.20gb (0),1,,13,cupy_copy__float16_float16
18869101140,6336,381652,282,1,1,128,1,1,16,0.000,0.000,,,,,NVIDIA A100-SXM4-40GB MIG 4g.20gb (0),1,,13,cupy_copy__complex64_complex64
18869258642,5376,381661,26,1,1,128,1,1,16,0.000,0.000,,,,,NVIDIA A100-SXM4-40GB MIG 4g.20gb (0),1,,13,cupy_copy__float32_float32
18869895787,7776,381670,103,1,1,128,1,1,16,0.000,0.000,,,,,NVIDIA A100-SXM4-40GB MIG 4g.20gb (0),1,,13,cupy_copy__complex64_complex64
18870008586,16832,381680,1434,1,1,128,1,1,16,0.000,0.000,,,,,NVIDIA A100-SXM4-40GB MIG 4g.20gb (0),1,,13,cupy_copy__complex64_complex64
18870087081,316252,381685,1,1,1,32,32,1,30,0.000,0.000,,,,,NVIDIA A100-SXM4-40GB MIG 4g.20gb (0),1,,13,"void convert_kernel<__half2, float2>(tensor_layout_any, T1 *, tensor_layout_any, const T2 *)"
18870438917,5952,381688,,,,,,,,,,0.094,15741.865,Pinned,Device,NVIDIA A100-SXM4-40GB MIG 4g.20gb (0),1,,13,[CUDA memcpy Host-to-Device]
18870569316,608601,381689,,,,,,,,,,456.561,750130.446,Device,,NVIDIA A100-SXM4-40GB MIG 4g.20gb (0),1,,13,[CUDA memset]
18871178845,51039,381694,,,,,,,,,,1.235,24195.023,Pinned,Device,NVIDIA A100-SXM4-40GB MIG 4g.20gb (0),1,,13,[CUDA memcpy Host-to-Device]
18871232572,10048,381695,,,,,,,,,,0.197,19566.821,Pinned,Device,NVIDIA A100-SXM4-40GB MIG 4g.20gb (0),1,,13,[CUDA memcpy Host-to-Device]
18871248028,9568,381696,69,4,1,48,1,1,76,0.002,0.000,,,,,NVIDIA A100-SXM4-40GB MIG 4g.20gb (0),1,,13,"void ch_est::windowedChEstPreNoDftSOfdmKernel<float, __half, float, (unsigned int)2, (unsigned int)1, (unsigned short)4>(ch_est::puschRxChEstStatDescr_t *, ch_est::puschRxChEstDynDescr_t *)"
18871326587,10528,381697,137,2,1,24,2,1,44,0.001,0.001,,,,,NVIDIA A100-SXM4-40GB MIG 4g.20gb (0),1,,13,"void ch_est::chEstFilterNoDftSOfdmDispatchKernel<float, __half, float, (unsigned int)2>(ch_est::puschRxChEstStatDescr_t *, ch_est::puschRxChEstDynDescr_t *)"
18871402714,9920,381698,137,2,1,24,2,1,44,0.001,0.001,,,,,NVIDIA A100-SXM4-40GB MIG 4g.20gb (0),1,,13,"void ch_est::chEstFilterNoDftSOfdmDispatchKernel<float, __half, float, (unsigned int)2>(ch_est::puschRxChEstStatDescr_t *, ch_est::puschRxChEstDynDescr_t *)"
18871483641,6272,381709,103,1,1,128,1,1,16,0.000,0.000,,,,,NVIDIA A100-SXM4-40GB MIG 4g.20gb (0),1,,13,cupy_copy__complex64_complex64
18871491801,15328,381719,1434,1,1,128,1,1,16,0.000,0.000,,,,,NVIDIA A100-SXM4-40GB MIG 4g.20gb (0),1,,13,cupy_copy__complex64_complex64
18871566904,4704,381726,103,1,1,128,1,1,16,0.000,0.000,,,,,NVIDIA A100-SXM4-40GB MIG 4g.20gb (0),1,,13,cupy_copy__complex64_complex64
18871573816,231390,381733,1,1,1,32,32,1,30,0.000,0.000,,,,,NVIDIA A100-SXM4-40GB MIG 4g.20gb (0),1,,13,"void convert_kernel<__half2, float2>(tensor_layout_any, T1 *, tensor_layout_any, const T2 *)"
18871833333,5376,381736,,,,,,,,,,0.094,17428.487,Pinned,Device,NVIDIA A100-SXM4-40GB MIG 4g.20gb (0),1,,13,[CUDA memcpy Host-to-Device]
18871852917,47648,381737,,,,,,,,,,35.810,751542.791,Device,,NVIDIA A100-SXM4-40GB MIG 4g.20gb (0),1,,13,[CUDA memset]
18871908437,2240,381739,,,,,,,,,,0.000,35.714,Pinned,Device,NVIDIA A100-SXM4-40GB MIG 4g.20gb (0),1,,13,[CUDA memcpy Host-to-Device]
18871913141,9663,381740,,,,,,,,,,0.197,20346.372,Pinned,Device,NVIDIA A100-SXM4-40GB MIG 4g.20gb (0),1,,13,[CUDA memcpy Host-to-Device]
18871926996,8800,381741,273,1,1,48,1,1,40,0.000,0.001,,,,,NVIDIA A100-SXM4-40GB MIG 4g.20gb (0),1,,13,"void pusch_noise_intf_est::noiseIntfEstNoDftSOfdmKernel<float, __half, float, float, (unsigned int)2, (unsigned int)1, (unsigned char)4, (unsigned char)4>(pusch_noise_intf_est::puschRxNoiseIntfEstDynDescr)"
18871937300,2976,381752,35,1,1,128,1,1,16,0.000,0.000,,,,,NVIDIA A100-SXM4-40GB MIG 4g.20gb (0),1,,13,cupy_copy__complex64_complex64
18871961972,1888,381761,1,1,1,1,1,1,18,0.000,0.000,,,,,NVIDIA A100-SXM4-40GB MIG 4g.20gb (0),1,,13,cupy_copy__float32_float32
18871996660,1600,381767,,,,,,,,,,0.000,2.500,Device,Pageable,NVIDIA A100-SXM4-40GB MIG 4g.20gb (0),1,,7,[CUDA memcpy Device-to-Host]
18872068915,13344,381778,1434,1,1,128,1,1,16,0.000,0.000,,,,,NVIDIA A100-SXM4-40GB MIG 4g.20gb (0),1,,13,cupy_copy__complex64_complex64
18872279249,13215,381785,103,1,1,128,1,1,16,0.000,0.000,,,,,NVIDIA A100-SXM4-40GB MIG 4g.20gb (0),1,,13,cupy_copy__complex64_complex64
18872294096,5024,381792,35,1,1,128,1,1,16,0.000,0.000,,,,,NVIDIA A100-SXM4-40GB MIG 4g.20gb (0),1,,13,cupy_copy__complex64_complex64
18872301104,2048,381799,1,1,1,1,1,1,18,0.000,0.000,,,,,NVIDIA A100-SXM4-40GB MIG 4g.20gb (0),1,,13,cupy_copy__float32_float32
18872513358,245117,381810,1,1,1,32,32,1,30,0.000,0.000,,,,,NVIDIA A100-SXM4-40GB MIG 4g.20gb (0),1,,13,"void convert_kernel<__half2, float2>(tensor_layout_any, T1 *, tensor_layout_any, const T2 *)"
18872788971,6048,381813,,,,,,,,,,0.094,15491.978,Pinned,Device,NVIDIA A100-SXM4-40GB MIG 4g.20gb (0),1,,13,[CUDA memcpy Host-to-Device]
18872862282,6208,381814,,,,,,,,,,1.547,249133.287,Device,,NVIDIA A100-SXM4-40GB MIG 4g.20gb (0),1,,13,[CUDA memset]
18872868842,4640,381819,,,,,,,,,,0.031,6744.820,Pinned,Device,NVIDIA A100-SXM4-40GB MIG 4g.20gb (0),1,,13,[CUDA memcpy Host-to-Device]
18872876202,9696,381820,,,,,,,,,,0.197,20277.166,Pinned,Device,NVIDIA A100-SXM4-40GB MIG 4g.20gb (0),1,,13,[CUDA memcpy Host-to-Device]
18873179686,15424,381821,273,1,1,8,4,1,39,0.002,0.000,,,,,NVIDIA A100-SXM4-40GB MIG 4g.20gb (0),1,,13,"void channel_eq::eqMmseCoefCompLowMimoKernel<float, float, float, (unsigned int)4, (unsigned int)1, (unsigned int)4>(const channel_eq::_puschRxChEqStatDescr *, channel_eq::_puschRxChEqCoefCompDynDescr)"
18873393092,24352,381822,273,1,1,12,11,1,51,0.002,0.000,,,,,NVIDIA A100-SXM4-40GB MIG 4g.20gb (0),1,,13,"void channel_eq::eqMmseSoftDemapKernel<float, __half, __half, float, (unsigned int)4, (unsigned short)16383>(channel_eq::_puschRxChEqStatDescr *, channel_eq::_puschRxChEqSoftDemapDynDescr)"
18873780064,745047,381823,1,1,1,32,32,1,30,0.000,0.000,,,,,NVIDIA A100-SXM4-40GB MIG 4g.20gb (0),1,,13,"void convert_kernel<float2, __half2>(tensor_layout_any, T1 *, tensor_layout_any, const T2 *)"
18874748661,25632,381835,2253,1,1,128,1,1,16,0.000,0.000,,,,,NVIDIA A100-SXM4-40GB MIG 4g.20gb (0),1,,13,cupy_copy__float16_float16
18875045810,5408,381844,282,1,1,128,1,1,16,0.000,0.000,,,,,NVIDIA A100-SXM4-40GB MIG 4g.20gb (0),1,,13,cupy_copy__complex64_complex64
18875425869,3232,381853,26,1,1,128,1,1,16,0.000,0.000,,,,,NVIDIA A100-SXM4-40GB MIG 4g.20gb (0),1,,13,cupy_copy__float32_float32
18875797033,11840,381862,103,1,1,128,1,1,16,0.000,0.000,,,,,NVIDIA A100-SXM4-40GB MIG 4g.20gb (0),1,,13,cupy_copy__complex64_complex64
18876083878,23264,381872,1434,1,1,128,1,1,16,0.000,0.000,,,,,NVIDIA A100-SXM4-40GB MIG 4g.20gb (0),1,,13,cupy_copy__complex64_complex64
18876361411,276573,381877,1,1,1,32,32,1,30,0.000,0.000,,,,,NVIDIA A100-SXM4-40GB MIG 4g.20gb (0),1,,13,"void convert_kernel<__half2, float2>(tensor_layout_any, T1 *, tensor_layout_any, const T2 *)"
18876668031,5920,381880,,,,,,,,,,0.094,15826.941,Pinned,Device,NVIDIA A100-SXM4-40GB MIG 4g.20gb (0),1,,13,[CUDA memcpy Host-to-Device]
18876971612,611897,381881,,,,,,,,,,456.561,746021.393,Device,,NVIDIA A100-SXM4-40GB MIG 4g.20gb (0),1,,13,[CUDA memset]
18877589141,51904,381886,,,,,,,,,,1.235,23792.431,Pinned,Device,NVIDIA A100-SXM4-40GB MIG 4g.20gb (0),1,,13,[CUDA memcpy Host-to-Device]
18877643509,9631,381887,,,,,,,,,,0.197,20414.005,Pinned,Device,NVIDIA A100-SXM4-40GB MIG 4g.20gb (0),1,,13,[CUDA memcpy Host-to-Device]
18878037968,11936,381888,69,4,1,48,1,1,76,0.002,0.000,,,,,NVIDIA A100-SXM4-40GB MIG 4g.20gb (0),1,,13,"void ch_est::windowedChEstPreNoDftSOfdmKernel<float, __half, float, (unsigned int)2, (unsigned int)1, (unsigned short)4>(ch_est::puschRxChEstStatDescr_t *, ch_est::puschRxChEstDynDescr_t *)"
18878365996,14048,381889,137,2,1,24,2,1,44,0.001,0.001,,,,,NVIDIA A100-SXM4-40GB MIG 4g.20gb (0),1,,13,"void ch_est::chEstFilterNoDftSOfdmDispatchKernel<float, __half, float, (unsigned int)2>(ch_est::puschRxChEstStatDescr_t *, ch_est::puschRxChEstDynDescr_t *)"
18878531755,15199,381890,137,2,1,24,2,1,44,0.001,0.001,,,,,NVIDIA A100-SXM4-40GB MIG 4g.20gb (0),1,,13,"void ch_est::chEstFilterNoDftSOfdmDispatchKernel<float, __half, float, (unsigned int)2>(ch_est::puschRxChEstStatDescr_t *, ch_est::puschRxChEstDynDescr_t *)"
18878548842,3168,381901,103,1,1,128,1,1,16,0.000,0.000,,,,,NVIDIA A100-SXM4-40GB MIG 4g.20gb (0),1,,13,cupy_copy__complex64_complex64
18878553994,14432,381911,1434,1,1,128,1,1,16,0.000,0.000,,,,,NVIDIA A100-SXM4-40GB MIG 4g.20gb (0),1,,13,cupy_copy__complex64_complex64
18878715433,13215,381918,103,1,1,128,1,1,16,0.000,0.000,,,,,NVIDIA A100-SXM4-40GB MIG 4g.20gb (0),1,,13,cupy_copy__complex64_complex64
18878730664,274525,381925,1,1,1,32,32,1,30,0.000,0.000,,,,,NVIDIA A100-SXM4-40GB MIG 4g.20gb (0),1,,13,"void convert_kernel<__half2, float2>(tensor_layout_any, T1 *, tensor_layout_any, const T2 *)"
18879034085,6144,381928,,,,,,,,,,0.094,15249.961,Pinned,Device,NVIDIA A100-SXM4-40GB MIG 4g.20gb (0),1,,13,[CUDA memcpy Host-to-Device]
18879277218,64352,381929,,,,,,,,,,35.810,556450.347,Device,,NVIDIA A100-SXM4-40GB MIG 4g.20gb (0),1,,13,[CUDA memset]
18879345250,1888,381931,,,,,,,,,,0.000,42.373,Pinned,Device,NVIDIA A100-SXM4-40GB MIG 4g.20gb (0),1,,13,[CUDA memcpy Host-to-Device]
18879351873,9888,381932,,,,,,,,,,0.197,19883.360,Pinned,Device,NVIDIA A100-SXM4-40GB MIG 4g.20gb (0),1,,13,[CUDA memcpy Host-to-Device]
18879659550,23552,381933,273,1,1,48,1,1,40,0.000,0.001,,,,,NVIDIA A100-SXM4-40GB MIG 4g.20gb (0),1,,13,"void pusch_noise_intf_est::noiseIntfEstNoDftSOfdmKernel<float, __half, float, float, (unsigned int)2, (unsigned int)1, (unsigned char)4, (unsigned char)4>(pusch_noise_intf_est::puschRxNoiseIntfEstDynDescr)"
18879685470,3424,381944,35,1,1,128,1,1,16,0.000,0.000,,,,,NVIDIA A100-SXM4-40GB MIG 4g.20gb (0),1,,13,cupy_copy__complex64_complex64
18879690270,1984,381953,1,1,1,1,1,1,18,0.000,0.000,,,,,NVIDIA A100-SXM4-40GB MIG 4g.20gb (0),1,,13,cupy_copy__float32_float32
18879695550,1632,381959,,,,,,,,,,0.000,2.451,Device,Pageable,NVIDIA A100-SXM4-40GB MIG 4g.20gb (0),1,,7,[CUDA memcpy Device-to-Host]
18879758397,13024,381970,1434,1,1,128,1,1,16,0.000,0.000,,,,,NVIDIA A100-SXM4-40GB MIG 4g.20gb (0),1,,13,cupy_copy__complex64_complex64
18879933531,12416,381977,103,1,1,128,1,1,16,0.000,0.000,,,,,NVIDIA A100-SXM4-40GB MIG 4g.20gb (0),1,,13,cupy_copy__complex64_complex64
18879947419,4480,381984,35,1,1,128,1,1,16,0.000,0.000,,,,,NVIDIA A100-SXM4-40GB MIG 4g.20gb (0),1,,13,cupy_copy__complex64_complex64
18880006650,4576,381991,1,1,1,1,1,1,18,0.000,0.000,,,,,NVIDIA A100-SXM4-40GB MIG 4g.20gb (0),1,,13,cupy_copy__float32_float32
18880312919,356028,382002,1,1,1,32,32,1,30,0.000,0.000,,,,,NVIDIA A100-SXM4-40GB MIG 4g.20gb (0),1,,13,"void convert_kernel<__half2, float2>(tensor_layout_any, T1 *, tensor_layout_any, const T2 *)"
18880699282,5568,382005,,,,,,,,,,0.094,16827.521,Pinned,Device,NVIDIA A100-SXM4-40GB MIG 4g.20gb (0),1,,13,[CUDA memcpy Host-to-Device]
18880936432,6976,382006,,,,,,,,,,1.547,221705.457,Device,,NVIDIA A100-SXM4-40GB MIG 4g.20gb (0),1,,13,[CUDA memset]
18880949264,3968,382011,,,,,,,,,,0.031,7887.093,Pinned,Device,NVIDIA A100-SXM4-40GB MIG 4g.20gb (0),1,,13,[CUDA memcpy Host-to-Device]
18880956848,14495,382012,,,,,,,,,,0.197,13563.789,Pinned,Device,NVIDIA A100-SXM4-40GB MIG 4g.20gb (0),1,,13,[CUDA memcpy Host-to-Device]
18881344715,13472,382013,273,1,1,8,4,1,39,0.002,0.000,,,,,NVIDIA A100-SXM4-40GB MIG 4g.20gb (0),1,,13,"void channel_eq::eqMmseCoefCompLowMimoKernel<float, float, float, (unsigned int)4, (unsigned int)1, (unsigned int)4>(const channel_eq::_puschRxChEqStatDescr *, channel_eq::_puschRxChEqCoefCompDynDescr)"
18881641864,23360,382014,273,1,1,12,11,1,51,0.002,0.000,,,,,NVIDIA A100-SXM4-40GB MIG 4g.20gb (0),1,,13,"void channel_eq::eqMmseSoftDemapKernel<float, __half, __half, float, (unsigned int)4, (unsigned short)16383>(channel_eq::_puschRxChEqStatDescr *, channel_eq::_puschRxChEqSoftDemapDynDescr)"
18881876709,804343,382015,1,1,1,32,32,1,30,0.000,0.000,,,,,NVIDIA A100-SXM4-40GB MIG 4g.20gb (0),1,,13,"void convert_kernel<float2, __half2>(tensor_layout_any, T1 *, tensor_layout_any, const T2 *)"
18882843450,13376,382027,2253,1,1,128,1,1,16,0.000,0.000,,,,,NVIDIA A100-SXM4-40GB MIG 4g.20gb (0),1,,13,cupy_copy__float16_float16
18883034936,4672,382036,282,1,1,128,1,1,16,0.000,0.000,,,,,NVIDIA A100-SXM4-40GB MIG 4g.20gb (0),1,,13,cupy_copy__complex64_complex64
18883162423,4480,382045,26,1,1,128,1,1,16,0.000,0.000,,,,,NVIDIA A100-SXM4-40GB MIG 4g.20gb (0),1,,13,cupy_copy__float32_float32
18883359701,9504,382054,103,1,1,128,1,1,16,0.000,0.000,,,,,NVIDIA A100-SXM4-40GB MIG 4g.20gb (0),1,,13,cupy_copy__complex64_complex64
18883373109,14143,382064,1434,1,1,128,1,1,16,0.000,0.000,,,,,NVIDIA A100-SXM4-40GB MIG 4g.20gb (0),1,,13,cupy_copy__complex64_complex64
18883453332,314844,382069,1,1,1,32,32,1,30,0.000,0.000,,,,,NVIDIA A100-SXM4-40GB MIG 4g.20gb (0),1,,13,"void convert_kernel<__half2, float2>(tensor_layout_any, T1 *, tensor_layout_any, const T2 *)"
18883797616,5760,382072,,,,,,,,,,0.094,16266.656,Pinned,Device,NVIDIA A100-SXM4-40GB MIG 4g.20gb (0),1,,13,[CUDA memcpy Host-to-Device]
18883807792,607961,382073,,,,,,,,,,456.561,750587.007,Device,,NVIDIA A100-SXM4-40GB MIG 4g.20gb (0),1,,13,[CUDA memset]
18884417129,54687,382078,,,,,,,,,,1.235,22580.951,Pinned,Device,NVIDIA A100-SXM4-40GB MIG 4g.20gb (0),1,,13,[CUDA memcpy Host-to-Device]
18884474376,10144,382079,,,,,,,,,,0.197,19381.617,Pinned,Device,NVIDIA A100-SXM4-40GB MIG 4g.20gb (0),1,,13,[CUDA memcpy Host-to-Device]
18884617063,10463,382080,69,4,1,48,1,1,76,0.002,0.000,,,,,NVIDIA A100-SXM4-40GB MIG 4g.20gb (0),1,,13,"void ch_est::windowedChEstPreNoDftSOfdmKernel<float, __half, float, (unsigned int)2, (unsigned int)1, (unsigned short)4>(ch_est::puschRxChEstStatDescr_t *, ch_est::puschRxChEstDynDescr_t *)"
18884820100,26752,382081,137,2,1,24,2,1,44,0.001,0.001,,,,,NVIDIA A100-SXM4-40GB MIG 4g.20gb (0),1,,13,"void ch_est::chEstFilterNoDftSOfdmDispatchKernel<float, __half, float, (unsigned int)2>(ch_est::puschRxChEstStatDescr_t *, ch_est::puschRxChEstDynDescr_t *)"
18884952547,31743,382082,137,2,1,24,2,1,44,0.001,0.001,,,,,NVIDIA A100-SXM4-40GB MIG 4g.20gb (0),1,,13,"void ch_est::chEstFilterNoDftSOfdmDispatchKernel<float, __half, float, (unsigned int)2>(ch_est::puschRxChEstStatDescr_t *, ch_est::puschRxChEstDynDescr_t *)"
18885179904,15104,382093,103,1,1,128,1,1,16,0.000,0.000,,,,,NVIDIA A100-SXM4-40GB MIG 4g.20gb (0),1,,13,cupy_copy__complex64_complex64
18885309887,45983,382103,1434,1,1,128,1,1,16,0.000,0.000,,,,,NVIDIA A100-SXM4-40GB MIG 4g.20gb (0),1,,13,cupy_copy__complex64_complex64
18885538748,15872,382110,103,1,1,128,1,1,16,0.000,0.000,,,,,NVIDIA A100-SXM4-40GB MIG 4g.20gb (0),1,,13,cupy_copy__complex64_complex64
18885753018,335644,382117,1,1,1,32,32,1,30,0.000,0.000,,,,,NVIDIA A100-SXM4-40GB MIG 4g.20gb (0),1,,13,"void convert_kernel<__half2, float2>(tensor_layout_any, T1 *, tensor_layout_any, const T2 *)"
18886118582,6720,382120,,,,,,,,,,0.094,13942.808,Pinned,Device,NVIDIA A100-SXM4-40GB MIG 4g.20gb (0),1,,13,[CUDA memcpy Host-to-Device]
18886596112,55008,382121,,,,,,,,,,35.810,650988.536,Device,,NVIDIA A100-SXM4-40GB MIG 4g.20gb (0),1,,13,[CUDA memset]
18886652496,1952,382123,,,,,,,,,,0.000,40.984,Pinned,Device,NVIDIA A100-SXM4-40GB MIG 4g.20gb (0),1,,13,[CUDA memcpy Host-to-Device]
18886658800,9696,382124,,,,,,,,,,0.197,20277.166,Pinned,Device,NVIDIA A100-SXM4-40GB MIG 4g.20gb (0),1,,13,[CUDA memcpy Host-to-Device]
18887232585,19104,382125,273,1,1,48,1,1,40,0.000,0.001,,,,,NVIDIA A100-SXM4-40GB MIG 4g.20gb (0),1,,13,"void pusch_noise_intf_est::noiseIntfEstNoDftSOfdmKernel<float, __half, float, float, (unsigned int)2, (unsigned int)1, (unsigned char)4, (unsigned char)4>(pusch_noise_intf_est::puschRxNoiseIntfEstDynDescr)"
18887694468,10720,382136,35,1,1,128,1,1,16,0.000,0.000,,,,,NVIDIA A100-SXM4-40GB MIG 4g.20gb (0),1,,13,cupy_copy__complex64_complex64
18888041344,6368,382145,1,1,1,1,1,1,18,0.000,0.000,,,,,NVIDIA A100-SXM4-40GB MIG 4g.20gb (0),1,,13,cupy_copy__float32_float32
18888057312,1632,382151,,,,,,,,,,0.000,2.451,Device,Pageable,NVIDIA A100-SXM4-40GB MIG 4g.20gb (0),1,,7,[CUDA memcpy Device-to-Host]
18888486235,17312,382162,1434,1,1,128,1,1,16,0.000,0.000,,,,,NVIDIA A100-SXM4-40GB MIG 4g.20gb (0),1,,13,cupy_copy__complex64_complex64
18888805688,6400,382169,103,1,1,128,1,1,16,0.000,0.000,,,,,NVIDIA A100-SXM4-40GB MIG 4g.20gb (0),1,,13,cupy_copy__complex64_complex64
18889109396,11904,382176,35,1,1,128,1,1,16,0.000,0.000,,,,,NVIDIA A100-SXM4-40GB MIG 4g.20gb (0),1,,13,cupy_copy__complex64_complex64
18889324978,3520,382183,1,1,1,1,1,1,18,0.000,0.000,,,,,NVIDIA A100-SXM4-40GB MIG 4g.20gb (0),1,,13,cupy_copy__float32_float32
18889404977,378876,382194,1,1,1,32,32,1,30,0.000,0.000,,,,,NVIDIA A100-SXM4-40GB MIG 4g.20gb (0),1,,13,"void convert_kernel<__half2, float2>(tensor_layout_any, T1 *, tensor_layout_any, const T2 *)"
18889814348,6016,382197,,,,,,,,,,0.094,15574.430,Pinned,Device,NVIDIA A100-SXM4-40GB MIG 4g.20gb (0),1,,13,[CUDA memcpy Host-to-Device]
18889928779,8576,382198,,,,,,,,,,1.547,180342.545,Device,,NVIDIA A100-SXM4-40GB MIG 4g.20gb (0),1,,13,[CUDA memset]
18889940491,3712,382203,,,,,,,,,,0.031,8431.017,Pinned,Device,NVIDIA A100-SXM4-40GB MIG 4g.20gb (0),1,,13,[CUDA memcpy Host-to-Device]
18889948235,10592,382204,,,,,,,,,,0.197,18561.761,Pinned,Device,NVIDIA A100-SXM4-40GB MIG 4g.20gb (0),1,,13,[CUDA memcpy Host-to-Device]
18889963051,7776,382205,273,1,1,8,4,1,39,0.002,0.000,,,,,NVIDIA A100-SXM4-40GB MIG 4g.20gb (0),1,,13,"void channel_eq::eqMmseCoefCompLowMimoKernel<float, float, float, (unsigned int)4, (unsigned int)1, (unsigned int)4>(const channel_eq::_puschRxChEqStatDescr *, channel_eq::_puschRxChEqCoefCompDynDescr)"
18889972523,7776,382206,273,1,1,12,11,1,51,0.002,0.000,,,,,NVIDIA A100-SXM4-40GB MIG 4g.20gb (0),1,,13,"void channel_eq::eqMmseSoftDemapKernel<float, __half, __half, float, (unsigned int)4, (unsigned short)16383>(channel_eq::_puschRxChEqStatDescr *, channel_eq::_puschRxChEqSoftDemapDynDescr)"
18889982571,281436,382207,1,1,1,32,32,1,30,0.000,0.000,,,,,NVIDIA A100-SXM4-40GB MIG 4g.20gb (0),1,,13,"void convert_kernel<float2, __half2>(tensor_layout_any, T1 *, tensor_layout_any, const T2 *)"
18890265415,10688,382219,2253,1,1,128,1,1,16,0.000,0.000,,,,,NVIDIA A100-SXM4-40GB MIG 4g.20gb (0),1,,13,cupy_copy__float16_float16
18890278471,2880,382228,282,1,1,128,1,1,16,0.000,0.000,,,,,NVIDIA A100-SXM4-40GB MIG 4g.20gb (0),1,,13,cupy_copy__complex64_complex64
18890283847,2080,382237,26,1,1,128,1,1,16,0.000,0.000,,,,,NVIDIA A100-SXM4-40GB MIG 4g.20gb (0),1,,13,cupy_copy__float32_float32
18890287655,2912,382246,103,1,1,128,1,1,16,0.000,0.000,,,,,NVIDIA A100-SXM4-40GB MIG 4g.20gb (0),1,,13,cupy_copy__complex64_complex64
18890292903,12352,382256,1434,1,1,128,1,1,16,0.000,0.000,,,,,NVIDIA A100-SXM4-40GB MIG 4g.20gb (0),1,,13,cupy_copy__complex64_complex64
18890307783,79615,382261,1,1,1,32,32,1,30,0.000,0.000,,,,,NVIDIA A100-SXM4-40GB MIG 4g.20gb (0),1,,13,"void convert_kernel<__half2, float2>(tensor_layout_any, T1 *, tensor_layout_any, const T2 *)"
18890452069,5632,382264,,,,,,,,,,0.094,16636.287,Pinned,Device,NVIDIA A100-SXM4-40GB MIG 4g.20gb (0),1,,13,[CUDA memcpy Host-to-Device]
18890462277,609433,382265,,,,,,,,,,456.561,748760.762,Device,,NVIDIA A100-SXM4-40GB MIG 4g.20gb (0),1,,13,[CUDA memset]
18891079550,52320,382270,,,,,,,,,,1.235,23603.485,Pinned,Device,NVIDIA A100-SXM4-40GB MIG 4g.20gb (0),1,,13,[CUDA memcpy Host-to-Device]
18891136254,10784,382271,,,,,,,,,,0.197,18231.263,Pinned,Device,NVIDIA A100-SXM4-40GB MIG 4g.20gb (0),1,,13,[CUDA memcpy Host-to-Device]
18891175645,9280,382272,69,4,1,48,1,1,76,0.002,0.000,,,,,NVIDIA A100-SXM4-40GB MIG 4g.20gb (0),1,,13,"void ch_est::windowedChEstPreNoDftSOfdmKernel<float, __half, float, (unsigned int)2, (unsigned int)1, (unsigned short)4>(ch_est::puschRxChEstStatDescr_t *, ch_est::puschRxChEstDynDescr_t *)"
18891352379,14560,382273,137,2,1,24,2,1,44,0.001,0.001,,,,,NVIDIA A100-SXM4-40GB MIG 4g.20gb (0),1,,13,"void ch_est::chEstFilterNoDftSOfdmDispatchKernel<float, __half, float, (unsigned int)2>(ch_est::puschRxChEstStatDescr_t *, ch_est::puschRxChEstDynDescr_t *)"
18891485978,34591,382274,137,2,1,24,2,1,44,0.001,0.001,,,,,NVIDIA A100-SXM4-40GB MIG 4g.20gb (0),1,,13,"void ch_est::chEstFilterNoDftSOfdmDispatchKernel<float, __half, float, (unsigned int)2>(ch_est::puschRxChEstStatDescr_t *, ch_est::puschRxChEstDynDescr_t *)"
18891685688,7072,382285,103,1,1,128,1,1,16,0.000,0.000,,,,,NVIDIA A100-SXM4-40GB MIG 4g.20gb (0),1,,13,cupy_copy__complex64_complex64
18891808630,50240,382295,1434,1,1,128,1,1,16,0.000,0.000,,,,,NVIDIA A100-SXM4-40GB MIG 4g.20gb (0),1,,13,cupy_copy__complex64_complex64
18892011988,7872,382302,103,1,1,128,1,1,16,0.000,0.000,,,,,NVIDIA A100-SXM4-40GB MIG 4g.20gb (0),1,,13,cupy_copy__complex64_complex64
18892218098,322524,382309,1,1,1,32,32,1,30,0.000,0.000,,,,,NVIDIA A100-SXM4-40GB MIG 4g.20gb (0),1,,13,"void convert_kernel<__half2, float2>(tensor_layout_any, T1 *, tensor_layout_any, const T2 *)"
18892571758,6464,382312,,,,,,,,,,0.094,14494.959,Pinned,Device,NVIDIA A100-SXM4-40GB MIG 4g.20gb (0),1,,13,[CUDA memcpy Host-to-Device]
18892978761,49984,382313,,,,,,,,,,35.810,716413.260,Device,,NVIDIA A100-SXM4-40GB MIG 4g.20gb (0),1,,13,[CUDA memset]
18893031913,1952,382315,,,,,,,,,,0.000,40.984,Pinned,Device,NVIDIA A100-SXM4-40GB MIG 4g.20gb (0),1,,13,[CUDA memcpy Host-to-Device]
18893037288,9984,382316,,,,,,,,,,0.197,19692.257,Pinned,Device,NVIDIA A100-SXM4-40GB MIG 4g.20gb (0),1,,13,[CUDA memcpy Host-to-Device]
18893566595,21439,382317,273,1,1,48,1,1,40,0.000,0.001,,,,,NVIDIA A100-SXM4-40GB MIG 4g.20gb (0),1,,13,"void pusch_noise_intf_est::noiseIntfEstNoDftSOfdmKernel<float, __half, float, float, (unsigned int)2, (unsigned int)1, (unsigned char)4, (unsigned char)4>(pusch_noise_intf_est::puschRxNoiseIntfEstDynDescr)"
18893995134,7488,382328,35,1,1,128,1,1,16,0.000,0.000,,,,,NVIDIA A100-SXM4-40GB MIG 4g.20gb (0),1,,13,cupy_copy__complex64_complex64
18894350170,4096,382337,1,1,1,1,1,1,18,0.000,0.000,,,,,NVIDIA A100-SXM4-40GB MIG 4g.20gb (0),1,,13,cupy_copy__float32_float32
18894562103,2272,382343,,,,,,,,,,0.000,1.761,Device,Pageable,NVIDIA A100-SXM4-40GB MIG 4g.20gb (0),1,,7,[CUDA memcpy Device-to-Host]
18895055538,18560,382354,1434,1,1,128,1,1,16,0.000,0.000,,,,,NVIDIA A100-SXM4-40GB MIG 4g.20gb (0),1,,13,cupy_copy__complex64_complex64
18895425678,4608,382361,103,1,1,128,1,1,16,0.000,0.000,,,,,NVIDIA A100-SXM4-40GB MIG 4g.20gb (0),1,,13,cupy_copy__complex64_complex64
18895794378,5920,382368,35,1,1,128,1,1,16,0.000,0.000,,,,,NVIDIA A100-SXM4-40GB MIG 4g.20gb (0),1,,13,cupy_copy__complex64_complex64
18896047303,3744,382375,1,1,1,1,1,1,18,0.000,0.000,,,,,NVIDIA A100-SXM4-40GB MIG 4g.20gb (0),1,,13,cupy_copy__float32_float32
18896135526,331260,382386,1,1,1,32,32,1,30,0.000,0.000,,,,,NVIDIA A100-SXM4-40GB MIG 4g.20gb (0),1,,13,"void convert_kernel<__half2, float2>(tensor_layout_any, T1 *, tensor_layout_any, const T2 *)"
18896497890,5504,382389,,,,,,,,,,0.094,17023.251,Pinned,Device,NVIDIA A100-SXM4-40GB MIG 4g.20gb (0),1,,13,[CUDA memcpy Host-to-Device]
18896673216,5856,382390,,,,,,,,,,1.547,264109.247,Device,,NVIDIA A100-SXM4-40GB MIG 4g.20gb (0),1,,13,[CUDA memset]
18896682304,3808,382395,,,,,,,,,,0.031,8218.486,Pinned,Device,NVIDIA A100-SXM4-40GB MIG 4g.20gb (0),1,,13,[CUDA memcpy Host-to-Device]
18896690016,9600,382396,,,,,,,,,,0.197,20479.869,Pinned,Device,NVIDIA A100-SXM4-40GB MIG 4g.20gb (0),1,,13,[CUDA memcpy Host-to-Device]
18896704095,7360,382397,273,1,1,8,4,1,39,0.002,0.000,,,,,NVIDIA A100-SXM4-40GB MIG 4g.20gb (0),1,,13,"void channel_eq::eqMmseCoefCompLowMimoKernel<float, float, float, (unsigned int)4, (unsigned int)1, (unsigned int)4>(const channel_eq::_puschRxChEqStatDescr *, channel_eq::_puschRxChEqCoefCompDynDescr)"
18896712831,6784,382398,273,1,1,12,11,1,51,0.002,0.000,,,,,NVIDIA A100-SXM4-40GB MIG 4g.20gb (0),1,,13,"void channel_eq::eqMmseSoftDemapKernel<float, __half, __half, float, (unsigned int)4, (unsigned short)16383>(channel_eq::_puschRxChEqStatDescr *, channel_eq::_puschRxChEqSoftDemapDynDescr)"
18896721279,281661,382399,1,1,1,32,32,1,30,0.000,0.000,,,,,NVIDIA A100-SXM4-40GB MIG 4g.20gb (0),1,,13,"void convert_kernel<float2, __half2>(tensor_layout_any, T1 *, tensor_layout_any, const T2 *)"
18897004508,10592,382411,2253,1,1,128,1,1,16,0.000,0.000,,,,,NVIDIA A100-SXM4-40GB MIG 4g.20gb (0),1,,13,cupy_copy__float16_float16
18897016700,2848,382420,282,1,1,128,1,1,16,0.000,0.000,,,,,NVIDIA A100-SXM4-40GB MIG 4g.20gb (0),1,,13,cupy_copy__complex64_complex64
18897021628,2080,382429,26,1,1,128,1,1,16,0.000,0.000,,,,,NVIDIA A100-SXM4-40GB MIG 4g.20gb (0),1,,13,cupy_copy__float32_float32
18897026012,2912,382438,103,1,1,128,1,1,16,0.000,0.000,,,,,NVIDIA A100-SXM4-40GB MIG 4g.20gb (0),1,,13,cupy_copy__complex64_complex64
18897030716,12192,382448,1434,1,1,128,1,1,16,0.000,0.000,,,,,NVIDIA A100-SXM4-40GB MIG 4g.20gb (0),1,,13,cupy_copy__complex64_complex64
18897044604,79775,382453,1,1,1,32,32,1,30,0.000,0.000,,,,,NVIDIA A100-SXM4-40GB MIG 4g.20gb (0),1,,13,"void convert_kernel<__half2, float2>(tensor_layout_any, T1 *, tensor_layout_any, const T2 *)"
18897153242,5472,382456,,,,,,,,,,0.094,17122.757,Pinned,Device,NVIDIA A100-SXM4-40GB MIG 4g.20gb (0),1,,13,[CUDA memcpy Host-to-Device]
18897163322,605498,382457,,,,,,,,,,456.561,753782.937,Device,,NVIDIA A100-SXM4-40GB MIG 4g.20gb (0),1,,13,[CUDA memset]
18897771668,48959,382462,,,,,,,,,,1.235,25223.731,Pinned,Device,NVIDIA A100-SXM4-40GB MIG 4g.20gb (0),1,,13,[CUDA memcpy Host-to-Device]
18897823091,9696,382463,,,,,,,,,,0.197,20277.166,Pinned,Device,NVIDIA A100-SXM4-40GB MIG 4g.20gb (0),1,,13,[CUDA memcpy Host-to-Device]
18897883762,10304,382464,69,4,1,48,1,1,76,0.002,0.000,,,,,NVIDIA A100-SXM4-40GB MIG 4g.20gb (0),1,,13,"void ch_est::windowedChEstPreNoDftSOfdmKernel<float, __half, float, (unsigned int)2, (unsigned int)1, (unsigned short)4>(ch_est::puschRxChEstStatDescr_t *, ch_est::puschRxChEstDynDescr_t *)"
18898010481,12800,382465,137,2,1,24,2,1,44,0.001,0.001,,,,,NVIDIA A100-SXM4-40GB MIG 4g.20gb (0),1,,13,"void ch_est::chEstFilterNoDftSOfdmDispatchKernel<float, __half, float, (unsigned int)2>(ch_est::puschRxChEstStatDescr_t *, ch_est::puschRxChEstDynDescr_t *)"
18898024945,7360,382466,137,2,1,24,2,1,44,0.001,0.001,,,,,NVIDIA A100-SXM4-40GB MIG 4g.20gb (0),1,,13,"void ch_est::chEstFilterNoDftSOfdmDispatchKernel<float, __half, float, (unsigned int)2>(ch_est::puschRxChEstStatDescr_t *, ch_est::puschRxChEstDynDescr_t *)"
18898154703,4416,382477,103,1,1,128,1,1,16,0.000,0.000,,,,,NVIDIA A100-SXM4-40GB MIG 4g.20gb (0),1,,13,cupy_copy__complex64_complex64
18898160623,14816,382487,1434,1,1,128,1,1,16,0.000,0.000,,,,,NVIDIA A100-SXM4-40GB MIG 4g.20gb (0),1,,13,cupy_copy__complex64_complex64
18898177071,4736,382494,103,1,1,128,1,1,16,0.000,0.000,,,,,NVIDIA A100-SXM4-40GB MIG 4g.20gb (0),1,,13,cupy_copy__complex64_complex64
18898182511,80031,382501,1,1,1,32,32,1,30,0.000,0.000,,,,,NVIDIA A100-SXM4-40GB MIG 4g.20gb (0),1,,13,"void convert_kernel<__half2, float2>(tensor_layout_any, T1 *, tensor_layout_any, const T2 *)"
18898334733,5504,382504,,,,,,,,,,0.094,17023.251,Pinned,Device,NVIDIA A100-SXM4-40GB MIG 4g.20gb (0),1,,13,[CUDA memcpy Host-to-Device]
18898378349,51583,382505,,,,,,,,,,35.810,694211.109,Device,,NVIDIA A100-SXM4-40GB MIG 4g.20gb (0),1,,13,[CUDA memset]
18898431404,2432,382507,,,,,,,,,,0.000,32.895,Pinned,Device,NVIDIA A100-SXM4-40GB MIG 4g.20gb (0),1,,13,[CUDA memcpy Host-to-Device]
18898436268,9760,382508,,,,,,,,,,0.197,20144.259,Pinned,Device,NVIDIA A100-SXM4-40GB MIG 4g.20gb (0),1,,13,[CUDA memcpy Host-to-Device]
18898551179,41855,382509,273,1,1,48,1,1,40,0.000,0.001,,,,,NVIDIA A100-SXM4-40GB MIG 4g.20gb (0),1,,13,"void pusch_noise_intf_est::noiseIntfEstNoDftSOfdmKernel<float, __half, float, float, (unsigned int)2, (unsigned int)1, (unsigned char)4, (unsigned char)4>(pusch_noise_intf_est::puschRxNoiseIntfEstDynDescr)"
18898731177,6400,382520,35,1,1,128,1,1,16,0.000,0.000,,,,,NVIDIA A100-SXM4-40GB MIG 4g.20gb (0),1,,13,cupy_copy__complex64_complex64
18898783816,3936,382529,1,1,1,1,1,1,18,0.000,0.000,,,,,NVIDIA A100-SXM4-40GB MIG 4g.20gb (0),1,,13,cupy_copy__float32_float32
18898796072,1600,382535,,,,,,,,,,0.000,2.500,Device,Pageable,NVIDIA A100-SXM4-40GB MIG 4g.20gb (0),1,,7,[CUDA memcpy Device-to-Host]
18898975302,18016,382546,1434,1,1,128,1,1,16,0.000,0.000,,,,,NVIDIA A100-SXM4-40GB MIG 4g.20gb (0),1,,13,cupy_copy__complex64_complex64
18899239747,23872,382553,103,1,1,128,1,1,16,0.000,0.000,,,,,NVIDIA A100-SXM4-40GB MIG 4g.20gb (0),1,,13,cupy_copy__complex64_complex64
18899524032,9920,382560,35,1,1,128,1,1,16,0.000,0.000,,,,,NVIDIA A100-SXM4-40GB MIG 4g.20gb (0),1,,13,cupy_copy__complex64_complex64
18900022714,4480,382567,1,1,1,1,1,1,18,0.000,0.000,,,,,NVIDIA A100-SXM4-40GB MIG 4g.20gb (0),1,,13,cupy_copy__float32_float32
18900380822,292413,382578,1,1,1,32,32,1,30,0.000,0.000,,,,,NVIDIA A100-SXM4-40GB MIG 4g.20gb (0),1,,13,"void convert_kernel<__half2, float2>(tensor_layout_any, T1 *, tensor_layout_any, const T2 *)"
18900703507,5760,382581,,,,,,,,,,0.094,16266.656,Pinned,Device,NVIDIA A100-SXM4-40GB MIG 4g.20gb (0),1,,13,[CUDA memcpy Host-to-Device]
18900935952,6848,382582,,,,,,,,,,1.547,225850.409,Device,,NVIDIA A100-SXM4-40GB MIG 4g.20gb (0),1,,13,[CUDA memset]
18900946320,7264,382587,,,,,,,,,,0.031,4308.364,Pinned,Device,NVIDIA A100-SXM4-40GB MIG 4g.20gb (0),1,,13,[CUDA memcpy Host-to-Device]
18900956400,13248,382588,,,,,,,,,,0.197,14840.562,Pinned,Device,NVIDIA A100-SXM4-40GB MIG 4g.20gb (0),1,,13,[CUDA memcpy Host-to-Device]
18901284940,16928,382589,273,1,1,8,4,1,39,0.002,0.000,,,,,NVIDIA A100-SXM4-40GB MIG 4g.20gb (0),1,,13,"void channel_eq::eqMmseCoefCompLowMimoKernel<float, float, float, (unsigned int)4, (unsigned int)1, (unsigned int)4>(const channel_eq::_puschRxChEqStatDescr *, channel_eq::_puschRxChEqCoefCompDynDescr)"
18901636712,21152,382590,273,1,1,12,11,1,51,0.002,0.000,,,,,NVIDIA A100-SXM4-40GB MIG 4g.20gb (0),1,,13,"void channel_eq::eqMmseSoftDemapKernel<float, __half, __half, float, (unsigned int)4, (unsigned short)16383>(channel_eq::_puschRxChEqStatDescr *, channel_eq::_puschRxChEqSoftDemapDynDescr)"
18901992900,781848,382591,1,1,1,32,32,1,30,0.000,0.000,,,,,NVIDIA A100-SXM4-40GB MIG 4g.20gb (0),1,,13,"void convert_kernel<float2, __half2>(tensor_layout_any, T1 *, tensor_layout_any, const T2 *)"
18903317302,14623,382603,2253,1,1,128,1,1,16,0.000,0.000,,,,,NVIDIA A100-SXM4-40GB MIG 4g.20gb (0),1,,13,cupy_copy__float16_float16
18903718865,7648,382612,282,1,1,128,1,1,16,0.000,0.000,,,,,NVIDIA A100-SXM4-40GB MIG 4g.20gb (0),1,,13,cupy_copy__complex64_complex64
18903822192,5312,382621,26,1,1,128,1,1,16,0.000,0.000,,,,,NVIDIA A100-SXM4-40GB MIG 4g.20gb (0),1,,13,cupy_copy__float32_float32
18904221675,8192,382630,103,1,1,128,1,1,16,0.000,0.000,,,,,NVIDIA A100-SXM4-40GB MIG 4g.20gb (0),1,,13,cupy_copy__complex64_complex64
18904231915,16320,382640,1434,1,1,128,1,1,16,0.000,0.000,,,,,NVIDIA A100-SXM4-40GB MIG 4g.20gb (0),1,,13,cupy_copy__complex64_complex64
18904640679,262141,382645,1,1,1,32,32,1,30,0.000,0.000,,,,,NVIDIA A100-SXM4-40GB MIG 4g.20gb (0),1,,13,"void convert_kernel<__half2, float2>(tensor_layout_any, T1 *, tensor_layout_any, const T2 *)"
18904933507,5824,382648,,,,,,,,,,0.094,16087.884,Pinned,Device,NVIDIA A100-SXM4-40GB MIG 4g.20gb (0),1,,13,[CUDA memcpy Host-to-Device]
18905048898,604985,382649,,,,,,,,,,456.561,754239.499,Device,,NVIDIA A100-SXM4-40GB MIG 4g.20gb (0),1,,13,[CUDA memset]
18905663195,50400,382654,,,,,,,,,,1.235,24502.524,Pinned,Device,NVIDIA A100-SXM4-40GB MIG 4g.20gb (0),1,,13,[CUDA memcpy Host-to-Device]
18905716699,9856,382655,,,,,,,,,,0.197,19948.044,Pinned,Device,NVIDIA A100-SXM4-40GB MIG 4g.20gb (0),1,,13,[CUDA memcpy Host-to-Device]
18906040247,13472,382656,69,4,1,48,1,1,76,0.002,0.000,,,,,NVIDIA A100-SXM4-40GB MIG 4g.20gb (0),1,,13,"void ch_est::windowedChEstPreNoDftSOfdmKernel<float, __half, float, (unsigned int)2, (unsigned int)1, (unsigned short)4>(ch_est::puschRxChEstStatDescr_t *, ch_est::puschRxChEstDynDescr_t *)"
18906055991,7808,382657,137,2,1,24,2,1,44,0.001,0.001,,,,,NVIDIA A100-SXM4-40GB MIG 4g.20gb (0),1,,13,"void ch_est::chEstFilterNoDftSOfdmDispatchKernel<float, __half, float, (unsigned int)2>(ch_est::puschRxChEstStatDescr_t *, ch_est::puschRxChEstDynDescr_t *)"
18906447699,21567,382658,137,2,1,24,2,1,44,0.001,0.001,,,,,NVIDIA A100-SXM4-40GB MIG 4g.20gb (0),1,,13,"void ch_est::chEstFilterNoDftSOfdmDispatchKernel<float, __half, float, (unsigned int)2>(ch_est::puschRxChEstStatDescr_t *, ch_est::puschRxChEstDynDescr_t *)"
18906502482,5856,382669,103,1,1,128,1,1,16,0.000,0.000,,,,,NVIDIA A100-SXM4-40GB MIG 4g.20gb (0),1,,13,cupy_copy__complex64_complex64
18906895406,17887,382679,1434,1,1,128,1,1,16,0.000,0.000,,,,,NVIDIA A100-SXM4-40GB MIG 4g.20gb (0),1,,13,cupy_copy__complex64_complex64
18906915661,3744,382686,103,1,1,128,1,1,16,0.000,0.000,,,,,NVIDIA A100-SXM4-40GB MIG 4g.20gb (0),1,,13,cupy_copy__complex64_complex64
18907503047,310812,382693,1,1,1,32,32,1,30,0.000,0.000,,,,,NVIDIA A100-SXM4-40GB MIG 4g.20gb (0),1,,13,"void convert_kernel<__half2, float2>(tensor_layout_any, T1 *, tensor_layout_any, const T2 *)"
18907853507,5856,382696,,,,,,,,,,0.094,15999.997,Pinned,Device,NVIDIA A100-SXM4-40GB MIG 4g.20gb (0),1,,13,[CUDA memcpy Host-to-Device]
18908213503,57567,382697,,,,,,,,,,35.810,622054.120,Device,,NVIDIA A100-SXM4-40GB MIG 4g.20gb (0),1,,13,[CUDA memset]
18908276446,1856,382699,,,,,,,,,,0.000,43.103,Pinned,Device,NVIDIA A100-SXM4-40GB MIG 4g.20gb (0),1,,13,[CUDA memcpy Host-to-Device]
18908280830,9408,382700,,,,,,,,,,0.197,20897.858,Pinned,Device,NVIDIA A100-SXM4-40GB MIG 4g.20gb (0),1,,13,[CUDA memcpy Host-to-Device]
18908543067,16320,382701,273,1,1,48,1,1,40,0.000,0.001,,,,,NVIDIA A100-SXM4-40GB MIG 4g.20gb (0),1,,13,"void pusch_noise_intf_est::noiseIntfEstNoDftSOfdmKernel<float, __half, float, float, (unsigned int)2, (unsigned int)1, (unsigned char)4, (unsigned char)4>(pusch_noise_intf_est::puschRxNoiseIntfEstDynDescr)"
18908761433,6848,382712,35,1,1,128,1,1,16,0.000,0.000,,,,,NVIDIA A100-SXM4-40GB MIG 4g.20gb (0),1,,13,cupy_copy__complex64_complex64
18908827320,4928,382721,1,1,1,1,1,1,18,0.000,0.000,,,,,NVIDIA A100-SXM4-40GB MIG 4g.20gb (0),1,,13,cupy_copy__float32_float32
18908838488,5344,382727,,,,,,,,,,0.000,0.749,Device,Pageable,NVIDIA A100-SXM4-40GB MIG 4g.20gb (0),1,,7,[CUDA memcpy Device-to-Host]
18909101781,18816,382738,1434,1,1,128,1,1,16,0.000,0.000,,,,,NVIDIA A100-SXM4-40GB MIG 4g.20gb (0),1,,13,cupy_copy__complex64_complex64
18909327314,9472,382745,103,1,1,128,1,1,16,0.000,0.000,,,,,NVIDIA A100-SXM4-40GB MIG 4g.20gb (0),1,,13,cupy_copy__complex64_complex64
18909389458,10144,382752,35,1,1,128,1,1,16,0.000,0.000,,,,,NVIDIA A100-SXM4-40GB MIG 4g.20gb (0),1,,13,cupy_copy__complex64_complex64
18909606703,4832,382759,1,1,1,1,1,1,18,0.000,0.000,,,,,NVIDIA A100-SXM4-40GB MIG 4g.20gb (0),1,,13,cupy_copy__float32_float32
18909668719,305756,382770,1,1,1,32,32,1,30,0.000,0.000,,,,,NVIDIA A100-SXM4-40GB MIG 4g.20gb (0),1,,13,"void convert_kernel<__half2, float2>(tensor_layout_any, T1 *, tensor_layout_any, const T2 *)"
18910004491,6368,382773,,,,,,,,,,0.094,14713.551,Pinned,Device,NVIDIA A100-SXM4-40GB MIG 4g.20gb (0),1,,13,[CUDA memcpy Host-to-Device]
18910221384,7808,382774,,,,,,,,,,1.547,198080.776,Device,,NVIDIA A100-SXM4-40GB MIG 4g.20gb (0),1,,13,[CUDA memset]
18910237032,3232,382779,,,,,,,,,,0.031,9683.139,Pinned,Device,NVIDIA A100-SXM4-40GB MIG 4g.20gb (0),1,,13,[CUDA memcpy Host-to-Device]
18910243176,10272,382780,,,,,,,,,,0.197,19140.182,Pinned,Device,NVIDIA A100-SXM4-40GB MIG 4g.20gb (0),1,,13,[CUDA memcpy Host-to-Device]
18910498757,27232,382781,273,1,1,8,4,1,39,0.002,0.000,,,,,NVIDIA A100-SXM4-40GB MIG 4g.20gb (0),1,,13,"void channel_eq::eqMmseCoefCompLowMimoKernel<float, float, float, (unsigned int)4, (unsigned int)1, (unsigned int)4>(const channel_eq::_puschRxChEqStatDescr *, channel_eq::_puschRxChEqCoefCompDynDescr)"
18910559301,16703,382782,273,1,1,12,11,1,51,0.002,0.000,,,,,NVIDIA A100-SXM4-40GB MIG 4g.20gb (0),1,,13,"void channel_eq::eqMmseSoftDemapKernel<float, __half, __half, float, (unsigned int)4, (unsigned short)16383>(channel_eq::_puschRxChEqStatDescr *, channel_eq::_puschRxChEqSoftDemapDynDescr)"
18910758306,621561,382783,1,1,1,32,32,1,30,0.000,0.000,,,,,NVIDIA A100-SXM4-40GB MIG 4g.20gb (0),1,,13,"void convert_kernel<float2, __half2>(tensor_layout_any, T1 *, tensor_layout_any, const T2 *)"
18911452315,22111,382795,2253,1,1,128,1,1,16,0.000,0.000,,,,,NVIDIA A100-SXM4-40GB MIG 4g.20gb (0),1,,13,cupy_copy__float16_float16
18911577529,5952,382804,282,1,1,128,1,1,16,0.000,0.000,,,,,NVIDIA A100-SXM4-40GB MIG 4g.20gb (0),1,,13,cupy_copy__complex64_complex64
18911588537,3744,382813,26,1,1,128,1,1,16,0.000,0.000,,,,,NVIDIA A100-SXM4-40GB MIG 4g.20gb (0),1,,13,cupy_copy__float32_float32
18911594873,3488,382822,103,1,1,128,1,1,16,0.000,0.000,,,,,NVIDIA A100-SXM4-40GB MIG 4g.20gb (0),1,,13,cupy_copy__complex64_complex64
18911760535,17344,382838,1434,1,1,128,1,1,16,0.000,0.000,,,,,NVIDIA A100-SXM4-40GB MIG 4g.20gb (0),1,,13,cupy_copy__complex64_complex64
18911951253,279293,382843,1,1,1,32,32,1,30,0.000,0.000,,,,,NVIDIA A100-SXM4-40GB MIG 4g.20gb (0),1,,13,"void convert_kernel<__half2, float2>(tensor_layout_any, T1 *, tensor_layout_any, const T2 *)"
18912269425,5408,382846,,,,,,,,,,0.094,17325.421,Pinned,Device,NVIDIA A100-SXM4-40GB MIG 4g.20gb (0),1,,13,[CUDA memcpy Host-to-Device]
18912287537,616089,382847,,,,,,,,,,456.561,740999.217,Device,,NVIDIA A100-SXM4-40GB MIG 4g.20gb (0),1,,13,[CUDA memset]
18912910250,52192,382852,,,,,,,,,,1.235,23661.527,Pinned,Device,NVIDIA A100-SXM4-40GB MIG 4g.20gb (0),1,,13,[CUDA memcpy Host-to-Device]
18912966570,11296,382853,,,,,,,,,,0.197,17404.920,Pinned,Device,NVIDIA A100-SXM4-40GB MIG 4g.20gb (0),1,,13,[CUDA memcpy Host-to-Device]
18913073161,16447,382854,69,4,1,48,1,1,76,0.002,0.000,,,,,NVIDIA A100-SXM4-40GB MIG 4g.20gb (0),1,,13,"void ch_est::windowedChEstPreNoDftSOfdmKernel<float, __half, float, (unsigned int)2, (unsigned int)1, (unsigned short)4>(ch_est::puschRxChEstStatDescr_t *, ch_est::puschRxChEstDynDescr_t *)"
18913253062,18208,382855,137,2,1,24,2,1,44,0.001,0.001,,,,,NVIDIA A100-SXM4-40GB MIG 4g.20gb (0),1,,13,"void ch_est::chEstFilterNoDftSOfdmDispatchKernel<float, __half, float, (unsigned int)2>(ch_est::puschRxChEstStatDescr_t *, ch_est::puschRxChEstDynDescr_t *)"
18913420677,14335,382856,137,2,1,24,2,1,44,0.001,0.001,,,,,NVIDIA A100-SXM4-40GB MIG 4g.20gb (0),1,,13,"void ch_est::chEstFilterNoDftSOfdmDispatchKernel<float, __half, float, (unsigned int)2>(ch_est::puschRxChEstStatDescr_t *, ch_est::puschRxChEstDynDescr_t *)"
18913604355,9567,382867,103,1,1,128,1,1,16,0.000,0.000,,,,,NVIDIA A100-SXM4-40GB MIG 4g.20gb (0),1,,13,cupy_copy__complex64_complex64
18913791872,18944,382877,1434,1,1,128,1,1,16,0.000,0.000,,,,,NVIDIA A100-SXM4-40GB MIG 4g.20gb (0),1,,13,cupy_copy__complex64_complex64
18914005374,8800,382884,103,1,1,128,1,1,16,0.000,0.000,,,,,NVIDIA A100-SXM4-40GB MIG 4g.20gb (0),1,,13,cupy_copy__complex64_complex64
18914111549,298781,382891,1,1,1,32,32,1,30,0.000,0.000,,,,,NVIDIA A100-SXM4-40GB MIG 4g.20gb (0),1,,13,"void convert_kernel<__half2, float2>(tensor_layout_any, T1 *, tensor_layout_any, const T2 *)"
18914440505,7872,382894,,,,,,,,,,0.094,11902.390,Pinned,Device,NVIDIA A100-SXM4-40GB MIG 4g.20gb (0),1,,13,[CUDA memcpy Host-to-Device]
18914674711,49311,382895,,,,,,,,,,35.810,726189.368,Device,,NVIDIA A100-SXM4-40GB MIG 4g.20gb (0),1,,13,[CUDA memset]
18914729142,1856,382897,,,,,,,,,,0.000,43.103,Pinned,Device,NVIDIA A100-SXM4-40GB MIG 4g.20gb (0),1,,13,[CUDA memcpy Host-to-Device]
18914735414,9824,382898,,,,,,,,,,0.197,20012.925,Pinned,Device,NVIDIA A100-SXM4-40GB MIG 4g.20gb (0),1,,13,[CUDA memcpy Host-to-Device]
18914974451,23072,382899,273,1,1,48,1,1,40,0.000,0.001,,,,,NVIDIA A100-SXM4-40GB MIG 4g.20gb (0),1,,13,"void pusch_noise_intf_est::noiseIntfEstNoDftSOfdmKernel<float, __half, float, float, (unsigned int)2, (unsigned int)1, (unsigned char)4, (unsigned char)4>(pusch_noise_intf_est::puschRxNoiseIntfEstDynDescr)"
18915293488,4960,382910,35,1,1,128,1,1,16,0.000,0.000,,,,,NVIDIA A100-SXM4-40GB MIG 4g.20gb (0),1,,13,cupy_copy__complex64_complex64
18915755243,6559,382919,1,1,1,1,1,1,18,0.000,0.000,,,,,NVIDIA A100-SXM4-40GB MIG 4g.20gb (0),1,,13,cupy_copy__float32_float32
18915770186,1760,382925,,,,,,,,,,0.000,2.273,Device,Pageable,NVIDIA A100-SXM4-40GB MIG 4g.20gb (0),1,,7,[CUDA memcpy Device-to-Host]
18916343716,36992,382936,1434,1,1,128,1,1,16,0.000,0.000,,,,,NVIDIA A100-SXM4-40GB MIG 4g.20gb (0),1,,13,cupy_copy__complex64_complex64
18916839006,12064,382943,103,1,1,128,1,1,16,0.000,0.000,,,,,NVIDIA A100-SXM4-40GB MIG 4g.20gb (0),1,,13,cupy_copy__complex64_complex64
18917068156,9184,382950,35,1,1,128,1,1,16,0.000,0.000,,,,,NVIDIA A100-SXM4-40GB MIG 4g.20gb (0),1,,13,cupy_copy__complex64_complex64
18917534647,6176,382957,1,1,1,1,1,1,18,0.000,0.000,,,,,NVIDIA A100-SXM4-40GB MIG 4g.20gb (0),1,,13,cupy_copy__float32_float32
18917928242,316253,382968,1,1,1,32,32,1,30,0.000,0.000,,,,,NVIDIA A100-SXM4-40GB MIG 4g.20gb (0),1,,13,"void convert_kernel<__half2, float2>(tensor_layout_any, T1 *, tensor_layout_any, const T2 *)"
18918274542,6208,382971,,,,,,,,,,0.094,15092.739,Pinned,Device,NVIDIA A100-SXM4-40GB MIG 4g.20gb (0),1,,13,[CUDA memcpy Host-to-Device]
18918386701,10464,382972,,,,,,,,,,1.547,147803.123,Device,,NVIDIA A100-SXM4-40GB MIG 4g.20gb (0),1,,13,[CUDA memset]
18918401933,3552,382977,,,,,,,,,,0.031,8810.794,Pinned,Device,NVIDIA A100-SXM4-40GB MIG 4g.20gb (0),1,,13,[CUDA memcpy Host-to-Device]
18918408141,10144,382978,,,,,,,,,,0.197,19381.617,Pinned,Device,NVIDIA A100-SXM4-40GB MIG 4g.20gb (0),1,,13,[CUDA memcpy Host-to-Device]
18918778921,34143,382979,273,1,1,8,4,1,39,0.002,0.000,,,,,NVIDIA A100-SXM4-40GB MIG 4g.20gb (0),1,,13,"void channel_eq::eqMmseCoefCompLowMimoKernel<float, float, float, (unsigned int)4, (unsigned int)1, (unsigned int)4>(const channel_eq::_puschRxChEqStatDescr *, channel_eq::_puschRxChEqCoefCompDynDescr)"
18919230372,18655,382980,273,1,1,12,11,1,51,0.002,0.000,,,,,NVIDIA A100-SXM4-40GB MIG 4g.20gb (0),1,,13,"void channel_eq::eqMmseSoftDemapKernel<float, __half, __half, float, (unsigned int)4, (unsigned short)16383>(channel_eq::_puschRxChEqStatDescr *, channel_eq::_puschRxChEqSoftDemapDynDescr)"
18919824125,858902,382981,1,1,1,32,32,1,30,0.000,0.000,,,,,NVIDIA A100-SXM4-40GB MIG 4g.20gb (0),1,,13,"void convert_kernel<float2, __half2>(tensor_layout_any, T1 *, tensor_layout_any, const T2 *)"
18920882001,24064,382993,2253,1,1,128,1,1,16,0.000,0.000,,,,,NVIDIA A100-SXM4-40GB MIG 4g.20gb (0),1,,13,cupy_copy__float16_float16
18921081231,6624,383002,282,1,1,128,1,1,16,0.000,0.000,,,,,NVIDIA A100-SXM4-40GB MIG 4g.20gb (0),1,,13,cupy_copy__complex64_complex64
18921132814,4704,383011,26,1,1,128,1,1,16,0.000,0.000,,,,,NVIDIA A100-SXM4-40GB MIG 4g.20gb (0),1,,13,cupy_copy__float32_float32
18921315660,4896,383020,103,1,1,128,1,1,16,0.000,0.000,,,,,NVIDIA A100-SXM4-40GB MIG 4g.20gb (0),1,,13,cupy_copy__complex64_complex64
18921500810,15968,383030,1434,1,1,128,1,1,16,0.000,0.000,,,,,NVIDIA A100-SXM4-40GB MIG 4g.20gb (0),1,,13,cupy_copy__complex64_complex64
18921916806,285180,383035,1,1,1,32,32,1,30,0.000,0.000,,,,,NVIDIA A100-SXM4-40GB MIG 4g.20gb (0),1,,13,"void convert_kernel<__half2, float2>(tensor_layout_any, T1 *, tensor_layout_any, const T2 *)"
18922232354,5600,383038,,,,,,,,,,0.094,16731.388,Pinned,Device,NVIDIA A100-SXM4-40GB MIG 4g.20gb (0),1,,13,[CUDA memcpy Host-to-Device]
18922493407,604633,383039,,,,,,,,,,456.561,754696.060,Device,,NVIDIA A100-SXM4-40GB MIG 4g.20gb (0),1,,13,[CUDA memset]
18923104472,52608,383044,,,,,,,,,,1.235,23473.816,Pinned,Device,NVIDIA A100-SXM4-40GB MIG 4g.20gb (0),1,,13,[CUDA memcpy Host-to-Device]
18923162040,10304,383045,,,,,,,,,,0.197,19080.610,Pinned,Device,NVIDIA A100-SXM4-40GB MIG 4g.20gb (0),1,,13,[CUDA memcpy Host-to-Device]
18923687282,21984,383046,69,4,1,48,1,1,76,0.002,0.000,,,,,NVIDIA A100-SXM4-40GB MIG 4g.20gb (0),1,,13,"void ch_est::windowedChEstPreNoDftSOfdmKernel<float, __half, float, (unsigned int)2, (unsigned int)1, (unsigned short)4>(ch_est::puschRxChEstStatDescr_t *, ch_est::puschRxChEstDynDescr_t *)"
18923975951,11200,383047,137,2,1,24,2,1,44,0.001,0.001,,,,,NVIDIA A100-SXM4-40GB MIG 4g.20gb (0),1,,13,"void ch_est::chEstFilterNoDftSOfdmDispatchKernel<float, __half, float, (unsigned int)2>(ch_est::puschRxChEstStatDescr_t *, ch_est::puschRxChEstDynDescr_t *)"
18924306219,14144,383048,137,2,1,24,2,1,44,0.001,0.001,,,,,NVIDIA A100-SXM4-40GB MIG 4g.20gb (0),1,,13,"void ch_est::chEstFilterNoDftSOfdmDispatchKernel<float, __half, float, (unsigned int)2>(ch_est::puschRxChEstStatDescr_t *, ch_est::puschRxChEstDynDescr_t *)"
18924525640,7296,383059,103,1,1,128,1,1,16,0.000,0.000,,,,,NVIDIA A100-SXM4-40GB MIG 4g.20gb (0),1,,13,cupy_copy__complex64_complex64
18924854597,20192,383069,1434,1,1,128,1,1,16,0.000,0.000,,,,,NVIDIA A100-SXM4-40GB MIG 4g.20gb (0),1,,13,cupy_copy__complex64_complex64
18925408255,8256,383076,103,1,1,128,1,1,16,0.000,0.000,,,,,NVIDIA A100-SXM4-40GB MIG 4g.20gb (0),1,,13,cupy_copy__complex64_complex64
18925826074,275549,383083,1,1,1,32,32,1,30,0.000,0.000,,,,,NVIDIA A100-SXM4-40GB MIG 4g.20gb (0),1,,13,"void convert_kernel<__half2, float2>(tensor_layout_any, T1 *, tensor_layout_any, const T2 *)"
18926164310,5824,383086,,,,,,,,,,0.094,16087.884,Pinned,Device,NVIDIA A100-SXM4-40GB MIG 4g.20gb (0),1,,13,[CUDA memcpy Host-to-Device]
18926841327,55071,383087,,,,,,,,,,35.810,650236.527,Device,,NVIDIA A100-SXM4-40GB MIG 4g.20gb (0),1,,13,[CUDA memset]
18926897902,2240,383089,,,,,,,,,,0.000,35.714,Pinned,Device,NVIDIA A100-SXM4-40GB MIG 4g.20gb (0),1,,13,[CUDA memcpy Host-to-Device]
18926904302,11424,383090,,,,,,,,,,0.197,17210.081,Pinned,Device,NVIDIA A100-SXM4-40GB MIG 4g.20gb (0),1,,13,[CUDA memcpy Host-to-Device]
18927574374,20864,383091,273,1,1,48,1,1,40,0.000,0.001,,,,,NVIDIA A100-SXM4-40GB MIG 4g.20gb (0),1,,13,"void pusch_noise_intf_est::noiseIntfEstNoDftSOfdmKernel<float, __half, float, float, (unsigned int)2, (unsigned int)1, (unsigned char)4, (unsigned char)4>(pusch_noise_intf_est::puschRxNoiseIntfEstDynDescr)"
18928257311,14144,383102,35,1,1,128,1,1,16,0.000,0.000,,,,,NVIDIA A100-SXM4-40GB MIG 4g.20gb (0),1,,13,cupy_copy__complex64_complex64
18928705434,6048,383111,1,1,1,1,1,1,18,0.000,0.000,,,,,NVIDIA A100-SXM4-40GB MIG 4g.20gb (0),1,,13,cupy_copy__float32_float32
18928716602,2048,383117,,,,,,,,,,0.000,1.953,Device,Pageable,NVIDIA A100-SXM4-40GB MIG 4g.20gb (0),1,,7,[CUDA memcpy Device-to-Host]
18929154837,20352,383128,1434,1,1,128,1,1,16,0.000,0.000,,,,,NVIDIA A100-SXM4-40GB MIG 4g.20gb (0),1,,13,cupy_copy__complex64_complex64
18929278707,7264,383135,103,1,1,128,1,1,16,0.000,0.000,,,,,NVIDIA A100-SXM4-40GB MIG 4g.20gb (0),1,,13,cupy_copy__complex64_complex64
18929288563,4352,383142,35,1,1,128,1,1,16,0.000,0.000,,,,,NVIDIA A100-SXM4-40GB MIG 4g.20gb (0),1,,13,cupy_copy__complex64_complex64
18929295635,1984,383149,1,1,1,1,1,1,18,0.000,0.000,,,,,NVIDIA A100-SXM4-40GB MIG 4g.20gb (0),1,,13,cupy_copy__float32_float32
18929401458,333404,383160,1,1,1,32,32,1,30,0.000,0.000,,,,,NVIDIA A100-SXM4-40GB MIG 4g.20gb (0),1,,13,"void convert_kernel<__half2, float2>(tensor_layout_any, T1 *, tensor_layout_any, const T2 *)"
18929765614,5952,383163,,,,,,,,,,0.094,15741.865,Pinned,Device,NVIDIA A100-SXM4-40GB MIG 4g.20gb (0),1,,13,[CUDA memcpy Host-to-Device]
18929833773,5568,383164,,,,,,,,,,1.547,277769.031,Device,,NVIDIA A100-SXM4-40GB MIG 4g.20gb (0),1,,13,[CUDA memset]
18929845389,3328,383169,,,,,,,,,,0.031,9403.822,Pinned,Device,NVIDIA A100-SXM4-40GB MIG 4g.20gb (0),1,,13,[CUDA memcpy Host-to-Device]
18929851277,9472,383170,,,,,,,,,,0.197,20756.693,Pinned,Device,NVIDIA A100-SXM4-40GB MIG 4g.20gb (0),1,,13,[CUDA memcpy Host-to-Device]
18929972396,10303,383171,273,1,1,8,4,1,39,0.002,0.000,,,,,NVIDIA A100-SXM4-40GB MIG 4g.20gb (0),1,,13,"void channel_eq::eqMmseCoefCompLowMimoKernel<float, float, float, (unsigned int)4, (unsigned int)1, (unsigned int)4>(const channel_eq::_puschRxChEqStatDescr *, channel_eq::_puschRxChEqCoefCompDynDescr)"
18929983947,8448,383172,273,1,1,12,11,1,51,0.002,0.000,,,,,NVIDIA A100-SXM4-40GB MIG 4g.20gb (0),1,,13,"void channel_eq::eqMmseSoftDemapKernel<float, __half, __half, float, (unsigned int)4, (unsigned short)16383>(channel_eq::_puschRxChEqStatDescr *, channel_eq::_puschRxChEqSoftDemapDynDescr)"
18929994603,490299,383173,1,1,1,32,32,1,30,0.000,0.000,,,,,NVIDIA A100-SXM4-40GB MIG 4g.20gb (0),1,,13,"void convert_kernel<float2, __half2>(tensor_layout_any, T1 *, tensor_layout_any, const T2 *)"
18930592357,13600,383185,2253,1,1,128,1,1,16,0.000,0.000,,,,,NVIDIA A100-SXM4-40GB MIG 4g.20gb (0),1,,13,cupy_copy__float16_float16
18930607524,4128,383194,282,1,1,128,1,1,16,0.000,0.000,,,,,NVIDIA A100-SXM4-40GB MIG 4g.20gb (0),1,,13,cupy_copy__complex64_complex64
18930737091,5632,383203,26,1,1,128,1,1,16,0.000,0.000,,,,,NVIDIA A100-SXM4-40GB MIG 4g.20gb (0),1,,13,cupy_copy__float32_float32
18930787234,6784,383212,103,1,1,128,1,1,16,0.000,0.000,,,,,NVIDIA A100-SXM4-40GB MIG 4g.20gb (0),1,,13,cupy_copy__complex64_complex64
18930971776,31072,383222,1434,1,1,128,1,1,16,0.000,0.000,,,,,NVIDIA A100-SXM4-40GB MIG 4g.20gb (0),1,,13,cupy_copy__complex64_complex64
18931181406,343740,383227,1,1,1,32,32,1,30,0.000,0.000,,,,,NVIDIA A100-SXM4-40GB MIG 4g.20gb (0),1,,13,"void convert_kernel<__half2, float2>(tensor_layout_any, T1 *, tensor_layout_any, const T2 *)"
18931554714,5824,383230,,,,,,,,,,0.094,16087.884,Pinned,Device,NVIDIA A100-SXM4-40GB MIG 4g.20gb (0),1,,13,[CUDA memcpy Host-to-Device]
18931790775,612473,383231,,,,,,,,,,456.561,745108.270,Device,,NVIDIA A100-SXM4-40GB MIG 4g.20gb (0),1,,13,[CUDA memset]
18932406384,53248,383236,,,,,,,,,,1.235,23192.248,Pinned,Device,NVIDIA A100-SXM4-40GB MIG 4g.20gb (0),1,,13,[CUDA memcpy Host-to-Device]
18932462576,10592,383237,,,,,,,,,,0.197,18561.761,Pinned,Device,NVIDIA A100-SXM4-40GB MIG 4g.20gb (0),1,,13,[CUDA memcpy Host-to-Device]
18932760780,17408,383238,69,4,1,48,1,1,76,0.002,0.000,,,,,NVIDIA A100-SXM4-40GB MIG 4g.20gb (0),1,,13,"void ch_est::windowedChEstPreNoDftSOfdmKernel<float, __half, float, (unsigned int)2, (unsigned int)1, (unsigned short)4>(ch_est::puschRxChEstStatDescr_t *, ch_est::puschRxChEstDynDescr_t *)"
18933123976,14080,383239,137,2,1,24,2,1,44,0.001,0.001,,,,,NVIDIA A100-SXM4-40GB MIG 4g.20gb (0),1,,13,"void ch_est::chEstFilterNoDftSOfdmDispatchKernel<float, __half, float, (unsigned int)2>(ch_est::puschRxChEstStatDescr_t *, ch_est::puschRxChEstDynDescr_t *)"
18933481476,12768,383240,137,2,1,24,2,1,44,0.001,0.001,,,,,NVIDIA A100-SXM4-40GB MIG 4g.20gb (0),1,,13,"void ch_est::chEstFilterNoDftSOfdmDispatchKernel<float, __half, float, (unsigned int)2>(ch_est::puschRxChEstStatDescr_t *, ch_est::puschRxChEstDynDescr_t *)"
18933788545,9440,383251,103,1,1,128,1,1,16,0.000,0.000,,,,,NVIDIA A100-SXM4-40GB MIG 4g.20gb (0),1,,13,cupy_copy__complex64_complex64
18934201404,20832,383261,1434,1,1,128,1,1,16,0.000,0.000,,,,,NVIDIA A100-SXM4-40GB MIG 4g.20gb (0),1,,13,cupy_copy__complex64_complex64
18934681783,5632,383268,103,1,1,128,1,1,16,0.000,0.000,,,,,NVIDIA A100-SXM4-40GB MIG 4g.20gb (0),1,,13,cupy_copy__complex64_complex64
18935037043,347036,383275,1,1,1,32,32,1,30,0.000,0.000,,,,,NVIDIA A100-SXM4-40GB MIG 4g.20gb (0),1,,13,"void convert_kernel<__half2, float2>(tensor_layout_any, T1 *, tensor_layout_any, const T2 *)"
18935412975,6464,383278,,,,,,,,,,0.094,14494.959,Pinned,Device,NVIDIA A100-SXM4-40GB MIG 4g.20gb (0),1,,13,[CUDA memcpy Host-to-Device]
18935621868,67520,383279,,,,,,,,,,35.810,530344.915,Device,,NVIDIA A100-SXM4-40GB MIG 4g.20gb (0),1,,13,[CUDA memset]
18935693772,3616,383281,,,,,,,,,,0.000,22.124,Pinned,Device,NVIDIA A100-SXM4-40GB MIG 4g.20gb (0),1,,13,[CUDA memcpy Host-to-Device]
18935699852,10399,383282,,,,,,,,,,0.197,18906.415,Pinned,Device,NVIDIA A100-SXM4-40GB MIG 4g.20gb (0),1,,13,[CUDA memcpy Host-to-Device]
18935868650,32575,383283,273,1,1,48,1,1,40,0.000,0.001,,,,,NVIDIA A100-SXM4-40GB MIG 4g.20gb (0),1,,13,"void pusch_noise_intf_est::noiseIntfEstNoDftSOfdmKernel<float, __half, float, float, (unsigned int)2, (unsigned int)1, (unsigned char)4, (unsigned char)4>(pusch_noise_intf_est::puschRxNoiseIntfEstDynDescr)"
18936065831,12000,383294,35,1,1,128,1,1,16,0.000,0.000,,,,,NVIDIA A100-SXM4-40GB MIG 4g.20gb (0),1,,13,cupy_copy__complex64_complex64
18936177606,3808,383303,1,1,1,1,1,1,18,0.000,0.000,,,,,NVIDIA A100-SXM4-40GB MIG 4g.20gb (0),1,,13,cupy_copy__float32_float32
18936188422,4896,383309,,,,,,,,,,0.000,0.817,Device,Pageable,NVIDIA A100-SXM4-40GB MIG 4g.20gb (0),1,,7,[CUDA memcpy Device-to-Host]
18936366212,16384,383320,1434,1,1,128,1,1,16,0.000,0.000,,,,,NVIDIA A100-SXM4-40GB MIG 4g.20gb (0),1,,13,cupy_copy__complex64_complex64
18936384740,3616,383327,103,1,1,128,1,1,16,0.000,0.000,,,,,NVIDIA A100-SXM4-40GB MIG 4g.20gb (0),1,,13,cupy_copy__complex64_complex64
18936485891,5408,383334,35,1,1,128,1,1,16,0.000,0.000,,,,,NVIDIA A100-SXM4-40GB MIG 4g.20gb (0),1,,13,cupy_copy__complex64_complex64
18936624705,2816,383341,1,1,1,1,1,1,18,0.000,0.000,,,,,NVIDIA A100-SXM4-40GB MIG 4g.20gb (0),1,,13,cupy_copy__float32_float32
18936724064,378108,383352,1,1,1,32,32,1,30,0.000,0.000,,,,,NVIDIA A100-SXM4-40GB MIG 4g.20gb (0),1,,13,"void convert_kernel<__half2, float2>(tensor_layout_any, T1 *, tensor_layout_any, const T2 *)"
18937135516,5727,383355,,,,,,,,,,0.094,16360.352,Pinned,Device,NVIDIA A100-SXM4-40GB MIG 4g.20gb (0),1,,13,[CUDA memcpy Host-to-Device]
18937179323,4832,383356,,,,,,,,,,1.547,320078.477,Device,,NVIDIA A100-SXM4-40GB MIG 4g.20gb (0),1,,13,[CUDA memset]
18937190779,3040,383361,,,,,,,,,,0.031,10294.725,Pinned,Device,NVIDIA A100-SXM4-40GB MIG 4g.20gb (0),1,,13,[CUDA memcpy Host-to-Device]
18937197307,10176,383362,,,,,,,,,,0.197,19320.668,Pinned,Device,NVIDIA A100-SXM4-40GB MIG 4g.20gb (0),1,,13,[CUDA memcpy Host-to-Device]
18937259162,12128,383363,273,1,1,8,4,1,39,0.002,0.000,,,,,NVIDIA A100-SXM4-40GB MIG 4g.20gb (0),1,,13,"void channel_eq::eqMmseCoefCompLowMimoKernel<float, float, float, (unsigned int)4, (unsigned int)1, (unsigned int)4>(const channel_eq::_puschRxChEqStatDescr *, channel_eq::_puschRxChEqCoefCompDynDescr)"
18937338265,10656,383364,273,1,1,12,11,1,51,0.002,0.000,,,,,NVIDIA A100-SXM4-40GB MIG 4g.20gb (0),1,,13,"void channel_eq::eqMmseSoftDemapKernel<float, __half, __half, float, (unsigned int)4, (unsigned short)16383>(channel_eq::_puschRxChEqStatDescr *, channel_eq::_puschRxChEqSoftDemapDynDescr)"
18937418616,1001429,383365,1,1,1,32,32,1,30,0.000,0.000,,,,,NVIDIA A100-SXM4-40GB MIG 4g.20gb (0),1,,13,"void convert_kernel<float2, __half2>(tensor_layout_any, T1 *, tensor_layout_any, const T2 *)"
18938720042,14560,383377,2253,1,1,128,1,1,16,0.000,0.000,,,,,NVIDIA A100-SXM4-40GB MIG 4g.20gb (0),1,,13,cupy_copy__float16_float16
18938992839,8288,383386,282,1,1,128,1,1,16,0.000,0.000,,,,,NVIDIA A100-SXM4-40GB MIG 4g.20gb (0),1,,13,cupy_copy__complex64_complex64
18939196452,8896,383395,26,1,1,128,1,1,16,0.000,0.000,,,,,NVIDIA A100-SXM4-40GB MIG 4g.20gb (0),1,,13,cupy_copy__float32_float32
18939596192,5408,383404,103,1,1,128,1,1,16,0.000,0.000,,,,,NVIDIA A100-SXM4-40GB MIG 4g.20gb (0),1,,13,cupy_copy__complex64_complex64
18939949116,17952,383414,1434,1,1,128,1,1,16,0.000,0.000,,,,,NVIDIA A100-SXM4-40GB MIG 4g.20gb (0),1,,13,cupy_copy__complex64_complex64
18940348184,351964,383419,1,1,1,32,32,1,30,0.000,0.000,,,,,NVIDIA A100-SXM4-40GB MIG 4g.20gb (0),1,,13,"void convert_kernel<__half2, float2>(tensor_layout_any, T1 *, tensor_layout_any, const T2 *)"
18940730195,5920,383422,,,,,,,,,,0.094,15826.941,Pinned,Device,NVIDIA A100-SXM4-40GB MIG 4g.20gb (0),1,,13,[CUDA memcpy Host-to-Device]
18941015376,605849,383423,,,,,,,,,,456.561,753326.376,Device,,NVIDIA A100-SXM4-40GB MIG 4g.20gb (0),1,,13,[CUDA memset]
18941626377,54336,383428,,,,,,,,,,1.235,22727.909,Pinned,Device,NVIDIA A100-SXM4-40GB MIG 4g.20gb (0),1,,13,[CUDA memcpy Host-to-Device]
18941683945,13728,383429,,,,,,,,,,0.197,14321.517,Pinned,Device,NVIDIA A100-SXM4-40GB MIG 4g.20gb (0),1,,13,[CUDA memcpy Host-to-Device]
18942004069,12064,383430,69,4,1,48,1,1,76,0.002,0.000,,,,,NVIDIA A100-SXM4-40GB MIG 4g.20gb (0),1,,13,"void ch_est::windowedChEstPreNoDftSOfdmKernel<float, __half, float, (unsigned int)2, (unsigned int)1, (unsigned short)4>(ch_est::puschRxChEstStatDescr_t *, ch_est::puschRxChEstDynDescr_t *)"
18942395169,11232,383431,137,2,1,24,2,1,44,0.001,0.001,,,,,NVIDIA A100-SXM4-40GB MIG 4g.20gb (0),1,,13,"void ch_est::chEstFilterNoDftSOfdmDispatchKernel<float, __half, float, (unsigned int)2>(ch_est::puschRxChEstStatDescr_t *, ch_est::puschRxChEstDynDescr_t *)"
18942660190,18464,383432,137,2,1,24,2,1,44,0.001,0.001,,,,,NVIDIA A100-SXM4-40GB MIG 4g.20gb (0),1,,13,"void ch_est::chEstFilterNoDftSOfdmDispatchKernel<float, __half, float, (unsigned int)2>(ch_est::puschRxChEstStatDescr_t *, ch_est::puschRxChEstDynDescr_t *)"
18942789148,4544,383443,103,1,1,128,1,1,16,0.000,0.000,,,,,NVIDIA A100-SXM4-40GB MIG 4g.20gb (0),1,,13,cupy_copy__complex64_complex64
18942796252,16448,383453,1434,1,1,128,1,1,16,0.000,0.000,,,,,NVIDIA A100-SXM4-40GB MIG 4g.20gb (0),1,,13,cupy_copy__complex64_complex64
18942904347,7552,383460,103,1,1,128,1,1,16,0.000,0.000,,,,,NVIDIA A100-SXM4-40GB MIG 4g.20gb (0),1,,13,cupy_copy__complex64_complex64
18942956026,375388,383467,1,1,1,32,32,1,30,0.000,0.000,,,,,NVIDIA A100-SXM4-40GB MIG 4g.20gb (0),1,,13,"void convert_kernel<__half2, float2>(tensor_layout_any, T1 *, tensor_layout_any, const T2 *)"
18943360854,5728,383470,,,,,,,,,,0.094,16357.541,Pinned,Device,NVIDIA A100-SXM4-40GB MIG 4g.20gb (0),1,,13,[CUDA memcpy Host-to-Device]
18943376470,47775,383471,,,,,,,,,,35.810,749537.436,Device,,NVIDIA A100-SXM4-40GB MIG 4g.20gb (0),1,,13,[CUDA memset]
18943430997,1856,383473,,,,,,,,,,0.000,43.103,Pinned,Device,NVIDIA A100-SXM4-40GB MIG 4g.20gb (0),1,,13,[CUDA memcpy Host-to-Device]
18943435349,9696,383474,,,,,,,,,,0.197,20277.166,Pinned,Device,NVIDIA A100-SXM4-40GB MIG 4g.20gb (0),1,,13,[CUDA memcpy Host-to-Device]
18943493172,13472,383475,273,1,1,48,1,1,40,0.000,0.001,,,,,NVIDIA A100-SXM4-40GB MIG 4g.20gb (0),1,,13,"void pusch_noise_intf_est::noiseIntfEstNoDftSOfdmKernel<float, __half, float, float, (unsigned int)2, (unsigned int)1, (unsigned char)4, (unsigned char)4>(pusch_noise_intf_est::puschRxNoiseIntfEstDynDescr)"
18943577076,4831,383486,35,1,1,128,1,1,16,0.000,0.000,,,,,NVIDIA A100-SXM4-40GB MIG 4g.20gb (0),1,,13,cupy_copy__complex64_complex64
18943583731,3072,383495,1,1,1,1,1,1,18,0.000,0.000,,,,,NVIDIA A100-SXM4-40GB MIG 4g.20gb (0),1,,13,cupy_copy__float32_float32
18943594099,3424,383501,,,,,,,,,,0.000,1.168,Device,Pageable,NVIDIA A100-SXM4-40GB MIG 4g.20gb (0),1,,7,[CUDA memcpy Device-to-Host]
18943659059,17535,383512,1434,1,1,128,1,1,16,0.000,0.000,,,,,NVIDIA A100-SXM4-40GB MIG 4g.20gb (0),1,,13,cupy_copy__complex64_complex64
18943749298,5344,383519,103,1,1,128,1,1,16,0.000,0.000,,,,,NVIDIA A100-SXM4-40GB MIG 4g.20gb (0),1,,13,cupy_copy__complex64_complex64
18943757618,3263,383526,35,1,1,128,1,1,16,0.000,0.000,,,,,NVIDIA A100-SXM4-40GB MIG 4g.20gb (0),1,,13,cupy_copy__complex64_complex64
18943831025,7424,383533,1,1,1,1,1,1,18,0.000,0.000,,,,,NVIDIA A100-SXM4-40GB MIG 4g.20gb (0),1,,13,cupy_copy__float32_float32
18943958543,508219,383544,1,1,1,32,32,1,30,0.000,0.000,,,,,NVIDIA A100-SXM4-40GB MIG 4g.20gb (0),1,,13,"void convert_kernel<__half2, float2>(tensor_layout_any, T1 *, tensor_layout_any, const T2 *)"
18944495721,6464,383547,,,,,,,,,,0.094,14494.959,Pinned,Device,NVIDIA A100-SXM4-40GB MIG 4g.20gb (0),1,,13,[CUDA memcpy Host-to-Device]
18944584776,5504,383548,,,,,,,,,,1.547,280999.928,Device,,NVIDIA A100-SXM4-40GB MIG 4g.20gb (0),1,,13,[CUDA memset]
18944594632,3296,383553,,,,,,,,,,0.031,9495.144,Pinned,Device,NVIDIA A100-SXM4-40GB MIG 4g.20gb (0),1,,13,[CUDA memcpy Host-to-Device]
18944602408,9504,383554,,,,,,,,,,0.197,20686.701,Pinned,Device,NVIDIA A100-SXM4-40GB MIG 4g.20gb (0),1,,13,[CUDA memcpy Host-to-Device]
18944745830,19840,383555,273,1,1,8,4,1,39,0.002,0.000,,,,,NVIDIA A100-SXM4-40GB MIG 4g.20gb (0),1,,13,"void channel_eq::eqMmseCoefCompLowMimoKernel<float, float, float, (unsigned int)4, (unsigned int)1, (unsigned int)4>(const channel_eq::_puschRxChEqStatDescr *, channel_eq::_puschRxChEqCoefCompDynDescr)"
18944966180,17696,383556,273,1,1,12,11,1,51,0.002,0.000,,,,,NVIDIA A100-SXM4-40GB MIG 4g.20gb (0),1,,13,"void channel_eq::eqMmseSoftDemapKernel<float, __half, __half, float, (unsigned int)4, (unsigned short)16383>(channel_eq::_puschRxChEqStatDescr *, channel_eq::_puschRxChEqSoftDemapDynDescr)"
18945330624,759159,383557,1,1,1,32,32,1,30,0.000,0.000,,,,,NVIDIA A100-SXM4-40GB MIG 4g.20gb (0),1,,13,"void convert_kernel<float2, __half2>(tensor_layout_any, T1 *, tensor_layout_any, const T2 *)"
18946625777,14080,383569,2253,1,1,128,1,1,16,0.000,0.000,,,,,NVIDIA A100-SXM4-40GB MIG 4g.20gb (0),1,,13,cupy_copy__float16_float16
18947108428,4672,383578,282,1,1,128,1,1,16,0.000,0.000,,,,,NVIDIA A100-SXM4-40GB MIG 4g.20gb (0),1,,13,cupy_copy__complex64_complex64
18947275562,4576,383587,26,1,1,128,1,1,16,0.000,0.000,,,,,NVIDIA A100-SXM4-40GB MIG 4g.20gb (0),1,,13,cupy_copy__float32_float32
18947483592,4288,383596,103,1,1,128,1,1,16,0.000,0.000,,,,,NVIDIA A100-SXM4-40GB MIG 4g.20gb (0),1,,13,cupy_copy__complex64_complex64
18947651846,19424,383606,1434,1,1,128,1,1,16,0.000,0.000,,,,,NVIDIA A100-SXM4-40GB MIG 4g.20gb (0),1,,13,cupy_copy__complex64_complex64
18947868164,290236,383611,1,1,1,32,32,1,30,0.000,0.000,,,,,NVIDIA A100-SXM4-40GB MIG 4g.20gb (0),1,,13,"void convert_kernel<__half2, float2>(tensor_layout_any, T1 *, tensor_layout_any, const T2 *)"
18948187616,7104,383614,,,,,,,,,,0.094,13189.117,Pinned,Device,NVIDIA A100-SXM4-40GB MIG 4g.20gb (0),1,,13,[CUDA memcpy Host-to-Device]
18948525468,605433,383615,,,,,,,,,,456.561,753782.937,Device,,NVIDIA A100-SXM4-40GB MIG 4g.20gb (0),1,,13,[CUDA memset]
18949133141,50944,383620,,,,,,,,,,1.235,24240.716,Pinned,Device,NVIDIA A100-SXM4-40GB MIG 4g.20gb (0),1,,13,[CUDA memcpy Host-to-Device]
18949186997,9696,383621,,,,,,,,,,0.197,20277.166,Pinned,Device,NVIDIA A100-SXM4-40GB MIG 4g.20gb (0),1,,13,[CUDA memcpy Host-to-Device]
18949740047,12191,383622,69,4,1,48,1,1,76,0.002,0.000,,,,,NVIDIA A100-SXM4-40GB MIG 4g.20gb (0),1,,13,"void ch_est::windowedChEstPreNoDftSOfdmKernel<float, __half, float, (unsigned int)2, (unsigned int)1, (unsigned short)4>(ch_est::puschRxChEstStatDescr_t *, ch_est::puschRxChEstDynDescr_t *)"
18950350920,11296,383623,137,2,1,24,2,1,44,0.001,0.001,,,,,NVIDIA A100-SXM4-40GB MIG 4g.20gb (0),1,,13,"void ch_est::chEstFilterNoDftSOfdmDispatchKernel<float, __half, float, (unsigned int)2>(ch_est::puschRxChEstStatDescr_t *, ch_est::puschRxChEstDynDescr_t *)"
18950657156,12576,383624,137,2,1,24,2,1,44,0.001,0.001,,,,,NVIDIA A100-SXM4-40GB MIG 4g.20gb (0),1,,13,"void ch_est::chEstFilterNoDftSOfdmDispatchKernel<float, __half, float, (unsigned int)2>(ch_est::puschRxChEstStatDescr_t *, ch_est::puschRxChEstDynDescr_t *)"
18950976865,3840,383635,103,1,1,128,1,1,16,0.000,0.000,,,,,NVIDIA A100-SXM4-40GB MIG 4g.20gb (0),1,,13,cupy_copy__complex64_complex64
18951180863,19743,383645,1434,1,1,128,1,1,16,0.000,0.000,,,,,NVIDIA A100-SXM4-40GB MIG 4g.20gb (0),1,,13,cupy_copy__complex64_complex64
18951388988,3744,383652,103,1,1,128,1,1,16,0.000,0.000,,,,,NVIDIA A100-SXM4-40GB MIG 4g.20gb (0),1,,13,cupy_copy__complex64_complex64
18951472155,349180,383659,1,1,1,32,32,1,30,0.000,0.000,,,,,NVIDIA A100-SXM4-40GB MIG 4g.20gb (0),1,,13,"void convert_kernel<__half2, float2>(tensor_layout_any, T1 *, tensor_layout_any, const T2 *)"
18951857847,6016,383662,,,,,,,,,,0.094,15574.430,Pinned,Device,NVIDIA A100-SXM4-40GB MIG 4g.20gb (0),1,,13,[CUDA memcpy Host-to-Device]
18951994069,47968,383663,,,,,,,,,,35.810,746529.402,Device,,NVIDIA A100-SXM4-40GB MIG 4g.20gb (0),1,,13,[CUDA memset]
18952047349,2144,383665,,,,,,,,,,0.000,37.313,Pinned,Device,NVIDIA A100-SXM4-40GB MIG 4g.20gb (0),1,,13,[CUDA memcpy Host-to-Device]
18952053397,9408,383666,,,,,,,,,,0.197,20897.858,Pinned,Device,NVIDIA A100-SXM4-40GB MIG 4g.20gb (0),1,,13,[CUDA memcpy Host-to-Device]
18952244019,20639,383667,273,1,1,48,1,1,40,0.000,0.001,,,,,NVIDIA A100-SXM4-40GB MIG 4g.20gb (0),1,,13,"void pusch_noise_intf_est::noiseIntfEstNoDftSOfdmKernel<float, __half, float, float, (unsigned int)2, (unsigned int)1, (unsigned char)4, (unsigned char)4>(pusch_noise_intf_est::puschRxNoiseIntfEstDynDescr)"
18952447664,3360,383678,35,1,1,128,1,1,16,0.000,0.000,,,,,NVIDIA A100-SXM4-40GB MIG 4g.20gb (0),1,,13,cupy_copy__complex64_complex64
18952457456,4928,383687,1,1,1,1,1,1,18,0.000,0.000,,,,,NVIDIA A100-SXM4-40GB MIG 4g.20gb (0),1,,13,cupy_copy__float32_float32
18952465424,3232,383693,,,,,,,,,,0.000,1.238,Device,Pageable,NVIDIA A100-SXM4-40GB MIG 4g.20gb (0),1,,7,[CUDA memcpy Device-to-Host]
18952676398,19168,383704,1434,1,1,128,1,1,16,0.000,0.000,,,,,NVIDIA A100-SXM4-40GB MIG 4g.20gb (0),1,,13,cupy_copy__complex64_complex64
18952698094,3584,383711,103,1,1,128,1,1,16,0.000,0.000,,,,,NVIDIA A100-SXM4-40GB MIG 4g.20gb (0),1,,13,cupy_copy__complex64_complex64
18952868556,9760,383718,35,1,1,128,1,1,16,0.000,0.000,,,,,NVIDIA A100-SXM4-40GB MIG 4g.20gb (0),1,,13,cupy_copy__complex64_complex64
18952879564,3839,383725,1,1,1,1,1,1,18,0.000,0.000,,,,,NVIDIA A100-SXM4-40GB MIG 4g.20gb (0),1,,13,cupy_copy__float32_float32
18952884747,209502,383736,1,1,1,32,32,1,30,0.000,0.000,,,,,NVIDIA A100-SXM4-40GB MIG 4g.20gb (0),1,,13,"void convert_kernel<__half2, float2>(tensor_layout_any, T1 *, tensor_layout_any, const T2 *)"
18953127209,5376,383739,,,,,,,,,,0.094,17428.487,Pinned,Device,NVIDIA A100-SXM4-40GB MIG 4g.20gb (0),1,,13,[CUDA memcpy Host-to-Device]
18953310631,11072,383740,,,,,,,,,,1.547,139686.440,Device,,NVIDIA A100-SXM4-40GB MIG 4g.20gb (0),1,,13,[CUDA memset]
18953329415,3231,383745,,,,,,,,,,0.031,9686.143,Pinned,Device,NVIDIA A100-SXM4-40GB MIG 4g.20gb (0),1,,13,[CUDA memcpy Host-to-Device]
18953335302,10336,383746,,,,,,,,,,0.197,19021.627,Pinned,Device,NVIDIA A100-SXM4-40GB MIG 4g.20gb (0),1,,13,[CUDA memcpy Host-to-Device]
18953553892,43008,383747,273,1,1,8,4,1,39,0.002,0.000,,,,,NVIDIA A100-SXM4-40GB MIG 4g.20gb (0),1,,13,"void channel_eq::eqMmseCoefCompLowMimoKernel<float, float, float, (unsigned int)4, (unsigned int)1, (unsigned int)4>(const channel_eq::_puschRxChEqStatDescr *, channel_eq::_puschRxChEqCoefCompDynDescr)"
18953889408,17568,383748,273,1,1,12,11,1,51,0.002,0.000,,,,,NVIDIA A100-SXM4-40GB MIG 4g.20gb (0),1,,13,"void channel_eq::eqMmseSoftDemapKernel<float, __half, __half, float, (unsigned int)4, (unsigned short)16383>(channel_eq::_puschRxChEqStatDescr *, channel_eq::_puschRxChEqSoftDemapDynDescr)"
18954352891,709240,383749,1,1,1,32,32,1,30,0.000,0.000,,,,,NVIDIA A100-SXM4-40GB MIG 4g.20gb (0),1,,13,"void convert_kernel<float2, __half2>(tensor_layout_any, T1 *, tensor_layout_any, const T2 *)"
18955454063,12928,383761,2253,1,1,128,1,1,16,0.000,0.000,,,,,NVIDIA A100-SXM4-40GB MIG 4g.20gb (0),1,,13,cupy_copy__float16_float16
18955948393,6400,383770,282,1,1,128,1,1,16,0.000,0.000,,,,,NVIDIA A100-SXM4-40GB MIG 4g.20gb (0),1,,13,cupy_copy__complex64_complex64
18956248806,3392,383779,26,1,1,128,1,1,16,0.000,0.000,,,,,NVIDIA A100-SXM4-40GB MIG 4g.20gb (0),1,,13,cupy_copy__float32_float32
18956430820,10400,383788,103,1,1,128,1,1,16,0.000,0.000,,,,,NVIDIA A100-SXM4-40GB MIG 4g.20gb (0),1,,13,cupy_copy__complex64_complex64
18956724609,26079,383798,1434,1,1,128,1,1,16,0.000,0.000,,,,,NVIDIA A100-SXM4-40GB MIG 4g.20gb (0),1,,13,cupy_copy__complex64_complex64
18957037341,368220,383803,1,1,1,32,32,1,30,0.000,0.000,,,,,NVIDIA A100-SXM4-40GB MIG 4g.20gb (0),1,,13,"void convert_kernel<__half2, float2>(tensor_layout_any, T1 *, tensor_layout_any, const T2 *)"
18957434905,5952,383806,,,,,,,,,,0.094,15741.865,Pinned,Device,NVIDIA A100-SXM4-40GB MIG 4g.20gb (0),1,,13,[CUDA memcpy Host-to-Device]
18957517304,609433,383807,,,,,,,,,,456.561,748760.762,Device,,NVIDIA A100-SXM4-40GB MIG 4g.20gb (0),1,,13,[CUDA memset]
18958132881,51039,383812,,,,,,,,,,1.235,24195.023,Pinned,Device,NVIDIA A100-SXM4-40GB MIG 4g.20gb (0),1,,13,[CUDA memcpy Host-to-Device]
18958186800,9856,383813,,,,,,,,,,0.197,19948.044,Pinned,Device,NVIDIA A100-SXM4-40GB MIG 4g.20gb (0),1,,13,[CUDA memcpy Host-to-Device]
18958249712,10719,383814,69,4,1,48,1,1,76,0.002,0.000,,,,,NVIDIA A100-SXM4-40GB MIG 4g.20gb (0),1,,13,"void ch_est::windowedChEstPreNoDftSOfdmKernel<float, __half, float, (unsigned int)2, (unsigned int)1, (unsigned short)4>(ch_est::puschRxChEstStatDescr_t *, ch_est::puschRxChEstDynDescr_t *)"
18958443757,17696,383815,137,2,1,24,2,1,44,0.001,0.001,,,,,NVIDIA A100-SXM4-40GB MIG 4g.20gb (0),1,,13,"void ch_est::chEstFilterNoDftSOfdmDispatchKernel<float, __half, float, (unsigned int)2>(ch_est::puschRxChEstStatDescr_t *, ch_est::puschRxChEstDynDescr_t *)"
18958463917,7360,383816,137,2,1,24,2,1,44,0.001,0.001,,,,,NVIDIA A100-SXM4-40GB MIG 4g.20gb (0),1,,13,"void ch_est::chEstFilterNoDftSOfdmDispatchKernel<float, __half, float, (unsigned int)2>(ch_est::puschRxChEstStatDescr_t *, ch_est::puschRxChEstDynDescr_t *)"
18958658507,7680,383827,103,1,1,128,1,1,16,0.000,0.000,,,,,NVIDIA A100-SXM4-40GB MIG 4g.20gb (0),1,,13,cupy_copy__complex64_complex64
18958667787,14720,383837,1434,1,1,128,1,1,16,0.000,0.000,,,,,NVIDIA A100-SXM4-40GB MIG 4g.20gb (0),1,,13,cupy_copy__complex64_complex64
18958684587,4736,383844,103,1,1,128,1,1,16,0.000,0.000,,,,,NVIDIA A100-SXM4-40GB MIG 4g.20gb (0),1,,13,cupy_copy__complex64_complex64
18958690027,235069,383851,1,1,1,32,32,1,30,0.000,0.000,,,,,NVIDIA A100-SXM4-40GB MIG 4g.20gb (0),1,,13,"void convert_kernel<__half2, float2>(tensor_layout_any, T1 *, tensor_layout_any, const T2 *)"
18958953480,5888,383854,,,,,,,,,,0.094,15912.954,Pinned,Device,NVIDIA A100-SXM4-40GB MIG 4g.20gb (0),1,,13,[CUDA memcpy Host-to-Device]
18959053415,49599,383855,,,,,,,,,,35.810,721963.797,Device,,NVIDIA A100-SXM4-40GB MIG 4g.20gb (0),1,,13,[CUDA memset]
18959105414,2272,383857,,,,,,,,,,0.000,35.211,Pinned,Device,NVIDIA A100-SXM4-40GB MIG 4g.20gb (0),1,,13,[CUDA memcpy Host-to-Device]
18959111014,10240,383858,,,,,,,,,,0.197,19199.951,Pinned,Device,NVIDIA A100-SXM4-40GB MIG 4g.20gb (0),1,,13,[CUDA memcpy Host-to-Device]
18959390947,48767,383859,273,1,1,48,1,1,40,0.000,0.001,,,,,NVIDIA A100-SXM4-40GB MIG 4g.20gb (0),1,,13,"void pusch_noise_intf_est::noiseIntfEstNoDftSOfdmKernel<float, __half, float, float, (unsigned int)2, (unsigned int)1, (unsigned char)4, (unsigned char)4>(pusch_noise_intf_est::puschRxNoiseIntfEstDynDescr)"
18959636416,6144,383870,35,1,1,128,1,1,16,0.000,0.000,,,,,NVIDIA A100-SXM4-40GB MIG 4g.20gb (0),1,,13,cupy_copy__complex64_complex64
18959823550,3744,383879,1,1,1,1,1,1,18,0.000,0.000,,,,,NVIDIA A100-SXM4-40GB MIG 4g.20gb (0),1,,13,cupy_copy__float32_float32
18959836638,2400,383885,,,,,,,,,,0.000,1.667,Device,Pageable,NVIDIA A100-SXM4-40GB MIG 4g.20gb (0),1,,7,[CUDA memcpy Device-to-Host]
18960200218,17664,383896,1434,1,1,128,1,1,16,0.000,0.000,,,,,NVIDIA A100-SXM4-40GB MIG 4g.20gb (0),1,,13,cupy_copy__complex64_complex64
18960475255,11775,383903,103,1,1,128,1,1,16,0.000,0.000,,,,,NVIDIA A100-SXM4-40GB MIG 4g.20gb (0),1,,13,cupy_copy__complex64_complex64
18960780019,7584,383910,35,1,1,128,1,1,16,0.000,0.000,,,,,NVIDIA A100-SXM4-40GB MIG 4g.20gb (0),1,,13,cupy_copy__complex64_complex64
18961033392,3808,383917,1,1,1,1,1,1,18,0.000,0.000,,,,,NVIDIA A100-SXM4-40GB MIG 4g.20gb (0),1,,13,cupy_copy__float32_float32
18961397964,271677,383928,1,1,1,32,32,1,30,0.000,0.000,,,,,NVIDIA A100-SXM4-40GB MIG 4g.20gb (0),1,,13,"void convert_kernel<__half2, float2>(tensor_layout_any, T1 *, tensor_layout_any, const T2 *)"
18961699593,5440,383931,,,,,,,,,,0.094,17223.480,Pinned,Device,NVIDIA A100-SXM4-40GB MIG 4g.20gb (0),1,,13,[CUDA memcpy Host-to-Device]
18962000966,4576,383932,,,,,,,,,,1.547,337985.289,Device,,NVIDIA A100-SXM4-40GB MIG 4g.20gb (0),1,,13,[CUDA memset]
18962013029,3008,383937,,,,,,,,,,0.031,10404.230,Pinned,Device,NVIDIA A100-SXM4-40GB MIG 4g.20gb (0),1,,13,[CUDA memcpy Host-to-Device]
18962021189,10432,383938,,,,,,,,,,0.197,18846.450,Pinned,Device,NVIDIA A100-SXM4-40GB MIG 4g.20gb (0),1,,13,[CUDA memcpy Host-to-Device]
18962279266,10912,383939,273,1,1,8,4,1,39,0.002,0.000,,,,,NVIDIA A100-SXM4-40GB MIG 4g.20gb (0),1,,13,"void channel_eq::eqMmseCoefCompLowMimoKernel<float, float, float, (unsigned int)4, (unsigned int)1, (unsigned int)4>(const channel_eq::_puschRxChEqStatDescr *, channel_eq::_puschRxChEqCoefCompDynDescr)"
18962565887,11200,383940,273,1,1,12,11,1,51,0.002,0.000,,,,,NVIDIA A100-SXM4-40GB MIG 4g.20gb (0),1,,13,"void channel_eq::eqMmseSoftDemapKernel<float, __half, __half, float, (unsigned int)4, (unsigned short)16383>(channel_eq::_puschRxChEqStatDescr *, channel_eq::_puschRxChEqSoftDemapDynDescr)"
18962727133,775352,383941,1,1,1,32,32,1,30,0.000,0.000,,,,,NVIDIA A100-SXM4-40GB MIG 4g.20gb (0),1,,13,"void convert_kernel<float2, __half2>(tensor_layout_any, T1 *, tensor_layout_any, const T2 *)"
18963504341,11392,383953,2253,1,1,128,1,1,16,0.000,0.000,,,,,NVIDIA A100-SXM4-40GB MIG 4g.20gb (0),1,,13,cupy_copy__float16_float16
18963517205,3616,383962,282,1,1,128,1,1,16,0.000,0.000,,,,,NVIDIA A100-SXM4-40GB MIG 4g.20gb (0),1,,13,cupy_copy__complex64_complex64
18963522229,2272,383971,26,1,1,128,1,1,16,0.000,0.000,,,,,NVIDIA A100-SXM4-40GB MIG 4g.20gb (0),1,,13,cupy_copy__float32_float32
18963526261,3135,383980,103,1,1,128,1,1,16,0.000,0.000,,,,,NVIDIA A100-SXM4-40GB MIG 4g.20gb (0),1,,13,cupy_copy__complex64_complex64
18963531092,12224,383990,1434,1,1,128,1,1,16,0.000,0.000,,,,,NVIDIA A100-SXM4-40GB MIG 4g.20gb (0),1,,13,cupy_copy__complex64_complex64
18963545492,79775,383995,1,1,1,32,32,1,30,0.000,0.000,,,,,NVIDIA A100-SXM4-40GB MIG 4g.20gb (0),1,,13,"void convert_kernel<__half2, float2>(tensor_layout_any, T1 *, tensor_layout_any, const T2 *)"
18963654483,6784,383998,,,,,,,,,,0.094,13811.259,Pinned,Device,NVIDIA A100-SXM4-40GB MIG 4g.20gb (0),1,,13,[CUDA memcpy Host-to-Device]
18963691635,604953,383999,,,,,,,,,,456.561,754696.060,Device,,NVIDIA A100-SXM4-40GB MIG 4g.20gb (0),1,,13,[CUDA memset]
18964298124,53439,384004,,,,,,,,,,1.235,23108.272,Pinned,Device,NVIDIA A100-SXM4-40GB MIG 4g.20gb (0),1,,13,[CUDA memcpy Host-to-Device]
18964354763,10208,384005,,,,,,,,,,0.197,19260.113,Pinned,Device,NVIDIA A100-SXM4-40GB MIG 4g.20gb (0),1,,13,[CUDA memcpy Host-to-Device]
18964418411,14623,384006,69,4,1,48,1,1,76,0.002,0.000,,,,,NVIDIA A100-SXM4-40GB MIG 4g.20gb (0),1,,13,"void ch_est::windowedChEstPreNoDftSOfdmKernel<float, __half, float, (unsigned int)2, (unsigned int)1, (unsigned short)4>(ch_est::puschRxChEstStatDescr_t *, ch_est::puschRxChEstDynDescr_t *)"
18964554825,21184,384007,137,2,1,24,2,1,44,0.001,0.001,,,,,NVIDIA A100-SXM4-40GB MIG 4g.20gb (0),1,,13,"void ch_est::chEstFilterNoDftSOfdmDispatchKernel<float, __half, float, (unsigned int)2>(ch_est::puschRxChEstStatDescr_t *, ch_est::puschRxChEstDynDescr_t *)"
18964708647,23872,384008,137,2,1,24,2,1,44,0.001,0.001,,,,,NVIDIA A100-SXM4-40GB MIG 4g.20gb (0),1,,13,"void ch_est::chEstFilterNoDftSOfdmDispatchKernel<float, __half, float, (unsigned int)2>(ch_est::puschRxChEstStatDescr_t *, ch_est::puschRxChEstDynDescr_t *)"
18964782374,12416,384019,103,1,1,128,1,1,16,0.000,0.000,,,,,NVIDIA A100-SXM4-40GB MIG 4g.20gb (0),1,,13,cupy_copy__complex64_complex64
18964797478,16096,384029,1434,1,1,128,1,1,16,0.000,0.000,,,,,NVIDIA A100-SXM4-40GB MIG 4g.20gb (0),1,,13,cupy_copy__complex64_complex64
18964815686,2592,384036,103,1,1,128,1,1,16,0.000,0.000,,,,,NVIDIA A100-SXM4-40GB MIG 4g.20gb (0),1,,13,cupy_copy__complex64_complex64
18964881765,659417,384043,1,1,1,32,32,1,30,0.000,0.000,,,,,NVIDIA A100-SXM4-40GB MIG 4g.20gb (0),1,,13,"void convert_kernel<__half2, float2>(tensor_layout_any, T1 *, tensor_layout_any, const T2 *)"
18965570078,5440,384046,,,,,,,,,,0.094,17223.480,Pinned,Device,NVIDIA A100-SXM4-40GB MIG 4g.20gb (0),1,,13,[CUDA memcpy Host-to-Device]
18965767771,57696,384047,,,,,,,,,,35.810,620657.533,Device,,NVIDIA A100-SXM4-40GB MIG 4g.20gb (0),1,,13,[CUDA memset]
18965831355,4864,384049,,,,,,,,,,0.000,16.447,Pinned,Device,NVIDIA A100-SXM4-40GB MIG 4g.20gb (0),1,,13,[CUDA memcpy Host-to-Device]
18965840635,9888,384050,,,,,,,,,,0.197,19883.360,Pinned,Device,NVIDIA A100-SXM4-40GB MIG 4g.20gb (0),1,,13,[CUDA memcpy Host-to-Device]
18966005593,13472,384051,273,1,1,48,1,1,40,0.000,0.001,,,,,NVIDIA A100-SXM4-40GB MIG 4g.20gb (0),1,,13,"void pusch_noise_intf_est::noiseIntfEstNoDftSOfdmKernel<float, __half, float, float, (unsigned int)2, (unsigned int)1, (unsigned char)4, (unsigned char)4>(pusch_noise_intf_est::puschRxNoiseIntfEstDynDescr)"
18966066104,17920,384062,35,1,1,128,1,1,16,0.000,0.000,,,,,NVIDIA A100-SXM4-40GB MIG 4g.20gb (0),1,,13,cupy_copy__complex64_complex64
18966086296,2656,384071,1,1,1,1,1,1,18,0.000,0.000,,,,,NVIDIA A100-SXM4-40GB MIG 4g.20gb (0),1,,13,cupy_copy__float32_float32
18966090456,1632,384077,,,,,,,,,,0.000,2.451,Device,Pageable,NVIDIA A100-SXM4-40GB MIG 4g.20gb (0),1,,7,[CUDA memcpy Device-to-Host]
18966245014,15904,384088,1434,1,1,128,1,1,16,0.000,0.000,,,,,NVIDIA A100-SXM4-40GB MIG 4g.20gb (0),1,,13,cupy_copy__complex64_complex64
18966263030,7200,384095,103,1,1,128,1,1,16,0.000,0.000,,,,,NVIDIA A100-SXM4-40GB MIG 4g.20gb (0),1,,13,cupy_copy__complex64_complex64
18966365941,4544,384102,35,1,1,128,1,1,16,0.000,0.000,,,,,NVIDIA A100-SXM4-40GB MIG 4g.20gb (0),1,,13,cupy_copy__complex64_complex64
18966375093,2784,384109,1,1,1,1,1,1,18,0.000,0.000,,,,,NVIDIA A100-SXM4-40GB MIG 4g.20gb (0),1,,13,cupy_copy__float32_float32
18966472724,375195,384120,1,1,1,32,32,1,30,0.000,0.000,,,,,NVIDIA A100-SXM4-40GB MIG 4g.20gb (0),1,,13,"void convert_kernel<__half2, float2>(tensor_layout_any, T1 *, tensor_layout_any, const T2 *)"
18966877135,5664,384123,,,,,,,,,,0.094,16542.310,Pinned,Device,NVIDIA A100-SXM4-40GB MIG 4g.20gb (0),1,,13,[CUDA memcpy Host-to-Device]
18967030061,5376,384124,,,,,,,,,,1.547,287689.077,Device,,NVIDIA A100-SXM4-40GB MIG 4g.20gb (0),1,,13,[CUDA memset]
18967036909,4992,384129,,,,,,,,,,0.031,6269.215,Pinned,Device,NVIDIA A100-SXM4-40GB MIG 4g.20gb (0),1,,13,[CUDA memcpy Host-to-Device]
18967045933,11328,384130,,,,,,,,,,0.197,17355.768,Pinned,Device,NVIDIA A100-SXM4-40GB MIG 4g.20gb (0),1,,13,[CUDA memcpy Host-to-Device]
18967221163,16800,384131,273,1,1,8,4,1,39,0.002,0.000,,,,,NVIDIA A100-SXM4-40GB MIG 4g.20gb (0),1,,13,"void channel_eq::eqMmseCoefCompLowMimoKernel<float, float, float, (unsigned int)4, (unsigned int)1, (unsigned int)4>(const channel_eq::_puschRxChEqStatDescr *, channel_eq::_puschRxChEqCoefCompDynDescr)"
18967323626,12608,384132,273,1,1,12,11,1,51,0.002,0.000,,,,,NVIDIA A100-SXM4-40GB MIG 4g.20gb (0),1,,13,"void channel_eq::eqMmseSoftDemapKernel<float, __half, __half, float, (unsigned int)4, (unsigned short)16383>(channel_eq::_puschRxChEqStatDescr *, channel_eq::_puschRxChEqSoftDemapDynDescr)"
18967518408,962965,384133,1,1,1,32,32,1,30,0.000,0.000,,,,,NVIDIA A100-SXM4-40GB MIG 4g.20gb (0),1,,13,"void convert_kernel<float2, __half2>(tensor_layout_any, T1 *, tensor_layout_any, const T2 *)"
18968685915,14304,384145,2253,1,1,128,1,1,16,0.000,0.000,,,,,NVIDIA A100-SXM4-40GB MIG 4g.20gb (0),1,,13,cupy_copy__float16_float16
18968909176,5696,384154,282,1,1,128,1,1,16,0.000,0.000,,,,,NVIDIA A100-SXM4-40GB MIG 4g.20gb (0),1,,13,cupy_copy__complex64_complex64
18969085302,4768,384163,26,1,1,128,1,1,16,0.000,0.000,,,,,NVIDIA A100-SXM4-40GB MIG 4g.20gb (0),1,,13,cupy_copy__float32_float32
18969259476,6048,384172,103,1,1,128,1,1,16,0.000,0.000,,,,,NVIDIA A100-SXM4-40GB MIG 4g.20gb (0),1,,13,cupy_copy__complex64_complex64
18969360691,18656,384182,1434,1,1,128,1,1,16,0.000,0.000,,,,,NVIDIA A100-SXM4-40GB MIG 4g.20gb (0),1,,13,cupy_copy__complex64_complex64
18969437906,319517,384187,1,1,1,32,32,1,30,0.000,0.000,,,,,NVIDIA A100-SXM4-40GB MIG 4g.20gb (0),1,,13,"void convert_kernel<__half2, float2>(tensor_layout_any, T1 *, tensor_layout_any, const T2 *)"
18969786863,5343,384190,,,,,,,,,,0.094,17536.143,Pinned,Device,NVIDIA A100-SXM4-40GB MIG 4g.20gb (0),1,,13,[CUDA memcpy Host-to-Device]
18969798222,609050,384191,,,,,,,,,,456.561,749217.323,Device,,NVIDIA A100-SXM4-40GB MIG 4g.20gb (0),1,,13,[CUDA memset]
18970414792,50911,384196,,,,,,,,,,1.235,24256.770,Pinned,Device,NVIDIA A100-SXM4-40GB MIG 4g.20gb (0),1,,13,[CUDA memcpy Host-to-Device]
18970470599,9504,384197,,,,,,,,,,0.197,20686.701,Pinned,Device,NVIDIA A100-SXM4-40GB MIG 4g.20gb (0),1,,13,[CUDA memcpy Host-to-Device]
18970571334,9504,384198,69,4,1,48,1,1,76,0.002,0.000,,,,,NVIDIA A100-SXM4-40GB MIG 4g.20gb (0),1,,13,"void ch_est::windowedChEstPreNoDftSOfdmKernel<float, __half, float, (unsigned int)2, (unsigned int)1, (unsigned short)4>(ch_est::puschRxChEstStatDescr_t *, ch_est::puschRxChEstDynDescr_t *)"
18970582342,7072,384199,137,2,1,24,2,1,44,0.001,0.001,,,,,NVIDIA A100-SXM4-40GB MIG 4g.20gb (0),1,,13,"void ch_est::chEstFilterNoDftSOfdmDispatchKernel<float, __half, float, (unsigned int)2>(ch_est::puschRxChEstStatDescr_t *, ch_est::puschRxChEstDynDescr_t *)"
18970698532,10016,384200,137,2,1,24,2,1,44,0.001,0.001,,,,,NVIDIA A100-SXM4-40GB MIG 4g.20gb (0),1,,13,"void ch_est::chEstFilterNoDftSOfdmDispatchKernel<float, __half, float, (unsigned int)2>(ch_est::puschRxChEstStatDescr_t *, ch_est::puschRxChEstDynDescr_t *)"
18970710372,4416,384211,103,1,1,128,1,1,16,0.000,0.000,,,,,NVIDIA A100-SXM4-40GB MIG 4g.20gb (0),1,,13,cupy_copy__complex64_complex64
18970716804,13056,384221,1434,1,1,128,1,1,16,0.000,0.000,,,,,NVIDIA A100-SXM4-40GB MIG 4g.20gb (0),1,,13,cupy_copy__complex64_complex64
18970731620,2496,384228,103,1,1,128,1,1,16,0.000,0.000,,,,,NVIDIA A100-SXM4-40GB MIG 4g.20gb (0),1,,13,cupy_copy__complex64_complex64
18970736260,111839,384235,1,1,1,32,32,1,30,0.000,0.000,,,,,NVIDIA A100-SXM4-40GB MIG 4g.20gb (0),1,,13,"void convert_kernel<__half2, float2>(tensor_layout_any, T1 *, tensor_layout_any, const T2 *)"
18970876802,5888,384238,,,,,,,,,,0.094,15912.954,Pinned,Device,NVIDIA A100-SXM4-40GB MIG 4g.20gb (0),1,,13,[CUDA memcpy Host-to-Device]
18970889186,48064,384239,,,,,,,,,,35.810,745025.386,Device,,NVIDIA A100-SXM4-40GB MIG 4g.20gb (0),1,,13,[CUDA memset]
18970943714,2912,384241,,,,,,,,,,0.000,27.472,Pinned,Device,NVIDIA A100-SXM4-40GB MIG 4g.20gb (0),1,,13,[CUDA memcpy Host-to-Device]
18970949346,10143,384242,,,,,,,,,,0.197,19383.583,Pinned,Device,NVIDIA A100-SXM4-40GB MIG 4g.20gb (0),1,,13,[CUDA memcpy Host-to-Device]
18971047104,12864,384243,273,1,1,48,1,1,40,0.000,0.001,,,,,NVIDIA A100-SXM4-40GB MIG 4g.20gb (0),1,,13,"void pusch_noise_intf_est::noiseIntfEstNoDftSOfdmKernel<float, __half, float, float, (unsigned int)2, (unsigned int)1, (unsigned char)4, (unsigned char)4>(pusch_noise_intf_est::puschRxNoiseIntfEstDynDescr)"
18971166559,4928,384254,35,1,1,128,1,1,16,0.000,0.000,,,,,NVIDIA A100-SXM4-40GB MIG 4g.20gb (0),1,,13,cupy_copy__complex64_complex64
18971173055,2688,384263,1,1,1,1,1,1,18,0.000,0.000,,,,,NVIDIA A100-SXM4-40GB MIG 4g.20gb (0),1,,13,cupy_copy__float32_float32
18971179391,1600,384269,,,,,,,,,,0.000,2.500,Device,Pageable,NVIDIA A100-SXM4-40GB MIG 4g.20gb (0),1,,7,[CUDA memcpy Device-to-Host]
18971339421,20384,384280,1434,1,1,128,1,1,16,0.000,0.000,,,,,NVIDIA A100-SXM4-40GB MIG 4g.20gb (0),1,,13,cupy_copy__complex64_complex64
18971529659,4288,384287,103,1,1,128,1,1,16,0.000,0.000,,,,,NVIDIA A100-SXM4-40GB MIG 4g.20gb (0),1,,13,cupy_copy__complex64_complex64
18971641562,6176,384294,35,1,1,128,1,1,16,0.000,0.000,,,,,NVIDIA A100-SXM4-40GB MIG 4g.20gb (0),1,,13,cupy_copy__complex64_complex64
18971712601,3936,384301,1,1,1,1,1,1,18,0.000,0.000,,,,,NVIDIA A100-SXM4-40GB MIG 4g.20gb (0),1,,13,cupy_copy__float32_float32
18971878455,329660,384312,1,1,1,32,32,1,30,0.000,0.000,,,,,NVIDIA A100-SXM4-40GB MIG 4g.20gb (0),1,,13,"void convert_kernel<__half2, float2>(tensor_layout_any, T1 *, tensor_layout_any, const T2 *)"
18972239251,5792,384315,,,,,,,,,,0.094,16176.708,Pinned,Device,NVIDIA A100-SXM4-40GB MIG 4g.20gb (0),1,,13,[CUDA memcpy Host-to-Device]
18972406193,4608,384316,,,,,,,,,,1.547,335637.514,Device,,NVIDIA A100-SXM4-40GB MIG 4g.20gb (0),1,,13,[CUDA memset]
18972416273,3424,384321,,,,,,,,,,0.031,9140.185,Pinned,Device,NVIDIA A100-SXM4-40GB MIG 4g.20gb (0),1,,13,[CUDA memcpy Host-to-Device]
18972422673,11616,384322,,,,,,,,,,0.197,16925.590,Pinned,Device,NVIDIA A100-SXM4-40GB MIG 4g.20gb (0),1,,13,[CUDA memcpy Host-to-Device]
18972479728,10176,384323,273,1,1,8,4,1,39,0.002,0.000,,,,,NVIDIA A100-SXM4-40GB MIG 4g.20gb (0),1,,13,"void channel_eq::eqMmseCoefCompLowMimoKernel<float, float, float, (unsigned int)4, (unsigned int)1, (unsigned int)4>(const channel_eq::_puschRxChEqStatDescr *, channel_eq::_puschRxChEqCoefCompDynDescr)"
18972560624,14015,384324,273,1,1,12,11,1,51,0.002,0.000,,,,,NVIDIA A100-SXM4-40GB MIG 4g.20gb (0),1,,13,"void channel_eq::eqMmseSoftDemapKernel<float, __half, __half, float, (unsigned int)4, (unsigned short)16383>(channel_eq::_puschRxChEqStatDescr *, channel_eq::_puschRxChEqSoftDemapDynDescr)"
18972748685,871479,384325,1,1,1,32,32,1,30,0.000,0.000,,,,,NVIDIA A100-SXM4-40GB MIG 4g.20gb (0),1,,13,"void convert_kernel<float2, __half2>(tensor_layout_any, T1 *, tensor_layout_any, const T2 *)"
18973754050,30048,384337,2253,1,1,128,1,1,16,0.000,0.000,,,,,NVIDIA A100-SXM4-40GB MIG 4g.20gb (0),1,,13,cupy_copy__float16_float16
18973896033,4960,384346,282,1,1,128,1,1,16,0.000,0.000,,,,,NVIDIA A100-SXM4-40GB MIG 4g.20gb (0),1,,13,cupy_copy__complex64_complex64
18973962176,11072,384355,26,1,1,128,1,1,16,0.000,0.000,,,,,NVIDIA A100-SXM4-40GB MIG 4g.20gb (0),1,,13,cupy_copy__float32_float32
18974090302,4800,384364,103,1,1,128,1,1,16,0.000,0.000,,,,,NVIDIA A100-SXM4-40GB MIG 4g.20gb (0),1,,13,cupy_copy__complex64_complex64
18974152222,35007,384374,1434,1,1,128,1,1,16,0.000,0.000,,,,,NVIDIA A100-SXM4-40GB MIG 4g.20gb (0),1,,13,cupy_copy__complex64_complex64
18974240125,420155,384379,1,1,1,32,32,1,30,0.000,0.000,,,,,NVIDIA A100-SXM4-40GB MIG 4g.20gb (0),1,,13,"void convert_kernel<__half2, float2>(tensor_layout_any, T1 *, tensor_layout_any, const T2 *)"
18974689048,5408,384382,,,,,,,,,,0.094,17325.421,Pinned,Device,NVIDIA A100-SXM4-40GB MIG 4g.20gb (0),1,,13,[CUDA memcpy Host-to-Device]
18974737911,603801,384383,,,,,,,,,,456.561,756065.745,Device,,NVIDIA A100-SXM4-40GB MIG 4g.20gb (0),1,,13,[CUDA memset]
18975342576,54592,384388,,,,,,,,,,1.235,22620.469,Pinned,Device,NVIDIA A100-SXM4-40GB MIG 4g.20gb (0),1,,13,[CUDA memcpy Host-to-Device]
18975400336,10592,384389,,,,,,,,,,0.197,18561.761,Pinned,Device,NVIDIA A100-SXM4-40GB MIG 4g.20gb (0),1,,13,[CUDA memcpy Host-to-Device]
18975493199,22016,384390,69,4,1,48,1,1,76,0.002,0.000,,,,,NVIDIA A100-SXM4-40GB MIG 4g.20gb (0),1,,13,"void ch_est::windowedChEstPreNoDftSOfdmKernel<float, __half, float, (unsigned int)2, (unsigned int)1, (unsigned short)4>(ch_est::puschRxChEstStatDescr_t *, ch_est::puschRxChEstDynDescr_t *)"
18975649581,17952,384391,137,2,1,24,2,1,44,0.001,0.001,,,,,NVIDIA A100-SXM4-40GB MIG 4g.20gb (0),1,,13,"void ch_est::chEstFilterNoDftSOfdmDispatchKernel<float, __half, float, (unsigned int)2>(ch_est::puschRxChEstStatDescr_t *, ch_est::puschRxChEstDynDescr_t *)"
18975669293,5952,384392,137,2,1,24,2,1,44,0.001,0.001,,,,,NVIDIA A100-SXM4-40GB MIG 4g.20gb (0),1,,13,"void ch_est::chEstFilterNoDftSOfdmDispatchKernel<float, __half, float, (unsigned int)2>(ch_est::puschRxChEstStatDescr_t *, ch_est::puschRxChEstDynDescr_t *)"
18975731884,15232,384403,103,1,1,128,1,1,16,0.000,0.000,,,,,NVIDIA A100-SXM4-40GB MIG 4g.20gb (0),1,,13,cupy_copy__complex64_complex64
18975819595,16736,384413,1434,1,1,128,1,1,16,0.000,0.000,,,,,NVIDIA A100-SXM4-40GB MIG 4g.20gb (0),1,,13,cupy_copy__complex64_complex64
18975982025,4128,384420,103,1,1,128,1,1,16,0.000,0.000,,,,,NVIDIA A100-SXM4-40GB MIG 4g.20gb (0),1,,13,cupy_copy__complex64_complex64
18976043337,525946,384427,1,1,1,32,32,1,30,0.000,0.000,,,,,NVIDIA A100-SXM4-40GB MIG 4g.20gb (0),1,,13,"void convert_kernel<__half2, float2>(tensor_layout_any, T1 *, tensor_layout_any, const T2 *)"
18976601058,6304,384430,,,,,,,,,,0.094,14862.903,Pinned,Device,NVIDIA A100-SXM4-40GB MIG 4g.20gb (0),1,,13,[CUDA memcpy Host-to-Device]
18976756609,50271,384431,,,,,,,,,,35.810,712330.929,Device,,NVIDIA A100-SXM4-40GB MIG 4g.20gb (0),1,,13,[CUDA memset]
18976812672,2304,384433,,,,,,,,,,0.000,34.722,Pinned,Device,NVIDIA A100-SXM4-40GB MIG 4g.20gb (0),1,,13,[CUDA memcpy Host-to-Device]
18976817440,9472,384434,,,,,,,,,,0.197,20756.693,Pinned,Device,NVIDIA A100-SXM4-40GB MIG 4g.20gb (0),1,,13,[CUDA memcpy Host-to-Device]
18976991390,18048,384435,273,1,1,48,1,1,40,0.000,0.001,,,,,NVIDIA A100-SXM4-40GB MIG 4g.20gb (0),1,,13,"void pusch_noise_intf_est::noiseIntfEstNoDftSOfdmKernel<float, __half, float, float, (unsigned int)2, (unsigned int)1, (unsigned char)4, (unsigned char)4>(pusch_noise_intf_est::puschRxNoiseIntfEstDynDescr)"
18977063645,3904,384446,35,1,1,128,1,1,16,0.000,0.000,,,,,NVIDIA A100-SXM4-40GB MIG 4g.20gb (0),1,,13,cupy_copy__complex64_complex64
18977070333,4064,384455,1,1,1,1,1,1,18,0.000,0.000,,,,,NVIDIA A100-SXM4-40GB MIG 4g.20gb (0),1,,13,cupy_copy__float32_float32
18977075965,1600,384461,,,,,,,,,,0.000,2.500,Device,Pageable,NVIDIA A100-SXM4-40GB MIG 4g.20gb (0),1,,7,[CUDA memcpy Device-to-Host]
18977193788,17376,384472,1434,1,1,128,1,1,16,0.000,0.000,,,,,NVIDIA A100-SXM4-40GB MIG 4g.20gb (0),1,,13,cupy_copy__complex64_complex64
18977213564,6751,384479,103,1,1,128,1,1,16,0.000,0.000,,,,,NVIDIA A100-SXM4-40GB MIG 4g.20gb (0),1,,13,cupy_copy__complex64_complex64
18977319514,5024,384486,35,1,1,128,1,1,16,0.000,0.000,,,,,NVIDIA A100-SXM4-40GB MIG 4g.20gb (0),1,,13,cupy_copy__complex64_complex64
18977327322,2848,384493,1,1,1,1,1,1,18,0.000,0.000,,,,,NVIDIA A100-SXM4-40GB MIG 4g.20gb (0),1,,13,cupy_copy__float32_float32
18977430617,364316,384504,1,1,1,32,32,1,30,0.000,0.000,,,,,NVIDIA A100-SXM4-40GB MIG 4g.20gb (0),1,,13,"void convert_kernel<__half2, float2>(tensor_layout_any, T1 *, tensor_layout_any, const T2 *)"
18977824757,6528,384507,,,,,,,,,,0.094,14352.915,Pinned,Device,NVIDIA A100-SXM4-40GB MIG 4g.20gb (0),1,,13,[CUDA memcpy Host-to-Device]
18977982899,10272,384508,,,,,,,,,,1.547,150566.940,Device,,NVIDIA A100-SXM4-40GB MIG 4g.20gb (0),1,,13,[CUDA memset]
18977995187,3136,384513,,,,,,,,,,0.031,9979.575,Pinned,Device,NVIDIA A100-SXM4-40GB MIG 4g.20gb (0),1,,13,[CUDA memcpy Host-to-Device]
18978002003,9600,384514,,,,,,,,,,0.197,20479.869,Pinned,Device,NVIDIA A100-SXM4-40GB MIG 4g.20gb (0),1,,13,[CUDA memcpy Host-to-Device]
18978158897,15808,384515,273,1,1,8,4,1,39,0.002,0.000,,,,,NVIDIA A100-SXM4-40GB MIG 4g.20gb (0),1,,13,"void channel_eq::eqMmseCoefCompLowMimoKernel<float, float, float, (unsigned int)4, (unsigned int)1, (unsigned int)4>(const channel_eq::_puschRxChEqStatDescr *, channel_eq::_puschRxChEqCoefCompDynDescr)"
18978176881,8704,384516,273,1,1,12,11,1,51,0.002,0.000,,,,,NVIDIA A100-SXM4-40GB MIG 4g.20gb (0),1,,13,"void channel_eq::eqMmseSoftDemapKernel<float, __half, __half, float, (unsigned int)4, (unsigned short)16383>(channel_eq::_puschRxChEqStatDescr *, channel_eq::_puschRxChEqSoftDemapDynDescr)"
18978187313,757815,384517,1,1,1,32,32,1,30,0.000,0.000,,,,,NVIDIA A100-SXM4-40GB MIG 4g.20gb (0),1,,13,"void convert_kernel<float2, __half2>(tensor_layout_any, T1 *, tensor_layout_any, const T2 *)"
18979134950,23936,384529,2253,1,1,128,1,1,16,0.000,0.000,,,,,NVIDIA A100-SXM4-40GB MIG 4g.20gb (0),1,,13,cupy_copy__float16_float16
18979315684,6688,384538,282,1,1,128,1,1,16,0.000,0.000,,,,,NVIDIA A100-SXM4-40GB MIG 4g.20gb (0),1,,13,cupy_copy__complex64_complex64
18979770207,7392,384547,26,1,1,128,1,1,16,0.000,0.000,,,,,NVIDIA A100-SXM4-40GB MIG 4g.20gb (0),1,,13,cupy_copy__float32_float32
18980058364,6752,384556,103,1,1,128,1,1,16,0.000,0.000,,,,,NVIDIA A100-SXM4-40GB MIG 4g.20gb (0),1,,13,cupy_copy__complex64_complex64
18980402456,17216,384566,1434,1,1,128,1,1,16,0.000,0.000,,,,,NVIDIA A100-SXM4-40GB MIG 4g.20gb (0),1,,13,cupy_copy__complex64_complex64
18980768276,378524,384571,1,1,1,32,32,1,30,0.000,0.000,,,,,NVIDIA A100-SXM4-40GB MIG 4g.20gb (0),1,,13,"void convert_kernel<__half2, float2>(tensor_layout_any, T1 *, tensor_layout_any, const T2 *)"
18981175983,6432,384574,,,,,,,,,,0.094,14567.105,Pinned,Device,NVIDIA A100-SXM4-40GB MIG 4g.20gb (0),1,,13,[CUDA memcpy Host-to-Device]
18981352973,604985,384575,,,,,,,,,,456.561,754239.499,Device,,NVIDIA A100-SXM4-40GB MIG 4g.20gb (0),1,,13,[CUDA memset]
18981959782,49792,384580,,,,,,,,,,1.235,24801.380,Pinned,Device,NVIDIA A100-SXM4-40GB MIG 4g.20gb (0),1,,13,[CUDA memcpy Host-to-Device]
18982012710,9856,384581,,,,,,,,,,0.197,19948.044,Pinned,Device,NVIDIA A100-SXM4-40GB MIG 4g.20gb (0),1,,13,[CUDA memcpy Host-to-Device]
18982204484,14976,384582,69,4,1,48,1,1,76,0.002,0.000,,,,,NVIDIA A100-SXM4-40GB MIG 4g.20gb (0),1,,13,"void ch_est::windowedChEstPreNoDftSOfdmKernel<float, __half, float, (unsigned int)2, (unsigned int)1, (unsigned short)4>(ch_est::puschRxChEstStatDescr_t *, ch_est::puschRxChEstDynDescr_t *)"
18982451745,14336,384583,137,2,1,24,2,1,44,0.001,0.001,,,,,NVIDIA A100-SXM4-40GB MIG 4g.20gb (0),1,,13,"void ch_est::chEstFilterNoDftSOfdmDispatchKernel<float, __half, float, (unsigned int)2>(ch_est::puschRxChEstStatDescr_t *, ch_est::puschRxChEstDynDescr_t *)"
18982618783,38400,384584,137,2,1,24,2,1,44,0.001,0.001,,,,,NVIDIA A100-SXM4-40GB MIG 4g.20gb (0),1,,13,"void ch_est::chEstFilterNoDftSOfdmDispatchKernel<float, __half, float, (unsigned int)2>(ch_est::puschRxChEstStatDescr_t *, ch_est::puschRxChEstDynDescr_t *)"
18982683262,4896,384595,103,1,1,128,1,1,16,0.000,0.000,,,,,NVIDIA A100-SXM4-40GB MIG 4g.20gb (0),1,,13,cupy_copy__complex64_complex64
18982786653,17664,384605,1434,1,1,128,1,1,16,0.000,0.000,,,,,NVIDIA A100-SXM4-40GB MIG 4g.20gb (0),1,,13,cupy_copy__complex64_complex64
18982806621,4736,384612,103,1,1,128,1,1,16,0.000,0.000,,,,,NVIDIA A100-SXM4-40GB MIG 4g.20gb (0),1,,13,cupy_copy__complex64_complex64
18982907388,301501,384619,1,1,1,32,32,1,30,0.000,0.000,,,,,NVIDIA A100-SXM4-40GB MIG 4g.20gb (0),1,,13,"void convert_kernel<__half2, float2>(tensor_layout_any, T1 *, tensor_layout_any, const T2 *)"
18983237112,5888,384622,,,,,,,,,,0.094,15912.954,Pinned,Device,NVIDIA A100-SXM4-40GB MIG 4g.20gb (0),1,,13,[CUDA memcpy Host-to-Device]
18983294072,50079,384623,,,,,,,,,,35.810,715052.483,Device,,NVIDIA A100-SXM4-40GB MIG 4g.20gb (0),1,,13,[CUDA memset]
18983348087,2816,384625,,,,,,,,,,0.000,28.409,Pinned,Device,NVIDIA A100-SXM4-40GB MIG 4g.20gb (0),1,,13,[CUDA memcpy Host-to-Device]
18983353783,10016,384626,,,,,,,,,,0.197,19629.343,Pinned,Device,NVIDIA A100-SXM4-40GB MIG 4g.20gb (0),1,,13,[CUDA memcpy Host-to-Device]
18983441302,11264,384627,273,1,1,48,1,1,40,0.000,0.001,,,,,NVIDIA A100-SXM4-40GB MIG 4g.20gb (0),1,,13,"void pusch_noise_intf_est::noiseIntfEstNoDftSOfdmKernel<float, __half, float, float, (unsigned int)2, (unsigned int)1, (unsigned char)4, (unsigned char)4>(pusch_noise_intf_est::puschRxNoiseIntfEstDynDescr)"
18983550229,5888,384638,35,1,1,128,1,1,16,0.000,0.000,,,,,NVIDIA A100-SXM4-40GB MIG 4g.20gb (0),1,,13,cupy_copy__complex64_complex64
18983557621,2752,384647,1,1,1,1,1,1,18,0.000,0.000,,,,,NVIDIA A100-SXM4-40GB MIG 4g.20gb (0),1,,13,cupy_copy__float32_float32
18983572500,2496,384653,,,,,,,,,,0.000,1.603,Device,Pageable,NVIDIA A100-SXM4-40GB MIG 4g.20gb (0),1,,7,[CUDA memcpy Device-to-Host]
18983792210,19200,384664,1434,1,1,128,1,1,16,0.000,0.000,,,,,NVIDIA A100-SXM4-40GB MIG 4g.20gb (0),1,,13,cupy_copy__complex64_complex64
18983970160,7968,384671,103,1,1,128,1,1,16,0.000,0.000,,,,,NVIDIA A100-SXM4-40GB MIG 4g.20gb (0),1,,13,cupy_copy__complex64_complex64
18984128238,4672,384678,35,1,1,128,1,1,16,0.000,0.000,,,,,NVIDIA A100-SXM4-40GB MIG 4g.20gb (0),1,,13,cupy_copy__complex64_complex64
18984316268,3968,384685,1,1,1,1,1,1,18,0.000,0.000,,,,,NVIDIA A100-SXM4-40GB MIG 4g.20gb (0),1,,13,cupy_copy__float32_float32
18984408843,369916,384696,1,1,1,32,32,1,30,0.000,0.000,,,,,NVIDIA A100-SXM4-40GB MIG 4g.20gb (0),1,,13,"void convert_kernel<__half2, float2>(tensor_layout_any, T1 *, tensor_layout_any, const T2 *)"
18984812903,5504,384699,,,,,,,,,,0.094,17023.251,Pinned,Device,NVIDIA A100-SXM4-40GB MIG 4g.20gb (0),1,,13,[CUDA memcpy Host-to-Device]
18984932325,4960,384700,,,,,,,,,,1.547,311817.958,Device,,NVIDIA A100-SXM4-40GB MIG 4g.20gb (0),1,,13,[CUDA memset]
18984945509,3712,384705,,,,,,,,,,0.031,8431.017,Pinned,Device,NVIDIA A100-SXM4-40GB MIG 4g.20gb (0),1,,13,[CUDA memcpy Host-to-Device]
18984953349,10368,384706,,,,,,,,,,0.197,18962.842,Pinned,Device,NVIDIA A100-SXM4-40GB MIG 4g.20gb (0),1,,13,[CUDA memcpy Host-to-Device]
18985113955,44224,384707,273,1,1,8,4,1,39,0.002,0.000,,,,,NVIDIA A100-SXM4-40GB MIG 4g.20gb (0),1,,13,"void channel_eq::eqMmseCoefCompLowMimoKernel<float, float, float, (unsigned int)4, (unsigned int)1, (unsigned int)4>(const channel_eq::_puschRxChEqStatDescr *, channel_eq::_puschRxChEqCoefCompDynDescr)"
18985431264,15391,384708,273,1,1,12,11,1,51,0.002,0.000,,,,,NVIDIA A100-SXM4-40GB MIG 4g.20gb (0),1,,13,"void channel_eq::eqMmseSoftDemapKernel<float, __half, __half, float, (unsigned int)4, (unsigned short)16383>(channel_eq::_puschRxChEqStatDescr *, channel_eq::_puschRxChEqSoftDemapDynDescr)"
18985929466,870390,384709,1,1,1,32,32,1,30,0.000,0.000,,,,,NVIDIA A100-SXM4-40GB MIG 4g.20gb (0),1,,13,"void convert_kernel<float2, __half2>(tensor_layout_any, T1 *, tensor_layout_any, const T2 *)"
18987049486,14719,384721,2253,1,1,128,1,1,16,0.000,0.000,,,,,NVIDIA A100-SXM4-40GB MIG 4g.20gb (0),1,,13,cupy_copy__float16_float16
18987243211,14720,384730,282,1,1,128,1,1,16,0.000,0.000,,,,,NVIDIA A100-SXM4-40GB MIG 4g.20gb (0),1,,13,cupy_copy__complex64_complex64
18987330058,4096,384739,26,1,1,128,1,1,16,0.000,0.000,,,,,NVIDIA A100-SXM4-40GB MIG 4g.20gb (0),1,,13,cupy_copy__float32_float32
18987500361,24895,384748,103,1,1,128,1,1,16,0.000,0.000,,,,,NVIDIA A100-SXM4-40GB MIG 4g.20gb (0),1,,13,cupy_copy__complex64_complex64
18987586984,17855,384758,1434,1,1,128,1,1,16,0.000,0.000,,,,,NVIDIA A100-SXM4-40GB MIG 4g.20gb (0),1,,13,cupy_copy__complex64_complex64
18987822853,354524,384763,1,1,1,32,32,1,30,0.000,0.000,,,,,NVIDIA A100-SXM4-40GB MIG 4g.20gb (0),1,,13,"void convert_kernel<__half2, float2>(tensor_layout_any, T1 *, tensor_layout_any, const T2 *)"
18988218401,5471,384766,,,,,,,,,,0.094,17125.849,Pinned,Device,NVIDIA A100-SXM4-40GB MIG 4g.20gb (0),1,,13,[CUDA memcpy Host-to-Device]
18988572957,603769,384767,,,,,,,,,,456.561,756065.745,Device,,NVIDIA A100-SXM4-40GB MIG 4g.20gb (0),1,,13,[CUDA memset]
18989177878,51391,384772,,,,,,,,,,1.235,24029.540,Pinned,Device,NVIDIA A100-SXM4-40GB MIG 4g.20gb (0),1,,13,[CUDA memcpy Host-to-Device]
18989232405,9888,384773,,,,,,,,,,0.197,19883.360,Pinned,Device,NVIDIA A100-SXM4-40GB MIG 4g.20gb (0),1,,13,[CUDA memcpy Host-to-Device]
18989611089,15840,384774,69,4,1,48,1,1,76,0.002,0.000,,,,,NVIDIA A100-SXM4-40GB MIG 4g.20gb (0),1,,13,"void ch_est::windowedChEstPreNoDftSOfdmKernel<float, __half, float, (unsigned int)2, (unsigned int)1, (unsigned short)4>(ch_est::puschRxChEstStatDescr_t *, ch_est::puschRxChEstDynDescr_t *)"
18990083308,12384,384775,137,2,1,24,2,1,44,0.001,0.001,,,,,NVIDIA A100-SXM4-40GB MIG 4g.20gb (0),1,,13,"void ch_est::chEstFilterNoDftSOfdmDispatchKernel<float, __half, float, (unsigned int)2>(ch_est::puschRxChEstStatDescr_t *, ch_est::puschRxChEstDynDescr_t *)"
18990356649,12991,384776,137,2,1,24,2,1,44,0.001,0.001,,,,,NVIDIA A100-SXM4-40GB MIG 4g.20gb (0),1,,13,"void ch_est::chEstFilterNoDftSOfdmDispatchKernel<float, __half, float, (unsigned int)2>(ch_est::puschRxChEstStatDescr_t *, ch_est::puschRxChEstDynDescr_t *)"
18990433480,4448,384787,103,1,1,128,1,1,16,0.000,0.000,,,,,NVIDIA A100-SXM4-40GB MIG 4g.20gb (0),1,,13,cupy_copy__complex64_complex64
18990440296,15007,384797,1434,1,1,128,1,1,16,0.000,0.000,,,,,NVIDIA A100-SXM4-40GB MIG 4g.20gb (0),1,,13,cupy_copy__complex64_complex64
18990713861,3744,384804,103,1,1,128,1,1,16,0.000,0.000,,,,,NVIDIA A100-SXM4-40GB MIG 4g.20gb (0),1,,13,cupy_copy__complex64_complex64
18990983618,346012,384811,1,1,1,32,32,1,30,0.000,0.000,,,,,NVIDIA A100-SXM4-40GB MIG 4g.20gb (0),1,,13,"void convert_kernel<__half2, float2>(tensor_layout_any, T1 *, tensor_layout_any, const T2 *)"
18991417757,126078,384814,,,,,,,,,,0.094,743.103,Pinned,Device,NVIDIA A100-SXM4-40GB MIG 4g.20gb (0),1,,13,[CUDA memcpy Host-to-Device]
18991772537,51903,384815,,,,,,,,,,35.810,689913.919,Device,,NVIDIA A100-SXM4-40GB MIG 4g.20gb (0),1,,13,[CUDA memset]
18991826328,2432,384817,,,,,,,,,,0.000,32.895,Pinned,Device,NVIDIA A100-SXM4-40GB MIG 4g.20gb (0),1,,13,[CUDA memcpy Host-to-Device]
18991831192,9664,384818,,,,,,,,,,0.197,20344.209,Pinned,Device,NVIDIA A100-SXM4-40GB MIG 4g.20gb (0),1,,13,[CUDA memcpy Host-to-Device]
18992029974,19168,384819,273,1,1,48,1,1,40,0.000,0.001,,,,,NVIDIA A100-SXM4-40GB MIG 4g.20gb (0),1,,13,"void pusch_noise_intf_est::noiseIntfEstNoDftSOfdmKernel<float, __half, float, float, (unsigned int)2, (unsigned int)1, (unsigned char)4, (unsigned char)4>(pusch_noise_intf_est::puschRxNoiseIntfEstDynDescr)"
18992354354,4416,384830,35,1,1,128,1,1,16,0.000,0.000,,,,,NVIDIA A100-SXM4-40GB MIG 4g.20gb (0),1,,13,cupy_copy__complex64_complex64
18992438161,16960,384839,1,1,1,1,1,1,18,0.000,0.000,,,,,NVIDIA A100-SXM4-40GB MIG 4g.20gb (0),1,,13,cupy_copy__float32_float32
18992539920,2048,384845,,,,,,,,,,0.000,1.953,Device,Pageable,NVIDIA A100-SXM4-40GB MIG 4g.20gb (0),1,,7,[CUDA memcpy Device-to-Host]
18992785325,21568,384856,1434,1,1,128,1,1,16,0.000,0.000,,,,,NVIDIA A100-SXM4-40GB MIG 4g.20gb (0),1,,13,cupy_copy__complex64_complex64
18993298536,41375,384863,103,1,1,128,1,1,16,0.000,0.000,,,,,NVIDIA A100-SXM4-40GB MIG 4g.20gb (0),1,,13,cupy_copy__complex64_complex64
18993617412,19840,384870,35,1,1,128,1,1,16,0.000,0.000,,,,,NVIDIA A100-SXM4-40GB MIG 4g.20gb (0),1,,13,cupy_copy__complex64_complex64
18993674244,7615,384877,1,1,1,1,1,1,18,0.000,0.000,,,,,NVIDIA A100-SXM4-40GB MIG 4g.20gb (0),1,,13,cupy_copy__float32_float32
18994054879,327229,384888,1,1,1,32,32,1,30,0.000,0.000,,,,,NVIDIA A100-SXM4-40GB MIG 4g.20gb (0),1,,13,"void convert_kernel<__half2, float2>(tensor_layout_any, T1 *, tensor_layout_any, const T2 *)"
18994412859,5504,384891,,,,,,,,,,0.094,17023.251,Pinned,Device,NVIDIA A100-SXM4-40GB MIG 4g.20gb (0),1,,13,[CUDA memcpy Host-to-Device]
18994736760,8896,384892,,,,,,,,,,1.547,173856.004,Device,,NVIDIA A100-SXM4-40GB MIG 4g.20gb (0),1,,13,[CUDA memset]
18994747832,7935,384897,,,,,,,,,,0.031,3944.016,Pinned,Device,NVIDIA A100-SXM4-40GB MIG 4g.20gb (0),1,,13,[CUDA memcpy Host-to-Device]
18994759095,12128,384898,,,,,,,,,,0.197,16210.919,Pinned,Device,NVIDIA A100-SXM4-40GB MIG 4g.20gb (0),1,,13,[CUDA memcpy Host-to-Device]
18995025012,32800,384899,273,1,1,8,4,1,39,0.002,0.000,,,,,NVIDIA A100-SXM4-40GB MIG 4g.20gb (0),1,,13,"void channel_eq::eqMmseCoefCompLowMimoKernel<float, float, float, (unsigned int)4, (unsigned int)1, (unsigned int)4>(const channel_eq::_puschRxChEqStatDescr *, channel_eq::_puschRxChEqCoefCompDynDescr)"
18995106164,13727,384900,273,1,1,12,11,1,51,0.002,0.000,,,,,NVIDIA A100-SXM4-40GB MIG 4g.20gb (0),1,,13,"void channel_eq::eqMmseSoftDemapKernel<float, __half, __half, float, (unsigned int)4, (unsigned short)16383>(channel_eq::_puschRxChEqStatDescr *, channel_eq::_puschRxChEqSoftDemapDynDescr)"
18995372113,834294,384901,1,1,1,32,32,1,30,0.000,0.000,,,,,NVIDIA A100-SXM4-40GB MIG 4g.20gb (0),1,,13,"void convert_kernel<float2, __half2>(tensor_layout_any, T1 *, tensor_layout_any, const T2 *)"
18996651170,14816,384913,2253,1,1,128,1,1,16,0.000,0.000,,,,,NVIDIA A100-SXM4-40GB MIG 4g.20gb (0),1,,13,cupy_copy__float16_float16
18996938399,4896,384922,282,1,1,128,1,1,16,0.000,0.000,,,,,NVIDIA A100-SXM4-40GB MIG 4g.20gb (0),1,,13,cupy_copy__complex64_complex64
18997295003,3712,384931,26,1,1,128,1,1,16,0.000,0.000,,,,,NVIDIA A100-SXM4-40GB MIG 4g.20gb (0),1,,13,cupy_copy__float32_float32
18997499833,4288,384940,103,1,1,128,1,1,16,0.000,0.000,,,,,NVIDIA A100-SXM4-40GB MIG 4g.20gb (0),1,,13,cupy_copy__complex64_complex64
18997646807,18272,384950,1434,1,1,128,1,1,16,0.000,0.000,,,,,NVIDIA A100-SXM4-40GB MIG 4g.20gb (0),1,,13,cupy_copy__complex64_complex64
18997911956,318909,384955,1,1,1,32,32,1,30,0.000,0.000,,,,,NVIDIA A100-SXM4-40GB MIG 4g.20gb (0),1,,13,"void convert_kernel<__half2, float2>(tensor_layout_any, T1 *, tensor_layout_any, const T2 *)"
18998261296,10720,384958,,,,,,,,,,0.094,8740.244,Pinned,Device,NVIDIA A100-SXM4-40GB MIG 4g.20gb (0),1,,13,[CUDA memcpy Host-to-Device]
18998426318,616186,384959,,,,,,,,,,456.561,740542.656,Device,,NVIDIA A100-SXM4-40GB MIG 4g.20gb (0),1,,13,[CUDA memset]
18999046119,55968,384964,,,,,,,,,,1.235,22064.744,Pinned,Device,NVIDIA A100-SXM4-40GB MIG 4g.20gb (0),1,,13,[CUDA memcpy Host-to-Device]
18999104807,14528,384965,,,,,,,,,,0.197,13532.922,Pinned,Device,NVIDIA A100-SXM4-40GB MIG 4g.20gb (0),1,,13,[CUDA memcpy Host-to-Device]
18999357124,15264,384966,69,4,1,48,1,1,76,0.002,0.000,,,,,NVIDIA A100-SXM4-40GB MIG 4g.20gb (0),1,,13,"void ch_est::windowedChEstPreNoDftSOfdmKernel<float, __half, float, (unsigned int)2, (unsigned int)1, (unsigned short)4>(ch_est::puschRxChEstStatDescr_t *, ch_est::puschRxChEstDynDescr_t *)"
18999720000,16896,384967,137,2,1,24,2,1,44,0.001,0.001,,,,,NVIDIA A100-SXM4-40GB MIG 4g.20gb (0),1,,13,"void ch_est::chEstFilterNoDftSOfdmDispatchKernel<float, __half, float, (unsigned int)2>(ch_est::puschRxChEstStatDescr_t *, ch_est::puschRxChEstDynDescr_t *)"
18999909534,40191,384968,137,2,1,24,2,1,44,0.001,0.001,,,,,NVIDIA A100-SXM4-40GB MIG 4g.20gb (0),1,,13,"void ch_est::chEstFilterNoDftSOfdmDispatchKernel<float, __half, float, (unsigned int)2>(ch_est::puschRxChEstStatDescr_t *, ch_est::puschRxChEstDynDescr_t *)"
19000084540,6144,384979,103,1,1,128,1,1,16,0.000,0.000,,,,,NVIDIA A100-SXM4-40GB MIG 4g.20gb (0),1,,13,cupy_copy__complex64_complex64
19000347257,19776,384989,1434,1,1,128,1,1,16,0.000,0.000,,,,,NVIDIA A100-SXM4-40GB MIG 4g.20gb (0),1,,13,cupy_copy__complex64_complex64
19000507127,7680,384996,103,1,1,128,1,1,16,0.000,0.000,,,,,NVIDIA A100-SXM4-40GB MIG 4g.20gb (0),1,,13,cupy_copy__complex64_complex64
19000615862,382876,385003,1,1,1,32,32,1,30,0.000,0.000,,,,,NVIDIA A100-SXM4-40GB MIG 4g.20gb (0),1,,13,"void convert_kernel<__half2, float2>(tensor_layout_any, T1 *, tensor_layout_any, const T2 *)"
19001028465,10816,385006,,,,,,,,,,0.094,8662.664,Pinned,Device,NVIDIA A100-SXM4-40GB MIG 4g.20gb (0),1,,13,[CUDA memcpy Host-to-Device]
19001205999,60768,385007,,,,,,,,,,35.810,589288.044,Device,,NVIDIA A100-SXM4-40GB MIG 4g.20gb (0),1,,13,[CUDA memset]
19001268303,2304,385009,,,,,,,,,,0.000,34.722,Pinned,Device,NVIDIA A100-SXM4-40GB MIG 4g.20gb (0),1,,13,[CUDA memcpy Host-to-Device]
19001274927,18335,385010,,,,,,,,,,0.197,10723.000,Pinned,Device,NVIDIA A100-SXM4-40GB MIG 4g.20gb (0),1,,13,[CUDA memcpy Host-to-Device]
19001586539,15744,385011,273,1,1,48,1,1,40,0.000,0.001,,,,,NVIDIA A100-SXM4-40GB MIG 4g.20gb (0),1,,13,"void pusch_noise_intf_est::noiseIntfEstNoDftSOfdmKernel<float, __half, float, float, (unsigned int)2, (unsigned int)1, (unsigned char)4, (unsigned char)4>(pusch_noise_intf_est::puschRxNoiseIntfEstDynDescr)"
19002017254,5728,385022,35,1,1,128,1,1,16,0.000,0.000,,,,,NVIDIA A100-SXM4-40GB MIG 4g.20gb (0),1,,13,cupy_copy__complex64_complex64
19002416002,3584,385031,1,1,1,1,1,1,18,0.000,0.000,,,,,NVIDIA A100-SXM4-40GB MIG 4g.20gb (0),1,,13,cupy_copy__float32_float32
19002430498,5600,385037,,,,,,,,,,0.000,0.714,Device,Pageable,NVIDIA A100-SXM4-40GB MIG 4g.20gb (0),1,,7,[CUDA memcpy Device-to-Host]
19002921628,41888,385048,1434,1,1,128,1,1,16,0.000,0.000,,,,,NVIDIA A100-SXM4-40GB MIG 4g.20gb (0),1,,13,cupy_copy__complex64_complex64
19003208121,4512,385055,103,1,1,128,1,1,16,0.000,0.000,,,,,NVIDIA A100-SXM4-40GB MIG 4g.20gb (0),1,,13,cupy_copy__complex64_complex64
19003637140,4768,385062,35,1,1,128,1,1,16,0.000,0.000,,,,,NVIDIA A100-SXM4-40GB MIG 4g.20gb (0),1,,13,cupy_copy__complex64_complex64
19003916849,7168,385069,1,1,1,1,1,1,18,0.000,0.000,,,,,NVIDIA A100-SXM4-40GB MIG 4g.20gb (0),1,,13,cupy_copy__float32_float32
19004067119,375292,385080,1,1,1,32,32,1,30,0.000,0.000,,,,,NVIDIA A100-SXM4-40GB MIG 4g.20gb (0),1,,13,"void convert_kernel<__half2, float2>(tensor_layout_any, T1 *, tensor_layout_any, const T2 *)"
19004472715,14112,385083,,,,,,,,,,0.094,6639.392,Pinned,Device,NVIDIA A100-SXM4-40GB MIG 4g.20gb (0),1,,13,[CUDA memcpy Host-to-Device]
19004564298,11872,385084,,,,,,,,,,1.547,130273.686,Device,,NVIDIA A100-SXM4-40GB MIG 4g.20gb (0),1,,13,[CUDA memset]
19004577578,4704,385089,,,,,,,,,,0.031,6653.060,Pinned,Device,NVIDIA A100-SXM4-40GB MIG 4g.20gb (0),1,,13,[CUDA memcpy Host-to-Device]
19004589034,10111,385090,,,,,,,,,,0.197,19444.924,Pinned,Device,NVIDIA A100-SXM4-40GB MIG 4g.20gb (0),1,,13,[CUDA memcpy Host-to-Device]
19004806087,18432,385091,273,1,1,8,4,1,39,0.002,0.000,,,,,NVIDIA A100-SXM4-40GB MIG 4g.20gb (0),1,,13,"void channel_eq::eqMmseCoefCompLowMimoKernel<float, float, float, (unsigned int)4, (unsigned int)1, (unsigned int)4>(const channel_eq::_puschRxChEqStatDescr *, channel_eq::_puschRxChEqCoefCompDynDescr)"
19004983941,11168,385092,273,1,1,12,11,1,51,0.002,0.000,,,,,NVIDIA A100-SXM4-40GB MIG 4g.20gb (0),1,,13,"void channel_eq::eqMmseSoftDemapKernel<float, __half, __half, float, (unsigned int)4, (unsigned short)16383>(channel_eq::_puschRxChEqStatDescr *, channel_eq::_puschRxChEqSoftDemapDynDescr)"
19005163491,729624,385093,1,1,1,32,32,1,30,0.000,0.000,,,,,NVIDIA A100-SXM4-40GB MIG 4g.20gb (0),1,,13,"void convert_kernel<float2, __half2>(tensor_layout_any, T1 *, tensor_layout_any, const T2 *)"
19006230679,20288,385105,2253,1,1,128,1,1,16,0.000,0.000,,,,,NVIDIA A100-SXM4-40GB MIG 4g.20gb (0),1,,13,cupy_copy__float16_float16
19006388949,8640,385114,282,1,1,128,1,1,16,0.000,0.000,,,,,NVIDIA A100-SXM4-40GB MIG 4g.20gb (0),1,,13,cupy_copy__complex64_complex64
19006685010,3232,385123,26,1,1,128,1,1,16,0.000,0.000,,,,,NVIDIA A100-SXM4-40GB MIG 4g.20gb (0),1,,13,cupy_copy__float32_float32
19006993711,23007,385132,103,1,1,128,1,1,16,0.000,0.000,,,,,NVIDIA A100-SXM4-40GB MIG 4g.20gb (0),1,,13,cupy_copy__complex64_complex64
19007209164,18176,385142,1434,1,1,128,1,1,16,0.000,0.000,,,,,NVIDIA A100-SXM4-40GB MIG 4g.20gb (0),1,,13,cupy_copy__complex64_complex64
19007365706,278109,385147,1,1,1,32,32,1,30,0.000,0.000,,,,,NVIDIA A100-SXM4-40GB MIG 4g.20gb (0),1,,13,"void convert_kernel<__half2, float2>(tensor_layout_any, T1 *, tensor_layout_any, const T2 *)"
19007672487,8416,385150,,,,,,,,,,0.094,11133.052,Pinned,Device,NVIDIA A100-SXM4-40GB MIG 4g.20gb (0),1,,13,[CUDA memcpy Host-to-Device]
19008271392,602586,385151,,,,,,,,,,456.561,757435.429,Device,,NVIDIA A100-SXM4-40GB MIG 4g.20gb (0),1,,13,[CUDA memset]
19008879578,59935,385156,,,,,,,,,,1.235,20603.806,Pinned,Device,NVIDIA A100-SXM4-40GB MIG 4g.20gb (0),1,,13,[CUDA memcpy Host-to-Device]
19008947001,18208,385157,,,,,,,,,,0.197,10797.711,Pinned,Device,NVIDIA A100-SXM4-40GB MIG 4g.20gb (0),1,,13,[CUDA memcpy Host-to-Device]
19009522194,15232,385158,69,4,1,48,1,1,76,0.002,0.000,,,,,NVIDIA A100-SXM4-40GB MIG 4g.20gb (0),1,,13,"void ch_est::windowedChEstPreNoDftSOfdmKernel<float, __half, float, (unsigned int)2, (unsigned int)1, (unsigned short)4>(ch_est::puschRxChEstStatDescr_t *, ch_est::puschRxChEstDynDescr_t *)"
19009842671,40543,385159,137,2,1,24,2,1,44,0.001,0.001,,,,,NVIDIA A100-SXM4-40GB MIG 4g.20gb (0),1,,13,"void ch_est::chEstFilterNoDftSOfdmDispatchKernel<float, __half, float, (unsigned int)2>(ch_est::puschRxChEstStatDescr_t *, ch_est::puschRxChEstDynDescr_t *)"
19010091468,9472,385160,137,2,1,24,2,1,44,0.001,0.001,,,,,NVIDIA A100-SXM4-40GB MIG 4g.20gb (0),1,,13,"void ch_est::chEstFilterNoDftSOfdmDispatchKernel<float, __half, float, (unsigned int)2>(ch_est::puschRxChEstStatDescr_t *, ch_est::puschRxChEstDynDescr_t *)"
19010243594,3776,385171,103,1,1,128,1,1,16,0.000,0.000,,,,,NVIDIA A100-SXM4-40GB MIG 4g.20gb (0),1,,13,cupy_copy__complex64_complex64
19010249578,22848,385181,1434,1,1,128,1,1,16,0.000,0.000,,,,,NVIDIA A100-SXM4-40GB MIG 4g.20gb (0),1,,13,cupy_copy__complex64_complex64
19010311082,6527,385188,103,1,1,128,1,1,16,0.000,0.000,,,,,NVIDIA A100-SXM4-40GB MIG 4g.20gb (0),1,,13,cupy_copy__complex64_complex64
19010360521,300925,385195,1,1,1,32,32,1,30,0.000,0.000,,,,,NVIDIA A100-SXM4-40GB MIG 4g.20gb (0),1,,13,"void convert_kernel<__half2, float2>(tensor_layout_any, T1 *, tensor_layout_any, const T2 *)"
19010689605,5728,385198,,,,,,,,,,0.094,16357.541,Pinned,Device,NVIDIA A100-SXM4-40GB MIG 4g.20gb (0),1,,13,[CUDA memcpy Host-to-Device]
19010753701,47647,385199,,,,,,,,,,35.810,751542.791,Device,,NVIDIA A100-SXM4-40GB MIG 4g.20gb (0),1,,13,[CUDA memset]
19010807364,3648,385201,,,,,,,,,,0.000,21.930,Pinned,Device,NVIDIA A100-SXM4-40GB MIG 4g.20gb (0),1,,13,[CUDA memcpy Host-to-Device]
19010817508,9632,385202,,,,,,,,,,0.197,20411.843,Pinned,Device,NVIDIA A100-SXM4-40GB MIG 4g.20gb (0),1,,13,[CUDA memcpy Host-to-Device]
19010916483,25887,385203,273,1,1,48,1,1,40,0.000,0.001,,,,,NVIDIA A100-SXM4-40GB MIG 4g.20gb (0),1,,13,"void pusch_noise_intf_est::noiseIntfEstNoDftSOfdmKernel<float, __half, float, float, (unsigned int)2, (unsigned int)1, (unsigned char)4, (unsigned char)4>(pusch_noise_intf_est::puschRxNoiseIntfEstDynDescr)"
19010943842,3392,385214,35,1,1,128,1,1,16,0.000,0.000,,,,,NVIDIA A100-SXM4-40GB MIG 4g.20gb (0),1,,13,cupy_copy__complex64_complex64
19010953346,2016,385223,1,1,1,1,1,1,18,0.000,0.000,,,,,NVIDIA A100-SXM4-40GB MIG 4g.20gb (0),1,,13,cupy_copy__float32_float32
19010968674,1568,385229,,,,,,,,,,0.000,2.551,Device,Pageable,NVIDIA A100-SXM4-40GB MIG 4g.20gb (0),1,,7,[CUDA memcpy Device-to-Host]
19011090177,23904,385240,1434,1,1,128,1,1,16,0.000,0.000,,,,,NVIDIA A100-SXM4-40GB MIG 4g.20gb (0),1,,13,cupy_copy__complex64_complex64
19011368926,6496,385247,103,1,1,128,1,1,16,0.000,0.000,,,,,NVIDIA A100-SXM4-40GB MIG 4g.20gb (0),1,,13,cupy_copy__complex64_complex64
19011504924,11424,385254,35,1,1,128,1,1,16,0.000,0.000,,,,,NVIDIA A100-SXM4-40GB MIG 4g.20gb (0),1,,13,cupy_copy__complex64_complex64
19011840312,3840,385261,1,1,1,1,1,1,18,0.000,0.000,,,,,NVIDIA A100-SXM4-40GB MIG 4g.20gb (0),1,,13,cupy_copy__float32_float32
19012151573,339836,385272,1,1,1,32,32,1,30,0.000,0.000,,,,,NVIDIA A100-SXM4-40GB MIG 4g.20gb (0),1,,13,"void convert_kernel<__half2, float2>(tensor_layout_any, T1 *, tensor_layout_any, const T2 *)"
19012522897,10432,385275,,,,,,,,,,0.094,8981.511,Pinned,Device,NVIDIA A100-SXM4-40GB MIG 4g.20gb (0),1,,13,[CUDA memcpy Host-to-Device]
19013458310,7264,385276,,,,,,,,,,1.547,212915.993,Device,,NVIDIA A100-SXM4-40GB MIG 4g.20gb (0),1,,13,[CUDA memset]
19013472806,3104,385281,,,,,,,,,,0.031,10082.445,Pinned,Device,NVIDIA A100-SXM4-40GB MIG 4g.20gb (0),1,,13,[CUDA memcpy Host-to-Device]
19013478438,12608,385282,,,,,,,,,,0.197,15593.767,Pinned,Device,NVIDIA A100-SXM4-40GB MIG 4g.20gb (0),1,,13,[CUDA memcpy Host-to-Device]
19013930305,17344,385283,273,1,1,8,4,1,39,0.002,0.000,,,,,NVIDIA A100-SXM4-40GB MIG 4g.20gb (0),1,,13,"void channel_eq::eqMmseCoefCompLowMimoKernel<float, float, float, (unsigned int)4, (unsigned int)1, (unsigned int)4>(const channel_eq::_puschRxChEqStatDescr *, channel_eq::_puschRxChEqCoefCompDynDescr)"
19015066068,13536,385284,273,1,1,12,11,1,51,0.002,0.000,,,,,NVIDIA A100-SXM4-40GB MIG 4g.20gb (0),1,,13,"void channel_eq::eqMmseSoftDemapKernel<float, __half, __half, float, (unsigned int)4, (unsigned short)16383>(channel_eq::_puschRxChEqStatDescr *, channel_eq::_puschRxChEqSoftDemapDynDescr)"
19015489040,722968,385285,1,1,1,32,32,1,30,0.000,0.000,,,,,NVIDIA A100-SXM4-40GB MIG 4g.20gb (0),1,,13,"void convert_kernel<float2, __half2>(tensor_layout_any, T1 *, tensor_layout_any, const T2 *)"
19016437925,14080,385297,2253,1,1,128,1,1,16,0.000,0.000,,,,,NVIDIA A100-SXM4-40GB MIG 4g.20gb (0),1,,13,cupy_copy__float16_float16
19016453797,4032,385306,282,1,1,128,1,1,16,0.000,0.000,,,,,NVIDIA A100-SXM4-40GB MIG 4g.20gb (0),1,,13,cupy_copy__complex64_complex64
19016554308,3808,385315,26,1,1,128,1,1,16,0.000,0.000,,,,,NVIDIA A100-SXM4-40GB MIG 4g.20gb (0),1,,13,cupy_copy__float32_float32
19016562436,5088,385324,103,1,1,128,1,1,16,0.000,0.000,,,,,NVIDIA A100-SXM4-40GB MIG 4g.20gb (0),1,,13,cupy_copy__complex64_complex64
19016569572,12479,385334,1434,1,1,128,1,1,16,0.000,0.000,,,,,NVIDIA A100-SXM4-40GB MIG 4g.20gb (0),1,,13,cupy_copy__complex64_complex64
19016583459,79488,385339,1,1,1,32,32,1,30,0.000,0.000,,,,,NVIDIA A100-SXM4-40GB MIG 4g.20gb (0),1,,13,"void convert_kernel<__half2, float2>(tensor_layout_any, T1 *, tensor_layout_any, const T2 *)"
19016692770,5440,385342,,,,,,,,,,0.094,17223.480,Pinned,Device,NVIDIA A100-SXM4-40GB MIG 4g.20gb (0),1,,13,[CUDA memcpy Host-to-Device]
19016703490,614681,385343,,,,,,,,,,456.561,742368.901,Device,,NVIDIA A100-SXM4-40GB MIG 4g.20gb (0),1,,13,[CUDA memset]
19017326779,51776,385348,,,,,,,,,,1.235,23850.473,Pinned,Device,NVIDIA A100-SXM4-40GB MIG 4g.20gb (0),1,,13,[CUDA memcpy Host-to-Device]
19017382586,10624,385349,,,,,,,,,,0.197,18505.925,Pinned,Device,NVIDIA A100-SXM4-40GB MIG 4g.20gb (0),1,,13,[CUDA memcpy Host-to-Device]
19017541465,33151,385350,69,4,1,48,1,1,76,0.002,0.000,,,,,NVIDIA A100-SXM4-40GB MIG 4g.20gb (0),1,,13,"void ch_est::windowedChEstPreNoDftSOfdmKernel<float, __half, float, (unsigned int)2, (unsigned int)1, (unsigned short)4>(ch_est::puschRxChEstStatDescr_t *, ch_est::puschRxChEstDynDescr_t *)"
19017743670,36320,385351,137,2,1,24,2,1,44,0.001,0.001,,,,,NVIDIA A100-SXM4-40GB MIG 4g.20gb (0),1,,13,"void ch_est::chEstFilterNoDftSOfdmDispatchKernel<float, __half, float, (unsigned int)2>(ch_est::puschRxChEstStatDescr_t *, ch_est::puschRxChEstDynDescr_t *)"
19017815510,9408,385352,137,2,1,24,2,1,44,0.001,0.001,,,,,NVIDIA A100-SXM4-40GB MIG 4g.20gb (0),1,,13,"void ch_est::chEstFilterNoDftSOfdmDispatchKernel<float, __half, float, (unsigned int)2>(ch_est::puschRxChEstStatDescr_t *, ch_est::puschRxChEstDynDescr_t *)"
19017915061,7423,385363,103,1,1,128,1,1,16,0.000,0.000,,,,,NVIDIA A100-SXM4-40GB MIG 4g.20gb (0),1,,13,cupy_copy__complex64_complex64
19018093651,23487,385373,1434,1,1,128,1,1,16,0.000,0.000,,,,,NVIDIA A100-SXM4-40GB MIG 4g.20gb (0),1,,13,cupy_copy__complex64_complex64
19018199985,7584,385380,103,1,1,128,1,1,16,0.000,0.000,,,,,NVIDIA A100-SXM4-40GB MIG 4g.20gb (0),1,,13,cupy_copy__complex64_complex64
19018377775,251966,385387,1,1,1,32,32,1,30,0.000,0.000,,,,,NVIDIA A100-SXM4-40GB MIG 4g.20gb (0),1,,13,"void convert_kernel<__half2, float2>(tensor_layout_any, T1 *, tensor_layout_any, const T2 *)"
19018657324,7904,385390,,,,,,,,,,0.094,11854.231,Pinned,Device,NVIDIA A100-SXM4-40GB MIG 4g.20gb (0),1,,13,[CUDA memcpy Host-to-Device]
19018828778,59456,385391,,,,,,,,,,35.810,602287.044,Device,,NVIDIA A100-SXM4-40GB MIG 4g.20gb (0),1,,13,[CUDA memset]
19018888746,2816,385393,,,,,,,,,,0.000,28.409,Pinned,Device,NVIDIA A100-SXM4-40GB MIG 4g.20gb (0),1,,13,[CUDA memcpy Host-to-Device]
19018896074,10143,385394,,,,,,,,,,0.197,19383.583,Pinned,Device,NVIDIA A100-SXM4-40GB MIG 4g.20gb (0),1,,13,[CUDA memcpy Host-to-Device]
19019308101,24096,385395,273,1,1,48,1,1,40,0.000,0.001,,,,,NVIDIA A100-SXM4-40GB MIG 4g.20gb (0),1,,13,"void pusch_noise_intf_est::noiseIntfEstNoDftSOfdmKernel<float, __half, float, float, (unsigned int)2, (unsigned int)1, (unsigned char)4, (unsigned char)4>(pusch_noise_intf_est::puschRxNoiseIntfEstDynDescr)"
19019737024,7904,385406,35,1,1,128,1,1,16,0.000,0.000,,,,,NVIDIA A100-SXM4-40GB MIG 4g.20gb (0),1,,13,cupy_copy__complex64_complex64
19020043773,3712,385415,1,1,1,1,1,1,18,0.000,0.000,,,,,NVIDIA A100-SXM4-40GB MIG 4g.20gb (0),1,,13,cupy_copy__float32_float32
19020056893,4544,385421,,,,,,,,,,0.000,0.880,Device,Pageable,NVIDIA A100-SXM4-40GB MIG 4g.20gb (0),1,,7,[CUDA memcpy Device-to-Host]
19020463416,17184,385432,1434,1,1,128,1,1,16,0.000,0.000,,,,,NVIDIA A100-SXM4-40GB MIG 4g.20gb (0),1,,13,cupy_copy__complex64_complex64
19020776853,18687,385439,103,1,1,128,1,1,16,0.000,0.000,,,,,NVIDIA A100-SXM4-40GB MIG 4g.20gb (0),1,,13,cupy_copy__complex64_complex64
19021025362,6944,385446,35,1,1,128,1,1,16,0.000,0.000,,,,,NVIDIA A100-SXM4-40GB MIG 4g.20gb (0),1,,13,cupy_copy__complex64_complex64
19021129009,3040,385453,1,1,1,1,1,1,18,0.000,0.000,,,,,NVIDIA A100-SXM4-40GB MIG 4g.20gb (0),1,,13,cupy_copy__float32_float32
19021223632,351708,385464,1,1,1,32,32,1,30,0.000,0.000,,,,,NVIDIA A100-SXM4-40GB MIG 4g.20gb (0),1,,13,"void convert_kernel<__half2, float2>(tensor_layout_any, T1 *, tensor_layout_any, const T2 *)"
19021604299,5760,385467,,,,,,,,,,0.094,16266.656,Pinned,Device,NVIDIA A100-SXM4-40GB MIG 4g.20gb (0),1,,13,[CUDA memcpy Host-to-Device]
19021682250,3872,385468,,,,,,,,,,1.547,399437.301,Device,,NVIDIA A100-SXM4-40GB MIG 4g.20gb (0),1,,13,[CUDA memset]
19021691626,4224,385473,,,,,,,,,,0.031,7409.078,Pinned,Device,NVIDIA A100-SXM4-40GB MIG 4g.20gb (0),1,,13,[CUDA memcpy Host-to-Device]
19021698538,9696,385474,,,,,,,,,,0.197,20277.166,Pinned,Device,NVIDIA A100-SXM4-40GB MIG 4g.20gb (0),1,,13,[CUDA memcpy Host-to-Device]
19021713066,7424,385475,273,1,1,8,4,1,39,0.002,0.000,,,,,NVIDIA A100-SXM4-40GB MIG 4g.20gb (0),1,,13,"void channel_eq::eqMmseCoefCompLowMimoKernel<float, float, float, (unsigned int)4, (unsigned int)1, (unsigned int)4>(const channel_eq::_puschRxChEqStatDescr *, channel_eq::_puschRxChEqCoefCompDynDescr)"
19021721706,7648,385476,273,1,1,12,11,1,51,0.002,0.000,,,,,NVIDIA A100-SXM4-40GB MIG 4g.20gb (0),1,,13,"void channel_eq::eqMmseSoftDemapKernel<float, __half, __half, float, (unsigned int)4, (unsigned short)16383>(channel_eq::_puschRxChEqStatDescr *, channel_eq::_puschRxChEqSoftDemapDynDescr)"
19021730922,281853,385477,1,1,1,32,32,1,30,0.000,0.000,,,,,NVIDIA A100-SXM4-40GB MIG 4g.20gb (0),1,,13,"void convert_kernel<float2, __half2>(tensor_layout_any, T1 *, tensor_layout_any, const T2 *)"
19022014791,10560,385489,2253,1,1,128,1,1,16,0.000,0.000,,,,,NVIDIA A100-SXM4-40GB MIG 4g.20gb (0),1,,13,cupy_copy__float16_float16
19022027175,2880,385498,282,1,1,128,1,1,16,0.000,0.000,,,,,NVIDIA A100-SXM4-40GB MIG 4g.20gb (0),1,,13,cupy_copy__complex64_complex64
19022031879,2079,385507,26,1,1,128,1,1,16,0.000,0.000,,,,,NVIDIA A100-SXM4-40GB MIG 4g.20gb (0),1,,13,cupy_copy__float32_float32
19022035878,2944,385516,103,1,1,128,1,1,16,0.000,0.000,,,,,NVIDIA A100-SXM4-40GB MIG 4g.20gb (0),1,,13,cupy_copy__complex64_complex64
19022040998,12416,385526,1434,1,1,128,1,1,16,0.000,0.000,,,,,NVIDIA A100-SXM4-40GB MIG 4g.20gb (0),1,,13,cupy_copy__complex64_complex64
19022055270,79519,385531,1,1,1,32,32,1,30,0.000,0.000,,,,,NVIDIA A100-SXM4-40GB MIG 4g.20gb (0),1,,13,"void convert_kernel<__half2, float2>(tensor_layout_any, T1 *, tensor_layout_any, const T2 *)"
19022163717,5472,385534,,,,,,,,,,0.094,17122.757,Pinned,Device,NVIDIA A100-SXM4-40GB MIG 4g.20gb (0),1,,13,[CUDA memcpy Host-to-Device]
19022204069,611449,385535,,,,,,,,,,456.561,746477.954,Device,,NVIDIA A100-SXM4-40GB MIG 4g.20gb (0),1,,13,[CUDA memset]
19022817246,51743,385540,,,,,,,,,,1.235,23866.528,Pinned,Device,NVIDIA A100-SXM4-40GB MIG 4g.20gb (0),1,,13,[CUDA memcpy Host-to-Device]
19022871581,9600,385541,,,,,,,,,,0.197,20479.869,Pinned,Device,NVIDIA A100-SXM4-40GB MIG 4g.20gb (0),1,,13,[CUDA memcpy Host-to-Device]
19022927453,8639,385542,69,4,1,48,1,1,76,0.002,0.000,,,,,NVIDIA A100-SXM4-40GB MIG 4g.20gb (0),1,,13,"void ch_est::windowedChEstPreNoDftSOfdmKernel<float, __half, float, (unsigned int)2, (unsigned int)1, (unsigned short)4>(ch_est::puschRxChEstStatDescr_t *, ch_est::puschRxChEstDynDescr_t *)"
19022937468,23520,385543,137,2,1,24,2,1,44,0.001,0.001,,,,,NVIDIA A100-SXM4-40GB MIG 4g.20gb (0),1,,13,"void ch_est::chEstFilterNoDftSOfdmDispatchKernel<float, __half, float, (unsigned int)2>(ch_est::puschRxChEstStatDescr_t *, ch_est::puschRxChEstDynDescr_t *)"
19023109306,14912,385544,137,2,1,24,2,1,44,0.001,0.001,,,,,NVIDIA A100-SXM4-40GB MIG 4g.20gb (0),1,,13,"void ch_est::chEstFilterNoDftSOfdmDispatchKernel<float, __half, float, (unsigned int)2>(ch_est::puschRxChEstStatDescr_t *, ch_est::puschRxChEstDynDescr_t *)"
19023448695,5952,385555,103,1,1,128,1,1,16,0.000,0.000,,,,,NVIDIA A100-SXM4-40GB MIG 4g.20gb (0),1,,13,cupy_copy__complex64_complex64
19023586677,18112,385565,1434,1,1,128,1,1,16,0.000,0.000,,,,,NVIDIA A100-SXM4-40GB MIG 4g.20gb (0),1,,13,cupy_copy__complex64_complex64
19023926641,6336,385572,103,1,1,128,1,1,16,0.000,0.000,,,,,NVIDIA A100-SXM4-40GB MIG 4g.20gb (0),1,,13,cupy_copy__complex64_complex64
19024067408,213853,385579,1,1,1,32,32,1,30,0.000,0.000,,,,,NVIDIA A100-SXM4-40GB MIG 4g.20gb (0),1,,13,"void convert_kernel<__half2, float2>(tensor_layout_any, T1 *, tensor_layout_any, const T2 *)"
19024827111,6048,385582,,,,,,,,,,0.094,15491.978,Pinned,Device,NVIDIA A100-SXM4-40GB MIG 4g.20gb (0),1,,13,[CUDA memcpy Host-to-Device]
19025165507,49664,385583,,,,,,,,,,35.810,721032.739,Device,,NVIDIA A100-SXM4-40GB MIG 4g.20gb (0),1,,13,[CUDA memset]
19025216131,2112,385585,,,,,,,,,,0.000,37.879,Pinned,Device,NVIDIA A100-SXM4-40GB MIG 4g.20gb (0),1,,13,[CUDA memcpy Host-to-Device]
19025220675,10016,385586,,,,,,,,,,0.197,19629.343,Pinned,Device,NVIDIA A100-SXM4-40GB MIG 4g.20gb (0),1,,13,[CUDA memcpy Host-to-Device]
19025799068,16768,385587,273,1,1,48,1,1,40,0.000,0.001,,,,,NVIDIA A100-SXM4-40GB MIG 4g.20gb (0),1,,13,"void pusch_noise_intf_est::noiseIntfEstNoDftSOfdmKernel<float, __half, float, float, (unsigned int)2, (unsigned int)1, (unsigned char)4, (unsigned char)4>(pusch_noise_intf_est::puschRxNoiseIntfEstDynDescr)"
19026276471,6208,385598,35,1,1,128,1,1,16,0.000,0.000,,,,,NVIDIA A100-SXM4-40GB MIG 4g.20gb (0),1,,13,cupy_copy__complex64_complex64
19026734258,3808,385607,1,1,1,1,1,1,18,0.000,0.000,,,,,NVIDIA A100-SXM4-40GB MIG 4g.20gb (0),1,,13,cupy_copy__float32_float32
19026742706,1856,385613,,,,,,,,,,0.000,2.155,Device,Pageable,NVIDIA A100-SXM4-40GB MIG 4g.20gb (0),1,,7,[CUDA memcpy Device-to-Host]
19027328075,18592,385624,1434,1,1,128,1,1,16,0.000,0.000,,,,,NVIDIA A100-SXM4-40GB MIG 4g.20gb (0),1,,13,cupy_copy__complex64_complex64
19027580169,4639,385631,103,1,1,128,1,1,16,0.000,0.000,,,,,NVIDIA A100-SXM4-40GB MIG 4g.20gb (0),1,,13,cupy_copy__complex64_complex64
19027918693,8736,385638,35,1,1,128,1,1,16,0.000,0.000,,,,,NVIDIA A100-SXM4-40GB MIG 4g.20gb (0),1,,13,cupy_copy__complex64_complex64
19028033859,3552,385645,1,1,1,1,1,1,18,0.000,0.000,,,,,NVIDIA A100-SXM4-40GB MIG 4g.20gb (0),1,,13,cupy_copy__float32_float32
19028355328,289149,385656,1,1,1,32,32,1,30,0.000,0.000,,,,,NVIDIA A100-SXM4-40GB MIG 4g.20gb (0),1,,13,"void convert_kernel<__half2, float2>(tensor_layout_any, T1 *, tensor_layout_any, const T2 *)"
19028675964,5568,385659,,,,,,,,,,0.094,16827.521,Pinned,Device,NVIDIA A100-SXM4-40GB MIG 4g.20gb (0),1,,13,[CUDA memcpy Host-to-Device]
19028692572,3520,385660,,,,,,,,,,1.547,439380.412,Device,,NVIDIA A100-SXM4-40GB MIG 4g.20gb (0),1,,13,[CUDA memset]
19028698172,3392,385665,,,,,,,,,,0.031,9226.405,Pinned,Device,NVIDIA A100-SXM4-40GB MIG 4g.20gb (0),1,,13,[CUDA memcpy Host-to-Device]
19028704092,9344,385666,,,,,,,,,,0.197,21040.988,Pinned,Device,NVIDIA A100-SXM4-40GB MIG 4g.20gb (0),1,,13,[CUDA memcpy Host-to-Device]
19028798203,36191,385667,273,1,1,8,4,1,39,0.002,0.000,,,,,NVIDIA A100-SXM4-40GB MIG 4g.20gb (0),1,,13,"void channel_eq::eqMmseCoefCompLowMimoKernel<float, float, float, (unsigned int)4, (unsigned int)1, (unsigned int)4>(const channel_eq::_puschRxChEqStatDescr *, channel_eq::_puschRxChEqCoefCompDynDescr)"
19028851546,11296,385668,273,1,1,12,11,1,51,0.002,0.000,,,,,NVIDIA A100-SXM4-40GB MIG 4g.20gb (0),1,,13,"void channel_eq::eqMmseSoftDemapKernel<float, __half, __half, float, (unsigned int)4, (unsigned short)16383>(channel_eq::_puschRxChEqStatDescr *, channel_eq::_puschRxChEqSoftDemapDynDescr)"
19028952633,767096,385669,1,1,1,32,32,1,30,0.000,0.000,,,,,NVIDIA A100-SXM4-40GB MIG 4g.20gb (0),1,,13,"void convert_kernel<float2, __half2>(tensor_layout_any, T1 *, tensor_layout_any, const T2 *)"
19029741200,13952,385681,2253,1,1,128,1,1,16,0.000,0.000,,,,,NVIDIA A100-SXM4-40GB MIG 4g.20gb (0),1,,13,cupy_copy__float16_float16
19029757712,3936,385690,282,1,1,128,1,1,16,0.000,0.000,,,,,NVIDIA A100-SXM4-40GB MIG 4g.20gb (0),1,,13,cupy_copy__complex64_complex64
19029848687,4832,385699,26,1,1,128,1,1,16,0.000,0.000,,,,,NVIDIA A100-SXM4-40GB MIG 4g.20gb (0),1,,13,cupy_copy__float32_float32
19029855279,4064,385708,103,1,1,128,1,1,16,0.000,0.000,,,,,NVIDIA A100-SXM4-40GB MIG 4g.20gb (0),1,,13,cupy_copy__complex64_complex64
19029951822,17792,385718,1434,1,1,128,1,1,16,0.000,0.000,,,,,NVIDIA A100-SXM4-40GB MIG 4g.20gb (0),1,,13,cupy_copy__complex64_complex64
19029971726,85567,385723,1,1,1,32,32,1,30,0.000,0.000,,,,,NVIDIA A100-SXM4-40GB MIG 4g.20gb (0),1,,13,"void convert_kernel<__half2, float2>(tensor_layout_any, T1 *, tensor_layout_any, const T2 *)"
19030085484,5536,385726,,,,,,,,,,0.094,16924.777,Pinned,Device,NVIDIA A100-SXM4-40GB MIG 4g.20gb (0),1,,13,[CUDA memcpy Host-to-Device]
19030123436,613177,385727,,,,,,,,,,456.561,744195.147,Device,,NVIDIA A100-SXM4-40GB MIG 4g.20gb (0),1,,13,[CUDA memset]
19030744421,52384,385732,,,,,,,,,,1.235,23573.846,Pinned,Device,NVIDIA A100-SXM4-40GB MIG 4g.20gb (0),1,,13,[CUDA memcpy Host-to-Device]
19030799365,10335,385733,,,,,,,,,,0.197,19023.397,Pinned,Device,NVIDIA A100-SXM4-40GB MIG 4g.20gb (0),1,,13,[CUDA memcpy Host-to-Device]
19030937763,15904,385734,69,4,1,48,1,1,76,0.002,0.000,,,,,NVIDIA A100-SXM4-40GB MIG 4g.20gb (0),1,,13,"void ch_est::windowedChEstPreNoDftSOfdmKernel<float, __half, float, (unsigned int)2, (unsigned int)1, (unsigned short)4>(ch_est::puschRxChEstStatDescr_t *, ch_est::puschRxChEstDynDescr_t *)"
19031362046,14144,385735,137,2,1,24,2,1,44,0.001,0.001,,,,,NVIDIA A100-SXM4-40GB MIG 4g.20gb (0),1,,13,"void ch_est::chEstFilterNoDftSOfdmDispatchKernel<float, __half, float, (unsigned int)2>(ch_est::puschRxChEstStatDescr_t *, ch_est::puschRxChEstDynDescr_t *)"
19031780474,14783,385736,137,2,1,24,2,1,44,0.001,0.001,,,,,NVIDIA A100-SXM4-40GB MIG 4g.20gb (0),1,,13,"void ch_est::chEstFilterNoDftSOfdmDispatchKernel<float, __half, float, (unsigned int)2>(ch_est::puschRxChEstStatDescr_t *, ch_est::puschRxChEstDynDescr_t *)"
19032054678,14752,385747,103,1,1,128,1,1,16,0.000,0.000,,,,,NVIDIA A100-SXM4-40GB MIG 4g.20gb (0),1,,13,cupy_copy__complex64_complex64
19032295444,16832,385757,1434,1,1,128,1,1,16,0.000,0.000,,,,,NVIDIA A100-SXM4-40GB MIG 4g.20gb (0),1,,13,cupy_copy__complex64_complex64
19032619184,3872,385764,103,1,1,128,1,1,16,0.000,0.000,,,,,NVIDIA A100-SXM4-40GB MIG 4g.20gb (0),1,,13,cupy_copy__complex64_complex64
19032892429,287229,385771,1,1,1,32,32,1,30,0.000,0.000,,,,,NVIDIA A100-SXM4-40GB MIG 4g.20gb (0),1,,13,"void convert_kernel<__half2, float2>(tensor_layout_any, T1 *, tensor_layout_any, const T2 *)"
19033209034,6496,385774,,,,,,,,,,0.094,14423.562,Pinned,Device,NVIDIA A100-SXM4-40GB MIG 4g.20gb (0),1,,13,[CUDA memcpy Host-to-Device]
19033448423,48351,385775,,,,,,,,,,35.810,740620.765,Device,,NVIDIA A100-SXM4-40GB MIG 4g.20gb (0),1,,13,[CUDA memset]
19033503046,2464,385777,,,,,,,,,,0.000,32.468,Pinned,Device,NVIDIA A100-SXM4-40GB MIG 4g.20gb (0),1,,13,[CUDA memcpy Host-to-Device]
19033508582,10816,385778,,,,,,,,,,0.197,18177.393,Pinned,Device,NVIDIA A100-SXM4-40GB MIG 4g.20gb (0),1,,13,[CUDA memcpy Host-to-Device]
19033808483,19232,385779,273,1,1,48,1,1,40,0.000,0.001,,,,,NVIDIA A100-SXM4-40GB MIG 4g.20gb (0),1,,13,"void pusch_noise_intf_est::noiseIntfEstNoDftSOfdmKernel<float, __half, float, float, (unsigned int)2, (unsigned int)1, (unsigned char)4, (unsigned char)4>(pusch_noise_intf_est::puschRxNoiseIntfEstDynDescr)"
19034120479,3904,385790,35,1,1,128,1,1,16,0.000,0.000,,,,,NVIDIA A100-SXM4-40GB MIG 4g.20gb (0),1,,13,cupy_copy__complex64_complex64
19034292157,4704,385799,1,1,1,1,1,1,18,0.000,0.000,,,,,NVIDIA A100-SXM4-40GB MIG 4g.20gb (0),1,,13,cupy_copy__float32_float32
19034303325,1664,385805,,,,,,,,,,0.000,2.404,Device,Pageable,NVIDIA A100-SXM4-40GB MIG 4g.20gb (0),1,,7,[CUDA memcpy Device-to-Host]
19034603130,21504,385816,1434,1,1,128,1,1,16,0.000,0.000,,,,,NVIDIA A100-SXM4-40GB MIG 4g.20gb (0),1,,13,cupy_copy__complex64_complex64
19034803288,5120,385823,103,1,1,128,1,1,16,0.000,0.000,,,,,NVIDIA A100-SXM4-40GB MIG 4g.20gb (0),1,,13,cupy_copy__complex64_complex64
19034948150,3680,385830,35,1,1,128,1,1,16,0.000,0.000,,,,,NVIDIA A100-SXM4-40GB MIG 4g.20gb (0),1,,13,cupy_copy__complex64_complex64
19034954102,4800,385837,1,1,1,1,1,1,18,0.000,0.000,,,,,NVIDIA A100-SXM4-40GB MIG 4g.20gb (0),1,,13,cupy_copy__float32_float32
19035093909,229245,385848,1,1,1,32,32,1,30,0.000,0.000,,,,,NVIDIA A100-SXM4-40GB MIG 4g.20gb (0),1,,13,"void convert_kernel<__half2, float2>(tensor_layout_any, T1 *, tensor_layout_any, const T2 *)"
19035352818,5504,385851,,,,,,,,,,0.094,17023.251,Pinned,Device,NVIDIA A100-SXM4-40GB MIG 4g.20gb (0),1,,13,[CUDA memcpy Host-to-Device]
19035444849,4608,385852,,,,,,,,,,1.547,335637.514,Device,,NVIDIA A100-SXM4-40GB MIG 4g.20gb (0),1,,13,[CUDA memset]
19035451249,3327,385857,,,,,,,,,,0.031,9406.670,Pinned,Device,NVIDIA A100-SXM4-40GB MIG 4g.20gb (0),1,,13,[CUDA memcpy Host-to-Device]
19035457520,9824,385858,,,,,,,,,,0.197,20012.925,Pinned,Device,NVIDIA A100-SXM4-40GB MIG 4g.20gb (0),1,,13,[CUDA memcpy Host-to-Device]
19035589359,10784,385859,273,1,1,8,4,1,39,0.002,0.000,,,,,NVIDIA A100-SXM4-40GB MIG 4g.20gb (0),1,,13,"void channel_eq::eqMmseCoefCompLowMimoKernel<float, float, float, (unsigned int)4, (unsigned int)1, (unsigned int)4>(const channel_eq::_puschRxChEqStatDescr *, channel_eq::_puschRxChEqCoefCompDynDescr)"
19035732973,10368,385860,273,1,1,12,11,1,51,0.002,0.000,,,,,NVIDIA A100-SXM4-40GB MIG 4g.20gb (0),1,,13,"void channel_eq::eqMmseSoftDemapKernel<float, __half, __half, float, (unsigned int)4, (unsigned short)16383>(channel_eq::_puschRxChEqStatDescr *, channel_eq::_puschRxChEqSoftDemapDynDescr)"
19035877836,682232,385861,1,1,1,32,32,1,30,0.000,0.000,,,,,NVIDIA A100-SXM4-40GB MIG 4g.20gb (0),1,,13,"void convert_kernel<float2, __half2>(tensor_layout_any, T1 *, tensor_layout_any, const T2 *)"
19036774434,14880,385873,2253,1,1,128,1,1,16,0.000,0.000,,,,,NVIDIA A100-SXM4-40GB MIG 4g.20gb (0),1,,13,cupy_copy__float16_float16
19037062943,8447,385882,282,1,1,128,1,1,16,0.000,0.000,,,,,NVIDIA A100-SXM4-40GB MIG 4g.20gb (0),1,,13,cupy_copy__complex64_complex64
19037257596,3360,385891,26,1,1,128,1,1,16,0.000,0.000,,,,,NVIDIA A100-SXM4-40GB MIG 4g.20gb (0),1,,13,cupy_copy__float32_float32
19037728247,5632,385900,103,1,1,128,1,1,16,0.000,0.000,,,,,NVIDIA A100-SXM4-40GB MIG 4g.20gb (0),1,,13,cupy_copy__complex64_complex64
19038065939,18464,385910,1434,1,1,128,1,1,16,0.000,0.000,,,,,NVIDIA A100-SXM4-40GB MIG 4g.20gb (0),1,,13,cupy_copy__complex64_complex64
19038643437,282493,385915,1,1,1,32,32,1,30,0.000,0.000,,,,,NVIDIA A100-SXM4-40GB MIG 4g.20gb (0),1,,13,"void convert_kernel<__half2, float2>(tensor_layout_any, T1 *, tensor_layout_any, const T2 *)"
19038955401,6368,385918,,,,,,,,,,0.094,14713.551,Pinned,Device,NVIDIA A100-SXM4-40GB MIG 4g.20gb (0),1,,13,[CUDA memcpy Host-to-Device]
19039388229,609561,385919,,,,,,,,,,456.561,748760.762,Device,,NVIDIA A100-SXM4-40GB MIG 4g.20gb (0),1,,13,[CUDA memset]
19040005374,51519,385924,,,,,,,,,,1.235,23970.263,Pinned,Device,NVIDIA A100-SXM4-40GB MIG 4g.20gb (0),1,,13,[CUDA memcpy Host-to-Device]
19040059677,10848,385925,,,,,,,,,,0.197,18123.719,Pinned,Device,NVIDIA A100-SXM4-40GB MIG 4g.20gb (0),1,,13,[CUDA memcpy Host-to-Device]
19040584311,11776,385926,69,4,1,48,1,1,76,0.002,0.000,,,,,NVIDIA A100-SXM4-40GB MIG 4g.20gb (0),1,,13,"void ch_est::windowedChEstPreNoDftSOfdmKernel<float, __half, float, (unsigned int)2, (unsigned int)1, (unsigned short)4>(ch_est::puschRxChEstStatDescr_t *, ch_est::puschRxChEstDynDescr_t *)"
19041173009,12319,385927,137,2,1,24,2,1,44,0.001,0.001,,,,,NVIDIA A100-SXM4-40GB MIG 4g.20gb (0),1,,13,"void ch_est::chEstFilterNoDftSOfdmDispatchKernel<float, __half, float, (unsigned int)2>(ch_est::puschRxChEstStatDescr_t *, ch_est::puschRxChEstDynDescr_t *)"
19041755946,11840,385928,137,2,1,24,2,1,44,0.001,0.001,,,,,NVIDIA A100-SXM4-40GB MIG 4g.20gb (0),1,,13,"void ch_est::chEstFilterNoDftSOfdmDispatchKernel<float, __half, float, (unsigned int)2>(ch_est::puschRxChEstStatDescr_t *, ch_est::puschRxChEstDynDescr_t *)"
19042140070,4224,385939,103,1,1,128,1,1,16,0.000,0.000,,,,,NVIDIA A100-SXM4-40GB MIG 4g.20gb (0),1,,13,cupy_copy__complex64_complex64
19042420067,20255,385949,1434,1,1,128,1,1,16,0.000,0.000,,,,,NVIDIA A100-SXM4-40GB MIG 4g.20gb (0),1,,13,cupy_copy__complex64_complex64
19042539969,4352,385956,103,1,1,128,1,1,16,0.000,0.000,,,,,NVIDIA A100-SXM4-40GB MIG 4g.20gb (0),1,,13,cupy_copy__complex64_complex64
19042650496,281501,385963,1,1,1,32,32,1,30,0.000,0.000,,,,,NVIDIA A100-SXM4-40GB MIG 4g.20gb (0),1,,13,"void convert_kernel<__half2, float2>(tensor_layout_any, T1 *, tensor_layout_any, const T2 *)"
19042962429,5343,385966,,,,,,,,,,0.094,17536.143,Pinned,Device,NVIDIA A100-SXM4-40GB MIG 4g.20gb (0),1,,13,[CUDA memcpy Host-to-Device]
19042991420,50240,385967,,,,,,,,,,35.810,712760.648,Device,,NVIDIA A100-SXM4-40GB MIG 4g.20gb (0),1,,13,[CUDA memset]
19043048380,1856,385969,,,,,,,,,,0.000,43.103,Pinned,Device,NVIDIA A100-SXM4-40GB MIG 4g.20gb (0),1,,13,[CUDA memcpy Host-to-Device]
19043052668,9311,385970,,,,,,,,,,0.197,21115.503,Pinned,Device,NVIDIA A100-SXM4-40GB MIG 4g.20gb (0),1,,13,[CUDA memcpy Host-to-Device]
19043066171,8864,385971,273,1,1,48,1,1,40,0.000,0.001,,,,,NVIDIA A100-SXM4-40GB MIG 4g.20gb (0),1,,13,"void pusch_noise_intf_est::noiseIntfEstNoDftSOfdmKernel<float, __half, float, float, (unsigned int)2, (unsigned int)1, (unsigned char)4, (unsigned char)4>(pusch_noise_intf_est::puschRxNoiseIntfEstDynDescr)"
19043076955,2912,385982,35,1,1,128,1,1,16,0.000,0.000,,,,,NVIDIA A100-SXM4-40GB MIG 4g.20gb (0),1,,13,cupy_copy__complex64_complex64
19043091931,1920,385991,1,1,1,1,1,1,18,0.000,0.000,,,,,NVIDIA A100-SXM4-40GB MIG 4g.20gb (0),1,,13,cupy_copy__float32_float32
19043127451,1600,385997,,,,,,,,,,0.000,2.500,Device,Pageable,NVIDIA A100-SXM4-40GB MIG 4g.20gb (0),1,,7,[CUDA memcpy Device-to-Host]
19043187578,13440,386008,1434,1,1,128,1,1,16,0.000,0.000,,,,,NVIDIA A100-SXM4-40GB MIG 4g.20gb (0),1,,13,cupy_copy__complex64_complex64
19043213146,2848,386015,103,1,1,128,1,1,16,0.000,0.000,,,,,NVIDIA A100-SXM4-40GB MIG 4g.20gb (0),1,,13,cupy_copy__complex64_complex64
19043233114,2240,386022,35,1,1,128,1,1,16,0.000,0.000,,,,,NVIDIA A100-SXM4-40GB MIG 4g.20gb (0),1,,13,cupy_copy__complex64_complex64
19043251129,1920,386029,1,1,1,1,1,1,18,0.000,0.000,,,,,NVIDIA A100-SXM4-40GB MIG 4g.20gb (0),1,,13,cupy_copy__float32_float32
19043387928,78655,386040,1,1,1,32,32,1,30,0.000,0.000,,,,,NVIDIA A100-SXM4-40GB MIG 4g.20gb (0),1,,13,"void convert_kernel<__half2, float2>(tensor_layout_any, T1 *, tensor_layout_any, const T2 *)"
19043495351,5344,386043,,,,,,,,,,0.094,17532.864,Pinned,Device,NVIDIA A100-SXM4-40GB MIG 4g.20gb (0),1,,13,[CUDA memcpy Host-to-Device]
19043509494,3136,386044,,,,,,,,,,1.547,493182.821,Device,,NVIDIA A100-SXM4-40GB MIG 4g.20gb (0),1,,13,[CUDA memset]
19043515990,3040,386049,,,,,,,,,,0.031,10294.725,Pinned,Device,NVIDIA A100-SXM4-40GB MIG 4g.20gb (0),1,,13,[CUDA memcpy Host-to-Device]
19043521462,9344,386050,,,,,,,,,,0.197,21040.988,Pinned,Device,NVIDIA A100-SXM4-40GB MIG 4g.20gb (0),1,,13,[CUDA memcpy Host-to-Device]
19043534710,6304,386051,273,1,1,8,4,1,39,0.002,0.000,,,,,NVIDIA A100-SXM4-40GB MIG 4g.20gb (0),1,,13,"void channel_eq::eqMmseCoefCompLowMimoKernel<float, float, float, (unsigned int)4, (unsigned int)1, (unsigned int)4>(const channel_eq::_puschRxChEqStatDescr *, channel_eq::_puschRxChEqCoefCompDynDescr)"
19043542358,5632,386052,273,1,1,12,11,1,51,0.002,0.000,,,,,NVIDIA A100-SXM4-40GB MIG 4g.20gb (0),1,,13,"void channel_eq::eqMmseSoftDemapKernel<float, __half, __half, float, (unsigned int)4, (unsigned short)16383>(channel_eq::_puschRxChEqStatDescr *, channel_eq::_puschRxChEqSoftDemapDynDescr)"
19043550198,334332,386053,1,1,1,32,32,1,30,0.000,0.000,,,,,NVIDIA A100-SXM4-40GB MIG 4g.20gb (0),1,,13,"void convert_kernel<float2, __half2>(tensor_layout_any, T1 *, tensor_layout_any, const T2 *)"
19044044112,15296,386065,2253,1,1,128,1,1,16,0.000,0.000,,,,,NVIDIA A100-SXM4-40GB MIG 4g.20gb (0),1,,13,cupy_copy__float16_float16
19044238030,4096,386074,282,1,1,128,1,1,16,0.000,0.000,,,,,NVIDIA A100-SXM4-40GB MIG 4g.20gb (0),1,,13,cupy_copy__complex64_complex64
19044247278,3040,386083,26,1,1,128,1,1,16,0.000,0.000,,,,,NVIDIA A100-SXM4-40GB MIG 4g.20gb (0),1,,13,cupy_copy__float32_float32
19044252238,3296,386092,103,1,1,128,1,1,16,0.000,0.000,,,,,NVIDIA A100-SXM4-40GB MIG 4g.20gb (0),1,,13,cupy_copy__complex64_complex64
19044257742,12480,386102,1434,1,1,128,1,1,16,0.000,0.000,,,,,NVIDIA A100-SXM4-40GB MIG 4g.20gb (0),1,,13,cupy_copy__complex64_complex64
19044271630,94847,386107,1,1,1,32,32,1,30,0.000,0.000,,,,,NVIDIA A100-SXM4-40GB MIG 4g.20gb (0),1,,13,"void convert_kernel<__half2, float2>(tensor_layout_any, T1 *, tensor_layout_any, const T2 *)"
19044394349,5887,386110,,,,,,,,,,0.094,15915.671,Pinned,Device,NVIDIA A100-SXM4-40GB MIG 4g.20gb (0),1,,13,[CUDA memcpy Host-to-Device]
19044533835,605753,386111,,,,,,,,,,456.561,753326.376,Device,,NVIDIA A100-SXM4-40GB MIG 4g.20gb (0),1,,13,[CUDA memset]
19045144772,52320,386116,,,,,,,,,,1.235,23603.485,Pinned,Device,NVIDIA A100-SXM4-40GB MIG 4g.20gb (0),1,,13,[CUDA memcpy Host-to-Device]
19045199908,9471,386117,,,,,,,,,,0.197,20758.856,Pinned,Device,NVIDIA A100-SXM4-40GB MIG 4g.20gb (0),1,,13,[CUDA memcpy Host-to-Device]
19045485216,13536,386118,69,4,1,48,1,1,76,0.002,0.000,,,,,NVIDIA A100-SXM4-40GB MIG 4g.20gb (0),1,,13,"void ch_est::windowedChEstPreNoDftSOfdmKernel<float, __half, float, (unsigned int)2, (unsigned int)1, (unsigned short)4>(ch_est::puschRxChEstStatDescr_t *, ch_est::puschRxChEstDynDescr_t *)"
19046052666,16384,386119,137,2,1,24,2,1,44,0.001,0.001,,,,,NVIDIA A100-SXM4-40GB MIG 4g.20gb (0),1,,13,"void ch_est::chEstFilterNoDftSOfdmDispatchKernel<float, __half, float, (unsigned int)2>(ch_est::puschRxChEstStatDescr_t *, ch_est::puschRxChEstDynDescr_t *)"
19046613076,17120,386120,137,2,1,24,2,1,44,0.001,0.001,,,,,NVIDIA A100-SXM4-40GB MIG 4g.20gb (0),1,,13,"void ch_est::chEstFilterNoDftSOfdmDispatchKernel<float, __half, float, (unsigned int)2>(ch_est::puschRxChEstStatDescr_t *, ch_est::puschRxChEstDynDescr_t *)"
19046919248,7168,386131,103,1,1,128,1,1,16,0.000,0.000,,,,,NVIDIA A100-SXM4-40GB MIG 4g.20gb (0),1,,13,cupy_copy__complex64_complex64
19047357643,18208,386141,1434,1,1,128,1,1,16,0.000,0.000,,,,,NVIDIA A100-SXM4-40GB MIG 4g.20gb (0),1,,13,cupy_copy__complex64_complex64
19047925029,4032,386148,103,1,1,128,1,1,16,0.000,0.000,,,,,NVIDIA A100-SXM4-40GB MIG 4g.20gb (0),1,,13,cupy_copy__complex64_complex64
19048478399,304412,386155,1,1,1,32,32,1,30,0.000,0.000,,,,,NVIDIA A100-SXM4-40GB MIG 4g.20gb (0),1,,13,"void convert_kernel<__half2, float2>(tensor_layout_any, T1 *, tensor_layout_any, const T2 *)"
19048813275,6112,386158,,,,,,,,,,0.094,15329.790,Pinned,Device,NVIDIA A100-SXM4-40GB MIG 4g.20gb (0),1,,13,[CUDA memcpy Host-to-Device]
19048951418,56191,386159,,,,,,,,,,35.810,637273.336,Device,,NVIDIA A100-SXM4-40GB MIG 4g.20gb (0),1,,13,[CUDA memset]
19049015129,1888,386161,,,,,,,,,,0.000,42.373,Pinned,Device,NVIDIA A100-SXM4-40GB MIG 4g.20gb (0),1,,13,[CUDA memcpy Host-to-Device]
19049019577,9664,386162,,,,,,,,,,0.197,20344.209,Pinned,Device,NVIDIA A100-SXM4-40GB MIG 4g.20gb (0),1,,13,[CUDA memcpy Host-to-Device]
19049377845,25152,386163,273,1,1,48,1,1,40,0.000,0.001,,,,,NVIDIA A100-SXM4-40GB MIG 4g.20gb (0),1,,13,"void pusch_noise_intf_est::noiseIntfEstNoDftSOfdmKernel<float, __half, float, float, (unsigned int)2, (unsigned int)1, (unsigned char)4, (unsigned char)4>(pusch_noise_intf_est::puschRxNoiseIntfEstDynDescr)"
19049745873,5888,386174,35,1,1,128,1,1,16,0.000,0.000,,,,,NVIDIA A100-SXM4-40GB MIG 4g.20gb (0),1,,13,cupy_copy__complex64_complex64
19049998414,4320,386183,1,1,1,1,1,1,18,0.000,0.000,,,,,NVIDIA A100-SXM4-40GB MIG 4g.20gb (0),1,,13,cupy_copy__float32_float32
19050007214,1920,386189,,,,,,,,,,0.000,2.083,Device,Pageable,NVIDIA A100-SXM4-40GB MIG 4g.20gb (0),1,,7,[CUDA memcpy Device-to-Host]
19050386762,19327,386200,1434,1,1,128,1,1,16,0.000,0.000,,,,,NVIDIA A100-SXM4-40GB MIG 4g.20gb (0),1,,13,cupy_copy__complex64_complex64
19050407561,5600,386207,103,1,1,128,1,1,16,0.000,0.000,,,,,NVIDIA A100-SXM4-40GB MIG 4g.20gb (0),1,,13,cupy_copy__complex64_complex64
19050491912,7904,386214,35,1,1,128,1,1,16,0.000,0.000,,,,,NVIDIA A100-SXM4-40GB MIG 4g.20gb (0),1,,13,cupy_copy__complex64_complex64
19050501640,3552,386221,1,1,1,1,1,1,18,0.000,0.000,,,,,NVIDIA A100-SXM4-40GB MIG 4g.20gb (0),1,,13,cupy_copy__float32_float32
19050507048,283133,386232,1,1,1,32,32,1,30,0.000,0.000,,,,,NVIDIA A100-SXM4-40GB MIG 4g.20gb (0),1,,13,"void convert_kernel<__half2, float2>(tensor_layout_any, T1 *, tensor_layout_any, const T2 *)"
19050819141,5408,386235,,,,,,,,,,0.094,17325.421,Pinned,Device,NVIDIA A100-SXM4-40GB MIG 4g.20gb (0),1,,13,[CUDA memcpy Host-to-Device]
19050838021,8415,386236,,,,,,,,,,1.547,183793.063,Device,,NVIDIA A100-SXM4-40GB MIG 4g.20gb (0),1,,13,[CUDA memset]
19050851844,3168,386241,,,,,,,,,,0.031,9878.770,Pinned,Device,NVIDIA A100-SXM4-40GB MIG 4g.20gb (0),1,,13,[CUDA memcpy Host-to-Device]
19050857572,9696,386242,,,,,,,,,,0.197,20277.166,Pinned,Device,NVIDIA A100-SXM4-40GB MIG 4g.20gb (0),1,,13,[CUDA memcpy Host-to-Device]
19050935107,14496,386243,273,1,1,8,4,1,39,0.002,0.000,,,,,NVIDIA A100-SXM4-40GB MIG 4g.20gb (0),1,,13,"void channel_eq::eqMmseCoefCompLowMimoKernel<float, float, float, (unsigned int)4, (unsigned int)1, (unsigned int)4>(const channel_eq::_puschRxChEqStatDescr *, channel_eq::_puschRxChEqCoefCompDynDescr)"
19050951491,8928,386244,273,1,1,12,11,1,51,0.002,0.000,,,,,NVIDIA A100-SXM4-40GB MIG 4g.20gb (0),1,,13,"void channel_eq::eqMmseSoftDemapKernel<float, __half, __half, float, (unsigned int)4, (unsigned short)16383>(channel_eq::_puschRxChEqStatDescr *, channel_eq::_puschRxChEqSoftDemapDynDescr)"
19051033154,822679,386245,1,1,1,32,32,1,30,0.000,0.000,,,,,NVIDIA A100-SXM4-40GB MIG 4g.20gb (0),1,,13,"void convert_kernel<float2, __half2>(tensor_layout_any, T1 *, tensor_layout_any, const T2 *)"
19051859961,15264,386257,2253,1,1,128,1,1,16,0.000,0.000,,,,,NVIDIA A100-SXM4-40GB MIG 4g.20gb (0),1,,13,cupy_copy__float16_float16
19051877273,3680,386266,282,1,1,128,1,1,16,0.000,0.000,,,,,NVIDIA A100-SXM4-40GB MIG 4g.20gb (0),1,,13,cupy_copy__complex64_complex64
19051955768,6976,386275,26,1,1,128,1,1,16,0.000,0.000,,,,,NVIDIA A100-SXM4-40GB MIG 4g.20gb (0),1,,13,cupy_copy__float32_float32
19051963960,6560,386284,103,1,1,128,1,1,16,0.000,0.000,,,,,NVIDIA A100-SXM4-40GB MIG 4g.20gb (0),1,,13,cupy_copy__complex64_complex64
19052051383,20864,386294,1434,1,1,128,1,1,16,0.000,0.000,,,,,NVIDIA A100-SXM4-40GB MIG 4g.20gb (0),1,,13,cupy_copy__complex64_complex64
19052074039,186174,386299,1,1,1,32,32,1,30,0.000,0.000,,,,,NVIDIA A100-SXM4-40GB MIG 4g.20gb (0),1,,13,"void convert_kernel<__half2, float2>(tensor_layout_any, T1 *, tensor_layout_any, const T2 *)"
19052289620,5536,386302,,,,,,,,,,0.094,16924.777,Pinned,Device,NVIDIA A100-SXM4-40GB MIG 4g.20gb (0),1,,13,[CUDA memcpy Host-to-Device]
19052300820,609369,386303,,,,,,,,,,456.561,749217.323,Device,,NVIDIA A100-SXM4-40GB MIG 4g.20gb (0),1,,13,[CUDA memset]
19052911949,51712,386308,,,,,,,,,,1.235,23880.112,Pinned,Device,NVIDIA A100-SXM4-40GB MIG 4g.20gb (0),1,,13,[CUDA memcpy Host-to-Device]
19052967437,10336,386309,,,,,,,,,,0.197,19021.627,Pinned,Device,NVIDIA A100-SXM4-40GB MIG 4g.20gb (0),1,,13,[CUDA memcpy Host-to-Device]
19053260841,15936,386310,69,4,1,48,1,1,76,0.002,0.000,,,,,NVIDIA A100-SXM4-40GB MIG 4g.20gb (0),1,,13,"void ch_est::windowedChEstPreNoDftSOfdmKernel<float, __half, float, (unsigned int)2, (unsigned int)1, (unsigned short)4>(ch_est::puschRxChEstStatDescr_t *, ch_est::puschRxChEstDynDescr_t *)"
19053339977,16415,386311,137,2,1,24,2,1,44,0.001,0.001,,,,,NVIDIA A100-SXM4-40GB MIG 4g.20gb (0),1,,13,"void ch_est::chEstFilterNoDftSOfdmDispatchKernel<float, __half, float, (unsigned int)2>(ch_est::puschRxChEstStatDescr_t *, ch_est::puschRxChEstDynDescr_t *)"
19053601542,17023,386312,137,2,1,24,2,1,44,0.001,0.001,,,,,NVIDIA A100-SXM4-40GB MIG 4g.20gb (0),1,,13,"void ch_est::chEstFilterNoDftSOfdmDispatchKernel<float, __half, float, (unsigned int)2>(ch_est::puschRxChEstStatDescr_t *, ch_est::puschRxChEstDynDescr_t *)"
19053674469,8448,386323,103,1,1,128,1,1,16,0.000,0.000,,,,,NVIDIA A100-SXM4-40GB MIG 4g.20gb (0),1,,13,cupy_copy__complex64_complex64
19053685413,16352,386333,1434,1,1,128,1,1,16,0.000,0.000,,,,,NVIDIA A100-SXM4-40GB MIG 4g.20gb (0),1,,13,cupy_copy__complex64_complex64
19053937538,8896,386340,103,1,1,128,1,1,16,0.000,0.000,,,,,NVIDIA A100-SXM4-40GB MIG 4g.20gb (0),1,,13,cupy_copy__complex64_complex64
19054074624,254109,386347,1,1,1,32,32,1,30,0.000,0.000,,,,,NVIDIA A100-SXM4-40GB MIG 4g.20gb (0),1,,13,"void convert_kernel<__half2, float2>(tensor_layout_any, T1 *, tensor_layout_any, const T2 *)"
19054357949,11328,386350,,,,,,,,,,0.094,8271.108,Pinned,Device,NVIDIA A100-SXM4-40GB MIG 4g.20gb (0),1,,13,[CUDA memcpy Host-to-Device]
19054753401,51071,386351,,,,,,,,,,35.810,701158.234,Device,,NVIDIA A100-SXM4-40GB MIG 4g.20gb (0),1,,13,[CUDA memset]
19054808152,1824,386353,,,,,,,,,,0.000,43.860,Pinned,Device,NVIDIA A100-SXM4-40GB MIG 4g.20gb (0),1,,13,[CUDA memcpy Host-to-Device]
19054815960,10944,386354,,,,,,,,,,0.197,17964.859,Pinned,Device,NVIDIA A100-SXM4-40GB MIG 4g.20gb (0),1,,13,[CUDA memcpy Host-to-Device]
19055228147,22880,386355,273,1,1,48,1,1,40,0.000,0.001,,,,,NVIDIA A100-SXM4-40GB MIG 4g.20gb (0),1,,13,"void pusch_noise_intf_est::noiseIntfEstNoDftSOfdmKernel<float, __half, float, float, (unsigned int)2, (unsigned int)1, (unsigned char)4, (unsigned char)4>(pusch_noise_intf_est::puschRxNoiseIntfEstDynDescr)"
19055649327,9120,386366,35,1,1,128,1,1,16,0.000,0.000,,,,,NVIDIA A100-SXM4-40GB MIG 4g.20gb (0),1,,13,cupy_copy__complex64_complex64
19055805037,10048,386375,1,1,1,1,1,1,18,0.000,0.000,,,,,NVIDIA A100-SXM4-40GB MIG 4g.20gb (0),1,,13,cupy_copy__float32_float32
19055824173,2240,386381,,,,,,,,,,0.000,1.786,Device,Pageable,NVIDIA A100-SXM4-40GB MIG 4g.20gb (0),1,,7,[CUDA memcpy Device-to-Host]
19056222856,31008,386392,1434,1,1,128,1,1,16,0.000,0.000,,,,,NVIDIA A100-SXM4-40GB MIG 4g.20gb (0),1,,13,cupy_copy__complex64_complex64
19056585924,9152,386399,103,1,1,128,1,1,16,0.000,0.000,,,,,NVIDIA A100-SXM4-40GB MIG 4g.20gb (0),1,,13,cupy_copy__complex64_complex64
19056925056,8384,386406,35,1,1,128,1,1,16,0.000,0.000,,,,,NVIDIA A100-SXM4-40GB MIG 4g.20gb (0),1,,13,cupy_copy__complex64_complex64
19057079935,10208,386413,1,1,1,1,1,1,18,0.000,0.000,,,,,NVIDIA A100-SXM4-40GB MIG 4g.20gb (0),1,,13,cupy_copy__float32_float32
19057092031,378555,386424,1,1,1,32,32,1,30,0.000,0.000,,,,,NVIDIA A100-SXM4-40GB MIG 4g.20gb (0),1,,13,"void convert_kernel<__half2, float2>(tensor_layout_any, T1 *, tensor_layout_any, const T2 *)"
19057500346,5504,386427,,,,,,,,,,0.094,17023.251,Pinned,Device,NVIDIA A100-SXM4-40GB MIG 4g.20gb (0),1,,13,[CUDA memcpy Host-to-Device]
19057515130,3840,386428,,,,,,,,,,1.547,402765.636,Device,,NVIDIA A100-SXM4-40GB MIG 4g.20gb (0),1,,13,[CUDA memset]
19057521242,3040,386433,,,,,,,,,,0.031,10294.725,Pinned,Device,NVIDIA A100-SXM4-40GB MIG 4g.20gb (0),1,,13,[CUDA memcpy Host-to-Device]
19057526682,9440,386434,,,,,,,,,,0.197,20827.079,Pinned,Device,NVIDIA A100-SXM4-40GB MIG 4g.20gb (0),1,,13,[CUDA memcpy Host-to-Device]
19057540538,7168,386435,273,1,1,8,4,1,39,0.002,0.000,,,,,NVIDIA A100-SXM4-40GB MIG 4g.20gb (0),1,,13,"void channel_eq::eqMmseCoefCompLowMimoKernel<float, float, float, (unsigned int)4, (unsigned int)1, (unsigned int)4>(const channel_eq::_puschRxChEqStatDescr *, channel_eq::_puschRxChEqCoefCompDynDescr)"
19057549433,8000,386436,273,1,1,12,11,1,51,0.002,0.000,,,,,NVIDIA A100-SXM4-40GB MIG 4g.20gb (0),1,,13,"void channel_eq::eqMmseSoftDemapKernel<float, __half, __half, float, (unsigned int)4, (unsigned short)16383>(channel_eq::_puschRxChEqStatDescr *, channel_eq::_puschRxChEqSoftDemapDynDescr)"
19057559193,281373,386437,1,1,1,32,32,1,30,0.000,0.000,,,,,NVIDIA A100-SXM4-40GB MIG 4g.20gb (0),1,,13,"void convert_kernel<float2, __half2>(tensor_layout_any, T1 *, tensor_layout_any, const T2 *)"
19057842582,11008,386449,2253,1,1,128,1,1,16,0.000,0.000,,,,,NVIDIA A100-SXM4-40GB MIG 4g.20gb (0),1,,13,cupy_copy__float16_float16
19057855510,3584,386458,282,1,1,128,1,1,16,0.000,0.000,,,,,NVIDIA A100-SXM4-40GB MIG 4g.20gb (0),1,,13,cupy_copy__complex64_complex64
19057861142,2048,386467,26,1,1,128,1,1,16,0.000,0.000,,,,,NVIDIA A100-SXM4-40GB MIG 4g.20gb (0),1,,13,cupy_copy__float32_float32
19057865206,2944,386476,103,1,1,128,1,1,16,0.000,0.000,,,,,NVIDIA A100-SXM4-40GB MIG 4g.20gb (0),1,,13,cupy_copy__complex64_complex64
19057870806,12096,386486,1434,1,1,128,1,1,16,0.000,0.000,,,,,NVIDIA A100-SXM4-40GB MIG 4g.20gb (0),1,,13,cupy_copy__complex64_complex64
19057904374,79039,386491,1,1,1,32,32,1,30,0.000,0.000,,,,,NVIDIA A100-SXM4-40GB MIG 4g.20gb (0),1,,13,"void convert_kernel<__half2, float2>(tensor_layout_any, T1 *, tensor_layout_any, const T2 *)"
19058014516,5344,386494,,,,,,,,,,0.094,17532.864,Pinned,Device,NVIDIA A100-SXM4-40GB MIG 4g.20gb (0),1,,13,[CUDA memcpy Host-to-Device]
19058027444,605433,386495,,,,,,,,,,456.561,753782.937,Device,,NVIDIA A100-SXM4-40GB MIG 4g.20gb (0),1,,13,[CUDA memset]
19058639917,51136,386500,,,,,,,,,,1.235,24149.330,Pinned,Device,NVIDIA A100-SXM4-40GB MIG 4g.20gb (0),1,,13,[CUDA memcpy Host-to-Device]
19058693773,11200,386501,,,,,,,,,,0.197,17554.145,Pinned,Device,NVIDIA A100-SXM4-40GB MIG 4g.20gb (0),1,,13,[CUDA memcpy Host-to-Device]
19058787884,8640,386502,69,4,1,48,1,1,76,0.002,0.000,,,,,NVIDIA A100-SXM4-40GB MIG 4g.20gb (0),1,,13,"void ch_est::windowedChEstPreNoDftSOfdmKernel<float, __half, float, (unsigned int)2, (unsigned int)1, (unsigned short)4>(ch_est::puschRxChEstStatDescr_t *, ch_est::puschRxChEstDynDescr_t *)"
19058900490,28928,386503,137,2,1,24,2,1,44,0.001,0.001,,,,,NVIDIA A100-SXM4-40GB MIG 4g.20gb (0),1,,13,"void ch_est::chEstFilterNoDftSOfdmDispatchKernel<float, __half, float, (unsigned int)2>(ch_est::puschRxChEstStatDescr_t *, ch_est::puschRxChEstDynDescr_t *)"
19058953258,12864,386504,137,2,1,24,2,1,44,0.001,0.001,,,,,NVIDIA A100-SXM4-40GB MIG 4g.20gb (0),1,,13,"void ch_est::chEstFilterNoDftSOfdmDispatchKernel<float, __half, float, (unsigned int)2>(ch_est::puschRxChEstStatDescr_t *, ch_est::puschRxChEstDynDescr_t *)"
19059113640,16896,386515,103,1,1,128,1,1,16,0.000,0.000,,,,,NVIDIA A100-SXM4-40GB MIG 4g.20gb (0),1,,13,cupy_copy__complex64_complex64
19059230471,18048,386525,1434,1,1,128,1,1,16,0.000,0.000,,,,,NVIDIA A100-SXM4-40GB MIG 4g.20gb (0),1,,13,cupy_copy__complex64_complex64
19059462884,5984,386532,103,1,1,128,1,1,16,0.000,0.000,,,,,NVIDIA A100-SXM4-40GB MIG 4g.20gb (0),1,,13,cupy_copy__complex64_complex64
19059710081,253246,386539,1,1,1,32,32,1,30,0.000,0.000,,,,,NVIDIA A100-SXM4-40GB MIG 4g.20gb (0),1,,13,"void convert_kernel<__half2, float2>(tensor_layout_any, T1 *, tensor_layout_any, const T2 *)"
19059993470,6720,386542,,,,,,,,,,0.094,13942.808,Pinned,Device,NVIDIA A100-SXM4-40GB MIG 4g.20gb (0),1,,13,[CUDA memcpy Host-to-Device]
19060388730,49663,386543,,,,,,,,,,35.810,721032.739,Device,,NVIDIA A100-SXM4-40GB MIG 4g.20gb (0),1,,13,[CUDA memset]
19060444697,2816,386545,,,,,,,,,,0.000,28.409,Pinned,Device,NVIDIA A100-SXM4-40GB MIG 4g.20gb (0),1,,13,[CUDA memcpy Host-to-Device]
19060454329,9440,386546,,,,,,,,,,0.197,20827.079,Pinned,Device,NVIDIA A100-SXM4-40GB MIG 4g.20gb (0),1,,13,[CUDA memcpy Host-to-Device]
19060843221,16895,386547,273,1,1,48,1,1,40,0.000,0.001,,,,,NVIDIA A100-SXM4-40GB MIG 4g.20gb (0),1,,13,"void pusch_noise_intf_est::noiseIntfEstNoDftSOfdmKernel<float, __half, float, float, (unsigned int)2, (unsigned int)1, (unsigned char)4, (unsigned char)4>(pusch_noise_intf_est::puschRxNoiseIntfEstDynDescr)"
19061249488,4128,386558,35,1,1,128,1,1,16,0.000,0.000,,,,,NVIDIA A100-SXM4-40GB MIG 4g.20gb (0),1,,13,cupy_copy__complex64_complex64
19061534093,7008,386567,1,1,1,1,1,1,18,0.000,0.000,,,,,NVIDIA A100-SXM4-40GB MIG 4g.20gb (0),1,,13,cupy_copy__float32_float32
19061552973,3712,386573,,,,,,,,,,0.000,1.078,Device,Pageable,NVIDIA A100-SXM4-40GB MIG 4g.20gb (0),1,,7,[CUDA memcpy Device-to-Host]
19061942504,27520,386584,1434,1,1,128,1,1,16,0.000,0.000,,,,,NVIDIA A100-SXM4-40GB MIG 4g.20gb (0),1,,13,cupy_copy__complex64_complex64
19062201317,4448,386591,103,1,1,128,1,1,16,0.000,0.000,,,,,NVIDIA A100-SXM4-40GB MIG 4g.20gb (0),1,,13,cupy_copy__complex64_complex64
19062358372,18144,386598,35,1,1,128,1,1,16,0.000,0.000,,,,,NVIDIA A100-SXM4-40GB MIG 4g.20gb (0),1,,13,cupy_copy__complex64_complex64
19062480258,4064,386605,1,1,1,1,1,1,18,0.000,0.000,,,,,NVIDIA A100-SXM4-40GB MIG 4g.20gb (0),1,,13,cupy_copy__float32_float32
19062636353,268317,386616,1,1,1,32,32,1,30,0.000,0.000,,,,,NVIDIA A100-SXM4-40GB MIG 4g.20gb (0),1,,13,"void convert_kernel<__half2, float2>(tensor_layout_any, T1 *, tensor_layout_any, const T2 *)"
19062938205,5408,386619,,,,,,,,,,0.094,17325.421,Pinned,Device,NVIDIA A100-SXM4-40GB MIG 4g.20gb (0),1,,13,[CUDA memcpy Host-to-Device]
19062956349,3456,386620,,,,,,,,,,1.547,447517.201,Device,,NVIDIA A100-SXM4-40GB MIG 4g.20gb (0),1,,13,[CUDA memset]
19062963933,3040,386625,,,,,,,,,,0.031,10294.725,Pinned,Device,NVIDIA A100-SXM4-40GB MIG 4g.20gb (0),1,,13,[CUDA memcpy Host-to-Device]
19062969533,9184,386626,,,,,,,,,,0.197,21407.662,Pinned,Device,NVIDIA A100-SXM4-40GB MIG 4g.20gb (0),1,,13,[CUDA memcpy Host-to-Device]
19062983421,7136,386627,273,1,1,8,4,1,39,0.002,0.000,,,,,NVIDIA A100-SXM4-40GB MIG 4g.20gb (0),1,,13,"void channel_eq::eqMmseCoefCompLowMimoKernel<float, float, float, (unsigned int)4, (unsigned int)1, (unsigned int)4>(const channel_eq::_puschRxChEqStatDescr *, channel_eq::_puschRxChEqCoefCompDynDescr)"
19062992509,7168,386628,273,1,1,12,11,1,51,0.002,0.000,,,,,NVIDIA A100-SXM4-40GB MIG 4g.20gb (0),1,,13,"void channel_eq::eqMmseSoftDemapKernel<float, __half, __half, float, (unsigned int)4, (unsigned short)16383>(channel_eq::_puschRxChEqStatDescr *, channel_eq::_puschRxChEqSoftDemapDynDescr)"
19063001949,378715,386629,1,1,1,32,32,1,30,0.000,0.000,,,,,NVIDIA A100-SXM4-40GB MIG 4g.20gb (0),1,,13,"void convert_kernel<float2, __half2>(tensor_layout_any, T1 *, tensor_layout_any, const T2 *)"
19063389080,25920,386641,2253,1,1,128,1,1,16,0.000,0.000,,,,,NVIDIA A100-SXM4-40GB MIG 4g.20gb (0),1,,13,cupy_copy__float16_float16
19063504951,9440,386650,282,1,1,128,1,1,16,0.000,0.000,,,,,NVIDIA A100-SXM4-40GB MIG 4g.20gb (0),1,,13,cupy_copy__complex64_complex64
19063517111,3808,386659,26,1,1,128,1,1,16,0.000,0.000,,,,,NVIDIA A100-SXM4-40GB MIG 4g.20gb (0),1,,13,cupy_copy__float32_float32
19063522359,4928,386668,103,1,1,128,1,1,16,0.000,0.000,,,,,NVIDIA A100-SXM4-40GB MIG 4g.20gb (0),1,,13,cupy_copy__complex64_complex64
19063677493,25056,386684,1434,1,1,128,1,1,16,0.000,0.000,,,,,NVIDIA A100-SXM4-40GB MIG 4g.20gb (0),1,,13,cupy_copy__complex64_complex64
19063794004,296540,386689,1,1,1,32,32,1,30,0.000,0.000,,,,,NVIDIA A100-SXM4-40GB MIG 4g.20gb (0),1,,13,"void convert_kernel<__half2, float2>(tensor_layout_any, T1 *, tensor_layout_any, const T2 *)"
19064124016,5408,386692,,,,,,,,,,0.094,17325.421,Pinned,Device,NVIDIA A100-SXM4-40GB MIG 4g.20gb (0),1,,13,[CUDA memcpy Host-to-Device]
19064154928,612633,386693,,,,,,,,,,456.561,745108.270,Device,,NVIDIA A100-SXM4-40GB MIG 4g.20gb (0),1,,13,[CUDA memset]
19064771593,52927,386698,,,,,,,,,,1.235,23331.797,Pinned,Device,NVIDIA A100-SXM4-40GB MIG 4g.20gb (0),1,,13,[CUDA memcpy Host-to-Device]
19064827016,9600,386699,,,,,,,,,,0.197,20479.869,Pinned,Device,NVIDIA A100-SXM4-40GB MIG 4g.20gb (0),1,,13,[CUDA memcpy Host-to-Device]
19064977990,13024,386700,69,4,1,48,1,1,76,0.002,0.000,,,,,NVIDIA A100-SXM4-40GB MIG 4g.20gb (0),1,,13,"void ch_est::windowedChEstPreNoDftSOfdmKernel<float, __half, float, (unsigned int)2, (unsigned int)1, (unsigned short)4>(ch_est::puschRxChEstStatDescr_t *, ch_est::puschRxChEstDynDescr_t *)"
19065475809,9536,386701,137,2,1,24,2,1,44,0.001,0.001,,,,,NVIDIA A100-SXM4-40GB MIG 4g.20gb (0),1,,13,"void ch_est::chEstFilterNoDftSOfdmDispatchKernel<float, __half, float, (unsigned int)2>(ch_est::puschRxChEstStatDescr_t *, ch_est::puschRxChEstDynDescr_t *)"
19065980507,16736,386702,137,2,1,24,2,1,44,0.001,0.001,,,,,NVIDIA A100-SXM4-40GB MIG 4g.20gb (0),1,,13,"void ch_est::chEstFilterNoDftSOfdmDispatchKernel<float, __half, float, (unsigned int)2>(ch_est::puschRxChEstStatDescr_t *, ch_est::puschRxChEstDynDescr_t *)"
19066189145,8256,386713,103,1,1,128,1,1,16,0.000,0.000,,,,,NVIDIA A100-SXM4-40GB MIG 4g.20gb (0),1,,13,cupy_copy__complex64_complex64
19066340215,16928,386723,1434,1,1,128,1,1,16,0.000,0.000,,,,,NVIDIA A100-SXM4-40GB MIG 4g.20gb (0),1,,13,cupy_copy__complex64_complex64
19066559797,8160,386730,103,1,1,128,1,1,16,0.000,0.000,,,,,NVIDIA A100-SXM4-40GB MIG 4g.20gb (0),1,,13,cupy_copy__complex64_complex64
19066709907,301757,386737,1,1,1,32,32,1,30,0.000,0.000,,,,,NVIDIA A100-SXM4-40GB MIG 4g.20gb (0),1,,13,"void convert_kernel<__half2, float2>(tensor_layout_any, T1 *, tensor_layout_any, const T2 *)"
19067040687,12576,386740,,,,,,,,,,0.094,7450.331,Pinned,Device,NVIDIA A100-SXM4-40GB MIG 4g.20gb (0),1,,13,[CUDA memcpy Host-to-Device]
19067339116,52639,386741,,,,,,,,,,35.810,680281.050,Device,,NVIDIA A100-SXM4-40GB MIG 4g.20gb (0),1,,13,[CUDA memset]
19067398091,2336,386743,,,,,,,,,,0.000,34.247,Pinned,Device,NVIDIA A100-SXM4-40GB MIG 4g.20gb (0),1,,13,[CUDA memcpy Host-to-Device]
19067403531,10720,386744,,,,,,,,,,0.197,18340.184,Pinned,Device,NVIDIA A100-SXM4-40GB MIG 4g.20gb (0),1,,13,[CUDA memcpy Host-to-Device]
19067880198,21152,386745,273,1,1,48,1,1,40,0.000,0.001,,,,,NVIDIA A100-SXM4-40GB MIG 4g.20gb (0),1,,13,"void pusch_noise_intf_est::noiseIntfEstNoDftSOfdmKernel<float, __half, float, float, (unsigned int)2, (unsigned int)1, (unsigned char)4, (unsigned char)4>(pusch_noise_intf_est::puschRxNoiseIntfEstDynDescr)"
19068147363,6848,386756,35,1,1,128,1,1,16,0.000,0.000,,,,,NVIDIA A100-SXM4-40GB MIG 4g.20gb (0),1,,13,cupy_copy__complex64_complex64
19068525279,3296,386765,1,1,1,1,1,1,18,0.000,0.000,,,,,NVIDIA A100-SXM4-40GB MIG 4g.20gb (0),1,,13,cupy_copy__float32_float32
19068537183,2048,386771,,,,,,,,,,0.000,1.953,Device,Pageable,NVIDIA A100-SXM4-40GB MIG 4g.20gb (0),1,,7,[CUDA memcpy Device-to-Host]
19069008057,20960,386782,1434,1,1,128,1,1,16,0.000,0.000,,,,,NVIDIA A100-SXM4-40GB MIG 4g.20gb (0),1,,13,cupy_copy__complex64_complex64
19069504116,4064,386789,103,1,1,128,1,1,16,0.000,0.000,,,,,NVIDIA A100-SXM4-40GB MIG 4g.20gb (0),1,,13,cupy_copy__complex64_complex64
19069605875,7264,386796,35,1,1,128,1,1,16,0.000,0.000,,,,,NVIDIA A100-SXM4-40GB MIG 4g.20gb (0),1,,13,cupy_copy__complex64_complex64
19069614643,3136,386803,1,1,1,1,1,1,18,0.000,0.000,,,,,NVIDIA A100-SXM4-40GB MIG 4g.20gb (0),1,,13,cupy_copy__float32_float32
19069619699,325948,386814,1,1,1,32,32,1,30,0.000,0.000,,,,,NVIDIA A100-SXM4-40GB MIG 4g.20gb (0),1,,13,"void convert_kernel<__half2, float2>(tensor_layout_any, T1 *, tensor_layout_any, const T2 *)"
19069977071,5664,386817,,,,,,,,,,0.094,16542.310,Pinned,Device,NVIDIA A100-SXM4-40GB MIG 4g.20gb (0),1,,13,[CUDA memcpy Host-to-Device]
19070036686,7232,386818,,,,,,,,,,1.547,213857.887,Device,,NVIDIA A100-SXM4-40GB MIG 4g.20gb (0),1,,13,[CUDA memset]
19070051950,3200,386823,,,,,,,,,,0.031,9780.000,Pinned,Device,NVIDIA A100-SXM4-40GB MIG 4g.20gb (0),1,,13,[CUDA memcpy Host-to-Device]
19070057902,9408,386824,,,,,,,,,,0.197,20897.858,Pinned,Device,NVIDIA A100-SXM4-40GB MIG 4g.20gb (0),1,,13,[CUDA memcpy Host-to-Device]
19070147341,14656,386825,273,1,1,8,4,1,39,0.002,0.000,,,,,NVIDIA A100-SXM4-40GB MIG 4g.20gb (0),1,,13,"void channel_eq::eqMmseCoefCompLowMimoKernel<float, float, float, (unsigned int)4, (unsigned int)1, (unsigned int)4>(const channel_eq::_puschRxChEqStatDescr *, channel_eq::_puschRxChEqCoefCompDynDescr)"
19070163660,8544,386826,273,1,1,12,11,1,51,0.002,0.000,,,,,NVIDIA A100-SXM4-40GB MIG 4g.20gb (0),1,,13,"void channel_eq::eqMmseSoftDemapKernel<float, __half, __half, float, (unsigned int)4, (unsigned short)16383>(channel_eq::_puschRxChEqStatDescr *, channel_eq::_puschRxChEqSoftDemapDynDescr)"
19070173676,282205,386827,1,1,1,32,32,1,30,0.000,0.000,,,,,NVIDIA A100-SXM4-40GB MIG 4g.20gb (0),1,,13,"void convert_kernel<float2, __half2>(tensor_layout_any, T1 *, tensor_layout_any, const T2 *)"
19070458217,10816,386839,2253,1,1,128,1,1,16,0.000,0.000,,,,,NVIDIA A100-SXM4-40GB MIG 4g.20gb (0),1,,13,cupy_copy__float16_float16
19070470953,2944,386848,282,1,1,128,1,1,16,0.000,0.000,,,,,NVIDIA A100-SXM4-40GB MIG 4g.20gb (0),1,,13,cupy_copy__complex64_complex64
19070475657,2048,386857,26,1,1,128,1,1,16,0.000,0.000,,,,,NVIDIA A100-SXM4-40GB MIG 4g.20gb (0),1,,13,cupy_copy__float32_float32
19070479273,2912,386866,103,1,1,128,1,1,16,0.000,0.000,,,,,NVIDIA A100-SXM4-40GB MIG 4g.20gb (0),1,,13,cupy_copy__complex64_complex64
19070484553,12384,386876,1434,1,1,128,1,1,16,0.000,0.000,,,,,NVIDIA A100-SXM4-40GB MIG 4g.20gb (0),1,,13,cupy_copy__complex64_complex64
19070498825,79615,386881,1,1,1,32,32,1,30,0.000,0.000,,,,,NVIDIA A100-SXM4-40GB MIG 4g.20gb (0),1,,13,"void convert_kernel<__half2, float2>(tensor_layout_any, T1 *, tensor_layout_any, const T2 *)"
19070608008,5343,386884,,,,,,,,,,0.094,17536.143,Pinned,Device,NVIDIA A100-SXM4-40GB MIG 4g.20gb (0),1,,13,[CUDA memcpy Host-to-Device]
19070617959,600058,386885,,,,,,,,,,456.561,760631.359,Device,,NVIDIA A100-SXM4-40GB MIG 4g.20gb (0),1,,13,[CUDA memset]
19071220225,55167,386890,,,,,,,,,,1.235,22384.595,Pinned,Device,NVIDIA A100-SXM4-40GB MIG 4g.20gb (0),1,,13,[CUDA memcpy Host-to-Device]
19071279168,10272,386891,,,,,,,,,,0.197,19140.182,Pinned,Device,NVIDIA A100-SXM4-40GB MIG 4g.20gb (0),1,,13,[CUDA memcpy Host-to-Device]
19071317984,11167,386892,69,4,1,48,1,1,76,0.002,0.000,,,,,NVIDIA A100-SXM4-40GB MIG 4g.20gb (0),1,,13,"void ch_est::windowedChEstPreNoDftSOfdmKernel<float, __half, float, (unsigned int)2, (unsigned int)1, (unsigned short)4>(ch_est::puschRxChEstStatDescr_t *, ch_est::puschRxChEstDynDescr_t *)"
19071440510,30848,386893,137,2,1,24,2,1,44,0.001,0.001,,,,,NVIDIA A100-SXM4-40GB MIG 4g.20gb (0),1,,13,"void ch_est::chEstFilterNoDftSOfdmDispatchKernel<float, __half, float, (unsigned int)2>(ch_est::puschRxChEstStatDescr_t *, ch_est::puschRxChEstDynDescr_t *)"
19071637980,15776,386894,137,2,1,24,2,1,44,0.001,0.001,,,,,NVIDIA A100-SXM4-40GB MIG 4g.20gb (0),1,,13,"void ch_est::chEstFilterNoDftSOfdmDispatchKernel<float, __half, float, (unsigned int)2>(ch_est::puschRxChEstStatDescr_t *, ch_est::puschRxChEstDynDescr_t *)"
19071918297,8960,386905,103,1,1,128,1,1,16,0.000,0.000,,,,,NVIDIA A100-SXM4-40GB MIG 4g.20gb (0),1,,13,cupy_copy__complex64_complex64
19072341972,20960,386915,1434,1,1,128,1,1,16,0.000,0.000,,,,,NVIDIA A100-SXM4-40GB MIG 4g.20gb (0),1,,13,cupy_copy__complex64_complex64
19072773327,8448,386922,103,1,1,128,1,1,16,0.000,0.000,,,,,NVIDIA A100-SXM4-40GB MIG 4g.20gb (0),1,,13,cupy_copy__complex64_complex64
19073086412,306684,386929,1,1,1,32,32,1,30,0.000,0.000,,,,,NVIDIA A100-SXM4-40GB MIG 4g.20gb (0),1,,13,"void convert_kernel<__half2, float2>(tensor_layout_any, T1 *, tensor_layout_any, const T2 *)"
19073423464,8960,386932,,,,,,,,,,0.094,10457.129,Pinned,Device,NVIDIA A100-SXM4-40GB MIG 4g.20gb (0),1,,13,[CUDA memcpy Host-to-Device]
19073692389,65727,386933,,,,,,,,,,35.810,544812.123,Device,,NVIDIA A100-SXM4-40GB MIG 4g.20gb (0),1,,13,[CUDA memset]
19073761156,4544,386935,,,,,,,,,,0.000,17.606,Pinned,Device,NVIDIA A100-SXM4-40GB MIG 4g.20gb (0),1,,13,[CUDA memcpy Host-to-Device]
19073768484,13248,386936,,,,,,,,,,0.197,14840.562,Pinned,Device,NVIDIA A100-SXM4-40GB MIG 4g.20gb (0),1,,13,[CUDA memcpy Host-to-Device]
19074163200,38111,386937,273,1,1,48,1,1,40,0.000,0.001,,,,,NVIDIA A100-SXM4-40GB MIG 4g.20gb (0),1,,13,"void pusch_noise_intf_est::noiseIntfEstNoDftSOfdmKernel<float, __half, float, float, (unsigned int)2, (unsigned int)1, (unsigned char)4, (unsigned char)4>(pusch_noise_intf_est::puschRxNoiseIntfEstDynDescr)"
19074586971,12512,386948,35,1,1,128,1,1,16,0.000,0.000,,,,,NVIDIA A100-SXM4-40GB MIG 4g.20gb (0),1,,13,cupy_copy__complex64_complex64
19074923927,4608,386957,1,1,1,1,1,1,18,0.000,0.000,,,,,NVIDIA A100-SXM4-40GB MIG 4g.20gb (0),1,,13,cupy_copy__float32_float32
19074943063,2240,386963,,,,,,,,,,0.000,1.786,Device,Pageable,NVIDIA A100-SXM4-40GB MIG 4g.20gb (0),1,,7,[CUDA memcpy Device-to-Host]
19075281043,20960,386974,1434,1,1,128,1,1,16,0.000,0.000,,,,,NVIDIA A100-SXM4-40GB MIG 4g.20gb (0),1,,13,cupy_copy__complex64_complex64
19075550192,6048,386981,103,1,1,128,1,1,16,0.000,0.000,,,,,NVIDIA A100-SXM4-40GB MIG 4g.20gb (0),1,,13,cupy_copy__complex64_complex64
19075558448,3680,386988,35,1,1,128,1,1,16,0.000,0.000,,,,,NVIDIA A100-SXM4-40GB MIG 4g.20gb (0),1,,13,cupy_copy__complex64_complex64
19075564400,2080,386995,1,1,1,1,1,1,18,0.000,0.000,,,,,NVIDIA A100-SXM4-40GB MIG 4g.20gb (0),1,,13,cupy_copy__float32_float32
19075651023,188734,387006,1,1,1,32,32,1,30,0.000,0.000,,,,,NVIDIA A100-SXM4-40GB MIG 4g.20gb (0),1,,13,"void convert_kernel<__half2, float2>(tensor_layout_any, T1 *, tensor_layout_any, const T2 *)"
19075880973,5344,387009,,,,,,,,,,0.094,17532.864,Pinned,Device,NVIDIA A100-SXM4-40GB MIG 4g.20gb (0),1,,13,[CUDA memcpy Host-to-Device]
19075901516,3264,387010,,,,,,,,,,1.547,473842.288,Device,,NVIDIA A100-SXM4-40GB MIG 4g.20gb (0),1,,13,[CUDA memset]
19075909004,3136,387015,,,,,,,,,,0.031,9979.575,Pinned,Device,NVIDIA A100-SXM4-40GB MIG 4g.20gb (0),1,,13,[CUDA memcpy Host-to-Device]
19075914220,9472,387016,,,,,,,,,,0.197,20756.693,Pinned,Device,NVIDIA A100-SXM4-40GB MIG 4g.20gb (0),1,,13,[CUDA memcpy Host-to-Device]
19075927372,6912,387017,273,1,1,8,4,1,39,0.002,0.000,,,,,NVIDIA A100-SXM4-40GB MIG 4g.20gb (0),1,,13,"void channel_eq::eqMmseCoefCompLowMimoKernel<float, float, float, (unsigned int)4, (unsigned int)1, (unsigned int)4>(const channel_eq::_puschRxChEqStatDescr *, channel_eq::_puschRxChEqCoefCompDynDescr)"
19075936460,5760,387018,273,1,1,12,11,1,51,0.002,0.000,,,,,NVIDIA A100-SXM4-40GB MIG 4g.20gb (0),1,,13,"void channel_eq::eqMmseSoftDemapKernel<float, __half, __half, float, (unsigned int)4, (unsigned short)16383>(channel_eq::_puschRxChEqStatDescr *, channel_eq::_puschRxChEqSoftDemapDynDescr)"
19075944044,531578,387019,1,1,1,32,32,1,30,0.000,0.000,,,,,NVIDIA A100-SXM4-40GB MIG 4g.20gb (0),1,,13,"void convert_kernel<float2, __half2>(tensor_layout_any, T1 *, tensor_layout_any, const T2 *)"
19076477222,14400,387031,2253,1,1,128,1,1,16,0.000,0.000,,,,,NVIDIA A100-SXM4-40GB MIG 4g.20gb (0),1,,13,cupy_copy__float16_float16
19076552005,17856,387040,282,1,1,128,1,1,16,0.000,0.000,,,,,NVIDIA A100-SXM4-40GB MIG 4g.20gb (0),1,,13,cupy_copy__complex64_complex64
19076571589,5120,387049,26,1,1,128,1,1,16,0.000,0.000,,,,,NVIDIA A100-SXM4-40GB MIG 4g.20gb (0),1,,13,cupy_copy__float32_float32
19076579397,3296,387058,103,1,1,128,1,1,16,0.000,0.000,,,,,NVIDIA A100-SXM4-40GB MIG 4g.20gb (0),1,,13,cupy_copy__complex64_complex64
19076639300,36032,387068,1434,1,1,128,1,1,16,0.000,0.000,,,,,NVIDIA A100-SXM4-40GB MIG 4g.20gb (0),1,,13,cupy_copy__complex64_complex64
19076727907,383900,387073,1,1,1,32,32,1,30,0.000,0.000,,,,,NVIDIA A100-SXM4-40GB MIG 4g.20gb (0),1,,13,"void convert_kernel<__half2, float2>(tensor_layout_any, T1 *, tensor_layout_any, const T2 *)"
19077139743,5439,387076,,,,,,,,,,0.094,17226.665,Pinned,Device,NVIDIA A100-SXM4-40GB MIG 4g.20gb (0),1,,13,[CUDA memcpy Host-to-Device]
19077150462,604058,387077,,,,,,,,,,456.561,755609.183,Device,,NVIDIA A100-SXM4-40GB MIG 4g.20gb (0),1,,13,[CUDA memset]
19077762808,53503,387082,,,,,,,,,,1.235,23081.103,Pinned,Device,NVIDIA A100-SXM4-40GB MIG 4g.20gb (0),1,,13,[CUDA memcpy Host-to-Device]
19077819895,10240,387083,,,,,,,,,,0.197,19199.951,Pinned,Device,NVIDIA A100-SXM4-40GB MIG 4g.20gb (0),1,,13,[CUDA memcpy Host-to-Device]
19077936918,14335,387084,69,4,1,48,1,1,76,0.002,0.000,,,,,NVIDIA A100-SXM4-40GB MIG 4g.20gb (0),1,,13,"void ch_est::windowedChEstPreNoDftSOfdmKernel<float, __half, float, (unsigned int)2, (unsigned int)1, (unsigned short)4>(ch_est::puschRxChEstStatDescr_t *, ch_est::puschRxChEstDynDescr_t *)"
19078344081,9024,387085,137,2,1,24,2,1,44,0.001,0.001,,,,,NVIDIA A100-SXM4-40GB MIG 4g.20gb (0),1,,13,"void ch_est::chEstFilterNoDftSOfdmDispatchKernel<float, __half, float, (unsigned int)2>(ch_est::puschRxChEstStatDescr_t *, ch_est::puschRxChEstDynDescr_t *)"
19078616270,22080,387086,137,2,1,24,2,1,44,0.001,0.001,,,,,NVIDIA A100-SXM4-40GB MIG 4g.20gb (0),1,,13,"void ch_est::chEstFilterNoDftSOfdmDispatchKernel<float, __half, float, (unsigned int)2>(ch_est::puschRxChEstStatDescr_t *, ch_est::puschRxChEstDynDescr_t *)"
19078908555,8288,387097,103,1,1,128,1,1,16,0.000,0.000,,,,,NVIDIA A100-SXM4-40GB MIG 4g.20gb (0),1,,13,cupy_copy__complex64_complex64
19079297606,33952,387107,1434,1,1,128,1,1,16,0.000,0.000,,,,,NVIDIA A100-SXM4-40GB MIG 4g.20gb (0),1,,13,cupy_copy__complex64_complex64
19079773889,6944,387114,103,1,1,128,1,1,16,0.000,0.000,,,,,NVIDIA A100-SXM4-40GB MIG 4g.20gb (0),1,,13,cupy_copy__complex64_complex64
19080160701,329244,387121,1,1,1,32,32,1,30,0.000,0.000,,,,,NVIDIA A100-SXM4-40GB MIG 4g.20gb (0),1,,13,"void convert_kernel<__half2, float2>(tensor_layout_any, T1 *, tensor_layout_any, const T2 *)"
19080521465,6816,387124,,,,,,,,,,0.094,13746.421,Pinned,Device,NVIDIA A100-SXM4-40GB MIG 4g.20gb (0),1,,13,[CUDA memcpy Host-to-Device]
19080808213,55744,387125,,,,,,,,,,35.810,642394.155,Device,,NVIDIA A100-SXM4-40GB MIG 4g.20gb (0),1,,13,[CUDA memset]
19080872405,3072,387127,,,,,,,,,,0.000,26.042,Pinned,Device,NVIDIA A100-SXM4-40GB MIG 4g.20gb (0),1,,13,[CUDA memcpy Host-to-Device]
19080877909,11264,387128,,,,,,,,,,0.197,17454.465,Pinned,Device,NVIDIA A100-SXM4-40GB MIG 4g.20gb (0),1,,13,[CUDA memcpy Host-to-Device]
19081236689,24543,387129,273,1,1,48,1,1,40,0.000,0.001,,,,,NVIDIA A100-SXM4-40GB MIG 4g.20gb (0),1,,13,"void pusch_noise_intf_est::noiseIntfEstNoDftSOfdmKernel<float, __half, float, float, (unsigned int)2, (unsigned int)1, (unsigned char)4, (unsigned char)4>(pusch_noise_intf_est::puschRxNoiseIntfEstDynDescr)"
19081616204,11360,387140,35,1,1,128,1,1,16,0.000,0.000,,,,,NVIDIA A100-SXM4-40GB MIG 4g.20gb (0),1,,13,cupy_copy__complex64_complex64
19081812746,5664,387149,1,1,1,1,1,1,18,0.000,0.000,,,,,NVIDIA A100-SXM4-40GB MIG 4g.20gb (0),1,,13,cupy_copy__float32_float32
19081830282,2464,387155,,,,,,,,,,0.000,1.623,Device,Pageable,NVIDIA A100-SXM4-40GB MIG 4g.20gb (0),1,,7,[CUDA memcpy Device-to-Host]
19082242021,27424,387166,1434,1,1,128,1,1,16,0.000,0.000,,,,,NVIDIA A100-SXM4-40GB MIG 4g.20gb (0),1,,13,cupy_copy__complex64_complex64
19082359780,4064,387173,103,1,1,128,1,1,16,0.000,0.000,,,,,NVIDIA A100-SXM4-40GB MIG 4g.20gb (0),1,,13,cupy_copy__complex64_complex64
19082417924,9695,387180,35,1,1,128,1,1,16,0.000,0.000,,,,,NVIDIA A100-SXM4-40GB MIG 4g.20gb (0),1,,13,cupy_copy__complex64_complex64
19082524450,3264,387187,1,1,1,1,1,1,18,0.000,0.000,,,,,NVIDIA A100-SXM4-40GB MIG 4g.20gb (0),1,,13,cupy_copy__float32_float32
19082575586,325404,387198,1,1,1,32,32,1,30,0.000,0.000,,,,,NVIDIA A100-SXM4-40GB MIG 4g.20gb (0),1,,13,"void convert_kernel<__half2, float2>(tensor_layout_any, T1 *, tensor_layout_any, const T2 *)"
19082930622,6144,387201,,,,,,,,,,0.094,15249.961,Pinned,Device,NVIDIA A100-SXM4-40GB MIG 4g.20gb (0),1,,13,[CUDA memcpy Host-to-Device]
19083071356,4288,387202,,,,,,,,,,1.547,360685.090,Device,,NVIDIA A100-SXM4-40GB MIG 4g.20gb (0),1,,13,[CUDA memset]
19083078012,3200,387207,,,,,,,,,,0.031,9780.000,Pinned,Device,NVIDIA A100-SXM4-40GB MIG 4g.20gb (0),1,,13,[CUDA memcpy Host-to-Device]
19083084636,9824,387208,,,,,,,,,,0.197,20012.925,Pinned,Device,NVIDIA A100-SXM4-40GB MIG 4g.20gb (0),1,,13,[CUDA memcpy Host-to-Device]
19083224762,11136,387209,273,1,1,8,4,1,39,0.002,0.000,,,,,NVIDIA A100-SXM4-40GB MIG 4g.20gb (0),1,,13,"void channel_eq::eqMmseCoefCompLowMimoKernel<float, float, float, (unsigned int)4, (unsigned int)1, (unsigned int)4>(const channel_eq::_puschRxChEqStatDescr *, channel_eq::_puschRxChEqCoefCompDynDescr)"
19083329465,10944,387210,273,1,1,12,11,1,51,0.002,0.000,,,,,NVIDIA A100-SXM4-40GB MIG 4g.20gb (0),1,,13,"void channel_eq::eqMmseSoftDemapKernel<float, __half, __half, float, (unsigned int)4, (unsigned short)16383>(channel_eq::_puschRxChEqStatDescr *, channel_eq::_puschRxChEqSoftDemapDynDescr)"
19083430680,786487,387211,1,1,1,32,32,1,30,0.000,0.000,,,,,NVIDIA A100-SXM4-40GB MIG 4g.20gb (0),1,,13,"void convert_kernel<float2, __half2>(tensor_layout_any, T1 *, tensor_layout_any, const T2 *)"
19084424429,14688,387223,2253,1,1,128,1,1,16,0.000,0.000,,,,,NVIDIA A100-SXM4-40GB MIG 4g.20gb (0),1,,13,cupy_copy__float16_float16
19084844648,5216,387232,282,1,1,128,1,1,16,0.000,0.000,,,,,NVIDIA A100-SXM4-40GB MIG 4g.20gb (0),1,,13,cupy_copy__complex64_complex64
19085233380,4032,387241,26,1,1,128,1,1,16,0.000,0.000,,,,,NVIDIA A100-SXM4-40GB MIG 4g.20gb (0),1,,13,cupy_copy__float32_float32
19085324675,11008,387250,103,1,1,128,1,1,16,0.000,0.000,,,,,NVIDIA A100-SXM4-40GB MIG 4g.20gb (0),1,,13,cupy_copy__complex64_complex64
19085624928,16735,387260,1434,1,1,128,1,1,16,0.000,0.000,,,,,NVIDIA A100-SXM4-40GB MIG 4g.20gb (0),1,,13,cupy_copy__complex64_complex64
19085924316,260669,387265,1,1,1,32,32,1,30,0.000,0.000,,,,,NVIDIA A100-SXM4-40GB MIG 4g.20gb (0),1,,13,"void convert_kernel<__half2, float2>(tensor_layout_any, T1 *, tensor_layout_any, const T2 *)"
19086215449,5888,387268,,,,,,,,,,0.094,15912.954,Pinned,Device,NVIDIA A100-SXM4-40GB MIG 4g.20gb (0),1,,13,[CUDA memcpy Host-to-Device]
19086324152,611225,387269,,,,,,,,,,456.561,746934.516,Device,,NVIDIA A100-SXM4-40GB MIG 4g.20gb (0),1,,13,[CUDA memset]
19086940721,51423,387274,,,,,,,,,,1.235,24014.721,Pinned,Device,NVIDIA A100-SXM4-40GB MIG 4g.20gb (0),1,,13,[CUDA memcpy Host-to-Device]
19086994576,9952,387275,,,,,,,,,,0.197,19755.565,Pinned,Device,NVIDIA A100-SXM4-40GB MIG 4g.20gb (0),1,,13,[CUDA memcpy Host-to-Device]
19087345516,16160,387276,69,4,1,48,1,1,76,0.002,0.000,,,,,NVIDIA A100-SXM4-40GB MIG 4g.20gb (0),1,,13,"void ch_est::windowedChEstPreNoDftSOfdmKernel<float, __half, float, (unsigned int)2, (unsigned int)1, (unsigned short)4>(ch_est::puschRxChEstStatDescr_t *, ch_est::puschRxChEstDynDescr_t *)"
19087790247,12064,387277,137,2,1,24,2,1,44,0.001,0.001,,,,,NVIDIA A100-SXM4-40GB MIG 4g.20gb (0),1,,13,"void ch_est::chEstFilterNoDftSOfdmDispatchKernel<float, __half, float, (unsigned int)2>(ch_est::puschRxChEstStatDescr_t *, ch_est::puschRxChEstDynDescr_t *)"
19088278114,12960,387278,137,2,1,24,2,1,44,0.001,0.001,,,,,NVIDIA A100-SXM4-40GB MIG 4g.20gb (0),1,,13,"void ch_est::chEstFilterNoDftSOfdmDispatchKernel<float, __half, float, (unsigned int)2>(ch_est::puschRxChEstStatDescr_t *, ch_est::puschRxChEstDynDescr_t *)"
19088467840,11552,387289,103,1,1,128,1,1,16,0.000,0.000,,,,,NVIDIA A100-SXM4-40GB MIG 4g.20gb (0),1,,13,cupy_copy__complex64_complex64
19088611294,17024,387299,1434,1,1,128,1,1,16,0.000,0.000,,,,,NVIDIA A100-SXM4-40GB MIG 4g.20gb (0),1,,13,cupy_copy__complex64_complex64
19088808572,15456,387306,103,1,1,128,1,1,16,0.000,0.000,,,,,NVIDIA A100-SXM4-40GB MIG 4g.20gb (0),1,,13,cupy_copy__complex64_complex64
19088951834,312541,387313,1,1,1,32,32,1,30,0.000,0.000,,,,,NVIDIA A100-SXM4-40GB MIG 4g.20gb (0),1,,13,"void convert_kernel<__half2, float2>(tensor_layout_any, T1 *, tensor_layout_any, const T2 *)"
19089294775,5568,387316,,,,,,,,,,0.094,16827.521,Pinned,Device,NVIDIA A100-SXM4-40GB MIG 4g.20gb (0),1,,13,[CUDA memcpy Host-to-Device]
19089354070,47679,387317,,,,,,,,,,35.810,751041.452,Device,,NVIDIA A100-SXM4-40GB MIG 4g.20gb (0),1,,13,[CUDA memset]
19089407701,1952,387319,,,,,,,,,,0.000,40.984,Pinned,Device,NVIDIA A100-SXM4-40GB MIG 4g.20gb (0),1,,13,[CUDA memcpy Host-to-Device]
19089412149,10080,387320,,,,,,,,,,0.197,19504.693,Pinned,Device,NVIDIA A100-SXM4-40GB MIG 4g.20gb (0),1,,13,[CUDA memcpy Host-to-Device]
19089529140,9440,387321,273,1,1,48,1,1,40,0.000,0.001,,,,,NVIDIA A100-SXM4-40GB MIG 4g.20gb (0),1,,13,"void pusch_noise_intf_est::noiseIntfEstNoDftSOfdmKernel<float, __half, float, float, (unsigned int)2, (unsigned int)1, (unsigned char)4, (unsigned char)4>(pusch_noise_intf_est::puschRxNoiseIntfEstDynDescr)"
19089663155,4415,387332,35,1,1,128,1,1,16,0.000,0.000,,,,,NVIDIA A100-SXM4-40GB MIG 4g.20gb (0),1,,13,cupy_copy__complex64_complex64
19089669842,2688,387341,1,1,1,1,1,1,18,0.000,0.000,,,,,NVIDIA A100-SXM4-40GB MIG 4g.20gb (0),1,,13,cupy_copy__float32_float32
19089677618,1600,387347,,,,,,,,,,0.000,2.500,Device,Pageable,NVIDIA A100-SXM4-40GB MIG 4g.20gb (0),1,,7,[CUDA memcpy Device-to-Host]
19089796817,15872,387358,1434,1,1,128,1,1,16,0.000,0.000,,,,,NVIDIA A100-SXM4-40GB MIG 4g.20gb (0),1,,13,cupy_copy__complex64_complex64
19089814161,3328,387365,103,1,1,128,1,1,16,0.000,0.000,,,,,NVIDIA A100-SXM4-40GB MIG 4g.20gb (0),1,,13,cupy_copy__complex64_complex64
19089819473,2560,387372,35,1,1,128,1,1,16,0.000,0.000,,,,,NVIDIA A100-SXM4-40GB MIG 4g.20gb (0),1,,13,cupy_copy__complex64_complex64
19089824081,2080,387379,1,1,1,1,1,1,18,0.000,0.000,,,,,NVIDIA A100-SXM4-40GB MIG 4g.20gb (0),1,,13,cupy_copy__float32_float32
19089969231,285853,387390,1,1,1,32,32,1,30,0.000,0.000,,,,,NVIDIA A100-SXM4-40GB MIG 4g.20gb (0),1,,13,"void convert_kernel<__half2, float2>(tensor_layout_any, T1 *, tensor_layout_any, const T2 *)"
19090284012,12095,387393,,,,,,,,,,0.094,7746.598,Pinned,Device,NVIDIA A100-SXM4-40GB MIG 4g.20gb (0),1,,13,[CUDA memcpy Host-to-Device]
19090301643,10656,387394,,,,,,,,,,1.547,145139.836,Device,,NVIDIA A100-SXM4-40GB MIG 4g.20gb (0),1,,13,[CUDA memset]
19090321067,3296,387399,,,,,,,,,,0.031,9495.144,Pinned,Device,NVIDIA A100-SXM4-40GB MIG 4g.20gb (0),1,,13,[CUDA memcpy Host-to-Device]
19090332139,9504,387400,,,,,,,,,,0.197,20686.701,Pinned,Device,NVIDIA A100-SXM4-40GB MIG 4g.20gb (0),1,,13,[CUDA memcpy Host-to-Device]
19090389674,25856,387401,273,1,1,8,4,1,39,0.002,0.000,,,,,NVIDIA A100-SXM4-40GB MIG 4g.20gb (0),1,,13,"void channel_eq::eqMmseCoefCompLowMimoKernel<float, float, float, (unsigned int)4, (unsigned int)1, (unsigned int)4>(const channel_eq::_puschRxChEqStatDescr *, channel_eq::_puschRxChEqCoefCompDynDescr)"
19090420106,8224,387402,273,1,1,12,11,1,51,0.002,0.000,,,,,NVIDIA A100-SXM4-40GB MIG 4g.20gb (0),1,,13,"void channel_eq::eqMmseSoftDemapKernel<float, __half, __half, float, (unsigned int)4, (unsigned short)16383>(channel_eq::_puschRxChEqStatDescr *, channel_eq::_puschRxChEqSoftDemapDynDescr)"
19090486089,862327,387403,1,1,1,32,32,1,30,0.000,0.000,,,,,NVIDIA A100-SXM4-40GB MIG 4g.20gb (0),1,,13,"void convert_kernel<float2, __half2>(tensor_layout_any, T1 *, tensor_layout_any, const T2 *)"
19091674780,14496,387415,2253,1,1,128,1,1,16,0.000,0.000,,,,,NVIDIA A100-SXM4-40GB MIG 4g.20gb (0),1,,13,cupy_copy__float16_float16
19092090583,13888,387424,282,1,1,128,1,1,16,0.000,0.000,,,,,NVIDIA A100-SXM4-40GB MIG 4g.20gb (0),1,,13,cupy_copy__complex64_complex64
19092449683,6176,387433,26,1,1,128,1,1,16,0.000,0.000,,,,,NVIDIA A100-SXM4-40GB MIG 4g.20gb (0),1,,13,cupy_copy__float32_float32
19092536658,6976,387442,103,1,1,128,1,1,16,0.000,0.000,,,,,NVIDIA A100-SXM4-40GB MIG 4g.20gb (0),1,,13,cupy_copy__complex64_complex64
19092779280,21887,387452,1434,1,1,128,1,1,16,0.000,0.000,,,,,NVIDIA A100-SXM4-40GB MIG 4g.20gb (0),1,,13,cupy_copy__complex64_complex64
19092874127,306588,387457,1,1,1,32,32,1,30,0.000,0.000,,,,,NVIDIA A100-SXM4-40GB MIG 4g.20gb (0),1,,13,"void convert_kernel<__half2, float2>(tensor_layout_any, T1 *, tensor_layout_any, const T2 *)"
19093210763,5728,387460,,,,,,,,,,0.094,16357.541,Pinned,Device,NVIDIA A100-SXM4-40GB MIG 4g.20gb (0),1,,13,[CUDA memcpy Host-to-Device]
19093446440,611481,387461,,,,,,,,,,456.561,746477.954,Device,,NVIDIA A100-SXM4-40GB MIG 4g.20gb (0),1,,13,[CUDA memset]
19094060769,52896,387466,,,,,,,,,,1.235,23346.616,Pinned,Device,NVIDIA A100-SXM4-40GB MIG 4g.20gb (0),1,,13,[CUDA memcpy Host-to-Device]
19094116545,9600,387467,,,,,,,,,,0.197,20479.869,Pinned,Device,NVIDIA A100-SXM4-40GB MIG 4g.20gb (0),1,,13,[CUDA memcpy Host-to-Device]
19094382942,20288,387468,69,4,1,48,1,1,76,0.002,0.000,,,,,NVIDIA A100-SXM4-40GB MIG 4g.20gb (0),1,,13,"void ch_est::windowedChEstPreNoDftSOfdmKernel<float, __half, float, (unsigned int)2, (unsigned int)1, (unsigned short)4>(ch_est::puschRxChEstStatDescr_t *, ch_est::puschRxChEstDynDescr_t *)"
19094540476,14368,387469,137,2,1,24,2,1,44,0.001,0.001,,,,,NVIDIA A100-SXM4-40GB MIG 4g.20gb (0),1,,13,"void ch_est::chEstFilterNoDftSOfdmDispatchKernel<float, __half, float, (unsigned int)2>(ch_est::puschRxChEstStatDescr_t *, ch_est::puschRxChEstDynDescr_t *)"
19094996055,12992,387470,137,2,1,24,2,1,44,0.001,0.001,,,,,NVIDIA A100-SXM4-40GB MIG 4g.20gb (0),1,,13,"void ch_est::chEstFilterNoDftSOfdmDispatchKernel<float, __half, float, (unsigned int)2>(ch_est::puschRxChEstStatDescr_t *, ch_est::puschRxChEstDynDescr_t *)"
19095494225,5984,387481,103,1,1,128,1,1,16,0.000,0.000,,,,,NVIDIA A100-SXM4-40GB MIG 4g.20gb (0),1,,13,cupy_copy__complex64_complex64
19095580080,20288,387491,1434,1,1,128,1,1,16,0.000,0.000,,,,,NVIDIA A100-SXM4-40GB MIG 4g.20gb (0),1,,13,cupy_copy__complex64_complex64
19095731951,4928,387498,103,1,1,128,1,1,16,0.000,0.000,,,,,NVIDIA A100-SXM4-40GB MIG 4g.20gb (0),1,,13,cupy_copy__complex64_complex64
19095780046,421403,387505,1,1,1,32,32,1,30,0.000,0.000,,,,,NVIDIA A100-SXM4-40GB MIG 4g.20gb (0),1,,13,"void convert_kernel<__half2, float2>(tensor_layout_any, T1 *, tensor_layout_any, const T2 *)"
19096230953,6080,387508,,,,,,,,,,0.094,15410.462,Pinned,Device,NVIDIA A100-SXM4-40GB MIG 4g.20gb (0),1,,13,[CUDA memcpy Host-to-Device]
19096339432,57791,387509,,,,,,,,,,35.810,619619.046,Device,,NVIDIA A100-SXM4-40GB MIG 4g.20gb (0),1,,13,[CUDA memset]
19096405927,3392,387511,,,,,,,,,,0.000,23.585,Pinned,Device,NVIDIA A100-SXM4-40GB MIG 4g.20gb (0),1,,13,[CUDA memcpy Host-to-Device]
19096412647,9728,387512,,,,,,,,,,0.197,20210.516,Pinned,Device,NVIDIA A100-SXM4-40GB MIG 4g.20gb (0),1,,13,[CUDA memcpy Host-to-Device]
19096527238,48191,387513,273,1,1,48,1,1,40,0.000,0.001,,,,,NVIDIA A100-SXM4-40GB MIG 4g.20gb (0),1,,13,"void pusch_noise_intf_est::noiseIntfEstNoDftSOfdmKernel<float, __half, float, float, (unsigned int)2, (unsigned int)1, (unsigned char)4, (unsigned char)4>(pusch_noise_intf_est::puschRxNoiseIntfEstDynDescr)"
19096729988,11071,387524,35,1,1,128,1,1,16,0.000,0.000,,,,,NVIDIA A100-SXM4-40GB MIG 4g.20gb (0),1,,13,cupy_copy__complex64_complex64
19097086144,6559,387533,1,1,1,1,1,1,18,0.000,0.000,,,,,NVIDIA A100-SXM4-40GB MIG 4g.20gb (0),1,,13,cupy_copy__float32_float32
19097102751,1696,387539,,,,,,,,,,0.000,2.358,Device,Pageable,NVIDIA A100-SXM4-40GB MIG 4g.20gb (0),1,,7,[CUDA memcpy Device-to-Host]
19097399452,20576,387550,1434,1,1,128,1,1,16,0.000,0.000,,,,,NVIDIA A100-SXM4-40GB MIG 4g.20gb (0),1,,13,cupy_copy__complex64_complex64
19097855607,3904,387557,103,1,1,128,1,1,16,0.000,0.000,,,,,NVIDIA A100-SXM4-40GB MIG 4g.20gb (0),1,,13,cupy_copy__complex64_complex64
19098123124,6912,387564,35,1,1,128,1,1,16,0.000,0.000,,,,,NVIDIA A100-SXM4-40GB MIG 4g.20gb (0),1,,13,cupy_copy__complex64_complex64
19098384017,6592,387571,1,1,1,1,1,1,18,0.000,0.000,,,,,NVIDIA A100-SXM4-40GB MIG 4g.20gb (0),1,,13,cupy_copy__float32_float32
19098831564,296317,387582,1,1,1,32,32,1,30,0.000,0.000,,,,,NVIDIA A100-SXM4-40GB MIG 4g.20gb (0),1,,13,"void convert_kernel<__half2, float2>(tensor_layout_any, T1 *, tensor_layout_any, const T2 *)"
19099158440,5888,387585,,,,,,,,,,0.094,15912.954,Pinned,Device,NVIDIA A100-SXM4-40GB MIG 4g.20gb (0),1,,13,[CUDA memcpy Host-to-Device]
19099550532,10560,387586,,,,,,,,,,1.547,146459.106,Device,,NVIDIA A100-SXM4-40GB MIG 4g.20gb (0),1,,13,[CUDA memset]
19099566724,3232,387591,,,,,,,,,,0.031,9683.139,Pinned,Device,NVIDIA A100-SXM4-40GB MIG 4g.20gb (0),1,,13,[CUDA memcpy Host-to-Device]
19099572548,10368,387592,,,,,,,,,,0.197,18962.842,Pinned,Device,NVIDIA A100-SXM4-40GB MIG 4g.20gb (0),1,,13,[CUDA memcpy Host-to-Device]
19100205725,18783,387593,273,1,1,8,4,1,39,0.002,0.000,,,,,NVIDIA A100-SXM4-40GB MIG 4g.20gb (0),1,,13,"void channel_eq::eqMmseCoefCompLowMimoKernel<float, float, float, (unsigned int)4, (unsigned int)1, (unsigned int)4>(const channel_eq::_puschRxChEqStatDescr *, channel_eq::_puschRxChEqCoefCompDynDescr)"
19100641752,13024,387594,273,1,1,12,11,1,51,0.002,0.000,,,,,NVIDIA A100-SXM4-40GB MIG 4g.20gb (0),1,,13,"void channel_eq::eqMmseSoftDemapKernel<float, __half, __half, float, (unsigned int)4, (unsigned short)16383>(channel_eq::_puschRxChEqStatDescr *, channel_eq::_puschRxChEqSoftDemapDynDescr)"
19101086323,690808,387595,1,1,1,32,32,1,30,0.000,0.000,,,,,NVIDIA A100-SXM4-40GB MIG 4g.20gb (0),1,,13,"void convert_kernel<float2, __half2>(tensor_layout_any, T1 *, tensor_layout_any, const T2 *)"
19102240838,20032,387607,2253,1,1,128,1,1,16,0.000,0.000,,,,,NVIDIA A100-SXM4-40GB MIG 4g.20gb (0),1,,13,cupy_copy__float16_float16
19102691809,8992,387616,282,1,1,128,1,1,16,0.000,0.000,,,,,NVIDIA A100-SXM4-40GB MIG 4g.20gb (0),1,,13,cupy_copy__complex64_complex64
19102912190,3584,387625,26,1,1,128,1,1,16,0.000,0.000,,,,,NVIDIA A100-SXM4-40GB MIG 4g.20gb (0),1,,13,cupy_copy__float32_float32
19102952510,11680,387634,103,1,1,128,1,1,16,0.000,0.000,,,,,NVIDIA A100-SXM4-40GB MIG 4g.20gb (0),1,,13,cupy_copy__complex64_complex64
19103168540,19071,387644,1434,1,1,128,1,1,16,0.000,0.000,,,,,NVIDIA A100-SXM4-40GB MIG 4g.20gb (0),1,,13,cupy_copy__complex64_complex64
19103431097,345372,387649,1,1,1,32,32,1,30,0.000,0.000,,,,,NVIDIA A100-SXM4-40GB MIG 4g.20gb (0),1,,13,"void convert_kernel<__half2, float2>(tensor_layout_any, T1 *, tensor_layout_any, const T2 *)"
19103809076,5600,387652,,,,,,,,,,0.094,16731.388,Pinned,Device,NVIDIA A100-SXM4-40GB MIG 4g.20gb (0),1,,13,[CUDA memcpy Host-to-Device]
19104099281,604889,387653,,,,,,,,,,456.561,754696.060,Device,,NVIDIA A100-SXM4-40GB MIG 4g.20gb (0),1,,13,[CUDA memset]
19104707722,52224,387658,,,,,,,,,,1.235,23646.708,Pinned,Device,NVIDIA A100-SXM4-40GB MIG 4g.20gb (0),1,,13,[CUDA memcpy Host-to-Device]
19104762538,9984,387659,,,,,,,,,,0.197,19692.257,Pinned,Device,NVIDIA A100-SXM4-40GB MIG 4g.20gb (0),1,,13,[CUDA memcpy Host-to-Device]
19104896264,20256,387660,69,4,1,48,1,1,76,0.002,0.000,,,,,NVIDIA A100-SXM4-40GB MIG 4g.20gb (0),1,,13,"void ch_est::windowedChEstPreNoDftSOfdmKernel<float, __half, float, (unsigned int)2, (unsigned int)1, (unsigned short)4>(ch_est::puschRxChEstStatDescr_t *, ch_est::puschRxChEstDynDescr_t *)"
19105267044,19232,387661,137,2,1,24,2,1,44,0.001,0.001,,,,,NVIDIA A100-SXM4-40GB MIG 4g.20gb (0),1,,13,"void ch_est::chEstFilterNoDftSOfdmDispatchKernel<float, __half, float, (unsigned int)2>(ch_est::puschRxChEstStatDescr_t *, ch_est::puschRxChEstDynDescr_t *)"
19105414434,16128,387662,137,2,1,24,2,1,44,0.001,0.001,,,,,NVIDIA A100-SXM4-40GB MIG 4g.20gb (0),1,,13,"void ch_est::chEstFilterNoDftSOfdmDispatchKernel<float, __half, float, (unsigned int)2>(ch_est::puschRxChEstStatDescr_t *, ch_est::puschRxChEstDynDescr_t *)"
19105779646,9056,387673,103,1,1,128,1,1,16,0.000,0.000,,,,,NVIDIA A100-SXM4-40GB MIG 4g.20gb (0),1,,13,cupy_copy__complex64_complex64
19106052923,20608,387683,1434,1,1,128,1,1,16,0.000,0.000,,,,,NVIDIA A100-SXM4-40GB MIG 4g.20gb (0),1,,13,cupy_copy__complex64_complex64
19106267129,5056,387690,103,1,1,128,1,1,16,0.000,0.000,,,,,NVIDIA A100-SXM4-40GB MIG 4g.20gb (0),1,,13,cupy_copy__complex64_complex64
19106769555,227454,387697,1,1,1,32,32,1,30,0.000,0.000,,,,,NVIDIA A100-SXM4-40GB MIG 4g.20gb (0),1,,13,"void convert_kernel<__half2, float2>(tensor_layout_any, T1 *, tensor_layout_any, const T2 *)"
19107025104,5440,387700,,,,,,,,,,0.094,17223.480,Pinned,Device,NVIDIA A100-SXM4-40GB MIG 4g.20gb (0),1,,13,[CUDA memcpy Host-to-Device]
19107486859,53952,387701,,,,,,,,,,35.810,663701.057,Device,,NVIDIA A100-SXM4-40GB MIG 4g.20gb (0),1,,13,[CUDA memset]
19107549899,2016,387703,,,,,,,,,,0.000,39.682,Pinned,Device,NVIDIA A100-SXM4-40GB MIG 4g.20gb (0),1,,13,[CUDA memcpy Host-to-Device]
19107555563,9663,387704,,,,,,,,,,0.197,20346.372,Pinned,Device,NVIDIA A100-SXM4-40GB MIG 4g.20gb (0),1,,13,[CUDA memcpy Host-to-Device]
19107967078,26816,387705,273,1,1,48,1,1,40,0.000,0.001,,,,,NVIDIA A100-SXM4-40GB MIG 4g.20gb (0),1,,13,"void pusch_noise_intf_est::noiseIntfEstNoDftSOfdmKernel<float, __half, float, float, (unsigned int)2, (unsigned int)1, (unsigned char)4, (unsigned char)4>(pusch_noise_intf_est::puschRxNoiseIntfEstDynDescr)"
19108401889,7904,387716,35,1,1,128,1,1,16,0.000,0.000,,,,,NVIDIA A100-SXM4-40GB MIG 4g.20gb (0),1,,13,cupy_copy__complex64_complex64
19108505024,3072,387725,1,1,1,1,1,1,18,0.000,0.000,,,,,NVIDIA A100-SXM4-40GB MIG 4g.20gb (0),1,,13,cupy_copy__float32_float32
19108515520,4096,387731,,,,,,,,,,0.000,0.977,Device,Pageable,NVIDIA A100-SXM4-40GB MIG 4g.20gb (0),1,,7,[CUDA memcpy Device-to-Host]
19108832924,18432,387742,1434,1,1,128,1,1,16,0.000,0.000,,,,,NVIDIA A100-SXM4-40GB MIG 4g.20gb (0),1,,13,cupy_copy__complex64_complex64
19109066330,7648,387749,103,1,1,128,1,1,16,0.000,0.000,,,,,NVIDIA A100-SXM4-40GB MIG 4g.20gb (0),1,,13,cupy_copy__complex64_complex64
19109167896,4032,387756,35,1,1,128,1,1,16,0.000,0.000,,,,,NVIDIA A100-SXM4-40GB MIG 4g.20gb (0),1,,13,cupy_copy__complex64_complex64
19109175224,2688,387763,1,1,1,1,1,1,18,0.000,0.000,,,,,NVIDIA A100-SXM4-40GB MIG 4g.20gb (0),1,,13,cupy_copy__float32_float32
19109280727,383196,387774,1,1,1,32,32,1,30,0.000,0.000,,,,,NVIDIA A100-SXM4-40GB MIG 4g.20gb (0),1,,13,"void convert_kernel<__half2, float2>(tensor_layout_any, T1 *, tensor_layout_any, const T2 *)"
19109692211,5792,387777,,,,,,,,,,0.094,16176.708,Pinned,Device,NVIDIA A100-SXM4-40GB MIG 4g.20gb (0),1,,13,[CUDA memcpy Host-to-Device]
19109729810,8192,387778,,,,,,,,,,1.547,188796.392,Device,,NVIDIA A100-SXM4-40GB MIG 4g.20gb (0),1,,13,[CUDA memset]
19109744498,3040,387783,,,,,,,,,,0.031,10294.725,Pinned,Device,NVIDIA A100-SXM4-40GB MIG 4g.20gb (0),1,,13,[CUDA memcpy Host-to-Device]
19109750162,9536,387784,,,,,,,,,,0.197,20617.298,Pinned,Device,NVIDIA A100-SXM4-40GB MIG 4g.20gb (0),1,,13,[CUDA memcpy Host-to-Device]
19109764690,6912,387785,273,1,1,8,4,1,39,0.002,0.000,,,,,NVIDIA A100-SXM4-40GB MIG 4g.20gb (0),1,,13,"void channel_eq::eqMmseCoefCompLowMimoKernel<float, float, float, (unsigned int)4, (unsigned int)1, (unsigned int)4>(const channel_eq::_puschRxChEqStatDescr *, channel_eq::_puschRxChEqCoefCompDynDescr)"
19109773778,7360,387786,273,1,1,12,11,1,51,0.002,0.000,,,,,NVIDIA A100-SXM4-40GB MIG 4g.20gb (0),1,,13,"void channel_eq::eqMmseSoftDemapKernel<float, __half, __half, float, (unsigned int)4, (unsigned short)16383>(channel_eq::_puschRxChEqStatDescr *, channel_eq::_puschRxChEqSoftDemapDynDescr)"
19109783186,600953,387787,1,1,1,32,32,1,30,0.000,0.000,,,,,NVIDIA A100-SXM4-40GB MIG 4g.20gb (0),1,,13,"void convert_kernel<float2, __half2>(tensor_layout_any, T1 *, tensor_layout_any, const T2 *)"
19110395755,25023,387799,2253,1,1,128,1,1,16,0.000,0.000,,,,,NVIDIA A100-SXM4-40GB MIG 4g.20gb (0),1,,13,cupy_copy__float16_float16
19110557449,10848,387808,282,1,1,128,1,1,16,0.000,0.000,,,,,NVIDIA A100-SXM4-40GB MIG 4g.20gb (0),1,,13,cupy_copy__complex64_complex64
19110717863,6304,387817,26,1,1,128,1,1,16,0.000,0.000,,,,,NVIDIA A100-SXM4-40GB MIG 4g.20gb (0),1,,13,cupy_copy__float32_float32
19110768039,7328,387826,103,1,1,128,1,1,16,0.000,0.000,,,,,NVIDIA A100-SXM4-40GB MIG 4g.20gb (0),1,,13,cupy_copy__complex64_complex64
19110870853,28160,387836,1434,1,1,128,1,1,16,0.000,0.000,,,,,NVIDIA A100-SXM4-40GB MIG 4g.20gb (0),1,,13,cupy_copy__complex64_complex64
19111034500,464250,387841,1,1,1,32,32,1,30,0.000,0.000,,,,,NVIDIA A100-SXM4-40GB MIG 4g.20gb (0),1,,13,"void convert_kernel<__half2, float2>(tensor_layout_any, T1 *, tensor_layout_any, const T2 *)"
19111526910,5952,387844,,,,,,,,,,0.094,15741.865,Pinned,Device,NVIDIA A100-SXM4-40GB MIG 4g.20gb (0),1,,13,[CUDA memcpy Host-to-Device]
19111688924,604826,387845,,,,,,,,,,456.561,754696.060,Device,,NVIDIA A100-SXM4-40GB MIG 4g.20gb (0),1,,13,[CUDA memset]
19112297653,50752,387850,,,,,,,,,,1.235,24332.102,Pinned,Device,NVIDIA A100-SXM4-40GB MIG 4g.20gb (0),1,,13,[CUDA memcpy Host-to-Device]
19112351349,9824,387851,,,,,,,,,,0.197,20012.925,Pinned,Device,NVIDIA A100-SXM4-40GB MIG 4g.20gb (0),1,,13,[CUDA memcpy Host-to-Device]
19112647538,15167,387852,69,4,1,48,1,1,76,0.002,0.000,,,,,NVIDIA A100-SXM4-40GB MIG 4g.20gb (0),1,,13,"void ch_est::windowedChEstPreNoDftSOfdmKernel<float, __half, float, (unsigned int)2, (unsigned int)1, (unsigned short)4>(ch_est::puschRxChEstStatDescr_t *, ch_est::puschRxChEstDynDescr_t *)"
19113087213,11648,387853,137,2,1,24,2,1,44,0.001,0.001,,,,,NVIDIA A100-SXM4-40GB MIG 4g.20gb (0),1,,13,"void ch_est::chEstFilterNoDftSOfdmDispatchKernel<float, __half, float, (unsigned int)2>(ch_est::puschRxChEstStatDescr_t *, ch_est::puschRxChEstDynDescr_t *)"
19113522184,11616,387854,137,2,1,24,2,1,44,0.001,0.001,,,,,NVIDIA A100-SXM4-40GB MIG 4g.20gb (0),1,,13,"void ch_est::chEstFilterNoDftSOfdmDispatchKernel<float, __half, float, (unsigned int)2>(ch_est::puschRxChEstStatDescr_t *, ch_est::puschRxChEstDynDescr_t *)"
19113832580,6848,387865,103,1,1,128,1,1,16,0.000,0.000,,,,,NVIDIA A100-SXM4-40GB MIG 4g.20gb (0),1,,13,cupy_copy__complex64_complex64
19114169313,31679,387875,1434,1,1,128,1,1,16,0.000,0.000,,,,,NVIDIA A100-SXM4-40GB MIG 4g.20gb (0),1,,13,cupy_copy__complex64_complex64
19114432318,4736,387882,103,1,1,128,1,1,16,0.000,0.000,,,,,NVIDIA A100-SXM4-40GB MIG 4g.20gb (0),1,,13,cupy_copy__complex64_complex64
19114835353,314077,387889,1,1,1,32,32,1,30,0.000,0.000,,,,,NVIDIA A100-SXM4-40GB MIG 4g.20gb (0),1,,13,"void convert_kernel<__half2, float2>(tensor_layout_any, T1 *, tensor_layout_any, const T2 *)"
19115179637,6208,387892,,,,,,,,,,0.094,15092.739,Pinned,Device,NVIDIA A100-SXM4-40GB MIG 4g.20gb (0),1,,13,[CUDA memcpy Host-to-Device]
19115486642,52447,387893,,,,,,,,,,35.810,682751.935,Device,,NVIDIA A100-SXM4-40GB MIG 4g.20gb (0),1,,13,[CUDA memset]
19115541489,1856,387895,,,,,,,,,,0.000,43.103,Pinned,Device,NVIDIA A100-SXM4-40GB MIG 4g.20gb (0),1,,13,[CUDA memcpy Host-to-Device]
19115548017,9728,387896,,,,,,,,,,0.197,20210.516,Pinned,Device,NVIDIA A100-SXM4-40GB MIG 4g.20gb (0),1,,13,[CUDA memcpy Host-to-Device]
19115978668,23584,387897,273,1,1,48,1,1,40,0.000,0.001,,,,,NVIDIA A100-SXM4-40GB MIG 4g.20gb (0),1,,13,"void pusch_noise_intf_est::noiseIntfEstNoDftSOfdmKernel<float, __half, float, float, (unsigned int)2, (unsigned int)1, (unsigned char)4, (unsigned char)4>(pusch_noise_intf_est::puschRxNoiseIntfEstDynDescr)"
19116415879,4288,387908,35,1,1,128,1,1,16,0.000,0.000,,,,,NVIDIA A100-SXM4-40GB MIG 4g.20gb (0),1,,13,cupy_copy__complex64_complex64
19116520806,3840,387917,1,1,1,1,1,1,18,0.000,0.000,,,,,NVIDIA A100-SXM4-40GB MIG 4g.20gb (0),1,,13,cupy_copy__float32_float32
19116534534,2048,387923,,,,,,,,,,0.000,1.953,Device,Pageable,NVIDIA A100-SXM4-40GB MIG 4g.20gb (0),1,,7,[CUDA memcpy Device-to-Host]
19116631013,16544,387934,1434,1,1,128,1,1,16,0.000,0.000,,,,,NVIDIA A100-SXM4-40GB MIG 4g.20gb (0),1,,13,cupy_copy__complex64_complex64
19116649765,3328,387941,103,1,1,128,1,1,16,0.000,0.000,,,,,NVIDIA A100-SXM4-40GB MIG 4g.20gb (0),1,,13,cupy_copy__complex64_complex64
19116759844,4096,387948,35,1,1,128,1,1,16,0.000,0.000,,,,,NVIDIA A100-SXM4-40GB MIG 4g.20gb (0),1,,13,cupy_copy__complex64_complex64
19116765476,2432,387955,1,1,1,1,1,1,18,0.000,0.000,,,,,NVIDIA A100-SXM4-40GB MIG 4g.20gb (0),1,,13,cupy_copy__float32_float32
19116815491,179358,387966,1,1,1,32,32,1,30,0.000,0.000,,,,,NVIDIA A100-SXM4-40GB MIG 4g.20gb (0),1,,13,"void convert_kernel<__half2, float2>(tensor_layout_any, T1 *, tensor_layout_any, const T2 *)"
19117024449,5376,387969,,,,,,,,,,0.094,17428.487,Pinned,Device,NVIDIA A100-SXM4-40GB MIG 4g.20gb (0),1,,13,[CUDA memcpy Host-to-Device]
19117039296,3200,387970,,,,,,,,,,1.547,483320.000,Device,,NVIDIA A100-SXM4-40GB MIG 4g.20gb (0),1,,13,[CUDA memset]
19117045760,3008,387975,,,,,,,,,,0.031,10404.230,Pinned,Device,NVIDIA A100-SXM4-40GB MIG 4g.20gb (0),1,,13,[CUDA memcpy Host-to-Device]
19117051264,9504,387976,,,,,,,,,,0.197,20686.701,Pinned,Device,NVIDIA A100-SXM4-40GB MIG 4g.20gb (0),1,,13,[CUDA memcpy Host-to-Device]
19117064736,7008,387977,273,1,1,8,4,1,39,0.002,0.000,,,,,NVIDIA A100-SXM4-40GB MIG 4g.20gb (0),1,,13,"void channel_eq::eqMmseCoefCompLowMimoKernel<float, float, float, (unsigned int)4, (unsigned int)1, (unsigned int)4>(const channel_eq::_puschRxChEqStatDescr *, channel_eq::_puschRxChEqCoefCompDynDescr)"
19117073408,6688,387978,273,1,1,12,11,1,51,0.002,0.000,,,,,NVIDIA A100-SXM4-40GB MIG 4g.20gb (0),1,,13,"void channel_eq::eqMmseSoftDemapKernel<float, __half, __half, float, (unsigned int)4, (unsigned short)16383>(channel_eq::_puschRxChEqStatDescr *, channel_eq::_puschRxChEqSoftDemapDynDescr)"
19117082080,281309,387979,1,1,1,32,32,1,30,0.000,0.000,,,,,NVIDIA A100-SXM4-40GB MIG 4g.20gb (0),1,,13,"void convert_kernel<float2, __half2>(tensor_layout_any, T1 *, tensor_layout_any, const T2 *)"
19117365053,10496,387991,2253,1,1,128,1,1,16,0.000,0.000,,,,,NVIDIA A100-SXM4-40GB MIG 4g.20gb (0),1,,13,cupy_copy__float16_float16
19117377501,2848,388000,282,1,1,128,1,1,16,0.000,0.000,,,,,NVIDIA A100-SXM4-40GB MIG 4g.20gb (0),1,,13,cupy_copy__complex64_complex64
19117382653,2112,388009,26,1,1,128,1,1,16,0.000,0.000,,,,,NVIDIA A100-SXM4-40GB MIG 4g.20gb (0),1,,13,cupy_copy__float32_float32
19117386685,2944,388018,103,1,1,128,1,1,16,0.000,0.000,,,,,NVIDIA A100-SXM4-40GB MIG 4g.20gb (0),1,,13,cupy_copy__complex64_complex64
19117390845,12127,388028,1434,1,1,128,1,1,16,0.000,0.000,,,,,NVIDIA A100-SXM4-40GB MIG 4g.20gb (0),1,,13,cupy_copy__complex64_complex64
19117421756,79679,388033,1,1,1,32,32,1,30,0.000,0.000,,,,,NVIDIA A100-SXM4-40GB MIG 4g.20gb (0),1,,13,"void convert_kernel<__half2, float2>(tensor_layout_any, T1 *, tensor_layout_any, const T2 *)"
19117531003,5536,388036,,,,,,,,,,0.094,16924.777,Pinned,Device,NVIDIA A100-SXM4-40GB MIG 4g.20gb (0),1,,13,[CUDA memcpy Host-to-Device]
19117541275,606489,388037,,,,,,,,,,456.561,752413.253,Device,,NVIDIA A100-SXM4-40GB MIG 4g.20gb (0),1,,13,[CUDA memset]
19118155764,50879,388042,,,,,,,,,,1.235,24271.589,Pinned,Device,NVIDIA A100-SXM4-40GB MIG 4g.20gb (0),1,,13,[CUDA memcpy Host-to-Device]
19118209299,9568,388043,,,,,,,,,,0.197,20548.485,Pinned,Device,NVIDIA A100-SXM4-40GB MIG 4g.20gb (0),1,,13,[CUDA memcpy Host-to-Device]
19118328530,13664,388044,69,4,1,48,1,1,76,0.002,0.000,,,,,NVIDIA A100-SXM4-40GB MIG 4g.20gb (0),1,,13,"void ch_est::windowedChEstPreNoDftSOfdmKernel<float, __half, float, (unsigned int)2, (unsigned int)1, (unsigned short)4>(ch_est::puschRxChEstStatDescr_t *, ch_est::puschRxChEstDynDescr_t *)"
19118468177,14399,388045,137,2,1,24,2,1,44,0.001,0.001,,,,,NVIDIA A100-SXM4-40GB MIG 4g.20gb (0),1,,13,"void ch_est::chEstFilterNoDftSOfdmDispatchKernel<float, __half, float, (unsigned int)2>(ch_est::puschRxChEstStatDescr_t *, ch_est::puschRxChEstDynDescr_t *)"
19118519984,36192,388046,137,2,1,24,2,1,44,0.001,0.001,,,,,NVIDIA A100-SXM4-40GB MIG 4g.20gb (0),1,,13,"void ch_est::chEstFilterNoDftSOfdmDispatchKernel<float, __half, float, (unsigned int)2>(ch_est::puschRxChEstStatDescr_t *, ch_est::puschRxChEstDynDescr_t *)"
19118657230,8544,388057,103,1,1,128,1,1,16,0.000,0.000,,,,,NVIDIA A100-SXM4-40GB MIG 4g.20gb (0),1,,13,cupy_copy__complex64_complex64
19118905484,28031,388067,1434,1,1,128,1,1,16,0.000,0.000,,,,,NVIDIA A100-SXM4-40GB MIG 4g.20gb (0),1,,13,cupy_copy__complex64_complex64
19119116201,5440,388074,103,1,1,128,1,1,16,0.000,0.000,,,,,NVIDIA A100-SXM4-40GB MIG 4g.20gb (0),1,,13,cupy_copy__complex64_complex64
19119548836,221822,388081,1,1,1,32,32,1,30,0.000,0.000,,,,,NVIDIA A100-SXM4-40GB MIG 4g.20gb (0),1,,13,"void convert_kernel<__half2, float2>(tensor_layout_any, T1 *, tensor_layout_any, const T2 *)"
19119801378,6048,388084,,,,,,,,,,0.094,15491.978,Pinned,Device,NVIDIA A100-SXM4-40GB MIG 4g.20gb (0),1,,13,[CUDA memcpy Host-to-Device]
19120179229,56864,388085,,,,,,,,,,35.810,629717.443,Device,,NVIDIA A100-SXM4-40GB MIG 4g.20gb (0),1,,13,[CUDA memset]
19120244157,3936,388087,,,,,,,,,,0.000,20.325,Pinned,Device,NVIDIA A100-SXM4-40GB MIG 4g.20gb (0),1,,13,[CUDA memcpy Host-to-Device]
19120251101,9823,388088,,,,,,,,,,0.197,20014.891,Pinned,Device,NVIDIA A100-SXM4-40GB MIG 4g.20gb (0),1,,13,[CUDA memcpy Host-to-Device]
19120655064,33984,388089,273,1,1,48,1,1,40,0.000,0.001,,,,,NVIDIA A100-SXM4-40GB MIG 4g.20gb (0),1,,13,"void pusch_noise_intf_est::noiseIntfEstNoDftSOfdmKernel<float, __half, float, float, (unsigned int)2, (unsigned int)1, (unsigned char)4, (unsigned char)4>(pusch_noise_intf_est::puschRxNoiseIntfEstDynDescr)"
19121081619,10144,388100,35,1,1,128,1,1,16,0.000,0.000,,,,,NVIDIA A100-SXM4-40GB MIG 4g.20gb (0),1,,13,cupy_copy__complex64_complex64
19121314033,6240,388109,1,1,1,1,1,1,18,0.000,0.000,,,,,NVIDIA A100-SXM4-40GB MIG 4g.20gb (0),1,,13,cupy_copy__float32_float32
19121328529,1952,388115,,,,,,,,,,0.000,2.049,Device,Pageable,NVIDIA A100-SXM4-40GB MIG 4g.20gb (0),1,,7,[CUDA memcpy Device-to-Host]
19121743500,28576,388126,1434,1,1,128,1,1,16,0.000,0.000,,,,,NVIDIA A100-SXM4-40GB MIG 4g.20gb (0),1,,13,cupy_copy__complex64_complex64
19122021545,5472,388133,103,1,1,128,1,1,16,0.000,0.000,,,,,NVIDIA A100-SXM4-40GB MIG 4g.20gb (0),1,,13,cupy_copy__complex64_complex64
19122350277,6240,388140,35,1,1,128,1,1,16,0.000,0.000,,,,,NVIDIA A100-SXM4-40GB MIG 4g.20gb (0),1,,13,cupy_copy__complex64_complex64
19122607074,6784,388147,1,1,1,1,1,1,18,0.000,0.000,,,,,NVIDIA A100-SXM4-40GB MIG 4g.20gb (0),1,,13,cupy_copy__float32_float32
19122686881,233982,388158,1,1,1,32,32,1,30,0.000,0.000,,,,,NVIDIA A100-SXM4-40GB MIG 4g.20gb (0),1,,13,"void convert_kernel<__half2, float2>(tensor_layout_any, T1 *, tensor_layout_any, const T2 *)"
19122951038,5376,388161,,,,,,,,,,0.094,17428.487,Pinned,Device,NVIDIA A100-SXM4-40GB MIG 4g.20gb (0),1,,13,[CUDA memcpy Host-to-Device]
19122965150,3296,388162,,,,,,,,,,1.547,469242.628,Device,,NVIDIA A100-SXM4-40GB MIG 4g.20gb (0),1,,13,[CUDA memset]
19122971678,3040,388167,,,,,,,,,,0.031,10294.725,Pinned,Device,NVIDIA A100-SXM4-40GB MIG 4g.20gb (0),1,,13,[CUDA memcpy Host-to-Device]
19122977118,9472,388168,,,,,,,,,,0.197,20756.693,Pinned,Device,NVIDIA A100-SXM4-40GB MIG 4g.20gb (0),1,,13,[CUDA memcpy Host-to-Device]
19122990398,7232,388169,273,1,1,8,4,1,39,0.002,0.000,,,,,NVIDIA A100-SXM4-40GB MIG 4g.20gb (0),1,,13,"void channel_eq::eqMmseCoefCompLowMimoKernel<float, float, float, (unsigned int)4, (unsigned int)1, (unsigned int)4>(const channel_eq::_puschRxChEqStatDescr *, channel_eq::_puschRxChEqCoefCompDynDescr)"
19122999838,6272,388170,273,1,1,12,11,1,51,0.002,0.000,,,,,NVIDIA A100-SXM4-40GB MIG 4g.20gb (0),1,,13,"void channel_eq::eqMmseSoftDemapKernel<float, __half, __half, float, (unsigned int)4, (unsigned short)16383>(channel_eq::_puschRxChEqStatDescr *, channel_eq::_puschRxChEqSoftDemapDynDescr)"
19123007678,281437,388171,1,1,1,32,32,1,30,0.000,0.000,,,,,NVIDIA A100-SXM4-40GB MIG 4g.20gb (0),1,,13,"void convert_kernel<float2, __half2>(tensor_layout_any, T1 *, tensor_layout_any, const T2 *)"
19123290619,10591,388183,2253,1,1,128,1,1,16,0.000,0.000,,,,,NVIDIA A100-SXM4-40GB MIG 4g.20gb (0),1,,13,cupy_copy__float16_float16
19123302842,2848,388192,282,1,1,128,1,1,16,0.000,0.000,,,,,NVIDIA A100-SXM4-40GB MIG 4g.20gb (0),1,,13,cupy_copy__complex64_complex64
19123307514,2048,388201,26,1,1,128,1,1,16,0.000,0.000,,,,,NVIDIA A100-SXM4-40GB MIG 4g.20gb (0),1,,13,cupy_copy__float32_float32
19123311514,2944,388210,103,1,1,128,1,1,16,0.000,0.000,,,,,NVIDIA A100-SXM4-40GB MIG 4g.20gb (0),1,,13,cupy_copy__complex64_complex64
19123316122,12032,388220,1434,1,1,128,1,1,16,0.000,0.000,,,,,NVIDIA A100-SXM4-40GB MIG 4g.20gb (0),1,,13,cupy_copy__complex64_complex64
19123352122,79231,388225,1,1,1,32,32,1,30,0.000,0.000,,,,,NVIDIA A100-SXM4-40GB MIG 4g.20gb (0),1,,13,"void convert_kernel<__half2, float2>(tensor_layout_any, T1 *, tensor_layout_any, const T2 *)"
19123459865,5344,388228,,,,,,,,,,0.094,17532.864,Pinned,Device,NVIDIA A100-SXM4-40GB MIG 4g.20gb (0),1,,13,[CUDA memcpy Host-to-Device]
19123470041,602361,388229,,,,,,,,,,456.561,757891.990,Device,,NVIDIA A100-SXM4-40GB MIG 4g.20gb (0),1,,13,[CUDA memset]
19124079986,48863,388234,,,,,,,,,,1.235,25273.129,Pinned,Device,NVIDIA A100-SXM4-40GB MIG 4g.20gb (0),1,,13,[CUDA memcpy Host-to-Device]
19124131281,9472,388235,,,,,,,,,,0.197,20756.693,Pinned,Device,NVIDIA A100-SXM4-40GB MIG 4g.20gb (0),1,,13,[CUDA memcpy Host-to-Device]
19124145297,7488,388236,69,4,1,48,1,1,76,0.002,0.000,,,,,NVIDIA A100-SXM4-40GB MIG 4g.20gb (0),1,,13,"void ch_est::windowedChEstPreNoDftSOfdmKernel<float, __half, float, (unsigned int)2, (unsigned int)1, (unsigned short)4>(ch_est::puschRxChEstStatDescr_t *, ch_est::puschRxChEstDynDescr_t *)"
19124154289,6560,388237,137,2,1,24,2,1,44,0.001,0.001,,,,,NVIDIA A100-SXM4-40GB MIG 4g.20gb (0),1,,13,"void ch_est::chEstFilterNoDftSOfdmDispatchKernel<float, __half, float, (unsigned int)2>(ch_est::puschRxChEstStatDescr_t *, ch_est::puschRxChEstDynDescr_t *)"
19124163121,5056,388238,137,2,1,24,2,1,44,0.001,0.001,,,,,NVIDIA A100-SXM4-40GB MIG 4g.20gb (0),1,,13,"void ch_est::chEstFilterNoDftSOfdmDispatchKernel<float, __half, float, (unsigned int)2>(ch_est::puschRxChEstStatDescr_t *, ch_est::puschRxChEstDynDescr_t *)"
19124170449,2528,388249,103,1,1,128,1,1,16,0.000,0.000,,,,,NVIDIA A100-SXM4-40GB MIG 4g.20gb (0),1,,13,cupy_copy__complex64_complex64
19124174417,12960,388259,1434,1,1,128,1,1,16,0.000,0.000,,,,,NVIDIA A100-SXM4-40GB MIG 4g.20gb (0),1,,13,cupy_copy__complex64_complex64
19124188721,2496,388266,103,1,1,128,1,1,16,0.000,0.000,,,,,NVIDIA A100-SXM4-40GB MIG 4g.20gb (0),1,,13,cupy_copy__complex64_complex64
19124192753,79519,388273,1,1,1,32,32,1,30,0.000,0.000,,,,,NVIDIA A100-SXM4-40GB MIG 4g.20gb (0),1,,13,"void convert_kernel<__half2, float2>(tensor_layout_any, T1 *, tensor_layout_any, const T2 *)"
19124301103,5376,388276,,,,,,,,,,0.094,17428.487,Pinned,Device,NVIDIA A100-SXM4-40GB MIG 4g.20gb (0),1,,13,[CUDA memcpy Host-to-Device]
19124313679,45952,388277,,,,,,,,,,35.810,779259.669,Device,,NVIDIA A100-SXM4-40GB MIG 4g.20gb (0),1,,13,[CUDA memset]
19124365679,2112,388279,,,,,,,,,,0.000,37.879,Pinned,Device,NVIDIA A100-SXM4-40GB MIG 4g.20gb (0),1,,13,[CUDA memcpy Host-to-Device]
19124370223,9663,388280,,,,,,,,,,0.197,20346.372,Pinned,Device,NVIDIA A100-SXM4-40GB MIG 4g.20gb (0),1,,13,[CUDA memcpy Host-to-Device]
19124384494,8640,388281,273,1,1,48,1,1,40,0.000,0.001,,,,,NVIDIA A100-SXM4-40GB MIG 4g.20gb (0),1,,13,"void pusch_noise_intf_est::noiseIntfEstNoDftSOfdmKernel<float, __half, float, float, (unsigned int)2, (unsigned int)1, (unsigned char)4, (unsigned char)4>(pusch_noise_intf_est::puschRxNoiseIntfEstDynDescr)"
19124395278,2912,388292,35,1,1,128,1,1,16,0.000,0.000,,,,,NVIDIA A100-SXM4-40GB MIG 4g.20gb (0),1,,13,cupy_copy__complex64_complex64
19124420974,1856,388301,1,1,1,1,1,1,18,0.000,0.000,,,,,NVIDIA A100-SXM4-40GB MIG 4g.20gb (0),1,,13,cupy_copy__float32_float32
19124464109,1568,388307,,,,,,,,,,0.000,2.551,Device,Pageable,NVIDIA A100-SXM4-40GB MIG 4g.20gb (0),1,,7,[CUDA memcpy Device-to-Host]
19124526093,13696,388318,1434,1,1,128,1,1,16,0.000,0.000,,,,,NVIDIA A100-SXM4-40GB MIG 4g.20gb (0),1,,13,cupy_copy__complex64_complex64
19124552845,2751,388325,103,1,1,128,1,1,16,0.000,0.000,,,,,NVIDIA A100-SXM4-40GB MIG 4g.20gb (0),1,,13,cupy_copy__complex64_complex64
19124573036,2208,388332,35,1,1,128,1,1,16,0.000,0.000,,,,,NVIDIA A100-SXM4-40GB MIG 4g.20gb (0),1,,13,cupy_copy__complex64_complex64
19124591212,1824,388339,1,1,1,1,1,1,18,0.000,0.000,,,,,NVIDIA A100-SXM4-40GB MIG 4g.20gb (0),1,,13,cupy_copy__float32_float32
19124763658,293277,388350,1,1,1,32,32,1,30,0.000,0.000,,,,,NVIDIA A100-SXM4-40GB MIG 4g.20gb (0),1,,13,"void convert_kernel<__half2, float2>(tensor_layout_any, T1 *, tensor_layout_any, const T2 *)"
19125087687,11167,388353,,,,,,,,,,0.094,8390.383,Pinned,Device,NVIDIA A100-SXM4-40GB MIG 4g.20gb (0),1,,13,[CUDA memcpy Host-to-Device]
19125169862,8864,388354,,,,,,,,,,1.547,174482.387,Device,,NVIDIA A100-SXM4-40GB MIG 4g.20gb (0),1,,13,[CUDA memset]
19125180325,6688,388359,,,,,,,,,,0.031,4679.409,Pinned,Device,NVIDIA A100-SXM4-40GB MIG 4g.20gb (0),1,,13,[CUDA memcpy Host-to-Device]
19125193765,13856,388360,,,,,,,,,,0.197,14189.199,Pinned,Device,NVIDIA A100-SXM4-40GB MIG 4g.20gb (0),1,,13,[CUDA memcpy Host-to-Device]
19125257477,23999,388361,273,1,1,8,4,1,39,0.002,0.000,,,,,NVIDIA A100-SXM4-40GB MIG 4g.20gb (0),1,,13,"void channel_eq::eqMmseCoefCompLowMimoKernel<float, float, float, (unsigned int)4, (unsigned int)1, (unsigned int)4>(const channel_eq::_puschRxChEqStatDescr *, channel_eq::_puschRxChEqCoefCompDynDescr)"
19125286308,8544,388362,273,1,1,12,11,1,51,0.002,0.000,,,,,NVIDIA A100-SXM4-40GB MIG 4g.20gb (0),1,,13,"void channel_eq::eqMmseSoftDemapKernel<float, __half, __half, float, (unsigned int)4, (unsigned short)16383>(channel_eq::_puschRxChEqStatDescr *, channel_eq::_puschRxChEqSoftDemapDynDescr)"
19125355236,757175,388363,1,1,1,32,32,1,30,0.000,0.000,,,,,NVIDIA A100-SXM4-40GB MIG 4g.20gb (0),1,,13,"void convert_kernel<float2, __half2>(tensor_layout_any, T1 *, tensor_layout_any, const T2 *)"
19126218362,19040,388375,2253,1,1,128,1,1,16,0.000,0.000,,,,,NVIDIA A100-SXM4-40GB MIG 4g.20gb (0),1,,13,cupy_copy__float16_float16
19126318169,10240,388384,282,1,1,128,1,1,16,0.000,0.000,,,,,NVIDIA A100-SXM4-40GB MIG 4g.20gb (0),1,,13,cupy_copy__complex64_complex64
19126384568,5824,388393,26,1,1,128,1,1,16,0.000,0.000,,,,,NVIDIA A100-SXM4-40GB MIG 4g.20gb (0),1,,13,cupy_copy__float32_float32
19126470903,9984,388402,103,1,1,128,1,1,16,0.000,0.000,,,,,NVIDIA A100-SXM4-40GB MIG 4g.20gb (0),1,,13,cupy_copy__complex64_complex64
19126537078,21248,388412,1434,1,1,128,1,1,16,0.000,0.000,,,,,NVIDIA A100-SXM4-40GB MIG 4g.20gb (0),1,,13,cupy_copy__complex64_complex64
19126632597,379100,388417,1,1,1,32,32,1,30,0.000,0.000,,,,,NVIDIA A100-SXM4-40GB MIG 4g.20gb (0),1,,13,"void convert_kernel<__half2, float2>(tensor_layout_any, T1 *, tensor_layout_any, const T2 *)"
19127041297,5600,388420,,,,,,,,,,0.094,16731.388,Pinned,Device,NVIDIA A100-SXM4-40GB MIG 4g.20gb (0),1,,13,[CUDA memcpy Host-to-Device]
19127212111,621209,388421,,,,,,,,,,456.561,734607.357,Device,,NVIDIA A100-SXM4-40GB MIG 4g.20gb (0),1,,13,[CUDA memset]
19127838984,49631,388426,,,,,,,,,,1.235,24881.652,Pinned,Device,NVIDIA A100-SXM4-40GB MIG 4g.20gb (0),1,,13,[CUDA memcpy Host-to-Device]
19127891431,9632,388427,,,,,,,,,,0.197,20411.843,Pinned,Device,NVIDIA A100-SXM4-40GB MIG 4g.20gb (0),1,,13,[CUDA memcpy Host-to-Device]
19128061541,24576,388428,69,4,1,48,1,1,76,0.002,0.000,,,,,NVIDIA A100-SXM4-40GB MIG 4g.20gb (0),1,,13,"void ch_est::windowedChEstPreNoDftSOfdmKernel<float, __half, float, (unsigned int)2, (unsigned int)1, (unsigned short)4>(ch_est::puschRxChEstStatDescr_t *, ch_est::puschRxChEstDynDescr_t *)"
19128159588,22048,388429,137,2,1,24,2,1,44,0.001,0.001,,,,,NVIDIA A100-SXM4-40GB MIG 4g.20gb (0),1,,13,"void ch_est::chEstFilterNoDftSOfdmDispatchKernel<float, __half, float, (unsigned int)2>(ch_est::puschRxChEstStatDescr_t *, ch_est::puschRxChEstDynDescr_t *)"
19128218372,12415,388430,137,2,1,24,2,1,44,0.001,0.001,,,,,NVIDIA A100-SXM4-40GB MIG 4g.20gb (0),1,,13,"void ch_est::chEstFilterNoDftSOfdmDispatchKernel<float, __half, float, (unsigned int)2>(ch_est::puschRxChEstStatDescr_t *, ch_est::puschRxChEstDynDescr_t *)"
19128232387,2912,388441,103,1,1,128,1,1,16,0.000,0.000,,,,,NVIDIA A100-SXM4-40GB MIG 4g.20gb (0),1,,13,cupy_copy__complex64_complex64
19128295939,26111,388451,1434,1,1,128,1,1,16,0.000,0.000,,,,,NVIDIA A100-SXM4-40GB MIG 4g.20gb (0),1,,13,cupy_copy__complex64_complex64
19128323458,3552,388458,103,1,1,128,1,1,16,0.000,0.000,,,,,NVIDIA A100-SXM4-40GB MIG 4g.20gb (0),1,,13,cupy_copy__complex64_complex64
19128382498,419035,388465,1,1,1,32,32,1,30,0.000,0.000,,,,,NVIDIA A100-SXM4-40GB MIG 4g.20gb (0),1,,13,"void convert_kernel<__half2, float2>(tensor_layout_any, T1 *, tensor_layout_any, const T2 *)"
19128832893,5312,388468,,,,,,,,,,0.094,17638.553,Pinned,Device,NVIDIA A100-SXM4-40GB MIG 4g.20gb (0),1,,13,[CUDA memcpy Host-to-Device]
19128846237,47967,388469,,,,,,,,,,35.810,746529.402,Device,,NVIDIA A100-SXM4-40GB MIG 4g.20gb (0),1,,13,[CUDA memset]
19128898844,2944,388471,,,,,,,,,,0.000,27.174,Pinned,Device,NVIDIA A100-SXM4-40GB MIG 4g.20gb (0),1,,13,[CUDA memcpy Host-to-Device]
19128904892,9728,388472,,,,,,,,,,0.197,20210.516,Pinned,Device,NVIDIA A100-SXM4-40GB MIG 4g.20gb (0),1,,13,[CUDA memcpy Host-to-Device]
19128952987,19104,388473,273,1,1,48,1,1,40,0.000,0.001,,,,,NVIDIA A100-SXM4-40GB MIG 4g.20gb (0),1,,13,"void pusch_noise_intf_est::noiseIntfEstNoDftSOfdmKernel<float, __half, float, float, (unsigned int)2, (unsigned int)1, (unsigned char)4, (unsigned char)4>(pusch_noise_intf_est::puschRxNoiseIntfEstDynDescr)"
19129030298,11744,388484,35,1,1,128,1,1,16,0.000,0.000,,,,,NVIDIA A100-SXM4-40GB MIG 4g.20gb (0),1,,13,cupy_copy__complex64_complex64
19129043994,3872,388493,1,1,1,1,1,1,18,0.000,0.000,,,,,NVIDIA A100-SXM4-40GB MIG 4g.20gb (0),1,,13,cupy_copy__float32_float32
19129060314,1888,388499,,,,,,,,,,0.000,2.119,Device,Pageable,NVIDIA A100-SXM4-40GB MIG 4g.20gb (0),1,,7,[CUDA memcpy Device-to-Host]
19129123289,20288,388510,1434,1,1,128,1,1,16,0.000,0.000,,,,,NVIDIA A100-SXM4-40GB MIG 4g.20gb (0),1,,13,cupy_copy__complex64_complex64
19129188057,10112,388517,103,1,1,128,1,1,16,0.000,0.000,,,,,NVIDIA A100-SXM4-40GB MIG 4g.20gb (0),1,,13,cupy_copy__complex64_complex64
19129199833,4608,388524,35,1,1,128,1,1,16,0.000,0.000,,,,,NVIDIA A100-SXM4-40GB MIG 4g.20gb (0),1,,13,cupy_copy__complex64_complex64
19129206872,2400,388531,1,1,1,1,1,1,18,0.000,0.000,,,,,NVIDIA A100-SXM4-40GB MIG 4g.20gb (0),1,,13,cupy_copy__float32_float32
19129342167,283517,388542,1,1,1,32,32,1,30,0.000,0.000,,,,,NVIDIA A100-SXM4-40GB MIG 4g.20gb (0),1,,13,"void convert_kernel<__half2, float2>(tensor_layout_any, T1 *, tensor_layout_any, const T2 *)"
19129654003,5440,388545,,,,,,,,,,0.094,17223.480,Pinned,Device,NVIDIA A100-SXM4-40GB MIG 4g.20gb (0),1,,13,[CUDA memcpy Host-to-Device]
19129668403,3616,388546,,,,,,,,,,1.547,427715.774,Device,,NVIDIA A100-SXM4-40GB MIG 4g.20gb (0),1,,13,[CUDA memset]
19129675411,3008,388551,,,,,,,,,,0.031,10404.230,Pinned,Device,NVIDIA A100-SXM4-40GB MIG 4g.20gb (0),1,,13,[CUDA memcpy Host-to-Device]
19129680531,9472,388552,,,,,,,,,,0.197,20756.693,Pinned,Device,NVIDIA A100-SXM4-40GB MIG 4g.20gb (0),1,,13,[CUDA memcpy Host-to-Device]
19129694099,7040,388553,273,1,1,8,4,1,39,0.002,0.000,,,,,NVIDIA A100-SXM4-40GB MIG 4g.20gb (0),1,,13,"void channel_eq::eqMmseCoefCompLowMimoKernel<float, float, float, (unsigned int)4, (unsigned int)1, (unsigned int)4>(const channel_eq::_puschRxChEqStatDescr *, channel_eq::_puschRxChEqCoefCompDynDescr)"
19129703155,6880,388554,273,1,1,12,11,1,51,0.002,0.000,,,,,NVIDIA A100-SXM4-40GB MIG 4g.20gb (0),1,,13,"void channel_eq::eqMmseSoftDemapKernel<float, __half, __half, float, (unsigned int)4, (unsigned short)16383>(channel_eq::_puschRxChEqStatDescr *, channel_eq::_puschRxChEqSoftDemapDynDescr)"
19129712499,281949,388555,1,1,1,32,32,1,30,0.000,0.000,,,,,NVIDIA A100-SXM4-40GB MIG 4g.20gb (0),1,,13,"void convert_kernel<float2, __half2>(tensor_layout_any, T1 *, tensor_layout_any, const T2 *)"
19129996528,10528,388567,2253,1,1,128,1,1,16,0.000,0.000,,,,,NVIDIA A100-SXM4-40GB MIG 4g.20gb (0),1,,13,cupy_copy__float16_float16
19130008464,2847,388576,282,1,1,128,1,1,16,0.000,0.000,,,,,NVIDIA A100-SXM4-40GB MIG 4g.20gb (0),1,,13,cupy_copy__complex64_complex64
19130013103,2048,388585,26,1,1,128,1,1,16,0.000,0.000,,,,,NVIDIA A100-SXM4-40GB MIG 4g.20gb (0),1,,13,cupy_copy__float32_float32
19130017199,2944,388594,103,1,1,128,1,1,16,0.000,0.000,,,,,NVIDIA A100-SXM4-40GB MIG 4g.20gb (0),1,,13,cupy_copy__complex64_complex64
19130021807,12096,388604,1434,1,1,128,1,1,16,0.000,0.000,,,,,NVIDIA A100-SXM4-40GB MIG 4g.20gb (0),1,,13,cupy_copy__complex64_complex64
19130109326,79424,388609,1,1,1,32,32,1,30,0.000,0.000,,,,,NVIDIA A100-SXM4-40GB MIG 4g.20gb (0),1,,13,"void convert_kernel<__half2, float2>(tensor_layout_any, T1 *, tensor_layout_any, const T2 *)"
19130216973,5344,388612,,,,,,,,,,0.094,17532.864,Pinned,Device,NVIDIA A100-SXM4-40GB MIG 4g.20gb (0),1,,13,[CUDA memcpy Host-to-Device]
19130227437,605081,388613,,,,,,,,,,456.561,754239.499,Device,,NVIDIA A100-SXM4-40GB MIG 4g.20gb (0),1,,13,[CUDA memset]
19130836998,51488,388618,,,,,,,,,,1.235,23985.082,Pinned,Device,NVIDIA A100-SXM4-40GB MIG 4g.20gb (0),1,,13,[CUDA memcpy Host-to-Device]
19130890950,9600,388619,,,,,,,,,,0.197,20479.869,Pinned,Device,NVIDIA A100-SXM4-40GB MIG 4g.20gb (0),1,,13,[CUDA memcpy Host-to-Device]
19130941925,16288,388620,69,4,1,48,1,1,76,0.002,0.000,,,,,NVIDIA A100-SXM4-40GB MIG 4g.20gb (0),1,,13,"void ch_est::windowedChEstPreNoDftSOfdmKernel<float, __half, float, (unsigned int)2, (unsigned int)1, (unsigned short)4>(ch_est::puschRxChEstStatDescr_t *, ch_est::puschRxChEstDynDescr_t *)"
19131015908,18976,388621,137,2,1,24,2,1,44,0.001,0.001,,,,,NVIDIA A100-SXM4-40GB MIG 4g.20gb (0),1,,13,"void ch_est::chEstFilterNoDftSOfdmDispatchKernel<float, __half, float, (unsigned int)2>(ch_est::puschRxChEstStatDescr_t *, ch_est::puschRxChEstDynDescr_t *)"
19131036772,5824,388622,137,2,1,24,2,1,44,0.001,0.001,,,,,NVIDIA A100-SXM4-40GB MIG 4g.20gb (0),1,,13,"void ch_est::chEstFilterNoDftSOfdmDispatchKernel<float, __half, float, (unsigned int)2>(ch_est::puschRxChEstStatDescr_t *, ch_est::puschRxChEstDynDescr_t *)"
19131044548,2528,388633,103,1,1,128,1,1,16,0.000,0.000,,,,,NVIDIA A100-SXM4-40GB MIG 4g.20gb (0),1,,13,cupy_copy__complex64_complex64
19131048612,12736,388643,1434,1,1,128,1,1,16,0.000,0.000,,,,,NVIDIA A100-SXM4-40GB MIG 4g.20gb (0),1,,13,cupy_copy__complex64_complex64
19131062660,2528,388650,103,1,1,128,1,1,16,0.000,0.000,,,,,NVIDIA A100-SXM4-40GB MIG 4g.20gb (0),1,,13,cupy_copy__complex64_complex64
19131066820,230301,388657,1,1,1,32,32,1,30,0.000,0.000,,,,,NVIDIA A100-SXM4-40GB MIG 4g.20gb (0),1,,13,"void convert_kernel<__half2, float2>(tensor_layout_any, T1 *, tensor_layout_any, const T2 *)"
19131326849,6304,388660,,,,,,,,,,0.094,14862.903,Pinned,Device,NVIDIA A100-SXM4-40GB MIG 4g.20gb (0),1,,13,[CUDA memcpy Host-to-Device]
19131456319,62848,388661,,,,,,,,,,35.810,569771.637,Device,,NVIDIA A100-SXM4-40GB MIG 4g.20gb (0),1,,13,[CUDA memset]
19131528479,2432,388663,,,,,,,,,,0.000,32.895,Pinned,Device,NVIDIA A100-SXM4-40GB MIG 4g.20gb (0),1,,13,[CUDA memcpy Host-to-Device]
19131534590,9440,388664,,,,,,,,,,0.197,20827.079,Pinned,Device,NVIDIA A100-SXM4-40GB MIG 4g.20gb (0),1,,13,[CUDA memcpy Host-to-Device]
19131643421,32768,388665,273,1,1,48,1,1,40,0.000,0.001,,,,,NVIDIA A100-SXM4-40GB MIG 4g.20gb (0),1,,13,"void pusch_noise_intf_est::noiseIntfEstNoDftSOfdmKernel<float, __half, float, float, (unsigned int)2, (unsigned int)1, (unsigned char)4, (unsigned char)4>(pusch_noise_intf_est::puschRxNoiseIntfEstDynDescr)"
19131699133,15295,388676,35,1,1,128,1,1,16,0.000,0.000,,,,,NVIDIA A100-SXM4-40GB MIG 4g.20gb (0),1,,13,cupy_copy__complex64_complex64
19131718076,3040,388685,1,1,1,1,1,1,18,0.000,0.000,,,,,NVIDIA A100-SXM4-40GB MIG 4g.20gb (0),1,,13,cupy_copy__float32_float32
19131733500,3392,388691,,,,,,,,,,0.000,1.179,Device,Pageable,NVIDIA A100-SXM4-40GB MIG 4g.20gb (0),1,,7,[CUDA memcpy Device-to-Host]
19131796060,16127,388702,1434,1,1,128,1,1,16,0.000,0.000,,,,,NVIDIA A100-SXM4-40GB MIG 4g.20gb (0),1,,13,cupy_copy__complex64_complex64
19131857563,11968,388709,103,1,1,128,1,1,16,0.000,0.000,,,,,NVIDIA A100-SXM4-40GB MIG 4g.20gb (0),1,,13,cupy_copy__complex64_complex64
19131871803,4576,388716,35,1,1,128,1,1,16,0.000,0.000,,,,,NVIDIA A100-SXM4-40GB MIG 4g.20gb (0),1,,13,cupy_copy__complex64_complex64
19131878139,4224,388723,1,1,1,1,1,1,18,0.000,0.000,,,,,NVIDIA A100-SXM4-40GB MIG 4g.20gb (0),1,,13,cupy_copy__float32_float32
19132010617,489723,388734,1,1,1,32,32,1,30,0.000,0.000,,,,,NVIDIA A100-SXM4-40GB MIG 4g.20gb (0),1,,13,"void convert_kernel<__half2, float2>(tensor_layout_any, T1 *, tensor_layout_any, const T2 *)"
19132531603,5664,388737,,,,,,,,,,0.094,16542.310,Pinned,Device,NVIDIA A100-SXM4-40GB MIG 4g.20gb (0),1,,13,[CUDA memcpy Host-to-Device]
19132544851,3648,388738,,,,,,,,,,1.547,423963.664,Device,,NVIDIA A100-SXM4-40GB MIG 4g.20gb (0),1,,13,[CUDA memset]
19132550995,3040,388743,,,,,,,,,,0.031,10294.725,Pinned,Device,NVIDIA A100-SXM4-40GB MIG 4g.20gb (0),1,,13,[CUDA memcpy Host-to-Device]
19132556595,9504,388744,,,,,,,,,,0.197,20686.701,Pinned,Device,NVIDIA A100-SXM4-40GB MIG 4g.20gb (0),1,,13,[CUDA memcpy Host-to-Device]
19132570707,7040,388745,273,1,1,8,4,1,39,0.002,0.000,,,,,NVIDIA A100-SXM4-40GB MIG 4g.20gb (0),1,,13,"void channel_eq::eqMmseCoefCompLowMimoKernel<float, float, float, (unsigned int)4, (unsigned int)1, (unsigned int)4>(const channel_eq::_puschRxChEqStatDescr *, channel_eq::_puschRxChEqCoefCompDynDescr)"
19132579475,7040,388746,273,1,1,12,11,1,51,0.002,0.000,,,,,NVIDIA A100-SXM4-40GB MIG 4g.20gb (0),1,,13,"void channel_eq::eqMmseSoftDemapKernel<float, __half, __half, float, (unsigned int)4, (unsigned short)16383>(channel_eq::_puschRxChEqStatDescr *, channel_eq::_puschRxChEqSoftDemapDynDescr)"
19132588115,281789,388747,1,1,1,32,32,1,30,0.000,0.000,,,,,NVIDIA A100-SXM4-40GB MIG 4g.20gb (0),1,,13,"void convert_kernel<float2, __half2>(tensor_layout_any, T1 *, tensor_layout_any, const T2 *)"
19132872080,10559,388759,2253,1,1,128,1,1,16,0.000,0.000,,,,,NVIDIA A100-SXM4-40GB MIG 4g.20gb (0),1,,13,cupy_copy__float16_float16
19132884527,2848,388768,282,1,1,128,1,1,16,0.000,0.000,,,,,NVIDIA A100-SXM4-40GB MIG 4g.20gb (0),1,,13,cupy_copy__complex64_complex64
19132889199,2080,388777,26,1,1,128,1,1,16,0.000,0.000,,,,,NVIDIA A100-SXM4-40GB MIG 4g.20gb (0),1,,13,cupy_copy__float32_float32
19132893295,2944,388786,103,1,1,128,1,1,16,0.000,0.000,,,,,NVIDIA A100-SXM4-40GB MIG 4g.20gb (0),1,,13,cupy_copy__complex64_complex64
19132897647,12032,388796,1434,1,1,128,1,1,16,0.000,0.000,,,,,NVIDIA A100-SXM4-40GB MIG 4g.20gb (0),1,,13,cupy_copy__complex64_complex64
19132939119,79679,388801,1,1,1,32,32,1,30,0.000,0.000,,,,,NVIDIA A100-SXM4-40GB MIG 4g.20gb (0),1,,13,"void convert_kernel<__half2, float2>(tensor_layout_any, T1 *, tensor_layout_any, const T2 *)"
19133046958,5375,388804,,,,,,,,,,0.094,17431.766,Pinned,Device,NVIDIA A100-SXM4-40GB MIG 4g.20gb (0),1,,13,[CUDA memcpy Host-to-Device]
19133057325,607674,388805,,,,,,,,,,456.561,751043.569,Device,,NVIDIA A100-SXM4-40GB MIG 4g.20gb (0),1,,13,[CUDA memset]
19133672679,51359,388810,,,,,,,,,,1.235,24044.360,Pinned,Device,NVIDIA A100-SXM4-40GB MIG 4g.20gb (0),1,,13,[CUDA memcpy Host-to-Device]
19133727750,10432,388811,,,,,,,,,,0.197,18846.450,Pinned,Device,NVIDIA A100-SXM4-40GB MIG 4g.20gb (0),1,,13,[CUDA memcpy Host-to-Device]
19133783141,12480,388812,69,4,1,48,1,1,76,0.002,0.000,,,,,NVIDIA A100-SXM4-40GB MIG 4g.20gb (0),1,,13,"void ch_est::windowedChEstPreNoDftSOfdmKernel<float, __half, float, (unsigned int)2, (unsigned int)1, (unsigned short)4>(ch_est::puschRxChEstStatDescr_t *, ch_est::puschRxChEstDynDescr_t *)"
19133797093,6752,388813,137,2,1,24,2,1,44,0.001,0.001,,,,,NVIDIA A100-SXM4-40GB MIG 4g.20gb (0),1,,13,"void ch_est::chEstFilterNoDftSOfdmDispatchKernel<float, __half, float, (unsigned int)2>(ch_est::puschRxChEstStatDescr_t *, ch_est::puschRxChEstDynDescr_t *)"
19133866788,12000,388814,137,2,1,24,2,1,44,0.001,0.001,,,,,NVIDIA A100-SXM4-40GB MIG 4g.20gb (0),1,,13,"void ch_est::chEstFilterNoDftSOfdmDispatchKernel<float, __half, float, (unsigned int)2>(ch_est::puschRxChEstStatDescr_t *, ch_est::puschRxChEstDynDescr_t *)"
19133880996,3392,388825,103,1,1,128,1,1,16,0.000,0.000,,,,,NVIDIA A100-SXM4-40GB MIG 4g.20gb (0),1,,13,cupy_copy__complex64_complex64
19133886212,12896,388835,1434,1,1,128,1,1,16,0.000,0.000,,,,,NVIDIA A100-SXM4-40GB MIG 4g.20gb (0),1,,13,cupy_copy__complex64_complex64
19133900676,2528,388842,103,1,1,128,1,1,16,0.000,0.000,,,,,NVIDIA A100-SXM4-40GB MIG 4g.20gb (0),1,,13,cupy_copy__complex64_complex64
19133905316,133598,388849,1,1,1,32,32,1,30,0.000,0.000,,,,,NVIDIA A100-SXM4-40GB MIG 4g.20gb (0),1,,13,"void convert_kernel<__half2, float2>(tensor_layout_any, T1 *, tensor_layout_any, const T2 *)"
19134072514,5376,388852,,,,,,,,,,0.094,17428.487,Pinned,Device,NVIDIA A100-SXM4-40GB MIG 4g.20gb (0),1,,13,[CUDA memcpy Host-to-Device]
19134088354,56415,388853,,,,,,,,,,35.810,634730.832,Device,,NVIDIA A100-SXM4-40GB MIG 4g.20gb (0),1,,13,[CUDA memset]
19134150113,2496,388855,,,,,,,,,,0.000,32.051,Pinned,Device,NVIDIA A100-SXM4-40GB MIG 4g.20gb (0),1,,13,[CUDA memcpy Host-to-Device]
19134155137,10144,388856,,,,,,,,,,0.197,19381.617,Pinned,Device,NVIDIA A100-SXM4-40GB MIG 4g.20gb (0),1,,13,[CUDA memcpy Host-to-Device]
19134216256,44320,388857,273,1,1,48,1,1,40,0.000,0.001,,,,,NVIDIA A100-SXM4-40GB MIG 4g.20gb (0),1,,13,"void pusch_noise_intf_est::noiseIntfEstNoDftSOfdmKernel<float, __half, float, float, (unsigned int)2, (unsigned int)1, (unsigned char)4, (unsigned char)4>(pusch_noise_intf_est::puschRxNoiseIntfEstDynDescr)"
19134433854,11328,388868,35,1,1,128,1,1,16,0.000,0.000,,,,,NVIDIA A100-SXM4-40GB MIG 4g.20gb (0),1,,13,cupy_copy__complex64_complex64
19136891555,7903,388877,1,1,1,1,1,1,18,0.000,0.000,,,,,NVIDIA A100-SXM4-40GB MIG 4g.20gb (0),1,,13,cupy_copy__float32_float32
19136902434,2816,388883,,,,,,,,,,0.000,1.420,Device,Pageable,NVIDIA A100-SXM4-40GB MIG 4g.20gb (0),1,,7,[CUDA memcpy Device-to-Host]
19137059585,19359,388894,1434,1,1,128,1,1,16,0.000,0.000,,,,,NVIDIA A100-SXM4-40GB MIG 4g.20gb (0),1,,13,cupy_copy__complex64_complex64
19139583076,7488,388901,103,1,1,128,1,1,16,0.000,0.000,,,,,NVIDIA A100-SXM4-40GB MIG 4g.20gb (0),1,,13,cupy_copy__complex64_complex64
19139592836,3712,388908,35,1,1,128,1,1,16,0.000,0.000,,,,,NVIDIA A100-SXM4-40GB MIG 4g.20gb (0),1,,13,cupy_copy__complex64_complex64
19139662084,5088,388915,1,1,1,1,1,1,18,0.000,0.000,,,,,NVIDIA A100-SXM4-40GB MIG 4g.20gb (0),1,,13,cupy_copy__float32_float32
19139669476,225469,388926,1,1,1,32,32,1,30,0.000,0.000,,,,,NVIDIA A100-SXM4-40GB MIG 4g.20gb (0),1,,13,"void convert_kernel<__half2, float2>(tensor_layout_any, T1 *, tensor_layout_any, const T2 *)"
19139925505,5376,388929,,,,,,,,,,0.094,17428.487,Pinned,Device,NVIDIA A100-SXM4-40GB MIG 4g.20gb (0),1,,13,[CUDA memcpy Host-to-Device]
19139941024,3712,388930,,,,,,,,,,1.547,416654.319,Device,,NVIDIA A100-SXM4-40GB MIG 4g.20gb (0),1,,13,[CUDA memset]
19139947200,3328,388935,,,,,,,,,,0.031,9403.822,Pinned,Device,NVIDIA A100-SXM4-40GB MIG 4g.20gb (0),1,,13,[CUDA memcpy Host-to-Device]
19139952640,9312,388936,,,,,,,,,,0.197,21113.340,Pinned,Device,NVIDIA A100-SXM4-40GB MIG 4g.20gb (0),1,,13,[CUDA memcpy Host-to-Device]
19139966144,7264,388937,273,1,1,8,4,1,39,0.002,0.000,,,,,NVIDIA A100-SXM4-40GB MIG 4g.20gb (0),1,,13,"void channel_eq::eqMmseCoefCompLowMimoKernel<float, float, float, (unsigned int)4, (unsigned int)1, (unsigned int)4>(const channel_eq::_puschRxChEqStatDescr *, channel_eq::_puschRxChEqCoefCompDynDescr)"
19139975520,6656,388938,273,1,1,12,11,1,51,0.002,0.000,,,,,NVIDIA A100-SXM4-40GB MIG 4g.20gb (0),1,,13,"void channel_eq::eqMmseSoftDemapKernel<float, __half, __half, float, (unsigned int)4, (unsigned short)16383>(channel_eq::_puschRxChEqStatDescr *, channel_eq::_puschRxChEqSoftDemapDynDescr)"
19139984256,861430,388939,1,1,1,32,32,1,30,0.000,0.000,,,,,NVIDIA A100-SXM4-40GB MIG 4g.20gb (0),1,,13,"void convert_kernel<float2, __half2>(tensor_layout_any, T1 *, tensor_layout_any, const T2 *)"
19140917846,24511,388951,2253,1,1,128,1,1,16,0.000,0.000,,,,,NVIDIA A100-SXM4-40GB MIG 4g.20gb (0),1,,13,cupy_copy__float16_float16
19141044212,12384,388960,282,1,1,128,1,1,16,0.000,0.000,,,,,NVIDIA A100-SXM4-40GB MIG 4g.20gb (0),1,,13,cupy_copy__complex64_complex64
19141119091,7008,388969,26,1,1,128,1,1,16,0.000,0.000,,,,,NVIDIA A100-SXM4-40GB MIG 4g.20gb (0),1,,13,cupy_copy__float32_float32
19141164115,25376,388978,103,1,1,128,1,1,16,0.000,0.000,,,,,NVIDIA A100-SXM4-40GB MIG 4g.20gb (0),1,,13,cupy_copy__complex64_complex64
19141230034,20384,388988,1434,1,1,128,1,1,16,0.000,0.000,,,,,NVIDIA A100-SXM4-40GB MIG 4g.20gb (0),1,,13,cupy_copy__complex64_complex64
19141253042,332220,388993,1,1,1,32,32,1,30,0.000,0.000,,,,,NVIDIA A100-SXM4-40GB MIG 4g.20gb (0),1,,13,"void convert_kernel<__half2, float2>(tensor_layout_any, T1 *, tensor_layout_any, const T2 *)"
19141614606,5408,388996,,,,,,,,,,0.094,17325.421,Pinned,Device,NVIDIA A100-SXM4-40GB MIG 4g.20gb (0),1,,13,[CUDA memcpy Host-to-Device]
19141680365,607353,388997,,,,,,,,,,456.561,751500.130,Device,,NVIDIA A100-SXM4-40GB MIG 4g.20gb (0),1,,13,[CUDA memset]
19142296966,52224,389002,,,,,,,,,,1.235,23646.708,Pinned,Device,NVIDIA A100-SXM4-40GB MIG 4g.20gb (0),1,,13,[CUDA memcpy Host-to-Device]
19142352774,9983,389003,,,,,,,,,,0.197,19694.223,Pinned,Device,NVIDIA A100-SXM4-40GB MIG 4g.20gb (0),1,,13,[CUDA memcpy Host-to-Device]
19142424261,19200,389004,69,4,1,48,1,1,76,0.002,0.000,,,,,NVIDIA A100-SXM4-40GB MIG 4g.20gb (0),1,,13,"void ch_est::windowedChEstPreNoDftSOfdmKernel<float, __half, float, (unsigned int)2, (unsigned int)1, (unsigned short)4>(ch_est::puschRxChEstStatDescr_t *, ch_est::puschRxChEstDynDescr_t *)"
19142551747,15168,389005,137,2,1,24,2,1,44,0.001,0.001,,,,,NVIDIA A100-SXM4-40GB MIG 4g.20gb (0),1,,13,"void ch_est::chEstFilterNoDftSOfdmDispatchKernel<float, __half, float, (unsigned int)2>(ch_est::puschRxChEstStatDescr_t *, ch_est::puschRxChEstDynDescr_t *)"
19145048743,43680,389006,137,2,1,24,2,1,44,0.001,0.001,,,,,NVIDIA A100-SXM4-40GB MIG 4g.20gb (0),1,,13,"void ch_est::chEstFilterNoDftSOfdmDispatchKernel<float, __half, float, (unsigned int)2>(ch_est::puschRxChEstStatDescr_t *, ch_est::puschRxChEstDynDescr_t *)"
19145147686,7008,389017,103,1,1,128,1,1,16,0.000,0.000,,,,,NVIDIA A100-SXM4-40GB MIG 4g.20gb (0),1,,13,cupy_copy__complex64_complex64
19145156390,14336,389027,1434,1,1,128,1,1,16,0.000,0.000,,,,,NVIDIA A100-SXM4-40GB MIG 4g.20gb (0),1,,13,cupy_copy__complex64_complex64
19145302469,6943,389034,103,1,1,128,1,1,16,0.000,0.000,,,,,NVIDIA A100-SXM4-40GB MIG 4g.20gb (0),1,,13,cupy_copy__complex64_complex64
19147771849,340860,389041,1,1,1,32,32,1,30,0.000,0.000,,,,,NVIDIA A100-SXM4-40GB MIG 4g.20gb (0),1,,13,"void convert_kernel<__half2, float2>(tensor_layout_any, T1 *, tensor_layout_any, const T2 *)"
19148141093,5440,389044,,,,,,,,,,0.094,17223.480,Pinned,Device,NVIDIA A100-SXM4-40GB MIG 4g.20gb (0),1,,13,[CUDA memcpy Host-to-Device]
19148160997,64223,389045,,,,,,,,,,35.810,557560.454,Device,,NVIDIA A100-SXM4-40GB MIG 4g.20gb (0),1,,13,[CUDA memset]
19148228260,1856,389047,,,,,,,,,,0.000,43.103,Pinned,Device,NVIDIA A100-SXM4-40GB MIG 4g.20gb (0),1,,13,[CUDA memcpy Host-to-Device]
19148233188,9536,389048,,,,,,,,,,0.197,20617.298,Pinned,Device,NVIDIA A100-SXM4-40GB MIG 4g.20gb (0),1,,13,[CUDA memcpy Host-to-Device]
19148246532,8704,389049,273,1,1,48,1,1,40,0.000,0.001,,,,,NVIDIA A100-SXM4-40GB MIG 4g.20gb (0),1,,13,"void pusch_noise_intf_est::noiseIntfEstNoDftSOfdmKernel<float, __half, float, float, (unsigned int)2, (unsigned int)1, (unsigned char)4, (unsigned char)4>(pusch_noise_intf_est::puschRxNoiseIntfEstDynDescr)"
19148257924,2847,389060,35,1,1,128,1,1,16,0.000,0.000,,,,,NVIDIA A100-SXM4-40GB MIG 4g.20gb (0),1,,13,cupy_copy__complex64_complex64
19148274211,1856,389069,1,1,1,1,1,1,18,0.000,0.000,,,,,NVIDIA A100-SXM4-40GB MIG 4g.20gb (0),1,,13,cupy_copy__float32_float32
19148309507,1600,389075,,,,,,,,,,0.000,2.500,Device,Pageable,NVIDIA A100-SXM4-40GB MIG 4g.20gb (0),1,,7,[CUDA memcpy Device-to-Host]
19148371426,18048,389086,1434,1,1,128,1,1,16,0.000,0.000,,,,,NVIDIA A100-SXM4-40GB MIG 4g.20gb (0),1,,13,cupy_copy__complex64_complex64
19148446913,6112,389093,103,1,1,128,1,1,16,0.000,0.000,,,,,NVIDIA A100-SXM4-40GB MIG 4g.20gb (0),1,,13,cupy_copy__complex64_complex64
19148454753,4736,389100,35,1,1,128,1,1,16,0.000,0.000,,,,,NVIDIA A100-SXM4-40GB MIG 4g.20gb (0),1,,13,cupy_copy__complex64_complex64
19148461441,3200,389107,1,1,1,1,1,1,18,0.000,0.000,,,,,NVIDIA A100-SXM4-40GB MIG 4g.20gb (0),1,,13,cupy_copy__float32_float32
19148598048,375548,389118,1,1,1,32,32,1,30,0.000,0.000,,,,,NVIDIA A100-SXM4-40GB MIG 4g.20gb (0),1,,13,"void convert_kernel<__half2, float2>(tensor_layout_any, T1 *, tensor_layout_any, const T2 *)"
19149003035,5600,389121,,,,,,,,,,0.094,16731.388,Pinned,Device,NVIDIA A100-SXM4-40GB MIG 4g.20gb (0),1,,13,[CUDA memcpy Host-to-Device]
19149137274,8352,389122,,,,,,,,,,1.547,185178.838,Device,,NVIDIA A100-SXM4-40GB MIG 4g.20gb (0),1,,13,[CUDA memset]
19149152314,3135,389127,,,,,,,,,,0.031,9982.767,Pinned,Device,NVIDIA A100-SXM4-40GB MIG 4g.20gb (0),1,,13,[CUDA memcpy Host-to-Device]
19149159001,10944,389128,,,,,,,,,,0.197,17964.859,Pinned,Device,NVIDIA A100-SXM4-40GB MIG 4g.20gb (0),1,,13,[CUDA memcpy Host-to-Device]
19149257976,29856,389129,273,1,1,8,4,1,39,0.002,0.000,,,,,NVIDIA A100-SXM4-40GB MIG 4g.20gb (0),1,,13,"void channel_eq::eqMmseCoefCompLowMimoKernel<float, float, float, (unsigned int)4, (unsigned int)1, (unsigned int)4>(const channel_eq::_puschRxChEqStatDescr *, channel_eq::_puschRxChEqCoefCompDynDescr)"
19149414231,34623,389130,273,1,1,12,11,1,51,0.002,0.000,,,,,NVIDIA A100-SXM4-40GB MIG 4g.20gb (0),1,,13,"void channel_eq::eqMmseSoftDemapKernel<float, __half, __half, float, (unsigned int)4, (unsigned short)16383>(channel_eq::_puschRxChEqStatDescr *, channel_eq::_puschRxChEqSoftDemapDynDescr)"
19149582837,943797,389131,1,1,1,32,32,1,30,0.000,0.000,,,,,NVIDIA A100-SXM4-40GB MIG 4g.20gb (0),1,,13,"void convert_kernel<float2, __half2>(tensor_layout_any, T1 *, tensor_layout_any, const T2 *)"
19153287755,16576,389143,2253,1,1,128,1,1,16,0.000,0.000,,,,,NVIDIA A100-SXM4-40GB MIG 4g.20gb (0),1,,13,cupy_copy__float16_float16
19156232010,13472,389152,282,1,1,128,1,1,16,0.000,0.000,,,,,NVIDIA A100-SXM4-40GB MIG 4g.20gb (0),1,,13,cupy_copy__complex64_complex64
19156359497,12224,389161,26,1,1,128,1,1,16,0.000,0.000,,,,,NVIDIA A100-SXM4-40GB MIG 4g.20gb (0),1,,13,cupy_copy__float32_float32
19156534471,16736,389170,103,1,1,128,1,1,16,0.000,0.000,,,,,NVIDIA A100-SXM4-40GB MIG 4g.20gb (0),1,,13,cupy_copy__complex64_complex64
19156588710,26080,389180,1434,1,1,128,1,1,16,0.000,0.000,,,,,NVIDIA A100-SXM4-40GB MIG 4g.20gb (0),1,,13,cupy_copy__complex64_complex64
19156774372,316125,389185,1,1,1,32,32,1,30,0.000,0.000,,,,,NVIDIA A100-SXM4-40GB MIG 4g.20gb (0),1,,13,"void convert_kernel<__half2, float2>(tensor_layout_any, T1 *, tensor_layout_any, const T2 *)"
19157121376,6400,389188,,,,,,,,,,0.094,14640.000,Pinned,Device,NVIDIA A100-SXM4-40GB MIG 4g.20gb (0),1,,13,[CUDA memcpy Host-to-Device]
19157420189,614937,389189,,,,,,,,,,456.561,742368.901,Device,,NVIDIA A100-SXM4-40GB MIG 4g.20gb (0),1,,13,[CUDA memset]
19158043702,51360,389194,,,,,,,,,,1.235,24044.360,Pinned,Device,NVIDIA A100-SXM4-40GB MIG 4g.20gb (0),1,,13,[CUDA memcpy Host-to-Device]
19158097750,9791,389195,,,,,,,,,,0.197,20080.361,Pinned,Device,NVIDIA A100-SXM4-40GB MIG 4g.20gb (0),1,,13,[CUDA memcpy Host-to-Device]
19158160373,13984,389196,69,4,1,48,1,1,76,0.002,0.000,,,,,NVIDIA A100-SXM4-40GB MIG 4g.20gb (0),1,,13,"void ch_est::windowedChEstPreNoDftSOfdmKernel<float, __half, float, (unsigned int)2, (unsigned int)1, (unsigned short)4>(ch_est::puschRxChEstStatDescr_t *, ch_est::puschRxChEstDynDescr_t *)"
19158218196,20384,389197,137,2,1,24,2,1,44,0.001,0.001,,,,,NVIDIA A100-SXM4-40GB MIG 4g.20gb (0),1,,13,"void ch_est::chEstFilterNoDftSOfdmDispatchKernel<float, __half, float, (unsigned int)2>(ch_est::puschRxChEstStatDescr_t *, ch_est::puschRxChEstDynDescr_t *)"
19158426674,17152,389198,137,2,1,24,2,1,44,0.001,0.001,,,,,NVIDIA A100-SXM4-40GB MIG 4g.20gb (0),1,,13,"void ch_est::chEstFilterNoDftSOfdmDispatchKernel<float, __half, float, (unsigned int)2>(ch_est::puschRxChEstStatDescr_t *, ch_est::puschRxChEstDynDescr_t *)"
19161840876,9312,389209,103,1,1,128,1,1,16,0.000,0.000,,,,,NVIDIA A100-SXM4-40GB MIG 4g.20gb (0),1,,13,cupy_copy__complex64_complex64
19162010986,16864,389219,1434,1,1,128,1,1,16,0.000,0.000,,,,,NVIDIA A100-SXM4-40GB MIG 4g.20gb (0),1,,13,cupy_copy__complex64_complex64
19165331557,11552,389226,103,1,1,128,1,1,16,0.000,0.000,,,,,NVIDIA A100-SXM4-40GB MIG 4g.20gb (0),1,,13,cupy_copy__complex64_complex64
19165448803,476955,389233,1,1,1,32,32,1,30,0.000,0.000,,,,,NVIDIA A100-SXM4-40GB MIG 4g.20gb (0),1,,13,"void convert_kernel<__half2, float2>(tensor_layout_any, T1 *, tensor_layout_any, const T2 *)"
19165956318,5856,389236,,,,,,,,,,0.094,15999.997,Pinned,Device,NVIDIA A100-SXM4-40GB MIG 4g.20gb (0),1,,13,[CUDA memcpy Host-to-Device]
19165974333,50784,389237,,,,,,,,,,35.810,705133.135,Device,,NVIDIA A100-SXM4-40GB MIG 4g.20gb (0),1,,13,[CUDA memset]
19166032445,1888,389239,,,,,,,,,,0.000,42.373,Pinned,Device,NVIDIA A100-SXM4-40GB MIG 4g.20gb (0),1,,13,[CUDA memcpy Host-to-Device]
19166036861,9440,389240,,,,,,,,,,0.197,20827.079,Pinned,Device,NVIDIA A100-SXM4-40GB MIG 4g.20gb (0),1,,13,[CUDA memcpy Host-to-Device]
19166050109,8768,389241,273,1,1,48,1,1,40,0.000,0.001,,,,,NVIDIA A100-SXM4-40GB MIG 4g.20gb (0),1,,13,"void pusch_noise_intf_est::noiseIntfEstNoDftSOfdmKernel<float, __half, float, float, (unsigned int)2, (unsigned int)1, (unsigned char)4, (unsigned char)4>(pusch_noise_intf_est::puschRxNoiseIntfEstDynDescr)"
19166060861,2847,389252,35,1,1,128,1,1,16,0.000,0.000,,,,,NVIDIA A100-SXM4-40GB MIG 4g.20gb (0),1,,13,cupy_copy__complex64_complex64
19166077340,1888,389261,1,1,1,1,1,1,18,0.000,0.000,,,,,NVIDIA A100-SXM4-40GB MIG 4g.20gb (0),1,,13,cupy_copy__float32_float32
19166111932,1792,389267,,,,,,,,,,0.000,2.232,Device,Pageable,NVIDIA A100-SXM4-40GB MIG 4g.20gb (0),1,,7,[CUDA memcpy Device-to-Host]
19166172827,13472,389278,1434,1,1,128,1,1,16,0.000,0.000,,,,,NVIDIA A100-SXM4-40GB MIG 4g.20gb (0),1,,13,cupy_copy__complex64_complex64
19166199611,2816,389285,103,1,1,128,1,1,16,0.000,0.000,,,,,NVIDIA A100-SXM4-40GB MIG 4g.20gb (0),1,,13,cupy_copy__complex64_complex64
19166220347,2208,389292,35,1,1,128,1,1,16,0.000,0.000,,,,,NVIDIA A100-SXM4-40GB MIG 4g.20gb (0),1,,13,cupy_copy__complex64_complex64
19166237499,1824,389299,1,1,1,1,1,1,18,0.000,0.000,,,,,NVIDIA A100-SXM4-40GB MIG 4g.20gb (0),1,,13,cupy_copy__float32_float32
19166376729,79935,389310,1,1,1,32,32,1,30,0.000,0.000,,,,,NVIDIA A100-SXM4-40GB MIG 4g.20gb (0),1,,13,"void convert_kernel<__half2, float2>(tensor_layout_any, T1 *, tensor_layout_any, const T2 *)"
19166485944,5504,389313,,,,,,,,,,0.094,17023.251,Pinned,Device,NVIDIA A100-SXM4-40GB MIG 4g.20gb (0),1,,13,[CUDA memcpy Host-to-Device]
19166500152,3200,389314,,,,,,,,,,1.547,483320.000,Device,,NVIDIA A100-SXM4-40GB MIG 4g.20gb (0),1,,13,[CUDA memset]
19166506392,3135,389319,,,,,,,,,,0.031,9982.767,Pinned,Device,NVIDIA A100-SXM4-40GB MIG 4g.20gb (0),1,,13,[CUDA memcpy Host-to-Device]
19166511959,9376,389320,,,,,,,,,,0.197,20969.226,Pinned,Device,NVIDIA A100-SXM4-40GB MIG 4g.20gb (0),1,,13,[CUDA memcpy Host-to-Device]
19166525559,6208,389321,273,1,1,8,4,1,39,0.002,0.000,,,,,NVIDIA A100-SXM4-40GB MIG 4g.20gb (0),1,,13,"void channel_eq::eqMmseCoefCompLowMimoKernel<float, float, float, (unsigned int)4, (unsigned int)1, (unsigned int)4>(const channel_eq::_puschRxChEqStatDescr *, channel_eq::_puschRxChEqCoefCompDynDescr)"
19166533367,5952,389322,273,1,1,12,11,1,51,0.002,0.000,,,,,NVIDIA A100-SXM4-40GB MIG 4g.20gb (0),1,,13,"void channel_eq::eqMmseSoftDemapKernel<float, __half, __half, float, (unsigned int)4, (unsigned short)16383>(channel_eq::_puschRxChEqStatDescr *, channel_eq::_puschRxChEqSoftDemapDynDescr)"
19166540823,579738,389323,1,1,1,32,32,1,30,0.000,0.000,,,,,NVIDIA A100-SXM4-40GB MIG 4g.20gb (0),1,,13,"void convert_kernel<float2, __half2>(tensor_layout_any, T1 *, tensor_layout_any, const T2 *)"
19167174896,16608,389335,2253,1,1,128,1,1,16,0.000,0.000,,,,,NVIDIA A100-SXM4-40GB MIG 4g.20gb (0),1,,13,cupy_copy__float16_float16
19167267631,5664,389344,282,1,1,128,1,1,16,0.000,0.000,,,,,NVIDIA A100-SXM4-40GB MIG 4g.20gb (0),1,,13,cupy_copy__complex64_complex64
19167275535,2944,389353,26,1,1,128,1,1,16,0.000,0.000,,,,,NVIDIA A100-SXM4-40GB MIG 4g.20gb (0),1,,13,cupy_copy__float32_float32
19167359406,5184,389362,103,1,1,128,1,1,16,0.000,0.000,,,,,NVIDIA A100-SXM4-40GB MIG 4g.20gb (0),1,,13,cupy_copy__complex64_complex64
19167366254,14944,389372,1434,1,1,128,1,1,16,0.000,0.000,,,,,NVIDIA A100-SXM4-40GB MIG 4g.20gb (0),1,,13,cupy_copy__complex64_complex64
19167454221,363676,389377,1,1,1,32,32,1,30,0.000,0.000,,,,,NVIDIA A100-SXM4-40GB MIG 4g.20gb (0),1,,13,"void convert_kernel<__half2, float2>(tensor_layout_any, T1 *, tensor_layout_any, const T2 *)"
19167859592,5920,389380,,,,,,,,,,0.094,15826.941,Pinned,Device,NVIDIA A100-SXM4-40GB MIG 4g.20gb (0),1,,13,[CUDA memcpy Host-to-Device]
19168086278,607129,389381,,,,,,,,,,456.561,751956.692,Device,,NVIDIA A100-SXM4-40GB MIG 4g.20gb (0),1,,13,[CUDA memset]
19168699711,63711,389386,,,,,,,,,,1.235,19382.446,Pinned,Device,NVIDIA A100-SXM4-40GB MIG 4g.20gb (0),1,,13,[CUDA memcpy Host-to-Device]
19168766878,15456,389387,,,,,,,,,,0.197,12720.341,Pinned,Device,NVIDIA A100-SXM4-40GB MIG 4g.20gb (0),1,,13,[CUDA memcpy Host-to-Device]
19171674782,46975,389388,69,4,1,48,1,1,76,0.002,0.000,,,,,NVIDIA A100-SXM4-40GB MIG 4g.20gb (0),1,,13,"void ch_est::windowedChEstPreNoDftSOfdmKernel<float, __half, float, (unsigned int)2, (unsigned int)1, (unsigned short)4>(ch_est::puschRxChEstStatDescr_t *, ch_est::puschRxChEstDynDescr_t *)"
19171880219,16000,389389,137,2,1,24,2,1,44,0.001,0.001,,,,,NVIDIA A100-SXM4-40GB MIG 4g.20gb (0),1,,13,"void ch_est::chEstFilterNoDftSOfdmDispatchKernel<float, __half, float, (unsigned int)2>(ch_est::puschRxChEstStatDescr_t *, ch_est::puschRxChEstDynDescr_t *)"
19174865274,24896,389390,137,2,1,24,2,1,44,0.001,0.001,,,,,NVIDIA A100-SXM4-40GB MIG 4g.20gb (0),1,,13,"void ch_est::chEstFilterNoDftSOfdmDispatchKernel<float, __half, float, (unsigned int)2>(ch_est::puschRxChEstStatDescr_t *, ch_est::puschRxChEstDynDescr_t *)"
19175217334,6720,389401,103,1,1,128,1,1,16,0.000,0.000,,,,,NVIDIA A100-SXM4-40GB MIG 4g.20gb (0),1,,13,cupy_copy__complex64_complex64
19175537331,18751,389411,1434,1,1,128,1,1,16,0.000,0.000,,,,,NVIDIA A100-SXM4-40GB MIG 4g.20gb (0),1,,13,cupy_copy__complex64_complex64
19175770864,8256,389418,103,1,1,128,1,1,16,0.000,0.000,,,,,NVIDIA A100-SXM4-40GB MIG 4g.20gb (0),1,,13,cupy_copy__complex64_complex64
19175986190,265373,389425,1,1,1,32,32,1,30,0.000,0.000,,,,,NVIDIA A100-SXM4-40GB MIG 4g.20gb (0),1,,13,"void convert_kernel<__half2, float2>(tensor_layout_any, T1 *, tensor_layout_any, const T2 *)"
19176286058,5696,389428,,,,,,,,,,0.094,16449.363,Pinned,Device,NVIDIA A100-SXM4-40GB MIG 4g.20gb (0),1,,13,[CUDA memcpy Host-to-Device]
19176465096,81567,389429,,,,,,,,,,35.810,438993.809,Device,,NVIDIA A100-SXM4-40GB MIG 4g.20gb (0),1,,13,[CUDA memset]
19176549159,1824,389431,,,,,,,,,,0.000,43.860,Pinned,Device,NVIDIA A100-SXM4-40GB MIG 4g.20gb (0),1,,13,[CUDA memcpy Host-to-Device]
19176553511,11008,389432,,,,,,,,,,0.197,17860.461,Pinned,Device,NVIDIA A100-SXM4-40GB MIG 4g.20gb (0),1,,13,[CUDA memcpy Host-to-Device]
19176569255,8768,389433,273,1,1,48,1,1,40,0.000,0.001,,,,,NVIDIA A100-SXM4-40GB MIG 4g.20gb (0),1,,13,"void pusch_noise_intf_est::noiseIntfEstNoDftSOfdmKernel<float, __half, float, float, (unsigned int)2, (unsigned int)1, (unsigned char)4, (unsigned char)4>(pusch_noise_intf_est::puschRxNoiseIntfEstDynDescr)"
19176579335,2720,389444,35,1,1,128,1,1,16,0.000,0.000,,,,,NVIDIA A100-SXM4-40GB MIG 4g.20gb (0),1,,13,cupy_copy__complex64_complex64
19176585319,1856,389453,1,1,1,1,1,1,18,0.000,0.000,,,,,NVIDIA A100-SXM4-40GB MIG 4g.20gb (0),1,,13,cupy_copy__float32_float32
19176590727,1600,389459,,,,,,,,,,0.000,2.500,Device,Pageable,NVIDIA A100-SXM4-40GB MIG 4g.20gb (0),1,,7,[CUDA memcpy Device-to-Host]
19176651398,13120,389470,1434,1,1,128,1,1,16,0.000,0.000,,,,,NVIDIA A100-SXM4-40GB MIG 4g.20gb (0),1,,13,cupy_copy__complex64_complex64
19176676870,2816,389477,103,1,1,128,1,1,16,0.000,0.000,,,,,NVIDIA A100-SXM4-40GB MIG 4g.20gb (0),1,,13,cupy_copy__complex64_complex64
19176698566,2240,389484,35,1,1,128,1,1,16,0.000,0.000,,,,,NVIDIA A100-SXM4-40GB MIG 4g.20gb (0),1,,13,cupy_copy__complex64_complex64
19176717861,1824,389491,1,1,1,1,1,1,18,0.000,0.000,,,,,NVIDIA A100-SXM4-40GB MIG 4g.20gb (0),1,,13,cupy_copy__float32_float32
19176862564,80127,389502,1,1,1,32,32,1,30,0.000,0.000,,,,,NVIDIA A100-SXM4-40GB MIG 4g.20gb (0),1,,13,"void convert_kernel<__half2, float2>(tensor_layout_any, T1 *, tensor_layout_any, const T2 *)"
19176972259,6239,389505,,,,,,,,,,0.094,15017.782,Pinned,Device,NVIDIA A100-SXM4-40GB MIG 4g.20gb (0),1,,13,[CUDA memcpy Host-to-Device]
19177012226,5152,389506,,,,,,,,,,1.547,300198.172,Device,,NVIDIA A100-SXM4-40GB MIG 4g.20gb (0),1,,13,[CUDA memset]
19177020450,3040,389511,,,,,,,,,,0.031,10294.725,Pinned,Device,NVIDIA A100-SXM4-40GB MIG 4g.20gb (0),1,,13,[CUDA memcpy Host-to-Device]
19177026722,9792,389512,,,,,,,,,,0.197,20078.395,Pinned,Device,NVIDIA A100-SXM4-40GB MIG 4g.20gb (0),1,,13,[CUDA memcpy Host-to-Device]
19177113409,11392,389513,273,1,1,8,4,1,39,0.002,0.000,,,,,NVIDIA A100-SXM4-40GB MIG 4g.20gb (0),1,,13,"void channel_eq::eqMmseCoefCompLowMimoKernel<float, float, float, (unsigned int)4, (unsigned int)1, (unsigned int)4>(const channel_eq::_puschRxChEqStatDescr *, channel_eq::_puschRxChEqCoefCompDynDescr)"
19177220000,23936,389514,273,1,1,12,11,1,51,0.002,0.000,,,,,NVIDIA A100-SXM4-40GB MIG 4g.20gb (0),1,,13,"void channel_eq::eqMmseSoftDemapKernel<float, __half, __half, float, (unsigned int)4, (unsigned short)16383>(channel_eq::_puschRxChEqStatDescr *, channel_eq::_puschRxChEqSoftDemapDynDescr)"
19177276735,851031,389515,1,1,1,32,32,1,30,0.000,0.000,,,,,NVIDIA A100-SXM4-40GB MIG 4g.20gb (0),1,,13,"void convert_kernel<float2, __half2>(tensor_layout_any, T1 *, tensor_layout_any, const T2 *)"
19180596922,15808,389527,2253,1,1,128,1,1,16,0.000,0.000,,,,,NVIDIA A100-SXM4-40GB MIG 4g.20gb (0),1,,13,cupy_copy__float16_float16
19183888693,11776,389536,282,1,1,128,1,1,16,0.000,0.000,,,,,NVIDIA A100-SXM4-40GB MIG 4g.20gb (0),1,,13,cupy_copy__complex64_complex64
19184042964,8863,389545,26,1,1,128,1,1,16,0.000,0.000,,,,,NVIDIA A100-SXM4-40GB MIG 4g.20gb (0),1,,13,cupy_copy__float32_float32
19184136338,7744,389554,103,1,1,128,1,1,16,0.000,0.000,,,,,NVIDIA A100-SXM4-40GB MIG 4g.20gb (0),1,,13,cupy_copy__complex64_complex64
19184289201,18496,389564,1434,1,1,128,1,1,16,0.000,0.000,,,,,NVIDIA A100-SXM4-40GB MIG 4g.20gb (0),1,,13,cupy_copy__complex64_complex64
19184439407,450907,389569,1,1,1,32,32,1,30,0.000,0.000,,,,,NVIDIA A100-SXM4-40GB MIG 4g.20gb (0),1,,13,"void convert_kernel<__half2, float2>(tensor_layout_any, T1 *, tensor_layout_any, const T2 *)"
19184920522,5536,389572,,,,,,,,,,0.094,16924.777,Pinned,Device,NVIDIA A100-SXM4-40GB MIG 4g.20gb (0),1,,13,[CUDA memcpy Host-to-Device]
19184931050,608313,389573,,,,,,,,,,456.561,750130.446,Device,,NVIDIA A100-SXM4-40GB MIG 4g.20gb (0),1,,13,[CUDA memset]
19185544259,51007,389578,,,,,,,,,,1.235,24211.077,Pinned,Device,NVIDIA A100-SXM4-40GB MIG 4g.20gb (0),1,,13,[CUDA memcpy Host-to-Device]
19185597730,9408,389579,,,,,,,,,,0.197,20897.858,Pinned,Device,NVIDIA A100-SXM4-40GB MIG 4g.20gb (0),1,,13,[CUDA memcpy Host-to-Device]
19185643618,13407,389580,69,4,1,48,1,1,76,0.002,0.000,,,,,NVIDIA A100-SXM4-40GB MIG 4g.20gb (0),1,,13,"void ch_est::windowedChEstPreNoDftSOfdmKernel<float, __half, float, (unsigned int)2, (unsigned int)1, (unsigned short)4>(ch_est::puschRxChEstStatDescr_t *, ch_est::puschRxChEstDynDescr_t *)"
19185704513,10496,389581,137,2,1,24,2,1,44,0.001,0.001,,,,,NVIDIA A100-SXM4-40GB MIG 4g.20gb (0),1,,13,"void ch_est::chEstFilterNoDftSOfdmDispatchKernel<float, __half, float, (unsigned int)2>(ch_est::puschRxChEstStatDescr_t *, ch_est::puschRxChEstDynDescr_t *)"
19185760288,13632,389582,137,2,1,24,2,1,44,0.001,0.001,,,,,NVIDIA A100-SXM4-40GB MIG 4g.20gb (0),1,,13,"void ch_est::chEstFilterNoDftSOfdmDispatchKernel<float, __half, float, (unsigned int)2>(ch_est::puschRxChEstStatDescr_t *, ch_est::puschRxChEstDynDescr_t *)"
19185830432,7263,389593,103,1,1,128,1,1,16,0.000,0.000,,,,,NVIDIA A100-SXM4-40GB MIG 4g.20gb (0),1,,13,cupy_copy__complex64_complex64
19185852447,16608,389603,1434,1,1,128,1,1,16,0.000,0.000,,,,,NVIDIA A100-SXM4-40GB MIG 4g.20gb (0),1,,13,cupy_copy__complex64_complex64
19185948126,5760,389610,103,1,1,128,1,1,16,0.000,0.000,,,,,NVIDIA A100-SXM4-40GB MIG 4g.20gb (0),1,,13,cupy_copy__complex64_complex64
19185956062,355708,389617,1,1,1,32,32,1,30,0.000,0.000,,,,,NVIDIA A100-SXM4-40GB MIG 4g.20gb (0),1,,13,"void convert_kernel<__half2, float2>(tensor_layout_any, T1 *, tensor_layout_any, const T2 *)"
19186341018,5728,389620,,,,,,,,,,0.094,16357.541,Pinned,Device,NVIDIA A100-SXM4-40GB MIG 4g.20gb (0),1,,13,[CUDA memcpy Host-to-Device]
19186441625,59743,389621,,,,,,,,,,35.810,599386.441,Device,,NVIDIA A100-SXM4-40GB MIG 4g.20gb (0),1,,13,[CUDA memset]
19186541048,2816,389623,,,,,,,,,,0.000,28.409,Pinned,Device,NVIDIA A100-SXM4-40GB MIG 4g.20gb (0),1,,13,[CUDA memcpy Host-to-Device]
19186546904,10495,389624,,,,,,,,,,0.197,18733.400,Pinned,Device,NVIDIA A100-SXM4-40GB MIG 4g.20gb (0),1,,13,[CUDA memcpy Host-to-Device]
19186648854,20768,389625,273,1,1,48,1,1,40,0.000,0.001,,,,,NVIDIA A100-SXM4-40GB MIG 4g.20gb (0),1,,13,"void pusch_noise_intf_est::noiseIntfEstNoDftSOfdmKernel<float, __half, float, float, (unsigned int)2, (unsigned int)1, (unsigned char)4, (unsigned char)4>(pusch_noise_intf_est::puschRxNoiseIntfEstDynDescr)"
19186923155,7168,389636,35,1,1,128,1,1,16,0.000,0.000,,,,,NVIDIA A100-SXM4-40GB MIG 4g.20gb (0),1,,13,cupy_copy__complex64_complex64
19187213584,3712,389645,1,1,1,1,1,1,18,0.000,0.000,,,,,NVIDIA A100-SXM4-40GB MIG 4g.20gb (0),1,,13,cupy_copy__float32_float32
19187222192,1568,389651,,,,,,,,,,0.000,2.551,Device,Pageable,NVIDIA A100-SXM4-40GB MIG 4g.20gb (0),1,,7,[CUDA memcpy Device-to-Host]
19187309455,17984,389662,1434,1,1,128,1,1,16,0.000,0.000,,,,,NVIDIA A100-SXM4-40GB MIG 4g.20gb (0),1,,13,cupy_copy__complex64_complex64
19187503245,4800,389669,103,1,1,128,1,1,16,0.000,0.000,,,,,NVIDIA A100-SXM4-40GB MIG 4g.20gb (0),1,,13,cupy_copy__complex64_complex64
19187626923,21120,389676,35,1,1,128,1,1,16,0.000,0.000,,,,,NVIDIA A100-SXM4-40GB MIG 4g.20gb (0),1,,13,cupy_copy__complex64_complex64
19187879497,7072,389683,1,1,1,1,1,1,18,0.000,0.000,,,,,NVIDIA A100-SXM4-40GB MIG 4g.20gb (0),1,,13,cupy_copy__float32_float32
19188112774,269661,389694,1,1,1,32,32,1,30,0.000,0.000,,,,,NVIDIA A100-SXM4-40GB MIG 4g.20gb (0),1,,13,"void convert_kernel<__half2, float2>(tensor_layout_any, T1 *, tensor_layout_any, const T2 *)"
19188413283,8128,389697,,,,,,,,,,0.094,11527.513,Pinned,Device,NVIDIA A100-SXM4-40GB MIG 4g.20gb (0),1,,13,[CUDA memcpy Host-to-Device]
19188660640,13120,389698,,,,,,,,,,1.547,117882.135,Device,,NVIDIA A100-SXM4-40GB MIG 4g.20gb (0),1,,13,[CUDA memset]
19188680320,3200,389703,,,,,,,,,,0.031,9780.000,Pinned,Device,NVIDIA A100-SXM4-40GB MIG 4g.20gb (0),1,,13,[CUDA memcpy Host-to-Device]
19188689408,11775,389704,,,,,,,,,,0.197,16696.934,Pinned,Device,NVIDIA A100-SXM4-40GB MIG 4g.20gb (0),1,,13,[CUDA memcpy Host-to-Device]
19188762015,18848,389705,273,1,1,8,4,1,39,0.002,0.000,,,,,NVIDIA A100-SXM4-40GB MIG 4g.20gb (0),1,,13,"void channel_eq::eqMmseCoefCompLowMimoKernel<float, float, float, (unsigned int)4, (unsigned int)1, (unsigned int)4>(const channel_eq::_puschRxChEqStatDescr *, channel_eq::_puschRxChEqCoefCompDynDescr)"
19188987548,15552,389706,273,1,1,12,11,1,51,0.002,0.000,,,,,NVIDIA A100-SXM4-40GB MIG 4g.20gb (0),1,,13,"void channel_eq::eqMmseSoftDemapKernel<float, __half, __half, float, (unsigned int)4, (unsigned short)16383>(channel_eq::_puschRxChEqStatDescr *, channel_eq::_puschRxChEqSoftDemapDynDescr)"
19189372536,692536,389707,1,1,1,32,32,1,30,0.000,0.000,,,,,NVIDIA A100-SXM4-40GB MIG 4g.20gb (0),1,,13,"void convert_kernel<float2, __half2>(tensor_layout_any, T1 *, tensor_layout_any, const T2 *)"
19190229838,15520,389719,2253,1,1,128,1,1,16,0.000,0.000,,,,,NVIDIA A100-SXM4-40GB MIG 4g.20gb (0),1,,13,cupy_copy__float16_float16
19190592010,4480,389728,282,1,1,128,1,1,16,0.000,0.000,,,,,NVIDIA A100-SXM4-40GB MIG 4g.20gb (0),1,,13,cupy_copy__complex64_complex64
19190978118,10944,389737,26,1,1,128,1,1,16,0.000,0.000,,,,,NVIDIA A100-SXM4-40GB MIG 4g.20gb (0),1,,13,cupy_copy__float32_float32
19191197124,12511,389746,103,1,1,128,1,1,16,0.000,0.000,,,,,NVIDIA A100-SXM4-40GB MIG 4g.20gb (0),1,,13,cupy_copy__complex64_complex64
19191429953,17568,389756,1434,1,1,128,1,1,16,0.000,0.000,,,,,NVIDIA A100-SXM4-40GB MIG 4g.20gb (0),1,,13,cupy_copy__complex64_complex64
19191565535,303773,389761,1,1,1,32,32,1,30,0.000,0.000,,,,,NVIDIA A100-SXM4-40GB MIG 4g.20gb (0),1,,13,"void convert_kernel<__half2, float2>(tensor_layout_any, T1 *, tensor_layout_any, const T2 *)"
19191900124,6176,389764,,,,,,,,,,0.094,15170.975,Pinned,Device,NVIDIA A100-SXM4-40GB MIG 4g.20gb (0),1,,13,[CUDA memcpy Host-to-Device]
19192032090,607641,389765,,,,,,,,,,456.561,751043.569,Device,,NVIDIA A100-SXM4-40GB MIG 4g.20gb (0),1,,13,[CUDA memset]
19192646163,51520,389770,,,,,,,,,,1.235,23969.028,Pinned,Device,NVIDIA A100-SXM4-40GB MIG 4g.20gb (0),1,,13,[CUDA memcpy Host-to-Device]
19192700435,10432,389771,,,,,,,,,,0.197,18846.450,Pinned,Device,NVIDIA A100-SXM4-40GB MIG 4g.20gb (0),1,,13,[CUDA memcpy Host-to-Device]
19192897841,16479,389772,69,4,1,48,1,1,76,0.002,0.000,,,,,NVIDIA A100-SXM4-40GB MIG 4g.20gb (0),1,,13,"void ch_est::windowedChEstPreNoDftSOfdmKernel<float, __half, float, (unsigned int)2, (unsigned int)1, (unsigned short)4>(ch_est::puschRxChEstStatDescr_t *, ch_est::puschRxChEstDynDescr_t *)"
19193062511,42591,389773,137,2,1,24,2,1,44,0.001,0.001,,,,,NVIDIA A100-SXM4-40GB MIG 4g.20gb (0),1,,13,"void ch_est::chEstFilterNoDftSOfdmDispatchKernel<float, __half, float, (unsigned int)2>(ch_est::puschRxChEstStatDescr_t *, ch_est::puschRxChEstDynDescr_t *)"
19193163502,14463,389774,137,2,1,24,2,1,44,0.001,0.001,,,,,NVIDIA A100-SXM4-40GB MIG 4g.20gb (0),1,,13,"void ch_est::chEstFilterNoDftSOfdmDispatchKernel<float, __half, float, (unsigned int)2>(ch_est::puschRxChEstStatDescr_t *, ch_est::puschRxChEstDynDescr_t *)"
19193251341,4832,389785,103,1,1,128,1,1,16,0.000,0.000,,,,,NVIDIA A100-SXM4-40GB MIG 4g.20gb (0),1,,13,cupy_copy__complex64_complex64
19193304012,27904,389795,1434,1,1,128,1,1,16,0.000,0.000,,,,,NVIDIA A100-SXM4-40GB MIG 4g.20gb (0),1,,13,cupy_copy__complex64_complex64
19193430187,12287,389802,103,1,1,128,1,1,16,0.000,0.000,,,,,NVIDIA A100-SXM4-40GB MIG 4g.20gb (0),1,,13,cupy_copy__complex64_complex64
19193658600,451355,389809,1,1,1,32,32,1,30,0.000,0.000,,,,,NVIDIA A100-SXM4-40GB MIG 4g.20gb (0),1,,13,"void convert_kernel<__half2, float2>(tensor_layout_any, T1 *, tensor_layout_any, const T2 *)"
19194139331,5632,389812,,,,,,,,,,0.094,16636.287,Pinned,Device,NVIDIA A100-SXM4-40GB MIG 4g.20gb (0),1,,13,[CUDA memcpy Host-to-Device]
19194295969,49887,389813,,,,,,,,,,35.810,717809.846,Device,,NVIDIA A100-SXM4-40GB MIG 4g.20gb (0),1,,13,[CUDA memset]
19194354592,2144,389815,,,,,,,,,,0.000,37.313,Pinned,Device,NVIDIA A100-SXM4-40GB MIG 4g.20gb (0),1,,13,[CUDA memcpy Host-to-Device]
19194359360,9824,389816,,,,,,,,,,0.197,20012.925,Pinned,Device,NVIDIA A100-SXM4-40GB MIG 4g.20gb (0),1,,13,[CUDA memcpy Host-to-Device]
19194489567,18560,389817,273,1,1,48,1,1,40,0.000,0.001,,,,,NVIDIA A100-SXM4-40GB MIG 4g.20gb (0),1,,13,"void pusch_noise_intf_est::noiseIntfEstNoDftSOfdmKernel<float, __half, float, float, (unsigned int)2, (unsigned int)1, (unsigned char)4, (unsigned char)4>(pusch_noise_intf_est::puschRxNoiseIntfEstDynDescr)"
19194630877,5504,389828,35,1,1,128,1,1,16,0.000,0.000,,,,,NVIDIA A100-SXM4-40GB MIG 4g.20gb (0),1,,13,cupy_copy__complex64_complex64
19194638365,2880,389837,1,1,1,1,1,1,18,0.000,0.000,,,,,NVIDIA A100-SXM4-40GB MIG 4g.20gb (0),1,,13,cupy_copy__float32_float32
19194649693,1568,389843,,,,,,,,,,0.000,2.551,Device,Pageable,NVIDIA A100-SXM4-40GB MIG 4g.20gb (0),1,,7,[CUDA memcpy Device-to-Host]
19194738940,16544,389854,1434,1,1,128,1,1,16,0.000,0.000,,,,,NVIDIA A100-SXM4-40GB MIG 4g.20gb (0),1,,13,cupy_copy__complex64_complex64
19194757980,3456,389861,103,1,1,128,1,1,16,0.000,0.000,,,,,NVIDIA A100-SXM4-40GB MIG 4g.20gb (0),1,,13,cupy_copy__complex64_complex64
19194860827,4192,389868,35,1,1,128,1,1,16,0.000,0.000,,,,,NVIDIA A100-SXM4-40GB MIG 4g.20gb (0),1,,13,cupy_copy__complex64_complex64
19194867355,2879,389875,1,1,1,1,1,1,18,0.000,0.000,,,,,NVIDIA A100-SXM4-40GB MIG 4g.20gb (0),1,,13,cupy_copy__float32_float32
19194968537,302301,389886,1,1,1,32,32,1,30,0.000,0.000,,,,,NVIDIA A100-SXM4-40GB MIG 4g.20gb (0),1,,13,"void convert_kernel<__half2, float2>(tensor_layout_any, T1 *, tensor_layout_any, const T2 *)"
19195300406,5344,389889,,,,,,,,,,0.094,17532.864,Pinned,Device,NVIDIA A100-SXM4-40GB MIG 4g.20gb (0),1,,13,[CUDA memcpy Host-to-Device]
19195314294,3647,389890,,,,,,,,,,1.547,424079.661,Device,,NVIDIA A100-SXM4-40GB MIG 4g.20gb (0),1,,13,[CUDA memset]
19195328405,3040,389895,,,,,,,,,,0.031,10294.725,Pinned,Device,NVIDIA A100-SXM4-40GB MIG 4g.20gb (0),1,,13,[CUDA memcpy Host-to-Device]
19195333845,9376,389896,,,,,,,,,,0.197,20969.226,Pinned,Device,NVIDIA A100-SXM4-40GB MIG 4g.20gb (0),1,,13,[CUDA memcpy Host-to-Device]
19195347093,7040,389897,273,1,1,8,4,1,39,0.002,0.000,,,,,NVIDIA A100-SXM4-40GB MIG 4g.20gb (0),1,,13,"void channel_eq::eqMmseCoefCompLowMimoKernel<float, float, float, (unsigned int)4, (unsigned int)1, (unsigned int)4>(const channel_eq::_puschRxChEqStatDescr *, channel_eq::_puschRxChEqCoefCompDynDescr)"
19195356373,8000,389898,273,1,1,12,11,1,51,0.002,0.000,,,,,NVIDIA A100-SXM4-40GB MIG 4g.20gb (0),1,,13,"void channel_eq::eqMmseSoftDemapKernel<float, __half, __half, float, (unsigned int)4, (unsigned short)16383>(channel_eq::_puschRxChEqStatDescr *, channel_eq::_puschRxChEqSoftDemapDynDescr)"
19195514067,884662,389899,1,1,1,32,32,1,30,0.000,0.000,,,,,NVIDIA A100-SXM4-40GB MIG 4g.20gb (0),1,,13,"void convert_kernel<float2, __half2>(tensor_layout_any, T1 *, tensor_layout_any, const T2 *)"
19196579495,51040,389911,2253,1,1,128,1,1,16,0.000,0.000,,,,,NVIDIA A100-SXM4-40GB MIG 4g.20gb (0),1,,13,cupy_copy__float16_float16
19196840996,23648,389920,282,1,1,128,1,1,16,0.000,0.000,,,,,NVIDIA A100-SXM4-40GB MIG 4g.20gb (0),1,,13,cupy_copy__complex64_complex64
19196873444,3968,389929,26,1,1,128,1,1,16,0.000,0.000,,,,,NVIDIA A100-SXM4-40GB MIG 4g.20gb (0),1,,13,cupy_copy__float32_float32
19196882788,7360,389938,103,1,1,128,1,1,16,0.000,0.000,,,,,NVIDIA A100-SXM4-40GB MIG 4g.20gb (0),1,,13,cupy_copy__complex64_complex64
19196895076,13792,389948,1434,1,1,128,1,1,16,0.000,0.000,,,,,NVIDIA A100-SXM4-40GB MIG 4g.20gb (0),1,,13,cupy_copy__complex64_complex64
19197020802,236318,389953,1,1,1,32,32,1,30,0.000,0.000,,,,,NVIDIA A100-SXM4-40GB MIG 4g.20gb (0),1,,13,"void convert_kernel<__half2, float2>(tensor_layout_any, T1 *, tensor_layout_any, const T2 *)"
19197297983,5408,389956,,,,,,,,,,0.094,17325.421,Pinned,Device,NVIDIA A100-SXM4-40GB MIG 4g.20gb (0),1,,13,[CUDA memcpy Host-to-Device]
19197368639,645944,389957,,,,,,,,,,456.561,706757.109,Device,,NVIDIA A100-SXM4-40GB MIG 4g.20gb (0),1,,13,[CUDA memset]
19198107798,51296,389962,,,,,,,,,,1.235,24073.998,Pinned,Device,NVIDIA A100-SXM4-40GB MIG 4g.20gb (0),1,,13,[CUDA memcpy Host-to-Device]
19198163478,10272,389963,,,,,,,,,,0.197,19140.182,Pinned,Device,NVIDIA A100-SXM4-40GB MIG 4g.20gb (0),1,,13,[CUDA memcpy Host-to-Device]
19198585777,15744,389964,69,4,1,48,1,1,76,0.002,0.000,,,,,NVIDIA A100-SXM4-40GB MIG 4g.20gb (0),1,,13,"void ch_est::windowedChEstPreNoDftSOfdmKernel<float, __half, float, (unsigned int)2, (unsigned int)1, (unsigned short)4>(ch_est::puschRxChEstStatDescr_t *, ch_est::puschRxChEstDynDescr_t *)"
19199009548,16032,389965,137,2,1,24,2,1,44,0.001,0.001,,,,,NVIDIA A100-SXM4-40GB MIG 4g.20gb (0),1,,13,"void ch_est::chEstFilterNoDftSOfdmDispatchKernel<float, __half, float, (unsigned int)2>(ch_est::puschRxChEstStatDescr_t *, ch_est::puschRxChEstDynDescr_t *)"
19199134347,50431,389966,137,2,1,24,2,1,44,0.001,0.001,,,,,NVIDIA A100-SXM4-40GB MIG 4g.20gb (0),1,,13,"void ch_est::chEstFilterNoDftSOfdmDispatchKernel<float, __half, float, (unsigned int)2>(ch_est::puschRxChEstStatDescr_t *, ch_est::puschRxChEstDynDescr_t *)"
19199266473,4224,389977,103,1,1,128,1,1,16,0.000,0.000,,,,,NVIDIA A100-SXM4-40GB MIG 4g.20gb (0),1,,13,cupy_copy__complex64_complex64
19199273961,14432,389987,1434,1,1,128,1,1,16,0.000,0.000,,,,,NVIDIA A100-SXM4-40GB MIG 4g.20gb (0),1,,13,cupy_copy__complex64_complex64
19199376552,5152,389994,103,1,1,128,1,1,16,0.000,0.000,,,,,NVIDIA A100-SXM4-40GB MIG 4g.20gb (0),1,,13,cupy_copy__complex64_complex64
19199383976,295293,390001,1,1,1,32,32,1,30,0.000,0.000,,,,,NVIDIA A100-SXM4-40GB MIG 4g.20gb (0),1,,13,"void convert_kernel<__half2, float2>(tensor_layout_any, T1 *, tensor_layout_any, const T2 *)"
19199710244,6176,390004,,,,,,,,,,0.094,15170.975,Pinned,Device,NVIDIA A100-SXM4-40GB MIG 4g.20gb (0),1,,13,[CUDA memcpy Host-to-Device]
19199720772,51168,390005,,,,,,,,,,35.810,699833.267,Device,,NVIDIA A100-SXM4-40GB MIG 4g.20gb (0),1,,13,[CUDA memset]
19199774820,2016,390007,,,,,,,,,,0.000,39.682,Pinned,Device,NVIDIA A100-SXM4-40GB MIG 4g.20gb (0),1,,13,[CUDA memcpy Host-to-Device]
19199779396,9727,390008,,,,,,,,,,0.197,20212.482,Pinned,Device,NVIDIA A100-SXM4-40GB MIG 4g.20gb (0),1,,13,[CUDA memcpy Host-to-Device]
19199865603,12159,390009,273,1,1,48,1,1,40,0.000,0.001,,,,,NVIDIA A100-SXM4-40GB MIG 4g.20gb (0),1,,13,"void pusch_noise_intf_est::noiseIntfEstNoDftSOfdmKernel<float, __half, float, float, (unsigned int)2, (unsigned int)1, (unsigned char)4, (unsigned char)4>(pusch_noise_intf_est::puschRxNoiseIntfEstDynDescr)"
19199973377,5536,390020,35,1,1,128,1,1,16,0.000,0.000,,,,,NVIDIA A100-SXM4-40GB MIG 4g.20gb (0),1,,13,cupy_copy__complex64_complex64
19199981377,3008,390029,1,1,1,1,1,1,18,0.000,0.000,,,,,NVIDIA A100-SXM4-40GB MIG 4g.20gb (0),1,,13,cupy_copy__float32_float32
19199993185,1664,390035,,,,,,,,,,0.000,2.404,Device,Pageable,NVIDIA A100-SXM4-40GB MIG 4g.20gb (0),1,,7,[CUDA memcpy Device-to-Host]
19200081216,16160,390046,1434,1,1,128,1,1,16,0.000,0.000,,,,,NVIDIA A100-SXM4-40GB MIG 4g.20gb (0),1,,13,cupy_copy__complex64_complex64
19200099616,4448,390053,103,1,1,128,1,1,16,0.000,0.000,,,,,NVIDIA A100-SXM4-40GB MIG 4g.20gb (0),1,,13,cupy_copy__complex64_complex64
19200105024,2528,390060,35,1,1,128,1,1,16,0.000,0.000,,,,,NVIDIA A100-SXM4-40GB MIG 4g.20gb (0),1,,13,cupy_copy__complex64_complex64
19200119840,2272,390067,1,1,1,1,1,1,18,0.000,0.000,,,,,NVIDIA A100-SXM4-40GB MIG 4g.20gb (0),1,,13,cupy_copy__float32_float32
19200256798,287773,390078,1,1,1,32,32,1,30,0.000,0.000,,,,,NVIDIA A100-SXM4-40GB MIG 4g.20gb (0),1,,13,"void convert_kernel<__half2, float2>(tensor_layout_any, T1 *, tensor_layout_any, const T2 *)"
19200623258,6048,390081,,,,,,,,,,0.094,15491.978,Pinned,Device,NVIDIA A100-SXM4-40GB MIG 4g.20gb (0),1,,13,[CUDA memcpy Host-to-Device]
19200697913,4896,390082,,,,,,,,,,1.547,315894.859,Device,,NVIDIA A100-SXM4-40GB MIG 4g.20gb (0),1,,13,[CUDA memset]
19200710137,3168,390087,,,,,,,,,,0.031,9878.770,Pinned,Device,NVIDIA A100-SXM4-40GB MIG 4g.20gb (0),1,,13,[CUDA memcpy Host-to-Device]
19200715993,9952,390088,,,,,,,,,,0.197,19755.565,Pinned,Device,NVIDIA A100-SXM4-40GB MIG 4g.20gb (0),1,,13,[CUDA memcpy Host-to-Device]
19200805112,15264,390089,273,1,1,8,4,1,39,0.002,0.000,,,,,NVIDIA A100-SXM4-40GB MIG 4g.20gb (0),1,,13,"void channel_eq::eqMmseCoefCompLowMimoKernel<float, float, float, (unsigned int)4, (unsigned int)1, (unsigned int)4>(const channel_eq::_puschRxChEqStatDescr *, channel_eq::_puschRxChEqCoefCompDynDescr)"
19200912055,11072,390090,273,1,1,12,11,1,51,0.002,0.000,,,,,NVIDIA A100-SXM4-40GB MIG 4g.20gb (0),1,,13,"void channel_eq::eqMmseSoftDemapKernel<float, __half, __half, float, (unsigned int)4, (unsigned short)16383>(channel_eq::_puschRxChEqStatDescr *, channel_eq::_puschRxChEqSoftDemapDynDescr)"
19201017814,506330,390091,1,1,1,32,32,1,30,0.000,0.000,,,,,NVIDIA A100-SXM4-40GB MIG 4g.20gb (0),1,,13,"void convert_kernel<float2, __half2>(tensor_layout_any, T1 *, tensor_layout_any, const T2 *)"
19201526448,12480,390103,2253,1,1,128,1,1,16,0.000,0.000,,,,,NVIDIA A100-SXM4-40GB MIG 4g.20gb (0),1,,13,cupy_copy__float16_float16
19201542448,2848,390112,282,1,1,128,1,1,16,0.000,0.000,,,,,NVIDIA A100-SXM4-40GB MIG 4g.20gb (0),1,,13,cupy_copy__complex64_complex64
19201547120,2336,390121,26,1,1,128,1,1,16,0.000,0.000,,,,,NVIDIA A100-SXM4-40GB MIG 4g.20gb (0),1,,13,cupy_copy__float32_float32
19201551536,3168,390130,103,1,1,128,1,1,16,0.000,0.000,,,,,NVIDIA A100-SXM4-40GB MIG 4g.20gb (0),1,,13,cupy_copy__complex64_complex64
19201608623,19392,390140,1434,1,1,128,1,1,16,0.000,0.000,,,,,NVIDIA A100-SXM4-40GB MIG 4g.20gb (0),1,,13,cupy_copy__complex64_complex64
19201630127,328316,390145,1,1,1,32,32,1,30,0.000,0.000,,,,,NVIDIA A100-SXM4-40GB MIG 4g.20gb (0),1,,13,"void convert_kernel<__half2, float2>(tensor_layout_any, T1 *, tensor_layout_any, const T2 *)"
19201990027,6560,390148,,,,,,,,,,0.094,14282.925,Pinned,Device,NVIDIA A100-SXM4-40GB MIG 4g.20gb (0),1,,13,[CUDA memcpy Host-to-Device]
19202009579,610649,390149,,,,,,,,,,456.561,747391.077,Device,,NVIDIA A100-SXM4-40GB MIG 4g.20gb (0),1,,13,[CUDA memset]
19202628324,55391,390154,,,,,,,,,,1.235,22294.444,Pinned,Device,NVIDIA A100-SXM4-40GB MIG 4g.20gb (0),1,,13,[CUDA memcpy Host-to-Device]
19202689059,11520,390155,,,,,,,,,,0.197,17066.557,Pinned,Device,NVIDIA A100-SXM4-40GB MIG 4g.20gb (0),1,,13,[CUDA memcpy Host-to-Device]
19202882817,18720,390156,69,4,1,48,1,1,76,0.002,0.000,,,,,NVIDIA A100-SXM4-40GB MIG 4g.20gb (0),1,,13,"void ch_est::windowedChEstPreNoDftSOfdmKernel<float, __half, float, (unsigned int)2, (unsigned int)1, (unsigned short)4>(ch_est::puschRxChEstStatDescr_t *, ch_est::puschRxChEstDynDescr_t *)"
19203224029,21568,390157,137,2,1,24,2,1,44,0.001,0.001,,,,,NVIDIA A100-SXM4-40GB MIG 4g.20gb (0),1,,13,"void ch_est::chEstFilterNoDftSOfdmDispatchKernel<float, __half, float, (unsigned int)2>(ch_est::puschRxChEstStatDescr_t *, ch_est::puschRxChEstDynDescr_t *)"
19203620697,22975,390158,137,2,1,24,2,1,44,0.001,0.001,,,,,NVIDIA A100-SXM4-40GB MIG 4g.20gb (0),1,,13,"void ch_est::chEstFilterNoDftSOfdmDispatchKernel<float, __half, float, (unsigned int)2>(ch_est::puschRxChEstStatDescr_t *, ch_est::puschRxChEstDynDescr_t *)"
19203958293,11552,390169,103,1,1,128,1,1,16,0.000,0.000,,,,,NVIDIA A100-SXM4-40GB MIG 4g.20gb (0),1,,13,cupy_copy__complex64_complex64
19204217010,17472,390179,1434,1,1,128,1,1,16,0.000,0.000,,,,,NVIDIA A100-SXM4-40GB MIG 4g.20gb (0),1,,13,cupy_copy__complex64_complex64
19204557550,3776,390186,103,1,1,128,1,1,16,0.000,0.000,,,,,NVIDIA A100-SXM4-40GB MIG 4g.20gb (0),1,,13,cupy_copy__complex64_complex64
19205105544,317853,390193,1,1,1,32,32,1,30,0.000,0.000,,,,,NVIDIA A100-SXM4-40GB MIG 4g.20gb (0),1,,13,"void convert_kernel<__half2, float2>(tensor_layout_any, T1 *, tensor_layout_any, const T2 *)"
19205453540,5568,390196,,,,,,,,,,0.094,16827.521,Pinned,Device,NVIDIA A100-SXM4-40GB MIG 4g.20gb (0),1,,13,[CUDA memcpy Host-to-Device]
19205704321,50944,390197,,,,,,,,,,35.810,702912.920,Device,,NVIDIA A100-SXM4-40GB MIG 4g.20gb (0),1,,13,[CUDA memset]
19205757985,2464,390199,,,,,,,,,,0.000,32.468,Pinned,Device,NVIDIA A100-SXM4-40GB MIG 4g.20gb (0),1,,13,[CUDA memcpy Host-to-Device]
19205766721,11168,390200,,,,,,,,,,0.197,17604.477,Pinned,Device,NVIDIA A100-SXM4-40GB MIG 4g.20gb (0),1,,13,[CUDA memcpy Host-to-Device]
19206148316,16192,390201,273,1,1,48,1,1,40,0.000,0.001,,,,,NVIDIA A100-SXM4-40GB MIG 4g.20gb (0),1,,13,"void pusch_noise_intf_est::noiseIntfEstNoDftSOfdmKernel<float, __half, float, float, (unsigned int)2, (unsigned int)1, (unsigned char)4, (unsigned char)4>(pusch_noise_intf_est::puschRxNoiseIntfEstDynDescr)"
19206365594,9216,390212,35,1,1,128,1,1,16,0.000,0.000,,,,,NVIDIA A100-SXM4-40GB MIG 4g.20gb (0),1,,13,cupy_copy__complex64_complex64
19206379002,2752,390221,1,1,1,1,1,1,18,0.000,0.000,,,,,NVIDIA A100-SXM4-40GB MIG 4g.20gb (0),1,,13,cupy_copy__float32_float32
19206387994,1632,390227,,,,,,,,,,0.000,2.451,Device,Pageable,NVIDIA A100-SXM4-40GB MIG 4g.20gb (0),1,,7,[CUDA memcpy Device-to-Host]
19206576280,24831,390238,1434,1,1,128,1,1,16,0.000,0.000,,,,,NVIDIA A100-SXM4-40GB MIG 4g.20gb (0),1,,13,cupy_copy__complex64_complex64
19206645367,7296,390245,103,1,1,128,1,1,16,0.000,0.000,,,,,NVIDIA A100-SXM4-40GB MIG 4g.20gb (0),1,,13,cupy_copy__complex64_complex64
19206916180,14112,390252,35,1,1,128,1,1,16,0.000,0.000,,,,,NVIDIA A100-SXM4-40GB MIG 4g.20gb (0),1,,13,cupy_copy__complex64_complex64
19207147985,4192,390259,1,1,1,1,1,1,18,0.000,0.000,,,,,NVIDIA A100-SXM4-40GB MIG 4g.20gb (0),1,,13,cupy_copy__float32_float32
19207209873,239901,390270,1,1,1,32,32,1,30,0.000,0.000,,,,,NVIDIA A100-SXM4-40GB MIG 4g.20gb (0),1,,13,"void convert_kernel<__half2, float2>(tensor_layout_any, T1 *, tensor_layout_any, const T2 *)"
19207482733,6848,390273,,,,,,,,,,0.094,13682.239,Pinned,Device,NVIDIA A100-SXM4-40GB MIG 4g.20gb (0),1,,13,[CUDA memcpy Host-to-Device]
19207741963,9119,390274,,,,,,,,,,1.547,169604.334,Device,,NVIDIA A100-SXM4-40GB MIG 4g.20gb (0),1,,13,[CUDA memset]
19207756202,4928,390279,,,,,,,,,,0.031,6350.647,Pinned,Device,NVIDIA A100-SXM4-40GB MIG 4g.20gb (0),1,,13,[CUDA memcpy Host-to-Device]
19207763722,10080,390280,,,,,,,,,,0.197,19504.693,Pinned,Device,NVIDIA A100-SXM4-40GB MIG 4g.20gb (0),1,,13,[CUDA memcpy Host-to-Device]
19208039271,19168,390281,273,1,1,8,4,1,39,0.002,0.000,,,,,NVIDIA A100-SXM4-40GB MIG 4g.20gb (0),1,,13,"void channel_eq::eqMmseCoefCompLowMimoKernel<float, float, float, (unsigned int)4, (unsigned int)1, (unsigned int)4>(const channel_eq::_puschRxChEqStatDescr *, channel_eq::_puschRxChEqCoefCompDynDescr)"
19208153926,26880,390282,273,1,1,12,11,1,51,0.002,0.000,,,,,NVIDIA A100-SXM4-40GB MIG 4g.20gb (0),1,,13,"void channel_eq::eqMmseSoftDemapKernel<float, __half, __half, float, (unsigned int)4, (unsigned short)16383>(channel_eq::_puschRxChEqStatDescr *, channel_eq::_puschRxChEqSoftDemapDynDescr)"
19208237573,911158,390283,1,1,1,32,32,1,30,0.000,0.000,,,,,NVIDIA A100-SXM4-40GB MIG 4g.20gb (0),1,,13,"void convert_kernel<float2, __half2>(tensor_layout_any, T1 *, tensor_layout_any, const T2 *)"
19209211738,15008,390295,2253,1,1,128,1,1,16,0.000,0.000,,,,,NVIDIA A100-SXM4-40GB MIG 4g.20gb (0),1,,13,cupy_copy__float16_float16
19209228090,3936,390304,282,1,1,128,1,1,16,0.000,0.000,,,,,NVIDIA A100-SXM4-40GB MIG 4g.20gb (0),1,,13,cupy_copy__complex64_complex64
19209316217,5504,390313,26,1,1,128,1,1,16,0.000,0.000,,,,,NVIDIA A100-SXM4-40GB MIG 4g.20gb (0),1,,13,cupy_copy__float32_float32
19209561846,6272,390322,103,1,1,128,1,1,16,0.000,0.000,,,,,NVIDIA A100-SXM4-40GB MIG 4g.20gb (0),1,,13,cupy_copy__complex64_complex64
19209719444,20512,390332,1434,1,1,128,1,1,16,0.000,0.000,,,,,NVIDIA A100-SXM4-40GB MIG 4g.20gb (0),1,,13,cupy_copy__complex64_complex64
19210154768,352444,390337,1,1,1,32,32,1,30,0.000,0.000,,,,,NVIDIA A100-SXM4-40GB MIG 4g.20gb (0),1,,13,"void convert_kernel<__half2, float2>(tensor_layout_any, T1 *, tensor_layout_any, const T2 *)"
19210539019,6016,390340,,,,,,,,,,0.094,15574.430,Pinned,Device,NVIDIA A100-SXM4-40GB MIG 4g.20gb (0),1,,13,[CUDA memcpy Host-to-Device]
19210681354,611481,390341,,,,,,,,,,456.561,746477.954,Device,,NVIDIA A100-SXM4-40GB MIG 4g.20gb (0),1,,13,[CUDA memset]
19211298211,52639,390346,,,,,,,,,,1.235,23460.231,Pinned,Device,NVIDIA A100-SXM4-40GB MIG 4g.20gb (0),1,,13,[CUDA memcpy Host-to-Device]
19211353666,10112,390347,,,,,,,,,,0.197,19442.958,Pinned,Device,NVIDIA A100-SXM4-40GB MIG 4g.20gb (0),1,,13,[CUDA memcpy Host-to-Device]
19211468417,13280,390348,69,4,1,48,1,1,76,0.002,0.000,,,,,NVIDIA A100-SXM4-40GB MIG 4g.20gb (0),1,,13,"void ch_est::windowedChEstPreNoDftSOfdmKernel<float, __half, float, (unsigned int)2, (unsigned int)1, (unsigned short)4>(ch_est::puschRxChEstStatDescr_t *, ch_est::puschRxChEstDynDescr_t *)"
19211637439,12032,390349,137,2,1,24,2,1,44,0.001,0.001,,,,,NVIDIA A100-SXM4-40GB MIG 4g.20gb (0),1,,13,"void ch_est::chEstFilterNoDftSOfdmDispatchKernel<float, __half, float, (unsigned int)2>(ch_est::puschRxChEstStatDescr_t *, ch_est::puschRxChEstDynDescr_t *)"
19211810781,12832,390350,137,2,1,24,2,1,44,0.001,0.001,,,,,NVIDIA A100-SXM4-40GB MIG 4g.20gb (0),1,,13,"void ch_est::chEstFilterNoDftSOfdmDispatchKernel<float, __half, float, (unsigned int)2>(ch_est::puschRxChEstStatDescr_t *, ch_est::puschRxChEstDynDescr_t *)"
19211969403,5920,390361,103,1,1,128,1,1,16,0.000,0.000,,,,,NVIDIA A100-SXM4-40GB MIG 4g.20gb (0),1,,13,cupy_copy__complex64_complex64
19212050938,21184,390371,1434,1,1,128,1,1,16,0.000,0.000,,,,,NVIDIA A100-SXM4-40GB MIG 4g.20gb (0),1,,13,cupy_copy__complex64_complex64
19212139449,6880,390378,103,1,1,128,1,1,16,0.000,0.000,,,,,NVIDIA A100-SXM4-40GB MIG 4g.20gb (0),1,,13,cupy_copy__complex64_complex64
19212147769,231230,390385,1,1,1,32,32,1,30,0.000,0.000,,,,,NVIDIA A100-SXM4-40GB MIG 4g.20gb (0),1,,13,"void convert_kernel<__half2, float2>(tensor_layout_any, T1 *, tensor_layout_any, const T2 *)"
19212409174,5408,390388,,,,,,,,,,0.094,17325.421,Pinned,Device,NVIDIA A100-SXM4-40GB MIG 4g.20gb (0),1,,13,[CUDA memcpy Host-to-Device]
19212421334,49184,390389,,,,,,,,,,35.810,728051.484,Device,,NVIDIA A100-SXM4-40GB MIG 4g.20gb (0),1,,13,[CUDA memset]
19212495413,2080,390391,,,,,,,,,,0.000,38.462,Pinned,Device,NVIDIA A100-SXM4-40GB MIG 4g.20gb (0),1,,13,[CUDA memcpy Host-to-Device]
19212500533,10688,390392,,,,,,,,,,0.197,18395.038,Pinned,Device,NVIDIA A100-SXM4-40GB MIG 4g.20gb (0),1,,13,[CUDA memcpy Host-to-Device]
19212515733,8736,390393,273,1,1,48,1,1,40,0.000,0.001,,,,,NVIDIA A100-SXM4-40GB MIG 4g.20gb (0),1,,13,"void pusch_noise_intf_est::noiseIntfEstNoDftSOfdmKernel<float, __half, float, float, (unsigned int)2, (unsigned int)1, (unsigned char)4, (unsigned char)4>(pusch_noise_intf_est::puschRxNoiseIntfEstDynDescr)"
19212525749,2944,390404,35,1,1,128,1,1,16,0.000,0.000,,,,,NVIDIA A100-SXM4-40GB MIG 4g.20gb (0),1,,13,cupy_copy__complex64_complex64
19212532181,1888,390413,1,1,1,1,1,1,18,0.000,0.000,,,,,NVIDIA A100-SXM4-40GB MIG 4g.20gb (0),1,,13,cupy_copy__float32_float32
19212563413,1568,390419,,,,,,,,,,0.000,2.551,Device,Pageable,NVIDIA A100-SXM4-40GB MIG 4g.20gb (0),1,,7,[CUDA memcpy Device-to-Host]
19212631636,13120,390430,1434,1,1,128,1,1,16,0.000,0.000,,,,,NVIDIA A100-SXM4-40GB MIG 4g.20gb (0),1,,13,cupy_copy__complex64_complex64
19212664084,2816,390437,103,1,1,128,1,1,16,0.000,0.000,,,,,NVIDIA A100-SXM4-40GB MIG 4g.20gb (0),1,,13,cupy_copy__complex64_complex64
19212689235,3456,390444,35,1,1,128,1,1,16,0.000,0.000,,,,,NVIDIA A100-SXM4-40GB MIG 4g.20gb (0),1,,13,cupy_copy__complex64_complex64
19212708307,1952,390451,1,1,1,1,1,1,18,0.000,0.000,,,,,NVIDIA A100-SXM4-40GB MIG 4g.20gb (0),1,,13,cupy_copy__float32_float32
19212894449,423643,390462,1,1,1,32,32,1,30,0.000,0.000,,,,,NVIDIA A100-SXM4-40GB MIG 4g.20gb (0),1,,13,"void convert_kernel<__half2, float2>(tensor_layout_any, T1 *, tensor_layout_any, const T2 *)"
19213349164,6112,390465,,,,,,,,,,0.094,15329.790,Pinned,Device,NVIDIA A100-SXM4-40GB MIG 4g.20gb (0),1,,13,[CUDA memcpy Host-to-Device]
19213434059,6784,390466,,,,,,,,,,1.547,227980.111,Device,,NVIDIA A100-SXM4-40GB MIG 4g.20gb (0),1,,13,[CUDA memset]
19213448171,3552,390471,,,,,,,,,,0.031,8810.794,Pinned,Device,NVIDIA A100-SXM4-40GB MIG 4g.20gb (0),1,,13,[CUDA memcpy Host-to-Device]
19213454155,10112,390472,,,,,,,,,,0.197,19442.958,Pinned,Device,NVIDIA A100-SXM4-40GB MIG 4g.20gb (0),1,,13,[CUDA memcpy Host-to-Device]
19213734760,21311,390473,273,1,1,8,4,1,39,0.002,0.000,,,,,NVIDIA A100-SXM4-40GB MIG 4g.20gb (0),1,,13,"void channel_eq::eqMmseCoefCompLowMimoKernel<float, float, float, (unsigned int)4, (unsigned int)1, (unsigned int)4>(const channel_eq::_puschRxChEqStatDescr *, channel_eq::_puschRxChEqCoefCompDynDescr)"
19214025604,17984,390474,273,1,1,12,11,1,51,0.002,0.000,,,,,NVIDIA A100-SXM4-40GB MIG 4g.20gb (0),1,,13,"void channel_eq::eqMmseSoftDemapKernel<float, __half, __half, float, (unsigned int)4, (unsigned short)16383>(channel_eq::_puschRxChEqStatDescr *, channel_eq::_puschRxChEqSoftDemapDynDescr)"
19214319073,761144,390475,1,1,1,32,32,1,30,0.000,0.000,,,,,NVIDIA A100-SXM4-40GB MIG 4g.20gb (0),1,,13,"void convert_kernel<float2, __half2>(tensor_layout_any, T1 *, tensor_layout_any, const T2 *)"
19215444724,15008,390487,2253,1,1,128,1,1,16,0.000,0.000,,,,,NVIDIA A100-SXM4-40GB MIG 4g.20gb (0),1,,13,cupy_copy__float16_float16
19215742353,7104,390496,282,1,1,128,1,1,16,0.000,0.000,,,,,NVIDIA A100-SXM4-40GB MIG 4g.20gb (0),1,,13,cupy_copy__complex64_complex64
19216028910,5600,390505,26,1,1,128,1,1,16,0.000,0.000,,,,,NVIDIA A100-SXM4-40GB MIG 4g.20gb (0),1,,13,cupy_copy__float32_float32
19216227564,19680,390514,103,1,1,128,1,1,16,0.000,0.000,,,,,NVIDIA A100-SXM4-40GB MIG 4g.20gb (0),1,,13,cupy_copy__complex64_complex64
19216444425,48640,390530,1434,1,1,128,1,1,16,0.000,0.000,,,,,NVIDIA A100-SXM4-40GB MIG 4g.20gb (0),1,,13,cupy_copy__complex64_complex64
19216596776,485050,390535,1,1,1,32,32,1,30,0.000,0.000,,,,,NVIDIA A100-SXM4-40GB MIG 4g.20gb (0),1,,13,"void convert_kernel<__half2, float2>(tensor_layout_any, T1 *, tensor_layout_any, const T2 *)"
19217112002,5760,390538,,,,,,,,,,0.094,16266.656,Pinned,Device,NVIDIA A100-SXM4-40GB MIG 4g.20gb (0),1,,13,[CUDA memcpy Host-to-Device]
19217210401,612057,390539,,,,,,,,,,456.561,745564.832,Device,,NVIDIA A100-SXM4-40GB MIG 4g.20gb (0),1,,13,[CUDA memset]
19217830810,51359,390544,,,,,,,,,,1.235,24044.360,Pinned,Device,NVIDIA A100-SXM4-40GB MIG 4g.20gb (0),1,,13,[CUDA memcpy Host-to-Device]
19217885113,9920,390545,,,,,,,,,,0.197,19819.266,Pinned,Device,NVIDIA A100-SXM4-40GB MIG 4g.20gb (0),1,,13,[CUDA memcpy Host-to-Device]
19217902169,12416,390546,69,4,1,48,1,1,76,0.002,0.000,,,,,NVIDIA A100-SXM4-40GB MIG 4g.20gb (0),1,,13,"void ch_est::windowedChEstPreNoDftSOfdmKernel<float, __half, float, (unsigned int)2, (unsigned int)1, (unsigned short)4>(ch_est::puschRxChEstStatDescr_t *, ch_est::puschRxChEstDynDescr_t *)"
19217917177,11936,390547,137,2,1,24,2,1,44,0.001,0.001,,,,,NVIDIA A100-SXM4-40GB MIG 4g.20gb (0),1,,13,"void ch_est::chEstFilterNoDftSOfdmDispatchKernel<float, __half, float, (unsigned int)2>(ch_est::puschRxChEstStatDescr_t *, ch_est::puschRxChEstDynDescr_t *)"
19217999576,10912,390548,137,2,1,24,2,1,44,0.001,0.001,,,,,NVIDIA A100-SXM4-40GB MIG 4g.20gb (0),1,,13,"void ch_est::chEstFilterNoDftSOfdmDispatchKernel<float, __half, float, (unsigned int)2>(ch_est::puschRxChEstStatDescr_t *, ch_est::puschRxChEstDynDescr_t *)"
19218012824,3200,390559,103,1,1,128,1,1,16,0.000,0.000,,,,,NVIDIA A100-SXM4-40GB MIG 4g.20gb (0),1,,13,cupy_copy__complex64_complex64
19218094519,19648,390569,1434,1,1,128,1,1,16,0.000,0.000,,,,,NVIDIA A100-SXM4-40GB MIG 4g.20gb (0),1,,13,cupy_copy__complex64_complex64
19218115831,4480,390576,103,1,1,128,1,1,16,0.000,0.000,,,,,NVIDIA A100-SXM4-40GB MIG 4g.20gb (0),1,,13,cupy_copy__complex64_complex64
19218122935,286620,390583,1,1,1,32,32,1,30,0.000,0.000,,,,,NVIDIA A100-SXM4-40GB MIG 4g.20gb (0),1,,13,"void convert_kernel<__half2, float2>(tensor_layout_any, T1 *, tensor_layout_any, const T2 *)"
19218438227,5376,390586,,,,,,,,,,0.094,17428.487,Pinned,Device,NVIDIA A100-SXM4-40GB MIG 4g.20gb (0),1,,13,[CUDA memcpy Host-to-Device]
19218449619,48287,390587,,,,,,,,,,35.810,741587.633,Device,,NVIDIA A100-SXM4-40GB MIG 4g.20gb (0),1,,13,[CUDA memset]
19218502226,1792,390589,,,,,,,,,,0.000,44.643,Pinned,Device,NVIDIA A100-SXM4-40GB MIG 4g.20gb (0),1,,13,[CUDA memcpy Host-to-Device]
19218506706,9696,390590,,,,,,,,,,0.197,20277.166,Pinned,Device,NVIDIA A100-SXM4-40GB MIG 4g.20gb (0),1,,13,[CUDA memcpy Host-to-Device]
19218520466,8896,390591,273,1,1,48,1,1,40,0.000,0.001,,,,,NVIDIA A100-SXM4-40GB MIG 4g.20gb (0),1,,13,"void pusch_noise_intf_est::noiseIntfEstNoDftSOfdmKernel<float, __half, float, float, (unsigned int)2, (unsigned int)1, (unsigned char)4, (unsigned char)4>(pusch_noise_intf_est::puschRxNoiseIntfEstDynDescr)"
19218531474,2976,390602,35,1,1,128,1,1,16,0.000,0.000,,,,,NVIDIA A100-SXM4-40GB MIG 4g.20gb (0),1,,13,cupy_copy__complex64_complex64
19218556818,1856,390611,1,1,1,1,1,1,18,0.000,0.000,,,,,NVIDIA A100-SXM4-40GB MIG 4g.20gb (0),1,,13,cupy_copy__float32_float32
19218591761,1568,390617,,,,,,,,,,0.000,2.551,Device,Pageable,NVIDIA A100-SXM4-40GB MIG 4g.20gb (0),1,,7,[CUDA memcpy Device-to-Host]
19218651665,13343,390628,1434,1,1,128,1,1,16,0.000,0.000,,,,,NVIDIA A100-SXM4-40GB MIG 4g.20gb (0),1,,13,cupy_copy__complex64_complex64
19218678928,2752,390635,103,1,1,128,1,1,16,0.000,0.000,,,,,NVIDIA A100-SXM4-40GB MIG 4g.20gb (0),1,,13,cupy_copy__complex64_complex64
19218735280,11296,390642,35,1,1,128,1,1,16,0.000,0.000,,,,,NVIDIA A100-SXM4-40GB MIG 4g.20gb (0),1,,13,cupy_copy__complex64_complex64
19218845742,2816,390649,1,1,1,1,1,1,18,0.000,0.000,,,,,NVIDIA A100-SXM4-40GB MIG 4g.20gb (0),1,,13,cupy_copy__float32_float32
19218960077,229598,390660,1,1,1,32,32,1,30,0.000,0.000,,,,,NVIDIA A100-SXM4-40GB MIG 4g.20gb (0),1,,13,"void convert_kernel<__half2, float2>(tensor_layout_any, T1 *, tensor_layout_any, const T2 *)"
19219219466,5920,390663,,,,,,,,,,0.094,15826.941,Pinned,Device,NVIDIA A100-SXM4-40GB MIG 4g.20gb (0),1,,13,[CUDA memcpy Host-to-Device]
19219600934,4800,390664,,,,,,,,,,1.547,322212.818,Device,,NVIDIA A100-SXM4-40GB MIG 4g.20gb (0),1,,13,[CUDA memset]
19219611526,3456,390669,,,,,,,,,,0.031,9055.529,Pinned,Device,NVIDIA A100-SXM4-40GB MIG 4g.20gb (0),1,,13,[CUDA memcpy Host-to-Device]
19219618022,10848,390670,,,,,,,,,,0.197,18123.719,Pinned,Device,NVIDIA A100-SXM4-40GB MIG 4g.20gb (0),1,,13,[CUDA memcpy Host-to-Device]
19219803428,13664,390671,273,1,1,8,4,1,39,0.002,0.000,,,,,NVIDIA A100-SXM4-40GB MIG 4g.20gb (0),1,,13,"void channel_eq::eqMmseCoefCompLowMimoKernel<float, float, float, (unsigned int)4, (unsigned int)1, (unsigned int)4>(const channel_eq::_puschRxChEqStatDescr *, channel_eq::_puschRxChEqCoefCompDynDescr)"
19220286238,10752,390672,273,1,1,12,11,1,51,0.002,0.000,,,,,NVIDIA A100-SXM4-40GB MIG 4g.20gb (0),1,,13,"void channel_eq::eqMmseSoftDemapKernel<float, __half, __half, float, (unsigned int)4, (unsigned short)16383>(channel_eq::_puschRxChEqStatDescr *, channel_eq::_puschRxChEqSoftDemapDynDescr)"
19220492572,992821,390673,1,1,1,32,32,1,30,0.000,0.000,,,,,NVIDIA A100-SXM4-40GB MIG 4g.20gb (0),1,,13,"void convert_kernel<float2, __half2>(tensor_layout_any, T1 *, tensor_layout_any, const T2 *)"
19221490641,12480,390685,2253,1,1,128,1,1,16,0.000,0.000,,,,,NVIDIA A100-SXM4-40GB MIG 4g.20gb (0),1,,13,cupy_copy__float16_float16
19221504497,4032,390694,282,1,1,128,1,1,16,0.000,0.000,,,,,NVIDIA A100-SXM4-40GB MIG 4g.20gb (0),1,,13,cupy_copy__complex64_complex64
19221699407,11295,390703,26,1,1,128,1,1,16,0.000,0.000,,,,,NVIDIA A100-SXM4-40GB MIG 4g.20gb (0),1,,13,cupy_copy__float32_float32
19221712366,6304,390712,103,1,1,128,1,1,16,0.000,0.000,,,,,NVIDIA A100-SXM4-40GB MIG 4g.20gb (0),1,,13,cupy_copy__complex64_complex64
19221915436,20160,390722,1434,1,1,128,1,1,16,0.000,0.000,,,,,NVIDIA A100-SXM4-40GB MIG 4g.20gb (0),1,,13,cupy_copy__complex64_complex64
19221938124,80767,390727,1,1,1,32,32,1,30,0.000,0.000,,,,,NVIDIA A100-SXM4-40GB MIG 4g.20gb (0),1,,13,"void convert_kernel<__half2, float2>(tensor_layout_any, T1 *, tensor_layout_any, const T2 *)"
19222048939,6176,390730,,,,,,,,,,0.094,15170.975,Pinned,Device,NVIDIA A100-SXM4-40GB MIG 4g.20gb (0),1,,13,[CUDA memcpy Host-to-Device]
19222216777,609657,390731,,,,,,,,,,456.561,748760.762,Device,,NVIDIA A100-SXM4-40GB MIG 4g.20gb (0),1,,13,[CUDA memset]
19222829730,56159,390736,,,,,,,,,,1.235,21989.413,Pinned,Device,NVIDIA A100-SXM4-40GB MIG 4g.20gb (0),1,,13,[CUDA memcpy Host-to-Device]
19222888833,11296,390737,,,,,,,,,,0.197,17404.920,Pinned,Device,NVIDIA A100-SXM4-40GB MIG 4g.20gb (0),1,,13,[CUDA memcpy Host-to-Device]
19223079487,12800,390738,69,4,1,48,1,1,76,0.002,0.000,,,,,NVIDIA A100-SXM4-40GB MIG 4g.20gb (0),1,,13,"void ch_est::windowedChEstPreNoDftSOfdmKernel<float, __half, float, (unsigned int)2, (unsigned int)1, (unsigned short)4>(ch_est::puschRxChEstStatDescr_t *, ch_est::puschRxChEstDynDescr_t *)"
19223410779,11008,390739,137,2,1,24,2,1,44,0.001,0.001,,,,,NVIDIA A100-SXM4-40GB MIG 4g.20gb (0),1,,13,"void ch_est::chEstFilterNoDftSOfdmDispatchKernel<float, __half, float, (unsigned int)2>(ch_est::puschRxChEstStatDescr_t *, ch_est::puschRxChEstDynDescr_t *)"
19223838871,12960,390740,137,2,1,24,2,1,44,0.001,0.001,,,,,NVIDIA A100-SXM4-40GB MIG 4g.20gb (0),1,,13,"void ch_est::chEstFilterNoDftSOfdmDispatchKernel<float, __half, float, (unsigned int)2>(ch_est::puschRxChEstStatDescr_t *, ch_est::puschRxChEstDynDescr_t *)"
19224152339,4448,390751,103,1,1,128,1,1,16,0.000,0.000,,,,,NVIDIA A100-SXM4-40GB MIG 4g.20gb (0),1,,13,cupy_copy__complex64_complex64
19224484271,20736,390761,1434,1,1,128,1,1,16,0.000,0.000,,,,,NVIDIA A100-SXM4-40GB MIG 4g.20gb (0),1,,13,cupy_copy__complex64_complex64
19224614254,4416,390768,103,1,1,128,1,1,16,0.000,0.000,,,,,NVIDIA A100-SXM4-40GB MIG 4g.20gb (0),1,,13,cupy_copy__complex64_complex64
19224833100,250045,390775,1,1,1,32,32,1,30,0.000,0.000,,,,,NVIDIA A100-SXM4-40GB MIG 4g.20gb (0),1,,13,"void convert_kernel<__half2, float2>(tensor_layout_any, T1 *, tensor_layout_any, const T2 *)"
19225113160,5888,390778,,,,,,,,,,0.094,15912.954,Pinned,Device,NVIDIA A100-SXM4-40GB MIG 4g.20gb (0),1,,13,[CUDA memcpy Host-to-Device]
19225288326,49120,390779,,,,,,,,,,35.810,729018.351,Device,,NVIDIA A100-SXM4-40GB MIG 4g.20gb (0),1,,13,[CUDA memset]
19225340166,1792,390781,,,,,,,,,,0.000,44.643,Pinned,Device,NVIDIA A100-SXM4-40GB MIG 4g.20gb (0),1,,13,[CUDA memcpy Host-to-Device]
19225344454,9952,390782,,,,,,,,,,0.197,19755.565,Pinned,Device,NVIDIA A100-SXM4-40GB MIG 4g.20gb (0),1,,13,[CUDA memcpy Host-to-Device]
19225448453,12864,390783,273,1,1,48,1,1,40,0.000,0.001,,,,,NVIDIA A100-SXM4-40GB MIG 4g.20gb (0),1,,13,"void pusch_noise_intf_est::noiseIntfEstNoDftSOfdmKernel<float, __half, float, float, (unsigned int)2, (unsigned int)1, (unsigned char)4, (unsigned char)4>(pusch_noise_intf_est::puschRxNoiseIntfEstDynDescr)"
19225565475,3968,390794,35,1,1,128,1,1,16,0.000,0.000,,,,,NVIDIA A100-SXM4-40GB MIG 4g.20gb (0),1,,13,cupy_copy__complex64_complex64
19225571427,2688,390803,1,1,1,1,1,1,18,0.000,0.000,,,,,NVIDIA A100-SXM4-40GB MIG 4g.20gb (0),1,,13,cupy_copy__float32_float32
19225578819,1600,390809,,,,,,,,,,0.000,2.500,Device,Pageable,NVIDIA A100-SXM4-40GB MIG 4g.20gb (0),1,,7,[CUDA memcpy Device-to-Host]
19225684066,16064,390820,1434,1,1,128,1,1,16,0.000,0.000,,,,,NVIDIA A100-SXM4-40GB MIG 4g.20gb (0),1,,13,cupy_copy__complex64_complex64
19225701634,3392,390827,103,1,1,128,1,1,16,0.000,0.000,,,,,NVIDIA A100-SXM4-40GB MIG 4g.20gb (0),1,,13,cupy_copy__complex64_complex64
19225813537,3776,390834,35,1,1,128,1,1,16,0.000,0.000,,,,,NVIDIA A100-SXM4-40GB MIG 4g.20gb (0),1,,13,cupy_copy__complex64_complex64
19225818785,4575,390841,1,1,1,1,1,1,18,0.000,0.000,,,,,NVIDIA A100-SXM4-40GB MIG 4g.20gb (0),1,,13,cupy_copy__float32_float32
19225854912,178526,390852,1,1,1,32,32,1,30,0.000,0.000,,,,,NVIDIA A100-SXM4-40GB MIG 4g.20gb (0),1,,13,"void convert_kernel<__half2, float2>(tensor_layout_any, T1 *, tensor_layout_any, const T2 *)"
19226063230,5536,390855,,,,,,,,,,0.094,16924.777,Pinned,Device,NVIDIA A100-SXM4-40GB MIG 4g.20gb (0),1,,13,[CUDA memcpy Host-to-Device]
19226077054,3232,390856,,,,,,,,,,1.547,478533.199,Device,,NVIDIA A100-SXM4-40GB MIG 4g.20gb (0),1,,13,[CUDA memset]
19226084222,3008,390861,,,,,,,,,,0.031,10404.230,Pinned,Device,NVIDIA A100-SXM4-40GB MIG 4g.20gb (0),1,,13,[CUDA memcpy Host-to-Device]
19226089309,9408,390862,,,,,,,,,,0.197,20897.858,Pinned,Device,NVIDIA A100-SXM4-40GB MIG 4g.20gb (0),1,,13,[CUDA memcpy Host-to-Device]
19226102525,7168,390863,273,1,1,8,4,1,39,0.002,0.000,,,,,NVIDIA A100-SXM4-40GB MIG 4g.20gb (0),1,,13,"void channel_eq::eqMmseCoefCompLowMimoKernel<float, float, float, (unsigned int)4, (unsigned int)1, (unsigned int)4>(const channel_eq::_puschRxChEqStatDescr *, channel_eq::_puschRxChEqCoefCompDynDescr)"
19226111485,6688,390864,273,1,1,12,11,1,51,0.002,0.000,,,,,NVIDIA A100-SXM4-40GB MIG 4g.20gb (0),1,,13,"void channel_eq::eqMmseSoftDemapKernel<float, __half, __half, float, (unsigned int)4, (unsigned short)16383>(channel_eq::_puschRxChEqStatDescr *, channel_eq::_puschRxChEqSoftDemapDynDescr)"
19226120189,283229,390865,1,1,1,32,32,1,30,0.000,0.000,,,,,NVIDIA A100-SXM4-40GB MIG 4g.20gb (0),1,,13,"void convert_kernel<float2, __half2>(tensor_layout_any, T1 *, tensor_layout_any, const T2 *)"
19226405146,10752,390877,2253,1,1,128,1,1,16,0.000,0.000,,,,,NVIDIA A100-SXM4-40GB MIG 4g.20gb (0),1,,13,cupy_copy__float16_float16
19226417498,2848,390886,282,1,1,128,1,1,16,0.000,0.000,,,,,NVIDIA A100-SXM4-40GB MIG 4g.20gb (0),1,,13,cupy_copy__complex64_complex64
19226422458,2080,390895,26,1,1,128,1,1,16,0.000,0.000,,,,,NVIDIA A100-SXM4-40GB MIG 4g.20gb (0),1,,13,cupy_copy__float32_float32
19226426746,4480,390904,103,1,1,128,1,1,16,0.000,0.000,,,,,NVIDIA A100-SXM4-40GB MIG 4g.20gb (0),1,,13,cupy_copy__complex64_complex64
19226432090,12384,390914,1434,1,1,128,1,1,16,0.000,0.000,,,,,NVIDIA A100-SXM4-40GB MIG 4g.20gb (0),1,,13,cupy_copy__complex64_complex64
19226596472,212669,390919,1,1,1,32,32,1,30,0.000,0.000,,,,,NVIDIA A100-SXM4-40GB MIG 4g.20gb (0),1,,13,"void convert_kernel<__half2, float2>(tensor_layout_any, T1 *, tensor_layout_any, const T2 *)"
19226837749,5440,390922,,,,,,,,,,0.094,17223.480,Pinned,Device,NVIDIA A100-SXM4-40GB MIG 4g.20gb (0),1,,13,[CUDA memcpy Host-to-Device]
19226858005,612409,390923,,,,,,,,,,456.561,745108.270,Device,,NVIDIA A100-SXM4-40GB MIG 4g.20gb (0),1,,13,[CUDA memset]
19227476238,51263,390928,,,,,,,,,,1.235,24090.053,Pinned,Device,NVIDIA A100-SXM4-40GB MIG 4g.20gb (0),1,,13,[CUDA memcpy Host-to-Device]
19227531117,11104,390929,,,,,,,,,,0.197,17705.927,Pinned,Device,NVIDIA A100-SXM4-40GB MIG 4g.20gb (0),1,,13,[CUDA memcpy Host-to-Device]
19227716363,16224,390930,69,4,1,48,1,1,76,0.002,0.000,,,,,NVIDIA A100-SXM4-40GB MIG 4g.20gb (0),1,,13,"void ch_est::windowedChEstPreNoDftSOfdmKernel<float, __half, float, (unsigned int)2, (unsigned int)1, (unsigned short)4>(ch_est::puschRxChEstStatDescr_t *, ch_est::puschRxChEstDynDescr_t *)"
19227942185,12960,390931,137,2,1,24,2,1,44,0.001,0.001,,,,,NVIDIA A100-SXM4-40GB MIG 4g.20gb (0),1,,13,"void ch_est::chEstFilterNoDftSOfdmDispatchKernel<float, __half, float, (unsigned int)2>(ch_est::puschRxChEstStatDescr_t *, ch_est::puschRxChEstDynDescr_t *)"
19228024296,7808,390932,137,2,1,24,2,1,44,0.001,0.001,,,,,NVIDIA A100-SXM4-40GB MIG 4g.20gb (0),1,,13,"void ch_est::chEstFilterNoDftSOfdmDispatchKernel<float, __half, float, (unsigned int)2>(ch_est::puschRxChEstStatDescr_t *, ch_est::puschRxChEstDynDescr_t *)"
19228169286,4000,390943,103,1,1,128,1,1,16,0.000,0.000,,,,,NVIDIA A100-SXM4-40GB MIG 4g.20gb (0),1,,13,cupy_copy__complex64_complex64
19228250821,18560,390953,1434,1,1,128,1,1,16,0.000,0.000,,,,,NVIDIA A100-SXM4-40GB MIG 4g.20gb (0),1,,13,cupy_copy__complex64_complex64
19228474275,4384,390960,103,1,1,128,1,1,16,0.000,0.000,,,,,NVIDIA A100-SXM4-40GB MIG 4g.20gb (0),1,,13,cupy_copy__complex64_complex64
19228609633,297565,390967,1,1,1,32,32,1,30,0.000,0.000,,,,,NVIDIA A100-SXM4-40GB MIG 4g.20gb (0),1,,13,"void convert_kernel<__half2, float2>(tensor_layout_any, T1 *, tensor_layout_any, const T2 *)"
19228936734,6368,390970,,,,,,,,,,0.094,14713.551,Pinned,Device,NVIDIA A100-SXM4-40GB MIG 4g.20gb (0),1,,13,[CUDA memcpy Host-to-Device]
19229143227,50432,390971,,,,,,,,,,35.810,710039.094,Device,,NVIDIA A100-SXM4-40GB MIG 4g.20gb (0),1,,13,[CUDA memset]
19229198555,1824,390973,,,,,,,,,,0.000,43.860,Pinned,Device,NVIDIA A100-SXM4-40GB MIG 4g.20gb (0),1,,13,[CUDA memcpy Host-to-Device]
19229203675,9536,390974,,,,,,,,,,0.197,20617.298,Pinned,Device,NVIDIA A100-SXM4-40GB MIG 4g.20gb (0),1,,13,[CUDA memcpy Host-to-Device]
19229515735,14720,390975,273,1,1,48,1,1,40,0.000,0.001,,,,,NVIDIA A100-SXM4-40GB MIG 4g.20gb (0),1,,13,"void pusch_noise_intf_est::noiseIntfEstNoDftSOfdmKernel<float, __half, float, float, (unsigned int)2, (unsigned int)1, (unsigned char)4, (unsigned char)4>(pusch_noise_intf_est::puschRxNoiseIntfEstDynDescr)"
19229736789,4192,390986,35,1,1,128,1,1,16,0.000,0.000,,,,,NVIDIA A100-SXM4-40GB MIG 4g.20gb (0),1,,13,cupy_copy__complex64_complex64
19229961554,3200,390995,1,1,1,1,1,1,18,0.000,0.000,,,,,NVIDIA A100-SXM4-40GB MIG 4g.20gb (0),1,,13,cupy_copy__float32_float32
19229966194,2976,391001,,,,,,,,,,0.000,1.344,Device,Pageable,NVIDIA A100-SXM4-40GB MIG 4g.20gb (0),1,,7,[CUDA memcpy Device-to-Host]
19230041713,16928,391012,1434,1,1,128,1,1,16,0.000,0.000,,,,,NVIDIA A100-SXM4-40GB MIG 4g.20gb (0),1,,13,cupy_copy__complex64_complex64
19230067985,3424,391019,103,1,1,128,1,1,16,0.000,0.000,,,,,NVIDIA A100-SXM4-40GB MIG 4g.20gb (0),1,,13,cupy_copy__complex64_complex64
19230088145,2528,391026,35,1,1,128,1,1,16,0.000,0.000,,,,,NVIDIA A100-SXM4-40GB MIG 4g.20gb (0),1,,13,cupy_copy__complex64_complex64
19230105969,2112,391033,1,1,1,1,1,1,18,0.000,0.000,,,,,NVIDIA A100-SXM4-40GB MIG 4g.20gb (0),1,,13,cupy_copy__float32_float32
19230243215,79999,391044,1,1,1,32,32,1,30,0.000,0.000,,,,,NVIDIA A100-SXM4-40GB MIG 4g.20gb (0),1,,13,"void convert_kernel<__half2, float2>(tensor_layout_any, T1 *, tensor_layout_any, const T2 *)"
19230351726,5344,391047,,,,,,,,,,0.094,17532.864,Pinned,Device,NVIDIA A100-SXM4-40GB MIG 4g.20gb (0),1,,13,[CUDA memcpy Host-to-Device]
19230365966,3232,391048,,,,,,,,,,1.547,478533.199,Device,,NVIDIA A100-SXM4-40GB MIG 4g.20gb (0),1,,13,[CUDA memset]
19230373198,3008,391053,,,,,,,,,,0.031,10404.230,Pinned,Device,NVIDIA A100-SXM4-40GB MIG 4g.20gb (0),1,,13,[CUDA memcpy Host-to-Device]
19230378350,9727,391054,,,,,,,,,,0.197,20212.482,Pinned,Device,NVIDIA A100-SXM4-40GB MIG 4g.20gb (0),1,,13,[CUDA memcpy Host-to-Device]
19230392109,6976,391055,273,1,1,8,4,1,39,0.002,0.000,,,,,NVIDIA A100-SXM4-40GB MIG 4g.20gb (0),1,,13,"void channel_eq::eqMmseCoefCompLowMimoKernel<float, float, float, (unsigned int)4, (unsigned int)1, (unsigned int)4>(const channel_eq::_puschRxChEqStatDescr *, channel_eq::_puschRxChEqCoefCompDynDescr)"
19230400493,6336,391056,273,1,1,12,11,1,51,0.002,0.000,,,,,NVIDIA A100-SXM4-40GB MIG 4g.20gb (0),1,,13,"void channel_eq::eqMmseSoftDemapKernel<float, __half, __half, float, (unsigned int)4, (unsigned short)16383>(channel_eq::_puschRxChEqStatDescr *, channel_eq::_puschRxChEqSoftDemapDynDescr)"
19230409005,281725,391057,1,1,1,32,32,1,30,0.000,0.000,,,,,NVIDIA A100-SXM4-40GB MIG 4g.20gb (0),1,,13,"void convert_kernel<float2, __half2>(tensor_layout_any, T1 *, tensor_layout_any, const T2 *)"
19230692458,10784,391069,2253,1,1,128,1,1,16,0.000,0.000,,,,,NVIDIA A100-SXM4-40GB MIG 4g.20gb (0),1,,13,cupy_copy__float16_float16
19230705994,2784,391078,282,1,1,128,1,1,16,0.000,0.000,,,,,NVIDIA A100-SXM4-40GB MIG 4g.20gb (0),1,,13,cupy_copy__complex64_complex64
19230710378,2048,391087,26,1,1,128,1,1,16,0.000,0.000,,,,,NVIDIA A100-SXM4-40GB MIG 4g.20gb (0),1,,13,cupy_copy__float32_float32
19230714378,2880,391096,103,1,1,128,1,1,16,0.000,0.000,,,,,NVIDIA A100-SXM4-40GB MIG 4g.20gb (0),1,,13,cupy_copy__complex64_complex64
19230718858,11968,391106,1434,1,1,128,1,1,16,0.000,0.000,,,,,NVIDIA A100-SXM4-40GB MIG 4g.20gb (0),1,,13,cupy_copy__complex64_complex64
19230737706,79775,391111,1,1,1,32,32,1,30,0.000,0.000,,,,,NVIDIA A100-SXM4-40GB MIG 4g.20gb (0),1,,13,"void convert_kernel<__half2, float2>(tensor_layout_any, T1 *, tensor_layout_any, const T2 *)"
19230846376,5600,391114,,,,,,,,,,0.094,16731.388,Pinned,Device,NVIDIA A100-SXM4-40GB MIG 4g.20gb (0),1,,13,[CUDA memcpy Host-to-Device]
19230858056,603609,391115,,,,,,,,,,456.561,756065.745,Device,,NVIDIA A100-SXM4-40GB MIG 4g.20gb (0),1,,13,[CUDA memset]
19231462465,49024,391120,,,,,,,,,,1.235,25190.388,Pinned,Device,NVIDIA A100-SXM4-40GB MIG 4g.20gb (0),1,,13,[CUDA memcpy Host-to-Device]
19231514209,9472,391121,,,,,,,,,,0.197,20756.693,Pinned,Device,NVIDIA A100-SXM4-40GB MIG 4g.20gb (0),1,,13,[CUDA memcpy Host-to-Device]
19231527425,7040,391122,69,4,1,48,1,1,76,0.002,0.000,,,,,NVIDIA A100-SXM4-40GB MIG 4g.20gb (0),1,,13,"void ch_est::windowedChEstPreNoDftSOfdmKernel<float, __half, float, (unsigned int)2, (unsigned int)1, (unsigned short)4>(ch_est::puschRxChEstStatDescr_t *, ch_est::puschRxChEstDynDescr_t *)"
19231536609,6528,391123,137,2,1,24,2,1,44,0.001,0.001,,,,,NVIDIA A100-SXM4-40GB MIG 4g.20gb (0),1,,13,"void ch_est::chEstFilterNoDftSOfdmDispatchKernel<float, __half, float, (unsigned int)2>(ch_est::puschRxChEstStatDescr_t *, ch_est::puschRxChEstDynDescr_t *)"
19231545089,4799,391124,137,2,1,24,2,1,44,0.001,0.001,,,,,NVIDIA A100-SXM4-40GB MIG 4g.20gb (0),1,,13,"void ch_est::chEstFilterNoDftSOfdmDispatchKernel<float, __half, float, (unsigned int)2>(ch_est::puschRxChEstStatDescr_t *, ch_est::puschRxChEstDynDescr_t *)"
19231551552,2528,391135,103,1,1,128,1,1,16,0.000,0.000,,,,,NVIDIA A100-SXM4-40GB MIG 4g.20gb (0),1,,13,cupy_copy__complex64_complex64
19231555520,13184,391145,1434,1,1,128,1,1,16,0.000,0.000,,,,,NVIDIA A100-SXM4-40GB MIG 4g.20gb (0),1,,13,cupy_copy__complex64_complex64
19231570880,2432,391152,103,1,1,128,1,1,16,0.000,0.000,,,,,NVIDIA A100-SXM4-40GB MIG 4g.20gb (0),1,,13,cupy_copy__complex64_complex64
19231575520,215774,391159,1,1,1,32,32,1,30,0.000,0.000,,,,,NVIDIA A100-SXM4-40GB MIG 4g.20gb (0),1,,13,"void convert_kernel<__half2, float2>(tensor_layout_any, T1 *, tensor_layout_any, const T2 *)"
19231821149,5472,391162,,,,,,,,,,0.094,17122.757,Pinned,Device,NVIDIA A100-SXM4-40GB MIG 4g.20gb (0),1,,13,[CUDA memcpy Host-to-Device]
19231942652,49216,391163,,,,,,,,,,35.810,727585.955,Device,,NVIDIA A100-SXM4-40GB MIG 4g.20gb (0),1,,13,[CUDA memset]
19231996795,2688,391165,,,,,,,,,,0.000,29.762,Pinned,Device,NVIDIA A100-SXM4-40GB MIG 4g.20gb (0),1,,13,[CUDA memcpy Host-to-Device]
19232001947,9312,391166,,,,,,,,,,0.197,21113.340,Pinned,Device,NVIDIA A100-SXM4-40GB MIG 4g.20gb (0),1,,13,[CUDA memcpy Host-to-Device]
19232202937,21664,391167,273,1,1,48,1,1,40,0.000,0.001,,,,,NVIDIA A100-SXM4-40GB MIG 4g.20gb (0),1,,13,"void pusch_noise_intf_est::noiseIntfEstNoDftSOfdmKernel<float, __half, float, float, (unsigned int)2, (unsigned int)1, (unsigned char)4, (unsigned char)4>(pusch_noise_intf_est::puschRxNoiseIntfEstDynDescr)"
19232303128,4000,391178,35,1,1,128,1,1,16,0.000,0.000,,,,,NVIDIA A100-SXM4-40GB MIG 4g.20gb (0),1,,13,cupy_copy__complex64_complex64
19232398647,3936,391187,1,1,1,1,1,1,18,0.000,0.000,,,,,NVIDIA A100-SXM4-40GB MIG 4g.20gb (0),1,,13,cupy_copy__float32_float32
19232411767,5440,391193,,,,,,,,,,0.000,0.735,Device,Pageable,NVIDIA A100-SXM4-40GB MIG 4g.20gb (0),1,,7,[CUDA memcpy Device-to-Host]
19232602357,20575,391204,1434,1,1,128,1,1,16,0.000,0.000,,,,,NVIDIA A100-SXM4-40GB MIG 4g.20gb (0),1,,13,cupy_copy__complex64_complex64
19232812050,4608,391211,103,1,1,128,1,1,16,0.000,0.000,,,,,NVIDIA A100-SXM4-40GB MIG 4g.20gb (0),1,,13,cupy_copy__complex64_complex64
19232914673,3392,391218,35,1,1,128,1,1,16,0.000,0.000,,,,,NVIDIA A100-SXM4-40GB MIG 4g.20gb (0),1,,13,cupy_copy__complex64_complex64
19233014384,3488,391225,1,1,1,1,1,1,18,0.000,0.000,,,,,NVIDIA A100-SXM4-40GB MIG 4g.20gb (0),1,,13,cupy_copy__float32_float32
19233112623,316476,391236,1,1,1,32,32,1,30,0.000,0.000,,,,,NVIDIA A100-SXM4-40GB MIG 4g.20gb (0),1,,13,"void convert_kernel<__half2, float2>(tensor_layout_any, T1 *, tensor_layout_any, const T2 *)"
19233457291,5568,391239,,,,,,,,,,0.094,16827.521,Pinned,Device,NVIDIA A100-SXM4-40GB MIG 4g.20gb (0),1,,13,[CUDA memcpy Host-to-Device]
19233611913,5280,391240,,,,,,,,,,1.547,292919.759,Device,,NVIDIA A100-SXM4-40GB MIG 4g.20gb (0),1,,13,[CUDA memset]
19233622345,3936,391245,,,,,,,,,,0.031,7951.218,Pinned,Device,NVIDIA A100-SXM4-40GB MIG 4g.20gb (0),1,,13,[CUDA memcpy Host-to-Device]
19233628745,10112,391246,,,,,,,,,,0.197,19442.958,Pinned,Device,NVIDIA A100-SXM4-40GB MIG 4g.20gb (0),1,,13,[CUDA memcpy Host-to-Device]
19233823207,12128,391247,273,1,1,8,4,1,39,0.002,0.000,,,,,NVIDIA A100-SXM4-40GB MIG 4g.20gb (0),1,,13,"void channel_eq::eqMmseCoefCompLowMimoKernel<float, float, float, (unsigned int)4, (unsigned int)1, (unsigned int)4>(const channel_eq::_puschRxChEqStatDescr *, channel_eq::_puschRxChEqCoefCompDynDescr)"
19233837447,7520,391248,273,1,1,12,11,1,51,0.002,0.000,,,,,NVIDIA A100-SXM4-40GB MIG 4g.20gb (0),1,,13,"void channel_eq::eqMmseSoftDemapKernel<float, __half, __half, float, (unsigned int)4, (unsigned short)16383>(channel_eq::_puschRxChEqStatDescr *, channel_eq::_puschRxChEqSoftDemapDynDescr)"
19233847783,283869,391249,1,1,1,32,32,1,30,0.000,0.000,,,,,NVIDIA A100-SXM4-40GB MIG 4g.20gb (0),1,,13,"void convert_kernel<float2, __half2>(tensor_layout_any, T1 *, tensor_layout_any, const T2 *)"
19234256610,13920,391261,2253,1,1,128,1,1,16,0.000,0.000,,,,,NVIDIA A100-SXM4-40GB MIG 4g.20gb (0),1,,13,cupy_copy__float16_float16
19234273154,4992,391270,282,1,1,128,1,1,16,0.000,0.000,,,,,NVIDIA A100-SXM4-40GB MIG 4g.20gb (0),1,,13,cupy_copy__complex64_complex64
19234435424,3328,391279,26,1,1,128,1,1,16,0.000,0.000,,,,,NVIDIA A100-SXM4-40GB MIG 4g.20gb (0),1,,13,cupy_copy__float32_float32
19234440576,4576,391288,103,1,1,128,1,1,16,0.000,0.000,,,,,NVIDIA A100-SXM4-40GB MIG 4g.20gb (0),1,,13,cupy_copy__complex64_complex64
19234447040,13248,391298,1434,1,1,128,1,1,16,0.000,0.000,,,,,NVIDIA A100-SXM4-40GB MIG 4g.20gb (0),1,,13,cupy_copy__complex64_complex64
19234462080,80127,391303,1,1,1,32,32,1,30,0.000,0.000,,,,,NVIDIA A100-SXM4-40GB MIG 4g.20gb (0),1,,13,"void convert_kernel<__half2, float2>(tensor_layout_any, T1 *, tensor_layout_any, const T2 *)"
19234571135,5440,391306,,,,,,,,,,0.094,17223.480,Pinned,Device,NVIDIA A100-SXM4-40GB MIG 4g.20gb (0),1,,13,[CUDA memcpy Host-to-Device]
19234580863,604473,391307,,,,,,,,,,456.561,755152.622,Device,,NVIDIA A100-SXM4-40GB MIG 4g.20gb (0),1,,13,[CUDA memset]
19235193816,49311,391312,,,,,,,,,,1.235,25043.429,Pinned,Device,NVIDIA A100-SXM4-40GB MIG 4g.20gb (0),1,,13,[CUDA memcpy Host-to-Device]
19235245559,9408,391313,,,,,,,,,,0.197,20897.858,Pinned,Device,NVIDIA A100-SXM4-40GB MIG 4g.20gb (0),1,,13,[CUDA memcpy Host-to-Device]
19235259287,7488,391314,69,4,1,48,1,1,76,0.002,0.000,,,,,NVIDIA A100-SXM4-40GB MIG 4g.20gb (0),1,,13,"void ch_est::windowedChEstPreNoDftSOfdmKernel<float, __half, float, (unsigned int)2, (unsigned int)1, (unsigned short)4>(ch_est::puschRxChEstStatDescr_t *, ch_est::puschRxChEstDynDescr_t *)"
19235268503,6528,391315,137,2,1,24,2,1,44,0.001,0.001,,,,,NVIDIA A100-SXM4-40GB MIG 4g.20gb (0),1,,13,"void ch_est::chEstFilterNoDftSOfdmDispatchKernel<float, __half, float, (unsigned int)2>(ch_est::puschRxChEstStatDescr_t *, ch_est::puschRxChEstDynDescr_t *)"
19235277143,4864,391316,137,2,1,24,2,1,44,0.001,0.001,,,,,NVIDIA A100-SXM4-40GB MIG 4g.20gb (0),1,,13,"void ch_est::chEstFilterNoDftSOfdmDispatchKernel<float, __half, float, (unsigned int)2>(ch_est::puschRxChEstStatDescr_t *, ch_est::puschRxChEstDynDescr_t *)"
19235283223,2560,391327,103,1,1,128,1,1,16,0.000,0.000,,,,,NVIDIA A100-SXM4-40GB MIG 4g.20gb (0),1,,13,cupy_copy__complex64_complex64
19235287223,13440,391337,1434,1,1,128,1,1,16,0.000,0.000,,,,,NVIDIA A100-SXM4-40GB MIG 4g.20gb (0),1,,13,cupy_copy__complex64_complex64
19235302487,2399,391344,103,1,1,128,1,1,16,0.000,0.000,,,,,NVIDIA A100-SXM4-40GB MIG 4g.20gb (0),1,,13,cupy_copy__complex64_complex64
19235306486,79808,391351,1,1,1,32,32,1,30,0.000,0.000,,,,,NVIDIA A100-SXM4-40GB MIG 4g.20gb (0),1,,13,"void convert_kernel<__half2, float2>(tensor_layout_any, T1 *, tensor_layout_any, const T2 *)"
19235414229,5440,391354,,,,,,,,,,0.094,17223.480,Pinned,Device,NVIDIA A100-SXM4-40GB MIG 4g.20gb (0),1,,13,[CUDA memcpy Host-to-Device]
19235426005,46016,391355,,,,,,,,,,35.810,778185.372,Device,,NVIDIA A100-SXM4-40GB MIG 4g.20gb (0),1,,13,[CUDA memset]
19235479669,1856,391357,,,,,,,,,,0.000,43.103,Pinned,Device,NVIDIA A100-SXM4-40GB MIG 4g.20gb (0),1,,13,[CUDA memcpy Host-to-Device]
19235484148,9632,391358,,,,,,,,,,0.197,20411.843,Pinned,Device,NVIDIA A100-SXM4-40GB MIG 4g.20gb (0),1,,13,[CUDA memcpy Host-to-Device]
19235498484,8672,391359,273,1,1,48,1,1,40,0.000,0.001,,,,,NVIDIA A100-SXM4-40GB MIG 4g.20gb (0),1,,13,"void pusch_noise_intf_est::noiseIntfEstNoDftSOfdmKernel<float, __half, float, float, (unsigned int)2, (unsigned int)1, (unsigned char)4, (unsigned char)4>(pusch_noise_intf_est::puschRxNoiseIntfEstDynDescr)"
19235508404,2912,391370,35,1,1,128,1,1,16,0.000,0.000,,,,,NVIDIA A100-SXM4-40GB MIG 4g.20gb (0),1,,13,cupy_copy__complex64_complex64
19235531252,1888,391379,1,1,1,1,1,1,18,0.000,0.000,,,,,NVIDIA A100-SXM4-40GB MIG 4g.20gb (0),1,,13,cupy_copy__float32_float32
19235575475,1888,391385,,,,,,,,,,0.000,2.119,Device,Pageable,NVIDIA A100-SXM4-40GB MIG 4g.20gb (0),1,,7,[CUDA memcpy Device-to-Host]
19235636819,13760,391396,1434,1,1,128,1,1,16,0.000,0.000,,,,,NVIDIA A100-SXM4-40GB MIG 4g.20gb (0),1,,13,cupy_copy__complex64_complex64
19235663186,2656,391403,103,1,1,128,1,1,16,0.000,0.000,,,,,NVIDIA A100-SXM4-40GB MIG 4g.20gb (0),1,,13,cupy_copy__complex64_complex64
19235683186,2208,391410,35,1,1,128,1,1,16,0.000,0.000,,,,,NVIDIA A100-SXM4-40GB MIG 4g.20gb (0),1,,13,cupy_copy__complex64_complex64
19235700914,1856,391417,1,1,1,1,1,1,18,0.000,0.000,,,,,NVIDIA A100-SXM4-40GB MIG 4g.20gb (0),1,,13,cupy_copy__float32_float32
19235835697,79711,391428,1,1,1,32,32,1,30,0.000,0.000,,,,,NVIDIA A100-SXM4-40GB MIG 4g.20gb (0),1,,13,"void convert_kernel<__half2, float2>(tensor_layout_any, T1 *, tensor_layout_any, const T2 *)"
19235945615,5344,391431,,,,,,,,,,0.094,17532.864,Pinned,Device,NVIDIA A100-SXM4-40GB MIG 4g.20gb (0),1,,13,[CUDA memcpy Host-to-Device]
19235960783,3168,391432,,,,,,,,,,1.547,488201.145,Device,,NVIDIA A100-SXM4-40GB MIG 4g.20gb (0),1,,13,[CUDA memset]
19235966991,3104,391437,,,,,,,,,,0.031,10082.445,Pinned,Device,NVIDIA A100-SXM4-40GB MIG 4g.20gb (0),1,,13,[CUDA memcpy Host-to-Device]
19235972911,9472,391438,,,,,,,,,,0.197,20756.693,Pinned,Device,NVIDIA A100-SXM4-40GB MIG 4g.20gb (0),1,,13,[CUDA memcpy Host-to-Device]
19236023790,13824,391439,273,1,1,8,4,1,39,0.002,0.000,,,,,NVIDIA A100-SXM4-40GB MIG 4g.20gb (0),1,,13,"void channel_eq::eqMmseCoefCompLowMimoKernel<float, float, float, (unsigned int)4, (unsigned int)1, (unsigned int)4>(const channel_eq::_puschRxChEqStatDescr *, channel_eq::_puschRxChEqCoefCompDynDescr)"
19236080078,19712,391440,273,1,1,12,11,1,51,0.002,0.000,,,,,NVIDIA A100-SXM4-40GB MIG 4g.20gb (0),1,,13,"void channel_eq::eqMmseSoftDemapKernel<float, __half, __half, float, (unsigned int)4, (unsigned short)16383>(channel_eq::_puschRxChEqStatDescr *, channel_eq::_puschRxChEqSoftDemapDynDescr)"
19236154733,973877,391441,1,1,1,32,32,1,30,0.000,0.000,,,,,NVIDIA A100-SXM4-40GB MIG 4g.20gb (0),1,,13,"void convert_kernel<float2, __half2>(tensor_layout_any, T1 *, tensor_layout_any, const T2 *)"
19237255585,21727,391453,2253,1,1,128,1,1,16,0.000,0.000,,,,,NVIDIA A100-SXM4-40GB MIG 4g.20gb (0),1,,13,cupy_copy__float16_float16
19237427359,8416,391462,282,1,1,128,1,1,16,0.000,0.000,,,,,NVIDIA A100-SXM4-40GB MIG 4g.20gb (0),1,,13,cupy_copy__complex64_complex64
19237572093,10464,391471,26,1,1,128,1,1,16,0.000,0.000,,,,,NVIDIA A100-SXM4-40GB MIG 4g.20gb (0),1,,13,cupy_copy__float32_float32
19237645244,11200,391480,103,1,1,128,1,1,16,0.000,0.000,,,,,NVIDIA A100-SXM4-40GB MIG 4g.20gb (0),1,,13,cupy_copy__complex64_complex64
19237711772,27839,391490,1434,1,1,128,1,1,16,0.000,0.000,,,,,NVIDIA A100-SXM4-40GB MIG 4g.20gb (0),1,,13,cupy_copy__complex64_complex64
19237788347,502586,391495,1,1,1,32,32,1,30,0.000,0.000,,,,,NVIDIA A100-SXM4-40GB MIG 4g.20gb (0),1,,13,"void convert_kernel<__half2, float2>(tensor_layout_any, T1 *, tensor_layout_any, const T2 *)"
19238320085,5344,391498,,,,,,,,,,0.094,17532.864,Pinned,Device,NVIDIA A100-SXM4-40GB MIG 4g.20gb (0),1,,13,[CUDA memcpy Host-to-Device]
19238330165,601145,391499,,,,,,,,,,456.561,759261.675,Device,,NVIDIA A100-SXM4-40GB MIG 4g.20gb (0),1,,13,[CUDA memset]
19238939726,48959,391504,,,,,,,,,,1.235,25223.731,Pinned,Device,NVIDIA A100-SXM4-40GB MIG 4g.20gb (0),1,,13,[CUDA memcpy Host-to-Device]
19238991501,9376,391505,,,,,,,,,,0.197,20969.226,Pinned,Device,NVIDIA A100-SXM4-40GB MIG 4g.20gb (0),1,,13,[CUDA memcpy Host-to-Device]
19239004717,7104,391506,69,4,1,48,1,1,76,0.002,0.000,,,,,NVIDIA A100-SXM4-40GB MIG 4g.20gb (0),1,,13,"void ch_est::windowedChEstPreNoDftSOfdmKernel<float, __half, float, (unsigned int)2, (unsigned int)1, (unsigned short)4>(ch_est::puschRxChEstStatDescr_t *, ch_est::puschRxChEstDynDescr_t *)"
19239014125,6624,391507,137,2,1,24,2,1,44,0.001,0.001,,,,,NVIDIA A100-SXM4-40GB MIG 4g.20gb (0),1,,13,"void ch_est::chEstFilterNoDftSOfdmDispatchKernel<float, __half, float, (unsigned int)2>(ch_est::puschRxChEstStatDescr_t *, ch_est::puschRxChEstDynDescr_t *)"
19239022861,4832,391508,137,2,1,24,2,1,44,0.001,0.001,,,,,NVIDIA A100-SXM4-40GB MIG 4g.20gb (0),1,,13,"void ch_est::chEstFilterNoDftSOfdmDispatchKernel<float, __half, float, (unsigned int)2>(ch_est::puschRxChEstStatDescr_t *, ch_est::puschRxChEstDynDescr_t *)"
19239029325,2560,391519,103,1,1,128,1,1,16,0.000,0.000,,,,,NVIDIA A100-SXM4-40GB MIG 4g.20gb (0),1,,13,cupy_copy__complex64_complex64
19239033933,12960,391529,1434,1,1,128,1,1,16,0.000,0.000,,,,,NVIDIA A100-SXM4-40GB MIG 4g.20gb (0),1,,13,cupy_copy__complex64_complex64
19239049069,2432,391536,103,1,1,128,1,1,16,0.000,0.000,,,,,NVIDIA A100-SXM4-40GB MIG 4g.20gb (0),1,,13,cupy_copy__complex64_complex64
19239053069,80031,391543,1,1,1,32,32,1,30,0.000,0.000,,,,,NVIDIA A100-SXM4-40GB MIG 4g.20gb (0),1,,13,"void convert_kernel<__half2, float2>(tensor_layout_any, T1 *, tensor_layout_any, const T2 *)"
19239161099,5376,391546,,,,,,,,,,0.094,17428.487,Pinned,Device,NVIDIA A100-SXM4-40GB MIG 4g.20gb (0),1,,13,[CUDA memcpy Host-to-Device]
19239172939,47040,391547,,,,,,,,,,35.810,761247.279,Device,,NVIDIA A100-SXM4-40GB MIG 4g.20gb (0),1,,13,[CUDA memset]
19239226443,1824,391549,,,,,,,,,,0.000,43.860,Pinned,Device,NVIDIA A100-SXM4-40GB MIG 4g.20gb (0),1,,13,[CUDA memcpy Host-to-Device]
19239230955,9375,391550,,,,,,,,,,0.197,20971.389,Pinned,Device,NVIDIA A100-SXM4-40GB MIG 4g.20gb (0),1,,13,[CUDA memcpy Host-to-Device]
19239244170,8864,391551,273,1,1,48,1,1,40,0.000,0.001,,,,,NVIDIA A100-SXM4-40GB MIG 4g.20gb (0),1,,13,"void pusch_noise_intf_est::noiseIntfEstNoDftSOfdmKernel<float, __half, float, float, (unsigned int)2, (unsigned int)1, (unsigned char)4, (unsigned char)4>(pusch_noise_intf_est::puschRxNoiseIntfEstDynDescr)"
19239254698,2944,391562,35,1,1,128,1,1,16,0.000,0.000,,,,,NVIDIA A100-SXM4-40GB MIG 4g.20gb (0),1,,13,cupy_copy__complex64_complex64
19239290410,1888,391571,1,1,1,1,1,1,18,0.000,0.000,,,,,NVIDIA A100-SXM4-40GB MIG 4g.20gb (0),1,,13,cupy_copy__float32_float32
19239325834,1568,391577,,,,,,,,,,0.000,2.551,Device,Pageable,NVIDIA A100-SXM4-40GB MIG 4g.20gb (0),1,,7,[CUDA memcpy Device-to-Host]
19239385449,14016,391588,1434,1,1,128,1,1,16,0.000,0.000,,,,,NVIDIA A100-SXM4-40GB MIG 4g.20gb (0),1,,13,cupy_copy__complex64_complex64
19239410985,2656,391595,103,1,1,128,1,1,16,0.000,0.000,,,,,NVIDIA A100-SXM4-40GB MIG 4g.20gb (0),1,,13,cupy_copy__complex64_complex64
19239431528,2208,391602,35,1,1,128,1,1,16,0.000,0.000,,,,,NVIDIA A100-SXM4-40GB MIG 4g.20gb (0),1,,13,cupy_copy__complex64_complex64
19239449128,1888,391609,1,1,1,1,1,1,18,0.000,0.000,,,,,NVIDIA A100-SXM4-40GB MIG 4g.20gb (0),1,,13,cupy_copy__float32_float32
19239584199,79871,391620,1,1,1,32,32,1,30,0.000,0.000,,,,,NVIDIA A100-SXM4-40GB MIG 4g.20gb (0),1,,13,"void convert_kernel<__half2, float2>(tensor_layout_any, T1 *, tensor_layout_any, const T2 *)"
19239693573,5664,391623,,,,,,,,,,0.094,16542.310,Pinned,Device,NVIDIA A100-SXM4-40GB MIG 4g.20gb (0),1,,13,[CUDA memcpy Host-to-Device]
19239707173,3168,391624,,,,,,,,,,1.547,488201.145,Device,,NVIDIA A100-SXM4-40GB MIG 4g.20gb (0),1,,13,[CUDA memset]
19239714213,3040,391629,,,,,,,,,,0.031,10294.725,Pinned,Device,NVIDIA A100-SXM4-40GB MIG 4g.20gb (0),1,,13,[CUDA memcpy Host-to-Device]
19239719333,9344,391630,,,,,,,,,,0.197,21040.988,Pinned,Device,NVIDIA A100-SXM4-40GB MIG 4g.20gb (0),1,,13,[CUDA memcpy Host-to-Device]
19239732581,6080,391631,273,1,1,8,4,1,39,0.002,0.000,,,,,NVIDIA A100-SXM4-40GB MIG 4g.20gb (0),1,,13,"void channel_eq::eqMmseCoefCompLowMimoKernel<float, float, float, (unsigned int)4, (unsigned int)1, (unsigned int)4>(const channel_eq::_puschRxChEqStatDescr *, channel_eq::_puschRxChEqCoefCompDynDescr)"
19239740165,5824,391632,273,1,1,12,11,1,51,0.002,0.000,,,,,NVIDIA A100-SXM4-40GB MIG 4g.20gb (0),1,,13,"void channel_eq::eqMmseSoftDemapKernel<float, __half, __half, float, (unsigned int)4, (unsigned short)16383>(channel_eq::_puschRxChEqStatDescr *, channel_eq::_puschRxChEqSoftDemapDynDescr)"
19239747685,283229,391633,1,1,1,32,32,1,30,0.000,0.000,,,,,NVIDIA A100-SXM4-40GB MIG 4g.20gb (0),1,,13,"void convert_kernel<float2, __half2>(tensor_layout_any, T1 *, tensor_layout_any, const T2 *)"
19240034082,11167,391645,2253,1,1,128,1,1,16,0.000,0.000,,,,,NVIDIA A100-SXM4-40GB MIG 4g.20gb (0),1,,13,cupy_copy__float16_float16
19240149952,10944,391654,282,1,1,128,1,1,16,0.000,0.000,,,,,NVIDIA A100-SXM4-40GB MIG 4g.20gb (0),1,,13,cupy_copy__complex64_complex64
19240163520,4736,391663,26,1,1,128,1,1,16,0.000,0.000,,,,,NVIDIA A100-SXM4-40GB MIG 4g.20gb (0),1,,13,cupy_copy__float32_float32
19240170944,3328,391672,103,1,1,128,1,1,16,0.000,0.000,,,,,NVIDIA A100-SXM4-40GB MIG 4g.20gb (0),1,,13,cupy_copy__complex64_complex64
19240176256,14272,391682,1434,1,1,128,1,1,16,0.000,0.000,,,,,NVIDIA A100-SXM4-40GB MIG 4g.20gb (0),1,,13,cupy_copy__complex64_complex64
19240281439,351836,391687,1,1,1,32,32,1,30,0.000,0.000,,,,,NVIDIA A100-SXM4-40GB MIG 4g.20gb (0),1,,13,"void convert_kernel<__half2, float2>(tensor_layout_any, T1 *, tensor_layout_any, const T2 *)"
19240662683,5792,391690,,,,,,,,,,0.094,16176.708,Pinned,Device,NVIDIA A100-SXM4-40GB MIG 4g.20gb (0),1,,13,[CUDA memcpy Host-to-Device]
19240797753,611513,391691,,,,,,,,,,456.561,746477.954,Device,,NVIDIA A100-SXM4-40GB MIG 4g.20gb (0),1,,13,[CUDA memset]
19241418098,53536,391696,,,,,,,,,,1.235,23067.519,Pinned,Device,NVIDIA A100-SXM4-40GB MIG 4g.20gb (0),1,,13,[CUDA memcpy Host-to-Device]
19241474610,10111,391697,,,,,,,,,,0.197,19444.924,Pinned,Device,NVIDIA A100-SXM4-40GB MIG 4g.20gb (0),1,,13,[CUDA memcpy Host-to-Device]
19241720719,15488,391698,69,4,1,48,1,1,76,0.002,0.000,,,,,NVIDIA A100-SXM4-40GB MIG 4g.20gb (0),1,,13,"void ch_est::windowedChEstPreNoDftSOfdmKernel<float, __half, float, (unsigned int)2, (unsigned int)1, (unsigned short)4>(ch_est::puschRxChEstStatDescr_t *, ch_est::puschRxChEstDynDescr_t *)"
19241934572,26720,391699,137,2,1,24,2,1,44,0.001,0.001,,,,,NVIDIA A100-SXM4-40GB MIG 4g.20gb (0),1,,13,"void ch_est::chEstFilterNoDftSOfdmDispatchKernel<float, __half, float, (unsigned int)2>(ch_est::puschRxChEstStatDescr_t *, ch_est::puschRxChEstDynDescr_t *)"
19242265865,28511,391700,137,2,1,24,2,1,44,0.001,0.001,,,,,NVIDIA A100-SXM4-40GB MIG 4g.20gb (0),1,,13,"void ch_est::chEstFilterNoDftSOfdmDispatchKernel<float, __half, float, (unsigned int)2>(ch_est::puschRxChEstStatDescr_t *, ch_est::puschRxChEstDynDescr_t *)"
19242601157,7936,391711,103,1,1,128,1,1,16,0.000,0.000,,,,,NVIDIA A100-SXM4-40GB MIG 4g.20gb (0),1,,13,cupy_copy__complex64_complex64
19242802435,22143,391721,1434,1,1,128,1,1,16,0.000,0.000,,,,,NVIDIA A100-SXM4-40GB MIG 4g.20gb (0),1,,13,cupy_copy__complex64_complex64
19243041664,5056,391728,103,1,1,128,1,1,16,0.000,0.000,,,,,NVIDIA A100-SXM4-40GB MIG 4g.20gb (0),1,,13,cupy_copy__complex64_complex64
19243255134,319836,391735,1,1,1,32,32,1,30,0.000,0.000,,,,,NVIDIA A100-SXM4-40GB MIG 4g.20gb (0),1,,13,"void convert_kernel<__half2, float2>(tensor_layout_any, T1 *, tensor_layout_any, const T2 *)"
19243604506,5664,391738,,,,,,,,,,0.094,16542.310,Pinned,Device,NVIDIA A100-SXM4-40GB MIG 4g.20gb (0),1,,13,[CUDA memcpy Host-to-Device]
19243906774,55680,391739,,,,,,,,,,35.810,643110.353,Device,,NVIDIA A100-SXM4-40GB MIG 4g.20gb (0),1,,13,[CUDA memset]
19243965974,2560,391741,,,,,,,,,,0.000,31.250,Pinned,Device,NVIDIA A100-SXM4-40GB MIG 4g.20gb (0),1,,13,[CUDA memcpy Host-to-Device]
19243971094,9375,391742,,,,,,,,,,0.197,20971.389,Pinned,Device,NVIDIA A100-SXM4-40GB MIG 4g.20gb (0),1,,13,[CUDA memcpy Host-to-Device]
19244214387,14528,391743,273,1,1,48,1,1,40,0.000,0.001,,,,,NVIDIA A100-SXM4-40GB MIG 4g.20gb (0),1,,13,"void pusch_noise_intf_est::noiseIntfEstNoDftSOfdmKernel<float, __half, float, float, (unsigned int)2, (unsigned int)1, (unsigned char)4, (unsigned char)4>(pusch_noise_intf_est::puschRxNoiseIntfEstDynDescr)"
19244306450,11008,391754,35,1,1,128,1,1,16,0.000,0.000,,,,,NVIDIA A100-SXM4-40GB MIG 4g.20gb (0),1,,13,cupy_copy__complex64_complex64
19244422129,39007,391763,1,1,1,1,1,1,18,0.000,0.000,,,,,NVIDIA A100-SXM4-40GB MIG 4g.20gb (0),1,,13,cupy_copy__float32_float32
19244476368,1728,391769,,,,,,,,,,0.000,2.315,Device,Pageable,NVIDIA A100-SXM4-40GB MIG 4g.20gb (0),1,,7,[CUDA memcpy Device-to-Host]
19244541135,13024,391780,1434,1,1,128,1,1,16,0.000,0.000,,,,,NVIDIA A100-SXM4-40GB MIG 4g.20gb (0),1,,13,cupy_copy__complex64_complex64
19244566927,2784,391787,103,1,1,128,1,1,16,0.000,0.000,,,,,NVIDIA A100-SXM4-40GB MIG 4g.20gb (0),1,,13,cupy_copy__complex64_complex64
19244587055,2464,391794,35,1,1,128,1,1,16,0.000,0.000,,,,,NVIDIA A100-SXM4-40GB MIG 4g.20gb (0),1,,13,cupy_copy__complex64_complex64
19244604751,1888,391801,1,1,1,1,1,1,18,0.000,0.000,,,,,NVIDIA A100-SXM4-40GB MIG 4g.20gb (0),1,,13,cupy_copy__float32_float32
19244785293,107518,391812,1,1,1,32,32,1,30,0.000,0.000,,,,,NVIDIA A100-SXM4-40GB MIG 4g.20gb (0),1,,13,"void convert_kernel<__half2, float2>(tensor_layout_any, T1 *, tensor_layout_any, const T2 *)"
19244980874,76959,391815,,,,,,,,,,0.094,1217.392,Pinned,Device,NVIDIA A100-SXM4-40GB MIG 4g.20gb (0),1,,13,[CUDA memcpy Host-to-Device]
19245136137,3872,391816,,,,,,,,,,1.547,399437.301,Device,,NVIDIA A100-SXM4-40GB MIG 4g.20gb (0),1,,13,[CUDA memset]
19245144552,3008,391821,,,,,,,,,,0.031,10404.230,Pinned,Device,NVIDIA A100-SXM4-40GB MIG 4g.20gb (0),1,,13,[CUDA memcpy Host-to-Device]
19245149672,9216,391822,,,,,,,,,,0.197,21333.148,Pinned,Device,NVIDIA A100-SXM4-40GB MIG 4g.20gb (0),1,,13,[CUDA memcpy Host-to-Device]
19245162984,7872,391823,273,1,1,8,4,1,39,0.002,0.000,,,,,NVIDIA A100-SXM4-40GB MIG 4g.20gb (0),1,,13,"void channel_eq::eqMmseCoefCompLowMimoKernel<float, float, float, (unsigned int)4, (unsigned int)1, (unsigned int)4>(const channel_eq::_puschRxChEqStatDescr *, channel_eq::_puschRxChEqCoefCompDynDescr)"
19245171912,7264,391824,273,1,1,12,11,1,51,0.002,0.000,,,,,NVIDIA A100-SXM4-40GB MIG 4g.20gb (0),1,,13,"void channel_eq::eqMmseSoftDemapKernel<float, __half, __half, float, (unsigned int)4, (unsigned short)16383>(channel_eq::_puschRxChEqStatDescr *, channel_eq::_puschRxChEqSoftDemapDynDescr)"
19245180264,469467,391825,1,1,1,32,32,1,30,0.000,0.000,,,,,NVIDIA A100-SXM4-40GB MIG 4g.20gb (0),1,,13,"void convert_kernel<float2, __half2>(tensor_layout_any, T1 *, tensor_layout_any, const T2 *)"
19245804641,13472,391837,2253,1,1,128,1,1,16,0.000,0.000,,,,,NVIDIA A100-SXM4-40GB MIG 4g.20gb (0),1,,13,cupy_copy__float16_float16
19245819265,4480,391846,282,1,1,128,1,1,16,0.000,0.000,,,,,NVIDIA A100-SXM4-40GB MIG 4g.20gb (0),1,,13,cupy_copy__complex64_complex64
19245967807,7200,391855,26,1,1,128,1,1,16,0.000,0.000,,,,,NVIDIA A100-SXM4-40GB MIG 4g.20gb (0),1,,13,cupy_copy__float32_float32
19246115870,9632,391864,103,1,1,128,1,1,16,0.000,0.000,,,,,NVIDIA A100-SXM4-40GB MIG 4g.20gb (0),1,,13,cupy_copy__complex64_complex64
19246239196,26176,391874,1434,1,1,128,1,1,16,0.000,0.000,,,,,NVIDIA A100-SXM4-40GB MIG 4g.20gb (0),1,,13,cupy_copy__complex64_complex64
19246389179,267325,391879,1,1,1,32,32,1,30,0.000,0.000,,,,,NVIDIA A100-SXM4-40GB MIG 4g.20gb (0),1,,13,"void convert_kernel<__half2, float2>(tensor_layout_any, T1 *, tensor_layout_any, const T2 *)"
19246685911,5408,391882,,,,,,,,,,0.094,17325.421,Pinned,Device,NVIDIA A100-SXM4-40GB MIG 4g.20gb (0),1,,13,[CUDA memcpy Host-to-Device]
19246834550,625625,391883,,,,,,,,,,456.561,729585.181,Device,,NVIDIA A100-SXM4-40GB MIG 4g.20gb (0),1,,13,[CUDA memset]
19247469550,61088,391888,,,,,,,,,,1.235,20214.798,Pinned,Device,NVIDIA A100-SXM4-40GB MIG 4g.20gb (0),1,,13,[CUDA memcpy Host-to-Device]
19247538414,13664,391889,,,,,,,,,,0.197,14388.756,Pinned,Device,NVIDIA A100-SXM4-40GB MIG 4g.20gb (0),1,,13,[CUDA memcpy Host-to-Device]
19247911882,12991,391890,69,4,1,48,1,1,76,0.002,0.000,,,,,NVIDIA A100-SXM4-40GB MIG 4g.20gb (0),1,,13,"void ch_est::windowedChEstPreNoDftSOfdmKernel<float, __half, float, (unsigned int)2, (unsigned int)1, (unsigned short)4>(ch_est::puschRxChEstStatDescr_t *, ch_est::puschRxChEstDynDescr_t *)"
19248297125,12512,391891,137,2,1,24,2,1,44,0.001,0.001,,,,,NVIDIA A100-SXM4-40GB MIG 4g.20gb (0),1,,13,"void ch_est::chEstFilterNoDftSOfdmDispatchKernel<float, __half, float, (unsigned int)2>(ch_est::puschRxChEstStatDescr_t *, ch_est::puschRxChEstDynDescr_t *)"
19248478659,20640,391892,137,2,1,24,2,1,44,0.001,0.001,,,,,NVIDIA A100-SXM4-40GB MIG 4g.20gb (0),1,,13,"void ch_est::chEstFilterNoDftSOfdmDispatchKernel<float, __half, float, (unsigned int)2>(ch_est::puschRxChEstStatDescr_t *, ch_est::puschRxChEstDynDescr_t *)"
19248679137,6464,391903,103,1,1,128,1,1,16,0.000,0.000,,,,,NVIDIA A100-SXM4-40GB MIG 4g.20gb (0),1,,13,cupy_copy__complex64_complex64
19248767360,18368,391913,1434,1,1,128,1,1,16,0.000,0.000,,,,,NVIDIA A100-SXM4-40GB MIG 4g.20gb (0),1,,13,cupy_copy__complex64_complex64
19248873823,6688,391920,103,1,1,128,1,1,16,0.000,0.000,,,,,NVIDIA A100-SXM4-40GB MIG 4g.20gb (0),1,,13,cupy_copy__complex64_complex64
19248966878,386043,391927,1,1,1,32,32,1,30,0.000,0.000,,,,,NVIDIA A100-SXM4-40GB MIG 4g.20gb (0),1,,13,"void convert_kernel<__half2, float2>(tensor_layout_any, T1 *, tensor_layout_any, const T2 *)"
19249387545,5920,391930,,,,,,,,,,0.094,15826.941,Pinned,Device,NVIDIA A100-SXM4-40GB MIG 4g.20gb (0),1,,13,[CUDA memcpy Host-to-Device]
19249446200,52800,391931,,,,,,,,,,35.810,678204.075,Device,,NVIDIA A100-SXM4-40GB MIG 4g.20gb (0),1,,13,[CUDA memset]
19249508984,2240,391933,,,,,,,,,,0.000,35.714,Pinned,Device,NVIDIA A100-SXM4-40GB MIG 4g.20gb (0),1,,13,[CUDA memcpy Host-to-Device]
19249514104,13631,391934,,,,,,,,,,0.197,14423.556,Pinned,Device,NVIDIA A100-SXM4-40GB MIG 4g.20gb (0),1,,13,[CUDA memcpy Host-to-Device]
19249583223,12288,391935,273,1,1,48,1,1,40,0.000,0.001,,,,,NVIDIA A100-SXM4-40GB MIG 4g.20gb (0),1,,13,"void pusch_noise_intf_est::noiseIntfEstNoDftSOfdmKernel<float, __half, float, float, (unsigned int)2, (unsigned int)1, (unsigned char)4, (unsigned char)4>(pusch_noise_intf_est::puschRxNoiseIntfEstDynDescr)"
19249601207,5280,391946,35,1,1,128,1,1,16,0.000,0.000,,,,,NVIDIA A100-SXM4-40GB MIG 4g.20gb (0),1,,13,cupy_copy__complex64_complex64
19249607223,1920,391955,1,1,1,1,1,1,18,0.000,0.000,,,,,NVIDIA A100-SXM4-40GB MIG 4g.20gb (0),1,,13,cupy_copy__float32_float32
19249613559,1600,391961,,,,,,,,,,0.000,2.500,Device,Pageable,NVIDIA A100-SXM4-40GB MIG 4g.20gb (0),1,,7,[CUDA memcpy Device-to-Host]
19249673270,13184,391972,1434,1,1,128,1,1,16,0.000,0.000,,,,,NVIDIA A100-SXM4-40GB MIG 4g.20gb (0),1,,13,cupy_copy__complex64_complex64
19249762645,6944,391979,103,1,1,128,1,1,16,0.000,0.000,,,,,NVIDIA A100-SXM4-40GB MIG 4g.20gb (0),1,,13,cupy_copy__complex64_complex64
19249778581,8544,391986,35,1,1,128,1,1,16,0.000,0.000,,,,,NVIDIA A100-SXM4-40GB MIG 4g.20gb (0),1,,13,cupy_copy__complex64_complex64
19249869780,5536,391993,1,1,1,1,1,1,18,0.000,0.000,,,,,NVIDIA A100-SXM4-40GB MIG 4g.20gb (0),1,,13,cupy_copy__float32_float32
19249877300,335868,392004,1,1,1,32,32,1,30,0.000,0.000,,,,,NVIDIA A100-SXM4-40GB MIG 4g.20gb (0),1,,13,"void convert_kernel<__half2, float2>(tensor_layout_any, T1 *, tensor_layout_any, const T2 *)"
19250275247,5760,392007,,,,,,,,,,0.094,16266.656,Pinned,Device,NVIDIA A100-SXM4-40GB MIG 4g.20gb (0),1,,13,[CUDA memcpy Host-to-Device]
19250286255,4384,392008,,,,,,,,,,1.547,352788.028,Device,,NVIDIA A100-SXM4-40GB MIG 4g.20gb (0),1,,13,[CUDA memset]
19250298383,3392,392013,,,,,,,,,,0.031,9226.405,Pinned,Device,NVIDIA A100-SXM4-40GB MIG 4g.20gb (0),1,,13,[CUDA memcpy Host-to-Device]
19250305519,10176,392014,,,,,,,,,,0.197,19320.668,Pinned,Device,NVIDIA A100-SXM4-40GB MIG 4g.20gb (0),1,,13,[CUDA memcpy Host-to-Device]
19250376942,13984,392015,273,1,1,8,4,1,39,0.002,0.000,,,,,NVIDIA A100-SXM4-40GB MIG 4g.20gb (0),1,,13,"void channel_eq::eqMmseCoefCompLowMimoKernel<float, float, float, (unsigned int)4, (unsigned int)1, (unsigned int)4>(const channel_eq::_puschRxChEqStatDescr *, channel_eq::_puschRxChEqCoefCompDynDescr)"
19250476077,26176,392016,273,1,1,12,11,1,51,0.002,0.000,,,,,NVIDIA A100-SXM4-40GB MIG 4g.20gb (0),1,,13,"void channel_eq::eqMmseSoftDemapKernel<float, __half, __half, float, (unsigned int)4, (unsigned short)16383>(channel_eq::_puschRxChEqStatDescr *, channel_eq::_puschRxChEqSoftDemapDynDescr)"
19250542156,721176,392017,1,1,1,32,32,1,30,0.000,0.000,,,,,NVIDIA A100-SXM4-40GB MIG 4g.20gb (0),1,,13,"void convert_kernel<float2, __half2>(tensor_layout_any, T1 *, tensor_layout_any, const T2 *)"
19251412034,15296,392029,2253,1,1,128,1,1,16,0.000,0.000,,,,,NVIDIA A100-SXM4-40GB MIG 4g.20gb (0),1,,13,cupy_copy__float16_float16
19251697151,6272,392038,282,1,1,128,1,1,16,0.000,0.000,,,,,NVIDIA A100-SXM4-40GB MIG 4g.20gb (0),1,,13,cupy_copy__complex64_complex64
19251903101,14368,392047,26,1,1,128,1,1,16,0.000,0.000,,,,,NVIDIA A100-SXM4-40GB MIG 4g.20gb (0),1,,13,cupy_copy__float32_float32
19252120603,10815,392056,103,1,1,128,1,1,16,0.000,0.000,,,,,NVIDIA A100-SXM4-40GB MIG 4g.20gb (0),1,,13,cupy_copy__complex64_complex64
19252354104,24864,392066,1434,1,1,128,1,1,16,0.000,0.000,,,,,NVIDIA A100-SXM4-40GB MIG 4g.20gb (0),1,,13,cupy_copy__complex64_complex64
19252548726,303388,392071,1,1,1,32,32,1,30,0.000,0.000,,,,,NVIDIA A100-SXM4-40GB MIG 4g.20gb (0),1,,13,"void convert_kernel<__half2, float2>(tensor_layout_any, T1 *, tensor_layout_any, const T2 *)"
19252883826,10144,392074,,,,,,,,,,0.094,9236.552,Pinned,Device,NVIDIA A100-SXM4-40GB MIG 4g.20gb (0),1,,13,[CUDA memcpy Host-to-Device]
19253059856,610201,392075,,,,,,,,,,456.561,747847.639,Device,,NVIDIA A100-SXM4-40GB MIG 4g.20gb (0),1,,13,[CUDA memset]
19253675945,72575,392080,,,,,,,,,,1.235,17015.058,Pinned,Device,NVIDIA A100-SXM4-40GB MIG 4g.20gb (0),1,,13,[CUDA memcpy Host-to-Device]
19253754952,16448,392081,,,,,,,,,,0.197,11953.177,Pinned,Device,NVIDIA A100-SXM4-40GB MIG 4g.20gb (0),1,,13,[CUDA memcpy Host-to-Device]
19254007589,15008,392082,69,4,1,48,1,1,76,0.002,0.000,,,,,NVIDIA A100-SXM4-40GB MIG 4g.20gb (0),1,,13,"void ch_est::windowedChEstPreNoDftSOfdmKernel<float, __half, float, (unsigned int)2, (unsigned int)1, (unsigned short)4>(ch_est::puschRxChEstStatDescr_t *, ch_est::puschRxChEstDynDescr_t *)"
19254247395,10944,392083,137,2,1,24,2,1,44,0.001,0.001,,,,,NVIDIA A100-SXM4-40GB MIG 4g.20gb (0),1,,13,"void ch_est::chEstFilterNoDftSOfdmDispatchKernel<float, __half, float, (unsigned int)2>(ch_est::puschRxChEstStatDescr_t *, ch_est::puschRxChEstDynDescr_t *)"
19254359457,11584,392084,137,2,1,24,2,1,44,0.001,0.001,,,,,NVIDIA A100-SXM4-40GB MIG 4g.20gb (0),1,,13,"void ch_est::chEstFilterNoDftSOfdmDispatchKernel<float, __half, float, (unsigned int)2>(ch_est::puschRxChEstStatDescr_t *, ch_est::puschRxChEstDynDescr_t *)"
19254373057,3936,392095,103,1,1,128,1,1,16,0.000,0.000,,,,,NVIDIA A100-SXM4-40GB MIG 4g.20gb (0),1,,13,cupy_copy__complex64_complex64
19254382561,12896,392105,1434,1,1,128,1,1,16,0.000,0.000,,,,,NVIDIA A100-SXM4-40GB MIG 4g.20gb (0),1,,13,cupy_copy__complex64_complex64
19254484928,8160,392112,103,1,1,128,1,1,16,0.000,0.000,,,,,NVIDIA A100-SXM4-40GB MIG 4g.20gb (0),1,,13,cupy_copy__complex64_complex64
19254496576,289277,392119,1,1,1,32,32,1,30,0.000,0.000,,,,,NVIDIA A100-SXM4-40GB MIG 4g.20gb (0),1,,13,"void convert_kernel<__half2, float2>(tensor_layout_any, T1 *, tensor_layout_any, const T2 *)"
19254818268,8000,392122,,,,,,,,,,0.094,11712.000,Pinned,Device,NVIDIA A100-SXM4-40GB MIG 4g.20gb (0),1,,13,[CUDA memcpy Host-to-Device]
19254912251,55808,392123,,,,,,,,,,35.810,641642.147,Device,,NVIDIA A100-SXM4-40GB MIG 4g.20gb (0),1,,13,[CUDA memset]
19254970555,4800,392125,,,,,,,,,,0.000,16.667,Pinned,Device,NVIDIA A100-SXM4-40GB MIG 4g.20gb (0),1,,13,[CUDA memcpy Host-to-Device]
19254981723,10623,392126,,,,,,,,,,0.197,18507.694,Pinned,Device,NVIDIA A100-SXM4-40GB MIG 4g.20gb (0),1,,13,[CUDA memcpy Host-to-Device]
19255129881,13792,392127,273,1,1,48,1,1,40,0.000,0.001,,,,,NVIDIA A100-SXM4-40GB MIG 4g.20gb (0),1,,13,"void pusch_noise_intf_est::noiseIntfEstNoDftSOfdmKernel<float, __half, float, float, (unsigned int)2, (unsigned int)1, (unsigned char)4, (unsigned char)4>(pusch_noise_intf_est::puschRxNoiseIntfEstDynDescr)"
19255254807,9760,392138,35,1,1,128,1,1,16,0.000,0.000,,,,,NVIDIA A100-SXM4-40GB MIG 4g.20gb (0),1,,13,cupy_copy__complex64_complex64
19255290007,2592,392147,1,1,1,1,1,1,18,0.000,0.000,,,,,NVIDIA A100-SXM4-40GB MIG 4g.20gb (0),1,,13,cupy_copy__float32_float32
19255302775,1824,392153,,,,,,,,,,0.000,2.193,Device,Pageable,NVIDIA A100-SXM4-40GB MIG 4g.20gb (0),1,,7,[CUDA memcpy Device-to-Host]
19255364086,20192,392164,1434,1,1,128,1,1,16,0.000,0.000,,,,,NVIDIA A100-SXM4-40GB MIG 4g.20gb (0),1,,13,cupy_copy__complex64_complex64
19255390774,3936,392171,103,1,1,128,1,1,16,0.000,0.000,,,,,NVIDIA A100-SXM4-40GB MIG 4g.20gb (0),1,,13,cupy_copy__complex64_complex64
19255411542,3200,392178,35,1,1,128,1,1,16,0.000,0.000,,,,,NVIDIA A100-SXM4-40GB MIG 4g.20gb (0),1,,13,cupy_copy__complex64_complex64
19255429174,2463,392185,1,1,1,1,1,1,18,0.000,0.000,,,,,NVIDIA A100-SXM4-40GB MIG 4g.20gb (0),1,,13,cupy_copy__float32_float32
19255605876,260477,392196,1,1,1,32,32,1,30,0.000,0.000,,,,,NVIDIA A100-SXM4-40GB MIG 4g.20gb (0),1,,13,"void convert_kernel<__half2, float2>(tensor_layout_any, T1 *, tensor_layout_any, const T2 *)"
19255897296,9472,392199,,,,,,,,,,0.094,9891.862,Pinned,Device,NVIDIA A100-SXM4-40GB MIG 4g.20gb (0),1,,13,[CUDA memcpy Host-to-Device]
19256022703,9632,392200,,,,,,,,,,1.547,160570.504,Device,,NVIDIA A100-SXM4-40GB MIG 4g.20gb (0),1,,13,[CUDA memset]
19256037519,4512,392205,,,,,,,,,,0.031,6936.164,Pinned,Device,NVIDIA A100-SXM4-40GB MIG 4g.20gb (0),1,,13,[CUDA memcpy Host-to-Device]
19256049359,16191,392206,,,,,,,,,,0.197,12142.903,Pinned,Device,NVIDIA A100-SXM4-40GB MIG 4g.20gb (0),1,,13,[CUDA memcpy Host-to-Device]
19256181901,8608,392207,273,1,1,8,4,1,39,0.002,0.000,,,,,NVIDIA A100-SXM4-40GB MIG 4g.20gb (0),1,,13,"void channel_eq::eqMmseCoefCompLowMimoKernel<float, float, float, (unsigned int)4, (unsigned int)1, (unsigned int)4>(const channel_eq::_puschRxChEqStatDescr *, channel_eq::_puschRxChEqCoefCompDynDescr)"
19256389195,49759,392208,273,1,1,12,11,1,51,0.002,0.000,,,,,NVIDIA A100-SXM4-40GB MIG 4g.20gb (0),1,,13,"void channel_eq::eqMmseSoftDemapKernel<float, __half, __half, float, (unsigned int)4, (unsigned short)16383>(channel_eq::_puschRxChEqStatDescr *, channel_eq::_puschRxChEqSoftDemapDynDescr)"
19256551561,781751,392209,1,1,1,32,32,1,30,0.000,0.000,,,,,NVIDIA A100-SXM4-40GB MIG 4g.20gb (0),1,,13,"void convert_kernel<float2, __half2>(tensor_layout_any, T1 *, tensor_layout_any, const T2 *)"
19257706396,14592,392221,2253,1,1,128,1,1,16,0.000,0.000,,,,,NVIDIA A100-SXM4-40GB MIG 4g.20gb (0),1,,13,cupy_copy__float16_float16
19258077656,15584,392230,282,1,1,128,1,1,16,0.000,0.000,,,,,NVIDIA A100-SXM4-40GB MIG 4g.20gb (0),1,,13,cupy_copy__complex64_complex64
19258350165,6304,392239,26,1,1,128,1,1,16,0.000,0.000,,,,,NVIDIA A100-SXM4-40GB MIG 4g.20gb (0),1,,13,cupy_copy__float32_float32
19258884463,5664,392248,103,1,1,128,1,1,16,0.000,0.000,,,,,NVIDIA A100-SXM4-40GB MIG 4g.20gb (0),1,,13,cupy_copy__complex64_complex64
19259287722,17152,392258,1434,1,1,128,1,1,16,0.000,0.000,,,,,NVIDIA A100-SXM4-40GB MIG 4g.20gb (0),1,,13,cupy_copy__complex64_complex64
19259800773,247837,392263,1,1,1,32,32,1,30,0.000,0.000,,,,,NVIDIA A100-SXM4-40GB MIG 4g.20gb (0),1,,13,"void convert_kernel<__half2, float2>(tensor_layout_any, T1 *, tensor_layout_any, const T2 *)"
19260081890,5823,392266,,,,,,,,,,0.094,16090.601,Pinned,Device,NVIDIA A100-SXM4-40GB MIG 4g.20gb (0),1,,13,[CUDA memcpy Host-to-Device]
19260456541,603994,392267,,,,,,,,,,456.561,755609.183,Device,,NVIDIA A100-SXM4-40GB MIG 4g.20gb (0),1,,13,[CUDA memset]
19261068470,57376,392272,,,,,,,,,,1.235,21522.604,Pinned,Device,NVIDIA A100-SXM4-40GB MIG 4g.20gb (0),1,,13,[CUDA memcpy Host-to-Device]
19261132374,13248,392273,,,,,,,,,,0.197,14840.562,Pinned,Device,NVIDIA A100-SXM4-40GB MIG 4g.20gb (0),1,,13,[CUDA memcpy Host-to-Device]
19261409683,11136,392274,69,4,1,48,1,1,76,0.002,0.000,,,,,NVIDIA A100-SXM4-40GB MIG 4g.20gb (0),1,,13,"void ch_est::windowedChEstPreNoDftSOfdmKernel<float, __half, float, (unsigned int)2, (unsigned int)1, (unsigned short)4>(ch_est::puschRxChEstStatDescr_t *, ch_est::puschRxChEstDynDescr_t *)"
19261780207,27455,392275,137,2,1,24,2,1,44,0.001,0.001,,,,,NVIDIA A100-SXM4-40GB MIG 4g.20gb (0),1,,13,"void ch_est::chEstFilterNoDftSOfdmDispatchKernel<float, __half, float, (unsigned int)2>(ch_est::puschRxChEstStatDescr_t *, ch_est::puschRxChEstDynDescr_t *)"
19261910061,9088,392276,137,2,1,24,2,1,44,0.001,0.001,,,,,NVIDIA A100-SXM4-40GB MIG 4g.20gb (0),1,,13,"void ch_est::chEstFilterNoDftSOfdmDispatchKernel<float, __half, float, (unsigned int)2>(ch_est::puschRxChEstStatDescr_t *, ch_est::puschRxChEstDynDescr_t *)"
19262113995,4352,392287,103,1,1,128,1,1,16,0.000,0.000,,,,,NVIDIA A100-SXM4-40GB MIG 4g.20gb (0),1,,13,cupy_copy__complex64_complex64
19262182922,35360,392297,1434,1,1,128,1,1,16,0.000,0.000,,,,,NVIDIA A100-SXM4-40GB MIG 4g.20gb (0),1,,13,cupy_copy__complex64_complex64
19262223242,4064,392304,103,1,1,128,1,1,16,0.000,0.000,,,,,NVIDIA A100-SXM4-40GB MIG 4g.20gb (0),1,,13,cupy_copy__complex64_complex64
19262231977,201310,392311,1,1,1,32,32,1,30,0.000,0.000,,,,,NVIDIA A100-SXM4-40GB MIG 4g.20gb (0),1,,13,"void convert_kernel<__half2, float2>(tensor_layout_any, T1 *, tensor_layout_any, const T2 *)"
19262483815,5824,392314,,,,,,,,,,0.094,16087.884,Pinned,Device,NVIDIA A100-SXM4-40GB MIG 4g.20gb (0),1,,13,[CUDA memcpy Host-to-Device]
19262550822,58751,392315,,,,,,,,,,35.810,609484.838,Device,,NVIDIA A100-SXM4-40GB MIG 4g.20gb (0),1,,13,[CUDA memset]
19262617413,2400,392317,,,,,,,,,,0.000,33.333,Pinned,Device,NVIDIA A100-SXM4-40GB MIG 4g.20gb (0),1,,13,[CUDA memcpy Host-to-Device]
19262622437,9472,392318,,,,,,,,,,0.197,20756.693,Pinned,Device,NVIDIA A100-SXM4-40GB MIG 4g.20gb (0),1,,13,[CUDA memcpy Host-to-Device]
19262697252,18656,392319,273,1,1,48,1,1,40,0.000,0.001,,,,,NVIDIA A100-SXM4-40GB MIG 4g.20gb (0),1,,13,"void pusch_noise_intf_est::noiseIntfEstNoDftSOfdmKernel<float, __half, float, float, (unsigned int)2, (unsigned int)1, (unsigned char)4, (unsigned char)4>(pusch_noise_intf_est::puschRxNoiseIntfEstDynDescr)"
19262921858,15392,392330,35,1,1,128,1,1,16,0.000,0.000,,,,,NVIDIA A100-SXM4-40GB MIG 4g.20gb (0),1,,13,cupy_copy__complex64_complex64
19263100192,3104,392339,1,1,1,1,1,1,18,0.000,0.000,,,,,NVIDIA A100-SXM4-40GB MIG 4g.20gb (0),1,,13,cupy_copy__float32_float32
19263113088,3488,392345,,,,,,,,,,0.000,1.147,Device,Pageable,NVIDIA A100-SXM4-40GB MIG 4g.20gb (0),1,,7,[CUDA memcpy Device-to-Host]
19263273630,15328,392356,1434,1,1,128,1,1,16,0.000,0.000,,,,,NVIDIA A100-SXM4-40GB MIG 4g.20gb (0),1,,13,cupy_copy__complex64_complex64
19263403580,15712,392363,103,1,1,128,1,1,16,0.000,0.000,,,,,NVIDIA A100-SXM4-40GB MIG 4g.20gb (0),1,,13,cupy_copy__complex64_complex64
19263482076,4447,392370,35,1,1,128,1,1,16,0.000,0.000,,,,,NVIDIA A100-SXM4-40GB MIG 4g.20gb (0),1,,13,cupy_copy__complex64_complex64
19263535931,10720,392377,1,1,1,1,1,1,18,0.000,0.000,,,,,NVIDIA A100-SXM4-40GB MIG 4g.20gb (0),1,,13,cupy_copy__float32_float32
19263602138,527642,392388,1,1,1,32,32,1,30,0.000,0.000,,,,,NVIDIA A100-SXM4-40GB MIG 4g.20gb (0),1,,13,"void convert_kernel<__half2, float2>(tensor_layout_any, T1 *, tensor_layout_any, const T2 *)"
19264172020,5568,392391,,,,,,,,,,0.094,16827.521,Pinned,Device,NVIDIA A100-SXM4-40GB MIG 4g.20gb (0),1,,13,[CUDA memcpy Host-to-Device]
19264277299,5024,392392,,,,,,,,,,1.547,307846.227,Device,,NVIDIA A100-SXM4-40GB MIG 4g.20gb (0),1,,13,[CUDA memset]
19264287091,4735,392397,,,,,,,,,,0.031,6609.496,Pinned,Device,NVIDIA A100-SXM4-40GB MIG 4g.20gb (0),1,,13,[CUDA memcpy Host-to-Device]
19264293906,10176,392398,,,,,,,,,,0.197,19320.668,Pinned,Device,NVIDIA A100-SXM4-40GB MIG 4g.20gb (0),1,,13,[CUDA memcpy Host-to-Device]
19264404785,14464,392399,273,1,1,8,4,1,39,0.002,0.000,,,,,NVIDIA A100-SXM4-40GB MIG 4g.20gb (0),1,,13,"void channel_eq::eqMmseCoefCompLowMimoKernel<float, float, float, (unsigned int)4, (unsigned int)1, (unsigned int)4>(const channel_eq::_puschRxChEqStatDescr *, channel_eq::_puschRxChEqCoefCompDynDescr)"
19264608591,11424,392400,273,1,1,12,11,1,51,0.002,0.000,,,,,NVIDIA A100-SXM4-40GB MIG 4g.20gb (0),1,,13,"void channel_eq::eqMmseSoftDemapKernel<float, __half, __half, float, (unsigned int)4, (unsigned short)16383>(channel_eq::_puschRxChEqStatDescr *, channel_eq::_puschRxChEqSoftDemapDynDescr)"
19264862988,782135,392401,1,1,1,32,32,1,30,0.000,0.000,,,,,NVIDIA A100-SXM4-40GB MIG 4g.20gb (0),1,,13,"void convert_kernel<float2, __half2>(tensor_layout_any, T1 *, tensor_layout_any, const T2 *)"
19265880481,23935,392413,2253,1,1,128,1,1,16,0.000,0.000,,,,,NVIDIA A100-SXM4-40GB MIG 4g.20gb (0),1,,13,cupy_copy__float16_float16
19266109790,11136,392422,282,1,1,128,1,1,16,0.000,0.000,,,,,NVIDIA A100-SXM4-40GB MIG 4g.20gb (0),1,,13,cupy_copy__complex64_complex64
19266307164,17632,392431,26,1,1,128,1,1,16,0.000,0.000,,,,,NVIDIA A100-SXM4-40GB MIG 4g.20gb (0),1,,13,cupy_copy__float32_float32
19266464378,11008,392440,103,1,1,128,1,1,16,0.000,0.000,,,,,NVIDIA A100-SXM4-40GB MIG 4g.20gb (0),1,,13,cupy_copy__complex64_complex64
19266676984,32927,392450,1434,1,1,128,1,1,16,0.000,0.000,,,,,NVIDIA A100-SXM4-40GB MIG 4g.20gb (0),1,,13,cupy_copy__complex64_complex64
19266890197,313981,392455,1,1,1,32,32,1,30,0.000,0.000,,,,,NVIDIA A100-SXM4-40GB MIG 4g.20gb (0),1,,13,"void convert_kernel<__half2, float2>(tensor_layout_any, T1 *, tensor_layout_any, const T2 *)"
19267233778,5568,392458,,,,,,,,,,0.094,16827.521,Pinned,Device,NVIDIA A100-SXM4-40GB MIG 4g.20gb (0),1,,13,[CUDA memcpy Host-to-Device]
19267362352,625177,392459,,,,,,,,,,456.561,730041.743,Device,,NVIDIA A100-SXM4-40GB MIG 4g.20gb (0),1,,13,[CUDA memset]
19267994953,50079,392464,,,,,,,,,,1.235,24659.362,Pinned,Device,NVIDIA A100-SXM4-40GB MIG 4g.20gb (0),1,,13,[CUDA memcpy Host-to-Device]
19268048488,9568,392465,,,,,,,,,,0.197,20548.485,Pinned,Device,NVIDIA A100-SXM4-40GB MIG 4g.20gb (0),1,,13,[CUDA memcpy Host-to-Device]
19268087624,13696,392466,69,4,1,48,1,1,76,0.002,0.000,,,,,NVIDIA A100-SXM4-40GB MIG 4g.20gb (0),1,,13,"void ch_est::windowedChEstPreNoDftSOfdmKernel<float, __half, float, (unsigned int)2, (unsigned int)1, (unsigned short)4>(ch_est::puschRxChEstStatDescr_t *, ch_est::puschRxChEstDynDescr_t *)"
19268103496,6624,392467,137,2,1,24,2,1,44,0.001,0.001,,,,,NVIDIA A100-SXM4-40GB MIG 4g.20gb (0),1,,13,"void ch_est::chEstFilterNoDftSOfdmDispatchKernel<float, __half, float, (unsigned int)2>(ch_est::puschRxChEstStatDescr_t *, ch_est::puschRxChEstDynDescr_t *)"
19268112136,4800,392468,137,2,1,24,2,1,44,0.001,0.001,,,,,NVIDIA A100-SXM4-40GB MIG 4g.20gb (0),1,,13,"void ch_est::chEstFilterNoDftSOfdmDispatchKernel<float, __half, float, (unsigned int)2>(ch_est::puschRxChEstStatDescr_t *, ch_est::puschRxChEstDynDescr_t *)"
19268118312,2560,392479,103,1,1,128,1,1,16,0.000,0.000,,,,,NVIDIA A100-SXM4-40GB MIG 4g.20gb (0),1,,13,cupy_copy__complex64_complex64
19268122856,13151,392489,1434,1,1,128,1,1,16,0.000,0.000,,,,,NVIDIA A100-SXM4-40GB MIG 4g.20gb (0),1,,13,cupy_copy__complex64_complex64
19268137607,2528,392496,103,1,1,128,1,1,16,0.000,0.000,,,,,NVIDIA A100-SXM4-40GB MIG 4g.20gb (0),1,,13,cupy_copy__complex64_complex64
19268142439,80704,392503,1,1,1,32,32,1,30,0.000,0.000,,,,,NVIDIA A100-SXM4-40GB MIG 4g.20gb (0),1,,13,"void convert_kernel<__half2, float2>(tensor_layout_any, T1 *, tensor_layout_any, const T2 *)"
19268254246,6048,392506,,,,,,,,,,0.094,15491.978,Pinned,Device,NVIDIA A100-SXM4-40GB MIG 4g.20gb (0),1,,13,[CUDA memcpy Host-to-Device]
19268268870,51743,392507,,,,,,,,,,35.810,692062.514,Device,,NVIDIA A100-SXM4-40GB MIG 4g.20gb (0),1,,13,[CUDA memset]
19268328197,1824,392509,,,,,,,,,,0.000,43.860,Pinned,Device,NVIDIA A100-SXM4-40GB MIG 4g.20gb (0),1,,13,[CUDA memcpy Host-to-Device]
19268332517,9632,392510,,,,,,,,,,0.197,20411.843,Pinned,Device,NVIDIA A100-SXM4-40GB MIG 4g.20gb (0),1,,13,[CUDA memcpy Host-to-Device]
19268416900,15136,392511,273,1,1,48,1,1,40,0.000,0.001,,,,,NVIDIA A100-SXM4-40GB MIG 4g.20gb (0),1,,13,"void pusch_noise_intf_est::noiseIntfEstNoDftSOfdmKernel<float, __half, float, float, (unsigned int)2, (unsigned int)1, (unsigned char)4, (unsigned char)4>(pusch_noise_intf_est::puschRxNoiseIntfEstDynDescr)"
19268520835,7552,392522,35,1,1,128,1,1,16,0.000,0.000,,,,,NVIDIA A100-SXM4-40GB MIG 4g.20gb (0),1,,13,cupy_copy__complex64_complex64
19268531363,2528,392531,1,1,1,1,1,1,18,0.000,0.000,,,,,NVIDIA A100-SXM4-40GB MIG 4g.20gb (0),1,,13,cupy_copy__float32_float32
19268534979,1728,392537,,,,,,,,,,0.000,2.315,Device,Pageable,NVIDIA A100-SXM4-40GB MIG 4g.20gb (0),1,,7,[CUDA memcpy Device-to-Host]
19268628386,15392,392548,1434,1,1,128,1,1,16,0.000,0.000,,,,,NVIDIA A100-SXM4-40GB MIG 4g.20gb (0),1,,13,cupy_copy__complex64_complex64
19268645474,3104,392555,103,1,1,128,1,1,16,0.000,0.000,,,,,NVIDIA A100-SXM4-40GB MIG 4g.20gb (0),1,,13,cupy_copy__complex64_complex64
19268735585,7424,392562,35,1,1,128,1,1,16,0.000,0.000,,,,,NVIDIA A100-SXM4-40GB MIG 4g.20gb (0),1,,13,cupy_copy__complex64_complex64
19268744513,3072,392569,1,1,1,1,1,1,18,0.000,0.000,,,,,NVIDIA A100-SXM4-40GB MIG 4g.20gb (0),1,,13,cupy_copy__float32_float32
19268840448,296540,392580,1,1,1,32,32,1,30,0.000,0.000,,,,,NVIDIA A100-SXM4-40GB MIG 4g.20gb (0),1,,13,"void convert_kernel<__half2, float2>(tensor_layout_any, T1 *, tensor_layout_any, const T2 *)"
19269167068,5760,392583,,,,,,,,,,0.094,16266.656,Pinned,Device,NVIDIA A100-SXM4-40GB MIG 4g.20gb (0),1,,13,[CUDA memcpy Host-to-Device]
19269397369,5120,392584,,,,,,,,,,1.547,302074.227,Device,,NVIDIA A100-SXM4-40GB MIG 4g.20gb (0),1,,13,[CUDA memset]
19269404697,3040,392589,,,,,,,,,,0.031,10294.725,Pinned,Device,NVIDIA A100-SXM4-40GB MIG 4g.20gb (0),1,,13,[CUDA memcpy Host-to-Device]
19269410937,9888,392590,,,,,,,,,,0.197,19883.360,Pinned,Device,NVIDIA A100-SXM4-40GB MIG 4g.20gb (0),1,,13,[CUDA memcpy Host-to-Device]
19269836340,10848,392591,273,1,1,8,4,1,39,0.002,0.000,,,,,NVIDIA A100-SXM4-40GB MIG 4g.20gb (0),1,,13,"void channel_eq::eqMmseCoefCompLowMimoKernel<float, float, float, (unsigned int)4, (unsigned int)1, (unsigned int)4>(const channel_eq::_puschRxChEqStatDescr *, channel_eq::_puschRxChEqCoefCompDynDescr)"
19270220560,11392,392592,273,1,1,12,11,1,51,0.002,0.000,,,,,NVIDIA A100-SXM4-40GB MIG 4g.20gb (0),1,,13,"void channel_eq::eqMmseSoftDemapKernel<float, __half, __half, float, (unsigned int)4, (unsigned short)16383>(channel_eq::_puschRxChEqStatDescr *, channel_eq::_puschRxChEqSoftDemapDynDescr)"
19270392302,761816,392593,1,1,1,32,32,1,30,0.000,0.000,,,,,NVIDIA A100-SXM4-40GB MIG 4g.20gb (0),1,,13,"void convert_kernel<float2, __half2>(tensor_layout_any, T1 *, tensor_layout_any, const T2 *)"
19271458178,13728,392605,2253,1,1,128,1,1,16,0.000,0.000,,,,,NVIDIA A100-SXM4-40GB MIG 4g.20gb (0),1,,13,cupy_copy__float16_float16
19271877758,5152,392614,282,1,1,128,1,1,16,0.000,0.000,,,,,NVIDIA A100-SXM4-40GB MIG 4g.20gb (0),1,,13,cupy_copy__complex64_complex64
19272116699,4992,392623,26,1,1,128,1,1,16,0.000,0.000,,,,,NVIDIA A100-SXM4-40GB MIG 4g.20gb (0),1,,13,cupy_copy__float32_float32
19272395096,22816,392632,103,1,1,128,1,1,16,0.000,0.000,,,,,NVIDIA A100-SXM4-40GB MIG 4g.20gb (0),1,,13,cupy_copy__complex64_complex64
19272685973,18079,392642,1434,1,1,128,1,1,16,0.000,0.000,,,,,NVIDIA A100-SXM4-40GB MIG 4g.20gb (0),1,,13,cupy_copy__complex64_complex64
19272931730,332700,392647,1,1,1,32,32,1,30,0.000,0.000,,,,,NVIDIA A100-SXM4-40GB MIG 4g.20gb (0),1,,13,"void convert_kernel<__half2, float2>(tensor_layout_any, T1 *, tensor_layout_any, const T2 *)"
19273295022,6336,392650,,,,,,,,,,0.094,14787.852,Pinned,Device,NVIDIA A100-SXM4-40GB MIG 4g.20gb (0),1,,13,[CUDA memcpy Host-to-Device]
19273349709,636473,392651,,,,,,,,,,456.561,717258.022,Device,,NVIDIA A100-SXM4-40GB MIG 4g.20gb (0),1,,13,[CUDA memset]
19273992614,49695,392656,,,,,,,,,,1.235,24849.543,Pinned,Device,NVIDIA A100-SXM4-40GB MIG 4g.20gb (0),1,,13,[CUDA memcpy Host-to-Device]
19274045221,10080,392657,,,,,,,,,,0.197,19504.693,Pinned,Device,NVIDIA A100-SXM4-40GB MIG 4g.20gb (0),1,,13,[CUDA memcpy Host-to-Device]
19274152676,26240,392658,69,4,1,48,1,1,76,0.002,0.000,,,,,NVIDIA A100-SXM4-40GB MIG 4g.20gb (0),1,,13,"void ch_est::windowedChEstPreNoDftSOfdmKernel<float, __half, float, (unsigned int)2, (unsigned int)1, (unsigned short)4>(ch_est::puschRxChEstStatDescr_t *, ch_est::puschRxChEstDynDescr_t *)"
19274182980,13952,392659,137,2,1,24,2,1,44,0.001,0.001,,,,,NVIDIA A100-SXM4-40GB MIG 4g.20gb (0),1,,13,"void ch_est::chEstFilterNoDftSOfdmDispatchKernel<float, __half, float, (unsigned int)2>(ch_est::puschRxChEstStatDescr_t *, ch_est::puschRxChEstDynDescr_t *)"
19274198884,4736,392660,137,2,1,24,2,1,44,0.001,0.001,,,,,NVIDIA A100-SXM4-40GB MIG 4g.20gb (0),1,,13,"void ch_est::chEstFilterNoDftSOfdmDispatchKernel<float, __half, float, (unsigned int)2>(ch_est::puschRxChEstStatDescr_t *, ch_est::puschRxChEstDynDescr_t *)"
19274313186,18528,392671,103,1,1,128,1,1,16,0.000,0.000,,,,,NVIDIA A100-SXM4-40GB MIG 4g.20gb (0),1,,13,cupy_copy__complex64_complex64
19274333442,25504,392681,1434,1,1,128,1,1,16,0.000,0.000,,,,,NVIDIA A100-SXM4-40GB MIG 4g.20gb (0),1,,13,cupy_copy__complex64_complex64
19274361154,2336,392688,103,1,1,128,1,1,16,0.000,0.000,,,,,NVIDIA A100-SXM4-40GB MIG 4g.20gb (0),1,,13,cupy_copy__complex64_complex64
19274365346,79423,392695,1,1,1,32,32,1,30,0.000,0.000,,,,,NVIDIA A100-SXM4-40GB MIG 4g.20gb (0),1,,13,"void convert_kernel<__half2, float2>(tensor_layout_any, T1 *, tensor_layout_any, const T2 *)"
19274473377,5440,392698,,,,,,,,,,0.094,17223.480,Pinned,Device,NVIDIA A100-SXM4-40GB MIG 4g.20gb (0),1,,13,[CUDA memcpy Host-to-Device]
19274484929,47199,392699,,,,,,,,,,35.810,758668.965,Device,,NVIDIA A100-SXM4-40GB MIG 4g.20gb (0),1,,13,[CUDA memset]
19274537472,1888,392701,,,,,,,,,,0.000,42.373,Pinned,Device,NVIDIA A100-SXM4-40GB MIG 4g.20gb (0),1,,13,[CUDA memcpy Host-to-Device]
19274541792,9728,392702,,,,,,,,,,0.197,20210.516,Pinned,Device,NVIDIA A100-SXM4-40GB MIG 4g.20gb (0),1,,13,[CUDA memcpy Host-to-Device]
19274556256,8960,392703,273,1,1,48,1,1,40,0.000,0.001,,,,,NVIDIA A100-SXM4-40GB MIG 4g.20gb (0),1,,13,"void pusch_noise_intf_est::noiseIntfEstNoDftSOfdmKernel<float, __half, float, float, (unsigned int)2, (unsigned int)1, (unsigned char)4, (unsigned char)4>(pusch_noise_intf_est::puschRxNoiseIntfEstDynDescr)"
19274567296,2880,392714,35,1,1,128,1,1,16,0.000,0.000,,,,,NVIDIA A100-SXM4-40GB MIG 4g.20gb (0),1,,13,cupy_copy__complex64_complex64
19274590719,1888,392723,1,1,1,1,1,1,18,0.000,0.000,,,,,NVIDIA A100-SXM4-40GB MIG 4g.20gb (0),1,,13,cupy_copy__float32_float32
19274624895,2336,392729,,,,,,,,,,0.000,1.712,Device,Pageable,NVIDIA A100-SXM4-40GB MIG 4g.20gb (0),1,,7,[CUDA memcpy Device-to-Host]
19274685342,13760,392740,1434,1,1,128,1,1,16,0.000,0.000,,,,,NVIDIA A100-SXM4-40GB MIG 4g.20gb (0),1,,13,cupy_copy__complex64_complex64
19274711966,2784,392747,103,1,1,128,1,1,16,0.000,0.000,,,,,NVIDIA A100-SXM4-40GB MIG 4g.20gb (0),1,,13,cupy_copy__complex64_complex64
19274732382,2208,392754,35,1,1,128,1,1,16,0.000,0.000,,,,,NVIDIA A100-SXM4-40GB MIG 4g.20gb (0),1,,13,cupy_copy__complex64_complex64
19274750174,1856,392761,1,1,1,1,1,1,18,0.000,0.000,,,,,NVIDIA A100-SXM4-40GB MIG 4g.20gb (0),1,,13,cupy_copy__float32_float32
19274885788,79807,392772,1,1,1,32,32,1,30,0.000,0.000,,,,,NVIDIA A100-SXM4-40GB MIG 4g.20gb (0),1,,13,"void convert_kernel<__half2, float2>(tensor_layout_any, T1 *, tensor_layout_any, const T2 *)"
19274995739,6560,392775,,,,,,,,,,0.094,14282.925,Pinned,Device,NVIDIA A100-SXM4-40GB MIG 4g.20gb (0),1,,13,[CUDA memcpy Host-to-Device]
19275018395,6303,392776,,,,,,,,,,1.547,245378.084,Device,,NVIDIA A100-SXM4-40GB MIG 4g.20gb (0),1,,13,[CUDA memset]
19275026170,3040,392781,,,,,,,,,,0.031,10294.725,Pinned,Device,NVIDIA A100-SXM4-40GB MIG 4g.20gb (0),1,,13,[CUDA memcpy Host-to-Device]
19275032698,9504,392782,,,,,,,,,,0.197,20686.701,Pinned,Device,NVIDIA A100-SXM4-40GB MIG 4g.20gb (0),1,,13,[CUDA memcpy Host-to-Device]
19275139897,11968,392783,273,1,1,8,4,1,39,0.002,0.000,,,,,NVIDIA A100-SXM4-40GB MIG 4g.20gb (0),1,,13,"void channel_eq::eqMmseCoefCompLowMimoKernel<float, float, float, (unsigned int)4, (unsigned int)1, (unsigned int)4>(const channel_eq::_puschRxChEqStatDescr *, channel_eq::_puschRxChEqCoefCompDynDescr)"
19275262392,24448,392784,273,1,1,12,11,1,51,0.002,0.000,,,,,NVIDIA A100-SXM4-40GB MIG 4g.20gb (0),1,,13,"void channel_eq::eqMmseSoftDemapKernel<float, __half, __half, float, (unsigned int)4, (unsigned short)16383>(channel_eq::_puschRxChEqStatDescr *, channel_eq::_puschRxChEqSoftDemapDynDescr)"
19275318679,798167,392785,1,1,1,32,32,1,30,0.000,0.000,,,,,NVIDIA A100-SXM4-40GB MIG 4g.20gb (0),1,,13,"void convert_kernel<float2, __half2>(tensor_layout_any, T1 *, tensor_layout_any, const T2 *)"
19276227597,13696,392797,2253,1,1,128,1,1,16,0.000,0.000,,,,,NVIDIA A100-SXM4-40GB MIG 4g.20gb (0),1,,13,cupy_copy__float16_float16
19276466058,4896,392806,282,1,1,128,1,1,16,0.000,0.000,,,,,NVIDIA A100-SXM4-40GB MIG 4g.20gb (0),1,,13,cupy_copy__complex64_complex64
19276708008,3968,392815,26,1,1,128,1,1,16,0.000,0.000,,,,,NVIDIA A100-SXM4-40GB MIG 4g.20gb (0),1,,13,cupy_copy__float32_float32
19276849510,5344,392824,103,1,1,128,1,1,16,0.000,0.000,,,,,NVIDIA A100-SXM4-40GB MIG 4g.20gb (0),1,,13,cupy_copy__complex64_complex64
19277079428,17599,392834,1434,1,1,128,1,1,16,0.000,0.000,,,,,NVIDIA A100-SXM4-40GB MIG 4g.20gb (0),1,,13,cupy_copy__complex64_complex64
19277396448,332604,392839,1,1,1,32,32,1,30,0.000,0.000,,,,,NVIDIA A100-SXM4-40GB MIG 4g.20gb (0),1,,13,"void convert_kernel<__half2, float2>(tensor_layout_any, T1 *, tensor_layout_any, const T2 *)"
19277758396,5440,392842,,,,,,,,,,0.094,17223.480,Pinned,Device,NVIDIA A100-SXM4-40GB MIG 4g.20gb (0),1,,13,[CUDA memcpy Host-to-Device]
19277854299,631097,392843,,,,,,,,,,456.561,723193.321,Device,,NVIDIA A100-SXM4-40GB MIG 4g.20gb (0),1,,13,[CUDA memset]
19278493044,50399,392848,,,,,,,,,,1.235,24502.524,Pinned,Device,NVIDIA A100-SXM4-40GB MIG 4g.20gb (0),1,,13,[CUDA memcpy Host-to-Device]
19278546003,10208,392849,,,,,,,,,,0.197,19260.113,Pinned,Device,NVIDIA A100-SXM4-40GB MIG 4g.20gb (0),1,,13,[CUDA memcpy Host-to-Device]
19278598419,32863,392850,69,4,1,48,1,1,76,0.002,0.000,,,,,NVIDIA A100-SXM4-40GB MIG 4g.20gb (0),1,,13,"void ch_est::windowedChEstPreNoDftSOfdmKernel<float, __half, float, (unsigned int)2, (unsigned int)1, (unsigned short)4>(ch_est::puschRxChEstStatDescr_t *, ch_est::puschRxChEstDynDescr_t *)"
19278633970,6560,392851,137,2,1,24,2,1,44,0.001,0.001,,,,,NVIDIA A100-SXM4-40GB MIG 4g.20gb (0),1,,13,"void ch_est::chEstFilterNoDftSOfdmDispatchKernel<float, __half, float, (unsigned int)2>(ch_est::puschRxChEstStatDescr_t *, ch_est::puschRxChEstDynDescr_t *)"
19278645330,4736,392852,137,2,1,24,2,1,44,0.001,0.001,,,,,NVIDIA A100-SXM4-40GB MIG 4g.20gb (0),1,,13,"void ch_est::chEstFilterNoDftSOfdmDispatchKernel<float, __half, float, (unsigned int)2>(ch_est::puschRxChEstStatDescr_t *, ch_est::puschRxChEstDynDescr_t *)"
19278651538,2592,392863,103,1,1,128,1,1,16,0.000,0.000,,,,,NVIDIA A100-SXM4-40GB MIG 4g.20gb (0),1,,13,cupy_copy__complex64_complex64
19278655570,12384,392873,1434,1,1,128,1,1,16,0.000,0.000,,,,,NVIDIA A100-SXM4-40GB MIG 4g.20gb (0),1,,13,cupy_copy__complex64_complex64
19278669906,2496,392880,103,1,1,128,1,1,16,0.000,0.000,,,,,NVIDIA A100-SXM4-40GB MIG 4g.20gb (0),1,,13,cupy_copy__complex64_complex64
19278673906,82943,392887,1,1,1,32,32,1,30,0.000,0.000,,,,,NVIDIA A100-SXM4-40GB MIG 4g.20gb (0),1,,13,"void convert_kernel<__half2, float2>(tensor_layout_any, T1 *, tensor_layout_any, const T2 *)"
19278784848,6240,392890,,,,,,,,,,0.094,15015.346,Pinned,Device,NVIDIA A100-SXM4-40GB MIG 4g.20gb (0),1,,13,[CUDA memcpy Host-to-Device]
19278819568,72287,392891,,,,,,,,,,35.810,495358.623,Device,,NVIDIA A100-SXM4-40GB MIG 4g.20gb (0),1,,13,[CUDA memset]
19278898511,2304,392893,,,,,,,,,,0.000,34.722,Pinned,Device,NVIDIA A100-SXM4-40GB MIG 4g.20gb (0),1,,13,[CUDA memcpy Host-to-Device]
19278905391,10016,392894,,,,,,,,,,0.197,19629.343,Pinned,Device,NVIDIA A100-SXM4-40GB MIG 4g.20gb (0),1,,13,[CUDA memcpy Host-to-Device]
19279020590,36543,392895,273,1,1,48,1,1,40,0.000,0.001,,,,,NVIDIA A100-SXM4-40GB MIG 4g.20gb (0),1,,13,"void pusch_noise_intf_est::noiseIntfEstNoDftSOfdmKernel<float, __half, float, float, (unsigned int)2, (unsigned int)1, (unsigned char)4, (unsigned char)4>(pusch_noise_intf_est::puschRxNoiseIntfEstDynDescr)"
19279058765,3552,392906,35,1,1,128,1,1,16,0.000,0.000,,,,,NVIDIA A100-SXM4-40GB MIG 4g.20gb (0),1,,13,cupy_copy__complex64_complex64
19279063917,1888,392915,1,1,1,1,1,1,18,0.000,0.000,,,,,NVIDIA A100-SXM4-40GB MIG 4g.20gb (0),1,,13,cupy_copy__float32_float32
19279070061,2048,392921,,,,,,,,,,0.000,1.953,Device,Pageable,NVIDIA A100-SXM4-40GB MIG 4g.20gb (0),1,,7,[CUDA memcpy Device-to-Host]
19279180396,29984,392932,1434,1,1,128,1,1,16,0.000,0.000,,,,,NVIDIA A100-SXM4-40GB MIG 4g.20gb (0),1,,13,cupy_copy__complex64_complex64
19279212172,3680,392939,103,1,1,128,1,1,16,0.000,0.000,,,,,NVIDIA A100-SXM4-40GB MIG 4g.20gb (0),1,,13,cupy_copy__complex64_complex64
19279218668,2784,392946,35,1,1,128,1,1,16,0.000,0.000,,,,,NVIDIA A100-SXM4-40GB MIG 4g.20gb (0),1,,13,cupy_copy__complex64_complex64
19279222924,2048,392953,1,1,1,1,1,1,18,0.000,0.000,,,,,NVIDIA A100-SXM4-40GB MIG 4g.20gb (0),1,,13,cupy_copy__float32_float32
19279341514,231838,392964,1,1,1,32,32,1,30,0.000,0.000,,,,,NVIDIA A100-SXM4-40GB MIG 4g.20gb (0),1,,13,"void convert_kernel<__half2, float2>(tensor_layout_any, T1 *, tensor_layout_any, const T2 *)"
19279603175,5408,392967,,,,,,,,,,0.094,17325.421,Pinned,Device,NVIDIA A100-SXM4-40GB MIG 4g.20gb (0),1,,13,[CUDA memcpy Host-to-Device]
19279662791,12415,392968,,,,,,,,,,1.547,124575.923,Device,,NVIDIA A100-SXM4-40GB MIG 4g.20gb (0),1,,13,[CUDA memset]
19279678470,3776,392973,,,,,,,,,,0.031,8288.120,Pinned,Device,NVIDIA A100-SXM4-40GB MIG 4g.20gb (0),1,,13,[CUDA memcpy Host-to-Device]
19279684806,10080,392974,,,,,,,,,,0.197,19504.693,Pinned,Device,NVIDIA A100-SXM4-40GB MIG 4g.20gb (0),1,,13,[CUDA memcpy Host-to-Device]
19279699046,8864,392975,273,1,1,8,4,1,39,0.002,0.000,,,,,NVIDIA A100-SXM4-40GB MIG 4g.20gb (0),1,,13,"void channel_eq::eqMmseCoefCompLowMimoKernel<float, float, float, (unsigned int)4, (unsigned int)1, (unsigned int)4>(const channel_eq::_puschRxChEqStatDescr *, channel_eq::_puschRxChEqCoefCompDynDescr)"
19279823141,30847,392976,273,1,1,12,11,1,51,0.002,0.000,,,,,NVIDIA A100-SXM4-40GB MIG 4g.20gb (0),1,,13,"void channel_eq::eqMmseSoftDemapKernel<float, __half, __half, float, (unsigned int)4, (unsigned short)16383>(channel_eq::_puschRxChEqStatDescr *, channel_eq::_puschRxChEqSoftDemapDynDescr)"
19279860356,620249,392977,1,1,1,32,32,1,30,0.000,0.000,,,,,NVIDIA A100-SXM4-40GB MIG 4g.20gb (0),1,,13,"void convert_kernel<float2, __half2>(tensor_layout_any, T1 *, tensor_layout_any, const T2 *)"
19280525629,14112,392989,2253,1,1,128,1,1,16,0.000,0.000,,,,,NVIDIA A100-SXM4-40GB MIG 4g.20gb (0),1,,13,cupy_copy__float16_float16
19280662363,8480,392998,282,1,1,128,1,1,16,0.000,0.000,,,,,NVIDIA A100-SXM4-40GB MIG 4g.20gb (0),1,,13,cupy_copy__complex64_complex64
19280715611,7136,393007,26,1,1,128,1,1,16,0.000,0.000,,,,,NVIDIA A100-SXM4-40GB MIG 4g.20gb (0),1,,13,cupy_copy__float32_float32
19280933240,12704,393016,103,1,1,128,1,1,16,0.000,0.000,,,,,NVIDIA A100-SXM4-40GB MIG 4g.20gb (0),1,,13,cupy_copy__complex64_complex64
19281163542,26528,393026,1434,1,1,128,1,1,16,0.000,0.000,,,,,NVIDIA A100-SXM4-40GB MIG 4g.20gb (0),1,,13,cupy_copy__complex64_complex64
19281378163,332477,393031,1,1,1,32,32,1,30,0.000,0.000,,,,,NVIDIA A100-SXM4-40GB MIG 4g.20gb (0),1,,13,"void convert_kernel<__half2, float2>(tensor_layout_any, T1 *, tensor_layout_any, const T2 *)"
19281740527,5568,393034,,,,,,,,,,0.094,16827.521,Pinned,Device,NVIDIA A100-SXM4-40GB MIG 4g.20gb (0),1,,13,[CUDA memcpy Host-to-Device]
19281990445,627513,393035,,,,,,,,,,456.561,727302.374,Device,,NVIDIA A100-SXM4-40GB MIG 4g.20gb (0),1,,13,[CUDA memset]
19282619878,51455,393040,,,,,,,,,,1.235,23999.902,Pinned,Device,NVIDIA A100-SXM4-40GB MIG 4g.20gb (0),1,,13,[CUDA memcpy Host-to-Device]
19282673893,10560,393041,,,,,,,,,,0.197,18617.991,Pinned,Device,NVIDIA A100-SXM4-40GB MIG 4g.20gb (0),1,,13,[CUDA memcpy Host-to-Device]
19283216255,24704,393042,69,4,1,48,1,1,76,0.002,0.000,,,,,NVIDIA A100-SXM4-40GB MIG 4g.20gb (0),1,,13,"void ch_est::windowedChEstPreNoDftSOfdmKernel<float, __half, float, (unsigned int)2, (unsigned int)1, (unsigned short)4>(ch_est::puschRxChEstStatDescr_t *, ch_est::puschRxChEstDynDescr_t *)"
19283465724,22112,393043,137,2,1,24,2,1,44,0.001,0.001,,,,,NVIDIA A100-SXM4-40GB MIG 4g.20gb (0),1,,13,"void ch_est::chEstFilterNoDftSOfdmDispatchKernel<float, __half, float, (unsigned int)2>(ch_est::puschRxChEstStatDescr_t *, ch_est::puschRxChEstDynDescr_t *)"
19283713561,21792,393044,137,2,1,24,2,1,44,0.001,0.001,,,,,NVIDIA A100-SXM4-40GB MIG 4g.20gb (0),1,,13,"void ch_est::chEstFilterNoDftSOfdmDispatchKernel<float, __half, float, (unsigned int)2>(ch_est::puschRxChEstStatDescr_t *, ch_est::puschRxChEstDynDescr_t *)"
19283801528,8032,393055,103,1,1,128,1,1,16,0.000,0.000,,,,,NVIDIA A100-SXM4-40GB MIG 4g.20gb (0),1,,13,cupy_copy__complex64_complex64
19283876664,36479,393065,1434,1,1,128,1,1,16,0.000,0.000,,,,,NVIDIA A100-SXM4-40GB MIG 4g.20gb (0),1,,13,cupy_copy__complex64_complex64
19283961719,10687,393072,103,1,1,128,1,1,16,0.000,0.000,,,,,NVIDIA A100-SXM4-40GB MIG 4g.20gb (0),1,,13,cupy_copy__complex64_complex64
19283974774,330237,393079,1,1,1,32,32,1,30,0.000,0.000,,,,,NVIDIA A100-SXM4-40GB MIG 4g.20gb (0),1,,13,"void convert_kernel<__half2, float2>(tensor_layout_any, T1 *, tensor_layout_any, const T2 *)"
19284335410,5472,393082,,,,,,,,,,0.094,17122.757,Pinned,Device,NVIDIA A100-SXM4-40GB MIG 4g.20gb (0),1,,13,[CUDA memcpy Host-to-Device]
19284408082,50303,393083,,,,,,,,,,35.810,711865.400,Device,,NVIDIA A100-SXM4-40GB MIG 4g.20gb (0),1,,13,[CUDA memset]
19284462161,1824,393085,,,,,,,,,,0.000,43.860,Pinned,Device,NVIDIA A100-SXM4-40GB MIG 4g.20gb (0),1,,13,[CUDA memcpy Host-to-Device]
19284467217,10016,393086,,,,,,,,,,0.197,19629.343,Pinned,Device,NVIDIA A100-SXM4-40GB MIG 4g.20gb (0),1,,13,[CUDA memcpy Host-to-Device]
19284609487,16320,393087,273,1,1,48,1,1,40,0.000,0.001,,,,,NVIDIA A100-SXM4-40GB MIG 4g.20gb (0),1,,13,"void pusch_noise_intf_est::noiseIntfEstNoDftSOfdmKernel<float, __half, float, float, (unsigned int)2, (unsigned int)1, (unsigned char)4, (unsigned char)4>(pusch_noise_intf_est::puschRxNoiseIntfEstDynDescr)"
19284629103,3328,393098,35,1,1,128,1,1,16,0.000,0.000,,,,,NVIDIA A100-SXM4-40GB MIG 4g.20gb (0),1,,13,cupy_copy__complex64_complex64
19284634351,1888,393107,1,1,1,1,1,1,18,0.000,0.000,,,,,NVIDIA A100-SXM4-40GB MIG 4g.20gb (0),1,,13,cupy_copy__float32_float32
19284645007,1600,393113,,,,,,,,,,0.000,2.500,Device,Pageable,NVIDIA A100-SXM4-40GB MIG 4g.20gb (0),1,,7,[CUDA memcpy Device-to-Host]
19284840589,16800,393124,1434,1,1,128,1,1,16,0.000,0.000,,,,,NVIDIA A100-SXM4-40GB MIG 4g.20gb (0),1,,13,cupy_copy__complex64_complex64
19284858733,4767,393131,103,1,1,128,1,1,16,0.000,0.000,,,,,NVIDIA A100-SXM4-40GB MIG 4g.20gb (0),1,,13,cupy_copy__complex64_complex64
19285018731,6880,393138,35,1,1,128,1,1,16,0.000,0.000,,,,,NVIDIA A100-SXM4-40GB MIG 4g.20gb (0),1,,13,cupy_copy__complex64_complex64
19285027947,2848,393145,1,1,1,1,1,1,18,0.000,0.000,,,,,NVIDIA A100-SXM4-40GB MIG 4g.20gb (0),1,,13,cupy_copy__float32_float32
19285188617,270621,393156,1,1,1,32,32,1,30,0.000,0.000,,,,,NVIDIA A100-SXM4-40GB MIG 4g.20gb (0),1,,13,"void convert_kernel<__half2, float2>(tensor_layout_any, T1 *, tensor_layout_any, const T2 *)"
19285487974,5439,393159,,,,,,,,,,0.094,17226.665,Pinned,Device,NVIDIA A100-SXM4-40GB MIG 4g.20gb (0),1,,13,[CUDA memcpy Host-to-Device]
19285517349,4064,393160,,,,,,,,,,1.547,380565.395,Device,,NVIDIA A100-SXM4-40GB MIG 4g.20gb (0),1,,13,[CUDA memset]
19285527845,3072,393165,,,,,,,,,,0.031,10187.474,Pinned,Device,NVIDIA A100-SXM4-40GB MIG 4g.20gb (0),1,,13,[CUDA memcpy Host-to-Device]
19285533541,10240,393166,,,,,,,,,,0.197,19199.951,Pinned,Device,NVIDIA A100-SXM4-40GB MIG 4g.20gb (0),1,,13,[CUDA memcpy Host-to-Device]
19285683459,11424,393167,273,1,1,8,4,1,39,0.002,0.000,,,,,NVIDIA A100-SXM4-40GB MIG 4g.20gb (0),1,,13,"void channel_eq::eqMmseCoefCompLowMimoKernel<float, float, float, (unsigned int)4, (unsigned int)1, (unsigned int)4>(const channel_eq::_puschRxChEqStatDescr *, channel_eq::_puschRxChEqCoefCompDynDescr)"
19285850689,12128,393168,273,1,1,12,11,1,51,0.002,0.000,,,,,NVIDIA A100-SXM4-40GB MIG 4g.20gb (0),1,,13,"void channel_eq::eqMmseSoftDemapKernel<float, __half, __half, float, (unsigned int)4, (unsigned short)16383>(channel_eq::_puschRxChEqStatDescr *, channel_eq::_puschRxChEqSoftDemapDynDescr)"
19285864289,506235,393169,1,1,1,32,32,1,30,0.000,0.000,,,,,NVIDIA A100-SXM4-40GB MIG 4g.20gb (0),1,,13,"void convert_kernel<float2, __half2>(tensor_layout_any, T1 *, tensor_layout_any, const T2 *)"
19286417691,26080,393181,2253,1,1,128,1,1,16,0.000,0.000,,,,,NVIDIA A100-SXM4-40GB MIG 4g.20gb (0),1,,13,cupy_copy__float16_float16
19286488506,13024,393190,282,1,1,128,1,1,16,0.000,0.000,,,,,NVIDIA A100-SXM4-40GB MIG 4g.20gb (0),1,,13,cupy_copy__complex64_complex64
19286670872,7200,393199,26,1,1,128,1,1,16,0.000,0.000,,,,,NVIDIA A100-SXM4-40GB MIG 4g.20gb (0),1,,13,cupy_copy__float32_float32
19286858614,6880,393208,103,1,1,128,1,1,16,0.000,0.000,,,,,NVIDIA A100-SXM4-40GB MIG 4g.20gb (0),1,,13,cupy_copy__complex64_complex64
19287013652,35424,393218,1434,1,1,128,1,1,16,0.000,0.000,,,,,NVIDIA A100-SXM4-40GB MIG 4g.20gb (0),1,,13,cupy_copy__complex64_complex64
19287284849,260190,393223,1,1,1,32,32,1,30,0.000,0.000,,,,,NVIDIA A100-SXM4-40GB MIG 4g.20gb (0),1,,13,"void convert_kernel<__half2, float2>(tensor_layout_any, T1 *, tensor_layout_any, const T2 *)"
19287574702,6208,393226,,,,,,,,,,0.094,15092.739,Pinned,Device,NVIDIA A100-SXM4-40GB MIG 4g.20gb (0),1,,13,[CUDA memcpy Host-to-Device]
19287910314,621465,393227,,,,,,,,,,456.561,734607.357,Device,,NVIDIA A100-SXM4-40GB MIG 4g.20gb (0),1,,13,[CUDA memset]
19288537667,51424,393232,,,,,,,,,,1.235,24014.721,Pinned,Device,NVIDIA A100-SXM4-40GB MIG 4g.20gb (0),1,,13,[CUDA memcpy Host-to-Device]
19288591779,10080,393233,,,,,,,,,,0.197,19504.693,Pinned,Device,NVIDIA A100-SXM4-40GB MIG 4g.20gb (0),1,,13,[CUDA memcpy Host-to-Device]
19289084125,18016,393234,69,4,1,48,1,1,76,0.002,0.000,,,,,NVIDIA A100-SXM4-40GB MIG 4g.20gb (0),1,,13,"void ch_est::windowedChEstPreNoDftSOfdmKernel<float, __half, float, (unsigned int)2, (unsigned int)1, (unsigned short)4>(ch_est::puschRxChEstStatDescr_t *, ch_est::puschRxChEstDynDescr_t *)"
19289187068,14240,393235,137,2,1,24,2,1,44,0.001,0.001,,,,,NVIDIA A100-SXM4-40GB MIG 4g.20gb (0),1,,13,"void ch_est::chEstFilterNoDftSOfdmDispatchKernel<float, __half, float, (unsigned int)2>(ch_est::puschRxChEstStatDescr_t *, ch_est::puschRxChEstDynDescr_t *)"
19289260667,15360,393236,137,2,1,24,2,1,44,0.001,0.001,,,,,NVIDIA A100-SXM4-40GB MIG 4g.20gb (0),1,,13,"void ch_est::chEstFilterNoDftSOfdmDispatchKernel<float, __half, float, (unsigned int)2>(ch_est::puschRxChEstStatDescr_t *, ch_est::puschRxChEstDynDescr_t *)"
19289418170,9631,393247,103,1,1,128,1,1,16,0.000,0.000,,,,,NVIDIA A100-SXM4-40GB MIG 4g.20gb (0),1,,13,cupy_copy__complex64_complex64
19289507801,25727,393257,1434,1,1,128,1,1,16,0.000,0.000,,,,,NVIDIA A100-SXM4-40GB MIG 4g.20gb (0),1,,13,cupy_copy__complex64_complex64
19289680663,5440,393264,103,1,1,128,1,1,16,0.000,0.000,,,,,NVIDIA A100-SXM4-40GB MIG 4g.20gb (0),1,,13,cupy_copy__complex64_complex64
19289689367,282236,393271,1,1,1,32,32,1,30,0.000,0.000,,,,,NVIDIA A100-SXM4-40GB MIG 4g.20gb (0),1,,13,"void convert_kernel<__half2, float2>(tensor_layout_any, T1 *, tensor_layout_any, const T2 *)"
19290002451,6624,393274,,,,,,,,,,0.094,14144.910,Pinned,Device,NVIDIA A100-SXM4-40GB MIG 4g.20gb (0),1,,13,[CUDA memcpy Host-to-Device]
19290039475,50911,393275,,,,,,,,,,35.810,703378.449,Device,,NVIDIA A100-SXM4-40GB MIG 4g.20gb (0),1,,13,[CUDA memset]
19290095826,2080,393277,,,,,,,,,,0.000,38.462,Pinned,Device,NVIDIA A100-SXM4-40GB MIG 4g.20gb (0),1,,13,[CUDA memcpy Host-to-Device]
19290100306,9728,393278,,,,,,,,,,0.197,20210.516,Pinned,Device,NVIDIA A100-SXM4-40GB MIG 4g.20gb (0),1,,13,[CUDA memcpy Host-to-Device]
19290443438,17824,393279,273,1,1,48,1,1,40,0.000,0.001,,,,,NVIDIA A100-SXM4-40GB MIG 4g.20gb (0),1,,13,"void pusch_noise_intf_est::noiseIntfEstNoDftSOfdmKernel<float, __half, float, float, (unsigned int)2, (unsigned int)1, (unsigned char)4, (unsigned char)4>(pusch_noise_intf_est::puschRxNoiseIntfEstDynDescr)"
19290703051,9952,393290,35,1,1,128,1,1,16,0.000,0.000,,,,,NVIDIA A100-SXM4-40GB MIG 4g.20gb (0),1,,13,cupy_copy__complex64_complex64
19290798506,3072,393299,1,1,1,1,1,1,18,0.000,0.000,,,,,NVIDIA A100-SXM4-40GB MIG 4g.20gb (0),1,,13,cupy_copy__float32_float32
19290803626,1696,393305,,,,,,,,,,0.000,2.358,Device,Pageable,NVIDIA A100-SXM4-40GB MIG 4g.20gb (0),1,,7,[CUDA memcpy Device-to-Host]
19291150374,17248,393316,1434,1,1,128,1,1,16,0.000,0.000,,,,,NVIDIA A100-SXM4-40GB MIG 4g.20gb (0),1,,13,cupy_copy__complex64_complex64
19291416643,10688,393323,103,1,1,128,1,1,16,0.000,0.000,,,,,NVIDIA A100-SXM4-40GB MIG 4g.20gb (0),1,,13,cupy_copy__complex64_complex64
19291512866,4000,393330,35,1,1,128,1,1,16,0.000,0.000,,,,,NVIDIA A100-SXM4-40GB MIG 4g.20gb (0),1,,13,cupy_copy__complex64_complex64
19291768863,3616,393337,1,1,1,1,1,1,18,0.000,0.000,,,,,NVIDIA A100-SXM4-40GB MIG 4g.20gb (0),1,,13,cupy_copy__float32_float32
19291974397,285469,393348,1,1,1,32,32,1,30,0.000,0.000,,,,,NVIDIA A100-SXM4-40GB MIG 4g.20gb (0),1,,13,"void convert_kernel<__half2, float2>(tensor_layout_any, T1 *, tensor_layout_any, const T2 *)"
19292290201,6080,393351,,,,,,,,,,0.094,15410.462,Pinned,Device,NVIDIA A100-SXM4-40GB MIG 4g.20gb (0),1,,13,[CUDA memcpy Host-to-Device]
19292800404,13856,393352,,,,,,,,,,1.547,111619.854,Device,,NVIDIA A100-SXM4-40GB MIG 4g.20gb (0),1,,13,[CUDA memset]
19292815060,3328,393357,,,,,,,,,,0.031,9403.822,Pinned,Device,NVIDIA A100-SXM4-40GB MIG 4g.20gb (0),1,,13,[CUDA memcpy Host-to-Device]
19292821268,9823,393358,,,,,,,,,,0.197,20014.891,Pinned,Device,NVIDIA A100-SXM4-40GB MIG 4g.20gb (0),1,,13,[CUDA memcpy Host-to-Device]
19293369069,24416,393359,273,1,1,8,4,1,39,0.002,0.000,,,,,NVIDIA A100-SXM4-40GB MIG 4g.20gb (0),1,,13,"void channel_eq::eqMmseCoefCompLowMimoKernel<float, float, float, (unsigned int)4, (unsigned int)1, (unsigned int)4>(const channel_eq::_puschRxChEqStatDescr *, channel_eq::_puschRxChEqCoefCompDynDescr)"
19293673130,24224,393360,273,1,1,12,11,1,51,0.002,0.000,,,,,NVIDIA A100-SXM4-40GB MIG 4g.20gb (0),1,,13,"void channel_eq::eqMmseSoftDemapKernel<float, __half, __half, float, (unsigned int)4, (unsigned short)16383>(channel_eq::_puschRxChEqStatDescr *, channel_eq::_puschRxChEqSoftDemapDynDescr)"
19294243844,844214,393361,1,1,1,32,32,1,30,0.000,0.000,,,,,NVIDIA A100-SXM4-40GB MIG 4g.20gb (0),1,,13,"void convert_kernel<float2, __half2>(tensor_layout_any, T1 *, tensor_layout_any, const T2 *)"
19295198841,14784,393373,2253,1,1,128,1,1,16,0.000,0.000,,,,,NVIDIA A100-SXM4-40GB MIG 4g.20gb (0),1,,13,cupy_copy__float16_float16
19295267288,17984,393382,282,1,1,128,1,1,16,0.000,0.000,,,,,NVIDIA A100-SXM4-40GB MIG 4g.20gb (0),1,,13,cupy_copy__complex64_complex64
19295383543,3648,393391,26,1,1,128,1,1,16,0.000,0.000,,,,,NVIDIA A100-SXM4-40GB MIG 4g.20gb (0),1,,13,cupy_copy__float32_float32
19295439798,21376,393400,103,1,1,128,1,1,16,0.000,0.000,,,,,NVIDIA A100-SXM4-40GB MIG 4g.20gb (0),1,,13,cupy_copy__complex64_complex64
19295545909,16032,393410,1434,1,1,128,1,1,16,0.000,0.000,,,,,NVIDIA A100-SXM4-40GB MIG 4g.20gb (0),1,,13,cupy_copy__complex64_complex64
19295613620,342620,393415,1,1,1,32,32,1,30,0.000,0.000,,,,,NVIDIA A100-SXM4-40GB MIG 4g.20gb (0),1,,13,"void convert_kernel<__half2, float2>(tensor_layout_any, T1 *, tensor_layout_any, const T2 *)"
19295987376,6048,393418,,,,,,,,,,0.094,15491.978,Pinned,Device,NVIDIA A100-SXM4-40GB MIG 4g.20gb (0),1,,13,[CUDA memcpy Host-to-Device]
19296021808,615417,393419,,,,,,,,,,456.561,741455.779,Device,,NVIDIA A100-SXM4-40GB MIG 4g.20gb (0),1,,13,[CUDA memset]
19296643113,49919,393424,,,,,,,,,,1.235,24738.398,Pinned,Device,NVIDIA A100-SXM4-40GB MIG 4g.20gb (0),1,,13,[CUDA memcpy Host-to-Device]
19296695464,9504,393425,,,,,,,,,,0.197,20686.701,Pinned,Device,NVIDIA A100-SXM4-40GB MIG 4g.20gb (0),1,,13,[CUDA memcpy Host-to-Device]
19296801639,27424,393426,69,4,1,48,1,1,76,0.002,0.000,,,,,NVIDIA A100-SXM4-40GB MIG 4g.20gb (0),1,,13,"void ch_est::windowedChEstPreNoDftSOfdmKernel<float, __half, float, (unsigned int)2, (unsigned int)1, (unsigned short)4>(ch_est::puschRxChEstStatDescr_t *, ch_est::puschRxChEstDynDescr_t *)"
19296831463,7296,393427,137,2,1,24,2,1,44,0.001,0.001,,,,,NVIDIA A100-SXM4-40GB MIG 4g.20gb (0),1,,13,"void ch_est::chEstFilterNoDftSOfdmDispatchKernel<float, __half, float, (unsigned int)2>(ch_est::puschRxChEstStatDescr_t *, ch_est::puschRxChEstDynDescr_t *)"
19296840263,4896,393428,137,2,1,24,2,1,44,0.001,0.001,,,,,NVIDIA A100-SXM4-40GB MIG 4g.20gb (0),1,,13,"void ch_est::chEstFilterNoDftSOfdmDispatchKernel<float, __half, float, (unsigned int)2>(ch_est::puschRxChEstStatDescr_t *, ch_est::puschRxChEstDynDescr_t *)"
19296846983,2560,393439,103,1,1,128,1,1,16,0.000,0.000,,,,,NVIDIA A100-SXM4-40GB MIG 4g.20gb (0),1,,13,cupy_copy__complex64_complex64
19296851046,12416,393449,1434,1,1,128,1,1,16,0.000,0.000,,,,,NVIDIA A100-SXM4-40GB MIG 4g.20gb (0),1,,13,cupy_copy__complex64_complex64
19296865318,2528,393456,103,1,1,128,1,1,16,0.000,0.000,,,,,NVIDIA A100-SXM4-40GB MIG 4g.20gb (0),1,,13,cupy_copy__complex64_complex64
19296869094,80447,393463,1,1,1,32,32,1,30,0.000,0.000,,,,,NVIDIA A100-SXM4-40GB MIG 4g.20gb (0),1,,13,"void convert_kernel<__half2, float2>(tensor_layout_any, T1 *, tensor_layout_any, const T2 *)"
19296977733,5376,393466,,,,,,,,,,0.094,17428.487,Pinned,Device,NVIDIA A100-SXM4-40GB MIG 4g.20gb (0),1,,13,[CUDA memcpy Host-to-Device]
19297061092,60159,393467,,,,,,,,,,35.810,595232.490,Device,,NVIDIA A100-SXM4-40GB MIG 4g.20gb (0),1,,13,[CUDA memset]
19297124483,2496,393469,,,,,,,,,,0.000,32.051,Pinned,Device,NVIDIA A100-SXM4-40GB MIG 4g.20gb (0),1,,13,[CUDA memcpy Host-to-Device]
19297129795,9600,393470,,,,,,,,,,0.197,20479.869,Pinned,Device,NVIDIA A100-SXM4-40GB MIG 4g.20gb (0),1,,13,[CUDA memcpy Host-to-Device]
19297284802,31359,393471,273,1,1,48,1,1,40,0.000,0.001,,,,,NVIDIA A100-SXM4-40GB MIG 4g.20gb (0),1,,13,"void pusch_noise_intf_est::noiseIntfEstNoDftSOfdmKernel<float, __half, float, float, (unsigned int)2, (unsigned int)1, (unsigned char)4, (unsigned char)4>(pusch_noise_intf_est::puschRxNoiseIntfEstDynDescr)"
19297317857,3232,393482,35,1,1,128,1,1,16,0.000,0.000,,,,,NVIDIA A100-SXM4-40GB MIG 4g.20gb (0),1,,13,cupy_copy__complex64_complex64
19297485151,3872,393491,1,1,1,1,1,1,18,0.000,0.000,,,,,NVIDIA A100-SXM4-40GB MIG 4g.20gb (0),1,,13,cupy_copy__float32_float32
19297497023,1600,393497,,,,,,,,,,0.000,2.500,Device,Pageable,NVIDIA A100-SXM4-40GB MIG 4g.20gb (0),1,,7,[CUDA memcpy Device-to-Host]
19297684381,23296,393508,1434,1,1,128,1,1,16,0.000,0.000,,,,,NVIDIA A100-SXM4-40GB MIG 4g.20gb (0),1,,13,cupy_copy__complex64_complex64
19297758300,6976,393515,103,1,1,128,1,1,16,0.000,0.000,,,,,NVIDIA A100-SXM4-40GB MIG 4g.20gb (0),1,,13,cupy_copy__complex64_complex64
19298134968,4160,393522,35,1,1,128,1,1,16,0.000,0.000,,,,,NVIDIA A100-SXM4-40GB MIG 4g.20gb (0),1,,13,cupy_copy__complex64_complex64
19298641778,6240,393529,1,1,1,1,1,1,18,0.000,0.000,,,,,NVIDIA A100-SXM4-40GB MIG 4g.20gb (0),1,,13,cupy_copy__float32_float32
19299017230,300157,393540,1,1,1,32,32,1,30,0.000,0.000,,,,,NVIDIA A100-SXM4-40GB MIG 4g.20gb (0),1,,13,"void convert_kernel<__half2, float2>(tensor_layout_any, T1 *, tensor_layout_any, const T2 *)"
19299347755,5504,393543,,,,,,,,,,0.094,17023.251,Pinned,Device,NVIDIA A100-SXM4-40GB MIG 4g.20gb (0),1,,13,[CUDA memcpy Host-to-Device]
19299658343,4608,393544,,,,,,,,,,1.547,335637.514,Device,,NVIDIA A100-SXM4-40GB MIG 4g.20gb (0),1,,13,[CUDA memset]
19299673543,3232,393549,,,,,,,,,,0.031,9683.139,Pinned,Device,NVIDIA A100-SXM4-40GB MIG 4g.20gb (0),1,,13,[CUDA memcpy Host-to-Device]
19299683175,12608,393550,,,,,,,,,,0.197,15593.767,Pinned,Device,NVIDIA A100-SXM4-40GB MIG 4g.20gb (0),1,,13,[CUDA memcpy Host-to-Device]
19299927844,14624,393551,273,1,1,8,4,1,39,0.002,0.000,,,,,NVIDIA A100-SXM4-40GB MIG 4g.20gb (0),1,,13,"void channel_eq::eqMmseCoefCompLowMimoKernel<float, float, float, (unsigned int)4, (unsigned int)1, (unsigned int)4>(const channel_eq::_puschRxChEqStatDescr *, channel_eq::_puschRxChEqCoefCompDynDescr)"
19300191201,12160,393552,273,1,1,12,11,1,51,0.002,0.000,,,,,NVIDIA A100-SXM4-40GB MIG 4g.20gb (0),1,,13,"void channel_eq::eqMmseSoftDemapKernel<float, __half, __half, float, (unsigned int)4, (unsigned short)16383>(channel_eq::_puschRxChEqStatDescr *, channel_eq::_puschRxChEqSoftDemapDynDescr)"
19300455870,803671,393553,1,1,1,32,32,1,30,0.000,0.000,,,,,NVIDIA A100-SXM4-40GB MIG 4g.20gb (0),1,,13,"void convert_kernel<float2, __half2>(tensor_layout_any, T1 *, tensor_layout_any, const T2 *)"
19301609681,15424,393565,2253,1,1,128,1,1,16,0.000,0.000,,,,,NVIDIA A100-SXM4-40GB MIG 4g.20gb (0),1,,13,cupy_copy__float16_float16
19301820687,11552,393574,282,1,1,128,1,1,16,0.000,0.000,,,,,NVIDIA A100-SXM4-40GB MIG 4g.20gb (0),1,,13,cupy_copy__complex64_complex64
19301936878,5120,393583,26,1,1,128,1,1,16,0.000,0.000,,,,,NVIDIA A100-SXM4-40GB MIG 4g.20gb (0),1,,13,cupy_copy__float32_float32
19302273994,7456,393592,103,1,1,128,1,1,16,0.000,0.000,,,,,NVIDIA A100-SXM4-40GB MIG 4g.20gb (0),1,,13,cupy_copy__complex64_complex64
19302479656,20991,393602,1434,1,1,128,1,1,16,0.000,0.000,,,,,NVIDIA A100-SXM4-40GB MIG 4g.20gb (0),1,,13,cupy_copy__complex64_complex64
19302626502,280829,393607,1,1,1,32,32,1,30,0.000,0.000,,,,,NVIDIA A100-SXM4-40GB MIG 4g.20gb (0),1,,13,"void convert_kernel<__half2, float2>(tensor_layout_any, T1 *, tensor_layout_any, const T2 *)"
19302937346,5408,393610,,,,,,,,,,0.094,17325.421,Pinned,Device,NVIDIA A100-SXM4-40GB MIG 4g.20gb (0),1,,13,[CUDA memcpy Host-to-Device]
19303057601,615129,393611,,,,,,,,,,456.561,741912.340,Device,,NVIDIA A100-SXM4-40GB MIG 4g.20gb (0),1,,13,[CUDA memset]
19303680378,51040,393616,,,,,,,,,,1.235,24195.023,Pinned,Device,NVIDIA A100-SXM4-40GB MIG 4g.20gb (0),1,,13,[CUDA memcpy Host-to-Device]
19303733882,10367,393617,,,,,,,,,,0.197,18964.611,Pinned,Device,NVIDIA A100-SXM4-40GB MIG 4g.20gb (0),1,,13,[CUDA memcpy Host-to-Device]
19303931575,32288,393618,69,4,1,48,1,1,76,0.002,0.000,,,,,NVIDIA A100-SXM4-40GB MIG 4g.20gb (0),1,,13,"void ch_est::windowedChEstPreNoDftSOfdmKernel<float, __half, float, (unsigned int)2, (unsigned int)1, (unsigned short)4>(ch_est::puschRxChEstStatDescr_t *, ch_est::puschRxChEstDynDescr_t *)"
19304313491,10656,393619,137,2,1,24,2,1,44,0.001,0.001,,,,,NVIDIA A100-SXM4-40GB MIG 4g.20gb (0),1,,13,"void ch_est::chEstFilterNoDftSOfdmDispatchKernel<float, __half, float, (unsigned int)2>(ch_est::puschRxChEstStatDescr_t *, ch_est::puschRxChEstDynDescr_t *)"
19304621232,22559,393620,137,2,1,24,2,1,44,0.001,0.001,,,,,NVIDIA A100-SXM4-40GB MIG 4g.20gb (0),1,,13,"void ch_est::chEstFilterNoDftSOfdmDispatchKernel<float, __half, float, (unsigned int)2>(ch_est::puschRxChEstStatDescr_t *, ch_est::puschRxChEstDynDescr_t *)"
19305046731,7712,393631,103,1,1,128,1,1,16,0.000,0.000,,,,,NVIDIA A100-SXM4-40GB MIG 4g.20gb (0),1,,13,cupy_copy__complex64_complex64
19305252201,20223,393641,1434,1,1,128,1,1,16,0.000,0.000,,,,,NVIDIA A100-SXM4-40GB MIG 4g.20gb (0),1,,13,cupy_copy__complex64_complex64
19305483846,7648,393648,103,1,1,128,1,1,16,0.000,0.000,,,,,NVIDIA A100-SXM4-40GB MIG 4g.20gb (0),1,,13,cupy_copy__complex64_complex64
19305734915,330268,393655,1,1,1,32,32,1,30,0.000,0.000,,,,,NVIDIA A100-SXM4-40GB MIG 4g.20gb (0),1,,13,"void convert_kernel<__half2, float2>(tensor_layout_any, T1 *, tensor_layout_any, const T2 *)"
19306103935,6144,393658,,,,,,,,,,0.094,15249.961,Pinned,Device,NVIDIA A100-SXM4-40GB MIG 4g.20gb (0),1,,13,[CUDA memcpy Host-to-Device]
19306351772,57376,393659,,,,,,,,,,35.810,624095.286,Device,,NVIDIA A100-SXM4-40GB MIG 4g.20gb (0),1,,13,[CUDA memset]
19306419004,2848,393661,,,,,,,,,,0.000,28.090,Pinned,Device,NVIDIA A100-SXM4-40GB MIG 4g.20gb (0),1,,13,[CUDA memcpy Host-to-Device]
19306424443,9632,393662,,,,,,,,,,0.197,20411.843,Pinned,Device,NVIDIA A100-SXM4-40GB MIG 4g.20gb (0),1,,13,[CUDA memcpy Host-to-Device]
19306596730,47967,393663,273,1,1,48,1,1,40,0.000,0.001,,,,,NVIDIA A100-SXM4-40GB MIG 4g.20gb (0),1,,13,"void pusch_noise_intf_est::noiseIntfEstNoDftSOfdmKernel<float, __half, float, float, (unsigned int)2, (unsigned int)1, (unsigned char)4, (unsigned char)4>(pusch_noise_intf_est::puschRxNoiseIntfEstDynDescr)"
19306863383,6336,393674,35,1,1,128,1,1,16,0.000,0.000,,,,,NVIDIA A100-SXM4-40GB MIG 4g.20gb (0),1,,13,cupy_copy__complex64_complex64
19307067988,3648,393683,1,1,1,1,1,1,18,0.000,0.000,,,,,NVIDIA A100-SXM4-40GB MIG 4g.20gb (0),1,,13,cupy_copy__float32_float32
19307081396,2112,393689,,,,,,,,,,0.000,1.894,Device,Pageable,NVIDIA A100-SXM4-40GB MIG 4g.20gb (0),1,,7,[CUDA memcpy Device-to-Host]
19307248242,34016,393700,1434,1,1,128,1,1,16,0.000,0.000,,,,,NVIDIA A100-SXM4-40GB MIG 4g.20gb (0),1,,13,cupy_copy__complex64_complex64
19307283666,3456,393707,103,1,1,128,1,1,16,0.000,0.000,,,,,NVIDIA A100-SXM4-40GB MIG 4g.20gb (0),1,,13,cupy_copy__complex64_complex64
19307288850,2464,393714,35,1,1,128,1,1,16,0.000,0.000,,,,,NVIDIA A100-SXM4-40GB MIG 4g.20gb (0),1,,13,cupy_copy__complex64_complex64
19307292882,2048,393721,1,1,1,1,1,1,18,0.000,0.000,,,,,NVIDIA A100-SXM4-40GB MIG 4g.20gb (0),1,,13,cupy_copy__float32_float32
19307397169,328636,393732,1,1,1,32,32,1,30,0.000,0.000,,,,,NVIDIA A100-SXM4-40GB MIG 4g.20gb (0),1,,13,"void convert_kernel<__half2, float2>(tensor_layout_any, T1 *, tensor_layout_any, const T2 *)"
19307755149,5568,393735,,,,,,,,,,0.094,16827.521,Pinned,Device,NVIDIA A100-SXM4-40GB MIG 4g.20gb (0),1,,13,[CUDA memcpy Host-to-Device]
19307772620,8224,393736,,,,,,,,,,1.547,188061.745,Device,,NVIDIA A100-SXM4-40GB MIG 4g.20gb (0),1,,13,[CUDA memset]
19307787276,3648,393741,,,,,,,,,,0.031,8578.922,Pinned,Device,NVIDIA A100-SXM4-40GB MIG 4g.20gb (0),1,,13,[CUDA memcpy Host-to-Device]
19307793452,10016,393742,,,,,,,,,,0.197,19629.343,Pinned,Device,NVIDIA A100-SXM4-40GB MIG 4g.20gb (0),1,,13,[CUDA memcpy Host-to-Device]
19307860939,20128,393743,273,1,1,8,4,1,39,0.002,0.000,,,,,NVIDIA A100-SXM4-40GB MIG 4g.20gb (0),1,,13,"void channel_eq::eqMmseCoefCompLowMimoKernel<float, float, float, (unsigned int)4, (unsigned int)1, (unsigned int)4>(const channel_eq::_puschRxChEqStatDescr *, channel_eq::_puschRxChEqCoefCompDynDescr)"
19307882923,10560,393744,273,1,1,12,11,1,51,0.002,0.000,,,,,NVIDIA A100-SXM4-40GB MIG 4g.20gb (0),1,,13,"void channel_eq::eqMmseSoftDemapKernel<float, __half, __half, float, (unsigned int)4, (unsigned short)16383>(channel_eq::_puschRxChEqStatDescr *, channel_eq::_puschRxChEqSoftDemapDynDescr)"
19307951690,901462,393745,1,1,1,32,32,1,30,0.000,0.000,,,,,NVIDIA A100-SXM4-40GB MIG 4g.20gb (0),1,,13,"void convert_kernel<float2, __half2>(tensor_layout_any, T1 *, tensor_layout_any, const T2 *)"
19308883808,34432,393757,2253,1,1,128,1,1,16,0.000,0.000,,,,,NVIDIA A100-SXM4-40GB MIG 4g.20gb (0),1,,13,cupy_copy__float16_float16
19309032094,12448,393766,282,1,1,128,1,1,16,0.000,0.000,,,,,NVIDIA A100-SXM4-40GB MIG 4g.20gb (0),1,,13,cupy_copy__complex64_complex64
19309113821,3328,393775,26,1,1,128,1,1,16,0.000,0.000,,,,,NVIDIA A100-SXM4-40GB MIG 4g.20gb (0),1,,13,cupy_copy__float32_float32
19309311867,4864,393784,103,1,1,128,1,1,16,0.000,0.000,,,,,NVIDIA A100-SXM4-40GB MIG 4g.20gb (0),1,,13,cupy_copy__complex64_complex64
19309616472,17952,393794,1434,1,1,128,1,1,16,0.000,0.000,,,,,NVIDIA A100-SXM4-40GB MIG 4g.20gb (0),1,,13,cupy_copy__complex64_complex64
19309866453,354012,393799,1,1,1,32,32,1,30,0.000,0.000,,,,,NVIDIA A100-SXM4-40GB MIG 4g.20gb (0),1,,13,"void convert_kernel<__half2, float2>(tensor_layout_any, T1 *, tensor_layout_any, const T2 *)"
19310254129,9472,393802,,,,,,,,,,0.094,9891.862,Pinned,Device,NVIDIA A100-SXM4-40GB MIG 4g.20gb (0),1,,13,[CUDA memcpy Host-to-Device]
19310490958,605401,393803,,,,,,,,,,456.561,753782.937,Device,,NVIDIA A100-SXM4-40GB MIG 4g.20gb (0),1,,13,[CUDA memset]
19311098759,245181,393808,,,,,,,,,,1.235,5036.102,Pinned,Device,NVIDIA A100-SXM4-40GB MIG 4g.20gb (0),1,,13,[CUDA memcpy Host-to-Device]
19311347524,9696,393809,,,,,,,,,,0.197,20277.166,Pinned,Device,NVIDIA A100-SXM4-40GB MIG 4g.20gb (0),1,,13,[CUDA memcpy Host-to-Device]
19311958846,24447,393810,69,4,1,48,1,1,76,0.002,0.000,,,,,NVIDIA A100-SXM4-40GB MIG 4g.20gb (0),1,,13,"void ch_est::windowedChEstPreNoDftSOfdmKernel<float, __half, float, (unsigned int)2, (unsigned int)1, (unsigned short)4>(ch_est::puschRxChEstStatDescr_t *, ch_est::puschRxChEstDynDescr_t *)"
19312267386,14304,393811,137,2,1,24,2,1,44,0.001,0.001,,,,,NVIDIA A100-SXM4-40GB MIG 4g.20gb (0),1,,13,"void ch_est::chEstFilterNoDftSOfdmDispatchKernel<float, __half, float, (unsigned int)2>(ch_est::puschRxChEstStatDescr_t *, ch_est::puschRxChEstDynDescr_t *)"
19312847156,12384,393812,137,2,1,24,2,1,44,0.001,0.001,,,,,NVIDIA A100-SXM4-40GB MIG 4g.20gb (0),1,,13,"void ch_est::chEstFilterNoDftSOfdmDispatchKernel<float, __half, float, (unsigned int)2>(ch_est::puschRxChEstStatDescr_t *, ch_est::puschRxChEstDynDescr_t *)"
19313324622,4128,393823,103,1,1,128,1,1,16,0.000,0.000,,,,,NVIDIA A100-SXM4-40GB MIG 4g.20gb (0),1,,13,cupy_copy__complex64_complex64
19313756234,24767,393833,1434,1,1,128,1,1,16,0.000,0.000,,,,,NVIDIA A100-SXM4-40GB MIG 4g.20gb (0),1,,13,cupy_copy__complex64_complex64
19313977639,5920,393840,103,1,1,128,1,1,16,0.000,0.000,,,,,NVIDIA A100-SXM4-40GB MIG 4g.20gb (0),1,,13,cupy_copy__complex64_complex64
19314453922,304220,393847,1,1,1,32,32,1,30,0.000,0.000,,,,,NVIDIA A100-SXM4-40GB MIG 4g.20gb (0),1,,13,"void convert_kernel<__half2, float2>(tensor_layout_any, T1 *, tensor_layout_any, const T2 *)"
19314788606,5408,393850,,,,,,,,,,0.094,17325.421,Pinned,Device,NVIDIA A100-SXM4-40GB MIG 4g.20gb (0),1,,13,[CUDA memcpy Host-to-Device]
19314961500,52095,393851,,,,,,,,,,35.810,687371.414,Device,,NVIDIA A100-SXM4-40GB MIG 4g.20gb (0),1,,13,[CUDA memset]
19315019707,2080,393853,,,,,,,,,,0.000,38.462,Pinned,Device,NVIDIA A100-SXM4-40GB MIG 4g.20gb (0),1,,13,[CUDA memcpy Host-to-Device]
19315024315,9536,393854,,,,,,,,,,0.197,20617.298,Pinned,Device,NVIDIA A100-SXM4-40GB MIG 4g.20gb (0),1,,13,[CUDA memcpy Host-to-Device]
19315359288,24671,393855,273,1,1,48,1,1,40,0.000,0.001,,,,,NVIDIA A100-SXM4-40GB MIG 4g.20gb (0),1,,13,"void pusch_noise_intf_est::noiseIntfEstNoDftSOfdmKernel<float, __half, float, float, (unsigned int)2, (unsigned int)1, (unsigned char)4, (unsigned char)4>(pusch_noise_intf_est::puschRxNoiseIntfEstDynDescr)"
19315488918,7808,393866,35,1,1,128,1,1,16,0.000,0.000,,,,,NVIDIA A100-SXM4-40GB MIG 4g.20gb (0),1,,13,cupy_copy__complex64_complex64
19315832402,5312,393875,1,1,1,1,1,1,18,0.000,0.000,,,,,NVIDIA A100-SXM4-40GB MIG 4g.20gb (0),1,,13,cupy_copy__float32_float32
19315840594,1888,393881,,,,,,,,,,0.000,2.119,Device,Pageable,NVIDIA A100-SXM4-40GB MIG 4g.20gb (0),1,,7,[CUDA memcpy Device-to-Host]
19316300141,25472,393892,1434,1,1,128,1,1,16,0.000,0.000,,,,,NVIDIA A100-SXM4-40GB MIG 4g.20gb (0),1,,13,cupy_copy__complex64_complex64
19316327693,5408,393899,103,1,1,128,1,1,16,0.000,0.000,,,,,NVIDIA A100-SXM4-40GB MIG 4g.20gb (0),1,,13,cupy_copy__complex64_complex64
19316334413,2688,393906,35,1,1,128,1,1,16,0.000,0.000,,,,,NVIDIA A100-SXM4-40GB MIG 4g.20gb (0),1,,13,cupy_copy__complex64_complex64
19316668553,5920,393913,1,1,1,1,1,1,18,0.000,0.000,,,,,NVIDIA A100-SXM4-40GB MIG 4g.20gb (0),1,,13,cupy_copy__float32_float32
19316728328,378460,393924,1,1,1,32,32,1,30,0.000,0.000,,,,,NVIDIA A100-SXM4-40GB MIG 4g.20gb (0),1,,13,"void convert_kernel<__half2, float2>(tensor_layout_any, T1 *, tensor_layout_any, const T2 *)"
19317139748,10016,393927,,,,,,,,,,0.094,9354.609,Pinned,Device,NVIDIA A100-SXM4-40GB MIG 4g.20gb (0),1,,13,[CUDA memcpy Host-to-Device]
19317245603,14719,393928,,,,,,,,,,1.547,105076.088,Device,,NVIDIA A100-SXM4-40GB MIG 4g.20gb (0),1,,13,[CUDA memset]
19317263490,4768,393933,,,,,,,,,,0.031,6563.741,Pinned,Device,NVIDIA A100-SXM4-40GB MIG 4g.20gb (0),1,,13,[CUDA memcpy Host-to-Device]
19317272290,12672,393934,,,,,,,,,,0.197,15515.124,Pinned,Device,NVIDIA A100-SXM4-40GB MIG 4g.20gb (0),1,,13,[CUDA memcpy Host-to-Device]
19317425793,25535,393935,273,1,1,8,4,1,39,0.002,0.000,,,,,NVIDIA A100-SXM4-40GB MIG 4g.20gb (0),1,,13,"void channel_eq::eqMmseCoefCompLowMimoKernel<float, float, float, (unsigned int)4, (unsigned int)1, (unsigned int)4>(const channel_eq::_puschRxChEqStatDescr *, channel_eq::_puschRxChEqCoefCompDynDescr)"
19317555391,9760,393936,273,1,1,12,11,1,51,0.002,0.000,,,,,NVIDIA A100-SXM4-40GB MIG 4g.20gb (0),1,,13,"void channel_eq::eqMmseSoftDemapKernel<float, __half, __half, float, (unsigned int)4, (unsigned short)16383>(channel_eq::_puschRxChEqStatDescr *, channel_eq::_puschRxChEqSoftDemapDynDescr)"
19317811324,689784,393937,1,1,1,32,32,1,30,0.000,0.000,,,,,NVIDIA A100-SXM4-40GB MIG 4g.20gb (0),1,,13,"void convert_kernel<float2, __half2>(tensor_layout_any, T1 *, tensor_layout_any, const T2 *)"
19319177005,23424,393949,2253,1,1,128,1,1,16,0.000,0.000,,,,,NVIDIA A100-SXM4-40GB MIG 4g.20gb (0),1,,13,cupy_copy__float16_float16
19319463466,5216,393958,282,1,1,128,1,1,16,0.000,0.000,,,,,NVIDIA A100-SXM4-40GB MIG 4g.20gb (0),1,,13,cupy_copy__complex64_complex64
19320203201,14336,393967,26,1,1,128,1,1,16,0.000,0.000,,,,,NVIDIA A100-SXM4-40GB MIG 4g.20gb (0),1,,13,cupy_copy__float32_float32
19320935705,4992,393976,103,1,1,128,1,1,16,0.000,0.000,,,,,NVIDIA A100-SXM4-40GB MIG 4g.20gb (0),1,,13,cupy_copy__complex64_complex64
19321591506,17408,393986,1434,1,1,128,1,1,16,0.000,0.000,,,,,NVIDIA A100-SXM4-40GB MIG 4g.20gb (0),1,,13,cupy_copy__complex64_complex64
19322138988,237565,393991,1,1,1,32,32,1,30,0.000,0.000,,,,,NVIDIA A100-SXM4-40GB MIG 4g.20gb (0),1,,13,"void convert_kernel<__half2, float2>(tensor_layout_any, T1 *, tensor_layout_any, const T2 *)"
19322407241,5600,393994,,,,,,,,,,0.094,16731.388,Pinned,Device,NVIDIA A100-SXM4-40GB MIG 4g.20gb (0),1,,13,[CUDA memcpy Host-to-Device]
19322852932,609849,393995,,,,,,,,,,456.561,748304.200,Device,,NVIDIA A100-SXM4-40GB MIG 4g.20gb (0),1,,13,[CUDA memset]
19323472125,50431,394000,,,,,,,,,,1.235,24487.705,Pinned,Device,NVIDIA A100-SXM4-40GB MIG 4g.20gb (0),1,,13,[CUDA memcpy Host-to-Device]
19323525276,9856,394001,,,,,,,,,,0.197,19948.044,Pinned,Device,NVIDIA A100-SXM4-40GB MIG 4g.20gb (0),1,,13,[CUDA memcpy Host-to-Device]
19324200277,24000,394002,69,4,1,48,1,1,76,0.002,0.000,,,,,NVIDIA A100-SXM4-40GB MIG 4g.20gb (0),1,,13,"void ch_est::windowedChEstPreNoDftSOfdmKernel<float, __half, float, (unsigned int)2, (unsigned int)1, (unsigned short)4>(ch_est::puschRxChEstStatDescr_t *, ch_est::puschRxChEstDynDescr_t *)"
19324408850,12288,394003,137,2,1,24,2,1,44,0.001,0.001,,,,,NVIDIA A100-SXM4-40GB MIG 4g.20gb (0),1,,13,"void ch_est::chEstFilterNoDftSOfdmDispatchKernel<float, __half, float, (unsigned int)2>(ch_est::puschRxChEstStatDescr_t *, ch_est::puschRxChEstDynDescr_t *)"
19324957964,20000,394004,137,2,1,24,2,1,44,0.001,0.001,,,,,NVIDIA A100-SXM4-40GB MIG 4g.20gb (0),1,,13,"void ch_est::chEstFilterNoDftSOfdmDispatchKernel<float, __half, float, (unsigned int)2>(ch_est::puschRxChEstStatDescr_t *, ch_est::puschRxChEstDynDescr_t *)"
19325281161,5440,394015,103,1,1,128,1,1,16,0.000,0.000,,,,,NVIDIA A100-SXM4-40GB MIG 4g.20gb (0),1,,13,cupy_copy__complex64_complex64
19326006017,16703,394025,1434,1,1,128,1,1,16,0.000,0.000,,,,,NVIDIA A100-SXM4-40GB MIG 4g.20gb (0),1,,13,cupy_copy__complex64_complex64
19326024512,4672,394032,103,1,1,128,1,1,16,0.000,0.000,,,,,NVIDIA A100-SXM4-40GB MIG 4g.20gb (0),1,,13,cupy_copy__complex64_complex64
19326330109,288221,394039,1,1,1,32,32,1,30,0.000,0.000,,,,,NVIDIA A100-SXM4-40GB MIG 4g.20gb (0),1,,13,"void convert_kernel<__half2, float2>(tensor_layout_any, T1 *, tensor_layout_any, const T2 *)"
19326651961,7680,394042,,,,,,,,,,0.094,12199.969,Pinned,Device,NVIDIA A100-SXM4-40GB MIG 4g.20gb (0),1,,13,[CUDA memcpy Host-to-Device]
19326998613,49152,394043,,,,,,,,,,35.810,728552.822,Device,,NVIDIA A100-SXM4-40GB MIG 4g.20gb (0),1,,13,[CUDA memset]
19327055381,2528,394045,,,,,,,,,,0.000,31.646,Pinned,Device,NVIDIA A100-SXM4-40GB MIG 4g.20gb (0),1,,13,[CUDA memcpy Host-to-Device]
19327060725,10880,394046,,,,,,,,,,0.197,18070.438,Pinned,Device,NVIDIA A100-SXM4-40GB MIG 4g.20gb (0),1,,13,[CUDA memcpy Host-to-Device]
19327476176,13664,394047,273,1,1,48,1,1,40,0.000,0.001,,,,,NVIDIA A100-SXM4-40GB MIG 4g.20gb (0),1,,13,"void pusch_noise_intf_est::noiseIntfEstNoDftSOfdmKernel<float, __half, float, float, (unsigned int)2, (unsigned int)1, (unsigned char)4, (unsigned char)4>(pusch_noise_intf_est::puschRxNoiseIntfEstDynDescr)"
19327975819,4384,394058,35,1,1,128,1,1,16,0.000,0.000,,,,,NVIDIA A100-SXM4-40GB MIG 4g.20gb (0),1,,13,cupy_copy__complex64_complex64
19328596708,2976,394067,1,1,1,1,1,1,18,0.000,0.000,,,,,NVIDIA A100-SXM4-40GB MIG 4g.20gb (0),1,,13,cupy_copy__float32_float32
19328607236,1567,394073,,,,,,,,,,0.000,2.553,Device,Pageable,NVIDIA A100-SXM4-40GB MIG 4g.20gb (0),1,,7,[CUDA memcpy Device-to-Host]
19329012575,18912,394084,1434,1,1,128,1,1,16,0.000,0.000,,,,,NVIDIA A100-SXM4-40GB MIG 4g.20gb (0),1,,13,cupy_copy__complex64_complex64
19329314204,6720,394091,103,1,1,128,1,1,16,0.000,0.000,,,,,NVIDIA A100-SXM4-40GB MIG 4g.20gb (0),1,,13,cupy_copy__complex64_complex64
19329623224,5312,394098,35,1,1,128,1,1,16,0.000,0.000,,,,,NVIDIA A100-SXM4-40GB MIG 4g.20gb (0),1,,13,cupy_copy__complex64_complex64
19329852534,3488,394105,1,1,1,1,1,1,18,0.000,0.000,,,,,NVIDIA A100-SXM4-40GB MIG 4g.20gb (0),1,,13,cupy_copy__float32_float32
19330145938,262493,394116,1,1,1,32,32,1,30,0.000,0.000,,,,,NVIDIA A100-SXM4-40GB MIG 4g.20gb (0),1,,13,"void convert_kernel<__half2, float2>(tensor_layout_any, T1 *, tensor_layout_any, const T2 *)"
19330438607,5696,394119,,,,,,,,,,0.094,16449.363,Pinned,Device,NVIDIA A100-SXM4-40GB MIG 4g.20gb (0),1,,13,[CUDA memcpy Host-to-Device]
19330676716,4768,394120,,,,,,,,,,1.547,324374.998,Device,,NVIDIA A100-SXM4-40GB MIG 4g.20gb (0),1,,13,[CUDA memset]
19330688076,4128,394125,,,,,,,,,,0.031,7581.393,Pinned,Device,NVIDIA A100-SXM4-40GB MIG 4g.20gb (0),1,,13,[CUDA memcpy Host-to-Device]
19330694700,9760,394126,,,,,,,,,,0.197,20144.259,Pinned,Device,NVIDIA A100-SXM4-40GB MIG 4g.20gb (0),1,,13,[CUDA memcpy Host-to-Device]
19331160007,16960,394127,273,1,1,8,4,1,39,0.002,0.000,,,,,NVIDIA A100-SXM4-40GB MIG 4g.20gb (0),1,,13,"void channel_eq::eqMmseCoefCompLowMimoKernel<float, float, float, (unsigned int)4, (unsigned int)1, (unsigned int)4>(const channel_eq::_puschRxChEqStatDescr *, channel_eq::_puschRxChEqCoefCompDynDescr)"
19331687553,16544,394128,273,1,1,12,11,1,51,0.002,0.000,,,,,NVIDIA A100-SXM4-40GB MIG 4g.20gb (0),1,,13,"void channel_eq::eqMmseSoftDemapKernel<float, __half, __half, float, (unsigned int)4, (unsigned short)16383>(channel_eq::_puschRxChEqStatDescr *, channel_eq::_puschRxChEqSoftDemapDynDescr)"
19332116700,697656,394129,1,1,1,32,32,1,30,0.000,0.000,,,,,NVIDIA A100-SXM4-40GB MIG 4g.20gb (0),1,,13,"void convert_kernel<float2, __half2>(tensor_layout_any, T1 *, tensor_layout_any, const T2 *)"
19332968467,13024,394141,2253,1,1,128,1,1,16,0.000,0.000,,,,,NVIDIA A100-SXM4-40GB MIG 4g.20gb (0),1,,13,cupy_copy__float16_float16
19333196720,4384,394150,282,1,1,128,1,1,16,0.000,0.000,,,,,NVIDIA A100-SXM4-40GB MIG 4g.20gb (0),1,,13,cupy_copy__complex64_complex64
19333202928,2880,394159,26,1,1,128,1,1,16,0.000,0.000,,,,,NVIDIA A100-SXM4-40GB MIG 4g.20gb (0),1,,13,cupy_copy__float32_float32
19333419470,4256,394168,103,1,1,128,1,1,16,0.000,0.000,,,,,NVIDIA A100-SXM4-40GB MIG 4g.20gb (0),1,,13,cupy_copy__complex64_complex64
19333426542,13375,394178,1434,1,1,128,1,1,16,0.000,0.000,,,,,NVIDIA A100-SXM4-40GB MIG 4g.20gb (0),1,,13,cupy_copy__complex64_complex64
19333655851,335612,394183,1,1,1,32,32,1,30,0.000,0.000,,,,,NVIDIA A100-SXM4-40GB MIG 4g.20gb (0),1,,13,"void convert_kernel<__half2, float2>(tensor_layout_any, T1 *, tensor_layout_any, const T2 *)"
19334022023,5376,394186,,,,,,,,,,0.094,17428.487,Pinned,Device,NVIDIA A100-SXM4-40GB MIG 4g.20gb (0),1,,13,[CUDA memcpy Host-to-Device]
19334420963,604601,394187,,,,,,,,,,456.561,754696.060,Device,,NVIDIA A100-SXM4-40GB MIG 4g.20gb (0),1,,13,[CUDA memset]
19335031900,49663,394192,,,,,,,,,,1.235,24865.597,Pinned,Device,NVIDIA A100-SXM4-40GB MIG 4g.20gb (0),1,,13,[CUDA memcpy Host-to-Device]
19335084411,10016,394193,,,,,,,,,,0.197,19629.343,Pinned,Device,NVIDIA A100-SXM4-40GB MIG 4g.20gb (0),1,,13,[CUDA memcpy Host-to-Device]
19335693332,12032,394194,69,4,1,48,1,1,76,0.002,0.000,,,,,NVIDIA A100-SXM4-40GB MIG 4g.20gb (0),1,,13,"void ch_est::windowedChEstPreNoDftSOfdmKernel<float, __half, float, (unsigned int)2, (unsigned int)1, (unsigned short)4>(ch_est::puschRxChEstStatDescr_t *, ch_est::puschRxChEstDynDescr_t *)"
19335707444,7104,394195,137,2,1,24,2,1,44,0.001,0.001,,,,,NVIDIA A100-SXM4-40GB MIG 4g.20gb (0),1,,13,"void ch_est::chEstFilterNoDftSOfdmDispatchKernel<float, __half, float, (unsigned int)2>(ch_est::puschRxChEstStatDescr_t *, ch_est::puschRxChEstDynDescr_t *)"
19335717044,4768,394196,137,2,1,24,2,1,44,0.001,0.001,,,,,NVIDIA A100-SXM4-40GB MIG 4g.20gb (0),1,,13,"void ch_est::chEstFilterNoDftSOfdmDispatchKernel<float, __half, float, (unsigned int)2>(ch_est::puschRxChEstStatDescr_t *, ch_est::puschRxChEstDynDescr_t *)"
19335723316,2592,394207,103,1,1,128,1,1,16,0.000,0.000,,,,,NVIDIA A100-SXM4-40GB MIG 4g.20gb (0),1,,13,cupy_copy__complex64_complex64
19335727700,12896,394217,1434,1,1,128,1,1,16,0.000,0.000,,,,,NVIDIA A100-SXM4-40GB MIG 4g.20gb (0),1,,13,cupy_copy__complex64_complex64
19335742260,2496,394224,103,1,1,128,1,1,16,0.000,0.000,,,,,NVIDIA A100-SXM4-40GB MIG 4g.20gb (0),1,,13,cupy_copy__complex64_complex64
19335747220,79807,394231,1,1,1,32,32,1,30,0.000,0.000,,,,,NVIDIA A100-SXM4-40GB MIG 4g.20gb (0),1,,13,"void convert_kernel<__half2, float2>(tensor_layout_any, T1 *, tensor_layout_any, const T2 *)"
19335865074,5568,394234,,,,,,,,,,0.094,16827.521,Pinned,Device,NVIDIA A100-SXM4-40GB MIG 4g.20gb (0),1,,13,[CUDA memcpy Host-to-Device]
19335877074,46080,394235,,,,,,,,,,35.810,777111.074,Device,,NVIDIA A100-SXM4-40GB MIG 4g.20gb (0),1,,13,[CUDA memset]
19335931922,2464,394237,,,,,,,,,,0.000,32.468,Pinned,Device,NVIDIA A100-SXM4-40GB MIG 4g.20gb (0),1,,13,[CUDA memcpy Host-to-Device]
19335937138,9471,394238,,,,,,,,,,0.197,20758.856,Pinned,Device,NVIDIA A100-SXM4-40GB MIG 4g.20gb (0),1,,13,[CUDA memcpy Host-to-Device]
19335951089,8544,394239,273,1,1,48,1,1,40,0.000,0.001,,,,,NVIDIA A100-SXM4-40GB MIG 4g.20gb (0),1,,13,"void pusch_noise_intf_est::noiseIntfEstNoDftSOfdmKernel<float, __half, float, float, (unsigned int)2, (unsigned int)1, (unsigned char)4, (unsigned char)4>(pusch_noise_intf_est::puschRxNoiseIntfEstDynDescr)"
19335961841,2944,394250,35,1,1,128,1,1,16,0.000,0.000,,,,,NVIDIA A100-SXM4-40GB MIG 4g.20gb (0),1,,13,cupy_copy__complex64_complex64
19335984657,1952,394259,1,1,1,1,1,1,18,0.000,0.000,,,,,NVIDIA A100-SXM4-40GB MIG 4g.20gb (0),1,,13,cupy_copy__float32_float32
19336020177,1568,394265,,,,,,,,,,0.000,2.551,Device,Pageable,NVIDIA A100-SXM4-40GB MIG 4g.20gb (0),1,,7,[CUDA memcpy Device-to-Host]
19336080464,13792,394276,1434,1,1,128,1,1,16,0.000,0.000,,,,,NVIDIA A100-SXM4-40GB MIG 4g.20gb (0),1,,13,cupy_copy__complex64_complex64
19336118896,2720,394283,103,1,1,128,1,1,16,0.000,0.000,,,,,NVIDIA A100-SXM4-40GB MIG 4g.20gb (0),1,,13,cupy_copy__complex64_complex64
19336140207,2176,394290,35,1,1,128,1,1,16,0.000,0.000,,,,,NVIDIA A100-SXM4-40GB MIG 4g.20gb (0),1,,13,cupy_copy__complex64_complex64
19336158447,1888,394297,1,1,1,1,1,1,18,0.000,0.000,,,,,NVIDIA A100-SXM4-40GB MIG 4g.20gb (0),1,,13,cupy_copy__float32_float32
19336301709,79968,394308,1,1,1,32,32,1,30,0.000,0.000,,,,,NVIDIA A100-SXM4-40GB MIG 4g.20gb (0),1,,13,"void convert_kernel<__half2, float2>(tensor_layout_any, T1 *, tensor_layout_any, const T2 *)"
19336410636,5408,394311,,,,,,,,,,0.094,17325.421,Pinned,Device,NVIDIA A100-SXM4-40GB MIG 4g.20gb (0),1,,13,[CUDA memcpy Host-to-Device]
19336425196,3232,394312,,,,,,,,,,1.547,478533.199,Device,,NVIDIA A100-SXM4-40GB MIG 4g.20gb (0),1,,13,[CUDA memset]
19336432972,3296,394317,,,,,,,,,,0.031,9495.144,Pinned,Device,NVIDIA A100-SXM4-40GB MIG 4g.20gb (0),1,,13,[CUDA memcpy Host-to-Device]
19336439724,9664,394318,,,,,,,,,,0.197,20344.209,Pinned,Device,NVIDIA A100-SXM4-40GB MIG 4g.20gb (0),1,,13,[CUDA memcpy Host-to-Device]
19336453740,5856,394319,273,1,1,8,4,1,39,0.002,0.000,,,,,NVIDIA A100-SXM4-40GB MIG 4g.20gb (0),1,,13,"void channel_eq::eqMmseCoefCompLowMimoKernel<float, float, float, (unsigned int)4, (unsigned int)1, (unsigned int)4>(const channel_eq::_puschRxChEqStatDescr *, channel_eq::_puschRxChEqCoefCompDynDescr)"
19336460940,5664,394320,273,1,1,12,11,1,51,0.002,0.000,,,,,NVIDIA A100-SXM4-40GB MIG 4g.20gb (0),1,,13,"void channel_eq::eqMmseSoftDemapKernel<float, __half, __half, float, (unsigned int)4, (unsigned short)16383>(channel_eq::_puschRxChEqStatDescr *, channel_eq::_puschRxChEqSoftDemapDynDescr)"
19336468364,282236,394321,1,1,1,32,32,1,30,0.000,0.000,,,,,NVIDIA A100-SXM4-40GB MIG 4g.20gb (0),1,,13,"void convert_kernel<float2, __half2>(tensor_layout_any, T1 *, tensor_layout_any, const T2 *)"
19336752456,10688,394333,2253,1,1,128,1,1,16,0.000,0.000,,,,,NVIDIA A100-SXM4-40GB MIG 4g.20gb (0),1,,13,cupy_copy__float16_float16
19336765352,2848,394342,282,1,1,128,1,1,16,0.000,0.000,,,,,NVIDIA A100-SXM4-40GB MIG 4g.20gb (0),1,,13,cupy_copy__complex64_complex64
19336770280,2080,394351,26,1,1,128,1,1,16,0.000,0.000,,,,,NVIDIA A100-SXM4-40GB MIG 4g.20gb (0),1,,13,cupy_copy__float32_float32
19336774280,2880,394360,103,1,1,128,1,1,16,0.000,0.000,,,,,NVIDIA A100-SXM4-40GB MIG 4g.20gb (0),1,,13,cupy_copy__complex64_complex64
19336837576,11615,394376,1434,1,1,128,1,1,16,0.000,0.000,,,,,NVIDIA A100-SXM4-40GB MIG 4g.20gb (0),1,,13,cupy_copy__complex64_complex64
19336956902,315837,394381,1,1,1,32,32,1,30,0.000,0.000,,,,,NVIDIA A100-SXM4-40GB MIG 4g.20gb (0),1,,13,"void convert_kernel<__half2, float2>(tensor_layout_any, T1 *, tensor_layout_any, const T2 *)"
19337302978,5568,394384,,,,,,,,,,0.094,16827.521,Pinned,Device,NVIDIA A100-SXM4-40GB MIG 4g.20gb (0),1,,13,[CUDA memcpy Host-to-Device]
19337363618,623257,394385,,,,,,,,,,456.561,732324.550,Device,,NVIDIA A100-SXM4-40GB MIG 4g.20gb (0),1,,13,[CUDA memset]
19337989531,56191,394390,,,,,,,,,,1.235,21977.063,Pinned,Device,NVIDIA A100-SXM4-40GB MIG 4g.20gb (0),1,,13,[CUDA memcpy Host-to-Device]
19338051002,9696,394391,,,,,,,,,,0.197,20277.166,Pinned,Device,NVIDIA A100-SXM4-40GB MIG 4g.20gb (0),1,,13,[CUDA memcpy Host-to-Device]
19338506485,12736,394392,69,4,1,48,1,1,76,0.002,0.000,,,,,NVIDIA A100-SXM4-40GB MIG 4g.20gb (0),1,,13,"void ch_est::windowedChEstPreNoDftSOfdmKernel<float, __half, float, (unsigned int)2, (unsigned int)1, (unsigned short)4>(ch_est::puschRxChEstStatDescr_t *, ch_est::puschRxChEstDynDescr_t *)"
19338816945,9824,394393,137,2,1,24,2,1,44,0.001,0.001,,,,,NVIDIA A100-SXM4-40GB MIG 4g.20gb (0),1,,13,"void ch_est::chEstFilterNoDftSOfdmDispatchKernel<float, __half, float, (unsigned int)2>(ch_est::puschRxChEstStatDescr_t *, ch_est::puschRxChEstDynDescr_t *)"
19339193997,19360,394394,137,2,1,24,2,1,44,0.001,0.001,,,,,NVIDIA A100-SXM4-40GB MIG 4g.20gb (0),1,,13,"void ch_est::chEstFilterNoDftSOfdmDispatchKernel<float, __half, float, (unsigned int)2>(ch_est::puschRxChEstStatDescr_t *, ch_est::puschRxChEstDynDescr_t *)"
19339411019,8672,394405,103,1,1,128,1,1,16,0.000,0.000,,,,,NVIDIA A100-SXM4-40GB MIG 4g.20gb (0),1,,13,cupy_copy__complex64_complex64
19339597641,17439,394415,1434,1,1,128,1,1,16,0.000,0.000,,,,,NVIDIA A100-SXM4-40GB MIG 4g.20gb (0),1,,13,cupy_copy__complex64_complex64
19339805830,9792,394422,103,1,1,128,1,1,16,0.000,0.000,,,,,NVIDIA A100-SXM4-40GB MIG 4g.20gb (0),1,,13,cupy_copy__complex64_complex64
19340021156,337212,394429,1,1,1,32,32,1,30,0.000,0.000,,,,,NVIDIA A100-SXM4-40GB MIG 4g.20gb (0),1,,13,"void convert_kernel<__half2, float2>(tensor_layout_any, T1 *, tensor_layout_any, const T2 *)"
19340389312,5792,394432,,,,,,,,,,0.094,16176.708,Pinned,Device,NVIDIA A100-SXM4-40GB MIG 4g.20gb (0),1,,13,[CUDA memcpy Host-to-Device]
19340609117,54336,394433,,,,,,,,,,35.810,659045.768,Device,,NVIDIA A100-SXM4-40GB MIG 4g.20gb (0),1,,13,[CUDA memset]
19340672253,2080,394435,,,,,,,,,,0.000,38.462,Pinned,Device,NVIDIA A100-SXM4-40GB MIG 4g.20gb (0),1,,13,[CUDA memcpy Host-to-Device]
19340677693,9983,394436,,,,,,,,,,0.197,19694.223,Pinned,Device,NVIDIA A100-SXM4-40GB MIG 4g.20gb (0),1,,13,[CUDA memcpy Host-to-Device]
19340849211,19615,394437,273,1,1,48,1,1,40,0.000,0.001,,,,,NVIDIA A100-SXM4-40GB MIG 4g.20gb (0),1,,13,"void pusch_noise_intf_est::noiseIntfEstNoDftSOfdmKernel<float, __half, float, float, (unsigned int)2, (unsigned int)1, (unsigned char)4, (unsigned char)4>(pusch_noise_intf_est::puschRxNoiseIntfEstDynDescr)"
19341008953,3776,394448,35,1,1,128,1,1,16,0.000,0.000,,,,,NVIDIA A100-SXM4-40GB MIG 4g.20gb (0),1,,13,cupy_copy__complex64_complex64
19341015321,2816,394457,1,1,1,1,1,1,18,0.000,0.000,,,,,NVIDIA A100-SXM4-40GB MIG 4g.20gb (0),1,,13,cupy_copy__float32_float32
19341025657,1600,394463,,,,,,,,,,0.000,2.500,Device,Pageable,NVIDIA A100-SXM4-40GB MIG 4g.20gb (0),1,,7,[CUDA memcpy Device-to-Host]
19341095640,17024,394474,1434,1,1,128,1,1,16,0.000,0.000,,,,,NVIDIA A100-SXM4-40GB MIG 4g.20gb (0),1,,13,cupy_copy__complex64_complex64
19341114424,3680,394481,103,1,1,128,1,1,16,0.000,0.000,,,,,NVIDIA A100-SXM4-40GB MIG 4g.20gb (0),1,,13,cupy_copy__complex64_complex64
19341133591,2560,394488,35,1,1,128,1,1,16,0.000,0.000,,,,,NVIDIA A100-SXM4-40GB MIG 4g.20gb (0),1,,13,cupy_copy__complex64_complex64
19341152951,2048,394495,1,1,1,1,1,1,18,0.000,0.000,,,,,NVIDIA A100-SXM4-40GB MIG 4g.20gb (0),1,,13,cupy_copy__float32_float32
19341287446,79743,394506,1,1,1,32,32,1,30,0.000,0.000,,,,,NVIDIA A100-SXM4-40GB MIG 4g.20gb (0),1,,13,"void convert_kernel<__half2, float2>(tensor_layout_any, T1 *, tensor_layout_any, const T2 *)"
19341396629,5407,394509,,,,,,,,,,0.094,17328.607,Pinned,Device,NVIDIA A100-SXM4-40GB MIG 4g.20gb (0),1,,13,[CUDA memcpy Host-to-Device]
19341413940,3264,394510,,,,,,,,,,1.547,473842.288,Device,,NVIDIA A100-SXM4-40GB MIG 4g.20gb (0),1,,13,[CUDA memset]
19341417876,3040,394515,,,,,,,,,,0.031,10294.725,Pinned,Device,NVIDIA A100-SXM4-40GB MIG 4g.20gb (0),1,,13,[CUDA memcpy Host-to-Device]
19341422996,9376,394516,,,,,,,,,,0.197,20969.226,Pinned,Device,NVIDIA A100-SXM4-40GB MIG 4g.20gb (0),1,,13,[CUDA memcpy Host-to-Device]
19341436308,6048,394517,273,1,1,8,4,1,39,0.002,0.000,,,,,NVIDIA A100-SXM4-40GB MIG 4g.20gb (0),1,,13,"void channel_eq::eqMmseCoefCompLowMimoKernel<float, float, float, (unsigned int)4, (unsigned int)1, (unsigned int)4>(const channel_eq::_puschRxChEqStatDescr *, channel_eq::_puschRxChEqCoefCompDynDescr)"
19341444084,5696,394518,273,1,1,12,11,1,51,0.002,0.000,,,,,NVIDIA A100-SXM4-40GB MIG 4g.20gb (0),1,,13,"void channel_eq::eqMmseSoftDemapKernel<float, __half, __half, float, (unsigned int)4, (unsigned short)16383>(channel_eq::_puschRxChEqStatDescr *, channel_eq::_puschRxChEqSoftDemapDynDescr)"
19341451860,468475,394519,1,1,1,32,32,1,30,0.000,0.000,,,,,NVIDIA A100-SXM4-40GB MIG 4g.20gb (0),1,,13,"void convert_kernel<float2, __half2>(tensor_layout_any, T1 *, tensor_layout_any, const T2 *)"
19341957934,17152,394531,2253,1,1,128,1,1,16,0.000,0.000,,,,,NVIDIA A100-SXM4-40GB MIG 4g.20gb (0),1,,13,cupy_copy__float16_float16
19341978158,3904,394540,282,1,1,128,1,1,16,0.000,0.000,,,,,NVIDIA A100-SXM4-40GB MIG 4g.20gb (0),1,,13,cupy_copy__complex64_complex64
19342057581,8544,394549,26,1,1,128,1,1,16,0.000,0.000,,,,,NVIDIA A100-SXM4-40GB MIG 4g.20gb (0),1,,13,cupy_copy__float32_float32
19342112941,6015,394558,103,1,1,128,1,1,16,0.000,0.000,,,,,NVIDIA A100-SXM4-40GB MIG 4g.20gb (0),1,,13,cupy_copy__complex64_complex64
19342287211,18399,394568,1434,1,1,128,1,1,16,0.000,0.000,,,,,NVIDIA A100-SXM4-40GB MIG 4g.20gb (0),1,,13,cupy_copy__complex64_complex64
19342434473,274237,394573,1,1,1,32,32,1,30,0.000,0.000,,,,,NVIDIA A100-SXM4-40GB MIG 4g.20gb (0),1,,13,"void convert_kernel<__half2, float2>(tensor_layout_any, T1 *, tensor_layout_any, const T2 *)"
19342736678,6303,394576,,,,,,,,,,0.094,14865.245,Pinned,Device,NVIDIA A100-SXM4-40GB MIG 4g.20gb (0),1,,13,[CUDA memcpy Host-to-Device]
19343010563,607353,394577,,,,,,,,,,456.561,751500.130,Device,,NVIDIA A100-SXM4-40GB MIG 4g.20gb (0),1,,13,[CUDA memset]
19343625148,61919,394582,,,,,,,,,,1.235,19944.346,Pinned,Device,NVIDIA A100-SXM4-40GB MIG 4g.20gb (0),1,,13,[CUDA memcpy Host-to-Device]
19343690651,12000,394583,,,,,,,,,,0.197,16383.934,Pinned,Device,NVIDIA A100-SXM4-40GB MIG 4g.20gb (0),1,,13,[CUDA memcpy Host-to-Device]
19344026679,14496,394584,69,4,1,48,1,1,76,0.002,0.000,,,,,NVIDIA A100-SXM4-40GB MIG 4g.20gb (0),1,,13,"void ch_est::windowedChEstPreNoDftSOfdmKernel<float, __half, float, (unsigned int)2, (unsigned int)1, (unsigned short)4>(ch_est::puschRxChEstStatDescr_t *, ch_est::puschRxChEstDynDescr_t *)"
19344436147,12735,394585,137,2,1,24,2,1,44,0.001,0.001,,,,,NVIDIA A100-SXM4-40GB MIG 4g.20gb (0),1,,13,"void ch_est::chEstFilterNoDftSOfdmDispatchKernel<float, __half, float, (unsigned int)2>(ch_est::puschRxChEstStatDescr_t *, ch_est::puschRxChEstDynDescr_t *)"
19344846734,13888,394586,137,2,1,24,2,1,44,0.001,0.001,,,,,NVIDIA A100-SXM4-40GB MIG 4g.20gb (0),1,,13,"void ch_est::chEstFilterNoDftSOfdmDispatchKernel<float, __half, float, (unsigned int)2>(ch_est::puschRxChEstStatDescr_t *, ch_est::puschRxChEstDynDescr_t *)"
19345256393,4704,394597,103,1,1,128,1,1,16,0.000,0.000,,,,,NVIDIA A100-SXM4-40GB MIG 4g.20gb (0),1,,13,cupy_copy__complex64_complex64
19345664165,17600,394607,1434,1,1,128,1,1,16,0.000,0.000,,,,,NVIDIA A100-SXM4-40GB MIG 4g.20gb (0),1,,13,cupy_copy__complex64_complex64
19345864739,4864,394614,103,1,1,128,1,1,16,0.000,0.000,,,,,NVIDIA A100-SXM4-40GB MIG 4g.20gb (0),1,,13,cupy_copy__complex64_complex64
19346091680,348220,394621,1,1,1,32,32,1,30,0.000,0.000,,,,,NVIDIA A100-SXM4-40GB MIG 4g.20gb (0),1,,13,"void convert_kernel<__half2, float2>(tensor_layout_any, T1 *, tensor_layout_any, const T2 *)"
19346469916,5728,394624,,,,,,,,,,0.094,16357.541,Pinned,Device,NVIDIA A100-SXM4-40GB MIG 4g.20gb (0),1,,13,[CUDA memcpy Host-to-Device]
19346566875,49663,394625,,,,,,,,,,35.810,721032.739,Device,,NVIDIA A100-SXM4-40GB MIG 4g.20gb (0),1,,13,[CUDA memset]
19346618874,3616,394627,,,,,,,,,,0.000,22.124,Pinned,Device,NVIDIA A100-SXM4-40GB MIG 4g.20gb (0),1,,13,[CUDA memcpy Host-to-Device]
19346625146,9536,394628,,,,,,,,,,0.197,20617.298,Pinned,Device,NVIDIA A100-SXM4-40GB MIG 4g.20gb (0),1,,13,[CUDA memcpy Host-to-Device]
19346696473,12320,394629,273,1,1,48,1,1,40,0.000,0.001,,,,,NVIDIA A100-SXM4-40GB MIG 4g.20gb (0),1,,13,"void pusch_noise_intf_est::noiseIntfEstNoDftSOfdmKernel<float, __half, float, float, (unsigned int)2, (unsigned int)1, (unsigned char)4, (unsigned char)4>(pusch_noise_intf_est::puschRxNoiseIntfEstDynDescr)"
19346709529,3264,394640,35,1,1,128,1,1,16,0.000,0.000,,,,,NVIDIA A100-SXM4-40GB MIG 4g.20gb (0),1,,13,cupy_copy__complex64_complex64
19346714649,1888,394649,1,1,1,1,1,1,18,0.000,0.000,,,,,NVIDIA A100-SXM4-40GB MIG 4g.20gb (0),1,,13,cupy_copy__float32_float32
19346725337,1632,394655,,,,,,,,,,0.000,2.451,Device,Pageable,NVIDIA A100-SXM4-40GB MIG 4g.20gb (0),1,,7,[CUDA memcpy Device-to-Host]
19346791512,12480,394666,1434,1,1,128,1,1,16,0.000,0.000,,,,,NVIDIA A100-SXM4-40GB MIG 4g.20gb (0),1,,13,cupy_copy__complex64_complex64
19346818776,2848,394673,103,1,1,128,1,1,16,0.000,0.000,,,,,NVIDIA A100-SXM4-40GB MIG 4g.20gb (0),1,,13,cupy_copy__complex64_complex64
19346846584,2208,394680,35,1,1,128,1,1,16,0.000,0.000,,,,,NVIDIA A100-SXM4-40GB MIG 4g.20gb (0),1,,13,cupy_copy__complex64_complex64
19346872183,1856,394687,1,1,1,1,1,1,18,0.000,0.000,,,,,NVIDIA A100-SXM4-40GB MIG 4g.20gb (0),1,,13,cupy_copy__float32_float32
19347049429,80255,394698,1,1,1,32,32,1,30,0.000,0.000,,,,,NVIDIA A100-SXM4-40GB MIG 4g.20gb (0),1,,13,"void convert_kernel<__half2, float2>(tensor_layout_any, T1 *, tensor_layout_any, const T2 *)"
19347157908,5408,394701,,,,,,,,,,0.094,17325.421,Pinned,Device,NVIDIA A100-SXM4-40GB MIG 4g.20gb (0),1,,13,[CUDA memcpy Host-to-Device]
19347172372,3232,394702,,,,,,,,,,1.547,478533.199,Device,,NVIDIA A100-SXM4-40GB MIG 4g.20gb (0),1,,13,[CUDA memset]
19347178708,3936,394707,,,,,,,,,,0.031,7951.218,Pinned,Device,NVIDIA A100-SXM4-40GB MIG 4g.20gb (0),1,,13,[CUDA memcpy Host-to-Device]
19347184756,9472,394708,,,,,,,,,,0.197,20756.693,Pinned,Device,NVIDIA A100-SXM4-40GB MIG 4g.20gb (0),1,,13,[CUDA memcpy Host-to-Device]
19347198004,5888,394709,273,1,1,8,4,1,39,0.002,0.000,,,,,NVIDIA A100-SXM4-40GB MIG 4g.20gb (0),1,,13,"void channel_eq::eqMmseCoefCompLowMimoKernel<float, float, float, (unsigned int)4, (unsigned int)1, (unsigned int)4>(const channel_eq::_puschRxChEqStatDescr *, channel_eq::_puschRxChEqCoefCompDynDescr)"
19347205716,5696,394710,273,1,1,12,11,1,51,0.002,0.000,,,,,NVIDIA A100-SXM4-40GB MIG 4g.20gb (0),1,,13,"void channel_eq::eqMmseSoftDemapKernel<float, __half, __half, float, (unsigned int)4, (unsigned short)16383>(channel_eq::_puschRxChEqStatDescr *, channel_eq::_puschRxChEqSoftDemapDynDescr)"
19347213300,526010,394711,1,1,1,32,32,1,30,0.000,0.000,,,,,NVIDIA A100-SXM4-40GB MIG 4g.20gb (0),1,,13,"void convert_kernel<float2, __half2>(tensor_layout_any, T1 *, tensor_layout_any, const T2 *)"
19347779373,22464,394723,2253,1,1,128,1,1,16,0.000,0.000,,,,,NVIDIA A100-SXM4-40GB MIG 4g.20gb (0),1,,13,cupy_copy__float16_float16
19347896332,6816,394732,282,1,1,128,1,1,16,0.000,0.000,,,,,NVIDIA A100-SXM4-40GB MIG 4g.20gb (0),1,,13,cupy_copy__complex64_complex64
19348007115,5600,394741,26,1,1,128,1,1,16,0.000,0.000,,,,,NVIDIA A100-SXM4-40GB MIG 4g.20gb (0),1,,13,cupy_copy__float32_float32
19348109482,8543,394750,103,1,1,128,1,1,16,0.000,0.000,,,,,NVIDIA A100-SXM4-40GB MIG 4g.20gb (0),1,,13,cupy_copy__complex64_complex64
19348219368,25216,394760,1434,1,1,128,1,1,16,0.000,0.000,,,,,NVIDIA A100-SXM4-40GB MIG 4g.20gb (0),1,,13,cupy_copy__complex64_complex64
19348440934,333340,394765,1,1,1,32,32,1,30,0.000,0.000,,,,,NVIDIA A100-SXM4-40GB MIG 4g.20gb (0),1,,13,"void convert_kernel<__half2, float2>(tensor_layout_any, T1 *, tensor_layout_any, const T2 *)"
19348804290,5600,394768,,,,,,,,,,0.094,16731.388,Pinned,Device,NVIDIA A100-SXM4-40GB MIG 4g.20gb (0),1,,13,[CUDA memcpy Host-to-Device]
19349088575,605145,394769,,,,,,,,,,456.561,754239.499,Device,,NVIDIA A100-SXM4-40GB MIG 4g.20gb (0),1,,13,[CUDA memset]
19349695832,61183,394774,,,,,,,,,,1.235,20183.925,Pinned,Device,NVIDIA A100-SXM4-40GB MIG 4g.20gb (0),1,,13,[CUDA memcpy Host-to-Device]
19349762455,13952,394775,,,,,,,,,,0.197,14091.682,Pinned,Device,NVIDIA A100-SXM4-40GB MIG 4g.20gb (0),1,,13,[CUDA memcpy Host-to-Device]
19350138419,17344,394776,69,4,1,48,1,1,76,0.002,0.000,,,,,NVIDIA A100-SXM4-40GB MIG 4g.20gb (0),1,,13,"void ch_est::windowedChEstPreNoDftSOfdmKernel<float, __half, float, (unsigned int)2, (unsigned int)1, (unsigned short)4>(ch_est::puschRxChEstStatDescr_t *, ch_est::puschRxChEstDynDescr_t *)"
19350584750,14432,394777,137,2,1,24,2,1,44,0.001,0.001,,,,,NVIDIA A100-SXM4-40GB MIG 4g.20gb (0),1,,13,"void ch_est::chEstFilterNoDftSOfdmDispatchKernel<float, __half, float, (unsigned int)2>(ch_est::puschRxChEstStatDescr_t *, ch_est::puschRxChEstDynDescr_t *)"
19350903658,16320,394778,137,2,1,24,2,1,44,0.001,0.001,,,,,NVIDIA A100-SXM4-40GB MIG 4g.20gb (0),1,,13,"void ch_est::chEstFilterNoDftSOfdmDispatchKernel<float, __half, float, (unsigned int)2>(ch_est::puschRxChEstStatDescr_t *, ch_est::puschRxChEstDynDescr_t *)"
19351220455,5184,394789,103,1,1,128,1,1,16,0.000,0.000,,,,,NVIDIA A100-SXM4-40GB MIG 4g.20gb (0),1,,13,cupy_copy__complex64_complex64
19351429412,25632,394799,1434,1,1,128,1,1,16,0.000,0.000,,,,,NVIDIA A100-SXM4-40GB MIG 4g.20gb (0),1,,13,cupy_copy__complex64_complex64
19351753569,8320,394806,103,1,1,128,1,1,16,0.000,0.000,,,,,NVIDIA A100-SXM4-40GB MIG 4g.20gb (0),1,,13,cupy_copy__complex64_complex64
19351952447,328604,394813,1,1,1,32,32,1,30,0.000,0.000,,,,,NVIDIA A100-SXM4-40GB MIG 4g.20gb (0),1,,13,"void convert_kernel<__half2, float2>(tensor_layout_any, T1 *, tensor_layout_any, const T2 *)"
19352310971,6015,394816,,,,,,,,,,0.094,15577.054,Pinned,Device,NVIDIA A100-SXM4-40GB MIG 4g.20gb (0),1,,13,[CUDA memcpy Host-to-Device]
19352668919,53695,394817,,,,,,,,,,35.810,666888.140,Device,,NVIDIA A100-SXM4-40GB MIG 4g.20gb (0),1,,13,[CUDA memset]
19352729110,1856,394819,,,,,,,,,,0.000,43.103,Pinned,Device,NVIDIA A100-SXM4-40GB MIG 4g.20gb (0),1,,13,[CUDA memcpy Host-to-Device]
19352733846,9472,394820,,,,,,,,,,0.197,20756.693,Pinned,Device,NVIDIA A100-SXM4-40GB MIG 4g.20gb (0),1,,13,[CUDA memcpy Host-to-Device]
19353056818,17056,394821,273,1,1,48,1,1,40,0.000,0.001,,,,,NVIDIA A100-SXM4-40GB MIG 4g.20gb (0),1,,13,"void pusch_noise_intf_est::noiseIntfEstNoDftSOfdmKernel<float, __half, float, float, (unsigned int)2, (unsigned int)1, (unsigned char)4, (unsigned char)4>(pusch_noise_intf_est::puschRxNoiseIntfEstDynDescr)"
19353165073,4928,394832,35,1,1,128,1,1,16,0.000,0.000,,,,,NVIDIA A100-SXM4-40GB MIG 4g.20gb (0),1,,13,cupy_copy__complex64_complex64
19353271248,4192,394841,1,1,1,1,1,1,18,0.000,0.000,,,,,NVIDIA A100-SXM4-40GB MIG 4g.20gb (0),1,,13,cupy_copy__float32_float32
19353278096,1568,394847,,,,,,,,,,0.000,2.551,Device,Pageable,NVIDIA A100-SXM4-40GB MIG 4g.20gb (0),1,,7,[CUDA memcpy Device-to-Host]
19353388238,23840,394858,1434,1,1,128,1,1,16,0.000,0.000,,,,,NVIDIA A100-SXM4-40GB MIG 4g.20gb (0),1,,13,cupy_copy__complex64_complex64
19353507213,5760,394865,103,1,1,128,1,1,16,0.000,0.000,,,,,NVIDIA A100-SXM4-40GB MIG 4g.20gb (0),1,,13,cupy_copy__complex64_complex64
19353515245,4192,394872,35,1,1,128,1,1,16,0.000,0.000,,,,,NVIDIA A100-SXM4-40GB MIG 4g.20gb (0),1,,13,cupy_copy__complex64_complex64
19353523245,1792,394879,1,1,1,1,1,1,18,0.000,0.000,,,,,NVIDIA A100-SXM4-40GB MIG 4g.20gb (0),1,,13,cupy_copy__float32_float32
19353623500,261789,394890,1,1,1,32,32,1,30,0.000,0.000,,,,,NVIDIA A100-SXM4-40GB MIG 4g.20gb (0),1,,13,"void convert_kernel<__half2, float2>(tensor_layout_any, T1 *, tensor_layout_any, const T2 *)"
19353915433,5504,394893,,,,,,,,,,0.094,17023.251,Pinned,Device,NVIDIA A100-SXM4-40GB MIG 4g.20gb (0),1,,13,[CUDA memcpy Host-to-Device]
19353973256,5856,394894,,,,,,,,,,1.547,264109.247,Device,,NVIDIA A100-SXM4-40GB MIG 4g.20gb (0),1,,13,[CUDA memset]
19353983400,3072,394899,,,,,,,,,,0.031,10187.474,Pinned,Device,NVIDIA A100-SXM4-40GB MIG 4g.20gb (0),1,,13,[CUDA memcpy Host-to-Device]
19353989032,9472,394900,,,,,,,,,,0.197,20756.693,Pinned,Device,NVIDIA A100-SXM4-40GB MIG 4g.20gb (0),1,,13,[CUDA memcpy Host-to-Device]
19354093767,13951,394901,273,1,1,8,4,1,39,0.002,0.000,,,,,NVIDIA A100-SXM4-40GB MIG 4g.20gb (0),1,,13,"void channel_eq::eqMmseCoefCompLowMimoKernel<float, float, float, (unsigned int)4, (unsigned int)1, (unsigned int)4>(const channel_eq::_puschRxChEqStatDescr *, channel_eq::_puschRxChEqCoefCompDynDescr)"
19354109478,7936,394902,273,1,1,12,11,1,51,0.002,0.000,,,,,NVIDIA A100-SXM4-40GB MIG 4g.20gb (0),1,,13,"void channel_eq::eqMmseSoftDemapKernel<float, __half, __half, float, (unsigned int)4, (unsigned short)16383>(channel_eq::_puschRxChEqStatDescr *, channel_eq::_puschRxChEqSoftDemapDynDescr)"
19354119238,585050,394903,1,1,1,32,32,1,30,0.000,0.000,,,,,NVIDIA A100-SXM4-40GB MIG 4g.20gb (0),1,,13,"void convert_kernel<float2, __half2>(tensor_layout_any, T1 *, tensor_layout_any, const T2 *)"
19354827358,22976,394915,2253,1,1,128,1,1,16,0.000,0.000,,,,,NVIDIA A100-SXM4-40GB MIG 4g.20gb (0),1,,13,cupy_copy__float16_float16
19355080188,5984,394924,282,1,1,128,1,1,16,0.000,0.000,,,,,NVIDIA A100-SXM4-40GB MIG 4g.20gb (0),1,,13,cupy_copy__complex64_complex64
19355226458,3744,394933,26,1,1,128,1,1,16,0.000,0.000,,,,,NVIDIA A100-SXM4-40GB MIG 4g.20gb (0),1,,13,cupy_copy__float32_float32
19355352153,7231,394942,103,1,1,128,1,1,16,0.000,0.000,,,,,NVIDIA A100-SXM4-40GB MIG 4g.20gb (0),1,,13,cupy_copy__complex64_complex64
19355508983,16896,394952,1434,1,1,128,1,1,16,0.000,0.000,,,,,NVIDIA A100-SXM4-40GB MIG 4g.20gb (0),1,,13,cupy_copy__complex64_complex64
19355887475,315068,394957,1,1,1,32,32,1,30,0.000,0.000,,,,,NVIDIA A100-SXM4-40GB MIG 4g.20gb (0),1,,13,"void convert_kernel<__half2, float2>(tensor_layout_any, T1 *, tensor_layout_any, const T2 *)"
19356232623,5824,394960,,,,,,,,,,0.094,16087.884,Pinned,Device,NVIDIA A100-SXM4-40GB MIG 4g.20gb (0),1,,13,[CUDA memcpy Host-to-Device]
19356646890,604793,394961,,,,,,,,,,456.561,754696.060,Device,,NVIDIA A100-SXM4-40GB MIG 4g.20gb (0),1,,13,[CUDA memset]
19357258531,49440,394966,,,,,,,,,,1.235,24977.977,Pinned,Device,NVIDIA A100-SXM4-40GB MIG 4g.20gb (0),1,,13,[CUDA memcpy Host-to-Device]
19357310595,10272,394967,,,,,,,,,,0.197,19140.182,Pinned,Device,NVIDIA A100-SXM4-40GB MIG 4g.20gb (0),1,,13,[CUDA memcpy Host-to-Device]
19357458593,12544,394968,69,4,1,48,1,1,76,0.002,0.000,,,,,NVIDIA A100-SXM4-40GB MIG 4g.20gb (0),1,,13,"void ch_est::windowedChEstPreNoDftSOfdmKernel<float, __half, float, (unsigned int)2, (unsigned int)1, (unsigned short)4>(ch_est::puschRxChEstStatDescr_t *, ch_est::puschRxChEstDynDescr_t *)"
19357675743,13823,394969,137,2,1,24,2,1,44,0.001,0.001,,,,,NVIDIA A100-SXM4-40GB MIG 4g.20gb (0),1,,13,"void ch_est::chEstFilterNoDftSOfdmDispatchKernel<float, __half, float, (unsigned int)2>(ch_est::puschRxChEstStatDescr_t *, ch_est::puschRxChEstDynDescr_t *)"
19357731998,18080,394970,137,2,1,24,2,1,44,0.001,0.001,,,,,NVIDIA A100-SXM4-40GB MIG 4g.20gb (0),1,,13,"void ch_est::chEstFilterNoDftSOfdmDispatchKernel<float, __half, float, (unsigned int)2>(ch_est::puschRxChEstStatDescr_t *, ch_est::puschRxChEstDynDescr_t *)"
19357751582,3200,394981,103,1,1,128,1,1,16,0.000,0.000,,,,,NVIDIA A100-SXM4-40GB MIG 4g.20gb (0),1,,13,cupy_copy__complex64_complex64
19357808317,25120,394991,1434,1,1,128,1,1,16,0.000,0.000,,,,,NVIDIA A100-SXM4-40GB MIG 4g.20gb (0),1,,13,cupy_copy__complex64_complex64
19357835581,3456,394998,103,1,1,128,1,1,16,0.000,0.000,,,,,NVIDIA A100-SXM4-40GB MIG 4g.20gb (0),1,,13,cupy_copy__complex64_complex64
19357891996,372892,395005,1,1,1,32,32,1,30,0.000,0.000,,,,,NVIDIA A100-SXM4-40GB MIG 4g.20gb (0),1,,13,"void convert_kernel<__half2, float2>(tensor_layout_any, T1 *, tensor_layout_any, const T2 *)"
19358307320,6015,395008,,,,,,,,,,0.094,15577.054,Pinned,Device,NVIDIA A100-SXM4-40GB MIG 4g.20gb (0),1,,13,[CUDA memcpy Host-to-Device]
19358332503,61120,395009,,,,,,,,,,35.810,585886.101,Device,,NVIDIA A100-SXM4-40GB MIG 4g.20gb (0),1,,13,[CUDA memset]
19358398550,2016,395011,,,,,,,,,,0.000,39.682,Pinned,Device,NVIDIA A100-SXM4-40GB MIG 4g.20gb (0),1,,13,[CUDA memcpy Host-to-Device]
19358402998,10240,395012,,,,,,,,,,0.197,19199.951,Pinned,Device,NVIDIA A100-SXM4-40GB MIG 4g.20gb (0),1,,13,[CUDA memcpy Host-to-Device]
19358447094,17760,395013,273,1,1,48,1,1,40,0.000,0.001,,,,,NVIDIA A100-SXM4-40GB MIG 4g.20gb (0),1,,13,"void pusch_noise_intf_est::noiseIntfEstNoDftSOfdmKernel<float, __half, float, float, (unsigned int)2, (unsigned int)1, (unsigned char)4, (unsigned char)4>(pusch_noise_intf_est::puschRxNoiseIntfEstDynDescr)"
19358521845,10464,395024,35,1,1,128,1,1,16,0.000,0.000,,,,,NVIDIA A100-SXM4-40GB MIG 4g.20gb (0),1,,13,cupy_copy__complex64_complex64
19358534101,3520,395033,1,1,1,1,1,1,18,0.000,0.000,,,,,NVIDIA A100-SXM4-40GB MIG 4g.20gb (0),1,,13,cupy_copy__float32_float32
19358541429,1568,395039,,,,,,,,,,0.000,2.551,Device,Pageable,NVIDIA A100-SXM4-40GB MIG 4g.20gb (0),1,,7,[CUDA memcpy Device-to-Host]
19358660340,19135,395050,1434,1,1,128,1,1,16,0.000,0.000,,,,,NVIDIA A100-SXM4-40GB MIG 4g.20gb (0),1,,13,cupy_copy__complex64_complex64
19358810034,6976,395057,103,1,1,128,1,1,16,0.000,0.000,,,,,NVIDIA A100-SXM4-40GB MIG 4g.20gb (0),1,,13,cupy_copy__complex64_complex64
19358893777,9152,395064,35,1,1,128,1,1,16,0.000,0.000,,,,,NVIDIA A100-SXM4-40GB MIG 4g.20gb (0),1,,13,cupy_copy__complex64_complex64
19358968496,5792,395071,1,1,1,1,1,1,18,0.000,0.000,,,,,NVIDIA A100-SXM4-40GB MIG 4g.20gb (0),1,,13,cupy_copy__float32_float32
19359149390,378332,395082,1,1,1,32,32,1,30,0.000,0.000,,,,,NVIDIA A100-SXM4-40GB MIG 4g.20gb (0),1,,13,"void convert_kernel<__half2, float2>(tensor_layout_any, T1 *, tensor_layout_any, const T2 *)"
19359557802,6175,395085,,,,,,,,,,0.094,15173.411,Pinned,Device,NVIDIA A100-SXM4-40GB MIG 4g.20gb (0),1,,13,[CUDA memcpy Host-to-Device]
19359728616,5216,395086,,,,,,,,,,1.547,296514.113,Device,,NVIDIA A100-SXM4-40GB MIG 4g.20gb (0),1,,13,[CUDA memset]
19359786919,3584,395091,,,,,,,,,,0.031,8732.116,Pinned,Device,NVIDIA A100-SXM4-40GB MIG 4g.20gb (0),1,,13,[CUDA memcpy Host-to-Device]
19359795207,9984,395092,,,,,,,,,,0.197,19692.257,Pinned,Device,NVIDIA A100-SXM4-40GB MIG 4g.20gb (0),1,,13,[CUDA memcpy Host-to-Device]
19359909414,19743,395093,273,1,1,8,4,1,39,0.002,0.000,,,,,NVIDIA A100-SXM4-40GB MIG 4g.20gb (0),1,,13,"void channel_eq::eqMmseCoefCompLowMimoKernel<float, float, float, (unsigned int)4, (unsigned int)1, (unsigned int)4>(const channel_eq::_puschRxChEqStatDescr *, channel_eq::_puschRxChEqCoefCompDynDescr)"
19359973509,19136,395094,273,1,1,12,11,1,51,0.002,0.000,,,,,NVIDIA A100-SXM4-40GB MIG 4g.20gb (0),1,,13,"void channel_eq::eqMmseSoftDemapKernel<float, __half, __half, float, (unsigned int)4, (unsigned short)16383>(channel_eq::_puschRxChEqStatDescr *, channel_eq::_puschRxChEqSoftDemapDynDescr)"
19359994501,646488,395095,1,1,1,32,32,1,30,0.000,0.000,,,,,NVIDIA A100-SXM4-40GB MIG 4g.20gb (0),1,,13,"void convert_kernel<float2, __half2>(tensor_layout_any, T1 *, tensor_layout_any, const T2 *)"
19360645533,12384,395107,2253,1,1,128,1,1,16,0.000,0.000,,,,,NVIDIA A100-SXM4-40GB MIG 4g.20gb (0),1,,13,cupy_copy__float16_float16
19360757916,4800,395116,282,1,1,128,1,1,16,0.000,0.000,,,,,NVIDIA A100-SXM4-40GB MIG 4g.20gb (0),1,,13,cupy_copy__complex64_complex64
19360764828,2944,395125,26,1,1,128,1,1,16,0.000,0.000,,,,,NVIDIA A100-SXM4-40GB MIG 4g.20gb (0),1,,13,cupy_copy__float32_float32
19360868731,5152,395134,103,1,1,128,1,1,16,0.000,0.000,,,,,NVIDIA A100-SXM4-40GB MIG 4g.20gb (0),1,,13,cupy_copy__complex64_complex64
19360876219,16928,395144,1434,1,1,128,1,1,16,0.000,0.000,,,,,NVIDIA A100-SXM4-40GB MIG 4g.20gb (0),1,,13,cupy_copy__complex64_complex64
19360981850,342684,395149,1,1,1,32,32,1,30,0.000,0.000,,,,,NVIDIA A100-SXM4-40GB MIG 4g.20gb (0),1,,13,"void convert_kernel<__half2, float2>(tensor_layout_any, T1 *, tensor_layout_any, const T2 *)"
19361363573,8128,395152,,,,,,,,,,0.094,11527.513,Pinned,Device,NVIDIA A100-SXM4-40GB MIG 4g.20gb (0),1,,13,[CUDA memcpy Host-to-Device]
19361517812,603097,395153,,,,,,,,,,456.561,756978.868,Device,,NVIDIA A100-SXM4-40GB MIG 4g.20gb (0),1,,13,[CUDA memset]
19362127341,55423,395158,,,,,,,,,,1.235,22282.095,Pinned,Device,NVIDIA A100-SXM4-40GB MIG 4g.20gb (0),1,,13,[CUDA memcpy Host-to-Device]
19362187340,12480,395159,,,,,,,,,,0.197,15753.806,Pinned,Device,NVIDIA A100-SXM4-40GB MIG 4g.20gb (0),1,,13,[CUDA memcpy Host-to-Device]
19362381322,16416,395160,69,4,1,48,1,1,76,0.002,0.000,,,,,NVIDIA A100-SXM4-40GB MIG 4g.20gb (0),1,,13,"void ch_est::windowedChEstPreNoDftSOfdmKernel<float, __half, float, (unsigned int)2, (unsigned int)1, (unsigned short)4>(ch_est::puschRxChEstStatDescr_t *, ch_est::puschRxChEstDynDescr_t *)"
19362917380,19328,395161,137,2,1,24,2,1,44,0.001,0.001,,,,,NVIDIA A100-SXM4-40GB MIG 4g.20gb (0),1,,13,"void ch_est::chEstFilterNoDftSOfdmDispatchKernel<float, __half, float, (unsigned int)2>(ch_est::puschRxChEstStatDescr_t *, ch_est::puschRxChEstDynDescr_t *)"
19363132770,9279,395162,137,2,1,24,2,1,44,0.001,0.001,,,,,NVIDIA A100-SXM4-40GB MIG 4g.20gb (0),1,,13,"void ch_est::chEstFilterNoDftSOfdmDispatchKernel<float, __half, float, (unsigned int)2>(ch_est::puschRxChEstStatDescr_t *, ch_est::puschRxChEstDynDescr_t *)"
19363660508,4640,395173,103,1,1,128,1,1,16,0.000,0.000,,,,,NVIDIA A100-SXM4-40GB MIG 4g.20gb (0),1,,13,cupy_copy__complex64_complex64
19363928473,19519,395183,1434,1,1,128,1,1,16,0.000,0.000,,,,,NVIDIA A100-SXM4-40GB MIG 4g.20gb (0),1,,13,cupy_copy__complex64_complex64
19364220053,5344,395190,103,1,1,128,1,1,16,0.000,0.000,,,,,NVIDIA A100-SXM4-40GB MIG 4g.20gb (0),1,,13,cupy_copy__complex64_complex64
19364432563,289085,395197,1,1,1,32,32,1,30,0.000,0.000,,,,,NVIDIA A100-SXM4-40GB MIG 4g.20gb (0),1,,13,"void convert_kernel<__half2, float2>(tensor_layout_any, T1 *, tensor_layout_any, const T2 *)"
19364751855,5376,395200,,,,,,,,,,0.094,17428.487,Pinned,Device,NVIDIA A100-SXM4-40GB MIG 4g.20gb (0),1,,13,[CUDA memcpy Host-to-Device]
19364922926,49503,395201,,,,,,,,,,35.810,723360.384,Device,,NVIDIA A100-SXM4-40GB MIG 4g.20gb (0),1,,13,[CUDA memset]
19364973165,1824,395203,,,,,,,,,,0.000,43.860,Pinned,Device,NVIDIA A100-SXM4-40GB MIG 4g.20gb (0),1,,13,[CUDA memcpy Host-to-Device]
19364977677,9600,395204,,,,,,,,,,0.197,20479.869,Pinned,Device,NVIDIA A100-SXM4-40GB MIG 4g.20gb (0),1,,13,[CUDA memcpy Host-to-Device]
19365117003,20384,395205,273,1,1,48,1,1,40,0.000,0.001,,,,,NVIDIA A100-SXM4-40GB MIG 4g.20gb (0),1,,13,"void pusch_noise_intf_est::noiseIntfEstNoDftSOfdmKernel<float, __half, float, float, (unsigned int)2, (unsigned int)1, (unsigned char)4, (unsigned char)4>(pusch_noise_intf_est::puschRxNoiseIntfEstDynDescr)"
19365139691,3200,395216,35,1,1,128,1,1,16,0.000,0.000,,,,,NVIDIA A100-SXM4-40GB MIG 4g.20gb (0),1,,13,cupy_copy__complex64_complex64
19365286793,4032,395225,1,1,1,1,1,1,18,0.000,0.000,,,,,NVIDIA A100-SXM4-40GB MIG 4g.20gb (0),1,,13,cupy_copy__float32_float32
19365294025,1600,395231,,,,,,,,,,0.000,2.500,Device,Pageable,NVIDIA A100-SXM4-40GB MIG 4g.20gb (0),1,,7,[CUDA memcpy Device-to-Host]
19365444936,16960,395242,1434,1,1,128,1,1,16,0.000,0.000,,,,,NVIDIA A100-SXM4-40GB MIG 4g.20gb (0),1,,13,cupy_copy__complex64_complex64
19365464168,3327,395249,103,1,1,128,1,1,16,0.000,0.000,,,,,NVIDIA A100-SXM4-40GB MIG 4g.20gb (0),1,,13,cupy_copy__complex64_complex64
19365469511,2528,395256,35,1,1,128,1,1,16,0.000,0.000,,,,,NVIDIA A100-SXM4-40GB MIG 4g.20gb (0),1,,13,cupy_copy__complex64_complex64
19365636102,3808,395263,1,1,1,1,1,1,18,0.000,0.000,,,,,NVIDIA A100-SXM4-40GB MIG 4g.20gb (0),1,,13,cupy_copy__float32_float32
19365796484,262685,395274,1,1,1,32,32,1,30,0.000,0.000,,,,,NVIDIA A100-SXM4-40GB MIG 4g.20gb (0),1,,13,"void convert_kernel<__half2, float2>(tensor_layout_any, T1 *, tensor_layout_any, const T2 *)"
19366089345,5951,395277,,,,,,,,,,0.094,15744.488,Pinned,Device,NVIDIA A100-SXM4-40GB MIG 4g.20gb (0),1,,13,[CUDA memcpy Host-to-Device]
19366205759,4224,395278,,,,,,,,,,1.547,366150.859,Device,,NVIDIA A100-SXM4-40GB MIG 4g.20gb (0),1,,13,[CUDA memset]
19366221727,3168,395283,,,,,,,,,,0.031,9878.770,Pinned,Device,NVIDIA A100-SXM4-40GB MIG 4g.20gb (0),1,,13,[CUDA memcpy Host-to-Device]
19366227711,9536,395284,,,,,,,,,,0.197,20617.298,Pinned,Device,NVIDIA A100-SXM4-40GB MIG 4g.20gb (0),1,,13,[CUDA memcpy Host-to-Device]
19366394717,9824,395285,273,1,1,8,4,1,39,0.002,0.000,,,,,NVIDIA A100-SXM4-40GB MIG 4g.20gb (0),1,,13,"void channel_eq::eqMmseCoefCompLowMimoKernel<float, float, float, (unsigned int)4, (unsigned int)1, (unsigned int)4>(const channel_eq::_puschRxChEqStatDescr *, channel_eq::_puschRxChEqCoefCompDynDescr)"
19366406173,7488,395286,273,1,1,12,11,1,51,0.002,0.000,,,,,NVIDIA A100-SXM4-40GB MIG 4g.20gb (0),1,,13,"void channel_eq::eqMmseSoftDemapKernel<float, __half, __half, float, (unsigned int)4, (unsigned short)16383>(channel_eq::_puschRxChEqStatDescr *, channel_eq::_puschRxChEqSoftDemapDynDescr)"
19366415901,457531,395287,1,1,1,32,32,1,30,0.000,0.000,,,,,NVIDIA A100-SXM4-40GB MIG 4g.20gb (0),1,,13,"void convert_kernel<float2, __half2>(tensor_layout_any, T1 *, tensor_layout_any, const T2 *)"
19367108821,14272,395299,2253,1,1,128,1,1,16,0.000,0.000,,,,,NVIDIA A100-SXM4-40GB MIG 4g.20gb (0),1,,13,cupy_copy__float16_float16
19367569232,4960,395308,282,1,1,128,1,1,16,0.000,0.000,,,,,NVIDIA A100-SXM4-40GB MIG 4g.20gb (0),1,,13,cupy_copy__complex64_complex64
19367903468,3360,395317,26,1,1,128,1,1,16,0.000,0.000,,,,,NVIDIA A100-SXM4-40GB MIG 4g.20gb (0),1,,13,cupy_copy__float32_float32
19368200553,4576,395326,103,1,1,128,1,1,16,0.000,0.000,,,,,NVIDIA A100-SXM4-40GB MIG 4g.20gb (0),1,,13,cupy_copy__complex64_complex64
19368652484,21472,395336,1434,1,1,128,1,1,16,0.000,0.000,,,,,NVIDIA A100-SXM4-40GB MIG 4g.20gb (0),1,,13,cupy_copy__complex64_complex64
19369131999,288444,395341,1,1,1,32,32,1,30,0.000,0.000,,,,,NVIDIA A100-SXM4-40GB MIG 4g.20gb (0),1,,13,"void convert_kernel<__half2, float2>(tensor_layout_any, T1 *, tensor_layout_any, const T2 *)"
19369451611,6080,395344,,,,,,,,,,0.094,15410.462,Pinned,Device,NVIDIA A100-SXM4-40GB MIG 4g.20gb (0),1,,13,[CUDA memcpy Host-to-Device]
19369826295,604121,395345,,,,,,,,,,456.561,755609.183,Device,,NVIDIA A100-SXM4-40GB MIG 4g.20gb (0),1,,13,[CUDA memset]
19370438288,51007,395350,,,,,,,,,,1.235,24211.077,Pinned,Device,NVIDIA A100-SXM4-40GB MIG 4g.20gb (0),1,,13,[CUDA memcpy Host-to-Device]
19370491887,9696,395351,,,,,,,,,,0.197,20277.166,Pinned,Device,NVIDIA A100-SXM4-40GB MIG 4g.20gb (0),1,,13,[CUDA memcpy Host-to-Device]
19370789004,15488,395352,69,4,1,48,1,1,76,0.002,0.000,,,,,NVIDIA A100-SXM4-40GB MIG 4g.20gb (0),1,,13,"void ch_est::windowedChEstPreNoDftSOfdmKernel<float, __half, float, (unsigned int)2, (unsigned int)1, (unsigned short)4>(ch_est::puschRxChEstStatDescr_t *, ch_est::puschRxChEstDynDescr_t *)"
19371064681,16768,395353,137,2,1,24,2,1,44,0.001,0.001,,,,,NVIDIA A100-SXM4-40GB MIG 4g.20gb (0),1,,13,"void ch_est::chEstFilterNoDftSOfdmDispatchKernel<float, __half, float, (unsigned int)2>(ch_est::puschRxChEstStatDescr_t *, ch_est::puschRxChEstDynDescr_t *)"
19371330918,14592,395354,137,2,1,24,2,1,44,0.001,0.001,,,,,NVIDIA A100-SXM4-40GB MIG 4g.20gb (0),1,,13,"void ch_est::chEstFilterNoDftSOfdmDispatchKernel<float, __half, float, (unsigned int)2>(ch_est::puschRxChEstStatDescr_t *, ch_est::puschRxChEstDynDescr_t *)"
19371441797,4352,395365,103,1,1,128,1,1,16,0.000,0.000,,,,,NVIDIA A100-SXM4-40GB MIG 4g.20gb (0),1,,13,cupy_copy__complex64_complex64
19371448229,14079,395375,1434,1,1,128,1,1,16,0.000,0.000,,,,,NVIDIA A100-SXM4-40GB MIG 4g.20gb (0),1,,13,cupy_copy__complex64_complex64
19371570691,4416,395382,103,1,1,128,1,1,16,0.000,0.000,,,,,NVIDIA A100-SXM4-40GB MIG 4g.20gb (0),1,,13,cupy_copy__complex64_complex64
19371577219,182846,395389,1,1,1,32,32,1,30,0.000,0.000,,,,,NVIDIA A100-SXM4-40GB MIG 4g.20gb (0),1,,13,"void convert_kernel<__half2, float2>(tensor_layout_any, T1 *, tensor_layout_any, const T2 *)"
19371788321,5536,395392,,,,,,,,,,0.094,16924.777,Pinned,Device,NVIDIA A100-SXM4-40GB MIG 4g.20gb (0),1,,13,[CUDA memcpy Host-to-Device]
19371808193,47199,395393,,,,,,,,,,35.810,758668.965,Device,,NVIDIA A100-SXM4-40GB MIG 4g.20gb (0),1,,13,[CUDA memset]
19371861632,2048,395395,,,,,,,,,,0.000,39.062,Pinned,Device,NVIDIA A100-SXM4-40GB MIG 4g.20gb (0),1,,13,[CUDA memcpy Host-to-Device]
19371866784,9568,395396,,,,,,,,,,0.197,20548.485,Pinned,Device,NVIDIA A100-SXM4-40GB MIG 4g.20gb (0),1,,13,[CUDA memcpy Host-to-Device]
19371914335,15712,395397,273,1,1,48,1,1,40,0.000,0.001,,,,,NVIDIA A100-SXM4-40GB MIG 4g.20gb (0),1,,13,"void pusch_noise_intf_est::noiseIntfEstNoDftSOfdmKernel<float, __half, float, float, (unsigned int)2, (unsigned int)1, (unsigned char)4, (unsigned char)4>(pusch_noise_intf_est::puschRxNoiseIntfEstDynDescr)"
19371994367,7871,395408,35,1,1,128,1,1,16,0.000,0.000,,,,,NVIDIA A100-SXM4-40GB MIG 4g.20gb (0),1,,13,cupy_copy__complex64_complex64
19372005118,3552,395417,1,1,1,1,1,1,18,0.000,0.000,,,,,NVIDIA A100-SXM4-40GB MIG 4g.20gb (0),1,,13,cupy_copy__float32_float32
19372013886,3552,395423,,,,,,,,,,0.000,1.126,Device,Pageable,NVIDIA A100-SXM4-40GB MIG 4g.20gb (0),1,,7,[CUDA memcpy Device-to-Host]
19372094077,19808,395434,1434,1,1,128,1,1,16,0.000,0.000,,,,,NVIDIA A100-SXM4-40GB MIG 4g.20gb (0),1,,13,cupy_copy__complex64_complex64
19372115997,5312,395441,103,1,1,128,1,1,16,0.000,0.000,,,,,NVIDIA A100-SXM4-40GB MIG 4g.20gb (0),1,,13,cupy_copy__complex64_complex64
19372124733,2528,395448,35,1,1,128,1,1,16,0.000,0.000,,,,,NVIDIA A100-SXM4-40GB MIG 4g.20gb (0),1,,13,cupy_copy__complex64_complex64
19372142717,2080,395455,1,1,1,1,1,1,18,0.000,0.000,,,,,NVIDIA A100-SXM4-40GB MIG 4g.20gb (0),1,,13,cupy_copy__float32_float32
19372377978,459387,395466,1,1,1,32,32,1,30,0.000,0.000,,,,,NVIDIA A100-SXM4-40GB MIG 4g.20gb (0),1,,13,"void convert_kernel<__half2, float2>(tensor_layout_any, T1 *, tensor_layout_any, const T2 *)"
19372866293,5952,395469,,,,,,,,,,0.094,15741.865,Pinned,Device,NVIDIA A100-SXM4-40GB MIG 4g.20gb (0),1,,13,[CUDA memcpy Host-to-Device]
19373014419,9664,395470,,,,,,,,,,1.547,160038.465,Device,,NVIDIA A100-SXM4-40GB MIG 4g.20gb (0),1,,13,[CUDA memset]
19373025491,3584,395475,,,,,,,,,,0.031,8732.116,Pinned,Device,NVIDIA A100-SXM4-40GB MIG 4g.20gb (0),1,,13,[CUDA memcpy Host-to-Device]
19373032563,11328,395476,,,,,,,,,,0.197,17355.768,Pinned,Device,NVIDIA A100-SXM4-40GB MIG 4g.20gb (0),1,,13,[CUDA memcpy Host-to-Device]
19373292880,13376,395477,273,1,1,8,4,1,39,0.002,0.000,,,,,NVIDIA A100-SXM4-40GB MIG 4g.20gb (0),1,,13,"void channel_eq::eqMmseCoefCompLowMimoKernel<float, float, float, (unsigned int)4, (unsigned int)1, (unsigned int)4>(const channel_eq::_puschRxChEqStatDescr *, channel_eq::_puschRxChEqCoefCompDynDescr)"
19373534189,17248,395478,273,1,1,12,11,1,51,0.002,0.000,,,,,NVIDIA A100-SXM4-40GB MIG 4g.20gb (0),1,,13,"void channel_eq::eqMmseSoftDemapKernel<float, __half, __half, float, (unsigned int)4, (unsigned short)16383>(channel_eq::_puschRxChEqStatDescr *, channel_eq::_puschRxChEqSoftDemapDynDescr)"
19373779339,650424,395479,1,1,1,32,32,1,30,0.000,0.000,,,,,NVIDIA A100-SXM4-40GB MIG 4g.20gb (0),1,,13,"void convert_kernel<float2, __half2>(tensor_layout_any, T1 *, tensor_layout_any, const T2 *)"
19374624769,15008,395491,2253,1,1,128,1,1,16,0.000,0.000,,,,,NVIDIA A100-SXM4-40GB MIG 4g.20gb (0),1,,13,cupy_copy__float16_float16
19374724096,7104,395500,282,1,1,128,1,1,16,0.000,0.000,,,,,NVIDIA A100-SXM4-40GB MIG 4g.20gb (0),1,,13,cupy_copy__complex64_complex64
19374852383,5312,395509,26,1,1,128,1,1,16,0.000,0.000,,,,,NVIDIA A100-SXM4-40GB MIG 4g.20gb (0),1,,13,cupy_copy__float32_float32
19374941150,11167,395518,103,1,1,128,1,1,16,0.000,0.000,,,,,NVIDIA A100-SXM4-40GB MIG 4g.20gb (0),1,,13,cupy_copy__complex64_complex64
19375067932,17888,395528,1434,1,1,128,1,1,16,0.000,0.000,,,,,NVIDIA A100-SXM4-40GB MIG 4g.20gb (0),1,,13,cupy_copy__complex64_complex64
19375167003,276541,395533,1,1,1,32,32,1,30,0.000,0.000,,,,,NVIDIA A100-SXM4-40GB MIG 4g.20gb (0),1,,13,"void convert_kernel<__half2, float2>(tensor_layout_any, T1 *, tensor_layout_any, const T2 *)"
19375473720,5376,395536,,,,,,,,,,0.094,17428.487,Pinned,Device,NVIDIA A100-SXM4-40GB MIG 4g.20gb (0),1,,13,[CUDA memcpy Host-to-Device]
19375484631,613402,395537,,,,,,,,,,456.561,744195.147,Device,,NVIDIA A100-SXM4-40GB MIG 4g.20gb (0),1,,13,[CUDA memset]
19376101553,50367,395542,,,,,,,,,,1.235,24518.578,Pinned,Device,NVIDIA A100-SXM4-40GB MIG 4g.20gb (0),1,,13,[CUDA memcpy Host-to-Device]
19376156752,11232,395543,,,,,,,,,,0.197,17504.207,Pinned,Device,NVIDIA A100-SXM4-40GB MIG 4g.20gb (0),1,,13,[CUDA memcpy Host-to-Device]
19376208303,18304,395544,69,4,1,48,1,1,76,0.002,0.000,,,,,NVIDIA A100-SXM4-40GB MIG 4g.20gb (0),1,,13,"void ch_est::windowedChEstPreNoDftSOfdmKernel<float, __half, float, (unsigned int)2, (unsigned int)1, (unsigned short)4>(ch_est::puschRxChEstStatDescr_t *, ch_est::puschRxChEstDynDescr_t *)"
19376229967,6880,395545,137,2,1,24,2,1,44,0.001,0.001,,,,,NVIDIA A100-SXM4-40GB MIG 4g.20gb (0),1,,13,"void ch_est::chEstFilterNoDftSOfdmDispatchKernel<float, __half, float, (unsigned int)2>(ch_est::puschRxChEstStatDescr_t *, ch_est::puschRxChEstDynDescr_t *)"
19376294606,18784,395546,137,2,1,24,2,1,44,0.001,0.001,,,,,NVIDIA A100-SXM4-40GB MIG 4g.20gb (0),1,,13,"void ch_est::chEstFilterNoDftSOfdmDispatchKernel<float, __half, float, (unsigned int)2>(ch_est::puschRxChEstStatDescr_t *, ch_est::puschRxChEstDynDescr_t *)"
19376318798,4352,395557,103,1,1,128,1,1,16,0.000,0.000,,,,,NVIDIA A100-SXM4-40GB MIG 4g.20gb (0),1,,13,cupy_copy__complex64_complex64
19376323854,13088,395567,1434,1,1,128,1,1,16,0.000,0.000,,,,,NVIDIA A100-SXM4-40GB MIG 4g.20gb (0),1,,13,cupy_copy__complex64_complex64
19376338574,2528,395574,103,1,1,128,1,1,16,0.000,0.000,,,,,NVIDIA A100-SXM4-40GB MIG 4g.20gb (0),1,,13,cupy_copy__complex64_complex64
19376342638,87839,395581,1,1,1,32,32,1,30,0.000,0.000,,,,,NVIDIA A100-SXM4-40GB MIG 4g.20gb (0),1,,13,"void convert_kernel<__half2, float2>(tensor_layout_any, T1 *, tensor_layout_any, const T2 *)"
19376467981,9023,395584,,,,,,,,,,0.094,10384.047,Pinned,Device,NVIDIA A100-SXM4-40GB MIG 4g.20gb (0),1,,13,[CUDA memcpy Host-to-Device]
19376592747,64383,395585,,,,,,,,,,35.810,556199.677,Device,,NVIDIA A100-SXM4-40GB MIG 4g.20gb (0),1,,13,[CUDA memset]
19376664138,3744,395587,,,,,,,,,,0.000,21.368,Pinned,Device,NVIDIA A100-SXM4-40GB MIG 4g.20gb (0),1,,13,[CUDA memcpy Host-to-Device]
19376670410,10144,395588,,,,,,,,,,0.197,19381.617,Pinned,Device,NVIDIA A100-SXM4-40GB MIG 4g.20gb (0),1,,13,[CUDA memcpy Host-to-Device]
19377190148,24224,395589,273,1,1,48,1,1,40,0.000,0.001,,,,,NVIDIA A100-SXM4-40GB MIG 4g.20gb (0),1,,13,"void pusch_noise_intf_est::noiseIntfEstNoDftSOfdmKernel<float, __half, float, float, (unsigned int)2, (unsigned int)1, (unsigned char)4, (unsigned char)4>(pusch_noise_intf_est::puschRxNoiseIntfEstDynDescr)"
19377837533,30016,395600,35,1,1,128,1,1,16,0.000,0.000,,,,,NVIDIA A100-SXM4-40GB MIG 4g.20gb (0),1,,13,cupy_copy__complex64_complex64
19378465558,6592,395609,1,1,1,1,1,1,18,0.000,0.000,,,,,NVIDIA A100-SXM4-40GB MIG 4g.20gb (0),1,,13,cupy_copy__float32_float32
19378482102,2016,395615,,,,,,,,,,0.000,1.984,Device,Pageable,NVIDIA A100-SXM4-40GB MIG 4g.20gb (0),1,,7,[CUDA memcpy Device-to-Host]
19379104591,33088,395626,1434,1,1,128,1,1,16,0.000,0.000,,,,,NVIDIA A100-SXM4-40GB MIG 4g.20gb (0),1,,13,cupy_copy__complex64_complex64
19379260877,12736,395633,103,1,1,128,1,1,16,0.000,0.000,,,,,NVIDIA A100-SXM4-40GB MIG 4g.20gb (0),1,,13,cupy_copy__complex64_complex64
19379802503,6176,395640,35,1,1,128,1,1,16,0.000,0.000,,,,,NVIDIA A100-SXM4-40GB MIG 4g.20gb (0),1,,13,cupy_copy__complex64_complex64
19380303650,7104,395647,1,1,1,1,1,1,18,0.000,0.000,,,,,NVIDIA A100-SXM4-40GB MIG 4g.20gb (0),1,,13,cupy_copy__float32_float32
19380449280,226237,395658,1,1,1,32,32,1,30,0.000,0.000,,,,,NVIDIA A100-SXM4-40GB MIG 4g.20gb (0),1,,13,"void convert_kernel<__half2, float2>(tensor_layout_any, T1 *, tensor_layout_any, const T2 *)"
19380706237,5824,395661,,,,,,,,,,0.094,16087.884,Pinned,Device,NVIDIA A100-SXM4-40GB MIG 4g.20gb (0),1,,13,[CUDA memcpy Host-to-Device]
19381015514,14656,395662,,,,,,,,,,1.547,105527.702,Device,,NVIDIA A100-SXM4-40GB MIG 4g.20gb (0),1,,13,[CUDA memset]
19381037689,3616,395667,,,,,,,,,,0.031,8654.846,Pinned,Device,NVIDIA A100-SXM4-40GB MIG 4g.20gb (0),1,,13,[CUDA memcpy Host-to-Device]
19381044505,9920,395668,,,,,,,,,,0.197,19819.266,Pinned,Device,NVIDIA A100-SXM4-40GB MIG 4g.20gb (0),1,,13,[CUDA memcpy Host-to-Device]
19381678962,28672,395669,273,1,1,8,4,1,39,0.002,0.000,,,,,NVIDIA A100-SXM4-40GB MIG 4g.20gb (0),1,,13,"void channel_eq::eqMmseCoefCompLowMimoKernel<float, float, float, (unsigned int)4, (unsigned int)1, (unsigned int)4>(const channel_eq::_puschRxChEqStatDescr *, channel_eq::_puschRxChEqCoefCompDynDescr)"
19382340427,22752,395670,273,1,1,12,11,1,51,0.002,0.000,,,,,NVIDIA A100-SXM4-40GB MIG 4g.20gb (0),1,,13,"void channel_eq::eqMmseSoftDemapKernel<float, __half, __half, float, (unsigned int)4, (unsigned short)16383>(channel_eq::_puschRxChEqStatDescr *, channel_eq::_puschRxChEqSoftDemapDynDescr)"
19382881573,950229,395671,1,1,1,32,32,1,30,0.000,0.000,,,,,NVIDIA A100-SXM4-40GB MIG 4g.20gb (0),1,,13,"void convert_kernel<float2, __half2>(tensor_layout_any, T1 *, tensor_layout_any, const T2 *)"
19384193398,14304,395683,2253,1,1,128,1,1,16,0.000,0.000,,,,,NVIDIA A100-SXM4-40GB MIG 4g.20gb (0),1,,13,cupy_copy__float16_float16
19384634161,5184,395692,282,1,1,128,1,1,16,0.000,0.000,,,,,NVIDIA A100-SXM4-40GB MIG 4g.20gb (0),1,,13,cupy_copy__complex64_complex64
19384946798,7808,395701,26,1,1,128,1,1,16,0.000,0.000,,,,,NVIDIA A100-SXM4-40GB MIG 4g.20gb (0),1,,13,cupy_copy__float32_float32
19385064588,5312,395710,103,1,1,128,1,1,16,0.000,0.000,,,,,NVIDIA A100-SXM4-40GB MIG 4g.20gb (0),1,,13,cupy_copy__complex64_complex64
19385383881,29472,395720,1434,1,1,128,1,1,16,0.000,0.000,,,,,NVIDIA A100-SXM4-40GB MIG 4g.20gb (0),1,,13,cupy_copy__complex64_complex64
19385506407,334941,395725,1,1,1,32,32,1,30,0.000,0.000,,,,,NVIDIA A100-SXM4-40GB MIG 4g.20gb (0),1,,13,"void convert_kernel<__half2, float2>(tensor_layout_any, T1 *, tensor_layout_any, const T2 *)"
19385871363,5536,395728,,,,,,,,,,0.094,16924.777,Pinned,Device,NVIDIA A100-SXM4-40GB MIG 4g.20gb (0),1,,13,[CUDA memcpy Host-to-Device]
19386310622,621370,395729,,,,,,,,,,456.561,734607.357,Device,,NVIDIA A100-SXM4-40GB MIG 4g.20gb (0),1,,13,[CUDA memset]
19386938103,50816,395734,,,,,,,,,,1.235,24301.228,Pinned,Device,NVIDIA A100-SXM4-40GB MIG 4g.20gb (0),1,,13,[CUDA memcpy Host-to-Device]
19386991991,10464,395735,,,,,,,,,,0.197,18788.844,Pinned,Device,NVIDIA A100-SXM4-40GB MIG 4g.20gb (0),1,,13,[CUDA memcpy Host-to-Device]
19387343955,27744,395736,69,4,1,48,1,1,76,0.002,0.000,,,,,NVIDIA A100-SXM4-40GB MIG 4g.20gb (0),1,,13,"void ch_est::windowedChEstPreNoDftSOfdmKernel<float, __half, float, (unsigned int)2, (unsigned int)1, (unsigned short)4>(ch_est::puschRxChEstStatDescr_t *, ch_est::puschRxChEstDynDescr_t *)"
19387455474,13696,395737,137,2,1,24,2,1,44,0.001,0.001,,,,,NVIDIA A100-SXM4-40GB MIG 4g.20gb (0),1,,13,"void ch_est::chEstFilterNoDftSOfdmDispatchKernel<float, __half, float, (unsigned int)2>(ch_est::puschRxChEstStatDescr_t *, ch_est::puschRxChEstDynDescr_t *)"
19387774190,32320,395738,137,2,1,24,2,1,44,0.001,0.001,,,,,NVIDIA A100-SXM4-40GB MIG 4g.20gb (0),1,,13,"void ch_est::chEstFilterNoDftSOfdmDispatchKernel<float, __half, float, (unsigned int)2>(ch_est::puschRxChEstStatDescr_t *, ch_est::puschRxChEstDynDescr_t *)"
19387886829,4512,395749,103,1,1,128,1,1,16,0.000,0.000,,,,,NVIDIA A100-SXM4-40GB MIG 4g.20gb (0),1,,13,cupy_copy__complex64_complex64
19388205289,28576,395759,1434,1,1,128,1,1,16,0.000,0.000,,,,,NVIDIA A100-SXM4-40GB MIG 4g.20gb (0),1,,13,cupy_copy__complex64_complex64
19388324264,5184,395766,103,1,1,128,1,1,16,0.000,0.000,,,,,NVIDIA A100-SXM4-40GB MIG 4g.20gb (0),1,,13,cupy_copy__complex64_complex64
19388643780,348125,395773,1,1,1,32,32,1,30,0.000,0.000,,,,,NVIDIA A100-SXM4-40GB MIG 4g.20gb (0),1,,13,"void convert_kernel<__half2, float2>(tensor_layout_any, T1 *, tensor_layout_any, const T2 *)"
19389022560,6304,395776,,,,,,,,,,0.094,14862.903,Pinned,Device,NVIDIA A100-SXM4-40GB MIG 4g.20gb (0),1,,13,[CUDA memcpy Host-to-Device]
19389198718,55232,395777,,,,,,,,,,35.810,648338.602,Device,,NVIDIA A100-SXM4-40GB MIG 4g.20gb (0),1,,13,[CUDA memset]
19389257822,3743,395779,,,,,,,,,,0.000,21.373,Pinned,Device,NVIDIA A100-SXM4-40GB MIG 4g.20gb (0),1,,13,[CUDA memcpy Host-to-Device]
19389264029,9760,395780,,,,,,,,,,0.197,20144.259,Pinned,Device,NVIDIA A100-SXM4-40GB MIG 4g.20gb (0),1,,13,[CUDA memcpy Host-to-Device]
19389347485,11327,395781,273,1,1,48,1,1,40,0.000,0.001,,,,,NVIDIA A100-SXM4-40GB MIG 4g.20gb (0),1,,13,"void pusch_noise_intf_est::noiseIntfEstNoDftSOfdmKernel<float, __half, float, float, (unsigned int)2, (unsigned int)1, (unsigned char)4, (unsigned char)4>(pusch_noise_intf_est::puschRxNoiseIntfEstDynDescr)"
19389544122,3840,395792,35,1,1,128,1,1,16,0.000,0.000,,,,,NVIDIA A100-SXM4-40GB MIG 4g.20gb (0),1,,13,cupy_copy__complex64_complex64
19389645881,6208,395801,1,1,1,1,1,1,18,0.000,0.000,,,,,NVIDIA A100-SXM4-40GB MIG 4g.20gb (0),1,,13,cupy_copy__float32_float32
19389670297,5568,395807,,,,,,,,,,0.000,0.718,Device,Pageable,NVIDIA A100-SXM4-40GB MIG 4g.20gb (0),1,,7,[CUDA memcpy Device-to-Host]
19389840087,25056,395818,1434,1,1,128,1,1,16,0.000,0.000,,,,,NVIDIA A100-SXM4-40GB MIG 4g.20gb (0),1,,13,cupy_copy__complex64_complex64
19389957910,8224,395825,103,1,1,128,1,1,16,0.000,0.000,,,,,NVIDIA A100-SXM4-40GB MIG 4g.20gb (0),1,,13,cupy_copy__complex64_complex64
19389968982,4032,395832,35,1,1,128,1,1,16,0.000,0.000,,,,,NVIDIA A100-SXM4-40GB MIG 4g.20gb (0),1,,13,cupy_copy__complex64_complex64
19389979029,2080,395839,1,1,1,1,1,1,18,0.000,0.000,,,,,NVIDIA A100-SXM4-40GB MIG 4g.20gb (0),1,,13,cupy_copy__float32_float32
19390075700,332861,395850,1,1,1,32,32,1,30,0.000,0.000,,,,,NVIDIA A100-SXM4-40GB MIG 4g.20gb (0),1,,13,"void convert_kernel<__half2, float2>(tensor_layout_any, T1 *, tensor_layout_any, const T2 *)"
19390437168,5600,395853,,,,,,,,,,0.094,16731.388,Pinned,Device,NVIDIA A100-SXM4-40GB MIG 4g.20gb (0),1,,13,[CUDA memcpy Host-to-Device]
19390654798,5056,395854,,,,,,,,,,1.547,305897.481,Device,,NVIDIA A100-SXM4-40GB MIG 4g.20gb (0),1,,13,[CUDA memset]
19390667886,3104,395859,,,,,,,,,,0.031,10082.445,Pinned,Device,NVIDIA A100-SXM4-40GB MIG 4g.20gb (0),1,,13,[CUDA memcpy Host-to-Device]
19390675374,10912,395860,,,,,,,,,,0.197,18017.550,Pinned,Device,NVIDIA A100-SXM4-40GB MIG 4g.20gb (0),1,,13,[CUDA memcpy Host-to-Device]
19390802220,15648,395861,273,1,1,8,4,1,39,0.002,0.000,,,,,NVIDIA A100-SXM4-40GB MIG 4g.20gb (0),1,,13,"void channel_eq::eqMmseCoefCompLowMimoKernel<float, float, float, (unsigned int)4, (unsigned int)1, (unsigned int)4>(const channel_eq::_puschRxChEqStatDescr *, channel_eq::_puschRxChEqCoefCompDynDescr)"
19390819308,21568,395862,273,1,1,12,11,1,51,0.002,0.000,,,,,NVIDIA A100-SXM4-40GB MIG 4g.20gb (0),1,,13,"void channel_eq::eqMmseSoftDemapKernel<float, __half, __half, float, (unsigned int)4, (unsigned short)16383>(channel_eq::_puschRxChEqStatDescr *, channel_eq::_puschRxChEqSoftDemapDynDescr)"
19390842572,442523,395863,1,1,1,32,32,1,30,0.000,0.000,,,,,NVIDIA A100-SXM4-40GB MIG 4g.20gb (0),1,,13,"void convert_kernel<float2, __half2>(tensor_layout_any, T1 *, tensor_layout_any, const T2 *)"
19391286887,26784,395875,2253,1,1,128,1,1,16,0.000,0.000,,,,,NVIDIA A100-SXM4-40GB MIG 4g.20gb (0),1,,13,cupy_copy__float16_float16
19391438725,32160,395884,282,1,1,128,1,1,16,0.000,0.000,,,,,NVIDIA A100-SXM4-40GB MIG 4g.20gb (0),1,,13,cupy_copy__complex64_complex64
19391473029,3552,395893,26,1,1,128,1,1,16,0.000,0.000,,,,,NVIDIA A100-SXM4-40GB MIG 4g.20gb (0),1,,13,cupy_copy__float32_float32
19391478245,5888,395902,103,1,1,128,1,1,16,0.000,0.000,,,,,NVIDIA A100-SXM4-40GB MIG 4g.20gb (0),1,,13,cupy_copy__complex64_complex64
19391486533,21535,395912,1434,1,1,128,1,1,16,0.000,0.000,,,,,NVIDIA A100-SXM4-40GB MIG 4g.20gb (0),1,,13,cupy_copy__complex64_complex64
19391634787,272317,395917,1,1,1,32,32,1,30,0.000,0.000,,,,,NVIDIA A100-SXM4-40GB MIG 4g.20gb (0),1,,13,"void convert_kernel<__half2, float2>(tensor_layout_any, T1 *, tensor_layout_any, const T2 *)"
19391937248,5696,395920,,,,,,,,,,0.094,16449.363,Pinned,Device,NVIDIA A100-SXM4-40GB MIG 4g.20gb (0),1,,13,[CUDA memcpy Host-to-Device]
19392213276,643001,395921,,,,,,,,,,456.561,709953.039,Device,,NVIDIA A100-SXM4-40GB MIG 4g.20gb (0),1,,13,[CUDA memset]
19392858165,50432,395926,,,,,,,,,,1.235,24486.470,Pinned,Device,NVIDIA A100-SXM4-40GB MIG 4g.20gb (0),1,,13,[CUDA memcpy Host-to-Device]
19392912725,9824,395927,,,,,,,,,,0.197,20012.925,Pinned,Device,NVIDIA A100-SXM4-40GB MIG 4g.20gb (0),1,,13,[CUDA memcpy Host-to-Device]
19393258737,12832,395928,69,4,1,48,1,1,76,0.002,0.000,,,,,NVIDIA A100-SXM4-40GB MIG 4g.20gb (0),1,,13,"void ch_est::windowedChEstPreNoDftSOfdmKernel<float, __half, float, (unsigned int)2, (unsigned int)1, (unsigned short)4>(ch_est::puschRxChEstStatDescr_t *, ch_est::puschRxChEstDynDescr_t *)"
19393749995,9696,395929,137,2,1,24,2,1,44,0.001,0.001,,,,,NVIDIA A100-SXM4-40GB MIG 4g.20gb (0),1,,13,"void ch_est::chEstFilterNoDftSOfdmDispatchKernel<float, __half, float, (unsigned int)2>(ch_est::puschRxChEstStatDescr_t *, ch_est::puschRxChEstDynDescr_t *)"
19393985865,17055,395930,137,2,1,24,2,1,44,0.001,0.001,,,,,NVIDIA A100-SXM4-40GB MIG 4g.20gb (0),1,,13,"void ch_est::chEstFilterNoDftSOfdmDispatchKernel<float, __half, float, (unsigned int)2>(ch_est::puschRxChEstStatDescr_t *, ch_est::puschRxChEstDynDescr_t *)"
19394271717,4896,395941,103,1,1,128,1,1,16,0.000,0.000,,,,,NVIDIA A100-SXM4-40GB MIG 4g.20gb (0),1,,13,cupy_copy__complex64_complex64
19394541698,21568,395951,1434,1,1,128,1,1,16,0.000,0.000,,,,,NVIDIA A100-SXM4-40GB MIG 4g.20gb (0),1,,13,cupy_copy__complex64_complex64
19394879263,6176,395958,103,1,1,128,1,1,16,0.000,0.000,,,,,NVIDIA A100-SXM4-40GB MIG 4g.20gb (0),1,,13,cupy_copy__complex64_complex64
19395215707,368956,395965,1,1,1,32,32,1,30,0.000,0.000,,,,,NVIDIA A100-SXM4-40GB MIG 4g.20gb (0),1,,13,"void convert_kernel<__half2, float2>(tensor_layout_any, T1 *, tensor_layout_any, const T2 *)"
19395613270,5504,395968,,,,,,,,,,0.094,17023.251,Pinned,Device,NVIDIA A100-SXM4-40GB MIG 4g.20gb (0),1,,13,[CUDA memcpy Host-to-Device]
19396075601,47808,395969,,,,,,,,,,35.810,749036.097,Device,,NVIDIA A100-SXM4-40GB MIG 4g.20gb (0),1,,13,[CUDA memset]
19396131185,2560,395971,,,,,,,,,,0.000,31.250,Pinned,Device,NVIDIA A100-SXM4-40GB MIG 4g.20gb (0),1,,13,[CUDA memcpy Host-to-Device]
19396136945,10016,395972,,,,,,,,,,0.197,19629.343,Pinned,Device,NVIDIA A100-SXM4-40GB MIG 4g.20gb (0),1,,13,[CUDA memcpy Host-to-Device]
19396408302,32991,395973,273,1,1,48,1,1,40,0.000,0.001,,,,,NVIDIA A100-SXM4-40GB MIG 4g.20gb (0),1,,13,"void pusch_noise_intf_est::noiseIntfEstNoDftSOfdmKernel<float, __half, float, float, (unsigned int)2, (unsigned int)1, (unsigned char)4, (unsigned char)4>(pusch_noise_intf_est::puschRxNoiseIntfEstDynDescr)"
19396577932,5536,395984,35,1,1,128,1,1,16,0.000,0.000,,,,,NVIDIA A100-SXM4-40GB MIG 4g.20gb (0),1,,13,cupy_copy__complex64_complex64
19396750954,4320,395993,1,1,1,1,1,1,18,0.000,0.000,,,,,NVIDIA A100-SXM4-40GB MIG 4g.20gb (0),1,,13,cupy_copy__float32_float32
19396760458,1856,395999,,,,,,,,,,0.000,2.155,Device,Pageable,NVIDIA A100-SXM4-40GB MIG 4g.20gb (0),1,,7,[CUDA memcpy Device-to-Host]
19397031719,26399,396010,1434,1,1,128,1,1,16,0.000,0.000,,,,,NVIDIA A100-SXM4-40GB MIG 4g.20gb (0),1,,13,cupy_copy__complex64_complex64
19397198565,6336,396017,103,1,1,128,1,1,16,0.000,0.000,,,,,NVIDIA A100-SXM4-40GB MIG 4g.20gb (0),1,,13,cupy_copy__complex64_complex64
19397255172,5504,396024,35,1,1,128,1,1,16,0.000,0.000,,,,,NVIDIA A100-SXM4-40GB MIG 4g.20gb (0),1,,13,cupy_copy__complex64_complex64
19397352739,4192,396031,1,1,1,1,1,1,18,0.000,0.000,,,,,NVIDIA A100-SXM4-40GB MIG 4g.20gb (0),1,,13,cupy_copy__float32_float32
19397358147,263837,396042,1,1,1,32,32,1,30,0.000,0.000,,,,,NVIDIA A100-SXM4-40GB MIG 4g.20gb (0),1,,13,"void convert_kernel<__half2, float2>(tensor_layout_any, T1 *, tensor_layout_any, const T2 *)"
19397652096,5408,396045,,,,,,,,,,0.094,17325.421,Pinned,Device,NVIDIA A100-SXM4-40GB MIG 4g.20gb (0),1,,13,[CUDA memcpy Host-to-Device]
19397694559,6848,396046,,,,,,,,,,1.547,225850.409,Device,,NVIDIA A100-SXM4-40GB MIG 4g.20gb (0),1,,13,[CUDA memset]
19397703231,3168,396051,,,,,,,,,,0.031,9878.770,Pinned,Device,NVIDIA A100-SXM4-40GB MIG 4g.20gb (0),1,,13,[CUDA memcpy Host-to-Device]
19397708831,9952,396052,,,,,,,,,,0.197,19755.565,Pinned,Device,NVIDIA A100-SXM4-40GB MIG 4g.20gb (0),1,,13,[CUDA memcpy Host-to-Device]
19397810686,13344,396053,273,1,1,8,4,1,39,0.002,0.000,,,,,NVIDIA A100-SXM4-40GB MIG 4g.20gb (0),1,,13,"void channel_eq::eqMmseCoefCompLowMimoKernel<float, float, float, (unsigned int)4, (unsigned int)1, (unsigned int)4>(const channel_eq::_puschRxChEqStatDescr *, channel_eq::_puschRxChEqCoefCompDynDescr)"
19397825918,10016,396054,273,1,1,12,11,1,51,0.002,0.000,,,,,NVIDIA A100-SXM4-40GB MIG 4g.20gb (0),1,,13,"void channel_eq::eqMmseSoftDemapKernel<float, __half, __half, float, (unsigned int)4, (unsigned short)16383>(channel_eq::_puschRxChEqStatDescr *, channel_eq::_puschRxChEqSoftDemapDynDescr)"
19397838430,281692,396055,1,1,1,32,32,1,30,0.000,0.000,,,,,NVIDIA A100-SXM4-40GB MIG 4g.20gb (0),1,,13,"void convert_kernel<float2, __half2>(tensor_layout_any, T1 *, tensor_layout_any, const T2 *)"
19398122234,10944,396067,2253,1,1,128,1,1,16,0.000,0.000,,,,,NVIDIA A100-SXM4-40GB MIG 4g.20gb (0),1,,13,cupy_copy__float16_float16
19398135578,2880,396076,282,1,1,128,1,1,16,0.000,0.000,,,,,NVIDIA A100-SXM4-40GB MIG 4g.20gb (0),1,,13,cupy_copy__complex64_complex64
19398140218,2048,396085,26,1,1,128,1,1,16,0.000,0.000,,,,,NVIDIA A100-SXM4-40GB MIG 4g.20gb (0),1,,13,cupy_copy__float32_float32
19398144026,2944,396094,103,1,1,128,1,1,16,0.000,0.000,,,,,NVIDIA A100-SXM4-40GB MIG 4g.20gb (0),1,,13,cupy_copy__complex64_complex64
19398149274,12064,396104,1434,1,1,128,1,1,16,0.000,0.000,,,,,NVIDIA A100-SXM4-40GB MIG 4g.20gb (0),1,,13,cupy_copy__complex64_complex64
19398162906,346620,396109,1,1,1,32,32,1,30,0.000,0.000,,,,,NVIDIA A100-SXM4-40GB MIG 4g.20gb (0),1,,13,"void convert_kernel<__half2, float2>(tensor_layout_any, T1 *, tensor_layout_any, const T2 *)"
19398541014,5888,396112,,,,,,,,,,0.094,15912.954,Pinned,Device,NVIDIA A100-SXM4-40GB MIG 4g.20gb (0),1,,13,[CUDA memcpy Host-to-Device]
19398627221,607193,396113,,,,,,,,,,456.561,751500.130,Device,,NVIDIA A100-SXM4-40GB MIG 4g.20gb (0),1,,13,[CUDA memset]
19399240814,51743,396118,,,,,,,,,,1.235,23866.528,Pinned,Device,NVIDIA A100-SXM4-40GB MIG 4g.20gb (0),1,,13,[CUDA memcpy Host-to-Device]
19399295021,10656,396119,,,,,,,,,,0.197,18450.285,Pinned,Device,NVIDIA A100-SXM4-40GB MIG 4g.20gb (0),1,,13,[CUDA memcpy Host-to-Device]
19399787016,14112,396120,69,4,1,48,1,1,76,0.002,0.000,,,,,NVIDIA A100-SXM4-40GB MIG 4g.20gb (0),1,,13,"void ch_est::windowedChEstPreNoDftSOfdmKernel<float, __half, float, (unsigned int)2, (unsigned int)1, (unsigned short)4>(ch_est::puschRxChEstStatDescr_t *, ch_est::puschRxChEstDynDescr_t *)"
19400371425,21792,396121,137,2,1,24,2,1,44,0.001,0.001,,,,,NVIDIA A100-SXM4-40GB MIG 4g.20gb (0),1,,13,"void ch_est::chEstFilterNoDftSOfdmDispatchKernel<float, __half, float, (unsigned int)2>(ch_est::puschRxChEstStatDescr_t *, ch_est::puschRxChEstDynDescr_t *)"
19400956411,10464,396122,137,2,1,24,2,1,44,0.001,0.001,,,,,NVIDIA A100-SXM4-40GB MIG 4g.20gb (0),1,,13,"void ch_est::chEstFilterNoDftSOfdmDispatchKernel<float, __half, float, (unsigned int)2>(ch_est::puschRxChEstStatDescr_t *, ch_est::puschRxChEstDynDescr_t *)"
19401106649,10496,396133,103,1,1,128,1,1,16,0.000,0.000,,,,,NVIDIA A100-SXM4-40GB MIG 4g.20gb (0),1,,13,cupy_copy__complex64_complex64
19401601332,26815,396143,1434,1,1,128,1,1,16,0.000,0.000,,,,,NVIDIA A100-SXM4-40GB MIG 4g.20gb (0),1,,13,cupy_copy__complex64_complex64
19402217357,7872,396150,103,1,1,128,1,1,16,0.000,0.000,,,,,NVIDIA A100-SXM4-40GB MIG 4g.20gb (0),1,,13,cupy_copy__complex64_complex64
19402348011,295581,396157,1,1,1,32,32,1,30,0.000,0.000,,,,,NVIDIA A100-SXM4-40GB MIG 4g.20gb (0),1,,13,"void convert_kernel<__half2, float2>(tensor_layout_any, T1 *, tensor_layout_any, const T2 *)"
19402675368,5983,396160,,,,,,,,,,0.094,15660.349,Pinned,Device,NVIDIA A100-SXM4-40GB MIG 4g.20gb (0),1,,13,[CUDA memcpy Host-to-Device]
19402864837,67168,396161,,,,,,,,,,35.810,533138.089,Device,,NVIDIA A100-SXM4-40GB MIG 4g.20gb (0),1,,13,[CUDA memset]
19402932901,2400,396163,,,,,,,,,,0.000,33.333,Pinned,Device,NVIDIA A100-SXM4-40GB MIG 4g.20gb (0),1,,13,[CUDA memcpy Host-to-Device]
19402940069,9567,396164,,,,,,,,,,0.197,20550.451,Pinned,Device,NVIDIA A100-SXM4-40GB MIG 4g.20gb (0),1,,13,[CUDA memcpy Host-to-Device]
19403433247,27456,396165,273,1,1,48,1,1,40,0.000,0.001,,,,,NVIDIA A100-SXM4-40GB MIG 4g.20gb (0),1,,13,"void pusch_noise_intf_est::noiseIntfEstNoDftSOfdmKernel<float, __half, float, float, (unsigned int)2, (unsigned int)1, (unsigned char)4, (unsigned char)4>(pusch_noise_intf_est::puschRxNoiseIntfEstDynDescr)"
19403945049,16416,396176,35,1,1,128,1,1,16,0.000,0.000,,,,,NVIDIA A100-SXM4-40GB MIG 4g.20gb (0),1,,13,cupy_copy__complex64_complex64
19404398964,4960,396185,1,1,1,1,1,1,18,0.000,0.000,,,,,NVIDIA A100-SXM4-40GB MIG 4g.20gb (0),1,,13,cupy_copy__float32_float32
19404407284,3296,396191,,,,,,,,,,0.000,1.214,Device,Pageable,NVIDIA A100-SXM4-40GB MIG 4g.20gb (0),1,,7,[CUDA memcpy Device-to-Host]
19404915119,18783,396202,1434,1,1,128,1,1,16,0.000,0.000,,,,,NVIDIA A100-SXM4-40GB MIG 4g.20gb (0),1,,13,cupy_copy__complex64_complex64
19405077229,7840,396209,103,1,1,128,1,1,16,0.000,0.000,,,,,NVIDIA A100-SXM4-40GB MIG 4g.20gb (0),1,,13,cupy_copy__complex64_complex64
19405207659,13280,396216,35,1,1,128,1,1,16,0.000,0.000,,,,,NVIDIA A100-SXM4-40GB MIG 4g.20gb (0),1,,13,cupy_copy__complex64_complex64
19405352330,5888,396223,1,1,1,1,1,1,18,0.000,0.000,,,,,NVIDIA A100-SXM4-40GB MIG 4g.20gb (0),1,,13,cupy_copy__float32_float32
19405415273,472891,396234,1,1,1,32,32,1,30,0.000,0.000,,,,,NVIDIA A100-SXM4-40GB MIG 4g.20gb (0),1,,13,"void convert_kernel<__half2, float2>(tensor_layout_any, T1 *, tensor_layout_any, const T2 *)"
19405917699,6272,396237,,,,,,,,,,0.094,14938.703,Pinned,Device,NVIDIA A100-SXM4-40GB MIG 4g.20gb (0),1,,13,[CUDA memcpy Host-to-Device]
19406412414,14144,396238,,,,,,,,,,1.547,109347.863,Device,,NVIDIA A100-SXM4-40GB MIG 4g.20gb (0),1,,13,[CUDA memset]
19406433534,3456,396243,,,,,,,,,,0.031,9055.529,Pinned,Device,NVIDIA A100-SXM4-40GB MIG 4g.20gb (0),1,,13,[CUDA memcpy Host-to-Device]
19406440061,10112,396244,,,,,,,,,,0.197,19442.958,Pinned,Device,NVIDIA A100-SXM4-40GB MIG 4g.20gb (0),1,,13,[CUDA memcpy Host-to-Device]
19406949624,25055,396245,273,1,1,8,4,1,39,0.002,0.000,,,,,NVIDIA A100-SXM4-40GB MIG 4g.20gb (0),1,,13,"void channel_eq::eqMmseCoefCompLowMimoKernel<float, float, float, (unsigned int)4, (unsigned int)1, (unsigned int)4>(const channel_eq::_puschRxChEqStatDescr *, channel_eq::_puschRxChEqCoefCompDynDescr)"
19407484690,25792,396246,273,1,1,12,11,1,51,0.002,0.000,,,,,NVIDIA A100-SXM4-40GB MIG 4g.20gb (0),1,,13,"void channel_eq::eqMmseSoftDemapKernel<float, __half, __half, float, (unsigned int)4, (unsigned short)16383>(channel_eq::_puschRxChEqStatDescr *, channel_eq::_puschRxChEqSoftDemapDynDescr)"
19408079275,807767,396247,1,1,1,32,32,1,30,0.000,0.000,,,,,NVIDIA A100-SXM4-40GB MIG 4g.20gb (0),1,,13,"void convert_kernel<float2, __half2>(tensor_layout_any, T1 *, tensor_layout_any, const T2 *)"
19409321245,15904,396259,2253,1,1,128,1,1,16,0.000,0.000,,,,,NVIDIA A100-SXM4-40GB MIG 4g.20gb (0),1,,13,cupy_copy__float16_float16
19409787192,8480,396268,282,1,1,128,1,1,16,0.000,0.000,,,,,NVIDIA A100-SXM4-40GB MIG 4g.20gb (0),1,,13,cupy_copy__complex64_complex64
19409917559,14047,396277,26,1,1,128,1,1,16,0.000,0.000,,,,,NVIDIA A100-SXM4-40GB MIG 4g.20gb (0),1,,13,cupy_copy__float32_float32
19410307442,8032,396286,103,1,1,128,1,1,16,0.000,0.000,,,,,NVIDIA A100-SXM4-40GB MIG 4g.20gb (0),1,,13,cupy_copy__complex64_complex64
19410379601,35584,396296,1434,1,1,128,1,1,16,0.000,0.000,,,,,NVIDIA A100-SXM4-40GB MIG 4g.20gb (0),1,,13,cupy_copy__complex64_complex64
19410849004,321021,396301,1,1,1,32,32,1,30,0.000,0.000,,,,,NVIDIA A100-SXM4-40GB MIG 4g.20gb (0),1,,13,"void convert_kernel<__half2, float2>(tensor_layout_any, T1 *, tensor_layout_any, const T2 *)"
19411200840,6400,396304,,,,,,,,,,0.094,14640.000,Pinned,Device,NVIDIA A100-SXM4-40GB MIG 4g.20gb (0),1,,13,[CUDA memcpy Host-to-Device]
19411377766,609401,396305,,,,,,,,,,456.561,748760.762,Device,,NVIDIA A100-SXM4-40GB MIG 4g.20gb (0),1,,13,[CUDA memset]
19411994815,51168,396310,,,,,,,,,,1.235,24134.511,Pinned,Device,NVIDIA A100-SXM4-40GB MIG 4g.20gb (0),1,,13,[CUDA memcpy Host-to-Device]
19412048863,10176,396311,,,,,,,,,,0.197,19320.668,Pinned,Device,NVIDIA A100-SXM4-40GB MIG 4g.20gb (0),1,,13,[CUDA memcpy Host-to-Device]
19412145118,28127,396312,69,4,1,48,1,1,76,0.002,0.000,,,,,NVIDIA A100-SXM4-40GB MIG 4g.20gb (0),1,,13,"void ch_est::windowedChEstPreNoDftSOfdmKernel<float, __half, float, (unsigned int)2, (unsigned int)1, (unsigned short)4>(ch_est::puschRxChEstStatDescr_t *, ch_est::puschRxChEstDynDescr_t *)"
19412325276,23391,396313,137,2,1,24,2,1,44,0.001,0.001,,,,,NVIDIA A100-SXM4-40GB MIG 4g.20gb (0),1,,13,"void ch_est::chEstFilterNoDftSOfdmDispatchKernel<float, __half, float, (unsigned int)2>(ch_est::puschRxChEstStatDescr_t *, ch_est::puschRxChEstDynDescr_t *)"
19412562009,22304,396314,137,2,1,24,2,1,44,0.001,0.001,,,,,NVIDIA A100-SXM4-40GB MIG 4g.20gb (0),1,,13,"void ch_est::chEstFilterNoDftSOfdmDispatchKernel<float, __half, float, (unsigned int)2>(ch_est::puschRxChEstStatDescr_t *, ch_est::puschRxChEstDynDescr_t *)"
19412665816,6464,396325,103,1,1,128,1,1,16,0.000,0.000,,,,,NVIDIA A100-SXM4-40GB MIG 4g.20gb (0),1,,13,cupy_copy__complex64_complex64
19412716791,19424,396335,1434,1,1,128,1,1,16,0.000,0.000,,,,,NVIDIA A100-SXM4-40GB MIG 4g.20gb (0),1,,13,cupy_copy__complex64_complex64
19413194194,9600,396342,103,1,1,128,1,1,16,0.000,0.000,,,,,NVIDIA A100-SXM4-40GB MIG 4g.20gb (0),1,,13,cupy_copy__complex64_complex64
19413277329,333372,396349,1,1,1,32,32,1,30,0.000,0.000,,,,,NVIDIA A100-SXM4-40GB MIG 4g.20gb (0),1,,13,"void convert_kernel<__half2, float2>(tensor_layout_any, T1 *, tensor_layout_any, const T2 *)"
19413641037,6048,396352,,,,,,,,,,0.094,15491.978,Pinned,Device,NVIDIA A100-SXM4-40GB MIG 4g.20gb (0),1,,13,[CUDA memcpy Host-to-Device]
19413756332,49503,396353,,,,,,,,,,35.810,723360.384,Device,,NVIDIA A100-SXM4-40GB MIG 4g.20gb (0),1,,13,[CUDA memset]
19413807915,3232,396355,,,,,,,,,,0.000,24.752,Pinned,Device,NVIDIA A100-SXM4-40GB MIG 4g.20gb (0),1,,13,[CUDA memcpy Host-to-Device]
19413813771,10112,396356,,,,,,,,,,0.197,19442.958,Pinned,Device,NVIDIA A100-SXM4-40GB MIG 4g.20gb (0),1,,13,[CUDA memcpy Host-to-Device]
19414373093,19104,396357,273,1,1,48,1,1,40,0.000,0.001,,,,,NVIDIA A100-SXM4-40GB MIG 4g.20gb (0),1,,13,"void pusch_noise_intf_est::noiseIntfEstNoDftSOfdmKernel<float, __half, float, float, (unsigned int)2, (unsigned int)1, (unsigned char)4, (unsigned char)4>(pusch_noise_intf_est::puschRxNoiseIntfEstDynDescr)"
19414930079,7679,396368,35,1,1,128,1,1,16,0.000,0.000,,,,,NVIDIA A100-SXM4-40GB MIG 4g.20gb (0),1,,13,cupy_copy__complex64_complex64
19415367610,7584,396377,1,1,1,1,1,1,18,0.000,0.000,,,,,NVIDIA A100-SXM4-40GB MIG 4g.20gb (0),1,,13,cupy_copy__float32_float32
19415377114,1696,396383,,,,,,,,,,0.000,2.358,Device,Pageable,NVIDIA A100-SXM4-40GB MIG 4g.20gb (0),1,,7,[CUDA memcpy Device-to-Host]
19415939379,21760,396394,1434,1,1,128,1,1,16,0.000,0.000,,,,,NVIDIA A100-SXM4-40GB MIG 4g.20gb (0),1,,13,cupy_copy__complex64_complex64
19416136401,4768,396401,103,1,1,128,1,1,16,0.000,0.000,,,,,NVIDIA A100-SXM4-40GB MIG 4g.20gb (0),1,,13,cupy_copy__complex64_complex64
19416522733,8992,396408,35,1,1,128,1,1,16,0.000,0.000,,,,,NVIDIA A100-SXM4-40GB MIG 4g.20gb (0),1,,13,cupy_copy__complex64_complex64
19416610188,4416,396415,1,1,1,1,1,1,18,0.000,0.000,,,,,NVIDIA A100-SXM4-40GB MIG 4g.20gb (0),1,,13,cupy_copy__float32_float32
19416994791,246942,396426,1,1,1,32,32,1,30,0.000,0.000,,,,,NVIDIA A100-SXM4-40GB MIG 4g.20gb (0),1,,13,"void convert_kernel<__half2, float2>(tensor_layout_any, T1 *, tensor_layout_any, const T2 *)"
19417274180,5920,396429,,,,,,,,,,0.094,15826.941,Pinned,Device,NVIDIA A100-SXM4-40GB MIG 4g.20gb (0),1,,13,[CUDA memcpy Host-to-Device]
19417572161,5856,396430,,,,,,,,,,1.547,264109.247,Device,,NVIDIA A100-SXM4-40GB MIG 4g.20gb (0),1,,13,[CUDA memset]
19417586593,3264,396435,,,,,,,,,,0.031,9588.218,Pinned,Device,NVIDIA A100-SXM4-40GB MIG 4g.20gb (0),1,,13,[CUDA memcpy Host-to-Device]
19417594721,9504,396436,,,,,,,,,,0.197,20686.701,Pinned,Device,NVIDIA A100-SXM4-40GB MIG 4g.20gb (0),1,,13,[CUDA memcpy Host-to-Device]
19418103963,10784,396437,273,1,1,8,4,1,39,0.002,0.000,,,,,NVIDIA A100-SXM4-40GB MIG 4g.20gb (0),1,,13,"void channel_eq::eqMmseCoefCompLowMimoKernel<float, float, float, (unsigned int)4, (unsigned int)1, (unsigned int)4>(const channel_eq::_puschRxChEqStatDescr *, channel_eq::_puschRxChEqCoefCompDynDescr)"
19418269433,21152,396438,273,1,1,12,11,1,51,0.002,0.000,,,,,NVIDIA A100-SXM4-40GB MIG 4g.20gb (0),1,,13,"void channel_eq::eqMmseSoftDemapKernel<float, __half, __half, float, (unsigned int)4, (unsigned short)16383>(channel_eq::_puschRxChEqStatDescr *, channel_eq::_puschRxChEqSoftDemapDynDescr)"
19418409368,1015188,396439,1,1,1,32,32,1,30,0.000,0.000,,,,,NVIDIA A100-SXM4-40GB MIG 4g.20gb (0),1,,13,"void convert_kernel<float2, __half2>(tensor_layout_any, T1 *, tensor_layout_any, const T2 *)"
19419496844,19295,396451,2253,1,1,128,1,1,16,0.000,0.000,,,,,NVIDIA A100-SXM4-40GB MIG 4g.20gb (0),1,,13,cupy_copy__float16_float16
19419665834,9536,396460,282,1,1,128,1,1,16,0.000,0.000,,,,,NVIDIA A100-SXM4-40GB MIG 4g.20gb (0),1,,13,cupy_copy__complex64_complex64
19419779080,5056,396469,26,1,1,128,1,1,16,0.000,0.000,,,,,NVIDIA A100-SXM4-40GB MIG 4g.20gb (0),1,,13,cupy_copy__float32_float32
19419820552,15168,396478,103,1,1,128,1,1,16,0.000,0.000,,,,,NVIDIA A100-SXM4-40GB MIG 4g.20gb (0),1,,13,cupy_copy__complex64_complex64
19419932999,16671,396488,1434,1,1,128,1,1,16,0.000,0.000,,,,,NVIDIA A100-SXM4-40GB MIG 4g.20gb (0),1,,13,cupy_copy__complex64_complex64
19419951910,209566,396493,1,1,1,32,32,1,30,0.000,0.000,,,,,NVIDIA A100-SXM4-40GB MIG 4g.20gb (0),1,,13,"void convert_kernel<__half2, float2>(tensor_layout_any, T1 *, tensor_layout_any, const T2 *)"
19420211620,5471,396496,,,,,,,,,,0.094,17125.849,Pinned,Device,NVIDIA A100-SXM4-40GB MIG 4g.20gb (0),1,,13,[CUDA memcpy Host-to-Device]
19420290723,608697,396497,,,,,,,,,,456.561,749673.884,Device,,NVIDIA A100-SXM4-40GB MIG 4g.20gb (0),1,,13,[CUDA memset]
19420909788,50463,396502,,,,,,,,,,1.235,24471.650,Pinned,Device,NVIDIA A100-SXM4-40GB MIG 4g.20gb (0),1,,13,[CUDA memcpy Host-to-Device]
19420963163,10016,396503,,,,,,,,,,0.197,19629.343,Pinned,Device,NVIDIA A100-SXM4-40GB MIG 4g.20gb (0),1,,13,[CUDA memcpy Host-to-Device]
19421083130,8704,396504,69,4,1,48,1,1,76,0.002,0.000,,,,,NVIDIA A100-SXM4-40GB MIG 4g.20gb (0),1,,13,"void ch_est::windowedChEstPreNoDftSOfdmKernel<float, __half, float, (unsigned int)2, (unsigned int)1, (unsigned short)4>(ch_est::puschRxChEstStatDescr_t *, ch_est::puschRxChEstDynDescr_t *)"
19421220792,10400,396505,137,2,1,24,2,1,44,0.001,0.001,,,,,NVIDIA A100-SXM4-40GB MIG 4g.20gb (0),1,,13,"void ch_est::chEstFilterNoDftSOfdmDispatchKernel<float, __half, float, (unsigned int)2>(ch_est::puschRxChEstStatDescr_t *, ch_est::puschRxChEstDynDescr_t *)"
19421233112,5472,396506,137,2,1,24,2,1,44,0.001,0.001,,,,,NVIDIA A100-SXM4-40GB MIG 4g.20gb (0),1,,13,"void ch_est::chEstFilterNoDftSOfdmDispatchKernel<float, __half, float, (unsigned int)2>(ch_est::puschRxChEstStatDescr_t *, ch_est::puschRxChEstDynDescr_t *)"
19421240760,2560,396517,103,1,1,128,1,1,16,0.000,0.000,,,,,NVIDIA A100-SXM4-40GB MIG 4g.20gb (0),1,,13,cupy_copy__complex64_complex64
19421245144,13248,396527,1434,1,1,128,1,1,16,0.000,0.000,,,,,NVIDIA A100-SXM4-40GB MIG 4g.20gb (0),1,,13,cupy_copy__complex64_complex64
19421259832,2464,396534,103,1,1,128,1,1,16,0.000,0.000,,,,,NVIDIA A100-SXM4-40GB MIG 4g.20gb (0),1,,13,cupy_copy__complex64_complex64
19421264888,204925,396541,1,1,1,32,32,1,30,0.000,0.000,,,,,NVIDIA A100-SXM4-40GB MIG 4g.20gb (0),1,,13,"void convert_kernel<__half2, float2>(tensor_layout_any, T1 *, tensor_layout_any, const T2 *)"
19421498933,10144,396544,,,,,,,,,,0.094,9236.552,Pinned,Device,NVIDIA A100-SXM4-40GB MIG 4g.20gb (0),1,,13,[CUDA memcpy Host-to-Device]
19421632756,48991,396545,,,,,,,,,,35.810,730916.277,Device,,NVIDIA A100-SXM4-40GB MIG 4g.20gb (0),1,,13,[CUDA memset]
19421687891,1888,396547,,,,,,,,,,0.000,42.373,Pinned,Device,NVIDIA A100-SXM4-40GB MIG 4g.20gb (0),1,,13,[CUDA memcpy Host-to-Device]
19421694963,9856,396548,,,,,,,,,,0.197,19948.044,Pinned,Device,NVIDIA A100-SXM4-40GB MIG 4g.20gb (0),1,,13,[CUDA memcpy Host-to-Device]
19421809330,10368,396549,273,1,1,48,1,1,40,0.000,0.001,,,,,NVIDIA A100-SXM4-40GB MIG 4g.20gb (0),1,,13,"void pusch_noise_intf_est::noiseIntfEstNoDftSOfdmKernel<float, __half, float, float, (unsigned int)2, (unsigned int)1, (unsigned char)4, (unsigned char)4>(pusch_noise_intf_est::puschRxNoiseIntfEstDynDescr)"
19422103822,6912,396560,35,1,1,128,1,1,16,0.000,0.000,,,,,NVIDIA A100-SXM4-40GB MIG 4g.20gb (0),1,,13,cupy_copy__complex64_complex64
19422275212,8480,396569,1,1,1,1,1,1,18,0.000,0.000,,,,,NVIDIA A100-SXM4-40GB MIG 4g.20gb (0),1,,13,cupy_copy__float32_float32
19422290732,3264,396575,,,,,,,,,,0.000,1.225,Device,Pageable,NVIDIA A100-SXM4-40GB MIG 4g.20gb (0),1,,7,[CUDA memcpy Device-to-Host]
19422702024,18015,396586,1434,1,1,128,1,1,16,0.000,0.000,,,,,NVIDIA A100-SXM4-40GB MIG 4g.20gb (0),1,,13,cupy_copy__complex64_complex64
19422987620,3968,396593,103,1,1,128,1,1,16,0.000,0.000,,,,,NVIDIA A100-SXM4-40GB MIG 4g.20gb (0),1,,13,cupy_copy__complex64_complex64
19423195234,11520,396600,35,1,1,128,1,1,16,0.000,0.000,,,,,NVIDIA A100-SXM4-40GB MIG 4g.20gb (0),1,,13,cupy_copy__complex64_complex64
19423450143,3424,396607,1,1,1,1,1,1,18,0.000,0.000,,,,,NVIDIA A100-SXM4-40GB MIG 4g.20gb (0),1,,13,cupy_copy__float32_float32
19423773372,356028,396618,1,1,1,32,32,1,30,0.000,0.000,,,,,NVIDIA A100-SXM4-40GB MIG 4g.20gb (0),1,,13,"void convert_kernel<__half2, float2>(tensor_layout_any, T1 *, tensor_layout_any, const T2 *)"
19424161271,5888,396621,,,,,,,,,,0.094,15912.954,Pinned,Device,NVIDIA A100-SXM4-40GB MIG 4g.20gb (0),1,,13,[CUDA memcpy Host-to-Device]
19424407189,4448,396622,,,,,,,,,,1.547,347712.008,Device,,NVIDIA A100-SXM4-40GB MIG 4g.20gb (0),1,,13,[CUDA memset]
19424417845,3839,396627,,,,,,,,,,0.031,8152.107,Pinned,Device,NVIDIA A100-SXM4-40GB MIG 4g.20gb (0),1,,13,[CUDA memcpy Host-to-Device]
19424424116,10208,396628,,,,,,,,,,0.197,19260.113,Pinned,Device,NVIDIA A100-SXM4-40GB MIG 4g.20gb (0),1,,13,[CUDA memcpy Host-to-Device]
19424636818,34016,396629,273,1,1,8,4,1,39,0.002,0.000,,,,,NVIDIA A100-SXM4-40GB MIG 4g.20gb (0),1,,13,"void channel_eq::eqMmseCoefCompLowMimoKernel<float, float, float, (unsigned int)4, (unsigned int)1, (unsigned int)4>(const channel_eq::_puschRxChEqStatDescr *, channel_eq::_puschRxChEqCoefCompDynDescr)"
19424913455,22176,396630,273,1,1,12,11,1,51,0.002,0.000,,,,,NVIDIA A100-SXM4-40GB MIG 4g.20gb (0),1,,13,"void channel_eq::eqMmseSoftDemapKernel<float, __half, __half, float, (unsigned int)4, (unsigned short)16383>(channel_eq::_puschRxChEqStatDescr *, channel_eq::_puschRxChEqSoftDemapDynDescr)"
19425189324,827799,396631,1,1,1,32,32,1,30,0.000,0.000,,,,,NVIDIA A100-SXM4-40GB MIG 4g.20gb (0),1,,13,"void convert_kernel<float2, __half2>(tensor_layout_any, T1 *, tensor_layout_any, const T2 *)"
19426019523,11775,396643,2253,1,1,128,1,1,16,0.000,0.000,,,,,NVIDIA A100-SXM4-40GB MIG 4g.20gb (0),1,,13,cupy_copy__float16_float16
19426033026,3776,396652,282,1,1,128,1,1,16,0.000,0.000,,,,,NVIDIA A100-SXM4-40GB MIG 4g.20gb (0),1,,13,cupy_copy__complex64_complex64
19426038658,2368,396661,26,1,1,128,1,1,16,0.000,0.000,,,,,NVIDIA A100-SXM4-40GB MIG 4g.20gb (0),1,,13,cupy_copy__float32_float32
19426042786,3104,396670,103,1,1,128,1,1,16,0.000,0.000,,,,,NVIDIA A100-SXM4-40GB MIG 4g.20gb (0),1,,13,cupy_copy__complex64_complex64
19426047138,12128,396680,1434,1,1,128,1,1,16,0.000,0.000,,,,,NVIDIA A100-SXM4-40GB MIG 4g.20gb (0),1,,13,cupy_copy__complex64_complex64
19426060898,294973,396685,1,1,1,32,32,1,30,0.000,0.000,,,,,NVIDIA A100-SXM4-40GB MIG 4g.20gb (0),1,,13,"void convert_kernel<__half2, float2>(tensor_layout_any, T1 *, tensor_layout_any, const T2 *)"
19426385727,5343,396688,,,,,,,,,,0.094,17536.143,Pinned,Device,NVIDIA A100-SXM4-40GB MIG 4g.20gb (0),1,,13,[CUDA memcpy Host-to-Device]
19426429662,604665,396689,,,,,,,,,,456.561,754696.060,Device,,NVIDIA A100-SXM4-40GB MIG 4g.20gb (0),1,,13,[CUDA memset]
19427041015,56256,396694,,,,,,,,,,1.235,21951.130,Pinned,Device,NVIDIA A100-SXM4-40GB MIG 4g.20gb (0),1,,13,[CUDA memcpy Host-to-Device]
19427104214,12224,396695,,,,,,,,,,0.197,16083.714,Pinned,Device,NVIDIA A100-SXM4-40GB MIG 4g.20gb (0),1,,13,[CUDA memcpy Host-to-Device]
19427251541,17248,396696,69,4,1,48,1,1,76,0.002,0.000,,,,,NVIDIA A100-SXM4-40GB MIG 4g.20gb (0),1,,13,"void ch_est::windowedChEstPreNoDftSOfdmKernel<float, __half, float, (unsigned int)2, (unsigned int)1, (unsigned short)4>(ch_est::puschRxChEstStatDescr_t *, ch_est::puschRxChEstDynDescr_t *)"
19427469458,20320,396697,137,2,1,24,2,1,44,0.001,0.001,,,,,NVIDIA A100-SXM4-40GB MIG 4g.20gb (0),1,,13,"void ch_est::chEstFilterNoDftSOfdmDispatchKernel<float, __half, float, (unsigned int)2>(ch_est::puschRxChEstStatDescr_t *, ch_est::puschRxChEstDynDescr_t *)"
19427606993,13696,396698,137,2,1,24,2,1,44,0.001,0.001,,,,,NVIDIA A100-SXM4-40GB MIG 4g.20gb (0),1,,13,"void ch_est::chEstFilterNoDftSOfdmDispatchKernel<float, __half, float, (unsigned int)2>(ch_est::puschRxChEstStatDescr_t *, ch_est::puschRxChEstDynDescr_t *)"
19427961773,6336,396709,103,1,1,128,1,1,16,0.000,0.000,,,,,NVIDIA A100-SXM4-40GB MIG 4g.20gb (0),1,,13,cupy_copy__complex64_complex64
19428214378,18272,396719,1434,1,1,128,1,1,16,0.000,0.000,,,,,NVIDIA A100-SXM4-40GB MIG 4g.20gb (0),1,,13,cupy_copy__complex64_complex64
19428476711,4992,396726,103,1,1,128,1,1,16,0.000,0.000,,,,,NVIDIA A100-SXM4-40GB MIG 4g.20gb (0),1,,13,cupy_copy__complex64_complex64
19428683301,299804,396733,1,1,1,32,32,1,30,0.000,0.000,,,,,NVIDIA A100-SXM4-40GB MIG 4g.20gb (0),1,,13,"void convert_kernel<__half2, float2>(tensor_layout_any, T1 *, tensor_layout_any, const T2 *)"
19429012993,5600,396736,,,,,,,,,,0.094,16731.388,Pinned,Device,NVIDIA A100-SXM4-40GB MIG 4g.20gb (0),1,,13,[CUDA memcpy Host-to-Device]
19429387677,53151,396737,,,,,,,,,,35.810,673727.835,Device,,NVIDIA A100-SXM4-40GB MIG 4g.20gb (0),1,,13,[CUDA memset]
19429450076,4224,396739,,,,,,,,,,0.000,18.939,Pinned,Device,NVIDIA A100-SXM4-40GB MIG 4g.20gb (0),1,,13,[CUDA memcpy Host-to-Device]
19429457660,9728,396740,,,,,,,,,,0.197,20210.516,Pinned,Device,NVIDIA A100-SXM4-40GB MIG 4g.20gb (0),1,,13,[CUDA memcpy Host-to-Device]
19429692026,23807,396741,273,1,1,48,1,1,40,0.000,0.001,,,,,NVIDIA A100-SXM4-40GB MIG 4g.20gb (0),1,,13,"void pusch_noise_intf_est::noiseIntfEstNoDftSOfdmKernel<float, __half, float, float, (unsigned int)2, (unsigned int)1, (unsigned char)4, (unsigned char)4>(pusch_noise_intf_est::puschRxNoiseIntfEstDynDescr)"
19430009718,7712,396752,35,1,1,128,1,1,16,0.000,0.000,,,,,NVIDIA A100-SXM4-40GB MIG 4g.20gb (0),1,,13,cupy_copy__complex64_complex64
19430104853,4896,396761,1,1,1,1,1,1,18,0.000,0.000,,,,,NVIDIA A100-SXM4-40GB MIG 4g.20gb (0),1,,13,cupy_copy__float32_float32
19430118101,2176,396767,,,,,,,,,,0.000,1.838,Device,Pageable,NVIDIA A100-SXM4-40GB MIG 4g.20gb (0),1,,7,[CUDA memcpy Device-to-Host]
19430321107,19327,396778,1434,1,1,128,1,1,16,0.000,0.000,,,,,NVIDIA A100-SXM4-40GB MIG 4g.20gb (0),1,,13,cupy_copy__complex64_complex64
19430342738,3520,396785,103,1,1,128,1,1,16,0.000,0.000,,,,,NVIDIA A100-SXM4-40GB MIG 4g.20gb (0),1,,13,cupy_copy__complex64_complex64
19430415601,6496,396792,35,1,1,128,1,1,16,0.000,0.000,,,,,NVIDIA A100-SXM4-40GB MIG 4g.20gb (0),1,,13,cupy_copy__complex64_complex64
19430425073,4320,396799,1,1,1,1,1,1,18,0.000,0.000,,,,,NVIDIA A100-SXM4-40GB MIG 4g.20gb (0),1,,13,cupy_copy__float32_float32
19430502096,186846,396810,1,1,1,32,32,1,30,0.000,0.000,,,,,NVIDIA A100-SXM4-40GB MIG 4g.20gb (0),1,,13,"void convert_kernel<__half2, float2>(tensor_layout_any, T1 *, tensor_layout_any, const T2 *)"
19430718126,5440,396813,,,,,,,,,,0.094,17223.480,Pinned,Device,NVIDIA A100-SXM4-40GB MIG 4g.20gb (0),1,,13,[CUDA memcpy Host-to-Device]
19430732462,3744,396814,,,,,,,,,,1.547,413093.991,Device,,NVIDIA A100-SXM4-40GB MIG 4g.20gb (0),1,,13,[CUDA memset]
19430739438,3040,396819,,,,,,,,,,0.031,10294.725,Pinned,Device,NVIDIA A100-SXM4-40GB MIG 4g.20gb (0),1,,13,[CUDA memcpy Host-to-Device]
19430744558,9472,396820,,,,,,,,,,0.197,20756.693,Pinned,Device,NVIDIA A100-SXM4-40GB MIG 4g.20gb (0),1,,13,[CUDA memcpy Host-to-Device]
19430758574,6880,396821,273,1,1,8,4,1,39,0.002,0.000,,,,,NVIDIA A100-SXM4-40GB MIG 4g.20gb (0),1,,13,"void channel_eq::eqMmseCoefCompLowMimoKernel<float, float, float, (unsigned int)4, (unsigned int)1, (unsigned int)4>(const channel_eq::_puschRxChEqStatDescr *, channel_eq::_puschRxChEqCoefCompDynDescr)"
19430767118,5567,396822,273,1,1,12,11,1,51,0.002,0.000,,,,,NVIDIA A100-SXM4-40GB MIG 4g.20gb (0),1,,13,"void channel_eq::eqMmseSoftDemapKernel<float, __half, __half, float, (unsigned int)4, (unsigned short)16383>(channel_eq::_puschRxChEqStatDescr *, channel_eq::_puschRxChEqSoftDemapDynDescr)"
19430773901,341725,396823,1,1,1,32,32,1,30,0.000,0.000,,,,,NVIDIA A100-SXM4-40GB MIG 4g.20gb (0),1,,13,"void convert_kernel<float2, __half2>(tensor_layout_any, T1 *, tensor_layout_any, const T2 *)"
19431298632,13375,396835,2253,1,1,128,1,1,16,0.000,0.000,,,,,NVIDIA A100-SXM4-40GB MIG 4g.20gb (0),1,,13,cupy_copy__float16_float16
19431529893,4320,396844,282,1,1,128,1,1,16,0.000,0.000,,,,,NVIDIA A100-SXM4-40GB MIG 4g.20gb (0),1,,13,cupy_copy__complex64_complex64
19431536293,4320,396853,26,1,1,128,1,1,16,0.000,0.000,,,,,NVIDIA A100-SXM4-40GB MIG 4g.20gb (0),1,,13,cupy_copy__float32_float32
19431542629,3264,396862,103,1,1,128,1,1,16,0.000,0.000,,,,,NVIDIA A100-SXM4-40GB MIG 4g.20gb (0),1,,13,cupy_copy__complex64_complex64
19431547173,12416,396872,1434,1,1,128,1,1,16,0.000,0.000,,,,,NVIDIA A100-SXM4-40GB MIG 4g.20gb (0),1,,13,cupy_copy__complex64_complex64
19431560773,238685,396877,1,1,1,32,32,1,30,0.000,0.000,,,,,NVIDIA A100-SXM4-40GB MIG 4g.20gb (0),1,,13,"void convert_kernel<__half2, float2>(tensor_layout_any, T1 *, tensor_layout_any, const T2 *)"
19431827682,8576,396880,,,,,,,,,,0.094,10925.328,Pinned,Device,NVIDIA A100-SXM4-40GB MIG 4g.20gb (0),1,,13,[CUDA memcpy Host-to-Device]
19431979072,641369,396881,,,,,,,,,,456.561,711779.285,Device,,NVIDIA A100-SXM4-40GB MIG 4g.20gb (0),1,,13,[CUDA memset]
19432629561,54431,396886,,,,,,,,,,1.235,22687.156,Pinned,Device,NVIDIA A100-SXM4-40GB MIG 4g.20gb (0),1,,13,[CUDA memcpy Host-to-Device]
19432688568,9472,396887,,,,,,,,,,0.197,20756.693,Pinned,Device,NVIDIA A100-SXM4-40GB MIG 4g.20gb (0),1,,13,[CUDA memcpy Host-to-Device]
19433065396,12768,396888,69,4,1,48,1,1,76,0.002,0.000,,,,,NVIDIA A100-SXM4-40GB MIG 4g.20gb (0),1,,13,"void ch_est::windowedChEstPreNoDftSOfdmKernel<float, __half, float, (unsigned int)2, (unsigned int)1, (unsigned short)4>(ch_est::puschRxChEstStatDescr_t *, ch_est::puschRxChEstDynDescr_t *)"
19433461327,10048,396889,137,2,1,24,2,1,44,0.001,0.001,,,,,NVIDIA A100-SXM4-40GB MIG 4g.20gb (0),1,,13,"void ch_est::chEstFilterNoDftSOfdmDispatchKernel<float, __half, float, (unsigned int)2>(ch_est::puschRxChEstStatDescr_t *, ch_est::puschRxChEstDynDescr_t *)"
19433957546,10048,396890,137,2,1,24,2,1,44,0.001,0.001,,,,,NVIDIA A100-SXM4-40GB MIG 4g.20gb (0),1,,13,"void ch_est::chEstFilterNoDftSOfdmDispatchKernel<float, __half, float, (unsigned int)2>(ch_est::puschRxChEstStatDescr_t *, ch_est::puschRxChEstDynDescr_t *)"
19434173031,5248,396901,103,1,1,128,1,1,16,0.000,0.000,,,,,NVIDIA A100-SXM4-40GB MIG 4g.20gb (0),1,,13,cupy_copy__complex64_complex64
19434656610,17728,396911,1434,1,1,128,1,1,16,0.000,0.000,,,,,NVIDIA A100-SXM4-40GB MIG 4g.20gb (0),1,,13,cupy_copy__complex64_complex64
19435090909,3840,396918,103,1,1,128,1,1,16,0.000,0.000,,,,,NVIDIA A100-SXM4-40GB MIG 4g.20gb (0),1,,13,cupy_copy__complex64_complex64
19435604887,223902,396925,1,1,1,32,32,1,30,0.000,0.000,,,,,NVIDIA A100-SXM4-40GB MIG 4g.20gb (0),1,,13,"void convert_kernel<__half2, float2>(tensor_layout_any, T1 *, tensor_layout_any, const T2 *)"
19435865781,6079,396928,,,,,,,,,,0.094,15412.992,Pinned,Device,NVIDIA A100-SXM4-40GB MIG 4g.20gb (0),1,,13,[CUDA memcpy Host-to-Device]
19436343151,59648,396929,,,,,,,,,,35.810,600353.309,Device,,NVIDIA A100-SXM4-40GB MIG 4g.20gb (0),1,,13,[CUDA memset]
19436408430,1824,396931,,,,,,,,,,0.000,43.860,Pinned,Device,NVIDIA A100-SXM4-40GB MIG 4g.20gb (0),1,,13,[CUDA memcpy Host-to-Device]
19436413006,9952,396932,,,,,,,,,,0.197,19755.565,Pinned,Device,NVIDIA A100-SXM4-40GB MIG 4g.20gb (0),1,,13,[CUDA memcpy Host-to-Device]
19436559277,14688,396933,273,1,1,48,1,1,40,0.000,0.001,,,,,NVIDIA A100-SXM4-40GB MIG 4g.20gb (0),1,,13,"void pusch_noise_intf_est::noiseIntfEstNoDftSOfdmKernel<float, __half, float, float, (unsigned int)2, (unsigned int)1, (unsigned char)4, (unsigned char)4>(pusch_noise_intf_est::puschRxNoiseIntfEstDynDescr)"
19437085703,4352,396944,35,1,1,128,1,1,16,0.000,0.000,,,,,NVIDIA A100-SXM4-40GB MIG 4g.20gb (0),1,,13,cupy_copy__complex64_complex64
19437613953,5984,396953,1,1,1,1,1,1,18,0.000,0.000,,,,,NVIDIA A100-SXM4-40GB MIG 4g.20gb (0),1,,13,cupy_copy__float32_float32
19437630689,3552,396959,,,,,,,,,,0.000,1.126,Device,Pageable,NVIDIA A100-SXM4-40GB MIG 4g.20gb (0),1,,7,[CUDA memcpy Device-to-Host]
19438189787,18975,396970,1434,1,1,128,1,1,16,0.000,0.000,,,,,NVIDIA A100-SXM4-40GB MIG 4g.20gb (0),1,,13,cupy_copy__complex64_complex64
19438673557,5792,396977,103,1,1,128,1,1,16,0.000,0.000,,,,,NVIDIA A100-SXM4-40GB MIG 4g.20gb (0),1,,13,cupy_copy__complex64_complex64
19439119280,7008,396984,35,1,1,128,1,1,16,0.000,0.000,,,,,NVIDIA A100-SXM4-40GB MIG 4g.20gb (0),1,,13,cupy_copy__complex64_complex64
19439216623,5248,396991,1,1,1,1,1,1,18,0.000,0.000,,,,,NVIDIA A100-SXM4-40GB MIG 4g.20gb (0),1,,13,cupy_copy__float32_float32
19439578635,257821,397002,1,1,1,32,32,1,30,0.000,0.000,,,,,NVIDIA A100-SXM4-40GB MIG 4g.20gb (0),1,,13,"void convert_kernel<__half2, float2>(tensor_layout_any, T1 *, tensor_layout_any, const T2 *)"
19439874952,5824,397005,,,,,,,,,,0.094,16087.884,Pinned,Device,NVIDIA A100-SXM4-40GB MIG 4g.20gb (0),1,,13,[CUDA memcpy Host-to-Device]
19440132613,8512,397006,,,,,,,,,,1.547,181698.934,Device,,NVIDIA A100-SXM4-40GB MIG 4g.20gb (0),1,,13,[CUDA memset]
19440142565,3104,397011,,,,,,,,,,0.031,10082.445,Pinned,Device,NVIDIA A100-SXM4-40GB MIG 4g.20gb (0),1,,13,[CUDA memcpy Host-to-Device]
19440150469,10688,397012,,,,,,,,,,0.197,18395.038,Pinned,Device,NVIDIA A100-SXM4-40GB MIG 4g.20gb (0),1,,13,[CUDA memcpy Host-to-Device]
19440591776,28127,397013,273,1,1,8,4,1,39,0.002,0.000,,,,,NVIDIA A100-SXM4-40GB MIG 4g.20gb (0),1,,13,"void channel_eq::eqMmseCoefCompLowMimoKernel<float, float, float, (unsigned int)4, (unsigned int)1, (unsigned int)4>(const channel_eq::_puschRxChEqStatDescr *, channel_eq::_puschRxChEqCoefCompDynDescr)"
19440738270,16352,397014,273,1,1,12,11,1,51,0.002,0.000,,,,,NVIDIA A100-SXM4-40GB MIG 4g.20gb (0),1,,13,"void channel_eq::eqMmseSoftDemapKernel<float, __half, __half, float, (unsigned int)4, (unsigned short)16383>(channel_eq::_puschRxChEqStatDescr *, channel_eq::_puschRxChEqSoftDemapDynDescr)"
19440953916,733111,397015,1,1,1,32,32,1,30,0.000,0.000,,,,,NVIDIA A100-SXM4-40GB MIG 4g.20gb (0),1,,13,"void convert_kernel<float2, __half2>(tensor_layout_any, T1 *, tensor_layout_any, const T2 *)"
19441849906,18175,397027,2253,1,1,128,1,1,16,0.000,0.000,,,,,NVIDIA A100-SXM4-40GB MIG 4g.20gb (0),1,,13,cupy_copy__float16_float16
19442372460,14848,397036,282,1,1,128,1,1,16,0.000,0.000,,,,,NVIDIA A100-SXM4-40GB MIG 4g.20gb (0),1,,13,cupy_copy__complex64_complex64
19442569450,6688,397045,26,1,1,128,1,1,16,0.000,0.000,,,,,NVIDIA A100-SXM4-40GB MIG 4g.20gb (0),1,,13,cupy_copy__float32_float32
19443101412,5504,397054,103,1,1,128,1,1,16,0.000,0.000,,,,,NVIDIA A100-SXM4-40GB MIG 4g.20gb (0),1,,13,cupy_copy__complex64_complex64
19443485087,25280,397064,1434,1,1,128,1,1,16,0.000,0.000,,,,,NVIDIA A100-SXM4-40GB MIG 4g.20gb (0),1,,13,cupy_copy__complex64_complex64
19443636670,210429,397069,1,1,1,32,32,1,30,0.000,0.000,,,,,NVIDIA A100-SXM4-40GB MIG 4g.20gb (0),1,,13,"void convert_kernel<__half2, float2>(tensor_layout_any, T1 *, tensor_layout_any, const T2 *)"
19443877979,6208,397072,,,,,,,,,,0.094,15092.739,Pinned,Device,NVIDIA A100-SXM4-40GB MIG 4g.20gb (0),1,,13,[CUDA memcpy Host-to-Device]
19444171832,613145,397073,,,,,,,,,,456.561,744195.147,Device,,NVIDIA A100-SXM4-40GB MIG 4g.20gb (0),1,,13,[CUDA memset]
19444787377,56223,397078,,,,,,,,,,1.235,21964.714,Pinned,Device,NVIDIA A100-SXM4-40GB MIG 4g.20gb (0),1,,13,[CUDA memcpy Host-to-Device]
19444846640,10176,397079,,,,,,,,,,0.197,19320.668,Pinned,Device,NVIDIA A100-SXM4-40GB MIG 4g.20gb (0),1,,13,[CUDA memcpy Host-to-Device]
19445344267,15743,397080,69,4,1,48,1,1,76,0.002,0.000,,,,,NVIDIA A100-SXM4-40GB MIG 4g.20gb (0),1,,13,"void ch_est::windowedChEstPreNoDftSOfdmKernel<float, __half, float, (unsigned int)2, (unsigned int)1, (unsigned short)4>(ch_est::puschRxChEstStatDescr_t *, ch_est::puschRxChEstDynDescr_t *)"
19445883941,11807,397081,137,2,1,24,2,1,44,0.001,0.001,,,,,NVIDIA A100-SXM4-40GB MIG 4g.20gb (0),1,,13,"void ch_est::chEstFilterNoDftSOfdmDispatchKernel<float, __half, float, (unsigned int)2>(ch_est::puschRxChEstStatDescr_t *, ch_est::puschRxChEstDynDescr_t *)"
19446379519,30048,397082,137,2,1,24,2,1,44,0.001,0.001,,,,,NVIDIA A100-SXM4-40GB MIG 4g.20gb (0),1,,13,"void ch_est::chEstFilterNoDftSOfdmDispatchKernel<float, __half, float, (unsigned int)2>(ch_est::puschRxChEstStatDescr_t *, ch_est::puschRxChEstDynDescr_t *)"
19446566141,5024,397093,103,1,1,128,1,1,16,0.000,0.000,,,,,NVIDIA A100-SXM4-40GB MIG 4g.20gb (0),1,,13,cupy_copy__complex64_complex64
19447312757,17631,397103,1434,1,1,128,1,1,16,0.000,0.000,,,,,NVIDIA A100-SXM4-40GB MIG 4g.20gb (0),1,,13,cupy_copy__complex64_complex64
19447965837,6976,397110,103,1,1,128,1,1,16,0.000,0.000,,,,,NVIDIA A100-SXM4-40GB MIG 4g.20gb (0),1,,13,cupy_copy__complex64_complex64
19448502759,287421,397117,1,1,1,32,32,1,30,0.000,0.000,,,,,NVIDIA A100-SXM4-40GB MIG 4g.20gb (0),1,,13,"void convert_kernel<__half2, float2>(tensor_layout_any, T1 *, tensor_layout_any, const T2 *)"
19448820708,6336,397120,,,,,,,,,,0.094,14787.852,Pinned,Device,NVIDIA A100-SXM4-40GB MIG 4g.20gb (0),1,,13,[CUDA memcpy Host-to-Device]
19449142720,48608,397121,,,,,,,,,,35.810,736681.674,Device,,NVIDIA A100-SXM4-40GB MIG 4g.20gb (0),1,,13,[CUDA memset]
19449199391,2080,397123,,,,,,,,,,0.000,38.462,Pinned,Device,NVIDIA A100-SXM4-40GB MIG 4g.20gb (0),1,,13,[CUDA memcpy Host-to-Device]
19449204095,9568,397124,,,,,,,,,,0.197,20548.485,Pinned,Device,NVIDIA A100-SXM4-40GB MIG 4g.20gb (0),1,,13,[CUDA memcpy Host-to-Device]
19449500796,21600,397125,273,1,1,48,1,1,40,0.000,0.001,,,,,NVIDIA A100-SXM4-40GB MIG 4g.20gb (0),1,,13,"void pusch_noise_intf_est::noiseIntfEstNoDftSOfdmKernel<float, __half, float, float, (unsigned int)2, (unsigned int)1, (unsigned char)4, (unsigned char)4>(pusch_noise_intf_est::puschRxNoiseIntfEstDynDescr)"
19449743001,5760,397136,35,1,1,128,1,1,16,0.000,0.000,,,,,NVIDIA A100-SXM4-40GB MIG 4g.20gb (0),1,,13,cupy_copy__complex64_complex64
19449960439,5056,397145,1,1,1,1,1,1,18,0.000,0.000,,,,,NVIDIA A100-SXM4-40GB MIG 4g.20gb (0),1,,13,cupy_copy__float32_float32
19449975863,1568,397151,,,,,,,,,,0.000,2.551,Device,Pageable,NVIDIA A100-SXM4-40GB MIG 4g.20gb (0),1,,7,[CUDA memcpy Device-to-Host]
19450524561,21567,397162,1434,1,1,128,1,1,16,0.000,0.000,,,,,NVIDIA A100-SXM4-40GB MIG 4g.20gb (0),1,,13,cupy_copy__complex64_complex64
19451167849,12288,397169,103,1,1,128,1,1,16,0.000,0.000,,,,,NVIDIA A100-SXM4-40GB MIG 4g.20gb (0),1,,13,cupy_copy__complex64_complex64
19451593925,7520,397176,35,1,1,128,1,1,16,0.000,0.000,,,,,NVIDIA A100-SXM4-40GB MIG 4g.20gb (0),1,,13,cupy_copy__complex64_complex64
19451843714,4864,397183,1,1,1,1,1,1,18,0.000,0.000,,,,,NVIDIA A100-SXM4-40GB MIG 4g.20gb (0),1,,13,cupy_copy__float32_float32
19452245053,245854,397194,1,1,1,32,32,1,30,0.000,0.000,,,,,NVIDIA A100-SXM4-40GB MIG 4g.20gb (0),1,,13,"void convert_kernel<__half2, float2>(tensor_layout_any, T1 *, tensor_layout_any, const T2 *)"
19452522234,5824,397197,,,,,,,,,,0.094,16087.884,Pinned,Device,NVIDIA A100-SXM4-40GB MIG 4g.20gb (0),1,,13,[CUDA memcpy Host-to-Device]
19453146035,4576,397198,,,,,,,,,,1.547,337985.289,Device,,NVIDIA A100-SXM4-40GB MIG 4g.20gb (0),1,,13,[CUDA memset]
19453152595,3584,397203,,,,,,,,,,0.031,8732.116,Pinned,Device,NVIDIA A100-SXM4-40GB MIG 4g.20gb (0),1,,13,[CUDA memcpy Host-to-Device]
19453159859,9344,397204,,,,,,,,,,0.197,21040.988,Pinned,Device,NVIDIA A100-SXM4-40GB MIG 4g.20gb (0),1,,13,[CUDA memcpy Host-to-Device]
19453772812,16416,397205,273,1,1,8,4,1,39,0.002,0.000,,,,,NVIDIA A100-SXM4-40GB MIG 4g.20gb (0),1,,13,"void channel_eq::eqMmseCoefCompLowMimoKernel<float, float, float, (unsigned int)4, (unsigned int)1, (unsigned int)4>(const channel_eq::_puschRxChEqStatDescr *, channel_eq::_puschRxChEqCoefCompDynDescr)"
19454302502,56096,397206,273,1,1,12,11,1,51,0.002,0.000,,,,,NVIDIA A100-SXM4-40GB MIG 4g.20gb (0),1,,13,"void channel_eq::eqMmseSoftDemapKernel<float, __half, __half, float, (unsigned int)4, (unsigned short)16383>(channel_eq::_puschRxChEqStatDescr *, channel_eq::_puschRxChEqSoftDemapDynDescr)"
19454910816,611065,397207,1,1,1,32,32,1,30,0.000,0.000,,,,,NVIDIA A100-SXM4-40GB MIG 4g.20gb (0),1,,13,"void convert_kernel<float2, __half2>(tensor_layout_any, T1 *, tensor_layout_any, const T2 *)"
19456062227,15008,397219,2253,1,1,128,1,1,16,0.000,0.000,,,,,NVIDIA A100-SXM4-40GB MIG 4g.20gb (0),1,,13,cupy_copy__float16_float16
19456822250,6016,397228,282,1,1,128,1,1,16,0.000,0.000,,,,,NVIDIA A100-SXM4-40GB MIG 4g.20gb (0),1,,13,cupy_copy__complex64_complex64
19457012424,3872,397237,26,1,1,128,1,1,16,0.000,0.000,,,,,NVIDIA A100-SXM4-40GB MIG 4g.20gb (0),1,,13,cupy_copy__float32_float32
19457250821,11168,397246,103,1,1,128,1,1,16,0.000,0.000,,,,,NVIDIA A100-SXM4-40GB MIG 4g.20gb (0),1,,13,cupy_copy__complex64_complex64
19457534370,21632,397256,1434,1,1,128,1,1,16,0.000,0.000,,,,,NVIDIA A100-SXM4-40GB MIG 4g.20gb (0),1,,13,cupy_copy__complex64_complex64
19457833375,384796,397261,1,1,1,32,32,1,30,0.000,0.000,,,,,NVIDIA A100-SXM4-40GB MIG 4g.20gb (0),1,,13,"void convert_kernel<__half2, float2>(tensor_layout_any, T1 *, tensor_layout_any, const T2 *)"
19458248378,5568,397264,,,,,,,,,,0.094,16827.521,Pinned,Device,NVIDIA A100-SXM4-40GB MIG 4g.20gb (0),1,,13,[CUDA memcpy Host-to-Device]
19459022674,605465,397265,,,,,,,,,,456.561,753782.937,Device,,NVIDIA A100-SXM4-40GB MIG 4g.20gb (0),1,,13,[CUDA memset]
19459631115,51359,397270,,,,,,,,,,1.235,24044.360,Pinned,Device,NVIDIA A100-SXM4-40GB MIG 4g.20gb (0),1,,13,[CUDA memcpy Host-to-Device]
19459685066,9344,397271,,,,,,,,,,0.197,21040.988,Pinned,Device,NVIDIA A100-SXM4-40GB MIG 4g.20gb (0),1,,13,[CUDA memcpy Host-to-Device]
19460419394,12224,397272,69,4,1,48,1,1,76,0.002,0.000,,,,,NVIDIA A100-SXM4-40GB MIG 4g.20gb (0),1,,13,"void ch_est::windowedChEstPreNoDftSOfdmKernel<float, __half, float, (unsigned int)2, (unsigned int)1, (unsigned short)4>(ch_est::puschRxChEstStatDescr_t *, ch_est::puschRxChEstDynDescr_t *)"
19460535649,10848,397273,137,2,1,24,2,1,44,0.001,0.001,,,,,NVIDIA A100-SXM4-40GB MIG 4g.20gb (0),1,,13,"void ch_est::chEstFilterNoDftSOfdmDispatchKernel<float, __half, float, (unsigned int)2>(ch_est::puschRxChEstStatDescr_t *, ch_est::puschRxChEstDynDescr_t *)"
19460549953,9823,397274,137,2,1,24,2,1,44,0.001,0.001,,,,,NVIDIA A100-SXM4-40GB MIG 4g.20gb (0),1,,13,"void ch_est::chEstFilterNoDftSOfdmDispatchKernel<float, __half, float, (unsigned int)2>(ch_est::puschRxChEstStatDescr_t *, ch_est::puschRxChEstDynDescr_t *)"
19460562080,4480,397285,103,1,1,128,1,1,16,0.000,0.000,,,,,NVIDIA A100-SXM4-40GB MIG 4g.20gb (0),1,,13,cupy_copy__complex64_complex64
19460568864,17760,397295,1434,1,1,128,1,1,16,0.000,0.000,,,,,NVIDIA A100-SXM4-40GB MIG 4g.20gb (0),1,,13,cupy_copy__complex64_complex64
19460589824,3072,397302,103,1,1,128,1,1,16,0.000,0.000,,,,,NVIDIA A100-SXM4-40GB MIG 4g.20gb (0),1,,13,cupy_copy__complex64_complex64
19460595456,188990,397309,1,1,1,32,32,1,30,0.000,0.000,,,,,NVIDIA A100-SXM4-40GB MIG 4g.20gb (0),1,,13,"void convert_kernel<__half2, float2>(tensor_layout_any, T1 *, tensor_layout_any, const T2 *)"
19460814206,5472,397312,,,,,,,,,,0.094,17122.757,Pinned,Device,NVIDIA A100-SXM4-40GB MIG 4g.20gb (0),1,,13,[CUDA memcpy Host-to-Device]
19460918716,48832,397313,,,,,,,,,,35.810,733315.542,Device,,NVIDIA A100-SXM4-40GB MIG 4g.20gb (0),1,,13,[CUDA memset]
19460970748,2048,397315,,,,,,,,,,0.000,39.062,Pinned,Device,NVIDIA A100-SXM4-40GB MIG 4g.20gb (0),1,,13,[CUDA memcpy Host-to-Device]
19460975260,10528,397316,,,,,,,,,,0.197,18674.614,Pinned,Device,NVIDIA A100-SXM4-40GB MIG 4g.20gb (0),1,,13,[CUDA memcpy Host-to-Device]
19461115226,21088,397317,273,1,1,48,1,1,40,0.000,0.001,,,,,NVIDIA A100-SXM4-40GB MIG 4g.20gb (0),1,,13,"void pusch_noise_intf_est::noiseIntfEstNoDftSOfdmKernel<float, __half, float, float, (unsigned int)2, (unsigned int)1, (unsigned char)4, (unsigned char)4>(pusch_noise_intf_est::puschRxNoiseIntfEstDynDescr)"
19461642324,7360,397328,35,1,1,128,1,1,16,0.000,0.000,,,,,NVIDIA A100-SXM4-40GB MIG 4g.20gb (0),1,,13,cupy_copy__complex64_complex64
19462161967,5216,397337,1,1,1,1,1,1,18,0.000,0.000,,,,,NVIDIA A100-SXM4-40GB MIG 4g.20gb (0),1,,13,cupy_copy__float32_float32
19462177550,1632,397343,,,,,,,,,,0.000,2.451,Device,Pageable,NVIDIA A100-SXM4-40GB MIG 4g.20gb (0),1,,7,[CUDA memcpy Device-to-Host]
19462681417,20960,397354,1434,1,1,128,1,1,16,0.000,0.000,,,,,NVIDIA A100-SXM4-40GB MIG 4g.20gb (0),1,,13,cupy_copy__complex64_complex64
19462824743,6656,397361,103,1,1,128,1,1,16,0.000,0.000,,,,,NVIDIA A100-SXM4-40GB MIG 4g.20gb (0),1,,13,cupy_copy__complex64_complex64
19463281698,12160,397368,35,1,1,128,1,1,16,0.000,0.000,,,,,NVIDIA A100-SXM4-40GB MIG 4g.20gb (0),1,,13,cupy_copy__complex64_complex64
19463795452,7680,397375,1,1,1,1,1,1,18,0.000,0.000,,,,,NVIDIA A100-SXM4-40GB MIG 4g.20gb (0),1,,13,cupy_copy__float32_float32
19464097273,329852,397386,1,1,1,32,32,1,30,0.000,0.000,,,,,NVIDIA A100-SXM4-40GB MIG 4g.20gb (0),1,,13,"void convert_kernel<__half2, float2>(tensor_layout_any, T1 *, tensor_layout_any, const T2 *)"
19464458197,6144,397389,,,,,,,,,,0.094,15249.961,Pinned,Device,NVIDIA A100-SXM4-40GB MIG 4g.20gb (0),1,,13,[CUDA memcpy Host-to-Device]
19464917008,6112,397390,,,,,,,,,,1.547,253046.246,Device,,NVIDIA A100-SXM4-40GB MIG 4g.20gb (0),1,,13,[CUDA memset]
19464925104,5056,397395,,,,,,,,,,0.031,6189.848,Pinned,Device,NVIDIA A100-SXM4-40GB MIG 4g.20gb (0),1,,13,[CUDA memcpy Host-to-Device]
19464932592,9920,397396,,,,,,,,,,0.197,19819.266,Pinned,Device,NVIDIA A100-SXM4-40GB MIG 4g.20gb (0),1,,13,[CUDA memcpy Host-to-Device]
19465478602,18463,397397,273,1,1,8,4,1,39,0.002,0.000,,,,,NVIDIA A100-SXM4-40GB MIG 4g.20gb (0),1,,13,"void channel_eq::eqMmseCoefCompLowMimoKernel<float, float, float, (unsigned int)4, (unsigned int)1, (unsigned int)4>(const channel_eq::_puschRxChEqStatDescr *, channel_eq::_puschRxChEqCoefCompDynDescr)"
19466092547,17343,397398,273,1,1,12,11,1,51,0.002,0.000,,,,,NVIDIA A100-SXM4-40GB MIG 4g.20gb (0),1,,13,"void channel_eq::eqMmseSoftDemapKernel<float, __half, __half, float, (unsigned int)4, (unsigned short)16383>(channel_eq::_puschRxChEqStatDescr *, channel_eq::_puschRxChEqSoftDemapDynDescr)"
19466645468,794872,397399,1,1,1,32,32,1,30,0.000,0.000,,,,,NVIDIA A100-SXM4-40GB MIG 4g.20gb (0),1,,13,"void convert_kernel<float2, __half2>(tensor_layout_any, T1 *, tensor_layout_any, const T2 *)"
19467521395,14464,397411,2253,1,1,128,1,1,16,0.000,0.000,,,,,NVIDIA A100-SXM4-40GB MIG 4g.20gb (0),1,,13,cupy_copy__float16_float16
19467537778,4064,397420,282,1,1,128,1,1,16,0.000,0.000,,,,,NVIDIA A100-SXM4-40GB MIG 4g.20gb (0),1,,13,cupy_copy__complex64_complex64
19467621490,3968,397429,26,1,1,128,1,1,16,0.000,0.000,,,,,NVIDIA A100-SXM4-40GB MIG 4g.20gb (0),1,,13,cupy_copy__float32_float32
19467628465,4192,397438,103,1,1,128,1,1,16,0.000,0.000,,,,,NVIDIA A100-SXM4-40GB MIG 4g.20gb (0),1,,13,cupy_copy__complex64_complex64
19467634097,12320,397448,1434,1,1,128,1,1,16,0.000,0.000,,,,,NVIDIA A100-SXM4-40GB MIG 4g.20gb (0),1,,13,cupy_copy__complex64_complex64
19467648113,80607,397453,1,1,1,32,32,1,30,0.000,0.000,,,,,NVIDIA A100-SXM4-40GB MIG 4g.20gb (0),1,,13,"void convert_kernel<__half2, float2>(tensor_layout_any, T1 *, tensor_layout_any, const T2 *)"
19467767280,5632,397456,,,,,,,,,,0.094,16636.287,Pinned,Device,NVIDIA A100-SXM4-40GB MIG 4g.20gb (0),1,,13,[CUDA memcpy Host-to-Device]
19467810671,615034,397457,,,,,,,,,,456.561,741912.340,Device,,NVIDIA A100-SXM4-40GB MIG 4g.20gb (0),1,,13,[CUDA memset]
19468430921,50559,397462,,,,,,,,,,1.235,24424.722,Pinned,Device,NVIDIA A100-SXM4-40GB MIG 4g.20gb (0),1,,13,[CUDA memcpy Host-to-Device]
19468483912,9632,397463,,,,,,,,,,0.197,20411.843,Pinned,Device,NVIDIA A100-SXM4-40GB MIG 4g.20gb (0),1,,13,[CUDA memcpy Host-to-Device]
19468732421,29376,397464,69,4,1,48,1,1,76,0.002,0.000,,,,,NVIDIA A100-SXM4-40GB MIG 4g.20gb (0),1,,13,"void ch_est::windowedChEstPreNoDftSOfdmKernel<float, __half, float, (unsigned int)2, (unsigned int)1, (unsigned short)4>(ch_est::puschRxChEstStatDescr_t *, ch_est::puschRxChEstDynDescr_t *)"
19468763365,10176,397465,137,2,1,24,2,1,44,0.001,0.001,,,,,NVIDIA A100-SXM4-40GB MIG 4g.20gb (0),1,,13,"void ch_est::chEstFilterNoDftSOfdmDispatchKernel<float, __half, float, (unsigned int)2>(ch_est::puschRxChEstStatDescr_t *, ch_est::puschRxChEstDynDescr_t *)"
19468775781,4736,397466,137,2,1,24,2,1,44,0.001,0.001,,,,,NVIDIA A100-SXM4-40GB MIG 4g.20gb (0),1,,13,"void ch_est::chEstFilterNoDftSOfdmDispatchKernel<float, __half, float, (unsigned int)2>(ch_est::puschRxChEstStatDescr_t *, ch_est::puschRxChEstDynDescr_t *)"
19469088193,8992,397477,103,1,1,128,1,1,16,0.000,0.000,,,,,NVIDIA A100-SXM4-40GB MIG 4g.20gb (0),1,,13,cupy_copy__complex64_complex64
19469189280,18432,397487,1434,1,1,128,1,1,16,0.000,0.000,,,,,NVIDIA A100-SXM4-40GB MIG 4g.20gb (0),1,,13,cupy_copy__complex64_complex64
19469540636,10560,397494,103,1,1,128,1,1,16,0.000,0.000,,,,,NVIDIA A100-SXM4-40GB MIG 4g.20gb (0),1,,13,cupy_copy__complex64_complex64
19469640795,235805,397501,1,1,1,32,32,1,30,0.000,0.000,,,,,NVIDIA A100-SXM4-40GB MIG 4g.20gb (0),1,,13,"void convert_kernel<__half2, float2>(tensor_layout_any, T1 *, tensor_layout_any, const T2 *)"
19469905976,5472,397504,,,,,,,,,,0.094,17122.757,Pinned,Device,NVIDIA A100-SXM4-40GB MIG 4g.20gb (0),1,,13,[CUDA memcpy Host-to-Device]
19470128982,51391,397505,,,,,,,,,,35.810,696789.423,Device,,NVIDIA A100-SXM4-40GB MIG 4g.20gb (0),1,,13,[CUDA memset]
19470187061,2144,397507,,,,,,,,,,0.000,37.313,Pinned,Device,NVIDIA A100-SXM4-40GB MIG 4g.20gb (0),1,,13,[CUDA memcpy Host-to-Device]
19470191893,9664,397508,,,,,,,,,,0.197,20344.209,Pinned,Device,NVIDIA A100-SXM4-40GB MIG 4g.20gb (0),1,,13,[CUDA memcpy Host-to-Device]
19470604272,32128,397509,273,1,1,48,1,1,40,0.000,0.001,,,,,NVIDIA A100-SXM4-40GB MIG 4g.20gb (0),1,,13,"void pusch_noise_intf_est::noiseIntfEstNoDftSOfdmKernel<float, __half, float, float, (unsigned int)2, (unsigned int)1, (unsigned char)4, (unsigned char)4>(pusch_noise_intf_est::puschRxNoiseIntfEstDynDescr)"
19470800526,5504,397520,35,1,1,128,1,1,16,0.000,0.000,,,,,NVIDIA A100-SXM4-40GB MIG 4g.20gb (0),1,,13,cupy_copy__complex64_complex64
19471238761,3296,397529,1,1,1,1,1,1,18,0.000,0.000,,,,,NVIDIA A100-SXM4-40GB MIG 4g.20gb (0),1,,13,cupy_copy__float32_float32
19471245097,2272,397535,,,,,,,,,,0.000,1.761,Device,Pageable,NVIDIA A100-SXM4-40GB MIG 4g.20gb (0),1,,7,[CUDA memcpy Device-to-Host]
19471765059,18400,397546,1434,1,1,128,1,1,16,0.000,0.000,,,,,NVIDIA A100-SXM4-40GB MIG 4g.20gb (0),1,,13,cupy_copy__complex64_complex64
19472194974,8352,397553,103,1,1,128,1,1,16,0.000,0.000,,,,,NVIDIA A100-SXM4-40GB MIG 4g.20gb (0),1,,13,cupy_copy__complex64_complex64
19472386204,6752,397560,35,1,1,128,1,1,16,0.000,0.000,,,,,NVIDIA A100-SXM4-40GB MIG 4g.20gb (0),1,,13,cupy_copy__complex64_complex64
19472833207,3616,397567,1,1,1,1,1,1,18,0.000,0.000,,,,,NVIDIA A100-SXM4-40GB MIG 4g.20gb (0),1,,13,cupy_copy__float32_float32
19473247603,313884,397578,1,1,1,32,32,1,30,0.000,0.000,,,,,NVIDIA A100-SXM4-40GB MIG 4g.20gb (0),1,,13,"void convert_kernel<__half2, float2>(tensor_layout_any, T1 *, tensor_layout_any, const T2 *)"
19473591215,5824,397581,,,,,,,,,,0.094,16087.884,Pinned,Device,NVIDIA A100-SXM4-40GB MIG 4g.20gb (0),1,,13,[CUDA memcpy Host-to-Device]
19473685294,4032,397582,,,,,,,,,,1.547,383585.951,Device,,NVIDIA A100-SXM4-40GB MIG 4g.20gb (0),1,,13,[CUDA memset]
19473690350,3008,397587,,,,,,,,,,0.031,10404.230,Pinned,Device,NVIDIA A100-SXM4-40GB MIG 4g.20gb (0),1,,13,[CUDA memcpy Host-to-Device]
19473696078,10272,397588,,,,,,,,,,0.197,19140.182,Pinned,Device,NVIDIA A100-SXM4-40GB MIG 4g.20gb (0),1,,13,[CUDA memcpy Host-to-Device]
19473855212,24800,397589,273,1,1,8,4,1,39,0.002,0.000,,,,,NVIDIA A100-SXM4-40GB MIG 4g.20gb (0),1,,13,"void channel_eq::eqMmseCoefCompLowMimoKernel<float, float, float, (unsigned int)4, (unsigned int)1, (unsigned int)4>(const channel_eq::_puschRxChEqStatDescr *, channel_eq::_puschRxChEqCoefCompDynDescr)"
19473931307,19904,397590,273,1,1,12,11,1,51,0.002,0.000,,,,,NVIDIA A100-SXM4-40GB MIG 4g.20gb (0),1,,13,"void channel_eq::eqMmseSoftDemapKernel<float, __half, __half, float, (unsigned int)4, (unsigned short)16383>(channel_eq::_puschRxChEqStatDescr *, channel_eq::_puschRxChEqSoftDemapDynDescr)"
19473952971,516986,397591,1,1,1,32,32,1,30,0.000,0.000,,,,,NVIDIA A100-SXM4-40GB MIG 4g.20gb (0),1,,13,"void convert_kernel<float2, __half2>(tensor_layout_any, T1 *, tensor_layout_any, const T2 *)"
19474561156,18304,397603,2253,1,1,128,1,1,16,0.000,0.000,,,,,NVIDIA A100-SXM4-40GB MIG 4g.20gb (0),1,,13,cupy_copy__float16_float16
19474581892,5088,397612,282,1,1,128,1,1,16,0.000,0.000,,,,,NVIDIA A100-SXM4-40GB MIG 4g.20gb (0),1,,13,cupy_copy__complex64_complex64
19474987231,5728,397621,26,1,1,128,1,1,16,0.000,0.000,,,,,NVIDIA A100-SXM4-40GB MIG 4g.20gb (0),1,,13,cupy_copy__float32_float32
19474995935,4256,397630,103,1,1,128,1,1,16,0.000,0.000,,,,,NVIDIA A100-SXM4-40GB MIG 4g.20gb (0),1,,13,cupy_copy__complex64_complex64
19475002559,12224,397640,1434,1,1,128,1,1,16,0.000,0.000,,,,,NVIDIA A100-SXM4-40GB MIG 4g.20gb (0),1,,13,cupy_copy__complex64_complex64
19475016319,82847,397645,1,1,1,32,32,1,30,0.000,0.000,,,,,NVIDIA A100-SXM4-40GB MIG 4g.20gb (0),1,,13,"void convert_kernel<__half2, float2>(tensor_layout_any, T1 *, tensor_layout_any, const T2 *)"
19475130302,5408,397648,,,,,,,,,,0.094,17325.421,Pinned,Device,NVIDIA A100-SXM4-40GB MIG 4g.20gb (0),1,,13,[CUDA memcpy Host-to-Device]
19475466746,613625,397649,,,,,,,,,,456.561,743738.586,Device,,NVIDIA A100-SXM4-40GB MIG 4g.20gb (0),1,,13,[CUDA memset]
19476085235,51135,397654,,,,,,,,,,1.235,24150.565,Pinned,Device,NVIDIA A100-SXM4-40GB MIG 4g.20gb (0),1,,13,[CUDA memcpy Host-to-Device]
19476138930,9472,397655,,,,,,,,,,0.197,20756.693,Pinned,Device,NVIDIA A100-SXM4-40GB MIG 4g.20gb (0),1,,13,[CUDA memcpy Host-to-Device]
19476531566,11296,397656,69,4,1,48,1,1,76,0.002,0.000,,,,,NVIDIA A100-SXM4-40GB MIG 4g.20gb (0),1,,13,"void ch_est::windowedChEstPreNoDftSOfdmKernel<float, __half, float, (unsigned int)2, (unsigned int)1, (unsigned short)4>(ch_est::puschRxChEstStatDescr_t *, ch_est::puschRxChEstDynDescr_t *)"
19477029768,10208,397657,137,2,1,24,2,1,44,0.001,0.001,,,,,NVIDIA A100-SXM4-40GB MIG 4g.20gb (0),1,,13,"void ch_est::chEstFilterNoDftSOfdmDispatchKernel<float, __half, float, (unsigned int)2>(ch_est::puschRxChEstStatDescr_t *, ch_est::puschRxChEstDynDescr_t *)"
19477437028,15040,397658,137,2,1,24,2,1,44,0.001,0.001,,,,,NVIDIA A100-SXM4-40GB MIG 4g.20gb (0),1,,13,"void ch_est::chEstFilterNoDftSOfdmDispatchKernel<float, __half, float, (unsigned int)2>(ch_est::puschRxChEstStatDescr_t *, ch_est::puschRxChEstDynDescr_t *)"
19477602626,4640,397669,103,1,1,128,1,1,16,0.000,0.000,,,,,NVIDIA A100-SXM4-40GB MIG 4g.20gb (0),1,,13,cupy_copy__complex64_complex64
19478006077,20832,397679,1434,1,1,128,1,1,16,0.000,0.000,,,,,NVIDIA A100-SXM4-40GB MIG 4g.20gb (0),1,,13,cupy_copy__complex64_complex64
19478627223,8223,397686,103,1,1,128,1,1,16,0.000,0.000,,,,,NVIDIA A100-SXM4-40GB MIG 4g.20gb (0),1,,13,cupy_copy__complex64_complex64
19478782069,225117,397693,1,1,1,32,32,1,30,0.000,0.000,,,,,NVIDIA A100-SXM4-40GB MIG 4g.20gb (0),1,,13,"void convert_kernel<__half2, float2>(tensor_layout_any, T1 *, tensor_layout_any, const T2 *)"
19479037682,5728,397696,,,,,,,,,,0.094,16357.541,Pinned,Device,NVIDIA A100-SXM4-40GB MIG 4g.20gb (0),1,,13,[CUDA memcpy Host-to-Device]
19479345615,62111,397697,,,,,,,,,,35.810,576539.712,Device,,NVIDIA A100-SXM4-40GB MIG 4g.20gb (0),1,,13,[CUDA memset]
19479414926,2016,397699,,,,,,,,,,0.000,39.682,Pinned,Device,NVIDIA A100-SXM4-40GB MIG 4g.20gb (0),1,,13,[CUDA memcpy Host-to-Device]
19479419566,10272,397700,,,,,,,,,,0.197,19140.182,Pinned,Device,NVIDIA A100-SXM4-40GB MIG 4g.20gb (0),1,,13,[CUDA memcpy Host-to-Device]
19479903400,22432,397701,273,1,1,48,1,1,40,0.000,0.001,,,,,NVIDIA A100-SXM4-40GB MIG 4g.20gb (0),1,,13,"void pusch_noise_intf_est::noiseIntfEstNoDftSOfdmKernel<float, __half, float, float, (unsigned int)2, (unsigned int)1, (unsigned char)4, (unsigned char)4>(pusch_noise_intf_est::puschRxNoiseIntfEstDynDescr)"
19480057543,7071,397712,35,1,1,128,1,1,16,0.000,0.000,,,,,NVIDIA A100-SXM4-40GB MIG 4g.20gb (0),1,,13,cupy_copy__complex64_complex64
19480115302,7232,397721,1,1,1,1,1,1,18,0.000,0.000,,,,,NVIDIA A100-SXM4-40GB MIG 4g.20gb (0),1,,13,cupy_copy__float32_float32
19480135078,5088,397727,,,,,,,,,,0.000,0.786,Device,Pageable,NVIDIA A100-SXM4-40GB MIG 4g.20gb (0),1,,7,[CUDA memcpy Device-to-Host]
19480270020,27040,397738,1434,1,1,128,1,1,16,0.000,0.000,,,,,NVIDIA A100-SXM4-40GB MIG 4g.20gb (0),1,,13,cupy_copy__complex64_complex64
19480434466,9376,397745,103,1,1,128,1,1,16,0.000,0.000,,,,,NVIDIA A100-SXM4-40GB MIG 4g.20gb (0),1,,13,cupy_copy__complex64_complex64
19480525281,9248,397752,35,1,1,128,1,1,16,0.000,0.000,,,,,NVIDIA A100-SXM4-40GB MIG 4g.20gb (0),1,,13,cupy_copy__complex64_complex64
19480583105,7232,397759,1,1,1,1,1,1,18,0.000,0.000,,,,,NVIDIA A100-SXM4-40GB MIG 4g.20gb (0),1,,13,cupy_copy__float32_float32
19480594625,351612,397770,1,1,1,32,32,1,30,0.000,0.000,,,,,NVIDIA A100-SXM4-40GB MIG 4g.20gb (0),1,,13,"void convert_kernel<__half2, float2>(tensor_layout_any, T1 *, tensor_layout_any, const T2 *)"
19480976124,5504,397773,,,,,,,,,,0.094,17023.251,Pinned,Device,NVIDIA A100-SXM4-40GB MIG 4g.20gb (0),1,,13,[CUDA memcpy Host-to-Device]
19481359800,11744,397774,,,,,,,,,,1.547,131693.487,Device,,NVIDIA A100-SXM4-40GB MIG 4g.20gb (0),1,,13,[CUDA memset]
19481373336,3424,397779,,,,,,,,,,0.031,9140.185,Pinned,Device,NVIDIA A100-SXM4-40GB MIG 4g.20gb (0),1,,13,[CUDA memcpy Host-to-Device]
19481379736,9664,397780,,,,,,,,,,0.197,20344.209,Pinned,Device,NVIDIA A100-SXM4-40GB MIG 4g.20gb (0),1,,13,[CUDA memcpy Host-to-Device]
19481694388,25824,397781,273,1,1,8,4,1,39,0.002,0.000,,,,,NVIDIA A100-SXM4-40GB MIG 4g.20gb (0),1,,13,"void channel_eq::eqMmseCoefCompLowMimoKernel<float, float, float, (unsigned int)4, (unsigned int)1, (unsigned int)4>(const channel_eq::_puschRxChEqStatDescr *, channel_eq::_puschRxChEqCoefCompDynDescr)"
19481855474,17024,397782,273,1,1,12,11,1,51,0.002,0.000,,,,,NVIDIA A100-SXM4-40GB MIG 4g.20gb (0),1,,13,"void channel_eq::eqMmseSoftDemapKernel<float, __half, __half, float, (unsigned int)4, (unsigned short)16383>(channel_eq::_puschRxChEqStatDescr *, channel_eq::_puschRxChEqSoftDemapDynDescr)"
19482181487,599385,397783,1,1,1,32,32,1,30,0.000,0.000,,,,,NVIDIA A100-SXM4-40GB MIG 4g.20gb (0),1,,13,"void convert_kernel<float2, __half2>(tensor_layout_any, T1 *, tensor_layout_any, const T2 *)"
19483162788,13088,397795,2253,1,1,128,1,1,16,0.000,0.000,,,,,NVIDIA A100-SXM4-40GB MIG 4g.20gb (0),1,,13,cupy_copy__float16_float16
19483492512,14592,397804,282,1,1,128,1,1,16,0.000,0.000,,,,,NVIDIA A100-SXM4-40GB MIG 4g.20gb (0),1,,13,cupy_copy__complex64_complex64
19483669470,5408,397813,26,1,1,128,1,1,16,0.000,0.000,,,,,NVIDIA A100-SXM4-40GB MIG 4g.20gb (0),1,,13,cupy_copy__float32_float32
19484173369,14559,397822,103,1,1,128,1,1,16,0.000,0.000,,,,,NVIDIA A100-SXM4-40GB MIG 4g.20gb (0),1,,13,cupy_copy__complex64_complex64
19484633299,21632,397832,1434,1,1,128,1,1,16,0.000,0.000,,,,,NVIDIA A100-SXM4-40GB MIG 4g.20gb (0),1,,13,cupy_copy__complex64_complex64
19485233421,349372,397837,1,1,1,32,32,1,30,0.000,0.000,,,,,NVIDIA A100-SXM4-40GB MIG 4g.20gb (0),1,,13,"void convert_kernel<__half2, float2>(tensor_layout_any, T1 *, tensor_layout_any, const T2 *)"
19485613448,7360,397840,,,,,,,,,,0.094,12730.382,Pinned,Device,NVIDIA A100-SXM4-40GB MIG 4g.20gb (0),1,,13,[CUDA memcpy Host-to-Device]
19485880709,625273,397841,,,,,,,,,,456.561,730041.743,Device,,NVIDIA A100-SXM4-40GB MIG 4g.20gb (0),1,,13,[CUDA memset]
19486513598,52480,397846,,,,,,,,,,1.235,23530.623,Pinned,Device,NVIDIA A100-SXM4-40GB MIG 4g.20gb (0),1,,13,[CUDA memcpy Host-to-Device]
19486568862,11488,397847,,,,,,,,,,0.197,17114.137,Pinned,Device,NVIDIA A100-SXM4-40GB MIG 4g.20gb (0),1,,13,[CUDA memcpy Host-to-Device]
19486673021,18719,397848,69,4,1,48,1,1,76,0.002,0.000,,,,,NVIDIA A100-SXM4-40GB MIG 4g.20gb (0),1,,13,"void ch_est::windowedChEstPreNoDftSOfdmKernel<float, __half, float, (unsigned int)2, (unsigned int)1, (unsigned short)4>(ch_est::puschRxChEstStatDescr_t *, ch_est::puschRxChEstDynDescr_t *)"
19486849723,17951,397849,137,2,1,24,2,1,44,0.001,0.001,,,,,NVIDIA A100-SXM4-40GB MIG 4g.20gb (0),1,,13,"void ch_est::chEstFilterNoDftSOfdmDispatchKernel<float, __half, float, (unsigned int)2>(ch_est::puschRxChEstStatDescr_t *, ch_est::puschRxChEstDynDescr_t *)"
19486965817,12640,397850,137,2,1,24,2,1,44,0.001,0.001,,,,,NVIDIA A100-SXM4-40GB MIG 4g.20gb (0),1,,13,"void ch_est::chEstFilterNoDftSOfdmDispatchKernel<float, __half, float, (unsigned int)2>(ch_est::puschRxChEstStatDescr_t *, ch_est::puschRxChEstDynDescr_t *)"
19487017977,12128,397861,103,1,1,128,1,1,16,0.000,0.000,,,,,NVIDIA A100-SXM4-40GB MIG 4g.20gb (0),1,,13,cupy_copy__complex64_complex64
19487081464,22592,397871,1434,1,1,128,1,1,16,0.000,0.000,,,,,NVIDIA A100-SXM4-40GB MIG 4g.20gb (0),1,,13,cupy_copy__complex64_complex64
19487559955,9408,397878,103,1,1,128,1,1,16,0.000,0.000,,,,,NVIDIA A100-SXM4-40GB MIG 4g.20gb (0),1,,13,cupy_copy__complex64_complex64
19487628722,226877,397885,1,1,1,32,32,1,30,0.000,0.000,,,,,NVIDIA A100-SXM4-40GB MIG 4g.20gb (0),1,,13,"void convert_kernel<__half2, float2>(tensor_layout_any, T1 *, tensor_layout_any, const T2 *)"
19487941838,119295,397888,,,,,,,,,,0.094,785.360,Pinned,Device,NVIDIA A100-SXM4-40GB MIG 4g.20gb (0),1,,13,[CUDA memcpy Host-to-Device]
19488145420,60735,397889,,,,,,,,,,35.810,589574.523,Device,,NVIDIA A100-SXM4-40GB MIG 4g.20gb (0),1,,13,[CUDA memset]
19488212075,1824,397891,,,,,,,,,,0.000,43.860,Pinned,Device,NVIDIA A100-SXM4-40GB MIG 4g.20gb (0),1,,13,[CUDA memcpy Host-to-Device]
19488216299,9472,397892,,,,,,,,,,0.197,20756.693,Pinned,Device,NVIDIA A100-SXM4-40GB MIG 4g.20gb (0),1,,13,[CUDA memcpy Host-to-Device]
19488606567,39200,397893,273,1,1,48,1,1,40,0.000,0.001,,,,,NVIDIA A100-SXM4-40GB MIG 4g.20gb (0),1,,13,"void pusch_noise_intf_est::noiseIntfEstNoDftSOfdmKernel<float, __half, float, float, (unsigned int)2, (unsigned int)1, (unsigned char)4, (unsigned char)4>(pusch_noise_intf_est::puschRxNoiseIntfEstDynDescr)"
19488784901,57631,397904,35,1,1,128,1,1,16,0.000,0.000,,,,,NVIDIA A100-SXM4-40GB MIG 4g.20gb (0),1,,13,cupy_copy__complex64_complex64
19489271552,5695,397913,1,1,1,1,1,1,18,0.000,0.000,,,,,NVIDIA A100-SXM4-40GB MIG 4g.20gb (0),1,,13,cupy_copy__float32_float32
19489279231,2496,397919,,,,,,,,,,0.000,1.603,Device,Pageable,NVIDIA A100-SXM4-40GB MIG 4g.20gb (0),1,,7,[CUDA memcpy Device-to-Host]
19489622556,17823,397930,1434,1,1,128,1,1,16,0.000,0.000,,,,,NVIDIA A100-SXM4-40GB MIG 4g.20gb (0),1,,13,cupy_copy__complex64_complex64
19490037239,9184,397937,103,1,1,128,1,1,16,0.000,0.000,,,,,NVIDIA A100-SXM4-40GB MIG 4g.20gb (0),1,,13,cupy_copy__complex64_complex64
19490201653,4704,397944,35,1,1,128,1,1,16,0.000,0.000,,,,,NVIDIA A100-SXM4-40GB MIG 4g.20gb (0),1,,13,cupy_copy__complex64_complex64
19490669776,5920,397951,1,1,1,1,1,1,18,0.000,0.000,,,,,NVIDIA A100-SXM4-40GB MIG 4g.20gb (0),1,,13,cupy_copy__float32_float32
19490885838,224221,397962,1,1,1,32,32,1,30,0.000,0.000,,,,,NVIDIA A100-SXM4-40GB MIG 4g.20gb (0),1,,13,"void convert_kernel<__half2, float2>(tensor_layout_any, T1 *, tensor_layout_any, const T2 *)"
19491139883,9888,397965,,,,,,,,,,0.094,9475.664,Pinned,Device,NVIDIA A100-SXM4-40GB MIG 4g.20gb (0),1,,13,[CUDA memcpy Host-to-Device]
19491519974,7520,397966,,,,,,,,,,1.547,205666.966,Device,,NVIDIA A100-SXM4-40GB MIG 4g.20gb (0),1,,13,[CUDA memset]
19491532870,3456,397971,,,,,,,,,,0.031,9055.529,Pinned,Device,NVIDIA A100-SXM4-40GB MIG 4g.20gb (0),1,,13,[CUDA memcpy Host-to-Device]
19491543782,11296,397972,,,,,,,,,,0.197,17404.920,Pinned,Device,NVIDIA A100-SXM4-40GB MIG 4g.20gb (0),1,,13,[CUDA memcpy Host-to-Device]
19492089376,20224,397973,273,1,1,8,4,1,39,0.002,0.000,,,,,NVIDIA A100-SXM4-40GB MIG 4g.20gb (0),1,,13,"void channel_eq::eqMmseCoefCompLowMimoKernel<float, float, float, (unsigned int)4, (unsigned int)1, (unsigned int)4>(const channel_eq::_puschRxChEqStatDescr *, channel_eq::_puschRxChEqCoefCompDynDescr)"
19492724985,11552,397974,273,1,1,12,11,1,51,0.002,0.000,,,,,NVIDIA A100-SXM4-40GB MIG 4g.20gb (0),1,,13,"void channel_eq::eqMmseSoftDemapKernel<float, __half, __half, float, (unsigned int)4, (unsigned short)16383>(channel_eq::_puschRxChEqStatDescr *, channel_eq::_puschRxChEqSoftDemapDynDescr)"
19493434609,746904,397975,1,1,1,32,32,1,30,0.000,0.000,,,,,NVIDIA A100-SXM4-40GB MIG 4g.20gb (0),1,,13,"void convert_kernel<float2, __half2>(tensor_layout_any, T1 *, tensor_layout_any, const T2 *)"
19494219144,17856,397987,2253,1,1,128,1,1,16,0.000,0.000,,,,,NVIDIA A100-SXM4-40GB MIG 4g.20gb (0),1,,13,cupy_copy__float16_float16
19494305191,6720,397996,282,1,1,128,1,1,16,0.000,0.000,,,,,NVIDIA A100-SXM4-40GB MIG 4g.20gb (0),1,,13,cupy_copy__complex64_complex64
19494320519,3040,398005,26,1,1,128,1,1,16,0.000,0.000,,,,,NVIDIA A100-SXM4-40GB MIG 4g.20gb (0),1,,13,cupy_copy__float32_float32
19494389030,10880,398014,103,1,1,128,1,1,16,0.000,0.000,,,,,NVIDIA A100-SXM4-40GB MIG 4g.20gb (0),1,,13,cupy_copy__complex64_complex64
19494452358,17343,398024,1434,1,1,128,1,1,16,0.000,0.000,,,,,NVIDIA A100-SXM4-40GB MIG 4g.20gb (0),1,,13,cupy_copy__complex64_complex64
19494855713,228542,398029,1,1,1,32,32,1,30,0.000,0.000,,,,,NVIDIA A100-SXM4-40GB MIG 4g.20gb (0),1,,13,"void convert_kernel<__half2, float2>(tensor_layout_any, T1 *, tensor_layout_any, const T2 *)"
19495114270,6048,398032,,,,,,,,,,0.094,15491.978,Pinned,Device,NVIDIA A100-SXM4-40GB MIG 4g.20gb (0),1,,13,[CUDA memcpy Host-to-Device]
19495256989,618617,398033,,,,,,,,,,456.561,737803.287,Device,,NVIDIA A100-SXM4-40GB MIG 4g.20gb (0),1,,13,[CUDA memset]
19495881654,62367,398038,,,,,,,,,,1.235,19801.092,Pinned,Device,NVIDIA A100-SXM4-40GB MIG 4g.20gb (0),1,,13,[CUDA memcpy Host-to-Device]
19495946645,12640,398039,,,,,,,,,,0.197,15554.249,Pinned,Device,NVIDIA A100-SXM4-40GB MIG 4g.20gb (0),1,,13,[CUDA memcpy Host-to-Device]
19496259889,10272,398040,69,4,1,48,1,1,76,0.002,0.000,,,,,NVIDIA A100-SXM4-40GB MIG 4g.20gb (0),1,,13,"void ch_est::windowedChEstPreNoDftSOfdmKernel<float, __half, float, (unsigned int)2, (unsigned int)1, (unsigned short)4>(ch_est::puschRxChEstStatDescr_t *, ch_est::puschRxChEstDynDescr_t *)"
19496271953,7296,398041,137,2,1,24,2,1,44,0.001,0.001,,,,,NVIDIA A100-SXM4-40GB MIG 4g.20gb (0),1,,13,"void ch_est::chEstFilterNoDftSOfdmDispatchKernel<float, __half, float, (unsigned int)2>(ch_est::puschRxChEstStatDescr_t *, ch_est::puschRxChEstDynDescr_t *)"
19496664077,26016,398042,137,2,1,24,2,1,44,0.001,0.001,,,,,NVIDIA A100-SXM4-40GB MIG 4g.20gb (0),1,,13,"void ch_est::chEstFilterNoDftSOfdmDispatchKernel<float, __half, float, (unsigned int)2>(ch_est::puschRxChEstStatDescr_t *, ch_est::puschRxChEstDynDescr_t *)"
19497164327,6912,398053,103,1,1,128,1,1,16,0.000,0.000,,,,,NVIDIA A100-SXM4-40GB MIG 4g.20gb (0),1,,13,cupy_copy__complex64_complex64
19497354309,22464,398063,1434,1,1,128,1,1,16,0.000,0.000,,,,,NVIDIA A100-SXM4-40GB MIG 4g.20gb (0),1,,13,cupy_copy__complex64_complex64
19498246427,6720,398070,103,1,1,128,1,1,16,0.000,0.000,,,,,NVIDIA A100-SXM4-40GB MIG 4g.20gb (0),1,,13,cupy_copy__complex64_complex64
19498705782,238013,398077,1,1,1,32,32,1,30,0.000,0.000,,,,,NVIDIA A100-SXM4-40GB MIG 4g.20gb (0),1,,13,"void convert_kernel<__half2, float2>(tensor_layout_any, T1 *, tensor_layout_any, const T2 *)"
19498973875,5984,398080,,,,,,,,,,0.094,15657.726,Pinned,Device,NVIDIA A100-SXM4-40GB MIG 4g.20gb (0),1,,13,[CUDA memcpy Host-to-Device]
19499695467,53663,398081,,,,,,,,,,35.810,667282.049,Device,,NVIDIA A100-SXM4-40GB MIG 4g.20gb (0),1,,13,[CUDA memset]
19499757322,6720,398083,,,,,,,,,,0.000,11.905,Pinned,Device,NVIDIA A100-SXM4-40GB MIG 4g.20gb (0),1,,13,[CUDA memcpy Host-to-Device]
19499771050,13216,398084,,,,,,,,,,0.197,14876.344,Pinned,Device,NVIDIA A100-SXM4-40GB MIG 4g.20gb (0),1,,13,[CUDA memcpy Host-to-Device]
19500327300,18112,398085,273,1,1,48,1,1,40,0.000,0.001,,,,,NVIDIA A100-SXM4-40GB MIG 4g.20gb (0),1,,13,"void pusch_noise_intf_est::noiseIntfEstNoDftSOfdmKernel<float, __half, float, float, (unsigned int)2, (unsigned int)1, (unsigned char)4, (unsigned char)4>(pusch_noise_intf_est::puschRxNoiseIntfEstDynDescr)"
19500879198,9696,398096,35,1,1,128,1,1,16,0.000,0.000,,,,,NVIDIA A100-SXM4-40GB MIG 4g.20gb (0),1,,13,cupy_copy__complex64_complex64
19500941053,4256,398105,1,1,1,1,1,1,18,0.000,0.000,,,,,NVIDIA A100-SXM4-40GB MIG 4g.20gb (0),1,,13,cupy_copy__float32_float32
19500956701,6624,398111,,,,,,,,,,0.000,0.604,Device,Pageable,NVIDIA A100-SXM4-40GB MIG 4g.20gb (0),1,,7,[CUDA memcpy Device-to-Host]
19501090491,20416,398122,1434,1,1,128,1,1,16,0.000,0.000,,,,,NVIDIA A100-SXM4-40GB MIG 4g.20gb (0),1,,13,cupy_copy__complex64_complex64
19501212122,7360,398129,103,1,1,128,1,1,16,0.000,0.000,,,,,NVIDIA A100-SXM4-40GB MIG 4g.20gb (0),1,,13,cupy_copy__complex64_complex64
19501309721,4256,398136,35,1,1,128,1,1,16,0.000,0.000,,,,,NVIDIA A100-SXM4-40GB MIG 4g.20gb (0),1,,13,cupy_copy__complex64_complex64
19501473751,3904,398143,1,1,1,1,1,1,18,0.000,0.000,,,,,NVIDIA A100-SXM4-40GB MIG 4g.20gb (0),1,,13,cupy_copy__float32_float32
19501614838,238461,398154,1,1,1,32,32,1,30,0.000,0.000,,,,,NVIDIA A100-SXM4-40GB MIG 4g.20gb (0),1,,13,"void convert_kernel<__half2, float2>(tensor_layout_any, T1 *, tensor_layout_any, const T2 *)"
19501883411,6079,398157,,,,,,,,,,0.094,15412.992,Pinned,Device,NVIDIA A100-SXM4-40GB MIG 4g.20gb (0),1,,13,[CUDA memcpy Host-to-Device]
19501899634,6112,398158,,,,,,,,,,1.547,253046.246,Device,,NVIDIA A100-SXM4-40GB MIG 4g.20gb (0),1,,13,[CUDA memset]
19501906098,3328,398163,,,,,,,,,,0.031,9403.822,Pinned,Device,NVIDIA A100-SXM4-40GB MIG 4g.20gb (0),1,,13,[CUDA memcpy Host-to-Device]
19501911826,18720,398164,,,,,,,,,,0.197,10502.406,Pinned,Device,NVIDIA A100-SXM4-40GB MIG 4g.20gb (0),1,,13,[CUDA memcpy Host-to-Device]
19501951314,16544,398165,273,1,1,8,4,1,39,0.002,0.000,,,,,NVIDIA A100-SXM4-40GB MIG 4g.20gb (0),1,,13,"void channel_eq::eqMmseCoefCompLowMimoKernel<float, float, float, (unsigned int)4, (unsigned int)1, (unsigned int)4>(const channel_eq::_puschRxChEqStatDescr *, channel_eq::_puschRxChEqCoefCompDynDescr)"
19501995249,10720,398166,273,1,1,12,11,1,51,0.002,0.000,,,,,NVIDIA A100-SXM4-40GB MIG 4g.20gb (0),1,,13,"void channel_eq::eqMmseSoftDemapKernel<float, __half, __half, float, (unsigned int)4, (unsigned short)16383>(channel_eq::_puschRxChEqStatDescr *, channel_eq::_puschRxChEqSoftDemapDynDescr)"
19502014801,739672,398167,1,1,1,32,32,1,30,0.000,0.000,,,,,NVIDIA A100-SXM4-40GB MIG 4g.20gb (0),1,,13,"void convert_kernel<float2, __half2>(tensor_layout_any, T1 *, tensor_layout_any, const T2 *)"
19503106949,14560,398179,2253,1,1,128,1,1,16,0.000,0.000,,,,,NVIDIA A100-SXM4-40GB MIG 4g.20gb (0),1,,13,cupy_copy__float16_float16
19503542624,5088,398188,282,1,1,128,1,1,16,0.000,0.000,,,,,NVIDIA A100-SXM4-40GB MIG 4g.20gb (0),1,,13,cupy_copy__complex64_complex64
19503754110,5600,398197,26,1,1,128,1,1,16,0.000,0.000,,,,,NVIDIA A100-SXM4-40GB MIG 4g.20gb (0),1,,13,cupy_copy__float32_float32
19504101530,9728,398206,103,1,1,128,1,1,16,0.000,0.000,,,,,NVIDIA A100-SXM4-40GB MIG 4g.20gb (0),1,,13,cupy_copy__complex64_complex64
19504463254,25535,398222,1434,1,1,128,1,1,16,0.000,0.000,,,,,NVIDIA A100-SXM4-40GB MIG 4g.20gb (0),1,,13,cupy_copy__complex64_complex64
19504717619,267773,398227,1,1,1,32,32,1,30,0.000,0.000,,,,,NVIDIA A100-SXM4-40GB MIG 4g.20gb (0),1,,13,"void convert_kernel<__half2, float2>(tensor_layout_any, T1 *, tensor_layout_any, const T2 *)"
19505016944,8767,398230,,,,,,,,,,0.094,10687.341,Pinned,Device,NVIDIA A100-SXM4-40GB MIG 4g.20gb (0),1,,13,[CUDA memcpy Host-to-Device]
19505394603,612985,398231,,,,,,,,,,456.561,744651.709,Device,,NVIDIA A100-SXM4-40GB MIG 4g.20gb (0),1,,13,[CUDA memset]
19506014244,57888,398236,,,,,,,,,,1.235,21332.423,Pinned,Device,NVIDIA A100-SXM4-40GB MIG 4g.20gb (0),1,,13,[CUDA memcpy Host-to-Device]
19506075940,12416,398237,,,,,,,,,,0.197,15835.005,Pinned,Device,NVIDIA A100-SXM4-40GB MIG 4g.20gb (0),1,,13,[CUDA memcpy Host-to-Device]
19506898395,18367,398238,69,4,1,48,1,1,76,0.002,0.000,,,,,NVIDIA A100-SXM4-40GB MIG 4g.20gb (0),1,,13,"void ch_est::windowedChEstPreNoDftSOfdmKernel<float, __half, float, (unsigned int)2, (unsigned int)1, (unsigned short)4>(ch_est::puschRxChEstStatDescr_t *, ch_est::puschRxChEstDynDescr_t *)"
19507237399,17600,398239,137,2,1,24,2,1,44,0.001,0.001,,,,,NVIDIA A100-SXM4-40GB MIG 4g.20gb (0),1,,13,"void ch_est::chEstFilterNoDftSOfdmDispatchKernel<float, __half, float, (unsigned int)2>(ch_est::puschRxChEstStatDescr_t *, ch_est::puschRxChEstDynDescr_t *)"
19507674514,15904,398240,137,2,1,24,2,1,44,0.001,0.001,,,,,NVIDIA A100-SXM4-40GB MIG 4g.20gb (0),1,,13,"void ch_est::chEstFilterNoDftSOfdmDispatchKernel<float, __half, float, (unsigned int)2>(ch_est::puschRxChEstStatDescr_t *, ch_est::puschRxChEstDynDescr_t *)"
19507749617,4416,398251,103,1,1,128,1,1,16,0.000,0.000,,,,,NVIDIA A100-SXM4-40GB MIG 4g.20gb (0),1,,13,cupy_copy__complex64_complex64
19507933807,19456,398261,1434,1,1,128,1,1,16,0.000,0.000,,,,,NVIDIA A100-SXM4-40GB MIG 4g.20gb (0),1,,13,cupy_copy__complex64_complex64
19508160748,7616,398268,103,1,1,128,1,1,16,0.000,0.000,,,,,NVIDIA A100-SXM4-40GB MIG 4g.20gb (0),1,,13,cupy_copy__complex64_complex64
19508170188,241054,398275,1,1,1,32,32,1,30,0.000,0.000,,,,,NVIDIA A100-SXM4-40GB MIG 4g.20gb (0),1,,13,"void convert_kernel<__half2, float2>(tensor_layout_any, T1 *, tensor_layout_any, const T2 *)"
19508442089,5760,398278,,,,,,,,,,0.094,16266.656,Pinned,Device,NVIDIA A100-SXM4-40GB MIG 4g.20gb (0),1,,13,[CUDA memcpy Host-to-Device]
19508455849,62815,398279,,,,,,,,,,35.810,570058.116,Device,,NVIDIA A100-SXM4-40GB MIG 4g.20gb (0),1,,13,[CUDA memset]
19508520680,5120,398281,,,,,,,,,,0.000,15.625,Pinned,Device,NVIDIA A100-SXM4-40GB MIG 4g.20gb (0),1,,13,[CUDA memcpy Host-to-Device]
19508532616,12128,398282,,,,,,,,,,0.197,16210.919,Pinned,Device,NVIDIA A100-SXM4-40GB MIG 4g.20gb (0),1,,13,[CUDA memcpy Host-to-Device]
19508548872,10976,398283,273,1,1,48,1,1,40,0.000,0.001,,,,,NVIDIA A100-SXM4-40GB MIG 4g.20gb (0),1,,13,"void pusch_noise_intf_est::noiseIntfEstNoDftSOfdmKernel<float, __half, float, float, (unsigned int)2, (unsigned int)1, (unsigned char)4, (unsigned char)4>(pusch_noise_intf_est::puschRxNoiseIntfEstDynDescr)"
19508565224,3904,398294,35,1,1,128,1,1,16,0.000,0.000,,,,,NVIDIA A100-SXM4-40GB MIG 4g.20gb (0),1,,13,cupy_copy__complex64_complex64
19508575336,2304,398303,1,1,1,1,1,1,18,0.000,0.000,,,,,NVIDIA A100-SXM4-40GB MIG 4g.20gb (0),1,,13,cupy_copy__float32_float32
19508608199,1824,398309,,,,,,,,,,0.000,2.193,Device,Pageable,NVIDIA A100-SXM4-40GB MIG 4g.20gb (0),1,,7,[CUDA memcpy Device-to-Host]
19508708550,42080,398320,1434,1,1,128,1,1,16,0.000,0.000,,,,,NVIDIA A100-SXM4-40GB MIG 4g.20gb (0),1,,13,cupy_copy__complex64_complex64
19508790597,6592,398327,103,1,1,128,1,1,16,0.000,0.000,,,,,NVIDIA A100-SXM4-40GB MIG 4g.20gb (0),1,,13,cupy_copy__complex64_complex64
19509014435,4000,398334,35,1,1,128,1,1,16,0.000,0.000,,,,,NVIDIA A100-SXM4-40GB MIG 4g.20gb (0),1,,13,cupy_copy__complex64_complex64
19509135457,3904,398341,1,1,1,1,1,1,18,0.000,0.000,,,,,NVIDIA A100-SXM4-40GB MIG 4g.20gb (0),1,,13,cupy_copy__float32_float32
19509243264,488763,398352,1,1,1,32,32,1,30,0.000,0.000,,,,,NVIDIA A100-SXM4-40GB MIG 4g.20gb (0),1,,13,"void convert_kernel<__half2, float2>(tensor_layout_any, T1 *, tensor_layout_any, const T2 *)"
19509760507,5695,398355,,,,,,,,,,0.094,16452.268,Pinned,Device,NVIDIA A100-SXM4-40GB MIG 4g.20gb (0),1,,13,[CUDA memcpy Host-to-Device]
19510074807,6208,398356,,,,,,,,,,1.547,249133.287,Device,,NVIDIA A100-SXM4-40GB MIG 4g.20gb (0),1,,13,[CUDA memset]
19510082935,3552,398361,,,,,,,,,,0.031,8810.794,Pinned,Device,NVIDIA A100-SXM4-40GB MIG 4g.20gb (0),1,,13,[CUDA memcpy Host-to-Device]
19510092471,10528,398362,,,,,,,,,,0.197,18674.614,Pinned,Device,NVIDIA A100-SXM4-40GB MIG 4g.20gb (0),1,,13,[CUDA memcpy Host-to-Device]
19510533906,28864,398363,273,1,1,8,4,1,39,0.002,0.000,,,,,NVIDIA A100-SXM4-40GB MIG 4g.20gb (0),1,,13,"void channel_eq::eqMmseCoefCompLowMimoKernel<float, float, float, (unsigned int)4, (unsigned int)1, (unsigned int)4>(const channel_eq::_puschRxChEqStatDescr *, channel_eq::_puschRxChEqCoefCompDynDescr)"
19510813039,11392,398364,273,1,1,12,11,1,51,0.002,0.000,,,,,NVIDIA A100-SXM4-40GB MIG 4g.20gb (0),1,,13,"void channel_eq::eqMmseSoftDemapKernel<float, __half, __half, float, (unsigned int)4, (unsigned short)16383>(channel_eq::_puschRxChEqStatDescr *, channel_eq::_puschRxChEqSoftDemapDynDescr)"
19511366857,624313,398365,1,1,1,32,32,1,30,0.000,0.000,,,,,NVIDIA A100-SXM4-40GB MIG 4g.20gb (0),1,,13,"void convert_kernel<float2, __half2>(tensor_layout_any, T1 *, tensor_layout_any, const T2 *)"
19512413405,40095,398377,2253,1,1,128,1,1,16,0.000,0.000,,,,,NVIDIA A100-SXM4-40GB MIG 4g.20gb (0),1,,13,cupy_copy__float16_float16
19512642586,6848,398386,282,1,1,128,1,1,16,0.000,0.000,,,,,NVIDIA A100-SXM4-40GB MIG 4g.20gb (0),1,,13,cupy_copy__complex64_complex64
19513097333,3616,398395,26,1,1,128,1,1,16,0.000,0.000,,,,,NVIDIA A100-SXM4-40GB MIG 4g.20gb (0),1,,13,cupy_copy__float32_float32
19513505169,17215,398404,103,1,1,128,1,1,16,0.000,0.000,,,,,NVIDIA A100-SXM4-40GB MIG 4g.20gb (0),1,,13,cupy_copy__complex64_complex64
19513603600,18783,398414,1434,1,1,128,1,1,16,0.000,0.000,,,,,NVIDIA A100-SXM4-40GB MIG 4g.20gb (0),1,,13,cupy_copy__complex64_complex64
19513923244,253757,398419,1,1,1,32,32,1,30,0.000,0.000,,,,,NVIDIA A100-SXM4-40GB MIG 4g.20gb (0),1,,13,"void convert_kernel<__half2, float2>(tensor_layout_any, T1 *, tensor_layout_any, const T2 *)"
19514207017,5760,398422,,,,,,,,,,0.094,16266.656,Pinned,Device,NVIDIA A100-SXM4-40GB MIG 4g.20gb (0),1,,13,[CUDA memcpy Host-to-Device]
19514330407,634265,398423,,,,,,,,,,456.561,719540.829,Device,,NVIDIA A100-SXM4-40GB MIG 4g.20gb (0),1,,13,[CUDA memset]
19514971136,49824,398428,,,,,,,,,,1.235,24785.326,Pinned,Device,NVIDIA A100-SXM4-40GB MIG 4g.20gb (0),1,,13,[CUDA memcpy Host-to-Device]
19515023904,9504,398429,,,,,,,,,,0.197,20686.701,Pinned,Device,NVIDIA A100-SXM4-40GB MIG 4g.20gb (0),1,,13,[CUDA memcpy Host-to-Device]
19515269053,35328,398430,69,4,1,48,1,1,76,0.002,0.000,,,,,NVIDIA A100-SXM4-40GB MIG 4g.20gb (0),1,,13,"void ch_est::windowedChEstPreNoDftSOfdmKernel<float, __half, float, (unsigned int)2, (unsigned int)1, (unsigned short)4>(ch_est::puschRxChEstStatDescr_t *, ch_est::puschRxChEstDynDescr_t *)"
19515351676,9440,398431,137,2,1,24,2,1,44,0.001,0.001,,,,,NVIDIA A100-SXM4-40GB MIG 4g.20gb (0),1,,13,"void ch_est::chEstFilterNoDftSOfdmDispatchKernel<float, __half, float, (unsigned int)2>(ch_est::puschRxChEstStatDescr_t *, ch_est::puschRxChEstDynDescr_t *)"
19515813783,31903,398432,137,2,1,24,2,1,44,0.001,0.001,,,,,NVIDIA A100-SXM4-40GB MIG 4g.20gb (0),1,,13,"void ch_est::chEstFilterNoDftSOfdmDispatchKernel<float, __half, float, (unsigned int)2>(ch_est::puschRxChEstStatDescr_t *, ch_est::puschRxChEstDynDescr_t *)"
19516066836,5792,398443,103,1,1,128,1,1,16,0.000,0.000,,,,,NVIDIA A100-SXM4-40GB MIG 4g.20gb (0),1,,13,cupy_copy__complex64_complex64
19516190483,22079,398453,1434,1,1,128,1,1,16,0.000,0.000,,,,,NVIDIA A100-SXM4-40GB MIG 4g.20gb (0),1,,13,cupy_copy__complex64_complex64
19516481167,7840,398460,103,1,1,128,1,1,16,0.000,0.000,,,,,NVIDIA A100-SXM4-40GB MIG 4g.20gb (0),1,,13,cupy_copy__complex64_complex64
19516794284,332508,398467,1,1,1,32,32,1,30,0.000,0.000,,,,,NVIDIA A100-SXM4-40GB MIG 4g.20gb (0),1,,13,"void convert_kernel<__half2, float2>(tensor_layout_any, T1 *, tensor_layout_any, const T2 *)"
19517157992,8032,398470,,,,,,,,,,0.094,11665.246,Pinned,Device,NVIDIA A100-SXM4-40GB MIG 4g.20gb (0),1,,13,[CUDA memcpy Host-to-Device]
19517399653,49056,398471,,,,,,,,,,35.810,729949.409,Device,,NVIDIA A100-SXM4-40GB MIG 4g.20gb (0),1,,13,[CUDA memset]
19517451301,3999,398473,,,,,,,,,,0.000,20.005,Pinned,Device,NVIDIA A100-SXM4-40GB MIG 4g.20gb (0),1,,13,[CUDA memcpy Host-to-Device]
19517459044,11712,398474,,,,,,,,,,0.197,16786.784,Pinned,Device,NVIDIA A100-SXM4-40GB MIG 4g.20gb (0),1,,13,[CUDA memcpy Host-to-Device]
19517828608,18496,398475,273,1,1,48,1,1,40,0.000,0.001,,,,,NVIDIA A100-SXM4-40GB MIG 4g.20gb (0),1,,13,"void pusch_noise_intf_est::noiseIntfEstNoDftSOfdmKernel<float, __half, float, float, (unsigned int)2, (unsigned int)1, (unsigned char)4, (unsigned char)4>(pusch_noise_intf_est::puschRxNoiseIntfEstDynDescr)"
19518335259,6720,398486,35,1,1,128,1,1,16,0.000,0.000,,,,,NVIDIA A100-SXM4-40GB MIG 4g.20gb (0),1,,13,cupy_copy__complex64_complex64
19518737046,3360,398495,1,1,1,1,1,1,18,0.000,0.000,,,,,NVIDIA A100-SXM4-40GB MIG 4g.20gb (0),1,,13,cupy_copy__float32_float32
19518748438,2400,398501,,,,,,,,,,0.000,1.667,Device,Pageable,NVIDIA A100-SXM4-40GB MIG 4g.20gb (0),1,,7,[CUDA memcpy Device-to-Host]
19519102834,19776,398512,1434,1,1,128,1,1,16,0.000,0.000,,,,,NVIDIA A100-SXM4-40GB MIG 4g.20gb (0),1,,13,cupy_copy__complex64_complex64
19519301232,4672,398519,103,1,1,128,1,1,16,0.000,0.000,,,,,NVIDIA A100-SXM4-40GB MIG 4g.20gb (0),1,,13,cupy_copy__complex64_complex64
19519579853,6880,398526,35,1,1,128,1,1,16,0.000,0.000,,,,,NVIDIA A100-SXM4-40GB MIG 4g.20gb (0),1,,13,cupy_copy__complex64_complex64
19519843786,3904,398533,1,1,1,1,1,1,18,0.000,0.000,,,,,NVIDIA A100-SXM4-40GB MIG 4g.20gb (0),1,,13,cupy_copy__float32_float32
19520033672,292796,398544,1,1,1,32,32,1,30,0.000,0.000,,,,,NVIDIA A100-SXM4-40GB MIG 4g.20gb (0),1,,13,"void convert_kernel<__half2, float2>(tensor_layout_any, T1 *, tensor_layout_any, const T2 *)"
19520356580,5856,398547,,,,,,,,,,0.094,15999.997,Pinned,Device,NVIDIA A100-SXM4-40GB MIG 4g.20gb (0),1,,13,[CUDA memcpy Host-to-Device]
19520571554,4320,398548,,,,,,,,,,1.547,358014.070,Device,,NVIDIA A100-SXM4-40GB MIG 4g.20gb (0),1,,13,[CUDA memset]
19520578210,3040,398553,,,,,,,,,,0.031,10294.725,Pinned,Device,NVIDIA A100-SXM4-40GB MIG 4g.20gb (0),1,,13,[CUDA memcpy Host-to-Device]
19520583810,9727,398554,,,,,,,,,,0.197,20212.482,Pinned,Device,NVIDIA A100-SXM4-40GB MIG 4g.20gb (0),1,,13,[CUDA memcpy Host-to-Device]
19520750976,18047,398555,273,1,1,8,4,1,39,0.002,0.000,,,,,NVIDIA A100-SXM4-40GB MIG 4g.20gb (0),1,,13,"void channel_eq::eqMmseCoefCompLowMimoKernel<float, float, float, (unsigned int)4, (unsigned int)1, (unsigned int)4>(const channel_eq::_puschRxChEqStatDescr *, channel_eq::_puschRxChEqCoefCompDynDescr)"
19520773311,7680,398556,273,1,1,12,11,1,51,0.002,0.000,,,,,NVIDIA A100-SXM4-40GB MIG 4g.20gb (0),1,,13,"void channel_eq::eqMmseSoftDemapKernel<float, __half, __half, float, (unsigned int)4, (unsigned short)16383>(channel_eq::_puschRxChEqStatDescr *, channel_eq::_puschRxChEqSoftDemapDynDescr)"
19520950941,768088,398557,1,1,1,32,32,1,30,0.000,0.000,,,,,NVIDIA A100-SXM4-40GB MIG 4g.20gb (0),1,,13,"void convert_kernel<float2, __half2>(tensor_layout_any, T1 *, tensor_layout_any, const T2 *)"
19521871827,14912,398569,2253,1,1,128,1,1,16,0.000,0.000,,,,,NVIDIA A100-SXM4-40GB MIG 4g.20gb (0),1,,13,cupy_copy__float16_float16
19521957586,8928,398578,282,1,1,128,1,1,16,0.000,0.000,,,,,NVIDIA A100-SXM4-40GB MIG 4g.20gb (0),1,,13,cupy_copy__complex64_complex64
19522109328,5216,398587,26,1,1,128,1,1,16,0.000,0.000,,,,,NVIDIA A100-SXM4-40GB MIG 4g.20gb (0),1,,13,cupy_copy__float32_float32
19522591243,14496,398596,103,1,1,128,1,1,16,0.000,0.000,,,,,NVIDIA A100-SXM4-40GB MIG 4g.20gb (0),1,,13,cupy_copy__complex64_complex64
19522754217,19648,398606,1434,1,1,128,1,1,16,0.000,0.000,,,,,NVIDIA A100-SXM4-40GB MIG 4g.20gb (0),1,,13,cupy_copy__complex64_complex64
19523259716,350780,398611,1,1,1,32,32,1,30,0.000,0.000,,,,,NVIDIA A100-SXM4-40GB MIG 4g.20gb (0),1,,13,"void convert_kernel<__half2, float2>(tensor_layout_any, T1 *, tensor_layout_any, const T2 *)"
19523743006,6624,398614,,,,,,,,,,0.094,14144.910,Pinned,Device,NVIDIA A100-SXM4-40GB MIG 4g.20gb (0),1,,13,[CUDA memcpy Host-to-Device]
19523941916,613145,398615,,,,,,,,,,456.561,744195.147,Device,,NVIDIA A100-SXM4-40GB MIG 4g.20gb (0),1,,13,[CUDA memset]
19524556309,52192,398620,,,,,,,,,,1.235,23661.527,Pinned,Device,NVIDIA A100-SXM4-40GB MIG 4g.20gb (0),1,,13,[CUDA memcpy Host-to-Device]
19524610933,10239,398621,,,,,,,,,,0.197,19201.720,Pinned,Device,NVIDIA A100-SXM4-40GB MIG 4g.20gb (0),1,,13,[CUDA memcpy Host-to-Device]
19525216590,18144,398622,69,4,1,48,1,1,76,0.002,0.000,,,,,NVIDIA A100-SXM4-40GB MIG 4g.20gb (0),1,,13,"void ch_est::windowedChEstPreNoDftSOfdmKernel<float, __half, float, (unsigned int)2, (unsigned int)1, (unsigned short)4>(ch_est::puschRxChEstStatDescr_t *, ch_est::puschRxChEstDynDescr_t *)"
19525727016,16512,398623,137,2,1,24,2,1,44,0.001,0.001,,,,,NVIDIA A100-SXM4-40GB MIG 4g.20gb (0),1,,13,"void ch_est::chEstFilterNoDftSOfdmDispatchKernel<float, __half, float, (unsigned int)2>(ch_est::puschRxChEstStatDescr_t *, ch_est::puschRxChEstDynDescr_t *)"
19526279234,17056,398624,137,2,1,24,2,1,44,0.001,0.001,,,,,NVIDIA A100-SXM4-40GB MIG 4g.20gb (0),1,,13,"void ch_est::chEstFilterNoDftSOfdmDispatchKernel<float, __half, float, (unsigned int)2>(ch_est::puschRxChEstStatDescr_t *, ch_est::puschRxChEstDynDescr_t *)"
19526827868,5248,398635,103,1,1,128,1,1,16,0.000,0.000,,,,,NVIDIA A100-SXM4-40GB MIG 4g.20gb (0),1,,13,cupy_copy__complex64_complex64
19527293719,17471,398645,1434,1,1,128,1,1,16,0.000,0.000,,,,,NVIDIA A100-SXM4-40GB MIG 4g.20gb (0),1,,13,cupy_copy__complex64_complex64
19527764817,5824,398652,103,1,1,128,1,1,16,0.000,0.000,,,,,NVIDIA A100-SXM4-40GB MIG 4g.20gb (0),1,,13,cupy_copy__complex64_complex64
19528173325,417755,398659,1,1,1,32,32,1,30,0.000,0.000,,,,,NVIDIA A100-SXM4-40GB MIG 4g.20gb (0),1,,13,"void convert_kernel<__half2, float2>(tensor_layout_any, T1 *, tensor_layout_any, const T2 *)"
19528622376,6688,398662,,,,,,,,,,0.094,14009.520,Pinned,Device,NVIDIA A100-SXM4-40GB MIG 4g.20gb (0),1,,13,[CUDA memcpy Host-to-Device]
19528695943,47935,398663,,,,,,,,,,35.810,747030.741,Device,,NVIDIA A100-SXM4-40GB MIG 4g.20gb (0),1,,13,[CUDA memset]
19528752038,2464,398665,,,,,,,,,,0.000,32.468,Pinned,Device,NVIDIA A100-SXM4-40GB MIG 4g.20gb (0),1,,13,[CUDA memcpy Host-to-Device]
19528757606,9920,398666,,,,,,,,,,0.197,19819.266,Pinned,Device,NVIDIA A100-SXM4-40GB MIG 4g.20gb (0),1,,13,[CUDA memcpy Host-to-Device]
19529029795,18720,398667,273,1,1,48,1,1,40,0.000,0.001,,,,,NVIDIA A100-SXM4-40GB MIG 4g.20gb (0),1,,13,"void pusch_noise_intf_est::noiseIntfEstNoDftSOfdmKernel<float, __half, float, float, (unsigned int)2, (unsigned int)1, (unsigned char)4, (unsigned char)4>(pusch_noise_intf_est::puschRxNoiseIntfEstDynDescr)"
19529308096,5920,398678,35,1,1,128,1,1,16,0.000,0.000,,,,,NVIDIA A100-SXM4-40GB MIG 4g.20gb (0),1,,13,cupy_copy__complex64_complex64
19529517630,4288,398687,1,1,1,1,1,1,18,0.000,0.000,,,,,NVIDIA A100-SXM4-40GB MIG 4g.20gb (0),1,,13,cupy_copy__float32_float32
19529526590,1600,398693,,,,,,,,,,0.000,2.500,Device,Pageable,NVIDIA A100-SXM4-40GB MIG 4g.20gb (0),1,,7,[CUDA memcpy Device-to-Host]
19529850202,19488,398704,1434,1,1,128,1,1,16,0.000,0.000,,,,,NVIDIA A100-SXM4-40GB MIG 4g.20gb (0),1,,13,cupy_copy__complex64_complex64
19530398324,4704,398711,103,1,1,128,1,1,16,0.000,0.000,,,,,NVIDIA A100-SXM4-40GB MIG 4g.20gb (0),1,,13,cupy_copy__complex64_complex64
19530752848,5856,398718,35,1,1,128,1,1,16,0.000,0.000,,,,,NVIDIA A100-SXM4-40GB MIG 4g.20gb (0),1,,13,cupy_copy__complex64_complex64
19531110380,6240,398725,1,1,1,1,1,1,18,0.000,0.000,,,,,NVIDIA A100-SXM4-40GB MIG 4g.20gb (0),1,,13,cupy_copy__float32_float32
19531314602,225341,398736,1,1,1,32,32,1,30,0.000,0.000,,,,,NVIDIA A100-SXM4-40GB MIG 4g.20gb (0),1,,13,"void convert_kernel<__half2, float2>(tensor_layout_any, T1 *, tensor_layout_any, const T2 *)"
19531570471,5760,398739,,,,,,,,,,0.094,16266.656,Pinned,Device,NVIDIA A100-SXM4-40GB MIG 4g.20gb (0),1,,13,[CUDA memcpy Host-to-Device]
19531790596,4192,398740,,,,,,,,,,1.547,368945.609,Device,,NVIDIA A100-SXM4-40GB MIG 4g.20gb (0),1,,13,[CUDA memset]
19531800036,3008,398745,,,,,,,,,,0.031,10404.230,Pinned,Device,NVIDIA A100-SXM4-40GB MIG 4g.20gb (0),1,,13,[CUDA memcpy Host-to-Device]
19531806980,10880,398746,,,,,,,,,,0.197,18070.438,Pinned,Device,NVIDIA A100-SXM4-40GB MIG 4g.20gb (0),1,,13,[CUDA memcpy Host-to-Device]
19532137600,16960,398747,273,1,1,8,4,1,39,0.002,0.000,,,,,NVIDIA A100-SXM4-40GB MIG 4g.20gb (0),1,,13,"void channel_eq::eqMmseCoefCompLowMimoKernel<float, float, float, (unsigned int)4, (unsigned int)1, (unsigned int)4>(const channel_eq::_puschRxChEqStatDescr *, channel_eq::_puschRxChEqCoefCompDynDescr)"
19532489084,13952,398748,273,1,1,12,11,1,51,0.002,0.000,,,,,NVIDIA A100-SXM4-40GB MIG 4g.20gb (0),1,,13,"void channel_eq::eqMmseSoftDemapKernel<float, __half, __half, float, (unsigned int)4, (unsigned short)16383>(channel_eq::_puschRxChEqStatDescr *, channel_eq::_puschRxChEqSoftDemapDynDescr)"
19532738362,559129,398749,1,1,1,32,32,1,30,0.000,0.000,,,,,NVIDIA A100-SXM4-40GB MIG 4g.20gb (0),1,,13,"void convert_kernel<float2, __half2>(tensor_layout_any, T1 *, tensor_layout_any, const T2 *)"
19533299411,13600,398761,2253,1,1,128,1,1,16,0.000,0.000,,,,,NVIDIA A100-SXM4-40GB MIG 4g.20gb (0),1,,13,cupy_copy__float16_float16
19533314451,3744,398770,282,1,1,128,1,1,16,0.000,0.000,,,,,NVIDIA A100-SXM4-40GB MIG 4g.20gb (0),1,,13,cupy_copy__complex64_complex64
19533564272,9920,398779,26,1,1,128,1,1,16,0.000,0.000,,,,,NVIDIA A100-SXM4-40GB MIG 4g.20gb (0),1,,13,cupy_copy__float32_float32
19533670575,7136,398788,103,1,1,128,1,1,16,0.000,0.000,,,,,NVIDIA A100-SXM4-40GB MIG 4g.20gb (0),1,,13,cupy_copy__complex64_complex64
19533679375,16256,398798,1434,1,1,128,1,1,16,0.000,0.000,,,,,NVIDIA A100-SXM4-40GB MIG 4g.20gb (0),1,,13,cupy_copy__complex64_complex64
19533697711,186366,398803,1,1,1,32,32,1,30,0.000,0.000,,,,,NVIDIA A100-SXM4-40GB MIG 4g.20gb (0),1,,13,"void convert_kernel<__half2, float2>(tensor_layout_any, T1 *, tensor_layout_any, const T2 *)"
19533913357,5471,398806,,,,,,,,,,0.094,17125.849,Pinned,Device,NVIDIA A100-SXM4-40GB MIG 4g.20gb (0),1,,13,[CUDA memcpy Host-to-Device]
19534169546,610425,398807,,,,,,,,,,456.561,747847.639,Device,,NVIDIA A100-SXM4-40GB MIG 4g.20gb (0),1,,13,[CUDA memset]
19534783619,50879,398812,,,,,,,,,,1.235,24271.589,Pinned,Device,NVIDIA A100-SXM4-40GB MIG 4g.20gb (0),1,,13,[CUDA memcpy Host-to-Device]
19534837346,9760,398813,,,,,,,,,,0.197,20144.259,Pinned,Device,NVIDIA A100-SXM4-40GB MIG 4g.20gb (0),1,,13,[CUDA memcpy Host-to-Device]
19534953409,15712,398814,69,4,1,48,1,1,76,0.002,0.000,,,,,NVIDIA A100-SXM4-40GB MIG 4g.20gb (0),1,,13,"void ch_est::windowedChEstPreNoDftSOfdmKernel<float, __half, float, (unsigned int)2, (unsigned int)1, (unsigned short)4>(ch_est::puschRxChEstStatDescr_t *, ch_est::puschRxChEstDynDescr_t *)"
19535128351,13472,398815,137,2,1,24,2,1,44,0.001,0.001,,,,,NVIDIA A100-SXM4-40GB MIG 4g.20gb (0),1,,13,"void ch_est::chEstFilterNoDftSOfdmDispatchKernel<float, __half, float, (unsigned int)2>(ch_est::puschRxChEstStatDescr_t *, ch_est::puschRxChEstDynDescr_t *)"
19535408732,18304,398816,137,2,1,24,2,1,44,0.001,0.001,,,,,NVIDIA A100-SXM4-40GB MIG 4g.20gb (0),1,,13,"void ch_est::chEstFilterNoDftSOfdmDispatchKernel<float, __half, float, (unsigned int)2>(ch_est::puschRxChEstStatDescr_t *, ch_est::puschRxChEstDynDescr_t *)"
19535736376,6016,398827,103,1,1,128,1,1,16,0.000,0.000,,,,,NVIDIA A100-SXM4-40GB MIG 4g.20gb (0),1,,13,cupy_copy__complex64_complex64
19536358865,18464,398837,1434,1,1,128,1,1,16,0.000,0.000,,,,,NVIDIA A100-SXM4-40GB MIG 4g.20gb (0),1,,13,cupy_copy__complex64_complex64
19536978090,4928,398844,103,1,1,128,1,1,16,0.000,0.000,,,,,NVIDIA A100-SXM4-40GB MIG 4g.20gb (0),1,,13,cupy_copy__complex64_complex64
19537672802,259870,398851,1,1,1,32,32,1,30,0.000,0.000,,,,,NVIDIA A100-SXM4-40GB MIG 4g.20gb (0),1,,13,"void convert_kernel<__half2, float2>(tensor_layout_any, T1 *, tensor_layout_any, const T2 *)"
19537962847,5504,398854,,,,,,,,,,0.094,17023.251,Pinned,Device,NVIDIA A100-SXM4-40GB MIG 4g.20gb (0),1,,13,[CUDA memcpy Host-to-Device]
19538538201,53247,398855,,,,,,,,,,35.810,672510.298,Device,,NVIDIA A100-SXM4-40GB MIG 4g.20gb (0),1,,13,[CUDA memset]
19538596344,2016,398857,,,,,,,,,,0.000,39.682,Pinned,Device,NVIDIA A100-SXM4-40GB MIG 4g.20gb (0),1,,13,[CUDA memcpy Host-to-Device]
19538600856,9440,398858,,,,,,,,,,0.197,20827.079,Pinned,Device,NVIDIA A100-SXM4-40GB MIG 4g.20gb (0),1,,13,[CUDA memcpy Host-to-Device]
19539295920,22304,398859,273,1,1,48,1,1,40,0.000,0.001,,,,,NVIDIA A100-SXM4-40GB MIG 4g.20gb (0),1,,13,"void pusch_noise_intf_est::noiseIntfEstNoDftSOfdmKernel<float, __half, float, float, (unsigned int)2, (unsigned int)1, (unsigned char)4, (unsigned char)4>(pusch_noise_intf_est::puschRxNoiseIntfEstDynDescr)"
19539919945,5120,398870,35,1,1,128,1,1,16,0.000,0.000,,,,,NVIDIA A100-SXM4-40GB MIG 4g.20gb (0),1,,13,cupy_copy__complex64_complex64
19540344389,5504,398879,1,1,1,1,1,1,18,0.000,0.000,,,,,NVIDIA A100-SXM4-40GB MIG 4g.20gb (0),1,,13,cupy_copy__float32_float32
19540351333,2560,398885,,,,,,,,,,0.000,1.562,Device,Pageable,NVIDIA A100-SXM4-40GB MIG 4g.20gb (0),1,,7,[CUDA memcpy Device-to-Host]
19540855743,21408,398896,1434,1,1,128,1,1,16,0.000,0.000,,,,,NVIDIA A100-SXM4-40GB MIG 4g.20gb (0),1,,13,cupy_copy__complex64_complex64
19540881183,3968,398903,103,1,1,128,1,1,16,0.000,0.000,,,,,NVIDIA A100-SXM4-40GB MIG 4g.20gb (0),1,,13,cupy_copy__complex64_complex64
19541277786,7552,398910,35,1,1,128,1,1,16,0.000,0.000,,,,,NVIDIA A100-SXM4-40GB MIG 4g.20gb (0),1,,13,cupy_copy__complex64_complex64
19541288282,2496,398917,1,1,1,1,1,1,18,0.000,0.000,,,,,NVIDIA A100-SXM4-40GB MIG 4g.20gb (0),1,,13,cupy_copy__float32_float32
19541292570,216638,398928,1,1,1,32,32,1,30,0.000,0.000,,,,,NVIDIA A100-SXM4-40GB MIG 4g.20gb (0),1,,13,"void convert_kernel<__half2, float2>(tensor_layout_any, T1 *, tensor_layout_any, const T2 *)"
19541538743,5568,398931,,,,,,,,,,0.094,16827.521,Pinned,Device,NVIDIA A100-SXM4-40GB MIG 4g.20gb (0),1,,13,[CUDA memcpy Host-to-Device]
19541751317,6880,398932,,,,,,,,,,1.547,224798.705,Device,,NVIDIA A100-SXM4-40GB MIG 4g.20gb (0),1,,13,[CUDA memset]
19541762613,3808,398937,,,,,,,,,,0.031,8218.486,Pinned,Device,NVIDIA A100-SXM4-40GB MIG 4g.20gb (0),1,,13,[CUDA memcpy Host-to-Device]
19541769941,10400,398938,,,,,,,,,,0.197,18904.449,Pinned,Device,NVIDIA A100-SXM4-40GB MIG 4g.20gb (0),1,,13,[CUDA memcpy Host-to-Device]
19541906323,19168,398939,273,1,1,8,4,1,39,0.002,0.000,,,,,NVIDIA A100-SXM4-40GB MIG 4g.20gb (0),1,,13,"void channel_eq::eqMmseCoefCompLowMimoKernel<float, float, float, (unsigned int)4, (unsigned int)1, (unsigned int)4>(const channel_eq::_puschRxChEqStatDescr *, channel_eq::_puschRxChEqCoefCompDynDescr)"
19542079345,10784,398940,273,1,1,12,11,1,51,0.002,0.000,,,,,NVIDIA A100-SXM4-40GB MIG 4g.20gb (0),1,,13,"void channel_eq::eqMmseSoftDemapKernel<float, __half, __half, float, (unsigned int)4, (unsigned short)16383>(channel_eq::_puschRxChEqStatDescr *, channel_eq::_puschRxChEqSoftDemapDynDescr)"
19542141649,987061,398941,1,1,1,32,32,1,30,0.000,0.000,,,,,NVIDIA A100-SXM4-40GB MIG 4g.20gb (0),1,,13,"void convert_kernel<float2, __half2>(tensor_layout_any, T1 *, tensor_layout_any, const T2 *)"
19543499169,14976,398953,2253,1,1,128,1,1,16,0.000,0.000,,,,,NVIDIA A100-SXM4-40GB MIG 4g.20gb (0),1,,13,cupy_copy__float16_float16
19543824894,19200,398962,282,1,1,128,1,1,16,0.000,0.000,,,,,NVIDIA A100-SXM4-40GB MIG 4g.20gb (0),1,,13,cupy_copy__complex64_complex64
19544253465,10336,398971,26,1,1,128,1,1,16,0.000,0.000,,,,,NVIDIA A100-SXM4-40GB MIG 4g.20gb (0),1,,13,cupy_copy__float32_float32
19544694420,6496,398980,103,1,1,128,1,1,16,0.000,0.000,,,,,NVIDIA A100-SXM4-40GB MIG 4g.20gb (0),1,,13,cupy_copy__complex64_complex64
19544752851,34240,398990,1434,1,1,128,1,1,16,0.000,0.000,,,,,NVIDIA A100-SXM4-40GB MIG 4g.20gb (0),1,,13,cupy_copy__complex64_complex64
19545016624,256190,398995,1,1,1,32,32,1,30,0.000,0.000,,,,,NVIDIA A100-SXM4-40GB MIG 4g.20gb (0),1,,13,"void convert_kernel<__half2, float2>(tensor_layout_any, T1 *, tensor_layout_any, const T2 *)"
19545304109,5504,398998,,,,,,,,,,0.094,17023.251,Pinned,Device,NVIDIA A100-SXM4-40GB MIG 4g.20gb (0),1,,13,[CUDA memcpy Host-to-Device]
19545507179,603833,398999,,,,,,,,,,456.561,756065.745,Device,,NVIDIA A100-SXM4-40GB MIG 4g.20gb (0),1,,13,[CUDA memset]
19546113124,51008,399004,,,,,,,,,,1.235,24209.842,Pinned,Device,NVIDIA A100-SXM4-40GB MIG 4g.20gb (0),1,,13,[CUDA memcpy Host-to-Device]
19546167300,9695,399005,,,,,,,,,,0.197,20279.132,Pinned,Device,NVIDIA A100-SXM4-40GB MIG 4g.20gb (0),1,,13,[CUDA memcpy Host-to-Device]
19546397377,15072,399006,69,4,1,48,1,1,76,0.002,0.000,,,,,NVIDIA A100-SXM4-40GB MIG 4g.20gb (0),1,,13,"void ch_est::windowedChEstPreNoDftSOfdmKernel<float, __half, float, (unsigned int)2, (unsigned int)1, (unsigned short)4>(ch_est::puschRxChEstStatDescr_t *, ch_est::puschRxChEstDynDescr_t *)"
19546739165,12832,399007,137,2,1,24,2,1,44,0.001,0.001,,,,,NVIDIA A100-SXM4-40GB MIG 4g.20gb (0),1,,13,"void ch_est::chEstFilterNoDftSOfdmDispatchKernel<float, __half, float, (unsigned int)2>(ch_est::puschRxChEstStatDescr_t *, ch_est::puschRxChEstDynDescr_t *)"
19547078681,8832,399008,137,2,1,24,2,1,44,0.001,0.001,,,,,NVIDIA A100-SXM4-40GB MIG 4g.20gb (0),1,,13,"void ch_est::chEstFilterNoDftSOfdmDispatchKernel<float, __half, float, (unsigned int)2>(ch_est::puschRxChEstStatDescr_t *, ch_est::puschRxChEstDynDescr_t *)"
19547094777,3648,399019,103,1,1,128,1,1,16,0.000,0.000,,,,,NVIDIA A100-SXM4-40GB MIG 4g.20gb (0),1,,13,cupy_copy__complex64_complex64
19547099897,13376,399029,1434,1,1,128,1,1,16,0.000,0.000,,,,,NVIDIA A100-SXM4-40GB MIG 4g.20gb (0),1,,13,cupy_copy__complex64_complex64
19547115609,2528,399036,103,1,1,128,1,1,16,0.000,0.000,,,,,NVIDIA A100-SXM4-40GB MIG 4g.20gb (0),1,,13,cupy_copy__complex64_complex64
19547119641,93087,399043,1,1,1,32,32,1,30,0.000,0.000,,,,,NVIDIA A100-SXM4-40GB MIG 4g.20gb (0),1,,13,"void convert_kernel<__half2, float2>(tensor_layout_any, T1 *, tensor_layout_any, const T2 *)"
19547244376,12959,399046,,,,,,,,,,0.094,7230.146,Pinned,Device,NVIDIA A100-SXM4-40GB MIG 4g.20gb (0),1,,13,[CUDA memcpy Host-to-Device]
19547438581,57056,399047,,,,,,,,,,35.810,627604.658,Device,,NVIDIA A100-SXM4-40GB MIG 4g.20gb (0),1,,13,[CUDA memset]
19547503317,2016,399049,,,,,,,,,,0.000,39.682,Pinned,Device,NVIDIA A100-SXM4-40GB MIG 4g.20gb (0),1,,13,[CUDA memcpy Host-to-Device]
19547507893,9503,399050,,,,,,,,,,0.197,20688.863,Pinned,Device,NVIDIA A100-SXM4-40GB MIG 4g.20gb (0),1,,13,[CUDA memcpy Host-to-Device]
19547698290,21120,399051,273,1,1,48,1,1,40,0.000,0.001,,,,,NVIDIA A100-SXM4-40GB MIG 4g.20gb (0),1,,13,"void pusch_noise_intf_est::noiseIntfEstNoDftSOfdmKernel<float, __half, float, float, (unsigned int)2, (unsigned int)1, (unsigned char)4, (unsigned char)4>(pusch_noise_intf_est::puschRxNoiseIntfEstDynDescr)"
19548063854,4288,399062,35,1,1,128,1,1,16,0.000,0.000,,,,,NVIDIA A100-SXM4-40GB MIG 4g.20gb (0),1,,13,cupy_copy__complex64_complex64
19548295020,8352,399071,1,1,1,1,1,1,18,0.000,0.000,,,,,NVIDIA A100-SXM4-40GB MIG 4g.20gb (0),1,,13,cupy_copy__float32_float32
19548307148,2496,399077,,,,,,,,,,0.000,1.603,Device,Pageable,NVIDIA A100-SXM4-40GB MIG 4g.20gb (0),1,,7,[CUDA memcpy Device-to-Host]
19548392907,16831,399088,1434,1,1,128,1,1,16,0.000,0.000,,,,,NVIDIA A100-SXM4-40GB MIG 4g.20gb (0),1,,13,cupy_copy__complex64_complex64
19548474186,8352,399095,103,1,1,128,1,1,16,0.000,0.000,,,,,NVIDIA A100-SXM4-40GB MIG 4g.20gb (0),1,,13,cupy_copy__complex64_complex64
19548704871,8960,399102,35,1,1,128,1,1,16,0.000,0.000,,,,,NVIDIA A100-SXM4-40GB MIG 4g.20gb (0),1,,13,cupy_copy__complex64_complex64
19548904709,5344,399109,1,1,1,1,1,1,18,0.000,0.000,,,,,NVIDIA A100-SXM4-40GB MIG 4g.20gb (0),1,,13,cupy_copy__float32_float32
19549106979,340956,399120,1,1,1,32,32,1,30,0.000,0.000,,,,,NVIDIA A100-SXM4-40GB MIG 4g.20gb (0),1,,13,"void convert_kernel<__half2, float2>(tensor_layout_any, T1 *, tensor_layout_any, const T2 *)"
19549478847,6911,399123,,,,,,,,,,0.094,13557.436,Pinned,Device,NVIDIA A100-SXM4-40GB MIG 4g.20gb (0),1,,13,[CUDA memcpy Host-to-Device]
19549638845,5856,399124,,,,,,,,,,1.547,264109.247,Device,,NVIDIA A100-SXM4-40GB MIG 4g.20gb (0),1,,13,[CUDA memset]
19549648157,3136,399129,,,,,,,,,,0.031,9979.575,Pinned,Device,NVIDIA A100-SXM4-40GB MIG 4g.20gb (0),1,,13,[CUDA memcpy Host-to-Device]
19549654333,10175,399130,,,,,,,,,,0.197,19322.634,Pinned,Device,NVIDIA A100-SXM4-40GB MIG 4g.20gb (0),1,,13,[CUDA memcpy Host-to-Device]
19549828443,10528,399131,273,1,1,8,4,1,39,0.002,0.000,,,,,NVIDIA A100-SXM4-40GB MIG 4g.20gb (0),1,,13,"void channel_eq::eqMmseCoefCompLowMimoKernel<float, float, float, (unsigned int)4, (unsigned int)1, (unsigned int)4>(const channel_eq::_puschRxChEqStatDescr *, channel_eq::_puschRxChEqCoefCompDynDescr)"
19550009689,15743,399132,273,1,1,12,11,1,51,0.002,0.000,,,,,NVIDIA A100-SXM4-40GB MIG 4g.20gb (0),1,,13,"void channel_eq::eqMmseSoftDemapKernel<float, __half, __half, float, (unsigned int)4, (unsigned short)16383>(channel_eq::_puschRxChEqStatDescr *, channel_eq::_puschRxChEqSoftDemapDynDescr)"
19550089944,758615,399133,1,1,1,32,32,1,30,0.000,0.000,,,,,NVIDIA A100-SXM4-40GB MIG 4g.20gb (0),1,,13,"void convert_kernel<float2, __half2>(tensor_layout_any, T1 *, tensor_layout_any, const T2 *)"
19550998574,25631,399145,2253,1,1,128,1,1,16,0.000,0.000,,,,,NVIDIA A100-SXM4-40GB MIG 4g.20gb (0),1,,13,cupy_copy__float16_float16
19551255819,9600,399154,282,1,1,128,1,1,16,0.000,0.000,,,,,NVIDIA A100-SXM4-40GB MIG 4g.20gb (0),1,,13,cupy_copy__complex64_complex64
19551412649,5440,399163,26,1,1,128,1,1,16,0.000,0.000,,,,,NVIDIA A100-SXM4-40GB MIG 4g.20gb (0),1,,13,cupy_copy__float32_float32
19551586727,15136,399172,103,1,1,128,1,1,16,0.000,0.000,,,,,NVIDIA A100-SXM4-40GB MIG 4g.20gb (0),1,,13,cupy_copy__complex64_complex64
19551792037,29791,399182,1434,1,1,128,1,1,16,0.000,0.000,,,,,NVIDIA A100-SXM4-40GB MIG 4g.20gb (0),1,,13,cupy_copy__complex64_complex64
19552221248,302396,399187,1,1,1,32,32,1,30,0.000,0.000,,,,,NVIDIA A100-SXM4-40GB MIG 4g.20gb (0),1,,13,"void convert_kernel<__half2, float2>(tensor_layout_any, T1 *, tensor_layout_any, const T2 *)"
19552554940,5696,399190,,,,,,,,,,0.094,16449.363,Pinned,Device,NVIDIA A100-SXM4-40GB MIG 4g.20gb (0),1,,13,[CUDA memcpy Host-to-Device]
19552705050,608890,399191,,,,,,,,,,456.561,749673.884,Device,,NVIDIA A100-SXM4-40GB MIG 4g.20gb (0),1,,13,[CUDA memset]
19553321364,52831,399196,,,,,,,,,,1.235,23375.020,Pinned,Device,NVIDIA A100-SXM4-40GB MIG 4g.20gb (0),1,,13,[CUDA memcpy Host-to-Device]
19553377107,9952,399197,,,,,,,,,,0.197,19755.565,Pinned,Device,NVIDIA A100-SXM4-40GB MIG 4g.20gb (0),1,,13,[CUDA memcpy Host-to-Device]
19553617296,17280,399198,69,4,1,48,1,1,76,0.002,0.000,,,,,NVIDIA A100-SXM4-40GB MIG 4g.20gb (0),1,,13,"void ch_est::windowedChEstPreNoDftSOfdmKernel<float, __half, float, (unsigned int)2, (unsigned int)1, (unsigned short)4>(ch_est::puschRxChEstStatDescr_t *, ch_est::puschRxChEstDynDescr_t *)"
19553931181,17152,399199,137,2,1,24,2,1,44,0.001,0.001,,,,,NVIDIA A100-SXM4-40GB MIG 4g.20gb (0),1,,13,"void ch_est::chEstFilterNoDftSOfdmDispatchKernel<float, __half, float, (unsigned int)2>(ch_est::puschRxChEstStatDescr_t *, ch_est::puschRxChEstDynDescr_t *)"
19554239945,18144,399200,137,2,1,24,2,1,44,0.001,0.001,,,,,NVIDIA A100-SXM4-40GB MIG 4g.20gb (0),1,,13,"void ch_est::chEstFilterNoDftSOfdmDispatchKernel<float, __half, float, (unsigned int)2>(ch_est::puschRxChEstStatDescr_t *, ch_est::puschRxChEstDynDescr_t *)"
19554537542,11808,399211,103,1,1,128,1,1,16,0.000,0.000,,,,,NVIDIA A100-SXM4-40GB MIG 4g.20gb (0),1,,13,cupy_copy__complex64_complex64
19554708900,20064,399221,1434,1,1,128,1,1,16,0.000,0.000,,,,,NVIDIA A100-SXM4-40GB MIG 4g.20gb (0),1,,13,cupy_copy__complex64_complex64
19554927522,3840,399228,103,1,1,128,1,1,16,0.000,0.000,,,,,NVIDIA A100-SXM4-40GB MIG 4g.20gb (0),1,,13,cupy_copy__complex64_complex64
19554933058,244605,399235,1,1,1,32,32,1,30,0.000,0.000,,,,,NVIDIA A100-SXM4-40GB MIG 4g.20gb (0),1,,13,"void convert_kernel<__half2, float2>(tensor_layout_any, T1 *, tensor_layout_any, const T2 *)"
19555206271,5375,399238,,,,,,,,,,0.094,17431.766,Pinned,Device,NVIDIA A100-SXM4-40GB MIG 4g.20gb (0),1,,13,[CUDA memcpy Host-to-Device]
19555273566,47615,399239,,,,,,,,,,35.810,752044.130,Device,,NVIDIA A100-SXM4-40GB MIG 4g.20gb (0),1,,13,[CUDA memset]
19555326109,2080,399241,,,,,,,,,,0.000,38.462,Pinned,Device,NVIDIA A100-SXM4-40GB MIG 4g.20gb (0),1,,13,[CUDA memcpy Host-to-Device]
19555330621,9504,399242,,,,,,,,,,0.197,20686.701,Pinned,Device,NVIDIA A100-SXM4-40GB MIG 4g.20gb (0),1,,13,[CUDA memcpy Host-to-Device]
19555344957,8928,399243,273,1,1,48,1,1,40,0.000,0.001,,,,,NVIDIA A100-SXM4-40GB MIG 4g.20gb (0),1,,13,"void pusch_noise_intf_est::noiseIntfEstNoDftSOfdmKernel<float, __half, float, float, (unsigned int)2, (unsigned int)1, (unsigned char)4, (unsigned char)4>(pusch_noise_intf_est::puschRxNoiseIntfEstDynDescr)"
19555355901,2944,399254,35,1,1,128,1,1,16,0.000,0.000,,,,,NVIDIA A100-SXM4-40GB MIG 4g.20gb (0),1,,13,cupy_copy__complex64_complex64
19555360221,1856,399263,1,1,1,1,1,1,18,0.000,0.000,,,,,NVIDIA A100-SXM4-40GB MIG 4g.20gb (0),1,,13,cupy_copy__float32_float32
19555363037,1568,399269,,,,,,,,,,0.000,2.551,Device,Pageable,NVIDIA A100-SXM4-40GB MIG 4g.20gb (0),1,,7,[CUDA memcpy Device-to-Host]
19555424124,13664,399280,1434,1,1,128,1,1,16,0.000,0.000,,,,,NVIDIA A100-SXM4-40GB MIG 4g.20gb (0),1,,13,cupy_copy__complex64_complex64
19555449948,2752,399287,103,1,1,128,1,1,16,0.000,0.000,,,,,NVIDIA A100-SXM4-40GB MIG 4g.20gb (0),1,,13,cupy_copy__complex64_complex64
19555470044,2176,399294,35,1,1,128,1,1,16,0.000,0.000,,,,,NVIDIA A100-SXM4-40GB MIG 4g.20gb (0),1,,13,cupy_copy__complex64_complex64
19555487611,2304,399301,1,1,1,1,1,1,18,0.000,0.000,,,,,NVIDIA A100-SXM4-40GB MIG 4g.20gb (0),1,,13,cupy_copy__float32_float32
19555625178,185406,399312,1,1,1,32,32,1,30,0.000,0.000,,,,,NVIDIA A100-SXM4-40GB MIG 4g.20gb (0),1,,13,"void convert_kernel<__half2, float2>(tensor_layout_any, T1 *, tensor_layout_any, const T2 *)"
19555849399,5504,399315,,,,,,,,,,0.094,17023.251,Pinned,Device,NVIDIA A100-SXM4-40GB MIG 4g.20gb (0),1,,13,[CUDA memcpy Host-to-Device]
19555864823,3584,399316,,,,,,,,,,1.547,431534.389,Device,,NVIDIA A100-SXM4-40GB MIG 4g.20gb (0),1,,13,[CUDA memset]
19555880759,3008,399321,,,,,,,,,,0.031,10404.230,Pinned,Device,NVIDIA A100-SXM4-40GB MIG 4g.20gb (0),1,,13,[CUDA memcpy Host-to-Device]
19555886679,9728,399322,,,,,,,,,,0.197,20210.516,Pinned,Device,NVIDIA A100-SXM4-40GB MIG 4g.20gb (0),1,,13,[CUDA memcpy Host-to-Device]
19555994614,23999,399323,273,1,1,8,4,1,39,0.002,0.000,,,,,NVIDIA A100-SXM4-40GB MIG 4g.20gb (0),1,,13,"void channel_eq::eqMmseCoefCompLowMimoKernel<float, float, float, (unsigned int)4, (unsigned int)1, (unsigned int)4>(const channel_eq::_puschRxChEqStatDescr *, channel_eq::_puschRxChEqCoefCompDynDescr)"
19556075381,10880,399324,273,1,1,12,11,1,51,0.002,0.000,,,,,NVIDIA A100-SXM4-40GB MIG 4g.20gb (0),1,,13,"void channel_eq::eqMmseSoftDemapKernel<float, __half, __half, float, (unsigned int)4, (unsigned short)16383>(channel_eq::_puschRxChEqStatDescr *, channel_eq::_puschRxChEqSoftDemapDynDescr)"
19556296658,700472,399325,1,1,1,32,32,1,30,0.000,0.000,,,,,NVIDIA A100-SXM4-40GB MIG 4g.20gb (0),1,,13,"void convert_kernel<float2, __half2>(tensor_layout_any, T1 *, tensor_layout_any, const T2 *)"
19557168809,24735,399337,2253,1,1,128,1,1,16,0.000,0.000,,,,,NVIDIA A100-SXM4-40GB MIG 4g.20gb (0),1,,13,cupy_copy__float16_float16
19557449125,11104,399346,282,1,1,128,1,1,16,0.000,0.000,,,,,NVIDIA A100-SXM4-40GB MIG 4g.20gb (0),1,,13,cupy_copy__complex64_complex64
19557659491,17536,399355,26,1,1,128,1,1,16,0.000,0.000,,,,,NVIDIA A100-SXM4-40GB MIG 4g.20gb (0),1,,13,cupy_copy__float32_float32
19557862401,6560,399364,103,1,1,128,1,1,16,0.000,0.000,,,,,NVIDIA A100-SXM4-40GB MIG 4g.20gb (0),1,,13,cupy_copy__complex64_complex64
19558264380,17376,399374,1434,1,1,128,1,1,16,0.000,0.000,,,,,NVIDIA A100-SXM4-40GB MIG 4g.20gb (0),1,,13,cupy_copy__complex64_complex64
19558631704,248701,399379,1,1,1,32,32,1,30,0.000,0.000,,,,,NVIDIA A100-SXM4-40GB MIG 4g.20gb (0),1,,13,"void convert_kernel<__half2, float2>(tensor_layout_any, T1 *, tensor_layout_any, const T2 *)"
19558909973,6368,399382,,,,,,,,,,0.094,14713.551,Pinned,Device,NVIDIA A100-SXM4-40GB MIG 4g.20gb (0),1,,13,[CUDA memcpy Host-to-Device]
19559125875,606809,399383,,,,,,,,,,456.561,751956.692,Device,,NVIDIA A100-SXM4-40GB MIG 4g.20gb (0),1,,13,[CUDA memset]
19559735404,51871,399388,,,,,,,,,,1.235,23807.250,Pinned,Device,NVIDIA A100-SXM4-40GB MIG 4g.20gb (0),1,,13,[CUDA memcpy Host-to-Device]
19559790603,9760,399389,,,,,,,,,,0.197,20144.259,Pinned,Device,NVIDIA A100-SXM4-40GB MIG 4g.20gb (0),1,,13,[CUDA memcpy Host-to-Device]
19559812683,8704,399390,69,4,1,48,1,1,76,0.002,0.000,,,,,NVIDIA A100-SXM4-40GB MIG 4g.20gb (0),1,,13,"void ch_est::windowedChEstPreNoDftSOfdmKernel<float, __half, float, (unsigned int)2, (unsigned int)1, (unsigned short)4>(ch_est::puschRxChEstStatDescr_t *, ch_est::puschRxChEstDynDescr_t *)"
19559903818,8512,399391,137,2,1,24,2,1,44,0.001,0.001,,,,,NVIDIA A100-SXM4-40GB MIG 4g.20gb (0),1,,13,"void ch_est::chEstFilterNoDftSOfdmDispatchKernel<float, __half, float, (unsigned int)2>(ch_est::puschRxChEstStatDescr_t *, ch_est::puschRxChEstDynDescr_t *)"
19559993417,8352,399392,137,2,1,24,2,1,44,0.001,0.001,,,,,NVIDIA A100-SXM4-40GB MIG 4g.20gb (0),1,,13,"void ch_est::chEstFilterNoDftSOfdmDispatchKernel<float, __half, float, (unsigned int)2>(ch_est::puschRxChEstStatDescr_t *, ch_est::puschRxChEstDynDescr_t *)"
19560081480,4288,399403,103,1,1,128,1,1,16,0.000,0.000,,,,,NVIDIA A100-SXM4-40GB MIG 4g.20gb (0),1,,13,cupy_copy__complex64_complex64
19560087464,15264,399413,1434,1,1,128,1,1,16,0.000,0.000,,,,,NVIDIA A100-SXM4-40GB MIG 4g.20gb (0),1,,13,cupy_copy__complex64_complex64
19560173671,4320,399420,103,1,1,128,1,1,16,0.000,0.000,,,,,NVIDIA A100-SXM4-40GB MIG 4g.20gb (0),1,,13,cupy_copy__complex64_complex64
19560180487,180158,399427,1,1,1,32,32,1,30,0.000,0.000,,,,,NVIDIA A100-SXM4-40GB MIG 4g.20gb (0),1,,13,"void convert_kernel<__half2, float2>(tensor_layout_any, T1 *, tensor_layout_any, const T2 *)"
19560391333,6111,399430,,,,,,,,,,0.094,15332.320,Pinned,Device,NVIDIA A100-SXM4-40GB MIG 4g.20gb (0),1,,13,[CUDA memcpy Host-to-Device]
19560421700,51104,399431,,,,,,,,,,35.810,700692.705,Device,,NVIDIA A100-SXM4-40GB MIG 4g.20gb (0),1,,13,[CUDA memset]
19560474084,2080,399433,,,,,,,,,,0.000,38.462,Pinned,Device,NVIDIA A100-SXM4-40GB MIG 4g.20gb (0),1,,13,[CUDA memcpy Host-to-Device]
19560478724,9919,399434,,,,,,,,,,0.197,19821.232,Pinned,Device,NVIDIA A100-SXM4-40GB MIG 4g.20gb (0),1,,13,[CUDA memcpy Host-to-Device]
19560647874,30303,399435,273,1,1,48,1,1,40,0.000,0.001,,,,,NVIDIA A100-SXM4-40GB MIG 4g.20gb (0),1,,13,"void pusch_noise_intf_est::noiseIntfEstNoDftSOfdmKernel<float, __half, float, float, (unsigned int)2, (unsigned int)1, (unsigned char)4, (unsigned char)4>(pusch_noise_intf_est::puschRxNoiseIntfEstDynDescr)"
19560681921,4672,399446,35,1,1,128,1,1,16,0.000,0.000,,,,,NVIDIA A100-SXM4-40GB MIG 4g.20gb (0),1,,13,cupy_copy__complex64_complex64
19560863359,5408,399455,1,1,1,1,1,1,18,0.000,0.000,,,,,NVIDIA A100-SXM4-40GB MIG 4g.20gb (0),1,,13,cupy_copy__float32_float32
19560879487,1952,399461,,,,,,,,,,0.000,2.049,Device,Pageable,NVIDIA A100-SXM4-40GB MIG 4g.20gb (0),1,,7,[CUDA memcpy Device-to-Host]
19561016446,18975,399472,1434,1,1,128,1,1,16,0.000,0.000,,,,,NVIDIA A100-SXM4-40GB MIG 4g.20gb (0),1,,13,cupy_copy__complex64_complex64
19561206075,7872,399479,103,1,1,128,1,1,16,0.000,0.000,,,,,NVIDIA A100-SXM4-40GB MIG 4g.20gb (0),1,,13,cupy_copy__complex64_complex64
19561286171,4671,399486,35,1,1,128,1,1,16,0.000,0.000,,,,,NVIDIA A100-SXM4-40GB MIG 4g.20gb (0),1,,13,cupy_copy__complex64_complex64
19561463737,4640,399493,1,1,1,1,1,1,18,0.000,0.000,,,,,NVIDIA A100-SXM4-40GB MIG 4g.20gb (0),1,,13,cupy_copy__float32_float32
19561551512,259837,399504,1,1,1,32,32,1,30,0.000,0.000,,,,,NVIDIA A100-SXM4-40GB MIG 4g.20gb (0),1,,13,"void convert_kernel<__half2, float2>(tensor_layout_any, T1 *, tensor_layout_any, const T2 *)"
19561840916,5920,399507,,,,,,,,,,0.094,15826.941,Pinned,Device,NVIDIA A100-SXM4-40GB MIG 4g.20gb (0),1,,13,[CUDA memcpy Host-to-Device]
19562156401,6400,399508,,,,,,,,,,1.547,241660.000,Device,,NVIDIA A100-SXM4-40GB MIG 4g.20gb (0),1,,13,[CUDA memset]
19562173137,6848,399513,,,,,,,,,,0.031,4570.092,Pinned,Device,NVIDIA A100-SXM4-40GB MIG 4g.20gb (0),1,,13,[CUDA memcpy Host-to-Device]
19562183889,9567,399514,,,,,,,,,,0.197,20550.451,Pinned,Device,NVIDIA A100-SXM4-40GB MIG 4g.20gb (0),1,,13,[CUDA memcpy Host-to-Device]
19562625548,11391,399515,273,1,1,8,4,1,39,0.002,0.000,,,,,NVIDIA A100-SXM4-40GB MIG 4g.20gb (0),1,,13,"void channel_eq::eqMmseCoefCompLowMimoKernel<float, float, float, (unsigned int)4, (unsigned int)1, (unsigned int)4>(const channel_eq::_puschRxChEqStatDescr *, channel_eq::_puschRxChEqCoefCompDynDescr)"
19563030087,13184,399516,273,1,1,12,11,1,51,0.002,0.000,,,,,NVIDIA A100-SXM4-40GB MIG 4g.20gb (0),1,,13,"void channel_eq::eqMmseSoftDemapKernel<float, __half, __half, float, (unsigned int)4, (unsigned short)16383>(channel_eq::_puschRxChEqStatDescr *, channel_eq::_puschRxChEqSoftDemapDynDescr)"
19563494562,710712,399517,1,1,1,32,32,1,30,0.000,0.000,,,,,NVIDIA A100-SXM4-40GB MIG 4g.20gb (0),1,,13,"void convert_kernel<float2, __half2>(tensor_layout_any, T1 *, tensor_layout_any, const T2 *)"
19564238650,19455,399529,2253,1,1,128,1,1,16,0.000,0.000,,,,,NVIDIA A100-SXM4-40GB MIG 4g.20gb (0),1,,13,cupy_copy__float16_float16
19564339640,7072,399538,282,1,1,128,1,1,16,0.000,0.000,,,,,NVIDIA A100-SXM4-40GB MIG 4g.20gb (0),1,,13,cupy_copy__complex64_complex64
19564349464,3840,399547,26,1,1,128,1,1,16,0.000,0.000,,,,,NVIDIA A100-SXM4-40GB MIG 4g.20gb (0),1,,13,cupy_copy__float32_float32
19564355672,3360,399556,103,1,1,128,1,1,16,0.000,0.000,,,,,NVIDIA A100-SXM4-40GB MIG 4g.20gb (0),1,,13,cupy_copy__complex64_complex64
19564441111,23200,399566,1434,1,1,128,1,1,16,0.000,0.000,,,,,NVIDIA A100-SXM4-40GB MIG 4g.20gb (0),1,,13,cupy_copy__complex64_complex64
19564541110,185214,399571,1,1,1,32,32,1,30,0.000,0.000,,,,,NVIDIA A100-SXM4-40GB MIG 4g.20gb (0),1,,13,"void convert_kernel<__half2, float2>(tensor_layout_any, T1 *, tensor_layout_any, const T2 *)"
19564756532,5792,399574,,,,,,,,,,0.094,16176.708,Pinned,Device,NVIDIA A100-SXM4-40GB MIG 4g.20gb (0),1,,13,[CUDA memcpy Host-to-Device]
19564781267,608538,399575,,,,,,,,,,456.561,750130.446,Device,,NVIDIA A100-SXM4-40GB MIG 4g.20gb (0),1,,13,[CUDA memset]
19565395981,50399,399580,,,,,,,,,,1.235,24502.524,Pinned,Device,NVIDIA A100-SXM4-40GB MIG 4g.20gb (0),1,,13,[CUDA memcpy Host-to-Device]
19565448812,10112,399581,,,,,,,,,,0.197,19442.958,Pinned,Device,NVIDIA A100-SXM4-40GB MIG 4g.20gb (0),1,,13,[CUDA memcpy Host-to-Device]
19565735657,16352,399582,69,4,1,48,1,1,76,0.002,0.000,,,,,NVIDIA A100-SXM4-40GB MIG 4g.20gb (0),1,,13,"void ch_est::windowedChEstPreNoDftSOfdmKernel<float, __half, float, (unsigned int)2, (unsigned int)1, (unsigned short)4>(ch_est::puschRxChEstStatDescr_t *, ch_est::puschRxChEstDynDescr_t *)"
19566150660,15456,399583,137,2,1,24,2,1,44,0.001,0.001,,,,,NVIDIA A100-SXM4-40GB MIG 4g.20gb (0),1,,13,"void ch_est::chEstFilterNoDftSOfdmDispatchKernel<float, __half, float, (unsigned int)2>(ch_est::puschRxChEstStatDescr_t *, ch_est::puschRxChEstDynDescr_t *)"
19566653599,10559,399584,137,2,1,24,2,1,44,0.001,0.001,,,,,NVIDIA A100-SXM4-40GB MIG 4g.20gb (0),1,,13,"void ch_est::chEstFilterNoDftSOfdmDispatchKernel<float, __half, float, (unsigned int)2>(ch_est::puschRxChEstStatDescr_t *, ch_est::puschRxChEstDynDescr_t *)"
19566968123,6112,399595,103,1,1,128,1,1,16,0.000,0.000,,,,,NVIDIA A100-SXM4-40GB MIG 4g.20gb (0),1,,13,cupy_copy__complex64_complex64
19567106105,20256,399605,1434,1,1,128,1,1,16,0.000,0.000,,,,,NVIDIA A100-SXM4-40GB MIG 4g.20gb (0),1,,13,cupy_copy__complex64_complex64
19567695411,10848,399612,103,1,1,128,1,1,16,0.000,0.000,,,,,NVIDIA A100-SXM4-40GB MIG 4g.20gb (0),1,,13,cupy_copy__complex64_complex64
19568110190,259005,399619,1,1,1,32,32,1,30,0.000,0.000,,,,,NVIDIA A100-SXM4-40GB MIG 4g.20gb (0),1,,13,"void convert_kernel<__half2, float2>(tensor_layout_any, T1 *, tensor_layout_any, const T2 *)"
19568400299,6784,399622,,,,,,,,,,0.094,13811.259,Pinned,Device,NVIDIA A100-SXM4-40GB MIG 4g.20gb (0),1,,13,[CUDA memcpy Host-to-Device]
19568641704,60640,399623,,,,,,,,,,35.810,590505.581,Device,,NVIDIA A100-SXM4-40GB MIG 4g.20gb (0),1,,13,[CUDA memset]
19568710120,2176,399625,,,,,,,,,,0.000,36.765,Pinned,Device,NVIDIA A100-SXM4-40GB MIG 4g.20gb (0),1,,13,[CUDA memcpy Host-to-Device]
19568714696,9631,399626,,,,,,,,,,0.197,20414.005,Pinned,Device,NVIDIA A100-SXM4-40GB MIG 4g.20gb (0),1,,13,[CUDA memcpy Host-to-Device]
19569171618,19136,399627,273,1,1,48,1,1,40,0.000,0.001,,,,,NVIDIA A100-SXM4-40GB MIG 4g.20gb (0),1,,13,"void pusch_noise_intf_est::noiseIntfEstNoDftSOfdmKernel<float, __half, float, float, (unsigned int)2, (unsigned int)1, (unsigned char)4, (unsigned char)4>(pusch_noise_intf_est::puschRxNoiseIntfEstDynDescr)"
19569585918,6272,399638,35,1,1,128,1,1,16,0.000,0.000,,,,,NVIDIA A100-SXM4-40GB MIG 4g.20gb (0),1,,13,cupy_copy__complex64_complex64
19569973113,2816,399647,1,1,1,1,1,1,18,0.000,0.000,,,,,NVIDIA A100-SXM4-40GB MIG 4g.20gb (0),1,,13,cupy_copy__float32_float32
19569984217,2016,399653,,,,,,,,,,0.000,1.984,Device,Pageable,NVIDIA A100-SXM4-40GB MIG 4g.20gb (0),1,,7,[CUDA memcpy Device-to-Host]
19570124984,26559,399664,1434,1,1,128,1,1,16,0.000,0.000,,,,,NVIDIA A100-SXM4-40GB MIG 4g.20gb (0),1,,13,cupy_copy__complex64_complex64
19570275318,10496,399671,103,1,1,128,1,1,16,0.000,0.000,,,,,NVIDIA A100-SXM4-40GB MIG 4g.20gb (0),1,,13,cupy_copy__complex64_complex64
19570287958,5216,399678,35,1,1,128,1,1,16,0.000,0.000,,,,,NVIDIA A100-SXM4-40GB MIG 4g.20gb (0),1,,13,cupy_copy__complex64_complex64
19570295382,2048,399685,1,1,1,1,1,1,18,0.000,0.000,,,,,NVIDIA A100-SXM4-40GB MIG 4g.20gb (0),1,,13,cupy_copy__float32_float32
19570352341,484891,399696,1,1,1,32,32,1,30,0.000,0.000,,,,,NVIDIA A100-SXM4-40GB MIG 4g.20gb (0),1,,13,"void convert_kernel<__half2, float2>(tensor_layout_any, T1 *, tensor_layout_any, const T2 *)"
19570868463,5472,399699,,,,,,,,,,0.094,17122.757,Pinned,Device,NVIDIA A100-SXM4-40GB MIG 4g.20gb (0),1,,13,[CUDA memcpy Host-to-Device]
19571262123,10496,399700,,,,,,,,,,1.547,147353.055,Device,,NVIDIA A100-SXM4-40GB MIG 4g.20gb (0),1,,13,[CUDA memset]
19571276843,3072,399705,,,,,,,,,,0.031,10187.474,Pinned,Device,NVIDIA A100-SXM4-40GB MIG 4g.20gb (0),1,,13,[CUDA memcpy Host-to-Device]
19571282379,10176,399706,,,,,,,,,,0.197,19320.668,Pinned,Device,NVIDIA A100-SXM4-40GB MIG 4g.20gb (0),1,,13,[CUDA memcpy Host-to-Device]
19571717158,26880,399707,273,1,1,8,4,1,39,0.002,0.000,,,,,NVIDIA A100-SXM4-40GB MIG 4g.20gb (0),1,,13,"void channel_eq::eqMmseCoefCompLowMimoKernel<float, float, float, (unsigned int)4, (unsigned int)1, (unsigned int)4>(const channel_eq::_puschRxChEqStatDescr *, channel_eq::_puschRxChEqCoefCompDynDescr)"
19572227296,24992,399708,273,1,1,12,11,1,51,0.002,0.000,,,,,NVIDIA A100-SXM4-40GB MIG 4g.20gb (0),1,,13,"void channel_eq::eqMmseSoftDemapKernel<float, __half, __half, float, (unsigned int)4, (unsigned short)16383>(channel_eq::_puschRxChEqStatDescr *, channel_eq::_puschRxChEqSoftDemapDynDescr)"
19572779258,679320,399709,1,1,1,32,32,1,30,0.000,0.000,,,,,NVIDIA A100-SXM4-40GB MIG 4g.20gb (0),1,,13,"void convert_kernel<float2, __half2>(tensor_layout_any, T1 *, tensor_layout_any, const T2 *)"
19574062860,25343,399721,2253,1,1,128,1,1,16,0.000,0.000,,,,,NVIDIA A100-SXM4-40GB MIG 4g.20gb (0),1,,13,cupy_copy__float16_float16
19574707589,16735,399730,282,1,1,128,1,1,16,0.000,0.000,,,,,NVIDIA A100-SXM4-40GB MIG 4g.20gb (0),1,,13,cupy_copy__complex64_complex64
19575283550,13152,399739,26,1,1,128,1,1,16,0.000,0.000,,,,,NVIDIA A100-SXM4-40GB MIG 4g.20gb (0),1,,13,cupy_copy__float32_float32
19575847608,9376,399748,103,1,1,128,1,1,16,0.000,0.000,,,,,NVIDIA A100-SXM4-40GB MIG 4g.20gb (0),1,,13,cupy_copy__complex64_complex64
19576000790,19360,399758,1434,1,1,128,1,1,16,0.000,0.000,,,,,NVIDIA A100-SXM4-40GB MIG 4g.20gb (0),1,,13,cupy_copy__complex64_complex64
19576467281,456667,399763,1,1,1,32,32,1,30,0.000,0.000,,,,,NVIDIA A100-SXM4-40GB MIG 4g.20gb (0),1,,13,"void convert_kernel<__half2, float2>(tensor_layout_any, T1 *, tensor_layout_any, const T2 *)"
19576957259,6016,399766,,,,,,,,,,0.094,15574.430,Pinned,Device,NVIDIA A100-SXM4-40GB MIG 4g.20gb (0),1,,13,[CUDA memcpy Host-to-Device]
19576980363,615001,399767,,,,,,,,,,456.561,742368.901,Device,,NVIDIA A100-SXM4-40GB MIG 4g.20gb (0),1,,13,[CUDA memset]
19577598244,52448,399772,,,,,,,,,,1.235,23545.442,Pinned,Device,NVIDIA A100-SXM4-40GB MIG 4g.20gb (0),1,,13,[CUDA memcpy Host-to-Device]
19577653732,9983,399773,,,,,,,,,,0.197,19694.223,Pinned,Device,NVIDIA A100-SXM4-40GB MIG 4g.20gb (0),1,,13,[CUDA memcpy Host-to-Device]
19577714723,10720,399774,69,4,1,48,1,1,76,0.002,0.000,,,,,NVIDIA A100-SXM4-40GB MIG 4g.20gb (0),1,,13,"void ch_est::windowedChEstPreNoDftSOfdmKernel<float, __half, float, (unsigned int)2, (unsigned int)1, (unsigned short)4>(ch_est::puschRxChEstStatDescr_t *, ch_est::puschRxChEstDynDescr_t *)"
19578179518,8160,399775,137,2,1,24,2,1,44,0.001,0.001,,,,,NVIDIA A100-SXM4-40GB MIG 4g.20gb (0),1,,13,"void ch_est::chEstFilterNoDftSOfdmDispatchKernel<float, __half, float, (unsigned int)2>(ch_est::puschRxChEstStatDescr_t *, ch_est::puschRxChEstDynDescr_t *)"
19578188926,5728,399776,137,2,1,24,2,1,44,0.001,0.001,,,,,NVIDIA A100-SXM4-40GB MIG 4g.20gb (0),1,,13,"void ch_est::chEstFilterNoDftSOfdmDispatchKernel<float, __half, float, (unsigned int)2>(ch_est::puschRxChEstStatDescr_t *, ch_est::puschRxChEstDynDescr_t *)"
19578651224,11424,399787,103,1,1,128,1,1,16,0.000,0.000,,,,,NVIDIA A100-SXM4-40GB MIG 4g.20gb (0),1,,13,cupy_copy__complex64_complex64
19578796023,46591,399797,1434,1,1,128,1,1,16,0.000,0.000,,,,,NVIDIA A100-SXM4-40GB MIG 4g.20gb (0),1,,13,cupy_copy__complex64_complex64
19579386032,7264,399804,103,1,1,128,1,1,16,0.000,0.000,,,,,NVIDIA A100-SXM4-40GB MIG 4g.20gb (0),1,,13,cupy_copy__complex64_complex64
19579463311,230270,399811,1,1,1,32,32,1,30,0.000,0.000,,,,,NVIDIA A100-SXM4-40GB MIG 4g.20gb (0),1,,13,"void convert_kernel<__half2, float2>(tensor_layout_any, T1 *, tensor_layout_any, const T2 *)"
19579725708,8992,399814,,,,,,,,,,0.094,10419.838,Pinned,Device,NVIDIA A100-SXM4-40GB MIG 4g.20gb (0),1,,13,[CUDA memcpy Host-to-Device]
19580129352,58111,399815,,,,,,,,,,35.810,616217.103,Device,,NVIDIA A100-SXM4-40GB MIG 4g.20gb (0),1,,13,[CUDA memset]
19580189383,2496,399817,,,,,,,,,,0.000,32.051,Pinned,Device,NVIDIA A100-SXM4-40GB MIG 4g.20gb (0),1,,13,[CUDA memcpy Host-to-Device]
19580194631,10016,399818,,,,,,,,,,0.197,19629.343,Pinned,Device,NVIDIA A100-SXM4-40GB MIG 4g.20gb (0),1,,13,[CUDA memcpy Host-to-Device]
19580720225,19168,399819,273,1,1,48,1,1,40,0.000,0.001,,,,,NVIDIA A100-SXM4-40GB MIG 4g.20gb (0),1,,13,"void pusch_noise_intf_est::noiseIntfEstNoDftSOfdmKernel<float, __half, float, float, (unsigned int)2, (unsigned int)1, (unsigned char)4, (unsigned char)4>(pusch_noise_intf_est::puschRxNoiseIntfEstDynDescr)"
19581265115,7584,399830,35,1,1,128,1,1,16,0.000,0.000,,,,,NVIDIA A100-SXM4-40GB MIG 4g.20gb (0),1,,13,cupy_copy__complex64_complex64
19581733078,4320,399839,1,1,1,1,1,1,18,0.000,0.000,,,,,NVIDIA A100-SXM4-40GB MIG 4g.20gb (0),1,,13,cupy_copy__float32_float32
19581746102,1600,399845,,,,,,,,,,0.000,2.500,Device,Pageable,NVIDIA A100-SXM4-40GB MIG 4g.20gb (0),1,,7,[CUDA memcpy Device-to-Host]
19582280048,21024,399856,1434,1,1,128,1,1,16,0.000,0.000,,,,,NVIDIA A100-SXM4-40GB MIG 4g.20gb (0),1,,13,cupy_copy__complex64_complex64
19582898889,5536,399863,103,1,1,128,1,1,16,0.000,0.000,,,,,NVIDIA A100-SXM4-40GB MIG 4g.20gb (0),1,,13,cupy_copy__complex64_complex64
19582980552,8896,399870,35,1,1,128,1,1,16,0.000,0.000,,,,,NVIDIA A100-SXM4-40GB MIG 4g.20gb (0),1,,13,cupy_copy__complex64_complex64
19583499746,3744,399877,1,1,1,1,1,1,18,0.000,0.000,,,,,NVIDIA A100-SXM4-40GB MIG 4g.20gb (0),1,,13,cupy_copy__float32_float32
19583581185,233214,399888,1,1,1,32,32,1,30,0.000,0.000,,,,,NVIDIA A100-SXM4-40GB MIG 4g.20gb (0),1,,13,"void convert_kernel<__half2, float2>(tensor_layout_any, T1 *, tensor_layout_any, const T2 *)"
19583851614,5600,399891,,,,,,,,,,0.094,16731.388,Pinned,Device,NVIDIA A100-SXM4-40GB MIG 4g.20gb (0),1,,13,[CUDA memcpy Host-to-Device]
19583866878,3232,399892,,,,,,,,,,1.547,478533.199,Device,,NVIDIA A100-SXM4-40GB MIG 4g.20gb (0),1,,13,[CUDA memset]
19583873182,3040,399897,,,,,,,,,,0.031,10294.725,Pinned,Device,NVIDIA A100-SXM4-40GB MIG 4g.20gb (0),1,,13,[CUDA memcpy Host-to-Device]
19583878654,9376,399898,,,,,,,,,,0.197,20969.226,Pinned,Device,NVIDIA A100-SXM4-40GB MIG 4g.20gb (0),1,,13,[CUDA memcpy Host-to-Device]
19583892062,7296,399899,273,1,1,8,4,1,39,0.002,0.000,,,,,NVIDIA A100-SXM4-40GB MIG 4g.20gb (0),1,,13,"void channel_eq::eqMmseCoefCompLowMimoKernel<float, float, float, (unsigned int)4, (unsigned int)1, (unsigned int)4>(const channel_eq::_puschRxChEqStatDescr *, channel_eq::_puschRxChEqCoefCompDynDescr)"
19583900702,6720,399900,273,1,1,12,11,1,51,0.002,0.000,,,,,NVIDIA A100-SXM4-40GB MIG 4g.20gb (0),1,,13,"void channel_eq::eqMmseSoftDemapKernel<float, __half, __half, float, (unsigned int)4, (unsigned short)16383>(channel_eq::_puschRxChEqStatDescr *, channel_eq::_puschRxChEqSoftDemapDynDescr)"
19583910078,281756,399901,1,1,1,32,32,1,30,0.000,0.000,,,,,NVIDIA A100-SXM4-40GB MIG 4g.20gb (0),1,,13,"void convert_kernel<float2, __half2>(tensor_layout_any, T1 *, tensor_layout_any, const T2 *)"
19584193242,10528,399913,2253,1,1,128,1,1,16,0.000,0.000,,,,,NVIDIA A100-SXM4-40GB MIG 4g.20gb (0),1,,13,cupy_copy__float16_float16
19584205722,2848,399922,282,1,1,128,1,1,16,0.000,0.000,,,,,NVIDIA A100-SXM4-40GB MIG 4g.20gb (0),1,,13,cupy_copy__complex64_complex64
19584210618,2048,399931,26,1,1,128,1,1,16,0.000,0.000,,,,,NVIDIA A100-SXM4-40GB MIG 4g.20gb (0),1,,13,cupy_copy__float32_float32
19584214106,2912,399940,103,1,1,128,1,1,16,0.000,0.000,,,,,NVIDIA A100-SXM4-40GB MIG 4g.20gb (0),1,,13,cupy_copy__complex64_complex64
19584218394,12480,399950,1434,1,1,128,1,1,16,0.000,0.000,,,,,NVIDIA A100-SXM4-40GB MIG 4g.20gb (0),1,,13,cupy_copy__complex64_complex64
19584272154,214429,399955,1,1,1,32,32,1,30,0.000,0.000,,,,,NVIDIA A100-SXM4-40GB MIG 4g.20gb (0),1,,13,"void convert_kernel<__half2, float2>(tensor_layout_any, T1 *, tensor_layout_any, const T2 *)"
19584515063,5376,399958,,,,,,,,,,0.094,17428.487,Pinned,Device,NVIDIA A100-SXM4-40GB MIG 4g.20gb (0),1,,13,[CUDA memcpy Host-to-Device]
19584557078,615514,399959,,,,,,,,,,456.561,741455.779,Device,,NVIDIA A100-SXM4-40GB MIG 4g.20gb (0),1,,13,[CUDA memset]
19585178927,50176,399964,,,,,,,,,,1.235,24611.199,Pinned,Device,NVIDIA A100-SXM4-40GB MIG 4g.20gb (0),1,,13,[CUDA memcpy Host-to-Device]
19585231855,9504,399965,,,,,,,,,,0.197,20686.701,Pinned,Device,NVIDIA A100-SXM4-40GB MIG 4g.20gb (0),1,,13,[CUDA memcpy Host-to-Device]
19585374221,24544,399966,69,4,1,48,1,1,76,0.002,0.000,,,,,NVIDIA A100-SXM4-40GB MIG 4g.20gb (0),1,,13,"void ch_est::windowedChEstPreNoDftSOfdmKernel<float, __half, float, (unsigned int)2, (unsigned int)1, (unsigned short)4>(ch_est::puschRxChEstStatDescr_t *, ch_est::puschRxChEstDynDescr_t *)"
19585401869,6176,399967,137,2,1,24,2,1,44,0.001,0.001,,,,,NVIDIA A100-SXM4-40GB MIG 4g.20gb (0),1,,13,"void ch_est::chEstFilterNoDftSOfdmDispatchKernel<float, __half, float, (unsigned int)2>(ch_est::puschRxChEstStatDescr_t *, ch_est::puschRxChEstDynDescr_t *)"
19585409933,4800,399968,137,2,1,24,2,1,44,0.001,0.001,,,,,NVIDIA A100-SXM4-40GB MIG 4g.20gb (0),1,,13,"void ch_est::chEstFilterNoDftSOfdmDispatchKernel<float, __half, float, (unsigned int)2>(ch_est::puschRxChEstStatDescr_t *, ch_est::puschRxChEstDynDescr_t *)"
19585416397,2624,399979,103,1,1,128,1,1,16,0.000,0.000,,,,,NVIDIA A100-SXM4-40GB MIG 4g.20gb (0),1,,13,cupy_copy__complex64_complex64
19585421229,12800,399989,1434,1,1,128,1,1,16,0.000,0.000,,,,,NVIDIA A100-SXM4-40GB MIG 4g.20gb (0),1,,13,cupy_copy__complex64_complex64
19585435341,2560,399996,103,1,1,128,1,1,16,0.000,0.000,,,,,NVIDIA A100-SXM4-40GB MIG 4g.20gb (0),1,,13,cupy_copy__complex64_complex64
19585439597,81759,400003,1,1,1,32,32,1,30,0.000,0.000,,,,,NVIDIA A100-SXM4-40GB MIG 4g.20gb (0),1,,13,"void convert_kernel<__half2, float2>(tensor_layout_any, T1 *, tensor_layout_any, const T2 *)"
19585549899,5696,400006,,,,,,,,,,0.094,16449.363,Pinned,Device,NVIDIA A100-SXM4-40GB MIG 4g.20gb (0),1,,13,[CUDA memcpy Host-to-Device]
19585667082,61823,400007,,,,,,,,,,35.810,579225.456,Device,,NVIDIA A100-SXM4-40GB MIG 4g.20gb (0),1,,13,[CUDA memset]
19585736297,2112,400009,,,,,,,,,,0.000,37.879,Pinned,Device,NVIDIA A100-SXM4-40GB MIG 4g.20gb (0),1,,13,[CUDA memcpy Host-to-Device]
19585740841,9856,400010,,,,,,,,,,0.197,19948.044,Pinned,Device,NVIDIA A100-SXM4-40GB MIG 4g.20gb (0),1,,13,[CUDA memcpy Host-to-Device]
19585927911,25760,400011,273,1,1,48,1,1,40,0.000,0.001,,,,,NVIDIA A100-SXM4-40GB MIG 4g.20gb (0),1,,13,"void pusch_noise_intf_est::noiseIntfEstNoDftSOfdmKernel<float, __half, float, float, (unsigned int)2, (unsigned int)1, (unsigned char)4, (unsigned char)4>(pusch_noise_intf_est::puschRxNoiseIntfEstDynDescr)"
19586162564,14368,400022,35,1,1,128,1,1,16,0.000,0.000,,,,,NVIDIA A100-SXM4-40GB MIG 4g.20gb (0),1,,13,cupy_copy__complex64_complex64
19586267235,4000,400031,1,1,1,1,1,1,18,0.000,0.000,,,,,NVIDIA A100-SXM4-40GB MIG 4g.20gb (0),1,,13,cupy_copy__float32_float32
19586282179,1632,400037,,,,,,,,,,0.000,2.451,Device,Pageable,NVIDIA A100-SXM4-40GB MIG 4g.20gb (0),1,,7,[CUDA memcpy Device-to-Host]
19586478945,22496,400048,1434,1,1,128,1,1,16,0.000,0.000,,,,,NVIDIA A100-SXM4-40GB MIG 4g.20gb (0),1,,13,cupy_copy__complex64_complex64
19586582784,5376,400055,103,1,1,128,1,1,16,0.000,0.000,,,,,NVIDIA A100-SXM4-40GB MIG 4g.20gb (0),1,,13,cupy_copy__complex64_complex64
19586793213,10496,400062,35,1,1,128,1,1,16,0.000,0.000,,,,,NVIDIA A100-SXM4-40GB MIG 4g.20gb (0),1,,13,cupy_copy__complex64_complex64
19586889116,5376,400069,1,1,1,1,1,1,18,0.000,0.000,,,,,NVIDIA A100-SXM4-40GB MIG 4g.20gb (0),1,,13,cupy_copy__float32_float32
19587100602,245085,400080,1,1,1,32,32,1,30,0.000,0.000,,,,,NVIDIA A100-SXM4-40GB MIG 4g.20gb (0),1,,13,"void convert_kernel<__half2, float2>(tensor_layout_any, T1 *, tensor_layout_any, const T2 *)"
19587376535,5920,400083,,,,,,,,,,0.094,15826.941,Pinned,Device,NVIDIA A100-SXM4-40GB MIG 4g.20gb (0),1,,13,[CUDA memcpy Host-to-Device]
19587498742,6943,400084,,,,,,,,,,1.547,222758.708,Device,,NVIDIA A100-SXM4-40GB MIG 4g.20gb (0),1,,13,[CUDA memset]
19587510133,3232,400089,,,,,,,,,,0.031,9683.139,Pinned,Device,NVIDIA A100-SXM4-40GB MIG 4g.20gb (0),1,,13,[CUDA memcpy Host-to-Device]
19587516021,10240,400090,,,,,,,,,,0.197,19199.951,Pinned,Device,NVIDIA A100-SXM4-40GB MIG 4g.20gb (0),1,,13,[CUDA memcpy Host-to-Device]
19587806834,25248,400091,273,1,1,8,4,1,39,0.002,0.000,,,,,NVIDIA A100-SXM4-40GB MIG 4g.20gb (0),1,,13,"void channel_eq::eqMmseCoefCompLowMimoKernel<float, float, float, (unsigned int)4, (unsigned int)1, (unsigned int)4>(const channel_eq::_puschRxChEqStatDescr *, channel_eq::_puschRxChEqCoefCompDynDescr)"
19587833842,7840,400092,273,1,1,12,11,1,51,0.002,0.000,,,,,NVIDIA A100-SXM4-40GB MIG 4g.20gb (0),1,,13,"void channel_eq::eqMmseSoftDemapKernel<float, __half, __half, float, (unsigned int)4, (unsigned short)16383>(channel_eq::_puschRxChEqStatDescr *, channel_eq::_puschRxChEqSoftDemapDynDescr)"
19587913361,631257,400093,1,1,1,32,32,1,30,0.000,0.000,,,,,NVIDIA A100-SXM4-40GB MIG 4g.20gb (0),1,,13,"void convert_kernel<float2, __half2>(tensor_layout_any, T1 *, tensor_layout_any, const T2 *)"
19588545898,12160,400105,2253,1,1,128,1,1,16,0.000,0.000,,,,,NVIDIA A100-SXM4-40GB MIG 4g.20gb (0),1,,13,cupy_copy__float16_float16
19588560138,3584,400114,282,1,1,128,1,1,16,0.000,0.000,,,,,NVIDIA A100-SXM4-40GB MIG 4g.20gb (0),1,,13,cupy_copy__complex64_complex64
19588566186,2304,400123,26,1,1,128,1,1,16,0.000,0.000,,,,,NVIDIA A100-SXM4-40GB MIG 4g.20gb (0),1,,13,cupy_copy__float32_float32
19588570186,3328,400132,103,1,1,128,1,1,16,0.000,0.000,,,,,NVIDIA A100-SXM4-40GB MIG 4g.20gb (0),1,,13,cupy_copy__complex64_complex64
19588574857,12576,400142,1434,1,1,128,1,1,16,0.000,0.000,,,,,NVIDIA A100-SXM4-40GB MIG 4g.20gb (0),1,,13,cupy_copy__complex64_complex64
19588588745,79807,400147,1,1,1,32,32,1,30,0.000,0.000,,,,,NVIDIA A100-SXM4-40GB MIG 4g.20gb (0),1,,13,"void convert_kernel<__half2, float2>(tensor_layout_any, T1 *, tensor_layout_any, const T2 *)"
19588701736,5344,400150,,,,,,,,,,0.094,17532.864,Pinned,Device,NVIDIA A100-SXM4-40GB MIG 4g.20gb (0),1,,13,[CUDA memcpy Host-to-Device]
19588711080,609497,400151,,,,,,,,,,456.561,748760.762,Device,,NVIDIA A100-SXM4-40GB MIG 4g.20gb (0),1,,13,[CUDA memset]
19589327713,51232,400156,,,,,,,,,,1.235,24104.872,Pinned,Device,NVIDIA A100-SXM4-40GB MIG 4g.20gb (0),1,,13,[CUDA memcpy Host-to-Device]
19589381376,9600,400157,,,,,,,,,,0.197,20479.869,Pinned,Device,NVIDIA A100-SXM4-40GB MIG 4g.20gb (0),1,,13,[CUDA memcpy Host-to-Device]
19589538527,26335,400158,69,4,1,48,1,1,76,0.002,0.000,,,,,NVIDIA A100-SXM4-40GB MIG 4g.20gb (0),1,,13,"void ch_est::windowedChEstPreNoDftSOfdmKernel<float, __half, float, (unsigned int)2, (unsigned int)1, (unsigned short)4>(ch_est::puschRxChEstStatDescr_t *, ch_est::puschRxChEstDynDescr_t *)"
19589567198,7040,400159,137,2,1,24,2,1,44,0.001,0.001,,,,,NVIDIA A100-SXM4-40GB MIG 4g.20gb (0),1,,13,"void ch_est::chEstFilterNoDftSOfdmDispatchKernel<float, __half, float, (unsigned int)2>(ch_est::puschRxChEstStatDescr_t *, ch_est::puschRxChEstDynDescr_t *)"
19589576606,5056,400160,137,2,1,24,2,1,44,0.001,0.001,,,,,NVIDIA A100-SXM4-40GB MIG 4g.20gb (0),1,,13,"void ch_est::chEstFilterNoDftSOfdmDispatchKernel<float, __half, float, (unsigned int)2>(ch_est::puschRxChEstStatDescr_t *, ch_est::puschRxChEstDynDescr_t *)"
19589747484,7744,400171,103,1,1,128,1,1,16,0.000,0.000,,,,,NVIDIA A100-SXM4-40GB MIG 4g.20gb (0),1,,13,cupy_copy__complex64_complex64
19589757436,17568,400181,1434,1,1,128,1,1,16,0.000,0.000,,,,,NVIDIA A100-SXM4-40GB MIG 4g.20gb (0),1,,13,cupy_copy__complex64_complex64
19589776252,3072,400188,103,1,1,128,1,1,16,0.000,0.000,,,,,NVIDIA A100-SXM4-40GB MIG 4g.20gb (0),1,,13,cupy_copy__complex64_complex64
19589780796,81407,400195,1,1,1,32,32,1,30,0.000,0.000,,,,,NVIDIA A100-SXM4-40GB MIG 4g.20gb (0),1,,13,"void convert_kernel<__half2, float2>(tensor_layout_any, T1 *, tensor_layout_any, const T2 *)"
19589889947,5344,400198,,,,,,,,,,0.094,17532.864,Pinned,Device,NVIDIA A100-SXM4-40GB MIG 4g.20gb (0),1,,13,[CUDA memcpy Host-to-Device]
19590010073,66016,400199,,,,,,,,,,35.810,542412.858,Device,,NVIDIA A100-SXM4-40GB MIG 4g.20gb (0),1,,13,[CUDA memset]
19590082809,1824,400201,,,,,,,,,,0.000,43.860,Pinned,Device,NVIDIA A100-SXM4-40GB MIG 4g.20gb (0),1,,13,[CUDA memcpy Host-to-Device]
19590087545,9983,400202,,,,,,,,,,0.197,19694.223,Pinned,Device,NVIDIA A100-SXM4-40GB MIG 4g.20gb (0),1,,13,[CUDA memcpy Host-to-Device]
19590246455,21312,400203,273,1,1,48,1,1,40,0.000,0.001,,,,,NVIDIA A100-SXM4-40GB MIG 4g.20gb (0),1,,13,"void pusch_noise_intf_est::noiseIntfEstNoDftSOfdmKernel<float, __half, float, float, (unsigned int)2, (unsigned int)1, (unsigned char)4, (unsigned char)4>(pusch_noise_intf_est::puschRxNoiseIntfEstDynDescr)"
19590269911,4032,400214,35,1,1,128,1,1,16,0.000,0.000,,,,,NVIDIA A100-SXM4-40GB MIG 4g.20gb (0),1,,13,cupy_copy__complex64_complex64
19590275734,1888,400223,1,1,1,1,1,1,18,0.000,0.000,,,,,NVIDIA A100-SXM4-40GB MIG 4g.20gb (0),1,,13,cupy_copy__float32_float32
19590282454,1568,400229,,,,,,,,,,0.000,2.551,Device,Pageable,NVIDIA A100-SXM4-40GB MIG 4g.20gb (0),1,,7,[CUDA memcpy Device-to-Host]
19590449749,23743,400240,1434,1,1,128,1,1,16,0.000,0.000,,,,,NVIDIA A100-SXM4-40GB MIG 4g.20gb (0),1,,13,cupy_copy__complex64_complex64
19590475956,3584,400247,103,1,1,128,1,1,16,0.000,0.000,,,,,NVIDIA A100-SXM4-40GB MIG 4g.20gb (0),1,,13,cupy_copy__complex64_complex64
19590481844,2752,400254,35,1,1,128,1,1,16,0.000,0.000,,,,,NVIDIA A100-SXM4-40GB MIG 4g.20gb (0),1,,13,cupy_copy__complex64_complex64
19590486772,1856,400261,1,1,1,1,1,1,18,0.000,0.000,,,,,NVIDIA A100-SXM4-40GB MIG 4g.20gb (0),1,,13,cupy_copy__float32_float32
19590653298,224030,400272,1,1,1,32,32,1,30,0.000,0.000,,,,,NVIDIA A100-SXM4-40GB MIG 4g.20gb (0),1,,13,"void convert_kernel<__half2, float2>(tensor_layout_any, T1 *, tensor_layout_any, const T2 *)"
19590910319,6272,400275,,,,,,,,,,0.094,14938.703,Pinned,Device,NVIDIA A100-SXM4-40GB MIG 4g.20gb (0),1,,13,[CUDA memcpy Host-to-Device]
19591098445,10592,400276,,,,,,,,,,1.547,146016.772,Device,,NVIDIA A100-SXM4-40GB MIG 4g.20gb (0),1,,13,[CUDA memset]
19591112525,3040,400281,,,,,,,,,,0.031,10294.725,Pinned,Device,NVIDIA A100-SXM4-40GB MIG 4g.20gb (0),1,,13,[CUDA memcpy Host-to-Device]
19591120461,9920,400282,,,,,,,,,,0.197,19819.266,Pinned,Device,NVIDIA A100-SXM4-40GB MIG 4g.20gb (0),1,,13,[CUDA memcpy Host-to-Device]
19591167213,19391,400283,273,1,1,8,4,1,39,0.002,0.000,,,,,NVIDIA A100-SXM4-40GB MIG 4g.20gb (0),1,,13,"void channel_eq::eqMmseCoefCompLowMimoKernel<float, float, float, (unsigned int)4, (unsigned int)1, (unsigned int)4>(const channel_eq::_puschRxChEqStatDescr *, channel_eq::_puschRxChEqCoefCompDynDescr)"
19591336107,28127,400284,273,1,1,12,11,1,51,0.002,0.000,,,,,NVIDIA A100-SXM4-40GB MIG 4g.20gb (0),1,,13,"void channel_eq::eqMmseSoftDemapKernel<float, __half, __half, float, (unsigned int)4, (unsigned short)16383>(channel_eq::_puschRxChEqStatDescr *, channel_eq::_puschRxChEqSoftDemapDynDescr)"
19591402090,855830,400285,1,1,1,32,32,1,30,0.000,0.000,,,,,NVIDIA A100-SXM4-40GB MIG 4g.20gb (0),1,,13,"void convert_kernel<float2, __half2>(tensor_layout_any, T1 *, tensor_layout_any, const T2 *)"
19592259200,12160,400297,2253,1,1,128,1,1,16,0.000,0.000,,,,,NVIDIA A100-SXM4-40GB MIG 4g.20gb (0),1,,13,cupy_copy__float16_float16
19592273440,3872,400306,282,1,1,128,1,1,16,0.000,0.000,,,,,NVIDIA A100-SXM4-40GB MIG 4g.20gb (0),1,,13,cupy_copy__complex64_complex64
19592279488,2272,400315,26,1,1,128,1,1,16,0.000,0.000,,,,,NVIDIA A100-SXM4-40GB MIG 4g.20gb (0),1,,13,cupy_copy__float32_float32
19592283488,3136,400324,103,1,1,128,1,1,16,0.000,0.000,,,,,NVIDIA A100-SXM4-40GB MIG 4g.20gb (0),1,,13,cupy_copy__complex64_complex64
19592288704,12384,400334,1434,1,1,128,1,1,16,0.000,0.000,,,,,NVIDIA A100-SXM4-40GB MIG 4g.20gb (0),1,,13,cupy_copy__complex64_complex64
19592302944,79455,400339,1,1,1,32,32,1,30,0.000,0.000,,,,,NVIDIA A100-SXM4-40GB MIG 4g.20gb (0),1,,13,"void convert_kernel<__half2, float2>(tensor_layout_any, T1 *, tensor_layout_any, const T2 *)"
19592412511,5408,400342,,,,,,,,,,0.094,17325.421,Pinned,Device,NVIDIA A100-SXM4-40GB MIG 4g.20gb (0),1,,13,[CUDA memcpy Host-to-Device]
19592422878,605434,400343,,,,,,,,,,456.561,753782.937,Device,,NVIDIA A100-SXM4-40GB MIG 4g.20gb (0),1,,13,[CUDA memset]
19593034552,51295,400348,,,,,,,,,,1.235,24075.233,Pinned,Device,NVIDIA A100-SXM4-40GB MIG 4g.20gb (0),1,,13,[CUDA memcpy Host-to-Device]
19593088439,9376,400349,,,,,,,,,,0.197,20969.226,Pinned,Device,NVIDIA A100-SXM4-40GB MIG 4g.20gb (0),1,,13,[CUDA memcpy Host-to-Device]
19593288085,23456,400350,69,4,1,48,1,1,76,0.002,0.000,,,,,NVIDIA A100-SXM4-40GB MIG 4g.20gb (0),1,,13,"void ch_est::windowedChEstPreNoDftSOfdmKernel<float, __half, float, (unsigned int)2, (unsigned int)1, (unsigned short)4>(ch_est::puschRxChEstStatDescr_t *, ch_est::puschRxChEstDynDescr_t *)"
19593312949,6815,400351,137,2,1,24,2,1,44,0.001,0.001,,,,,NVIDIA A100-SXM4-40GB MIG 4g.20gb (0),1,,13,"void ch_est::chEstFilterNoDftSOfdmDispatchKernel<float, __half, float, (unsigned int)2>(ch_est::puschRxChEstStatDescr_t *, ch_est::puschRxChEstDynDescr_t *)"
19593519026,23872,400352,137,2,1,24,2,1,44,0.001,0.001,,,,,NVIDIA A100-SXM4-40GB MIG 4g.20gb (0),1,,13,"void ch_est::chEstFilterNoDftSOfdmDispatchKernel<float, __half, float, (unsigned int)2>(ch_est::puschRxChEstStatDescr_t *, ch_est::puschRxChEstDynDescr_t *)"
19593545778,3360,400363,103,1,1,128,1,1,16,0.000,0.000,,,,,NVIDIA A100-SXM4-40GB MIG 4g.20gb (0),1,,13,cupy_copy__complex64_complex64
19593551090,12512,400373,1434,1,1,128,1,1,16,0.000,0.000,,,,,NVIDIA A100-SXM4-40GB MIG 4g.20gb (0),1,,13,cupy_copy__complex64_complex64
19593565778,2528,400380,103,1,1,128,1,1,16,0.000,0.000,,,,,NVIDIA A100-SXM4-40GB MIG 4g.20gb (0),1,,13,cupy_copy__complex64_complex64
19593569650,80351,400387,1,1,1,32,32,1,30,0.000,0.000,,,,,NVIDIA A100-SXM4-40GB MIG 4g.20gb (0),1,,13,"void convert_kernel<__half2, float2>(tensor_layout_any, T1 *, tensor_layout_any, const T2 *)"
19593678032,5408,400390,,,,,,,,,,0.094,17325.421,Pinned,Device,NVIDIA A100-SXM4-40GB MIG 4g.20gb (0),1,,13,[CUDA memcpy Host-to-Device]
19593808847,61247,400391,,,,,,,,,,35.810,584668.564,Device,,NVIDIA A100-SXM4-40GB MIG 4g.20gb (0),1,,13,[CUDA memset]
19593873166,2144,400393,,,,,,,,,,0.000,37.313,Pinned,Device,NVIDIA A100-SXM4-40GB MIG 4g.20gb (0),1,,13,[CUDA memcpy Host-to-Device]
19593877710,9920,400394,,,,,,,,,,0.197,19819.266,Pinned,Device,NVIDIA A100-SXM4-40GB MIG 4g.20gb (0),1,,13,[CUDA memcpy Host-to-Device]
19594066508,26208,400395,273,1,1,48,1,1,40,0.000,0.001,,,,,NVIDIA A100-SXM4-40GB MIG 4g.20gb (0),1,,13,"void pusch_noise_intf_est::noiseIntfEstNoDftSOfdmKernel<float, __half, float, float, (unsigned int)2, (unsigned int)1, (unsigned char)4, (unsigned char)4>(pusch_noise_intf_est::puschRxNoiseIntfEstDynDescr)"
19594294218,13471,400406,35,1,1,128,1,1,16,0.000,0.000,,,,,NVIDIA A100-SXM4-40GB MIG 4g.20gb (0),1,,13,cupy_copy__complex64_complex64
19594309577,3648,400415,1,1,1,1,1,1,18,0.000,0.000,,,,,NVIDIA A100-SXM4-40GB MIG 4g.20gb (0),1,,13,cupy_copy__float32_float32
19594320649,1568,400421,,,,,,,,,,0.000,2.551,Device,Pageable,NVIDIA A100-SXM4-40GB MIG 4g.20gb (0),1,,7,[CUDA memcpy Device-to-Host]
19594522343,22688,400432,1434,1,1,128,1,1,16,0.000,0.000,,,,,NVIDIA A100-SXM4-40GB MIG 4g.20gb (0),1,,13,cupy_copy__complex64_complex64
19594547527,3520,400439,103,1,1,128,1,1,16,0.000,0.000,,,,,NVIDIA A100-SXM4-40GB MIG 4g.20gb (0),1,,13,cupy_copy__complex64_complex64
19594552487,2720,400446,35,1,1,128,1,1,16,0.000,0.000,,,,,NVIDIA A100-SXM4-40GB MIG 4g.20gb (0),1,,13,cupy_copy__complex64_complex64
19594755396,5024,400453,1,1,1,1,1,1,18,0.000,0.000,,,,,NVIDIA A100-SXM4-40GB MIG 4g.20gb (0),1,,13,cupy_copy__float32_float32
19594761924,228798,400464,1,1,1,32,32,1,30,0.000,0.000,,,,,NVIDIA A100-SXM4-40GB MIG 4g.20gb (0),1,,13,"void convert_kernel<__half2, float2>(tensor_layout_any, T1 *, tensor_layout_any, const T2 *)"
19595020033,5632,400467,,,,,,,,,,0.094,16636.287,Pinned,Device,NVIDIA A100-SXM4-40GB MIG 4g.20gb (0),1,,13,[CUDA memcpy Host-to-Device]
19595296542,15200,400468,,,,,,,,,,1.547,101750.846,Device,,NVIDIA A100-SXM4-40GB MIG 4g.20gb (0),1,,13,[CUDA memset]
19595318462,3392,400473,,,,,,,,,,0.031,9226.405,Pinned,Device,NVIDIA A100-SXM4-40GB MIG 4g.20gb (0),1,,13,[CUDA memcpy Host-to-Device]
19595324478,9760,400474,,,,,,,,,,0.197,20144.259,Pinned,Device,NVIDIA A100-SXM4-40GB MIG 4g.20gb (0),1,,13,[CUDA memcpy Host-to-Device]
19595606075,22592,400475,273,1,1,8,4,1,39,0.002,0.000,,,,,NVIDIA A100-SXM4-40GB MIG 4g.20gb (0),1,,13,"void channel_eq::eqMmseCoefCompLowMimoKernel<float, float, float, (unsigned int)4, (unsigned int)1, (unsigned int)4>(const channel_eq::_puschRxChEqStatDescr *, channel_eq::_puschRxChEqCoefCompDynDescr)"
19595630107,7360,400476,273,1,1,12,11,1,51,0.002,0.000,,,,,NVIDIA A100-SXM4-40GB MIG 4g.20gb (0),1,,13,"void channel_eq::eqMmseSoftDemapKernel<float, __half, __half, float, (unsigned int)4, (unsigned short)16383>(channel_eq::_puschRxChEqStatDescr *, channel_eq::_puschRxChEqSoftDemapDynDescr)"
19595640155,282300,400477,1,1,1,32,32,1,30,0.000,0.000,,,,,NVIDIA A100-SXM4-40GB MIG 4g.20gb (0),1,,13,"void convert_kernel<float2, __half2>(tensor_layout_any, T1 *, tensor_layout_any, const T2 *)"
19595924279,10560,400489,2253,1,1,128,1,1,16,0.000,0.000,,,,,NVIDIA A100-SXM4-40GB MIG 4g.20gb (0),1,,13,cupy_copy__float16_float16
19595936375,2880,400498,282,1,1,128,1,1,16,0.000,0.000,,,,,NVIDIA A100-SXM4-40GB MIG 4g.20gb (0),1,,13,cupy_copy__complex64_complex64
19595941527,2080,400507,26,1,1,128,1,1,16,0.000,0.000,,,,,NVIDIA A100-SXM4-40GB MIG 4g.20gb (0),1,,13,cupy_copy__float32_float32
19595945623,2944,400516,103,1,1,128,1,1,16,0.000,0.000,,,,,NVIDIA A100-SXM4-40GB MIG 4g.20gb (0),1,,13,cupy_copy__complex64_complex64
19595950167,12128,400526,1434,1,1,128,1,1,16,0.000,0.000,,,,,NVIDIA A100-SXM4-40GB MIG 4g.20gb (0),1,,13,cupy_copy__complex64_complex64
19595964535,80159,400531,1,1,1,32,32,1,30,0.000,0.000,,,,,NVIDIA A100-SXM4-40GB MIG 4g.20gb (0),1,,13,"void convert_kernel<__half2, float2>(tensor_layout_any, T1 *, tensor_layout_any, const T2 *)"
19596074806,5632,400534,,,,,,,,,,0.094,16636.287,Pinned,Device,NVIDIA A100-SXM4-40GB MIG 4g.20gb (0),1,,13,[CUDA memcpy Host-to-Device]
19596092949,602650,400535,,,,,,,,,,456.561,757435.429,Device,,NVIDIA A100-SXM4-40GB MIG 4g.20gb (0),1,,13,[CUDA memset]
19596702479,50975,400540,,,,,,,,,,1.235,24225.896,Pinned,Device,NVIDIA A100-SXM4-40GB MIG 4g.20gb (0),1,,13,[CUDA memcpy Host-to-Device]
19596755918,9376,400541,,,,,,,,,,0.197,20969.226,Pinned,Device,NVIDIA A100-SXM4-40GB MIG 4g.20gb (0),1,,13,[CUDA memcpy Host-to-Device]
19596923436,18432,400542,69,4,1,48,1,1,76,0.002,0.000,,,,,NVIDIA A100-SXM4-40GB MIG 4g.20gb (0),1,,13,"void ch_est::windowedChEstPreNoDftSOfdmKernel<float, __half, float, (unsigned int)2, (unsigned int)1, (unsigned short)4>(ch_est::puschRxChEstStatDescr_t *, ch_est::puschRxChEstDynDescr_t *)"
19596943660,6688,400543,137,2,1,24,2,1,44,0.001,0.001,,,,,NVIDIA A100-SXM4-40GB MIG 4g.20gb (0),1,,13,"void ch_est::chEstFilterNoDftSOfdmDispatchKernel<float, __half, float, (unsigned int)2>(ch_est::puschRxChEstStatDescr_t *, ch_est::puschRxChEstDynDescr_t *)"
19597115722,18080,400544,137,2,1,24,2,1,44,0.001,0.001,,,,,NVIDIA A100-SXM4-40GB MIG 4g.20gb (0),1,,13,"void ch_est::chEstFilterNoDftSOfdmDispatchKernel<float, __half, float, (unsigned int)2>(ch_est::puschRxChEstStatDescr_t *, ch_est::puschRxChEstDynDescr_t *)"
19597135754,3296,400555,103,1,1,128,1,1,16,0.000,0.000,,,,,NVIDIA A100-SXM4-40GB MIG 4g.20gb (0),1,,13,cupy_copy__complex64_complex64
19597141034,12448,400565,1434,1,1,128,1,1,16,0.000,0.000,,,,,NVIDIA A100-SXM4-40GB MIG 4g.20gb (0),1,,13,cupy_copy__complex64_complex64
19597155402,2528,400572,103,1,1,128,1,1,16,0.000,0.000,,,,,NVIDIA A100-SXM4-40GB MIG 4g.20gb (0),1,,13,cupy_copy__complex64_complex64
19597159402,80319,400579,1,1,1,32,32,1,30,0.000,0.000,,,,,NVIDIA A100-SXM4-40GB MIG 4g.20gb (0),1,,13,"void convert_kernel<__half2, float2>(tensor_layout_any, T1 *, tensor_layout_any, const T2 *)"
19597268200,5792,400582,,,,,,,,,,0.094,16176.708,Pinned,Device,NVIDIA A100-SXM4-40GB MIG 4g.20gb (0),1,,13,[CUDA memcpy Host-to-Device]
19597365703,60032,400583,,,,,,,,,,35.810,596485.837,Device,,NVIDIA A100-SXM4-40GB MIG 4g.20gb (0),1,,13,[CUDA memset]
19597429511,2143,400585,,,,,,,,,,0.000,37.331,Pinned,Device,NVIDIA A100-SXM4-40GB MIG 4g.20gb (0),1,,13,[CUDA memcpy Host-to-Device]
19597434790,10592,400586,,,,,,,,,,0.197,18561.761,Pinned,Device,NVIDIA A100-SXM4-40GB MIG 4g.20gb (0),1,,13,[CUDA memcpy Host-to-Device]
19597642436,21088,400587,273,1,1,48,1,1,40,0.000,0.001,,,,,NVIDIA A100-SXM4-40GB MIG 4g.20gb (0),1,,13,"void pusch_noise_intf_est::noiseIntfEstNoDftSOfdmKernel<float, __half, float, float, (unsigned int)2, (unsigned int)1, (unsigned char)4, (unsigned char)4>(pusch_noise_intf_est::puschRxNoiseIntfEstDynDescr)"
19597833282,6528,400598,35,1,1,128,1,1,16,0.000,0.000,,,,,NVIDIA A100-SXM4-40GB MIG 4g.20gb (0),1,,13,cupy_copy__complex64_complex64
19597843746,2976,400607,1,1,1,1,1,1,18,0.000,0.000,,,,,NVIDIA A100-SXM4-40GB MIG 4g.20gb (0),1,,13,cupy_copy__float32_float32
19597853474,1568,400613,,,,,,,,,,0.000,2.551,Device,Pageable,NVIDIA A100-SXM4-40GB MIG 4g.20gb (0),1,,7,[CUDA memcpy Device-to-Host]
19598174110,21344,400624,1434,1,1,128,1,1,16,0.000,0.000,,,,,NVIDIA A100-SXM4-40GB MIG 4g.20gb (0),1,,13,cupy_copy__complex64_complex64
19598414844,6751,400631,103,1,1,128,1,1,16,0.000,0.000,,,,,NVIDIA A100-SXM4-40GB MIG 4g.20gb (0),1,,13,cupy_copy__complex64_complex64
19598567642,10912,400638,35,1,1,128,1,1,16,0.000,0.000,,,,,NVIDIA A100-SXM4-40GB MIG 4g.20gb (0),1,,13,cupy_copy__complex64_complex64
19598809143,4832,400645,1,1,1,1,1,1,18,0.000,0.000,,,,,NVIDIA A100-SXM4-40GB MIG 4g.20gb (0),1,,13,cupy_copy__float32_float32
19599131603,242782,400656,1,1,1,32,32,1,30,0.000,0.000,,,,,NVIDIA A100-SXM4-40GB MIG 4g.20gb (0),1,,13,"void convert_kernel<__half2, float2>(tensor_layout_any, T1 *, tensor_layout_any, const T2 *)"
19599403248,5440,400659,,,,,,,,,,0.094,17223.480,Pinned,Device,NVIDIA A100-SXM4-40GB MIG 4g.20gb (0),1,,13,[CUDA memcpy Host-to-Device]
19599610606,9408,400660,,,,,,,,,,1.547,164393.758,Device,,NVIDIA A100-SXM4-40GB MIG 4g.20gb (0),1,,13,[CUDA memset]
19599625038,3168,400665,,,,,,,,,,0.031,9878.770,Pinned,Device,NVIDIA A100-SXM4-40GB MIG 4g.20gb (0),1,,13,[CUDA memcpy Host-to-Device]
19599631406,10016,400666,,,,,,,,,,0.197,19629.343,Pinned,Device,NVIDIA A100-SXM4-40GB MIG 4g.20gb (0),1,,13,[CUDA memcpy Host-to-Device]
19599772780,10240,400667,273,1,1,8,4,1,39,0.002,0.000,,,,,NVIDIA A100-SXM4-40GB MIG 4g.20gb (0),1,,13,"void channel_eq::eqMmseCoefCompLowMimoKernel<float, float, float, (unsigned int)4, (unsigned int)1, (unsigned int)4>(const channel_eq::_puschRxChEqStatDescr *, channel_eq::_puschRxChEqCoefCompDynDescr)"
19599785164,8096,400668,273,1,1,12,11,1,51,0.002,0.000,,,,,NVIDIA A100-SXM4-40GB MIG 4g.20gb (0),1,,13,"void channel_eq::eqMmseSoftDemapKernel<float, __half, __half, float, (unsigned int)4, (unsigned short)16383>(channel_eq::_puschRxChEqStatDescr *, channel_eq::_puschRxChEqSoftDemapDynDescr)"
19599934315,525242,400669,1,1,1,32,32,1,30,0.000,0.000,,,,,NVIDIA A100-SXM4-40GB MIG 4g.20gb (0),1,,13,"void convert_kernel<float2, __half2>(tensor_layout_any, T1 *, tensor_layout_any, const T2 *)"
19600461477,12063,400681,2253,1,1,128,1,1,16,0.000,0.000,,,,,NVIDIA A100-SXM4-40GB MIG 4g.20gb (0),1,,13,cupy_copy__float16_float16
19600474884,3648,400690,282,1,1,128,1,1,16,0.000,0.000,,,,,NVIDIA A100-SXM4-40GB MIG 4g.20gb (0),1,,13,cupy_copy__complex64_complex64
19600480900,2304,400699,26,1,1,128,1,1,16,0.000,0.000,,,,,NVIDIA A100-SXM4-40GB MIG 4g.20gb (0),1,,13,cupy_copy__float32_float32
19600484484,3104,400708,103,1,1,128,1,1,16,0.000,0.000,,,,,NVIDIA A100-SXM4-40GB MIG 4g.20gb (0),1,,13,cupy_copy__complex64_complex64
19600490084,12224,400718,1434,1,1,128,1,1,16,0.000,0.000,,,,,NVIDIA A100-SXM4-40GB MIG 4g.20gb (0),1,,13,cupy_copy__complex64_complex64
19600503780,104831,400723,1,1,1,32,32,1,30,0.000,0.000,,,,,NVIDIA A100-SXM4-40GB MIG 4g.20gb (0),1,,13,"void convert_kernel<__half2, float2>(tensor_layout_any, T1 *, tensor_layout_any, const T2 *)"
19600639363,5888,400726,,,,,,,,,,0.094,15912.954,Pinned,Device,NVIDIA A100-SXM4-40GB MIG 4g.20gb (0),1,,13,[CUDA memcpy Host-to-Device]
19600759553,607450,400727,,,,,,,,,,456.561,751500.130,Device,,NVIDIA A100-SXM4-40GB MIG 4g.20gb (0),1,,13,[CUDA memset]
19601374042,50432,400732,,,,,,,,,,1.235,24486.470,Pinned,Device,NVIDIA A100-SXM4-40GB MIG 4g.20gb (0),1,,13,[CUDA memcpy Host-to-Device]
19601428282,9696,400733,,,,,,,,,,0.197,20277.166,Pinned,Device,NVIDIA A100-SXM4-40GB MIG 4g.20gb (0),1,,13,[CUDA memcpy Host-to-Device]
19601495577,11456,400734,69,4,1,48,1,1,76,0.002,0.000,,,,,NVIDIA A100-SXM4-40GB MIG 4g.20gb (0),1,,13,"void ch_est::windowedChEstPreNoDftSOfdmKernel<float, __half, float, (unsigned int)2, (unsigned int)1, (unsigned short)4>(ch_est::puschRxChEstStatDescr_t *, ch_est::puschRxChEstDynDescr_t *)"
19601510009,6080,400735,137,2,1,24,2,1,44,0.001,0.001,,,,,NVIDIA A100-SXM4-40GB MIG 4g.20gb (0),1,,13,"void ch_est::chEstFilterNoDftSOfdmDispatchKernel<float, __half, float, (unsigned int)2>(ch_est::puschRxChEstStatDescr_t *, ch_est::puschRxChEstDynDescr_t *)"
19601518617,4800,400736,137,2,1,24,2,1,44,0.001,0.001,,,,,NVIDIA A100-SXM4-40GB MIG 4g.20gb (0),1,,13,"void ch_est::chEstFilterNoDftSOfdmDispatchKernel<float, __half, float, (unsigned int)2>(ch_est::puschRxChEstStatDescr_t *, ch_est::puschRxChEstDynDescr_t *)"
19601525049,2656,400747,103,1,1,128,1,1,16,0.000,0.000,,,,,NVIDIA A100-SXM4-40GB MIG 4g.20gb (0),1,,13,cupy_copy__complex64_complex64
19601529529,12576,400757,1434,1,1,128,1,1,16,0.000,0.000,,,,,NVIDIA A100-SXM4-40GB MIG 4g.20gb (0),1,,13,cupy_copy__complex64_complex64
19601544025,2527,400764,103,1,1,128,1,1,16,0.000,0.000,,,,,NVIDIA A100-SXM4-40GB MIG 4g.20gb (0),1,,13,cupy_copy__complex64_complex64
19601548120,110239,400771,1,1,1,32,32,1,30,0.000,0.000,,,,,NVIDIA A100-SXM4-40GB MIG 4g.20gb (0),1,,13,"void convert_kernel<__half2, float2>(tensor_layout_any, T1 *, tensor_layout_any, const T2 *)"
19601687191,6464,400774,,,,,,,,,,0.094,14494.959,Pinned,Device,NVIDIA A100-SXM4-40GB MIG 4g.20gb (0),1,,13,[CUDA memcpy Host-to-Device]
19601702359,50751,400775,,,,,,,,,,35.810,705598.664,Device,,NVIDIA A100-SXM4-40GB MIG 4g.20gb (0),1,,13,[CUDA memset]
19601759926,1856,400777,,,,,,,,,,0.000,43.103,Pinned,Device,NVIDIA A100-SXM4-40GB MIG 4g.20gb (0),1,,13,[CUDA memcpy Host-to-Device]
19601764246,9792,400778,,,,,,,,,,0.197,20078.395,Pinned,Device,NVIDIA A100-SXM4-40GB MIG 4g.20gb (0),1,,13,[CUDA memcpy Host-to-Device]
19601882517,16032,400779,273,1,1,48,1,1,40,0.000,0.001,,,,,NVIDIA A100-SXM4-40GB MIG 4g.20gb (0),1,,13,"void pusch_noise_intf_est::noiseIntfEstNoDftSOfdmKernel<float, __half, float, float, (unsigned int)2, (unsigned int)1, (unsigned char)4, (unsigned char)4>(pusch_noise_intf_est::puschRxNoiseIntfEstDynDescr)"
19602037971,6496,400790,35,1,1,128,1,1,16,0.000,0.000,,,,,NVIDIA A100-SXM4-40GB MIG 4g.20gb (0),1,,13,cupy_copy__complex64_complex64
19602092178,3008,400799,1,1,1,1,1,1,18,0.000,0.000,,,,,NVIDIA A100-SXM4-40GB MIG 4g.20gb (0),1,,13,cupy_copy__float32_float32
19602096946,2784,400805,,,,,,,,,,0.000,1.437,Device,Pageable,NVIDIA A100-SXM4-40GB MIG 4g.20gb (0),1,,7,[CUDA memcpy Device-to-Host]
19602220177,17280,400816,1434,1,1,128,1,1,16,0.000,0.000,,,,,NVIDIA A100-SXM4-40GB MIG 4g.20gb (0),1,,13,cupy_copy__complex64_complex64
19602286032,3744,400823,103,1,1,128,1,1,16,0.000,0.000,,,,,NVIDIA A100-SXM4-40GB MIG 4g.20gb (0),1,,13,cupy_copy__complex64_complex64
19602413903,5952,400830,35,1,1,128,1,1,16,0.000,0.000,,,,,NVIDIA A100-SXM4-40GB MIG 4g.20gb (0),1,,13,cupy_copy__complex64_complex64
19602468526,3296,400837,1,1,1,1,1,1,18,0.000,0.000,,,,,NVIDIA A100-SXM4-40GB MIG 4g.20gb (0),1,,13,cupy_copy__float32_float32
19602596013,292700,400848,1,1,1,32,32,1,30,0.000,0.000,,,,,NVIDIA A100-SXM4-40GB MIG 4g.20gb (0),1,,13,"void convert_kernel<__half2, float2>(tensor_layout_any, T1 *, tensor_layout_any, const T2 *)"
19602918793,5408,400851,,,,,,,,,,0.094,17325.421,Pinned,Device,NVIDIA A100-SXM4-40GB MIG 4g.20gb (0),1,,13,[CUDA memcpy Host-to-Device]
19603027816,5056,400852,,,,,,,,,,1.547,305897.481,Device,,NVIDIA A100-SXM4-40GB MIG 4g.20gb (0),1,,13,[CUDA memset]
19603033544,3968,400857,,,,,,,,,,0.031,7887.093,Pinned,Device,NVIDIA A100-SXM4-40GB MIG 4g.20gb (0),1,,13,[CUDA memcpy Host-to-Device]
19603040552,10272,400858,,,,,,,,,,0.197,19140.182,Pinned,Device,NVIDIA A100-SXM4-40GB MIG 4g.20gb (0),1,,13,[CUDA memcpy Host-to-Device]
19603089863,11488,400859,273,1,1,8,4,1,39,0.002,0.000,,,,,NVIDIA A100-SXM4-40GB MIG 4g.20gb (0),1,,13,"void channel_eq::eqMmseCoefCompLowMimoKernel<float, float, float, (unsigned int)4, (unsigned int)1, (unsigned int)4>(const channel_eq::_puschRxChEqStatDescr *, channel_eq::_puschRxChEqCoefCompDynDescr)"
19603151783,9695,400860,273,1,1,12,11,1,51,0.002,0.000,,,,,NVIDIA A100-SXM4-40GB MIG 4g.20gb (0),1,,13,"void channel_eq::eqMmseSoftDemapKernel<float, __half, __half, float, (unsigned int)4, (unsigned short)16383>(channel_eq::_puschRxChEqStatDescr *, channel_eq::_puschRxChEqSoftDemapDynDescr)"
19603213670,632441,400861,1,1,1,32,32,1,30,0.000,0.000,,,,,NVIDIA A100-SXM4-40GB MIG 4g.20gb (0),1,,13,"void convert_kernel<float2, __half2>(tensor_layout_any, T1 *, tensor_layout_any, const T2 *)"
19604102844,18048,400873,2253,1,1,128,1,1,16,0.000,0.000,,,,,NVIDIA A100-SXM4-40GB MIG 4g.20gb (0),1,,13,cupy_copy__float16_float16
19604122204,5600,400882,282,1,1,128,1,1,16,0.000,0.000,,,,,NVIDIA A100-SXM4-40GB MIG 4g.20gb (0),1,,13,cupy_copy__complex64_complex64
19604528247,10176,400891,26,1,1,128,1,1,16,0.000,0.000,,,,,NVIDIA A100-SXM4-40GB MIG 4g.20gb (0),1,,13,cupy_copy__float32_float32
19604580503,5856,400900,103,1,1,128,1,1,16,0.000,0.000,,,,,NVIDIA A100-SXM4-40GB MIG 4g.20gb (0),1,,13,cupy_copy__complex64_complex64
19604588502,13760,400910,1434,1,1,128,1,1,16,0.000,0.000,,,,,NVIDIA A100-SXM4-40GB MIG 4g.20gb (0),1,,13,cupy_copy__complex64_complex64
19604603798,85151,400915,1,1,1,32,32,1,30,0.000,0.000,,,,,NVIDIA A100-SXM4-40GB MIG 4g.20gb (0),1,,13,"void convert_kernel<__half2, float2>(tensor_layout_any, T1 *, tensor_layout_any, const T2 *)"
19604719285,5568,400918,,,,,,,,,,0.094,16827.521,Pinned,Device,NVIDIA A100-SXM4-40GB MIG 4g.20gb (0),1,,13,[CUDA memcpy Host-to-Device]
19605028434,611385,400919,,,,,,,,,,456.561,746477.954,Device,,NVIDIA A100-SXM4-40GB MIG 4g.20gb (0),1,,13,[CUDA memset]
19605647243,51423,400924,,,,,,,,,,1.235,24014.721,Pinned,Device,NVIDIA A100-SXM4-40GB MIG 4g.20gb (0),1,,13,[CUDA memcpy Host-to-Device]
19605701514,9664,400925,,,,,,,,,,0.197,20344.209,Pinned,Device,NVIDIA A100-SXM4-40GB MIG 4g.20gb (0),1,,13,[CUDA memcpy Host-to-Device]
19606039590,11872,400926,69,4,1,48,1,1,76,0.002,0.000,,,,,NVIDIA A100-SXM4-40GB MIG 4g.20gb (0),1,,13,"void ch_est::windowedChEstPreNoDftSOfdmKernel<float, __half, float, (unsigned int)2, (unsigned int)1, (unsigned short)4>(ch_est::puschRxChEstStatDescr_t *, ch_est::puschRxChEstDynDescr_t *)"
19606590528,11744,400927,137,2,1,24,2,1,44,0.001,0.001,,,,,NVIDIA A100-SXM4-40GB MIG 4g.20gb (0),1,,13,"void ch_est::chEstFilterNoDftSOfdmDispatchKernel<float, __half, float, (unsigned int)2>(ch_est::puschRxChEstStatDescr_t *, ch_est::puschRxChEstDynDescr_t *)"
19607244665,13184,400928,137,2,1,24,2,1,44,0.001,0.001,,,,,NVIDIA A100-SXM4-40GB MIG 4g.20gb (0),1,,13,"void ch_est::chEstFilterNoDftSOfdmDispatchKernel<float, __half, float, (unsigned int)2>(ch_est::puschRxChEstStatDescr_t *, ch_est::puschRxChEstDynDescr_t *)"
19607364535,20672,400939,103,1,1,128,1,1,16,0.000,0.000,,,,,NVIDIA A100-SXM4-40GB MIG 4g.20gb (0),1,,13,cupy_copy__complex64_complex64
19607901745,16960,400949,1434,1,1,128,1,1,16,0.000,0.000,,,,,NVIDIA A100-SXM4-40GB MIG 4g.20gb (0),1,,13,cupy_copy__complex64_complex64
19608460907,5600,400956,103,1,1,128,1,1,16,0.000,0.000,,,,,NVIDIA A100-SXM4-40GB MIG 4g.20gb (0),1,,13,cupy_copy__complex64_complex64
19608577610,218205,400963,1,1,1,32,32,1,30,0.000,0.000,,,,,NVIDIA A100-SXM4-40GB MIG 4g.20gb (0),1,,13,"void convert_kernel<__half2, float2>(tensor_layout_any, T1 *, tensor_layout_any, const T2 *)"
19608825735,5408,400966,,,,,,,,,,0.094,17325.421,Pinned,Device,NVIDIA A100-SXM4-40GB MIG 4g.20gb (0),1,,13,[CUDA memcpy Host-to-Device]
19609128004,74911,400967,,,,,,,,,,35.810,478026.622,Device,,NVIDIA A100-SXM4-40GB MIG 4g.20gb (0),1,,13,[CUDA memset]
19609206627,1824,400969,,,,,,,,,,0.000,43.860,Pinned,Device,NVIDIA A100-SXM4-40GB MIG 4g.20gb (0),1,,13,[CUDA memcpy Host-to-Device]
19609212067,9728,400970,,,,,,,,,,0.197,20210.516,Pinned,Device,NVIDIA A100-SXM4-40GB MIG 4g.20gb (0),1,,13,[CUDA memcpy Host-to-Device]
19609716189,45056,400971,273,1,1,48,1,1,40,0.000,0.001,,,,,NVIDIA A100-SXM4-40GB MIG 4g.20gb (0),1,,13,"void pusch_noise_intf_est::noiseIntfEstNoDftSOfdmKernel<float, __half, float, float, (unsigned int)2, (unsigned int)1, (unsigned char)4, (unsigned char)4>(pusch_noise_intf_est::puschRxNoiseIntfEstDynDescr)"
19609762749,3552,400982,35,1,1,128,1,1,16,0.000,0.000,,,,,NVIDIA A100-SXM4-40GB MIG 4g.20gb (0),1,,13,cupy_copy__complex64_complex64
19609879899,6208,400991,1,1,1,1,1,1,18,0.000,0.000,,,,,NVIDIA A100-SXM4-40GB MIG 4g.20gb (0),1,,13,cupy_copy__float32_float32
19609895195,1568,400997,,,,,,,,,,0.000,2.551,Device,Pageable,NVIDIA A100-SXM4-40GB MIG 4g.20gb (0),1,,7,[CUDA memcpy Device-to-Host]
19610043866,45407,401008,1434,1,1,128,1,1,16,0.000,0.000,,,,,NVIDIA A100-SXM4-40GB MIG 4g.20gb (0),1,,13,cupy_copy__complex64_complex64
19610092889,3520,401015,103,1,1,128,1,1,16,0.000,0.000,,,,,NVIDIA A100-SXM4-40GB MIG 4g.20gb (0),1,,13,cupy_copy__complex64_complex64
19610211960,17439,401022,35,1,1,128,1,1,16,0.000,0.000,,,,,NVIDIA A100-SXM4-40GB MIG 4g.20gb (0),1,,13,cupy_copy__complex64_complex64
19610232119,3424,401029,1,1,1,1,1,1,18,0.000,0.000,,,,,NVIDIA A100-SXM4-40GB MIG 4g.20gb (0),1,,13,cupy_copy__float32_float32
19610237495,244478,401040,1,1,1,32,32,1,30,0.000,0.000,,,,,NVIDIA A100-SXM4-40GB MIG 4g.20gb (0),1,,13,"void convert_kernel<__half2, float2>(tensor_layout_any, T1 *, tensor_layout_any, const T2 *)"
19610516404,5440,401043,,,,,,,,,,0.094,17223.480,Pinned,Device,NVIDIA A100-SXM4-40GB MIG 4g.20gb (0),1,,13,[CUDA memcpy Host-to-Device]
19610565908,4032,401044,,,,,,,,,,1.547,383585.951,Device,,NVIDIA A100-SXM4-40GB MIG 4g.20gb (0),1,,13,[CUDA memset]
19610615123,3392,401049,,,,,,,,,,0.031,9226.405,Pinned,Device,NVIDIA A100-SXM4-40GB MIG 4g.20gb (0),1,,13,[CUDA memcpy Host-to-Device]
19610621747,10176,401050,,,,,,,,,,0.197,19320.668,Pinned,Device,NVIDIA A100-SXM4-40GB MIG 4g.20gb (0),1,,13,[CUDA memcpy Host-to-Device]
19610638323,7616,401051,273,1,1,8,4,1,39,0.002,0.000,,,,,NVIDIA A100-SXM4-40GB MIG 4g.20gb (0),1,,13,"void channel_eq::eqMmseCoefCompLowMimoKernel<float, float, float, (unsigned int)4, (unsigned int)1, (unsigned int)4>(const channel_eq::_puschRxChEqStatDescr *, channel_eq::_puschRxChEqCoefCompDynDescr)"
19610692722,9888,401052,273,1,1,12,11,1,51,0.002,0.000,,,,,NVIDIA A100-SXM4-40GB MIG 4g.20gb (0),1,,13,"void channel_eq::eqMmseSoftDemapKernel<float, __half, __half, float, (unsigned int)4, (unsigned short)16383>(channel_eq::_puschRxChEqStatDescr *, channel_eq::_puschRxChEqSoftDemapDynDescr)"
19610749746,770775,401053,1,1,1,32,32,1,30,0.000,0.000,,,,,NVIDIA A100-SXM4-40GB MIG 4g.20gb (0),1,,13,"void convert_kernel<float2, __half2>(tensor_layout_any, T1 *, tensor_layout_any, const T2 *)"
19611629256,23968,401065,2253,1,1,128,1,1,16,0.000,0.000,,,,,NVIDIA A100-SXM4-40GB MIG 4g.20gb (0),1,,13,cupy_copy__float16_float16
19611756614,6848,401074,282,1,1,128,1,1,16,0.000,0.000,,,,,NVIDIA A100-SXM4-40GB MIG 4g.20gb (0),1,,13,cupy_copy__complex64_complex64
19611765446,3712,401083,26,1,1,128,1,1,16,0.000,0.000,,,,,NVIDIA A100-SXM4-40GB MIG 4g.20gb (0),1,,13,cupy_copy__float32_float32
19611770374,6240,401092,103,1,1,128,1,1,16,0.000,0.000,,,,,NVIDIA A100-SXM4-40GB MIG 4g.20gb (0),1,,13,cupy_copy__complex64_complex64
19611778694,13312,401102,1434,1,1,128,1,1,16,0.000,0.000,,,,,NVIDIA A100-SXM4-40GB MIG 4g.20gb (0),1,,13,cupy_copy__complex64_complex64
19611890181,261949,401107,1,1,1,32,32,1,30,0.000,0.000,,,,,NVIDIA A100-SXM4-40GB MIG 4g.20gb (0),1,,13,"void convert_kernel<__half2, float2>(tensor_layout_any, T1 *, tensor_layout_any, const T2 *)"
19612182690,5888,401110,,,,,,,,,,0.094,15912.954,Pinned,Device,NVIDIA A100-SXM4-40GB MIG 4g.20gb (0),1,,13,[CUDA memcpy Host-to-Device]
19612259905,614681,401111,,,,,,,,,,456.561,742368.901,Device,,NVIDIA A100-SXM4-40GB MIG 4g.20gb (0),1,,13,[CUDA memset]
19612878426,51231,401116,,,,,,,,,,1.235,24104.872,Pinned,Device,NVIDIA A100-SXM4-40GB MIG 4g.20gb (0),1,,13,[CUDA memcpy Host-to-Device]
19612932217,10368,401117,,,,,,,,,,0.197,18962.842,Pinned,Device,NVIDIA A100-SXM4-40GB MIG 4g.20gb (0),1,,13,[CUDA memcpy Host-to-Device]
19612983801,15935,401118,69,4,1,48,1,1,76,0.002,0.000,,,,,NVIDIA A100-SXM4-40GB MIG 4g.20gb (0),1,,13,"void ch_est::windowedChEstPreNoDftSOfdmKernel<float, __half, float, (unsigned int)2, (unsigned int)1, (unsigned short)4>(ch_est::puschRxChEstStatDescr_t *, ch_est::puschRxChEstDynDescr_t *)"
19613002584,6688,401119,137,2,1,24,2,1,44,0.001,0.001,,,,,NVIDIA A100-SXM4-40GB MIG 4g.20gb (0),1,,13,"void ch_est::chEstFilterNoDftSOfdmDispatchKernel<float, __half, float, (unsigned int)2>(ch_est::puschRxChEstStatDescr_t *, ch_est::puschRxChEstDynDescr_t *)"
19613011032,5088,401120,137,2,1,24,2,1,44,0.001,0.001,,,,,NVIDIA A100-SXM4-40GB MIG 4g.20gb (0),1,,13,"void ch_est::chEstFilterNoDftSOfdmDispatchKernel<float, __half, float, (unsigned int)2>(ch_est::puschRxChEstStatDescr_t *, ch_est::puschRxChEstDynDescr_t *)"
19613017400,2624,401131,103,1,1,128,1,1,16,0.000,0.000,,,,,NVIDIA A100-SXM4-40GB MIG 4g.20gb (0),1,,13,cupy_copy__complex64_complex64
19613021816,12704,401141,1434,1,1,128,1,1,16,0.000,0.000,,,,,NVIDIA A100-SXM4-40GB MIG 4g.20gb (0),1,,13,cupy_copy__complex64_complex64
19613036376,2560,401148,103,1,1,128,1,1,16,0.000,0.000,,,,,NVIDIA A100-SXM4-40GB MIG 4g.20gb (0),1,,13,cupy_copy__complex64_complex64
19613040344,79295,401155,1,1,1,32,32,1,30,0.000,0.000,,,,,NVIDIA A100-SXM4-40GB MIG 4g.20gb (0),1,,13,"void convert_kernel<__half2, float2>(tensor_layout_any, T1 *, tensor_layout_any, const T2 *)"
19613147671,5408,401158,,,,,,,,,,0.094,17325.421,Pinned,Device,NVIDIA A100-SXM4-40GB MIG 4g.20gb (0),1,,13,[CUDA memcpy Host-to-Device]
19613159959,46239,401159,,,,,,,,,,35.810,774425.330,Device,,NVIDIA A100-SXM4-40GB MIG 4g.20gb (0),1,,13,[CUDA memset]
19613212662,1920,401161,,,,,,,,,,0.000,41.667,Pinned,Device,NVIDIA A100-SXM4-40GB MIG 4g.20gb (0),1,,13,[CUDA memcpy Host-to-Device]
19613217206,9600,401162,,,,,,,,,,0.197,20479.869,Pinned,Device,NVIDIA A100-SXM4-40GB MIG 4g.20gb (0),1,,13,[CUDA memcpy Host-to-Device]
19613231030,8832,401163,273,1,1,48,1,1,40,0.000,0.001,,,,,NVIDIA A100-SXM4-40GB MIG 4g.20gb (0),1,,13,"void pusch_noise_intf_est::noiseIntfEstNoDftSOfdmKernel<float, __half, float, float, (unsigned int)2, (unsigned int)1, (unsigned char)4, (unsigned char)4>(pusch_noise_intf_est::puschRxNoiseIntfEstDynDescr)"
19613241814,2912,401174,35,1,1,128,1,1,16,0.000,0.000,,,,,NVIDIA A100-SXM4-40GB MIG 4g.20gb (0),1,,13,cupy_copy__complex64_complex64
19613285109,1888,401183,1,1,1,1,1,1,18,0.000,0.000,,,,,NVIDIA A100-SXM4-40GB MIG 4g.20gb (0),1,,13,cupy_copy__float32_float32
19613319637,1600,401189,,,,,,,,,,0.000,2.500,Device,Pageable,NVIDIA A100-SXM4-40GB MIG 4g.20gb (0),1,,7,[CUDA memcpy Device-to-Host]
19613379380,13696,401200,1434,1,1,128,1,1,16,0.000,0.000,,,,,NVIDIA A100-SXM4-40GB MIG 4g.20gb (0),1,,13,cupy_copy__complex64_complex64
19613405972,2720,401207,103,1,1,128,1,1,16,0.000,0.000,,,,,NVIDIA A100-SXM4-40GB MIG 4g.20gb (0),1,,13,cupy_copy__complex64_complex64
19613428852,2176,401214,35,1,1,128,1,1,16,0.000,0.000,,,,,NVIDIA A100-SXM4-40GB MIG 4g.20gb (0),1,,13,cupy_copy__complex64_complex64
19613446675,1824,401221,1,1,1,1,1,1,18,0.000,0.000,,,,,NVIDIA A100-SXM4-40GB MIG 4g.20gb (0),1,,13,cupy_copy__float32_float32
19613616178,79807,401232,1,1,1,32,32,1,30,0.000,0.000,,,,,NVIDIA A100-SXM4-40GB MIG 4g.20gb (0),1,,13,"void convert_kernel<__half2, float2>(tensor_layout_any, T1 *, tensor_layout_any, const T2 *)"
19613733008,5344,401235,,,,,,,,,,0.094,17532.864,Pinned,Device,NVIDIA A100-SXM4-40GB MIG 4g.20gb (0),1,,13,[CUDA memcpy Host-to-Device]
19613751888,3264,401236,,,,,,,,,,1.547,473842.288,Device,,NVIDIA A100-SXM4-40GB MIG 4g.20gb (0),1,,13,[CUDA memset]
19613804015,3488,401241,,,,,,,,,,0.031,8972.469,Pinned,Device,NVIDIA A100-SXM4-40GB MIG 4g.20gb (0),1,,13,[CUDA memcpy Host-to-Device]
19613810031,9536,401242,,,,,,,,,,0.197,20617.298,Pinned,Device,NVIDIA A100-SXM4-40GB MIG 4g.20gb (0),1,,13,[CUDA memcpy Host-to-Device]
19613824655,5952,401243,273,1,1,8,4,1,39,0.002,0.000,,,,,NVIDIA A100-SXM4-40GB MIG 4g.20gb (0),1,,13,"void channel_eq::eqMmseCoefCompLowMimoKernel<float, float, float, (unsigned int)4, (unsigned int)1, (unsigned int)4>(const channel_eq::_puschRxChEqStatDescr *, channel_eq::_puschRxChEqCoefCompDynDescr)"
19613831887,6848,401244,273,1,1,12,11,1,51,0.002,0.000,,,,,NVIDIA A100-SXM4-40GB MIG 4g.20gb (0),1,,13,"void channel_eq::eqMmseSoftDemapKernel<float, __half, __half, float, (unsigned int)4, (unsigned short)16383>(channel_eq::_puschRxChEqStatDescr *, channel_eq::_puschRxChEqSoftDemapDynDescr)"
19613841263,445211,401245,1,1,1,32,32,1,30,0.000,0.000,,,,,NVIDIA A100-SXM4-40GB MIG 4g.20gb (0),1,,13,"void convert_kernel<float2, __half2>(tensor_layout_any, T1 *, tensor_layout_any, const T2 *)"
19614322090,15776,401257,2253,1,1,128,1,1,16,0.000,0.000,,,,,NVIDIA A100-SXM4-40GB MIG 4g.20gb (0),1,,13,cupy_copy__float16_float16
19614440488,4640,401266,282,1,1,128,1,1,16,0.000,0.000,,,,,NVIDIA A100-SXM4-40GB MIG 4g.20gb (0),1,,13,cupy_copy__complex64_complex64
19614752773,6176,401275,26,1,1,128,1,1,16,0.000,0.000,,,,,NVIDIA A100-SXM4-40GB MIG 4g.20gb (0),1,,13,cupy_copy__float32_float32
19614842756,6080,401284,103,1,1,128,1,1,16,0.000,0.000,,,,,NVIDIA A100-SXM4-40GB MIG 4g.20gb (0),1,,13,cupy_copy__complex64_complex64
19615240543,18720,401294,1434,1,1,128,1,1,16,0.000,0.000,,,,,NVIDIA A100-SXM4-40GB MIG 4g.20gb (0),1,,13,cupy_copy__complex64_complex64
19615469149,279229,401299,1,1,1,32,32,1,30,0.000,0.000,,,,,NVIDIA A100-SXM4-40GB MIG 4g.20gb (0),1,,13,"void convert_kernel<__half2, float2>(tensor_layout_any, T1 *, tensor_layout_any, const T2 *)"
19615778009,5856,401302,,,,,,,,,,0.094,15999.997,Pinned,Device,NVIDIA A100-SXM4-40GB MIG 4g.20gb (0),1,,13,[CUDA memcpy Host-to-Device]
19616016887,603353,401303,,,,,,,,,,456.561,756522.306,Device,,NVIDIA A100-SXM4-40GB MIG 4g.20gb (0),1,,13,[CUDA memset]
19616623536,51487,401308,,,,,,,,,,1.235,23985.082,Pinned,Device,NVIDIA A100-SXM4-40GB MIG 4g.20gb (0),1,,13,[CUDA memcpy Host-to-Device]
19616677551,10144,401309,,,,,,,,,,0.197,19381.617,Pinned,Device,NVIDIA A100-SXM4-40GB MIG 4g.20gb (0),1,,13,[CUDA memcpy Host-to-Device]
19617147306,45344,401310,69,4,1,48,1,1,76,0.002,0.000,,,,,NVIDIA A100-SXM4-40GB MIG 4g.20gb (0),1,,13,"void ch_est::windowedChEstPreNoDftSOfdmKernel<float, __half, float, (unsigned int)2, (unsigned int)1, (unsigned short)4>(ch_est::puschRxChEstStatDescr_t *, ch_est::puschRxChEstDynDescr_t *)"
19617582565,13984,401311,137,2,1,24,2,1,44,0.001,0.001,,,,,NVIDIA A100-SXM4-40GB MIG 4g.20gb (0),1,,13,"void ch_est::chEstFilterNoDftSOfdmDispatchKernel<float, __half, float, (unsigned int)2>(ch_est::puschRxChEstStatDescr_t *, ch_est::puschRxChEstDynDescr_t *)"
19618135839,13216,401312,137,2,1,24,2,1,44,0.001,0.001,,,,,NVIDIA A100-SXM4-40GB MIG 4g.20gb (0),1,,13,"void ch_est::chEstFilterNoDftSOfdmDispatchKernel<float, __half, float, (unsigned int)2>(ch_est::puschRxChEstStatDescr_t *, ch_est::puschRxChEstDynDescr_t *)"
19618686937,6208,401323,103,1,1,128,1,1,16,0.000,0.000,,,,,NVIDIA A100-SXM4-40GB MIG 4g.20gb (0),1,,13,cupy_copy__complex64_complex64
19619154836,27775,401333,1434,1,1,128,1,1,16,0.000,0.000,,,,,NVIDIA A100-SXM4-40GB MIG 4g.20gb (0),1,,13,cupy_copy__complex64_complex64
19619310098,20928,401340,103,1,1,128,1,1,16,0.000,0.000,,,,,NVIDIA A100-SXM4-40GB MIG 4g.20gb (0),1,,13,cupy_copy__complex64_complex64
19619649070,227614,401347,1,1,1,32,32,1,30,0.000,0.000,,,,,NVIDIA A100-SXM4-40GB MIG 4g.20gb (0),1,,13,"void convert_kernel<__half2, float2>(tensor_layout_any, T1 *, tensor_layout_any, const T2 *)"
19619906603,5376,401350,,,,,,,,,,0.094,17428.487,Pinned,Device,NVIDIA A100-SXM4-40GB MIG 4g.20gb (0),1,,13,[CUDA memcpy Host-to-Device]
19620334502,75040,401351,,,,,,,,,,35.810,477202.994,Device,,NVIDIA A100-SXM4-40GB MIG 4g.20gb (0),1,,13,[CUDA memset]
19620416518,4128,401353,,,,,,,,,,0.000,19.380,Pinned,Device,NVIDIA A100-SXM4-40GB MIG 4g.20gb (0),1,,13,[CUDA memcpy Host-to-Device]
19620427781,12160,401354,,,,,,,,,,0.197,16168.255,Pinned,Device,NVIDIA A100-SXM4-40GB MIG 4g.20gb (0),1,,13,[CUDA memcpy Host-to-Device]
19620536068,39520,401355,273,1,1,48,1,1,40,0.000,0.001,,,,,NVIDIA A100-SXM4-40GB MIG 4g.20gb (0),1,,13,"void pusch_noise_intf_est::noiseIntfEstNoDftSOfdmKernel<float, __half, float, float, (unsigned int)2, (unsigned int)1, (unsigned char)4, (unsigned char)4>(pusch_noise_intf_est::puschRxNoiseIntfEstDynDescr)"
19620711714,7552,401366,35,1,1,128,1,1,16,0.000,0.000,,,,,NVIDIA A100-SXM4-40GB MIG 4g.20gb (0),1,,13,cupy_copy__complex64_complex64
19620729314,3008,401375,1,1,1,1,1,1,18,0.000,0.000,,,,,NVIDIA A100-SXM4-40GB MIG 4g.20gb (0),1,,13,cupy_copy__float32_float32
19620735970,4288,401381,,,,,,,,,,0.000,0.933,Device,Pageable,NVIDIA A100-SXM4-40GB MIG 4g.20gb (0),1,,7,[CUDA memcpy Device-to-Host]
19620905248,26304,401392,1434,1,1,128,1,1,16,0.000,0.000,,,,,NVIDIA A100-SXM4-40GB MIG 4g.20gb (0),1,,13,cupy_copy__complex64_complex64
19620935776,4032,401399,103,1,1,128,1,1,16,0.000,0.000,,,,,NVIDIA A100-SXM4-40GB MIG 4g.20gb (0),1,,13,cupy_copy__complex64_complex64
19620941088,3200,401406,35,1,1,128,1,1,16,0.000,0.000,,,,,NVIDIA A100-SXM4-40GB MIG 4g.20gb (0),1,,13,cupy_copy__complex64_complex64
19620946880,2208,401413,1,1,1,1,1,1,18,0.000,0.000,,,,,NVIDIA A100-SXM4-40GB MIG 4g.20gb (0),1,,13,cupy_copy__float32_float32
19621093214,244733,401424,1,1,1,32,32,1,30,0.000,0.000,,,,,NVIDIA A100-SXM4-40GB MIG 4g.20gb (0),1,,13,"void convert_kernel<__half2, float2>(tensor_layout_any, T1 *, tensor_layout_any, const T2 *)"
19621368763,7552,401427,,,,,,,,,,0.094,12406.756,Pinned,Device,NVIDIA A100-SXM4-40GB MIG 4g.20gb (0),1,,13,[CUDA memcpy Host-to-Device]
19621645880,13600,401428,,,,,,,,,,1.547,113721.716,Device,,NVIDIA A100-SXM4-40GB MIG 4g.20gb (0),1,,13,[CUDA memset]
19621667736,3008,401433,,,,,,,,,,0.031,10404.230,Pinned,Device,NVIDIA A100-SXM4-40GB MIG 4g.20gb (0),1,,13,[CUDA memcpy Host-to-Device]
19621673400,9535,401434,,,,,,,,,,0.197,20619.461,Pinned,Device,NVIDIA A100-SXM4-40GB MIG 4g.20gb (0),1,,13,[CUDA memcpy Host-to-Device]
19622204242,26719,401435,273,1,1,8,4,1,39,0.002,0.000,,,,,NVIDIA A100-SXM4-40GB MIG 4g.20gb (0),1,,13,"void channel_eq::eqMmseCoefCompLowMimoKernel<float, float, float, (unsigned int)4, (unsigned int)1, (unsigned int)4>(const channel_eq::_puschRxChEqStatDescr *, channel_eq::_puschRxChEqCoefCompDynDescr)"
19622363664,35391,401436,273,1,1,12,11,1,51,0.002,0.000,,,,,NVIDIA A100-SXM4-40GB MIG 4g.20gb (0),1,,13,"void channel_eq::eqMmseSoftDemapKernel<float, __half, __half, float, (unsigned int)4, (unsigned short)16383>(channel_eq::_puschRxChEqStatDescr *, channel_eq::_puschRxChEqSoftDemapDynDescr)"
19622778059,566586,401437,1,1,1,32,32,1,30,0.000,0.000,,,,,NVIDIA A100-SXM4-40GB MIG 4g.20gb (0),1,,13,"void convert_kernel<float2, __half2>(tensor_layout_any, T1 *, tensor_layout_any, const T2 *)"
19623675873,23584,401449,2253,1,1,128,1,1,16,0.000,0.000,,,,,NVIDIA A100-SXM4-40GB MIG 4g.20gb (0),1,,13,cupy_copy__float16_float16
19624036797,15584,401458,282,1,1,128,1,1,16,0.000,0.000,,,,,NVIDIA A100-SXM4-40GB MIG 4g.20gb (0),1,,13,cupy_copy__complex64_complex64
19624054109,3264,401467,26,1,1,128,1,1,16,0.000,0.000,,,,,NVIDIA A100-SXM4-40GB MIG 4g.20gb (0),1,,13,cupy_copy__float32_float32
19624060413,4576,401476,103,1,1,128,1,1,16,0.000,0.000,,,,,NVIDIA A100-SXM4-40GB MIG 4g.20gb (0),1,,13,cupy_copy__complex64_complex64
19624066717,13120,401486,1434,1,1,128,1,1,16,0.000,0.000,,,,,NVIDIA A100-SXM4-40GB MIG 4g.20gb (0),1,,13,cupy_copy__complex64_complex64
19624338330,209821,401491,1,1,1,32,32,1,30,0.000,0.000,,,,,NVIDIA A100-SXM4-40GB MIG 4g.20gb (0),1,,13,"void convert_kernel<__half2, float2>(tensor_layout_any, T1 *, tensor_layout_any, const T2 *)"
19624579095,5824,401494,,,,,,,,,,0.094,16087.884,Pinned,Device,NVIDIA A100-SXM4-40GB MIG 4g.20gb (0),1,,13,[CUDA memcpy Host-to-Device]
19624635958,610362,401495,,,,,,,,,,456.561,747847.639,Device,,NVIDIA A100-SXM4-40GB MIG 4g.20gb (0),1,,13,[CUDA memset]
19625250224,50751,401500,,,,,,,,,,1.235,24333.337,Pinned,Device,NVIDIA A100-SXM4-40GB MIG 4g.20gb (0),1,,13,[CUDA memcpy Host-to-Device]
19625304111,9504,401501,,,,,,,,,,0.197,20686.701,Pinned,Device,NVIDIA A100-SXM4-40GB MIG 4g.20gb (0),1,,13,[CUDA memcpy Host-to-Device]
19625511341,20671,401502,69,4,1,48,1,1,76,0.002,0.000,,,,,NVIDIA A100-SXM4-40GB MIG 4g.20gb (0),1,,13,"void ch_est::windowedChEstPreNoDftSOfdmKernel<float, __half, float, (unsigned int)2, (unsigned int)1, (unsigned short)4>(ch_est::puschRxChEstStatDescr_t *, ch_est::puschRxChEstDynDescr_t *)"
19625534572,7296,401503,137,2,1,24,2,1,44,0.001,0.001,,,,,NVIDIA A100-SXM4-40GB MIG 4g.20gb (0),1,,13,"void ch_est::chEstFilterNoDftSOfdmDispatchKernel<float, __half, float, (unsigned int)2>(ch_est::puschRxChEstStatDescr_t *, ch_est::puschRxChEstDynDescr_t *)"
19625811433,24032,401504,137,2,1,24,2,1,44,0.001,0.001,,,,,NVIDIA A100-SXM4-40GB MIG 4g.20gb (0),1,,13,"void ch_est::chEstFilterNoDftSOfdmDispatchKernel<float, __half, float, (unsigned int)2>(ch_est::puschRxChEstStatDescr_t *, ch_est::puschRxChEstDynDescr_t *)"
19625901320,6752,401515,103,1,1,128,1,1,16,0.000,0.000,,,,,NVIDIA A100-SXM4-40GB MIG 4g.20gb (0),1,,13,cupy_copy__complex64_complex64
19625950888,17791,401525,1434,1,1,128,1,1,16,0.000,0.000,,,,,NVIDIA A100-SXM4-40GB MIG 4g.20gb (0),1,,13,cupy_copy__complex64_complex64
19626035879,3520,401532,103,1,1,128,1,1,16,0.000,0.000,,,,,NVIDIA A100-SXM4-40GB MIG 4g.20gb (0),1,,13,cupy_copy__complex64_complex64
19626044871,242461,401539,1,1,1,32,32,1,30,0.000,0.000,,,,,NVIDIA A100-SXM4-40GB MIG 4g.20gb (0),1,,13,"void convert_kernel<__half2, float2>(tensor_layout_any, T1 *, tensor_layout_any, const T2 *)"
19626316196,6304,401542,,,,,,,,,,0.094,14862.903,Pinned,Device,NVIDIA A100-SXM4-40GB MIG 4g.20gb (0),1,,13,[CUDA memcpy Host-to-Device]
19626328771,48832,401543,,,,,,,,,,35.810,733315.542,Device,,NVIDIA A100-SXM4-40GB MIG 4g.20gb (0),1,,13,[CUDA memset]
19626380739,1984,401545,,,,,,,,,,0.000,40.323,Pinned,Device,NVIDIA A100-SXM4-40GB MIG 4g.20gb (0),1,,13,[CUDA memcpy Host-to-Device]
19626386019,9696,401546,,,,,,,,,,0.197,20277.166,Pinned,Device,NVIDIA A100-SXM4-40GB MIG 4g.20gb (0),1,,13,[CUDA memcpy Host-to-Device]
19626583137,17791,401547,273,1,1,48,1,1,40,0.000,0.001,,,,,NVIDIA A100-SXM4-40GB MIG 4g.20gb (0),1,,13,"void pusch_noise_intf_est::noiseIntfEstNoDftSOfdmKernel<float, __half, float, float, (unsigned int)2, (unsigned int)1, (unsigned char)4, (unsigned char)4>(pusch_noise_intf_est::puschRxNoiseIntfEstDynDescr)"
19626790142,7264,401558,35,1,1,128,1,1,16,0.000,0.000,,,,,NVIDIA A100-SXM4-40GB MIG 4g.20gb (0),1,,13,cupy_copy__complex64_complex64
19626838622,4352,401567,1,1,1,1,1,1,18,0.000,0.000,,,,,NVIDIA A100-SXM4-40GB MIG 4g.20gb (0),1,,13,cupy_copy__float32_float32
19626856926,1952,401573,,,,,,,,,,0.000,2.049,Device,Pageable,NVIDIA A100-SXM4-40GB MIG 4g.20gb (0),1,,7,[CUDA memcpy Device-to-Host]
19627302585,17215,401584,1434,1,1,128,1,1,16,0.000,0.000,,,,,NVIDIA A100-SXM4-40GB MIG 4g.20gb (0),1,,13,cupy_copy__complex64_complex64
19627709236,5568,401591,103,1,1,128,1,1,16,0.000,0.000,,,,,NVIDIA A100-SXM4-40GB MIG 4g.20gb (0),1,,13,cupy_copy__complex64_complex64
19627821651,18176,401598,35,1,1,128,1,1,16,0.000,0.000,,,,,NVIDIA A100-SXM4-40GB MIG 4g.20gb (0),1,,13,cupy_copy__complex64_complex64
19628091472,4096,401605,1,1,1,1,1,1,18,0.000,0.000,,,,,NVIDIA A100-SXM4-40GB MIG 4g.20gb (0),1,,13,cupy_copy__float32_float32
19628314445,303933,401616,1,1,1,32,32,1,30,0.000,0.000,,,,,NVIDIA A100-SXM4-40GB MIG 4g.20gb (0),1,,13,"void convert_kernel<__half2, float2>(tensor_layout_any, T1 *, tensor_layout_any, const T2 *)"
19628649642,6239,401619,,,,,,,,,,0.094,15017.782,Pinned,Device,NVIDIA A100-SXM4-40GB MIG 4g.20gb (0),1,,13,[CUDA memcpy Host-to-Device]
19628887239,9088,401620,,,,,,,,,,1.547,170182.772,Device,,NVIDIA A100-SXM4-40GB MIG 4g.20gb (0),1,,13,[CUDA memset]
19628899751,3648,401625,,,,,,,,,,0.031,8578.922,Pinned,Device,NVIDIA A100-SXM4-40GB MIG 4g.20gb (0),1,,13,[CUDA memcpy Host-to-Device]
19628906055,9888,401626,,,,,,,,,,0.197,19883.360,Pinned,Device,NVIDIA A100-SXM4-40GB MIG 4g.20gb (0),1,,13,[CUDA memcpy Host-to-Device]
19629097829,21887,401627,273,1,1,8,4,1,39,0.002,0.000,,,,,NVIDIA A100-SXM4-40GB MIG 4g.20gb (0),1,,13,"void channel_eq::eqMmseCoefCompLowMimoKernel<float, float, float, (unsigned int)4, (unsigned int)1, (unsigned int)4>(const channel_eq::_puschRxChEqStatDescr *, channel_eq::_puschRxChEqCoefCompDynDescr)"
19629410817,48543,401628,273,1,1,12,11,1,51,0.002,0.000,,,,,NVIDIA A100-SXM4-40GB MIG 4g.20gb (0),1,,13,"void channel_eq::eqMmseSoftDemapKernel<float, __half, __half, float, (unsigned int)4, (unsigned short)16383>(channel_eq::_puschRxChEqStatDescr *, channel_eq::_puschRxChEqSoftDemapDynDescr)"
19629617695,592761,401629,1,1,1,32,32,1,30,0.000,0.000,,,,,NVIDIA A100-SXM4-40GB MIG 4g.20gb (0),1,,13,"void convert_kernel<float2, __half2>(tensor_layout_any, T1 *, tensor_layout_any, const T2 *)"
19630426070,36127,401641,2253,1,1,128,1,1,16,0.000,0.000,,,,,NVIDIA A100-SXM4-40GB MIG 4g.20gb (0),1,,13,cupy_copy__float16_float16
19630636211,7008,401650,282,1,1,128,1,1,16,0.000,0.000,,,,,NVIDIA A100-SXM4-40GB MIG 4g.20gb (0),1,,13,cupy_copy__complex64_complex64
19630767922,13952,401659,26,1,1,128,1,1,16,0.000,0.000,,,,,NVIDIA A100-SXM4-40GB MIG 4g.20gb (0),1,,13,cupy_copy__float32_float32
19630790450,9471,401668,103,1,1,128,1,1,16,0.000,0.000,,,,,NVIDIA A100-SXM4-40GB MIG 4g.20gb (0),1,,13,cupy_copy__complex64_complex64
19630805777,15136,401678,1434,1,1,128,1,1,16,0.000,0.000,,,,,NVIDIA A100-SXM4-40GB MIG 4g.20gb (0),1,,13,cupy_copy__complex64_complex64
19630824625,132863,401683,1,1,1,32,32,1,30,0.000,0.000,,,,,NVIDIA A100-SXM4-40GB MIG 4g.20gb (0),1,,13,"void convert_kernel<__half2, float2>(tensor_layout_any, T1 *, tensor_layout_any, const T2 *)"
19630990415,5376,401686,,,,,,,,,,0.094,17428.487,Pinned,Device,NVIDIA A100-SXM4-40GB MIG 4g.20gb (0),1,,13,[CUDA memcpy Host-to-Device]
19631124238,629113,401687,,,,,,,,,,456.561,725476.128,Device,,NVIDIA A100-SXM4-40GB MIG 4g.20gb (0),1,,13,[CUDA memset]
19631756615,50815,401692,,,,,,,,,,1.235,24302.463,Pinned,Device,NVIDIA A100-SXM4-40GB MIG 4g.20gb (0),1,,13,[CUDA memcpy Host-to-Device]
19631810630,10912,401693,,,,,,,,,,0.197,18017.550,Pinned,Device,NVIDIA A100-SXM4-40GB MIG 4g.20gb (0),1,,13,[CUDA memcpy Host-to-Device]
19631934245,36383,401694,69,4,1,48,1,1,76,0.002,0.000,,,,,NVIDIA A100-SXM4-40GB MIG 4g.20gb (0),1,,13,"void ch_est::windowedChEstPreNoDftSOfdmKernel<float, __half, float, (unsigned int)2, (unsigned int)1, (unsigned short)4>(ch_est::puschRxChEstStatDescr_t *, ch_est::puschRxChEstDynDescr_t *)"
19632022276,11008,401695,137,2,1,24,2,1,44,0.001,0.001,,,,,NVIDIA A100-SXM4-40GB MIG 4g.20gb (0),1,,13,"void ch_est::chEstFilterNoDftSOfdmDispatchKernel<float, __half, float, (unsigned int)2>(ch_est::puschRxChEstStatDescr_t *, ch_est::puschRxChEstDynDescr_t *)"
19632142786,36544,401696,137,2,1,24,2,1,44,0.001,0.001,,,,,NVIDIA A100-SXM4-40GB MIG 4g.20gb (0),1,,13,"void ch_est::chEstFilterNoDftSOfdmDispatchKernel<float, __half, float, (unsigned int)2>(ch_est::puschRxChEstStatDescr_t *, ch_est::puschRxChEstDynDescr_t *)"
19632229250,3583,401707,103,1,1,128,1,1,16,0.000,0.000,,,,,NVIDIA A100-SXM4-40GB MIG 4g.20gb (0),1,,13,cupy_copy__complex64_complex64
19632348640,31008,401717,1434,1,1,128,1,1,16,0.000,0.000,,,,,NVIDIA A100-SXM4-40GB MIG 4g.20gb (0),1,,13,cupy_copy__complex64_complex64
19632444415,3936,401724,103,1,1,128,1,1,16,0.000,0.000,,,,,NVIDIA A100-SXM4-40GB MIG 4g.20gb (0),1,,13,cupy_copy__complex64_complex64
19632647901,296349,401731,1,1,1,32,32,1,30,0.000,0.000,,,,,NVIDIA A100-SXM4-40GB MIG 4g.20gb (0),1,,13,"void convert_kernel<__half2, float2>(tensor_layout_any, T1 *, tensor_layout_any, const T2 *)"
19632976697,6464,401734,,,,,,,,,,0.094,14494.959,Pinned,Device,NVIDIA A100-SXM4-40GB MIG 4g.20gb (0),1,,13,[CUDA memcpy Host-to-Device]
19633155639,45760,401735,,,,,,,,,,35.810,782554.182,Device,,NVIDIA A100-SXM4-40GB MIG 4g.20gb (0),1,,13,[CUDA memset]
19633207063,2560,401737,,,,,,,,,,0.000,31.250,Pinned,Device,NVIDIA A100-SXM4-40GB MIG 4g.20gb (0),1,,13,[CUDA memcpy Host-to-Device]
19633213047,9375,401738,,,,,,,,,,0.197,20971.389,Pinned,Device,NVIDIA A100-SXM4-40GB MIG 4g.20gb (0),1,,13,[CUDA memcpy Host-to-Device]
19633452404,13696,401739,273,1,1,48,1,1,40,0.000,0.001,,,,,NVIDIA A100-SXM4-40GB MIG 4g.20gb (0),1,,13,"void pusch_noise_intf_est::noiseIntfEstNoDftSOfdmKernel<float, __half, float, float, (unsigned int)2, (unsigned int)1, (unsigned char)4, (unsigned char)4>(pusch_noise_intf_est::puschRxNoiseIntfEstDynDescr)"
19633517107,3776,401750,35,1,1,128,1,1,16,0.000,0.000,,,,,NVIDIA A100-SXM4-40GB MIG 4g.20gb (0),1,,13,cupy_copy__complex64_complex64
19633765680,3456,401759,1,1,1,1,1,1,18,0.000,0.000,,,,,NVIDIA A100-SXM4-40GB MIG 4g.20gb (0),1,,13,cupy_copy__float32_float32
19633776784,1600,401765,,,,,,,,,,0.000,2.500,Device,Pageable,NVIDIA A100-SXM4-40GB MIG 4g.20gb (0),1,,7,[CUDA memcpy Device-to-Host]
19634013134,16703,401776,1434,1,1,128,1,1,16,0.000,0.000,,,,,NVIDIA A100-SXM4-40GB MIG 4g.20gb (0),1,,13,cupy_copy__complex64_complex64
19634275243,3744,401783,103,1,1,128,1,1,16,0.000,0.000,,,,,NVIDIA A100-SXM4-40GB MIG 4g.20gb (0),1,,13,cupy_copy__complex64_complex64
19634447977,9696,401790,35,1,1,128,1,1,16,0.000,0.000,,,,,NVIDIA A100-SXM4-40GB MIG 4g.20gb (0),1,,13,cupy_copy__complex64_complex64
19634525128,2912,401797,1,1,1,1,1,1,18,0.000,0.000,,,,,NVIDIA A100-SXM4-40GB MIG 4g.20gb (0),1,,13,cupy_copy__float32_float32
19634698054,249437,401808,1,1,1,32,32,1,30,0.000,0.000,,,,,NVIDIA A100-SXM4-40GB MIG 4g.20gb (0),1,,13,"void convert_kernel<__half2, float2>(tensor_layout_any, T1 *, tensor_layout_any, const T2 *)"
19634984579,5568,401811,,,,,,,,,,0.094,16827.521,Pinned,Device,NVIDIA A100-SXM4-40GB MIG 4g.20gb (0),1,,13,[CUDA memcpy Host-to-Device]
19635144129,7008,401812,,,,,,,,,,1.547,220693.965,Device,,NVIDIA A100-SXM4-40GB MIG 4g.20gb (0),1,,13,[CUDA memset]
19635157089,3296,401817,,,,,,,,,,0.031,9495.144,Pinned,Device,NVIDIA A100-SXM4-40GB MIG 4g.20gb (0),1,,13,[CUDA memcpy Host-to-Device]
19635162977,9824,401818,,,,,,,,,,0.197,20012.925,Pinned,Device,NVIDIA A100-SXM4-40GB MIG 4g.20gb (0),1,,13,[CUDA memcpy Host-to-Device]
19635178017,9823,401819,273,1,1,8,4,1,39,0.002,0.000,,,,,NVIDIA A100-SXM4-40GB MIG 4g.20gb (0),1,,13,"void channel_eq::eqMmseCoefCompLowMimoKernel<float, float, float, (unsigned int)4, (unsigned int)1, (unsigned int)4>(const channel_eq::_puschRxChEqStatDescr *, channel_eq::_puschRxChEqCoefCompDynDescr)"
19635354623,17247,401820,273,1,1,12,11,1,51,0.002,0.000,,,,,NVIDIA A100-SXM4-40GB MIG 4g.20gb (0),1,,13,"void channel_eq::eqMmseSoftDemapKernel<float, __half, __half, float, (unsigned int)4, (unsigned short)16383>(channel_eq::_puschRxChEqStatDescr *, channel_eq::_puschRxChEqSoftDemapDynDescr)"
19635373310,483835,401821,1,1,1,32,32,1,30,0.000,0.000,,,,,NVIDIA A100-SXM4-40GB MIG 4g.20gb (0),1,,13,"void convert_kernel<float2, __half2>(tensor_layout_any, T1 *, tensor_layout_any, const T2 *)"
19635970520,17983,401833,2253,1,1,128,1,1,16,0.000,0.000,,,,,NVIDIA A100-SXM4-40GB MIG 4g.20gb (0),1,,13,cupy_copy__float16_float16
19635990455,4000,401842,282,1,1,128,1,1,16,0.000,0.000,,,,,NVIDIA A100-SXM4-40GB MIG 4g.20gb (0),1,,13,cupy_copy__complex64_complex64
19636152310,5120,401851,26,1,1,128,1,1,16,0.000,0.000,,,,,NVIDIA A100-SXM4-40GB MIG 4g.20gb (0),1,,13,cupy_copy__float32_float32
19636160694,4352,401860,103,1,1,128,1,1,16,0.000,0.000,,,,,NVIDIA A100-SXM4-40GB MIG 4g.20gb (0),1,,13,cupy_copy__complex64_complex64
19636325268,18848,401870,1434,1,1,128,1,1,16,0.000,0.000,,,,,NVIDIA A100-SXM4-40GB MIG 4g.20gb (0),1,,13,cupy_copy__complex64_complex64
19636346579,115999,401875,1,1,1,32,32,1,30,0.000,0.000,,,,,NVIDIA A100-SXM4-40GB MIG 4g.20gb (0),1,,13,"void convert_kernel<__half2, float2>(tensor_layout_any, T1 *, tensor_layout_any, const T2 *)"
19636493362,5856,401878,,,,,,,,,,0.094,15999.997,Pinned,Device,NVIDIA A100-SXM4-40GB MIG 4g.20gb (0),1,,13,[CUDA memcpy Host-to-Device]
19636565809,608313,401879,,,,,,,,,,456.561,750130.446,Device,,NVIDIA A100-SXM4-40GB MIG 4g.20gb (0),1,,13,[CUDA memset]
19637177962,51968,401884,,,,,,,,,,1.235,23762.792,Pinned,Device,NVIDIA A100-SXM4-40GB MIG 4g.20gb (0),1,,13,[CUDA memcpy Host-to-Device]
19637232650,10143,401885,,,,,,,,,,0.197,19383.583,Pinned,Device,NVIDIA A100-SXM4-40GB MIG 4g.20gb (0),1,,13,[CUDA memcpy Host-to-Device]
19637559302,11200,401886,69,4,1,48,1,1,76,0.002,0.000,,,,,NVIDIA A100-SXM4-40GB MIG 4g.20gb (0),1,,13,"void ch_est::windowedChEstPreNoDftSOfdmKernel<float, __half, float, (unsigned int)2, (unsigned int)1, (unsigned short)4>(ch_est::puschRxChEstStatDescr_t *, ch_est::puschRxChEstDynDescr_t *)"
19637915010,29024,401887,137,2,1,24,2,1,44,0.001,0.001,,,,,NVIDIA A100-SXM4-40GB MIG 4g.20gb (0),1,,13,"void ch_est::chEstFilterNoDftSOfdmDispatchKernel<float, __half, float, (unsigned int)2>(ch_est::puschRxChEstStatDescr_t *, ch_est::puschRxChEstDynDescr_t *)"
19638227774,14976,401888,137,2,1,24,2,1,44,0.001,0.001,,,,,NVIDIA A100-SXM4-40GB MIG 4g.20gb (0),1,,13,"void ch_est::chEstFilterNoDftSOfdmDispatchKernel<float, __half, float, (unsigned int)2>(ch_est::puschRxChEstStatDescr_t *, ch_est::puschRxChEstDynDescr_t *)"
19638582426,6528,401899,103,1,1,128,1,1,16,0.000,0.000,,,,,NVIDIA A100-SXM4-40GB MIG 4g.20gb (0),1,,13,cupy_copy__complex64_complex64
19639021014,30335,401909,1434,1,1,128,1,1,16,0.000,0.000,,,,,NVIDIA A100-SXM4-40GB MIG 4g.20gb (0),1,,13,cupy_copy__complex64_complex64
19639238259,8352,401916,103,1,1,128,1,1,16,0.000,0.000,,,,,NVIDIA A100-SXM4-40GB MIG 4g.20gb (0),1,,13,cupy_copy__complex64_complex64
19639371282,232221,401923,1,1,1,32,32,1,30,0.000,0.000,,,,,NVIDIA A100-SXM4-40GB MIG 4g.20gb (0),1,,13,"void convert_kernel<__half2, float2>(tensor_layout_any, T1 *, tensor_layout_any, const T2 *)"
19639642223,8256,401926,,,,,,,,,,0.094,11348.834,Pinned,Device,NVIDIA A100-SXM4-40GB MIG 4g.20gb (0),1,,13,[CUDA memcpy Host-to-Device]
19639927019,55552,401927,,,,,,,,,,35.810,644614.370,Device,,NVIDIA A100-SXM4-40GB MIG 4g.20gb (0),1,,13,[CUDA memset]
19639990347,2208,401929,,,,,,,,,,0.000,36.232,Pinned,Device,NVIDIA A100-SXM4-40GB MIG 4g.20gb (0),1,,13,[CUDA memcpy Host-to-Device]
19639995307,12064,401930,,,,,,,,,,0.197,16297.034,Pinned,Device,NVIDIA A100-SXM4-40GB MIG 4g.20gb (0),1,,13,[CUDA memcpy Host-to-Device]
19640311911,31648,401931,273,1,1,48,1,1,40,0.000,0.001,,,,,NVIDIA A100-SXM4-40GB MIG 4g.20gb (0),1,,13,"void pusch_noise_intf_est::noiseIntfEstNoDftSOfdmKernel<float, __half, float, float, (unsigned int)2, (unsigned int)1, (unsigned char)4, (unsigned char)4>(pusch_noise_intf_est::puschRxNoiseIntfEstDynDescr)"
19640455718,8159,401942,35,1,1,128,1,1,16,0.000,0.000,,,,,NVIDIA A100-SXM4-40GB MIG 4g.20gb (0),1,,13,cupy_copy__complex64_complex64
19640659811,4512,401951,1,1,1,1,1,1,18,0.000,0.000,,,,,NVIDIA A100-SXM4-40GB MIG 4g.20gb (0),1,,13,cupy_copy__float32_float32
19640675459,1600,401957,,,,,,,,,,0.000,2.500,Device,Pageable,NVIDIA A100-SXM4-40GB MIG 4g.20gb (0),1,,7,[CUDA memcpy Device-to-Host]
19641006719,18432,401968,1434,1,1,128,1,1,16,0.000,0.000,,,,,NVIDIA A100-SXM4-40GB MIG 4g.20gb (0),1,,13,cupy_copy__complex64_complex64
19641149438,10464,401975,103,1,1,128,1,1,16,0.000,0.000,,,,,NVIDIA A100-SXM4-40GB MIG 4g.20gb (0),1,,13,cupy_copy__complex64_complex64
19641162590,6400,401982,35,1,1,128,1,1,16,0.000,0.000,,,,,NVIDIA A100-SXM4-40GB MIG 4g.20gb (0),1,,13,cupy_copy__complex64_complex64
19641171198,2496,401989,1,1,1,1,1,1,18,0.000,0.000,,,,,NVIDIA A100-SXM4-40GB MIG 4g.20gb (0),1,,13,cupy_copy__float32_float32
19641175774,228989,402000,1,1,1,32,32,1,30,0.000,0.000,,,,,NVIDIA A100-SXM4-40GB MIG 4g.20gb (0),1,,13,"void convert_kernel<__half2, float2>(tensor_layout_any, T1 *, tensor_layout_any, const T2 *)"
19641435259,5888,402003,,,,,,,,,,0.094,15912.954,Pinned,Device,NVIDIA A100-SXM4-40GB MIG 4g.20gb (0),1,,13,[CUDA memcpy Host-to-Device]
19641507642,11840,402004,,,,,,,,,,1.547,130626.316,Device,,NVIDIA A100-SXM4-40GB MIG 4g.20gb (0),1,,13,[CUDA memset]
19641520730,3616,402009,,,,,,,,,,0.031,8654.846,Pinned,Device,NVIDIA A100-SXM4-40GB MIG 4g.20gb (0),1,,13,[CUDA memcpy Host-to-Device]
19641526874,9567,402010,,,,,,,,,,0.197,20550.451,Pinned,Device,NVIDIA A100-SXM4-40GB MIG 4g.20gb (0),1,,13,[CUDA memcpy Host-to-Device]
19641542265,10048,402011,273,1,1,8,4,1,39,0.002,0.000,,,,,NVIDIA A100-SXM4-40GB MIG 4g.20gb (0),1,,13,"void channel_eq::eqMmseCoefCompLowMimoKernel<float, float, float, (unsigned int)4, (unsigned int)1, (unsigned int)4>(const channel_eq::_puschRxChEqStatDescr *, channel_eq::_puschRxChEqCoefCompDynDescr)"
19641555385,8608,402012,273,1,1,12,11,1,51,0.002,0.000,,,,,NVIDIA A100-SXM4-40GB MIG 4g.20gb (0),1,,13,"void channel_eq::eqMmseSoftDemapKernel<float, __half, __half, float, (unsigned int)4, (unsigned short)16383>(channel_eq::_puschRxChEqStatDescr *, channel_eq::_puschRxChEqSoftDemapDynDescr)"
19641686264,658776,402013,1,1,1,32,32,1,30,0.000,0.000,,,,,NVIDIA A100-SXM4-40GB MIG 4g.20gb (0),1,,13,"void convert_kernel<float2, __half2>(tensor_layout_any, T1 *, tensor_layout_any, const T2 *)"
19642434447,15808,402025,2253,1,1,128,1,1,16,0.000,0.000,,,,,NVIDIA A100-SXM4-40GB MIG 4g.20gb (0),1,,13,cupy_copy__float16_float16
19642451759,5632,402034,282,1,1,128,1,1,16,0.000,0.000,,,,,NVIDIA A100-SXM4-40GB MIG 4g.20gb (0),1,,13,cupy_copy__complex64_complex64
19642628557,5568,402043,26,1,1,128,1,1,16,0.000,0.000,,,,,NVIDIA A100-SXM4-40GB MIG 4g.20gb (0),1,,13,cupy_copy__float32_float32
19642636141,5408,402052,103,1,1,128,1,1,16,0.000,0.000,,,,,NVIDIA A100-SXM4-40GB MIG 4g.20gb (0),1,,13,cupy_copy__complex64_complex64
19642698316,13312,402068,1434,1,1,128,1,1,16,0.000,0.000,,,,,NVIDIA A100-SXM4-40GB MIG 4g.20gb (0),1,,13,cupy_copy__complex64_complex64
19642878666,273949,402073,1,1,1,32,32,1,30,0.000,0.000,,,,,NVIDIA A100-SXM4-40GB MIG 4g.20gb (0),1,,13,"void convert_kernel<__half2, float2>(tensor_layout_any, T1 *, tensor_layout_any, const T2 *)"
19643182055,5824,402076,,,,,,,,,,0.094,16087.884,Pinned,Device,NVIDIA A100-SXM4-40GB MIG 4g.20gb (0),1,,13,[CUDA memcpy Host-to-Device]
19643303686,612089,402077,,,,,,,,,,456.561,745564.832,Device,,NVIDIA A100-SXM4-40GB MIG 4g.20gb (0),1,,13,[CUDA memset]
19643922527,51903,402082,,,,,,,,,,1.235,23792.431,Pinned,Device,NVIDIA A100-SXM4-40GB MIG 4g.20gb (0),1,,13,[CUDA memcpy Host-to-Device]
19643977182,10496,402083,,,,,,,,,,0.197,18731.631,Pinned,Device,NVIDIA A100-SXM4-40GB MIG 4g.20gb (0),1,,13,[CUDA memcpy Host-to-Device]
19644084765,16640,402084,69,4,1,48,1,1,76,0.002,0.000,,,,,NVIDIA A100-SXM4-40GB MIG 4g.20gb (0),1,,13,"void ch_est::windowedChEstPreNoDftSOfdmKernel<float, __half, float, (unsigned int)2, (unsigned int)1, (unsigned short)4>(ch_est::puschRxChEstStatDescr_t *, ch_est::puschRxChEstDynDescr_t *)"
19644103293,7296,402085,137,2,1,24,2,1,44,0.001,0.001,,,,,NVIDIA A100-SXM4-40GB MIG 4g.20gb (0),1,,13,"void ch_est::chEstFilterNoDftSOfdmDispatchKernel<float, __half, float, (unsigned int)2>(ch_est::puschRxChEstStatDescr_t *, ch_est::puschRxChEstDynDescr_t *)"
19644395994,43359,402086,137,2,1,24,2,1,44,0.001,0.001,,,,,NVIDIA A100-SXM4-40GB MIG 4g.20gb (0),1,,13,"void ch_est::chEstFilterNoDftSOfdmDispatchKernel<float, __half, float, (unsigned int)2>(ch_est::puschRxChEstStatDescr_t *, ch_est::puschRxChEstDynDescr_t *)"
19644602103,9952,402097,103,1,1,128,1,1,16,0.000,0.000,,,,,NVIDIA A100-SXM4-40GB MIG 4g.20gb (0),1,,13,cupy_copy__complex64_complex64
19644718390,48511,402107,1434,1,1,128,1,1,16,0.000,0.000,,,,,NVIDIA A100-SXM4-40GB MIG 4g.20gb (0),1,,13,cupy_copy__complex64_complex64
19644932948,9503,402114,103,1,1,128,1,1,16,0.000,0.000,,,,,NVIDIA A100-SXM4-40GB MIG 4g.20gb (0),1,,13,cupy_copy__complex64_complex64
19645161105,238141,402121,1,1,1,32,32,1,30,0.000,0.000,,,,,NVIDIA A100-SXM4-40GB MIG 4g.20gb (0),1,,13,"void convert_kernel<__half2, float2>(tensor_layout_any, T1 *, tensor_layout_any, const T2 *)"
19645428814,6592,402124,,,,,,,,,,0.094,14213.590,Pinned,Device,NVIDIA A100-SXM4-40GB MIG 4g.20gb (0),1,,13,[CUDA memcpy Host-to-Device]
19645458510,74303,402125,,,,,,,,,,35.810,481929.903,Device,,NVIDIA A100-SXM4-40GB MIG 4g.20gb (0),1,,13,[CUDA memset]
19645534413,5856,402127,,,,,,,,,,0.000,13.661,Pinned,Device,NVIDIA A100-SXM4-40GB MIG 4g.20gb (0),1,,13,[CUDA memcpy Host-to-Device]
19645542701,9792,402128,,,,,,,,,,0.197,20078.395,Pinned,Device,NVIDIA A100-SXM4-40GB MIG 4g.20gb (0),1,,13,[CUDA memcpy Host-to-Device]
19645725355,45407,402129,273,1,1,48,1,1,40,0.000,0.001,,,,,NVIDIA A100-SXM4-40GB MIG 4g.20gb (0),1,,13,"void pusch_noise_intf_est::noiseIntfEstNoDftSOfdmKernel<float, __half, float, float, (unsigned int)2, (unsigned int)1, (unsigned char)4, (unsigned char)4>(pusch_noise_intf_est::puschRxNoiseIntfEstDynDescr)"
19645773898,3520,402140,35,1,1,128,1,1,16,0.000,0.000,,,,,NVIDIA A100-SXM4-40GB MIG 4g.20gb (0),1,,13,cupy_copy__complex64_complex64
19645886793,20448,402149,1,1,1,1,1,1,18,0.000,0.000,,,,,NVIDIA A100-SXM4-40GB MIG 4g.20gb (0),1,,13,cupy_copy__float32_float32
19645917097,1663,402155,,,,,,,,,,0.000,2.405,Device,Pageable,NVIDIA A100-SXM4-40GB MIG 4g.20gb (0),1,,7,[CUDA memcpy Device-to-Host]
19646051719,49183,402166,1434,1,1,128,1,1,16,0.000,0.000,,,,,NVIDIA A100-SXM4-40GB MIG 4g.20gb (0),1,,13,cupy_copy__complex64_complex64
19646104358,3328,402173,103,1,1,128,1,1,16,0.000,0.000,,,,,NVIDIA A100-SXM4-40GB MIG 4g.20gb (0),1,,13,cupy_copy__complex64_complex64
19646217541,24064,402180,35,1,1,128,1,1,16,0.000,0.000,,,,,NVIDIA A100-SXM4-40GB MIG 4g.20gb (0),1,,13,cupy_copy__complex64_complex64
19646243429,3040,402187,1,1,1,1,1,1,18,0.000,0.000,,,,,NVIDIA A100-SXM4-40GB MIG 4g.20gb (0),1,,13,cupy_copy__float32_float32
19646248965,330236,402198,1,1,1,32,32,1,30,0.000,0.000,,,,,NVIDIA A100-SXM4-40GB MIG 4g.20gb (0),1,,13,"void convert_kernel<__half2, float2>(tensor_layout_any, T1 *, tensor_layout_any, const T2 *)"
19646609665,5728,402201,,,,,,,,,,0.094,16357.541,Pinned,Device,NVIDIA A100-SXM4-40GB MIG 4g.20gb (0),1,,13,[CUDA memcpy Host-to-Device]
19646853566,6976,402202,,,,,,,,,,1.547,221705.457,Device,,NVIDIA A100-SXM4-40GB MIG 4g.20gb (0),1,,13,[CUDA memset]
19646865918,3392,402207,,,,,,,,,,0.031,9226.405,Pinned,Device,NVIDIA A100-SXM4-40GB MIG 4g.20gb (0),1,,13,[CUDA memcpy Host-to-Device]
19646873246,10720,402208,,,,,,,,,,0.197,18340.184,Pinned,Device,NVIDIA A100-SXM4-40GB MIG 4g.20gb (0),1,,13,[CUDA memcpy Host-to-Device]
19647194682,22752,402209,273,1,1,8,4,1,39,0.002,0.000,,,,,NVIDIA A100-SXM4-40GB MIG 4g.20gb (0),1,,13,"void channel_eq::eqMmseCoefCompLowMimoKernel<float, float, float, (unsigned int)4, (unsigned int)1, (unsigned int)4>(const channel_eq::_puschRxChEqStatDescr *, channel_eq::_puschRxChEqCoefCompDynDescr)"
19647419256,18016,402210,273,1,1,12,11,1,51,0.002,0.000,,,,,NVIDIA A100-SXM4-40GB MIG 4g.20gb (0),1,,13,"void channel_eq::eqMmseSoftDemapKernel<float, __half, __half, float, (unsigned int)4, (unsigned short)16383>(channel_eq::_puschRxChEqStatDescr *, channel_eq::_puschRxChEqSoftDemapDynDescr)"
19647546134,576250,402211,1,1,1,32,32,1,30,0.000,0.000,,,,,NVIDIA A100-SXM4-40GB MIG 4g.20gb (0),1,,13,"void convert_kernel<float2, __half2>(tensor_layout_any, T1 *, tensor_layout_any, const T2 *)"
19648244718,42912,402223,2253,1,1,128,1,1,16,0.000,0.000,,,,,NVIDIA A100-SXM4-40GB MIG 4g.20gb (0),1,,13,cupy_copy__float16_float16
19648471212,9984,402232,282,1,1,128,1,1,16,0.000,0.000,,,,,NVIDIA A100-SXM4-40GB MIG 4g.20gb (0),1,,13,cupy_copy__complex64_complex64
19648602282,16544,402241,26,1,1,128,1,1,16,0.000,0.000,,,,,NVIDIA A100-SXM4-40GB MIG 4g.20gb (0),1,,13,cupy_copy__float32_float32
19649017062,10080,402250,103,1,1,128,1,1,16,0.000,0.000,,,,,NVIDIA A100-SXM4-40GB MIG 4g.20gb (0),1,,13,cupy_copy__complex64_complex64
19649378210,20448,402260,1434,1,1,128,1,1,16,0.000,0.000,,,,,NVIDIA A100-SXM4-40GB MIG 4g.20gb (0),1,,13,cupy_copy__complex64_complex64
19649512736,225534,402265,1,1,1,32,32,1,30,0.000,0.000,,,,,NVIDIA A100-SXM4-40GB MIG 4g.20gb (0),1,,13,"void convert_kernel<__half2, float2>(tensor_layout_any, T1 *, tensor_layout_any, const T2 *)"
19649768605,5728,402268,,,,,,,,,,0.094,16357.541,Pinned,Device,NVIDIA A100-SXM4-40GB MIG 4g.20gb (0),1,,13,[CUDA memcpy Host-to-Device]
19650060922,628697,402269,,,,,,,,,,456.561,725932.690,Device,,NVIDIA A100-SXM4-40GB MIG 4g.20gb (0),1,,13,[CUDA memset]
19650694643,49312,402274,,,,,,,,,,1.235,25043.429,Pinned,Device,NVIDIA A100-SXM4-40GB MIG 4g.20gb (0),1,,13,[CUDA memcpy Host-to-Device]
19650747091,9567,402275,,,,,,,,,,0.197,20550.451,Pinned,Device,NVIDIA A100-SXM4-40GB MIG 4g.20gb (0),1,,13,[CUDA memcpy Host-to-Device]
19651005552,35647,402276,69,4,1,48,1,1,76,0.002,0.000,,,,,NVIDIA A100-SXM4-40GB MIG 4g.20gb (0),1,,13,"void ch_est::windowedChEstPreNoDftSOfdmKernel<float, __half, float, (unsigned int)2, (unsigned int)1, (unsigned short)4>(ch_est::puschRxChEstStatDescr_t *, ch_est::puschRxChEstDynDescr_t *)"
19651042447,7456,402277,137,2,1,24,2,1,44,0.001,0.001,,,,,NVIDIA A100-SXM4-40GB MIG 4g.20gb (0),1,,13,"void ch_est::chEstFilterNoDftSOfdmDispatchKernel<float, __half, float, (unsigned int)2>(ch_est::puschRxChEstStatDescr_t *, ch_est::puschRxChEstDynDescr_t *)"
19651052975,5824,402278,137,2,1,24,2,1,44,0.001,0.001,,,,,NVIDIA A100-SXM4-40GB MIG 4g.20gb (0),1,,13,"void ch_est::chEstFilterNoDftSOfdmDispatchKernel<float, __half, float, (unsigned int)2>(ch_est::puschRxChEstStatDescr_t *, ch_est::puschRxChEstDynDescr_t *)"
19651167758,17504,402289,103,1,1,128,1,1,16,0.000,0.000,,,,,NVIDIA A100-SXM4-40GB MIG 4g.20gb (0),1,,13,cupy_copy__complex64_complex64
19651187182,24287,402299,1434,1,1,128,1,1,16,0.000,0.000,,,,,NVIDIA A100-SXM4-40GB MIG 4g.20gb (0),1,,13,cupy_copy__complex64_complex64
19651213357,2656,402306,103,1,1,128,1,1,16,0.000,0.000,,,,,NVIDIA A100-SXM4-40GB MIG 4g.20gb (0),1,,13,cupy_copy__complex64_complex64
19651221869,80799,402313,1,1,1,32,32,1,30,0.000,0.000,,,,,NVIDIA A100-SXM4-40GB MIG 4g.20gb (0),1,,13,"void convert_kernel<__half2, float2>(tensor_layout_any, T1 *, tensor_layout_any, const T2 *)"
19651331724,5408,402316,,,,,,,,,,0.094,17325.421,Pinned,Device,NVIDIA A100-SXM4-40GB MIG 4g.20gb (0),1,,13,[CUDA memcpy Host-to-Device]
19651343308,46527,402317,,,,,,,,,,35.810,769626.801,Device,,NVIDIA A100-SXM4-40GB MIG 4g.20gb (0),1,,13,[CUDA memset]
19651396203,1792,402319,,,,,,,,,,0.000,44.643,Pinned,Device,NVIDIA A100-SXM4-40GB MIG 4g.20gb (0),1,,13,[CUDA memcpy Host-to-Device]
19651400427,9408,402320,,,,,,,,,,0.197,20897.858,Pinned,Device,NVIDIA A100-SXM4-40GB MIG 4g.20gb (0),1,,13,[CUDA memcpy Host-to-Device]
19651414187,8832,402321,273,1,1,48,1,1,40,0.000,0.001,,,,,NVIDIA A100-SXM4-40GB MIG 4g.20gb (0),1,,13,"void pusch_noise_intf_est::noiseIntfEstNoDftSOfdmKernel<float, __half, float, float, (unsigned int)2, (unsigned int)1, (unsigned char)4, (unsigned char)4>(pusch_noise_intf_est::puschRxNoiseIntfEstDynDescr)"
19651424427,2848,402332,35,1,1,128,1,1,16,0.000,0.000,,,,,NVIDIA A100-SXM4-40GB MIG 4g.20gb (0),1,,13,cupy_copy__complex64_complex64
19651449515,1888,402341,1,1,1,1,1,1,18,0.000,0.000,,,,,NVIDIA A100-SXM4-40GB MIG 4g.20gb (0),1,,13,cupy_copy__float32_float32
19651484074,1600,402347,,,,,,,,,,0.000,2.500,Device,Pageable,NVIDIA A100-SXM4-40GB MIG 4g.20gb (0),1,,7,[CUDA memcpy Device-to-Host]
19651545098,13791,402358,1434,1,1,128,1,1,16,0.000,0.000,,,,,NVIDIA A100-SXM4-40GB MIG 4g.20gb (0),1,,13,cupy_copy__complex64_complex64
19651571561,2816,402365,103,1,1,128,1,1,16,0.000,0.000,,,,,NVIDIA A100-SXM4-40GB MIG 4g.20gb (0),1,,13,cupy_copy__complex64_complex64
19651591977,2208,402372,35,1,1,128,1,1,16,0.000,0.000,,,,,NVIDIA A100-SXM4-40GB MIG 4g.20gb (0),1,,13,cupy_copy__complex64_complex64
19651610441,1888,402379,1,1,1,1,1,1,18,0.000,0.000,,,,,NVIDIA A100-SXM4-40GB MIG 4g.20gb (0),1,,13,cupy_copy__float32_float32
19651747495,181918,402390,1,1,1,32,32,1,30,0.000,0.000,,,,,NVIDIA A100-SXM4-40GB MIG 4g.20gb (0),1,,13,"void convert_kernel<__half2, float2>(tensor_layout_any, T1 *, tensor_layout_any, const T2 *)"
19651959941,5472,402393,,,,,,,,,,0.094,17122.757,Pinned,Device,NVIDIA A100-SXM4-40GB MIG 4g.20gb (0),1,,13,[CUDA memcpy Host-to-Device]
19651973509,3584,402394,,,,,,,,,,1.547,431534.389,Device,,NVIDIA A100-SXM4-40GB MIG 4g.20gb (0),1,,13,[CUDA memset]
19651980709,3040,402399,,,,,,,,,,0.031,10294.725,Pinned,Device,NVIDIA A100-SXM4-40GB MIG 4g.20gb (0),1,,13,[CUDA memcpy Host-to-Device]
19651991749,9631,402400,,,,,,,,,,0.197,20414.005,Pinned,Device,NVIDIA A100-SXM4-40GB MIG 4g.20gb (0),1,,13,[CUDA memcpy Host-to-Device]
19652006020,7104,402401,273,1,1,8,4,1,39,0.002,0.000,,,,,NVIDIA A100-SXM4-40GB MIG 4g.20gb (0),1,,13,"void channel_eq::eqMmseCoefCompLowMimoKernel<float, float, float, (unsigned int)4, (unsigned int)1, (unsigned int)4>(const channel_eq::_puschRxChEqStatDescr *, channel_eq::_puschRxChEqCoefCompDynDescr)"
19652014692,5728,402402,273,1,1,12,11,1,51,0.002,0.000,,,,,NVIDIA A100-SXM4-40GB MIG 4g.20gb (0),1,,13,"void channel_eq::eqMmseSoftDemapKernel<float, __half, __half, float, (unsigned int)4, (unsigned short)16383>(channel_eq::_puschRxChEqStatDescr *, channel_eq::_puschRxChEqSoftDemapDynDescr)"
19652021956,317885,402403,1,1,1,32,32,1,30,0.000,0.000,,,,,NVIDIA A100-SXM4-40GB MIG 4g.20gb (0),1,,13,"void convert_kernel<float2, __half2>(tensor_layout_any, T1 *, tensor_layout_any, const T2 *)"
19652420192,16576,402415,2253,1,1,128,1,1,16,0.000,0.000,,,,,NVIDIA A100-SXM4-40GB MIG 4g.20gb (0),1,,13,cupy_copy__float16_float16
19652599870,7584,402424,282,1,1,128,1,1,16,0.000,0.000,,,,,NVIDIA A100-SXM4-40GB MIG 4g.20gb (0),1,,13,cupy_copy__complex64_complex64
19652677277,5696,402433,26,1,1,128,1,1,16,0.000,0.000,,,,,NVIDIA A100-SXM4-40GB MIG 4g.20gb (0),1,,13,cupy_copy__float32_float32
19652846651,10080,402442,103,1,1,128,1,1,16,0.000,0.000,,,,,NVIDIA A100-SXM4-40GB MIG 4g.20gb (0),1,,13,cupy_copy__complex64_complex64
19652917146,19232,402452,1434,1,1,128,1,1,16,0.000,0.000,,,,,NVIDIA A100-SXM4-40GB MIG 4g.20gb (0),1,,13,cupy_copy__complex64_complex64
19653093208,251517,402457,1,1,1,32,32,1,30,0.000,0.000,,,,,NVIDIA A100-SXM4-40GB MIG 4g.20gb (0),1,,13,"void convert_kernel<__half2, float2>(tensor_layout_any, T1 *, tensor_layout_any, const T2 *)"
19653374325,6624,402460,,,,,,,,,,0.094,14144.910,Pinned,Device,NVIDIA A100-SXM4-40GB MIG 4g.20gb (0),1,,13,[CUDA memcpy Host-to-Device]
19653580947,603609,402461,,,,,,,,,,456.561,756065.745,Device,,NVIDIA A100-SXM4-40GB MIG 4g.20gb (0),1,,13,[CUDA memset]
19654192684,52959,402466,,,,,,,,,,1.235,23318.213,Pinned,Device,NVIDIA A100-SXM4-40GB MIG 4g.20gb (0),1,,13,[CUDA memcpy Host-to-Device]
19654248363,10048,402467,,,,,,,,,,0.197,19566.821,Pinned,Device,NVIDIA A100-SXM4-40GB MIG 4g.20gb (0),1,,13,[CUDA memcpy Host-to-Device]
19654425513,12096,402468,69,4,1,48,1,1,76,0.002,0.000,,,,,NVIDIA A100-SXM4-40GB MIG 4g.20gb (0),1,,13,"void ch_est::windowedChEstPreNoDftSOfdmKernel<float, __half, float, (unsigned int)2, (unsigned int)1, (unsigned short)4>(ch_est::puschRxChEstStatDescr_t *, ch_est::puschRxChEstDynDescr_t *)"
19654678695,11167,402469,137,2,1,24,2,1,44,0.001,0.001,,,,,NVIDIA A100-SXM4-40GB MIG 4g.20gb (0),1,,13,"void ch_est::chEstFilterNoDftSOfdmDispatchKernel<float, __half, float, (unsigned int)2>(ch_est::puschRxChEstStatDescr_t *, ch_est::puschRxChEstDynDescr_t *)"
19654757830,12512,402470,137,2,1,24,2,1,44,0.001,0.001,,,,,NVIDIA A100-SXM4-40GB MIG 4g.20gb (0),1,,13,"void ch_est::chEstFilterNoDftSOfdmDispatchKernel<float, __half, float, (unsigned int)2>(ch_est::puschRxChEstStatDescr_t *, ch_est::puschRxChEstDynDescr_t *)"
19655000003,6176,402481,103,1,1,128,1,1,16,0.000,0.000,,,,,NVIDIA A100-SXM4-40GB MIG 4g.20gb (0),1,,13,cupy_copy__complex64_complex64
19655168801,17696,402491,1434,1,1,128,1,1,16,0.000,0.000,,,,,NVIDIA A100-SXM4-40GB MIG 4g.20gb (0),1,,13,cupy_copy__complex64_complex64
19655250784,6752,402498,103,1,1,128,1,1,16,0.000,0.000,,,,,NVIDIA A100-SXM4-40GB MIG 4g.20gb (0),1,,13,cupy_copy__complex64_complex64
19655258816,277373,402505,1,1,1,32,32,1,30,0.000,0.000,,,,,NVIDIA A100-SXM4-40GB MIG 4g.20gb (0),1,,13,"void convert_kernel<__half2, float2>(tensor_layout_any, T1 *, tensor_layout_any, const T2 *)"
19655569437,5536,402508,,,,,,,,,,0.094,16924.777,Pinned,Device,NVIDIA A100-SXM4-40GB MIG 4g.20gb (0),1,,13,[CUDA memcpy Host-to-Device]
19655579004,48448,402509,,,,,,,,,,35.810,739116.749,Device,,NVIDIA A100-SXM4-40GB MIG 4g.20gb (0),1,,13,[CUDA memset]
19655634268,2112,402511,,,,,,,,,,0.000,37.879,Pinned,Device,NVIDIA A100-SXM4-40GB MIG 4g.20gb (0),1,,13,[CUDA memcpy Host-to-Device]
19655638972,9376,402512,,,,,,,,,,0.197,20969.226,Pinned,Device,NVIDIA A100-SXM4-40GB MIG 4g.20gb (0),1,,13,[CUDA memcpy Host-to-Device]
19655652540,8480,402513,273,1,1,48,1,1,40,0.000,0.001,,,,,NVIDIA A100-SXM4-40GB MIG 4g.20gb (0),1,,13,"void pusch_noise_intf_est::noiseIntfEstNoDftSOfdmKernel<float, __half, float, float, (unsigned int)2, (unsigned int)1, (unsigned char)4, (unsigned char)4>(pusch_noise_intf_est::puschRxNoiseIntfEstDynDescr)"
19655662908,2976,402524,35,1,1,128,1,1,16,0.000,0.000,,,,,NVIDIA A100-SXM4-40GB MIG 4g.20gb (0),1,,13,cupy_copy__complex64_complex64
19655682523,1856,402533,1,1,1,1,1,1,18,0.000,0.000,,,,,NVIDIA A100-SXM4-40GB MIG 4g.20gb (0),1,,13,cupy_copy__float32_float32
19655716795,1600,402539,,,,,,,,,,0.000,2.500,Device,Pageable,NVIDIA A100-SXM4-40GB MIG 4g.20gb (0),1,,7,[CUDA memcpy Device-to-Host]
19655776986,13472,402550,1434,1,1,128,1,1,16,0.000,0.000,,,,,NVIDIA A100-SXM4-40GB MIG 4g.20gb (0),1,,13,cupy_copy__complex64_complex64
19655803258,2912,402557,103,1,1,128,1,1,16,0.000,0.000,,,,,NVIDIA A100-SXM4-40GB MIG 4g.20gb (0),1,,13,cupy_copy__complex64_complex64
19655824186,2208,402564,35,1,1,128,1,1,16,0.000,0.000,,,,,NVIDIA A100-SXM4-40GB MIG 4g.20gb (0),1,,13,cupy_copy__complex64_complex64
19655851001,1824,402571,1,1,1,1,1,1,18,0.000,0.000,,,,,NVIDIA A100-SXM4-40GB MIG 4g.20gb (0),1,,13,cupy_copy__float32_float32
19655989112,185502,402582,1,1,1,32,32,1,30,0.000,0.000,,,,,NVIDIA A100-SXM4-40GB MIG 4g.20gb (0),1,,13,"void convert_kernel<__half2, float2>(tensor_layout_any, T1 *, tensor_layout_any, const T2 *)"
19656204246,5599,402585,,,,,,,,,,0.094,16734.387,Pinned,Device,NVIDIA A100-SXM4-40GB MIG 4g.20gb (0),1,,13,[CUDA memcpy Host-to-Device]
19656217365,3552,402586,,,,,,,,,,1.547,435422.601,Device,,NVIDIA A100-SXM4-40GB MIG 4g.20gb (0),1,,13,[CUDA memset]
19656235445,3040,402591,,,,,,,,,,0.031,10294.725,Pinned,Device,NVIDIA A100-SXM4-40GB MIG 4g.20gb (0),1,,13,[CUDA memcpy Host-to-Device]
19656240917,9504,402592,,,,,,,,,,0.197,20686.701,Pinned,Device,NVIDIA A100-SXM4-40GB MIG 4g.20gb (0),1,,13,[CUDA memcpy Host-to-Device]
19656254261,7008,402593,273,1,1,8,4,1,39,0.002,0.000,,,,,NVIDIA A100-SXM4-40GB MIG 4g.20gb (0),1,,13,"void channel_eq::eqMmseCoefCompLowMimoKernel<float, float, float, (unsigned int)4, (unsigned int)1, (unsigned int)4>(const channel_eq::_puschRxChEqStatDescr *, channel_eq::_puschRxChEqCoefCompDynDescr)"
19656263221,6432,402594,273,1,1,12,11,1,51,0.002,0.000,,,,,NVIDIA A100-SXM4-40GB MIG 4g.20gb (0),1,,13,"void channel_eq::eqMmseSoftDemapKernel<float, __half, __half, float, (unsigned int)4, (unsigned short)16383>(channel_eq::_puschRxChEqStatDescr *, channel_eq::_puschRxChEqSoftDemapDynDescr)"
19656271893,424699,402595,1,1,1,32,32,1,30,0.000,0.000,,,,,NVIDIA A100-SXM4-40GB MIG 4g.20gb (0),1,,13,"void convert_kernel<float2, __half2>(tensor_layout_any, T1 *, tensor_layout_any, const T2 *)"
19656698736,12160,402607,2253,1,1,128,1,1,16,0.000,0.000,,,,,NVIDIA A100-SXM4-40GB MIG 4g.20gb (0),1,,13,cupy_copy__float16_float16
19656712784,3744,402616,282,1,1,128,1,1,16,0.000,0.000,,,,,NVIDIA A100-SXM4-40GB MIG 4g.20gb (0),1,,13,cupy_copy__complex64_complex64
19656718544,2272,402625,26,1,1,128,1,1,16,0.000,0.000,,,,,NVIDIA A100-SXM4-40GB MIG 4g.20gb (0),1,,13,cupy_copy__float32_float32
19656722576,3168,402634,103,1,1,128,1,1,16,0.000,0.000,,,,,NVIDIA A100-SXM4-40GB MIG 4g.20gb (0),1,,13,cupy_copy__complex64_complex64
19656727728,12704,402644,1434,1,1,128,1,1,16,0.000,0.000,,,,,NVIDIA A100-SXM4-40GB MIG 4g.20gb (0),1,,13,cupy_copy__complex64_complex64
19656848494,226910,402649,1,1,1,32,32,1,30,0.000,0.000,,,,,NVIDIA A100-SXM4-40GB MIG 4g.20gb (0),1,,13,"void convert_kernel<__half2, float2>(tensor_layout_any, T1 *, tensor_layout_any, const T2 *)"
19657106251,5664,402652,,,,,,,,,,0.094,16542.310,Pinned,Device,NVIDIA A100-SXM4-40GB MIG 4g.20gb (0),1,,13,[CUDA memcpy Host-to-Device]
19657174155,635993,402653,,,,,,,,,,456.561,717714.584,Device,,NVIDIA A100-SXM4-40GB MIG 4g.20gb (0),1,,13,[CUDA memset]
19657813732,56735,402658,,,,,,,,,,1.235,21765.888,Pinned,Device,NVIDIA A100-SXM4-40GB MIG 4g.20gb (0),1,,13,[CUDA memcpy Host-to-Device]
19657873539,9696,402659,,,,,,,,,,0.197,20277.166,Pinned,Device,NVIDIA A100-SXM4-40GB MIG 4g.20gb (0),1,,13,[CUDA memcpy Host-to-Device]
19658115744,11680,402660,69,4,1,48,1,1,76,0.002,0.000,,,,,NVIDIA A100-SXM4-40GB MIG 4g.20gb (0),1,,13,"void ch_est::windowedChEstPreNoDftSOfdmKernel<float, __half, float, (unsigned int)2, (unsigned int)1, (unsigned short)4>(ch_est::puschRxChEstStatDescr_t *, ch_est::puschRxChEstDynDescr_t *)"
19658369373,13408,402661,137,2,1,24,2,1,44,0.001,0.001,,,,,NVIDIA A100-SXM4-40GB MIG 4g.20gb (0),1,,13,"void ch_est::chEstFilterNoDftSOfdmDispatchKernel<float, __half, float, (unsigned int)2>(ch_est::puschRxChEstStatDescr_t *, ch_est::puschRxChEstDynDescr_t *)"
19658485532,24320,402662,137,2,1,24,2,1,44,0.001,0.001,,,,,NVIDIA A100-SXM4-40GB MIG 4g.20gb (0),1,,13,"void ch_est::chEstFilterNoDftSOfdmDispatchKernel<float, __half, float, (unsigned int)2>(ch_est::puschRxChEstStatDescr_t *, ch_est::puschRxChEstDynDescr_t *)"
19658630682,5536,402673,103,1,1,128,1,1,16,0.000,0.000,,,,,NVIDIA A100-SXM4-40GB MIG 4g.20gb (0),1,,13,cupy_copy__complex64_complex64
19658887192,17151,402683,1434,1,1,128,1,1,16,0.000,0.000,,,,,NVIDIA A100-SXM4-40GB MIG 4g.20gb (0),1,,13,cupy_copy__complex64_complex64
19659426609,5536,402690,103,1,1,128,1,1,16,0.000,0.000,,,,,NVIDIA A100-SXM4-40GB MIG 4g.20gb (0),1,,13,cupy_copy__complex64_complex64
19659925836,241373,402697,1,1,1,32,32,1,30,0.000,0.000,,,,,NVIDIA A100-SXM4-40GB MIG 4g.20gb (0),1,,13,"void convert_kernel<__half2, float2>(tensor_layout_any, T1 *, tensor_layout_any, const T2 *)"
19660197737,5792,402700,,,,,,,,,,0.094,16176.708,Pinned,Device,NVIDIA A100-SXM4-40GB MIG 4g.20gb (0),1,,13,[CUDA memcpy Host-to-Device]
19660387303,58303,402701,,,,,,,,,,35.810,614175.938,Device,,NVIDIA A100-SXM4-40GB MIG 4g.20gb (0),1,,13,[CUDA memset]
19660449030,3904,402703,,,,,,,,,,0.000,20.492,Pinned,Device,NVIDIA A100-SXM4-40GB MIG 4g.20gb (0),1,,13,[CUDA memcpy Host-to-Device]
19660455654,10176,402704,,,,,,,,,,0.197,19320.668,Pinned,Device,NVIDIA A100-SXM4-40GB MIG 4g.20gb (0),1,,13,[CUDA memcpy Host-to-Device]
19660728419,25408,402705,273,1,1,48,1,1,40,0.000,0.001,,,,,NVIDIA A100-SXM4-40GB MIG 4g.20gb (0),1,,13,"void pusch_noise_intf_est::noiseIntfEstNoDftSOfdmKernel<float, __half, float, float, (unsigned int)2, (unsigned int)1, (unsigned char)4, (unsigned char)4>(pusch_noise_intf_est::puschRxNoiseIntfEstDynDescr)"
19660853730,5663,402716,35,1,1,128,1,1,16,0.000,0.000,,,,,NVIDIA A100-SXM4-40GB MIG 4g.20gb (0),1,,13,cupy_copy__complex64_complex64
19661024160,4416,402725,1,1,1,1,1,1,18,0.000,0.000,,,,,NVIDIA A100-SXM4-40GB MIG 4g.20gb (0),1,,13,cupy_copy__float32_float32
19661033376,1568,402731,,,,,,,,,,0.000,2.551,Device,Pageable,NVIDIA A100-SXM4-40GB MIG 4g.20gb (0),1,,7,[CUDA memcpy Device-to-Host]
19661314428,23648,402742,1434,1,1,128,1,1,16,0.000,0.000,,,,,NVIDIA A100-SXM4-40GB MIG 4g.20gb (0),1,,13,cupy_copy__complex64_complex64
19661341244,3648,402749,103,1,1,128,1,1,16,0.000,0.000,,,,,NVIDIA A100-SXM4-40GB MIG 4g.20gb (0),1,,13,cupy_copy__complex64_complex64
19661507610,10592,402756,35,1,1,128,1,1,16,0.000,0.000,,,,,NVIDIA A100-SXM4-40GB MIG 4g.20gb (0),1,,13,cupy_copy__complex64_complex64
19661520602,4160,402763,1,1,1,1,1,1,18,0.000,0.000,,,,,NVIDIA A100-SXM4-40GB MIG 4g.20gb (0),1,,13,cupy_copy__float32_float32
19661526522,220766,402774,1,1,1,32,32,1,30,0.000,0.000,,,,,NVIDIA A100-SXM4-40GB MIG 4g.20gb (0),1,,13,"void convert_kernel<__half2, float2>(tensor_layout_any, T1 *, tensor_layout_any, const T2 *)"
19661776535,5536,402777,,,,,,,,,,0.094,16924.777,Pinned,Device,NVIDIA A100-SXM4-40GB MIG 4g.20gb (0),1,,13,[CUDA memcpy Host-to-Device]
19661800471,3552,402778,,,,,,,,,,1.547,435422.601,Device,,NVIDIA A100-SXM4-40GB MIG 4g.20gb (0),1,,13,[CUDA memset]
19661807223,3040,402783,,,,,,,,,,0.031,10294.725,Pinned,Device,NVIDIA A100-SXM4-40GB MIG 4g.20gb (0),1,,13,[CUDA memcpy Host-to-Device]
19661812343,9280,402784,,,,,,,,,,0.197,21186.085,Pinned,Device,NVIDIA A100-SXM4-40GB MIG 4g.20gb (0),1,,13,[CUDA memcpy Host-to-Device]
19661825655,6944,402785,273,1,1,8,4,1,39,0.002,0.000,,,,,NVIDIA A100-SXM4-40GB MIG 4g.20gb (0),1,,13,"void channel_eq::eqMmseCoefCompLowMimoKernel<float, float, float, (unsigned int)4, (unsigned int)1, (unsigned int)4>(const channel_eq::_puschRxChEqStatDescr *, channel_eq::_puschRxChEqCoefCompDynDescr)"
19661834871,6815,402786,273,1,1,12,11,1,51,0.002,0.000,,,,,NVIDIA A100-SXM4-40GB MIG 4g.20gb (0),1,,13,"void channel_eq::eqMmseSoftDemapKernel<float, __half, __half, float, (unsigned int)4, (unsigned short)16383>(channel_eq::_puschRxChEqStatDescr *, channel_eq::_puschRxChEqSoftDemapDynDescr)"
19661843350,281757,402787,1,1,1,32,32,1,30,0.000,0.000,,,,,NVIDIA A100-SXM4-40GB MIG 4g.20gb (0),1,,13,"void convert_kernel<float2, __half2>(tensor_layout_any, T1 *, tensor_layout_any, const T2 *)"
19662127059,10944,402799,2253,1,1,128,1,1,16,0.000,0.000,,,,,NVIDIA A100-SXM4-40GB MIG 4g.20gb (0),1,,13,cupy_copy__float16_float16
19662139603,2880,402808,282,1,1,128,1,1,16,0.000,0.000,,,,,NVIDIA A100-SXM4-40GB MIG 4g.20gb (0),1,,13,cupy_copy__complex64_complex64
19662144723,2048,402817,26,1,1,128,1,1,16,0.000,0.000,,,,,NVIDIA A100-SXM4-40GB MIG 4g.20gb (0),1,,13,cupy_copy__float32_float32
19662149619,2944,402826,103,1,1,128,1,1,16,0.000,0.000,,,,,NVIDIA A100-SXM4-40GB MIG 4g.20gb (0),1,,13,cupy_copy__complex64_complex64
19662156979,12896,402836,1434,1,1,128,1,1,16,0.000,0.000,,,,,NVIDIA A100-SXM4-40GB MIG 4g.20gb (0),1,,13,cupy_copy__complex64_complex64
19662178451,81855,402841,1,1,1,32,32,1,30,0.000,0.000,,,,,NVIDIA A100-SXM4-40GB MIG 4g.20gb (0),1,,13,"void convert_kernel<__half2, float2>(tensor_layout_any, T1 *, tensor_layout_any, const T2 *)"
19662297073,5824,402844,,,,,,,,,,0.094,16087.884,Pinned,Device,NVIDIA A100-SXM4-40GB MIG 4g.20gb (0),1,,13,[CUDA memcpy Host-to-Device]
19662345073,609497,402845,,,,,,,,,,456.561,748760.762,Device,,NVIDIA A100-SXM4-40GB MIG 4g.20gb (0),1,,13,[CUDA memset]
19662958314,51231,402850,,,,,,,,,,1.235,24104.872,Pinned,Device,NVIDIA A100-SXM4-40GB MIG 4g.20gb (0),1,,13,[CUDA memcpy Host-to-Device]
19663013065,10112,402851,,,,,,,,,,0.197,19442.958,Pinned,Device,NVIDIA A100-SXM4-40GB MIG 4g.20gb (0),1,,13,[CUDA memcpy Host-to-Device]
19663260871,13727,402852,69,4,1,48,1,1,76,0.002,0.000,,,,,NVIDIA A100-SXM4-40GB MIG 4g.20gb (0),1,,13,"void ch_est::windowedChEstPreNoDftSOfdmKernel<float, __half, float, (unsigned int)2, (unsigned int)1, (unsigned short)4>(ch_est::puschRxChEstStatDescr_t *, ch_est::puschRxChEstDynDescr_t *)"
19663545731,17856,402853,137,2,1,24,2,1,44,0.001,0.001,,,,,NVIDIA A100-SXM4-40GB MIG 4g.20gb (0),1,,13,"void ch_est::chEstFilterNoDftSOfdmDispatchKernel<float, __half, float, (unsigned int)2>(ch_est::puschRxChEstStatDescr_t *, ch_est::puschRxChEstDynDescr_t *)"
19663778273,12128,402854,137,2,1,24,2,1,44,0.001,0.001,,,,,NVIDIA A100-SXM4-40GB MIG 4g.20gb (0),1,,13,"void ch_est::chEstFilterNoDftSOfdmDispatchKernel<float, __half, float, (unsigned int)2>(ch_est::puschRxChEstStatDescr_t *, ch_est::puschRxChEstDynDescr_t *)"
19663859712,4928,402865,103,1,1,128,1,1,16,0.000,0.000,,,,,NVIDIA A100-SXM4-40GB MIG 4g.20gb (0),1,,13,cupy_copy__complex64_complex64
19664030622,25984,402875,1434,1,1,128,1,1,16,0.000,0.000,,,,,NVIDIA A100-SXM4-40GB MIG 4g.20gb (0),1,,13,cupy_copy__complex64_complex64
19664137181,3520,402882,103,1,1,128,1,1,16,0.000,0.000,,,,,NVIDIA A100-SXM4-40GB MIG 4g.20gb (0),1,,13,cupy_copy__complex64_complex64
19664405498,223325,402889,1,1,1,32,32,1,30,0.000,0.000,,,,,NVIDIA A100-SXM4-40GB MIG 4g.20gb (0),1,,13,"void convert_kernel<__half2, float2>(tensor_layout_any, T1 *, tensor_layout_any, const T2 *)"
19664659223,6208,402892,,,,,,,,,,0.094,15092.739,Pinned,Device,NVIDIA A100-SXM4-40GB MIG 4g.20gb (0),1,,13,[CUDA memcpy Host-to-Device]
19664998739,56032,402893,,,,,,,,,,35.810,639063.832,Device,,NVIDIA A100-SXM4-40GB MIG 4g.20gb (0),1,,13,[CUDA memset]
19665060275,1919,402895,,,,,,,,,,0.000,41.688,Pinned,Device,NVIDIA A100-SXM4-40GB MIG 4g.20gb (0),1,,13,[CUDA memcpy Host-to-Device]
19665065522,9824,402896,,,,,,,,,,0.197,20012.925,Pinned,Device,NVIDIA A100-SXM4-40GB MIG 4g.20gb (0),1,,13,[CUDA memcpy Host-to-Device]
19665469710,35648,402897,273,1,1,48,1,1,40,0.000,0.001,,,,,NVIDIA A100-SXM4-40GB MIG 4g.20gb (0),1,,13,"void pusch_noise_intf_est::noiseIntfEstNoDftSOfdmKernel<float, __half, float, float, (unsigned int)2, (unsigned int)1, (unsigned char)4, (unsigned char)4>(pusch_noise_intf_est::puschRxNoiseIntfEstDynDescr)"
19665689995,16672,402908,35,1,1,128,1,1,16,0.000,0.000,,,,,NVIDIA A100-SXM4-40GB MIG 4g.20gb (0),1,,13,cupy_copy__complex64_complex64
19665984744,3648,402917,1,1,1,1,1,1,18,0.000,0.000,,,,,NVIDIA A100-SXM4-40GB MIG 4g.20gb (0),1,,13,cupy_copy__float32_float32
19665990312,1728,402923,,,,,,,,,,0.000,2.315,Device,Pageable,NVIDIA A100-SXM4-40GB MIG 4g.20gb (0),1,,7,[CUDA memcpy Device-to-Host]
19666518082,17824,402934,1434,1,1,128,1,1,16,0.000,0.000,,,,,NVIDIA A100-SXM4-40GB MIG 4g.20gb (0),1,,13,cupy_copy__complex64_complex64
19666843231,20191,402941,103,1,1,128,1,1,16,0.000,0.000,,,,,NVIDIA A100-SXM4-40GB MIG 4g.20gb (0),1,,13,cupy_copy__complex64_complex64
19667068860,13568,402948,35,1,1,128,1,1,16,0.000,0.000,,,,,NVIDIA A100-SXM4-40GB MIG 4g.20gb (0),1,,13,cupy_copy__complex64_complex64
19667086780,4192,402955,1,1,1,1,1,1,18,0.000,0.000,,,,,NVIDIA A100-SXM4-40GB MIG 4g.20gb (0),1,,13,cupy_copy__float32_float32
19667097884,232669,402966,1,1,1,32,32,1,30,0.000,0.000,,,,,NVIDIA A100-SXM4-40GB MIG 4g.20gb (0),1,,13,"void convert_kernel<__half2, float2>(tensor_layout_any, T1 *, tensor_layout_any, const T2 *)"
19667361721,6112,402969,,,,,,,,,,0.094,15329.790,Pinned,Device,NVIDIA A100-SXM4-40GB MIG 4g.20gb (0),1,,13,[CUDA memcpy Host-to-Device]
19667388888,12832,402970,,,,,,,,,,1.547,120528.408,Device,,NVIDIA A100-SXM4-40GB MIG 4g.20gb (0),1,,13,[CUDA memset]
19667407960,3968,402975,,,,,,,,,,0.031,7887.093,Pinned,Device,NVIDIA A100-SXM4-40GB MIG 4g.20gb (0),1,,13,[CUDA memcpy Host-to-Device]
19667414360,9408,402976,,,,,,,,,,0.197,20897.858,Pinned,Device,NVIDIA A100-SXM4-40GB MIG 4g.20gb (0),1,,13,[CUDA memcpy Host-to-Device]
19667428952,8096,402977,273,1,1,8,4,1,39,0.002,0.000,,,,,NVIDIA A100-SXM4-40GB MIG 4g.20gb (0),1,,13,"void channel_eq::eqMmseCoefCompLowMimoKernel<float, float, float, (unsigned int)4, (unsigned int)1, (unsigned int)4>(const channel_eq::_puschRxChEqStatDescr *, channel_eq::_puschRxChEqCoefCompDynDescr)"
19667549911,30911,402978,273,1,1,12,11,1,51,0.002,0.000,,,,,NVIDIA A100-SXM4-40GB MIG 4g.20gb (0),1,,13,"void channel_eq::eqMmseSoftDemapKernel<float, __half, __half, float, (unsigned int)4, (unsigned short)16383>(channel_eq::_puschRxChEqStatDescr *, channel_eq::_puschRxChEqSoftDemapDynDescr)"
19667582742,464763,402979,1,1,1,32,32,1,30,0.000,0.000,,,,,NVIDIA A100-SXM4-40GB MIG 4g.20gb (0),1,,13,"void convert_kernel<float2, __half2>(tensor_layout_any, T1 *, tensor_layout_any, const T2 *)"
19668048849,11520,402991,2253,1,1,128,1,1,16,0.000,0.000,,,,,NVIDIA A100-SXM4-40GB MIG 4g.20gb (0),1,,13,cupy_copy__float16_float16
19668062129,3520,403000,282,1,1,128,1,1,16,0.000,0.000,,,,,NVIDIA A100-SXM4-40GB MIG 4g.20gb (0),1,,13,cupy_copy__complex64_complex64
19668068273,2240,403009,26,1,1,128,1,1,16,0.000,0.000,,,,,NVIDIA A100-SXM4-40GB MIG 4g.20gb (0),1,,13,cupy_copy__float32_float32
19668071793,3136,403018,103,1,1,128,1,1,16,0.000,0.000,,,,,NVIDIA A100-SXM4-40GB MIG 4g.20gb (0),1,,13,cupy_copy__complex64_complex64
19668077201,12800,403028,1434,1,1,128,1,1,16,0.000,0.000,,,,,NVIDIA A100-SXM4-40GB MIG 4g.20gb (0),1,,13,cupy_copy__complex64_complex64
19668091697,79615,403033,1,1,1,32,32,1,30,0.000,0.000,,,,,NVIDIA A100-SXM4-40GB MIG 4g.20gb (0),1,,13,"void convert_kernel<__half2, float2>(tensor_layout_any, T1 *, tensor_layout_any, const T2 *)"
19668219791,5952,403036,,,,,,,,,,0.094,15741.865,Pinned,Device,NVIDIA A100-SXM4-40GB MIG 4g.20gb (0),1,,13,[CUDA memcpy Host-to-Device]
19668233007,607705,403037,,,,,,,,,,456.561,751043.569,Device,,NVIDIA A100-SXM4-40GB MIG 4g.20gb (0),1,,13,[CUDA memset]
19668844776,50976,403042,,,,,,,,,,1.235,24225.896,Pinned,Device,NVIDIA A100-SXM4-40GB MIG 4g.20gb (0),1,,13,[CUDA memcpy Host-to-Device]
19668898248,9952,403043,,,,,,,,,,0.197,19755.565,Pinned,Device,NVIDIA A100-SXM4-40GB MIG 4g.20gb (0),1,,13,[CUDA memcpy Host-to-Device]
19669079686,16703,403044,69,4,1,48,1,1,76,0.002,0.000,,,,,NVIDIA A100-SXM4-40GB MIG 4g.20gb (0),1,,13,"void ch_est::windowedChEstPreNoDftSOfdmKernel<float, __half, float, (unsigned int)2, (unsigned int)1, (unsigned short)4>(ch_est::puschRxChEstStatDescr_t *, ch_est::puschRxChEstDynDescr_t *)"
19669345187,17119,403045,137,2,1,24,2,1,44,0.001,0.001,,,,,NVIDIA A100-SXM4-40GB MIG 4g.20gb (0),1,,13,"void ch_est::chEstFilterNoDftSOfdmDispatchKernel<float, __half, float, (unsigned int)2>(ch_est::puschRxChEstStatDescr_t *, ch_est::puschRxChEstDynDescr_t *)"
19669566848,30784,403046,137,2,1,24,2,1,44,0.001,0.001,,,,,NVIDIA A100-SXM4-40GB MIG 4g.20gb (0),1,,13,"void ch_est::chEstFilterNoDftSOfdmDispatchKernel<float, __half, float, (unsigned int)2>(ch_est::puschRxChEstStatDescr_t *, ch_est::puschRxChEstDynDescr_t *)"
19669828189,6144,403057,103,1,1,128,1,1,16,0.000,0.000,,,,,NVIDIA A100-SXM4-40GB MIG 4g.20gb (0),1,,13,cupy_copy__complex64_complex64
19670156762,19295,403067,1434,1,1,128,1,1,16,0.000,0.000,,,,,NVIDIA A100-SXM4-40GB MIG 4g.20gb (0),1,,13,cupy_copy__complex64_complex64
19671007088,5472,403074,103,1,1,128,1,1,16,0.000,0.000,,,,,NVIDIA A100-SXM4-40GB MIG 4g.20gb (0),1,,13,cupy_copy__complex64_complex64
19671654057,221885,403081,1,1,1,32,32,1,30,0.000,0.000,,,,,NVIDIA A100-SXM4-40GB MIG 4g.20gb (0),1,,13,"void convert_kernel<__half2, float2>(tensor_layout_any, T1 *, tensor_layout_any, const T2 *)"
19671965381,5920,403084,,,,,,,,,,0.094,15826.941,Pinned,Device,NVIDIA A100-SXM4-40GB MIG 4g.20gb (0),1,,13,[CUDA memcpy Host-to-Device]
19672544799,57983,403085,,,,,,,,,,35.810,617577.880,Device,,NVIDIA A100-SXM4-40GB MIG 4g.20gb (0),1,,13,[CUDA memset]
19672611166,1856,403087,,,,,,,,,,0.000,43.103,Pinned,Device,NVIDIA A100-SXM4-40GB MIG 4g.20gb (0),1,,13,[CUDA memcpy Host-to-Device]
19672615582,11648,403088,,,,,,,,,,0.197,16878.993,Pinned,Device,NVIDIA A100-SXM4-40GB MIG 4g.20gb (0),1,,13,[CUDA memcpy Host-to-Device]
19673243351,21984,403089,273,1,1,48,1,1,40,0.000,0.001,,,,,NVIDIA A100-SXM4-40GB MIG 4g.20gb (0),1,,13,"void pusch_noise_intf_est::noiseIntfEstNoDftSOfdmKernel<float, __half, float, float, (unsigned int)2, (unsigned int)1, (unsigned char)4, (unsigned char)4>(pusch_noise_intf_est::puschRxNoiseIntfEstDynDescr)"
19673883920,11360,403100,35,1,1,128,1,1,16,0.000,0.000,,,,,NVIDIA A100-SXM4-40GB MIG 4g.20gb (0),1,,13,cupy_copy__complex64_complex64
19674258316,5536,403109,1,1,1,1,1,1,18,0.000,0.000,,,,,NVIDIA A100-SXM4-40GB MIG 4g.20gb (0),1,,13,cupy_copy__float32_float32
19674265644,1984,403115,,,,,,,,,,0.000,2.016,Device,Pageable,NVIDIA A100-SXM4-40GB MIG 4g.20gb (0),1,,7,[CUDA memcpy Device-to-Host]
19674893157,24063,403126,1434,1,1,128,1,1,16,0.000,0.000,,,,,NVIDIA A100-SXM4-40GB MIG 4g.20gb (0),1,,13,cupy_copy__complex64_complex64
19675092482,5888,403133,103,1,1,128,1,1,16,0.000,0.000,,,,,NVIDIA A100-SXM4-40GB MIG 4g.20gb (0),1,,13,cupy_copy__complex64_complex64
19675464958,8256,403140,35,1,1,128,1,1,16,0.000,0.000,,,,,NVIDIA A100-SXM4-40GB MIG 4g.20gb (0),1,,13,cupy_copy__complex64_complex64
19675476094,3648,403147,1,1,1,1,1,1,18,0.000,0.000,,,,,NVIDIA A100-SXM4-40GB MIG 4g.20gb (0),1,,13,cupy_copy__float32_float32
19675482174,236093,403158,1,1,1,32,32,1,30,0.000,0.000,,,,,NVIDIA A100-SXM4-40GB MIG 4g.20gb (0),1,,13,"void convert_kernel<__half2, float2>(tensor_layout_any, T1 *, tensor_layout_any, const T2 *)"
19675748251,6016,403161,,,,,,,,,,0.094,15574.430,Pinned,Device,NVIDIA A100-SXM4-40GB MIG 4g.20gb (0),1,,13,[CUDA memcpy Host-to-Device]
19675840282,9312,403162,,,,,,,,,,1.547,166088.858,Device,,NVIDIA A100-SXM4-40GB MIG 4g.20gb (0),1,,13,[CUDA memset]
19675851290,3360,403167,,,,,,,,,,0.031,9314.284,Pinned,Device,NVIDIA A100-SXM4-40GB MIG 4g.20gb (0),1,,13,[CUDA memcpy Host-to-Device]
19675857274,9472,403168,,,,,,,,,,0.197,20756.693,Pinned,Device,NVIDIA A100-SXM4-40GB MIG 4g.20gb (0),1,,13,[CUDA memcpy Host-to-Device]
19676212214,27008,403169,273,1,1,8,4,1,39,0.002,0.000,,,,,NVIDIA A100-SXM4-40GB MIG 4g.20gb (0),1,,13,"void channel_eq::eqMmseCoefCompLowMimoKernel<float, float, float, (unsigned int)4, (unsigned int)1, (unsigned int)4>(const channel_eq::_puschRxChEqStatDescr *, channel_eq::_puschRxChEqCoefCompDynDescr)"
19676274165,12608,403170,273,1,1,12,11,1,51,0.002,0.000,,,,,NVIDIA A100-SXM4-40GB MIG 4g.20gb (0),1,,13,"void channel_eq::eqMmseSoftDemapKernel<float, __half, __half, float, (unsigned int)4, (unsigned short)16383>(channel_eq::_puschRxChEqStatDescr *, channel_eq::_puschRxChEqSoftDemapDynDescr)"
19676418676,662584,403171,1,1,1,32,32,1,30,0.000,0.000,,,,,NVIDIA A100-SXM4-40GB MIG 4g.20gb (0),1,,13,"void convert_kernel<float2, __half2>(tensor_layout_any, T1 *, tensor_layout_any, const T2 *)"
19677188459,48255,403183,2253,1,1,128,1,1,16,0.000,0.000,,,,,NVIDIA A100-SXM4-40GB MIG 4g.20gb (0),1,,13,cupy_copy__float16_float16
19677320361,8160,403192,282,1,1,128,1,1,16,0.000,0.000,,,,,NVIDIA A100-SXM4-40GB MIG 4g.20gb (0),1,,13,cupy_copy__complex64_complex64
19677466792,5760,403201,26,1,1,128,1,1,16,0.000,0.000,,,,,NVIDIA A100-SXM4-40GB MIG 4g.20gb (0),1,,13,cupy_copy__float32_float32
19677581991,5663,403210,103,1,1,128,1,1,16,0.000,0.000,,,,,NVIDIA A100-SXM4-40GB MIG 4g.20gb (0),1,,13,cupy_copy__complex64_complex64
19677727749,55935,403220,1434,1,1,128,1,1,16,0.000,0.000,,,,,NVIDIA A100-SXM4-40GB MIG 4g.20gb (0),1,,13,cupy_copy__complex64_complex64
19677869027,247326,403225,1,1,1,32,32,1,30,0.000,0.000,,,,,NVIDIA A100-SXM4-40GB MIG 4g.20gb (0),1,,13,"void convert_kernel<__half2, float2>(tensor_layout_any, T1 *, tensor_layout_any, const T2 *)"
19678145824,5600,403228,,,,,,,,,,0.094,16731.388,Pinned,Device,NVIDIA A100-SXM4-40GB MIG 4g.20gb (0),1,,13,[CUDA memcpy Host-to-Device]
19678488860,602682,403229,,,,,,,,,,456.561,757435.429,Device,,NVIDIA A100-SXM4-40GB MIG 4g.20gb (0),1,,13,[CUDA memset]
19679094870,51295,403234,,,,,,,,,,1.235,24075.233,Pinned,Device,NVIDIA A100-SXM4-40GB MIG 4g.20gb (0),1,,13,[CUDA memcpy Host-to-Device]
19679148661,9440,403235,,,,,,,,,,0.197,20827.079,Pinned,Device,NVIDIA A100-SXM4-40GB MIG 4g.20gb (0),1,,13,[CUDA memcpy Host-to-Device]
19679511313,36096,403236,69,4,1,48,1,1,76,0.002,0.000,,,,,NVIDIA A100-SXM4-40GB MIG 4g.20gb (0),1,,13,"void ch_est::windowedChEstPreNoDftSOfdmKernel<float, __half, float, (unsigned int)2, (unsigned int)1, (unsigned short)4>(ch_est::puschRxChEstStatDescr_t *, ch_est::puschRxChEstDynDescr_t *)"
19679903885,12063,403237,137,2,1,24,2,1,44,0.001,0.001,,,,,NVIDIA A100-SXM4-40GB MIG 4g.20gb (0),1,,13,"void ch_est::chEstFilterNoDftSOfdmDispatchKernel<float, __half, float, (unsigned int)2>(ch_est::puschRxChEstStatDescr_t *, ch_est::puschRxChEstDynDescr_t *)"
19680349224,12511,403238,137,2,1,24,2,1,44,0.001,0.001,,,,,NVIDIA A100-SXM4-40GB MIG 4g.20gb (0),1,,13,"void ch_est::chEstFilterNoDftSOfdmDispatchKernel<float, __half, float, (unsigned int)2>(ch_est::puschRxChEstStatDescr_t *, ch_est::puschRxChEstDynDescr_t *)"
19680579493,3136,403249,103,1,1,128,1,1,16,0.000,0.000,,,,,NVIDIA A100-SXM4-40GB MIG 4g.20gb (0),1,,13,cupy_copy__complex64_complex64
19680584293,13888,403259,1434,1,1,128,1,1,16,0.000,0.000,,,,,NVIDIA A100-SXM4-40GB MIG 4g.20gb (0),1,,13,cupy_copy__complex64_complex64
19680751331,4064,403266,103,1,1,128,1,1,16,0.000,0.000,,,,,NVIDIA A100-SXM4-40GB MIG 4g.20gb (0),1,,13,cupy_copy__complex64_complex64
19680758307,233053,403273,1,1,1,32,32,1,30,0.000,0.000,,,,,NVIDIA A100-SXM4-40GB MIG 4g.20gb (0),1,,13,"void convert_kernel<__half2, float2>(tensor_layout_any, T1 *, tensor_layout_any, const T2 *)"
19681029824,6592,403276,,,,,,,,,,0.094,14213.590,Pinned,Device,NVIDIA A100-SXM4-40GB MIG 4g.20gb (0),1,,13,[CUDA memcpy Host-to-Device]
19681091423,47744,403277,,,,,,,,,,35.810,750038.774,Device,,NVIDIA A100-SXM4-40GB MIG 4g.20gb (0),1,,13,[CUDA memset]
19681140255,2336,403279,,,,,,,,,,0.000,34.247,Pinned,Device,NVIDIA A100-SXM4-40GB MIG 4g.20gb (0),1,,13,[CUDA memcpy Host-to-Device]
19681145023,9472,403280,,,,,,,,,,0.197,20756.693,Pinned,Device,NVIDIA A100-SXM4-40GB MIG 4g.20gb (0),1,,13,[CUDA memcpy Host-to-Device]
19681295069,14176,403281,273,1,1,48,1,1,40,0.000,0.001,,,,,NVIDIA A100-SXM4-40GB MIG 4g.20gb (0),1,,13,"void pusch_noise_intf_est::noiseIntfEstNoDftSOfdmKernel<float, __half, float, float, (unsigned int)2, (unsigned int)1, (unsigned char)4, (unsigned char)4>(pusch_noise_intf_est::puschRxNoiseIntfEstDynDescr)"
19681464091,6432,403292,35,1,1,128,1,1,16,0.000,0.000,,,,,NVIDIA A100-SXM4-40GB MIG 4g.20gb (0),1,,13,cupy_copy__complex64_complex64
19681473147,2848,403301,1,1,1,1,1,1,18,0.000,0.000,,,,,NVIDIA A100-SXM4-40GB MIG 4g.20gb (0),1,,13,cupy_copy__float32_float32
19681483451,1568,403307,,,,,,,,,,0.000,2.551,Device,Pageable,NVIDIA A100-SXM4-40GB MIG 4g.20gb (0),1,,7,[CUDA memcpy Device-to-Host]
19681634425,16640,403318,1434,1,1,128,1,1,16,0.000,0.000,,,,,NVIDIA A100-SXM4-40GB MIG 4g.20gb (0),1,,13,cupy_copy__complex64_complex64
19681652313,5856,403325,103,1,1,128,1,1,16,0.000,0.000,,,,,NVIDIA A100-SXM4-40GB MIG 4g.20gb (0),1,,13,cupy_copy__complex64_complex64
19681658873,2464,403332,35,1,1,128,1,1,16,0.000,0.000,,,,,NVIDIA A100-SXM4-40GB MIG 4g.20gb (0),1,,13,cupy_copy__complex64_complex64
19681663193,2016,403339,1,1,1,1,1,1,18,0.000,0.000,,,,,NVIDIA A100-SXM4-40GB MIG 4g.20gb (0),1,,13,cupy_copy__float32_float32
19681783640,220797,403350,1,1,1,32,32,1,30,0.000,0.000,,,,,NVIDIA A100-SXM4-40GB MIG 4g.20gb (0),1,,13,"void convert_kernel<__half2, float2>(tensor_layout_any, T1 *, tensor_layout_any, const T2 *)"
19682033845,6208,403353,,,,,,,,,,0.094,15092.739,Pinned,Device,NVIDIA A100-SXM4-40GB MIG 4g.20gb (0),1,,13,[CUDA memcpy Host-to-Device]
19682147860,6079,403354,,,,,,,,,,1.547,254419.648,Device,,NVIDIA A100-SXM4-40GB MIG 4g.20gb (0),1,,13,[CUDA memset]
19682156051,3040,403359,,,,,,,,,,0.031,10294.725,Pinned,Device,NVIDIA A100-SXM4-40GB MIG 4g.20gb (0),1,,13,[CUDA memcpy Host-to-Device]
19682162515,9632,403360,,,,,,,,,,0.197,20411.843,Pinned,Device,NVIDIA A100-SXM4-40GB MIG 4g.20gb (0),1,,13,[CUDA memcpy Host-to-Device]
19682176371,18496,403361,273,1,1,8,4,1,39,0.002,0.000,,,,,NVIDIA A100-SXM4-40GB MIG 4g.20gb (0),1,,13,"void channel_eq::eqMmseCoefCompLowMimoKernel<float, float, float, (unsigned int)4, (unsigned int)1, (unsigned int)4>(const channel_eq::_puschRxChEqStatDescr *, channel_eq::_puschRxChEqCoefCompDynDescr)"
19682197459,16064,403362,273,1,1,12,11,1,51,0.002,0.000,,,,,NVIDIA A100-SXM4-40GB MIG 4g.20gb (0),1,,13,"void channel_eq::eqMmseSoftDemapKernel<float, __half, __half, float, (unsigned int)4, (unsigned short)16383>(channel_eq::_puschRxChEqStatDescr *, channel_eq::_puschRxChEqSoftDemapDynDescr)"
19682216595,565209,403363,1,1,1,32,32,1,30,0.000,0.000,,,,,NVIDIA A100-SXM4-40GB MIG 4g.20gb (0),1,,13,"void convert_kernel<float2, __half2>(tensor_layout_any, T1 *, tensor_layout_any, const T2 *)"
19682908875,15552,403375,2253,1,1,128,1,1,16,0.000,0.000,,,,,NVIDIA A100-SXM4-40GB MIG 4g.20gb (0),1,,13,cupy_copy__float16_float16
19683075849,11168,403384,282,1,1,128,1,1,16,0.000,0.000,,,,,NVIDIA A100-SXM4-40GB MIG 4g.20gb (0),1,,13,cupy_copy__complex64_complex64
19683255079,4800,403393,26,1,1,128,1,1,16,0.000,0.000,,,,,NVIDIA A100-SXM4-40GB MIG 4g.20gb (0),1,,13,cupy_copy__float32_float32
19683827713,10144,403402,103,1,1,128,1,1,16,0.000,0.000,,,,,NVIDIA A100-SXM4-40GB MIG 4g.20gb (0),1,,13,cupy_copy__complex64_complex64
19684083486,45695,403412,1434,1,1,128,1,1,16,0.000,0.000,,,,,NVIDIA A100-SXM4-40GB MIG 4g.20gb (0),1,,13,cupy_copy__complex64_complex64
19684603864,327964,403417,1,1,1,32,32,1,30,0.000,0.000,,,,,NVIDIA A100-SXM4-40GB MIG 4g.20gb (0),1,,13,"void convert_kernel<__half2, float2>(tensor_layout_any, T1 *, tensor_layout_any, const T2 *)"
19684962932,10368,403420,,,,,,,,,,0.094,9036.979,Pinned,Device,NVIDIA A100-SXM4-40GB MIG 4g.20gb (0),1,,13,[CUDA memcpy Host-to-Device]
19685456591,614457,403421,,,,,,,,,,456.561,742825.463,Device,,NVIDIA A100-SXM4-40GB MIG 4g.20gb (0),1,,13,[CUDA memset]
19686078632,52479,403426,,,,,,,,,,1.235,23531.858,Pinned,Device,NVIDIA A100-SXM4-40GB MIG 4g.20gb (0),1,,13,[CUDA memcpy Host-to-Device]
19686133863,10048,403427,,,,,,,,,,0.197,19566.821,Pinned,Device,NVIDIA A100-SXM4-40GB MIG 4g.20gb (0),1,,13,[CUDA memcpy Host-to-Device]
19686689089,33151,403428,69,4,1,48,1,1,76,0.002,0.000,,,,,NVIDIA A100-SXM4-40GB MIG 4g.20gb (0),1,,13,"void ch_est::windowedChEstPreNoDftSOfdmKernel<float, __half, float, (unsigned int)2, (unsigned int)1, (unsigned short)4>(ch_est::puschRxChEstStatDescr_t *, ch_est::puschRxChEstDynDescr_t *)"
19687184891,15392,403429,137,2,1,24,2,1,44,0.001,0.001,,,,,NVIDIA A100-SXM4-40GB MIG 4g.20gb (0),1,,13,"void ch_est::chEstFilterNoDftSOfdmDispatchKernel<float, __half, float, (unsigned int)2>(ch_est::puschRxChEstStatDescr_t *, ch_est::puschRxChEstDynDescr_t *)"
19687623158,12352,403430,137,2,1,24,2,1,44,0.001,0.001,,,,,NVIDIA A100-SXM4-40GB MIG 4g.20gb (0),1,,13,"void ch_est::chEstFilterNoDftSOfdmDispatchKernel<float, __half, float, (unsigned int)2>(ch_est::puschRxChEstStatDescr_t *, ch_est::puschRxChEstDynDescr_t *)"
19687978546,6528,403441,103,1,1,128,1,1,16,0.000,0.000,,,,,NVIDIA A100-SXM4-40GB MIG 4g.20gb (0),1,,13,cupy_copy__complex64_complex64
19688114417,18976,403451,1434,1,1,128,1,1,16,0.000,0.000,,,,,NVIDIA A100-SXM4-40GB MIG 4g.20gb (0),1,,13,cupy_copy__complex64_complex64
19688554092,7008,403458,103,1,1,128,1,1,16,0.000,0.000,,,,,NVIDIA A100-SXM4-40GB MIG 4g.20gb (0),1,,13,cupy_copy__complex64_complex64
19688975335,241533,403465,1,1,1,32,32,1,30,0.000,0.000,,,,,NVIDIA A100-SXM4-40GB MIG 4g.20gb (0),1,,13,"void convert_kernel<__half2, float2>(tensor_layout_any, T1 *, tensor_layout_any, const T2 *)"
19689247716,5440,403468,,,,,,,,,,0.094,17223.480,Pinned,Device,NVIDIA A100-SXM4-40GB MIG 4g.20gb (0),1,,13,[CUDA memcpy Host-to-Device]
19690025819,63392,403469,,,,,,,,,,35.810,564865.678,Device,,NVIDIA A100-SXM4-40GB MIG 4g.20gb (0),1,,13,[CUDA memset]
19690096219,1952,403471,,,,,,,,,,0.000,40.984,Pinned,Device,NVIDIA A100-SXM4-40GB MIG 4g.20gb (0),1,,13,[CUDA memcpy Host-to-Device]
19690101403,10399,403472,,,,,,,,,,0.197,18906.415,Pinned,Device,NVIDIA A100-SXM4-40GB MIG 4g.20gb (0),1,,13,[CUDA memcpy Host-to-Device]
19690732884,29887,403473,273,1,1,48,1,1,40,0.000,0.001,,,,,NVIDIA A100-SXM4-40GB MIG 4g.20gb (0),1,,13,"void pusch_noise_intf_est::noiseIntfEstNoDftSOfdmKernel<float, __half, float, float, (unsigned int)2, (unsigned int)1, (unsigned char)4, (unsigned char)4>(pusch_noise_intf_est::puschRxNoiseIntfEstDynDescr)"
19690764179,6752,403484,35,1,1,128,1,1,16,0.000,0.000,,,,,NVIDIA A100-SXM4-40GB MIG 4g.20gb (0),1,,13,cupy_copy__complex64_complex64
19690773939,2048,403493,1,1,1,1,1,1,18,0.000,0.000,,,,,NVIDIA A100-SXM4-40GB MIG 4g.20gb (0),1,,13,cupy_copy__float32_float32
19690778259,2624,403499,,,,,,,,,,0.000,1.524,Device,Pageable,NVIDIA A100-SXM4-40GB MIG 4g.20gb (0),1,,7,[CUDA memcpy Device-to-Host]
19690840370,12576,403510,1434,1,1,128,1,1,16,0.000,0.000,,,,,NVIDIA A100-SXM4-40GB MIG 4g.20gb (0),1,,13,cupy_copy__complex64_complex64
19690865074,2752,403517,103,1,1,128,1,1,16,0.000,0.000,,,,,NVIDIA A100-SXM4-40GB MIG 4g.20gb (0),1,,13,cupy_copy__complex64_complex64
19690899154,2240,403524,35,1,1,128,1,1,16,0.000,0.000,,,,,NVIDIA A100-SXM4-40GB MIG 4g.20gb (0),1,,13,cupy_copy__complex64_complex64
19690917329,1952,403531,1,1,1,1,1,1,18,0.000,0.000,,,,,NVIDIA A100-SXM4-40GB MIG 4g.20gb (0),1,,13,cupy_copy__float32_float32
19691055280,79615,403542,1,1,1,32,32,1,30,0.000,0.000,,,,,NVIDIA A100-SXM4-40GB MIG 4g.20gb (0),1,,13,"void convert_kernel<__half2, float2>(tensor_layout_any, T1 *, tensor_layout_any, const T2 *)"
19691162927,5472,403545,,,,,,,,,,0.094,17122.757,Pinned,Device,NVIDIA A100-SXM4-40GB MIG 4g.20gb (0),1,,13,[CUDA memcpy Host-to-Device]
19691177711,3200,403546,,,,,,,,,,1.547,483320.000,Device,,NVIDIA A100-SXM4-40GB MIG 4g.20gb (0),1,,13,[CUDA memset]
19691184750,3616,403551,,,,,,,,,,0.031,8654.846,Pinned,Device,NVIDIA A100-SXM4-40GB MIG 4g.20gb (0),1,,13,[CUDA memcpy Host-to-Device]
19691192142,9504,403552,,,,,,,,,,0.197,20686.701,Pinned,Device,NVIDIA A100-SXM4-40GB MIG 4g.20gb (0),1,,13,[CUDA memcpy Host-to-Device]
19691205646,6048,403553,273,1,1,8,4,1,39,0.002,0.000,,,,,NVIDIA A100-SXM4-40GB MIG 4g.20gb (0),1,,13,"void channel_eq::eqMmseCoefCompLowMimoKernel<float, float, float, (unsigned int)4, (unsigned int)1, (unsigned int)4>(const channel_eq::_puschRxChEqStatDescr *, channel_eq::_puschRxChEqCoefCompDynDescr)"
19691213966,6112,403554,273,1,1,12,11,1,51,0.002,0.000,,,,,NVIDIA A100-SXM4-40GB MIG 4g.20gb (0),1,,13,"void channel_eq::eqMmseSoftDemapKernel<float, __half, __half, float, (unsigned int)4, (unsigned short)16383>(channel_eq::_puschRxChEqStatDescr *, channel_eq::_puschRxChEqSoftDemapDynDescr)"
19691221294,281469,403555,1,1,1,32,32,1,30,0.000,0.000,,,,,NVIDIA A100-SXM4-40GB MIG 4g.20gb (0),1,,13,"void convert_kernel<float2, __half2>(tensor_layout_any, T1 *, tensor_layout_any, const T2 *)"
19691505003,10528,403567,2253,1,1,128,1,1,16,0.000,0.000,,,,,NVIDIA A100-SXM4-40GB MIG 4g.20gb (0),1,,13,cupy_copy__float16_float16
19691518123,2816,403576,282,1,1,128,1,1,16,0.000,0.000,,,,,NVIDIA A100-SXM4-40GB MIG 4g.20gb (0),1,,13,cupy_copy__complex64_complex64
19691522507,2144,403585,26,1,1,128,1,1,16,0.000,0.000,,,,,NVIDIA A100-SXM4-40GB MIG 4g.20gb (0),1,,13,cupy_copy__float32_float32
19691526603,2880,403594,103,1,1,128,1,1,16,0.000,0.000,,,,,NVIDIA A100-SXM4-40GB MIG 4g.20gb (0),1,,13,cupy_copy__complex64_complex64
19691531051,11391,403604,1434,1,1,128,1,1,16,0.000,0.000,,,,,NVIDIA A100-SXM4-40GB MIG 4g.20gb (0),1,,13,cupy_copy__complex64_complex64
19691708297,352892,403609,1,1,1,32,32,1,30,0.000,0.000,,,,,NVIDIA A100-SXM4-40GB MIG 4g.20gb (0),1,,13,"void convert_kernel<__half2, float2>(tensor_layout_any, T1 *, tensor_layout_any, const T2 *)"
19692090308,6080,403612,,,,,,,,,,0.094,15410.462,Pinned,Device,NVIDIA A100-SXM4-40GB MIG 4g.20gb (0),1,,13,[CUDA memcpy Host-to-Device]
19692388001,623737,403613,,,,,,,,,,456.561,731867.988,Device,,NVIDIA A100-SXM4-40GB MIG 4g.20gb (0),1,,13,[CUDA memset]
19693014426,53087,403618,,,,,,,,,,1.235,23262.640,Pinned,Device,NVIDIA A100-SXM4-40GB MIG 4g.20gb (0),1,,13,[CUDA memcpy Host-to-Device]
19693069977,10368,403619,,,,,,,,,,0.197,18962.842,Pinned,Device,NVIDIA A100-SXM4-40GB MIG 4g.20gb (0),1,,13,[CUDA memcpy Host-to-Device]
19693544404,15488,403620,69,4,1,48,1,1,76,0.002,0.000,,,,,NVIDIA A100-SXM4-40GB MIG 4g.20gb (0),1,,13,"void ch_est::windowedChEstPreNoDftSOfdmKernel<float, __half, float, (unsigned int)2, (unsigned int)1, (unsigned short)4>(ch_est::puschRxChEstStatDescr_t *, ch_est::puschRxChEstDynDescr_t *)"
19693829617,20512,403621,137,2,1,24,2,1,44,0.001,0.001,,,,,NVIDIA A100-SXM4-40GB MIG 4g.20gb (0),1,,13,"void ch_est::chEstFilterNoDftSOfdmDispatchKernel<float, __half, float, (unsigned int)2>(ch_est::puschRxChEstStatDescr_t *, ch_est::puschRxChEstDynDescr_t *)"
19694113678,16512,403622,137,2,1,24,2,1,44,0.001,0.001,,,,,NVIDIA A100-SXM4-40GB MIG 4g.20gb (0),1,,13,"void ch_est::chEstFilterNoDftSOfdmDispatchKernel<float, __half, float, (unsigned int)2>(ch_est::puschRxChEstStatDescr_t *, ch_est::puschRxChEstDynDescr_t *)"
19694389483,7392,403633,103,1,1,128,1,1,16,0.000,0.000,,,,,NVIDIA A100-SXM4-40GB MIG 4g.20gb (0),1,,13,cupy_copy__complex64_complex64
19694564489,18431,403643,1434,1,1,128,1,1,16,0.000,0.000,,,,,NVIDIA A100-SXM4-40GB MIG 4g.20gb (0),1,,13,cupy_copy__complex64_complex64
19694661064,7008,403650,103,1,1,128,1,1,16,0.000,0.000,,,,,NVIDIA A100-SXM4-40GB MIG 4g.20gb (0),1,,13,cupy_copy__complex64_complex64
19694836038,328348,403657,1,1,1,32,32,1,30,0.000,0.000,,,,,NVIDIA A100-SXM4-40GB MIG 4g.20gb (0),1,,13,"void convert_kernel<__half2, float2>(tensor_layout_any, T1 *, tensor_layout_any, const T2 *)"
19695210977,6112,403660,,,,,,,,,,0.094,15329.790,Pinned,Device,NVIDIA A100-SXM4-40GB MIG 4g.20gb (0),1,,13,[CUDA memcpy Host-to-Device]
19695301344,56128,403661,,,,,,,,,,35.810,637989.535,Device,,NVIDIA A100-SXM4-40GB MIG 4g.20gb (0),1,,13,[CUDA memset]
19695360704,1952,403663,,,,,,,,,,0.000,40.984,Pinned,Device,NVIDIA A100-SXM4-40GB MIG 4g.20gb (0),1,,13,[CUDA memcpy Host-to-Device]
19695365344,9888,403664,,,,,,,,,,0.197,19883.360,Pinned,Device,NVIDIA A100-SXM4-40GB MIG 4g.20gb (0),1,,13,[CUDA memcpy Host-to-Device]
19695520990,33888,403665,273,1,1,48,1,1,40,0.000,0.001,,,,,NVIDIA A100-SXM4-40GB MIG 4g.20gb (0),1,,13,"void pusch_noise_intf_est::noiseIntfEstNoDftSOfdmKernel<float, __half, float, float, (unsigned int)2, (unsigned int)1, (unsigned char)4, (unsigned char)4>(pusch_noise_intf_est::puschRxNoiseIntfEstDynDescr)"
19695722492,20384,403676,35,1,1,128,1,1,16,0.000,0.000,,,,,NVIDIA A100-SXM4-40GB MIG 4g.20gb (0),1,,13,cupy_copy__complex64_complex64
19695780539,3744,403685,1,1,1,1,1,1,18,0.000,0.000,,,,,NVIDIA A100-SXM4-40GB MIG 4g.20gb (0),1,,13,cupy_copy__float32_float32
19695796155,1632,403691,,,,,,,,,,0.000,2.451,Device,Pageable,NVIDIA A100-SXM4-40GB MIG 4g.20gb (0),1,,7,[CUDA memcpy Device-to-Host]
19695999481,12960,403702,1434,1,1,128,1,1,16,0.000,0.000,,,,,NVIDIA A100-SXM4-40GB MIG 4g.20gb (0),1,,13,cupy_copy__complex64_complex64
19696210518,7424,403709,103,1,1,128,1,1,16,0.000,0.000,,,,,NVIDIA A100-SXM4-40GB MIG 4g.20gb (0),1,,13,cupy_copy__complex64_complex64
19696316437,3840,403716,35,1,1,128,1,1,16,0.000,0.000,,,,,NVIDIA A100-SXM4-40GB MIG 4g.20gb (0),1,,13,cupy_copy__complex64_complex64
19696378516,3712,403723,1,1,1,1,1,1,18,0.000,0.000,,,,,NVIDIA A100-SXM4-40GB MIG 4g.20gb (0),1,,13,cupy_copy__float32_float32
19696552242,387932,403734,1,1,1,32,32,1,30,0.000,0.000,,,,,NVIDIA A100-SXM4-40GB MIG 4g.20gb (0),1,,13,"void convert_kernel<__half2, float2>(tensor_layout_any, T1 *, tensor_layout_any, const T2 *)"
19696969390,9120,403737,,,,,,,,,,0.094,10273.673,Pinned,Device,NVIDIA A100-SXM4-40GB MIG 4g.20gb (0),1,,13,[CUDA memcpy Host-to-Device]
19697183947,7648,403738,,,,,,,,,,1.547,202225.728,Device,,NVIDIA A100-SXM4-40GB MIG 4g.20gb (0),1,,13,[CUDA memset]
19697194667,5824,403743,,,,,,,,,,0.031,5373.617,Pinned,Device,NVIDIA A100-SXM4-40GB MIG 4g.20gb (0),1,,13,[CUDA memcpy Host-to-Device]
19697203339,10240,403744,,,,,,,,,,0.197,19199.951,Pinned,Device,NVIDIA A100-SXM4-40GB MIG 4g.20gb (0),1,,13,[CUDA memcpy Host-to-Device]
19697682726,10848,403745,273,1,1,8,4,1,39,0.002,0.000,,,,,NVIDIA A100-SXM4-40GB MIG 4g.20gb (0),1,,13,"void channel_eq::eqMmseCoefCompLowMimoKernel<float, float, float, (unsigned int)4, (unsigned int)1, (unsigned int)4>(const channel_eq::_puschRxChEqStatDescr *, channel_eq::_puschRxChEqCoefCompDynDescr)"
19698443037,11168,403746,273,1,1,12,11,1,51,0.002,0.000,,,,,NVIDIA A100-SXM4-40GB MIG 4g.20gb (0),1,,13,"void channel_eq::eqMmseSoftDemapKernel<float, __half, __half, float, (unsigned int)4, (unsigned short)16383>(channel_eq::_puschRxChEqStatDescr *, channel_eq::_puschRxChEqSoftDemapDynDescr)"
19699053367,820790,403747,1,1,1,32,32,1,30,0.000,0.000,,,,,NVIDIA A100-SXM4-40GB MIG 4g.20gb (0),1,,13,"void convert_kernel<float2, __half2>(tensor_layout_any, T1 *, tensor_layout_any, const T2 *)"
19700491046,16608,403759,2253,1,1,128,1,1,16,0.000,0.000,,,,,NVIDIA A100-SXM4-40GB MIG 4g.20gb (0),1,,13,cupy_copy__float16_float16
19700687780,5120,403768,282,1,1,128,1,1,16,0.000,0.000,,,,,NVIDIA A100-SXM4-40GB MIG 4g.20gb (0),1,,13,cupy_copy__complex64_complex64
19701106944,7999,403777,26,1,1,128,1,1,16,0.000,0.000,,,,,NVIDIA A100-SXM4-40GB MIG 4g.20gb (0),1,,13,cupy_copy__float32_float32
19701539355,10784,403786,103,1,1,128,1,1,16,0.000,0.000,,,,,NVIDIA A100-SXM4-40GB MIG 4g.20gb (0),1,,13,cupy_copy__complex64_complex64
19701731641,17215,403796,1434,1,1,128,1,1,16,0.000,0.000,,,,,NVIDIA A100-SXM4-40GB MIG 4g.20gb (0),1,,13,cupy_copy__complex64_complex64
19702146548,329788,403801,1,1,1,32,32,1,30,0.000,0.000,,,,,NVIDIA A100-SXM4-40GB MIG 4g.20gb (0),1,,13,"void convert_kernel<__half2, float2>(tensor_layout_any, T1 *, tensor_layout_any, const T2 *)"
19702506544,5536,403804,,,,,,,,,,0.094,16924.777,Pinned,Device,NVIDIA A100-SXM4-40GB MIG 4g.20gb (0),1,,13,[CUDA memcpy Host-to-Device]
19702611567,617017,403805,,,,,,,,,,456.561,739629.533,Device,,NVIDIA A100-SXM4-40GB MIG 4g.20gb (0),1,,13,[CUDA memset]
19703234280,51679,403810,,,,,,,,,,1.235,23896.166,Pinned,Device,NVIDIA A100-SXM4-40GB MIG 4g.20gb (0),1,,13,[CUDA memcpy Host-to-Device]
19703288583,9440,403811,,,,,,,,,,0.197,20827.079,Pinned,Device,NVIDIA A100-SXM4-40GB MIG 4g.20gb (0),1,,13,[CUDA memcpy Host-to-Device]
19703657667,13888,403812,69,4,1,48,1,1,76,0.002,0.000,,,,,NVIDIA A100-SXM4-40GB MIG 4g.20gb (0),1,,13,"void ch_est::windowedChEstPreNoDftSOfdmKernel<float, __half, float, (unsigned int)2, (unsigned int)1, (unsigned short)4>(ch_est::puschRxChEstStatDescr_t *, ch_est::puschRxChEstDynDescr_t *)"
19704252764,21600,403813,137,2,1,24,2,1,44,0.001,0.001,,,,,NVIDIA A100-SXM4-40GB MIG 4g.20gb (0),1,,13,"void ch_est::chEstFilterNoDftSOfdmDispatchKernel<float, __half, float, (unsigned int)2>(ch_est::puschRxChEstStatDescr_t *, ch_est::puschRxChEstDynDescr_t *)"
19704306428,13472,403814,137,2,1,24,2,1,44,0.001,0.001,,,,,NVIDIA A100-SXM4-40GB MIG 4g.20gb (0),1,,13,"void ch_est::chEstFilterNoDftSOfdmDispatchKernel<float, __half, float, (unsigned int)2>(ch_est::puschRxChEstStatDescr_t *, ch_est::puschRxChEstDynDescr_t *)"
19704695927,4672,403825,103,1,1,128,1,1,16,0.000,0.000,,,,,NVIDIA A100-SXM4-40GB MIG 4g.20gb (0),1,,13,cupy_copy__complex64_complex64
19705043540,20991,403835,1434,1,1,128,1,1,16,0.000,0.000,,,,,NVIDIA A100-SXM4-40GB MIG 4g.20gb (0),1,,13,cupy_copy__complex64_complex64
19705271377,4000,403842,103,1,1,128,1,1,16,0.000,0.000,,,,,NVIDIA A100-SXM4-40GB MIG 4g.20gb (0),1,,13,cupy_copy__complex64_complex64
19705543310,362428,403849,1,1,1,32,32,1,30,0.000,0.000,,,,,NVIDIA A100-SXM4-40GB MIG 4g.20gb (0),1,,13,"void convert_kernel<__half2, float2>(tensor_layout_any, T1 *, tensor_layout_any, const T2 *)"
19705936458,6592,403852,,,,,,,,,,0.094,14213.590,Pinned,Device,NVIDIA A100-SXM4-40GB MIG 4g.20gb (0),1,,13,[CUDA memcpy Host-to-Device]
19706361829,48191,403853,,,,,,,,,,35.810,743055.840,Device,,NVIDIA A100-SXM4-40GB MIG 4g.20gb (0),1,,13,[CUDA memset]
19706412580,2080,403855,,,,,,,,,,0.000,38.462,Pinned,Device,NVIDIA A100-SXM4-40GB MIG 4g.20gb (0),1,,13,[CUDA memcpy Host-to-Device]
19706417284,11648,403856,,,,,,,,,,0.197,16878.993,Pinned,Device,NVIDIA A100-SXM4-40GB MIG 4g.20gb (0),1,,13,[CUDA memcpy Host-to-Device]
19706946878,20256,403857,273,1,1,48,1,1,40,0.000,0.001,,,,,NVIDIA A100-SXM4-40GB MIG 4g.20gb (0),1,,13,"void pusch_noise_intf_est::noiseIntfEstNoDftSOfdmKernel<float, __half, float, float, (unsigned int)2, (unsigned int)1, (unsigned char)4, (unsigned char)4>(pusch_noise_intf_est::puschRxNoiseIntfEstDynDescr)"
19707399193,12896,403868,35,1,1,128,1,1,16,0.000,0.000,,,,,NVIDIA A100-SXM4-40GB MIG 4g.20gb (0),1,,13,cupy_copy__complex64_complex64
19707788469,8480,403877,1,1,1,1,1,1,18,0.000,0.000,,,,,NVIDIA A100-SXM4-40GB MIG 4g.20gb (0),1,,13,cupy_copy__float32_float32
19707806229,1792,403883,,,,,,,,,,0.000,2.232,Device,Pageable,NVIDIA A100-SXM4-40GB MIG 4g.20gb (0),1,,7,[CUDA memcpy Device-to-Host]
19708315663,23520,403894,1434,1,1,128,1,1,16,0.000,0.000,,,,,NVIDIA A100-SXM4-40GB MIG 4g.20gb (0),1,,13,cupy_copy__complex64_complex64
19708555980,5248,403901,103,1,1,128,1,1,16,0.000,0.000,,,,,NVIDIA A100-SXM4-40GB MIG 4g.20gb (0),1,,13,cupy_copy__complex64_complex64
19708799114,15135,403908,35,1,1,128,1,1,16,0.000,0.000,,,,,NVIDIA A100-SXM4-40GB MIG 4g.20gb (0),1,,13,cupy_copy__complex64_complex64
19708966216,8384,403915,1,1,1,1,1,1,18,0.000,0.000,,,,,NVIDIA A100-SXM4-40GB MIG 4g.20gb (0),1,,13,cupy_copy__float32_float32
19709264356,328285,403926,1,1,1,32,32,1,30,0.000,0.000,,,,,NVIDIA A100-SXM4-40GB MIG 4g.20gb (0),1,,13,"void convert_kernel<__half2, float2>(tensor_layout_any, T1 *, tensor_layout_any, const T2 *)"
19709621088,5856,403929,,,,,,,,,,0.094,15999.997,Pinned,Device,NVIDIA A100-SXM4-40GB MIG 4g.20gb (0),1,,13,[CUDA memcpy Host-to-Device]
19709931293,9728,403930,,,,,,,,,,1.547,158986.761,Device,,NVIDIA A100-SXM4-40GB MIG 4g.20gb (0),1,,13,[CUDA memset]
19709949469,3104,403935,,,,,,,,,,0.031,10082.445,Pinned,Device,NVIDIA A100-SXM4-40GB MIG 4g.20gb (0),1,,13,[CUDA memcpy Host-to-Device]
19709958301,10176,403936,,,,,,,,,,0.197,19320.668,Pinned,Device,NVIDIA A100-SXM4-40GB MIG 4g.20gb (0),1,,13,[CUDA memcpy Host-to-Device]
19710189434,22880,403937,273,1,1,8,4,1,39,0.002,0.000,,,,,NVIDIA A100-SXM4-40GB MIG 4g.20gb (0),1,,13,"void channel_eq::eqMmseCoefCompLowMimoKernel<float, float, float, (unsigned int)4, (unsigned int)1, (unsigned int)4>(const channel_eq::_puschRxChEqStatDescr *, channel_eq::_puschRxChEqCoefCompDynDescr)"
19710213882,8576,403938,273,1,1,12,11,1,51,0.002,0.000,,,,,NVIDIA A100-SXM4-40GB MIG 4g.20gb (0),1,,13,"void channel_eq::eqMmseSoftDemapKernel<float, __half, __half, float, (unsigned int)4, (unsigned short)16383>(channel_eq::_puschRxChEqStatDescr *, channel_eq::_puschRxChEqSoftDemapDynDescr)"
19710224922,282588,403939,1,1,1,32,32,1,30,0.000,0.000,,,,,NVIDIA A100-SXM4-40GB MIG 4g.20gb (0),1,,13,"void convert_kernel<float2, __half2>(tensor_layout_any, T1 *, tensor_layout_any, const T2 *)"
19710509078,10944,403951,2253,1,1,128,1,1,16,0.000,0.000,,,,,NVIDIA A100-SXM4-40GB MIG 4g.20gb (0),1,,13,cupy_copy__float16_float16
19710521942,2816,403960,282,1,1,128,1,1,16,0.000,0.000,,,,,NVIDIA A100-SXM4-40GB MIG 4g.20gb (0),1,,13,cupy_copy__complex64_complex64
19710526902,2080,403969,26,1,1,128,1,1,16,0.000,0.000,,,,,NVIDIA A100-SXM4-40GB MIG 4g.20gb (0),1,,13,cupy_copy__float32_float32
19710530934,2912,403978,103,1,1,128,1,1,16,0.000,0.000,,,,,NVIDIA A100-SXM4-40GB MIG 4g.20gb (0),1,,13,cupy_copy__complex64_complex64
19710536086,12160,403988,1434,1,1,128,1,1,16,0.000,0.000,,,,,NVIDIA A100-SXM4-40GB MIG 4g.20gb (0),1,,13,cupy_copy__complex64_complex64
19710549494,79551,403993,1,1,1,32,32,1,30,0.000,0.000,,,,,NVIDIA A100-SXM4-40GB MIG 4g.20gb (0),1,,13,"void convert_kernel<__half2, float2>(tensor_layout_any, T1 *, tensor_layout_any, const T2 *)"
19710657333,6368,403996,,,,,,,,,,0.094,14713.551,Pinned,Device,NVIDIA A100-SXM4-40GB MIG 4g.20gb (0),1,,13,[CUDA memcpy Host-to-Device]
19710668181,615769,403997,,,,,,,,,,456.561,740999.217,Device,,NVIDIA A100-SXM4-40GB MIG 4g.20gb (0),1,,13,[CUDA memset]
19711290574,51743,404002,,,,,,,,,,1.235,23866.528,Pinned,Device,NVIDIA A100-SXM4-40GB MIG 4g.20gb (0),1,,13,[CUDA memcpy Host-to-Device]
19711345933,11424,404003,,,,,,,,,,0.197,17210.081,Pinned,Device,NVIDIA A100-SXM4-40GB MIG 4g.20gb (0),1,,13,[CUDA memcpy Host-to-Device]
19711466252,20608,404004,69,4,1,48,1,1,76,0.002,0.000,,,,,NVIDIA A100-SXM4-40GB MIG 4g.20gb (0),1,,13,"void ch_est::windowedChEstPreNoDftSOfdmKernel<float, __half, float, (unsigned int)2, (unsigned int)1, (unsigned short)4>(ch_est::puschRxChEstStatDescr_t *, ch_est::puschRxChEstDynDescr_t *)"
19711755881,19359,404005,137,2,1,24,2,1,44,0.001,0.001,,,,,NVIDIA A100-SXM4-40GB MIG 4g.20gb (0),1,,13,"void ch_est::chEstFilterNoDftSOfdmDispatchKernel<float, __half, float, (unsigned int)2>(ch_est::puschRxChEstStatDescr_t *, ch_est::puschRxChEstDynDescr_t *)"
19711837032,17599,404006,137,2,1,24,2,1,44,0.001,0.001,,,,,NVIDIA A100-SXM4-40GB MIG 4g.20gb (0),1,,13,"void ch_est::chEstFilterNoDftSOfdmDispatchKernel<float, __half, float, (unsigned int)2>(ch_est::puschRxChEstStatDescr_t *, ch_est::puschRxChEstDynDescr_t *)"
19712128420,6880,404017,103,1,1,128,1,1,16,0.000,0.000,,,,,NVIDIA A100-SXM4-40GB MIG 4g.20gb (0),1,,13,cupy_copy__complex64_complex64
19712205668,37951,404027,1434,1,1,128,1,1,16,0.000,0.000,,,,,NVIDIA A100-SXM4-40GB MIG 4g.20gb (0),1,,13,cupy_copy__complex64_complex64
19712582303,9408,404034,103,1,1,128,1,1,16,0.000,0.000,,,,,NVIDIA A100-SXM4-40GB MIG 4g.20gb (0),1,,13,cupy_copy__complex64_complex64
19712937499,311165,404041,1,1,1,32,32,1,30,0.000,0.000,,,,,NVIDIA A100-SXM4-40GB MIG 4g.20gb (0),1,,13,"void convert_kernel<__half2, float2>(tensor_layout_any, T1 *, tensor_layout_any, const T2 *)"
19713277336,6655,404044,,,,,,,,,,0.094,14078.948,Pinned,Device,NVIDIA A100-SXM4-40GB MIG 4g.20gb (0),1,,13,[CUDA memcpy Host-to-Device]
19713590484,50655,404045,,,,,,,,,,35.810,706923.631,Device,,NVIDIA A100-SXM4-40GB MIG 4g.20gb (0),1,,13,[CUDA memset]
19713648531,2080,404047,,,,,,,,,,0.000,38.462,Pinned,Device,NVIDIA A100-SXM4-40GB MIG 4g.20gb (0),1,,13,[CUDA memcpy Host-to-Device]
19713653555,9760,404048,,,,,,,,,,0.197,20144.259,Pinned,Device,NVIDIA A100-SXM4-40GB MIG 4g.20gb (0),1,,13,[CUDA memcpy Host-to-Device]
19714012783,26496,404049,273,1,1,48,1,1,40,0.000,0.001,,,,,NVIDIA A100-SXM4-40GB MIG 4g.20gb (0),1,,13,"void pusch_noise_intf_est::noiseIntfEstNoDftSOfdmKernel<float, __half, float, float, (unsigned int)2, (unsigned int)1, (unsigned char)4, (unsigned char)4>(pusch_noise_intf_est::puschRxNoiseIntfEstDynDescr)"
19714495370,8928,404060,35,1,1,128,1,1,16,0.000,0.000,,,,,NVIDIA A100-SXM4-40GB MIG 4g.20gb (0),1,,13,cupy_copy__complex64_complex64
19714864230,4096,404069,1,1,1,1,1,1,18,0.000,0.000,,,,,NVIDIA A100-SXM4-40GB MIG 4g.20gb (0),1,,13,cupy_copy__float32_float32
19714870278,1664,404075,,,,,,,,,,0.000,2.404,Device,Pageable,NVIDIA A100-SXM4-40GB MIG 4g.20gb (0),1,,7,[CUDA memcpy Device-to-Host]
19715328129,18495,404086,1434,1,1,128,1,1,16,0.000,0.000,,,,,NVIDIA A100-SXM4-40GB MIG 4g.20gb (0),1,,13,cupy_copy__complex64_complex64
19715529790,4288,404093,103,1,1,128,1,1,16,0.000,0.000,,,,,NVIDIA A100-SXM4-40GB MIG 4g.20gb (0),1,,13,cupy_copy__complex64_complex64
19715802171,6592,404100,35,1,1,128,1,1,16,0.000,0.000,,,,,NVIDIA A100-SXM4-40GB MIG 4g.20gb (0),1,,13,cupy_copy__complex64_complex64
19715886234,3360,404107,1,1,1,1,1,1,18,0.000,0.000,,,,,NVIDIA A100-SXM4-40GB MIG 4g.20gb (0),1,,13,cupy_copy__float32_float32
19715891482,304637,404118,1,1,1,32,32,1,30,0.000,0.000,,,,,NVIDIA A100-SXM4-40GB MIG 4g.20gb (0),1,,13,"void convert_kernel<__half2, float2>(tensor_layout_any, T1 *, tensor_layout_any, const T2 *)"
19716226071,5440,404121,,,,,,,,,,0.094,17223.480,Pinned,Device,NVIDIA A100-SXM4-40GB MIG 4g.20gb (0),1,,13,[CUDA memcpy Host-to-Device]
19716241462,3680,404122,,,,,,,,,,1.547,420278.059,Device,,NVIDIA A100-SXM4-40GB MIG 4g.20gb (0),1,,13,[CUDA memset]
19716248566,3008,404127,,,,,,,,,,0.031,10404.230,Pinned,Device,NVIDIA A100-SXM4-40GB MIG 4g.20gb (0),1,,13,[CUDA memcpy Host-to-Device]
19716253686,9376,404128,,,,,,,,,,0.197,20969.226,Pinned,Device,NVIDIA A100-SXM4-40GB MIG 4g.20gb (0),1,,13,[CUDA memcpy Host-to-Device]
19716267094,7392,404129,273,1,1,8,4,1,39,0.002,0.000,,,,,NVIDIA A100-SXM4-40GB MIG 4g.20gb (0),1,,13,"void channel_eq::eqMmseCoefCompLowMimoKernel<float, float, float, (unsigned int)4, (unsigned int)1, (unsigned int)4>(const channel_eq::_puschRxChEqStatDescr *, channel_eq::_puschRxChEqCoefCompDynDescr)"
19716276822,7808,404130,273,1,1,12,11,1,51,0.002,0.000,,,,,NVIDIA A100-SXM4-40GB MIG 4g.20gb (0),1,,13,"void channel_eq::eqMmseSoftDemapKernel<float, __half, __half, float, (unsigned int)4, (unsigned short)16383>(channel_eq::_puschRxChEqStatDescr *, channel_eq::_puschRxChEqSoftDemapDynDescr)"
19716286422,281277,404131,1,1,1,32,32,1,30,0.000,0.000,,,,,NVIDIA A100-SXM4-40GB MIG 4g.20gb (0),1,,13,"void convert_kernel<float2, __half2>(tensor_layout_any, T1 *, tensor_layout_any, const T2 *)"
19716569427,10592,404143,2253,1,1,128,1,1,16,0.000,0.000,,,,,NVIDIA A100-SXM4-40GB MIG 4g.20gb (0),1,,13,cupy_copy__float16_float16
19716581395,2848,404152,282,1,1,128,1,1,16,0.000,0.000,,,,,NVIDIA A100-SXM4-40GB MIG 4g.20gb (0),1,,13,cupy_copy__complex64_complex64
19716586867,2112,404161,26,1,1,128,1,1,16,0.000,0.000,,,,,NVIDIA A100-SXM4-40GB MIG 4g.20gb (0),1,,13,cupy_copy__float32_float32
19716590898,2912,404170,103,1,1,128,1,1,16,0.000,0.000,,,,,NVIDIA A100-SXM4-40GB MIG 4g.20gb (0),1,,13,cupy_copy__complex64_complex64
19716596274,11936,404180,1434,1,1,128,1,1,16,0.000,0.000,,,,,NVIDIA A100-SXM4-40GB MIG 4g.20gb (0),1,,13,cupy_copy__complex64_complex64
19716695057,175678,404185,1,1,1,32,32,1,30,0.000,0.000,,,,,NVIDIA A100-SXM4-40GB MIG 4g.20gb (0),1,,13,"void convert_kernel<__half2, float2>(tensor_layout_any, T1 *, tensor_layout_any, const T2 *)"
19716898991,5536,404188,,,,,,,,,,0.094,16924.777,Pinned,Device,NVIDIA A100-SXM4-40GB MIG 4g.20gb (0),1,,13,[CUDA memcpy Host-to-Device]
19717015406,610297,404189,,,,,,,,,,456.561,747847.639,Device,,NVIDIA A100-SXM4-40GB MIG 4g.20gb (0),1,,13,[CUDA memset]
19717633927,50559,404194,,,,,,,,,,1.235,24424.722,Pinned,Device,NVIDIA A100-SXM4-40GB MIG 4g.20gb (0),1,,13,[CUDA memcpy Host-to-Device]
19717687750,10176,404195,,,,,,,,,,0.197,19320.668,Pinned,Device,NVIDIA A100-SXM4-40GB MIG 4g.20gb (0),1,,13,[CUDA memcpy Host-to-Device]
19717841701,23327,404196,69,4,1,48,1,1,76,0.002,0.000,,,,,NVIDIA A100-SXM4-40GB MIG 4g.20gb (0),1,,13,"void ch_est::windowedChEstPreNoDftSOfdmKernel<float, __half, float, (unsigned int)2, (unsigned int)1, (unsigned short)4>(ch_est::puschRxChEstStatDescr_t *, ch_est::puschRxChEstDynDescr_t *)"
19717901732,9664,404197,137,2,1,24,2,1,44,0.001,0.001,,,,,NVIDIA A100-SXM4-40GB MIG 4g.20gb (0),1,,13,"void ch_est::chEstFilterNoDftSOfdmDispatchKernel<float, __half, float, (unsigned int)2>(ch_est::puschRxChEstStatDescr_t *, ch_est::puschRxChEstDynDescr_t *)"
19718000547,14208,404198,137,2,1,24,2,1,44,0.001,0.001,,,,,NVIDIA A100-SXM4-40GB MIG 4g.20gb (0),1,,13,"void ch_est::chEstFilterNoDftSOfdmDispatchKernel<float, __half, float, (unsigned int)2>(ch_est::puschRxChEstStatDescr_t *, ch_est::puschRxChEstDynDescr_t *)"
19718338175,4384,404209,103,1,1,128,1,1,16,0.000,0.000,,,,,NVIDIA A100-SXM4-40GB MIG 4g.20gb (0),1,,13,cupy_copy__complex64_complex64
19718574236,19104,404219,1434,1,1,128,1,1,16,0.000,0.000,,,,,NVIDIA A100-SXM4-40GB MIG 4g.20gb (0),1,,13,cupy_copy__complex64_complex64
19718682747,4960,404226,103,1,1,128,1,1,16,0.000,0.000,,,,,NVIDIA A100-SXM4-40GB MIG 4g.20gb (0),1,,13,cupy_copy__complex64_complex64
19718926488,322205,404233,1,1,1,32,32,1,30,0.000,0.000,,,,,NVIDIA A100-SXM4-40GB MIG 4g.20gb (0),1,,13,"void convert_kernel<__half2, float2>(tensor_layout_any, T1 *, tensor_layout_any, const T2 *)"
19719276980,5984,404236,,,,,,,,,,0.094,15657.726,Pinned,Device,NVIDIA A100-SXM4-40GB MIG 4g.20gb (0),1,,13,[CUDA memcpy Host-to-Device]
19719591505,54303,404237,,,,,,,,,,35.810,659439.677,Device,,NVIDIA A100-SXM4-40GB MIG 4g.20gb (0),1,,13,[CUDA memset]
19719648656,1824,404239,,,,,,,,,,0.000,43.860,Pinned,Device,NVIDIA A100-SXM4-40GB MIG 4g.20gb (0),1,,13,[CUDA memcpy Host-to-Device]
19719654000,9568,404240,,,,,,,,,,0.197,20548.485,Pinned,Device,NVIDIA A100-SXM4-40GB MIG 4g.20gb (0),1,,13,[CUDA memcpy Host-to-Device]
19719977453,20287,404241,273,1,1,48,1,1,40,0.000,0.001,,,,,NVIDIA A100-SXM4-40GB MIG 4g.20gb (0),1,,13,"void pusch_noise_intf_est::noiseIntfEstNoDftSOfdmKernel<float, __half, float, float, (unsigned int)2, (unsigned int)1, (unsigned char)4, (unsigned char)4>(pusch_noise_intf_est::puschRxNoiseIntfEstDynDescr)"
19720321641,6816,404252,35,1,1,128,1,1,16,0.000,0.000,,,,,NVIDIA A100-SXM4-40GB MIG 4g.20gb (0),1,,13,cupy_copy__complex64_complex64
19720420424,3968,404261,1,1,1,1,1,1,18,0.000,0.000,,,,,NVIDIA A100-SXM4-40GB MIG 4g.20gb (0),1,,13,cupy_copy__float32_float32
19720432552,1952,404267,,,,,,,,,,0.000,2.049,Device,Pageable,NVIDIA A100-SXM4-40GB MIG 4g.20gb (0),1,,7,[CUDA memcpy Device-to-Host]
19720753508,16256,404278,1434,1,1,128,1,1,16,0.000,0.000,,,,,NVIDIA A100-SXM4-40GB MIG 4g.20gb (0),1,,13,cupy_copy__complex64_complex64
19720771140,3488,404285,103,1,1,128,1,1,16,0.000,0.000,,,,,NVIDIA A100-SXM4-40GB MIG 4g.20gb (0),1,,13,cupy_copy__complex64_complex64
19720862115,4480,404292,35,1,1,128,1,1,16,0.000,0.000,,,,,NVIDIA A100-SXM4-40GB MIG 4g.20gb (0),1,,13,cupy_copy__complex64_complex64
19720868547,5024,404299,1,1,1,1,1,1,18,0.000,0.000,,,,,NVIDIA A100-SXM4-40GB MIG 4g.20gb (0),1,,13,cupy_copy__float32_float32
19720875651,180222,404310,1,1,1,32,32,1,30,0.000,0.000,,,,,NVIDIA A100-SXM4-40GB MIG 4g.20gb (0),1,,13,"void convert_kernel<__half2, float2>(tensor_layout_any, T1 *, tensor_layout_any, const T2 *)"
19721085280,5376,404313,,,,,,,,,,0.094,17428.487,Pinned,Device,NVIDIA A100-SXM4-40GB MIG 4g.20gb (0),1,,13,[CUDA memcpy Host-to-Device]
19721099872,3232,404314,,,,,,,,,,1.547,478533.199,Device,,NVIDIA A100-SXM4-40GB MIG 4g.20gb (0),1,,13,[CUDA memset]
19721106336,3040,404319,,,,,,,,,,0.031,10294.725,Pinned,Device,NVIDIA A100-SXM4-40GB MIG 4g.20gb (0),1,,13,[CUDA memcpy Host-to-Device]
19721112832,9568,404320,,,,,,,,,,0.197,20548.485,Pinned,Device,NVIDIA A100-SXM4-40GB MIG 4g.20gb (0),1,,13,[CUDA memcpy Host-to-Device]
19721126144,7744,404321,273,1,1,8,4,1,39,0.002,0.000,,,,,NVIDIA A100-SXM4-40GB MIG 4g.20gb (0),1,,13,"void channel_eq::eqMmseCoefCompLowMimoKernel<float, float, float, (unsigned int)4, (unsigned int)1, (unsigned int)4>(const channel_eq::_puschRxChEqStatDescr *, channel_eq::_puschRxChEqCoefCompDynDescr)"
19721135648,6976,404322,273,1,1,12,11,1,51,0.002,0.000,,,,,NVIDIA A100-SXM4-40GB MIG 4g.20gb (0),1,,13,"void channel_eq::eqMmseSoftDemapKernel<float, __half, __half, float, (unsigned int)4, (unsigned short)16383>(channel_eq::_puschRxChEqStatDescr *, channel_eq::_puschRxChEqSoftDemapDynDescr)"
19721144416,281340,404323,1,1,1,32,32,1,30,0.000,0.000,,,,,NVIDIA A100-SXM4-40GB MIG 4g.20gb (0),1,,13,"void convert_kernel<float2, __half2>(tensor_layout_any, T1 *, tensor_layout_any, const T2 *)"
19721428540,10528,404335,2253,1,1,128,1,1,16,0.000,0.000,,,,,NVIDIA A100-SXM4-40GB MIG 4g.20gb (0),1,,13,cupy_copy__float16_float16
19721441340,2816,404344,282,1,1,128,1,1,16,0.000,0.000,,,,,NVIDIA A100-SXM4-40GB MIG 4g.20gb (0),1,,13,cupy_copy__complex64_complex64
19721445980,2112,404353,26,1,1,128,1,1,16,0.000,0.000,,,,,NVIDIA A100-SXM4-40GB MIG 4g.20gb (0),1,,13,cupy_copy__float32_float32
19721450172,2880,404362,103,1,1,128,1,1,16,0.000,0.000,,,,,NVIDIA A100-SXM4-40GB MIG 4g.20gb (0),1,,13,cupy_copy__complex64_complex64
19721455132,12128,404372,1434,1,1,128,1,1,16,0.000,0.000,,,,,NVIDIA A100-SXM4-40GB MIG 4g.20gb (0),1,,13,cupy_copy__complex64_complex64
19721572827,163198,404377,1,1,1,32,32,1,30,0.000,0.000,,,,,NVIDIA A100-SXM4-40GB MIG 4g.20gb (0),1,,13,"void convert_kernel<__half2, float2>(tensor_layout_any, T1 *, tensor_layout_any, const T2 *)"
19721764889,5472,404380,,,,,,,,,,0.094,17122.757,Pinned,Device,NVIDIA A100-SXM4-40GB MIG 4g.20gb (0),1,,13,[CUDA memcpy Host-to-Device]
19721915703,609049,404381,,,,,,,,,,456.561,749217.323,Device,,NVIDIA A100-SXM4-40GB MIG 4g.20gb (0),1,,13,[CUDA memset]
19722531632,50368,404386,,,,,,,,,,1.235,24517.343,Pinned,Device,NVIDIA A100-SXM4-40GB MIG 4g.20gb (0),1,,13,[CUDA memcpy Host-to-Device]
19722584463,9600,404387,,,,,,,,,,0.197,20479.869,Pinned,Device,NVIDIA A100-SXM4-40GB MIG 4g.20gb (0),1,,13,[CUDA memcpy Host-to-Device]
19722811405,9504,404388,69,4,1,48,1,1,76,0.002,0.000,,,,,NVIDIA A100-SXM4-40GB MIG 4g.20gb (0),1,,13,"void ch_est::windowedChEstPreNoDftSOfdmKernel<float, __half, float, (unsigned int)2, (unsigned int)1, (unsigned short)4>(ch_est::puschRxChEstStatDescr_t *, ch_est::puschRxChEstDynDescr_t *)"
19722950347,20928,404389,137,2,1,24,2,1,44,0.001,0.001,,,,,NVIDIA A100-SXM4-40GB MIG 4g.20gb (0),1,,13,"void ch_est::chEstFilterNoDftSOfdmDispatchKernel<float, __half, float, (unsigned int)2>(ch_est::puschRxChEstStatDescr_t *, ch_est::puschRxChEstDynDescr_t *)"
19723206985,20735,404390,137,2,1,24,2,1,44,0.001,0.001,,,,,NVIDIA A100-SXM4-40GB MIG 4g.20gb (0),1,,13,"void ch_est::chEstFilterNoDftSOfdmDispatchKernel<float, __half, float, (unsigned int)2>(ch_est::puschRxChEstStatDescr_t *, ch_est::puschRxChEstDynDescr_t *)"
19723264968,15840,404401,103,1,1,128,1,1,16,0.000,0.000,,,,,NVIDIA A100-SXM4-40GB MIG 4g.20gb (0),1,,13,cupy_copy__complex64_complex64
19723519205,16288,404411,1434,1,1,128,1,1,16,0.000,0.000,,,,,NVIDIA A100-SXM4-40GB MIG 4g.20gb (0),1,,13,cupy_copy__complex64_complex64
19723589700,15776,404418,103,1,1,128,1,1,16,0.000,0.000,,,,,NVIDIA A100-SXM4-40GB MIG 4g.20gb (0),1,,13,cupy_copy__complex64_complex64
19723845185,302429,404425,1,1,1,32,32,1,30,0.000,0.000,,,,,NVIDIA A100-SXM4-40GB MIG 4g.20gb (0),1,,13,"void convert_kernel<__half2, float2>(tensor_layout_any, T1 *, tensor_layout_any, const T2 *)"
19724177374,5664,404428,,,,,,,,,,0.094,16542.310,Pinned,Device,NVIDIA A100-SXM4-40GB MIG 4g.20gb (0),1,,13,[CUDA memcpy Host-to-Device]
19724463514,50336,404429,,,,,,,,,,35.810,711399.871,Device,,NVIDIA A100-SXM4-40GB MIG 4g.20gb (0),1,,13,[CUDA memset]
19724515322,2336,404431,,,,,,,,,,0.000,34.247,Pinned,Device,NVIDIA A100-SXM4-40GB MIG 4g.20gb (0),1,,13,[CUDA memcpy Host-to-Device]
19724521850,12000,404432,,,,,,,,,,0.197,16383.934,Pinned,Device,NVIDIA A100-SXM4-40GB MIG 4g.20gb (0),1,,13,[CUDA memcpy Host-to-Device]
19724838742,23616,404433,273,1,1,48,1,1,40,0.000,0.001,,,,,NVIDIA A100-SXM4-40GB MIG 4g.20gb (0),1,,13,"void pusch_noise_intf_est::noiseIntfEstNoDftSOfdmKernel<float, __half, float, float, (unsigned int)2, (unsigned int)1, (unsigned char)4, (unsigned char)4>(pusch_noise_intf_est::puschRxNoiseIntfEstDynDescr)"
19724901142,13023,404444,35,1,1,128,1,1,16,0.000,0.000,,,,,NVIDIA A100-SXM4-40GB MIG 4g.20gb (0),1,,13,cupy_copy__complex64_complex64
19725156787,4608,404453,1,1,1,1,1,1,18,0.000,0.000,,,,,NVIDIA A100-SXM4-40GB MIG 4g.20gb (0),1,,13,cupy_copy__float32_float32
19725169427,2976,404459,,,,,,,,,,0.000,1.344,Device,Pageable,NVIDIA A100-SXM4-40GB MIG 4g.20gb (0),1,,7,[CUDA memcpy Device-to-Host]
19725464783,16736,404470,1434,1,1,128,1,1,16,0.000,0.000,,,,,NVIDIA A100-SXM4-40GB MIG 4g.20gb (0),1,,13,cupy_copy__complex64_complex64
19725533519,15999,404477,103,1,1,128,1,1,16,0.000,0.000,,,,,NVIDIA A100-SXM4-40GB MIG 4g.20gb (0),1,,13,cupy_copy__complex64_complex64
19725551022,4832,404484,35,1,1,128,1,1,16,0.000,0.000,,,,,NVIDIA A100-SXM4-40GB MIG 4g.20gb (0),1,,13,cupy_copy__complex64_complex64
19725558670,2080,404491,1,1,1,1,1,1,18,0.000,0.000,,,,,NVIDIA A100-SXM4-40GB MIG 4g.20gb (0),1,,13,cupy_copy__float32_float32
19725611278,199837,404502,1,1,1,32,32,1,30,0.000,0.000,,,,,NVIDIA A100-SXM4-40GB MIG 4g.20gb (0),1,,13,"void convert_kernel<__half2, float2>(tensor_layout_any, T1 *, tensor_layout_any, const T2 *)"
19725839403,5728,404505,,,,,,,,,,0.094,16357.541,Pinned,Device,NVIDIA A100-SXM4-40GB MIG 4g.20gb (0),1,,13,[CUDA memcpy Host-to-Device]
19725854731,3616,404506,,,,,,,,,,1.547,427715.774,Device,,NVIDIA A100-SXM4-40GB MIG 4g.20gb (0),1,,13,[CUDA memset]
19725861515,3040,404511,,,,,,,,,,0.031,10294.725,Pinned,Device,NVIDIA A100-SXM4-40GB MIG 4g.20gb (0),1,,13,[CUDA memcpy Host-to-Device]
19725866635,9312,404512,,,,,,,,,,0.197,21113.340,Pinned,Device,NVIDIA A100-SXM4-40GB MIG 4g.20gb (0),1,,13,[CUDA memcpy Host-to-Device]
19725879851,7296,404513,273,1,1,8,4,1,39,0.002,0.000,,,,,NVIDIA A100-SXM4-40GB MIG 4g.20gb (0),1,,13,"void channel_eq::eqMmseCoefCompLowMimoKernel<float, float, float, (unsigned int)4, (unsigned int)1, (unsigned int)4>(const channel_eq::_puschRxChEqStatDescr *, channel_eq::_puschRxChEqCoefCompDynDescr)"
19725888491,6527,404514,273,1,1,12,11,1,51,0.002,0.000,,,,,NVIDIA A100-SXM4-40GB MIG 4g.20gb (0),1,,13,"void channel_eq::eqMmseSoftDemapKernel<float, __half, __half, float, (unsigned int)4, (unsigned short)16383>(channel_eq::_puschRxChEqStatDescr *, channel_eq::_puschRxChEqSoftDemapDynDescr)"
19725896650,282077,404515,1,1,1,32,32,1,30,0.000,0.000,,,,,NVIDIA A100-SXM4-40GB MIG 4g.20gb (0),1,,13,"void convert_kernel<float2, __half2>(tensor_layout_any, T1 *, tensor_layout_any, const T2 *)"
19726180295,10464,404527,2253,1,1,128,1,1,16,0.000,0.000,,,,,NVIDIA A100-SXM4-40GB MIG 4g.20gb (0),1,,13,cupy_copy__float16_float16
19726192903,2848,404536,282,1,1,128,1,1,16,0.000,0.000,,,,,NVIDIA A100-SXM4-40GB MIG 4g.20gb (0),1,,13,cupy_copy__complex64_complex64
19726197959,2112,404545,26,1,1,128,1,1,16,0.000,0.000,,,,,NVIDIA A100-SXM4-40GB MIG 4g.20gb (0),1,,13,cupy_copy__float32_float32
19726201511,2912,404554,103,1,1,128,1,1,16,0.000,0.000,,,,,NVIDIA A100-SXM4-40GB MIG 4g.20gb (0),1,,13,cupy_copy__complex64_complex64
19726206599,11968,404564,1434,1,1,128,1,1,16,0.000,0.000,,,,,NVIDIA A100-SXM4-40GB MIG 4g.20gb (0),1,,13,cupy_copy__complex64_complex64
19726331430,79711,404569,1,1,1,32,32,1,30,0.000,0.000,,,,,NVIDIA A100-SXM4-40GB MIG 4g.20gb (0),1,,13,"void convert_kernel<__half2, float2>(tensor_layout_any, T1 *, tensor_layout_any, const T2 *)"
19726439652,5344,404572,,,,,,,,,,0.094,17532.864,Pinned,Device,NVIDIA A100-SXM4-40GB MIG 4g.20gb (0),1,,13,[CUDA memcpy Host-to-Device]
19726450500,615801,404573,,,,,,,,,,456.561,740999.217,Device,,NVIDIA A100-SXM4-40GB MIG 4g.20gb (0),1,,13,[CUDA memset]
19727071581,51680,404578,,,,,,,,,,1.235,23894.931,Pinned,Device,NVIDIA A100-SXM4-40GB MIG 4g.20gb (0),1,,13,[CUDA memcpy Host-to-Device]
19727125725,9504,404579,,,,,,,,,,0.197,20686.701,Pinned,Device,NVIDIA A100-SXM4-40GB MIG 4g.20gb (0),1,,13,[CUDA memcpy Host-to-Device]
19727271579,28544,404580,69,4,1,48,1,1,76,0.002,0.000,,,,,NVIDIA A100-SXM4-40GB MIG 4g.20gb (0),1,,13,"void ch_est::windowedChEstPreNoDftSOfdmKernel<float, __half, float, (unsigned int)2, (unsigned int)1, (unsigned short)4>(ch_est::puschRxChEstStatDescr_t *, ch_est::puschRxChEstDynDescr_t *)"
19727302235,7232,404581,137,2,1,24,2,1,44,0.001,0.001,,,,,NVIDIA A100-SXM4-40GB MIG 4g.20gb (0),1,,13,"void ch_est::chEstFilterNoDftSOfdmDispatchKernel<float, __half, float, (unsigned int)2>(ch_est::puschRxChEstStatDescr_t *, ch_est::puschRxChEstDynDescr_t *)"
19727453849,28992,404582,137,2,1,24,2,1,44,0.001,0.001,,,,,NVIDIA A100-SXM4-40GB MIG 4g.20gb (0),1,,13,"void ch_est::chEstFilterNoDftSOfdmDispatchKernel<float, __half, float, (unsigned int)2>(ch_est::puschRxChEstStatDescr_t *, ch_est::puschRxChEstDynDescr_t *)"
19727484345,4064,404593,103,1,1,128,1,1,16,0.000,0.000,,,,,NVIDIA A100-SXM4-40GB MIG 4g.20gb (0),1,,13,cupy_copy__complex64_complex64
19727490297,16287,404603,1434,1,1,128,1,1,16,0.000,0.000,,,,,NVIDIA A100-SXM4-40GB MIG 4g.20gb (0),1,,13,cupy_copy__complex64_complex64
19727549880,6176,404610,103,1,1,128,1,1,16,0.000,0.000,,,,,NVIDIA A100-SXM4-40GB MIG 4g.20gb (0),1,,13,cupy_copy__complex64_complex64
19727769078,360060,404617,1,1,1,32,32,1,30,0.000,0.000,,,,,NVIDIA A100-SXM4-40GB MIG 4g.20gb (0),1,,13,"void convert_kernel<__half2, float2>(tensor_layout_any, T1 *, tensor_layout_any, const T2 *)"
19728157873,6208,404620,,,,,,,,,,0.094,15092.739,Pinned,Device,NVIDIA A100-SXM4-40GB MIG 4g.20gb (0),1,,13,[CUDA memcpy Host-to-Device]
19728214929,57599,404621,,,,,,,,,,35.810,621696.021,Device,,NVIDIA A100-SXM4-40GB MIG 4g.20gb (0),1,,13,[CUDA memset]
19728280016,2304,404623,,,,,,,,,,0.000,34.722,Pinned,Device,NVIDIA A100-SXM4-40GB MIG 4g.20gb (0),1,,13,[CUDA memcpy Host-to-Device]
19728284784,10400,404624,,,,,,,,,,0.197,18904.449,Pinned,Device,NVIDIA A100-SXM4-40GB MIG 4g.20gb (0),1,,13,[CUDA memcpy Host-to-Device]
19728495405,25024,404625,273,1,1,48,1,1,40,0.000,0.001,,,,,NVIDIA A100-SXM4-40GB MIG 4g.20gb (0),1,,13,"void pusch_noise_intf_est::noiseIntfEstNoDftSOfdmKernel<float, __half, float, float, (unsigned int)2, (unsigned int)1, (unsigned char)4, (unsigned char)4>(pusch_noise_intf_est::puschRxNoiseIntfEstDynDescr)"
19728721259,12000,404636,35,1,1,128,1,1,16,0.000,0.000,,,,,NVIDIA A100-SXM4-40GB MIG 4g.20gb (0),1,,13,cupy_copy__complex64_complex64
19728876809,5056,404645,1,1,1,1,1,1,18,0.000,0.000,,,,,NVIDIA A100-SXM4-40GB MIG 4g.20gb (0),1,,13,cupy_copy__float32_float32
19728892073,1760,404651,,,,,,,,,,0.000,2.273,Device,Pageable,NVIDIA A100-SXM4-40GB MIG 4g.20gb (0),1,,7,[CUDA memcpy Device-to-Host]
19729097735,24863,404662,1434,1,1,128,1,1,16,0.000,0.000,,,,,NVIDIA A100-SXM4-40GB MIG 4g.20gb (0),1,,13,cupy_copy__complex64_complex64
19729170438,10304,404669,103,1,1,128,1,1,16,0.000,0.000,,,,,NVIDIA A100-SXM4-40GB MIG 4g.20gb (0),1,,13,cupy_copy__complex64_complex64
19729326212,19808,404676,35,1,1,128,1,1,16,0.000,0.000,,,,,NVIDIA A100-SXM4-40GB MIG 4g.20gb (0),1,,13,cupy_copy__complex64_complex64
19729454915,3872,404683,1,1,1,1,1,1,18,0.000,0.000,,,,,NVIDIA A100-SXM4-40GB MIG 4g.20gb (0),1,,13,cupy_copy__float32_float32
19729862910,307645,404694,1,1,1,32,32,1,30,0.000,0.000,,,,,NVIDIA A100-SXM4-40GB MIG 4g.20gb (0),1,,13,"void convert_kernel<__half2, float2>(tensor_layout_any, T1 *, tensor_layout_any, const T2 *)"
19730199642,5472,404697,,,,,,,,,,0.094,17122.757,Pinned,Device,NVIDIA A100-SXM4-40GB MIG 4g.20gb (0),1,,13,[CUDA memcpy Host-to-Device]
19730259386,9856,404698,,,,,,,,,,1.547,156922.018,Device,,NVIDIA A100-SXM4-40GB MIG 4g.20gb (0),1,,13,[CUDA memset]
19730276058,3039,404703,,,,,,,,,,0.031,10298.105,Pinned,Device,NVIDIA A100-SXM4-40GB MIG 4g.20gb (0),1,,13,[CUDA memcpy Host-to-Device]
19730281881,9344,404704,,,,,,,,,,0.197,21040.988,Pinned,Device,NVIDIA A100-SXM4-40GB MIG 4g.20gb (0),1,,13,[CUDA memcpy Host-to-Device]
19730295193,7264,404705,273,1,1,8,4,1,39,0.002,0.000,,,,,NVIDIA A100-SXM4-40GB MIG 4g.20gb (0),1,,13,"void channel_eq::eqMmseCoefCompLowMimoKernel<float, float, float, (unsigned int)4, (unsigned int)1, (unsigned int)4>(const channel_eq::_puschRxChEqStatDescr *, channel_eq::_puschRxChEqCoefCompDynDescr)"
19730303897,6496,404706,273,1,1,12,11,1,51,0.002,0.000,,,,,NVIDIA A100-SXM4-40GB MIG 4g.20gb (0),1,,13,"void channel_eq::eqMmseSoftDemapKernel<float, __half, __half, float, (unsigned int)4, (unsigned short)16383>(channel_eq::_puschRxChEqStatDescr *, channel_eq::_puschRxChEqSoftDemapDynDescr)"
19730312153,368700,404707,1,1,1,32,32,1,30,0.000,0.000,,,,,NVIDIA A100-SXM4-40GB MIG 4g.20gb (0),1,,13,"void convert_kernel<float2, __half2>(tensor_layout_any, T1 *, tensor_layout_any, const T2 *)"
19730751380,14208,404719,2253,1,1,128,1,1,16,0.000,0.000,,,,,NVIDIA A100-SXM4-40GB MIG 4g.20gb (0),1,,13,cupy_copy__float16_float16
19731300046,8640,404728,282,1,1,128,1,1,16,0.000,0.000,,,,,NVIDIA A100-SXM4-40GB MIG 4g.20gb (0),1,,13,cupy_copy__complex64_complex64
19731636042,5024,404737,26,1,1,128,1,1,16,0.000,0.000,,,,,NVIDIA A100-SXM4-40GB MIG 4g.20gb (0),1,,13,cupy_copy__float32_float32
19731905415,8096,404746,103,1,1,128,1,1,16,0.000,0.000,,,,,NVIDIA A100-SXM4-40GB MIG 4g.20gb (0),1,,13,cupy_copy__complex64_complex64
19732326691,17887,404756,1434,1,1,128,1,1,16,0.000,0.000,,,,,NVIDIA A100-SXM4-40GB MIG 4g.20gb (0),1,,13,cupy_copy__complex64_complex64
19732888124,326237,404761,1,1,1,32,32,1,30,0.000,0.000,,,,,NVIDIA A100-SXM4-40GB MIG 4g.20gb (0),1,,13,"void convert_kernel<__half2, float2>(tensor_layout_any, T1 *, tensor_layout_any, const T2 *)"
19733244088,5536,404764,,,,,,,,,,0.094,16924.777,Pinned,Device,NVIDIA A100-SXM4-40GB MIG 4g.20gb (0),1,,13,[CUDA memcpy Host-to-Device]
19733799602,618137,404765,,,,,,,,,,456.561,738259.848,Device,,NVIDIA A100-SXM4-40GB MIG 4g.20gb (0),1,,13,[CUDA memset]
19734425259,52256,404770,,,,,,,,,,1.235,23631.888,Pinned,Device,NVIDIA A100-SXM4-40GB MIG 4g.20gb (0),1,,13,[CUDA memcpy Host-to-Device]
19734479979,10079,404771,,,,,,,,,,0.197,19506.659,Pinned,Device,NVIDIA A100-SXM4-40GB MIG 4g.20gb (0),1,,13,[CUDA memcpy Host-to-Device]
19735057220,19200,404772,69,4,1,48,1,1,76,0.002,0.000,,,,,NVIDIA A100-SXM4-40GB MIG 4g.20gb (0),1,,13,"void ch_est::windowedChEstPreNoDftSOfdmKernel<float, __half, float, (unsigned int)2, (unsigned int)1, (unsigned short)4>(ch_est::puschRxChEstStatDescr_t *, ch_est::puschRxChEstDynDescr_t *)"
19735486143,13344,404773,137,2,1,24,2,1,44,0.001,0.001,,,,,NVIDIA A100-SXM4-40GB MIG 4g.20gb (0),1,,13,"void ch_est::chEstFilterNoDftSOfdmDispatchKernel<float, __half, float, (unsigned int)2>(ch_est::puschRxChEstStatDescr_t *, ch_est::puschRxChEstDynDescr_t *)"
19735785564,14176,404774,137,2,1,24,2,1,44,0.001,0.001,,,,,NVIDIA A100-SXM4-40GB MIG 4g.20gb (0),1,,13,"void ch_est::chEstFilterNoDftSOfdmDispatchKernel<float, __half, float, (unsigned int)2>(ch_est::puschRxChEstStatDescr_t *, ch_est::puschRxChEstDynDescr_t *)"
19736071001,4064,404785,103,1,1,128,1,1,16,0.000,0.000,,,,,NVIDIA A100-SXM4-40GB MIG 4g.20gb (0),1,,13,cupy_copy__complex64_complex64
19736276662,17664,404795,1434,1,1,128,1,1,16,0.000,0.000,,,,,NVIDIA A100-SXM4-40GB MIG 4g.20gb (0),1,,13,cupy_copy__complex64_complex64
19736364597,4288,404802,103,1,1,128,1,1,16,0.000,0.000,,,,,NVIDIA A100-SXM4-40GB MIG 4g.20gb (0),1,,13,cupy_copy__complex64_complex64
19736573043,277213,404809,1,1,1,32,32,1,30,0.000,0.000,,,,,NVIDIA A100-SXM4-40GB MIG 4g.20gb (0),1,,13,"void convert_kernel<__half2, float2>(tensor_layout_any, T1 *, tensor_layout_any, const T2 *)"
19736878928,5376,404812,,,,,,,,,,0.094,17428.487,Pinned,Device,NVIDIA A100-SXM4-40GB MIG 4g.20gb (0),1,,13,[CUDA memcpy Host-to-Device]
19736891760,47999,404813,,,,,,,,,,35.810,746028.063,Device,,NVIDIA A100-SXM4-40GB MIG 4g.20gb (0),1,,13,[CUDA memset]
19736943951,1920,404815,,,,,,,,,,0.000,41.667,Pinned,Device,NVIDIA A100-SXM4-40GB MIG 4g.20gb (0),1,,13,[CUDA memcpy Host-to-Device]
19736948399,9440,404816,,,,,,,,,,0.197,20827.079,Pinned,Device,NVIDIA A100-SXM4-40GB MIG 4g.20gb (0),1,,13,[CUDA memcpy Host-to-Device]
19736962287,9056,404817,273,1,1,48,1,1,40,0.000,0.001,,,,,NVIDIA A100-SXM4-40GB MIG 4g.20gb (0),1,,13,"void pusch_noise_intf_est::noiseIntfEstNoDftSOfdmKernel<float, __half, float, float, (unsigned int)2, (unsigned int)1, (unsigned char)4, (unsigned char)4>(pusch_noise_intf_est::puschRxNoiseIntfEstDynDescr)"
19736976079,2880,404828,35,1,1,128,1,1,16,0.000,0.000,,,,,NVIDIA A100-SXM4-40GB MIG 4g.20gb (0),1,,13,cupy_copy__complex64_complex64
19737010702,1888,404837,1,1,1,1,1,1,18,0.000,0.000,,,,,NVIDIA A100-SXM4-40GB MIG 4g.20gb (0),1,,13,cupy_copy__float32_float32
19737045742,1600,404843,,,,,,,,,,0.000,2.500,Device,Pageable,NVIDIA A100-SXM4-40GB MIG 4g.20gb (0),1,,7,[CUDA memcpy Device-to-Host]
19737126445,15904,404854,1434,1,1,128,1,1,16,0.000,0.000,,,,,NVIDIA A100-SXM4-40GB MIG 4g.20gb (0),1,,13,cupy_copy__complex64_complex64
19737600520,9600,404861,103,1,1,128,1,1,16,0.000,0.000,,,,,NVIDIA A100-SXM4-40GB MIG 4g.20gb (0),1,,13,cupy_copy__complex64_complex64
19737660391,4736,404868,35,1,1,128,1,1,16,0.000,0.000,,,,,NVIDIA A100-SXM4-40GB MIG 4g.20gb (0),1,,13,cupy_copy__complex64_complex64
19738304576,4832,404875,1,1,1,1,1,1,18,0.000,0.000,,,,,NVIDIA A100-SXM4-40GB MIG 4g.20gb (0),1,,13,cupy_copy__float32_float32
19738472286,271965,404886,1,1,1,32,32,1,30,0.000,0.000,,,,,NVIDIA A100-SXM4-40GB MIG 4g.20gb (0),1,,13,"void convert_kernel<__half2, float2>(tensor_layout_any, T1 *, tensor_layout_any, const T2 *)"
19738773115,5983,404889,,,,,,,,,,0.094,15660.349,Pinned,Device,NVIDIA A100-SXM4-40GB MIG 4g.20gb (0),1,,13,[CUDA memcpy Host-to-Device]
19739162230,15136,404890,,,,,,,,,,1.547,102180.808,Device,,NVIDIA A100-SXM4-40GB MIG 4g.20gb (0),1,,13,[CUDA memset]
19739178966,3072,404895,,,,,,,,,,0.031,10187.474,Pinned,Device,NVIDIA A100-SXM4-40GB MIG 4g.20gb (0),1,,13,[CUDA memcpy Host-to-Device]
19739185046,9984,404896,,,,,,,,,,0.197,19692.257,Pinned,Device,NVIDIA A100-SXM4-40GB MIG 4g.20gb (0),1,,13,[CUDA memcpy Host-to-Device]
19739932206,27743,404897,273,1,1,8,4,1,39,0.002,0.000,,,,,NVIDIA A100-SXM4-40GB MIG 4g.20gb (0),1,,13,"void channel_eq::eqMmseCoefCompLowMimoKernel<float, float, float, (unsigned int)4, (unsigned int)1, (unsigned int)4>(const channel_eq::_puschRxChEqStatDescr *, channel_eq::_puschRxChEqCoefCompDynDescr)"
19740541671,25951,404898,273,1,1,12,11,1,51,0.002,0.000,,,,,NVIDIA A100-SXM4-40GB MIG 4g.20gb (0),1,,13,"void channel_eq::eqMmseSoftDemapKernel<float, __half, __half, float, (unsigned int)4, (unsigned short)16383>(channel_eq::_puschRxChEqStatDescr *, channel_eq::_puschRxChEqSoftDemapDynDescr)"
19740793316,657977,404899,1,1,1,32,32,1,30,0.000,0.000,,,,,NVIDIA A100-SXM4-40GB MIG 4g.20gb (0),1,,13,"void convert_kernel<float2, __half2>(tensor_layout_any, T1 *, tensor_layout_any, const T2 *)"
19742082294,23455,404911,2253,1,1,128,1,1,16,0.000,0.000,,,,,NVIDIA A100-SXM4-40GB MIG 4g.20gb (0),1,,13,cupy_copy__float16_float16
19742338067,5280,404920,282,1,1,128,1,1,16,0.000,0.000,,,,,NVIDIA A100-SXM4-40GB MIG 4g.20gb (0),1,,13,cupy_copy__complex64_complex64
19743023019,17664,404929,26,1,1,128,1,1,16,0.000,0.000,,,,,NVIDIA A100-SXM4-40GB MIG 4g.20gb (0),1,,13,cupy_copy__float32_float32
19743628036,11168,404938,103,1,1,128,1,1,16,0.000,0.000,,,,,NVIDIA A100-SXM4-40GB MIG 4g.20gb (0),1,,13,cupy_copy__complex64_complex64
19743875617,16832,404948,1434,1,1,128,1,1,16,0.000,0.000,,,,,NVIDIA A100-SXM4-40GB MIG 4g.20gb (0),1,,13,cupy_copy__complex64_complex64
19744582074,324700,404953,1,1,1,32,32,1,30,0.000,0.000,,,,,NVIDIA A100-SXM4-40GB MIG 4g.20gb (0),1,,13,"void convert_kernel<__half2, float2>(tensor_layout_any, T1 *, tensor_layout_any, const T2 *)"
19744936566,5376,404956,,,,,,,,,,0.094,17428.487,Pinned,Device,NVIDIA A100-SXM4-40GB MIG 4g.20gb (0),1,,13,[CUDA memcpy Host-to-Device]
19744947862,602649,404957,,,,,,,,,,456.561,757435.429,Device,,NVIDIA A100-SXM4-40GB MIG 4g.20gb (0),1,,13,[CUDA memset]
19745556303,48927,404962,,,,,,,,,,1.235,25239.785,Pinned,Device,NVIDIA A100-SXM4-40GB MIG 4g.20gb (0),1,,13,[CUDA memcpy Host-to-Device]
19745607854,9344,404963,,,,,,,,,,0.197,21040.988,Pinned,Device,NVIDIA A100-SXM4-40GB MIG 4g.20gb (0),1,,13,[CUDA memcpy Host-to-Device]
19745621614,7360,404964,69,4,1,48,1,1,76,0.002,0.000,,,,,NVIDIA A100-SXM4-40GB MIG 4g.20gb (0),1,,13,"void ch_est::windowedChEstPreNoDftSOfdmKernel<float, __half, float, (unsigned int)2, (unsigned int)1, (unsigned short)4>(ch_est::puschRxChEstStatDescr_t *, ch_est::puschRxChEstDynDescr_t *)"
19745631118,6592,404965,137,2,1,24,2,1,44,0.001,0.001,,,,,NVIDIA A100-SXM4-40GB MIG 4g.20gb (0),1,,13,"void ch_est::chEstFilterNoDftSOfdmDispatchKernel<float, __half, float, (unsigned int)2>(ch_est::puschRxChEstStatDescr_t *, ch_est::puschRxChEstDynDescr_t *)"
19745639214,4704,404966,137,2,1,24,2,1,44,0.001,0.001,,,,,NVIDIA A100-SXM4-40GB MIG 4g.20gb (0),1,,13,"void ch_est::chEstFilterNoDftSOfdmDispatchKernel<float, __half, float, (unsigned int)2>(ch_est::puschRxChEstStatDescr_t *, ch_est::puschRxChEstDynDescr_t *)"
19745645486,2592,404977,103,1,1,128,1,1,16,0.000,0.000,,,,,NVIDIA A100-SXM4-40GB MIG 4g.20gb (0),1,,13,cupy_copy__complex64_complex64
19745649454,13088,404987,1434,1,1,128,1,1,16,0.000,0.000,,,,,NVIDIA A100-SXM4-40GB MIG 4g.20gb (0),1,,13,cupy_copy__complex64_complex64
19745664237,2560,404994,103,1,1,128,1,1,16,0.000,0.000,,,,,NVIDIA A100-SXM4-40GB MIG 4g.20gb (0),1,,13,cupy_copy__complex64_complex64
19745668909,79488,405001,1,1,1,32,32,1,30,0.000,0.000,,,,,NVIDIA A100-SXM4-40GB MIG 4g.20gb (0),1,,13,"void convert_kernel<__half2, float2>(tensor_layout_any, T1 *, tensor_layout_any, const T2 *)"
19745783820,5312,405004,,,,,,,,,,0.094,17638.553,Pinned,Device,NVIDIA A100-SXM4-40GB MIG 4g.20gb (0),1,,13,[CUDA memcpy Host-to-Device]
19745816748,46111,405005,,,,,,,,,,35.810,776573.925,Device,,NVIDIA A100-SXM4-40GB MIG 4g.20gb (0),1,,13,[CUDA memset]
19745864459,1792,405007,,,,,,,,,,0.000,44.643,Pinned,Device,NVIDIA A100-SXM4-40GB MIG 4g.20gb (0),1,,13,[CUDA memcpy Host-to-Device]
19745868875,9344,405008,,,,,,,,,,0.197,21040.988,Pinned,Device,NVIDIA A100-SXM4-40GB MIG 4g.20gb (0),1,,13,[CUDA memcpy Host-to-Device]
19745882219,8672,405009,273,1,1,48,1,1,40,0.000,0.001,,,,,NVIDIA A100-SXM4-40GB MIG 4g.20gb (0),1,,13,"void pusch_noise_intf_est::noiseIntfEstNoDftSOfdmKernel<float, __half, float, float, (unsigned int)2, (unsigned int)1, (unsigned char)4, (unsigned char)4>(pusch_noise_intf_est::puschRxNoiseIntfEstDynDescr)"
19745892203,2912,405020,35,1,1,128,1,1,16,0.000,0.000,,,,,NVIDIA A100-SXM4-40GB MIG 4g.20gb (0),1,,13,cupy_copy__complex64_complex64
19745927531,1920,405029,1,1,1,1,1,1,18,0.000,0.000,,,,,NVIDIA A100-SXM4-40GB MIG 4g.20gb (0),1,,13,cupy_copy__float32_float32
19745961706,1568,405035,,,,,,,,,,0.000,2.551,Device,Pageable,NVIDIA A100-SXM4-40GB MIG 4g.20gb (0),1,,7,[CUDA memcpy Device-to-Host]
19746022409,13440,405046,1434,1,1,128,1,1,16,0.000,0.000,,,,,NVIDIA A100-SXM4-40GB MIG 4g.20gb (0),1,,13,cupy_copy__complex64_complex64
19746082793,5344,405053,103,1,1,128,1,1,16,0.000,0.000,,,,,NVIDIA A100-SXM4-40GB MIG 4g.20gb (0),1,,13,cupy_copy__complex64_complex64
19746246631,10912,405060,35,1,1,128,1,1,16,0.000,0.000,,,,,NVIDIA A100-SXM4-40GB MIG 4g.20gb (0),1,,13,cupy_copy__complex64_complex64
19746259783,3072,405067,1,1,1,1,1,1,18,0.000,0.000,,,,,NVIDIA A100-SXM4-40GB MIG 4g.20gb (0),1,,13,cupy_copy__float32_float32
19746264807,219325,405078,1,1,1,32,32,1,30,0.000,0.000,,,,,NVIDIA A100-SXM4-40GB MIG 4g.20gb (0),1,,13,"void convert_kernel<__half2, float2>(tensor_layout_any, T1 *, tensor_layout_any, const T2 *)"
19746513444,6816,405081,,,,,,,,,,0.094,13746.421,Pinned,Device,NVIDIA A100-SXM4-40GB MIG 4g.20gb (0),1,,13,[CUDA memcpy Host-to-Device]
19746689154,11680,405082,,,,,,,,,,1.547,132415.760,Device,,NVIDIA A100-SXM4-40GB MIG 4g.20gb (0),1,,13,[CUDA memset]
19746702082,3712,405087,,,,,,,,,,0.031,8431.017,Pinned,Device,NVIDIA A100-SXM4-40GB MIG 4g.20gb (0),1,,13,[CUDA memcpy Host-to-Device]
19746708866,10048,405088,,,,,,,,,,0.197,19566.821,Pinned,Device,NVIDIA A100-SXM4-40GB MIG 4g.20gb (0),1,,13,[CUDA memcpy Host-to-Device]
19746946431,20960,405089,273,1,1,8,4,1,39,0.002,0.000,,,,,NVIDIA A100-SXM4-40GB MIG 4g.20gb (0),1,,13,"void channel_eq::eqMmseCoefCompLowMimoKernel<float, float, float, (unsigned int)4, (unsigned int)1, (unsigned int)4>(const channel_eq::_puschRxChEqStatDescr *, channel_eq::_puschRxChEqCoefCompDynDescr)"
19747027518,19040,405090,273,1,1,12,11,1,51,0.002,0.000,,,,,NVIDIA A100-SXM4-40GB MIG 4g.20gb (0),1,,13,"void channel_eq::eqMmseSoftDemapKernel<float, __half, __half, float, (unsigned int)4, (unsigned short)16383>(channel_eq::_puschRxChEqStatDescr *, channel_eq::_puschRxChEqSoftDemapDynDescr)"
19747202556,669497,405091,1,1,1,32,32,1,30,0.000,0.000,,,,,NVIDIA A100-SXM4-40GB MIG 4g.20gb (0),1,,13,"void convert_kernel<float2, __half2>(tensor_layout_any, T1 *, tensor_layout_any, const T2 *)"
19748027923,16192,405103,2253,1,1,128,1,1,16,0.000,0.000,,,,,NVIDIA A100-SXM4-40GB MIG 4g.20gb (0),1,,13,cupy_copy__float16_float16
19748204209,16512,405112,282,1,1,128,1,1,16,0.000,0.000,,,,,NVIDIA A100-SXM4-40GB MIG 4g.20gb (0),1,,13,cupy_copy__complex64_complex64
19748340592,9439,405121,26,1,1,128,1,1,16,0.000,0.000,,,,,NVIDIA A100-SXM4-40GB MIG 4g.20gb (0),1,,13,cupy_copy__float32_float32
19748777419,9184,405130,103,1,1,128,1,1,16,0.000,0.000,,,,,NVIDIA A100-SXM4-40GB MIG 4g.20gb (0),1,,13,cupy_copy__complex64_complex64
19748863594,20416,405140,1434,1,1,128,1,1,16,0.000,0.000,,,,,NVIDIA A100-SXM4-40GB MIG 4g.20gb (0),1,,13,cupy_copy__complex64_complex64
19749052648,297244,405145,1,1,1,32,32,1,30,0.000,0.000,,,,,NVIDIA A100-SXM4-40GB MIG 4g.20gb (0),1,,13,"void convert_kernel<__half2, float2>(tensor_layout_any, T1 *, tensor_layout_any, const T2 *)"
19749388484,5440,405148,,,,,,,,,,0.094,17223.480,Pinned,Device,NVIDIA A100-SXM4-40GB MIG 4g.20gb (0),1,,13,[CUDA memcpy Host-to-Device]
19749538882,616057,405149,,,,,,,,,,456.561,740999.217,Device,,NVIDIA A100-SXM4-40GB MIG 4g.20gb (0),1,,13,[CUDA memset]
19750159867,51072,405154,,,,,,,,,,1.235,24180.204,Pinned,Device,NVIDIA A100-SXM4-40GB MIG 4g.20gb (0),1,,13,[CUDA memcpy Host-to-Device]
19750213627,9472,405155,,,,,,,,,,0.197,20756.693,Pinned,Device,NVIDIA A100-SXM4-40GB MIG 4g.20gb (0),1,,13,[CUDA memcpy Host-to-Device]
19750383161,10400,405156,69,4,1,48,1,1,76,0.002,0.000,,,,,NVIDIA A100-SXM4-40GB MIG 4g.20gb (0),1,,13,"void ch_est::windowedChEstPreNoDftSOfdmKernel<float, __half, float, (unsigned int)2, (unsigned int)1, (unsigned short)4>(ch_est::puschRxChEstStatDescr_t *, ch_est::puschRxChEstDynDescr_t *)"
19750765940,26464,405157,137,2,1,24,2,1,44,0.001,0.001,,,,,NVIDIA A100-SXM4-40GB MIG 4g.20gb (0),1,,13,"void ch_est::chEstFilterNoDftSOfdmDispatchKernel<float, __half, float, (unsigned int)2>(ch_est::puschRxChEstStatDescr_t *, ch_est::puschRxChEstDynDescr_t *)"
19750953746,23904,405158,137,2,1,24,2,1,44,0.001,0.001,,,,,NVIDIA A100-SXM4-40GB MIG 4g.20gb (0),1,,13,"void ch_est::chEstFilterNoDftSOfdmDispatchKernel<float, __half, float, (unsigned int)2>(ch_est::puschRxChEstStatDescr_t *, ch_est::puschRxChEstDynDescr_t *)"
19751153712,15488,405169,103,1,1,128,1,1,16,0.000,0.000,,,,,NVIDIA A100-SXM4-40GB MIG 4g.20gb (0),1,,13,cupy_copy__complex64_complex64
19751339950,17184,405179,1434,1,1,128,1,1,16,0.000,0.000,,,,,NVIDIA A100-SXM4-40GB MIG 4g.20gb (0),1,,13,cupy_copy__complex64_complex64
19751538572,14080,405186,103,1,1,128,1,1,16,0.000,0.000,,,,,NVIDIA A100-SXM4-40GB MIG 4g.20gb (0),1,,13,cupy_copy__complex64_complex64
19751781769,282237,405193,1,1,1,32,32,1,30,0.000,0.000,,,,,NVIDIA A100-SXM4-40GB MIG 4g.20gb (0),1,,13,"void convert_kernel<__half2, float2>(tensor_layout_any, T1 *, tensor_layout_any, const T2 *)"
19752094694,5792,405196,,,,,,,,,,0.094,16176.708,Pinned,Device,NVIDIA A100-SXM4-40GB MIG 4g.20gb (0),1,,13,[CUDA memcpy Host-to-Device]
19752453058,60831,405197,,,,,,,,,,35.810,588643.465,Device,,NVIDIA A100-SXM4-40GB MIG 4g.20gb (0),1,,13,[CUDA memset]
19752515265,2176,405199,,,,,,,,,,0.000,36.765,Pinned,Device,NVIDIA A100-SXM4-40GB MIG 4g.20gb (0),1,,13,[CUDA memcpy Host-to-Device]
19752519969,9568,405200,,,,,,,,,,0.197,20548.485,Pinned,Device,NVIDIA A100-SXM4-40GB MIG 4g.20gb (0),1,,13,[CUDA memcpy Host-to-Device]
19752796414,30495,405201,273,1,1,48,1,1,40,0.000,0.001,,,,,NVIDIA A100-SXM4-40GB MIG 4g.20gb (0),1,,13,"void pusch_noise_intf_est::noiseIntfEstNoDftSOfdmKernel<float, __half, float, float, (unsigned int)2, (unsigned int)1, (unsigned char)4, (unsigned char)4>(pusch_noise_intf_est::puschRxNoiseIntfEstDynDescr)"
19753096858,9984,405212,35,1,1,128,1,1,16,0.000,0.000,,,,,NVIDIA A100-SXM4-40GB MIG 4g.20gb (0),1,,13,cupy_copy__complex64_complex64
19753207481,3008,405221,1,1,1,1,1,1,18,0.000,0.000,,,,,NVIDIA A100-SXM4-40GB MIG 4g.20gb (0),1,,13,cupy_copy__float32_float32
19753217529,1792,405227,,,,,,,,,,0.000,2.232,Device,Pageable,NVIDIA A100-SXM4-40GB MIG 4g.20gb (0),1,,7,[CUDA memcpy Device-to-Host]
19753504662,17376,405238,1434,1,1,128,1,1,16,0.000,0.000,,,,,NVIDIA A100-SXM4-40GB MIG 4g.20gb (0),1,,13,cupy_copy__complex64_complex64
19753702548,13471,405245,103,1,1,128,1,1,16,0.000,0.000,,,,,NVIDIA A100-SXM4-40GB MIG 4g.20gb (0),1,,13,cupy_copy__complex64_complex64
19753813618,4096,405252,35,1,1,128,1,1,16,0.000,0.000,,,,,NVIDIA A100-SXM4-40GB MIG 4g.20gb (0),1,,13,cupy_copy__complex64_complex64
19754000624,4384,405259,1,1,1,1,1,1,18,0.000,0.000,,,,,NVIDIA A100-SXM4-40GB MIG 4g.20gb (0),1,,13,cupy_copy__float32_float32
19754113039,306653,405270,1,1,1,32,32,1,30,0.000,0.000,,,,,NVIDIA A100-SXM4-40GB MIG 4g.20gb (0),1,,13,"void convert_kernel<__half2, float2>(tensor_layout_any, T1 *, tensor_layout_any, const T2 *)"
19754447083,5408,405273,,,,,,,,,,0.094,17325.421,Pinned,Device,NVIDIA A100-SXM4-40GB MIG 4g.20gb (0),1,,13,[CUDA memcpy Host-to-Device]
19754500555,5056,405274,,,,,,,,,,1.547,305897.481,Device,,NVIDIA A100-SXM4-40GB MIG 4g.20gb (0),1,,13,[CUDA memset]
19754507275,3232,405279,,,,,,,,,,0.031,9683.139,Pinned,Device,NVIDIA A100-SXM4-40GB MIG 4g.20gb (0),1,,13,[CUDA memcpy Host-to-Device]
19754513515,9471,405280,,,,,,,,,,0.197,20758.856,Pinned,Device,NVIDIA A100-SXM4-40GB MIG 4g.20gb (0),1,,13,[CUDA memcpy Host-to-Device]
19754678665,29119,405281,273,1,1,8,4,1,39,0.002,0.000,,,,,NVIDIA A100-SXM4-40GB MIG 4g.20gb (0),1,,13,"void channel_eq::eqMmseCoefCompLowMimoKernel<float, float, float, (unsigned int)4, (unsigned int)1, (unsigned int)4>(const channel_eq::_puschRxChEqStatDescr *, channel_eq::_puschRxChEqCoefCompDynDescr)"
19754712168,8224,405282,273,1,1,12,11,1,51,0.002,0.000,,,,,NVIDIA A100-SXM4-40GB MIG 4g.20gb (0),1,,13,"void channel_eq::eqMmseSoftDemapKernel<float, __half, __half, float, (unsigned int)4, (unsigned short)16383>(channel_eq::_puschRxChEqStatDescr *, channel_eq::_puschRxChEqSoftDemapDynDescr)"
19754882630,606938,405283,1,1,1,32,32,1,30,0.000,0.000,,,,,NVIDIA A100-SXM4-40GB MIG 4g.20gb (0),1,,13,"void convert_kernel<float2, __half2>(tensor_layout_any, T1 *, tensor_layout_any, const T2 *)"
19755753277,23135,405295,2253,1,1,128,1,1,16,0.000,0.000,,,,,NVIDIA A100-SXM4-40GB MIG 4g.20gb (0),1,,13,cupy_copy__float16_float16
19755993594,7936,405304,282,1,1,128,1,1,16,0.000,0.000,,,,,NVIDIA A100-SXM4-40GB MIG 4g.20gb (0),1,,13,cupy_copy__complex64_complex64
19756165976,7232,405313,26,1,1,128,1,1,16,0.000,0.000,,,,,NVIDIA A100-SXM4-40GB MIG 4g.20gb (0),1,,13,cupy_copy__float32_float32
19756400117,9216,405322,103,1,1,128,1,1,16,0.000,0.000,,,,,NVIDIA A100-SXM4-40GB MIG 4g.20gb (0),1,,13,cupy_copy__complex64_complex64
19756634227,15968,405332,1434,1,1,128,1,1,16,0.000,0.000,,,,,NVIDIA A100-SXM4-40GB MIG 4g.20gb (0),1,,13,cupy_copy__complex64_complex64
19757131117,298717,405337,1,1,1,32,32,1,30,0.000,0.000,,,,,NVIDIA A100-SXM4-40GB MIG 4g.20gb (0),1,,13,"void convert_kernel<__half2, float2>(tensor_layout_any, T1 *, tensor_layout_any, const T2 *)"
19757459562,5888,405340,,,,,,,,,,0.094,15912.954,Pinned,Device,NVIDIA A100-SXM4-40GB MIG 4g.20gb (0),1,,13,[CUDA memcpy Host-to-Device]
19757875141,618873,405341,,,,,,,,,,456.561,737346.726,Device,,NVIDIA A100-SXM4-40GB MIG 4g.20gb (0),1,,13,[CUDA memset]
19758496766,52191,405346,,,,,,,,,,1.235,23661.527,Pinned,Device,NVIDIA A100-SXM4-40GB MIG 4g.20gb (0),1,,13,[CUDA memcpy Host-to-Device]
19758551485,10432,405347,,,,,,,,,,0.197,18846.450,Pinned,Device,NVIDIA A100-SXM4-40GB MIG 4g.20gb (0),1,,13,[CUDA memcpy Host-to-Device]
19758995288,18080,405348,69,4,1,48,1,1,76,0.002,0.000,,,,,NVIDIA A100-SXM4-40GB MIG 4g.20gb (0),1,,13,"void ch_est::windowedChEstPreNoDftSOfdmKernel<float, __half, float, (unsigned int)2, (unsigned int)1, (unsigned short)4>(ch_est::puschRxChEstStatDescr_t *, ch_est::puschRxChEstDynDescr_t *)"
19759263253,12480,405349,137,2,1,24,2,1,44,0.001,0.001,,,,,NVIDIA A100-SXM4-40GB MIG 4g.20gb (0),1,,13,"void ch_est::chEstFilterNoDftSOfdmDispatchKernel<float, __half, float, (unsigned int)2>(ch_est::puschRxChEstStatDescr_t *, ch_est::puschRxChEstDynDescr_t *)"
19759509299,17760,405350,137,2,1,24,2,1,44,0.001,0.001,,,,,NVIDIA A100-SXM4-40GB MIG 4g.20gb (0),1,,13,"void ch_est::chEstFilterNoDftSOfdmDispatchKernel<float, __half, float, (unsigned int)2>(ch_est::puschRxChEstStatDescr_t *, ch_est::puschRxChEstDynDescr_t *)"
19759577778,15296,405361,103,1,1,128,1,1,16,0.000,0.000,,,,,NVIDIA A100-SXM4-40GB MIG 4g.20gb (0),1,,13,cupy_copy__complex64_complex64
19759832303,20704,405371,1434,1,1,128,1,1,16,0.000,0.000,,,,,NVIDIA A100-SXM4-40GB MIG 4g.20gb (0),1,,13,cupy_copy__complex64_complex64
19759908430,13984,405378,103,1,1,128,1,1,16,0.000,0.000,,,,,NVIDIA A100-SXM4-40GB MIG 4g.20gb (0),1,,13,cupy_copy__complex64_complex64
19759924942,373084,405385,1,1,1,32,32,1,30,0.000,0.000,,,,,NVIDIA A100-SXM4-40GB MIG 4g.20gb (0),1,,13,"void convert_kernel<__half2, float2>(tensor_layout_any, T1 *, tensor_layout_any, const T2 *)"
19760327210,5344,405388,,,,,,,,,,0.094,17532.864,Pinned,Device,NVIDIA A100-SXM4-40GB MIG 4g.20gb (0),1,,13,[CUDA memcpy Host-to-Device]
19760340425,47360,405389,,,,,,,,,,35.810,756090.651,Device,,NVIDIA A100-SXM4-40GB MIG 4g.20gb (0),1,,13,[CUDA memset]
19760393609,1952,405391,,,,,,,,,,0.000,40.984,Pinned,Device,NVIDIA A100-SXM4-40GB MIG 4g.20gb (0),1,,13,[CUDA memcpy Host-to-Device]
19760397961,9344,405392,,,,,,,,,,0.197,21040.988,Pinned,Device,NVIDIA A100-SXM4-40GB MIG 4g.20gb (0),1,,13,[CUDA memcpy Host-to-Device]
19760411593,8672,405393,273,1,1,48,1,1,40,0.000,0.001,,,,,NVIDIA A100-SXM4-40GB MIG 4g.20gb (0),1,,13,"void pusch_noise_intf_est::noiseIntfEstNoDftSOfdmKernel<float, __half, float, float, (unsigned int)2, (unsigned int)1, (unsigned char)4, (unsigned char)4>(pusch_noise_intf_est::puschRxNoiseIntfEstDynDescr)"
19760427688,2880,405404,35,1,1,128,1,1,16,0.000,0.000,,,,,NVIDIA A100-SXM4-40GB MIG 4g.20gb (0),1,,13,cupy_copy__complex64_complex64
19760477096,1888,405413,1,1,1,1,1,1,18,0.000,0.000,,,,,NVIDIA A100-SXM4-40GB MIG 4g.20gb (0),1,,13,cupy_copy__float32_float32
19760523111,1760,405419,,,,,,,,,,0.000,2.273,Device,Pageable,NVIDIA A100-SXM4-40GB MIG 4g.20gb (0),1,,7,[CUDA memcpy Device-to-Host]
19760585607,13280,405430,1434,1,1,128,1,1,16,0.000,0.000,,,,,NVIDIA A100-SXM4-40GB MIG 4g.20gb (0),1,,13,cupy_copy__complex64_complex64
19760612102,2752,405437,103,1,1,128,1,1,16,0.000,0.000,,,,,NVIDIA A100-SXM4-40GB MIG 4g.20gb (0),1,,13,cupy_copy__complex64_complex64
19760632550,2208,405444,35,1,1,128,1,1,16,0.000,0.000,,,,,NVIDIA A100-SXM4-40GB MIG 4g.20gb (0),1,,13,cupy_copy__complex64_complex64
19760650790,1856,405451,1,1,1,1,1,1,18,0.000,0.000,,,,,NVIDIA A100-SXM4-40GB MIG 4g.20gb (0),1,,13,cupy_copy__float32_float32
19760789380,224798,405462,1,1,1,32,32,1,30,0.000,0.000,,,,,NVIDIA A100-SXM4-40GB MIG 4g.20gb (0),1,,13,"void convert_kernel<__half2, float2>(tensor_layout_any, T1 *, tensor_layout_any, const T2 *)"
19761042978,5952,405465,,,,,,,,,,0.094,15741.865,Pinned,Device,NVIDIA A100-SXM4-40GB MIG 4g.20gb (0),1,,13,[CUDA memcpy Host-to-Device]
19761220064,12767,405466,,,,,,,,,,1.547,121140.871,Device,,NVIDIA A100-SXM4-40GB MIG 4g.20gb (0),1,,13,[CUDA memset]
19761237375,3072,405471,,,,,,,,,,0.031,10187.474,Pinned,Device,NVIDIA A100-SXM4-40GB MIG 4g.20gb (0),1,,13,[CUDA memcpy Host-to-Device]
19761244031,9504,405472,,,,,,,,,,0.197,20686.701,Pinned,Device,NVIDIA A100-SXM4-40GB MIG 4g.20gb (0),1,,13,[CUDA memcpy Host-to-Device]
19761257887,7392,405473,273,1,1,8,4,1,39,0.002,0.000,,,,,NVIDIA A100-SXM4-40GB MIG 4g.20gb (0),1,,13,"void channel_eq::eqMmseCoefCompLowMimoKernel<float, float, float, (unsigned int)4, (unsigned int)1, (unsigned int)4>(const channel_eq::_puschRxChEqStatDescr *, channel_eq::_puschRxChEqCoefCompDynDescr)"
19761266591,6912,405474,273,1,1,12,11,1,51,0.002,0.000,,,,,NVIDIA A100-SXM4-40GB MIG 4g.20gb (0),1,,13,"void channel_eq::eqMmseSoftDemapKernel<float, __half, __half, float, (unsigned int)4, (unsigned short)16383>(channel_eq::_puschRxChEqStatDescr *, channel_eq::_puschRxChEqSoftDemapDynDescr)"
19761275647,424155,405475,1,1,1,32,32,1,30,0.000,0.000,,,,,NVIDIA A100-SXM4-40GB MIG 4g.20gb (0),1,,13,"void convert_kernel<float2, __half2>(tensor_layout_any, T1 *, tensor_layout_any, const T2 *)"
19761733274,18336,405487,2253,1,1,128,1,1,16,0.000,0.000,,,,,NVIDIA A100-SXM4-40GB MIG 4g.20gb (0),1,,13,cupy_copy__float16_float16
19761754106,3840,405496,282,1,1,128,1,1,16,0.000,0.000,,,,,NVIDIA A100-SXM4-40GB MIG 4g.20gb (0),1,,13,cupy_copy__complex64_complex64
19761956855,7296,405505,26,1,1,128,1,1,16,0.000,0.000,,,,,NVIDIA A100-SXM4-40GB MIG 4g.20gb (0),1,,13,cupy_copy__float32_float32
19762013207,6656,405514,103,1,1,128,1,1,16,0.000,0.000,,,,,NVIDIA A100-SXM4-40GB MIG 4g.20gb (0),1,,13,cupy_copy__complex64_complex64
19762392307,17279,405524,1434,1,1,128,1,1,16,0.000,0.000,,,,,NVIDIA A100-SXM4-40GB MIG 4g.20gb (0),1,,13,cupy_copy__complex64_complex64
19762791630,333852,405529,1,1,1,32,32,1,30,0.000,0.000,,,,,NVIDIA A100-SXM4-40GB MIG 4g.20gb (0),1,,13,"void convert_kernel<__half2, float2>(tensor_layout_any, T1 *, tensor_layout_any, const T2 *)"
19763154378,6080,405532,,,,,,,,,,0.094,15410.462,Pinned,Device,NVIDIA A100-SXM4-40GB MIG 4g.20gb (0),1,,13,[CUDA memcpy Host-to-Device]
19763530918,624441,405533,,,,,,,,,,456.561,730954.865,Device,,NVIDIA A100-SXM4-40GB MIG 4g.20gb (0),1,,13,[CUDA memset]
19764160863,51423,405538,,,,,,,,,,1.235,24014.721,Pinned,Device,NVIDIA A100-SXM4-40GB MIG 4g.20gb (0),1,,13,[CUDA memcpy Host-to-Device]
19764214974,9376,405539,,,,,,,,,,0.197,20969.226,Pinned,Device,NVIDIA A100-SXM4-40GB MIG 4g.20gb (0),1,,13,[CUDA memcpy Host-to-Device]
19764629497,21568,405540,69,4,1,48,1,1,76,0.002,0.000,,,,,NVIDIA A100-SXM4-40GB MIG 4g.20gb (0),1,,13,"void ch_est::windowedChEstPreNoDftSOfdmKernel<float, __half, float, (unsigned int)2, (unsigned int)1, (unsigned short)4>(ch_est::puschRxChEstStatDescr_t *, ch_est::puschRxChEstDynDescr_t *)"
19764812887,8032,405541,137,2,1,24,2,1,44,0.001,0.001,,,,,NVIDIA A100-SXM4-40GB MIG 4g.20gb (0),1,,13,"void ch_est::chEstFilterNoDftSOfdmDispatchKernel<float, __half, float, (unsigned int)2>(ch_est::puschRxChEstStatDescr_t *, ch_est::puschRxChEstDynDescr_t *)"
19764976566,7776,405542,137,2,1,24,2,1,44,0.001,0.001,,,,,NVIDIA A100-SXM4-40GB MIG 4g.20gb (0),1,,13,"void ch_est::chEstFilterNoDftSOfdmDispatchKernel<float, __half, float, (unsigned int)2>(ch_est::puschRxChEstStatDescr_t *, ch_est::puschRxChEstDynDescr_t *)"
19765139892,3552,405553,103,1,1,128,1,1,16,0.000,0.000,,,,,NVIDIA A100-SXM4-40GB MIG 4g.20gb (0),1,,13,cupy_copy__complex64_complex64
19765145684,14752,405563,1434,1,1,128,1,1,16,0.000,0.000,,,,,NVIDIA A100-SXM4-40GB MIG 4g.20gb (0),1,,13,cupy_copy__complex64_complex64
19765312466,3456,405570,103,1,1,128,1,1,16,0.000,0.000,,,,,NVIDIA A100-SXM4-40GB MIG 4g.20gb (0),1,,13,cupy_copy__complex64_complex64
19765317842,232957,405577,1,1,1,32,32,1,30,0.000,0.000,,,,,NVIDIA A100-SXM4-40GB MIG 4g.20gb (0),1,,13,"void convert_kernel<__half2, float2>(tensor_layout_any, T1 *, tensor_layout_any, const T2 *)"
19765579919,5376,405580,,,,,,,,,,0.094,17428.487,Pinned,Device,NVIDIA A100-SXM4-40GB MIG 4g.20gb (0),1,,13,[CUDA memcpy Host-to-Device]
19765699054,51391,405581,,,,,,,,,,35.810,696789.423,Device,,NVIDIA A100-SXM4-40GB MIG 4g.20gb (0),1,,13,[CUDA memset]
19765758861,2272,405583,,,,,,,,,,0.000,35.211,Pinned,Device,NVIDIA A100-SXM4-40GB MIG 4g.20gb (0),1,,13,[CUDA memcpy Host-to-Device]
19765763661,9760,405584,,,,,,,,,,0.197,20144.259,Pinned,Device,NVIDIA A100-SXM4-40GB MIG 4g.20gb (0),1,,13,[CUDA memcpy Host-to-Device]
19765970347,20159,405585,273,1,1,48,1,1,40,0.000,0.001,,,,,NVIDIA A100-SXM4-40GB MIG 4g.20gb (0),1,,13,"void pusch_noise_intf_est::noiseIntfEstNoDftSOfdmKernel<float, __half, float, float, (unsigned int)2, (unsigned int)1, (unsigned char)4, (unsigned char)4>(pusch_noise_intf_est::puschRxNoiseIntfEstDynDescr)"
19766188008,6080,405596,35,1,1,128,1,1,16,0.000,0.000,,,,,NVIDIA A100-SXM4-40GB MIG 4g.20gb (0),1,,13,cupy_copy__complex64_complex64
19766196072,3232,405605,1,1,1,1,1,1,18,0.000,0.000,,,,,NVIDIA A100-SXM4-40GB MIG 4g.20gb (0),1,,13,cupy_copy__float32_float32
19766201992,1632,405611,,,,,,,,,,0.000,2.451,Device,Pageable,NVIDIA A100-SXM4-40GB MIG 4g.20gb (0),1,,7,[CUDA memcpy Device-to-Host]
19766262087,12928,405622,1434,1,1,128,1,1,16,0.000,0.000,,,,,NVIDIA A100-SXM4-40GB MIG 4g.20gb (0),1,,13,cupy_copy__complex64_complex64
19766467077,6752,405629,103,1,1,128,1,1,16,0.000,0.000,,,,,NVIDIA A100-SXM4-40GB MIG 4g.20gb (0),1,,13,cupy_copy__complex64_complex64
19766475237,4480,405636,35,1,1,128,1,1,16,0.000,0.000,,,,,NVIDIA A100-SXM4-40GB MIG 4g.20gb (0),1,,13,cupy_copy__complex64_complex64
19766482501,2080,405643,1,1,1,1,1,1,18,0.000,0.000,,,,,NVIDIA A100-SXM4-40GB MIG 4g.20gb (0),1,,13,cupy_copy__float32_float32
19766683491,255133,405654,1,1,1,32,32,1,30,0.000,0.000,,,,,NVIDIA A100-SXM4-40GB MIG 4g.20gb (0),1,,13,"void convert_kernel<__half2, float2>(tensor_layout_any, T1 *, tensor_layout_any, const T2 *)"
19766968031,5856,405657,,,,,,,,,,0.094,15999.997,Pinned,Device,NVIDIA A100-SXM4-40GB MIG 4g.20gb (0),1,,13,[CUDA memcpy Host-to-Device]
19767249244,5280,405658,,,,,,,,,,1.547,292919.759,Device,,NVIDIA A100-SXM4-40GB MIG 4g.20gb (0),1,,13,[CUDA memset]
19767258044,3072,405663,,,,,,,,,,0.031,10187.474,Pinned,Device,NVIDIA A100-SXM4-40GB MIG 4g.20gb (0),1,,13,[CUDA memcpy Host-to-Device]
19767263580,10432,405664,,,,,,,,,,0.197,18846.450,Pinned,Device,NVIDIA A100-SXM4-40GB MIG 4g.20gb (0),1,,13,[CUDA memcpy Host-to-Device]
19767608344,16448,405665,273,1,1,8,4,1,39,0.002,0.000,,,,,NVIDIA A100-SXM4-40GB MIG 4g.20gb (0),1,,13,"void channel_eq::eqMmseCoefCompLowMimoKernel<float, float, float, (unsigned int)4, (unsigned int)1, (unsigned int)4>(const channel_eq::_puschRxChEqStatDescr *, channel_eq::_puschRxChEqCoefCompDynDescr)"
19768005332,11648,405666,273,1,1,12,11,1,51,0.002,0.000,,,,,NVIDIA A100-SXM4-40GB MIG 4g.20gb (0),1,,13,"void channel_eq::eqMmseSoftDemapKernel<float, __half, __half, float, (unsigned int)4, (unsigned short)16383>(channel_eq::_puschRxChEqStatDescr *, channel_eq::_puschRxChEqSoftDemapDynDescr)"
19768520558,723704,405667,1,1,1,32,32,1,30,0.000,0.000,,,,,NVIDIA A100-SXM4-40GB MIG 4g.20gb (0),1,,13,"void convert_kernel<float2, __half2>(tensor_layout_any, T1 *, tensor_layout_any, const T2 *)"
19769397604,16672,405679,2253,1,1,128,1,1,16,0.000,0.000,,,,,NVIDIA A100-SXM4-40GB MIG 4g.20gb (0),1,,13,cupy_copy__float16_float16
19769590882,4992,405688,282,1,1,128,1,1,16,0.000,0.000,,,,,NVIDIA A100-SXM4-40GB MIG 4g.20gb (0),1,,13,cupy_copy__complex64_complex64
19769865343,3200,405697,26,1,1,128,1,1,16,0.000,0.000,,,,,NVIDIA A100-SXM4-40GB MIG 4g.20gb (0),1,,13,cupy_copy__float32_float32
19770139324,4864,405706,103,1,1,128,1,1,16,0.000,0.000,,,,,NVIDIA A100-SXM4-40GB MIG 4g.20gb (0),1,,13,cupy_copy__complex64_complex64
19770412633,19424,405716,1434,1,1,128,1,1,16,0.000,0.000,,,,,NVIDIA A100-SXM4-40GB MIG 4g.20gb (0),1,,13,cupy_copy__complex64_complex64
19770764085,297149,405721,1,1,1,32,32,1,30,0.000,0.000,,,,,NVIDIA A100-SXM4-40GB MIG 4g.20gb (0),1,,13,"void convert_kernel<__half2, float2>(tensor_layout_any, T1 *, tensor_layout_any, const T2 *)"
19771090673,5408,405724,,,,,,,,,,0.094,17325.421,Pinned,Device,NVIDIA A100-SXM4-40GB MIG 4g.20gb (0),1,,13,[CUDA memcpy Host-to-Device]
19771305551,614105,405725,,,,,,,,,,456.561,743282.024,Device,,NVIDIA A100-SXM4-40GB MIG 4g.20gb (0),1,,13,[CUDA memset]
19771924200,52703,405730,,,,,,,,,,1.235,23431.827,Pinned,Device,NVIDIA A100-SXM4-40GB MIG 4g.20gb (0),1,,13,[CUDA memcpy Host-to-Device]
19771979431,9600,405731,,,,,,,,,,0.197,20479.869,Pinned,Device,NVIDIA A100-SXM4-40GB MIG 4g.20gb (0),1,,13,[CUDA memcpy Host-to-Device]
19772091878,30336,405732,69,4,1,48,1,1,76,0.002,0.000,,,,,NVIDIA A100-SXM4-40GB MIG 4g.20gb (0),1,,13,"void ch_est::windowedChEstPreNoDftSOfdmKernel<float, __half, float, (unsigned int)2, (unsigned int)1, (unsigned short)4>(ch_est::puschRxChEstStatDescr_t *, ch_est::puschRxChEstDynDescr_t *)"
19772125830,7040,405733,137,2,1,24,2,1,44,0.001,0.001,,,,,NVIDIA A100-SXM4-40GB MIG 4g.20gb (0),1,,13,"void ch_est::chEstFilterNoDftSOfdmDispatchKernel<float, __half, float, (unsigned int)2>(ch_est::puschRxChEstStatDescr_t *, ch_est::puschRxChEstDynDescr_t *)"
19772298756,31327,405734,137,2,1,24,2,1,44,0.001,0.001,,,,,NVIDIA A100-SXM4-40GB MIG 4g.20gb (0),1,,13,"void ch_est::chEstFilterNoDftSOfdmDispatchKernel<float, __half, float, (unsigned int)2>(ch_est::puschRxChEstStatDescr_t *, ch_est::puschRxChEstDynDescr_t *)"
19772332835,3232,405745,103,1,1,128,1,1,16,0.000,0.000,,,,,NVIDIA A100-SXM4-40GB MIG 4g.20gb (0),1,,13,cupy_copy__complex64_complex64
19772505569,28928,405755,1434,1,1,128,1,1,16,0.000,0.000,,,,,NVIDIA A100-SXM4-40GB MIG 4g.20gb (0),1,,13,cupy_copy__complex64_complex64
19772537313,3552,405762,103,1,1,128,1,1,16,0.000,0.000,,,,,NVIDIA A100-SXM4-40GB MIG 4g.20gb (0),1,,13,cupy_copy__complex64_complex64
19772542081,101951,405769,1,1,1,32,32,1,30,0.000,0.000,,,,,NVIDIA A100-SXM4-40GB MIG 4g.20gb (0),1,,13,"void convert_kernel<__half2, float2>(tensor_layout_any, T1 *, tensor_layout_any, const T2 *)"
19772673664,5376,405772,,,,,,,,,,0.094,17428.487,Pinned,Device,NVIDIA A100-SXM4-40GB MIG 4g.20gb (0),1,,13,[CUDA memcpy Host-to-Device]
19772712479,57759,405773,,,,,,,,,,35.810,619977.145,Device,,NVIDIA A100-SXM4-40GB MIG 4g.20gb (0),1,,13,[CUDA memset]
19772776734,1792,405775,,,,,,,,,,0.000,44.643,Pinned,Device,NVIDIA A100-SXM4-40GB MIG 4g.20gb (0),1,,13,[CUDA memcpy Host-to-Device]
19772780990,9440,405776,,,,,,,,,,0.197,20827.079,Pinned,Device,NVIDIA A100-SXM4-40GB MIG 4g.20gb (0),1,,13,[CUDA memcpy Host-to-Device]
19772937853,34111,405777,273,1,1,48,1,1,40,0.000,0.001,,,,,NVIDIA A100-SXM4-40GB MIG 4g.20gb (0),1,,13,"void pusch_noise_intf_est::noiseIntfEstNoDftSOfdmKernel<float, __half, float, float, (unsigned int)2, (unsigned int)1, (unsigned char)4, (unsigned char)4>(pusch_noise_intf_est::puschRxNoiseIntfEstDynDescr)"
19772973340,3424,405788,35,1,1,128,1,1,16,0.000,0.000,,,,,NVIDIA A100-SXM4-40GB MIG 4g.20gb (0),1,,13,cupy_copy__complex64_complex64
19773142298,3968,405797,1,1,1,1,1,1,18,0.000,0.000,,,,,NVIDIA A100-SXM4-40GB MIG 4g.20gb (0),1,,13,cupy_copy__float32_float32
19773157050,1728,405803,,,,,,,,,,0.000,2.315,Device,Pageable,NVIDIA A100-SXM4-40GB MIG 4g.20gb (0),1,,7,[CUDA memcpy Device-to-Host]
19773345400,32832,405814,1434,1,1,128,1,1,16,0.000,0.000,,,,,NVIDIA A100-SXM4-40GB MIG 4g.20gb (0),1,,13,cupy_copy__complex64_complex64
19773415799,6368,405821,103,1,1,128,1,1,16,0.000,0.000,,,,,NVIDIA A100-SXM4-40GB MIG 4g.20gb (0),1,,13,cupy_copy__complex64_complex64
19773596309,5824,405828,35,1,1,128,1,1,16,0.000,0.000,,,,,NVIDIA A100-SXM4-40GB MIG 4g.20gb (0),1,,13,cupy_copy__complex64_complex64
19773750196,4415,405835,1,1,1,1,1,1,18,0.000,0.000,,,,,NVIDIA A100-SXM4-40GB MIG 4g.20gb (0),1,,13,cupy_copy__float32_float32
19773944849,308861,405846,1,1,1,32,32,1,30,0.000,0.000,,,,,NVIDIA A100-SXM4-40GB MIG 4g.20gb (0),1,,13,"void convert_kernel<__half2, float2>(tensor_layout_any, T1 *, tensor_layout_any, const T2 *)"
19774285742,7167,405849,,,,,,,,,,0.094,13073.215,Pinned,Device,NVIDIA A100-SXM4-40GB MIG 4g.20gb (0),1,,13,[CUDA memcpy Host-to-Device]
19774419436,4896,405850,,,,,,,,,,1.547,315894.859,Device,,NVIDIA A100-SXM4-40GB MIG 4g.20gb (0),1,,13,[CUDA memset]
19774427148,3744,405855,,,,,,,,,,0.031,8358.974,Pinned,Device,NVIDIA A100-SXM4-40GB MIG 4g.20gb (0),1,,13,[CUDA memcpy Host-to-Device]
19774433932,9600,405856,,,,,,,,,,0.197,20479.869,Pinned,Device,NVIDIA A100-SXM4-40GB MIG 4g.20gb (0),1,,13,[CUDA memcpy Host-to-Device]
19774619210,13344,405857,273,1,1,8,4,1,39,0.002,0.000,,,,,NVIDIA A100-SXM4-40GB MIG 4g.20gb (0),1,,13,"void channel_eq::eqMmseCoefCompLowMimoKernel<float, float, float, (unsigned int)4, (unsigned int)1, (unsigned int)4>(const channel_eq::_puschRxChEqStatDescr *, channel_eq::_puschRxChEqCoefCompDynDescr)"
19774816168,13823,405858,273,1,1,12,11,1,51,0.002,0.000,,,,,NVIDIA A100-SXM4-40GB MIG 4g.20gb (0),1,,13,"void channel_eq::eqMmseSoftDemapKernel<float, __half, __half, float, (unsigned int)4, (unsigned short)16383>(channel_eq::_puschRxChEqStatDescr *, channel_eq::_puschRxChEqSoftDemapDynDescr)"
19775018981,669017,405859,1,1,1,32,32,1,30,0.000,0.000,,,,,NVIDIA A100-SXM4-40GB MIG 4g.20gb (0),1,,13,"void convert_kernel<float2, __half2>(tensor_layout_any, T1 *, tensor_layout_any, const T2 *)"
19776032026,16960,405871,2253,1,1,128,1,1,16,0.000,0.000,,,,,NVIDIA A100-SXM4-40GB MIG 4g.20gb (0),1,,13,cupy_copy__float16_float16
19776223256,26176,405880,282,1,1,128,1,1,16,0.000,0.000,,,,,NVIDIA A100-SXM4-40GB MIG 4g.20gb (0),1,,13,cupy_copy__complex64_complex64
19776352694,5984,405889,26,1,1,128,1,1,16,0.000,0.000,,,,,NVIDIA A100-SXM4-40GB MIG 4g.20gb (0),1,,13,cupy_copy__float32_float32
19776534484,23168,405898,103,1,1,128,1,1,16,0.000,0.000,,,,,NVIDIA A100-SXM4-40GB MIG 4g.20gb (0),1,,13,cupy_copy__complex64_complex64
19776739634,28576,405914,1434,1,1,128,1,1,16,0.000,0.000,,,,,NVIDIA A100-SXM4-40GB MIG 4g.20gb (0),1,,13,cupy_copy__complex64_complex64
19776770418,96031,405919,1,1,1,32,32,1,30,0.000,0.000,,,,,NVIDIA A100-SXM4-40GB MIG 4g.20gb (0),1,,13,"void convert_kernel<__half2, float2>(tensor_layout_any, T1 *, tensor_layout_any, const T2 *)"
19776894928,5408,405922,,,,,,,,,,0.094,17325.421,Pinned,Device,NVIDIA A100-SXM4-40GB MIG 4g.20gb (0),1,,13,[CUDA memcpy Host-to-Device]
19776946544,611801,405923,,,,,,,,,,456.561,746021.393,Device,,NVIDIA A100-SXM4-40GB MIG 4g.20gb (0),1,,13,[CUDA memset]
19777560361,51551,405928,,,,,,,,,,1.235,23955.444,Pinned,Device,NVIDIA A100-SXM4-40GB MIG 4g.20gb (0),1,,13,[CUDA memcpy Host-to-Device]
19777614344,9536,405929,,,,,,,,,,0.197,20617.298,Pinned,Device,NVIDIA A100-SXM4-40GB MIG 4g.20gb (0),1,,13,[CUDA memcpy Host-to-Device]
19777788774,14016,405930,69,4,1,48,1,1,76,0.002,0.000,,,,,NVIDIA A100-SXM4-40GB MIG 4g.20gb (0),1,,13,"void ch_est::windowedChEstPreNoDftSOfdmKernel<float, __half, float, (unsigned int)2, (unsigned int)1, (unsigned short)4>(ch_est::puschRxChEstStatDescr_t *, ch_est::puschRxChEstDynDescr_t *)"
19778086499,17600,405931,137,2,1,24,2,1,44,0.001,0.001,,,,,NVIDIA A100-SXM4-40GB MIG 4g.20gb (0),1,,13,"void ch_est::chEstFilterNoDftSOfdmDispatchKernel<float, __half, float, (unsigned int)2>(ch_est::puschRxChEstStatDescr_t *, ch_est::puschRxChEstDynDescr_t *)"
19778376224,17120,405932,137,2,1,24,2,1,44,0.001,0.001,,,,,NVIDIA A100-SXM4-40GB MIG 4g.20gb (0),1,,13,"void ch_est::chEstFilterNoDftSOfdmDispatchKernel<float, __half, float, (unsigned int)2>(ch_est::puschRxChEstStatDescr_t *, ch_est::puschRxChEstDynDescr_t *)"
19778558654,19456,405943,103,1,1,128,1,1,16,0.000,0.000,,,,,NVIDIA A100-SXM4-40GB MIG 4g.20gb (0),1,,13,cupy_copy__complex64_complex64
19778662397,17503,405953,1434,1,1,128,1,1,16,0.000,0.000,,,,,NVIDIA A100-SXM4-40GB MIG 4g.20gb (0),1,,13,cupy_copy__complex64_complex64
19778681596,3904,405960,103,1,1,128,1,1,16,0.000,0.000,,,,,NVIDIA A100-SXM4-40GB MIG 4g.20gb (0),1,,13,cupy_copy__complex64_complex64
19778770619,307261,405967,1,1,1,32,32,1,30,0.000,0.000,,,,,NVIDIA A100-SXM4-40GB MIG 4g.20gb (0),1,,13,"void convert_kernel<__half2, float2>(tensor_layout_any, T1 *, tensor_layout_any, const T2 *)"
19779106296,5824,405970,,,,,,,,,,0.094,16087.884,Pinned,Device,NVIDIA A100-SXM4-40GB MIG 4g.20gb (0),1,,13,[CUDA memcpy Host-to-Device]
19779217046,51808,405971,,,,,,,,,,35.810,691203.076,Device,,NVIDIA A100-SXM4-40GB MIG 4g.20gb (0),1,,13,[CUDA memset]
19779270038,1856,405973,,,,,,,,,,0.000,43.103,Pinned,Device,NVIDIA A100-SXM4-40GB MIG 4g.20gb (0),1,,13,[CUDA memcpy Host-to-Device]
19779274646,9568,405974,,,,,,,,,,0.197,20548.485,Pinned,Device,NVIDIA A100-SXM4-40GB MIG 4g.20gb (0),1,,13,[CUDA memcpy Host-to-Device]
19779475860,25023,405975,273,1,1,48,1,1,40,0.000,0.001,,,,,NVIDIA A100-SXM4-40GB MIG 4g.20gb (0),1,,13,"void pusch_noise_intf_est::noiseIntfEstNoDftSOfdmKernel<float, __half, float, float, (unsigned int)2, (unsigned int)1, (unsigned char)4, (unsigned char)4>(pusch_noise_intf_est::puschRxNoiseIntfEstDynDescr)"
19779692049,6272,405986,35,1,1,128,1,1,16,0.000,0.000,,,,,NVIDIA A100-SXM4-40GB MIG 4g.20gb (0),1,,13,cupy_copy__complex64_complex64
19779790384,3456,405995,1,1,1,1,1,1,18,0.000,0.000,,,,,NVIDIA A100-SXM4-40GB MIG 4g.20gb (0),1,,13,cupy_copy__float32_float32
19779803632,1600,406001,,,,,,,,,,0.000,2.500,Device,Pageable,NVIDIA A100-SXM4-40GB MIG 4g.20gb (0),1,,7,[CUDA memcpy Device-to-Host]
19779986798,17856,406012,1434,1,1,128,1,1,16,0.000,0.000,,,,,NVIDIA A100-SXM4-40GB MIG 4g.20gb (0),1,,13,cupy_copy__complex64_complex64
19780201995,4416,406019,103,1,1,128,1,1,16,0.000,0.000,,,,,NVIDIA A100-SXM4-40GB MIG 4g.20gb (0),1,,13,cupy_copy__complex64_complex64
19780308746,8032,406026,35,1,1,128,1,1,16,0.000,0.000,,,,,NVIDIA A100-SXM4-40GB MIG 4g.20gb (0),1,,13,cupy_copy__complex64_complex64
19780406025,3648,406033,1,1,1,1,1,1,18,0.000,0.000,,,,,NVIDIA A100-SXM4-40GB MIG 4g.20gb (0),1,,13,cupy_copy__float32_float32
19780509608,333564,406044,1,1,1,32,32,1,30,0.000,0.000,,,,,NVIDIA A100-SXM4-40GB MIG 4g.20gb (0),1,,13,"void convert_kernel<__half2, float2>(tensor_layout_any, T1 *, tensor_layout_any, const T2 *)"
19780873380,5760,406047,,,,,,,,,,0.094,16266.656,Pinned,Device,NVIDIA A100-SXM4-40GB MIG 4g.20gb (0),1,,13,[CUDA memcpy Host-to-Device]
19781000962,4448,406048,,,,,,,,,,1.547,347712.008,Device,,NVIDIA A100-SXM4-40GB MIG 4g.20gb (0),1,,13,[CUDA memset]
19781007810,3648,406053,,,,,,,,,,0.031,8578.922,Pinned,Device,NVIDIA A100-SXM4-40GB MIG 4g.20gb (0),1,,13,[CUDA memcpy Host-to-Device]
19781014434,9536,406054,,,,,,,,,,0.197,20617.298,Pinned,Device,NVIDIA A100-SXM4-40GB MIG 4g.20gb (0),1,,13,[CUDA memcpy Host-to-Device]
19781212608,10976,406055,273,1,1,8,4,1,39,0.002,0.000,,,,,NVIDIA A100-SXM4-40GB MIG 4g.20gb (0),1,,13,"void channel_eq::eqMmseCoefCompLowMimoKernel<float, float, float, (unsigned int)4, (unsigned int)1, (unsigned int)4>(const channel_eq::_puschRxChEqStatDescr *, channel_eq::_puschRxChEqCoefCompDynDescr)"
19781328639,21984,406056,273,1,1,12,11,1,51,0.002,0.000,,,,,NVIDIA A100-SXM4-40GB MIG 4g.20gb (0),1,,13,"void channel_eq::eqMmseSoftDemapKernel<float, __half, __half, float, (unsigned int)4, (unsigned short)16383>(channel_eq::_puschRxChEqStatDescr *, channel_eq::_puschRxChEqSoftDemapDynDescr)"
19781352735,282396,406057,1,1,1,32,32,1,30,0.000,0.000,,,,,NVIDIA A100-SXM4-40GB MIG 4g.20gb (0),1,,13,"void convert_kernel<float2, __half2>(tensor_layout_any, T1 *, tensor_layout_any, const T2 *)"
19781636955,10592,406069,2253,1,1,128,1,1,16,0.000,0.000,,,,,NVIDIA A100-SXM4-40GB MIG 4g.20gb (0),1,,13,cupy_copy__float16_float16
19781649467,2880,406078,282,1,1,128,1,1,16,0.000,0.000,,,,,NVIDIA A100-SXM4-40GB MIG 4g.20gb (0),1,,13,cupy_copy__complex64_complex64
19781654043,2080,406087,26,1,1,128,1,1,16,0.000,0.000,,,,,NVIDIA A100-SXM4-40GB MIG 4g.20gb (0),1,,13,cupy_copy__float32_float32
19781657755,3008,406096,103,1,1,128,1,1,16,0.000,0.000,,,,,NVIDIA A100-SXM4-40GB MIG 4g.20gb (0),1,,13,cupy_copy__complex64_complex64
19781662715,12416,406106,1434,1,1,128,1,1,16,0.000,0.000,,,,,NVIDIA A100-SXM4-40GB MIG 4g.20gb (0),1,,13,cupy_copy__complex64_complex64
19781676411,79839,406111,1,1,1,32,32,1,30,0.000,0.000,,,,,NVIDIA A100-SXM4-40GB MIG 4g.20gb (0),1,,13,"void convert_kernel<__half2, float2>(tensor_layout_any, T1 *, tensor_layout_any, const T2 *)"
19781785050,5376,406114,,,,,,,,,,0.094,17428.487,Pinned,Device,NVIDIA A100-SXM4-40GB MIG 4g.20gb (0),1,,13,[CUDA memcpy Host-to-Device]
19781795546,601081,406115,,,,,,,,,,456.561,759261.675,Device,,NVIDIA A100-SXM4-40GB MIG 4g.20gb (0),1,,13,[CUDA memset]
19782398323,49023,406120,,,,,,,,,,1.235,25190.388,Pinned,Device,NVIDIA A100-SXM4-40GB MIG 4g.20gb (0),1,,13,[CUDA memcpy Host-to-Device]
19782449906,9440,406121,,,,,,,,,,0.197,20827.079,Pinned,Device,NVIDIA A100-SXM4-40GB MIG 4g.20gb (0),1,,13,[CUDA memcpy Host-to-Device]
19782463250,7264,406122,69,4,1,48,1,1,76,0.002,0.000,,,,,NVIDIA A100-SXM4-40GB MIG 4g.20gb (0),1,,13,"void ch_est::windowedChEstPreNoDftSOfdmKernel<float, __half, float, (unsigned int)2, (unsigned int)1, (unsigned short)4>(ch_est::puschRxChEstStatDescr_t *, ch_est::puschRxChEstDynDescr_t *)"
19782472658,6816,406123,137,2,1,24,2,1,44,0.001,0.001,,,,,NVIDIA A100-SXM4-40GB MIG 4g.20gb (0),1,,13,"void ch_est::chEstFilterNoDftSOfdmDispatchKernel<float, __half, float, (unsigned int)2>(ch_est::puschRxChEstStatDescr_t *, ch_est::puschRxChEstDynDescr_t *)"
19782481586,4768,406124,137,2,1,24,2,1,44,0.001,0.001,,,,,NVIDIA A100-SXM4-40GB MIG 4g.20gb (0),1,,13,"void ch_est::chEstFilterNoDftSOfdmDispatchKernel<float, __half, float, (unsigned int)2>(ch_est::puschRxChEstStatDescr_t *, ch_est::puschRxChEstDynDescr_t *)"
19782488434,2624,406135,103,1,1,128,1,1,16,0.000,0.000,,,,,NVIDIA A100-SXM4-40GB MIG 4g.20gb (0),1,,13,cupy_copy__complex64_complex64
19782493042,13248,406145,1434,1,1,128,1,1,16,0.000,0.000,,,,,NVIDIA A100-SXM4-40GB MIG 4g.20gb (0),1,,13,cupy_copy__complex64_complex64
19782508210,2592,406152,103,1,1,128,1,1,16,0.000,0.000,,,,,NVIDIA A100-SXM4-40GB MIG 4g.20gb (0),1,,13,cupy_copy__complex64_complex64
19782512242,79615,406159,1,1,1,32,32,1,30,0.000,0.000,,,,,NVIDIA A100-SXM4-40GB MIG 4g.20gb (0),1,,13,"void convert_kernel<__half2, float2>(tensor_layout_any, T1 *, tensor_layout_any, const T2 *)"
19782619536,5472,406162,,,,,,,,,,0.094,17122.757,Pinned,Device,NVIDIA A100-SXM4-40GB MIG 4g.20gb (0),1,,13,[CUDA memcpy Host-to-Device]
19782632528,46944,406163,,,,,,,,,,35.810,762787.106,Device,,NVIDIA A100-SXM4-40GB MIG 4g.20gb (0),1,,13,[CUDA memset]
19782683472,1824,406165,,,,,,,,,,0.000,43.860,Pinned,Device,NVIDIA A100-SXM4-40GB MIG 4g.20gb (0),1,,13,[CUDA memcpy Host-to-Device]
19782687728,9408,406166,,,,,,,,,,0.197,20897.858,Pinned,Device,NVIDIA A100-SXM4-40GB MIG 4g.20gb (0),1,,13,[CUDA memcpy Host-to-Device]
19782701583,9088,406167,273,1,1,48,1,1,40,0.000,0.001,,,,,NVIDIA A100-SXM4-40GB MIG 4g.20gb (0),1,,13,"void pusch_noise_intf_est::noiseIntfEstNoDftSOfdmKernel<float, __half, float, float, (unsigned int)2, (unsigned int)1, (unsigned char)4, (unsigned char)4>(pusch_noise_intf_est::puschRxNoiseIntfEstDynDescr)"
19782712239,2944,406178,35,1,1,128,1,1,16,0.000,0.000,,,,,NVIDIA A100-SXM4-40GB MIG 4g.20gb (0),1,,13,cupy_copy__complex64_complex64
19782737967,1888,406187,1,1,1,1,1,1,18,0.000,0.000,,,,,NVIDIA A100-SXM4-40GB MIG 4g.20gb (0),1,,13,cupy_copy__float32_float32
19782773039,1568,406193,,,,,,,,,,0.000,2.551,Device,Pageable,NVIDIA A100-SXM4-40GB MIG 4g.20gb (0),1,,7,[CUDA memcpy Device-to-Host]
19782833262,13696,406204,1434,1,1,128,1,1,16,0.000,0.000,,,,,NVIDIA A100-SXM4-40GB MIG 4g.20gb (0),1,,13,cupy_copy__complex64_complex64
19782859182,2688,406211,103,1,1,128,1,1,16,0.000,0.000,,,,,NVIDIA A100-SXM4-40GB MIG 4g.20gb (0),1,,13,cupy_copy__complex64_complex64
19782879853,2176,406218,35,1,1,128,1,1,16,0.000,0.000,,,,,NVIDIA A100-SXM4-40GB MIG 4g.20gb (0),1,,13,cupy_copy__complex64_complex64
19782898381,1824,406225,1,1,1,1,1,1,18,0.000,0.000,,,,,NVIDIA A100-SXM4-40GB MIG 4g.20gb (0),1,,13,cupy_copy__float32_float32
19783044972,79263,406236,1,1,1,32,32,1,30,0.000,0.000,,,,,NVIDIA A100-SXM4-40GB MIG 4g.20gb (0),1,,13,"void convert_kernel<__half2, float2>(tensor_layout_any, T1 *, tensor_layout_any, const T2 *)"
19783153706,5344,406239,,,,,,,,,,0.094,17532.864,Pinned,Device,NVIDIA A100-SXM4-40GB MIG 4g.20gb (0),1,,13,[CUDA memcpy Host-to-Device]
19783167498,3168,406240,,,,,,,,,,1.547,488201.145,Device,,NVIDIA A100-SXM4-40GB MIG 4g.20gb (0),1,,13,[CUDA memset]
19783173930,3040,406245,,,,,,,,,,0.031,10294.725,Pinned,Device,NVIDIA A100-SXM4-40GB MIG 4g.20gb (0),1,,13,[CUDA memcpy Host-to-Device]
19783179370,9312,406246,,,,,,,,,,0.197,21113.340,Pinned,Device,NVIDIA A100-SXM4-40GB MIG 4g.20gb (0),1,,13,[CUDA memcpy Host-to-Device]
19783192650,5952,406247,273,1,1,8,4,1,39,0.002,0.000,,,,,NVIDIA A100-SXM4-40GB MIG 4g.20gb (0),1,,13,"void channel_eq::eqMmseCoefCompLowMimoKernel<float, float, float, (unsigned int)4, (unsigned int)1, (unsigned int)4>(const channel_eq::_puschRxChEqStatDescr *, channel_eq::_puschRxChEqCoefCompDynDescr)"
19783200426,5792,406248,273,1,1,12,11,1,51,0.002,0.000,,,,,NVIDIA A100-SXM4-40GB MIG 4g.20gb (0),1,,13,"void channel_eq::eqMmseSoftDemapKernel<float, __half, __half, float, (unsigned int)4, (unsigned short)16383>(channel_eq::_puschRxChEqStatDescr *, channel_eq::_puschRxChEqSoftDemapDynDescr)"
19783207786,510330,406249,1,1,1,32,32,1,30,0.000,0.000,,,,,NVIDIA A100-SXM4-40GB MIG 4g.20gb (0),1,,13,"void convert_kernel<float2, __half2>(tensor_layout_any, T1 *, tensor_layout_any, const T2 *)"
19783788739,14080,406261,2253,1,1,128,1,1,16,0.000,0.000,,,,,NVIDIA A100-SXM4-40GB MIG 4g.20gb (0),1,,13,cupy_copy__float16_float16
19783804067,4064,406270,282,1,1,128,1,1,16,0.000,0.000,,,,,NVIDIA A100-SXM4-40GB MIG 4g.20gb (0),1,,13,cupy_copy__complex64_complex64
19783874626,3968,406279,26,1,1,128,1,1,16,0.000,0.000,,,,,NVIDIA A100-SXM4-40GB MIG 4g.20gb (0),1,,13,cupy_copy__float32_float32
19783882178,3904,406288,103,1,1,128,1,1,16,0.000,0.000,,,,,NVIDIA A100-SXM4-40GB MIG 4g.20gb (0),1,,13,cupy_copy__complex64_complex64
19783953185,17472,406298,1434,1,1,128,1,1,16,0.000,0.000,,,,,NVIDIA A100-SXM4-40GB MIG 4g.20gb (0),1,,13,cupy_copy__complex64_complex64
19784041952,340989,406303,1,1,1,32,32,1,30,0.000,0.000,,,,,NVIDIA A100-SXM4-40GB MIG 4g.20gb (0),1,,13,"void convert_kernel<__half2, float2>(tensor_layout_any, T1 *, tensor_layout_any, const T2 *)"
19784423132,5984,406306,,,,,,,,,,0.094,15657.726,Pinned,Device,NVIDIA A100-SXM4-40GB MIG 4g.20gb (0),1,,13,[CUDA memcpy Host-to-Device]
19784498363,607258,406307,,,,,,,,,,456.561,751500.130,Device,,NVIDIA A100-SXM4-40GB MIG 4g.20gb (0),1,,13,[CUDA memset]
19785112437,52831,406312,,,,,,,,,,1.235,23375.020,Pinned,Device,NVIDIA A100-SXM4-40GB MIG 4g.20gb (0),1,,13,[CUDA memcpy Host-to-Device]
19785167988,9952,406313,,,,,,,,,,0.197,19755.565,Pinned,Device,NVIDIA A100-SXM4-40GB MIG 4g.20gb (0),1,,13,[CUDA memcpy Host-to-Device]
19785359186,22592,406314,69,4,1,48,1,1,76,0.002,0.000,,,,,NVIDIA A100-SXM4-40GB MIG 4g.20gb (0),1,,13,"void ch_est::windowedChEstPreNoDftSOfdmKernel<float, __half, float, (unsigned int)2, (unsigned int)1, (unsigned short)4>(ch_est::puschRxChEstStatDescr_t *, ch_est::puschRxChEstDynDescr_t *)"
19787933621,37792,406315,137,2,1,24,2,1,44,0.001,0.001,,,,,NVIDIA A100-SXM4-40GB MIG 4g.20gb (0),1,,13,"void ch_est::chEstFilterNoDftSOfdmDispatchKernel<float, __half, float, (unsigned int)2>(ch_est::puschRxChEstStatDescr_t *, ch_est::puschRxChEstDynDescr_t *)"
19788120243,21472,406316,137,2,1,24,2,1,44,0.001,0.001,,,,,NVIDIA A100-SXM4-40GB MIG 4g.20gb (0),1,,13,"void ch_est::chEstFilterNoDftSOfdmDispatchKernel<float, __half, float, (unsigned int)2>(ch_est::puschRxChEstStatDescr_t *, ch_est::puschRxChEstDynDescr_t *)"
19790670166,4448,406327,103,1,1,128,1,1,16,0.000,0.000,,,,,NVIDIA A100-SXM4-40GB MIG 4g.20gb (0),1,,13,cupy_copy__complex64_complex64
19790677526,14976,406337,1434,1,1,128,1,1,16,0.000,0.000,,,,,NVIDIA A100-SXM4-40GB MIG 4g.20gb (0),1,,13,cupy_copy__complex64_complex64
19790756245,3904,406344,103,1,1,128,1,1,16,0.000,0.000,,,,,NVIDIA A100-SXM4-40GB MIG 4g.20gb (0),1,,13,cupy_copy__complex64_complex64
19790833301,186973,406351,1,1,1,32,32,1,30,0.000,0.000,,,,,NVIDIA A100-SXM4-40GB MIG 4g.20gb (0),1,,13,"void convert_kernel<__half2, float2>(tensor_layout_any, T1 *, tensor_layout_any, const T2 *)"
19791049458,5344,406354,,,,,,,,,,0.094,17532.864,Pinned,Device,NVIDIA A100-SXM4-40GB MIG 4g.20gb (0),1,,13,[CUDA memcpy Host-to-Device]
19791062002,46623,406355,,,,,,,,,,35.810,768051.164,Device,,NVIDIA A100-SXM4-40GB MIG 4g.20gb (0),1,,13,[CUDA memset]
19791114289,1824,406357,,,,,,,,,,0.000,43.860,Pinned,Device,NVIDIA A100-SXM4-40GB MIG 4g.20gb (0),1,,13,[CUDA memcpy Host-to-Device]
19791118641,9408,406358,,,,,,,,,,0.197,20897.858,Pinned,Device,NVIDIA A100-SXM4-40GB MIG 4g.20gb (0),1,,13,[CUDA memcpy Host-to-Device]
19791132625,8608,406359,273,1,1,48,1,1,40,0.000,0.001,,,,,NVIDIA A100-SXM4-40GB MIG 4g.20gb (0),1,,13,"void pusch_noise_intf_est::noiseIntfEstNoDftSOfdmKernel<float, __half, float, float, (unsigned int)2, (unsigned int)1, (unsigned char)4, (unsigned char)4>(pusch_noise_intf_est::puschRxNoiseIntfEstDynDescr)"
19791143377,2912,406370,35,1,1,128,1,1,16,0.000,0.000,,,,,NVIDIA A100-SXM4-40GB MIG 4g.20gb (0),1,,13,cupy_copy__complex64_complex64
19791167985,1888,406379,1,1,1,1,1,1,18,0.000,0.000,,,,,NVIDIA A100-SXM4-40GB MIG 4g.20gb (0),1,,13,cupy_copy__float32_float32
19791202928,1600,406385,,,,,,,,,,0.000,2.500,Device,Pageable,NVIDIA A100-SXM4-40GB MIG 4g.20gb (0),1,,7,[CUDA memcpy Device-to-Host]
19791262736,13312,406396,1434,1,1,128,1,1,16,0.000,0.000,,,,,NVIDIA A100-SXM4-40GB MIG 4g.20gb (0),1,,13,cupy_copy__complex64_complex64
19791289039,2752,406403,103,1,1,128,1,1,16,0.000,0.000,,,,,NVIDIA A100-SXM4-40GB MIG 4g.20gb (0),1,,13,cupy_copy__complex64_complex64
19791309391,2176,406410,35,1,1,128,1,1,16,0.000,0.000,,,,,NVIDIA A100-SXM4-40GB MIG 4g.20gb (0),1,,13,cupy_copy__complex64_complex64
19791340719,1856,406417,1,1,1,1,1,1,18,0.000,0.000,,,,,NVIDIA A100-SXM4-40GB MIG 4g.20gb (0),1,,13,cupy_copy__float32_float32
19791480717,79583,406428,1,1,1,32,32,1,30,0.000,0.000,,,,,NVIDIA A100-SXM4-40GB MIG 4g.20gb (0),1,,13,"void convert_kernel<__half2, float2>(tensor_layout_any, T1 *, tensor_layout_any, const T2 *)"
19791596172,5408,406431,,,,,,,,,,0.094,17325.421,Pinned,Device,NVIDIA A100-SXM4-40GB MIG 4g.20gb (0),1,,13,[CUDA memcpy Host-to-Device]
19791614156,3360,406432,,,,,,,,,,1.547,460304.688,Device,,NVIDIA A100-SXM4-40GB MIG 4g.20gb (0),1,,13,[CUDA memset]
19791621996,3328,406437,,,,,,,,,,0.031,9403.822,Pinned,Device,NVIDIA A100-SXM4-40GB MIG 4g.20gb (0),1,,13,[CUDA memcpy Host-to-Device]
19791627756,9280,406438,,,,,,,,,,0.197,21186.085,Pinned,Device,NVIDIA A100-SXM4-40GB MIG 4g.20gb (0),1,,13,[CUDA memcpy Host-to-Device]
19791641804,6239,406439,273,1,1,8,4,1,39,0.002,0.000,,,,,NVIDIA A100-SXM4-40GB MIG 4g.20gb (0),1,,13,"void channel_eq::eqMmseCoefCompLowMimoKernel<float, float, float, (unsigned int)4, (unsigned int)1, (unsigned int)4>(const channel_eq::_puschRxChEqStatDescr *, channel_eq::_puschRxChEqCoefCompDynDescr)"
19791649547,6208,406440,273,1,1,12,11,1,51,0.002,0.000,,,,,NVIDIA A100-SXM4-40GB MIG 4g.20gb (0),1,,13,"void channel_eq::eqMmseSoftDemapKernel<float, __half, __half, float, (unsigned int)4, (unsigned short)16383>(channel_eq::_puschRxChEqStatDescr *, channel_eq::_puschRxChEqSoftDemapDynDescr)"
19791658187,281533,406441,1,1,1,32,32,1,30,0.000,0.000,,,,,NVIDIA A100-SXM4-40GB MIG 4g.20gb (0),1,,13,"void convert_kernel<float2, __half2>(tensor_layout_any, T1 *, tensor_layout_any, const T2 *)"
19791941032,10720,406453,2253,1,1,128,1,1,16,0.000,0.000,,,,,NVIDIA A100-SXM4-40GB MIG 4g.20gb (0),1,,13,cupy_copy__float16_float16
19791953288,2880,406462,282,1,1,128,1,1,16,0.000,0.000,,,,,NVIDIA A100-SXM4-40GB MIG 4g.20gb (0),1,,13,cupy_copy__complex64_complex64
19791958216,2112,406471,26,1,1,128,1,1,16,0.000,0.000,,,,,NVIDIA A100-SXM4-40GB MIG 4g.20gb (0),1,,13,cupy_copy__float32_float32
19791962248,2912,406480,103,1,1,128,1,1,16,0.000,0.000,,,,,NVIDIA A100-SXM4-40GB MIG 4g.20gb (0),1,,13,cupy_copy__complex64_complex64
19791966792,11584,406490,1434,1,1,128,1,1,16,0.000,0.000,,,,,NVIDIA A100-SXM4-40GB MIG 4g.20gb (0),1,,13,cupy_copy__complex64_complex64
19792046631,330428,406495,1,1,1,32,32,1,30,0.000,0.000,,,,,NVIDIA A100-SXM4-40GB MIG 4g.20gb (0),1,,13,"void convert_kernel<__half2, float2>(tensor_layout_any, T1 *, tensor_layout_any, const T2 *)"
19792405123,5536,406498,,,,,,,,,,0.094,16924.777,Pinned,Device,NVIDIA A100-SXM4-40GB MIG 4g.20gb (0),1,,13,[CUDA memcpy Host-to-Device]
19794636298,605657,406499,,,,,,,,,,456.561,753782.937,Device,,NVIDIA A100-SXM4-40GB MIG 4g.20gb (0),1,,13,[CUDA memset]
19795248131,50944,406504,,,,,,,,,,1.235,24240.716,Pinned,Device,NVIDIA A100-SXM4-40GB MIG 4g.20gb (0),1,,13,[CUDA memcpy Host-to-Device]
19795301507,10304,406505,,,,,,,,,,0.197,19080.610,Pinned,Device,NVIDIA A100-SXM4-40GB MIG 4g.20gb (0),1,,13,[CUDA memcpy Host-to-Device]
19795577312,10207,406506,69,4,1,48,1,1,76,0.002,0.000,,,,,NVIDIA A100-SXM4-40GB MIG 4g.20gb (0),1,,13,"void ch_est::windowedChEstPreNoDftSOfdmKernel<float, __half, float, (unsigned int)2, (unsigned int)1, (unsigned short)4>(ch_est::puschRxChEstStatDescr_t *, ch_est::puschRxChEstDynDescr_t *)"
19798290081,53472,406507,137,2,1,24,2,1,44,0.001,0.001,,,,,NVIDIA A100-SXM4-40GB MIG 4g.20gb (0),1,,13,"void ch_est::chEstFilterNoDftSOfdmDispatchKernel<float, __half, float, (unsigned int)2>(ch_est::puschRxChEstStatDescr_t *, ch_est::puschRxChEstDynDescr_t *)"
19798607294,11680,406508,137,2,1,24,2,1,44,0.001,0.001,,,,,NVIDIA A100-SXM4-40GB MIG 4g.20gb (0),1,,13,"void ch_est::chEstFilterNoDftSOfdmDispatchKernel<float, __half, float, (unsigned int)2>(ch_est::puschRxChEstStatDescr_t *, ch_est::puschRxChEstDynDescr_t *)"
19798948826,3936,406519,103,1,1,128,1,1,16,0.000,0.000,,,,,NVIDIA A100-SXM4-40GB MIG 4g.20gb (0),1,,13,cupy_copy__complex64_complex64
19799116632,19296,406529,1434,1,1,128,1,1,16,0.000,0.000,,,,,NVIDIA A100-SXM4-40GB MIG 4g.20gb (0),1,,13,cupy_copy__complex64_complex64
19799233719,3936,406536,103,1,1,128,1,1,16,0.000,0.000,,,,,NVIDIA A100-SXM4-40GB MIG 4g.20gb (0),1,,13,cupy_copy__complex64_complex64
19799379637,259197,406543,1,1,1,32,32,1,30,0.000,0.000,,,,,NVIDIA A100-SXM4-40GB MIG 4g.20gb (0),1,,13,"void convert_kernel<__half2, float2>(tensor_layout_any, T1 *, tensor_layout_any, const T2 *)"
19799679314,5408,406546,,,,,,,,,,0.094,17325.421,Pinned,Device,NVIDIA A100-SXM4-40GB MIG 4g.20gb (0),1,,13,[CUDA memcpy Host-to-Device]
19799889935,50208,406547,,,,,,,,,,35.810,713226.177,Device,,NVIDIA A100-SXM4-40GB MIG 4g.20gb (0),1,,13,[CUDA memset]
19799944463,3040,406549,,,,,,,,,,0.000,26.316,Pinned,Device,NVIDIA A100-SXM4-40GB MIG 4g.20gb (0),1,,13,[CUDA memcpy Host-to-Device]
19799951151,9728,406550,,,,,,,,,,0.197,20210.516,Pinned,Device,NVIDIA A100-SXM4-40GB MIG 4g.20gb (0),1,,13,[CUDA memcpy Host-to-Device]
19800201420,44735,406551,273,1,1,48,1,1,40,0.000,0.001,,,,,NVIDIA A100-SXM4-40GB MIG 4g.20gb (0),1,,13,"void pusch_noise_intf_est::noiseIntfEstNoDftSOfdmKernel<float, __half, float, float, (unsigned int)2, (unsigned int)1, (unsigned char)4, (unsigned char)4>(pusch_noise_intf_est::puschRxNoiseIntfEstDynDescr)"
19800520200,7392,406562,35,1,1,128,1,1,16,0.000,0.000,,,,,NVIDIA A100-SXM4-40GB MIG 4g.20gb (0),1,,13,cupy_copy__complex64_complex64
19803518887,3552,406571,1,1,1,1,1,1,18,0.000,0.000,,,,,NVIDIA A100-SXM4-40GB MIG 4g.20gb (0),1,,13,cupy_copy__float32_float32
19803526855,1728,406577,,,,,,,,,,0.000,2.315,Device,Pageable,NVIDIA A100-SXM4-40GB MIG 4g.20gb (0),1,,7,[CUDA memcpy Device-to-Host]
19806401479,31583,406588,1434,1,1,128,1,1,16,0.000,0.000,,,,,NVIDIA A100-SXM4-40GB MIG 4g.20gb (0),1,,13,cupy_copy__complex64_complex64
19806434918,3360,406595,103,1,1,128,1,1,16,0.000,0.000,,,,,NVIDIA A100-SXM4-40GB MIG 4g.20gb (0),1,,13,cupy_copy__complex64_complex64
19806439846,4800,406602,35,1,1,128,1,1,16,0.000,0.000,,,,,NVIDIA A100-SXM4-40GB MIG 4g.20gb (0),1,,13,cupy_copy__complex64_complex64
19806445350,2080,406609,1,1,1,1,1,1,18,0.000,0.000,,,,,NVIDIA A100-SXM4-40GB MIG 4g.20gb (0),1,,13,cupy_copy__float32_float32
19806450118,79967,406620,1,1,1,32,32,1,30,0.000,0.000,,,,,NVIDIA A100-SXM4-40GB MIG 4g.20gb (0),1,,13,"void convert_kernel<__half2, float2>(tensor_layout_any, T1 *, tensor_layout_any, const T2 *)"
19806560101,5408,406623,,,,,,,,,,0.094,17325.421,Pinned,Device,NVIDIA A100-SXM4-40GB MIG 4g.20gb (0),1,,13,[CUDA memcpy Host-to-Device]
19806575621,3232,406624,,,,,,,,,,1.547,478533.199,Device,,NVIDIA A100-SXM4-40GB MIG 4g.20gb (0),1,,13,[CUDA memset]
19806581669,3295,406629,,,,,,,,,,0.031,9498.023,Pinned,Device,NVIDIA A100-SXM4-40GB MIG 4g.20gb (0),1,,13,[CUDA memcpy Host-to-Device]
19806587396,9568,406630,,,,,,,,,,0.197,20548.485,Pinned,Device,NVIDIA A100-SXM4-40GB MIG 4g.20gb (0),1,,13,[CUDA memcpy Host-to-Device]
19806602084,6176,406631,273,1,1,8,4,1,39,0.002,0.000,,,,,NVIDIA A100-SXM4-40GB MIG 4g.20gb (0),1,,13,"void channel_eq::eqMmseCoefCompLowMimoKernel<float, float, float, (unsigned int)4, (unsigned int)1, (unsigned int)4>(const channel_eq::_puschRxChEqStatDescr *, channel_eq::_puschRxChEqCoefCompDynDescr)"
19806609476,6400,406632,273,1,1,12,11,1,51,0.002,0.000,,,,,NVIDIA A100-SXM4-40GB MIG 4g.20gb (0),1,,13,"void channel_eq::eqMmseSoftDemapKernel<float, __half, __half, float, (unsigned int)4, (unsigned short)16383>(channel_eq::_puschRxChEqStatDescr *, channel_eq::_puschRxChEqSoftDemapDynDescr)"
19806617988,281597,406633,1,1,1,32,32,1,30,0.000,0.000,,,,,NVIDIA A100-SXM4-40GB MIG 4g.20gb (0),1,,13,"void convert_kernel<float2, __half2>(tensor_layout_any, T1 *, tensor_layout_any, const T2 *)"
19806901505,10688,406645,2253,1,1,128,1,1,16,0.000,0.000,,,,,NVIDIA A100-SXM4-40GB MIG 4g.20gb (0),1,,13,cupy_copy__float16_float16
19806914465,2816,406654,282,1,1,128,1,1,16,0.000,0.000,,,,,NVIDIA A100-SXM4-40GB MIG 4g.20gb (0),1,,13,cupy_copy__complex64_complex64
19806919233,2112,406663,26,1,1,128,1,1,16,0.000,0.000,,,,,NVIDIA A100-SXM4-40GB MIG 4g.20gb (0),1,,13,cupy_copy__float32_float32
19806922977,3072,406672,103,1,1,128,1,1,16,0.000,0.000,,,,,NVIDIA A100-SXM4-40GB MIG 4g.20gb (0),1,,13,cupy_copy__complex64_complex64
19806927393,11712,406682,1434,1,1,128,1,1,16,0.000,0.000,,,,,NVIDIA A100-SXM4-40GB MIG 4g.20gb (0),1,,13,cupy_copy__complex64_complex64
19806955840,79967,406687,1,1,1,32,32,1,30,0.000,0.000,,,,,NVIDIA A100-SXM4-40GB MIG 4g.20gb (0),1,,13,"void convert_kernel<__half2, float2>(tensor_layout_any, T1 *, tensor_layout_any, const T2 *)"
19807063775,5472,406690,,,,,,,,,,0.094,17122.757,Pinned,Device,NVIDIA A100-SXM4-40GB MIG 4g.20gb (0),1,,13,[CUDA memcpy Host-to-Device]
19807076767,616217,406691,,,,,,,,,,456.561,740542.656,Device,,NVIDIA A100-SXM4-40GB MIG 4g.20gb (0),1,,13,[CUDA memset]
19807699416,53759,406696,,,,,,,,,,1.235,22971.193,Pinned,Device,NVIDIA A100-SXM4-40GB MIG 4g.20gb (0),1,,13,[CUDA memcpy Host-to-Device]
19807757495,10624,406697,,,,,,,,,,0.197,18505.925,Pinned,Device,NVIDIA A100-SXM4-40GB MIG 4g.20gb (0),1,,13,[CUDA memcpy Host-to-Device]
19807944693,17472,406698,69,4,1,48,1,1,76,0.002,0.000,,,,,NVIDIA A100-SXM4-40GB MIG 4g.20gb (0),1,,13,"void ch_est::windowedChEstPreNoDftSOfdmKernel<float, __half, float, (unsigned int)2, (unsigned int)1, (unsigned short)4>(ch_est::puschRxChEstStatDescr_t *, ch_est::puschRxChEstDynDescr_t *)"
19811529229,11200,406699,137,2,1,24,2,1,44,0.001,0.001,,,,,NVIDIA A100-SXM4-40GB MIG 4g.20gb (0),1,,13,"void ch_est::chEstFilterNoDftSOfdmDispatchKernel<float, __half, float, (unsigned int)2>(ch_est::puschRxChEstStatDescr_t *, ch_est::puschRxChEstDynDescr_t *)"
19811730859,18144,406700,137,2,1,24,2,1,44,0.001,0.001,,,,,NVIDIA A100-SXM4-40GB MIG 4g.20gb (0),1,,13,"void ch_est::chEstFilterNoDftSOfdmDispatchKernel<float, __half, float, (unsigned int)2>(ch_est::puschRxChEstStatDescr_t *, ch_est::puschRxChEstDynDescr_t *)"
19815130213,12160,406711,103,1,1,128,1,1,16,0.000,0.000,,,,,NVIDIA A100-SXM4-40GB MIG 4g.20gb (0),1,,13,cupy_copy__complex64_complex64
19815241284,17024,406721,1434,1,1,128,1,1,16,0.000,0.000,,,,,NVIDIA A100-SXM4-40GB MIG 4g.20gb (0),1,,13,cupy_copy__complex64_complex64
19815328227,8352,406728,103,1,1,128,1,1,16,0.000,0.000,,,,,NVIDIA A100-SXM4-40GB MIG 4g.20gb (0),1,,13,cupy_copy__complex64_complex64
19815438786,273020,406735,1,1,1,32,32,1,30,0.000,0.000,,,,,NVIDIA A100-SXM4-40GB MIG 4g.20gb (0),1,,13,"void convert_kernel<__half2, float2>(tensor_layout_any, T1 *, tensor_layout_any, const T2 *)"
19815742014,5760,406738,,,,,,,,,,0.094,16266.656,Pinned,Device,NVIDIA A100-SXM4-40GB MIG 4g.20gb (0),1,,13,[CUDA memcpy Host-to-Device]
19815852605,47807,406739,,,,,,,,,,35.810,749036.097,Device,,NVIDIA A100-SXM4-40GB MIG 4g.20gb (0),1,,13,[CUDA memset]
19815902204,2272,406741,,,,,,,,,,0.000,35.211,Pinned,Device,NVIDIA A100-SXM4-40GB MIG 4g.20gb (0),1,,13,[CUDA memcpy Host-to-Device]
19815909532,10080,406742,,,,,,,,,,0.197,19504.693,Pinned,Device,NVIDIA A100-SXM4-40GB MIG 4g.20gb (0),1,,13,[CUDA memcpy Host-to-Device]
19816049467,46111,406743,273,1,1,48,1,1,40,0.000,0.001,,,,,NVIDIA A100-SXM4-40GB MIG 4g.20gb (0),1,,13,"void pusch_noise_intf_est::noiseIntfEstNoDftSOfdmKernel<float, __half, float, float, (unsigned int)2, (unsigned int)1, (unsigned char)4, (unsigned char)4>(pusch_noise_intf_est::puschRxNoiseIntfEstDynDescr)"
19816235801,4864,406754,35,1,1,128,1,1,16,0.000,0.000,,,,,NVIDIA A100-SXM4-40GB MIG 4g.20gb (0),1,,13,cupy_copy__complex64_complex64
19816607508,4064,406763,1,1,1,1,1,1,18,0.000,0.000,,,,,NVIDIA A100-SXM4-40GB MIG 4g.20gb (0),1,,13,cupy_copy__float32_float32
19816619060,1856,406769,,,,,,,,,,0.000,2.155,Device,Pageable,NVIDIA A100-SXM4-40GB MIG 4g.20gb (0),1,,7,[CUDA memcpy Device-to-Host]
19816887889,19328,406780,1434,1,1,128,1,1,16,0.000,0.000,,,,,NVIDIA A100-SXM4-40GB MIG 4g.20gb (0),1,,13,cupy_copy__complex64_complex64
19816951025,4768,406787,103,1,1,128,1,1,16,0.000,0.000,,,,,NVIDIA A100-SXM4-40GB MIG 4g.20gb (0),1,,13,cupy_copy__complex64_complex64
19819802545,7584,406794,35,1,1,128,1,1,16,0.000,0.000,,,,,NVIDIA A100-SXM4-40GB MIG 4g.20gb (0),1,,13,cupy_copy__complex64_complex64
19819956495,2656,406801,1,1,1,1,1,1,18,0.000,0.000,,,,,NVIDIA A100-SXM4-40GB MIG 4g.20gb (0),1,,13,cupy_copy__float32_float32
19820062702,258877,406812,1,1,1,32,32,1,30,0.000,0.000,,,,,NVIDIA A100-SXM4-40GB MIG 4g.20gb (0),1,,13,"void convert_kernel<__half2, float2>(tensor_layout_any, T1 *, tensor_layout_any, const T2 *)"
19820351851,5824,406815,,,,,,,,,,0.094,16087.884,Pinned,Device,NVIDIA A100-SXM4-40GB MIG 4g.20gb (0),1,,13,[CUDA memcpy Host-to-Device]
19823279754,10144,406816,,,,,,,,,,1.547,152466.194,Device,,NVIDIA A100-SXM4-40GB MIG 4g.20gb (0),1,,13,[CUDA memset]
19823297226,4032,406821,,,,,,,,,,0.031,7761.877,Pinned,Device,NVIDIA A100-SXM4-40GB MIG 4g.20gb (0),1,,13,[CUDA memcpy Host-to-Device]
19823309226,13983,406822,,,,,,,,,,0.197,14060.421,Pinned,Device,NVIDIA A100-SXM4-40GB MIG 4g.20gb (0),1,,13,[CUDA memcpy Host-to-Device]
19823741509,12192,406823,273,1,1,8,4,1,39,0.002,0.000,,,,,NVIDIA A100-SXM4-40GB MIG 4g.20gb (0),1,,13,"void channel_eq::eqMmseCoefCompLowMimoKernel<float, float, float, (unsigned int)4, (unsigned int)1, (unsigned int)4>(const channel_eq::_puschRxChEqStatDescr *, channel_eq::_puschRxChEqCoefCompDynDescr)"
19824157472,11712,406824,273,1,1,12,11,1,51,0.002,0.000,,,,,NVIDIA A100-SXM4-40GB MIG 4g.20gb (0),1,,13,"void channel_eq::eqMmseSoftDemapKernel<float, __half, __half, float, (unsigned int)4, (unsigned short)16383>(channel_eq::_puschRxChEqStatDescr *, channel_eq::_puschRxChEqSoftDemapDynDescr)"
19824532956,606233,406825,1,1,1,32,32,1,30,0.000,0.000,,,,,NVIDIA A100-SXM4-40GB MIG 4g.20gb (0),1,,13,"void convert_kernel<float2, __half2>(tensor_layout_any, T1 *, tensor_layout_any, const T2 *)"
19825514801,16032,406837,2253,1,1,128,1,1,16,0.000,0.000,,,,,NVIDIA A100-SXM4-40GB MIG 4g.20gb (0),1,,13,cupy_copy__float16_float16
19829016042,11168,406846,282,1,1,128,1,1,16,0.000,0.000,,,,,NVIDIA A100-SXM4-40GB MIG 4g.20gb (0),1,,13,cupy_copy__complex64_complex64
19832661953,7584,406855,26,1,1,128,1,1,16,0.000,0.000,,,,,NVIDIA A100-SXM4-40GB MIG 4g.20gb (0),1,,13,cupy_copy__float32_float32
19832875391,12479,406864,103,1,1,128,1,1,16,0.000,0.000,,,,,NVIDIA A100-SXM4-40GB MIG 4g.20gb (0),1,,13,cupy_copy__complex64_complex64
19833001629,22624,406874,1434,1,1,128,1,1,16,0.000,0.000,,,,,NVIDIA A100-SXM4-40GB MIG 4g.20gb (0),1,,13,cupy_copy__complex64_complex64
19833146108,292092,406879,1,1,1,32,32,1,30,0.000,0.000,,,,,NVIDIA A100-SXM4-40GB MIG 4g.20gb (0),1,,13,"void convert_kernel<__half2, float2>(tensor_layout_any, T1 *, tensor_layout_any, const T2 *)"
19833477176,5632,406882,,,,,,,,,,0.094,16636.287,Pinned,Device,NVIDIA A100-SXM4-40GB MIG 4g.20gb (0),1,,13,[CUDA memcpy Host-to-Device]
19833619382,612249,406883,,,,,,,,,,456.561,745564.832,Device,,NVIDIA A100-SXM4-40GB MIG 4g.20gb (0),1,,13,[CUDA memset]
19834234031,59040,406888,,,,,,,,,,1.235,20916.247,Pinned,Device,NVIDIA A100-SXM4-40GB MIG 4g.20gb (0),1,,13,[CUDA memcpy Host-to-Device]
19834298831,15904,406889,,,,,,,,,,0.197,12362.121,Pinned,Device,NVIDIA A100-SXM4-40GB MIG 4g.20gb (0),1,,13,[CUDA memcpy Host-to-Device]
19834385294,17184,406890,69,4,1,48,1,1,76,0.002,0.000,,,,,NVIDIA A100-SXM4-40GB MIG 4g.20gb (0),1,,13,"void ch_est::windowedChEstPreNoDftSOfdmKernel<float, __half, float, (unsigned int)2, (unsigned int)1, (unsigned short)4>(ch_est::puschRxChEstStatDescr_t *, ch_est::puschRxChEstDynDescr_t *)"
19834659275,11936,406891,137,2,1,24,2,1,44,0.001,0.001,,,,,NVIDIA A100-SXM4-40GB MIG 4g.20gb (0),1,,13,"void ch_est::chEstFilterNoDftSOfdmDispatchKernel<float, __half, float, (unsigned int)2>(ch_est::puschRxChEstStatDescr_t *, ch_est::puschRxChEstDynDescr_t *)"
19834859912,16192,406892,137,2,1,24,2,1,44,0.001,0.001,,,,,NVIDIA A100-SXM4-40GB MIG 4g.20gb (0),1,,13,"void ch_est::chEstFilterNoDftSOfdmDispatchKernel<float, __half, float, (unsigned int)2>(ch_est::puschRxChEstStatDescr_t *, ch_est::puschRxChEstDynDescr_t *)"
19835037798,3680,406903,103,1,1,128,1,1,16,0.000,0.000,,,,,NVIDIA A100-SXM4-40GB MIG 4g.20gb (0),1,,13,cupy_copy__complex64_complex64
19835106790,20863,406913,1434,1,1,128,1,1,16,0.000,0.000,,,,,NVIDIA A100-SXM4-40GB MIG 4g.20gb (0),1,,13,cupy_copy__complex64_complex64
19835396834,5376,406920,103,1,1,128,1,1,16,0.000,0.000,,,,,NVIDIA A100-SXM4-40GB MIG 4g.20gb (0),1,,13,cupy_copy__complex64_complex64
19835916893,286780,406927,1,1,1,32,32,1,30,0.000,0.000,,,,,NVIDIA A100-SXM4-40GB MIG 4g.20gb (0),1,,13,"void convert_kernel<__half2, float2>(tensor_layout_any, T1 *, tensor_layout_any, const T2 *)"
19836233145,5408,406930,,,,,,,,,,0.094,17325.421,Pinned,Device,NVIDIA A100-SXM4-40GB MIG 4g.20gb (0),1,,13,[CUDA memcpy Host-to-Device]
19836648628,66144,406931,,,,,,,,,,35.810,541374.371,Device,,NVIDIA A100-SXM4-40GB MIG 4g.20gb (0),1,,13,[CUDA memset]
19836721716,5088,406933,,,,,,,,,,0.000,15.723,Pinned,Device,NVIDIA A100-SXM4-40GB MIG 4g.20gb (0),1,,13,[CUDA memcpy Host-to-Device]
19836732116,13311,406934,,,,,,,,,,0.197,14770.176,Pinned,Device,NVIDIA A100-SXM4-40GB MIG 4g.20gb (0),1,,13,[CUDA memcpy Host-to-Device]
19837321741,30976,406935,273,1,1,48,1,1,40,0.000,0.001,,,,,NVIDIA A100-SXM4-40GB MIG 4g.20gb (0),1,,13,"void pusch_noise_intf_est::noiseIntfEstNoDftSOfdmKernel<float, __half, float, float, (unsigned int)2, (unsigned int)1, (unsigned char)4, (unsigned char)4>(pusch_noise_intf_est::puschRxNoiseIntfEstDynDescr)"
19837545930,8672,406946,35,1,1,128,1,1,16,0.000,0.000,,,,,NVIDIA A100-SXM4-40GB MIG 4g.20gb (0),1,,13,cupy_copy__complex64_complex64
19838063013,4960,406955,1,1,1,1,1,1,18,0.000,0.000,,,,,NVIDIA A100-SXM4-40GB MIG 4g.20gb (0),1,,13,cupy_copy__float32_float32
19838071493,2560,406961,,,,,,,,,,0.000,1.562,Device,Pageable,NVIDIA A100-SXM4-40GB MIG 4g.20gb (0),1,,7,[CUDA memcpy Device-to-Host]
19838684446,21311,406972,1434,1,1,128,1,1,16,0.000,0.000,,,,,NVIDIA A100-SXM4-40GB MIG 4g.20gb (0),1,,13,cupy_copy__complex64_complex64
19839269239,9984,406979,103,1,1,128,1,1,16,0.000,0.000,,,,,NVIDIA A100-SXM4-40GB MIG 4g.20gb (0),1,,13,cupy_copy__complex64_complex64
19839816817,8736,406986,35,1,1,128,1,1,16,0.000,0.000,,,,,NVIDIA A100-SXM4-40GB MIG 4g.20gb (0),1,,13,cupy_copy__complex64_complex64
19840277228,5504,406993,1,1,1,1,1,1,18,0.000,0.000,,,,,NVIDIA A100-SXM4-40GB MIG 4g.20gb (0),1,,13,cupy_copy__float32_float32
19840285068,222141,407004,1,1,1,32,32,1,30,0.000,0.000,,,,,NVIDIA A100-SXM4-40GB MIG 4g.20gb (0),1,,13,"void convert_kernel<__half2, float2>(tensor_layout_any, T1 *, tensor_layout_any, const T2 *)"
19840536873,5696,407007,,,,,,,,,,0.094,16449.363,Pinned,Device,NVIDIA A100-SXM4-40GB MIG 4g.20gb (0),1,,13,[CUDA memcpy Host-to-Device]
19840681383,13248,407008,,,,,,,,,,1.547,116743.819,Device,,NVIDIA A100-SXM4-40GB MIG 4g.20gb (0),1,,13,[CUDA memset]
19840702983,3040,407013,,,,,,,,,,0.031,10294.725,Pinned,Device,NVIDIA A100-SXM4-40GB MIG 4g.20gb (0),1,,13,[CUDA memcpy Host-to-Device]
19840708679,9472,407014,,,,,,,,,,0.197,20756.693,Pinned,Device,NVIDIA A100-SXM4-40GB MIG 4g.20gb (0),1,,13,[CUDA memcpy Host-to-Device]
19841105507,21055,407015,273,1,1,8,4,1,39,0.002,0.000,,,,,NVIDIA A100-SXM4-40GB MIG 4g.20gb (0),1,,13,"void channel_eq::eqMmseCoefCompLowMimoKernel<float, float, float, (unsigned int)4, (unsigned int)1, (unsigned int)4>(const channel_eq::_puschRxChEqStatDescr *, channel_eq::_puschRxChEqCoefCompDynDescr)"
19841157634,30112,407016,273,1,1,12,11,1,51,0.002,0.000,,,,,NVIDIA A100-SXM4-40GB MIG 4g.20gb (0),1,,13,"void channel_eq::eqMmseSoftDemapKernel<float, __half, __half, float, (unsigned int)4, (unsigned short)16383>(channel_eq::_puschRxChEqStatDescr *, channel_eq::_puschRxChEqSoftDemapDynDescr)"
19841269793,702904,407017,1,1,1,32,32,1,30,0.000,0.000,,,,,NVIDIA A100-SXM4-40GB MIG 4g.20gb (0),1,,13,"void convert_kernel<float2, __half2>(tensor_layout_any, T1 *, tensor_layout_any, const T2 *)"
19842165303,15136,407029,2253,1,1,128,1,1,16,0.000,0.000,,,,,NVIDIA A100-SXM4-40GB MIG 4g.20gb (0),1,,13,cupy_copy__float16_float16
19842412436,4544,407038,282,1,1,128,1,1,16,0.000,0.000,,,,,NVIDIA A100-SXM4-40GB MIG 4g.20gb (0),1,,13,cupy_copy__complex64_complex64
19842465235,9248,407047,26,1,1,128,1,1,16,0.000,0.000,,,,,NVIDIA A100-SXM4-40GB MIG 4g.20gb (0),1,,13,cupy_copy__float32_float32
19842649521,5504,407056,103,1,1,128,1,1,16,0.000,0.000,,,,,NVIDIA A100-SXM4-40GB MIG 4g.20gb (0),1,,13,cupy_copy__complex64_complex64
19842944718,19296,407066,1434,1,1,128,1,1,16,0.000,0.000,,,,,NVIDIA A100-SXM4-40GB MIG 4g.20gb (0),1,,13,cupy_copy__complex64_complex64
19843531783,328797,407071,1,1,1,32,32,1,30,0.000,0.000,,,,,NVIDIA A100-SXM4-40GB MIG 4g.20gb (0),1,,13,"void convert_kernel<__half2, float2>(tensor_layout_any, T1 *, tensor_layout_any, const T2 *)"
19843891171,6144,407074,,,,,,,,,,0.094,15249.961,Pinned,Device,NVIDIA A100-SXM4-40GB MIG 4g.20gb (0),1,,13,[CUDA memcpy Host-to-Device]
19843990690,620697,407075,,,,,,,,,,456.561,735520.480,Device,,NVIDIA A100-SXM4-40GB MIG 4g.20gb (0),1,,13,[CUDA memset]
19844617371,53312,407080,,,,,,,,,,1.235,23163.845,Pinned,Device,NVIDIA A100-SXM4-40GB MIG 4g.20gb (0),1,,13,[CUDA memcpy Host-to-Device]
19844673275,9344,407081,,,,,,,,,,0.197,21040.988,Pinned,Device,NVIDIA A100-SXM4-40GB MIG 4g.20gb (0),1,,13,[CUDA memcpy Host-to-Device]
19844929368,29696,407082,69,4,1,48,1,1,76,0.002,0.000,,,,,NVIDIA A100-SXM4-40GB MIG 4g.20gb (0),1,,13,"void ch_est::windowedChEstPreNoDftSOfdmKernel<float, __half, float, (unsigned int)2, (unsigned int)1, (unsigned short)4>(ch_est::puschRxChEstStatDescr_t *, ch_est::puschRxChEstDynDescr_t *)"
19844960920,10719,407083,137,2,1,24,2,1,44,0.001,0.001,,,,,NVIDIA A100-SXM4-40GB MIG 4g.20gb (0),1,,13,"void ch_est::chEstFilterNoDftSOfdmDispatchKernel<float, __half, float, (unsigned int)2>(ch_est::puschRxChEstStatDescr_t *, ch_est::puschRxChEstDynDescr_t *)"
19845272116,25120,407084,137,2,1,24,2,1,44,0.001,0.001,,,,,NVIDIA A100-SXM4-40GB MIG 4g.20gb (0),1,,13,"void ch_est::chEstFilterNoDftSOfdmDispatchKernel<float, __half, float, (unsigned int)2>(ch_est::puschRxChEstStatDescr_t *, ch_est::puschRxChEstDynDescr_t *)"
19845298644,7104,407095,103,1,1,128,1,1,16,0.000,0.000,,,,,NVIDIA A100-SXM4-40GB MIG 4g.20gb (0),1,,13,cupy_copy__complex64_complex64
19845307444,13727,407105,1434,1,1,128,1,1,16,0.000,0.000,,,,,NVIDIA A100-SXM4-40GB MIG 4g.20gb (0),1,,13,cupy_copy__complex64_complex64
19845323123,2816,407112,103,1,1,128,1,1,16,0.000,0.000,,,,,NVIDIA A100-SXM4-40GB MIG 4g.20gb (0),1,,13,cupy_copy__complex64_complex64
19845625744,296317,407119,1,1,1,32,32,1,30,0.000,0.000,,,,,NVIDIA A100-SXM4-40GB MIG 4g.20gb (0),1,,13,"void convert_kernel<__half2, float2>(tensor_layout_any, T1 *, tensor_layout_any, const T2 *)"
19845950636,5824,407122,,,,,,,,,,0.094,16087.884,Pinned,Device,NVIDIA A100-SXM4-40GB MIG 4g.20gb (0),1,,13,[CUDA memcpy Host-to-Device]
19846245609,52512,407123,,,,,,,,,,35.810,681928.307,Device,,NVIDIA A100-SXM4-40GB MIG 4g.20gb (0),1,,13,[CUDA memset]
19846299433,2688,407125,,,,,,,,,,0.000,29.762,Pinned,Device,NVIDIA A100-SXM4-40GB MIG 4g.20gb (0),1,,13,[CUDA memcpy Host-to-Device]
19846305256,9760,407126,,,,,,,,,,0.197,20144.259,Pinned,Device,NVIDIA A100-SXM4-40GB MIG 4g.20gb (0),1,,13,[CUDA memcpy Host-to-Device]
19846809123,16480,407127,273,1,1,48,1,1,40,0.000,0.001,,,,,NVIDIA A100-SXM4-40GB MIG 4g.20gb (0),1,,13,"void pusch_noise_intf_est::noiseIntfEstNoDftSOfdmKernel<float, __half, float, float, (unsigned int)2, (unsigned int)1, (unsigned char)4, (unsigned char)4>(pusch_noise_intf_est::puschRxNoiseIntfEstDynDescr)"
19847315869,4544,407138,35,1,1,128,1,1,16,0.000,0.000,,,,,NVIDIA A100-SXM4-40GB MIG 4g.20gb (0),1,,13,cupy_copy__complex64_complex64
19847734233,3615,407147,1,1,1,1,1,1,18,0.000,0.000,,,,,NVIDIA A100-SXM4-40GB MIG 4g.20gb (0),1,,13,cupy_copy__float32_float32
19847744824,2400,407153,,,,,,,,,,0.000,1.667,Device,Pageable,NVIDIA A100-SXM4-40GB MIG 4g.20gb (0),1,,7,[CUDA memcpy Device-to-Host]
19848230291,19008,407164,1434,1,1,128,1,1,16,0.000,0.000,,,,,NVIDIA A100-SXM4-40GB MIG 4g.20gb (0),1,,13,cupy_copy__complex64_complex64
19848318898,3712,407171,103,1,1,128,1,1,16,0.000,0.000,,,,,NVIDIA A100-SXM4-40GB MIG 4g.20gb (0),1,,13,cupy_copy__complex64_complex64
19848404945,3808,407178,35,1,1,128,1,1,16,0.000,0.000,,,,,NVIDIA A100-SXM4-40GB MIG 4g.20gb (0),1,,13,cupy_copy__complex64_complex64
19848487344,3584,407185,1,1,1,1,1,1,18,0.000,0.000,,,,,NVIDIA A100-SXM4-40GB MIG 4g.20gb (0),1,,13,cupy_copy__float32_float32
19848572143,350364,407196,1,1,1,32,32,1,30,0.000,0.000,,,,,NVIDIA A100-SXM4-40GB MIG 4g.20gb (0),1,,13,"void convert_kernel<__half2, float2>(tensor_layout_any, T1 *, tensor_layout_any, const T2 *)"
19848952299,5408,407199,,,,,,,,,,0.094,17325.421,Pinned,Device,NVIDIA A100-SXM4-40GB MIG 4g.20gb (0),1,,13,[CUDA memcpy Host-to-Device]
19849057002,4992,407200,,,,,,,,,,1.547,309819.720,Device,,NVIDIA A100-SXM4-40GB MIG 4g.20gb (0),1,,13,[CUDA memset]
19849067498,3040,407205,,,,,,,,,,0.031,10294.725,Pinned,Device,NVIDIA A100-SXM4-40GB MIG 4g.20gb (0),1,,13,[CUDA memcpy Host-to-Device]
19849073418,9407,407206,,,,,,,,,,0.197,20900.020,Pinned,Device,NVIDIA A100-SXM4-40GB MIG 4g.20gb (0),1,,13,[CUDA memcpy Host-to-Device]
19849147881,11680,407207,273,1,1,8,4,1,39,0.002,0.000,,,,,NVIDIA A100-SXM4-40GB MIG 4g.20gb (0),1,,13,"void channel_eq::eqMmseCoefCompLowMimoKernel<float, float, float, (unsigned int)4, (unsigned int)1, (unsigned int)4>(const channel_eq::_puschRxChEqStatDescr *, channel_eq::_puschRxChEqCoefCompDynDescr)"
19849161097,7775,407208,273,1,1,12,11,1,51,0.002,0.000,,,,,NVIDIA A100-SXM4-40GB MIG 4g.20gb (0),1,,13,"void channel_eq::eqMmseSoftDemapKernel<float, __half, __half, float, (unsigned int)4, (unsigned short)16383>(channel_eq::_puschRxChEqStatDescr *, channel_eq::_puschRxChEqSoftDemapDynDescr)"
19849171048,282013,407209,1,1,1,32,32,1,30,0.000,0.000,,,,,NVIDIA A100-SXM4-40GB MIG 4g.20gb (0),1,,13,"void convert_kernel<float2, __half2>(tensor_layout_any, T1 *, tensor_layout_any, const T2 *)"
19849455045,10848,407221,2253,1,1,128,1,1,16,0.000,0.000,,,,,NVIDIA A100-SXM4-40GB MIG 4g.20gb (0),1,,13,cupy_copy__float16_float16
19849467205,2848,407230,282,1,1,128,1,1,16,0.000,0.000,,,,,NVIDIA A100-SXM4-40GB MIG 4g.20gb (0),1,,13,cupy_copy__complex64_complex64
19849472101,2112,407239,26,1,1,128,1,1,16,0.000,0.000,,,,,NVIDIA A100-SXM4-40GB MIG 4g.20gb (0),1,,13,cupy_copy__float32_float32
19849476133,2912,407248,103,1,1,128,1,1,16,0.000,0.000,,,,,NVIDIA A100-SXM4-40GB MIG 4g.20gb (0),1,,13,cupy_copy__complex64_complex64
19849481573,11904,407258,1434,1,1,128,1,1,16,0.000,0.000,,,,,NVIDIA A100-SXM4-40GB MIG 4g.20gb (0),1,,13,cupy_copy__complex64_complex64
19849495013,79263,407263,1,1,1,32,32,1,30,0.000,0.000,,,,,NVIDIA A100-SXM4-40GB MIG 4g.20gb (0),1,,13,"void convert_kernel<__half2, float2>(tensor_layout_any, T1 *, tensor_layout_any, const T2 *)"
19849611780,5343,407266,,,,,,,,,,0.094,17536.143,Pinned,Device,NVIDIA A100-SXM4-40GB MIG 4g.20gb (0),1,,13,[CUDA memcpy Host-to-Device]
19849626499,604058,407267,,,,,,,,,,456.561,755609.183,Device,,NVIDIA A100-SXM4-40GB MIG 4g.20gb (0),1,,13,[CUDA memset]
19850236317,49855,407272,,,,,,,,,,1.235,24770.507,Pinned,Device,NVIDIA A100-SXM4-40GB MIG 4g.20gb (0),1,,13,[CUDA memcpy Host-to-Device]
19850289340,10976,407273,,,,,,,,,,0.197,17912.365,Pinned,Device,NVIDIA A100-SXM4-40GB MIG 4g.20gb (0),1,,13,[CUDA memcpy Host-to-Device]
19850312924,8000,407274,69,4,1,48,1,1,76,0.002,0.000,,,,,NVIDIA A100-SXM4-40GB MIG 4g.20gb (0),1,,13,"void ch_est::windowedChEstPreNoDftSOfdmKernel<float, __half, float, (unsigned int)2, (unsigned int)1, (unsigned short)4>(ch_est::puschRxChEstStatDescr_t *, ch_est::puschRxChEstDynDescr_t *)"
19850369147,16960,407275,137,2,1,24,2,1,44,0.001,0.001,,,,,NVIDIA A100-SXM4-40GB MIG 4g.20gb (0),1,,13,"void ch_est::chEstFilterNoDftSOfdmDispatchKernel<float, __half, float, (unsigned int)2>(ch_est::puschRxChEstStatDescr_t *, ch_est::puschRxChEstDynDescr_t *)"
19850388091,5536,407276,137,2,1,24,2,1,44,0.001,0.001,,,,,NVIDIA A100-SXM4-40GB MIG 4g.20gb (0),1,,13,"void ch_est::chEstFilterNoDftSOfdmDispatchKernel<float, __half, float, (unsigned int)2>(ch_est::puschRxChEstStatDescr_t *, ch_est::puschRxChEstDynDescr_t *)"
19850447162,7776,407287,103,1,1,128,1,1,16,0.000,0.000,,,,,NVIDIA A100-SXM4-40GB MIG 4g.20gb (0),1,,13,cupy_copy__complex64_complex64
19850456890,17696,407297,1434,1,1,128,1,1,16,0.000,0.000,,,,,NVIDIA A100-SXM4-40GB MIG 4g.20gb (0),1,,13,cupy_copy__complex64_complex64
19850476378,4192,407304,103,1,1,128,1,1,16,0.000,0.000,,,,,NVIDIA A100-SXM4-40GB MIG 4g.20gb (0),1,,13,cupy_copy__complex64_complex64
19850482938,100255,407311,1,1,1,32,32,1,30,0.000,0.000,,,,,NVIDIA A100-SXM4-40GB MIG 4g.20gb (0),1,,13,"void convert_kernel<__half2, float2>(tensor_layout_any, T1 *, tensor_layout_any, const T2 *)"
19850611512,5600,407314,,,,,,,,,,0.094,16731.388,Pinned,Device,NVIDIA A100-SXM4-40GB MIG 4g.20gb (0),1,,13,[CUDA memcpy Host-to-Device]
19850666456,59775,407315,,,,,,,,,,35.810,599064.152,Device,,NVIDIA A100-SXM4-40GB MIG 4g.20gb (0),1,,13,[CUDA memset]
19850732567,2400,407317,,,,,,,,,,0.000,33.333,Pinned,Device,NVIDIA A100-SXM4-40GB MIG 4g.20gb (0),1,,13,[CUDA memcpy Host-to-Device]
19850738391,9952,407318,,,,,,,,,,0.197,19755.565,Pinned,Device,NVIDIA A100-SXM4-40GB MIG 4g.20gb (0),1,,13,[CUDA memcpy Host-to-Device]
19850782486,18240,407319,273,1,1,48,1,1,40,0.000,0.001,,,,,NVIDIA A100-SXM4-40GB MIG 4g.20gb (0),1,,13,"void pusch_noise_intf_est::noiseIntfEstNoDftSOfdmKernel<float, __half, float, float, (unsigned int)2, (unsigned int)1, (unsigned char)4, (unsigned char)4>(pusch_noise_intf_est::puschRxNoiseIntfEstDynDescr)"
19850857910,10047,407330,35,1,1,128,1,1,16,0.000,0.000,,,,,NVIDIA A100-SXM4-40GB MIG 4g.20gb (0),1,,13,cupy_copy__complex64_complex64
19850871669,3424,407339,1,1,1,1,1,1,18,0.000,0.000,,,,,NVIDIA A100-SXM4-40GB MIG 4g.20gb (0),1,,13,cupy_copy__float32_float32
19850877013,1600,407345,,,,,,,,,,0.000,2.500,Device,Pageable,NVIDIA A100-SXM4-40GB MIG 4g.20gb (0),1,,7,[CUDA memcpy Device-to-Host]
19850940085,18751,407356,1434,1,1,128,1,1,16,0.000,0.000,,,,,NVIDIA A100-SXM4-40GB MIG 4g.20gb (0),1,,13,cupy_copy__complex64_complex64
19851016692,9536,407363,103,1,1,128,1,1,16,0.000,0.000,,,,,NVIDIA A100-SXM4-40GB MIG 4g.20gb (0),1,,13,cupy_copy__complex64_complex64
19851028276,4672,407370,35,1,1,128,1,1,16,0.000,0.000,,,,,NVIDIA A100-SXM4-40GB MIG 4g.20gb (0),1,,13,cupy_copy__complex64_complex64
19851034836,2080,407377,1,1,1,1,1,1,18,0.000,0.000,,,,,NVIDIA A100-SXM4-40GB MIG 4g.20gb (0),1,,13,cupy_copy__float32_float32
19851164722,331164,407388,1,1,1,32,32,1,30,0.000,0.000,,,,,NVIDIA A100-SXM4-40GB MIG 4g.20gb (0),1,,13,"void convert_kernel<__half2, float2>(tensor_layout_any, T1 *, tensor_layout_any, const T2 *)"
19851524686,6048,407391,,,,,,,,,,0.094,15491.978,Pinned,Device,NVIDIA A100-SXM4-40GB MIG 4g.20gb (0),1,,13,[CUDA memcpy Host-to-Device]
19851741644,10688,407392,,,,,,,,,,1.547,144705.235,Device,,NVIDIA A100-SXM4-40GB MIG 4g.20gb (0),1,,13,[CUDA memset]
19851755660,3264,407397,,,,,,,,,,0.031,9588.218,Pinned,Device,NVIDIA A100-SXM4-40GB MIG 4g.20gb (0),1,,13,[CUDA memcpy Host-to-Device]
19851761483,10176,407398,,,,,,,,,,0.197,19320.668,Pinned,Device,NVIDIA A100-SXM4-40GB MIG 4g.20gb (0),1,,13,[CUDA memcpy Host-to-Device]
19852127271,15328,407399,273,1,1,8,4,1,39,0.002,0.000,,,,,NVIDIA A100-SXM4-40GB MIG 4g.20gb (0),1,,13,"void channel_eq::eqMmseCoefCompLowMimoKernel<float, float, float, (unsigned int)4, (unsigned int)1, (unsigned int)4>(const channel_eq::_puschRxChEqStatDescr *, channel_eq::_puschRxChEqCoefCompDynDescr)"
19852398276,28320,407400,273,1,1,12,11,1,51,0.002,0.000,,,,,NVIDIA A100-SXM4-40GB MIG 4g.20gb (0),1,,13,"void channel_eq::eqMmseSoftDemapKernel<float, __half, __half, float, (unsigned int)4, (unsigned short)16383>(channel_eq::_puschRxChEqStatDescr *, channel_eq::_puschRxChEqSoftDemapDynDescr)"
19852618690,627929,407401,1,1,1,32,32,1,30,0.000,0.000,,,,,NVIDIA A100-SXM4-40GB MIG 4g.20gb (0),1,,13,"void convert_kernel<float2, __half2>(tensor_layout_any, T1 *, tensor_layout_any, const T2 *)"
19853545880,55455,407413,2253,1,1,128,1,1,16,0.000,0.000,,,,,NVIDIA A100-SXM4-40GB MIG 4g.20gb (0),1,,13,cupy_copy__float16_float16
19853775605,6304,407422,282,1,1,128,1,1,16,0.000,0.000,,,,,NVIDIA A100-SXM4-40GB MIG 4g.20gb (0),1,,13,cupy_copy__complex64_complex64
19853937555,5920,407431,26,1,1,128,1,1,16,0.000,0.000,,,,,NVIDIA A100-SXM4-40GB MIG 4g.20gb (0),1,,13,cupy_copy__float32_float32
19854078578,12703,407440,103,1,1,128,1,1,16,0.000,0.000,,,,,NVIDIA A100-SXM4-40GB MIG 4g.20gb (0),1,,13,cupy_copy__complex64_complex64
19854358318,20704,407450,1434,1,1,128,1,1,16,0.000,0.000,,,,,NVIDIA A100-SXM4-40GB MIG 4g.20gb (0),1,,13,cupy_copy__complex64_complex64
19854655883,238525,407455,1,1,1,32,32,1,30,0.000,0.000,,,,,NVIDIA A100-SXM4-40GB MIG 4g.20gb (0),1,,13,"void convert_kernel<__half2, float2>(tensor_layout_any, T1 *, tensor_layout_any, const T2 *)"
19854923464,5408,407458,,,,,,,,,,0.094,17325.421,Pinned,Device,NVIDIA A100-SXM4-40GB MIG 4g.20gb (0),1,,13,[CUDA memcpy Host-to-Device]
19854987943,610170,407459,,,,,,,,,,456.561,747847.639,Device,,NVIDIA A100-SXM4-40GB MIG 4g.20gb (0),1,,13,[CUDA memset]
19855599553,51519,407464,,,,,,,,,,1.235,23970.263,Pinned,Device,NVIDIA A100-SXM4-40GB MIG 4g.20gb (0),1,,13,[CUDA memcpy Host-to-Device]
19855654208,9792,407465,,,,,,,,,,0.197,20078.395,Pinned,Device,NVIDIA A100-SXM4-40GB MIG 4g.20gb (0),1,,13,[CUDA memcpy Host-to-Device]
19855704223,9952,407466,69,4,1,48,1,1,76,0.002,0.000,,,,,NVIDIA A100-SXM4-40GB MIG 4g.20gb (0),1,,13,"void ch_est::windowedChEstPreNoDftSOfdmKernel<float, __half, float, (unsigned int)2, (unsigned int)1, (unsigned short)4>(ch_est::puschRxChEstStatDescr_t *, ch_est::puschRxChEstDynDescr_t *)"
19855818462,9760,407467,137,2,1,24,2,1,44,0.001,0.001,,,,,NVIDIA A100-SXM4-40GB MIG 4g.20gb (0),1,,13,"void ch_est::chEstFilterNoDftSOfdmDispatchKernel<float, __half, float, (unsigned int)2>(ch_est::puschRxChEstStatDescr_t *, ch_est::puschRxChEstDynDescr_t *)"
19855829758,5376,407468,137,2,1,24,2,1,44,0.001,0.001,,,,,NVIDIA A100-SXM4-40GB MIG 4g.20gb (0),1,,13,"void ch_est::chEstFilterNoDftSOfdmDispatchKernel<float, __half, float, (unsigned int)2>(ch_est::puschRxChEstStatDescr_t *, ch_est::puschRxChEstDynDescr_t *)"
19855836702,2592,407479,103,1,1,128,1,1,16,0.000,0.000,,,,,NVIDIA A100-SXM4-40GB MIG 4g.20gb (0),1,,13,cupy_copy__complex64_complex64
19855841118,12384,407489,1434,1,1,128,1,1,16,0.000,0.000,,,,,NVIDIA A100-SXM4-40GB MIG 4g.20gb (0),1,,13,cupy_copy__complex64_complex64
19855855550,2496,407496,103,1,1,128,1,1,16,0.000,0.000,,,,,NVIDIA A100-SXM4-40GB MIG 4g.20gb (0),1,,13,cupy_copy__complex64_complex64
19855859742,138046,407503,1,1,1,32,32,1,30,0.000,0.000,,,,,NVIDIA A100-SXM4-40GB MIG 4g.20gb (0),1,,13,"void convert_kernel<__half2, float2>(tensor_layout_any, T1 *, tensor_layout_any, const T2 *)"
19856027612,5600,407506,,,,,,,,,,0.094,16731.388,Pinned,Device,NVIDIA A100-SXM4-40GB MIG 4g.20gb (0),1,,13,[CUDA memcpy Host-to-Device]
19856105083,48799,407507,,,,,,,,,,35.810,733816.881,Device,,NVIDIA A100-SXM4-40GB MIG 4g.20gb (0),1,,13,[CUDA memset]
19856160090,2176,407509,,,,,,,,,,0.000,36.765,Pinned,Device,NVIDIA A100-SXM4-40GB MIG 4g.20gb (0),1,,13,[CUDA memcpy Host-to-Device]
19856165498,10432,407510,,,,,,,,,,0.197,18846.450,Pinned,Device,NVIDIA A100-SXM4-40GB MIG 4g.20gb (0),1,,13,[CUDA memcpy Host-to-Device]
19856257561,10176,407511,273,1,1,48,1,1,40,0.000,0.001,,,,,NVIDIA A100-SXM4-40GB MIG 4g.20gb (0),1,,13,"void pusch_noise_intf_est::noiseIntfEstNoDftSOfdmKernel<float, __half, float, float, (unsigned int)2, (unsigned int)1, (unsigned char)4, (unsigned char)4>(pusch_noise_intf_est::puschRxNoiseIntfEstDynDescr)"
19856367096,3936,407522,35,1,1,128,1,1,16,0.000,0.000,,,,,NVIDIA A100-SXM4-40GB MIG 4g.20gb (0),1,,13,cupy_copy__complex64_complex64
19856373176,2752,407531,1,1,1,1,1,1,18,0.000,0.000,,,,,NVIDIA A100-SXM4-40GB MIG 4g.20gb (0),1,,13,cupy_copy__float32_float32
19856381624,2176,407537,,,,,,,,,,0.000,1.838,Device,Pageable,NVIDIA A100-SXM4-40GB MIG 4g.20gb (0),1,,7,[CUDA memcpy Device-to-Host]
19856476919,16128,407548,1434,1,1,128,1,1,16,0.000,0.000,,,,,NVIDIA A100-SXM4-40GB MIG 4g.20gb (0),1,,13,cupy_copy__complex64_complex64
19856495095,3232,407555,103,1,1,128,1,1,16,0.000,0.000,,,,,NVIDIA A100-SXM4-40GB MIG 4g.20gb (0),1,,13,cupy_copy__complex64_complex64
19856601109,3808,407562,35,1,1,128,1,1,16,0.000,0.000,,,,,NVIDIA A100-SXM4-40GB MIG 4g.20gb (0),1,,13,cupy_copy__complex64_complex64
19856606389,2688,407569,1,1,1,1,1,1,18,0.000,0.000,,,,,NVIDIA A100-SXM4-40GB MIG 4g.20gb (0),1,,13,cupy_copy__float32_float32
19856711668,261789,407580,1,1,1,32,32,1,30,0.000,0.000,,,,,NVIDIA A100-SXM4-40GB MIG 4g.20gb (0),1,,13,"void convert_kernel<__half2, float2>(tensor_layout_any, T1 *, tensor_layout_any, const T2 *)"
19857002193,5824,407583,,,,,,,,,,0.094,16087.884,Pinned,Device,NVIDIA A100-SXM4-40GB MIG 4g.20gb (0),1,,13,[CUDA memcpy Host-to-Device]
19857102768,5152,407584,,,,,,,,,,1.547,300198.172,Device,,NVIDIA A100-SXM4-40GB MIG 4g.20gb (0),1,,13,[CUDA memset]
19857110192,3584,407589,,,,,,,,,,0.031,8732.116,Pinned,Device,NVIDIA A100-SXM4-40GB MIG 4g.20gb (0),1,,13,[CUDA memcpy Host-to-Device]
19857118448,10400,407590,,,,,,,,,,0.197,18904.449,Pinned,Device,NVIDIA A100-SXM4-40GB MIG 4g.20gb (0),1,,13,[CUDA memcpy Host-to-Device]
19857263150,15968,407591,273,1,1,8,4,1,39,0.002,0.000,,,,,NVIDIA A100-SXM4-40GB MIG 4g.20gb (0),1,,13,"void channel_eq::eqMmseCoefCompLowMimoKernel<float, float, float, (unsigned int)4, (unsigned int)1, (unsigned int)4>(const channel_eq::_puschRxChEqStatDescr *, channel_eq::_puschRxChEqCoefCompDynDescr)"
19857443820,29408,407592,273,1,1,12,11,1,51,0.002,0.000,,,,,NVIDIA A100-SXM4-40GB MIG 4g.20gb (0),1,,13,"void channel_eq::eqMmseSoftDemapKernel<float, __half, __half, float, (unsigned int)4, (unsigned short)16383>(channel_eq::_puschRxChEqStatDescr *, channel_eq::_puschRxChEqSoftDemapDynDescr)"
19857704777,721240,407593,1,1,1,32,32,1,30,0.000,0.000,,,,,NVIDIA A100-SXM4-40GB MIG 4g.20gb (0),1,,13,"void convert_kernel<float2, __half2>(tensor_layout_any, T1 *, tensor_layout_any, const T2 *)"
19858690878,15456,407605,2253,1,1,128,1,1,16,0.000,0.000,,,,,NVIDIA A100-SXM4-40GB MIG 4g.20gb (0),1,,13,cupy_copy__float16_float16
19858802717,9440,407614,282,1,1,128,1,1,16,0.000,0.000,,,,,NVIDIA A100-SXM4-40GB MIG 4g.20gb (0),1,,13,cupy_copy__complex64_complex64
19858889436,4320,407623,26,1,1,128,1,1,16,0.000,0.000,,,,,NVIDIA A100-SXM4-40GB MIG 4g.20gb (0),1,,13,cupy_copy__float32_float32
19858989307,8160,407632,103,1,1,128,1,1,16,0.000,0.000,,,,,NVIDIA A100-SXM4-40GB MIG 4g.20gb (0),1,,13,cupy_copy__complex64_complex64
19859067674,18304,407642,1434,1,1,128,1,1,16,0.000,0.000,,,,,NVIDIA A100-SXM4-40GB MIG 4g.20gb (0),1,,13,cupy_copy__complex64_complex64
19859181497,346172,407647,1,1,1,32,32,1,30,0.000,0.000,,,,,NVIDIA A100-SXM4-40GB MIG 4g.20gb (0),1,,13,"void convert_kernel<__half2, float2>(tensor_layout_any, T1 *, tensor_layout_any, const T2 *)"
19859556756,7424,407650,,,,,,,,,,0.094,12620.664,Pinned,Device,NVIDIA A100-SXM4-40GB MIG 4g.20gb (0),1,,13,[CUDA memcpy Host-to-Device]
19859594996,613369,407651,,,,,,,,,,456.561,744195.147,Device,,NVIDIA A100-SXM4-40GB MIG 4g.20gb (0),1,,13,[CUDA memset]
19860215085,50367,407656,,,,,,,,,,1.235,24518.578,Pinned,Device,NVIDIA A100-SXM4-40GB MIG 4g.20gb (0),1,,13,[CUDA memcpy Host-to-Device]
19860268524,9664,407657,,,,,,,,,,0.197,20344.209,Pinned,Device,NVIDIA A100-SXM4-40GB MIG 4g.20gb (0),1,,13,[CUDA memcpy Host-to-Device]
19860427115,10752,407658,69,4,1,48,1,1,76,0.002,0.000,,,,,NVIDIA A100-SXM4-40GB MIG 4g.20gb (0),1,,13,"void ch_est::windowedChEstPreNoDftSOfdmKernel<float, __half, float, (unsigned int)2, (unsigned int)1, (unsigned short)4>(ch_est::puschRxChEstStatDescr_t *, ch_est::puschRxChEstDynDescr_t *)"
19860662184,9824,407659,137,2,1,24,2,1,44,0.001,0.001,,,,,NVIDIA A100-SXM4-40GB MIG 4g.20gb (0),1,,13,"void ch_est::chEstFilterNoDftSOfdmDispatchKernel<float, __half, float, (unsigned int)2>(ch_est::puschRxChEstStatDescr_t *, ch_est::puschRxChEstDynDescr_t *)"
19860672744,5440,407660,137,2,1,24,2,1,44,0.001,0.001,,,,,NVIDIA A100-SXM4-40GB MIG 4g.20gb (0),1,,13,"void ch_est::chEstFilterNoDftSOfdmDispatchKernel<float, __half, float, (unsigned int)2>(ch_est::puschRxChEstStatDescr_t *, ch_est::puschRxChEstDynDescr_t *)"
19860680264,2592,407671,103,1,1,128,1,1,16,0.000,0.000,,,,,NVIDIA A100-SXM4-40GB MIG 4g.20gb (0),1,,13,cupy_copy__complex64_complex64
19860685224,12480,407681,1434,1,1,128,1,1,16,0.000,0.000,,,,,NVIDIA A100-SXM4-40GB MIG 4g.20gb (0),1,,13,cupy_copy__complex64_complex64
19860699816,2528,407688,103,1,1,128,1,1,16,0.000,0.000,,,,,NVIDIA A100-SXM4-40GB MIG 4g.20gb (0),1,,13,cupy_copy__complex64_complex64
19860704200,147678,407695,1,1,1,32,32,1,30,0.000,0.000,,,,,NVIDIA A100-SXM4-40GB MIG 4g.20gb (0),1,,13,"void convert_kernel<__half2, float2>(tensor_layout_any, T1 *, tensor_layout_any, const T2 *)"
19860880102,5472,407698,,,,,,,,,,0.094,17122.757,Pinned,Device,NVIDIA A100-SXM4-40GB MIG 4g.20gb (0),1,,13,[CUDA memcpy Host-to-Device]
19860961445,48991,407699,,,,,,,,,,35.810,730916.277,Device,,NVIDIA A100-SXM4-40GB MIG 4g.20gb (0),1,,13,[CUDA memset]
19861015012,1824,407701,,,,,,,,,,0.000,43.860,Pinned,Device,NVIDIA A100-SXM4-40GB MIG 4g.20gb (0),1,,13,[CUDA memcpy Host-to-Device]
19861019748,10368,407702,,,,,,,,,,0.197,18962.842,Pinned,Device,NVIDIA A100-SXM4-40GB MIG 4g.20gb (0),1,,13,[CUDA memcpy Host-to-Device]
19861120995,10048,407703,273,1,1,48,1,1,40,0.000,0.001,,,,,NVIDIA A100-SXM4-40GB MIG 4g.20gb (0),1,,13,"void pusch_noise_intf_est::noiseIntfEstNoDftSOfdmKernel<float, __half, float, float, (unsigned int)2, (unsigned int)1, (unsigned char)4, (unsigned char)4>(pusch_noise_intf_est::puschRxNoiseIntfEstDynDescr)"
19861239778,3712,407714,35,1,1,128,1,1,16,0.000,0.000,,,,,NVIDIA A100-SXM4-40GB MIG 4g.20gb (0),1,,13,cupy_copy__complex64_complex64
19861246369,2784,407723,1,1,1,1,1,1,18,0.000,0.000,,,,,NVIDIA A100-SXM4-40GB MIG 4g.20gb (0),1,,13,cupy_copy__float32_float32
19861258209,1696,407729,,,,,,,,,,0.000,2.358,Device,Pageable,NVIDIA A100-SXM4-40GB MIG 4g.20gb (0),1,,7,[CUDA memcpy Device-to-Host]
19861358112,16384,407740,1434,1,1,128,1,1,16,0.000,0.000,,,,,NVIDIA A100-SXM4-40GB MIG 4g.20gb (0),1,,13,cupy_copy__complex64_complex64
19861486047,7840,407747,103,1,1,128,1,1,16,0.000,0.000,,,,,NVIDIA A100-SXM4-40GB MIG 4g.20gb (0),1,,13,cupy_copy__complex64_complex64
19861537470,4576,407754,35,1,1,128,1,1,16,0.000,0.000,,,,,NVIDIA A100-SXM4-40GB MIG 4g.20gb (0),1,,13,cupy_copy__complex64_complex64
19861653533,3296,407761,1,1,1,1,1,1,18,0.000,0.000,,,,,NVIDIA A100-SXM4-40GB MIG 4g.20gb (0),1,,13,cupy_copy__float32_float32
19861705788,401340,407772,1,1,1,32,32,1,30,0.000,0.000,,,,,NVIDIA A100-SXM4-40GB MIG 4g.20gb (0),1,,13,"void convert_kernel<__half2, float2>(tensor_layout_any, T1 *, tensor_layout_any, const T2 *)"
19862135800,5727,407775,,,,,,,,,,0.094,16360.352,Pinned,Device,NVIDIA A100-SXM4-40GB MIG 4g.20gb (0),1,,13,[CUDA memcpy Host-to-Device]
19862676785,4352,407776,,,,,,,,,,1.547,355381.716,Device,,NVIDIA A100-SXM4-40GB MIG 4g.20gb (0),1,,13,[CUDA memset]
19862684657,3008,407781,,,,,,,,,,0.031,10404.230,Pinned,Device,NVIDIA A100-SXM4-40GB MIG 4g.20gb (0),1,,13,[CUDA memcpy Host-to-Device]
19862690129,9824,407782,,,,,,,,,,0.197,20012.925,Pinned,Device,NVIDIA A100-SXM4-40GB MIG 4g.20gb (0),1,,13,[CUDA memcpy Host-to-Device]
19863299243,10527,407783,273,1,1,8,4,1,39,0.002,0.000,,,,,NVIDIA A100-SXM4-40GB MIG 4g.20gb (0),1,,13,"void channel_eq::eqMmseCoefCompLowMimoKernel<float, float, float, (unsigned int)4, (unsigned int)1, (unsigned int)4>(const channel_eq::_puschRxChEqStatDescr *, channel_eq::_puschRxChEqCoefCompDynDescr)"
19863923940,9279,407784,273,1,1,12,11,1,51,0.002,0.000,,,,,NVIDIA A100-SXM4-40GB MIG 4g.20gb (0),1,,13,"void channel_eq::eqMmseSoftDemapKernel<float, __half, __half, float, (unsigned int)4, (unsigned short)16383>(channel_eq::_puschRxChEqStatDescr *, channel_eq::_puschRxChEqSoftDemapDynDescr)"
19864551133,739671,407785,1,1,1,32,32,1,30,0.000,0.000,,,,,NVIDIA A100-SXM4-40GB MIG 4g.20gb (0),1,,13,"void convert_kernel<float2, __half2>(tensor_layout_any, T1 *, tensor_layout_any, const T2 *)"
19865836142,29568,407797,2253,1,1,128,1,1,16,0.000,0.000,,,,,NVIDIA A100-SXM4-40GB MIG 4g.20gb (0),1,,13,cupy_copy__float16_float16
19866458471,16832,407806,282,1,1,128,1,1,16,0.000,0.000,,,,,NVIDIA A100-SXM4-40GB MIG 4g.20gb (0),1,,13,cupy_copy__complex64_complex64
19866908738,6624,407815,26,1,1,128,1,1,16,0.000,0.000,,,,,NVIDIA A100-SXM4-40GB MIG 4g.20gb (0),1,,13,cupy_copy__float32_float32
19866916994,4288,407824,103,1,1,128,1,1,16,0.000,0.000,,,,,NVIDIA A100-SXM4-40GB MIG 4g.20gb (0),1,,13,cupy_copy__complex64_complex64
19867352317,25152,407834,1434,1,1,128,1,1,16,0.000,0.000,,,,,NVIDIA A100-SXM4-40GB MIG 4g.20gb (0),1,,13,cupy_copy__complex64_complex64
19867415901,273212,407839,1,1,1,32,32,1,30,0.000,0.000,,,,,NVIDIA A100-SXM4-40GB MIG 4g.20gb (0),1,,13,"void convert_kernel<__half2, float2>(tensor_layout_any, T1 *, tensor_layout_any, const T2 *)"
19867718905,5632,407842,,,,,,,,,,0.094,16636.287,Pinned,Device,NVIDIA A100-SXM4-40GB MIG 4g.20gb (0),1,,13,[CUDA memcpy Host-to-Device]
19867936439,610137,407843,,,,,,,,,,456.561,747847.639,Device,,NVIDIA A100-SXM4-40GB MIG 4g.20gb (0),1,,13,[CUDA memset]
19868547760,53375,407848,,,,,,,,,,1.235,23136.676,Pinned,Device,NVIDIA A100-SXM4-40GB MIG 4g.20gb (0),1,,13,[CUDA memcpy Host-to-Device]
19868603727,10112,407849,,,,,,,,,,0.197,19442.958,Pinned,Device,NVIDIA A100-SXM4-40GB MIG 4g.20gb (0),1,,13,[CUDA memcpy Host-to-Device]
19868678542,9088,407850,69,4,1,48,1,1,76,0.002,0.000,,,,,NVIDIA A100-SXM4-40GB MIG 4g.20gb (0),1,,13,"void ch_est::windowedChEstPreNoDftSOfdmKernel<float, __half, float, (unsigned int)2, (unsigned int)1, (unsigned short)4>(ch_est::puschRxChEstStatDescr_t *, ch_est::puschRxChEstDynDescr_t *)"
19868738926,24767,407851,137,2,1,24,2,1,44,0.001,0.001,,,,,NVIDIA A100-SXM4-40GB MIG 4g.20gb (0),1,,13,"void ch_est::chEstFilterNoDftSOfdmDispatchKernel<float, __half, float, (unsigned int)2>(ch_est::puschRxChEstStatDescr_t *, ch_est::puschRxChEstDynDescr_t *)"
19868890124,19264,407852,137,2,1,24,2,1,44,0.001,0.001,,,,,NVIDIA A100-SXM4-40GB MIG 4g.20gb (0),1,,13,"void ch_est::chEstFilterNoDftSOfdmDispatchKernel<float, __half, float, (unsigned int)2>(ch_est::puschRxChEstStatDescr_t *, ch_est::puschRxChEstDynDescr_t *)"
19868987051,4256,407863,103,1,1,128,1,1,16,0.000,0.000,,,,,NVIDIA A100-SXM4-40GB MIG 4g.20gb (0),1,,13,cupy_copy__complex64_complex64
19869043050,30176,407873,1434,1,1,128,1,1,16,0.000,0.000,,,,,NVIDIA A100-SXM4-40GB MIG 4g.20gb (0),1,,13,cupy_copy__complex64_complex64
19869203593,10655,407880,103,1,1,128,1,1,16,0.000,0.000,,,,,NVIDIA A100-SXM4-40GB MIG 4g.20gb (0),1,,13,cupy_copy__complex64_complex64
19869291880,412891,407887,1,1,1,32,32,1,30,0.000,0.000,,,,,NVIDIA A100-SXM4-40GB MIG 4g.20gb (0),1,,13,"void convert_kernel<__half2, float2>(tensor_layout_any, T1 *, tensor_layout_any, const T2 *)"
19869733539,6272,407890,,,,,,,,,,0.094,14938.703,Pinned,Device,NVIDIA A100-SXM4-40GB MIG 4g.20gb (0),1,,13,[CUDA memcpy Host-to-Device]
19870085279,58687,407891,,,,,,,,,,35.810,610165.227,Device,,NVIDIA A100-SXM4-40GB MIG 4g.20gb (0),1,,13,[CUDA memset]
19870148798,1824,407893,,,,,,,,,,0.000,43.860,Pinned,Device,NVIDIA A100-SXM4-40GB MIG 4g.20gb (0),1,,13,[CUDA memcpy Host-to-Device]
19870153406,9376,407894,,,,,,,,,,0.197,20969.226,Pinned,Device,NVIDIA A100-SXM4-40GB MIG 4g.20gb (0),1,,13,[CUDA memcpy Host-to-Device]
19870677688,22528,407895,273,1,1,48,1,1,40,0.000,0.001,,,,,NVIDIA A100-SXM4-40GB MIG 4g.20gb (0),1,,13,"void pusch_noise_intf_est::noiseIntfEstNoDftSOfdmKernel<float, __half, float, float, (unsigned int)2, (unsigned int)1, (unsigned char)4, (unsigned char)4>(pusch_noise_intf_est::puschRxNoiseIntfEstDynDescr)"
19871206130,14688,407906,35,1,1,128,1,1,16,0.000,0.000,,,,,NVIDIA A100-SXM4-40GB MIG 4g.20gb (0),1,,13,cupy_copy__complex64_complex64
19871585806,4576,407915,1,1,1,1,1,1,18,0.000,0.000,,,,,NVIDIA A100-SXM4-40GB MIG 4g.20gb (0),1,,13,cupy_copy__float32_float32
19871597742,1760,407921,,,,,,,,,,0.000,2.273,Device,Pageable,NVIDIA A100-SXM4-40GB MIG 4g.20gb (0),1,,7,[CUDA memcpy Device-to-Host]
19872033449,24576,407932,1434,1,1,128,1,1,16,0.000,0.000,,,,,NVIDIA A100-SXM4-40GB MIG 4g.20gb (0),1,,13,cupy_copy__complex64_complex64
19872102536,5280,407939,103,1,1,128,1,1,16,0.000,0.000,,,,,NVIDIA A100-SXM4-40GB MIG 4g.20gb (0),1,,13,cupy_copy__complex64_complex64
19872573635,4640,407946,35,1,1,128,1,1,16,0.000,0.000,,,,,NVIDIA A100-SXM4-40GB MIG 4g.20gb (0),1,,13,cupy_copy__complex64_complex64
19872943039,4448,407953,1,1,1,1,1,1,18,0.000,0.000,,,,,NVIDIA A100-SXM4-40GB MIG 4g.20gb (0),1,,13,cupy_copy__float32_float32
19873043358,219709,407964,1,1,1,32,32,1,30,0.000,0.000,,,,,NVIDIA A100-SXM4-40GB MIG 4g.20gb (0),1,,13,"void convert_kernel<__half2, float2>(tensor_layout_any, T1 *, tensor_layout_any, const T2 *)"
19873292155,6432,407967,,,,,,,,,,0.094,14567.105,Pinned,Device,NVIDIA A100-SXM4-40GB MIG 4g.20gb (0),1,,13,[CUDA memcpy Host-to-Device]
19873513560,4832,407968,,,,,,,,,,1.547,320078.477,Device,,NVIDIA A100-SXM4-40GB MIG 4g.20gb (0),1,,13,[CUDA memset]
19873526648,3296,407973,,,,,,,,,,0.031,9495.144,Pinned,Device,NVIDIA A100-SXM4-40GB MIG 4g.20gb (0),1,,13,[CUDA memcpy Host-to-Device]
19873532536,10432,407974,,,,,,,,,,0.197,18846.450,Pinned,Device,NVIDIA A100-SXM4-40GB MIG 4g.20gb (0),1,,13,[CUDA memcpy Host-to-Device]
19873984851,42272,407975,273,1,1,8,4,1,39,0.002,0.000,,,,,NVIDIA A100-SXM4-40GB MIG 4g.20gb (0),1,,13,"void channel_eq::eqMmseCoefCompLowMimoKernel<float, float, float, (unsigned int)4, (unsigned int)1, (unsigned int)4>(const channel_eq::_puschRxChEqStatDescr *, channel_eq::_puschRxChEqCoefCompDynDescr)"
19874516493,14016,407976,273,1,1,12,11,1,51,0.002,0.000,,,,,NVIDIA A100-SXM4-40GB MIG 4g.20gb (0),1,,13,"void channel_eq::eqMmseSoftDemapKernel<float, __half, __half, float, (unsigned int)4, (unsigned short)16383>(channel_eq::_puschRxChEqStatDescr *, channel_eq::_puschRxChEqSoftDemapDynDescr)"
19874689803,955862,407977,1,1,1,32,32,1,30,0.000,0.000,,,,,NVIDIA A100-SXM4-40GB MIG 4g.20gb (0),1,,13,"void convert_kernel<float2, __half2>(tensor_layout_any, T1 *, tensor_layout_any, const T2 *)"
19875658944,13504,407989,2253,1,1,128,1,1,16,0.000,0.000,,,,,NVIDIA A100-SXM4-40GB MIG 4g.20gb (0),1,,13,cupy_copy__float16_float16
19875744639,4928,407998,282,1,1,128,1,1,16,0.000,0.000,,,,,NVIDIA A100-SXM4-40GB MIG 4g.20gb (0),1,,13,cupy_copy__complex64_complex64
19875751423,5088,408007,26,1,1,128,1,1,16,0.000,0.000,,,,,NVIDIA A100-SXM4-40GB MIG 4g.20gb (0),1,,13,cupy_copy__float32_float32
19875757567,3296,408016,103,1,1,128,1,1,16,0.000,0.000,,,,,NVIDIA A100-SXM4-40GB MIG 4g.20gb (0),1,,13,cupy_copy__complex64_complex64
19875811583,16255,408026,1434,1,1,128,1,1,16,0.000,0.000,,,,,NVIDIA A100-SXM4-40GB MIG 4g.20gb (0),1,,13,cupy_copy__complex64_complex64
19876274841,248254,408031,1,1,1,32,32,1,30,0.000,0.000,,,,,NVIDIA A100-SXM4-40GB MIG 4g.20gb (0),1,,13,"void convert_kernel<__half2, float2>(tensor_layout_any, T1 *, tensor_layout_any, const T2 *)"
19876551830,5504,408034,,,,,,,,,,0.094,17023.251,Pinned,Device,NVIDIA A100-SXM4-40GB MIG 4g.20gb (0),1,,13,[CUDA memcpy Host-to-Device]
19876855859,604985,408035,,,,,,,,,,456.561,754239.499,Device,,NVIDIA A100-SXM4-40GB MIG 4g.20gb (0),1,,13,[CUDA memset]
19877461740,57408,408040,,,,,,,,,,1.235,21511.490,Pinned,Device,NVIDIA A100-SXM4-40GB MIG 4g.20gb (0),1,,13,[CUDA memcpy Host-to-Device]
19877522156,10271,408041,,,,,,,,,,0.197,19141.951,Pinned,Device,NVIDIA A100-SXM4-40GB MIG 4g.20gb (0),1,,13,[CUDA memcpy Host-to-Device]
19878034278,18496,408042,69,4,1,48,1,1,76,0.002,0.000,,,,,NVIDIA A100-SXM4-40GB MIG 4g.20gb (0),1,,13,"void ch_est::windowedChEstPreNoDftSOfdmKernel<float, __half, float, (unsigned int)2, (unsigned int)1, (unsigned short)4>(ch_est::puschRxChEstStatDescr_t *, ch_est::puschRxChEstDynDescr_t *)"
19878508481,16255,408043,137,2,1,24,2,1,44,0.001,0.001,,,,,NVIDIA A100-SXM4-40GB MIG 4g.20gb (0),1,,13,"void ch_est::chEstFilterNoDftSOfdmDispatchKernel<float, __half, float, (unsigned int)2>(ch_est::puschRxChEstStatDescr_t *, ch_est::puschRxChEstDynDescr_t *)"
19879038683,15103,408044,137,2,1,24,2,1,44,0.001,0.001,,,,,NVIDIA A100-SXM4-40GB MIG 4g.20gb (0),1,,13,"void ch_est::chEstFilterNoDftSOfdmDispatchKernel<float, __half, float, (unsigned int)2>(ch_est::puschRxChEstStatDescr_t *, ch_est::puschRxChEstDynDescr_t *)"
19879561717,4320,408055,103,1,1,128,1,1,16,0.000,0.000,,,,,NVIDIA A100-SXM4-40GB MIG 4g.20gb (0),1,,13,cupy_copy__complex64_complex64
19880007632,21728,408065,1434,1,1,128,1,1,16,0.000,0.000,,,,,NVIDIA A100-SXM4-40GB MIG 4g.20gb (0),1,,13,cupy_copy__complex64_complex64
19880147982,9696,408072,103,1,1,128,1,1,16,0.000,0.000,,,,,NVIDIA A100-SXM4-40GB MIG 4g.20gb (0),1,,13,cupy_copy__complex64_complex64
19880539178,255965,408079,1,1,1,32,32,1,30,0.000,0.000,,,,,NVIDIA A100-SXM4-40GB MIG 4g.20gb (0),1,,13,"void convert_kernel<__half2, float2>(tensor_layout_any, T1 *, tensor_layout_any, const T2 *)"
19880824039,5504,408082,,,,,,,,,,0.094,17023.251,Pinned,Device,NVIDIA A100-SXM4-40GB MIG 4g.20gb (0),1,,13,[CUDA memcpy Host-to-Device]
19881041412,57664,408083,,,,,,,,,,35.810,620979.823,Device,,NVIDIA A100-SXM4-40GB MIG 4g.20gb (0),1,,13,[CUDA memset]
19881100964,2016,408085,,,,,,,,,,0.000,39.682,Pinned,Device,NVIDIA A100-SXM4-40GB MIG 4g.20gb (0),1,,13,[CUDA memcpy Host-to-Device]
19881106115,9760,408086,,,,,,,,,,0.197,20144.259,Pinned,Device,NVIDIA A100-SXM4-40GB MIG 4g.20gb (0),1,,13,[CUDA memcpy Host-to-Device]
19881538847,16895,408087,273,1,1,48,1,1,40,0.000,0.001,,,,,NVIDIA A100-SXM4-40GB MIG 4g.20gb (0),1,,13,"void pusch_noise_intf_est::noiseIntfEstNoDftSOfdmKernel<float, __half, float, float, (unsigned int)2, (unsigned int)1, (unsigned char)4, (unsigned char)4>(pusch_noise_intf_est::puschRxNoiseIntfEstDynDescr)"
19881611294,10816,408098,35,1,1,128,1,1,16,0.000,0.000,,,,,NVIDIA A100-SXM4-40GB MIG 4g.20gb (0),1,,13,cupy_copy__complex64_complex64
19881624126,3392,408107,1,1,1,1,1,1,18,0.000,0.000,,,,,NVIDIA A100-SXM4-40GB MIG 4g.20gb (0),1,,13,cupy_copy__float32_float32
19881629950,2624,408113,,,,,,,,,,0.000,1.524,Device,Pageable,NVIDIA A100-SXM4-40GB MIG 4g.20gb (0),1,,7,[CUDA memcpy Device-to-Host]
19881691837,12992,408124,1434,1,1,128,1,1,16,0.000,0.000,,,,,NVIDIA A100-SXM4-40GB MIG 4g.20gb (0),1,,13,cupy_copy__complex64_complex64
19881717693,2784,408131,103,1,1,128,1,1,16,0.000,0.000,,,,,NVIDIA A100-SXM4-40GB MIG 4g.20gb (0),1,,13,cupy_copy__complex64_complex64
19881738460,2176,408138,35,1,1,128,1,1,16,0.000,0.000,,,,,NVIDIA A100-SXM4-40GB MIG 4g.20gb (0),1,,13,cupy_copy__complex64_complex64
19881756732,1856,408145,1,1,1,1,1,1,18,0.000,0.000,,,,,NVIDIA A100-SXM4-40GB MIG 4g.20gb (0),1,,13,cupy_copy__float32_float32
19881892955,79711,408156,1,1,1,32,32,1,30,0.000,0.000,,,,,NVIDIA A100-SXM4-40GB MIG 4g.20gb (0),1,,13,"void convert_kernel<__half2, float2>(tensor_layout_any, T1 *, tensor_layout_any, const T2 *)"
19882001433,5344,408159,,,,,,,,,,0.094,17532.864,Pinned,Device,NVIDIA A100-SXM4-40GB MIG 4g.20gb (0),1,,13,[CUDA memcpy Host-to-Device]
19882015641,3264,408160,,,,,,,,,,1.547,473842.288,Device,,NVIDIA A100-SXM4-40GB MIG 4g.20gb (0),1,,13,[CUDA memset]
19882023833,3040,408165,,,,,,,,,,0.031,10294.725,Pinned,Device,NVIDIA A100-SXM4-40GB MIG 4g.20gb (0),1,,13,[CUDA memcpy Host-to-Device]
19882029817,9344,408166,,,,,,,,,,0.197,21040.988,Pinned,Device,NVIDIA A100-SXM4-40GB MIG 4g.20gb (0),1,,13,[CUDA memcpy Host-to-Device]
19882043033,5984,408167,273,1,1,8,4,1,39,0.002,0.000,,,,,NVIDIA A100-SXM4-40GB MIG 4g.20gb (0),1,,13,"void channel_eq::eqMmseCoefCompLowMimoKernel<float, float, float, (unsigned int)4, (unsigned int)1, (unsigned int)4>(const channel_eq::_puschRxChEqStatDescr *, channel_eq::_puschRxChEqCoefCompDynDescr)"
19882050745,5632,408168,273,1,1,12,11,1,51,0.002,0.000,,,,,NVIDIA A100-SXM4-40GB MIG 4g.20gb (0),1,,13,"void channel_eq::eqMmseSoftDemapKernel<float, __half, __half, float, (unsigned int)4, (unsigned short)16383>(channel_eq::_puschRxChEqStatDescr *, channel_eq::_puschRxChEqSoftDemapDynDescr)"
19882058041,566234,408169,1,1,1,32,32,1,30,0.000,0.000,,,,,NVIDIA A100-SXM4-40GB MIG 4g.20gb (0),1,,13,"void convert_kernel<float2, __half2>(tensor_layout_any, T1 *, tensor_layout_any, const T2 *)"
19882750481,13024,408181,2253,1,1,128,1,1,16,0.000,0.000,,,,,NVIDIA A100-SXM4-40GB MIG 4g.20gb (0),1,,13,cupy_copy__float16_float16
19882939727,4480,408190,282,1,1,128,1,1,16,0.000,0.000,,,,,NVIDIA A100-SXM4-40GB MIG 4g.20gb (0),1,,13,cupy_copy__complex64_complex64
19883011598,6848,408199,26,1,1,128,1,1,16,0.000,0.000,,,,,NVIDIA A100-SXM4-40GB MIG 4g.20gb (0),1,,13,cupy_copy__float32_float32
19883120877,5888,408208,103,1,1,128,1,1,16,0.000,0.000,,,,,NVIDIA A100-SXM4-40GB MIG 4g.20gb (0),1,,13,cupy_copy__complex64_complex64
19883189804,20128,408218,1434,1,1,128,1,1,16,0.000,0.000,,,,,NVIDIA A100-SXM4-40GB MIG 4g.20gb (0),1,,13,cupy_copy__complex64_complex64
19883306507,337788,408223,1,1,1,32,32,1,30,0.000,0.000,,,,,NVIDIA A100-SXM4-40GB MIG 4g.20gb (0),1,,13,"void convert_kernel<__half2, float2>(tensor_layout_any, T1 *, tensor_layout_any, const T2 *)"
19883675559,5632,408226,,,,,,,,,,0.094,16636.287,Pinned,Device,NVIDIA A100-SXM4-40GB MIG 4g.20gb (0),1,,13,[CUDA memcpy Host-to-Device]
19883842629,607001,408227,,,,,,,,,,456.561,751956.692,Device,,NVIDIA A100-SXM4-40GB MIG 4g.20gb (0),1,,13,[CUDA memset]
19884458174,51551,408232,,,,,,,,,,1.235,23955.444,Pinned,Device,NVIDIA A100-SXM4-40GB MIG 4g.20gb (0),1,,13,[CUDA memcpy Host-to-Device]
19884512509,9792,408233,,,,,,,,,,0.197,20078.395,Pinned,Device,NVIDIA A100-SXM4-40GB MIG 4g.20gb (0),1,,13,[CUDA memcpy Host-to-Device]
19884527069,8672,408234,69,4,1,48,1,1,76,0.002,0.000,,,,,NVIDIA A100-SXM4-40GB MIG 4g.20gb (0),1,,13,"void ch_est::windowedChEstPreNoDftSOfdmKernel<float, __half, float, (unsigned int)2, (unsigned int)1, (unsigned short)4>(ch_est::puschRxChEstStatDescr_t *, ch_est::puschRxChEstDynDescr_t *)"
19884604284,12384,408235,137,2,1,24,2,1,44,0.001,0.001,,,,,NVIDIA A100-SXM4-40GB MIG 4g.20gb (0),1,,13,"void ch_est::chEstFilterNoDftSOfdmDispatchKernel<float, __half, float, (unsigned int)2>(ch_est::puschRxChEstStatDescr_t *, ch_est::puschRxChEstDynDescr_t *)"
19884618524,5312,408236,137,2,1,24,2,1,44,0.001,0.001,,,,,NVIDIA A100-SXM4-40GB MIG 4g.20gb (0),1,,13,"void ch_est::chEstFilterNoDftSOfdmDispatchKernel<float, __half, float, (unsigned int)2>(ch_est::puschRxChEstStatDescr_t *, ch_est::puschRxChEstDynDescr_t *)"
19884692699,7520,408247,103,1,1,128,1,1,16,0.000,0.000,,,,,NVIDIA A100-SXM4-40GB MIG 4g.20gb (0),1,,13,cupy_copy__complex64_complex64
19884701947,15872,408257,1434,1,1,128,1,1,16,0.000,0.000,,,,,NVIDIA A100-SXM4-40GB MIG 4g.20gb (0),1,,13,cupy_copy__complex64_complex64
19884783610,7136,408264,103,1,1,128,1,1,16,0.000,0.000,,,,,NVIDIA A100-SXM4-40GB MIG 4g.20gb (0),1,,13,cupy_copy__complex64_complex64
19884792794,187966,408271,1,1,1,32,32,1,30,0.000,0.000,,,,,NVIDIA A100-SXM4-40GB MIG 4g.20gb (0),1,,13,"void convert_kernel<__half2, float2>(tensor_layout_any, T1 *, tensor_layout_any, const T2 *)"
19885010712,5440,408274,,,,,,,,,,0.094,17223.480,Pinned,Device,NVIDIA A100-SXM4-40GB MIG 4g.20gb (0),1,,13,[CUDA memcpy Host-to-Device]
19885023096,46111,408275,,,,,,,,,,35.810,776573.925,Device,,NVIDIA A100-SXM4-40GB MIG 4g.20gb (0),1,,13,[CUDA memset]
19885074455,2080,408277,,,,,,,,,,0.000,38.462,Pinned,Device,NVIDIA A100-SXM4-40GB MIG 4g.20gb (0),1,,13,[CUDA memcpy Host-to-Device]
19885079095,9440,408278,,,,,,,,,,0.197,20827.079,Pinned,Device,NVIDIA A100-SXM4-40GB MIG 4g.20gb (0),1,,13,[CUDA memcpy Host-to-Device]
19885092407,8544,408279,273,1,1,48,1,1,40,0.000,0.001,,,,,NVIDIA A100-SXM4-40GB MIG 4g.20gb (0),1,,13,"void pusch_noise_intf_est::noiseIntfEstNoDftSOfdmKernel<float, __half, float, float, (unsigned int)2, (unsigned int)1, (unsigned char)4, (unsigned char)4>(pusch_noise_intf_est::puschRxNoiseIntfEstDynDescr)"
19885103287,2848,408290,35,1,1,128,1,1,16,0.000,0.000,,,,,NVIDIA A100-SXM4-40GB MIG 4g.20gb (0),1,,13,cupy_copy__complex64_complex64
19885130454,1888,408299,1,1,1,1,1,1,18,0.000,0.000,,,,,NVIDIA A100-SXM4-40GB MIG 4g.20gb (0),1,,13,cupy_copy__float32_float32
19885166454,1696,408305,,,,,,,,,,0.000,2.358,Device,Pageable,NVIDIA A100-SXM4-40GB MIG 4g.20gb (0),1,,7,[CUDA memcpy Device-to-Host]
19885226005,13152,408316,1434,1,1,128,1,1,16,0.000,0.000,,,,,NVIDIA A100-SXM4-40GB MIG 4g.20gb (0),1,,13,cupy_copy__complex64_complex64
19885252021,2752,408323,103,1,1,128,1,1,16,0.000,0.000,,,,,NVIDIA A100-SXM4-40GB MIG 4g.20gb (0),1,,13,cupy_copy__complex64_complex64
19885272981,2176,408330,35,1,1,128,1,1,16,0.000,0.000,,,,,NVIDIA A100-SXM4-40GB MIG 4g.20gb (0),1,,13,cupy_copy__complex64_complex64
19885295957,1856,408337,1,1,1,1,1,1,18,0.000,0.000,,,,,NVIDIA A100-SXM4-40GB MIG 4g.20gb (0),1,,13,cupy_copy__float32_float32
19885444979,80223,408348,1,1,1,32,32,1,30,0.000,0.000,,,,,NVIDIA A100-SXM4-40GB MIG 4g.20gb (0),1,,13,"void convert_kernel<__half2, float2>(tensor_layout_any, T1 *, tensor_layout_any, const T2 *)"
19885554322,5440,408351,,,,,,,,,,0.094,17223.480,Pinned,Device,NVIDIA A100-SXM4-40GB MIG 4g.20gb (0),1,,13,[CUDA memcpy Host-to-Device]
19885568050,3232,408352,,,,,,,,,,1.547,478533.199,Device,,NVIDIA A100-SXM4-40GB MIG 4g.20gb (0),1,,13,[CUDA memset]
19885618769,4576,408357,,,,,,,,,,0.031,6839.146,Pinned,Device,NVIDIA A100-SXM4-40GB MIG 4g.20gb (0),1,,13,[CUDA memcpy Host-to-Device]
19885627121,9984,408358,,,,,,,,,,0.197,19692.257,Pinned,Device,NVIDIA A100-SXM4-40GB MIG 4g.20gb (0),1,,13,[CUDA memcpy Host-to-Device]
19885659313,13983,408359,273,1,1,8,4,1,39,0.002,0.000,,,,,NVIDIA A100-SXM4-40GB MIG 4g.20gb (0),1,,13,"void channel_eq::eqMmseCoefCompLowMimoKernel<float, float, float, (unsigned int)4, (unsigned int)1, (unsigned int)4>(const channel_eq::_puschRxChEqStatDescr *, channel_eq::_puschRxChEqCoefCompDynDescr)"
19885750000,19007,408360,273,1,1,12,11,1,51,0.002,0.000,,,,,NVIDIA A100-SXM4-40GB MIG 4g.20gb (0),1,,13,"void channel_eq::eqMmseSoftDemapKernel<float, __half, __half, float, (unsigned int)4, (unsigned short)16383>(channel_eq::_puschRxChEqStatDescr *, channel_eq::_puschRxChEqSoftDemapDynDescr)"
19885854126,932310,408361,1,1,1,32,32,1,30,0.000,0.000,,,,,NVIDIA A100-SXM4-40GB MIG 4g.20gb (0),1,,13,"void convert_kernel<float2, __half2>(tensor_layout_any, T1 *, tensor_layout_any, const T2 *)"
19886964098,21024,408373,2253,1,1,128,1,1,16,0.000,0.000,,,,,NVIDIA A100-SXM4-40GB MIG 4g.20gb (0),1,,13,cupy_copy__float16_float16
19887293630,6464,408382,282,1,1,128,1,1,16,0.000,0.000,,,,,NVIDIA A100-SXM4-40GB MIG 4g.20gb (0),1,,13,cupy_copy__complex64_complex64
19887506396,17472,408391,26,1,1,128,1,1,16,0.000,0.000,,,,,NVIDIA A100-SXM4-40GB MIG 4g.20gb (0),1,,13,cupy_copy__float32_float32
19887717978,6687,408400,103,1,1,128,1,1,16,0.000,0.000,,,,,NVIDIA A100-SXM4-40GB MIG 4g.20gb (0),1,,13,cupy_copy__complex64_complex64
19887969399,23103,408410,1434,1,1,128,1,1,16,0.000,0.000,,,,,NVIDIA A100-SXM4-40GB MIG 4g.20gb (0),1,,13,cupy_copy__complex64_complex64
19888185844,277149,408415,1,1,1,32,32,1,30,0.000,0.000,,,,,NVIDIA A100-SXM4-40GB MIG 4g.20gb (0),1,,13,"void convert_kernel<__half2, float2>(tensor_layout_any, T1 *, tensor_layout_any, const T2 *)"
19888493393,5792,408418,,,,,,,,,,0.094,16176.708,Pinned,Device,NVIDIA A100-SXM4-40GB MIG 4g.20gb (0),1,,13,[CUDA memcpy Host-to-Device]
19888565904,626521,408419,,,,,,,,,,456.561,728672.058,Device,,NVIDIA A100-SXM4-40GB MIG 4g.20gb (0),1,,13,[CUDA memset]
19889199081,50815,408424,,,,,,,,,,1.235,24302.463,Pinned,Device,NVIDIA A100-SXM4-40GB MIG 4g.20gb (0),1,,13,[CUDA memcpy Host-to-Device]
19889252520,9888,408425,,,,,,,,,,0.197,19883.360,Pinned,Device,NVIDIA A100-SXM4-40GB MIG 4g.20gb (0),1,,13,[CUDA memcpy Host-to-Device]
19889384231,9760,408426,69,4,1,48,1,1,76,0.002,0.000,,,,,NVIDIA A100-SXM4-40GB MIG 4g.20gb (0),1,,13,"void ch_est::windowedChEstPreNoDftSOfdmKernel<float, __half, float, (unsigned int)2, (unsigned int)1, (unsigned short)4>(ch_est::puschRxChEstStatDescr_t *, ch_est::puschRxChEstDynDescr_t *)"
19889470630,12288,408427,137,2,1,24,2,1,44,0.001,0.001,,,,,NVIDIA A100-SXM4-40GB MIG 4g.20gb (0),1,,13,"void ch_est::chEstFilterNoDftSOfdmDispatchKernel<float, __half, float, (unsigned int)2>(ch_est::puschRxChEstStatDescr_t *, ch_est::puschRxChEstDynDescr_t *)"
19889693923,12640,408428,137,2,1,24,2,1,44,0.001,0.001,,,,,NVIDIA A100-SXM4-40GB MIG 4g.20gb (0),1,,13,"void ch_est::chEstFilterNoDftSOfdmDispatchKernel<float, __half, float, (unsigned int)2>(ch_est::puschRxChEstStatDescr_t *, ch_est::puschRxChEstDynDescr_t *)"
19889819330,12640,408439,103,1,1,128,1,1,16,0.000,0.000,,,,,NVIDIA A100-SXM4-40GB MIG 4g.20gb (0),1,,13,cupy_copy__complex64_complex64
19889916225,21088,408449,1434,1,1,128,1,1,16,0.000,0.000,,,,,NVIDIA A100-SXM4-40GB MIG 4g.20gb (0),1,,13,cupy_copy__complex64_complex64
19889938849,4928,408456,103,1,1,128,1,1,16,0.000,0.000,,,,,NVIDIA A100-SXM4-40GB MIG 4g.20gb (0),1,,13,cupy_copy__complex64_complex64
19890016160,423067,408463,1,1,1,32,32,1,30,0.000,0.000,,,,,NVIDIA A100-SXM4-40GB MIG 4g.20gb (0),1,,13,"void convert_kernel<__half2, float2>(tensor_layout_any, T1 *, tensor_layout_any, const T2 *)"
19890467995,5728,408466,,,,,,,,,,0.094,16357.541,Pinned,Device,NVIDIA A100-SXM4-40GB MIG 4g.20gb (0),1,,13,[CUDA memcpy Host-to-Device]
19890562554,54015,408467,,,,,,,,,,35.810,662949.049,Device,,NVIDIA A100-SXM4-40GB MIG 4g.20gb (0),1,,13,[CUDA memset]
19890617209,1856,408469,,,,,,,,,,0.000,43.103,Pinned,Device,NVIDIA A100-SXM4-40GB MIG 4g.20gb (0),1,,13,[CUDA memcpy Host-to-Device]
19890623065,9408,408470,,,,,,,,,,0.197,20897.858,Pinned,Device,NVIDIA A100-SXM4-40GB MIG 4g.20gb (0),1,,13,[CUDA memcpy Host-to-Device]
19890849751,17823,408471,273,1,1,48,1,1,40,0.000,0.001,,,,,NVIDIA A100-SXM4-40GB MIG 4g.20gb (0),1,,13,"void pusch_noise_intf_est::noiseIntfEstNoDftSOfdmKernel<float, __half, float, float, (unsigned int)2, (unsigned int)1, (unsigned char)4, (unsigned char)4>(pusch_noise_intf_est::puschRxNoiseIntfEstDynDescr)"
19891090580,8256,408482,35,1,1,128,1,1,16,0.000,0.000,,,,,NVIDIA A100-SXM4-40GB MIG 4g.20gb (0),1,,13,cupy_copy__complex64_complex64
19891257138,2880,408491,1,1,1,1,1,1,18,0.000,0.000,,,,,NVIDIA A100-SXM4-40GB MIG 4g.20gb (0),1,,13,cupy_copy__float32_float32
19891268914,1824,408497,,,,,,,,,,0.000,2.193,Device,Pageable,NVIDIA A100-SXM4-40GB MIG 4g.20gb (0),1,,7,[CUDA memcpy Device-to-Host]
19891422576,16000,408508,1434,1,1,128,1,1,16,0.000,0.000,,,,,NVIDIA A100-SXM4-40GB MIG 4g.20gb (0),1,,13,cupy_copy__complex64_complex64
19891439952,3328,408515,103,1,1,128,1,1,16,0.000,0.000,,,,,NVIDIA A100-SXM4-40GB MIG 4g.20gb (0),1,,13,cupy_copy__complex64_complex64
19891602574,3360,408522,35,1,1,128,1,1,16,0.000,0.000,,,,,NVIDIA A100-SXM4-40GB MIG 4g.20gb (0),1,,13,cupy_copy__complex64_complex64
19891607598,2720,408529,1,1,1,1,1,1,18,0.000,0.000,,,,,NVIDIA A100-SXM4-40GB MIG 4g.20gb (0),1,,13,cupy_copy__float32_float32
19891768140,260829,408540,1,1,1,32,32,1,30,0.000,0.000,,,,,NVIDIA A100-SXM4-40GB MIG 4g.20gb (0),1,,13,"void convert_kernel<__half2, float2>(tensor_layout_any, T1 *, tensor_layout_any, const T2 *)"
19892059401,5856,408543,,,,,,,,,,0.094,15999.997,Pinned,Device,NVIDIA A100-SXM4-40GB MIG 4g.20gb (0),1,,13,[CUDA memcpy Host-to-Device]
19892100457,3680,408544,,,,,,,,,,1.547,420278.059,Device,,NVIDIA A100-SXM4-40GB MIG 4g.20gb (0),1,,13,[CUDA memset]
19892109864,3104,408549,,,,,,,,,,0.031,10082.445,Pinned,Device,NVIDIA A100-SXM4-40GB MIG 4g.20gb (0),1,,13,[CUDA memcpy Host-to-Device]
19892115688,9632,408550,,,,,,,,,,0.197,20411.843,Pinned,Device,NVIDIA A100-SXM4-40GB MIG 4g.20gb (0),1,,13,[CUDA memcpy Host-to-Device]
19892266567,41247,408551,273,1,1,8,4,1,39,0.002,0.000,,,,,NVIDIA A100-SXM4-40GB MIG 4g.20gb (0),1,,13,"void channel_eq::eqMmseCoefCompLowMimoKernel<float, float, float, (unsigned int)4, (unsigned int)1, (unsigned int)4>(const channel_eq::_puschRxChEqStatDescr *, channel_eq::_puschRxChEqCoefCompDynDescr)"
19892318630,11232,408552,273,1,1,12,11,1,51,0.002,0.000,,,,,NVIDIA A100-SXM4-40GB MIG 4g.20gb (0),1,,13,"void channel_eq::eqMmseSoftDemapKernel<float, __half, __half, float, (unsigned int)4, (unsigned short)16383>(channel_eq::_puschRxChEqStatDescr *, channel_eq::_puschRxChEqSoftDemapDynDescr)"
19892400805,850743,408553,1,1,1,32,32,1,30,0.000,0.000,,,,,NVIDIA A100-SXM4-40GB MIG 4g.20gb (0),1,,13,"void convert_kernel<float2, __half2>(tensor_layout_any, T1 *, tensor_layout_any, const T2 *)"
19893414138,17760,408565,2253,1,1,128,1,1,16,0.000,0.000,,,,,NVIDIA A100-SXM4-40GB MIG 4g.20gb (0),1,,13,cupy_copy__float16_float16
19893636119,7392,408574,282,1,1,128,1,1,16,0.000,0.000,,,,,NVIDIA A100-SXM4-40GB MIG 4g.20gb (0),1,,13,cupy_copy__complex64_complex64
19893766486,3456,408583,26,1,1,128,1,1,16,0.000,0.000,,,,,NVIDIA A100-SXM4-40GB MIG 4g.20gb (0),1,,13,cupy_copy__float32_float32
19893839221,14432,408592,103,1,1,128,1,1,16,0.000,0.000,,,,,NVIDIA A100-SXM4-40GB MIG 4g.20gb (0),1,,13,cupy_copy__complex64_complex64
19894042835,18240,408602,1434,1,1,128,1,1,16,0.000,0.000,,,,,NVIDIA A100-SXM4-40GB MIG 4g.20gb (0),1,,13,cupy_copy__complex64_complex64
19894221649,328540,408607,1,1,1,32,32,1,30,0.000,0.000,,,,,NVIDIA A100-SXM4-40GB MIG 4g.20gb (0),1,,13,"void convert_kernel<__half2, float2>(tensor_layout_any, T1 *, tensor_layout_any, const T2 *)"
19894580717,5600,408610,,,,,,,,,,0.094,16731.388,Pinned,Device,NVIDIA A100-SXM4-40GB MIG 4g.20gb (0),1,,13,[CUDA memcpy Host-to-Device]
19894762123,603705,408611,,,,,,,,,,456.561,756065.745,Device,,NVIDIA A100-SXM4-40GB MIG 4g.20gb (0),1,,13,[CUDA memset]
19895366820,51231,408616,,,,,,,,,,1.235,24104.872,Pinned,Device,NVIDIA A100-SXM4-40GB MIG 4g.20gb (0),1,,13,[CUDA memcpy Host-to-Device]
19895420515,10080,408617,,,,,,,,,,0.197,19504.693,Pinned,Device,NVIDIA A100-SXM4-40GB MIG 4g.20gb (0),1,,13,[CUDA memcpy Host-to-Device]
19895491619,9728,408618,69,4,1,48,1,1,76,0.002,0.000,,,,,NVIDIA A100-SXM4-40GB MIG 4g.20gb (0),1,,13,"void ch_est::windowedChEstPreNoDftSOfdmKernel<float, __half, float, (unsigned int)2, (unsigned int)1, (unsigned short)4>(ch_est::puschRxChEstStatDescr_t *, ch_est::puschRxChEstDynDescr_t *)"
19895636513,25312,408619,137,2,1,24,2,1,44,0.001,0.001,,,,,NVIDIA A100-SXM4-40GB MIG 4g.20gb (0),1,,13,"void ch_est::chEstFilterNoDftSOfdmDispatchKernel<float, __half, float, (unsigned int)2>(ch_est::puschRxChEstStatDescr_t *, ch_est::puschRxChEstDynDescr_t *)"
19895787135,15232,408620,137,2,1,24,2,1,44,0.001,0.001,,,,,NVIDIA A100-SXM4-40GB MIG 4g.20gb (0),1,,13,"void ch_est::chEstFilterNoDftSOfdmDispatchKernel<float, __half, float, (unsigned int)2>(ch_est::puschRxChEstStatDescr_t *, ch_est::puschRxChEstDynDescr_t *)"
19895874686,5120,408631,103,1,1,128,1,1,16,0.000,0.000,,,,,NVIDIA A100-SXM4-40GB MIG 4g.20gb (0),1,,13,cupy_copy__complex64_complex64
19895882046,15424,408641,1434,1,1,128,1,1,16,0.000,0.000,,,,,NVIDIA A100-SXM4-40GB MIG 4g.20gb (0),1,,13,cupy_copy__complex64_complex64
19895961373,8192,408648,103,1,1,128,1,1,16,0.000,0.000,,,,,NVIDIA A100-SXM4-40GB MIG 4g.20gb (0),1,,13,cupy_copy__complex64_complex64
19896021341,500858,408655,1,1,1,32,32,1,30,0.000,0.000,,,,,NVIDIA A100-SXM4-40GB MIG 4g.20gb (0),1,,13,"void convert_kernel<__half2, float2>(tensor_layout_any, T1 *, tensor_layout_any, const T2 *)"
19896553591,5472,408658,,,,,,,,,,0.094,17122.757,Pinned,Device,NVIDIA A100-SXM4-40GB MIG 4g.20gb (0),1,,13,[CUDA memcpy Host-to-Device]
19896612246,65311,408659,,,,,,,,,,35.810,548285.685,Device,,NVIDIA A100-SXM4-40GB MIG 4g.20gb (0),1,,13,[CUDA memset]
19896685141,3968,408661,,,,,,,,,,0.000,20.161,Pinned,Device,NVIDIA A100-SXM4-40GB MIG 4g.20gb (0),1,,13,[CUDA memcpy Host-to-Device]
19896693397,9568,408662,,,,,,,,,,0.197,20548.485,Pinned,Device,NVIDIA A100-SXM4-40GB MIG 4g.20gb (0),1,,13,[CUDA memcpy Host-to-Device]
19896729717,28256,408663,273,1,1,48,1,1,40,0.000,0.001,,,,,NVIDIA A100-SXM4-40GB MIG 4g.20gb (0),1,,13,"void pusch_noise_intf_est::noiseIntfEstNoDftSOfdmKernel<float, __half, float, float, (unsigned int)2, (unsigned int)1, (unsigned char)4, (unsigned char)4>(pusch_noise_intf_est::puschRxNoiseIntfEstDynDescr)"
19896760052,2752,408674,35,1,1,128,1,1,16,0.000,0.000,,,,,NVIDIA A100-SXM4-40GB MIG 4g.20gb (0),1,,13,cupy_copy__complex64_complex64
19896764500,1856,408683,1,1,1,1,1,1,18,0.000,0.000,,,,,NVIDIA A100-SXM4-40GB MIG 4g.20gb (0),1,,13,cupy_copy__float32_float32
19896771988,1600,408689,,,,,,,,,,0.000,2.500,Device,Pageable,NVIDIA A100-SXM4-40GB MIG 4g.20gb (0),1,,7,[CUDA memcpy Device-to-Host]
19896870035,31840,408700,1434,1,1,128,1,1,16,0.000,0.000,,,,,NVIDIA A100-SXM4-40GB MIG 4g.20gb (0),1,,13,cupy_copy__complex64_complex64
19896951602,14656,408707,103,1,1,128,1,1,16,0.000,0.000,,,,,NVIDIA A100-SXM4-40GB MIG 4g.20gb (0),1,,13,cupy_copy__complex64_complex64
19896967794,5504,408714,35,1,1,128,1,1,16,0.000,0.000,,,,,NVIDIA A100-SXM4-40GB MIG 4g.20gb (0),1,,13,cupy_copy__complex64_complex64
19896975218,2048,408721,1,1,1,1,1,1,18,0.000,0.000,,,,,NVIDIA A100-SXM4-40GB MIG 4g.20gb (0),1,,13,cupy_copy__float32_float32
19897039537,429564,408732,1,1,1,32,32,1,30,0.000,0.000,,,,,NVIDIA A100-SXM4-40GB MIG 4g.20gb (0),1,,13,"void convert_kernel<__half2, float2>(tensor_layout_any, T1 *, tensor_layout_any, const T2 *)"
19897498252,5728,408735,,,,,,,,,,0.094,16357.541,Pinned,Device,NVIDIA A100-SXM4-40GB MIG 4g.20gb (0),1,,13,[CUDA memcpy Host-to-Device]
19897512812,3552,408736,,,,,,,,,,1.547,435422.601,Device,,NVIDIA A100-SXM4-40GB MIG 4g.20gb (0),1,,13,[CUDA memset]
19897519948,3040,408741,,,,,,,,,,0.031,10294.725,Pinned,Device,NVIDIA A100-SXM4-40GB MIG 4g.20gb (0),1,,13,[CUDA memcpy Host-to-Device]
19897525068,9216,408742,,,,,,,,,,0.197,21333.148,Pinned,Device,NVIDIA A100-SXM4-40GB MIG 4g.20gb (0),1,,13,[CUDA memcpy Host-to-Device]
19897541100,6944,408743,273,1,1,8,4,1,39,0.002,0.000,,,,,NVIDIA A100-SXM4-40GB MIG 4g.20gb (0),1,,13,"void channel_eq::eqMmseCoefCompLowMimoKernel<float, float, float, (unsigned int)4, (unsigned int)1, (unsigned int)4>(const channel_eq::_puschRxChEqStatDescr *, channel_eq::_puschRxChEqCoefCompDynDescr)"
19897549292,7040,408744,273,1,1,12,11,1,51,0.002,0.000,,,,,NVIDIA A100-SXM4-40GB MIG 4g.20gb (0),1,,13,"void channel_eq::eqMmseSoftDemapKernel<float, __half, __half, float, (unsigned int)4, (unsigned short)16383>(channel_eq::_puschRxChEqStatDescr *, channel_eq::_puschRxChEqSoftDemapDynDescr)"
19897557932,431995,408745,1,1,1,32,32,1,30,0.000,0.000,,,,,NVIDIA A100-SXM4-40GB MIG 4g.20gb (0),1,,13,"void convert_kernel<float2, __half2>(tensor_layout_any, T1 *, tensor_layout_any, const T2 *)"
19898109509,55360,408757,2253,1,1,128,1,1,16,0.000,0.000,,,,,NVIDIA A100-SXM4-40GB MIG 4g.20gb (0),1,,13,cupy_copy__float16_float16
19898213700,5632,408766,282,1,1,128,1,1,16,0.000,0.000,,,,,NVIDIA A100-SXM4-40GB MIG 4g.20gb (0),1,,13,cupy_copy__complex64_complex64
19898300483,6944,408775,26,1,1,128,1,1,16,0.000,0.000,,,,,NVIDIA A100-SXM4-40GB MIG 4g.20gb (0),1,,13,cupy_copy__float32_float32
19898439042,19328,408784,103,1,1,128,1,1,16,0.000,0.000,,,,,NVIDIA A100-SXM4-40GB MIG 4g.20gb (0),1,,13,cupy_copy__complex64_complex64
19898622144,20255,408794,1434,1,1,128,1,1,16,0.000,0.000,,,,,NVIDIA A100-SXM4-40GB MIG 4g.20gb (0),1,,13,cupy_copy__complex64_complex64
19899008699,249662,408799,1,1,1,32,32,1,30,0.000,0.000,,,,,NVIDIA A100-SXM4-40GB MIG 4g.20gb (0),1,,13,"void convert_kernel<__half2, float2>(tensor_layout_any, T1 *, tensor_layout_any, const T2 *)"
19899286584,6144,408802,,,,,,,,,,0.094,15249.961,Pinned,Device,NVIDIA A100-SXM4-40GB MIG 4g.20gb (0),1,,13,[CUDA memcpy Host-to-Device]
19899568117,607801,408803,,,,,,,,,,456.561,751043.569,Device,,NVIDIA A100-SXM4-40GB MIG 4g.20gb (0),1,,13,[CUDA memset]
19900184430,53344,408808,,,,,,,,,,1.235,23150.260,Pinned,Device,NVIDIA A100-SXM4-40GB MIG 4g.20gb (0),1,,13,[CUDA memcpy Host-to-Device]
19900240206,11423,408809,,,,,,,,,,0.197,17211.458,Pinned,Device,NVIDIA A100-SXM4-40GB MIG 4g.20gb (0),1,,13,[CUDA memcpy Host-to-Device]
19900634601,16096,408810,69,4,1,48,1,1,76,0.002,0.000,,,,,NVIDIA A100-SXM4-40GB MIG 4g.20gb (0),1,,13,"void ch_est::windowedChEstPreNoDftSOfdmKernel<float, __half, float, (unsigned int)2, (unsigned int)1, (unsigned short)4>(ch_est::puschRxChEstStatDescr_t *, ch_est::puschRxChEstDynDescr_t *)"
19901019781,8800,408811,137,2,1,24,2,1,44,0.001,0.001,,,,,NVIDIA A100-SXM4-40GB MIG 4g.20gb (0),1,,13,"void ch_est::chEstFilterNoDftSOfdmDispatchKernel<float, __half, float, (unsigned int)2>(ch_est::puschRxChEstStatDescr_t *, ch_est::puschRxChEstDynDescr_t *)"
19901498976,9055,408812,137,2,1,24,2,1,44,0.001,0.001,,,,,NVIDIA A100-SXM4-40GB MIG 4g.20gb (0),1,,13,"void ch_est::chEstFilterNoDftSOfdmDispatchKernel<float, __half, float, (unsigned int)2>(ch_est::puschRxChEstStatDescr_t *, ch_est::puschRxChEstDynDescr_t *)"
19901975866,3840,408823,103,1,1,128,1,1,16,0.000,0.000,,,,,NVIDIA A100-SXM4-40GB MIG 4g.20gb (0),1,,13,cupy_copy__complex64_complex64
19902229559,50560,408833,1434,1,1,128,1,1,16,0.000,0.000,,,,,NVIDIA A100-SXM4-40GB MIG 4g.20gb (0),1,,13,cupy_copy__complex64_complex64
19902548052,7904,408840,103,1,1,128,1,1,16,0.000,0.000,,,,,NVIDIA A100-SXM4-40GB MIG 4g.20gb (0),1,,13,cupy_copy__complex64_complex64
19902715282,290173,408847,1,1,1,32,32,1,30,0.000,0.000,,,,,NVIDIA A100-SXM4-40GB MIG 4g.20gb (0),1,,13,"void convert_kernel<__half2, float2>(tensor_layout_any, T1 *, tensor_layout_any, const T2 *)"
19903034798,5344,408850,,,,,,,,,,0.094,17532.864,Pinned,Device,NVIDIA A100-SXM4-40GB MIG 4g.20gb (0),1,,13,[CUDA memcpy Host-to-Device]
19903132397,47200,408851,,,,,,,,,,35.810,758668.965,Device,,NVIDIA A100-SXM4-40GB MIG 4g.20gb (0),1,,13,[CUDA memset]
19903183981,1824,408853,,,,,,,,,,0.000,43.860,Pinned,Device,NVIDIA A100-SXM4-40GB MIG 4g.20gb (0),1,,13,[CUDA memcpy Host-to-Device]
19903188205,9440,408854,,,,,,,,,,0.197,20827.079,Pinned,Device,NVIDIA A100-SXM4-40GB MIG 4g.20gb (0),1,,13,[CUDA memcpy Host-to-Device]
19903202284,8832,408855,273,1,1,48,1,1,40,0.000,0.001,,,,,NVIDIA A100-SXM4-40GB MIG 4g.20gb (0),1,,13,"void pusch_noise_intf_est::noiseIntfEstNoDftSOfdmKernel<float, __half, float, float, (unsigned int)2, (unsigned int)1, (unsigned char)4, (unsigned char)4>(pusch_noise_intf_est::puschRxNoiseIntfEstDynDescr)"
19903213228,2848,408866,35,1,1,128,1,1,16,0.000,0.000,,,,,NVIDIA A100-SXM4-40GB MIG 4g.20gb (0),1,,13,cupy_copy__complex64_complex64
19903218220,1888,408875,1,1,1,1,1,1,18,0.000,0.000,,,,,NVIDIA A100-SXM4-40GB MIG 4g.20gb (0),1,,13,cupy_copy__float32_float32
19903221612,1600,408881,,,,,,,,,,0.000,2.500,Device,Pageable,NVIDIA A100-SXM4-40GB MIG 4g.20gb (0),1,,7,[CUDA memcpy Device-to-Host]
19903281612,13247,408892,1434,1,1,128,1,1,16,0.000,0.000,,,,,NVIDIA A100-SXM4-40GB MIG 4g.20gb (0),1,,13,cupy_copy__complex64_complex64
19903307435,2784,408899,103,1,1,128,1,1,16,0.000,0.000,,,,,NVIDIA A100-SXM4-40GB MIG 4g.20gb (0),1,,13,cupy_copy__complex64_complex64
19903327819,2176,408906,35,1,1,128,1,1,16,0.000,0.000,,,,,NVIDIA A100-SXM4-40GB MIG 4g.20gb (0),1,,13,cupy_copy__complex64_complex64
19903347115,1856,408913,1,1,1,1,1,1,18,0.000,0.000,,,,,NVIDIA A100-SXM4-40GB MIG 4g.20gb (0),1,,13,cupy_copy__float32_float32
19903483401,80095,408924,1,1,1,32,32,1,30,0.000,0.000,,,,,NVIDIA A100-SXM4-40GB MIG 4g.20gb (0),1,,13,"void convert_kernel<__half2, float2>(tensor_layout_any, T1 *, tensor_layout_any, const T2 *)"
19903592808,6080,408927,,,,,,,,,,0.094,15410.462,Pinned,Device,NVIDIA A100-SXM4-40GB MIG 4g.20gb (0),1,,13,[CUDA memcpy Host-to-Device]
19903615912,5728,408928,,,,,,,,,,1.547,270011.165,Device,,NVIDIA A100-SXM4-40GB MIG 4g.20gb (0),1,,13,[CUDA memset]
19903623400,3424,408933,,,,,,,,,,0.031,9140.185,Pinned,Device,NVIDIA A100-SXM4-40GB MIG 4g.20gb (0),1,,13,[CUDA memcpy Host-to-Device]
19903629640,9504,408934,,,,,,,,,,0.197,20686.701,Pinned,Device,NVIDIA A100-SXM4-40GB MIG 4g.20gb (0),1,,13,[CUDA memcpy Host-to-Device]
19903970884,27104,408935,273,1,1,8,4,1,39,0.002,0.000,,,,,NVIDIA A100-SXM4-40GB MIG 4g.20gb (0),1,,13,"void channel_eq::eqMmseCoefCompLowMimoKernel<float, float, float, (unsigned int)4, (unsigned int)1, (unsigned int)4>(const channel_eq::_puschRxChEqStatDescr *, channel_eq::_puschRxChEqCoefCompDynDescr)"
19904033891,12704,408936,273,1,1,12,11,1,51,0.002,0.000,,,,,NVIDIA A100-SXM4-40GB MIG 4g.20gb (0),1,,13,"void channel_eq::eqMmseSoftDemapKernel<float, __half, __half, float, (unsigned int)4, (unsigned short)16383>(channel_eq::_puschRxChEqStatDescr *, channel_eq::_puschRxChEqSoftDemapDynDescr)"
19904520222,906422,408937,1,1,1,32,32,1,30,0.000,0.000,,,,,NVIDIA A100-SXM4-40GB MIG 4g.20gb (0),1,,13,"void convert_kernel<float2, __half2>(tensor_layout_any, T1 *, tensor_layout_any, const T2 *)"
19905838159,13696,408949,2253,1,1,128,1,1,16,0.000,0.000,,,,,NVIDIA A100-SXM4-40GB MIG 4g.20gb (0),1,,13,cupy_copy__float16_float16
19906324586,4032,408958,282,1,1,128,1,1,16,0.000,0.000,,,,,NVIDIA A100-SXM4-40GB MIG 4g.20gb (0),1,,13,cupy_copy__complex64_complex64
19906770021,6176,408967,26,1,1,128,1,1,16,0.000,0.000,,,,,NVIDIA A100-SXM4-40GB MIG 4g.20gb (0),1,,13,cupy_copy__float32_float32
19906983682,4672,408976,103,1,1,128,1,1,16,0.000,0.000,,,,,NVIDIA A100-SXM4-40GB MIG 4g.20gb (0),1,,13,cupy_copy__complex64_complex64
19907469341,17920,408986,1434,1,1,128,1,1,16,0.000,0.000,,,,,NVIDIA A100-SXM4-40GB MIG 4g.20gb (0),1,,13,cupy_copy__complex64_complex64
19907939000,273468,408991,1,1,1,32,32,1,30,0.000,0.000,,,,,NVIDIA A100-SXM4-40GB MIG 4g.20gb (0),1,,13,"void convert_kernel<__half2, float2>(tensor_layout_any, T1 *, tensor_layout_any, const T2 *)"
19908243380,5728,408994,,,,,,,,,,0.094,16357.541,Pinned,Device,NVIDIA A100-SXM4-40GB MIG 4g.20gb (0),1,,13,[CUDA memcpy Host-to-Device]
19908749806,611162,408995,,,,,,,,,,456.561,746934.516,Device,,NVIDIA A100-SXM4-40GB MIG 4g.20gb (0),1,,13,[CUDA memset]
19909369608,51647,409000,,,,,,,,,,1.235,23910.986,Pinned,Device,NVIDIA A100-SXM4-40GB MIG 4g.20gb (0),1,,13,[CUDA memcpy Host-to-Device]
19909424423,10400,409001,,,,,,,,,,0.197,18904.449,Pinned,Device,NVIDIA A100-SXM4-40GB MIG 4g.20gb (0),1,,13,[CUDA memcpy Host-to-Device]
19910061472,14784,409002,69,4,1,48,1,1,76,0.002,0.000,,,,,NVIDIA A100-SXM4-40GB MIG 4g.20gb (0),1,,13,"void ch_est::windowedChEstPreNoDftSOfdmKernel<float, __half, float, (unsigned int)2, (unsigned int)1, (unsigned short)4>(ch_est::puschRxChEstStatDescr_t *, ch_est::puschRxChEstDynDescr_t *)"
19910348253,12639,409003,137,2,1,24,2,1,44,0.001,0.001,,,,,NVIDIA A100-SXM4-40GB MIG 4g.20gb (0),1,,13,"void ch_est::chEstFilterNoDftSOfdmDispatchKernel<float, __half, float, (unsigned int)2>(ch_est::puschRxChEstStatDescr_t *, ch_est::puschRxChEstDynDescr_t *)"
19910490843,9184,409004,137,2,1,24,2,1,44,0.001,0.001,,,,,NVIDIA A100-SXM4-40GB MIG 4g.20gb (0),1,,13,"void ch_est::chEstFilterNoDftSOfdmDispatchKernel<float, __half, float, (unsigned int)2>(ch_est::puschRxChEstStatDescr_t *, ch_est::puschRxChEstDynDescr_t *)"
19910668217,3136,409015,103,1,1,128,1,1,16,0.000,0.000,,,,,NVIDIA A100-SXM4-40GB MIG 4g.20gb (0),1,,13,cupy_copy__complex64_complex64
19910774360,17376,409025,1434,1,1,128,1,1,16,0.000,0.000,,,,,NVIDIA A100-SXM4-40GB MIG 4g.20gb (0),1,,13,cupy_copy__complex64_complex64
19910841303,9056,409032,103,1,1,128,1,1,16,0.000,0.000,,,,,NVIDIA A100-SXM4-40GB MIG 4g.20gb (0),1,,13,cupy_copy__complex64_complex64
19910898262,290045,409039,1,1,1,32,32,1,30,0.000,0.000,,,,,NVIDIA A100-SXM4-40GB MIG 4g.20gb (0),1,,13,"void convert_kernel<__half2, float2>(tensor_layout_any, T1 *, tensor_layout_any, const T2 *)"
19911228339,5440,409042,,,,,,,,,,0.094,17223.480,Pinned,Device,NVIDIA A100-SXM4-40GB MIG 4g.20gb (0),1,,13,[CUDA memcpy Host-to-Device]
19911298834,56319,409043,,,,,,,,,,35.810,635805.130,Device,,NVIDIA A100-SXM4-40GB MIG 4g.20gb (0),1,,13,[CUDA memset]
19911359505,2208,409045,,,,,,,,,,0.000,36.232,Pinned,Device,NVIDIA A100-SXM4-40GB MIG 4g.20gb (0),1,,13,[CUDA memcpy Host-to-Device]
19911364881,10528,409046,,,,,,,,,,0.197,18674.614,Pinned,Device,NVIDIA A100-SXM4-40GB MIG 4g.20gb (0),1,,13,[CUDA memcpy Host-to-Device]
19911408817,15424,409047,273,1,1,48,1,1,40,0.000,0.001,,,,,NVIDIA A100-SXM4-40GB MIG 4g.20gb (0),1,,13,"void pusch_noise_intf_est::noiseIntfEstNoDftSOfdmKernel<float, __half, float, float, (unsigned int)2, (unsigned int)1, (unsigned char)4, (unsigned char)4>(pusch_noise_intf_est::puschRxNoiseIntfEstDynDescr)"
19911458480,5760,409058,35,1,1,128,1,1,16,0.000,0.000,,,,,NVIDIA A100-SXM4-40GB MIG 4g.20gb (0),1,,13,cupy_copy__complex64_complex64
19911518320,5727,409067,1,1,1,1,1,1,18,0.000,0.000,,,,,NVIDIA A100-SXM4-40GB MIG 4g.20gb (0),1,,13,cupy_copy__float32_float32
19911524879,7648,409073,,,,,,,,,,0.000,0.523,Device,Pageable,NVIDIA A100-SXM4-40GB MIG 4g.20gb (0),1,,7,[CUDA memcpy Device-to-Host]
19911866124,15999,409084,1434,1,1,128,1,1,16,0.000,0.000,,,,,NVIDIA A100-SXM4-40GB MIG 4g.20gb (0),1,,13,cupy_copy__complex64_complex64
19912477989,10304,409091,103,1,1,128,1,1,16,0.000,0.000,,,,,NVIDIA A100-SXM4-40GB MIG 4g.20gb (0),1,,13,cupy_copy__complex64_complex64
19913002943,16384,409098,35,1,1,128,1,1,16,0.000,0.000,,,,,NVIDIA A100-SXM4-40GB MIG 4g.20gb (0),1,,13,cupy_copy__complex64_complex64
19913158429,4448,409105,1,1,1,1,1,1,18,0.000,0.000,,,,,NVIDIA A100-SXM4-40GB MIG 4g.20gb (0),1,,13,cupy_copy__float32_float32
19913685015,256765,409116,1,1,1,32,32,1,30,0.000,0.000,,,,,NVIDIA A100-SXM4-40GB MIG 4g.20gb (0),1,,13,"void convert_kernel<__half2, float2>(tensor_layout_any, T1 *, tensor_layout_any, const T2 *)"
19913971572,5568,409119,,,,,,,,,,0.094,16827.521,Pinned,Device,NVIDIA A100-SXM4-40GB MIG 4g.20gb (0),1,,13,[CUDA memcpy Host-to-Device]
19914385263,5504,409120,,,,,,,,,,1.547,280999.928,Device,,NVIDIA A100-SXM4-40GB MIG 4g.20gb (0),1,,13,[CUDA memset]
19914399983,3264,409125,,,,,,,,,,0.031,9588.218,Pinned,Device,NVIDIA A100-SXM4-40GB MIG 4g.20gb (0),1,,13,[CUDA memcpy Host-to-Device]
19914408335,12320,409126,,,,,,,,,,0.197,15958.278,Pinned,Device,NVIDIA A100-SXM4-40GB MIG 4g.20gb (0),1,,13,[CUDA memcpy Host-to-Device]
19915017480,13504,409127,273,1,1,8,4,1,39,0.002,0.000,,,,,NVIDIA A100-SXM4-40GB MIG 4g.20gb (0),1,,13,"void channel_eq::eqMmseCoefCompLowMimoKernel<float, float, float, (unsigned int)4, (unsigned int)1, (unsigned int)4>(const channel_eq::_puschRxChEqStatDescr *, channel_eq::_puschRxChEqCoefCompDynDescr)"
19915759648,27968,409128,273,1,1,12,11,1,51,0.002,0.000,,,,,NVIDIA A100-SXM4-40GB MIG 4g.20gb (0),1,,13,"void channel_eq::eqMmseSoftDemapKernel<float, __half, __half, float, (unsigned int)4, (unsigned short)16383>(channel_eq::_puschRxChEqStatDescr *, channel_eq::_puschRxChEqSoftDemapDynDescr)"
19916465560,849239,409129,1,1,1,32,32,1,30,0.000,0.000,,,,,NVIDIA A100-SXM4-40GB MIG 4g.20gb (0),1,,13,"void convert_kernel<float2, __half2>(tensor_layout_any, T1 *, tensor_layout_any, const T2 *)"
19917769226,14655,409141,2253,1,1,128,1,1,16,0.000,0.000,,,,,NVIDIA A100-SXM4-40GB MIG 4g.20gb (0),1,,13,cupy_copy__float16_float16
19918401187,5472,409150,282,1,1,128,1,1,16,0.000,0.000,,,,,NVIDIA A100-SXM4-40GB MIG 4g.20gb (0),1,,13,cupy_copy__complex64_complex64
19918469666,7808,409159,26,1,1,128,1,1,16,0.000,0.000,,,,,NVIDIA A100-SXM4-40GB MIG 4g.20gb (0),1,,13,cupy_copy__float32_float32
19918656512,6560,409168,103,1,1,128,1,1,16,0.000,0.000,,,,,NVIDIA A100-SXM4-40GB MIG 4g.20gb (0),1,,13,cupy_copy__complex64_complex64
19918772798,18880,409178,1434,1,1,128,1,1,16,0.000,0.000,,,,,NVIDIA A100-SXM4-40GB MIG 4g.20gb (0),1,,13,cupy_copy__complex64_complex64
19918844830,318844,409183,1,1,1,32,32,1,30,0.000,0.000,,,,,NVIDIA A100-SXM4-40GB MIG 4g.20gb (0),1,,13,"void convert_kernel<__half2, float2>(tensor_layout_any, T1 *, tensor_layout_any, const T2 *)"
19919193818,5824,409186,,,,,,,,,,0.094,16087.884,Pinned,Device,NVIDIA A100-SXM4-40GB MIG 4g.20gb (0),1,,13,[CUDA memcpy Host-to-Device]
19919300313,614233,409187,,,,,,,,,,456.561,743282.024,Device,,NVIDIA A100-SXM4-40GB MIG 4g.20gb (0),1,,13,[CUDA memset]
19919916082,50559,409192,,,,,,,,,,1.235,24424.722,Pinned,Device,NVIDIA A100-SXM4-40GB MIG 4g.20gb (0),1,,13,[CUDA memcpy Host-to-Device]
19919969425,9824,409193,,,,,,,,,,0.197,20012.925,Pinned,Device,NVIDIA A100-SXM4-40GB MIG 4g.20gb (0),1,,13,[CUDA memcpy Host-to-Device]
19920167087,18240,409194,69,4,1,48,1,1,76,0.002,0.000,,,,,NVIDIA A100-SXM4-40GB MIG 4g.20gb (0),1,,13,"void ch_est::windowedChEstPreNoDftSOfdmKernel<float, __half, float, (unsigned int)2, (unsigned int)1, (unsigned short)4>(ch_est::puschRxChEstStatDescr_t *, ch_est::puschRxChEstDynDescr_t *)"
19920711977,37631,409195,137,2,1,24,2,1,44,0.001,0.001,,,,,NVIDIA A100-SXM4-40GB MIG 4g.20gb (0),1,,13,"void ch_est::chEstFilterNoDftSOfdmDispatchKernel<float, __half, float, (unsigned int)2>(ch_est::puschRxChEstStatDescr_t *, ch_est::puschRxChEstDynDescr_t *)"
19921172740,14655,409196,137,2,1,24,2,1,44,0.001,0.001,,,,,NVIDIA A100-SXM4-40GB MIG 4g.20gb (0),1,,13,"void ch_est::chEstFilterNoDftSOfdmDispatchKernel<float, __half, float, (unsigned int)2>(ch_est::puschRxChEstStatDescr_t *, ch_est::puschRxChEstDynDescr_t *)"
19921312130,8064,409207,103,1,1,128,1,1,16,0.000,0.000,,,,,NVIDIA A100-SXM4-40GB MIG 4g.20gb (0),1,,13,cupy_copy__complex64_complex64
19921899899,20288,409217,1434,1,1,128,1,1,16,0.000,0.000,,,,,NVIDIA A100-SXM4-40GB MIG 4g.20gb (0),1,,13,cupy_copy__complex64_complex64
19922134041,8192,409224,103,1,1,128,1,1,16,0.000,0.000,,,,,NVIDIA A100-SXM4-40GB MIG 4g.20gb (0),1,,13,cupy_copy__complex64_complex64
19922684403,221629,409231,1,1,1,32,32,1,30,0.000,0.000,,,,,NVIDIA A100-SXM4-40GB MIG 4g.20gb (0),1,,13,"void convert_kernel<__half2, float2>(tensor_layout_any, T1 *, tensor_layout_any, const T2 *)"
19922935376,5504,409234,,,,,,,,,,0.094,17023.251,Pinned,Device,NVIDIA A100-SXM4-40GB MIG 4g.20gb (0),1,,13,[CUDA memcpy Host-to-Device]
19923215469,54239,409235,,,,,,,,,,35.810,660191.685,Device,,NVIDIA A100-SXM4-40GB MIG 4g.20gb (0),1,,13,[CUDA memset]
19923271788,1824,409237,,,,,,,,,,0.000,43.860,Pinned,Device,NVIDIA A100-SXM4-40GB MIG 4g.20gb (0),1,,13,[CUDA memcpy Host-to-Device]
19923276140,9792,409238,,,,,,,,,,0.197,20078.395,Pinned,Device,NVIDIA A100-SXM4-40GB MIG 4g.20gb (0),1,,13,[CUDA memcpy Host-to-Device]
19923816870,19680,409239,273,1,1,48,1,1,40,0.000,0.001,,,,,NVIDIA A100-SXM4-40GB MIG 4g.20gb (0),1,,13,"void pusch_noise_intf_est::noiseIntfEstNoDftSOfdmKernel<float, __half, float, float, (unsigned int)2, (unsigned int)1, (unsigned char)4, (unsigned char)4>(pusch_noise_intf_est::puschRxNoiseIntfEstDynDescr)"
19924360800,4032,409250,35,1,1,128,1,1,16,0.000,0.000,,,,,NVIDIA A100-SXM4-40GB MIG 4g.20gb (0),1,,13,cupy_copy__complex64_complex64
19924845467,5119,409259,1,1,1,1,1,1,18,0.000,0.000,,,,,NVIDIA A100-SXM4-40GB MIG 4g.20gb (0),1,,13,cupy_copy__float32_float32
19924853018,1728,409265,,,,,,,,,,0.000,2.315,Device,Pageable,NVIDIA A100-SXM4-40GB MIG 4g.20gb (0),1,,7,[CUDA memcpy Device-to-Host]
19925513907,28096,409276,1434,1,1,128,1,1,16,0.000,0.000,,,,,NVIDIA A100-SXM4-40GB MIG 4g.20gb (0),1,,13,cupy_copy__complex64_complex64
19926065645,6944,409283,103,1,1,128,1,1,16,0.000,0.000,,,,,NVIDIA A100-SXM4-40GB MIG 4g.20gb (0),1,,13,cupy_copy__complex64_complex64
19926127308,9152,409290,35,1,1,128,1,1,16,0.000,0.000,,,,,NVIDIA A100-SXM4-40GB MIG 4g.20gb (0),1,,13,cupy_copy__complex64_complex64
19926185004,4768,409297,1,1,1,1,1,1,18,0.000,0.000,,,,,NVIDIA A100-SXM4-40GB MIG 4g.20gb (0),1,,13,cupy_copy__float32_float32
19926244843,254461,409308,1,1,1,32,32,1,30,0.000,0.000,,,,,NVIDIA A100-SXM4-40GB MIG 4g.20gb (0),1,,13,"void convert_kernel<__half2, float2>(tensor_layout_any, T1 *, tensor_layout_any, const T2 *)"
19926529864,5568,409311,,,,,,,,,,0.094,16827.521,Pinned,Device,NVIDIA A100-SXM4-40GB MIG 4g.20gb (0),1,,13,[CUDA memcpy Host-to-Device]
19926594887,8128,409312,,,,,,,,,,1.547,190282.697,Device,,NVIDIA A100-SXM4-40GB MIG 4g.20gb (0),1,,13,[CUDA memset]
19926609095,4320,409317,,,,,,,,,,0.031,7244.429,Pinned,Device,NVIDIA A100-SXM4-40GB MIG 4g.20gb (0),1,,13,[CUDA memcpy Host-to-Device]
19926617351,10560,409318,,,,,,,,,,0.197,18617.991,Pinned,Device,NVIDIA A100-SXM4-40GB MIG 4g.20gb (0),1,,13,[CUDA memcpy Host-to-Device]
19926649990,15936,409319,273,1,1,8,4,1,39,0.002,0.000,,,,,NVIDIA A100-SXM4-40GB MIG 4g.20gb (0),1,,13,"void channel_eq::eqMmseCoefCompLowMimoKernel<float, float, float, (unsigned int)4, (unsigned int)1, (unsigned int)4>(const channel_eq::_puschRxChEqStatDescr *, channel_eq::_puschRxChEqCoefCompDynDescr)"
19926705734,27679,409320,273,1,1,12,11,1,51,0.002,0.000,,,,,NVIDIA A100-SXM4-40GB MIG 4g.20gb (0),1,,13,"void channel_eq::eqMmseSoftDemapKernel<float, __half, __half, float, (unsigned int)4, (unsigned short)16383>(channel_eq::_puschRxChEqStatDescr *, channel_eq::_puschRxChEqSoftDemapDynDescr)"
19926788133,967221,409321,1,1,1,32,32,1,30,0.000,0.000,,,,,NVIDIA A100-SXM4-40GB MIG 4g.20gb (0),1,,13,"void convert_kernel<float2, __half2>(tensor_layout_any, T1 *, tensor_layout_any, const T2 *)"
19928247061,29855,409333,2253,1,1,128,1,1,16,0.000,0.000,,,,,NVIDIA A100-SXM4-40GB MIG 4g.20gb (0),1,,13,cupy_copy__float16_float16
19928877613,15712,409342,282,1,1,128,1,1,16,0.000,0.000,,,,,NVIDIA A100-SXM4-40GB MIG 4g.20gb (0),1,,13,cupy_copy__complex64_complex64
19928895565,4512,409351,26,1,1,128,1,1,16,0.000,0.000,,,,,NVIDIA A100-SXM4-40GB MIG 4g.20gb (0),1,,13,cupy_copy__float32_float32
19928957389,17631,409360,103,1,1,128,1,1,16,0.000,0.000,,,,,NVIDIA A100-SXM4-40GB MIG 4g.20gb (0),1,,13,cupy_copy__complex64_complex64
19929510022,23552,409370,1434,1,1,128,1,1,16,0.000,0.000,,,,,NVIDIA A100-SXM4-40GB MIG 4g.20gb (0),1,,13,cupy_copy__complex64_complex64
19929587526,300316,409375,1,1,1,32,32,1,30,0.000,0.000,,,,,NVIDIA A100-SXM4-40GB MIG 4g.20gb (0),1,,13,"void convert_kernel<__half2, float2>(tensor_layout_any, T1 *, tensor_layout_any, const T2 *)"
19929919138,5664,409378,,,,,,,,,,0.094,16542.310,Pinned,Device,NVIDIA A100-SXM4-40GB MIG 4g.20gb (0),1,,13,[CUDA memcpy Host-to-Device]
19930208735,623129,409379,,,,,,,,,,456.561,732324.550,Device,,NVIDIA A100-SXM4-40GB MIG 4g.20gb (0),1,,13,[CUDA memset]
19930838552,51231,409384,,,,,,,,,,1.235,24104.872,Pinned,Device,NVIDIA A100-SXM4-40GB MIG 4g.20gb (0),1,,13,[CUDA memcpy Host-to-Device]
19930892439,9696,409385,,,,,,,,,,0.197,20277.166,Pinned,Device,NVIDIA A100-SXM4-40GB MIG 4g.20gb (0),1,,13,[CUDA memcpy Host-to-Device]
19931440561,18464,409386,69,4,1,48,1,1,76,0.002,0.000,,,,,NVIDIA A100-SXM4-40GB MIG 4g.20gb (0),1,,13,"void ch_est::windowedChEstPreNoDftSOfdmKernel<float, __half, float, (unsigned int)2, (unsigned int)1, (unsigned short)4>(ch_est::puschRxChEstStatDescr_t *, ch_est::puschRxChEstDynDescr_t *)"
19931984587,15968,409387,137,2,1,24,2,1,44,0.001,0.001,,,,,NVIDIA A100-SXM4-40GB MIG 4g.20gb (0),1,,13,"void ch_est::chEstFilterNoDftSOfdmDispatchKernel<float, __half, float, (unsigned int)2>(ch_est::puschRxChEstStatDescr_t *, ch_est::puschRxChEstDynDescr_t *)"
19932058026,24160,409388,137,2,1,24,2,1,44,0.001,0.001,,,,,NVIDIA A100-SXM4-40GB MIG 4g.20gb (0),1,,13,"void ch_est::chEstFilterNoDftSOfdmDispatchKernel<float, __half, float, (unsigned int)2>(ch_est::puschRxChEstStatDescr_t *, ch_est::puschRxChEstDynDescr_t *)"
19932615140,7168,409399,103,1,1,128,1,1,16,0.000,0.000,,,,,NVIDIA A100-SXM4-40GB MIG 4g.20gb (0),1,,13,cupy_copy__complex64_complex64
19932623908,19103,409409,1434,1,1,128,1,1,16,0.000,0.000,,,,,NVIDIA A100-SXM4-40GB MIG 4g.20gb (0),1,,13,cupy_copy__complex64_complex64
19932644419,2816,409416,103,1,1,128,1,1,16,0.000,0.000,,,,,NVIDIA A100-SXM4-40GB MIG 4g.20gb (0),1,,13,cupy_copy__complex64_complex64
19933129022,292765,409423,1,1,1,32,32,1,30,0.000,0.000,,,,,NVIDIA A100-SXM4-40GB MIG 4g.20gb (0),1,,13,"void convert_kernel<__half2, float2>(tensor_layout_any, T1 *, tensor_layout_any, const T2 *)"
19933451226,5792,409426,,,,,,,,,,0.094,16176.708,Pinned,Device,NVIDIA A100-SXM4-40GB MIG 4g.20gb (0),1,,13,[CUDA memcpy Host-to-Device]
19933963797,47455,409427,,,,,,,,,,35.810,754586.634,Device,,NVIDIA A100-SXM4-40GB MIG 4g.20gb (0),1,,13,[CUDA memset]
19934013652,2400,409429,,,,,,,,,,0.000,33.333,Pinned,Device,NVIDIA A100-SXM4-40GB MIG 4g.20gb (0),1,,13,[CUDA memcpy Host-to-Device]
19934018516,9344,409430,,,,,,,,,,0.197,21040.988,Pinned,Device,NVIDIA A100-SXM4-40GB MIG 4g.20gb (0),1,,13,[CUDA memcpy Host-to-Device]
19934795787,27552,409431,273,1,1,48,1,1,40,0.000,0.001,,,,,NVIDIA A100-SXM4-40GB MIG 4g.20gb (0),1,,13,"void pusch_noise_intf_est::noiseIntfEstNoDftSOfdmKernel<float, __half, float, float, (unsigned int)2, (unsigned int)1, (unsigned char)4, (unsigned char)4>(pusch_noise_intf_est::puschRxNoiseIntfEstDynDescr)"
19934851659,6752,409442,35,1,1,128,1,1,16,0.000,0.000,,,,,NVIDIA A100-SXM4-40GB MIG 4g.20gb (0),1,,13,cupy_copy__complex64_complex64
19934861931,2784,409451,1,1,1,1,1,1,18,0.000,0.000,,,,,NVIDIA A100-SXM4-40GB MIG 4g.20gb (0),1,,13,cupy_copy__float32_float32
19934868682,2016,409457,,,,,,,,,,0.000,1.984,Device,Pageable,NVIDIA A100-SXM4-40GB MIG 4g.20gb (0),1,,7,[CUDA memcpy Device-to-Host]
19935082184,26816,409468,1434,1,1,128,1,1,16,0.000,0.000,,,,,NVIDIA A100-SXM4-40GB MIG 4g.20gb (0),1,,13,cupy_copy__complex64_complex64
19935289958,11424,409475,103,1,1,128,1,1,16,0.000,0.000,,,,,NVIDIA A100-SXM4-40GB MIG 4g.20gb (0),1,,13,cupy_copy__complex64_complex64
19935520067,3776,409482,35,1,1,128,1,1,16,0.000,0.000,,,,,NVIDIA A100-SXM4-40GB MIG 4g.20gb (0),1,,13,cupy_copy__complex64_complex64
19935572259,7328,409489,1,1,1,1,1,1,18,0.000,0.000,,,,,NVIDIA A100-SXM4-40GB MIG 4g.20gb (0),1,,13,cupy_copy__float32_float32
19935751425,323196,409500,1,1,1,32,32,1,30,0.000,0.000,,,,,NVIDIA A100-SXM4-40GB MIG 4g.20gb (0),1,,13,"void convert_kernel<__half2, float2>(tensor_layout_any, T1 *, tensor_layout_any, const T2 *)"
19936104669,6272,409503,,,,,,,,,,0.094,14938.703,Pinned,Device,NVIDIA A100-SXM4-40GB MIG 4g.20gb (0),1,,13,[CUDA memcpy Host-to-Device]
19936311898,12384,409504,,,,,,,,,,1.547,124888.341,Device,,NVIDIA A100-SXM4-40GB MIG 4g.20gb (0),1,,13,[CUDA memset]
19936332954,3776,409509,,,,,,,,,,0.031,8288.120,Pinned,Device,NVIDIA A100-SXM4-40GB MIG 4g.20gb (0),1,,13,[CUDA memcpy Host-to-Device]
19936339578,10848,409510,,,,,,,,,,0.197,18123.719,Pinned,Device,NVIDIA A100-SXM4-40GB MIG 4g.20gb (0),1,,13,[CUDA memcpy Host-to-Device]
19936916500,20191,409511,273,1,1,8,4,1,39,0.002,0.000,,,,,NVIDIA A100-SXM4-40GB MIG 4g.20gb (0),1,,13,"void channel_eq::eqMmseCoefCompLowMimoKernel<float, float, float, (unsigned int)4, (unsigned int)1, (unsigned int)4>(const channel_eq::_puschRxChEqStatDescr *, channel_eq::_puschRxChEqCoefCompDynDescr)"
19937463149,12992,409512,273,1,1,12,11,1,51,0.002,0.000,,,,,NVIDIA A100-SXM4-40GB MIG 4g.20gb (0),1,,13,"void channel_eq::eqMmseSoftDemapKernel<float, __half, __half, float, (unsigned int)4, (unsigned short)16383>(channel_eq::_puschRxChEqStatDescr *, channel_eq::_puschRxChEqSoftDemapDynDescr)"
19937483053,320349,409513,1,1,1,32,32,1,30,0.000,0.000,,,,,NVIDIA A100-SXM4-40GB MIG 4g.20gb (0),1,,13,"void convert_kernel<float2, __half2>(tensor_layout_any, T1 *, tensor_layout_any, const T2 *)"
19937928104,17824,409525,2253,1,1,128,1,1,16,0.000,0.000,,,,,NVIDIA A100-SXM4-40GB MIG 4g.20gb (0),1,,13,cupy_copy__float16_float16
19938306372,11072,409534,282,1,1,128,1,1,16,0.000,0.000,,,,,NVIDIA A100-SXM4-40GB MIG 4g.20gb (0),1,,13,cupy_copy__complex64_complex64
19938362243,5632,409543,26,1,1,128,1,1,16,0.000,0.000,,,,,NVIDIA A100-SXM4-40GB MIG 4g.20gb (0),1,,13,cupy_copy__float32_float32
19938808222,15936,409552,103,1,1,128,1,1,16,0.000,0.000,,,,,NVIDIA A100-SXM4-40GB MIG 4g.20gb (0),1,,13,cupy_copy__complex64_complex64
19939231322,19872,409562,1434,1,1,128,1,1,16,0.000,0.000,,,,,NVIDIA A100-SXM4-40GB MIG 4g.20gb (0),1,,13,cupy_copy__complex64_complex64
19939403192,249565,409567,1,1,1,32,32,1,30,0.000,0.000,,,,,NVIDIA A100-SXM4-40GB MIG 4g.20gb (0),1,,13,"void convert_kernel<__half2, float2>(tensor_layout_any, T1 *, tensor_layout_any, const T2 *)"
19939681589,6176,409570,,,,,,,,,,0.094,15170.975,Pinned,Device,NVIDIA A100-SXM4-40GB MIG 4g.20gb (0),1,,13,[CUDA memcpy Host-to-Device]
19939936114,632697,409571,,,,,,,,,,456.561,721367.075,Device,,NVIDIA A100-SXM4-40GB MIG 4g.20gb (0),1,,13,[CUDA memset]
19940573611,53855,409576,,,,,,,,,,1.235,22930.440,Pinned,Device,NVIDIA A100-SXM4-40GB MIG 4g.20gb (0),1,,13,[CUDA memcpy Host-to-Device]
19940629898,10560,409577,,,,,,,,,,0.197,18617.991,Pinned,Device,NVIDIA A100-SXM4-40GB MIG 4g.20gb (0),1,,13,[CUDA memcpy Host-to-Device]
19941111749,16320,409578,69,4,1,48,1,1,76,0.002,0.000,,,,,NVIDIA A100-SXM4-40GB MIG 4g.20gb (0),1,,13,"void ch_est::windowedChEstPreNoDftSOfdmKernel<float, __half, float, (unsigned int)2, (unsigned int)1, (unsigned short)4>(ch_est::puschRxChEstStatDescr_t *, ch_est::puschRxChEstDynDescr_t *)"
19941669022,12000,409579,137,2,1,24,2,1,44,0.001,0.001,,,,,NVIDIA A100-SXM4-40GB MIG 4g.20gb (0),1,,13,"void ch_est::chEstFilterNoDftSOfdmDispatchKernel<float, __half, float, (unsigned int)2>(ch_est::puschRxChEstStatDescr_t *, ch_est::puschRxChEstDynDescr_t *)"
19942106138,15103,409580,137,2,1,24,2,1,44,0.001,0.001,,,,,NVIDIA A100-SXM4-40GB MIG 4g.20gb (0),1,,13,"void ch_est::chEstFilterNoDftSOfdmDispatchKernel<float, __half, float, (unsigned int)2>(ch_est::puschRxChEstStatDescr_t *, ch_est::puschRxChEstDynDescr_t *)"
19942271768,11200,409591,103,1,1,128,1,1,16,0.000,0.000,,,,,NVIDIA A100-SXM4-40GB MIG 4g.20gb (0),1,,13,cupy_copy__complex64_complex64
19942375831,27871,409601,1434,1,1,128,1,1,16,0.000,0.000,,,,,NVIDIA A100-SXM4-40GB MIG 4g.20gb (0),1,,13,cupy_copy__complex64_complex64
19942547061,7168,409608,103,1,1,128,1,1,16,0.000,0.000,,,,,NVIDIA A100-SXM4-40GB MIG 4g.20gb (0),1,,13,cupy_copy__complex64_complex64
19942598772,376028,409615,1,1,1,32,32,1,30,0.000,0.000,,,,,NVIDIA A100-SXM4-40GB MIG 4g.20gb (0),1,,13,"void convert_kernel<__half2, float2>(tensor_layout_any, T1 *, tensor_layout_any, const T2 *)"
19943003056,5504,409618,,,,,,,,,,0.094,17023.251,Pinned,Device,NVIDIA A100-SXM4-40GB MIG 4g.20gb (0),1,,13,[CUDA memcpy Host-to-Device]
19943016815,48160,409619,,,,,,,,,,35.810,743557.179,Device,,NVIDIA A100-SXM4-40GB MIG 4g.20gb (0),1,,13,[CUDA memset]
19943070095,1824,409621,,,,,,,,,,0.000,43.860,Pinned,Device,NVIDIA A100-SXM4-40GB MIG 4g.20gb (0),1,,13,[CUDA memcpy Host-to-Device]
19943074351,9376,409622,,,,,,,,,,0.197,20969.226,Pinned,Device,NVIDIA A100-SXM4-40GB MIG 4g.20gb (0),1,,13,[CUDA memcpy Host-to-Device]
19943088623,8928,409623,273,1,1,48,1,1,40,0.000,0.001,,,,,NVIDIA A100-SXM4-40GB MIG 4g.20gb (0),1,,13,"void pusch_noise_intf_est::noiseIntfEstNoDftSOfdmKernel<float, __half, float, float, (unsigned int)2, (unsigned int)1, (unsigned char)4, (unsigned char)4>(pusch_noise_intf_est::puschRxNoiseIntfEstDynDescr)"
19943099438,2912,409634,35,1,1,128,1,1,16,0.000,0.000,,,,,NVIDIA A100-SXM4-40GB MIG 4g.20gb (0),1,,13,cupy_copy__complex64_complex64
19943123374,1888,409643,1,1,1,1,1,1,18,0.000,0.000,,,,,NVIDIA A100-SXM4-40GB MIG 4g.20gb (0),1,,13,cupy_copy__float32_float32
19943158062,1632,409649,,,,,,,,,,0.000,2.451,Device,Pageable,NVIDIA A100-SXM4-40GB MIG 4g.20gb (0),1,,7,[CUDA memcpy Device-to-Host]
19943218445,13280,409660,1434,1,1,128,1,1,16,0.000,0.000,,,,,NVIDIA A100-SXM4-40GB MIG 4g.20gb (0),1,,13,cupy_copy__complex64_complex64
19943245421,2784,409667,103,1,1,128,1,1,16,0.000,0.000,,,,,NVIDIA A100-SXM4-40GB MIG 4g.20gb (0),1,,13,cupy_copy__complex64_complex64
19943265165,2176,409674,35,1,1,128,1,1,16,0.000,0.000,,,,,NVIDIA A100-SXM4-40GB MIG 4g.20gb (0),1,,13,cupy_copy__complex64_complex64
19943297068,1856,409681,1,1,1,1,1,1,18,0.000,0.000,,,,,NVIDIA A100-SXM4-40GB MIG 4g.20gb (0),1,,13,cupy_copy__float32_float32
19943691464,224733,409692,1,1,1,32,32,1,30,0.000,0.000,,,,,NVIDIA A100-SXM4-40GB MIG 4g.20gb (0),1,,13,"void convert_kernel<__half2, float2>(tensor_layout_any, T1 *, tensor_layout_any, const T2 *)"
19943945925,5504,409695,,,,,,,,,,0.094,17023.251,Pinned,Device,NVIDIA A100-SXM4-40GB MIG 4g.20gb (0),1,,13,[CUDA memcpy Host-to-Device]
19944111395,8928,409696,,,,,,,,,,1.547,173232.714,Device,,NVIDIA A100-SXM4-40GB MIG 4g.20gb (0),1,,13,[CUDA memset]
19944124323,3616,409701,,,,,,,,,,0.031,8654.846,Pinned,Device,NVIDIA A100-SXM4-40GB MIG 4g.20gb (0),1,,13,[CUDA memcpy Host-to-Device]
19944132515,10560,409702,,,,,,,,,,0.197,18617.991,Pinned,Device,NVIDIA A100-SXM4-40GB MIG 4g.20gb (0),1,,13,[CUDA memcpy Host-to-Device]
19944297153,23232,409703,273,1,1,8,4,1,39,0.002,0.000,,,,,NVIDIA A100-SXM4-40GB MIG 4g.20gb (0),1,,13,"void channel_eq::eqMmseCoefCompLowMimoKernel<float, float, float, (unsigned int)4, (unsigned int)1, (unsigned int)4>(const channel_eq::_puschRxChEqStatDescr *, channel_eq::_puschRxChEqCoefCompDynDescr)"
19944852507,21184,409704,273,1,1,12,11,1,51,0.002,0.000,,,,,NVIDIA A100-SXM4-40GB MIG 4g.20gb (0),1,,13,"void channel_eq::eqMmseSoftDemapKernel<float, __half, __half, float, (unsigned int)4, (unsigned short)16383>(channel_eq::_puschRxChEqStatDescr *, channel_eq::_puschRxChEqSoftDemapDynDescr)"
19945388917,635065,409705,1,1,1,32,32,1,30,0.000,0.000,,,,,NVIDIA A100-SXM4-40GB MIG 4g.20gb (0),1,,13,"void convert_kernel<float2, __half2>(tensor_layout_any, T1 *, tensor_layout_any, const T2 *)"
19946464073,28352,409717,2253,1,1,128,1,1,16,0.000,0.000,,,,,NVIDIA A100-SXM4-40GB MIG 4g.20gb (0),1,,13,cupy_copy__float16_float16
19946680774,9984,409726,282,1,1,128,1,1,16,0.000,0.000,,,,,NVIDIA A100-SXM4-40GB MIG 4g.20gb (0),1,,13,cupy_copy__complex64_complex64
19947195713,7712,409735,26,1,1,128,1,1,16,0.000,0.000,,,,,NVIDIA A100-SXM4-40GB MIG 4g.20gb (0),1,,13,cupy_copy__float32_float32
19947681243,8160,409744,103,1,1,128,1,1,16,0.000,0.000,,,,,NVIDIA A100-SXM4-40GB MIG 4g.20gb (0),1,,13,cupy_copy__complex64_complex64
19948224917,20672,409760,1434,1,1,128,1,1,16,0.000,0.000,,,,,NVIDIA A100-SXM4-40GB MIG 4g.20gb (0),1,,13,cupy_copy__complex64_complex64
19948677520,290013,409765,1,1,1,32,32,1,30,0.000,0.000,,,,,NVIDIA A100-SXM4-40GB MIG 4g.20gb (0),1,,13,"void convert_kernel<__half2, float2>(tensor_layout_any, T1 *, tensor_layout_any, const T2 *)"
19948996173,6432,409768,,,,,,,,,,0.094,14567.105,Pinned,Device,NVIDIA A100-SXM4-40GB MIG 4g.20gb (0),1,,13,[CUDA memcpy Host-to-Device]
19949168555,608441,409769,,,,,,,,,,456.561,750130.446,Device,,NVIDIA A100-SXM4-40GB MIG 4g.20gb (0),1,,13,[CUDA memset]
19949785412,50015,409774,,,,,,,,,,1.235,24691.470,Pinned,Device,NVIDIA A100-SXM4-40GB MIG 4g.20gb (0),1,,13,[CUDA memcpy Host-to-Device]
19949837955,9952,409775,,,,,,,,,,0.197,19755.565,Pinned,Device,NVIDIA A100-SXM4-40GB MIG 4g.20gb (0),1,,13,[CUDA memcpy Host-to-Device]
19949921442,9632,409776,69,4,1,48,1,1,76,0.002,0.000,,,,,NVIDIA A100-SXM4-40GB MIG 4g.20gb (0),1,,13,"void ch_est::windowedChEstPreNoDftSOfdmKernel<float, __half, float, (unsigned int)2, (unsigned int)1, (unsigned short)4>(ch_est::puschRxChEstStatDescr_t *, ch_est::puschRxChEstDynDescr_t *)"
19949932354,9920,409777,137,2,1,24,2,1,44,0.001,0.001,,,,,NVIDIA A100-SXM4-40GB MIG 4g.20gb (0),1,,13,"void ch_est::chEstFilterNoDftSOfdmDispatchKernel<float, __half, float, (unsigned int)2>(ch_est::puschRxChEstStatDescr_t *, ch_est::puschRxChEstDynDescr_t *)"
19949945666,11392,409778,137,2,1,24,2,1,44,0.001,0.001,,,,,NVIDIA A100-SXM4-40GB MIG 4g.20gb (0),1,,13,"void ch_est::chEstFilterNoDftSOfdmDispatchKernel<float, __half, float, (unsigned int)2>(ch_est::puschRxChEstStatDescr_t *, ch_est::puschRxChEstDynDescr_t *)"
19949961186,3232,409789,103,1,1,128,1,1,16,0.000,0.000,,,,,NVIDIA A100-SXM4-40GB MIG 4g.20gb (0),1,,13,cupy_copy__complex64_complex64
19949968578,15680,409799,1434,1,1,128,1,1,16,0.000,0.000,,,,,NVIDIA A100-SXM4-40GB MIG 4g.20gb (0),1,,13,cupy_copy__complex64_complex64
19949988641,2656,409806,103,1,1,128,1,1,16,0.000,0.000,,,,,NVIDIA A100-SXM4-40GB MIG 4g.20gb (0),1,,13,cupy_copy__complex64_complex64
19949994785,181374,409813,1,1,1,32,32,1,30,0.000,0.000,,,,,NVIDIA A100-SXM4-40GB MIG 4g.20gb (0),1,,13,"void convert_kernel<__half2, float2>(tensor_layout_any, T1 *, tensor_layout_any, const T2 *)"
19950212447,5376,409816,,,,,,,,,,0.094,17428.487,Pinned,Device,NVIDIA A100-SXM4-40GB MIG 4g.20gb (0),1,,13,[CUDA memcpy Host-to-Device]
19950228639,49855,409817,,,,,,,,,,35.810,718275.375,Device,,NVIDIA A100-SXM4-40GB MIG 4g.20gb (0),1,,13,[CUDA memset]
19950283102,1792,409819,,,,,,,,,,0.000,44.643,Pinned,Device,NVIDIA A100-SXM4-40GB MIG 4g.20gb (0),1,,13,[CUDA memcpy Host-to-Device]
19950287774,10368,409820,,,,,,,,,,0.197,18962.842,Pinned,Device,NVIDIA A100-SXM4-40GB MIG 4g.20gb (0),1,,13,[CUDA memcpy Host-to-Device]
19950371805,10016,409821,273,1,1,48,1,1,40,0.000,0.001,,,,,NVIDIA A100-SXM4-40GB MIG 4g.20gb (0),1,,13,"void pusch_noise_intf_est::noiseIntfEstNoDftSOfdmKernel<float, __half, float, float, (unsigned int)2, (unsigned int)1, (unsigned char)4, (unsigned char)4>(pusch_noise_intf_est::puschRxNoiseIntfEstDynDescr)"
19950437692,11520,409832,35,1,1,128,1,1,16,0.000,0.000,,,,,NVIDIA A100-SXM4-40GB MIG 4g.20gb (0),1,,13,cupy_copy__complex64_complex64
19950451068,4096,409841,1,1,1,1,1,1,18,0.000,0.000,,,,,NVIDIA A100-SXM4-40GB MIG 4g.20gb (0),1,,13,cupy_copy__float32_float32
19950458620,1568,409847,,,,,,,,,,0.000,2.551,Device,Pageable,NVIDIA A100-SXM4-40GB MIG 4g.20gb (0),1,,7,[CUDA memcpy Device-to-Host]
19950605211,20639,409858,1434,1,1,128,1,1,16,0.000,0.000,,,,,NVIDIA A100-SXM4-40GB MIG 4g.20gb (0),1,,13,cupy_copy__complex64_complex64
19950843672,4448,409865,103,1,1,128,1,1,16,0.000,0.000,,,,,NVIDIA A100-SXM4-40GB MIG 4g.20gb (0),1,,13,cupy_copy__complex64_complex64
19951362514,12256,409872,35,1,1,128,1,1,16,0.000,0.000,,,,,NVIDIA A100-SXM4-40GB MIG 4g.20gb (0),1,,13,cupy_copy__complex64_complex64
19951976363,6080,409879,1,1,1,1,1,1,18,0.000,0.000,,,,,NVIDIA A100-SXM4-40GB MIG 4g.20gb (0),1,,13,cupy_copy__float32_float32
19952600420,287677,409890,1,1,1,32,32,1,30,0.000,0.000,,,,,NVIDIA A100-SXM4-40GB MIG 4g.20gb (0),1,,13,"void convert_kernel<__half2, float2>(tensor_layout_any, T1 *, tensor_layout_any, const T2 *)"
19952917601,6144,409893,,,,,,,,,,0.094,15249.961,Pinned,Device,NVIDIA A100-SXM4-40GB MIG 4g.20gb (0),1,,13,[CUDA memcpy Host-to-Device]
19953391739,12800,409894,,,,,,,,,,1.547,120830.000,Device,,NVIDIA A100-SXM4-40GB MIG 4g.20gb (0),1,,13,[CUDA memset]
19953409051,3584,409899,,,,,,,,,,0.031,8732.116,Pinned,Device,NVIDIA A100-SXM4-40GB MIG 4g.20gb (0),1,,13,[CUDA memcpy Host-to-Device]
19953415131,10272,409900,,,,,,,,,,0.197,19140.182,Pinned,Device,NVIDIA A100-SXM4-40GB MIG 4g.20gb (0),1,,13,[CUDA memcpy Host-to-Device]
19954150227,17312,409901,273,1,1,8,4,1,39,0.002,0.000,,,,,NVIDIA A100-SXM4-40GB MIG 4g.20gb (0),1,,13,"void channel_eq::eqMmseCoefCompLowMimoKernel<float, float, float, (unsigned int)4, (unsigned int)1, (unsigned int)4>(const channel_eq::_puschRxChEqStatDescr *, channel_eq::_puschRxChEqCoefCompDynDescr)"
19954862507,16832,409902,273,1,1,12,11,1,51,0.002,0.000,,,,,NVIDIA A100-SXM4-40GB MIG 4g.20gb (0),1,,13,"void channel_eq::eqMmseSoftDemapKernel<float, __half, __half, float, (unsigned int)4, (unsigned short)16383>(channel_eq::_puschRxChEqStatDescr *, channel_eq::_puschRxChEqSoftDemapDynDescr)"
19955551651,552442,409903,1,1,1,32,32,1,30,0.000,0.000,,,,,NVIDIA A100-SXM4-40GB MIG 4g.20gb (0),1,,13,"void convert_kernel<float2, __half2>(tensor_layout_any, T1 *, tensor_layout_any, const T2 *)"
19956679255,18943,409915,2253,1,1,128,1,1,16,0.000,0.000,,,,,NVIDIA A100-SXM4-40GB MIG 4g.20gb (0),1,,13,cupy_copy__float16_float16
19956956340,9439,409924,282,1,1,128,1,1,16,0.000,0.000,,,,,NVIDIA A100-SXM4-40GB MIG 4g.20gb (0),1,,13,cupy_copy__complex64_complex64
19957513197,7520,409933,26,1,1,128,1,1,16,0.000,0.000,,,,,NVIDIA A100-SXM4-40GB MIG 4g.20gb (0),1,,13,cupy_copy__float32_float32
19957615020,5120,409942,103,1,1,128,1,1,16,0.000,0.000,,,,,NVIDIA A100-SXM4-40GB MIG 4g.20gb (0),1,,13,cupy_copy__complex64_complex64
19957677996,18719,409952,1434,1,1,128,1,1,16,0.000,0.000,,,,,NVIDIA A100-SXM4-40GB MIG 4g.20gb (0),1,,13,cupy_copy__complex64_complex64
19957700395,372252,409957,1,1,1,32,32,1,30,0.000,0.000,,,,,NVIDIA A100-SXM4-40GB MIG 4g.20gb (0),1,,13,"void convert_kernel<__half2, float2>(tensor_layout_any, T1 *, tensor_layout_any, const T2 *)"
19958102791,6240,409960,,,,,,,,,,0.094,15015.346,Pinned,Device,NVIDIA A100-SXM4-40GB MIG 4g.20gb (0),1,,13,[CUDA memcpy Host-to-Device]
19958136422,611226,409961,,,,,,,,,,456.561,746934.516,Device,,NVIDIA A100-SXM4-40GB MIG 4g.20gb (0),1,,13,[CUDA memset]
19958754239,52992,409966,,,,,,,,,,1.235,23303.393,Pinned,Device,NVIDIA A100-SXM4-40GB MIG 4g.20gb (0),1,,13,[CUDA memcpy Host-to-Device]
19958809855,11616,409967,,,,,,,,,,0.197,16925.590,Pinned,Device,NVIDIA A100-SXM4-40GB MIG 4g.20gb (0),1,,13,[CUDA memcpy Host-to-Device]
19958889950,26528,409968,69,4,1,48,1,1,76,0.002,0.000,,,,,NVIDIA A100-SXM4-40GB MIG 4g.20gb (0),1,,13,"void ch_est::windowedChEstPreNoDftSOfdmKernel<float, __half, float, (unsigned int)2, (unsigned int)1, (unsigned short)4>(ch_est::puschRxChEstStatDescr_t *, ch_est::puschRxChEstDynDescr_t *)"
19959057340,21120,409969,137,2,1,24,2,1,44,0.001,0.001,,,,,NVIDIA A100-SXM4-40GB MIG 4g.20gb (0),1,,13,"void ch_est::chEstFilterNoDftSOfdmDispatchKernel<float, __half, float, (unsigned int)2>(ch_est::puschRxChEstStatDescr_t *, ch_est::puschRxChEstDynDescr_t *)"
19959135867,10560,409970,137,2,1,24,2,1,44,0.001,0.001,,,,,NVIDIA A100-SXM4-40GB MIG 4g.20gb (0),1,,13,"void ch_est::chEstFilterNoDftSOfdmDispatchKernel<float, __half, float, (unsigned int)2>(ch_est::puschRxChEstStatDescr_t *, ch_est::puschRxChEstDynDescr_t *)"
19959235738,6208,409981,103,1,1,128,1,1,16,0.000,0.000,,,,,NVIDIA A100-SXM4-40GB MIG 4g.20gb (0),1,,13,cupy_copy__complex64_complex64
19959392216,15360,409991,1434,1,1,128,1,1,16,0.000,0.000,,,,,NVIDIA A100-SXM4-40GB MIG 4g.20gb (0),1,,13,cupy_copy__complex64_complex64
19959816756,10687,409998,103,1,1,128,1,1,16,0.000,0.000,,,,,NVIDIA A100-SXM4-40GB MIG 4g.20gb (0),1,,13,cupy_copy__complex64_complex64
19959990770,224349,410005,1,1,1,32,32,1,30,0.000,0.000,,,,,NVIDIA A100-SXM4-40GB MIG 4g.20gb (0),1,,13,"void convert_kernel<__half2, float2>(tensor_layout_any, T1 *, tensor_layout_any, const T2 *)"
19960244239,6144,410008,,,,,,,,,,0.094,15249.961,Pinned,Device,NVIDIA A100-SXM4-40GB MIG 4g.20gb (0),1,,13,[CUDA memcpy Host-to-Device]
19960493868,56127,410009,,,,,,,,,,35.810,637989.535,Device,,NVIDIA A100-SXM4-40GB MIG 4g.20gb (0),1,,13,[CUDA memset]
19960558283,4384,410011,,,,,,,,,,0.000,18.248,Pinned,Device,NVIDIA A100-SXM4-40GB MIG 4g.20gb (0),1,,13,[CUDA memcpy Host-to-Device]
19960565291,12288,410012,,,,,,,,,,0.197,15999.959,Pinned,Device,NVIDIA A100-SXM4-40GB MIG 4g.20gb (0),1,,13,[CUDA memcpy Host-to-Device]
19961077990,24703,410013,273,1,1,48,1,1,40,0.000,0.001,,,,,NVIDIA A100-SXM4-40GB MIG 4g.20gb (0),1,,13,"void pusch_noise_intf_est::noiseIntfEstNoDftSOfdmKernel<float, __half, float, float, (unsigned int)2, (unsigned int)1, (unsigned char)4, (unsigned char)4>(pusch_noise_intf_est::puschRxNoiseIntfEstDynDescr)"
19961649087,9920,410024,35,1,1,128,1,1,16,0.000,0.000,,,,,NVIDIA A100-SXM4-40GB MIG 4g.20gb (0),1,,13,cupy_copy__complex64_complex64
19962041339,5664,410033,1,1,1,1,1,1,18,0.000,0.000,,,,,NVIDIA A100-SXM4-40GB MIG 4g.20gb (0),1,,13,cupy_copy__float32_float32
19962056571,1664,410039,,,,,,,,,,0.000,2.404,Device,Pageable,NVIDIA A100-SXM4-40GB MIG 4g.20gb (0),1,,7,[CUDA memcpy Device-to-Host]
19962557397,27200,410050,1434,1,1,128,1,1,16,0.000,0.000,,,,,NVIDIA A100-SXM4-40GB MIG 4g.20gb (0),1,,13,cupy_copy__complex64_complex64
19962766867,5184,410057,103,1,1,128,1,1,16,0.000,0.000,,,,,NVIDIA A100-SXM4-40GB MIG 4g.20gb (0),1,,13,cupy_copy__complex64_complex64
19963094255,10464,410064,35,1,1,128,1,1,16,0.000,0.000,,,,,NVIDIA A100-SXM4-40GB MIG 4g.20gb (0),1,,13,cupy_copy__complex64_complex64
19963180142,5056,410071,1,1,1,1,1,1,18,0.000,0.000,,,,,NVIDIA A100-SXM4-40GB MIG 4g.20gb (0),1,,13,cupy_copy__float32_float32
19963507306,230782,410082,1,1,1,32,32,1,30,0.000,0.000,,,,,NVIDIA A100-SXM4-40GB MIG 4g.20gb (0),1,,13,"void convert_kernel<__half2, float2>(tensor_layout_any, T1 *, tensor_layout_any, const T2 *)"
19964401280,5888,410085,,,,,,,,,,0.094,15912.954,Pinned,Device,NVIDIA A100-SXM4-40GB MIG 4g.20gb (0),1,,13,[CUDA memcpy Host-to-Device]
19964504223,4768,410086,,,,,,,,,,1.547,324374.998,Device,,NVIDIA A100-SXM4-40GB MIG 4g.20gb (0),1,,13,[CUDA memset]
19964939546,3008,410091,,,,,,,,,,0.031,10404.230,Pinned,Device,NVIDIA A100-SXM4-40GB MIG 4g.20gb (0),1,,13,[CUDA memcpy Host-to-Device]
19964945274,10048,410092,,,,,,,,,,0.197,19566.821,Pinned,Device,NVIDIA A100-SXM4-40GB MIG 4g.20gb (0),1,,13,[CUDA memcpy Host-to-Device]
19964974426,13408,410093,273,1,1,8,4,1,39,0.002,0.000,,,,,NVIDIA A100-SXM4-40GB MIG 4g.20gb (0),1,,13,"void channel_eq::eqMmseCoefCompLowMimoKernel<float, float, float, (unsigned int)4, (unsigned int)1, (unsigned int)4>(const channel_eq::_puschRxChEqStatDescr *, channel_eq::_puschRxChEqCoefCompDynDescr)"
19965076985,11232,410094,273,1,1,12,11,1,51,0.002,0.000,,,,,NVIDIA A100-SXM4-40GB MIG 4g.20gb (0),1,,13,"void channel_eq::eqMmseSoftDemapKernel<float, __half, __half, float, (unsigned int)4, (unsigned short)16383>(channel_eq::_puschRxChEqStatDescr *, channel_eq::_puschRxChEqSoftDemapDynDescr)"
19965179512,691928,410095,1,1,1,32,32,1,30,0.000,0.000,,,,,NVIDIA A100-SXM4-40GB MIG 4g.20gb (0),1,,13,"void convert_kernel<float2, __half2>(tensor_layout_any, T1 *, tensor_layout_any, const T2 *)"
19966302283,17344,410107,2253,1,1,128,1,1,16,0.000,0.000,,,,,NVIDIA A100-SXM4-40GB MIG 4g.20gb (0),1,,13,cupy_copy__float16_float16
19966767686,9568,410116,282,1,1,128,1,1,16,0.000,0.000,,,,,NVIDIA A100-SXM4-40GB MIG 4g.20gb (0),1,,13,cupy_copy__complex64_complex64
19966945988,4160,410125,26,1,1,128,1,1,16,0.000,0.000,,,,,NVIDIA A100-SXM4-40GB MIG 4g.20gb (0),1,,13,cupy_copy__float32_float32
19967443902,10272,410134,103,1,1,128,1,1,16,0.000,0.000,,,,,NVIDIA A100-SXM4-40GB MIG 4g.20gb (0),1,,13,cupy_copy__complex64_complex64
19967622940,17056,410144,1434,1,1,128,1,1,16,0.000,0.000,,,,,NVIDIA A100-SXM4-40GB MIG 4g.20gb (0),1,,13,cupy_copy__complex64_complex64
19968113015,249821,410149,1,1,1,32,32,1,30,0.000,0.000,,,,,NVIDIA A100-SXM4-40GB MIG 4g.20gb (0),1,,13,"void convert_kernel<__half2, float2>(tensor_layout_any, T1 *, tensor_layout_any, const T2 *)"
19968392788,6336,410152,,,,,,,,,,0.094,14787.852,Pinned,Device,NVIDIA A100-SXM4-40GB MIG 4g.20gb (0),1,,13,[CUDA memcpy Host-to-Device]
19968691248,611418,410153,,,,,,,,,,456.561,746477.954,Device,,NVIDIA A100-SXM4-40GB MIG 4g.20gb (0),1,,13,[CUDA memset]
19969304266,51071,410158,,,,,,,,,,1.235,24180.204,Pinned,Device,NVIDIA A100-SXM4-40GB MIG 4g.20gb (0),1,,13,[CUDA memcpy Host-to-Device]
19969357769,10176,410159,,,,,,,,,,0.197,19320.668,Pinned,Device,NVIDIA A100-SXM4-40GB MIG 4g.20gb (0),1,,13,[CUDA memcpy Host-to-Device]
19969779556,11584,410160,69,4,1,48,1,1,76,0.002,0.000,,,,,NVIDIA A100-SXM4-40GB MIG 4g.20gb (0),1,,13,"void ch_est::windowedChEstPreNoDftSOfdmKernel<float, __half, float, (unsigned int)2, (unsigned int)1, (unsigned short)4>(ch_est::puschRxChEstStatDescr_t *, ch_est::puschRxChEstDynDescr_t *)"
19970261439,26144,410161,137,2,1,24,2,1,44,0.001,0.001,,,,,NVIDIA A100-SXM4-40GB MIG 4g.20gb (0),1,,13,"void ch_est::chEstFilterNoDftSOfdmDispatchKernel<float, __half, float, (unsigned int)2>(ch_est::puschRxChEstStatDescr_t *, ch_est::puschRxChEstDynDescr_t *)"
19970799001,16192,410162,137,2,1,24,2,1,44,0.001,0.001,,,,,NVIDIA A100-SXM4-40GB MIG 4g.20gb (0),1,,13,"void ch_est::chEstFilterNoDftSOfdmDispatchKernel<float, __half, float, (unsigned int)2>(ch_est::puschRxChEstStatDescr_t *, ch_est::puschRxChEstDynDescr_t *)"
19971362579,5247,410173,103,1,1,128,1,1,16,0.000,0.000,,,,,NVIDIA A100-SXM4-40GB MIG 4g.20gb (0),1,,13,cupy_copy__complex64_complex64
19971843245,24544,410183,1434,1,1,128,1,1,16,0.000,0.000,,,,,NVIDIA A100-SXM4-40GB MIG 4g.20gb (0),1,,13,cupy_copy__complex64_complex64
19972014859,4672,410190,103,1,1,128,1,1,16,0.000,0.000,,,,,NVIDIA A100-SXM4-40GB MIG 4g.20gb (0),1,,13,cupy_copy__complex64_complex64
19972083722,334301,410197,1,1,1,32,32,1,30,0.000,0.000,,,,,NVIDIA A100-SXM4-40GB MIG 4g.20gb (0),1,,13,"void convert_kernel<__half2, float2>(tensor_layout_any, T1 *, tensor_layout_any, const T2 *)"
19972448678,5824,410200,,,,,,,,,,0.094,16087.884,Pinned,Device,NVIDIA A100-SXM4-40GB MIG 4g.20gb (0),1,,13,[CUDA memcpy Host-to-Device]
19972509318,50015,410201,,,,,,,,,,35.810,715983.540,Device,,NVIDIA A100-SXM4-40GB MIG 4g.20gb (0),1,,13,[CUDA memset]
19972563141,2432,410203,,,,,,,,,,0.000,32.895,Pinned,Device,NVIDIA A100-SXM4-40GB MIG 4g.20gb (0),1,,13,[CUDA memcpy Host-to-Device]
19972568389,10112,410204,,,,,,,,,,0.197,19442.958,Pinned,Device,NVIDIA A100-SXM4-40GB MIG 4g.20gb (0),1,,13,[CUDA memcpy Host-to-Device]
19972636804,9760,410205,273,1,1,48,1,1,40,0.000,0.001,,,,,NVIDIA A100-SXM4-40GB MIG 4g.20gb (0),1,,13,"void pusch_noise_intf_est::noiseIntfEstNoDftSOfdmKernel<float, __half, float, float, (unsigned int)2, (unsigned int)1, (unsigned char)4, (unsigned char)4>(pusch_noise_intf_est::puschRxNoiseIntfEstDynDescr)"
19972723395,4096,410216,35,1,1,128,1,1,16,0.000,0.000,,,,,NVIDIA A100-SXM4-40GB MIG 4g.20gb (0),1,,13,cupy_copy__complex64_complex64
19972729507,4384,410225,1,1,1,1,1,1,18,0.000,0.000,,,,,NVIDIA A100-SXM4-40GB MIG 4g.20gb (0),1,,13,cupy_copy__float32_float32
19972733315,2112,410231,,,,,,,,,,0.000,1.894,Device,Pageable,NVIDIA A100-SXM4-40GB MIG 4g.20gb (0),1,,7,[CUDA memcpy Device-to-Host]
19972865538,17312,410242,1434,1,1,128,1,1,16,0.000,0.000,,,,,NVIDIA A100-SXM4-40GB MIG 4g.20gb (0),1,,13,cupy_copy__complex64_complex64
19972884674,3967,410249,103,1,1,128,1,1,16,0.000,0.000,,,,,NVIDIA A100-SXM4-40GB MIG 4g.20gb (0),1,,13,cupy_copy__complex64_complex64
19972965345,4480,410256,35,1,1,128,1,1,16,0.000,0.000,,,,,NVIDIA A100-SXM4-40GB MIG 4g.20gb (0),1,,13,cupy_copy__complex64_complex64
19972971681,2688,410263,1,1,1,1,1,1,18,0.000,0.000,,,,,NVIDIA A100-SXM4-40GB MIG 4g.20gb (0),1,,13,cupy_copy__float32_float32
19973051488,404731,410274,1,1,1,32,32,1,30,0.000,0.000,,,,,NVIDIA A100-SXM4-40GB MIG 4g.20gb (0),1,,13,"void convert_kernel<__half2, float2>(tensor_layout_any, T1 *, tensor_layout_any, const T2 *)"
19973486075,5952,410277,,,,,,,,,,0.094,15741.865,Pinned,Device,NVIDIA A100-SXM4-40GB MIG 4g.20gb (0),1,,13,[CUDA memcpy Host-to-Device]
19974012021,4192,410278,,,,,,,,,,1.547,368945.609,Device,,NVIDIA A100-SXM4-40GB MIG 4g.20gb (0),1,,13,[CUDA memset]
19974022101,3488,410283,,,,,,,,,,0.031,8972.469,Pinned,Device,NVIDIA A100-SXM4-40GB MIG 4g.20gb (0),1,,13,[CUDA memcpy Host-to-Device]
19974028757,9984,410284,,,,,,,,,,0.197,19692.257,Pinned,Device,NVIDIA A100-SXM4-40GB MIG 4g.20gb (0),1,,13,[CUDA memcpy Host-to-Device]
19974606798,15360,410285,273,1,1,8,4,1,39,0.002,0.000,,,,,NVIDIA A100-SXM4-40GB MIG 4g.20gb (0),1,,13,"void channel_eq::eqMmseCoefCompLowMimoKernel<float, float, float, (unsigned int)4, (unsigned int)1, (unsigned int)4>(const channel_eq::_puschRxChEqStatDescr *, channel_eq::_puschRxChEqCoefCompDynDescr)"
19974999754,18784,410286,273,1,1,12,11,1,51,0.002,0.000,,,,,NVIDIA A100-SXM4-40GB MIG 4g.20gb (0),1,,13,"void channel_eq::eqMmseSoftDemapKernel<float, __half, __half, float, (unsigned int)4, (unsigned short)16383>(channel_eq::_puschRxChEqStatDescr *, channel_eq::_puschRxChEqSoftDemapDynDescr)"
19975518084,602841,410287,1,1,1,32,32,1,30,0.000,0.000,,,,,NVIDIA A100-SXM4-40GB MIG 4g.20gb (0),1,,13,"void convert_kernel<float2, __half2>(tensor_layout_any, T1 *, tensor_layout_any, const T2 *)"
19976676567,18080,410299,2253,1,1,128,1,1,16,0.000,0.000,,,,,NVIDIA A100-SXM4-40GB MIG 4g.20gb (0),1,,13,cupy_copy__float16_float16
19977281136,7552,410308,282,1,1,128,1,1,16,0.000,0.000,,,,,NVIDIA A100-SXM4-40GB MIG 4g.20gb (0),1,,13,cupy_copy__complex64_complex64
19977481518,4256,410317,26,1,1,128,1,1,16,0.000,0.000,,,,,NVIDIA A100-SXM4-40GB MIG 4g.20gb (0),1,,13,cupy_copy__float32_float32
19977993800,4608,410326,103,1,1,128,1,1,16,0.000,0.000,,,,,NVIDIA A100-SXM4-40GB MIG 4g.20gb (0),1,,13,cupy_copy__complex64_complex64
19978467203,18624,410336,1434,1,1,128,1,1,16,0.000,0.000,,,,,NVIDIA A100-SXM4-40GB MIG 4g.20gb (0),1,,13,cupy_copy__complex64_complex64
19978677729,216701,410341,1,1,1,32,32,1,30,0.000,0.000,,,,,NVIDIA A100-SXM4-40GB MIG 4g.20gb (0),1,,13,"void convert_kernel<__half2, float2>(tensor_layout_any, T1 *, tensor_layout_any, const T2 *)"
19978923646,5664,410344,,,,,,,,,,0.094,16542.310,Pinned,Device,NVIDIA A100-SXM4-40GB MIG 4g.20gb (0),1,,13,[CUDA memcpy Host-to-Device]
19979271546,612249,410345,,,,,,,,,,456.561,745564.832,Device,,NVIDIA A100-SXM4-40GB MIG 4g.20gb (0),1,,13,[CUDA memset]
19979891699,51328,410350,,,,,,,,,,1.235,24059.179,Pinned,Device,NVIDIA A100-SXM4-40GB MIG 4g.20gb (0),1,,13,[CUDA memcpy Host-to-Device]
19979945811,10143,410351,,,,,,,,,,0.197,19383.583,Pinned,Device,NVIDIA A100-SXM4-40GB MIG 4g.20gb (0),1,,13,[CUDA memcpy Host-to-Device]
19979964402,8800,410352,69,4,1,48,1,1,76,0.002,0.000,,,,,NVIDIA A100-SXM4-40GB MIG 4g.20gb (0),1,,13,"void ch_est::windowedChEstPreNoDftSOfdmKernel<float, __half, float, (unsigned int)2, (unsigned int)1, (unsigned short)4>(ch_est::puschRxChEstStatDescr_t *, ch_est::puschRxChEstDynDescr_t *)"
19980053873,8576,410353,137,2,1,24,2,1,44,0.001,0.001,,,,,NVIDIA A100-SXM4-40GB MIG 4g.20gb (0),1,,13,"void ch_est::chEstFilterNoDftSOfdmDispatchKernel<float, __half, float, (unsigned int)2>(ch_est::puschRxChEstStatDescr_t *, ch_est::puschRxChEstDynDescr_t *)"
19980139536,8256,410354,137,2,1,24,2,1,44,0.001,0.001,,,,,NVIDIA A100-SXM4-40GB MIG 4g.20gb (0),1,,13,"void ch_est::chEstFilterNoDftSOfdmDispatchKernel<float, __half, float, (unsigned int)2>(ch_est::puschRxChEstStatDescr_t *, ch_est::puschRxChEstDynDescr_t *)"
19980227119,4352,410365,103,1,1,128,1,1,16,0.000,0.000,,,,,NVIDIA A100-SXM4-40GB MIG 4g.20gb (0),1,,13,cupy_copy__complex64_complex64
19980233647,13600,410375,1434,1,1,128,1,1,16,0.000,0.000,,,,,NVIDIA A100-SXM4-40GB MIG 4g.20gb (0),1,,13,cupy_copy__complex64_complex64
19980248687,2528,410382,103,1,1,128,1,1,16,0.000,0.000,,,,,NVIDIA A100-SXM4-40GB MIG 4g.20gb (0),1,,13,cupy_copy__complex64_complex64
19980252431,79231,410389,1,1,1,32,32,1,30,0.000,0.000,,,,,NVIDIA A100-SXM4-40GB MIG 4g.20gb (0),1,,13,"void convert_kernel<__half2, float2>(tensor_layout_any, T1 *, tensor_layout_any, const T2 *)"
19980360974,5312,410392,,,,,,,,,,0.094,17638.553,Pinned,Device,NVIDIA A100-SXM4-40GB MIG 4g.20gb (0),1,,13,[CUDA memcpy Host-to-Device]
19980373518,47167,410393,,,,,,,,,,35.810,759206.114,Device,,NVIDIA A100-SXM4-40GB MIG 4g.20gb (0),1,,13,[CUDA memset]
19980428269,2016,410395,,,,,,,,,,0.000,39.682,Pinned,Device,NVIDIA A100-SXM4-40GB MIG 4g.20gb (0),1,,13,[CUDA memcpy Host-to-Device]
19980432685,9472,410396,,,,,,,,,,0.197,20756.693,Pinned,Device,NVIDIA A100-SXM4-40GB MIG 4g.20gb (0),1,,13,[CUDA memcpy Host-to-Device]
19980446221,9120,410397,273,1,1,48,1,1,40,0.000,0.001,,,,,NVIDIA A100-SXM4-40GB MIG 4g.20gb (0),1,,13,"void pusch_noise_intf_est::noiseIntfEstNoDftSOfdmKernel<float, __half, float, float, (unsigned int)2, (unsigned int)1, (unsigned char)4, (unsigned char)4>(pusch_noise_intf_est::puschRxNoiseIntfEstDynDescr)"
19980457005,2848,410408,35,1,1,128,1,1,16,0.000,0.000,,,,,NVIDIA A100-SXM4-40GB MIG 4g.20gb (0),1,,13,cupy_copy__complex64_complex64
19980480493,1888,410417,1,1,1,1,1,1,18,0.000,0.000,,,,,NVIDIA A100-SXM4-40GB MIG 4g.20gb (0),1,,13,cupy_copy__float32_float32
19980528268,1856,410423,,,,,,,,,,0.000,2.155,Device,Pageable,NVIDIA A100-SXM4-40GB MIG 4g.20gb (0),1,,7,[CUDA memcpy Device-to-Host]
19980589387,13088,410434,1434,1,1,128,1,1,16,0.000,0.000,,,,,NVIDIA A100-SXM4-40GB MIG 4g.20gb (0),1,,13,cupy_copy__complex64_complex64
19980616875,2720,410441,103,1,1,128,1,1,16,0.000,0.000,,,,,NVIDIA A100-SXM4-40GB MIG 4g.20gb (0),1,,13,cupy_copy__complex64_complex64
19980637227,2208,410448,35,1,1,128,1,1,16,0.000,0.000,,,,,NVIDIA A100-SXM4-40GB MIG 4g.20gb (0),1,,13,cupy_copy__complex64_complex64
19980655019,1888,410455,1,1,1,1,1,1,18,0.000,0.000,,,,,NVIDIA A100-SXM4-40GB MIG 4g.20gb (0),1,,13,cupy_copy__float32_float32
19980866024,224478,410466,1,1,1,32,32,1,30,0.000,0.000,,,,,NVIDIA A100-SXM4-40GB MIG 4g.20gb (0),1,,13,"void convert_kernel<__half2, float2>(tensor_layout_any, T1 *, tensor_layout_any, const T2 *)"
19981119333,5856,410469,,,,,,,,,,0.094,15999.997,Pinned,Device,NVIDIA A100-SXM4-40GB MIG 4g.20gb (0),1,,13,[CUDA memcpy Host-to-Device]
19981188901,4608,410470,,,,,,,,,,1.547,335637.514,Device,,NVIDIA A100-SXM4-40GB MIG 4g.20gb (0),1,,13,[CUDA memset]
19981198917,3040,410475,,,,,,,,,,0.031,10294.725,Pinned,Device,NVIDIA A100-SXM4-40GB MIG 4g.20gb (0),1,,13,[CUDA memcpy Host-to-Device]
19981204389,10047,410476,,,,,,,,,,0.197,19568.787,Pinned,Device,NVIDIA A100-SXM4-40GB MIG 4g.20gb (0),1,,13,[CUDA memcpy Host-to-Device]
19981311523,35808,410477,273,1,1,8,4,1,39,0.002,0.000,,,,,NVIDIA A100-SXM4-40GB MIG 4g.20gb (0),1,,13,"void channel_eq::eqMmseCoefCompLowMimoKernel<float, float, float, (unsigned int)4, (unsigned int)1, (unsigned int)4>(const channel_eq::_puschRxChEqStatDescr *, channel_eq::_puschRxChEqCoefCompDynDescr)"
19981480801,9408,410478,273,1,1,12,11,1,51,0.002,0.000,,,,,NVIDIA A100-SXM4-40GB MIG 4g.20gb (0),1,,13,"void channel_eq::eqMmseSoftDemapKernel<float, __half, __half, float, (unsigned int)4, (unsigned short)16383>(channel_eq::_puschRxChEqStatDescr *, channel_eq::_puschRxChEqSoftDemapDynDescr)"
19981700095,675352,410479,1,1,1,32,32,1,30,0.000,0.000,,,,,NVIDIA A100-SXM4-40GB MIG 4g.20gb (0),1,,13,"void convert_kernel<float2, __half2>(tensor_layout_any, T1 *, tensor_layout_any, const T2 *)"
19982687796,16064,410491,2253,1,1,128,1,1,16,0.000,0.000,,,,,NVIDIA A100-SXM4-40GB MIG 4g.20gb (0),1,,13,cupy_copy__float16_float16
19982999952,13376,410500,282,1,1,128,1,1,16,0.000,0.000,,,,,NVIDIA A100-SXM4-40GB MIG 4g.20gb (0),1,,13,cupy_copy__complex64_complex64
19983237966,3616,410509,26,1,1,128,1,1,16,0.000,0.000,,,,,NVIDIA A100-SXM4-40GB MIG 4g.20gb (0),1,,13,cupy_copy__float32_float32
19983527819,9823,410518,103,1,1,128,1,1,16,0.000,0.000,,,,,NVIDIA A100-SXM4-40GB MIG 4g.20gb (0),1,,13,cupy_copy__complex64_complex64
19983707145,22719,410528,1434,1,1,128,1,1,16,0.000,0.000,,,,,NVIDIA A100-SXM4-40GB MIG 4g.20gb (0),1,,13,cupy_copy__complex64_complex64
19983828135,335708,410533,1,1,1,32,32,1,30,0.000,0.000,,,,,NVIDIA A100-SXM4-40GB MIG 4g.20gb (0),1,,13,"void convert_kernel<__half2, float2>(tensor_layout_any, T1 *, tensor_layout_any, const T2 *)"
19984193859,6496,410536,,,,,,,,,,0.094,14423.562,Pinned,Device,NVIDIA A100-SXM4-40GB MIG 4g.20gb (0),1,,13,[CUDA memcpy Host-to-Device]
19984375105,622809,410537,,,,,,,,,,456.561,732781.111,Device,,NVIDIA A100-SXM4-40GB MIG 4g.20gb (0),1,,13,[CUDA memset]
19985004410,50815,410542,,,,,,,,,,1.235,24302.463,Pinned,Device,NVIDIA A100-SXM4-40GB MIG 4g.20gb (0),1,,13,[CUDA memcpy Host-to-Device]
19985058489,10336,410543,,,,,,,,,,0.197,19021.627,Pinned,Device,NVIDIA A100-SXM4-40GB MIG 4g.20gb (0),1,,13,[CUDA memcpy Host-to-Device]
19985347318,12640,410544,69,4,1,48,1,1,76,0.002,0.000,,,,,NVIDIA A100-SXM4-40GB MIG 4g.20gb (0),1,,13,"void ch_est::windowedChEstPreNoDftSOfdmKernel<float, __half, float, (unsigned int)2, (unsigned int)1, (unsigned short)4>(ch_est::puschRxChEstStatDescr_t *, ch_est::puschRxChEstDynDescr_t *)"
19985724594,14688,410545,137,2,1,24,2,1,44,0.001,0.001,,,,,NVIDIA A100-SXM4-40GB MIG 4g.20gb (0),1,,13,"void ch_est::chEstFilterNoDftSOfdmDispatchKernel<float, __half, float, (unsigned int)2>(ch_est::puschRxChEstStatDescr_t *, ch_est::puschRxChEstDynDescr_t *)"
19985977391,13088,410546,137,2,1,24,2,1,44,0.001,0.001,,,,,NVIDIA A100-SXM4-40GB MIG 4g.20gb (0),1,,13,"void ch_est::chEstFilterNoDftSOfdmDispatchKernel<float, __half, float, (unsigned int)2>(ch_est::puschRxChEstStatDescr_t *, ch_est::puschRxChEstDynDescr_t *)"
19985991855,3936,410557,103,1,1,128,1,1,16,0.000,0.000,,,,,NVIDIA A100-SXM4-40GB MIG 4g.20gb (0),1,,13,cupy_copy__complex64_complex64
19985997775,13184,410567,1434,1,1,128,1,1,16,0.000,0.000,,,,,NVIDIA A100-SXM4-40GB MIG 4g.20gb (0),1,,13,cupy_copy__complex64_complex64
19986013231,2528,410574,103,1,1,128,1,1,16,0.000,0.000,,,,,NVIDIA A100-SXM4-40GB MIG 4g.20gb (0),1,,13,cupy_copy__complex64_complex64
19986017551,189598,410581,1,1,1,32,32,1,30,0.000,0.000,,,,,NVIDIA A100-SXM4-40GB MIG 4g.20gb (0),1,,13,"void convert_kernel<__half2, float2>(tensor_layout_any, T1 *, tensor_layout_any, const T2 *)"
19986249452,5984,410584,,,,,,,,,,0.094,15657.726,Pinned,Device,NVIDIA A100-SXM4-40GB MIG 4g.20gb (0),1,,13,[CUDA memcpy Host-to-Device]
19986270348,54335,410585,,,,,,,,,,35.810,659045.768,Device,,NVIDIA A100-SXM4-40GB MIG 4g.20gb (0),1,,13,[CUDA memset]
19986325707,1824,410587,,,,,,,,,,0.000,43.860,Pinned,Device,NVIDIA A100-SXM4-40GB MIG 4g.20gb (0),1,,13,[CUDA memcpy Host-to-Device]
19986333995,9984,410588,,,,,,,,,,0.197,19692.257,Pinned,Device,NVIDIA A100-SXM4-40GB MIG 4g.20gb (0),1,,13,[CUDA memcpy Host-to-Device]
19986379787,20319,410589,273,1,1,48,1,1,40,0.000,0.001,,,,,NVIDIA A100-SXM4-40GB MIG 4g.20gb (0),1,,13,"void pusch_noise_intf_est::noiseIntfEstNoDftSOfdmKernel<float, __half, float, float, (unsigned int)2, (unsigned int)1, (unsigned char)4, (unsigned char)4>(pusch_noise_intf_est::puschRxNoiseIntfEstDynDescr)"
19986448650,14784,410600,35,1,1,128,1,1,16,0.000,0.000,,,,,NVIDIA A100-SXM4-40GB MIG 4g.20gb (0),1,,13,cupy_copy__complex64_complex64
19986466026,3776,410609,1,1,1,1,1,1,18,0.000,0.000,,,,,NVIDIA A100-SXM4-40GB MIG 4g.20gb (0),1,,13,cupy_copy__float32_float32
19986516425,1536,410615,,,,,,,,,,0.000,2.604,Device,Pageable,NVIDIA A100-SXM4-40GB MIG 4g.20gb (0),1,,7,[CUDA memcpy Device-to-Host]
19986616840,15840,410626,1434,1,1,128,1,1,16,0.000,0.000,,,,,NVIDIA A100-SXM4-40GB MIG 4g.20gb (0),1,,13,cupy_copy__complex64_complex64
19986677671,15872,410633,103,1,1,128,1,1,16,0.000,0.000,,,,,NVIDIA A100-SXM4-40GB MIG 4g.20gb (0),1,,13,cupy_copy__complex64_complex64
19986695783,4384,410640,35,1,1,128,1,1,16,0.000,0.000,,,,,NVIDIA A100-SXM4-40GB MIG 4g.20gb (0),1,,13,cupy_copy__complex64_complex64
19986705735,2080,410647,1,1,1,1,1,1,18,0.000,0.000,,,,,NVIDIA A100-SXM4-40GB MIG 4g.20gb (0),1,,13,cupy_copy__float32_float32
19986822342,601721,410658,1,1,1,32,32,1,30,0.000,0.000,,,,,NVIDIA A100-SXM4-40GB MIG 4g.20gb (0),1,,13,"void convert_kernel<__half2, float2>(tensor_layout_any, T1 *, tensor_layout_any, const T2 *)"
19987452991,6816,410661,,,,,,,,,,0.094,13746.421,Pinned,Device,NVIDIA A100-SXM4-40GB MIG 4g.20gb (0),1,,13,[CUDA memcpy Host-to-Device]
19987552030,8287,410662,,,,,,,,,,1.547,186631.118,Device,,NVIDIA A100-SXM4-40GB MIG 4g.20gb (0),1,,13,[CUDA memset]
19987561725,3648,410667,,,,,,,,,,0.031,8578.922,Pinned,Device,NVIDIA A100-SXM4-40GB MIG 4g.20gb (0),1,,13,[CUDA memcpy Host-to-Device]
19987567837,11168,410668,,,,,,,,,,0.197,17604.477,Pinned,Device,NVIDIA A100-SXM4-40GB MIG 4g.20gb (0),1,,13,[CUDA memcpy Host-to-Device]
19987688604,15008,410669,273,1,1,8,4,1,39,0.002,0.000,,,,,NVIDIA A100-SXM4-40GB MIG 4g.20gb (0),1,,13,"void channel_eq::eqMmseCoefCompLowMimoKernel<float, float, float, (unsigned int)4, (unsigned int)1, (unsigned int)4>(const channel_eq::_puschRxChEqStatDescr *, channel_eq::_puschRxChEqCoefCompDynDescr)"
19987705564,8768,410670,273,1,1,12,11,1,51,0.002,0.000,,,,,NVIDIA A100-SXM4-40GB MIG 4g.20gb (0),1,,13,"void channel_eq::eqMmseSoftDemapKernel<float, __half, __half, float, (unsigned int)4, (unsigned short)16383>(channel_eq::_puschRxChEqStatDescr *, channel_eq::_puschRxChEqSoftDemapDynDescr)"
19987766139,920790,410671,1,1,1,32,32,1,30,0.000,0.000,,,,,NVIDIA A100-SXM4-40GB MIG 4g.20gb (0),1,,13,"void convert_kernel<float2, __half2>(tensor_layout_any, T1 *, tensor_layout_any, const T2 *)"
19988690577,12224,410683,2253,1,1,128,1,1,16,0.000,0.000,,,,,NVIDIA A100-SXM4-40GB MIG 4g.20gb (0),1,,13,cupy_copy__float16_float16
19988753392,9600,410692,282,1,1,128,1,1,16,0.000,0.000,,,,,NVIDIA A100-SXM4-40GB MIG 4g.20gb (0),1,,13,cupy_copy__complex64_complex64
19988764336,4384,410701,26,1,1,128,1,1,16,0.000,0.000,,,,,NVIDIA A100-SXM4-40GB MIG 4g.20gb (0),1,,13,cupy_copy__float32_float32
19988770928,5344,410710,103,1,1,128,1,1,16,0.000,0.000,,,,,NVIDIA A100-SXM4-40GB MIG 4g.20gb (0),1,,13,cupy_copy__complex64_complex64
19988776976,13120,410720,1434,1,1,128,1,1,16,0.000,0.000,,,,,NVIDIA A100-SXM4-40GB MIG 4g.20gb (0),1,,13,cupy_copy__complex64_complex64
19988791664,79615,410725,1,1,1,32,32,1,30,0.000,0.000,,,,,NVIDIA A100-SXM4-40GB MIG 4g.20gb (0),1,,13,"void convert_kernel<__half2, float2>(tensor_layout_any, T1 *, tensor_layout_any, const T2 *)"
19988900079,5407,410728,,,,,,,,,,0.094,17328.607,Pinned,Device,NVIDIA A100-SXM4-40GB MIG 4g.20gb (0),1,,13,[CUDA memcpy Host-to-Device]
19988952494,611193,410729,,,,,,,,,,456.561,746934.516,Device,,NVIDIA A100-SXM4-40GB MIG 4g.20gb (0),1,,13,[CUDA memset]
19989571463,49951,410734,,,,,,,,,,1.235,24722.344,Pinned,Device,NVIDIA A100-SXM4-40GB MIG 4g.20gb (0),1,,13,[CUDA memcpy Host-to-Device]
19989624902,9984,410735,,,,,,,,,,0.197,19692.257,Pinned,Device,NVIDIA A100-SXM4-40GB MIG 4g.20gb (0),1,,13,[CUDA memcpy Host-to-Device]
19989938787,11104,410736,69,4,1,48,1,1,76,0.002,0.000,,,,,NVIDIA A100-SXM4-40GB MIG 4g.20gb (0),1,,13,"void ch_est::windowedChEstPreNoDftSOfdmKernel<float, __half, float, (unsigned int)2, (unsigned int)1, (unsigned short)4>(ch_est::puschRxChEstStatDescr_t *, ch_est::puschRxChEstDynDescr_t *)"
19990337694,12832,410737,137,2,1,24,2,1,44,0.001,0.001,,,,,NVIDIA A100-SXM4-40GB MIG 4g.20gb (0),1,,13,"void ch_est::chEstFilterNoDftSOfdmDispatchKernel<float, __half, float, (unsigned int)2>(ch_est::puschRxChEstStatDescr_t *, ch_est::puschRxChEstDynDescr_t *)"
19990352478,6176,410738,137,2,1,24,2,1,44,0.001,0.001,,,,,NVIDIA A100-SXM4-40GB MIG 4g.20gb (0),1,,13,"void ch_est::chEstFilterNoDftSOfdmDispatchKernel<float, __half, float, (unsigned int)2>(ch_est::puschRxChEstStatDescr_t *, ch_est::puschRxChEstDynDescr_t *)"
19990407998,14879,410749,103,1,1,128,1,1,16,0.000,0.000,,,,,NVIDIA A100-SXM4-40GB MIG 4g.20gb (0),1,,13,cupy_copy__complex64_complex64
19990426077,16640,410759,1434,1,1,128,1,1,16,0.000,0.000,,,,,NVIDIA A100-SXM4-40GB MIG 4g.20gb (0),1,,13,cupy_copy__complex64_complex64
19990742490,20672,410766,103,1,1,128,1,1,16,0.000,0.000,,,,,NVIDIA A100-SXM4-40GB MIG 4g.20gb (0),1,,13,cupy_copy__complex64_complex64
19990893432,291069,410773,1,1,1,32,32,1,30,0.000,0.000,,,,,NVIDIA A100-SXM4-40GB MIG 4g.20gb (0),1,,13,"void convert_kernel<__half2, float2>(tensor_layout_any, T1 *, tensor_layout_any, const T2 *)"
19991212149,5728,410776,,,,,,,,,,0.094,16357.541,Pinned,Device,NVIDIA A100-SXM4-40GB MIG 4g.20gb (0),1,,13,[CUDA memcpy Host-to-Device]
19991409330,50752,410777,,,,,,,,,,35.810,705562.854,Device,,NVIDIA A100-SXM4-40GB MIG 4g.20gb (0),1,,13,[CUDA memset]
19991462802,4640,410779,,,,,,,,,,0.000,17.241,Pinned,Device,NVIDIA A100-SXM4-40GB MIG 4g.20gb (0),1,,13,[CUDA memcpy Host-to-Device]
19991473106,9632,410780,,,,,,,,,,0.197,20411.843,Pinned,Device,NVIDIA A100-SXM4-40GB MIG 4g.20gb (0),1,,13,[CUDA memcpy Host-to-Device]
19991972876,15712,410781,273,1,1,48,1,1,40,0.000,0.001,,,,,NVIDIA A100-SXM4-40GB MIG 4g.20gb (0),1,,13,"void pusch_noise_intf_est::noiseIntfEstNoDftSOfdmKernel<float, __half, float, float, (unsigned int)2, (unsigned int)1, (unsigned char)4, (unsigned char)4>(pusch_noise_intf_est::puschRxNoiseIntfEstDynDescr)"
19992391111,10144,410792,35,1,1,128,1,1,16,0.000,0.000,,,,,NVIDIA A100-SXM4-40GB MIG 4g.20gb (0),1,,13,cupy_copy__complex64_complex64
19992807587,5056,410801,1,1,1,1,1,1,18,0.000,0.000,,,,,NVIDIA A100-SXM4-40GB MIG 4g.20gb (0),1,,13,cupy_copy__float32_float32
19992817955,1824,410807,,,,,,,,,,0.000,2.193,Device,Pageable,NVIDIA A100-SXM4-40GB MIG 4g.20gb (0),1,,7,[CUDA memcpy Device-to-Host]
19993323805,41280,410818,1434,1,1,128,1,1,16,0.000,0.000,,,,,NVIDIA A100-SXM4-40GB MIG 4g.20gb (0),1,,13,cupy_copy__complex64_complex64
19993523739,4384,410825,103,1,1,128,1,1,16,0.000,0.000,,,,,NVIDIA A100-SXM4-40GB MIG 4g.20gb (0),1,,13,cupy_copy__complex64_complex64
19993936054,11296,410832,35,1,1,128,1,1,16,0.000,0.000,,,,,NVIDIA A100-SXM4-40GB MIG 4g.20gb (0),1,,13,cupy_copy__complex64_complex64
19994365169,5120,410839,1,1,1,1,1,1,18,0.000,0.000,,,,,NVIDIA A100-SXM4-40GB MIG 4g.20gb (0),1,,13,cupy_copy__float32_float32
19994563471,320317,410850,1,1,1,32,32,1,30,0.000,0.000,,,,,NVIDIA A100-SXM4-40GB MIG 4g.20gb (0),1,,13,"void convert_kernel<__half2, float2>(tensor_layout_any, T1 *, tensor_layout_any, const T2 *)"
19994918539,5568,410853,,,,,,,,,,0.094,16827.521,Pinned,Device,NVIDIA A100-SXM4-40GB MIG 4g.20gb (0),1,,13,[CUDA memcpy Host-to-Device]
19994931947,5120,410854,,,,,,,,,,1.547,302074.227,Device,,NVIDIA A100-SXM4-40GB MIG 4g.20gb (0),1,,13,[CUDA memset]
19994944011,4128,410859,,,,,,,,,,0.031,7581.393,Pinned,Device,NVIDIA A100-SXM4-40GB MIG 4g.20gb (0),1,,13,[CUDA memcpy Host-to-Device]
19994951595,9536,410860,,,,,,,,,,0.197,20617.298,Pinned,Device,NVIDIA A100-SXM4-40GB MIG 4g.20gb (0),1,,13,[CUDA memcpy Host-to-Device]
19994965195,7104,410861,273,1,1,8,4,1,39,0.002,0.000,,,,,NVIDIA A100-SXM4-40GB MIG 4g.20gb (0),1,,13,"void channel_eq::eqMmseCoefCompLowMimoKernel<float, float, float, (unsigned int)4, (unsigned int)1, (unsigned int)4>(const channel_eq::_puschRxChEqStatDescr *, channel_eq::_puschRxChEqCoefCompDynDescr)"
19994973643,6784,410862,273,1,1,12,11,1,51,0.002,0.000,,,,,NVIDIA A100-SXM4-40GB MIG 4g.20gb (0),1,,13,"void channel_eq::eqMmseSoftDemapKernel<float, __half, __half, float, (unsigned int)4, (unsigned short)16383>(channel_eq::_puschRxChEqStatDescr *, channel_eq::_puschRxChEqSoftDemapDynDescr)"
19994981931,581401,410863,1,1,1,32,32,1,30,0.000,0.000,,,,,NVIDIA A100-SXM4-40GB MIG 4g.20gb (0),1,,13,"void convert_kernel<float2, __half2>(tensor_layout_any, T1 *, tensor_layout_any, const T2 *)"
19995592452,23775,410875,2253,1,1,128,1,1,16,0.000,0.000,,,,,NVIDIA A100-SXM4-40GB MIG 4g.20gb (0),1,,13,cupy_copy__float16_float16
19995658115,6304,410884,282,1,1,128,1,1,16,0.000,0.000,,,,,NVIDIA A100-SXM4-40GB MIG 4g.20gb (0),1,,13,cupy_copy__complex64_complex64
19995868481,3712,410893,26,1,1,128,1,1,16,0.000,0.000,,,,,NVIDIA A100-SXM4-40GB MIG 4g.20gb (0),1,,13,cupy_copy__float32_float32
19996110174,8640,410902,103,1,1,128,1,1,16,0.000,0.000,,,,,NVIDIA A100-SXM4-40GB MIG 4g.20gb (0),1,,13,cupy_copy__complex64_complex64
19996418490,18496,410912,1434,1,1,128,1,1,16,0.000,0.000,,,,,NVIDIA A100-SXM4-40GB MIG 4g.20gb (0),1,,13,cupy_copy__complex64_complex64
19996574329,327292,410917,1,1,1,32,32,1,30,0.000,0.000,,,,,NVIDIA A100-SXM4-40GB MIG 4g.20gb (0),1,,13,"void convert_kernel<__half2, float2>(tensor_layout_any, T1 *, tensor_layout_any, const T2 *)"
19996931605,6496,410920,,,,,,,,,,0.094,14423.562,Pinned,Device,NVIDIA A100-SXM4-40GB MIG 4g.20gb (0),1,,13,[CUDA memcpy Host-to-Device]
19997372688,602521,410921,,,,,,,,,,456.561,757435.429,Device,,NVIDIA A100-SXM4-40GB MIG 4g.20gb (0),1,,13,[CUDA memset]
19997984393,52063,410926,,,,,,,,,,1.235,23719.569,Pinned,Device,NVIDIA A100-SXM4-40GB MIG 4g.20gb (0),1,,13,[CUDA memcpy Host-to-Device]
19998038952,9824,410927,,,,,,,,,,0.197,20012.925,Pinned,Device,NVIDIA A100-SXM4-40GB MIG 4g.20gb (0),1,,13,[CUDA memcpy Host-to-Device]
19998381413,11679,410928,69,4,1,48,1,1,76,0.002,0.000,,,,,NVIDIA A100-SXM4-40GB MIG 4g.20gb (0),1,,13,"void ch_est::windowedChEstPreNoDftSOfdmKernel<float, __half, float, (unsigned int)2, (unsigned int)1, (unsigned short)4>(ch_est::puschRxChEstStatDescr_t *, ch_est::puschRxChEstDynDescr_t *)"
19998606082,9920,410929,137,2,1,24,2,1,44,0.001,0.001,,,,,NVIDIA A100-SXM4-40GB MIG 4g.20gb (0),1,,13,"void ch_est::chEstFilterNoDftSOfdmDispatchKernel<float, __half, float, (unsigned int)2>(ch_est::puschRxChEstStatDescr_t *, ch_est::puschRxChEstDynDescr_t *)"
19998825504,10015,410930,137,2,1,24,2,1,44,0.001,0.001,,,,,NVIDIA A100-SXM4-40GB MIG 4g.20gb (0),1,,13,"void ch_est::chEstFilterNoDftSOfdmDispatchKernel<float, __half, float, (unsigned int)2>(ch_est::puschRxChEstStatDescr_t *, ch_est::puschRxChEstDynDescr_t *)"
19999047485,4384,410941,103,1,1,128,1,1,16,0.000,0.000,,,,,NVIDIA A100-SXM4-40GB MIG 4g.20gb (0),1,,13,cupy_copy__complex64_complex64
19999200955,18176,410951,1434,1,1,128,1,1,16,0.000,0.000,,,,,NVIDIA A100-SXM4-40GB MIG 4g.20gb (0),1,,13,cupy_copy__complex64_complex64
19999429465,3808,410958,103,1,1,128,1,1,16,0.000,0.000,,,,,NVIDIA A100-SXM4-40GB MIG 4g.20gb (0),1,,13,cupy_copy__complex64_complex64
19999438137,186750,410965,1,1,1,32,32,1,30,0.000,0.000,,,,,NVIDIA A100-SXM4-40GB MIG 4g.20gb (0),1,,13,"void convert_kernel<__half2, float2>(tensor_layout_any, T1 *, tensor_layout_any, const T2 *)"
19999655926,6304,410968,,,,,,,,,,0.094,14862.903,Pinned,Device,NVIDIA A100-SXM4-40GB MIG 4g.20gb (0),1,,13,[CUDA memcpy Host-to-Device]
19999670838,49248,410969,,,,,,,,,,35.810,727120.426,Device,,NVIDIA A100-SXM4-40GB MIG 4g.20gb (0),1,,13,[CUDA memset]
19999723286,1856,410971,,,,,,,,,,0.000,43.103,Pinned,Device,NVIDIA A100-SXM4-40GB MIG 4g.20gb (0),1,,13,[CUDA memcpy Host-to-Device]
19999727861,9984,410972,,,,,,,,,,0.197,19692.257,Pinned,Device,NVIDIA A100-SXM4-40GB MIG 4g.20gb (0),1,,13,[CUDA memcpy Host-to-Device]
20000109649,18368,410973,273,1,1,48,1,1,40,0.000,0.001,,,,,NVIDIA A100-SXM4-40GB MIG 4g.20gb (0),1,,13,"void pusch_noise_intf_est::noiseIntfEstNoDftSOfdmKernel<float, __half, float, float, (unsigned int)2, (unsigned int)1, (unsigned char)4, (unsigned char)4>(pusch_noise_intf_est::puschRxNoiseIntfEstDynDescr)"
20000647211,11616,410984,35,1,1,128,1,1,16,0.000,0.000,,,,,NVIDIA A100-SXM4-40GB MIG 4g.20gb (0),1,,13,cupy_copy__complex64_complex64
20000758026,4256,410993,1,1,1,1,1,1,18,0.000,0.000,,,,,NVIDIA A100-SXM4-40GB MIG 4g.20gb (0),1,,13,cupy_copy__float32_float32
20000768906,1920,410999,,,,,,,,,,0.000,2.083,Device,Pageable,NVIDIA A100-SXM4-40GB MIG 4g.20gb (0),1,,7,[CUDA memcpy Device-to-Host]
20001220549,17952,411010,1434,1,1,128,1,1,16,0.000,0.000,,,,,NVIDIA A100-SXM4-40GB MIG 4g.20gb (0),1,,13,cupy_copy__complex64_complex64
20001892509,4448,411017,103,1,1,128,1,1,16,0.000,0.000,,,,,NVIDIA A100-SXM4-40GB MIG 4g.20gb (0),1,,13,cupy_copy__complex64_complex64
20002489431,4576,411024,35,1,1,128,1,1,16,0.000,0.000,,,,,NVIDIA A100-SXM4-40GB MIG 4g.20gb (0),1,,13,cupy_copy__complex64_complex64
20003123792,6111,411031,1,1,1,1,1,1,18,0.000,0.000,,,,,NVIDIA A100-SXM4-40GB MIG 4g.20gb (0),1,,13,cupy_copy__float32_float32
20003431148,230174,411042,1,1,1,32,32,1,30,0.000,0.000,,,,,NVIDIA A100-SXM4-40GB MIG 4g.20gb (0),1,,13,"void convert_kernel<__half2, float2>(tensor_layout_any, T1 *, tensor_layout_any, const T2 *)"
20003690537,5664,411045,,,,,,,,,,0.094,16542.310,Pinned,Device,NVIDIA A100-SXM4-40GB MIG 4g.20gb (0),1,,13,[CUDA memcpy Host-to-Device]
20004154180,8096,411046,,,,,,,,,,1.547,191034.357,Device,,NVIDIA A100-SXM4-40GB MIG 4g.20gb (0),1,,13,[CUDA memset]
20004163780,3008,411051,,,,,,,,,,0.031,10404.230,Pinned,Device,NVIDIA A100-SXM4-40GB MIG 4g.20gb (0),1,,13,[CUDA memcpy Host-to-Device]
20004169636,10208,411052,,,,,,,,,,0.197,19260.113,Pinned,Device,NVIDIA A100-SXM4-40GB MIG 4g.20gb (0),1,,13,[CUDA memcpy Host-to-Device]
20004879132,16480,411053,273,1,1,8,4,1,39,0.002,0.000,,,,,NVIDIA A100-SXM4-40GB MIG 4g.20gb (0),1,,13,"void channel_eq::eqMmseCoefCompLowMimoKernel<float, float, float, (unsigned int)4, (unsigned int)1, (unsigned int)4>(const channel_eq::_puschRxChEqStatDescr *, channel_eq::_puschRxChEqCoefCompDynDescr)"
20005602932,17952,411054,273,1,1,12,11,1,51,0.002,0.000,,,,,NVIDIA A100-SXM4-40GB MIG 4g.20gb (0),1,,13,"void channel_eq::eqMmseSoftDemapKernel<float, __half, __half, float, (unsigned int)4, (unsigned short)16383>(channel_eq::_puschRxChEqStatDescr *, channel_eq::_puschRxChEqSoftDemapDynDescr)"
20006329132,805463,411055,1,1,1,32,32,1,30,0.000,0.000,,,,,NVIDIA A100-SXM4-40GB MIG 4g.20gb (0),1,,13,"void convert_kernel<float2, __half2>(tensor_layout_any, T1 *, tensor_layout_any, const T2 *)"
20007243489,20960,411067,2253,1,1,128,1,1,16,0.000,0.000,,,,,NVIDIA A100-SXM4-40GB MIG 4g.20gb (0),1,,13,cupy_copy__float16_float16
20007366496,6368,411076,282,1,1,128,1,1,16,0.000,0.000,,,,,NVIDIA A100-SXM4-40GB MIG 4g.20gb (0),1,,13,cupy_copy__complex64_complex64
20007374976,4448,411085,26,1,1,128,1,1,16,0.000,0.000,,,,,NVIDIA A100-SXM4-40GB MIG 4g.20gb (0),1,,13,cupy_copy__float32_float32
20007381504,4768,411094,103,1,1,128,1,1,16,0.000,0.000,,,,,NVIDIA A100-SXM4-40GB MIG 4g.20gb (0),1,,13,cupy_copy__complex64_complex64
20007386976,12736,411104,1434,1,1,128,1,1,16,0.000,0.000,,,,,NVIDIA A100-SXM4-40GB MIG 4g.20gb (0),1,,13,cupy_copy__complex64_complex64
20007400928,80223,411109,1,1,1,32,32,1,30,0.000,0.000,,,,,NVIDIA A100-SXM4-40GB MIG 4g.20gb (0),1,,13,"void convert_kernel<__half2, float2>(tensor_layout_any, T1 *, tensor_layout_any, const T2 *)"
20007509310,6016,411112,,,,,,,,,,0.094,15574.430,Pinned,Device,NVIDIA A100-SXM4-40GB MIG 4g.20gb (0),1,,13,[CUDA memcpy Host-to-Device]
20007519806,604058,411113,,,,,,,,,,456.561,755609.183,Device,,NVIDIA A100-SXM4-40GB MIG 4g.20gb (0),1,,13,[CUDA memset]
20008130072,48959,411118,,,,,,,,,,1.235,25223.731,Pinned,Device,NVIDIA A100-SXM4-40GB MIG 4g.20gb (0),1,,13,[CUDA memcpy Host-to-Device]
20008183383,9824,411119,,,,,,,,,,0.197,20012.925,Pinned,Device,NVIDIA A100-SXM4-40GB MIG 4g.20gb (0),1,,13,[CUDA memcpy Host-to-Device]
20008220919,8927,411120,69,4,1,48,1,1,76,0.002,0.000,,,,,NVIDIA A100-SXM4-40GB MIG 4g.20gb (0),1,,13,"void ch_est::windowedChEstPreNoDftSOfdmKernel<float, __half, float, (unsigned int)2, (unsigned int)1, (unsigned short)4>(ch_est::puschRxChEstStatDescr_t *, ch_est::puschRxChEstDynDescr_t *)"
20008469716,28799,411121,137,2,1,24,2,1,44,0.001,0.001,,,,,NVIDIA A100-SXM4-40GB MIG 4g.20gb (0),1,,13,"void ch_est::chEstFilterNoDftSOfdmDispatchKernel<float, __half, float, (unsigned int)2>(ch_est::puschRxChEstStatDescr_t *, ch_est::puschRxChEstDynDescr_t *)"
20008538195,14816,411122,137,2,1,24,2,1,44,0.001,0.001,,,,,NVIDIA A100-SXM4-40GB MIG 4g.20gb (0),1,,13,"void ch_est::chEstFilterNoDftSOfdmDispatchKernel<float, __half, float, (unsigned int)2>(ch_est::puschRxChEstStatDescr_t *, ch_est::puschRxChEstDynDescr_t *)"
20008874127,6304,411133,103,1,1,128,1,1,16,0.000,0.000,,,,,NVIDIA A100-SXM4-40GB MIG 4g.20gb (0),1,,13,cupy_copy__complex64_complex64
20008926575,18975,411143,1434,1,1,128,1,1,16,0.000,0.000,,,,,NVIDIA A100-SXM4-40GB MIG 4g.20gb (0),1,,13,cupy_copy__complex64_complex64
20009349066,10912,411150,103,1,1,128,1,1,16,0.000,0.000,,,,,NVIDIA A100-SXM4-40GB MIG 4g.20gb (0),1,,13,cupy_copy__complex64_complex64
20009677062,298269,411157,1,1,1,32,32,1,30,0.000,0.000,,,,,NVIDIA A100-SXM4-40GB MIG 4g.20gb (0),1,,13,"void convert_kernel<__half2, float2>(tensor_layout_any, T1 *, tensor_layout_any, const T2 *)"
20010004483,8736,411160,,,,,,,,,,0.094,10725.194,Pinned,Device,NVIDIA A100-SXM4-40GB MIG 4g.20gb (0),1,,13,[CUDA memcpy Host-to-Device]
20010271776,48895,411161,,,,,,,,,,35.810,732348.674,Device,,NVIDIA A100-SXM4-40GB MIG 4g.20gb (0),1,,13,[CUDA memset]
20010326719,2464,411163,,,,,,,,,,0.000,32.468,Pinned,Device,NVIDIA A100-SXM4-40GB MIG 4g.20gb (0),1,,13,[CUDA memcpy Host-to-Device]
20010331903,9600,411164,,,,,,,,,,0.197,20479.869,Pinned,Device,NVIDIA A100-SXM4-40GB MIG 4g.20gb (0),1,,13,[CUDA memcpy Host-to-Device]
20010756218,21536,411165,273,1,1,48,1,1,40,0.000,0.001,,,,,NVIDIA A100-SXM4-40GB MIG 4g.20gb (0),1,,13,"void pusch_noise_intf_est::noiseIntfEstNoDftSOfdmKernel<float, __half, float, float, (unsigned int)2, (unsigned int)1, (unsigned char)4, (unsigned char)4>(pusch_noise_intf_est::puschRxNoiseIntfEstDynDescr)"
20011179957,4320,411176,35,1,1,128,1,1,16,0.000,0.000,,,,,NVIDIA A100-SXM4-40GB MIG 4g.20gb (0),1,,13,cupy_copy__complex64_complex64
20011513170,9632,411185,1,1,1,1,1,1,18,0.000,0.000,,,,,NVIDIA A100-SXM4-40GB MIG 4g.20gb (0),1,,13,cupy_copy__float32_float32
20011534130,2303,411191,,,,,,,,,,0.000,1.737,Device,Pageable,NVIDIA A100-SXM4-40GB MIG 4g.20gb (0),1,,7,[CUDA memcpy Device-to-Host]
20011928813,32256,411202,1434,1,1,128,1,1,16,0.000,0.000,,,,,NVIDIA A100-SXM4-40GB MIG 4g.20gb (0),1,,13,cupy_copy__complex64_complex64
20012366344,10784,411209,103,1,1,128,1,1,16,0.000,0.000,,,,,NVIDIA A100-SXM4-40GB MIG 4g.20gb (0),1,,13,cupy_copy__complex64_complex64
20012448903,4032,411216,35,1,1,128,1,1,16,0.000,0.000,,,,,NVIDIA A100-SXM4-40GB MIG 4g.20gb (0),1,,13,cupy_copy__complex64_complex64
20012503559,11840,411223,1,1,1,1,1,1,18,0.000,0.000,,,,,NVIDIA A100-SXM4-40GB MIG 4g.20gb (0),1,,13,cupy_copy__float32_float32
20012517159,236989,411234,1,1,1,32,32,1,30,0.000,0.000,,,,,NVIDIA A100-SXM4-40GB MIG 4g.20gb (0),1,,13,"void convert_kernel<__half2, float2>(tensor_layout_any, T1 *, tensor_layout_any, const T2 *)"
20012784164,5375,411237,,,,,,,,,,0.094,17431.766,Pinned,Device,NVIDIA A100-SXM4-40GB MIG 4g.20gb (0),1,,13,[CUDA memcpy Host-to-Device]
20012799491,3744,411238,,,,,,,,,,1.547,413093.991,Device,,NVIDIA A100-SXM4-40GB MIG 4g.20gb (0),1,,13,[CUDA memset]
20012806339,3520,411243,,,,,,,,,,0.031,8890.881,Pinned,Device,NVIDIA A100-SXM4-40GB MIG 4g.20gb (0),1,,13,[CUDA memcpy Host-to-Device]
20012811939,9408,411244,,,,,,,,,,0.197,20897.858,Pinned,Device,NVIDIA A100-SXM4-40GB MIG 4g.20gb (0),1,,13,[CUDA memcpy Host-to-Device]
20012826403,6912,411245,273,1,1,8,4,1,39,0.002,0.000,,,,,NVIDIA A100-SXM4-40GB MIG 4g.20gb (0),1,,13,"void channel_eq::eqMmseCoefCompLowMimoKernel<float, float, float, (unsigned int)4, (unsigned int)1, (unsigned int)4>(const channel_eq::_puschRxChEqStatDescr *, channel_eq::_puschRxChEqCoefCompDynDescr)"
20012835011,6208,411246,273,1,1,12,11,1,51,0.002,0.000,,,,,NVIDIA A100-SXM4-40GB MIG 4g.20gb (0),1,,13,"void channel_eq::eqMmseSoftDemapKernel<float, __half, __half, float, (unsigned int)4, (unsigned short)16383>(channel_eq::_puschRxChEqStatDescr *, channel_eq::_puschRxChEqSoftDemapDynDescr)"
20012842851,281213,411247,1,1,1,32,32,1,30,0.000,0.000,,,,,NVIDIA A100-SXM4-40GB MIG 4g.20gb (0),1,,13,"void convert_kernel<float2, __half2>(tensor_layout_any, T1 *, tensor_layout_any, const T2 *)"
20013127808,10592,411259,2253,1,1,128,1,1,16,0.000,0.000,,,,,NVIDIA A100-SXM4-40GB MIG 4g.20gb (0),1,,13,cupy_copy__float16_float16
20013139680,2880,411268,282,1,1,128,1,1,16,0.000,0.000,,,,,NVIDIA A100-SXM4-40GB MIG 4g.20gb (0),1,,13,cupy_copy__complex64_complex64
20013144288,2047,411277,26,1,1,128,1,1,16,0.000,0.000,,,,,NVIDIA A100-SXM4-40GB MIG 4g.20gb (0),1,,13,cupy_copy__float32_float32
20013147743,2912,411286,103,1,1,128,1,1,16,0.000,0.000,,,,,NVIDIA A100-SXM4-40GB MIG 4g.20gb (0),1,,13,cupy_copy__complex64_complex64
20013152863,11872,411296,1434,1,1,128,1,1,16,0.000,0.000,,,,,NVIDIA A100-SXM4-40GB MIG 4g.20gb (0),1,,13,cupy_copy__complex64_complex64
20013224479,78783,411301,1,1,1,32,32,1,30,0.000,0.000,,,,,NVIDIA A100-SXM4-40GB MIG 4g.20gb (0),1,,13,"void convert_kernel<__half2, float2>(tensor_layout_any, T1 *, tensor_layout_any, const T2 *)"
20013331325,5312,411304,,,,,,,,,,0.094,17638.553,Pinned,Device,NVIDIA A100-SXM4-40GB MIG 4g.20gb (0),1,,13,[CUDA memcpy Host-to-Device]
20013342109,603034,411305,,,,,,,,,,456.561,756978.868,Device,,NVIDIA A100-SXM4-40GB MIG 4g.20gb (0),1,,13,[CUDA memset]
20013954006,51200,411310,,,,,,,,,,1.235,24119.691,Pinned,Device,NVIDIA A100-SXM4-40GB MIG 4g.20gb (0),1,,13,[CUDA memcpy Host-to-Device]
20014008438,10304,411311,,,,,,,,,,0.197,19080.610,Pinned,Device,NVIDIA A100-SXM4-40GB MIG 4g.20gb (0),1,,13,[CUDA memcpy Host-to-Device]
20014203540,15871,411312,69,4,1,48,1,1,76,0.002,0.000,,,,,NVIDIA A100-SXM4-40GB MIG 4g.20gb (0),1,,13,"void ch_est::windowedChEstPreNoDftSOfdmKernel<float, __half, float, (unsigned int)2, (unsigned int)1, (unsigned short)4>(ch_est::puschRxChEstStatDescr_t *, ch_est::puschRxChEstDynDescr_t *)"
20014796173,15008,411313,137,2,1,24,2,1,44,0.001,0.001,,,,,NVIDIA A100-SXM4-40GB MIG 4g.20gb (0),1,,13,"void ch_est::chEstFilterNoDftSOfdmDispatchKernel<float, __half, float, (unsigned int)2>(ch_est::puschRxChEstStatDescr_t *, ch_est::puschRxChEstDynDescr_t *)"
20015301287,13696,411314,137,2,1,24,2,1,44,0.001,0.001,,,,,NVIDIA A100-SXM4-40GB MIG 4g.20gb (0),1,,13,"void ch_est::chEstFilterNoDftSOfdmDispatchKernel<float, __half, float, (unsigned int)2>(ch_est::puschRxChEstStatDescr_t *, ch_est::puschRxChEstDynDescr_t *)"
20015394406,4832,411325,103,1,1,128,1,1,16,0.000,0.000,,,,,NVIDIA A100-SXM4-40GB MIG 4g.20gb (0),1,,13,cupy_copy__complex64_complex64
20015893185,18496,411335,1434,1,1,128,1,1,16,0.000,0.000,,,,,NVIDIA A100-SXM4-40GB MIG 4g.20gb (0),1,,13,cupy_copy__complex64_complex64
20016490458,4832,411342,103,1,1,128,1,1,16,0.000,0.000,,,,,NVIDIA A100-SXM4-40GB MIG 4g.20gb (0),1,,13,cupy_copy__complex64_complex64
20017080116,310268,411349,1,1,1,32,32,1,30,0.000,0.000,,,,,NVIDIA A100-SXM4-40GB MIG 4g.20gb (0),1,,13,"void convert_kernel<__half2, float2>(tensor_layout_any, T1 *, tensor_layout_any, const T2 *)"
20017428176,6176,411352,,,,,,,,,,0.094,15170.975,Pinned,Device,NVIDIA A100-SXM4-40GB MIG 4g.20gb (0),1,,13,[CUDA memcpy Host-to-Device]
20017761420,48799,411353,,,,,,,,,,35.810,733816.881,Device,,NVIDIA A100-SXM4-40GB MIG 4g.20gb (0),1,,13,[CUDA memset]
20017817163,2080,411355,,,,,,,,,,0.000,38.462,Pinned,Device,NVIDIA A100-SXM4-40GB MIG 4g.20gb (0),1,,13,[CUDA memcpy Host-to-Device]
20017821931,9760,411356,,,,,,,,,,0.197,20144.259,Pinned,Device,NVIDIA A100-SXM4-40GB MIG 4g.20gb (0),1,,13,[CUDA memcpy Host-to-Device]
20018413637,19423,411357,273,1,1,48,1,1,40,0.000,0.001,,,,,NVIDIA A100-SXM4-40GB MIG 4g.20gb (0),1,,13,"void pusch_noise_intf_est::noiseIntfEstNoDftSOfdmKernel<float, __half, float, float, (unsigned int)2, (unsigned int)1, (unsigned char)4, (unsigned char)4>(pusch_noise_intf_est::puschRxNoiseIntfEstDynDescr)"
20019028862,4512,411368,35,1,1,128,1,1,16,0.000,0.000,,,,,NVIDIA A100-SXM4-40GB MIG 4g.20gb (0),1,,13,cupy_copy__complex64_complex64
20019617815,3328,411377,1,1,1,1,1,1,18,0.000,0.000,,,,,NVIDIA A100-SXM4-40GB MIG 4g.20gb (0),1,,13,cupy_copy__float32_float32
20019629655,1600,411383,,,,,,,,,,0.000,2.500,Device,Pageable,NVIDIA A100-SXM4-40GB MIG 4g.20gb (0),1,,7,[CUDA memcpy Device-to-Host]
20020213840,16960,411394,1434,1,1,128,1,1,16,0.000,0.000,,,,,NVIDIA A100-SXM4-40GB MIG 4g.20gb (0),1,,13,cupy_copy__complex64_complex64
20020297295,10080,411401,103,1,1,128,1,1,16,0.000,0.000,,,,,NVIDIA A100-SXM4-40GB MIG 4g.20gb (0),1,,13,cupy_copy__complex64_complex64
20020309775,4544,411408,35,1,1,128,1,1,16,0.000,0.000,,,,,NVIDIA A100-SXM4-40GB MIG 4g.20gb (0),1,,13,cupy_copy__complex64_complex64
20020315023,2048,411415,1,1,1,1,1,1,18,0.000,0.000,,,,,NVIDIA A100-SXM4-40GB MIG 4g.20gb (0),1,,13,cupy_copy__float32_float32
20020319087,181182,411426,1,1,1,32,32,1,30,0.000,0.000,,,,,NVIDIA A100-SXM4-40GB MIG 4g.20gb (0),1,,13,"void convert_kernel<__half2, float2>(tensor_layout_any, T1 *, tensor_layout_any, const T2 *)"
20020574188,5824,411429,,,,,,,,,,0.094,16087.884,Pinned,Device,NVIDIA A100-SXM4-40GB MIG 4g.20gb (0),1,,13,[CUDA memcpy Host-to-Device]
20020584076,3296,411430,,,,,,,,,,1.547,469242.628,Device,,NVIDIA A100-SXM4-40GB MIG 4g.20gb (0),1,,13,[CUDA memset]
20020593196,3040,411435,,,,,,,,,,0.031,10294.725,Pinned,Device,NVIDIA A100-SXM4-40GB MIG 4g.20gb (0),1,,13,[CUDA memcpy Host-to-Device]
20020599148,9632,411436,,,,,,,,,,0.197,20411.843,Pinned,Device,NVIDIA A100-SXM4-40GB MIG 4g.20gb (0),1,,13,[CUDA memcpy Host-to-Device]
20020613324,5984,411437,273,1,1,8,4,1,39,0.002,0.000,,,,,NVIDIA A100-SXM4-40GB MIG 4g.20gb (0),1,,13,"void channel_eq::eqMmseCoefCompLowMimoKernel<float, float, float, (unsigned int)4, (unsigned int)1, (unsigned int)4>(const channel_eq::_puschRxChEqStatDescr *, channel_eq::_puschRxChEqCoefCompDynDescr)"
20020620908,5600,411438,273,1,1,12,11,1,51,0.002,0.000,,,,,NVIDIA A100-SXM4-40GB MIG 4g.20gb (0),1,,13,"void channel_eq::eqMmseSoftDemapKernel<float, __half, __half, float, (unsigned int)4, (unsigned short)16383>(channel_eq::_puschRxChEqStatDescr *, channel_eq::_puschRxChEqSoftDemapDynDescr)"
20020629068,516058,411439,1,1,1,32,32,1,30,0.000,0.000,,,,,NVIDIA A100-SXM4-40GB MIG 4g.20gb (0),1,,13,"void convert_kernel<float2, __half2>(tensor_layout_any, T1 *, tensor_layout_any, const T2 *)"
20021146886,11776,411451,2253,1,1,128,1,1,16,0.000,0.000,,,,,NVIDIA A100-SXM4-40GB MIG 4g.20gb (0),1,,13,cupy_copy__float16_float16
20021160806,3616,411460,282,1,1,128,1,1,16,0.000,0.000,,,,,NVIDIA A100-SXM4-40GB MIG 4g.20gb (0),1,,13,cupy_copy__complex64_complex64
20021166726,2272,411469,26,1,1,128,1,1,16,0.000,0.000,,,,,NVIDIA A100-SXM4-40GB MIG 4g.20gb (0),1,,13,cupy_copy__float32_float32
20021170278,3167,411478,103,1,1,128,1,1,16,0.000,0.000,,,,,NVIDIA A100-SXM4-40GB MIG 4g.20gb (0),1,,13,cupy_copy__complex64_complex64
20021175845,12288,411488,1434,1,1,128,1,1,16,0.000,0.000,,,,,NVIDIA A100-SXM4-40GB MIG 4g.20gb (0),1,,13,cupy_copy__complex64_complex64
20021237029,280221,411493,1,1,1,32,32,1,30,0.000,0.000,,,,,NVIDIA A100-SXM4-40GB MIG 4g.20gb (0),1,,13,"void convert_kernel<__half2, float2>(tensor_layout_any, T1 *, tensor_layout_any, const T2 *)"
20021545569,5952,411496,,,,,,,,,,0.094,15741.865,Pinned,Device,NVIDIA A100-SXM4-40GB MIG 4g.20gb (0),1,,13,[CUDA memcpy Host-to-Device]
20021727423,603866,411497,,,,,,,,,,456.561,755609.183,Device,,NVIDIA A100-SXM4-40GB MIG 4g.20gb (0),1,,13,[CUDA memset]
20022333369,54175,411502,,,,,,,,,,1.235,22794.596,Pinned,Device,NVIDIA A100-SXM4-40GB MIG 4g.20gb (0),1,,13,[CUDA memcpy Host-to-Device]
20022390552,10528,411503,,,,,,,,,,0.197,18674.614,Pinned,Device,NVIDIA A100-SXM4-40GB MIG 4g.20gb (0),1,,13,[CUDA memcpy Host-to-Device]
20022631029,12224,411504,69,4,1,48,1,1,76,0.002,0.000,,,,,NVIDIA A100-SXM4-40GB MIG 4g.20gb (0),1,,13,"void ch_est::windowedChEstPreNoDftSOfdmKernel<float, __half, float, (unsigned int)2, (unsigned int)1, (unsigned short)4>(ch_est::puschRxChEstStatDescr_t *, ch_est::puschRxChEstDynDescr_t *)"
20023148783,12448,411505,137,2,1,24,2,1,44,0.001,0.001,,,,,NVIDIA A100-SXM4-40GB MIG 4g.20gb (0),1,,13,"void ch_est::chEstFilterNoDftSOfdmDispatchKernel<float, __half, float, (unsigned int)2>(ch_est::puschRxChEstStatDescr_t *, ch_est::puschRxChEstDynDescr_t *)"
20023792968,10912,411506,137,2,1,24,2,1,44,0.001,0.001,,,,,NVIDIA A100-SXM4-40GB MIG 4g.20gb (0),1,,13,"void ch_est::chEstFilterNoDftSOfdmDispatchKernel<float, __half, float, (unsigned int)2>(ch_est::puschRxChEstStatDescr_t *, ch_est::puschRxChEstDynDescr_t *)"
20024055109,6560,411517,103,1,1,128,1,1,16,0.000,0.000,,,,,NVIDIA A100-SXM4-40GB MIG 4g.20gb (0),1,,13,cupy_copy__complex64_complex64
20024464481,19424,411527,1434,1,1,128,1,1,16,0.000,0.000,,,,,NVIDIA A100-SXM4-40GB MIG 4g.20gb (0),1,,13,cupy_copy__complex64_complex64
20025117146,10399,411534,103,1,1,128,1,1,16,0.000,0.000,,,,,NVIDIA A100-SXM4-40GB MIG 4g.20gb (0),1,,13,cupy_copy__complex64_complex64
20025441622,301821,411541,1,1,1,32,32,1,30,0.000,0.000,,,,,NVIDIA A100-SXM4-40GB MIG 4g.20gb (0),1,,13,"void convert_kernel<__half2, float2>(tensor_layout_any, T1 *, tensor_layout_any, const T2 *)"
20025775058,6752,411544,,,,,,,,,,0.094,13876.752,Pinned,Device,NVIDIA A100-SXM4-40GB MIG 4g.20gb (0),1,,13,[CUDA memcpy Host-to-Device]
20026069647,47327,411545,,,,,,,,,,35.810,756627.800,Device,,NVIDIA A100-SXM4-40GB MIG 4g.20gb (0),1,,13,[CUDA memset]
20026119246,1952,411547,,,,,,,,,,0.000,40.984,Pinned,Device,NVIDIA A100-SXM4-40GB MIG 4g.20gb (0),1,,13,[CUDA memcpy Host-to-Device]
20026123726,9472,411548,,,,,,,,,,0.197,20756.693,Pinned,Device,NVIDIA A100-SXM4-40GB MIG 4g.20gb (0),1,,13,[CUDA memcpy Host-to-Device]
20026353132,13824,411549,273,1,1,48,1,1,40,0.000,0.001,,,,,NVIDIA A100-SXM4-40GB MIG 4g.20gb (0),1,,13,"void pusch_noise_intf_est::noiseIntfEstNoDftSOfdmKernel<float, __half, float, float, (unsigned int)2, (unsigned int)1, (unsigned char)4, (unsigned char)4>(pusch_noise_intf_est::puschRxNoiseIntfEstDynDescr)"
20026603753,7488,411560,35,1,1,128,1,1,16,0.000,0.000,,,,,NVIDIA A100-SXM4-40GB MIG 4g.20gb (0),1,,13,cupy_copy__complex64_complex64
20026892806,3072,411569,1,1,1,1,1,1,18,0.000,0.000,,,,,NVIDIA A100-SXM4-40GB MIG 4g.20gb (0),1,,13,cupy_copy__float32_float32
20026902502,3296,411575,,,,,,,,,,0.000,1.214,Device,Pageable,NVIDIA A100-SXM4-40GB MIG 4g.20gb (0),1,,7,[CUDA memcpy Device-to-Host]
20026966949,13760,411586,1434,1,1,128,1,1,16,0.000,0.000,,,,,NVIDIA A100-SXM4-40GB MIG 4g.20gb (0),1,,13,cupy_copy__complex64_complex64
20027029476,9120,411593,103,1,1,128,1,1,16,0.000,0.000,,,,,NVIDIA A100-SXM4-40GB MIG 4g.20gb (0),1,,13,cupy_copy__complex64_complex64
20027041636,4512,411600,35,1,1,128,1,1,16,0.000,0.000,,,,,NVIDIA A100-SXM4-40GB MIG 4g.20gb (0),1,,13,cupy_copy__complex64_complex64
20027048388,4224,411607,1,1,1,1,1,1,18,0.000,0.000,,,,,NVIDIA A100-SXM4-40GB MIG 4g.20gb (0),1,,13,cupy_copy__float32_float32
20027226594,538330,411618,1,1,1,32,32,1,30,0.000,0.000,,,,,NVIDIA A100-SXM4-40GB MIG 4g.20gb (0),1,,13,"void convert_kernel<__half2, float2>(tensor_layout_any, T1 *, tensor_layout_any, const T2 *)"
20027794876,7648,411621,,,,,,,,,,0.094,12251.033,Pinned,Device,NVIDIA A100-SXM4-40GB MIG 4g.20gb (0),1,,13,[CUDA memcpy Host-to-Device]
20027978042,10303,411622,,,,,,,,,,1.547,150113.779,Device,,NVIDIA A100-SXM4-40GB MIG 4g.20gb (0),1,,13,[CUDA memset]
20027996345,3584,411627,,,,,,,,,,0.031,8732.116,Pinned,Device,NVIDIA A100-SXM4-40GB MIG 4g.20gb (0),1,,13,[CUDA memcpy Host-to-Device]
20028002489,11392,411628,,,,,,,,,,0.197,17258.250,Pinned,Device,NVIDIA A100-SXM4-40GB MIG 4g.20gb (0),1,,13,[CUDA memcpy Host-to-Device]
20028211639,14912,411629,273,1,1,8,4,1,39,0.002,0.000,,,,,NVIDIA A100-SXM4-40GB MIG 4g.20gb (0),1,,13,"void channel_eq::eqMmseCoefCompLowMimoKernel<float, float, float, (unsigned int)4, (unsigned int)1, (unsigned int)4>(const channel_eq::_puschRxChEqStatDescr *, channel_eq::_puschRxChEqCoefCompDynDescr)"
20028387701,14240,411630,273,1,1,12,11,1,51,0.002,0.000,,,,,NVIDIA A100-SXM4-40GB MIG 4g.20gb (0),1,,13,"void channel_eq::eqMmseSoftDemapKernel<float, __half, __half, float, (unsigned int)4, (unsigned short)16383>(channel_eq::_puschRxChEqStatDescr *, channel_eq::_puschRxChEqSoftDemapDynDescr)"
20028634322,901846,411631,1,1,1,32,32,1,30,0.000,0.000,,,,,NVIDIA A100-SXM4-40GB MIG 4g.20gb (0),1,,13,"void convert_kernel<float2, __half2>(tensor_layout_any, T1 *, tensor_layout_any, const T2 *)"
20029652231,16512,411643,2253,1,1,128,1,1,16,0.000,0.000,,,,,NVIDIA A100-SXM4-40GB MIG 4g.20gb (0),1,,13,cupy_copy__float16_float16
20029738502,10944,411652,282,1,1,128,1,1,16,0.000,0.000,,,,,NVIDIA A100-SXM4-40GB MIG 4g.20gb (0),1,,13,cupy_copy__complex64_complex64
20029835909,10656,411661,26,1,1,128,1,1,16,0.000,0.000,,,,,NVIDIA A100-SXM4-40GB MIG 4g.20gb (0),1,,13,cupy_copy__float32_float32
20029891076,6464,411670,103,1,1,128,1,1,16,0.000,0.000,,,,,NVIDIA A100-SXM4-40GB MIG 4g.20gb (0),1,,13,cupy_copy__complex64_complex64
20030065442,23200,411680,1434,1,1,128,1,1,16,0.000,0.000,,,,,NVIDIA A100-SXM4-40GB MIG 4g.20gb (0),1,,13,cupy_copy__complex64_complex64
20030244992,365500,411685,1,1,1,32,32,1,30,0.000,0.000,,,,,NVIDIA A100-SXM4-40GB MIG 4g.20gb (0),1,,13,"void convert_kernel<__half2, float2>(tensor_layout_any, T1 *, tensor_layout_any, const T2 *)"
20030640540,5888,411688,,,,,,,,,,0.094,15912.954,Pinned,Device,NVIDIA A100-SXM4-40GB MIG 4g.20gb (0),1,,13,[CUDA memcpy Host-to-Device]
20030825242,614201,411689,,,,,,,,,,456.561,743282.024,Device,,NVIDIA A100-SXM4-40GB MIG 4g.20gb (0),1,,13,[CUDA memset]
20031447475,51167,411694,,,,,,,,,,1.235,24134.511,Pinned,Device,NVIDIA A100-SXM4-40GB MIG 4g.20gb (0),1,,13,[CUDA memcpy Host-to-Device]
20031501842,9472,411695,,,,,,,,,,0.197,20756.693,Pinned,Device,NVIDIA A100-SXM4-40GB MIG 4g.20gb (0),1,,13,[CUDA memcpy Host-to-Device]
20031707792,21664,411696,69,4,1,48,1,1,76,0.002,0.000,,,,,NVIDIA A100-SXM4-40GB MIG 4g.20gb (0),1,,13,"void ch_est::windowedChEstPreNoDftSOfdmKernel<float, __half, float, (unsigned int)2, (unsigned int)1, (unsigned short)4>(ch_est::puschRxChEstStatDescr_t *, ch_est::puschRxChEstDynDescr_t *)"
20031993229,20928,411697,137,2,1,24,2,1,44,0.001,0.001,,,,,NVIDIA A100-SXM4-40GB MIG 4g.20gb (0),1,,13,"void ch_est::chEstFilterNoDftSOfdmDispatchKernel<float, __half, float, (unsigned int)2>(ch_est::puschRxChEstStatDescr_t *, ch_est::puschRxChEstDynDescr_t *)"
20032196683,10015,411698,137,2,1,24,2,1,44,0.001,0.001,,,,,NVIDIA A100-SXM4-40GB MIG 4g.20gb (0),1,,13,"void ch_est::chEstFilterNoDftSOfdmDispatchKernel<float, __half, float, (unsigned int)2>(ch_est::puschRxChEstStatDescr_t *, ch_est::puschRxChEstDynDescr_t *)"
20032282698,12191,411709,103,1,1,128,1,1,16,0.000,0.000,,,,,NVIDIA A100-SXM4-40GB MIG 4g.20gb (0),1,,13,cupy_copy__complex64_complex64
20032368233,16415,411719,1434,1,1,128,1,1,16,0.000,0.000,,,,,NVIDIA A100-SXM4-40GB MIG 4g.20gb (0),1,,13,cupy_copy__complex64_complex64
20032444232,15264,411726,103,1,1,128,1,1,16,0.000,0.000,,,,,NVIDIA A100-SXM4-40GB MIG 4g.20gb (0),1,,13,cupy_copy__complex64_complex64
20032525575,553530,411733,1,1,1,32,32,1,30,0.000,0.000,,,,,NVIDIA A100-SXM4-40GB MIG 4g.20gb (0),1,,13,"void convert_kernel<__half2, float2>(tensor_layout_any, T1 *, tensor_layout_any, const T2 *)"
20033109568,5696,411736,,,,,,,,,,0.094,16449.363,Pinned,Device,NVIDIA A100-SXM4-40GB MIG 4g.20gb (0),1,,13,[CUDA memcpy Host-to-Device]
20033220671,57631,411737,,,,,,,,,,35.810,621337.922,Device,,NVIDIA A100-SXM4-40GB MIG 4g.20gb (0),1,,13,[CUDA memset]
20033282942,3328,411739,,,,,,,,,,0.000,24.038,Pinned,Device,NVIDIA A100-SXM4-40GB MIG 4g.20gb (0),1,,13,[CUDA memcpy Host-to-Device]
20033288862,10016,411740,,,,,,,,,,0.197,19629.343,Pinned,Device,NVIDIA A100-SXM4-40GB MIG 4g.20gb (0),1,,13,[CUDA memcpy Host-to-Device]
20033350142,10816,411741,273,1,1,48,1,1,40,0.000,0.001,,,,,NVIDIA A100-SXM4-40GB MIG 4g.20gb (0),1,,13,"void pusch_noise_intf_est::noiseIntfEstNoDftSOfdmKernel<float, __half, float, float, (unsigned int)2, (unsigned int)1, (unsigned char)4, (unsigned char)4>(pusch_noise_intf_est::puschRxNoiseIntfEstDynDescr)"
20033511548,6976,411752,35,1,1,128,1,1,16,0.000,0.000,,,,,NVIDIA A100-SXM4-40GB MIG 4g.20gb (0),1,,13,cupy_copy__complex64_complex64
20033645946,7360,411761,1,1,1,1,1,1,18,0.000,0.000,,,,,NVIDIA A100-SXM4-40GB MIG 4g.20gb (0),1,,13,cupy_copy__float32_float32
20033663546,1568,411767,,,,,,,,,,0.000,2.551,Device,Pageable,NVIDIA A100-SXM4-40GB MIG 4g.20gb (0),1,,7,[CUDA memcpy Device-to-Host]
20033899704,20895,411778,1434,1,1,128,1,1,16,0.000,0.000,,,,,NVIDIA A100-SXM4-40GB MIG 4g.20gb (0),1,,13,cupy_copy__complex64_complex64
20034161141,4960,411785,103,1,1,128,1,1,16,0.000,0.000,,,,,NVIDIA A100-SXM4-40GB MIG 4g.20gb (0),1,,13,cupy_copy__complex64_complex64
20034316627,7584,411792,35,1,1,128,1,1,16,0.000,0.000,,,,,NVIDIA A100-SXM4-40GB MIG 4g.20gb (0),1,,13,cupy_copy__complex64_complex64
20034569360,8672,411799,1,1,1,1,1,1,18,0.000,0.000,,,,,NVIDIA A100-SXM4-40GB MIG 4g.20gb (0),1,,13,cupy_copy__float32_float32
20034749006,473083,411810,1,1,1,32,32,1,30,0.000,0.000,,,,,NVIDIA A100-SXM4-40GB MIG 4g.20gb (0),1,,13,"void convert_kernel<__half2, float2>(tensor_layout_any, T1 *, tensor_layout_any, const T2 *)"
20035252104,7328,411813,,,,,,,,,,0.094,12785.944,Pinned,Device,NVIDIA A100-SXM4-40GB MIG 4g.20gb (0),1,,13,[CUDA memcpy Host-to-Device]
20035404007,10432,411814,,,,,,,,,,1.547,148256.283,Device,,NVIDIA A100-SXM4-40GB MIG 4g.20gb (0),1,,13,[CUDA memset]
20035422439,3488,411819,,,,,,,,,,0.031,8972.469,Pinned,Device,NVIDIA A100-SXM4-40GB MIG 4g.20gb (0),1,,13,[CUDA memcpy Host-to-Device]
20035428390,10464,411820,,,,,,,,,,0.197,18788.844,Pinned,Device,NVIDIA A100-SXM4-40GB MIG 4g.20gb (0),1,,13,[CUDA memcpy Host-to-Device]
20035496614,11360,411821,273,1,1,8,4,1,39,0.002,0.000,,,,,NVIDIA A100-SXM4-40GB MIG 4g.20gb (0),1,,13,"void channel_eq::eqMmseCoefCompLowMimoKernel<float, float, float, (unsigned int)4, (unsigned int)1, (unsigned int)4>(const channel_eq::_puschRxChEqStatDescr *, channel_eq::_puschRxChEqCoefCompDynDescr)"
20035587301,10816,411822,273,1,1,12,11,1,51,0.002,0.000,,,,,NVIDIA A100-SXM4-40GB MIG 4g.20gb (0),1,,13,"void channel_eq::eqMmseSoftDemapKernel<float, __half, __half, float, (unsigned int)4, (unsigned short)16383>(channel_eq::_puschRxChEqStatDescr *, channel_eq::_puschRxChEqSoftDemapDynDescr)"
20035680964,526746,411823,1,1,1,32,32,1,30,0.000,0.000,,,,,NVIDIA A100-SXM4-40GB MIG 4g.20gb (0),1,,13,"void convert_kernel<float2, __half2>(tensor_layout_any, T1 *, tensor_layout_any, const T2 *)"
20036209214,12064,411835,2253,1,1,128,1,1,16,0.000,0.000,,,,,NVIDIA A100-SXM4-40GB MIG 4g.20gb (0),1,,13,cupy_copy__float16_float16
20036223070,2880,411844,282,1,1,128,1,1,16,0.000,0.000,,,,,NVIDIA A100-SXM4-40GB MIG 4g.20gb (0),1,,13,cupy_copy__complex64_complex64
20036227742,2240,411853,26,1,1,128,1,1,16,0.000,0.000,,,,,NVIDIA A100-SXM4-40GB MIG 4g.20gb (0),1,,13,cupy_copy__float32_float32
20036231806,3136,411862,103,1,1,128,1,1,16,0.000,0.000,,,,,NVIDIA A100-SXM4-40GB MIG 4g.20gb (0),1,,13,cupy_copy__complex64_complex64
20036236957,11744,411872,1434,1,1,128,1,1,16,0.000,0.000,,,,,NVIDIA A100-SXM4-40GB MIG 4g.20gb (0),1,,13,cupy_copy__complex64_complex64
20036250077,79359,411877,1,1,1,32,32,1,30,0.000,0.000,,,,,NVIDIA A100-SXM4-40GB MIG 4g.20gb (0),1,,13,"void convert_kernel<__half2, float2>(tensor_layout_any, T1 *, tensor_layout_any, const T2 *)"
20036370556,6144,411880,,,,,,,,,,0.094,15249.961,Pinned,Device,NVIDIA A100-SXM4-40GB MIG 4g.20gb (0),1,,13,[CUDA memcpy Host-to-Device]
20036396892,612089,411881,,,,,,,,,,456.561,745564.832,Device,,NVIDIA A100-SXM4-40GB MIG 4g.20gb (0),1,,13,[CUDA memset]
20037015413,52511,411886,,,,,,,,,,1.235,23517.039,Pinned,Device,NVIDIA A100-SXM4-40GB MIG 4g.20gb (0),1,,13,[CUDA memcpy Host-to-Device]
20037071284,11328,411887,,,,,,,,,,0.197,17355.768,Pinned,Device,NVIDIA A100-SXM4-40GB MIG 4g.20gb (0),1,,13,[CUDA memcpy Host-to-Device]
20037193939,15616,411888,69,4,1,48,1,1,76,0.002,0.000,,,,,NVIDIA A100-SXM4-40GB MIG 4g.20gb (0),1,,13,"void ch_est::windowedChEstPreNoDftSOfdmKernel<float, __half, float, (unsigned int)2, (unsigned int)1, (unsigned short)4>(ch_est::puschRxChEstStatDescr_t *, ch_est::puschRxChEstDynDescr_t *)"
20037378417,14912,411889,137,2,1,24,2,1,44,0.001,0.001,,,,,NVIDIA A100-SXM4-40GB MIG 4g.20gb (0),1,,13,"void ch_est::chEstFilterNoDftSOfdmDispatchKernel<float, __half, float, (unsigned int)2>(ch_est::puschRxChEstStatDescr_t *, ch_est::puschRxChEstDynDescr_t *)"
20037634126,15168,411890,137,2,1,24,2,1,44,0.001,0.001,,,,,NVIDIA A100-SXM4-40GB MIG 4g.20gb (0),1,,13,"void ch_est::chEstFilterNoDftSOfdmDispatchKernel<float, __half, float, (unsigned int)2>(ch_est::puschRxChEstStatDescr_t *, ch_est::puschRxChEstDynDescr_t *)"
20037824812,18880,411901,103,1,1,128,1,1,16,0.000,0.000,,,,,NVIDIA A100-SXM4-40GB MIG 4g.20gb (0),1,,13,cupy_copy__complex64_complex64
20038028649,17664,411911,1434,1,1,128,1,1,16,0.000,0.000,,,,,NVIDIA A100-SXM4-40GB MIG 4g.20gb (0),1,,13,cupy_copy__complex64_complex64
20038300358,4480,411918,103,1,1,128,1,1,16,0.000,0.000,,,,,NVIDIA A100-SXM4-40GB MIG 4g.20gb (0),1,,13,cupy_copy__complex64_complex64
20038507620,323837,411925,1,1,1,32,32,1,30,0.000,0.000,,,,,NVIDIA A100-SXM4-40GB MIG 4g.20gb (0),1,,13,"void convert_kernel<__half2, float2>(tensor_layout_any, T1 *, tensor_layout_any, const T2 *)"
20038862688,5760,411928,,,,,,,,,,0.094,16266.656,Pinned,Device,NVIDIA A100-SXM4-40GB MIG 4g.20gb (0),1,,13,[CUDA memcpy Host-to-Device]
20039132637,53600,411929,,,,,,,,,,35.810,668069.868,Device,,NVIDIA A100-SXM4-40GB MIG 4g.20gb (0),1,,13,[CUDA memset]
20039188445,3552,411931,,,,,,,,,,0.000,22.522,Pinned,Device,NVIDIA A100-SXM4-40GB MIG 4g.20gb (0),1,,13,[CUDA memcpy Host-to-Device]
20039194908,9600,411932,,,,,,,,,,0.197,20479.869,Pinned,Device,NVIDIA A100-SXM4-40GB MIG 4g.20gb (0),1,,13,[CUDA memcpy Host-to-Device]
20039617176,19200,411933,273,1,1,48,1,1,40,0.000,0.001,,,,,NVIDIA A100-SXM4-40GB MIG 4g.20gb (0),1,,13,"void pusch_noise_intf_est::noiseIntfEstNoDftSOfdmKernel<float, __half, float, float, (unsigned int)2, (unsigned int)1, (unsigned char)4, (unsigned char)4>(pusch_noise_intf_est::puschRxNoiseIntfEstDynDescr)"
20039950324,5312,411944,35,1,1,128,1,1,16,0.000,0.000,,,,,NVIDIA A100-SXM4-40GB MIG 4g.20gb (0),1,,13,cupy_copy__complex64_complex64
20040202001,3264,411953,1,1,1,1,1,1,18,0.000,0.000,,,,,NVIDIA A100-SXM4-40GB MIG 4g.20gb (0),1,,13,cupy_copy__float32_float32
20040214289,1728,411959,,,,,,,,,,0.000,2.315,Device,Pageable,NVIDIA A100-SXM4-40GB MIG 4g.20gb (0),1,,7,[CUDA memcpy Device-to-Host]
20040525198,17279,411970,1434,1,1,128,1,1,16,0.000,0.000,,,,,NVIDIA A100-SXM4-40GB MIG 4g.20gb (0),1,,13,cupy_copy__complex64_complex64
20040652332,19136,411977,103,1,1,128,1,1,16,0.000,0.000,,,,,NVIDIA A100-SXM4-40GB MIG 4g.20gb (0),1,,13,cupy_copy__complex64_complex64
20040676332,16288,411984,35,1,1,128,1,1,16,0.000,0.000,,,,,NVIDIA A100-SXM4-40GB MIG 4g.20gb (0),1,,13,cupy_copy__complex64_complex64
20040694156,2624,411991,1,1,1,1,1,1,18,0.000,0.000,,,,,NVIDIA A100-SXM4-40GB MIG 4g.20gb (0),1,,13,cupy_copy__float32_float32
20040700876,178590,412002,1,1,1,32,32,1,30,0.000,0.000,,,,,NVIDIA A100-SXM4-40GB MIG 4g.20gb (0),1,,13,"void convert_kernel<__half2, float2>(tensor_layout_any, T1 *, tensor_layout_any, const T2 *)"
20040909289,5504,412005,,,,,,,,,,0.094,17023.251,Pinned,Device,NVIDIA A100-SXM4-40GB MIG 4g.20gb (0),1,,13,[CUDA memcpy Host-to-Device]
20040923017,3232,412006,,,,,,,,,,1.547,478533.199,Device,,NVIDIA A100-SXM4-40GB MIG 4g.20gb (0),1,,13,[CUDA memset]
20040929641,3008,412011,,,,,,,,,,0.031,10404.230,Pinned,Device,NVIDIA A100-SXM4-40GB MIG 4g.20gb (0),1,,13,[CUDA memcpy Host-to-Device]
20040943305,9280,412012,,,,,,,,,,0.197,21186.085,Pinned,Device,NVIDIA A100-SXM4-40GB MIG 4g.20gb (0),1,,13,[CUDA memcpy Host-to-Device]
20040956361,5888,412013,273,1,1,8,4,1,39,0.002,0.000,,,,,NVIDIA A100-SXM4-40GB MIG 4g.20gb (0),1,,13,"void channel_eq::eqMmseCoefCompLowMimoKernel<float, float, float, (unsigned int)4, (unsigned int)1, (unsigned int)4>(const channel_eq::_puschRxChEqStatDescr *, channel_eq::_puschRxChEqCoefCompDynDescr)"
20040963625,5600,412014,273,1,1,12,11,1,51,0.002,0.000,,,,,NVIDIA A100-SXM4-40GB MIG 4g.20gb (0),1,,13,"void channel_eq::eqMmseSoftDemapKernel<float, __half, __half, float, (unsigned int)4, (unsigned short)16383>(channel_eq::_puschRxChEqStatDescr *, channel_eq::_puschRxChEqSoftDemapDynDescr)"
20040971209,281981,412015,1,1,1,32,32,1,30,0.000,0.000,,,,,NVIDIA A100-SXM4-40GB MIG 4g.20gb (0),1,,13,"void convert_kernel<float2, __half2>(tensor_layout_any, T1 *, tensor_layout_any, const T2 *)"
20041254470,10815,412027,2253,1,1,128,1,1,16,0.000,0.000,,,,,NVIDIA A100-SXM4-40GB MIG 4g.20gb (0),1,,13,cupy_copy__float16_float16
20041266597,2880,412036,282,1,1,128,1,1,16,0.000,0.000,,,,,NVIDIA A100-SXM4-40GB MIG 4g.20gb (0),1,,13,cupy_copy__complex64_complex64
20041271685,2048,412045,26,1,1,128,1,1,16,0.000,0.000,,,,,NVIDIA A100-SXM4-40GB MIG 4g.20gb (0),1,,13,cupy_copy__float32_float32
20041275781,2880,412054,103,1,1,128,1,1,16,0.000,0.000,,,,,NVIDIA A100-SXM4-40GB MIG 4g.20gb (0),1,,13,cupy_copy__complex64_complex64
20041280357,11968,412064,1434,1,1,128,1,1,16,0.000,0.000,,,,,NVIDIA A100-SXM4-40GB MIG 4g.20gb (0),1,,13,cupy_copy__complex64_complex64
20041380804,273661,412069,1,1,1,32,32,1,30,0.000,0.000,,,,,NVIDIA A100-SXM4-40GB MIG 4g.20gb (0),1,,13,"void convert_kernel<__half2, float2>(tensor_layout_any, T1 *, tensor_layout_any, const T2 *)"
20041684257,5888,412072,,,,,,,,,,0.094,15912.954,Pinned,Device,NVIDIA A100-SXM4-40GB MIG 4g.20gb (0),1,,13,[CUDA memcpy Host-to-Device]
20041712640,607386,412073,,,,,,,,,,456.561,751500.130,Device,,NVIDIA A100-SXM4-40GB MIG 4g.20gb (0),1,,13,[CUDA memset]
20042325306,53439,412078,,,,,,,,,,1.235,23108.272,Pinned,Device,NVIDIA A100-SXM4-40GB MIG 4g.20gb (0),1,,13,[CUDA memcpy Host-to-Device]
20042381913,10752,412079,,,,,,,,,,0.197,18285.527,Pinned,Device,NVIDIA A100-SXM4-40GB MIG 4g.20gb (0),1,,13,[CUDA memcpy Host-to-Device]
20042559639,19136,412080,69,4,1,48,1,1,76,0.002,0.000,,,,,NVIDIA A100-SXM4-40GB MIG 4g.20gb (0),1,,13,"void ch_est::windowedChEstPreNoDftSOfdmKernel<float, __half, float, (unsigned int)2, (unsigned int)1, (unsigned short)4>(ch_est::puschRxChEstStatDescr_t *, ch_est::puschRxChEstDynDescr_t *)"
20042646966,10912,412081,137,2,1,24,2,1,44,0.001,0.001,,,,,NVIDIA A100-SXM4-40GB MIG 4g.20gb (0),1,,13,"void ch_est::chEstFilterNoDftSOfdmDispatchKernel<float, __half, float, (unsigned int)2>(ch_est::puschRxChEstStatDescr_t *, ch_est::puschRxChEstDynDescr_t *)"
20042890259,14336,412082,137,2,1,24,2,1,44,0.001,0.001,,,,,NVIDIA A100-SXM4-40GB MIG 4g.20gb (0),1,,13,"void ch_est::chEstFilterNoDftSOfdmDispatchKernel<float, __half, float, (unsigned int)2>(ch_est::puschRxChEstStatDescr_t *, ch_est::puschRxChEstDynDescr_t *)"
20043118257,5728,412093,103,1,1,128,1,1,16,0.000,0.000,,,,,NVIDIA A100-SXM4-40GB MIG 4g.20gb (0),1,,13,cupy_copy__complex64_complex64
20043353966,18560,412103,1434,1,1,128,1,1,16,0.000,0.000,,,,,NVIDIA A100-SXM4-40GB MIG 4g.20gb (0),1,,13,cupy_copy__complex64_complex64
20043506764,4960,412110,103,1,1,128,1,1,16,0.000,0.000,,,,,NVIDIA A100-SXM4-40GB MIG 4g.20gb (0),1,,13,cupy_copy__complex64_complex64
20043591179,315197,412117,1,1,1,32,32,1,30,0.000,0.000,,,,,NVIDIA A100-SXM4-40GB MIG 4g.20gb (0),1,,13,"void convert_kernel<__half2, float2>(tensor_layout_any, T1 *, tensor_layout_any, const T2 *)"
20043935304,6240,412120,,,,,,,,,,0.094,15015.346,Pinned,Device,NVIDIA A100-SXM4-40GB MIG 4g.20gb (0),1,,13,[CUDA memcpy Host-to-Device]
20044201125,61055,412121,,,,,,,,,,35.810,586494.870,Device,,NVIDIA A100-SXM4-40GB MIG 4g.20gb (0),1,,13,[CUDA memset]
20044265476,2720,412123,,,,,,,,,,0.000,29.412,Pinned,Device,NVIDIA A100-SXM4-40GB MIG 4g.20gb (0),1,,13,[CUDA memcpy Host-to-Device]
20044272772,9536,412124,,,,,,,,,,0.197,20617.298,Pinned,Device,NVIDIA A100-SXM4-40GB MIG 4g.20gb (0),1,,13,[CUDA memcpy Host-to-Device]
20044583328,30784,412125,273,1,1,48,1,1,40,0.000,0.001,,,,,NVIDIA A100-SXM4-40GB MIG 4g.20gb (0),1,,13,"void pusch_noise_intf_est::noiseIntfEstNoDftSOfdmKernel<float, __half, float, float, (unsigned int)2, (unsigned int)1, (unsigned char)4, (unsigned char)4>(pusch_noise_intf_est::puschRxNoiseIntfEstDynDescr)"
20044740991,7136,412136,35,1,1,128,1,1,16,0.000,0.000,,,,,NVIDIA A100-SXM4-40GB MIG 4g.20gb (0),1,,13,cupy_copy__complex64_complex64
20044919645,3968,412145,1,1,1,1,1,1,18,0.000,0.000,,,,,NVIDIA A100-SXM4-40GB MIG 4g.20gb (0),1,,13,cupy_copy__float32_float32
20044936572,5280,412151,,,,,,,,,,0.000,0.758,Device,Pageable,NVIDIA A100-SXM4-40GB MIG 4g.20gb (0),1,,7,[CUDA memcpy Device-to-Host]
20045250617,17696,412162,1434,1,1,128,1,1,16,0.000,0.000,,,,,NVIDIA A100-SXM4-40GB MIG 4g.20gb (0),1,,13,cupy_copy__complex64_complex64
20045468631,4799,412169,103,1,1,128,1,1,16,0.000,0.000,,,,,NVIDIA A100-SXM4-40GB MIG 4g.20gb (0),1,,13,cupy_copy__complex64_complex64
20045918098,6783,412176,35,1,1,128,1,1,16,0.000,0.000,,,,,NVIDIA A100-SXM4-40GB MIG 4g.20gb (0),1,,13,cupy_copy__complex64_complex64
20046269678,3840,412183,1,1,1,1,1,1,18,0.000,0.000,,,,,NVIDIA A100-SXM4-40GB MIG 4g.20gb (0),1,,13,cupy_copy__float32_float32
20046545899,265213,412194,1,1,1,32,32,1,30,0.000,0.000,,,,,NVIDIA A100-SXM4-40GB MIG 4g.20gb (0),1,,13,"void convert_kernel<__half2, float2>(tensor_layout_any, T1 *, tensor_layout_any, const T2 *)"
20046841959,6144,412197,,,,,,,,,,0.094,15249.961,Pinned,Device,NVIDIA A100-SXM4-40GB MIG 4g.20gb (0),1,,13,[CUDA memcpy Host-to-Device]
20047071557,6336,412198,,,,,,,,,,1.547,244100.573,Device,,NVIDIA A100-SXM4-40GB MIG 4g.20gb (0),1,,13,[CUDA memset]
20047083525,3839,412203,,,,,,,,,,0.031,8152.107,Pinned,Device,NVIDIA A100-SXM4-40GB MIG 4g.20gb (0),1,,13,[CUDA memcpy Host-to-Device]
20047089892,9920,412204,,,,,,,,,,0.197,19819.266,Pinned,Device,NVIDIA A100-SXM4-40GB MIG 4g.20gb (0),1,,13,[CUDA memcpy Host-to-Device]
20047166724,18687,412205,273,1,1,8,4,1,39,0.002,0.000,,,,,NVIDIA A100-SXM4-40GB MIG 4g.20gb (0),1,,13,"void channel_eq::eqMmseCoefCompLowMimoKernel<float, float, float, (unsigned int)4, (unsigned int)1, (unsigned int)4>(const channel_eq::_puschRxChEqStatDescr *, channel_eq::_puschRxChEqCoefCompDynDescr)"
20047440897,12959,412206,273,1,1,12,11,1,51,0.002,0.000,,,,,NVIDIA A100-SXM4-40GB MIG 4g.20gb (0),1,,13,"void channel_eq::eqMmseSoftDemapKernel<float, __half, __half, float, (unsigned int)4, (unsigned short)16383>(channel_eq::_puschRxChEqStatDescr *, channel_eq::_puschRxChEqSoftDemapDynDescr)"
20047526176,654392,412207,1,1,1,32,32,1,30,0.000,0.000,,,,,NVIDIA A100-SXM4-40GB MIG 4g.20gb (0),1,,13,"void convert_kernel<float2, __half2>(tensor_layout_any, T1 *, tensor_layout_any, const T2 *)"
20048182328,12032,412219,2253,1,1,128,1,1,16,0.000,0.000,,,,,NVIDIA A100-SXM4-40GB MIG 4g.20gb (0),1,,13,cupy_copy__float16_float16
20048195896,3616,412228,282,1,1,128,1,1,16,0.000,0.000,,,,,NVIDIA A100-SXM4-40GB MIG 4g.20gb (0),1,,13,cupy_copy__complex64_complex64
20048201592,2272,412237,26,1,1,128,1,1,16,0.000,0.000,,,,,NVIDIA A100-SXM4-40GB MIG 4g.20gb (0),1,,13,cupy_copy__float32_float32
20048205240,3104,412246,103,1,1,128,1,1,16,0.000,0.000,,,,,NVIDIA A100-SXM4-40GB MIG 4g.20gb (0),1,,13,cupy_copy__complex64_complex64
20048210520,12352,412256,1434,1,1,128,1,1,16,0.000,0.000,,,,,NVIDIA A100-SXM4-40GB MIG 4g.20gb (0),1,,13,cupy_copy__complex64_complex64
20048224184,79551,412261,1,1,1,32,32,1,30,0.000,0.000,,,,,NVIDIA A100-SXM4-40GB MIG 4g.20gb (0),1,,13,"void convert_kernel<__half2, float2>(tensor_layout_any, T1 *, tensor_layout_any, const T2 *)"
20048335447,5311,412264,,,,,,,,,,0.094,17641.832,Pinned,Device,NVIDIA A100-SXM4-40GB MIG 4g.20gb (0),1,,13,[CUDA memcpy Host-to-Device]
20048347414,605914,412265,,,,,,,,,,456.561,753326.376,Device,,NVIDIA A100-SXM4-40GB MIG 4g.20gb (0),1,,13,[CUDA memset]
20048964176,50943,412270,,,,,,,,,,1.235,24240.716,Pinned,Device,NVIDIA A100-SXM4-40GB MIG 4g.20gb (0),1,,13,[CUDA memcpy Host-to-Device]
20049017871,9696,412271,,,,,,,,,,0.197,20277.166,Pinned,Device,NVIDIA A100-SXM4-40GB MIG 4g.20gb (0),1,,13,[CUDA memcpy Host-to-Device]
20049168301,28640,412272,69,4,1,48,1,1,76,0.002,0.000,,,,,NVIDIA A100-SXM4-40GB MIG 4g.20gb (0),1,,13,"void ch_est::windowedChEstPreNoDftSOfdmKernel<float, __half, float, (unsigned int)2, (unsigned int)1, (unsigned short)4>(ch_est::puschRxChEstStatDescr_t *, ch_est::puschRxChEstDynDescr_t *)"
20049391339,8768,412273,137,2,1,24,2,1,44,0.001,0.001,,,,,NVIDIA A100-SXM4-40GB MIG 4g.20gb (0),1,,13,"void ch_est::chEstFilterNoDftSOfdmDispatchKernel<float, __half, float, (unsigned int)2>(ch_est::puschRxChEstStatDescr_t *, ch_est::puschRxChEstDynDescr_t *)"
20049783302,13792,412274,137,2,1,24,2,1,44,0.001,0.001,,,,,NVIDIA A100-SXM4-40GB MIG 4g.20gb (0),1,,13,"void ch_est::chEstFilterNoDftSOfdmDispatchKernel<float, __half, float, (unsigned int)2>(ch_est::puschRxChEstStatDescr_t *, ch_est::puschRxChEstDynDescr_t *)"
20050246881,4544,412285,103,1,1,128,1,1,16,0.000,0.000,,,,,NVIDIA A100-SXM4-40GB MIG 4g.20gb (0),1,,13,cupy_copy__complex64_complex64
20050407807,18560,412295,1434,1,1,128,1,1,16,0.000,0.000,,,,,NVIDIA A100-SXM4-40GB MIG 4g.20gb (0),1,,13,cupy_copy__complex64_complex64
20050958137,3936,412302,103,1,1,128,1,1,16,0.000,0.000,,,,,NVIDIA A100-SXM4-40GB MIG 4g.20gb (0),1,,13,cupy_copy__complex64_complex64
20051334549,237789,412309,1,1,1,32,32,1,30,0.000,0.000,,,,,NVIDIA A100-SXM4-40GB MIG 4g.20gb (0),1,,13,"void convert_kernel<__half2, float2>(tensor_layout_any, T1 *, tensor_layout_any, const T2 *)"
20051600018,5888,412312,,,,,,,,,,0.094,15912.954,Pinned,Device,NVIDIA A100-SXM4-40GB MIG 4g.20gb (0),1,,13,[CUDA memcpy Host-to-Device]
20052028013,47808,412313,,,,,,,,,,35.810,749036.097,Device,,NVIDIA A100-SXM4-40GB MIG 4g.20gb (0),1,,13,[CUDA memset]
20052083917,2080,412315,,,,,,,,,,0.000,38.462,Pinned,Device,NVIDIA A100-SXM4-40GB MIG 4g.20gb (0),1,,13,[CUDA memcpy Host-to-Device]
20052088461,10688,412316,,,,,,,,,,0.197,18395.038,Pinned,Device,NVIDIA A100-SXM4-40GB MIG 4g.20gb (0),1,,13,[CUDA memcpy Host-to-Device]
20052618791,14496,412317,273,1,1,48,1,1,40,0.000,0.001,,,,,NVIDIA A100-SXM4-40GB MIG 4g.20gb (0),1,,13,"void pusch_noise_intf_est::noiseIntfEstNoDftSOfdmKernel<float, __half, float, float, (unsigned int)2, (unsigned int)1, (unsigned char)4, (unsigned char)4>(pusch_noise_intf_est::puschRxNoiseIntfEstDynDescr)"
20053164993,3296,412328,35,1,1,128,1,1,16,0.000,0.000,,,,,NVIDIA A100-SXM4-40GB MIG 4g.20gb (0),1,,13,cupy_copy__complex64_complex64
20053539069,4543,412337,1,1,1,1,1,1,18,0.000,0.000,,,,,NVIDIA A100-SXM4-40GB MIG 4g.20gb (0),1,,13,cupy_copy__float32_float32
20053552316,1856,412343,,,,,,,,,,0.000,2.155,Device,Pageable,NVIDIA A100-SXM4-40GB MIG 4g.20gb (0),1,,7,[CUDA memcpy Device-to-Host]
20054075511,22015,412354,1434,1,1,128,1,1,16,0.000,0.000,,,,,NVIDIA A100-SXM4-40GB MIG 4g.20gb (0),1,,13,cupy_copy__complex64_complex64
20054458610,6208,412361,103,1,1,128,1,1,16,0.000,0.000,,,,,NVIDIA A100-SXM4-40GB MIG 4g.20gb (0),1,,13,cupy_copy__complex64_complex64
20054467186,3744,412368,35,1,1,128,1,1,16,0.000,0.000,,,,,NVIDIA A100-SXM4-40GB MIG 4g.20gb (0),1,,13,cupy_copy__complex64_complex64
20054544529,5440,412375,1,1,1,1,1,1,18,0.000,0.000,,,,,NVIDIA A100-SXM4-40GB MIG 4g.20gb (0),1,,13,cupy_copy__float32_float32
20054551633,323869,412386,1,1,1,32,32,1,30,0.000,0.000,,,,,NVIDIA A100-SXM4-40GB MIG 4g.20gb (0),1,,13,"void convert_kernel<__half2, float2>(tensor_layout_any, T1 *, tensor_layout_any, const T2 *)"
20054906221,5984,412389,,,,,,,,,,0.094,15657.726,Pinned,Device,NVIDIA A100-SXM4-40GB MIG 4g.20gb (0),1,,13,[CUDA memcpy Host-to-Device]
20055035084,4768,412390,,,,,,,,,,1.547,324374.998,Device,,NVIDIA A100-SXM4-40GB MIG 4g.20gb (0),1,,13,[CUDA memset]
20055042828,3456,412395,,,,,,,,,,0.031,9055.529,Pinned,Device,NVIDIA A100-SXM4-40GB MIG 4g.20gb (0),1,,13,[CUDA memcpy Host-to-Device]
20055049228,9696,412396,,,,,,,,,,0.197,20277.166,Pinned,Device,NVIDIA A100-SXM4-40GB MIG 4g.20gb (0),1,,13,[CUDA memcpy Host-to-Device]
20055166986,11456,412397,273,1,1,8,4,1,39,0.002,0.000,,,,,NVIDIA A100-SXM4-40GB MIG 4g.20gb (0),1,,13,"void channel_eq::eqMmseCoefCompLowMimoKernel<float, float, float, (unsigned int)4, (unsigned int)1, (unsigned int)4>(const channel_eq::_puschRxChEqStatDescr *, channel_eq::_puschRxChEqCoefCompDynDescr)"
20055182442,7328,412398,273,1,1,12,11,1,51,0.002,0.000,,,,,NVIDIA A100-SXM4-40GB MIG 4g.20gb (0),1,,13,"void channel_eq::eqMmseSoftDemapKernel<float, __half, __half, float, (unsigned int)4, (unsigned short)16383>(channel_eq::_puschRxChEqStatDescr *, channel_eq::_puschRxChEqSoftDemapDynDescr)"
20055191626,531418,412399,1,1,1,32,32,1,30,0.000,0.000,,,,,NVIDIA A100-SXM4-40GB MIG 4g.20gb (0),1,,13,"void convert_kernel<float2, __half2>(tensor_layout_any, T1 *, tensor_layout_any, const T2 *)"
20055756420,15904,412411,2253,1,1,128,1,1,16,0.000,0.000,,,,,NVIDIA A100-SXM4-40GB MIG 4g.20gb (0),1,,13,cupy_copy__float16_float16
20055816195,5856,412420,282,1,1,128,1,1,16,0.000,0.000,,,,,NVIDIA A100-SXM4-40GB MIG 4g.20gb (0),1,,13,cupy_copy__complex64_complex64
20056326909,6368,412429,26,1,1,128,1,1,16,0.000,0.000,,,,,NVIDIA A100-SXM4-40GB MIG 4g.20gb (0),1,,13,cupy_copy__float32_float32
20056456700,5408,412438,103,1,1,128,1,1,16,0.000,0.000,,,,,NVIDIA A100-SXM4-40GB MIG 4g.20gb (0),1,,13,cupy_copy__complex64_complex64
20056846424,26559,412448,1434,1,1,128,1,1,16,0.000,0.000,,,,,NVIDIA A100-SXM4-40GB MIG 4g.20gb (0),1,,13,cupy_copy__complex64_complex64
20056986902,230141,412453,1,1,1,32,32,1,30,0.000,0.000,,,,,NVIDIA A100-SXM4-40GB MIG 4g.20gb (0),1,,13,"void convert_kernel<__half2, float2>(tensor_layout_any, T1 *, tensor_layout_any, const T2 *)"
20057247219,5344,412456,,,,,,,,,,0.094,17532.864,Pinned,Device,NVIDIA A100-SXM4-40GB MIG 4g.20gb (0),1,,13,[CUDA memcpy Host-to-Device]
20057257779,601529,412457,,,,,,,,,,456.561,758805.113,Device,,NVIDIA A100-SXM4-40GB MIG 4g.20gb (0),1,,13,[CUDA memset]
20057868332,48736,412462,,,,,,,,,,1.235,25338.581,Pinned,Device,NVIDIA A100-SXM4-40GB MIG 4g.20gb (0),1,,13,[CUDA memcpy Host-to-Device]
20057919500,9376,412463,,,,,,,,,,0.197,20969.226,Pinned,Device,NVIDIA A100-SXM4-40GB MIG 4g.20gb (0),1,,13,[CUDA memcpy Host-to-Device]
20057932780,7455,412464,69,4,1,48,1,1,76,0.002,0.000,,,,,NVIDIA A100-SXM4-40GB MIG 4g.20gb (0),1,,13,"void ch_est::windowedChEstPreNoDftSOfdmKernel<float, __half, float, (unsigned int)2, (unsigned int)1, (unsigned short)4>(ch_est::puschRxChEstStatDescr_t *, ch_est::puschRxChEstDynDescr_t *)"
20057941675,6400,412465,137,2,1,24,2,1,44,0.001,0.001,,,,,NVIDIA A100-SXM4-40GB MIG 4g.20gb (0),1,,13,"void ch_est::chEstFilterNoDftSOfdmDispatchKernel<float, __half, float, (unsigned int)2>(ch_est::puschRxChEstStatDescr_t *, ch_est::puschRxChEstDynDescr_t *)"
20057950379,4768,412466,137,2,1,24,2,1,44,0.001,0.001,,,,,NVIDIA A100-SXM4-40GB MIG 4g.20gb (0),1,,13,"void ch_est::chEstFilterNoDftSOfdmDispatchKernel<float, __half, float, (unsigned int)2>(ch_est::puschRxChEstStatDescr_t *, ch_est::puschRxChEstDynDescr_t *)"
20057957099,2592,412477,103,1,1,128,1,1,16,0.000,0.000,,,,,NVIDIA A100-SXM4-40GB MIG 4g.20gb (0),1,,13,cupy_copy__complex64_complex64
20057961195,13440,412487,1434,1,1,128,1,1,16,0.000,0.000,,,,,NVIDIA A100-SXM4-40GB MIG 4g.20gb (0),1,,13,cupy_copy__complex64_complex64
20057975947,2528,412494,103,1,1,128,1,1,16,0.000,0.000,,,,,NVIDIA A100-SXM4-40GB MIG 4g.20gb (0),1,,13,cupy_copy__complex64_complex64
20057979979,79551,412501,1,1,1,32,32,1,30,0.000,0.000,,,,,NVIDIA A100-SXM4-40GB MIG 4g.20gb (0),1,,13,"void convert_kernel<__half2, float2>(tensor_layout_any, T1 *, tensor_layout_any, const T2 *)"
20058092074,7200,412504,,,,,,,,,,0.094,13013.250,Pinned,Device,NVIDIA A100-SXM4-40GB MIG 4g.20gb (0),1,,13,[CUDA memcpy Host-to-Device]
20058109610,46431,412505,,,,,,,,,,35.810,771238.247,Device,,NVIDIA A100-SXM4-40GB MIG 4g.20gb (0),1,,13,[CUDA memset]
20058160265,1824,412507,,,,,,,,,,0.000,43.860,Pinned,Device,NVIDIA A100-SXM4-40GB MIG 4g.20gb (0),1,,13,[CUDA memcpy Host-to-Device]
20058164521,9408,412508,,,,,,,,,,0.197,20897.858,Pinned,Device,NVIDIA A100-SXM4-40GB MIG 4g.20gb (0),1,,13,[CUDA memcpy Host-to-Device]
20058178857,8448,412509,273,1,1,48,1,1,40,0.000,0.001,,,,,NVIDIA A100-SXM4-40GB MIG 4g.20gb (0),1,,13,"void pusch_noise_intf_est::noiseIntfEstNoDftSOfdmKernel<float, __half, float, float, (unsigned int)2, (unsigned int)1, (unsigned char)4, (unsigned char)4>(pusch_noise_intf_est::puschRxNoiseIntfEstDynDescr)"
20058189193,2720,412520,35,1,1,128,1,1,16,0.000,0.000,,,,,NVIDIA A100-SXM4-40GB MIG 4g.20gb (0),1,,13,cupy_copy__complex64_complex64
20058216776,1888,412529,1,1,1,1,1,1,18,0.000,0.000,,,,,NVIDIA A100-SXM4-40GB MIG 4g.20gb (0),1,,13,cupy_copy__float32_float32
20058251304,1920,412535,,,,,,,,,,0.000,2.083,Device,Pageable,NVIDIA A100-SXM4-40GB MIG 4g.20gb (0),1,,7,[CUDA memcpy Device-to-Host]
20058429062,18464,412546,1434,1,1,128,1,1,16,0.000,0.000,,,,,NVIDIA A100-SXM4-40GB MIG 4g.20gb (0),1,,13,cupy_copy__complex64_complex64
20058707107,4704,412553,103,1,1,128,1,1,16,0.000,0.000,,,,,NVIDIA A100-SXM4-40GB MIG 4g.20gb (0),1,,13,cupy_copy__complex64_complex64
20058822466,3840,412560,35,1,1,128,1,1,16,0.000,0.000,,,,,NVIDIA A100-SXM4-40GB MIG 4g.20gb (0),1,,13,cupy_copy__complex64_complex64
20058828674,3839,412567,1,1,1,1,1,1,18,0.000,0.000,,,,,NVIDIA A100-SXM4-40GB MIG 4g.20gb (0),1,,13,cupy_copy__float32_float32
20058834497,231038,412578,1,1,1,32,32,1,30,0.000,0.000,,,,,NVIDIA A100-SXM4-40GB MIG 4g.20gb (0),1,,13,"void convert_kernel<__half2, float2>(tensor_layout_any, T1 *, tensor_layout_any, const T2 *)"
20059095967,6271,412581,,,,,,,,,,0.094,14941.139,Pinned,Device,NVIDIA A100-SXM4-40GB MIG 4g.20gb (0),1,,13,[CUDA memcpy Host-to-Device]
20059514938,4992,412582,,,,,,,,,,1.547,309819.720,Device,,NVIDIA A100-SXM4-40GB MIG 4g.20gb (0),1,,13,[CUDA memset]
20059522970,5536,412587,,,,,,,,,,0.031,5653.153,Pinned,Device,NVIDIA A100-SXM4-40GB MIG 4g.20gb (0),1,,13,[CUDA memcpy Host-to-Device]
20059531194,9984,412588,,,,,,,,,,0.197,19692.257,Pinned,Device,NVIDIA A100-SXM4-40GB MIG 4g.20gb (0),1,,13,[CUDA memcpy Host-to-Device]
20060025140,15008,412589,273,1,1,8,4,1,39,0.002,0.000,,,,,NVIDIA A100-SXM4-40GB MIG 4g.20gb (0),1,,13,"void channel_eq::eqMmseCoefCompLowMimoKernel<float, float, float, (unsigned int)4, (unsigned int)1, (unsigned int)4>(const channel_eq::_puschRxChEqStatDescr *, channel_eq::_puschRxChEqCoefCompDynDescr)"
20060534254,12000,412590,273,1,1,12,11,1,51,0.002,0.000,,,,,NVIDIA A100-SXM4-40GB MIG 4g.20gb (0),1,,13,"void channel_eq::eqMmseSoftDemapKernel<float, __half, __half, float, (unsigned int)4, (unsigned short)16383>(channel_eq::_puschRxChEqStatDescr *, channel_eq::_puschRxChEqSoftDemapDynDescr)"
20061044361,748087,412591,1,1,1,32,32,1,30,0.000,0.000,,,,,NVIDIA A100-SXM4-40GB MIG 4g.20gb (0),1,,13,"void convert_kernel<float2, __half2>(tensor_layout_any, T1 *, tensor_layout_any, const T2 *)"
20062204060,13952,412603,2253,1,1,128,1,1,16,0.000,0.000,,,,,NVIDIA A100-SXM4-40GB MIG 4g.20gb (0),1,,13,cupy_copy__float16_float16
20062853045,5024,412612,282,1,1,128,1,1,16,0.000,0.000,,,,,NVIDIA A100-SXM4-40GB MIG 4g.20gb (0),1,,13,cupy_copy__complex64_complex64
20063242832,7136,412621,26,1,1,128,1,1,16,0.000,0.000,,,,,NVIDIA A100-SXM4-40GB MIG 4g.20gb (0),1,,13,cupy_copy__float32_float32
20063252432,7584,412630,103,1,1,128,1,1,16,0.000,0.000,,,,,NVIDIA A100-SXM4-40GB MIG 4g.20gb (0),1,,13,cupy_copy__complex64_complex64
20063261328,16448,412640,1434,1,1,128,1,1,16,0.000,0.000,,,,,NVIDIA A100-SXM4-40GB MIG 4g.20gb (0),1,,13,cupy_copy__complex64_complex64
20063282896,80095,412645,1,1,1,32,32,1,30,0.000,0.000,,,,,NVIDIA A100-SXM4-40GB MIG 4g.20gb (0),1,,13,"void convert_kernel<__half2, float2>(tensor_layout_any, T1 *, tensor_layout_any, const T2 *)"
20063393551,5568,412648,,,,,,,,,,0.094,16827.521,Pinned,Device,NVIDIA A100-SXM4-40GB MIG 4g.20gb (0),1,,13,[CUDA memcpy Host-to-Device]
20063405326,606490,412649,,,,,,,,,,456.561,752413.253,Device,,NVIDIA A100-SXM4-40GB MIG 4g.20gb (0),1,,13,[CUDA memset]
20064017128,51583,412654,,,,,,,,,,1.235,23940.624,Pinned,Device,NVIDIA A100-SXM4-40GB MIG 4g.20gb (0),1,,13,[CUDA memcpy Host-to-Device]
20064071335,9792,412655,,,,,,,,,,0.197,20078.395,Pinned,Device,NVIDIA A100-SXM4-40GB MIG 4g.20gb (0),1,,13,[CUDA memcpy Host-to-Device]
20064175078,8992,412656,69,4,1,48,1,1,76,0.002,0.000,,,,,NVIDIA A100-SXM4-40GB MIG 4g.20gb (0),1,,13,"void ch_est::windowedChEstPreNoDftSOfdmKernel<float, __half, float, (unsigned int)2, (unsigned int)1, (unsigned short)4>(ch_est::puschRxChEstStatDescr_t *, ch_est::puschRxChEstDynDescr_t *)"
20064294341,9599,412657,137,2,1,24,2,1,44,0.001,0.001,,,,,NVIDIA A100-SXM4-40GB MIG 4g.20gb (0),1,,13,"void ch_est::chEstFilterNoDftSOfdmDispatchKernel<float, __half, float, (unsigned int)2>(ch_est::puschRxChEstStatDescr_t *, ch_est::puschRxChEstDynDescr_t *)"
20064304932,5376,412658,137,2,1,24,2,1,44,0.001,0.001,,,,,NVIDIA A100-SXM4-40GB MIG 4g.20gb (0),1,,13,"void ch_est::chEstFilterNoDftSOfdmDispatchKernel<float, __half, float, (unsigned int)2>(ch_est::puschRxChEstStatDescr_t *, ch_est::puschRxChEstDynDescr_t *)"
20064312580,2560,412669,103,1,1,128,1,1,16,0.000,0.000,,,,,NVIDIA A100-SXM4-40GB MIG 4g.20gb (0),1,,13,cupy_copy__complex64_complex64
20064316868,12832,412679,1434,1,1,128,1,1,16,0.000,0.000,,,,,NVIDIA A100-SXM4-40GB MIG 4g.20gb (0),1,,13,cupy_copy__complex64_complex64
20064330916,2496,412686,103,1,1,128,1,1,16,0.000,0.000,,,,,NVIDIA A100-SXM4-40GB MIG 4g.20gb (0),1,,13,cupy_copy__complex64_complex64
20064335652,124031,412693,1,1,1,32,32,1,30,0.000,0.000,,,,,NVIDIA A100-SXM4-40GB MIG 4g.20gb (0),1,,13,"void convert_kernel<__half2, float2>(tensor_layout_any, T1 *, tensor_layout_any, const T2 *)"
20064489250,5504,412696,,,,,,,,,,0.094,17023.251,Pinned,Device,NVIDIA A100-SXM4-40GB MIG 4g.20gb (0),1,,13,[CUDA memcpy Host-to-Device]
20064587521,47936,412697,,,,,,,,,,35.810,747030.741,Device,,NVIDIA A100-SXM4-40GB MIG 4g.20gb (0),1,,13,[CUDA memset]
20064638849,2112,412699,,,,,,,,,,0.000,37.879,Pinned,Device,NVIDIA A100-SXM4-40GB MIG 4g.20gb (0),1,,13,[CUDA memcpy Host-to-Device]
20064644065,10464,412700,,,,,,,,,,0.197,18788.844,Pinned,Device,NVIDIA A100-SXM4-40GB MIG 4g.20gb (0),1,,13,[CUDA memcpy Host-to-Device]
20064795039,16992,412701,273,1,1,48,1,1,40,0.000,0.001,,,,,NVIDIA A100-SXM4-40GB MIG 4g.20gb (0),1,,13,"void pusch_noise_intf_est::noiseIntfEstNoDftSOfdmKernel<float, __half, float, float, (unsigned int)2, (unsigned int)1, (unsigned char)4, (unsigned char)4>(pusch_noise_intf_est::puschRxNoiseIntfEstDynDescr)"
20065368953,5728,412712,35,1,1,128,1,1,16,0.000,0.000,,,,,NVIDIA A100-SXM4-40GB MIG 4g.20gb (0),1,,13,cupy_copy__complex64_complex64
20065634486,3584,412721,1,1,1,1,1,1,18,0.000,0.000,,,,,NVIDIA A100-SXM4-40GB MIG 4g.20gb (0),1,,13,cupy_copy__float32_float32
20065647093,1600,412727,,,,,,,,,,0.000,2.500,Device,Pageable,NVIDIA A100-SXM4-40GB MIG 4g.20gb (0),1,,7,[CUDA memcpy Device-to-Host]
20066212559,17632,412738,1434,1,1,128,1,1,16,0.000,0.000,,,,,NVIDIA A100-SXM4-40GB MIG 4g.20gb (0),1,,13,cupy_copy__complex64_complex64
20066948359,4512,412745,103,1,1,128,1,1,16,0.000,0.000,,,,,NVIDIA A100-SXM4-40GB MIG 4g.20gb (0),1,,13,cupy_copy__complex64_complex64
20067415202,6368,412752,35,1,1,128,1,1,16,0.000,0.000,,,,,NVIDIA A100-SXM4-40GB MIG 4g.20gb (0),1,,13,cupy_copy__complex64_complex64
20067523521,3327,412759,1,1,1,1,1,1,18,0.000,0.000,,,,,NVIDIA A100-SXM4-40GB MIG 4g.20gb (0),1,,13,cupy_copy__float32_float32
20067984571,209182,412770,1,1,1,32,32,1,30,0.000,0.000,,,,,NVIDIA A100-SXM4-40GB MIG 4g.20gb (0),1,,13,"void convert_kernel<__half2, float2>(tensor_layout_any, T1 *, tensor_layout_any, const T2 *)"
20068224761,6464,412773,,,,,,,,,,0.094,14494.959,Pinned,Device,NVIDIA A100-SXM4-40GB MIG 4g.20gb (0),1,,13,[CUDA memcpy Host-to-Device]
20068449238,6848,412774,,,,,,,,,,1.547,225850.409,Device,,NVIDIA A100-SXM4-40GB MIG 4g.20gb (0),1,,13,[CUDA memset]
20068462294,3584,412779,,,,,,,,,,0.031,8732.116,Pinned,Device,NVIDIA A100-SXM4-40GB MIG 4g.20gb (0),1,,13,[CUDA memcpy Host-to-Device]
20068468598,10016,412780,,,,,,,,,,0.197,19629.343,Pinned,Device,NVIDIA A100-SXM4-40GB MIG 4g.20gb (0),1,,13,[CUDA memcpy Host-to-Device]
20068918641,23776,412781,273,1,1,8,4,1,39,0.002,0.000,,,,,NVIDIA A100-SXM4-40GB MIG 4g.20gb (0),1,,13,"void channel_eq::eqMmseCoefCompLowMimoKernel<float, float, float, (unsigned int)4, (unsigned int)1, (unsigned int)4>(const channel_eq::_puschRxChEqStatDescr *, channel_eq::_puschRxChEqCoefCompDynDescr)"
20069438987,9504,412782,273,1,1,12,11,1,51,0.002,0.000,,,,,NVIDIA A100-SXM4-40GB MIG 4g.20gb (0),1,,13,"void channel_eq::eqMmseSoftDemapKernel<float, __half, __half, float, (unsigned int)4, (unsigned short)16383>(channel_eq::_puschRxChEqStatDescr *, channel_eq::_puschRxChEqSoftDemapDynDescr)"
20069560458,566074,412783,1,1,1,32,32,1,30,0.000,0.000,,,,,NVIDIA A100-SXM4-40GB MIG 4g.20gb (0),1,,13,"void convert_kernel<float2, __half2>(tensor_layout_any, T1 *, tensor_layout_any, const T2 *)"
20070582174,35808,412795,2253,1,1,128,1,1,16,0.000,0.000,,,,,NVIDIA A100-SXM4-40GB MIG 4g.20gb (0),1,,13,cupy_copy__float16_float16
20070712765,5056,412804,282,1,1,128,1,1,16,0.000,0.000,,,,,NVIDIA A100-SXM4-40GB MIG 4g.20gb (0),1,,13,cupy_copy__complex64_complex64
20070794460,6176,412813,26,1,1,128,1,1,16,0.000,0.000,,,,,NVIDIA A100-SXM4-40GB MIG 4g.20gb (0),1,,13,cupy_copy__float32_float32
20070881179,5696,412822,103,1,1,128,1,1,16,0.000,0.000,,,,,NVIDIA A100-SXM4-40GB MIG 4g.20gb (0),1,,13,cupy_copy__complex64_complex64
20071073465,72063,412832,1434,1,1,128,1,1,16,0.000,0.000,,,,,NVIDIA A100-SXM4-40GB MIG 4g.20gb (0),1,,13,cupy_copy__complex64_complex64
20071148440,317469,412837,1,1,1,32,32,1,30,0.000,0.000,,,,,NVIDIA A100-SXM4-40GB MIG 4g.20gb (0),1,,13,"void convert_kernel<__half2, float2>(tensor_layout_any, T1 *, tensor_layout_any, const T2 *)"
20071531540,9184,412840,,,,,,,,,,0.094,10202.089,Pinned,Device,NVIDIA A100-SXM4-40GB MIG 4g.20gb (0),1,,13,[CUDA memcpy Host-to-Device]
20071696274,618809,412841,,,,,,,,,,456.561,737803.287,Device,,NVIDIA A100-SXM4-40GB MIG 4g.20gb (0),1,,13,[CUDA memset]
20072318795,64863,412846,,,,,,,,,,1.235,19039.132,Pinned,Device,NVIDIA A100-SXM4-40GB MIG 4g.20gb (0),1,,13,[CUDA memcpy Host-to-Device]
20072390986,10016,412847,,,,,,,,,,0.197,19629.343,Pinned,Device,NVIDIA A100-SXM4-40GB MIG 4g.20gb (0),1,,13,[CUDA memcpy Host-to-Device]
20072541545,15551,412848,69,4,1,48,1,1,76,0.002,0.000,,,,,NVIDIA A100-SXM4-40GB MIG 4g.20gb (0),1,,13,"void ch_est::windowedChEstPreNoDftSOfdmKernel<float, __half, float, (unsigned int)2, (unsigned int)1, (unsigned short)4>(ch_est::puschRxChEstStatDescr_t *, ch_est::puschRxChEstDynDescr_t *)"
20072938564,24832,412849,137,2,1,24,2,1,44,0.001,0.001,,,,,NVIDIA A100-SXM4-40GB MIG 4g.20gb (0),1,,13,"void ch_est::chEstFilterNoDftSOfdmDispatchKernel<float, __half, float, (unsigned int)2>(ch_est::puschRxChEstStatDescr_t *, ch_est::puschRxChEstDynDescr_t *)"
20073244481,23999,412850,137,2,1,24,2,1,44,0.001,0.001,,,,,NVIDIA A100-SXM4-40GB MIG 4g.20gb (0),1,,13,"void ch_est::chEstFilterNoDftSOfdmDispatchKernel<float, __half, float, (unsigned int)2>(ch_est::puschRxChEstStatDescr_t *, ch_est::puschRxChEstDynDescr_t *)"
20073340224,7488,412861,103,1,1,128,1,1,16,0.000,0.000,,,,,NVIDIA A100-SXM4-40GB MIG 4g.20gb (0),1,,13,cupy_copy__complex64_complex64
20073351712,14239,412871,1434,1,1,128,1,1,16,0.000,0.000,,,,,NVIDIA A100-SXM4-40GB MIG 4g.20gb (0),1,,13,cupy_copy__complex64_complex64
20073647388,10496,412878,103,1,1,128,1,1,16,0.000,0.000,,,,,NVIDIA A100-SXM4-40GB MIG 4g.20gb (0),1,,13,cupy_copy__complex64_complex64
20073740187,262685,412885,1,1,1,32,32,1,30,0.000,0.000,,,,,NVIDIA A100-SXM4-40GB MIG 4g.20gb (0),1,,13,"void convert_kernel<__half2, float2>(tensor_layout_any, T1 *, tensor_layout_any, const T2 *)"
20074032888,10944,412888,,,,,,,,,,0.094,8561.378,Pinned,Device,NVIDIA A100-SXM4-40GB MIG 4g.20gb (0),1,,13,[CUDA memcpy Host-to-Device]
20074418228,52511,412889,,,,,,,,,,35.810,681928.307,Device,,NVIDIA A100-SXM4-40GB MIG 4g.20gb (0),1,,13,[CUDA memset]
20074476403,3936,412891,,,,,,,,,,0.000,20.325,Pinned,Device,NVIDIA A100-SXM4-40GB MIG 4g.20gb (0),1,,13,[CUDA memcpy Host-to-Device]
20074483923,10272,412892,,,,,,,,,,0.197,19140.182,Pinned,Device,NVIDIA A100-SXM4-40GB MIG 4g.20gb (0),1,,13,[CUDA memcpy Host-to-Device]
20074875375,19615,412893,273,1,1,48,1,1,40,0.000,0.001,,,,,NVIDIA A100-SXM4-40GB MIG 4g.20gb (0),1,,13,"void pusch_noise_intf_est::noiseIntfEstNoDftSOfdmKernel<float, __half, float, float, (unsigned int)2, (unsigned int)1, (unsigned char)4, (unsigned char)4>(pusch_noise_intf_est::puschRxNoiseIntfEstDynDescr)"
20075089580,11616,412904,35,1,1,128,1,1,16,0.000,0.000,,,,,NVIDIA A100-SXM4-40GB MIG 4g.20gb (0),1,,13,cupy_copy__complex64_complex64
20075186507,3616,412913,1,1,1,1,1,1,18,0.000,0.000,,,,,NVIDIA A100-SXM4-40GB MIG 4g.20gb (0),1,,13,cupy_copy__float32_float32
20075199403,5376,412919,,,,,,,,,,0.000,0.744,Device,Pageable,NVIDIA A100-SXM4-40GB MIG 4g.20gb (0),1,,7,[CUDA memcpy Device-to-Host]
20075495336,17279,412930,1434,1,1,128,1,1,16,0.000,0.000,,,,,NVIDIA A100-SXM4-40GB MIG 4g.20gb (0),1,,13,cupy_copy__complex64_complex64
20075713253,14528,412937,103,1,1,128,1,1,16,0.000,0.000,,,,,NVIDIA A100-SXM4-40GB MIG 4g.20gb (0),1,,13,cupy_copy__complex64_complex64
20075811396,4096,412944,35,1,1,128,1,1,16,0.000,0.000,,,,,NVIDIA A100-SXM4-40GB MIG 4g.20gb (0),1,,13,cupy_copy__complex64_complex64
20076018754,4352,412951,1,1,1,1,1,1,18,0.000,0.000,,,,,NVIDIA A100-SXM4-40GB MIG 4g.20gb (0),1,,13,cupy_copy__float32_float32
20076115489,338268,412962,1,1,1,32,32,1,30,0.000,0.000,,,,,NVIDIA A100-SXM4-40GB MIG 4g.20gb (0),1,,13,"void convert_kernel<__half2, float2>(tensor_layout_any, T1 *, tensor_layout_any, const T2 *)"
20076485501,9055,412965,,,,,,,,,,0.094,10347.411,Pinned,Device,NVIDIA A100-SXM4-40GB MIG 4g.20gb (0),1,,13,[CUDA memcpy Host-to-Device]
20076504284,3360,412966,,,,,,,,,,1.547,460304.688,Device,,NVIDIA A100-SXM4-40GB MIG 4g.20gb (0),1,,13,[CUDA memset]
20076510460,4128,412971,,,,,,,,,,0.031,7581.393,Pinned,Device,NVIDIA A100-SXM4-40GB MIG 4g.20gb (0),1,,13,[CUDA memcpy Host-to-Device]
20076517020,9600,412972,,,,,,,,,,0.197,20479.869,Pinned,Device,NVIDIA A100-SXM4-40GB MIG 4g.20gb (0),1,,13,[CUDA memcpy Host-to-Device]
20076530684,7328,412973,273,1,1,8,4,1,39,0.002,0.000,,,,,NVIDIA A100-SXM4-40GB MIG 4g.20gb (0),1,,13,"void channel_eq::eqMmseCoefCompLowMimoKernel<float, float, float, (unsigned int)4, (unsigned int)1, (unsigned int)4>(const channel_eq::_puschRxChEqStatDescr *, channel_eq::_puschRxChEqCoefCompDynDescr)"
20076539516,6848,412974,273,1,1,12,11,1,51,0.002,0.000,,,,,NVIDIA A100-SXM4-40GB MIG 4g.20gb (0),1,,13,"void channel_eq::eqMmseSoftDemapKernel<float, __half, __half, float, (unsigned int)4, (unsigned short)16383>(channel_eq::_puschRxChEqStatDescr *, channel_eq::_puschRxChEqSoftDemapDynDescr)"
20076547996,281629,412975,1,1,1,32,32,1,30,0.000,0.000,,,,,NVIDIA A100-SXM4-40GB MIG 4g.20gb (0),1,,13,"void convert_kernel<float2, __half2>(tensor_layout_any, T1 *, tensor_layout_any, const T2 *)"
20076831257,10752,412987,2253,1,1,128,1,1,16,0.000,0.000,,,,,NVIDIA A100-SXM4-40GB MIG 4g.20gb (0),1,,13,cupy_copy__float16_float16
20076844633,2880,412996,282,1,1,128,1,1,16,0.000,0.000,,,,,NVIDIA A100-SXM4-40GB MIG 4g.20gb (0),1,,13,cupy_copy__complex64_complex64
20076849497,2079,413005,26,1,1,128,1,1,16,0.000,0.000,,,,,NVIDIA A100-SXM4-40GB MIG 4g.20gb (0),1,,13,cupy_copy__float32_float32
20076852920,2912,413014,103,1,1,128,1,1,16,0.000,0.000,,,,,NVIDIA A100-SXM4-40GB MIG 4g.20gb (0),1,,13,cupy_copy__complex64_complex64
20076858040,11968,413024,1434,1,1,128,1,1,16,0.000,0.000,,,,,NVIDIA A100-SXM4-40GB MIG 4g.20gb (0),1,,13,cupy_copy__complex64_complex64
20076880440,79487,413029,1,1,1,32,32,1,30,0.000,0.000,,,,,NVIDIA A100-SXM4-40GB MIG 4g.20gb (0),1,,13,"void convert_kernel<__half2, float2>(tensor_layout_any, T1 *, tensor_layout_any, const T2 *)"
20076993047,5696,413032,,,,,,,,,,0.094,16449.363,Pinned,Device,NVIDIA A100-SXM4-40GB MIG 4g.20gb (0),1,,13,[CUDA memcpy Host-to-Device]
20077006615,625561,413033,,,,,,,,,,456.561,729585.181,Device,,NVIDIA A100-SXM4-40GB MIG 4g.20gb (0),1,,13,[CUDA memset]
20077642032,56607,413038,,,,,,,,,,1.235,21815.286,Pinned,Device,NVIDIA A100-SXM4-40GB MIG 4g.20gb (0),1,,13,[CUDA memcpy Host-to-Device]
20077701263,12672,413039,,,,,,,,,,0.197,15515.124,Pinned,Device,NVIDIA A100-SXM4-40GB MIG 4g.20gb (0),1,,13,[CUDA memcpy Host-to-Device]
20078042731,27776,413040,69,4,1,48,1,1,76,0.002,0.000,,,,,NVIDIA A100-SXM4-40GB MIG 4g.20gb (0),1,,13,"void ch_est::windowedChEstPreNoDftSOfdmKernel<float, __half, float, (unsigned int)2, (unsigned int)1, (unsigned short)4>(ch_est::puschRxChEstStatDescr_t *, ch_est::puschRxChEstDynDescr_t *)"
20078284137,11903,413041,137,2,1,24,2,1,44,0.001,0.001,,,,,NVIDIA A100-SXM4-40GB MIG 4g.20gb (0),1,,13,"void ch_est::chEstFilterNoDftSOfdmDispatchKernel<float, __half, float, (unsigned int)2>(ch_est::puschRxChEstStatDescr_t *, ch_est::puschRxChEstDynDescr_t *)"
20078565221,9600,413042,137,2,1,24,2,1,44,0.001,0.001,,,,,NVIDIA A100-SXM4-40GB MIG 4g.20gb (0),1,,13,"void ch_est::chEstFilterNoDftSOfdmDispatchKernel<float, __half, float, (unsigned int)2>(ch_est::puschRxChEstStatDescr_t *, ch_est::puschRxChEstDynDescr_t *)"
20078883970,9568,413053,103,1,1,128,1,1,16,0.000,0.000,,,,,NVIDIA A100-SXM4-40GB MIG 4g.20gb (0),1,,13,cupy_copy__complex64_complex64
20078986817,16448,413063,1434,1,1,128,1,1,16,0.000,0.000,,,,,NVIDIA A100-SXM4-40GB MIG 4g.20gb (0),1,,13,cupy_copy__complex64_complex64
20079311421,6528,413070,103,1,1,128,1,1,16,0.000,0.000,,,,,NVIDIA A100-SXM4-40GB MIG 4g.20gb (0),1,,13,cupy_copy__complex64_complex64
20079580506,279645,413077,1,1,1,32,32,1,30,0.000,0.000,,,,,NVIDIA A100-SXM4-40GB MIG 4g.20gb (0),1,,13,"void convert_kernel<__half2, float2>(tensor_layout_any, T1 *, tensor_layout_any, const T2 *)"
20079892023,10047,413080,,,,,,,,,,0.094,9325.750,Pinned,Device,NVIDIA A100-SXM4-40GB MIG 4g.20gb (0),1,,13,[CUDA memcpy Host-to-Device]
20080251539,49151,413081,,,,,,,,,,35.810,728552.822,Device,,NVIDIA A100-SXM4-40GB MIG 4g.20gb (0),1,,13,[CUDA memset]
20080309138,2176,413083,,,,,,,,,,0.000,36.765,Pinned,Device,NVIDIA A100-SXM4-40GB MIG 4g.20gb (0),1,,13,[CUDA memcpy Host-to-Device]
20080314354,10240,413084,,,,,,,,,,0.197,19199.951,Pinned,Device,NVIDIA A100-SXM4-40GB MIG 4g.20gb (0),1,,13,[CUDA memcpy Host-to-Device]
20080727309,16608,413085,273,1,1,48,1,1,40,0.000,0.001,,,,,NVIDIA A100-SXM4-40GB MIG 4g.20gb (0),1,,13,"void pusch_noise_intf_est::noiseIntfEstNoDftSOfdmKernel<float, __half, float, float, (unsigned int)2, (unsigned int)1, (unsigned char)4, (unsigned char)4>(pusch_noise_intf_est::puschRxNoiseIntfEstDynDescr)"
20081149865,4704,413096,35,1,1,128,1,1,16,0.000,0.000,,,,,NVIDIA A100-SXM4-40GB MIG 4g.20gb (0),1,,13,cupy_copy__complex64_complex64
20081474213,5056,413105,1,1,1,1,1,1,18,0.000,0.000,,,,,NVIDIA A100-SXM4-40GB MIG 4g.20gb (0),1,,13,cupy_copy__float32_float32
20081482053,6528,413111,,,,,,,,,,0.000,0.613,Device,Pageable,NVIDIA A100-SXM4-40GB MIG 4g.20gb (0),1,,7,[CUDA memcpy Device-to-Host]
20081900736,28416,413122,1434,1,1,128,1,1,16,0.000,0.000,,,,,NVIDIA A100-SXM4-40GB MIG 4g.20gb (0),1,,13,cupy_copy__complex64_complex64
20082140670,6559,413129,103,1,1,128,1,1,16,0.000,0.000,,,,,NVIDIA A100-SXM4-40GB MIG 4g.20gb (0),1,,13,cupy_copy__complex64_complex64
20082154205,6560,413136,35,1,1,128,1,1,16,0.000,0.000,,,,,NVIDIA A100-SXM4-40GB MIG 4g.20gb (0),1,,13,cupy_copy__complex64_complex64
20082172797,2688,413143,1,1,1,1,1,1,18,0.000,0.000,,,,,NVIDIA A100-SXM4-40GB MIG 4g.20gb (0),1,,13,cupy_copy__float32_float32
20082289692,284861,413154,1,1,1,32,32,1,30,0.000,0.000,,,,,NVIDIA A100-SXM4-40GB MIG 4g.20gb (0),1,,13,"void convert_kernel<__half2, float2>(tensor_layout_any, T1 *, tensor_layout_any, const T2 *)"
20082605304,6176,413157,,,,,,,,,,0.094,15170.975,Pinned,Device,NVIDIA A100-SXM4-40GB MIG 4g.20gb (0),1,,13,[CUDA memcpy Host-to-Device]
20082619928,4832,413158,,,,,,,,,,1.547,320078.477,Device,,NVIDIA A100-SXM4-40GB MIG 4g.20gb (0),1,,13,[CUDA memset]
20082627224,3680,413163,,,,,,,,,,0.031,8504.344,Pinned,Device,NVIDIA A100-SXM4-40GB MIG 4g.20gb (0),1,,13,[CUDA memcpy Host-to-Device]
20082640152,9632,413164,,,,,,,,,,0.197,20411.843,Pinned,Device,NVIDIA A100-SXM4-40GB MIG 4g.20gb (0),1,,13,[CUDA memcpy Host-to-Device]
20082654648,8224,413165,273,1,1,8,4,1,39,0.002,0.000,,,,,NVIDIA A100-SXM4-40GB MIG 4g.20gb (0),1,,13,"void channel_eq::eqMmseCoefCompLowMimoKernel<float, float, float, (unsigned int)4, (unsigned int)1, (unsigned int)4>(const channel_eq::_puschRxChEqStatDescr *, channel_eq::_puschRxChEqCoefCompDynDescr)"
20082774902,28128,413166,273,1,1,12,11,1,51,0.002,0.000,,,,,NVIDIA A100-SXM4-40GB MIG 4g.20gb (0),1,,13,"void channel_eq::eqMmseSoftDemapKernel<float, __half, __half, float, (unsigned int)4, (unsigned short)16383>(channel_eq::_puschRxChEqStatDescr *, channel_eq::_puschRxChEqSoftDemapDynDescr)"
20082814006,634361,413167,1,1,1,32,32,1,30,0.000,0.000,,,,,NVIDIA A100-SXM4-40GB MIG 4g.20gb (0),1,,13,"void convert_kernel<float2, __half2>(tensor_layout_any, T1 *, tensor_layout_any, const T2 *)"
20083715436,13152,413179,2253,1,1,128,1,1,16,0.000,0.000,,,,,NVIDIA A100-SXM4-40GB MIG 4g.20gb (0),1,,13,cupy_copy__float16_float16
20084154247,5120,413188,282,1,1,128,1,1,16,0.000,0.000,,,,,NVIDIA A100-SXM4-40GB MIG 4g.20gb (0),1,,13,cupy_copy__complex64_complex64
20084499491,18976,413197,26,1,1,128,1,1,16,0.000,0.000,,,,,NVIDIA A100-SXM4-40GB MIG 4g.20gb (0),1,,13,cupy_copy__float32_float32
20084836159,13024,413206,103,1,1,128,1,1,16,0.000,0.000,,,,,NVIDIA A100-SXM4-40GB MIG 4g.20gb (0),1,,13,cupy_copy__complex64_complex64
20085072125,16992,413216,1434,1,1,128,1,1,16,0.000,0.000,,,,,NVIDIA A100-SXM4-40GB MIG 4g.20gb (0),1,,13,cupy_copy__complex64_complex64
20085397017,309341,413221,1,1,1,32,32,1,30,0.000,0.000,,,,,NVIDIA A100-SXM4-40GB MIG 4g.20gb (0),1,,13,"void convert_kernel<__half2, float2>(tensor_layout_any, T1 *, tensor_layout_any, const T2 *)"
20085736981,7808,413224,,,,,,,,,,0.094,11999.928,Pinned,Device,NVIDIA A100-SXM4-40GB MIG 4g.20gb (0),1,,13,[CUDA memcpy Host-to-Device]
20086059730,601497,413225,,,,,,,,,,456.561,758805.113,Device,,NVIDIA A100-SXM4-40GB MIG 4g.20gb (0),1,,13,[CUDA memset]
20086665035,58367,413230,,,,,,,,,,1.235,21157.061,Pinned,Device,NVIDIA A100-SXM4-40GB MIG 4g.20gb (0),1,,13,[CUDA memcpy Host-to-Device]
20086726250,10272,413231,,,,,,,,,,0.197,19140.182,Pinned,Device,NVIDIA A100-SXM4-40GB MIG 4g.20gb (0),1,,13,[CUDA memcpy Host-to-Device]
20087129510,11040,413232,69,4,1,48,1,1,76,0.002,0.000,,,,,NVIDIA A100-SXM4-40GB MIG 4g.20gb (0),1,,13,"void ch_est::windowedChEstPreNoDftSOfdmKernel<float, __half, float, (unsigned int)2, (unsigned int)1, (unsigned short)4>(ch_est::puschRxChEstStatDescr_t *, ch_est::puschRxChEstDynDescr_t *)"
20087626208,13088,413233,137,2,1,24,2,1,44,0.001,0.001,,,,,NVIDIA A100-SXM4-40GB MIG 4g.20gb (0),1,,13,"void ch_est::chEstFilterNoDftSOfdmDispatchKernel<float, __half, float, (unsigned int)2>(ch_est::puschRxChEstStatDescr_t *, ch_est::puschRxChEstDynDescr_t *)"
20088114011,12320,413234,137,2,1,24,2,1,44,0.001,0.001,,,,,NVIDIA A100-SXM4-40GB MIG 4g.20gb (0),1,,13,"void ch_est::chEstFilterNoDftSOfdmDispatchKernel<float, __half, float, (unsigned int)2>(ch_est::puschRxChEstStatDescr_t *, ch_est::puschRxChEstDynDescr_t *)"
20088489335,4800,413245,103,1,1,128,1,1,16,0.000,0.000,,,,,NVIDIA A100-SXM4-40GB MIG 4g.20gb (0),1,,13,cupy_copy__complex64_complex64
20088530486,24224,413255,1434,1,1,128,1,1,16,0.000,0.000,,,,,NVIDIA A100-SXM4-40GB MIG 4g.20gb (0),1,,13,cupy_copy__complex64_complex64
20088559542,3648,413262,103,1,1,128,1,1,16,0.000,0.000,,,,,NVIDIA A100-SXM4-40GB MIG 4g.20gb (0),1,,13,cupy_copy__complex64_complex64
20088737460,305917,413269,1,1,1,32,32,1,30,0.000,0.000,,,,,NVIDIA A100-SXM4-40GB MIG 4g.20gb (0),1,,13,"void convert_kernel<__half2, float2>(tensor_layout_any, T1 *, tensor_layout_any, const T2 *)"
20089076208,6240,413272,,,,,,,,,,0.094,15015.346,Pinned,Device,NVIDIA A100-SXM4-40GB MIG 4g.20gb (0),1,,13,[CUDA memcpy Host-to-Device]
20089088784,70527,413273,,,,,,,,,,35.810,507713.046,Device,,NVIDIA A100-SXM4-40GB MIG 4g.20gb (0),1,,13,[CUDA memset]
20089160431,1824,413275,,,,,,,,,,0.000,43.860,Pinned,Device,NVIDIA A100-SXM4-40GB MIG 4g.20gb (0),1,,13,[CUDA memcpy Host-to-Device]
20089165071,15872,413276,,,,,,,,,,0.197,12387.090,Pinned,Device,NVIDIA A100-SXM4-40GB MIG 4g.20gb (0),1,,13,[CUDA memcpy Host-to-Device]
20089188015,19360,413277,273,1,1,48,1,1,40,0.000,0.001,,,,,NVIDIA A100-SXM4-40GB MIG 4g.20gb (0),1,,13,"void pusch_noise_intf_est::noiseIntfEstNoDftSOfdmKernel<float, __half, float, float, (unsigned int)2, (unsigned int)1, (unsigned char)4, (unsigned char)4>(pusch_noise_intf_est::puschRxNoiseIntfEstDynDescr)"
20089213071,2944,413288,35,1,1,128,1,1,16,0.000,0.000,,,,,NVIDIA A100-SXM4-40GB MIG 4g.20gb (0),1,,13,cupy_copy__complex64_complex64
20089218127,2048,413297,1,1,1,1,1,1,18,0.000,0.000,,,,,NVIDIA A100-SXM4-40GB MIG 4g.20gb (0),1,,13,cupy_copy__float32_float32
20089233134,2976,413303,,,,,,,,,,0.000,1.344,Device,Pageable,NVIDIA A100-SXM4-40GB MIG 4g.20gb (0),1,,7,[CUDA memcpy Device-to-Host]
20089373037,19328,413314,1434,1,1,128,1,1,16,0.000,0.000,,,,,NVIDIA A100-SXM4-40GB MIG 4g.20gb (0),1,,13,cupy_copy__complex64_complex64
20089722729,6400,413321,103,1,1,128,1,1,16,0.000,0.000,,,,,NVIDIA A100-SXM4-40GB MIG 4g.20gb (0),1,,13,cupy_copy__complex64_complex64
20089971334,4384,413328,35,1,1,128,1,1,16,0.000,0.000,,,,,NVIDIA A100-SXM4-40GB MIG 4g.20gb (0),1,,13,cupy_copy__complex64_complex64
20090161508,3072,413335,1,1,1,1,1,1,18,0.000,0.000,,,,,NVIDIA A100-SXM4-40GB MIG 4g.20gb (0),1,,13,cupy_copy__float32_float32
20090429825,290781,413346,1,1,1,32,32,1,30,0.000,0.000,,,,,NVIDIA A100-SXM4-40GB MIG 4g.20gb (0),1,,13,"void convert_kernel<__half2, float2>(tensor_layout_any, T1 *, tensor_layout_any, const T2 *)"
20090751869,8480,413349,,,,,,,,,,0.094,11049.007,Pinned,Device,NVIDIA A100-SXM4-40GB MIG 4g.20gb (0),1,,13,[CUDA memcpy Host-to-Device]
20091212280,10016,413350,,,,,,,,,,1.547,154414.940,Device,,NVIDIA A100-SXM4-40GB MIG 4g.20gb (0),1,,13,[CUDA memset]
20091229560,6400,413355,,,,,,,,,,0.031,4890.000,Pinned,Device,NVIDIA A100-SXM4-40GB MIG 4g.20gb (0),1,,13,[CUDA memcpy Host-to-Device]
20091241528,13728,413356,,,,,,,,,,0.197,14321.517,Pinned,Device,NVIDIA A100-SXM4-40GB MIG 4g.20gb (0),1,,13,[CUDA memcpy Host-to-Device]
20091598004,14976,413357,273,1,1,8,4,1,39,0.002,0.000,,,,,NVIDIA A100-SXM4-40GB MIG 4g.20gb (0),1,,13,"void channel_eq::eqMmseCoefCompLowMimoKernel<float, float, float, (unsigned int)4, (unsigned int)1, (unsigned int)4>(const channel_eq::_puschRxChEqStatDescr *, channel_eq::_puschRxChEqCoefCompDynDescr)"
20091980816,18976,413358,273,1,1,12,11,1,51,0.002,0.000,,,,,NVIDIA A100-SXM4-40GB MIG 4g.20gb (0),1,,13,"void channel_eq::eqMmseSoftDemapKernel<float, __half, __half, float, (unsigned int)4, (unsigned short)16383>(channel_eq::_puschRxChEqStatDescr *, channel_eq::_puschRxChEqSoftDemapDynDescr)"
20092443755,741943,413359,1,1,1,32,32,1,30,0.000,0.000,,,,,NVIDIA A100-SXM4-40GB MIG 4g.20gb (0),1,,13,"void convert_kernel<float2, __half2>(tensor_layout_any, T1 *, tensor_layout_any, const T2 *)"
20093374368,18912,413371,2253,1,1,128,1,1,16,0.000,0.000,,,,,NVIDIA A100-SXM4-40GB MIG 4g.20gb (0),1,,13,cupy_copy__float16_float16
20093542846,4192,413380,282,1,1,128,1,1,16,0.000,0.000,,,,,NVIDIA A100-SXM4-40GB MIG 4g.20gb (0),1,,13,cupy_copy__complex64_complex64
20093721340,7200,413389,26,1,1,128,1,1,16,0.000,0.000,,,,,NVIDIA A100-SXM4-40GB MIG 4g.20gb (0),1,,13,cupy_copy__float32_float32
20093731772,4992,413398,103,1,1,128,1,1,16,0.000,0.000,,,,,NVIDIA A100-SXM4-40GB MIG 4g.20gb (0),1,,13,cupy_copy__complex64_complex64
20093740540,12608,413408,1434,1,1,128,1,1,16,0.000,0.000,,,,,NVIDIA A100-SXM4-40GB MIG 4g.20gb (0),1,,13,cupy_copy__complex64_complex64
20093755132,80095,413413,1,1,1,32,32,1,30,0.000,0.000,,,,,NVIDIA A100-SXM4-40GB MIG 4g.20gb (0),1,,13,"void convert_kernel<__half2, float2>(tensor_layout_any, T1 *, tensor_layout_any, const T2 *)"
20093866587,5344,413416,,,,,,,,,,0.094,17532.864,Pinned,Device,NVIDIA A100-SXM4-40GB MIG 4g.20gb (0),1,,13,[CUDA memcpy Host-to-Device]
20093877499,605561,413417,,,,,,,,,,456.561,753782.937,Device,,NVIDIA A100-SXM4-40GB MIG 4g.20gb (0),1,,13,[CUDA memset]
20094490196,49983,413422,,,,,,,,,,1.235,24706.290,Pinned,Device,NVIDIA A100-SXM4-40GB MIG 4g.20gb (0),1,,13,[CUDA memcpy Host-to-Device]
20094542611,9728,413423,,,,,,,,,,0.197,20210.516,Pinned,Device,NVIDIA A100-SXM4-40GB MIG 4g.20gb (0),1,,13,[CUDA memcpy Host-to-Device]
20094557779,7584,413424,69,4,1,48,1,1,76,0.002,0.000,,,,,NVIDIA A100-SXM4-40GB MIG 4g.20gb (0),1,,13,"void ch_est::windowedChEstPreNoDftSOfdmKernel<float, __half, float, (unsigned int)2, (unsigned int)1, (unsigned short)4>(ch_est::puschRxChEstStatDescr_t *, ch_est::puschRxChEstDynDescr_t *)"
20094567667,6560,413425,137,2,1,24,2,1,44,0.001,0.001,,,,,NVIDIA A100-SXM4-40GB MIG 4g.20gb (0),1,,13,"void ch_est::chEstFilterNoDftSOfdmDispatchKernel<float, __half, float, (unsigned int)2>(ch_est::puschRxChEstStatDescr_t *, ch_est::puschRxChEstDynDescr_t *)"
20094575731,5568,413426,137,2,1,24,2,1,44,0.001,0.001,,,,,NVIDIA A100-SXM4-40GB MIG 4g.20gb (0),1,,13,"void ch_est::chEstFilterNoDftSOfdmDispatchKernel<float, __half, float, (unsigned int)2>(ch_est::puschRxChEstStatDescr_t *, ch_est::puschRxChEstDynDescr_t *)"
20094583379,2496,413437,103,1,1,128,1,1,16,0.000,0.000,,,,,NVIDIA A100-SXM4-40GB MIG 4g.20gb (0),1,,13,cupy_copy__complex64_complex64
20094587379,13088,413447,1434,1,1,128,1,1,16,0.000,0.000,,,,,NVIDIA A100-SXM4-40GB MIG 4g.20gb (0),1,,13,cupy_copy__complex64_complex64
20094602643,2495,413454,103,1,1,128,1,1,16,0.000,0.000,,,,,NVIDIA A100-SXM4-40GB MIG 4g.20gb (0),1,,13,cupy_copy__complex64_complex64
20094607378,80160,413461,1,1,1,32,32,1,30,0.000,0.000,,,,,NVIDIA A100-SXM4-40GB MIG 4g.20gb (0),1,,13,"void convert_kernel<__half2, float2>(tensor_layout_any, T1 *, tensor_layout_any, const T2 *)"
20094727281,5568,413464,,,,,,,,,,0.094,16827.521,Pinned,Device,NVIDIA A100-SXM4-40GB MIG 4g.20gb (0),1,,13,[CUDA memcpy Host-to-Device]
20094744785,47199,413465,,,,,,,,,,35.810,758668.965,Device,,NVIDIA A100-SXM4-40GB MIG 4g.20gb (0),1,,13,[CUDA memset]
20094796240,2560,413467,,,,,,,,,,0.000,31.250,Pinned,Device,NVIDIA A100-SXM4-40GB MIG 4g.20gb (0),1,,13,[CUDA memcpy Host-to-Device]
20094801232,9920,413468,,,,,,,,,,0.197,19819.266,Pinned,Device,NVIDIA A100-SXM4-40GB MIG 4g.20gb (0),1,,13,[CUDA memcpy Host-to-Device]
20094867760,14335,413469,273,1,1,48,1,1,40,0.000,0.001,,,,,NVIDIA A100-SXM4-40GB MIG 4g.20gb (0),1,,13,"void pusch_noise_intf_est::noiseIntfEstNoDftSOfdmKernel<float, __half, float, float, (unsigned int)2, (unsigned int)1, (unsigned char)4, (unsigned char)4>(pusch_noise_intf_est::puschRxNoiseIntfEstDynDescr)"
20094884175,3552,413480,35,1,1,128,1,1,16,0.000,0.000,,,,,NVIDIA A100-SXM4-40GB MIG 4g.20gb (0),1,,13,cupy_copy__complex64_complex64
20094966894,4160,413489,1,1,1,1,1,1,18,0.000,0.000,,,,,NVIDIA A100-SXM4-40GB MIG 4g.20gb (0),1,,13,cupy_copy__float32_float32
20094973326,1632,413495,,,,,,,,,,0.000,2.451,Device,Pageable,NVIDIA A100-SXM4-40GB MIG 4g.20gb (0),1,,7,[CUDA memcpy Device-to-Host]
20095114957,25504,413506,1434,1,1,128,1,1,16,0.000,0.000,,,,,NVIDIA A100-SXM4-40GB MIG 4g.20gb (0),1,,13,cupy_copy__complex64_complex64
20095235531,4736,413513,103,1,1,128,1,1,16,0.000,0.000,,,,,NVIDIA A100-SXM4-40GB MIG 4g.20gb (0),1,,13,cupy_copy__complex64_complex64
20095585064,9087,413520,35,1,1,128,1,1,16,0.000,0.000,,,,,NVIDIA A100-SXM4-40GB MIG 4g.20gb (0),1,,13,cupy_copy__complex64_complex64
20095829029,3616,413527,1,1,1,1,1,1,18,0.000,0.000,,,,,NVIDIA A100-SXM4-40GB MIG 4g.20gb (0),1,,13,cupy_copy__float32_float32
20096029475,286620,413538,1,1,1,32,32,1,30,0.000,0.000,,,,,NVIDIA A100-SXM4-40GB MIG 4g.20gb (0),1,,13,"void convert_kernel<__half2, float2>(tensor_layout_any, T1 *, tensor_layout_any, const T2 *)"
20096345535,8704,413541,,,,,,,,,,0.094,10764.640,Pinned,Device,NVIDIA A100-SXM4-40GB MIG 4g.20gb (0),1,,13,[CUDA memcpy Host-to-Device]
20096646364,9344,413542,,,,,,,,,,1.547,165519.700,Device,,NVIDIA A100-SXM4-40GB MIG 4g.20gb (0),1,,13,[CUDA memset]
20096661628,4800,413547,,,,,,,,,,0.031,6519.990,Pinned,Device,NVIDIA A100-SXM4-40GB MIG 4g.20gb (0),1,,13,[CUDA memcpy Host-to-Device]
20096671067,10880,413548,,,,,,,,,,0.197,18070.438,Pinned,Device,NVIDIA A100-SXM4-40GB MIG 4g.20gb (0),1,,13,[CUDA memcpy Host-to-Device]
20097002712,19584,413549,273,1,1,8,4,1,39,0.002,0.000,,,,,NVIDIA A100-SXM4-40GB MIG 4g.20gb (0),1,,13,"void channel_eq::eqMmseCoefCompLowMimoKernel<float, float, float, (unsigned int)4, (unsigned int)1, (unsigned int)4>(const channel_eq::_puschRxChEqStatDescr *, channel_eq::_puschRxChEqCoefCompDynDescr)"
20097362036,17696,413550,273,1,1,12,11,1,51,0.002,0.000,,,,,NVIDIA A100-SXM4-40GB MIG 4g.20gb (0),1,,13,"void channel_eq::eqMmseSoftDemapKernel<float, __half, __half, float, (unsigned int)4, (unsigned short)16383>(channel_eq::_puschRxChEqStatDescr *, channel_eq::_puschRxChEqSoftDemapDynDescr)"
20097720624,735960,413551,1,1,1,32,32,1,30,0.000,0.000,,,,,NVIDIA A100-SXM4-40GB MIG 4g.20gb (0),1,,13,"void convert_kernel<float2, __half2>(tensor_layout_any, T1 *, tensor_layout_any, const T2 *)"
20098776580,20896,413563,2253,1,1,128,1,1,16,0.000,0.000,,,,,NVIDIA A100-SXM4-40GB MIG 4g.20gb (0),1,,13,cupy_copy__float16_float16
20098799332,4096,413572,282,1,1,128,1,1,16,0.000,0.000,,,,,NVIDIA A100-SXM4-40GB MIG 4g.20gb (0),1,,13,cupy_copy__complex64_complex64
20098805028,2496,413581,26,1,1,128,1,1,16,0.000,0.000,,,,,NVIDIA A100-SXM4-40GB MIG 4g.20gb (0),1,,13,cupy_copy__float32_float32
20098809060,3168,413590,103,1,1,128,1,1,16,0.000,0.000,,,,,NVIDIA A100-SXM4-40GB MIG 4g.20gb (0),1,,13,cupy_copy__complex64_complex64
20098870115,12736,413606,1434,1,1,128,1,1,16,0.000,0.000,,,,,NVIDIA A100-SXM4-40GB MIG 4g.20gb (0),1,,13,cupy_copy__complex64_complex64
20099000321,160767,413611,1,1,1,32,32,1,30,0.000,0.000,,,,,NVIDIA A100-SXM4-40GB MIG 4g.20gb (0),1,,13,"void convert_kernel<__half2, float2>(tensor_layout_any, T1 *, tensor_layout_any, const T2 *)"
20099190847,5344,413614,,,,,,,,,,0.094,17532.864,Pinned,Device,NVIDIA A100-SXM4-40GB MIG 4g.20gb (0),1,,13,[CUDA memcpy Host-to-Device]
20099201023,607001,413615,,,,,,,,,,456.561,751956.692,Device,,NVIDIA A100-SXM4-40GB MIG 4g.20gb (0),1,,13,[CUDA memset]
20099811608,50752,413620,,,,,,,,,,1.235,24332.102,Pinned,Device,NVIDIA A100-SXM4-40GB MIG 4g.20gb (0),1,,13,[CUDA memcpy Host-to-Device]
20099865688,9728,413621,,,,,,,,,,0.197,20210.516,Pinned,Device,NVIDIA A100-SXM4-40GB MIG 4g.20gb (0),1,,13,[CUDA memcpy Host-to-Device]
20100275987,21312,413622,69,4,1,48,1,1,76,0.002,0.000,,,,,NVIDIA A100-SXM4-40GB MIG 4g.20gb (0),1,,13,"void ch_est::windowedChEstPreNoDftSOfdmKernel<float, __half, float, (unsigned int)2, (unsigned int)1, (unsigned short)4>(ch_est::puschRxChEstStatDescr_t *, ch_est::puschRxChEstDynDescr_t *)"
20100333587,11711,413623,137,2,1,24,2,1,44,0.001,0.001,,,,,NVIDIA A100-SXM4-40GB MIG 4g.20gb (0),1,,13,"void ch_est::chEstFilterNoDftSOfdmDispatchKernel<float, __half, float, (unsigned int)2>(ch_est::puschRxChEstStatDescr_t *, ch_est::puschRxChEstDynDescr_t *)"
20100813485,16448,413624,137,2,1,24,2,1,44,0.001,0.001,,,,,NVIDIA A100-SXM4-40GB MIG 4g.20gb (0),1,,13,"void ch_est::chEstFilterNoDftSOfdmDispatchKernel<float, __half, float, (unsigned int)2>(ch_est::puschRxChEstStatDescr_t *, ch_est::puschRxChEstDynDescr_t *)"
20101242216,6304,413635,103,1,1,128,1,1,16,0.000,0.000,,,,,NVIDIA A100-SXM4-40GB MIG 4g.20gb (0),1,,13,cupy_copy__complex64_complex64
20101299656,18560,413645,1434,1,1,128,1,1,16,0.000,0.000,,,,,NVIDIA A100-SXM4-40GB MIG 4g.20gb (0),1,,13,cupy_copy__complex64_complex64
20101731683,6496,413652,103,1,1,128,1,1,16,0.000,0.000,,,,,NVIDIA A100-SXM4-40GB MIG 4g.20gb (0),1,,13,cupy_copy__complex64_complex64
20101809282,255901,413659,1,1,1,32,32,1,30,0.000,0.000,,,,,NVIDIA A100-SXM4-40GB MIG 4g.20gb (0),1,,13,"void convert_kernel<__half2, float2>(tensor_layout_any, T1 *, tensor_layout_any, const T2 *)"
20102268061,6976,413662,,,,,,,,,,0.094,13431.134,Pinned,Device,NVIDIA A100-SXM4-40GB MIG 4g.20gb (0),1,,13,[CUDA memcpy Host-to-Device]
20102435067,61695,413663,,,,,,,,,,35.810,580407.183,Device,,NVIDIA A100-SXM4-40GB MIG 4g.20gb (0),1,,13,[CUDA memset]
20102498522,1856,413665,,,,,,,,,,0.000,43.103,Pinned,Device,NVIDIA A100-SXM4-40GB MIG 4g.20gb (0),1,,13,[CUDA memcpy Host-to-Device]
20102502810,9920,413666,,,,,,,,,,0.197,19819.266,Pinned,Device,NVIDIA A100-SXM4-40GB MIG 4g.20gb (0),1,,13,[CUDA memcpy Host-to-Device]
20103124275,21280,413667,273,1,1,48,1,1,40,0.000,0.001,,,,,NVIDIA A100-SXM4-40GB MIG 4g.20gb (0),1,,13,"void pusch_noise_intf_est::noiseIntfEstNoDftSOfdmKernel<float, __half, float, float, (unsigned int)2, (unsigned int)1, (unsigned char)4, (unsigned char)4>(pusch_noise_intf_est::puschRxNoiseIntfEstDynDescr)"
20103606862,6336,413678,35,1,1,128,1,1,16,0.000,0.000,,,,,NVIDIA A100-SXM4-40GB MIG 4g.20gb (0),1,,13,cupy_copy__complex64_complex64
20104029545,3168,413687,1,1,1,1,1,1,18,0.000,0.000,,,,,NVIDIA A100-SXM4-40GB MIG 4g.20gb (0),1,,13,cupy_copy__float32_float32
20104040521,1888,413693,,,,,,,,,,0.000,2.119,Device,Pageable,NVIDIA A100-SXM4-40GB MIG 4g.20gb (0),1,,7,[CUDA memcpy Device-to-Host]
20104560323,19520,413704,1434,1,1,128,1,1,16,0.000,0.000,,,,,NVIDIA A100-SXM4-40GB MIG 4g.20gb (0),1,,13,cupy_copy__complex64_complex64
20104993407,6624,413711,103,1,1,128,1,1,16,0.000,0.000,,,,,NVIDIA A100-SXM4-40GB MIG 4g.20gb (0),1,,13,cupy_copy__complex64_complex64
20105048606,6656,413718,35,1,1,128,1,1,16,0.000,0.000,,,,,NVIDIA A100-SXM4-40GB MIG 4g.20gb (0),1,,13,cupy_copy__complex64_complex64
20105057662,3616,413725,1,1,1,1,1,1,18,0.000,0.000,,,,,NVIDIA A100-SXM4-40GB MIG 4g.20gb (0),1,,13,cupy_copy__float32_float32
20105064158,227965,413736,1,1,1,32,32,1,30,0.000,0.000,,,,,NVIDIA A100-SXM4-40GB MIG 4g.20gb (0),1,,13,"void convert_kernel<__half2, float2>(tensor_layout_any, T1 *, tensor_layout_any, const T2 *)"
20105330459,5408,413739,,,,,,,,,,0.094,17325.421,Pinned,Device,NVIDIA A100-SXM4-40GB MIG 4g.20gb (0),1,,13,[CUDA memcpy Host-to-Device]
20105355931,3616,413740,,,,,,,,,,1.547,427715.774,Device,,NVIDIA A100-SXM4-40GB MIG 4g.20gb (0),1,,13,[CUDA memset]
20105369050,3648,413745,,,,,,,,,,0.031,8578.922,Pinned,Device,NVIDIA A100-SXM4-40GB MIG 4g.20gb (0),1,,13,[CUDA memcpy Host-to-Device]
20105375546,9472,413746,,,,,,,,,,0.197,20756.693,Pinned,Device,NVIDIA A100-SXM4-40GB MIG 4g.20gb (0),1,,13,[CUDA memcpy Host-to-Device]
20105389306,6944,413747,273,1,1,8,4,1,39,0.002,0.000,,,,,NVIDIA A100-SXM4-40GB MIG 4g.20gb (0),1,,13,"void channel_eq::eqMmseCoefCompLowMimoKernel<float, float, float, (unsigned int)4, (unsigned int)1, (unsigned int)4>(const channel_eq::_puschRxChEqStatDescr *, channel_eq::_puschRxChEqCoefCompDynDescr)"
20105398298,5728,413748,273,1,1,12,11,1,51,0.002,0.000,,,,,NVIDIA A100-SXM4-40GB MIG 4g.20gb (0),1,,13,"void channel_eq::eqMmseSoftDemapKernel<float, __half, __half, float, (unsigned int)4, (unsigned short)16383>(channel_eq::_puschRxChEqStatDescr *, channel_eq::_puschRxChEqSoftDemapDynDescr)"
20105408634,281917,413749,1,1,1,32,32,1,30,0.000,0.000,,,,,NVIDIA A100-SXM4-40GB MIG 4g.20gb (0),1,,13,"void convert_kernel<float2, __half2>(tensor_layout_any, T1 *, tensor_layout_any, const T2 *)"
20105691831,10816,413761,2253,1,1,128,1,1,16,0.000,0.000,,,,,NVIDIA A100-SXM4-40GB MIG 4g.20gb (0),1,,13,cupy_copy__float16_float16
20105704791,2848,413770,282,1,1,128,1,1,16,0.000,0.000,,,,,NVIDIA A100-SXM4-40GB MIG 4g.20gb (0),1,,13,cupy_copy__complex64_complex64
20105709527,2080,413779,26,1,1,128,1,1,16,0.000,0.000,,,,,NVIDIA A100-SXM4-40GB MIG 4g.20gb (0),1,,13,cupy_copy__float32_float32
20105713047,2976,413788,103,1,1,128,1,1,16,0.000,0.000,,,,,NVIDIA A100-SXM4-40GB MIG 4g.20gb (0),1,,13,cupy_copy__complex64_complex64
20105745622,12320,413798,1434,1,1,128,1,1,16,0.000,0.000,,,,,NVIDIA A100-SXM4-40GB MIG 4g.20gb (0),1,,13,cupy_copy__complex64_complex64
20105912340,349340,413803,1,1,1,32,32,1,30,0.000,0.000,,,,,NVIDIA A100-SXM4-40GB MIG 4g.20gb (0),1,,13,"void convert_kernel<__half2, float2>(tensor_layout_any, T1 *, tensor_layout_any, const T2 *)"
20106296400,6016,413806,,,,,,,,,,0.094,15574.430,Pinned,Device,NVIDIA A100-SXM4-40GB MIG 4g.20gb (0),1,,13,[CUDA memcpy Host-to-Device]
20106362543,610874,413807,,,,,,,,,,456.561,746934.516,Device,,NVIDIA A100-SXM4-40GB MIG 4g.20gb (0),1,,13,[CUDA memset]
20106978920,51520,413812,,,,,,,,,,1.235,23969.028,Pinned,Device,NVIDIA A100-SXM4-40GB MIG 4g.20gb (0),1,,13,[CUDA memcpy Host-to-Device]
20107033992,10016,413813,,,,,,,,,,0.197,19629.343,Pinned,Device,NVIDIA A100-SXM4-40GB MIG 4g.20gb (0),1,,13,[CUDA memcpy Host-to-Device]
20107308453,19488,413814,69,4,1,48,1,1,76,0.002,0.000,,,,,NVIDIA A100-SXM4-40GB MIG 4g.20gb (0),1,,13,"void ch_est::windowedChEstPreNoDftSOfdmKernel<float, __half, float, (unsigned int)2, (unsigned int)1, (unsigned short)4>(ch_est::puschRxChEstStatDescr_t *, ch_est::puschRxChEstDynDescr_t *)"
20107659617,23136,413815,137,2,1,24,2,1,44,0.001,0.001,,,,,NVIDIA A100-SXM4-40GB MIG 4g.20gb (0),1,,13,"void ch_est::chEstFilterNoDftSOfdmDispatchKernel<float, __half, float, (unsigned int)2>(ch_est::puschRxChEstStatDescr_t *, ch_est::puschRxChEstDynDescr_t *)"
20107873631,13023,413816,137,2,1,24,2,1,44,0.001,0.001,,,,,NVIDIA A100-SXM4-40GB MIG 4g.20gb (0),1,,13,"void ch_est::chEstFilterNoDftSOfdmDispatchKernel<float, __half, float, (unsigned int)2>(ch_est::puschRxChEstStatDescr_t *, ch_est::puschRxChEstDynDescr_t *)"
20108208411,9184,413827,103,1,1,128,1,1,16,0.000,0.000,,,,,NVIDIA A100-SXM4-40GB MIG 4g.20gb (0),1,,13,cupy_copy__complex64_complex64
20108539927,21152,413837,1434,1,1,128,1,1,16,0.000,0.000,,,,,NVIDIA A100-SXM4-40GB MIG 4g.20gb (0),1,,13,cupy_copy__complex64_complex64
20108886195,8224,413844,103,1,1,128,1,1,16,0.000,0.000,,,,,NVIDIA A100-SXM4-40GB MIG 4g.20gb (0),1,,13,cupy_copy__complex64_complex64
20109129137,284060,413851,1,1,1,32,32,1,30,0.000,0.000,,,,,NVIDIA A100-SXM4-40GB MIG 4g.20gb (0),1,,13,"void convert_kernel<__half2, float2>(tensor_layout_any, T1 *, tensor_layout_any, const T2 *)"
20109443661,6240,413854,,,,,,,,,,0.094,15015.346,Pinned,Device,NVIDIA A100-SXM4-40GB MIG 4g.20gb (0),1,,13,[CUDA memcpy Host-to-Device]
20109692266,58880,413855,,,,,,,,,,35.810,608159.871,Device,,NVIDIA A100-SXM4-40GB MIG 4g.20gb (0),1,,13,[CUDA memset]
20109751882,2368,413857,,,,,,,,,,0.000,33.784,Pinned,Device,NVIDIA A100-SXM4-40GB MIG 4g.20gb (0),1,,13,[CUDA memcpy Host-to-Device]
20109757321,9696,413858,,,,,,,,,,0.197,20277.166,Pinned,Device,NVIDIA A100-SXM4-40GB MIG 4g.20gb (0),1,,13,[CUDA memcpy Host-to-Device]
20110083174,27840,413859,273,1,1,48,1,1,40,0.000,0.001,,,,,NVIDIA A100-SXM4-40GB MIG 4g.20gb (0),1,,13,"void pusch_noise_intf_est::noiseIntfEstNoDftSOfdmKernel<float, __half, float, float, (unsigned int)2, (unsigned int)1, (unsigned char)4, (unsigned char)4>(pusch_noise_intf_est::puschRxNoiseIntfEstDynDescr)"
20110287652,7296,413870,35,1,1,128,1,1,16,0.000,0.000,,,,,NVIDIA A100-SXM4-40GB MIG 4g.20gb (0),1,,13,cupy_copy__complex64_complex64
20110298691,3808,413879,1,1,1,1,1,1,18,0.000,0.000,,,,,NVIDIA A100-SXM4-40GB MIG 4g.20gb (0),1,,13,cupy_copy__float32_float32
20110310723,2432,413885,,,,,,,,,,0.000,1.645,Device,Pageable,NVIDIA A100-SXM4-40GB MIG 4g.20gb (0),1,,7,[CUDA memcpy Device-to-Host]
20110372835,12607,413896,1434,1,1,128,1,1,16,0.000,0.000,,,,,NVIDIA A100-SXM4-40GB MIG 4g.20gb (0),1,,13,cupy_copy__complex64_complex64
20110398978,2688,413903,103,1,1,128,1,1,16,0.000,0.000,,,,,NVIDIA A100-SXM4-40GB MIG 4g.20gb (0),1,,13,cupy_copy__complex64_complex64
20110420482,2208,413910,35,1,1,128,1,1,16,0.000,0.000,,,,,NVIDIA A100-SXM4-40GB MIG 4g.20gb (0),1,,13,cupy_copy__complex64_complex64
20110439746,1920,413917,1,1,1,1,1,1,18,0.000,0.000,,,,,NVIDIA A100-SXM4-40GB MIG 4g.20gb (0),1,,13,cupy_copy__float32_float32
20110590784,79359,413928,1,1,1,32,32,1,30,0.000,0.000,,,,,NVIDIA A100-SXM4-40GB MIG 4g.20gb (0),1,,13,"void convert_kernel<__half2, float2>(tensor_layout_any, T1 *, tensor_layout_any, const T2 *)"
20110700351,5664,413931,,,,,,,,,,0.094,16542.310,Pinned,Device,NVIDIA A100-SXM4-40GB MIG 4g.20gb (0),1,,13,[CUDA memcpy Host-to-Device]
20110755550,6624,413932,,,,,,,,,,1.547,233487.639,Device,,NVIDIA A100-SXM4-40GB MIG 4g.20gb (0),1,,13,[CUDA memset]
20110769438,4000,413937,,,,,,,,,,0.031,7824.000,Pinned,Device,NVIDIA A100-SXM4-40GB MIG 4g.20gb (0),1,,13,[CUDA memcpy Host-to-Device]
20110776670,9696,413938,,,,,,,,,,0.197,20277.166,Pinned,Device,NVIDIA A100-SXM4-40GB MIG 4g.20gb (0),1,,13,[CUDA memcpy Host-to-Device]
20110888477,10944,413939,273,1,1,8,4,1,39,0.002,0.000,,,,,NVIDIA A100-SXM4-40GB MIG 4g.20gb (0),1,,13,"void channel_eq::eqMmseCoefCompLowMimoKernel<float, float, float, (unsigned int)4, (unsigned int)1, (unsigned int)4>(const channel_eq::_puschRxChEqStatDescr *, channel_eq::_puschRxChEqCoefCompDynDescr)"
20111018587,11296,413940,273,1,1,12,11,1,51,0.002,0.000,,,,,NVIDIA A100-SXM4-40GB MIG 4g.20gb (0),1,,13,"void channel_eq::eqMmseSoftDemapKernel<float, __half, __half, float, (unsigned int)4, (unsigned short)16383>(channel_eq::_puschRxChEqStatDescr *, channel_eq::_puschRxChEqSoftDemapDynDescr)"
20111030651,534906,413941,1,1,1,32,32,1,30,0.000,0.000,,,,,NVIDIA A100-SXM4-40GB MIG 4g.20gb (0),1,,13,"void convert_kernel<float2, __half2>(tensor_layout_any, T1 *, tensor_layout_any, const T2 *)"
20111588949,13568,413953,2253,1,1,128,1,1,16,0.000,0.000,,,,,NVIDIA A100-SXM4-40GB MIG 4g.20gb (0),1,,13,cupy_copy__float16_float16
20111722228,8479,413962,282,1,1,128,1,1,16,0.000,0.000,,,,,NVIDIA A100-SXM4-40GB MIG 4g.20gb (0),1,,13,cupy_copy__complex64_complex64
20111774355,4416,413971,26,1,1,128,1,1,16,0.000,0.000,,,,,NVIDIA A100-SXM4-40GB MIG 4g.20gb (0),1,,13,cupy_copy__float32_float32
20112234606,15456,413980,103,1,1,128,1,1,16,0.000,0.000,,,,,NVIDIA A100-SXM4-40GB MIG 4g.20gb (0),1,,13,cupy_copy__complex64_complex64
20112453803,20384,413990,1434,1,1,128,1,1,16,0.000,0.000,,,,,NVIDIA A100-SXM4-40GB MIG 4g.20gb (0),1,,13,cupy_copy__complex64_complex64
20112963494,289757,413995,1,1,1,32,32,1,30,0.000,0.000,,,,,NVIDIA A100-SXM4-40GB MIG 4g.20gb (0),1,,13,"void convert_kernel<__half2, float2>(tensor_layout_any, T1 *, tensor_layout_any, const T2 *)"
20113292706,6592,413998,,,,,,,,,,0.094,14213.590,Pinned,Device,NVIDIA A100-SXM4-40GB MIG 4g.20gb (0),1,,13,[CUDA memcpy Host-to-Device]
20113358497,615865,413999,,,,,,,,,,456.561,740999.217,Device,,NVIDIA A100-SXM4-40GB MIG 4g.20gb (0),1,,13,[CUDA memset]
20113978906,56544,414004,,,,,,,,,,1.235,21839.985,Pinned,Device,NVIDIA A100-SXM4-40GB MIG 4g.20gb (0),1,,13,[CUDA memcpy Host-to-Device]
20114037882,10240,414005,,,,,,,,,,0.197,19199.951,Pinned,Device,NVIDIA A100-SXM4-40GB MIG 4g.20gb (0),1,,13,[CUDA memcpy Host-to-Device]
20114533140,18784,414006,69,4,1,48,1,1,76,0.002,0.000,,,,,NVIDIA A100-SXM4-40GB MIG 4g.20gb (0),1,,13,"void ch_est::windowedChEstPreNoDftSOfdmKernel<float, __half, float, (unsigned int)2, (unsigned int)1, (unsigned short)4>(ch_est::puschRxChEstStatDescr_t *, ch_est::puschRxChEstDynDescr_t *)"
20114964335,26176,414007,137,2,1,24,2,1,44,0.001,0.001,,,,,NVIDIA A100-SXM4-40GB MIG 4g.20gb (0),1,,13,"void ch_est::chEstFilterNoDftSOfdmDispatchKernel<float, __half, float, (unsigned int)2>(ch_est::puschRxChEstStatDescr_t *, ch_est::puschRxChEstDynDescr_t *)"
20115524201,14112,414008,137,2,1,24,2,1,44,0.001,0.001,,,,,NVIDIA A100-SXM4-40GB MIG 4g.20gb (0),1,,13,"void ch_est::chEstFilterNoDftSOfdmDispatchKernel<float, __half, float, (unsigned int)2>(ch_est::puschRxChEstStatDescr_t *, ch_est::puschRxChEstDynDescr_t *)"
20116021252,15711,414019,103,1,1,128,1,1,16,0.000,0.000,,,,,NVIDIA A100-SXM4-40GB MIG 4g.20gb (0),1,,13,cupy_copy__complex64_complex64
20116193506,21535,414029,1434,1,1,128,1,1,16,0.000,0.000,,,,,NVIDIA A100-SXM4-40GB MIG 4g.20gb (0),1,,13,cupy_copy__complex64_complex64
20116621885,12352,414036,103,1,1,128,1,1,16,0.000,0.000,,,,,NVIDIA A100-SXM4-40GB MIG 4g.20gb (0),1,,13,cupy_copy__complex64_complex64
20117135767,248221,414043,1,1,1,32,32,1,30,0.000,0.000,,,,,NVIDIA A100-SXM4-40GB MIG 4g.20gb (0),1,,13,"void convert_kernel<__half2, float2>(tensor_layout_any, T1 *, tensor_layout_any, const T2 *)"
20117414292,6112,414046,,,,,,,,,,0.094,15329.790,Pinned,Device,NVIDIA A100-SXM4-40GB MIG 4g.20gb (0),1,,13,[CUDA memcpy Host-to-Device]
20117742960,55744,414047,,,,,,,,,,35.810,642394.155,Device,,NVIDIA A100-SXM4-40GB MIG 4g.20gb (0),1,,13,[CUDA memset]
20117805584,2624,414049,,,,,,,,,,0.000,30.488,Pinned,Device,NVIDIA A100-SXM4-40GB MIG 4g.20gb (0),1,,13,[CUDA memcpy Host-to-Device]
20117810640,9344,414050,,,,,,,,,,0.197,21040.988,Pinned,Device,NVIDIA A100-SXM4-40GB MIG 4g.20gb (0),1,,13,[CUDA memcpy Host-to-Device]
20117929582,20352,414051,273,1,1,48,1,1,40,0.000,0.001,,,,,NVIDIA A100-SXM4-40GB MIG 4g.20gb (0),1,,13,"void pusch_noise_intf_est::noiseIntfEstNoDftSOfdmKernel<float, __half, float, float, (unsigned int)2, (unsigned int)1, (unsigned char)4, (unsigned char)4>(pusch_noise_intf_est::puschRxNoiseIntfEstDynDescr)"
20118060909,10208,414062,35,1,1,128,1,1,16,0.000,0.000,,,,,NVIDIA A100-SXM4-40GB MIG 4g.20gb (0),1,,13,cupy_copy__complex64_complex64
20118074221,2784,414071,1,1,1,1,1,1,18,0.000,0.000,,,,,NVIDIA A100-SXM4-40GB MIG 4g.20gb (0),1,,13,cupy_copy__float32_float32
20118079213,2656,414077,,,,,,,,,,0.000,1.506,Device,Pageable,NVIDIA A100-SXM4-40GB MIG 4g.20gb (0),1,,7,[CUDA memcpy Device-to-Host]
20118148876,20448,414088,1434,1,1,128,1,1,16,0.000,0.000,,,,,NVIDIA A100-SXM4-40GB MIG 4g.20gb (0),1,,13,cupy_copy__complex64_complex64
20118171468,3232,414095,103,1,1,128,1,1,16,0.000,0.000,,,,,NVIDIA A100-SXM4-40GB MIG 4g.20gb (0),1,,13,cupy_copy__complex64_complex64
20118259339,10304,414102,35,1,1,128,1,1,16,0.000,0.000,,,,,NVIDIA A100-SXM4-40GB MIG 4g.20gb (0),1,,13,cupy_copy__complex64_complex64
20118271371,2688,414109,1,1,1,1,1,1,18,0.000,0.000,,,,,NVIDIA A100-SXM4-40GB MIG 4g.20gb (0),1,,13,cupy_copy__float32_float32
20118450921,270205,414120,1,1,1,32,32,1,30,0.000,0.000,,,,,NVIDIA A100-SXM4-40GB MIG 4g.20gb (0),1,,13,"void convert_kernel<__half2, float2>(tensor_layout_any, T1 *, tensor_layout_any, const T2 *)"
20118751813,6208,414123,,,,,,,,,,0.094,15092.739,Pinned,Device,NVIDIA A100-SXM4-40GB MIG 4g.20gb (0),1,,13,[CUDA memcpy Host-to-Device]
20118858820,5888,414124,,,,,,,,,,1.547,262672.434,Device,,NVIDIA A100-SXM4-40GB MIG 4g.20gb (0),1,,13,[CUDA memset]
20118870308,3264,414129,,,,,,,,,,0.031,9588.218,Pinned,Device,NVIDIA A100-SXM4-40GB MIG 4g.20gb (0),1,,13,[CUDA memcpy Host-to-Device]
20118876676,9888,414130,,,,,,,,,,0.197,19883.360,Pinned,Device,NVIDIA A100-SXM4-40GB MIG 4g.20gb (0),1,,13,[CUDA memcpy Host-to-Device]
20119232896,25696,414131,273,1,1,8,4,1,39,0.002,0.000,,,,,NVIDIA A100-SXM4-40GB MIG 4g.20gb (0),1,,13,"void channel_eq::eqMmseCoefCompLowMimoKernel<float, float, float, (unsigned int)4, (unsigned int)1, (unsigned int)4>(const channel_eq::_puschRxChEqStatDescr *, channel_eq::_puschRxChEqCoefCompDynDescr)"
20119392862,11968,414132,273,1,1,12,11,1,51,0.002,0.000,,,,,NVIDIA A100-SXM4-40GB MIG 4g.20gb (0),1,,13,"void channel_eq::eqMmseSoftDemapKernel<float, __half, __half, float, (unsigned int)4, (unsigned short)16383>(channel_eq::_puschRxChEqStatDescr *, channel_eq::_puschRxChEqSoftDemapDynDescr)"
20119908824,597434,414133,1,1,1,32,32,1,30,0.000,0.000,,,,,NVIDIA A100-SXM4-40GB MIG 4g.20gb (0),1,,13,"void convert_kernel<float2, __half2>(tensor_layout_any, T1 *, tensor_layout_any, const T2 *)"
20120912973,13920,414145,2253,1,1,128,1,1,16,0.000,0.000,,,,,NVIDIA A100-SXM4-40GB MIG 4g.20gb (0),1,,13,cupy_copy__float16_float16
20121310313,6528,414154,282,1,1,128,1,1,16,0.000,0.000,,,,,NVIDIA A100-SXM4-40GB MIG 4g.20gb (0),1,,13,cupy_copy__complex64_complex64
20121720356,7168,414163,26,1,1,128,1,1,16,0.000,0.000,,,,,NVIDIA A100-SXM4-40GB MIG 4g.20gb (0),1,,13,cupy_copy__float32_float32
20122027745,5088,414172,103,1,1,128,1,1,16,0.000,0.000,,,,,NVIDIA A100-SXM4-40GB MIG 4g.20gb (0),1,,13,cupy_copy__complex64_complex64
20122421180,21728,414182,1434,1,1,128,1,1,16,0.000,0.000,,,,,NVIDIA A100-SXM4-40GB MIG 4g.20gb (0),1,,13,cupy_copy__complex64_complex64
20123024470,245149,414187,1,1,1,32,32,1,30,0.000,0.000,,,,,NVIDIA A100-SXM4-40GB MIG 4g.20gb (0),1,,13,"void convert_kernel<__half2, float2>(tensor_layout_any, T1 *, tensor_layout_any, const T2 *)"
20123350834,5696,414190,,,,,,,,,,0.094,16449.363,Pinned,Device,NVIDIA A100-SXM4-40GB MIG 4g.20gb (0),1,,13,[CUDA memcpy Host-to-Device]
20123628783,605241,414191,,,,,,,,,,456.561,754239.499,Device,,NVIDIA A100-SXM4-40GB MIG 4g.20gb (0),1,,13,[CUDA memset]
20124239880,51903,414196,,,,,,,,,,1.235,23792.431,Pinned,Device,NVIDIA A100-SXM4-40GB MIG 4g.20gb (0),1,,13,[CUDA memcpy Host-to-Device]
20124294567,10112,414197,,,,,,,,,,0.197,19442.958,Pinned,Device,NVIDIA A100-SXM4-40GB MIG 4g.20gb (0),1,,13,[CUDA memcpy Host-to-Device]
20124635972,14495,414198,69,4,1,48,1,1,76,0.002,0.000,,,,,NVIDIA A100-SXM4-40GB MIG 4g.20gb (0),1,,13,"void ch_est::windowedChEstPreNoDftSOfdmKernel<float, __half, float, (unsigned int)2, (unsigned int)1, (unsigned short)4>(ch_est::puschRxChEstStatDescr_t *, ch_est::puschRxChEstDynDescr_t *)"
20124829441,14848,414199,137,2,1,24,2,1,44,0.001,0.001,,,,,NVIDIA A100-SXM4-40GB MIG 4g.20gb (0),1,,13,"void ch_est::chEstFilterNoDftSOfdmDispatchKernel<float, __half, float, (unsigned int)2>(ch_est::puschRxChEstStatDescr_t *, ch_est::puschRxChEstDynDescr_t *)"
20124889281,20735,414200,137,2,1,24,2,1,44,0.001,0.001,,,,,NVIDIA A100-SXM4-40GB MIG 4g.20gb (0),1,,13,"void ch_est::chEstFilterNoDftSOfdmDispatchKernel<float, __half, float, (unsigned int)2>(ch_est::puschRxChEstStatDescr_t *, ch_est::puschRxChEstDynDescr_t *)"
20124960704,9536,414211,103,1,1,128,1,1,16,0.000,0.000,,,,,NVIDIA A100-SXM4-40GB MIG 4g.20gb (0),1,,13,cupy_copy__complex64_complex64
20124973152,17216,414221,1434,1,1,128,1,1,16,0.000,0.000,,,,,NVIDIA A100-SXM4-40GB MIG 4g.20gb (0),1,,13,cupy_copy__complex64_complex64
20124991680,2624,414228,103,1,1,128,1,1,16,0.000,0.000,,,,,NVIDIA A100-SXM4-40GB MIG 4g.20gb (0),1,,13,cupy_copy__complex64_complex64
20125043071,303229,414235,1,1,1,32,32,1,30,0.000,0.000,,,,,NVIDIA A100-SXM4-40GB MIG 4g.20gb (0),1,,13,"void convert_kernel<__half2, float2>(tensor_layout_any, T1 *, tensor_layout_any, const T2 *)"
20125379835,5440,414238,,,,,,,,,,0.094,17223.480,Pinned,Device,NVIDIA A100-SXM4-40GB MIG 4g.20gb (0),1,,13,[CUDA memcpy Host-to-Device]
20125396283,59615,414239,,,,,,,,,,35.810,600675.598,Device,,NVIDIA A100-SXM4-40GB MIG 4g.20gb (0),1,,13,[CUDA memset]
20125459130,1824,414241,,,,,,,,,,0.000,43.860,Pinned,Device,NVIDIA A100-SXM4-40GB MIG 4g.20gb (0),1,,13,[CUDA memcpy Host-to-Device]
20125463354,10464,414242,,,,,,,,,,0.197,18788.844,Pinned,Device,NVIDIA A100-SXM4-40GB MIG 4g.20gb (0),1,,13,[CUDA memcpy Host-to-Device]
20125570201,13312,414243,273,1,1,48,1,1,40,0.000,0.001,,,,,NVIDIA A100-SXM4-40GB MIG 4g.20gb (0),1,,13,"void pusch_noise_intf_est::noiseIntfEstNoDftSOfdmKernel<float, __half, float, float, (unsigned int)2, (unsigned int)1, (unsigned char)4, (unsigned char)4>(pusch_noise_intf_est::puschRxNoiseIntfEstDynDescr)"
20125753367,7488,414254,35,1,1,128,1,1,16,0.000,0.000,,,,,NVIDIA A100-SXM4-40GB MIG 4g.20gb (0),1,,13,cupy_copy__complex64_complex64
20125824598,6272,414263,1,1,1,1,1,1,18,0.000,0.000,,,,,NVIDIA A100-SXM4-40GB MIG 4g.20gb (0),1,,13,cupy_copy__float32_float32
20125834038,1600,414269,,,,,,,,,,0.000,2.500,Device,Pageable,NVIDIA A100-SXM4-40GB MIG 4g.20gb (0),1,,7,[CUDA memcpy Device-to-Host]
20126113267,20224,414280,1434,1,1,128,1,1,16,0.000,0.000,,,,,NVIDIA A100-SXM4-40GB MIG 4g.20gb (0),1,,13,cupy_copy__complex64_complex64
20126407408,6368,414287,103,1,1,128,1,1,16,0.000,0.000,,,,,NVIDIA A100-SXM4-40GB MIG 4g.20gb (0),1,,13,cupy_copy__complex64_complex64
20126943146,3904,414294,35,1,1,128,1,1,16,0.000,0.000,,,,,NVIDIA A100-SXM4-40GB MIG 4g.20gb (0),1,,13,cupy_copy__complex64_complex64
20127212871,5248,414301,1,1,1,1,1,1,18,0.000,0.000,,,,,NVIDIA A100-SXM4-40GB MIG 4g.20gb (0),1,,13,cupy_copy__float32_float32
20127318854,225533,414312,1,1,1,32,32,1,30,0.000,0.000,,,,,NVIDIA A100-SXM4-40GB MIG 4g.20gb (0),1,,13,"void convert_kernel<__half2, float2>(tensor_layout_any, T1 *, tensor_layout_any, const T2 *)"
20127574051,5568,414315,,,,,,,,,,0.094,16827.521,Pinned,Device,NVIDIA A100-SXM4-40GB MIG 4g.20gb (0),1,,13,[CUDA memcpy Host-to-Device]
20127947615,7840,414316,,,,,,,,,,1.547,197273.438,Device,,NVIDIA A100-SXM4-40GB MIG 4g.20gb (0),1,,13,[CUDA memset]
20127962014,3456,414321,,,,,,,,,,0.031,9055.529,Pinned,Device,NVIDIA A100-SXM4-40GB MIG 4g.20gb (0),1,,13,[CUDA memcpy Host-to-Device]
20127967934,10560,414322,,,,,,,,,,0.197,18617.991,Pinned,Device,NVIDIA A100-SXM4-40GB MIG 4g.20gb (0),1,,13,[CUDA memcpy Host-to-Device]
20128236251,14976,414323,273,1,1,8,4,1,39,0.002,0.000,,,,,NVIDIA A100-SXM4-40GB MIG 4g.20gb (0),1,,13,"void channel_eq::eqMmseCoefCompLowMimoKernel<float, float, float, (unsigned int)4, (unsigned int)1, (unsigned int)4>(const channel_eq::_puschRxChEqStatDescr *, channel_eq::_puschRxChEqCoefCompDynDescr)"
20128527352,20544,414324,273,1,1,12,11,1,51,0.002,0.000,,,,,NVIDIA A100-SXM4-40GB MIG 4g.20gb (0),1,,13,"void channel_eq::eqMmseSoftDemapKernel<float, __half, __half, float, (unsigned int)4, (unsigned short)16383>(channel_eq::_puschRxChEqStatDescr *, channel_eq::_puschRxChEqSoftDemapDynDescr)"
20128872372,688153,414325,1,1,1,32,32,1,30,0.000,0.000,,,,,NVIDIA A100-SXM4-40GB MIG 4g.20gb (0),1,,13,"void convert_kernel<float2, __half2>(tensor_layout_any, T1 *, tensor_layout_any, const T2 *)"
20129564781,12319,414337,2253,1,1,128,1,1,16,0.000,0.000,,,,,NVIDIA A100-SXM4-40GB MIG 4g.20gb (0),1,,13,cupy_copy__float16_float16
20129578572,3616,414346,282,1,1,128,1,1,16,0.000,0.000,,,,,NVIDIA A100-SXM4-40GB MIG 4g.20gb (0),1,,13,cupy_copy__complex64_complex64
20129583852,2240,414355,26,1,1,128,1,1,16,0.000,0.000,,,,,NVIDIA A100-SXM4-40GB MIG 4g.20gb (0),1,,13,cupy_copy__float32_float32
20129587852,3136,414364,103,1,1,128,1,1,16,0.000,0.000,,,,,NVIDIA A100-SXM4-40GB MIG 4g.20gb (0),1,,13,cupy_copy__complex64_complex64
20129592204,12544,414374,1434,1,1,128,1,1,16,0.000,0.000,,,,,NVIDIA A100-SXM4-40GB MIG 4g.20gb (0),1,,13,cupy_copy__complex64_complex64
20129606572,79199,414379,1,1,1,32,32,1,30,0.000,0.000,,,,,NVIDIA A100-SXM4-40GB MIG 4g.20gb (0),1,,13,"void convert_kernel<__half2, float2>(tensor_layout_any, T1 *, tensor_layout_any, const T2 *)"
20129714731,6176,414382,,,,,,,,,,0.094,15170.975,Pinned,Device,NVIDIA A100-SXM4-40GB MIG 4g.20gb (0),1,,13,[CUDA memcpy Host-to-Device]
20129724971,600601,414383,,,,,,,,,,456.561,759718.236,Device,,NVIDIA A100-SXM4-40GB MIG 4g.20gb (0),1,,13,[CUDA memset]
20130331908,50911,414388,,,,,,,,,,1.235,24256.770,Pinned,Device,NVIDIA A100-SXM4-40GB MIG 4g.20gb (0),1,,13,[CUDA memcpy Host-to-Device]
20130385859,9952,414389,,,,,,,,,,0.197,19755.565,Pinned,Device,NVIDIA A100-SXM4-40GB MIG 4g.20gb (0),1,,13,[CUDA memcpy Host-to-Device]
20130520738,14592,414390,69,4,1,48,1,1,76,0.002,0.000,,,,,NVIDIA A100-SXM4-40GB MIG 4g.20gb (0),1,,13,"void ch_est::windowedChEstPreNoDftSOfdmKernel<float, __half, float, (unsigned int)2, (unsigned int)1, (unsigned short)4>(ch_est::puschRxChEstStatDescr_t *, ch_est::puschRxChEstDynDescr_t *)"
20130893246,10048,414391,137,2,1,24,2,1,44,0.001,0.001,,,,,NVIDIA A100-SXM4-40GB MIG 4g.20gb (0),1,,13,"void ch_est::chEstFilterNoDftSOfdmDispatchKernel<float, __half, float, (unsigned int)2>(ch_est::puschRxChEstStatDescr_t *, ch_est::puschRxChEstDynDescr_t *)"
20131173147,25855,414392,137,2,1,24,2,1,44,0.001,0.001,,,,,NVIDIA A100-SXM4-40GB MIG 4g.20gb (0),1,,13,"void ch_est::chEstFilterNoDftSOfdmDispatchKernel<float, __half, float, (unsigned int)2>(ch_est::puschRxChEstStatDescr_t *, ch_est::puschRxChEstDynDescr_t *)"
20131254522,11776,414403,103,1,1,128,1,1,16,0.000,0.000,,,,,NVIDIA A100-SXM4-40GB MIG 4g.20gb (0),1,,13,cupy_copy__complex64_complex64
20131444952,23647,414413,1434,1,1,128,1,1,16,0.000,0.000,,,,,NVIDIA A100-SXM4-40GB MIG 4g.20gb (0),1,,13,cupy_copy__complex64_complex64
20131530135,12864,414420,103,1,1,128,1,1,16,0.000,0.000,,,,,NVIDIA A100-SXM4-40GB MIG 4g.20gb (0),1,,13,cupy_copy__complex64_complex64
20131720277,263645,414427,1,1,1,32,32,1,30,0.000,0.000,,,,,NVIDIA A100-SXM4-40GB MIG 4g.20gb (0),1,,13,"void convert_kernel<__half2, float2>(tensor_layout_any, T1 *, tensor_layout_any, const T2 *)"
20132016657,6112,414430,,,,,,,,,,0.094,15329.790,Pinned,Device,NVIDIA A100-SXM4-40GB MIG 4g.20gb (0),1,,13,[CUDA memcpy Host-to-Device]
20132272366,62432,414431,,,,,,,,,,35.810,573567.489,Device,,NVIDIA A100-SXM4-40GB MIG 4g.20gb (0),1,,13,[CUDA memset]
20132338990,2656,414433,,,,,,,,,,0.000,30.120,Pinned,Device,NVIDIA A100-SXM4-40GB MIG 4g.20gb (0),1,,13,[CUDA memcpy Host-to-Device]
20132344494,9791,414434,,,,,,,,,,0.197,20080.361,Pinned,Device,NVIDIA A100-SXM4-40GB MIG 4g.20gb (0),1,,13,[CUDA memcpy Host-to-Device]
20132687946,29215,414435,273,1,1,48,1,1,40,0.000,0.001,,,,,NVIDIA A100-SXM4-40GB MIG 4g.20gb (0),1,,13,"void pusch_noise_intf_est::noiseIntfEstNoDftSOfdmKernel<float, __half, float, float, (unsigned int)2, (unsigned int)1, (unsigned char)4, (unsigned char)4>(pusch_noise_intf_est::puschRxNoiseIntfEstDynDescr)"
20132851144,12896,414446,35,1,1,128,1,1,16,0.000,0.000,,,,,NVIDIA A100-SXM4-40GB MIG 4g.20gb (0),1,,13,cupy_copy__complex64_complex64
20133126597,4992,414455,1,1,1,1,1,1,18,0.000,0.000,,,,,NVIDIA A100-SXM4-40GB MIG 4g.20gb (0),1,,13,cupy_copy__float32_float32
20133141573,2080,414461,,,,,,,,,,0.000,1.923,Device,Pageable,NVIDIA A100-SXM4-40GB MIG 4g.20gb (0),1,,7,[CUDA memcpy Device-to-Host]
20133387522,24224,414472,1434,1,1,128,1,1,16,0.000,0.000,,,,,NVIDIA A100-SXM4-40GB MIG 4g.20gb (0),1,,13,cupy_copy__complex64_complex64
20133599808,7999,414479,103,1,1,128,1,1,16,0.000,0.000,,,,,NVIDIA A100-SXM4-40GB MIG 4g.20gb (0),1,,13,cupy_copy__complex64_complex64
20133947740,3776,414486,35,1,1,128,1,1,16,0.000,0.000,,,,,NVIDIA A100-SXM4-40GB MIG 4g.20gb (0),1,,13,cupy_copy__complex64_complex64
20133954172,3168,414493,1,1,1,1,1,1,18,0.000,0.000,,,,,NVIDIA A100-SXM4-40GB MIG 4g.20gb (0),1,,13,cupy_copy__float32_float32
20133961276,213149,414504,1,1,1,32,32,1,30,0.000,0.000,,,,,NVIDIA A100-SXM4-40GB MIG 4g.20gb (0),1,,13,"void convert_kernel<__half2, float2>(tensor_layout_any, T1 *, tensor_layout_any, const T2 *)"
20134210937,5440,414507,,,,,,,,,,0.094,17223.480,Pinned,Device,NVIDIA A100-SXM4-40GB MIG 4g.20gb (0),1,,13,[CUDA memcpy Host-to-Device]
20134315224,4384,414508,,,,,,,,,,1.547,352788.028,Device,,NVIDIA A100-SXM4-40GB MIG 4g.20gb (0),1,,13,[CUDA memset]
20134320792,3200,414513,,,,,,,,,,0.031,9780.000,Pinned,Device,NVIDIA A100-SXM4-40GB MIG 4g.20gb (0),1,,13,[CUDA memcpy Host-to-Device]
20134326519,9440,414514,,,,,,,,,,0.197,20827.079,Pinned,Device,NVIDIA A100-SXM4-40GB MIG 4g.20gb (0),1,,13,[CUDA memcpy Host-to-Device]
20134340023,7392,414515,273,1,1,8,4,1,39,0.002,0.000,,,,,NVIDIA A100-SXM4-40GB MIG 4g.20gb (0),1,,13,"void channel_eq::eqMmseCoefCompLowMimoKernel<float, float, float, (unsigned int)4, (unsigned int)1, (unsigned int)4>(const channel_eq::_puschRxChEqStatDescr *, channel_eq::_puschRxChEqCoefCompDynDescr)"
20134348727,6592,414516,273,1,1,12,11,1,51,0.002,0.000,,,,,NVIDIA A100-SXM4-40GB MIG 4g.20gb (0),1,,13,"void channel_eq::eqMmseSoftDemapKernel<float, __half, __half, float, (unsigned int)4, (unsigned short)16383>(channel_eq::_puschRxChEqStatDescr *, channel_eq::_puschRxChEqSoftDemapDynDescr)"
20134357175,506682,414517,1,1,1,32,32,1,30,0.000,0.000,,,,,NVIDIA A100-SXM4-40GB MIG 4g.20gb (0),1,,13,"void convert_kernel<float2, __half2>(tensor_layout_any, T1 *, tensor_layout_any, const T2 *)"
20134873681,14816,414529,2253,1,1,128,1,1,16,0.000,0.000,,,,,NVIDIA A100-SXM4-40GB MIG 4g.20gb (0),1,,13,cupy_copy__float16_float16
20134964080,5440,414538,282,1,1,128,1,1,16,0.000,0.000,,,,,NVIDIA A100-SXM4-40GB MIG 4g.20gb (0),1,,13,cupy_copy__complex64_complex64
20134971856,3584,414547,26,1,1,128,1,1,16,0.000,0.000,,,,,NVIDIA A100-SXM4-40GB MIG 4g.20gb (0),1,,13,cupy_copy__float32_float32
20135046127,10816,414556,103,1,1,128,1,1,16,0.000,0.000,,,,,NVIDIA A100-SXM4-40GB MIG 4g.20gb (0),1,,13,cupy_copy__complex64_complex64
20135059279,14560,414566,1434,1,1,128,1,1,16,0.000,0.000,,,,,NVIDIA A100-SXM4-40GB MIG 4g.20gb (0),1,,13,cupy_copy__complex64_complex64
20135156782,372924,414571,1,1,1,32,32,1,30,0.000,0.000,,,,,NVIDIA A100-SXM4-40GB MIG 4g.20gb (0),1,,13,"void convert_kernel<__half2, float2>(tensor_layout_any, T1 *, tensor_layout_any, const T2 *)"
20135559434,5888,414574,,,,,,,,,,0.094,15912.954,Pinned,Device,NVIDIA A100-SXM4-40GB MIG 4g.20gb (0),1,,13,[CUDA memcpy Host-to-Device]
20135843687,618201,414575,,,,,,,,,,456.561,738259.848,Device,,NVIDIA A100-SXM4-40GB MIG 4g.20gb (0),1,,13,[CUDA memset]
20136463808,62335,414580,,,,,,,,,,1.235,19810.972,Pinned,Device,NVIDIA A100-SXM4-40GB MIG 4g.20gb (0),1,,13,[CUDA memcpy Host-to-Device]
20136528383,12384,414581,,,,,,,,,,0.197,15875.899,Pinned,Device,NVIDIA A100-SXM4-40GB MIG 4g.20gb (0),1,,13,[CUDA memcpy Host-to-Device]
20136774780,32224,414582,69,4,1,48,1,1,76,0.002,0.000,,,,,NVIDIA A100-SXM4-40GB MIG 4g.20gb (0),1,,13,"void ch_est::windowedChEstPreNoDftSOfdmKernel<float, __half, float, (unsigned int)2, (unsigned int)1, (unsigned short)4>(ch_est::puschRxChEstStatDescr_t *, ch_est::puschRxChEstDynDescr_t *)"
20136877403,15552,414583,137,2,1,24,2,1,44,0.001,0.001,,,,,NVIDIA A100-SXM4-40GB MIG 4g.20gb (0),1,,13,"void ch_est::chEstFilterNoDftSOfdmDispatchKernel<float, __half, float, (unsigned int)2>(ch_est::puschRxChEstStatDescr_t *, ch_est::puschRxChEstDynDescr_t *)"
20137142232,13664,414584,137,2,1,24,2,1,44,0.001,0.001,,,,,NVIDIA A100-SXM4-40GB MIG 4g.20gb (0),1,,13,"void ch_est::chEstFilterNoDftSOfdmDispatchKernel<float, __half, float, (unsigned int)2>(ch_est::puschRxChEstStatDescr_t *, ch_est::puschRxChEstDynDescr_t *)"
20137481780,6880,414595,103,1,1,128,1,1,16,0.000,0.000,,,,,NVIDIA A100-SXM4-40GB MIG 4g.20gb (0),1,,13,cupy_copy__complex64_complex64
20137721202,25919,414605,1434,1,1,128,1,1,16,0.000,0.000,,,,,NVIDIA A100-SXM4-40GB MIG 4g.20gb (0),1,,13,cupy_copy__complex64_complex64
20138080142,9919,414612,103,1,1,128,1,1,16,0.000,0.000,,,,,NVIDIA A100-SXM4-40GB MIG 4g.20gb (0),1,,13,cupy_copy__complex64_complex64
20138426890,266301,414619,1,1,1,32,32,1,30,0.000,0.000,,,,,NVIDIA A100-SXM4-40GB MIG 4g.20gb (0),1,,13,"void convert_kernel<__half2, float2>(tensor_layout_any, T1 *, tensor_layout_any, const T2 *)"
20138724006,5568,414622,,,,,,,,,,0.094,16827.521,Pinned,Device,NVIDIA A100-SXM4-40GB MIG 4g.20gb (0),1,,13,[CUDA memcpy Host-to-Device]
20139197185,48128,414623,,,,,,,,,,35.810,744022.708,Device,,NVIDIA A100-SXM4-40GB MIG 4g.20gb (0),1,,13,[CUDA memset]
20139246049,2144,414625,,,,,,,,,,0.000,37.313,Pinned,Device,NVIDIA A100-SXM4-40GB MIG 4g.20gb (0),1,,13,[CUDA memcpy Host-to-Device]
20139250817,10815,414626,,,,,,,,,,0.197,18179.162,Pinned,Device,NVIDIA A100-SXM4-40GB MIG 4g.20gb (0),1,,13,[CUDA memcpy Host-to-Device]
20139772155,16960,414627,273,1,1,48,1,1,40,0.000,0.001,,,,,NVIDIA A100-SXM4-40GB MIG 4g.20gb (0),1,,13,"void pusch_noise_intf_est::noiseIntfEstNoDftSOfdmKernel<float, __half, float, float, (unsigned int)2, (unsigned int)1, (unsigned char)4, (unsigned char)4>(pusch_noise_intf_est::puschRxNoiseIntfEstDynDescr)"
20140096183,3904,414638,35,1,1,128,1,1,16,0.000,0.000,,,,,NVIDIA A100-SXM4-40GB MIG 4g.20gb (0),1,,13,cupy_copy__complex64_complex64
20140413204,2880,414647,1,1,1,1,1,1,18,0.000,0.000,,,,,NVIDIA A100-SXM4-40GB MIG 4g.20gb (0),1,,13,cupy_copy__float32_float32
20140421971,1600,414653,,,,,,,,,,0.000,2.500,Device,Pageable,NVIDIA A100-SXM4-40GB MIG 4g.20gb (0),1,,7,[CUDA memcpy Device-to-Host]
20140728688,18144,414664,1434,1,1,128,1,1,16,0.000,0.000,,,,,NVIDIA A100-SXM4-40GB MIG 4g.20gb (0),1,,13,cupy_copy__complex64_complex64
20140998925,4000,414671,103,1,1,128,1,1,16,0.000,0.000,,,,,NVIDIA A100-SXM4-40GB MIG 4g.20gb (0),1,,13,cupy_copy__complex64_complex64
20141143467,5440,414678,35,1,1,128,1,1,16,0.000,0.000,,,,,NVIDIA A100-SXM4-40GB MIG 4g.20gb (0),1,,13,cupy_copy__complex64_complex64
20141596966,4352,414685,1,1,1,1,1,1,18,0.000,0.000,,,,,NVIDIA A100-SXM4-40GB MIG 4g.20gb (0),1,,13,cupy_copy__float32_float32
20141869315,242110,414696,1,1,1,32,32,1,30,0.000,0.000,,,,,NVIDIA A100-SXM4-40GB MIG 4g.20gb (0),1,,13,"void convert_kernel<__half2, float2>(tensor_layout_any, T1 *, tensor_layout_any, const T2 *)"
20142141696,7200,414699,,,,,,,,,,0.094,13013.250,Pinned,Device,NVIDIA A100-SXM4-40GB MIG 4g.20gb (0),1,,13,[CUDA memcpy Host-to-Device]
20142509596,9152,414700,,,,,,,,,,1.547,168991.871,Device,,NVIDIA A100-SXM4-40GB MIG 4g.20gb (0),1,,13,[CUDA memset]
20142527708,7584,414705,,,,,,,,,,0.031,4126.565,Pinned,Device,NVIDIA A100-SXM4-40GB MIG 4g.20gb (0),1,,13,[CUDA memcpy Host-to-Device]
20142538172,12192,414706,,,,,,,,,,0.197,16125.788,Pinned,Device,NVIDIA A100-SXM4-40GB MIG 4g.20gb (0),1,,13,[CUDA memcpy Host-to-Device]
20142712826,15968,414707,273,1,1,8,4,1,39,0.002,0.000,,,,,NVIDIA A100-SXM4-40GB MIG 4g.20gb (0),1,,13,"void channel_eq::eqMmseCoefCompLowMimoKernel<float, float, float, (unsigned int)4, (unsigned int)1, (unsigned int)4>(const channel_eq::_puschRxChEqStatDescr *, channel_eq::_puschRxChEqCoefCompDynDescr)"
20142912536,18400,414708,273,1,1,12,11,1,51,0.002,0.000,,,,,NVIDIA A100-SXM4-40GB MIG 4g.20gb (0),1,,13,"void channel_eq::eqMmseSoftDemapKernel<float, __half, __half, float, (unsigned int)4, (unsigned short)16383>(channel_eq::_puschRxChEqStatDescr *, channel_eq::_puschRxChEqSoftDemapDynDescr)"
20143114357,671801,414709,1,1,1,32,32,1,30,0.000,0.000,,,,,NVIDIA A100-SXM4-40GB MIG 4g.20gb (0),1,,13,"void convert_kernel<float2, __half2>(tensor_layout_any, T1 *, tensor_layout_any, const T2 *)"
20143983916,14208,414721,2253,1,1,128,1,1,16,0.000,0.000,,,,,NVIDIA A100-SXM4-40GB MIG 4g.20gb (0),1,,13,cupy_copy__float16_float16
20144173290,11360,414730,282,1,1,128,1,1,16,0.000,0.000,,,,,NVIDIA A100-SXM4-40GB MIG 4g.20gb (0),1,,13,cupy_copy__complex64_complex64
20144262121,3648,414739,26,1,1,128,1,1,16,0.000,0.000,,,,,NVIDIA A100-SXM4-40GB MIG 4g.20gb (0),1,,13,cupy_copy__float32_float32
20144267593,5408,414748,103,1,1,128,1,1,16,0.000,0.000,,,,,NVIDIA A100-SXM4-40GB MIG 4g.20gb (0),1,,13,cupy_copy__complex64_complex64
20144354472,17087,414758,1434,1,1,128,1,1,16,0.000,0.000,,,,,NVIDIA A100-SXM4-40GB MIG 4g.20gb (0),1,,13,cupy_copy__complex64_complex64
20144372935,195390,414763,1,1,1,32,32,1,30,0.000,0.000,,,,,NVIDIA A100-SXM4-40GB MIG 4g.20gb (0),1,,13,"void convert_kernel<__half2, float2>(tensor_layout_any, T1 *, tensor_layout_any, const T2 *)"
20144599429,5504,414766,,,,,,,,,,0.094,17023.251,Pinned,Device,NVIDIA A100-SXM4-40GB MIG 4g.20gb (0),1,,13,[CUDA memcpy Host-to-Device]
20144642276,605178,414767,,,,,,,,,,456.561,754239.499,Device,,NVIDIA A100-SXM4-40GB MIG 4g.20gb (0),1,,13,[CUDA memset]
20145255710,50463,414772,,,,,,,,,,1.235,24471.650,Pinned,Device,NVIDIA A100-SXM4-40GB MIG 4g.20gb (0),1,,13,[CUDA memcpy Host-to-Device]
20145308861,10016,414773,,,,,,,,,,0.197,19629.343,Pinned,Device,NVIDIA A100-SXM4-40GB MIG 4g.20gb (0),1,,13,[CUDA memcpy Host-to-Device]
20145382780,11232,414774,69,4,1,48,1,1,76,0.002,0.000,,,,,NVIDIA A100-SXM4-40GB MIG 4g.20gb (0),1,,13,"void ch_est::windowedChEstPreNoDftSOfdmKernel<float, __half, float, (unsigned int)2, (unsigned int)1, (unsigned short)4>(ch_est::puschRxChEstStatDescr_t *, ch_est::puschRxChEstDynDescr_t *)"
20145668537,19360,414775,137,2,1,24,2,1,44,0.001,0.001,,,,,NVIDIA A100-SXM4-40GB MIG 4g.20gb (0),1,,13,"void ch_est::chEstFilterNoDftSOfdmDispatchKernel<float, __half, float, (unsigned int)2>(ch_est::puschRxChEstStatDescr_t *, ch_est::puschRxChEstDynDescr_t *)"
20145765560,11104,414776,137,2,1,24,2,1,44,0.001,0.001,,,,,NVIDIA A100-SXM4-40GB MIG 4g.20gb (0),1,,13,"void ch_est::chEstFilterNoDftSOfdmDispatchKernel<float, __half, float, (unsigned int)2>(ch_est::puschRxChEstStatDescr_t *, ch_est::puschRxChEstDynDescr_t *)"
20145972438,7424,414787,103,1,1,128,1,1,16,0.000,0.000,,,,,NVIDIA A100-SXM4-40GB MIG 4g.20gb (0),1,,13,cupy_copy__complex64_complex64
20146484272,18912,414797,1434,1,1,128,1,1,16,0.000,0.000,,,,,NVIDIA A100-SXM4-40GB MIG 4g.20gb (0),1,,13,cupy_copy__complex64_complex64
20146769197,6400,414804,103,1,1,128,1,1,16,0.000,0.000,,,,,NVIDIA A100-SXM4-40GB MIG 4g.20gb (0),1,,13,cupy_copy__complex64_complex64
20146779949,229341,414811,1,1,1,32,32,1,30,0.000,0.000,,,,,NVIDIA A100-SXM4-40GB MIG 4g.20gb (0),1,,13,"void convert_kernel<__half2, float2>(tensor_layout_any, T1 *, tensor_layout_any, const T2 *)"
20147038890,6112,414814,,,,,,,,,,0.094,15329.790,Pinned,Device,NVIDIA A100-SXM4-40GB MIG 4g.20gb (0),1,,13,[CUDA memcpy Host-to-Device]
20147592484,52415,414815,,,,,,,,,,35.810,683181.654,Device,,NVIDIA A100-SXM4-40GB MIG 4g.20gb (0),1,,13,[CUDA memset]
20147651747,3264,414817,,,,,,,,,,0.000,24.510,Pinned,Device,NVIDIA A100-SXM4-40GB MIG 4g.20gb (0),1,,13,[CUDA memcpy Host-to-Device]
20147659075,9952,414818,,,,,,,,,,0.197,19755.565,Pinned,Device,NVIDIA A100-SXM4-40GB MIG 4g.20gb (0),1,,13,[CUDA memcpy Host-to-Device]
20147842049,48223,414819,273,1,1,48,1,1,40,0.000,0.001,,,,,NVIDIA A100-SXM4-40GB MIG 4g.20gb (0),1,,13,"void pusch_noise_intf_est::noiseIntfEstNoDftSOfdmKernel<float, __half, float, float, (unsigned int)2, (unsigned int)1, (unsigned char)4, (unsigned char)4>(pusch_noise_intf_est::puschRxNoiseIntfEstDynDescr)"
20148160221,6688,414830,35,1,1,128,1,1,16,0.000,0.000,,,,,NVIDIA A100-SXM4-40GB MIG 4g.20gb (0),1,,13,cupy_copy__complex64_complex64
20148314107,5056,414839,1,1,1,1,1,1,18,0.000,0.000,,,,,NVIDIA A100-SXM4-40GB MIG 4g.20gb (0),1,,13,cupy_copy__float32_float32
20148321883,2880,414845,,,,,,,,,,0.000,1.389,Device,Pageable,NVIDIA A100-SXM4-40GB MIG 4g.20gb (0),1,,7,[CUDA memcpy Device-to-Host]
20148666296,21791,414856,1434,1,1,128,1,1,16,0.000,0.000,,,,,NVIDIA A100-SXM4-40GB MIG 4g.20gb (0),1,,13,cupy_copy__complex64_complex64
20149025876,5055,414863,103,1,1,128,1,1,16,0.000,0.000,,,,,NVIDIA A100-SXM4-40GB MIG 4g.20gb (0),1,,13,cupy_copy__complex64_complex64
20149378160,5568,414870,35,1,1,128,1,1,16,0.000,0.000,,,,,NVIDIA A100-SXM4-40GB MIG 4g.20gb (0),1,,13,cupy_copy__complex64_complex64
20149682924,3712,414877,1,1,1,1,1,1,18,0.000,0.000,,,,,NVIDIA A100-SXM4-40GB MIG 4g.20gb (0),1,,13,cupy_copy__float32_float32
20149729804,363932,414888,1,1,1,32,32,1,30,0.000,0.000,,,,,NVIDIA A100-SXM4-40GB MIG 4g.20gb (0),1,,13,"void convert_kernel<__half2, float2>(tensor_layout_any, T1 *, tensor_layout_any, const T2 *)"
20150122887,5376,414891,,,,,,,,,,0.094,17428.487,Pinned,Device,NVIDIA A100-SXM4-40GB MIG 4g.20gb (0),1,,13,[CUDA memcpy Host-to-Device]
20150257766,10624,414892,,,,,,,,,,1.547,145577.531,Device,,NVIDIA A100-SXM4-40GB MIG 4g.20gb (0),1,,13,[CUDA memset]
20150275942,3520,414897,,,,,,,,,,0.031,8890.881,Pinned,Device,NVIDIA A100-SXM4-40GB MIG 4g.20gb (0),1,,13,[CUDA memcpy Host-to-Device]
20150281926,9471,414898,,,,,,,,,,0.197,20758.856,Pinned,Device,NVIDIA A100-SXM4-40GB MIG 4g.20gb (0),1,,13,[CUDA memcpy Host-to-Device]
20150522275,18368,414899,273,1,1,8,4,1,39,0.002,0.000,,,,,NVIDIA A100-SXM4-40GB MIG 4g.20gb (0),1,,13,"void channel_eq::eqMmseCoefCompLowMimoKernel<float, float, float, (unsigned int)4, (unsigned int)1, (unsigned int)4>(const channel_eq::_puschRxChEqStatDescr *, channel_eq::_puschRxChEqCoefCompDynDescr)"
20150629154,13919,414900,273,1,1,12,11,1,51,0.002,0.000,,,,,NVIDIA A100-SXM4-40GB MIG 4g.20gb (0),1,,13,"void channel_eq::eqMmseSoftDemapKernel<float, __half, __half, float, (unsigned int)4, (unsigned short)16383>(channel_eq::_puschRxChEqStatDescr *, channel_eq::_puschRxChEqSoftDemapDynDescr)"
20150644033,601178,414901,1,1,1,32,32,1,30,0.000,0.000,,,,,NVIDIA A100-SXM4-40GB MIG 4g.20gb (0),1,,13,"void convert_kernel<float2, __half2>(tensor_layout_any, T1 *, tensor_layout_any, const T2 *)"
20151280218,15392,414913,2253,1,1,128,1,1,16,0.000,0.000,,,,,NVIDIA A100-SXM4-40GB MIG 4g.20gb (0),1,,13,cupy_copy__float16_float16
20151298106,4128,414922,282,1,1,128,1,1,16,0.000,0.000,,,,,NVIDIA A100-SXM4-40GB MIG 4g.20gb (0),1,,13,cupy_copy__complex64_complex64
20151385593,4672,414931,26,1,1,128,1,1,16,0.000,0.000,,,,,NVIDIA A100-SXM4-40GB MIG 4g.20gb (0),1,,13,cupy_copy__float32_float32
20151480728,7968,414940,103,1,1,128,1,1,16,0.000,0.000,,,,,NVIDIA A100-SXM4-40GB MIG 4g.20gb (0),1,,13,cupy_copy__complex64_complex64
20151534712,18943,414950,1434,1,1,128,1,1,16,0.000,0.000,,,,,NVIDIA A100-SXM4-40GB MIG 4g.20gb (0),1,,13,cupy_copy__complex64_complex64
20151694614,421275,414955,1,1,1,32,32,1,30,0.000,0.000,,,,,NVIDIA A100-SXM4-40GB MIG 4g.20gb (0),1,,13,"void convert_kernel<__half2, float2>(tensor_layout_any, T1 *, tensor_layout_any, const T2 *)"
20152197712,6176,414958,,,,,,,,,,0.094,15170.975,Pinned,Device,NVIDIA A100-SXM4-40GB MIG 4g.20gb (0),1,,13,[CUDA memcpy Host-to-Device]
20152224976,614265,414959,,,,,,,,,,456.561,742825.463,Device,,NVIDIA A100-SXM4-40GB MIG 4g.20gb (0),1,,13,[CUDA memset]
20152846729,51359,414964,,,,,,,,,,1.235,24044.360,Pinned,Device,NVIDIA A100-SXM4-40GB MIG 4g.20gb (0),1,,13,[CUDA memcpy Host-to-Device]
20152900904,9984,414965,,,,,,,,,,0.197,19692.257,Pinned,Device,NVIDIA A100-SXM4-40GB MIG 4g.20gb (0),1,,13,[CUDA memcpy Host-to-Device]
20152968616,16511,414966,69,4,1,48,1,1,76,0.002,0.000,,,,,NVIDIA A100-SXM4-40GB MIG 4g.20gb (0),1,,13,"void ch_est::windowedChEstPreNoDftSOfdmKernel<float, __half, float, (unsigned int)2, (unsigned int)1, (unsigned short)4>(ch_est::puschRxChEstStatDescr_t *, ch_est::puschRxChEstDynDescr_t *)"
20153043655,15840,414967,137,2,1,24,2,1,44,0.001,0.001,,,,,NVIDIA A100-SXM4-40GB MIG 4g.20gb (0),1,,13,"void ch_est::chEstFilterNoDftSOfdmDispatchKernel<float, __half, float, (unsigned int)2>(ch_est::puschRxChEstStatDescr_t *, ch_est::puschRxChEstDynDescr_t *)"
20153060935,5311,414968,137,2,1,24,2,1,44,0.001,0.001,,,,,NVIDIA A100-SXM4-40GB MIG 4g.20gb (0),1,,13,"void ch_est::chEstFilterNoDftSOfdmDispatchKernel<float, __half, float, (unsigned int)2>(ch_est::puschRxChEstStatDescr_t *, ch_est::puschRxChEstDynDescr_t *)"
20153121542,9888,414979,103,1,1,128,1,1,16,0.000,0.000,,,,,NVIDIA A100-SXM4-40GB MIG 4g.20gb (0),1,,13,cupy_copy__complex64_complex64
20153133990,17248,414989,1434,1,1,128,1,1,16,0.000,0.000,,,,,NVIDIA A100-SXM4-40GB MIG 4g.20gb (0),1,,13,cupy_copy__complex64_complex64
20153152614,2527,414996,103,1,1,128,1,1,16,0.000,0.000,,,,,NVIDIA A100-SXM4-40GB MIG 4g.20gb (0),1,,13,cupy_copy__complex64_complex64
20153160773,79552,415003,1,1,1,32,32,1,30,0.000,0.000,,,,,NVIDIA A100-SXM4-40GB MIG 4g.20gb (0),1,,13,"void convert_kernel<__half2, float2>(tensor_layout_any, T1 *, tensor_layout_any, const T2 *)"
20153268708,5408,415006,,,,,,,,,,0.094,17325.421,Pinned,Device,NVIDIA A100-SXM4-40GB MIG 4g.20gb (0),1,,13,[CUDA memcpy Host-to-Device]
20153331652,55071,415007,,,,,,,,,,35.810,650236.527,Device,,NVIDIA A100-SXM4-40GB MIG 4g.20gb (0),1,,13,[CUDA memset]
20153389443,2816,415009,,,,,,,,,,0.000,28.409,Pinned,Device,NVIDIA A100-SXM4-40GB MIG 4g.20gb (0),1,,13,[CUDA memcpy Host-to-Device]
20153395011,10464,415010,,,,,,,,,,0.197,18788.844,Pinned,Device,NVIDIA A100-SXM4-40GB MIG 4g.20gb (0),1,,13,[CUDA memcpy Host-to-Device]
20153465666,24192,415011,273,1,1,48,1,1,40,0.000,0.001,,,,,NVIDIA A100-SXM4-40GB MIG 4g.20gb (0),1,,13,"void pusch_noise_intf_est::noiseIntfEstNoDftSOfdmKernel<float, __half, float, float, (unsigned int)2, (unsigned int)1, (unsigned char)4, (unsigned char)4>(pusch_noise_intf_est::puschRxNoiseIntfEstDynDescr)"
20153492482,3168,415022,35,1,1,128,1,1,16,0.000,0.000,,,,,NVIDIA A100-SXM4-40GB MIG 4g.20gb (0),1,,13,cupy_copy__complex64_complex64
20153497346,1888,415031,1,1,1,1,1,1,18,0.000,0.000,,,,,NVIDIA A100-SXM4-40GB MIG 4g.20gb (0),1,,13,cupy_copy__float32_float32
20153502050,1664,415037,,,,,,,,,,0.000,2.404,Device,Pageable,NVIDIA A100-SXM4-40GB MIG 4g.20gb (0),1,,7,[CUDA memcpy Device-to-Host]
20153608064,17184,415048,1434,1,1,128,1,1,16,0.000,0.000,,,,,NVIDIA A100-SXM4-40GB MIG 4g.20gb (0),1,,13,cupy_copy__complex64_complex64
20153628576,2880,415055,103,1,1,128,1,1,16,0.000,0.000,,,,,NVIDIA A100-SXM4-40GB MIG 4g.20gb (0),1,,13,cupy_copy__complex64_complex64
20153633056,2592,415062,35,1,1,128,1,1,16,0.000,0.000,,,,,NVIDIA A100-SXM4-40GB MIG 4g.20gb (0),1,,13,cupy_copy__complex64_complex64
20153713215,5280,415069,1,1,1,1,1,1,18,0.000,0.000,,,,,NVIDIA A100-SXM4-40GB MIG 4g.20gb (0),1,,13,cupy_copy__float32_float32
20153807454,384764,415080,1,1,1,32,32,1,30,0.000,0.000,,,,,NVIDIA A100-SXM4-40GB MIG 4g.20gb (0),1,,13,"void convert_kernel<__half2, float2>(tensor_layout_any, T1 *, tensor_layout_any, const T2 *)"
20154222042,5792,415083,,,,,,,,,,0.094,16176.708,Pinned,Device,NVIDIA A100-SXM4-40GB MIG 4g.20gb (0),1,,13,[CUDA memcpy Host-to-Device]
20154333752,5600,415084,,,,,,,,,,1.547,276182.194,Device,,NVIDIA A100-SXM4-40GB MIG 4g.20gb (0),1,,13,[CUDA memset]
20154347160,3424,415089,,,,,,,,,,0.031,9140.185,Pinned,Device,NVIDIA A100-SXM4-40GB MIG 4g.20gb (0),1,,13,[CUDA memcpy Host-to-Device]
20154353368,10144,415090,,,,,,,,,,0.197,19381.617,Pinned,Device,NVIDIA A100-SXM4-40GB MIG 4g.20gb (0),1,,13,[CUDA memcpy Host-to-Device]
20154484599,23999,415091,273,1,1,8,4,1,39,0.002,0.000,,,,,NVIDIA A100-SXM4-40GB MIG 4g.20gb (0),1,,13,"void channel_eq::eqMmseCoefCompLowMimoKernel<float, float, float, (unsigned int)4, (unsigned int)1, (unsigned int)4>(const channel_eq::_puschRxChEqStatDescr *, channel_eq::_puschRxChEqCoefCompDynDescr)"
20154550550,26720,415092,273,1,1,12,11,1,51,0.002,0.000,,,,,NVIDIA A100-SXM4-40GB MIG 4g.20gb (0),1,,13,"void channel_eq::eqMmseSoftDemapKernel<float, __half, __half, float, (unsigned int)4, (unsigned short)16383>(channel_eq::_puschRxChEqStatDescr *, channel_eq::_puschRxChEqSoftDemapDynDescr)"
20155389805,599289,415093,1,1,1,32,32,1,30,0.000,0.000,,,,,NVIDIA A100-SXM4-40GB MIG 4g.20gb (0),1,,13,"void convert_kernel<float2, __half2>(tensor_layout_any, T1 *, tensor_layout_any, const T2 *)"
20156152804,17888,415105,2253,1,1,128,1,1,16,0.000,0.000,,,,,NVIDIA A100-SXM4-40GB MIG 4g.20gb (0),1,,13,cupy_copy__float16_float16
20156173316,4096,415114,282,1,1,128,1,1,16,0.000,0.000,,,,,NVIDIA A100-SXM4-40GB MIG 4g.20gb (0),1,,13,cupy_copy__complex64_complex64
20156230947,7808,415123,26,1,1,128,1,1,16,0.000,0.000,,,,,NVIDIA A100-SXM4-40GB MIG 4g.20gb (0),1,,13,cupy_copy__float32_float32
20156241443,5984,415132,103,1,1,128,1,1,16,0.000,0.000,,,,,NVIDIA A100-SXM4-40GB MIG 4g.20gb (0),1,,13,cupy_copy__complex64_complex64
20156250435,12992,415142,1434,1,1,128,1,1,16,0.000,0.000,,,,,NVIDIA A100-SXM4-40GB MIG 4g.20gb (0),1,,13,cupy_copy__complex64_complex64
20156314914,282525,415147,1,1,1,32,32,1,30,0.000,0.000,,,,,NVIDIA A100-SXM4-40GB MIG 4g.20gb (0),1,,13,"void convert_kernel<__half2, float2>(tensor_layout_any, T1 *, tensor_layout_any, const T2 *)"
20156627935,5344,415150,,,,,,,,,,0.094,17532.864,Pinned,Device,NVIDIA A100-SXM4-40GB MIG 4g.20gb (0),1,,13,[CUDA memcpy Host-to-Device]
20156638431,602553,415151,,,,,,,,,,456.561,757435.429,Device,,NVIDIA A100-SXM4-40GB MIG 4g.20gb (0),1,,13,[CUDA memset]
20157249592,48991,415156,,,,,,,,,,1.235,25206.442,Pinned,Device,NVIDIA A100-SXM4-40GB MIG 4g.20gb (0),1,,13,[CUDA memcpy Host-to-Device]
20157301015,9472,415157,,,,,,,,,,0.197,20756.693,Pinned,Device,NVIDIA A100-SXM4-40GB MIG 4g.20gb (0),1,,13,[CUDA memcpy Host-to-Device]
20157314263,7296,415158,69,4,1,48,1,1,76,0.002,0.000,,,,,NVIDIA A100-SXM4-40GB MIG 4g.20gb (0),1,,13,"void ch_est::windowedChEstPreNoDftSOfdmKernel<float, __half, float, (unsigned int)2, (unsigned int)1, (unsigned short)4>(ch_est::puschRxChEstStatDescr_t *, ch_est::puschRxChEstDynDescr_t *)"
20157323383,6400,415159,137,2,1,24,2,1,44,0.001,0.001,,,,,NVIDIA A100-SXM4-40GB MIG 4g.20gb (0),1,,13,"void ch_est::chEstFilterNoDftSOfdmDispatchKernel<float, __half, float, (unsigned int)2>(ch_est::puschRxChEstStatDescr_t *, ch_est::puschRxChEstDynDescr_t *)"
20157331735,4832,415160,137,2,1,24,2,1,44,0.001,0.001,,,,,NVIDIA A100-SXM4-40GB MIG 4g.20gb (0),1,,13,"void ch_est::chEstFilterNoDftSOfdmDispatchKernel<float, __half, float, (unsigned int)2>(ch_est::puschRxChEstStatDescr_t *, ch_est::puschRxChEstDynDescr_t *)"
20157337847,2528,415171,103,1,1,128,1,1,16,0.000,0.000,,,,,NVIDIA A100-SXM4-40GB MIG 4g.20gb (0),1,,13,cupy_copy__complex64_complex64
20157341943,13344,415181,1434,1,1,128,1,1,16,0.000,0.000,,,,,NVIDIA A100-SXM4-40GB MIG 4g.20gb (0),1,,13,cupy_copy__complex64_complex64
20157357303,2496,415188,103,1,1,128,1,1,16,0.000,0.000,,,,,NVIDIA A100-SXM4-40GB MIG 4g.20gb (0),1,,13,cupy_copy__complex64_complex64
20157361367,79167,415195,1,1,1,32,32,1,30,0.000,0.000,,,,,NVIDIA A100-SXM4-40GB MIG 4g.20gb (0),1,,13,"void convert_kernel<__half2, float2>(tensor_layout_any, T1 *, tensor_layout_any, const T2 *)"
20157468821,5376,415198,,,,,,,,,,0.094,17428.487,Pinned,Device,NVIDIA A100-SXM4-40GB MIG 4g.20gb (0),1,,13,[CUDA memcpy Host-to-Device]
20157480597,45728,415199,,,,,,,,,,35.810,783091.331,Device,,NVIDIA A100-SXM4-40GB MIG 4g.20gb (0),1,,13,[CUDA memset]
20157534261,2016,415201,,,,,,,,,,0.000,39.682,Pinned,Device,NVIDIA A100-SXM4-40GB MIG 4g.20gb (0),1,,13,[CUDA memcpy Host-to-Device]
20157538869,9343,415202,,,,,,,,,,0.197,21043.347,Pinned,Device,NVIDIA A100-SXM4-40GB MIG 4g.20gb (0),1,,13,[CUDA memcpy Host-to-Device]
20157552116,8672,415203,273,1,1,48,1,1,40,0.000,0.001,,,,,NVIDIA A100-SXM4-40GB MIG 4g.20gb (0),1,,13,"void pusch_noise_intf_est::noiseIntfEstNoDftSOfdmKernel<float, __half, float, float, (unsigned int)2, (unsigned int)1, (unsigned char)4, (unsigned char)4>(pusch_noise_intf_est::puschRxNoiseIntfEstDynDescr)"
20157562068,2848,415214,35,1,1,128,1,1,16,0.000,0.000,,,,,NVIDIA A100-SXM4-40GB MIG 4g.20gb (0),1,,13,cupy_copy__complex64_complex64
20157587540,1920,415223,1,1,1,1,1,1,18,0.000,0.000,,,,,NVIDIA A100-SXM4-40GB MIG 4g.20gb (0),1,,13,cupy_copy__float32_float32
20157622996,1600,415229,,,,,,,,,,0.000,2.500,Device,Pageable,NVIDIA A100-SXM4-40GB MIG 4g.20gb (0),1,,7,[CUDA memcpy Device-to-Host]
20157682547,13408,415240,1434,1,1,128,1,1,16,0.000,0.000,,,,,NVIDIA A100-SXM4-40GB MIG 4g.20gb (0),1,,13,cupy_copy__complex64_complex64
20157708915,2656,415247,103,1,1,128,1,1,16,0.000,0.000,,,,,NVIDIA A100-SXM4-40GB MIG 4g.20gb (0),1,,13,cupy_copy__complex64_complex64
20157729298,2176,415254,35,1,1,128,1,1,16,0.000,0.000,,,,,NVIDIA A100-SXM4-40GB MIG 4g.20gb (0),1,,13,cupy_copy__complex64_complex64
20157747538,1888,415261,1,1,1,1,1,1,18,0.000,0.000,,,,,NVIDIA A100-SXM4-40GB MIG 4g.20gb (0),1,,13,cupy_copy__float32_float32
20157884977,80767,415272,1,1,1,32,32,1,30,0.000,0.000,,,,,NVIDIA A100-SXM4-40GB MIG 4g.20gb (0),1,,13,"void convert_kernel<__half2, float2>(tensor_layout_any, T1 *, tensor_layout_any, const T2 *)"
20157995215,5440,415275,,,,,,,,,,0.094,17223.480,Pinned,Device,NVIDIA A100-SXM4-40GB MIG 4g.20gb (0),1,,13,[CUDA memcpy Host-to-Device]
20158009807,3200,415276,,,,,,,,,,1.547,483320.000,Device,,NVIDIA A100-SXM4-40GB MIG 4g.20gb (0),1,,13,[CUDA memset]
20158023599,3008,415281,,,,,,,,,,0.031,10404.230,Pinned,Device,NVIDIA A100-SXM4-40GB MIG 4g.20gb (0),1,,13,[CUDA memcpy Host-to-Device]
20158029071,9824,415282,,,,,,,,,,0.197,20012.925,Pinned,Device,NVIDIA A100-SXM4-40GB MIG 4g.20gb (0),1,,13,[CUDA memcpy Host-to-Device]
20158072719,14879,415283,273,1,1,8,4,1,39,0.002,0.000,,,,,NVIDIA A100-SXM4-40GB MIG 4g.20gb (0),1,,13,"void channel_eq::eqMmseCoefCompLowMimoKernel<float, float, float, (unsigned int)4, (unsigned int)1, (unsigned int)4>(const channel_eq::_puschRxChEqStatDescr *, channel_eq::_puschRxChEqCoefCompDynDescr)"
20158133262,12512,415284,273,1,1,12,11,1,51,0.002,0.000,,,,,NVIDIA A100-SXM4-40GB MIG 4g.20gb (0),1,,13,"void channel_eq::eqMmseSoftDemapKernel<float, __half, __half, float, (unsigned int)4, (unsigned short)16383>(channel_eq::_puschRxChEqStatDescr *, channel_eq::_puschRxChEqSoftDemapDynDescr)"
20158148238,699320,415285,1,1,1,32,32,1,30,0.000,0.000,,,,,NVIDIA A100-SXM4-40GB MIG 4g.20gb (0),1,,13,"void convert_kernel<float2, __half2>(tensor_layout_any, T1 *, tensor_layout_any, const T2 *)"
20158963525,17056,415297,2253,1,1,128,1,1,16,0.000,0.000,,,,,NVIDIA A100-SXM4-40GB MIG 4g.20gb (0),1,,13,cupy_copy__float16_float16
20159117827,6176,415306,282,1,1,128,1,1,16,0.000,0.000,,,,,NVIDIA A100-SXM4-40GB MIG 4g.20gb (0),1,,13,cupy_copy__complex64_complex64
20159161698,5152,415315,26,1,1,128,1,1,16,0.000,0.000,,,,,NVIDIA A100-SXM4-40GB MIG 4g.20gb (0),1,,13,cupy_copy__float32_float32
20159255393,6752,415324,103,1,1,128,1,1,16,0.000,0.000,,,,,NVIDIA A100-SXM4-40GB MIG 4g.20gb (0),1,,13,cupy_copy__complex64_complex64
20159310305,19552,415334,1434,1,1,128,1,1,16,0.000,0.000,,,,,NVIDIA A100-SXM4-40GB MIG 4g.20gb (0),1,,13,cupy_copy__complex64_complex64
20159599102,261725,415339,1,1,1,32,32,1,30,0.000,0.000,,,,,NVIDIA A100-SXM4-40GB MIG 4g.20gb (0),1,,13,"void convert_kernel<__half2, float2>(tensor_layout_any, T1 *, tensor_layout_any, const T2 *)"
20159893402,7840,415342,,,,,,,,,,0.094,11951.018,Pinned,Device,NVIDIA A100-SXM4-40GB MIG 4g.20gb (0),1,,13,[CUDA memcpy Host-to-Device]
20159986137,605786,415343,,,,,,,,,,456.561,753326.376,Device,,NVIDIA A100-SXM4-40GB MIG 4g.20gb (0),1,,13,[CUDA memset]
20160594930,54816,415348,,,,,,,,,,1.235,22527.848,Pinned,Device,NVIDIA A100-SXM4-40GB MIG 4g.20gb (0),1,,13,[CUDA memcpy Host-to-Device]
20160652178,12800,415349,,,,,,,,,,0.197,15360.000,Pinned,Device,NVIDIA A100-SXM4-40GB MIG 4g.20gb (0),1,,13,[CUDA memcpy Host-to-Device]
20160875695,15808,415350,69,4,1,48,1,1,76,0.002,0.000,,,,,NVIDIA A100-SXM4-40GB MIG 4g.20gb (0),1,,13,"void ch_est::windowedChEstPreNoDftSOfdmKernel<float, __half, float, (unsigned int)2, (unsigned int)1, (unsigned short)4>(ch_est::puschRxChEstStatDescr_t *, ch_est::puschRxChEstDynDescr_t *)"
20161162444,15040,415351,137,2,1,24,2,1,44,0.001,0.001,,,,,NVIDIA A100-SXM4-40GB MIG 4g.20gb (0),1,,13,"void ch_est::chEstFilterNoDftSOfdmDispatchKernel<float, __half, float, (unsigned int)2>(ch_est::puschRxChEstStatDescr_t *, ch_est::puschRxChEstDynDescr_t *)"
20161448137,16064,415352,137,2,1,24,2,1,44,0.001,0.001,,,,,NVIDIA A100-SXM4-40GB MIG 4g.20gb (0),1,,13,"void ch_est::chEstFilterNoDftSOfdmDispatchKernel<float, __half, float, (unsigned int)2>(ch_est::puschRxChEstStatDescr_t *, ch_est::puschRxChEstDynDescr_t *)"
20161733670,5120,415363,103,1,1,128,1,1,16,0.000,0.000,,,,,NVIDIA A100-SXM4-40GB MIG 4g.20gb (0),1,,13,cupy_copy__complex64_complex64
20161915524,23072,415373,1434,1,1,128,1,1,16,0.000,0.000,,,,,NVIDIA A100-SXM4-40GB MIG 4g.20gb (0),1,,13,cupy_copy__complex64_complex64
20162136801,6400,415380,103,1,1,128,1,1,16,0.000,0.000,,,,,NVIDIA A100-SXM4-40GB MIG 4g.20gb (0),1,,13,cupy_copy__complex64_complex64
20162318047,230590,415387,1,1,1,32,32,1,30,0.000,0.000,,,,,NVIDIA A100-SXM4-40GB MIG 4g.20gb (0),1,,13,"void convert_kernel<__half2, float2>(tensor_layout_any, T1 *, tensor_layout_any, const T2 *)"
20162578076,5952,415390,,,,,,,,,,0.094,15741.865,Pinned,Device,NVIDIA A100-SXM4-40GB MIG 4g.20gb (0),1,,13,[CUDA memcpy Host-to-Device]
20162660795,52384,415391,,,,,,,,,,35.810,683575.563,Device,,NVIDIA A100-SXM4-40GB MIG 4g.20gb (0),1,,13,[CUDA memset]
20162718811,2272,415393,,,,,,,,,,0.000,35.211,Pinned,Device,NVIDIA A100-SXM4-40GB MIG 4g.20gb (0),1,,13,[CUDA memcpy Host-to-Device]
20162723483,9472,415394,,,,,,,,,,0.197,20756.693,Pinned,Device,NVIDIA A100-SXM4-40GB MIG 4g.20gb (0),1,,13,[CUDA memcpy Host-to-Device]
20162794586,17504,415395,273,1,1,48,1,1,40,0.000,0.001,,,,,NVIDIA A100-SXM4-40GB MIG 4g.20gb (0),1,,13,"void pusch_noise_intf_est::noiseIntfEstNoDftSOfdmKernel<float, __half, float, float, (unsigned int)2, (unsigned int)1, (unsigned char)4, (unsigned char)4>(pusch_noise_intf_est::puschRxNoiseIntfEstDynDescr)"
20162898969,8576,415406,35,1,1,128,1,1,16,0.000,0.000,,,,,NVIDIA A100-SXM4-40GB MIG 4g.20gb (0),1,,13,cupy_copy__complex64_complex64
20162911961,2720,415415,1,1,1,1,1,1,18,0.000,0.000,,,,,NVIDIA A100-SXM4-40GB MIG 4g.20gb (0),1,,13,cupy_copy__float32_float32
20162924985,1567,415421,,,,,,,,,,0.000,2.553,Device,Pageable,NVIDIA A100-SXM4-40GB MIG 4g.20gb (0),1,,7,[CUDA memcpy Device-to-Host]
20162997528,18975,415432,1434,1,1,128,1,1,16,0.000,0.000,,,,,NVIDIA A100-SXM4-40GB MIG 4g.20gb (0),1,,13,cupy_copy__complex64_complex64
20163019447,3360,415439,103,1,1,128,1,1,16,0.000,0.000,,,,,NVIDIA A100-SXM4-40GB MIG 4g.20gb (0),1,,13,cupy_copy__complex64_complex64
20163104375,9087,415446,35,1,1,128,1,1,16,0.000,0.000,,,,,NVIDIA A100-SXM4-40GB MIG 4g.20gb (0),1,,13,cupy_copy__complex64_complex64
20163115542,2816,415453,1,1,1,1,1,1,18,0.000,0.000,,,,,NVIDIA A100-SXM4-40GB MIG 4g.20gb (0),1,,13,cupy_copy__float32_float32
20163202933,242782,415464,1,1,1,32,32,1,30,0.000,0.000,,,,,NVIDIA A100-SXM4-40GB MIG 4g.20gb (0),1,,13,"void convert_kernel<__half2, float2>(tensor_layout_any, T1 *, tensor_layout_any, const T2 *)"
20163474578,5376,415467,,,,,,,,,,0.094,17428.487,Pinned,Device,NVIDIA A100-SXM4-40GB MIG 4g.20gb (0),1,,13,[CUDA memcpy Host-to-Device]
20163500178,4288,415468,,,,,,,,,,1.547,360685.090,Device,,NVIDIA A100-SXM4-40GB MIG 4g.20gb (0),1,,13,[CUDA memset]
20163507250,3008,415473,,,,,,,,,,0.031,10404.230,Pinned,Device,NVIDIA A100-SXM4-40GB MIG 4g.20gb (0),1,,13,[CUDA memcpy Host-to-Device]
20163512978,9952,415474,,,,,,,,,,0.197,19755.565,Pinned,Device,NVIDIA A100-SXM4-40GB MIG 4g.20gb (0),1,,13,[CUDA memcpy Host-to-Device]
20163589009,16576,415475,273,1,1,8,4,1,39,0.002,0.000,,,,,NVIDIA A100-SXM4-40GB MIG 4g.20gb (0),1,,13,"void channel_eq::eqMmseCoefCompLowMimoKernel<float, float, float, (unsigned int)4, (unsigned int)1, (unsigned int)4>(const channel_eq::_puschRxChEqStatDescr *, channel_eq::_puschRxChEqCoefCompDynDescr)"
20163607505,7936,415476,273,1,1,12,11,1,51,0.002,0.000,,,,,NVIDIA A100-SXM4-40GB MIG 4g.20gb (0),1,,13,"void channel_eq::eqMmseSoftDemapKernel<float, __half, __half, float, (unsigned int)4, (unsigned short)16383>(channel_eq::_puschRxChEqStatDescr *, channel_eq::_puschRxChEqSoftDemapDynDescr)"
20163618257,478490,415477,1,1,1,32,32,1,30,0.000,0.000,,,,,NVIDIA A100-SXM4-40GB MIG 4g.20gb (0),1,,13,"void convert_kernel<float2, __half2>(tensor_layout_any, T1 *, tensor_layout_any, const T2 *)"
20164191114,32576,415489,2253,1,1,128,1,1,16,0.000,0.000,,,,,NVIDIA A100-SXM4-40GB MIG 4g.20gb (0),1,,13,cupy_copy__float16_float16
20164229258,4032,415498,282,1,1,128,1,1,16,0.000,0.000,,,,,NVIDIA A100-SXM4-40GB MIG 4g.20gb (0),1,,13,cupy_copy__complex64_complex64
20164234922,2304,415507,26,1,1,128,1,1,16,0.000,0.000,,,,,NVIDIA A100-SXM4-40GB MIG 4g.20gb (0),1,,13,cupy_copy__float32_float32
20164239242,3168,415516,103,1,1,128,1,1,16,0.000,0.000,,,,,NVIDIA A100-SXM4-40GB MIG 4g.20gb (0),1,,13,cupy_copy__complex64_complex64
20164244202,12512,415526,1434,1,1,128,1,1,16,0.000,0.000,,,,,NVIDIA A100-SXM4-40GB MIG 4g.20gb (0),1,,13,cupy_copy__complex64_complex64
20164258026,80895,415531,1,1,1,32,32,1,30,0.000,0.000,,,,,NVIDIA A100-SXM4-40GB MIG 4g.20gb (0),1,,13,"void convert_kernel<__half2, float2>(tensor_layout_any, T1 *, tensor_layout_any, const T2 *)"
20164369704,9536,415534,,,,,,,,,,0.094,9825.431,Pinned,Device,NVIDIA A100-SXM4-40GB MIG 4g.20gb (0),1,,13,[CUDA memcpy Host-to-Device]
20164440936,615833,415535,,,,,,,,,,456.561,740999.217,Device,,NVIDIA A100-SXM4-40GB MIG 4g.20gb (0),1,,13,[CUDA memset]
20165066241,62815,415540,,,,,,,,,,1.235,19659.074,Pinned,Device,NVIDIA A100-SXM4-40GB MIG 4g.20gb (0),1,,13,[CUDA memcpy Host-to-Device]
20165132384,17824,415541,,,,,,,,,,0.197,11030.495,Pinned,Device,NVIDIA A100-SXM4-40GB MIG 4g.20gb (0),1,,13,[CUDA memcpy Host-to-Device]
20165221983,30720,415542,69,4,1,48,1,1,76,0.002,0.000,,,,,NVIDIA A100-SXM4-40GB MIG 4g.20gb (0),1,,13,"void ch_est::windowedChEstPreNoDftSOfdmKernel<float, __half, float, (unsigned int)2, (unsigned int)1, (unsigned short)4>(ch_est::puschRxChEstStatDescr_t *, ch_est::puschRxChEstDynDescr_t *)"
20165428061,32447,415543,137,2,1,24,2,1,44,0.001,0.001,,,,,NVIDIA A100-SXM4-40GB MIG 4g.20gb (0),1,,13,"void ch_est::chEstFilterNoDftSOfdmDispatchKernel<float, __half, float, (unsigned int)2>(ch_est::puschRxChEstStatDescr_t *, ch_est::puschRxChEstDynDescr_t *)"
20165469404,5440,415544,137,2,1,24,2,1,44,0.001,0.001,,,,,NVIDIA A100-SXM4-40GB MIG 4g.20gb (0),1,,13,"void ch_est::chEstFilterNoDftSOfdmDispatchKernel<float, __half, float, (unsigned int)2>(ch_est::puschRxChEstStatDescr_t *, ch_est::puschRxChEstDynDescr_t *)"
20165675322,25952,415555,103,1,1,128,1,1,16,0.000,0.000,,,,,NVIDIA A100-SXM4-40GB MIG 4g.20gb (0),1,,13,cupy_copy__complex64_complex64
20165837688,20320,415565,1434,1,1,128,1,1,16,0.000,0.000,,,,,NVIDIA A100-SXM4-40GB MIG 4g.20gb (0),1,,13,cupy_copy__complex64_complex64
20166023062,23072,415572,103,1,1,128,1,1,16,0.000,0.000,,,,,NVIDIA A100-SXM4-40GB MIG 4g.20gb (0),1,,13,cupy_copy__complex64_complex64
20166180628,215070,415579,1,1,1,32,32,1,30,0.000,0.000,,,,,NVIDIA A100-SXM4-40GB MIG 4g.20gb (0),1,,13,"void convert_kernel<__half2, float2>(tensor_layout_any, T1 *, tensor_layout_any, const T2 *)"
20166428337,8544,415582,,,,,,,,,,0.094,10966.274,Pinned,Device,NVIDIA A100-SXM4-40GB MIG 4g.20gb (0),1,,13,[CUDA memcpy Host-to-Device]
20166911756,64319,415583,,,,,,,,,,35.810,556736.826,Device,,NVIDIA A100-SXM4-40GB MIG 4g.20gb (0),1,,13,[CUDA memset]
20166978507,1856,415585,,,,,,,,,,0.000,43.103,Pinned,Device,NVIDIA A100-SXM4-40GB MIG 4g.20gb (0),1,,13,[CUDA memcpy Host-to-Device]
20166984715,10688,415586,,,,,,,,,,0.197,18395.038,Pinned,Device,NVIDIA A100-SXM4-40GB MIG 4g.20gb (0),1,,13,[CUDA memcpy Host-to-Device]
20167398599,15519,415587,273,1,1,48,1,1,40,0.000,0.001,,,,,NVIDIA A100-SXM4-40GB MIG 4g.20gb (0),1,,13,"void pusch_noise_intf_est::noiseIntfEstNoDftSOfdmKernel<float, __half, float, float, (unsigned int)2, (unsigned int)1, (unsigned char)4, (unsigned char)4>(pusch_noise_intf_est::puschRxNoiseIntfEstDynDescr)"
20167546405,7488,415598,35,1,1,128,1,1,16,0.000,0.000,,,,,NVIDIA A100-SXM4-40GB MIG 4g.20gb (0),1,,13,cupy_copy__complex64_complex64
20167555301,3136,415607,1,1,1,1,1,1,18,0.000,0.000,,,,,NVIDIA A100-SXM4-40GB MIG 4g.20gb (0),1,,13,cupy_copy__float32_float32
20167562309,1600,415613,,,,,,,,,,0.000,2.500,Device,Pageable,NVIDIA A100-SXM4-40GB MIG 4g.20gb (0),1,,7,[CUDA memcpy Device-to-Host]
20167695203,19040,415624,1434,1,1,128,1,1,16,0.000,0.000,,,,,NVIDIA A100-SXM4-40GB MIG 4g.20gb (0),1,,13,cupy_copy__complex64_complex64
20167844578,6240,415631,103,1,1,128,1,1,16,0.000,0.000,,,,,NVIDIA A100-SXM4-40GB MIG 4g.20gb (0),1,,13,cupy_copy__complex64_complex64
20167852066,4032,415638,35,1,1,128,1,1,16,0.000,0.000,,,,,NVIDIA A100-SXM4-40GB MIG 4g.20gb (0),1,,13,cupy_copy__complex64_complex64
20167857793,2080,415645,1,1,1,1,1,1,18,0.000,0.000,,,,,NVIDIA A100-SXM4-40GB MIG 4g.20gb (0),1,,13,cupy_copy__float32_float32
20167992800,252381,415656,1,1,1,32,32,1,30,0.000,0.000,,,,,NVIDIA A100-SXM4-40GB MIG 4g.20gb (0),1,,13,"void convert_kernel<__half2, float2>(tensor_layout_any, T1 *, tensor_layout_any, const T2 *)"
20168277021,5664,415659,,,,,,,,,,0.094,16542.310,Pinned,Device,NVIDIA A100-SXM4-40GB MIG 4g.20gb (0),1,,13,[CUDA memcpy Host-to-Device]
20168293117,4672,415660,,,,,,,,,,1.547,331040.948,Device,,NVIDIA A100-SXM4-40GB MIG 4g.20gb (0),1,,13,[CUDA memset]
20168299485,3488,415665,,,,,,,,,,0.031,8972.469,Pinned,Device,NVIDIA A100-SXM4-40GB MIG 4g.20gb (0),1,,13,[CUDA memcpy Host-to-Device]
20168305405,9343,415666,,,,,,,,,,0.197,21043.347,Pinned,Device,NVIDIA A100-SXM4-40GB MIG 4g.20gb (0),1,,13,[CUDA memcpy Host-to-Device]
20168433243,12672,415667,273,1,1,8,4,1,39,0.002,0.000,,,,,NVIDIA A100-SXM4-40GB MIG 4g.20gb (0),1,,13,"void channel_eq::eqMmseCoefCompLowMimoKernel<float, float, float, (unsigned int)4, (unsigned int)1, (unsigned int)4>(const channel_eq::_puschRxChEqStatDescr *, channel_eq::_puschRxChEqCoefCompDynDescr)"
20168580121,13888,415668,273,1,1,12,11,1,51,0.002,0.000,,,,,NVIDIA A100-SXM4-40GB MIG 4g.20gb (0),1,,13,"void channel_eq::eqMmseSoftDemapKernel<float, __half, __half, float, (unsigned int)4, (unsigned short)16383>(channel_eq::_puschRxChEqStatDescr *, channel_eq::_puschRxChEqSoftDemapDynDescr)"
20168726616,605081,415669,1,1,1,32,32,1,30,0.000,0.000,,,,,NVIDIA A100-SXM4-40GB MIG 4g.20gb (0),1,,13,"void convert_kernel<float2, __half2>(tensor_layout_any, T1 *, tensor_layout_any, const T2 *)"
20169483887,34176,415681,2253,1,1,128,1,1,16,0.000,0.000,,,,,NVIDIA A100-SXM4-40GB MIG 4g.20gb (0),1,,13,cupy_copy__float16_float16
20169521519,5344,415690,282,1,1,128,1,1,16,0.000,0.000,,,,,NVIDIA A100-SXM4-40GB MIG 4g.20gb (0),1,,13,cupy_copy__complex64_complex64
20169697997,13792,415699,26,1,1,128,1,1,16,0.000,0.000,,,,,NVIDIA A100-SXM4-40GB MIG 4g.20gb (0),1,,13,cupy_copy__float32_float32
20169715117,11424,415708,103,1,1,128,1,1,16,0.000,0.000,,,,,NVIDIA A100-SXM4-40GB MIG 4g.20gb (0),1,,13,cupy_copy__complex64_complex64
20169731181,13279,415718,1434,1,1,128,1,1,16,0.000,0.000,,,,,NVIDIA A100-SXM4-40GB MIG 4g.20gb (0),1,,13,cupy_copy__complex64_complex64
20169943562,230942,415723,1,1,1,32,32,1,30,0.000,0.000,,,,,NVIDIA A100-SXM4-40GB MIG 4g.20gb (0),1,,13,"void convert_kernel<__half2, float2>(tensor_layout_any, T1 *, tensor_layout_any, const T2 *)"
20170203943,5536,415726,,,,,,,,,,0.094,16924.777,Pinned,Device,NVIDIA A100-SXM4-40GB MIG 4g.20gb (0),1,,13,[CUDA memcpy Host-to-Device]
20170217351,617977,415727,,,,,,,,,,456.561,738716.410,Device,,NVIDIA A100-SXM4-40GB MIG 4g.20gb (0),1,,13,[CUDA memset]
20170838464,50464,415732,,,,,,,,,,1.235,24471.650,Pinned,Device,NVIDIA A100-SXM4-40GB MIG 4g.20gb (0),1,,13,[CUDA memcpy Host-to-Device]
20170892352,9728,415733,,,,,,,,,,0.197,20210.516,Pinned,Device,NVIDIA A100-SXM4-40GB MIG 4g.20gb (0),1,,13,[CUDA memcpy Host-to-Device]
20171100317,30656,415734,69,4,1,48,1,1,76,0.002,0.000,,,,,NVIDIA A100-SXM4-40GB MIG 4g.20gb (0),1,,13,"void ch_est::windowedChEstPreNoDftSOfdmKernel<float, __half, float, (unsigned int)2, (unsigned int)1, (unsigned short)4>(ch_est::puschRxChEstStatDescr_t *, ch_est::puschRxChEstDynDescr_t *)"
20171133597,6720,415735,137,2,1,24,2,1,44,0.001,0.001,,,,,NVIDIA A100-SXM4-40GB MIG 4g.20gb (0),1,,13,"void ch_est::chEstFilterNoDftSOfdmDispatchKernel<float, __half, float, (unsigned int)2>(ch_est::puschRxChEstStatDescr_t *, ch_est::puschRxChEstDynDescr_t *)"
20171323579,36159,415736,137,2,1,24,2,1,44,0.001,0.001,,,,,NVIDIA A100-SXM4-40GB MIG 4g.20gb (0),1,,13,"void ch_est::chEstFilterNoDftSOfdmDispatchKernel<float, __half, float, (unsigned int)2>(ch_est::puschRxChEstStatDescr_t *, ch_est::puschRxChEstDynDescr_t *)"
20171361114,3936,415747,103,1,1,128,1,1,16,0.000,0.000,,,,,NVIDIA A100-SXM4-40GB MIG 4g.20gb (0),1,,13,cupy_copy__complex64_complex64
20171546872,31328,415757,1434,1,1,128,1,1,16,0.000,0.000,,,,,NVIDIA A100-SXM4-40GB MIG 4g.20gb (0),1,,13,cupy_copy__complex64_complex64
20171667703,5664,415764,103,1,1,128,1,1,16,0.000,0.000,,,,,NVIDIA A100-SXM4-40GB MIG 4g.20gb (0),1,,13,cupy_copy__complex64_complex64
20171853333,274685,415771,1,1,1,32,32,1,30,0.000,0.000,,,,,NVIDIA A100-SXM4-40GB MIG 4g.20gb (0),1,,13,"void convert_kernel<__half2, float2>(tensor_layout_any, T1 *, tensor_layout_any, const T2 *)"
20172164401,6272,415774,,,,,,,,,,0.094,14938.703,Pinned,Device,NVIDIA A100-SXM4-40GB MIG 4g.20gb (0),1,,13,[CUDA memcpy Host-to-Device]
20172214609,52383,415775,,,,,,,,,,35.810,683611.373,Device,,NVIDIA A100-SXM4-40GB MIG 4g.20gb (0),1,,13,[CUDA memset]
20172271504,1856,415777,,,,,,,,,,0.000,43.103,Pinned,Device,NVIDIA A100-SXM4-40GB MIG 4g.20gb (0),1,,13,[CUDA memcpy Host-to-Device]
20172276144,9664,415778,,,,,,,,,,0.197,20344.209,Pinned,Device,NVIDIA A100-SXM4-40GB MIG 4g.20gb (0),1,,13,[CUDA memcpy Host-to-Device]
20172351951,10496,415779,273,1,1,48,1,1,40,0.000,0.001,,,,,NVIDIA A100-SXM4-40GB MIG 4g.20gb (0),1,,13,"void pusch_noise_intf_est::noiseIntfEstNoDftSOfdmKernel<float, __half, float, float, (unsigned int)2, (unsigned int)1, (unsigned char)4, (unsigned char)4>(pusch_noise_intf_est::puschRxNoiseIntfEstDynDescr)"
20172445550,5408,415790,35,1,1,128,1,1,16,0.000,0.000,,,,,NVIDIA A100-SXM4-40GB MIG 4g.20gb (0),1,,13,cupy_copy__complex64_complex64
20172454670,2880,415799,1,1,1,1,1,1,18,0.000,0.000,,,,,NVIDIA A100-SXM4-40GB MIG 4g.20gb (0),1,,13,cupy_copy__float32_float32
20172468078,2976,415805,,,,,,,,,,0.000,1.344,Device,Pageable,NVIDIA A100-SXM4-40GB MIG 4g.20gb (0),1,,7,[CUDA memcpy Device-to-Host]
20172540237,19264,415816,1434,1,1,128,1,1,16,0.000,0.000,,,,,NVIDIA A100-SXM4-40GB MIG 4g.20gb (0),1,,13,cupy_copy__complex64_complex64
20172562061,3328,415823,103,1,1,128,1,1,16,0.000,0.000,,,,,NVIDIA A100-SXM4-40GB MIG 4g.20gb (0),1,,13,cupy_copy__complex64_complex64
20172648460,4544,415830,35,1,1,128,1,1,16,0.000,0.000,,,,,NVIDIA A100-SXM4-40GB MIG 4g.20gb (0),1,,13,cupy_copy__complex64_complex64
20172656268,2784,415837,1,1,1,1,1,1,18,0.000,0.000,,,,,NVIDIA A100-SXM4-40GB MIG 4g.20gb (0),1,,13,cupy_copy__float32_float32
20172744971,338556,415848,1,1,1,32,32,1,30,0.000,0.000,,,,,NVIDIA A100-SXM4-40GB MIG 4g.20gb (0),1,,13,"void convert_kernel<__half2, float2>(tensor_layout_any, T1 *, tensor_layout_any, const T2 *)"
20173115591,5696,415851,,,,,,,,,,0.094,16449.363,Pinned,Device,NVIDIA A100-SXM4-40GB MIG 4g.20gb (0),1,,13,[CUDA memcpy Host-to-Device]
20173131207,6592,415852,,,,,,,,,,1.547,234621.314,Device,,NVIDIA A100-SXM4-40GB MIG 4g.20gb (0),1,,13,[CUDA memset]
20173137351,3456,415857,,,,,,,,,,0.031,9055.529,Pinned,Device,NVIDIA A100-SXM4-40GB MIG 4g.20gb (0),1,,13,[CUDA memcpy Host-to-Device]
20173149670,10496,415858,,,,,,,,,,0.197,18731.631,Pinned,Device,NVIDIA A100-SXM4-40GB MIG 4g.20gb (0),1,,13,[CUDA memcpy Host-to-Device]
20173165606,6912,415859,273,1,1,8,4,1,39,0.002,0.000,,,,,NVIDIA A100-SXM4-40GB MIG 4g.20gb (0),1,,13,"void channel_eq::eqMmseCoefCompLowMimoKernel<float, float, float, (unsigned int)4, (unsigned int)1, (unsigned int)4>(const channel_eq::_puschRxChEqStatDescr *, channel_eq::_puschRxChEqCoefCompDynDescr)"
20173174534,7104,415860,273,1,1,12,11,1,51,0.002,0.000,,,,,NVIDIA A100-SXM4-40GB MIG 4g.20gb (0),1,,13,"void channel_eq::eqMmseSoftDemapKernel<float, __half, __half, float, (unsigned int)4, (unsigned short)16383>(channel_eq::_puschRxChEqStatDescr *, channel_eq::_puschRxChEqSoftDemapDynDescr)"
20173184486,645081,415861,1,1,1,32,32,1,30,0.000,0.000,,,,,NVIDIA A100-SXM4-40GB MIG 4g.20gb (0),1,,13,"void convert_kernel<float2, __half2>(tensor_layout_any, T1 *, tensor_layout_any, const T2 *)"
20173871678,17312,415873,2253,1,1,128,1,1,16,0.000,0.000,,,,,NVIDIA A100-SXM4-40GB MIG 4g.20gb (0),1,,13,cupy_copy__float16_float16
20173924702,9568,415882,282,1,1,128,1,1,16,0.000,0.000,,,,,NVIDIA A100-SXM4-40GB MIG 4g.20gb (0),1,,13,cupy_copy__complex64_complex64
20173935710,3904,415891,26,1,1,128,1,1,16,0.000,0.000,,,,,NVIDIA A100-SXM4-40GB MIG 4g.20gb (0),1,,13,cupy_copy__float32_float32
20173941310,3360,415900,103,1,1,128,1,1,16,0.000,0.000,,,,,NVIDIA A100-SXM4-40GB MIG 4g.20gb (0),1,,13,cupy_copy__complex64_complex64
20173981661,25152,415910,1434,1,1,128,1,1,16,0.000,0.000,,,,,NVIDIA A100-SXM4-40GB MIG 4g.20gb (0),1,,13,cupy_copy__complex64_complex64
20174037693,260605,415915,1,1,1,32,32,1,30,0.000,0.000,,,,,NVIDIA A100-SXM4-40GB MIG 4g.20gb (0),1,,13,"void convert_kernel<__half2, float2>(tensor_layout_any, T1 *, tensor_layout_any, const T2 *)"
20174328345,5504,415918,,,,,,,,,,0.094,17023.251,Pinned,Device,NVIDIA A100-SXM4-40GB MIG 4g.20gb (0),1,,13,[CUDA memcpy Host-to-Device]
20174387737,647128,415919,,,,,,,,,,456.561,705387.425,Device,,NVIDIA A100-SXM4-40GB MIG 4g.20gb (0),1,,13,[CUDA memset]
20175041009,49312,415924,,,,,,,,,,1.235,25043.429,Pinned,Device,NVIDIA A100-SXM4-40GB MIG 4g.20gb (0),1,,13,[CUDA memcpy Host-to-Device]
20175092817,9536,415925,,,,,,,,,,0.197,20617.298,Pinned,Device,NVIDIA A100-SXM4-40GB MIG 4g.20gb (0),1,,13,[CUDA memcpy Host-to-Device]
20175187088,58847,415926,69,4,1,48,1,1,76,0.002,0.000,,,,,NVIDIA A100-SXM4-40GB MIG 4g.20gb (0),1,,13,"void ch_est::windowedChEstPreNoDftSOfdmKernel<float, __half, float, (unsigned int)2, (unsigned int)1, (unsigned short)4>(ch_est::puschRxChEstStatDescr_t *, ch_est::puschRxChEstDynDescr_t *)"
20175247855,19008,415927,137,2,1,24,2,1,44,0.001,0.001,,,,,NVIDIA A100-SXM4-40GB MIG 4g.20gb (0),1,,13,"void ch_est::chEstFilterNoDftSOfdmDispatchKernel<float, __half, float, (unsigned int)2>(ch_est::puschRxChEstStatDescr_t *, ch_est::puschRxChEstDynDescr_t *)"
20175268975,4864,415928,137,2,1,24,2,1,44,0.001,0.001,,,,,NVIDIA A100-SXM4-40GB MIG 4g.20gb (0),1,,13,"void ch_est::chEstFilterNoDftSOfdmDispatchKernel<float, __half, float, (unsigned int)2>(ch_est::puschRxChEstStatDescr_t *, ch_est::puschRxChEstDynDescr_t *)"
20175275919,2528,415939,103,1,1,128,1,1,16,0.000,0.000,,,,,NVIDIA A100-SXM4-40GB MIG 4g.20gb (0),1,,13,cupy_copy__complex64_complex64
20175280079,13376,415949,1434,1,1,128,1,1,16,0.000,0.000,,,,,NVIDIA A100-SXM4-40GB MIG 4g.20gb (0),1,,13,cupy_copy__complex64_complex64
20175294767,2496,415956,103,1,1,128,1,1,16,0.000,0.000,,,,,NVIDIA A100-SXM4-40GB MIG 4g.20gb (0),1,,13,cupy_copy__complex64_complex64
20175299214,80512,415963,1,1,1,32,32,1,30,0.000,0.000,,,,,NVIDIA A100-SXM4-40GB MIG 4g.20gb (0),1,,13,"void convert_kernel<__half2, float2>(tensor_layout_any, T1 *, tensor_layout_any, const T2 *)"
20175409645,5984,415966,,,,,,,,,,0.094,15657.726,Pinned,Device,NVIDIA A100-SXM4-40GB MIG 4g.20gb (0),1,,13,[CUDA memcpy Host-to-Device]
20175459661,128350,415967,,,,,,,,,,35.810,278995.087,Device,,NVIDIA A100-SXM4-40GB MIG 4g.20gb (0),1,,13,[CUDA memset]
20175590507,2400,415969,,,,,,,,,,0.000,33.333,Pinned,Device,NVIDIA A100-SXM4-40GB MIG 4g.20gb (0),1,,13,[CUDA memcpy Host-to-Device]
20175595883,9440,415970,,,,,,,,,,0.197,20827.079,Pinned,Device,NVIDIA A100-SXM4-40GB MIG 4g.20gb (0),1,,13,[CUDA memcpy Host-to-Device]
20175899368,60543,415971,273,1,1,48,1,1,40,0.000,0.001,,,,,NVIDIA A100-SXM4-40GB MIG 4g.20gb (0),1,,13,"void pusch_noise_intf_est::noiseIntfEstNoDftSOfdmKernel<float, __half, float, float, (unsigned int)2, (unsigned int)1, (unsigned char)4, (unsigned char)4>(pusch_noise_intf_est::puschRxNoiseIntfEstDynDescr)"
20176104774,5919,415982,35,1,1,128,1,1,16,0.000,0.000,,,,,NVIDIA A100-SXM4-40GB MIG 4g.20gb (0),1,,13,cupy_copy__complex64_complex64
20176256964,5184,415991,1,1,1,1,1,1,18,0.000,0.000,,,,,NVIDIA A100-SXM4-40GB MIG 4g.20gb (0),1,,13,cupy_copy__float32_float32
20176266020,1920,415997,,,,,,,,,,0.000,2.083,Device,Pageable,NVIDIA A100-SXM4-40GB MIG 4g.20gb (0),1,,7,[CUDA memcpy Device-to-Host]
20176462402,68639,416008,1434,1,1,128,1,1,16,0.000,0.000,,,,,NVIDIA A100-SXM4-40GB MIG 4g.20gb (0),1,,13,cupy_copy__complex64_complex64
20176533249,3424,416015,103,1,1,128,1,1,16,0.000,0.000,,,,,NVIDIA A100-SXM4-40GB MIG 4g.20gb (0),1,,13,cupy_copy__complex64_complex64
20176540065,2656,416022,35,1,1,128,1,1,16,0.000,0.000,,,,,NVIDIA A100-SXM4-40GB MIG 4g.20gb (0),1,,13,cupy_copy__complex64_complex64
20176708735,4480,416029,1,1,1,1,1,1,18,0.000,0.000,,,,,NVIDIA A100-SXM4-40GB MIG 4g.20gb (0),1,,13,cupy_copy__float32_float32
20176839645,224510,416040,1,1,1,32,32,1,30,0.000,0.000,,,,,NVIDIA A100-SXM4-40GB MIG 4g.20gb (0),1,,13,"void convert_kernel<__half2, float2>(tensor_layout_any, T1 *, tensor_layout_any, const T2 *)"
20177094682,5600,416043,,,,,,,,,,0.094,16731.388,Pinned,Device,NVIDIA A100-SXM4-40GB MIG 4g.20gb (0),1,,13,[CUDA memcpy Host-to-Device]
20177306904,17184,416044,,,,,,,,,,1.547,90002.690,Device,,NVIDIA A100-SXM4-40GB MIG 4g.20gb (0),1,,13,[CUDA memset]
20177381655,3008,416049,,,,,,,,,,0.031,10404.230,Pinned,Device,NVIDIA A100-SXM4-40GB MIG 4g.20gb (0),1,,13,[CUDA memcpy Host-to-Device]
20177387287,9568,416050,,,,,,,,,,0.197,20548.485,Pinned,Device,NVIDIA A100-SXM4-40GB MIG 4g.20gb (0),1,,13,[CUDA memcpy Host-to-Device]
20177518582,42527,416051,273,1,1,8,4,1,39,0.002,0.000,,,,,NVIDIA A100-SXM4-40GB MIG 4g.20gb (0),1,,13,"void channel_eq::eqMmseCoefCompLowMimoKernel<float, float, float, (unsigned int)4, (unsigned int)1, (unsigned int)4>(const channel_eq::_puschRxChEqStatDescr *, channel_eq::_puschRxChEqCoefCompDynDescr)"
20177563253,25184,416052,273,1,1,12,11,1,51,0.002,0.000,,,,,NVIDIA A100-SXM4-40GB MIG 4g.20gb (0),1,,13,"void channel_eq::eqMmseSoftDemapKernel<float, __half, __half, float, (unsigned int)4, (unsigned short)16383>(channel_eq::_puschRxChEqStatDescr *, channel_eq::_puschRxChEqSoftDemapDynDescr)"
20177589205,282717,416053,1,1,1,32,32,1,30,0.000,0.000,,,,,NVIDIA A100-SXM4-40GB MIG 4g.20gb (0),1,,13,"void convert_kernel<float2, __half2>(tensor_layout_any, T1 *, tensor_layout_any, const T2 *)"
20177873554,10752,416065,2253,1,1,128,1,1,16,0.000,0.000,,,,,NVIDIA A100-SXM4-40GB MIG 4g.20gb (0),1,,13,cupy_copy__float16_float16
20177886098,2880,416074,282,1,1,128,1,1,16,0.000,0.000,,,,,NVIDIA A100-SXM4-40GB MIG 4g.20gb (0),1,,13,cupy_copy__complex64_complex64
20177890610,2080,416083,26,1,1,128,1,1,16,0.000,0.000,,,,,NVIDIA A100-SXM4-40GB MIG 4g.20gb (0),1,,13,cupy_copy__float32_float32
20177894194,2912,416092,103,1,1,128,1,1,16,0.000,0.000,,,,,NVIDIA A100-SXM4-40GB MIG 4g.20gb (0),1,,13,cupy_copy__complex64_complex64
20177898546,12447,416102,1434,1,1,128,1,1,16,0.000,0.000,,,,,NVIDIA A100-SXM4-40GB MIG 4g.20gb (0),1,,13,cupy_copy__complex64_complex64
20177912465,80159,416107,1,1,1,32,32,1,30,0.000,0.000,,,,,NVIDIA A100-SXM4-40GB MIG 4g.20gb (0),1,,13,"void convert_kernel<__half2, float2>(tensor_layout_any, T1 *, tensor_layout_any, const T2 *)"
20178065936,5472,416110,,,,,,,,,,0.094,17122.757,Pinned,Device,NVIDIA A100-SXM4-40GB MIG 4g.20gb (0),1,,13,[CUDA memcpy Host-to-Device]
20178076016,601113,416111,,,,,,,,,,456.561,759261.675,Device,,NVIDIA A100-SXM4-40GB MIG 4g.20gb (0),1,,13,[CUDA memset]
20178683593,48831,416116,,,,,,,,,,1.235,25289.183,Pinned,Device,NVIDIA A100-SXM4-40GB MIG 4g.20gb (0),1,,13,[CUDA memcpy Host-to-Device]
20178734952,9312,416117,,,,,,,,,,0.197,21113.340,Pinned,Device,NVIDIA A100-SXM4-40GB MIG 4g.20gb (0),1,,13,[CUDA memcpy Host-to-Device]
20178748168,7104,416118,69,4,1,48,1,1,76,0.002,0.000,,,,,NVIDIA A100-SXM4-40GB MIG 4g.20gb (0),1,,13,"void ch_est::windowedChEstPreNoDftSOfdmKernel<float, __half, float, (unsigned int)2, (unsigned int)1, (unsigned short)4>(ch_est::puschRxChEstStatDescr_t *, ch_est::puschRxChEstDynDescr_t *)"
20178756584,7200,416119,137,2,1,24,2,1,44,0.001,0.001,,,,,NVIDIA A100-SXM4-40GB MIG 4g.20gb (0),1,,13,"void ch_est::chEstFilterNoDftSOfdmDispatchKernel<float, __half, float, (unsigned int)2>(ch_est::puschRxChEstStatDescr_t *, ch_est::puschRxChEstDynDescr_t *)"
20178765864,5024,416120,137,2,1,24,2,1,44,0.001,0.001,,,,,NVIDIA A100-SXM4-40GB MIG 4g.20gb (0),1,,13,"void ch_est::chEstFilterNoDftSOfdmDispatchKernel<float, __half, float, (unsigned int)2>(ch_est::puschRxChEstStatDescr_t *, ch_est::puschRxChEstDynDescr_t *)"
20178772200,2464,416131,103,1,1,128,1,1,16,0.000,0.000,,,,,NVIDIA A100-SXM4-40GB MIG 4g.20gb (0),1,,13,cupy_copy__complex64_complex64
20178777064,13408,416141,1434,1,1,128,1,1,16,0.000,0.000,,,,,NVIDIA A100-SXM4-40GB MIG 4g.20gb (0),1,,13,cupy_copy__complex64_complex64
20178795879,2560,416148,103,1,1,128,1,1,16,0.000,0.000,,,,,NVIDIA A100-SXM4-40GB MIG 4g.20gb (0),1,,13,cupy_copy__complex64_complex64
20178800583,80128,416155,1,1,1,32,32,1,30,0.000,0.000,,,,,NVIDIA A100-SXM4-40GB MIG 4g.20gb (0),1,,13,"void convert_kernel<__half2, float2>(tensor_layout_any, T1 *, tensor_layout_any, const T2 *)"
20178913350,5536,416158,,,,,,,,,,0.094,16924.777,Pinned,Device,NVIDIA A100-SXM4-40GB MIG 4g.20gb (0),1,,13,[CUDA memcpy Host-to-Device]
20179076964,49440,416159,,,,,,,,,,35.810,724291.442,Device,,NVIDIA A100-SXM4-40GB MIG 4g.20gb (0),1,,13,[CUDA memset]
20179129732,1856,416161,,,,,,,,,,0.000,43.103,Pinned,Device,NVIDIA A100-SXM4-40GB MIG 4g.20gb (0),1,,13,[CUDA memcpy Host-to-Device]
20179135588,9280,416162,,,,,,,,,,0.197,21186.085,Pinned,Device,NVIDIA A100-SXM4-40GB MIG 4g.20gb (0),1,,13,[CUDA memcpy Host-to-Device]
20179317346,9952,416163,273,1,1,48,1,1,40,0.000,0.001,,,,,NVIDIA A100-SXM4-40GB MIG 4g.20gb (0),1,,13,"void pusch_noise_intf_est::noiseIntfEstNoDftSOfdmKernel<float, __half, float, float, (unsigned int)2, (unsigned int)1, (unsigned char)4, (unsigned char)4>(pusch_noise_intf_est::puschRxNoiseIntfEstDynDescr)"
20179328610,3136,416174,35,1,1,128,1,1,16,0.000,0.000,,,,,NVIDIA A100-SXM4-40GB MIG 4g.20gb (0),1,,13,cupy_copy__complex64_complex64
20179385153,3520,416183,1,1,1,1,1,1,18,0.000,0.000,,,,,NVIDIA A100-SXM4-40GB MIG 4g.20gb (0),1,,13,cupy_copy__float32_float32
20179399713,1856,416189,,,,,,,,,,0.000,2.155,Device,Pageable,NVIDIA A100-SXM4-40GB MIG 4g.20gb (0),1,,7,[CUDA memcpy Device-to-Host]
20179693917,16416,416200,1434,1,1,128,1,1,16,0.000,0.000,,,,,NVIDIA A100-SXM4-40GB MIG 4g.20gb (0),1,,13,cupy_copy__complex64_complex64
20179928123,12640,416207,103,1,1,128,1,1,16,0.000,0.000,,,,,NVIDIA A100-SXM4-40GB MIG 4g.20gb (0),1,,13,cupy_copy__complex64_complex64
20179942171,16704,416214,35,1,1,128,1,1,16,0.000,0.000,,,,,NVIDIA A100-SXM4-40GB MIG 4g.20gb (0),1,,13,cupy_copy__complex64_complex64
20180037978,5312,416221,1,1,1,1,1,1,18,0.000,0.000,,,,,NVIDIA A100-SXM4-40GB MIG 4g.20gb (0),1,,13,cupy_copy__float32_float32
20180343126,231582,416232,1,1,1,32,32,1,30,0.000,0.000,,,,,NVIDIA A100-SXM4-40GB MIG 4g.20gb (0),1,,13,"void convert_kernel<__half2, float2>(tensor_layout_any, T1 *, tensor_layout_any, const T2 *)"
20180606291,6112,416235,,,,,,,,,,0.094,15329.790,Pinned,Device,NVIDIA A100-SXM4-40GB MIG 4g.20gb (0),1,,13,[CUDA memcpy Host-to-Device]
20180895280,7808,416236,,,,,,,,,,1.547,198080.776,Device,,NVIDIA A100-SXM4-40GB MIG 4g.20gb (0),1,,13,[CUDA memset]
20180906512,3424,416241,,,,,,,,,,0.031,9140.185,Pinned,Device,NVIDIA A100-SXM4-40GB MIG 4g.20gb (0),1,,13,[CUDA memcpy Host-to-Device]
20180912624,10880,416242,,,,,,,,,,0.197,18070.438,Pinned,Device,NVIDIA A100-SXM4-40GB MIG 4g.20gb (0),1,,13,[CUDA memcpy Host-to-Device]
20181257004,17056,416243,273,1,1,8,4,1,39,0.002,0.000,,,,,NVIDIA A100-SXM4-40GB MIG 4g.20gb (0),1,,13,"void channel_eq::eqMmseCoefCompLowMimoKernel<float, float, float, (unsigned int)4, (unsigned int)1, (unsigned int)4>(const channel_eq::_puschRxChEqStatDescr *, channel_eq::_puschRxChEqCoefCompDynDescr)"
20181415530,66112,416244,273,1,1,12,11,1,51,0.002,0.000,,,,,NVIDIA A100-SXM4-40GB MIG 4g.20gb (0),1,,13,"void channel_eq::eqMmseSoftDemapKernel<float, __half, __half, float, (unsigned int)4, (unsigned short)16383>(channel_eq::_puschRxChEqStatDescr *, channel_eq::_puschRxChEqSoftDemapDynDescr)"
20181785414,576474,416245,1,1,1,32,32,1,30,0.000,0.000,,,,,NVIDIA A100-SXM4-40GB MIG 4g.20gb (0),1,,13,"void convert_kernel<float2, __half2>(tensor_layout_any, T1 *, tensor_layout_any, const T2 *)"
20182690908,21792,416257,2253,1,1,128,1,1,16,0.000,0.000,,,,,NVIDIA A100-SXM4-40GB MIG 4g.20gb (0),1,,13,cupy_copy__float16_float16
20183248470,6560,416266,282,1,1,128,1,1,16,0.000,0.000,,,,,NVIDIA A100-SXM4-40GB MIG 4g.20gb (0),1,,13,cupy_copy__complex64_complex64
20183700209,7904,416275,26,1,1,128,1,1,16,0.000,0.000,,,,,NVIDIA A100-SXM4-40GB MIG 4g.20gb (0),1,,13,cupy_copy__float32_float32
20183710321,12608,416284,103,1,1,128,1,1,16,0.000,0.000,,,,,NVIDIA A100-SXM4-40GB MIG 4g.20gb (0),1,,13,cupy_copy__complex64_complex64
20183724497,13279,416294,1434,1,1,128,1,1,16,0.000,0.000,,,,,NVIDIA A100-SXM4-40GB MIG 4g.20gb (0),1,,13,cupy_copy__complex64_complex64
20183739824,141759,416299,1,1,1,32,32,1,30,0.000,0.000,,,,,NVIDIA A100-SXM4-40GB MIG 4g.20gb (0),1,,13,"void convert_kernel<__half2, float2>(tensor_layout_any, T1 *, tensor_layout_any, const T2 *)"
20183915566,5600,416302,,,,,,,,,,0.094,16731.388,Pinned,Device,NVIDIA A100-SXM4-40GB MIG 4g.20gb (0),1,,13,[CUDA memcpy Host-to-Device]
20183931310,620825,416303,,,,,,,,,,456.561,735063.918,Device,,NVIDIA A100-SXM4-40GB MIG 4g.20gb (0),1,,13,[CUDA memset]
20184556935,52256,416308,,,,,,,,,,1.235,23631.888,Pinned,Device,NVIDIA A100-SXM4-40GB MIG 4g.20gb (0),1,,13,[CUDA memcpy Host-to-Device]
20184612519,10080,416309,,,,,,,,,,0.197,19504.693,Pinned,Device,NVIDIA A100-SXM4-40GB MIG 4g.20gb (0),1,,13,[CUDA memcpy Host-to-Device]
20184628550,11424,416310,69,4,1,48,1,1,76,0.002,0.000,,,,,NVIDIA A100-SXM4-40GB MIG 4g.20gb (0),1,,13,"void ch_est::windowedChEstPreNoDftSOfdmKernel<float, __half, float, (unsigned int)2, (unsigned int)1, (unsigned short)4>(ch_est::puschRxChEstStatDescr_t *, ch_est::puschRxChEstDynDescr_t *)"
20184697222,24927,416311,137,2,1,24,2,1,44,0.001,0.001,,,,,NVIDIA A100-SXM4-40GB MIG 4g.20gb (0),1,,13,"void ch_est::chEstFilterNoDftSOfdmDispatchKernel<float, __half, float, (unsigned int)2>(ch_est::puschRxChEstStatDescr_t *, ch_est::puschRxChEstDynDescr_t *)"
20184724805,5760,416312,137,2,1,24,2,1,44,0.001,0.001,,,,,NVIDIA A100-SXM4-40GB MIG 4g.20gb (0),1,,13,"void ch_est::chEstFilterNoDftSOfdmDispatchKernel<float, __half, float, (unsigned int)2>(ch_est::puschRxChEstStatDescr_t *, ch_est::puschRxChEstDynDescr_t *)"
20184786213,14688,416323,103,1,1,128,1,1,16,0.000,0.000,,,,,NVIDIA A100-SXM4-40GB MIG 4g.20gb (0),1,,13,cupy_copy__complex64_complex64
20184802821,21215,416333,1434,1,1,128,1,1,16,0.000,0.000,,,,,NVIDIA A100-SXM4-40GB MIG 4g.20gb (0),1,,13,cupy_copy__complex64_complex64
20184870052,15936,416340,103,1,1,128,1,1,16,0.000,0.000,,,,,NVIDIA A100-SXM4-40GB MIG 4g.20gb (0),1,,13,cupy_copy__complex64_complex64
20184888196,300796,416347,1,1,1,32,32,1,30,0.000,0.000,,,,,NVIDIA A100-SXM4-40GB MIG 4g.20gb (0),1,,13,"void convert_kernel<__half2, float2>(tensor_layout_any, T1 *, tensor_layout_any, const T2 *)"
20185218304,5472,416350,,,,,,,,,,0.094,17122.757,Pinned,Device,NVIDIA A100-SXM4-40GB MIG 4g.20gb (0),1,,13,[CUDA memcpy Host-to-Device]
20185230368,47999,416351,,,,,,,,,,35.810,746028.063,Device,,NVIDIA A100-SXM4-40GB MIG 4g.20gb (0),1,,13,[CUDA memset]
20185284031,1920,416353,,,,,,,,,,0.000,41.667,Pinned,Device,NVIDIA A100-SXM4-40GB MIG 4g.20gb (0),1,,13,[CUDA memcpy Host-to-Device]
20185288639,9568,416354,,,,,,,,,,0.197,20548.485,Pinned,Device,NVIDIA A100-SXM4-40GB MIG 4g.20gb (0),1,,13,[CUDA memcpy Host-to-Device]
20185332447,27807,416355,273,1,1,48,1,1,40,0.000,0.001,,,,,NVIDIA A100-SXM4-40GB MIG 4g.20gb (0),1,,13,"void pusch_noise_intf_est::noiseIntfEstNoDftSOfdmKernel<float, __half, float, float, (unsigned int)2, (unsigned int)1, (unsigned char)4, (unsigned char)4>(pusch_noise_intf_est::puschRxNoiseIntfEstDynDescr)"
20185419582,8832,416366,35,1,1,128,1,1,16,0.000,0.000,,,,,NVIDIA A100-SXM4-40GB MIG 4g.20gb (0),1,,13,cupy_copy__complex64_complex64
20185431741,3872,416375,1,1,1,1,1,1,18,0.000,0.000,,,,,NVIDIA A100-SXM4-40GB MIG 4g.20gb (0),1,,13,cupy_copy__float32_float32
20185437757,2240,416381,,,,,,,,,,0.000,1.786,Device,Pageable,NVIDIA A100-SXM4-40GB MIG 4g.20gb (0),1,,7,[CUDA memcpy Device-to-Host]
20185498621,13248,416392,1434,1,1,128,1,1,16,0.000,0.000,,,,,NVIDIA A100-SXM4-40GB MIG 4g.20gb (0),1,,13,cupy_copy__complex64_complex64
20185525052,2720,416399,103,1,1,128,1,1,16,0.000,0.000,,,,,NVIDIA A100-SXM4-40GB MIG 4g.20gb (0),1,,13,cupy_copy__complex64_complex64
20185559356,2208,416406,35,1,1,128,1,1,16,0.000,0.000,,,,,NVIDIA A100-SXM4-40GB MIG 4g.20gb (0),1,,13,cupy_copy__complex64_complex64
20185577436,1888,416413,1,1,1,1,1,1,18,0.000,0.000,,,,,NVIDIA A100-SXM4-40GB MIG 4g.20gb (0),1,,13,cupy_copy__float32_float32
20185756634,250589,416424,1,1,1,32,32,1,30,0.000,0.000,,,,,NVIDIA A100-SXM4-40GB MIG 4g.20gb (0),1,,13,"void convert_kernel<__half2, float2>(tensor_layout_any, T1 *, tensor_layout_any, const T2 *)"
20186037719,5696,416427,,,,,,,,,,0.094,16449.363,Pinned,Device,NVIDIA A100-SXM4-40GB MIG 4g.20gb (0),1,,13,[CUDA memcpy Host-to-Device]
20186506514,4767,416428,,,,,,,,,,1.547,324443.050,Device,,NVIDIA A100-SXM4-40GB MIG 4g.20gb (0),1,,13,[CUDA memset]
20186514449,3008,416433,,,,,,,,,,0.031,10404.230,Pinned,Device,NVIDIA A100-SXM4-40GB MIG 4g.20gb (0),1,,13,[CUDA memcpy Host-to-Device]
20186519921,10208,416434,,,,,,,,,,0.197,19260.113,Pinned,Device,NVIDIA A100-SXM4-40GB MIG 4g.20gb (0),1,,13,[CUDA memcpy Host-to-Device]
20186683664,26783,416435,273,1,1,8,4,1,39,0.002,0.000,,,,,NVIDIA A100-SXM4-40GB MIG 4g.20gb (0),1,,13,"void channel_eq::eqMmseCoefCompLowMimoKernel<float, float, float, (unsigned int)4, (unsigned int)1, (unsigned int)4>(const channel_eq::_puschRxChEqStatDescr *, channel_eq::_puschRxChEqCoefCompDynDescr)"
20187402472,24511,416436,273,1,1,12,11,1,51,0.002,0.000,,,,,NVIDIA A100-SXM4-40GB MIG 4g.20gb (0),1,,13,"void channel_eq::eqMmseSoftDemapKernel<float, __half, __half, float, (unsigned int)4, (unsigned short)16383>(channel_eq::_puschRxChEqStatDescr *, channel_eq::_puschRxChEqSoftDemapDynDescr)"
20187743492,564761,416437,1,1,1,32,32,1,30,0.000,0.000,,,,,NVIDIA A100-SXM4-40GB MIG 4g.20gb (0),1,,13,"void convert_kernel<float2, __half2>(tensor_layout_any, T1 *, tensor_layout_any, const T2 *)"
20188455900,18656,416449,2253,1,1,128,1,1,16,0.000,0.000,,,,,NVIDIA A100-SXM4-40GB MIG 4g.20gb (0),1,,13,cupy_copy__float16_float16
20188686393,6944,416458,282,1,1,128,1,1,16,0.000,0.000,,,,,NVIDIA A100-SXM4-40GB MIG 4g.20gb (0),1,,13,cupy_copy__complex64_complex64
20189389329,5280,416467,26,1,1,128,1,1,16,0.000,0.000,,,,,NVIDIA A100-SXM4-40GB MIG 4g.20gb (0),1,,13,cupy_copy__float32_float32
20189493328,9984,416476,103,1,1,128,1,1,16,0.000,0.000,,,,,NVIDIA A100-SXM4-40GB MIG 4g.20gb (0),1,,13,cupy_copy__complex64_complex64
20190189192,21760,416486,1434,1,1,128,1,1,16,0.000,0.000,,,,,NVIDIA A100-SXM4-40GB MIG 4g.20gb (0),1,,13,cupy_copy__complex64_complex64
20190299175,248701,416491,1,1,1,32,32,1,30,0.000,0.000,,,,,NVIDIA A100-SXM4-40GB MIG 4g.20gb (0),1,,13,"void convert_kernel<__half2, float2>(tensor_layout_any, T1 *, tensor_layout_any, const T2 *)"
20190581828,5472,416494,,,,,,,,,,0.094,17122.757,Pinned,Device,NVIDIA A100-SXM4-40GB MIG 4g.20gb (0),1,,13,[CUDA memcpy Host-to-Device]
20190991999,650425,416495,,,,,,,,,,456.561,701734.933,Device,,NVIDIA A100-SXM4-40GB MIG 4g.20gb (0),1,,13,[CUDA memset]
20191651032,57023,416500,,,,,,,,,,1.235,21655.978,Pinned,Device,NVIDIA A100-SXM4-40GB MIG 4g.20gb (0),1,,13,[CUDA memcpy Host-to-Device]
20191711831,11328,416501,,,,,,,,,,0.197,17355.768,Pinned,Device,NVIDIA A100-SXM4-40GB MIG 4g.20gb (0),1,,13,[CUDA memcpy Host-to-Device]
20192357456,13632,416502,69,4,1,48,1,1,76,0.002,0.000,,,,,NVIDIA A100-SXM4-40GB MIG 4g.20gb (0),1,,13,"void ch_est::windowedChEstPreNoDftSOfdmKernel<float, __half, float, (unsigned int)2, (unsigned int)1, (unsigned short)4>(ch_est::puschRxChEstStatDescr_t *, ch_est::puschRxChEstDynDescr_t *)"
20192708556,13184,416503,137,2,1,24,2,1,44,0.001,0.001,,,,,NVIDIA A100-SXM4-40GB MIG 4g.20gb (0),1,,13,"void ch_est::chEstFilterNoDftSOfdmDispatchKernel<float, __half, float, (unsigned int)2>(ch_est::puschRxChEstStatDescr_t *, ch_est::puschRxChEstDynDescr_t *)"
20193460804,12032,416504,137,2,1,24,2,1,44,0.001,0.001,,,,,NVIDIA A100-SXM4-40GB MIG 4g.20gb (0),1,,13,"void ch_est::chEstFilterNoDftSOfdmDispatchKernel<float, __half, float, (unsigned int)2>(ch_est::puschRxChEstStatDescr_t *, ch_est::puschRxChEstDynDescr_t *)"
20193800864,4640,416515,103,1,1,128,1,1,16,0.000,0.000,,,,,NVIDIA A100-SXM4-40GB MIG 4g.20gb (0),1,,13,cupy_copy__complex64_complex64
20194507832,20224,416525,1434,1,1,128,1,1,16,0.000,0.000,,,,,NVIDIA A100-SXM4-40GB MIG 4g.20gb (0),1,,13,cupy_copy__complex64_complex64
20194845077,14975,416532,103,1,1,128,1,1,16,0.000,0.000,,,,,NVIDIA A100-SXM4-40GB MIG 4g.20gb (0),1,,13,cupy_copy__complex64_complex64
20195558605,267645,416539,1,1,1,32,32,1,30,0.000,0.000,,,,,NVIDIA A100-SXM4-40GB MIG 4g.20gb (0),1,,13,"void convert_kernel<__half2, float2>(tensor_layout_any, T1 *, tensor_layout_any, const T2 *)"
20195865865,6144,416542,,,,,,,,,,0.094,15249.961,Pinned,Device,NVIDIA A100-SXM4-40GB MIG 4g.20gb (0),1,,13,[CUDA memcpy Host-to-Device]
20196018247,76704,416543,,,,,,,,,,35.810,466853.927,Device,,NVIDIA A100-SXM4-40GB MIG 4g.20gb (0),1,,13,[CUDA memset]
20196102310,2080,416545,,,,,,,,,,0.000,38.462,Pinned,Device,NVIDIA A100-SXM4-40GB MIG 4g.20gb (0),1,,13,[CUDA memcpy Host-to-Device]
20196107302,11424,416546,,,,,,,,,,0.197,17210.081,Pinned,Device,NVIDIA A100-SXM4-40GB MIG 4g.20gb (0),1,,13,[CUDA memcpy Host-to-Device]
20196219685,47456,416547,273,1,1,48,1,1,40,0.000,0.001,,,,,NVIDIA A100-SXM4-40GB MIG 4g.20gb (0),1,,13,"void pusch_noise_intf_est::noiseIntfEstNoDftSOfdmKernel<float, __half, float, float, (unsigned int)2, (unsigned int)1, (unsigned char)4, (unsigned char)4>(pusch_noise_intf_est::puschRxNoiseIntfEstDynDescr)"
20196270949,3392,416558,35,1,1,128,1,1,16,0.000,0.000,,,,,NVIDIA A100-SXM4-40GB MIG 4g.20gb (0),1,,13,cupy_copy__complex64_complex64
20196388291,6304,416567,1,1,1,1,1,1,18,0.000,0.000,,,,,NVIDIA A100-SXM4-40GB MIG 4g.20gb (0),1,,13,cupy_copy__float32_float32
20196400739,1632,416573,,,,,,,,,,0.000,2.451,Device,Pageable,NVIDIA A100-SXM4-40GB MIG 4g.20gb (0),1,,7,[CUDA memcpy Device-to-Host]
20196646784,46080,416584,1434,1,1,128,1,1,16,0.000,0.000,,,,,NVIDIA A100-SXM4-40GB MIG 4g.20gb (0),1,,13,cupy_copy__complex64_complex64
20196787487,6272,416591,103,1,1,128,1,1,16,0.000,0.000,,,,,NVIDIA A100-SXM4-40GB MIG 4g.20gb (0),1,,13,cupy_copy__complex64_complex64
20196906878,15967,416598,35,1,1,128,1,1,16,0.000,0.000,,,,,NVIDIA A100-SXM4-40GB MIG 4g.20gb (0),1,,13,cupy_copy__complex64_complex64
20197034268,7104,416605,1,1,1,1,1,1,18,0.000,0.000,,,,,NVIDIA A100-SXM4-40GB MIG 4g.20gb (0),1,,13,cupy_copy__float32_float32
20197153755,304092,416616,1,1,1,32,32,1,30,0.000,0.000,,,,,NVIDIA A100-SXM4-40GB MIG 4g.20gb (0),1,,13,"void convert_kernel<__half2, float2>(tensor_layout_any, T1 *, tensor_layout_any, const T2 *)"
20197490807,5664,416619,,,,,,,,,,0.094,16542.310,Pinned,Device,NVIDIA A100-SXM4-40GB MIG 4g.20gb (0),1,,13,[CUDA memcpy Host-to-Device]
20197775668,4640,416620,,,,,,,,,,1.547,333323.765,Device,,NVIDIA A100-SXM4-40GB MIG 4g.20gb (0),1,,13,[CUDA memset]
20197787252,3328,416625,,,,,,,,,,0.031,9403.822,Pinned,Device,NVIDIA A100-SXM4-40GB MIG 4g.20gb (0),1,,13,[CUDA memcpy Host-to-Device]
20197793012,10656,416626,,,,,,,,,,0.197,18450.285,Pinned,Device,NVIDIA A100-SXM4-40GB MIG 4g.20gb (0),1,,13,[CUDA memcpy Host-to-Device]
20198221327,26112,416627,273,1,1,8,4,1,39,0.002,0.000,,,,,NVIDIA A100-SXM4-40GB MIG 4g.20gb (0),1,,13,"void channel_eq::eqMmseCoefCompLowMimoKernel<float, float, float, (unsigned int)4, (unsigned int)1, (unsigned int)4>(const channel_eq::_puschRxChEqStatDescr *, channel_eq::_puschRxChEqCoefCompDynDescr)"
20198514060,13087,416628,273,1,1,12,11,1,51,0.002,0.000,,,,,NVIDIA A100-SXM4-40GB MIG 4g.20gb (0),1,,13,"void channel_eq::eqMmseSoftDemapKernel<float, __half, __half, float, (unsigned int)4, (unsigned short)16383>(channel_eq::_puschRxChEqStatDescr *, channel_eq::_puschRxChEqSoftDemapDynDescr)"
20198828840,815063,416629,1,1,1,32,32,1,30,0.000,0.000,,,,,NVIDIA A100-SXM4-40GB MIG 4g.20gb (0),1,,13,"void convert_kernel<float2, __half2>(tensor_layout_any, T1 *, tensor_layout_any, const T2 *)"
20199837053,14880,416641,2253,1,1,128,1,1,16,0.000,0.000,,,,,NVIDIA A100-SXM4-40GB MIG 4g.20gb (0),1,,13,cupy_copy__float16_float16
20200134778,5247,416650,282,1,1,128,1,1,16,0.000,0.000,,,,,NVIDIA A100-SXM4-40GB MIG 4g.20gb (0),1,,13,cupy_copy__complex64_complex64
20200307832,6815,416659,26,1,1,128,1,1,16,0.000,0.000,,,,,NVIDIA A100-SXM4-40GB MIG 4g.20gb (0),1,,13,cupy_copy__float32_float32
20200422838,6976,416668,103,1,1,128,1,1,16,0.000,0.000,,,,,NVIDIA A100-SXM4-40GB MIG 4g.20gb (0),1,,13,cupy_copy__complex64_complex64
20200595124,27648,416678,1434,1,1,128,1,1,16,0.000,0.000,,,,,NVIDIA A100-SXM4-40GB MIG 4g.20gb (0),1,,13,cupy_copy__complex64_complex64
20200626708,85599,416683,1,1,1,32,32,1,30,0.000,0.000,,,,,NVIDIA A100-SXM4-40GB MIG 4g.20gb (0),1,,13,"void convert_kernel<__half2, float2>(tensor_layout_any, T1 *, tensor_layout_any, const T2 *)"
20200789874,5408,416686,,,,,,,,,,0.094,17325.421,Pinned,Device,NVIDIA A100-SXM4-40GB MIG 4g.20gb (0),1,,13,[CUDA memcpy Host-to-Device]
20200799762,615417,416687,,,,,,,,,,456.561,741455.779,Device,,NVIDIA A100-SXM4-40GB MIG 4g.20gb (0),1,,13,[CUDA memset]
20201418027,56192,416692,,,,,,,,,,1.235,21977.063,Pinned,Device,NVIDIA A100-SXM4-40GB MIG 4g.20gb (0),1,,13,[CUDA memcpy Host-to-Device]
20201476683,10399,416693,,,,,,,,,,0.197,18906.415,Pinned,Device,NVIDIA A100-SXM4-40GB MIG 4g.20gb (0),1,,13,[CUDA memcpy Host-to-Device]
20201595593,48416,416694,69,4,1,48,1,1,76,0.002,0.000,,,,,NVIDIA A100-SXM4-40GB MIG 4g.20gb (0),1,,13,"void ch_est::windowedChEstPreNoDftSOfdmKernel<float, __half, float, (unsigned int)2, (unsigned int)1, (unsigned short)4>(ch_est::puschRxChEstStatDescr_t *, ch_est::puschRxChEstDynDescr_t *)"
20201646217,7072,416695,137,2,1,24,2,1,44,0.001,0.001,,,,,NVIDIA A100-SXM4-40GB MIG 4g.20gb (0),1,,13,"void ch_est::chEstFilterNoDftSOfdmDispatchKernel<float, __half, float, (unsigned int)2>(ch_est::puschRxChEstStatDescr_t *, ch_est::puschRxChEstDynDescr_t *)"
20201761991,47712,416696,137,2,1,24,2,1,44,0.001,0.001,,,,,NVIDIA A100-SXM4-40GB MIG 4g.20gb (0),1,,13,"void ch_est::chEstFilterNoDftSOfdmDispatchKernel<float, __half, float, (unsigned int)2>(ch_est::puschRxChEstStatDescr_t *, ch_est::puschRxChEstDynDescr_t *)"
20201813799,3552,416707,103,1,1,128,1,1,16,0.000,0.000,,,,,NVIDIA A100-SXM4-40GB MIG 4g.20gb (0),1,,13,cupy_copy__complex64_complex64
20201819879,12672,416717,1434,1,1,128,1,1,16,0.000,0.000,,,,,NVIDIA A100-SXM4-40GB MIG 4g.20gb (0),1,,13,cupy_copy__complex64_complex64
20201835271,2528,416724,103,1,1,128,1,1,16,0.000,0.000,,,,,NVIDIA A100-SXM4-40GB MIG 4g.20gb (0),1,,13,cupy_copy__complex64_complex64
20201850598,126079,416731,1,1,1,32,32,1,30,0.000,0.000,,,,,NVIDIA A100-SXM4-40GB MIG 4g.20gb (0),1,,13,"void convert_kernel<__half2, float2>(tensor_layout_any, T1 *, tensor_layout_any, const T2 *)"
20202005573,6368,416734,,,,,,,,,,0.094,14713.551,Pinned,Device,NVIDIA A100-SXM4-40GB MIG 4g.20gb (0),1,,13,[CUDA memcpy Host-to-Device]
20202061732,53727,416735,,,,,,,,,,35.810,666494.231,Device,,NVIDIA A100-SXM4-40GB MIG 4g.20gb (0),1,,13,[CUDA memset]
20202117987,2656,416737,,,,,,,,,,0.000,30.120,Pinned,Device,NVIDIA A100-SXM4-40GB MIG 4g.20gb (0),1,,13,[CUDA memcpy Host-to-Device]
20202123107,10048,416738,,,,,,,,,,0.197,19566.821,Pinned,Device,NVIDIA A100-SXM4-40GB MIG 4g.20gb (0),1,,13,[CUDA memcpy Host-to-Device]
20202358049,15456,416739,273,1,1,48,1,1,40,0.000,0.001,,,,,NVIDIA A100-SXM4-40GB MIG 4g.20gb (0),1,,13,"void pusch_noise_intf_est::noiseIntfEstNoDftSOfdmKernel<float, __half, float, float, (unsigned int)2, (unsigned int)1, (unsigned char)4, (unsigned char)4>(pusch_noise_intf_est::puschRxNoiseIntfEstDynDescr)"
20202741148,11872,416750,35,1,1,128,1,1,16,0.000,0.000,,,,,NVIDIA A100-SXM4-40GB MIG 4g.20gb (0),1,,13,cupy_copy__complex64_complex64
20202912987,9503,416759,1,1,1,1,1,1,18,0.000,0.000,,,,,NVIDIA A100-SXM4-40GB MIG 4g.20gb (0),1,,13,cupy_copy__float32_float32
20202933114,3040,416765,,,,,,,,,,0.000,1.316,Device,Pageable,NVIDIA A100-SXM4-40GB MIG 4g.20gb (0),1,,7,[CUDA memcpy Device-to-Host]
20203629267,46175,416776,1434,1,1,128,1,1,16,0.000,0.000,,,,,NVIDIA A100-SXM4-40GB MIG 4g.20gb (0),1,,13,cupy_copy__complex64_complex64
20204222412,8736,416783,103,1,1,128,1,1,16,0.000,0.000,,,,,NVIDIA A100-SXM4-40GB MIG 4g.20gb (0),1,,13,cupy_copy__complex64_complex64
20204340555,16383,416790,35,1,1,128,1,1,16,0.000,0.000,,,,,NVIDIA A100-SXM4-40GB MIG 4g.20gb (0),1,,13,cupy_copy__complex64_complex64
20204911716,3360,416797,1,1,1,1,1,1,18,0.000,0.000,,,,,NVIDIA A100-SXM4-40GB MIG 4g.20gb (0),1,,13,cupy_copy__float32_float32
20205416127,208509,416808,1,1,1,32,32,1,30,0.000,0.000,,,,,NVIDIA A100-SXM4-40GB MIG 4g.20gb (0),1,,13,"void convert_kernel<__half2, float2>(tensor_layout_any, T1 *, tensor_layout_any, const T2 *)"
20205662588,5504,416811,,,,,,,,,,0.094,17023.251,Pinned,Device,NVIDIA A100-SXM4-40GB MIG 4g.20gb (0),1,,13,[CUDA memcpy Host-to-Device]
20206232981,3616,416812,,,,,,,,,,1.547,427715.774,Device,,NVIDIA A100-SXM4-40GB MIG 4g.20gb (0),1,,13,[CUDA memset]
20206241429,3424,416817,,,,,,,,,,0.031,9140.185,Pinned,Device,NVIDIA A100-SXM4-40GB MIG 4g.20gb (0),1,,13,[CUDA memcpy Host-to-Device]
20206247285,9664,416818,,,,,,,,,,0.197,20344.209,Pinned,Device,NVIDIA A100-SXM4-40GB MIG 4g.20gb (0),1,,13,[CUDA memcpy Host-to-Device]
20206609425,18976,416819,273,1,1,8,4,1,39,0.002,0.000,,,,,NVIDIA A100-SXM4-40GB MIG 4g.20gb (0),1,,13,"void channel_eq::eqMmseCoefCompLowMimoKernel<float, float, float, (unsigned int)4, (unsigned int)1, (unsigned int)4>(const channel_eq::_puschRxChEqStatDescr *, channel_eq::_puschRxChEqCoefCompDynDescr)"
20207096108,28224,416820,273,1,1,12,11,1,51,0.002,0.000,,,,,NVIDIA A100-SXM4-40GB MIG 4g.20gb (0),1,,13,"void channel_eq::eqMmseSoftDemapKernel<float, __half, __half, float, (unsigned int)4, (unsigned short)16383>(channel_eq::_puschRxChEqStatDescr *, channel_eq::_puschRxChEqSoftDemapDynDescr)"
20207247274,611193,416821,1,1,1,32,32,1,30,0.000,0.000,,,,,NVIDIA A100-SXM4-40GB MIG 4g.20gb (0),1,,13,"void convert_kernel<float2, __half2>(tensor_layout_any, T1 *, tensor_layout_any, const T2 *)"
20208301214,23680,416833,2253,1,1,128,1,1,16,0.000,0.000,,,,,NVIDIA A100-SXM4-40GB MIG 4g.20gb (0),1,,13,cupy_copy__float16_float16
20208877144,6176,416842,282,1,1,128,1,1,16,0.000,0.000,,,,,NVIDIA A100-SXM4-40GB MIG 4g.20gb (0),1,,13,cupy_copy__complex64_complex64
20208938583,4672,416851,26,1,1,128,1,1,16,0.000,0.000,,,,,NVIDIA A100-SXM4-40GB MIG 4g.20gb (0),1,,13,cupy_copy__float32_float32
20208944599,6432,416860,103,1,1,128,1,1,16,0.000,0.000,,,,,NVIDIA A100-SXM4-40GB MIG 4g.20gb (0),1,,13,cupy_copy__complex64_complex64
20208952503,15584,416870,1434,1,1,128,1,1,16,0.000,0.000,,,,,NVIDIA A100-SXM4-40GB MIG 4g.20gb (0),1,,13,cupy_copy__complex64_complex64
20209022934,332285,416875,1,1,1,32,32,1,30,0.000,0.000,,,,,NVIDIA A100-SXM4-40GB MIG 4g.20gb (0),1,,13,"void convert_kernel<__half2, float2>(tensor_layout_any, T1 *, tensor_layout_any, const T2 *)"
20209390354,5536,416878,,,,,,,,,,0.094,16924.777,Pinned,Device,NVIDIA A100-SXM4-40GB MIG 4g.20gb (0),1,,13,[CUDA memcpy Host-to-Device]
20209486833,616985,416879,,,,,,,,,,456.561,739629.533,Device,,NVIDIA A100-SXM4-40GB MIG 4g.20gb (0),1,,13,[CUDA memset]
20210106442,56736,416884,,,,,,,,,,1.235,21765.888,Pinned,Device,NVIDIA A100-SXM4-40GB MIG 4g.20gb (0),1,,13,[CUDA memcpy Host-to-Device]
20210167530,11711,416885,,,,,,,,,,0.197,16788.161,Pinned,Device,NVIDIA A100-SXM4-40GB MIG 4g.20gb (0),1,,13,[CUDA memcpy Host-to-Device]
20210220265,14048,416886,69,4,1,48,1,1,76,0.002,0.000,,,,,NVIDIA A100-SXM4-40GB MIG 4g.20gb (0),1,,13,"void ch_est::windowedChEstPreNoDftSOfdmKernel<float, __half, float, (unsigned int)2, (unsigned int)1, (unsigned short)4>(ch_est::puschRxChEstStatDescr_t *, ch_est::puschRxChEstDynDescr_t *)"
20210469766,24320,416887,137,2,1,24,2,1,44,0.001,0.001,,,,,NVIDIA A100-SXM4-40GB MIG 4g.20gb (0),1,,13,"void ch_est::chEstFilterNoDftSOfdmDispatchKernel<float, __half, float, (unsigned int)2>(ch_est::puschRxChEstStatDescr_t *, ch_est::puschRxChEstDynDescr_t *)"
20210804451,11359,416888,137,2,1,24,2,1,44,0.001,0.001,,,,,NVIDIA A100-SXM4-40GB MIG 4g.20gb (0),1,,13,"void ch_est::chEstFilterNoDftSOfdmDispatchKernel<float, __half, float, (unsigned int)2>(ch_est::puschRxChEstStatDescr_t *, ch_est::puschRxChEstDynDescr_t *)"
20211344988,4768,416899,103,1,1,128,1,1,16,0.000,0.000,,,,,NVIDIA A100-SXM4-40GB MIG 4g.20gb (0),1,,13,cupy_copy__complex64_complex64
20211787000,32223,416909,1434,1,1,128,1,1,16,0.000,0.000,,,,,NVIDIA A100-SXM4-40GB MIG 4g.20gb (0),1,,13,cupy_copy__complex64_complex64
20212413969,4544,416916,103,1,1,128,1,1,16,0.000,0.000,,,,,NVIDIA A100-SXM4-40GB MIG 4g.20gb (0),1,,13,cupy_copy__complex64_complex64
20213052937,247262,416923,1,1,1,32,32,1,30,0.000,0.000,,,,,NVIDIA A100-SXM4-40GB MIG 4g.20gb (0),1,,13,"void convert_kernel<__half2, float2>(tensor_layout_any, T1 *, tensor_layout_any, const T2 *)"
20213333478,6528,416926,,,,,,,,,,0.094,14352.915,Pinned,Device,NVIDIA A100-SXM4-40GB MIG 4g.20gb (0),1,,13,[CUDA memcpy Host-to-Device]
20213868224,52672,416927,,,,,,,,,,35.810,679851.331,Device,,NVIDIA A100-SXM4-40GB MIG 4g.20gb (0),1,,13,[CUDA memset]
20213928096,1920,416929,,,,,,,,,,0.000,41.667,Pinned,Device,NVIDIA A100-SXM4-40GB MIG 4g.20gb (0),1,,13,[CUDA memcpy Host-to-Device]
20213932448,9664,416930,,,,,,,,,,0.197,20344.209,Pinned,Device,NVIDIA A100-SXM4-40GB MIG 4g.20gb (0),1,,13,[CUDA memcpy Host-to-Device]
20214358811,19808,416931,273,1,1,48,1,1,40,0.000,0.001,,,,,NVIDIA A100-SXM4-40GB MIG 4g.20gb (0),1,,13,"void pusch_noise_intf_est::noiseIntfEstNoDftSOfdmKernel<float, __half, float, float, (unsigned int)2, (unsigned int)1, (unsigned char)4, (unsigned char)4>(pusch_noise_intf_est::puschRxNoiseIntfEstDynDescr)"
20214826326,6560,416942,35,1,1,128,1,1,16,0.000,0.000,,,,,NVIDIA A100-SXM4-40GB MIG 4g.20gb (0),1,,13,cupy_copy__complex64_complex64
20215198609,5472,416951,1,1,1,1,1,1,18,0.000,0.000,,,,,NVIDIA A100-SXM4-40GB MIG 4g.20gb (0),1,,13,cupy_copy__float32_float32
20215211537,2080,416957,,,,,,,,,,0.000,1.923,Device,Pageable,NVIDIA A100-SXM4-40GB MIG 4g.20gb (0),1,,7,[CUDA memcpy Device-to-Host]
20215614189,17408,416968,1434,1,1,128,1,1,16,0.000,0.000,,,,,NVIDIA A100-SXM4-40GB MIG 4g.20gb (0),1,,13,cupy_copy__complex64_complex64
20215787211,5696,416975,103,1,1,128,1,1,16,0.000,0.000,,,,,NVIDIA A100-SXM4-40GB MIG 4g.20gb (0),1,,13,cupy_copy__complex64_complex64
20215844426,5728,416982,35,1,1,128,1,1,16,0.000,0.000,,,,,NVIDIA A100-SXM4-40GB MIG 4g.20gb (0),1,,13,cupy_copy__complex64_complex64
20215851946,4224,416989,1,1,1,1,1,1,18,0.000,0.000,,,,,NVIDIA A100-SXM4-40GB MIG 4g.20gb (0),1,,13,cupy_copy__float32_float32
20215856874,328412,417000,1,1,1,32,32,1,30,0.000,0.000,,,,,NVIDIA A100-SXM4-40GB MIG 4g.20gb (0),1,,13,"void convert_kernel<__half2, float2>(tensor_layout_any, T1 *, tensor_layout_any, const T2 *)"
20216219974,5952,417003,,,,,,,,,,0.094,15741.865,Pinned,Device,NVIDIA A100-SXM4-40GB MIG 4g.20gb (0),1,,13,[CUDA memcpy Host-to-Device]
20216351205,7008,417004,,,,,,,,,,1.547,220693.965,Device,,NVIDIA A100-SXM4-40GB MIG 4g.20gb (0),1,,13,[CUDA memset]
20216362629,3839,417009,,,,,,,,,,0.031,8152.107,Pinned,Device,NVIDIA A100-SXM4-40GB MIG 4g.20gb (0),1,,13,[CUDA memcpy Host-to-Device]
20216369796,9280,417010,,,,,,,,,,0.197,21186.085,Pinned,Device,NVIDIA A100-SXM4-40GB MIG 4g.20gb (0),1,,13,[CUDA memcpy Host-to-Device]
20216512899,17568,417011,273,1,1,8,4,1,39,0.002,0.000,,,,,NVIDIA A100-SXM4-40GB MIG 4g.20gb (0),1,,13,"void channel_eq::eqMmseCoefCompLowMimoKernel<float, float, float, (unsigned int)4, (unsigned int)1, (unsigned int)4>(const channel_eq::_puschRxChEqStatDescr *, channel_eq::_puschRxChEqCoefCompDynDescr)"
20216620546,10720,417012,273,1,1,12,11,1,51,0.002,0.000,,,,,NVIDIA A100-SXM4-40GB MIG 4g.20gb (0),1,,13,"void channel_eq::eqMmseSoftDemapKernel<float, __half, __half, float, (unsigned int)4, (unsigned short)16383>(channel_eq::_puschRxChEqStatDescr *, channel_eq::_puschRxChEqSoftDemapDynDescr)"
20216955454,583385,417013,1,1,1,32,32,1,30,0.000,0.000,,,,,NVIDIA A100-SXM4-40GB MIG 4g.20gb (0),1,,13,"void convert_kernel<float2, __half2>(tensor_layout_any, T1 *, tensor_layout_any, const T2 *)"
20217623798,17792,417025,2253,1,1,128,1,1,16,0.000,0.000,,,,,NVIDIA A100-SXM4-40GB MIG 4g.20gb (0),1,,13,cupy_copy__float16_float16
20217643062,4128,417034,282,1,1,128,1,1,16,0.000,0.000,,,,,NVIDIA A100-SXM4-40GB MIG 4g.20gb (0),1,,13,cupy_copy__complex64_complex64
20217649046,3904,417043,26,1,1,128,1,1,16,0.000,0.000,,,,,NVIDIA A100-SXM4-40GB MIG 4g.20gb (0),1,,13,cupy_copy__float32_float32
20217913939,8832,417052,103,1,1,128,1,1,16,0.000,0.000,,,,,NVIDIA A100-SXM4-40GB MIG 4g.20gb (0),1,,13,cupy_copy__complex64_complex64
20217926099,14432,417062,1434,1,1,128,1,1,16,0.000,0.000,,,,,NVIDIA A100-SXM4-40GB MIG 4g.20gb (0),1,,13,cupy_copy__complex64_complex64
20217944115,81375,417067,1,1,1,32,32,1,30,0.000,0.000,,,,,NVIDIA A100-SXM4-40GB MIG 4g.20gb (0),1,,13,"void convert_kernel<__half2, float2>(tensor_layout_any, T1 *, tensor_layout_any, const T2 *)"
20218080145,5792,417070,,,,,,,,,,0.094,16176.708,Pinned,Device,NVIDIA A100-SXM4-40GB MIG 4g.20gb (0),1,,13,[CUDA memcpy Host-to-Device]
20218210128,629497,417071,,,,,,,,,,456.561,725019.567,Device,,NVIDIA A100-SXM4-40GB MIG 4g.20gb (0),1,,13,[CUDA memset]
20218845673,53183,417076,,,,,,,,,,1.235,23220.652,Pinned,Device,NVIDIA A100-SXM4-40GB MIG 4g.20gb (0),1,,13,[CUDA memcpy Host-to-Device]
20218901288,9728,417077,,,,,,,,,,0.197,20210.516,Pinned,Device,NVIDIA A100-SXM4-40GB MIG 4g.20gb (0),1,,13,[CUDA memcpy Host-to-Device]
20219148069,19808,417078,69,4,1,48,1,1,76,0.002,0.000,,,,,NVIDIA A100-SXM4-40GB MIG 4g.20gb (0),1,,13,"void ch_est::windowedChEstPreNoDftSOfdmKernel<float, __half, float, (unsigned int)2, (unsigned int)1, (unsigned short)4>(ch_est::puschRxChEstStatDescr_t *, ch_est::puschRxChEstDynDescr_t *)"
20219283492,47199,417079,137,2,1,24,2,1,44,0.001,0.001,,,,,NVIDIA A100-SXM4-40GB MIG 4g.20gb (0),1,,13,"void ch_est::chEstFilterNoDftSOfdmDispatchKernel<float, __half, float, (unsigned int)2>(ch_est::puschRxChEstStatDescr_t *, ch_est::puschRxChEstDynDescr_t *)"
20219583713,18239,417080,137,2,1,24,2,1,44,0.001,0.001,,,,,NVIDIA A100-SXM4-40GB MIG 4g.20gb (0),1,,13,"void ch_est::chEstFilterNoDftSOfdmDispatchKernel<float, __half, float, (unsigned int)2>(ch_est::puschRxChEstStatDescr_t *, ch_est::puschRxChEstDynDescr_t *)"
20219912317,4064,417091,103,1,1,128,1,1,16,0.000,0.000,,,,,NVIDIA A100-SXM4-40GB MIG 4g.20gb (0),1,,13,cupy_copy__complex64_complex64
20220317688,48704,417101,1434,1,1,128,1,1,16,0.000,0.000,,,,,NVIDIA A100-SXM4-40GB MIG 4g.20gb (0),1,,13,cupy_copy__complex64_complex64
20220829427,7328,417108,103,1,1,128,1,1,16,0.000,0.000,,,,,NVIDIA A100-SXM4-40GB MIG 4g.20gb (0),1,,13,cupy_copy__complex64_complex64
20221527883,244701,417115,1,1,1,32,32,1,30,0.000,0.000,,,,,NVIDIA A100-SXM4-40GB MIG 4g.20gb (0),1,,13,"void convert_kernel<__half2, float2>(tensor_layout_any, T1 *, tensor_layout_any, const T2 *)"
20221805960,5504,417118,,,,,,,,,,0.094,17023.251,Pinned,Device,NVIDIA A100-SXM4-40GB MIG 4g.20gb (0),1,,13,[CUDA memcpy Host-to-Device]
20222052101,69183,417119,,,,,,,,,,35.810,517596.584,Device,,NVIDIA A100-SXM4-40GB MIG 4g.20gb (0),1,,13,[CUDA memset]
20222126020,1824,417121,,,,,,,,,,0.000,43.860,Pinned,Device,NVIDIA A100-SXM4-40GB MIG 4g.20gb (0),1,,13,[CUDA memcpy Host-to-Device]
20222132580,9856,417122,,,,,,,,,,0.197,19948.044,Pinned,Device,NVIDIA A100-SXM4-40GB MIG 4g.20gb (0),1,,13,[CUDA memcpy Host-to-Device]
20222239811,47231,417123,273,1,1,48,1,1,40,0.000,0.001,,,,,NVIDIA A100-SXM4-40GB MIG 4g.20gb (0),1,,13,"void pusch_noise_intf_est::noiseIntfEstNoDftSOfdmKernel<float, __half, float, float, (unsigned int)2, (unsigned int)1, (unsigned char)4, (unsigned char)4>(pusch_noise_intf_est::puschRxNoiseIntfEstDynDescr)"
20222288706,3232,417134,35,1,1,128,1,1,16,0.000,0.000,,,,,NVIDIA A100-SXM4-40GB MIG 4g.20gb (0),1,,13,cupy_copy__complex64_complex64
20222404289,6336,417143,1,1,1,1,1,1,18,0.000,0.000,,,,,NVIDIA A100-SXM4-40GB MIG 4g.20gb (0),1,,13,cupy_copy__float32_float32
20222412385,1568,417149,,,,,,,,,,0.000,2.551,Device,Pageable,NVIDIA A100-SXM4-40GB MIG 4g.20gb (0),1,,7,[CUDA memcpy Device-to-Host]
20222567999,58144,417160,1434,1,1,128,1,1,16,0.000,0.000,,,,,NVIDIA A100-SXM4-40GB MIG 4g.20gb (0),1,,13,cupy_copy__complex64_complex64
20222657950,6848,417167,103,1,1,128,1,1,16,0.000,0.000,,,,,NVIDIA A100-SXM4-40GB MIG 4g.20gb (0),1,,13,cupy_copy__complex64_complex64
20223029050,7584,417174,35,1,1,128,1,1,16,0.000,0.000,,,,,NVIDIA A100-SXM4-40GB MIG 4g.20gb (0),1,,13,cupy_copy__complex64_complex64
20223040282,2944,417181,1,1,1,1,1,1,18,0.000,0.000,,,,,NVIDIA A100-SXM4-40GB MIG 4g.20gb (0),1,,13,cupy_copy__float32_float32
20223045754,208446,417192,1,1,1,32,32,1,30,0.000,0.000,,,,,NVIDIA A100-SXM4-40GB MIG 4g.20gb (0),1,,13,"void convert_kernel<__half2, float2>(tensor_layout_any, T1 *, tensor_layout_any, const T2 *)"
20223283991,5472,417195,,,,,,,,,,0.094,17122.757,Pinned,Device,NVIDIA A100-SXM4-40GB MIG 4g.20gb (0),1,,13,[CUDA memcpy Host-to-Device]
20223386902,4992,417196,,,,,,,,,,1.547,309819.720,Device,,NVIDIA A100-SXM4-40GB MIG 4g.20gb (0),1,,13,[CUDA memset]
20223398486,3680,417201,,,,,,,,,,0.031,8504.344,Pinned,Device,NVIDIA A100-SXM4-40GB MIG 4g.20gb (0),1,,13,[CUDA memcpy Host-to-Device]
20223404598,9568,417202,,,,,,,,,,0.197,20548.485,Pinned,Device,NVIDIA A100-SXM4-40GB MIG 4g.20gb (0),1,,13,[CUDA memcpy Host-to-Device]
20223634739,18368,417203,273,1,1,8,4,1,39,0.002,0.000,,,,,NVIDIA A100-SXM4-40GB MIG 4g.20gb (0),1,,13,"void channel_eq::eqMmseCoefCompLowMimoKernel<float, float, float, (unsigned int)4, (unsigned int)1, (unsigned int)4>(const channel_eq::_puschRxChEqStatDescr *, channel_eq::_puschRxChEqCoefCompDynDescr)"
20223984528,22847,417204,273,1,1,12,11,1,51,0.002,0.000,,,,,NVIDIA A100-SXM4-40GB MIG 4g.20gb (0),1,,13,"void channel_eq::eqMmseSoftDemapKernel<float, __half, __half, float, (unsigned int)4, (unsigned short)16383>(channel_eq::_puschRxChEqStatDescr *, channel_eq::_puschRxChEqSoftDemapDynDescr)"
20224339020,612633,417205,1,1,1,32,32,1,30,0.000,0.000,,,,,NVIDIA A100-SXM4-40GB MIG 4g.20gb (0),1,,13,"void convert_kernel<float2, __half2>(tensor_layout_any, T1 *, tensor_layout_any, const T2 *)"
20225240385,13824,417217,2253,1,1,128,1,1,16,0.000,0.000,,,,,NVIDIA A100-SXM4-40GB MIG 4g.20gb (0),1,,13,cupy_copy__float16_float16
20225688029,7423,417226,282,1,1,128,1,1,16,0.000,0.000,,,,,NVIDIA A100-SXM4-40GB MIG 4g.20gb (0),1,,13,cupy_copy__complex64_complex64
20225934074,5888,417235,26,1,1,128,1,1,16,0.000,0.000,,,,,NVIDIA A100-SXM4-40GB MIG 4g.20gb (0),1,,13,cupy_copy__float32_float32
20226035673,6624,417244,103,1,1,128,1,1,16,0.000,0.000,,,,,NVIDIA A100-SXM4-40GB MIG 4g.20gb (0),1,,13,cupy_copy__complex64_complex64
20226336885,19008,417254,1434,1,1,128,1,1,16,0.000,0.000,,,,,NVIDIA A100-SXM4-40GB MIG 4g.20gb (0),1,,13,cupy_copy__complex64_complex64
20226443828,281469,417259,1,1,1,32,32,1,30,0.000,0.000,,,,,NVIDIA A100-SXM4-40GB MIG 4g.20gb (0),1,,13,"void convert_kernel<__half2, float2>(tensor_layout_any, T1 *, tensor_layout_any, const T2 *)"
20226759313,5887,417262,,,,,,,,,,0.094,15915.671,Pinned,Device,NVIDIA A100-SXM4-40GB MIG 4g.20gb (0),1,,13,[CUDA memcpy Host-to-Device]
20226978894,621241,417263,,,,,,,,,,456.561,734607.357,Device,,NVIDIA A100-SXM4-40GB MIG 4g.20gb (0),1,,13,[CUDA memset]
20227601767,52832,417268,,,,,,,,,,1.235,23373.785,Pinned,Device,NVIDIA A100-SXM4-40GB MIG 4g.20gb (0),1,,13,[CUDA memcpy Host-to-Device]
20227657543,10463,417269,,,,,,,,,,0.197,18790.613,Pinned,Device,NVIDIA A100-SXM4-40GB MIG 4g.20gb (0),1,,13,[CUDA memcpy Host-to-Device]
20227852900,13376,417270,69,4,1,48,1,1,76,0.002,0.000,,,,,NVIDIA A100-SXM4-40GB MIG 4g.20gb (0),1,,13,"void ch_est::windowedChEstPreNoDftSOfdmKernel<float, __half, float, (unsigned int)2, (unsigned int)1, (unsigned short)4>(ch_est::puschRxChEstStatDescr_t *, ch_est::puschRxChEstDynDescr_t *)"
20228117665,12096,417271,137,2,1,24,2,1,44,0.001,0.001,,,,,NVIDIA A100-SXM4-40GB MIG 4g.20gb (0),1,,13,"void ch_est::chEstFilterNoDftSOfdmDispatchKernel<float, __half, float, (unsigned int)2>(ch_est::puschRxChEstStatDescr_t *, ch_est::puschRxChEstDynDescr_t *)"
20228131169,8000,417272,137,2,1,24,2,1,44,0.001,0.001,,,,,NVIDIA A100-SXM4-40GB MIG 4g.20gb (0),1,,13,"void ch_est::chEstFilterNoDftSOfdmDispatchKernel<float, __half, float, (unsigned int)2>(ch_est::puschRxChEstStatDescr_t *, ch_est::puschRxChEstDynDescr_t *)"
20228293151,5760,417283,103,1,1,128,1,1,16,0.000,0.000,,,,,NVIDIA A100-SXM4-40GB MIG 4g.20gb (0),1,,13,cupy_copy__complex64_complex64
20228454686,17567,417293,1434,1,1,128,1,1,16,0.000,0.000,,,,,NVIDIA A100-SXM4-40GB MIG 4g.20gb (0),1,,13,cupy_copy__complex64_complex64
20228683323,5856,417300,103,1,1,128,1,1,16,0.000,0.000,,,,,NVIDIA A100-SXM4-40GB MIG 4g.20gb (0),1,,13,cupy_copy__complex64_complex64
20229250805,259709,417307,1,1,1,32,32,1,30,0.000,0.000,,,,,NVIDIA A100-SXM4-40GB MIG 4g.20gb (0),1,,13,"void convert_kernel<__half2, float2>(tensor_layout_any, T1 *, tensor_layout_any, const T2 *)"
20229545297,5440,417310,,,,,,,,,,0.094,17223.480,Pinned,Device,NVIDIA A100-SXM4-40GB MIG 4g.20gb (0),1,,13,[CUDA memcpy Host-to-Device]
20229828942,52992,417311,,,,,,,,,,35.810,675733.190,Device,,NVIDIA A100-SXM4-40GB MIG 4g.20gb (0),1,,13,[CUDA memset]
20229884782,1888,417313,,,,,,,,,,0.000,42.373,Pinned,Device,NVIDIA A100-SXM4-40GB MIG 4g.20gb (0),1,,13,[CUDA memcpy Host-to-Device]
20229889742,9760,417314,,,,,,,,,,0.197,20144.259,Pinned,Device,NVIDIA A100-SXM4-40GB MIG 4g.20gb (0),1,,13,[CUDA memcpy Host-to-Device]
20230292585,15904,417315,273,1,1,48,1,1,40,0.000,0.001,,,,,NVIDIA A100-SXM4-40GB MIG 4g.20gb (0),1,,13,"void pusch_noise_intf_est::noiseIntfEstNoDftSOfdmKernel<float, __half, float, float, (unsigned int)2, (unsigned int)1, (unsigned char)4, (unsigned char)4>(pusch_noise_intf_est::puschRxNoiseIntfEstDynDescr)"
20230537638,5408,417326,35,1,1,128,1,1,16,0.000,0.000,,,,,NVIDIA A100-SXM4-40GB MIG 4g.20gb (0),1,,13,cupy_copy__complex64_complex64
20230544390,2816,417335,1,1,1,1,1,1,18,0.000,0.000,,,,,NVIDIA A100-SXM4-40GB MIG 4g.20gb (0),1,,13,cupy_copy__float32_float32
20230555206,1600,417341,,,,,,,,,,0.000,2.500,Device,Pageable,NVIDIA A100-SXM4-40GB MIG 4g.20gb (0),1,,7,[CUDA memcpy Device-to-Host]
20230824579,18464,417352,1434,1,1,128,1,1,16,0.000,0.000,,,,,NVIDIA A100-SXM4-40GB MIG 4g.20gb (0),1,,13,cupy_copy__complex64_complex64
20230846435,3776,417359,103,1,1,128,1,1,16,0.000,0.000,,,,,NVIDIA A100-SXM4-40GB MIG 4g.20gb (0),1,,13,cupy_copy__complex64_complex64
20230853187,2432,417366,35,1,1,128,1,1,16,0.000,0.000,,,,,NVIDIA A100-SXM4-40GB MIG 4g.20gb (0),1,,13,cupy_copy__complex64_complex64
20231094976,3744,417373,1,1,1,1,1,1,18,0.000,0.000,,,,,NVIDIA A100-SXM4-40GB MIG 4g.20gb (0),1,,13,cupy_copy__float32_float32
20231265086,211262,417384,1,1,1,32,32,1,30,0.000,0.000,,,,,NVIDIA A100-SXM4-40GB MIG 4g.20gb (0),1,,13,"void convert_kernel<__half2, float2>(tensor_layout_any, T1 *, tensor_layout_any, const T2 *)"
20231508380,6432,417387,,,,,,,,,,0.094,14567.105,Pinned,Device,NVIDIA A100-SXM4-40GB MIG 4g.20gb (0),1,,13,[CUDA memcpy Host-to-Device]
20231697113,4736,417388,,,,,,,,,,1.547,326566.564,Device,,NVIDIA A100-SXM4-40GB MIG 4g.20gb (0),1,,13,[CUDA memset]
20231706457,3520,417393,,,,,,,,,,0.031,8890.881,Pinned,Device,NVIDIA A100-SXM4-40GB MIG 4g.20gb (0),1,,13,[CUDA memcpy Host-to-Device]
20231714553,9728,417394,,,,,,,,,,0.197,20210.516,Pinned,Device,NVIDIA A100-SXM4-40GB MIG 4g.20gb (0),1,,13,[CUDA memcpy Host-to-Device]
20232022198,15072,417395,273,1,1,8,4,1,39,0.002,0.000,,,,,NVIDIA A100-SXM4-40GB MIG 4g.20gb (0),1,,13,"void channel_eq::eqMmseCoefCompLowMimoKernel<float, float, float, (unsigned int)4, (unsigned int)1, (unsigned int)4>(const channel_eq::_puschRxChEqStatDescr *, channel_eq::_puschRxChEqCoefCompDynDescr)"
20232483633,9920,417396,273,1,1,12,11,1,51,0.002,0.000,,,,,NVIDIA A100-SXM4-40GB MIG 4g.20gb (0),1,,13,"void channel_eq::eqMmseSoftDemapKernel<float, __half, __half, float, (unsigned int)4, (unsigned short)16383>(channel_eq::_puschRxChEqStatDescr *, channel_eq::_puschRxChEqSoftDemapDynDescr)"
20232949708,757495,417397,1,1,1,32,32,1,30,0.000,0.000,,,,,NVIDIA A100-SXM4-40GB MIG 4g.20gb (0),1,,13,"void convert_kernel<float2, __half2>(tensor_layout_any, T1 *, tensor_layout_any, const T2 *)"
20233796930,13152,417409,2253,1,1,128,1,1,16,0.000,0.000,,,,,NVIDIA A100-SXM4-40GB MIG 4g.20gb (0),1,,13,cupy_copy__float16_float16
20233938688,6080,417418,282,1,1,128,1,1,16,0.000,0.000,,,,,NVIDIA A100-SXM4-40GB MIG 4g.20gb (0),1,,13,cupy_copy__complex64_complex64
20234043679,3968,417427,26,1,1,128,1,1,16,0.000,0.000,,,,,NVIDIA A100-SXM4-40GB MIG 4g.20gb (0),1,,13,cupy_copy__float32_float32
20234205278,7647,417436,103,1,1,128,1,1,16,0.000,0.000,,,,,NVIDIA A100-SXM4-40GB MIG 4g.20gb (0),1,,13,cupy_copy__complex64_complex64
20234584793,28320,417452,1434,1,1,128,1,1,16,0.000,0.000,,,,,NVIDIA A100-SXM4-40GB MIG 4g.20gb (0),1,,13,cupy_copy__complex64_complex64
20234720120,240925,417457,1,1,1,32,32,1,30,0.000,0.000,,,,,NVIDIA A100-SXM4-40GB MIG 4g.20gb (0),1,,13,"void convert_kernel<__half2, float2>(tensor_layout_any, T1 *, tensor_layout_any, const T2 *)"
20234991253,5984,417460,,,,,,,,,,0.094,15657.726,Pinned,Device,NVIDIA A100-SXM4-40GB MIG 4g.20gb (0),1,,13,[CUDA memcpy Host-to-Device]
20235165011,628185,417461,,,,,,,,,,456.561,726389.251,Device,,NVIDIA A100-SXM4-40GB MIG 4g.20gb (0),1,,13,[CUDA memset]
20235796268,53119,417466,,,,,,,,,,1.235,23247.821,Pinned,Device,NVIDIA A100-SXM4-40GB MIG 4g.20gb (0),1,,13,[CUDA memcpy Host-to-Device]
20235852235,10912,417467,,,,,,,,,,0.197,18017.550,Pinned,Device,NVIDIA A100-SXM4-40GB MIG 4g.20gb (0),1,,13,[CUDA memcpy Host-to-Device]
20236238855,13056,417468,69,4,1,48,1,1,76,0.002,0.000,,,,,NVIDIA A100-SXM4-40GB MIG 4g.20gb (0),1,,13,"void ch_est::windowedChEstPreNoDftSOfdmKernel<float, __half, float, (unsigned int)2, (unsigned int)1, (unsigned short)4>(ch_est::puschRxChEstStatDescr_t *, ch_est::puschRxChEstDynDescr_t *)"
20236517028,26719,417469,137,2,1,24,2,1,44,0.001,0.001,,,,,NVIDIA A100-SXM4-40GB MIG 4g.20gb (0),1,,13,"void ch_est::chEstFilterNoDftSOfdmDispatchKernel<float, __half, float, (unsigned int)2>(ch_est::puschRxChEstStatDescr_t *, ch_est::puschRxChEstDynDescr_t *)"
20236813952,16960,417470,137,2,1,24,2,1,44,0.001,0.001,,,,,NVIDIA A100-SXM4-40GB MIG 4g.20gb (0),1,,13,"void ch_est::chEstFilterNoDftSOfdmDispatchKernel<float, __half, float, (unsigned int)2>(ch_est::puschRxChEstStatDescr_t *, ch_est::puschRxChEstDynDescr_t *)"
20237332123,6016,417481,103,1,1,128,1,1,16,0.000,0.000,,,,,NVIDIA A100-SXM4-40GB MIG 4g.20gb (0),1,,13,cupy_copy__complex64_complex64
20237488345,27552,417491,1434,1,1,128,1,1,16,0.000,0.000,,,,,NVIDIA A100-SXM4-40GB MIG 4g.20gb (0),1,,13,cupy_copy__complex64_complex64
20237730198,4736,417498,103,1,1,128,1,1,16,0.000,0.000,,,,,NVIDIA A100-SXM4-40GB MIG 4g.20gb (0),1,,13,cupy_copy__complex64_complex64
20237885556,277149,417505,1,1,1,32,32,1,30,0.000,0.000,,,,,NVIDIA A100-SXM4-40GB MIG 4g.20gb (0),1,,13,"void convert_kernel<__half2, float2>(tensor_layout_any, T1 *, tensor_layout_any, const T2 *)"
20238195121,5600,417508,,,,,,,,,,0.094,16731.388,Pinned,Device,NVIDIA A100-SXM4-40GB MIG 4g.20gb (0),1,,13,[CUDA memcpy Host-to-Device]
20238390095,49823,417509,,,,,,,,,,35.810,718740.904,Device,,NVIDIA A100-SXM4-40GB MIG 4g.20gb (0),1,,13,[CUDA memset]
20238446766,1824,417511,,,,,,,,,,0.000,43.860,Pinned,Device,NVIDIA A100-SXM4-40GB MIG 4g.20gb (0),1,,13,[CUDA memcpy Host-to-Device]
20238451598,9920,417512,,,,,,,,,,0.197,19819.266,Pinned,Device,NVIDIA A100-SXM4-40GB MIG 4g.20gb (0),1,,13,[CUDA memcpy Host-to-Device]
20238517165,10880,417513,273,1,1,48,1,1,40,0.000,0.001,,,,,NVIDIA A100-SXM4-40GB MIG 4g.20gb (0),1,,13,"void pusch_noise_intf_est::noiseIntfEstNoDftSOfdmKernel<float, __half, float, float, (unsigned int)2, (unsigned int)1, (unsigned char)4, (unsigned char)4>(pusch_noise_intf_est::puschRxNoiseIntfEstDynDescr)"
20238530189,3136,417524,35,1,1,128,1,1,16,0.000,0.000,,,,,NVIDIA A100-SXM4-40GB MIG 4g.20gb (0),1,,13,cupy_copy__complex64_complex64
20238535629,1888,417533,1,1,1,1,1,1,18,0.000,0.000,,,,,NVIDIA A100-SXM4-40GB MIG 4g.20gb (0),1,,13,cupy_copy__float32_float32
20238545645,1568,417539,,,,,,,,,,0.000,2.551,Device,Pageable,NVIDIA A100-SXM4-40GB MIG 4g.20gb (0),1,,7,[CUDA memcpy Device-to-Host]
20238641804,17152,417550,1434,1,1,128,1,1,16,0.000,0.000,,,,,NVIDIA A100-SXM4-40GB MIG 4g.20gb (0),1,,13,cupy_copy__complex64_complex64
20238660876,3456,417557,103,1,1,128,1,1,16,0.000,0.000,,,,,NVIDIA A100-SXM4-40GB MIG 4g.20gb (0),1,,13,cupy_copy__complex64_complex64
20238739147,4032,417564,35,1,1,128,1,1,16,0.000,0.000,,,,,NVIDIA A100-SXM4-40GB MIG 4g.20gb (0),1,,13,cupy_copy__complex64_complex64
20238745227,2816,417571,1,1,1,1,1,1,18,0.000,0.000,,,,,NVIDIA A100-SXM4-40GB MIG 4g.20gb (0),1,,13,cupy_copy__float32_float32
20238824874,383644,417582,1,1,1,32,32,1,30,0.000,0.000,,,,,NVIDIA A100-SXM4-40GB MIG 4g.20gb (0),1,,13,"void convert_kernel<__half2, float2>(tensor_layout_any, T1 *, tensor_layout_any, const T2 *)"
20239242213,5792,417585,,,,,,,,,,0.094,16176.708,Pinned,Device,NVIDIA A100-SXM4-40GB MIG 4g.20gb (0),1,,13,[CUDA memcpy Host-to-Device]
20239312165,7871,417586,,,,,,,,,,1.547,196495.486,Device,,NVIDIA A100-SXM4-40GB MIG 4g.20gb (0),1,,13,[CUDA memset]
20239321924,4768,417591,,,,,,,,,,0.031,6563.741,Pinned,Device,NVIDIA A100-SXM4-40GB MIG 4g.20gb (0),1,,13,[CUDA memcpy Host-to-Device]
20239330212,12288,417592,,,,,,,,,,0.197,15999.959,Pinned,Device,NVIDIA A100-SXM4-40GB MIG 4g.20gb (0),1,,13,[CUDA memcpy Host-to-Device]
20239441667,17408,417593,273,1,1,8,4,1,39,0.002,0.000,,,,,NVIDIA A100-SXM4-40GB MIG 4g.20gb (0),1,,13,"void channel_eq::eqMmseCoefCompLowMimoKernel<float, float, float, (unsigned int)4, (unsigned int)1, (unsigned int)4>(const channel_eq::_puschRxChEqStatDescr *, channel_eq::_puschRxChEqCoefCompDynDescr)"
20239756736,23647,417594,273,1,1,12,11,1,51,0.002,0.000,,,,,NVIDIA A100-SXM4-40GB MIG 4g.20gb (0),1,,13,"void channel_eq::eqMmseSoftDemapKernel<float, __half, __half, float, (unsigned int)4, (unsigned short)16383>(channel_eq::_puschRxChEqStatDescr *, channel_eq::_puschRxChEqSoftDemapDynDescr)"
20239852991,771511,417595,1,1,1,32,32,1,30,0.000,0.000,,,,,NVIDIA A100-SXM4-40GB MIG 4g.20gb (0),1,,13,"void convert_kernel<float2, __half2>(tensor_layout_any, T1 *, tensor_layout_any, const T2 *)"
20241010418,14399,417607,2253,1,1,128,1,1,16,0.000,0.000,,,,,NVIDIA A100-SXM4-40GB MIG 4g.20gb (0),1,,13,cupy_copy__float16_float16
20241319374,5472,417616,282,1,1,128,1,1,16,0.000,0.000,,,,,NVIDIA A100-SXM4-40GB MIG 4g.20gb (0),1,,13,cupy_copy__complex64_complex64
20241614347,3968,417625,26,1,1,128,1,1,16,0.000,0.000,,,,,NVIDIA A100-SXM4-40GB MIG 4g.20gb (0),1,,13,cupy_copy__float32_float32
20241908776,4832,417634,103,1,1,128,1,1,16,0.000,0.000,,,,,NVIDIA A100-SXM4-40GB MIG 4g.20gb (0),1,,13,cupy_copy__complex64_complex64
20242118245,18720,417644,1434,1,1,128,1,1,16,0.000,0.000,,,,,NVIDIA A100-SXM4-40GB MIG 4g.20gb (0),1,,13,cupy_copy__complex64_complex64
20242139589,221502,417649,1,1,1,32,32,1,30,0.000,0.000,,,,,NVIDIA A100-SXM4-40GB MIG 4g.20gb (0),1,,13,"void convert_kernel<__half2, float2>(tensor_layout_any, T1 *, tensor_layout_any, const T2 *)"
20242394018,5440,417652,,,,,,,,,,0.094,17223.480,Pinned,Device,NVIDIA A100-SXM4-40GB MIG 4g.20gb (0),1,,13,[CUDA memcpy Host-to-Device]
20242699487,617017,417653,,,,,,,,,,456.561,739629.533,Device,,NVIDIA A100-SXM4-40GB MIG 4g.20gb (0),1,,13,[CUDA memset]
20243324440,50815,417658,,,,,,,,,,1.235,24302.463,Pinned,Device,NVIDIA A100-SXM4-40GB MIG 4g.20gb (0),1,,13,[CUDA memcpy Host-to-Device]
20243377783,9472,417659,,,,,,,,,,0.197,20756.693,Pinned,Device,NVIDIA A100-SXM4-40GB MIG 4g.20gb (0),1,,13,[CUDA memcpy Host-to-Device]
20243563157,17184,417660,69,4,1,48,1,1,76,0.002,0.000,,,,,NVIDIA A100-SXM4-40GB MIG 4g.20gb (0),1,,13,"void ch_est::windowedChEstPreNoDftSOfdmKernel<float, __half, float, (unsigned int)2, (unsigned int)1, (unsigned short)4>(ch_est::puschRxChEstStatDescr_t *, ch_est::puschRxChEstDynDescr_t *)"
20243582293,8864,417661,137,2,1,24,2,1,44,0.001,0.001,,,,,NVIDIA A100-SXM4-40GB MIG 4g.20gb (0),1,,13,"void ch_est::chEstFilterNoDftSOfdmDispatchKernel<float, __half, float, (unsigned int)2>(ch_est::puschRxChEstStatDescr_t *, ch_est::puschRxChEstDynDescr_t *)"
20243657876,15680,417662,137,2,1,24,2,1,44,0.001,0.001,,,,,NVIDIA A100-SXM4-40GB MIG 4g.20gb (0),1,,13,"void ch_est::chEstFilterNoDftSOfdmDispatchKernel<float, __half, float, (unsigned int)2>(ch_est::puschRxChEstStatDescr_t *, ch_est::puschRxChEstDynDescr_t *)"
20243889777,6880,417673,103,1,1,128,1,1,16,0.000,0.000,,,,,NVIDIA A100-SXM4-40GB MIG 4g.20gb (0),1,,13,cupy_copy__complex64_complex64
20243942449,29152,417683,1434,1,1,128,1,1,16,0.000,0.000,,,,,NVIDIA A100-SXM4-40GB MIG 4g.20gb (0),1,,13,cupy_copy__complex64_complex64
20244185934,4928,417690,103,1,1,128,1,1,16,0.000,0.000,,,,,NVIDIA A100-SXM4-40GB MIG 4g.20gb (0),1,,13,cupy_copy__complex64_complex64
20244304109,384860,417697,1,1,1,32,32,1,30,0.000,0.000,,,,,NVIDIA A100-SXM4-40GB MIG 4g.20gb (0),1,,13,"void convert_kernel<__half2, float2>(tensor_layout_any, T1 *, tensor_layout_any, const T2 *)"
20244722760,5888,417700,,,,,,,,,,0.094,15912.954,Pinned,Device,NVIDIA A100-SXM4-40GB MIG 4g.20gb (0),1,,13,[CUDA memcpy Host-to-Device]
20244822151,57087,417701,,,,,,,,,,35.810,627282.369,Device,,NVIDIA A100-SXM4-40GB MIG 4g.20gb (0),1,,13,[CUDA memset]
20244883558,2624,417703,,,,,,,,,,0.000,30.488,Pinned,Device,NVIDIA A100-SXM4-40GB MIG 4g.20gb (0),1,,13,[CUDA memcpy Host-to-Device]
20244888678,9920,417704,,,,,,,,,,0.197,19819.266,Pinned,Device,NVIDIA A100-SXM4-40GB MIG 4g.20gb (0),1,,13,[CUDA memcpy Host-to-Device]
20245104612,25216,417705,273,1,1,48,1,1,40,0.000,0.001,,,,,NVIDIA A100-SXM4-40GB MIG 4g.20gb (0),1,,13,"void pusch_noise_intf_est::noiseIntfEstNoDftSOfdmKernel<float, __half, float, float, (unsigned int)2, (unsigned int)1, (unsigned char)4, (unsigned char)4>(pusch_noise_intf_est::puschRxNoiseIntfEstDynDescr)"
20245336385,9312,417716,35,1,1,128,1,1,16,0.000,0.000,,,,,NVIDIA A100-SXM4-40GB MIG 4g.20gb (0),1,,13,cupy_copy__complex64_complex64
20245495872,12671,417725,1,1,1,1,1,1,18,0.000,0.000,,,,,NVIDIA A100-SXM4-40GB MIG 4g.20gb (0),1,,13,cupy_copy__float32_float32
20245514239,2464,417731,,,,,,,,,,0.000,1.623,Device,Pageable,NVIDIA A100-SXM4-40GB MIG 4g.20gb (0),1,,7,[CUDA memcpy Device-to-Host]
20245725213,25984,417742,1434,1,1,128,1,1,16,0.000,0.000,,,,,NVIDIA A100-SXM4-40GB MIG 4g.20gb (0),1,,13,cupy_copy__complex64_complex64
20245754397,4032,417749,103,1,1,128,1,1,16,0.000,0.000,,,,,NVIDIA A100-SXM4-40GB MIG 4g.20gb (0),1,,13,cupy_copy__complex64_complex64
20245917179,20928,417756,35,1,1,128,1,1,16,0.000,0.000,,,,,NVIDIA A100-SXM4-40GB MIG 4g.20gb (0),1,,13,cupy_copy__complex64_complex64
20245994458,3072,417763,1,1,1,1,1,1,18,0.000,0.000,,,,,NVIDIA A100-SXM4-40GB MIG 4g.20gb (0),1,,13,cupy_copy__float32_float32
20246149816,255933,417774,1,1,1,32,32,1,30,0.000,0.000,,,,,NVIDIA A100-SXM4-40GB MIG 4g.20gb (0),1,,13,"void convert_kernel<__half2, float2>(tensor_layout_any, T1 *, tensor_layout_any, const T2 *)"
20246440565,6112,417777,,,,,,,,,,0.094,15329.790,Pinned,Device,NVIDIA A100-SXM4-40GB MIG 4g.20gb (0),1,,13,[CUDA memcpy Host-to-Device]
20246760209,8064,417778,,,,,,,,,,1.547,191792.202,Device,,NVIDIA A100-SXM4-40GB MIG 4g.20gb (0),1,,13,[CUDA memset]
20246772081,4160,417783,,,,,,,,,,0.031,7523.058,Pinned,Device,NVIDIA A100-SXM4-40GB MIG 4g.20gb (0),1,,13,[CUDA memcpy Host-to-Device]
20246781617,11296,417784,,,,,,,,,,0.197,17404.920,Pinned,Device,NVIDIA A100-SXM4-40GB MIG 4g.20gb (0),1,,13,[CUDA memcpy Host-to-Device]
20246882320,17728,417785,273,1,1,8,4,1,39,0.002,0.000,,,,,NVIDIA A100-SXM4-40GB MIG 4g.20gb (0),1,,13,"void channel_eq::eqMmseCoefCompLowMimoKernel<float, float, float, (unsigned int)4, (unsigned int)1, (unsigned int)4>(const channel_eq::_puschRxChEqStatDescr *, channel_eq::_puschRxChEqCoefCompDynDescr)"
20247161389,11840,417786,273,1,1,12,11,1,51,0.002,0.000,,,,,NVIDIA A100-SXM4-40GB MIG 4g.20gb (0),1,,13,"void channel_eq::eqMmseSoftDemapKernel<float, __half, __half, float, (unsigned int)4, (unsigned short)16383>(channel_eq::_puschRxChEqStatDescr *, channel_eq::_puschRxChEqSoftDemapDynDescr)"
20247312555,934102,417787,1,1,1,32,32,1,30,0.000,0.000,,,,,NVIDIA A100-SXM4-40GB MIG 4g.20gb (0),1,,13,"void convert_kernel<float2, __half2>(tensor_layout_any, T1 *, tensor_layout_any, const T2 *)"
20248496926,15136,417799,2253,1,1,128,1,1,16,0.000,0.000,,,,,NVIDIA A100-SXM4-40GB MIG 4g.20gb (0),1,,13,cupy_copy__float16_float16
20248757659,8192,417808,282,1,1,128,1,1,16,0.000,0.000,,,,,NVIDIA A100-SXM4-40GB MIG 4g.20gb (0),1,,13,cupy_copy__complex64_complex64
20248926265,13664,417817,26,1,1,128,1,1,16,0.000,0.000,,,,,NVIDIA A100-SXM4-40GB MIG 4g.20gb (0),1,,13,cupy_copy__float32_float32
20248942745,4128,417826,103,1,1,128,1,1,16,0.000,0.000,,,,,NVIDIA A100-SXM4-40GB MIG 4g.20gb (0),1,,13,cupy_copy__complex64_complex64
20248948857,12704,417836,1434,1,1,128,1,1,16,0.000,0.000,,,,,NVIDIA A100-SXM4-40GB MIG 4g.20gb (0),1,,13,cupy_copy__complex64_complex64
20249113495,228894,417841,1,1,1,32,32,1,30,0.000,0.000,,,,,NVIDIA A100-SXM4-40GB MIG 4g.20gb (0),1,,13,"void convert_kernel<__half2, float2>(tensor_layout_any, T1 *, tensor_layout_any, const T2 *)"
20249378868,5472,417844,,,,,,,,,,0.094,17122.757,Pinned,Device,NVIDIA A100-SXM4-40GB MIG 4g.20gb (0),1,,13,[CUDA memcpy Host-to-Device]
20249473491,613625,417845,,,,,,,,,,456.561,743738.586,Device,,NVIDIA A100-SXM4-40GB MIG 4g.20gb (0),1,,13,[CUDA memset]
20250095660,51040,417850,,,,,,,,,,1.235,24195.023,Pinned,Device,NVIDIA A100-SXM4-40GB MIG 4g.20gb (0),1,,13,[CUDA memcpy Host-to-Device]
20250149260,9728,417851,,,,,,,,,,0.197,20210.516,Pinned,Device,NVIDIA A100-SXM4-40GB MIG 4g.20gb (0),1,,13,[CUDA memcpy Host-to-Device]
20250510216,15295,417852,69,4,1,48,1,1,76,0.002,0.000,,,,,NVIDIA A100-SXM4-40GB MIG 4g.20gb (0),1,,13,"void ch_est::windowedChEstPreNoDftSOfdmKernel<float, __half, float, (unsigned int)2, (unsigned int)1, (unsigned short)4>(ch_est::puschRxChEstStatDescr_t *, ch_est::puschRxChEstDynDescr_t *)"
20250982082,17088,417853,137,2,1,24,2,1,44,0.001,0.001,,,,,NVIDIA A100-SXM4-40GB MIG 4g.20gb (0),1,,13,"void ch_est::chEstFilterNoDftSOfdmDispatchKernel<float, __half, float, (unsigned int)2>(ch_est::puschRxChEstStatDescr_t *, ch_est::puschRxChEstDynDescr_t *)"
20251230144,14623,417854,137,2,1,24,2,1,44,0.001,0.001,,,,,NVIDIA A100-SXM4-40GB MIG 4g.20gb (0),1,,13,"void ch_est::chEstFilterNoDftSOfdmDispatchKernel<float, __half, float, (unsigned int)2>(ch_est::puschRxChEstStatDescr_t *, ch_est::puschRxChEstDynDescr_t *)"
20251399902,10880,417865,103,1,1,128,1,1,16,0.000,0.000,,,,,NVIDIA A100-SXM4-40GB MIG 4g.20gb (0),1,,13,cupy_copy__complex64_complex64
20251498109,18495,417875,1434,1,1,128,1,1,16,0.000,0.000,,,,,NVIDIA A100-SXM4-40GB MIG 4g.20gb (0),1,,13,cupy_copy__complex64_complex64
20251634587,8160,417882,103,1,1,128,1,1,16,0.000,0.000,,,,,NVIDIA A100-SXM4-40GB MIG 4g.20gb (0),1,,13,cupy_copy__complex64_complex64
20251710202,320477,417889,1,1,1,32,32,1,30,0.000,0.000,,,,,NVIDIA A100-SXM4-40GB MIG 4g.20gb (0),1,,13,"void convert_kernel<__half2, float2>(tensor_layout_any, T1 *, tensor_layout_any, const T2 *)"
20252084150,5696,417892,,,,,,,,,,0.094,16449.363,Pinned,Device,NVIDIA A100-SXM4-40GB MIG 4g.20gb (0),1,,13,[CUDA memcpy Host-to-Device]
20252095446,49247,417893,,,,,,,,,,35.810,727120.426,Device,,NVIDIA A100-SXM4-40GB MIG 4g.20gb (0),1,,13,[CUDA memset]
20252145973,3712,417895,,,,,,,,,,0.000,21.552,Pinned,Device,NVIDIA A100-SXM4-40GB MIG 4g.20gb (0),1,,13,[CUDA memcpy Host-to-Device]
20252154197,9536,417896,,,,,,,,,,0.197,20617.298,Pinned,Device,NVIDIA A100-SXM4-40GB MIG 4g.20gb (0),1,,13,[CUDA memcpy Host-to-Device]
20252216117,10912,417897,273,1,1,48,1,1,40,0.000,0.001,,,,,NVIDIA A100-SXM4-40GB MIG 4g.20gb (0),1,,13,"void pusch_noise_intf_est::noiseIntfEstNoDftSOfdmKernel<float, __half, float, float, (unsigned int)2, (unsigned int)1, (unsigned char)4, (unsigned char)4>(pusch_noise_intf_est::puschRxNoiseIntfEstDynDescr)"
20252228724,3232,417908,35,1,1,128,1,1,16,0.000,0.000,,,,,NVIDIA A100-SXM4-40GB MIG 4g.20gb (0),1,,13,cupy_copy__complex64_complex64
20252300628,6464,417917,1,1,1,1,1,1,18,0.000,0.000,,,,,NVIDIA A100-SXM4-40GB MIG 4g.20gb (0),1,,13,cupy_copy__float32_float32
20252309908,2016,417923,,,,,,,,,,0.000,1.984,Device,Pageable,NVIDIA A100-SXM4-40GB MIG 4g.20gb (0),1,,7,[CUDA memcpy Device-to-Host]
20252384947,19936,417934,1434,1,1,128,1,1,16,0.000,0.000,,,,,NVIDIA A100-SXM4-40GB MIG 4g.20gb (0),1,,13,cupy_copy__complex64_complex64
20252406643,3807,417941,103,1,1,128,1,1,16,0.000,0.000,,,,,NVIDIA A100-SXM4-40GB MIG 4g.20gb (0),1,,13,cupy_copy__complex64_complex64
20252418546,2592,417948,35,1,1,128,1,1,16,0.000,0.000,,,,,NVIDIA A100-SXM4-40GB MIG 4g.20gb (0),1,,13,cupy_copy__complex64_complex64
20252437010,1888,417955,1,1,1,1,1,1,18,0.000,0.000,,,,,NVIDIA A100-SXM4-40GB MIG 4g.20gb (0),1,,13,cupy_copy__float32_float32
20252607184,415740,417966,1,1,1,32,32,1,30,0.000,0.000,,,,,NVIDIA A100-SXM4-40GB MIG 4g.20gb (0),1,,13,"void convert_kernel<__half2, float2>(tensor_layout_any, T1 *, tensor_layout_any, const T2 *)"
20253052843,5568,417969,,,,,,,,,,0.094,16827.521,Pinned,Device,NVIDIA A100-SXM4-40GB MIG 4g.20gb (0),1,,13,[CUDA memcpy Host-to-Device]
20253312488,5984,417970,,,,,,,,,,1.547,258459.430,Device,,NVIDIA A100-SXM4-40GB MIG 4g.20gb (0),1,,13,[CUDA memset]
20253323624,3584,417975,,,,,,,,,,0.031,8732.116,Pinned,Device,NVIDIA A100-SXM4-40GB MIG 4g.20gb (0),1,,13,[CUDA memcpy Host-to-Device]
20253330152,10400,417976,,,,,,,,,,0.197,18904.449,Pinned,Device,NVIDIA A100-SXM4-40GB MIG 4g.20gb (0),1,,13,[CUDA memcpy Host-to-Device]
20253714948,20704,417977,273,1,1,8,4,1,39,0.002,0.000,,,,,NVIDIA A100-SXM4-40GB MIG 4g.20gb (0),1,,13,"void channel_eq::eqMmseCoefCompLowMimoKernel<float, float, float, (unsigned int)4, (unsigned int)1, (unsigned int)4>(const channel_eq::_puschRxChEqStatDescr *, channel_eq::_puschRxChEqCoefCompDynDescr)"
20254009345,16479,417978,273,1,1,12,11,1,51,0.002,0.000,,,,,NVIDIA A100-SXM4-40GB MIG 4g.20gb (0),1,,13,"void channel_eq::eqMmseSoftDemapKernel<float, __half, __half, float, (unsigned int)4, (unsigned short)16383>(channel_eq::_puschRxChEqStatDescr *, channel_eq::_puschRxChEqSoftDemapDynDescr)"
20254428124,772919,417979,1,1,1,32,32,1,30,0.000,0.000,,,,,NVIDIA A100-SXM4-40GB MIG 4g.20gb (0),1,,13,"void convert_kernel<float2, __half2>(tensor_layout_any, T1 *, tensor_layout_any, const T2 *)"
20255265811,14111,417991,2253,1,1,128,1,1,16,0.000,0.000,,,,,NVIDIA A100-SXM4-40GB MIG 4g.20gb (0),1,,13,cupy_copy__float16_float16
20255531152,8224,418000,282,1,1,128,1,1,16,0.000,0.000,,,,,NVIDIA A100-SXM4-40GB MIG 4g.20gb (0),1,,13,cupy_copy__complex64_complex64
20255773389,10816,418009,26,1,1,128,1,1,16,0.000,0.000,,,,,NVIDIA A100-SXM4-40GB MIG 4g.20gb (0),1,,13,cupy_copy__float32_float32
20255933803,12160,418018,103,1,1,128,1,1,16,0.000,0.000,,,,,NVIDIA A100-SXM4-40GB MIG 4g.20gb (0),1,,13,cupy_copy__complex64_complex64
20255990635,17215,418028,1434,1,1,128,1,1,16,0.000,0.000,,,,,NVIDIA A100-SXM4-40GB MIG 4g.20gb (0),1,,13,cupy_copy__complex64_complex64
20256081546,348636,418033,1,1,1,32,32,1,30,0.000,0.000,,,,,NVIDIA A100-SXM4-40GB MIG 4g.20gb (0),1,,13,"void convert_kernel<__half2, float2>(tensor_layout_any, T1 *, tensor_layout_any, const T2 *)"
20256460805,5536,418036,,,,,,,,,,0.094,16924.777,Pinned,Device,NVIDIA A100-SXM4-40GB MIG 4g.20gb (0),1,,13,[CUDA memcpy Host-to-Device]
20256812769,611546,418037,,,,,,,,,,456.561,746477.954,Device,,NVIDIA A100-SXM4-40GB MIG 4g.20gb (0),1,,13,[CUDA memset]
20257431514,51360,418042,,,,,,,,,,1.235,24044.360,Pinned,Device,NVIDIA A100-SXM4-40GB MIG 4g.20gb (0),1,,13,[CUDA memcpy Host-to-Device]
20257485850,12320,418043,,,,,,,,,,0.197,15958.278,Pinned,Device,NVIDIA A100-SXM4-40GB MIG 4g.20gb (0),1,,13,[CUDA memcpy Host-to-Device]
20257909653,14848,418044,69,4,1,48,1,1,76,0.002,0.000,,,,,NVIDIA A100-SXM4-40GB MIG 4g.20gb (0),1,,13,"void ch_est::windowedChEstPreNoDftSOfdmKernel<float, __half, float, (unsigned int)2, (unsigned int)1, (unsigned short)4>(ch_est::puschRxChEstStatDescr_t *, ch_est::puschRxChEstDynDescr_t *)"
20258263281,12640,418045,137,2,1,24,2,1,44,0.001,0.001,,,,,NVIDIA A100-SXM4-40GB MIG 4g.20gb (0),1,,13,"void ch_est::chEstFilterNoDftSOfdmDispatchKernel<float, __half, float, (unsigned int)2>(ch_est::puschRxChEstStatDescr_t *, ch_est::puschRxChEstDynDescr_t *)"
20258511822,17696,418046,137,2,1,24,2,1,44,0.001,0.001,,,,,NVIDIA A100-SXM4-40GB MIG 4g.20gb (0),1,,13,"void ch_est::chEstFilterNoDftSOfdmDispatchKernel<float, __half, float, (unsigned int)2>(ch_est::puschRxChEstStatDescr_t *, ch_est::puschRxChEstDynDescr_t *)"
20258602989,8128,418057,103,1,1,128,1,1,16,0.000,0.000,,,,,NVIDIA A100-SXM4-40GB MIG 4g.20gb (0),1,,13,cupy_copy__complex64_complex64
20258848907,21855,418067,1434,1,1,128,1,1,16,0.000,0.000,,,,,NVIDIA A100-SXM4-40GB MIG 4g.20gb (0),1,,13,cupy_copy__complex64_complex64
20258951018,8383,418074,103,1,1,128,1,1,16,0.000,0.000,,,,,NVIDIA A100-SXM4-40GB MIG 4g.20gb (0),1,,13,cupy_copy__complex64_complex64
20259196839,253213,418081,1,1,1,32,32,1,30,0.000,0.000,,,,,NVIDIA A100-SXM4-40GB MIG 4g.20gb (0),1,,13,"void convert_kernel<__half2, float2>(tensor_layout_any, T1 *, tensor_layout_any, const T2 *)"
20259480100,5600,418084,,,,,,,,,,0.094,16731.388,Pinned,Device,NVIDIA A100-SXM4-40GB MIG 4g.20gb (0),1,,13,[CUDA memcpy Host-to-Device]
20259532867,55615,418085,,,,,,,,,,35.810,643862.362,Device,,NVIDIA A100-SXM4-40GB MIG 4g.20gb (0),1,,13,[CUDA memset]
20259590722,1824,418087,,,,,,,,,,0.000,43.860,Pinned,Device,NVIDIA A100-SXM4-40GB MIG 4g.20gb (0),1,,13,[CUDA memcpy Host-to-Device]
20259595042,9376,418088,,,,,,,,,,0.197,20969.226,Pinned,Device,NVIDIA A100-SXM4-40GB MIG 4g.20gb (0),1,,13,[CUDA memcpy Host-to-Device]
20259824928,19872,418089,273,1,1,48,1,1,40,0.000,0.001,,,,,NVIDIA A100-SXM4-40GB MIG 4g.20gb (0),1,,13,"void pusch_noise_intf_est::noiseIntfEstNoDftSOfdmKernel<float, __half, float, float, (unsigned int)2, (unsigned int)1, (unsigned char)4, (unsigned char)4>(pusch_noise_intf_est::puschRxNoiseIntfEstDynDescr)"
20260068797,7712,418100,35,1,1,128,1,1,16,0.000,0.000,,,,,NVIDIA A100-SXM4-40GB MIG 4g.20gb (0),1,,13,cupy_copy__complex64_complex64
20260376154,2912,418109,1,1,1,1,1,1,18,0.000,0.000,,,,,NVIDIA A100-SXM4-40GB MIG 4g.20gb (0),1,,13,cupy_copy__float32_float32
20260385850,1759,418115,,,,,,,,,,0.000,2.274,Device,Pageable,NVIDIA A100-SXM4-40GB MIG 4g.20gb (0),1,,7,[CUDA memcpy Device-to-Host]
20260661302,17152,418126,1434,1,1,128,1,1,16,0.000,0.000,,,,,NVIDIA A100-SXM4-40GB MIG 4g.20gb (0),1,,13,cupy_copy__complex64_complex64
20261297807,4608,418133,103,1,1,128,1,1,16,0.000,0.000,,,,,NVIDIA A100-SXM4-40GB MIG 4g.20gb (0),1,,13,cupy_copy__complex64_complex64
20261618572,8384,418140,35,1,1,128,1,1,16,0.000,0.000,,,,,NVIDIA A100-SXM4-40GB MIG 4g.20gb (0),1,,13,cupy_copy__complex64_complex64
20261711691,3680,418147,1,1,1,1,1,1,18,0.000,0.000,,,,,NVIDIA A100-SXM4-40GB MIG 4g.20gb (0),1,,13,cupy_copy__float32_float32
20261811306,327324,418158,1,1,1,32,32,1,30,0.000,0.000,,,,,NVIDIA A100-SXM4-40GB MIG 4g.20gb (0),1,,13,"void convert_kernel<__half2, float2>(tensor_layout_any, T1 *, tensor_layout_any, const T2 *)"
20262168326,5984,418161,,,,,,,,,,0.094,15657.726,Pinned,Device,NVIDIA A100-SXM4-40GB MIG 4g.20gb (0),1,,13,[CUDA memcpy Host-to-Device]
20262225029,4096,418162,,,,,,,,,,1.547,377592.783,Device,,NVIDIA A100-SXM4-40GB MIG 4g.20gb (0),1,,13,[CUDA memset]
20262237093,3456,418167,,,,,,,,,,0.031,9055.529,Pinned,Device,NVIDIA A100-SXM4-40GB MIG 4g.20gb (0),1,,13,[CUDA memcpy Host-to-Device]
20262242981,9472,418168,,,,,,,,,,0.197,20756.693,Pinned,Device,NVIDIA A100-SXM4-40GB MIG 4g.20gb (0),1,,13,[CUDA memcpy Host-to-Device]
20262308228,10624,418169,273,1,1,8,4,1,39,0.002,0.000,,,,,NVIDIA A100-SXM4-40GB MIG 4g.20gb (0),1,,13,"void channel_eq::eqMmseCoefCompLowMimoKernel<float, float, float, (unsigned int)4, (unsigned int)1, (unsigned int)4>(const channel_eq::_puschRxChEqStatDescr *, channel_eq::_puschRxChEqCoefCompDynDescr)"
20262390371,10656,418170,273,1,1,12,11,1,51,0.002,0.000,,,,,NVIDIA A100-SXM4-40GB MIG 4g.20gb (0),1,,13,"void channel_eq::eqMmseSoftDemapKernel<float, __half, __half, float, (unsigned int)4, (unsigned short)16383>(channel_eq::_puschRxChEqStatDescr *, channel_eq::_puschRxChEqSoftDemapDynDescr)"
20262473986,812759,418171,1,1,1,32,32,1,30,0.000,0.000,,,,,NVIDIA A100-SXM4-40GB MIG 4g.20gb (0),1,,13,"void convert_kernel<float2, __half2>(tensor_layout_any, T1 *, tensor_layout_any, const T2 *)"
20263661045,13920,418183,2253,1,1,128,1,1,16,0.000,0.000,,,,,NVIDIA A100-SXM4-40GB MIG 4g.20gb (0),1,,13,cupy_copy__float16_float16
20263974897,6592,418192,282,1,1,128,1,1,16,0.000,0.000,,,,,NVIDIA A100-SXM4-40GB MIG 4g.20gb (0),1,,13,cupy_copy__complex64_complex64
20264622154,4160,418201,26,1,1,128,1,1,16,0.000,0.000,,,,,NVIDIA A100-SXM4-40GB MIG 4g.20gb (0),1,,13,cupy_copy__float32_float32
20264908775,6304,418210,103,1,1,128,1,1,16,0.000,0.000,,,,,NVIDIA A100-SXM4-40GB MIG 4g.20gb (0),1,,13,cupy_copy__complex64_complex64
20265213444,20671,418220,1434,1,1,128,1,1,16,0.000,0.000,,,,,NVIDIA A100-SXM4-40GB MIG 4g.20gb (0),1,,13,cupy_copy__complex64_complex64
20265358210,302173,418225,1,1,1,32,32,1,30,0.000,0.000,,,,,NVIDIA A100-SXM4-40GB MIG 4g.20gb (0),1,,13,"void convert_kernel<__half2, float2>(tensor_layout_any, T1 *, tensor_layout_any, const T2 *)"
20265691006,5568,418228,,,,,,,,,,0.094,16827.521,Pinned,Device,NVIDIA A100-SXM4-40GB MIG 4g.20gb (0),1,,13,[CUDA memcpy Host-to-Device]
20265802269,607449,418229,,,,,,,,,,456.561,751500.130,Device,,NVIDIA A100-SXM4-40GB MIG 4g.20gb (0),1,,13,[CUDA memset]
20266415382,49632,418234,,,,,,,,,,1.235,24881.652,Pinned,Device,NVIDIA A100-SXM4-40GB MIG 4g.20gb (0),1,,13,[CUDA memcpy Host-to-Device]
20266467798,9824,418235,,,,,,,,,,0.197,20012.925,Pinned,Device,NVIDIA A100-SXM4-40GB MIG 4g.20gb (0),1,,13,[CUDA memcpy Host-to-Device]
20266606996,16480,418236,69,4,1,48,1,1,76,0.002,0.000,,,,,NVIDIA A100-SXM4-40GB MIG 4g.20gb (0),1,,13,"void ch_est::windowedChEstPreNoDftSOfdmKernel<float, __half, float, (unsigned int)2, (unsigned int)1, (unsigned short)4>(ch_est::puschRxChEstStatDescr_t *, ch_est::puschRxChEstDynDescr_t *)"
20266625524,6592,418237,137,2,1,24,2,1,44,0.001,0.001,,,,,NVIDIA A100-SXM4-40GB MIG 4g.20gb (0),1,,13,"void ch_est::chEstFilterNoDftSOfdmDispatchKernel<float, __half, float, (unsigned int)2>(ch_est::puschRxChEstStatDescr_t *, ch_est::puschRxChEstDynDescr_t *)"
20266828306,16607,418238,137,2,1,24,2,1,44,0.001,0.001,,,,,NVIDIA A100-SXM4-40GB MIG 4g.20gb (0),1,,13,"void ch_est::chEstFilterNoDftSOfdmDispatchKernel<float, __half, float, (unsigned int)2>(ch_est::puschRxChEstStatDescr_t *, ch_est::puschRxChEstDynDescr_t *)"
20266984240,5152,418249,103,1,1,128,1,1,16,0.000,0.000,,,,,NVIDIA A100-SXM4-40GB MIG 4g.20gb (0),1,,13,cupy_copy__complex64_complex64
20266991504,12768,418259,1434,1,1,128,1,1,16,0.000,0.000,,,,,NVIDIA A100-SXM4-40GB MIG 4g.20gb (0),1,,13,cupy_copy__complex64_complex64
20267009040,2496,418266,103,1,1,128,1,1,16,0.000,0.000,,,,,NVIDIA A100-SXM4-40GB MIG 4g.20gb (0),1,,13,cupy_copy__complex64_complex64
20267013392,79007,418273,1,1,1,32,32,1,30,0.000,0.000,,,,,NVIDIA A100-SXM4-40GB MIG 4g.20gb (0),1,,13,"void convert_kernel<__half2, float2>(tensor_layout_any, T1 *, tensor_layout_any, const T2 *)"
20267123214,5984,418276,,,,,,,,,,0.094,15657.726,Pinned,Device,NVIDIA A100-SXM4-40GB MIG 4g.20gb (0),1,,13,[CUDA memcpy Host-to-Device]
20267164046,50783,418277,,,,,,,,,,35.810,705133.135,Device,,NVIDIA A100-SXM4-40GB MIG 4g.20gb (0),1,,13,[CUDA memset]
20267217389,2240,418279,,,,,,,,,,0.000,35.714,Pinned,Device,NVIDIA A100-SXM4-40GB MIG 4g.20gb (0),1,,13,[CUDA memcpy Host-to-Device]
20267222253,9472,418280,,,,,,,,,,0.197,20756.693,Pinned,Device,NVIDIA A100-SXM4-40GB MIG 4g.20gb (0),1,,13,[CUDA memcpy Host-to-Device]
20267438699,20064,418281,273,1,1,48,1,1,40,0.000,0.001,,,,,NVIDIA A100-SXM4-40GB MIG 4g.20gb (0),1,,13,"void pusch_noise_intf_est::noiseIntfEstNoDftSOfdmKernel<float, __half, float, float, (unsigned int)2, (unsigned int)1, (unsigned char)4, (unsigned char)4>(pusch_noise_intf_est::puschRxNoiseIntfEstDynDescr)"
20267677096,14656,418292,35,1,1,128,1,1,16,0.000,0.000,,,,,NVIDIA A100-SXM4-40GB MIG 4g.20gb (0),1,,13,cupy_copy__complex64_complex64
20267694312,4480,418301,1,1,1,1,1,1,18,0.000,0.000,,,,,NVIDIA A100-SXM4-40GB MIG 4g.20gb (0),1,,13,cupy_copy__float32_float32
20267705160,1792,418307,,,,,,,,,,0.000,2.232,Device,Pageable,NVIDIA A100-SXM4-40GB MIG 4g.20gb (0),1,,7,[CUDA memcpy Device-to-Host]
20267790087,25408,418318,1434,1,1,128,1,1,16,0.000,0.000,,,,,NVIDIA A100-SXM4-40GB MIG 4g.20gb (0),1,,13,cupy_copy__complex64_complex64
20267817543,3648,418325,103,1,1,128,1,1,16,0.000,0.000,,,,,NVIDIA A100-SXM4-40GB MIG 4g.20gb (0),1,,13,cupy_copy__complex64_complex64
20267870886,14016,418332,35,1,1,128,1,1,16,0.000,0.000,,,,,NVIDIA A100-SXM4-40GB MIG 4g.20gb (0),1,,13,cupy_copy__complex64_complex64
20267887526,3552,418339,1,1,1,1,1,1,18,0.000,0.000,,,,,NVIDIA A100-SXM4-40GB MIG 4g.20gb (0),1,,13,cupy_copy__float32_float32
20268021348,394780,418350,1,1,1,32,32,1,30,0.000,0.000,,,,,NVIDIA A100-SXM4-40GB MIG 4g.20gb (0),1,,13,"void convert_kernel<__half2, float2>(tensor_layout_any, T1 *, tensor_layout_any, const T2 *)"
20268446624,5696,418353,,,,,,,,,,0.094,16449.363,Pinned,Device,NVIDIA A100-SXM4-40GB MIG 4g.20gb (0),1,,13,[CUDA memcpy Host-to-Device]
20268786972,12992,418354,,,,,,,,,,1.547,119043.649,Device,,NVIDIA A100-SXM4-40GB MIG 4g.20gb (0),1,,13,[CUDA memset]
20268801820,3424,418359,,,,,,,,,,0.031,9140.185,Pinned,Device,NVIDIA A100-SXM4-40GB MIG 4g.20gb (0),1,,13,[CUDA memcpy Host-to-Device]
20268807932,10815,418360,,,,,,,,,,0.197,18179.162,Pinned,Device,NVIDIA A100-SXM4-40GB MIG 4g.20gb (0),1,,13,[CUDA memcpy Host-to-Device]
20269022393,21568,418361,273,1,1,8,4,1,39,0.002,0.000,,,,,NVIDIA A100-SXM4-40GB MIG 4g.20gb (0),1,,13,"void channel_eq::eqMmseCoefCompLowMimoKernel<float, float, float, (unsigned int)4, (unsigned int)1, (unsigned int)4>(const channel_eq::_puschRxChEqStatDescr *, channel_eq::_puschRxChEqCoefCompDynDescr)"
20269079961,20319,418362,273,1,1,12,11,1,51,0.002,0.000,,,,,NVIDIA A100-SXM4-40GB MIG 4g.20gb (0),1,,13,"void channel_eq::eqMmseSoftDemapKernel<float, __half, __half, float, (unsigned int)4, (unsigned short)16383>(channel_eq::_puschRxChEqStatDescr *, channel_eq::_puschRxChEqSoftDemapDynDescr)"
20269383349,663481,418363,1,1,1,32,32,1,30,0.000,0.000,,,,,NVIDIA A100-SXM4-40GB MIG 4g.20gb (0),1,,13,"void convert_kernel<float2, __half2>(tensor_layout_any, T1 *, tensor_layout_any, const T2 *)"
20270306251,25632,418375,2253,1,1,128,1,1,16,0.000,0.000,,,,,NVIDIA A100-SXM4-40GB MIG 4g.20gb (0),1,,13,cupy_copy__float16_float16
20270805445,10080,418384,282,1,1,128,1,1,16,0.000,0.000,,,,,NVIDIA A100-SXM4-40GB MIG 4g.20gb (0),1,,13,cupy_copy__complex64_complex64
20271037123,4960,418393,26,1,1,128,1,1,16,0.000,0.000,,,,,NVIDIA A100-SXM4-40GB MIG 4g.20gb (0),1,,13,cupy_copy__float32_float32
20271294560,11072,418402,103,1,1,128,1,1,16,0.000,0.000,,,,,NVIDIA A100-SXM4-40GB MIG 4g.20gb (0),1,,13,cupy_copy__complex64_complex64
20271523229,20640,418412,1434,1,1,128,1,1,16,0.000,0.000,,,,,NVIDIA A100-SXM4-40GB MIG 4g.20gb (0),1,,13,cupy_copy__complex64_complex64
20271598044,306973,418417,1,1,1,32,32,1,30,0.000,0.000,,,,,NVIDIA A100-SXM4-40GB MIG 4g.20gb (0),1,,13,"void convert_kernel<__half2, float2>(tensor_layout_any, T1 *, tensor_layout_any, const T2 *)"
20271939385,5408,418420,,,,,,,,,,0.094,17325.421,Pinned,Device,NVIDIA A100-SXM4-40GB MIG 4g.20gb (0),1,,13,[CUDA memcpy Host-to-Device]
20271998008,611321,418421,,,,,,,,,,456.561,746477.954,Device,,NVIDIA A100-SXM4-40GB MIG 4g.20gb (0),1,,13,[CUDA memset]
20272616017,54080,418426,,,,,,,,,,1.235,22835.350,Pinned,Device,NVIDIA A100-SXM4-40GB MIG 4g.20gb (0),1,,13,[CUDA memcpy Host-to-Device]
20272672912,10304,418427,,,,,,,,,,0.197,19080.610,Pinned,Device,NVIDIA A100-SXM4-40GB MIG 4g.20gb (0),1,,13,[CUDA memcpy Host-to-Device]
20272792559,13280,418428,69,4,1,48,1,1,76,0.002,0.000,,,,,NVIDIA A100-SXM4-40GB MIG 4g.20gb (0),1,,13,"void ch_est::windowedChEstPreNoDftSOfdmKernel<float, __half, float, (unsigned int)2, (unsigned int)1, (unsigned short)4>(ch_est::puschRxChEstStatDescr_t *, ch_est::puschRxChEstDynDescr_t *)"
20272933742,13087,418429,137,2,1,24,2,1,44,0.001,0.001,,,,,NVIDIA A100-SXM4-40GB MIG 4g.20gb (0),1,,13,"void ch_est::chEstFilterNoDftSOfdmDispatchKernel<float, __half, float, (unsigned int)2>(ch_est::puschRxChEstStatDescr_t *, ch_est::puschRxChEstDynDescr_t *)"
20272988365,12736,418430,137,2,1,24,2,1,44,0.001,0.001,,,,,NVIDIA A100-SXM4-40GB MIG 4g.20gb (0),1,,13,"void ch_est::chEstFilterNoDftSOfdmDispatchKernel<float, __half, float, (unsigned int)2>(ch_est::puschRxChEstStatDescr_t *, ch_est::puschRxChEstDynDescr_t *)"
20273116556,4223,418441,103,1,1,128,1,1,16,0.000,0.000,,,,,NVIDIA A100-SXM4-40GB MIG 4g.20gb (0),1,,13,cupy_copy__complex64_complex64
20273195275,18239,418451,1434,1,1,128,1,1,16,0.000,0.000,,,,,NVIDIA A100-SXM4-40GB MIG 4g.20gb (0),1,,13,cupy_copy__complex64_complex64
20273258250,5152,418458,103,1,1,128,1,1,16,0.000,0.000,,,,,NVIDIA A100-SXM4-40GB MIG 4g.20gb (0),1,,13,cupy_copy__complex64_complex64
20273336009,434779,418465,1,1,1,32,32,1,30,0.000,0.000,,,,,NVIDIA A100-SXM4-40GB MIG 4g.20gb (0),1,,13,"void convert_kernel<__half2, float2>(tensor_layout_any, T1 *, tensor_layout_any, const T2 *)"
20273801060,5536,418468,,,,,,,,,,0.094,16924.777,Pinned,Device,NVIDIA A100-SXM4-40GB MIG 4g.20gb (0),1,,13,[CUDA memcpy Host-to-Device]
20274244063,57759,418469,,,,,,,,,,35.810,619977.145,Device,,NVIDIA A100-SXM4-40GB MIG 4g.20gb (0),1,,13,[CUDA memset]
20274302782,2080,418471,,,,,,,,,,0.000,38.462,Pinned,Device,NVIDIA A100-SXM4-40GB MIG 4g.20gb (0),1,,13,[CUDA memcpy Host-to-Device]
20274312446,9792,418472,,,,,,,,,,0.197,20078.395,Pinned,Device,NVIDIA A100-SXM4-40GB MIG 4g.20gb (0),1,,13,[CUDA memcpy Host-to-Device]
20274650458,38816,418473,273,1,1,48,1,1,40,0.000,0.001,,,,,NVIDIA A100-SXM4-40GB MIG 4g.20gb (0),1,,13,"void pusch_noise_intf_est::noiseIntfEstNoDftSOfdmKernel<float, __half, float, float, (unsigned int)2, (unsigned int)1, (unsigned char)4, (unsigned char)4>(pusch_noise_intf_est::puschRxNoiseIntfEstDynDescr)"
20274918647,9792,418484,35,1,1,128,1,1,16,0.000,0.000,,,,,NVIDIA A100-SXM4-40GB MIG 4g.20gb (0),1,,13,cupy_copy__complex64_complex64
20275097749,5600,418493,1,1,1,1,1,1,18,0.000,0.000,,,,,NVIDIA A100-SXM4-40GB MIG 4g.20gb (0),1,,13,cupy_copy__float32_float32
20275113493,1632,418499,,,,,,,,,,0.000,2.451,Device,Pageable,NVIDIA A100-SXM4-40GB MIG 4g.20gb (0),1,,7,[CUDA memcpy Device-to-Host]
20275309683,29184,418510,1434,1,1,128,1,1,16,0.000,0.000,,,,,NVIDIA A100-SXM4-40GB MIG 4g.20gb (0),1,,13,cupy_copy__complex64_complex64
20275344659,3520,418517,103,1,1,128,1,1,16,0.000,0.000,,,,,NVIDIA A100-SXM4-40GB MIG 4g.20gb (0),1,,13,cupy_copy__complex64_complex64
20275516465,6528,418524,35,1,1,128,1,1,16,0.000,0.000,,,,,NVIDIA A100-SXM4-40GB MIG 4g.20gb (0),1,,13,cupy_copy__complex64_complex64
20275525393,2976,418531,1,1,1,1,1,1,18,0.000,0.000,,,,,NVIDIA A100-SXM4-40GB MIG 4g.20gb (0),1,,13,cupy_copy__float32_float32
20275531889,267037,418542,1,1,1,32,32,1,30,0.000,0.000,,,,,NVIDIA A100-SXM4-40GB MIG 4g.20gb (0),1,,13,"void convert_kernel<__half2, float2>(tensor_layout_any, T1 *, tensor_layout_any, const T2 *)"
20275831181,6144,418545,,,,,,,,,,0.094,15249.961,Pinned,Device,NVIDIA A100-SXM4-40GB MIG 4g.20gb (0),1,,13,[CUDA memcpy Host-to-Device]
20276061867,17247,418546,,,,,,,,,,1.547,89674.806,Device,,NVIDIA A100-SXM4-40GB MIG 4g.20gb (0),1,,13,[CUDA memset]
20276082442,3008,418551,,,,,,,,,,0.031,10404.230,Pinned,Device,NVIDIA A100-SXM4-40GB MIG 4g.20gb (0),1,,13,[CUDA memcpy Host-to-Device]
20276090218,10240,418552,,,,,,,,,,0.197,19199.951,Pinned,Device,NVIDIA A100-SXM4-40GB MIG 4g.20gb (0),1,,13,[CUDA memcpy Host-to-Device]
20276351111,31776,418553,273,1,1,8,4,1,39,0.002,0.000,,,,,NVIDIA A100-SXM4-40GB MIG 4g.20gb (0),1,,13,"void channel_eq::eqMmseCoefCompLowMimoKernel<float, float, float, (unsigned int)4, (unsigned int)1, (unsigned int)4>(const channel_eq::_puschRxChEqStatDescr *, channel_eq::_puschRxChEqCoefCompDynDescr)"
20276464582,15456,418554,273,1,1,12,11,1,51,0.002,0.000,,,,,NVIDIA A100-SXM4-40GB MIG 4g.20gb (0),1,,13,"void channel_eq::eqMmseSoftDemapKernel<float, __half, __half, float, (unsigned int)4, (unsigned short)16383>(channel_eq::_puschRxChEqStatDescr *, channel_eq::_puschRxChEqSoftDemapDynDescr)"
20276760995,750328,418555,1,1,1,32,32,1,30,0.000,0.000,,,,,NVIDIA A100-SXM4-40GB MIG 4g.20gb (0),1,,13,"void convert_kernel<float2, __half2>(tensor_layout_any, T1 *, tensor_layout_any, const T2 *)"
20277679193,14527,418567,2253,1,1,128,1,1,16,0.000,0.000,,,,,NVIDIA A100-SXM4-40GB MIG 4g.20gb (0),1,,13,cupy_copy__float16_float16
20277985621,6400,418576,282,1,1,128,1,1,16,0.000,0.000,,,,,NVIDIA A100-SXM4-40GB MIG 4g.20gb (0),1,,13,cupy_copy__complex64_complex64
20278089428,5504,418585,26,1,1,128,1,1,16,0.000,0.000,,,,,NVIDIA A100-SXM4-40GB MIG 4g.20gb (0),1,,13,cupy_copy__float32_float32
20278273266,10304,418594,103,1,1,128,1,1,16,0.000,0.000,,,,,NVIDIA A100-SXM4-40GB MIG 4g.20gb (0),1,,13,cupy_copy__complex64_complex64
20278287474,14112,418604,1434,1,1,128,1,1,16,0.000,0.000,,,,,NVIDIA A100-SXM4-40GB MIG 4g.20gb (0),1,,13,cupy_copy__complex64_complex64
20278303218,79295,418609,1,1,1,32,32,1,30,0.000,0.000,,,,,NVIDIA A100-SXM4-40GB MIG 4g.20gb (0),1,,13,"void convert_kernel<__half2, float2>(tensor_layout_any, T1 *, tensor_layout_any, const T2 *)"
20278412144,5568,418612,,,,,,,,,,0.094,16827.521,Pinned,Device,NVIDIA A100-SXM4-40GB MIG 4g.20gb (0),1,,13,[CUDA memcpy Host-to-Device]
20278422736,605946,418613,,,,,,,,,,456.561,753326.376,Device,,NVIDIA A100-SXM4-40GB MIG 4g.20gb (0),1,,13,[CUDA memset]
20279037993,51424,418618,,,,,,,,,,1.235,24014.721,Pinned,Device,NVIDIA A100-SXM4-40GB MIG 4g.20gb (0),1,,13,[CUDA memcpy Host-to-Device]
20279093897,10304,418619,,,,,,,,,,0.197,19080.610,Pinned,Device,NVIDIA A100-SXM4-40GB MIG 4g.20gb (0),1,,13,[CUDA memcpy Host-to-Device]
20279322022,31424,418620,69,4,1,48,1,1,76,0.002,0.000,,,,,NVIDIA A100-SXM4-40GB MIG 4g.20gb (0),1,,13,"void ch_est::windowedChEstPreNoDftSOfdmKernel<float, __half, float, (unsigned int)2, (unsigned int)1, (unsigned short)4>(ch_est::puschRxChEstStatDescr_t *, ch_est::puschRxChEstDynDescr_t *)"
20279400261,19520,418621,137,2,1,24,2,1,44,0.001,0.001,,,,,NVIDIA A100-SXM4-40GB MIG 4g.20gb (0),1,,13,"void ch_est::chEstFilterNoDftSOfdmDispatchKernel<float, __half, float, (unsigned int)2>(ch_est::puschRxChEstStatDescr_t *, ch_est::puschRxChEstDynDescr_t *)"
20279659907,12191,418622,137,2,1,24,2,1,44,0.001,0.001,,,,,NVIDIA A100-SXM4-40GB MIG 4g.20gb (0),1,,13,"void ch_est::chEstFilterNoDftSOfdmDispatchKernel<float, __half, float, (unsigned int)2>(ch_est::puschRxChEstStatDescr_t *, ch_est::puschRxChEstDynDescr_t *)"
20279673794,5248,418633,103,1,1,128,1,1,16,0.000,0.000,,,,,NVIDIA A100-SXM4-40GB MIG 4g.20gb (0),1,,13,cupy_copy__complex64_complex64
20279852896,29024,418643,1434,1,1,128,1,1,16,0.000,0.000,,,,,NVIDIA A100-SXM4-40GB MIG 4g.20gb (0),1,,13,cupy_copy__complex64_complex64
20279927392,13279,418650,103,1,1,128,1,1,16,0.000,0.000,,,,,NVIDIA A100-SXM4-40GB MIG 4g.20gb (0),1,,13,cupy_copy__complex64_complex64
20280116893,266845,418657,1,1,1,32,32,1,30,0.000,0.000,,,,,NVIDIA A100-SXM4-40GB MIG 4g.20gb (0),1,,13,"void convert_kernel<__half2, float2>(tensor_layout_any, T1 *, tensor_layout_any, const T2 *)"
20280422682,7872,418660,,,,,,,,,,0.094,11902.390,Pinned,Device,NVIDIA A100-SXM4-40GB MIG 4g.20gb (0),1,,13,[CUDA memcpy Host-to-Device]
20280632792,58687,418661,,,,,,,,,,35.810,610165.227,Device,,NVIDIA A100-SXM4-40GB MIG 4g.20gb (0),1,,13,[CUDA memset]
20280693975,3776,418663,,,,,,,,,,0.000,21.186,Pinned,Device,NVIDIA A100-SXM4-40GB MIG 4g.20gb (0),1,,13,[CUDA memcpy Host-to-Device]
20280703159,10752,418664,,,,,,,,,,0.197,18285.527,Pinned,Device,NVIDIA A100-SXM4-40GB MIG 4g.20gb (0),1,,13,[CUDA memcpy Host-to-Device]
20280961684,35968,418665,273,1,1,48,1,1,40,0.000,0.001,,,,,NVIDIA A100-SXM4-40GB MIG 4g.20gb (0),1,,13,"void pusch_noise_intf_est::noiseIntfEstNoDftSOfdmKernel<float, __half, float, float, (unsigned int)2, (unsigned int)1, (unsigned char)4, (unsigned char)4>(pusch_noise_intf_est::puschRxNoiseIntfEstDynDescr)"
20281550541,16256,418676,35,1,1,128,1,1,16,0.000,0.000,,,,,NVIDIA A100-SXM4-40GB MIG 4g.20gb (0),1,,13,cupy_copy__complex64_complex64
20281687916,10272,418685,1,1,1,1,1,1,18,0.000,0.000,,,,,NVIDIA A100-SXM4-40GB MIG 4g.20gb (0),1,,13,cupy_copy__float32_float32
20281707884,1664,418691,,,,,,,,,,0.000,2.404,Device,Pageable,NVIDIA A100-SXM4-40GB MIG 4g.20gb (0),1,,7,[CUDA memcpy Device-to-Host]
20282264869,29696,418702,1434,1,1,128,1,1,16,0.000,0.000,,,,,NVIDIA A100-SXM4-40GB MIG 4g.20gb (0),1,,13,cupy_copy__complex64_complex64
20282623393,7904,418709,103,1,1,128,1,1,16,0.000,0.000,,,,,NVIDIA A100-SXM4-40GB MIG 4g.20gb (0),1,,13,cupy_copy__complex64_complex64
20282633665,3936,418716,35,1,1,128,1,1,16,0.000,0.000,,,,,NVIDIA A100-SXM4-40GB MIG 4g.20gb (0),1,,13,cupy_copy__complex64_complex64
20282640001,3616,418723,1,1,1,1,1,1,18,0.000,0.000,,,,,NVIDIA A100-SXM4-40GB MIG 4g.20gb (0),1,,13,cupy_copy__float32_float32
20282644321,180478,418734,1,1,1,32,32,1,30,0.000,0.000,,,,,NVIDIA A100-SXM4-40GB MIG 4g.20gb (0),1,,13,"void convert_kernel<__half2, float2>(tensor_layout_any, T1 *, tensor_layout_any, const T2 *)"
20282855263,5376,418737,,,,,,,,,,0.094,17428.487,Pinned,Device,NVIDIA A100-SXM4-40GB MIG 4g.20gb (0),1,,13,[CUDA memcpy Host-to-Device]
20282878047,3232,418738,,,,,,,,,,1.547,478533.199,Device,,NVIDIA A100-SXM4-40GB MIG 4g.20gb (0),1,,13,[CUDA memset]
20282885407,3040,418743,,,,,,,,,,0.031,10294.725,Pinned,Device,NVIDIA A100-SXM4-40GB MIG 4g.20gb (0),1,,13,[CUDA memcpy Host-to-Device]
20282890911,9439,418744,,,,,,,,,,0.197,20829.241,Pinned,Device,NVIDIA A100-SXM4-40GB MIG 4g.20gb (0),1,,13,[CUDA memcpy Host-to-Device]
20282904862,5920,418745,273,1,1,8,4,1,39,0.002,0.000,,,,,NVIDIA A100-SXM4-40GB MIG 4g.20gb (0),1,,13,"void channel_eq::eqMmseCoefCompLowMimoKernel<float, float, float, (unsigned int)4, (unsigned int)1, (unsigned int)4>(const channel_eq::_puschRxChEqStatDescr *, channel_eq::_puschRxChEqCoefCompDynDescr)"
20282911998,5760,418746,273,1,1,12,11,1,51,0.002,0.000,,,,,NVIDIA A100-SXM4-40GB MIG 4g.20gb (0),1,,13,"void channel_eq::eqMmseSoftDemapKernel<float, __half, __half, float, (unsigned int)4, (unsigned short)16383>(channel_eq::_puschRxChEqStatDescr *, channel_eq::_puschRxChEqSoftDemapDynDescr)"
20282919230,281853,418747,1,1,1,32,32,1,30,0.000,0.000,,,,,NVIDIA A100-SXM4-40GB MIG 4g.20gb (0),1,,13,"void convert_kernel<float2, __half2>(tensor_layout_any, T1 *, tensor_layout_any, const T2 *)"
20283202971,10624,418759,2253,1,1,128,1,1,16,0.000,0.000,,,,,NVIDIA A100-SXM4-40GB MIG 4g.20gb (0),1,,13,cupy_copy__float16_float16
20283215355,2880,418768,282,1,1,128,1,1,16,0.000,0.000,,,,,NVIDIA A100-SXM4-40GB MIG 4g.20gb (0),1,,13,cupy_copy__complex64_complex64
20283246043,2048,418777,26,1,1,128,1,1,16,0.000,0.000,,,,,NVIDIA A100-SXM4-40GB MIG 4g.20gb (0),1,,13,cupy_copy__float32_float32
20283289338,2848,418786,103,1,1,128,1,1,16,0.000,0.000,,,,,NVIDIA A100-SXM4-40GB MIG 4g.20gb (0),1,,13,cupy_copy__complex64_complex64
20283364665,12032,418796,1434,1,1,128,1,1,16,0.000,0.000,,,,,NVIDIA A100-SXM4-40GB MIG 4g.20gb (0),1,,13,cupy_copy__complex64_complex64
20283521879,80128,418801,1,1,1,32,32,1,30,0.000,0.000,,,,,NVIDIA A100-SXM4-40GB MIG 4g.20gb (0),1,,13,"void convert_kernel<__half2, float2>(tensor_layout_any, T1 *, tensor_layout_any, const T2 *)"
20283630966,5376,418804,,,,,,,,,,0.094,17428.487,Pinned,Device,NVIDIA A100-SXM4-40GB MIG 4g.20gb (0),1,,13,[CUDA memcpy Host-to-Device]
20283641686,611417,418805,,,,,,,,,,456.561,746477.954,Device,,NVIDIA A100-SXM4-40GB MIG 4g.20gb (0),1,,13,[CUDA memset]
20284256847,51232,418810,,,,,,,,,,1.235,24104.872,Pinned,Device,NVIDIA A100-SXM4-40GB MIG 4g.20gb (0),1,,13,[CUDA memcpy Host-to-Device]
20284313679,9984,418811,,,,,,,,,,0.197,19692.257,Pinned,Device,NVIDIA A100-SXM4-40GB MIG 4g.20gb (0),1,,13,[CUDA memcpy Host-to-Device]
20284358958,14912,418812,69,4,1,48,1,1,76,0.002,0.000,,,,,NVIDIA A100-SXM4-40GB MIG 4g.20gb (0),1,,13,"void ch_est::windowedChEstPreNoDftSOfdmKernel<float, __half, float, (unsigned int)2, (unsigned int)1, (unsigned short)4>(ch_est::puschRxChEstStatDescr_t *, ch_est::puschRxChEstDynDescr_t *)"
20284444557,15520,418813,137,2,1,24,2,1,44,0.001,0.001,,,,,NVIDIA A100-SXM4-40GB MIG 4g.20gb (0),1,,13,"void ch_est::chEstFilterNoDftSOfdmDispatchKernel<float, __half, float, (unsigned int)2>(ch_est::puschRxChEstStatDescr_t *, ch_est::puschRxChEstDynDescr_t *)"
20284769322,14399,418814,137,2,1,24,2,1,44,0.001,0.001,,,,,NVIDIA A100-SXM4-40GB MIG 4g.20gb (0),1,,13,"void ch_est::chEstFilterNoDftSOfdmDispatchKernel<float, __half, float, (unsigned int)2>(ch_est::puschRxChEstStatDescr_t *, ch_est::puschRxChEstDynDescr_t *)"
20284819369,9984,418825,103,1,1,128,1,1,16,0.000,0.000,,,,,NVIDIA A100-SXM4-40GB MIG 4g.20gb (0),1,,13,cupy_copy__complex64_complex64
20285149189,15648,418835,1434,1,1,128,1,1,16,0.000,0.000,,,,,NVIDIA A100-SXM4-40GB MIG 4g.20gb (0),1,,13,cupy_copy__complex64_complex64
20285229828,11008,418842,103,1,1,128,1,1,16,0.000,0.000,,,,,NVIDIA A100-SXM4-40GB MIG 4g.20gb (0),1,,13,cupy_copy__complex64_complex64
20285333219,474331,418849,1,1,1,32,32,1,30,0.000,0.000,,,,,NVIDIA A100-SXM4-40GB MIG 4g.20gb (0),1,,13,"void convert_kernel<__half2, float2>(tensor_layout_any, T1 *, tensor_layout_any, const T2 *)"
20285840606,5440,418852,,,,,,,,,,0.094,17223.480,Pinned,Device,NVIDIA A100-SXM4-40GB MIG 4g.20gb (0),1,,13,[CUDA memcpy Host-to-Device]
20285852605,48448,418853,,,,,,,,,,35.810,739116.749,Device,,NVIDIA A100-SXM4-40GB MIG 4g.20gb (0),1,,13,[CUDA memset]
20285905181,1888,418855,,,,,,,,,,0.000,42.373,Pinned,Device,NVIDIA A100-SXM4-40GB MIG 4g.20gb (0),1,,13,[CUDA memcpy Host-to-Device]
20285909661,9760,418856,,,,,,,,,,0.197,20144.259,Pinned,Device,NVIDIA A100-SXM4-40GB MIG 4g.20gb (0),1,,13,[CUDA memcpy Host-to-Device]
20285923741,8736,418857,273,1,1,48,1,1,40,0.000,0.001,,,,,NVIDIA A100-SXM4-40GB MIG 4g.20gb (0),1,,13,"void pusch_noise_intf_est::noiseIntfEstNoDftSOfdmKernel<float, __half, float, float, (unsigned int)2, (unsigned int)1, (unsigned char)4, (unsigned char)4>(pusch_noise_intf_est::puschRxNoiseIntfEstDynDescr)"
20285934525,2880,418868,35,1,1,128,1,1,16,0.000,0.000,,,,,NVIDIA A100-SXM4-40GB MIG 4g.20gb (0),1,,13,cupy_copy__complex64_complex64
20285957820,1888,418877,1,1,1,1,1,1,18,0.000,0.000,,,,,NVIDIA A100-SXM4-40GB MIG 4g.20gb (0),1,,13,cupy_copy__float32_float32
20285992860,1600,418883,,,,,,,,,,0.000,2.500,Device,Pageable,NVIDIA A100-SXM4-40GB MIG 4g.20gb (0),1,,7,[CUDA memcpy Device-to-Host]
20286052923,13408,418894,1434,1,1,128,1,1,16,0.000,0.000,,,,,NVIDIA A100-SXM4-40GB MIG 4g.20gb (0),1,,13,cupy_copy__complex64_complex64
20286079899,2816,418901,103,1,1,128,1,1,16,0.000,0.000,,,,,NVIDIA A100-SXM4-40GB MIG 4g.20gb (0),1,,13,cupy_copy__complex64_complex64
20286100507,2208,418908,35,1,1,128,1,1,16,0.000,0.000,,,,,NVIDIA A100-SXM4-40GB MIG 4g.20gb (0),1,,13,cupy_copy__complex64_complex64
20286118779,1855,418915,1,1,1,1,1,1,18,0.000,0.000,,,,,NVIDIA A100-SXM4-40GB MIG 4g.20gb (0),1,,13,cupy_copy__float32_float32
20286255225,79839,418926,1,1,1,32,32,1,30,0.000,0.000,,,,,NVIDIA A100-SXM4-40GB MIG 4g.20gb (0),1,,13,"void convert_kernel<__half2, float2>(tensor_layout_any, T1 *, tensor_layout_any, const T2 *)"
20286369912,5472,418929,,,,,,,,,,0.094,17122.757,Pinned,Device,NVIDIA A100-SXM4-40GB MIG 4g.20gb (0),1,,13,[CUDA memcpy Host-to-Device]
20286386648,3199,418930,,,,,,,,,,1.547,483470.023,Device,,NVIDIA A100-SXM4-40GB MIG 4g.20gb (0),1,,13,[CUDA memset]
20286393943,3072,418935,,,,,,,,,,0.031,10187.474,Pinned,Device,NVIDIA A100-SXM4-40GB MIG 4g.20gb (0),1,,13,[CUDA memcpy Host-to-Device]
20286399127,9664,418936,,,,,,,,,,0.197,20344.209,Pinned,Device,NVIDIA A100-SXM4-40GB MIG 4g.20gb (0),1,,13,[CUDA memcpy Host-to-Device]
20286413207,5888,418937,273,1,1,8,4,1,39,0.002,0.000,,,,,NVIDIA A100-SXM4-40GB MIG 4g.20gb (0),1,,13,"void channel_eq::eqMmseCoefCompLowMimoKernel<float, float, float, (unsigned int)4, (unsigned int)1, (unsigned int)4>(const channel_eq::_puschRxChEqStatDescr *, channel_eq::_puschRxChEqCoefCompDynDescr)"
20286420439,5600,418938,273,1,1,12,11,1,51,0.002,0.000,,,,,NVIDIA A100-SXM4-40GB MIG 4g.20gb (0),1,,13,"void channel_eq::eqMmseSoftDemapKernel<float, __half, __half, float, (unsigned int)4, (unsigned short)16383>(channel_eq::_puschRxChEqStatDescr *, channel_eq::_puschRxChEqSoftDemapDynDescr)"
20286428023,452443,418939,1,1,1,32,32,1,30,0.000,0.000,,,,,NVIDIA A100-SXM4-40GB MIG 4g.20gb (0),1,,13,"void convert_kernel<float2, __half2>(tensor_layout_any, T1 *, tensor_layout_any, const T2 *)"
20286956305,13952,418951,2253,1,1,128,1,1,16,0.000,0.000,,,,,NVIDIA A100-SXM4-40GB MIG 4g.20gb (0),1,,13,cupy_copy__float16_float16
20287230510,5312,418960,282,1,1,128,1,1,16,0.000,0.000,,,,,NVIDIA A100-SXM4-40GB MIG 4g.20gb (0),1,,13,cupy_copy__complex64_complex64
20287239054,3072,418969,26,1,1,128,1,1,16,0.000,0.000,,,,,NVIDIA A100-SXM4-40GB MIG 4g.20gb (0),1,,13,cupy_copy__float32_float32
20287313325,4832,418978,103,1,1,128,1,1,16,0.000,0.000,,,,,NVIDIA A100-SXM4-40GB MIG 4g.20gb (0),1,,13,cupy_copy__complex64_complex64
20287320397,13536,418988,1434,1,1,128,1,1,16,0.000,0.000,,,,,NVIDIA A100-SXM4-40GB MIG 4g.20gb (0),1,,13,cupy_copy__complex64_complex64
20287406796,363772,418993,1,1,1,32,32,1,30,0.000,0.000,,,,,NVIDIA A100-SXM4-40GB MIG 4g.20gb (0),1,,13,"void convert_kernel<__half2, float2>(tensor_layout_any, T1 *, tensor_layout_any, const T2 *)"
20287801832,5344,418996,,,,,,,,,,0.094,17532.864,Pinned,Device,NVIDIA A100-SXM4-40GB MIG 4g.20gb (0),1,,13,[CUDA memcpy Host-to-Device]
20287869159,601241,418997,,,,,,,,,,456.561,759261.675,Device,,NVIDIA A100-SXM4-40GB MIG 4g.20gb (0),1,,13,[CUDA memset]
20288473312,52128,419002,,,,,,,,,,1.235,23689.931,Pinned,Device,NVIDIA A100-SXM4-40GB MIG 4g.20gb (0),1,,13,[CUDA memcpy Host-to-Device]
20288528832,10144,419003,,,,,,,,,,0.197,19381.617,Pinned,Device,NVIDIA A100-SXM4-40GB MIG 4g.20gb (0),1,,13,[CUDA memcpy Host-to-Device]
20288659550,14176,419004,69,4,1,48,1,1,76,0.002,0.000,,,,,NVIDIA A100-SXM4-40GB MIG 4g.20gb (0),1,,13,"void ch_est::windowedChEstPreNoDftSOfdmKernel<float, __half, float, (unsigned int)2, (unsigned int)1, (unsigned short)4>(ch_est::puschRxChEstStatDescr_t *, ch_est::puschRxChEstDynDescr_t *)"
20288740477,10496,419005,137,2,1,24,2,1,44,0.001,0.001,,,,,NVIDIA A100-SXM4-40GB MIG 4g.20gb (0),1,,13,"void ch_est::chEstFilterNoDftSOfdmDispatchKernel<float, __half, float, (unsigned int)2>(ch_est::puschRxChEstStatDescr_t *, ch_est::puschRxChEstDynDescr_t *)"
20288834780,14016,419006,137,2,1,24,2,1,44,0.001,0.001,,,,,NVIDIA A100-SXM4-40GB MIG 4g.20gb (0),1,,13,"void ch_est::chEstFilterNoDftSOfdmDispatchKernel<float, __half, float, (unsigned int)2>(ch_est::puschRxChEstStatDescr_t *, ch_est::puschRxChEstDynDescr_t *)"
20288916699,4928,419017,103,1,1,128,1,1,16,0.000,0.000,,,,,NVIDIA A100-SXM4-40GB MIG 4g.20gb (0),1,,13,cupy_copy__complex64_complex64
20288998938,19616,419027,1434,1,1,128,1,1,16,0.000,0.000,,,,,NVIDIA A100-SXM4-40GB MIG 4g.20gb (0),1,,13,cupy_copy__complex64_complex64
20289087225,4832,419034,103,1,1,128,1,1,16,0.000,0.000,,,,,NVIDIA A100-SXM4-40GB MIG 4g.20gb (0),1,,13,cupy_copy__complex64_complex64
20289180216,307741,419041,1,1,1,32,32,1,30,0.000,0.000,,,,,NVIDIA A100-SXM4-40GB MIG 4g.20gb (0),1,,13,"void convert_kernel<__half2, float2>(tensor_layout_any, T1 *, tensor_layout_any, const T2 *)"
20289518709,6016,419044,,,,,,,,,,0.094,15574.430,Pinned,Device,NVIDIA A100-SXM4-40GB MIG 4g.20gb (0),1,,13,[CUDA memcpy Host-to-Device]
20289675027,48863,419045,,,,,,,,,,35.810,732850.013,Device,,NVIDIA A100-SXM4-40GB MIG 4g.20gb (0),1,,13,[CUDA memset]
20289725298,2592,419047,,,,,,,,,,0.000,30.864,Pinned,Device,NVIDIA A100-SXM4-40GB MIG 4g.20gb (0),1,,13,[CUDA memcpy Host-to-Device]
20289730578,10528,419048,,,,,,,,,,0.197,18674.614,Pinned,Device,NVIDIA A100-SXM4-40GB MIG 4g.20gb (0),1,,13,[CUDA memcpy Host-to-Device]
20289800337,10592,419049,273,1,1,48,1,1,40,0.000,0.001,,,,,NVIDIA A100-SXM4-40GB MIG 4g.20gb (0),1,,13,"void pusch_noise_intf_est::noiseIntfEstNoDftSOfdmKernel<float, __half, float, float, (unsigned int)2, (unsigned int)1, (unsigned char)4, (unsigned char)4>(pusch_noise_intf_est::puschRxNoiseIntfEstDynDescr)"
20289887152,3616,419060,35,1,1,128,1,1,16,0.000,0.000,,,,,NVIDIA A100-SXM4-40GB MIG 4g.20gb (0),1,,13,cupy_copy__complex64_complex64
20289893392,2688,419069,1,1,1,1,1,1,18,0.000,0.000,,,,,NVIDIA A100-SXM4-40GB MIG 4g.20gb (0),1,,13,cupy_copy__float32_float32
20289906608,2496,419075,,,,,,,,,,0.000,1.603,Device,Pageable,NVIDIA A100-SXM4-40GB MIG 4g.20gb (0),1,,7,[CUDA memcpy Device-to-Host]
20289974608,15999,419086,1434,1,1,128,1,1,16,0.000,0.000,,,,,NVIDIA A100-SXM4-40GB MIG 4g.20gb (0),1,,13,cupy_copy__complex64_complex64
20290297228,7840,419093,103,1,1,128,1,1,16,0.000,0.000,,,,,NVIDIA A100-SXM4-40GB MIG 4g.20gb (0),1,,13,cupy_copy__complex64_complex64
20292823600,16032,419100,35,1,1,128,1,1,16,0.000,0.000,,,,,NVIDIA A100-SXM4-40GB MIG 4g.20gb (0),1,,13,cupy_copy__complex64_complex64
20292986318,6336,419107,1,1,1,1,1,1,18,0.000,0.000,,,,,NVIDIA A100-SXM4-40GB MIG 4g.20gb (0),1,,13,cupy_copy__float32_float32
20295435251,302524,419118,1,1,1,32,32,1,30,0.000,0.000,,,,,NVIDIA A100-SXM4-40GB MIG 4g.20gb (0),1,,13,"void convert_kernel<__half2, float2>(tensor_layout_any, T1 *, tensor_layout_any, const T2 *)"
20295769263,6144,419121,,,,,,,,,,0.094,15249.961,Pinned,Device,NVIDIA A100-SXM4-40GB MIG 4g.20gb (0),1,,13,[CUDA memcpy Host-to-Device]
20295816142,4768,419122,,,,,,,,,,1.547,324374.998,Device,,NVIDIA A100-SXM4-40GB MIG 4g.20gb (0),1,,13,[CUDA memset]
20295830126,3456,419127,,,,,,,,,,0.031,9055.529,Pinned,Device,NVIDIA A100-SXM4-40GB MIG 4g.20gb (0),1,,13,[CUDA memcpy Host-to-Device]
20295836174,10880,419128,,,,,,,,,,0.197,18070.438,Pinned,Device,NVIDIA A100-SXM4-40GB MIG 4g.20gb (0),1,,13,[CUDA memcpy Host-to-Device]
20295907885,11136,419129,273,1,1,8,4,1,39,0.002,0.000,,,,,NVIDIA A100-SXM4-40GB MIG 4g.20gb (0),1,,13,"void channel_eq::eqMmseCoefCompLowMimoKernel<float, float, float, (unsigned int)4, (unsigned int)1, (unsigned int)4>(const channel_eq::_puschRxChEqStatDescr *, channel_eq::_puschRxChEqCoefCompDynDescr)"
20295999692,11776,419130,273,1,1,12,11,1,51,0.002,0.000,,,,,NVIDIA A100-SXM4-40GB MIG 4g.20gb (0),1,,13,"void channel_eq::eqMmseSoftDemapKernel<float, __half, __half, float, (unsigned int)4, (unsigned short)16383>(channel_eq::_puschRxChEqStatDescr *, channel_eq::_puschRxChEqSoftDemapDynDescr)"
20296165418,869239,419131,1,1,1,32,32,1,30,0.000,0.000,,,,,NVIDIA A100-SXM4-40GB MIG 4g.20gb (0),1,,13,"void convert_kernel<float2, __half2>(tensor_layout_any, T1 *, tensor_layout_any, const T2 *)"
20297178303,14336,419143,2253,1,1,128,1,1,16,0.000,0.000,,,,,NVIDIA A100-SXM4-40GB MIG 4g.20gb (0),1,,13,cupy_copy__float16_float16
20297314014,4768,419152,282,1,1,128,1,1,16,0.000,0.000,,,,,NVIDIA A100-SXM4-40GB MIG 4g.20gb (0),1,,13,cupy_copy__complex64_complex64
20297467196,4672,419161,26,1,1,128,1,1,16,0.000,0.000,,,,,NVIDIA A100-SXM4-40GB MIG 4g.20gb (0),1,,13,cupy_copy__float32_float32
20297596027,11967,419170,103,1,1,128,1,1,16,0.000,0.000,,,,,NVIDIA A100-SXM4-40GB MIG 4g.20gb (0),1,,13,cupy_copy__complex64_complex64
20300270013,44095,419180,1434,1,1,128,1,1,16,0.000,0.000,,,,,NVIDIA A100-SXM4-40GB MIG 4g.20gb (0),1,,13,cupy_copy__complex64_complex64
20300522714,370940,419185,1,1,1,32,32,1,30,0.000,0.000,,,,,NVIDIA A100-SXM4-40GB MIG 4g.20gb (0),1,,13,"void convert_kernel<__half2, float2>(tensor_layout_any, T1 *, tensor_layout_any, const T2 *)"
20300926357,6368,419188,,,,,,,,,,0.094,14713.551,Pinned,Device,NVIDIA A100-SXM4-40GB MIG 4g.20gb (0),1,,13,[CUDA memcpy Host-to-Device]
20303440985,601018,419189,,,,,,,,,,456.561,759261.675,Device,,NVIDIA A100-SXM4-40GB MIG 4g.20gb (0),1,,13,[CUDA memset]
20304048819,49855,419194,,,,,,,,,,1.235,24770.507,Pinned,Device,NVIDIA A100-SXM4-40GB MIG 4g.20gb (0),1,,13,[CUDA memcpy Host-to-Device]
20304101810,9600,419195,,,,,,,,,,0.197,20479.869,Pinned,Device,NVIDIA A100-SXM4-40GB MIG 4g.20gb (0),1,,13,[CUDA memcpy Host-to-Device]
20304196177,8736,419196,69,4,1,48,1,1,76,0.002,0.000,,,,,NVIDIA A100-SXM4-40GB MIG 4g.20gb (0),1,,13,"void ch_est::windowedChEstPreNoDftSOfdmKernel<float, __half, float, (unsigned int)2, (unsigned int)1, (unsigned short)4>(ch_est::puschRxChEstStatDescr_t *, ch_est::puschRxChEstDynDescr_t *)"
20304243728,8160,419197,137,2,1,24,2,1,44,0.001,0.001,,,,,NVIDIA A100-SXM4-40GB MIG 4g.20gb (0),1,,13,"void ch_est::chEstFilterNoDftSOfdmDispatchKernel<float, __half, float, (unsigned int)2>(ch_est::puschRxChEstStatDescr_t *, ch_est::puschRxChEstDynDescr_t *)"
20304279056,7616,419198,137,2,1,24,2,1,44,0.001,0.001,,,,,NVIDIA A100-SXM4-40GB MIG 4g.20gb (0),1,,13,"void ch_est::chEstFilterNoDftSOfdmDispatchKernel<float, __half, float, (unsigned int)2>(ch_est::puschRxChEstStatDescr_t *, ch_est::puschRxChEstDynDescr_t *)"
20304313872,3392,419209,103,1,1,128,1,1,16,0.000,0.000,,,,,NVIDIA A100-SXM4-40GB MIG 4g.20gb (0),1,,13,cupy_copy__complex64_complex64
20304319152,12127,419219,1434,1,1,128,1,1,16,0.000,0.000,,,,,NVIDIA A100-SXM4-40GB MIG 4g.20gb (0),1,,13,cupy_copy__complex64_complex64
20304332591,2496,419226,103,1,1,128,1,1,16,0.000,0.000,,,,,NVIDIA A100-SXM4-40GB MIG 4g.20gb (0),1,,13,cupy_copy__complex64_complex64
20304336591,81055,419233,1,1,1,32,32,1,30,0.000,0.000,,,,,NVIDIA A100-SXM4-40GB MIG 4g.20gb (0),1,,13,"void convert_kernel<__half2, float2>(tensor_layout_any, T1 *, tensor_layout_any, const T2 *)"
20304447086,5376,419236,,,,,,,,,,0.094,17428.487,Pinned,Device,NVIDIA A100-SXM4-40GB MIG 4g.20gb (0),1,,13,[CUDA memcpy Host-to-Device]
20304459502,43135,419237,,,,,,,,,,35.810,830181.375,Device,,NVIDIA A100-SXM4-40GB MIG 4g.20gb (0),1,,13,[CUDA memset]
20304504493,2016,419239,,,,,,,,,,0.000,39.682,Pinned,Device,NVIDIA A100-SXM4-40GB MIG 4g.20gb (0),1,,13,[CUDA memcpy Host-to-Device]
20304508941,9376,419240,,,,,,,,,,0.197,20969.226,Pinned,Device,NVIDIA A100-SXM4-40GB MIG 4g.20gb (0),1,,13,[CUDA memcpy Host-to-Device]
20304523853,8672,419241,273,1,1,48,1,1,40,0.000,0.001,,,,,NVIDIA A100-SXM4-40GB MIG 4g.20gb (0),1,,13,"void pusch_noise_intf_est::noiseIntfEstNoDftSOfdmKernel<float, __half, float, float, (unsigned int)2, (unsigned int)1, (unsigned char)4, (unsigned char)4>(pusch_noise_intf_est::puschRxNoiseIntfEstDynDescr)"
20304713643,4992,419252,35,1,1,128,1,1,16,0.000,0.000,,,,,NVIDIA A100-SXM4-40GB MIG 4g.20gb (0),1,,13,cupy_copy__complex64_complex64
20304720523,3328,419261,1,1,1,1,1,1,18,0.000,0.000,,,,,NVIDIA A100-SXM4-40GB MIG 4g.20gb (0),1,,13,cupy_copy__float32_float32
20304732779,1568,419267,,,,,,,,,,0.000,2.551,Device,Pageable,NVIDIA A100-SXM4-40GB MIG 4g.20gb (0),1,,7,[CUDA memcpy Device-to-Host]
20304919849,17632,419278,1434,1,1,128,1,1,16,0.000,0.000,,,,,NVIDIA A100-SXM4-40GB MIG 4g.20gb (0),1,,13,cupy_copy__complex64_complex64
20304940425,3552,419285,103,1,1,128,1,1,16,0.000,0.000,,,,,NVIDIA A100-SXM4-40GB MIG 4g.20gb (0),1,,13,cupy_copy__complex64_complex64
20305015816,4736,419292,35,1,1,128,1,1,16,0.000,0.000,,,,,NVIDIA A100-SXM4-40GB MIG 4g.20gb (0),1,,13,cupy_copy__complex64_complex64
20305021992,3488,419299,1,1,1,1,1,1,18,0.000,0.000,,,,,NVIDIA A100-SXM4-40GB MIG 4g.20gb (0),1,,13,cupy_copy__float32_float32
20305027080,322204,419310,1,1,1,32,32,1,30,0.000,0.000,,,,,NVIDIA A100-SXM4-40GB MIG 4g.20gb (0),1,,13,"void convert_kernel<__half2, float2>(tensor_layout_any, T1 *, tensor_layout_any, const T2 *)"
20305381444,5440,419313,,,,,,,,,,0.094,17223.480,Pinned,Device,NVIDIA A100-SXM4-40GB MIG 4g.20gb (0),1,,13,[CUDA memcpy Host-to-Device]
20305399779,7168,419314,,,,,,,,,,1.547,215766.421,Device,,NVIDIA A100-SXM4-40GB MIG 4g.20gb (0),1,,13,[CUDA memset]
20305410819,3936,419319,,,,,,,,,,0.031,7951.218,Pinned,Device,NVIDIA A100-SXM4-40GB MIG 4g.20gb (0),1,,13,[CUDA memcpy Host-to-Device]
20305419779,11104,419320,,,,,,,,,,0.197,17705.927,Pinned,Device,NVIDIA A100-SXM4-40GB MIG 4g.20gb (0),1,,13,[CUDA memcpy Host-to-Device]
20305535266,33280,419321,273,1,1,8,4,1,39,0.002,0.000,,,,,NVIDIA A100-SXM4-40GB MIG 4g.20gb (0),1,,13,"void channel_eq::eqMmseCoefCompLowMimoKernel<float, float, float, (unsigned int)4, (unsigned int)1, (unsigned int)4>(const channel_eq::_puschRxChEqStatDescr *, channel_eq::_puschRxChEqCoefCompDynDescr)"
20308381634,18464,419322,273,1,1,12,11,1,51,0.002,0.000,,,,,NVIDIA A100-SXM4-40GB MIG 4g.20gb (0),1,,13,"void channel_eq::eqMmseSoftDemapKernel<float, __half, __half, float, (unsigned int)4, (unsigned short)16383>(channel_eq::_puschRxChEqStatDescr *, channel_eq::_puschRxChEqSoftDemapDynDescr)"
20311300130,661720,419323,1,1,1,32,32,1,30,0.000,0.000,,,,,NVIDIA A100-SXM4-40GB MIG 4g.20gb (0),1,,13,"void convert_kernel<float2, __half2>(tensor_layout_any, T1 *, tensor_layout_any, const T2 *)"
20311966330,13056,419335,2253,1,1,128,1,1,16,0.000,0.000,,,,,NVIDIA A100-SXM4-40GB MIG 4g.20gb (0),1,,13,cupy_copy__float16_float16
20312047481,5440,419344,282,1,1,128,1,1,16,0.000,0.000,,,,,NVIDIA A100-SXM4-40GB MIG 4g.20gb (0),1,,13,cupy_copy__complex64_complex64
20312055353,2272,419353,26,1,1,128,1,1,16,0.000,0.000,,,,,NVIDIA A100-SXM4-40GB MIG 4g.20gb (0),1,,13,cupy_copy__float32_float32
20312118873,6719,419362,103,1,1,128,1,1,16,0.000,0.000,,,,,NVIDIA A100-SXM4-40GB MIG 4g.20gb (0),1,,13,cupy_copy__complex64_complex64
20312127224,14080,419372,1434,1,1,128,1,1,16,0.000,0.000,,,,,NVIDIA A100-SXM4-40GB MIG 4g.20gb (0),1,,13,cupy_copy__complex64_complex64
20312205592,320348,419377,1,1,1,32,32,1,30,0.000,0.000,,,,,NVIDIA A100-SXM4-40GB MIG 4g.20gb (0),1,,13,"void convert_kernel<__half2, float2>(tensor_layout_any, T1 *, tensor_layout_any, const T2 *)"
20312556660,6048,419380,,,,,,,,,,0.094,15491.978,Pinned,Device,NVIDIA A100-SXM4-40GB MIG 4g.20gb (0),1,,13,[CUDA memcpy Host-to-Device]
20312724338,603417,419381,,,,,,,,,,456.561,756522.306,Device,,NVIDIA A100-SXM4-40GB MIG 4g.20gb (0),1,,13,[CUDA memset]
20313330635,54783,419386,,,,,,,,,,1.235,22541.433,Pinned,Device,NVIDIA A100-SXM4-40GB MIG 4g.20gb (0),1,,13,[CUDA memcpy Host-to-Device]
20313388650,10848,419387,,,,,,,,,,0.197,18123.719,Pinned,Device,NVIDIA A100-SXM4-40GB MIG 4g.20gb (0),1,,13,[CUDA memcpy Host-to-Device]
20313609384,14528,419388,69,4,1,48,1,1,76,0.002,0.000,,,,,NVIDIA A100-SXM4-40GB MIG 4g.20gb (0),1,,13,"void ch_est::windowedChEstPreNoDftSOfdmKernel<float, __half, float, (unsigned int)2, (unsigned int)1, (unsigned short)4>(ch_est::puschRxChEstStatDescr_t *, ch_est::puschRxChEstDynDescr_t *)"
20317092513,17216,419389,137,2,1,24,2,1,44,0.001,0.001,,,,,NVIDIA A100-SXM4-40GB MIG 4g.20gb (0),1,,13,"void ch_est::chEstFilterNoDftSOfdmDispatchKernel<float, __half, float, (unsigned int)2>(ch_est::puschRxChEstStatDescr_t *, ch_est::puschRxChEstDynDescr_t *)"
20317278815,12256,419390,137,2,1,24,2,1,44,0.001,0.001,,,,,NVIDIA A100-SXM4-40GB MIG 4g.20gb (0),1,,13,"void ch_est::chEstFilterNoDftSOfdmDispatchKernel<float, __half, float, (unsigned int)2>(ch_est::puschRxChEstStatDescr_t *, ch_est::puschRxChEstDynDescr_t *)"
20320817208,5375,419401,103,1,1,128,1,1,16,0.000,0.000,,,,,NVIDIA A100-SXM4-40GB MIG 4g.20gb (0),1,,13,cupy_copy__complex64_complex64
20320968054,18432,419411,1434,1,1,128,1,1,16,0.000,0.000,,,,,NVIDIA A100-SXM4-40GB MIG 4g.20gb (0),1,,13,cupy_copy__complex64_complex64
20321178739,3424,419418,103,1,1,128,1,1,16,0.000,0.000,,,,,NVIDIA A100-SXM4-40GB MIG 4g.20gb (0),1,,13,cupy_copy__complex64_complex64
20321203187,235550,419425,1,1,1,32,32,1,30,0.000,0.000,,,,,NVIDIA A100-SXM4-40GB MIG 4g.20gb (0),1,,13,"void convert_kernel<__half2, float2>(tensor_layout_any, T1 *, tensor_layout_any, const T2 *)"
20321469968,5856,419428,,,,,,,,,,0.094,15999.997,Pinned,Device,NVIDIA A100-SXM4-40GB MIG 4g.20gb (0),1,,13,[CUDA memcpy Host-to-Device]
20321602959,50431,419429,,,,,,,,,,35.810,710074.904,Device,,NVIDIA A100-SXM4-40GB MIG 4g.20gb (0),1,,13,[CUDA memset]
20321661678,4800,419431,,,,,,,,,,0.000,16.667,Pinned,Device,NVIDIA A100-SXM4-40GB MIG 4g.20gb (0),1,,13,[CUDA memcpy Host-to-Device]
20321669038,9952,419432,,,,,,,,,,0.197,19755.565,Pinned,Device,NVIDIA A100-SXM4-40GB MIG 4g.20gb (0),1,,13,[CUDA memcpy Host-to-Device]
20321698542,11904,419433,273,1,1,48,1,1,40,0.000,0.001,,,,,NVIDIA A100-SXM4-40GB MIG 4g.20gb (0),1,,13,"void pusch_noise_intf_est::noiseIntfEstNoDftSOfdmKernel<float, __half, float, float, (unsigned int)2, (unsigned int)1, (unsigned char)4, (unsigned char)4>(pusch_noise_intf_est::puschRxNoiseIntfEstDynDescr)"
20321711502,2752,419444,35,1,1,128,1,1,16,0.000,0.000,,,,,NVIDIA A100-SXM4-40GB MIG 4g.20gb (0),1,,13,cupy_copy__complex64_complex64
20321715245,1856,419453,1,1,1,1,1,1,18,0.000,0.000,,,,,NVIDIA A100-SXM4-40GB MIG 4g.20gb (0),1,,13,cupy_copy__float32_float32
20321724653,1600,419459,,,,,,,,,,0.000,2.500,Device,Pageable,NVIDIA A100-SXM4-40GB MIG 4g.20gb (0),1,,7,[CUDA memcpy Device-to-Host]
20321806252,15008,419470,1434,1,1,128,1,1,16,0.000,0.000,,,,,NVIDIA A100-SXM4-40GB MIG 4g.20gb (0),1,,13,cupy_copy__complex64_complex64
20321822604,4512,419477,103,1,1,128,1,1,16,0.000,0.000,,,,,NVIDIA A100-SXM4-40GB MIG 4g.20gb (0),1,,13,cupy_copy__complex64_complex64
20321862124,4416,419484,35,1,1,128,1,1,16,0.000,0.000,,,,,NVIDIA A100-SXM4-40GB MIG 4g.20gb (0),1,,13,cupy_copy__complex64_complex64
20321868364,2016,419491,1,1,1,1,1,1,18,0.000,0.000,,,,,NVIDIA A100-SXM4-40GB MIG 4g.20gb (0),1,,13,cupy_copy__float32_float32
20322022794,381724,419502,1,1,1,32,32,1,30,0.000,0.000,,,,,NVIDIA A100-SXM4-40GB MIG 4g.20gb (0),1,,13,"void convert_kernel<__half2, float2>(tensor_layout_any, T1 *, tensor_layout_any, const T2 *)"
20322676035,5440,419505,,,,,,,,,,0.094,17223.480,Pinned,Device,NVIDIA A100-SXM4-40GB MIG 4g.20gb (0),1,,13,[CUDA memcpy Host-to-Device]
20322732386,8288,419506,,,,,,,,,,1.547,186609.465,Device,,NVIDIA A100-SXM4-40GB MIG 4g.20gb (0),1,,13,[CUDA memset]
20323285532,3360,419511,,,,,,,,,,0.031,9314.284,Pinned,Device,NVIDIA A100-SXM4-40GB MIG 4g.20gb (0),1,,13,[CUDA memcpy Host-to-Device]
20323291452,9824,419512,,,,,,,,,,0.197,20012.925,Pinned,Device,NVIDIA A100-SXM4-40GB MIG 4g.20gb (0),1,,13,[CUDA memcpy Host-to-Device]
20325834624,17023,419513,273,1,1,8,4,1,39,0.002,0.000,,,,,NVIDIA A100-SXM4-40GB MIG 4g.20gb (0),1,,13,"void channel_eq::eqMmseCoefCompLowMimoKernel<float, float, float, (unsigned int)4, (unsigned int)1, (unsigned int)4>(const channel_eq::_puschRxChEqStatDescr *, channel_eq::_puschRxChEqCoefCompDynDescr)"
20325919871,14111,419514,273,1,1,12,11,1,51,0.002,0.000,,,,,NVIDIA A100-SXM4-40GB MIG 4g.20gb (0),1,,13,"void channel_eq::eqMmseSoftDemapKernel<float, __half, __half, float, (unsigned int)4, (unsigned short)16383>(channel_eq::_puschRxChEqStatDescr *, channel_eq::_puschRxChEqSoftDemapDynDescr)"
20328799998,682617,419515,1,1,1,32,32,1,30,0.000,0.000,,,,,NVIDIA A100-SXM4-40GB MIG 4g.20gb (0),1,,13,"void convert_kernel<float2, __half2>(tensor_layout_any, T1 *, tensor_layout_any, const T2 *)"
20329576310,14560,419527,2253,1,1,128,1,1,16,0.000,0.000,,,,,NVIDIA A100-SXM4-40GB MIG 4g.20gb (0),1,,13,cupy_copy__float16_float16
20329636949,23392,419536,282,1,1,128,1,1,16,0.000,0.000,,,,,NVIDIA A100-SXM4-40GB MIG 4g.20gb (0),1,,13,cupy_copy__complex64_complex64
20329663093,4864,419545,26,1,1,128,1,1,16,0.000,0.000,,,,,NVIDIA A100-SXM4-40GB MIG 4g.20gb (0),1,,13,cupy_copy__float32_float32
20329804467,8736,419554,103,1,1,128,1,1,16,0.000,0.000,,,,,NVIDIA A100-SXM4-40GB MIG 4g.20gb (0),1,,13,cupy_copy__complex64_complex64
20329853459,36735,419564,1434,1,1,128,1,1,16,0.000,0.000,,,,,NVIDIA A100-SXM4-40GB MIG 4g.20gb (0),1,,13,cupy_copy__complex64_complex64
20329944690,214429,419569,1,1,1,32,32,1,30,0.000,0.000,,,,,NVIDIA A100-SXM4-40GB MIG 4g.20gb (0),1,,13,"void convert_kernel<__half2, float2>(tensor_layout_any, T1 *, tensor_layout_any, const T2 *)"
20330189807,14432,419572,,,,,,,,,,0.094,6492.196,Pinned,Device,NVIDIA A100-SXM4-40GB MIG 4g.20gb (0),1,,13,[CUDA memcpy Host-to-Device]
20330250382,628889,419573,,,,,,,,,,456.561,725932.690,Device,,NVIDIA A100-SXM4-40GB MIG 4g.20gb (0),1,,13,[CUDA memset]
20330887015,62016,419578,,,,,,,,,,1.235,19912.237,Pinned,Device,NVIDIA A100-SXM4-40GB MIG 4g.20gb (0),1,,13,[CUDA memcpy Host-to-Device]
20330952038,10528,419579,,,,,,,,,,0.197,18674.614,Pinned,Device,NVIDIA A100-SXM4-40GB MIG 4g.20gb (0),1,,13,[CUDA memcpy Host-to-Device]
20334312033,22400,419580,69,4,1,48,1,1,76,0.002,0.000,,,,,NVIDIA A100-SXM4-40GB MIG 4g.20gb (0),1,,13,"void ch_est::windowedChEstPreNoDftSOfdmKernel<float, __half, float, (unsigned int)2, (unsigned int)1, (unsigned short)4>(ch_est::puschRxChEstStatDescr_t *, ch_est::puschRxChEstDynDescr_t *)"
20337750395,20607,419581,137,2,1,24,2,1,44,0.001,0.001,,,,,NVIDIA A100-SXM4-40GB MIG 4g.20gb (0),1,,13,"void ch_est::chEstFilterNoDftSOfdmDispatchKernel<float, __half, float, (unsigned int)2>(ch_est::puschRxChEstStatDescr_t *, ch_est::puschRxChEstDynDescr_t *)"
20338058007,18432,419582,137,2,1,24,2,1,44,0.001,0.001,,,,,NVIDIA A100-SXM4-40GB MIG 4g.20gb (0),1,,13,"void ch_est::chEstFilterNoDftSOfdmDispatchKernel<float, __half, float, (unsigned int)2>(ch_est::puschRxChEstStatDescr_t *, ch_est::puschRxChEstDynDescr_t *)"
20338287925,3936,419593,103,1,1,128,1,1,16,0.000,0.000,,,,,NVIDIA A100-SXM4-40GB MIG 4g.20gb (0),1,,13,cupy_copy__complex64_complex64
20338296981,14879,419603,1434,1,1,128,1,1,16,0.000,0.000,,,,,NVIDIA A100-SXM4-40GB MIG 4g.20gb (0),1,,13,cupy_copy__complex64_complex64
20338363060,4736,419610,103,1,1,128,1,1,16,0.000,0.000,,,,,NVIDIA A100-SXM4-40GB MIG 4g.20gb (0),1,,13,cupy_copy__complex64_complex64
20338521042,268221,419617,1,1,1,32,32,1,30,0.000,0.000,,,,,NVIDIA A100-SXM4-40GB MIG 4g.20gb (0),1,,13,"void convert_kernel<__half2, float2>(tensor_layout_any, T1 *, tensor_layout_any, const T2 *)"
20338821359,6304,419620,,,,,,,,,,0.094,14862.903,Pinned,Device,NVIDIA A100-SXM4-40GB MIG 4g.20gb (0),1,,13,[CUDA memcpy Host-to-Device]
20339026380,48608,419621,,,,,,,,,,35.810,736681.674,Device,,NVIDIA A100-SXM4-40GB MIG 4g.20gb (0),1,,13,[CUDA memset]
20339081292,5568,419623,,,,,,,,,,0.000,14.368,Pinned,Device,NVIDIA A100-SXM4-40GB MIG 4g.20gb (0),1,,13,[CUDA memcpy Host-to-Device]
20339091788,12608,419624,,,,,,,,,,0.197,15593.767,Pinned,Device,NVIDIA A100-SXM4-40GB MIG 4g.20gb (0),1,,13,[CUDA memcpy Host-to-Device]
20339291273,15136,419625,273,1,1,48,1,1,40,0.000,0.001,,,,,NVIDIA A100-SXM4-40GB MIG 4g.20gb (0),1,,13,"void pusch_noise_intf_est::noiseIntfEstNoDftSOfdmKernel<float, __half, float, float, (unsigned int)2, (unsigned int)1, (unsigned char)4, (unsigned char)4>(pusch_noise_intf_est::puschRxNoiseIntfEstDynDescr)"
20339507303,3904,419636,35,1,1,128,1,1,16,0.000,0.000,,,,,NVIDIA A100-SXM4-40GB MIG 4g.20gb (0),1,,13,cupy_copy__complex64_complex64
20339682853,3648,419645,1,1,1,1,1,1,18,0.000,0.000,,,,,NVIDIA A100-SXM4-40GB MIG 4g.20gb (0),1,,13,cupy_copy__float32_float32
20339692549,3232,419651,,,,,,,,,,0.000,1.238,Device,Pageable,NVIDIA A100-SXM4-40GB MIG 4g.20gb (0),1,,7,[CUDA memcpy Device-to-Host]
20339987778,17664,419662,1434,1,1,128,1,1,16,0.000,0.000,,,,,NVIDIA A100-SXM4-40GB MIG 4g.20gb (0),1,,13,cupy_copy__complex64_complex64
20340197631,6976,419669,103,1,1,128,1,1,16,0.000,0.000,,,,,NVIDIA A100-SXM4-40GB MIG 4g.20gb (0),1,,13,cupy_copy__complex64_complex64
20340264383,4320,419676,35,1,1,128,1,1,16,0.000,0.000,,,,,NVIDIA A100-SXM4-40GB MIG 4g.20gb (0),1,,13,cupy_copy__complex64_complex64
20340277694,3296,419683,1,1,1,1,1,1,18,0.000,0.000,,,,,NVIDIA A100-SXM4-40GB MIG 4g.20gb (0),1,,13,cupy_copy__float32_float32
20340428797,290909,419694,1,1,1,32,32,1,30,0.000,0.000,,,,,NVIDIA A100-SXM4-40GB MIG 4g.20gb (0),1,,13,"void convert_kernel<__half2, float2>(tensor_layout_any, T1 *, tensor_layout_any, const T2 *)"
20340752825,8928,419697,,,,,,,,,,0.094,10494.608,Pinned,Device,NVIDIA A100-SXM4-40GB MIG 4g.20gb (0),1,,13,[CUDA memcpy Host-to-Device]
20340832888,10400,419698,,,,,,,,,,1.547,148712.537,Device,,NVIDIA A100-SXM4-40GB MIG 4g.20gb (0),1,,13,[CUDA memset]
20340845240,3328,419703,,,,,,,,,,0.031,9403.822,Pinned,Device,NVIDIA A100-SXM4-40GB MIG 4g.20gb (0),1,,13,[CUDA memcpy Host-to-Device]
20340851640,14016,419704,,,,,,,,,,0.197,14027.391,Pinned,Device,NVIDIA A100-SXM4-40GB MIG 4g.20gb (0),1,,13,[CUDA memcpy Host-to-Device]
20340926583,15808,419705,273,1,1,8,4,1,39,0.002,0.000,,,,,NVIDIA A100-SXM4-40GB MIG 4g.20gb (0),1,,13,"void channel_eq::eqMmseCoefCompLowMimoKernel<float, float, float, (unsigned int)4, (unsigned int)1, (unsigned int)4>(const channel_eq::_puschRxChEqStatDescr *, channel_eq::_puschRxChEqCoefCompDynDescr)"
20341111637,17568,419706,273,1,1,12,11,1,51,0.002,0.000,,,,,NVIDIA A100-SXM4-40GB MIG 4g.20gb (0),1,,13,"void channel_eq::eqMmseSoftDemapKernel<float, __half, __half, float, (unsigned int)4, (unsigned short)16383>(channel_eq::_puschRxChEqStatDescr *, channel_eq::_puschRxChEqSoftDemapDynDescr)"
20341345427,724023,419707,1,1,1,32,32,1,30,0.000,0.000,,,,,NVIDIA A100-SXM4-40GB MIG 4g.20gb (0),1,,13,"void convert_kernel<float2, __half2>(tensor_layout_any, T1 *, tensor_layout_any, const T2 *)"
20342322952,19871,419719,2253,1,1,128,1,1,16,0.000,0.000,,,,,NVIDIA A100-SXM4-40GB MIG 4g.20gb (0),1,,13,cupy_copy__float16_float16
20342597125,8544,419728,282,1,1,128,1,1,16,0.000,0.000,,,,,NVIDIA A100-SXM4-40GB MIG 4g.20gb (0),1,,13,cupy_copy__complex64_complex64
20342885953,7520,419737,26,1,1,128,1,1,16,0.000,0.000,,,,,NVIDIA A100-SXM4-40GB MIG 4g.20gb (0),1,,13,cupy_copy__float32_float32
20342942401,9696,419746,103,1,1,128,1,1,16,0.000,0.000,,,,,NVIDIA A100-SXM4-40GB MIG 4g.20gb (0),1,,13,cupy_copy__complex64_complex64
20343278333,25632,419756,1434,1,1,128,1,1,16,0.000,0.000,,,,,NVIDIA A100-SXM4-40GB MIG 4g.20gb (0),1,,13,cupy_copy__complex64_complex64
20343739992,334300,419761,1,1,1,32,32,1,30,0.000,0.000,,,,,NVIDIA A100-SXM4-40GB MIG 4g.20gb (0),1,,13,"void convert_kernel<__half2, float2>(tensor_layout_any, T1 *, tensor_layout_any, const T2 *)"
20344118004,9600,419764,,,,,,,,,,0.094,9759.938,Pinned,Device,NVIDIA A100-SXM4-40GB MIG 4g.20gb (0),1,,13,[CUDA memcpy Host-to-Device]
20344581454,619418,419765,,,,,,,,,,456.561,736890.164,Device,,NVIDIA A100-SXM4-40GB MIG 4g.20gb (0),1,,13,[CUDA memset]
20345208327,56800,419770,,,,,,,,,,1.235,21741.189,Pinned,Device,NVIDIA A100-SXM4-40GB MIG 4g.20gb (0),1,,13,[CUDA memcpy Host-to-Device]
20345268327,11104,419771,,,,,,,,,,0.197,17705.927,Pinned,Device,NVIDIA A100-SXM4-40GB MIG 4g.20gb (0),1,,13,[CUDA memcpy Host-to-Device]
20345524932,13120,419772,69,4,1,48,1,1,76,0.002,0.000,,,,,NVIDIA A100-SXM4-40GB MIG 4g.20gb (0),1,,13,"void ch_est::windowedChEstPreNoDftSOfdmKernel<float, __half, float, (unsigned int)2, (unsigned int)1, (unsigned short)4>(ch_est::puschRxChEstStatDescr_t *, ch_est::puschRxChEstDynDescr_t *)"
20345708418,12096,419773,137,2,1,24,2,1,44,0.001,0.001,,,,,NVIDIA A100-SXM4-40GB MIG 4g.20gb (0),1,,13,"void ch_est::chEstFilterNoDftSOfdmDispatchKernel<float, __half, float, (unsigned int)2>(ch_est::puschRxChEstStatDescr_t *, ch_est::puschRxChEstDynDescr_t *)"
20345817601,8256,419774,137,2,1,24,2,1,44,0.001,0.001,,,,,NVIDIA A100-SXM4-40GB MIG 4g.20gb (0),1,,13,"void ch_est::chEstFilterNoDftSOfdmDispatchKernel<float, __half, float, (unsigned int)2>(ch_est::puschRxChEstStatDescr_t *, ch_est::puschRxChEstDynDescr_t *)"
20345926367,3680,419785,103,1,1,128,1,1,16,0.000,0.000,,,,,NVIDIA A100-SXM4-40GB MIG 4g.20gb (0),1,,13,cupy_copy__complex64_complex64
20346049726,48416,419795,1434,1,1,128,1,1,16,0.000,0.000,,,,,NVIDIA A100-SXM4-40GB MIG 4g.20gb (0),1,,13,cupy_copy__complex64_complex64
20346103485,3552,419802,103,1,1,128,1,1,16,0.000,0.000,,,,,NVIDIA A100-SXM4-40GB MIG 4g.20gb (0),1,,13,cupy_copy__complex64_complex64
20346114877,262461,419809,1,1,1,32,32,1,30,0.000,0.000,,,,,NVIDIA A100-SXM4-40GB MIG 4g.20gb (0),1,,13,"void convert_kernel<__half2, float2>(tensor_layout_any, T1 *, tensor_layout_any, const T2 *)"
20346406458,5504,419812,,,,,,,,,,0.094,17023.251,Pinned,Device,NVIDIA A100-SXM4-40GB MIG 4g.20gb (0),1,,13,[CUDA memcpy Host-to-Device]
20346573560,52000,419813,,,,,,,,,,35.810,688624.762,Device,,NVIDIA A100-SXM4-40GB MIG 4g.20gb (0),1,,13,[CUDA memset]
20346630648,4416,419815,,,,,,,,,,0.000,18.116,Pinned,Device,NVIDIA A100-SXM4-40GB MIG 4g.20gb (0),1,,13,[CUDA memcpy Host-to-Device]
20346637496,10271,419816,,,,,,,,,,0.197,19141.951,Pinned,Device,NVIDIA A100-SXM4-40GB MIG 4g.20gb (0),1,,13,[CUDA memcpy Host-to-Device]
20347003315,39616,419817,273,1,1,48,1,1,40,0.000,0.001,,,,,NVIDIA A100-SXM4-40GB MIG 4g.20gb (0),1,,13,"void pusch_noise_intf_est::noiseIntfEstNoDftSOfdmKernel<float, __half, float, float, (unsigned int)2, (unsigned int)1, (unsigned char)4, (unsigned char)4>(pusch_noise_intf_est::puschRxNoiseIntfEstDynDescr)"
20347206225,5088,419828,35,1,1,128,1,1,16,0.000,0.000,,,,,NVIDIA A100-SXM4-40GB MIG 4g.20gb (0),1,,13,cupy_copy__complex64_complex64
20347370959,5888,419837,1,1,1,1,1,1,18,0.000,0.000,,,,,NVIDIA A100-SXM4-40GB MIG 4g.20gb (0),1,,13,cupy_copy__float32_float32
20347384463,3520,419843,,,,,,,,,,0.000,1.136,Device,Pageable,NVIDIA A100-SXM4-40GB MIG 4g.20gb (0),1,,7,[CUDA memcpy Device-to-Host]
20347575597,16832,419854,1434,1,1,128,1,1,16,0.000,0.000,,,,,NVIDIA A100-SXM4-40GB MIG 4g.20gb (0),1,,13,cupy_copy__complex64_complex64
20347768139,7840,419861,103,1,1,128,1,1,16,0.000,0.000,,,,,NVIDIA A100-SXM4-40GB MIG 4g.20gb (0),1,,13,cupy_copy__complex64_complex64
20347928201,7136,419868,35,1,1,128,1,1,16,0.000,0.000,,,,,NVIDIA A100-SXM4-40GB MIG 4g.20gb (0),1,,13,cupy_copy__complex64_complex64
20348185702,5280,419875,1,1,1,1,1,1,18,0.000,0.000,,,,,NVIDIA A100-SXM4-40GB MIG 4g.20gb (0),1,,13,cupy_copy__float32_float32
20348364068,289277,419886,1,1,1,32,32,1,30,0.000,0.000,,,,,NVIDIA A100-SXM4-40GB MIG 4g.20gb (0),1,,13,"void convert_kernel<__half2, float2>(tensor_layout_any, T1 *, tensor_layout_any, const T2 *)"
20348685313,6816,419889,,,,,,,,,,0.094,13746.421,Pinned,Device,NVIDIA A100-SXM4-40GB MIG 4g.20gb (0),1,,13,[CUDA memcpy Host-to-Device]
20348977405,4672,419890,,,,,,,,,,1.547,331040.948,Device,,NVIDIA A100-SXM4-40GB MIG 4g.20gb (0),1,,13,[CUDA memset]
20348988957,5088,419895,,,,,,,,,,0.031,6150.916,Pinned,Device,NVIDIA A100-SXM4-40GB MIG 4g.20gb (0),1,,13,[CUDA memcpy Host-to-Device]
20348997629,11904,419896,,,,,,,,,,0.197,16516.055,Pinned,Device,NVIDIA A100-SXM4-40GB MIG 4g.20gb (0),1,,13,[CUDA memcpy Host-to-Device]
20349250714,31552,419897,273,1,1,8,4,1,39,0.002,0.000,,,,,NVIDIA A100-SXM4-40GB MIG 4g.20gb (0),1,,13,"void channel_eq::eqMmseCoefCompLowMimoKernel<float, float, float, (unsigned int)4, (unsigned int)1, (unsigned int)4>(const channel_eq::_puschRxChEqStatDescr *, channel_eq::_puschRxChEqCoefCompDynDescr)"
20349484728,11616,419898,273,1,1,12,11,1,51,0.002,0.000,,,,,NVIDIA A100-SXM4-40GB MIG 4g.20gb (0),1,,13,"void channel_eq::eqMmseSoftDemapKernel<float, __half, __half, float, (unsigned int)4, (unsigned short)16383>(channel_eq::_puschRxChEqStatDescr *, channel_eq::_puschRxChEqSoftDemapDynDescr)"
20349826708,738904,419899,1,1,1,32,32,1,30,0.000,0.000,,,,,NVIDIA A100-SXM4-40GB MIG 4g.20gb (0),1,,13,"void convert_kernel<float2, __half2>(tensor_layout_any, T1 *, tensor_layout_any, const T2 *)"
20350652331,14464,419911,2253,1,1,128,1,1,16,0.000,0.000,,,,,NVIDIA A100-SXM4-40GB MIG 4g.20gb (0),1,,13,cupy_copy__float16_float16
20350754154,5152,419920,282,1,1,128,1,1,16,0.000,0.000,,,,,NVIDIA A100-SXM4-40GB MIG 4g.20gb (0),1,,13,cupy_copy__complex64_complex64
20350761642,2944,419929,26,1,1,128,1,1,16,0.000,0.000,,,,,NVIDIA A100-SXM4-40GB MIG 4g.20gb (0),1,,13,cupy_copy__float32_float32
20350850313,4991,419938,103,1,1,128,1,1,16,0.000,0.000,,,,,NVIDIA A100-SXM4-40GB MIG 4g.20gb (0),1,,13,cupy_copy__complex64_complex64
20350856744,17088,419948,1434,1,1,128,1,1,16,0.000,0.000,,,,,NVIDIA A100-SXM4-40GB MIG 4g.20gb (0),1,,13,cupy_copy__complex64_complex64
20350951463,322973,419953,1,1,1,32,32,1,30,0.000,0.000,,,,,NVIDIA A100-SXM4-40GB MIG 4g.20gb (0),1,,13,"void convert_kernel<__half2, float2>(tensor_layout_any, T1 *, tensor_layout_any, const T2 *)"
20351305891,6336,419956,,,,,,,,,,0.094,14787.852,Pinned,Device,NVIDIA A100-SXM4-40GB MIG 4g.20gb (0),1,,13,[CUDA memcpy Host-to-Device]
20351484065,612922,419957,,,,,,,,,,456.561,744651.709,Device,,NVIDIA A100-SXM4-40GB MIG 4g.20gb (0),1,,13,[CUDA memset]
20352100827,52703,419962,,,,,,,,,,1.235,23431.827,Pinned,Device,NVIDIA A100-SXM4-40GB MIG 4g.20gb (0),1,,13,[CUDA memcpy Host-to-Device]
20352156186,10048,419963,,,,,,,,,,0.197,19566.821,Pinned,Device,NVIDIA A100-SXM4-40GB MIG 4g.20gb (0),1,,13,[CUDA memcpy Host-to-Device]
20352345144,17088,419964,69,4,1,48,1,1,76,0.002,0.000,,,,,NVIDIA A100-SXM4-40GB MIG 4g.20gb (0),1,,13,"void ch_est::windowedChEstPreNoDftSOfdmKernel<float, __half, float, (unsigned int)2, (unsigned int)1, (unsigned short)4>(ch_est::puschRxChEstStatDescr_t *, ch_est::puschRxChEstDynDescr_t *)"
20352542966,14880,419965,137,2,1,24,2,1,44,0.001,0.001,,,,,NVIDIA A100-SXM4-40GB MIG 4g.20gb (0),1,,13,"void ch_est::chEstFilterNoDftSOfdmDispatchKernel<float, __half, float, (unsigned int)2>(ch_est::puschRxChEstStatDescr_t *, ch_est::puschRxChEstDynDescr_t *)"
20352799187,19936,419966,137,2,1,24,2,1,44,0.001,0.001,,,,,NVIDIA A100-SXM4-40GB MIG 4g.20gb (0),1,,13,"void ch_est::chEstFilterNoDftSOfdmDispatchKernel<float, __half, float, (unsigned int)2>(ch_est::puschRxChEstStatDescr_t *, ch_est::puschRxChEstDynDescr_t *)"
20353087984,4736,419977,103,1,1,128,1,1,16,0.000,0.000,,,,,NVIDIA A100-SXM4-40GB MIG 4g.20gb (0),1,,13,cupy_copy__complex64_complex64
20353176143,20095,419987,1434,1,1,128,1,1,16,0.000,0.000,,,,,NVIDIA A100-SXM4-40GB MIG 4g.20gb (0),1,,13,cupy_copy__complex64_complex64
20353449260,4032,419994,103,1,1,128,1,1,16,0.000,0.000,,,,,NVIDIA A100-SXM4-40GB MIG 4g.20gb (0),1,,13,cupy_copy__complex64_complex64
20353543563,364155,420001,1,1,1,32,32,1,30,0.000,0.000,,,,,NVIDIA A100-SXM4-40GB MIG 4g.20gb (0),1,,13,"void convert_kernel<__half2, float2>(tensor_layout_any, T1 *, tensor_layout_any, const T2 *)"
20353938054,5376,420004,,,,,,,,,,0.094,17428.487,Pinned,Device,NVIDIA A100-SXM4-40GB MIG 4g.20gb (0),1,,13,[CUDA memcpy Host-to-Device]
20353950758,48063,420005,,,,,,,,,,35.810,745061.196,Device,,NVIDIA A100-SXM4-40GB MIG 4g.20gb (0),1,,13,[CUDA memset]
20354002853,1824,420007,,,,,,,,,,0.000,43.860,Pinned,Device,NVIDIA A100-SXM4-40GB MIG 4g.20gb (0),1,,13,[CUDA memcpy Host-to-Device]
20354007269,9376,420008,,,,,,,,,,0.197,20969.226,Pinned,Device,NVIDIA A100-SXM4-40GB MIG 4g.20gb (0),1,,13,[CUDA memcpy Host-to-Device]
20354020453,9024,420009,273,1,1,48,1,1,40,0.000,0.001,,,,,NVIDIA A100-SXM4-40GB MIG 4g.20gb (0),1,,13,"void pusch_noise_intf_est::noiseIntfEstNoDftSOfdmKernel<float, __half, float, float, (unsigned int)2, (unsigned int)1, (unsigned char)4, (unsigned char)4>(pusch_noise_intf_est::puschRxNoiseIntfEstDynDescr)"
20354031525,2912,420020,35,1,1,128,1,1,16,0.000,0.000,,,,,NVIDIA A100-SXM4-40GB MIG 4g.20gb (0),1,,13,cupy_copy__complex64_complex64
20354058725,1888,420029,1,1,1,1,1,1,18,0.000,0.000,,,,,NVIDIA A100-SXM4-40GB MIG 4g.20gb (0),1,,13,cupy_copy__float32_float32
20354102532,1568,420035,,,,,,,,,,0.000,2.551,Device,Pageable,NVIDIA A100-SXM4-40GB MIG 4g.20gb (0),1,,7,[CUDA memcpy Device-to-Host]
20354171204,13215,420046,1434,1,1,128,1,1,16,0.000,0.000,,,,,NVIDIA A100-SXM4-40GB MIG 4g.20gb (0),1,,13,cupy_copy__complex64_complex64
20354204707,2816,420053,103,1,1,128,1,1,16,0.000,0.000,,,,,NVIDIA A100-SXM4-40GB MIG 4g.20gb (0),1,,13,cupy_copy__complex64_complex64
20354228195,2208,420060,35,1,1,128,1,1,16,0.000,0.000,,,,,NVIDIA A100-SXM4-40GB MIG 4g.20gb (0),1,,13,cupy_copy__complex64_complex64
20354250851,1920,420067,1,1,1,1,1,1,18,0.000,0.000,,,,,NVIDIA A100-SXM4-40GB MIG 4g.20gb (0),1,,13,cupy_copy__float32_float32
20354394721,79231,420078,1,1,1,32,32,1,30,0.000,0.000,,,,,NVIDIA A100-SXM4-40GB MIG 4g.20gb (0),1,,13,"void convert_kernel<__half2, float2>(tensor_layout_any, T1 *, tensor_layout_any, const T2 *)"
20354504192,6176,420081,,,,,,,,,,0.094,15170.975,Pinned,Device,NVIDIA A100-SXM4-40GB MIG 4g.20gb (0),1,,13,[CUDA memcpy Host-to-Device]
20354539423,4832,420082,,,,,,,,,,1.547,320078.477,Device,,NVIDIA A100-SXM4-40GB MIG 4g.20gb (0),1,,13,[CUDA memset]
20354552799,4448,420087,,,,,,,,,,0.031,7035.967,Pinned,Device,NVIDIA A100-SXM4-40GB MIG 4g.20gb (0),1,,13,[CUDA memcpy Host-to-Device]
20354559743,9920,420088,,,,,,,,,,0.197,19819.266,Pinned,Device,NVIDIA A100-SXM4-40GB MIG 4g.20gb (0),1,,13,[CUDA memcpy Host-to-Device]
20354618527,11711,420089,273,1,1,8,4,1,39,0.002,0.000,,,,,NVIDIA A100-SXM4-40GB MIG 4g.20gb (0),1,,13,"void channel_eq::eqMmseCoefCompLowMimoKernel<float, float, float, (unsigned int)4, (unsigned int)1, (unsigned int)4>(const channel_eq::_puschRxChEqStatDescr *, channel_eq::_puschRxChEqCoefCompDynDescr)"
20354699422,12191,420090,273,1,1,12,11,1,51,0.002,0.000,,,,,NVIDIA A100-SXM4-40GB MIG 4g.20gb (0),1,,13,"void channel_eq::eqMmseSoftDemapKernel<float, __half, __half, float, (unsigned int)4, (unsigned short)16383>(channel_eq::_puschRxChEqStatDescr *, channel_eq::_puschRxChEqSoftDemapDynDescr)"
20354712573,676089,420091,1,1,1,32,32,1,30,0.000,0.000,,,,,NVIDIA A100-SXM4-40GB MIG 4g.20gb (0),1,,13,"void convert_kernel<float2, __half2>(tensor_layout_any, T1 *, tensor_layout_any, const T2 *)"
20355565844,21792,420103,2253,1,1,128,1,1,16,0.000,0.000,,,,,NVIDIA A100-SXM4-40GB MIG 4g.20gb (0),1,,13,cupy_copy__float16_float16
20355655603,5856,420112,282,1,1,128,1,1,16,0.000,0.000,,,,,NVIDIA A100-SXM4-40GB MIG 4g.20gb (0),1,,13,cupy_copy__complex64_complex64
20355713394,7136,420121,26,1,1,128,1,1,16,0.000,0.000,,,,,NVIDIA A100-SXM4-40GB MIG 4g.20gb (0),1,,13,cupy_copy__float32_float32
20355799409,10144,420130,103,1,1,128,1,1,16,0.000,0.000,,,,,NVIDIA A100-SXM4-40GB MIG 4g.20gb (0),1,,13,cupy_copy__complex64_complex64
20355944688,21311,420140,1434,1,1,128,1,1,16,0.000,0.000,,,,,NVIDIA A100-SXM4-40GB MIG 4g.20gb (0),1,,13,cupy_copy__complex64_complex64
20356220365,437307,420145,1,1,1,32,32,1,30,0.000,0.000,,,,,NVIDIA A100-SXM4-40GB MIG 4g.20gb (0),1,,13,"void convert_kernel<__half2, float2>(tensor_layout_any, T1 *, tensor_layout_any, const T2 *)"
20356728839,6144,420148,,,,,,,,,,0.094,15249.961,Pinned,Device,NVIDIA A100-SXM4-40GB MIG 4g.20gb (0),1,,13,[CUDA memcpy Host-to-Device]
20356808230,616729,420149,,,,,,,,,,456.561,740086.094,Device,,NVIDIA A100-SXM4-40GB MIG 4g.20gb (0),1,,13,[CUDA memset]
20357426687,50880,420154,,,,,,,,,,1.235,24271.589,Pinned,Device,NVIDIA A100-SXM4-40GB MIG 4g.20gb (0),1,,13,[CUDA memcpy Host-to-Device]
20357480607,9919,420155,,,,,,,,,,0.197,19821.232,Pinned,Device,NVIDIA A100-SXM4-40GB MIG 4g.20gb (0),1,,13,[CUDA memcpy Host-to-Device]
20357573022,16415,420156,69,4,1,48,1,1,76,0.002,0.000,,,,,NVIDIA A100-SXM4-40GB MIG 4g.20gb (0),1,,13,"void ch_est::windowedChEstPreNoDftSOfdmKernel<float, __half, float, (unsigned int)2, (unsigned int)1, (unsigned short)4>(ch_est::puschRxChEstStatDescr_t *, ch_est::puschRxChEstDynDescr_t *)"
20357733308,16736,420157,137,2,1,24,2,1,44,0.001,0.001,,,,,NVIDIA A100-SXM4-40GB MIG 4g.20gb (0),1,,13,"void ch_est::chEstFilterNoDftSOfdmDispatchKernel<float, __half, float, (unsigned int)2>(ch_est::puschRxChEstStatDescr_t *, ch_est::puschRxChEstDynDescr_t *)"
20357760091,5568,420158,137,2,1,24,2,1,44,0.001,0.001,,,,,NVIDIA A100-SXM4-40GB MIG 4g.20gb (0),1,,13,"void ch_est::chEstFilterNoDftSOfdmDispatchKernel<float, __half, float, (unsigned int)2>(ch_est::puschRxChEstStatDescr_t *, ch_est::puschRxChEstDynDescr_t *)"
20357767131,2560,420169,103,1,1,128,1,1,16,0.000,0.000,,,,,NVIDIA A100-SXM4-40GB MIG 4g.20gb (0),1,,13,cupy_copy__complex64_complex64
20357771131,12608,420179,1434,1,1,128,1,1,16,0.000,0.000,,,,,NVIDIA A100-SXM4-40GB MIG 4g.20gb (0),1,,13,cupy_copy__complex64_complex64
20357785371,2560,420186,103,1,1,128,1,1,16,0.000,0.000,,,,,NVIDIA A100-SXM4-40GB MIG 4g.20gb (0),1,,13,cupy_copy__complex64_complex64
20357789659,84287,420193,1,1,1,32,32,1,30,0.000,0.000,,,,,NVIDIA A100-SXM4-40GB MIG 4g.20gb (0),1,,13,"void convert_kernel<__half2, float2>(tensor_layout_any, T1 *, tensor_layout_any, const T2 *)"
20357904858,5760,420196,,,,,,,,,,0.094,16266.656,Pinned,Device,NVIDIA A100-SXM4-40GB MIG 4g.20gb (0),1,,13,[CUDA memcpy Host-to-Device]
20357915354,45343,420197,,,,,,,,,,35.810,789751.976,Device,,NVIDIA A100-SXM4-40GB MIG 4g.20gb (0),1,,13,[CUDA memset]
20357968761,2240,420199,,,,,,,,,,0.000,35.714,Pinned,Device,NVIDIA A100-SXM4-40GB MIG 4g.20gb (0),1,,13,[CUDA memcpy Host-to-Device]
20357975417,9600,420200,,,,,,,,,,0.197,20479.869,Pinned,Device,NVIDIA A100-SXM4-40GB MIG 4g.20gb (0),1,,13,[CUDA memcpy Host-to-Device]
20358009849,16544,420201,273,1,1,48,1,1,40,0.000,0.001,,,,,NVIDIA A100-SXM4-40GB MIG 4g.20gb (0),1,,13,"void pusch_noise_intf_est::noiseIntfEstNoDftSOfdmKernel<float, __half, float, float, (unsigned int)2, (unsigned int)1, (unsigned char)4, (unsigned char)4>(pusch_noise_intf_est::puschRxNoiseIntfEstDynDescr)"
20358028472,3296,420212,35,1,1,128,1,1,16,0.000,0.000,,,,,NVIDIA A100-SXM4-40GB MIG 4g.20gb (0),1,,13,cupy_copy__complex64_complex64
20358033880,1888,420221,1,1,1,1,1,1,18,0.000,0.000,,,,,NVIDIA A100-SXM4-40GB MIG 4g.20gb (0),1,,13,cupy_copy__float32_float32
20358064920,1568,420227,,,,,,,,,,0.000,2.551,Device,Pageable,NVIDIA A100-SXM4-40GB MIG 4g.20gb (0),1,,7,[CUDA memcpy Device-to-Host]
20358129015,14400,420238,1434,1,1,128,1,1,16,0.000,0.000,,,,,NVIDIA A100-SXM4-40GB MIG 4g.20gb (0),1,,13,cupy_copy__complex64_complex64
20358192599,5024,420245,103,1,1,128,1,1,16,0.000,0.000,,,,,NVIDIA A100-SXM4-40GB MIG 4g.20gb (0),1,,13,cupy_copy__complex64_complex64
20358199735,2304,420252,35,1,1,128,1,1,16,0.000,0.000,,,,,NVIDIA A100-SXM4-40GB MIG 4g.20gb (0),1,,13,cupy_copy__complex64_complex64
20358241014,3040,420259,1,1,1,1,1,1,18,0.000,0.000,,,,,NVIDIA A100-SXM4-40GB MIG 4g.20gb (0),1,,13,cupy_copy__float32_float32
20358342229,298909,420270,1,1,1,32,32,1,30,0.000,0.000,,,,,NVIDIA A100-SXM4-40GB MIG 4g.20gb (0),1,,13,"void convert_kernel<__half2, float2>(tensor_layout_any, T1 *, tensor_layout_any, const T2 *)"
20358670705,6304,420273,,,,,,,,,,0.094,14862.903,Pinned,Device,NVIDIA A100-SXM4-40GB MIG 4g.20gb (0),1,,13,[CUDA memcpy Host-to-Device]
20358777232,5536,420274,,,,,,,,,,1.547,279374.426,Device,,NVIDIA A100-SXM4-40GB MIG 4g.20gb (0),1,,13,[CUDA memset]
20358786544,3648,420279,,,,,,,,,,0.031,8578.922,Pinned,Device,NVIDIA A100-SXM4-40GB MIG 4g.20gb (0),1,,13,[CUDA memcpy Host-to-Device]
20358793200,9472,420280,,,,,,,,,,0.197,20756.693,Pinned,Device,NVIDIA A100-SXM4-40GB MIG 4g.20gb (0),1,,13,[CUDA memcpy Host-to-Device]
20359075597,19520,420281,273,1,1,8,4,1,39,0.002,0.000,,,,,NVIDIA A100-SXM4-40GB MIG 4g.20gb (0),1,,13,"void channel_eq::eqMmseCoefCompLowMimoKernel<float, float, float, (unsigned int)4, (unsigned int)1, (unsigned int)4>(const channel_eq::_puschRxChEqStatDescr *, channel_eq::_puschRxChEqCoefCompDynDescr)"
20359387817,11616,420282,273,1,1,12,11,1,51,0.002,0.000,,,,,NVIDIA A100-SXM4-40GB MIG 4g.20gb (0),1,,13,"void channel_eq::eqMmseSoftDemapKernel<float, __half, __half, float, (unsigned int)4, (unsigned short)16383>(channel_eq::_puschRxChEqStatDescr *, channel_eq::_puschRxChEqSoftDemapDynDescr)"
20359578695,710456,420283,1,1,1,32,32,1,30,0.000,0.000,,,,,NVIDIA A100-SXM4-40GB MIG 4g.20gb (0),1,,13,"void convert_kernel<float2, __half2>(tensor_layout_any, T1 *, tensor_layout_any, const T2 *)"
20360425726,13472,420295,2253,1,1,128,1,1,16,0.000,0.000,,,,,NVIDIA A100-SXM4-40GB MIG 4g.20gb (0),1,,13,cupy_copy__float16_float16
20360539420,4640,420304,282,1,1,128,1,1,16,0.000,0.000,,,,,NVIDIA A100-SXM4-40GB MIG 4g.20gb (0),1,,13,cupy_copy__complex64_complex64
20360748794,3808,420313,26,1,1,128,1,1,16,0.000,0.000,,,,,NVIDIA A100-SXM4-40GB MIG 4g.20gb (0),1,,13,cupy_copy__float32_float32
20360852633,4672,420322,103,1,1,128,1,1,16,0.000,0.000,,,,,NVIDIA A100-SXM4-40GB MIG 4g.20gb (0),1,,13,cupy_copy__complex64_complex64
20360958616,16864,420332,1434,1,1,128,1,1,16,0.000,0.000,,,,,NVIDIA A100-SXM4-40GB MIG 4g.20gb (0),1,,13,cupy_copy__complex64_complex64
20361081334,186430,420337,1,1,1,32,32,1,30,0.000,0.000,,,,,NVIDIA A100-SXM4-40GB MIG 4g.20gb (0),1,,13,"void convert_kernel<__half2, float2>(tensor_layout_any, T1 *, tensor_layout_any, const T2 *)"
20361297780,5344,420340,,,,,,,,,,0.094,17532.864,Pinned,Device,NVIDIA A100-SXM4-40GB MIG 4g.20gb (0),1,,13,[CUDA memcpy Host-to-Device]
20361308500,605881,420341,,,,,,,,,,456.561,753326.376,Device,,NVIDIA A100-SXM4-40GB MIG 4g.20gb (0),1,,13,[CUDA memset]
20361921389,50560,420346,,,,,,,,,,1.235,24424.722,Pinned,Device,NVIDIA A100-SXM4-40GB MIG 4g.20gb (0),1,,13,[CUDA memcpy Host-to-Device]
20361974540,9760,420347,,,,,,,,,,0.197,20144.259,Pinned,Device,NVIDIA A100-SXM4-40GB MIG 4g.20gb (0),1,,13,[CUDA memcpy Host-to-Device]
20362065163,10720,420348,69,4,1,48,1,1,76,0.002,0.000,,,,,NVIDIA A100-SXM4-40GB MIG 4g.20gb (0),1,,13,"void ch_est::windowedChEstPreNoDftSOfdmKernel<float, __half, float, (unsigned int)2, (unsigned int)1, (unsigned short)4>(ch_est::puschRxChEstStatDescr_t *, ch_est::puschRxChEstDynDescr_t *)"
20362266313,23264,420349,137,2,1,24,2,1,44,0.001,0.001,,,,,NVIDIA A100-SXM4-40GB MIG 4g.20gb (0),1,,13,"void ch_est::chEstFilterNoDftSOfdmDispatchKernel<float, __half, float, (unsigned int)2>(ch_est::puschRxChEstStatDescr_t *, ch_est::puschRxChEstDynDescr_t *)"
20362364328,14656,420350,137,2,1,24,2,1,44,0.001,0.001,,,,,NVIDIA A100-SXM4-40GB MIG 4g.20gb (0),1,,13,"void ch_est::chEstFilterNoDftSOfdmDispatchKernel<float, __half, float, (unsigned int)2>(ch_est::puschRxChEstStatDescr_t *, ch_est::puschRxChEstDynDescr_t *)"
20362460967,8288,420361,103,1,1,128,1,1,16,0.000,0.000,,,,,NVIDIA A100-SXM4-40GB MIG 4g.20gb (0),1,,13,cupy_copy__complex64_complex64
20362597030,18719,420371,1434,1,1,128,1,1,16,0.000,0.000,,,,,NVIDIA A100-SXM4-40GB MIG 4g.20gb (0),1,,13,cupy_copy__complex64_complex64
20362810243,4160,420378,103,1,1,128,1,1,16,0.000,0.000,,,,,NVIDIA A100-SXM4-40GB MIG 4g.20gb (0),1,,13,cupy_copy__complex64_complex64
20362998913,333116,420385,1,1,1,32,32,1,30,0.000,0.000,,,,,NVIDIA A100-SXM4-40GB MIG 4g.20gb (0),1,,13,"void convert_kernel<__half2, float2>(tensor_layout_any, T1 *, tensor_layout_any, const T2 *)"
20363361021,10080,420388,,,,,,,,,,0.094,9295.205,Pinned,Device,NVIDIA A100-SXM4-40GB MIG 4g.20gb (0),1,,13,[CUDA memcpy Host-to-Device]
20363495196,50879,420389,,,,,,,,,,35.810,703808.168,Device,,NVIDIA A100-SXM4-40GB MIG 4g.20gb (0),1,,13,[CUDA memset]
20363548699,4640,420391,,,,,,,,,,0.000,17.241,Pinned,Device,NVIDIA A100-SXM4-40GB MIG 4g.20gb (0),1,,13,[CUDA memcpy Host-to-Device]
20363557851,9664,420392,,,,,,,,,,0.197,20344.209,Pinned,Device,NVIDIA A100-SXM4-40GB MIG 4g.20gb (0),1,,13,[CUDA memcpy Host-to-Device]
20363743449,16480,420393,273,1,1,48,1,1,40,0.000,0.001,,,,,NVIDIA A100-SXM4-40GB MIG 4g.20gb (0),1,,13,"void pusch_noise_intf_est::noiseIntfEstNoDftSOfdmKernel<float, __half, float, float, (unsigned int)2, (unsigned int)1, (unsigned char)4, (unsigned char)4>(pusch_noise_intf_est::puschRxNoiseIntfEstDynDescr)"
20363939351,3968,420404,35,1,1,128,1,1,16,0.000,0.000,,,,,NVIDIA A100-SXM4-40GB MIG 4g.20gb (0),1,,13,cupy_copy__complex64_complex64
20364016182,3008,420413,1,1,1,1,1,1,18,0.000,0.000,,,,,NVIDIA A100-SXM4-40GB MIG 4g.20gb (0),1,,13,cupy_copy__float32_float32
20364028694,1696,420419,,,,,,,,,,0.000,2.358,Device,Pageable,NVIDIA A100-SXM4-40GB MIG 4g.20gb (0),1,,7,[CUDA memcpy Device-to-Host]
20364128404,15392,420430,1434,1,1,128,1,1,16,0.000,0.000,,,,,NVIDIA A100-SXM4-40GB MIG 4g.20gb (0),1,,13,cupy_copy__complex64_complex64
20364146068,3328,420437,103,1,1,128,1,1,16,0.000,0.000,,,,,NVIDIA A100-SXM4-40GB MIG 4g.20gb (0),1,,13,cupy_copy__complex64_complex64
20364260019,3936,420444,35,1,1,128,1,1,16,0.000,0.000,,,,,NVIDIA A100-SXM4-40GB MIG 4g.20gb (0),1,,13,cupy_copy__complex64_complex64
20364266355,3488,420451,1,1,1,1,1,1,18,0.000,0.000,,,,,NVIDIA A100-SXM4-40GB MIG 4g.20gb (0),1,,13,cupy_copy__float32_float32
20364379058,230461,420462,1,1,1,32,32,1,30,0.000,0.000,,,,,NVIDIA A100-SXM4-40GB MIG 4g.20gb (0),1,,13,"void convert_kernel<__half2, float2>(tensor_layout_any, T1 *, tensor_layout_any, const T2 *)"
20364639375,5408,420465,,,,,,,,,,0.094,17325.421,Pinned,Device,NVIDIA A100-SXM4-40GB MIG 4g.20gb (0),1,,13,[CUDA memcpy Host-to-Device]
20364654159,3648,420466,,,,,,,,,,1.547,423963.664,Device,,NVIDIA A100-SXM4-40GB MIG 4g.20gb (0),1,,13,[CUDA memset]
20364661135,3327,420471,,,,,,,,,,0.031,9406.670,Pinned,Device,NVIDIA A100-SXM4-40GB MIG 4g.20gb (0),1,,13,[CUDA memcpy Host-to-Device]
20364668878,10048,420472,,,,,,,,,,0.197,19566.821,Pinned,Device,NVIDIA A100-SXM4-40GB MIG 4g.20gb (0),1,,13,[CUDA memcpy Host-to-Device]
20364705358,14048,420473,273,1,1,8,4,1,39,0.002,0.000,,,,,NVIDIA A100-SXM4-40GB MIG 4g.20gb (0),1,,13,"void channel_eq::eqMmseCoefCompLowMimoKernel<float, float, float, (unsigned int)4, (unsigned int)1, (unsigned int)4>(const channel_eq::_puschRxChEqStatDescr *, channel_eq::_puschRxChEqCoefCompDynDescr)"
20364722190,6688,420474,273,1,1,12,11,1,51,0.002,0.000,,,,,NVIDIA A100-SXM4-40GB MIG 4g.20gb (0),1,,13,"void channel_eq::eqMmseSoftDemapKernel<float, __half, __half, float, (unsigned int)4, (unsigned short)16383>(channel_eq::_puschRxChEqStatDescr *, channel_eq::_puschRxChEqSoftDemapDynDescr)"
20364765037,676281,420475,1,1,1,32,32,1,30,0.000,0.000,,,,,NVIDIA A100-SXM4-40GB MIG 4g.20gb (0),1,,13,"void convert_kernel<float2, __half2>(tensor_layout_any, T1 *, tensor_layout_any, const T2 *)"
20365539621,15840,420487,2253,1,1,128,1,1,16,0.000,0.000,,,,,NVIDIA A100-SXM4-40GB MIG 4g.20gb (0),1,,13,cupy_copy__float16_float16
20365937664,8480,420496,282,1,1,128,1,1,16,0.000,0.000,,,,,NVIDIA A100-SXM4-40GB MIG 4g.20gb (0),1,,13,cupy_copy__complex64_complex64
20366175646,4352,420505,26,1,1,128,1,1,16,0.000,0.000,,,,,NVIDIA A100-SXM4-40GB MIG 4g.20gb (0),1,,13,cupy_copy__float32_float32
20366371835,4928,420514,103,1,1,128,1,1,16,0.000,0.000,,,,,NVIDIA A100-SXM4-40GB MIG 4g.20gb (0),1,,13,cupy_copy__complex64_complex64
20366650168,17600,420524,1434,1,1,128,1,1,16,0.000,0.000,,,,,NVIDIA A100-SXM4-40GB MIG 4g.20gb (0),1,,13,cupy_copy__complex64_complex64
20366934805,338908,420529,1,1,1,32,32,1,30,0.000,0.000,,,,,NVIDIA A100-SXM4-40GB MIG 4g.20gb (0),1,,13,"void convert_kernel<__half2, float2>(tensor_layout_any, T1 *, tensor_layout_any, const T2 *)"
20367307217,6400,420532,,,,,,,,,,0.094,14640.000,Pinned,Device,NVIDIA A100-SXM4-40GB MIG 4g.20gb (0),1,,13,[CUDA memcpy Host-to-Device]
20367574894,608953,420533,,,,,,,,,,456.561,749673.884,Device,,NVIDIA A100-SXM4-40GB MIG 4g.20gb (0),1,,13,[CUDA memset]
20368190663,50208,420538,,,,,,,,,,1.235,24596.380,Pinned,Device,NVIDIA A100-SXM4-40GB MIG 4g.20gb (0),1,,13,[CUDA memcpy Host-to-Device]
20368243687,10655,420539,,,,,,,,,,0.197,18452.054,Pinned,Device,NVIDIA A100-SXM4-40GB MIG 4g.20gb (0),1,,13,[CUDA memcpy Host-to-Device]
20368364133,16640,420540,69,4,1,48,1,1,76,0.002,0.000,,,,,NVIDIA A100-SXM4-40GB MIG 4g.20gb (0),1,,13,"void ch_est::windowedChEstPreNoDftSOfdmKernel<float, __half, float, (unsigned int)2, (unsigned int)1, (unsigned short)4>(ch_est::puschRxChEstStatDescr_t *, ch_est::puschRxChEstDynDescr_t *)"
20368608674,12800,420541,137,2,1,24,2,1,44,0.001,0.001,,,,,NVIDIA A100-SXM4-40GB MIG 4g.20gb (0),1,,13,"void ch_est::chEstFilterNoDftSOfdmDispatchKernel<float, __half, float, (unsigned int)2>(ch_est::puschRxChEstStatDescr_t *, ch_est::puschRxChEstDynDescr_t *)"
20368690466,9343,420542,137,2,1,24,2,1,44,0.001,0.001,,,,,NVIDIA A100-SXM4-40GB MIG 4g.20gb (0),1,,13,"void ch_est::chEstFilterNoDftSOfdmDispatchKernel<float, __half, float, (unsigned int)2>(ch_est::puschRxChEstStatDescr_t *, ch_est::puschRxChEstDynDescr_t *)"
20368940255,7168,420553,103,1,1,128,1,1,16,0.000,0.000,,,,,NVIDIA A100-SXM4-40GB MIG 4g.20gb (0),1,,13,cupy_copy__complex64_complex64
20368992574,18432,420563,1434,1,1,128,1,1,16,0.000,0.000,,,,,NVIDIA A100-SXM4-40GB MIG 4g.20gb (0),1,,13,cupy_copy__complex64_complex64
20369071997,7488,420570,103,1,1,128,1,1,16,0.000,0.000,,,,,NVIDIA A100-SXM4-40GB MIG 4g.20gb (0),1,,13,cupy_copy__complex64_complex64
20369082269,338172,420577,1,1,1,32,32,1,30,0.000,0.000,,,,,NVIDIA A100-SXM4-40GB MIG 4g.20gb (0),1,,13,"void convert_kernel<__half2, float2>(tensor_layout_any, T1 *, tensor_layout_any, const T2 *)"
20369452089,6208,420580,,,,,,,,,,0.094,15092.739,Pinned,Device,NVIDIA A100-SXM4-40GB MIG 4g.20gb (0),1,,13,[CUDA memcpy Host-to-Device]
20369530520,54432,420581,,,,,,,,,,35.810,657864.040,Device,,NVIDIA A100-SXM4-40GB MIG 4g.20gb (0),1,,13,[CUDA memset]
20369588568,2272,420583,,,,,,,,,,0.000,35.211,Pinned,Device,NVIDIA A100-SXM4-40GB MIG 4g.20gb (0),1,,13,[CUDA memcpy Host-to-Device]
20369593720,9759,420584,,,,,,,,,,0.197,20146.225,Pinned,Device,NVIDIA A100-SXM4-40GB MIG 4g.20gb (0),1,,13,[CUDA memcpy Host-to-Device]
20369655351,13376,420585,273,1,1,48,1,1,40,0.000,0.001,,,,,NVIDIA A100-SXM4-40GB MIG 4g.20gb (0),1,,13,"void pusch_noise_intf_est::noiseIntfEstNoDftSOfdmKernel<float, __half, float, float, (unsigned int)2, (unsigned int)1, (unsigned char)4, (unsigned char)4>(pusch_noise_intf_est::puschRxNoiseIntfEstDynDescr)"
20369737686,7232,420596,35,1,1,128,1,1,16,0.000,0.000,,,,,NVIDIA A100-SXM4-40GB MIG 4g.20gb (0),1,,13,cupy_copy__complex64_complex64
20369747126,3040,420605,1,1,1,1,1,1,18,0.000,0.000,,,,,NVIDIA A100-SXM4-40GB MIG 4g.20gb (0),1,,13,cupy_copy__float32_float32
20369763190,1920,420611,,,,,,,,,,0.000,2.083,Device,Pageable,NVIDIA A100-SXM4-40GB MIG 4g.20gb (0),1,,7,[CUDA memcpy Device-to-Host]
20369825557,22304,420622,1434,1,1,128,1,1,16,0.000,0.000,,,,,NVIDIA A100-SXM4-40GB MIG 4g.20gb (0),1,,13,cupy_copy__complex64_complex64
20369962707,6016,420629,103,1,1,128,1,1,16,0.000,0.000,,,,,NVIDIA A100-SXM4-40GB MIG 4g.20gb (0),1,,13,cupy_copy__complex64_complex64
20370057426,3552,420636,35,1,1,128,1,1,16,0.000,0.000,,,,,NVIDIA A100-SXM4-40GB MIG 4g.20gb (0),1,,13,cupy_copy__complex64_complex64
20370126610,5663,420643,1,1,1,1,1,1,18,0.000,0.000,,,,,NVIDIA A100-SXM4-40GB MIG 4g.20gb (0),1,,13,cupy_copy__float32_float32
20370224272,429692,420654,1,1,1,32,32,1,30,0.000,0.000,,,,,NVIDIA A100-SXM4-40GB MIG 4g.20gb (0),1,,13,"void convert_kernel<__half2, float2>(tensor_layout_any, T1 *, tensor_layout_any, const T2 *)"
20370684299,9920,420657,,,,,,,,,,0.094,9445.119,Pinned,Device,NVIDIA A100-SXM4-40GB MIG 4g.20gb (0),1,,13,[CUDA memcpy Host-to-Device]
20370792970,5152,420658,,,,,,,,,,1.547,300198.172,Device,,NVIDIA A100-SXM4-40GB MIG 4g.20gb (0),1,,13,[CUDA memset]
20370799946,5216,420663,,,,,,,,,,0.031,5999.975,Pinned,Device,NVIDIA A100-SXM4-40GB MIG 4g.20gb (0),1,,13,[CUDA memcpy Host-to-Device]
20370810090,10304,420664,,,,,,,,,,0.197,19080.610,Pinned,Device,NVIDIA A100-SXM4-40GB MIG 4g.20gb (0),1,,13,[CUDA memcpy Host-to-Device]
20370965480,14912,420665,273,1,1,8,4,1,39,0.002,0.000,,,,,NVIDIA A100-SXM4-40GB MIG 4g.20gb (0),1,,13,"void channel_eq::eqMmseCoefCompLowMimoKernel<float, float, float, (unsigned int)4, (unsigned int)1, (unsigned int)4>(const channel_eq::_puschRxChEqStatDescr *, channel_eq::_puschRxChEqCoefCompDynDescr)"
20371163526,15392,420666,273,1,1,12,11,1,51,0.002,0.000,,,,,NVIDIA A100-SXM4-40GB MIG 4g.20gb (0),1,,13,"void channel_eq::eqMmseSoftDemapKernel<float, __half, __half, float, (unsigned int)4, (unsigned short)16383>(channel_eq::_puschRxChEqStatDescr *, channel_eq::_puschRxChEqSoftDemapDynDescr)"
20371479874,699961,420667,1,1,1,32,32,1,30,0.000,0.000,,,,,NVIDIA A100-SXM4-40GB MIG 4g.20gb (0),1,,13,"void convert_kernel<float2, __half2>(tensor_layout_any, T1 *, tensor_layout_any, const T2 *)"
20372182363,12383,420679,2253,1,1,128,1,1,16,0.000,0.000,,,,,NVIDIA A100-SXM4-40GB MIG 4g.20gb (0),1,,13,cupy_copy__float16_float16
20372196538,3776,420688,282,1,1,128,1,1,16,0.000,0.000,,,,,NVIDIA A100-SXM4-40GB MIG 4g.20gb (0),1,,13,cupy_copy__complex64_complex64
20372202458,2336,420697,26,1,1,128,1,1,16,0.000,0.000,,,,,NVIDIA A100-SXM4-40GB MIG 4g.20gb (0),1,,13,cupy_copy__float32_float32
20372206042,3296,420706,103,1,1,128,1,1,16,0.000,0.000,,,,,NVIDIA A100-SXM4-40GB MIG 4g.20gb (0),1,,13,cupy_copy__complex64_complex64
20372211482,11968,420716,1434,1,1,128,1,1,16,0.000,0.000,,,,,NVIDIA A100-SXM4-40GB MIG 4g.20gb (0),1,,13,cupy_copy__complex64_complex64
20372225338,79455,420721,1,1,1,32,32,1,30,0.000,0.000,,,,,NVIDIA A100-SXM4-40GB MIG 4g.20gb (0),1,,13,"void convert_kernel<__half2, float2>(tensor_layout_any, T1 *, tensor_layout_any, const T2 *)"
20372345785,5536,420724,,,,,,,,,,0.094,16924.777,Pinned,Device,NVIDIA A100-SXM4-40GB MIG 4g.20gb (0),1,,13,[CUDA memcpy Host-to-Device]
20372356057,610425,420725,,,,,,,,,,456.561,747847.639,Device,,NVIDIA A100-SXM4-40GB MIG 4g.20gb (0),1,,13,[CUDA memset]
20372973874,51391,420730,,,,,,,,,,1.235,24029.540,Pinned,Device,NVIDIA A100-SXM4-40GB MIG 4g.20gb (0),1,,13,[CUDA memcpy Host-to-Device]
20373029233,11136,420731,,,,,,,,,,0.197,17655.005,Pinned,Device,NVIDIA A100-SXM4-40GB MIG 4g.20gb (0),1,,13,[CUDA memcpy Host-to-Device]
20373136208,22240,420732,69,4,1,48,1,1,76,0.002,0.000,,,,,NVIDIA A100-SXM4-40GB MIG 4g.20gb (0),1,,13,"void ch_est::windowedChEstPreNoDftSOfdmKernel<float, __half, float, (unsigned int)2, (unsigned int)1, (unsigned short)4>(ch_est::puschRxChEstStatDescr_t *, ch_est::puschRxChEstDynDescr_t *)"
20373287086,18688,420733,137,2,1,24,2,1,44,0.001,0.001,,,,,NVIDIA A100-SXM4-40GB MIG 4g.20gb (0),1,,13,"void ch_est::chEstFilterNoDftSOfdmDispatchKernel<float, __half, float, (unsigned int)2>(ch_est::puschRxChEstStatDescr_t *, ch_est::puschRxChEstDynDescr_t *)"
20373362029,27072,420734,137,2,1,24,2,1,44,0.001,0.001,,,,,NVIDIA A100-SXM4-40GB MIG 4g.20gb (0),1,,13,"void ch_est::chEstFilterNoDftSOfdmDispatchKernel<float, __half, float, (unsigned int)2>(ch_est::puschRxChEstStatDescr_t *, ch_est::puschRxChEstDynDescr_t *)"
20373425389,11808,420745,103,1,1,128,1,1,16,0.000,0.000,,,,,NVIDIA A100-SXM4-40GB MIG 4g.20gb (0),1,,13,cupy_copy__complex64_complex64
20373494988,26144,420755,1434,1,1,128,1,1,16,0.000,0.000,,,,,NVIDIA A100-SXM4-40GB MIG 4g.20gb (0),1,,13,cupy_copy__complex64_complex64
20373566731,8960,420762,103,1,1,128,1,1,16,0.000,0.000,,,,,NVIDIA A100-SXM4-40GB MIG 4g.20gb (0),1,,13,cupy_copy__complex64_complex64
20373633226,689881,420769,1,1,1,32,32,1,30,0.000,0.000,,,,,NVIDIA A100-SXM4-40GB MIG 4g.20gb (0),1,,13,"void convert_kernel<__half2, float2>(tensor_layout_any, T1 *, tensor_layout_any, const T2 *)"
20374352802,6144,420772,,,,,,,,,,0.094,15249.961,Pinned,Device,NVIDIA A100-SXM4-40GB MIG 4g.20gb (0),1,,13,[CUDA memcpy Host-to-Device]
20374462881,53920,420773,,,,,,,,,,35.810,664094.966,Device,,NVIDIA A100-SXM4-40GB MIG 4g.20gb (0),1,,13,[CUDA memset]
20374518753,1824,420775,,,,,,,,,,0.000,43.860,Pinned,Device,NVIDIA A100-SXM4-40GB MIG 4g.20gb (0),1,,13,[CUDA memcpy Host-to-Device]
20374528000,12608,420776,,,,,,,,,,0.197,15593.767,Pinned,Device,NVIDIA A100-SXM4-40GB MIG 4g.20gb (0),1,,13,[CUDA memcpy Host-to-Device]
20374663007,21856,420777,273,1,1,48,1,1,40,0.000,0.001,,,,,NVIDIA A100-SXM4-40GB MIG 4g.20gb (0),1,,13,"void pusch_noise_intf_est::noiseIntfEstNoDftSOfdmKernel<float, __half, float, float, (unsigned int)2, (unsigned int)1, (unsigned char)4, (unsigned char)4>(pusch_noise_intf_est::puschRxNoiseIntfEstDynDescr)"
20374955292,8768,420788,35,1,1,128,1,1,16,0.000,0.000,,,,,NVIDIA A100-SXM4-40GB MIG 4g.20gb (0),1,,13,cupy_copy__complex64_complex64
20375113050,4768,420797,1,1,1,1,1,1,18,0.000,0.000,,,,,NVIDIA A100-SXM4-40GB MIG 4g.20gb (0),1,,13,cupy_copy__float32_float32
20375130106,2592,420803,,,,,,,,,,0.000,1.543,Device,Pageable,NVIDIA A100-SXM4-40GB MIG 4g.20gb (0),1,,7,[CUDA memcpy Device-to-Host]
20375242776,32576,420814,1434,1,1,128,1,1,16,0.000,0.000,,,,,NVIDIA A100-SXM4-40GB MIG 4g.20gb (0),1,,13,cupy_copy__complex64_complex64
20375319448,8864,420821,103,1,1,128,1,1,16,0.000,0.000,,,,,NVIDIA A100-SXM4-40GB MIG 4g.20gb (0),1,,13,cupy_copy__complex64_complex64
20375382711,13184,420828,35,1,1,128,1,1,16,0.000,0.000,,,,,NVIDIA A100-SXM4-40GB MIG 4g.20gb (0),1,,13,cupy_copy__complex64_complex64
20375450582,5152,420835,1,1,1,1,1,1,18,0.000,0.000,,,,,NVIDIA A100-SXM4-40GB MIG 4g.20gb (0),1,,13,cupy_copy__float32_float32
20375510486,430363,420846,1,1,1,32,32,1,30,0.000,0.000,,,,,NVIDIA A100-SXM4-40GB MIG 4g.20gb (0),1,,13,"void convert_kernel<__half2, float2>(tensor_layout_any, T1 *, tensor_layout_any, const T2 *)"
20375971472,5376,420849,,,,,,,,,,0.094,17428.487,Pinned,Device,NVIDIA A100-SXM4-40GB MIG 4g.20gb (0),1,,13,[CUDA memcpy Host-to-Device]
20375986608,3360,420850,,,,,,,,,,1.547,460304.688,Device,,NVIDIA A100-SXM4-40GB MIG 4g.20gb (0),1,,13,[CUDA memset]
20375993200,3008,420855,,,,,,,,,,0.031,10404.230,Pinned,Device,NVIDIA A100-SXM4-40GB MIG 4g.20gb (0),1,,13,[CUDA memcpy Host-to-Device]
20375998320,9280,420856,,,,,,,,,,0.197,21186.085,Pinned,Device,NVIDIA A100-SXM4-40GB MIG 4g.20gb (0),1,,13,[CUDA memcpy Host-to-Device]
20376011632,6944,420857,273,1,1,8,4,1,39,0.002,0.000,,,,,NVIDIA A100-SXM4-40GB MIG 4g.20gb (0),1,,13,"void channel_eq::eqMmseCoefCompLowMimoKernel<float, float, float, (unsigned int)4, (unsigned int)1, (unsigned int)4>(const channel_eq::_puschRxChEqStatDescr *, channel_eq::_puschRxChEqCoefCompDynDescr)"
20376019984,6624,420858,273,1,1,12,11,1,51,0.002,0.000,,,,,NVIDIA A100-SXM4-40GB MIG 4g.20gb (0),1,,13,"void channel_eq::eqMmseSoftDemapKernel<float, __half, __half, float, (unsigned int)4, (unsigned short)16383>(channel_eq::_puschRxChEqStatDescr *, channel_eq::_puschRxChEqSoftDemapDynDescr)"
20376028240,281405,420859,1,1,1,32,32,1,30,0.000,0.000,,,,,NVIDIA A100-SXM4-40GB MIG 4g.20gb (0),1,,13,"void convert_kernel<float2, __half2>(tensor_layout_any, T1 *, tensor_layout_any, const T2 *)"
20376310957,10623,420871,2253,1,1,128,1,1,16,0.000,0.000,,,,,NVIDIA A100-SXM4-40GB MIG 4g.20gb (0),1,,13,cupy_copy__float16_float16
20376323756,2848,420880,282,1,1,128,1,1,16,0.000,0.000,,,,,NVIDIA A100-SXM4-40GB MIG 4g.20gb (0),1,,13,cupy_copy__complex64_complex64
20376328748,2048,420889,26,1,1,128,1,1,16,0.000,0.000,,,,,NVIDIA A100-SXM4-40GB MIG 4g.20gb (0),1,,13,cupy_copy__float32_float32
20376332780,2976,420898,103,1,1,128,1,1,16,0.000,0.000,,,,,NVIDIA A100-SXM4-40GB MIG 4g.20gb (0),1,,13,cupy_copy__complex64_complex64
20376337772,12384,420908,1434,1,1,128,1,1,16,0.000,0.000,,,,,NVIDIA A100-SXM4-40GB MIG 4g.20gb (0),1,,13,cupy_copy__complex64_complex64
20376409515,80416,420913,1,1,1,32,32,1,30,0.000,0.000,,,,,NVIDIA A100-SXM4-40GB MIG 4g.20gb (0),1,,13,"void convert_kernel<__half2, float2>(tensor_layout_any, T1 *, tensor_layout_any, const T2 *)"
20376518218,5472,420916,,,,,,,,,,0.094,17122.757,Pinned,Device,NVIDIA A100-SXM4-40GB MIG 4g.20gb (0),1,,13,[CUDA memcpy Host-to-Device]
20376528906,609977,420917,,,,,,,,,,456.561,748304.200,Device,,NVIDIA A100-SXM4-40GB MIG 4g.20gb (0),1,,13,[CUDA memset]
20377146019,51360,420922,,,,,,,,,,1.235,24044.360,Pinned,Device,NVIDIA A100-SXM4-40GB MIG 4g.20gb (0),1,,13,[CUDA memcpy Host-to-Device]
20377200739,10400,420923,,,,,,,,,,0.197,18904.449,Pinned,Device,NVIDIA A100-SXM4-40GB MIG 4g.20gb (0),1,,13,[CUDA memcpy Host-to-Device]
20377333793,15232,420924,69,4,1,48,1,1,76,0.002,0.000,,,,,NVIDIA A100-SXM4-40GB MIG 4g.20gb (0),1,,13,"void ch_est::windowedChEstPreNoDftSOfdmKernel<float, __half, float, (unsigned int)2, (unsigned int)1, (unsigned short)4>(ch_est::puschRxChEstStatDescr_t *, ch_est::puschRxChEstDynDescr_t *)"
20377515935,10848,420925,137,2,1,24,2,1,44,0.001,0.001,,,,,NVIDIA A100-SXM4-40GB MIG 4g.20gb (0),1,,13,"void ch_est::chEstFilterNoDftSOfdmDispatchKernel<float, __half, float, (unsigned int)2>(ch_est::puschRxChEstStatDescr_t *, ch_est::puschRxChEstDynDescr_t *)"
20377621246,14464,420926,137,2,1,24,2,1,44,0.001,0.001,,,,,NVIDIA A100-SXM4-40GB MIG 4g.20gb (0),1,,13,"void ch_est::chEstFilterNoDftSOfdmDispatchKernel<float, __half, float, (unsigned int)2>(ch_est::puschRxChEstStatDescr_t *, ch_est::puschRxChEstDynDescr_t *)"
20377786652,6912,420937,103,1,1,128,1,1,16,0.000,0.000,,,,,NVIDIA A100-SXM4-40GB MIG 4g.20gb (0),1,,13,cupy_copy__complex64_complex64
20377970266,22272,420947,1434,1,1,128,1,1,16,0.000,0.000,,,,,NVIDIA A100-SXM4-40GB MIG 4g.20gb (0),1,,13,cupy_copy__complex64_complex64
20378230487,4416,420954,103,1,1,128,1,1,16,0.000,0.000,,,,,NVIDIA A100-SXM4-40GB MIG 4g.20gb (0),1,,13,cupy_copy__complex64_complex64
20378314582,371452,420961,1,1,1,32,32,1,30,0.000,0.000,,,,,NVIDIA A100-SXM4-40GB MIG 4g.20gb (0),1,,13,"void convert_kernel<__half2, float2>(tensor_layout_any, T1 *, tensor_layout_any, const T2 *)"
20378715826,7328,420964,,,,,,,,,,0.094,12785.944,Pinned,Device,NVIDIA A100-SXM4-40GB MIG 4g.20gb (0),1,,13,[CUDA memcpy Host-to-Device]
20378992687,55295,420965,,,,,,,,,,35.810,647586.593,Device,,NVIDIA A100-SXM4-40GB MIG 4g.20gb (0),1,,13,[CUDA memset]
20379053678,2528,420967,,,,,,,,,,0.000,31.646,Pinned,Device,NVIDIA A100-SXM4-40GB MIG 4g.20gb (0),1,,13,[CUDA memcpy Host-to-Device]
20379059118,10144,420968,,,,,,,,,,0.197,19381.617,Pinned,Device,NVIDIA A100-SXM4-40GB MIG 4g.20gb (0),1,,13,[CUDA memcpy Host-to-Device]
20379338827,16032,420969,273,1,1,48,1,1,40,0.000,0.001,,,,,NVIDIA A100-SXM4-40GB MIG 4g.20gb (0),1,,13,"void pusch_noise_intf_est::noiseIntfEstNoDftSOfdmKernel<float, __half, float, float, (unsigned int)2, (unsigned int)1, (unsigned char)4, (unsigned char)4>(pusch_noise_intf_est::puschRxNoiseIntfEstDynDescr)"
20379524073,7072,420980,35,1,1,128,1,1,16,0.000,0.000,,,,,NVIDIA A100-SXM4-40GB MIG 4g.20gb (0),1,,13,cupy_copy__complex64_complex64
20379534601,3072,420989,1,1,1,1,1,1,18,0.000,0.000,,,,,NVIDIA A100-SXM4-40GB MIG 4g.20gb (0),1,,13,cupy_copy__float32_float32
20379544169,1600,420995,,,,,,,,,,0.000,2.500,Device,Pageable,NVIDIA A100-SXM4-40GB MIG 4g.20gb (0),1,,7,[CUDA memcpy Device-to-Host]
20379605000,13376,421006,1434,1,1,128,1,1,16,0.000,0.000,,,,,NVIDIA A100-SXM4-40GB MIG 4g.20gb (0),1,,13,cupy_copy__complex64_complex64
20379631144,2816,421013,103,1,1,128,1,1,16,0.000,0.000,,,,,NVIDIA A100-SXM4-40GB MIG 4g.20gb (0),1,,13,cupy_copy__complex64_complex64
20379651975,2208,421020,35,1,1,128,1,1,16,0.000,0.000,,,,,NVIDIA A100-SXM4-40GB MIG 4g.20gb (0),1,,13,cupy_copy__complex64_complex64
20379671271,1920,421027,1,1,1,1,1,1,18,0.000,0.000,,,,,NVIDIA A100-SXM4-40GB MIG 4g.20gb (0),1,,13,cupy_copy__float32_float32
20379808326,79519,421038,1,1,1,32,32,1,30,0.000,0.000,,,,,NVIDIA A100-SXM4-40GB MIG 4g.20gb (0),1,,13,"void convert_kernel<__half2, float2>(tensor_layout_any, T1 *, tensor_layout_any, const T2 *)"
20379923396,5376,421041,,,,,,,,,,0.094,17428.487,Pinned,Device,NVIDIA A100-SXM4-40GB MIG 4g.20gb (0),1,,13,[CUDA memcpy Host-to-Device]
20379942372,3232,421042,,,,,,,,,,1.547,478533.199,Device,,NVIDIA A100-SXM4-40GB MIG 4g.20gb (0),1,,13,[CUDA memset]
20379950180,3008,421047,,,,,,,,,,0.031,10404.230,Pinned,Device,NVIDIA A100-SXM4-40GB MIG 4g.20gb (0),1,,13,[CUDA memcpy Host-to-Device]
20379955780,9248,421048,,,,,,,,,,0.197,21259.420,Pinned,Device,NVIDIA A100-SXM4-40GB MIG 4g.20gb (0),1,,13,[CUDA memcpy Host-to-Device]
20379970468,5920,421049,273,1,1,8,4,1,39,0.002,0.000,,,,,NVIDIA A100-SXM4-40GB MIG 4g.20gb (0),1,,13,"void channel_eq::eqMmseCoefCompLowMimoKernel<float, float, float, (unsigned int)4, (unsigned int)1, (unsigned int)4>(const channel_eq::_puschRxChEqStatDescr *, channel_eq::_puschRxChEqCoefCompDynDescr)"
20379979620,5696,421050,273,1,1,12,11,1,51,0.002,0.000,,,,,NVIDIA A100-SXM4-40GB MIG 4g.20gb (0),1,,13,"void channel_eq::eqMmseSoftDemapKernel<float, __half, __half, float, (unsigned int)4, (unsigned short)16383>(channel_eq::_puschRxChEqStatDescr *, channel_eq::_puschRxChEqSoftDemapDynDescr)"
20379987140,284796,421051,1,1,1,32,32,1,30,0.000,0.000,,,,,NVIDIA A100-SXM4-40GB MIG 4g.20gb (0),1,,13,"void convert_kernel<float2, __half2>(tensor_layout_any, T1 *, tensor_layout_any, const T2 *)"
20380316960,13216,421063,2253,1,1,128,1,1,16,0.000,0.000,,,,,NVIDIA A100-SXM4-40GB MIG 4g.20gb (0),1,,13,cupy_copy__float16_float16
20380413439,8864,421072,282,1,1,128,1,1,16,0.000,0.000,,,,,NVIDIA A100-SXM4-40GB MIG 4g.20gb (0),1,,13,cupy_copy__complex64_complex64
20380475486,4480,421081,26,1,1,128,1,1,16,0.000,0.000,,,,,NVIDIA A100-SXM4-40GB MIG 4g.20gb (0),1,,13,cupy_copy__float32_float32
20380727643,11264,421090,103,1,1,128,1,1,16,0.000,0.000,,,,,NVIDIA A100-SXM4-40GB MIG 4g.20gb (0),1,,13,cupy_copy__complex64_complex64
20380812666,20096,421100,1434,1,1,128,1,1,16,0.000,0.000,,,,,NVIDIA A100-SXM4-40GB MIG 4g.20gb (0),1,,13,cupy_copy__complex64_complex64
20381063320,320348,421105,1,1,1,32,32,1,30,0.000,0.000,,,,,NVIDIA A100-SXM4-40GB MIG 4g.20gb (0),1,,13,"void convert_kernel<__half2, float2>(tensor_layout_any, T1 *, tensor_layout_any, const T2 *)"
20381414036,10304,421108,,,,,,,,,,0.094,9093.103,Pinned,Device,NVIDIA A100-SXM4-40GB MIG 4g.20gb (0),1,,13,[CUDA memcpy Host-to-Device]
20381574674,604953,421109,,,,,,,,,,456.561,754696.060,Device,,NVIDIA A100-SXM4-40GB MIG 4g.20gb (0),1,,13,[CUDA memset]
20382182315,52640,421114,,,,,,,,,,1.235,23458.996,Pinned,Device,NVIDIA A100-SXM4-40GB MIG 4g.20gb (0),1,,13,[CUDA memcpy Host-to-Device]
20382237450,11968,421115,,,,,,,,,,0.197,16427.778,Pinned,Device,NVIDIA A100-SXM4-40GB MIG 4g.20gb (0),1,,13,[CUDA memcpy Host-to-Device]
20382366889,14496,421116,69,4,1,48,1,1,76,0.002,0.000,,,,,NVIDIA A100-SXM4-40GB MIG 4g.20gb (0),1,,13,"void ch_est::windowedChEstPreNoDftSOfdmKernel<float, __half, float, (unsigned int)2, (unsigned int)1, (unsigned short)4>(ch_est::puschRxChEstStatDescr_t *, ch_est::puschRxChEstDynDescr_t *)"
20382572583,10560,421117,137,2,1,24,2,1,44,0.001,0.001,,,,,NVIDIA A100-SXM4-40GB MIG 4g.20gb (0),1,,13,"void ch_est::chEstFilterNoDftSOfdmDispatchKernel<float, __half, float, (unsigned int)2>(ch_est::puschRxChEstStatDescr_t *, ch_est::puschRxChEstDynDescr_t *)"
20382674246,12063,421118,137,2,1,24,2,1,44,0.001,0.001,,,,,NVIDIA A100-SXM4-40GB MIG 4g.20gb (0),1,,13,"void ch_est::chEstFilterNoDftSOfdmDispatchKernel<float, __half, float, (unsigned int)2>(ch_est::puschRxChEstStatDescr_t *, ch_est::puschRxChEstDynDescr_t *)"
20382778084,6560,421129,103,1,1,128,1,1,16,0.000,0.000,,,,,NVIDIA A100-SXM4-40GB MIG 4g.20gb (0),1,,13,cupy_copy__complex64_complex64
20382884323,28160,421139,1434,1,1,128,1,1,16,0.000,0.000,,,,,NVIDIA A100-SXM4-40GB MIG 4g.20gb (0),1,,13,cupy_copy__complex64_complex64
20383097089,6656,421146,103,1,1,128,1,1,16,0.000,0.000,,,,,NVIDIA A100-SXM4-40GB MIG 4g.20gb (0),1,,13,cupy_copy__complex64_complex64
20383203040,195038,421153,1,1,1,32,32,1,30,0.000,0.000,,,,,NVIDIA A100-SXM4-40GB MIG 4g.20gb (0),1,,13,"void convert_kernel<__half2, float2>(tensor_layout_any, T1 *, tensor_layout_any, const T2 *)"
20383455613,5408,421156,,,,,,,,,,0.094,17325.421,Pinned,Device,NVIDIA A100-SXM4-40GB MIG 4g.20gb (0),1,,13,[CUDA memcpy Host-to-Device]
20383499804,48608,421157,,,,,,,,,,35.810,736681.674,Device,,NVIDIA A100-SXM4-40GB MIG 4g.20gb (0),1,,13,[CUDA memset]
20383554140,2144,421159,,,,,,,,,,0.000,37.313,Pinned,Device,NVIDIA A100-SXM4-40GB MIG 4g.20gb (0),1,,13,[CUDA memcpy Host-to-Device]
20383558748,11872,421160,,,,,,,,,,0.197,16560.488,Pinned,Device,NVIDIA A100-SXM4-40GB MIG 4g.20gb (0),1,,13,[CUDA memcpy Host-to-Device]
20383613947,32672,421161,273,1,1,48,1,1,40,0.000,0.001,,,,,NVIDIA A100-SXM4-40GB MIG 4g.20gb (0),1,,13,"void pusch_noise_intf_est::noiseIntfEstNoDftSOfdmKernel<float, __half, float, float, (unsigned int)2, (unsigned int)1, (unsigned char)4, (unsigned char)4>(pusch_noise_intf_est::puschRxNoiseIntfEstDynDescr)"
20383648283,4640,421172,35,1,1,128,1,1,16,0.000,0.000,,,,,NVIDIA A100-SXM4-40GB MIG 4g.20gb (0),1,,13,cupy_copy__complex64_complex64
20383653627,1856,421181,1,1,1,1,1,1,18,0.000,0.000,,,,,NVIDIA A100-SXM4-40GB MIG 4g.20gb (0),1,,13,cupy_copy__float32_float32
20383661659,1600,421187,,,,,,,,,,0.000,2.500,Device,Pageable,NVIDIA A100-SXM4-40GB MIG 4g.20gb (0),1,,7,[CUDA memcpy Device-to-Host]
20383769593,18848,421198,1434,1,1,128,1,1,16,0.000,0.000,,,,,NVIDIA A100-SXM4-40GB MIG 4g.20gb (0),1,,13,cupy_copy__complex64_complex64
20383831193,6240,421205,103,1,1,128,1,1,16,0.000,0.000,,,,,NVIDIA A100-SXM4-40GB MIG 4g.20gb (0),1,,13,cupy_copy__complex64_complex64
20383978615,8288,421212,35,1,1,128,1,1,16,0.000,0.000,,,,,NVIDIA A100-SXM4-40GB MIG 4g.20gb (0),1,,13,cupy_copy__complex64_complex64
20384090198,4224,421219,1,1,1,1,1,1,18,0.000,0.000,,,,,NVIDIA A100-SXM4-40GB MIG 4g.20gb (0),1,,13,cupy_copy__float32_float32
20384327635,393884,421230,1,1,1,32,32,1,30,0.000,0.000,,,,,NVIDIA A100-SXM4-40GB MIG 4g.20gb (0),1,,13,"void convert_kernel<__half2, float2>(tensor_layout_any, T1 *, tensor_layout_any, const T2 *)"
20384751022,12000,421233,,,,,,,,,,0.094,7807.969,Pinned,Device,NVIDIA A100-SXM4-40GB MIG 4g.20gb (0),1,,13,[CUDA memcpy Host-to-Device]
20384949132,8864,421234,,,,,,,,,,1.547,174482.387,Device,,NVIDIA A100-SXM4-40GB MIG 4g.20gb (0),1,,13,[CUDA memset]
20384959820,6240,421239,,,,,,,,,,0.031,5015.372,Pinned,Device,NVIDIA A100-SXM4-40GB MIG 4g.20gb (0),1,,13,[CUDA memcpy Host-to-Device]
20384972076,11936,421240,,,,,,,,,,0.197,16471.818,Pinned,Device,NVIDIA A100-SXM4-40GB MIG 4g.20gb (0),1,,13,[CUDA memcpy Host-to-Device]
20385185834,27807,421241,273,1,1,8,4,1,39,0.002,0.000,,,,,NVIDIA A100-SXM4-40GB MIG 4g.20gb (0),1,,13,"void channel_eq::eqMmseCoefCompLowMimoKernel<float, float, float, (unsigned int)4, (unsigned int)1, (unsigned int)4>(const channel_eq::_puschRxChEqStatDescr *, channel_eq::_puschRxChEqCoefCompDynDescr)"
20385359016,12544,421242,273,1,1,12,11,1,51,0.002,0.000,,,,,NVIDIA A100-SXM4-40GB MIG 4g.20gb (0),1,,13,"void channel_eq::eqMmseSoftDemapKernel<float, __half, __half, float, (unsigned int)4, (unsigned short)16383>(channel_eq::_puschRxChEqStatDescr *, channel_eq::_puschRxChEqSoftDemapDynDescr)"
20385607845,769687,421243,1,1,1,32,32,1,30,0.000,0.000,,,,,NVIDIA A100-SXM4-40GB MIG 4g.20gb (0),1,,13,"void convert_kernel<float2, __half2>(tensor_layout_any, T1 *, tensor_layout_any, const T2 *)"
20386379868,12224,421255,2253,1,1,128,1,1,16,0.000,0.000,,,,,NVIDIA A100-SXM4-40GB MIG 4g.20gb (0),1,,13,cupy_copy__float16_float16
20386393820,3648,421264,282,1,1,128,1,1,16,0.000,0.000,,,,,NVIDIA A100-SXM4-40GB MIG 4g.20gb (0),1,,13,cupy_copy__complex64_complex64
20386399356,2368,421273,26,1,1,128,1,1,16,0.000,0.000,,,,,NVIDIA A100-SXM4-40GB MIG 4g.20gb (0),1,,13,cupy_copy__float32_float32
20386403420,3168,421282,103,1,1,128,1,1,16,0.000,0.000,,,,,NVIDIA A100-SXM4-40GB MIG 4g.20gb (0),1,,13,cupy_copy__complex64_complex64
20386455963,12064,421298,1434,1,1,128,1,1,16,0.000,0.000,,,,,NVIDIA A100-SXM4-40GB MIG 4g.20gb (0),1,,13,cupy_copy__complex64_complex64
20386587354,80223,421303,1,1,1,32,32,1,30,0.000,0.000,,,,,NVIDIA A100-SXM4-40GB MIG 4g.20gb (0),1,,13,"void convert_kernel<__half2, float2>(tensor_layout_any, T1 *, tensor_layout_any, const T2 *)"
20386698233,5376,421306,,,,,,,,,,0.094,17428.487,Pinned,Device,NVIDIA A100-SXM4-40GB MIG 4g.20gb (0),1,,13,[CUDA memcpy Host-to-Device]
20386709113,605529,421307,,,,,,,,,,456.561,753782.937,Device,,NVIDIA A100-SXM4-40GB MIG 4g.20gb (0),1,,13,[CUDA memset]
20387316338,51327,421312,,,,,,,,,,1.235,24059.179,Pinned,Device,NVIDIA A100-SXM4-40GB MIG 4g.20gb (0),1,,13,[CUDA memcpy Host-to-Device]
20387371665,10624,421313,,,,,,,,,,0.197,18505.925,Pinned,Device,NVIDIA A100-SXM4-40GB MIG 4g.20gb (0),1,,13,[CUDA memcpy Host-to-Device]
20387488336,22528,421314,69,4,1,48,1,1,76,0.002,0.000,,,,,NVIDIA A100-SXM4-40GB MIG 4g.20gb (0),1,,13,"void ch_est::windowedChEstPreNoDftSOfdmKernel<float, __half, float, (unsigned int)2, (unsigned int)1, (unsigned short)4>(ch_est::puschRxChEstStatDescr_t *, ch_est::puschRxChEstDynDescr_t *)"
20387636974,15680,421315,137,2,1,24,2,1,44,0.001,0.001,,,,,NVIDIA A100-SXM4-40GB MIG 4g.20gb (0),1,,13,"void ch_est::chEstFilterNoDftSOfdmDispatchKernel<float, __half, float, (unsigned int)2>(ch_est::puschRxChEstStatDescr_t *, ch_est::puschRxChEstDynDescr_t *)"
20387717933,15424,421316,137,2,1,24,2,1,44,0.001,0.001,,,,,NVIDIA A100-SXM4-40GB MIG 4g.20gb (0),1,,13,"void ch_est::chEstFilterNoDftSOfdmDispatchKernel<float, __half, float, (unsigned int)2>(ch_est::puschRxChEstStatDescr_t *, ch_est::puschRxChEstDynDescr_t *)"
20387777293,14656,421327,103,1,1,128,1,1,16,0.000,0.000,,,,,NVIDIA A100-SXM4-40GB MIG 4g.20gb (0),1,,13,cupy_copy__complex64_complex64
20387872108,19935,421337,1434,1,1,128,1,1,16,0.000,0.000,,,,,NVIDIA A100-SXM4-40GB MIG 4g.20gb (0),1,,13,cupy_copy__complex64_complex64
20388030058,5280,421344,103,1,1,128,1,1,16,0.000,0.000,,,,,NVIDIA A100-SXM4-40GB MIG 4g.20gb (0),1,,13,cupy_copy__complex64_complex64
20388086633,548762,421351,1,1,1,32,32,1,30,0.000,0.000,,,,,NVIDIA A100-SXM4-40GB MIG 4g.20gb (0),1,,13,"void convert_kernel<__half2, float2>(tensor_layout_any, T1 *, tensor_layout_any, const T2 *)"
20388666627,5824,421354,,,,,,,,,,0.094,16087.884,Pinned,Device,NVIDIA A100-SXM4-40GB MIG 4g.20gb (0),1,,13,[CUDA memcpy Host-to-Device]
20388760386,54271,421355,,,,,,,,,,35.810,659833.586,Device,,NVIDIA A100-SXM4-40GB MIG 4g.20gb (0),1,,13,[CUDA memset]
20388815617,1824,421357,,,,,,,,,,0.000,43.860,Pinned,Device,NVIDIA A100-SXM4-40GB MIG 4g.20gb (0),1,,13,[CUDA memcpy Host-to-Device]
20388825729,9504,421358,,,,,,,,,,0.197,20686.701,Pinned,Device,NVIDIA A100-SXM4-40GB MIG 4g.20gb (0),1,,13,[CUDA memcpy Host-to-Device]
20389029599,19520,421359,273,1,1,48,1,1,40,0.000,0.001,,,,,NVIDIA A100-SXM4-40GB MIG 4g.20gb (0),1,,13,"void pusch_noise_intf_est::noiseIntfEstNoDftSOfdmKernel<float, __half, float, float, (unsigned int)2, (unsigned int)1, (unsigned char)4, (unsigned char)4>(pusch_noise_intf_est::puschRxNoiseIntfEstDynDescr)"
20389086814,4928,421370,35,1,1,128,1,1,16,0.000,0.000,,,,,NVIDIA A100-SXM4-40GB MIG 4g.20gb (0),1,,13,cupy_copy__complex64_complex64
20389094206,4096,421379,1,1,1,1,1,1,18,0.000,0.000,,,,,NVIDIA A100-SXM4-40GB MIG 4g.20gb (0),1,,13,cupy_copy__float32_float32
20389103422,1600,421385,,,,,,,,,,0.000,2.500,Device,Pageable,NVIDIA A100-SXM4-40GB MIG 4g.20gb (0),1,,7,[CUDA memcpy Device-to-Host]
20389197373,14848,421396,1434,1,1,128,1,1,16,0.000,0.000,,,,,NVIDIA A100-SXM4-40GB MIG 4g.20gb (0),1,,13,cupy_copy__complex64_complex64
20389214653,2816,421403,103,1,1,128,1,1,16,0.000,0.000,,,,,NVIDIA A100-SXM4-40GB MIG 4g.20gb (0),1,,13,cupy_copy__complex64_complex64
20389220253,4096,421410,35,1,1,128,1,1,16,0.000,0.000,,,,,NVIDIA A100-SXM4-40GB MIG 4g.20gb (0),1,,13,cupy_copy__complex64_complex64
20389262076,2624,421417,1,1,1,1,1,1,18,0.000,0.000,,,,,NVIDIA A100-SXM4-40GB MIG 4g.20gb (0),1,,13,cupy_copy__float32_float32
20389375355,254365,421428,1,1,1,32,32,1,30,0.000,0.000,,,,,NVIDIA A100-SXM4-40GB MIG 4g.20gb (0),1,,13,"void convert_kernel<__half2, float2>(tensor_layout_any, T1 *, tensor_layout_any, const T2 *)"
20389658168,5376,421431,,,,,,,,,,0.094,17428.487,Pinned,Device,NVIDIA A100-SXM4-40GB MIG 4g.20gb (0),1,,13,[CUDA memcpy Host-to-Device]
20389672696,3680,421432,,,,,,,,,,1.547,420278.059,Device,,NVIDIA A100-SXM4-40GB MIG 4g.20gb (0),1,,13,[CUDA memset]
20389679671,3008,421437,,,,,,,,,,0.031,10404.230,Pinned,Device,NVIDIA A100-SXM4-40GB MIG 4g.20gb (0),1,,13,[CUDA memcpy Host-to-Device]
20389684759,9376,421438,,,,,,,,,,0.197,20969.226,Pinned,Device,NVIDIA A100-SXM4-40GB MIG 4g.20gb (0),1,,13,[CUDA memcpy Host-to-Device]
20389699095,6656,421439,273,1,1,8,4,1,39,0.002,0.000,,,,,NVIDIA A100-SXM4-40GB MIG 4g.20gb (0),1,,13,"void channel_eq::eqMmseCoefCompLowMimoKernel<float, float, float, (unsigned int)4, (unsigned int)1, (unsigned int)4>(const channel_eq::_puschRxChEqStatDescr *, channel_eq::_puschRxChEqCoefCompDynDescr)"
20389707895,6336,421440,273,1,1,12,11,1,51,0.002,0.000,,,,,NVIDIA A100-SXM4-40GB MIG 4g.20gb (0),1,,13,"void channel_eq::eqMmseSoftDemapKernel<float, __half, __half, float, (unsigned int)4, (unsigned short)16383>(channel_eq::_puschRxChEqStatDescr *, channel_eq::_puschRxChEqSoftDemapDynDescr)"
20389716471,1138451,421441,1,1,1,32,32,1,30,0.000,0.000,,,,,NVIDIA A100-SXM4-40GB MIG 4g.20gb (0),1,,13,"void convert_kernel<float2, __half2>(tensor_layout_any, T1 *, tensor_layout_any, const T2 *)"
20390966217,23328,421453,2253,1,1,128,1,1,16,0.000,0.000,,,,,NVIDIA A100-SXM4-40GB MIG 4g.20gb (0),1,,13,cupy_copy__float16_float16
20391045576,13472,421462,282,1,1,128,1,1,16,0.000,0.000,,,,,NVIDIA A100-SXM4-40GB MIG 4g.20gb (0),1,,13,cupy_copy__complex64_complex64
20391110248,14815,421471,26,1,1,128,1,1,16,0.000,0.000,,,,,NVIDIA A100-SXM4-40GB MIG 4g.20gb (0),1,,13,cupy_copy__float32_float32
20391187079,13824,421480,103,1,1,128,1,1,16,0.000,0.000,,,,,NVIDIA A100-SXM4-40GB MIG 4g.20gb (0),1,,13,cupy_copy__complex64_complex64
20391244710,33280,421490,1434,1,1,128,1,1,16,0.000,0.000,,,,,NVIDIA A100-SXM4-40GB MIG 4g.20gb (0),1,,13,cupy_copy__complex64_complex64
20391396612,682969,421495,1,1,1,32,32,1,30,0.000,0.000,,,,,NVIDIA A100-SXM4-40GB MIG 4g.20gb (0),1,,13,"void convert_kernel<__half2, float2>(tensor_layout_any, T1 *, tensor_layout_any, const T2 *)"
20392111356,5728,421498,,,,,,,,,,0.094,16357.541,Pinned,Device,NVIDIA A100-SXM4-40GB MIG 4g.20gb (0),1,,13,[CUDA memcpy Host-to-Device]
20392261691,605561,421499,,,,,,,,,,456.561,753782.937,Device,,NVIDIA A100-SXM4-40GB MIG 4g.20gb (0),1,,13,[CUDA memset]
20392867988,49343,421504,,,,,,,,,,1.235,25027.375,Pinned,Device,NVIDIA A100-SXM4-40GB MIG 4g.20gb (0),1,,13,[CUDA memcpy Host-to-Device]
20392920979,10912,421505,,,,,,,,,,0.197,18017.550,Pinned,Device,NVIDIA A100-SXM4-40GB MIG 4g.20gb (0),1,,13,[CUDA memcpy Host-to-Device]
20393093169,21312,421506,69,4,1,48,1,1,76,0.002,0.000,,,,,NVIDIA A100-SXM4-40GB MIG 4g.20gb (0),1,,13,"void ch_est::windowedChEstPreNoDftSOfdmKernel<float, __half, float, (unsigned int)2, (unsigned int)1, (unsigned short)4>(ch_est::puschRxChEstStatDescr_t *, ch_est::puschRxChEstDynDescr_t *)"
20393170673,22143,421507,137,2,1,24,2,1,44,0.001,0.001,,,,,NVIDIA A100-SXM4-40GB MIG 4g.20gb (0),1,,13,"void ch_est::chEstFilterNoDftSOfdmDispatchKernel<float, __half, float, (unsigned int)2>(ch_est::puschRxChEstStatDescr_t *, ch_est::puschRxChEstDynDescr_t *)"
20393198576,5440,421508,137,2,1,24,2,1,44,0.001,0.001,,,,,NVIDIA A100-SXM4-40GB MIG 4g.20gb (0),1,,13,"void ch_est::chEstFilterNoDftSOfdmDispatchKernel<float, __half, float, (unsigned int)2>(ch_est::puschRxChEstStatDescr_t *, ch_est::puschRxChEstDynDescr_t *)"
20393206128,2560,421519,103,1,1,128,1,1,16,0.000,0.000,,,,,NVIDIA A100-SXM4-40GB MIG 4g.20gb (0),1,,13,cupy_copy__complex64_complex64
20393210768,13024,421529,1434,1,1,128,1,1,16,0.000,0.000,,,,,NVIDIA A100-SXM4-40GB MIG 4g.20gb (0),1,,13,cupy_copy__complex64_complex64
20393225040,2496,421536,103,1,1,128,1,1,16,0.000,0.000,,,,,NVIDIA A100-SXM4-40GB MIG 4g.20gb (0),1,,13,cupy_copy__complex64_complex64
20393229392,80159,421543,1,1,1,32,32,1,30,0.000,0.000,,,,,NVIDIA A100-SXM4-40GB MIG 4g.20gb (0),1,,13,"void convert_kernel<__half2, float2>(tensor_layout_any, T1 *, tensor_layout_any, const T2 *)"
20393338799,5760,421546,,,,,,,,,,0.094,16266.656,Pinned,Device,NVIDIA A100-SXM4-40GB MIG 4g.20gb (0),1,,13,[CUDA memcpy Host-to-Device]
20393350319,50751,421547,,,,,,,,,,35.810,705598.664,Device,,NVIDIA A100-SXM4-40GB MIG 4g.20gb (0),1,,13,[CUDA memset]
20393404526,2336,421549,,,,,,,,,,0.000,34.247,Pinned,Device,NVIDIA A100-SXM4-40GB MIG 4g.20gb (0),1,,13,[CUDA memcpy Host-to-Device]
20393410094,10048,421550,,,,,,,,,,0.197,19566.821,Pinned,Device,NVIDIA A100-SXM4-40GB MIG 4g.20gb (0),1,,13,[CUDA memcpy Host-to-Device]
20393449293,16416,421551,273,1,1,48,1,1,40,0.000,0.001,,,,,NVIDIA A100-SXM4-40GB MIG 4g.20gb (0),1,,13,"void pusch_noise_intf_est::noiseIntfEstNoDftSOfdmKernel<float, __half, float, float, (unsigned int)2, (unsigned int)1, (unsigned char)4, (unsigned char)4>(pusch_noise_intf_est::puschRxNoiseIntfEstDynDescr)"
20393527469,4256,421562,35,1,1,128,1,1,16,0.000,0.000,,,,,NVIDIA A100-SXM4-40GB MIG 4g.20gb (0),1,,13,cupy_copy__complex64_complex64
20393533005,3871,421571,1,1,1,1,1,1,18,0.000,0.000,,,,,NVIDIA A100-SXM4-40GB MIG 4g.20gb (0),1,,13,cupy_copy__float32_float32
20393547180,1600,421577,,,,,,,,,,0.000,2.500,Device,Pageable,NVIDIA A100-SXM4-40GB MIG 4g.20gb (0),1,,7,[CUDA memcpy Device-to-Host]
20393610444,16479,421588,1434,1,1,128,1,1,16,0.000,0.000,,,,,NVIDIA A100-SXM4-40GB MIG 4g.20gb (0),1,,13,cupy_copy__complex64_complex64
20393635883,3200,421595,103,1,1,128,1,1,16,0.000,0.000,,,,,NVIDIA A100-SXM4-40GB MIG 4g.20gb (0),1,,13,cupy_copy__complex64_complex64
20393656843,2464,421602,35,1,1,128,1,1,16,0.000,0.000,,,,,NVIDIA A100-SXM4-40GB MIG 4g.20gb (0),1,,13,cupy_copy__complex64_complex64
20393741866,3296,421609,1,1,1,1,1,1,18,0.000,0.000,,,,,NVIDIA A100-SXM4-40GB MIG 4g.20gb (0),1,,13,cupy_copy__float32_float32
20393823273,454235,421620,1,1,1,32,32,1,30,0.000,0.000,,,,,NVIDIA A100-SXM4-40GB MIG 4g.20gb (0),1,,13,"void convert_kernel<__half2, float2>(tensor_layout_any, T1 *, tensor_layout_any, const T2 *)"
20394306372,5696,421623,,,,,,,,,,0.094,16449.363,Pinned,Device,NVIDIA A100-SXM4-40GB MIG 4g.20gb (0),1,,13,[CUDA memcpy Host-to-Device]
20394503394,4832,421624,,,,,,,,,,1.547,320078.477,Device,,NVIDIA A100-SXM4-40GB MIG 4g.20gb (0),1,,13,[CUDA memset]
20394515650,3904,421629,,,,,,,,,,0.031,8016.377,Pinned,Device,NVIDIA A100-SXM4-40GB MIG 4g.20gb (0),1,,13,[CUDA memcpy Host-to-Device]
20394521985,10112,421630,,,,,,,,,,0.197,19442.958,Pinned,Device,NVIDIA A100-SXM4-40GB MIG 4g.20gb (0),1,,13,[CUDA memcpy Host-to-Device]
20394671104,15168,421631,273,1,1,8,4,1,39,0.002,0.000,,,,,NVIDIA A100-SXM4-40GB MIG 4g.20gb (0),1,,13,"void channel_eq::eqMmseCoefCompLowMimoKernel<float, float, float, (unsigned int)4, (unsigned int)1, (unsigned int)4>(const channel_eq::_puschRxChEqStatDescr *, channel_eq::_puschRxChEqCoefCompDynDescr)"
20394744191,13600,421632,273,1,1,12,11,1,51,0.002,0.000,,,,,NVIDIA A100-SXM4-40GB MIG 4g.20gb (0),1,,13,"void channel_eq::eqMmseSoftDemapKernel<float, __half, __half, float, (unsigned int)4, (unsigned short)16383>(channel_eq::_puschRxChEqStatDescr *, channel_eq::_puschRxChEqSoftDemapDynDescr)"
20394981436,781080,421633,1,1,1,32,32,1,30,0.000,0.000,,,,,NVIDIA A100-SXM4-40GB MIG 4g.20gb (0),1,,13,"void convert_kernel<float2, __half2>(tensor_layout_any, T1 *, tensor_layout_any, const T2 *)"
20396100400,17568,421645,2253,1,1,128,1,1,16,0.000,0.000,,,,,NVIDIA A100-SXM4-40GB MIG 4g.20gb (0),1,,13,cupy_copy__float16_float16
20396479916,4608,421654,282,1,1,128,1,1,16,0.000,0.000,,,,,NVIDIA A100-SXM4-40GB MIG 4g.20gb (0),1,,13,cupy_copy__complex64_complex64
20396788968,3744,421663,26,1,1,128,1,1,16,0.000,0.000,,,,,NVIDIA A100-SXM4-40GB MIG 4g.20gb (0),1,,13,cupy_copy__float32_float32
20397092549,8128,421672,103,1,1,128,1,1,16,0.000,0.000,,,,,NVIDIA A100-SXM4-40GB MIG 4g.20gb (0),1,,13,cupy_copy__complex64_complex64
20397133700,24704,421682,1434,1,1,128,1,1,16,0.000,0.000,,,,,NVIDIA A100-SXM4-40GB MIG 4g.20gb (0),1,,13,cupy_copy__complex64_complex64
20397160452,319356,421687,1,1,1,32,32,1,30,0.000,0.000,,,,,NVIDIA A100-SXM4-40GB MIG 4g.20gb (0),1,,13,"void convert_kernel<__half2, float2>(tensor_layout_any, T1 *, tensor_layout_any, const T2 *)"
20397511872,5472,421690,,,,,,,,,,0.094,17122.757,Pinned,Device,NVIDIA A100-SXM4-40GB MIG 4g.20gb (0),1,,13,[CUDA memcpy Host-to-Device]
20397522464,607545,421691,,,,,,,,,,456.561,751043.569,Device,,NVIDIA A100-SXM4-40GB MIG 4g.20gb (0),1,,13,[CUDA memset]
20398137465,51168,421696,,,,,,,,,,1.235,24134.511,Pinned,Device,NVIDIA A100-SXM4-40GB MIG 4g.20gb (0),1,,13,[CUDA memcpy Host-to-Device]
20398191961,10559,421697,,,,,,,,,,0.197,18619.761,Pinned,Device,NVIDIA A100-SXM4-40GB MIG 4g.20gb (0),1,,13,[CUDA memcpy Host-to-Device]
20398339351,11936,421698,69,4,1,48,1,1,76,0.002,0.000,,,,,NVIDIA A100-SXM4-40GB MIG 4g.20gb (0),1,,13,"void ch_est::windowedChEstPreNoDftSOfdmKernel<float, __half, float, (unsigned int)2, (unsigned int)1, (unsigned short)4>(ch_est::puschRxChEstStatDescr_t *, ch_est::puschRxChEstDynDescr_t *)"
20398558740,9728,421699,137,2,1,24,2,1,44,0.001,0.001,,,,,NVIDIA A100-SXM4-40GB MIG 4g.20gb (0),1,,13,"void ch_est::chEstFilterNoDftSOfdmDispatchKernel<float, __half, float, (unsigned int)2>(ch_est::puschRxChEstStatDescr_t *, ch_est::puschRxChEstDynDescr_t *)"
20398675091,9952,421700,137,2,1,24,2,1,44,0.001,0.001,,,,,NVIDIA A100-SXM4-40GB MIG 4g.20gb (0),1,,13,"void ch_est::chEstFilterNoDftSOfdmDispatchKernel<float, __half, float, (unsigned int)2>(ch_est::puschRxChEstStatDescr_t *, ch_est::puschRxChEstDynDescr_t *)"
20398777682,4160,421711,103,1,1,128,1,1,16,0.000,0.000,,,,,NVIDIA A100-SXM4-40GB MIG 4g.20gb (0),1,,13,cupy_copy__complex64_complex64
20399000816,17343,421721,1434,1,1,128,1,1,16,0.000,0.000,,,,,NVIDIA A100-SXM4-40GB MIG 4g.20gb (0),1,,13,cupy_copy__complex64_complex64
20399253549,4320,421728,103,1,1,128,1,1,16,0.000,0.000,,,,,NVIDIA A100-SXM4-40GB MIG 4g.20gb (0),1,,13,cupy_copy__complex64_complex64
20399562313,318365,421735,1,1,1,32,32,1,30,0.000,0.000,,,,,NVIDIA A100-SXM4-40GB MIG 4g.20gb (0),1,,13,"void convert_kernel<__half2, float2>(tensor_layout_any, T1 *, tensor_layout_any, const T2 *)"
20399911845,5920,421738,,,,,,,,,,0.094,15826.941,Pinned,Device,NVIDIA A100-SXM4-40GB MIG 4g.20gb (0),1,,13,[CUDA memcpy Host-to-Device]
20400113795,49856,421739,,,,,,,,,,35.810,718239.565,Device,,NVIDIA A100-SXM4-40GB MIG 4g.20gb (0),1,,13,[CUDA memset]
20400169570,3456,421741,,,,,,,,,,0.000,23.148,Pinned,Device,NVIDIA A100-SXM4-40GB MIG 4g.20gb (0),1,,13,[CUDA memcpy Host-to-Device]
20400176898,9696,421742,,,,,,,,,,0.197,20277.166,Pinned,Device,NVIDIA A100-SXM4-40GB MIG 4g.20gb (0),1,,13,[CUDA memcpy Host-to-Device]
20400451231,14784,421743,273,1,1,48,1,1,40,0.000,0.001,,,,,NVIDIA A100-SXM4-40GB MIG 4g.20gb (0),1,,13,"void pusch_noise_intf_est::noiseIntfEstNoDftSOfdmKernel<float, __half, float, float, (unsigned int)2, (unsigned int)1, (unsigned char)4, (unsigned char)4>(pusch_noise_intf_est::puschRxNoiseIntfEstDynDescr)"
20400723836,3968,421754,35,1,1,128,1,1,16,0.000,0.000,,,,,NVIDIA A100-SXM4-40GB MIG 4g.20gb (0),1,,13,cupy_copy__complex64_complex64
20400882235,8991,421763,1,1,1,1,1,1,18,0.000,0.000,,,,,NVIDIA A100-SXM4-40GB MIG 4g.20gb (0),1,,13,cupy_copy__float32_float32
20400900634,2976,421769,,,,,,,,,,0.000,1.344,Device,Pageable,NVIDIA A100-SXM4-40GB MIG 4g.20gb (0),1,,7,[CUDA memcpy Device-to-Host]
20401007929,17856,421780,1434,1,1,128,1,1,16,0.000,0.000,,,,,NVIDIA A100-SXM4-40GB MIG 4g.20gb (0),1,,13,cupy_copy__complex64_complex64
20401027257,3232,421787,103,1,1,128,1,1,16,0.000,0.000,,,,,NVIDIA A100-SXM4-40GB MIG 4g.20gb (0),1,,13,cupy_copy__complex64_complex64
20401068600,8640,421794,35,1,1,128,1,1,16,0.000,0.000,,,,,NVIDIA A100-SXM4-40GB MIG 4g.20gb (0),1,,13,cupy_copy__complex64_complex64
20401079992,2784,421801,1,1,1,1,1,1,18,0.000,0.000,,,,,NVIDIA A100-SXM4-40GB MIG 4g.20gb (0),1,,13,cupy_copy__float32_float32
20401179799,382716,421812,1,1,1,32,32,1,30,0.000,0.000,,,,,NVIDIA A100-SXM4-40GB MIG 4g.20gb (0),1,,13,"void convert_kernel<__half2, float2>(tensor_layout_any, T1 *, tensor_layout_any, const T2 *)"
20401591827,5888,421815,,,,,,,,,,0.094,15912.954,Pinned,Device,NVIDIA A100-SXM4-40GB MIG 4g.20gb (0),1,,13,[CUDA memcpy Host-to-Device]
20401606866,3584,421816,,,,,,,,,,1.547,431534.389,Device,,NVIDIA A100-SXM4-40GB MIG 4g.20gb (0),1,,13,[CUDA memset]
20401622098,3008,421821,,,,,,,,,,0.031,10404.230,Pinned,Device,NVIDIA A100-SXM4-40GB MIG 4g.20gb (0),1,,13,[CUDA memcpy Host-to-Device]
20401627218,9376,421822,,,,,,,,,,0.197,20969.226,Pinned,Device,NVIDIA A100-SXM4-40GB MIG 4g.20gb (0),1,,13,[CUDA memcpy Host-to-Device]
20401640818,7104,421823,273,1,1,8,4,1,39,0.002,0.000,,,,,NVIDIA A100-SXM4-40GB MIG 4g.20gb (0),1,,13,"void channel_eq::eqMmseCoefCompLowMimoKernel<float, float, float, (unsigned int)4, (unsigned int)1, (unsigned int)4>(const channel_eq::_puschRxChEqStatDescr *, channel_eq::_puschRxChEqCoefCompDynDescr)"
20401649778,6656,421824,273,1,1,12,11,1,51,0.002,0.000,,,,,NVIDIA A100-SXM4-40GB MIG 4g.20gb (0),1,,13,"void channel_eq::eqMmseSoftDemapKernel<float, __half, __half, float, (unsigned int)4, (unsigned short)16383>(channel_eq::_puschRxChEqStatDescr *, channel_eq::_puschRxChEqSoftDemapDynDescr)"
20401658514,905238,421825,1,1,1,32,32,1,30,0.000,0.000,,,,,NVIDIA A100-SXM4-40GB MIG 4g.20gb (0),1,,13,"void convert_kernel<float2, __half2>(tensor_layout_any, T1 *, tensor_layout_any, const T2 *)"
20402697382,21088,421837,2253,1,1,128,1,1,16,0.000,0.000,,,,,NVIDIA A100-SXM4-40GB MIG 4g.20gb (0),1,,13,cupy_copy__float16_float16
20402856997,10367,421846,282,1,1,128,1,1,16,0.000,0.000,,,,,NVIDIA A100-SXM4-40GB MIG 4g.20gb (0),1,,13,cupy_copy__complex64_complex64
20403025795,3872,421855,26,1,1,128,1,1,16,0.000,0.000,,,,,NVIDIA A100-SXM4-40GB MIG 4g.20gb (0),1,,13,cupy_copy__float32_float32
20403085826,13120,421864,103,1,1,128,1,1,16,0.000,0.000,,,,,NVIDIA A100-SXM4-40GB MIG 4g.20gb (0),1,,13,cupy_copy__complex64_complex64
20403107138,13888,421874,1434,1,1,128,1,1,16,0.000,0.000,,,,,NVIDIA A100-SXM4-40GB MIG 4g.20gb (0),1,,13,cupy_copy__complex64_complex64
20403172897,409819,421879,1,1,1,32,32,1,30,0.000,0.000,,,,,NVIDIA A100-SXM4-40GB MIG 4g.20gb (0),1,,13,"void convert_kernel<__half2, float2>(tensor_layout_any, T1 *, tensor_layout_any, const T2 *)"
20403613084,6176,421882,,,,,,,,,,0.094,15170.975,Pinned,Device,NVIDIA A100-SXM4-40GB MIG 4g.20gb (0),1,,13,[CUDA memcpy Host-to-Device]
20403659900,610073,421883,,,,,,,,,,456.561,748304.200,Device,,NVIDIA A100-SXM4-40GB MIG 4g.20gb (0),1,,13,[CUDA memset]
20404277301,59263,421888,,,,,,,,,,1.235,20837.210,Pinned,Device,NVIDIA A100-SXM4-40GB MIG 4g.20gb (0),1,,13,[CUDA memcpy Host-to-Device]
20404339988,14336,421889,,,,,,,,,,0.197,13714.194,Pinned,Device,NVIDIA A100-SXM4-40GB MIG 4g.20gb (0),1,,13,[CUDA memcpy Host-to-Device]
20404388147,13632,421890,69,4,1,48,1,1,76,0.002,0.000,,,,,NVIDIA A100-SXM4-40GB MIG 4g.20gb (0),1,,13,"void ch_est::windowedChEstPreNoDftSOfdmKernel<float, __half, float, (unsigned int)2, (unsigned int)1, (unsigned short)4>(ch_est::puschRxChEstStatDescr_t *, ch_est::puschRxChEstDynDescr_t *)"
20404630193,12480,421891,137,2,1,24,2,1,44,0.001,0.001,,,,,NVIDIA A100-SXM4-40GB MIG 4g.20gb (0),1,,13,"void ch_est::chEstFilterNoDftSOfdmDispatchKernel<float, __half, float, (unsigned int)2>(ch_est::puschRxChEstStatDescr_t *, ch_est::puschRxChEstDynDescr_t *)"
20404948237,16896,421892,137,2,1,24,2,1,44,0.001,0.001,,,,,NVIDIA A100-SXM4-40GB MIG 4g.20gb (0),1,,13,"void ch_est::chEstFilterNoDftSOfdmDispatchKernel<float, __half, float, (unsigned int)2>(ch_est::puschRxChEstStatDescr_t *, ch_est::puschRxChEstDynDescr_t *)"
20405010252,8768,421903,103,1,1,128,1,1,16,0.000,0.000,,,,,NVIDIA A100-SXM4-40GB MIG 4g.20gb (0),1,,13,cupy_copy__complex64_complex64
20405242090,20064,421913,1434,1,1,128,1,1,16,0.000,0.000,,,,,NVIDIA A100-SXM4-40GB MIG 4g.20gb (0),1,,13,cupy_copy__complex64_complex64
20405493255,3872,421920,103,1,1,128,1,1,16,0.000,0.000,,,,,NVIDIA A100-SXM4-40GB MIG 4g.20gb (0),1,,13,cupy_copy__complex64_complex64
20405726469,298396,421927,1,1,1,32,32,1,30,0.000,0.000,,,,,NVIDIA A100-SXM4-40GB MIG 4g.20gb (0),1,,13,"void convert_kernel<__half2, float2>(tensor_layout_any, T1 *, tensor_layout_any, const T2 *)"
20406054881,6112,421930,,,,,,,,,,0.094,15329.790,Pinned,Device,NVIDIA A100-SXM4-40GB MIG 4g.20gb (0),1,,13,[CUDA memcpy Host-to-Device]
20406245503,49407,421931,,,,,,,,,,35.810,724792.781,Device,,NVIDIA A100-SXM4-40GB MIG 4g.20gb (0),1,,13,[CUDA memset]
20406296350,1952,421933,,,,,,,,,,0.000,40.984,Pinned,Device,NVIDIA A100-SXM4-40GB MIG 4g.20gb (0),1,,13,[CUDA memcpy Host-to-Device]
20406303870,10016,421934,,,,,,,,,,0.197,19629.343,Pinned,Device,NVIDIA A100-SXM4-40GB MIG 4g.20gb (0),1,,13,[CUDA memcpy Host-to-Device]
20406529468,24959,421935,273,1,1,48,1,1,40,0.000,0.001,,,,,NVIDIA A100-SXM4-40GB MIG 4g.20gb (0),1,,13,"void pusch_noise_intf_est::noiseIntfEstNoDftSOfdmKernel<float, __half, float, float, (unsigned int)2, (unsigned int)1, (unsigned char)4, (unsigned char)4>(pusch_noise_intf_est::puschRxNoiseIntfEstDynDescr)"
20406707130,3584,421946,35,1,1,128,1,1,16,0.000,0.000,,,,,NVIDIA A100-SXM4-40GB MIG 4g.20gb (0),1,,13,cupy_copy__complex64_complex64
20406713178,2815,421955,1,1,1,1,1,1,18,0.000,0.000,,,,,NVIDIA A100-SXM4-40GB MIG 4g.20gb (0),1,,13,cupy_copy__float32_float32
20406721145,1568,421961,,,,,,,,,,0.000,2.551,Device,Pageable,NVIDIA A100-SXM4-40GB MIG 4g.20gb (0),1,,7,[CUDA memcpy Device-to-Host]
20406873656,16672,421972,1434,1,1,128,1,1,16,0.000,0.000,,,,,NVIDIA A100-SXM4-40GB MIG 4g.20gb (0),1,,13,cupy_copy__complex64_complex64
20406891544,3487,421979,103,1,1,128,1,1,16,0.000,0.000,,,,,NVIDIA A100-SXM4-40GB MIG 4g.20gb (0),1,,13,cupy_copy__complex64_complex64
20406896983,2432,421986,35,1,1,128,1,1,16,0.000,0.000,,,,,NVIDIA A100-SXM4-40GB MIG 4g.20gb (0),1,,13,cupy_copy__complex64_complex64
20406901623,2016,421993,1,1,1,1,1,1,18,0.000,0.000,,,,,NVIDIA A100-SXM4-40GB MIG 4g.20gb (0),1,,13,cupy_copy__float32_float32
20406987190,79712,422004,1,1,1,32,32,1,30,0.000,0.000,,,,,NVIDIA A100-SXM4-40GB MIG 4g.20gb (0),1,,13,"void convert_kernel<__half2, float2>(tensor_layout_any, T1 *, tensor_layout_any, const T2 *)"
20407098677,5376,422007,,,,,,,,,,0.094,17428.487,Pinned,Device,NVIDIA A100-SXM4-40GB MIG 4g.20gb (0),1,,13,[CUDA memcpy Host-to-Device]
20407112821,3232,422008,,,,,,,,,,1.547,478533.199,Device,,NVIDIA A100-SXM4-40GB MIG 4g.20gb (0),1,,13,[CUDA memset]
20407119317,3008,422013,,,,,,,,,,0.031,10404.230,Pinned,Device,NVIDIA A100-SXM4-40GB MIG 4g.20gb (0),1,,13,[CUDA memcpy Host-to-Device]
20407124757,9824,422014,,,,,,,,,,0.197,20012.925,Pinned,Device,NVIDIA A100-SXM4-40GB MIG 4g.20gb (0),1,,13,[CUDA memcpy Host-to-Device]
20407138517,5952,422015,273,1,1,8,4,1,39,0.002,0.000,,,,,NVIDIA A100-SXM4-40GB MIG 4g.20gb (0),1,,13,"void channel_eq::eqMmseCoefCompLowMimoKernel<float, float, float, (unsigned int)4, (unsigned int)1, (unsigned int)4>(const channel_eq::_puschRxChEqStatDescr *, channel_eq::_puschRxChEqCoefCompDynDescr)"
20407146549,5792,422016,273,1,1,12,11,1,51,0.002,0.000,,,,,NVIDIA A100-SXM4-40GB MIG 4g.20gb (0),1,,13,"void channel_eq::eqMmseSoftDemapKernel<float, __half, __half, float, (unsigned int)4, (unsigned short)16383>(channel_eq::_puschRxChEqStatDescr *, channel_eq::_puschRxChEqSoftDemapDynDescr)"
20407200212,839895,422017,1,1,1,32,32,1,30,0.000,0.000,,,,,NVIDIA A100-SXM4-40GB MIG 4g.20gb (0),1,,13,"void convert_kernel<float2, __half2>(tensor_layout_any, T1 *, tensor_layout_any, const T2 *)"
20408192649,16512,422029,2253,1,1,128,1,1,16,0.000,0.000,,,,,NVIDIA A100-SXM4-40GB MIG 4g.20gb (0),1,,13,cupy_copy__float16_float16
20408382759,8608,422038,282,1,1,128,1,1,16,0.000,0.000,,,,,NVIDIA A100-SXM4-40GB MIG 4g.20gb (0),1,,13,cupy_copy__complex64_complex64
20408463718,7168,422047,26,1,1,128,1,1,16,0.000,0.000,,,,,NVIDIA A100-SXM4-40GB MIG 4g.20gb (0),1,,13,cupy_copy__float32_float32
20408636036,11712,422056,103,1,1,128,1,1,16,0.000,0.000,,,,,NVIDIA A100-SXM4-40GB MIG 4g.20gb (0),1,,13,cupy_copy__complex64_complex64
20408724035,19840,422066,1434,1,1,128,1,1,16,0.000,0.000,,,,,NVIDIA A100-SXM4-40GB MIG 4g.20gb (0),1,,13,cupy_copy__complex64_complex64
20408814178,411483,422071,1,1,1,32,32,1,30,0.000,0.000,,,,,NVIDIA A100-SXM4-40GB MIG 4g.20gb (0),1,,13,"void convert_kernel<__half2, float2>(tensor_layout_any, T1 *, tensor_layout_any, const T2 *)"
20409256765,5728,422074,,,,,,,,,,0.094,16357.541,Pinned,Device,NVIDIA A100-SXM4-40GB MIG 4g.20gb (0),1,,13,[CUDA memcpy Host-to-Device]
20409310429,612665,422075,,,,,,,,,,456.561,745108.270,Device,,NVIDIA A100-SXM4-40GB MIG 4g.20gb (0),1,,13,[CUDA memset]
20409930038,53343,422080,,,,,,,,,,1.235,23150.260,Pinned,Device,NVIDIA A100-SXM4-40GB MIG 4g.20gb (0),1,,13,[CUDA memcpy Host-to-Device]
20409986133,10432,422081,,,,,,,,,,0.197,18846.450,Pinned,Device,NVIDIA A100-SXM4-40GB MIG 4g.20gb (0),1,,13,[CUDA memcpy Host-to-Device]
20410090900,11520,422082,69,4,1,48,1,1,76,0.002,0.000,,,,,NVIDIA A100-SXM4-40GB MIG 4g.20gb (0),1,,13,"void ch_est::windowedChEstPreNoDftSOfdmKernel<float, __half, float, (unsigned int)2, (unsigned int)1, (unsigned short)4>(ch_est::puschRxChEstStatDescr_t *, ch_est::puschRxChEstDynDescr_t *)"
20410305553,22752,422083,137,2,1,24,2,1,44,0.001,0.001,,,,,NVIDIA A100-SXM4-40GB MIG 4g.20gb (0),1,,13,"void ch_est::chEstFilterNoDftSOfdmDispatchKernel<float, __half, float, (unsigned int)2>(ch_est::puschRxChEstStatDescr_t *, ch_est::puschRxChEstDynDescr_t *)"
20410538639,21888,422084,137,2,1,24,2,1,44,0.001,0.001,,,,,NVIDIA A100-SXM4-40GB MIG 4g.20gb (0),1,,13,"void ch_est::chEstFilterNoDftSOfdmDispatchKernel<float, __half, float, (unsigned int)2>(ch_est::puschRxChEstStatDescr_t *, ch_est::puschRxChEstDynDescr_t *)"
20410698541,8192,422095,103,1,1,128,1,1,16,0.000,0.000,,,,,NVIDIA A100-SXM4-40GB MIG 4g.20gb (0),1,,13,cupy_copy__complex64_complex64
20410863467,26304,422105,1434,1,1,128,1,1,16,0.000,0.000,,,,,NVIDIA A100-SXM4-40GB MIG 4g.20gb (0),1,,13,cupy_copy__complex64_complex64
20411094569,6368,422112,103,1,1,128,1,1,16,0.000,0.000,,,,,NVIDIA A100-SXM4-40GB MIG 4g.20gb (0),1,,13,cupy_copy__complex64_complex64
20411227655,432059,422119,1,1,1,32,32,1,30,0.000,0.000,,,,,NVIDIA A100-SXM4-40GB MIG 4g.20gb (0),1,,13,"void convert_kernel<__half2, float2>(tensor_layout_any, T1 *, tensor_layout_any, const T2 *)"
20411688546,6656,422122,,,,,,,,,,0.094,14076.887,Pinned,Device,NVIDIA A100-SXM4-40GB MIG 4g.20gb (0),1,,13,[CUDA memcpy Host-to-Device]
20411847296,50496,422123,,,,,,,,,,35.810,709143.846,Device,,NVIDIA A100-SXM4-40GB MIG 4g.20gb (0),1,,13,[CUDA memset]
20411906880,4160,422125,,,,,,,,,,0.000,19.231,Pinned,Device,NVIDIA A100-SXM4-40GB MIG 4g.20gb (0),1,,13,[CUDA memcpy Host-to-Device]
20411916895,12032,422126,,,,,,,,,,0.197,16340.287,Pinned,Device,NVIDIA A100-SXM4-40GB MIG 4g.20gb (0),1,,13,[CUDA memcpy Host-to-Device]
20412026590,19168,422127,273,1,1,48,1,1,40,0.000,0.001,,,,,NVIDIA A100-SXM4-40GB MIG 4g.20gb (0),1,,13,"void pusch_noise_intf_est::noiseIntfEstNoDftSOfdmKernel<float, __half, float, float, (unsigned int)2, (unsigned int)1, (unsigned char)4, (unsigned char)4>(pusch_noise_intf_est::puschRxNoiseIntfEstDynDescr)"
20412138237,7584,422138,35,1,1,128,1,1,16,0.000,0.000,,,,,NVIDIA A100-SXM4-40GB MIG 4g.20gb (0),1,,13,cupy_copy__complex64_complex64
20412187324,10304,422147,1,1,1,1,1,1,18,0.000,0.000,,,,,NVIDIA A100-SXM4-40GB MIG 4g.20gb (0),1,,13,cupy_copy__float32_float32
20412208092,1600,422153,,,,,,,,,,0.000,2.500,Device,Pageable,NVIDIA A100-SXM4-40GB MIG 4g.20gb (0),1,,7,[CUDA memcpy Device-to-Host]
20412287931,13088,422164,1434,1,1,128,1,1,16,0.000,0.000,,,,,NVIDIA A100-SXM4-40GB MIG 4g.20gb (0),1,,13,cupy_copy__complex64_complex64
20412320411,2784,422171,103,1,1,128,1,1,16,0.000,0.000,,,,,NVIDIA A100-SXM4-40GB MIG 4g.20gb (0),1,,13,cupy_copy__complex64_complex64
20412341691,2496,422178,35,1,1,128,1,1,16,0.000,0.000,,,,,NVIDIA A100-SXM4-40GB MIG 4g.20gb (0),1,,13,cupy_copy__complex64_complex64
20412360539,1919,422185,1,1,1,1,1,1,18,0.000,0.000,,,,,NVIDIA A100-SXM4-40GB MIG 4g.20gb (0),1,,13,cupy_copy__float32_float32
20412551000,291293,422196,1,1,1,32,32,1,30,0.000,0.000,,,,,NVIDIA A100-SXM4-40GB MIG 4g.20gb (0),1,,13,"void convert_kernel<__half2, float2>(tensor_layout_any, T1 *, tensor_layout_any, const T2 *)"
20412874709,5856,422199,,,,,,,,,,0.094,15999.997,Pinned,Device,NVIDIA A100-SXM4-40GB MIG 4g.20gb (0),1,,13,[CUDA memcpy Host-to-Device]
20412889077,4224,422200,,,,,,,,,,1.547,366150.859,Device,,NVIDIA A100-SXM4-40GB MIG 4g.20gb (0),1,,13,[CUDA memset]
20412894997,3008,422205,,,,,,,,,,0.031,10404.230,Pinned,Device,NVIDIA A100-SXM4-40GB MIG 4g.20gb (0),1,,13,[CUDA memcpy Host-to-Device]
20412900084,9920,422206,,,,,,,,,,0.197,19819.266,Pinned,Device,NVIDIA A100-SXM4-40GB MIG 4g.20gb (0),1,,13,[CUDA memcpy Host-to-Device]
20412973076,19967,422207,273,1,1,8,4,1,39,0.002,0.000,,,,,NVIDIA A100-SXM4-40GB MIG 4g.20gb (0),1,,13,"void channel_eq::eqMmseCoefCompLowMimoKernel<float, float, float, (unsigned int)4, (unsigned int)1, (unsigned int)4>(const channel_eq::_puschRxChEqStatDescr *, channel_eq::_puschRxChEqCoefCompDynDescr)"
20413120178,15488,422208,273,1,1,12,11,1,51,0.002,0.000,,,,,NVIDIA A100-SXM4-40GB MIG 4g.20gb (0),1,,13,"void channel_eq::eqMmseSoftDemapKernel<float, __half, __half, float, (unsigned int)4, (unsigned short)16383>(channel_eq::_puschRxChEqStatDescr *, channel_eq::_puschRxChEqSoftDemapDynDescr)"
20413381519,742936,422209,1,1,1,32,32,1,30,0.000,0.000,,,,,NVIDIA A100-SXM4-40GB MIG 4g.20gb (0),1,,13,"void convert_kernel<float2, __half2>(tensor_layout_any, T1 *, tensor_layout_any, const T2 *)"
20414334597,13087,422221,2253,1,1,128,1,1,16,0.000,0.000,,,,,NVIDIA A100-SXM4-40GB MIG 4g.20gb (0),1,,13,cupy_copy__float16_float16
20414664257,5280,422230,282,1,1,128,1,1,16,0.000,0.000,,,,,NVIDIA A100-SXM4-40GB MIG 4g.20gb (0),1,,13,cupy_copy__complex64_complex64
20414892862,2880,422239,26,1,1,128,1,1,16,0.000,0.000,,,,,NVIDIA A100-SXM4-40GB MIG 4g.20gb (0),1,,13,cupy_copy__float32_float32
20414933630,10400,422248,103,1,1,128,1,1,16,0.000,0.000,,,,,NVIDIA A100-SXM4-40GB MIG 4g.20gb (0),1,,13,cupy_copy__complex64_complex64
20415117564,19488,422258,1434,1,1,128,1,1,16,0.000,0.000,,,,,NVIDIA A100-SXM4-40GB MIG 4g.20gb (0),1,,13,cupy_copy__complex64_complex64
20415348249,242269,422263,1,1,1,32,32,1,30,0.000,0.000,,,,,NVIDIA A100-SXM4-40GB MIG 4g.20gb (0),1,,13,"void convert_kernel<__half2, float2>(tensor_layout_any, T1 *, tensor_layout_any, const T2 *)"
20415624630,5984,422266,,,,,,,,,,0.094,15657.726,Pinned,Device,NVIDIA A100-SXM4-40GB MIG 4g.20gb (0),1,,13,[CUDA memcpy Host-to-Device]
20415714549,609081,422267,,,,,,,,,,456.561,749217.323,Device,,NVIDIA A100-SXM4-40GB MIG 4g.20gb (0),1,,13,[CUDA memset]
20416326606,51040,422272,,,,,,,,,,1.235,24195.023,Pinned,Device,NVIDIA A100-SXM4-40GB MIG 4g.20gb (0),1,,13,[CUDA memcpy Host-to-Device]
20416380110,10272,422273,,,,,,,,,,0.197,19140.182,Pinned,Device,NVIDIA A100-SXM4-40GB MIG 4g.20gb (0),1,,13,[CUDA memcpy Host-to-Device]
20416555276,31615,422274,69,4,1,48,1,1,76,0.002,0.000,,,,,NVIDIA A100-SXM4-40GB MIG 4g.20gb (0),1,,13,"void ch_est::windowedChEstPreNoDftSOfdmKernel<float, __half, float, (unsigned int)2, (unsigned int)1, (unsigned short)4>(ch_est::puschRxChEstStatDescr_t *, ch_est::puschRxChEstDynDescr_t *)"
20416691466,21152,422275,137,2,1,24,2,1,44,0.001,0.001,,,,,NVIDIA A100-SXM4-40GB MIG 4g.20gb (0),1,,13,"void ch_est::chEstFilterNoDftSOfdmDispatchKernel<float, __half, float, (unsigned int)2>(ch_est::puschRxChEstStatDescr_t *, ch_est::puschRxChEstDynDescr_t *)"
20416732554,15584,422276,137,2,1,24,2,1,44,0.001,0.001,,,,,NVIDIA A100-SXM4-40GB MIG 4g.20gb (0),1,,13,"void ch_est::chEstFilterNoDftSOfdmDispatchKernel<float, __half, float, (unsigned int)2>(ch_est::puschRxChEstStatDescr_t *, ch_est::puschRxChEstDynDescr_t *)"
20416749898,2880,422287,103,1,1,128,1,1,16,0.000,0.000,,,,,NVIDIA A100-SXM4-40GB MIG 4g.20gb (0),1,,13,cupy_copy__complex64_complex64
20416791881,22720,422297,1434,1,1,128,1,1,16,0.000,0.000,,,,,NVIDIA A100-SXM4-40GB MIG 4g.20gb (0),1,,13,cupy_copy__complex64_complex64
20416890792,6144,422304,103,1,1,128,1,1,16,0.000,0.000,,,,,NVIDIA A100-SXM4-40GB MIG 4g.20gb (0),1,,13,cupy_copy__complex64_complex64
20416931688,422459,422311,1,1,1,32,32,1,30,0.000,0.000,,,,,NVIDIA A100-SXM4-40GB MIG 4g.20gb (0),1,,13,"void convert_kernel<__half2, float2>(tensor_layout_any, T1 *, tensor_layout_any, const T2 *)"
20417383906,6240,422314,,,,,,,,,,0.094,15015.346,Pinned,Device,NVIDIA A100-SXM4-40GB MIG 4g.20gb (0),1,,13,[CUDA memcpy Host-to-Device]
20417459362,51519,422315,,,,,,,,,,35.810,695070.547,Device,,NVIDIA A100-SXM4-40GB MIG 4g.20gb (0),1,,13,[CUDA memset]
20417516385,1824,422317,,,,,,,,,,0.000,43.860,Pinned,Device,NVIDIA A100-SXM4-40GB MIG 4g.20gb (0),1,,13,[CUDA memcpy Host-to-Device]
20417521409,9792,422318,,,,,,,,,,0.197,20078.395,Pinned,Device,NVIDIA A100-SXM4-40GB MIG 4g.20gb (0),1,,13,[CUDA memcpy Host-to-Device]
20417711391,17792,422319,273,1,1,48,1,1,40,0.000,0.001,,,,,NVIDIA A100-SXM4-40GB MIG 4g.20gb (0),1,,13,"void pusch_noise_intf_est::noiseIntfEstNoDftSOfdmKernel<float, __half, float, float, (unsigned int)2, (unsigned int)1, (unsigned char)4, (unsigned char)4>(pusch_noise_intf_est::puschRxNoiseIntfEstDynDescr)"
20417898141,10176,422330,35,1,1,128,1,1,16,0.000,0.000,,,,,NVIDIA A100-SXM4-40GB MIG 4g.20gb (0),1,,13,cupy_copy__complex64_complex64
20417990812,3648,422339,1,1,1,1,1,1,18,0.000,0.000,,,,,NVIDIA A100-SXM4-40GB MIG 4g.20gb (0),1,,13,cupy_copy__float32_float32
20418003388,5248,422345,,,,,,,,,,0.000,0.762,Device,Pageable,NVIDIA A100-SXM4-40GB MIG 4g.20gb (0),1,,7,[CUDA memcpy Device-to-Host]
20418078811,18560,422356,1434,1,1,128,1,1,16,0.000,0.000,,,,,NVIDIA A100-SXM4-40GB MIG 4g.20gb (0),1,,13,cupy_copy__complex64_complex64
20418182394,6624,422363,103,1,1,128,1,1,16,0.000,0.000,,,,,NVIDIA A100-SXM4-40GB MIG 4g.20gb (0),1,,13,cupy_copy__complex64_complex64
20418194297,3456,422370,35,1,1,128,1,1,16,0.000,0.000,,,,,NVIDIA A100-SXM4-40GB MIG 4g.20gb (0),1,,13,cupy_copy__complex64_complex64
20418284792,3808,422377,1,1,1,1,1,1,18,0.000,0.000,,,,,NVIDIA A100-SXM4-40GB MIG 4g.20gb (0),1,,13,cupy_copy__float32_float32
20418296632,292157,422388,1,1,1,32,32,1,30,0.000,0.000,,,,,NVIDIA A100-SXM4-40GB MIG 4g.20gb (0),1,,13,"void convert_kernel<__half2, float2>(tensor_layout_any, T1 *, tensor_layout_any, const T2 *)"
20418622837,5984,422391,,,,,,,,,,0.094,15657.726,Pinned,Device,NVIDIA A100-SXM4-40GB MIG 4g.20gb (0),1,,13,[CUDA memcpy Host-to-Device]
20418700244,5952,422392,,,,,,,,,,1.547,259848.298,Device,,NVIDIA A100-SXM4-40GB MIG 4g.20gb (0),1,,13,[CUDA memset]
20418710260,3200,422397,,,,,,,,,,0.031,9780.000,Pinned,Device,NVIDIA A100-SXM4-40GB MIG 4g.20gb (0),1,,13,[CUDA memcpy Host-to-Device]
20418716980,9472,422398,,,,,,,,,,0.197,20756.693,Pinned,Device,NVIDIA A100-SXM4-40GB MIG 4g.20gb (0),1,,13,[CUDA memcpy Host-to-Device]
20418826354,19680,422399,273,1,1,8,4,1,39,0.002,0.000,,,,,NVIDIA A100-SXM4-40GB MIG 4g.20gb (0),1,,13,"void channel_eq::eqMmseCoefCompLowMimoKernel<float, float, float, (unsigned int)4, (unsigned int)1, (unsigned int)4>(const channel_eq::_puschRxChEqStatDescr *, channel_eq::_puschRxChEqCoefCompDynDescr)"
20418940561,18688,422400,273,1,1,12,11,1,51,0.002,0.000,,,,,NVIDIA A100-SXM4-40GB MIG 4g.20gb (0),1,,13,"void channel_eq::eqMmseSoftDemapKernel<float, __half, __half, float, (unsigned int)4, (unsigned short)16383>(channel_eq::_puschRxChEqStatDescr *, channel_eq::_puschRxChEqSoftDemapDynDescr)"
20419140303,862358,422401,1,1,1,32,32,1,30,0.000,0.000,,,,,NVIDIA A100-SXM4-40GB MIG 4g.20gb (0),1,,13,"void convert_kernel<float2, __half2>(tensor_layout_any, T1 *, tensor_layout_any, const T2 *)"
20420230115,17472,422413,2253,1,1,128,1,1,16,0.000,0.000,,,,,NVIDIA A100-SXM4-40GB MIG 4g.20gb (0),1,,13,cupy_copy__float16_float16
20420353601,6880,422422,282,1,1,128,1,1,16,0.000,0.000,,,,,NVIDIA A100-SXM4-40GB MIG 4g.20gb (0),1,,13,cupy_copy__complex64_complex64
20420508032,5376,422431,26,1,1,128,1,1,16,0.000,0.000,,,,,NVIDIA A100-SXM4-40GB MIG 4g.20gb (0),1,,13,cupy_copy__float32_float32
20420610974,12576,422440,103,1,1,128,1,1,16,0.000,0.000,,,,,NVIDIA A100-SXM4-40GB MIG 4g.20gb (0),1,,13,cupy_copy__complex64_complex64
20420687902,18847,422450,1434,1,1,128,1,1,16,0.000,0.000,,,,,NVIDIA A100-SXM4-40GB MIG 4g.20gb (0),1,,13,cupy_copy__complex64_complex64
20420773373,194590,422455,1,1,1,32,32,1,30,0.000,0.000,,,,,NVIDIA A100-SXM4-40GB MIG 4g.20gb (0),1,,13,"void convert_kernel<__half2, float2>(tensor_layout_any, T1 *, tensor_layout_any, const T2 *)"
20420998618,5376,422458,,,,,,,,,,0.094,17428.487,Pinned,Device,NVIDIA A100-SXM4-40GB MIG 4g.20gb (0),1,,13,[CUDA memcpy Host-to-Device]
20421009082,601497,422459,,,,,,,,,,456.561,758805.113,Device,,NVIDIA A100-SXM4-40GB MIG 4g.20gb (0),1,,13,[CUDA memset]
20421613235,48736,422464,,,,,,,,,,1.235,25338.581,Pinned,Device,NVIDIA A100-SXM4-40GB MIG 4g.20gb (0),1,,13,[CUDA memcpy Host-to-Device]
20421664499,9472,422465,,,,,,,,,,0.197,20756.693,Pinned,Device,NVIDIA A100-SXM4-40GB MIG 4g.20gb (0),1,,13,[CUDA memcpy Host-to-Device]
20421677811,7392,422466,69,4,1,48,1,1,76,0.002,0.000,,,,,NVIDIA A100-SXM4-40GB MIG 4g.20gb (0),1,,13,"void ch_est::windowedChEstPreNoDftSOfdmKernel<float, __half, float, (unsigned int)2, (unsigned int)1, (unsigned short)4>(ch_est::puschRxChEstStatDescr_t *, ch_est::puschRxChEstDynDescr_t *)"
20421686930,6560,422467,137,2,1,24,2,1,44,0.001,0.001,,,,,NVIDIA A100-SXM4-40GB MIG 4g.20gb (0),1,,13,"void ch_est::chEstFilterNoDftSOfdmDispatchKernel<float, __half, float, (unsigned int)2>(ch_est::puschRxChEstStatDescr_t *, ch_est::puschRxChEstDynDescr_t *)"
20421695698,4736,422468,137,2,1,24,2,1,44,0.001,0.001,,,,,NVIDIA A100-SXM4-40GB MIG 4g.20gb (0),1,,13,"void ch_est::chEstFilterNoDftSOfdmDispatchKernel<float, __half, float, (unsigned int)2>(ch_est::puschRxChEstStatDescr_t *, ch_est::puschRxChEstDynDescr_t *)"
20421702194,2592,422479,103,1,1,128,1,1,16,0.000,0.000,,,,,NVIDIA A100-SXM4-40GB MIG 4g.20gb (0),1,,13,cupy_copy__complex64_complex64
20421706290,12800,422489,1434,1,1,128,1,1,16,0.000,0.000,,,,,NVIDIA A100-SXM4-40GB MIG 4g.20gb (0),1,,13,cupy_copy__complex64_complex64
20421720818,2496,422496,103,1,1,128,1,1,16,0.000,0.000,,,,,NVIDIA A100-SXM4-40GB MIG 4g.20gb (0),1,,13,cupy_copy__complex64_complex64
20421724818,80319,422503,1,1,1,32,32,1,30,0.000,0.000,,,,,NVIDIA A100-SXM4-40GB MIG 4g.20gb (0),1,,13,"void convert_kernel<__half2, float2>(tensor_layout_any, T1 *, tensor_layout_any, const T2 *)"
20421833041,5664,422506,,,,,,,,,,0.094,16542.310,Pinned,Device,NVIDIA A100-SXM4-40GB MIG 4g.20gb (0),1,,13,[CUDA memcpy Host-to-Device]
20421845809,46399,422507,,,,,,,,,,35.810,771775.396,Device,,NVIDIA A100-SXM4-40GB MIG 4g.20gb (0),1,,13,[CUDA memset]
20421899152,1824,422509,,,,,,,,,,0.000,43.860,Pinned,Device,NVIDIA A100-SXM4-40GB MIG 4g.20gb (0),1,,13,[CUDA memcpy Host-to-Device]
20421903792,9824,422510,,,,,,,,,,0.197,20012.925,Pinned,Device,NVIDIA A100-SXM4-40GB MIG 4g.20gb (0),1,,13,[CUDA memcpy Host-to-Device]
20421955664,18815,422511,273,1,1,48,1,1,40,0.000,0.001,,,,,NVIDIA A100-SXM4-40GB MIG 4g.20gb (0),1,,13,"void pusch_noise_intf_est::noiseIntfEstNoDftSOfdmKernel<float, __half, float, float, (unsigned int)2, (unsigned int)1, (unsigned char)4, (unsigned char)4>(pusch_noise_intf_est::puschRxNoiseIntfEstDynDescr)"
20422037647,5920,422522,35,1,1,128,1,1,16,0.000,0.000,,,,,NVIDIA A100-SXM4-40GB MIG 4g.20gb (0),1,,13,cupy_copy__complex64_complex64
20422046062,2816,422531,1,1,1,1,1,1,18,0.000,0.000,,,,,NVIDIA A100-SXM4-40GB MIG 4g.20gb (0),1,,13,cupy_copy__float32_float32
20422051246,2592,422537,,,,,,,,,,0.000,1.543,Device,Pageable,NVIDIA A100-SXM4-40GB MIG 4g.20gb (0),1,,7,[CUDA memcpy Device-to-Host]
20422318475,17920,422548,1434,1,1,128,1,1,16,0.000,0.000,,,,,NVIDIA A100-SXM4-40GB MIG 4g.20gb (0),1,,13,cupy_copy__complex64_complex64
20422453898,5568,422555,103,1,1,128,1,1,16,0.000,0.000,,,,,NVIDIA A100-SXM4-40GB MIG 4g.20gb (0),1,,13,cupy_copy__complex64_complex64
20422465546,5600,422562,35,1,1,128,1,1,16,0.000,0.000,,,,,NVIDIA A100-SXM4-40GB MIG 4g.20gb (0),1,,13,cupy_copy__complex64_complex64
20422754759,4064,422569,1,1,1,1,1,1,18,0.000,0.000,,,,,NVIDIA A100-SXM4-40GB MIG 4g.20gb (0),1,,13,cupy_copy__float32_float32
20422764166,361244,422580,1,1,1,32,32,1,30,0.000,0.000,,,,,NVIDIA A100-SXM4-40GB MIG 4g.20gb (0),1,,13,"void convert_kernel<__half2, float2>(tensor_layout_any, T1 *, tensor_layout_any, const T2 *)"
20423155138,6368,422583,,,,,,,,,,0.094,14713.551,Pinned,Device,NVIDIA A100-SXM4-40GB MIG 4g.20gb (0),1,,13,[CUDA memcpy Host-to-Device]
20423239169,8096,422584,,,,,,,,,,1.547,191034.357,Device,,NVIDIA A100-SXM4-40GB MIG 4g.20gb (0),1,,13,[CUDA memset]
20423252737,3360,422589,,,,,,,,,,0.031,9314.284,Pinned,Device,NVIDIA A100-SXM4-40GB MIG 4g.20gb (0),1,,13,[CUDA memcpy Host-to-Device]
20423258785,9952,422590,,,,,,,,,,0.197,19755.565,Pinned,Device,NVIDIA A100-SXM4-40GB MIG 4g.20gb (0),1,,13,[CUDA memcpy Host-to-Device]
20423419519,11168,422591,273,1,1,8,4,1,39,0.002,0.000,,,,,NVIDIA A100-SXM4-40GB MIG 4g.20gb (0),1,,13,"void channel_eq::eqMmseCoefCompLowMimoKernel<float, float, float, (unsigned int)4, (unsigned int)1, (unsigned int)4>(const channel_eq::_puschRxChEqStatDescr *, channel_eq::_puschRxChEqCoefCompDynDescr)"
20423507518,32064,422592,273,1,1,12,11,1,51,0.002,0.000,,,,,NVIDIA A100-SXM4-40GB MIG 4g.20gb (0),1,,13,"void channel_eq::eqMmseSoftDemapKernel<float, __half, __half, float, (unsigned int)4, (unsigned short)16383>(channel_eq::_puschRxChEqStatDescr *, channel_eq::_puschRxChEqSoftDemapDynDescr)"
20423610429,830263,422593,1,1,1,32,32,1,30,0.000,0.000,,,,,NVIDIA A100-SXM4-40GB MIG 4g.20gb (0),1,,13,"void convert_kernel<float2, __half2>(tensor_layout_any, T1 *, tensor_layout_any, const T2 *)"
20424442964,11904,422605,2253,1,1,128,1,1,16,0.000,0.000,,,,,NVIDIA A100-SXM4-40GB MIG 4g.20gb (0),1,,13,cupy_copy__float16_float16
20424456244,3616,422614,282,1,1,128,1,1,16,0.000,0.000,,,,,NVIDIA A100-SXM4-40GB MIG 4g.20gb (0),1,,13,cupy_copy__complex64_complex64
20424461972,2400,422623,26,1,1,128,1,1,16,0.000,0.000,,,,,NVIDIA A100-SXM4-40GB MIG 4g.20gb (0),1,,13,cupy_copy__float32_float32
20424466579,3136,422632,103,1,1,128,1,1,16,0.000,0.000,,,,,NVIDIA A100-SXM4-40GB MIG 4g.20gb (0),1,,13,cupy_copy__complex64_complex64
20424471763,12160,422642,1434,1,1,128,1,1,16,0.000,0.000,,,,,NVIDIA A100-SXM4-40GB MIG 4g.20gb (0),1,,13,cupy_copy__complex64_complex64
20424485267,79775,422647,1,1,1,32,32,1,30,0.000,0.000,,,,,NVIDIA A100-SXM4-40GB MIG 4g.20gb (0),1,,13,"void convert_kernel<__half2, float2>(tensor_layout_any, T1 *, tensor_layout_any, const T2 *)"
20424595058,5344,422650,,,,,,,,,,0.094,17532.864,Pinned,Device,NVIDIA A100-SXM4-40GB MIG 4g.20gb (0),1,,13,[CUDA memcpy Host-to-Device]
20424605234,601881,422651,,,,,,,,,,456.561,758348.552,Device,,NVIDIA A100-SXM4-40GB MIG 4g.20gb (0),1,,13,[CUDA memset]
20425209643,49248,422656,,,,,,,,,,1.235,25075.538,Pinned,Device,NVIDIA A100-SXM4-40GB MIG 4g.20gb (0),1,,13,[CUDA memcpy Host-to-Device]
20425261323,9472,422657,,,,,,,,,,0.197,20756.693,Pinned,Device,NVIDIA A100-SXM4-40GB MIG 4g.20gb (0),1,,13,[CUDA memcpy Host-to-Device]
20425275082,7104,422658,69,4,1,48,1,1,76,0.002,0.000,,,,,NVIDIA A100-SXM4-40GB MIG 4g.20gb (0),1,,13,"void ch_est::windowedChEstPreNoDftSOfdmKernel<float, __half, float, (unsigned int)2, (unsigned int)1, (unsigned short)4>(ch_est::puschRxChEstStatDescr_t *, ch_est::puschRxChEstDynDescr_t *)"
20425283466,6688,422659,137,2,1,24,2,1,44,0.001,0.001,,,,,NVIDIA A100-SXM4-40GB MIG 4g.20gb (0),1,,13,"void ch_est::chEstFilterNoDftSOfdmDispatchKernel<float, __half, float, (unsigned int)2>(ch_est::puschRxChEstStatDescr_t *, ch_est::puschRxChEstDynDescr_t *)"
20425291402,4768,422660,137,2,1,24,2,1,44,0.001,0.001,,,,,NVIDIA A100-SXM4-40GB MIG 4g.20gb (0),1,,13,"void ch_est::chEstFilterNoDftSOfdmDispatchKernel<float, __half, float, (unsigned int)2>(ch_est::puschRxChEstStatDescr_t *, ch_est::puschRxChEstDynDescr_t *)"
20425300042,2592,422671,103,1,1,128,1,1,16,0.000,0.000,,,,,NVIDIA A100-SXM4-40GB MIG 4g.20gb (0),1,,13,cupy_copy__complex64_complex64
20425304362,13024,422681,1434,1,1,128,1,1,16,0.000,0.000,,,,,NVIDIA A100-SXM4-40GB MIG 4g.20gb (0),1,,13,cupy_copy__complex64_complex64
20425318826,2496,422688,103,1,1,128,1,1,16,0.000,0.000,,,,,NVIDIA A100-SXM4-40GB MIG 4g.20gb (0),1,,13,cupy_copy__complex64_complex64
20425322730,79615,422695,1,1,1,32,32,1,30,0.000,0.000,,,,,NVIDIA A100-SXM4-40GB MIG 4g.20gb (0),1,,13,"void convert_kernel<__half2, float2>(tensor_layout_any, T1 *, tensor_layout_any, const T2 *)"
20425438441,5376,422698,,,,,,,,,,0.094,17428.487,Pinned,Device,NVIDIA A100-SXM4-40GB MIG 4g.20gb (0),1,,13,[CUDA memcpy Host-to-Device]
20425455720,46496,422699,,,,,,,,,,35.810,770163.949,Device,,NVIDIA A100-SXM4-40GB MIG 4g.20gb (0),1,,13,[CUDA memset]
20425504104,1824,422701,,,,,,,,,,0.000,43.860,Pinned,Device,NVIDIA A100-SXM4-40GB MIG 4g.20gb (0),1,,13,[CUDA memcpy Host-to-Device]
20425508392,9536,422702,,,,,,,,,,0.197,20617.298,Pinned,Device,NVIDIA A100-SXM4-40GB MIG 4g.20gb (0),1,,13,[CUDA memcpy Host-to-Device]
20425523624,8832,422703,273,1,1,48,1,1,40,0.000,0.001,,,,,NVIDIA A100-SXM4-40GB MIG 4g.20gb (0),1,,13,"void pusch_noise_intf_est::noiseIntfEstNoDftSOfdmKernel<float, __half, float, float, (unsigned int)2, (unsigned int)1, (unsigned char)4, (unsigned char)4>(pusch_noise_intf_est::puschRxNoiseIntfEstDynDescr)"
20425568679,9120,422714,35,1,1,128,1,1,16,0.000,0.000,,,,,NVIDIA A100-SXM4-40GB MIG 4g.20gb (0),1,,13,cupy_copy__complex64_complex64
20425581095,2240,422723,1,1,1,1,1,1,18,0.000,0.000,,,,,NVIDIA A100-SXM4-40GB MIG 4g.20gb (0),1,,13,cupy_copy__float32_float32
20425612679,2816,422729,,,,,,,,,,0.000,1.420,Device,Pageable,NVIDIA A100-SXM4-40GB MIG 4g.20gb (0),1,,7,[CUDA memcpy Device-to-Host]
20425675910,12192,422740,1434,1,1,128,1,1,16,0.000,0.000,,,,,NVIDIA A100-SXM4-40GB MIG 4g.20gb (0),1,,13,cupy_copy__complex64_complex64
20425701350,3008,422747,103,1,1,128,1,1,16,0.000,0.000,,,,,NVIDIA A100-SXM4-40GB MIG 4g.20gb (0),1,,13,cupy_copy__complex64_complex64
20425788101,6272,422754,35,1,1,128,1,1,16,0.000,0.000,,,,,NVIDIA A100-SXM4-40GB MIG 4g.20gb (0),1,,13,cupy_copy__complex64_complex64
20425849988,9536,422761,1,1,1,1,1,1,18,0.000,0.000,,,,,NVIDIA A100-SXM4-40GB MIG 4g.20gb (0),1,,13,cupy_copy__float32_float32
20426040546,388220,422772,1,1,1,32,32,1,30,0.000,0.000,,,,,NVIDIA A100-SXM4-40GB MIG 4g.20gb (0),1,,13,"void convert_kernel<__half2, float2>(tensor_layout_any, T1 *, tensor_layout_any, const T2 *)"
20426458845,6880,422775,,,,,,,,,,0.094,13618.526,Pinned,Device,NVIDIA A100-SXM4-40GB MIG 4g.20gb (0),1,,13,[CUDA memcpy Host-to-Device]
20426693819,10368,422776,,,,,,,,,,1.547,149171.885,Device,,NVIDIA A100-SXM4-40GB MIG 4g.20gb (0),1,,13,[CUDA memset]
20426713786,3904,422781,,,,,,,,,,0.031,8016.377,Pinned,Device,NVIDIA A100-SXM4-40GB MIG 4g.20gb (0),1,,13,[CUDA memcpy Host-to-Device]
20426720154,13024,422782,,,,,,,,,,0.197,15095.759,Pinned,Device,NVIDIA A100-SXM4-40GB MIG 4g.20gb (0),1,,13,[CUDA memcpy Host-to-Device]
20426934008,18112,422783,273,1,1,8,4,1,39,0.002,0.000,,,,,NVIDIA A100-SXM4-40GB MIG 4g.20gb (0),1,,13,"void channel_eq::eqMmseCoefCompLowMimoKernel<float, float, float, (unsigned int)4, (unsigned int)1, (unsigned int)4>(const channel_eq::_puschRxChEqStatDescr *, channel_eq::_puschRxChEqCoefCompDynDescr)"
20427176341,21600,422784,273,1,1,12,11,1,51,0.002,0.000,,,,,NVIDIA A100-SXM4-40GB MIG 4g.20gb (0),1,,13,"void channel_eq::eqMmseSoftDemapKernel<float, __half, __half, float, (unsigned int)4, (unsigned short)16383>(channel_eq::_puschRxChEqStatDescr *, channel_eq::_puschRxChEqSoftDemapDynDescr)"
20427423571,822774,422785,1,1,1,32,32,1,30,0.000,0.000,,,,,NVIDIA A100-SXM4-40GB MIG 4g.20gb (0),1,,13,"void convert_kernel<float2, __half2>(tensor_layout_any, T1 *, tensor_layout_any, const T2 *)"
20428256873,14016,422797,2253,1,1,128,1,1,16,0.000,0.000,,,,,NVIDIA A100-SXM4-40GB MIG 4g.20gb (0),1,,13,cupy_copy__float16_float16
20428274409,3904,422806,282,1,1,128,1,1,16,0.000,0.000,,,,,NVIDIA A100-SXM4-40GB MIG 4g.20gb (0),1,,13,cupy_copy__complex64_complex64
20428370056,3488,422815,26,1,1,128,1,1,16,0.000,0.000,,,,,NVIDIA A100-SXM4-40GB MIG 4g.20gb (0),1,,13,cupy_copy__float32_float32
20428375016,4032,422824,103,1,1,128,1,1,16,0.000,0.000,,,,,NVIDIA A100-SXM4-40GB MIG 4g.20gb (0),1,,13,cupy_copy__complex64_complex64
20428384872,12352,422834,1434,1,1,128,1,1,16,0.000,0.000,,,,,NVIDIA A100-SXM4-40GB MIG 4g.20gb (0),1,,13,cupy_copy__complex64_complex64
20428399080,80351,422839,1,1,1,32,32,1,30,0.000,0.000,,,,,NVIDIA A100-SXM4-40GB MIG 4g.20gb (0),1,,13,"void convert_kernel<__half2, float2>(tensor_layout_any, T1 *, tensor_layout_any, const T2 *)"
20428517350,5344,422842,,,,,,,,,,0.094,17532.864,Pinned,Device,NVIDIA A100-SXM4-40GB MIG 4g.20gb (0),1,,13,[CUDA memcpy Host-to-Device]
20428542150,604889,422843,,,,,,,,,,456.561,754696.060,Device,,NVIDIA A100-SXM4-40GB MIG 4g.20gb (0),1,,13,[CUDA memset]
20429152959,51296,422848,,,,,,,,,,1.235,24073.998,Pinned,Device,NVIDIA A100-SXM4-40GB MIG 4g.20gb (0),1,,13,[CUDA memcpy Host-to-Device]
20429208799,11167,422849,,,,,,,,,,0.197,17606.050,Pinned,Device,NVIDIA A100-SXM4-40GB MIG 4g.20gb (0),1,,13,[CUDA memcpy Host-to-Device]
20429248542,18496,422850,69,4,1,48,1,1,76,0.002,0.000,,,,,NVIDIA A100-SXM4-40GB MIG 4g.20gb (0),1,,13,"void ch_est::windowedChEstPreNoDftSOfdmKernel<float, __half, float, (unsigned int)2, (unsigned int)1, (unsigned short)4>(ch_est::puschRxChEstStatDescr_t *, ch_est::puschRxChEstDynDescr_t *)"
20429326461,17312,422851,137,2,1,24,2,1,44,0.001,0.001,,,,,NVIDIA A100-SXM4-40GB MIG 4g.20gb (0),1,,13,"void ch_est::chEstFilterNoDftSOfdmDispatchKernel<float, __half, float, (unsigned int)2>(ch_est::puschRxChEstStatDescr_t *, ch_est::puschRxChEstDynDescr_t *)"
20429345885,5632,422852,137,2,1,24,2,1,44,0.001,0.001,,,,,NVIDIA A100-SXM4-40GB MIG 4g.20gb (0),1,,13,"void ch_est::chEstFilterNoDftSOfdmDispatchKernel<float, __half, float, (unsigned int)2>(ch_est::puschRxChEstStatDescr_t *, ch_est::puschRxChEstDynDescr_t *)"
20429352797,2560,422863,103,1,1,128,1,1,16,0.000,0.000,,,,,NVIDIA A100-SXM4-40GB MIG 4g.20gb (0),1,,13,cupy_copy__complex64_complex64
20429357181,13600,422873,1434,1,1,128,1,1,16,0.000,0.000,,,,,NVIDIA A100-SXM4-40GB MIG 4g.20gb (0),1,,13,cupy_copy__complex64_complex64
20429372317,2528,422880,103,1,1,128,1,1,16,0.000,0.000,,,,,NVIDIA A100-SXM4-40GB MIG 4g.20gb (0),1,,13,cupy_copy__complex64_complex64
20429376669,390139,422887,1,1,1,32,32,1,30,0.000,0.000,,,,,NVIDIA A100-SXM4-40GB MIG 4g.20gb (0),1,,13,"void convert_kernel<__half2, float2>(tensor_layout_any, T1 *, tensor_layout_any, const T2 *)"
20429795704,6112,422890,,,,,,,,,,0.094,15329.790,Pinned,Device,NVIDIA A100-SXM4-40GB MIG 4g.20gb (0),1,,13,[CUDA memcpy Host-to-Device]
20429858871,50528,422891,,,,,,,,,,35.810,708714.127,Device,,NVIDIA A100-SXM4-40GB MIG 4g.20gb (0),1,,13,[CUDA memset]
20429910743,3520,422893,,,,,,,,,,0.000,22.727,Pinned,Device,NVIDIA A100-SXM4-40GB MIG 4g.20gb (0),1,,13,[CUDA memcpy Host-to-Device]
20429919511,10112,422894,,,,,,,,,,0.197,19442.958,Pinned,Device,NVIDIA A100-SXM4-40GB MIG 4g.20gb (0),1,,13,[CUDA memcpy Host-to-Device]
20430073909,25408,422895,273,1,1,48,1,1,40,0.000,0.001,,,,,NVIDIA A100-SXM4-40GB MIG 4g.20gb (0),1,,13,"void pusch_noise_intf_est::noiseIntfEstNoDftSOfdmKernel<float, __half, float, float, (unsigned int)2, (unsigned int)1, (unsigned char)4, (unsigned char)4>(pusch_noise_intf_est::puschRxNoiseIntfEstDynDescr)"
20430306514,9504,422906,35,1,1,128,1,1,16,0.000,0.000,,,,,NVIDIA A100-SXM4-40GB MIG 4g.20gb (0),1,,13,cupy_copy__complex64_complex64
20430427729,6048,422915,1,1,1,1,1,1,18,0.000,0.000,,,,,NVIDIA A100-SXM4-40GB MIG 4g.20gb (0),1,,13,cupy_copy__float32_float32
20430444753,1952,422921,,,,,,,,,,0.000,2.049,Device,Pageable,NVIDIA A100-SXM4-40GB MIG 4g.20gb (0),1,,7,[CUDA memcpy Device-to-Host]
20430650735,20031,422932,1434,1,1,128,1,1,16,0.000,0.000,,,,,NVIDIA A100-SXM4-40GB MIG 4g.20gb (0),1,,13,cupy_copy__complex64_complex64
20430753037,7136,422939,103,1,1,128,1,1,16,0.000,0.000,,,,,NVIDIA A100-SXM4-40GB MIG 4g.20gb (0),1,,13,cupy_copy__complex64_complex64
20430806125,5792,422946,35,1,1,128,1,1,16,0.000,0.000,,,,,NVIDIA A100-SXM4-40GB MIG 4g.20gb (0),1,,13,cupy_copy__complex64_complex64
20430888012,3776,422953,1,1,1,1,1,1,18,0.000,0.000,,,,,NVIDIA A100-SXM4-40GB MIG 4g.20gb (0),1,,13,cupy_copy__float32_float32
20430941131,352636,422964,1,1,1,32,32,1,30,0.000,0.000,,,,,NVIDIA A100-SXM4-40GB MIG 4g.20gb (0),1,,13,"void convert_kernel<__half2, float2>(tensor_layout_any, T1 *, tensor_layout_any, const T2 *)"
20431324103,7136,422967,,,,,,,,,,0.094,13129.995,Pinned,Device,NVIDIA A100-SXM4-40GB MIG 4g.20gb (0),1,,13,[CUDA memcpy Host-to-Device]
20431628900,5760,422968,,,,,,,,,,1.547,268510.939,Device,,NVIDIA A100-SXM4-40GB MIG 4g.20gb (0),1,,13,[CUDA memset]
20431641155,3456,422973,,,,,,,,,,0.031,9055.529,Pinned,Device,NVIDIA A100-SXM4-40GB MIG 4g.20gb (0),1,,13,[CUDA memcpy Host-to-Device]
20431647043,9728,422974,,,,,,,,,,0.197,20210.516,Pinned,Device,NVIDIA A100-SXM4-40GB MIG 4g.20gb (0),1,,13,[CUDA memcpy Host-to-Device]
20431846721,15488,422975,273,1,1,8,4,1,39,0.002,0.000,,,,,NVIDIA A100-SXM4-40GB MIG 4g.20gb (0),1,,13,"void channel_eq::eqMmseCoefCompLowMimoKernel<float, float, float, (unsigned int)4, (unsigned int)1, (unsigned int)4>(const channel_eq::_puschRxChEqStatDescr *, channel_eq::_puschRxChEqCoefCompDynDescr)"
20432251005,13728,422976,273,1,1,12,11,1,51,0.002,0.000,,,,,NVIDIA A100-SXM4-40GB MIG 4g.20gb (0),1,,13,"void channel_eq::eqMmseSoftDemapKernel<float, __half, __half, float, (unsigned int)4, (unsigned short)16383>(channel_eq::_puschRxChEqStatDescr *, channel_eq::_puschRxChEqSoftDemapDynDescr)"
20432365243,1175731,422977,1,1,1,32,32,1,30,0.000,0.000,,,,,NVIDIA A100-SXM4-40GB MIG 4g.20gb (0),1,,13,"void convert_kernel<float2, __half2>(tensor_layout_any, T1 *, tensor_layout_any, const T2 *)"
20433668589,20544,422989,2253,1,1,128,1,1,16,0.000,0.000,,,,,NVIDIA A100-SXM4-40GB MIG 4g.20gb (0),1,,13,cupy_copy__float16_float16
20433776396,4896,422998,282,1,1,128,1,1,16,0.000,0.000,,,,,NVIDIA A100-SXM4-40GB MIG 4g.20gb (0),1,,13,cupy_copy__complex64_complex64
20433783340,4608,423007,26,1,1,128,1,1,16,0.000,0.000,,,,,NVIDIA A100-SXM4-40GB MIG 4g.20gb (0),1,,13,cupy_copy__float32_float32
20433789900,3359,423016,103,1,1,128,1,1,16,0.000,0.000,,,,,NVIDIA A100-SXM4-40GB MIG 4g.20gb (0),1,,13,cupy_copy__complex64_complex64
20433795083,12512,423026,1434,1,1,128,1,1,16,0.000,0.000,,,,,NVIDIA A100-SXM4-40GB MIG 4g.20gb (0),1,,13,cupy_copy__complex64_complex64
20433809355,86111,423031,1,1,1,32,32,1,30,0.000,0.000,,,,,NVIDIA A100-SXM4-40GB MIG 4g.20gb (0),1,,13,"void convert_kernel<__half2, float2>(tensor_layout_any, T1 *, tensor_layout_any, const T2 *)"
20433927242,11360,423034,,,,,,,,,,0.094,8247.871,Pinned,Device,NVIDIA A100-SXM4-40GB MIG 4g.20gb (0),1,,13,[CUDA memcpy Host-to-Device]
20433958186,601657,423035,,,,,,,,,,456.561,758805.113,Device,,NVIDIA A100-SXM4-40GB MIG 4g.20gb (0),1,,13,[CUDA memset]
20434569347,56383,423040,,,,,,,,,,1.235,21901.732,Pinned,Device,NVIDIA A100-SXM4-40GB MIG 4g.20gb (0),1,,13,[CUDA memcpy Host-to-Device]
20434630978,9888,423041,,,,,,,,,,0.197,19883.360,Pinned,Device,NVIDIA A100-SXM4-40GB MIG 4g.20gb (0),1,,13,[CUDA memcpy Host-to-Device]
20434767489,10111,423042,69,4,1,48,1,1,76,0.002,0.000,,,,,NVIDIA A100-SXM4-40GB MIG 4g.20gb (0),1,,13,"void ch_est::windowedChEstPreNoDftSOfdmKernel<float, __half, float, (unsigned int)2, (unsigned int)1, (unsigned short)4>(ch_est::puschRxChEstStatDescr_t *, ch_est::puschRxChEstDynDescr_t *)"
20434993566,10272,423043,137,2,1,24,2,1,44,0.001,0.001,,,,,NVIDIA A100-SXM4-40GB MIG 4g.20gb (0),1,,13,"void ch_est::chEstFilterNoDftSOfdmDispatchKernel<float, __half, float, (unsigned int)2>(ch_est::puschRxChEstStatDescr_t *, ch_est::puschRxChEstDynDescr_t *)"
20435005534,5632,423044,137,2,1,24,2,1,44,0.001,0.001,,,,,NVIDIA A100-SXM4-40GB MIG 4g.20gb (0),1,,13,"void ch_est::chEstFilterNoDftSOfdmDispatchKernel<float, __half, float, (unsigned int)2>(ch_est::puschRxChEstStatDescr_t *, ch_est::puschRxChEstDynDescr_t *)"
20435105853,7200,423055,103,1,1,128,1,1,16,0.000,0.000,,,,,NVIDIA A100-SXM4-40GB MIG 4g.20gb (0),1,,13,cupy_copy__complex64_complex64
20435230971,17024,423065,1434,1,1,128,1,1,16,0.000,0.000,,,,,NVIDIA A100-SXM4-40GB MIG 4g.20gb (0),1,,13,cupy_copy__complex64_complex64
20435399034,11359,423072,103,1,1,128,1,1,16,0.000,0.000,,,,,NVIDIA A100-SXM4-40GB MIG 4g.20gb (0),1,,13,cupy_copy__complex64_complex64
20435511960,390364,423079,1,1,1,32,32,1,30,0.000,0.000,,,,,NVIDIA A100-SXM4-40GB MIG 4g.20gb (0),1,,13,"void convert_kernel<__half2, float2>(tensor_layout_any, T1 *, tensor_layout_any, const T2 *)"
20435931764,6016,423082,,,,,,,,,,0.094,15574.430,Pinned,Device,NVIDIA A100-SXM4-40GB MIG 4g.20gb (0),1,,13,[CUDA memcpy Host-to-Device]
20435955155,55584,423083,,,,,,,,,,35.810,644220.461,Device,,NVIDIA A100-SXM4-40GB MIG 4g.20gb (0),1,,13,[CUDA memset]
20436016435,3232,423085,,,,,,,,,,0.000,24.752,Pinned,Device,NVIDIA A100-SXM4-40GB MIG 4g.20gb (0),1,,13,[CUDA memcpy Host-to-Device]
20436022387,9472,423086,,,,,,,,,,0.197,20756.693,Pinned,Device,NVIDIA A100-SXM4-40GB MIG 4g.20gb (0),1,,13,[CUDA memcpy Host-to-Device]
20436066418,15744,423087,273,1,1,48,1,1,40,0.000,0.001,,,,,NVIDIA A100-SXM4-40GB MIG 4g.20gb (0),1,,13,"void pusch_noise_intf_est::noiseIntfEstNoDftSOfdmKernel<float, __half, float, float, (unsigned int)2, (unsigned int)1, (unsigned char)4, (unsigned char)4>(pusch_noise_intf_est::puschRxNoiseIntfEstDynDescr)"
20436136945,11072,423098,35,1,1,128,1,1,16,0.000,0.000,,,,,NVIDIA A100-SXM4-40GB MIG 4g.20gb (0),1,,13,cupy_copy__complex64_complex64
20436151409,2848,423107,1,1,1,1,1,1,18,0.000,0.000,,,,,NVIDIA A100-SXM4-40GB MIG 4g.20gb (0),1,,13,cupy_copy__float32_float32
20436165649,2592,423113,,,,,,,,,,0.000,1.543,Device,Pageable,NVIDIA A100-SXM4-40GB MIG 4g.20gb (0),1,,7,[CUDA memcpy Device-to-Host]
20436278320,22176,423124,1434,1,1,128,1,1,16,0.000,0.000,,,,,NVIDIA A100-SXM4-40GB MIG 4g.20gb (0),1,,13,cupy_copy__complex64_complex64
20436301807,3520,423131,103,1,1,128,1,1,16,0.000,0.000,,,,,NVIDIA A100-SXM4-40GB MIG 4g.20gb (0),1,,13,cupy_copy__complex64_complex64
20436358191,11008,423138,35,1,1,128,1,1,16,0.000,0.000,,,,,NVIDIA A100-SXM4-40GB MIG 4g.20gb (0),1,,13,cupy_copy__complex64_complex64
20436372975,2752,423145,1,1,1,1,1,1,18,0.000,0.000,,,,,NVIDIA A100-SXM4-40GB MIG 4g.20gb (0),1,,13,cupy_copy__float32_float32
20436443246,518170,423156,1,1,1,32,32,1,30,0.000,0.000,,,,,NVIDIA A100-SXM4-40GB MIG 4g.20gb (0),1,,13,"void convert_kernel<__half2, float2>(tensor_layout_any, T1 *, tensor_layout_any, const T2 *)"
20436992136,6976,423159,,,,,,,,,,0.094,13431.134,Pinned,Device,NVIDIA A100-SXM4-40GB MIG 4g.20gb (0),1,,13,[CUDA memcpy Host-to-Device]
20437120198,5280,423160,,,,,,,,,,1.547,292919.759,Device,,NVIDIA A100-SXM4-40GB MIG 4g.20gb (0),1,,13,[CUDA memset]
20437127846,3936,423165,,,,,,,,,,0.031,7951.218,Pinned,Device,NVIDIA A100-SXM4-40GB MIG 4g.20gb (0),1,,13,[CUDA memcpy Host-to-Device]
20437136550,11296,423166,,,,,,,,,,0.197,17404.920,Pinned,Device,NVIDIA A100-SXM4-40GB MIG 4g.20gb (0),1,,13,[CUDA memcpy Host-to-Device]
20437178886,20671,423167,273,1,1,8,4,1,39,0.002,0.000,,,,,NVIDIA A100-SXM4-40GB MIG 4g.20gb (0),1,,13,"void channel_eq::eqMmseCoefCompLowMimoKernel<float, float, float, (unsigned int)4, (unsigned int)1, (unsigned int)4>(const channel_eq::_puschRxChEqStatDescr *, channel_eq::_puschRxChEqCoefCompDynDescr)"
20437329348,20608,423168,273,1,1,12,11,1,51,0.002,0.000,,,,,NVIDIA A100-SXM4-40GB MIG 4g.20gb (0),1,,13,"void channel_eq::eqMmseSoftDemapKernel<float, __half, __half, float, (unsigned int)4, (unsigned short)16383>(channel_eq::_puschRxChEqStatDescr *, channel_eq::_puschRxChEqSoftDemapDynDescr)"
20437433795,870198,423169,1,1,1,32,32,1,30,0.000,0.000,,,,,NVIDIA A100-SXM4-40GB MIG 4g.20gb (0),1,,13,"void convert_kernel<float2, __half2>(tensor_layout_any, T1 *, tensor_layout_any, const T2 *)"
20438514775,17184,423181,2253,1,1,128,1,1,16,0.000,0.000,,,,,NVIDIA A100-SXM4-40GB MIG 4g.20gb (0),1,,13,cupy_copy__float16_float16
20438593302,6368,423190,282,1,1,128,1,1,16,0.000,0.000,,,,,NVIDIA A100-SXM4-40GB MIG 4g.20gb (0),1,,13,cupy_copy__complex64_complex64
20438817107,4160,423199,26,1,1,128,1,1,16,0.000,0.000,,,,,NVIDIA A100-SXM4-40GB MIG 4g.20gb (0),1,,13,cupy_copy__float32_float32
20438889523,6304,423208,103,1,1,128,1,1,16,0.000,0.000,,,,,NVIDIA A100-SXM4-40GB MIG 4g.20gb (0),1,,13,cupy_copy__complex64_complex64
20438967314,21088,423218,1434,1,1,128,1,1,16,0.000,0.000,,,,,NVIDIA A100-SXM4-40GB MIG 4g.20gb (0),1,,13,cupy_copy__complex64_complex64
20439124912,481307,423223,1,1,1,32,32,1,30,0.000,0.000,,,,,NVIDIA A100-SXM4-40GB MIG 4g.20gb (0),1,,13,"void convert_kernel<__half2, float2>(tensor_layout_any, T1 *, tensor_layout_any, const T2 *)"
20439636298,6688,423226,,,,,,,,,,0.094,14009.520,Pinned,Device,NVIDIA A100-SXM4-40GB MIG 4g.20gb (0),1,,13,[CUDA memcpy Host-to-Device]
20439773225,606713,423227,,,,,,,,,,456.561,752413.253,Device,,NVIDIA A100-SXM4-40GB MIG 4g.20gb (0),1,,13,[CUDA memset]
20440386882,49919,423232,,,,,,,,,,1.235,24738.398,Pinned,Device,NVIDIA A100-SXM4-40GB MIG 4g.20gb (0),1,,13,[CUDA memcpy Host-to-Device]
20440439521,9536,423233,,,,,,,,,,0.197,20617.298,Pinned,Device,NVIDIA A100-SXM4-40GB MIG 4g.20gb (0),1,,13,[CUDA memcpy Host-to-Device]
20440454273,9056,423234,69,4,1,48,1,1,76,0.002,0.000,,,,,NVIDIA A100-SXM4-40GB MIG 4g.20gb (0),1,,13,"void ch_est::windowedChEstPreNoDftSOfdmKernel<float, __half, float, (unsigned int)2, (unsigned int)1, (unsigned short)4>(ch_est::puschRxChEstStatDescr_t *, ch_est::puschRxChEstDynDescr_t *)"
20440465345,6432,423235,137,2,1,24,2,1,44,0.001,0.001,,,,,NVIDIA A100-SXM4-40GB MIG 4g.20gb (0),1,,13,"void ch_est::chEstFilterNoDftSOfdmDispatchKernel<float, __half, float, (unsigned int)2>(ch_est::puschRxChEstStatDescr_t *, ch_est::puschRxChEstDynDescr_t *)"
20440473153,4704,423236,137,2,1,24,2,1,44,0.001,0.001,,,,,NVIDIA A100-SXM4-40GB MIG 4g.20gb (0),1,,13,"void ch_est::chEstFilterNoDftSOfdmDispatchKernel<float, __half, float, (unsigned int)2>(ch_est::puschRxChEstStatDescr_t *, ch_est::puschRxChEstDynDescr_t *)"
20440479713,2912,423247,103,1,1,128,1,1,16,0.000,0.000,,,,,NVIDIA A100-SXM4-40GB MIG 4g.20gb (0),1,,13,cupy_copy__complex64_complex64
20440484129,12832,423257,1434,1,1,128,1,1,16,0.000,0.000,,,,,NVIDIA A100-SXM4-40GB MIG 4g.20gb (0),1,,13,cupy_copy__complex64_complex64
20440499169,2496,423264,103,1,1,128,1,1,16,0.000,0.000,,,,,NVIDIA A100-SXM4-40GB MIG 4g.20gb (0),1,,13,cupy_copy__complex64_complex64
20440503233,80319,423271,1,1,1,32,32,1,30,0.000,0.000,,,,,NVIDIA A100-SXM4-40GB MIG 4g.20gb (0),1,,13,"void convert_kernel<__half2, float2>(tensor_layout_any, T1 *, tensor_layout_any, const T2 *)"
20440614047,5984,423274,,,,,,,,,,0.094,15657.726,Pinned,Device,NVIDIA A100-SXM4-40GB MIG 4g.20gb (0),1,,13,[CUDA memcpy Host-to-Device]
20440646719,49023,423275,,,,,,,,,,35.810,730450.748,Device,,NVIDIA A100-SXM4-40GB MIG 4g.20gb (0),1,,13,[CUDA memset]
20440698526,1952,423277,,,,,,,,,,0.000,40.984,Pinned,Device,NVIDIA A100-SXM4-40GB MIG 4g.20gb (0),1,,13,[CUDA memcpy Host-to-Device]
20440703390,13472,423278,,,,,,,,,,0.197,14593.819,Pinned,Device,NVIDIA A100-SXM4-40GB MIG 4g.20gb (0),1,,13,[CUDA memcpy Host-to-Device]
20440748382,13024,423279,273,1,1,48,1,1,40,0.000,0.001,,,,,NVIDIA A100-SXM4-40GB MIG 4g.20gb (0),1,,13,"void pusch_noise_intf_est::noiseIntfEstNoDftSOfdmKernel<float, __half, float, float, (unsigned int)2, (unsigned int)1, (unsigned char)4, (unsigned char)4>(pusch_noise_intf_est::puschRxNoiseIntfEstDynDescr)"
20440762174,2816,423290,35,1,1,128,1,1,16,0.000,0.000,,,,,NVIDIA A100-SXM4-40GB MIG 4g.20gb (0),1,,13,cupy_copy__complex64_complex64
20440766654,1856,423299,1,1,1,1,1,1,18,0.000,0.000,,,,,NVIDIA A100-SXM4-40GB MIG 4g.20gb (0),1,,13,cupy_copy__float32_float32
20440777470,1568,423305,,,,,,,,,,0.000,2.551,Device,Pageable,NVIDIA A100-SXM4-40GB MIG 4g.20gb (0),1,,7,[CUDA memcpy Device-to-Host]
20440853565,17280,423316,1434,1,1,128,1,1,16,0.000,0.000,,,,,NVIDIA A100-SXM4-40GB MIG 4g.20gb (0),1,,13,cupy_copy__complex64_complex64
20440880060,3456,423323,103,1,1,128,1,1,16,0.000,0.000,,,,,NVIDIA A100-SXM4-40GB MIG 4g.20gb (0),1,,13,cupy_copy__complex64_complex64
20440978523,11872,423330,35,1,1,128,1,1,16,0.000,0.000,,,,,NVIDIA A100-SXM4-40GB MIG 4g.20gb (0),1,,13,cupy_copy__complex64_complex64
20441122010,3552,423337,1,1,1,1,1,1,18,0.000,0.000,,,,,NVIDIA A100-SXM4-40GB MIG 4g.20gb (0),1,,13,cupy_copy__float32_float32
20441235512,369084,423348,1,1,1,32,32,1,30,0.000,0.000,,,,,NVIDIA A100-SXM4-40GB MIG 4g.20gb (0),1,,13,"void convert_kernel<__half2, float2>(tensor_layout_any, T1 *, tensor_layout_any, const T2 *)"
20441638516,6400,423351,,,,,,,,,,0.094,14640.000,Pinned,Device,NVIDIA A100-SXM4-40GB MIG 4g.20gb (0),1,,13,[CUDA memcpy Host-to-Device]
20441901073,4160,423352,,,,,,,,,,1.547,371783.664,Device,,NVIDIA A100-SXM4-40GB MIG 4g.20gb (0),1,,13,[CUDA memset]
20441911889,5920,423357,,,,,,,,,,0.031,5286.458,Pinned,Device,NVIDIA A100-SXM4-40GB MIG 4g.20gb (0),1,,13,[CUDA memcpy Host-to-Device]
20441925233,9952,423358,,,,,,,,,,0.197,19755.565,Pinned,Device,NVIDIA A100-SXM4-40GB MIG 4g.20gb (0),1,,13,[CUDA memcpy Host-to-Device]
20442120303,17535,423359,273,1,1,8,4,1,39,0.002,0.000,,,,,NVIDIA A100-SXM4-40GB MIG 4g.20gb (0),1,,13,"void channel_eq::eqMmseCoefCompLowMimoKernel<float, float, float, (unsigned int)4, (unsigned int)1, (unsigned int)4>(const channel_eq::_puschRxChEqStatDescr *, channel_eq::_puschRxChEqCoefCompDynDescr)"
20442344140,15040,423360,273,1,1,12,11,1,51,0.002,0.000,,,,,NVIDIA A100-SXM4-40GB MIG 4g.20gb (0),1,,13,"void channel_eq::eqMmseSoftDemapKernel<float, __half, __half, float, (unsigned int)4, (unsigned short)16383>(channel_eq::_puschRxChEqStatDescr *, channel_eq::_puschRxChEqSoftDemapDynDescr)"
20442562602,885206,423361,1,1,1,32,32,1,30,0.000,0.000,,,,,NVIDIA A100-SXM4-40GB MIG 4g.20gb (0),1,,13,"void convert_kernel<float2, __half2>(tensor_layout_any, T1 *, tensor_layout_any, const T2 *)"
20443450080,12160,423373,2253,1,1,128,1,1,16,0.000,0.000,,,,,NVIDIA A100-SXM4-40GB MIG 4g.20gb (0),1,,13,cupy_copy__float16_float16
20443464160,3712,423382,282,1,1,128,1,1,16,0.000,0.000,,,,,NVIDIA A100-SXM4-40GB MIG 4g.20gb (0),1,,13,cupy_copy__complex64_complex64
20443469920,2272,423391,26,1,1,128,1,1,16,0.000,0.000,,,,,NVIDIA A100-SXM4-40GB MIG 4g.20gb (0),1,,13,cupy_copy__float32_float32
20443473408,3167,423400,103,1,1,128,1,1,16,0.000,0.000,,,,,NVIDIA A100-SXM4-40GB MIG 4g.20gb (0),1,,13,cupy_copy__complex64_complex64
20443478591,12192,423410,1434,1,1,128,1,1,16,0.000,0.000,,,,,NVIDIA A100-SXM4-40GB MIG 4g.20gb (0),1,,13,cupy_copy__complex64_complex64
20443493055,80255,423415,1,1,1,32,32,1,30,0.000,0.000,,,,,NVIDIA A100-SXM4-40GB MIG 4g.20gb (0),1,,13,"void convert_kernel<__half2, float2>(tensor_layout_any, T1 *, tensor_layout_any, const T2 *)"
20443603262,6496,423418,,,,,,,,,,0.094,14423.562,Pinned,Device,NVIDIA A100-SXM4-40GB MIG 4g.20gb (0),1,,13,[CUDA memcpy Host-to-Device]
20443614686,603257,423419,,,,,,,,,,456.561,756522.306,Device,,NVIDIA A100-SXM4-40GB MIG 4g.20gb (0),1,,13,[CUDA memset]
20444223831,51232,423424,,,,,,,,,,1.235,24104.872,Pinned,Device,NVIDIA A100-SXM4-40GB MIG 4g.20gb (0),1,,13,[CUDA memcpy Host-to-Device]
20444277527,10623,423425,,,,,,,,,,0.197,18507.694,Pinned,Device,NVIDIA A100-SXM4-40GB MIG 4g.20gb (0),1,,13,[CUDA memcpy Host-to-Device]
20444393717,9184,423426,69,4,1,48,1,1,76,0.002,0.000,,,,,NVIDIA A100-SXM4-40GB MIG 4g.20gb (0),1,,13,"void ch_est::windowedChEstPreNoDftSOfdmKernel<float, __half, float, (unsigned int)2, (unsigned int)1, (unsigned short)4>(ch_est::puschRxChEstStatDescr_t *, ch_est::puschRxChEstDynDescr_t *)"
20444523380,8960,423427,137,2,1,24,2,1,44,0.001,0.001,,,,,NVIDIA A100-SXM4-40GB MIG 4g.20gb (0),1,,13,"void ch_est::chEstFilterNoDftSOfdmDispatchKernel<float, __half, float, (unsigned int)2>(ch_est::puschRxChEstStatDescr_t *, ch_est::puschRxChEstDynDescr_t *)"
20444533652,5696,423428,137,2,1,24,2,1,44,0.001,0.001,,,,,NVIDIA A100-SXM4-40GB MIG 4g.20gb (0),1,,13,"void ch_est::chEstFilterNoDftSOfdmDispatchKernel<float, __half, float, (unsigned int)2>(ch_est::puschRxChEstStatDescr_t *, ch_est::puschRxChEstDynDescr_t *)"
20444541652,2592,423439,103,1,1,128,1,1,16,0.000,0.000,,,,,NVIDIA A100-SXM4-40GB MIG 4g.20gb (0),1,,13,cupy_copy__complex64_complex64
20444545972,12735,423449,1434,1,1,128,1,1,16,0.000,0.000,,,,,NVIDIA A100-SXM4-40GB MIG 4g.20gb (0),1,,13,cupy_copy__complex64_complex64
20444560755,2496,423456,103,1,1,128,1,1,16,0.000,0.000,,,,,NVIDIA A100-SXM4-40GB MIG 4g.20gb (0),1,,13,cupy_copy__complex64_complex64
20444564979,157631,423463,1,1,1,32,32,1,30,0.000,0.000,,,,,NVIDIA A100-SXM4-40GB MIG 4g.20gb (0),1,,13,"void convert_kernel<__half2, float2>(tensor_layout_any, T1 *, tensor_layout_any, const T2 *)"
20444752881,6240,423466,,,,,,,,,,0.094,15015.346,Pinned,Device,NVIDIA A100-SXM4-40GB MIG 4g.20gb (0),1,,13,[CUDA memcpy Host-to-Device]
20444947951,50016,423467,,,,,,,,,,35.810,715947.731,Device,,NVIDIA A100-SXM4-40GB MIG 4g.20gb (0),1,,13,[CUDA memset]
20445000622,2240,423469,,,,,,,,,,0.000,35.714,Pinned,Device,NVIDIA A100-SXM4-40GB MIG 4g.20gb (0),1,,13,[CUDA memcpy Host-to-Device]
20445007214,10272,423470,,,,,,,,,,0.197,19140.182,Pinned,Device,NVIDIA A100-SXM4-40GB MIG 4g.20gb (0),1,,13,[CUDA memcpy Host-to-Device]
20445305291,24832,423471,273,1,1,48,1,1,40,0.000,0.001,,,,,NVIDIA A100-SXM4-40GB MIG 4g.20gb (0),1,,13,"void pusch_noise_intf_est::noiseIntfEstNoDftSOfdmKernel<float, __half, float, float, (unsigned int)2, (unsigned int)1, (unsigned char)4, (unsigned char)4>(pusch_noise_intf_est::puschRxNoiseIntfEstDynDescr)"
20445533001,10783,423482,35,1,1,128,1,1,16,0.000,0.000,,,,,NVIDIA A100-SXM4-40GB MIG 4g.20gb (0),1,,13,cupy_copy__complex64_complex64
20445657959,2688,423491,1,1,1,1,1,1,18,0.000,0.000,,,,,NVIDIA A100-SXM4-40GB MIG 4g.20gb (0),1,,13,cupy_copy__float32_float32
20445664199,3104,423497,,,,,,,,,,0.000,1.289,Device,Pageable,NVIDIA A100-SXM4-40GB MIG 4g.20gb (0),1,,7,[CUDA memcpy Device-to-Host]
20445904484,18976,423508,1434,1,1,128,1,1,16,0.000,0.000,,,,,NVIDIA A100-SXM4-40GB MIG 4g.20gb (0),1,,13,cupy_copy__complex64_complex64
20446225313,8608,423515,103,1,1,128,1,1,16,0.000,0.000,,,,,NVIDIA A100-SXM4-40GB MIG 4g.20gb (0),1,,13,cupy_copy__complex64_complex64
20446417599,8320,423522,35,1,1,128,1,1,16,0.000,0.000,,,,,NVIDIA A100-SXM4-40GB MIG 4g.20gb (0),1,,13,cupy_copy__complex64_complex64
20446639548,3584,423529,1,1,1,1,1,1,18,0.000,0.000,,,,,NVIDIA A100-SXM4-40GB MIG 4g.20gb (0),1,,13,cupy_copy__float32_float32
20446647036,299709,423540,1,1,1,32,32,1,30,0.000,0.000,,,,,NVIDIA A100-SXM4-40GB MIG 4g.20gb (0),1,,13,"void convert_kernel<__half2, float2>(tensor_layout_any, T1 *, tensor_layout_any, const T2 *)"
20446978264,5440,423543,,,,,,,,,,0.094,17223.480,Pinned,Device,NVIDIA A100-SXM4-40GB MIG 4g.20gb (0),1,,13,[CUDA memcpy Host-to-Device]
20447050904,7648,423544,,,,,,,,,,1.547,202225.728,Device,,NVIDIA A100-SXM4-40GB MIG 4g.20gb (0),1,,13,[CUDA memset]
20447063735,3744,423549,,,,,,,,,,0.031,8358.974,Pinned,Device,NVIDIA A100-SXM4-40GB MIG 4g.20gb (0),1,,13,[CUDA memcpy Host-to-Device]
20447070967,10880,423550,,,,,,,,,,0.197,18070.438,Pinned,Device,NVIDIA A100-SXM4-40GB MIG 4g.20gb (0),1,,13,[CUDA memcpy Host-to-Device]
20447201110,15840,423551,273,1,1,8,4,1,39,0.002,0.000,,,,,NVIDIA A100-SXM4-40GB MIG 4g.20gb (0),1,,13,"void channel_eq::eqMmseCoefCompLowMimoKernel<float, float, float, (unsigned int)4, (unsigned int)1, (unsigned int)4>(const channel_eq::_puschRxChEqStatDescr *, channel_eq::_puschRxChEqCoefCompDynDescr)"
20447323957,9247,423552,273,1,1,12,11,1,51,0.002,0.000,,,,,NVIDIA A100-SXM4-40GB MIG 4g.20gb (0),1,,13,"void channel_eq::eqMmseSoftDemapKernel<float, __half, __half, float, (unsigned int)4, (unsigned short)16383>(channel_eq::_puschRxChEqStatDescr *, channel_eq::_puschRxChEqSoftDemapDynDescr)"
20447446547,775224,423553,1,1,1,32,32,1,30,0.000,0.000,,,,,NVIDIA A100-SXM4-40GB MIG 4g.20gb (0),1,,13,"void convert_kernel<float2, __half2>(tensor_layout_any, T1 *, tensor_layout_any, const T2 *)"
20448376105,16736,423565,2253,1,1,128,1,1,16,0.000,0.000,,,,,NVIDIA A100-SXM4-40GB MIG 4g.20gb (0),1,,13,cupy_copy__float16_float16
20448511591,7040,423574,282,1,1,128,1,1,16,0.000,0.000,,,,,NVIDIA A100-SXM4-40GB MIG 4g.20gb (0),1,,13,cupy_copy__complex64_complex64
20448680197,3328,423583,26,1,1,128,1,1,16,0.000,0.000,,,,,NVIDIA A100-SXM4-40GB MIG 4g.20gb (0),1,,13,cupy_copy__float32_float32
20448745957,8128,423592,103,1,1,128,1,1,16,0.000,0.000,,,,,NVIDIA A100-SXM4-40GB MIG 4g.20gb (0),1,,13,cupy_copy__complex64_complex64
20448791684,20352,423602,1434,1,1,128,1,1,16,0.000,0.000,,,,,NVIDIA A100-SXM4-40GB MIG 4g.20gb (0),1,,13,cupy_copy__complex64_complex64
20449009570,364540,423607,1,1,1,32,32,1,30,0.000,0.000,,,,,NVIDIA A100-SXM4-40GB MIG 4g.20gb (0),1,,13,"void convert_kernel<__half2, float2>(tensor_layout_any, T1 *, tensor_layout_any, const T2 *)"
20449406429,8224,423610,,,,,,,,,,0.094,11392.965,Pinned,Device,NVIDIA A100-SXM4-40GB MIG 4g.20gb (0),1,,13,[CUDA memcpy Host-to-Device]
20449467069,612953,423611,,,,,,,,,,456.561,744651.709,Device,,NVIDIA A100-SXM4-40GB MIG 4g.20gb (0),1,,13,[CUDA memset]
20450088918,51871,423616,,,,,,,,,,1.235,23807.250,Pinned,Device,NVIDIA A100-SXM4-40GB MIG 4g.20gb (0),1,,13,[CUDA memcpy Host-to-Device]
20450143701,11040,423617,,,,,,,,,,0.197,17808.556,Pinned,Device,NVIDIA A100-SXM4-40GB MIG 4g.20gb (0),1,,13,[CUDA memcpy Host-to-Device]
20450360499,10976,423618,69,4,1,48,1,1,76,0.002,0.000,,,,,NVIDIA A100-SXM4-40GB MIG 4g.20gb (0),1,,13,"void ch_est::windowedChEstPreNoDftSOfdmKernel<float, __half, float, (unsigned int)2, (unsigned int)1, (unsigned short)4>(ch_est::puschRxChEstStatDescr_t *, ch_est::puschRxChEstDynDescr_t *)"
20450524625,17216,423619,137,2,1,24,2,1,44,0.001,0.001,,,,,NVIDIA A100-SXM4-40GB MIG 4g.20gb (0),1,,13,"void ch_est::chEstFilterNoDftSOfdmDispatchKernel<float, __half, float, (unsigned int)2>(ch_est::puschRxChEstStatDescr_t *, ch_est::puschRxChEstDynDescr_t *)"
20450674127,23680,423620,137,2,1,24,2,1,44,0.001,0.001,,,,,NVIDIA A100-SXM4-40GB MIG 4g.20gb (0),1,,13,"void ch_est::chEstFilterNoDftSOfdmDispatchKernel<float, __half, float, (unsigned int)2>(ch_est::puschRxChEstStatDescr_t *, ch_est::puschRxChEstDynDescr_t *)"
20450847469,4096,423631,103,1,1,128,1,1,16,0.000,0.000,,,,,NVIDIA A100-SXM4-40GB MIG 4g.20gb (0),1,,13,cupy_copy__complex64_complex64
20450987276,28127,423641,1434,1,1,128,1,1,16,0.000,0.000,,,,,NVIDIA A100-SXM4-40GB MIG 4g.20gb (0),1,,13,cupy_copy__complex64_complex64
20451061035,13600,423648,103,1,1,128,1,1,16,0.000,0.000,,,,,NVIDIA A100-SXM4-40GB MIG 4g.20gb (0),1,,13,cupy_copy__complex64_complex64
20451129706,545914,423655,1,1,1,32,32,1,30,0.000,0.000,,,,,NVIDIA A100-SXM4-40GB MIG 4g.20gb (0),1,,13,"void convert_kernel<__half2, float2>(tensor_layout_any, T1 *, tensor_layout_any, const T2 *)"
20451703812,5984,423658,,,,,,,,,,0.094,15657.726,Pinned,Device,NVIDIA A100-SXM4-40GB MIG 4g.20gb (0),1,,13,[CUDA memcpy Host-to-Device]
20451758211,66943,423659,,,,,,,,,,35.810,534928.585,Device,,NVIDIA A100-SXM4-40GB MIG 4g.20gb (0),1,,13,[CUDA memset]
20451833698,2016,423661,,,,,,,,,,0.000,39.682,Pinned,Device,NVIDIA A100-SXM4-40GB MIG 4g.20gb (0),1,,13,[CUDA memcpy Host-to-Device]
20451839554,9440,423662,,,,,,,,,,0.197,20827.079,Pinned,Device,NVIDIA A100-SXM4-40GB MIG 4g.20gb (0),1,,13,[CUDA memcpy Host-to-Device]
20451964225,25920,423663,273,1,1,48,1,1,40,0.000,0.001,,,,,NVIDIA A100-SXM4-40GB MIG 4g.20gb (0),1,,13,"void pusch_noise_intf_est::noiseIntfEstNoDftSOfdmKernel<float, __half, float, float, (unsigned int)2, (unsigned int)1, (unsigned char)4, (unsigned char)4>(pusch_noise_intf_est::puschRxNoiseIntfEstDynDescr)"
20452028544,13536,423674,35,1,1,128,1,1,16,0.000,0.000,,,,,NVIDIA A100-SXM4-40GB MIG 4g.20gb (0),1,,13,cupy_copy__complex64_complex64
20452045632,3072,423683,1,1,1,1,1,1,18,0.000,0.000,,,,,NVIDIA A100-SXM4-40GB MIG 4g.20gb (0),1,,13,cupy_copy__float32_float32
20452061536,3808,423689,,,,,,,,,,0.000,1.050,Device,Pageable,NVIDIA A100-SXM4-40GB MIG 4g.20gb (0),1,,7,[CUDA memcpy Device-to-Host]
20452173118,33760,423700,1434,1,1,128,1,1,16,0.000,0.000,,,,,NVIDIA A100-SXM4-40GB MIG 4g.20gb (0),1,,13,cupy_copy__complex64_complex64
20452248286,15327,423707,103,1,1,128,1,1,16,0.000,0.000,,,,,NVIDIA A100-SXM4-40GB MIG 4g.20gb (0),1,,13,cupy_copy__complex64_complex64
20452266333,4224,423714,35,1,1,128,1,1,16,0.000,0.000,,,,,NVIDIA A100-SXM4-40GB MIG 4g.20gb (0),1,,13,cupy_copy__complex64_complex64
20452321789,14208,423721,1,1,1,1,1,1,18,0.000,0.000,,,,,NVIDIA A100-SXM4-40GB MIG 4g.20gb (0),1,,13,cupy_copy__float32_float32
20452387036,356636,423732,1,1,1,32,32,1,30,0.000,0.000,,,,,NVIDIA A100-SXM4-40GB MIG 4g.20gb (0),1,,13,"void convert_kernel<__half2, float2>(tensor_layout_any, T1 *, tensor_layout_any, const T2 *)"
20452777720,10368,423735,,,,,,,,,,0.094,9036.979,Pinned,Device,NVIDIA A100-SXM4-40GB MIG 4g.20gb (0),1,,13,[CUDA memcpy Host-to-Device]
20452868279,4640,423736,,,,,,,,,,1.547,333323.765,Device,,NVIDIA A100-SXM4-40GB MIG 4g.20gb (0),1,,13,[CUDA memset]
20452875383,5568,423741,,,,,,,,,,0.031,5620.668,Pinned,Device,NVIDIA A100-SXM4-40GB MIG 4g.20gb (0),1,,13,[CUDA memcpy Host-to-Device]
20452885783,11327,423742,,,,,,,,,,0.197,17357.341,Pinned,Device,NVIDIA A100-SXM4-40GB MIG 4g.20gb (0),1,,13,[CUDA memcpy Host-to-Device]
20452965334,11712,423743,273,1,1,8,4,1,39,0.002,0.000,,,,,NVIDIA A100-SXM4-40GB MIG 4g.20gb (0),1,,13,"void channel_eq::eqMmseCoefCompLowMimoKernel<float, float, float, (unsigned int)4, (unsigned int)1, (unsigned int)4>(const channel_eq::_puschRxChEqStatDescr *, channel_eq::_puschRxChEqCoefCompDynDescr)"
20453057781,22079,423744,273,1,1,12,11,1,51,0.002,0.000,,,,,NVIDIA A100-SXM4-40GB MIG 4g.20gb (0),1,,13,"void channel_eq::eqMmseSoftDemapKernel<float, __half, __half, float, (unsigned int)4, (unsigned short)16383>(channel_eq::_puschRxChEqStatDescr *, channel_eq::_puschRxChEqSoftDemapDynDescr)"
20453201843,738456,423745,1,1,1,32,32,1,30,0.000,0.000,,,,,NVIDIA A100-SXM4-40GB MIG 4g.20gb (0),1,,13,"void convert_kernel<float2, __half2>(tensor_layout_any, T1 *, tensor_layout_any, const T2 *)"
20454136777,21183,423757,2253,1,1,128,1,1,16,0.000,0.000,,,,,NVIDIA A100-SXM4-40GB MIG 4g.20gb (0),1,,13,cupy_copy__float16_float16
20454617891,5376,423766,282,1,1,128,1,1,16,0.000,0.000,,,,,NVIDIA A100-SXM4-40GB MIG 4g.20gb (0),1,,13,cupy_copy__complex64_complex64
20454773185,3552,423775,26,1,1,128,1,1,16,0.000,0.000,,,,,NVIDIA A100-SXM4-40GB MIG 4g.20gb (0),1,,13,cupy_copy__float32_float32
20454922560,26464,423784,103,1,1,128,1,1,16,0.000,0.000,,,,,NVIDIA A100-SXM4-40GB MIG 4g.20gb (0),1,,13,cupy_copy__complex64_complex64
20455106270,16992,423794,1434,1,1,128,1,1,16,0.000,0.000,,,,,NVIDIA A100-SXM4-40GB MIG 4g.20gb (0),1,,13,cupy_copy__complex64_complex64
20455270396,412283,423799,1,1,1,32,32,1,30,0.000,0.000,,,,,NVIDIA A100-SXM4-40GB MIG 4g.20gb (0),1,,13,"void convert_kernel<__half2, float2>(tensor_layout_any, T1 *, tensor_layout_any, const T2 *)"
20455712055,5536,423802,,,,,,,,,,0.094,16924.777,Pinned,Device,NVIDIA A100-SXM4-40GB MIG 4g.20gb (0),1,,13,[CUDA memcpy Host-to-Device]
20455722647,621401,423803,,,,,,,,,,456.561,734607.357,Device,,NVIDIA A100-SXM4-40GB MIG 4g.20gb (0),1,,13,[CUDA memset]
20456350288,53887,423808,,,,,,,,,,1.235,22916.856,Pinned,Device,NVIDIA A100-SXM4-40GB MIG 4g.20gb (0),1,,13,[CUDA memcpy Host-to-Device]
20456406639,11392,423809,,,,,,,,,,0.197,17258.250,Pinned,Device,NVIDIA A100-SXM4-40GB MIG 4g.20gb (0),1,,13,[CUDA memcpy Host-to-Device]
20456472879,10431,423810,69,4,1,48,1,1,76,0.002,0.000,,,,,NVIDIA A100-SXM4-40GB MIG 4g.20gb (0),1,,13,"void ch_est::windowedChEstPreNoDftSOfdmKernel<float, __half, float, (unsigned int)2, (unsigned int)1, (unsigned short)4>(ch_est::puschRxChEstStatDescr_t *, ch_est::puschRxChEstDynDescr_t *)"
20456552878,10720,423811,137,2,1,24,2,1,44,0.001,0.001,,,,,NVIDIA A100-SXM4-40GB MIG 4g.20gb (0),1,,13,"void ch_est::chEstFilterNoDftSOfdmDispatchKernel<float, __half, float, (unsigned int)2>(ch_est::puschRxChEstStatDescr_t *, ch_est::puschRxChEstDynDescr_t *)"
20456565229,5344,423812,137,2,1,24,2,1,44,0.001,0.001,,,,,NVIDIA A100-SXM4-40GB MIG 4g.20gb (0),1,,13,"void ch_est::chEstFilterNoDftSOfdmDispatchKernel<float, __half, float, (unsigned int)2>(ch_est::puschRxChEstStatDescr_t *, ch_est::puschRxChEstDynDescr_t *)"
20456572653,2560,423823,103,1,1,128,1,1,16,0.000,0.000,,,,,NVIDIA A100-SXM4-40GB MIG 4g.20gb (0),1,,13,cupy_copy__complex64_complex64
20456577325,12992,423833,1434,1,1,128,1,1,16,0.000,0.000,,,,,NVIDIA A100-SXM4-40GB MIG 4g.20gb (0),1,,13,cupy_copy__complex64_complex64
20456591949,2496,423840,103,1,1,128,1,1,16,0.000,0.000,,,,,NVIDIA A100-SXM4-40GB MIG 4g.20gb (0),1,,13,cupy_copy__complex64_complex64
20456596013,329532,423847,1,1,1,32,32,1,30,0.000,0.000,,,,,NVIDIA A100-SXM4-40GB MIG 4g.20gb (0),1,,13,"void convert_kernel<__half2, float2>(tensor_layout_any, T1 *, tensor_layout_any, const T2 *)"
20456955209,5696,423850,,,,,,,,,,0.094,16449.363,Pinned,Device,NVIDIA A100-SXM4-40GB MIG 4g.20gb (0),1,,13,[CUDA memcpy Host-to-Device]
20457116167,51520,423851,,,,,,,,,,35.810,695034.737,Device,,NVIDIA A100-SXM4-40GB MIG 4g.20gb (0),1,,13,[CUDA memset]
20457175559,1888,423853,,,,,,,,,,0.000,42.373,Pinned,Device,NVIDIA A100-SXM4-40GB MIG 4g.20gb (0),1,,13,[CUDA memcpy Host-to-Device]
20457180071,9504,423854,,,,,,,,,,0.197,20686.701,Pinned,Device,NVIDIA A100-SXM4-40GB MIG 4g.20gb (0),1,,13,[CUDA memcpy Host-to-Device]
20457409572,18528,423855,273,1,1,48,1,1,40,0.000,0.001,,,,,NVIDIA A100-SXM4-40GB MIG 4g.20gb (0),1,,13,"void pusch_noise_intf_est::noiseIntfEstNoDftSOfdmKernel<float, __half, float, float, (unsigned int)2, (unsigned int)1, (unsigned char)4, (unsigned char)4>(pusch_noise_intf_est::puschRxNoiseIntfEstDynDescr)"
20457544355,3776,423866,35,1,1,128,1,1,16,0.000,0.000,,,,,NVIDIA A100-SXM4-40GB MIG 4g.20gb (0),1,,13,cupy_copy__complex64_complex64
20457780864,5664,423875,1,1,1,1,1,1,18,0.000,0.000,,,,,NVIDIA A100-SXM4-40GB MIG 4g.20gb (0),1,,13,cupy_copy__float32_float32
20457801792,2592,423881,,,,,,,,,,0.000,1.543,Device,Pageable,NVIDIA A100-SXM4-40GB MIG 4g.20gb (0),1,,7,[CUDA memcpy Device-to-Host]
20458235963,16960,423892,1434,1,1,128,1,1,16,0.000,0.000,,,,,NVIDIA A100-SXM4-40GB MIG 4g.20gb (0),1,,13,cupy_copy__complex64_complex64
20458400441,5504,423899,103,1,1,128,1,1,16,0.000,0.000,,,,,NVIDIA A100-SXM4-40GB MIG 4g.20gb (0),1,,13,cupy_copy__complex64_complex64
20458700150,3232,423906,35,1,1,128,1,1,16,0.000,0.000,,,,,NVIDIA A100-SXM4-40GB MIG 4g.20gb (0),1,,13,cupy_copy__complex64_complex64
20458860660,2880,423913,1,1,1,1,1,1,18,0.000,0.000,,,,,NVIDIA A100-SXM4-40GB MIG 4g.20gb (0),1,,13,cupy_copy__float32_float32
20459016818,349148,423924,1,1,1,32,32,1,30,0.000,0.000,,,,,NVIDIA A100-SXM4-40GB MIG 4g.20gb (0),1,,13,"void convert_kernel<__half2, float2>(tensor_layout_any, T1 *, tensor_layout_any, const T2 *)"
20459396398,5952,423927,,,,,,,,,,0.094,15741.865,Pinned,Device,NVIDIA A100-SXM4-40GB MIG 4g.20gb (0),1,,13,[CUDA memcpy Host-to-Device]
20459526092,5056,423928,,,,,,,,,,1.547,305897.481,Device,,NVIDIA A100-SXM4-40GB MIG 4g.20gb (0),1,,13,[CUDA memset]
20459532396,3072,423933,,,,,,,,,,0.031,10187.474,Pinned,Device,NVIDIA A100-SXM4-40GB MIG 4g.20gb (0),1,,13,[CUDA memcpy Host-to-Device]
20459538956,9600,423934,,,,,,,,,,0.197,20479.869,Pinned,Device,NVIDIA A100-SXM4-40GB MIG 4g.20gb (0),1,,13,[CUDA memcpy Host-to-Device]
20459553740,7520,423935,273,1,1,8,4,1,39,0.002,0.000,,,,,NVIDIA A100-SXM4-40GB MIG 4g.20gb (0),1,,13,"void channel_eq::eqMmseCoefCompLowMimoKernel<float, float, float, (unsigned int)4, (unsigned int)1, (unsigned int)4>(const channel_eq::_puschRxChEqStatDescr *, channel_eq::_puschRxChEqCoefCompDynDescr)"
20459562988,7040,423936,273,1,1,12,11,1,51,0.002,0.000,,,,,NVIDIA A100-SXM4-40GB MIG 4g.20gb (0),1,,13,"void channel_eq::eqMmseSoftDemapKernel<float, __half, __half, float, (unsigned int)4, (unsigned short)16383>(channel_eq::_puschRxChEqStatDescr *, channel_eq::_puschRxChEqSoftDemapDynDescr)"
20459571660,689432,423937,1,1,1,32,32,1,30,0.000,0.000,,,,,NVIDIA A100-SXM4-40GB MIG 4g.20gb (0),1,,13,"void convert_kernel<float2, __half2>(tensor_layout_any, T1 *, tensor_layout_any, const T2 *)"
20460262852,12288,423949,2253,1,1,128,1,1,16,0.000,0.000,,,,,NVIDIA A100-SXM4-40GB MIG 4g.20gb (0),1,,13,cupy_copy__float16_float16
20460276900,3776,423958,282,1,1,128,1,1,16,0.000,0.000,,,,,NVIDIA A100-SXM4-40GB MIG 4g.20gb (0),1,,13,cupy_copy__complex64_complex64
20460283428,2272,423967,26,1,1,128,1,1,16,0.000,0.000,,,,,NVIDIA A100-SXM4-40GB MIG 4g.20gb (0),1,,13,cupy_copy__float32_float32
20460287460,3168,423976,103,1,1,128,1,1,16,0.000,0.000,,,,,NVIDIA A100-SXM4-40GB MIG 4g.20gb (0),1,,13,cupy_copy__complex64_complex64
20460292484,14144,423986,1434,1,1,128,1,1,16,0.000,0.000,,,,,NVIDIA A100-SXM4-40GB MIG 4g.20gb (0),1,,13,cupy_copy__complex64_complex64
20460438818,279325,423991,1,1,1,32,32,1,30,0.000,0.000,,,,,NVIDIA A100-SXM4-40GB MIG 4g.20gb (0),1,,13,"void convert_kernel<__half2, float2>(tensor_layout_any, T1 *, tensor_layout_any, const T2 *)"
20460749055,6048,423994,,,,,,,,,,0.094,15491.978,Pinned,Device,NVIDIA A100-SXM4-40GB MIG 4g.20gb (0),1,,13,[CUDA memcpy Host-to-Device]
20461106107,616345,423995,,,,,,,,,,456.561,740542.656,Device,,NVIDIA A100-SXM4-40GB MIG 4g.20gb (0),1,,13,[CUDA memset]
20461731572,60255,424000,,,,,,,,,,1.235,20495.131,Pinned,Device,NVIDIA A100-SXM4-40GB MIG 4g.20gb (0),1,,13,[CUDA memcpy Host-to-Device]
20461794323,12640,424001,,,,,,,,,,0.197,15554.249,Pinned,Device,NVIDIA A100-SXM4-40GB MIG 4g.20gb (0),1,,13,[CUDA memcpy Host-to-Device]
20462350509,11616,424002,69,4,1,48,1,1,76,0.002,0.000,,,,,NVIDIA A100-SXM4-40GB MIG 4g.20gb (0),1,,13,"void ch_est::windowedChEstPreNoDftSOfdmKernel<float, __half, float, (unsigned int)2, (unsigned int)1, (unsigned short)4>(ch_est::puschRxChEstStatDescr_t *, ch_est::puschRxChEstDynDescr_t *)"
20462556427,16287,424003,137,2,1,24,2,1,44,0.001,0.001,,,,,NVIDIA A100-SXM4-40GB MIG 4g.20gb (0),1,,13,"void ch_est::chEstFilterNoDftSOfdmDispatchKernel<float, __half, float, (unsigned int)2>(ch_est::puschRxChEstStatDescr_t *, ch_est::puschRxChEstDynDescr_t *)"
20462798216,9056,424004,137,2,1,24,2,1,44,0.001,0.001,,,,,NVIDIA A100-SXM4-40GB MIG 4g.20gb (0),1,,13,"void ch_est::chEstFilterNoDftSOfdmDispatchKernel<float, __half, float, (unsigned int)2>(ch_est::puschRxChEstStatDescr_t *, ch_est::puschRxChEstDynDescr_t *)"
20462975942,7648,424015,103,1,1,128,1,1,16,0.000,0.000,,,,,NVIDIA A100-SXM4-40GB MIG 4g.20gb (0),1,,13,cupy_copy__complex64_complex64
20463081573,23744,424025,1434,1,1,128,1,1,16,0.000,0.000,,,,,NVIDIA A100-SXM4-40GB MIG 4g.20gb (0),1,,13,cupy_copy__complex64_complex64
20463204419,7520,424032,103,1,1,128,1,1,16,0.000,0.000,,,,,NVIDIA A100-SXM4-40GB MIG 4g.20gb (0),1,,13,cupy_copy__complex64_complex64
20463253411,295325,424039,1,1,1,32,32,1,30,0.000,0.000,,,,,NVIDIA A100-SXM4-40GB MIG 4g.20gb (0),1,,13,"void convert_kernel<__half2, float2>(tensor_layout_any, T1 *, tensor_layout_any, const T2 *)"
20463578143,5504,424042,,,,,,,,,,0.094,17023.251,Pinned,Device,NVIDIA A100-SXM4-40GB MIG 4g.20gb (0),1,,13,[CUDA memcpy Host-to-Device]
20463605759,52031,424043,,,,,,,,,,35.810,688230.852,Device,,NVIDIA A100-SXM4-40GB MIG 4g.20gb (0),1,,13,[CUDA memset]
20463661374,3264,424045,,,,,,,,,,0.000,24.510,Pinned,Device,NVIDIA A100-SXM4-40GB MIG 4g.20gb (0),1,,13,[CUDA memcpy Host-to-Device]
20463668222,11360,424046,,,,,,,,,,0.197,17307.009,Pinned,Device,NVIDIA A100-SXM4-40GB MIG 4g.20gb (0),1,,13,[CUDA memcpy Host-to-Device]
20463757021,15584,424047,273,1,1,48,1,1,40,0.000,0.001,,,,,NVIDIA A100-SXM4-40GB MIG 4g.20gb (0),1,,13,"void pusch_noise_intf_est::noiseIntfEstNoDftSOfdmKernel<float, __half, float, float, (unsigned int)2, (unsigned int)1, (unsigned char)4, (unsigned char)4>(pusch_noise_intf_est::puschRxNoiseIntfEstDynDescr)"
20463868476,11040,424058,35,1,1,128,1,1,16,0.000,0.000,,,,,NVIDIA A100-SXM4-40GB MIG 4g.20gb (0),1,,13,cupy_copy__complex64_complex64
20463894684,6400,424067,1,1,1,1,1,1,18,0.000,0.000,,,,,NVIDIA A100-SXM4-40GB MIG 4g.20gb (0),1,,13,cupy_copy__float32_float32
20463905468,3648,424073,,,,,,,,,,0.000,1.096,Device,Pageable,NVIDIA A100-SXM4-40GB MIG 4g.20gb (0),1,,7,[CUDA memcpy Device-to-Host]
20464010426,17728,424084,1434,1,1,128,1,1,16,0.000,0.000,,,,,NVIDIA A100-SXM4-40GB MIG 4g.20gb (0),1,,13,cupy_copy__complex64_complex64
20464194936,4992,424091,103,1,1,128,1,1,16,0.000,0.000,,,,,NVIDIA A100-SXM4-40GB MIG 4g.20gb (0),1,,13,cupy_copy__complex64_complex64
20464411062,7744,424098,35,1,1,128,1,1,16,0.000,0.000,,,,,NVIDIA A100-SXM4-40GB MIG 4g.20gb (0),1,,13,cupy_copy__complex64_complex64
20464489589,4064,424105,1,1,1,1,1,1,18,0.000,0.000,,,,,NVIDIA A100-SXM4-40GB MIG 4g.20gb (0),1,,13,cupy_copy__float32_float32
20464667251,370460,424116,1,1,1,32,32,1,30,0.000,0.000,,,,,NVIDIA A100-SXM4-40GB MIG 4g.20gb (0),1,,13,"void convert_kernel<__half2, float2>(tensor_layout_any, T1 *, tensor_layout_any, const T2 *)"
20465070063,6368,424119,,,,,,,,,,0.094,14713.551,Pinned,Device,NVIDIA A100-SXM4-40GB MIG 4g.20gb (0),1,,13,[CUDA memcpy Host-to-Device]
20465316748,10016,424120,,,,,,,,,,1.547,154414.940,Device,,NVIDIA A100-SXM4-40GB MIG 4g.20gb (0),1,,13,[CUDA memset]
20465329292,3328,424125,,,,,,,,,,0.031,9403.822,Pinned,Device,NVIDIA A100-SXM4-40GB MIG 4g.20gb (0),1,,13,[CUDA memcpy Host-to-Device]
20465335500,11008,424126,,,,,,,,,,0.197,17860.461,Pinned,Device,NVIDIA A100-SXM4-40GB MIG 4g.20gb (0),1,,13,[CUDA memcpy Host-to-Device]
20465805862,12608,424127,273,1,1,8,4,1,39,0.002,0.000,,,,,NVIDIA A100-SXM4-40GB MIG 4g.20gb (0),1,,13,"void channel_eq::eqMmseCoefCompLowMimoKernel<float, float, float, (unsigned int)4, (unsigned int)1, (unsigned int)4>(const channel_eq::_puschRxChEqStatDescr *, channel_eq::_puschRxChEqCoefCompDynDescr)"
20466051620,22655,424128,273,1,1,12,11,1,51,0.002,0.000,,,,,NVIDIA A100-SXM4-40GB MIG 4g.20gb (0),1,,13,"void channel_eq::eqMmseSoftDemapKernel<float, __half, __half, float, (unsigned int)4, (unsigned short)16383>(channel_eq::_puschRxChEqStatDescr *, channel_eq::_puschRxChEqSoftDemapDynDescr)"
20466493823,1089812,424129,1,1,1,32,32,1,30,0.000,0.000,,,,,NVIDIA A100-SXM4-40GB MIG 4g.20gb (0),1,,13,"void convert_kernel<float2, __half2>(tensor_layout_any, T1 *, tensor_layout_any, const T2 *)"
20467712369,15104,424141,2253,1,1,128,1,1,16,0.000,0.000,,,,,NVIDIA A100-SXM4-40GB MIG 4g.20gb (0),1,,13,cupy_copy__float16_float16
20467845360,20927,424150,282,1,1,128,1,1,16,0.000,0.000,,,,,NVIDIA A100-SXM4-40GB MIG 4g.20gb (0),1,,13,cupy_copy__complex64_complex64
20467950447,4351,424159,26,1,1,128,1,1,16,0.000,0.000,,,,,NVIDIA A100-SXM4-40GB MIG 4g.20gb (0),1,,13,cupy_copy__float32_float32
20468050349,6592,424168,103,1,1,128,1,1,16,0.000,0.000,,,,,NVIDIA A100-SXM4-40GB MIG 4g.20gb (0),1,,13,cupy_copy__complex64_complex64
20468182476,29408,424178,1434,1,1,128,1,1,16,0.000,0.000,,,,,NVIDIA A100-SXM4-40GB MIG 4g.20gb (0),1,,13,cupy_copy__complex64_complex64
20468277963,403611,424183,1,1,1,32,32,1,30,0.000,0.000,,,,,NVIDIA A100-SXM4-40GB MIG 4g.20gb (0),1,,13,"void convert_kernel<__half2, float2>(tensor_layout_any, T1 *, tensor_layout_any, const T2 *)"
20468712454,7040,424186,,,,,,,,,,0.094,13309.048,Pinned,Device,NVIDIA A100-SXM4-40GB MIG 4g.20gb (0),1,,13,[CUDA memcpy Host-to-Device]
20468920932,614265,424187,,,,,,,,,,456.561,742825.463,Device,,NVIDIA A100-SXM4-40GB MIG 4g.20gb (0),1,,13,[CUDA memset]
20469544957,50303,424192,,,,,,,,,,1.235,24549.452,Pinned,Device,NVIDIA A100-SXM4-40GB MIG 4g.20gb (0),1,,13,[CUDA memcpy Host-to-Device]
20469598108,9696,424193,,,,,,,,,,0.197,20277.166,Pinned,Device,NVIDIA A100-SXM4-40GB MIG 4g.20gb (0),1,,13,[CUDA memcpy Host-to-Device]
20469914233,17375,424194,69,4,1,48,1,1,76,0.002,0.000,,,,,NVIDIA A100-SXM4-40GB MIG 4g.20gb (0),1,,13,"void ch_est::windowedChEstPreNoDftSOfdmKernel<float, __half, float, (unsigned int)2, (unsigned int)1, (unsigned short)4>(ch_est::puschRxChEstStatDescr_t *, ch_est::puschRxChEstDynDescr_t *)"
20470340276,24576,424195,137,2,1,24,2,1,44,0.001,0.001,,,,,NVIDIA A100-SXM4-40GB MIG 4g.20gb (0),1,,13,"void ch_est::chEstFilterNoDftSOfdmDispatchKernel<float, __half, float, (unsigned int)2>(ch_est::puschRxChEstStatDescr_t *, ch_est::puschRxChEstDynDescr_t *)"
20470530354,14112,424196,137,2,1,24,2,1,44,0.001,0.001,,,,,NVIDIA A100-SXM4-40GB MIG 4g.20gb (0),1,,13,"void ch_est::chEstFilterNoDftSOfdmDispatchKernel<float, __half, float, (unsigned int)2>(ch_est::puschRxChEstStatDescr_t *, ch_est::puschRxChEstDynDescr_t *)"
20470632689,3968,424207,103,1,1,128,1,1,16,0.000,0.000,,,,,NVIDIA A100-SXM4-40GB MIG 4g.20gb (0),1,,13,cupy_copy__complex64_complex64
20470640817,14591,424217,1434,1,1,128,1,1,16,0.000,0.000,,,,,NVIDIA A100-SXM4-40GB MIG 4g.20gb (0),1,,13,cupy_copy__complex64_complex64
20470738095,4160,424224,103,1,1,128,1,1,16,0.000,0.000,,,,,NVIDIA A100-SXM4-40GB MIG 4g.20gb (0),1,,13,cupy_copy__complex64_complex64
20470746575,352124,424231,1,1,1,32,32,1,30,0.000,0.000,,,,,NVIDIA A100-SXM4-40GB MIG 4g.20gb (0),1,,13,"void convert_kernel<__half2, float2>(tensor_layout_any, T1 *, tensor_layout_any, const T2 *)"
20471137003,5600,424234,,,,,,,,,,0.094,16731.388,Pinned,Device,NVIDIA A100-SXM4-40GB MIG 4g.20gb (0),1,,13,[CUDA memcpy Host-to-Device]
20471256490,49247,424235,,,,,,,,,,35.810,727120.426,Device,,NVIDIA A100-SXM4-40GB MIG 4g.20gb (0),1,,13,[CUDA memset]
20471307497,3008,424237,,,,,,,,,,0.000,26.596,Pinned,Device,NVIDIA A100-SXM4-40GB MIG 4g.20gb (0),1,,13,[CUDA memcpy Host-to-Device]
20471313097,9408,424238,,,,,,,,,,0.197,20897.858,Pinned,Device,NVIDIA A100-SXM4-40GB MIG 4g.20gb (0),1,,13,[CUDA memcpy Host-to-Device]
20471481255,18304,424239,273,1,1,48,1,1,40,0.000,0.001,,,,,NVIDIA A100-SXM4-40GB MIG 4g.20gb (0),1,,13,"void pusch_noise_intf_est::noiseIntfEstNoDftSOfdmKernel<float, __half, float, float, (unsigned int)2, (unsigned int)1, (unsigned char)4, (unsigned char)4>(pusch_noise_intf_est::puschRxNoiseIntfEstDynDescr)"
20471553350,4448,424250,35,1,1,128,1,1,16,0.000,0.000,,,,,NVIDIA A100-SXM4-40GB MIG 4g.20gb (0),1,,13,cupy_copy__complex64_complex64
20471642629,3264,424259,1,1,1,1,1,1,18,0.000,0.000,,,,,NVIDIA A100-SXM4-40GB MIG 4g.20gb (0),1,,13,cupy_copy__float32_float32
20471663013,2560,424265,,,,,,,,,,0.000,1.562,Device,Pageable,NVIDIA A100-SXM4-40GB MIG 4g.20gb (0),1,,7,[CUDA memcpy Device-to-Host]
20471813571,17024,424276,1434,1,1,128,1,1,16,0.000,0.000,,,,,NVIDIA A100-SXM4-40GB MIG 4g.20gb (0),1,,13,cupy_copy__complex64_complex64
20471898146,4576,424283,103,1,1,128,1,1,16,0.000,0.000,,,,,NVIDIA A100-SXM4-40GB MIG 4g.20gb (0),1,,13,cupy_copy__complex64_complex64
20471990145,4768,424290,35,1,1,128,1,1,16,0.000,0.000,,,,,NVIDIA A100-SXM4-40GB MIG 4g.20gb (0),1,,13,cupy_copy__complex64_complex64
20472068801,4768,424297,1,1,1,1,1,1,18,0.000,0.000,,,,,NVIDIA A100-SXM4-40GB MIG 4g.20gb (0),1,,13,cupy_copy__float32_float32
20472234591,396731,424308,1,1,1,32,32,1,30,0.000,0.000,,,,,NVIDIA A100-SXM4-40GB MIG 4g.20gb (0),1,,13,"void convert_kernel<__half2, float2>(tensor_layout_any, T1 *, tensor_layout_any, const T2 *)"
20472661242,5408,424311,,,,,,,,,,0.094,17325.421,Pinned,Device,NVIDIA A100-SXM4-40GB MIG 4g.20gb (0),1,,13,[CUDA memcpy Host-to-Device]
20472810072,5888,424312,,,,,,,,,,1.547,262672.434,Device,,NVIDIA A100-SXM4-40GB MIG 4g.20gb (0),1,,13,[CUDA memset]
20472822104,3648,424317,,,,,,,,,,0.031,8578.922,Pinned,Device,NVIDIA A100-SXM4-40GB MIG 4g.20gb (0),1,,13,[CUDA memcpy Host-to-Device]
20472828952,9792,424318,,,,,,,,,,0.197,20078.395,Pinned,Device,NVIDIA A100-SXM4-40GB MIG 4g.20gb (0),1,,13,[CUDA memcpy Host-to-Device]
20472902423,13152,424319,273,1,1,8,4,1,39,0.002,0.000,,,,,NVIDIA A100-SXM4-40GB MIG 4g.20gb (0),1,,13,"void channel_eq::eqMmseCoefCompLowMimoKernel<float, float, float, (unsigned int)4, (unsigned int)1, (unsigned int)4>(const channel_eq::_puschRxChEqStatDescr *, channel_eq::_puschRxChEqCoefCompDynDescr)"
20472969079,10815,424320,273,1,1,12,11,1,51,0.002,0.000,,,,,NVIDIA A100-SXM4-40GB MIG 4g.20gb (0),1,,13,"void channel_eq::eqMmseSoftDemapKernel<float, __half, __half, float, (unsigned int)4, (unsigned short)16383>(channel_eq::_puschRxChEqStatDescr *, channel_eq::_puschRxChEqSoftDemapDynDescr)"
20472984438,429564,424321,1,1,1,32,32,1,30,0.000,0.000,,,,,NVIDIA A100-SXM4-40GB MIG 4g.20gb (0),1,,13,"void convert_kernel<float2, __half2>(tensor_layout_any, T1 *, tensor_layout_any, const T2 *)"
20473540112,15168,424333,2253,1,1,128,1,1,16,0.000,0.000,,,,,NVIDIA A100-SXM4-40GB MIG 4g.20gb (0),1,,13,cupy_copy__float16_float16
20473960203,5216,424342,282,1,1,128,1,1,16,0.000,0.000,,,,,NVIDIA A100-SXM4-40GB MIG 4g.20gb (0),1,,13,cupy_copy__complex64_complex64
20474126538,7840,424351,26,1,1,128,1,1,16,0.000,0.000,,,,,NVIDIA A100-SXM4-40GB MIG 4g.20gb (0),1,,13,cupy_copy__float32_float32
20474238024,5600,424360,103,1,1,128,1,1,16,0.000,0.000,,,,,NVIDIA A100-SXM4-40GB MIG 4g.20gb (0),1,,13,cupy_copy__complex64_complex64
20474483526,17439,424370,1434,1,1,128,1,1,16,0.000,0.000,,,,,NVIDIA A100-SXM4-40GB MIG 4g.20gb (0),1,,13,cupy_copy__complex64_complex64
20474799362,303645,424375,1,1,1,32,32,1,30,0.000,0.000,,,,,NVIDIA A100-SXM4-40GB MIG 4g.20gb (0),1,,13,"void convert_kernel<__half2, float2>(tensor_layout_any, T1 *, tensor_layout_any, const T2 *)"
20475132062,5632,424378,,,,,,,,,,0.094,16636.287,Pinned,Device,NVIDIA A100-SXM4-40GB MIG 4g.20gb (0),1,,13,[CUDA memcpy Host-to-Device]
20475406235,616633,424379,,,,,,,,,,456.561,740086.094,Device,,NVIDIA A100-SXM4-40GB MIG 4g.20gb (0),1,,13,[CUDA memset]
20476029204,58560,424384,,,,,,,,,,1.235,21087.904,Pinned,Device,NVIDIA A100-SXM4-40GB MIG 4g.20gb (0),1,,13,[CUDA memcpy Host-to-Device]
20476090740,15456,424385,,,,,,,,,,0.197,12720.341,Pinned,Device,NVIDIA A100-SXM4-40GB MIG 4g.20gb (0),1,,13,[CUDA memcpy Host-to-Device]
20476331921,11584,424386,69,4,1,48,1,1,76,0.002,0.000,,,,,NVIDIA A100-SXM4-40GB MIG 4g.20gb (0),1,,13,"void ch_est::windowedChEstPreNoDftSOfdmKernel<float, __half, float, (unsigned int)2, (unsigned int)1, (unsigned short)4>(ch_est::puschRxChEstStatDescr_t *, ch_est::puschRxChEstDynDescr_t *)"
20476595950,10784,424387,137,2,1,24,2,1,44,0.001,0.001,,,,,NVIDIA A100-SXM4-40GB MIG 4g.20gb (0),1,,13,"void ch_est::chEstFilterNoDftSOfdmDispatchKernel<float, __half, float, (unsigned int)2>(ch_est::puschRxChEstStatDescr_t *, ch_est::puschRxChEstDynDescr_t *)"
20476930378,10688,424388,137,2,1,24,2,1,44,0.001,0.001,,,,,NVIDIA A100-SXM4-40GB MIG 4g.20gb (0),1,,13,"void ch_est::chEstFilterNoDftSOfdmDispatchKernel<float, __half, float, (unsigned int)2>(ch_est::puschRxChEstStatDescr_t *, ch_est::puschRxChEstDynDescr_t *)"
20477178024,3360,424399,103,1,1,128,1,1,16,0.000,0.000,,,,,NVIDIA A100-SXM4-40GB MIG 4g.20gb (0),1,,13,cupy_copy__complex64_complex64
20477411333,15872,424409,1434,1,1,128,1,1,16,0.000,0.000,,,,,NVIDIA A100-SXM4-40GB MIG 4g.20gb (0),1,,13,cupy_copy__complex64_complex64
20477593251,3584,424416,103,1,1,128,1,1,16,0.000,0.000,,,,,NVIDIA A100-SXM4-40GB MIG 4g.20gb (0),1,,13,cupy_copy__complex64_complex64
20477598563,181950,424423,1,1,1,32,32,1,30,0.000,0.000,,,,,NVIDIA A100-SXM4-40GB MIG 4g.20gb (0),1,,13,"void convert_kernel<__half2, float2>(tensor_layout_any, T1 *, tensor_layout_any, const T2 *)"
20477811553,5375,424426,,,,,,,,,,0.094,17431.766,Pinned,Device,NVIDIA A100-SXM4-40GB MIG 4g.20gb (0),1,,13,[CUDA memcpy Host-to-Device]
20477823712,46400,424427,,,,,,,,,,35.810,771739.586,Device,,NVIDIA A100-SXM4-40GB MIG 4g.20gb (0),1,,13,[CUDA memset]
20477877824,2112,424429,,,,,,,,,,0.000,37.879,Pinned,Device,NVIDIA A100-SXM4-40GB MIG 4g.20gb (0),1,,13,[CUDA memcpy Host-to-Device]
20477882624,9728,424430,,,,,,,,,,0.197,20210.516,Pinned,Device,NVIDIA A100-SXM4-40GB MIG 4g.20gb (0),1,,13,[CUDA memcpy Host-to-Device]
20477896256,9119,424431,273,1,1,48,1,1,40,0.000,0.001,,,,,NVIDIA A100-SXM4-40GB MIG 4g.20gb (0),1,,13,"void pusch_noise_intf_est::noiseIntfEstNoDftSOfdmKernel<float, __half, float, float, (unsigned int)2, (unsigned int)1, (unsigned char)4, (unsigned char)4>(pusch_noise_intf_est::puschRxNoiseIntfEstDynDescr)"
20477907167,3040,424442,35,1,1,128,1,1,16,0.000,0.000,,,,,NVIDIA A100-SXM4-40GB MIG 4g.20gb (0),1,,13,cupy_copy__complex64_complex64
20477933279,1888,424451,1,1,1,1,1,1,18,0.000,0.000,,,,,NVIDIA A100-SXM4-40GB MIG 4g.20gb (0),1,,13,cupy_copy__float32_float32
20477968383,1888,424457,,,,,,,,,,0.000,2.119,Device,Pageable,NVIDIA A100-SXM4-40GB MIG 4g.20gb (0),1,,7,[CUDA memcpy Device-to-Host]
20478092605,18560,424468,1434,1,1,128,1,1,16,0.000,0.000,,,,,NVIDIA A100-SXM4-40GB MIG 4g.20gb (0),1,,13,cupy_copy__complex64_complex64
20478113437,5408,424475,103,1,1,128,1,1,16,0.000,0.000,,,,,NVIDIA A100-SXM4-40GB MIG 4g.20gb (0),1,,13,cupy_copy__complex64_complex64
20478184732,6848,424482,35,1,1,128,1,1,16,0.000,0.000,,,,,NVIDIA A100-SXM4-40GB MIG 4g.20gb (0),1,,13,cupy_copy__complex64_complex64
20478193980,3296,424489,1,1,1,1,1,1,18,0.000,0.000,,,,,NVIDIA A100-SXM4-40GB MIG 4g.20gb (0),1,,13,cupy_copy__float32_float32
20478232540,419067,424500,1,1,1,32,32,1,30,0.000,0.000,,,,,NVIDIA A100-SXM4-40GB MIG 4g.20gb (0),1,,13,"void convert_kernel<__half2, float2>(tensor_layout_any, T1 *, tensor_layout_any, const T2 *)"
20478681623,6624,424503,,,,,,,,,,0.094,14144.910,Pinned,Device,NVIDIA A100-SXM4-40GB MIG 4g.20gb (0),1,,13,[CUDA memcpy Host-to-Device]
20478813077,5600,424504,,,,,,,,,,1.547,276182.194,Device,,NVIDIA A100-SXM4-40GB MIG 4g.20gb (0),1,,13,[CUDA memset]
20478825621,3136,424509,,,,,,,,,,0.031,9979.575,Pinned,Device,NVIDIA A100-SXM4-40GB MIG 4g.20gb (0),1,,13,[CUDA memcpy Host-to-Device]
20478832885,9856,424510,,,,,,,,,,0.197,19948.044,Pinned,Device,NVIDIA A100-SXM4-40GB MIG 4g.20gb (0),1,,13,[CUDA memcpy Host-to-Device]
20479025651,18080,424511,273,1,1,8,4,1,39,0.002,0.000,,,,,NVIDIA A100-SXM4-40GB MIG 4g.20gb (0),1,,13,"void channel_eq::eqMmseCoefCompLowMimoKernel<float, float, float, (unsigned int)4, (unsigned int)1, (unsigned int)4>(const channel_eq::_puschRxChEqStatDescr *, channel_eq::_puschRxChEqCoefCompDynDescr)"
20479168881,21376,424512,273,1,1,12,11,1,51,0.002,0.000,,,,,NVIDIA A100-SXM4-40GB MIG 4g.20gb (0),1,,13,"void channel_eq::eqMmseSoftDemapKernel<float, __half, __half, float, (unsigned int)4, (unsigned short)16383>(channel_eq::_puschRxChEqStatDescr *, channel_eq::_puschRxChEqSoftDemapDynDescr)"
20479231249,927893,424513,1,1,1,32,32,1,30,0.000,0.000,,,,,NVIDIA A100-SXM4-40GB MIG 4g.20gb (0),1,,13,"void convert_kernel<float2, __half2>(tensor_layout_any, T1 *, tensor_layout_any, const T2 *)"
20480444131,18368,424525,2253,1,1,128,1,1,16,0.000,0.000,,,,,NVIDIA A100-SXM4-40GB MIG 4g.20gb (0),1,,13,cupy_copy__float16_float16
20480801535,5056,424534,282,1,1,128,1,1,16,0.000,0.000,,,,,NVIDIA A100-SXM4-40GB MIG 4g.20gb (0),1,,13,cupy_copy__complex64_complex64
20480892158,5984,424543,26,1,1,128,1,1,16,0.000,0.000,,,,,NVIDIA A100-SXM4-40GB MIG 4g.20gb (0),1,,13,cupy_copy__float32_float32
20480900062,4832,424552,103,1,1,128,1,1,16,0.000,0.000,,,,,NVIDIA A100-SXM4-40GB MIG 4g.20gb (0),1,,13,cupy_copy__complex64_complex64
20480909630,13312,424562,1434,1,1,128,1,1,16,0.000,0.000,,,,,NVIDIA A100-SXM4-40GB MIG 4g.20gb (0),1,,13,cupy_copy__complex64_complex64
20480924542,79743,424567,1,1,1,32,32,1,30,0.000,0.000,,,,,NVIDIA A100-SXM4-40GB MIG 4g.20gb (0),1,,13,"void convert_kernel<__half2, float2>(tensor_layout_any, T1 *, tensor_layout_any, const T2 *)"
20481034685,5440,424570,,,,,,,,,,0.094,17223.480,Pinned,Device,NVIDIA A100-SXM4-40GB MIG 4g.20gb (0),1,,13,[CUDA memcpy Host-to-Device]
20481044476,607386,424571,,,,,,,,,,456.561,751500.130,Device,,NVIDIA A100-SXM4-40GB MIG 4g.20gb (0),1,,13,[CUDA memset]
20481660118,51039,424576,,,,,,,,,,1.235,24195.023,Pinned,Device,NVIDIA A100-SXM4-40GB MIG 4g.20gb (0),1,,13,[CUDA memcpy Host-to-Device]
20481714453,10112,424577,,,,,,,,,,0.197,19442.958,Pinned,Device,NVIDIA A100-SXM4-40GB MIG 4g.20gb (0),1,,13,[CUDA memcpy Host-to-Device]
20481750261,10623,424578,69,4,1,48,1,1,76,0.002,0.000,,,,,NVIDIA A100-SXM4-40GB MIG 4g.20gb (0),1,,13,"void ch_est::windowedChEstPreNoDftSOfdmKernel<float, __half, float, (unsigned int)2, (unsigned int)1, (unsigned short)4>(ch_est::puschRxChEstStatDescr_t *, ch_est::puschRxChEstDynDescr_t *)"
20481875731,21248,424579,137,2,1,24,2,1,44,0.001,0.001,,,,,NVIDIA A100-SXM4-40GB MIG 4g.20gb (0),1,,13,"void ch_est::chEstFilterNoDftSOfdmDispatchKernel<float, __half, float, (unsigned int)2>(ch_est::puschRxChEstStatDescr_t *, ch_est::puschRxChEstDynDescr_t *)"
20482005682,20832,424580,137,2,1,24,2,1,44,0.001,0.001,,,,,NVIDIA A100-SXM4-40GB MIG 4g.20gb (0),1,,13,"void ch_est::chEstFilterNoDftSOfdmDispatchKernel<float, __half, float, (unsigned int)2>(ch_est::puschRxChEstStatDescr_t *, ch_est::puschRxChEstDynDescr_t *)"
20482072753,8608,424591,103,1,1,128,1,1,16,0.000,0.000,,,,,NVIDIA A100-SXM4-40GB MIG 4g.20gb (0),1,,13,cupy_copy__complex64_complex64
20482133968,37376,424601,1434,1,1,128,1,1,16,0.000,0.000,,,,,NVIDIA A100-SXM4-40GB MIG 4g.20gb (0),1,,13,cupy_copy__complex64_complex64
20482334542,13120,424608,103,1,1,128,1,1,16,0.000,0.000,,,,,NVIDIA A100-SXM4-40GB MIG 4g.20gb (0),1,,13,cupy_copy__complex64_complex64
20482469005,366651,424615,1,1,1,32,32,1,30,0.000,0.000,,,,,NVIDIA A100-SXM4-40GB MIG 4g.20gb (0),1,,13,"void convert_kernel<__half2, float2>(tensor_layout_any, T1 *, tensor_layout_any, const T2 *)"
20482864200,6688,424618,,,,,,,,,,0.094,14009.520,Pinned,Device,NVIDIA A100-SXM4-40GB MIG 4g.20gb (0),1,,13,[CUDA memcpy Host-to-Device]
20483009479,54143,424619,,,,,,,,,,35.810,661373.412,Device,,NVIDIA A100-SXM4-40GB MIG 4g.20gb (0),1,,13,[CUDA memset]
20483073094,2112,424621,,,,,,,,,,0.000,37.879,Pinned,Device,NVIDIA A100-SXM4-40GB MIG 4g.20gb (0),1,,13,[CUDA memcpy Host-to-Device]
20483078918,9920,424622,,,,,,,,,,0.197,19819.266,Pinned,Device,NVIDIA A100-SXM4-40GB MIG 4g.20gb (0),1,,13,[CUDA memcpy Host-to-Device]
20483278788,28607,424623,273,1,1,48,1,1,40,0.000,0.001,,,,,NVIDIA A100-SXM4-40GB MIG 4g.20gb (0),1,,13,"void pusch_noise_intf_est::noiseIntfEstNoDftSOfdmKernel<float, __half, float, float, (unsigned int)2, (unsigned int)1, (unsigned char)4, (unsigned char)4>(pusch_noise_intf_est::puschRxNoiseIntfEstDynDescr)"
20483511201,10560,424634,35,1,1,128,1,1,16,0.000,0.000,,,,,NVIDIA A100-SXM4-40GB MIG 4g.20gb (0),1,,13,cupy_copy__complex64_complex64
20483736606,12992,424643,1,1,1,1,1,1,18,0.000,0.000,,,,,NVIDIA A100-SXM4-40GB MIG 4g.20gb (0),1,,13,cupy_copy__float32_float32
20483760574,1856,424649,,,,,,,,,,0.000,2.155,Device,Pageable,NVIDIA A100-SXM4-40GB MIG 4g.20gb (0),1,,7,[CUDA memcpy Device-to-Host]
20483943260,21696,424660,1434,1,1,128,1,1,16,0.000,0.000,,,,,NVIDIA A100-SXM4-40GB MIG 4g.20gb (0),1,,13,cupy_copy__complex64_complex64
20484067867,6144,424667,103,1,1,128,1,1,16,0.000,0.000,,,,,NVIDIA A100-SXM4-40GB MIG 4g.20gb (0),1,,13,cupy_copy__complex64_complex64
20484076251,3968,424674,35,1,1,128,1,1,16,0.000,0.000,,,,,NVIDIA A100-SXM4-40GB MIG 4g.20gb (0),1,,13,cupy_copy__complex64_complex64
20484082043,2176,424681,1,1,1,1,1,1,18,0.000,0.000,,,,,NVIDIA A100-SXM4-40GB MIG 4g.20gb (0),1,,13,cupy_copy__float32_float32
20484150650,247261,424692,1,1,1,32,32,1,30,0.000,0.000,,,,,NVIDIA A100-SXM4-40GB MIG 4g.20gb (0),1,,13,"void convert_kernel<__half2, float2>(tensor_layout_any, T1 *, tensor_layout_any, const T2 *)"
20484427927,5376,424695,,,,,,,,,,0.094,17428.487,Pinned,Device,NVIDIA A100-SXM4-40GB MIG 4g.20gb (0),1,,13,[CUDA memcpy Host-to-Device]
20484441911,3712,424696,,,,,,,,,,1.547,416654.319,Device,,NVIDIA A100-SXM4-40GB MIG 4g.20gb (0),1,,13,[CUDA memset]
20484448567,3039,424701,,,,,,,,,,0.031,10298.105,Pinned,Device,NVIDIA A100-SXM4-40GB MIG 4g.20gb (0),1,,13,[CUDA memcpy Host-to-Device]
20484453686,9248,424702,,,,,,,,,,0.197,21259.420,Pinned,Device,NVIDIA A100-SXM4-40GB MIG 4g.20gb (0),1,,13,[CUDA memcpy Host-to-Device]
20484467510,7328,424703,273,1,1,8,4,1,39,0.002,0.000,,,,,NVIDIA A100-SXM4-40GB MIG 4g.20gb (0),1,,13,"void channel_eq::eqMmseCoefCompLowMimoKernel<float, float, float, (unsigned int)4, (unsigned int)1, (unsigned int)4>(const channel_eq::_puschRxChEqStatDescr *, channel_eq::_puschRxChEqCoefCompDynDescr)"
20484476150,7168,424704,273,1,1,12,11,1,51,0.002,0.000,,,,,NVIDIA A100-SXM4-40GB MIG 4g.20gb (0),1,,13,"void channel_eq::eqMmseSoftDemapKernel<float, __half, __half, float, (unsigned int)4, (unsigned short)16383>(channel_eq::_puschRxChEqStatDescr *, channel_eq::_puschRxChEqSoftDemapDynDescr)"
20484484758,571258,424705,1,1,1,32,32,1,30,0.000,0.000,,,,,NVIDIA A100-SXM4-40GB MIG 4g.20gb (0),1,,13,"void convert_kernel<float2, __half2>(tensor_layout_any, T1 *, tensor_layout_any, const T2 *)"
20485061904,12000,424717,2253,1,1,128,1,1,16,0.000,0.000,,,,,NVIDIA A100-SXM4-40GB MIG 4g.20gb (0),1,,13,cupy_copy__float16_float16
20485150607,5088,424726,282,1,1,128,1,1,16,0.000,0.000,,,,,NVIDIA A100-SXM4-40GB MIG 4g.20gb (0),1,,13,cupy_copy__complex64_complex64
20485158575,3008,424735,26,1,1,128,1,1,16,0.000,0.000,,,,,NVIDIA A100-SXM4-40GB MIG 4g.20gb (0),1,,13,cupy_copy__float32_float32
20485241454,4896,424744,103,1,1,128,1,1,16,0.000,0.000,,,,,NVIDIA A100-SXM4-40GB MIG 4g.20gb (0),1,,13,cupy_copy__complex64_complex64
20485249422,15423,424754,1434,1,1,128,1,1,16,0.000,0.000,,,,,NVIDIA A100-SXM4-40GB MIG 4g.20gb (0),1,,13,cupy_copy__complex64_complex64
20485339821,311644,424759,1,1,1,32,32,1,30,0.000,0.000,,,,,NVIDIA A100-SXM4-40GB MIG 4g.20gb (0),1,,13,"void convert_kernel<__half2, float2>(tensor_layout_any, T1 *, tensor_layout_any, const T2 *)"
20485681193,7968,424762,,,,,,,,,,0.094,11759.035,Pinned,Device,NVIDIA A100-SXM4-40GB MIG 4g.20gb (0),1,,13,[CUDA memcpy Host-to-Device]
20485744808,604185,424763,,,,,,,,,,456.561,755609.183,Device,,NVIDIA A100-SXM4-40GB MIG 4g.20gb (0),1,,13,[CUDA memset]
20486355105,59776,424768,,,,,,,,,,1.235,20659.378,Pinned,Device,NVIDIA A100-SXM4-40GB MIG 4g.20gb (0),1,,13,[CUDA memcpy Host-to-Device]
20486417793,12191,424769,,,,,,,,,,0.197,16127.164,Pinned,Device,NVIDIA A100-SXM4-40GB MIG 4g.20gb (0),1,,13,[CUDA memcpy Host-to-Device]
20486442304,9600,424770,69,4,1,48,1,1,76,0.002,0.000,,,,,NVIDIA A100-SXM4-40GB MIG 4g.20gb (0),1,,13,"void ch_est::windowedChEstPreNoDftSOfdmKernel<float, __half, float, (unsigned int)2, (unsigned int)1, (unsigned short)4>(ch_est::puschRxChEstStatDescr_t *, ch_est::puschRxChEstDynDescr_t *)"
20486528575,9056,424771,137,2,1,24,2,1,44,0.001,0.001,,,,,NVIDIA A100-SXM4-40GB MIG 4g.20gb (0),1,,13,"void ch_est::chEstFilterNoDftSOfdmDispatchKernel<float, __half, float, (unsigned int)2>(ch_est::puschRxChEstStatDescr_t *, ch_est::puschRxChEstDynDescr_t *)"
20486624542,9952,424772,137,2,1,24,2,1,44,0.001,0.001,,,,,NVIDIA A100-SXM4-40GB MIG 4g.20gb (0),1,,13,"void ch_est::chEstFilterNoDftSOfdmDispatchKernel<float, __half, float, (unsigned int)2>(ch_est::puschRxChEstStatDescr_t *, ch_est::puschRxChEstDynDescr_t *)"
20486721277,5632,424783,103,1,1,128,1,1,16,0.000,0.000,,,,,NVIDIA A100-SXM4-40GB MIG 4g.20gb (0),1,,13,cupy_copy__complex64_complex64
20486815292,19584,424793,1434,1,1,128,1,1,16,0.000,0.000,,,,,NVIDIA A100-SXM4-40GB MIG 4g.20gb (0),1,,13,cupy_copy__complex64_complex64
20486927643,9952,424800,103,1,1,128,1,1,16,0.000,0.000,,,,,NVIDIA A100-SXM4-40GB MIG 4g.20gb (0),1,,13,cupy_copy__complex64_complex64
20487069337,297277,424807,1,1,1,32,32,1,30,0.000,0.000,,,,,NVIDIA A100-SXM4-40GB MIG 4g.20gb (0),1,,13,"void convert_kernel<__half2, float2>(tensor_layout_any, T1 *, tensor_layout_any, const T2 *)"
20487397270,5696,424810,,,,,,,,,,0.094,16449.363,Pinned,Device,NVIDIA A100-SXM4-40GB MIG 4g.20gb (0),1,,13,[CUDA memcpy Host-to-Device]
20487426101,48128,424811,,,,,,,,,,35.810,744022.708,Device,,NVIDIA A100-SXM4-40GB MIG 4g.20gb (0),1,,13,[CUDA memset]
20487481493,1920,424813,,,,,,,,,,0.000,41.667,Pinned,Device,NVIDIA A100-SXM4-40GB MIG 4g.20gb (0),1,,13,[CUDA memcpy Host-to-Device]
20487486037,10176,424814,,,,,,,,,,0.197,19320.668,Pinned,Device,NVIDIA A100-SXM4-40GB MIG 4g.20gb (0),1,,13,[CUDA memcpy Host-to-Device]
20487519828,20704,424815,273,1,1,48,1,1,40,0.000,0.001,,,,,NVIDIA A100-SXM4-40GB MIG 4g.20gb (0),1,,13,"void pusch_noise_intf_est::noiseIntfEstNoDftSOfdmKernel<float, __half, float, float, (unsigned int)2, (unsigned int)1, (unsigned char)4, (unsigned char)4>(pusch_noise_intf_est::puschRxNoiseIntfEstDynDescr)"
20487582484,7711,424826,35,1,1,128,1,1,16,0.000,0.000,,,,,NVIDIA A100-SXM4-40GB MIG 4g.20gb (0),1,,13,cupy_copy__complex64_complex64
20487591699,2880,424835,1,1,1,1,1,1,18,0.000,0.000,,,,,NVIDIA A100-SXM4-40GB MIG 4g.20gb (0),1,,13,cupy_copy__float32_float32
20487597811,1600,424841,,,,,,,,,,0.000,2.500,Device,Pageable,NVIDIA A100-SXM4-40GB MIG 4g.20gb (0),1,,7,[CUDA memcpy Device-to-Host]
20487697746,15584,424852,1434,1,1,128,1,1,16,0.000,0.000,,,,,NVIDIA A100-SXM4-40GB MIG 4g.20gb (0),1,,13,cupy_copy__complex64_complex64
20487714962,3136,424859,103,1,1,128,1,1,16,0.000,0.000,,,,,NVIDIA A100-SXM4-40GB MIG 4g.20gb (0),1,,13,cupy_copy__complex64_complex64
20487763122,9023,424866,35,1,1,128,1,1,16,0.000,0.000,,,,,NVIDIA A100-SXM4-40GB MIG 4g.20gb (0),1,,13,cupy_copy__complex64_complex64
20487774449,2752,424873,1,1,1,1,1,1,18,0.000,0.000,,,,,NVIDIA A100-SXM4-40GB MIG 4g.20gb (0),1,,13,cupy_copy__float32_float32
20487877584,192670,424884,1,1,1,32,32,1,30,0.000,0.000,,,,,NVIDIA A100-SXM4-40GB MIG 4g.20gb (0),1,,13,"void convert_kernel<__half2, float2>(tensor_layout_any, T1 *, tensor_layout_any, const T2 *)"
20488099694,5504,424887,,,,,,,,,,0.094,17023.251,Pinned,Device,NVIDIA A100-SXM4-40GB MIG 4g.20gb (0),1,,13,[CUDA memcpy Host-to-Device]
20488113774,3616,424888,,,,,,,,,,1.547,427715.774,Device,,NVIDIA A100-SXM4-40GB MIG 4g.20gb (0),1,,13,[CUDA memset]
20488121102,3008,424893,,,,,,,,,,0.031,10404.230,Pinned,Device,NVIDIA A100-SXM4-40GB MIG 4g.20gb (0),1,,13,[CUDA memcpy Host-to-Device]
20488131341,9376,424894,,,,,,,,,,0.197,20969.226,Pinned,Device,NVIDIA A100-SXM4-40GB MIG 4g.20gb (0),1,,13,[CUDA memcpy Host-to-Device]
20488146317,7200,424895,273,1,1,8,4,1,39,0.002,0.000,,,,,NVIDIA A100-SXM4-40GB MIG 4g.20gb (0),1,,13,"void channel_eq::eqMmseCoefCompLowMimoKernel<float, float, float, (unsigned int)4, (unsigned int)1, (unsigned int)4>(const channel_eq::_puschRxChEqStatDescr *, channel_eq::_puschRxChEqCoefCompDynDescr)"
20488155277,5952,424896,273,1,1,12,11,1,51,0.002,0.000,,,,,NVIDIA A100-SXM4-40GB MIG 4g.20gb (0),1,,13,"void channel_eq::eqMmseSoftDemapKernel<float, __half, __half, float, (unsigned int)4, (unsigned short)16383>(channel_eq::_puschRxChEqStatDescr *, channel_eq::_puschRxChEqSoftDemapDynDescr)"
20488162829,472123,424897,1,1,1,32,32,1,30,0.000,0.000,,,,,NVIDIA A100-SXM4-40GB MIG 4g.20gb (0),1,,13,"void convert_kernel<float2, __half2>(tensor_layout_any, T1 *, tensor_layout_any, const T2 *)"
20488636424,11904,424909,2253,1,1,128,1,1,16,0.000,0.000,,,,,NVIDIA A100-SXM4-40GB MIG 4g.20gb (0),1,,13,cupy_copy__float16_float16
20488649704,3712,424918,282,1,1,128,1,1,16,0.000,0.000,,,,,NVIDIA A100-SXM4-40GB MIG 4g.20gb (0),1,,13,cupy_copy__complex64_complex64
20488758214,4224,424927,26,1,1,128,1,1,16,0.000,0.000,,,,,NVIDIA A100-SXM4-40GB MIG 4g.20gb (0),1,,13,cupy_copy__float32_float32
20488767142,6944,424936,103,1,1,128,1,1,16,0.000,0.000,,,,,NVIDIA A100-SXM4-40GB MIG 4g.20gb (0),1,,13,cupy_copy__complex64_complex64
20488878917,17056,424946,1434,1,1,128,1,1,16,0.000,0.000,,,,,NVIDIA A100-SXM4-40GB MIG 4g.20gb (0),1,,13,cupy_copy__complex64_complex64
20488899301,206814,424951,1,1,1,32,32,1,30,0.000,0.000,,,,,NVIDIA A100-SXM4-40GB MIG 4g.20gb (0),1,,13,"void convert_kernel<__half2, float2>(tensor_layout_any, T1 *, tensor_layout_any, const T2 *)"
20489134562,7392,424954,,,,,,,,,,0.094,12675.289,Pinned,Device,NVIDIA A100-SXM4-40GB MIG 4g.20gb (0),1,,13,[CUDA memcpy Host-to-Device]
20489239137,605561,424955,,,,,,,,,,456.561,753782.937,Device,,NVIDIA A100-SXM4-40GB MIG 4g.20gb (0),1,,13,[CUDA memset]
20489846586,51328,424960,,,,,,,,,,1.235,24059.179,Pinned,Device,NVIDIA A100-SXM4-40GB MIG 4g.20gb (0),1,,13,[CUDA memcpy Host-to-Device]
20489900410,9600,424961,,,,,,,,,,0.197,20479.869,Pinned,Device,NVIDIA A100-SXM4-40GB MIG 4g.20gb (0),1,,13,[CUDA memcpy Host-to-Device]
20489950937,8416,424962,69,4,1,48,1,1,76,0.002,0.000,,,,,NVIDIA A100-SXM4-40GB MIG 4g.20gb (0),1,,13,"void ch_est::windowedChEstPreNoDftSOfdmKernel<float, __half, float, (unsigned int)2, (unsigned int)1, (unsigned short)4>(ch_est::puschRxChEstStatDescr_t *, ch_est::puschRxChEstDynDescr_t *)"
20489961593,6912,424963,137,2,1,24,2,1,44,0.001,0.001,,,,,NVIDIA A100-SXM4-40GB MIG 4g.20gb (0),1,,13,"void ch_est::chEstFilterNoDftSOfdmDispatchKernel<float, __half, float, (unsigned int)2>(ch_est::puschRxChEstStatDescr_t *, ch_est::puschRxChEstDynDescr_t *)"
20490090616,19199,424964,137,2,1,24,2,1,44,0.001,0.001,,,,,NVIDIA A100-SXM4-40GB MIG 4g.20gb (0),1,,13,"void ch_est::chEstFilterNoDftSOfdmDispatchKernel<float, __half, float, (unsigned int)2>(ch_est::puschRxChEstStatDescr_t *, ch_est::puschRxChEstDynDescr_t *)"
20490248246,6656,424975,103,1,1,128,1,1,16,0.000,0.000,,,,,NVIDIA A100-SXM4-40GB MIG 4g.20gb (0),1,,13,cupy_copy__complex64_complex64
20490314869,18144,424985,1434,1,1,128,1,1,16,0.000,0.000,,,,,NVIDIA A100-SXM4-40GB MIG 4g.20gb (0),1,,13,cupy_copy__complex64_complex64
20490334773,4480,424992,103,1,1,128,1,1,16,0.000,0.000,,,,,NVIDIA A100-SXM4-40GB MIG 4g.20gb (0),1,,13,cupy_copy__complex64_complex64
20490385044,421468,424999,1,1,1,32,32,1,30,0.000,0.000,,,,,NVIDIA A100-SXM4-40GB MIG 4g.20gb (0),1,,13,"void convert_kernel<__half2, float2>(tensor_layout_any, T1 *, tensor_layout_any, const T2 *)"
20490836079,5984,425002,,,,,,,,,,0.094,15657.726,Pinned,Device,NVIDIA A100-SXM4-40GB MIG 4g.20gb (0),1,,13,[CUDA memcpy Host-to-Device]
20490890479,50655,425003,,,,,,,,,,35.810,706923.631,Device,,NVIDIA A100-SXM4-40GB MIG 4g.20gb (0),1,,13,[CUDA memset]
20490946574,2080,425005,,,,,,,,,,0.000,38.462,Pinned,Device,NVIDIA A100-SXM4-40GB MIG 4g.20gb (0),1,,13,[CUDA memcpy Host-to-Device]
20490951758,10784,425006,,,,,,,,,,0.197,18231.263,Pinned,Device,NVIDIA A100-SXM4-40GB MIG 4g.20gb (0),1,,13,[CUDA memcpy Host-to-Device]
20491039149,18048,425007,273,1,1,48,1,1,40,0.000,0.001,,,,,NVIDIA A100-SXM4-40GB MIG 4g.20gb (0),1,,13,"void pusch_noise_intf_est::noiseIntfEstNoDftSOfdmKernel<float, __half, float, float, (unsigned int)2, (unsigned int)1, (unsigned char)4, (unsigned char)4>(pusch_noise_intf_est::puschRxNoiseIntfEstDynDescr)"
20491138284,5056,425018,35,1,1,128,1,1,16,0.000,0.000,,,,,NVIDIA A100-SXM4-40GB MIG 4g.20gb (0),1,,13,cupy_copy__complex64_complex64
20491185131,6304,425027,1,1,1,1,1,1,18,0.000,0.000,,,,,NVIDIA A100-SXM4-40GB MIG 4g.20gb (0),1,,13,cupy_copy__float32_float32
20491202539,1600,425033,,,,,,,,,,0.000,2.500,Device,Pageable,NVIDIA A100-SXM4-40GB MIG 4g.20gb (0),1,,7,[CUDA memcpy Device-to-Host]
20491383913,19936,425044,1434,1,1,128,1,1,16,0.000,0.000,,,,,NVIDIA A100-SXM4-40GB MIG 4g.20gb (0),1,,13,cupy_copy__complex64_complex64
20491573351,5152,425051,103,1,1,128,1,1,16,0.000,0.000,,,,,NVIDIA A100-SXM4-40GB MIG 4g.20gb (0),1,,13,cupy_copy__complex64_complex64
20491706790,4288,425058,35,1,1,128,1,1,16,0.000,0.000,,,,,NVIDIA A100-SXM4-40GB MIG 4g.20gb (0),1,,13,cupy_copy__complex64_complex64
20491753029,2976,425065,1,1,1,1,1,1,18,0.000,0.000,,,,,NVIDIA A100-SXM4-40GB MIG 4g.20gb (0),1,,13,cupy_copy__float32_float32
20491830980,325789,425076,1,1,1,32,32,1,30,0.000,0.000,,,,,NVIDIA A100-SXM4-40GB MIG 4g.20gb (0),1,,13,"void convert_kernel<__half2, float2>(tensor_layout_any, T1 *, tensor_layout_any, const T2 *)"
20492191488,6752,425079,,,,,,,,,,0.094,13876.752,Pinned,Device,NVIDIA A100-SXM4-40GB MIG 4g.20gb (0),1,,13,[CUDA memcpy Host-to-Device]
20492229760,4768,425080,,,,,,,,,,1.547,324374.998,Device,,NVIDIA A100-SXM4-40GB MIG 4g.20gb (0),1,,13,[CUDA memset]
20492238848,3264,425085,,,,,,,,,,0.031,9588.218,Pinned,Device,NVIDIA A100-SXM4-40GB MIG 4g.20gb (0),1,,13,[CUDA memcpy Host-to-Device]
20492244960,9343,425086,,,,,,,,,,0.197,21043.347,Pinned,Device,NVIDIA A100-SXM4-40GB MIG 4g.20gb (0),1,,13,[CUDA memcpy Host-to-Device]
20492322303,11072,425087,273,1,1,8,4,1,39,0.002,0.000,,,,,NVIDIA A100-SXM4-40GB MIG 4g.20gb (0),1,,13,"void channel_eq::eqMmseCoefCompLowMimoKernel<float, float, float, (unsigned int)4, (unsigned int)1, (unsigned int)4>(const channel_eq::_puschRxChEqStatDescr *, channel_eq::_puschRxChEqCoefCompDynDescr)"
20492412958,9952,425088,273,1,1,12,11,1,51,0.002,0.000,,,,,NVIDIA A100-SXM4-40GB MIG 4g.20gb (0),1,,13,"void channel_eq::eqMmseSoftDemapKernel<float, __half, __half, float, (unsigned int)4, (unsigned short)16383>(channel_eq::_puschRxChEqStatDescr *, channel_eq::_puschRxChEqSoftDemapDynDescr)"
20492505981,829142,425089,1,1,1,32,32,1,30,0.000,0.000,,,,,NVIDIA A100-SXM4-40GB MIG 4g.20gb (0),1,,13,"void convert_kernel<float2, __half2>(tensor_layout_any, T1 *, tensor_layout_any, const T2 *)"
20493336947,11904,425101,2253,1,1,128,1,1,16,0.000,0.000,,,,,NVIDIA A100-SXM4-40GB MIG 4g.20gb (0),1,,13,cupy_copy__float16_float16
20493350163,4128,425110,282,1,1,128,1,1,16,0.000,0.000,,,,,NVIDIA A100-SXM4-40GB MIG 4g.20gb (0),1,,13,cupy_copy__complex64_complex64
20493356435,2304,425119,26,1,1,128,1,1,16,0.000,0.000,,,,,NVIDIA A100-SXM4-40GB MIG 4g.20gb (0),1,,13,cupy_copy__float32_float32
20493360467,3136,425128,103,1,1,128,1,1,16,0.000,0.000,,,,,NVIDIA A100-SXM4-40GB MIG 4g.20gb (0),1,,13,cupy_copy__complex64_complex64
20493413747,12607,425144,1434,1,1,128,1,1,16,0.000,0.000,,,,,NVIDIA A100-SXM4-40GB MIG 4g.20gb (0),1,,13,cupy_copy__complex64_complex64
20493534417,79455,425149,1,1,1,32,32,1,30,0.000,0.000,,,,,NVIDIA A100-SXM4-40GB MIG 4g.20gb (0),1,,13,"void convert_kernel<__half2, float2>(tensor_layout_any, T1 *, tensor_layout_any, const T2 *)"
20493641744,5344,425152,,,,,,,,,,0.094,17532.864,Pinned,Device,NVIDIA A100-SXM4-40GB MIG 4g.20gb (0),1,,13,[CUDA memcpy Host-to-Device]
20493652304,606585,425153,,,,,,,,,,456.561,752413.253,Device,,NVIDIA A100-SXM4-40GB MIG 4g.20gb (0),1,,13,[CUDA memset]
20494263401,48735,425158,,,,,,,,,,1.235,25339.816,Pinned,Device,NVIDIA A100-SXM4-40GB MIG 4g.20gb (0),1,,13,[CUDA memcpy Host-to-Device]
20494316264,9600,425159,,,,,,,,,,0.197,20479.869,Pinned,Device,NVIDIA A100-SXM4-40GB MIG 4g.20gb (0),1,,13,[CUDA memcpy Host-to-Device]
20494330248,7136,425160,69,4,1,48,1,1,76,0.002,0.000,,,,,NVIDIA A100-SXM4-40GB MIG 4g.20gb (0),1,,13,"void ch_est::windowedChEstPreNoDftSOfdmKernel<float, __half, float, (unsigned int)2, (unsigned int)1, (unsigned short)4>(ch_est::puschRxChEstStatDescr_t *, ch_est::puschRxChEstDynDescr_t *)"
20494339016,6880,425161,137,2,1,24,2,1,44,0.001,0.001,,,,,NVIDIA A100-SXM4-40GB MIG 4g.20gb (0),1,,13,"void ch_est::chEstFilterNoDftSOfdmDispatchKernel<float, __half, float, (unsigned int)2>(ch_est::puschRxChEstStatDescr_t *, ch_est::puschRxChEstDynDescr_t *)"
20494348008,5920,425162,137,2,1,24,2,1,44,0.001,0.001,,,,,NVIDIA A100-SXM4-40GB MIG 4g.20gb (0),1,,13,"void ch_est::chEstFilterNoDftSOfdmDispatchKernel<float, __half, float, (unsigned int)2>(ch_est::puschRxChEstStatDescr_t *, ch_est::puschRxChEstDynDescr_t *)"
20494355144,2592,425173,103,1,1,128,1,1,16,0.000,0.000,,,,,NVIDIA A100-SXM4-40GB MIG 4g.20gb (0),1,,13,cupy_copy__complex64_complex64
20494359592,13024,425183,1434,1,1,128,1,1,16,0.000,0.000,,,,,NVIDIA A100-SXM4-40GB MIG 4g.20gb (0),1,,13,cupy_copy__complex64_complex64
20494374824,2528,425190,103,1,1,128,1,1,16,0.000,0.000,,,,,NVIDIA A100-SXM4-40GB MIG 4g.20gb (0),1,,13,cupy_copy__complex64_complex64
20494429095,334588,425197,1,1,1,32,32,1,30,0.000,0.000,,,,,NVIDIA A100-SXM4-40GB MIG 4g.20gb (0),1,,13,"void convert_kernel<__half2, float2>(tensor_layout_any, T1 *, tensor_layout_any, const T2 *)"
20494794307,11488,425200,,,,,,,,,,0.094,8155.956,Pinned,Device,NVIDIA A100-SXM4-40GB MIG 4g.20gb (0),1,,13,[CUDA memcpy Host-to-Device]
20494813667,51263,425201,,,,,,,,,,35.810,698544.109,Device,,NVIDIA A100-SXM4-40GB MIG 4g.20gb (0),1,,13,[CUDA memset]
20494872962,5312,425203,,,,,,,,,,0.000,15.060,Pinned,Device,NVIDIA A100-SXM4-40GB MIG 4g.20gb (0),1,,13,[CUDA memcpy Host-to-Device]
20494880834,11424,425204,,,,,,,,,,0.197,17210.081,Pinned,Device,NVIDIA A100-SXM4-40GB MIG 4g.20gb (0),1,,13,[CUDA memcpy Host-to-Device]
20495040832,14816,425205,273,1,1,48,1,1,40,0.000,0.001,,,,,NVIDIA A100-SXM4-40GB MIG 4g.20gb (0),1,,13,"void pusch_noise_intf_est::noiseIntfEstNoDftSOfdmKernel<float, __half, float, float, (unsigned int)2, (unsigned int)1, (unsigned char)4, (unsigned char)4>(pusch_noise_intf_est::puschRxNoiseIntfEstDynDescr)"
20495127231,6432,425216,35,1,1,128,1,1,16,0.000,0.000,,,,,NVIDIA A100-SXM4-40GB MIG 4g.20gb (0),1,,13,cupy_copy__complex64_complex64
20495140767,2848,425225,1,1,1,1,1,1,18,0.000,0.000,,,,,NVIDIA A100-SXM4-40GB MIG 4g.20gb (0),1,,13,cupy_copy__float32_float32
20495153887,1568,425231,,,,,,,,,,0.000,2.551,Device,Pageable,NVIDIA A100-SXM4-40GB MIG 4g.20gb (0),1,,7,[CUDA memcpy Device-to-Host]
20495235486,17792,425242,1434,1,1,128,1,1,16,0.000,0.000,,,,,NVIDIA A100-SXM4-40GB MIG 4g.20gb (0),1,,13,cupy_copy__complex64_complex64
20495257246,3264,425249,103,1,1,128,1,1,16,0.000,0.000,,,,,NVIDIA A100-SXM4-40GB MIG 4g.20gb (0),1,,13,cupy_copy__complex64_complex64
20495361085,7328,425256,35,1,1,128,1,1,16,0.000,0.000,,,,,NVIDIA A100-SXM4-40GB MIG 4g.20gb (0),1,,13,cupy_copy__complex64_complex64
20495412188,2912,425263,1,1,1,1,1,1,18,0.000,0.000,,,,,NVIDIA A100-SXM4-40GB MIG 4g.20gb (0),1,,13,cupy_copy__float32_float32
20495482235,400124,425274,1,1,1,32,32,1,30,0.000,0.000,,,,,NVIDIA A100-SXM4-40GB MIG 4g.20gb (0),1,,13,"void convert_kernel<__half2, float2>(tensor_layout_any, T1 *, tensor_layout_any, const T2 *)"
20495912279,5600,425277,,,,,,,,,,0.094,16731.388,Pinned,Device,NVIDIA A100-SXM4-40GB MIG 4g.20gb (0),1,,13,[CUDA memcpy Host-to-Device]
20496029685,4224,425278,,,,,,,,,,1.547,366150.859,Device,,NVIDIA A100-SXM4-40GB MIG 4g.20gb (0),1,,13,[CUDA memset]
20496036853,7904,425283,,,,,,,,,,0.031,3959.507,Pinned,Device,NVIDIA A100-SXM4-40GB MIG 4g.20gb (0),1,,13,[CUDA memcpy Host-to-Device]
20496047733,12224,425284,,,,,,,,,,0.197,16083.714,Pinned,Device,NVIDIA A100-SXM4-40GB MIG 4g.20gb (0),1,,13,[CUDA memcpy Host-to-Device]
20496151828,16960,425285,273,1,1,8,4,1,39,0.002,0.000,,,,,NVIDIA A100-SXM4-40GB MIG 4g.20gb (0),1,,13,"void channel_eq::eqMmseCoefCompLowMimoKernel<float, float, float, (unsigned int)4, (unsigned int)1, (unsigned int)4>(const channel_eq::_puschRxChEqStatDescr *, channel_eq::_puschRxChEqCoefCompDynDescr)"
20496273427,10176,425286,273,1,1,12,11,1,51,0.002,0.000,,,,,NVIDIA A100-SXM4-40GB MIG 4g.20gb (0),1,,13,"void channel_eq::eqMmseSoftDemapKernel<float, __half, __half, float, (unsigned int)4, (unsigned short)16383>(channel_eq::_puschRxChEqStatDescr *, channel_eq::_puschRxChEqSoftDemapDynDescr)"
20496405041,718008,425287,1,1,1,32,32,1,30,0.000,0.000,,,,,NVIDIA A100-SXM4-40GB MIG 4g.20gb (0),1,,13,"void convert_kernel<float2, __half2>(tensor_layout_any, T1 *, tensor_layout_any, const T2 *)"
20497125417,11040,425299,2253,1,1,128,1,1,16,0.000,0.000,,,,,NVIDIA A100-SXM4-40GB MIG 4g.20gb (0),1,,13,cupy_copy__float16_float16
20497138729,3488,425308,282,1,1,128,1,1,16,0.000,0.000,,,,,NVIDIA A100-SXM4-40GB MIG 4g.20gb (0),1,,13,cupy_copy__complex64_complex64
20497144745,2304,425317,26,1,1,128,1,1,16,0.000,0.000,,,,,NVIDIA A100-SXM4-40GB MIG 4g.20gb (0),1,,13,cupy_copy__float32_float32
20497148713,3104,425326,103,1,1,128,1,1,16,0.000,0.000,,,,,NVIDIA A100-SXM4-40GB MIG 4g.20gb (0),1,,13,cupy_copy__complex64_complex64
20497153865,12448,425336,1434,1,1,128,1,1,16,0.000,0.000,,,,,NVIDIA A100-SXM4-40GB MIG 4g.20gb (0),1,,13,cupy_copy__complex64_complex64
20497168169,79519,425341,1,1,1,32,32,1,30,0.000,0.000,,,,,NVIDIA A100-SXM4-40GB MIG 4g.20gb (0),1,,13,"void convert_kernel<__half2, float2>(tensor_layout_any, T1 *, tensor_layout_any, const T2 *)"
20497276839,5344,425344,,,,,,,,,,0.094,17532.864,Pinned,Device,NVIDIA A100-SXM4-40GB MIG 4g.20gb (0),1,,13,[CUDA memcpy Host-to-Device]
20497286631,607354,425345,,,,,,,,,,456.561,751500.130,Device,,NVIDIA A100-SXM4-40GB MIG 4g.20gb (0),1,,13,[CUDA memset]
20497899456,51584,425350,,,,,,,,,,1.235,23939.389,Pinned,Device,NVIDIA A100-SXM4-40GB MIG 4g.20gb (0),1,,13,[CUDA memcpy Host-to-Device]
20497953504,9856,425351,,,,,,,,,,0.197,19948.044,Pinned,Device,NVIDIA A100-SXM4-40GB MIG 4g.20gb (0),1,,13,[CUDA memcpy Host-to-Device]
20498107294,8448,425352,69,4,1,48,1,1,76,0.002,0.000,,,,,NVIDIA A100-SXM4-40GB MIG 4g.20gb (0),1,,13,"void ch_est::windowedChEstPreNoDftSOfdmKernel<float, __half, float, (unsigned int)2, (unsigned int)1, (unsigned short)4>(ch_est::puschRxChEstStatDescr_t *, ch_est::puschRxChEstDynDescr_t *)"
20498275164,9056,425353,137,2,1,24,2,1,44,0.001,0.001,,,,,NVIDIA A100-SXM4-40GB MIG 4g.20gb (0),1,,13,"void ch_est::chEstFilterNoDftSOfdmDispatchKernel<float, __half, float, (unsigned int)2>(ch_est::puschRxChEstStatDescr_t *, ch_est::puschRxChEstDynDescr_t *)"
20498286108,6080,425354,137,2,1,24,2,1,44,0.001,0.001,,,,,NVIDIA A100-SXM4-40GB MIG 4g.20gb (0),1,,13,"void ch_est::chEstFilterNoDftSOfdmDispatchKernel<float, __half, float, (unsigned int)2>(ch_est::puschRxChEstStatDescr_t *, ch_est::puschRxChEstDynDescr_t *)"
20498293820,2592,425365,103,1,1,128,1,1,16,0.000,0.000,,,,,NVIDIA A100-SXM4-40GB MIG 4g.20gb (0),1,,13,cupy_copy__complex64_complex64
20498298460,12608,425375,1434,1,1,128,1,1,16,0.000,0.000,,,,,NVIDIA A100-SXM4-40GB MIG 4g.20gb (0),1,,13,cupy_copy__complex64_complex64
20498312604,2560,425382,103,1,1,128,1,1,16,0.000,0.000,,,,,NVIDIA A100-SXM4-40GB MIG 4g.20gb (0),1,,13,cupy_copy__complex64_complex64
20498317020,112543,425389,1,1,1,32,32,1,30,0.000,0.000,,,,,NVIDIA A100-SXM4-40GB MIG 4g.20gb (0),1,,13,"void convert_kernel<__half2, float2>(tensor_layout_any, T1 *, tensor_layout_any, const T2 *)"
20498458010,8640,425392,,,,,,,,,,0.094,10844.375,Pinned,Device,NVIDIA A100-SXM4-40GB MIG 4g.20gb (0),1,,13,[CUDA memcpy Host-to-Device]
20498489530,48319,425393,,,,,,,,,,35.810,741086.294,Device,,NVIDIA A100-SXM4-40GB MIG 4g.20gb (0),1,,13,[CUDA memset]
20498543609,4768,425395,,,,,,,,,,0.000,16.778,Pinned,Device,NVIDIA A100-SXM4-40GB MIG 4g.20gb (0),1,,13,[CUDA memcpy Host-to-Device]
20498554297,11616,425396,,,,,,,,,,0.197,16925.590,Pinned,Device,NVIDIA A100-SXM4-40GB MIG 4g.20gb (0),1,,13,[CUDA memcpy Host-to-Device]
20498693304,10176,425397,273,1,1,48,1,1,40,0.000,0.001,,,,,NVIDIA A100-SXM4-40GB MIG 4g.20gb (0),1,,13,"void pusch_noise_intf_est::noiseIntfEstNoDftSOfdmKernel<float, __half, float, float, (unsigned int)2, (unsigned int)1, (unsigned char)4, (unsigned char)4>(pusch_noise_intf_est::puschRxNoiseIntfEstDynDescr)"
20498857462,3488,425408,35,1,1,128,1,1,16,0.000,0.000,,,,,NVIDIA A100-SXM4-40GB MIG 4g.20gb (0),1,,13,cupy_copy__complex64_complex64
20499021204,3296,425417,1,1,1,1,1,1,18,0.000,0.000,,,,,NVIDIA A100-SXM4-40GB MIG 4g.20gb (0),1,,13,cupy_copy__float32_float32
20499026132,3104,425423,,,,,,,,,,0.000,1.289,Device,Pageable,NVIDIA A100-SXM4-40GB MIG 4g.20gb (0),1,,7,[CUDA memcpy Device-to-Host]
20499188690,17952,425434,1434,1,1,128,1,1,16,0.000,0.000,,,,,NVIDIA A100-SXM4-40GB MIG 4g.20gb (0),1,,13,cupy_copy__complex64_complex64
20499376848,3872,425441,103,1,1,128,1,1,16,0.000,0.000,,,,,NVIDIA A100-SXM4-40GB MIG 4g.20gb (0),1,,13,cupy_copy__complex64_complex64
20499470703,9792,425448,35,1,1,128,1,1,16,0.000,0.000,,,,,NVIDIA A100-SXM4-40GB MIG 4g.20gb (0),1,,13,cupy_copy__complex64_complex64
20499636589,5440,425455,1,1,1,1,1,1,18,0.000,0.000,,,,,NVIDIA A100-SXM4-40GB MIG 4g.20gb (0),1,,13,cupy_copy__float32_float32
20499892490,470587,425466,1,1,1,32,32,1,30,0.000,0.000,,,,,NVIDIA A100-SXM4-40GB MIG 4g.20gb (0),1,,13,"void convert_kernel<__half2, float2>(tensor_layout_any, T1 *, tensor_layout_any, const T2 *)"
20500399781,6752,425469,,,,,,,,,,0.094,13876.752,Pinned,Device,NVIDIA A100-SXM4-40GB MIG 4g.20gb (0),1,,13,[CUDA memcpy Host-to-Device]
20500478820,3616,425470,,,,,,,,,,1.547,427715.774,Device,,NVIDIA A100-SXM4-40GB MIG 4g.20gb (0),1,,13,[CUDA memset]
20500490564,3424,425475,,,,,,,,,,0.031,9140.185,Pinned,Device,NVIDIA A100-SXM4-40GB MIG 4g.20gb (0),1,,13,[CUDA memcpy Host-to-Device]
20500496900,10079,425476,,,,,,,,,,0.197,19506.659,Pinned,Device,NVIDIA A100-SXM4-40GB MIG 4g.20gb (0),1,,13,[CUDA memcpy Host-to-Device]
20500568835,22527,425477,273,1,1,8,4,1,39,0.002,0.000,,,,,NVIDIA A100-SXM4-40GB MIG 4g.20gb (0),1,,13,"void channel_eq::eqMmseCoefCompLowMimoKernel<float, float, float, (unsigned int)4, (unsigned int)1, (unsigned int)4>(const channel_eq::_puschRxChEqStatDescr *, channel_eq::_puschRxChEqCoefCompDynDescr)"
20500656130,10048,425478,273,1,1,12,11,1,51,0.002,0.000,,,,,NVIDIA A100-SXM4-40GB MIG 4g.20gb (0),1,,13,"void channel_eq::eqMmseSoftDemapKernel<float, __half, __half, float, (unsigned int)4, (unsigned short)16383>(channel_eq::_puschRxChEqStatDescr *, channel_eq::_puschRxChEqSoftDemapDynDescr)"
20500750145,794775,425479,1,1,1,32,32,1,30,0.000,0.000,,,,,NVIDIA A100-SXM4-40GB MIG 4g.20gb (0),1,,13,"void convert_kernel<float2, __half2>(tensor_layout_any, T1 *, tensor_layout_any, const T2 *)"
20501632503,13728,425491,2253,1,1,128,1,1,16,0.000,0.000,,,,,NVIDIA A100-SXM4-40GB MIG 4g.20gb (0),1,,13,cupy_copy__float16_float16
20501647607,3904,425500,282,1,1,128,1,1,16,0.000,0.000,,,,,NVIDIA A100-SXM4-40GB MIG 4g.20gb (0),1,,13,cupy_copy__complex64_complex64
20501770485,3808,425509,26,1,1,128,1,1,16,0.000,0.000,,,,,NVIDIA A100-SXM4-40GB MIG 4g.20gb (0),1,,13,cupy_copy__float32_float32
20501775989,4032,425518,103,1,1,128,1,1,16,0.000,0.000,,,,,NVIDIA A100-SXM4-40GB MIG 4g.20gb (0),1,,13,cupy_copy__complex64_complex64
20501899412,16448,425528,1434,1,1,128,1,1,16,0.000,0.000,,,,,NVIDIA A100-SXM4-40GB MIG 4g.20gb (0),1,,13,cupy_copy__complex64_complex64
20502038130,272669,425533,1,1,1,32,32,1,30,0.000,0.000,,,,,NVIDIA A100-SXM4-40GB MIG 4g.20gb (0),1,,13,"void convert_kernel<__half2, float2>(tensor_layout_any, T1 *, tensor_layout_any, const T2 *)"
20502339407,5408,425536,,,,,,,,,,0.094,17325.421,Pinned,Device,NVIDIA A100-SXM4-40GB MIG 4g.20gb (0),1,,13,[CUDA memcpy Host-to-Device]
20502350159,624025,425537,,,,,,,,,,456.561,731411.427,Device,,NVIDIA A100-SXM4-40GB MIG 4g.20gb (0),1,,13,[CUDA memset]
20503625409,49855,425542,,,,,,,,,,1.235,24770.507,Pinned,Device,NVIDIA A100-SXM4-40GB MIG 4g.20gb (0),1,,13,[CUDA memcpy Host-to-Device]
20503677824,9664,425543,,,,,,,,,,0.197,20344.209,Pinned,Device,NVIDIA A100-SXM4-40GB MIG 4g.20gb (0),1,,13,[CUDA memcpy Host-to-Device]
20503745855,9088,425544,69,4,1,48,1,1,76,0.002,0.000,,,,,NVIDIA A100-SXM4-40GB MIG 4g.20gb (0),1,,13,"void ch_est::windowedChEstPreNoDftSOfdmKernel<float, __half, float, (unsigned int)2, (unsigned int)1, (unsigned short)4>(ch_est::puschRxChEstStatDescr_t *, ch_est::puschRxChEstDynDescr_t *)"
20503877502,9088,425545,137,2,1,24,2,1,44,0.001,0.001,,,,,NVIDIA A100-SXM4-40GB MIG 4g.20gb (0),1,,13,"void ch_est::chEstFilterNoDftSOfdmDispatchKernel<float, __half, float, (unsigned int)2>(ch_est::puschRxChEstStatDescr_t *, ch_est::puschRxChEstDynDescr_t *)"
20504021948,9664,425546,137,2,1,24,2,1,44,0.001,0.001,,,,,NVIDIA A100-SXM4-40GB MIG 4g.20gb (0),1,,13,"void ch_est::chEstFilterNoDftSOfdmDispatchKernel<float, __half, float, (unsigned int)2>(ch_est::puschRxChEstStatDescr_t *, ch_est::puschRxChEstDynDescr_t *)"
20504111259,4032,425557,103,1,1,128,1,1,16,0.000,0.000,,,,,NVIDIA A100-SXM4-40GB MIG 4g.20gb (0),1,,13,cupy_copy__complex64_complex64
20504117339,13632,425567,1434,1,1,128,1,1,16,0.000,0.000,,,,,NVIDIA A100-SXM4-40GB MIG 4g.20gb (0),1,,13,cupy_copy__complex64_complex64
20504132443,4512,425574,103,1,1,128,1,1,16,0.000,0.000,,,,,NVIDIA A100-SXM4-40GB MIG 4g.20gb (0),1,,13,cupy_copy__complex64_complex64
20504214714,207550,425581,1,1,1,32,32,1,30,0.000,0.000,,,,,NVIDIA A100-SXM4-40GB MIG 4g.20gb (0),1,,13,"void convert_kernel<__half2, float2>(tensor_layout_any, T1 *, tensor_layout_any, const T2 *)"
20504453431,5888,425584,,,,,,,,,,0.094,15912.954,Pinned,Device,NVIDIA A100-SXM4-40GB MIG 4g.20gb (0),1,,13,[CUDA memcpy Host-to-Device]
20504518839,56095,425585,,,,,,,,,,35.810,638347.634,Device,,NVIDIA A100-SXM4-40GB MIG 4g.20gb (0),1,,13,[CUDA memset]
20504575862,1888,425587,,,,,,,,,,0.000,42.373,Pinned,Device,NVIDIA A100-SXM4-40GB MIG 4g.20gb (0),1,,13,[CUDA memcpy Host-to-Device]
20504580406,10816,425588,,,,,,,,,,0.197,18177.393,Pinned,Device,NVIDIA A100-SXM4-40GB MIG 4g.20gb (0),1,,13,[CUDA memcpy Host-to-Device]
20504708981,17631,425589,273,1,1,48,1,1,40,0.000,0.001,,,,,NVIDIA A100-SXM4-40GB MIG 4g.20gb (0),1,,13,"void pusch_noise_intf_est::noiseIntfEstNoDftSOfdmKernel<float, __half, float, float, (unsigned int)2, (unsigned int)1, (unsigned char)4, (unsigned char)4>(pusch_noise_intf_est::puschRxNoiseIntfEstDynDescr)"
20505003825,7616,425600,35,1,1,128,1,1,16,0.000,0.000,,,,,NVIDIA A100-SXM4-40GB MIG 4g.20gb (0),1,,13,cupy_copy__complex64_complex64
20505012977,2816,425609,1,1,1,1,1,1,18,0.000,0.000,,,,,NVIDIA A100-SXM4-40GB MIG 4g.20gb (0),1,,13,cupy_copy__float32_float32
20505017617,1632,425615,,,,,,,,,,0.000,2.451,Device,Pageable,NVIDIA A100-SXM4-40GB MIG 4g.20gb (0),1,,7,[CUDA memcpy Device-to-Host]
20505095568,21632,425626,1434,1,1,128,1,1,16,0.000,0.000,,,,,NVIDIA A100-SXM4-40GB MIG 4g.20gb (0),1,,13,cupy_copy__complex64_complex64
20505236399,4000,425633,103,1,1,128,1,1,16,0.000,0.000,,,,,NVIDIA A100-SXM4-40GB MIG 4g.20gb (0),1,,13,cupy_copy__complex64_complex64
20505349901,4032,425640,35,1,1,128,1,1,16,0.000,0.000,,,,,NVIDIA A100-SXM4-40GB MIG 4g.20gb (0),1,,13,cupy_copy__complex64_complex64
20505536939,3008,425647,1,1,1,1,1,1,18,0.000,0.000,,,,,NVIDIA A100-SXM4-40GB MIG 4g.20gb (0),1,,13,cupy_copy__float32_float32
20505614730,253118,425658,1,1,1,32,32,1,30,0.000,0.000,,,,,NVIDIA A100-SXM4-40GB MIG 4g.20gb (0),1,,13,"void convert_kernel<__half2, float2>(tensor_layout_any, T1 *, tensor_layout_any, const T2 *)"
20505898439,11424,425661,,,,,,,,,,0.094,8201.679,Pinned,Device,NVIDIA A100-SXM4-40GB MIG 4g.20gb (0),1,,13,[CUDA memcpy Host-to-Device]
20505987110,4576,425662,,,,,,,,,,1.547,337985.289,Device,,NVIDIA A100-SXM4-40GB MIG 4g.20gb (0),1,,13,[CUDA memset]
20506000358,3264,425667,,,,,,,,,,0.031,9588.218,Pinned,Device,NVIDIA A100-SXM4-40GB MIG 4g.20gb (0),1,,13,[CUDA memcpy Host-to-Device]
20506007878,10848,425668,,,,,,,,,,0.197,18123.719,Pinned,Device,NVIDIA A100-SXM4-40GB MIG 4g.20gb (0),1,,13,[CUDA memcpy Host-to-Device]
20506182020,11968,425669,273,1,1,8,4,1,39,0.002,0.000,,,,,NVIDIA A100-SXM4-40GB MIG 4g.20gb (0),1,,13,"void channel_eq::eqMmseCoefCompLowMimoKernel<float, float, float, (unsigned int)4, (unsigned int)1, (unsigned int)4>(const channel_eq::_puschRxChEqStatDescr *, channel_eq::_puschRxChEqCoefCompDynDescr)"
20506372130,12480,425670,273,1,1,12,11,1,51,0.002,0.000,,,,,NVIDIA A100-SXM4-40GB MIG 4g.20gb (0),1,,13,"void channel_eq::eqMmseSoftDemapKernel<float, __half, __half, float, (unsigned int)4, (unsigned short)16383>(channel_eq::_puschRxChEqStatDescr *, channel_eq::_puschRxChEqSoftDemapDynDescr)"
20506489953,599097,425671,1,1,1,32,32,1,30,0.000,0.000,,,,,NVIDIA A100-SXM4-40GB MIG 4g.20gb (0),1,,13,"void convert_kernel<float2, __half2>(tensor_layout_any, T1 *, tensor_layout_any, const T2 *)"
20507090362,11776,425683,2253,1,1,128,1,1,16,0.000,0.000,,,,,NVIDIA A100-SXM4-40GB MIG 4g.20gb (0),1,,13,cupy_copy__float16_float16
20507104218,3712,425692,282,1,1,128,1,1,16,0.000,0.000,,,,,NVIDIA A100-SXM4-40GB MIG 4g.20gb (0),1,,13,cupy_copy__complex64_complex64
20507109306,2272,425701,26,1,1,128,1,1,16,0.000,0.000,,,,,NVIDIA A100-SXM4-40GB MIG 4g.20gb (0),1,,13,cupy_copy__float32_float32
20507113402,3200,425710,103,1,1,128,1,1,16,0.000,0.000,,,,,NVIDIA A100-SXM4-40GB MIG 4g.20gb (0),1,,13,cupy_copy__complex64_complex64
20507117882,12128,425720,1434,1,1,128,1,1,16,0.000,0.000,,,,,NVIDIA A100-SXM4-40GB MIG 4g.20gb (0),1,,13,cupy_copy__complex64_complex64
20507134297,80480,425725,1,1,1,32,32,1,30,0.000,0.000,,,,,NVIDIA A100-SXM4-40GB MIG 4g.20gb (0),1,,13,"void convert_kernel<__half2, float2>(tensor_layout_any, T1 *, tensor_layout_any, const T2 *)"
20507243448,5408,425728,,,,,,,,,,0.094,17325.421,Pinned,Device,NVIDIA A100-SXM4-40GB MIG 4g.20gb (0),1,,13,[CUDA memcpy Host-to-Device]
20507256600,613145,425729,,,,,,,,,,456.561,744195.147,Device,,NVIDIA A100-SXM4-40GB MIG 4g.20gb (0),1,,13,[CUDA memset]
20507878257,51136,425734,,,,,,,,,,1.235,24149.330,Pinned,Device,NVIDIA A100-SXM4-40GB MIG 4g.20gb (0),1,,13,[CUDA memcpy Host-to-Device]
20507933777,10079,425735,,,,,,,,,,0.197,19506.659,Pinned,Device,NVIDIA A100-SXM4-40GB MIG 4g.20gb (0),1,,13,[CUDA memcpy Host-to-Device]
20507963728,9856,425736,69,4,1,48,1,1,76,0.002,0.000,,,,,NVIDIA A100-SXM4-40GB MIG 4g.20gb (0),1,,13,"void ch_est::windowedChEstPreNoDftSOfdmKernel<float, __half, float, (unsigned int)2, (unsigned int)1, (unsigned short)4>(ch_est::puschRxChEstStatDescr_t *, ch_est::puschRxChEstDynDescr_t *)"
20508144206,19904,425737,137,2,1,24,2,1,44,0.001,0.001,,,,,NVIDIA A100-SXM4-40GB MIG 4g.20gb (0),1,,13,"void ch_est::chEstFilterNoDftSOfdmDispatchKernel<float, __half, float, (unsigned int)2>(ch_est::puschRxChEstStatDescr_t *, ch_est::puschRxChEstDynDescr_t *)"
20508306348,9184,425738,137,2,1,24,2,1,44,0.001,0.001,,,,,NVIDIA A100-SXM4-40GB MIG 4g.20gb (0),1,,13,"void ch_est::chEstFilterNoDftSOfdmDispatchKernel<float, __half, float, (unsigned int)2>(ch_est::puschRxChEstStatDescr_t *, ch_est::puschRxChEstDynDescr_t *)"
20508354892,11904,425749,103,1,1,128,1,1,16,0.000,0.000,,,,,NVIDIA A100-SXM4-40GB MIG 4g.20gb (0),1,,13,cupy_copy__complex64_complex64
20508478954,21696,425759,1434,1,1,128,1,1,16,0.000,0.000,,,,,NVIDIA A100-SXM4-40GB MIG 4g.20gb (0),1,,13,cupy_copy__complex64_complex64
20508642377,3808,425766,103,1,1,128,1,1,16,0.000,0.000,,,,,NVIDIA A100-SXM4-40GB MIG 4g.20gb (0),1,,13,cupy_copy__complex64_complex64
20508799271,374460,425773,1,1,1,32,32,1,30,0.000,0.000,,,,,NVIDIA A100-SXM4-40GB MIG 4g.20gb (0),1,,13,"void convert_kernel<__half2, float2>(tensor_layout_any, T1 *, tensor_layout_any, const T2 *)"
20509207234,5696,425776,,,,,,,,,,0.094,16449.363,Pinned,Device,NVIDIA A100-SXM4-40GB MIG 4g.20gb (0),1,,13,[CUDA memcpy Host-to-Device]
20509399936,56384,425777,,,,,,,,,,35.810,635088.931,Device,,NVIDIA A100-SXM4-40GB MIG 4g.20gb (0),1,,13,[CUDA memset]
20509458656,1888,425779,,,,,,,,,,0.000,42.373,Pinned,Device,NVIDIA A100-SXM4-40GB MIG 4g.20gb (0),1,,13,[CUDA memcpy Host-to-Device]
20509464799,9504,425780,,,,,,,,,,0.197,20686.701,Pinned,Device,NVIDIA A100-SXM4-40GB MIG 4g.20gb (0),1,,13,[CUDA memcpy Host-to-Device]
20509676477,16192,425781,273,1,1,48,1,1,40,0.000,0.001,,,,,NVIDIA A100-SXM4-40GB MIG 4g.20gb (0),1,,13,"void pusch_noise_intf_est::noiseIntfEstNoDftSOfdmKernel<float, __half, float, float, (unsigned int)2, (unsigned int)1, (unsigned char)4, (unsigned char)4>(pusch_noise_intf_est::puschRxNoiseIntfEstDynDescr)"
20509834811,12960,425792,35,1,1,128,1,1,16,0.000,0.000,,,,,NVIDIA A100-SXM4-40GB MIG 4g.20gb (0),1,,13,cupy_copy__complex64_complex64
20509850139,2912,425801,1,1,1,1,1,1,18,0.000,0.000,,,,,NVIDIA A100-SXM4-40GB MIG 4g.20gb (0),1,,13,cupy_copy__float32_float32
20509855387,4128,425807,,,,,,,,,,0.000,0.969,Device,Pageable,NVIDIA A100-SXM4-40GB MIG 4g.20gb (0),1,,7,[CUDA memcpy Device-to-Host]
20509918906,13536,425818,1434,1,1,128,1,1,16,0.000,0.000,,,,,NVIDIA A100-SXM4-40GB MIG 4g.20gb (0),1,,13,cupy_copy__complex64_complex64
20509944666,3200,425825,103,1,1,128,1,1,16,0.000,0.000,,,,,NVIDIA A100-SXM4-40GB MIG 4g.20gb (0),1,,13,cupy_copy__complex64_complex64
20509978522,2528,425832,35,1,1,128,1,1,16,0.000,0.000,,,,,NVIDIA A100-SXM4-40GB MIG 4g.20gb (0),1,,13,cupy_copy__complex64_complex64
20509997050,1888,425839,1,1,1,1,1,1,18,0.000,0.000,,,,,NVIDIA A100-SXM4-40GB MIG 4g.20gb (0),1,,13,cupy_copy__float32_float32
20510134936,80159,425850,1,1,1,32,32,1,30,0.000,0.000,,,,,NVIDIA A100-SXM4-40GB MIG 4g.20gb (0),1,,13,"void convert_kernel<__half2, float2>(tensor_layout_any, T1 *, tensor_layout_any, const T2 *)"
20510244791,5376,425853,,,,,,,,,,0.094,17428.487,Pinned,Device,NVIDIA A100-SXM4-40GB MIG 4g.20gb (0),1,,13,[CUDA memcpy Host-to-Device]
20510258455,3328,425854,,,,,,,,,,1.547,464729.580,Device,,NVIDIA A100-SXM4-40GB MIG 4g.20gb (0),1,,13,[CUDA memset]
20510265495,3200,425859,,,,,,,,,,0.031,9780.000,Pinned,Device,NVIDIA A100-SXM4-40GB MIG 4g.20gb (0),1,,13,[CUDA memcpy Host-to-Device]
20510270775,9663,425860,,,,,,,,,,0.197,20346.372,Pinned,Device,NVIDIA A100-SXM4-40GB MIG 4g.20gb (0),1,,13,[CUDA memcpy Host-to-Device]
20510284598,5952,425861,273,1,1,8,4,1,39,0.002,0.000,,,,,NVIDIA A100-SXM4-40GB MIG 4g.20gb (0),1,,13,"void channel_eq::eqMmseCoefCompLowMimoKernel<float, float, float, (unsigned int)4, (unsigned int)1, (unsigned int)4>(const channel_eq::_puschRxChEqStatDescr *, channel_eq::_puschRxChEqCoefCompDynDescr)"
20510292918,5600,425862,273,1,1,12,11,1,51,0.002,0.000,,,,,NVIDIA A100-SXM4-40GB MIG 4g.20gb (0),1,,13,"void channel_eq::eqMmseSoftDemapKernel<float, __half, __half, float, (unsigned int)4, (unsigned short)16383>(channel_eq::_puschRxChEqStatDescr *, channel_eq::_puschRxChEqSoftDemapDynDescr)"
20510300182,281245,425863,1,1,1,32,32,1,30,0.000,0.000,,,,,NVIDIA A100-SXM4-40GB MIG 4g.20gb (0),1,,13,"void convert_kernel<float2, __half2>(tensor_layout_any, T1 *, tensor_layout_any, const T2 *)"
20510583283,10592,425875,2253,1,1,128,1,1,16,0.000,0.000,,,,,NVIDIA A100-SXM4-40GB MIG 4g.20gb (0),1,,13,cupy_copy__float16_float16
20510595475,2848,425884,282,1,1,128,1,1,16,0.000,0.000,,,,,NVIDIA A100-SXM4-40GB MIG 4g.20gb (0),1,,13,cupy_copy__complex64_complex64
20510599539,2048,425893,26,1,1,128,1,1,16,0.000,0.000,,,,,NVIDIA A100-SXM4-40GB MIG 4g.20gb (0),1,,13,cupy_copy__float32_float32
20510603603,2848,425902,103,1,1,128,1,1,16,0.000,0.000,,,,,NVIDIA A100-SXM4-40GB MIG 4g.20gb (0),1,,13,cupy_copy__complex64_complex64
20510608755,11712,425912,1434,1,1,128,1,1,16,0.000,0.000,,,,,NVIDIA A100-SXM4-40GB MIG 4g.20gb (0),1,,13,cupy_copy__complex64_complex64
20510638258,79680,425917,1,1,1,32,32,1,30,0.000,0.000,,,,,NVIDIA A100-SXM4-40GB MIG 4g.20gb (0),1,,13,"void convert_kernel<__half2, float2>(tensor_layout_any, T1 *, tensor_layout_any, const T2 *)"
20510746673,5312,425920,,,,,,,,,,0.094,17638.553,Pinned,Device,NVIDIA A100-SXM4-40GB MIG 4g.20gb (0),1,,13,[CUDA memcpy Host-to-Device]
20510756849,605209,425921,,,,,,,,,,456.561,754239.499,Device,,NVIDIA A100-SXM4-40GB MIG 4g.20gb (0),1,,13,[CUDA memset]
20511363498,50144,425926,,,,,,,,,,1.235,24627.253,Pinned,Device,NVIDIA A100-SXM4-40GB MIG 4g.20gb (0),1,,13,[CUDA memcpy Host-to-Device]
20511416842,9280,425927,,,,,,,,,,0.197,21186.085,Pinned,Device,NVIDIA A100-SXM4-40GB MIG 4g.20gb (0),1,,13,[CUDA memcpy Host-to-Device]
20511500617,9280,425928,69,4,1,48,1,1,76,0.002,0.000,,,,,NVIDIA A100-SXM4-40GB MIG 4g.20gb (0),1,,13,"void ch_est::windowedChEstPreNoDftSOfdmKernel<float, __half, float, (unsigned int)2, (unsigned int)1, (unsigned short)4>(ch_est::puschRxChEstStatDescr_t *, ch_est::puschRxChEstDynDescr_t *)"
20511595432,11808,425929,137,2,1,24,2,1,44,0.001,0.001,,,,,NVIDIA A100-SXM4-40GB MIG 4g.20gb (0),1,,13,"void ch_est::chEstFilterNoDftSOfdmDispatchKernel<float, __half, float, (unsigned int)2>(ch_est::puschRxChEstStatDescr_t *, ch_est::puschRxChEstDynDescr_t *)"
20511609288,5440,425930,137,2,1,24,2,1,44,0.001,0.001,,,,,NVIDIA A100-SXM4-40GB MIG 4g.20gb (0),1,,13,"void ch_est::chEstFilterNoDftSOfdmDispatchKernel<float, __half, float, (unsigned int)2>(ch_est::puschRxChEstStatDescr_t *, ch_est::puschRxChEstDynDescr_t *)"
20511616392,2559,425941,103,1,1,128,1,1,16,0.000,0.000,,,,,NVIDIA A100-SXM4-40GB MIG 4g.20gb (0),1,,13,cupy_copy__complex64_complex64
20511620775,12416,425951,1434,1,1,128,1,1,16,0.000,0.000,,,,,NVIDIA A100-SXM4-40GB MIG 4g.20gb (0),1,,13,cupy_copy__complex64_complex64
20511635367,2496,425958,103,1,1,128,1,1,16,0.000,0.000,,,,,NVIDIA A100-SXM4-40GB MIG 4g.20gb (0),1,,13,cupy_copy__complex64_complex64
20511639687,196318,425965,1,1,1,32,32,1,30,0.000,0.000,,,,,NVIDIA A100-SXM4-40GB MIG 4g.20gb (0),1,,13,"void convert_kernel<__half2, float2>(tensor_layout_any, T1 *, tensor_layout_any, const T2 *)"
20511882725,10047,425968,,,,,,,,,,0.094,9325.750,Pinned,Device,NVIDIA A100-SXM4-40GB MIG 4g.20gb (0),1,,13,[CUDA memcpy Host-to-Device]
20511928292,49375,425969,,,,,,,,,,35.810,725258.310,Device,,NVIDIA A100-SXM4-40GB MIG 4g.20gb (0),1,,13,[CUDA memset]
20511981763,3648,425971,,,,,,,,,,0.000,21.930,Pinned,Device,NVIDIA A100-SXM4-40GB MIG 4g.20gb (0),1,,13,[CUDA memcpy Host-to-Device]
20511989923,12256,425972,,,,,,,,,,0.197,16041.640,Pinned,Device,NVIDIA A100-SXM4-40GB MIG 4g.20gb (0),1,,13,[CUDA memcpy Host-to-Device]
20512072546,20608,425973,273,1,1,48,1,1,40,0.000,0.001,,,,,NVIDIA A100-SXM4-40GB MIG 4g.20gb (0),1,,13,"void pusch_noise_intf_est::noiseIntfEstNoDftSOfdmKernel<float, __half, float, float, (unsigned int)2, (unsigned int)1, (unsigned char)4, (unsigned char)4>(pusch_noise_intf_est::puschRxNoiseIntfEstDynDescr)"
20512232769,5152,425984,35,1,1,128,1,1,16,0.000,0.000,,,,,NVIDIA A100-SXM4-40GB MIG 4g.20gb (0),1,,13,cupy_copy__complex64_complex64
20512401215,4096,425993,1,1,1,1,1,1,18,0.000,0.000,,,,,NVIDIA A100-SXM4-40GB MIG 4g.20gb (0),1,,13,cupy_copy__float32_float32
20512406943,2304,425999,,,,,,,,,,0.000,1.736,Device,Pageable,NVIDIA A100-SXM4-40GB MIG 4g.20gb (0),1,,7,[CUDA memcpy Device-to-Host]
20512553789,17280,426010,1434,1,1,128,1,1,16,0.000,0.000,,,,,NVIDIA A100-SXM4-40GB MIG 4g.20gb (0),1,,13,cupy_copy__complex64_complex64
20512733275,4064,426017,103,1,1,128,1,1,16,0.000,0.000,,,,,NVIDIA A100-SXM4-40GB MIG 4g.20gb (0),1,,13,cupy_copy__complex64_complex64
20512807354,8288,426024,35,1,1,128,1,1,16,0.000,0.000,,,,,NVIDIA A100-SXM4-40GB MIG 4g.20gb (0),1,,13,cupy_copy__complex64_complex64
20512894905,4032,426031,1,1,1,1,1,1,18,0.000,0.000,,,,,NVIDIA A100-SXM4-40GB MIG 4g.20gb (0),1,,13,cupy_copy__float32_float32
20512983192,241758,426042,1,1,1,32,32,1,30,0.000,0.000,,,,,NVIDIA A100-SXM4-40GB MIG 4g.20gb (0),1,,13,"void convert_kernel<__half2, float2>(tensor_layout_any, T1 *, tensor_layout_any, const T2 *)"
20513257141,6240,426045,,,,,,,,,,0.094,15015.346,Pinned,Device,NVIDIA A100-SXM4-40GB MIG 4g.20gb (0),1,,13,[CUDA memcpy Host-to-Device]
20513486099,6848,426046,,,,,,,,,,1.547,225850.409,Device,,NVIDIA A100-SXM4-40GB MIG 4g.20gb (0),1,,13,[CUDA memset]
20513498963,3359,426051,,,,,,,,,,0.031,9317.038,Pinned,Device,NVIDIA A100-SXM4-40GB MIG 4g.20gb (0),1,,13,[CUDA memcpy Host-to-Device]
20513505202,12672,426052,,,,,,,,,,0.197,15515.124,Pinned,Device,NVIDIA A100-SXM4-40GB MIG 4g.20gb (0),1,,13,[CUDA memcpy Host-to-Device]
20513840687,14528,426053,273,1,1,8,4,1,39,0.002,0.000,,,,,NVIDIA A100-SXM4-40GB MIG 4g.20gb (0),1,,13,"void channel_eq::eqMmseCoefCompLowMimoKernel<float, float, float, (unsigned int)4, (unsigned int)1, (unsigned int)4>(const channel_eq::_puschRxChEqStatDescr *, channel_eq::_puschRxChEqCoefCompDynDescr)"
20514071692,17728,426054,273,1,1,12,11,1,51,0.002,0.000,,,,,NVIDIA A100-SXM4-40GB MIG 4g.20gb (0),1,,13,"void channel_eq::eqMmseSoftDemapKernel<float, __half, __half, float, (unsigned int)4, (unsigned short)16383>(channel_eq::_puschRxChEqStatDescr *, channel_eq::_puschRxChEqSoftDemapDynDescr)"
20514232778,592730,426055,1,1,1,32,32,1,30,0.000,0.000,,,,,NVIDIA A100-SXM4-40GB MIG 4g.20gb (0),1,,13,"void convert_kernel<float2, __half2>(tensor_layout_any, T1 *, tensor_layout_any, const T2 *)"
20514827268,11776,426067,2253,1,1,128,1,1,16,0.000,0.000,,,,,NVIDIA A100-SXM4-40GB MIG 4g.20gb (0),1,,13,cupy_copy__float16_float16
20514841284,3679,426076,282,1,1,128,1,1,16,0.000,0.000,,,,,NVIDIA A100-SXM4-40GB MIG 4g.20gb (0),1,,13,cupy_copy__complex64_complex64
20514847043,2272,426085,26,1,1,128,1,1,16,0.000,0.000,,,,,NVIDIA A100-SXM4-40GB MIG 4g.20gb (0),1,,13,cupy_copy__float32_float32
20514850563,3200,426094,103,1,1,128,1,1,16,0.000,0.000,,,,,NVIDIA A100-SXM4-40GB MIG 4g.20gb (0),1,,13,cupy_copy__complex64_complex64
20514855747,12416,426104,1434,1,1,128,1,1,16,0.000,0.000,,,,,NVIDIA A100-SXM4-40GB MIG 4g.20gb (0),1,,13,cupy_copy__complex64_complex64
20514869987,79679,426109,1,1,1,32,32,1,30,0.000,0.000,,,,,NVIDIA A100-SXM4-40GB MIG 4g.20gb (0),1,,13,"void convert_kernel<__half2, float2>(tensor_layout_any, T1 *, tensor_layout_any, const T2 *)"
20514980130,5376,426112,,,,,,,,,,0.094,17428.487,Pinned,Device,NVIDIA A100-SXM4-40GB MIG 4g.20gb (0),1,,13,[CUDA memcpy Host-to-Device]
20514990242,603897,426113,,,,,,,,,,456.561,755609.183,Device,,NVIDIA A100-SXM4-40GB MIG 4g.20gb (0),1,,13,[CUDA memset]
20515599163,50464,426118,,,,,,,,,,1.235,24471.650,Pinned,Device,NVIDIA A100-SXM4-40GB MIG 4g.20gb (0),1,,13,[CUDA memcpy Host-to-Device]
20515652346,9600,426119,,,,,,,,,,0.197,20479.869,Pinned,Device,NVIDIA A100-SXM4-40GB MIG 4g.20gb (0),1,,13,[CUDA memcpy Host-to-Device]
20515736218,8767,426120,69,4,1,48,1,1,76,0.002,0.000,,,,,NVIDIA A100-SXM4-40GB MIG 4g.20gb (0),1,,13,"void ch_est::windowedChEstPreNoDftSOfdmKernel<float, __half, float, (unsigned int)2, (unsigned int)1, (unsigned short)4>(ch_est::puschRxChEstStatDescr_t *, ch_est::puschRxChEstDynDescr_t *)"
20515833016,11840,426121,137,2,1,24,2,1,44,0.001,0.001,,,,,NVIDIA A100-SXM4-40GB MIG 4g.20gb (0),1,,13,"void ch_est::chEstFilterNoDftSOfdmDispatchKernel<float, __half, float, (unsigned int)2>(ch_est::puschRxChEstStatDescr_t *, ch_est::puschRxChEstDynDescr_t *)"
20515845624,5408,426122,137,2,1,24,2,1,44,0.001,0.001,,,,,NVIDIA A100-SXM4-40GB MIG 4g.20gb (0),1,,13,"void ch_est::chEstFilterNoDftSOfdmDispatchKernel<float, __half, float, (unsigned int)2>(ch_est::puschRxChEstStatDescr_t *, ch_est::puschRxChEstDynDescr_t *)"
20515853176,2560,426133,103,1,1,128,1,1,16,0.000,0.000,,,,,NVIDIA A100-SXM4-40GB MIG 4g.20gb (0),1,,13,cupy_copy__complex64_complex64
20515857848,12576,426143,1434,1,1,128,1,1,16,0.000,0.000,,,,,NVIDIA A100-SXM4-40GB MIG 4g.20gb (0),1,,13,cupy_copy__complex64_complex64
20515872024,2496,426150,103,1,1,128,1,1,16,0.000,0.000,,,,,NVIDIA A100-SXM4-40GB MIG 4g.20gb (0),1,,13,cupy_copy__complex64_complex64
20515876568,205566,426157,1,1,1,32,32,1,30,0.000,0.000,,,,,NVIDIA A100-SXM4-40GB MIG 4g.20gb (0),1,,13,"void convert_kernel<__half2, float2>(tensor_layout_any, T1 *, tensor_layout_any, const T2 *)"
20516114837,9120,426160,,,,,,,,,,0.094,10273.673,Pinned,Device,NVIDIA A100-SXM4-40GB MIG 4g.20gb (0),1,,13,[CUDA memcpy Host-to-Device]
20516164725,48799,426161,,,,,,,,,,35.810,733816.881,Device,,NVIDIA A100-SXM4-40GB MIG 4g.20gb (0),1,,13,[CUDA memset]
20516217524,3296,426163,,,,,,,,,,0.000,24.272,Pinned,Device,NVIDIA A100-SXM4-40GB MIG 4g.20gb (0),1,,13,[CUDA memcpy Host-to-Device]
20516224372,9984,426164,,,,,,,,,,0.197,19692.257,Pinned,Device,NVIDIA A100-SXM4-40GB MIG 4g.20gb (0),1,,13,[CUDA memcpy Host-to-Device]
20516305363,18336,426165,273,1,1,48,1,1,40,0.000,0.001,,,,,NVIDIA A100-SXM4-40GB MIG 4g.20gb (0),1,,13,"void pusch_noise_intf_est::noiseIntfEstNoDftSOfdmKernel<float, __half, float, float, (unsigned int)2, (unsigned int)1, (unsigned char)4, (unsigned char)4>(pusch_noise_intf_est::puschRxNoiseIntfEstDynDescr)"
20516401906,4832,426176,35,1,1,128,1,1,16,0.000,0.000,,,,,NVIDIA A100-SXM4-40GB MIG 4g.20gb (0),1,,13,cupy_copy__complex64_complex64
20516445490,9280,426185,1,1,1,1,1,1,18,0.000,0.000,,,,,NVIDIA A100-SXM4-40GB MIG 4g.20gb (0),1,,13,cupy_copy__float32_float32
20516465681,1760,426191,,,,,,,,,,0.000,2.273,Device,Pageable,NVIDIA A100-SXM4-40GB MIG 4g.20gb (0),1,,7,[CUDA memcpy Device-to-Host]
20516540785,15999,426202,1434,1,1,128,1,1,16,0.000,0.000,,,,,NVIDIA A100-SXM4-40GB MIG 4g.20gb (0),1,,13,cupy_copy__complex64_complex64
20516686479,3936,426209,103,1,1,128,1,1,16,0.000,0.000,,,,,NVIDIA A100-SXM4-40GB MIG 4g.20gb (0),1,,13,cupy_copy__complex64_complex64
20516733742,13984,426216,35,1,1,128,1,1,16,0.000,0.000,,,,,NVIDIA A100-SXM4-40GB MIG 4g.20gb (0),1,,13,cupy_copy__complex64_complex64
20516826989,4448,426223,1,1,1,1,1,1,18,0.000,0.000,,,,,NVIDIA A100-SXM4-40GB MIG 4g.20gb (0),1,,13,cupy_copy__float32_float32
20516882541,439515,426234,1,1,1,32,32,1,30,0.000,0.000,,,,,NVIDIA A100-SXM4-40GB MIG 4g.20gb (0),1,,13,"void convert_kernel<__half2, float2>(tensor_layout_any, T1 *, tensor_layout_any, const T2 *)"
20517353320,7391,426237,,,,,,,,,,0.094,12676.975,Pinned,Device,NVIDIA A100-SXM4-40GB MIG 4g.20gb (0),1,,13,[CUDA memcpy Host-to-Device]
20517488294,16192,426238,,,,,,,,,,1.547,95516.405,Device,,NVIDIA A100-SXM4-40GB MIG 4g.20gb (0),1,,13,[CUDA memset]
20517505990,4192,426243,,,,,,,,,,0.031,7465.630,Pinned,Device,NVIDIA A100-SXM4-40GB MIG 4g.20gb (0),1,,13,[CUDA memcpy Host-to-Device]
20517514054,10208,426244,,,,,,,,,,0.197,19260.113,Pinned,Device,NVIDIA A100-SXM4-40GB MIG 4g.20gb (0),1,,13,[CUDA memcpy Host-to-Device]
20517701604,23551,426245,273,1,1,8,4,1,39,0.002,0.000,,,,,NVIDIA A100-SXM4-40GB MIG 4g.20gb (0),1,,13,"void channel_eq::eqMmseCoefCompLowMimoKernel<float, float, float, (unsigned int)4, (unsigned int)1, (unsigned int)4>(const channel_eq::_puschRxChEqStatDescr *, channel_eq::_puschRxChEqCoefCompDynDescr)"
20517913601,29184,426246,273,1,1,12,11,1,51,0.002,0.000,,,,,NVIDIA A100-SXM4-40GB MIG 4g.20gb (0),1,,13,"void channel_eq::eqMmseSoftDemapKernel<float, __half, __half, float, (unsigned int)4, (unsigned short)16383>(channel_eq::_puschRxChEqStatDescr *, channel_eq::_puschRxChEqSoftDemapDynDescr)"
20518075071,622298,426247,1,1,1,32,32,1,30,0.000,0.000,,,,,NVIDIA A100-SXM4-40GB MIG 4g.20gb (0),1,,13,"void convert_kernel<float2, __half2>(tensor_layout_any, T1 *, tensor_layout_any, const T2 *)"
20518699705,11391,426259,2253,1,1,128,1,1,16,0.000,0.000,,,,,NVIDIA A100-SXM4-40GB MIG 4g.20gb (0),1,,13,cupy_copy__float16_float16
20518712568,3520,426268,282,1,1,128,1,1,16,0.000,0.000,,,,,NVIDIA A100-SXM4-40GB MIG 4g.20gb (0),1,,13,cupy_copy__complex64_complex64
20518718520,2304,426277,26,1,1,128,1,1,16,0.000,0.000,,,,,NVIDIA A100-SXM4-40GB MIG 4g.20gb (0),1,,13,cupy_copy__float32_float32
20518722936,3168,426286,103,1,1,128,1,1,16,0.000,0.000,,,,,NVIDIA A100-SXM4-40GB MIG 4g.20gb (0),1,,13,cupy_copy__complex64_complex64
20518727704,11968,426296,1434,1,1,128,1,1,16,0.000,0.000,,,,,NVIDIA A100-SXM4-40GB MIG 4g.20gb (0),1,,13,cupy_copy__complex64_complex64
20518741816,79871,426301,1,1,1,32,32,1,30,0.000,0.000,,,,,NVIDIA A100-SXM4-40GB MIG 4g.20gb (0),1,,13,"void convert_kernel<__half2, float2>(tensor_layout_any, T1 *, tensor_layout_any, const T2 *)"
20518851095,5344,426304,,,,,,,,,,0.094,17532.864,Pinned,Device,NVIDIA A100-SXM4-40GB MIG 4g.20gb (0),1,,13,[CUDA memcpy Host-to-Device]
20518860823,601337,426305,,,,,,,,,,456.561,758805.113,Device,,NVIDIA A100-SXM4-40GB MIG 4g.20gb (0),1,,13,[CUDA memset]
20519469168,48735,426310,,,,,,,,,,1.235,25339.816,Pinned,Device,NVIDIA A100-SXM4-40GB MIG 4g.20gb (0),1,,13,[CUDA memcpy Host-to-Device]
20519520815,9344,426311,,,,,,,,,,0.197,21040.988,Pinned,Device,NVIDIA A100-SXM4-40GB MIG 4g.20gb (0),1,,13,[CUDA memcpy Host-to-Device]
20519534095,7360,426312,69,4,1,48,1,1,76,0.002,0.000,,,,,NVIDIA A100-SXM4-40GB MIG 4g.20gb (0),1,,13,"void ch_est::windowedChEstPreNoDftSOfdmKernel<float, __half, float, (unsigned int)2, (unsigned int)1, (unsigned short)4>(ch_est::puschRxChEstStatDescr_t *, ch_est::puschRxChEstDynDescr_t *)"
20519543567,6528,426313,137,2,1,24,2,1,44,0.001,0.001,,,,,NVIDIA A100-SXM4-40GB MIG 4g.20gb (0),1,,13,"void ch_est::chEstFilterNoDftSOfdmDispatchKernel<float, __half, float, (unsigned int)2>(ch_est::puschRxChEstStatDescr_t *, ch_est::puschRxChEstDynDescr_t *)"
20519552271,4736,426314,137,2,1,24,2,1,44,0.001,0.001,,,,,NVIDIA A100-SXM4-40GB MIG 4g.20gb (0),1,,13,"void ch_est::chEstFilterNoDftSOfdmDispatchKernel<float, __half, float, (unsigned int)2>(ch_est::puschRxChEstStatDescr_t *, ch_est::puschRxChEstDynDescr_t *)"
20519559023,2592,426325,103,1,1,128,1,1,16,0.000,0.000,,,,,NVIDIA A100-SXM4-40GB MIG 4g.20gb (0),1,,13,cupy_copy__complex64_complex64
20519563023,15488,426335,1434,1,1,128,1,1,16,0.000,0.000,,,,,NVIDIA A100-SXM4-40GB MIG 4g.20gb (0),1,,13,cupy_copy__complex64_complex64
20519621678,4960,426342,103,1,1,128,1,1,16,0.000,0.000,,,,,NVIDIA A100-SXM4-40GB MIG 4g.20gb (0),1,,13,cupy_copy__complex64_complex64
20519710573,298749,426349,1,1,1,32,32,1,30,0.000,0.000,,,,,NVIDIA A100-SXM4-40GB MIG 4g.20gb (0),1,,13,"void convert_kernel<__half2, float2>(tensor_layout_any, T1 *, tensor_layout_any, const T2 *)"
20520040682,14463,426352,,,,,,,,,,0.094,6478.235,Pinned,Device,NVIDIA A100-SXM4-40GB MIG 4g.20gb (0),1,,13,[CUDA memcpy Host-to-Device]
20520139976,49312,426353,,,,,,,,,,35.810,726189.368,Device,,NVIDIA A100-SXM4-40GB MIG 4g.20gb (0),1,,13,[CUDA memset]
20520197064,5056,426355,,,,,,,,,,0.000,15.823,Pinned,Device,NVIDIA A100-SXM4-40GB MIG 4g.20gb (0),1,,13,[CUDA memcpy Host-to-Device]
20520204232,12576,426356,,,,,,,,,,0.197,15633.482,Pinned,Device,NVIDIA A100-SXM4-40GB MIG 4g.20gb (0),1,,13,[CUDA memcpy Host-to-Device]
20520271431,10368,426357,273,1,1,48,1,1,40,0.000,0.001,,,,,NVIDIA A100-SXM4-40GB MIG 4g.20gb (0),1,,13,"void pusch_noise_intf_est::noiseIntfEstNoDftSOfdmKernel<float, __half, float, float, (unsigned int)2, (unsigned int)1, (unsigned char)4, (unsigned char)4>(pusch_noise_intf_est::puschRxNoiseIntfEstDynDescr)"
20520364134,4192,426368,35,1,1,128,1,1,16,0.000,0.000,,,,,NVIDIA A100-SXM4-40GB MIG 4g.20gb (0),1,,13,cupy_copy__complex64_complex64
20520370438,2848,426377,1,1,1,1,1,1,18,0.000,0.000,,,,,NVIDIA A100-SXM4-40GB MIG 4g.20gb (0),1,,13,cupy_copy__float32_float32
20520383142,10016,426383,,,,,,,,,,0.000,0.399,Device,Pageable,NVIDIA A100-SXM4-40GB MIG 4g.20gb (0),1,,7,[CUDA memcpy Device-to-Host]
20520462629,14912,426394,1434,1,1,128,1,1,16,0.000,0.000,,,,,NVIDIA A100-SXM4-40GB MIG 4g.20gb (0),1,,13,cupy_copy__complex64_complex64
20520559396,4544,426401,103,1,1,128,1,1,16,0.000,0.000,,,,,NVIDIA A100-SXM4-40GB MIG 4g.20gb (0),1,,13,cupy_copy__complex64_complex64
20520566788,3968,426408,35,1,1,128,1,1,16,0.000,0.000,,,,,NVIDIA A100-SXM4-40GB MIG 4g.20gb (0),1,,13,cupy_copy__complex64_complex64
20520652003,3424,426415,1,1,1,1,1,1,18,0.000,0.000,,,,,NVIDIA A100-SXM4-40GB MIG 4g.20gb (0),1,,13,cupy_copy__float32_float32
20520688962,264285,426426,1,1,1,32,32,1,30,0.000,0.000,,,,,NVIDIA A100-SXM4-40GB MIG 4g.20gb (0),1,,13,"void convert_kernel<__half2, float2>(tensor_layout_any, T1 *, tensor_layout_any, const T2 *)"
20520986655,7840,426429,,,,,,,,,,0.094,11951.018,Pinned,Device,NVIDIA A100-SXM4-40GB MIG 4g.20gb (0),1,,13,[CUDA memcpy Host-to-Device]
20521069374,13824,426430,,,,,,,,,,1.547,111878.140,Device,,NVIDIA A100-SXM4-40GB MIG 4g.20gb (0),1,,13,[CUDA memset]
20521085310,3552,426435,,,,,,,,,,0.031,8810.794,Pinned,Device,NVIDIA A100-SXM4-40GB MIG 4g.20gb (0),1,,13,[CUDA memcpy Host-to-Device]
20521092254,10592,426436,,,,,,,,,,0.197,18561.761,Pinned,Device,NVIDIA A100-SXM4-40GB MIG 4g.20gb (0),1,,13,[CUDA memcpy Host-to-Device]
20521170333,11808,426437,273,1,1,8,4,1,39,0.002,0.000,,,,,NVIDIA A100-SXM4-40GB MIG 4g.20gb (0),1,,13,"void channel_eq::eqMmseCoefCompLowMimoKernel<float, float, float, (unsigned int)4, (unsigned int)1, (unsigned int)4>(const channel_eq::_puschRxChEqStatDescr *, channel_eq::_puschRxChEqCoefCompDynDescr)"
20521325659,11360,426438,273,1,1,12,11,1,51,0.002,0.000,,,,,NVIDIA A100-SXM4-40GB MIG 4g.20gb (0),1,,13,"void channel_eq::eqMmseSoftDemapKernel<float, __half, __half, float, (unsigned int)4, (unsigned short)16383>(channel_eq::_puschRxChEqStatDescr *, channel_eq::_puschRxChEqSoftDemapDynDescr)"
20521591256,616281,426439,1,1,1,32,32,1,30,0.000,0.000,,,,,NVIDIA A100-SXM4-40GB MIG 4g.20gb (0),1,,13,"void convert_kernel<float2, __half2>(tensor_layout_any, T1 *, tensor_layout_any, const T2 *)"
20522209233,17760,426451,2253,1,1,128,1,1,16,0.000,0.000,,,,,NVIDIA A100-SXM4-40GB MIG 4g.20gb (0),1,,13,cupy_copy__float16_float16
20522230321,3648,426460,282,1,1,128,1,1,16,0.000,0.000,,,,,NVIDIA A100-SXM4-40GB MIG 4g.20gb (0),1,,13,cupy_copy__complex64_complex64
20522258673,8064,426469,26,1,1,128,1,1,16,0.000,0.000,,,,,NVIDIA A100-SXM4-40GB MIG 4g.20gb (0),1,,13,cupy_copy__float32_float32
20522268177,7296,426478,103,1,1,128,1,1,16,0.000,0.000,,,,,NVIDIA A100-SXM4-40GB MIG 4g.20gb (0),1,,13,cupy_copy__complex64_complex64
20522277393,12511,426488,1434,1,1,128,1,1,16,0.000,0.000,,,,,NVIDIA A100-SXM4-40GB MIG 4g.20gb (0),1,,13,cupy_copy__complex64_complex64
20522291280,79616,426493,1,1,1,32,32,1,30,0.000,0.000,,,,,NVIDIA A100-SXM4-40GB MIG 4g.20gb (0),1,,13,"void convert_kernel<__half2, float2>(tensor_layout_any, T1 *, tensor_layout_any, const T2 *)"
20522400079,5344,426496,,,,,,,,,,0.094,17532.864,Pinned,Device,NVIDIA A100-SXM4-40GB MIG 4g.20gb (0),1,,13,[CUDA memcpy Host-to-Device]
20522409711,604953,426497,,,,,,,,,,456.561,754696.060,Device,,NVIDIA A100-SXM4-40GB MIG 4g.20gb (0),1,,13,[CUDA memset]
20523021128,50368,426502,,,,,,,,,,1.235,24517.343,Pinned,Device,NVIDIA A100-SXM4-40GB MIG 4g.20gb (0),1,,13,[CUDA memcpy Host-to-Device]
20523074216,9280,426503,,,,,,,,,,0.197,21186.085,Pinned,Device,NVIDIA A100-SXM4-40GB MIG 4g.20gb (0),1,,13,[CUDA memcpy Host-to-Device]
20523180711,10079,426504,69,4,1,48,1,1,76,0.002,0.000,,,,,NVIDIA A100-SXM4-40GB MIG 4g.20gb (0),1,,13,"void ch_est::windowedChEstPreNoDftSOfdmKernel<float, __half, float, (unsigned int)2, (unsigned int)1, (unsigned short)4>(ch_est::puschRxChEstStatDescr_t *, ch_est::puschRxChEstDynDescr_t *)"
20523293541,9216,426505,137,2,1,24,2,1,44,0.001,0.001,,,,,NVIDIA A100-SXM4-40GB MIG 4g.20gb (0),1,,13,"void ch_est::chEstFilterNoDftSOfdmDispatchKernel<float, __half, float, (unsigned int)2>(ch_est::puschRxChEstStatDescr_t *, ch_est::puschRxChEstDynDescr_t *)"
20523304357,5408,426506,137,2,1,24,2,1,44,0.001,0.001,,,,,NVIDIA A100-SXM4-40GB MIG 4g.20gb (0),1,,13,"void ch_est::chEstFilterNoDftSOfdmDispatchKernel<float, __half, float, (unsigned int)2>(ch_est::puschRxChEstStatDescr_t *, ch_est::puschRxChEstDynDescr_t *)"
20523312037,2560,426517,103,1,1,128,1,1,16,0.000,0.000,,,,,NVIDIA A100-SXM4-40GB MIG 4g.20gb (0),1,,13,cupy_copy__complex64_complex64
20523316101,12512,426527,1434,1,1,128,1,1,16,0.000,0.000,,,,,NVIDIA A100-SXM4-40GB MIG 4g.20gb (0),1,,13,cupy_copy__complex64_complex64
20523330373,2496,426534,103,1,1,128,1,1,16,0.000,0.000,,,,,NVIDIA A100-SXM4-40GB MIG 4g.20gb (0),1,,13,cupy_copy__complex64_complex64
20523335045,181374,426541,1,1,1,32,32,1,30,0.000,0.000,,,,,NVIDIA A100-SXM4-40GB MIG 4g.20gb (0),1,,13,"void convert_kernel<__half2, float2>(tensor_layout_any, T1 *, tensor_layout_any, const T2 *)"
20523546146,10976,426544,,,,,,,,,,0.094,8536.361,Pinned,Device,NVIDIA A100-SXM4-40GB MIG 4g.20gb (0),1,,13,[CUDA memcpy Host-to-Device]
20523569762,47648,426545,,,,,,,,,,35.810,751542.791,Device,,NVIDIA A100-SXM4-40GB MIG 4g.20gb (0),1,,13,[CUDA memset]
20523620706,2816,426547,,,,,,,,,,0.000,28.409,Pinned,Device,NVIDIA A100-SXM4-40GB MIG 4g.20gb (0),1,,13,[CUDA memcpy Host-to-Device]
20523626146,13311,426548,,,,,,,,,,0.197,14770.176,Pinned,Device,NVIDIA A100-SXM4-40GB MIG 4g.20gb (0),1,,13,[CUDA memcpy Host-to-Device]
20523721728,9504,426549,273,1,1,48,1,1,40,0.000,0.001,,,,,NVIDIA A100-SXM4-40GB MIG 4g.20gb (0),1,,13,"void pusch_noise_intf_est::noiseIntfEstNoDftSOfdmKernel<float, __half, float, float, (unsigned int)2, (unsigned int)1, (unsigned char)4, (unsigned char)4>(pusch_noise_intf_est::puschRxNoiseIntfEstDynDescr)"
20523830879,3584,426560,35,1,1,128,1,1,16,0.000,0.000,,,,,NVIDIA A100-SXM4-40GB MIG 4g.20gb (0),1,,13,cupy_copy__complex64_complex64
20523838047,2688,426569,1,1,1,1,1,1,18,0.000,0.000,,,,,NVIDIA A100-SXM4-40GB MIG 4g.20gb (0),1,,13,cupy_copy__float32_float32
20523844127,1856,426575,,,,,,,,,,0.000,2.155,Device,Pageable,NVIDIA A100-SXM4-40GB MIG 4g.20gb (0),1,,7,[CUDA memcpy Device-to-Host]
20523942974,15552,426586,1434,1,1,128,1,1,16,0.000,0.000,,,,,NVIDIA A100-SXM4-40GB MIG 4g.20gb (0),1,,13,cupy_copy__complex64_complex64
20523960030,3200,426593,103,1,1,128,1,1,16,0.000,0.000,,,,,NVIDIA A100-SXM4-40GB MIG 4g.20gb (0),1,,13,cupy_copy__complex64_complex64
20524076317,4191,426600,35,1,1,128,1,1,16,0.000,0.000,,,,,NVIDIA A100-SXM4-40GB MIG 4g.20gb (0),1,,13,cupy_copy__complex64_complex64
20524081820,2656,426607,1,1,1,1,1,1,18,0.000,0.000,,,,,NVIDIA A100-SXM4-40GB MIG 4g.20gb (0),1,,13,cupy_copy__float32_float32
20524235515,384571,426618,1,1,1,32,32,1,30,0.000,0.000,,,,,NVIDIA A100-SXM4-40GB MIG 4g.20gb (0),1,,13,"void convert_kernel<__half2, float2>(tensor_layout_any, T1 *, tensor_layout_any, const T2 *)"
20524650262,17792,426621,,,,,,,,,,0.094,5266.184,Pinned,Device,NVIDIA A100-SXM4-40GB MIG 4g.20gb (0),1,,13,[CUDA memcpy Host-to-Device]
20524681206,6240,426622,,,,,,,,,,1.547,247855.776,Device,,NVIDIA A100-SXM4-40GB MIG 4g.20gb (0),1,,13,[CUDA memset]
20524691094,3424,426627,,,,,,,,,,0.031,9140.185,Pinned,Device,NVIDIA A100-SXM4-40GB MIG 4g.20gb (0),1,,13,[CUDA memcpy Host-to-Device]
20524697270,12415,426628,,,,,,,,,,0.197,15836.185,Pinned,Device,NVIDIA A100-SXM4-40GB MIG 4g.20gb (0),1,,13,[CUDA memcpy Host-to-Device]
20524855284,25472,426629,273,1,1,8,4,1,39,0.002,0.000,,,,,NVIDIA A100-SXM4-40GB MIG 4g.20gb (0),1,,13,"void channel_eq::eqMmseCoefCompLowMimoKernel<float, float, float, (unsigned int)4, (unsigned int)1, (unsigned int)4>(const channel_eq::_puschRxChEqStatDescr *, channel_eq::_puschRxChEqCoefCompDynDescr)"
20525094513,22208,426630,273,1,1,12,11,1,51,0.002,0.000,,,,,NVIDIA A100-SXM4-40GB MIG 4g.20gb (0),1,,13,"void channel_eq::eqMmseSoftDemapKernel<float, __half, __half, float, (unsigned int)4, (unsigned short)16383>(channel_eq::_puschRxChEqStatDescr *, channel_eq::_puschRxChEqSoftDemapDynDescr)"
20525339022,875831,426631,1,1,1,32,32,1,30,0.000,0.000,,,,,NVIDIA A100-SXM4-40GB MIG 4g.20gb (0),1,,13,"void convert_kernel<float2, __half2>(tensor_layout_any, T1 *, tensor_layout_any, const T2 *)"
20526217349,12192,426643,2253,1,1,128,1,1,16,0.000,0.000,,,,,NVIDIA A100-SXM4-40GB MIG 4g.20gb (0),1,,13,cupy_copy__float16_float16
20526231364,3776,426652,282,1,1,128,1,1,16,0.000,0.000,,,,,NVIDIA A100-SXM4-40GB MIG 4g.20gb (0),1,,13,cupy_copy__complex64_complex64
20526236708,2336,426661,26,1,1,128,1,1,16,0.000,0.000,,,,,NVIDIA A100-SXM4-40GB MIG 4g.20gb (0),1,,13,cupy_copy__float32_float32
20526240772,3200,426670,103,1,1,128,1,1,16,0.000,0.000,,,,,NVIDIA A100-SXM4-40GB MIG 4g.20gb (0),1,,13,cupy_copy__complex64_complex64
20526246084,12128,426680,1434,1,1,128,1,1,16,0.000,0.000,,,,,NVIDIA A100-SXM4-40GB MIG 4g.20gb (0),1,,13,cupy_copy__complex64_complex64
20526260388,79647,426685,1,1,1,32,32,1,30,0.000,0.000,,,,,NVIDIA A100-SXM4-40GB MIG 4g.20gb (0),1,,13,"void convert_kernel<__half2, float2>(tensor_layout_any, T1 *, tensor_layout_any, const T2 *)"
20526369155,5312,426688,,,,,,,,,,0.094,17638.553,Pinned,Device,NVIDIA A100-SXM4-40GB MIG 4g.20gb (0),1,,13,[CUDA memcpy Host-to-Device]
20526378915,608857,426689,,,,,,,,,,456.561,749673.884,Device,,NVIDIA A100-SXM4-40GB MIG 4g.20gb (0),1,,13,[CUDA memset]
20526994044,50751,426694,,,,,,,,,,1.235,24333.337,Pinned,Device,NVIDIA A100-SXM4-40GB MIG 4g.20gb (0),1,,13,[CUDA memcpy Host-to-Device]
20527047707,9600,426695,,,,,,,,,,0.197,20479.869,Pinned,Device,NVIDIA A100-SXM4-40GB MIG 4g.20gb (0),1,,13,[CUDA memcpy Host-to-Device]
20527191258,8224,426696,69,4,1,48,1,1,76,0.002,0.000,,,,,NVIDIA A100-SXM4-40GB MIG 4g.20gb (0),1,,13,"void ch_est::windowedChEstPreNoDftSOfdmKernel<float, __half, float, (unsigned int)2, (unsigned int)1, (unsigned short)4>(ch_est::puschRxChEstStatDescr_t *, ch_est::puschRxChEstDynDescr_t *)"
20527345592,8128,426697,137,2,1,24,2,1,44,0.001,0.001,,,,,NVIDIA A100-SXM4-40GB MIG 4g.20gb (0),1,,13,"void ch_est::chEstFilterNoDftSOfdmDispatchKernel<float, __half, float, (unsigned int)2>(ch_est::puschRxChEstStatDescr_t *, ch_est::puschRxChEstDynDescr_t *)"
20527356120,5376,426698,137,2,1,24,2,1,44,0.001,0.001,,,,,NVIDIA A100-SXM4-40GB MIG 4g.20gb (0),1,,13,"void ch_est::chEstFilterNoDftSOfdmDispatchKernel<float, __half, float, (unsigned int)2>(ch_est::puschRxChEstStatDescr_t *, ch_est::puschRxChEstDynDescr_t *)"
20527363000,2560,426709,103,1,1,128,1,1,16,0.000,0.000,,,,,NVIDIA A100-SXM4-40GB MIG 4g.20gb (0),1,,13,cupy_copy__complex64_complex64
20527367352,12320,426719,1434,1,1,128,1,1,16,0.000,0.000,,,,,NVIDIA A100-SXM4-40GB MIG 4g.20gb (0),1,,13,cupy_copy__complex64_complex64
20527381368,2496,426726,103,1,1,128,1,1,16,0.000,0.000,,,,,NVIDIA A100-SXM4-40GB MIG 4g.20gb (0),1,,13,cupy_copy__complex64_complex64
20527385368,112510,426733,1,1,1,32,32,1,30,0.000,0.000,,,,,NVIDIA A100-SXM4-40GB MIG 4g.20gb (0),1,,13,"void convert_kernel<__half2, float2>(tensor_layout_any, T1 *, tensor_layout_any, const T2 *)"
20527525974,12736,426736,,,,,,,,,,0.094,7356.729,Pinned,Device,NVIDIA A100-SXM4-40GB MIG 4g.20gb (0),1,,13,[CUDA memcpy Host-to-Device]
20527554166,47231,426737,,,,,,,,,,35.810,758167.626,Device,,NVIDIA A100-SXM4-40GB MIG 4g.20gb (0),1,,13,[CUDA memset]
20527606933,2016,426739,,,,,,,,,,0.000,39.682,Pinned,Device,NVIDIA A100-SXM4-40GB MIG 4g.20gb (0),1,,13,[CUDA memcpy Host-to-Device]
20527615061,12608,426740,,,,,,,,,,0.197,15593.767,Pinned,Device,NVIDIA A100-SXM4-40GB MIG 4g.20gb (0),1,,13,[CUDA memcpy Host-to-Device]
20527747220,45503,426741,273,1,1,48,1,1,40,0.000,0.001,,,,,NVIDIA A100-SXM4-40GB MIG 4g.20gb (0),1,,13,"void pusch_noise_intf_est::noiseIntfEstNoDftSOfdmKernel<float, __half, float, float, (unsigned int)2, (unsigned int)1, (unsigned char)4, (unsigned char)4>(pusch_noise_intf_est::puschRxNoiseIntfEstDynDescr)"
20527949393,3840,426752,35,1,1,128,1,1,16,0.000,0.000,,,,,NVIDIA A100-SXM4-40GB MIG 4g.20gb (0),1,,13,cupy_copy__complex64_complex64
20527955537,2656,426761,1,1,1,1,1,1,18,0.000,0.000,,,,,NVIDIA A100-SXM4-40GB MIG 4g.20gb (0),1,,13,cupy_copy__float32_float32
20527965265,1696,426767,,,,,,,,,,0.000,2.358,Device,Pageable,NVIDIA A100-SXM4-40GB MIG 4g.20gb (0),1,,7,[CUDA memcpy Device-to-Host]
20528107440,18751,426778,1434,1,1,128,1,1,16,0.000,0.000,,,,,NVIDIA A100-SXM4-40GB MIG 4g.20gb (0),1,,13,cupy_copy__complex64_complex64
20528272558,3936,426785,103,1,1,128,1,1,16,0.000,0.000,,,,,NVIDIA A100-SXM4-40GB MIG 4g.20gb (0),1,,13,cupy_copy__complex64_complex64
20528533099,4800,426792,35,1,1,128,1,1,16,0.000,0.000,,,,,NVIDIA A100-SXM4-40GB MIG 4g.20gb (0),1,,13,cupy_copy__complex64_complex64
20528794408,2848,426799,1,1,1,1,1,1,18,0.000,0.000,,,,,NVIDIA A100-SXM4-40GB MIG 4g.20gb (0),1,,13,cupy_copy__float32_float32
20528799112,230045,426810,1,1,1,32,32,1,30,0.000,0.000,,,,,NVIDIA A100-SXM4-40GB MIG 4g.20gb (0),1,,13,"void convert_kernel<__half2, float2>(tensor_layout_any, T1 *, tensor_layout_any, const T2 *)"
20529058789,5664,426813,,,,,,,,,,0.094,16542.310,Pinned,Device,NVIDIA A100-SXM4-40GB MIG 4g.20gb (0),1,,13,[CUDA memcpy Host-to-Device]
20529073669,3840,426814,,,,,,,,,,1.547,402765.636,Device,,NVIDIA A100-SXM4-40GB MIG 4g.20gb (0),1,,13,[CUDA memset]
20529080517,3008,426819,,,,,,,,,,0.031,10404.230,Pinned,Device,NVIDIA A100-SXM4-40GB MIG 4g.20gb (0),1,,13,[CUDA memcpy Host-to-Device]
20529085637,9440,426820,,,,,,,,,,0.197,20827.079,Pinned,Device,NVIDIA A100-SXM4-40GB MIG 4g.20gb (0),1,,13,[CUDA memcpy Host-to-Device]
20529098821,7007,426821,273,1,1,8,4,1,39,0.002,0.000,,,,,NVIDIA A100-SXM4-40GB MIG 4g.20gb (0),1,,13,"void channel_eq::eqMmseCoefCompLowMimoKernel<float, float, float, (unsigned int)4, (unsigned int)1, (unsigned int)4>(const channel_eq::_puschRxChEqStatDescr *, channel_eq::_puschRxChEqCoefCompDynDescr)"
20529107620,6240,426822,273,1,1,12,11,1,51,0.002,0.000,,,,,NVIDIA A100-SXM4-40GB MIG 4g.20gb (0),1,,13,"void channel_eq::eqMmseSoftDemapKernel<float, __half, __half, float, (unsigned int)4, (unsigned short)16383>(channel_eq::_puschRxChEqStatDescr *, channel_eq::_puschRxChEqSoftDemapDynDescr)"
20529115236,422908,426823,1,1,1,32,32,1,30,0.000,0.000,,,,,NVIDIA A100-SXM4-40GB MIG 4g.20gb (0),1,,13,"void convert_kernel<float2, __half2>(tensor_layout_any, T1 *, tensor_layout_any, const T2 *)"
20529540160,11775,426835,2253,1,1,128,1,1,16,0.000,0.000,,,,,NVIDIA A100-SXM4-40GB MIG 4g.20gb (0),1,,13,cupy_copy__float16_float16
20529553279,3680,426844,282,1,1,128,1,1,16,0.000,0.000,,,,,NVIDIA A100-SXM4-40GB MIG 4g.20gb (0),1,,13,cupy_copy__complex64_complex64
20529559455,2272,426853,26,1,1,128,1,1,16,0.000,0.000,,,,,NVIDIA A100-SXM4-40GB MIG 4g.20gb (0),1,,13,cupy_copy__float32_float32
20529562975,3136,426862,103,1,1,128,1,1,16,0.000,0.000,,,,,NVIDIA A100-SXM4-40GB MIG 4g.20gb (0),1,,13,cupy_copy__complex64_complex64
20529568127,12192,426872,1434,1,1,128,1,1,16,0.000,0.000,,,,,NVIDIA A100-SXM4-40GB MIG 4g.20gb (0),1,,13,cupy_copy__complex64_complex64
20529581983,79519,426877,1,1,1,32,32,1,30,0.000,0.000,,,,,NVIDIA A100-SXM4-40GB MIG 4g.20gb (0),1,,13,"void convert_kernel<__half2, float2>(tensor_layout_any, T1 *, tensor_layout_any, const T2 *)"
20529690782,5344,426880,,,,,,,,,,0.094,17532.864,Pinned,Device,NVIDIA A100-SXM4-40GB MIG 4g.20gb (0),1,,13,[CUDA memcpy Host-to-Device]
20529700222,606041,426881,,,,,,,,,,456.561,753326.376,Device,,NVIDIA A100-SXM4-40GB MIG 4g.20gb (0),1,,13,[CUDA memset]
20530307767,49855,426886,,,,,,,,,,1.235,24770.507,Pinned,Device,NVIDIA A100-SXM4-40GB MIG 4g.20gb (0),1,,13,[CUDA memcpy Host-to-Device]
20530360534,9696,426887,,,,,,,,,,0.197,20277.166,Pinned,Device,NVIDIA A100-SXM4-40GB MIG 4g.20gb (0),1,,13,[CUDA memcpy Host-to-Device]
20530443190,12767,426888,69,4,1,48,1,1,76,0.002,0.000,,,,,NVIDIA A100-SXM4-40GB MIG 4g.20gb (0),1,,13,"void ch_est::windowedChEstPreNoDftSOfdmKernel<float, __half, float, (unsigned int)2, (unsigned int)1, (unsigned short)4>(ch_est::puschRxChEstStatDescr_t *, ch_est::puschRxChEstDynDescr_t *)"
20530458741,7136,426889,137,2,1,24,2,1,44,0.001,0.001,,,,,NVIDIA A100-SXM4-40GB MIG 4g.20gb (0),1,,13,"void ch_est::chEstFilterNoDftSOfdmDispatchKernel<float, __half, float, (unsigned int)2>(ch_est::puschRxChEstStatDescr_t *, ch_est::puschRxChEstDynDescr_t *)"
20530547828,10528,426890,137,2,1,24,2,1,44,0.001,0.001,,,,,NVIDIA A100-SXM4-40GB MIG 4g.20gb (0),1,,13,"void ch_est::chEstFilterNoDftSOfdmDispatchKernel<float, __half, float, (unsigned int)2>(ch_est::puschRxChEstStatDescr_t *, ch_est::puschRxChEstDynDescr_t *)"
20530561428,3168,426901,103,1,1,128,1,1,16,0.000,0.000,,,,,NVIDIA A100-SXM4-40GB MIG 4g.20gb (0),1,,13,cupy_copy__complex64_complex64
20530568852,12768,426911,1434,1,1,128,1,1,16,0.000,0.000,,,,,NVIDIA A100-SXM4-40GB MIG 4g.20gb (0),1,,13,cupy_copy__complex64_complex64
20530583732,2496,426918,103,1,1,128,1,1,16,0.000,0.000,,,,,NVIDIA A100-SXM4-40GB MIG 4g.20gb (0),1,,13,cupy_copy__complex64_complex64
20530587764,138206,426925,1,1,1,32,32,1,30,0.000,0.000,,,,,NVIDIA A100-SXM4-40GB MIG 4g.20gb (0),1,,13,"void convert_kernel<__half2, float2>(tensor_layout_any, T1 *, tensor_layout_any, const T2 *)"
20530756914,10016,426928,,,,,,,,,,0.094,9354.609,Pinned,Device,NVIDIA A100-SXM4-40GB MIG 4g.20gb (0),1,,13,[CUDA memcpy Host-to-Device]
20530801330,53215,426929,,,,,,,,,,35.810,672904.207,Device,,NVIDIA A100-SXM4-40GB MIG 4g.20gb (0),1,,13,[CUDA memset]
20530862065,4384,426931,,,,,,,,,,0.000,18.248,Pinned,Device,NVIDIA A100-SXM4-40GB MIG 4g.20gb (0),1,,13,[CUDA memcpy Host-to-Device]
20530871793,14432,426932,,,,,,,,,,0.197,13622.968,Pinned,Device,NVIDIA A100-SXM4-40GB MIG 4g.20gb (0),1,,13,[CUDA memcpy Host-to-Device]
20530961584,16800,426933,273,1,1,48,1,1,40,0.000,0.001,,,,,NVIDIA A100-SXM4-40GB MIG 4g.20gb (0),1,,13,"void pusch_noise_intf_est::noiseIntfEstNoDftSOfdmKernel<float, __half, float, float, (unsigned int)2, (unsigned int)1, (unsigned char)4, (unsigned char)4>(pusch_noise_intf_est::puschRxNoiseIntfEstDynDescr)"
20531084622,10784,426944,35,1,1,128,1,1,16,0.000,0.000,,,,,NVIDIA A100-SXM4-40GB MIG 4g.20gb (0),1,,13,cupy_copy__complex64_complex64
20531132110,4096,426953,1,1,1,1,1,1,18,0.000,0.000,,,,,NVIDIA A100-SXM4-40GB MIG 4g.20gb (0),1,,13,cupy_copy__float32_float32
20531145006,1824,426959,,,,,,,,,,0.000,2.193,Device,Pageable,NVIDIA A100-SXM4-40GB MIG 4g.20gb (0),1,,7,[CUDA memcpy Device-to-Host]
20531217069,22080,426970,1434,1,1,128,1,1,16,0.000,0.000,,,,,NVIDIA A100-SXM4-40GB MIG 4g.20gb (0),1,,13,cupy_copy__complex64_complex64
20531364267,6432,426977,103,1,1,128,1,1,16,0.000,0.000,,,,,NVIDIA A100-SXM4-40GB MIG 4g.20gb (0),1,,13,cupy_copy__complex64_complex64
20531411467,9024,426984,35,1,1,128,1,1,16,0.000,0.000,,,,,NVIDIA A100-SXM4-40GB MIG 4g.20gb (0),1,,13,cupy_copy__complex64_complex64
20531498634,4320,426991,1,1,1,1,1,1,18,0.000,0.000,,,,,NVIDIA A100-SXM4-40GB MIG 4g.20gb (0),1,,13,cupy_copy__float32_float32
20531553545,330076,427002,1,1,1,32,32,1,30,0.000,0.000,,,,,NVIDIA A100-SXM4-40GB MIG 4g.20gb (0),1,,13,"void convert_kernel<__half2, float2>(tensor_layout_any, T1 *, tensor_layout_any, const T2 *)"
20531916197,7680,427005,,,,,,,,,,0.094,12199.969,Pinned,Device,NVIDIA A100-SXM4-40GB MIG 4g.20gb (0),1,,13,[CUDA memcpy Host-to-Device]
20531993220,15744,427006,,,,,,,,,,1.547,98235.370,Device,,NVIDIA A100-SXM4-40GB MIG 4g.20gb (0),1,,13,[CUDA memset]
20532011172,3328,427011,,,,,,,,,,0.031,9403.822,Pinned,Device,NVIDIA A100-SXM4-40GB MIG 4g.20gb (0),1,,13,[CUDA memcpy Host-to-Device]
20532019812,11200,427012,,,,,,,,,,0.197,17554.145,Pinned,Device,NVIDIA A100-SXM4-40GB MIG 4g.20gb (0),1,,13,[CUDA memcpy Host-to-Device]
20532175906,24608,427013,273,1,1,8,4,1,39,0.002,0.000,,,,,NVIDIA A100-SXM4-40GB MIG 4g.20gb (0),1,,13,"void channel_eq::eqMmseCoefCompLowMimoKernel<float, float, float, (unsigned int)4, (unsigned int)1, (unsigned int)4>(const channel_eq::_puschRxChEqStatDescr *, channel_eq::_puschRxChEqCoefCompDynDescr)"
20532405952,25407,427014,273,1,1,12,11,1,51,0.002,0.000,,,,,NVIDIA A100-SXM4-40GB MIG 4g.20gb (0),1,,13,"void channel_eq::eqMmseSoftDemapKernel<float, __half, __half, float, (unsigned int)4, (unsigned short)16383>(channel_eq::_puschRxChEqStatDescr *, channel_eq::_puschRxChEqSoftDemapDynDescr)"
20532632893,683960,427015,1,1,1,32,32,1,30,0.000,0.000,,,,,NVIDIA A100-SXM4-40GB MIG 4g.20gb (0),1,,13,"void convert_kernel<float2, __half2>(tensor_layout_any, T1 *, tensor_layout_any, const T2 *)"
20533318837,12128,427027,2253,1,1,128,1,1,16,0.000,0.000,,,,,NVIDIA A100-SXM4-40GB MIG 4g.20gb (0),1,,13,cupy_copy__float16_float16
20533333045,3776,427036,282,1,1,128,1,1,16,0.000,0.000,,,,,NVIDIA A100-SXM4-40GB MIG 4g.20gb (0),1,,13,cupy_copy__complex64_complex64
20533338773,2272,427045,26,1,1,128,1,1,16,0.000,0.000,,,,,NVIDIA A100-SXM4-40GB MIG 4g.20gb (0),1,,13,cupy_copy__float32_float32
20533342805,3200,427054,103,1,1,128,1,1,16,0.000,0.000,,,,,NVIDIA A100-SXM4-40GB MIG 4g.20gb (0),1,,13,cupy_copy__complex64_complex64
20533347477,12448,427064,1434,1,1,128,1,1,16,0.000,0.000,,,,,NVIDIA A100-SXM4-40GB MIG 4g.20gb (0),1,,13,cupy_copy__complex64_complex64
20533361237,79455,427069,1,1,1,32,32,1,30,0.000,0.000,,,,,NVIDIA A100-SXM4-40GB MIG 4g.20gb (0),1,,13,"void convert_kernel<__half2, float2>(tensor_layout_any, T1 *, tensor_layout_any, const T2 *)"
20533470292,5376,427072,,,,,,,,,,0.094,17428.487,Pinned,Device,NVIDIA A100-SXM4-40GB MIG 4g.20gb (0),1,,13,[CUDA memcpy Host-to-Device]
20533480084,600537,427073,,,,,,,,,,456.561,760174.798,Device,,NVIDIA A100-SXM4-40GB MIG 4g.20gb (0),1,,13,[CUDA memset]
20534082093,48799,427078,,,,,,,,,,1.235,25306.472,Pinned,Device,NVIDIA A100-SXM4-40GB MIG 4g.20gb (0),1,,13,[CUDA memcpy Host-to-Device]
20534133324,9536,427079,,,,,,,,,,0.197,20617.298,Pinned,Device,NVIDIA A100-SXM4-40GB MIG 4g.20gb (0),1,,13,[CUDA memcpy Host-to-Device]
20534146764,7264,427080,69,4,1,48,1,1,76,0.002,0.000,,,,,NVIDIA A100-SXM4-40GB MIG 4g.20gb (0),1,,13,"void ch_est::windowedChEstPreNoDftSOfdmKernel<float, __half, float, (unsigned int)2, (unsigned int)1, (unsigned short)4>(ch_est::puschRxChEstStatDescr_t *, ch_est::puschRxChEstDynDescr_t *)"
20534155980,6464,427081,137,2,1,24,2,1,44,0.001,0.001,,,,,NVIDIA A100-SXM4-40GB MIG 4g.20gb (0),1,,13,"void ch_est::chEstFilterNoDftSOfdmDispatchKernel<float, __half, float, (unsigned int)2>(ch_est::puschRxChEstStatDescr_t *, ch_est::puschRxChEstDynDescr_t *)"
20534164588,4768,427082,137,2,1,24,2,1,44,0.001,0.001,,,,,NVIDIA A100-SXM4-40GB MIG 4g.20gb (0),1,,13,"void ch_est::chEstFilterNoDftSOfdmDispatchKernel<float, __half, float, (unsigned int)2>(ch_est::puschRxChEstStatDescr_t *, ch_est::puschRxChEstDynDescr_t *)"
20534170764,2528,427093,103,1,1,128,1,1,16,0.000,0.000,,,,,NVIDIA A100-SXM4-40GB MIG 4g.20gb (0),1,,13,cupy_copy__complex64_complex64
20534175180,12800,427103,1434,1,1,128,1,1,16,0.000,0.000,,,,,NVIDIA A100-SXM4-40GB MIG 4g.20gb (0),1,,13,cupy_copy__complex64_complex64
20534189708,2496,427110,103,1,1,128,1,1,16,0.000,0.000,,,,,NVIDIA A100-SXM4-40GB MIG 4g.20gb (0),1,,13,cupy_copy__complex64_complex64
20534193804,79551,427117,1,1,1,32,32,1,30,0.000,0.000,,,,,NVIDIA A100-SXM4-40GB MIG 4g.20gb (0),1,,13,"void convert_kernel<__half2, float2>(tensor_layout_any, T1 *, tensor_layout_any, const T2 *)"
20534302410,5504,427120,,,,,,,,,,0.094,17023.251,Pinned,Device,NVIDIA A100-SXM4-40GB MIG 4g.20gb (0),1,,13,[CUDA memcpy Host-to-Device]
20534347050,51743,427121,,,,,,,,,,35.810,692062.514,Device,,NVIDIA A100-SXM4-40GB MIG 4g.20gb (0),1,,13,[CUDA memset]
20534405097,2496,427123,,,,,,,,,,0.000,32.051,Pinned,Device,NVIDIA A100-SXM4-40GB MIG 4g.20gb (0),1,,13,[CUDA memcpy Host-to-Device]
20534410377,9632,427124,,,,,,,,,,0.197,20411.843,Pinned,Device,NVIDIA A100-SXM4-40GB MIG 4g.20gb (0),1,,13,[CUDA memcpy Host-to-Device]
20534455497,20128,427125,273,1,1,48,1,1,40,0.000,0.001,,,,,NVIDIA A100-SXM4-40GB MIG 4g.20gb (0),1,,13,"void pusch_noise_intf_est::noiseIntfEstNoDftSOfdmKernel<float, __half, float, float, (unsigned int)2, (unsigned int)1, (unsigned char)4, (unsigned char)4>(pusch_noise_intf_est::puschRxNoiseIntfEstDynDescr)"
20534531336,10592,427136,35,1,1,128,1,1,16,0.000,0.000,,,,,NVIDIA A100-SXM4-40GB MIG 4g.20gb (0),1,,13,cupy_copy__complex64_complex64
20534545640,5216,427145,1,1,1,1,1,1,18,0.000,0.000,,,,,NVIDIA A100-SXM4-40GB MIG 4g.20gb (0),1,,13,cupy_copy__float32_float32
20534552712,1664,427151,,,,,,,,,,0.000,2.404,Device,Pageable,NVIDIA A100-SXM4-40GB MIG 4g.20gb (0),1,,7,[CUDA memcpy Device-to-Host]
20534649479,23679,427162,1434,1,1,128,1,1,16,0.000,0.000,,,,,NVIDIA A100-SXM4-40GB MIG 4g.20gb (0),1,,13,cupy_copy__complex64_complex64
20534675718,7424,427169,103,1,1,128,1,1,16,0.000,0.000,,,,,NVIDIA A100-SXM4-40GB MIG 4g.20gb (0),1,,13,cupy_copy__complex64_complex64
20534738054,11999,427176,35,1,1,128,1,1,16,0.000,0.000,,,,,NVIDIA A100-SXM4-40GB MIG 4g.20gb (0),1,,13,cupy_copy__complex64_complex64
20534759877,2816,427183,1,1,1,1,1,1,18,0.000,0.000,,,,,NVIDIA A100-SXM4-40GB MIG 4g.20gb (0),1,,13,cupy_copy__float32_float32
20534821125,404507,427194,1,1,1,32,32,1,30,0.000,0.000,,,,,NVIDIA A100-SXM4-40GB MIG 4g.20gb (0),1,,13,"void convert_kernel<__half2, float2>(tensor_layout_any, T1 *, tensor_layout_any, const T2 *)"
20535255296,5664,427197,,,,,,,,,,0.094,16542.310,Pinned,Device,NVIDIA A100-SXM4-40GB MIG 4g.20gb (0),1,,13,[CUDA memcpy Host-to-Device]
20535314143,10368,427198,,,,,,,,,,1.547,149171.885,Device,,NVIDIA A100-SXM4-40GB MIG 4g.20gb (0),1,,13,[CUDA memset]
20535331039,3008,427203,,,,,,,,,,0.031,10404.230,Pinned,Device,NVIDIA A100-SXM4-40GB MIG 4g.20gb (0),1,,13,[CUDA memcpy Host-to-Device]
20535341439,11712,427204,,,,,,,,,,0.197,16786.784,Pinned,Device,NVIDIA A100-SXM4-40GB MIG 4g.20gb (0),1,,13,[CUDA memcpy Host-to-Device]
20535485533,19392,427205,273,1,1,8,4,1,39,0.002,0.000,,,,,NVIDIA A100-SXM4-40GB MIG 4g.20gb (0),1,,13,"void channel_eq::eqMmseCoefCompLowMimoKernel<float, float, float, (unsigned int)4, (unsigned int)1, (unsigned int)4>(const channel_eq::_puschRxChEqStatDescr *, channel_eq::_puschRxChEqCoefCompDynDescr)"
20535683099,23776,427206,273,1,1,12,11,1,51,0.002,0.000,,,,,NVIDIA A100-SXM4-40GB MIG 4g.20gb (0),1,,13,"void channel_eq::eqMmseSoftDemapKernel<float, __half, __half, float, (unsigned int)4, (unsigned short)16383>(channel_eq::_puschRxChEqStatDescr *, channel_eq::_puschRxChEqSoftDemapDynDescr)"
20535870553,662041,427207,1,1,1,32,32,1,30,0.000,0.000,,,,,NVIDIA A100-SXM4-40GB MIG 4g.20gb (0),1,,13,"void convert_kernel<float2, __half2>(tensor_layout_any, T1 *, tensor_layout_any, const T2 *)"
20536534930,11743,427219,2253,1,1,128,1,1,16,0.000,0.000,,,,,NVIDIA A100-SXM4-40GB MIG 4g.20gb (0),1,,13,cupy_copy__float16_float16
20536548849,3648,427228,282,1,1,128,1,1,16,0.000,0.000,,,,,NVIDIA A100-SXM4-40GB MIG 4g.20gb (0),1,,13,cupy_copy__complex64_complex64
20536554033,2240,427237,26,1,1,128,1,1,16,0.000,0.000,,,,,NVIDIA A100-SXM4-40GB MIG 4g.20gb (0),1,,13,cupy_copy__float32_float32
20536558033,3104,427246,103,1,1,128,1,1,16,0.000,0.000,,,,,NVIDIA A100-SXM4-40GB MIG 4g.20gb (0),1,,13,cupy_copy__complex64_complex64
20536562385,12192,427256,1434,1,1,128,1,1,16,0.000,0.000,,,,,NVIDIA A100-SXM4-40GB MIG 4g.20gb (0),1,,13,cupy_copy__complex64_complex64
20536576081,79775,427261,1,1,1,32,32,1,30,0.000,0.000,,,,,NVIDIA A100-SXM4-40GB MIG 4g.20gb (0),1,,13,"void convert_kernel<__half2, float2>(tensor_layout_any, T1 *, tensor_layout_any, const T2 *)"
20536685712,5504,427264,,,,,,,,,,0.094,17023.251,Pinned,Device,NVIDIA A100-SXM4-40GB MIG 4g.20gb (0),1,,13,[CUDA memcpy Host-to-Device]
20536695792,604601,427265,,,,,,,,,,456.561,754696.060,Device,,NVIDIA A100-SXM4-40GB MIG 4g.20gb (0),1,,13,[CUDA memset]
20537304265,49823,427270,,,,,,,,,,1.235,24786.561,Pinned,Device,NVIDIA A100-SXM4-40GB MIG 4g.20gb (0),1,,13,[CUDA memcpy Host-to-Device]
20537357160,9696,427271,,,,,,,,,,0.197,20277.166,Pinned,Device,NVIDIA A100-SXM4-40GB MIG 4g.20gb (0),1,,13,[CUDA memcpy Host-to-Device]
20537451527,8992,427272,69,4,1,48,1,1,76,0.002,0.000,,,,,NVIDIA A100-SXM4-40GB MIG 4g.20gb (0),1,,13,"void ch_est::windowedChEstPreNoDftSOfdmKernel<float, __half, float, (unsigned int)2, (unsigned int)1, (unsigned short)4>(ch_est::puschRxChEstStatDescr_t *, ch_est::puschRxChEstDynDescr_t *)"
20537559238,8352,427273,137,2,1,24,2,1,44,0.001,0.001,,,,,NVIDIA A100-SXM4-40GB MIG 4g.20gb (0),1,,13,"void ch_est::chEstFilterNoDftSOfdmDispatchKernel<float, __half, float, (unsigned int)2>(ch_est::puschRxChEstStatDescr_t *, ch_est::puschRxChEstDynDescr_t *)"
20537572614,5440,427274,137,2,1,24,2,1,44,0.001,0.001,,,,,NVIDIA A100-SXM4-40GB MIG 4g.20gb (0),1,,13,"void ch_est::chEstFilterNoDftSOfdmDispatchKernel<float, __half, float, (unsigned int)2>(ch_est::puschRxChEstStatDescr_t *, ch_est::puschRxChEstDynDescr_t *)"
20537580166,2560,427285,103,1,1,128,1,1,16,0.000,0.000,,,,,NVIDIA A100-SXM4-40GB MIG 4g.20gb (0),1,,13,cupy_copy__complex64_complex64
20537584198,12544,427295,1434,1,1,128,1,1,16,0.000,0.000,,,,,NVIDIA A100-SXM4-40GB MIG 4g.20gb (0),1,,13,cupy_copy__complex64_complex64
20537598182,2496,427302,103,1,1,128,1,1,16,0.000,0.000,,,,,NVIDIA A100-SXM4-40GB MIG 4g.20gb (0),1,,13,cupy_copy__complex64_complex64
20537602854,178174,427309,1,1,1,32,32,1,30,0.000,0.000,,,,,NVIDIA A100-SXM4-40GB MIG 4g.20gb (0),1,,13,"void convert_kernel<__half2, float2>(tensor_layout_any, T1 *, tensor_layout_any, const T2 *)"
20537813123,8032,427312,,,,,,,,,,0.094,11665.246,Pinned,Device,NVIDIA A100-SXM4-40GB MIG 4g.20gb (0),1,,13,[CUDA memcpy Host-to-Device]
20537923298,51968,427313,,,,,,,,,,35.810,689054.481,Device,,NVIDIA A100-SXM4-40GB MIG 4g.20gb (0),1,,13,[CUDA memset]
20537975810,1791,427315,,,,,,,,,,0.000,44.668,Pinned,Device,NVIDIA A100-SXM4-40GB MIG 4g.20gb (0),1,,13,[CUDA memcpy Host-to-Device]
20537980513,11968,427316,,,,,,,,,,0.197,16427.778,Pinned,Device,NVIDIA A100-SXM4-40GB MIG 4g.20gb (0),1,,13,[CUDA memcpy Host-to-Device]
20538085952,32928,427317,273,1,1,48,1,1,40,0.000,0.001,,,,,NVIDIA A100-SXM4-40GB MIG 4g.20gb (0),1,,13,"void pusch_noise_intf_est::noiseIntfEstNoDftSOfdmKernel<float, __half, float, float, (unsigned int)2, (unsigned int)1, (unsigned char)4, (unsigned char)4>(pusch_noise_intf_est::puschRxNoiseIntfEstDynDescr)"
20538232831,4992,427328,35,1,1,128,1,1,16,0.000,0.000,,,,,NVIDIA A100-SXM4-40GB MIG 4g.20gb (0),1,,13,cupy_copy__complex64_complex64
20538239903,5184,427337,1,1,1,1,1,1,18,0.000,0.000,,,,,NVIDIA A100-SXM4-40GB MIG 4g.20gb (0),1,,13,cupy_copy__float32_float32
20538245343,2239,427343,,,,,,,,,,0.000,1.787,Device,Pageable,NVIDIA A100-SXM4-40GB MIG 4g.20gb (0),1,,7,[CUDA memcpy Device-to-Host]
20538426652,21984,427354,1434,1,1,128,1,1,16,0.000,0.000,,,,,NVIDIA A100-SXM4-40GB MIG 4g.20gb (0),1,,13,cupy_copy__complex64_complex64
20538651770,5632,427361,103,1,1,128,1,1,16,0.000,0.000,,,,,NVIDIA A100-SXM4-40GB MIG 4g.20gb (0),1,,13,cupy_copy__complex64_complex64
20538881559,3840,427368,35,1,1,128,1,1,16,0.000,0.000,,,,,NVIDIA A100-SXM4-40GB MIG 4g.20gb (0),1,,13,cupy_copy__complex64_complex64
20538931063,4352,427375,1,1,1,1,1,1,18,0.000,0.000,,,,,NVIDIA A100-SXM4-40GB MIG 4g.20gb (0),1,,13,cupy_copy__float32_float32
20538937175,489786,427386,1,1,1,32,32,1,30,0.000,0.000,,,,,NVIDIA A100-SXM4-40GB MIG 4g.20gb (0),1,,13,"void convert_kernel<__half2, float2>(tensor_layout_any, T1 *, tensor_layout_any, const T2 *)"
20539456465,5344,427389,,,,,,,,,,0.094,17532.864,Pinned,Device,NVIDIA A100-SXM4-40GB MIG 4g.20gb (0),1,,13,[CUDA memcpy Host-to-Device]
20539469713,3776,427390,,,,,,,,,,1.547,409592.434,Device,,NVIDIA A100-SXM4-40GB MIG 4g.20gb (0),1,,13,[CUDA memset]
20539477393,3040,427395,,,,,,,,,,0.031,10294.725,Pinned,Device,NVIDIA A100-SXM4-40GB MIG 4g.20gb (0),1,,13,[CUDA memcpy Host-to-Device]
20539482705,9408,427396,,,,,,,,,,0.197,20897.858,Pinned,Device,NVIDIA A100-SXM4-40GB MIG 4g.20gb (0),1,,13,[CUDA memcpy Host-to-Device]
20539496529,7071,427397,273,1,1,8,4,1,39,0.002,0.000,,,,,NVIDIA A100-SXM4-40GB MIG 4g.20gb (0),1,,13,"void channel_eq::eqMmseCoefCompLowMimoKernel<float, float, float, (unsigned int)4, (unsigned int)1, (unsigned int)4>(const channel_eq::_puschRxChEqStatDescr *, channel_eq::_puschRxChEqCoefCompDynDescr)"
20539505200,6688,427398,273,1,1,12,11,1,51,0.002,0.000,,,,,NVIDIA A100-SXM4-40GB MIG 4g.20gb (0),1,,13,"void channel_eq::eqMmseSoftDemapKernel<float, __half, __half, float, (unsigned int)4, (unsigned short)16383>(channel_eq::_puschRxChEqStatDescr *, channel_eq::_puschRxChEqSoftDemapDynDescr)"
20539514064,483259,427399,1,1,1,32,32,1,30,0.000,0.000,,,,,NVIDIA A100-SXM4-40GB MIG 4g.20gb (0),1,,13,"void convert_kernel<float2, __half2>(tensor_layout_any, T1 *, tensor_layout_any, const T2 *)"
20539999179,11680,427411,2253,1,1,128,1,1,16,0.000,0.000,,,,,NVIDIA A100-SXM4-40GB MIG 4g.20gb (0),1,,13,cupy_copy__float16_float16
20540125514,4543,427420,282,1,1,128,1,1,16,0.000,0.000,,,,,NVIDIA A100-SXM4-40GB MIG 4g.20gb (0),1,,13,cupy_copy__complex64_complex64
20540255688,3680,427429,26,1,1,128,1,1,16,0.000,0.000,,,,,NVIDIA A100-SXM4-40GB MIG 4g.20gb (0),1,,13,cupy_copy__float32_float32
20540380903,4608,427438,103,1,1,128,1,1,16,0.000,0.000,,,,,NVIDIA A100-SXM4-40GB MIG 4g.20gb (0),1,,13,cupy_copy__complex64_complex64
20540387495,12863,427448,1434,1,1,128,1,1,16,0.000,0.000,,,,,NVIDIA A100-SXM4-40GB MIG 4g.20gb (0),1,,13,cupy_copy__complex64_complex64
20540512773,286269,427453,1,1,1,32,32,1,30,0.000,0.000,,,,,NVIDIA A100-SXM4-40GB MIG 4g.20gb (0),1,,13,"void convert_kernel<__half2, float2>(tensor_layout_any, T1 *, tensor_layout_any, const T2 *)"
20540830658,6048,427456,,,,,,,,,,0.094,15491.978,Pinned,Device,NVIDIA A100-SXM4-40GB MIG 4g.20gb (0),1,,13,[CUDA memcpy Host-to-Device]
20540942080,607930,427457,,,,,,,,,,456.561,750587.007,Device,,NVIDIA A100-SXM4-40GB MIG 4g.20gb (0),1,,13,[CUDA memset]
20541553434,54783,427462,,,,,,,,,,1.235,22541.433,Pinned,Device,NVIDIA A100-SXM4-40GB MIG 4g.20gb (0),1,,13,[CUDA memcpy Host-to-Device]
20541611481,10560,427463,,,,,,,,,,0.197,18617.991,Pinned,Device,NVIDIA A100-SXM4-40GB MIG 4g.20gb (0),1,,13,[CUDA memcpy Host-to-Device]
20541878134,15648,427464,69,4,1,48,1,1,76,0.002,0.000,,,,,NVIDIA A100-SXM4-40GB MIG 4g.20gb (0),1,,13,"void ch_est::windowedChEstPreNoDftSOfdmKernel<float, __half, float, (unsigned int)2, (unsigned int)1, (unsigned short)4>(ch_est::puschRxChEstStatDescr_t *, ch_est::puschRxChEstDynDescr_t *)"
20542018036,12096,427465,137,2,1,24,2,1,44,0.001,0.001,,,,,NVIDIA A100-SXM4-40GB MIG 4g.20gb (0),1,,13,"void ch_est::chEstFilterNoDftSOfdmDispatchKernel<float, __half, float, (unsigned int)2>(ch_est::puschRxChEstStatDescr_t *, ch_est::puschRxChEstDynDescr_t *)"
20542066260,12256,427466,137,2,1,24,2,1,44,0.001,0.001,,,,,NVIDIA A100-SXM4-40GB MIG 4g.20gb (0),1,,13,"void ch_est::chEstFilterNoDftSOfdmDispatchKernel<float, __half, float, (unsigned int)2>(ch_est::puschRxChEstStatDescr_t *, ch_est::puschRxChEstDynDescr_t *)"
20542117779,10880,427477,103,1,1,128,1,1,16,0.000,0.000,,,,,NVIDIA A100-SXM4-40GB MIG 4g.20gb (0),1,,13,cupy_copy__complex64_complex64
20542174131,21791,427487,1434,1,1,128,1,1,16,0.000,0.000,,,,,NVIDIA A100-SXM4-40GB MIG 4g.20gb (0),1,,13,cupy_copy__complex64_complex64
20542242994,12960,427494,103,1,1,128,1,1,16,0.000,0.000,,,,,NVIDIA A100-SXM4-40GB MIG 4g.20gb (0),1,,13,cupy_copy__complex64_complex64
20542258002,341020,427501,1,1,1,32,32,1,30,0.000,0.000,,,,,NVIDIA A100-SXM4-40GB MIG 4g.20gb (0),1,,13,"void convert_kernel<__half2, float2>(tensor_layout_any, T1 *, tensor_layout_any, const T2 *)"
20542629038,5632,427504,,,,,,,,,,0.094,16636.287,Pinned,Device,NVIDIA A100-SXM4-40GB MIG 4g.20gb (0),1,,13,[CUDA memcpy Host-to-Device]
20542641453,48608,427505,,,,,,,,,,35.810,736681.674,Device,,NVIDIA A100-SXM4-40GB MIG 4g.20gb (0),1,,13,[CUDA memset]
20542695309,2080,427507,,,,,,,,,,0.000,38.462,Pinned,Device,NVIDIA A100-SXM4-40GB MIG 4g.20gb (0),1,,13,[CUDA memcpy Host-to-Device]
20542700877,9696,427508,,,,,,,,,,0.197,20277.166,Pinned,Device,NVIDIA A100-SXM4-40GB MIG 4g.20gb (0),1,,13,[CUDA memcpy Host-to-Device]
20542753836,12416,427509,273,1,1,48,1,1,40,0.000,0.001,,,,,NVIDIA A100-SXM4-40GB MIG 4g.20gb (0),1,,13,"void pusch_noise_intf_est::noiseIntfEstNoDftSOfdmKernel<float, __half, float, float, (unsigned int)2, (unsigned int)1, (unsigned char)4, (unsigned char)4>(pusch_noise_intf_est::puschRxNoiseIntfEstDynDescr)"
20542830955,7520,427520,35,1,1,128,1,1,16,0.000,0.000,,,,,NVIDIA A100-SXM4-40GB MIG 4g.20gb (0),1,,13,cupy_copy__complex64_complex64
20542840139,3872,427529,1,1,1,1,1,1,18,0.000,0.000,,,,,NVIDIA A100-SXM4-40GB MIG 4g.20gb (0),1,,13,cupy_copy__float32_float32
20542847979,2688,427535,,,,,,,,,,0.000,1.488,Device,Pageable,NVIDIA A100-SXM4-40GB MIG 4g.20gb (0),1,,7,[CUDA memcpy Device-to-Host]
20542924234,19936,427546,1434,1,1,128,1,1,16,0.000,0.000,,,,,NVIDIA A100-SXM4-40GB MIG 4g.20gb (0),1,,13,cupy_copy__complex64_complex64
20542950538,3360,427553,103,1,1,128,1,1,16,0.000,0.000,,,,,NVIDIA A100-SXM4-40GB MIG 4g.20gb (0),1,,13,cupy_copy__complex64_complex64
20542958218,2592,427560,35,1,1,128,1,1,16,0.000,0.000,,,,,NVIDIA A100-SXM4-40GB MIG 4g.20gb (0),1,,13,cupy_copy__complex64_complex64
20542976234,2112,427567,1,1,1,1,1,1,18,0.000,0.000,,,,,NVIDIA A100-SXM4-40GB MIG 4g.20gb (0),1,,13,cupy_copy__float32_float32
20543158184,357820,427578,1,1,1,32,32,1,30,0.000,0.000,,,,,NVIDIA A100-SXM4-40GB MIG 4g.20gb (0),1,,13,"void convert_kernel<__half2, float2>(tensor_layout_any, T1 *, tensor_layout_any, const T2 *)"
20543556291,5504,427581,,,,,,,,,,0.094,17023.251,Pinned,Device,NVIDIA A100-SXM4-40GB MIG 4g.20gb (0),1,,13,[CUDA memcpy Host-to-Device]
20543597475,6528,427582,,,,,,,,,,1.547,236921.144,Device,,NVIDIA A100-SXM4-40GB MIG 4g.20gb (0),1,,13,[CUDA memset]
20543606243,3680,427587,,,,,,,,,,0.031,8504.344,Pinned,Device,NVIDIA A100-SXM4-40GB MIG 4g.20gb (0),1,,13,[CUDA memcpy Host-to-Device]
20543612547,9920,427588,,,,,,,,,,0.197,19819.266,Pinned,Device,NVIDIA A100-SXM4-40GB MIG 4g.20gb (0),1,,13,[CUDA memcpy Host-to-Device]
20543686690,14208,427589,273,1,1,8,4,1,39,0.002,0.000,,,,,NVIDIA A100-SXM4-40GB MIG 4g.20gb (0),1,,13,"void channel_eq::eqMmseCoefCompLowMimoKernel<float, float, float, (unsigned int)4, (unsigned int)1, (unsigned int)4>(const channel_eq::_puschRxChEqStatDescr *, channel_eq::_puschRxChEqCoefCompDynDescr)"
20543705762,7328,427590,273,1,1,12,11,1,51,0.002,0.000,,,,,NVIDIA A100-SXM4-40GB MIG 4g.20gb (0),1,,13,"void channel_eq::eqMmseSoftDemapKernel<float, __half, __half, float, (unsigned int)4, (unsigned short)16383>(channel_eq::_puschRxChEqStatDescr *, channel_eq::_puschRxChEqSoftDemapDynDescr)"
20543715873,740632,427591,1,1,1,32,32,1,30,0.000,0.000,,,,,NVIDIA A100-SXM4-40GB MIG 4g.20gb (0),1,,13,"void convert_kernel<float2, __half2>(tensor_layout_any, T1 *, tensor_layout_any, const T2 *)"
20544497433,18496,427603,2253,1,1,128,1,1,16,0.000,0.000,,,,,NVIDIA A100-SXM4-40GB MIG 4g.20gb (0),1,,13,cupy_copy__float16_float16
20544550104,6208,427612,282,1,1,128,1,1,16,0.000,0.000,,,,,NVIDIA A100-SXM4-40GB MIG 4g.20gb (0),1,,13,cupy_copy__complex64_complex64
20544562104,2240,427621,26,1,1,128,1,1,16,0.000,0.000,,,,,NVIDIA A100-SXM4-40GB MIG 4g.20gb (0),1,,13,cupy_copy__float32_float32
20544566008,3392,427630,103,1,1,128,1,1,16,0.000,0.000,,,,,NVIDIA A100-SXM4-40GB MIG 4g.20gb (0),1,,13,cupy_copy__complex64_complex64
20544571096,12800,427640,1434,1,1,128,1,1,16,0.000,0.000,,,,,NVIDIA A100-SXM4-40GB MIG 4g.20gb (0),1,,13,cupy_copy__complex64_complex64
20544619895,263229,427645,1,1,1,32,32,1,30,0.000,0.000,,,,,NVIDIA A100-SXM4-40GB MIG 4g.20gb (0),1,,13,"void convert_kernel<__half2, float2>(tensor_layout_any, T1 *, tensor_layout_any, const T2 *)"
20544913300,5440,427648,,,,,,,,,,0.094,17223.480,Pinned,Device,NVIDIA A100-SXM4-40GB MIG 4g.20gb (0),1,,13,[CUDA memcpy Host-to-Device]
20544950356,600921,427649,,,,,,,,,,456.561,759718.236,Device,,NVIDIA A100-SXM4-40GB MIG 4g.20gb (0),1,,13,[CUDA memset]
20545558349,51327,427654,,,,,,,,,,1.235,24059.179,Pinned,Device,NVIDIA A100-SXM4-40GB MIG 4g.20gb (0),1,,13,[CUDA memcpy Host-to-Device]
20545613036,10304,427655,,,,,,,,,,0.197,19080.610,Pinned,Device,NVIDIA A100-SXM4-40GB MIG 4g.20gb (0),1,,13,[CUDA memcpy Host-to-Device]
20545765067,15615,427656,69,4,1,48,1,1,76,0.002,0.000,,,,,NVIDIA A100-SXM4-40GB MIG 4g.20gb (0),1,,13,"void ch_est::windowedChEstPreNoDftSOfdmKernel<float, __half, float, (unsigned int)2, (unsigned int)1, (unsigned short)4>(ch_est::puschRxChEstStatDescr_t *, ch_est::puschRxChEstDynDescr_t *)"
20545930537,11648,427657,137,2,1,24,2,1,44,0.001,0.001,,,,,NVIDIA A100-SXM4-40GB MIG 4g.20gb (0),1,,13,"void ch_est::chEstFilterNoDftSOfdmDispatchKernel<float, __half, float, (unsigned int)2>(ch_est::puschRxChEstStatDescr_t *, ch_est::puschRxChEstDynDescr_t *)"
20546047207,9440,427658,137,2,1,24,2,1,44,0.001,0.001,,,,,NVIDIA A100-SXM4-40GB MIG 4g.20gb (0),1,,13,"void ch_est::chEstFilterNoDftSOfdmDispatchKernel<float, __half, float, (unsigned int)2>(ch_est::puschRxChEstStatDescr_t *, ch_est::puschRxChEstDynDescr_t *)"
20546058439,5248,427669,103,1,1,128,1,1,16,0.000,0.000,,,,,NVIDIA A100-SXM4-40GB MIG 4g.20gb (0),1,,13,cupy_copy__complex64_complex64
20546064391,12832,427679,1434,1,1,128,1,1,16,0.000,0.000,,,,,NVIDIA A100-SXM4-40GB MIG 4g.20gb (0),1,,13,cupy_copy__complex64_complex64
20546078695,2496,427686,103,1,1,128,1,1,16,0.000,0.000,,,,,NVIDIA A100-SXM4-40GB MIG 4g.20gb (0),1,,13,cupy_copy__complex64_complex64
20546082759,163390,427693,1,1,1,32,32,1,30,0.000,0.000,,,,,NVIDIA A100-SXM4-40GB MIG 4g.20gb (0),1,,13,"void convert_kernel<__half2, float2>(tensor_layout_any, T1 *, tensor_layout_any, const T2 *)"
20546276453,10688,427696,,,,,,,,,,0.094,8766.385,Pinned,Device,NVIDIA A100-SXM4-40GB MIG 4g.20gb (0),1,,13,[CUDA memcpy Host-to-Device]
20546386820,50687,427697,,,,,,,,,,35.810,706458.102,Device,,NVIDIA A100-SXM4-40GB MIG 4g.20gb (0),1,,13,[CUDA memset]
20546445123,5248,427699,,,,,,,,,,0.000,15.244,Pinned,Device,NVIDIA A100-SXM4-40GB MIG 4g.20gb (0),1,,13,[CUDA memcpy Host-to-Device]
20546452643,11520,427700,,,,,,,,,,0.197,17066.557,Pinned,Device,NVIDIA A100-SXM4-40GB MIG 4g.20gb (0),1,,13,[CUDA memcpy Host-to-Device]
20546604321,26560,427701,273,1,1,48,1,1,40,0.000,0.001,,,,,NVIDIA A100-SXM4-40GB MIG 4g.20gb (0),1,,13,"void pusch_noise_intf_est::noiseIntfEstNoDftSOfdmKernel<float, __half, float, float, (unsigned int)2, (unsigned int)1, (unsigned char)4, (unsigned char)4>(pusch_noise_intf_est::puschRxNoiseIntfEstDynDescr)"
20546730432,4288,427712,35,1,1,128,1,1,16,0.000,0.000,,,,,NVIDIA A100-SXM4-40GB MIG 4g.20gb (0),1,,13,cupy_copy__complex64_complex64
20546787007,4896,427721,1,1,1,1,1,1,18,0.000,0.000,,,,,NVIDIA A100-SXM4-40GB MIG 4g.20gb (0),1,,13,cupy_copy__float32_float32
20546806655,2912,427727,,,,,,,,,,0.000,1.374,Device,Pageable,NVIDIA A100-SXM4-40GB MIG 4g.20gb (0),1,,7,[CUDA memcpy Device-to-Host]
20546899582,16832,427738,1434,1,1,128,1,1,16,0.000,0.000,,,,,NVIDIA A100-SXM4-40GB MIG 4g.20gb (0),1,,13,cupy_copy__complex64_complex64
20546964797,8864,427745,103,1,1,128,1,1,16,0.000,0.000,,,,,NVIDIA A100-SXM4-40GB MIG 4g.20gb (0),1,,13,cupy_copy__complex64_complex64
20547083900,3648,427752,35,1,1,128,1,1,16,0.000,0.000,,,,,NVIDIA A100-SXM4-40GB MIG 4g.20gb (0),1,,13,cupy_copy__complex64_complex64
20547140987,6080,427759,1,1,1,1,1,1,18,0.000,0.000,,,,,NVIDIA A100-SXM4-40GB MIG 4g.20gb (0),1,,13,cupy_copy__float32_float32
20547258938,335452,427770,1,1,1,32,32,1,30,0.000,0.000,,,,,NVIDIA A100-SXM4-40GB MIG 4g.20gb (0),1,,13,"void convert_kernel<__half2, float2>(tensor_layout_any, T1 *, tensor_layout_any, const T2 *)"
20547623734,5536,427773,,,,,,,,,,0.094,16924.777,Pinned,Device,NVIDIA A100-SXM4-40GB MIG 4g.20gb (0),1,,13,[CUDA memcpy Host-to-Device]
20547639382,3168,427774,,,,,,,,,,1.547,488201.145,Device,,NVIDIA A100-SXM4-40GB MIG 4g.20gb (0),1,,13,[CUDA memset]
20547645238,3008,427779,,,,,,,,,,0.031,10404.230,Pinned,Device,NVIDIA A100-SXM4-40GB MIG 4g.20gb (0),1,,13,[CUDA memcpy Host-to-Device]
20547650710,9408,427780,,,,,,,,,,0.197,20897.858,Pinned,Device,NVIDIA A100-SXM4-40GB MIG 4g.20gb (0),1,,13,[CUDA memcpy Host-to-Device]
20547694453,17536,427781,273,1,1,8,4,1,39,0.002,0.000,,,,,NVIDIA A100-SXM4-40GB MIG 4g.20gb (0),1,,13,"void channel_eq::eqMmseCoefCompLowMimoKernel<float, float, float, (unsigned int)4, (unsigned int)1, (unsigned int)4>(const channel_eq::_puschRxChEqStatDescr *, channel_eq::_puschRxChEqCoefCompDynDescr)"
20547764820,19040,427782,273,1,1,12,11,1,51,0.002,0.000,,,,,NVIDIA A100-SXM4-40GB MIG 4g.20gb (0),1,,13,"void channel_eq::eqMmseSoftDemapKernel<float, __half, __half, float, (unsigned int)4, (unsigned short)16383>(channel_eq::_puschRxChEqStatDescr *, channel_eq::_puschRxChEqSoftDemapDynDescr)"
20547834196,640504,427783,1,1,1,32,32,1,30,0.000,0.000,,,,,NVIDIA A100-SXM4-40GB MIG 4g.20gb (0),1,,13,"void convert_kernel<float2, __half2>(tensor_layout_any, T1 *, tensor_layout_any, const T2 *)"
20548576139,17600,427795,2253,1,1,128,1,1,16,0.000,0.000,,,,,NVIDIA A100-SXM4-40GB MIG 4g.20gb (0),1,,13,cupy_copy__float16_float16
20548642475,4639,427804,282,1,1,128,1,1,16,0.000,0.000,,,,,NVIDIA A100-SXM4-40GB MIG 4g.20gb (0),1,,13,cupy_copy__complex64_complex64
20548731818,8575,427813,26,1,1,128,1,1,16,0.000,0.000,,,,,NVIDIA A100-SXM4-40GB MIG 4g.20gb (0),1,,13,cupy_copy__float32_float32
20548747017,7200,427822,103,1,1,128,1,1,16,0.000,0.000,,,,,NVIDIA A100-SXM4-40GB MIG 4g.20gb (0),1,,13,cupy_copy__complex64_complex64
20548897704,19263,427832,1434,1,1,128,1,1,16,0.000,0.000,,,,,NVIDIA A100-SXM4-40GB MIG 4g.20gb (0),1,,13,cupy_copy__complex64_complex64
20549137221,363292,427837,1,1,1,32,32,1,30,0.000,0.000,,,,,NVIDIA A100-SXM4-40GB MIG 4g.20gb (0),1,,13,"void convert_kernel<__half2, float2>(tensor_layout_any, T1 *, tensor_layout_any, const T2 *)"
20549531233,5792,427840,,,,,,,,,,0.094,16176.708,Pinned,Device,NVIDIA A100-SXM4-40GB MIG 4g.20gb (0),1,,13,[CUDA memcpy Host-to-Device]
20549616128,611865,427841,,,,,,,,,,456.561,746021.393,Device,,NVIDIA A100-SXM4-40GB MIG 4g.20gb (0),1,,13,[CUDA memset]
20550236089,51135,427846,,,,,,,,,,1.235,24150.565,Pinned,Device,NVIDIA A100-SXM4-40GB MIG 4g.20gb (0),1,,13,[CUDA memcpy Host-to-Device]
20550290520,9920,427847,,,,,,,,,,0.197,19819.266,Pinned,Device,NVIDIA A100-SXM4-40GB MIG 4g.20gb (0),1,,13,[CUDA memcpy Host-to-Device]
20550416407,9536,427848,69,4,1,48,1,1,76,0.002,0.000,,,,,NVIDIA A100-SXM4-40GB MIG 4g.20gb (0),1,,13,"void ch_est::windowedChEstPreNoDftSOfdmKernel<float, __half, float, (unsigned int)2, (unsigned int)1, (unsigned short)4>(ch_est::puschRxChEstStatDescr_t *, ch_est::puschRxChEstDynDescr_t *)"
20550562965,8544,427849,137,2,1,24,2,1,44,0.001,0.001,,,,,NVIDIA A100-SXM4-40GB MIG 4g.20gb (0),1,,13,"void ch_est::chEstFilterNoDftSOfdmDispatchKernel<float, __half, float, (unsigned int)2>(ch_est::puschRxChEstStatDescr_t *, ch_est::puschRxChEstDynDescr_t *)"
20550640116,9408,427850,137,2,1,24,2,1,44,0.001,0.001,,,,,NVIDIA A100-SXM4-40GB MIG 4g.20gb (0),1,,13,"void ch_est::chEstFilterNoDftSOfdmDispatchKernel<float, __half, float, (unsigned int)2>(ch_est::puschRxChEstStatDescr_t *, ch_est::puschRxChEstDynDescr_t *)"
20550702804,11743,427861,103,1,1,128,1,1,16,0.000,0.000,,,,,NVIDIA A100-SXM4-40GB MIG 4g.20gb (0),1,,13,cupy_copy__complex64_complex64
20550734803,23072,427871,1434,1,1,128,1,1,16,0.000,0.000,,,,,NVIDIA A100-SXM4-40GB MIG 4g.20gb (0),1,,13,cupy_copy__complex64_complex64
20550759667,5024,427878,103,1,1,128,1,1,16,0.000,0.000,,,,,NVIDIA A100-SXM4-40GB MIG 4g.20gb (0),1,,13,cupy_copy__complex64_complex64
20550805810,348605,427885,1,1,1,32,32,1,30,0.000,0.000,,,,,NVIDIA A100-SXM4-40GB MIG 4g.20gb (0),1,,13,"void convert_kernel<__half2, float2>(tensor_layout_any, T1 *, tensor_layout_any, const T2 *)"
20551184622,5376,427888,,,,,,,,,,0.094,17428.487,Pinned,Device,NVIDIA A100-SXM4-40GB MIG 4g.20gb (0),1,,13,[CUDA memcpy Host-to-Device]
20551197166,54239,427889,,,,,,,,,,35.810,660191.685,Device,,NVIDIA A100-SXM4-40GB MIG 4g.20gb (0),1,,13,[CUDA memset]
20551256845,2080,427891,,,,,,,,,,0.000,38.462,Pinned,Device,NVIDIA A100-SXM4-40GB MIG 4g.20gb (0),1,,13,[CUDA memcpy Host-to-Device]
20551261549,9664,427892,,,,,,,,,,0.197,20344.209,Pinned,Device,NVIDIA A100-SXM4-40GB MIG 4g.20gb (0),1,,13,[CUDA memcpy Host-to-Device]
20551287181,14880,427893,273,1,1,48,1,1,40,0.000,0.001,,,,,NVIDIA A100-SXM4-40GB MIG 4g.20gb (0),1,,13,"void pusch_noise_intf_est::noiseIntfEstNoDftSOfdmKernel<float, __half, float, float, (unsigned int)2, (unsigned int)1, (unsigned char)4, (unsigned char)4>(pusch_noise_intf_est::puschRxNoiseIntfEstDynDescr)"
20551338220,9664,427904,35,1,1,128,1,1,16,0.000,0.000,,,,,NVIDIA A100-SXM4-40GB MIG 4g.20gb (0),1,,13,cupy_copy__complex64_complex64
20551350284,2688,427913,1,1,1,1,1,1,18,0.000,0.000,,,,,NVIDIA A100-SXM4-40GB MIG 4g.20gb (0),1,,13,cupy_copy__float32_float32
20551354860,4640,427919,,,,,,,,,,0.000,0.862,Device,Pageable,NVIDIA A100-SXM4-40GB MIG 4g.20gb (0),1,,7,[CUDA memcpy Device-to-Host]
20551437579,22784,427930,1434,1,1,128,1,1,16,0.000,0.000,,,,,NVIDIA A100-SXM4-40GB MIG 4g.20gb (0),1,,13,cupy_copy__complex64_complex64
20551462155,3360,427937,103,1,1,128,1,1,16,0.000,0.000,,,,,NVIDIA A100-SXM4-40GB MIG 4g.20gb (0),1,,13,cupy_copy__complex64_complex64
20551503755,9728,427944,35,1,1,128,1,1,16,0.000,0.000,,,,,NVIDIA A100-SXM4-40GB MIG 4g.20gb (0),1,,13,cupy_copy__complex64_complex64
20551516746,2560,427951,1,1,1,1,1,1,18,0.000,0.000,,,,,NVIDIA A100-SXM4-40GB MIG 4g.20gb (0),1,,13,cupy_copy__float32_float32
20551631177,430523,427962,1,1,1,32,32,1,30,0.000,0.000,,,,,NVIDIA A100-SXM4-40GB MIG 4g.20gb (0),1,,13,"void convert_kernel<__half2, float2>(tensor_layout_any, T1 *, tensor_layout_any, const T2 *)"
20552092420,5696,427965,,,,,,,,,,0.094,16449.363,Pinned,Device,NVIDIA A100-SXM4-40GB MIG 4g.20gb (0),1,,13,[CUDA memcpy Host-to-Device]
20552202883,3392,427966,,,,,,,,,,1.547,455961.768,Device,,NVIDIA A100-SXM4-40GB MIG 4g.20gb (0),1,,13,[CUDA memset]
20552207907,5120,427971,,,,,,,,,,0.031,6112.484,Pinned,Device,NVIDIA A100-SXM4-40GB MIG 4g.20gb (0),1,,13,[CUDA memcpy Host-to-Device]
20552219171,10048,427972,,,,,,,,,,0.197,19566.821,Pinned,Device,NVIDIA A100-SXM4-40GB MIG 4g.20gb (0),1,,13,[CUDA memcpy Host-to-Device]
20552321858,10751,427973,273,1,1,8,4,1,39,0.002,0.000,,,,,NVIDIA A100-SXM4-40GB MIG 4g.20gb (0),1,,13,"void channel_eq::eqMmseCoefCompLowMimoKernel<float, float, float, (unsigned int)4, (unsigned int)1, (unsigned int)4>(const channel_eq::_puschRxChEqStatDescr *, channel_eq::_puschRxChEqCoefCompDynDescr)"
20552449184,9952,427974,273,1,1,12,11,1,51,0.002,0.000,,,,,NVIDIA A100-SXM4-40GB MIG 4g.20gb (0),1,,13,"void channel_eq::eqMmseSoftDemapKernel<float, __half, __half, float, (unsigned int)4, (unsigned short)16383>(channel_eq::_puschRxChEqStatDescr *, channel_eq::_puschRxChEqSoftDemapDynDescr)"
20552577663,1013748,427975,1,1,1,32,32,1,30,0.000,0.000,,,,,NVIDIA A100-SXM4-40GB MIG 4g.20gb (0),1,,13,"void convert_kernel<float2, __half2>(tensor_layout_any, T1 *, tensor_layout_any, const T2 *)"
20553602067,27072,427987,2253,1,1,128,1,1,16,0.000,0.000,,,,,NVIDIA A100-SXM4-40GB MIG 4g.20gb (0),1,,13,cupy_copy__float16_float16
20553631187,3712,427996,282,1,1,128,1,1,16,0.000,0.000,,,,,NVIDIA A100-SXM4-40GB MIG 4g.20gb (0),1,,13,cupy_copy__complex64_complex64
20553637363,2304,428005,26,1,1,128,1,1,16,0.000,0.000,,,,,NVIDIA A100-SXM4-40GB MIG 4g.20gb (0),1,,13,cupy_copy__float32_float32
20553643347,3136,428014,103,1,1,128,1,1,16,0.000,0.000,,,,,NVIDIA A100-SXM4-40GB MIG 4g.20gb (0),1,,13,cupy_copy__complex64_complex64
20553648467,12416,428024,1434,1,1,128,1,1,16,0.000,0.000,,,,,NVIDIA A100-SXM4-40GB MIG 4g.20gb (0),1,,13,cupy_copy__complex64_complex64
20553664787,80927,428029,1,1,1,32,32,1,30,0.000,0.000,,,,,NVIDIA A100-SXM4-40GB MIG 4g.20gb (0),1,,13,"void convert_kernel<__half2, float2>(tensor_layout_any, T1 *, tensor_layout_any, const T2 *)"
20553776945,5760,428032,,,,,,,,,,0.094,16266.656,Pinned,Device,NVIDIA A100-SXM4-40GB MIG 4g.20gb (0),1,,13,[CUDA memcpy Host-to-Device]
20553843345,602393,428033,,,,,,,,,,456.561,757891.990,Device,,NVIDIA A100-SXM4-40GB MIG 4g.20gb (0),1,,13,[CUDA memset]
20554451018,51615,428038,,,,,,,,,,1.235,23925.805,Pinned,Device,NVIDIA A100-SXM4-40GB MIG 4g.20gb (0),1,,13,[CUDA memcpy Host-to-Device]
20554505225,9984,428039,,,,,,,,,,0.197,19692.257,Pinned,Device,NVIDIA A100-SXM4-40GB MIG 4g.20gb (0),1,,13,[CUDA memcpy Host-to-Device]
20554629864,15616,428040,69,4,1,48,1,1,76,0.002,0.000,,,,,NVIDIA A100-SXM4-40GB MIG 4g.20gb (0),1,,13,"void ch_est::windowedChEstPreNoDftSOfdmKernel<float, __half, float, (unsigned int)2, (unsigned int)1, (unsigned short)4>(ch_est::puschRxChEstStatDescr_t *, ch_est::puschRxChEstDynDescr_t *)"
20554705767,18336,428041,137,2,1,24,2,1,44,0.001,0.001,,,,,NVIDIA A100-SXM4-40GB MIG 4g.20gb (0),1,,13,"void ch_est::chEstFilterNoDftSOfdmDispatchKernel<float, __half, float, (unsigned int)2>(ch_est::puschRxChEstStatDescr_t *, ch_est::puschRxChEstDynDescr_t *)"
20554726855,5376,428042,137,2,1,24,2,1,44,0.001,0.001,,,,,NVIDIA A100-SXM4-40GB MIG 4g.20gb (0),1,,13,"void ch_est::chEstFilterNoDftSOfdmDispatchKernel<float, __half, float, (unsigned int)2>(ch_est::puschRxChEstStatDescr_t *, ch_est::puschRxChEstDynDescr_t *)"
20554734119,2592,428053,103,1,1,128,1,1,16,0.000,0.000,,,,,NVIDIA A100-SXM4-40GB MIG 4g.20gb (0),1,,13,cupy_copy__complex64_complex64
20554738215,13087,428063,1434,1,1,128,1,1,16,0.000,0.000,,,,,NVIDIA A100-SXM4-40GB MIG 4g.20gb (0),1,,13,cupy_copy__complex64_complex64
20554753734,2496,428070,103,1,1,128,1,1,16,0.000,0.000,,,,,NVIDIA A100-SXM4-40GB MIG 4g.20gb (0),1,,13,cupy_copy__complex64_complex64
20554758438,97183,428077,1,1,1,32,32,1,30,0.000,0.000,,,,,NVIDIA A100-SXM4-40GB MIG 4g.20gb (0),1,,13,"void convert_kernel<__half2, float2>(tensor_layout_any, T1 *, tensor_layout_any, const T2 *)"
20554885061,5920,428080,,,,,,,,,,0.094,15826.941,Pinned,Device,NVIDIA A100-SXM4-40GB MIG 4g.20gb (0),1,,13,[CUDA memcpy Host-to-Device]
20554930052,60544,428081,,,,,,,,,,35.810,591436.639,Device,,NVIDIA A100-SXM4-40GB MIG 4g.20gb (0),1,,13,[CUDA memset]
20554994692,2784,428083,,,,,,,,,,0.000,28.736,Pinned,Device,NVIDIA A100-SXM4-40GB MIG 4g.20gb (0),1,,13,[CUDA memcpy Host-to-Device]
20555000228,9472,428084,,,,,,,,,,0.197,20756.693,Pinned,Device,NVIDIA A100-SXM4-40GB MIG 4g.20gb (0),1,,13,[CUDA memcpy Host-to-Device]
20555044675,20192,428085,273,1,1,48,1,1,40,0.000,0.001,,,,,NVIDIA A100-SXM4-40GB MIG 4g.20gb (0),1,,13,"void pusch_noise_intf_est::noiseIntfEstNoDftSOfdmKernel<float, __half, float, float, (unsigned int)2, (unsigned int)1, (unsigned char)4, (unsigned char)4>(pusch_noise_intf_est::puschRxNoiseIntfEstDynDescr)"
20555118498,14624,428096,35,1,1,128,1,1,16,0.000,0.000,,,,,NVIDIA A100-SXM4-40GB MIG 4g.20gb (0),1,,13,cupy_copy__complex64_complex64
20555181890,6528,428105,1,1,1,1,1,1,18,0.000,0.000,,,,,NVIDIA A100-SXM4-40GB MIG 4g.20gb (0),1,,13,cupy_copy__float32_float32
20555199361,1600,428111,,,,,,,,,,0.000,2.500,Device,Pageable,NVIDIA A100-SXM4-40GB MIG 4g.20gb (0),1,,7,[CUDA memcpy Device-to-Host]
20555339104,19104,428122,1434,1,1,128,1,1,16,0.000,0.000,,,,,NVIDIA A100-SXM4-40GB MIG 4g.20gb (0),1,,13,cupy_copy__complex64_complex64
20555422719,10080,428129,103,1,1,128,1,1,16,0.000,0.000,,,,,NVIDIA A100-SXM4-40GB MIG 4g.20gb (0),1,,13,cupy_copy__complex64_complex64
20555602877,5152,428136,35,1,1,128,1,1,16,0.000,0.000,,,,,NVIDIA A100-SXM4-40GB MIG 4g.20gb (0),1,,13,cupy_copy__complex64_complex64
20555751803,5888,428143,1,1,1,1,1,1,18,0.000,0.000,,,,,NVIDIA A100-SXM4-40GB MIG 4g.20gb (0),1,,13,cupy_copy__float32_float32
20555970393,352604,428154,1,1,1,32,32,1,30,0.000,0.000,,,,,NVIDIA A100-SXM4-40GB MIG 4g.20gb (0),1,,13,"void convert_kernel<__half2, float2>(tensor_layout_any, T1 *, tensor_layout_any, const T2 *)"
20556354229,7647,428157,,,,,,,,,,0.094,12252.626,Pinned,Device,NVIDIA A100-SXM4-40GB MIG 4g.20gb (0),1,,13,[CUDA memcpy Host-to-Device]
20556421652,4544,428158,,,,,,,,,,1.547,340365.544,Device,,NVIDIA A100-SXM4-40GB MIG 4g.20gb (0),1,,13,[CUDA memset]
20556433108,4192,428163,,,,,,,,,,0.031,7465.630,Pinned,Device,NVIDIA A100-SXM4-40GB MIG 4g.20gb (0),1,,13,[CUDA memcpy Host-to-Device]
20556440500,9471,428164,,,,,,,,,,0.197,20758.856,Pinned,Device,NVIDIA A100-SXM4-40GB MIG 4g.20gb (0),1,,13,[CUDA memcpy Host-to-Device]
20556507347,13024,428165,273,1,1,8,4,1,39,0.002,0.000,,,,,NVIDIA A100-SXM4-40GB MIG 4g.20gb (0),1,,13,"void channel_eq::eqMmseCoefCompLowMimoKernel<float, float, float, (unsigned int)4, (unsigned int)1, (unsigned int)4>(const channel_eq::_puschRxChEqStatDescr *, channel_eq::_puschRxChEqCoefCompDynDescr)"
20556596658,14816,428166,273,1,1,12,11,1,51,0.002,0.000,,,,,NVIDIA A100-SXM4-40GB MIG 4g.20gb (0),1,,13,"void channel_eq::eqMmseSoftDemapKernel<float, __half, __half, float, (unsigned int)4, (unsigned short)16383>(channel_eq::_puschRxChEqStatDescr *, channel_eq::_puschRxChEqSoftDemapDynDescr)"
20556679729,909782,428167,1,1,1,32,32,1,30,0.000,0.000,,,,,NVIDIA A100-SXM4-40GB MIG 4g.20gb (0),1,,13,"void convert_kernel<float2, __half2>(tensor_layout_any, T1 *, tensor_layout_any, const T2 *)"
20557673798,13088,428179,2253,1,1,128,1,1,16,0.000,0.000,,,,,NVIDIA A100-SXM4-40GB MIG 4g.20gb (0),1,,13,cupy_copy__float16_float16
20557735717,5952,428188,282,1,1,128,1,1,16,0.000,0.000,,,,,NVIDIA A100-SXM4-40GB MIG 4g.20gb (0),1,,13,cupy_copy__complex64_complex64
20557793860,3488,428197,26,1,1,128,1,1,16,0.000,0.000,,,,,NVIDIA A100-SXM4-40GB MIG 4g.20gb (0),1,,13,cupy_copy__float32_float32
20557799364,3904,428206,103,1,1,128,1,1,16,0.000,0.000,,,,,NVIDIA A100-SXM4-40GB MIG 4g.20gb (0),1,,13,cupy_copy__complex64_complex64
20557853316,16832,428216,1434,1,1,128,1,1,16,0.000,0.000,,,,,NVIDIA A100-SXM4-40GB MIG 4g.20gb (0),1,,13,cupy_copy__complex64_complex64
20557922915,313021,428221,1,1,1,32,32,1,30,0.000,0.000,,,,,NVIDIA A100-SXM4-40GB MIG 4g.20gb (0),1,,13,"void convert_kernel<__half2, float2>(tensor_layout_any, T1 *, tensor_layout_any, const T2 *)"
20558265471,5568,428224,,,,,,,,,,0.094,16827.521,Pinned,Device,NVIDIA A100-SXM4-40GB MIG 4g.20gb (0),1,,13,[CUDA memcpy Host-to-Device]
20558275327,608985,428225,,,,,,,,,,456.561,749673.884,Device,,NVIDIA A100-SXM4-40GB MIG 4g.20gb (0),1,,13,[CUDA memset]
20558887000,50528,428230,,,,,,,,,,1.235,24440.777,Pinned,Device,NVIDIA A100-SXM4-40GB MIG 4g.20gb (0),1,,13,[CUDA memcpy Host-to-Device]
20558940504,9504,428231,,,,,,,,,,0.197,20686.701,Pinned,Device,NVIDIA A100-SXM4-40GB MIG 4g.20gb (0),1,,13,[CUDA memcpy Host-to-Device]
20559101718,10848,428232,69,4,1,48,1,1,76,0.002,0.000,,,,,NVIDIA A100-SXM4-40GB MIG 4g.20gb (0),1,,13,"void ch_est::windowedChEstPreNoDftSOfdmKernel<float, __half, float, (unsigned int)2, (unsigned int)1, (unsigned short)4>(ch_est::puschRxChEstStatDescr_t *, ch_est::puschRxChEstDynDescr_t *)"
20559280724,18272,428233,137,2,1,24,2,1,44,0.001,0.001,,,,,NVIDIA A100-SXM4-40GB MIG 4g.20gb (0),1,,13,"void ch_est::chEstFilterNoDftSOfdmDispatchKernel<float, __half, float, (unsigned int)2>(ch_est::puschRxChEstStatDescr_t *, ch_est::puschRxChEstDynDescr_t *)"
20559315636,11295,428234,137,2,1,24,2,1,44,0.001,0.001,,,,,NVIDIA A100-SXM4-40GB MIG 4g.20gb (0),1,,13,"void ch_est::chEstFilterNoDftSOfdmDispatchKernel<float, __half, float, (unsigned int)2>(ch_est::puschRxChEstStatDescr_t *, ch_est::puschRxChEstDynDescr_t *)"
20559329075,3744,428245,103,1,1,128,1,1,16,0.000,0.000,,,,,NVIDIA A100-SXM4-40GB MIG 4g.20gb (0),1,,13,cupy_copy__complex64_complex64
20559539953,23648,428255,1434,1,1,128,1,1,16,0.000,0.000,,,,,NVIDIA A100-SXM4-40GB MIG 4g.20gb (0),1,,13,cupy_copy__complex64_complex64
20559751407,5216,428262,103,1,1,128,1,1,16,0.000,0.000,,,,,NVIDIA A100-SXM4-40GB MIG 4g.20gb (0),1,,13,cupy_copy__complex64_complex64
20559955468,288541,428269,1,1,1,32,32,1,30,0.000,0.000,,,,,NVIDIA A100-SXM4-40GB MIG 4g.20gb (0),1,,13,"void convert_kernel<__half2, float2>(tensor_layout_any, T1 *, tensor_layout_any, const T2 *)"
20560276009,6112,428272,,,,,,,,,,0.094,15329.790,Pinned,Device,NVIDIA A100-SXM4-40GB MIG 4g.20gb (0),1,,13,[CUDA memcpy Host-to-Device]
20560362824,56767,428273,,,,,,,,,,35.810,630791.741,Device,,NVIDIA A100-SXM4-40GB MIG 4g.20gb (0),1,,13,[CUDA memset]
20560427655,2304,428275,,,,,,,,,,0.000,34.722,Pinned,Device,NVIDIA A100-SXM4-40GB MIG 4g.20gb (0),1,,13,[CUDA memcpy Host-to-Device]
20560432839,10752,428276,,,,,,,,,,0.197,18285.527,Pinned,Device,NVIDIA A100-SXM4-40GB MIG 4g.20gb (0),1,,13,[CUDA memcpy Host-to-Device]
20560632165,18304,428277,273,1,1,48,1,1,40,0.000,0.001,,,,,NVIDIA A100-SXM4-40GB MIG 4g.20gb (0),1,,13,"void pusch_noise_intf_est::noiseIntfEstNoDftSOfdmKernel<float, __half, float, float, (unsigned int)2, (unsigned int)1, (unsigned char)4, (unsigned char)4>(pusch_noise_intf_est::puschRxNoiseIntfEstDynDescr)"
20560903746,9760,428288,35,1,1,128,1,1,16,0.000,0.000,,,,,NVIDIA A100-SXM4-40GB MIG 4g.20gb (0),1,,13,cupy_copy__complex64_complex64
20561067648,6464,428297,1,1,1,1,1,1,18,0.000,0.000,,,,,NVIDIA A100-SXM4-40GB MIG 4g.20gb (0),1,,13,cupy_copy__float32_float32
20561078144,4672,428303,,,,,,,,,,0.000,0.856,Device,Pageable,NVIDIA A100-SXM4-40GB MIG 4g.20gb (0),1,,7,[CUDA memcpy Device-to-Host]
20561201886,21792,428314,1434,1,1,128,1,1,16,0.000,0.000,,,,,NVIDIA A100-SXM4-40GB MIG 4g.20gb (0),1,,13,cupy_copy__complex64_complex64
20561225950,3488,428321,103,1,1,128,1,1,16,0.000,0.000,,,,,NVIDIA A100-SXM4-40GB MIG 4g.20gb (0),1,,13,cupy_copy__complex64_complex64
20561326333,6560,428328,35,1,1,128,1,1,16,0.000,0.000,,,,,NVIDIA A100-SXM4-40GB MIG 4g.20gb (0),1,,13,cupy_copy__complex64_complex64
20561363517,8000,428335,1,1,1,1,1,1,18,0.000,0.000,,,,,NVIDIA A100-SXM4-40GB MIG 4g.20gb (0),1,,13,cupy_copy__float32_float32
20561372765,365499,428346,1,1,1,32,32,1,30,0.000,0.000,,,,,NVIDIA A100-SXM4-40GB MIG 4g.20gb (0),1,,13,"void convert_kernel<__half2, float2>(tensor_layout_any, T1 *, tensor_layout_any, const T2 *)"
20561769496,5376,428349,,,,,,,,,,0.094,17428.487,Pinned,Device,NVIDIA A100-SXM4-40GB MIG 4g.20gb (0),1,,13,[CUDA memcpy Host-to-Device]
20561838199,6560,428350,,,,,,,,,,1.547,235765.816,Device,,NVIDIA A100-SXM4-40GB MIG 4g.20gb (0),1,,13,[CUDA memset]
20561847543,3072,428355,,,,,,,,,,0.031,10187.474,Pinned,Device,NVIDIA A100-SXM4-40GB MIG 4g.20gb (0),1,,13,[CUDA memcpy Host-to-Device]
20561853047,9824,428356,,,,,,,,,,0.197,20012.925,Pinned,Device,NVIDIA A100-SXM4-40GB MIG 4g.20gb (0),1,,13,[CUDA memcpy Host-to-Device]
20561900759,11008,428357,273,1,1,8,4,1,39,0.002,0.000,,,,,NVIDIA A100-SXM4-40GB MIG 4g.20gb (0),1,,13,"void channel_eq::eqMmseCoefCompLowMimoKernel<float, float, float, (unsigned int)4, (unsigned int)1, (unsigned int)4>(const channel_eq::_puschRxChEqStatDescr *, channel_eq::_puschRxChEqCoefCompDynDescr)"
20561960342,18304,428358,273,1,1,12,11,1,51,0.002,0.000,,,,,NVIDIA A100-SXM4-40GB MIG 4g.20gb (0),1,,13,"void channel_eq::eqMmseSoftDemapKernel<float, __half, __half, float, (unsigned int)4, (unsigned short)16383>(channel_eq::_puschRxChEqStatDescr *, channel_eq::_puschRxChEqSoftDemapDynDescr)"
20562075541,791863,428359,1,1,1,32,32,1,30,0.000,0.000,,,,,NVIDIA A100-SXM4-40GB MIG 4g.20gb (0),1,,13,"void convert_kernel<float2, __half2>(tensor_layout_any, T1 *, tensor_layout_any, const T2 *)"
20562922379,13792,428371,2253,1,1,128,1,1,16,0.000,0.000,,,,,NVIDIA A100-SXM4-40GB MIG 4g.20gb (0),1,,13,cupy_copy__float16_float16
20563017322,4864,428380,282,1,1,128,1,1,16,0.000,0.000,,,,,NVIDIA A100-SXM4-40GB MIG 4g.20gb (0),1,,13,cupy_copy__complex64_complex64
20563025674,4160,428389,26,1,1,128,1,1,16,0.000,0.000,,,,,NVIDIA A100-SXM4-40GB MIG 4g.20gb (0),1,,13,cupy_copy__float32_float32
20563031850,3328,428398,103,1,1,128,1,1,16,0.000,0.000,,,,,NVIDIA A100-SXM4-40GB MIG 4g.20gb (0),1,,13,cupy_copy__complex64_complex64
20563037354,12704,428408,1434,1,1,128,1,1,16,0.000,0.000,,,,,NVIDIA A100-SXM4-40GB MIG 4g.20gb (0),1,,13,cupy_copy__complex64_complex64
20563051434,154878,428413,1,1,1,32,32,1,30,0.000,0.000,,,,,NVIDIA A100-SXM4-40GB MIG 4g.20gb (0),1,,13,"void convert_kernel<__half2, float2>(tensor_layout_any, T1 *, tensor_layout_any, const T2 *)"
20563239784,8608,428416,,,,,,,,,,0.094,10884.758,Pinned,Device,NVIDIA A100-SXM4-40GB MIG 4g.20gb (0),1,,13,[CUDA memcpy Host-to-Device]
20563252488,599705,428417,,,,,,,,,,456.561,761087.920,Device,,NVIDIA A100-SXM4-40GB MIG 4g.20gb (0),1,,13,[CUDA memset]
20563861217,55391,428422,,,,,,,,,,1.235,22294.444,Pinned,Device,NVIDIA A100-SXM4-40GB MIG 4g.20gb (0),1,,13,[CUDA memcpy Host-to-Device]
20563919392,11840,428423,,,,,,,,,,0.197,16605.315,Pinned,Device,NVIDIA A100-SXM4-40GB MIG 4g.20gb (0),1,,13,[CUDA memcpy Host-to-Device]
20563939232,7968,428424,69,4,1,48,1,1,76,0.002,0.000,,,,,NVIDIA A100-SXM4-40GB MIG 4g.20gb (0),1,,13,"void ch_est::windowedChEstPreNoDftSOfdmKernel<float, __half, float, (unsigned int)2, (unsigned int)1, (unsigned short)4>(ch_est::puschRxChEstStatDescr_t *, ch_est::puschRxChEstDynDescr_t *)"
20564027903,8864,428425,137,2,1,24,2,1,44,0.001,0.001,,,,,NVIDIA A100-SXM4-40GB MIG 4g.20gb (0),1,,13,"void ch_est::chEstFilterNoDftSOfdmDispatchKernel<float, __half, float, (unsigned int)2>(ch_est::puschRxChEstStatDescr_t *, ch_est::puschRxChEstDynDescr_t *)"
20564121246,10656,428426,137,2,1,24,2,1,44,0.001,0.001,,,,,NVIDIA A100-SXM4-40GB MIG 4g.20gb (0),1,,13,"void ch_est::chEstFilterNoDftSOfdmDispatchKernel<float, __half, float, (unsigned int)2>(ch_est::puschRxChEstStatDescr_t *, ch_est::puschRxChEstDynDescr_t *)"
20564216797,6112,428437,103,1,1,128,1,1,16,0.000,0.000,,,,,NVIDIA A100-SXM4-40GB MIG 4g.20gb (0),1,,13,cupy_copy__complex64_complex64
20564342075,17504,428447,1434,1,1,128,1,1,16,0.000,0.000,,,,,NVIDIA A100-SXM4-40GB MIG 4g.20gb (0),1,,13,cupy_copy__complex64_complex64
20564400827,12288,428454,103,1,1,128,1,1,16,0.000,0.000,,,,,NVIDIA A100-SXM4-40GB MIG 4g.20gb (0),1,,13,cupy_copy__complex64_complex64
20564490202,396635,428461,1,1,1,32,32,1,30,0.000,0.000,,,,,NVIDIA A100-SXM4-40GB MIG 4g.20gb (0),1,,13,"void convert_kernel<__half2, float2>(tensor_layout_any, T1 *, tensor_layout_any, const T2 *)"
20564919797,5632,428464,,,,,,,,,,0.094,16636.287,Pinned,Device,NVIDIA A100-SXM4-40GB MIG 4g.20gb (0),1,,13,[CUDA memcpy Host-to-Device]
20564931285,51167,428465,,,,,,,,,,35.810,699833.267,Device,,NVIDIA A100-SXM4-40GB MIG 4g.20gb (0),1,,13,[CUDA memset]
20564990292,2464,428467,,,,,,,,,,0.000,32.468,Pinned,Device,NVIDIA A100-SXM4-40GB MIG 4g.20gb (0),1,,13,[CUDA memcpy Host-to-Device]
20564995412,9920,428468,,,,,,,,,,0.197,19819.266,Pinned,Device,NVIDIA A100-SXM4-40GB MIG 4g.20gb (0),1,,13,[CUDA memcpy Host-to-Device]
20565020436,15040,428469,273,1,1,48,1,1,40,0.000,0.001,,,,,NVIDIA A100-SXM4-40GB MIG 4g.20gb (0),1,,13,"void pusch_noise_intf_est::noiseIntfEstNoDftSOfdmKernel<float, __half, float, float, (unsigned int)2, (unsigned int)1, (unsigned char)4, (unsigned char)4>(pusch_noise_intf_est::puschRxNoiseIntfEstDynDescr)"
20565075315,6848,428480,35,1,1,128,1,1,16,0.000,0.000,,,,,NVIDIA A100-SXM4-40GB MIG 4g.20gb (0),1,,13,cupy_copy__complex64_complex64
20565084243,3200,428489,1,1,1,1,1,1,18,0.000,0.000,,,,,NVIDIA A100-SXM4-40GB MIG 4g.20gb (0),1,,13,cupy_copy__float32_float32
20565095475,1600,428495,,,,,,,,,,0.000,2.500,Device,Pageable,NVIDIA A100-SXM4-40GB MIG 4g.20gb (0),1,,7,[CUDA memcpy Device-to-Host]
20565174674,21504,428506,1434,1,1,128,1,1,16,0.000,0.000,,,,,NVIDIA A100-SXM4-40GB MIG 4g.20gb (0),1,,13,cupy_copy__complex64_complex64
20565235729,8320,428513,103,1,1,128,1,1,16,0.000,0.000,,,,,NVIDIA A100-SXM4-40GB MIG 4g.20gb (0),1,,13,cupy_copy__complex64_complex64
20565246737,3200,428520,35,1,1,128,1,1,16,0.000,0.000,,,,,NVIDIA A100-SXM4-40GB MIG 4g.20gb (0),1,,13,cupy_copy__complex64_complex64
20565288401,6336,428527,1,1,1,1,1,1,18,0.000,0.000,,,,,NVIDIA A100-SXM4-40GB MIG 4g.20gb (0),1,,13,cupy_copy__float32_float32
20565378736,291773,428538,1,1,1,32,32,1,30,0.000,0.000,,,,,NVIDIA A100-SXM4-40GB MIG 4g.20gb (0),1,,13,"void convert_kernel<__half2, float2>(tensor_layout_any, T1 *, tensor_layout_any, const T2 *)"
20565700620,5984,428541,,,,,,,,,,0.094,15657.726,Pinned,Device,NVIDIA A100-SXM4-40GB MIG 4g.20gb (0),1,,13,[CUDA memcpy Host-to-Device]
20565753100,5728,428542,,,,,,,,,,1.547,270011.165,Device,,NVIDIA A100-SXM4-40GB MIG 4g.20gb (0),1,,13,[CUDA memset]
20565763340,3296,428547,,,,,,,,,,0.031,9495.144,Pinned,Device,NVIDIA A100-SXM4-40GB MIG 4g.20gb (0),1,,13,[CUDA memcpy Host-to-Device]
20565770284,12799,428548,,,,,,,,,,0.197,15361.180,Pinned,Device,NVIDIA A100-SXM4-40GB MIG 4g.20gb (0),1,,13,[CUDA memcpy Host-to-Device]
20565920458,23936,428549,273,1,1,8,4,1,39,0.002,0.000,,,,,NVIDIA A100-SXM4-40GB MIG 4g.20gb (0),1,,13,"void channel_eq::eqMmseCoefCompLowMimoKernel<float, float, float, (unsigned int)4, (unsigned int)1, (unsigned int)4>(const channel_eq::_puschRxChEqStatDescr *, channel_eq::_puschRxChEqCoefCompDynDescr)"
20566083112,16256,428550,273,1,1,12,11,1,51,0.002,0.000,,,,,NVIDIA A100-SXM4-40GB MIG 4g.20gb (0),1,,13,"void channel_eq::eqMmseSoftDemapKernel<float, __half, __half, float, (unsigned int)4, (unsigned short)16383>(channel_eq::_puschRxChEqStatDescr *, channel_eq::_puschRxChEqSoftDemapDynDescr)"
20566244326,679001,428551,1,1,1,32,32,1,30,0.000,0.000,,,,,NVIDIA A100-SXM4-40GB MIG 4g.20gb (0),1,,13,"void convert_kernel<float2, __half2>(tensor_layout_any, T1 *, tensor_layout_any, const T2 *)"
20566966046,14912,428563,2253,1,1,128,1,1,16,0.000,0.000,,,,,NVIDIA A100-SXM4-40GB MIG 4g.20gb (0),1,,13,cupy_copy__float16_float16
20567043933,4928,428572,282,1,1,128,1,1,16,0.000,0.000,,,,,NVIDIA A100-SXM4-40GB MIG 4g.20gb (0),1,,13,cupy_copy__complex64_complex64
20567051613,2272,428581,26,1,1,128,1,1,16,0.000,0.000,,,,,NVIDIA A100-SXM4-40GB MIG 4g.20gb (0),1,,13,cupy_copy__float32_float32
20567115165,9119,428590,103,1,1,128,1,1,16,0.000,0.000,,,,,NVIDIA A100-SXM4-40GB MIG 4g.20gb (0),1,,13,cupy_copy__complex64_complex64
20567126492,14464,428600,1434,1,1,128,1,1,16,0.000,0.000,,,,,NVIDIA A100-SXM4-40GB MIG 4g.20gb (0),1,,13,cupy_copy__complex64_complex64
20567149916,90303,428605,1,1,1,32,32,1,30,0.000,0.000,,,,,NVIDIA A100-SXM4-40GB MIG 4g.20gb (0),1,,13,"void convert_kernel<__half2, float2>(tensor_layout_any, T1 *, tensor_layout_any, const T2 *)"
20567270043,5600,428608,,,,,,,,,,0.094,16731.388,Pinned,Device,NVIDIA A100-SXM4-40GB MIG 4g.20gb (0),1,,13,[CUDA memcpy Host-to-Device]
20567280891,604025,428609,,,,,,,,,,456.561,755609.183,Device,,NVIDIA A100-SXM4-40GB MIG 4g.20gb (0),1,,13,[CUDA memset]
20567893172,50079,428614,,,,,,,,,,1.235,24659.362,Pinned,Device,NVIDIA A100-SXM4-40GB MIG 4g.20gb (0),1,,13,[CUDA memcpy Host-to-Device]
20567946483,10048,428615,,,,,,,,,,0.197,19566.821,Pinned,Device,NVIDIA A100-SXM4-40GB MIG 4g.20gb (0),1,,13,[CUDA memcpy Host-to-Device]
20567961715,8128,428616,69,4,1,48,1,1,76,0.002,0.000,,,,,NVIDIA A100-SXM4-40GB MIG 4g.20gb (0),1,,13,"void ch_est::windowedChEstPreNoDftSOfdmKernel<float, __half, float, (unsigned int)2, (unsigned int)1, (unsigned short)4>(ch_est::puschRxChEstStatDescr_t *, ch_est::puschRxChEstDynDescr_t *)"
20567971347,6400,428617,137,2,1,24,2,1,44,0.001,0.001,,,,,NVIDIA A100-SXM4-40GB MIG 4g.20gb (0),1,,13,"void ch_est::chEstFilterNoDftSOfdmDispatchKernel<float, __half, float, (unsigned int)2>(ch_est::puschRxChEstStatDescr_t *, ch_est::puschRxChEstDynDescr_t *)"
20567979987,4768,428618,137,2,1,24,2,1,44,0.001,0.001,,,,,NVIDIA A100-SXM4-40GB MIG 4g.20gb (0),1,,13,"void ch_est::chEstFilterNoDftSOfdmDispatchKernel<float, __half, float, (unsigned int)2>(ch_est::puschRxChEstStatDescr_t *, ch_est::puschRxChEstDynDescr_t *)"
20567986451,2560,428629,103,1,1,128,1,1,16,0.000,0.000,,,,,NVIDIA A100-SXM4-40GB MIG 4g.20gb (0),1,,13,cupy_copy__complex64_complex64
20567990451,12672,428639,1434,1,1,128,1,1,16,0.000,0.000,,,,,NVIDIA A100-SXM4-40GB MIG 4g.20gb (0),1,,13,cupy_copy__complex64_complex64
20568005043,2496,428646,103,1,1,128,1,1,16,0.000,0.000,,,,,NVIDIA A100-SXM4-40GB MIG 4g.20gb (0),1,,13,cupy_copy__complex64_complex64
20568009139,218141,428653,1,1,1,32,32,1,30,0.000,0.000,,,,,NVIDIA A100-SXM4-40GB MIG 4g.20gb (0),1,,13,"void convert_kernel<__half2, float2>(tensor_layout_any, T1 *, tensor_layout_any, const T2 *)"
20568258736,5824,428656,,,,,,,,,,0.094,16087.884,Pinned,Device,NVIDIA A100-SXM4-40GB MIG 4g.20gb (0),1,,13,[CUDA memcpy Host-to-Device]
20568271952,45439,428657,,,,,,,,,,35.810,788068.909,Device,,NVIDIA A100-SXM4-40GB MIG 4g.20gb (0),1,,13,[CUDA memset]
20568324367,2624,428659,,,,,,,,,,0.000,30.488,Pinned,Device,NVIDIA A100-SXM4-40GB MIG 4g.20gb (0),1,,13,[CUDA memcpy Host-to-Device]
20568329807,9696,428660,,,,,,,,,,0.197,20277.166,Pinned,Device,NVIDIA A100-SXM4-40GB MIG 4g.20gb (0),1,,13,[CUDA memcpy Host-to-Device]
20568419726,45823,428661,273,1,1,48,1,1,40,0.000,0.001,,,,,NVIDIA A100-SXM4-40GB MIG 4g.20gb (0),1,,13,"void pusch_noise_intf_est::noiseIntfEstNoDftSOfdmKernel<float, __half, float, float, (unsigned int)2, (unsigned int)1, (unsigned char)4, (unsigned char)4>(pusch_noise_intf_est::puschRxNoiseIntfEstDynDescr)"
20568548013,6815,428672,35,1,1,128,1,1,16,0.000,0.000,,,,,NVIDIA A100-SXM4-40GB MIG 4g.20gb (0),1,,13,cupy_copy__complex64_complex64
20568672555,2784,428681,1,1,1,1,1,1,18,0.000,0.000,,,,,NVIDIA A100-SXM4-40GB MIG 4g.20gb (0),1,,13,cupy_copy__float32_float32
20568683147,3072,428687,,,,,,,,,,0.000,1.302,Device,Pageable,NVIDIA A100-SXM4-40GB MIG 4g.20gb (0),1,,7,[CUDA memcpy Device-to-Host]
20568796618,17568,428698,1434,1,1,128,1,1,16,0.000,0.000,,,,,NVIDIA A100-SXM4-40GB MIG 4g.20gb (0),1,,13,cupy_copy__complex64_complex64
20568926856,4224,428705,103,1,1,128,1,1,16,0.000,0.000,,,,,NVIDIA A100-SXM4-40GB MIG 4g.20gb (0),1,,13,cupy_copy__complex64_complex64
20568978856,9760,428712,35,1,1,128,1,1,16,0.000,0.000,,,,,NVIDIA A100-SXM4-40GB MIG 4g.20gb (0),1,,13,cupy_copy__complex64_complex64
20569048967,2592,428719,1,1,1,1,1,1,18,0.000,0.000,,,,,NVIDIA A100-SXM4-40GB MIG 4g.20gb (0),1,,13,cupy_copy__float32_float32
20569101062,424284,428730,1,1,1,32,32,1,30,0.000,0.000,,,,,NVIDIA A100-SXM4-40GB MIG 4g.20gb (0),1,,13,"void convert_kernel<__half2, float2>(tensor_layout_any, T1 *, tensor_layout_any, const T2 *)"
20569554913,6656,428733,,,,,,,,,,0.094,14076.887,Pinned,Device,NVIDIA A100-SXM4-40GB MIG 4g.20gb (0),1,,13,[CUDA memcpy Host-to-Device]
20569586753,5248,428734,,,,,,,,,,1.547,294706.110,Device,,NVIDIA A100-SXM4-40GB MIG 4g.20gb (0),1,,13,[CUDA memset]
20569596065,3072,428739,,,,,,,,,,0.031,10187.474,Pinned,Device,NVIDIA A100-SXM4-40GB MIG 4g.20gb (0),1,,13,[CUDA memcpy Host-to-Device]
20569601889,9600,428740,,,,,,,,,,0.197,20479.869,Pinned,Device,NVIDIA A100-SXM4-40GB MIG 4g.20gb (0),1,,13,[CUDA memcpy Host-to-Device]
20569675808,18784,428741,273,1,1,8,4,1,39,0.002,0.000,,,,,NVIDIA A100-SXM4-40GB MIG 4g.20gb (0),1,,13,"void channel_eq::eqMmseCoefCompLowMimoKernel<float, float, float, (unsigned int)4, (unsigned int)1, (unsigned int)4>(const channel_eq::_puschRxChEqStatDescr *, channel_eq::_puschRxChEqCoefCompDynDescr)"
20569723519,18816,428742,273,1,1,12,11,1,51,0.002,0.000,,,,,NVIDIA A100-SXM4-40GB MIG 4g.20gb (0),1,,13,"void channel_eq::eqMmseSoftDemapKernel<float, __half, __half, float, (unsigned int)4, (unsigned short)16383>(channel_eq::_puschRxChEqStatDescr *, channel_eq::_puschRxChEqSoftDemapDynDescr)"
20569859902,777271,428743,1,1,1,32,32,1,30,0.000,0.000,,,,,NVIDIA A100-SXM4-40GB MIG 4g.20gb (0),1,,13,"void convert_kernel<float2, __half2>(tensor_layout_any, T1 *, tensor_layout_any, const T2 *)"
20570648885,14240,428755,2253,1,1,128,1,1,16,0.000,0.000,,,,,NVIDIA A100-SXM4-40GB MIG 4g.20gb (0),1,,13,cupy_copy__float16_float16
20570664981,3904,428764,282,1,1,128,1,1,16,0.000,0.000,,,,,NVIDIA A100-SXM4-40GB MIG 4g.20gb (0),1,,13,cupy_copy__complex64_complex64
20570729108,3232,428773,26,1,1,128,1,1,16,0.000,0.000,,,,,NVIDIA A100-SXM4-40GB MIG 4g.20gb (0),1,,13,cupy_copy__float32_float32
20570734772,3168,428782,103,1,1,128,1,1,16,0.000,0.000,,,,,NVIDIA A100-SXM4-40GB MIG 4g.20gb (0),1,,13,cupy_copy__complex64_complex64
20570797939,15584,428792,1434,1,1,128,1,1,16,0.000,0.000,,,,,NVIDIA A100-SXM4-40GB MIG 4g.20gb (0),1,,13,cupy_copy__complex64_complex64
20570815379,115807,428797,1,1,1,32,32,1,30,0.000,0.000,,,,,NVIDIA A100-SXM4-40GB MIG 4g.20gb (0),1,,13,"void convert_kernel<__half2, float2>(tensor_layout_any, T1 *, tensor_layout_any, const T2 *)"
20570961970,5376,428800,,,,,,,,,,0.094,17428.487,Pinned,Device,NVIDIA A100-SXM4-40GB MIG 4g.20gb (0),1,,13,[CUDA memcpy Host-to-Device]
20571024273,597273,428801,,,,,,,,,,456.561,764283.851,Device,,NVIDIA A100-SXM4-40GB MIG 4g.20gb (0),1,,13,[CUDA memset]
20571626634,49952,428806,,,,,,,,,,1.235,24722.344,Pinned,Device,NVIDIA A100-SXM4-40GB MIG 4g.20gb (0),1,,13,[CUDA memcpy Host-to-Device]
20571679178,9568,428807,,,,,,,,,,0.197,20548.485,Pinned,Device,NVIDIA A100-SXM4-40GB MIG 4g.20gb (0),1,,13,[CUDA memcpy Host-to-Device]
20571765001,16287,428808,69,4,1,48,1,1,76,0.002,0.000,,,,,NVIDIA A100-SXM4-40GB MIG 4g.20gb (0),1,,13,"void ch_est::windowedChEstPreNoDftSOfdmKernel<float, __half, float, (unsigned int)2, (unsigned int)1, (unsigned short)4>(ch_est::puschRxChEstStatDescr_t *, ch_est::puschRxChEstDynDescr_t *)"
20571783528,6560,428809,137,2,1,24,2,1,44,0.001,0.001,,,,,NVIDIA A100-SXM4-40GB MIG 4g.20gb (0),1,,13,"void ch_est::chEstFilterNoDftSOfdmDispatchKernel<float, __half, float, (unsigned int)2>(ch_est::puschRxChEstStatDescr_t *, ch_est::puschRxChEstDynDescr_t *)"
20571792072,4768,428810,137,2,1,24,2,1,44,0.001,0.001,,,,,NVIDIA A100-SXM4-40GB MIG 4g.20gb (0),1,,13,"void ch_est::chEstFilterNoDftSOfdmDispatchKernel<float, __half, float, (unsigned int)2>(ch_est::puschRxChEstStatDescr_t *, ch_est::puschRxChEstDynDescr_t *)"
20571798280,2560,428821,103,1,1,128,1,1,16,0.000,0.000,,,,,NVIDIA A100-SXM4-40GB MIG 4g.20gb (0),1,,13,cupy_copy__complex64_complex64
20571802632,12896,428831,1434,1,1,128,1,1,16,0.000,0.000,,,,,NVIDIA A100-SXM4-40GB MIG 4g.20gb (0),1,,13,cupy_copy__complex64_complex64
20571817576,2496,428838,103,1,1,128,1,1,16,0.000,0.000,,,,,NVIDIA A100-SXM4-40GB MIG 4g.20gb (0),1,,13,cupy_copy__complex64_complex64
20571821288,81119,428845,1,1,1,32,32,1,30,0.000,0.000,,,,,NVIDIA A100-SXM4-40GB MIG 4g.20gb (0),1,,13,"void convert_kernel<__half2, float2>(tensor_layout_any, T1 *, tensor_layout_any, const T2 *)"
20571931623,5376,428848,,,,,,,,,,0.094,17428.487,Pinned,Device,NVIDIA A100-SXM4-40GB MIG 4g.20gb (0),1,,13,[CUDA memcpy Host-to-Device]
20571944583,45023,428849,,,,,,,,,,35.810,795338.323,Device,,NVIDIA A100-SXM4-40GB MIG 4g.20gb (0),1,,13,[CUDA memset]
20571998758,1792,428851,,,,,,,,,,0.000,44.643,Pinned,Device,NVIDIA A100-SXM4-40GB MIG 4g.20gb (0),1,,13,[CUDA memcpy Host-to-Device]
20572002982,10592,428852,,,,,,,,,,0.197,18561.761,Pinned,Device,NVIDIA A100-SXM4-40GB MIG 4g.20gb (0),1,,13,[CUDA memcpy Host-to-Device]
20572017798,8832,428853,273,1,1,48,1,1,40,0.000,0.001,,,,,NVIDIA A100-SXM4-40GB MIG 4g.20gb (0),1,,13,"void pusch_noise_intf_est::noiseIntfEstNoDftSOfdmKernel<float, __half, float, float, (unsigned int)2, (unsigned int)1, (unsigned char)4, (unsigned char)4>(pusch_noise_intf_est::puschRxNoiseIntfEstDynDescr)"
20572088741,3712,428864,35,1,1,128,1,1,16,0.000,0.000,,,,,NVIDIA A100-SXM4-40GB MIG 4g.20gb (0),1,,13,cupy_copy__complex64_complex64
20572094597,3520,428873,1,1,1,1,1,1,18,0.000,0.000,,,,,NVIDIA A100-SXM4-40GB MIG 4g.20gb (0),1,,13,cupy_copy__float32_float32
20572102917,1600,428879,,,,,,,,,,0.000,2.500,Device,Pageable,NVIDIA A100-SXM4-40GB MIG 4g.20gb (0),1,,7,[CUDA memcpy Device-to-Host]
20572164900,12864,428890,1434,1,1,128,1,1,16,0.000,0.000,,,,,NVIDIA A100-SXM4-40GB MIG 4g.20gb (0),1,,13,cupy_copy__complex64_complex64
20572190052,3200,428897,103,1,1,128,1,1,16,0.000,0.000,,,,,NVIDIA A100-SXM4-40GB MIG 4g.20gb (0),1,,13,cupy_copy__complex64_complex64
20572210180,2400,428904,35,1,1,128,1,1,16,0.000,0.000,,,,,NVIDIA A100-SXM4-40GB MIG 4g.20gb (0),1,,13,cupy_copy__complex64_complex64
20572272931,2080,428911,1,1,1,1,1,1,18,0.000,0.000,,,,,NVIDIA A100-SXM4-40GB MIG 4g.20gb (0),1,,13,cupy_copy__float32_float32
20572444705,435675,428922,1,1,1,32,32,1,30,0.000,0.000,,,,,NVIDIA A100-SXM4-40GB MIG 4g.20gb (0),1,,13,"void convert_kernel<__half2, float2>(tensor_layout_any, T1 *, tensor_layout_any, const T2 *)"
20572912572,7456,428925,,,,,,,,,,0.094,12566.508,Pinned,Device,NVIDIA A100-SXM4-40GB MIG 4g.20gb (0),1,,13,[CUDA memcpy Host-to-Device]
20573000059,4608,428926,,,,,,,,,,1.547,335637.514,Device,,NVIDIA A100-SXM4-40GB MIG 4g.20gb (0),1,,13,[CUDA memset]
20573012827,3392,428931,,,,,,,,,,0.031,9226.405,Pinned,Device,NVIDIA A100-SXM4-40GB MIG 4g.20gb (0),1,,13,[CUDA memcpy Host-to-Device]
20573020923,10816,428932,,,,,,,,,,0.197,18177.393,Pinned,Device,NVIDIA A100-SXM4-40GB MIG 4g.20gb (0),1,,13,[CUDA memcpy Host-to-Device]
20573126585,22176,428933,273,1,1,8,4,1,39,0.002,0.000,,,,,NVIDIA A100-SXM4-40GB MIG 4g.20gb (0),1,,13,"void channel_eq::eqMmseCoefCompLowMimoKernel<float, float, float, (unsigned int)4, (unsigned int)1, (unsigned int)4>(const channel_eq::_puschRxChEqStatDescr *, channel_eq::_puschRxChEqCoefCompDynDescr)"
20573249464,8768,428934,273,1,1,12,11,1,51,0.002,0.000,,,,,NVIDIA A100-SXM4-40GB MIG 4g.20gb (0),1,,13,"void channel_eq::eqMmseSoftDemapKernel<float, __half, __half, float, (unsigned int)4, (unsigned short)16383>(channel_eq::_puschRxChEqStatDescr *, channel_eq::_puschRxChEqSoftDemapDynDescr)"
20573381239,1013044,428935,1,1,1,32,32,1,30,0.000,0.000,,,,,NVIDIA A100-SXM4-40GB MIG 4g.20gb (0),1,,13,"void convert_kernel<float2, __half2>(tensor_layout_any, T1 *, tensor_layout_any, const T2 *)"
20574396427,12512,428947,2253,1,1,128,1,1,16,0.000,0.000,,,,,NVIDIA A100-SXM4-40GB MIG 4g.20gb (0),1,,13,cupy_copy__float16_float16
20574449899,6816,428956,282,1,1,128,1,1,16,0.000,0.000,,,,,NVIDIA A100-SXM4-40GB MIG 4g.20gb (0),1,,13,cupy_copy__complex64_complex64
20574459531,2880,428965,26,1,1,128,1,1,16,0.000,0.000,,,,,NVIDIA A100-SXM4-40GB MIG 4g.20gb (0),1,,13,cupy_copy__float32_float32
20574510954,7872,428974,103,1,1,128,1,1,16,0.000,0.000,,,,,NVIDIA A100-SXM4-40GB MIG 4g.20gb (0),1,,13,cupy_copy__complex64_complex64
20574670376,19552,428990,1434,1,1,128,1,1,16,0.000,0.000,,,,,NVIDIA A100-SXM4-40GB MIG 4g.20gb (0),1,,13,cupy_copy__complex64_complex64
20574845254,266781,428995,1,1,1,32,32,1,30,0.000,0.000,,,,,NVIDIA A100-SXM4-40GB MIG 4g.20gb (0),1,,13,"void convert_kernel<__half2, float2>(tensor_layout_any, T1 *, tensor_layout_any, const T2 *)"
20575141635,5856,428998,,,,,,,,,,0.094,15999.997,Pinned,Device,NVIDIA A100-SXM4-40GB MIG 4g.20gb (0),1,,13,[CUDA memcpy Host-to-Device]
20575206370,612473,428999,,,,,,,,,,456.561,745108.270,Device,,NVIDIA A100-SXM4-40GB MIG 4g.20gb (0),1,,13,[CUDA memset]
20575825275,52192,429004,,,,,,,,,,1.235,23661.527,Pinned,Device,NVIDIA A100-SXM4-40GB MIG 4g.20gb (0),1,,13,[CUDA memcpy Host-to-Device]
20575880155,10080,429005,,,,,,,,,,0.197,19504.693,Pinned,Device,NVIDIA A100-SXM4-40GB MIG 4g.20gb (0),1,,13,[CUDA memcpy Host-to-Device]
20575966874,16032,429006,69,4,1,48,1,1,76,0.002,0.000,,,,,NVIDIA A100-SXM4-40GB MIG 4g.20gb (0),1,,13,"void ch_est::windowedChEstPreNoDftSOfdmKernel<float, __half, float, (unsigned int)2, (unsigned int)1, (unsigned short)4>(ch_est::puschRxChEstStatDescr_t *, ch_est::puschRxChEstDynDescr_t *)"
20576119128,17184,429007,137,2,1,24,2,1,44,0.001,0.001,,,,,NVIDIA A100-SXM4-40GB MIG 4g.20gb (0),1,,13,"void ch_est::chEstFilterNoDftSOfdmDispatchKernel<float, __half, float, (unsigned int)2>(ch_est::puschRxChEstStatDescr_t *, ch_est::puschRxChEstDynDescr_t *)"
20576285366,20896,429008,137,2,1,24,2,1,44,0.001,0.001,,,,,NVIDIA A100-SXM4-40GB MIG 4g.20gb (0),1,,13,"void ch_est::chEstFilterNoDftSOfdmDispatchKernel<float, __half, float, (unsigned int)2>(ch_est::puschRxChEstStatDescr_t *, ch_est::puschRxChEstDynDescr_t *)"
20576567059,8672,429019,103,1,1,128,1,1,16,0.000,0.000,,,,,NVIDIA A100-SXM4-40GB MIG 4g.20gb (0),1,,13,cupy_copy__complex64_complex64
20576798961,17439,429029,1434,1,1,128,1,1,16,0.000,0.000,,,,,NVIDIA A100-SXM4-40GB MIG 4g.20gb (0),1,,13,cupy_copy__complex64_complex64
20576913231,4896,429036,103,1,1,128,1,1,16,0.000,0.000,,,,,NVIDIA A100-SXM4-40GB MIG 4g.20gb (0),1,,13,cupy_copy__complex64_complex64
20576920527,183870,429043,1,1,1,32,32,1,30,0.000,0.000,,,,,NVIDIA A100-SXM4-40GB MIG 4g.20gb (0),1,,13,"void convert_kernel<__half2, float2>(tensor_layout_any, T1 *, tensor_layout_any, const T2 *)"
20577134765,5888,429046,,,,,,,,,,0.094,15912.954,Pinned,Device,NVIDIA A100-SXM4-40GB MIG 4g.20gb (0),1,,13,[CUDA memcpy Host-to-Device]
20577153837,45887,429047,,,,,,,,,,35.810,780369.777,Device,,NVIDIA A100-SXM4-40GB MIG 4g.20gb (0),1,,13,[CUDA memset]
20577207788,2144,429049,,,,,,,,,,0.000,37.313,Pinned,Device,NVIDIA A100-SXM4-40GB MIG 4g.20gb (0),1,,13,[CUDA memcpy Host-to-Device]
20577212716,10112,429050,,,,,,,,,,0.197,19442.958,Pinned,Device,NVIDIA A100-SXM4-40GB MIG 4g.20gb (0),1,,13,[CUDA memcpy Host-to-Device]
20577301195,20832,429051,273,1,1,48,1,1,40,0.000,0.001,,,,,NVIDIA A100-SXM4-40GB MIG 4g.20gb (0),1,,13,"void pusch_noise_intf_est::noiseIntfEstNoDftSOfdmKernel<float, __half, float, float, (unsigned int)2, (unsigned int)1, (unsigned char)4, (unsigned char)4>(pusch_noise_intf_est::puschRxNoiseIntfEstDynDescr)"
20577324875,4320,429062,35,1,1,128,1,1,16,0.000,0.000,,,,,NVIDIA A100-SXM4-40GB MIG 4g.20gb (0),1,,13,cupy_copy__complex64_complex64
20577329899,1824,429071,1,1,1,1,1,1,18,0.000,0.000,,,,,NVIDIA A100-SXM4-40GB MIG 4g.20gb (0),1,,13,cupy_copy__float32_float32
20577336043,1823,429077,,,,,,,,,,0.000,2.194,Device,Pageable,NVIDIA A100-SXM4-40GB MIG 4g.20gb (0),1,,7,[CUDA memcpy Device-to-Host]
20577415978,12767,429088,1434,1,1,128,1,1,16,0.000,0.000,,,,,NVIDIA A100-SXM4-40GB MIG 4g.20gb (0),1,,13,cupy_copy__complex64_complex64
20577454281,2816,429095,103,1,1,128,1,1,16,0.000,0.000,,,,,NVIDIA A100-SXM4-40GB MIG 4g.20gb (0),1,,13,cupy_copy__complex64_complex64
20577474697,2208,429102,35,1,1,128,1,1,16,0.000,0.000,,,,,NVIDIA A100-SXM4-40GB MIG 4g.20gb (0),1,,13,cupy_copy__complex64_complex64
20577492873,1888,429109,1,1,1,1,1,1,18,0.000,0.000,,,,,NVIDIA A100-SXM4-40GB MIG 4g.20gb (0),1,,13,cupy_copy__float32_float32
20577630695,79359,429120,1,1,1,32,32,1,30,0.000,0.000,,,,,NVIDIA A100-SXM4-40GB MIG 4g.20gb (0),1,,13,"void convert_kernel<__half2, float2>(tensor_layout_any, T1 *, tensor_layout_any, const T2 *)"
20577739878,5376,429123,,,,,,,,,,0.094,17428.487,Pinned,Device,NVIDIA A100-SXM4-40GB MIG 4g.20gb (0),1,,13,[CUDA memcpy Host-to-Device]
20577753254,3232,429124,,,,,,,,,,1.547,478533.199,Device,,NVIDIA A100-SXM4-40GB MIG 4g.20gb (0),1,,13,[CUDA memset]
20577759750,3040,429129,,,,,,,,,,0.031,10294.725,Pinned,Device,NVIDIA A100-SXM4-40GB MIG 4g.20gb (0),1,,13,[CUDA memcpy Host-to-Device]
20577765222,9600,429130,,,,,,,,,,0.197,20479.869,Pinned,Device,NVIDIA A100-SXM4-40GB MIG 4g.20gb (0),1,,13,[CUDA memcpy Host-to-Device]
20577778822,5920,429131,273,1,1,8,4,1,39,0.002,0.000,,,,,NVIDIA A100-SXM4-40GB MIG 4g.20gb (0),1,,13,"void channel_eq::eqMmseCoefCompLowMimoKernel<float, float, float, (unsigned int)4, (unsigned int)1, (unsigned int)4>(const channel_eq::_puschRxChEqStatDescr *, channel_eq::_puschRxChEqCoefCompDynDescr)"
20577786437,5600,429132,273,1,1,12,11,1,51,0.002,0.000,,,,,NVIDIA A100-SXM4-40GB MIG 4g.20gb (0),1,,13,"void channel_eq::eqMmseSoftDemapKernel<float, __half, __half, float, (unsigned int)4, (unsigned short)16383>(channel_eq::_puschRxChEqStatDescr *, channel_eq::_puschRxChEqSoftDemapDynDescr)"
20577794021,281341,429133,1,1,1,32,32,1,30,0.000,0.000,,,,,NVIDIA A100-SXM4-40GB MIG 4g.20gb (0),1,,13,"void convert_kernel<float2, __half2>(tensor_layout_any, T1 *, tensor_layout_any, const T2 *)"
20578077058,10656,429145,2253,1,1,128,1,1,16,0.000,0.000,,,,,NVIDIA A100-SXM4-40GB MIG 4g.20gb (0),1,,13,cupy_copy__float16_float16
20578089442,2848,429154,282,1,1,128,1,1,16,0.000,0.000,,,,,NVIDIA A100-SXM4-40GB MIG 4g.20gb (0),1,,13,cupy_copy__complex64_complex64
20578094146,2048,429163,26,1,1,128,1,1,16,0.000,0.000,,,,,NVIDIA A100-SXM4-40GB MIG 4g.20gb (0),1,,13,cupy_copy__float32_float32
20578097730,2880,429172,103,1,1,128,1,1,16,0.000,0.000,,,,,NVIDIA A100-SXM4-40GB MIG 4g.20gb (0),1,,13,cupy_copy__complex64_complex64
20578102082,11456,429182,1434,1,1,128,1,1,16,0.000,0.000,,,,,NVIDIA A100-SXM4-40GB MIG 4g.20gb (0),1,,13,cupy_copy__complex64_complex64
20578129922,79519,429187,1,1,1,32,32,1,30,0.000,0.000,,,,,NVIDIA A100-SXM4-40GB MIG 4g.20gb (0),1,,13,"void convert_kernel<__half2, float2>(tensor_layout_any, T1 *, tensor_layout_any, const T2 *)"
20578246112,5376,429190,,,,,,,,,,0.094,17428.487,Pinned,Device,NVIDIA A100-SXM4-40GB MIG 4g.20gb (0),1,,13,[CUDA memcpy Host-to-Device]
20578257856,596346,429191,,,,,,,,,,456.561,765196.973,Device,,NVIDIA A100-SXM4-40GB MIG 4g.20gb (0),1,,13,[CUDA memset]
20578863225,49184,429196,,,,,,,,,,1.235,25107.646,Pinned,Device,NVIDIA A100-SXM4-40GB MIG 4g.20gb (0),1,,13,[CUDA memcpy Host-to-Device]
20578915033,9408,429197,,,,,,,,,,0.197,20897.858,Pinned,Device,NVIDIA A100-SXM4-40GB MIG 4g.20gb (0),1,,13,[CUDA memcpy Host-to-Device]
20578928313,7168,429198,69,4,1,48,1,1,76,0.002,0.000,,,,,NVIDIA A100-SXM4-40GB MIG 4g.20gb (0),1,,13,"void ch_est::windowedChEstPreNoDftSOfdmKernel<float, __half, float, (unsigned int)2, (unsigned int)1, (unsigned short)4>(ch_est::puschRxChEstStatDescr_t *, ch_est::puschRxChEstDynDescr_t *)"
20578936953,6848,429199,137,2,1,24,2,1,44,0.001,0.001,,,,,NVIDIA A100-SXM4-40GB MIG 4g.20gb (0),1,,13,"void ch_est::chEstFilterNoDftSOfdmDispatchKernel<float, __half, float, (unsigned int)2>(ch_est::puschRxChEstStatDescr_t *, ch_est::puschRxChEstDynDescr_t *)"
20578945657,4768,429200,137,2,1,24,2,1,44,0.001,0.001,,,,,NVIDIA A100-SXM4-40GB MIG 4g.20gb (0),1,,13,"void ch_est::chEstFilterNoDftSOfdmDispatchKernel<float, __half, float, (unsigned int)2>(ch_est::puschRxChEstStatDescr_t *, ch_est::puschRxChEstDynDescr_t *)"
20578952184,2528,429211,103,1,1,128,1,1,16,0.000,0.000,,,,,NVIDIA A100-SXM4-40GB MIG 4g.20gb (0),1,,13,cupy_copy__complex64_complex64
20578958680,12928,429221,1434,1,1,128,1,1,16,0.000,0.000,,,,,NVIDIA A100-SXM4-40GB MIG 4g.20gb (0),1,,13,cupy_copy__complex64_complex64
20578973624,2464,429228,103,1,1,128,1,1,16,0.000,0.000,,,,,NVIDIA A100-SXM4-40GB MIG 4g.20gb (0),1,,13,cupy_copy__complex64_complex64
20578977624,79999,429235,1,1,1,32,32,1,30,0.000,0.000,,,,,NVIDIA A100-SXM4-40GB MIG 4g.20gb (0),1,,13,"void convert_kernel<__half2, float2>(tensor_layout_any, T1 *, tensor_layout_any, const T2 *)"
20579088471,5728,429238,,,,,,,,,,0.094,16357.541,Pinned,Device,NVIDIA A100-SXM4-40GB MIG 4g.20gb (0),1,,13,[CUDA memcpy Host-to-Device]
20579100823,46175,429239,,,,,,,,,,35.810,775499.628,Device,,NVIDIA A100-SXM4-40GB MIG 4g.20gb (0),1,,13,[CUDA memset]
20579154422,1856,429241,,,,,,,,,,0.000,43.103,Pinned,Device,NVIDIA A100-SXM4-40GB MIG 4g.20gb (0),1,,13,[CUDA memcpy Host-to-Device]
20579158742,9504,429242,,,,,,,,,,0.197,20686.701,Pinned,Device,NVIDIA A100-SXM4-40GB MIG 4g.20gb (0),1,,13,[CUDA memcpy Host-to-Device]
20579173014,11744,429243,273,1,1,48,1,1,40,0.000,0.001,,,,,NVIDIA A100-SXM4-40GB MIG 4g.20gb (0),1,,13,"void pusch_noise_intf_est::noiseIntfEstNoDftSOfdmKernel<float, __half, float, float, (unsigned int)2, (unsigned int)1, (unsigned char)4, (unsigned char)4>(pusch_noise_intf_est::puschRxNoiseIntfEstDynDescr)"
20579185910,3200,429254,35,1,1,128,1,1,16,0.000,0.000,,,,,NVIDIA A100-SXM4-40GB MIG 4g.20gb (0),1,,13,cupy_copy__complex64_complex64
20579396052,5151,429263,1,1,1,1,1,1,18,0.000,0.000,,,,,NVIDIA A100-SXM4-40GB MIG 4g.20gb (0),1,,13,cupy_copy__float32_float32
20579404787,2784,429269,,,,,,,,,,0.000,1.437,Device,Pageable,NVIDIA A100-SXM4-40GB MIG 4g.20gb (0),1,,7,[CUDA memcpy Device-to-Host]
20579535250,15808,429280,1434,1,1,128,1,1,16,0.000,0.000,,,,,NVIDIA A100-SXM4-40GB MIG 4g.20gb (0),1,,13,cupy_copy__complex64_complex64
20579630833,5472,429287,103,1,1,128,1,1,16,0.000,0.000,,,,,NVIDIA A100-SXM4-40GB MIG 4g.20gb (0),1,,13,cupy_copy__complex64_complex64
20579639249,3424,429294,35,1,1,128,1,1,16,0.000,0.000,,,,,NVIDIA A100-SXM4-40GB MIG 4g.20gb (0),1,,13,cupy_copy__complex64_complex64
20579644593,3072,429301,1,1,1,1,1,1,18,0.000,0.000,,,,,NVIDIA A100-SXM4-40GB MIG 4g.20gb (0),1,,13,cupy_copy__float32_float32
20579676112,239198,429312,1,1,1,32,32,1,30,0.000,0.000,,,,,NVIDIA A100-SXM4-40GB MIG 4g.20gb (0),1,,13,"void convert_kernel<__half2, float2>(tensor_layout_any, T1 *, tensor_layout_any, const T2 *)"
20579945741,5568,429315,,,,,,,,,,0.094,16827.521,Pinned,Device,NVIDIA A100-SXM4-40GB MIG 4g.20gb (0),1,,13,[CUDA memcpy Host-to-Device]
20580104844,7040,429316,,,,,,,,,,1.547,219690.206,Device,,NVIDIA A100-SXM4-40GB MIG 4g.20gb (0),1,,13,[CUDA memset]
20580115532,3103,429321,,,,,,,,,,0.031,10085.699,Pinned,Device,NVIDIA A100-SXM4-40GB MIG 4g.20gb (0),1,,13,[CUDA memcpy Host-to-Device]
20580121099,10016,429322,,,,,,,,,,0.197,19629.343,Pinned,Device,NVIDIA A100-SXM4-40GB MIG 4g.20gb (0),1,,13,[CUDA memcpy Host-to-Device]
20580187883,15264,429323,273,1,1,8,4,1,39,0.002,0.000,,,,,NVIDIA A100-SXM4-40GB MIG 4g.20gb (0),1,,13,"void channel_eq::eqMmseCoefCompLowMimoKernel<float, float, float, (unsigned int)4, (unsigned int)1, (unsigned int)4>(const channel_eq::_puschRxChEqStatDescr *, channel_eq::_puschRxChEqCoefCompDynDescr)"
20580382761,18783,429324,273,1,1,12,11,1,51,0.002,0.000,,,,,NVIDIA A100-SXM4-40GB MIG 4g.20gb (0),1,,13,"void channel_eq::eqMmseSoftDemapKernel<float, __half, __half, float, (unsigned int)4, (unsigned short)16383>(channel_eq::_puschRxChEqStatDescr *, channel_eq::_puschRxChEqSoftDemapDynDescr)"
20580570214,558970,429325,1,1,1,32,32,1,30,0.000,0.000,,,,,NVIDIA A100-SXM4-40GB MIG 4g.20gb (0),1,,13,"void convert_kernel<float2, __half2>(tensor_layout_any, T1 *, tensor_layout_any, const T2 *)"
20581258239,15424,429337,2253,1,1,128,1,1,16,0.000,0.000,,,,,NVIDIA A100-SXM4-40GB MIG 4g.20gb (0),1,,13,cupy_copy__float16_float16
20581347646,5792,429346,282,1,1,128,1,1,16,0.000,0.000,,,,,NVIDIA A100-SXM4-40GB MIG 4g.20gb (0),1,,13,cupy_copy__complex64_complex64
20581445757,4640,429355,26,1,1,128,1,1,16,0.000,0.000,,,,,NVIDIA A100-SXM4-40GB MIG 4g.20gb (0),1,,13,cupy_copy__float32_float32
20581529436,6912,429364,103,1,1,128,1,1,16,0.000,0.000,,,,,NVIDIA A100-SXM4-40GB MIG 4g.20gb (0),1,,13,cupy_copy__complex64_complex64
20581628507,18239,429374,1434,1,1,128,1,1,16,0.000,0.000,,,,,NVIDIA A100-SXM4-40GB MIG 4g.20gb (0),1,,13,cupy_copy__complex64_complex64
20581648218,227582,429379,1,1,1,32,32,1,30,0.000,0.000,,,,,NVIDIA A100-SXM4-40GB MIG 4g.20gb (0),1,,13,"void convert_kernel<__half2, float2>(tensor_layout_any, T1 *, tensor_layout_any, const T2 *)"
20581907000,5375,429382,,,,,,,,,,0.094,17431.766,Pinned,Device,NVIDIA A100-SXM4-40GB MIG 4g.20gb (0),1,,13,[CUDA memcpy Host-to-Device]
20581972023,603097,429383,,,,,,,,,,456.561,756978.868,Device,,NVIDIA A100-SXM4-40GB MIG 4g.20gb (0),1,,13,[CUDA memset]
20582578096,50111,429388,,,,,,,,,,1.235,24643.308,Pinned,Device,NVIDIA A100-SXM4-40GB MIG 4g.20gb (0),1,,13,[CUDA memcpy Host-to-Device]
20582630671,9472,429389,,,,,,,,,,0.197,20756.693,Pinned,Device,NVIDIA A100-SXM4-40GB MIG 4g.20gb (0),1,,13,[CUDA memcpy Host-to-Device]
20582762158,15776,429390,69,4,1,48,1,1,76,0.002,0.000,,,,,NVIDIA A100-SXM4-40GB MIG 4g.20gb (0),1,,13,"void ch_est::windowedChEstPreNoDftSOfdmKernel<float, __half, float, (unsigned int)2, (unsigned int)1, (unsigned short)4>(ch_est::puschRxChEstStatDescr_t *, ch_est::puschRxChEstDynDescr_t *)"
20582871085,22496,429391,137,2,1,24,2,1,44,0.001,0.001,,,,,NVIDIA A100-SXM4-40GB MIG 4g.20gb (0),1,,13,"void ch_est::chEstFilterNoDftSOfdmDispatchKernel<float, __half, float, (unsigned int)2>(ch_est::puschRxChEstStatDescr_t *, ch_est::puschRxChEstDynDescr_t *)"
20582953100,8992,429392,137,2,1,24,2,1,44,0.001,0.001,,,,,NVIDIA A100-SXM4-40GB MIG 4g.20gb (0),1,,13,"void ch_est::chEstFilterNoDftSOfdmDispatchKernel<float, __half, float, (unsigned int)2>(ch_est::puschRxChEstStatDescr_t *, ch_est::puschRxChEstDynDescr_t *)"
20582964844,4832,429403,103,1,1,128,1,1,16,0.000,0.000,,,,,NVIDIA A100-SXM4-40GB MIG 4g.20gb (0),1,,13,cupy_copy__complex64_complex64
20582970380,13088,429413,1434,1,1,128,1,1,16,0.000,0.000,,,,,NVIDIA A100-SXM4-40GB MIG 4g.20gb (0),1,,13,cupy_copy__complex64_complex64
20582985004,2495,429420,103,1,1,128,1,1,16,0.000,0.000,,,,,NVIDIA A100-SXM4-40GB MIG 4g.20gb (0),1,,13,cupy_copy__complex64_complex64
20582989035,88447,429427,1,1,1,32,32,1,30,0.000,0.000,,,,,NVIDIA A100-SXM4-40GB MIG 4g.20gb (0),1,,13,"void convert_kernel<__half2, float2>(tensor_layout_any, T1 *, tensor_layout_any, const T2 *)"
20583105706,5504,429430,,,,,,,,,,0.094,17023.251,Pinned,Device,NVIDIA A100-SXM4-40GB MIG 4g.20gb (0),1,,13,[CUDA memcpy Host-to-Device]
20583185481,52128,429431,,,,,,,,,,35.810,686941.695,Device,,NVIDIA A100-SXM4-40GB MIG 4g.20gb (0),1,,13,[CUDA memset]
20583247465,1856,429433,,,,,,,,,,0.000,43.103,Pinned,Device,NVIDIA A100-SXM4-40GB MIG 4g.20gb (0),1,,13,[CUDA memcpy Host-to-Device]
20583251721,10335,429434,,,,,,,,,,0.197,19023.397,Pinned,Device,NVIDIA A100-SXM4-40GB MIG 4g.20gb (0),1,,13,[CUDA memcpy Host-to-Device]
20583310056,11712,429435,273,1,1,48,1,1,40,0.000,0.001,,,,,NVIDIA A100-SXM4-40GB MIG 4g.20gb (0),1,,13,"void pusch_noise_intf_est::noiseIntfEstNoDftSOfdmKernel<float, __half, float, float, (unsigned int)2, (unsigned int)1, (unsigned char)4, (unsigned char)4>(pusch_noise_intf_est::puschRxNoiseIntfEstDynDescr)"
20583323496,2816,429446,35,1,1,128,1,1,16,0.000,0.000,,,,,NVIDIA A100-SXM4-40GB MIG 4g.20gb (0),1,,13,cupy_copy__complex64_complex64
20583395207,4160,429455,1,1,1,1,1,1,18,0.000,0.000,,,,,NVIDIA A100-SXM4-40GB MIG 4g.20gb (0),1,,13,cupy_copy__float32_float32
20583408295,1856,429461,,,,,,,,,,0.000,2.155,Device,Pageable,NVIDIA A100-SXM4-40GB MIG 4g.20gb (0),1,,7,[CUDA memcpy Device-to-Host]
20583478854,19936,429472,1434,1,1,128,1,1,16,0.000,0.000,,,,,NVIDIA A100-SXM4-40GB MIG 4g.20gb (0),1,,13,cupy_copy__complex64_complex64
20583562469,6080,429479,103,1,1,128,1,1,16,0.000,0.000,,,,,NVIDIA A100-SXM4-40GB MIG 4g.20gb (0),1,,13,cupy_copy__complex64_complex64
20583570437,3776,429486,35,1,1,128,1,1,16,0.000,0.000,,,,,NVIDIA A100-SXM4-40GB MIG 4g.20gb (0),1,,13,cupy_copy__complex64_complex64
20583576005,2144,429493,1,1,1,1,1,1,18,0.000,0.000,,,,,NVIDIA A100-SXM4-40GB MIG 4g.20gb (0),1,,13,cupy_copy__float32_float32
20583728963,276125,429504,1,1,1,32,32,1,30,0.000,0.000,,,,,NVIDIA A100-SXM4-40GB MIG 4g.20gb (0),1,,13,"void convert_kernel<__half2, float2>(tensor_layout_any, T1 *, tensor_layout_any, const T2 *)"
20584087871,5696,429507,,,,,,,,,,0.094,16449.363,Pinned,Device,NVIDIA A100-SXM4-40GB MIG 4g.20gb (0),1,,13,[CUDA memcpy Host-to-Device]
20584100607,3840,429508,,,,,,,,,,1.547,402765.636,Device,,NVIDIA A100-SXM4-40GB MIG 4g.20gb (0),1,,13,[CUDA memset]
20584108799,3072,429513,,,,,,,,,,0.031,10187.474,Pinned,Device,NVIDIA A100-SXM4-40GB MIG 4g.20gb (0),1,,13,[CUDA memcpy Host-to-Device]
20584114303,10368,429514,,,,,,,,,,0.197,18962.842,Pinned,Device,NVIDIA A100-SXM4-40GB MIG 4g.20gb (0),1,,13,[CUDA memcpy Host-to-Device]
20584191486,13856,429515,273,1,1,8,4,1,39,0.002,0.000,,,,,NVIDIA A100-SXM4-40GB MIG 4g.20gb (0),1,,13,"void channel_eq::eqMmseCoefCompLowMimoKernel<float, float, float, (unsigned int)4, (unsigned int)1, (unsigned int)4>(const channel_eq::_puschRxChEqStatDescr *, channel_eq::_puschRxChEqCoefCompDynDescr)"
20584206654,8416,429516,273,1,1,12,11,1,51,0.002,0.000,,,,,NVIDIA A100-SXM4-40GB MIG 4g.20gb (0),1,,13,"void channel_eq::eqMmseSoftDemapKernel<float, __half, __half, float, (unsigned int)4, (unsigned short)16383>(channel_eq::_puschRxChEqStatDescr *, channel_eq::_puschRxChEqSoftDemapDynDescr)"
20584277437,703448,429517,1,1,1,32,32,1,30,0.000,0.000,,,,,NVIDIA A100-SXM4-40GB MIG 4g.20gb (0),1,,13,"void convert_kernel<float2, __half2>(tensor_layout_any, T1 *, tensor_layout_any, const T2 *)"
20585146931,19808,429529,2253,1,1,128,1,1,16,0.000,0.000,,,,,NVIDIA A100-SXM4-40GB MIG 4g.20gb (0),1,,13,cupy_copy__float16_float16
20585223891,6495,429538,282,1,1,128,1,1,16,0.000,0.000,,,,,NVIDIA A100-SXM4-40GB MIG 4g.20gb (0),1,,13,cupy_copy__complex64_complex64
20585364945,7040,429547,26,1,1,128,1,1,16,0.000,0.000,,,,,NVIDIA A100-SXM4-40GB MIG 4g.20gb (0),1,,13,cupy_copy__float32_float32
20585433712,10048,429556,103,1,1,128,1,1,16,0.000,0.000,,,,,NVIDIA A100-SXM4-40GB MIG 4g.20gb (0),1,,13,cupy_copy__complex64_complex64
20585575119,21215,429566,1434,1,1,128,1,1,16,0.000,0.000,,,,,NVIDIA A100-SXM4-40GB MIG 4g.20gb (0),1,,13,cupy_copy__complex64_complex64
20585652878,242301,429571,1,1,1,32,32,1,30,0.000,0.000,,,,,NVIDIA A100-SXM4-40GB MIG 4g.20gb (0),1,,13,"void convert_kernel<__half2, float2>(tensor_layout_any, T1 *, tensor_layout_any, const T2 *)"
20585938219,6400,429574,,,,,,,,,,0.094,14640.000,Pinned,Device,NVIDIA A100-SXM4-40GB MIG 4g.20gb (0),1,,13,[CUDA memcpy Host-to-Device]
20585956810,608922,429575,,,,,,,,,,456.561,749673.884,Device,,NVIDIA A100-SXM4-40GB MIG 4g.20gb (0),1,,13,[CUDA memset]
20586568228,50367,429580,,,,,,,,,,1.235,24518.578,Pinned,Device,NVIDIA A100-SXM4-40GB MIG 4g.20gb (0),1,,13,[CUDA memcpy Host-to-Device]
20586622275,9600,429581,,,,,,,,,,0.197,20479.869,Pinned,Device,NVIDIA A100-SXM4-40GB MIG 4g.20gb (0),1,,13,[CUDA memcpy Host-to-Device]
20586784353,12768,429582,69,4,1,48,1,1,76,0.002,0.000,,,,,NVIDIA A100-SXM4-40GB MIG 4g.20gb (0),1,,13,"void ch_est::windowedChEstPreNoDftSOfdmKernel<float, __half, float, (unsigned int)2, (unsigned int)1, (unsigned short)4>(ch_est::puschRxChEstStatDescr_t *, ch_est::puschRxChEstDynDescr_t *)"
20586799233,6848,429583,137,2,1,24,2,1,44,0.001,0.001,,,,,NVIDIA A100-SXM4-40GB MIG 4g.20gb (0),1,,13,"void ch_est::chEstFilterNoDftSOfdmDispatchKernel<float, __half, float, (unsigned int)2>(ch_est::puschRxChEstStatDescr_t *, ch_est::puschRxChEstDynDescr_t *)"
20587021822,11872,429584,137,2,1,24,2,1,44,0.001,0.001,,,,,NVIDIA A100-SXM4-40GB MIG 4g.20gb (0),1,,13,"void ch_est::chEstFilterNoDftSOfdmDispatchKernel<float, __half, float, (unsigned int)2>(ch_est::puschRxChEstStatDescr_t *, ch_est::puschRxChEstDynDescr_t *)"
20587084222,7488,429595,103,1,1,128,1,1,16,0.000,0.000,,,,,NVIDIA A100-SXM4-40GB MIG 4g.20gb (0),1,,13,cupy_copy__complex64_complex64
20587235100,22560,429605,1434,1,1,128,1,1,16,0.000,0.000,,,,,NVIDIA A100-SXM4-40GB MIG 4g.20gb (0),1,,13,cupy_copy__complex64_complex64
20587434746,6976,429612,103,1,1,128,1,1,16,0.000,0.000,,,,,NVIDIA A100-SXM4-40GB MIG 4g.20gb (0),1,,13,cupy_copy__complex64_complex64
20587513593,204798,429619,1,1,1,32,32,1,30,0.000,0.000,,,,,NVIDIA A100-SXM4-40GB MIG 4g.20gb (0),1,,13,"void convert_kernel<__half2, float2>(tensor_layout_any, T1 *, tensor_layout_any, const T2 *)"
20587747062,5472,429622,,,,,,,,,,0.094,17122.757,Pinned,Device,NVIDIA A100-SXM4-40GB MIG 4g.20gb (0),1,,13,[CUDA memcpy Host-to-Device]
20587774230,44992,429623,,,,,,,,,,35.810,795911.282,Device,,NVIDIA A100-SXM4-40GB MIG 4g.20gb (0),1,,13,[CUDA memset]
20587822038,2336,429625,,,,,,,,,,0.000,34.247,Pinned,Device,NVIDIA A100-SXM4-40GB MIG 4g.20gb (0),1,,13,[CUDA memcpy Host-to-Device]
20587826902,9663,429626,,,,,,,,,,0.197,20346.372,Pinned,Device,NVIDIA A100-SXM4-40GB MIG 4g.20gb (0),1,,13,[CUDA memcpy Host-to-Device]
20587876341,27648,429627,273,1,1,48,1,1,40,0.000,0.001,,,,,NVIDIA A100-SXM4-40GB MIG 4g.20gb (0),1,,13,"void pusch_noise_intf_est::noiseIntfEstNoDftSOfdmKernel<float, __half, float, float, (unsigned int)2, (unsigned int)1, (unsigned char)4, (unsigned char)4>(pusch_noise_intf_est::puschRxNoiseIntfEstDynDescr)"
20587907029,2752,429638,35,1,1,128,1,1,16,0.000,0.000,,,,,NVIDIA A100-SXM4-40GB MIG 4g.20gb (0),1,,13,cupy_copy__complex64_complex64
20587961652,3040,429647,1,1,1,1,1,1,18,0.000,0.000,,,,,NVIDIA A100-SXM4-40GB MIG 4g.20gb (0),1,,13,cupy_copy__float32_float32
20587975636,1568,429653,,,,,,,,,,0.000,2.551,Device,Pageable,NVIDIA A100-SXM4-40GB MIG 4g.20gb (0),1,,7,[CUDA memcpy Device-to-Host]
20588040403,15936,429664,1434,1,1,128,1,1,16,0.000,0.000,,,,,NVIDIA A100-SXM4-40GB MIG 4g.20gb (0),1,,13,cupy_copy__complex64_complex64
20588067155,3296,429671,103,1,1,128,1,1,16,0.000,0.000,,,,,NVIDIA A100-SXM4-40GB MIG 4g.20gb (0),1,,13,cupy_copy__complex64_complex64
20588131922,7392,429678,35,1,1,128,1,1,16,0.000,0.000,,,,,NVIDIA A100-SXM4-40GB MIG 4g.20gb (0),1,,13,cupy_copy__complex64_complex64
20588140978,2816,429685,1,1,1,1,1,1,18,0.000,0.000,,,,,NVIDIA A100-SXM4-40GB MIG 4g.20gb (0),1,,13,cupy_copy__float32_float32
20588354160,248701,429696,1,1,1,32,32,1,30,0.000,0.000,,,,,NVIDIA A100-SXM4-40GB MIG 4g.20gb (0),1,,13,"void convert_kernel<__half2, float2>(tensor_layout_any, T1 *, tensor_layout_any, const T2 *)"
20588633293,6015,429699,,,,,,,,,,0.094,15577.054,Pinned,Device,NVIDIA A100-SXM4-40GB MIG 4g.20gb (0),1,,13,[CUDA memcpy Host-to-Device]
20588648748,5056,429700,,,,,,,,,,1.547,305897.481,Device,,NVIDIA A100-SXM4-40GB MIG 4g.20gb (0),1,,13,[CUDA memset]
20588654572,3168,429705,,,,,,,,,,0.031,9878.770,Pinned,Device,NVIDIA A100-SXM4-40GB MIG 4g.20gb (0),1,,13,[CUDA memcpy Host-to-Device]
20588660332,9920,429706,,,,,,,,,,0.197,19819.266,Pinned,Device,NVIDIA A100-SXM4-40GB MIG 4g.20gb (0),1,,13,[CUDA memcpy Host-to-Device]
20588723276,14431,429707,273,1,1,8,4,1,39,0.002,0.000,,,,,NVIDIA A100-SXM4-40GB MIG 4g.20gb (0),1,,13,"void channel_eq::eqMmseCoefCompLowMimoKernel<float, float, float, (unsigned int)4, (unsigned int)1, (unsigned int)4>(const channel_eq::_puschRxChEqStatDescr *, channel_eq::_puschRxChEqCoefCompDynDescr)"
20588811499,13535,429708,273,1,1,12,11,1,51,0.002,0.000,,,,,NVIDIA A100-SXM4-40GB MIG 4g.20gb (0),1,,13,"void channel_eq::eqMmseSoftDemapKernel<float, __half, __half, float, (unsigned int)4, (unsigned short)16383>(channel_eq::_puschRxChEqStatDescr *, channel_eq::_puschRxChEqSoftDemapDynDescr)"
20588898122,669624,429709,1,1,1,32,32,1,30,0.000,0.000,,,,,NVIDIA A100-SXM4-40GB MIG 4g.20gb (0),1,,13,"void convert_kernel<float2, __half2>(tensor_layout_any, T1 *, tensor_layout_any, const T2 *)"
20589569122,12224,429721,2253,1,1,128,1,1,16,0.000,0.000,,,,,NVIDIA A100-SXM4-40GB MIG 4g.20gb (0),1,,13,cupy_copy__float16_float16
20589582786,3808,429730,282,1,1,128,1,1,16,0.000,0.000,,,,,NVIDIA A100-SXM4-40GB MIG 4g.20gb (0),1,,13,cupy_copy__complex64_complex64
20589589634,2304,429739,26,1,1,128,1,1,16,0.000,0.000,,,,,NVIDIA A100-SXM4-40GB MIG 4g.20gb (0),1,,13,cupy_copy__float32_float32
20589594946,3712,429748,103,1,1,128,1,1,16,0.000,0.000,,,,,NVIDIA A100-SXM4-40GB MIG 4g.20gb (0),1,,13,cupy_copy__complex64_complex64
20589601858,12096,429758,1434,1,1,128,1,1,16,0.000,0.000,,,,,NVIDIA A100-SXM4-40GB MIG 4g.20gb (0),1,,13,cupy_copy__complex64_complex64
20589728768,233022,429763,1,1,1,32,32,1,30,0.000,0.000,,,,,NVIDIA A100-SXM4-40GB MIG 4g.20gb (0),1,,13,"void convert_kernel<__half2, float2>(tensor_layout_any, T1 *, tensor_layout_any, const T2 *)"
20589990877,5440,429766,,,,,,,,,,0.094,17223.480,Pinned,Device,NVIDIA A100-SXM4-40GB MIG 4g.20gb (0),1,,13,[CUDA memcpy Host-to-Device]
20590108444,630041,429767,,,,,,,,,,456.561,724563.005,Device,,NVIDIA A100-SXM4-40GB MIG 4g.20gb (0),1,,13,[CUDA memset]
20590746229,55551,429772,,,,,,,,,,1.235,22230.227,Pinned,Device,NVIDIA A100-SXM4-40GB MIG 4g.20gb (0),1,,13,[CUDA memcpy Host-to-Device]
20590804308,13120,429773,,,,,,,,,,0.197,14985.265,Pinned,Device,NVIDIA A100-SXM4-40GB MIG 4g.20gb (0),1,,13,[CUDA memcpy Host-to-Device]
20590929491,43743,429774,69,4,1,48,1,1,76,0.002,0.000,,,,,NVIDIA A100-SXM4-40GB MIG 4g.20gb (0),1,,13,"void ch_est::windowedChEstPreNoDftSOfdmKernel<float, __half, float, (unsigned int)2, (unsigned int)1, (unsigned short)4>(ch_est::puschRxChEstStatDescr_t *, ch_est::puschRxChEstDynDescr_t *)"
20591033650,10208,429775,137,2,1,24,2,1,44,0.001,0.001,,,,,NVIDIA A100-SXM4-40GB MIG 4g.20gb (0),1,,13,"void ch_est::chEstFilterNoDftSOfdmDispatchKernel<float, __half, float, (unsigned int)2>(ch_est::puschRxChEstStatDescr_t *, ch_est::puschRxChEstDynDescr_t *)"
20591153840,40608,429776,137,2,1,24,2,1,44,0.001,0.001,,,,,NVIDIA A100-SXM4-40GB MIG 4g.20gb (0),1,,13,"void ch_est::chEstFilterNoDftSOfdmDispatchKernel<float, __half, float, (unsigned int)2>(ch_est::puschRxChEstStatDescr_t *, ch_est::puschRxChEstDynDescr_t *)"
20591258895,6336,429787,103,1,1,128,1,1,16,0.000,0.000,,,,,NVIDIA A100-SXM4-40GB MIG 4g.20gb (0),1,,13,cupy_copy__complex64_complex64
20591439949,38400,429797,1434,1,1,128,1,1,16,0.000,0.000,,,,,NVIDIA A100-SXM4-40GB MIG 4g.20gb (0),1,,13,cupy_copy__complex64_complex64
20591606571,7040,429804,103,1,1,128,1,1,16,0.000,0.000,,,,,NVIDIA A100-SXM4-40GB MIG 4g.20gb (0),1,,13,cupy_copy__complex64_complex64
20591832233,294173,429811,1,1,1,32,32,1,30,0.000,0.000,,,,,NVIDIA A100-SXM4-40GB MIG 4g.20gb (0),1,,13,"void convert_kernel<__half2, float2>(tensor_layout_any, T1 *, tensor_layout_any, const T2 *)"
20592155781,5856,429814,,,,,,,,,,0.094,15999.997,Pinned,Device,NVIDIA A100-SXM4-40GB MIG 4g.20gb (0),1,,13,[CUDA memcpy Host-to-Device]
20592461442,58815,429815,,,,,,,,,,35.810,608840.260,Device,,NVIDIA A100-SXM4-40GB MIG 4g.20gb (0),1,,13,[CUDA memset]
20592525217,2144,429817,,,,,,,,,,0.000,37.313,Pinned,Device,NVIDIA A100-SXM4-40GB MIG 4g.20gb (0),1,,13,[CUDA memcpy Host-to-Device]
20592529857,9760,429818,,,,,,,,,,0.197,20144.259,Pinned,Device,NVIDIA A100-SXM4-40GB MIG 4g.20gb (0),1,,13,[CUDA memcpy Host-to-Device]
20592811902,22656,429819,273,1,1,48,1,1,40,0.000,0.001,,,,,NVIDIA A100-SXM4-40GB MIG 4g.20gb (0),1,,13,"void pusch_noise_intf_est::noiseIntfEstNoDftSOfdmKernel<float, __half, float, float, (unsigned int)2, (unsigned int)1, (unsigned char)4, (unsigned char)4>(pusch_noise_intf_est::puschRxNoiseIntfEstDynDescr)"
20593011324,5312,429830,35,1,1,128,1,1,16,0.000,0.000,,,,,NVIDIA A100-SXM4-40GB MIG 4g.20gb (0),1,,13,cupy_copy__complex64_complex64
20593071835,3744,429839,1,1,1,1,1,1,18,0.000,0.000,,,,,NVIDIA A100-SXM4-40GB MIG 4g.20gb (0),1,,13,cupy_copy__float32_float32
20593080955,1600,429845,,,,,,,,,,0.000,2.500,Device,Pageable,NVIDIA A100-SXM4-40GB MIG 4g.20gb (0),1,,7,[CUDA memcpy Device-to-Host]
20593204058,17663,429856,1434,1,1,128,1,1,16,0.000,0.000,,,,,NVIDIA A100-SXM4-40GB MIG 4g.20gb (0),1,,13,cupy_copy__complex64_complex64
20593286105,6272,429863,103,1,1,128,1,1,16,0.000,0.000,,,,,NVIDIA A100-SXM4-40GB MIG 4g.20gb (0),1,,13,cupy_copy__complex64_complex64
20593346296,6528,429870,35,1,1,128,1,1,16,0.000,0.000,,,,,NVIDIA A100-SXM4-40GB MIG 4g.20gb (0),1,,13,cupy_copy__complex64_complex64
20593421143,3648,429877,1,1,1,1,1,1,18,0.000,0.000,,,,,NVIDIA A100-SXM4-40GB MIG 4g.20gb (0),1,,13,cupy_copy__float32_float32
20593480470,224670,429888,1,1,1,32,32,1,30,0.000,0.000,,,,,NVIDIA A100-SXM4-40GB MIG 4g.20gb (0),1,,13,"void convert_kernel<__half2, float2>(tensor_layout_any, T1 *, tensor_layout_any, const T2 *)"
20593746483,5728,429891,,,,,,,,,,0.094,16357.541,Pinned,Device,NVIDIA A100-SXM4-40GB MIG 4g.20gb (0),1,,13,[CUDA memcpy Host-to-Device]
20593768211,3872,429892,,,,,,,,,,1.547,399437.301,Device,,NVIDIA A100-SXM4-40GB MIG 4g.20gb (0),1,,13,[CUDA memset]
20593773907,3328,429897,,,,,,,,,,0.031,9403.822,Pinned,Device,NVIDIA A100-SXM4-40GB MIG 4g.20gb (0),1,,13,[CUDA memcpy Host-to-Device]
20593781107,10816,429898,,,,,,,,,,0.197,18177.393,Pinned,Device,NVIDIA A100-SXM4-40GB MIG 4g.20gb (0),1,,13,[CUDA memcpy Host-to-Device]
20593796147,7008,429899,273,1,1,8,4,1,39,0.002,0.000,,,,,NVIDIA A100-SXM4-40GB MIG 4g.20gb (0),1,,13,"void channel_eq::eqMmseCoefCompLowMimoKernel<float, float, float, (unsigned int)4, (unsigned int)1, (unsigned int)4>(const channel_eq::_puschRxChEqStatDescr *, channel_eq::_puschRxChEqCoefCompDynDescr)"
20593804915,6400,429900,273,1,1,12,11,1,51,0.002,0.000,,,,,NVIDIA A100-SXM4-40GB MIG 4g.20gb (0),1,,13,"void channel_eq::eqMmseSoftDemapKernel<float, __half, __half, float, (unsigned int)4, (unsigned short)16383>(channel_eq::_puschRxChEqStatDescr *, channel_eq::_puschRxChEqSoftDemapDynDescr)"
20593813811,282077,429901,1,1,1,32,32,1,30,0.000,0.000,,,,,NVIDIA A100-SXM4-40GB MIG 4g.20gb (0),1,,13,"void convert_kernel<float2, __half2>(tensor_layout_any, T1 *, tensor_layout_any, const T2 *)"
20594097520,10975,429913,2253,1,1,128,1,1,16,0.000,0.000,,,,,NVIDIA A100-SXM4-40GB MIG 4g.20gb (0),1,,13,cupy_copy__float16_float16
20594109775,2880,429922,282,1,1,128,1,1,16,0.000,0.000,,,,,NVIDIA A100-SXM4-40GB MIG 4g.20gb (0),1,,13,cupy_copy__complex64_complex64
20594114863,2048,429931,26,1,1,128,1,1,16,0.000,0.000,,,,,NVIDIA A100-SXM4-40GB MIG 4g.20gb (0),1,,13,cupy_copy__float32_float32
20594118703,2912,429940,103,1,1,128,1,1,16,0.000,0.000,,,,,NVIDIA A100-SXM4-40GB MIG 4g.20gb (0),1,,13,cupy_copy__complex64_complex64
20594123215,12288,429950,1434,1,1,128,1,1,16,0.000,0.000,,,,,NVIDIA A100-SXM4-40GB MIG 4g.20gb (0),1,,13,cupy_copy__complex64_complex64
20594162415,79583,429955,1,1,1,32,32,1,30,0.000,0.000,,,,,NVIDIA A100-SXM4-40GB MIG 4g.20gb (0),1,,13,"void convert_kernel<__half2, float2>(tensor_layout_any, T1 *, tensor_layout_any, const T2 *)"
20594271502,5632,429958,,,,,,,,,,0.094,16636.287,Pinned,Device,NVIDIA A100-SXM4-40GB MIG 4g.20gb (0),1,,13,[CUDA memcpy Host-to-Device]
20594281486,605017,429959,,,,,,,,,,456.561,754239.499,Device,,NVIDIA A100-SXM4-40GB MIG 4g.20gb (0),1,,13,[CUDA memset]
20594891623,48895,429964,,,,,,,,,,1.235,25255.840,Pinned,Device,NVIDIA A100-SXM4-40GB MIG 4g.20gb (0),1,,13,[CUDA memcpy Host-to-Device]
20594942982,9504,429965,,,,,,,,,,0.197,20686.701,Pinned,Device,NVIDIA A100-SXM4-40GB MIG 4g.20gb (0),1,,13,[CUDA memcpy Host-to-Device]
20594957478,7072,429966,69,4,1,48,1,1,76,0.002,0.000,,,,,NVIDIA A100-SXM4-40GB MIG 4g.20gb (0),1,,13,"void ch_est::windowedChEstPreNoDftSOfdmKernel<float, __half, float, (unsigned int)2, (unsigned int)1, (unsigned short)4>(ch_est::puschRxChEstStatDescr_t *, ch_est::puschRxChEstDynDescr_t *)"
20594966790,6784,429967,137,2,1,24,2,1,44,0.001,0.001,,,,,NVIDIA A100-SXM4-40GB MIG 4g.20gb (0),1,,13,"void ch_est::chEstFilterNoDftSOfdmDispatchKernel<float, __half, float, (unsigned int)2>(ch_est::puschRxChEstStatDescr_t *, ch_est::puschRxChEstDynDescr_t *)"
20594975686,4736,429968,137,2,1,24,2,1,44,0.001,0.001,,,,,NVIDIA A100-SXM4-40GB MIG 4g.20gb (0),1,,13,"void ch_est::chEstFilterNoDftSOfdmDispatchKernel<float, __half, float, (unsigned int)2>(ch_est::puschRxChEstStatDescr_t *, ch_est::puschRxChEstDynDescr_t *)"
20594982278,2560,429979,103,1,1,128,1,1,16,0.000,0.000,,,,,NVIDIA A100-SXM4-40GB MIG 4g.20gb (0),1,,13,cupy_copy__complex64_complex64
20594986342,12864,429989,1434,1,1,128,1,1,16,0.000,0.000,,,,,NVIDIA A100-SXM4-40GB MIG 4g.20gb (0),1,,13,cupy_copy__complex64_complex64
20595000966,2527,429996,103,1,1,128,1,1,16,0.000,0.000,,,,,NVIDIA A100-SXM4-40GB MIG 4g.20gb (0),1,,13,cupy_copy__complex64_complex64
20595005157,79296,430003,1,1,1,32,32,1,30,0.000,0.000,,,,,NVIDIA A100-SXM4-40GB MIG 4g.20gb (0),1,,13,"void convert_kernel<__half2, float2>(tensor_layout_any, T1 *, tensor_layout_any, const T2 *)"
20595121092,5344,430006,,,,,,,,,,0.094,17532.864,Pinned,Device,NVIDIA A100-SXM4-40GB MIG 4g.20gb (0),1,,13,[CUDA memcpy Host-to-Device]
20595131396,46272,430007,,,,,,,,,,35.810,773888.181,Device,,NVIDIA A100-SXM4-40GB MIG 4g.20gb (0),1,,13,[CUDA memset]
20595183907,1856,430009,,,,,,,,,,0.000,43.103,Pinned,Device,NVIDIA A100-SXM4-40GB MIG 4g.20gb (0),1,,13,[CUDA memcpy Host-to-Device]
20595188291,9728,430010,,,,,,,,,,0.197,20210.516,Pinned,Device,NVIDIA A100-SXM4-40GB MIG 4g.20gb (0),1,,13,[CUDA memcpy Host-to-Device]
20595202307,8608,430011,273,1,1,48,1,1,40,0.000,0.001,,,,,NVIDIA A100-SXM4-40GB MIG 4g.20gb (0),1,,13,"void pusch_noise_intf_est::noiseIntfEstNoDftSOfdmKernel<float, __half, float, float, (unsigned int)2, (unsigned int)1, (unsigned char)4, (unsigned char)4>(pusch_noise_intf_est::puschRxNoiseIntfEstDynDescr)"
20595211875,2848,430022,35,1,1,128,1,1,16,0.000,0.000,,,,,NVIDIA A100-SXM4-40GB MIG 4g.20gb (0),1,,13,cupy_copy__complex64_complex64
20595248259,1856,430031,1,1,1,1,1,1,18,0.000,0.000,,,,,NVIDIA A100-SXM4-40GB MIG 4g.20gb (0),1,,13,cupy_copy__float32_float32
20595287746,1568,430037,,,,,,,,,,0.000,2.551,Device,Pageable,NVIDIA A100-SXM4-40GB MIG 4g.20gb (0),1,,7,[CUDA memcpy Device-to-Host]
20595357858,13567,430048,1434,1,1,128,1,1,16,0.000,0.000,,,,,NVIDIA A100-SXM4-40GB MIG 4g.20gb (0),1,,13,cupy_copy__complex64_complex64
20595383777,2752,430055,103,1,1,128,1,1,16,0.000,0.000,,,,,NVIDIA A100-SXM4-40GB MIG 4g.20gb (0),1,,13,cupy_copy__complex64_complex64
20595405057,2240,430062,35,1,1,128,1,1,16,0.000,0.000,,,,,NVIDIA A100-SXM4-40GB MIG 4g.20gb (0),1,,13,cupy_copy__complex64_complex64
20595471520,2112,430069,1,1,1,1,1,1,18,0.000,0.000,,,,,NVIDIA A100-SXM4-40GB MIG 4g.20gb (0),1,,13,cupy_copy__float32_float32
20595607935,230269,430080,1,1,1,32,32,1,30,0.000,0.000,,,,,NVIDIA A100-SXM4-40GB MIG 4g.20gb (0),1,,13,"void convert_kernel<__half2, float2>(tensor_layout_any, T1 *, tensor_layout_any, const T2 *)"
20595874524,5984,430083,,,,,,,,,,0.094,15657.726,Pinned,Device,NVIDIA A100-SXM4-40GB MIG 4g.20gb (0),1,,13,[CUDA memcpy Host-to-Device]
20595998010,20096,430084,,,,,,,,,,1.547,76961.557,Device,,NVIDIA A100-SXM4-40GB MIG 4g.20gb (0),1,,13,[CUDA memset]
20596023290,3424,430089,,,,,,,,,,0.031,9140.185,Pinned,Device,NVIDIA A100-SXM4-40GB MIG 4g.20gb (0),1,,13,[CUDA memcpy Host-to-Device]
20596029242,9952,430090,,,,,,,,,,0.197,19755.565,Pinned,Device,NVIDIA A100-SXM4-40GB MIG 4g.20gb (0),1,,13,[CUDA memcpy Host-to-Device]
20596046938,8160,430091,273,1,1,8,4,1,39,0.002,0.000,,,,,NVIDIA A100-SXM4-40GB MIG 4g.20gb (0),1,,13,"void channel_eq::eqMmseCoefCompLowMimoKernel<float, float, float, (unsigned int)4, (unsigned int)1, (unsigned int)4>(const channel_eq::_puschRxChEqStatDescr *, channel_eq::_puschRxChEqCoefCompDynDescr)"
20596057082,7168,430092,273,1,1,12,11,1,51,0.002,0.000,,,,,NVIDIA A100-SXM4-40GB MIG 4g.20gb (0),1,,13,"void channel_eq::eqMmseSoftDemapKernel<float, __half, __half, float, (unsigned int)4, (unsigned short)16383>(channel_eq::_puschRxChEqStatDescr *, channel_eq::_puschRxChEqSoftDemapDynDescr)"
20596065818,464250,430093,1,1,1,32,32,1,30,0.000,0.000,,,,,NVIDIA A100-SXM4-40GB MIG 4g.20gb (0),1,,13,"void convert_kernel<float2, __half2>(tensor_layout_any, T1 *, tensor_layout_any, const T2 *)"
20596643187,16896,430105,2253,1,1,128,1,1,16,0.000,0.000,,,,,NVIDIA A100-SXM4-40GB MIG 4g.20gb (0),1,,13,cupy_copy__float16_float16
20596975727,16384,430114,282,1,1,128,1,1,16,0.000,0.000,,,,,NVIDIA A100-SXM4-40GB MIG 4g.20gb (0),1,,13,cupy_copy__complex64_complex64
20597253516,5920,430123,26,1,1,128,1,1,16,0.000,0.000,,,,,NVIDIA A100-SXM4-40GB MIG 4g.20gb (0),1,,13,cupy_copy__float32_float32
20597376651,20512,430132,103,1,1,128,1,1,16,0.000,0.000,,,,,NVIDIA A100-SXM4-40GB MIG 4g.20gb (0),1,,13,cupy_copy__complex64_complex64
20597400203,22495,430142,1434,1,1,128,1,1,16,0.000,0.000,,,,,NVIDIA A100-SXM4-40GB MIG 4g.20gb (0),1,,13,cupy_copy__complex64_complex64
20597425738,130943,430147,1,1,1,32,32,1,30,0.000,0.000,,,,,NVIDIA A100-SXM4-40GB MIG 4g.20gb (0),1,,13,"void convert_kernel<__half2, float2>(tensor_layout_any, T1 *, tensor_layout_any, const T2 *)"
20597586665,5632,430150,,,,,,,,,,0.094,16636.287,Pinned,Device,NVIDIA A100-SXM4-40GB MIG 4g.20gb (0),1,,13,[CUDA memcpy Host-to-Device]
20597598281,603321,430151,,,,,,,,,,456.561,756522.306,Device,,NVIDIA A100-SXM4-40GB MIG 4g.20gb (0),1,,13,[CUDA memset]
20598206562,49695,430156,,,,,,,,,,1.235,24849.543,Pinned,Device,NVIDIA A100-SXM4-40GB MIG 4g.20gb (0),1,,13,[CUDA memcpy Host-to-Device]
20598258849,9728,430157,,,,,,,,,,0.197,20210.516,Pinned,Device,NVIDIA A100-SXM4-40GB MIG 4g.20gb (0),1,,13,[CUDA memcpy Host-to-Device]
20598315425,46943,430158,69,4,1,48,1,1,76,0.002,0.000,,,,,NVIDIA A100-SXM4-40GB MIG 4g.20gb (0),1,,13,"void ch_est::windowedChEstPreNoDftSOfdmKernel<float, __half, float, (unsigned int)2, (unsigned int)1, (unsigned short)4>(ch_est::puschRxChEstStatDescr_t *, ch_est::puschRxChEstDynDescr_t *)"
20598364736,10176,430159,137,2,1,24,2,1,44,0.001,0.001,,,,,NVIDIA A100-SXM4-40GB MIG 4g.20gb (0),1,,13,"void ch_est::chEstFilterNoDftSOfdmDispatchKernel<float, __half, float, (unsigned int)2>(ch_est::puschRxChEstStatDescr_t *, ch_est::puschRxChEstDynDescr_t *)"
20598480351,46303,430160,137,2,1,24,2,1,44,0.001,0.001,,,,,NVIDIA A100-SXM4-40GB MIG 4g.20gb (0),1,,13,"void ch_est::chEstFilterNoDftSOfdmDispatchKernel<float, __half, float, (unsigned int)2>(ch_est::puschRxChEstStatDescr_t *, ch_est::puschRxChEstDynDescr_t *)"
20598531294,4288,430171,103,1,1,128,1,1,16,0.000,0.000,,,,,NVIDIA A100-SXM4-40GB MIG 4g.20gb (0),1,,13,cupy_copy__complex64_complex64
20598540990,13088,430181,1434,1,1,128,1,1,16,0.000,0.000,,,,,NVIDIA A100-SXM4-40GB MIG 4g.20gb (0),1,,13,cupy_copy__complex64_complex64
20598556062,2560,430188,103,1,1,128,1,1,16,0.000,0.000,,,,,NVIDIA A100-SXM4-40GB MIG 4g.20gb (0),1,,13,cupy_copy__complex64_complex64
20598560094,124126,430195,1,1,1,32,32,1,30,0.000,0.000,,,,,NVIDIA A100-SXM4-40GB MIG 4g.20gb (0),1,,13,"void convert_kernel<__half2, float2>(tensor_layout_any, T1 *, tensor_layout_any, const T2 *)"
20598715164,5632,430198,,,,,,,,,,0.094,16636.287,Pinned,Device,NVIDIA A100-SXM4-40GB MIG 4g.20gb (0),1,,13,[CUDA memcpy Host-to-Device]
20598725212,50335,430199,,,,,,,,,,35.810,711399.871,Device,,NVIDIA A100-SXM4-40GB MIG 4g.20gb (0),1,,13,[CUDA memset]
20598780251,2080,430201,,,,,,,,,,0.000,38.462,Pinned,Device,NVIDIA A100-SXM4-40GB MIG 4g.20gb (0),1,,13,[CUDA memcpy Host-to-Device]
20598784763,9312,430202,,,,,,,,,,0.197,21113.340,Pinned,Device,NVIDIA A100-SXM4-40GB MIG 4g.20gb (0),1,,13,[CUDA memcpy Host-to-Device]
20598823803,15648,430203,273,1,1,48,1,1,40,0.000,0.001,,,,,NVIDIA A100-SXM4-40GB MIG 4g.20gb (0),1,,13,"void pusch_noise_intf_est::noiseIntfEstNoDftSOfdmKernel<float, __half, float, float, (unsigned int)2, (unsigned int)1, (unsigned char)4, (unsigned char)4>(pusch_noise_intf_est::puschRxNoiseIntfEstDynDescr)"
20598841179,2944,430214,35,1,1,128,1,1,16,0.000,0.000,,,,,NVIDIA A100-SXM4-40GB MIG 4g.20gb (0),1,,13,cupy_copy__complex64_complex64
20598846139,3072,430223,1,1,1,1,1,1,18,0.000,0.000,,,,,NVIDIA A100-SXM4-40GB MIG 4g.20gb (0),1,,13,cupy_copy__float32_float32
20598879162,2368,430229,,,,,,,,,,0.000,1.689,Device,Pageable,NVIDIA A100-SXM4-40GB MIG 4g.20gb (0),1,,7,[CUDA memcpy Device-to-Host]
20598945242,21727,430240,1434,1,1,128,1,1,16,0.000,0.000,,,,,NVIDIA A100-SXM4-40GB MIG 4g.20gb (0),1,,13,cupy_copy__complex64_complex64
20598996473,9536,430247,103,1,1,128,1,1,16,0.000,0.000,,,,,NVIDIA A100-SXM4-40GB MIG 4g.20gb (0),1,,13,cupy_copy__complex64_complex64
20599008409,2976,430254,35,1,1,128,1,1,16,0.000,0.000,,,,,NVIDIA A100-SXM4-40GB MIG 4g.20gb (0),1,,13,cupy_copy__complex64_complex64
20599013497,2080,430261,1,1,1,1,1,1,18,0.000,0.000,,,,,NVIDIA A100-SXM4-40GB MIG 4g.20gb (0),1,,13,cupy_copy__float32_float32
20599160599,325404,430272,1,1,1,32,32,1,30,0.000,0.000,,,,,NVIDIA A100-SXM4-40GB MIG 4g.20gb (0),1,,13,"void convert_kernel<__half2, float2>(tensor_layout_any, T1 *, tensor_layout_any, const T2 *)"
20599515507,5568,430275,,,,,,,,,,0.094,16827.521,Pinned,Device,NVIDIA A100-SXM4-40GB MIG 4g.20gb (0),1,,13,[CUDA memcpy Host-to-Device]
20599529075,3776,430276,,,,,,,,,,1.547,409592.434,Device,,NVIDIA A100-SXM4-40GB MIG 4g.20gb (0),1,,13,[CUDA memset]
20599535507,3072,430281,,,,,,,,,,0.031,10187.474,Pinned,Device,NVIDIA A100-SXM4-40GB MIG 4g.20gb (0),1,,13,[CUDA memcpy Host-to-Device]
20599540659,9408,430282,,,,,,,,,,0.197,20897.858,Pinned,Device,NVIDIA A100-SXM4-40GB MIG 4g.20gb (0),1,,13,[CUDA memcpy Host-to-Device]
20599554739,6976,430283,273,1,1,8,4,1,39,0.002,0.000,,,,,NVIDIA A100-SXM4-40GB MIG 4g.20gb (0),1,,13,"void channel_eq::eqMmseCoefCompLowMimoKernel<float, float, float, (unsigned int)4, (unsigned int)1, (unsigned int)4>(const channel_eq::_puschRxChEqStatDescr *, channel_eq::_puschRxChEqCoefCompDynDescr)"
20599563507,6752,430284,273,1,1,12,11,1,51,0.002,0.000,,,,,NVIDIA A100-SXM4-40GB MIG 4g.20gb (0),1,,13,"void channel_eq::eqMmseSoftDemapKernel<float, __half, __half, float, (unsigned int)4, (unsigned short)16383>(channel_eq::_puschRxChEqStatDescr *, channel_eq::_puschRxChEqSoftDemapDynDescr)"
20599572723,366139,430285,1,1,1,32,32,1,30,0.000,0.000,,,,,NVIDIA A100-SXM4-40GB MIG 4g.20gb (0),1,,13,"void convert_kernel<float2, __half2>(tensor_layout_any, T1 *, tensor_layout_any, const T2 *)"
20599941134,11488,430297,2253,1,1,128,1,1,16,0.000,0.000,,,,,NVIDIA A100-SXM4-40GB MIG 4g.20gb (0),1,,13,cupy_copy__float16_float16
20599954606,3520,430306,282,1,1,128,1,1,16,0.000,0.000,,,,,NVIDIA A100-SXM4-40GB MIG 4g.20gb (0),1,,13,cupy_copy__complex64_complex64
20599960590,2304,430315,26,1,1,128,1,1,16,0.000,0.000,,,,,NVIDIA A100-SXM4-40GB MIG 4g.20gb (0),1,,13,cupy_copy__float32_float32
20599964718,3136,430324,103,1,1,128,1,1,16,0.000,0.000,,,,,NVIDIA A100-SXM4-40GB MIG 4g.20gb (0),1,,13,cupy_copy__complex64_complex64
20599969102,12288,430334,1434,1,1,128,1,1,16,0.000,0.000,,,,,NVIDIA A100-SXM4-40GB MIG 4g.20gb (0),1,,13,cupy_copy__complex64_complex64
20599982990,80383,430339,1,1,1,32,32,1,30,0.000,0.000,,,,,NVIDIA A100-SXM4-40GB MIG 4g.20gb (0),1,,13,"void convert_kernel<__half2, float2>(tensor_layout_any, T1 *, tensor_layout_any, const T2 *)"
20600092237,5376,430342,,,,,,,,,,0.094,17428.487,Pinned,Device,NVIDIA A100-SXM4-40GB MIG 4g.20gb (0),1,,13,[CUDA memcpy Host-to-Device]
20600145420,607961,430343,,,,,,,,,,456.561,750587.007,Device,,NVIDIA A100-SXM4-40GB MIG 4g.20gb (0),1,,13,[CUDA memset]
20600758565,50336,430348,,,,,,,,,,1.235,24533.398,Pinned,Device,NVIDIA A100-SXM4-40GB MIG 4g.20gb (0),1,,13,[CUDA memcpy Host-to-Device]
20600812933,9504,430349,,,,,,,,,,0.197,20686.701,Pinned,Device,NVIDIA A100-SXM4-40GB MIG 4g.20gb (0),1,,13,[CUDA memcpy Host-to-Device]
20600828996,7264,430350,69,4,1,48,1,1,76,0.002,0.000,,,,,NVIDIA A100-SXM4-40GB MIG 4g.20gb (0),1,,13,"void ch_est::windowedChEstPreNoDftSOfdmKernel<float, __half, float, (unsigned int)2, (unsigned int)1, (unsigned short)4>(ch_est::puschRxChEstStatDescr_t *, ch_est::puschRxChEstDynDescr_t *)"
20600838084,6784,430351,137,2,1,24,2,1,44,0.001,0.001,,,,,NVIDIA A100-SXM4-40GB MIG 4g.20gb (0),1,,13,"void ch_est::chEstFilterNoDftSOfdmDispatchKernel<float, __half, float, (unsigned int)2>(ch_est::puschRxChEstStatDescr_t *, ch_est::puschRxChEstDynDescr_t *)"
20600846180,4704,430352,137,2,1,24,2,1,44,0.001,0.001,,,,,NVIDIA A100-SXM4-40GB MIG 4g.20gb (0),1,,13,"void ch_est::chEstFilterNoDftSOfdmDispatchKernel<float, __half, float, (unsigned int)2>(ch_est::puschRxChEstStatDescr_t *, ch_est::puschRxChEstDynDescr_t *)"
20600852548,2560,430363,103,1,1,128,1,1,16,0.000,0.000,,,,,NVIDIA A100-SXM4-40GB MIG 4g.20gb (0),1,,13,cupy_copy__complex64_complex64
20600856676,13376,430373,1434,1,1,128,1,1,16,0.000,0.000,,,,,NVIDIA A100-SXM4-40GB MIG 4g.20gb (0),1,,13,cupy_copy__complex64_complex64
20600871364,2496,430380,103,1,1,128,1,1,16,0.000,0.000,,,,,NVIDIA A100-SXM4-40GB MIG 4g.20gb (0),1,,13,cupy_copy__complex64_complex64
20600919651,263166,430387,1,1,1,32,32,1,30,0.000,0.000,,,,,NVIDIA A100-SXM4-40GB MIG 4g.20gb (0),1,,13,"void convert_kernel<__half2, float2>(tensor_layout_any, T1 *, tensor_layout_any, const T2 *)"
20601213792,6336,430390,,,,,,,,,,0.094,14787.852,Pinned,Device,NVIDIA A100-SXM4-40GB MIG 4g.20gb (0),1,,13,[CUDA memcpy Host-to-Device]
20601245152,45247,430391,,,,,,,,,,35.810,791399.232,Device,,NVIDIA A100-SXM4-40GB MIG 4g.20gb (0),1,,13,[CUDA memset]
20601296991,2208,430393,,,,,,,,,,0.000,36.232,Pinned,Device,NVIDIA A100-SXM4-40GB MIG 4g.20gb (0),1,,13,[CUDA memcpy Host-to-Device]
20601303007,9920,430394,,,,,,,,,,0.197,19819.266,Pinned,Device,NVIDIA A100-SXM4-40GB MIG 4g.20gb (0),1,,13,[CUDA memcpy Host-to-Device]
20601333855,27840,430395,273,1,1,48,1,1,40,0.000,0.001,,,,,NVIDIA A100-SXM4-40GB MIG 4g.20gb (0),1,,13,"void pusch_noise_intf_est::noiseIntfEstNoDftSOfdmKernel<float, __half, float, float, (unsigned int)2, (unsigned int)1, (unsigned char)4, (unsigned char)4>(pusch_noise_intf_est::puschRxNoiseIntfEstDynDescr)"
20601563452,9088,430406,35,1,1,128,1,1,16,0.000,0.000,,,,,NVIDIA A100-SXM4-40GB MIG 4g.20gb (0),1,,13,cupy_copy__complex64_complex64
20601686715,9184,430415,1,1,1,1,1,1,18,0.000,0.000,,,,,NVIDIA A100-SXM4-40GB MIG 4g.20gb (0),1,,13,cupy_copy__float32_float32
20601702075,1632,430421,,,,,,,,,,0.000,2.451,Device,Pageable,NVIDIA A100-SXM4-40GB MIG 4g.20gb (0),1,,7,[CUDA memcpy Device-to-Host]
20601765786,14816,430432,1434,1,1,128,1,1,16,0.000,0.000,,,,,NVIDIA A100-SXM4-40GB MIG 4g.20gb (0),1,,13,cupy_copy__complex64_complex64
20601984632,8480,430439,103,1,1,128,1,1,16,0.000,0.000,,,,,NVIDIA A100-SXM4-40GB MIG 4g.20gb (0),1,,13,cupy_copy__complex64_complex64
20602110326,18304,430446,35,1,1,128,1,1,16,0.000,0.000,,,,,NVIDIA A100-SXM4-40GB MIG 4g.20gb (0),1,,13,cupy_copy__complex64_complex64
20602193813,6464,430453,1,1,1,1,1,1,18,0.000,0.000,,,,,NVIDIA A100-SXM4-40GB MIG 4g.20gb (0),1,,13,cupy_copy__float32_float32
20602422227,298524,430464,1,1,1,32,32,1,30,0.000,0.000,,,,,NVIDIA A100-SXM4-40GB MIG 4g.20gb (0),1,,13,"void convert_kernel<__half2, float2>(tensor_layout_any, T1 *, tensor_layout_any, const T2 *)"
20602750607,6464,430467,,,,,,,,,,0.094,14494.959,Pinned,Device,NVIDIA A100-SXM4-40GB MIG 4g.20gb (0),1,,13,[CUDA memcpy Host-to-Device]
20602956141,21152,430468,,,,,,,,,,1.547,73118.196,Device,,NVIDIA A100-SXM4-40GB MIG 4g.20gb (0),1,,13,[CUDA memset]
20602980876,4640,430473,,,,,,,,,,0.031,6744.820,Pinned,Device,NVIDIA A100-SXM4-40GB MIG 4g.20gb (0),1,,13,[CUDA memcpy Host-to-Device]
20602989388,9952,430474,,,,,,,,,,0.197,19755.565,Pinned,Device,NVIDIA A100-SXM4-40GB MIG 4g.20gb (0),1,,13,[CUDA memcpy Host-to-Device]
20603005228,15264,430475,273,1,1,8,4,1,39,0.002,0.000,,,,,NVIDIA A100-SXM4-40GB MIG 4g.20gb (0),1,,13,"void channel_eq::eqMmseCoefCompLowMimoKernel<float, float, float, (unsigned int)4, (unsigned int)1, (unsigned int)4>(const channel_eq::_puschRxChEqStatDescr *, channel_eq::_puschRxChEqCoefCompDynDescr)"
20603121579,48767,430476,273,1,1,12,11,1,51,0.002,0.000,,,,,NVIDIA A100-SXM4-40GB MIG 4g.20gb (0),1,,13,"void channel_eq::eqMmseSoftDemapKernel<float, __half, __half, float, (unsigned int)4, (unsigned short)16383>(channel_eq::_puschRxChEqStatDescr *, channel_eq::_puschRxChEqSoftDemapDynDescr)"
20603172330,482331,430477,1,1,1,32,32,1,30,0.000,0.000,,,,,NVIDIA A100-SXM4-40GB MIG 4g.20gb (0),1,,13,"void convert_kernel<float2, __half2>(tensor_layout_any, T1 *, tensor_layout_any, const T2 *)"
20603656485,12192,430489,2253,1,1,128,1,1,16,0.000,0.000,,,,,NVIDIA A100-SXM4-40GB MIG 4g.20gb (0),1,,13,cupy_copy__float16_float16
20603670949,3776,430498,282,1,1,128,1,1,16,0.000,0.000,,,,,NVIDIA A100-SXM4-40GB MIG 4g.20gb (0),1,,13,cupy_copy__complex64_complex64
20603676741,2272,430507,26,1,1,128,1,1,16,0.000,0.000,,,,,NVIDIA A100-SXM4-40GB MIG 4g.20gb (0),1,,13,cupy_copy__float32_float32
20603680453,3168,430516,103,1,1,128,1,1,16,0.000,0.000,,,,,NVIDIA A100-SXM4-40GB MIG 4g.20gb (0),1,,13,cupy_copy__complex64_complex64
20603684805,12160,430526,1434,1,1,128,1,1,16,0.000,0.000,,,,,NVIDIA A100-SXM4-40GB MIG 4g.20gb (0),1,,13,cupy_copy__complex64_complex64
20603698852,79648,430531,1,1,1,32,32,1,30,0.000,0.000,,,,,NVIDIA A100-SXM4-40GB MIG 4g.20gb (0),1,,13,"void convert_kernel<__half2, float2>(tensor_layout_any, T1 *, tensor_layout_any, const T2 *)"
20603807683,5376,430534,,,,,,,,,,0.094,17428.487,Pinned,Device,NVIDIA A100-SXM4-40GB MIG 4g.20gb (0),1,,13,[CUDA memcpy Host-to-Device]
20603817411,603161,430535,,,,,,,,,,456.561,756522.306,Device,,NVIDIA A100-SXM4-40GB MIG 4g.20gb (0),1,,13,[CUDA memset]
20604423132,48832,430540,,,,,,,,,,1.235,25289.183,Pinned,Device,NVIDIA A100-SXM4-40GB MIG 4g.20gb (0),1,,13,[CUDA memcpy Host-to-Device]
20604474396,9312,430541,,,,,,,,,,0.197,21113.340,Pinned,Device,NVIDIA A100-SXM4-40GB MIG 4g.20gb (0),1,,13,[CUDA memcpy Host-to-Device]
20604488668,7424,430542,69,4,1,48,1,1,76,0.002,0.000,,,,,NVIDIA A100-SXM4-40GB MIG 4g.20gb (0),1,,13,"void ch_est::windowedChEstPreNoDftSOfdmKernel<float, __half, float, (unsigned int)2, (unsigned int)1, (unsigned short)4>(ch_est::puschRxChEstStatDescr_t *, ch_est::puschRxChEstDynDescr_t *)"
20604498396,6751,430543,137,2,1,24,2,1,44,0.001,0.001,,,,,NVIDIA A100-SXM4-40GB MIG 4g.20gb (0),1,,13,"void ch_est::chEstFilterNoDftSOfdmDispatchKernel<float, __half, float, (unsigned int)2>(ch_est::puschRxChEstStatDescr_t *, ch_est::puschRxChEstDynDescr_t *)"
20604507195,4768,430544,137,2,1,24,2,1,44,0.001,0.001,,,,,NVIDIA A100-SXM4-40GB MIG 4g.20gb (0),1,,13,"void ch_est::chEstFilterNoDftSOfdmDispatchKernel<float, __half, float, (unsigned int)2>(ch_est::puschRxChEstStatDescr_t *, ch_est::puschRxChEstDynDescr_t *)"
20604514203,2592,430555,103,1,1,128,1,1,16,0.000,0.000,,,,,NVIDIA A100-SXM4-40GB MIG 4g.20gb (0),1,,13,cupy_copy__complex64_complex64
20604518235,12992,430565,1434,1,1,128,1,1,16,0.000,0.000,,,,,NVIDIA A100-SXM4-40GB MIG 4g.20gb (0),1,,13,cupy_copy__complex64_complex64
20604532507,2496,430572,103,1,1,128,1,1,16,0.000,0.000,,,,,NVIDIA A100-SXM4-40GB MIG 4g.20gb (0),1,,13,cupy_copy__complex64_complex64
20604536571,80703,430579,1,1,1,32,32,1,30,0.000,0.000,,,,,NVIDIA A100-SXM4-40GB MIG 4g.20gb (0),1,,13,"void convert_kernel<__half2, float2>(tensor_layout_any, T1 *, tensor_layout_any, const T2 *)"
20604647802,5344,430582,,,,,,,,,,0.094,17532.864,Pinned,Device,NVIDIA A100-SXM4-40GB MIG 4g.20gb (0),1,,13,[CUDA memcpy Host-to-Device]
20604659514,46367,430583,,,,,,,,,,35.810,772312.545,Device,,NVIDIA A100-SXM4-40GB MIG 4g.20gb (0),1,,13,[CUDA memset]
20604709497,2112,430585,,,,,,,,,,0.000,37.879,Pinned,Device,NVIDIA A100-SXM4-40GB MIG 4g.20gb (0),1,,13,[CUDA memcpy Host-to-Device]
20604714041,9568,430586,,,,,,,,,,0.197,20548.485,Pinned,Device,NVIDIA A100-SXM4-40GB MIG 4g.20gb (0),1,,13,[CUDA memcpy Host-to-Device]
20604728281,10528,430587,273,1,1,48,1,1,40,0.000,0.001,,,,,NVIDIA A100-SXM4-40GB MIG 4g.20gb (0),1,,13,"void pusch_noise_intf_est::noiseIntfEstNoDftSOfdmKernel<float, __half, float, float, (unsigned int)2, (unsigned int)1, (unsigned char)4, (unsigned char)4>(pusch_noise_intf_est::puschRxNoiseIntfEstDynDescr)"
20604739865,2688,430598,35,1,1,128,1,1,16,0.000,0.000,,,,,NVIDIA A100-SXM4-40GB MIG 4g.20gb (0),1,,13,cupy_copy__complex64_complex64
20604766649,1888,430607,1,1,1,1,1,1,18,0.000,0.000,,,,,NVIDIA A100-SXM4-40GB MIG 4g.20gb (0),1,,13,cupy_copy__float32_float32
20604802008,1600,430613,,,,,,,,,,0.000,2.500,Device,Pageable,NVIDIA A100-SXM4-40GB MIG 4g.20gb (0),1,,7,[CUDA memcpy Device-to-Host]
20604903575,29568,430624,1434,1,1,128,1,1,16,0.000,0.000,,,,,NVIDIA A100-SXM4-40GB MIG 4g.20gb (0),1,,13,cupy_copy__complex64_complex64
20604935767,3584,430631,103,1,1,128,1,1,16,0.000,0.000,,,,,NVIDIA A100-SXM4-40GB MIG 4g.20gb (0),1,,13,cupy_copy__complex64_complex64
20604942647,2752,430638,35,1,1,128,1,1,16,0.000,0.000,,,,,NVIDIA A100-SXM4-40GB MIG 4g.20gb (0),1,,13,cupy_copy__complex64_complex64
20604947383,3744,430645,1,1,1,1,1,1,18,0.000,0.000,,,,,NVIDIA A100-SXM4-40GB MIG 4g.20gb (0),1,,13,cupy_copy__float32_float32
20605076661,197374,430656,1,1,1,32,32,1,30,0.000,0.000,,,,,NVIDIA A100-SXM4-40GB MIG 4g.20gb (0),1,,13,"void convert_kernel<__half2, float2>(tensor_layout_any, T1 *, tensor_layout_any, const T2 *)"
20605307859,6335,430659,,,,,,,,,,0.094,14790.195,Pinned,Device,NVIDIA A100-SXM4-40GB MIG 4g.20gb (0),1,,13,[CUDA memcpy Host-to-Device]
20605396690,10399,430660,,,,,,,,,,1.547,148728.004,Device,,NVIDIA A100-SXM4-40GB MIG 4g.20gb (0),1,,13,[CUDA memset]
20605409905,3040,430665,,,,,,,,,,0.031,10294.725,Pinned,Device,NVIDIA A100-SXM4-40GB MIG 4g.20gb (0),1,,13,[CUDA memcpy Host-to-Device]
20605416913,11328,430666,,,,,,,,,,0.197,17355.768,Pinned,Device,NVIDIA A100-SXM4-40GB MIG 4g.20gb (0),1,,13,[CUDA memcpy Host-to-Device]
20605726094,23744,430667,273,1,1,8,4,1,39,0.002,0.000,,,,,NVIDIA A100-SXM4-40GB MIG 4g.20gb (0),1,,13,"void channel_eq::eqMmseCoefCompLowMimoKernel<float, float, float, (unsigned int)4, (unsigned int)1, (unsigned int)4>(const channel_eq::_puschRxChEqStatDescr *, channel_eq::_puschRxChEqCoefCompDynDescr)"
20605911660,16000,430668,273,1,1,12,11,1,51,0.002,0.000,,,,,NVIDIA A100-SXM4-40GB MIG 4g.20gb (0),1,,13,"void channel_eq::eqMmseSoftDemapKernel<float, __half, __half, float, (unsigned int)4, (unsigned short)16383>(channel_eq::_puschRxChEqStatDescr *, channel_eq::_puschRxChEqSoftDemapDynDescr)"
20605988843,576634,430669,1,1,1,32,32,1,30,0.000,0.000,,,,,NVIDIA A100-SXM4-40GB MIG 4g.20gb (0),1,,13,"void convert_kernel<float2, __half2>(tensor_layout_any, T1 *, tensor_layout_any, const T2 *)"
20606623620,20576,430681,2253,1,1,128,1,1,16,0.000,0.000,,,,,NVIDIA A100-SXM4-40GB MIG 4g.20gb (0),1,,13,cupy_copy__float16_float16
20606800450,10336,430690,282,1,1,128,1,1,16,0.000,0.000,,,,,NVIDIA A100-SXM4-40GB MIG 4g.20gb (0),1,,13,cupy_copy__complex64_complex64
20606869985,6240,430699,26,1,1,128,1,1,16,0.000,0.000,,,,,NVIDIA A100-SXM4-40GB MIG 4g.20gb (0),1,,13,cupy_copy__float32_float32
20607043423,9408,430708,103,1,1,128,1,1,16,0.000,0.000,,,,,NVIDIA A100-SXM4-40GB MIG 4g.20gb (0),1,,13,cupy_copy__complex64_complex64
20607055295,13664,430718,1434,1,1,128,1,1,16,0.000,0.000,,,,,NVIDIA A100-SXM4-40GB MIG 4g.20gb (0),1,,13,cupy_copy__complex64_complex64
20607223805,229214,430723,1,1,1,32,32,1,30,0.000,0.000,,,,,NVIDIA A100-SXM4-40GB MIG 4g.20gb (0),1,,13,"void convert_kernel<__half2, float2>(tensor_layout_any, T1 *, tensor_layout_any, const T2 *)"
20607485018,7744,430726,,,,,,,,,,0.094,12099.152,Pinned,Device,NVIDIA A100-SXM4-40GB MIG 4g.20gb (0),1,,13,[CUDA memcpy Host-to-Device]
20607568569,606010,430727,,,,,,,,,,456.561,753326.376,Device,,NVIDIA A100-SXM4-40GB MIG 4g.20gb (0),1,,13,[CUDA memset]
20608176275,51263,430732,,,,,,,,,,1.235,24090.053,Pinned,Device,NVIDIA A100-SXM4-40GB MIG 4g.20gb (0),1,,13,[CUDA memcpy Host-to-Device]
20608230034,11808,430733,,,,,,,,,,0.197,16650.338,Pinned,Device,NVIDIA A100-SXM4-40GB MIG 4g.20gb (0),1,,13,[CUDA memcpy Host-to-Device]
20608331249,12160,430734,69,4,1,48,1,1,76,0.002,0.000,,,,,NVIDIA A100-SXM4-40GB MIG 4g.20gb (0),1,,13,"void ch_est::windowedChEstPreNoDftSOfdmKernel<float, __half, float, (unsigned int)2, (unsigned int)1, (unsigned short)4>(ch_est::puschRxChEstStatDescr_t *, ch_est::puschRxChEstDynDescr_t *)"
20608504655,12352,430735,137,2,1,24,2,1,44,0.001,0.001,,,,,NVIDIA A100-SXM4-40GB MIG 4g.20gb (0),1,,13,"void ch_est::chEstFilterNoDftSOfdmDispatchKernel<float, __half, float, (unsigned int)2>(ch_est::puschRxChEstStatDescr_t *, ch_est::puschRxChEstDynDescr_t *)"
20608682413,23616,430736,137,2,1,24,2,1,44,0.001,0.001,,,,,NVIDIA A100-SXM4-40GB MIG 4g.20gb (0),1,,13,"void ch_est::chEstFilterNoDftSOfdmDispatchKernel<float, __half, float, (unsigned int)2>(ch_est::puschRxChEstStatDescr_t *, ch_est::puschRxChEstDynDescr_t *)"
20609058921,53055,430747,103,1,1,128,1,1,16,0.000,0.000,,,,,NVIDIA A100-SXM4-40GB MIG 4g.20gb (0),1,,13,cupy_copy__complex64_complex64
20609375109,23968,430757,1434,1,1,128,1,1,16,0.000,0.000,,,,,NVIDIA A100-SXM4-40GB MIG 4g.20gb (0),1,,13,cupy_copy__complex64_complex64
20609580323,6176,430764,103,1,1,128,1,1,16,0.000,0.000,,,,,NVIDIA A100-SXM4-40GB MIG 4g.20gb (0),1,,13,cupy_copy__complex64_complex64
20609587555,235165,430771,1,1,1,32,32,1,30,0.000,0.000,,,,,NVIDIA A100-SXM4-40GB MIG 4g.20gb (0),1,,13,"void convert_kernel<__half2, float2>(tensor_layout_any, T1 *, tensor_layout_any, const T2 *)"
20609884288,118430,430774,,,,,,,,,,0.094,791.075,Pinned,Device,NVIDIA A100-SXM4-40GB MIG 4g.20gb (0),1,,13,[CUDA memcpy Host-to-Device]
20610125341,48703,430775,,,,,,,,,,35.810,735249.277,Device,,NVIDIA A100-SXM4-40GB MIG 4g.20gb (0),1,,13,[CUDA memset]
20610181244,2016,430777,,,,,,,,,,0.000,39.682,Pinned,Device,NVIDIA A100-SXM4-40GB MIG 4g.20gb (0),1,,13,[CUDA memcpy Host-to-Device]
20610186172,10240,430778,,,,,,,,,,0.197,19199.951,Pinned,Device,NVIDIA A100-SXM4-40GB MIG 4g.20gb (0),1,,13,[CUDA memcpy Host-to-Device]
20610254171,26208,430779,273,1,1,48,1,1,40,0.000,0.001,,,,,NVIDIA A100-SXM4-40GB MIG 4g.20gb (0),1,,13,"void pusch_noise_intf_est::noiseIntfEstNoDftSOfdmKernel<float, __half, float, float, (unsigned int)2, (unsigned int)1, (unsigned char)4, (unsigned char)4>(pusch_noise_intf_est::puschRxNoiseIntfEstDynDescr)"
20610282619,3776,430790,35,1,1,128,1,1,16,0.000,0.000,,,,,NVIDIA A100-SXM4-40GB MIG 4g.20gb (0),1,,13,cupy_copy__complex64_complex64
20610287451,1856,430799,1,1,1,1,1,1,18,0.000,0.000,,,,,NVIDIA A100-SXM4-40GB MIG 4g.20gb (0),1,,13,cupy_copy__float32_float32
20610295579,1600,430805,,,,,,,,,,0.000,2.500,Device,Pageable,NVIDIA A100-SXM4-40GB MIG 4g.20gb (0),1,,7,[CUDA memcpy Device-to-Host]
20610397210,29311,430816,1434,1,1,128,1,1,16,0.000,0.000,,,,,NVIDIA A100-SXM4-40GB MIG 4g.20gb (0),1,,13,cupy_copy__complex64_complex64
20610455865,2912,430823,103,1,1,128,1,1,16,0.000,0.000,,,,,NVIDIA A100-SXM4-40GB MIG 4g.20gb (0),1,,13,cupy_copy__complex64_complex64
20610509273,19967,430830,35,1,1,128,1,1,16,0.000,0.000,,,,,NVIDIA A100-SXM4-40GB MIG 4g.20gb (0),1,,13,cupy_copy__complex64_complex64
20610699702,3456,430837,1,1,1,1,1,1,18,0.000,0.000,,,,,NVIDIA A100-SXM4-40GB MIG 4g.20gb (0),1,,13,cupy_copy__float32_float32
20610735958,190174,430848,1,1,1,32,32,1,30,0.000,0.000,,,,,NVIDIA A100-SXM4-40GB MIG 4g.20gb (0),1,,13,"void convert_kernel<__half2, float2>(tensor_layout_any, T1 *, tensor_layout_any, const T2 *)"
20611042707,8991,430851,,,,,,,,,,0.094,10421.057,Pinned,Device,NVIDIA A100-SXM4-40GB MIG 4g.20gb (0),1,,13,[CUDA memcpy Host-to-Device]
20611071602,7040,430852,,,,,,,,,,1.547,219690.206,Device,,NVIDIA A100-SXM4-40GB MIG 4g.20gb (0),1,,13,[CUDA memset]
20611087570,3552,430857,,,,,,,,,,0.031,8810.794,Pinned,Device,NVIDIA A100-SXM4-40GB MIG 4g.20gb (0),1,,13,[CUDA memcpy Host-to-Device]
20611093714,9920,430858,,,,,,,,,,0.197,19819.266,Pinned,Device,NVIDIA A100-SXM4-40GB MIG 4g.20gb (0),1,,13,[CUDA memcpy Host-to-Device]
20611157425,18720,430859,273,1,1,8,4,1,39,0.002,0.000,,,,,NVIDIA A100-SXM4-40GB MIG 4g.20gb (0),1,,13,"void channel_eq::eqMmseCoefCompLowMimoKernel<float, float, float, (unsigned int)4, (unsigned int)1, (unsigned int)4>(const channel_eq::_puschRxChEqStatDescr *, channel_eq::_puschRxChEqCoefCompDynDescr)"
20611178897,6592,430860,273,1,1,12,11,1,51,0.002,0.000,,,,,NVIDIA A100-SXM4-40GB MIG 4g.20gb (0),1,,13,"void channel_eq::eqMmseSoftDemapKernel<float, __half, __half, float, (unsigned int)4, (unsigned short)16383>(channel_eq::_puschRxChEqStatDescr *, channel_eq::_puschRxChEqSoftDemapDynDescr)"
20611189905,462715,430861,1,1,1,32,32,1,30,0.000,0.000,,,,,NVIDIA A100-SXM4-40GB MIG 4g.20gb (0),1,,13,"void convert_kernel<float2, __half2>(tensor_layout_any, T1 *, tensor_layout_any, const T2 *)"
20611655372,11520,430873,2253,1,1,128,1,1,16,0.000,0.000,,,,,NVIDIA A100-SXM4-40GB MIG 4g.20gb (0),1,,13,cupy_copy__float16_float16
20611671628,3392,430882,282,1,1,128,1,1,16,0.000,0.000,,,,,NVIDIA A100-SXM4-40GB MIG 4g.20gb (0),1,,13,cupy_copy__complex64_complex64
20611677132,2271,430891,26,1,1,128,1,1,16,0.000,0.000,,,,,NVIDIA A100-SXM4-40GB MIG 4g.20gb (0),1,,13,cupy_copy__float32_float32
20611681355,3232,430900,103,1,1,128,1,1,16,0.000,0.000,,,,,NVIDIA A100-SXM4-40GB MIG 4g.20gb (0),1,,13,cupy_copy__complex64_complex64
20611686763,12160,430910,1434,1,1,128,1,1,16,0.000,0.000,,,,,NVIDIA A100-SXM4-40GB MIG 4g.20gb (0),1,,13,cupy_copy__complex64_complex64
20611700779,85311,430915,1,1,1,32,32,1,30,0.000,0.000,,,,,NVIDIA A100-SXM4-40GB MIG 4g.20gb (0),1,,13,"void convert_kernel<__half2, float2>(tensor_layout_any, T1 *, tensor_layout_any, const T2 *)"
20611833002,5792,430918,,,,,,,,,,0.094,16176.708,Pinned,Device,NVIDIA A100-SXM4-40GB MIG 4g.20gb (0),1,,13,[CUDA memcpy Host-to-Device]
20611844746,617817,430919,,,,,,,,,,456.561,738716.410,Device,,NVIDIA A100-SXM4-40GB MIG 4g.20gb (0),1,,13,[CUDA memset]
20612466915,63583,430924,,,,,,,,,,1.235,19421.964,Pinned,Device,NVIDIA A100-SXM4-40GB MIG 4g.20gb (0),1,,13,[CUDA memcpy Host-to-Device]
20612539522,14272,430925,,,,,,,,,,0.197,13775.733,Pinned,Device,NVIDIA A100-SXM4-40GB MIG 4g.20gb (0),1,,13,[CUDA memcpy Host-to-Device]
20612595041,9216,430926,69,4,1,48,1,1,76,0.002,0.000,,,,,NVIDIA A100-SXM4-40GB MIG 4g.20gb (0),1,,13,"void ch_est::windowedChEstPreNoDftSOfdmKernel<float, __half, float, (unsigned int)2, (unsigned int)1, (unsigned short)4>(ch_est::puschRxChEstStatDescr_t *, ch_est::puschRxChEstDynDescr_t *)"
20612607937,6976,430927,137,2,1,24,2,1,44,0.001,0.001,,,,,NVIDIA A100-SXM4-40GB MIG 4g.20gb (0),1,,13,"void ch_est::chEstFilterNoDftSOfdmDispatchKernel<float, __half, float, (unsigned int)2>(ch_est::puschRxChEstStatDescr_t *, ch_est::puschRxChEstDynDescr_t *)"
20612618721,7744,430928,137,2,1,24,2,1,44,0.001,0.001,,,,,NVIDIA A100-SXM4-40GB MIG 4g.20gb (0),1,,13,"void ch_est::chEstFilterNoDftSOfdmDispatchKernel<float, __half, float, (unsigned int)2>(ch_est::puschRxChEstStatDescr_t *, ch_est::puschRxChEstDynDescr_t *)"
20612732448,24895,430939,103,1,1,128,1,1,16,0.000,0.000,,,,,NVIDIA A100-SXM4-40GB MIG 4g.20gb (0),1,,13,cupy_copy__complex64_complex64
20612765855,18880,430949,1434,1,1,128,1,1,16,0.000,0.000,,,,,NVIDIA A100-SXM4-40GB MIG 4g.20gb (0),1,,13,cupy_copy__complex64_complex64
20612788767,2528,430956,103,1,1,128,1,1,16,0.000,0.000,,,,,NVIDIA A100-SXM4-40GB MIG 4g.20gb (0),1,,13,cupy_copy__complex64_complex64
20612914110,297340,430963,1,1,1,32,32,1,30,0.000,0.000,,,,,NVIDIA A100-SXM4-40GB MIG 4g.20gb (0),1,,13,"void convert_kernel<__half2, float2>(tensor_layout_any, T1 *, tensor_layout_any, const T2 *)"
20613244858,11136,430966,,,,,,,,,,0.094,8413.713,Pinned,Device,NVIDIA A100-SXM4-40GB MIG 4g.20gb (0),1,,13,[CUDA memcpy Host-to-Device]
20613375417,82751,430967,,,,,,,,,,35.810,432727.073,Device,,NVIDIA A100-SXM4-40GB MIG 4g.20gb (0),1,,13,[CUDA memset]
20613459320,4672,430969,,,,,,,,,,0.000,17.123,Pinned,Device,NVIDIA A100-SXM4-40GB MIG 4g.20gb (0),1,,13,[CUDA memcpy Host-to-Device]
20613469688,11071,430970,,,,,,,,,,0.197,17758.814,Pinned,Device,NVIDIA A100-SXM4-40GB MIG 4g.20gb (0),1,,13,[CUDA memcpy Host-to-Device]
20613661397,20736,430971,273,1,1,48,1,1,40,0.000,0.001,,,,,NVIDIA A100-SXM4-40GB MIG 4g.20gb (0),1,,13,"void pusch_noise_intf_est::noiseIntfEstNoDftSOfdmKernel<float, __half, float, float, (unsigned int)2, (unsigned int)1, (unsigned char)4, (unsigned char)4>(pusch_noise_intf_est::puschRxNoiseIntfEstDynDescr)"
20613854227,4576,430982,35,1,1,128,1,1,16,0.000,0.000,,,,,NVIDIA A100-SXM4-40GB MIG 4g.20gb (0),1,,13,cupy_copy__complex64_complex64
20613973170,6464,430991,1,1,1,1,1,1,18,0.000,0.000,,,,,NVIDIA A100-SXM4-40GB MIG 4g.20gb (0),1,,13,cupy_copy__float32_float32
20613982802,6208,430997,,,,,,,,,,0.000,0.644,Device,Pageable,NVIDIA A100-SXM4-40GB MIG 4g.20gb (0),1,,7,[CUDA memcpy Device-to-Host]
20614260207,47103,431008,1434,1,1,128,1,1,16,0.000,0.000,,,,,NVIDIA A100-SXM4-40GB MIG 4g.20gb (0),1,,13,cupy_copy__complex64_complex64
20614339502,8832,431015,103,1,1,128,1,1,16,0.000,0.000,,,,,NVIDIA A100-SXM4-40GB MIG 4g.20gb (0),1,,13,cupy_copy__complex64_complex64
20614611051,8064,431022,35,1,1,128,1,1,16,0.000,0.000,,,,,NVIDIA A100-SXM4-40GB MIG 4g.20gb (0),1,,13,cupy_copy__complex64_complex64
20614729321,7072,431029,1,1,1,1,1,1,18,0.000,0.000,,,,,NVIDIA A100-SXM4-40GB MIG 4g.20gb (0),1,,13,cupy_copy__float32_float32
20614807369,344028,431040,1,1,1,32,32,1,30,0.000,0.000,,,,,NVIDIA A100-SXM4-40GB MIG 4g.20gb (0),1,,13,"void convert_kernel<__half2, float2>(tensor_layout_any, T1 *, tensor_layout_any, const T2 *)"
20615181540,5408,431043,,,,,,,,,,0.094,17325.421,Pinned,Device,NVIDIA A100-SXM4-40GB MIG 4g.20gb (0),1,,13,[CUDA memcpy Host-to-Device]
20615210788,3808,431044,,,,,,,,,,1.547,406151.196,Device,,NVIDIA A100-SXM4-40GB MIG 4g.20gb (0),1,,13,[CUDA memset]
20615222020,3104,431049,,,,,,,,,,0.031,10082.445,Pinned,Device,NVIDIA A100-SXM4-40GB MIG 4g.20gb (0),1,,13,[CUDA memcpy Host-to-Device]
20615227876,9920,431050,,,,,,,,,,0.197,19819.266,Pinned,Device,NVIDIA A100-SXM4-40GB MIG 4g.20gb (0),1,,13,[CUDA memcpy Host-to-Device]
20615244996,6976,431051,273,1,1,8,4,1,39,0.002,0.000,,,,,NVIDIA A100-SXM4-40GB MIG 4g.20gb (0),1,,13,"void channel_eq::eqMmseCoefCompLowMimoKernel<float, float, float, (unsigned int)4, (unsigned int)1, (unsigned int)4>(const channel_eq::_puschRxChEqStatDescr *, channel_eq::_puschRxChEqCoefCompDynDescr)"
20615253796,7104,431052,273,1,1,12,11,1,51,0.002,0.000,,,,,NVIDIA A100-SXM4-40GB MIG 4g.20gb (0),1,,13,"void channel_eq::eqMmseSoftDemapKernel<float, __half, __half, float, (unsigned int)4, (unsigned short)16383>(channel_eq::_puschRxChEqStatDescr *, channel_eq::_puschRxChEqSoftDemapDynDescr)"
20615263460,552889,431053,1,1,1,32,32,1,30,0.000,0.000,,,,,NVIDIA A100-SXM4-40GB MIG 4g.20gb (0),1,,13,"void convert_kernel<float2, __half2>(tensor_layout_any, T1 *, tensor_layout_any, const T2 *)"
20615872221,13248,431065,2253,1,1,128,1,1,16,0.000,0.000,,,,,NVIDIA A100-SXM4-40GB MIG 4g.20gb (0),1,,13,cupy_copy__float16_float16
20615961916,4608,431074,282,1,1,128,1,1,16,0.000,0.000,,,,,NVIDIA A100-SXM4-40GB MIG 4g.20gb (0),1,,13,cupy_copy__complex64_complex64
20616049403,3200,431083,26,1,1,128,1,1,16,0.000,0.000,,,,,NVIDIA A100-SXM4-40GB MIG 4g.20gb (0),1,,13,cupy_copy__float32_float32
20616058203,3840,431092,103,1,1,128,1,1,16,0.000,0.000,,,,,NVIDIA A100-SXM4-40GB MIG 4g.20gb (0),1,,13,cupy_copy__complex64_complex64
20616136506,16128,431102,1434,1,1,128,1,1,16,0.000,0.000,,,,,NVIDIA A100-SXM4-40GB MIG 4g.20gb (0),1,,13,cupy_copy__complex64_complex64
20616228793,187646,431107,1,1,1,32,32,1,30,0.000,0.000,,,,,NVIDIA A100-SXM4-40GB MIG 4g.20gb (0),1,,13,"void convert_kernel<__half2, float2>(tensor_layout_any, T1 *, tensor_layout_any, const T2 *)"
20616489590,5664,431110,,,,,,,,,,0.094,16542.310,Pinned,Device,NVIDIA A100-SXM4-40GB MIG 4g.20gb (0),1,,13,[CUDA memcpy Host-to-Device]
20616500534,631641,431111,,,,,,,,,,456.561,722736.760,Device,,NVIDIA A100-SXM4-40GB MIG 4g.20gb (0),1,,13,[CUDA memset]
20617138255,54335,431116,,,,,,,,,,1.235,22727.909,Pinned,Device,NVIDIA A100-SXM4-40GB MIG 4g.20gb (0),1,,13,[CUDA memcpy Host-to-Device]
20617197550,13312,431117,,,,,,,,,,0.197,14769.193,Pinned,Device,NVIDIA A100-SXM4-40GB MIG 4g.20gb (0),1,,13,[CUDA memcpy Host-to-Device]
20617255117,19200,431118,69,4,1,48,1,1,76,0.002,0.000,,,,,NVIDIA A100-SXM4-40GB MIG 4g.20gb (0),1,,13,"void ch_est::windowedChEstPreNoDftSOfdmKernel<float, __half, float, (unsigned int)2, (unsigned int)1, (unsigned short)4>(ch_est::puschRxChEstStatDescr_t *, ch_est::puschRxChEstDynDescr_t *)"
20617436875,12224,431119,137,2,1,24,2,1,44,0.001,0.001,,,,,NVIDIA A100-SXM4-40GB MIG 4g.20gb (0),1,,13,"void ch_est::chEstFilterNoDftSOfdmDispatchKernel<float, __half, float, (unsigned int)2>(ch_est::puschRxChEstStatDescr_t *, ch_est::puschRxChEstDynDescr_t *)"
20617696936,12480,431120,137,2,1,24,2,1,44,0.001,0.001,,,,,NVIDIA A100-SXM4-40GB MIG 4g.20gb (0),1,,13,"void ch_est::chEstFilterNoDftSOfdmDispatchKernel<float, __half, float, (unsigned int)2>(ch_est::puschRxChEstStatDescr_t *, ch_est::puschRxChEstDynDescr_t *)"
20617779879,5472,431131,103,1,1,128,1,1,16,0.000,0.000,,,,,NVIDIA A100-SXM4-40GB MIG 4g.20gb (0),1,,13,cupy_copy__complex64_complex64
20617949702,18591,431141,1434,1,1,128,1,1,16,0.000,0.000,,,,,NVIDIA A100-SXM4-40GB MIG 4g.20gb (0),1,,13,cupy_copy__complex64_complex64
20618127076,4000,431148,103,1,1,128,1,1,16,0.000,0.000,,,,,NVIDIA A100-SXM4-40GB MIG 4g.20gb (0),1,,13,cupy_copy__complex64_complex64
20618381537,227389,431155,1,1,1,32,32,1,30,0.000,0.000,,,,,NVIDIA A100-SXM4-40GB MIG 4g.20gb (0),1,,13,"void convert_kernel<__half2, float2>(tensor_layout_any, T1 *, tensor_layout_any, const T2 *)"
20618639102,10528,431158,,,,,,,,,,0.094,8899.621,Pinned,Device,NVIDIA A100-SXM4-40GB MIG 4g.20gb (0),1,,13,[CUDA memcpy Host-to-Device]
20618876891,45632,431159,,,,,,,,,,35.810,784738.587,Device,,NVIDIA A100-SXM4-40GB MIG 4g.20gb (0),1,,13,[CUDA memset]
20618927035,5664,431161,,,,,,,,,,0.000,14.124,Pinned,Device,NVIDIA A100-SXM4-40GB MIG 4g.20gb (0),1,,13,[CUDA memcpy Host-to-Device]
20618935995,12895,431162,,,,,,,,,,0.197,15246.754,Pinned,Device,NVIDIA A100-SXM4-40GB MIG 4g.20gb (0),1,,13,[CUDA memcpy Host-to-Device]
20619159480,20032,431163,273,1,1,48,1,1,40,0.000,0.001,,,,,NVIDIA A100-SXM4-40GB MIG 4g.20gb (0),1,,13,"void pusch_noise_intf_est::noiseIntfEstNoDftSOfdmKernel<float, __half, float, float, (unsigned int)2, (unsigned int)1, (unsigned char)4, (unsigned char)4>(pusch_noise_intf_est::puschRxNoiseIntfEstDynDescr)"
20619330134,6176,431174,35,1,1,128,1,1,16,0.000,0.000,,,,,NVIDIA A100-SXM4-40GB MIG 4g.20gb (0),1,,13,cupy_copy__complex64_complex64
20619401653,3296,431183,1,1,1,1,1,1,18,0.000,0.000,,,,,NVIDIA A100-SXM4-40GB MIG 4g.20gb (0),1,,13,cupy_copy__float32_float32
20619410965,2400,431189,,,,,,,,,,0.000,1.667,Device,Pageable,NVIDIA A100-SXM4-40GB MIG 4g.20gb (0),1,,7,[CUDA memcpy Device-to-Host]
20619650387,17599,431200,1434,1,1,128,1,1,16,0.000,0.000,,,,,NVIDIA A100-SXM4-40GB MIG 4g.20gb (0),1,,13,cupy_copy__complex64_complex64
20619827985,5952,431207,103,1,1,128,1,1,16,0.000,0.000,,,,,NVIDIA A100-SXM4-40GB MIG 4g.20gb (0),1,,13,cupy_copy__complex64_complex64
20619902032,6240,431214,35,1,1,128,1,1,16,0.000,0.000,,,,,NVIDIA A100-SXM4-40GB MIG 4g.20gb (0),1,,13,cupy_copy__complex64_complex64
20620069550,5792,431221,1,1,1,1,1,1,18,0.000,0.000,,,,,NVIDIA A100-SXM4-40GB MIG 4g.20gb (0),1,,13,cupy_copy__float32_float32
20620162477,270557,431232,1,1,1,32,32,1,30,0.000,0.000,,,,,NVIDIA A100-SXM4-40GB MIG 4g.20gb (0),1,,13,"void convert_kernel<__half2, float2>(tensor_layout_any, T1 *, tensor_layout_any, const T2 *)"
20620517545,11776,431235,,,,,,,,,,0.094,7956.477,Pinned,Device,NVIDIA A100-SXM4-40GB MIG 4g.20gb (0),1,,13,[CUDA memcpy Host-to-Device]
20620538793,3232,431236,,,,,,,,,,1.547,478533.199,Device,,NVIDIA A100-SXM4-40GB MIG 4g.20gb (0),1,,13,[CUDA memset]
20620623624,6880,431241,,,,,,,,,,0.031,4548.811,Pinned,Device,NVIDIA A100-SXM4-40GB MIG 4g.20gb (0),1,,13,[CUDA memcpy Host-to-Device]
20620641608,10783,431242,,,,,,,,,,0.197,18233.033,Pinned,Device,NVIDIA A100-SXM4-40GB MIG 4g.20gb (0),1,,13,[CUDA memcpy Host-to-Device]
20620668039,21120,431243,273,1,1,8,4,1,39,0.002,0.000,,,,,NVIDIA A100-SXM4-40GB MIG 4g.20gb (0),1,,13,"void channel_eq::eqMmseCoefCompLowMimoKernel<float, float, float, (unsigned int)4, (unsigned int)1, (unsigned int)4>(const channel_eq::_puschRxChEqStatDescr *, channel_eq::_puschRxChEqCoefCompDynDescr)"
20620697863,6880,431244,273,1,1,12,11,1,51,0.002,0.000,,,,,NVIDIA A100-SXM4-40GB MIG 4g.20gb (0),1,,13,"void channel_eq::eqMmseSoftDemapKernel<float, __half, __half, float, (unsigned int)4, (unsigned short)16383>(channel_eq::_puschRxChEqStatDescr *, channel_eq::_puschRxChEqSoftDemapDynDescr)"
20620736614,768760,431245,1,1,1,32,32,1,30,0.000,0.000,,,,,NVIDIA A100-SXM4-40GB MIG 4g.20gb (0),1,,13,"void convert_kernel<float2, __half2>(tensor_layout_any, T1 *, tensor_layout_any, const T2 *)"
20621801851,14943,431257,2253,1,1,128,1,1,16,0.000,0.000,,,,,NVIDIA A100-SXM4-40GB MIG 4g.20gb (0),1,,13,cupy_copy__float16_float16
20621818810,4512,431266,282,1,1,128,1,1,16,0.000,0.000,,,,,NVIDIA A100-SXM4-40GB MIG 4g.20gb (0),1,,13,cupy_copy__complex64_complex64
20621828314,2944,431275,26,1,1,128,1,1,16,0.000,0.000,,,,,NVIDIA A100-SXM4-40GB MIG 4g.20gb (0),1,,13,cupy_copy__float32_float32
20621832506,4736,431284,103,1,1,128,1,1,16,0.000,0.000,,,,,NVIDIA A100-SXM4-40GB MIG 4g.20gb (0),1,,13,cupy_copy__complex64_complex64
20621846266,18464,431294,1434,1,1,128,1,1,16,0.000,0.000,,,,,NVIDIA A100-SXM4-40GB MIG 4g.20gb (0),1,,13,cupy_copy__complex64_complex64
20622050424,287133,431299,1,1,1,32,32,1,30,0.000,0.000,,,,,NVIDIA A100-SXM4-40GB MIG 4g.20gb (0),1,,13,"void convert_kernel<__half2, float2>(tensor_layout_any, T1 *, tensor_layout_any, const T2 *)"
20622369780,9536,431302,,,,,,,,,,0.094,9825.431,Pinned,Device,NVIDIA A100-SXM4-40GB MIG 4g.20gb (0),1,,13,[CUDA memcpy Host-to-Device]
20622466323,603481,431303,,,,,,,,,,456.561,756522.306,Device,,NVIDIA A100-SXM4-40GB MIG 4g.20gb (0),1,,13,[CUDA memset]
20623071948,62976,431308,,,,,,,,,,1.235,19609.676,Pinned,Device,NVIDIA A100-SXM4-40GB MIG 4g.20gb (0),1,,13,[CUDA memcpy Host-to-Device]
20623138028,16575,431309,,,,,,,,,,0.197,11861.557,Pinned,Device,NVIDIA A100-SXM4-40GB MIG 4g.20gb (0),1,,13,[CUDA memcpy Host-to-Device]
20623318634,43839,431310,69,4,1,48,1,1,76,0.002,0.000,,,,,NVIDIA A100-SXM4-40GB MIG 4g.20gb (0),1,,13,"void ch_est::windowedChEstPreNoDftSOfdmKernel<float, __half, float, (unsigned int)2, (unsigned int)1, (unsigned short)4>(ch_est::puschRxChEstStatDescr_t *, ch_est::puschRxChEstDynDescr_t *)"
20623502408,10464,431311,137,2,1,24,2,1,44,0.001,0.001,,,,,NVIDIA A100-SXM4-40GB MIG 4g.20gb (0),1,,13,"void ch_est::chEstFilterNoDftSOfdmDispatchKernel<float, __half, float, (unsigned int)2>(ch_est::puschRxChEstStatDescr_t *, ch_est::puschRxChEstDynDescr_t *)"
20623991458,57248,431312,137,2,1,24,2,1,44,0.001,0.001,,,,,NVIDIA A100-SXM4-40GB MIG 4g.20gb (0),1,,13,"void ch_est::chEstFilterNoDftSOfdmDispatchKernel<float, __half, float, (unsigned int)2>(ch_est::puschRxChEstStatDescr_t *, ch_est::puschRxChEstDynDescr_t *)"
20624158592,7040,431323,103,1,1,128,1,1,16,0.000,0.000,,,,,NVIDIA A100-SXM4-40GB MIG 4g.20gb (0),1,,13,cupy_copy__complex64_complex64
20624390526,17056,431333,1434,1,1,128,1,1,16,0.000,0.000,,,,,NVIDIA A100-SXM4-40GB MIG 4g.20gb (0),1,,13,cupy_copy__complex64_complex64
20624746490,3840,431340,103,1,1,128,1,1,16,0.000,0.000,,,,,NVIDIA A100-SXM4-40GB MIG 4g.20gb (0),1,,13,cupy_copy__complex64_complex64
20624853465,243101,431347,1,1,1,32,32,1,30,0.000,0.000,,,,,NVIDIA A100-SXM4-40GB MIG 4g.20gb (0),1,,13,"void convert_kernel<__half2, float2>(tensor_layout_any, T1 *, tensor_layout_any, const T2 *)"
20625126230,5695,431350,,,,,,,,,,0.094,16452.268,Pinned,Device,NVIDIA A100-SXM4-40GB MIG 4g.20gb (0),1,,13,[CUDA memcpy Host-to-Device]
20625143701,47328,431351,,,,,,,,,,35.810,756627.800,Device,,NVIDIA A100-SXM4-40GB MIG 4g.20gb (0),1,,13,[CUDA memset]
20625194965,6720,431353,,,,,,,,,,0.000,11.905,Pinned,Device,NVIDIA A100-SXM4-40GB MIG 4g.20gb (0),1,,13,[CUDA memcpy Host-to-Device]
20625208565,14399,431354,,,,,,,,,,0.197,13654.229,Pinned,Device,NVIDIA A100-SXM4-40GB MIG 4g.20gb (0),1,,13,[CUDA memcpy Host-to-Device]
20625235412,14336,431355,273,1,1,48,1,1,40,0.000,0.001,,,,,NVIDIA A100-SXM4-40GB MIG 4g.20gb (0),1,,13,"void pusch_noise_intf_est::noiseIntfEstNoDftSOfdmKernel<float, __half, float, float, (unsigned int)2, (unsigned int)1, (unsigned char)4, (unsigned char)4>(pusch_noise_intf_est::puschRxNoiseIntfEstDynDescr)"
20625548241,4896,431366,35,1,1,128,1,1,16,0.000,0.000,,,,,NVIDIA A100-SXM4-40GB MIG 4g.20gb (0),1,,13,cupy_copy__complex64_complex64
20625708911,4736,431375,1,1,1,1,1,1,18,0.000,0.000,,,,,NVIDIA A100-SXM4-40GB MIG 4g.20gb (0),1,,13,cupy_copy__float32_float32
20625719727,2016,431381,,,,,,,,,,0.000,1.984,Device,Pageable,NVIDIA A100-SXM4-40GB MIG 4g.20gb (0),1,,7,[CUDA memcpy Device-to-Host]
20626146538,18208,431392,1434,1,1,128,1,1,16,0.000,0.000,,,,,NVIDIA A100-SXM4-40GB MIG 4g.20gb (0),1,,13,cupy_copy__complex64_complex64
20626398983,11712,431399,103,1,1,128,1,1,16,0.000,0.000,,,,,NVIDIA A100-SXM4-40GB MIG 4g.20gb (0),1,,13,cupy_copy__complex64_complex64
20626445959,5472,431406,35,1,1,128,1,1,16,0.000,0.000,,,,,NVIDIA A100-SXM4-40GB MIG 4g.20gb (0),1,,13,cupy_copy__complex64_complex64
20626528198,8864,431413,1,1,1,1,1,1,18,0.000,0.000,,,,,NVIDIA A100-SXM4-40GB MIG 4g.20gb (0),1,,13,cupy_copy__float32_float32
20626608453,431643,431424,1,1,1,32,32,1,30,0.000,0.000,,,,,NVIDIA A100-SXM4-40GB MIG 4g.20gb (0),1,,13,"void convert_kernel<__half2, float2>(tensor_layout_any, T1 *, tensor_layout_any, const T2 *)"
20627071712,7104,431427,,,,,,,,,,0.094,13189.117,Pinned,Device,NVIDIA A100-SXM4-40GB MIG 4g.20gb (0),1,,13,[CUDA memcpy Host-to-Device]
20627151231,4704,431428,,,,,,,,,,1.547,328789.063,Device,,NVIDIA A100-SXM4-40GB MIG 4g.20gb (0),1,,13,[CUDA memset]
20627157535,3712,431433,,,,,,,,,,0.031,8431.017,Pinned,Device,NVIDIA A100-SXM4-40GB MIG 4g.20gb (0),1,,13,[CUDA memcpy Host-to-Device]
20627164095,9536,431434,,,,,,,,,,0.197,20617.298,Pinned,Device,NVIDIA A100-SXM4-40GB MIG 4g.20gb (0),1,,13,[CUDA memcpy Host-to-Device]
20627238366,12864,431435,273,1,1,8,4,1,39,0.002,0.000,,,,,NVIDIA A100-SXM4-40GB MIG 4g.20gb (0),1,,13,"void channel_eq::eqMmseCoefCompLowMimoKernel<float, float, float, (unsigned int)4, (unsigned int)1, (unsigned int)4>(const channel_eq::_puschRxChEqStatDescr *, channel_eq::_puschRxChEqCoefCompDynDescr)"
20627323261,10240,431436,273,1,1,12,11,1,51,0.002,0.000,,,,,NVIDIA A100-SXM4-40GB MIG 4g.20gb (0),1,,13,"void channel_eq::eqMmseSoftDemapKernel<float, __half, __half, float, (unsigned int)4, (unsigned short)16383>(channel_eq::_puschRxChEqStatDescr *, channel_eq::_puschRxChEqSoftDemapDynDescr)"
20627409404,764920,431437,1,1,1,32,32,1,30,0.000,0.000,,,,,NVIDIA A100-SXM4-40GB MIG 4g.20gb (0),1,,13,"void convert_kernel<float2, __half2>(tensor_layout_any, T1 *, tensor_layout_any, const T2 *)"
20628176435,12512,431449,2253,1,1,128,1,1,16,0.000,0.000,,,,,NVIDIA A100-SXM4-40GB MIG 4g.20gb (0),1,,13,cupy_copy__float16_float16
20628191219,3808,431458,282,1,1,128,1,1,16,0.000,0.000,,,,,NVIDIA A100-SXM4-40GB MIG 4g.20gb (0),1,,13,cupy_copy__complex64_complex64
20628197171,2272,431467,26,1,1,128,1,1,16,0.000,0.000,,,,,NVIDIA A100-SXM4-40GB MIG 4g.20gb (0),1,,13,cupy_copy__float32_float32
20628201043,3168,431476,103,1,1,128,1,1,16,0.000,0.000,,,,,NVIDIA A100-SXM4-40GB MIG 4g.20gb (0),1,,13,cupy_copy__complex64_complex64
20628205555,12416,431486,1434,1,1,128,1,1,16,0.000,0.000,,,,,NVIDIA A100-SXM4-40GB MIG 4g.20gb (0),1,,13,cupy_copy__complex64_complex64
20628219635,79615,431491,1,1,1,32,32,1,30,0.000,0.000,,,,,NVIDIA A100-SXM4-40GB MIG 4g.20gb (0),1,,13,"void convert_kernel<__half2, float2>(tensor_layout_any, T1 *, tensor_layout_any, const T2 *)"
20628701678,5440,431494,,,,,,,,,,0.094,17223.480,Pinned,Device,NVIDIA A100-SXM4-40GB MIG 4g.20gb (0),1,,13,[CUDA memcpy Host-to-Device]
20628711502,623001,431495,,,,,,,,,,456.561,732781.111,Device,,NVIDIA A100-SXM4-40GB MIG 4g.20gb (0),1,,13,[CUDA memset]
20629337095,51839,431500,,,,,,,,,,1.235,23822.070,Pinned,Device,NVIDIA A100-SXM4-40GB MIG 4g.20gb (0),1,,13,[CUDA memcpy Host-to-Device]
20629391686,10240,431501,,,,,,,,,,0.197,19199.951,Pinned,Device,NVIDIA A100-SXM4-40GB MIG 4g.20gb (0),1,,13,[CUDA memcpy Host-to-Device]
20629444293,20032,431502,69,4,1,48,1,1,76,0.002,0.000,,,,,NVIDIA A100-SXM4-40GB MIG 4g.20gb (0),1,,13,"void ch_est::windowedChEstPreNoDftSOfdmKernel<float, __half, float, (unsigned int)2, (unsigned int)1, (unsigned short)4>(ch_est::puschRxChEstStatDescr_t *, ch_est::puschRxChEstDynDescr_t *)"
20629745762,15872,431503,137,2,1,24,2,1,44,0.001,0.001,,,,,NVIDIA A100-SXM4-40GB MIG 4g.20gb (0),1,,13,"void ch_est::chEstFilterNoDftSOfdmDispatchKernel<float, __half, float, (unsigned int)2>(ch_est::puschRxChEstStatDescr_t *, ch_est::puschRxChEstDynDescr_t *)"
20629809537,9856,431504,137,2,1,24,2,1,44,0.001,0.001,,,,,NVIDIA A100-SXM4-40GB MIG 4g.20gb (0),1,,13,"void ch_est::chEstFilterNoDftSOfdmDispatchKernel<float, __half, float, (unsigned int)2>(ch_est::puschRxChEstStatDescr_t *, ch_est::puschRxChEstDynDescr_t *)"
20630061246,4288,431515,103,1,1,128,1,1,16,0.000,0.000,,,,,NVIDIA A100-SXM4-40GB MIG 4g.20gb (0),1,,13,cupy_copy__complex64_complex64
20630236445,27295,431525,1434,1,1,128,1,1,16,0.000,0.000,,,,,NVIDIA A100-SXM4-40GB MIG 4g.20gb (0),1,,13,cupy_copy__complex64_complex64
20630319484,11135,431532,103,1,1,128,1,1,16,0.000,0.000,,,,,NVIDIA A100-SXM4-40GB MIG 4g.20gb (0),1,,13,cupy_copy__complex64_complex64
20630334267,409276,431539,1,1,1,32,32,1,30,0.000,0.000,,,,,NVIDIA A100-SXM4-40GB MIG 4g.20gb (0),1,,13,"void convert_kernel<__half2, float2>(tensor_layout_any, T1 *, tensor_layout_any, const T2 *)"
20630775159,6431,431542,,,,,,,,,,0.094,14569.353,Pinned,Device,NVIDIA A100-SXM4-40GB MIG 4g.20gb (0),1,,13,[CUDA memcpy Host-to-Device]
20630814710,65503,431543,,,,,,,,,,35.810,546674.239,Device,,NVIDIA A100-SXM4-40GB MIG 4g.20gb (0),1,,13,[CUDA memset]
20630881461,2112,431545,,,,,,,,,,0.000,37.879,Pinned,Device,NVIDIA A100-SXM4-40GB MIG 4g.20gb (0),1,,13,[CUDA memcpy Host-to-Device]
20630888629,12288,431546,,,,,,,,,,0.197,15999.959,Pinned,Device,NVIDIA A100-SXM4-40GB MIG 4g.20gb (0),1,,13,[CUDA memcpy Host-to-Device]
20630927285,20224,431547,273,1,1,48,1,1,40,0.000,0.001,,,,,NVIDIA A100-SXM4-40GB MIG 4g.20gb (0),1,,13,"void pusch_noise_intf_est::noiseIntfEstNoDftSOfdmKernel<float, __half, float, float, (unsigned int)2, (unsigned int)1, (unsigned char)4, (unsigned char)4>(pusch_noise_intf_est::puschRxNoiseIntfEstDynDescr)"
20631003444,12000,431558,35,1,1,128,1,1,16,0.000,0.000,,,,,NVIDIA A100-SXM4-40GB MIG 4g.20gb (0),1,,13,cupy_copy__complex64_complex64
20631019796,2816,431567,1,1,1,1,1,1,18,0.000,0.000,,,,,NVIDIA A100-SXM4-40GB MIG 4g.20gb (0),1,,13,cupy_copy__float32_float32
20631025236,3936,431573,,,,,,,,,,0.000,1.016,Device,Pageable,NVIDIA A100-SXM4-40GB MIG 4g.20gb (0),1,,7,[CUDA memcpy Device-to-Host]
20631153714,25376,431584,1434,1,1,128,1,1,16,0.000,0.000,,,,,NVIDIA A100-SXM4-40GB MIG 4g.20gb (0),1,,13,cupy_copy__complex64_complex64
20631183026,3360,431591,103,1,1,128,1,1,16,0.000,0.000,,,,,NVIDIA A100-SXM4-40GB MIG 4g.20gb (0),1,,13,cupy_copy__complex64_complex64
20631238289,13344,431598,35,1,1,128,1,1,16,0.000,0.000,,,,,NVIDIA A100-SXM4-40GB MIG 4g.20gb (0),1,,13,cupy_copy__complex64_complex64
20631253489,3584,431605,1,1,1,1,1,1,18,0.000,0.000,,,,,NVIDIA A100-SXM4-40GB MIG 4g.20gb (0),1,,13,cupy_copy__float32_float32
20631385328,199325,431616,1,1,1,32,32,1,30,0.000,0.000,,,,,NVIDIA A100-SXM4-40GB MIG 4g.20gb (0),1,,13,"void convert_kernel<__half2, float2>(tensor_layout_any, T1 *, tensor_layout_any, const T2 *)"
20631614861,5376,431619,,,,,,,,,,0.094,17428.487,Pinned,Device,NVIDIA A100-SXM4-40GB MIG 4g.20gb (0),1,,13,[CUDA memcpy Host-to-Device]
20631629933,3616,431620,,,,,,,,,,1.547,427715.774,Device,,NVIDIA A100-SXM4-40GB MIG 4g.20gb (0),1,,13,[CUDA memset]
20631637357,3776,431625,,,,,,,,,,0.031,8288.120,Pinned,Device,NVIDIA A100-SXM4-40GB MIG 4g.20gb (0),1,,13,[CUDA memcpy Host-to-Device]
20631643565,9984,431626,,,,,,,,,,0.197,19692.257,Pinned,Device,NVIDIA A100-SXM4-40GB MIG 4g.20gb (0),1,,13,[CUDA memcpy Host-to-Device]
20631658221,6944,431627,273,1,1,8,4,1,39,0.002,0.000,,,,,NVIDIA A100-SXM4-40GB MIG 4g.20gb (0),1,,13,"void channel_eq::eqMmseCoefCompLowMimoKernel<float, float, float, (unsigned int)4, (unsigned int)1, (unsigned int)4>(const channel_eq::_puschRxChEqStatDescr *, channel_eq::_puschRxChEqCoefCompDynDescr)"
20631666605,5695,431628,273,1,1,12,11,1,51,0.002,0.000,,,,,NVIDIA A100-SXM4-40GB MIG 4g.20gb (0),1,,13,"void channel_eq::eqMmseSoftDemapKernel<float, __half, __half, float, (unsigned int)4, (unsigned short)16383>(channel_eq::_puschRxChEqStatDescr *, channel_eq::_puschRxChEqSoftDemapDynDescr)"
20631674220,281629,431629,1,1,1,32,32,1,30,0.000,0.000,,,,,NVIDIA A100-SXM4-40GB MIG 4g.20gb (0),1,,13,"void convert_kernel<float2, __half2>(tensor_layout_any, T1 *, tensor_layout_any, const T2 *)"
20631958665,10528,431641,2253,1,1,128,1,1,16,0.000,0.000,,,,,NVIDIA A100-SXM4-40GB MIG 4g.20gb (0),1,,13,cupy_copy__float16_float16
20631971305,2848,431650,282,1,1,128,1,1,16,0.000,0.000,,,,,NVIDIA A100-SXM4-40GB MIG 4g.20gb (0),1,,13,cupy_copy__complex64_complex64
20631976457,2080,431659,26,1,1,128,1,1,16,0.000,0.000,,,,,NVIDIA A100-SXM4-40GB MIG 4g.20gb (0),1,,13,cupy_copy__float32_float32
20631980489,2912,431668,103,1,1,128,1,1,16,0.000,0.000,,,,,NVIDIA A100-SXM4-40GB MIG 4g.20gb (0),1,,13,cupy_copy__complex64_complex64
20631985193,12256,431678,1434,1,1,128,1,1,16,0.000,0.000,,,,,NVIDIA A100-SXM4-40GB MIG 4g.20gb (0),1,,13,cupy_copy__complex64_complex64
20632024073,79679,431683,1,1,1,32,32,1,30,0.000,0.000,,,,,NVIDIA A100-SXM4-40GB MIG 4g.20gb (0),1,,13,"void convert_kernel<__half2, float2>(tensor_layout_any, T1 *, tensor_layout_any, const T2 *)"
20632133831,7168,431686,,,,,,,,,,0.094,13071.342,Pinned,Device,NVIDIA A100-SXM4-40GB MIG 4g.20gb (0),1,,13,[CUDA memcpy Host-to-Device]
20632145063,610265,431687,,,,,,,,,,456.561,747847.639,Device,,NVIDIA A100-SXM4-40GB MIG 4g.20gb (0),1,,13,[CUDA memset]
20632760960,56576,431692,,,,,,,,,,1.235,21827.635,Pinned,Device,NVIDIA A100-SXM4-40GB MIG 4g.20gb (0),1,,13,[CUDA memcpy Host-to-Device]
20632823008,12160,431693,,,,,,,,,,0.197,16168.255,Pinned,Device,NVIDIA A100-SXM4-40GB MIG 4g.20gb (0),1,,13,[CUDA memcpy Host-to-Device]
20632882591,12672,431694,69,4,1,48,1,1,76,0.002,0.000,,,,,NVIDIA A100-SXM4-40GB MIG 4g.20gb (0),1,,13,"void ch_est::windowedChEstPreNoDftSOfdmKernel<float, __half, float, (unsigned int)2, (unsigned int)1, (unsigned short)4>(ch_est::puschRxChEstStatDescr_t *, ch_est::puschRxChEstDynDescr_t *)"
20632898879,11008,431695,137,2,1,24,2,1,44,0.001,0.001,,,,,NVIDIA A100-SXM4-40GB MIG 4g.20gb (0),1,,13,"void ch_est::chEstFilterNoDftSOfdmDispatchKernel<float, __half, float, (unsigned int)2>(ch_est::puschRxChEstStatDescr_t *, ch_est::puschRxChEstDynDescr_t *)"
20633005054,11936,431696,137,2,1,24,2,1,44,0.001,0.001,,,,,NVIDIA A100-SXM4-40GB MIG 4g.20gb (0),1,,13,"void ch_est::chEstFilterNoDftSOfdmDispatchKernel<float, __half, float, (unsigned int)2>(ch_est::puschRxChEstStatDescr_t *, ch_est::puschRxChEstDynDescr_t *)"
20633023229,3200,431707,103,1,1,128,1,1,16,0.000,0.000,,,,,NVIDIA A100-SXM4-40GB MIG 4g.20gb (0),1,,13,cupy_copy__complex64_complex64
20633028573,12832,431717,1434,1,1,128,1,1,16,0.000,0.000,,,,,NVIDIA A100-SXM4-40GB MIG 4g.20gb (0),1,,13,cupy_copy__complex64_complex64
20633043549,2528,431724,103,1,1,128,1,1,16,0.000,0.000,,,,,NVIDIA A100-SXM4-40GB MIG 4g.20gb (0),1,,13,cupy_copy__complex64_complex64
20633047645,151326,431731,1,1,1,32,32,1,30,0.000,0.000,,,,,NVIDIA A100-SXM4-40GB MIG 4g.20gb (0),1,,13,"void convert_kernel<__half2, float2>(tensor_layout_any, T1 *, tensor_layout_any, const T2 *)"
20633233819,14048,431734,,,,,,,,,,0.094,6669.656,Pinned,Device,NVIDIA A100-SXM4-40GB MIG 4g.20gb (0),1,,13,[CUDA memcpy Host-to-Device]
20633364506,53087,431735,,,,,,,,,,35.810,674551.463,Device,,NVIDIA A100-SXM4-40GB MIG 4g.20gb (0),1,,13,[CUDA memset]
20633421305,3872,431737,,,,,,,,,,0.000,20.661,Pinned,Device,NVIDIA A100-SXM4-40GB MIG 4g.20gb (0),1,,13,[CUDA memcpy Host-to-Device]
20633432345,14592,431738,,,,,,,,,,0.197,13473.546,Pinned,Device,NVIDIA A100-SXM4-40GB MIG 4g.20gb (0),1,,13,[CUDA memcpy Host-to-Device]
20633792437,21696,431739,273,1,1,48,1,1,40,0.000,0.001,,,,,NVIDIA A100-SXM4-40GB MIG 4g.20gb (0),1,,13,"void pusch_noise_intf_est::noiseIntfEstNoDftSOfdmKernel<float, __half, float, float, (unsigned int)2, (unsigned int)1, (unsigned char)4, (unsigned char)4>(pusch_noise_intf_est::puschRxNoiseIntfEstDynDescr)"
20634002963,6591,431750,35,1,1,128,1,1,16,0.000,0.000,,,,,NVIDIA A100-SXM4-40GB MIG 4g.20gb (0),1,,13,cupy_copy__complex64_complex64
20634263632,3328,431759,1,1,1,1,1,1,18,0.000,0.000,,,,,NVIDIA A100-SXM4-40GB MIG 4g.20gb (0),1,,13,cupy_copy__float32_float32
20634276751,1568,431765,,,,,,,,,,0.000,2.551,Device,Pageable,NVIDIA A100-SXM4-40GB MIG 4g.20gb (0),1,,7,[CUDA memcpy Device-to-Host]
20634354671,17503,431776,1434,1,1,128,1,1,16,0.000,0.000,,,,,NVIDIA A100-SXM4-40GB MIG 4g.20gb (0),1,,13,cupy_copy__complex64_complex64
20634376430,3296,431783,103,1,1,128,1,1,16,0.000,0.000,,,,,NVIDIA A100-SXM4-40GB MIG 4g.20gb (0),1,,13,cupy_copy__complex64_complex64
20634446318,6655,431790,35,1,1,128,1,1,16,0.000,0.000,,,,,NVIDIA A100-SXM4-40GB MIG 4g.20gb (0),1,,13,cupy_copy__complex64_complex64
20634454829,2976,431797,1,1,1,1,1,1,18,0.000,0.000,,,,,NVIDIA A100-SXM4-40GB MIG 4g.20gb (0),1,,13,cupy_copy__float32_float32
20634611596,193982,431808,1,1,1,32,32,1,30,0.000,0.000,,,,,NVIDIA A100-SXM4-40GB MIG 4g.20gb (0),1,,13,"void convert_kernel<__half2, float2>(tensor_layout_any, T1 *, tensor_layout_any, const T2 *)"
20634835241,5728,431811,,,,,,,,,,0.094,16357.541,Pinned,Device,NVIDIA A100-SXM4-40GB MIG 4g.20gb (0),1,,13,[CUDA memcpy Host-to-Device]
20634849097,3616,431812,,,,,,,,,,1.547,427715.774,Device,,NVIDIA A100-SXM4-40GB MIG 4g.20gb (0),1,,13,[CUDA memset]
20634856297,2976,431817,,,,,,,,,,0.031,10516.113,Pinned,Device,NVIDIA A100-SXM4-40GB MIG 4g.20gb (0),1,,13,[CUDA memcpy Host-to-Device]
20634864009,9504,431818,,,,,,,,,,0.197,20686.701,Pinned,Device,NVIDIA A100-SXM4-40GB MIG 4g.20gb (0),1,,13,[CUDA memcpy Host-to-Device]
20634877993,6656,431819,273,1,1,8,4,1,39,0.002,0.000,,,,,NVIDIA A100-SXM4-40GB MIG 4g.20gb (0),1,,13,"void channel_eq::eqMmseCoefCompLowMimoKernel<float, float, float, (unsigned int)4, (unsigned int)1, (unsigned int)4>(const channel_eq::_puschRxChEqStatDescr *, channel_eq::_puschRxChEqCoefCompDynDescr)"
20634886665,5664,431820,273,1,1,12,11,1,51,0.002,0.000,,,,,NVIDIA A100-SXM4-40GB MIG 4g.20gb (0),1,,13,"void channel_eq::eqMmseSoftDemapKernel<float, __half, __half, float, (unsigned int)4, (unsigned short)16383>(channel_eq::_puschRxChEqStatDescr *, channel_eq::_puschRxChEqSoftDemapDynDescr)"
20634894217,281628,431821,1,1,1,32,32,1,30,0.000,0.000,,,,,NVIDIA A100-SXM4-40GB MIG 4g.20gb (0),1,,13,"void convert_kernel<float2, __half2>(tensor_layout_any, T1 *, tensor_layout_any, const T2 *)"
20635177125,10880,431833,2253,1,1,128,1,1,16,0.000,0.000,,,,,NVIDIA A100-SXM4-40GB MIG 4g.20gb (0),1,,13,cupy_copy__float16_float16
20635190149,2880,431842,282,1,1,128,1,1,16,0.000,0.000,,,,,NVIDIA A100-SXM4-40GB MIG 4g.20gb (0),1,,13,cupy_copy__complex64_complex64
20635195237,2048,431851,26,1,1,128,1,1,16,0.000,0.000,,,,,NVIDIA A100-SXM4-40GB MIG 4g.20gb (0),1,,13,cupy_copy__float32_float32
20635199557,2944,431860,103,1,1,128,1,1,16,0.000,0.000,,,,,NVIDIA A100-SXM4-40GB MIG 4g.20gb (0),1,,13,cupy_copy__complex64_complex64
20635203909,11712,431870,1434,1,1,128,1,1,16,0.000,0.000,,,,,NVIDIA A100-SXM4-40GB MIG 4g.20gb (0),1,,13,cupy_copy__complex64_complex64
20635227845,79615,431875,1,1,1,32,32,1,30,0.000,0.000,,,,,NVIDIA A100-SXM4-40GB MIG 4g.20gb (0),1,,13,"void convert_kernel<__half2, float2>(tensor_layout_any, T1 *, tensor_layout_any, const T2 *)"
20635335332,5344,431878,,,,,,,,,,0.094,17532.864,Pinned,Device,NVIDIA A100-SXM4-40GB MIG 4g.20gb (0),1,,13,[CUDA memcpy Host-to-Device]
20635345796,611673,431879,,,,,,,,,,456.561,746021.393,Device,,NVIDIA A100-SXM4-40GB MIG 4g.20gb (0),1,,13,[CUDA memset]
20635960445,50463,431884,,,,,,,,,,1.235,24471.650,Pinned,Device,NVIDIA A100-SXM4-40GB MIG 4g.20gb (0),1,,13,[CUDA memcpy Host-to-Device]
20636014268,9600,431885,,,,,,,,,,0.197,20479.869,Pinned,Device,NVIDIA A100-SXM4-40GB MIG 4g.20gb (0),1,,13,[CUDA memcpy Host-to-Device]
20636082139,13344,431886,69,4,1,48,1,1,76,0.002,0.000,,,,,NVIDIA A100-SXM4-40GB MIG 4g.20gb (0),1,,13,"void ch_est::windowedChEstPreNoDftSOfdmKernel<float, __half, float, (unsigned int)2, (unsigned int)1, (unsigned short)4>(ch_est::puschRxChEstStatDescr_t *, ch_est::puschRxChEstDynDescr_t *)"
20636098843,6944,431887,137,2,1,24,2,1,44,0.001,0.001,,,,,NVIDIA A100-SXM4-40GB MIG 4g.20gb (0),1,,13,"void ch_est::chEstFilterNoDftSOfdmDispatchKernel<float, __half, float, (unsigned int)2>(ch_est::puschRxChEstStatDescr_t *, ch_est::puschRxChEstDynDescr_t *)"
20636172922,12704,431888,137,2,1,24,2,1,44,0.001,0.001,,,,,NVIDIA A100-SXM4-40GB MIG 4g.20gb (0),1,,13,"void ch_est::chEstFilterNoDftSOfdmDispatchKernel<float, __half, float, (unsigned int)2>(ch_est::puschRxChEstStatDescr_t *, ch_est::puschRxChEstDynDescr_t *)"
20636192986,3168,431899,103,1,1,128,1,1,16,0.000,0.000,,,,,NVIDIA A100-SXM4-40GB MIG 4g.20gb (0),1,,13,cupy_copy__complex64_complex64
20636198106,12960,431909,1434,1,1,128,1,1,16,0.000,0.000,,,,,NVIDIA A100-SXM4-40GB MIG 4g.20gb (0),1,,13,cupy_copy__complex64_complex64
20636213114,2496,431916,103,1,1,128,1,1,16,0.000,0.000,,,,,NVIDIA A100-SXM4-40GB MIG 4g.20gb (0),1,,13,cupy_copy__complex64_complex64
20636217754,205182,431923,1,1,1,32,32,1,30,0.000,0.000,,,,,NVIDIA A100-SXM4-40GB MIG 4g.20gb (0),1,,13,"void convert_kernel<__half2, float2>(tensor_layout_any, T1 *, tensor_layout_any, const T2 *)"
20636453495,7488,431926,,,,,,,,,,0.094,12512.820,Pinned,Device,NVIDIA A100-SXM4-40GB MIG 4g.20gb (0),1,,13,[CUDA memcpy Host-to-Device]
20636666261,45535,431927,,,,,,,,,,35.810,786421.653,Device,,NVIDIA A100-SXM4-40GB MIG 4g.20gb (0),1,,13,[CUDA memset]
20636714484,2080,431929,,,,,,,,,,0.000,38.462,Pinned,Device,NVIDIA A100-SXM4-40GB MIG 4g.20gb (0),1,,13,[CUDA memcpy Host-to-Device]
20636722804,11424,431930,,,,,,,,,,0.197,17210.081,Pinned,Device,NVIDIA A100-SXM4-40GB MIG 4g.20gb (0),1,,13,[CUDA memcpy Host-to-Device]
20636899602,16704,431931,273,1,1,48,1,1,40,0.000,0.001,,,,,NVIDIA A100-SXM4-40GB MIG 4g.20gb (0),1,,13,"void pusch_noise_intf_est::noiseIntfEstNoDftSOfdmKernel<float, __half, float, float, (unsigned int)2, (unsigned int)1, (unsigned char)4, (unsigned char)4>(pusch_noise_intf_est::puschRxNoiseIntfEstDynDescr)"
20637115792,7264,431942,35,1,1,128,1,1,16,0.000,0.000,,,,,NVIDIA A100-SXM4-40GB MIG 4g.20gb (0),1,,13,cupy_copy__complex64_complex64
20637283246,6560,431951,1,1,1,1,1,1,18,0.000,0.000,,,,,NVIDIA A100-SXM4-40GB MIG 4g.20gb (0),1,,13,cupy_copy__float32_float32
20637293678,1952,431957,,,,,,,,,,0.000,2.049,Device,Pageable,NVIDIA A100-SXM4-40GB MIG 4g.20gb (0),1,,7,[CUDA memcpy Device-to-Host]
20637370317,17984,431968,1434,1,1,128,1,1,16,0.000,0.000,,,,,NVIDIA A100-SXM4-40GB MIG 4g.20gb (0),1,,13,cupy_copy__complex64_complex64
20637390669,3392,431975,103,1,1,128,1,1,16,0.000,0.000,,,,,NVIDIA A100-SXM4-40GB MIG 4g.20gb (0),1,,13,cupy_copy__complex64_complex64
20637466956,6944,431982,35,1,1,128,1,1,16,0.000,0.000,,,,,NVIDIA A100-SXM4-40GB MIG 4g.20gb (0),1,,13,cupy_copy__complex64_complex64
20637476844,2944,431989,1,1,1,1,1,1,18,0.000,0.000,,,,,NVIDIA A100-SXM4-40GB MIG 4g.20gb (0),1,,13,cupy_copy__float32_float32
20637570059,180702,432000,1,1,1,32,32,1,30,0.000,0.000,,,,,NVIDIA A100-SXM4-40GB MIG 4g.20gb (0),1,,13,"void convert_kernel<__half2, float2>(tensor_layout_any, T1 *, tensor_layout_any, const T2 *)"
20637780168,5440,432003,,,,,,,,,,0.094,17223.480,Pinned,Device,NVIDIA A100-SXM4-40GB MIG 4g.20gb (0),1,,13,[CUDA memcpy Host-to-Device]
20637794152,3264,432004,,,,,,,,,,1.547,473842.288,Device,,NVIDIA A100-SXM4-40GB MIG 4g.20gb (0),1,,13,[CUDA memset]
20637800648,3040,432009,,,,,,,,,,0.031,10294.725,Pinned,Device,NVIDIA A100-SXM4-40GB MIG 4g.20gb (0),1,,13,[CUDA memcpy Host-to-Device]
20637807464,9952,432010,,,,,,,,,,0.197,19755.565,Pinned,Device,NVIDIA A100-SXM4-40GB MIG 4g.20gb (0),1,,13,[CUDA memcpy Host-to-Device]
20637821768,6720,432011,273,1,1,8,4,1,39,0.002,0.000,,,,,NVIDIA A100-SXM4-40GB MIG 4g.20gb (0),1,,13,"void channel_eq::eqMmseCoefCompLowMimoKernel<float, float, float, (unsigned int)4, (unsigned int)1, (unsigned int)4>(const channel_eq::_puschRxChEqStatDescr *, channel_eq::_puschRxChEqCoefCompDynDescr)"
20637830152,5504,432012,273,1,1,12,11,1,51,0.002,0.000,,,,,NVIDIA A100-SXM4-40GB MIG 4g.20gb (0),1,,13,"void channel_eq::eqMmseSoftDemapKernel<float, __half, __half, float, (unsigned int)4, (unsigned short)16383>(channel_eq::_puschRxChEqStatDescr *, channel_eq::_puschRxChEqSoftDemapDynDescr)"
20637837704,281821,432013,1,1,1,32,32,1,30,0.000,0.000,,,,,NVIDIA A100-SXM4-40GB MIG 4g.20gb (0),1,,13,"void convert_kernel<float2, __half2>(tensor_layout_any, T1 *, tensor_layout_any, const T2 *)"
20638121253,10655,432025,2253,1,1,128,1,1,16,0.000,0.000,,,,,NVIDIA A100-SXM4-40GB MIG 4g.20gb (0),1,,13,cupy_copy__float16_float16
20638134340,2880,432034,282,1,1,128,1,1,16,0.000,0.000,,,,,NVIDIA A100-SXM4-40GB MIG 4g.20gb (0),1,,13,cupy_copy__complex64_complex64
20638138980,2048,432043,26,1,1,128,1,1,16,0.000,0.000,,,,,NVIDIA A100-SXM4-40GB MIG 4g.20gb (0),1,,13,cupy_copy__float32_float32
20638143012,2912,432052,103,1,1,128,1,1,16,0.000,0.000,,,,,NVIDIA A100-SXM4-40GB MIG 4g.20gb (0),1,,13,cupy_copy__complex64_complex64
20638147204,12320,432062,1434,1,1,128,1,1,16,0.000,0.000,,,,,NVIDIA A100-SXM4-40GB MIG 4g.20gb (0),1,,13,cupy_copy__complex64_complex64
20638179492,79839,432067,1,1,1,32,32,1,30,0.000,0.000,,,,,NVIDIA A100-SXM4-40GB MIG 4g.20gb (0),1,,13,"void convert_kernel<__half2, float2>(tensor_layout_any, T1 *, tensor_layout_any, const T2 *)"
20638288707,7552,432070,,,,,,,,,,0.094,12406.756,Pinned,Device,NVIDIA A100-SXM4-40GB MIG 4g.20gb (0),1,,13,[CUDA memcpy Host-to-Device]
20638328418,609657,432071,,,,,,,,,,456.561,748760.762,Device,,NVIDIA A100-SXM4-40GB MIG 4g.20gb (0),1,,13,[CUDA memset]
20638943515,51296,432076,,,,,,,,,,1.235,24073.998,Pinned,Device,NVIDIA A100-SXM4-40GB MIG 4g.20gb (0),1,,13,[CUDA memcpy Host-to-Device]
20638997723,10176,432077,,,,,,,,,,0.197,19320.668,Pinned,Device,NVIDIA A100-SXM4-40GB MIG 4g.20gb (0),1,,13,[CUDA memcpy Host-to-Device]
20639018299,12127,432078,69,4,1,48,1,1,76,0.002,0.000,,,,,NVIDIA A100-SXM4-40GB MIG 4g.20gb (0),1,,13,"void ch_est::windowedChEstPreNoDftSOfdmKernel<float, __half, float, (unsigned int)2, (unsigned int)1, (unsigned short)4>(ch_est::puschRxChEstStatDescr_t *, ch_est::puschRxChEstDynDescr_t *)"
20639113210,13023,432079,137,2,1,24,2,1,44,0.001,0.001,,,,,NVIDIA A100-SXM4-40GB MIG 4g.20gb (0),1,,13,"void ch_est::chEstFilterNoDftSOfdmDispatchKernel<float, __half, float, (unsigned int)2>(ch_est::puschRxChEstStatDescr_t *, ch_est::puschRxChEstDynDescr_t *)"
20639129945,5376,432080,137,2,1,24,2,1,44,0.001,0.001,,,,,NVIDIA A100-SXM4-40GB MIG 4g.20gb (0),1,,13,"void ch_est::chEstFilterNoDftSOfdmDispatchKernel<float, __half, float, (unsigned int)2>(ch_est::puschRxChEstStatDescr_t *, ch_est::puschRxChEstDynDescr_t *)"
20639136793,2560,432091,103,1,1,128,1,1,16,0.000,0.000,,,,,NVIDIA A100-SXM4-40GB MIG 4g.20gb (0),1,,13,cupy_copy__complex64_complex64
20639141177,13056,432101,1434,1,1,128,1,1,16,0.000,0.000,,,,,NVIDIA A100-SXM4-40GB MIG 4g.20gb (0),1,,13,cupy_copy__complex64_complex64
20639155705,2528,432108,103,1,1,128,1,1,16,0.000,0.000,,,,,NVIDIA A100-SXM4-40GB MIG 4g.20gb (0),1,,13,cupy_copy__complex64_complex64
20639160025,135294,432115,1,1,1,32,32,1,30,0.000,0.000,,,,,NVIDIA A100-SXM4-40GB MIG 4g.20gb (0),1,,13,"void convert_kernel<__half2, float2>(tensor_layout_any, T1 *, tensor_layout_any, const T2 *)"
20639326583,13408,432118,,,,,,,,,,0.094,6988.035,Pinned,Device,NVIDIA A100-SXM4-40GB MIG 4g.20gb (0),1,,13,[CUDA memcpy Host-to-Device]
20639357175,55295,432119,,,,,,,,,,35.810,647586.593,Device,,NVIDIA A100-SXM4-40GB MIG 4g.20gb (0),1,,13,[CUDA memset]
20639414102,3904,432121,,,,,,,,,,0.000,20.492,Pinned,Device,NVIDIA A100-SXM4-40GB MIG 4g.20gb (0),1,,13,[CUDA memcpy Host-to-Device]
20639423510,14304,432122,,,,,,,,,,0.197,13744.865,Pinned,Device,NVIDIA A100-SXM4-40GB MIG 4g.20gb (0),1,,13,[CUDA memcpy Host-to-Device]
20639489333,15168,432123,273,1,1,48,1,1,40,0.000,0.001,,,,,NVIDIA A100-SXM4-40GB MIG 4g.20gb (0),1,,13,"void pusch_noise_intf_est::noiseIntfEstNoDftSOfdmKernel<float, __half, float, float, (unsigned int)2, (unsigned int)1, (unsigned char)4, (unsigned char)4>(pusch_noise_intf_est::puschRxNoiseIntfEstDynDescr)"
20639607156,6624,432134,35,1,1,128,1,1,16,0.000,0.000,,,,,NVIDIA A100-SXM4-40GB MIG 4g.20gb (0),1,,13,cupy_copy__complex64_complex64
20639617460,3296,432143,1,1,1,1,1,1,18,0.000,0.000,,,,,NVIDIA A100-SXM4-40GB MIG 4g.20gb (0),1,,13,cupy_copy__float32_float32
20639623188,3264,432149,,,,,,,,,,0.000,1.225,Device,Pageable,NVIDIA A100-SXM4-40GB MIG 4g.20gb (0),1,,7,[CUDA memcpy Device-to-Host]
20639879281,20192,432160,1434,1,1,128,1,1,16,0.000,0.000,,,,,NVIDIA A100-SXM4-40GB MIG 4g.20gb (0),1,,13,cupy_copy__complex64_complex64
20639991792,10144,432167,103,1,1,128,1,1,16,0.000,0.000,,,,,NVIDIA A100-SXM4-40GB MIG 4g.20gb (0),1,,13,cupy_copy__complex64_complex64
20640451211,4704,432174,35,1,1,128,1,1,16,0.000,0.000,,,,,NVIDIA A100-SXM4-40GB MIG 4g.20gb (0),1,,13,cupy_copy__complex64_complex64
20640540234,6656,432181,1,1,1,1,1,1,18,0.000,0.000,,,,,NVIDIA A100-SXM4-40GB MIG 4g.20gb (0),1,,13,cupy_copy__float32_float32
20640822598,218558,432192,1,1,1,32,32,1,30,0.000,0.000,,,,,NVIDIA A100-SXM4-40GB MIG 4g.20gb (0),1,,13,"void convert_kernel<__half2, float2>(tensor_layout_any, T1 *, tensor_layout_any, const T2 *)"
20641112291,5408,432195,,,,,,,,,,0.094,17325.421,Pinned,Device,NVIDIA A100-SXM4-40GB MIG 4g.20gb (0),1,,13,[CUDA memcpy Host-to-Device]
20641122019,3648,432196,,,,,,,,,,1.547,423963.664,Device,,NVIDIA A100-SXM4-40GB MIG 4g.20gb (0),1,,13,[CUDA memset]
20641132323,3232,432201,,,,,,,,,,0.031,9683.139,Pinned,Device,NVIDIA A100-SXM4-40GB MIG 4g.20gb (0),1,,13,[CUDA memcpy Host-to-Device]
20641138051,9408,432202,,,,,,,,,,0.197,20897.858,Pinned,Device,NVIDIA A100-SXM4-40GB MIG 4g.20gb (0),1,,13,[CUDA memcpy Host-to-Device]
20641151395,6944,432203,273,1,1,8,4,1,39,0.002,0.000,,,,,NVIDIA A100-SXM4-40GB MIG 4g.20gb (0),1,,13,"void channel_eq::eqMmseCoefCompLowMimoKernel<float, float, float, (unsigned int)4, (unsigned int)1, (unsigned int)4>(const channel_eq::_puschRxChEqStatDescr *, channel_eq::_puschRxChEqCoefCompDynDescr)"
20641160163,6464,432204,273,1,1,12,11,1,51,0.002,0.000,,,,,NVIDIA A100-SXM4-40GB MIG 4g.20gb (0),1,,13,"void channel_eq::eqMmseSoftDemapKernel<float, __half, __half, float, (unsigned int)4, (unsigned short)16383>(channel_eq::_puschRxChEqStatDescr *, channel_eq::_puschRxChEqSoftDemapDynDescr)"
20641167907,281404,432205,1,1,1,32,32,1,30,0.000,0.000,,,,,NVIDIA A100-SXM4-40GB MIG 4g.20gb (0),1,,13,"void convert_kernel<float2, __half2>(tensor_layout_any, T1 *, tensor_layout_any, const T2 *)"
20641450687,10592,432217,2253,1,1,128,1,1,16,0.000,0.000,,,,,NVIDIA A100-SXM4-40GB MIG 4g.20gb (0),1,,13,cupy_copy__float16_float16
20641463103,2880,432226,282,1,1,128,1,1,16,0.000,0.000,,,,,NVIDIA A100-SXM4-40GB MIG 4g.20gb (0),1,,13,cupy_copy__complex64_complex64
20641468415,2048,432235,26,1,1,128,1,1,16,0.000,0.000,,,,,NVIDIA A100-SXM4-40GB MIG 4g.20gb (0),1,,13,cupy_copy__float32_float32
20641471967,2944,432244,103,1,1,128,1,1,16,0.000,0.000,,,,,NVIDIA A100-SXM4-40GB MIG 4g.20gb (0),1,,13,cupy_copy__complex64_complex64
20641477375,12288,432254,1434,1,1,128,1,1,16,0.000,0.000,,,,,NVIDIA A100-SXM4-40GB MIG 4g.20gb (0),1,,13,cupy_copy__complex64_complex64
20641491455,79647,432259,1,1,1,32,32,1,30,0.000,0.000,,,,,NVIDIA A100-SXM4-40GB MIG 4g.20gb (0),1,,13,"void convert_kernel<__half2, float2>(tensor_layout_any, T1 *, tensor_layout_any, const T2 *)"
20641599582,5344,432262,,,,,,,,,,0.094,17532.864,Pinned,Device,NVIDIA A100-SXM4-40GB MIG 4g.20gb (0),1,,13,[CUDA memcpy Host-to-Device]
20641610270,611609,432263,,,,,,,,,,456.561,746477.954,Device,,NVIDIA A100-SXM4-40GB MIG 4g.20gb (0),1,,13,[CUDA memset]
20642223671,50239,432268,,,,,,,,,,1.235,24580.325,Pinned,Device,NVIDIA A100-SXM4-40GB MIG 4g.20gb (0),1,,13,[CUDA memcpy Host-to-Device]
20642276438,10208,432269,,,,,,,,,,0.197,19260.113,Pinned,Device,NVIDIA A100-SXM4-40GB MIG 4g.20gb (0),1,,13,[CUDA memcpy Host-to-Device]
20642355541,10560,432270,69,4,1,48,1,1,76,0.002,0.000,,,,,NVIDIA A100-SXM4-40GB MIG 4g.20gb (0),1,,13,"void ch_est::windowedChEstPreNoDftSOfdmKernel<float, __half, float, (unsigned int)2, (unsigned int)1, (unsigned short)4>(ch_est::puschRxChEstStatDescr_t *, ch_est::puschRxChEstDynDescr_t *)"
20642439860,10816,432271,137,2,1,24,2,1,44,0.001,0.001,,,,,NVIDIA A100-SXM4-40GB MIG 4g.20gb (0),1,,13,"void ch_est::chEstFilterNoDftSOfdmDispatchKernel<float, __half, float, (unsigned int)2>(ch_est::puschRxChEstStatDescr_t *, ch_est::puschRxChEstDynDescr_t *)"
20642451412,5408,432272,137,2,1,24,2,1,44,0.001,0.001,,,,,NVIDIA A100-SXM4-40GB MIG 4g.20gb (0),1,,13,"void ch_est::chEstFilterNoDftSOfdmDispatchKernel<float, __half, float, (unsigned int)2>(ch_est::puschRxChEstStatDescr_t *, ch_est::puschRxChEstDynDescr_t *)"
20642459124,2592,432283,103,1,1,128,1,1,16,0.000,0.000,,,,,NVIDIA A100-SXM4-40GB MIG 4g.20gb (0),1,,13,cupy_copy__complex64_complex64
20642464116,12928,432293,1434,1,1,128,1,1,16,0.000,0.000,,,,,NVIDIA A100-SXM4-40GB MIG 4g.20gb (0),1,,13,cupy_copy__complex64_complex64
20642478900,2528,432300,103,1,1,128,1,1,16,0.000,0.000,,,,,NVIDIA A100-SXM4-40GB MIG 4g.20gb (0),1,,13,cupy_copy__complex64_complex64
20642482932,192318,432307,1,1,1,32,32,1,30,0.000,0.000,,,,,NVIDIA A100-SXM4-40GB MIG 4g.20gb (0),1,,13,"void convert_kernel<__half2, float2>(tensor_layout_any, T1 *, tensor_layout_any, const T2 *)"
20642706001,7520,432310,,,,,,,,,,0.094,12459.507,Pinned,Device,NVIDIA A100-SXM4-40GB MIG 4g.20gb (0),1,,13,[CUDA memcpy Host-to-Device]
20642841616,53535,432311,,,,,,,,,,35.810,668893.496,Device,,NVIDIA A100-SXM4-40GB MIG 4g.20gb (0),1,,13,[CUDA memset]
20642902575,3296,432313,,,,,,,,,,0.000,24.272,Pinned,Device,NVIDIA A100-SXM4-40GB MIG 4g.20gb (0),1,,13,[CUDA memcpy Host-to-Device]
20642910831,9600,432314,,,,,,,,,,0.197,20479.869,Pinned,Device,NVIDIA A100-SXM4-40GB MIG 4g.20gb (0),1,,13,[CUDA memcpy Host-to-Device]
20643053102,18463,432315,273,1,1,48,1,1,40,0.000,0.001,,,,,NVIDIA A100-SXM4-40GB MIG 4g.20gb (0),1,,13,"void pusch_noise_intf_est::noiseIntfEstNoDftSOfdmKernel<float, __half, float, float, (unsigned int)2, (unsigned int)1, (unsigned char)4, (unsigned char)4>(pusch_noise_intf_est::puschRxNoiseIntfEstDynDescr)"
20643127181,4192,432326,35,1,1,128,1,1,16,0.000,0.000,,,,,NVIDIA A100-SXM4-40GB MIG 4g.20gb (0),1,,13,cupy_copy__complex64_complex64
20643133741,2880,432335,1,1,1,1,1,1,18,0.000,0.000,,,,,NVIDIA A100-SXM4-40GB MIG 4g.20gb (0),1,,13,cupy_copy__float32_float32
20643144589,1600,432341,,,,,,,,,,0.000,2.500,Device,Pageable,NVIDIA A100-SXM4-40GB MIG 4g.20gb (0),1,,7,[CUDA memcpy Device-to-Host]
20643210476,16864,432352,1434,1,1,128,1,1,16,0.000,0.000,,,,,NVIDIA A100-SXM4-40GB MIG 4g.20gb (0),1,,13,cupy_copy__complex64_complex64
20643305067,4288,432359,103,1,1,128,1,1,16,0.000,0.000,,,,,NVIDIA A100-SXM4-40GB MIG 4g.20gb (0),1,,13,cupy_copy__complex64_complex64
20643314155,3232,432366,35,1,1,128,1,1,16,0.000,0.000,,,,,NVIDIA A100-SXM4-40GB MIG 4g.20gb (0),1,,13,cupy_copy__complex64_complex64
20643396970,3488,432373,1,1,1,1,1,1,18,0.000,0.000,,,,,NVIDIA A100-SXM4-40GB MIG 4g.20gb (0),1,,13,cupy_copy__float32_float32
20643423529,231294,432384,1,1,1,32,32,1,30,0.000,0.000,,,,,NVIDIA A100-SXM4-40GB MIG 4g.20gb (0),1,,13,"void convert_kernel<__half2, float2>(tensor_layout_any, T1 *, tensor_layout_any, const T2 *)"
20643684583,5631,432387,,,,,,,,,,0.094,16639.285,Pinned,Device,NVIDIA A100-SXM4-40GB MIG 4g.20gb (0),1,,13,[CUDA memcpy Host-to-Device]
20643894180,5952,432388,,,,,,,,,,1.547,259848.298,Device,,NVIDIA A100-SXM4-40GB MIG 4g.20gb (0),1,,13,[CUDA memset]
20643906020,3872,432393,,,,,,,,,,0.031,8082.630,Pinned,Device,NVIDIA A100-SXM4-40GB MIG 4g.20gb (0),1,,13,[CUDA memcpy Host-to-Device]
20643914116,10592,432394,,,,,,,,,,0.197,18561.761,Pinned,Device,NVIDIA A100-SXM4-40GB MIG 4g.20gb (0),1,,13,[CUDA memcpy Host-to-Device]
20644277600,10592,432395,273,1,1,8,4,1,39,0.002,0.000,,,,,NVIDIA A100-SXM4-40GB MIG 4g.20gb (0),1,,13,"void channel_eq::eqMmseCoefCompLowMimoKernel<float, float, float, (unsigned int)4, (unsigned int)1, (unsigned int)4>(const channel_eq::_puschRxChEqStatDescr *, channel_eq::_puschRxChEqCoefCompDynDescr)"
20644359743,10784,432396,273,1,1,12,11,1,51,0.002,0.000,,,,,NVIDIA A100-SXM4-40GB MIG 4g.20gb (0),1,,13,"void channel_eq::eqMmseSoftDemapKernel<float, __half, __half, float, (unsigned int)4, (unsigned short)16383>(channel_eq::_puschRxChEqStatDescr *, channel_eq::_puschRxChEqSoftDemapDynDescr)"
20644444542,625657,432397,1,1,1,32,32,1,30,0.000,0.000,,,,,NVIDIA A100-SXM4-40GB MIG 4g.20gb (0),1,,13,"void convert_kernel<float2, __half2>(tensor_layout_any, T1 *, tensor_layout_any, const T2 *)"
20645071479,11840,432409,2253,1,1,128,1,1,16,0.000,0.000,,,,,NVIDIA A100-SXM4-40GB MIG 4g.20gb (0),1,,13,cupy_copy__float16_float16
20645085047,3584,432418,282,1,1,128,1,1,16,0.000,0.000,,,,,NVIDIA A100-SXM4-40GB MIG 4g.20gb (0),1,,13,cupy_copy__complex64_complex64
20645090839,2304,432427,26,1,1,128,1,1,16,0.000,0.000,,,,,NVIDIA A100-SXM4-40GB MIG 4g.20gb (0),1,,13,cupy_copy__float32_float32
20645095159,3232,432436,103,1,1,128,1,1,16,0.000,0.000,,,,,NVIDIA A100-SXM4-40GB MIG 4g.20gb (0),1,,13,cupy_copy__complex64_complex64
20645099895,12480,432446,1434,1,1,128,1,1,16,0.000,0.000,,,,,NVIDIA A100-SXM4-40GB MIG 4g.20gb (0),1,,13,cupy_copy__complex64_complex64
20645114647,80223,432451,1,1,1,32,32,1,30,0.000,0.000,,,,,NVIDIA A100-SXM4-40GB MIG 4g.20gb (0),1,,13,"void convert_kernel<__half2, float2>(tensor_layout_any, T1 *, tensor_layout_any, const T2 *)"
20645236597,5344,432454,,,,,,,,,,0.094,17532.864,Pinned,Device,NVIDIA A100-SXM4-40GB MIG 4g.20gb (0),1,,13,[CUDA memcpy Host-to-Device]
20645247637,613273,432455,,,,,,,,,,456.561,744195.147,Device,,NVIDIA A100-SXM4-40GB MIG 4g.20gb (0),1,,13,[CUDA memset]
20645868270,50912,432460,,,,,,,,,,1.235,24255.535,Pinned,Device,NVIDIA A100-SXM4-40GB MIG 4g.20gb (0),1,,13,[CUDA memcpy Host-to-Device]
20645922158,9631,432461,,,,,,,,,,0.197,20414.005,Pinned,Device,NVIDIA A100-SXM4-40GB MIG 4g.20gb (0),1,,13,[CUDA memcpy Host-to-Device]
20646063084,11520,432462,69,4,1,48,1,1,76,0.002,0.000,,,,,NVIDIA A100-SXM4-40GB MIG 4g.20gb (0),1,,13,"void ch_est::windowedChEstPreNoDftSOfdmKernel<float, __half, float, (unsigned int)2, (unsigned int)1, (unsigned short)4>(ch_est::puschRxChEstStatDescr_t *, ch_est::puschRxChEstDynDescr_t *)"
20646283914,18943,432463,137,2,1,24,2,1,44,0.001,0.001,,,,,NVIDIA A100-SXM4-40GB MIG 4g.20gb (0),1,,13,"void ch_est::chEstFilterNoDftSOfdmDispatchKernel<float, __half, float, (unsigned int)2>(ch_est::puschRxChEstStatDescr_t *, ch_est::puschRxChEstDynDescr_t *)"
20646334505,14528,432464,137,2,1,24,2,1,44,0.001,0.001,,,,,NVIDIA A100-SXM4-40GB MIG 4g.20gb (0),1,,13,"void ch_est::chEstFilterNoDftSOfdmDispatchKernel<float, __half, float, (unsigned int)2>(ch_est::puschRxChEstStatDescr_t *, ch_est::puschRxChEstDynDescr_t *)"
20646351881,5056,432475,103,1,1,128,1,1,16,0.000,0.000,,,,,NVIDIA A100-SXM4-40GB MIG 4g.20gb (0),1,,13,cupy_copy__complex64_complex64
20646357609,12896,432485,1434,1,1,128,1,1,16,0.000,0.000,,,,,NVIDIA A100-SXM4-40GB MIG 4g.20gb (0),1,,13,cupy_copy__complex64_complex64
20646371913,2528,432492,103,1,1,128,1,1,16,0.000,0.000,,,,,NVIDIA A100-SXM4-40GB MIG 4g.20gb (0),1,,13,cupy_copy__complex64_complex64
20646376233,213597,432499,1,1,1,32,32,1,30,0.000,0.000,,,,,NVIDIA A100-SXM4-40GB MIG 4g.20gb (0),1,,13,"void convert_kernel<__half2, float2>(tensor_layout_any, T1 *, tensor_layout_any, const T2 *)"
20646619398,7296,432502,,,,,,,,,,0.094,12842.067,Pinned,Device,NVIDIA A100-SXM4-40GB MIG 4g.20gb (0),1,,13,[CUDA memcpy Host-to-Device]
20646665765,55424,432503,,,,,,,,,,35.810,646082.577,Device,,NVIDIA A100-SXM4-40GB MIG 4g.20gb (0),1,,13,[CUDA memset]
20646727397,2336,432505,,,,,,,,,,0.000,34.247,Pinned,Device,NVIDIA A100-SXM4-40GB MIG 4g.20gb (0),1,,13,[CUDA memcpy Host-to-Device]
20646733925,10527,432506,,,,,,,,,,0.197,18676.384,Pinned,Device,NVIDIA A100-SXM4-40GB MIG 4g.20gb (0),1,,13,[CUDA memcpy Host-to-Device]
20646775012,19232,432507,273,1,1,48,1,1,40,0.000,0.001,,,,,NVIDIA A100-SXM4-40GB MIG 4g.20gb (0),1,,13,"void pusch_noise_intf_est::noiseIntfEstNoDftSOfdmKernel<float, __half, float, float, (unsigned int)2, (unsigned int)1, (unsigned char)4, (unsigned char)4>(pusch_noise_intf_est::puschRxNoiseIntfEstDynDescr)"
20646887107,5376,432518,35,1,1,128,1,1,16,0.000,0.000,,,,,NVIDIA A100-SXM4-40GB MIG 4g.20gb (0),1,,13,cupy_copy__complex64_complex64
20646896387,3296,432527,1,1,1,1,1,1,18,0.000,0.000,,,,,NVIDIA A100-SXM4-40GB MIG 4g.20gb (0),1,,13,cupy_copy__float32_float32
20646914051,3231,432533,,,,,,,,,,0.000,1.238,Device,Pageable,NVIDIA A100-SXM4-40GB MIG 4g.20gb (0),1,,7,[CUDA memcpy Device-to-Host]
20647059009,20032,432544,1434,1,1,128,1,1,16,0.000,0.000,,,,,NVIDIA A100-SXM4-40GB MIG 4g.20gb (0),1,,13,cupy_copy__complex64_complex64
20647182848,8703,432551,103,1,1,128,1,1,16,0.000,0.000,,,,,NVIDIA A100-SXM4-40GB MIG 4g.20gb (0),1,,13,cupy_copy__complex64_complex64
20647226207,12160,432558,35,1,1,128,1,1,16,0.000,0.000,,,,,NVIDIA A100-SXM4-40GB MIG 4g.20gb (0),1,,13,cupy_copy__complex64_complex64
20647240383,2656,432565,1,1,1,1,1,1,18,0.000,0.000,,,,,NVIDIA A100-SXM4-40GB MIG 4g.20gb (0),1,,13,cupy_copy__float32_float32
20647245759,452795,432576,1,1,1,32,32,1,30,0.000,0.000,,,,,NVIDIA A100-SXM4-40GB MIG 4g.20gb (0),1,,13,"void convert_kernel<__half2, float2>(tensor_layout_any, T1 *, tensor_layout_any, const T2 *)"
20647727417,6400,432579,,,,,,,,,,0.094,14640.000,Pinned,Device,NVIDIA A100-SXM4-40GB MIG 4g.20gb (0),1,,13,[CUDA memcpy Host-to-Device]
20647790937,8448,432580,,,,,,,,,,1.547,183075.430,Device,,NVIDIA A100-SXM4-40GB MIG 4g.20gb (0),1,,13,[CUDA memset]
20647807737,4095,432585,,,,,,,,,,0.031,7642.483,Pinned,Device,NVIDIA A100-SXM4-40GB MIG 4g.20gb (0),1,,13,[CUDA memcpy Host-to-Device]
20647814264,10688,432586,,,,,,,,,,0.197,18395.038,Pinned,Device,NVIDIA A100-SXM4-40GB MIG 4g.20gb (0),1,,13,[CUDA memcpy Host-to-Device]
20647892696,28735,432587,273,1,1,8,4,1,39,0.002,0.000,,,,,NVIDIA A100-SXM4-40GB MIG 4g.20gb (0),1,,13,"void channel_eq::eqMmseCoefCompLowMimoKernel<float, float, float, (unsigned int)4, (unsigned int)1, (unsigned int)4>(const channel_eq::_puschRxChEqStatDescr *, channel_eq::_puschRxChEqCoefCompDynDescr)"
20647992598,22656,432588,273,1,1,12,11,1,51,0.002,0.000,,,,,NVIDIA A100-SXM4-40GB MIG 4g.20gb (0),1,,13,"void channel_eq::eqMmseSoftDemapKernel<float, __half, __half, float, (unsigned int)4, (unsigned short)16383>(channel_eq::_puschRxChEqStatDescr *, channel_eq::_puschRxChEqSoftDemapDynDescr)"
20648038486,402011,432589,1,1,1,32,32,1,30,0.000,0.000,,,,,NVIDIA A100-SXM4-40GB MIG 4g.20gb (0),1,,13,"void convert_kernel<float2, __half2>(tensor_layout_any, T1 *, tensor_layout_any, const T2 *)"
20648442161,10912,432601,2253,1,1,128,1,1,16,0.000,0.000,,,,,NVIDIA A100-SXM4-40GB MIG 4g.20gb (0),1,,13,cupy_copy__float16_float16
20648455409,2848,432610,282,1,1,128,1,1,16,0.000,0.000,,,,,NVIDIA A100-SXM4-40GB MIG 4g.20gb (0),1,,13,cupy_copy__complex64_complex64
20648461233,2304,432619,26,1,1,128,1,1,16,0.000,0.000,,,,,NVIDIA A100-SXM4-40GB MIG 4g.20gb (0),1,,13,cupy_copy__float32_float32
20648465361,3168,432628,103,1,1,128,1,1,16,0.000,0.000,,,,,NVIDIA A100-SXM4-40GB MIG 4g.20gb (0),1,,13,cupy_copy__complex64_complex64
20648470833,12160,432638,1434,1,1,128,1,1,16,0.000,0.000,,,,,NVIDIA A100-SXM4-40GB MIG 4g.20gb (0),1,,13,cupy_copy__complex64_complex64
20648484945,79743,432643,1,1,1,32,32,1,30,0.000,0.000,,,,,NVIDIA A100-SXM4-40GB MIG 4g.20gb (0),1,,13,"void convert_kernel<__half2, float2>(tensor_layout_any, T1 *, tensor_layout_any, const T2 *)"
20648594576,5344,432646,,,,,,,,,,0.094,17532.864,Pinned,Device,NVIDIA A100-SXM4-40GB MIG 4g.20gb (0),1,,13,[CUDA memcpy Host-to-Device]
20648605136,607993,432647,,,,,,,,,,456.561,750587.007,Device,,NVIDIA A100-SXM4-40GB MIG 4g.20gb (0),1,,13,[CUDA memset]
20649220265,50527,432652,,,,,,,,,,1.235,24440.777,Pinned,Device,NVIDIA A100-SXM4-40GB MIG 4g.20gb (0),1,,13,[CUDA memcpy Host-to-Device]
20649273480,11008,432653,,,,,,,,,,0.197,17860.461,Pinned,Device,NVIDIA A100-SXM4-40GB MIG 4g.20gb (0),1,,13,[CUDA memcpy Host-to-Device]
20649326632,10655,432654,69,4,1,48,1,1,76,0.002,0.000,,,,,NVIDIA A100-SXM4-40GB MIG 4g.20gb (0),1,,13,"void ch_est::windowedChEstPreNoDftSOfdmKernel<float, __half, float, (unsigned int)2, (unsigned int)1, (unsigned short)4>(ch_est::puschRxChEstStatDescr_t *, ch_est::puschRxChEstDynDescr_t *)"
20649473766,13280,432655,137,2,1,24,2,1,44,0.001,0.001,,,,,NVIDIA A100-SXM4-40GB MIG 4g.20gb (0),1,,13,"void ch_est::chEstFilterNoDftSOfdmDispatchKernel<float, __half, float, (unsigned int)2>(ch_est::puschRxChEstStatDescr_t *, ch_est::puschRxChEstDynDescr_t *)"
20649552485,8256,432656,137,2,1,24,2,1,44,0.001,0.001,,,,,NVIDIA A100-SXM4-40GB MIG 4g.20gb (0),1,,13,"void ch_est::chEstFilterNoDftSOfdmDispatchKernel<float, __half, float, (unsigned int)2>(ch_est::puschRxChEstStatDescr_t *, ch_est::puschRxChEstDynDescr_t *)"
20649566085,3168,432667,103,1,1,128,1,1,16,0.000,0.000,,,,,NVIDIA A100-SXM4-40GB MIG 4g.20gb (0),1,,13,cupy_copy__complex64_complex64
20649570469,12864,432677,1434,1,1,128,1,1,16,0.000,0.000,,,,,NVIDIA A100-SXM4-40GB MIG 4g.20gb (0),1,,13,cupy_copy__complex64_complex64
20649585253,2528,432684,103,1,1,128,1,1,16,0.000,0.000,,,,,NVIDIA A100-SXM4-40GB MIG 4g.20gb (0),1,,13,cupy_copy__complex64_complex64
20649590533,201949,432691,1,1,1,32,32,1,30,0.000,0.000,,,,,NVIDIA A100-SXM4-40GB MIG 4g.20gb (0),1,,13,"void convert_kernel<__half2, float2>(tensor_layout_any, T1 *, tensor_layout_any, const T2 *)"
20649823842,8992,432694,,,,,,,,,,0.094,10419.838,Pinned,Device,NVIDIA A100-SXM4-40GB MIG 4g.20gb (0),1,,13,[CUDA memcpy Host-to-Device]
20649862146,50015,432695,,,,,,,,,,35.810,715983.540,Device,,NVIDIA A100-SXM4-40GB MIG 4g.20gb (0),1,,13,[CUDA memset]
20649919169,3232,432697,,,,,,,,,,0.000,24.752,Pinned,Device,NVIDIA A100-SXM4-40GB MIG 4g.20gb (0),1,,13,[CUDA memcpy Host-to-Device]
20649924929,10752,432698,,,,,,,,,,0.197,18285.527,Pinned,Device,NVIDIA A100-SXM4-40GB MIG 4g.20gb (0),1,,13,[CUDA memcpy Host-to-Device]
20649987616,10496,432699,273,1,1,48,1,1,40,0.000,0.001,,,,,NVIDIA A100-SXM4-40GB MIG 4g.20gb (0),1,,13,"void pusch_noise_intf_est::noiseIntfEstNoDftSOfdmKernel<float, __half, float, float, (unsigned int)2, (unsigned int)1, (unsigned char)4, (unsigned char)4>(pusch_noise_intf_est::puschRxNoiseIntfEstDynDescr)"
20650073599,4800,432710,35,1,1,128,1,1,16,0.000,0.000,,,,,NVIDIA A100-SXM4-40GB MIG 4g.20gb (0),1,,13,cupy_copy__complex64_complex64
20650082047,2656,432719,1,1,1,1,1,1,18,0.000,0.000,,,,,NVIDIA A100-SXM4-40GB MIG 4g.20gb (0),1,,13,cupy_copy__float32_float32
20650086559,2176,432725,,,,,,,,,,0.000,1.838,Device,Pageable,NVIDIA A100-SXM4-40GB MIG 4g.20gb (0),1,,7,[CUDA memcpy Device-to-Host]
20650159038,17120,432736,1434,1,1,128,1,1,16,0.000,0.000,,,,,NVIDIA A100-SXM4-40GB MIG 4g.20gb (0),1,,13,cupy_copy__complex64_complex64
20650179486,3392,432743,103,1,1,128,1,1,16,0.000,0.000,,,,,NVIDIA A100-SXM4-40GB MIG 4g.20gb (0),1,,13,cupy_copy__complex64_complex64
20650255965,4128,432750,35,1,1,128,1,1,16,0.000,0.000,,,,,NVIDIA A100-SXM4-40GB MIG 4g.20gb (0),1,,13,cupy_copy__complex64_complex64
20650263005,2080,432757,1,1,1,1,1,1,18,0.000,0.000,,,,,NVIDIA A100-SXM4-40GB MIG 4g.20gb (0),1,,13,cupy_copy__float32_float32
20650382108,305948,432768,1,1,1,32,32,1,30,0.000,0.000,,,,,NVIDIA A100-SXM4-40GB MIG 4g.20gb (0),1,,13,"void convert_kernel<__half2, float2>(tensor_layout_any, T1 *, tensor_layout_any, const T2 *)"
20650718552,9984,432771,,,,,,,,,,0.094,9384.591,Pinned,Device,NVIDIA A100-SXM4-40GB MIG 4g.20gb (0),1,,13,[CUDA memcpy Host-to-Device]
20650745016,5504,432772,,,,,,,,,,1.547,280999.928,Device,,NVIDIA A100-SXM4-40GB MIG 4g.20gb (0),1,,13,[CUDA memset]
20650753464,4128,432777,,,,,,,,,,0.031,7581.393,Pinned,Device,NVIDIA A100-SXM4-40GB MIG 4g.20gb (0),1,,13,[CUDA memcpy Host-to-Device]
20650762840,11615,432778,,,,,,,,,,0.197,16926.966,Pinned,Device,NVIDIA A100-SXM4-40GB MIG 4g.20gb (0),1,,13,[CUDA memcpy Host-to-Device]
20650871414,12768,432779,273,1,1,8,4,1,39,0.002,0.000,,,,,NVIDIA A100-SXM4-40GB MIG 4g.20gb (0),1,,13,"void channel_eq::eqMmseCoefCompLowMimoKernel<float, float, float, (unsigned int)4, (unsigned int)1, (unsigned int)4>(const channel_eq::_puschRxChEqStatDescr *, channel_eq::_puschRxChEqCoefCompDynDescr)"
20651011733,16992,432780,273,1,1,12,11,1,51,0.002,0.000,,,,,NVIDIA A100-SXM4-40GB MIG 4g.20gb (0),1,,13,"void channel_eq::eqMmseSoftDemapKernel<float, __half, __half, float, (unsigned int)4, (unsigned short)16383>(channel_eq::_puschRxChEqStatDescr *, channel_eq::_puschRxChEqSoftDemapDynDescr)"
20651140243,608666,432781,1,1,1,32,32,1,30,0.000,0.000,,,,,NVIDIA A100-SXM4-40GB MIG 4g.20gb (0),1,,13,"void convert_kernel<float2, __half2>(tensor_layout_any, T1 *, tensor_layout_any, const T2 *)"
20651751405,10911,432793,2253,1,1,128,1,1,16,0.000,0.000,,,,,NVIDIA A100-SXM4-40GB MIG 4g.20gb (0),1,,13,cupy_copy__float16_float16
20651764684,3424,432802,282,1,1,128,1,1,16,0.000,0.000,,,,,NVIDIA A100-SXM4-40GB MIG 4g.20gb (0),1,,13,cupy_copy__complex64_complex64
20651770220,2304,432811,26,1,1,128,1,1,16,0.000,0.000,,,,,NVIDIA A100-SXM4-40GB MIG 4g.20gb (0),1,,13,cupy_copy__float32_float32
20651779500,4064,432820,103,1,1,128,1,1,16,0.000,0.000,,,,,NVIDIA A100-SXM4-40GB MIG 4g.20gb (0),1,,13,cupy_copy__complex64_complex64
20651859467,11968,432836,1434,1,1,128,1,1,16,0.000,0.000,,,,,NVIDIA A100-SXM4-40GB MIG 4g.20gb (0),1,,13,cupy_copy__complex64_complex64
20652040777,295133,432841,1,1,1,32,32,1,30,0.000,0.000,,,,,NVIDIA A100-SXM4-40GB MIG 4g.20gb (0),1,,13,"void convert_kernel<__half2, float2>(tensor_layout_any, T1 *, tensor_layout_any, const T2 *)"
20652365542,6016,432844,,,,,,,,,,0.094,15574.430,Pinned,Device,NVIDIA A100-SXM4-40GB MIG 4g.20gb (0),1,,13,[CUDA memcpy Host-to-Device]
20652458085,607801,432845,,,,,,,,,,456.561,751043.569,Device,,NVIDIA A100-SXM4-40GB MIG 4g.20gb (0),1,,13,[CUDA memset]
20653074046,60415,432850,,,,,,,,,,1.235,20440.793,Pinned,Device,NVIDIA A100-SXM4-40GB MIG 4g.20gb (0),1,,13,[CUDA memcpy Host-to-Device]
20653137277,12800,432851,,,,,,,,,,0.197,15360.000,Pinned,Device,NVIDIA A100-SXM4-40GB MIG 4g.20gb (0),1,,13,[CUDA memcpy Host-to-Device]
20653161949,13216,432852,69,4,1,48,1,1,76,0.002,0.000,,,,,NVIDIA A100-SXM4-40GB MIG 4g.20gb (0),1,,13,"void ch_est::windowedChEstPreNoDftSOfdmKernel<float, __half, float, (unsigned int)2, (unsigned int)1, (unsigned short)4>(ch_est::puschRxChEstStatDescr_t *, ch_est::puschRxChEstDynDescr_t *)"
20653267196,9824,432853,137,2,1,24,2,1,44,0.001,0.001,,,,,NVIDIA A100-SXM4-40GB MIG 4g.20gb (0),1,,13,"void ch_est::chEstFilterNoDftSOfdmDispatchKernel<float, __half, float, (unsigned int)2>(ch_est::puschRxChEstStatDescr_t *, ch_est::puschRxChEstDynDescr_t *)"
20653369883,9375,432854,137,2,1,24,2,1,44,0.001,0.001,,,,,NVIDIA A100-SXM4-40GB MIG 4g.20gb (0),1,,13,"void ch_est::chEstFilterNoDftSOfdmDispatchKernel<float, __half, float, (unsigned int)2>(ch_est::puschRxChEstStatDescr_t *, ch_est::puschRxChEstDynDescr_t *)"
20653472121,4576,432865,103,1,1,128,1,1,16,0.000,0.000,,,,,NVIDIA A100-SXM4-40GB MIG 4g.20gb (0),1,,13,cupy_copy__complex64_complex64
20653481497,13792,432875,1434,1,1,128,1,1,16,0.000,0.000,,,,,NVIDIA A100-SXM4-40GB MIG 4g.20gb (0),1,,13,cupy_copy__complex64_complex64
20653581272,5120,432882,103,1,1,128,1,1,16,0.000,0.000,,,,,NVIDIA A100-SXM4-40GB MIG 4g.20gb (0),1,,13,cupy_copy__complex64_complex64
20653588728,294013,432889,1,1,1,32,32,1,30,0.000,0.000,,,,,NVIDIA A100-SXM4-40GB MIG 4g.20gb (0),1,,13,"void convert_kernel<__half2, float2>(tensor_layout_any, T1 *, tensor_layout_any, const T2 *)"
20653911572,5472,432892,,,,,,,,,,0.094,17122.757,Pinned,Device,NVIDIA A100-SXM4-40GB MIG 4g.20gb (0),1,,13,[CUDA memcpy Host-to-Device]
20653950100,50815,432893,,,,,,,,,,35.810,704703.416,Device,,NVIDIA A100-SXM4-40GB MIG 4g.20gb (0),1,,13,[CUDA memset]
20654004467,2048,432895,,,,,,,,,,0.000,39.062,Pinned,Device,NVIDIA A100-SXM4-40GB MIG 4g.20gb (0),1,,13,[CUDA memcpy Host-to-Device]
20654009715,12064,432896,,,,,,,,,,0.197,16297.034,Pinned,Device,NVIDIA A100-SXM4-40GB MIG 4g.20gb (0),1,,13,[CUDA memcpy Host-to-Device]
20654149650,16960,432897,273,1,1,48,1,1,40,0.000,0.001,,,,,NVIDIA A100-SXM4-40GB MIG 4g.20gb (0),1,,13,"void pusch_noise_intf_est::noiseIntfEstNoDftSOfdmKernel<float, __half, float, float, (unsigned int)2, (unsigned int)1, (unsigned char)4, (unsigned char)4>(pusch_noise_intf_est::puschRxNoiseIntfEstDynDescr)"
20654298096,7872,432908,35,1,1,128,1,1,16,0.000,0.000,,,,,NVIDIA A100-SXM4-40GB MIG 4g.20gb (0),1,,13,cupy_copy__complex64_complex64
20654463438,3520,432917,1,1,1,1,1,1,18,0.000,0.000,,,,,NVIDIA A100-SXM4-40GB MIG 4g.20gb (0),1,,13,cupy_copy__float32_float32
20654475438,1600,432923,,,,,,,,,,0.000,2.500,Device,Pageable,NVIDIA A100-SXM4-40GB MIG 4g.20gb (0),1,,7,[CUDA memcpy Device-to-Host]
20654697676,17344,432934,1434,1,1,128,1,1,16,0.000,0.000,,,,,NVIDIA A100-SXM4-40GB MIG 4g.20gb (0),1,,13,cupy_copy__complex64_complex64
20654872650,5120,432941,103,1,1,128,1,1,16,0.000,0.000,,,,,NVIDIA A100-SXM4-40GB MIG 4g.20gb (0),1,,13,cupy_copy__complex64_complex64
20654930473,5248,432948,35,1,1,128,1,1,16,0.000,0.000,,,,,NVIDIA A100-SXM4-40GB MIG 4g.20gb (0),1,,13,cupy_copy__complex64_complex64
20655091047,5216,432955,1,1,1,1,1,1,18,0.000,0.000,,,,,NVIDIA A100-SXM4-40GB MIG 4g.20gb (0),1,,13,cupy_copy__float32_float32
20655249158,266493,432966,1,1,1,32,32,1,30,0.000,0.000,,,,,NVIDIA A100-SXM4-40GB MIG 4g.20gb (0),1,,13,"void convert_kernel<__half2, float2>(tensor_layout_any, T1 *, tensor_layout_any, const T2 *)"
20655545762,5408,432969,,,,,,,,,,0.094,17325.421,Pinned,Device,NVIDIA A100-SXM4-40GB MIG 4g.20gb (0),1,,13,[CUDA memcpy Host-to-Device]
20655587042,4608,432970,,,,,,,,,,1.547,335637.514,Device,,NVIDIA A100-SXM4-40GB MIG 4g.20gb (0),1,,13,[CUDA memset]
20655593730,3168,432975,,,,,,,,,,0.031,9878.770,Pinned,Device,NVIDIA A100-SXM4-40GB MIG 4g.20gb (0),1,,13,[CUDA memcpy Host-to-Device]
20655599618,9440,432976,,,,,,,,,,0.197,20827.079,Pinned,Device,NVIDIA A100-SXM4-40GB MIG 4g.20gb (0),1,,13,[CUDA memcpy Host-to-Device]
20655649345,13344,432977,273,1,1,8,4,1,39,0.002,0.000,,,,,NVIDIA A100-SXM4-40GB MIG 4g.20gb (0),1,,13,"void channel_eq::eqMmseCoefCompLowMimoKernel<float, float, float, (unsigned int)4, (unsigned int)1, (unsigned int)4>(const channel_eq::_puschRxChEqStatDescr *, channel_eq::_puschRxChEqCoefCompDynDescr)"
20655663457,6720,432978,273,1,1,12,11,1,51,0.002,0.000,,,,,NVIDIA A100-SXM4-40GB MIG 4g.20gb (0),1,,13,"void channel_eq::eqMmseSoftDemapKernel<float, __half, __half, float, (unsigned int)4, (unsigned short)16383>(channel_eq::_puschRxChEqStatDescr *, channel_eq::_puschRxChEqSoftDemapDynDescr)"
20655672225,281885,432979,1,1,1,32,32,1,30,0.000,0.000,,,,,NVIDIA A100-SXM4-40GB MIG 4g.20gb (0),1,,13,"void convert_kernel<float2, __half2>(tensor_layout_any, T1 *, tensor_layout_any, const T2 *)"
20655956158,10656,432991,2253,1,1,128,1,1,16,0.000,0.000,,,,,NVIDIA A100-SXM4-40GB MIG 4g.20gb (0),1,,13,cupy_copy__float16_float16
20655968990,2847,433000,282,1,1,128,1,1,16,0.000,0.000,,,,,NVIDIA A100-SXM4-40GB MIG 4g.20gb (0),1,,13,cupy_copy__complex64_complex64
20655973917,2048,433009,26,1,1,128,1,1,16,0.000,0.000,,,,,NVIDIA A100-SXM4-40GB MIG 4g.20gb (0),1,,13,cupy_copy__float32_float32
20655977533,2976,433018,103,1,1,128,1,1,16,0.000,0.000,,,,,NVIDIA A100-SXM4-40GB MIG 4g.20gb (0),1,,13,cupy_copy__complex64_complex64
20655982941,11904,433028,1434,1,1,128,1,1,16,0.000,0.000,,,,,NVIDIA A100-SXM4-40GB MIG 4g.20gb (0),1,,13,cupy_copy__complex64_complex64
20656000893,80511,433033,1,1,1,32,32,1,30,0.000,0.000,,,,,NVIDIA A100-SXM4-40GB MIG 4g.20gb (0),1,,13,"void convert_kernel<__half2, float2>(tensor_layout_any, T1 *, tensor_layout_any, const T2 *)"
20656110716,5344,433036,,,,,,,,,,0.094,17532.864,Pinned,Device,NVIDIA A100-SXM4-40GB MIG 4g.20gb (0),1,,13,[CUDA memcpy Host-to-Device]
20656120668,607865,433037,,,,,,,,,,456.561,751043.569,Device,,NVIDIA A100-SXM4-40GB MIG 4g.20gb (0),1,,13,[CUDA memset]
20656735573,50303,433042,,,,,,,,,,1.235,24549.452,Pinned,Device,NVIDIA A100-SXM4-40GB MIG 4g.20gb (0),1,,13,[CUDA memcpy Host-to-Device]
20656789012,9472,433043,,,,,,,,,,0.197,20756.693,Pinned,Device,NVIDIA A100-SXM4-40GB MIG 4g.20gb (0),1,,13,[CUDA memcpy Host-to-Device]
20656835412,22272,433044,69,4,1,48,1,1,76,0.002,0.000,,,,,NVIDIA A100-SXM4-40GB MIG 4g.20gb (0),1,,13,"void ch_est::windowedChEstPreNoDftSOfdmKernel<float, __half, float, (unsigned int)2, (unsigned int)1, (unsigned short)4>(ch_est::puschRxChEstStatDescr_t *, ch_est::puschRxChEstDynDescr_t *)"
20656919443,15840,433045,137,2,1,24,2,1,44,0.001,0.001,,,,,NVIDIA A100-SXM4-40GB MIG 4g.20gb (0),1,,13,"void ch_est::chEstFilterNoDftSOfdmDispatchKernel<float, __half, float, (unsigned int)2>(ch_est::puschRxChEstStatDescr_t *, ch_est::puschRxChEstDynDescr_t *)"
20656938355,5280,433046,137,2,1,24,2,1,44,0.001,0.001,,,,,NVIDIA A100-SXM4-40GB MIG 4g.20gb (0),1,,13,"void ch_est::chEstFilterNoDftSOfdmDispatchKernel<float, __half, float, (unsigned int)2>(ch_est::puschRxChEstStatDescr_t *, ch_est::puschRxChEstDynDescr_t *)"
20656945107,2528,433057,103,1,1,128,1,1,16,0.000,0.000,,,,,NVIDIA A100-SXM4-40GB MIG 4g.20gb (0),1,,13,cupy_copy__complex64_complex64
20656949011,13023,433067,1434,1,1,128,1,1,16,0.000,0.000,,,,,NVIDIA A100-SXM4-40GB MIG 4g.20gb (0),1,,13,cupy_copy__complex64_complex64
20656963858,2496,433074,103,1,1,128,1,1,16,0.000,0.000,,,,,NVIDIA A100-SXM4-40GB MIG 4g.20gb (0),1,,13,cupy_copy__complex64_complex64
20656967986,270077,433081,1,1,1,32,32,1,30,0.000,0.000,,,,,NVIDIA A100-SXM4-40GB MIG 4g.20gb (0),1,,13,"void convert_kernel<__half2, float2>(tensor_layout_any, T1 *, tensor_layout_any, const T2 *)"
20657284175,7744,433084,,,,,,,,,,0.094,12099.152,Pinned,Device,NVIDIA A100-SXM4-40GB MIG 4g.20gb (0),1,,13,[CUDA memcpy Host-to-Device]
20657349454,63327,433085,,,,,,,,,,35.810,565474.447,Device,,NVIDIA A100-SXM4-40GB MIG 4g.20gb (0),1,,13,[CUDA memset]
20657414349,2432,433087,,,,,,,,,,0.000,32.895,Pinned,Device,NVIDIA A100-SXM4-40GB MIG 4g.20gb (0),1,,13,[CUDA memcpy Host-to-Device]
20657421037,10752,433088,,,,,,,,,,0.197,18285.527,Pinned,Device,NVIDIA A100-SXM4-40GB MIG 4g.20gb (0),1,,13,[CUDA memcpy Host-to-Device]
20657467885,20544,433089,273,1,1,48,1,1,40,0.000,0.001,,,,,NVIDIA A100-SXM4-40GB MIG 4g.20gb (0),1,,13,"void pusch_noise_intf_est::noiseIntfEstNoDftSOfdmKernel<float, __half, float, float, (unsigned int)2, (unsigned int)1, (unsigned char)4, (unsigned char)4>(pusch_noise_intf_est::puschRxNoiseIntfEstDynDescr)"
20657490317,3232,433100,35,1,1,128,1,1,16,0.000,0.000,,,,,NVIDIA A100-SXM4-40GB MIG 4g.20gb (0),1,,13,cupy_copy__complex64_complex64
20657565452,3200,433109,1,1,1,1,1,1,18,0.000,0.000,,,,,NVIDIA A100-SXM4-40GB MIG 4g.20gb (0),1,,13,cupy_copy__float32_float32
20657581964,1568,433115,,,,,,,,,,0.000,2.551,Device,Pageable,NVIDIA A100-SXM4-40GB MIG 4g.20gb (0),1,,7,[CUDA memcpy Device-to-Host]
20657795241,28672,433126,1434,1,1,128,1,1,16,0.000,0.000,,,,,NVIDIA A100-SXM4-40GB MIG 4g.20gb (0),1,,13,cupy_copy__complex64_complex64
20657938376,18847,433133,103,1,1,128,1,1,16,0.000,0.000,,,,,NVIDIA A100-SXM4-40GB MIG 4g.20gb (0),1,,13,cupy_copy__complex64_complex64
20658071462,7488,433140,35,1,1,128,1,1,16,0.000,0.000,,,,,NVIDIA A100-SXM4-40GB MIG 4g.20gb (0),1,,13,cupy_copy__complex64_complex64
20658204837,12511,433147,1,1,1,1,1,1,18,0.000,0.000,,,,,NVIDIA A100-SXM4-40GB MIG 4g.20gb (0),1,,13,cupy_copy__float32_float32
20658223300,465563,433158,1,1,1,32,32,1,30,0.000,0.000,,,,,NVIDIA A100-SXM4-40GB MIG 4g.20gb (0),1,,13,"void convert_kernel<__half2, float2>(tensor_layout_any, T1 *, tensor_layout_any, const T2 *)"
20658718591,5376,433161,,,,,,,,,,0.094,17428.487,Pinned,Device,NVIDIA A100-SXM4-40GB MIG 4g.20gb (0),1,,13,[CUDA memcpy Host-to-Device]
20658732191,3680,433162,,,,,,,,,,1.547,420278.059,Device,,NVIDIA A100-SXM4-40GB MIG 4g.20gb (0),1,,13,[CUDA memset]
20658739583,3008,433167,,,,,,,,,,0.031,10404.230,Pinned,Device,NVIDIA A100-SXM4-40GB MIG 4g.20gb (0),1,,13,[CUDA memcpy Host-to-Device]
20658745023,9567,433168,,,,,,,,,,0.197,20550.451,Pinned,Device,NVIDIA A100-SXM4-40GB MIG 4g.20gb (0),1,,13,[CUDA memcpy Host-to-Device]
20658758366,6976,433169,273,1,1,8,4,1,39,0.002,0.000,,,,,NVIDIA A100-SXM4-40GB MIG 4g.20gb (0),1,,13,"void channel_eq::eqMmseCoefCompLowMimoKernel<float, float, float, (unsigned int)4, (unsigned int)1, (unsigned int)4>(const channel_eq::_puschRxChEqStatDescr *, channel_eq::_puschRxChEqCoefCompDynDescr)"
20658767678,6912,433170,273,1,1,12,11,1,51,0.002,0.000,,,,,NVIDIA A100-SXM4-40GB MIG 4g.20gb (0),1,,13,"void channel_eq::eqMmseSoftDemapKernel<float, __half, __half, float, (unsigned int)4, (unsigned short)16383>(channel_eq::_puschRxChEqStatDescr *, channel_eq::_puschRxChEqSoftDemapDynDescr)"
20658776702,281533,433171,1,1,1,32,32,1,30,0.000,0.000,,,,,NVIDIA A100-SXM4-40GB MIG 4g.20gb (0),1,,13,"void convert_kernel<float2, __half2>(tensor_layout_any, T1 *, tensor_layout_any, const T2 *)"
20659060379,10944,433183,2253,1,1,128,1,1,16,0.000,0.000,,,,,NVIDIA A100-SXM4-40GB MIG 4g.20gb (0),1,,13,cupy_copy__float16_float16
20659072859,2912,433192,282,1,1,128,1,1,16,0.000,0.000,,,,,NVIDIA A100-SXM4-40GB MIG 4g.20gb (0),1,,13,cupy_copy__complex64_complex64
20659077467,2080,433201,26,1,1,128,1,1,16,0.000,0.000,,,,,NVIDIA A100-SXM4-40GB MIG 4g.20gb (0),1,,13,cupy_copy__float32_float32
20659080763,2976,433210,103,1,1,128,1,1,16,0.000,0.000,,,,,NVIDIA A100-SXM4-40GB MIG 4g.20gb (0),1,,13,cupy_copy__complex64_complex64
20659085435,12096,433220,1434,1,1,128,1,1,16,0.000,0.000,,,,,NVIDIA A100-SXM4-40GB MIG 4g.20gb (0),1,,13,cupy_copy__complex64_complex64
20659129978,79583,433225,1,1,1,32,32,1,30,0.000,0.000,,,,,NVIDIA A100-SXM4-40GB MIG 4g.20gb (0),1,,13,"void convert_kernel<__half2, float2>(tensor_layout_any, T1 *, tensor_layout_any, const T2 *)"
20659237817,5376,433228,,,,,,,,,,0.094,17428.487,Pinned,Device,NVIDIA A100-SXM4-40GB MIG 4g.20gb (0),1,,13,[CUDA memcpy Host-to-Device]
20659248505,603225,433229,,,,,,,,,,456.561,756522.306,Device,,NVIDIA A100-SXM4-40GB MIG 4g.20gb (0),1,,13,[CUDA memset]
20659857586,50144,433234,,,,,,,,,,1.235,24627.253,Pinned,Device,NVIDIA A100-SXM4-40GB MIG 4g.20gb (0),1,,13,[CUDA memcpy Host-to-Device]
20659910322,9759,433235,,,,,,,,,,0.197,20146.225,Pinned,Device,NVIDIA A100-SXM4-40GB MIG 4g.20gb (0),1,,13,[CUDA memcpy Host-to-Device]
20659957041,17728,433236,69,4,1,48,1,1,76,0.002,0.000,,,,,NVIDIA A100-SXM4-40GB MIG 4g.20gb (0),1,,13,"void ch_est::windowedChEstPreNoDftSOfdmKernel<float, __half, float, (unsigned int)2, (unsigned int)1, (unsigned short)4>(ch_est::puschRxChEstStatDescr_t *, ch_est::puschRxChEstDynDescr_t *)"
20660035728,14080,433237,137,2,1,24,2,1,44,0.001,0.001,,,,,NVIDIA A100-SXM4-40GB MIG 4g.20gb (0),1,,13,"void ch_est::chEstFilterNoDftSOfdmDispatchKernel<float, __half, float, (unsigned int)2>(ch_est::puschRxChEstStatDescr_t *, ch_est::puschRxChEstDynDescr_t *)"
20660052752,5472,433238,137,2,1,24,2,1,44,0.001,0.001,,,,,NVIDIA A100-SXM4-40GB MIG 4g.20gb (0),1,,13,"void ch_est::chEstFilterNoDftSOfdmDispatchKernel<float, __half, float, (unsigned int)2>(ch_est::puschRxChEstStatDescr_t *, ch_est::puschRxChEstDynDescr_t *)"
20660060240,2528,433249,103,1,1,128,1,1,16,0.000,0.000,,,,,NVIDIA A100-SXM4-40GB MIG 4g.20gb (0),1,,13,cupy_copy__complex64_complex64
20660064208,12896,433259,1434,1,1,128,1,1,16,0.000,0.000,,,,,NVIDIA A100-SXM4-40GB MIG 4g.20gb (0),1,,13,cupy_copy__complex64_complex64
20660078832,2528,433266,103,1,1,128,1,1,16,0.000,0.000,,,,,NVIDIA A100-SXM4-40GB MIG 4g.20gb (0),1,,13,cupy_copy__complex64_complex64
20660082864,239837,433273,1,1,1,32,32,1,30,0.000,0.000,,,,,NVIDIA A100-SXM4-40GB MIG 4g.20gb (0),1,,13,"void convert_kernel<__half2, float2>(tensor_layout_any, T1 *, tensor_layout_any, const T2 *)"
20660356429,6656,433276,,,,,,,,,,0.094,14076.887,Pinned,Device,NVIDIA A100-SXM4-40GB MIG 4g.20gb (0),1,,13,[CUDA memcpy Host-to-Device]
20660379404,59904,433277,,,,,,,,,,35.810,597774.995,Device,,NVIDIA A100-SXM4-40GB MIG 4g.20gb (0),1,,13,[CUDA memset]
20660445996,2016,433279,,,,,,,,,,0.000,39.682,Pinned,Device,NVIDIA A100-SXM4-40GB MIG 4g.20gb (0),1,,13,[CUDA memcpy Host-to-Device]
20660451084,9727,433280,,,,,,,,,,0.197,20212.482,Pinned,Device,NVIDIA A100-SXM4-40GB MIG 4g.20gb (0),1,,13,[CUDA memcpy Host-to-Device]
20660493355,18912,433281,273,1,1,48,1,1,40,0.000,0.001,,,,,NVIDIA A100-SXM4-40GB MIG 4g.20gb (0),1,,13,"void pusch_noise_intf_est::noiseIntfEstNoDftSOfdmKernel<float, __half, float, float, (unsigned int)2, (unsigned int)1, (unsigned char)4, (unsigned char)4>(pusch_noise_intf_est::puschRxNoiseIntfEstDynDescr)"
20660568266,12224,433292,35,1,1,128,1,1,16,0.000,0.000,,,,,NVIDIA A100-SXM4-40GB MIG 4g.20gb (0),1,,13,cupy_copy__complex64_complex64
20660584202,2912,433301,1,1,1,1,1,1,18,0.000,0.000,,,,,NVIDIA A100-SXM4-40GB MIG 4g.20gb (0),1,,13,cupy_copy__float32_float32
20660589866,1600,433307,,,,,,,,,,0.000,2.500,Device,Pageable,NVIDIA A100-SXM4-40GB MIG 4g.20gb (0),1,,7,[CUDA memcpy Device-to-Host]
20660655913,16224,433318,1434,1,1,128,1,1,16,0.000,0.000,,,,,NVIDIA A100-SXM4-40GB MIG 4g.20gb (0),1,,13,cupy_copy__complex64_complex64
20660730984,9856,433325,103,1,1,128,1,1,16,0.000,0.000,,,,,NVIDIA A100-SXM4-40GB MIG 4g.20gb (0),1,,13,cupy_copy__complex64_complex64
20660852871,5792,433332,35,1,1,128,1,1,16,0.000,0.000,,,,,NVIDIA A100-SXM4-40GB MIG 4g.20gb (0),1,,13,cupy_copy__complex64_complex64
20660907942,13568,433339,1,1,1,1,1,1,18,0.000,0.000,,,,,NVIDIA A100-SXM4-40GB MIG 4g.20gb (0),1,,13,cupy_copy__float32_float32
20661080357,439643,433350,1,1,1,32,32,1,30,0.000,0.000,,,,,NVIDIA A100-SXM4-40GB MIG 4g.20gb (0),1,,13,"void convert_kernel<__half2, float2>(tensor_layout_any, T1 *, tensor_layout_any, const T2 *)"
20661553919,5664,433353,,,,,,,,,,0.094,16542.310,Pinned,Device,NVIDIA A100-SXM4-40GB MIG 4g.20gb (0),1,,13,[CUDA memcpy Host-to-Device]
20661616767,5279,433354,,,,,,,,,,1.547,292975.438,Device,,NVIDIA A100-SXM4-40GB MIG 4g.20gb (0),1,,13,[CUDA memset]
20661628510,3232,433359,,,,,,,,,,0.031,9683.139,Pinned,Device,NVIDIA A100-SXM4-40GB MIG 4g.20gb (0),1,,13,[CUDA memcpy Host-to-Device]
20661634814,10112,433360,,,,,,,,,,0.197,19442.958,Pinned,Device,NVIDIA A100-SXM4-40GB MIG 4g.20gb (0),1,,13,[CUDA memcpy Host-to-Device]
20661739933,19584,433361,273,1,1,8,4,1,39,0.002,0.000,,,,,NVIDIA A100-SXM4-40GB MIG 4g.20gb (0),1,,13,"void channel_eq::eqMmseCoefCompLowMimoKernel<float, float, float, (unsigned int)4, (unsigned int)1, (unsigned int)4>(const channel_eq::_puschRxChEqStatDescr *, channel_eq::_puschRxChEqCoefCompDynDescr)"
20661854076,10656,433362,273,1,1,12,11,1,51,0.002,0.000,,,,,NVIDIA A100-SXM4-40GB MIG 4g.20gb (0),1,,13,"void channel_eq::eqMmseSoftDemapKernel<float, __half, __half, float, (unsigned int)4, (unsigned short)16383>(channel_eq::_puschRxChEqStatDescr *, channel_eq::_puschRxChEqSoftDemapDynDescr)"
20661913659,565370,433363,1,1,1,32,32,1,30,0.000,0.000,,,,,NVIDIA A100-SXM4-40GB MIG 4g.20gb (0),1,,13,"void convert_kernel<float2, __half2>(tensor_layout_any, T1 *, tensor_layout_any, const T2 *)"
20662480309,12320,433375,2253,1,1,128,1,1,16,0.000,0.000,,,,,NVIDIA A100-SXM4-40GB MIG 4g.20gb (0),1,,13,cupy_copy__float16_float16
20662494837,3776,433384,282,1,1,128,1,1,16,0.000,0.000,,,,,NVIDIA A100-SXM4-40GB MIG 4g.20gb (0),1,,13,cupy_copy__complex64_complex64
20662501045,2272,433393,26,1,1,128,1,1,16,0.000,0.000,,,,,NVIDIA A100-SXM4-40GB MIG 4g.20gb (0),1,,13,cupy_copy__float32_float32
20662505141,3136,433402,103,1,1,128,1,1,16,0.000,0.000,,,,,NVIDIA A100-SXM4-40GB MIG 4g.20gb (0),1,,13,cupy_copy__complex64_complex64
20662510389,12223,433412,1434,1,1,128,1,1,16,0.000,0.000,,,,,NVIDIA A100-SXM4-40GB MIG 4g.20gb (0),1,,13,cupy_copy__complex64_complex64
20662523924,197822,433417,1,1,1,32,32,1,30,0.000,0.000,,,,,NVIDIA A100-SXM4-40GB MIG 4g.20gb (0),1,,13,"void convert_kernel<__half2, float2>(tensor_layout_any, T1 *, tensor_layout_any, const T2 *)"
20662750898,5344,433420,,,,,,,,,,0.094,17532.864,Pinned,Device,NVIDIA A100-SXM4-40GB MIG 4g.20gb (0),1,,13,[CUDA memcpy Host-to-Device]
20662793841,604090,433421,,,,,,,,,,456.561,755609.183,Device,,NVIDIA A100-SXM4-40GB MIG 4g.20gb (0),1,,13,[CUDA memset]
20663400619,58879,433426,,,,,,,,,,1.235,20973.054,Pinned,Device,NVIDIA A100-SXM4-40GB MIG 4g.20gb (0),1,,13,[CUDA memcpy Host-to-Device]
20663466154,11872,433427,,,,,,,,,,0.197,16560.488,Pinned,Device,NVIDIA A100-SXM4-40GB MIG 4g.20gb (0),1,,13,[CUDA memcpy Host-to-Device]
20663533641,24992,433428,69,4,1,48,1,1,76,0.002,0.000,,,,,NVIDIA A100-SXM4-40GB MIG 4g.20gb (0),1,,13,"void ch_est::windowedChEstPreNoDftSOfdmKernel<float, __half, float, (unsigned int)2, (unsigned int)1, (unsigned short)4>(ch_est::puschRxChEstStatDescr_t *, ch_est::puschRxChEstDynDescr_t *)"
20663623016,8416,433429,137,2,1,24,2,1,44,0.001,0.001,,,,,NVIDIA A100-SXM4-40GB MIG 4g.20gb (0),1,,13,"void ch_est::chEstFilterNoDftSOfdmDispatchKernel<float, __half, float, (unsigned int)2>(ch_est::puschRxChEstStatDescr_t *, ch_est::puschRxChEstDynDescr_t *)"
20663768775,14751,433430,137,2,1,24,2,1,44,0.001,0.001,,,,,NVIDIA A100-SXM4-40GB MIG 4g.20gb (0),1,,13,"void ch_est::chEstFilterNoDftSOfdmDispatchKernel<float, __half, float, (unsigned int)2>(ch_est::puschRxChEstStatDescr_t *, ch_est::puschRxChEstDynDescr_t *)"
20663900037,5376,433441,103,1,1,128,1,1,16,0.000,0.000,,,,,NVIDIA A100-SXM4-40GB MIG 4g.20gb (0),1,,13,cupy_copy__complex64_complex64
20663908325,13888,433451,1434,1,1,128,1,1,16,0.000,0.000,,,,,NVIDIA A100-SXM4-40GB MIG 4g.20gb (0),1,,13,cupy_copy__complex64_complex64
20664045923,3552,433458,103,1,1,128,1,1,16,0.000,0.000,,,,,NVIDIA A100-SXM4-40GB MIG 4g.20gb (0),1,,13,cupy_copy__complex64_complex64
20664089603,284573,433465,1,1,1,32,32,1,30,0.000,0.000,,,,,NVIDIA A100-SXM4-40GB MIG 4g.20gb (0),1,,13,"void convert_kernel<__half2, float2>(tensor_layout_any, T1 *, tensor_layout_any, const T2 *)"
20664405375,6080,433468,,,,,,,,,,0.094,15410.462,Pinned,Device,NVIDIA A100-SXM4-40GB MIG 4g.20gb (0),1,,13,[CUDA memcpy Host-to-Device]
20664480191,54015,433469,,,,,,,,,,35.810,662949.049,Device,,NVIDIA A100-SXM4-40GB MIG 4g.20gb (0),1,,13,[CUDA memset]
20664539966,1920,433471,,,,,,,,,,0.000,41.667,Pinned,Device,NVIDIA A100-SXM4-40GB MIG 4g.20gb (0),1,,13,[CUDA memcpy Host-to-Device]
20664544318,11520,433472,,,,,,,,,,0.197,17066.557,Pinned,Device,NVIDIA A100-SXM4-40GB MIG 4g.20gb (0),1,,13,[CUDA memcpy Host-to-Device]
20664762587,29056,433473,273,1,1,48,1,1,40,0.000,0.001,,,,,NVIDIA A100-SXM4-40GB MIG 4g.20gb (0),1,,13,"void pusch_noise_intf_est::noiseIntfEstNoDftSOfdmKernel<float, __half, float, float, (unsigned int)2, (unsigned int)1, (unsigned char)4, (unsigned char)4>(pusch_noise_intf_est::puschRxNoiseIntfEstDynDescr)"
20664994841,9632,433484,35,1,1,128,1,1,16,0.000,0.000,,,,,NVIDIA A100-SXM4-40GB MIG 4g.20gb (0),1,,13,cupy_copy__complex64_complex64
20665079992,3136,433493,1,1,1,1,1,1,18,0.000,0.000,,,,,NVIDIA A100-SXM4-40GB MIG 4g.20gb (0),1,,13,cupy_copy__float32_float32
20665091864,1760,433499,,,,,,,,,,0.000,2.273,Device,Pageable,NVIDIA A100-SXM4-40GB MIG 4g.20gb (0),1,,7,[CUDA memcpy Device-to-Host]
20665252470,23168,433510,1434,1,1,128,1,1,16,0.000,0.000,,,,,NVIDIA A100-SXM4-40GB MIG 4g.20gb (0),1,,13,cupy_copy__complex64_complex64
20665345653,6336,433517,103,1,1,128,1,1,16,0.000,0.000,,,,,NVIDIA A100-SXM4-40GB MIG 4g.20gb (0),1,,13,cupy_copy__complex64_complex64
20665389172,9024,433524,35,1,1,128,1,1,16,0.000,0.000,,,,,NVIDIA A100-SXM4-40GB MIG 4g.20gb (0),1,,13,cupy_copy__complex64_complex64
20665473524,3679,433531,1,1,1,1,1,1,18,0.000,0.000,,,,,NVIDIA A100-SXM4-40GB MIG 4g.20gb (0),1,,13,cupy_copy__float32_float32
20665481587,258494,433542,1,1,1,32,32,1,30,0.000,0.000,,,,,NVIDIA A100-SXM4-40GB MIG 4g.20gb (0),1,,13,"void convert_kernel<__half2, float2>(tensor_layout_any, T1 *, tensor_layout_any, const T2 *)"
20665770096,5536,433545,,,,,,,,,,0.094,16924.777,Pinned,Device,NVIDIA A100-SXM4-40GB MIG 4g.20gb (0),1,,13,[CUDA memcpy Host-to-Device]
20665784208,3776,433546,,,,,,,,,,1.547,409592.434,Device,,NVIDIA A100-SXM4-40GB MIG 4g.20gb (0),1,,13,[CUDA memset]
20665790992,3040,433551,,,,,,,,,,0.031,10294.725,Pinned,Device,NVIDIA A100-SXM4-40GB MIG 4g.20gb (0),1,,13,[CUDA memcpy Host-to-Device]
20665796112,9440,433552,,,,,,,,,,0.197,20827.079,Pinned,Device,NVIDIA A100-SXM4-40GB MIG 4g.20gb (0),1,,13,[CUDA memcpy Host-to-Device]
20665809936,6976,433553,273,1,1,8,4,1,39,0.002,0.000,,,,,NVIDIA A100-SXM4-40GB MIG 4g.20gb (0),1,,13,"void channel_eq::eqMmseCoefCompLowMimoKernel<float, float, float, (unsigned int)4, (unsigned int)1, (unsigned int)4>(const channel_eq::_puschRxChEqStatDescr *, channel_eq::_puschRxChEqCoefCompDynDescr)"
20665818480,6432,433554,273,1,1,12,11,1,51,0.002,0.000,,,,,NVIDIA A100-SXM4-40GB MIG 4g.20gb (0),1,,13,"void channel_eq::eqMmseSoftDemapKernel<float, __half, __half, float, (unsigned int)4, (unsigned short)16383>(channel_eq::_puschRxChEqStatDescr *, channel_eq::_puschRxChEqSoftDemapDynDescr)"
20665827056,281436,433555,1,1,1,32,32,1,30,0.000,0.000,,,,,NVIDIA A100-SXM4-40GB MIG 4g.20gb (0),1,,13,"void convert_kernel<float2, __half2>(tensor_layout_any, T1 *, tensor_layout_any, const T2 *)"
20666110060,10816,433567,2253,1,1,128,1,1,16,0.000,0.000,,,,,NVIDIA A100-SXM4-40GB MIG 4g.20gb (0),1,,13,cupy_copy__float16_float16
20666123148,2880,433576,282,1,1,128,1,1,16,0.000,0.000,,,,,NVIDIA A100-SXM4-40GB MIG 4g.20gb (0),1,,13,cupy_copy__complex64_complex64
20666127852,2080,433585,26,1,1,128,1,1,16,0.000,0.000,,,,,NVIDIA A100-SXM4-40GB MIG 4g.20gb (0),1,,13,cupy_copy__float32_float32
20666131948,2944,433594,103,1,1,128,1,1,16,0.000,0.000,,,,,NVIDIA A100-SXM4-40GB MIG 4g.20gb (0),1,,13,cupy_copy__complex64_complex64
20666137260,12160,433604,1434,1,1,128,1,1,16,0.000,0.000,,,,,NVIDIA A100-SXM4-40GB MIG 4g.20gb (0),1,,13,cupy_copy__complex64_complex64
20666177996,80319,433609,1,1,1,32,32,1,30,0.000,0.000,,,,,NVIDIA A100-SXM4-40GB MIG 4g.20gb (0),1,,13,"void convert_kernel<__half2, float2>(tensor_layout_any, T1 *, tensor_layout_any, const T2 *)"
20666286794,5376,433612,,,,,,,,,,0.094,17428.487,Pinned,Device,NVIDIA A100-SXM4-40GB MIG 4g.20gb (0),1,,13,[CUDA memcpy Host-to-Device]
20666297354,606362,433613,,,,,,,,,,456.561,752869.815,Device,,NVIDIA A100-SXM4-40GB MIG 4g.20gb (0),1,,13,[CUDA memset]
20666910467,50336,433618,,,,,,,,,,1.235,24533.398,Pinned,Device,NVIDIA A100-SXM4-40GB MIG 4g.20gb (0),1,,13,[CUDA memcpy Host-to-Device]
20666963299,9536,433619,,,,,,,,,,0.197,20617.298,Pinned,Device,NVIDIA A100-SXM4-40GB MIG 4g.20gb (0),1,,13,[CUDA memcpy Host-to-Device]
20667032418,11552,433620,69,4,1,48,1,1,76,0.002,0.000,,,,,NVIDIA A100-SXM4-40GB MIG 4g.20gb (0),1,,13,"void ch_est::windowedChEstPreNoDftSOfdmKernel<float, __half, float, (unsigned int)2, (unsigned int)1, (unsigned short)4>(ch_est::puschRxChEstStatDescr_t *, ch_est::puschRxChEstDynDescr_t *)"
20667115809,11712,433621,137,2,1,24,2,1,44,0.001,0.001,,,,,NVIDIA A100-SXM4-40GB MIG 4g.20gb (0),1,,13,"void ch_est::chEstFilterNoDftSOfdmDispatchKernel<float, __half, float, (unsigned int)2>(ch_est::puschRxChEstStatDescr_t *, ch_est::puschRxChEstDynDescr_t *)"
20667132161,5632,433622,137,2,1,24,2,1,44,0.001,0.001,,,,,NVIDIA A100-SXM4-40GB MIG 4g.20gb (0),1,,13,"void ch_est::chEstFilterNoDftSOfdmDispatchKernel<float, __half, float, (unsigned int)2>(ch_est::puschRxChEstStatDescr_t *, ch_est::puschRxChEstDynDescr_t *)"
20667139137,2592,433633,103,1,1,128,1,1,16,0.000,0.000,,,,,NVIDIA A100-SXM4-40GB MIG 4g.20gb (0),1,,13,cupy_copy__complex64_complex64
20667143137,13056,433643,1434,1,1,128,1,1,16,0.000,0.000,,,,,NVIDIA A100-SXM4-40GB MIG 4g.20gb (0),1,,13,cupy_copy__complex64_complex64
20667158177,2496,433650,103,1,1,128,1,1,16,0.000,0.000,,,,,NVIDIA A100-SXM4-40GB MIG 4g.20gb (0),1,,13,cupy_copy__complex64_complex64
20667162561,228541,433657,1,1,1,32,32,1,30,0.000,0.000,,,,,NVIDIA A100-SXM4-40GB MIG 4g.20gb (0),1,,13,"void convert_kernel<__half2, float2>(tensor_layout_any, T1 *, tensor_layout_any, const T2 *)"
20667431934,7648,433660,,,,,,,,,,0.094,12251.033,Pinned,Device,NVIDIA A100-SXM4-40GB MIG 4g.20gb (0),1,,13,[CUDA memcpy Host-to-Device]
20667515549,49759,433661,,,,,,,,,,35.810,719636.152,Device,,NVIDIA A100-SXM4-40GB MIG 4g.20gb (0),1,,13,[CUDA memset]
20667572860,2144,433663,,,,,,,,,,0.000,37.313,Pinned,Device,NVIDIA A100-SXM4-40GB MIG 4g.20gb (0),1,,13,[CUDA memcpy Host-to-Device]
20667579708,11040,433664,,,,,,,,,,0.197,17808.556,Pinned,Device,NVIDIA A100-SXM4-40GB MIG 4g.20gb (0),1,,13,[CUDA memcpy Host-to-Device]
20667691515,12128,433665,273,1,1,48,1,1,40,0.000,0.001,,,,,NVIDIA A100-SXM4-40GB MIG 4g.20gb (0),1,,13,"void pusch_noise_intf_est::noiseIntfEstNoDftSOfdmKernel<float, __half, float, float, (unsigned int)2, (unsigned int)1, (unsigned char)4, (unsigned char)4>(pusch_noise_intf_est::puschRxNoiseIntfEstDynDescr)"
20667850073,4896,433676,35,1,1,128,1,1,16,0.000,0.000,,,,,NVIDIA A100-SXM4-40GB MIG 4g.20gb (0),1,,13,cupy_copy__complex64_complex64
20668001239,3168,433685,1,1,1,1,1,1,18,0.000,0.000,,,,,NVIDIA A100-SXM4-40GB MIG 4g.20gb (0),1,,13,cupy_copy__float32_float32
20668012599,1792,433691,,,,,,,,,,0.000,2.232,Device,Pageable,NVIDIA A100-SXM4-40GB MIG 4g.20gb (0),1,,7,[CUDA memcpy Device-to-Host]
20668130038,19488,433702,1434,1,1,128,1,1,16,0.000,0.000,,,,,NVIDIA A100-SXM4-40GB MIG 4g.20gb (0),1,,13,cupy_copy__complex64_complex64
20668347315,4384,433709,103,1,1,128,1,1,16,0.000,0.000,,,,,NVIDIA A100-SXM4-40GB MIG 4g.20gb (0),1,,13,cupy_copy__complex64_complex64
20668471442,4608,433716,35,1,1,128,1,1,16,0.000,0.000,,,,,NVIDIA A100-SXM4-40GB MIG 4g.20gb (0),1,,13,cupy_copy__complex64_complex64
20668530705,4064,433723,1,1,1,1,1,1,18,0.000,0.000,,,,,NVIDIA A100-SXM4-40GB MIG 4g.20gb (0),1,,13,cupy_copy__float32_float32
20668537489,295741,433734,1,1,1,32,32,1,30,0.000,0.000,,,,,NVIDIA A100-SXM4-40GB MIG 4g.20gb (0),1,,13,"void convert_kernel<__half2, float2>(tensor_layout_any, T1 *, tensor_layout_any, const T2 *)"
20668863374,5408,433737,,,,,,,,,,0.094,17325.421,Pinned,Device,NVIDIA A100-SXM4-40GB MIG 4g.20gb (0),1,,13,[CUDA memcpy Host-to-Device]
20668876910,3648,433738,,,,,,,,,,1.547,423963.664,Device,,NVIDIA A100-SXM4-40GB MIG 4g.20gb (0),1,,13,[CUDA memset]
20668883853,3040,433743,,,,,,,,,,0.031,10294.725,Pinned,Device,NVIDIA A100-SXM4-40GB MIG 4g.20gb (0),1,,13,[CUDA memcpy Host-to-Device]
20668889901,10336,433744,,,,,,,,,,0.197,19021.627,Pinned,Device,NVIDIA A100-SXM4-40GB MIG 4g.20gb (0),1,,13,[CUDA memcpy Host-to-Device]
20668904173,6912,433745,273,1,1,8,4,1,39,0.002,0.000,,,,,NVIDIA A100-SXM4-40GB MIG 4g.20gb (0),1,,13,"void channel_eq::eqMmseCoefCompLowMimoKernel<float, float, float, (unsigned int)4, (unsigned int)1, (unsigned int)4>(const channel_eq::_puschRxChEqStatDescr *, channel_eq::_puschRxChEqCoefCompDynDescr)"
20668912813,6752,433746,273,1,1,12,11,1,51,0.002,0.000,,,,,NVIDIA A100-SXM4-40GB MIG 4g.20gb (0),1,,13,"void channel_eq::eqMmseSoftDemapKernel<float, __half, __half, float, (unsigned int)4, (unsigned short)16383>(channel_eq::_puschRxChEqStatDescr *, channel_eq::_puschRxChEqSoftDemapDynDescr)"
20668921677,281245,433747,1,1,1,32,32,1,30,0.000,0.000,,,,,NVIDIA A100-SXM4-40GB MIG 4g.20gb (0),1,,13,"void convert_kernel<float2, __half2>(tensor_layout_any, T1 *, tensor_layout_any, const T2 *)"
20669204778,10816,433759,2253,1,1,128,1,1,16,0.000,0.000,,,,,NVIDIA A100-SXM4-40GB MIG 4g.20gb (0),1,,13,cupy_copy__float16_float16
20669216906,2880,433768,282,1,1,128,1,1,16,0.000,0.000,,,,,NVIDIA A100-SXM4-40GB MIG 4g.20gb (0),1,,13,cupy_copy__complex64_complex64
20669221994,2080,433777,26,1,1,128,1,1,16,0.000,0.000,,,,,NVIDIA A100-SXM4-40GB MIG 4g.20gb (0),1,,13,cupy_copy__float32_float32
20669225834,2944,433786,103,1,1,128,1,1,16,0.000,0.000,,,,,NVIDIA A100-SXM4-40GB MIG 4g.20gb (0),1,,13,cupy_copy__complex64_complex64
20669277481,16384,433796,1434,1,1,128,1,1,16,0.000,0.000,,,,,NVIDIA A100-SXM4-40GB MIG 4g.20gb (0),1,,13,cupy_copy__complex64_complex64
20669356776,314429,433801,1,1,1,32,32,1,30,0.000,0.000,,,,,NVIDIA A100-SXM4-40GB MIG 4g.20gb (0),1,,13,"void convert_kernel<__half2, float2>(tensor_layout_any, T1 *, tensor_layout_any, const T2 *)"
20669707204,7488,433804,,,,,,,,,,0.094,12512.820,Pinned,Device,NVIDIA A100-SXM4-40GB MIG 4g.20gb (0),1,,13,[CUDA memcpy Host-to-Device]
20669750884,609177,433805,,,,,,,,,,456.561,749217.323,Device,,NVIDIA A100-SXM4-40GB MIG 4g.20gb (0),1,,13,[CUDA memset]
20670364957,51999,433810,,,,,,,,,,1.235,23749.208,Pinned,Device,NVIDIA A100-SXM4-40GB MIG 4g.20gb (0),1,,13,[CUDA memcpy Host-to-Device]
20670419740,10304,433811,,,,,,,,,,0.197,19080.610,Pinned,Device,NVIDIA A100-SXM4-40GB MIG 4g.20gb (0),1,,13,[CUDA memcpy Host-to-Device]
20670436220,8672,433812,69,4,1,48,1,1,76,0.002,0.000,,,,,NVIDIA A100-SXM4-40GB MIG 4g.20gb (0),1,,13,"void ch_est::windowedChEstPreNoDftSOfdmKernel<float, __half, float, (unsigned int)2, (unsigned int)1, (unsigned short)4>(ch_est::puschRxChEstStatDescr_t *, ch_est::puschRxChEstDynDescr_t *)"
20670526139,11296,433813,137,2,1,24,2,1,44,0.001,0.001,,,,,NVIDIA A100-SXM4-40GB MIG 4g.20gb (0),1,,13,"void ch_est::chEstFilterNoDftSOfdmDispatchKernel<float, __half, float, (unsigned int)2>(ch_est::puschRxChEstStatDescr_t *, ch_est::puschRxChEstDynDescr_t *)"
20670625914,17024,433814,137,2,1,24,2,1,44,0.001,0.001,,,,,NVIDIA A100-SXM4-40GB MIG 4g.20gb (0),1,,13,"void ch_est::chEstFilterNoDftSOfdmDispatchKernel<float, __half, float, (unsigned int)2>(ch_est::puschRxChEstStatDescr_t *, ch_est::puschRxChEstDynDescr_t *)"
20670770616,7616,433825,103,1,1,128,1,1,16,0.000,0.000,,,,,NVIDIA A100-SXM4-40GB MIG 4g.20gb (0),1,,13,cupy_copy__complex64_complex64
20670926167,21119,433835,1434,1,1,128,1,1,16,0.000,0.000,,,,,NVIDIA A100-SXM4-40GB MIG 4g.20gb (0),1,,13,cupy_copy__complex64_complex64
20671018934,4160,433842,103,1,1,128,1,1,16,0.000,0.000,,,,,NVIDIA A100-SXM4-40GB MIG 4g.20gb (0),1,,13,cupy_copy__complex64_complex64
20671025014,217277,433849,1,1,1,32,32,1,30,0.000,0.000,,,,,NVIDIA A100-SXM4-40GB MIG 4g.20gb (0),1,,13,"void convert_kernel<__half2, float2>(tensor_layout_any, T1 *, tensor_layout_any, const T2 *)"
20671271891,6880,433852,,,,,,,,,,0.094,13618.526,Pinned,Device,NVIDIA A100-SXM4-40GB MIG 4g.20gb (0),1,,13,[CUDA memcpy Host-to-Device]
20671437361,43520,433853,,,,,,,,,,35.810,822804.532,Device,,NVIDIA A100-SXM4-40GB MIG 4g.20gb (0),1,,13,[CUDA memset]
20671483952,2112,433855,,,,,,,,,,0.000,37.879,Pinned,Device,NVIDIA A100-SXM4-40GB MIG 4g.20gb (0),1,,13,[CUDA memcpy Host-to-Device]
20671488496,10432,433856,,,,,,,,,,0.197,18846.450,Pinned,Device,NVIDIA A100-SXM4-40GB MIG 4g.20gb (0),1,,13,[CUDA memcpy Host-to-Device]
20671651567,20351,433857,273,1,1,48,1,1,40,0.000,0.001,,,,,NVIDIA A100-SXM4-40GB MIG 4g.20gb (0),1,,13,"void pusch_noise_intf_est::noiseIntfEstNoDftSOfdmKernel<float, __half, float, float, (unsigned int)2, (unsigned int)1, (unsigned char)4, (unsigned char)4>(pusch_noise_intf_est::puschRxNoiseIntfEstDynDescr)"
20671822125,6880,433868,35,1,1,128,1,1,16,0.000,0.000,,,,,NVIDIA A100-SXM4-40GB MIG 4g.20gb (0),1,,13,cupy_copy__complex64_complex64
20671960299,4640,433877,1,1,1,1,1,1,18,0.000,0.000,,,,,NVIDIA A100-SXM4-40GB MIG 4g.20gb (0),1,,13,cupy_copy__float32_float32
20671970859,1888,433883,,,,,,,,,,0.000,2.119,Device,Pageable,NVIDIA A100-SXM4-40GB MIG 4g.20gb (0),1,,7,[CUDA memcpy Device-to-Host]
20672238152,17312,433894,1434,1,1,128,1,1,16,0.000,0.000,,,,,NVIDIA A100-SXM4-40GB MIG 4g.20gb (0),1,,13,cupy_copy__complex64_complex64
20672519973,3584,433901,103,1,1,128,1,1,16,0.000,0.000,,,,,NVIDIA A100-SXM4-40GB MIG 4g.20gb (0),1,,13,cupy_copy__complex64_complex64
20672690211,6464,433908,35,1,1,128,1,1,16,0.000,0.000,,,,,NVIDIA A100-SXM4-40GB MIG 4g.20gb (0),1,,13,cupy_copy__complex64_complex64
20672873089,2912,433915,1,1,1,1,1,1,18,0.000,0.000,,,,,NVIDIA A100-SXM4-40GB MIG 4g.20gb (0),1,,13,cupy_copy__float32_float32
20673062303,254909,433926,1,1,1,32,32,1,30,0.000,0.000,,,,,NVIDIA A100-SXM4-40GB MIG 4g.20gb (0),1,,13,"void convert_kernel<__half2, float2>(tensor_layout_any, T1 *, tensor_layout_any, const T2 *)"
20673347452,7200,433929,,,,,,,,,,0.094,13013.250,Pinned,Device,NVIDIA A100-SXM4-40GB MIG 4g.20gb (0),1,,13,[CUDA memcpy Host-to-Device]
20673515610,4864,433930,,,,,,,,,,1.547,317973.521,Device,,NVIDIA A100-SXM4-40GB MIG 4g.20gb (0),1,,13,[CUDA memset]
20673527066,3040,433935,,,,,,,,,,0.031,10294.725,Pinned,Device,NVIDIA A100-SXM4-40GB MIG 4g.20gb (0),1,,13,[CUDA memcpy Host-to-Device]
20673533626,9888,433936,,,,,,,,,,0.197,19883.360,Pinned,Device,NVIDIA A100-SXM4-40GB MIG 4g.20gb (0),1,,13,[CUDA memcpy Host-to-Device]
20673704664,17856,433937,273,1,1,8,4,1,39,0.002,0.000,,,,,NVIDIA A100-SXM4-40GB MIG 4g.20gb (0),1,,13,"void channel_eq::eqMmseCoefCompLowMimoKernel<float, float, float, (unsigned int)4, (unsigned int)1, (unsigned int)4>(const channel_eq::_puschRxChEqStatDescr *, channel_eq::_puschRxChEqCoefCompDynDescr)"
20673894806,9343,433938,273,1,1,12,11,1,51,0.002,0.000,,,,,NVIDIA A100-SXM4-40GB MIG 4g.20gb (0),1,,13,"void channel_eq::eqMmseSoftDemapKernel<float, __half, __half, float, (unsigned int)4, (unsigned short)16383>(channel_eq::_puschRxChEqStatDescr *, channel_eq::_puschRxChEqSoftDemapDynDescr)"
20673995028,527995,433939,1,1,1,32,32,1,30,0.000,0.000,,,,,NVIDIA A100-SXM4-40GB MIG 4g.20gb (0),1,,13,"void convert_kernel<float2, __half2>(tensor_layout_any, T1 *, tensor_layout_any, const T2 *)"
20674525487,11391,433951,2253,1,1,128,1,1,16,0.000,0.000,,,,,NVIDIA A100-SXM4-40GB MIG 4g.20gb (0),1,,13,cupy_copy__float16_float16
20674538510,3488,433960,282,1,1,128,1,1,16,0.000,0.000,,,,,NVIDIA A100-SXM4-40GB MIG 4g.20gb (0),1,,13,cupy_copy__complex64_complex64
20674544558,2432,433969,26,1,1,128,1,1,16,0.000,0.000,,,,,NVIDIA A100-SXM4-40GB MIG 4g.20gb (0),1,,13,cupy_copy__float32_float32
20674548622,3168,433978,103,1,1,128,1,1,16,0.000,0.000,,,,,NVIDIA A100-SXM4-40GB MIG 4g.20gb (0),1,,13,cupy_copy__complex64_complex64
20674553774,12640,433988,1434,1,1,128,1,1,16,0.000,0.000,,,,,NVIDIA A100-SXM4-40GB MIG 4g.20gb (0),1,,13,cupy_copy__complex64_complex64
20674568078,79839,433993,1,1,1,32,32,1,30,0.000,0.000,,,,,NVIDIA A100-SXM4-40GB MIG 4g.20gb (0),1,,13,"void convert_kernel<__half2, float2>(tensor_layout_any, T1 *, tensor_layout_any, const T2 *)"
20674678605,5440,433996,,,,,,,,,,0.094,17223.480,Pinned,Device,NVIDIA A100-SXM4-40GB MIG 4g.20gb (0),1,,13,[CUDA memcpy Host-to-Device]
20674688141,603577,433997,,,,,,,,,,456.561,756065.745,Device,,NVIDIA A100-SXM4-40GB MIG 4g.20gb (0),1,,13,[CUDA memset]
20675293574,50207,434002,,,,,,,,,,1.235,24596.380,Pinned,Device,NVIDIA A100-SXM4-40GB MIG 4g.20gb (0),1,,13,[CUDA memcpy Host-to-Device]
20675347205,9536,434003,,,,,,,,,,0.197,20617.298,Pinned,Device,NVIDIA A100-SXM4-40GB MIG 4g.20gb (0),1,,13,[CUDA memcpy Host-to-Device]
20675395589,22656,434004,69,4,1,48,1,1,76,0.002,0.000,,,,,NVIDIA A100-SXM4-40GB MIG 4g.20gb (0),1,,13,"void ch_est::windowedChEstPreNoDftSOfdmKernel<float, __half, float, (unsigned int)2, (unsigned int)1, (unsigned short)4>(ch_est::puschRxChEstStatDescr_t *, ch_est::puschRxChEstDynDescr_t *)"
20675420293,7551,434005,137,2,1,24,2,1,44,0.001,0.001,,,,,NVIDIA A100-SXM4-40GB MIG 4g.20gb (0),1,,13,"void ch_est::chEstFilterNoDftSOfdmDispatchKernel<float, __half, float, (unsigned int)2>(ch_est::puschRxChEstStatDescr_t *, ch_est::puschRxChEstDynDescr_t *)"
20675478212,22560,434006,137,2,1,24,2,1,44,0.001,0.001,,,,,NVIDIA A100-SXM4-40GB MIG 4g.20gb (0),1,,13,"void ch_est::chEstFilterNoDftSOfdmDispatchKernel<float, __half, float, (unsigned int)2>(ch_est::puschRxChEstStatDescr_t *, ch_est::puschRxChEstDynDescr_t *)"
20675504196,4736,434017,103,1,1,128,1,1,16,0.000,0.000,,,,,NVIDIA A100-SXM4-40GB MIG 4g.20gb (0),1,,13,cupy_copy__complex64_complex64
20675509604,13055,434027,1434,1,1,128,1,1,16,0.000,0.000,,,,,NVIDIA A100-SXM4-40GB MIG 4g.20gb (0),1,,13,cupy_copy__complex64_complex64
20675523875,2528,434034,103,1,1,128,1,1,16,0.000,0.000,,,,,NVIDIA A100-SXM4-40GB MIG 4g.20gb (0),1,,13,cupy_copy__complex64_complex64
20675527875,168158,434041,1,1,1,32,32,1,30,0.000,0.000,,,,,NVIDIA A100-SXM4-40GB MIG 4g.20gb (0),1,,13,"void convert_kernel<__half2, float2>(tensor_layout_any, T1 *, tensor_layout_any, const T2 *)"
20675724129,7872,434044,,,,,,,,,,0.094,11902.390,Pinned,Device,NVIDIA A100-SXM4-40GB MIG 4g.20gb (0),1,,13,[CUDA memcpy Host-to-Device]
20675785504,56352,434045,,,,,,,,,,35.810,635447.030,Device,,NVIDIA A100-SXM4-40GB MIG 4g.20gb (0),1,,13,[CUDA memset]
20675844096,4128,434047,,,,,,,,,,0.000,19.380,Pinned,Device,NVIDIA A100-SXM4-40GB MIG 4g.20gb (0),1,,13,[CUDA memcpy Host-to-Device]
20675854464,10784,434048,,,,,,,,,,0.197,18231.263,Pinned,Device,NVIDIA A100-SXM4-40GB MIG 4g.20gb (0),1,,13,[CUDA memcpy Host-to-Device]
20675893599,26368,434049,273,1,1,48,1,1,40,0.000,0.001,,,,,NVIDIA A100-SXM4-40GB MIG 4g.20gb (0),1,,13,"void pusch_noise_intf_est::noiseIntfEstNoDftSOfdmKernel<float, __half, float, float, (unsigned int)2, (unsigned int)1, (unsigned char)4, (unsigned char)4>(pusch_noise_intf_est::puschRxNoiseIntfEstDynDescr)"
20676015582,15456,434060,35,1,1,128,1,1,16,0.000,0.000,,,,,NVIDIA A100-SXM4-40GB MIG 4g.20gb (0),1,,13,cupy_copy__complex64_complex64
20676037630,2784,434069,1,1,1,1,1,1,18,0.000,0.000,,,,,NVIDIA A100-SXM4-40GB MIG 4g.20gb (0),1,,13,cupy_copy__float32_float32
20676056285,1760,434075,,,,,,,,,,0.000,2.273,Device,Pageable,NVIDIA A100-SXM4-40GB MIG 4g.20gb (0),1,,7,[CUDA memcpy Device-to-Host]
20676152636,27872,434086,1434,1,1,128,1,1,16,0.000,0.000,,,,,NVIDIA A100-SXM4-40GB MIG 4g.20gb (0),1,,13,cupy_copy__complex64_complex64
20676240891,13568,434093,103,1,1,128,1,1,16,0.000,0.000,,,,,NVIDIA A100-SXM4-40GB MIG 4g.20gb (0),1,,13,cupy_copy__complex64_complex64
20676311291,5440,434100,35,1,1,128,1,1,16,0.000,0.000,,,,,NVIDIA A100-SXM4-40GB MIG 4g.20gb (0),1,,13,cupy_copy__complex64_complex64
20676422393,5600,434107,1,1,1,1,1,1,18,0.000,0.000,,,,,NVIDIA A100-SXM4-40GB MIG 4g.20gb (0),1,,13,cupy_copy__float32_float32
20676558872,369724,434118,1,1,1,32,32,1,30,0.000,0.000,,,,,NVIDIA A100-SXM4-40GB MIG 4g.20gb (0),1,,13,"void convert_kernel<__half2, float2>(tensor_layout_any, T1 *, tensor_layout_any, const T2 *)"
20676959827,6272,434121,,,,,,,,,,0.094,14938.703,Pinned,Device,NVIDIA A100-SXM4-40GB MIG 4g.20gb (0),1,,13,[CUDA memcpy Host-to-Device]
20677031027,14495,434122,,,,,,,,,,1.547,106700.043,Device,,NVIDIA A100-SXM4-40GB MIG 4g.20gb (0),1,,13,[CUDA memset]
20677053426,3648,434127,,,,,,,,,,0.031,8578.922,Pinned,Device,NVIDIA A100-SXM4-40GB MIG 4g.20gb (0),1,,13,[CUDA memcpy Host-to-Device]
20677059570,9920,434128,,,,,,,,,,0.197,19819.266,Pinned,Device,NVIDIA A100-SXM4-40GB MIG 4g.20gb (0),1,,13,[CUDA memcpy Host-to-Device]
20677140113,27648,434129,273,1,1,8,4,1,39,0.002,0.000,,,,,NVIDIA A100-SXM4-40GB MIG 4g.20gb (0),1,,13,"void channel_eq::eqMmseCoefCompLowMimoKernel<float, float, float, (unsigned int)4, (unsigned int)1, (unsigned int)4>(const channel_eq::_puschRxChEqStatDescr *, channel_eq::_puschRxChEqCoefCompDynDescr)"
20677203025,33279,434130,273,1,1,12,11,1,51,0.002,0.000,,,,,NVIDIA A100-SXM4-40GB MIG 4g.20gb (0),1,,13,"void channel_eq::eqMmseSoftDemapKernel<float, __half, __half, float, (unsigned int)4, (unsigned short)16383>(channel_eq::_puschRxChEqStatDescr *, channel_eq::_puschRxChEqSoftDemapDynDescr)"
20677318095,567162,434131,1,1,1,32,32,1,30,0.000,0.000,,,,,NVIDIA A100-SXM4-40GB MIG 4g.20gb (0),1,,13,"void convert_kernel<float2, __half2>(tensor_layout_any, T1 *, tensor_layout_any, const T2 *)"
20677887081,11712,434143,2253,1,1,128,1,1,16,0.000,0.000,,,,,NVIDIA A100-SXM4-40GB MIG 4g.20gb (0),1,,13,cupy_copy__float16_float16
20677900905,3648,434152,282,1,1,128,1,1,16,0.000,0.000,,,,,NVIDIA A100-SXM4-40GB MIG 4g.20gb (0),1,,13,cupy_copy__complex64_complex64
20677906633,2240,434161,26,1,1,128,1,1,16,0.000,0.000,,,,,NVIDIA A100-SXM4-40GB MIG 4g.20gb (0),1,,13,cupy_copy__float32_float32
20677910633,3168,434170,103,1,1,128,1,1,16,0.000,0.000,,,,,NVIDIA A100-SXM4-40GB MIG 4g.20gb (0),1,,13,cupy_copy__complex64_complex64
20677916009,12192,434180,1434,1,1,128,1,1,16,0.000,0.000,,,,,NVIDIA A100-SXM4-40GB MIG 4g.20gb (0),1,,13,cupy_copy__complex64_complex64
20677930249,79743,434185,1,1,1,32,32,1,30,0.000,0.000,,,,,NVIDIA A100-SXM4-40GB MIG 4g.20gb (0),1,,13,"void convert_kernel<__half2, float2>(tensor_layout_any, T1 *, tensor_layout_any, const T2 *)"
20678039431,5344,434188,,,,,,,,,,0.094,17532.864,Pinned,Device,NVIDIA A100-SXM4-40GB MIG 4g.20gb (0),1,,13,[CUDA memcpy Host-to-Device]
20678048839,604602,434189,,,,,,,,,,456.561,754696.060,Device,,NVIDIA A100-SXM4-40GB MIG 4g.20gb (0),1,,13,[CUDA memset]
20678662272,50368,434194,,,,,,,,,,1.235,24517.343,Pinned,Device,NVIDIA A100-SXM4-40GB MIG 4g.20gb (0),1,,13,[CUDA memcpy Host-to-Device]
20678715136,9696,434195,,,,,,,,,,0.197,20277.166,Pinned,Device,NVIDIA A100-SXM4-40GB MIG 4g.20gb (0),1,,13,[CUDA memcpy Host-to-Device]
20678870654,8320,434196,69,4,1,48,1,1,76,0.002,0.000,,,,,NVIDIA A100-SXM4-40GB MIG 4g.20gb (0),1,,13,"void ch_est::windowedChEstPreNoDftSOfdmKernel<float, __half, float, (unsigned int)2, (unsigned int)1, (unsigned short)4>(ch_est::puschRxChEstStatDescr_t *, ch_est::puschRxChEstDynDescr_t *)"
20679044124,9472,434197,137,2,1,24,2,1,44,0.001,0.001,,,,,NVIDIA A100-SXM4-40GB MIG 4g.20gb (0),1,,13,"void ch_est::chEstFilterNoDftSOfdmDispatchKernel<float, __half, float, (unsigned int)2>(ch_est::puschRxChEstStatDescr_t *, ch_est::puschRxChEstDynDescr_t *)"
20679145723,14560,434198,137,2,1,24,2,1,44,0.001,0.001,,,,,NVIDIA A100-SXM4-40GB MIG 4g.20gb (0),1,,13,"void ch_est::chEstFilterNoDftSOfdmDispatchKernel<float, __half, float, (unsigned int)2>(ch_est::puschRxChEstStatDescr_t *, ch_est::puschRxChEstDynDescr_t *)"
20679307257,3904,434209,103,1,1,128,1,1,16,0.000,0.000,,,,,NVIDIA A100-SXM4-40GB MIG 4g.20gb (0),1,,13,cupy_copy__complex64_complex64
20679405368,18272,434219,1434,1,1,128,1,1,16,0.000,0.000,,,,,NVIDIA A100-SXM4-40GB MIG 4g.20gb (0),1,,13,cupy_copy__complex64_complex64
20679575574,3520,434226,103,1,1,128,1,1,16,0.000,0.000,,,,,NVIDIA A100-SXM4-40GB MIG 4g.20gb (0),1,,13,cupy_copy__complex64_complex64
20679743924,250014,434233,1,1,1,32,32,1,30,0.000,0.000,,,,,NVIDIA A100-SXM4-40GB MIG 4g.20gb (0),1,,13,"void convert_kernel<__half2, float2>(tensor_layout_any, T1 *, tensor_layout_any, const T2 *)"
20680023729,5792,434236,,,,,,,,,,0.094,16176.708,Pinned,Device,NVIDIA A100-SXM4-40GB MIG 4g.20gb (0),1,,13,[CUDA memcpy Host-to-Device]
20680128240,48000,434237,,,,,,,,,,35.810,746028.063,Device,,NVIDIA A100-SXM4-40GB MIG 4g.20gb (0),1,,13,[CUDA memset]
20680178320,2655,434239,,,,,,,,,,0.000,30.132,Pinned,Device,NVIDIA A100-SXM4-40GB MIG 4g.20gb (0),1,,13,[CUDA memcpy Host-to-Device]
20680183471,9440,434240,,,,,,,,,,0.197,20827.079,Pinned,Device,NVIDIA A100-SXM4-40GB MIG 4g.20gb (0),1,,13,[CUDA memcpy Host-to-Device]
20680373485,24768,434241,273,1,1,48,1,1,40,0.000,0.001,,,,,NVIDIA A100-SXM4-40GB MIG 4g.20gb (0),1,,13,"void pusch_noise_intf_est::noiseIntfEstNoDftSOfdmKernel<float, __half, float, float, (unsigned int)2, (unsigned int)1, (unsigned char)4, (unsigned char)4>(pusch_noise_intf_est::puschRxNoiseIntfEstDynDescr)"
20680542699,3616,434252,35,1,1,128,1,1,16,0.000,0.000,,,,,NVIDIA A100-SXM4-40GB MIG 4g.20gb (0),1,,13,cupy_copy__complex64_complex64
20680706250,2976,434261,1,1,1,1,1,1,18,0.000,0.000,,,,,NVIDIA A100-SXM4-40GB MIG 4g.20gb (0),1,,13,cupy_copy__float32_float32
20680778057,1728,434267,,,,,,,,,,0.000,2.315,Device,Pageable,NVIDIA A100-SXM4-40GB MIG 4g.20gb (0),1,,7,[CUDA memcpy Device-to-Host]
20680839752,13088,434278,1434,1,1,128,1,1,16,0.000,0.000,,,,,NVIDIA A100-SXM4-40GB MIG 4g.20gb (0),1,,13,cupy_copy__complex64_complex64
20680866408,2816,434285,103,1,1,128,1,1,16,0.000,0.000,,,,,NVIDIA A100-SXM4-40GB MIG 4g.20gb (0),1,,13,cupy_copy__complex64_complex64
20680887528,2464,434292,35,1,1,128,1,1,16,0.000,0.000,,,,,NVIDIA A100-SXM4-40GB MIG 4g.20gb (0),1,,13,cupy_copy__complex64_complex64
20680905767,1856,434299,1,1,1,1,1,1,18,0.000,0.000,,,,,NVIDIA A100-SXM4-40GB MIG 4g.20gb (0),1,,13,cupy_copy__float32_float32
20681043206,80927,434310,1,1,1,32,32,1,30,0.000,0.000,,,,,NVIDIA A100-SXM4-40GB MIG 4g.20gb (0),1,,13,"void convert_kernel<__half2, float2>(tensor_layout_any, T1 *, tensor_layout_any, const T2 *)"
20681153381,5376,434313,,,,,,,,,,0.094,17428.487,Pinned,Device,NVIDIA A100-SXM4-40GB MIG 4g.20gb (0),1,,13,[CUDA memcpy Host-to-Device]
20681167972,3200,434314,,,,,,,,,,1.547,483320.000,Device,,NVIDIA A100-SXM4-40GB MIG 4g.20gb (0),1,,13,[CUDA memset]
20681174148,3008,434319,,,,,,,,,,0.031,10404.230,Pinned,Device,NVIDIA A100-SXM4-40GB MIG 4g.20gb (0),1,,13,[CUDA memcpy Host-to-Device]
20681185124,9504,434320,,,,,,,,,,0.197,20686.701,Pinned,Device,NVIDIA A100-SXM4-40GB MIG 4g.20gb (0),1,,13,[CUDA memcpy Host-to-Device]
20681199076,5888,434321,273,1,1,8,4,1,39,0.002,0.000,,,,,NVIDIA A100-SXM4-40GB MIG 4g.20gb (0),1,,13,"void channel_eq::eqMmseCoefCompLowMimoKernel<float, float, float, (unsigned int)4, (unsigned int)1, (unsigned int)4>(const channel_eq::_puschRxChEqStatDescr *, channel_eq::_puschRxChEqCoefCompDynDescr)"
20681206820,5664,434322,273,1,1,12,11,1,51,0.002,0.000,,,,,NVIDIA A100-SXM4-40GB MIG 4g.20gb (0),1,,13,"void channel_eq::eqMmseSoftDemapKernel<float, __half, __half, float, (unsigned int)4, (unsigned short)16383>(channel_eq::_puschRxChEqStatDescr *, channel_eq::_puschRxChEqSoftDemapDynDescr)"
20681214596,284573,434323,1,1,1,32,32,1,30,0.000,0.000,,,,,NVIDIA A100-SXM4-40GB MIG 4g.20gb (0),1,,13,"void convert_kernel<float2, __half2>(tensor_layout_any, T1 *, tensor_layout_any, const T2 *)"
20681542816,13504,434335,2253,1,1,128,1,1,16,0.000,0.000,,,,,NVIDIA A100-SXM4-40GB MIG 4g.20gb (0),1,,13,cupy_copy__float16_float16
20681731294,4352,434344,282,1,1,128,1,1,16,0.000,0.000,,,,,NVIDIA A100-SXM4-40GB MIG 4g.20gb (0),1,,13,cupy_copy__complex64_complex64
20682105466,3488,434353,26,1,1,128,1,1,16,0.000,0.000,,,,,NVIDIA A100-SXM4-40GB MIG 4g.20gb (0),1,,13,cupy_copy__float32_float32
20682110810,4416,434362,103,1,1,128,1,1,16,0.000,0.000,,,,,NVIDIA A100-SXM4-40GB MIG 4g.20gb (0),1,,13,cupy_copy__complex64_complex64
20682117338,12512,434372,1434,1,1,128,1,1,16,0.000,0.000,,,,,NVIDIA A100-SXM4-40GB MIG 4g.20gb (0),1,,13,cupy_copy__complex64_complex64
20682131514,86527,434377,1,1,1,32,32,1,30,0.000,0.000,,,,,NVIDIA A100-SXM4-40GB MIG 4g.20gb (0),1,,13,"void convert_kernel<__half2, float2>(tensor_layout_any, T1 *, tensor_layout_any, const T2 *)"
20682249400,12640,434380,,,,,,,,,,0.094,7412.572,Pinned,Device,NVIDIA A100-SXM4-40GB MIG 4g.20gb (0),1,,13,[CUDA memcpy Host-to-Device]
20682394807,602553,434381,,,,,,,,,,456.561,757435.429,Device,,NVIDIA A100-SXM4-40GB MIG 4g.20gb (0),1,,13,[CUDA memset]
20683008336,62719,434386,,,,,,,,,,1.235,19689.947,Pinned,Device,NVIDIA A100-SXM4-40GB MIG 4g.20gb (0),1,,13,[CUDA memcpy Host-to-Device]
20683077711,12448,434387,,,,,,,,,,0.197,15794.307,Pinned,Device,NVIDIA A100-SXM4-40GB MIG 4g.20gb (0),1,,13,[CUDA memcpy Host-to-Device]
20683190030,14080,434388,69,4,1,48,1,1,76,0.002,0.000,,,,,NVIDIA A100-SXM4-40GB MIG 4g.20gb (0),1,,13,"void ch_est::windowedChEstPreNoDftSOfdmKernel<float, __half, float, (unsigned int)2, (unsigned int)1, (unsigned short)4>(ch_est::puschRxChEstStatDescr_t *, ch_est::puschRxChEstDynDescr_t *)"
20683555370,8960,434389,137,2,1,24,2,1,44,0.001,0.001,,,,,NVIDIA A100-SXM4-40GB MIG 4g.20gb (0),1,,13,"void ch_est::chEstFilterNoDftSOfdmDispatchKernel<float, __half, float, (unsigned int)2>(ch_est::puschRxChEstStatDescr_t *, ch_est::puschRxChEstDynDescr_t *)"
20683835271,19456,434390,137,2,1,24,2,1,44,0.001,0.001,,,,,NVIDIA A100-SXM4-40GB MIG 4g.20gb (0),1,,13,"void ch_est::chEstFilterNoDftSOfdmDispatchKernel<float, __half, float, (unsigned int)2>(ch_est::puschRxChEstStatDescr_t *, ch_est::puschRxChEstDynDescr_t *)"
20684039812,3648,434401,103,1,1,128,1,1,16,0.000,0.000,,,,,NVIDIA A100-SXM4-40GB MIG 4g.20gb (0),1,,13,cupy_copy__complex64_complex64
20684224386,16864,434411,1434,1,1,128,1,1,16,0.000,0.000,,,,,NVIDIA A100-SXM4-40GB MIG 4g.20gb (0),1,,13,cupy_copy__complex64_complex64
20684421184,3968,434418,103,1,1,128,1,1,16,0.000,0.000,,,,,NVIDIA A100-SXM4-40GB MIG 4g.20gb (0),1,,13,cupy_copy__complex64_complex64
20684426720,218910,434425,1,1,1,32,32,1,30,0.000,0.000,,,,,NVIDIA A100-SXM4-40GB MIG 4g.20gb (0),1,,13,"void convert_kernel<__half2, float2>(tensor_layout_any, T1 *, tensor_layout_any, const T2 *)"
20684675677,5408,434428,,,,,,,,,,0.094,17325.421,Pinned,Device,NVIDIA A100-SXM4-40GB MIG 4g.20gb (0),1,,13,[CUDA memcpy Host-to-Device]
20684687389,46976,434429,,,,,,,,,,35.810,762285.767,Device,,NVIDIA A100-SXM4-40GB MIG 4g.20gb (0),1,,13,[CUDA memset]
20684740925,1888,434431,,,,,,,,,,0.000,42.373,Pinned,Device,NVIDIA A100-SXM4-40GB MIG 4g.20gb (0),1,,13,[CUDA memcpy Host-to-Device]
20684745437,9695,434432,,,,,,,,,,0.197,20279.132,Pinned,Device,NVIDIA A100-SXM4-40GB MIG 4g.20gb (0),1,,13,[CUDA memcpy Host-to-Device]
20684758908,8896,434433,273,1,1,48,1,1,40,0.000,0.001,,,,,NVIDIA A100-SXM4-40GB MIG 4g.20gb (0),1,,13,"void pusch_noise_intf_est::noiseIntfEstNoDftSOfdmKernel<float, __half, float, float, (unsigned int)2, (unsigned int)1, (unsigned char)4, (unsigned char)4>(pusch_noise_intf_est::puschRxNoiseIntfEstDynDescr)"
20684769660,2848,434444,35,1,1,128,1,1,16,0.000,0.000,,,,,NVIDIA A100-SXM4-40GB MIG 4g.20gb (0),1,,13,cupy_copy__complex64_complex64
20684794172,1856,434453,1,1,1,1,1,1,18,0.000,0.000,,,,,NVIDIA A100-SXM4-40GB MIG 4g.20gb (0),1,,13,cupy_copy__float32_float32
20684828828,1600,434459,,,,,,,,,,0.000,2.500,Device,Pageable,NVIDIA A100-SXM4-40GB MIG 4g.20gb (0),1,,7,[CUDA memcpy Device-to-Host]
20684888987,13344,434470,1434,1,1,128,1,1,16,0.000,0.000,,,,,NVIDIA A100-SXM4-40GB MIG 4g.20gb (0),1,,13,cupy_copy__complex64_complex64
20684915707,2784,434477,103,1,1,128,1,1,16,0.000,0.000,,,,,NVIDIA A100-SXM4-40GB MIG 4g.20gb (0),1,,13,cupy_copy__complex64_complex64
20684936570,2208,434484,35,1,1,128,1,1,16,0.000,0.000,,,,,NVIDIA A100-SXM4-40GB MIG 4g.20gb (0),1,,13,cupy_copy__complex64_complex64
20684955034,1824,434491,1,1,1,1,1,1,18,0.000,0.000,,,,,NVIDIA A100-SXM4-40GB MIG 4g.20gb (0),1,,13,cupy_copy__float32_float32
20685092377,79839,434502,1,1,1,32,32,1,30,0.000,0.000,,,,,NVIDIA A100-SXM4-40GB MIG 4g.20gb (0),1,,13,"void convert_kernel<__half2, float2>(tensor_layout_any, T1 *, tensor_layout_any, const T2 *)"
20685200599,5376,434505,,,,,,,,,,0.094,17428.487,Pinned,Device,NVIDIA A100-SXM4-40GB MIG 4g.20gb (0),1,,13,[CUDA memcpy Host-to-Device]
20685214807,3200,434506,,,,,,,,,,1.547,483320.000,Device,,NVIDIA A100-SXM4-40GB MIG 4g.20gb (0),1,,13,[CUDA memset]
20685229399,3040,434511,,,,,,,,,,0.031,10294.725,Pinned,Device,NVIDIA A100-SXM4-40GB MIG 4g.20gb (0),1,,13,[CUDA memcpy Host-to-Device]
20685234519,10016,434512,,,,,,,,,,0.197,19629.343,Pinned,Device,NVIDIA A100-SXM4-40GB MIG 4g.20gb (0),1,,13,[CUDA memcpy Host-to-Device]
20685248951,5920,434513,273,1,1,8,4,1,39,0.002,0.000,,,,,NVIDIA A100-SXM4-40GB MIG 4g.20gb (0),1,,13,"void channel_eq::eqMmseCoefCompLowMimoKernel<float, float, float, (unsigned int)4, (unsigned int)1, (unsigned int)4>(const channel_eq::_puschRxChEqStatDescr *, channel_eq::_puschRxChEqCoefCompDynDescr)"
20685256247,6432,434514,273,1,1,12,11,1,51,0.002,0.000,,,,,NVIDIA A100-SXM4-40GB MIG 4g.20gb (0),1,,13,"void channel_eq::eqMmseSoftDemapKernel<float, __half, __half, float, (unsigned int)4, (unsigned short)16383>(channel_eq::_puschRxChEqStatDescr *, channel_eq::_puschRxChEqSoftDemapDynDescr)"
20685264471,495962,434515,1,1,1,32,32,1,30,0.000,0.000,,,,,NVIDIA A100-SXM4-40GB MIG 4g.20gb (0),1,,13,"void convert_kernel<float2, __half2>(tensor_layout_any, T1 *, tensor_layout_any, const T2 *)"
20685903760,14559,434527,2253,1,1,128,1,1,16,0.000,0.000,,,,,NVIDIA A100-SXM4-40GB MIG 4g.20gb (0),1,,13,cupy_copy__float16_float16
20685997999,12063,434536,282,1,1,128,1,1,16,0.000,0.000,,,,,NVIDIA A100-SXM4-40GB MIG 4g.20gb (0),1,,13,cupy_copy__complex64_complex64
20686108205,3872,434545,26,1,1,128,1,1,16,0.000,0.000,,,,,NVIDIA A100-SXM4-40GB MIG 4g.20gb (0),1,,13,cupy_copy__float32_float32
20686189484,11648,434554,103,1,1,128,1,1,16,0.000,0.000,,,,,NVIDIA A100-SXM4-40GB MIG 4g.20gb (0),1,,13,cupy_copy__complex64_complex64
20686209356,14016,434564,1434,1,1,128,1,1,16,0.000,0.000,,,,,NVIDIA A100-SXM4-40GB MIG 4g.20gb (0),1,,13,cupy_copy__complex64_complex64
20686296267,292829,434569,1,1,1,32,32,1,30,0.000,0.000,,,,,NVIDIA A100-SXM4-40GB MIG 4g.20gb (0),1,,13,"void convert_kernel<__half2, float2>(tensor_layout_any, T1 *, tensor_layout_any, const T2 *)"
20686618760,5792,434572,,,,,,,,,,0.094,16176.708,Pinned,Device,NVIDIA A100-SXM4-40GB MIG 4g.20gb (0),1,,13,[CUDA memcpy Host-to-Device]
20686693895,607161,434573,,,,,,,,,,456.561,751956.692,Device,,NVIDIA A100-SXM4-40GB MIG 4g.20gb (0),1,,13,[CUDA memset]
20687308672,50271,434578,,,,,,,,,,1.235,24565.506,Pinned,Device,NVIDIA A100-SXM4-40GB MIG 4g.20gb (0),1,,13,[CUDA memcpy Host-to-Device]
20687362783,9856,434579,,,,,,,,,,0.197,19948.044,Pinned,Device,NVIDIA A100-SXM4-40GB MIG 4g.20gb (0),1,,13,[CUDA memcpy Host-to-Device]
20687470590,22240,434580,69,4,1,48,1,1,76,0.002,0.000,,,,,NVIDIA A100-SXM4-40GB MIG 4g.20gb (0),1,,13,"void ch_est::windowedChEstPreNoDftSOfdmKernel<float, __half, float, (unsigned int)2, (unsigned int)1, (unsigned short)4>(ch_est::puschRxChEstStatDescr_t *, ch_est::puschRxChEstDynDescr_t *)"
20687494814,15936,434581,137,2,1,24,2,1,44,0.001,0.001,,,,,NVIDIA A100-SXM4-40GB MIG 4g.20gb (0),1,,13,"void ch_est::chEstFilterNoDftSOfdmDispatchKernel<float, __half, float, (unsigned int)2>(ch_est::puschRxChEstStatDescr_t *, ch_est::puschRxChEstDynDescr_t *)"
20687512702,4768,434582,137,2,1,24,2,1,44,0.001,0.001,,,,,NVIDIA A100-SXM4-40GB MIG 4g.20gb (0),1,,13,"void ch_est::chEstFilterNoDftSOfdmDispatchKernel<float, __half, float, (unsigned int)2>(ch_est::puschRxChEstStatDescr_t *, ch_est::puschRxChEstDynDescr_t *)"
20687518846,2592,434593,103,1,1,128,1,1,16,0.000,0.000,,,,,NVIDIA A100-SXM4-40GB MIG 4g.20gb (0),1,,13,cupy_copy__complex64_complex64
20687523454,12415,434603,1434,1,1,128,1,1,16,0.000,0.000,,,,,NVIDIA A100-SXM4-40GB MIG 4g.20gb (0),1,,13,cupy_copy__complex64_complex64
20687537245,2528,434610,103,1,1,128,1,1,16,0.000,0.000,,,,,NVIDIA A100-SXM4-40GB MIG 4g.20gb (0),1,,13,cupy_copy__complex64_complex64
20687541341,80063,434617,1,1,1,32,32,1,30,0.000,0.000,,,,,NVIDIA A100-SXM4-40GB MIG 4g.20gb (0),1,,13,"void convert_kernel<__half2, float2>(tensor_layout_any, T1 *, tensor_layout_any, const T2 *)"
20687649340,5504,434620,,,,,,,,,,0.094,17023.251,Pinned,Device,NVIDIA A100-SXM4-40GB MIG 4g.20gb (0),1,,13,[CUDA memcpy Host-to-Device]
20687661788,43552,434621,,,,,,,,,,35.810,822231.573,Device,,NVIDIA A100-SXM4-40GB MIG 4g.20gb (0),1,,13,[CUDA memset]
20687752059,2080,434623,,,,,,,,,,0.000,38.462,Pinned,Device,NVIDIA A100-SXM4-40GB MIG 4g.20gb (0),1,,13,[CUDA memcpy Host-to-Device]
20687757115,9312,434624,,,,,,,,,,0.197,21113.340,Pinned,Device,NVIDIA A100-SXM4-40GB MIG 4g.20gb (0),1,,13,[CUDA memcpy Host-to-Device]
20687770523,8608,434625,273,1,1,48,1,1,40,0.000,0.001,,,,,NVIDIA A100-SXM4-40GB MIG 4g.20gb (0),1,,13,"void pusch_noise_intf_est::noiseIntfEstNoDftSOfdmKernel<float, __half, float, float, (unsigned int)2, (unsigned int)1, (unsigned char)4, (unsigned char)4>(pusch_noise_intf_est::puschRxNoiseIntfEstDynDescr)"
20687781275,2912,434636,35,1,1,128,1,1,16,0.000,0.000,,,,,NVIDIA A100-SXM4-40GB MIG 4g.20gb (0),1,,13,cupy_copy__complex64_complex64
20687786779,1856,434645,1,1,1,1,1,1,18,0.000,0.000,,,,,NVIDIA A100-SXM4-40GB MIG 4g.20gb (0),1,,13,cupy_copy__float32_float32
20687803738,1728,434651,,,,,,,,,,0.000,2.315,Device,Pageable,NVIDIA A100-SXM4-40GB MIG 4g.20gb (0),1,,7,[CUDA memcpy Device-to-Host]
20687879066,13215,434662,1434,1,1,128,1,1,16,0.000,0.000,,,,,NVIDIA A100-SXM4-40GB MIG 4g.20gb (0),1,,13,cupy_copy__complex64_complex64
20687906169,2752,434669,103,1,1,128,1,1,16,0.000,0.000,,,,,NVIDIA A100-SXM4-40GB MIG 4g.20gb (0),1,,13,cupy_copy__complex64_complex64
20687927225,2176,434676,35,1,1,128,1,1,16,0.000,0.000,,,,,NVIDIA A100-SXM4-40GB MIG 4g.20gb (0),1,,13,cupy_copy__complex64_complex64
20687945465,1824,434683,1,1,1,1,1,1,18,0.000,0.000,,,,,NVIDIA A100-SXM4-40GB MIG 4g.20gb (0),1,,13,cupy_copy__float32_float32
20688080855,79935,434694,1,1,1,32,32,1,30,0.000,0.000,,,,,NVIDIA A100-SXM4-40GB MIG 4g.20gb (0),1,,13,"void convert_kernel<__half2, float2>(tensor_layout_any, T1 *, tensor_layout_any, const T2 *)"
20688191350,6816,434697,,,,,,,,,,0.094,13746.421,Pinned,Device,NVIDIA A100-SXM4-40GB MIG 4g.20gb (0),1,,13,[CUDA memcpy Host-to-Device]
20688216502,5152,434698,,,,,,,,,,1.547,300198.172,Device,,NVIDIA A100-SXM4-40GB MIG 4g.20gb (0),1,,13,[CUDA memset]
20688227510,3584,434703,,,,,,,,,,0.031,8732.116,Pinned,Device,NVIDIA A100-SXM4-40GB MIG 4g.20gb (0),1,,13,[CUDA memcpy Host-to-Device]
20688235574,11360,434704,,,,,,,,,,0.197,17307.009,Pinned,Device,NVIDIA A100-SXM4-40GB MIG 4g.20gb (0),1,,13,[CUDA memcpy Host-to-Device]
20688316917,12288,434705,273,1,1,8,4,1,39,0.002,0.000,,,,,NVIDIA A100-SXM4-40GB MIG 4g.20gb (0),1,,13,"void channel_eq::eqMmseCoefCompLowMimoKernel<float, float, float, (unsigned int)4, (unsigned int)1, (unsigned int)4>(const channel_eq::_puschRxChEqStatDescr *, channel_eq::_puschRxChEqCoefCompDynDescr)"
20688415956,11104,434706,273,1,1,12,11,1,51,0.002,0.000,,,,,NVIDIA A100-SXM4-40GB MIG 4g.20gb (0),1,,13,"void channel_eq::eqMmseSoftDemapKernel<float, __half, __half, float, (unsigned int)4, (unsigned short)16383>(channel_eq::_puschRxChEqStatDescr *, channel_eq::_puschRxChEqSoftDemapDynDescr)"
20688434483,548058,434707,1,1,1,32,32,1,30,0.000,0.000,,,,,NVIDIA A100-SXM4-40GB MIG 4g.20gb (0),1,,13,"void convert_kernel<float2, __half2>(tensor_layout_any, T1 *, tensor_layout_any, const T2 *)"
20689071820,14752,434719,2253,1,1,128,1,1,16,0.000,0.000,,,,,NVIDIA A100-SXM4-40GB MIG 4g.20gb (0),1,,13,cupy_copy__float16_float16
20689251498,7040,434728,282,1,1,128,1,1,16,0.000,0.000,,,,,NVIDIA A100-SXM4-40GB MIG 4g.20gb (0),1,,13,cupy_copy__complex64_complex64
20689438824,4000,434737,26,1,1,128,1,1,16,0.000,0.000,,,,,NVIDIA A100-SXM4-40GB MIG 4g.20gb (0),1,,13,cupy_copy__float32_float32
20689522727,5408,434746,103,1,1,128,1,1,16,0.000,0.000,,,,,NVIDIA A100-SXM4-40GB MIG 4g.20gb (0),1,,13,cupy_copy__complex64_complex64
20689697445,18336,434756,1434,1,1,128,1,1,16,0.000,0.000,,,,,NVIDIA A100-SXM4-40GB MIG 4g.20gb (0),1,,13,cupy_copy__complex64_complex64
20689797540,244637,434761,1,1,1,32,32,1,30,0.000,0.000,,,,,NVIDIA A100-SXM4-40GB MIG 4g.20gb (0),1,,13,"void convert_kernel<__half2, float2>(tensor_layout_any, T1 *, tensor_layout_any, const T2 *)"
20690072737,5696,434764,,,,,,,,,,0.094,16449.363,Pinned,Device,NVIDIA A100-SXM4-40GB MIG 4g.20gb (0),1,,13,[CUDA memcpy Host-to-Device]
20690256351,609529,434765,,,,,,,,,,456.561,748760.762,Device,,NVIDIA A100-SXM4-40GB MIG 4g.20gb (0),1,,13,[CUDA memset]
20690869912,51584,434770,,,,,,,,,,1.235,23939.389,Pinned,Device,NVIDIA A100-SXM4-40GB MIG 4g.20gb (0),1,,13,[CUDA memcpy Host-to-Device]
20690924088,10048,434771,,,,,,,,,,0.197,19566.821,Pinned,Device,NVIDIA A100-SXM4-40GB MIG 4g.20gb (0),1,,13,[CUDA memcpy Host-to-Device]
20690947927,8384,434772,69,4,1,48,1,1,76,0.002,0.000,,,,,NVIDIA A100-SXM4-40GB MIG 4g.20gb (0),1,,13,"void ch_est::windowedChEstPreNoDftSOfdmKernel<float, __half, float, (unsigned int)2, (unsigned int)1, (unsigned short)4>(ch_est::puschRxChEstStatDescr_t *, ch_est::puschRxChEstDynDescr_t *)"
20691038134,9248,434773,137,2,1,24,2,1,44,0.001,0.001,,,,,NVIDIA A100-SXM4-40GB MIG 4g.20gb (0),1,,13,"void ch_est::chEstFilterNoDftSOfdmDispatchKernel<float, __half, float, (unsigned int)2>(ch_est::puschRxChEstStatDescr_t *, ch_est::puschRxChEstDynDescr_t *)"
20691126741,8608,434774,137,2,1,24,2,1,44,0.001,0.001,,,,,NVIDIA A100-SXM4-40GB MIG 4g.20gb (0),1,,13,"void ch_est::chEstFilterNoDftSOfdmDispatchKernel<float, __half, float, (unsigned int)2>(ch_est::puschRxChEstStatDescr_t *, ch_est::puschRxChEstDynDescr_t *)"
20691213556,4096,434785,103,1,1,128,1,1,16,0.000,0.000,,,,,NVIDIA A100-SXM4-40GB MIG 4g.20gb (0),1,,13,cupy_copy__complex64_complex64
20691218900,14112,434795,1434,1,1,128,1,1,16,0.000,0.000,,,,,NVIDIA A100-SXM4-40GB MIG 4g.20gb (0),1,,13,cupy_copy__complex64_complex64
20691235220,2528,434802,103,1,1,128,1,1,16,0.000,0.000,,,,,NVIDIA A100-SXM4-40GB MIG 4g.20gb (0),1,,13,cupy_copy__complex64_complex64
20691239508,79519,434809,1,1,1,32,32,1,30,0.000,0.000,,,,,NVIDIA A100-SXM4-40GB MIG 4g.20gb (0),1,,13,"void convert_kernel<__half2, float2>(tensor_layout_any, T1 *, tensor_layout_any, const T2 *)"
20691347859,6496,434812,,,,,,,,,,0.094,14423.562,Pinned,Device,NVIDIA A100-SXM4-40GB MIG 4g.20gb (0),1,,13,[CUDA memcpy Host-to-Device]
20691374483,51167,434813,,,,,,,,,,35.810,699833.267,Device,,NVIDIA A100-SXM4-40GB MIG 4g.20gb (0),1,,13,[CUDA memset]
20691431698,3072,434815,,,,,,,,,,0.000,26.042,Pinned,Device,NVIDIA A100-SXM4-40GB MIG 4g.20gb (0),1,,13,[CUDA memcpy Host-to-Device]
20691438738,9504,434816,,,,,,,,,,0.197,20686.701,Pinned,Device,NVIDIA A100-SXM4-40GB MIG 4g.20gb (0),1,,13,[CUDA memcpy Host-to-Device]
20691495537,11168,434817,273,1,1,48,1,1,40,0.000,0.001,,,,,NVIDIA A100-SXM4-40GB MIG 4g.20gb (0),1,,13,"void pusch_noise_intf_est::noiseIntfEstNoDftSOfdmKernel<float, __half, float, float, (unsigned int)2, (unsigned int)1, (unsigned char)4, (unsigned char)4>(pusch_noise_intf_est::puschRxNoiseIntfEstDynDescr)"
20691578320,4160,434828,35,1,1,128,1,1,16,0.000,0.000,,,,,NVIDIA A100-SXM4-40GB MIG 4g.20gb (0),1,,13,cupy_copy__complex64_complex64
20691586160,4192,434837,1,1,1,1,1,1,18,0.000,0.000,,,,,NVIDIA A100-SXM4-40GB MIG 4g.20gb (0),1,,13,cupy_copy__float32_float32
20691593712,1600,434843,,,,,,,,,,0.000,2.500,Device,Pageable,NVIDIA A100-SXM4-40GB MIG 4g.20gb (0),1,,7,[CUDA memcpy Device-to-Host]
20691703535,17920,434854,1434,1,1,128,1,1,16,0.000,0.000,,,,,NVIDIA A100-SXM4-40GB MIG 4g.20gb (0),1,,13,cupy_copy__complex64_complex64
20691797838,4672,434861,103,1,1,128,1,1,16,0.000,0.000,,,,,NVIDIA A100-SXM4-40GB MIG 4g.20gb (0),1,,13,cupy_copy__complex64_complex64
20691878061,4832,434868,35,1,1,128,1,1,16,0.000,0.000,,,,,NVIDIA A100-SXM4-40GB MIG 4g.20gb (0),1,,13,cupy_copy__complex64_complex64
20691956236,3072,434875,1,1,1,1,1,1,18,0.000,0.000,,,,,NVIDIA A100-SXM4-40GB MIG 4g.20gb (0),1,,13,cupy_copy__float32_float32
20691962988,331676,434886,1,1,1,32,32,1,30,0.000,0.000,,,,,NVIDIA A100-SXM4-40GB MIG 4g.20gb (0),1,,13,"void convert_kernel<__half2, float2>(tensor_layout_any, T1 *, tensor_layout_any, const T2 *)"
20692324744,5376,434889,,,,,,,,,,0.094,17428.487,Pinned,Device,NVIDIA A100-SXM4-40GB MIG 4g.20gb (0),1,,13,[CUDA memcpy Host-to-Device]
20692402695,5184,434890,,,,,,,,,,1.547,298345.316,Device,,NVIDIA A100-SXM4-40GB MIG 4g.20gb (0),1,,13,[CUDA memset]
20692414535,6784,434895,,,,,,,,,,0.031,4613.187,Pinned,Device,NVIDIA A100-SXM4-40GB MIG 4g.20gb (0),1,,13,[CUDA memcpy Host-to-Device]
20692425447,10112,434896,,,,,,,,,,0.197,19442.958,Pinned,Device,NVIDIA A100-SXM4-40GB MIG 4g.20gb (0),1,,13,[CUDA memcpy Host-to-Device]
20692494790,11200,434897,273,1,1,8,4,1,39,0.002,0.000,,,,,NVIDIA A100-SXM4-40GB MIG 4g.20gb (0),1,,13,"void channel_eq::eqMmseCoefCompLowMimoKernel<float, float, float, (unsigned int)4, (unsigned int)1, (unsigned int)4>(const channel_eq::_puschRxChEqStatDescr *, channel_eq::_puschRxChEqCoefCompDynDescr)"
20692582757,11424,434898,273,1,1,12,11,1,51,0.002,0.000,,,,,NVIDIA A100-SXM4-40GB MIG 4g.20gb (0),1,,13,"void channel_eq::eqMmseSoftDemapKernel<float, __half, __half, float, (unsigned int)4, (unsigned short)16383>(channel_eq::_puschRxChEqStatDescr *, channel_eq::_puschRxChEqSoftDemapDynDescr)"
20692667876,795607,434899,1,1,1,32,32,1,30,0.000,0.000,,,,,NVIDIA A100-SXM4-40GB MIG 4g.20gb (0),1,,13,"void convert_kernel<float2, __half2>(tensor_layout_any, T1 *, tensor_layout_any, const T2 *)"
20693519323,12864,434911,2253,1,1,128,1,1,16,0.000,0.000,,,,,NVIDIA A100-SXM4-40GB MIG 4g.20gb (0),1,,13,cupy_copy__float16_float16
20693535419,3743,434920,282,1,1,128,1,1,16,0.000,0.000,,,,,NVIDIA A100-SXM4-40GB MIG 4g.20gb (0),1,,13,cupy_copy__complex64_complex64
20693601594,2848,434929,26,1,1,128,1,1,16,0.000,0.000,,,,,NVIDIA A100-SXM4-40GB MIG 4g.20gb (0),1,,13,cupy_copy__float32_float32
20693607866,4704,434938,103,1,1,128,1,1,16,0.000,0.000,,,,,NVIDIA A100-SXM4-40GB MIG 4g.20gb (0),1,,13,cupy_copy__complex64_complex64
20693615162,12799,434948,1434,1,1,128,1,1,16,0.000,0.000,,,,,NVIDIA A100-SXM4-40GB MIG 4g.20gb (0),1,,13,cupy_copy__complex64_complex64
20693689081,184222,434953,1,1,1,32,32,1,30,0.000,0.000,,,,,NVIDIA A100-SXM4-40GB MIG 4g.20gb (0),1,,13,"void convert_kernel<__half2, float2>(tensor_layout_any, T1 *, tensor_layout_any, const T2 *)"
20693901910,6048,434956,,,,,,,,,,0.094,15491.978,Pinned,Device,NVIDIA A100-SXM4-40GB MIG 4g.20gb (0),1,,13,[CUDA memcpy Host-to-Device]
20694018453,605081,434957,,,,,,,,,,456.561,754239.499,Device,,NVIDIA A100-SXM4-40GB MIG 4g.20gb (0),1,,13,[CUDA memset]
20694628686,51232,434962,,,,,,,,,,1.235,24104.872,Pinned,Device,NVIDIA A100-SXM4-40GB MIG 4g.20gb (0),1,,13,[CUDA memcpy Host-to-Device]
20694682446,9632,434963,,,,,,,,,,0.197,20411.843,Pinned,Device,NVIDIA A100-SXM4-40GB MIG 4g.20gb (0),1,,13,[CUDA memcpy Host-to-Device]
20694836780,13760,434964,69,4,1,48,1,1,76,0.002,0.000,,,,,NVIDIA A100-SXM4-40GB MIG 4g.20gb (0),1,,13,"void ch_est::windowedChEstPreNoDftSOfdmKernel<float, __half, float, (unsigned int)2, (unsigned int)1, (unsigned short)4>(ch_est::puschRxChEstStatDescr_t *, ch_est::puschRxChEstDynDescr_t *)"
20694942155,8480,434965,137,2,1,24,2,1,44,0.001,0.001,,,,,NVIDIA A100-SXM4-40GB MIG 4g.20gb (0),1,,13,"void ch_est::chEstFilterNoDftSOfdmDispatchKernel<float, __half, float, (unsigned int)2>(ch_est::puschRxChEstStatDescr_t *, ch_est::puschRxChEstDynDescr_t *)"
20695053482,10783,434966,137,2,1,24,2,1,44,0.001,0.001,,,,,NVIDIA A100-SXM4-40GB MIG 4g.20gb (0),1,,13,"void ch_est::chEstFilterNoDftSOfdmDispatchKernel<float, __half, float, (unsigned int)2>(ch_est::puschRxChEstStatDescr_t *, ch_est::puschRxChEstDynDescr_t *)"
20695064969,3232,434977,103,1,1,128,1,1,16,0.000,0.000,,,,,NVIDIA A100-SXM4-40GB MIG 4g.20gb (0),1,,13,cupy_copy__complex64_complex64
20695070057,13216,434987,1434,1,1,128,1,1,16,0.000,0.000,,,,,NVIDIA A100-SXM4-40GB MIG 4g.20gb (0),1,,13,cupy_copy__complex64_complex64
20695084681,2560,434994,103,1,1,128,1,1,16,0.000,0.000,,,,,NVIDIA A100-SXM4-40GB MIG 4g.20gb (0),1,,13,cupy_copy__complex64_complex64
20695088841,121375,435001,1,1,1,32,32,1,30,0.000,0.000,,,,,NVIDIA A100-SXM4-40GB MIG 4g.20gb (0),1,,13,"void convert_kernel<__half2, float2>(tensor_layout_any, T1 *, tensor_layout_any, const T2 *)"
20695241959,9536,435004,,,,,,,,,,0.094,9825.431,Pinned,Device,NVIDIA A100-SXM4-40GB MIG 4g.20gb (0),1,,13,[CUDA memcpy Host-to-Device]
20695329639,48063,435005,,,,,,,,,,35.810,745061.196,Device,,NVIDIA A100-SXM4-40GB MIG 4g.20gb (0),1,,13,[CUDA memset]
20695379334,3168,435007,,,,,,,,,,0.000,25.252,Pinned,Device,NVIDIA A100-SXM4-40GB MIG 4g.20gb (0),1,,13,[CUDA memcpy Host-to-Device]
20695385030,10496,435008,,,,,,,,,,0.197,18731.631,Pinned,Device,NVIDIA A100-SXM4-40GB MIG 4g.20gb (0),1,,13,[CUDA memcpy Host-to-Device]
20695481093,9344,435009,273,1,1,48,1,1,40,0.000,0.001,,,,,NVIDIA A100-SXM4-40GB MIG 4g.20gb (0),1,,13,"void pusch_noise_intf_est::noiseIntfEstNoDftSOfdmKernel<float, __half, float, float, (unsigned int)2, (unsigned int)1, (unsigned char)4, (unsigned char)4>(pusch_noise_intf_est::puschRxNoiseIntfEstDynDescr)"
20695590628,3808,435020,35,1,1,128,1,1,16,0.000,0.000,,,,,NVIDIA A100-SXM4-40GB MIG 4g.20gb (0),1,,13,cupy_copy__complex64_complex64
20695596772,2656,435029,1,1,1,1,1,1,18,0.000,0.000,,,,,NVIDIA A100-SXM4-40GB MIG 4g.20gb (0),1,,13,cupy_copy__float32_float32
20695602403,1792,435035,,,,,,,,,,0.000,2.232,Device,Pageable,NVIDIA A100-SXM4-40GB MIG 4g.20gb (0),1,,7,[CUDA memcpy Device-to-Host]
20695701762,15968,435046,1434,1,1,128,1,1,16,0.000,0.000,,,,,NVIDIA A100-SXM4-40GB MIG 4g.20gb (0),1,,13,cupy_copy__complex64_complex64
20695720834,3200,435053,103,1,1,128,1,1,16,0.000,0.000,,,,,NVIDIA A100-SXM4-40GB MIG 4g.20gb (0),1,,13,cupy_copy__complex64_complex64
20695825377,3840,435060,35,1,1,128,1,1,16,0.000,0.000,,,,,NVIDIA A100-SXM4-40GB MIG 4g.20gb (0),1,,13,cupy_copy__complex64_complex64
20695935264,3296,435067,1,1,1,1,1,1,18,0.000,0.000,,,,,NVIDIA A100-SXM4-40GB MIG 4g.20gb (0),1,,13,cupy_copy__float32_float32
20696044479,241821,435078,1,1,1,32,32,1,30,0.000,0.000,,,,,NVIDIA A100-SXM4-40GB MIG 4g.20gb (0),1,,13,"void convert_kernel<__half2, float2>(tensor_layout_any, T1 *, tensor_layout_any, const T2 *)"
20696316572,8671,435081,,,,,,,,,,0.094,10805.585,Pinned,Device,NVIDIA A100-SXM4-40GB MIG 4g.20gb (0),1,,13,[CUDA memcpy Host-to-Device]
20696430074,4640,435082,,,,,,,,,,1.547,333323.765,Device,,NVIDIA A100-SXM4-40GB MIG 4g.20gb (0),1,,13,[CUDA memset]
20696437402,5280,435087,,,,,,,,,,0.031,5927.243,Pinned,Device,NVIDIA A100-SXM4-40GB MIG 4g.20gb (0),1,,13,[CUDA memcpy Host-to-Device]
20696445306,9984,435088,,,,,,,,,,0.197,19692.257,Pinned,Device,NVIDIA A100-SXM4-40GB MIG 4g.20gb (0),1,,13,[CUDA memcpy Host-to-Device]
20696543161,10880,435089,273,1,1,8,4,1,39,0.002,0.000,,,,,NVIDIA A100-SXM4-40GB MIG 4g.20gb (0),1,,13,"void channel_eq::eqMmseCoefCompLowMimoKernel<float, float, float, (unsigned int)4, (unsigned int)1, (unsigned int)4>(const channel_eq::_puschRxChEqStatDescr *, channel_eq::_puschRxChEqCoefCompDynDescr)"
20696653560,8832,435090,273,1,1,12,11,1,51,0.002,0.000,,,,,NVIDIA A100-SXM4-40GB MIG 4g.20gb (0),1,,13,"void channel_eq::eqMmseSoftDemapKernel<float, __half, __half, float, (unsigned int)4, (unsigned short)16383>(channel_eq::_puschRxChEqStatDescr *, channel_eq::_puschRxChEqSoftDemapDynDescr)"
20696763319,576249,435091,1,1,1,32,32,1,30,0.000,0.000,,,,,NVIDIA A100-SXM4-40GB MIG 4g.20gb (0),1,,13,"void convert_kernel<float2, __half2>(tensor_layout_any, T1 *, tensor_layout_any, const T2 *)"
20697341552,12992,435103,2253,1,1,128,1,1,16,0.000,0.000,,,,,NVIDIA A100-SXM4-40GB MIG 4g.20gb (0),1,,13,cupy_copy__float16_float16
20697455407,4256,435112,282,1,1,128,1,1,16,0.000,0.000,,,,,NVIDIA A100-SXM4-40GB MIG 4g.20gb (0),1,,13,cupy_copy__complex64_complex64
20697576141,3680,435121,26,1,1,128,1,1,16,0.000,0.000,,,,,NVIDIA A100-SXM4-40GB MIG 4g.20gb (0),1,,13,cupy_copy__float32_float32
20697676044,5728,435130,103,1,1,128,1,1,16,0.000,0.000,,,,,NVIDIA A100-SXM4-40GB MIG 4g.20gb (0),1,,13,cupy_copy__complex64_complex64
20697683500,14816,435140,1434,1,1,128,1,1,16,0.000,0.000,,,,,NVIDIA A100-SXM4-40GB MIG 4g.20gb (0),1,,13,cupy_copy__complex64_complex64
20697809419,291005,435145,1,1,1,32,32,1,30,0.000,0.000,,,,,NVIDIA A100-SXM4-40GB MIG 4g.20gb (0),1,,13,"void convert_kernel<__half2, float2>(tensor_layout_any, T1 *, tensor_layout_any, const T2 *)"
20698130183,6112,435148,,,,,,,,,,0.094,15329.790,Pinned,Device,NVIDIA A100-SXM4-40GB MIG 4g.20gb (0),1,,13,[CUDA memcpy Host-to-Device]
20698221062,604186,435149,,,,,,,,,,456.561,755609.183,Device,,NVIDIA A100-SXM4-40GB MIG 4g.20gb (0),1,,13,[CUDA memset]
20698829567,58336,435154,,,,,,,,,,1.235,21169.410,Pinned,Device,NVIDIA A100-SXM4-40GB MIG 4g.20gb (0),1,,13,[CUDA memcpy Host-to-Device]
20698890335,15968,435155,,,,,,,,,,0.197,12312.576,Pinned,Device,NVIDIA A100-SXM4-40GB MIG 4g.20gb (0),1,,13,[CUDA memcpy Host-to-Device]
20699010493,17024,435156,69,4,1,48,1,1,76,0.002,0.000,,,,,NVIDIA A100-SXM4-40GB MIG 4g.20gb (0),1,,13,"void ch_est::windowedChEstPreNoDftSOfdmKernel<float, __half, float, (unsigned int)2, (unsigned int)1, (unsigned short)4>(ch_est::puschRxChEstStatDescr_t *, ch_est::puschRxChEstDynDescr_t *)"
20699196603,14560,435157,137,2,1,24,2,1,44,0.001,0.001,,,,,NVIDIA A100-SXM4-40GB MIG 4g.20gb (0),1,,13,"void ch_est::chEstFilterNoDftSOfdmDispatchKernel<float, __half, float, (unsigned int)2>(ch_est::puschRxChEstStatDescr_t *, ch_est::puschRxChEstDynDescr_t *)"
20699379705,13632,435158,137,2,1,24,2,1,44,0.001,0.001,,,,,NVIDIA A100-SXM4-40GB MIG 4g.20gb (0),1,,13,"void ch_est::chEstFilterNoDftSOfdmDispatchKernel<float, __half, float, (unsigned int)2>(ch_est::puschRxChEstStatDescr_t *, ch_est::puschRxChEstDynDescr_t *)"
20699559863,4224,435169,103,1,1,128,1,1,16,0.000,0.000,,,,,NVIDIA A100-SXM4-40GB MIG 4g.20gb (0),1,,13,cupy_copy__complex64_complex64
20699738485,17888,435179,1434,1,1,128,1,1,16,0.000,0.000,,,,,NVIDIA A100-SXM4-40GB MIG 4g.20gb (0),1,,13,cupy_copy__complex64_complex64
20699927443,4384,435186,103,1,1,128,1,1,16,0.000,0.000,,,,,NVIDIA A100-SXM4-40GB MIG 4g.20gb (0),1,,13,cupy_copy__complex64_complex64
20700029938,252253,435193,1,1,1,32,32,1,30,0.000,0.000,,,,,NVIDIA A100-SXM4-40GB MIG 4g.20gb (0),1,,13,"void convert_kernel<__half2, float2>(tensor_layout_any, T1 *, tensor_layout_any, const T2 *)"
20700312143,5536,435196,,,,,,,,,,0.094,16924.777,Pinned,Device,NVIDIA A100-SXM4-40GB MIG 4g.20gb (0),1,,13,[CUDA memcpy Host-to-Device]
20700325007,47935,435197,,,,,,,,,,35.810,747030.741,Device,,NVIDIA A100-SXM4-40GB MIG 4g.20gb (0),1,,13,[CUDA memset]
20700377230,1952,435199,,,,,,,,,,0.000,40.984,Pinned,Device,NVIDIA A100-SXM4-40GB MIG 4g.20gb (0),1,,13,[CUDA memcpy Host-to-Device]
20700381614,9792,435200,,,,,,,,,,0.197,20078.395,Pinned,Device,NVIDIA A100-SXM4-40GB MIG 4g.20gb (0),1,,13,[CUDA memcpy Host-to-Device]
20700496973,11104,435201,273,1,1,48,1,1,40,0.000,0.001,,,,,NVIDIA A100-SXM4-40GB MIG 4g.20gb (0),1,,13,"void pusch_noise_intf_est::noiseIntfEstNoDftSOfdmKernel<float, __half, float, float, (unsigned int)2, (unsigned int)1, (unsigned char)4, (unsigned char)4>(pusch_noise_intf_est::puschRxNoiseIntfEstDynDescr)"
20700510797,3168,435212,35,1,1,128,1,1,16,0.000,0.000,,,,,NVIDIA A100-SXM4-40GB MIG 4g.20gb (0),1,,13,cupy_copy__complex64_complex64
20700640971,3616,435221,1,1,1,1,1,1,18,0.000,0.000,,,,,NVIDIA A100-SXM4-40GB MIG 4g.20gb (0),1,,13,cupy_copy__float32_float32
20700653003,1600,435227,,,,,,,,,,0.000,2.500,Device,Pageable,NVIDIA A100-SXM4-40GB MIG 4g.20gb (0),1,,7,[CUDA memcpy Device-to-Host]
20700715786,12992,435238,1434,1,1,128,1,1,16,0.000,0.000,,,,,NVIDIA A100-SXM4-40GB MIG 4g.20gb (0),1,,13,cupy_copy__complex64_complex64
20700742602,2784,435245,103,1,1,128,1,1,16,0.000,0.000,,,,,NVIDIA A100-SXM4-40GB MIG 4g.20gb (0),1,,13,cupy_copy__complex64_complex64
20700763434,2528,435252,35,1,1,128,1,1,16,0.000,0.000,,,,,NVIDIA A100-SXM4-40GB MIG 4g.20gb (0),1,,13,cupy_copy__complex64_complex64
20700794058,1888,435259,1,1,1,1,1,1,18,0.000,0.000,,,,,NVIDIA A100-SXM4-40GB MIG 4g.20gb (0),1,,13,cupy_copy__float32_float32
20700931432,129631,435270,1,1,1,32,32,1,30,0.000,0.000,,,,,NVIDIA A100-SXM4-40GB MIG 4g.20gb (0),1,,13,"void convert_kernel<__half2, float2>(tensor_layout_any, T1 *, tensor_layout_any, const T2 *)"
20701090694,6080,435273,,,,,,,,,,0.094,15410.462,Pinned,Device,NVIDIA A100-SXM4-40GB MIG 4g.20gb (0),1,,13,[CUDA memcpy Host-to-Device]
20701202565,4000,435274,,,,,,,,,,1.547,386656.000,Device,,NVIDIA A100-SXM4-40GB MIG 4g.20gb (0),1,,13,[CUDA memset]
20701214853,3200,435279,,,,,,,,,,0.031,9780.000,Pinned,Device,NVIDIA A100-SXM4-40GB MIG 4g.20gb (0),1,,13,[CUDA memcpy Host-to-Device]
20701220933,9312,435280,,,,,,,,,,0.197,21113.340,Pinned,Device,NVIDIA A100-SXM4-40GB MIG 4g.20gb (0),1,,13,[CUDA memcpy Host-to-Device]
20701358051,9792,435281,273,1,1,8,4,1,39,0.002,0.000,,,,,NVIDIA A100-SXM4-40GB MIG 4g.20gb (0),1,,13,"void channel_eq::eqMmseCoefCompLowMimoKernel<float, float, float, (unsigned int)4, (unsigned int)1, (unsigned int)4>(const channel_eq::_puschRxChEqStatDescr *, channel_eq::_puschRxChEqCoefCompDynDescr)"
20701369059,8000,435282,273,1,1,12,11,1,51,0.002,0.000,,,,,NVIDIA A100-SXM4-40GB MIG 4g.20gb (0),1,,13,"void channel_eq::eqMmseSoftDemapKernel<float, __half, __half, float, (unsigned int)4, (unsigned short)16383>(channel_eq::_puschRxChEqStatDescr *, channel_eq::_puschRxChEqSoftDemapDynDescr)"
20701380099,479867,435283,1,1,1,32,32,1,30,0.000,0.000,,,,,NVIDIA A100-SXM4-40GB MIG 4g.20gb (0),1,,13,"void convert_kernel<float2, __half2>(tensor_layout_any, T1 *, tensor_layout_any, const T2 *)"
20701875934,12639,435295,2253,1,1,128,1,1,16,0.000,0.000,,,,,NVIDIA A100-SXM4-40GB MIG 4g.20gb (0),1,,13,cupy_copy__float16_float16
20702030460,4416,435304,282,1,1,128,1,1,16,0.000,0.000,,,,,NVIDIA A100-SXM4-40GB MIG 4g.20gb (0),1,,13,cupy_copy__complex64_complex64
20702036572,2976,435313,26,1,1,128,1,1,16,0.000,0.000,,,,,NVIDIA A100-SXM4-40GB MIG 4g.20gb (0),1,,13,cupy_copy__float32_float32
20702183418,4160,435322,103,1,1,128,1,1,16,0.000,0.000,,,,,NVIDIA A100-SXM4-40GB MIG 4g.20gb (0),1,,13,cupy_copy__complex64_complex64
20702189338,13472,435332,1434,1,1,128,1,1,16,0.000,0.000,,,,,NVIDIA A100-SXM4-40GB MIG 4g.20gb (0),1,,13,cupy_copy__complex64_complex64
20702342296,240190,435337,1,1,1,32,32,1,30,0.000,0.000,,,,,NVIDIA A100-SXM4-40GB MIG 4g.20gb (0),1,,13,"void convert_kernel<__half2, float2>(tensor_layout_any, T1 *, tensor_layout_any, const T2 *)"
20702612053,5408,435340,,,,,,,,,,0.094,17325.421,Pinned,Device,NVIDIA A100-SXM4-40GB MIG 4g.20gb (0),1,,13,[CUDA memcpy Host-to-Device]
20702747156,600985,435341,,,,,,,,,,456.561,759261.675,Device,,NVIDIA A100-SXM4-40GB MIG 4g.20gb (0),1,,13,[CUDA memset]
20703350477,49952,435346,,,,,,,,,,1.235,24722.344,Pinned,Device,NVIDIA A100-SXM4-40GB MIG 4g.20gb (0),1,,13,[CUDA memcpy Host-to-Device]
20703403212,9792,435347,,,,,,,,,,0.197,20078.395,Pinned,Device,NVIDIA A100-SXM4-40GB MIG 4g.20gb (0),1,,13,[CUDA memcpy Host-to-Device]
20703502315,16544,435348,69,4,1,48,1,1,76,0.002,0.000,,,,,NVIDIA A100-SXM4-40GB MIG 4g.20gb (0),1,,13,"void ch_est::windowedChEstPreNoDftSOfdmKernel<float, __half, float, (unsigned int)2, (unsigned int)1, (unsigned short)4>(ch_est::puschRxChEstStatDescr_t *, ch_est::puschRxChEstDynDescr_t *)"
20703566699,10112,435349,137,2,1,24,2,1,44,0.001,0.001,,,,,NVIDIA A100-SXM4-40GB MIG 4g.20gb (0),1,,13,"void ch_est::chEstFilterNoDftSOfdmDispatchKernel<float, __half, float, (unsigned int)2>(ch_est::puschRxChEstStatDescr_t *, ch_est::puschRxChEstDynDescr_t *)"
20703578859,5503,435350,137,2,1,24,2,1,44,0.001,0.001,,,,,NVIDIA A100-SXM4-40GB MIG 4g.20gb (0),1,,13,"void ch_est::chEstFilterNoDftSOfdmDispatchKernel<float, __half, float, (unsigned int)2>(ch_est::puschRxChEstStatDescr_t *, ch_est::puschRxChEstDynDescr_t *)"
20703586378,2624,435361,103,1,1,128,1,1,16,0.000,0.000,,,,,NVIDIA A100-SXM4-40GB MIG 4g.20gb (0),1,,13,cupy_copy__complex64_complex64
20703591498,12736,435371,1434,1,1,128,1,1,16,0.000,0.000,,,,,NVIDIA A100-SXM4-40GB MIG 4g.20gb (0),1,,13,cupy_copy__complex64_complex64
20703605962,2496,435378,103,1,1,128,1,1,16,0.000,0.000,,,,,NVIDIA A100-SXM4-40GB MIG 4g.20gb (0),1,,13,cupy_copy__complex64_complex64
20703610442,161694,435385,1,1,1,32,32,1,30,0.000,0.000,,,,,NVIDIA A100-SXM4-40GB MIG 4g.20gb (0),1,,13,"void convert_kernel<__half2, float2>(tensor_layout_any, T1 *, tensor_layout_any, const T2 *)"
20703801256,6080,435388,,,,,,,,,,0.094,15410.462,Pinned,Device,NVIDIA A100-SXM4-40GB MIG 4g.20gb (0),1,,13,[CUDA memcpy Host-to-Device]
20703827400,49247,435389,,,,,,,,,,35.810,727120.426,Device,,NVIDIA A100-SXM4-40GB MIG 4g.20gb (0),1,,13,[CUDA memset]
20703883399,2624,435391,,,,,,,,,,0.000,30.488,Pinned,Device,NVIDIA A100-SXM4-40GB MIG 4g.20gb (0),1,,13,[CUDA memcpy Host-to-Device]
20703888903,10208,435392,,,,,,,,,,0.197,19260.113,Pinned,Device,NVIDIA A100-SXM4-40GB MIG 4g.20gb (0),1,,13,[CUDA memcpy Host-to-Device]
20703983782,20960,435393,273,1,1,48,1,1,40,0.000,0.001,,,,,NVIDIA A100-SXM4-40GB MIG 4g.20gb (0),1,,13,"void pusch_noise_intf_est::noiseIntfEstNoDftSOfdmKernel<float, __half, float, float, (unsigned int)2, (unsigned int)1, (unsigned char)4, (unsigned char)4>(pusch_noise_intf_est::puschRxNoiseIntfEstDynDescr)"
20704116453,6591,435404,35,1,1,128,1,1,16,0.000,0.000,,,,,NVIDIA A100-SXM4-40GB MIG 4g.20gb (0),1,,13,cupy_copy__complex64_complex64
20704175076,4064,435413,1,1,1,1,1,1,18,0.000,0.000,,,,,NVIDIA A100-SXM4-40GB MIG 4g.20gb (0),1,,13,cupy_copy__float32_float32
20704183908,2336,435419,,,,,,,,,,0.000,1.712,Device,Pageable,NVIDIA A100-SXM4-40GB MIG 4g.20gb (0),1,,7,[CUDA memcpy Device-to-Host]
20704306242,18112,435430,1434,1,1,128,1,1,16,0.000,0.000,,,,,NVIDIA A100-SXM4-40GB MIG 4g.20gb (0),1,,13,cupy_copy__complex64_complex64
20704384962,7711,435437,103,1,1,128,1,1,16,0.000,0.000,,,,,NVIDIA A100-SXM4-40GB MIG 4g.20gb (0),1,,13,cupy_copy__complex64_complex64
20704517344,8224,435444,35,1,1,128,1,1,16,0.000,0.000,,,,,NVIDIA A100-SXM4-40GB MIG 4g.20gb (0),1,,13,cupy_copy__complex64_complex64
20704578783,3136,435451,1,1,1,1,1,1,18,0.000,0.000,,,,,NVIDIA A100-SXM4-40GB MIG 4g.20gb (0),1,,13,cupy_copy__float32_float32
20704710430,406107,435462,1,1,1,32,32,1,30,0.000,0.000,,,,,NVIDIA A100-SXM4-40GB MIG 4g.20gb (0),1,,13,"void convert_kernel<__half2, float2>(tensor_layout_any, T1 *, tensor_layout_any, const T2 *)"
20705146009,5824,435465,,,,,,,,,,0.094,16087.884,Pinned,Device,NVIDIA A100-SXM4-40GB MIG 4g.20gb (0),1,,13,[CUDA memcpy Host-to-Device]
20705162521,6112,435466,,,,,,,,,,1.547,253046.246,Device,,NVIDIA A100-SXM4-40GB MIG 4g.20gb (0),1,,13,[CUDA memset]
20705176377,5056,435471,,,,,,,,,,0.031,6189.848,Pinned,Device,NVIDIA A100-SXM4-40GB MIG 4g.20gb (0),1,,13,[CUDA memcpy Host-to-Device]
20705183833,9600,435472,,,,,,,,,,0.197,20479.869,Pinned,Device,NVIDIA A100-SXM4-40GB MIG 4g.20gb (0),1,,13,[CUDA memcpy Host-to-Device]
20705198328,7040,435473,273,1,1,8,4,1,39,0.002,0.000,,,,,NVIDIA A100-SXM4-40GB MIG 4g.20gb (0),1,,13,"void channel_eq::eqMmseCoefCompLowMimoKernel<float, float, float, (unsigned int)4, (unsigned int)1, (unsigned int)4>(const channel_eq::_puschRxChEqStatDescr *, channel_eq::_puschRxChEqCoefCompDynDescr)"
20705206648,7040,435474,273,1,1,12,11,1,51,0.002,0.000,,,,,NVIDIA A100-SXM4-40GB MIG 4g.20gb (0),1,,13,"void channel_eq::eqMmseSoftDemapKernel<float, __half, __half, float, (unsigned int)4, (unsigned short)16383>(channel_eq::_puschRxChEqStatDescr *, channel_eq::_puschRxChEqSoftDemapDynDescr)"
20705215192,754008,435475,1,1,1,32,32,1,30,0.000,0.000,,,,,NVIDIA A100-SXM4-40GB MIG 4g.20gb (0),1,,13,"void convert_kernel<float2, __half2>(tensor_layout_any, T1 *, tensor_layout_any, const T2 *)"
20706042191,13696,435487,2253,1,1,128,1,1,16,0.000,0.000,,,,,NVIDIA A100-SXM4-40GB MIG 4g.20gb (0),1,,13,cupy_copy__float16_float16
20706057231,5120,435496,282,1,1,128,1,1,16,0.000,0.000,,,,,NVIDIA A100-SXM4-40GB MIG 4g.20gb (0),1,,13,cupy_copy__complex64_complex64
20706064495,3456,435505,26,1,1,128,1,1,16,0.000,0.000,,,,,NVIDIA A100-SXM4-40GB MIG 4g.20gb (0),1,,13,cupy_copy__float32_float32
20706198925,4736,435514,103,1,1,128,1,1,16,0.000,0.000,,,,,NVIDIA A100-SXM4-40GB MIG 4g.20gb (0),1,,13,cupy_copy__complex64_complex64
20706205389,14464,435524,1434,1,1,128,1,1,16,0.000,0.000,,,,,NVIDIA A100-SXM4-40GB MIG 4g.20gb (0),1,,13,cupy_copy__complex64_complex64
20706221485,80127,435529,1,1,1,32,32,1,30,0.000,0.000,,,,,NVIDIA A100-SXM4-40GB MIG 4g.20gb (0),1,,13,"void convert_kernel<__half2, float2>(tensor_layout_any, T1 *, tensor_layout_any, const T2 *)"
20706329804,5376,435532,,,,,,,,,,0.094,17428.487,Pinned,Device,NVIDIA A100-SXM4-40GB MIG 4g.20gb (0),1,,13,[CUDA memcpy Host-to-Device]
20706348908,603673,435533,,,,,,,,,,456.561,756065.745,Device,,NVIDIA A100-SXM4-40GB MIG 4g.20gb (0),1,,13,[CUDA memset]
20706959141,50687,435538,,,,,,,,,,1.235,24362.975,Pinned,Device,NVIDIA A100-SXM4-40GB MIG 4g.20gb (0),1,,13,[CUDA memcpy Host-to-Device]
20707013028,9504,435539,,,,,,,,,,0.197,20686.701,Pinned,Device,NVIDIA A100-SXM4-40GB MIG 4g.20gb (0),1,,13,[CUDA memcpy Host-to-Device]
20707063812,15263,435540,69,4,1,48,1,1,76,0.002,0.000,,,,,NVIDIA A100-SXM4-40GB MIG 4g.20gb (0),1,,13,"void ch_est::windowedChEstPreNoDftSOfdmKernel<float, __half, float, (unsigned int)2, (unsigned int)1, (unsigned short)4>(ch_est::puschRxChEstStatDescr_t *, ch_est::puschRxChEstDynDescr_t *)"
20707081667,6784,435541,137,2,1,24,2,1,44,0.001,0.001,,,,,NVIDIA A100-SXM4-40GB MIG 4g.20gb (0),1,,13,"void ch_est::chEstFilterNoDftSOfdmDispatchKernel<float, __half, float, (unsigned int)2>(ch_est::puschRxChEstStatDescr_t *, ch_est::puschRxChEstDynDescr_t *)"
20707138243,19648,435542,137,2,1,24,2,1,44,0.001,0.001,,,,,NVIDIA A100-SXM4-40GB MIG 4g.20gb (0),1,,13,"void ch_est::chEstFilterNoDftSOfdmDispatchKernel<float, __half, float, (unsigned int)2>(ch_est::puschRxChEstStatDescr_t *, ch_est::puschRxChEstDynDescr_t *)"
20707161027,4960,435553,103,1,1,128,1,1,16,0.000,0.000,,,,,NVIDIA A100-SXM4-40GB MIG 4g.20gb (0),1,,13,cupy_copy__complex64_complex64
20707168098,13120,435563,1434,1,1,128,1,1,16,0.000,0.000,,,,,NVIDIA A100-SXM4-40GB MIG 4g.20gb (0),1,,13,cupy_copy__complex64_complex64
20707182978,2528,435570,103,1,1,128,1,1,16,0.000,0.000,,,,,NVIDIA A100-SXM4-40GB MIG 4g.20gb (0),1,,13,cupy_copy__complex64_complex64
20707189410,210494,435577,1,1,1,32,32,1,30,0.000,0.000,,,,,NVIDIA A100-SXM4-40GB MIG 4g.20gb (0),1,,13,"void convert_kernel<__half2, float2>(tensor_layout_any, T1 *, tensor_layout_any, const T2 *)"
20707430464,7647,435580,,,,,,,,,,0.094,12252.626,Pinned,Device,NVIDIA A100-SXM4-40GB MIG 4g.20gb (0),1,,13,[CUDA memcpy Host-to-Device]
20707516639,63615,435581,,,,,,,,,,35.810,562896.132,Device,,NVIDIA A100-SXM4-40GB MIG 4g.20gb (0),1,,13,[CUDA memset]
20707588158,4960,435583,,,,,,,,,,0.000,16.129,Pinned,Device,NVIDIA A100-SXM4-40GB MIG 4g.20gb (0),1,,13,[CUDA memcpy Host-to-Device]
20707595582,11232,435584,,,,,,,,,,0.197,17504.207,Pinned,Device,NVIDIA A100-SXM4-40GB MIG 4g.20gb (0),1,,13,[CUDA memcpy Host-to-Device]
20707763516,24544,435585,273,1,1,48,1,1,40,0.000,0.001,,,,,NVIDIA A100-SXM4-40GB MIG 4g.20gb (0),1,,13,"void pusch_noise_intf_est::noiseIntfEstNoDftSOfdmKernel<float, __half, float, float, (unsigned int)2, (unsigned int)1, (unsigned char)4, (unsigned char)4>(pusch_noise_intf_est::puschRxNoiseIntfEstDynDescr)"
20707818203,15488,435596,35,1,1,128,1,1,16,0.000,0.000,,,,,NVIDIA A100-SXM4-40GB MIG 4g.20gb (0),1,,13,cupy_copy__complex64_complex64
20707837819,2720,435605,1,1,1,1,1,1,18,0.000,0.000,,,,,NVIDIA A100-SXM4-40GB MIG 4g.20gb (0),1,,13,cupy_copy__float32_float32
20707849211,3200,435611,,,,,,,,,,0.000,1.250,Device,Pageable,NVIDIA A100-SXM4-40GB MIG 4g.20gb (0),1,,7,[CUDA memcpy Device-to-Host]
20707964666,27871,435622,1434,1,1,128,1,1,16,0.000,0.000,,,,,NVIDIA A100-SXM4-40GB MIG 4g.20gb (0),1,,13,cupy_copy__complex64_complex64
20707994105,3648,435629,103,1,1,128,1,1,16,0.000,0.000,,,,,NVIDIA A100-SXM4-40GB MIG 4g.20gb (0),1,,13,cupy_copy__complex64_complex64
20708049913,13471,435636,35,1,1,128,1,1,16,0.000,0.000,,,,,NVIDIA A100-SXM4-40GB MIG 4g.20gb (0),1,,13,cupy_copy__complex64_complex64
20708065816,3232,435643,1,1,1,1,1,1,18,0.000,0.000,,,,,NVIDIA A100-SXM4-40GB MIG 4g.20gb (0),1,,13,cupy_copy__float32_float32
20708168183,437499,435654,1,1,1,32,32,1,30,0.000,0.000,,,,,NVIDIA A100-SXM4-40GB MIG 4g.20gb (0),1,,13,"void convert_kernel<__half2, float2>(tensor_layout_any, T1 *, tensor_layout_any, const T2 *)"
20708636114,5472,435657,,,,,,,,,,0.094,17122.757,Pinned,Device,NVIDIA A100-SXM4-40GB MIG 4g.20gb (0),1,,13,[CUDA memcpy Host-to-Device]
20708815536,12736,435658,,,,,,,,,,1.547,121436.277,Device,,NVIDIA A100-SXM4-40GB MIG 4g.20gb (0),1,,13,[CUDA memset]
20708833936,4288,435663,,,,,,,,,,0.031,7298.478,Pinned,Device,NVIDIA A100-SXM4-40GB MIG 4g.20gb (0),1,,13,[CUDA memcpy Host-to-Device]
20708841744,11680,435664,,,,,,,,,,0.197,16832.791,Pinned,Device,NVIDIA A100-SXM4-40GB MIG 4g.20gb (0),1,,13,[CUDA memcpy Host-to-Device]
20708970318,12928,435665,273,1,1,8,4,1,39,0.002,0.000,,,,,NVIDIA A100-SXM4-40GB MIG 4g.20gb (0),1,,13,"void channel_eq::eqMmseCoefCompLowMimoKernel<float, float, float, (unsigned int)4, (unsigned int)1, (unsigned int)4>(const channel_eq::_puschRxChEqStatDescr *, channel_eq::_puschRxChEqCoefCompDynDescr)"
20708985326,7200,435666,273,1,1,12,11,1,51,0.002,0.000,,,,,NVIDIA A100-SXM4-40GB MIG 4g.20gb (0),1,,13,"void channel_eq::eqMmseSoftDemapKernel<float, __half, __half, float, (unsigned int)4, (unsigned short)16383>(channel_eq::_puschRxChEqStatDescr *, channel_eq::_puschRxChEqSoftDemapDynDescr)"
20708995470,282845,435667,1,1,1,32,32,1,30,0.000,0.000,,,,,NVIDIA A100-SXM4-40GB MIG 4g.20gb (0),1,,13,"void convert_kernel<float2, __half2>(tensor_layout_any, T1 *, tensor_layout_any, const T2 *)"
20709279979,10560,435679,2253,1,1,128,1,1,16,0.000,0.000,,,,,NVIDIA A100-SXM4-40GB MIG 4g.20gb (0),1,,13,cupy_copy__float16_float16
20709292427,2880,435688,282,1,1,128,1,1,16,0.000,0.000,,,,,NVIDIA A100-SXM4-40GB MIG 4g.20gb (0),1,,13,cupy_copy__complex64_complex64
20709297387,2080,435697,26,1,1,128,1,1,16,0.000,0.000,,,,,NVIDIA A100-SXM4-40GB MIG 4g.20gb (0),1,,13,cupy_copy__float32_float32
20709301387,2944,435706,103,1,1,128,1,1,16,0.000,0.000,,,,,NVIDIA A100-SXM4-40GB MIG 4g.20gb (0),1,,13,cupy_copy__complex64_complex64
20709306571,12479,435716,1434,1,1,128,1,1,16,0.000,0.000,,,,,NVIDIA A100-SXM4-40GB MIG 4g.20gb (0),1,,13,cupy_copy__complex64_complex64
20709320714,79968,435721,1,1,1,32,32,1,30,0.000,0.000,,,,,NVIDIA A100-SXM4-40GB MIG 4g.20gb (0),1,,13,"void convert_kernel<__half2, float2>(tensor_layout_any, T1 *, tensor_layout_any, const T2 *)"
20709431273,5600,435724,,,,,,,,,,0.094,16731.388,Pinned,Device,NVIDIA A100-SXM4-40GB MIG 4g.20gb (0),1,,13,[CUDA memcpy Host-to-Device]
20709441097,601273,435725,,,,,,,,,,456.561,759261.675,Device,,NVIDIA A100-SXM4-40GB MIG 4g.20gb (0),1,,13,[CUDA memset]
20710044322,50464,435730,,,,,,,,,,1.235,24471.650,Pinned,Device,NVIDIA A100-SXM4-40GB MIG 4g.20gb (0),1,,13,[CUDA memcpy Host-to-Device]
20710097570,9888,435731,,,,,,,,,,0.197,19883.360,Pinned,Device,NVIDIA A100-SXM4-40GB MIG 4g.20gb (0),1,,13,[CUDA memcpy Host-to-Device]
20710182177,8704,435732,69,4,1,48,1,1,76,0.002,0.000,,,,,NVIDIA A100-SXM4-40GB MIG 4g.20gb (0),1,,13,"void ch_est::windowedChEstPreNoDftSOfdmKernel<float, __half, float, (unsigned int)2, (unsigned int)1, (unsigned short)4>(ch_est::puschRxChEstStatDescr_t *, ch_est::puschRxChEstDynDescr_t *)"
20710288064,11136,435733,137,2,1,24,2,1,44,0.001,0.001,,,,,NVIDIA A100-SXM4-40GB MIG 4g.20gb (0),1,,13,"void ch_est::chEstFilterNoDftSOfdmDispatchKernel<float, __half, float, (unsigned int)2>(ch_est::puschRxChEstStatDescr_t *, ch_est::puschRxChEstDynDescr_t *)"
20710301408,5695,435734,137,2,1,24,2,1,44,0.001,0.001,,,,,NVIDIA A100-SXM4-40GB MIG 4g.20gb (0),1,,13,"void ch_est::chEstFilterNoDftSOfdmDispatchKernel<float, __half, float, (unsigned int)2>(ch_est::puschRxChEstStatDescr_t *, ch_est::puschRxChEstDynDescr_t *)"
20710310623,2592,435745,103,1,1,128,1,1,16,0.000,0.000,,,,,NVIDIA A100-SXM4-40GB MIG 4g.20gb (0),1,,13,cupy_copy__complex64_complex64
20710315007,12832,435755,1434,1,1,128,1,1,16,0.000,0.000,,,,,NVIDIA A100-SXM4-40GB MIG 4g.20gb (0),1,,13,cupy_copy__complex64_complex64
20710329247,2560,435762,103,1,1,128,1,1,16,0.000,0.000,,,,,NVIDIA A100-SXM4-40GB MIG 4g.20gb (0),1,,13,cupy_copy__complex64_complex64
20710334687,237182,435769,1,1,1,32,32,1,30,0.000,0.000,,,,,NVIDIA A100-SXM4-40GB MIG 4g.20gb (0),1,,13,"void convert_kernel<__half2, float2>(tensor_layout_any, T1 *, tensor_layout_any, const T2 *)"
20710601596,12096,435772,,,,,,,,,,0.094,7745.942,Pinned,Device,NVIDIA A100-SXM4-40GB MIG 4g.20gb (0),1,,13,[CUDA memcpy Host-to-Device]
20710639036,49535,435773,,,,,,,,,,35.810,722894.855,Device,,NVIDIA A100-SXM4-40GB MIG 4g.20gb (0),1,,13,[CUDA memset]
20710691515,1984,435775,,,,,,,,,,0.000,40.323,Pinned,Device,NVIDIA A100-SXM4-40GB MIG 4g.20gb (0),1,,13,[CUDA memcpy Host-to-Device]
20710698331,11808,435776,,,,,,,,,,0.197,16650.338,Pinned,Device,NVIDIA A100-SXM4-40GB MIG 4g.20gb (0),1,,13,[CUDA memcpy Host-to-Device]
20710833338,12319,435777,273,1,1,48,1,1,40,0.000,0.001,,,,,NVIDIA A100-SXM4-40GB MIG 4g.20gb (0),1,,13,"void pusch_noise_intf_est::noiseIntfEstNoDftSOfdmKernel<float, __half, float, float, (unsigned int)2, (unsigned int)1, (unsigned char)4, (unsigned char)4>(pusch_noise_intf_est::puschRxNoiseIntfEstDynDescr)"
20710994840,4768,435788,35,1,1,128,1,1,16,0.000,0.000,,,,,NVIDIA A100-SXM4-40GB MIG 4g.20gb (0),1,,13,cupy_copy__complex64_complex64
20711049367,3648,435797,1,1,1,1,1,1,18,0.000,0.000,,,,,NVIDIA A100-SXM4-40GB MIG 4g.20gb (0),1,,13,cupy_copy__float32_float32
20711061015,3680,435803,,,,,,,,,,0.000,1.087,Device,Pageable,NVIDIA A100-SXM4-40GB MIG 4g.20gb (0),1,,7,[CUDA memcpy Device-to-Host]
20711188022,19231,435814,1434,1,1,128,1,1,16,0.000,0.000,,,,,NVIDIA A100-SXM4-40GB MIG 4g.20gb (0),1,,13,cupy_copy__complex64_complex64
20711333940,4672,435821,103,1,1,128,1,1,16,0.000,0.000,,,,,NVIDIA A100-SXM4-40GB MIG 4g.20gb (0),1,,13,cupy_copy__complex64_complex64
20711490834,4992,435828,35,1,1,128,1,1,16,0.000,0.000,,,,,NVIDIA A100-SXM4-40GB MIG 4g.20gb (0),1,,13,cupy_copy__complex64_complex64
20711658768,4064,435835,1,1,1,1,1,1,18,0.000,0.000,,,,,NVIDIA A100-SXM4-40GB MIG 4g.20gb (0),1,,13,cupy_copy__float32_float32
20711911374,211773,435846,1,1,1,32,32,1,30,0.000,0.000,,,,,NVIDIA A100-SXM4-40GB MIG 4g.20gb (0),1,,13,"void convert_kernel<__half2, float2>(tensor_layout_any, T1 *, tensor_layout_any, const T2 *)"
20712154027,5568,435849,,,,,,,,,,0.094,16827.521,Pinned,Device,NVIDIA A100-SXM4-40GB MIG 4g.20gb (0),1,,13,[CUDA memcpy Host-to-Device]
20712224202,5408,435850,,,,,,,,,,1.547,285987.790,Device,,NVIDIA A100-SXM4-40GB MIG 4g.20gb (0),1,,13,[CUDA memset]
20712233834,3008,435855,,,,,,,,,,0.031,10404.230,Pinned,Device,NVIDIA A100-SXM4-40GB MIG 4g.20gb (0),1,,13,[CUDA memcpy Host-to-Device]
20712239274,9600,435856,,,,,,,,,,0.197,20479.869,Pinned,Device,NVIDIA A100-SXM4-40GB MIG 4g.20gb (0),1,,13,[CUDA memcpy Host-to-Device]
20712287017,11648,435857,273,1,1,8,4,1,39,0.002,0.000,,,,,NVIDIA A100-SXM4-40GB MIG 4g.20gb (0),1,,13,"void channel_eq::eqMmseCoefCompLowMimoKernel<float, float, float, (unsigned int)4, (unsigned int)1, (unsigned int)4>(const channel_eq::_puschRxChEqStatDescr *, channel_eq::_puschRxChEqCoefCompDynDescr)"
20712300521,8768,435858,273,1,1,12,11,1,51,0.002,0.000,,,,,NVIDIA A100-SXM4-40GB MIG 4g.20gb (0),1,,13,"void channel_eq::eqMmseSoftDemapKernel<float, __half, __half, float, (unsigned int)4, (unsigned short)16383>(channel_eq::_puschRxChEqStatDescr *, channel_eq::_puschRxChEqSoftDemapDynDescr)"
20712312617,281885,435859,1,1,1,32,32,1,30,0.000,0.000,,,,,NVIDIA A100-SXM4-40GB MIG 4g.20gb (0),1,,13,"void convert_kernel<float2, __half2>(tensor_layout_any, T1 *, tensor_layout_any, const T2 *)"
20712596774,10560,435871,2253,1,1,128,1,1,16,0.000,0.000,,,,,NVIDIA A100-SXM4-40GB MIG 4g.20gb (0),1,,13,cupy_copy__float16_float16
20712609286,2880,435880,282,1,1,128,1,1,16,0.000,0.000,,,,,NVIDIA A100-SXM4-40GB MIG 4g.20gb (0),1,,13,cupy_copy__complex64_complex64
20712613990,2048,435889,26,1,1,128,1,1,16,0.000,0.000,,,,,NVIDIA A100-SXM4-40GB MIG 4g.20gb (0),1,,13,cupy_copy__float32_float32
20712617446,2944,435898,103,1,1,128,1,1,16,0.000,0.000,,,,,NVIDIA A100-SXM4-40GB MIG 4g.20gb (0),1,,13,cupy_copy__complex64_complex64
20712622534,12128,435908,1434,1,1,128,1,1,16,0.000,0.000,,,,,NVIDIA A100-SXM4-40GB MIG 4g.20gb (0),1,,13,cupy_copy__complex64_complex64
20712636773,285437,435913,1,1,1,32,32,1,30,0.000,0.000,,,,,NVIDIA A100-SXM4-40GB MIG 4g.20gb (0),1,,13,"void convert_kernel<__half2, float2>(tensor_layout_any, T1 *, tensor_layout_any, const T2 *)"
20712950722,5344,435916,,,,,,,,,,0.094,17532.864,Pinned,Device,NVIDIA A100-SXM4-40GB MIG 4g.20gb (0),1,,13,[CUDA memcpy Host-to-Device]
20712960962,600121,435917,,,,,,,,,,456.561,760631.359,Device,,NVIDIA A100-SXM4-40GB MIG 4g.20gb (0),1,,13,[CUDA memset]
20713568155,57567,435922,,,,,,,,,,1.235,21452.212,Pinned,Device,NVIDIA A100-SXM4-40GB MIG 4g.20gb (0),1,,13,[CUDA memcpy Host-to-Device]
20713628186,11904,435923,,,,,,,,,,0.197,16516.055,Pinned,Device,NVIDIA A100-SXM4-40GB MIG 4g.20gb (0),1,,13,[CUDA memcpy Host-to-Device]
20713649050,9152,435924,69,4,1,48,1,1,76,0.002,0.000,,,,,NVIDIA A100-SXM4-40GB MIG 4g.20gb (0),1,,13,"void ch_est::windowedChEstPreNoDftSOfdmKernel<float, __half, float, (unsigned int)2, (unsigned int)1, (unsigned short)4>(ch_est::puschRxChEstStatDescr_t *, ch_est::puschRxChEstDynDescr_t *)"
20713752793,13120,435925,137,2,1,24,2,1,44,0.001,0.001,,,,,NVIDIA A100-SXM4-40GB MIG 4g.20gb (0),1,,13,"void ch_est::chEstFilterNoDftSOfdmDispatchKernel<float, __half, float, (unsigned int)2>(ch_est::puschRxChEstStatDescr_t *, ch_est::puschRxChEstDynDescr_t *)"
20713847288,16672,435926,137,2,1,24,2,1,44,0.001,0.001,,,,,NVIDIA A100-SXM4-40GB MIG 4g.20gb (0),1,,13,"void ch_est::chEstFilterNoDftSOfdmDispatchKernel<float, __half, float, (unsigned int)2>(ch_est::puschRxChEstStatDescr_t *, ch_est::puschRxChEstDynDescr_t *)"
20713947543,8608,435937,103,1,1,128,1,1,16,0.000,0.000,,,,,NVIDIA A100-SXM4-40GB MIG 4g.20gb (0),1,,13,cupy_copy__complex64_complex64
20713958679,15872,435947,1434,1,1,128,1,1,16,0.000,0.000,,,,,NVIDIA A100-SXM4-40GB MIG 4g.20gb (0),1,,13,cupy_copy__complex64_complex64
20714048726,9216,435954,103,1,1,128,1,1,16,0.000,0.000,,,,,NVIDIA A100-SXM4-40GB MIG 4g.20gb (0),1,,13,cupy_copy__complex64_complex64
20714059510,311580,435961,1,1,1,32,32,1,30,0.000,0.000,,,,,NVIDIA A100-SXM4-40GB MIG 4g.20gb (0),1,,13,"void convert_kernel<__half2, float2>(tensor_layout_any, T1 *, tensor_layout_any, const T2 *)"
20714405330,5760,435964,,,,,,,,,,0.094,16266.656,Pinned,Device,NVIDIA A100-SXM4-40GB MIG 4g.20gb (0),1,,13,[CUDA memcpy Host-to-Device]
20714482257,56607,435965,,,,,,,,,,35.810,632582.237,Device,,NVIDIA A100-SXM4-40GB MIG 4g.20gb (0),1,,13,[CUDA memset]
20714543376,1824,435967,,,,,,,,,,0.000,43.860,Pinned,Device,NVIDIA A100-SXM4-40GB MIG 4g.20gb (0),1,,13,[CUDA memcpy Host-to-Device]
20714552688,12480,435968,,,,,,,,,,0.197,15753.806,Pinned,Device,NVIDIA A100-SXM4-40GB MIG 4g.20gb (0),1,,13,[CUDA memcpy Host-to-Device]
20714632879,21856,435969,273,1,1,48,1,1,40,0.000,0.001,,,,,NVIDIA A100-SXM4-40GB MIG 4g.20gb (0),1,,13,"void pusch_noise_intf_est::noiseIntfEstNoDftSOfdmKernel<float, __half, float, float, (unsigned int)2, (unsigned int)1, (unsigned char)4, (unsigned char)4>(pusch_noise_intf_est::puschRxNoiseIntfEstDynDescr)"
20714749646,7424,435980,35,1,1,128,1,1,16,0.000,0.000,,,,,NVIDIA A100-SXM4-40GB MIG 4g.20gb (0),1,,13,cupy_copy__complex64_complex64
20715056491,4255,435989,1,1,1,1,1,1,18,0.000,0.000,,,,,NVIDIA A100-SXM4-40GB MIG 4g.20gb (0),1,,13,cupy_copy__float32_float32
20715066026,1888,435995,,,,,,,,,,0.000,2.119,Device,Pageable,NVIDIA A100-SXM4-40GB MIG 4g.20gb (0),1,,7,[CUDA memcpy Device-to-Host]
20715156265,18976,436006,1434,1,1,128,1,1,16,0.000,0.000,,,,,NVIDIA A100-SXM4-40GB MIG 4g.20gb (0),1,,13,cupy_copy__complex64_complex64
20715569029,6656,436013,103,1,1,128,1,1,16,0.000,0.000,,,,,NVIDIA A100-SXM4-40GB MIG 4g.20gb (0),1,,13,cupy_copy__complex64_complex64
20715578341,3712,436020,35,1,1,128,1,1,16,0.000,0.000,,,,,NVIDIA A100-SXM4-40GB MIG 4g.20gb (0),1,,13,cupy_copy__complex64_complex64
20715665572,5888,436027,1,1,1,1,1,1,18,0.000,0.000,,,,,NVIDIA A100-SXM4-40GB MIG 4g.20gb (0),1,,13,cupy_copy__float32_float32
20715674532,271677,436038,1,1,1,32,32,1,30,0.000,0.000,,,,,NVIDIA A100-SXM4-40GB MIG 4g.20gb (0),1,,13,"void convert_kernel<__half2, float2>(tensor_layout_any, T1 *, tensor_layout_any, const T2 *)"
20715976704,5376,436041,,,,,,,,,,0.094,17428.487,Pinned,Device,NVIDIA A100-SXM4-40GB MIG 4g.20gb (0),1,,13,[CUDA memcpy Host-to-Device]
20715991520,3616,436042,,,,,,,,,,1.547,427715.774,Device,,NVIDIA A100-SXM4-40GB MIG 4g.20gb (0),1,,13,[CUDA memset]
20715998432,3008,436047,,,,,,,,,,0.031,10404.230,Pinned,Device,NVIDIA A100-SXM4-40GB MIG 4g.20gb (0),1,,13,[CUDA memcpy Host-to-Device]
20716003552,9888,436048,,,,,,,,,,0.197,19883.360,Pinned,Device,NVIDIA A100-SXM4-40GB MIG 4g.20gb (0),1,,13,[CUDA memcpy Host-to-Device]
20716017312,7008,436049,273,1,1,8,4,1,39,0.002,0.000,,,,,NVIDIA A100-SXM4-40GB MIG 4g.20gb (0),1,,13,"void channel_eq::eqMmseCoefCompLowMimoKernel<float, float, float, (unsigned int)4, (unsigned int)1, (unsigned int)4>(const channel_eq::_puschRxChEqStatDescr *, channel_eq::_puschRxChEqCoefCompDynDescr)"
20716025728,6880,436050,273,1,1,12,11,1,51,0.002,0.000,,,,,NVIDIA A100-SXM4-40GB MIG 4g.20gb (0),1,,13,"void channel_eq::eqMmseSoftDemapKernel<float, __half, __half, float, (unsigned int)4, (unsigned short)16383>(channel_eq::_puschRxChEqStatDescr *, channel_eq::_puschRxChEqSoftDemapDynDescr)"
20716034528,281628,436051,1,1,1,32,32,1,30,0.000,0.000,,,,,NVIDIA A100-SXM4-40GB MIG 4g.20gb (0),1,,13,"void convert_kernel<float2, __half2>(tensor_layout_any, T1 *, tensor_layout_any, const T2 *)"
20716318172,10624,436063,2253,1,1,128,1,1,16,0.000,0.000,,,,,NVIDIA A100-SXM4-40GB MIG 4g.20gb (0),1,,13,cupy_copy__float16_float16
20716330620,2912,436072,282,1,1,128,1,1,16,0.000,0.000,,,,,NVIDIA A100-SXM4-40GB MIG 4g.20gb (0),1,,13,cupy_copy__complex64_complex64
20716335260,2080,436081,26,1,1,128,1,1,16,0.000,0.000,,,,,NVIDIA A100-SXM4-40GB MIG 4g.20gb (0),1,,13,cupy_copy__float32_float32
20716338844,2944,436090,103,1,1,128,1,1,16,0.000,0.000,,,,,NVIDIA A100-SXM4-40GB MIG 4g.20gb (0),1,,13,cupy_copy__complex64_complex64
20716343964,12128,436100,1434,1,1,128,1,1,16,0.000,0.000,,,,,NVIDIA A100-SXM4-40GB MIG 4g.20gb (0),1,,13,cupy_copy__complex64_complex64
20716385852,79967,436105,1,1,1,32,32,1,30,0.000,0.000,,,,,NVIDIA A100-SXM4-40GB MIG 4g.20gb (0),1,,13,"void convert_kernel<__half2, float2>(tensor_layout_any, T1 *, tensor_layout_any, const T2 *)"
20716494138,5344,436108,,,,,,,,,,0.094,17532.864,Pinned,Device,NVIDIA A100-SXM4-40GB MIG 4g.20gb (0),1,,13,[CUDA memcpy Host-to-Device]
20716504954,605850,436109,,,,,,,,,,456.561,753326.376,Device,,NVIDIA A100-SXM4-40GB MIG 4g.20gb (0),1,,13,[CUDA memset]
20717111476,50367,436114,,,,,,,,,,1.235,24518.578,Pinned,Device,NVIDIA A100-SXM4-40GB MIG 4g.20gb (0),1,,13,[CUDA memcpy Host-to-Device]
20717164883,9792,436115,,,,,,,,,,0.197,20078.395,Pinned,Device,NVIDIA A100-SXM4-40GB MIG 4g.20gb (0),1,,13,[CUDA memcpy Host-to-Device]
20717235250,10432,436116,69,4,1,48,1,1,76,0.002,0.000,,,,,NVIDIA A100-SXM4-40GB MIG 4g.20gb (0),1,,13,"void ch_est::windowedChEstPreNoDftSOfdmKernel<float, __half, float, (unsigned int)2, (unsigned int)1, (unsigned short)4>(ch_est::puschRxChEstStatDescr_t *, ch_est::puschRxChEstDynDescr_t *)"
20717247730,6784,436117,137,2,1,24,2,1,44,0.001,0.001,,,,,NVIDIA A100-SXM4-40GB MIG 4g.20gb (0),1,,13,"void ch_est::chEstFilterNoDftSOfdmDispatchKernel<float, __half, float, (unsigned int)2>(ch_est::puschRxChEstStatDescr_t *, ch_est::puschRxChEstDynDescr_t *)"
20717329809,9728,436118,137,2,1,24,2,1,44,0.001,0.001,,,,,NVIDIA A100-SXM4-40GB MIG 4g.20gb (0),1,,13,"void ch_est::chEstFilterNoDftSOfdmDispatchKernel<float, __half, float, (unsigned int)2>(ch_est::puschRxChEstStatDescr_t *, ch_est::puschRxChEstDynDescr_t *)"
20717488911,4192,436129,103,1,1,128,1,1,16,0.000,0.000,,,,,NVIDIA A100-SXM4-40GB MIG 4g.20gb (0),1,,13,cupy_copy__complex64_complex64
20717560943,18719,436139,1434,1,1,128,1,1,16,0.000,0.000,,,,,NVIDIA A100-SXM4-40GB MIG 4g.20gb (0),1,,13,cupy_copy__complex64_complex64
20717728685,4512,436146,103,1,1,128,1,1,16,0.000,0.000,,,,,NVIDIA A100-SXM4-40GB MIG 4g.20gb (0),1,,13,cupy_copy__complex64_complex64
20717800236,290525,436153,1,1,1,32,32,1,30,0.000,0.000,,,,,NVIDIA A100-SXM4-40GB MIG 4g.20gb (0),1,,13,"void convert_kernel<__half2, float2>(tensor_layout_any, T1 *, tensor_layout_any, const T2 *)"
20718120136,5632,436156,,,,,,,,,,0.094,16636.287,Pinned,Device,NVIDIA A100-SXM4-40GB MIG 4g.20gb (0),1,,13,[CUDA memcpy Host-to-Device]
20718248007,52511,436157,,,,,,,,,,35.810,681928.307,Device,,NVIDIA A100-SXM4-40GB MIG 4g.20gb (0),1,,13,[CUDA memset]
20718306278,4096,436159,,,,,,,,,,0.000,19.531,Pinned,Device,NVIDIA A100-SXM4-40GB MIG 4g.20gb (0),1,,13,[CUDA memcpy Host-to-Device]
20718313414,9472,436160,,,,,,,,,,0.197,20756.693,Pinned,Device,NVIDIA A100-SXM4-40GB MIG 4g.20gb (0),1,,13,[CUDA memcpy Host-to-Device]
20718554083,13824,436161,273,1,1,48,1,1,40,0.000,0.001,,,,,NVIDIA A100-SXM4-40GB MIG 4g.20gb (0),1,,13,"void pusch_noise_intf_est::noiseIntfEstNoDftSOfdmKernel<float, __half, float, float, (unsigned int)2, (unsigned int)1, (unsigned char)4, (unsigned char)4>(pusch_noise_intf_est::puschRxNoiseIntfEstDynDescr)"
20718623203,4992,436172,35,1,1,128,1,1,16,0.000,0.000,,,,,NVIDIA A100-SXM4-40GB MIG 4g.20gb (0),1,,13,cupy_copy__complex64_complex64
20718630243,3264,436181,1,1,1,1,1,1,18,0.000,0.000,,,,,NVIDIA A100-SXM4-40GB MIG 4g.20gb (0),1,,13,cupy_copy__float32_float32
20718641219,4575,436187,,,,,,,,,,0.000,0.874,Device,Pageable,NVIDIA A100-SXM4-40GB MIG 4g.20gb (0),1,,7,[CUDA memcpy Device-to-Host]
20718707970,17120,436198,1434,1,1,128,1,1,16,0.000,0.000,,,,,NVIDIA A100-SXM4-40GB MIG 4g.20gb (0),1,,13,cupy_copy__complex64_complex64
20718732834,4351,436205,103,1,1,128,1,1,16,0.000,0.000,,,,,NVIDIA A100-SXM4-40GB MIG 4g.20gb (0),1,,13,cupy_copy__complex64_complex64
20718752417,2592,436212,35,1,1,128,1,1,16,0.000,0.000,,,,,NVIDIA A100-SXM4-40GB MIG 4g.20gb (0),1,,13,cupy_copy__complex64_complex64
20718770305,1920,436219,1,1,1,1,1,1,18,0.000,0.000,,,,,NVIDIA A100-SXM4-40GB MIG 4g.20gb (0),1,,13,cupy_copy__float32_float32
20718907872,79935,436230,1,1,1,32,32,1,30,0.000,0.000,,,,,NVIDIA A100-SXM4-40GB MIG 4g.20gb (0),1,,13,"void convert_kernel<__half2, float2>(tensor_layout_any, T1 *, tensor_layout_any, const T2 *)"
20719016926,5376,436233,,,,,,,,,,0.094,17428.487,Pinned,Device,NVIDIA A100-SXM4-40GB MIG 4g.20gb (0),1,,13,[CUDA memcpy Host-to-Device]
20719030846,3232,436234,,,,,,,,,,1.547,478533.199,Device,,NVIDIA A100-SXM4-40GB MIG 4g.20gb (0),1,,13,[CUDA memset]
20719037982,3264,436239,,,,,,,,,,0.031,9588.218,Pinned,Device,NVIDIA A100-SXM4-40GB MIG 4g.20gb (0),1,,13,[CUDA memcpy Host-to-Device]
20719043678,9824,436240,,,,,,,,,,0.197,20012.925,Pinned,Device,NVIDIA A100-SXM4-40GB MIG 4g.20gb (0),1,,13,[CUDA memcpy Host-to-Device]
20719059038,5920,436241,273,1,1,8,4,1,39,0.002,0.000,,,,,NVIDIA A100-SXM4-40GB MIG 4g.20gb (0),1,,13,"void channel_eq::eqMmseCoefCompLowMimoKernel<float, float, float, (unsigned int)4, (unsigned int)1, (unsigned int)4>(const channel_eq::_puschRxChEqStatDescr *, channel_eq::_puschRxChEqCoefCompDynDescr)"
20719066878,6112,436242,273,1,1,12,11,1,51,0.002,0.000,,,,,NVIDIA A100-SXM4-40GB MIG 4g.20gb (0),1,,13,"void channel_eq::eqMmseSoftDemapKernel<float, __half, __half, float, (unsigned int)4, (unsigned short)16383>(channel_eq::_puschRxChEqStatDescr *, channel_eq::_puschRxChEqSoftDemapDynDescr)"
20719074910,280925,436243,1,1,1,32,32,1,30,0.000,0.000,,,,,NVIDIA A100-SXM4-40GB MIG 4g.20gb (0),1,,13,"void convert_kernel<float2, __half2>(tensor_layout_any, T1 *, tensor_layout_any, const T2 *)"
20719357755,10495,436255,2253,1,1,128,1,1,16,0.000,0.000,,,,,NVIDIA A100-SXM4-40GB MIG 4g.20gb (0),1,,13,cupy_copy__float16_float16
20719370170,2848,436264,282,1,1,128,1,1,16,0.000,0.000,,,,,NVIDIA A100-SXM4-40GB MIG 4g.20gb (0),1,,13,cupy_copy__complex64_complex64
20719374874,2048,436273,26,1,1,128,1,1,16,0.000,0.000,,,,,NVIDIA A100-SXM4-40GB MIG 4g.20gb (0),1,,13,cupy_copy__float32_float32
20719378906,2848,436282,103,1,1,128,1,1,16,0.000,0.000,,,,,NVIDIA A100-SXM4-40GB MIG 4g.20gb (0),1,,13,cupy_copy__complex64_complex64
20719383962,11712,436292,1434,1,1,128,1,1,16,0.000,0.000,,,,,NVIDIA A100-SXM4-40GB MIG 4g.20gb (0),1,,13,cupy_copy__complex64_complex64
20719420698,79039,436297,1,1,1,32,32,1,30,0.000,0.000,,,,,NVIDIA A100-SXM4-40GB MIG 4g.20gb (0),1,,13,"void convert_kernel<__half2, float2>(tensor_layout_any, T1 *, tensor_layout_any, const T2 *)"
20719528697,5536,436300,,,,,,,,,,0.094,16924.777,Pinned,Device,NVIDIA A100-SXM4-40GB MIG 4g.20gb (0),1,,13,[CUDA memcpy Host-to-Device]
20719573912,603129,436301,,,,,,,,,,456.561,756978.868,Device,,NVIDIA A100-SXM4-40GB MIG 4g.20gb (0),1,,13,[CUDA memset]
20720181137,51008,436306,,,,,,,,,,1.235,24209.842,Pinned,Device,NVIDIA A100-SXM4-40GB MIG 4g.20gb (0),1,,13,[CUDA memcpy Host-to-Device]
20720235249,10368,436307,,,,,,,,,,0.197,18962.842,Pinned,Device,NVIDIA A100-SXM4-40GB MIG 4g.20gb (0),1,,13,[CUDA memcpy Host-to-Device]
20720310800,16736,436308,69,4,1,48,1,1,76,0.002,0.000,,,,,NVIDIA A100-SXM4-40GB MIG 4g.20gb (0),1,,13,"void ch_est::windowedChEstPreNoDftSOfdmKernel<float, __half, float, (unsigned int)2, (unsigned int)1, (unsigned short)4>(ch_est::puschRxChEstStatDescr_t *, ch_est::puschRxChEstDynDescr_t *)"
20720487662,7936,436309,137,2,1,24,2,1,44,0.001,0.001,,,,,NVIDIA A100-SXM4-40GB MIG 4g.20gb (0),1,,13,"void ch_est::chEstFilterNoDftSOfdmDispatchKernel<float, __half, float, (unsigned int)2>(ch_est::puschRxChEstStatDescr_t *, ch_est::puschRxChEstDynDescr_t *)"
20720544621,19392,436310,137,2,1,24,2,1,44,0.001,0.001,,,,,NVIDIA A100-SXM4-40GB MIG 4g.20gb (0),1,,13,"void ch_est::chEstFilterNoDftSOfdmDispatchKernel<float, __half, float, (unsigned int)2>(ch_est::puschRxChEstStatDescr_t *, ch_est::puschRxChEstDynDescr_t *)"
20720784235,14687,436321,103,1,1,128,1,1,16,0.000,0.000,,,,,NVIDIA A100-SXM4-40GB MIG 4g.20gb (0),1,,13,cupy_copy__complex64_complex64
20720802826,15744,436331,1434,1,1,128,1,1,16,0.000,0.000,,,,,NVIDIA A100-SXM4-40GB MIG 4g.20gb (0),1,,13,cupy_copy__complex64_complex64
20720864266,14656,436338,103,1,1,128,1,1,16,0.000,0.000,,,,,NVIDIA A100-SXM4-40GB MIG 4g.20gb (0),1,,13,cupy_copy__complex64_complex64
20720889161,289341,436345,1,1,1,32,32,1,30,0.000,0.000,,,,,NVIDIA A100-SXM4-40GB MIG 4g.20gb (0),1,,13,"void convert_kernel<__half2, float2>(tensor_layout_any, T1 *, tensor_layout_any, const T2 *)"
20721208422,6144,436348,,,,,,,,,,0.094,15249.961,Pinned,Device,NVIDIA A100-SXM4-40GB MIG 4g.20gb (0),1,,13,[CUDA memcpy Host-to-Device]
20721292325,59999,436349,,,,,,,,,,35.810,596808.127,Device,,NVIDIA A100-SXM4-40GB MIG 4g.20gb (0),1,,13,[CUDA memset]
20721359364,4768,436351,,,,,,,,,,0.000,16.778,Pinned,Device,NVIDIA A100-SXM4-40GB MIG 4g.20gb (0),1,,13,[CUDA memcpy Host-to-Device]
20721369508,9696,436352,,,,,,,,,,0.197,20277.166,Pinned,Device,NVIDIA A100-SXM4-40GB MIG 4g.20gb (0),1,,13,[CUDA memcpy Host-to-Device]
20721587554,16031,436353,273,1,1,48,1,1,40,0.000,0.001,,,,,NVIDIA A100-SXM4-40GB MIG 4g.20gb (0),1,,13,"void pusch_noise_intf_est::noiseIntfEstNoDftSOfdmKernel<float, __half, float, float, (unsigned int)2, (unsigned int)1, (unsigned char)4, (unsigned char)4>(pusch_noise_intf_est::puschRxNoiseIntfEstDynDescr)"
20721641665,14432,436364,35,1,1,128,1,1,16,0.000,0.000,,,,,NVIDIA A100-SXM4-40GB MIG 4g.20gb (0),1,,13,cupy_copy__complex64_complex64
20721657921,5088,436373,1,1,1,1,1,1,18,0.000,0.000,,,,,NVIDIA A100-SXM4-40GB MIG 4g.20gb (0),1,,13,cupy_copy__float32_float32
20721669729,1568,436379,,,,,,,,,,0.000,2.551,Device,Pageable,NVIDIA A100-SXM4-40GB MIG 4g.20gb (0),1,,7,[CUDA memcpy Device-to-Host]
20721730080,13120,436390,1434,1,1,128,1,1,16,0.000,0.000,,,,,NVIDIA A100-SXM4-40GB MIG 4g.20gb (0),1,,13,cupy_copy__complex64_complex64
20721756128,2784,436397,103,1,1,128,1,1,16,0.000,0.000,,,,,NVIDIA A100-SXM4-40GB MIG 4g.20gb (0),1,,13,cupy_copy__complex64_complex64
20721776512,2208,436404,35,1,1,128,1,1,16,0.000,0.000,,,,,NVIDIA A100-SXM4-40GB MIG 4g.20gb (0),1,,13,cupy_copy__complex64_complex64
20721795199,1856,436411,1,1,1,1,1,1,18,0.000,0.000,,,,,NVIDIA A100-SXM4-40GB MIG 4g.20gb (0),1,,13,cupy_copy__float32_float32
20721931390,79999,436422,1,1,1,32,32,1,30,0.000,0.000,,,,,NVIDIA A100-SXM4-40GB MIG 4g.20gb (0),1,,13,"void convert_kernel<__half2, float2>(tensor_layout_any, T1 *, tensor_layout_any, const T2 *)"
20722040829,5376,436425,,,,,,,,,,0.094,17428.487,Pinned,Device,NVIDIA A100-SXM4-40GB MIG 4g.20gb (0),1,,13,[CUDA memcpy Host-to-Device]
20722054652,3232,436426,,,,,,,,,,1.547,478533.199,Device,,NVIDIA A100-SXM4-40GB MIG 4g.20gb (0),1,,13,[CUDA memset]
20722061308,3360,436431,,,,,,,,,,0.031,9314.284,Pinned,Device,NVIDIA A100-SXM4-40GB MIG 4g.20gb (0),1,,13,[CUDA memcpy Host-to-Device]
20722067324,9344,436432,,,,,,,,,,0.197,21040.988,Pinned,Device,NVIDIA A100-SXM4-40GB MIG 4g.20gb (0),1,,13,[CUDA memcpy Host-to-Device]
20722081308,5952,436433,273,1,1,8,4,1,39,0.002,0.000,,,,,NVIDIA A100-SXM4-40GB MIG 4g.20gb (0),1,,13,"void channel_eq::eqMmseCoefCompLowMimoKernel<float, float, float, (unsigned int)4, (unsigned int)1, (unsigned int)4>(const channel_eq::_puschRxChEqStatDescr *, channel_eq::_puschRxChEqCoefCompDynDescr)"
20722089500,5728,436434,273,1,1,12,11,1,51,0.002,0.000,,,,,NVIDIA A100-SXM4-40GB MIG 4g.20gb (0),1,,13,"void channel_eq::eqMmseSoftDemapKernel<float, __half, __half, float, (unsigned int)4, (unsigned short)16383>(channel_eq::_puschRxChEqStatDescr *, channel_eq::_puschRxChEqSoftDemapDynDescr)"
20722097020,281853,436435,1,1,1,32,32,1,30,0.000,0.000,,,,,NVIDIA A100-SXM4-40GB MIG 4g.20gb (0),1,,13,"void convert_kernel<float2, __half2>(tensor_layout_any, T1 *, tensor_layout_any, const T2 *)"
20722380889,10720,436447,2253,1,1,128,1,1,16,0.000,0.000,,,,,NVIDIA A100-SXM4-40GB MIG 4g.20gb (0),1,,13,cupy_copy__float16_float16
20722392953,2848,436456,282,1,1,128,1,1,16,0.000,0.000,,,,,NVIDIA A100-SXM4-40GB MIG 4g.20gb (0),1,,13,cupy_copy__complex64_complex64
20722397817,2080,436465,26,1,1,128,1,1,16,0.000,0.000,,,,,NVIDIA A100-SXM4-40GB MIG 4g.20gb (0),1,,13,cupy_copy__float32_float32
20722401881,2848,436474,103,1,1,128,1,1,16,0.000,0.000,,,,,NVIDIA A100-SXM4-40GB MIG 4g.20gb (0),1,,13,cupy_copy__complex64_complex64
20722406297,11519,436484,1434,1,1,128,1,1,16,0.000,0.000,,,,,NVIDIA A100-SXM4-40GB MIG 4g.20gb (0),1,,13,cupy_copy__complex64_complex64
20722447384,363900,436489,1,1,1,32,32,1,30,0.000,0.000,,,,,NVIDIA A100-SXM4-40GB MIG 4g.20gb (0),1,,13,"void convert_kernel<__half2, float2>(tensor_layout_any, T1 *, tensor_layout_any, const T2 *)"
20722853428,10559,436492,,,,,,,,,,0.094,8873.480,Pinned,Device,NVIDIA A100-SXM4-40GB MIG 4g.20gb (0),1,,13,[CUDA memcpy Host-to-Device]
20722917011,619001,436493,,,,,,,,,,456.561,737346.726,Device,,NVIDIA A100-SXM4-40GB MIG 4g.20gb (0),1,,13,[CUDA memset]
20723540396,55039,436498,,,,,,,,,,1.235,22436.463,Pinned,Device,NVIDIA A100-SXM4-40GB MIG 4g.20gb (0),1,,13,[CUDA memcpy Host-to-Device]
20723598155,10752,436499,,,,,,,,,,0.197,18285.527,Pinned,Device,NVIDIA A100-SXM4-40GB MIG 4g.20gb (0),1,,13,[CUDA memcpy Host-to-Device]
20723699690,13824,436500,69,4,1,48,1,1,76,0.002,0.000,,,,,NVIDIA A100-SXM4-40GB MIG 4g.20gb (0),1,,13,"void ch_est::windowedChEstPreNoDftSOfdmKernel<float, __half, float, (unsigned int)2, (unsigned int)1, (unsigned short)4>(ch_est::puschRxChEstStatDescr_t *, ch_est::puschRxChEstDynDescr_t *)"
20723766537,30624,436501,137,2,1,24,2,1,44,0.001,0.001,,,,,NVIDIA A100-SXM4-40GB MIG 4g.20gb (0),1,,13,"void ch_est::chEstFilterNoDftSOfdmDispatchKernel<float, __half, float, (unsigned int)2>(ch_est::puschRxChEstStatDescr_t *, ch_est::puschRxChEstDynDescr_t *)"
20723946663,36288,436502,137,2,1,24,2,1,44,0.001,0.001,,,,,NVIDIA A100-SXM4-40GB MIG 4g.20gb (0),1,,13,"void ch_est::chEstFilterNoDftSOfdmDispatchKernel<float, __half, float, (unsigned int)2>(ch_est::puschRxChEstStatDescr_t *, ch_est::puschRxChEstDynDescr_t *)"
20724051302,13728,436513,103,1,1,128,1,1,16,0.000,0.000,,,,,NVIDIA A100-SXM4-40GB MIG 4g.20gb (0),1,,13,cupy_copy__complex64_complex64
20724131717,19040,436523,1434,1,1,128,1,1,16,0.000,0.000,,,,,NVIDIA A100-SXM4-40GB MIG 4g.20gb (0),1,,13,cupy_copy__complex64_complex64
20724201989,15071,436530,103,1,1,128,1,1,16,0.000,0.000,,,,,NVIDIA A100-SXM4-40GB MIG 4g.20gb (0),1,,13,cupy_copy__complex64_complex64
20724297091,238270,436537,1,1,1,32,32,1,30,0.000,0.000,,,,,NVIDIA A100-SXM4-40GB MIG 4g.20gb (0),1,,13,"void convert_kernel<__half2, float2>(tensor_layout_any, T1 *, tensor_layout_any, const T2 *)"
20724564992,5376,436540,,,,,,,,,,0.094,17428.487,Pinned,Device,NVIDIA A100-SXM4-40GB MIG 4g.20gb (0),1,,13,[CUDA memcpy Host-to-Device]
20724621632,51103,436541,,,,,,,,,,35.810,700728.515,Device,,NVIDIA A100-SXM4-40GB MIG 4g.20gb (0),1,,13,[CUDA memset]
20724679583,2464,436543,,,,,,,,,,0.000,32.468,Pinned,Device,NVIDIA A100-SXM4-40GB MIG 4g.20gb (0),1,,13,[CUDA memcpy Host-to-Device]
20724684575,9568,436544,,,,,,,,,,0.197,20548.485,Pinned,Device,NVIDIA A100-SXM4-40GB MIG 4g.20gb (0),1,,13,[CUDA memcpy Host-to-Device]
20724738463,27711,436545,273,1,1,48,1,1,40,0.000,0.001,,,,,NVIDIA A100-SXM4-40GB MIG 4g.20gb (0),1,,13,"void pusch_noise_intf_est::noiseIntfEstNoDftSOfdmKernel<float, __half, float, float, (unsigned int)2, (unsigned int)1, (unsigned char)4, (unsigned char)4>(pusch_noise_intf_est::puschRxNoiseIntfEstDynDescr)"
20724832605,8416,436556,35,1,1,128,1,1,16,0.000,0.000,,,,,NVIDIA A100-SXM4-40GB MIG 4g.20gb (0),1,,13,cupy_copy__complex64_complex64
20724843869,2400,436565,1,1,1,1,1,1,18,0.000,0.000,,,,,NVIDIA A100-SXM4-40GB MIG 4g.20gb (0),1,,13,cupy_copy__float32_float32
20724853277,4864,436571,,,,,,,,,,0.000,0.822,Device,Pageable,NVIDIA A100-SXM4-40GB MIG 4g.20gb (0),1,,7,[CUDA memcpy Device-to-Host]
20724926076,18816,436582,1434,1,1,128,1,1,16,0.000,0.000,,,,,NVIDIA A100-SXM4-40GB MIG 4g.20gb (0),1,,13,cupy_copy__complex64_complex64
20724951740,3136,436589,103,1,1,128,1,1,16,0.000,0.000,,,,,NVIDIA A100-SXM4-40GB MIG 4g.20gb (0),1,,13,cupy_copy__complex64_complex64
20725018427,8960,436596,35,1,1,128,1,1,16,0.000,0.000,,,,,NVIDIA A100-SXM4-40GB MIG 4g.20gb (0),1,,13,cupy_copy__complex64_complex64
20725073979,3936,436603,1,1,1,1,1,1,18,0.000,0.000,,,,,NVIDIA A100-SXM4-40GB MIG 4g.20gb (0),1,,13,cupy_copy__float32_float32
20725223001,347868,436614,1,1,1,32,32,1,30,0.000,0.000,,,,,NVIDIA A100-SXM4-40GB MIG 4g.20gb (0),1,,13,"void convert_kernel<__half2, float2>(tensor_layout_any, T1 *, tensor_layout_any, const T2 *)"
20725600533,8448,436617,,,,,,,,,,0.094,11090.889,Pinned,Device,NVIDIA A100-SXM4-40GB MIG 4g.20gb (0),1,,13,[CUDA memcpy Host-to-Device]
20725655188,4256,436618,,,,,,,,,,1.547,363397.868,Device,,NVIDIA A100-SXM4-40GB MIG 4g.20gb (0),1,,13,[CUDA memset]
20725661684,4768,436623,,,,,,,,,,0.031,6563.741,Pinned,Device,NVIDIA A100-SXM4-40GB MIG 4g.20gb (0),1,,13,[CUDA memcpy Host-to-Device]
20725669940,10016,436624,,,,,,,,,,0.197,19629.343,Pinned,Device,NVIDIA A100-SXM4-40GB MIG 4g.20gb (0),1,,13,[CUDA memcpy Host-to-Device]
20725735155,10848,436625,273,1,1,8,4,1,39,0.002,0.000,,,,,NVIDIA A100-SXM4-40GB MIG 4g.20gb (0),1,,13,"void channel_eq::eqMmseCoefCompLowMimoKernel<float, float, float, (unsigned int)4, (unsigned int)1, (unsigned int)4>(const channel_eq::_puschRxChEqStatDescr *, channel_eq::_puschRxChEqCoefCompDynDescr)"
20725814291,10911,436626,273,1,1,12,11,1,51,0.002,0.000,,,,,NVIDIA A100-SXM4-40GB MIG 4g.20gb (0),1,,13,"void channel_eq::eqMmseSoftDemapKernel<float, __half, __half, float, (unsigned int)4, (unsigned short)16383>(channel_eq::_puschRxChEqStatDescr *, channel_eq::_puschRxChEqSoftDemapDynDescr)"
20725893746,892054,436627,1,1,1,32,32,1,30,0.000,0.000,,,,,NVIDIA A100-SXM4-40GB MIG 4g.20gb (0),1,,13,"void convert_kernel<float2, __half2>(tensor_layout_any, T1 *, tensor_layout_any, const T2 *)"
20726790536,12191,436639,2253,1,1,128,1,1,16,0.000,0.000,,,,,NVIDIA A100-SXM4-40GB MIG 4g.20gb (0),1,,13,cupy_copy__float16_float16
20726867303,4896,436648,282,1,1,128,1,1,16,0.000,0.000,,,,,NVIDIA A100-SXM4-40GB MIG 4g.20gb (0),1,,13,cupy_copy__complex64_complex64
20726945734,4576,436657,26,1,1,128,1,1,16,0.000,0.000,,,,,NVIDIA A100-SXM4-40GB MIG 4g.20gb (0),1,,13,cupy_copy__float32_float32
20727024133,4960,436666,103,1,1,128,1,1,16,0.000,0.000,,,,,NVIDIA A100-SXM4-40GB MIG 4g.20gb (0),1,,13,cupy_copy__complex64_complex64
20727083140,12800,436682,1434,1,1,128,1,1,16,0.000,0.000,,,,,NVIDIA A100-SXM4-40GB MIG 4g.20gb (0),1,,13,cupy_copy__complex64_complex64
20727203683,79679,436687,1,1,1,32,32,1,30,0.000,0.000,,,,,NVIDIA A100-SXM4-40GB MIG 4g.20gb (0),1,,13,"void convert_kernel<__half2, float2>(tensor_layout_any, T1 *, tensor_layout_any, const T2 *)"
20727313474,5568,436690,,,,,,,,,,0.094,16827.521,Pinned,Device,NVIDIA A100-SXM4-40GB MIG 4g.20gb (0),1,,13,[CUDA memcpy Host-to-Device]
20727323170,615833,436691,,,,,,,,,,456.561,740999.217,Device,,NVIDIA A100-SXM4-40GB MIG 4g.20gb (0),1,,13,[CUDA memset]
20727942395,51135,436696,,,,,,,,,,1.235,24150.565,Pinned,Device,NVIDIA A100-SXM4-40GB MIG 4g.20gb (0),1,,13,[CUDA memcpy Host-to-Device]
20727995962,10592,436697,,,,,,,,,,0.197,18561.761,Pinned,Device,NVIDIA A100-SXM4-40GB MIG 4g.20gb (0),1,,13,[CUDA memcpy Host-to-Device]
20728012506,6688,436698,69,4,1,48,1,1,76,0.002,0.000,,,,,NVIDIA A100-SXM4-40GB MIG 4g.20gb (0),1,,13,"void ch_est::windowedChEstPreNoDftSOfdmKernel<float, __half, float, (unsigned int)2, (unsigned int)1, (unsigned short)4>(ch_est::puschRxChEstStatDescr_t *, ch_est::puschRxChEstDynDescr_t *)"
20728021466,7488,436699,137,2,1,24,2,1,44,0.001,0.001,,,,,NVIDIA A100-SXM4-40GB MIG 4g.20gb (0),1,,13,"void ch_est::chEstFilterNoDftSOfdmDispatchKernel<float, __half, float, (unsigned int)2>(ch_est::puschRxChEstStatDescr_t *, ch_est::puschRxChEstDynDescr_t *)"
20728030970,4704,436700,137,2,1,24,2,1,44,0.001,0.001,,,,,NVIDIA A100-SXM4-40GB MIG 4g.20gb (0),1,,13,"void ch_est::chEstFilterNoDftSOfdmDispatchKernel<float, __half, float, (unsigned int)2>(ch_est::puschRxChEstStatDescr_t *, ch_est::puschRxChEstDynDescr_t *)"
20728039482,2560,436711,103,1,1,128,1,1,16,0.000,0.000,,,,,NVIDIA A100-SXM4-40GB MIG 4g.20gb (0),1,,13,cupy_copy__complex64_complex64
20728043514,12320,436721,1434,1,1,128,1,1,16,0.000,0.000,,,,,NVIDIA A100-SXM4-40GB MIG 4g.20gb (0),1,,13,cupy_copy__complex64_complex64
20728057945,2528,436728,103,1,1,128,1,1,16,0.000,0.000,,,,,NVIDIA A100-SXM4-40GB MIG 4g.20gb (0),1,,13,cupy_copy__complex64_complex64
20728061977,82208,436735,1,1,1,32,32,1,30,0.000,0.000,,,,,NVIDIA A100-SXM4-40GB MIG 4g.20gb (0),1,,13,"void convert_kernel<__half2, float2>(tensor_layout_any, T1 *, tensor_layout_any, const T2 *)"
20728173144,5632,436738,,,,,,,,,,0.094,16636.287,Pinned,Device,NVIDIA A100-SXM4-40GB MIG 4g.20gb (0),1,,13,[CUDA memcpy Host-to-Device]
20728253591,53152,436739,,,,,,,,,,35.810,673692.025,Device,,NVIDIA A100-SXM4-40GB MIG 4g.20gb (0),1,,13,[CUDA memset]
20728307831,1856,436741,,,,,,,,,,0.000,43.103,Pinned,Device,NVIDIA A100-SXM4-40GB MIG 4g.20gb (0),1,,13,[CUDA memcpy Host-to-Device]
20728312247,9440,436742,,,,,,,,,,0.197,20827.079,Pinned,Device,NVIDIA A100-SXM4-40GB MIG 4g.20gb (0),1,,13,[CUDA memcpy Host-to-Device]
20728325751,8799,436743,273,1,1,48,1,1,40,0.000,0.001,,,,,NVIDIA A100-SXM4-40GB MIG 4g.20gb (0),1,,13,"void pusch_noise_intf_est::noiseIntfEstNoDftSOfdmKernel<float, __half, float, float, (unsigned int)2, (unsigned int)1, (unsigned char)4, (unsigned char)4>(pusch_noise_intf_est::puschRxNoiseIntfEstDynDescr)"
20728336854,2912,436754,35,1,1,128,1,1,16,0.000,0.000,,,,,NVIDIA A100-SXM4-40GB MIG 4g.20gb (0),1,,13,cupy_copy__complex64_complex64
20728341814,1920,436763,1,1,1,1,1,1,18,0.000,0.000,,,,,NVIDIA A100-SXM4-40GB MIG 4g.20gb (0),1,,13,cupy_copy__float32_float32
20728353590,2592,436769,,,,,,,,,,0.000,1.543,Device,Pageable,NVIDIA A100-SXM4-40GB MIG 4g.20gb (0),1,,7,[CUDA memcpy Device-to-Host]
20728583796,16447,436780,1434,1,1,128,1,1,16,0.000,0.000,,,,,NVIDIA A100-SXM4-40GB MIG 4g.20gb (0),1,,13,cupy_copy__complex64_complex64
20728784305,3264,436787,103,1,1,128,1,1,16,0.000,0.000,,,,,NVIDIA A100-SXM4-40GB MIG 4g.20gb (0),1,,13,cupy_copy__complex64_complex64
20728852337,8608,436794,35,1,1,128,1,1,16,0.000,0.000,,,,,NVIDIA A100-SXM4-40GB MIG 4g.20gb (0),1,,13,cupy_copy__complex64_complex64
20728960303,2784,436801,1,1,1,1,1,1,18,0.000,0.000,,,,,NVIDIA A100-SXM4-40GB MIG 4g.20gb (0),1,,13,cupy_copy__float32_float32
20729034991,292508,436812,1,1,1,32,32,1,30,0.000,0.000,,,,,NVIDIA A100-SXM4-40GB MIG 4g.20gb (0),1,,13,"void convert_kernel<__half2, float2>(tensor_layout_any, T1 *, tensor_layout_any, const T2 *)"
20729357899,7168,436815,,,,,,,,,,0.094,13071.342,Pinned,Device,NVIDIA A100-SXM4-40GB MIG 4g.20gb (0),1,,13,[CUDA memcpy Host-to-Device]
20729579625,6335,436816,,,,,,,,,,1.547,244139.238,Device,,NVIDIA A100-SXM4-40GB MIG 4g.20gb (0),1,,13,[CUDA memset]
20729587816,3648,436821,,,,,,,,,,0.031,8578.922,Pinned,Device,NVIDIA A100-SXM4-40GB MIG 4g.20gb (0),1,,13,[CUDA memcpy Host-to-Device]
20729596008,11296,436822,,,,,,,,,,0.197,17404.920,Pinned,Device,NVIDIA A100-SXM4-40GB MIG 4g.20gb (0),1,,13,[CUDA memcpy Host-to-Device]
20729851877,20992,436823,273,1,1,8,4,1,39,0.002,0.000,,,,,NVIDIA A100-SXM4-40GB MIG 4g.20gb (0),1,,13,"void channel_eq::eqMmseCoefCompLowMimoKernel<float, float, float, (unsigned int)4, (unsigned int)1, (unsigned int)4>(const channel_eq::_puschRxChEqStatDescr *, channel_eq::_puschRxChEqCoefCompDynDescr)"
20730030179,15200,436824,273,1,1,12,11,1,51,0.002,0.000,,,,,NVIDIA A100-SXM4-40GB MIG 4g.20gb (0),1,,13,"void channel_eq::eqMmseSoftDemapKernel<float, __half, __half, float, (unsigned int)4, (unsigned short)16383>(channel_eq::_puschRxChEqStatDescr *, channel_eq::_puschRxChEqSoftDemapDynDescr)"
20730207810,587513,436825,1,1,1,32,32,1,30,0.000,0.000,,,,,NVIDIA A100-SXM4-40GB MIG 4g.20gb (0),1,,13,"void convert_kernel<float2, __half2>(tensor_layout_any, T1 *, tensor_layout_any, const T2 *)"
20730797243,11680,436837,2253,1,1,128,1,1,16,0.000,0.000,,,,,NVIDIA A100-SXM4-40GB MIG 4g.20gb (0),1,,13,cupy_copy__float16_float16
20730810971,3488,436846,282,1,1,128,1,1,16,0.000,0.000,,,,,NVIDIA A100-SXM4-40GB MIG 4g.20gb (0),1,,13,cupy_copy__complex64_complex64
20730819163,2336,436855,26,1,1,128,1,1,16,0.000,0.000,,,,,NVIDIA A100-SXM4-40GB MIG 4g.20gb (0),1,,13,cupy_copy__float32_float32
20730822939,3232,436864,103,1,1,128,1,1,16,0.000,0.000,,,,,NVIDIA A100-SXM4-40GB MIG 4g.20gb (0),1,,13,cupy_copy__complex64_complex64
20730828827,11839,436874,1434,1,1,128,1,1,16,0.000,0.000,,,,,NVIDIA A100-SXM4-40GB MIG 4g.20gb (0),1,,13,cupy_copy__complex64_complex64
20730842234,80128,436879,1,1,1,32,32,1,30,0.000,0.000,,,,,NVIDIA A100-SXM4-40GB MIG 4g.20gb (0),1,,13,"void convert_kernel<__half2, float2>(tensor_layout_any, T1 *, tensor_layout_any, const T2 *)"
20730951801,5408,436882,,,,,,,,,,0.094,17325.421,Pinned,Device,NVIDIA A100-SXM4-40GB MIG 4g.20gb (0),1,,13,[CUDA memcpy Host-to-Device]
20730961625,619961,436883,,,,,,,,,,456.561,736433.603,Device,,NVIDIA A100-SXM4-40GB MIG 4g.20gb (0),1,,13,[CUDA memset]
20731587986,51232,436888,,,,,,,,,,1.235,24104.872,Pinned,Device,NVIDIA A100-SXM4-40GB MIG 4g.20gb (0),1,,13,[CUDA memcpy Host-to-Device]
20731642226,9695,436889,,,,,,,,,,0.197,20279.132,Pinned,Device,NVIDIA A100-SXM4-40GB MIG 4g.20gb (0),1,,13,[CUDA memcpy Host-to-Device]
20731709137,10400,436890,69,4,1,48,1,1,76,0.002,0.000,,,,,NVIDIA A100-SXM4-40GB MIG 4g.20gb (0),1,,13,"void ch_est::windowedChEstPreNoDftSOfdmKernel<float, __half, float, (unsigned int)2, (unsigned int)1, (unsigned short)4>(ch_est::puschRxChEstStatDescr_t *, ch_est::puschRxChEstDynDescr_t *)"
20731721201,7072,436891,137,2,1,24,2,1,44,0.001,0.001,,,,,NVIDIA A100-SXM4-40GB MIG 4g.20gb (0),1,,13,"void ch_est::chEstFilterNoDftSOfdmDispatchKernel<float, __half, float, (unsigned int)2>(ch_est::puschRxChEstStatDescr_t *, ch_est::puschRxChEstDynDescr_t *)"
20731794928,10432,436892,137,2,1,24,2,1,44,0.001,0.001,,,,,NVIDIA A100-SXM4-40GB MIG 4g.20gb (0),1,,13,"void ch_est::chEstFilterNoDftSOfdmDispatchKernel<float, __half, float, (unsigned int)2>(ch_est::puschRxChEstStatDescr_t *, ch_est::puschRxChEstDynDescr_t *)"
20731811920,3264,436903,103,1,1,128,1,1,16,0.000,0.000,,,,,NVIDIA A100-SXM4-40GB MIG 4g.20gb (0),1,,13,cupy_copy__complex64_complex64
20731817392,12703,436913,1434,1,1,128,1,1,16,0.000,0.000,,,,,NVIDIA A100-SXM4-40GB MIG 4g.20gb (0),1,,13,cupy_copy__complex64_complex64
20731832815,2528,436920,103,1,1,128,1,1,16,0.000,0.000,,,,,NVIDIA A100-SXM4-40GB MIG 4g.20gb (0),1,,13,cupy_copy__complex64_complex64
20731836911,194174,436927,1,1,1,32,32,1,30,0.000,0.000,,,,,NVIDIA A100-SXM4-40GB MIG 4g.20gb (0),1,,13,"void convert_kernel<__half2, float2>(tensor_layout_any, T1 *, tensor_layout_any, const T2 *)"
20732071821,8160,436930,,,,,,,,,,0.094,11482.351,Pinned,Device,NVIDIA A100-SXM4-40GB MIG 4g.20gb (0),1,,13,[CUDA memcpy Host-to-Device]
20732128140,56127,436931,,,,,,,,,,35.810,637989.535,Device,,NVIDIA A100-SXM4-40GB MIG 4g.20gb (0),1,,13,[CUDA memset]
20732186699,1984,436933,,,,,,,,,,0.000,40.323,Pinned,Device,NVIDIA A100-SXM4-40GB MIG 4g.20gb (0),1,,13,[CUDA memcpy Host-to-Device]
20732192107,10048,436934,,,,,,,,,,0.197,19566.821,Pinned,Device,NVIDIA A100-SXM4-40GB MIG 4g.20gb (0),1,,13,[CUDA memcpy Host-to-Device]
20732352522,13727,436935,273,1,1,48,1,1,40,0.000,0.001,,,,,NVIDIA A100-SXM4-40GB MIG 4g.20gb (0),1,,13,"void pusch_noise_intf_est::noiseIntfEstNoDftSOfdmKernel<float, __half, float, float, (unsigned int)2, (unsigned int)1, (unsigned char)4, (unsigned char)4>(pusch_noise_intf_est::puschRxNoiseIntfEstDynDescr)"
20732529992,5952,436946,35,1,1,128,1,1,16,0.000,0.000,,,,,NVIDIA A100-SXM4-40GB MIG 4g.20gb (0),1,,13,cupy_copy__complex64_complex64
20732539592,2847,436955,1,1,1,1,1,1,18,0.000,0.000,,,,,NVIDIA A100-SXM4-40GB MIG 4g.20gb (0),1,,13,cupy_copy__float32_float32
20732552327,2400,436961,,,,,,,,,,0.000,1.667,Device,Pageable,NVIDIA A100-SXM4-40GB MIG 4g.20gb (0),1,,7,[CUDA memcpy Device-to-Host]
20732619943,14719,436972,1434,1,1,128,1,1,16,0.000,0.000,,,,,NVIDIA A100-SXM4-40GB MIG 4g.20gb (0),1,,13,cupy_copy__complex64_complex64
20732705894,6272,436979,103,1,1,128,1,1,16,0.000,0.000,,,,,NVIDIA A100-SXM4-40GB MIG 4g.20gb (0),1,,13,cupy_copy__complex64_complex64
20732716966,3359,436986,35,1,1,128,1,1,16,0.000,0.000,,,,,NVIDIA A100-SXM4-40GB MIG 4g.20gb (0),1,,13,cupy_copy__complex64_complex64
20732787877,4416,436993,1,1,1,1,1,1,18,0.000,0.000,,,,,NVIDIA A100-SXM4-40GB MIG 4g.20gb (0),1,,13,cupy_copy__float32_float32
20732815780,333277,437004,1,1,1,32,32,1,30,0.000,0.000,,,,,NVIDIA A100-SXM4-40GB MIG 4g.20gb (0),1,,13,"void convert_kernel<__half2, float2>(tensor_layout_any, T1 *, tensor_layout_any, const T2 *)"
20733180256,5824,437007,,,,,,,,,,0.094,16087.884,Pinned,Device,NVIDIA A100-SXM4-40GB MIG 4g.20gb (0),1,,13,[CUDA memcpy Host-to-Device]
20733276895,11648,437008,,,,,,,,,,1.547,132779.217,Device,,NVIDIA A100-SXM4-40GB MIG 4g.20gb (0),1,,13,[CUDA memset]
20733289599,3904,437013,,,,,,,,,,0.031,8016.377,Pinned,Device,NVIDIA A100-SXM4-40GB MIG 4g.20gb (0),1,,13,[CUDA memcpy Host-to-Device]
20733300287,10016,437014,,,,,,,,,,0.197,19629.343,Pinned,Device,NVIDIA A100-SXM4-40GB MIG 4g.20gb (0),1,,13,[CUDA memcpy Host-to-Device]
20733344095,14175,437015,273,1,1,8,4,1,39,0.002,0.000,,,,,NVIDIA A100-SXM4-40GB MIG 4g.20gb (0),1,,13,"void channel_eq::eqMmseCoefCompLowMimoKernel<float, float, float, (unsigned int)4, (unsigned int)1, (unsigned int)4>(const channel_eq::_puschRxChEqStatDescr *, channel_eq::_puschRxChEqCoefCompDynDescr)"
20733490365,11744,437016,273,1,1,12,11,1,51,0.002,0.000,,,,,NVIDIA A100-SXM4-40GB MIG 4g.20gb (0),1,,13,"void channel_eq::eqMmseSoftDemapKernel<float, __half, __half, float, (unsigned int)4, (unsigned short)16383>(channel_eq::_puschRxChEqStatDescr *, channel_eq::_puschRxChEqSoftDemapDynDescr)"
20733575548,554234,437017,1,1,1,32,32,1,30,0.000,0.000,,,,,NVIDIA A100-SXM4-40GB MIG 4g.20gb (0),1,,13,"void convert_kernel<float2, __half2>(tensor_layout_any, T1 *, tensor_layout_any, const T2 *)"
20734131990,17888,437029,2253,1,1,128,1,1,16,0.000,0.000,,,,,NVIDIA A100-SXM4-40GB MIG 4g.20gb (0),1,,13,cupy_copy__float16_float16
20734153462,3423,437038,282,1,1,128,1,1,16,0.000,0.000,,,,,NVIDIA A100-SXM4-40GB MIG 4g.20gb (0),1,,13,cupy_copy__complex64_complex64
20734214421,12032,437047,26,1,1,128,1,1,16,0.000,0.000,,,,,NVIDIA A100-SXM4-40GB MIG 4g.20gb (0),1,,13,cupy_copy__float32_float32
20734229365,4864,437056,103,1,1,128,1,1,16,0.000,0.000,,,,,NVIDIA A100-SXM4-40GB MIG 4g.20gb (0),1,,13,cupy_copy__complex64_complex64
20734237941,12479,437066,1434,1,1,128,1,1,16,0.000,0.000,,,,,NVIDIA A100-SXM4-40GB MIG 4g.20gb (0),1,,13,cupy_copy__complex64_complex64
20734332500,324380,437071,1,1,1,32,32,1,30,0.000,0.000,,,,,NVIDIA A100-SXM4-40GB MIG 4g.20gb (0),1,,13,"void convert_kernel<__half2, float2>(tensor_layout_any, T1 *, tensor_layout_any, const T2 *)"
20734685872,5888,437074,,,,,,,,,,0.094,15912.954,Pinned,Device,NVIDIA A100-SXM4-40GB MIG 4g.20gb (0),1,,13,[CUDA memcpy Host-to-Device]
20734914605,615769,437075,,,,,,,,,,456.561,740999.217,Device,,NVIDIA A100-SXM4-40GB MIG 4g.20gb (0),1,,13,[CUDA memset]
20735534630,52480,437080,,,,,,,,,,1.235,23530.623,Pinned,Device,NVIDIA A100-SXM4-40GB MIG 4g.20gb (0),1,,13,[CUDA memcpy Host-to-Device]
20735589669,10496,437081,,,,,,,,,,0.197,18731.631,Pinned,Device,NVIDIA A100-SXM4-40GB MIG 4g.20gb (0),1,,13,[CUDA memcpy Host-to-Device]
20735896290,17536,437082,69,4,1,48,1,1,76,0.002,0.000,,,,,NVIDIA A100-SXM4-40GB MIG 4g.20gb (0),1,,13,"void ch_est::windowedChEstPreNoDftSOfdmKernel<float, __half, float, (unsigned int)2, (unsigned int)1, (unsigned short)4>(ch_est::puschRxChEstStatDescr_t *, ch_est::puschRxChEstDynDescr_t *)"
20736064672,12416,437083,137,2,1,24,2,1,44,0.001,0.001,,,,,NVIDIA A100-SXM4-40GB MIG 4g.20gb (0),1,,13,"void ch_est::chEstFilterNoDftSOfdmDispatchKernel<float, __half, float, (unsigned int)2>(ch_est::puschRxChEstStatDescr_t *, ch_est::puschRxChEstDynDescr_t *)"
20736414364,11616,437084,137,2,1,24,2,1,44,0.001,0.001,,,,,NVIDIA A100-SXM4-40GB MIG 4g.20gb (0),1,,13,"void ch_est::chEstFilterNoDftSOfdmDispatchKernel<float, __half, float, (unsigned int)2>(ch_est::puschRxChEstStatDescr_t *, ch_est::puschRxChEstDynDescr_t *)"
20736602362,7872,437095,103,1,1,128,1,1,16,0.000,0.000,,,,,NVIDIA A100-SXM4-40GB MIG 4g.20gb (0),1,,13,cupy_copy__complex64_complex64
20736788504,19584,437105,1434,1,1,128,1,1,16,0.000,0.000,,,,,NVIDIA A100-SXM4-40GB MIG 4g.20gb (0),1,,13,cupy_copy__complex64_complex64
20737001686,8640,437112,103,1,1,128,1,1,16,0.000,0.000,,,,,NVIDIA A100-SXM4-40GB MIG 4g.20gb (0),1,,13,cupy_copy__complex64_complex64
20737342514,312284,437119,1,1,1,32,32,1,30,0.000,0.000,,,,,NVIDIA A100-SXM4-40GB MIG 4g.20gb (0),1,,13,"void convert_kernel<__half2, float2>(tensor_layout_any, T1 *, tensor_layout_any, const T2 *)"
20737686798,5504,437122,,,,,,,,,,0.094,17023.251,Pinned,Device,NVIDIA A100-SXM4-40GB MIG 4g.20gb (0),1,,13,[CUDA memcpy Host-to-Device]
20737875980,46815,437123,,,,,,,,,,35.810,764899.891,Device,,NVIDIA A100-SXM4-40GB MIG 4g.20gb (0),1,,13,[CUDA memset]
20737926891,2176,437125,,,,,,,,,,0.000,36.765,Pinned,Device,NVIDIA A100-SXM4-40GB MIG 4g.20gb (0),1,,13,[CUDA memcpy Host-to-Device]
20737931627,10048,437126,,,,,,,,,,0.197,19566.821,Pinned,Device,NVIDIA A100-SXM4-40GB MIG 4g.20gb (0),1,,13,[CUDA memcpy Host-to-Device]
20738019242,30144,437127,273,1,1,48,1,1,40,0.000,0.001,,,,,NVIDIA A100-SXM4-40GB MIG 4g.20gb (0),1,,13,"void pusch_noise_intf_est::noiseIntfEstNoDftSOfdmKernel<float, __half, float, float, (unsigned int)2, (unsigned int)1, (unsigned char)4, (unsigned char)4>(pusch_noise_intf_est::puschRxNoiseIntfEstDynDescr)"
20738051306,4224,437138,35,1,1,128,1,1,16,0.000,0.000,,,,,NVIDIA A100-SXM4-40GB MIG 4g.20gb (0),1,,13,cupy_copy__complex64_complex64
20738057098,2016,437147,1,1,1,1,1,1,18,0.000,0.000,,,,,NVIDIA A100-SXM4-40GB MIG 4g.20gb (0),1,,13,cupy_copy__float32_float32
20738064682,1568,437153,,,,,,,,,,0.000,2.551,Device,Pageable,NVIDIA A100-SXM4-40GB MIG 4g.20gb (0),1,,7,[CUDA memcpy Device-to-Host]
20738209448,46208,437164,1434,1,1,128,1,1,16,0.000,0.000,,,,,NVIDIA A100-SXM4-40GB MIG 4g.20gb (0),1,,13,cupy_copy__complex64_complex64
20738257768,3904,437171,103,1,1,128,1,1,16,0.000,0.000,,,,,NVIDIA A100-SXM4-40GB MIG 4g.20gb (0),1,,13,cupy_copy__complex64_complex64
20738353191,5216,437178,35,1,1,128,1,1,16,0.000,0.000,,,,,NVIDIA A100-SXM4-40GB MIG 4g.20gb (0),1,,13,cupy_copy__complex64_complex64
20738566276,4480,437185,1,1,1,1,1,1,18,0.000,0.000,,,,,NVIDIA A100-SXM4-40GB MIG 4g.20gb (0),1,,13,cupy_copy__float32_float32
20738730722,470075,437196,1,1,1,32,32,1,30,0.000,0.000,,,,,NVIDIA A100-SXM4-40GB MIG 4g.20gb (0),1,,13,"void convert_kernel<__half2, float2>(tensor_layout_any, T1 *, tensor_layout_any, const T2 *)"
20739236477,5632,437199,,,,,,,,,,0.094,16636.287,Pinned,Device,NVIDIA A100-SXM4-40GB MIG 4g.20gb (0),1,,13,[CUDA memcpy Host-to-Device]
20739338204,5216,437200,,,,,,,,,,1.547,296514.113,Device,,NVIDIA A100-SXM4-40GB MIG 4g.20gb (0),1,,13,[CUDA memset]
20739344828,4928,437205,,,,,,,,,,0.031,6350.647,Pinned,Device,NVIDIA A100-SXM4-40GB MIG 4g.20gb (0),1,,13,[CUDA memcpy Host-to-Device]
20739356443,12000,437206,,,,,,,,,,0.197,16383.934,Pinned,Device,NVIDIA A100-SXM4-40GB MIG 4g.20gb (0),1,,13,[CUDA memcpy Host-to-Device]
20739465210,13600,437207,273,1,1,8,4,1,39,0.002,0.000,,,,,NVIDIA A100-SXM4-40GB MIG 4g.20gb (0),1,,13,"void channel_eq::eqMmseCoefCompLowMimoKernel<float, float, float, (unsigned int)4, (unsigned int)1, (unsigned int)4>(const channel_eq::_puschRxChEqStatDescr *, channel_eq::_puschRxChEqCoefCompDynDescr)"
20739714199,26752,437208,273,1,1,12,11,1,51,0.002,0.000,,,,,NVIDIA A100-SXM4-40GB MIG 4g.20gb (0),1,,13,"void channel_eq::eqMmseSoftDemapKernel<float, __half, __half, float, (unsigned int)4, (unsigned short)16383>(channel_eq::_puschRxChEqStatDescr *, channel_eq::_puschRxChEqSoftDemapDynDescr)"
20739936885,758616,437209,1,1,1,32,32,1,30,0.000,0.000,,,,,NVIDIA A100-SXM4-40GB MIG 4g.20gb (0),1,,13,"void convert_kernel<float2, __half2>(tensor_layout_any, T1 *, tensor_layout_any, const T2 *)"
20740960106,12479,437221,2253,1,1,128,1,1,16,0.000,0.000,,,,,NVIDIA A100-SXM4-40GB MIG 4g.20gb (0),1,,13,cupy_copy__float16_float16
20741028585,6592,437230,282,1,1,128,1,1,16,0.000,0.000,,,,,NVIDIA A100-SXM4-40GB MIG 4g.20gb (0),1,,13,cupy_copy__complex64_complex64
20741038601,4032,437239,26,1,1,128,1,1,16,0.000,0.000,,,,,NVIDIA A100-SXM4-40GB MIG 4g.20gb (0),1,,13,cupy_copy__float32_float32
20741045545,3360,437248,103,1,1,128,1,1,16,0.000,0.000,,,,,NVIDIA A100-SXM4-40GB MIG 4g.20gb (0),1,,13,cupy_copy__complex64_complex64
20741084584,17408,437258,1434,1,1,128,1,1,16,0.000,0.000,,,,,NVIDIA A100-SXM4-40GB MIG 4g.20gb (0),1,,13,cupy_copy__complex64_complex64
20741194311,353660,437263,1,1,1,32,32,1,30,0.000,0.000,,,,,NVIDIA A100-SXM4-40GB MIG 4g.20gb (0),1,,13,"void convert_kernel<__half2, float2>(tensor_layout_any, T1 *, tensor_layout_any, const T2 *)"
20741579011,5888,437266,,,,,,,,,,0.094,15912.954,Pinned,Device,NVIDIA A100-SXM4-40GB MIG 4g.20gb (0),1,,13,[CUDA memcpy Host-to-Device]
20741591203,601913,437267,,,,,,,,,,456.561,758348.552,Device,,NVIDIA A100-SXM4-40GB MIG 4g.20gb (0),1,,13,[CUDA memset]
20742198140,50527,437272,,,,,,,,,,1.235,24440.777,Pinned,Device,NVIDIA A100-SXM4-40GB MIG 4g.20gb (0),1,,13,[CUDA memcpy Host-to-Device]
20742251611,9984,437273,,,,,,,,,,0.197,19692.257,Pinned,Device,NVIDIA A100-SXM4-40GB MIG 4g.20gb (0),1,,13,[CUDA memcpy Host-to-Device]
20742321306,8928,437274,69,4,1,48,1,1,76,0.002,0.000,,,,,NVIDIA A100-SXM4-40GB MIG 4g.20gb (0),1,,13,"void ch_est::windowedChEstPreNoDftSOfdmKernel<float, __half, float, (unsigned int)2, (unsigned int)1, (unsigned short)4>(ch_est::puschRxChEstStatDescr_t *, ch_est::puschRxChEstDynDescr_t *)"
20742424313,12288,437275,137,2,1,24,2,1,44,0.001,0.001,,,,,NVIDIA A100-SXM4-40GB MIG 4g.20gb (0),1,,13,"void ch_est::chEstFilterNoDftSOfdmDispatchKernel<float, __half, float, (unsigned int)2>(ch_est::puschRxChEstStatDescr_t *, ch_est::puschRxChEstDynDescr_t *)"
20742439065,5568,437276,137,2,1,24,2,1,44,0.001,0.001,,,,,NVIDIA A100-SXM4-40GB MIG 4g.20gb (0),1,,13,"void ch_est::chEstFilterNoDftSOfdmDispatchKernel<float, __half, float, (unsigned int)2>(ch_est::puschRxChEstStatDescr_t *, ch_est::puschRxChEstDynDescr_t *)"
20742524312,8928,437287,103,1,1,128,1,1,16,0.000,0.000,,,,,NVIDIA A100-SXM4-40GB MIG 4g.20gb (0),1,,13,cupy_copy__complex64_complex64
20742535096,15712,437297,1434,1,1,128,1,1,16,0.000,0.000,,,,,NVIDIA A100-SXM4-40GB MIG 4g.20gb (0),1,,13,cupy_copy__complex64_complex64
20742553016,2592,437304,103,1,1,128,1,1,16,0.000,0.000,,,,,NVIDIA A100-SXM4-40GB MIG 4g.20gb (0),1,,13,cupy_copy__complex64_complex64
20742557656,124990,437311,1,1,1,32,32,1,30,0.000,0.000,,,,,NVIDIA A100-SXM4-40GB MIG 4g.20gb (0),1,,13,"void convert_kernel<__half2, float2>(tensor_layout_any, T1 *, tensor_layout_any, const T2 *)"
20742723542,7232,437314,,,,,,,,,,0.094,12955.721,Pinned,Device,NVIDIA A100-SXM4-40GB MIG 4g.20gb (0),1,,13,[CUDA memcpy Host-to-Device]
20742776117,57376,437315,,,,,,,,,,35.810,624095.286,Device,,NVIDIA A100-SXM4-40GB MIG 4g.20gb (0),1,,13,[CUDA memset]
20742834933,1920,437317,,,,,,,,,,0.000,41.667,Pinned,Device,NVIDIA A100-SXM4-40GB MIG 4g.20gb (0),1,,13,[CUDA memcpy Host-to-Device]
20742843925,11551,437318,,,,,,,,,,0.197,17020.748,Pinned,Device,NVIDIA A100-SXM4-40GB MIG 4g.20gb (0),1,,13,[CUDA memcpy Host-to-Device]
20743048626,10784,437319,273,1,1,48,1,1,40,0.000,0.001,,,,,NVIDIA A100-SXM4-40GB MIG 4g.20gb (0),1,,13,"void pusch_noise_intf_est::noiseIntfEstNoDftSOfdmKernel<float, __half, float, float, (unsigned int)2, (unsigned int)1, (unsigned char)4, (unsigned char)4>(pusch_noise_intf_est::puschRxNoiseIntfEstDynDescr)"
20743133425,7584,437330,35,1,1,128,1,1,16,0.000,0.000,,,,,NVIDIA A100-SXM4-40GB MIG 4g.20gb (0),1,,13,cupy_copy__complex64_complex64
20743255600,3296,437339,1,1,1,1,1,1,18,0.000,0.000,,,,,NVIDIA A100-SXM4-40GB MIG 4g.20gb (0),1,,13,cupy_copy__float32_float32
20743264688,2976,437345,,,,,,,,,,0.000,1.344,Device,Pageable,NVIDIA A100-SXM4-40GB MIG 4g.20gb (0),1,,7,[CUDA memcpy Device-to-Host]
20743332431,23040,437356,1434,1,1,128,1,1,16,0.000,0.000,,,,,NVIDIA A100-SXM4-40GB MIG 4g.20gb (0),1,,13,cupy_copy__complex64_complex64
20743430478,8864,437363,103,1,1,128,1,1,16,0.000,0.000,,,,,NVIDIA A100-SXM4-40GB MIG 4g.20gb (0),1,,13,cupy_copy__complex64_complex64
20743441486,4256,437370,35,1,1,128,1,1,16,0.000,0.000,,,,,NVIDIA A100-SXM4-40GB MIG 4g.20gb (0),1,,13,cupy_copy__complex64_complex64
20743447502,2080,437377,1,1,1,1,1,1,18,0.000,0.000,,,,,NVIDIA A100-SXM4-40GB MIG 4g.20gb (0),1,,13,cupy_copy__float32_float32
20743533389,278685,437388,1,1,1,32,32,1,30,0.000,0.000,,,,,NVIDIA A100-SXM4-40GB MIG 4g.20gb (0),1,,13,"void convert_kernel<__half2, float2>(tensor_layout_any, T1 *, tensor_layout_any, const T2 *)"
20743854377,8000,437391,,,,,,,,,,0.094,11712.000,Pinned,Device,NVIDIA A100-SXM4-40GB MIG 4g.20gb (0),1,,13,[CUDA memcpy Host-to-Device]
20743875113,9184,437392,,,,,,,,,,1.547,168404.154,Device,,NVIDIA A100-SXM4-40GB MIG 4g.20gb (0),1,,13,[CUDA memset]
20743886121,3200,437397,,,,,,,,,,0.031,9780.000,Pinned,Device,NVIDIA A100-SXM4-40GB MIG 4g.20gb (0),1,,13,[CUDA memcpy Host-to-Device]
20743896073,9472,437398,,,,,,,,,,0.197,20756.693,Pinned,Device,NVIDIA A100-SXM4-40GB MIG 4g.20gb (0),1,,13,[CUDA memcpy Host-to-Device]
20743973224,15456,437399,273,1,1,8,4,1,39,0.002,0.000,,,,,NVIDIA A100-SXM4-40GB MIG 4g.20gb (0),1,,13,"void channel_eq::eqMmseCoefCompLowMimoKernel<float, float, float, (unsigned int)4, (unsigned int)1, (unsigned int)4>(const channel_eq::_puschRxChEqStatDescr *, channel_eq::_puschRxChEqCoefCompDynDescr)"
20743992008,7520,437400,273,1,1,12,11,1,51,0.002,0.000,,,,,NVIDIA A100-SXM4-40GB MIG 4g.20gb (0),1,,13,"void channel_eq::eqMmseSoftDemapKernel<float, __half, __half, float, (unsigned int)4, (unsigned short)16383>(channel_eq::_puschRxChEqStatDescr *, channel_eq::_puschRxChEqSoftDemapDynDescr)"
20744076679,678968,437401,1,1,1,32,32,1,30,0.000,0.000,,,,,NVIDIA A100-SXM4-40GB MIG 4g.20gb (0),1,,13,"void convert_kernel<float2, __half2>(tensor_layout_any, T1 *, tensor_layout_any, const T2 *)"
20744759807,12608,437413,2253,1,1,128,1,1,16,0.000,0.000,,,,,NVIDIA A100-SXM4-40GB MIG 4g.20gb (0),1,,13,cupy_copy__float16_float16
20744844062,8128,437422,282,1,1,128,1,1,16,0.000,0.000,,,,,NVIDIA A100-SXM4-40GB MIG 4g.20gb (0),1,,13,cupy_copy__complex64_complex64
20744854366,4480,437431,26,1,1,128,1,1,16,0.000,0.000,,,,,NVIDIA A100-SXM4-40GB MIG 4g.20gb (0),1,,13,cupy_copy__float32_float32
20744862014,3296,437440,103,1,1,128,1,1,16,0.000,0.000,,,,,NVIDIA A100-SXM4-40GB MIG 4g.20gb (0),1,,13,cupy_copy__complex64_complex64
20744866622,12576,437450,1434,1,1,128,1,1,16,0.000,0.000,,,,,NVIDIA A100-SXM4-40GB MIG 4g.20gb (0),1,,13,cupy_copy__complex64_complex64
20744881150,80895,437455,1,1,1,32,32,1,30,0.000,0.000,,,,,NVIDIA A100-SXM4-40GB MIG 4g.20gb (0),1,,13,"void convert_kernel<__half2, float2>(tensor_layout_any, T1 *, tensor_layout_any, const T2 *)"
20744992573,5408,437458,,,,,,,,,,0.094,17325.421,Pinned,Device,NVIDIA A100-SXM4-40GB MIG 4g.20gb (0),1,,13,[CUDA memcpy Host-to-Device]
20745003836,612122,437459,,,,,,,,,,456.561,745564.832,Device,,NVIDIA A100-SXM4-40GB MIG 4g.20gb (0),1,,13,[CUDA memset]
20745619862,54239,437464,,,,,,,,,,1.235,22767.428,Pinned,Device,NVIDIA A100-SXM4-40GB MIG 4g.20gb (0),1,,13,[CUDA memcpy Host-to-Device]
20745677205,9888,437465,,,,,,,,,,0.197,19883.360,Pinned,Device,NVIDIA A100-SXM4-40GB MIG 4g.20gb (0),1,,13,[CUDA memcpy Host-to-Device]
20745745876,14464,437466,69,4,1,48,1,1,76,0.002,0.000,,,,,NVIDIA A100-SXM4-40GB MIG 4g.20gb (0),1,,13,"void ch_est::windowedChEstPreNoDftSOfdmKernel<float, __half, float, (unsigned int)2, (unsigned int)1, (unsigned short)4>(ch_est::puschRxChEstStatDescr_t *, ch_est::puschRxChEstDynDescr_t *)"
20745939922,15968,437467,137,2,1,24,2,1,44,0.001,0.001,,,,,NVIDIA A100-SXM4-40GB MIG 4g.20gb (0),1,,13,"void ch_est::chEstFilterNoDftSOfdmDispatchKernel<float, __half, float, (unsigned int)2>(ch_est::puschRxChEstStatDescr_t *, ch_est::puschRxChEstDynDescr_t *)"
20746198159,14112,437468,137,2,1,24,2,1,44,0.001,0.001,,,,,NVIDIA A100-SXM4-40GB MIG 4g.20gb (0),1,,13,"void ch_est::chEstFilterNoDftSOfdmDispatchKernel<float, __half, float, (unsigned int)2>(ch_est::puschRxChEstStatDescr_t *, ch_est::puschRxChEstDynDescr_t *)"
20746281806,7360,437479,103,1,1,128,1,1,16,0.000,0.000,,,,,NVIDIA A100-SXM4-40GB MIG 4g.20gb (0),1,,13,cupy_copy__complex64_complex64
20746371469,18624,437489,1434,1,1,128,1,1,16,0.000,0.000,,,,,NVIDIA A100-SXM4-40GB MIG 4g.20gb (0),1,,13,cupy_copy__complex64_complex64
20746638570,5824,437496,103,1,1,128,1,1,16,0.000,0.000,,,,,NVIDIA A100-SXM4-40GB MIG 4g.20gb (0),1,,13,cupy_copy__complex64_complex64
20746722729,354236,437503,1,1,1,32,32,1,30,0.000,0.000,,,,,NVIDIA A100-SXM4-40GB MIG 4g.20gb (0),1,,13,"void convert_kernel<__half2, float2>(tensor_layout_any, T1 *, tensor_layout_any, const T2 *)"
20747107909,6336,437506,,,,,,,,,,0.094,14787.852,Pinned,Device,NVIDIA A100-SXM4-40GB MIG 4g.20gb (0),1,,13,[CUDA memcpy Host-to-Device]
20747239620,54303,437507,,,,,,,,,,35.810,659439.677,Device,,NVIDIA A100-SXM4-40GB MIG 4g.20gb (0),1,,13,[CUDA memset]
20747302531,1824,437509,,,,,,,,,,0.000,43.860,Pinned,Device,NVIDIA A100-SXM4-40GB MIG 4g.20gb (0),1,,13,[CUDA memcpy Host-to-Device]
20747307331,9696,437510,,,,,,,,,,0.197,20277.166,Pinned,Device,NVIDIA A100-SXM4-40GB MIG 4g.20gb (0),1,,13,[CUDA memcpy Host-to-Device]
20747460737,18752,437511,273,1,1,48,1,1,40,0.000,0.001,,,,,NVIDIA A100-SXM4-40GB MIG 4g.20gb (0),1,,13,"void pusch_noise_intf_est::noiseIntfEstNoDftSOfdmKernel<float, __half, float, float, (unsigned int)2, (unsigned int)1, (unsigned char)4, (unsigned char)4>(pusch_noise_intf_est::puschRxNoiseIntfEstDynDescr)"
20747554624,4320,437522,35,1,1,128,1,1,16,0.000,0.000,,,,,NVIDIA A100-SXM4-40GB MIG 4g.20gb (0),1,,13,cupy_copy__complex64_complex64
20747562304,2688,437531,1,1,1,1,1,1,18,0.000,0.000,,,,,NVIDIA A100-SXM4-40GB MIG 4g.20gb (0),1,,13,cupy_copy__float32_float32
20747576032,3264,437537,,,,,,,,,,0.000,1.225,Device,Pageable,NVIDIA A100-SXM4-40GB MIG 4g.20gb (0),1,,7,[CUDA memcpy Device-to-Host]
20747647391,16032,437548,1434,1,1,128,1,1,16,0.000,0.000,,,,,NVIDIA A100-SXM4-40GB MIG 4g.20gb (0),1,,13,cupy_copy__complex64_complex64
20747665439,4608,437555,103,1,1,128,1,1,16,0.000,0.000,,,,,NVIDIA A100-SXM4-40GB MIG 4g.20gb (0),1,,13,cupy_copy__complex64_complex64
20747684575,2432,437562,35,1,1,128,1,1,16,0.000,0.000,,,,,NVIDIA A100-SXM4-40GB MIG 4g.20gb (0),1,,13,cupy_copy__complex64_complex64
20747703006,1888,437569,1,1,1,1,1,1,18,0.000,0.000,,,,,NVIDIA A100-SXM4-40GB MIG 4g.20gb (0),1,,13,cupy_copy__float32_float32
20747847261,80223,437580,1,1,1,32,32,1,30,0.000,0.000,,,,,NVIDIA A100-SXM4-40GB MIG 4g.20gb (0),1,,13,"void convert_kernel<__half2, float2>(tensor_layout_any, T1 *, tensor_layout_any, const T2 *)"
20747958044,5375,437583,,,,,,,,,,0.094,17431.766,Pinned,Device,NVIDIA A100-SXM4-40GB MIG 4g.20gb (0),1,,13,[CUDA memcpy Host-to-Device]
20747971995,3232,437584,,,,,,,,,,1.547,478533.199,Device,,NVIDIA A100-SXM4-40GB MIG 4g.20gb (0),1,,13,[CUDA memset]
20747986459,3136,437589,,,,,,,,,,0.031,9979.575,Pinned,Device,NVIDIA A100-SXM4-40GB MIG 4g.20gb (0),1,,13,[CUDA memcpy Host-to-Device]
20747991675,9536,437590,,,,,,,,,,0.197,20617.298,Pinned,Device,NVIDIA A100-SXM4-40GB MIG 4g.20gb (0),1,,13,[CUDA memcpy Host-to-Device]
20748006363,6688,437591,273,1,1,8,4,1,39,0.002,0.000,,,,,NVIDIA A100-SXM4-40GB MIG 4g.20gb (0),1,,13,"void channel_eq::eqMmseCoefCompLowMimoKernel<float, float, float, (unsigned int)4, (unsigned int)1, (unsigned int)4>(const channel_eq::_puschRxChEqStatDescr *, channel_eq::_puschRxChEqCoefCompDynDescr)"
20748014939,5920,437592,273,1,1,12,11,1,51,0.002,0.000,,,,,NVIDIA A100-SXM4-40GB MIG 4g.20gb (0),1,,13,"void channel_eq::eqMmseSoftDemapKernel<float, __half, __half, float, (unsigned int)4, (unsigned short)16383>(channel_eq::_puschRxChEqStatDescr *, channel_eq::_puschRxChEqSoftDemapDynDescr)"
20748022523,281117,437593,1,1,1,32,32,1,30,0.000,0.000,,,,,NVIDIA A100-SXM4-40GB MIG 4g.20gb (0),1,,13,"void convert_kernel<float2, __half2>(tensor_layout_any, T1 *, tensor_layout_any, const T2 *)"
20748305016,10592,437605,2253,1,1,128,1,1,16,0.000,0.000,,,,,NVIDIA A100-SXM4-40GB MIG 4g.20gb (0),1,,13,cupy_copy__float16_float16
20748317912,2784,437614,282,1,1,128,1,1,16,0.000,0.000,,,,,NVIDIA A100-SXM4-40GB MIG 4g.20gb (0),1,,13,cupy_copy__complex64_complex64
20748322615,2112,437623,26,1,1,128,1,1,16,0.000,0.000,,,,,NVIDIA A100-SXM4-40GB MIG 4g.20gb (0),1,,13,cupy_copy__float32_float32
20748326519,2848,437632,103,1,1,128,1,1,16,0.000,0.000,,,,,NVIDIA A100-SXM4-40GB MIG 4g.20gb (0),1,,13,cupy_copy__complex64_complex64
20748331767,11584,437642,1434,1,1,128,1,1,16,0.000,0.000,,,,,NVIDIA A100-SXM4-40GB MIG 4g.20gb (0),1,,13,cupy_copy__complex64_complex64
20748361143,150334,437647,1,1,1,32,32,1,30,0.000,0.000,,,,,NVIDIA A100-SXM4-40GB MIG 4g.20gb (0),1,,13,"void convert_kernel<__half2, float2>(tensor_layout_any, T1 *, tensor_layout_any, const T2 *)"
20748543349,5920,437650,,,,,,,,,,0.094,15826.941,Pinned,Device,NVIDIA A100-SXM4-40GB MIG 4g.20gb (0),1,,13,[CUDA memcpy Host-to-Device]
20748556021,610649,437651,,,,,,,,,,456.561,747391.077,Device,,NVIDIA A100-SXM4-40GB MIG 4g.20gb (0),1,,13,[CUDA memset]
20749170990,49695,437656,,,,,,,,,,1.235,24849.543,Pinned,Device,NVIDIA A100-SXM4-40GB MIG 4g.20gb (0),1,,13,[CUDA memcpy Host-to-Device]
20749222797,9504,437657,,,,,,,,,,0.197,20686.701,Pinned,Device,NVIDIA A100-SXM4-40GB MIG 4g.20gb (0),1,,13,[CUDA memcpy Host-to-Device]
20749312044,27744,437658,69,4,1,48,1,1,76,0.002,0.000,,,,,NVIDIA A100-SXM4-40GB MIG 4g.20gb (0),1,,13,"void ch_est::windowedChEstPreNoDftSOfdmKernel<float, __half, float, (unsigned int)2, (unsigned int)1, (unsigned short)4>(ch_est::puschRxChEstStatDescr_t *, ch_est::puschRxChEstDynDescr_t *)"
20749388204,9951,437659,137,2,1,24,2,1,44,0.001,0.001,,,,,NVIDIA A100-SXM4-40GB MIG 4g.20gb (0),1,,13,"void ch_est::chEstFilterNoDftSOfdmDispatchKernel<float, __half, float, (unsigned int)2>(ch_est::puschRxChEstStatDescr_t *, ch_est::puschRxChEstDynDescr_t *)"
20749546122,10592,437660,137,2,1,24,2,1,44,0.001,0.001,,,,,NVIDIA A100-SXM4-40GB MIG 4g.20gb (0),1,,13,"void ch_est::chEstFilterNoDftSOfdmDispatchKernel<float, __half, float, (unsigned int)2>(ch_est::puschRxChEstStatDescr_t *, ch_est::puschRxChEstDynDescr_t *)"
20749626729,8800,437671,103,1,1,128,1,1,16,0.000,0.000,,,,,NVIDIA A100-SXM4-40GB MIG 4g.20gb (0),1,,13,cupy_copy__complex64_complex64
20749691784,24448,437681,1434,1,1,128,1,1,16,0.000,0.000,,,,,NVIDIA A100-SXM4-40GB MIG 4g.20gb (0),1,,13,cupy_copy__complex64_complex64
20749768903,7072,437688,103,1,1,128,1,1,16,0.000,0.000,,,,,NVIDIA A100-SXM4-40GB MIG 4g.20gb (0),1,,13,cupy_copy__complex64_complex64
20749779015,280989,437695,1,1,1,32,32,1,30,0.000,0.000,,,,,NVIDIA A100-SXM4-40GB MIG 4g.20gb (0),1,,13,"void convert_kernel<__half2, float2>(tensor_layout_any, T1 *, tensor_layout_any, const T2 *)"
20750101924,5920,437698,,,,,,,,,,0.094,15826.941,Pinned,Device,NVIDIA A100-SXM4-40GB MIG 4g.20gb (0),1,,13,[CUDA memcpy Host-to-Device]
20750203075,50047,437699,,,,,,,,,,35.810,715518.012,Device,,NVIDIA A100-SXM4-40GB MIG 4g.20gb (0),1,,13,[CUDA memset]
20750257442,2240,437701,,,,,,,,,,0.000,35.714,Pinned,Device,NVIDIA A100-SXM4-40GB MIG 4g.20gb (0),1,,13,[CUDA memcpy Host-to-Device]
20750262434,9504,437702,,,,,,,,,,0.197,20686.701,Pinned,Device,NVIDIA A100-SXM4-40GB MIG 4g.20gb (0),1,,13,[CUDA memcpy Host-to-Device]
20750392416,31040,437703,273,1,1,48,1,1,40,0.000,0.001,,,,,NVIDIA A100-SXM4-40GB MIG 4g.20gb (0),1,,13,"void pusch_noise_intf_est::noiseIntfEstNoDftSOfdmKernel<float, __half, float, float, (unsigned int)2, (unsigned int)1, (unsigned char)4, (unsigned char)4>(pusch_noise_intf_est::puschRxNoiseIntfEstDynDescr)"
20750456864,18463,437714,35,1,1,128,1,1,16,0.000,0.000,,,,,NVIDIA A100-SXM4-40GB MIG 4g.20gb (0),1,,13,cupy_copy__complex64_complex64
20750529247,3968,437723,1,1,1,1,1,1,18,0.000,0.000,,,,,NVIDIA A100-SXM4-40GB MIG 4g.20gb (0),1,,13,cupy_copy__float32_float32
20750546783,2208,437729,,,,,,,,,,0.000,1.812,Device,Pageable,NVIDIA A100-SXM4-40GB MIG 4g.20gb (0),1,,7,[CUDA memcpy Device-to-Host]
20750664733,20224,437740,1434,1,1,128,1,1,16,0.000,0.000,,,,,NVIDIA A100-SXM4-40GB MIG 4g.20gb (0),1,,13,cupy_copy__complex64_complex64
20750738077,18271,437747,103,1,1,128,1,1,16,0.000,0.000,,,,,NVIDIA A100-SXM4-40GB MIG 4g.20gb (0),1,,13,cupy_copy__complex64_complex64
20750913691,8415,437754,35,1,1,128,1,1,16,0.000,0.000,,,,,NVIDIA A100-SXM4-40GB MIG 4g.20gb (0),1,,13,cupy_copy__complex64_complex64
20750979450,6624,437761,1,1,1,1,1,1,18,0.000,0.000,,,,,NVIDIA A100-SXM4-40GB MIG 4g.20gb (0),1,,13,cupy_copy__float32_float32
20751149624,396028,437772,1,1,1,32,32,1,30,0.000,0.000,,,,,NVIDIA A100-SXM4-40GB MIG 4g.20gb (0),1,,13,"void convert_kernel<__half2, float2>(tensor_layout_any, T1 *, tensor_layout_any, const T2 *)"
20751623347,5472,437775,,,,,,,,,,0.094,17122.757,Pinned,Device,NVIDIA A100-SXM4-40GB MIG 4g.20gb (0),1,,13,[CUDA memcpy Host-to-Device]
20751633363,3776,437776,,,,,,,,,,1.547,409592.434,Device,,NVIDIA A100-SXM4-40GB MIG 4g.20gb (0),1,,13,[CUDA memset]
20751644274,3232,437781,,,,,,,,,,0.031,9683.139,Pinned,Device,NVIDIA A100-SXM4-40GB MIG 4g.20gb (0),1,,13,[CUDA memcpy Host-to-Device]
20751650194,9440,437782,,,,,,,,,,0.197,20827.079,Pinned,Device,NVIDIA A100-SXM4-40GB MIG 4g.20gb (0),1,,13,[CUDA memcpy Host-to-Device]
20751663666,7616,437783,273,1,1,8,4,1,39,0.002,0.000,,,,,NVIDIA A100-SXM4-40GB MIG 4g.20gb (0),1,,13,"void channel_eq::eqMmseCoefCompLowMimoKernel<float, float, float, (unsigned int)4, (unsigned int)1, (unsigned int)4>(const channel_eq::_puschRxChEqStatDescr *, channel_eq::_puschRxChEqCoefCompDynDescr)"
20751673586,7008,437784,273,1,1,12,11,1,51,0.002,0.000,,,,,NVIDIA A100-SXM4-40GB MIG 4g.20gb (0),1,,13,"void channel_eq::eqMmseSoftDemapKernel<float, __half, __half, float, (unsigned int)4, (unsigned short)16383>(channel_eq::_puschRxChEqStatDescr *, channel_eq::_puschRxChEqSoftDemapDynDescr)"
20751682290,281501,437785,1,1,1,32,32,1,30,0.000,0.000,,,,,NVIDIA A100-SXM4-40GB MIG 4g.20gb (0),1,,13,"void convert_kernel<float2, __half2>(tensor_layout_any, T1 *, tensor_layout_any, const T2 *)"
20751965903,10624,437797,2253,1,1,128,1,1,16,0.000,0.000,,,,,NVIDIA A100-SXM4-40GB MIG 4g.20gb (0),1,,13,cupy_copy__float16_float16
20751978575,2848,437806,282,1,1,128,1,1,16,0.000,0.000,,,,,NVIDIA A100-SXM4-40GB MIG 4g.20gb (0),1,,13,cupy_copy__complex64_complex64
20751983215,2112,437815,26,1,1,128,1,1,16,0.000,0.000,,,,,NVIDIA A100-SXM4-40GB MIG 4g.20gb (0),1,,13,cupy_copy__float32_float32
20751986767,2912,437824,103,1,1,128,1,1,16,0.000,0.000,,,,,NVIDIA A100-SXM4-40GB MIG 4g.20gb (0),1,,13,cupy_copy__complex64_complex64
20751991375,12031,437834,1434,1,1,128,1,1,16,0.000,0.000,,,,,NVIDIA A100-SXM4-40GB MIG 4g.20gb (0),1,,13,cupy_copy__complex64_complex64
20752005102,79744,437839,1,1,1,32,32,1,30,0.000,0.000,,,,,NVIDIA A100-SXM4-40GB MIG 4g.20gb (0),1,,13,"void convert_kernel<__half2, float2>(tensor_layout_any, T1 *, tensor_layout_any, const T2 *)"
20752123085,5344,437842,,,,,,,,,,0.094,17532.864,Pinned,Device,NVIDIA A100-SXM4-40GB MIG 4g.20gb (0),1,,13,[CUDA memcpy Host-to-Device]
20752141997,606265,437843,,,,,,,,,,456.561,752869.815,Device,,NVIDIA A100-SXM4-40GB MIG 4g.20gb (0),1,,13,[CUDA memset]
20752749350,48864,437848,,,,,,,,,,1.235,25271.894,Pinned,Device,NVIDIA A100-SXM4-40GB MIG 4g.20gb (0),1,,13,[CUDA memcpy Host-to-Device]
20752800774,9375,437849,,,,,,,,,,0.197,20971.389,Pinned,Device,NVIDIA A100-SXM4-40GB MIG 4g.20gb (0),1,,13,[CUDA memcpy Host-to-Device]
20752814021,7296,437850,69,4,1,48,1,1,76,0.002,0.000,,,,,NVIDIA A100-SXM4-40GB MIG 4g.20gb (0),1,,13,"void ch_est::windowedChEstPreNoDftSOfdmKernel<float, __half, float, (unsigned int)2, (unsigned int)1, (unsigned short)4>(ch_est::puschRxChEstStatDescr_t *, ch_est::puschRxChEstDynDescr_t *)"
20752823429,6496,437851,137,2,1,24,2,1,44,0.001,0.001,,,,,NVIDIA A100-SXM4-40GB MIG 4g.20gb (0),1,,13,"void ch_est::chEstFilterNoDftSOfdmDispatchKernel<float, __half, float, (unsigned int)2>(ch_est::puschRxChEstStatDescr_t *, ch_est::puschRxChEstDynDescr_t *)"
20752832133,5728,437852,137,2,1,24,2,1,44,0.001,0.001,,,,,NVIDIA A100-SXM4-40GB MIG 4g.20gb (0),1,,13,"void ch_est::chEstFilterNoDftSOfdmDispatchKernel<float, __half, float, (unsigned int)2>(ch_est::puschRxChEstStatDescr_t *, ch_est::puschRxChEstDynDescr_t *)"
20752840485,2560,437863,103,1,1,128,1,1,16,0.000,0.000,,,,,NVIDIA A100-SXM4-40GB MIG 4g.20gb (0),1,,13,cupy_copy__complex64_complex64
20752844965,12832,437873,1434,1,1,128,1,1,16,0.000,0.000,,,,,NVIDIA A100-SXM4-40GB MIG 4g.20gb (0),1,,13,cupy_copy__complex64_complex64
20752859813,2496,437880,103,1,1,128,1,1,16,0.000,0.000,,,,,NVIDIA A100-SXM4-40GB MIG 4g.20gb (0),1,,13,cupy_copy__complex64_complex64
20752864133,79839,437887,1,1,1,32,32,1,30,0.000,0.000,,,,,NVIDIA A100-SXM4-40GB MIG 4g.20gb (0),1,,13,"void convert_kernel<__half2, float2>(tensor_layout_any, T1 *, tensor_layout_any, const T2 *)"
20752971972,5472,437890,,,,,,,,,,0.094,17122.757,Pinned,Device,NVIDIA A100-SXM4-40GB MIG 4g.20gb (0),1,,13,[CUDA memcpy Host-to-Device]
20752984259,46720,437891,,,,,,,,,,35.810,766475.528,Device,,NVIDIA A100-SXM4-40GB MIG 4g.20gb (0),1,,13,[CUDA memset]
20753038915,1984,437893,,,,,,,,,,0.000,40.323,Pinned,Device,NVIDIA A100-SXM4-40GB MIG 4g.20gb (0),1,,13,[CUDA memcpy Host-to-Device]
20753043619,9376,437894,,,,,,,,,,0.197,20969.226,Pinned,Device,NVIDIA A100-SXM4-40GB MIG 4g.20gb (0),1,,13,[CUDA memcpy Host-to-Device]
20753056803,8608,437895,273,1,1,48,1,1,40,0.000,0.001,,,,,NVIDIA A100-SXM4-40GB MIG 4g.20gb (0),1,,13,"void pusch_noise_intf_est::noiseIntfEstNoDftSOfdmKernel<float, __half, float, float, (unsigned int)2, (unsigned int)1, (unsigned char)4, (unsigned char)4>(pusch_noise_intf_est::puschRxNoiseIntfEstDynDescr)"
20753067395,2976,437906,35,1,1,128,1,1,16,0.000,0.000,,,,,NVIDIA A100-SXM4-40GB MIG 4g.20gb (0),1,,13,cupy_copy__complex64_complex64
20753093122,1920,437915,1,1,1,1,1,1,18,0.000,0.000,,,,,NVIDIA A100-SXM4-40GB MIG 4g.20gb (0),1,,13,cupy_copy__float32_float32
20753128834,1568,437921,,,,,,,,,,0.000,2.551,Device,Pageable,NVIDIA A100-SXM4-40GB MIG 4g.20gb (0),1,,7,[CUDA memcpy Device-to-Host]
20753188833,13312,437932,1434,1,1,128,1,1,16,0.000,0.000,,,,,NVIDIA A100-SXM4-40GB MIG 4g.20gb (0),1,,13,cupy_copy__complex64_complex64
20753215745,2752,437939,103,1,1,128,1,1,16,0.000,0.000,,,,,NVIDIA A100-SXM4-40GB MIG 4g.20gb (0),1,,13,cupy_copy__complex64_complex64
20753236449,2208,437946,35,1,1,128,1,1,16,0.000,0.000,,,,,NVIDIA A100-SXM4-40GB MIG 4g.20gb (0),1,,13,cupy_copy__complex64_complex64
20753254784,1856,437953,1,1,1,1,1,1,18,0.000,0.000,,,,,NVIDIA A100-SXM4-40GB MIG 4g.20gb (0),1,,13,cupy_copy__float32_float32
20753390783,79359,437964,1,1,1,32,32,1,30,0.000,0.000,,,,,NVIDIA A100-SXM4-40GB MIG 4g.20gb (0),1,,13,"void convert_kernel<__half2, float2>(tensor_layout_any, T1 *, tensor_layout_any, const T2 *)"
20753511774,5344,437967,,,,,,,,,,0.094,17532.864,Pinned,Device,NVIDIA A100-SXM4-40GB MIG 4g.20gb (0),1,,13,[CUDA memcpy Host-to-Device]
20753538781,3232,437968,,,,,,,,,,1.547,478533.199,Device,,NVIDIA A100-SXM4-40GB MIG 4g.20gb (0),1,,13,[CUDA memset]
20753546653,3040,437973,,,,,,,,,,0.031,10294.725,Pinned,Device,NVIDIA A100-SXM4-40GB MIG 4g.20gb (0),1,,13,[CUDA memcpy Host-to-Device]
20753552317,9280,437974,,,,,,,,,,0.197,21186.085,Pinned,Device,NVIDIA A100-SXM4-40GB MIG 4g.20gb (0),1,,13,[CUDA memcpy Host-to-Device]
20753565789,6880,437975,273,1,1,8,4,1,39,0.002,0.000,,,,,NVIDIA A100-SXM4-40GB MIG 4g.20gb (0),1,,13,"void channel_eq::eqMmseCoefCompLowMimoKernel<float, float, float, (unsigned int)4, (unsigned int)1, (unsigned int)4>(const channel_eq::_puschRxChEqStatDescr *, channel_eq::_puschRxChEqCoefCompDynDescr)"
20753574589,6112,437976,273,1,1,12,11,1,51,0.002,0.000,,,,,NVIDIA A100-SXM4-40GB MIG 4g.20gb (0),1,,13,"void channel_eq::eqMmseSoftDemapKernel<float, __half, __half, float, (unsigned int)4, (unsigned short)16383>(channel_eq::_puschRxChEqStatDescr *, channel_eq::_puschRxChEqSoftDemapDynDescr)"
20753582141,282525,437977,1,1,1,32,32,1,30,0.000,0.000,,,,,NVIDIA A100-SXM4-40GB MIG 4g.20gb (0),1,,13,"void convert_kernel<float2, __half2>(tensor_layout_any, T1 *, tensor_layout_any, const T2 *)"
20753866842,10528,437989,2253,1,1,128,1,1,16,0.000,0.000,,,,,NVIDIA A100-SXM4-40GB MIG 4g.20gb (0),1,,13,cupy_copy__float16_float16
20753879897,2816,437998,282,1,1,128,1,1,16,0.000,0.000,,,,,NVIDIA A100-SXM4-40GB MIG 4g.20gb (0),1,,13,cupy_copy__complex64_complex64
20753884857,2080,438007,26,1,1,128,1,1,16,0.000,0.000,,,,,NVIDIA A100-SXM4-40GB MIG 4g.20gb (0),1,,13,cupy_copy__float32_float32
20753888921,2912,438016,103,1,1,128,1,1,16,0.000,0.000,,,,,NVIDIA A100-SXM4-40GB MIG 4g.20gb (0),1,,13,cupy_copy__complex64_complex64
20753893465,11296,438026,1434,1,1,128,1,1,16,0.000,0.000,,,,,NVIDIA A100-SXM4-40GB MIG 4g.20gb (0),1,,13,cupy_copy__complex64_complex64
20753928185,104671,438031,1,1,1,32,32,1,30,0.000,0.000,,,,,NVIDIA A100-SXM4-40GB MIG 4g.20gb (0),1,,13,"void convert_kernel<__half2, float2>(tensor_layout_any, T1 *, tensor_layout_any, const T2 *)"
20754061399,5376,438034,,,,,,,,,,0.094,17428.487,Pinned,Device,NVIDIA A100-SXM4-40GB MIG 4g.20gb (0),1,,13,[CUDA memcpy Host-to-Device]
20754152950,614938,438035,,,,,,,,,,456.561,742368.901,Device,,NVIDIA A100-SXM4-40GB MIG 4g.20gb (0),1,,13,[CUDA memset]
20754772272,50655,438040,,,,,,,,,,1.235,24379.030,Pinned,Device,NVIDIA A100-SXM4-40GB MIG 4g.20gb (0),1,,13,[CUDA memcpy Host-to-Device]
20754825359,9472,438041,,,,,,,,,,0.197,20756.693,Pinned,Device,NVIDIA A100-SXM4-40GB MIG 4g.20gb (0),1,,13,[CUDA memcpy Host-to-Device]
20754842351,19456,438042,69,4,1,48,1,1,76,0.002,0.000,,,,,NVIDIA A100-SXM4-40GB MIG 4g.20gb (0),1,,13,"void ch_est::windowedChEstPreNoDftSOfdmKernel<float, __half, float, (unsigned int)2, (unsigned int)1, (unsigned short)4>(ch_est::puschRxChEstStatDescr_t *, ch_est::puschRxChEstDynDescr_t *)"
20754864719,7199,438043,137,2,1,24,2,1,44,0.001,0.001,,,,,NVIDIA A100-SXM4-40GB MIG 4g.20gb (0),1,,13,"void ch_est::chEstFilterNoDftSOfdmDispatchKernel<float, __half, float, (unsigned int)2>(ch_est::puschRxChEstStatDescr_t *, ch_est::puschRxChEstDynDescr_t *)"
20754875086,6144,438044,137,2,1,24,2,1,44,0.001,0.001,,,,,NVIDIA A100-SXM4-40GB MIG 4g.20gb (0),1,,13,"void ch_est::chEstFilterNoDftSOfdmDispatchKernel<float, __half, float, (unsigned int)2>(ch_est::puschRxChEstStatDescr_t *, ch_est::puschRxChEstDynDescr_t *)"
20754883246,2720,438055,103,1,1,128,1,1,16,0.000,0.000,,,,,NVIDIA A100-SXM4-40GB MIG 4g.20gb (0),1,,13,cupy_copy__complex64_complex64
20754887310,12064,438065,1434,1,1,128,1,1,16,0.000,0.000,,,,,NVIDIA A100-SXM4-40GB MIG 4g.20gb (0),1,,13,cupy_copy__complex64_complex64
20754902062,3008,438072,103,1,1,128,1,1,16,0.000,0.000,,,,,NVIDIA A100-SXM4-40GB MIG 4g.20gb (0),1,,13,cupy_copy__complex64_complex64
20754973645,196286,438079,1,1,1,32,32,1,30,0.000,0.000,,,,,NVIDIA A100-SXM4-40GB MIG 4g.20gb (0),1,,13,"void convert_kernel<__half2, float2>(tensor_layout_any, T1 *, tensor_layout_any, const T2 *)"
20755198187,5376,438082,,,,,,,,,,0.094,17428.487,Pinned,Device,NVIDIA A100-SXM4-40GB MIG 4g.20gb (0),1,,13,[CUDA memcpy Host-to-Device]
20755210667,45215,438083,,,,,,,,,,35.810,791972.191,Device,,NVIDIA A100-SXM4-40GB MIG 4g.20gb (0),1,,13,[CUDA memset]
20755262602,1920,438085,,,,,,,,,,0.000,41.667,Pinned,Device,NVIDIA A100-SXM4-40GB MIG 4g.20gb (0),1,,13,[CUDA memcpy Host-to-Device]
20755266954,9536,438086,,,,,,,,,,0.197,20617.298,Pinned,Device,NVIDIA A100-SXM4-40GB MIG 4g.20gb (0),1,,13,[CUDA memcpy Host-to-Device]
20755281002,8704,438087,273,1,1,48,1,1,40,0.000,0.001,,,,,NVIDIA A100-SXM4-40GB MIG 4g.20gb (0),1,,13,"void pusch_noise_intf_est::noiseIntfEstNoDftSOfdmKernel<float, __half, float, float, (unsigned int)2, (unsigned int)1, (unsigned char)4, (unsigned char)4>(pusch_noise_intf_est::puschRxNoiseIntfEstDynDescr)"
20755291946,2976,438098,35,1,1,128,1,1,16,0.000,0.000,,,,,NVIDIA A100-SXM4-40GB MIG 4g.20gb (0),1,,13,cupy_copy__complex64_complex64
20755316169,1888,438107,1,1,1,1,1,1,18,0.000,0.000,,,,,NVIDIA A100-SXM4-40GB MIG 4g.20gb (0),1,,13,cupy_copy__float32_float32
20755350537,1600,438113,,,,,,,,,,0.000,2.500,Device,Pageable,NVIDIA A100-SXM4-40GB MIG 4g.20gb (0),1,,7,[CUDA memcpy Device-to-Host]
20755409928,13216,438124,1434,1,1,128,1,1,16,0.000,0.000,,,,,NVIDIA A100-SXM4-40GB MIG 4g.20gb (0),1,,13,cupy_copy__complex64_complex64
20755436520,2784,438131,103,1,1,128,1,1,16,0.000,0.000,,,,,NVIDIA A100-SXM4-40GB MIG 4g.20gb (0),1,,13,cupy_copy__complex64_complex64
20755457320,2208,438138,35,1,1,128,1,1,16,0.000,0.000,,,,,NVIDIA A100-SXM4-40GB MIG 4g.20gb (0),1,,13,cupy_copy__complex64_complex64
20755475112,1824,438145,1,1,1,1,1,1,18,0.000,0.000,,,,,NVIDIA A100-SXM4-40GB MIG 4g.20gb (0),1,,13,cupy_copy__float32_float32
20755621286,78879,438156,1,1,1,32,32,1,30,0.000,0.000,,,,,NVIDIA A100-SXM4-40GB MIG 4g.20gb (0),1,,13,"void convert_kernel<__half2, float2>(tensor_layout_any, T1 *, tensor_layout_any, const T2 *)"
20755728645,5440,438159,,,,,,,,,,0.094,17223.480,Pinned,Device,NVIDIA A100-SXM4-40GB MIG 4g.20gb (0),1,,13,[CUDA memcpy Host-to-Device]
20755742853,3200,438160,,,,,,,,,,1.547,483320.000,Device,,NVIDIA A100-SXM4-40GB MIG 4g.20gb (0),1,,13,[CUDA memset]
20755749157,3008,438165,,,,,,,,,,0.031,10404.230,Pinned,Device,NVIDIA A100-SXM4-40GB MIG 4g.20gb (0),1,,13,[CUDA memcpy Host-to-Device]
20755754277,9535,438166,,,,,,,,,,0.197,20619.461,Pinned,Device,NVIDIA A100-SXM4-40GB MIG 4g.20gb (0),1,,13,[CUDA memcpy Host-to-Device]
20755768100,6688,438167,273,1,1,8,4,1,39,0.002,0.000,,,,,NVIDIA A100-SXM4-40GB MIG 4g.20gb (0),1,,13,"void channel_eq::eqMmseCoefCompLowMimoKernel<float, float, float, (unsigned int)4, (unsigned int)1, (unsigned int)4>(const channel_eq::_puschRxChEqStatDescr *, channel_eq::_puschRxChEqCoefCompDynDescr)"
20755776164,6336,438168,273,1,1,12,11,1,51,0.002,0.000,,,,,NVIDIA A100-SXM4-40GB MIG 4g.20gb (0),1,,13,"void channel_eq::eqMmseSoftDemapKernel<float, __half, __half, float, (unsigned int)4, (unsigned short)16383>(channel_eq::_puschRxChEqStatDescr *, channel_eq::_puschRxChEqSoftDemapDynDescr)"
20755783844,281405,438169,1,1,1,32,32,1,30,0.000,0.000,,,,,NVIDIA A100-SXM4-40GB MIG 4g.20gb (0),1,,13,"void convert_kernel<float2, __half2>(tensor_layout_any, T1 *, tensor_layout_any, const T2 *)"
20756066465,10624,438181,2253,1,1,128,1,1,16,0.000,0.000,,,,,NVIDIA A100-SXM4-40GB MIG 4g.20gb (0),1,,13,cupy_copy__float16_float16
20756079265,2784,438190,282,1,1,128,1,1,16,0.000,0.000,,,,,NVIDIA A100-SXM4-40GB MIG 4g.20gb (0),1,,13,cupy_copy__complex64_complex64
20756084161,2112,438199,26,1,1,128,1,1,16,0.000,0.000,,,,,NVIDIA A100-SXM4-40GB MIG 4g.20gb (0),1,,13,cupy_copy__float32_float32
20756088257,2848,438208,103,1,1,128,1,1,16,0.000,0.000,,,,,NVIDIA A100-SXM4-40GB MIG 4g.20gb (0),1,,13,cupy_copy__complex64_complex64
20756093409,11488,438218,1434,1,1,128,1,1,16,0.000,0.000,,,,,NVIDIA A100-SXM4-40GB MIG 4g.20gb (0),1,,13,cupy_copy__complex64_complex64
20756130112,79808,438223,1,1,1,32,32,1,30,0.000,0.000,,,,,NVIDIA A100-SXM4-40GB MIG 4g.20gb (0),1,,13,"void convert_kernel<__half2, float2>(tensor_layout_any, T1 *, tensor_layout_any, const T2 *)"
20756237951,5632,438226,,,,,,,,,,0.094,16636.287,Pinned,Device,NVIDIA A100-SXM4-40GB MIG 4g.20gb (0),1,,13,[CUDA memcpy Host-to-Device]
20756248223,612505,438227,,,,,,,,,,456.561,745108.270,Device,,NVIDIA A100-SXM4-40GB MIG 4g.20gb (0),1,,13,[CUDA memset]
20756865400,50208,438232,,,,,,,,,,1.235,24596.380,Pinned,Device,NVIDIA A100-SXM4-40GB MIG 4g.20gb (0),1,,13,[CUDA memcpy Host-to-Device]
20756918360,11871,438233,,,,,,,,,,0.197,16561.865,Pinned,Device,NVIDIA A100-SXM4-40GB MIG 4g.20gb (0),1,,13,[CUDA memcpy Host-to-Device]
20756959287,18624,438234,69,4,1,48,1,1,76,0.002,0.000,,,,,NVIDIA A100-SXM4-40GB MIG 4g.20gb (0),1,,13,"void ch_est::windowedChEstPreNoDftSOfdmKernel<float, __half, float, (unsigned int)2, (unsigned int)1, (unsigned short)4>(ch_est::puschRxChEstStatDescr_t *, ch_est::puschRxChEstDynDescr_t *)"
20756979543,7136,438235,137,2,1,24,2,1,44,0.001,0.001,,,,,NVIDIA A100-SXM4-40GB MIG 4g.20gb (0),1,,13,"void ch_est::chEstFilterNoDftSOfdmDispatchKernel<float, __half, float, (unsigned int)2>(ch_est::puschRxChEstStatDescr_t *, ch_est::puschRxChEstDynDescr_t *)"
20757033622,17696,438236,137,2,1,24,2,1,44,0.001,0.001,,,,,NVIDIA A100-SXM4-40GB MIG 4g.20gb (0),1,,13,"void ch_est::chEstFilterNoDftSOfdmDispatchKernel<float, __half, float, (unsigned int)2>(ch_est::puschRxChEstStatDescr_t *, ch_est::puschRxChEstDynDescr_t *)"
20757058326,3200,438247,103,1,1,128,1,1,16,0.000,0.000,,,,,NVIDIA A100-SXM4-40GB MIG 4g.20gb (0),1,,13,cupy_copy__complex64_complex64
20757063446,12800,438257,1434,1,1,128,1,1,16,0.000,0.000,,,,,NVIDIA A100-SXM4-40GB MIG 4g.20gb (0),1,,13,cupy_copy__complex64_complex64
20757078358,2528,438264,103,1,1,128,1,1,16,0.000,0.000,,,,,NVIDIA A100-SXM4-40GB MIG 4g.20gb (0),1,,13,cupy_copy__complex64_complex64
20757082454,257533,438271,1,1,1,32,32,1,30,0.000,0.000,,,,,NVIDIA A100-SXM4-40GB MIG 4g.20gb (0),1,,13,"void convert_kernel<__half2, float2>(tensor_layout_any, T1 *, tensor_layout_any, const T2 *)"
20757373203,6303,438274,,,,,,,,,,0.094,14865.245,Pinned,Device,NVIDIA A100-SXM4-40GB MIG 4g.20gb (0),1,,13,[CUDA memcpy Host-to-Device]
20757434514,63103,438275,,,,,,,,,,35.810,567479.802,Device,,NVIDIA A100-SXM4-40GB MIG 4g.20gb (0),1,,13,[CUDA memset]
20757504529,2272,438277,,,,,,,,,,0.000,35.211,Pinned,Device,NVIDIA A100-SXM4-40GB MIG 4g.20gb (0),1,,13,[CUDA memcpy Host-to-Device]
20757510449,10112,438278,,,,,,,,,,0.197,19442.958,Pinned,Device,NVIDIA A100-SXM4-40GB MIG 4g.20gb (0),1,,13,[CUDA memcpy Host-to-Device]
20757545521,21439,438279,273,1,1,48,1,1,40,0.000,0.001,,,,,NVIDIA A100-SXM4-40GB MIG 4g.20gb (0),1,,13,"void pusch_noise_intf_est::noiseIntfEstNoDftSOfdmKernel<float, __half, float, float, (unsigned int)2, (unsigned int)1, (unsigned char)4, (unsigned char)4>(pusch_noise_intf_est::puschRxNoiseIntfEstDynDescr)"
20757615760,14880,438290,35,1,1,128,1,1,16,0.000,0.000,,,,,NVIDIA A100-SXM4-40GB MIG 4g.20gb (0),1,,13,cupy_copy__complex64_complex64
20757632368,4192,438299,1,1,1,1,1,1,18,0.000,0.000,,,,,NVIDIA A100-SXM4-40GB MIG 4g.20gb (0),1,,13,cupy_copy__float32_float32
20757638960,2112,438305,,,,,,,,,,0.000,1.894,Device,Pageable,NVIDIA A100-SXM4-40GB MIG 4g.20gb (0),1,,7,[CUDA memcpy Device-to-Host]
20757707983,15936,438316,1434,1,1,128,1,1,16,0.000,0.000,,,,,NVIDIA A100-SXM4-40GB MIG 4g.20gb (0),1,,13,cupy_copy__complex64_complex64
20757730543,3360,438323,103,1,1,128,1,1,16,0.000,0.000,,,,,NVIDIA A100-SXM4-40GB MIG 4g.20gb (0),1,,13,cupy_copy__complex64_complex64
20757750670,2464,438330,35,1,1,128,1,1,16,0.000,0.000,,,,,NVIDIA A100-SXM4-40GB MIG 4g.20gb (0),1,,13,cupy_copy__complex64_complex64
20757815918,8288,438337,1,1,1,1,1,1,18,0.000,0.000,,,,,NVIDIA A100-SXM4-40GB MIG 4g.20gb (0),1,,13,cupy_copy__float32_float32
20757982124,492378,438348,1,1,1,32,32,1,30,0.000,0.000,,,,,NVIDIA A100-SXM4-40GB MIG 4g.20gb (0),1,,13,"void convert_kernel<__half2, float2>(tensor_layout_any, T1 *, tensor_layout_any, const T2 *)"
20758503078,5440,438351,,,,,,,,,,0.094,17223.480,Pinned,Device,NVIDIA A100-SXM4-40GB MIG 4g.20gb (0),1,,13,[CUDA memcpy Host-to-Device]
20758517446,3616,438352,,,,,,,,,,1.547,427715.774,Device,,NVIDIA A100-SXM4-40GB MIG 4g.20gb (0),1,,13,[CUDA memset]
20758524422,3008,438357,,,,,,,,,,0.031,10404.230,Pinned,Device,NVIDIA A100-SXM4-40GB MIG 4g.20gb (0),1,,13,[CUDA memcpy Host-to-Device]
20758529862,10016,438358,,,,,,,,,,0.197,19629.343,Pinned,Device,NVIDIA A100-SXM4-40GB MIG 4g.20gb (0),1,,13,[CUDA memcpy Host-to-Device]
20758543685,7168,438359,273,1,1,8,4,1,39,0.002,0.000,,,,,NVIDIA A100-SXM4-40GB MIG 4g.20gb (0),1,,13,"void channel_eq::eqMmseCoefCompLowMimoKernel<float, float, float, (unsigned int)4, (unsigned int)1, (unsigned int)4>(const channel_eq::_puschRxChEqStatDescr *, channel_eq::_puschRxChEqCoefCompDynDescr)"
20758552645,7488,438360,273,1,1,12,11,1,51,0.002,0.000,,,,,NVIDIA A100-SXM4-40GB MIG 4g.20gb (0),1,,13,"void channel_eq::eqMmseSoftDemapKernel<float, __half, __half, float, (unsigned int)4, (unsigned short)16383>(channel_eq::_puschRxChEqStatDescr *, channel_eq::_puschRxChEqSoftDemapDynDescr)"
20758561381,281853,438361,1,1,1,32,32,1,30,0.000,0.000,,,,,NVIDIA A100-SXM4-40GB MIG 4g.20gb (0),1,,13,"void convert_kernel<float2, __half2>(tensor_layout_any, T1 *, tensor_layout_any, const T2 *)"
20758845026,10368,438373,2253,1,1,128,1,1,16,0.000,0.000,,,,,NVIDIA A100-SXM4-40GB MIG 4g.20gb (0),1,,13,cupy_copy__float16_float16
20758857602,2848,438382,282,1,1,128,1,1,16,0.000,0.000,,,,,NVIDIA A100-SXM4-40GB MIG 4g.20gb (0),1,,13,cupy_copy__complex64_complex64
20758862498,2080,438391,26,1,1,128,1,1,16,0.000,0.000,,,,,NVIDIA A100-SXM4-40GB MIG 4g.20gb (0),1,,13,cupy_copy__float32_float32
20758866082,2944,438400,103,1,1,128,1,1,16,0.000,0.000,,,,,NVIDIA A100-SXM4-40GB MIG 4g.20gb (0),1,,13,cupy_copy__complex64_complex64
20758871170,11840,438410,1434,1,1,128,1,1,16,0.000,0.000,,,,,NVIDIA A100-SXM4-40GB MIG 4g.20gb (0),1,,13,cupy_copy__complex64_complex64
20758898818,80191,438415,1,1,1,32,32,1,30,0.000,0.000,,,,,NVIDIA A100-SXM4-40GB MIG 4g.20gb (0),1,,13,"void convert_kernel<__half2, float2>(tensor_layout_any, T1 *, tensor_layout_any, const T2 *)"
20759008128,5344,438418,,,,,,,,,,0.094,17532.864,Pinned,Device,NVIDIA A100-SXM4-40GB MIG 4g.20gb (0),1,,13,[CUDA memcpy Host-to-Device]
20759018464,609785,438419,,,,,,,,,,456.561,748304.200,Device,,NVIDIA A100-SXM4-40GB MIG 4g.20gb (0),1,,13,[CUDA memset]
20759631961,49632,438424,,,,,,,,,,1.235,24881.652,Pinned,Device,NVIDIA A100-SXM4-40GB MIG 4g.20gb (0),1,,13,[CUDA memcpy Host-to-Device]
20759685081,9280,438425,,,,,,,,,,0.197,21186.085,Pinned,Device,NVIDIA A100-SXM4-40GB MIG 4g.20gb (0),1,,13,[CUDA memcpy Host-to-Device]
20759729496,18432,438426,69,4,1,48,1,1,76,0.002,0.000,,,,,NVIDIA A100-SXM4-40GB MIG 4g.20gb (0),1,,13,"void ch_est::windowedChEstPreNoDftSOfdmKernel<float, __half, float, (unsigned int)2, (unsigned int)1, (unsigned short)4>(ch_est::puschRxChEstStatDescr_t *, ch_est::puschRxChEstDynDescr_t *)"
20759749496,7136,438427,137,2,1,24,2,1,44,0.001,0.001,,,,,NVIDIA A100-SXM4-40GB MIG 4g.20gb (0),1,,13,"void ch_est::chEstFilterNoDftSOfdmDispatchKernel<float, __half, float, (unsigned int)2>(ch_est::puschRxChEstStatDescr_t *, ch_est::puschRxChEstDynDescr_t *)"
20759804087,16224,438428,137,2,1,24,2,1,44,0.001,0.001,,,,,NVIDIA A100-SXM4-40GB MIG 4g.20gb (0),1,,13,"void ch_est::chEstFilterNoDftSOfdmDispatchKernel<float, __half, float, (unsigned int)2>(ch_est::puschRxChEstStatDescr_t *, ch_est::puschRxChEstDynDescr_t *)"
20759826999,3200,438439,103,1,1,128,1,1,16,0.000,0.000,,,,,NVIDIA A100-SXM4-40GB MIG 4g.20gb (0),1,,13,cupy_copy__complex64_complex64
20759831799,12992,438449,1434,1,1,128,1,1,16,0.000,0.000,,,,,NVIDIA A100-SXM4-40GB MIG 4g.20gb (0),1,,13,cupy_copy__complex64_complex64
20759846007,2496,438456,103,1,1,128,1,1,16,0.000,0.000,,,,,NVIDIA A100-SXM4-40GB MIG 4g.20gb (0),1,,13,cupy_copy__complex64_complex64
20759850039,80127,438463,1,1,1,32,32,1,30,0.000,0.000,,,,,NVIDIA A100-SXM4-40GB MIG 4g.20gb (0),1,,13,"void convert_kernel<__half2, float2>(tensor_layout_any, T1 *, tensor_layout_any, const T2 *)"
20759965654,11327,438466,,,,,,,,,,0.094,8271.858,Pinned,Device,NVIDIA A100-SXM4-40GB MIG 4g.20gb (0),1,,13,[CUDA memcpy Host-to-Device]
20759984565,60608,438467,,,,,,,,,,35.810,590827.870,Device,,NVIDIA A100-SXM4-40GB MIG 4g.20gb (0),1,,13,[CUDA memset]
20760046293,1952,438469,,,,,,,,,,0.000,40.984,Pinned,Device,NVIDIA A100-SXM4-40GB MIG 4g.20gb (0),1,,13,[CUDA memcpy Host-to-Device]
20760053205,9920,438470,,,,,,,,,,0.197,19819.266,Pinned,Device,NVIDIA A100-SXM4-40GB MIG 4g.20gb (0),1,,13,[CUDA memcpy Host-to-Device]
20760086772,20544,438471,273,1,1,48,1,1,40,0.000,0.001,,,,,NVIDIA A100-SXM4-40GB MIG 4g.20gb (0),1,,13,"void pusch_noise_intf_est::noiseIntfEstNoDftSOfdmKernel<float, __half, float, float, (unsigned int)2, (unsigned int)1, (unsigned char)4, (unsigned char)4>(pusch_noise_intf_est::puschRxNoiseIntfEstDynDescr)"
20760155060,11359,438482,35,1,1,128,1,1,16,0.000,0.000,,,,,NVIDIA A100-SXM4-40GB MIG 4g.20gb (0),1,,13,cupy_copy__complex64_complex64
20760170227,2720,438491,1,1,1,1,1,1,18,0.000,0.000,,,,,NVIDIA A100-SXM4-40GB MIG 4g.20gb (0),1,,13,cupy_copy__float32_float32
20760174515,3456,438497,,,,,,,,,,0.000,1.157,Device,Pageable,NVIDIA A100-SXM4-40GB MIG 4g.20gb (0),1,,7,[CUDA memcpy Device-to-Host]
20760245107,14975,438508,1434,1,1,128,1,1,16,0.000,0.000,,,,,NVIDIA A100-SXM4-40GB MIG 4g.20gb (0),1,,13,cupy_copy__complex64_complex64
20760301298,12320,438515,103,1,1,128,1,1,16,0.000,0.000,,,,,NVIDIA A100-SXM4-40GB MIG 4g.20gb (0),1,,13,cupy_copy__complex64_complex64
20760317970,2784,438522,35,1,1,128,1,1,16,0.000,0.000,,,,,NVIDIA A100-SXM4-40GB MIG 4g.20gb (0),1,,13,cupy_copy__complex64_complex64
20760370097,11360,438529,1,1,1,1,1,1,18,0.000,0.000,,,,,NVIDIA A100-SXM4-40GB MIG 4g.20gb (0),1,,13,cupy_copy__float32_float32
20760465360,238493,438540,1,1,1,32,32,1,30,0.000,0.000,,,,,NVIDIA A100-SXM4-40GB MIG 4g.20gb (0),1,,13,"void convert_kernel<__half2, float2>(tensor_layout_any, T1 *, tensor_layout_any, const T2 *)"
20760734157,8704,438543,,,,,,,,,,0.094,10764.640,Pinned,Device,NVIDIA A100-SXM4-40GB MIG 4g.20gb (0),1,,13,[CUDA memcpy Host-to-Device]
20760898667,14560,438544,,,,,,,,,,1.547,106223.683,Device,,NVIDIA A100-SXM4-40GB MIG 4g.20gb (0),1,,13,[CUDA memset]
20760917771,3040,438549,,,,,,,,,,0.031,10294.725,Pinned,Device,NVIDIA A100-SXM4-40GB MIG 4g.20gb (0),1,,13,[CUDA memcpy Host-to-Device]
20760924363,13536,438550,,,,,,,,,,0.197,14524.809,Pinned,Device,NVIDIA A100-SXM4-40GB MIG 4g.20gb (0),1,,13,[CUDA memcpy Host-to-Device]
20761251303,17472,438551,273,1,1,8,4,1,39,0.002,0.000,,,,,NVIDIA A100-SXM4-40GB MIG 4g.20gb (0),1,,13,"void channel_eq::eqMmseCoefCompLowMimoKernel<float, float, float, (unsigned int)4, (unsigned int)1, (unsigned int)4>(const channel_eq::_puschRxChEqStatDescr *, channel_eq::_puschRxChEqCoefCompDynDescr)"
20761317351,21887,438552,273,1,1,12,11,1,51,0.002,0.000,,,,,NVIDIA A100-SXM4-40GB MIG 4g.20gb (0),1,,13,"void channel_eq::eqMmseSoftDemapKernel<float, __half, __half, float, (unsigned int)4, (unsigned short)16383>(channel_eq::_puschRxChEqStatDescr *, channel_eq::_puschRxChEqSoftDemapDynDescr)"
20761387558,676152,438553,1,1,1,32,32,1,30,0.000,0.000,,,,,NVIDIA A100-SXM4-40GB MIG 4g.20gb (0),1,,13,"void convert_kernel<float2, __half2>(tensor_layout_any, T1 *, tensor_layout_any, const T2 *)"
20762066046,11808,438565,2253,1,1,128,1,1,16,0.000,0.000,,,,,NVIDIA A100-SXM4-40GB MIG 4g.20gb (0),1,,13,cupy_copy__float16_float16
20762079710,3552,438574,282,1,1,128,1,1,16,0.000,0.000,,,,,NVIDIA A100-SXM4-40GB MIG 4g.20gb (0),1,,13,cupy_copy__complex64_complex64
20762085438,2336,438583,26,1,1,128,1,1,16,0.000,0.000,,,,,NVIDIA A100-SXM4-40GB MIG 4g.20gb (0),1,,13,cupy_copy__float32_float32
20762090110,3168,438592,103,1,1,128,1,1,16,0.000,0.000,,,,,NVIDIA A100-SXM4-40GB MIG 4g.20gb (0),1,,13,cupy_copy__complex64_complex64
20762094782,11904,438602,1434,1,1,128,1,1,16,0.000,0.000,,,,,NVIDIA A100-SXM4-40GB MIG 4g.20gb (0),1,,13,cupy_copy__complex64_complex64
20762108734,79775,438607,1,1,1,32,32,1,30,0.000,0.000,,,,,NVIDIA A100-SXM4-40GB MIG 4g.20gb (0),1,,13,"void convert_kernel<__half2, float2>(tensor_layout_any, T1 *, tensor_layout_any, const T2 *)"
20762217437,5375,438610,,,,,,,,,,0.094,17431.766,Pinned,Device,NVIDIA A100-SXM4-40GB MIG 4g.20gb (0),1,,13,[CUDA memcpy Host-to-Device]
20762227100,612442,438611,,,,,,,,,,456.561,745108.270,Device,,NVIDIA A100-SXM4-40GB MIG 4g.20gb (0),1,,13,[CUDA memset]
20762848309,50272,438616,,,,,,,,,,1.235,24564.271,Pinned,Device,NVIDIA A100-SXM4-40GB MIG 4g.20gb (0),1,,13,[CUDA memcpy Host-to-Device]
20762901013,10560,438617,,,,,,,,,,0.197,18617.991,Pinned,Device,NVIDIA A100-SXM4-40GB MIG 4g.20gb (0),1,,13,[CUDA memcpy Host-to-Device]
20762950676,13792,438618,69,4,1,48,1,1,76,0.002,0.000,,,,,NVIDIA A100-SXM4-40GB MIG 4g.20gb (0),1,,13,"void ch_est::windowedChEstPreNoDftSOfdmKernel<float, __half, float, (unsigned int)2, (unsigned int)1, (unsigned short)4>(ch_est::puschRxChEstStatDescr_t *, ch_est::puschRxChEstDynDescr_t *)"
20762966260,6656,438619,137,2,1,24,2,1,44,0.001,0.001,,,,,NVIDIA A100-SXM4-40GB MIG 4g.20gb (0),1,,13,"void ch_est::chEstFilterNoDftSOfdmDispatchKernel<float, __half, float, (unsigned int)2>(ch_est::puschRxChEstStatDescr_t *, ch_est::puschRxChEstDynDescr_t *)"
20763026323,11936,438620,137,2,1,24,2,1,44,0.001,0.001,,,,,NVIDIA A100-SXM4-40GB MIG 4g.20gb (0),1,,13,"void ch_est::chEstFilterNoDftSOfdmDispatchKernel<float, __half, float, (unsigned int)2>(ch_est::puschRxChEstStatDescr_t *, ch_est::puschRxChEstDynDescr_t *)"
20763041299,5824,438631,103,1,1,128,1,1,16,0.000,0.000,,,,,NVIDIA A100-SXM4-40GB MIG 4g.20gb (0),1,,13,cupy_copy__complex64_complex64
20763047827,12864,438641,1434,1,1,128,1,1,16,0.000,0.000,,,,,NVIDIA A100-SXM4-40GB MIG 4g.20gb (0),1,,13,cupy_copy__complex64_complex64
20763062323,2496,438648,103,1,1,128,1,1,16,0.000,0.000,,,,,NVIDIA A100-SXM4-40GB MIG 4g.20gb (0),1,,13,cupy_copy__complex64_complex64
20763066355,218334,438655,1,1,1,32,32,1,30,0.000,0.000,,,,,NVIDIA A100-SXM4-40GB MIG 4g.20gb (0),1,,13,"void convert_kernel<__half2, float2>(tensor_layout_any, T1 *, tensor_layout_any, const T2 *)"
20763317456,6304,438658,,,,,,,,,,0.094,14862.903,Pinned,Device,NVIDIA A100-SXM4-40GB MIG 4g.20gb (0),1,,13,[CUDA memcpy Host-to-Device]
20763365520,59167,438659,,,,,,,,,,35.810,605223.458,Device,,NVIDIA A100-SXM4-40GB MIG 4g.20gb (0),1,,13,[CUDA memset]
20763430095,1856,438661,,,,,,,,,,0.000,43.103,Pinned,Device,NVIDIA A100-SXM4-40GB MIG 4g.20gb (0),1,,13,[CUDA memcpy Host-to-Device]
20763434543,11488,438662,,,,,,,,,,0.197,17114.137,Pinned,Device,NVIDIA A100-SXM4-40GB MIG 4g.20gb (0),1,,13,[CUDA memcpy Host-to-Device]
20763486350,18560,438663,273,1,1,48,1,1,40,0.000,0.001,,,,,NVIDIA A100-SXM4-40GB MIG 4g.20gb (0),1,,13,"void pusch_noise_intf_est::noiseIntfEstNoDftSOfdmKernel<float, __half, float, float, (unsigned int)2, (unsigned int)1, (unsigned char)4, (unsigned char)4>(pusch_noise_intf_est::puschRxNoiseIntfEstDynDescr)"
20763563661,10528,438674,35,1,1,128,1,1,16,0.000,0.000,,,,,NVIDIA A100-SXM4-40GB MIG 4g.20gb (0),1,,13,cupy_copy__complex64_complex64
20763903914,7168,438683,1,1,1,1,1,1,18,0.000,0.000,,,,,NVIDIA A100-SXM4-40GB MIG 4g.20gb (0),1,,13,cupy_copy__float32_float32
20763916010,1824,438689,,,,,,,,,,0.000,2.193,Device,Pageable,NVIDIA A100-SXM4-40GB MIG 4g.20gb (0),1,,7,[CUDA memcpy Device-to-Host]
20764248614,20992,438700,1434,1,1,128,1,1,16,0.000,0.000,,,,,NVIDIA A100-SXM4-40GB MIG 4g.20gb (0),1,,13,cupy_copy__complex64_complex64
20764272838,5280,438707,103,1,1,128,1,1,16,0.000,0.000,,,,,NVIDIA A100-SXM4-40GB MIG 4g.20gb (0),1,,13,cupy_copy__complex64_complex64
20764278822,2623,438714,35,1,1,128,1,1,16,0.000,0.000,,,,,NVIDIA A100-SXM4-40GB MIG 4g.20gb (0),1,,13,cupy_copy__complex64_complex64
20764283717,2208,438721,1,1,1,1,1,1,18,0.000,0.000,,,,,NVIDIA A100-SXM4-40GB MIG 4g.20gb (0),1,,13,cupy_copy__float32_float32
20764287717,79936,438732,1,1,1,32,32,1,30,0.000,0.000,,,,,NVIDIA A100-SXM4-40GB MIG 4g.20gb (0),1,,13,"void convert_kernel<__half2, float2>(tensor_layout_any, T1 *, tensor_layout_any, const T2 *)"
20764452292,5408,438735,,,,,,,,,,0.094,17325.421,Pinned,Device,NVIDIA A100-SXM4-40GB MIG 4g.20gb (0),1,,13,[CUDA memcpy Host-to-Device]
20764462019,3264,438736,,,,,,,,,,1.547,473842.288,Device,,NVIDIA A100-SXM4-40GB MIG 4g.20gb (0),1,,13,[CUDA memset]
20764470435,3232,438741,,,,,,,,,,0.031,9683.139,Pinned,Device,NVIDIA A100-SXM4-40GB MIG 4g.20gb (0),1,,13,[CUDA memcpy Host-to-Device]
20764476259,9600,438742,,,,,,,,,,0.197,20479.869,Pinned,Device,NVIDIA A100-SXM4-40GB MIG 4g.20gb (0),1,,13,[CUDA memcpy Host-to-Device]
20764490691,6752,438743,273,1,1,8,4,1,39,0.002,0.000,,,,,NVIDIA A100-SXM4-40GB MIG 4g.20gb (0),1,,13,"void channel_eq::eqMmseCoefCompLowMimoKernel<float, float, float, (unsigned int)4, (unsigned int)1, (unsigned int)4>(const channel_eq::_puschRxChEqStatDescr *, channel_eq::_puschRxChEqCoefCompDynDescr)"
20764499939,6528,438744,273,1,1,12,11,1,51,0.002,0.000,,,,,NVIDIA A100-SXM4-40GB MIG 4g.20gb (0),1,,13,"void channel_eq::eqMmseSoftDemapKernel<float, __half, __half, float, (unsigned int)4, (unsigned short)16383>(channel_eq::_puschRxChEqStatDescr *, channel_eq::_puschRxChEqSoftDemapDynDescr)"
20764509283,742296,438745,1,1,1,32,32,1,30,0.000,0.000,,,,,NVIDIA A100-SXM4-40GB MIG 4g.20gb (0),1,,13,"void convert_kernel<float2, __half2>(tensor_layout_any, T1 *, tensor_layout_any, const T2 *)"
20765346490,20447,438757,2253,1,1,128,1,1,16,0.000,0.000,,,,,NVIDIA A100-SXM4-40GB MIG 4g.20gb (0),1,,13,cupy_copy__float16_float16
20765466008,12160,438766,282,1,1,128,1,1,16,0.000,0.000,,,,,NVIDIA A100-SXM4-40GB MIG 4g.20gb (0),1,,13,cupy_copy__complex64_complex64
20765578487,10016,438775,26,1,1,128,1,1,16,0.000,0.000,,,,,NVIDIA A100-SXM4-40GB MIG 4g.20gb (0),1,,13,cupy_copy__float32_float32
20765594167,4032,438784,103,1,1,128,1,1,16,0.000,0.000,,,,,NVIDIA A100-SXM4-40GB MIG 4g.20gb (0),1,,13,cupy_copy__complex64_complex64
20765655478,22272,438794,1434,1,1,128,1,1,16,0.000,0.000,,,,,NVIDIA A100-SXM4-40GB MIG 4g.20gb (0),1,,13,cupy_copy__complex64_complex64
20765734869,431259,438799,1,1,1,32,32,1,30,0.000,0.000,,,,,NVIDIA A100-SXM4-40GB MIG 4g.20gb (0),1,,13,"void convert_kernel<__half2, float2>(tensor_layout_any, T1 *, tensor_layout_any, const T2 *)"
20766202128,8288,438802,,,,,,,,,,0.094,11304.985,Pinned,Device,NVIDIA A100-SXM4-40GB MIG 4g.20gb (0),1,,13,[CUDA memcpy Host-to-Device]
20766217456,616761,438803,,,,,,,,,,456.561,740086.094,Device,,NVIDIA A100-SXM4-40GB MIG 4g.20gb (0),1,,13,[CUDA memset]
20766837097,50975,438808,,,,,,,,,,1.235,24225.896,Pinned,Device,NVIDIA A100-SXM4-40GB MIG 4g.20gb (0),1,,13,[CUDA memcpy Host-to-Device]
20766891400,10048,438809,,,,,,,,,,0.197,19566.821,Pinned,Device,NVIDIA A100-SXM4-40GB MIG 4g.20gb (0),1,,13,[CUDA memcpy Host-to-Device]
20767048135,16607,438810,69,4,1,48,1,1,76,0.002,0.000,,,,,NVIDIA A100-SXM4-40GB MIG 4g.20gb (0),1,,13,"void ch_est::windowedChEstPreNoDftSOfdmKernel<float, __half, float, (unsigned int)2, (unsigned int)1, (unsigned short)4>(ch_est::puschRxChEstStatDescr_t *, ch_est::puschRxChEstDynDescr_t *)"
20767106694,12480,438811,137,2,1,24,2,1,44,0.001,0.001,,,,,NVIDIA A100-SXM4-40GB MIG 4g.20gb (0),1,,13,"void ch_est::chEstFilterNoDftSOfdmDispatchKernel<float, __half, float, (unsigned int)2>(ch_est::puschRxChEstStatDescr_t *, ch_est::puschRxChEstDynDescr_t *)"
20767336675,12512,438812,137,2,1,24,2,1,44,0.001,0.001,,,,,NVIDIA A100-SXM4-40GB MIG 4g.20gb (0),1,,13,"void ch_est::chEstFilterNoDftSOfdmDispatchKernel<float, __half, float, (unsigned int)2>(ch_est::puschRxChEstStatDescr_t *, ch_est::puschRxChEstDynDescr_t *)"
20767403619,9728,438823,103,1,1,128,1,1,16,0.000,0.000,,,,,NVIDIA A100-SXM4-40GB MIG 4g.20gb (0),1,,13,cupy_copy__complex64_complex64
20767418083,16415,438833,1434,1,1,128,1,1,16,0.000,0.000,,,,,NVIDIA A100-SXM4-40GB MIG 4g.20gb (0),1,,13,cupy_copy__complex64_complex64
20767480034,9344,438840,103,1,1,128,1,1,16,0.000,0.000,,,,,NVIDIA A100-SXM4-40GB MIG 4g.20gb (0),1,,13,cupy_copy__complex64_complex64
20767491330,184510,438847,1,1,1,32,32,1,30,0.000,0.000,,,,,NVIDIA A100-SXM4-40GB MIG 4g.20gb (0),1,,13,"void convert_kernel<__half2, float2>(tensor_layout_any, T1 *, tensor_layout_any, const T2 *)"
20767709535,5376,438850,,,,,,,,,,0.094,17428.487,Pinned,Device,NVIDIA A100-SXM4-40GB MIG 4g.20gb (0),1,,13,[CUDA memcpy Host-to-Device]
20767723711,47680,438851,,,,,,,,,,35.810,751041.452,Device,,NVIDIA A100-SXM4-40GB MIG 4g.20gb (0),1,,13,[CUDA memset]
20767778206,1888,438853,,,,,,,,,,0.000,42.373,Pinned,Device,NVIDIA A100-SXM4-40GB MIG 4g.20gb (0),1,,13,[CUDA memcpy Host-to-Device]
20767782750,9568,438854,,,,,,,,,,0.197,20548.485,Pinned,Device,NVIDIA A100-SXM4-40GB MIG 4g.20gb (0),1,,13,[CUDA memcpy Host-to-Device]
20767804510,8992,438855,273,1,1,48,1,1,40,0.000,0.001,,,,,NVIDIA A100-SXM4-40GB MIG 4g.20gb (0),1,,13,"void pusch_noise_intf_est::noiseIntfEstNoDftSOfdmKernel<float, __half, float, float, (unsigned int)2, (unsigned int)1, (unsigned char)4, (unsigned char)4>(pusch_noise_intf_est::puschRxNoiseIntfEstDynDescr)"
20767815230,2848,438866,35,1,1,128,1,1,16,0.000,0.000,,,,,NVIDIA A100-SXM4-40GB MIG 4g.20gb (0),1,,13,cupy_copy__complex64_complex64
20767835742,1888,438875,1,1,1,1,1,1,18,0.000,0.000,,,,,NVIDIA A100-SXM4-40GB MIG 4g.20gb (0),1,,13,cupy_copy__float32_float32
20767884829,1664,438881,,,,,,,,,,0.000,2.404,Device,Pageable,NVIDIA A100-SXM4-40GB MIG 4g.20gb (0),1,,7,[CUDA memcpy Device-to-Host]
20767958524,13920,438892,1434,1,1,128,1,1,16,0.000,0.000,,,,,NVIDIA A100-SXM4-40GB MIG 4g.20gb (0),1,,13,cupy_copy__complex64_complex64
20768015260,9280,438899,103,1,1,128,1,1,16,0.000,0.000,,,,,NVIDIA A100-SXM4-40GB MIG 4g.20gb (0),1,,13,cupy_copy__complex64_complex64
20768026012,3104,438906,35,1,1,128,1,1,16,0.000,0.000,,,,,NVIDIA A100-SXM4-40GB MIG 4g.20gb (0),1,,13,cupy_copy__complex64_complex64
20768030492,4416,438913,1,1,1,1,1,1,18,0.000,0.000,,,,,NVIDIA A100-SXM4-40GB MIG 4g.20gb (0),1,,13,cupy_copy__float32_float32
20768214202,676152,438924,1,1,1,32,32,1,30,0.000,0.000,,,,,NVIDIA A100-SXM4-40GB MIG 4g.20gb (0),1,,13,"void convert_kernel<__half2, float2>(tensor_layout_any, T1 *, tensor_layout_any, const T2 *)"
20768920818,6112,438927,,,,,,,,,,0.094,15329.790,Pinned,Device,NVIDIA A100-SXM4-40GB MIG 4g.20gb (0),1,,13,[CUDA memcpy Host-to-Device]
20768979825,9152,438928,,,,,,,,,,1.547,168991.871,Device,,NVIDIA A100-SXM4-40GB MIG 4g.20gb (0),1,,13,[CUDA memset]
20768989809,3200,438933,,,,,,,,,,0.031,9780.000,Pinned,Device,NVIDIA A100-SXM4-40GB MIG 4g.20gb (0),1,,13,[CUDA memcpy Host-to-Device]
20768996017,9792,438934,,,,,,,,,,0.197,20078.395,Pinned,Device,NVIDIA A100-SXM4-40GB MIG 4g.20gb (0),1,,13,[CUDA memcpy Host-to-Device]
20769101232,26495,438935,273,1,1,8,4,1,39,0.002,0.000,,,,,NVIDIA A100-SXM4-40GB MIG 4g.20gb (0),1,,13,"void channel_eq::eqMmseCoefCompLowMimoKernel<float, float, float, (unsigned int)4, (unsigned int)1, (unsigned int)4>(const channel_eq::_puschRxChEqStatDescr *, channel_eq::_puschRxChEqCoefCompDynDescr)"
20769213486,24000,438936,273,1,1,12,11,1,51,0.002,0.000,,,,,NVIDIA A100-SXM4-40GB MIG 4g.20gb (0),1,,13,"void channel_eq::eqMmseSoftDemapKernel<float, __half, __half, float, (unsigned int)4, (unsigned short)16383>(channel_eq::_puschRxChEqStatDescr *, channel_eq::_puschRxChEqSoftDemapDynDescr)"
20769294478,806423,438937,1,1,1,32,32,1,30,0.000,0.000,,,,,NVIDIA A100-SXM4-40GB MIG 4g.20gb (0),1,,13,"void convert_kernel<float2, __half2>(tensor_layout_any, T1 *, tensor_layout_any, const T2 *)"
20770181476,20191,438949,2253,1,1,128,1,1,16,0.000,0.000,,,,,NVIDIA A100-SXM4-40GB MIG 4g.20gb (0),1,,13,cupy_copy__float16_float16
20770204387,3648,438958,282,1,1,128,1,1,16,0.000,0.000,,,,,NVIDIA A100-SXM4-40GB MIG 4g.20gb (0),1,,13,cupy_copy__complex64_complex64
20770213635,3488,438967,26,1,1,128,1,1,16,0.000,0.000,,,,,NVIDIA A100-SXM4-40GB MIG 4g.20gb (0),1,,13,cupy_copy__float32_float32
20770360546,11072,438976,103,1,1,128,1,1,16,0.000,0.000,,,,,NVIDIA A100-SXM4-40GB MIG 4g.20gb (0),1,,13,cupy_copy__complex64_complex64
20770373154,16831,438986,1434,1,1,128,1,1,16,0.000,0.000,,,,,NVIDIA A100-SXM4-40GB MIG 4g.20gb (0),1,,13,cupy_copy__complex64_complex64
20770392673,79615,438991,1,1,1,32,32,1,30,0.000,0.000,,,,,NVIDIA A100-SXM4-40GB MIG 4g.20gb (0),1,,13,"void convert_kernel<__half2, float2>(tensor_layout_any, T1 *, tensor_layout_any, const T2 *)"
20770502656,5344,438994,,,,,,,,,,0.094,17532.864,Pinned,Device,NVIDIA A100-SXM4-40GB MIG 4g.20gb (0),1,,13,[CUDA memcpy Host-to-Device]
20770513088,607673,438995,,,,,,,,,,456.561,751043.569,Device,,NVIDIA A100-SXM4-40GB MIG 4g.20gb (0),1,,13,[CUDA memset]
20771129881,50240,439000,,,,,,,,,,1.235,24580.325,Pinned,Device,NVIDIA A100-SXM4-40GB MIG 4g.20gb (0),1,,13,[CUDA memcpy Host-to-Device]
20771182809,9823,439001,,,,,,,,,,0.197,20014.891,Pinned,Device,NVIDIA A100-SXM4-40GB MIG 4g.20gb (0),1,,13,[CUDA memcpy Host-to-Device]
20771250104,10880,439002,69,4,1,48,1,1,76,0.002,0.000,,,,,NVIDIA A100-SXM4-40GB MIG 4g.20gb (0),1,,13,"void ch_est::windowedChEstPreNoDftSOfdmKernel<float, __half, float, (unsigned int)2, (unsigned int)1, (unsigned short)4>(ch_est::puschRxChEstStatDescr_t *, ch_est::puschRxChEstDynDescr_t *)"
20771336055,11296,439003,137,2,1,24,2,1,44,0.001,0.001,,,,,NVIDIA A100-SXM4-40GB MIG 4g.20gb (0),1,,13,"void ch_est::chEstFilterNoDftSOfdmDispatchKernel<float, __half, float, (unsigned int)2>(ch_est::puschRxChEstStatDescr_t *, ch_est::puschRxChEstDynDescr_t *)"
20771349143,6528,439004,137,2,1,24,2,1,44,0.001,0.001,,,,,NVIDIA A100-SXM4-40GB MIG 4g.20gb (0),1,,13,"void ch_est::chEstFilterNoDftSOfdmDispatchKernel<float, __half, float, (unsigned int)2>(ch_est::puschRxChEstStatDescr_t *, ch_est::puschRxChEstDynDescr_t *)"
20771357335,2528,439015,103,1,1,128,1,1,16,0.000,0.000,,,,,NVIDIA A100-SXM4-40GB MIG 4g.20gb (0),1,,13,cupy_copy__complex64_complex64
20771362327,12671,439025,1434,1,1,128,1,1,16,0.000,0.000,,,,,NVIDIA A100-SXM4-40GB MIG 4g.20gb (0),1,,13,cupy_copy__complex64_complex64
20771376470,2528,439032,103,1,1,128,1,1,16,0.000,0.000,,,,,NVIDIA A100-SXM4-40GB MIG 4g.20gb (0),1,,13,cupy_copy__complex64_complex64
20771380470,193854,439039,1,1,1,32,32,1,30,0.000,0.000,,,,,NVIDIA A100-SXM4-40GB MIG 4g.20gb (0),1,,13,"void convert_kernel<__half2, float2>(tensor_layout_any, T1 *, tensor_layout_any, const T2 *)"
20771610612,6464,439042,,,,,,,,,,0.094,14494.959,Pinned,Device,NVIDIA A100-SXM4-40GB MIG 4g.20gb (0),1,,13,[CUDA memcpy Host-to-Device]
20771645523,52768,439043,,,,,,,,,,35.810,678597.984,Device,,NVIDIA A100-SXM4-40GB MIG 4g.20gb (0),1,,13,[CUDA memset]
20771703155,1824,439045,,,,,,,,,,0.000,43.860,Pinned,Device,NVIDIA A100-SXM4-40GB MIG 4g.20gb (0),1,,13,[CUDA memcpy Host-to-Device]
20771708979,9920,439046,,,,,,,,,,0.197,19819.266,Pinned,Device,NVIDIA A100-SXM4-40GB MIG 4g.20gb (0),1,,13,[CUDA memcpy Host-to-Device]
20771833681,12544,439047,273,1,1,48,1,1,40,0.000,0.001,,,,,NVIDIA A100-SXM4-40GB MIG 4g.20gb (0),1,,13,"void pusch_noise_intf_est::noiseIntfEstNoDftSOfdmKernel<float, __half, float, float, (unsigned int)2, (unsigned int)1, (unsigned char)4, (unsigned char)4>(pusch_noise_intf_est::puschRxNoiseIntfEstDynDescr)"
20771971248,4640,439058,35,1,1,128,1,1,16,0.000,0.000,,,,,NVIDIA A100-SXM4-40GB MIG 4g.20gb (0),1,,13,cupy_copy__complex64_complex64
20771978224,2528,439067,1,1,1,1,1,1,18,0.000,0.000,,,,,NVIDIA A100-SXM4-40GB MIG 4g.20gb (0),1,,13,cupy_copy__float32_float32
20771984112,1824,439073,,,,,,,,,,0.000,2.193,Device,Pageable,NVIDIA A100-SXM4-40GB MIG 4g.20gb (0),1,,7,[CUDA memcpy Device-to-Host]
20772108910,20192,439084,1434,1,1,128,1,1,16,0.000,0.000,,,,,NVIDIA A100-SXM4-40GB MIG 4g.20gb (0),1,,13,cupy_copy__complex64_complex64
20772187373,10304,439091,103,1,1,128,1,1,16,0.000,0.000,,,,,NVIDIA A100-SXM4-40GB MIG 4g.20gb (0),1,,13,cupy_copy__complex64_complex64
20772253389,7199,439098,35,1,1,128,1,1,16,0.000,0.000,,,,,NVIDIA A100-SXM4-40GB MIG 4g.20gb (0),1,,13,cupy_copy__complex64_complex64
20772326220,3552,439105,1,1,1,1,1,1,18,0.000,0.000,,,,,NVIDIA A100-SXM4-40GB MIG 4g.20gb (0),1,,13,cupy_copy__float32_float32
20772383499,275389,439116,1,1,1,32,32,1,30,0.000,0.000,,,,,NVIDIA A100-SXM4-40GB MIG 4g.20gb (0),1,,13,"void convert_kernel<__half2, float2>(tensor_layout_any, T1 *, tensor_layout_any, const T2 *)"
20772688616,6304,439119,,,,,,,,,,0.094,14862.903,Pinned,Device,NVIDIA A100-SXM4-40GB MIG 4g.20gb (0),1,,13,[CUDA memcpy Host-to-Device]
20772852998,10368,439120,,,,,,,,,,1.547,149171.885,Device,,NVIDIA A100-SXM4-40GB MIG 4g.20gb (0),1,,13,[CUDA memset]
20772870502,4896,439125,,,,,,,,,,0.031,6392.145,Pinned,Device,NVIDIA A100-SXM4-40GB MIG 4g.20gb (0),1,,13,[CUDA memcpy Host-to-Device]
20772878342,11135,439126,,,,,,,,,,0.197,17656.578,Pinned,Device,NVIDIA A100-SXM4-40GB MIG 4g.20gb (0),1,,13,[CUDA memcpy Host-to-Device]
20773184034,26592,439127,273,1,1,8,4,1,39,0.002,0.000,,,,,NVIDIA A100-SXM4-40GB MIG 4g.20gb (0),1,,13,"void channel_eq::eqMmseCoefCompLowMimoKernel<float, float, float, (unsigned int)4, (unsigned int)1, (unsigned int)4>(const channel_eq::_puschRxChEqStatDescr *, channel_eq::_puschRxChEqCoefCompDynDescr)"
20773308673,25984,439128,273,1,1,12,11,1,51,0.002,0.000,,,,,NVIDIA A100-SXM4-40GB MIG 4g.20gb (0),1,,13,"void channel_eq::eqMmseSoftDemapKernel<float, __half, __half, float, (unsigned int)4, (unsigned short)16383>(channel_eq::_puschRxChEqStatDescr *, channel_eq::_puschRxChEqSoftDemapDynDescr)"
20773385952,672760,439129,1,1,1,32,32,1,30,0.000,0.000,,,,,NVIDIA A100-SXM4-40GB MIG 4g.20gb (0),1,,13,"void convert_kernel<float2, __half2>(tensor_layout_any, T1 *, tensor_layout_any, const T2 *)"
20774060472,12128,439141,2253,1,1,128,1,1,16,0.000,0.000,,,,,NVIDIA A100-SXM4-40GB MIG 4g.20gb (0),1,,13,cupy_copy__float16_float16
20774074808,3680,439150,282,1,1,128,1,1,16,0.000,0.000,,,,,NVIDIA A100-SXM4-40GB MIG 4g.20gb (0),1,,13,cupy_copy__complex64_complex64
20774080184,2368,439159,26,1,1,128,1,1,16,0.000,0.000,,,,,NVIDIA A100-SXM4-40GB MIG 4g.20gb (0),1,,13,cupy_copy__float32_float32
20774083992,3104,439168,103,1,1,128,1,1,16,0.000,0.000,,,,,NVIDIA A100-SXM4-40GB MIG 4g.20gb (0),1,,13,cupy_copy__complex64_complex64
20774089112,11840,439178,1434,1,1,128,1,1,16,0.000,0.000,,,,,NVIDIA A100-SXM4-40GB MIG 4g.20gb (0),1,,13,cupy_copy__complex64_complex64
20774102232,79295,439183,1,1,1,32,32,1,30,0.000,0.000,,,,,NVIDIA A100-SXM4-40GB MIG 4g.20gb (0),1,,13,"void convert_kernel<__half2, float2>(tensor_layout_any, T1 *, tensor_layout_any, const T2 *)"
20774210743,5344,439186,,,,,,,,,,0.094,17532.864,Pinned,Device,NVIDIA A100-SXM4-40GB MIG 4g.20gb (0),1,,13,[CUDA memcpy Host-to-Device]
20774220791,607769,439187,,,,,,,,,,456.561,751043.569,Device,,NVIDIA A100-SXM4-40GB MIG 4g.20gb (0),1,,13,[CUDA memset]
20774830000,50079,439192,,,,,,,,,,1.235,24659.362,Pinned,Device,NVIDIA A100-SXM4-40GB MIG 4g.20gb (0),1,,13,[CUDA memcpy Host-to-Device]
20774882607,10496,439193,,,,,,,,,,0.197,18731.631,Pinned,Device,NVIDIA A100-SXM4-40GB MIG 4g.20gb (0),1,,13,[CUDA memcpy Host-to-Device]
20775003726,8064,439194,69,4,1,48,1,1,76,0.002,0.000,,,,,NVIDIA A100-SXM4-40GB MIG 4g.20gb (0),1,,13,"void ch_est::windowedChEstPreNoDftSOfdmKernel<float, __half, float, (unsigned int)2, (unsigned int)1, (unsigned short)4>(ch_est::puschRxChEstStatDescr_t *, ch_est::puschRxChEstDynDescr_t *)"
20775129133,9119,439195,137,2,1,24,2,1,44,0.001,0.001,,,,,NVIDIA A100-SXM4-40GB MIG 4g.20gb (0),1,,13,"void ch_est::chEstFilterNoDftSOfdmDispatchKernel<float, __half, float, (unsigned int)2>(ch_est::puschRxChEstStatDescr_t *, ch_est::puschRxChEstDynDescr_t *)"
20775139980,6272,439196,137,2,1,24,2,1,44,0.001,0.001,,,,,NVIDIA A100-SXM4-40GB MIG 4g.20gb (0),1,,13,"void ch_est::chEstFilterNoDftSOfdmDispatchKernel<float, __half, float, (unsigned int)2>(ch_est::puschRxChEstStatDescr_t *, ch_est::puschRxChEstDynDescr_t *)"
20775147948,2560,439207,103,1,1,128,1,1,16,0.000,0.000,,,,,NVIDIA A100-SXM4-40GB MIG 4g.20gb (0),1,,13,cupy_copy__complex64_complex64
20775151948,12608,439217,1434,1,1,128,1,1,16,0.000,0.000,,,,,NVIDIA A100-SXM4-40GB MIG 4g.20gb (0),1,,13,cupy_copy__complex64_complex64
20775167820,2592,439224,103,1,1,128,1,1,16,0.000,0.000,,,,,NVIDIA A100-SXM4-40GB MIG 4g.20gb (0),1,,13,cupy_copy__complex64_complex64
20775171660,79391,439231,1,1,1,32,32,1,30,0.000,0.000,,,,,NVIDIA A100-SXM4-40GB MIG 4g.20gb (0),1,,13,"void convert_kernel<__half2, float2>(tensor_layout_any, T1 *, tensor_layout_any, const T2 *)"
20775280427,5472,439234,,,,,,,,,,0.094,17122.757,Pinned,Device,NVIDIA A100-SXM4-40GB MIG 4g.20gb (0),1,,13,[CUDA memcpy Host-to-Device]
20775535400,51071,439235,,,,,,,,,,35.810,701158.234,Device,,NVIDIA A100-SXM4-40GB MIG 4g.20gb (0),1,,13,[CUDA memset]
20775588103,3360,439237,,,,,,,,,,0.000,23.810,Pinned,Device,NVIDIA A100-SXM4-40GB MIG 4g.20gb (0),1,,13,[CUDA memcpy Host-to-Device]
20775597351,10272,439238,,,,,,,,,,0.197,19140.182,Pinned,Device,NVIDIA A100-SXM4-40GB MIG 4g.20gb (0),1,,13,[CUDA memcpy Host-to-Device]
20775931076,16703,439239,273,1,1,48,1,1,40,0.000,0.001,,,,,NVIDIA A100-SXM4-40GB MIG 4g.20gb (0),1,,13,"void pusch_noise_intf_est::noiseIntfEstNoDftSOfdmKernel<float, __half, float, float, (unsigned int)2, (unsigned int)1, (unsigned char)4, (unsigned char)4>(pusch_noise_intf_est::puschRxNoiseIntfEstDynDescr)"
20776051362,3840,439250,35,1,1,128,1,1,16,0.000,0.000,,,,,NVIDIA A100-SXM4-40GB MIG 4g.20gb (0),1,,13,cupy_copy__complex64_complex64
20776175649,3680,439259,1,1,1,1,1,1,18,0.000,0.000,,,,,NVIDIA A100-SXM4-40GB MIG 4g.20gb (0),1,,13,cupy_copy__float32_float32
20776182817,1920,439265,,,,,,,,,,0.000,2.083,Device,Pageable,NVIDIA A100-SXM4-40GB MIG 4g.20gb (0),1,,7,[CUDA memcpy Device-to-Host]
20776297855,15744,439276,1434,1,1,128,1,1,16,0.000,0.000,,,,,NVIDIA A100-SXM4-40GB MIG 4g.20gb (0),1,,13,cupy_copy__complex64_complex64
20776428766,3648,439283,103,1,1,128,1,1,16,0.000,0.000,,,,,NVIDIA A100-SXM4-40GB MIG 4g.20gb (0),1,,13,cupy_copy__complex64_complex64
20776552637,4000,439290,35,1,1,128,1,1,16,0.000,0.000,,,,,NVIDIA A100-SXM4-40GB MIG 4g.20gb (0),1,,13,cupy_copy__complex64_complex64
20776675579,5792,439297,1,1,1,1,1,1,18,0.000,0.000,,,,,NVIDIA A100-SXM4-40GB MIG 4g.20gb (0),1,,13,cupy_copy__float32_float32
20776741659,256317,439308,1,1,1,32,32,1,30,0.000,0.000,,,,,NVIDIA A100-SXM4-40GB MIG 4g.20gb (0),1,,13,"void convert_kernel<__half2, float2>(tensor_layout_any, T1 *, tensor_layout_any, const T2 *)"
20777028951,5504,439311,,,,,,,,,,0.094,17023.251,Pinned,Device,NVIDIA A100-SXM4-40GB MIG 4g.20gb (0),1,,13,[CUDA memcpy Host-to-Device]
20777083319,6720,439312,,,,,,,,,,1.547,230151.571,Device,,NVIDIA A100-SXM4-40GB MIG 4g.20gb (0),1,,13,[CUDA memset]
20777097335,3168,439317,,,,,,,,,,0.031,9878.770,Pinned,Device,NVIDIA A100-SXM4-40GB MIG 4g.20gb (0),1,,13,[CUDA memcpy Host-to-Device]
20777103222,10432,439318,,,,,,,,,,0.197,18846.450,Pinned,Device,NVIDIA A100-SXM4-40GB MIG 4g.20gb (0),1,,13,[CUDA memcpy Host-to-Device]
20777172022,22079,439319,273,1,1,8,4,1,39,0.002,0.000,,,,,NVIDIA A100-SXM4-40GB MIG 4g.20gb (0),1,,13,"void channel_eq::eqMmseCoefCompLowMimoKernel<float, float, float, (unsigned int)4, (unsigned int)1, (unsigned int)4>(const channel_eq::_puschRxChEqStatDescr *, channel_eq::_puschRxChEqCoefCompDynDescr)"
20777239189,18112,439320,273,1,1,12,11,1,51,0.002,0.000,,,,,NVIDIA A100-SXM4-40GB MIG 4g.20gb (0),1,,13,"void channel_eq::eqMmseSoftDemapKernel<float, __half, __half, float, (unsigned int)4, (unsigned short)16383>(channel_eq::_puschRxChEqStatDescr *, channel_eq::_puschRxChEqSoftDemapDynDescr)"
20777429555,794967,439321,1,1,1,32,32,1,30,0.000,0.000,,,,,NVIDIA A100-SXM4-40GB MIG 4g.20gb (0),1,,13,"void convert_kernel<float2, __half2>(tensor_layout_any, T1 *, tensor_layout_any, const T2 *)"
20778342761,14304,439333,2253,1,1,128,1,1,16,0.000,0.000,,,,,NVIDIA A100-SXM4-40GB MIG 4g.20gb (0),1,,13,cupy_copy__float16_float16
20778539942,5216,439342,282,1,1,128,1,1,16,0.000,0.000,,,,,NVIDIA A100-SXM4-40GB MIG 4g.20gb (0),1,,13,cupy_copy__complex64_complex64
20778740260,4992,439351,26,1,1,128,1,1,16,0.000,0.000,,,,,NVIDIA A100-SXM4-40GB MIG 4g.20gb (0),1,,13,cupy_copy__float32_float32
20778999937,6208,439360,103,1,1,128,1,1,16,0.000,0.000,,,,,NVIDIA A100-SXM4-40GB MIG 4g.20gb (0),1,,13,cupy_copy__complex64_complex64
20779007361,13728,439370,1434,1,1,128,1,1,16,0.000,0.000,,,,,NVIDIA A100-SXM4-40GB MIG 4g.20gb (0),1,,13,cupy_copy__complex64_complex64
20779279550,186110,439375,1,1,1,32,32,1,30,0.000,0.000,,,,,NVIDIA A100-SXM4-40GB MIG 4g.20gb (0),1,,13,"void convert_kernel<__half2, float2>(tensor_layout_any, T1 *, tensor_layout_any, const T2 *)"
20779495612,5664,439378,,,,,,,,,,0.094,16542.310,Pinned,Device,NVIDIA A100-SXM4-40GB MIG 4g.20gb (0),1,,13,[CUDA memcpy Host-to-Device]
20779507388,607737,439379,,,,,,,,,,456.561,751043.569,Device,,NVIDIA A100-SXM4-40GB MIG 4g.20gb (0),1,,13,[CUDA memset]
20780119925,50079,439384,,,,,,,,,,1.235,24659.362,Pinned,Device,NVIDIA A100-SXM4-40GB MIG 4g.20gb (0),1,,13,[CUDA memcpy Host-to-Device]
20780172532,12416,439385,,,,,,,,,,0.197,15835.005,Pinned,Device,NVIDIA A100-SXM4-40GB MIG 4g.20gb (0),1,,13,[CUDA memcpy Host-to-Device]
20780215380,22848,439386,69,4,1,48,1,1,76,0.002,0.000,,,,,NVIDIA A100-SXM4-40GB MIG 4g.20gb (0),1,,13,"void ch_est::windowedChEstPreNoDftSOfdmKernel<float, __half, float, (unsigned int)2, (unsigned int)1, (unsigned short)4>(ch_est::puschRxChEstStatDescr_t *, ch_est::puschRxChEstDynDescr_t *)"
20780240052,7167,439387,137,2,1,24,2,1,44,0.001,0.001,,,,,NVIDIA A100-SXM4-40GB MIG 4g.20gb (0),1,,13,"void ch_est::chEstFilterNoDftSOfdmDispatchKernel<float, __half, float, (unsigned int)2>(ch_est::puschRxChEstStatDescr_t *, ch_est::puschRxChEstDynDescr_t *)"
20780295539,19712,439388,137,2,1,24,2,1,44,0.001,0.001,,,,,NVIDIA A100-SXM4-40GB MIG 4g.20gb (0),1,,13,"void ch_est::chEstFilterNoDftSOfdmDispatchKernel<float, __half, float, (unsigned int)2>(ch_est::puschRxChEstStatDescr_t *, ch_est::puschRxChEstDynDescr_t *)"
20780319315,5536,439399,103,1,1,128,1,1,16,0.000,0.000,,,,,NVIDIA A100-SXM4-40GB MIG 4g.20gb (0),1,,13,cupy_copy__complex64_complex64
20780325587,13023,439409,1434,1,1,128,1,1,16,0.000,0.000,,,,,NVIDIA A100-SXM4-40GB MIG 4g.20gb (0),1,,13,cupy_copy__complex64_complex64
20780339826,2464,439416,103,1,1,128,1,1,16,0.000,0.000,,,,,NVIDIA A100-SXM4-40GB MIG 4g.20gb (0),1,,13,cupy_copy__complex64_complex64
20780343826,254526,439423,1,1,1,32,32,1,30,0.000,0.000,,,,,NVIDIA A100-SXM4-40GB MIG 4g.20gb (0),1,,13,"void convert_kernel<__half2, float2>(tensor_layout_any, T1 *, tensor_layout_any, const T2 *)"
20780632719,6592,439426,,,,,,,,,,0.094,14213.590,Pinned,Device,NVIDIA A100-SXM4-40GB MIG 4g.20gb (0),1,,13,[CUDA memcpy Host-to-Device]
20780653583,54783,439427,,,,,,,,,,35.810,653638.470,Device,,NVIDIA A100-SXM4-40GB MIG 4g.20gb (0),1,,13,[CUDA memset]
20780713230,5312,439429,,,,,,,,,,0.000,15.060,Pinned,Device,NVIDIA A100-SXM4-40GB MIG 4g.20gb (0),1,,13,[CUDA memcpy Host-to-Device]
20780722446,10112,439430,,,,,,,,,,0.197,19442.958,Pinned,Device,NVIDIA A100-SXM4-40GB MIG 4g.20gb (0),1,,13,[CUDA memcpy Host-to-Device]
20780759022,21279,439431,273,1,1,48,1,1,40,0.000,0.001,,,,,NVIDIA A100-SXM4-40GB MIG 4g.20gb (0),1,,13,"void pusch_noise_intf_est::noiseIntfEstNoDftSOfdmKernel<float, __half, float, float, (unsigned int)2, (unsigned int)1, (unsigned char)4, (unsigned char)4>(pusch_noise_intf_est::puschRxNoiseIntfEstDynDescr)"
20780835053,14912,439442,35,1,1,128,1,1,16,0.000,0.000,,,,,NVIDIA A100-SXM4-40GB MIG 4g.20gb (0),1,,13,cupy_copy__complex64_complex64
20780851693,3776,439451,1,1,1,1,1,1,18,0.000,0.000,,,,,NVIDIA A100-SXM4-40GB MIG 4g.20gb (0),1,,13,cupy_copy__float32_float32
20780857613,1792,439457,,,,,,,,,,0.000,2.232,Device,Pageable,NVIDIA A100-SXM4-40GB MIG 4g.20gb (0),1,,7,[CUDA memcpy Device-to-Host]
20780984491,30144,439468,1434,1,1,128,1,1,16,0.000,0.000,,,,,NVIDIA A100-SXM4-40GB MIG 4g.20gb (0),1,,13,cupy_copy__complex64_complex64
20781016299,3136,439475,103,1,1,128,1,1,16,0.000,0.000,,,,,NVIDIA A100-SXM4-40GB MIG 4g.20gb (0),1,,13,cupy_copy__complex64_complex64
20781021131,2432,439482,35,1,1,128,1,1,16,0.000,0.000,,,,,NVIDIA A100-SXM4-40GB MIG 4g.20gb (0),1,,13,cupy_copy__complex64_complex64
20781025163,2048,439489,1,1,1,1,1,1,18,0.000,0.000,,,,,NVIDIA A100-SXM4-40GB MIG 4g.20gb (0),1,,13,cupy_copy__float32_float32
20781271304,609529,439500,1,1,1,32,32,1,30,0.000,0.000,,,,,NVIDIA A100-SXM4-40GB MIG 4g.20gb (0),1,,13,"void convert_kernel<__half2, float2>(tensor_layout_any, T1 *, tensor_layout_any, const T2 *)"
20781910529,5888,439503,,,,,,,,,,0.094,15912.954,Pinned,Device,NVIDIA A100-SXM4-40GB MIG 4g.20gb (0),1,,13,[CUDA memcpy Host-to-Device]
20782119263,8447,439504,,,,,,,,,,1.547,183097.082,Device,,NVIDIA A100-SXM4-40GB MIG 4g.20gb (0),1,,13,[CUDA memset]
20782129118,3200,439509,,,,,,,,,,0.031,9780.000,Pinned,Device,NVIDIA A100-SXM4-40GB MIG 4g.20gb (0),1,,13,[CUDA memcpy Host-to-Device]
20782138366,9856,439510,,,,,,,,,,0.197,19948.044,Pinned,Device,NVIDIA A100-SXM4-40GB MIG 4g.20gb (0),1,,13,[CUDA memcpy Host-to-Device]
20782320540,29696,439511,273,1,1,8,4,1,39,0.002,0.000,,,,,NVIDIA A100-SXM4-40GB MIG 4g.20gb (0),1,,13,"void channel_eq::eqMmseCoefCompLowMimoKernel<float, float, float, (unsigned int)4, (unsigned int)1, (unsigned int)4>(const channel_eq::_puschRxChEqStatDescr *, channel_eq::_puschRxChEqCoefCompDynDescr)"
20782358844,12736,439512,273,1,1,12,11,1,51,0.002,0.000,,,,,NVIDIA A100-SXM4-40GB MIG 4g.20gb (0),1,,13,"void channel_eq::eqMmseSoftDemapKernel<float, __half, __half, float, (unsigned int)4, (unsigned short)16383>(channel_eq::_puschRxChEqStatDescr *, channel_eq::_puschRxChEqSoftDemapDynDescr)"
20782412795,1116948,439513,1,1,1,32,32,1,30,0.000,0.000,,,,,NVIDIA A100-SXM4-40GB MIG 4g.20gb (0),1,,13,"void convert_kernel<float2, __half2>(tensor_layout_any, T1 *, tensor_layout_any, const T2 *)"
20783531823,12128,439525,2253,1,1,128,1,1,16,0.000,0.000,,,,,NVIDIA A100-SXM4-40GB MIG 4g.20gb (0),1,,13,cupy_copy__float16_float16
20783545295,3712,439534,282,1,1,128,1,1,16,0.000,0.000,,,,,NVIDIA A100-SXM4-40GB MIG 4g.20gb (0),1,,13,cupy_copy__complex64_complex64
20783551311,2368,439543,26,1,1,128,1,1,16,0.000,0.000,,,,,NVIDIA A100-SXM4-40GB MIG 4g.20gb (0),1,,13,cupy_copy__float32_float32
20783555407,3167,439552,103,1,1,128,1,1,16,0.000,0.000,,,,,NVIDIA A100-SXM4-40GB MIG 4g.20gb (0),1,,13,cupy_copy__complex64_complex64
20783560142,12832,439562,1434,1,1,128,1,1,16,0.000,0.000,,,,,NVIDIA A100-SXM4-40GB MIG 4g.20gb (0),1,,13,cupy_copy__complex64_complex64
20783616782,537786,439567,1,1,1,32,32,1,30,0.000,0.000,,,,,NVIDIA A100-SXM4-40GB MIG 4g.20gb (0),1,,13,"void convert_kernel<__half2, float2>(tensor_layout_any, T1 *, tensor_layout_any, const T2 *)"
20784184168,5503,439570,,,,,,,,,,0.094,17026.343,Pinned,Device,NVIDIA A100-SXM4-40GB MIG 4g.20gb (0),1,,13,[CUDA memcpy Host-to-Device]
20784195015,605242,439571,,,,,,,,,,456.561,754239.499,Device,,NVIDIA A100-SXM4-40GB MIG 4g.20gb (0),1,,13,[CUDA memset]
20784804193,50015,439576,,,,,,,,,,1.235,24691.470,Pinned,Device,NVIDIA A100-SXM4-40GB MIG 4g.20gb (0),1,,13,[CUDA memcpy Host-to-Device]
20784856640,9472,439577,,,,,,,,,,0.197,20756.693,Pinned,Device,NVIDIA A100-SXM4-40GB MIG 4g.20gb (0),1,,13,[CUDA memcpy Host-to-Device]
20784869888,7424,439578,69,4,1,48,1,1,76,0.002,0.000,,,,,NVIDIA A100-SXM4-40GB MIG 4g.20gb (0),1,,13,"void ch_est::windowedChEstPreNoDftSOfdmKernel<float, __half, float, (unsigned int)2, (unsigned int)1, (unsigned short)4>(ch_est::puschRxChEstStatDescr_t *, ch_est::puschRxChEstDynDescr_t *)"
20784879584,6656,439579,137,2,1,24,2,1,44,0.001,0.001,,,,,NVIDIA A100-SXM4-40GB MIG 4g.20gb (0),1,,13,"void ch_est::chEstFilterNoDftSOfdmDispatchKernel<float, __half, float, (unsigned int)2>(ch_est::puschRxChEstStatDescr_t *, ch_est::puschRxChEstDynDescr_t *)"
20784888160,4672,439580,137,2,1,24,2,1,44,0.001,0.001,,,,,NVIDIA A100-SXM4-40GB MIG 4g.20gb (0),1,,13,"void ch_est::chEstFilterNoDftSOfdmDispatchKernel<float, __half, float, (unsigned int)2>(ch_est::puschRxChEstStatDescr_t *, ch_est::puschRxChEstDynDescr_t *)"
20784894464,2560,439591,103,1,1,128,1,1,16,0.000,0.000,,,,,NVIDIA A100-SXM4-40GB MIG 4g.20gb (0),1,,13,cupy_copy__complex64_complex64
20784899872,12799,439601,1434,1,1,128,1,1,16,0.000,0.000,,,,,NVIDIA A100-SXM4-40GB MIG 4g.20gb (0),1,,13,cupy_copy__complex64_complex64
20784914783,2464,439608,103,1,1,128,1,1,16,0.000,0.000,,,,,NVIDIA A100-SXM4-40GB MIG 4g.20gb (0),1,,13,cupy_copy__complex64_complex64
20784918495,79839,439615,1,1,1,32,32,1,30,0.000,0.000,,,,,NVIDIA A100-SXM4-40GB MIG 4g.20gb (0),1,,13,"void convert_kernel<__half2, float2>(tensor_layout_any, T1 *, tensor_layout_any, const T2 *)"
20785027998,5408,439618,,,,,,,,,,0.094,17325.421,Pinned,Device,NVIDIA A100-SXM4-40GB MIG 4g.20gb (0),1,,13,[CUDA memcpy Host-to-Device]
20785071582,56319,439619,,,,,,,,,,35.810,635805.130,Device,,NVIDIA A100-SXM4-40GB MIG 4g.20gb (0),1,,13,[CUDA memset]
20785129469,2368,439621,,,,,,,,,,0.000,33.784,Pinned,Device,NVIDIA A100-SXM4-40GB MIG 4g.20gb (0),1,,13,[CUDA memcpy Host-to-Device]
20785134845,12704,439622,,,,,,,,,,0.197,15475.999,Pinned,Device,NVIDIA A100-SXM4-40GB MIG 4g.20gb (0),1,,13,[CUDA memcpy Host-to-Device]
20785174460,56256,439623,273,1,1,48,1,1,40,0.000,0.001,,,,,NVIDIA A100-SXM4-40GB MIG 4g.20gb (0),1,,13,"void pusch_noise_intf_est::noiseIntfEstNoDftSOfdmKernel<float, __half, float, float, (unsigned int)2, (unsigned int)1, (unsigned char)4, (unsigned char)4>(pusch_noise_intf_est::puschRxNoiseIntfEstDynDescr)"
20785237020,3584,439634,35,1,1,128,1,1,16,0.000,0.000,,,,,NVIDIA A100-SXM4-40GB MIG 4g.20gb (0),1,,13,cupy_copy__complex64_complex64
20785309787,5984,439643,1,1,1,1,1,1,18,0.000,0.000,,,,,NVIDIA A100-SXM4-40GB MIG 4g.20gb (0),1,,13,cupy_copy__float32_float32
20785327515,6848,439649,,,,,,,,,,0.000,0.584,Device,Pageable,NVIDIA A100-SXM4-40GB MIG 4g.20gb (0),1,,7,[CUDA memcpy Device-to-Host]
20785421594,19679,439660,1434,1,1,128,1,1,16,0.000,0.000,,,,,NVIDIA A100-SXM4-40GB MIG 4g.20gb (0),1,,13,cupy_copy__complex64_complex64
20785473305,10240,439667,103,1,1,128,1,1,16,0.000,0.000,,,,,NVIDIA A100-SXM4-40GB MIG 4g.20gb (0),1,,13,cupy_copy__complex64_complex64
20785546776,9408,439674,35,1,1,128,1,1,16,0.000,0.000,,,,,NVIDIA A100-SXM4-40GB MIG 4g.20gb (0),1,,13,cupy_copy__complex64_complex64
20785667671,3680,439681,1,1,1,1,1,1,18,0.000,0.000,,,,,NVIDIA A100-SXM4-40GB MIG 4g.20gb (0),1,,13,cupy_copy__float32_float32
20785719478,430396,439692,1,1,1,32,32,1,30,0.000,0.000,,,,,NVIDIA A100-SXM4-40GB MIG 4g.20gb (0),1,,13,"void convert_kernel<__half2, float2>(tensor_layout_any, T1 *, tensor_layout_any, const T2 *)"
20786179889,6304,439695,,,,,,,,,,0.094,14862.903,Pinned,Device,NVIDIA A100-SXM4-40GB MIG 4g.20gb (0),1,,13,[CUDA memcpy Host-to-Device]
20786237425,10079,439696,,,,,,,,,,1.547,153449.847,Device,,NVIDIA A100-SXM4-40GB MIG 4g.20gb (0),1,,13,[CUDA memset]
20786257104,3936,439701,,,,,,,,,,0.031,7951.218,Pinned,Device,NVIDIA A100-SXM4-40GB MIG 4g.20gb (0),1,,13,[CUDA memcpy Host-to-Device]
20786263920,9696,439702,,,,,,,,,,0.197,20277.166,Pinned,Device,NVIDIA A100-SXM4-40GB MIG 4g.20gb (0),1,,13,[CUDA memcpy Host-to-Device]
20786501454,14496,439703,273,1,1,8,4,1,39,0.002,0.000,,,,,NVIDIA A100-SXM4-40GB MIG 4g.20gb (0),1,,13,"void channel_eq::eqMmseCoefCompLowMimoKernel<float, float, float, (unsigned int)4, (unsigned int)1, (unsigned int)4>(const channel_eq::_puschRxChEqStatDescr *, channel_eq::_puschRxChEqCoefCompDynDescr)"
20786615116,14528,439704,273,1,1,12,11,1,51,0.002,0.000,,,,,NVIDIA A100-SXM4-40GB MIG 4g.20gb (0),1,,13,"void channel_eq::eqMmseSoftDemapKernel<float, __half, __half, float, (unsigned int)4, (unsigned short)16383>(channel_eq::_puschRxChEqStatDescr *, channel_eq::_puschRxChEqSoftDemapDynDescr)"
20786735371,628921,439705,1,1,1,32,32,1,30,0.000,0.000,,,,,NVIDIA A100-SXM4-40GB MIG 4g.20gb (0),1,,13,"void convert_kernel<float2, __half2>(tensor_layout_any, T1 *, tensor_layout_any, const T2 *)"
20787376292,14496,439717,2253,1,1,128,1,1,16,0.000,0.000,,,,,NVIDIA A100-SXM4-40GB MIG 4g.20gb (0),1,,13,cupy_copy__float16_float16
20787465603,5280,439726,282,1,1,128,1,1,16,0.000,0.000,,,,,NVIDIA A100-SXM4-40GB MIG 4g.20gb (0),1,,13,cupy_copy__complex64_complex64
20787477443,3008,439735,26,1,1,128,1,1,16,0.000,0.000,,,,,NVIDIA A100-SXM4-40GB MIG 4g.20gb (0),1,,13,cupy_copy__float32_float32
20787482691,3296,439744,103,1,1,128,1,1,16,0.000,0.000,,,,,NVIDIA A100-SXM4-40GB MIG 4g.20gb (0),1,,13,cupy_copy__complex64_complex64
20787487843,12448,439754,1434,1,1,128,1,1,16,0.000,0.000,,,,,NVIDIA A100-SXM4-40GB MIG 4g.20gb (0),1,,13,cupy_copy__complex64_complex64
20787502083,242525,439759,1,1,1,32,32,1,30,0.000,0.000,,,,,NVIDIA A100-SXM4-40GB MIG 4g.20gb (0),1,,13,"void convert_kernel<__half2, float2>(tensor_layout_any, T1 *, tensor_layout_any, const T2 *)"
20787775775,5536,439762,,,,,,,,,,0.094,16924.777,Pinned,Device,NVIDIA A100-SXM4-40GB MIG 4g.20gb (0),1,,13,[CUDA memcpy Host-to-Device]
20787835775,603609,439763,,,,,,,,,,456.561,756065.745,Device,,NVIDIA A100-SXM4-40GB MIG 4g.20gb (0),1,,13,[CUDA memset]
20788447096,50047,439768,,,,,,,,,,1.235,24675.416,Pinned,Device,NVIDIA A100-SXM4-40GB MIG 4g.20gb (0),1,,13,[CUDA memcpy Host-to-Device]
20788499703,10112,439769,,,,,,,,,,0.197,19442.958,Pinned,Device,NVIDIA A100-SXM4-40GB MIG 4g.20gb (0),1,,13,[CUDA memcpy Host-to-Device]
20788587414,8576,439770,69,4,1,48,1,1,76,0.002,0.000,,,,,NVIDIA A100-SXM4-40GB MIG 4g.20gb (0),1,,13,"void ch_est::windowedChEstPreNoDftSOfdmKernel<float, __half, float, (unsigned int)2, (unsigned int)1, (unsigned short)4>(ch_est::puschRxChEstStatDescr_t *, ch_est::puschRxChEstDynDescr_t *)"
20788667350,8767,439771,137,2,1,24,2,1,44,0.001,0.001,,,,,NVIDIA A100-SXM4-40GB MIG 4g.20gb (0),1,,13,"void ch_est::chEstFilterNoDftSOfdmDispatchKernel<float, __half, float, (unsigned int)2>(ch_est::puschRxChEstStatDescr_t *, ch_est::puschRxChEstDynDescr_t *)"
20788747765,9632,439772,137,2,1,24,2,1,44,0.001,0.001,,,,,NVIDIA A100-SXM4-40GB MIG 4g.20gb (0),1,,13,"void ch_est::chEstFilterNoDftSOfdmDispatchKernel<float, __half, float, (unsigned int)2>(ch_est::puschRxChEstStatDescr_t *, ch_est::puschRxChEstDynDescr_t *)"
20788759476,3168,439783,103,1,1,128,1,1,16,0.000,0.000,,,,,NVIDIA A100-SXM4-40GB MIG 4g.20gb (0),1,,13,cupy_copy__complex64_complex64
20788764596,12608,439793,1434,1,1,128,1,1,16,0.000,0.000,,,,,NVIDIA A100-SXM4-40GB MIG 4g.20gb (0),1,,13,cupy_copy__complex64_complex64
20788778868,2432,439800,103,1,1,128,1,1,16,0.000,0.000,,,,,NVIDIA A100-SXM4-40GB MIG 4g.20gb (0),1,,13,cupy_copy__complex64_complex64
20788782868,79519,439807,1,1,1,32,32,1,30,0.000,0.000,,,,,NVIDIA A100-SXM4-40GB MIG 4g.20gb (0),1,,13,"void convert_kernel<__half2, float2>(tensor_layout_any, T1 *, tensor_layout_any, const T2 *)"
20788891859,5664,439810,,,,,,,,,,0.094,16542.310,Pinned,Device,NVIDIA A100-SXM4-40GB MIG 4g.20gb (0),1,,13,[CUDA memcpy Host-to-Device]
20788902163,46271,439811,,,,,,,,,,35.810,773888.181,Device,,NVIDIA A100-SXM4-40GB MIG 4g.20gb (0),1,,13,[CUDA memset]
20788950418,2272,439813,,,,,,,,,,0.000,35.211,Pinned,Device,NVIDIA A100-SXM4-40GB MIG 4g.20gb (0),1,,13,[CUDA memcpy Host-to-Device]
20788955122,9344,439814,,,,,,,,,,0.197,21040.988,Pinned,Device,NVIDIA A100-SXM4-40GB MIG 4g.20gb (0),1,,13,[CUDA memcpy Host-to-Device]
20788969810,8480,439815,273,1,1,48,1,1,40,0.000,0.001,,,,,NVIDIA A100-SXM4-40GB MIG 4g.20gb (0),1,,13,"void pusch_noise_intf_est::noiseIntfEstNoDftSOfdmKernel<float, __half, float, float, (unsigned int)2, (unsigned int)1, (unsigned char)4, (unsigned char)4>(pusch_noise_intf_est::puschRxNoiseIntfEstDynDescr)"
20788985170,2912,439826,35,1,1,128,1,1,16,0.000,0.000,,,,,NVIDIA A100-SXM4-40GB MIG 4g.20gb (0),1,,13,cupy_copy__complex64_complex64
20789036721,1888,439835,1,1,1,1,1,1,18,0.000,0.000,,,,,NVIDIA A100-SXM4-40GB MIG 4g.20gb (0),1,,13,cupy_copy__float32_float32
20789095345,1568,439841,,,,,,,,,,0.000,2.551,Device,Pageable,NVIDIA A100-SXM4-40GB MIG 4g.20gb (0),1,,7,[CUDA memcpy Device-to-Host]
20789155024,13344,439852,1434,1,1,128,1,1,16,0.000,0.000,,,,,NVIDIA A100-SXM4-40GB MIG 4g.20gb (0),1,,13,cupy_copy__complex64_complex64
20789186416,2720,439859,103,1,1,128,1,1,16,0.000,0.000,,,,,NVIDIA A100-SXM4-40GB MIG 4g.20gb (0),1,,13,cupy_copy__complex64_complex64
20789203664,2240,439866,35,1,1,128,1,1,16,0.000,0.000,,,,,NVIDIA A100-SXM4-40GB MIG 4g.20gb (0),1,,13,cupy_copy__complex64_complex64
20789226703,1888,439873,1,1,1,1,1,1,18,0.000,0.000,,,,,NVIDIA A100-SXM4-40GB MIG 4g.20gb (0),1,,13,cupy_copy__float32_float32
20789397837,342205,439884,1,1,1,32,32,1,30,0.000,0.000,,,,,NVIDIA A100-SXM4-40GB MIG 4g.20gb (0),1,,13,"void convert_kernel<__half2, float2>(tensor_layout_any, T1 *, tensor_layout_any, const T2 *)"
20789770633,6464,439887,,,,,,,,,,0.094,14494.959,Pinned,Device,NVIDIA A100-SXM4-40GB MIG 4g.20gb (0),1,,13,[CUDA memcpy Host-to-Device]
20789852328,6432,439888,,,,,,,,,,1.547,240456.727,Device,,NVIDIA A100-SXM4-40GB MIG 4g.20gb (0),1,,13,[CUDA memset]
20789859784,4320,439893,,,,,,,,,,0.031,7244.429,Pinned,Device,NVIDIA A100-SXM4-40GB MIG 4g.20gb (0),1,,13,[CUDA memcpy Host-to-Device]
20789867560,13792,439894,,,,,,,,,,0.197,14255.063,Pinned,Device,NVIDIA A100-SXM4-40GB MIG 4g.20gb (0),1,,13,[CUDA memcpy Host-to-Device]
20790054822,27712,439895,273,1,1,8,4,1,39,0.002,0.000,,,,,NVIDIA A100-SXM4-40GB MIG 4g.20gb (0),1,,13,"void channel_eq::eqMmseCoefCompLowMimoKernel<float, float, float, (unsigned int)4, (unsigned int)1, (unsigned int)4>(const channel_eq::_puschRxChEqStatDescr *, channel_eq::_puschRxChEqCoefCompDynDescr)"
20790219076,28064,439896,273,1,1,12,11,1,51,0.002,0.000,,,,,NVIDIA A100-SXM4-40GB MIG 4g.20gb (0),1,,13,"void channel_eq::eqMmseSoftDemapKernel<float, __half, __half, float, (unsigned int)4, (unsigned short)16383>(channel_eq::_puschRxChEqStatDescr *, channel_eq::_puschRxChEqSoftDemapDynDescr)"
20790304611,963126,439897,1,1,1,32,32,1,30,0.000,0.000,,,,,NVIDIA A100-SXM4-40GB MIG 4g.20gb (0),1,,13,"void convert_kernel<float2, __half2>(tensor_layout_any, T1 *, tensor_layout_any, const T2 *)"
20791353752,17503,439909,2253,1,1,128,1,1,16,0.000,0.000,,,,,NVIDIA A100-SXM4-40GB MIG 4g.20gb (0),1,,13,cupy_copy__float16_float16
20791438263,4928,439918,282,1,1,128,1,1,16,0.000,0.000,,,,,NVIDIA A100-SXM4-40GB MIG 4g.20gb (0),1,,13,cupy_copy__complex64_complex64
20791519318,3808,439927,26,1,1,128,1,1,16,0.000,0.000,,,,,NVIDIA A100-SXM4-40GB MIG 4g.20gb (0),1,,13,cupy_copy__float32_float32
20791602005,5184,439936,103,1,1,128,1,1,16,0.000,0.000,,,,,NVIDIA A100-SXM4-40GB MIG 4g.20gb (0),1,,13,cupy_copy__complex64_complex64
20791609909,15072,439946,1434,1,1,128,1,1,16,0.000,0.000,,,,,NVIDIA A100-SXM4-40GB MIG 4g.20gb (0),1,,13,cupy_copy__complex64_complex64
20791689428,326460,439951,1,1,1,32,32,1,30,0.000,0.000,,,,,NVIDIA A100-SXM4-40GB MIG 4g.20gb (0),1,,13,"void convert_kernel<__half2, float2>(tensor_layout_any, T1 *, tensor_layout_any, const T2 *)"
20792046256,5344,439954,,,,,,,,,,0.094,17532.864,Pinned,Device,NVIDIA A100-SXM4-40GB MIG 4g.20gb (0),1,,13,[CUDA memcpy Host-to-Device]
20792056752,602841,439955,,,,,,,,,,456.561,756978.868,Device,,NVIDIA A100-SXM4-40GB MIG 4g.20gb (0),1,,13,[CUDA memset]
20792664489,48735,439960,,,,,,,,,,1.235,25339.816,Pinned,Device,NVIDIA A100-SXM4-40GB MIG 4g.20gb (0),1,,13,[CUDA memcpy Host-to-Device]
20792715656,9344,439961,,,,,,,,,,0.197,21040.988,Pinned,Device,NVIDIA A100-SXM4-40GB MIG 4g.20gb (0),1,,13,[CUDA memcpy Host-to-Device]
20792729224,7264,439962,69,4,1,48,1,1,76,0.002,0.000,,,,,NVIDIA A100-SXM4-40GB MIG 4g.20gb (0),1,,13,"void ch_est::windowedChEstPreNoDftSOfdmKernel<float, __half, float, (unsigned int)2, (unsigned int)1, (unsigned short)4>(ch_est::puschRxChEstStatDescr_t *, ch_est::puschRxChEstDynDescr_t *)"
20792738728,6656,439963,137,2,1,24,2,1,44,0.001,0.001,,,,,NVIDIA A100-SXM4-40GB MIG 4g.20gb (0),1,,13,"void ch_est::chEstFilterNoDftSOfdmDispatchKernel<float, __half, float, (unsigned int)2>(ch_est::puschRxChEstStatDescr_t *, ch_est::puschRxChEstDynDescr_t *)"
20792747688,4992,439964,137,2,1,24,2,1,44,0.001,0.001,,,,,NVIDIA A100-SXM4-40GB MIG 4g.20gb (0),1,,13,"void ch_est::chEstFilterNoDftSOfdmDispatchKernel<float, __half, float, (unsigned int)2>(ch_est::puschRxChEstStatDescr_t *, ch_est::puschRxChEstDynDescr_t *)"
20792753992,2560,439975,103,1,1,128,1,1,16,0.000,0.000,,,,,NVIDIA A100-SXM4-40GB MIG 4g.20gb (0),1,,13,cupy_copy__complex64_complex64
20792757928,12640,439985,1434,1,1,128,1,1,16,0.000,0.000,,,,,NVIDIA A100-SXM4-40GB MIG 4g.20gb (0),1,,13,cupy_copy__complex64_complex64
20792772456,2496,439992,103,1,1,128,1,1,16,0.000,0.000,,,,,NVIDIA A100-SXM4-40GB MIG 4g.20gb (0),1,,13,cupy_copy__complex64_complex64
20792776776,78719,439999,1,1,1,32,32,1,30,0.000,0.000,,,,,NVIDIA A100-SXM4-40GB MIG 4g.20gb (0),1,,13,"void convert_kernel<__half2, float2>(tensor_layout_any, T1 *, tensor_layout_any, const T2 *)"
20792883526,5344,440002,,,,,,,,,,0.094,17532.864,Pinned,Device,NVIDIA A100-SXM4-40GB MIG 4g.20gb (0),1,,13,[CUDA memcpy Host-to-Device]
20792903910,46272,440003,,,,,,,,,,35.810,773888.181,Device,,NVIDIA A100-SXM4-40GB MIG 4g.20gb (0),1,,13,[CUDA memset]
20792958086,1888,440005,,,,,,,,,,0.000,42.373,Pinned,Device,NVIDIA A100-SXM4-40GB MIG 4g.20gb (0),1,,13,[CUDA memcpy Host-to-Device]
20792962374,9855,440006,,,,,,,,,,0.197,19950.010,Pinned,Device,NVIDIA A100-SXM4-40GB MIG 4g.20gb (0),1,,13,[CUDA memcpy Host-to-Device]
20792976165,8640,440007,273,1,1,48,1,1,40,0.000,0.001,,,,,NVIDIA A100-SXM4-40GB MIG 4g.20gb (0),1,,13,"void pusch_noise_intf_est::noiseIntfEstNoDftSOfdmKernel<float, __half, float, float, (unsigned int)2, (unsigned int)1, (unsigned char)4, (unsigned char)4>(pusch_noise_intf_est::puschRxNoiseIntfEstDynDescr)"
20792986341,2880,440018,35,1,1,128,1,1,16,0.000,0.000,,,,,NVIDIA A100-SXM4-40GB MIG 4g.20gb (0),1,,13,cupy_copy__complex64_complex64
20793051045,4896,440027,1,1,1,1,1,1,18,0.000,0.000,,,,,NVIDIA A100-SXM4-40GB MIG 4g.20gb (0),1,,13,cupy_copy__float32_float32
20793067012,3296,440033,,,,,,,,,,0.000,1.214,Device,Pageable,NVIDIA A100-SXM4-40GB MIG 4g.20gb (0),1,,7,[CUDA memcpy Device-to-Host]
20793132100,15264,440044,1434,1,1,128,1,1,16,0.000,0.000,,,,,NVIDIA A100-SXM4-40GB MIG 4g.20gb (0),1,,13,cupy_copy__complex64_complex64
20793205635,4608,440051,103,1,1,128,1,1,16,0.000,0.000,,,,,NVIDIA A100-SXM4-40GB MIG 4g.20gb (0),1,,13,cupy_copy__complex64_complex64
20793215843,2944,440058,35,1,1,128,1,1,16,0.000,0.000,,,,,NVIDIA A100-SXM4-40GB MIG 4g.20gb (0),1,,13,cupy_copy__complex64_complex64
20793220963,2016,440065,1,1,1,1,1,1,18,0.000,0.000,,,,,NVIDIA A100-SXM4-40GB MIG 4g.20gb (0),1,,13,cupy_copy__float32_float32
20793407905,456955,440076,1,1,1,32,32,1,30,0.000,0.000,,,,,NVIDIA A100-SXM4-40GB MIG 4g.20gb (0),1,,13,"void convert_kernel<__half2, float2>(tensor_layout_any, T1 *, tensor_layout_any, const T2 *)"
20794605715,5696,440079,,,,,,,,,,0.094,16449.363,Pinned,Device,NVIDIA A100-SXM4-40GB MIG 4g.20gb (0),1,,13,[CUDA memcpy Host-to-Device]
20794616211,3904,440080,,,,,,,,,,1.547,396163.098,Device,,NVIDIA A100-SXM4-40GB MIG 4g.20gb (0),1,,13,[CUDA memset]
20795139053,5216,440085,,,,,,,,,,0.031,5999.975,Pinned,Device,NVIDIA A100-SXM4-40GB MIG 4g.20gb (0),1,,13,[CUDA memcpy Host-to-Device]
20795148973,11264,440086,,,,,,,,,,0.197,17454.465,Pinned,Device,NVIDIA A100-SXM4-40GB MIG 4g.20gb (0),1,,13,[CUDA memcpy Host-to-Device]
20795278252,19936,440087,273,1,1,8,4,1,39,0.002,0.000,,,,,NVIDIA A100-SXM4-40GB MIG 4g.20gb (0),1,,13,"void channel_eq::eqMmseCoefCompLowMimoKernel<float, float, float, (unsigned int)4, (unsigned int)1, (unsigned int)4>(const channel_eq::_puschRxChEqStatDescr *, channel_eq::_puschRxChEqCoefCompDynDescr)"
20795434026,13376,440088,273,1,1,12,11,1,51,0.002,0.000,,,,,NVIDIA A100-SXM4-40GB MIG 4g.20gb (0),1,,13,"void channel_eq::eqMmseSoftDemapKernel<float, __half, __half, float, (unsigned int)4, (unsigned short)16383>(channel_eq::_puschRxChEqStatDescr *, channel_eq::_puschRxChEqSoftDemapDynDescr)"
20795514825,839607,440089,1,1,1,32,32,1,30,0.000,0.000,,,,,NVIDIA A100-SXM4-40GB MIG 4g.20gb (0),1,,13,"void convert_kernel<float2, __half2>(tensor_layout_any, T1 *, tensor_layout_any, const T2 *)"
20796485918,16320,440101,2253,1,1,128,1,1,16,0.000,0.000,,,,,NVIDIA A100-SXM4-40GB MIG 4g.20gb (0),1,,13,cupy_copy__float16_float16
20796563389,6624,440110,282,1,1,128,1,1,16,0.000,0.000,,,,,NVIDIA A100-SXM4-40GB MIG 4g.20gb (0),1,,13,cupy_copy__complex64_complex64
20796650748,3680,440119,26,1,1,128,1,1,16,0.000,0.000,,,,,NVIDIA A100-SXM4-40GB MIG 4g.20gb (0),1,,13,cupy_copy__float32_float32
20796719324,10624,440128,103,1,1,128,1,1,16,0.000,0.000,,,,,NVIDIA A100-SXM4-40GB MIG 4g.20gb (0),1,,13,cupy_copy__complex64_complex64
20796732092,19551,440138,1434,1,1,128,1,1,16,0.000,0.000,,,,,NVIDIA A100-SXM4-40GB MIG 4g.20gb (0),1,,13,cupy_copy__complex64_complex64
20796753083,160671,440143,1,1,1,32,32,1,30,0.000,0.000,,,,,NVIDIA A100-SXM4-40GB MIG 4g.20gb (0),1,,13,"void convert_kernel<__half2, float2>(tensor_layout_any, T1 *, tensor_layout_any, const T2 *)"
20796943385,5600,440146,,,,,,,,,,0.094,16731.388,Pinned,Device,NVIDIA A100-SXM4-40GB MIG 4g.20gb (0),1,,13,[CUDA memcpy Host-to-Device]
20797008248,616858,440147,,,,,,,,,,456.561,740086.094,Device,,NVIDIA A100-SXM4-40GB MIG 4g.20gb (0),1,,13,[CUDA memset]
20797634641,51008,440152,,,,,,,,,,1.235,24209.842,Pinned,Device,NVIDIA A100-SXM4-40GB MIG 4g.20gb (0),1,,13,[CUDA memcpy Host-to-Device]
20797690769,10048,440153,,,,,,,,,,0.197,19566.821,Pinned,Device,NVIDIA A100-SXM4-40GB MIG 4g.20gb (0),1,,13,[CUDA memcpy Host-to-Device]
20797749520,9568,440154,69,4,1,48,1,1,76,0.002,0.000,,,,,NVIDIA A100-SXM4-40GB MIG 4g.20gb (0),1,,13,"void ch_est::windowedChEstPreNoDftSOfdmKernel<float, __half, float, (unsigned int)2, (unsigned int)1, (unsigned short)4>(ch_est::puschRxChEstStatDescr_t *, ch_est::puschRxChEstDynDescr_t *)"
20797834991,11168,440155,137,2,1,24,2,1,44,0.001,0.001,,,,,NVIDIA A100-SXM4-40GB MIG 4g.20gb (0),1,,13,"void ch_est::chEstFilterNoDftSOfdmDispatchKernel<float, __half, float, (unsigned int)2>(ch_est::puschRxChEstStatDescr_t *, ch_est::puschRxChEstDynDescr_t *)"
20797925934,9056,440156,137,2,1,24,2,1,44,0.001,0.001,,,,,NVIDIA A100-SXM4-40GB MIG 4g.20gb (0),1,,13,"void ch_est::chEstFilterNoDftSOfdmDispatchKernel<float, __half, float, (unsigned int)2>(ch_est::puschRxChEstStatDescr_t *, ch_est::puschRxChEstDynDescr_t *)"
20797940174,3200,440167,103,1,1,128,1,1,16,0.000,0.000,,,,,NVIDIA A100-SXM4-40GB MIG 4g.20gb (0),1,,13,cupy_copy__complex64_complex64
20797945326,12736,440177,1434,1,1,128,1,1,16,0.000,0.000,,,,,NVIDIA A100-SXM4-40GB MIG 4g.20gb (0),1,,13,cupy_copy__complex64_complex64
20797959982,2496,440184,103,1,1,128,1,1,16,0.000,0.000,,,,,NVIDIA A100-SXM4-40GB MIG 4g.20gb (0),1,,13,cupy_copy__complex64_complex64
20797964302,166878,440191,1,1,1,32,32,1,30,0.000,0.000,,,,,NVIDIA A100-SXM4-40GB MIG 4g.20gb (0),1,,13,"void convert_kernel<__half2, float2>(tensor_layout_any, T1 *, tensor_layout_any, const T2 *)"
20798161132,7232,440194,,,,,,,,,,0.094,12955.721,Pinned,Device,NVIDIA A100-SXM4-40GB MIG 4g.20gb (0),1,,13,[CUDA memcpy Host-to-Device]
20798247659,49311,440195,,,,,,,,,,35.810,726189.368,Device,,NVIDIA A100-SXM4-40GB MIG 4g.20gb (0),1,,13,[CUDA memset]
20798305066,2656,440197,,,,,,,,,,0.000,30.120,Pinned,Device,NVIDIA A100-SXM4-40GB MIG 4g.20gb (0),1,,13,[CUDA memcpy Host-to-Device]
20798310794,9536,440198,,,,,,,,,,0.197,20617.298,Pinned,Device,NVIDIA A100-SXM4-40GB MIG 4g.20gb (0),1,,13,[CUDA memcpy Host-to-Device]
20798377673,12224,440199,273,1,1,48,1,1,40,0.000,0.001,,,,,NVIDIA A100-SXM4-40GB MIG 4g.20gb (0),1,,13,"void pusch_noise_intf_est::noiseIntfEstNoDftSOfdmKernel<float, __half, float, float, (unsigned int)2, (unsigned int)1, (unsigned char)4, (unsigned char)4>(pusch_noise_intf_est::puschRxNoiseIntfEstDynDescr)"
20798467816,4000,440210,35,1,1,128,1,1,16,0.000,0.000,,,,,NVIDIA A100-SXM4-40GB MIG 4g.20gb (0),1,,13,cupy_copy__complex64_complex64
20798474984,2656,440219,1,1,1,1,1,1,18,0.000,0.000,,,,,NVIDIA A100-SXM4-40GB MIG 4g.20gb (0),1,,13,cupy_copy__float32_float32
20798478792,3392,440225,,,,,,,,,,0.000,1.179,Device,Pageable,NVIDIA A100-SXM4-40GB MIG 4g.20gb (0),1,,7,[CUDA memcpy Device-to-Host]
20798556935,16896,440236,1434,1,1,128,1,1,16,0.000,0.000,,,,,NVIDIA A100-SXM4-40GB MIG 4g.20gb (0),1,,13,cupy_copy__complex64_complex64
20798655174,4064,440243,103,1,1,128,1,1,16,0.000,0.000,,,,,NVIDIA A100-SXM4-40GB MIG 4g.20gb (0),1,,13,cupy_copy__complex64_complex64
20798662438,3168,440250,35,1,1,128,1,1,16,0.000,0.000,,,,,NVIDIA A100-SXM4-40GB MIG 4g.20gb (0),1,,13,cupy_copy__complex64_complex64
20798743013,3328,440257,1,1,1,1,1,1,18,0.000,0.000,,,,,NVIDIA A100-SXM4-40GB MIG 4g.20gb (0),1,,13,cupy_copy__float32_float32
20798748293,299901,440268,1,1,1,32,32,1,30,0.000,0.000,,,,,NVIDIA A100-SXM4-40GB MIG 4g.20gb (0),1,,13,"void convert_kernel<__half2, float2>(tensor_layout_any, T1 *, tensor_layout_any, const T2 *)"
20799080289,7488,440271,,,,,,,,,,0.094,12512.820,Pinned,Device,NVIDIA A100-SXM4-40GB MIG 4g.20gb (0),1,,13,[CUDA memcpy Host-to-Device]
20799144801,5344,440272,,,,,,,,,,1.547,289412.016,Device,,NVIDIA A100-SXM4-40GB MIG 4g.20gb (0),1,,13,[CUDA memset]
20799156577,4031,440277,,,,,,,,,,0.031,7763.818,Pinned,Device,NVIDIA A100-SXM4-40GB MIG 4g.20gb (0),1,,13,[CUDA memcpy Host-to-Device]
20799163104,9376,440278,,,,,,,,,,0.197,20969.226,Pinned,Device,NVIDIA A100-SXM4-40GB MIG 4g.20gb (0),1,,13,[CUDA memcpy Host-to-Device]
20799235328,12959,440279,273,1,1,8,4,1,39,0.002,0.000,,,,,NVIDIA A100-SXM4-40GB MIG 4g.20gb (0),1,,13,"void channel_eq::eqMmseCoefCompLowMimoKernel<float, float, float, (unsigned int)4, (unsigned int)1, (unsigned int)4>(const channel_eq::_puschRxChEqStatDescr *, channel_eq::_puschRxChEqCoefCompDynDescr)"
20799324255,10304,440280,273,1,1,12,11,1,51,0.002,0.000,,,,,NVIDIA A100-SXM4-40GB MIG 4g.20gb (0),1,,13,"void channel_eq::eqMmseSoftDemapKernel<float, __half, __half, float, (unsigned int)4, (unsigned short)16383>(channel_eq::_puschRxChEqStatDescr *, channel_eq::_puschRxChEqSoftDemapDynDescr)"
20799414014,568601,440281,1,1,1,32,32,1,30,0.000,0.000,,,,,NVIDIA A100-SXM4-40GB MIG 4g.20gb (0),1,,13,"void convert_kernel<float2, __half2>(tensor_layout_any, T1 *, tensor_layout_any, const T2 *)"
20799984759,11936,440293,2253,1,1,128,1,1,16,0.000,0.000,,,,,NVIDIA A100-SXM4-40GB MIG 4g.20gb (0),1,,13,cupy_copy__float16_float16
20799998999,3552,440302,282,1,1,128,1,1,16,0.000,0.000,,,,,NVIDIA A100-SXM4-40GB MIG 4g.20gb (0),1,,13,cupy_copy__complex64_complex64
20800004855,2304,440311,26,1,1,128,1,1,16,0.000,0.000,,,,,NVIDIA A100-SXM4-40GB MIG 4g.20gb (0),1,,13,cupy_copy__float32_float32
20800009207,3168,440320,103,1,1,128,1,1,16,0.000,0.000,,,,,NVIDIA A100-SXM4-40GB MIG 4g.20gb (0),1,,13,cupy_copy__complex64_complex64
20800014359,12128,440330,1434,1,1,128,1,1,16,0.000,0.000,,,,,NVIDIA A100-SXM4-40GB MIG 4g.20gb (0),1,,13,cupy_copy__complex64_complex64
20800028503,79679,440335,1,1,1,32,32,1,30,0.000,0.000,,,,,NVIDIA A100-SXM4-40GB MIG 4g.20gb (0),1,,13,"void convert_kernel<__half2, float2>(tensor_layout_any, T1 *, tensor_layout_any, const T2 *)"
20800138006,6048,440338,,,,,,,,,,0.094,15491.978,Pinned,Device,NVIDIA A100-SXM4-40GB MIG 4g.20gb (0),1,,13,[CUDA memcpy Host-to-Device]
20800172693,604985,440339,,,,,,,,,,456.561,754239.499,Device,,NVIDIA A100-SXM4-40GB MIG 4g.20gb (0),1,,13,[CUDA memset]
20800781038,51936,440344,,,,,,,,,,1.235,23777.612,Pinned,Device,NVIDIA A100-SXM4-40GB MIG 4g.20gb (0),1,,13,[CUDA memcpy Host-to-Device]
20800836078,9312,440345,,,,,,,,,,0.197,21113.340,Pinned,Device,NVIDIA A100-SXM4-40GB MIG 4g.20gb (0),1,,13,[CUDA memcpy Host-to-Device]
20800852814,11039,440346,69,4,1,48,1,1,76,0.002,0.000,,,,,NVIDIA A100-SXM4-40GB MIG 4g.20gb (0),1,,13,"void ch_est::windowedChEstPreNoDftSOfdmKernel<float, __half, float, (unsigned int)2, (unsigned int)1, (unsigned short)4>(ch_est::puschRxChEstStatDescr_t *, ch_est::puschRxChEstDynDescr_t *)"
20800934221,11424,440347,137,2,1,24,2,1,44,0.001,0.001,,,,,NVIDIA A100-SXM4-40GB MIG 4g.20gb (0),1,,13,"void ch_est::chEstFilterNoDftSOfdmDispatchKernel<float, __half, float, (unsigned int)2>(ch_est::puschRxChEstStatDescr_t *, ch_est::puschRxChEstDynDescr_t *)"
20800948205,5663,440348,137,2,1,24,2,1,44,0.001,0.001,,,,,NVIDIA A100-SXM4-40GB MIG 4g.20gb (0),1,,13,"void ch_est::chEstFilterNoDftSOfdmDispatchKernel<float, __half, float, (unsigned int)2>(ch_est::puschRxChEstStatDescr_t *, ch_est::puschRxChEstDynDescr_t *)"
20800955532,2496,440359,103,1,1,128,1,1,16,0.000,0.000,,,,,NVIDIA A100-SXM4-40GB MIG 4g.20gb (0),1,,13,cupy_copy__complex64_complex64
20800959596,12992,440369,1434,1,1,128,1,1,16,0.000,0.000,,,,,NVIDIA A100-SXM4-40GB MIG 4g.20gb (0),1,,13,cupy_copy__complex64_complex64
20800974092,2464,440376,103,1,1,128,1,1,16,0.000,0.000,,,,,NVIDIA A100-SXM4-40GB MIG 4g.20gb (0),1,,13,cupy_copy__complex64_complex64
20800977836,242110,440383,1,1,1,32,32,1,30,0.000,0.000,,,,,NVIDIA A100-SXM4-40GB MIG 4g.20gb (0),1,,13,"void convert_kernel<__half2, float2>(tensor_layout_any, T1 *, tensor_layout_any, const T2 *)"
20801248393,5344,440386,,,,,,,,,,0.094,17532.864,Pinned,Device,NVIDIA A100-SXM4-40GB MIG 4g.20gb (0),1,,13,[CUDA memcpy Host-to-Device]
20801313128,52608,440387,,,,,,,,,,35.810,680674.959,Device,,NVIDIA A100-SXM4-40GB MIG 4g.20gb (0),1,,13,[CUDA memset]
20801373032,3232,440389,,,,,,,,,,0.000,24.752,Pinned,Device,NVIDIA A100-SXM4-40GB MIG 4g.20gb (0),1,,13,[CUDA memcpy Host-to-Device]
20801378760,10304,440390,,,,,,,,,,0.197,19080.610,Pinned,Device,NVIDIA A100-SXM4-40GB MIG 4g.20gb (0),1,,13,[CUDA memcpy Host-to-Device]
20801431943,13248,440391,273,1,1,48,1,1,40,0.000,0.001,,,,,NVIDIA A100-SXM4-40GB MIG 4g.20gb (0),1,,13,"void pusch_noise_intf_est::noiseIntfEstNoDftSOfdmKernel<float, __half, float, float, (unsigned int)2, (unsigned int)1, (unsigned char)4, (unsigned char)4>(pusch_noise_intf_est::puschRxNoiseIntfEstDynDescr)"
20801513766,6720,440402,35,1,1,128,1,1,16,0.000,0.000,,,,,NVIDIA A100-SXM4-40GB MIG 4g.20gb (0),1,,13,cupy_copy__complex64_complex64
20801523302,2816,440411,1,1,1,1,1,1,18,0.000,0.000,,,,,NVIDIA A100-SXM4-40GB MIG 4g.20gb (0),1,,13,cupy_copy__float32_float32
20801537062,1632,440417,,,,,,,,,,0.000,2.451,Device,Pageable,NVIDIA A100-SXM4-40GB MIG 4g.20gb (0),1,,7,[CUDA memcpy Device-to-Host]
20801603269,14816,440428,1434,1,1,128,1,1,16,0.000,0.000,,,,,NVIDIA A100-SXM4-40GB MIG 4g.20gb (0),1,,13,cupy_copy__complex64_complex64
20801684708,6592,440435,103,1,1,128,1,1,16,0.000,0.000,,,,,NVIDIA A100-SXM4-40GB MIG 4g.20gb (0),1,,13,cupy_copy__complex64_complex64
20801693380,3840,440442,35,1,1,128,1,1,16,0.000,0.000,,,,,NVIDIA A100-SXM4-40GB MIG 4g.20gb (0),1,,13,cupy_copy__complex64_complex64
20801702820,2016,440449,1,1,1,1,1,1,18,0.000,0.000,,,,,NVIDIA A100-SXM4-40GB MIG 4g.20gb (0),1,,13,cupy_copy__float32_float32
20801807843,504282,440460,1,1,1,32,32,1,30,0.000,0.000,,,,,NVIDIA A100-SXM4-40GB MIG 4g.20gb (0),1,,13,"void convert_kernel<__half2, float2>(tensor_layout_any, T1 *, tensor_layout_any, const T2 *)"
20802342301,5408,440463,,,,,,,,,,0.094,17325.421,Pinned,Device,NVIDIA A100-SXM4-40GB MIG 4g.20gb (0),1,,13,[CUDA memcpy Host-to-Device]
20802384701,5855,440464,,,,,,,,,,1.547,264154.099,Device,,NVIDIA A100-SXM4-40GB MIG 4g.20gb (0),1,,13,[CUDA memset]
20803442289,3360,440469,,,,,,,,,,0.031,9314.284,Pinned,Device,NVIDIA A100-SXM4-40GB MIG 4g.20gb (0),1,,13,[CUDA memcpy Host-to-Device]
20803450161,10368,440470,,,,,,,,,,0.197,18962.842,Pinned,Device,NVIDIA A100-SXM4-40GB MIG 4g.20gb (0),1,,13,[CUDA memcpy Host-to-Device]
20803488944,11840,440471,273,1,1,8,4,1,39,0.002,0.000,,,,,NVIDIA A100-SXM4-40GB MIG 4g.20gb (0),1,,13,"void channel_eq::eqMmseCoefCompLowMimoKernel<float, float, float, (unsigned int)4, (unsigned int)1, (unsigned int)4>(const channel_eq::_puschRxChEqStatDescr *, channel_eq::_puschRxChEqCoefCompDynDescr)"
20803571599,13216,440472,273,1,1,12,11,1,51,0.002,0.000,,,,,NVIDIA A100-SXM4-40GB MIG 4g.20gb (0),1,,13,"void channel_eq::eqMmseSoftDemapKernel<float, __half, __half, float, (unsigned int)4, (unsigned short)16383>(channel_eq::_puschRxChEqStatDescr *, channel_eq::_puschRxChEqSoftDemapDynDescr)"
20803657006,1393841,440473,1,1,1,32,32,1,30,0.000,0.000,,,,,NVIDIA A100-SXM4-40GB MIG 4g.20gb (0),1,,13,"void convert_kernel<float2, __half2>(tensor_layout_any, T1 *, tensor_layout_any, const T2 *)"
20805069983,17343,440485,2253,1,1,128,1,1,16,0.000,0.000,,,,,NVIDIA A100-SXM4-40GB MIG 4g.20gb (0),1,,13,cupy_copy__float16_float16
20805133502,9472,440494,282,1,1,128,1,1,16,0.000,0.000,,,,,NVIDIA A100-SXM4-40GB MIG 4g.20gb (0),1,,13,cupy_copy__complex64_complex64
20805145022,4192,440503,26,1,1,128,1,1,16,0.000,0.000,,,,,NVIDIA A100-SXM4-40GB MIG 4g.20gb (0),1,,13,cupy_copy__float32_float32
20805151326,3232,440512,103,1,1,128,1,1,16,0.000,0.000,,,,,NVIDIA A100-SXM4-40GB MIG 4g.20gb (0),1,,13,cupy_copy__complex64_complex64
20805216573,12192,440528,1434,1,1,128,1,1,16,0.000,0.000,,,,,NVIDIA A100-SXM4-40GB MIG 4g.20gb (0),1,,13,cupy_copy__complex64_complex64
20805336668,78975,440533,1,1,1,32,32,1,30,0.000,0.000,,,,,NVIDIA A100-SXM4-40GB MIG 4g.20gb (0),1,,13,"void convert_kernel<__half2, float2>(tensor_layout_any, T1 *, tensor_layout_any, const T2 *)"
20805445018,5344,440536,,,,,,,,,,0.094,17532.864,Pinned,Device,NVIDIA A100-SXM4-40GB MIG 4g.20gb (0),1,,13,[CUDA memcpy Host-to-Device]
20805454938,602202,440537,,,,,,,,,,456.561,757891.990,Device,,NVIDIA A100-SXM4-40GB MIG 4g.20gb (0),1,,13,[CUDA memset]
20806060628,49055,440542,,,,,,,,,,1.235,25174.333,Pinned,Device,NVIDIA A100-SXM4-40GB MIG 4g.20gb (0),1,,13,[CUDA memcpy Host-to-Device]
20806112339,9472,440543,,,,,,,,,,0.197,20756.693,Pinned,Device,NVIDIA A100-SXM4-40GB MIG 4g.20gb (0),1,,13,[CUDA memcpy Host-to-Device]
20806126643,7424,440544,69,4,1,48,1,1,76,0.002,0.000,,,,,NVIDIA A100-SXM4-40GB MIG 4g.20gb (0),1,,13,"void ch_est::windowedChEstPreNoDftSOfdmKernel<float, __half, float, (unsigned int)2, (unsigned int)1, (unsigned short)4>(ch_est::puschRxChEstStatDescr_t *, ch_est::puschRxChEstDynDescr_t *)"
20806135955,6624,440545,137,2,1,24,2,1,44,0.001,0.001,,,,,NVIDIA A100-SXM4-40GB MIG 4g.20gb (0),1,,13,"void ch_est::chEstFilterNoDftSOfdmDispatchKernel<float, __half, float, (unsigned int)2>(ch_est::puschRxChEstStatDescr_t *, ch_est::puschRxChEstDynDescr_t *)"
20806144627,4704,440546,137,2,1,24,2,1,44,0.001,0.001,,,,,NVIDIA A100-SXM4-40GB MIG 4g.20gb (0),1,,13,"void ch_est::chEstFilterNoDftSOfdmDispatchKernel<float, __half, float, (unsigned int)2>(ch_est::puschRxChEstStatDescr_t *, ch_est::puschRxChEstDynDescr_t *)"
20806151443,2463,440557,103,1,1,128,1,1,16,0.000,0.000,,,,,NVIDIA A100-SXM4-40GB MIG 4g.20gb (0),1,,13,cupy_copy__complex64_complex64
20806155442,12800,440567,1434,1,1,128,1,1,16,0.000,0.000,,,,,NVIDIA A100-SXM4-40GB MIG 4g.20gb (0),1,,13,cupy_copy__complex64_complex64
20806169970,2496,440574,103,1,1,128,1,1,16,0.000,0.000,,,,,NVIDIA A100-SXM4-40GB MIG 4g.20gb (0),1,,13,cupy_copy__complex64_complex64
20806174066,79775,440581,1,1,1,32,32,1,30,0.000,0.000,,,,,NVIDIA A100-SXM4-40GB MIG 4g.20gb (0),1,,13,"void convert_kernel<__half2, float2>(tensor_layout_any, T1 *, tensor_layout_any, const T2 *)"
20806282033,5344,440584,,,,,,,,,,0.094,17532.864,Pinned,Device,NVIDIA A100-SXM4-40GB MIG 4g.20gb (0),1,,13,[CUDA memcpy Host-to-Device]
20806294257,46527,440585,,,,,,,,,,35.810,769626.801,Device,,NVIDIA A100-SXM4-40GB MIG 4g.20gb (0),1,,13,[CUDA memset]
20806346736,1984,440587,,,,,,,,,,0.000,40.323,Pinned,Device,NVIDIA A100-SXM4-40GB MIG 4g.20gb (0),1,,13,[CUDA memcpy Host-to-Device]
20806351152,9568,440588,,,,,,,,,,0.197,20548.485,Pinned,Device,NVIDIA A100-SXM4-40GB MIG 4g.20gb (0),1,,13,[CUDA memcpy Host-to-Device]
20806365424,8640,440589,273,1,1,48,1,1,40,0.000,0.001,,,,,NVIDIA A100-SXM4-40GB MIG 4g.20gb (0),1,,13,"void pusch_noise_intf_est::noiseIntfEstNoDftSOfdmKernel<float, __half, float, float, (unsigned int)2, (unsigned int)1, (unsigned char)4, (unsigned char)4>(pusch_noise_intf_est::puschRxNoiseIntfEstDynDescr)"
20806376176,2880,440600,35,1,1,128,1,1,16,0.000,0.000,,,,,NVIDIA A100-SXM4-40GB MIG 4g.20gb (0),1,,13,cupy_copy__complex64_complex64
20806399440,1888,440609,1,1,1,1,1,1,18,0.000,0.000,,,,,NVIDIA A100-SXM4-40GB MIG 4g.20gb (0),1,,13,cupy_copy__float32_float32
20806434703,1600,440615,,,,,,,,,,0.000,2.500,Device,Pageable,NVIDIA A100-SXM4-40GB MIG 4g.20gb (0),1,,7,[CUDA memcpy Device-to-Host]
20806495407,13440,440626,1434,1,1,128,1,1,16,0.000,0.000,,,,,NVIDIA A100-SXM4-40GB MIG 4g.20gb (0),1,,13,cupy_copy__complex64_complex64
20806522318,2720,440633,103,1,1,128,1,1,16,0.000,0.000,,,,,NVIDIA A100-SXM4-40GB MIG 4g.20gb (0),1,,13,cupy_copy__complex64_complex64
20806542286,2208,440640,35,1,1,128,1,1,16,0.000,0.000,,,,,NVIDIA A100-SXM4-40GB MIG 4g.20gb (0),1,,13,cupy_copy__complex64_complex64
20806560206,1856,440647,1,1,1,1,1,1,18,0.000,0.000,,,,,NVIDIA A100-SXM4-40GB MIG 4g.20gb (0),1,,13,cupy_copy__float32_float32
20806696012,79264,440658,1,1,1,32,32,1,30,0.000,0.000,,,,,NVIDIA A100-SXM4-40GB MIG 4g.20gb (0),1,,13,"void convert_kernel<__half2, float2>(tensor_layout_any, T1 *, tensor_layout_any, const T2 *)"
20806803755,5376,440661,,,,,,,,,,0.094,17428.487,Pinned,Device,NVIDIA A100-SXM4-40GB MIG 4g.20gb (0),1,,13,[CUDA memcpy Host-to-Device]
20806818635,3200,440662,,,,,,,,,,1.547,483320.000,Device,,NVIDIA A100-SXM4-40GB MIG 4g.20gb (0),1,,13,[CUDA memset]
20806832811,3072,440667,,,,,,,,,,0.031,10187.474,Pinned,Device,NVIDIA A100-SXM4-40GB MIG 4g.20gb (0),1,,13,[CUDA memcpy Host-to-Device]
20806838283,9472,440668,,,,,,,,,,0.197,20756.693,Pinned,Device,NVIDIA A100-SXM4-40GB MIG 4g.20gb (0),1,,13,[CUDA memcpy Host-to-Device]
20806852043,5952,440669,273,1,1,8,4,1,39,0.002,0.000,,,,,NVIDIA A100-SXM4-40GB MIG 4g.20gb (0),1,,13,"void channel_eq::eqMmseCoefCompLowMimoKernel<float, float, float, (unsigned int)4, (unsigned int)1, (unsigned int)4>(const channel_eq::_puschRxChEqStatDescr *, channel_eq::_puschRxChEqCoefCompDynDescr)"
20806859787,6272,440670,273,1,1,12,11,1,51,0.002,0.000,,,,,NVIDIA A100-SXM4-40GB MIG 4g.20gb (0),1,,13,"void channel_eq::eqMmseSoftDemapKernel<float, __half, __half, float, (unsigned int)4, (unsigned short)16383>(channel_eq::_puschRxChEqStatDescr *, channel_eq::_puschRxChEqSoftDemapDynDescr)"
20806868011,281660,440671,1,1,1,32,32,1,30,0.000,0.000,,,,,NVIDIA A100-SXM4-40GB MIG 4g.20gb (0),1,,13,"void convert_kernel<float2, __half2>(tensor_layout_any, T1 *, tensor_layout_any, const T2 *)"
20807151431,10496,440683,2253,1,1,128,1,1,16,0.000,0.000,,,,,NVIDIA A100-SXM4-40GB MIG 4g.20gb (0),1,,13,cupy_copy__float16_float16
20807163271,2784,440692,282,1,1,128,1,1,16,0.000,0.000,,,,,NVIDIA A100-SXM4-40GB MIG 4g.20gb (0),1,,13,cupy_copy__complex64_complex64
20807168231,2080,440701,26,1,1,128,1,1,16,0.000,0.000,,,,,NVIDIA A100-SXM4-40GB MIG 4g.20gb (0),1,,13,cupy_copy__float32_float32
20807171783,2816,440710,103,1,1,128,1,1,16,0.000,0.000,,,,,NVIDIA A100-SXM4-40GB MIG 4g.20gb (0),1,,13,cupy_copy__complex64_complex64
20807175879,11424,440720,1434,1,1,128,1,1,16,0.000,0.000,,,,,NVIDIA A100-SXM4-40GB MIG 4g.20gb (0),1,,13,cupy_copy__complex64_complex64
20807220935,79711,440725,1,1,1,32,32,1,30,0.000,0.000,,,,,NVIDIA A100-SXM4-40GB MIG 4g.20gb (0),1,,13,"void convert_kernel<__half2, float2>(tensor_layout_any, T1 *, tensor_layout_any, const T2 *)"
20807333029,5440,440728,,,,,,,,,,0.094,17223.480,Pinned,Device,NVIDIA A100-SXM4-40GB MIG 4g.20gb (0),1,,13,[CUDA memcpy Host-to-Device]
20807343621,606105,440729,,,,,,,,,,456.561,752869.815,Device,,NVIDIA A100-SXM4-40GB MIG 4g.20gb (0),1,,13,[CUDA memset]
20807957470,51136,440734,,,,,,,,,,1.235,24149.330,Pinned,Device,NVIDIA A100-SXM4-40GB MIG 4g.20gb (0),1,,13,[CUDA memcpy Host-to-Device]
20808011422,9568,440735,,,,,,,,,,0.197,20548.485,Pinned,Device,NVIDIA A100-SXM4-40GB MIG 4g.20gb (0),1,,13,[CUDA memcpy Host-to-Device]
20808069245,12448,440736,69,4,1,48,1,1,76,0.002,0.000,,,,,NVIDIA A100-SXM4-40GB MIG 4g.20gb (0),1,,13,"void ch_est::windowedChEstPreNoDftSOfdmKernel<float, __half, float, (unsigned int)2, (unsigned int)1, (unsigned short)4>(ch_est::puschRxChEstStatDescr_t *, ch_est::puschRxChEstDynDescr_t *)"
20808082973,6976,440737,137,2,1,24,2,1,44,0.001,0.001,,,,,NVIDIA A100-SXM4-40GB MIG 4g.20gb (0),1,,13,"void ch_est::chEstFilterNoDftSOfdmDispatchKernel<float, __half, float, (unsigned int)2>(ch_est::puschRxChEstStatDescr_t *, ch_est::puschRxChEstDynDescr_t *)"
20808091389,5024,440738,137,2,1,24,2,1,44,0.001,0.001,,,,,NVIDIA A100-SXM4-40GB MIG 4g.20gb (0),1,,13,"void ch_est::chEstFilterNoDftSOfdmDispatchKernel<float, __half, float, (unsigned int)2>(ch_est::puschRxChEstStatDescr_t *, ch_est::puschRxChEstDynDescr_t *)"
20808098013,2496,440749,103,1,1,128,1,1,16,0.000,0.000,,,,,NVIDIA A100-SXM4-40GB MIG 4g.20gb (0),1,,13,cupy_copy__complex64_complex64
20808102941,12160,440759,1434,1,1,128,1,1,16,0.000,0.000,,,,,NVIDIA A100-SXM4-40GB MIG 4g.20gb (0),1,,13,cupy_copy__complex64_complex64
20808116573,2528,440766,103,1,1,128,1,1,16,0.000,0.000,,,,,NVIDIA A100-SXM4-40GB MIG 4g.20gb (0),1,,13,cupy_copy__complex64_complex64
20808120605,185085,440773,1,1,1,32,32,1,30,0.000,0.000,,,,,NVIDIA A100-SXM4-40GB MIG 4g.20gb (0),1,,13,"void convert_kernel<__half2, float2>(tensor_layout_any, T1 *, tensor_layout_any, const T2 *)"
20808336922,5504,440776,,,,,,,,,,0.094,17023.251,Pinned,Device,NVIDIA A100-SXM4-40GB MIG 4g.20gb (0),1,,13,[CUDA memcpy Host-to-Device]
20808368698,51615,440777,,,,,,,,,,35.810,693781.390,Device,,NVIDIA A100-SXM4-40GB MIG 4g.20gb (0),1,,13,[CUDA memset]
20808424313,2464,440779,,,,,,,,,,0.000,32.468,Pinned,Device,NVIDIA A100-SXM4-40GB MIG 4g.20gb (0),1,,13,[CUDA memcpy Host-to-Device]
20808429561,10144,440780,,,,,,,,,,0.197,19381.617,Pinned,Device,NVIDIA A100-SXM4-40GB MIG 4g.20gb (0),1,,13,[CUDA memcpy Host-to-Device]
20808466329,14720,440781,273,1,1,48,1,1,40,0.000,0.001,,,,,NVIDIA A100-SXM4-40GB MIG 4g.20gb (0),1,,13,"void pusch_noise_intf_est::noiseIntfEstNoDftSOfdmKernel<float, __half, float, float, (unsigned int)2, (unsigned int)1, (unsigned char)4, (unsigned char)4>(pusch_noise_intf_est::puschRxNoiseIntfEstDynDescr)"
20808529080,6176,440792,35,1,1,128,1,1,16,0.000,0.000,,,,,NVIDIA A100-SXM4-40GB MIG 4g.20gb (0),1,,13,cupy_copy__complex64_complex64
20808536952,2752,440801,1,1,1,1,1,1,18,0.000,0.000,,,,,NVIDIA A100-SXM4-40GB MIG 4g.20gb (0),1,,13,cupy_copy__float32_float32
20808548792,3232,440807,,,,,,,,,,0.000,1.238,Device,Pageable,NVIDIA A100-SXM4-40GB MIG 4g.20gb (0),1,,7,[CUDA memcpy Device-to-Host]
20808646135,22175,440818,1434,1,1,128,1,1,16,0.000,0.000,,,,,NVIDIA A100-SXM4-40GB MIG 4g.20gb (0),1,,13,cupy_copy__complex64_complex64
20808671030,3136,440825,103,1,1,128,1,1,16,0.000,0.000,,,,,NVIDIA A100-SXM4-40GB MIG 4g.20gb (0),1,,13,cupy_copy__complex64_complex64
20808718358,11168,440832,35,1,1,128,1,1,16,0.000,0.000,,,,,NVIDIA A100-SXM4-40GB MIG 4g.20gb (0),1,,13,cupy_copy__complex64_complex64
20808732086,2752,440839,1,1,1,1,1,1,18,0.000,0.000,,,,,NVIDIA A100-SXM4-40GB MIG 4g.20gb (0),1,,13,cupy_copy__float32_float32
20808841717,191005,440850,1,1,1,32,32,1,30,0.000,0.000,,,,,NVIDIA A100-SXM4-40GB MIG 4g.20gb (0),1,,13,"void convert_kernel<__half2, float2>(tensor_layout_any, T1 *, tensor_layout_any, const T2 *)"
20809076146,5344,440853,,,,,,,,,,0.094,17532.864,Pinned,Device,NVIDIA A100-SXM4-40GB MIG 4g.20gb (0),1,,13,[CUDA memcpy Host-to-Device]
20809086290,3648,440854,,,,,,,,,,1.547,423963.664,Device,,NVIDIA A100-SXM4-40GB MIG 4g.20gb (0),1,,13,[CUDA memset]
20809093426,3808,440859,,,,,,,,,,0.031,8218.486,Pinned,Device,NVIDIA A100-SXM4-40GB MIG 4g.20gb (0),1,,13,[CUDA memcpy Host-to-Device]
20809099346,9440,440860,,,,,,,,,,0.197,20827.079,Pinned,Device,NVIDIA A100-SXM4-40GB MIG 4g.20gb (0),1,,13,[CUDA memcpy Host-to-Device]
20809113169,6912,440861,273,1,1,8,4,1,39,0.002,0.000,,,,,NVIDIA A100-SXM4-40GB MIG 4g.20gb (0),1,,13,"void channel_eq::eqMmseCoefCompLowMimoKernel<float, float, float, (unsigned int)4, (unsigned int)1, (unsigned int)4>(const channel_eq::_puschRxChEqStatDescr *, channel_eq::_puschRxChEqCoefCompDynDescr)"
20809122033,5984,440862,273,1,1,12,11,1,51,0.002,0.000,,,,,NVIDIA A100-SXM4-40GB MIG 4g.20gb (0),1,,13,"void channel_eq::eqMmseSoftDemapKernel<float, __half, __half, float, (unsigned int)4, (unsigned short)16383>(channel_eq::_puschRxChEqStatDescr *, channel_eq::_puschRxChEqSoftDemapDynDescr)"
20809129585,281629,440863,1,1,1,32,32,1,30,0.000,0.000,,,,,NVIDIA A100-SXM4-40GB MIG 4g.20gb (0),1,,13,"void convert_kernel<float2, __half2>(tensor_layout_any, T1 *, tensor_layout_any, const T2 *)"
20809413550,10592,440875,2253,1,1,128,1,1,16,0.000,0.000,,,,,NVIDIA A100-SXM4-40GB MIG 4g.20gb (0),1,,13,cupy_copy__float16_float16
20809425678,2816,440884,282,1,1,128,1,1,16,0.000,0.000,,,,,NVIDIA A100-SXM4-40GB MIG 4g.20gb (0),1,,13,cupy_copy__complex64_complex64
20809430382,2080,440893,26,1,1,128,1,1,16,0.000,0.000,,,,,NVIDIA A100-SXM4-40GB MIG 4g.20gb (0),1,,13,cupy_copy__float32_float32
20809434478,2880,440902,103,1,1,128,1,1,16,0.000,0.000,,,,,NVIDIA A100-SXM4-40GB MIG 4g.20gb (0),1,,13,cupy_copy__complex64_complex64
20809439086,11936,440912,1434,1,1,128,1,1,16,0.000,0.000,,,,,NVIDIA A100-SXM4-40GB MIG 4g.20gb (0),1,,13,cupy_copy__complex64_complex64
20809466830,79391,440917,1,1,1,32,32,1,30,0.000,0.000,,,,,NVIDIA A100-SXM4-40GB MIG 4g.20gb (0),1,,13,"void convert_kernel<__half2, float2>(tensor_layout_any, T1 *, tensor_layout_any, const T2 *)"
20809576172,5344,440920,,,,,,,,,,0.094,17532.864,Pinned,Device,NVIDIA A100-SXM4-40GB MIG 4g.20gb (0),1,,13,[CUDA memcpy Host-to-Device]
20809590316,601785,440921,,,,,,,,,,456.561,758348.552,Device,,NVIDIA A100-SXM4-40GB MIG 4g.20gb (0),1,,13,[CUDA memset]
20810199717,48704,440926,,,,,,,,,,1.235,25355.870,Pinned,Device,NVIDIA A100-SXM4-40GB MIG 4g.20gb (0),1,,13,[CUDA memcpy Host-to-Device]
20810250853,9600,440927,,,,,,,,,,0.197,20479.869,Pinned,Device,NVIDIA A100-SXM4-40GB MIG 4g.20gb (0),1,,13,[CUDA memcpy Host-to-Device]
20810265157,7456,440928,69,4,1,48,1,1,76,0.002,0.000,,,,,NVIDIA A100-SXM4-40GB MIG 4g.20gb (0),1,,13,"void ch_est::windowedChEstPreNoDftSOfdmKernel<float, __half, float, (unsigned int)2, (unsigned int)1, (unsigned short)4>(ch_est::puschRxChEstStatDescr_t *, ch_est::puschRxChEstDynDescr_t *)"
20810274437,6399,440929,137,2,1,24,2,1,44,0.001,0.001,,,,,NVIDIA A100-SXM4-40GB MIG 4g.20gb (0),1,,13,"void ch_est::chEstFilterNoDftSOfdmDispatchKernel<float, __half, float, (unsigned int)2>(ch_est::puschRxChEstStatDescr_t *, ch_est::puschRxChEstDynDescr_t *)"
20810282084,5472,440930,137,2,1,24,2,1,44,0.001,0.001,,,,,NVIDIA A100-SXM4-40GB MIG 4g.20gb (0),1,,13,"void ch_est::chEstFilterNoDftSOfdmDispatchKernel<float, __half, float, (unsigned int)2>(ch_est::puschRxChEstStatDescr_t *, ch_est::puschRxChEstDynDescr_t *)"
20810289380,2464,440941,103,1,1,128,1,1,16,0.000,0.000,,,,,NVIDIA A100-SXM4-40GB MIG 4g.20gb (0),1,,13,cupy_copy__complex64_complex64
20810293764,12896,440951,1434,1,1,128,1,1,16,0.000,0.000,,,,,NVIDIA A100-SXM4-40GB MIG 4g.20gb (0),1,,13,cupy_copy__complex64_complex64
20810308804,2496,440958,103,1,1,128,1,1,16,0.000,0.000,,,,,NVIDIA A100-SXM4-40GB MIG 4g.20gb (0),1,,13,cupy_copy__complex64_complex64
20810313028,79999,440965,1,1,1,32,32,1,30,0.000,0.000,,,,,NVIDIA A100-SXM4-40GB MIG 4g.20gb (0),1,,13,"void convert_kernel<__half2, float2>(tensor_layout_any, T1 *, tensor_layout_any, const T2 *)"
20810421571,5344,440968,,,,,,,,,,0.094,17532.864,Pinned,Device,NVIDIA A100-SXM4-40GB MIG 4g.20gb (0),1,,13,[CUDA memcpy Host-to-Device]
20810433987,45951,440969,,,,,,,,,,35.810,779295.479,Device,,NVIDIA A100-SXM4-40GB MIG 4g.20gb (0),1,,13,[CUDA memset]
20810487426,2080,440971,,,,,,,,,,0.000,38.462,Pinned,Device,NVIDIA A100-SXM4-40GB MIG 4g.20gb (0),1,,13,[CUDA memcpy Host-to-Device]
20810491938,9504,440972,,,,,,,,,,0.197,20686.701,Pinned,Device,NVIDIA A100-SXM4-40GB MIG 4g.20gb (0),1,,13,[CUDA memcpy Host-to-Device]
20810506082,8416,440973,273,1,1,48,1,1,40,0.000,0.001,,,,,NVIDIA A100-SXM4-40GB MIG 4g.20gb (0),1,,13,"void pusch_noise_intf_est::noiseIntfEstNoDftSOfdmKernel<float, __half, float, float, (unsigned int)2, (unsigned int)1, (unsigned char)4, (unsigned char)4>(pusch_noise_intf_est::puschRxNoiseIntfEstDynDescr)"
20810516738,2944,440984,35,1,1,128,1,1,16,0.000,0.000,,,,,NVIDIA A100-SXM4-40GB MIG 4g.20gb (0),1,,13,cupy_copy__complex64_complex64
20810539202,1888,440993,1,1,1,1,1,1,18,0.000,0.000,,,,,NVIDIA A100-SXM4-40GB MIG 4g.20gb (0),1,,13,cupy_copy__float32_float32
20810572449,1728,440999,,,,,,,,,,0.000,2.315,Device,Pageable,NVIDIA A100-SXM4-40GB MIG 4g.20gb (0),1,,7,[CUDA memcpy Device-to-Host]
20810632545,13535,441010,1434,1,1,128,1,1,16,0.000,0.000,,,,,NVIDIA A100-SXM4-40GB MIG 4g.20gb (0),1,,13,cupy_copy__complex64_complex64
20810659168,2720,441017,103,1,1,128,1,1,16,0.000,0.000,,,,,NVIDIA A100-SXM4-40GB MIG 4g.20gb (0),1,,13,cupy_copy__complex64_complex64
20810678688,2208,441024,35,1,1,128,1,1,16,0.000,0.000,,,,,NVIDIA A100-SXM4-40GB MIG 4g.20gb (0),1,,13,cupy_copy__complex64_complex64
20810696832,1824,441031,1,1,1,1,1,1,18,0.000,0.000,,,,,NVIDIA A100-SXM4-40GB MIG 4g.20gb (0),1,,13,cupy_copy__float32_float32
20810831326,79967,441042,1,1,1,32,32,1,30,0.000,0.000,,,,,NVIDIA A100-SXM4-40GB MIG 4g.20gb (0),1,,13,"void convert_kernel<__half2, float2>(tensor_layout_any, T1 *, tensor_layout_any, const T2 *)"
20810953725,5376,441045,,,,,,,,,,0.094,17428.487,Pinned,Device,NVIDIA A100-SXM4-40GB MIG 4g.20gb (0),1,,13,[CUDA memcpy Host-to-Device]
20810980541,3200,441046,,,,,,,,,,1.547,483320.000,Device,,NVIDIA A100-SXM4-40GB MIG 4g.20gb (0),1,,13,[CUDA memset]
20810991485,3039,441051,,,,,,,,,,0.031,10298.105,Pinned,Device,NVIDIA A100-SXM4-40GB MIG 4g.20gb (0),1,,13,[CUDA memcpy Host-to-Device]
20810996956,9248,441052,,,,,,,,,,0.197,21259.420,Pinned,Device,NVIDIA A100-SXM4-40GB MIG 4g.20gb (0),1,,13,[CUDA memcpy Host-to-Device]
20811010268,6048,441053,273,1,1,8,4,1,39,0.002,0.000,,,,,NVIDIA A100-SXM4-40GB MIG 4g.20gb (0),1,,13,"void channel_eq::eqMmseCoefCompLowMimoKernel<float, float, float, (unsigned int)4, (unsigned int)1, (unsigned int)4>(const channel_eq::_puschRxChEqStatDescr *, channel_eq::_puschRxChEqCoefCompDynDescr)"
20811018172,6368,441054,273,1,1,12,11,1,51,0.002,0.000,,,,,NVIDIA A100-SXM4-40GB MIG 4g.20gb (0),1,,13,"void channel_eq::eqMmseSoftDemapKernel<float, __half, __half, float, (unsigned int)4, (unsigned short)16383>(channel_eq::_puschRxChEqStatDescr *, channel_eq::_puschRxChEqSoftDemapDynDescr)"
20811026844,287069,441055,1,1,1,32,32,1,30,0.000,0.000,,,,,NVIDIA A100-SXM4-40GB MIG 4g.20gb (0),1,,13,"void convert_kernel<float2, __half2>(tensor_layout_any, T1 *, tensor_layout_any, const T2 *)"
20811339609,13823,441067,2253,1,1,128,1,1,16,0.000,0.000,,,,,NVIDIA A100-SXM4-40GB MIG 4g.20gb (0),1,,13,cupy_copy__float16_float16
20811356248,3424,441076,282,1,1,128,1,1,16,0.000,0.000,,,,,NVIDIA A100-SXM4-40GB MIG 4g.20gb (0),1,,13,cupy_copy__complex64_complex64
20811361592,3520,441085,26,1,1,128,1,1,16,0.000,0.000,,,,,NVIDIA A100-SXM4-40GB MIG 4g.20gb (0),1,,13,cupy_copy__float32_float32
20811366552,3584,441094,103,1,1,128,1,1,16,0.000,0.000,,,,,NVIDIA A100-SXM4-40GB MIG 4g.20gb (0),1,,13,cupy_copy__complex64_complex64
20811457271,14240,441104,1434,1,1,128,1,1,16,0.000,0.000,,,,,NVIDIA A100-SXM4-40GB MIG 4g.20gb (0),1,,13,cupy_copy__complex64_complex64
20811473463,79839,441109,1,1,1,32,32,1,30,0.000,0.000,,,,,NVIDIA A100-SXM4-40GB MIG 4g.20gb (0),1,,13,"void convert_kernel<__half2, float2>(tensor_layout_any, T1 *, tensor_layout_any, const T2 *)"
20811582454,6080,441112,,,,,,,,,,0.094,15410.462,Pinned,Device,NVIDIA A100-SXM4-40GB MIG 4g.20gb (0),1,,13,[CUDA memcpy Host-to-Device]
20811593398,603129,441113,,,,,,,,,,456.561,756978.868,Device,,NVIDIA A100-SXM4-40GB MIG 4g.20gb (0),1,,13,[CUDA memset]
20812204815,50847,441118,,,,,,,,,,1.235,24286.409,Pinned,Device,NVIDIA A100-SXM4-40GB MIG 4g.20gb (0),1,,13,[CUDA memcpy Host-to-Device]
20812258094,10080,441119,,,,,,,,,,0.197,19504.693,Pinned,Device,NVIDIA A100-SXM4-40GB MIG 4g.20gb (0),1,,13,[CUDA memcpy Host-to-Device]
20812272046,7072,441120,69,4,1,48,1,1,76,0.002,0.000,,,,,NVIDIA A100-SXM4-40GB MIG 4g.20gb (0),1,,13,"void ch_est::windowedChEstPreNoDftSOfdmKernel<float, __half, float, (unsigned int)2, (unsigned int)1, (unsigned short)4>(ch_est::puschRxChEstStatDescr_t *, ch_est::puschRxChEstDynDescr_t *)"
20812280462,6656,441121,137,2,1,24,2,1,44,0.001,0.001,,,,,NVIDIA A100-SXM4-40GB MIG 4g.20gb (0),1,,13,"void ch_est::chEstFilterNoDftSOfdmDispatchKernel<float, __half, float, (unsigned int)2>(ch_est::puschRxChEstStatDescr_t *, ch_est::puschRxChEstDynDescr_t *)"
20812289678,4736,441122,137,2,1,24,2,1,44,0.001,0.001,,,,,NVIDIA A100-SXM4-40GB MIG 4g.20gb (0),1,,13,"void ch_est::chEstFilterNoDftSOfdmDispatchKernel<float, __half, float, (unsigned int)2>(ch_est::puschRxChEstStatDescr_t *, ch_est::puschRxChEstDynDescr_t *)"
20812295886,2464,441133,103,1,1,128,1,1,16,0.000,0.000,,,,,NVIDIA A100-SXM4-40GB MIG 4g.20gb (0),1,,13,cupy_copy__complex64_complex64
20812300174,12928,441143,1434,1,1,128,1,1,16,0.000,0.000,,,,,NVIDIA A100-SXM4-40GB MIG 4g.20gb (0),1,,13,cupy_copy__complex64_complex64
20812314894,2528,441150,103,1,1,128,1,1,16,0.000,0.000,,,,,NVIDIA A100-SXM4-40GB MIG 4g.20gb (0),1,,13,cupy_copy__complex64_complex64
20812319630,79071,441157,1,1,1,32,32,1,30,0.000,0.000,,,,,NVIDIA A100-SXM4-40GB MIG 4g.20gb (0),1,,13,"void convert_kernel<__half2, float2>(tensor_layout_any, T1 *, tensor_layout_any, const T2 *)"
20812428428,5760,441160,,,,,,,,,,0.094,16266.656,Pinned,Device,NVIDIA A100-SXM4-40GB MIG 4g.20gb (0),1,,13,[CUDA memcpy Host-to-Device]
20812439276,46304,441161,,,,,,,,,,35.810,773351.032,Device,,NVIDIA A100-SXM4-40GB MIG 4g.20gb (0),1,,13,[CUDA memset]
20812492716,1888,441163,,,,,,,,,,0.000,42.373,Pinned,Device,NVIDIA A100-SXM4-40GB MIG 4g.20gb (0),1,,13,[CUDA memcpy Host-to-Device]
20812497036,10912,441164,,,,,,,,,,0.197,18017.550,Pinned,Device,NVIDIA A100-SXM4-40GB MIG 4g.20gb (0),1,,13,[CUDA memcpy Host-to-Device]
20812512684,8607,441165,273,1,1,48,1,1,40,0.000,0.001,,,,,NVIDIA A100-SXM4-40GB MIG 4g.20gb (0),1,,13,"void pusch_noise_intf_est::noiseIntfEstNoDftSOfdmKernel<float, __half, float, float, (unsigned int)2, (unsigned int)1, (unsigned char)4, (unsigned char)4>(pusch_noise_intf_est::puschRxNoiseIntfEstDynDescr)"
20812523499,2912,441176,35,1,1,128,1,1,16,0.000,0.000,,,,,NVIDIA A100-SXM4-40GB MIG 4g.20gb (0),1,,13,cupy_copy__complex64_complex64
20812545931,1888,441185,1,1,1,1,1,1,18,0.000,0.000,,,,,NVIDIA A100-SXM4-40GB MIG 4g.20gb (0),1,,13,cupy_copy__float32_float32
20812581899,1600,441191,,,,,,,,,,0.000,2.500,Device,Pageable,NVIDIA A100-SXM4-40GB MIG 4g.20gb (0),1,,7,[CUDA memcpy Device-to-Host]
20812641706,12992,441202,1434,1,1,128,1,1,16,0.000,0.000,,,,,NVIDIA A100-SXM4-40GB MIG 4g.20gb (0),1,,13,cupy_copy__complex64_complex64
20812667978,2720,441209,103,1,1,128,1,1,16,0.000,0.000,,,,,NVIDIA A100-SXM4-40GB MIG 4g.20gb (0),1,,13,cupy_copy__complex64_complex64
20812687754,2208,441216,35,1,1,128,1,1,16,0.000,0.000,,,,,NVIDIA A100-SXM4-40GB MIG 4g.20gb (0),1,,13,cupy_copy__complex64_complex64
20812705321,1824,441223,1,1,1,1,1,1,18,0.000,0.000,,,,,NVIDIA A100-SXM4-40GB MIG 4g.20gb (0),1,,13,cupy_copy__float32_float32
20812851048,80287,441234,1,1,1,32,32,1,30,0.000,0.000,,,,,NVIDIA A100-SXM4-40GB MIG 4g.20gb (0),1,,13,"void convert_kernel<__half2, float2>(tensor_layout_any, T1 *, tensor_layout_any, const T2 *)"
20812959783,5760,441237,,,,,,,,,,0.094,16266.656,Pinned,Device,NVIDIA A100-SXM4-40GB MIG 4g.20gb (0),1,,13,[CUDA memcpy Host-to-Device]
20812973926,3200,441238,,,,,,,,,,1.547,483320.000,Device,,NVIDIA A100-SXM4-40GB MIG 4g.20gb (0),1,,13,[CUDA memset]
20812980326,3008,441243,,,,,,,,,,0.031,10404.230,Pinned,Device,NVIDIA A100-SXM4-40GB MIG 4g.20gb (0),1,,13,[CUDA memcpy Host-to-Device]
20812985766,9344,441244,,,,,,,,,,0.197,21040.988,Pinned,Device,NVIDIA A100-SXM4-40GB MIG 4g.20gb (0),1,,13,[CUDA memcpy Host-to-Device]
20812999014,6304,441245,273,1,1,8,4,1,39,0.002,0.000,,,,,NVIDIA A100-SXM4-40GB MIG 4g.20gb (0),1,,13,"void channel_eq::eqMmseCoefCompLowMimoKernel<float, float, float, (unsigned int)4, (unsigned int)1, (unsigned int)4>(const channel_eq::_puschRxChEqStatDescr *, channel_eq::_puschRxChEqCoefCompDynDescr)"
20813007398,6432,441246,273,1,1,12,11,1,51,0.002,0.000,,,,,NVIDIA A100-SXM4-40GB MIG 4g.20gb (0),1,,13,"void channel_eq::eqMmseSoftDemapKernel<float, __half, __half, float, (unsigned int)4, (unsigned short)16383>(channel_eq::_puschRxChEqStatDescr *, channel_eq::_puschRxChEqSoftDemapDynDescr)"
20813016038,281373,441247,1,1,1,32,32,1,30,0.000,0.000,,,,,NVIDIA A100-SXM4-40GB MIG 4g.20gb (0),1,,13,"void convert_kernel<float2, __half2>(tensor_layout_any, T1 *, tensor_layout_any, const T2 *)"
20813299491,10624,441259,2253,1,1,128,1,1,16,0.000,0.000,,,,,NVIDIA A100-SXM4-40GB MIG 4g.20gb (0),1,,13,cupy_copy__float16_float16
20813312611,2784,441268,282,1,1,128,1,1,16,0.000,0.000,,,,,NVIDIA A100-SXM4-40GB MIG 4g.20gb (0),1,,13,cupy_copy__complex64_complex64
20813317283,2048,441277,26,1,1,128,1,1,16,0.000,0.000,,,,,NVIDIA A100-SXM4-40GB MIG 4g.20gb (0),1,,13,cupy_copy__float32_float32
20813321283,2816,441286,103,1,1,128,1,1,16,0.000,0.000,,,,,NVIDIA A100-SXM4-40GB MIG 4g.20gb (0),1,,13,cupy_copy__complex64_complex64
20813325762,11360,441296,1434,1,1,128,1,1,16,0.000,0.000,,,,,NVIDIA A100-SXM4-40GB MIG 4g.20gb (0),1,,13,cupy_copy__complex64_complex64
20813351970,79871,441301,1,1,1,32,32,1,30,0.000,0.000,,,,,NVIDIA A100-SXM4-40GB MIG 4g.20gb (0),1,,13,"void convert_kernel<__half2, float2>(tensor_layout_any, T1 *, tensor_layout_any, const T2 *)"
20813460289,5344,441304,,,,,,,,,,0.094,17532.864,Pinned,Device,NVIDIA A100-SXM4-40GB MIG 4g.20gb (0),1,,13,[CUDA memcpy Host-to-Device]
20813470561,601657,441305,,,,,,,,,,456.561,758805.113,Device,,NVIDIA A100-SXM4-40GB MIG 4g.20gb (0),1,,13,[CUDA memset]
20814076186,48928,441310,,,,,,,,,,1.235,25239.785,Pinned,Device,NVIDIA A100-SXM4-40GB MIG 4g.20gb (0),1,,13,[CUDA memcpy Host-to-Device]
20814128506,9503,441311,,,,,,,,,,0.197,20688.863,Pinned,Device,NVIDIA A100-SXM4-40GB MIG 4g.20gb (0),1,,13,[CUDA memcpy Host-to-Device]
20814141881,7616,441312,69,4,1,48,1,1,76,0.002,0.000,,,,,NVIDIA A100-SXM4-40GB MIG 4g.20gb (0),1,,13,"void ch_est::windowedChEstPreNoDftSOfdmKernel<float, __half, float, (unsigned int)2, (unsigned int)1, (unsigned short)4>(ch_est::puschRxChEstStatDescr_t *, ch_est::puschRxChEstDynDescr_t *)"
20814151193,6336,441313,137,2,1,24,2,1,44,0.001,0.001,,,,,NVIDIA A100-SXM4-40GB MIG 4g.20gb (0),1,,13,"void ch_est::chEstFilterNoDftSOfdmDispatchKernel<float, __half, float, (unsigned int)2>(ch_est::puschRxChEstStatDescr_t *, ch_est::puschRxChEstDynDescr_t *)"
20814158841,5024,441314,137,2,1,24,2,1,44,0.001,0.001,,,,,NVIDIA A100-SXM4-40GB MIG 4g.20gb (0),1,,13,"void ch_est::chEstFilterNoDftSOfdmDispatchKernel<float, __half, float, (unsigned int)2>(ch_est::puschRxChEstStatDescr_t *, ch_est::puschRxChEstDynDescr_t *)"
20814166009,2432,441325,103,1,1,128,1,1,16,0.000,0.000,,,,,NVIDIA A100-SXM4-40GB MIG 4g.20gb (0),1,,13,cupy_copy__complex64_complex64
20814170617,12544,441335,1434,1,1,128,1,1,16,0.000,0.000,,,,,NVIDIA A100-SXM4-40GB MIG 4g.20gb (0),1,,13,cupy_copy__complex64_complex64
20814184761,2496,441342,103,1,1,128,1,1,16,0.000,0.000,,,,,NVIDIA A100-SXM4-40GB MIG 4g.20gb (0),1,,13,cupy_copy__complex64_complex64
20814189465,79327,441349,1,1,1,32,32,1,30,0.000,0.000,,,,,NVIDIA A100-SXM4-40GB MIG 4g.20gb (0),1,,13,"void convert_kernel<__half2, float2>(tensor_layout_any, T1 *, tensor_layout_any, const T2 *)"
20814302648,6080,441352,,,,,,,,,,0.094,15410.462,Pinned,Device,NVIDIA A100-SXM4-40GB MIG 4g.20gb (0),1,,13,[CUDA memcpy Host-to-Device]
20814313303,46816,441353,,,,,,,,,,35.810,764899.891,Device,,NVIDIA A100-SXM4-40GB MIG 4g.20gb (0),1,,13,[CUDA memset]
20814364279,1984,441355,,,,,,,,,,0.000,40.323,Pinned,Device,NVIDIA A100-SXM4-40GB MIG 4g.20gb (0),1,,13,[CUDA memcpy Host-to-Device]
20814368695,9664,441356,,,,,,,,,,0.197,20344.209,Pinned,Device,NVIDIA A100-SXM4-40GB MIG 4g.20gb (0),1,,13,[CUDA memcpy Host-to-Device]
20814383127,10592,441357,273,1,1,48,1,1,40,0.000,0.001,,,,,NVIDIA A100-SXM4-40GB MIG 4g.20gb (0),1,,13,"void pusch_noise_intf_est::noiseIntfEstNoDftSOfdmKernel<float, __half, float, float, (unsigned int)2, (unsigned int)1, (unsigned char)4, (unsigned char)4>(pusch_noise_intf_est::puschRxNoiseIntfEstDynDescr)"
20814395959,2976,441368,35,1,1,128,1,1,16,0.000,0.000,,,,,NVIDIA A100-SXM4-40GB MIG 4g.20gb (0),1,,13,cupy_copy__complex64_complex64
20814501301,3680,441377,1,1,1,1,1,1,18,0.000,0.000,,,,,NVIDIA A100-SXM4-40GB MIG 4g.20gb (0),1,,13,cupy_copy__float32_float32
20814511797,1664,441383,,,,,,,,,,0.000,2.404,Device,Pageable,NVIDIA A100-SXM4-40GB MIG 4g.20gb (0),1,,7,[CUDA memcpy Device-to-Host]
20814620916,13952,441394,1434,1,1,128,1,1,16,0.000,0.000,,,,,NVIDIA A100-SXM4-40GB MIG 4g.20gb (0),1,,13,cupy_copy__complex64_complex64
20814636532,3008,441401,103,1,1,128,1,1,16,0.000,0.000,,,,,NVIDIA A100-SXM4-40GB MIG 4g.20gb (0),1,,13,cupy_copy__complex64_complex64
20814641204,3680,441408,35,1,1,128,1,1,16,0.000,0.000,,,,,NVIDIA A100-SXM4-40GB MIG 4g.20gb (0),1,,13,cupy_copy__complex64_complex64
20814649044,1856,441415,1,1,1,1,1,1,18,0.000,0.000,,,,,NVIDIA A100-SXM4-40GB MIG 4g.20gb (0),1,,13,cupy_copy__float32_float32
20814784626,78943,441426,1,1,1,32,32,1,30,0.000,0.000,,,,,NVIDIA A100-SXM4-40GB MIG 4g.20gb (0),1,,13,"void convert_kernel<__half2, float2>(tensor_layout_any, T1 *, tensor_layout_any, const T2 *)"
20814891953,5376,441429,,,,,,,,,,0.094,17428.487,Pinned,Device,NVIDIA A100-SXM4-40GB MIG 4g.20gb (0),1,,13,[CUDA memcpy Host-to-Device]
20814906513,3168,441430,,,,,,,,,,1.547,488201.145,Device,,NVIDIA A100-SXM4-40GB MIG 4g.20gb (0),1,,13,[CUDA memset]
20814913681,3008,441435,,,,,,,,,,0.031,10404.230,Pinned,Device,NVIDIA A100-SXM4-40GB MIG 4g.20gb (0),1,,13,[CUDA memcpy Host-to-Device]
20814919121,9376,441436,,,,,,,,,,0.197,20969.226,Pinned,Device,NVIDIA A100-SXM4-40GB MIG 4g.20gb (0),1,,13,[CUDA memcpy Host-to-Device]
20814932497,5984,441437,273,1,1,8,4,1,39,0.002,0.000,,,,,NVIDIA A100-SXM4-40GB MIG 4g.20gb (0),1,,13,"void channel_eq::eqMmseCoefCompLowMimoKernel<float, float, float, (unsigned int)4, (unsigned int)1, (unsigned int)4>(const channel_eq::_puschRxChEqStatDescr *, channel_eq::_puschRxChEqCoefCompDynDescr)"
20814939824,6048,441438,273,1,1,12,11,1,51,0.002,0.000,,,,,NVIDIA A100-SXM4-40GB MIG 4g.20gb (0),1,,13,"void channel_eq::eqMmseSoftDemapKernel<float, __half, __half, float, (unsigned int)4, (unsigned short)16383>(channel_eq::_puschRxChEqStatDescr *, channel_eq::_puschRxChEqSoftDemapDynDescr)"
20814948400,281469,441439,1,1,1,32,32,1,30,0.000,0.000,,,,,NVIDIA A100-SXM4-40GB MIG 4g.20gb (0),1,,13,"void convert_kernel<float2, __half2>(tensor_layout_any, T1 *, tensor_layout_any, const T2 *)"
20815231725,10624,441451,2253,1,1,128,1,1,16,0.000,0.000,,,,,NVIDIA A100-SXM4-40GB MIG 4g.20gb (0),1,,13,cupy_copy__float16_float16
20815243885,2816,441460,282,1,1,128,1,1,16,0.000,0.000,,,,,NVIDIA A100-SXM4-40GB MIG 4g.20gb (0),1,,13,cupy_copy__complex64_complex64
20815248077,2080,441469,26,1,1,128,1,1,16,0.000,0.000,,,,,NVIDIA A100-SXM4-40GB MIG 4g.20gb (0),1,,13,cupy_copy__float32_float32
20815251693,2816,441478,103,1,1,128,1,1,16,0.000,0.000,,,,,NVIDIA A100-SXM4-40GB MIG 4g.20gb (0),1,,13,cupy_copy__complex64_complex64
20815256813,11328,441488,1434,1,1,128,1,1,16,0.000,0.000,,,,,NVIDIA A100-SXM4-40GB MIG 4g.20gb (0),1,,13,cupy_copy__complex64_complex64
20815283693,79455,441493,1,1,1,32,32,1,30,0.000,0.000,,,,,NVIDIA A100-SXM4-40GB MIG 4g.20gb (0),1,,13,"void convert_kernel<__half2, float2>(tensor_layout_any, T1 *, tensor_layout_any, const T2 *)"
20815391371,5440,441496,,,,,,,,,,0.094,17223.480,Pinned,Device,NVIDIA A100-SXM4-40GB MIG 4g.20gb (0),1,,13,[CUDA memcpy Host-to-Device]
20815401227,604602,441497,,,,,,,,,,456.561,754696.060,Device,,NVIDIA A100-SXM4-40GB MIG 4g.20gb (0),1,,13,[CUDA memset]
20816009381,48927,441502,,,,,,,,,,1.235,25239.785,Pinned,Device,NVIDIA A100-SXM4-40GB MIG 4g.20gb (0),1,,13,[CUDA memcpy Host-to-Device]
20816060740,9408,441503,,,,,,,,,,0.197,20897.858,Pinned,Device,NVIDIA A100-SXM4-40GB MIG 4g.20gb (0),1,,13,[CUDA memcpy Host-to-Device]
20816073924,7328,441504,69,4,1,48,1,1,76,0.002,0.000,,,,,NVIDIA A100-SXM4-40GB MIG 4g.20gb (0),1,,13,"void ch_est::windowedChEstPreNoDftSOfdmKernel<float, __half, float, (unsigned int)2, (unsigned int)1, (unsigned short)4>(ch_est::puschRxChEstStatDescr_t *, ch_est::puschRxChEstDynDescr_t *)"
20816083492,6592,441505,137,2,1,24,2,1,44,0.001,0.001,,,,,NVIDIA A100-SXM4-40GB MIG 4g.20gb (0),1,,13,"void ch_est::chEstFilterNoDftSOfdmDispatchKernel<float, __half, float, (unsigned int)2>(ch_est::puschRxChEstStatDescr_t *, ch_est::puschRxChEstDynDescr_t *)"
20816092228,5440,441506,137,2,1,24,2,1,44,0.001,0.001,,,,,NVIDIA A100-SXM4-40GB MIG 4g.20gb (0),1,,13,"void ch_est::chEstFilterNoDftSOfdmDispatchKernel<float, __half, float, (unsigned int)2>(ch_est::puschRxChEstStatDescr_t *, ch_est::puschRxChEstDynDescr_t *)"
20816100004,2464,441517,103,1,1,128,1,1,16,0.000,0.000,,,,,NVIDIA A100-SXM4-40GB MIG 4g.20gb (0),1,,13,cupy_copy__complex64_complex64
20816104611,13184,441527,1434,1,1,128,1,1,16,0.000,0.000,,,,,NVIDIA A100-SXM4-40GB MIG 4g.20gb (0),1,,13,cupy_copy__complex64_complex64
20816119971,2496,441534,103,1,1,128,1,1,16,0.000,0.000,,,,,NVIDIA A100-SXM4-40GB MIG 4g.20gb (0),1,,13,cupy_copy__complex64_complex64
20816124003,79391,441541,1,1,1,32,32,1,30,0.000,0.000,,,,,NVIDIA A100-SXM4-40GB MIG 4g.20gb (0),1,,13,"void convert_kernel<__half2, float2>(tensor_layout_any, T1 *, tensor_layout_any, const T2 *)"
20816232546,5344,441544,,,,,,,,,,0.094,17532.864,Pinned,Device,NVIDIA A100-SXM4-40GB MIG 4g.20gb (0),1,,13,[CUDA memcpy Host-to-Device]
20816245154,46111,441545,,,,,,,,,,35.810,776573.925,Device,,NVIDIA A100-SXM4-40GB MIG 4g.20gb (0),1,,13,[CUDA memset]
20816297537,1824,441547,,,,,,,,,,0.000,43.860,Pinned,Device,NVIDIA A100-SXM4-40GB MIG 4g.20gb (0),1,,13,[CUDA memcpy Host-to-Device]
20816301953,9344,441548,,,,,,,,,,0.197,21040.988,Pinned,Device,NVIDIA A100-SXM4-40GB MIG 4g.20gb (0),1,,13,[CUDA memcpy Host-to-Device]
20816315201,8928,441549,273,1,1,48,1,1,40,0.000,0.001,,,,,NVIDIA A100-SXM4-40GB MIG 4g.20gb (0),1,,13,"void pusch_noise_intf_est::noiseIntfEstNoDftSOfdmKernel<float, __half, float, float, (unsigned int)2, (unsigned int)1, (unsigned char)4, (unsigned char)4>(pusch_noise_intf_est::puschRxNoiseIntfEstDynDescr)"
20816326017,2912,441560,35,1,1,128,1,1,16,0.000,0.000,,,,,NVIDIA A100-SXM4-40GB MIG 4g.20gb (0),1,,13,cupy_copy__complex64_complex64
20816351713,1888,441569,1,1,1,1,1,1,18,0.000,0.000,,,,,NVIDIA A100-SXM4-40GB MIG 4g.20gb (0),1,,13,cupy_copy__float32_float32
20816386848,1632,441575,,,,,,,,,,0.000,2.451,Device,Pageable,NVIDIA A100-SXM4-40GB MIG 4g.20gb (0),1,,7,[CUDA memcpy Device-to-Host]
20816446336,13376,441586,1434,1,1,128,1,1,16,0.000,0.000,,,,,NVIDIA A100-SXM4-40GB MIG 4g.20gb (0),1,,13,cupy_copy__complex64_complex64
20816472415,2720,441593,103,1,1,128,1,1,16,0.000,0.000,,,,,NVIDIA A100-SXM4-40GB MIG 4g.20gb (0),1,,13,cupy_copy__complex64_complex64
20816511775,2208,441600,35,1,1,128,1,1,16,0.000,0.000,,,,,NVIDIA A100-SXM4-40GB MIG 4g.20gb (0),1,,13,cupy_copy__complex64_complex64
20816531103,1824,441607,1,1,1,1,1,1,18,0.000,0.000,,,,,NVIDIA A100-SXM4-40GB MIG 4g.20gb (0),1,,13,cupy_copy__float32_float32
20816666493,79839,441618,1,1,1,32,32,1,30,0.000,0.000,,,,,NVIDIA A100-SXM4-40GB MIG 4g.20gb (0),1,,13,"void convert_kernel<__half2, float2>(tensor_layout_any, T1 *, tensor_layout_any, const T2 *)"
20816773884,5344,441621,,,,,,,,,,0.094,17532.864,Pinned,Device,NVIDIA A100-SXM4-40GB MIG 4g.20gb (0),1,,13,[CUDA memcpy Host-to-Device]
20816788156,3168,441622,,,,,,,,,,1.547,488201.145,Device,,NVIDIA A100-SXM4-40GB MIG 4g.20gb (0),1,,13,[CUDA memset]
20816794492,3008,441627,,,,,,,,,,0.031,10404.230,Pinned,Device,NVIDIA A100-SXM4-40GB MIG 4g.20gb (0),1,,13,[CUDA memcpy Host-to-Device]
20816800732,9344,441628,,,,,,,,,,0.197,21040.988,Pinned,Device,NVIDIA A100-SXM4-40GB MIG 4g.20gb (0),1,,13,[CUDA memcpy Host-to-Device]
20816814012,5952,441629,273,1,1,8,4,1,39,0.002,0.000,,,,,NVIDIA A100-SXM4-40GB MIG 4g.20gb (0),1,,13,"void channel_eq::eqMmseCoefCompLowMimoKernel<float, float, float, (unsigned int)4, (unsigned int)1, (unsigned int)4>(const channel_eq::_puschRxChEqStatDescr *, channel_eq::_puschRxChEqCoefCompDynDescr)"
20816821628,5791,441630,273,1,1,12,11,1,51,0.002,0.000,,,,,NVIDIA A100-SXM4-40GB MIG 4g.20gb (0),1,,13,"void channel_eq::eqMmseSoftDemapKernel<float, __half, __half, float, (unsigned int)4, (unsigned short)16383>(channel_eq::_puschRxChEqStatDescr *, channel_eq::_puschRxChEqSoftDemapDynDescr)"
20816829211,286397,441631,1,1,1,32,32,1,30,0.000,0.000,,,,,NVIDIA A100-SXM4-40GB MIG 4g.20gb (0),1,,13,"void convert_kernel<float2, __half2>(tensor_layout_any, T1 *, tensor_layout_any, const T2 *)"
20817150648,13728,441643,2253,1,1,128,1,1,16,0.000,0.000,,,,,NVIDIA A100-SXM4-40GB MIG 4g.20gb (0),1,,13,cupy_copy__float16_float16
20817165976,4736,441652,282,1,1,128,1,1,16,0.000,0.000,,,,,NVIDIA A100-SXM4-40GB MIG 4g.20gb (0),1,,13,cupy_copy__complex64_complex64
20817171992,3360,441661,26,1,1,128,1,1,16,0.000,0.000,,,,,NVIDIA A100-SXM4-40GB MIG 4g.20gb (0),1,,13,cupy_copy__float32_float32
20817219255,6240,441670,103,1,1,128,1,1,16,0.000,0.000,,,,,NVIDIA A100-SXM4-40GB MIG 4g.20gb (0),1,,13,cupy_copy__complex64_complex64
20817227543,13280,441680,1434,1,1,128,1,1,16,0.000,0.000,,,,,NVIDIA A100-SXM4-40GB MIG 4g.20gb (0),1,,13,cupy_copy__complex64_complex64
20817242167,115487,441685,1,1,1,32,32,1,30,0.000,0.000,,,,,NVIDIA A100-SXM4-40GB MIG 4g.20gb (0),1,,13,"void convert_kernel<__half2, float2>(tensor_layout_any, T1 *, tensor_layout_any, const T2 *)"
20817391349,5376,441688,,,,,,,,,,0.094,17428.487,Pinned,Device,NVIDIA A100-SXM4-40GB MIG 4g.20gb (0),1,,13,[CUDA memcpy Host-to-Device]
20817444565,604057,441689,,,,,,,,,,456.561,755609.183,Device,,NVIDIA A100-SXM4-40GB MIG 4g.20gb (0),1,,13,[CUDA memset]
20818055598,53055,441694,,,,,,,,,,1.235,23276.225,Pinned,Device,NVIDIA A100-SXM4-40GB MIG 4g.20gb (0),1,,13,[CUDA memcpy Host-to-Device]
20818111085,11168,441695,,,,,,,,,,0.197,17604.477,Pinned,Device,NVIDIA A100-SXM4-40GB MIG 4g.20gb (0),1,,13,[CUDA memcpy Host-to-Device]
20818154381,10176,441696,69,4,1,48,1,1,76,0.002,0.000,,,,,NVIDIA A100-SXM4-40GB MIG 4g.20gb (0),1,,13,"void ch_est::windowedChEstPreNoDftSOfdmKernel<float, __half, float, (unsigned int)2, (unsigned int)1, (unsigned short)4>(ch_est::puschRxChEstStatDescr_t *, ch_est::puschRxChEstDynDescr_t *)"
20818166700,8448,441697,137,2,1,24,2,1,44,0.001,0.001,,,,,NVIDIA A100-SXM4-40GB MIG 4g.20gb (0),1,,13,"void ch_est::chEstFilterNoDftSOfdmDispatchKernel<float, __half, float, (unsigned int)2>(ch_est::puschRxChEstStatDescr_t *, ch_est::puschRxChEstDynDescr_t *)"
20818216524,8896,441698,137,2,1,24,2,1,44,0.001,0.001,,,,,NVIDIA A100-SXM4-40GB MIG 4g.20gb (0),1,,13,"void ch_est::chEstFilterNoDftSOfdmDispatchKernel<float, __half, float, (unsigned int)2>(ch_est::puschRxChEstStatDescr_t *, ch_est::puschRxChEstDynDescr_t *)"
20818273163,5056,441709,103,1,1,128,1,1,16,0.000,0.000,,,,,NVIDIA A100-SXM4-40GB MIG 4g.20gb (0),1,,13,cupy_copy__complex64_complex64
20818280011,14816,441719,1434,1,1,128,1,1,16,0.000,0.000,,,,,NVIDIA A100-SXM4-40GB MIG 4g.20gb (0),1,,13,cupy_copy__complex64_complex64
20818331819,5792,441726,103,1,1,128,1,1,16,0.000,0.000,,,,,NVIDIA A100-SXM4-40GB MIG 4g.20gb (0),1,,13,cupy_copy__complex64_complex64
20818340011,299164,441733,1,1,1,32,32,1,30,0.000,0.000,,,,,NVIDIA A100-SXM4-40GB MIG 4g.20gb (0),1,,13,"void convert_kernel<__half2, float2>(tensor_layout_any, T1 *, tensor_layout_any, const T2 *)"
20819617980,5856,441736,,,,,,,,,,0.094,15999.997,Pinned,Device,NVIDIA A100-SXM4-40GB MIG 4g.20gb (0),1,,13,[CUDA memcpy Host-to-Device]
20819628604,50464,441737,,,,,,,,,,35.810,709609.375,Device,,NVIDIA A100-SXM4-40GB MIG 4g.20gb (0),1,,13,[CUDA memset]
20820241781,2080,441739,,,,,,,,,,0.000,38.462,Pinned,Device,NVIDIA A100-SXM4-40GB MIG 4g.20gb (0),1,,13,[CUDA memcpy Host-to-Device]
20820246485,9312,441740,,,,,,,,,,0.197,21113.340,Pinned,Device,NVIDIA A100-SXM4-40GB MIG 4g.20gb (0),1,,13,[CUDA memcpy Host-to-Device]
20820259669,8512,441741,273,1,1,48,1,1,40,0.000,0.001,,,,,NVIDIA A100-SXM4-40GB MIG 4g.20gb (0),1,,13,"void pusch_noise_intf_est::noiseIntfEstNoDftSOfdmKernel<float, __half, float, float, (unsigned int)2, (unsigned int)1, (unsigned char)4, (unsigned char)4>(pusch_noise_intf_est::puschRxNoiseIntfEstDynDescr)"
20820269397,2880,441752,35,1,1,128,1,1,16,0.000,0.000,,,,,NVIDIA A100-SXM4-40GB MIG 4g.20gb (0),1,,13,cupy_copy__complex64_complex64
20820273685,1856,441761,1,1,1,1,1,1,18,0.000,0.000,,,,,NVIDIA A100-SXM4-40GB MIG 4g.20gb (0),1,,13,cupy_copy__float32_float32
20820281493,1600,441767,,,,,,,,,,0.000,2.500,Device,Pageable,NVIDIA A100-SXM4-40GB MIG 4g.20gb (0),1,,7,[CUDA memcpy Device-to-Host]
20820343860,13184,441778,1434,1,1,128,1,1,16,0.000,0.000,,,,,NVIDIA A100-SXM4-40GB MIG 4g.20gb (0),1,,13,cupy_copy__complex64_complex64
20820382932,2784,441785,103,1,1,128,1,1,16,0.000,0.000,,,,,NVIDIA A100-SXM4-40GB MIG 4g.20gb (0),1,,13,cupy_copy__complex64_complex64
20820403956,2208,441792,35,1,1,128,1,1,16,0.000,0.000,,,,,NVIDIA A100-SXM4-40GB MIG 4g.20gb (0),1,,13,cupy_copy__complex64_complex64
20820422451,1824,441799,1,1,1,1,1,1,18,0.000,0.000,,,,,NVIDIA A100-SXM4-40GB MIG 4g.20gb (0),1,,13,cupy_copy__float32_float32
20820560082,79647,441810,1,1,1,32,32,1,30,0.000,0.000,,,,,NVIDIA A100-SXM4-40GB MIG 4g.20gb (0),1,,13,"void convert_kernel<__half2, float2>(tensor_layout_any, T1 *, tensor_layout_any, const T2 *)"
20820669617,5344,441813,,,,,,,,,,0.094,17532.864,Pinned,Device,NVIDIA A100-SXM4-40GB MIG 4g.20gb (0),1,,13,[CUDA memcpy Host-to-Device]
20820683984,3200,441814,,,,,,,,,,1.547,483320.000,Device,,NVIDIA A100-SXM4-40GB MIG 4g.20gb (0),1,,13,[CUDA memset]
20820690576,3040,441819,,,,,,,,,,0.031,10294.725,Pinned,Device,NVIDIA A100-SXM4-40GB MIG 4g.20gb (0),1,,13,[CUDA memcpy Host-to-Device]
20820695696,9344,441820,,,,,,,,,,0.197,21040.988,Pinned,Device,NVIDIA A100-SXM4-40GB MIG 4g.20gb (0),1,,13,[CUDA memcpy Host-to-Device]
20820708944,5984,441821,273,1,1,8,4,1,39,0.002,0.000,,,,,NVIDIA A100-SXM4-40GB MIG 4g.20gb (0),1,,13,"void channel_eq::eqMmseCoefCompLowMimoKernel<float, float, float, (unsigned int)4, (unsigned int)1, (unsigned int)4>(const channel_eq::_puschRxChEqStatDescr *, channel_eq::_puschRxChEqCoefCompDynDescr)"
20820716528,6304,441822,273,1,1,12,11,1,51,0.002,0.000,,,,,NVIDIA A100-SXM4-40GB MIG 4g.20gb (0),1,,13,"void channel_eq::eqMmseSoftDemapKernel<float, __half, __half, float, (unsigned int)4, (unsigned short)16383>(channel_eq::_puschRxChEqStatDescr *, channel_eq::_puschRxChEqSoftDemapDynDescr)"
20820724144,283197,441823,1,1,1,32,32,1,30,0.000,0.000,,,,,NVIDIA A100-SXM4-40GB MIG 4g.20gb (0),1,,13,"void convert_kernel<float2, __half2>(tensor_layout_any, T1 *, tensor_layout_any, const T2 *)"
20821055180,14336,441835,2253,1,1,128,1,1,16,0.000,0.000,,,,,NVIDIA A100-SXM4-40GB MIG 4g.20gb (0),1,,13,cupy_copy__float16_float16
20821071628,4256,441844,282,1,1,128,1,1,16,0.000,0.000,,,,,NVIDIA A100-SXM4-40GB MIG 4g.20gb (0),1,,13,cupy_copy__complex64_complex64
20821078380,3488,441853,26,1,1,128,1,1,16,0.000,0.000,,,,,NVIDIA A100-SXM4-40GB MIG 4g.20gb (0),1,,13,cupy_copy__float32_float32
20821083180,3424,441862,103,1,1,128,1,1,16,0.000,0.000,,,,,NVIDIA A100-SXM4-40GB MIG 4g.20gb (0),1,,13,cupy_copy__complex64_complex64
20821159755,17824,441872,1434,1,1,128,1,1,16,0.000,0.000,,,,,NVIDIA A100-SXM4-40GB MIG 4g.20gb (0),1,,13,cupy_copy__complex64_complex64
20821179211,80287,441877,1,1,1,32,32,1,30,0.000,0.000,,,,,NVIDIA A100-SXM4-40GB MIG 4g.20gb (0),1,,13,"void convert_kernel<__half2, float2>(tensor_layout_any, T1 *, tensor_layout_any, const T2 *)"
20821296714,5440,441880,,,,,,,,,,0.094,17223.480,Pinned,Device,NVIDIA A100-SXM4-40GB MIG 4g.20gb (0),1,,13,[CUDA memcpy Host-to-Device]
20821307625,603162,441881,,,,,,,,,,456.561,756522.306,Device,,NVIDIA A100-SXM4-40GB MIG 4g.20gb (0),1,,13,[CUDA memset]
20821919395,49375,441886,,,,,,,,,,1.235,25011.321,Pinned,Device,NVIDIA A100-SXM4-40GB MIG 4g.20gb (0),1,,13,[CUDA memcpy Host-to-Device]
20821971426,9440,441887,,,,,,,,,,0.197,20827.079,Pinned,Device,NVIDIA A100-SXM4-40GB MIG 4g.20gb (0),1,,13,[CUDA memcpy Host-to-Device]
20821985762,7264,441888,69,4,1,48,1,1,76,0.002,0.000,,,,,NVIDIA A100-SXM4-40GB MIG 4g.20gb (0),1,,13,"void ch_est::windowedChEstPreNoDftSOfdmKernel<float, __half, float, (unsigned int)2, (unsigned int)1, (unsigned short)4>(ch_est::puschRxChEstStatDescr_t *, ch_est::puschRxChEstDynDescr_t *)"
20821994370,6656,441889,137,2,1,24,2,1,44,0.001,0.001,,,,,NVIDIA A100-SXM4-40GB MIG 4g.20gb (0),1,,13,"void ch_est::chEstFilterNoDftSOfdmDispatchKernel<float, __half, float, (unsigned int)2>(ch_est::puschRxChEstStatDescr_t *, ch_est::puschRxChEstDynDescr_t *)"
20822003010,5088,441890,137,2,1,24,2,1,44,0.001,0.001,,,,,NVIDIA A100-SXM4-40GB MIG 4g.20gb (0),1,,13,"void ch_est::chEstFilterNoDftSOfdmDispatchKernel<float, __half, float, (unsigned int)2>(ch_est::puschRxChEstStatDescr_t *, ch_est::puschRxChEstDynDescr_t *)"
20822009506,2496,441901,103,1,1,128,1,1,16,0.000,0.000,,,,,NVIDIA A100-SXM4-40GB MIG 4g.20gb (0),1,,13,cupy_copy__complex64_complex64
20822013506,13151,441911,1434,1,1,128,1,1,16,0.000,0.000,,,,,NVIDIA A100-SXM4-40GB MIG 4g.20gb (0),1,,13,cupy_copy__complex64_complex64
20822028609,2528,441918,103,1,1,128,1,1,16,0.000,0.000,,,,,NVIDIA A100-SXM4-40GB MIG 4g.20gb (0),1,,13,cupy_copy__complex64_complex64
20822033249,80095,441925,1,1,1,32,32,1,30,0.000,0.000,,,,,NVIDIA A100-SXM4-40GB MIG 4g.20gb (0),1,,13,"void convert_kernel<__half2, float2>(tensor_layout_any, T1 *, tensor_layout_any, const T2 *)"
20822141856,5408,441928,,,,,,,,,,0.094,17325.421,Pinned,Device,NVIDIA A100-SXM4-40GB MIG 4g.20gb (0),1,,13,[CUDA memcpy Host-to-Device]
20822153984,46048,441929,,,,,,,,,,35.810,777648.223,Device,,NVIDIA A100-SXM4-40GB MIG 4g.20gb (0),1,,13,[CUDA memset]
20822206271,1824,441931,,,,,,,,,,0.000,43.860,Pinned,Device,NVIDIA A100-SXM4-40GB MIG 4g.20gb (0),1,,13,[CUDA memcpy Host-to-Device]
20822210687,9344,441932,,,,,,,,,,0.197,21040.988,Pinned,Device,NVIDIA A100-SXM4-40GB MIG 4g.20gb (0),1,,13,[CUDA memcpy Host-to-Device]
20822223871,9280,441933,273,1,1,48,1,1,40,0.000,0.001,,,,,NVIDIA A100-SXM4-40GB MIG 4g.20gb (0),1,,13,"void pusch_noise_intf_est::noiseIntfEstNoDftSOfdmKernel<float, __half, float, float, (unsigned int)2, (unsigned int)1, (unsigned char)4, (unsigned char)4>(pusch_noise_intf_est::puschRxNoiseIntfEstDynDescr)"
20822235103,2848,441944,35,1,1,128,1,1,16,0.000,0.000,,,,,NVIDIA A100-SXM4-40GB MIG 4g.20gb (0),1,,13,cupy_copy__complex64_complex64
20822258687,1856,441953,1,1,1,1,1,1,18,0.000,0.000,,,,,NVIDIA A100-SXM4-40GB MIG 4g.20gb (0),1,,13,cupy_copy__float32_float32
20822292190,1568,441959,,,,,,,,,,0.000,2.551,Device,Pageable,NVIDIA A100-SXM4-40GB MIG 4g.20gb (0),1,,7,[CUDA memcpy Device-to-Host]
20822364702,13376,441970,1434,1,1,128,1,1,16,0.000,0.000,,,,,NVIDIA A100-SXM4-40GB MIG 4g.20gb (0),1,,13,cupy_copy__complex64_complex64
20822391133,2720,441977,103,1,1,128,1,1,16,0.000,0.000,,,,,NVIDIA A100-SXM4-40GB MIG 4g.20gb (0),1,,13,cupy_copy__complex64_complex64
20822411357,2176,441984,35,1,1,128,1,1,16,0.000,0.000,,,,,NVIDIA A100-SXM4-40GB MIG 4g.20gb (0),1,,13,cupy_copy__complex64_complex64
20822429565,1856,441991,1,1,1,1,1,1,18,0.000,0.000,,,,,NVIDIA A100-SXM4-40GB MIG 4g.20gb (0),1,,13,cupy_copy__float32_float32
20822563451,79424,442002,1,1,1,32,32,1,30,0.000,0.000,,,,,NVIDIA A100-SXM4-40GB MIG 4g.20gb (0),1,,13,"void convert_kernel<__half2, float2>(tensor_layout_any, T1 *, tensor_layout_any, const T2 *)"
20822671482,5600,442005,,,,,,,,,,0.094,16731.388,Pinned,Device,NVIDIA A100-SXM4-40GB MIG 4g.20gb (0),1,,13,[CUDA memcpy Host-to-Device]
20822686074,3232,442006,,,,,,,,,,1.547,478533.199,Device,,NVIDIA A100-SXM4-40GB MIG 4g.20gb (0),1,,13,[CUDA memset]
20822692282,3072,442011,,,,,,,,,,0.031,10187.474,Pinned,Device,NVIDIA A100-SXM4-40GB MIG 4g.20gb (0),1,,13,[CUDA memcpy Host-to-Device]
20822698202,9376,442012,,,,,,,,,,0.197,20969.226,Pinned,Device,NVIDIA A100-SXM4-40GB MIG 4g.20gb (0),1,,13,[CUDA memcpy Host-to-Device]
20822712474,6304,442013,273,1,1,8,4,1,39,0.002,0.000,,,,,NVIDIA A100-SXM4-40GB MIG 4g.20gb (0),1,,13,"void channel_eq::eqMmseCoefCompLowMimoKernel<float, float, float, (unsigned int)4, (unsigned int)1, (unsigned int)4>(const channel_eq::_puschRxChEqStatDescr *, channel_eq::_puschRxChEqCoefCompDynDescr)"
20822720634,6208,442014,273,1,1,12,11,1,51,0.002,0.000,,,,,NVIDIA A100-SXM4-40GB MIG 4g.20gb (0),1,,13,"void channel_eq::eqMmseSoftDemapKernel<float, __half, __half, float, (unsigned int)4, (unsigned short)16383>(channel_eq::_puschRxChEqStatDescr *, channel_eq::_puschRxChEqSoftDemapDynDescr)"
20822728250,281564,442015,1,1,1,32,32,1,30,0.000,0.000,,,,,NVIDIA A100-SXM4-40GB MIG 4g.20gb (0),1,,13,"void convert_kernel<float2, __half2>(tensor_layout_any, T1 *, tensor_layout_any, const T2 *)"
20823011798,10560,442027,2253,1,1,128,1,1,16,0.000,0.000,,,,,NVIDIA A100-SXM4-40GB MIG 4g.20gb (0),1,,13,cupy_copy__float16_float16
20823024374,2816,442036,282,1,1,128,1,1,16,0.000,0.000,,,,,NVIDIA A100-SXM4-40GB MIG 4g.20gb (0),1,,13,cupy_copy__complex64_complex64
20823029174,2048,442045,26,1,1,128,1,1,16,0.000,0.000,,,,,NVIDIA A100-SXM4-40GB MIG 4g.20gb (0),1,,13,cupy_copy__float32_float32
20823033174,2848,442054,103,1,1,128,1,1,16,0.000,0.000,,,,,NVIDIA A100-SXM4-40GB MIG 4g.20gb (0),1,,13,cupy_copy__complex64_complex64
20823037558,11616,442064,1434,1,1,128,1,1,16,0.000,0.000,,,,,NVIDIA A100-SXM4-40GB MIG 4g.20gb (0),1,,13,cupy_copy__complex64_complex64
20823058134,79999,442069,1,1,1,32,32,1,30,0.000,0.000,,,,,NVIDIA A100-SXM4-40GB MIG 4g.20gb (0),1,,13,"void convert_kernel<__half2, float2>(tensor_layout_any, T1 *, tensor_layout_any, const T2 *)"
20823169973,5344,442072,,,,,,,,,,0.094,17532.864,Pinned,Device,NVIDIA A100-SXM4-40GB MIG 4g.20gb (0),1,,13,[CUDA memcpy Host-to-Device]
20823181525,608345,442073,,,,,,,,,,456.561,750130.446,Device,,NVIDIA A100-SXM4-40GB MIG 4g.20gb (0),1,,13,[CUDA memset]
20823791630,50207,442078,,,,,,,,,,1.235,24596.380,Pinned,Device,NVIDIA A100-SXM4-40GB MIG 4g.20gb (0),1,,13,[CUDA memcpy Host-to-Device]
20823845325,10432,442079,,,,,,,,,,0.197,18846.450,Pinned,Device,NVIDIA A100-SXM4-40GB MIG 4g.20gb (0),1,,13,[CUDA memcpy Host-to-Device]
20823894637,11935,442080,69,4,1,48,1,1,76,0.002,0.000,,,,,NVIDIA A100-SXM4-40GB MIG 4g.20gb (0),1,,13,"void ch_est::windowedChEstPreNoDftSOfdmKernel<float, __half, float, (unsigned int)2, (unsigned int)1, (unsigned short)4>(ch_est::puschRxChEstStatDescr_t *, ch_est::puschRxChEstDynDescr_t *)"
20823907820,7040,442081,137,2,1,24,2,1,44,0.001,0.001,,,,,NVIDIA A100-SXM4-40GB MIG 4g.20gb (0),1,,13,"void ch_est::chEstFilterNoDftSOfdmDispatchKernel<float, __half, float, (unsigned int)2>(ch_est::puschRxChEstStatDescr_t *, ch_est::puschRxChEstDynDescr_t *)"
20823916492,4736,442082,137,2,1,24,2,1,44,0.001,0.001,,,,,NVIDIA A100-SXM4-40GB MIG 4g.20gb (0),1,,13,"void ch_est::chEstFilterNoDftSOfdmDispatchKernel<float, __half, float, (unsigned int)2>(ch_est::puschRxChEstStatDescr_t *, ch_est::puschRxChEstDynDescr_t *)"
20823922540,2464,442093,103,1,1,128,1,1,16,0.000,0.000,,,,,NVIDIA A100-SXM4-40GB MIG 4g.20gb (0),1,,13,cupy_copy__complex64_complex64
20823927244,13280,442103,1434,1,1,128,1,1,16,0.000,0.000,,,,,NVIDIA A100-SXM4-40GB MIG 4g.20gb (0),1,,13,cupy_copy__complex64_complex64
20823942444,2496,442110,103,1,1,128,1,1,16,0.000,0.000,,,,,NVIDIA A100-SXM4-40GB MIG 4g.20gb (0),1,,13,cupy_copy__complex64_complex64
20823946572,277757,442117,1,1,1,32,32,1,30,0.000,0.000,,,,,NVIDIA A100-SXM4-40GB MIG 4g.20gb (0),1,,13,"void convert_kernel<__half2, float2>(tensor_layout_any, T1 *, tensor_layout_any, const T2 *)"
20824256329,5760,442120,,,,,,,,,,0.094,16266.656,Pinned,Device,NVIDIA A100-SXM4-40GB MIG 4g.20gb (0),1,,13,[CUDA memcpy Host-to-Device]
20824289640,49888,442121,,,,,,,,,,35.810,717774.036,Device,,NVIDIA A100-SXM4-40GB MIG 4g.20gb (0),1,,13,[CUDA memset]
20824347464,2048,442123,,,,,,,,,,0.000,39.062,Pinned,Device,NVIDIA A100-SXM4-40GB MIG 4g.20gb (0),1,,13,[CUDA memcpy Host-to-Device]
20824352456,9951,442124,,,,,,,,,,0.197,19757.531,Pinned,Device,NVIDIA A100-SXM4-40GB MIG 4g.20gb (0),1,,13,[CUDA memcpy Host-to-Device]
20824384103,12352,442125,273,1,1,48,1,1,40,0.000,0.001,,,,,NVIDIA A100-SXM4-40GB MIG 4g.20gb (0),1,,13,"void pusch_noise_intf_est::noiseIntfEstNoDftSOfdmKernel<float, __half, float, float, (unsigned int)2, (unsigned int)1, (unsigned char)4, (unsigned char)4>(pusch_noise_intf_est::puschRxNoiseIntfEstDynDescr)"
20824443174,4064,442136,35,1,1,128,1,1,16,0.000,0.000,,,,,NVIDIA A100-SXM4-40GB MIG 4g.20gb (0),1,,13,cupy_copy__complex64_complex64
20824448966,2624,442145,1,1,1,1,1,1,18,0.000,0.000,,,,,NVIDIA A100-SXM4-40GB MIG 4g.20gb (0),1,,13,cupy_copy__float32_float32
20824460358,1600,442151,,,,,,,,,,0.000,2.500,Device,Pageable,NVIDIA A100-SXM4-40GB MIG 4g.20gb (0),1,,7,[CUDA memcpy Device-to-Host]
20824552325,18304,442162,1434,1,1,128,1,1,16,0.000,0.000,,,,,NVIDIA A100-SXM4-40GB MIG 4g.20gb (0),1,,13,cupy_copy__complex64_complex64
20824572997,3328,442169,103,1,1,128,1,1,16,0.000,0.000,,,,,NVIDIA A100-SXM4-40GB MIG 4g.20gb (0),1,,13,cupy_copy__complex64_complex64
20824618469,5983,442176,35,1,1,128,1,1,16,0.000,0.000,,,,,NVIDIA A100-SXM4-40GB MIG 4g.20gb (0),1,,13,cupy_copy__complex64_complex64
20824626596,4352,442183,1,1,1,1,1,1,18,0.000,0.000,,,,,NVIDIA A100-SXM4-40GB MIG 4g.20gb (0),1,,13,cupy_copy__float32_float32
20824726467,185470,442194,1,1,1,32,32,1,30,0.000,0.000,,,,,NVIDIA A100-SXM4-40GB MIG 4g.20gb (0),1,,13,"void convert_kernel<__half2, float2>(tensor_layout_any, T1 *, tensor_layout_any, const T2 *)"
20824942049,5728,442197,,,,,,,,,,0.094,16357.541,Pinned,Device,NVIDIA A100-SXM4-40GB MIG 4g.20gb (0),1,,13,[CUDA memcpy Host-to-Device]
20824955745,3232,442198,,,,,,,,,,1.547,478533.199,Device,,NVIDIA A100-SXM4-40GB MIG 4g.20gb (0),1,,13,[CUDA memset]
20824962817,3040,442203,,,,,,,,,,0.031,10294.725,Pinned,Device,NVIDIA A100-SXM4-40GB MIG 4g.20gb (0),1,,13,[CUDA memcpy Host-to-Device]
20824967937,9312,442204,,,,,,,,,,0.197,21113.340,Pinned,Device,NVIDIA A100-SXM4-40GB MIG 4g.20gb (0),1,,13,[CUDA memcpy Host-to-Device]
20824981152,7008,442205,273,1,1,8,4,1,39,0.002,0.000,,,,,NVIDIA A100-SXM4-40GB MIG 4g.20gb (0),1,,13,"void channel_eq::eqMmseCoefCompLowMimoKernel<float, float, float, (unsigned int)4, (unsigned int)1, (unsigned int)4>(const channel_eq::_puschRxChEqStatDescr *, channel_eq::_puschRxChEqCoefCompDynDescr)"
20824990080,6528,442206,273,1,1,12,11,1,51,0.002,0.000,,,,,NVIDIA A100-SXM4-40GB MIG 4g.20gb (0),1,,13,"void channel_eq::eqMmseSoftDemapKernel<float, __half, __half, float, (unsigned int)4, (unsigned short)16383>(channel_eq::_puschRxChEqStatDescr *, channel_eq::_puschRxChEqSoftDemapDynDescr)"
20824998784,281053,442207,1,1,1,32,32,1,30,0.000,0.000,,,,,NVIDIA A100-SXM4-40GB MIG 4g.20gb (0),1,,13,"void convert_kernel<float2, __half2>(tensor_layout_any, T1 *, tensor_layout_any, const T2 *)"
20825281821,10592,442219,2253,1,1,128,1,1,16,0.000,0.000,,,,,NVIDIA A100-SXM4-40GB MIG 4g.20gb (0),1,,13,cupy_copy__float16_float16
20825294525,2784,442228,282,1,1,128,1,1,16,0.000,0.000,,,,,NVIDIA A100-SXM4-40GB MIG 4g.20gb (0),1,,13,cupy_copy__complex64_complex64
20825298749,2112,442237,26,1,1,128,1,1,16,0.000,0.000,,,,,NVIDIA A100-SXM4-40GB MIG 4g.20gb (0),1,,13,cupy_copy__float32_float32
20825302781,2816,442246,103,1,1,128,1,1,16,0.000,0.000,,,,,NVIDIA A100-SXM4-40GB MIG 4g.20gb (0),1,,13,cupy_copy__complex64_complex64
20825307069,12256,442256,1434,1,1,128,1,1,16,0.000,0.000,,,,,NVIDIA A100-SXM4-40GB MIG 4g.20gb (0),1,,13,cupy_copy__complex64_complex64
20825345756,79200,442261,1,1,1,32,32,1,30,0.000,0.000,,,,,NVIDIA A100-SXM4-40GB MIG 4g.20gb (0),1,,13,"void convert_kernel<__half2, float2>(tensor_layout_any, T1 *, tensor_layout_any, const T2 *)"
20825453531,5344,442264,,,,,,,,,,0.094,17532.864,Pinned,Device,NVIDIA A100-SXM4-40GB MIG 4g.20gb (0),1,,13,[CUDA memcpy Host-to-Device]
20825464155,600473,442265,,,,,,,,,,456.561,760174.798,Device,,NVIDIA A100-SXM4-40GB MIG 4g.20gb (0),1,,13,[CUDA memset]
20826066292,48896,442270,,,,,,,,,,1.235,25255.840,Pinned,Device,NVIDIA A100-SXM4-40GB MIG 4g.20gb (0),1,,13,[CUDA memcpy Host-to-Device]
20826117908,9312,442271,,,,,,,,,,0.197,21113.340,Pinned,Device,NVIDIA A100-SXM4-40GB MIG 4g.20gb (0),1,,13,[CUDA memcpy Host-to-Device]
20826131348,7232,442272,69,4,1,48,1,1,76,0.002,0.000,,,,,NVIDIA A100-SXM4-40GB MIG 4g.20gb (0),1,,13,"void ch_est::windowedChEstPreNoDftSOfdmKernel<float, __half, float, (unsigned int)2, (unsigned int)1, (unsigned short)4>(ch_est::puschRxChEstStatDescr_t *, ch_est::puschRxChEstDynDescr_t *)"
20826140276,6751,442273,137,2,1,24,2,1,44,0.001,0.001,,,,,NVIDIA A100-SXM4-40GB MIG 4g.20gb (0),1,,13,"void ch_est::chEstFilterNoDftSOfdmDispatchKernel<float, __half, float, (unsigned int)2>(ch_est::puschRxChEstStatDescr_t *, ch_est::puschRxChEstDynDescr_t *)"
20826148947,5024,442274,137,2,1,24,2,1,44,0.001,0.001,,,,,NVIDIA A100-SXM4-40GB MIG 4g.20gb (0),1,,13,"void ch_est::chEstFilterNoDftSOfdmDispatchKernel<float, __half, float, (unsigned int)2>(ch_est::puschRxChEstStatDescr_t *, ch_est::puschRxChEstDynDescr_t *)"
20826155411,2464,442285,103,1,1,128,1,1,16,0.000,0.000,,,,,NVIDIA A100-SXM4-40GB MIG 4g.20gb (0),1,,13,cupy_copy__complex64_complex64
20826159123,12768,442295,1434,1,1,128,1,1,16,0.000,0.000,,,,,NVIDIA A100-SXM4-40GB MIG 4g.20gb (0),1,,13,cupy_copy__complex64_complex64
20826173267,2496,442302,103,1,1,128,1,1,16,0.000,0.000,,,,,NVIDIA A100-SXM4-40GB MIG 4g.20gb (0),1,,13,cupy_copy__complex64_complex64
20826177267,79423,442309,1,1,1,32,32,1,30,0.000,0.000,,,,,NVIDIA A100-SXM4-40GB MIG 4g.20gb (0),1,,13,"void convert_kernel<__half2, float2>(tensor_layout_any, T1 *, tensor_layout_any, const T2 *)"
20826285234,5344,442312,,,,,,,,,,0.094,17532.864,Pinned,Device,NVIDIA A100-SXM4-40GB MIG 4g.20gb (0),1,,13,[CUDA memcpy Host-to-Device]
20826297234,45983,442313,,,,,,,,,,35.810,778758.330,Device,,NVIDIA A100-SXM4-40GB MIG 4g.20gb (0),1,,13,[CUDA memset]
20826349329,2112,442315,,,,,,,,,,0.000,37.879,Pinned,Device,NVIDIA A100-SXM4-40GB MIG 4g.20gb (0),1,,13,[CUDA memcpy Host-to-Device]
20826353873,9504,442316,,,,,,,,,,0.197,20686.701,Pinned,Device,NVIDIA A100-SXM4-40GB MIG 4g.20gb (0),1,,13,[CUDA memcpy Host-to-Device]
20826367025,9120,442317,273,1,1,48,1,1,40,0.000,0.001,,,,,NVIDIA A100-SXM4-40GB MIG 4g.20gb (0),1,,13,"void pusch_noise_intf_est::noiseIntfEstNoDftSOfdmKernel<float, __half, float, float, (unsigned int)2, (unsigned int)1, (unsigned char)4, (unsigned char)4>(pusch_noise_intf_est::puschRxNoiseIntfEstDynDescr)"
20826377905,2880,442328,35,1,1,128,1,1,16,0.000,0.000,,,,,NVIDIA A100-SXM4-40GB MIG 4g.20gb (0),1,,13,cupy_copy__complex64_complex64
20826401201,1888,442337,1,1,1,1,1,1,18,0.000,0.000,,,,,NVIDIA A100-SXM4-40GB MIG 4g.20gb (0),1,,13,cupy_copy__float32_float32
20826445712,1568,442343,,,,,,,,,,0.000,2.551,Device,Pageable,NVIDIA A100-SXM4-40GB MIG 4g.20gb (0),1,,7,[CUDA memcpy Device-to-Host]
20826507215,13792,442354,1434,1,1,128,1,1,16,0.000,0.000,,,,,NVIDIA A100-SXM4-40GB MIG 4g.20gb (0),1,,13,cupy_copy__complex64_complex64
20826533871,2720,442361,103,1,1,128,1,1,16,0.000,0.000,,,,,NVIDIA A100-SXM4-40GB MIG 4g.20gb (0),1,,13,cupy_copy__complex64_complex64
20826554735,2208,442368,35,1,1,128,1,1,16,0.000,0.000,,,,,NVIDIA A100-SXM4-40GB MIG 4g.20gb (0),1,,13,cupy_copy__complex64_complex64
20826572783,1856,442375,1,1,1,1,1,1,18,0.000,0.000,,,,,NVIDIA A100-SXM4-40GB MIG 4g.20gb (0),1,,13,cupy_copy__float32_float32
20826723469,82271,442386,1,1,1,32,32,1,30,0.000,0.000,,,,,NVIDIA A100-SXM4-40GB MIG 4g.20gb (0),1,,13,"void convert_kernel<__half2, float2>(tensor_layout_any, T1 *, tensor_layout_any, const T2 *)"
20826836332,5344,442389,,,,,,,,,,0.094,17532.864,Pinned,Device,NVIDIA A100-SXM4-40GB MIG 4g.20gb (0),1,,13,[CUDA memcpy Host-to-Device]
20826850476,3264,442390,,,,,,,,,,1.547,473842.288,Device,,NVIDIA A100-SXM4-40GB MIG 4g.20gb (0),1,,13,[CUDA memset]
20826856332,4032,442395,,,,,,,,,,0.031,7761.877,Pinned,Device,NVIDIA A100-SXM4-40GB MIG 4g.20gb (0),1,,13,[CUDA memcpy Host-to-Device]
20826863308,9663,442396,,,,,,,,,,0.197,20346.372,Pinned,Device,NVIDIA A100-SXM4-40GB MIG 4g.20gb (0),1,,13,[CUDA memcpy Host-to-Device]
20826879435,7104,442397,273,1,1,8,4,1,39,0.002,0.000,,,,,NVIDIA A100-SXM4-40GB MIG 4g.20gb (0),1,,13,"void channel_eq::eqMmseCoefCompLowMimoKernel<float, float, float, (unsigned int)4, (unsigned int)1, (unsigned int)4>(const channel_eq::_puschRxChEqStatDescr *, channel_eq::_puschRxChEqCoefCompDynDescr)"
20826960426,20800,442398,273,1,1,12,11,1,51,0.002,0.000,,,,,NVIDIA A100-SXM4-40GB MIG 4g.20gb (0),1,,13,"void channel_eq::eqMmseSoftDemapKernel<float, __half, __half, float, (unsigned int)4, (unsigned short)16383>(channel_eq::_puschRxChEqStatDescr *, channel_eq::_puschRxChEqSoftDemapDynDescr)"
20826982666,542842,442399,1,1,1,32,32,1,30,0.000,0.000,,,,,NVIDIA A100-SXM4-40GB MIG 4g.20gb (0),1,,13,"void convert_kernel<float2, __half2>(tensor_layout_any, T1 *, tensor_layout_any, const T2 *)"
20827569796,14751,442411,2253,1,1,128,1,1,16,0.000,0.000,,,,,NVIDIA A100-SXM4-40GB MIG 4g.20gb (0),1,,13,cupy_copy__float16_float16
20827587587,3968,442420,282,1,1,128,1,1,16,0.000,0.000,,,,,NVIDIA A100-SXM4-40GB MIG 4g.20gb (0),1,,13,cupy_copy__complex64_complex64
20827666659,4191,442429,26,1,1,128,1,1,16,0.000,0.000,,,,,NVIDIA A100-SXM4-40GB MIG 4g.20gb (0),1,,13,cupy_copy__float32_float32
20827673250,6176,442438,103,1,1,128,1,1,16,0.000,0.000,,,,,NVIDIA A100-SXM4-40GB MIG 4g.20gb (0),1,,13,cupy_copy__complex64_complex64
20827681538,12704,442448,1434,1,1,128,1,1,16,0.000,0.000,,,,,NVIDIA A100-SXM4-40GB MIG 4g.20gb (0),1,,13,cupy_copy__complex64_complex64
20827761441,272093,442453,1,1,1,32,32,1,30,0.000,0.000,,,,,NVIDIA A100-SXM4-40GB MIG 4g.20gb (0),1,,13,"void convert_kernel<__half2, float2>(tensor_layout_any, T1 *, tensor_layout_any, const T2 *)"
20828063390,5376,442456,,,,,,,,,,0.094,17428.487,Pinned,Device,NVIDIA A100-SXM4-40GB MIG 4g.20gb (0),1,,13,[CUDA memcpy Host-to-Device]
20828110526,605817,442457,,,,,,,,,,456.561,753326.376,Device,,NVIDIA A100-SXM4-40GB MIG 4g.20gb (0),1,,13,[CUDA memset]
20828717943,48991,442462,,,,,,,,,,1.235,25206.442,Pinned,Device,NVIDIA A100-SXM4-40GB MIG 4g.20gb (0),1,,13,[CUDA memcpy Host-to-Device]
20828769366,9344,442463,,,,,,,,,,0.197,21040.988,Pinned,Device,NVIDIA A100-SXM4-40GB MIG 4g.20gb (0),1,,13,[CUDA memcpy Host-to-Device]
20828782870,7456,442464,69,4,1,48,1,1,76,0.002,0.000,,,,,NVIDIA A100-SXM4-40GB MIG 4g.20gb (0),1,,13,"void ch_est::windowedChEstPreNoDftSOfdmKernel<float, __half, float, (unsigned int)2, (unsigned int)1, (unsigned short)4>(ch_est::puschRxChEstStatDescr_t *, ch_est::puschRxChEstDynDescr_t *)"
20828792118,6464,442465,137,2,1,24,2,1,44,0.001,0.001,,,,,NVIDIA A100-SXM4-40GB MIG 4g.20gb (0),1,,13,"void ch_est::chEstFilterNoDftSOfdmDispatchKernel<float, __half, float, (unsigned int)2>(ch_est::puschRxChEstStatDescr_t *, ch_est::puschRxChEstDynDescr_t *)"
20828800758,5024,442466,137,2,1,24,2,1,44,0.001,0.001,,,,,NVIDIA A100-SXM4-40GB MIG 4g.20gb (0),1,,13,"void ch_est::chEstFilterNoDftSOfdmDispatchKernel<float, __half, float, (unsigned int)2>(ch_est::puschRxChEstStatDescr_t *, ch_est::puschRxChEstDynDescr_t *)"
20828808086,2464,442477,103,1,1,128,1,1,16,0.000,0.000,,,,,NVIDIA A100-SXM4-40GB MIG 4g.20gb (0),1,,13,cupy_copy__complex64_complex64
20828812118,12928,442487,1434,1,1,128,1,1,16,0.000,0.000,,,,,NVIDIA A100-SXM4-40GB MIG 4g.20gb (0),1,,13,cupy_copy__complex64_complex64
20828827350,2496,442494,103,1,1,128,1,1,16,0.000,0.000,,,,,NVIDIA A100-SXM4-40GB MIG 4g.20gb (0),1,,13,cupy_copy__complex64_complex64
20828831574,80287,442501,1,1,1,32,32,1,30,0.000,0.000,,,,,NVIDIA A100-SXM4-40GB MIG 4g.20gb (0),1,,13,"void convert_kernel<__half2, float2>(tensor_layout_any, T1 *, tensor_layout_any, const T2 *)"
20828940020,5344,442504,,,,,,,,,,0.094,17532.864,Pinned,Device,NVIDIA A100-SXM4-40GB MIG 4g.20gb (0),1,,13,[CUDA memcpy Host-to-Device]
20828951444,46240,442505,,,,,,,,,,35.810,774425.330,Device,,NVIDIA A100-SXM4-40GB MIG 4g.20gb (0),1,,13,[CUDA memset]
20829005556,1888,442507,,,,,,,,,,0.000,42.373,Pinned,Device,NVIDIA A100-SXM4-40GB MIG 4g.20gb (0),1,,13,[CUDA memcpy Host-to-Device]
20829010036,9343,442508,,,,,,,,,,0.197,21043.347,Pinned,Device,NVIDIA A100-SXM4-40GB MIG 4g.20gb (0),1,,13,[CUDA memcpy Host-to-Device]
20829023219,8576,442509,273,1,1,48,1,1,40,0.000,0.001,,,,,NVIDIA A100-SXM4-40GB MIG 4g.20gb (0),1,,13,"void pusch_noise_intf_est::noiseIntfEstNoDftSOfdmKernel<float, __half, float, float, (unsigned int)2, (unsigned int)1, (unsigned char)4, (unsigned char)4>(pusch_noise_intf_est::puschRxNoiseIntfEstDynDescr)"
20829033555,3008,442520,35,1,1,128,1,1,16,0.000,0.000,,,,,NVIDIA A100-SXM4-40GB MIG 4g.20gb (0),1,,13,cupy_copy__complex64_complex64
20829070195,1888,442529,1,1,1,1,1,1,18,0.000,0.000,,,,,NVIDIA A100-SXM4-40GB MIG 4g.20gb (0),1,,13,cupy_copy__float32_float32
20829105011,1567,442535,,,,,,,,,,0.000,2.553,Device,Pageable,NVIDIA A100-SXM4-40GB MIG 4g.20gb (0),1,,7,[CUDA memcpy Device-to-Host]
20829164882,13472,442546,1434,1,1,128,1,1,16,0.000,0.000,,,,,NVIDIA A100-SXM4-40GB MIG 4g.20gb (0),1,,13,cupy_copy__complex64_complex64
20829192594,2719,442553,103,1,1,128,1,1,16,0.000,0.000,,,,,NVIDIA A100-SXM4-40GB MIG 4g.20gb (0),1,,13,cupy_copy__complex64_complex64
20829212849,2176,442560,35,1,1,128,1,1,16,0.000,0.000,,,,,NVIDIA A100-SXM4-40GB MIG 4g.20gb (0),1,,13,cupy_copy__complex64_complex64
20829231345,1824,442567,1,1,1,1,1,1,18,0.000,0.000,,,,,NVIDIA A100-SXM4-40GB MIG 4g.20gb (0),1,,13,cupy_copy__float32_float32
20829366320,79743,442578,1,1,1,32,32,1,30,0.000,0.000,,,,,NVIDIA A100-SXM4-40GB MIG 4g.20gb (0),1,,13,"void convert_kernel<__half2, float2>(tensor_layout_any, T1 *, tensor_layout_any, const T2 *)"
20829473902,5344,442581,,,,,,,,,,0.094,17532.864,Pinned,Device,NVIDIA A100-SXM4-40GB MIG 4g.20gb (0),1,,13,[CUDA memcpy Host-to-Device]
20829488526,3200,442582,,,,,,,,,,1.547,483320.000,Device,,NVIDIA A100-SXM4-40GB MIG 4g.20gb (0),1,,13,[CUDA memset]
20829494766,3040,442587,,,,,,,,,,0.031,10294.725,Pinned,Device,NVIDIA A100-SXM4-40GB MIG 4g.20gb (0),1,,13,[CUDA memcpy Host-to-Device]
20829500238,9440,442588,,,,,,,,,,0.197,20827.079,Pinned,Device,NVIDIA A100-SXM4-40GB MIG 4g.20gb (0),1,,13,[CUDA memcpy Host-to-Device]
20829513486,5920,442589,273,1,1,8,4,1,39,0.002,0.000,,,,,NVIDIA A100-SXM4-40GB MIG 4g.20gb (0),1,,13,"void channel_eq::eqMmseCoefCompLowMimoKernel<float, float, float, (unsigned int)4, (unsigned int)1, (unsigned int)4>(const channel_eq::_puschRxChEqStatDescr *, channel_eq::_puschRxChEqCoefCompDynDescr)"
20829521198,6240,442590,273,1,1,12,11,1,51,0.002,0.000,,,,,NVIDIA A100-SXM4-40GB MIG 4g.20gb (0),1,,13,"void channel_eq::eqMmseSoftDemapKernel<float, __half, __half, float, (unsigned int)4, (unsigned short)16383>(channel_eq::_puschRxChEqStatDescr *, channel_eq::_puschRxChEqSoftDemapDynDescr)"
20829528718,281469,442591,1,1,1,32,32,1,30,0.000,0.000,,,,,NVIDIA A100-SXM4-40GB MIG 4g.20gb (0),1,,13,"void convert_kernel<float2, __half2>(tensor_layout_any, T1 *, tensor_layout_any, const T2 *)"
20829812171,10495,442603,2253,1,1,128,1,1,16,0.000,0.000,,,,,NVIDIA A100-SXM4-40GB MIG 4g.20gb (0),1,,13,cupy_copy__float16_float16
20829824746,2784,442612,282,1,1,128,1,1,16,0.000,0.000,,,,,NVIDIA A100-SXM4-40GB MIG 4g.20gb (0),1,,13,cupy_copy__complex64_complex64
20829829450,2080,442621,26,1,1,128,1,1,16,0.000,0.000,,,,,NVIDIA A100-SXM4-40GB MIG 4g.20gb (0),1,,13,cupy_copy__float32_float32
20829833482,2848,442630,103,1,1,128,1,1,16,0.000,0.000,,,,,NVIDIA A100-SXM4-40GB MIG 4g.20gb (0),1,,13,cupy_copy__complex64_complex64
20829838282,11360,442640,1434,1,1,128,1,1,16,0.000,0.000,,,,,NVIDIA A100-SXM4-40GB MIG 4g.20gb (0),1,,13,cupy_copy__complex64_complex64
20829879402,80447,442645,1,1,1,32,32,1,30,0.000,0.000,,,,,NVIDIA A100-SXM4-40GB MIG 4g.20gb (0),1,,13,"void convert_kernel<__half2, float2>(tensor_layout_any, T1 *, tensor_layout_any, const T2 *)"
20829987337,5344,442648,,,,,,,,,,0.094,17532.864,Pinned,Device,NVIDIA A100-SXM4-40GB MIG 4g.20gb (0),1,,13,[CUDA memcpy Host-to-Device]
20829997897,602361,442649,,,,,,,,,,456.561,757891.990,Device,,NVIDIA A100-SXM4-40GB MIG 4g.20gb (0),1,,13,[CUDA memset]
20830604546,48831,442654,,,,,,,,,,1.235,25289.183,Pinned,Device,NVIDIA A100-SXM4-40GB MIG 4g.20gb (0),1,,13,[CUDA memcpy Host-to-Device]
20830656033,9536,442655,,,,,,,,,,0.197,20617.298,Pinned,Device,NVIDIA A100-SXM4-40GB MIG 4g.20gb (0),1,,13,[CUDA memcpy Host-to-Device]
20830669313,7424,442656,69,4,1,48,1,1,76,0.002,0.000,,,,,NVIDIA A100-SXM4-40GB MIG 4g.20gb (0),1,,13,"void ch_est::windowedChEstPreNoDftSOfdmKernel<float, __half, float, (unsigned int)2, (unsigned int)1, (unsigned short)4>(ch_est::puschRxChEstStatDescr_t *, ch_est::puschRxChEstDynDescr_t *)"
20830678689,6752,442657,137,2,1,24,2,1,44,0.001,0.001,,,,,NVIDIA A100-SXM4-40GB MIG 4g.20gb (0),1,,13,"void ch_est::chEstFilterNoDftSOfdmDispatchKernel<float, __half, float, (unsigned int)2>(ch_est::puschRxChEstStatDescr_t *, ch_est::puschRxChEstDynDescr_t *)"
20830686977,4736,442658,137,2,1,24,2,1,44,0.001,0.001,,,,,NVIDIA A100-SXM4-40GB MIG 4g.20gb (0),1,,13,"void ch_est::chEstFilterNoDftSOfdmDispatchKernel<float, __half, float, (unsigned int)2>(ch_est::puschRxChEstStatDescr_t *, ch_est::puschRxChEstDynDescr_t *)"
20830693281,2464,442669,103,1,1,128,1,1,16,0.000,0.000,,,,,NVIDIA A100-SXM4-40GB MIG 4g.20gb (0),1,,13,cupy_copy__complex64_complex64
20830697281,13088,442679,1434,1,1,128,1,1,16,0.000,0.000,,,,,NVIDIA A100-SXM4-40GB MIG 4g.20gb (0),1,,13,cupy_copy__complex64_complex64
20830711745,2464,442686,103,1,1,128,1,1,16,0.000,0.000,,,,,NVIDIA A100-SXM4-40GB MIG 4g.20gb (0),1,,13,cupy_copy__complex64_complex64
20830715553,80575,442693,1,1,1,32,32,1,30,0.000,0.000,,,,,NVIDIA A100-SXM4-40GB MIG 4g.20gb (0),1,,13,"void convert_kernel<__half2, float2>(tensor_layout_any, T1 *, tensor_layout_any, const T2 *)"
20830823807,5472,442696,,,,,,,,,,0.094,17122.757,Pinned,Device,NVIDIA A100-SXM4-40GB MIG 4g.20gb (0),1,,13,[CUDA memcpy Host-to-Device]
20830836447,46528,442697,,,,,,,,,,35.810,769626.801,Device,,NVIDIA A100-SXM4-40GB MIG 4g.20gb (0),1,,13,[CUDA memset]
20830889375,1824,442699,,,,,,,,,,0.000,43.860,Pinned,Device,NVIDIA A100-SXM4-40GB MIG 4g.20gb (0),1,,13,[CUDA memcpy Host-to-Device]
20830894047,9343,442700,,,,,,,,,,0.197,21043.347,Pinned,Device,NVIDIA A100-SXM4-40GB MIG 4g.20gb (0),1,,13,[CUDA memcpy Host-to-Device]
20830944734,11200,442701,273,1,1,48,1,1,40,0.000,0.001,,,,,NVIDIA A100-SXM4-40GB MIG 4g.20gb (0),1,,13,"void pusch_noise_intf_est::noiseIntfEstNoDftSOfdmKernel<float, __half, float, float, (unsigned int)2, (unsigned int)1, (unsigned char)4, (unsigned char)4>(pusch_noise_intf_est::puschRxNoiseIntfEstDynDescr)"
20831020765,3904,442712,35,1,1,128,1,1,16,0.000,0.000,,,,,NVIDIA A100-SXM4-40GB MIG 4g.20gb (0),1,,13,cupy_copy__complex64_complex64
20831026493,4832,442721,1,1,1,1,1,1,18,0.000,0.000,,,,,NVIDIA A100-SXM4-40GB MIG 4g.20gb (0),1,,13,cupy_copy__float32_float32
20831038429,1600,442727,,,,,,,,,,0.000,2.500,Device,Pageable,NVIDIA A100-SXM4-40GB MIG 4g.20gb (0),1,,7,[CUDA memcpy Device-to-Host]
20831144380,16000,442738,1434,1,1,128,1,1,16,0.000,0.000,,,,,NVIDIA A100-SXM4-40GB MIG 4g.20gb (0),1,,13,cupy_copy__complex64_complex64
20831163228,2944,442745,103,1,1,128,1,1,16,0.000,0.000,,,,,NVIDIA A100-SXM4-40GB MIG 4g.20gb (0),1,,13,cupy_copy__complex64_complex64
20831230523,3520,442752,35,1,1,128,1,1,16,0.000,0.000,,,,,NVIDIA A100-SXM4-40GB MIG 4g.20gb (0),1,,13,cupy_copy__complex64_complex64
20831235963,2624,442759,1,1,1,1,1,1,18,0.000,0.000,,,,,NVIDIA A100-SXM4-40GB MIG 4g.20gb (0),1,,13,cupy_copy__float32_float32
20831298810,311037,442770,1,1,1,32,32,1,30,0.000,0.000,,,,,NVIDIA A100-SXM4-40GB MIG 4g.20gb (0),1,,13,"void convert_kernel<__half2, float2>(tensor_layout_any, T1 *, tensor_layout_any, const T2 *)"
20831638870,6400,442773,,,,,,,,,,0.094,14640.000,Pinned,Device,NVIDIA A100-SXM4-40GB MIG 4g.20gb (0),1,,13,[CUDA memcpy Host-to-Device]
20831706485,4672,442774,,,,,,,,,,1.547,331040.948,Device,,NVIDIA A100-SXM4-40GB MIG 4g.20gb (0),1,,13,[CUDA memset]
20831717685,3296,442779,,,,,,,,,,0.031,9495.144,Pinned,Device,NVIDIA A100-SXM4-40GB MIG 4g.20gb (0),1,,13,[CUDA memcpy Host-to-Device]
20831723509,10016,442780,,,,,,,,,,0.197,19629.343,Pinned,Device,NVIDIA A100-SXM4-40GB MIG 4g.20gb (0),1,,13,[CUDA memcpy Host-to-Device]
20831774613,9952,442781,273,1,1,8,4,1,39,0.002,0.000,,,,,NVIDIA A100-SXM4-40GB MIG 4g.20gb (0),1,,13,"void channel_eq::eqMmseCoefCompLowMimoKernel<float, float, float, (unsigned int)4, (unsigned int)1, (unsigned int)4>(const channel_eq::_puschRxChEqStatDescr *, channel_eq::_puschRxChEqCoefCompDynDescr)"
20831843348,10848,442782,273,1,1,12,11,1,51,0.002,0.000,,,,,NVIDIA A100-SXM4-40GB MIG 4g.20gb (0),1,,13,"void channel_eq::eqMmseSoftDemapKernel<float, __half, __half, float, (unsigned int)4, (unsigned short)16383>(channel_eq::_puschRxChEqStatDescr *, channel_eq::_puschRxChEqSoftDemapDynDescr)"
20831856308,282173,442783,1,1,1,32,32,1,30,0.000,0.000,,,,,NVIDIA A100-SXM4-40GB MIG 4g.20gb (0),1,,13,"void convert_kernel<float2, __half2>(tensor_layout_any, T1 *, tensor_layout_any, const T2 *)"
20832140241,10560,442795,2253,1,1,128,1,1,16,0.000,0.000,,,,,NVIDIA A100-SXM4-40GB MIG 4g.20gb (0),1,,13,cupy_copy__float16_float16
20832152049,2783,442804,282,1,1,128,1,1,16,0.000,0.000,,,,,NVIDIA A100-SXM4-40GB MIG 4g.20gb (0),1,,13,cupy_copy__complex64_complex64
20832156752,2080,442813,26,1,1,128,1,1,16,0.000,0.000,,,,,NVIDIA A100-SXM4-40GB MIG 4g.20gb (0),1,,13,cupy_copy__float32_float32
20832160848,2848,442822,103,1,1,128,1,1,16,0.000,0.000,,,,,NVIDIA A100-SXM4-40GB MIG 4g.20gb (0),1,,13,cupy_copy__complex64_complex64
20832165936,12480,442832,1434,1,1,128,1,1,16,0.000,0.000,,,,,NVIDIA A100-SXM4-40GB MIG 4g.20gb (0),1,,13,cupy_copy__complex64_complex64
20832180144,79455,442837,1,1,1,32,32,1,30,0.000,0.000,,,,,NVIDIA A100-SXM4-40GB MIG 4g.20gb (0),1,,13,"void convert_kernel<__half2, float2>(tensor_layout_any, T1 *, tensor_layout_any, const T2 *)"
20832288175,5472,442840,,,,,,,,,,0.094,17122.757,Pinned,Device,NVIDIA A100-SXM4-40GB MIG 4g.20gb (0),1,,13,[CUDA memcpy Host-to-Device]
20832297775,601465,442841,,,,,,,,,,456.561,758805.113,Device,,NVIDIA A100-SXM4-40GB MIG 4g.20gb (0),1,,13,[CUDA memset]
20832906952,48896,442846,,,,,,,,,,1.235,25255.840,Pinned,Device,NVIDIA A100-SXM4-40GB MIG 4g.20gb (0),1,,13,[CUDA memcpy Host-to-Device]
20832958408,9439,442847,,,,,,,,,,0.197,20829.241,Pinned,Device,NVIDIA A100-SXM4-40GB MIG 4g.20gb (0),1,,13,[CUDA memcpy Host-to-Device]
20832971687,7264,442848,69,4,1,48,1,1,76,0.002,0.000,,,,,NVIDIA A100-SXM4-40GB MIG 4g.20gb (0),1,,13,"void ch_est::windowedChEstPreNoDftSOfdmKernel<float, __half, float, (unsigned int)2, (unsigned int)1, (unsigned short)4>(ch_est::puschRxChEstStatDescr_t *, ch_est::puschRxChEstDynDescr_t *)"
20832981223,6560,442849,137,2,1,24,2,1,44,0.001,0.001,,,,,NVIDIA A100-SXM4-40GB MIG 4g.20gb (0),1,,13,"void ch_est::chEstFilterNoDftSOfdmDispatchKernel<float, __half, float, (unsigned int)2>(ch_est::puschRxChEstStatDescr_t *, ch_est::puschRxChEstDynDescr_t *)"
20832989735,5312,442850,137,2,1,24,2,1,44,0.001,0.001,,,,,NVIDIA A100-SXM4-40GB MIG 4g.20gb (0),1,,13,"void ch_est::chEstFilterNoDftSOfdmDispatchKernel<float, __half, float, (unsigned int)2>(ch_est::puschRxChEstStatDescr_t *, ch_est::puschRxChEstDynDescr_t *)"
20832997063,2464,442861,103,1,1,128,1,1,16,0.000,0.000,,,,,NVIDIA A100-SXM4-40GB MIG 4g.20gb (0),1,,13,cupy_copy__complex64_complex64
20833001063,12928,442871,1434,1,1,128,1,1,16,0.000,0.000,,,,,NVIDIA A100-SXM4-40GB MIG 4g.20gb (0),1,,13,cupy_copy__complex64_complex64
20833015303,2496,442878,103,1,1,128,1,1,16,0.000,0.000,,,,,NVIDIA A100-SXM4-40GB MIG 4g.20gb (0),1,,13,cupy_copy__complex64_complex64
20833019495,79679,442885,1,1,1,32,32,1,30,0.000,0.000,,,,,NVIDIA A100-SXM4-40GB MIG 4g.20gb (0),1,,13,"void convert_kernel<__half2, float2>(tensor_layout_any, T1 *, tensor_layout_any, const T2 *)"
20833127206,5344,442888,,,,,,,,,,0.094,17532.864,Pinned,Device,NVIDIA A100-SXM4-40GB MIG 4g.20gb (0),1,,13,[CUDA memcpy Host-to-Device]
20833138598,45791,442889,,,,,,,,,,35.810,782017.033,Device,,NVIDIA A100-SXM4-40GB MIG 4g.20gb (0),1,,13,[CUDA memset]
20833190597,1952,442891,,,,,,,,,,0.000,40.984,Pinned,Device,NVIDIA A100-SXM4-40GB MIG 4g.20gb (0),1,,13,[CUDA memcpy Host-to-Device]
20833194981,9536,442892,,,,,,,,,,0.197,20617.298,Pinned,Device,NVIDIA A100-SXM4-40GB MIG 4g.20gb (0),1,,13,[CUDA memcpy Host-to-Device]
20833208613,8512,442893,273,1,1,48,1,1,40,0.000,0.001,,,,,NVIDIA A100-SXM4-40GB MIG 4g.20gb (0),1,,13,"void pusch_noise_intf_est::noiseIntfEstNoDftSOfdmKernel<float, __half, float, float, (unsigned int)2, (unsigned int)1, (unsigned char)4, (unsigned char)4>(pusch_noise_intf_est::puschRxNoiseIntfEstDynDescr)"
20833219685,2944,442904,35,1,1,128,1,1,16,0.000,0.000,,,,,NVIDIA A100-SXM4-40GB MIG 4g.20gb (0),1,,13,cupy_copy__complex64_complex64
20833255140,1856,442913,1,1,1,1,1,1,18,0.000,0.000,,,,,NVIDIA A100-SXM4-40GB MIG 4g.20gb (0),1,,13,cupy_copy__float32_float32
20833289028,1568,442919,,,,,,,,,,0.000,2.551,Device,Pageable,NVIDIA A100-SXM4-40GB MIG 4g.20gb (0),1,,7,[CUDA memcpy Device-to-Host]
20833348675,13152,442930,1434,1,1,128,1,1,16,0.000,0.000,,,,,NVIDIA A100-SXM4-40GB MIG 4g.20gb (0),1,,13,cupy_copy__complex64_complex64
20833375011,2688,442937,103,1,1,128,1,1,16,0.000,0.000,,,,,NVIDIA A100-SXM4-40GB MIG 4g.20gb (0),1,,13,cupy_copy__complex64_complex64
20833395843,2208,442944,35,1,1,128,1,1,16,0.000,0.000,,,,,NVIDIA A100-SXM4-40GB MIG 4g.20gb (0),1,,13,cupy_copy__complex64_complex64
20833414178,1824,442951,1,1,1,1,1,1,18,0.000,0.000,,,,,NVIDIA A100-SXM4-40GB MIG 4g.20gb (0),1,,13,cupy_copy__float32_float32
20833548001,79999,442962,1,1,1,32,32,1,30,0.000,0.000,,,,,NVIDIA A100-SXM4-40GB MIG 4g.20gb (0),1,,13,"void convert_kernel<__half2, float2>(tensor_layout_any, T1 *, tensor_layout_any, const T2 *)"
20833656384,5600,442965,,,,,,,,,,0.094,16731.388,Pinned,Device,NVIDIA A100-SXM4-40GB MIG 4g.20gb (0),1,,13,[CUDA memcpy Host-to-Device]
20833670688,3232,442966,,,,,,,,,,1.547,478533.199,Device,,NVIDIA A100-SXM4-40GB MIG 4g.20gb (0),1,,13,[CUDA memset]
20833677184,3039,442971,,,,,,,,,,0.031,10298.105,Pinned,Device,NVIDIA A100-SXM4-40GB MIG 4g.20gb (0),1,,13,[CUDA memcpy Host-to-Device]
20833682303,9376,442972,,,,,,,,,,0.197,20969.226,Pinned,Device,NVIDIA A100-SXM4-40GB MIG 4g.20gb (0),1,,13,[CUDA memcpy Host-to-Device]
20833695359,5984,442973,273,1,1,8,4,1,39,0.002,0.000,,,,,NVIDIA A100-SXM4-40GB MIG 4g.20gb (0),1,,13,"void channel_eq::eqMmseCoefCompLowMimoKernel<float, float, float, (unsigned int)4, (unsigned int)1, (unsigned int)4>(const channel_eq::_puschRxChEqStatDescr *, channel_eq::_puschRxChEqCoefCompDynDescr)"
20833702591,6112,442974,273,1,1,12,11,1,51,0.002,0.000,,,,,NVIDIA A100-SXM4-40GB MIG 4g.20gb (0),1,,13,"void channel_eq::eqMmseSoftDemapKernel<float, __half, __half, float, (unsigned int)4, (unsigned short)16383>(channel_eq::_puschRxChEqStatDescr *, channel_eq::_puschRxChEqSoftDemapDynDescr)"
20833710527,281565,442975,1,1,1,32,32,1,30,0.000,0.000,,,,,NVIDIA A100-SXM4-40GB MIG 4g.20gb (0),1,,13,"void convert_kernel<float2, __half2>(tensor_layout_any, T1 *, tensor_layout_any, const T2 *)"
20833993436,10464,442987,2253,1,1,128,1,1,16,0.000,0.000,,,,,NVIDIA A100-SXM4-40GB MIG 4g.20gb (0),1,,13,cupy_copy__float16_float16
20834005884,2784,442996,282,1,1,128,1,1,16,0.000,0.000,,,,,NVIDIA A100-SXM4-40GB MIG 4g.20gb (0),1,,13,cupy_copy__complex64_complex64
20834010556,2080,443005,26,1,1,128,1,1,16,0.000,0.000,,,,,NVIDIA A100-SXM4-40GB MIG 4g.20gb (0),1,,13,cupy_copy__float32_float32
20834014428,2816,443014,103,1,1,128,1,1,16,0.000,0.000,,,,,NVIDIA A100-SXM4-40GB MIG 4g.20gb (0),1,,13,cupy_copy__complex64_complex64
20834019516,11712,443024,1434,1,1,128,1,1,16,0.000,0.000,,,,,NVIDIA A100-SXM4-40GB MIG 4g.20gb (0),1,,13,cupy_copy__complex64_complex64
20834094203,81087,443029,1,1,1,32,32,1,30,0.000,0.000,,,,,NVIDIA A100-SXM4-40GB MIG 4g.20gb (0),1,,13,"void convert_kernel<__half2, float2>(tensor_layout_any, T1 *, tensor_layout_any, const T2 *)"
20834204474,5344,443032,,,,,,,,,,0.094,17532.864,Pinned,Device,NVIDIA A100-SXM4-40GB MIG 4g.20gb (0),1,,13,[CUDA memcpy Host-to-Device]
20834291289,609977,443033,,,,,,,,,,456.561,748304.200,Device,,NVIDIA A100-SXM4-40GB MIG 4g.20gb (0),1,,13,[CUDA memset]
20834904338,49823,443038,,,,,,,,,,1.235,24786.561,Pinned,Device,NVIDIA A100-SXM4-40GB MIG 4g.20gb (0),1,,13,[CUDA memcpy Host-to-Device]
20834956593,10432,443039,,,,,,,,,,0.197,18846.450,Pinned,Device,NVIDIA A100-SXM4-40GB MIG 4g.20gb (0),1,,13,[CUDA memcpy Host-to-Device]
20835032464,16992,443040,69,4,1,48,1,1,76,0.002,0.000,,,,,NVIDIA A100-SXM4-40GB MIG 4g.20gb (0),1,,13,"void ch_est::windowedChEstPreNoDftSOfdmKernel<float, __half, float, (unsigned int)2, (unsigned int)1, (unsigned short)4>(ch_est::puschRxChEstStatDescr_t *, ch_est::puschRxChEstDynDescr_t *)"
20835050832,6624,443041,137,2,1,24,2,1,44,0.001,0.001,,,,,NVIDIA A100-SXM4-40GB MIG 4g.20gb (0),1,,13,"void ch_est::chEstFilterNoDftSOfdmDispatchKernel<float, __half, float, (unsigned int)2>(ch_est::puschRxChEstStatDescr_t *, ch_est::puschRxChEstDynDescr_t *)"
20835060560,4736,443042,137,2,1,24,2,1,44,0.001,0.001,,,,,NVIDIA A100-SXM4-40GB MIG 4g.20gb (0),1,,13,"void ch_est::chEstFilterNoDftSOfdmDispatchKernel<float, __half, float, (unsigned int)2>(ch_est::puschRxChEstStatDescr_t *, ch_est::puschRxChEstDynDescr_t *)"
20835066736,2496,443053,103,1,1,128,1,1,16,0.000,0.000,,,,,NVIDIA A100-SXM4-40GB MIG 4g.20gb (0),1,,13,cupy_copy__complex64_complex64
20835070448,12416,443063,1434,1,1,128,1,1,16,0.000,0.000,,,,,NVIDIA A100-SXM4-40GB MIG 4g.20gb (0),1,,13,cupy_copy__complex64_complex64
20835084848,2496,443070,103,1,1,128,1,1,16,0.000,0.000,,,,,NVIDIA A100-SXM4-40GB MIG 4g.20gb (0),1,,13,cupy_copy__complex64_complex64
20835088880,79583,443077,1,1,1,32,32,1,30,0.000,0.000,,,,,NVIDIA A100-SXM4-40GB MIG 4g.20gb (0),1,,13,"void convert_kernel<__half2, float2>(tensor_layout_any, T1 *, tensor_layout_any, const T2 *)"
20835195983,5344,443080,,,,,,,,,,0.094,17532.864,Pinned,Device,NVIDIA A100-SXM4-40GB MIG 4g.20gb (0),1,,13,[CUDA memcpy Host-to-Device]
20835208686,47392,443081,,,,,,,,,,35.810,755589.312,Device,,NVIDIA A100-SXM4-40GB MIG 4g.20gb (0),1,,13,[CUDA memset]
20835276686,2144,443083,,,,,,,,,,0.000,37.313,Pinned,Device,NVIDIA A100-SXM4-40GB MIG 4g.20gb (0),1,,13,[CUDA memcpy Host-to-Device]
20835281230,9600,443084,,,,,,,,,,0.197,20479.869,Pinned,Device,NVIDIA A100-SXM4-40GB MIG 4g.20gb (0),1,,13,[CUDA memcpy Host-to-Device]
20835295213,8512,443085,273,1,1,48,1,1,40,0.000,0.001,,,,,NVIDIA A100-SXM4-40GB MIG 4g.20gb (0),1,,13,"void pusch_noise_intf_est::noiseIntfEstNoDftSOfdmKernel<float, __half, float, float, (unsigned int)2, (unsigned int)1, (unsigned char)4, (unsigned char)4>(pusch_noise_intf_est::puschRxNoiseIntfEstDynDescr)"
20835305549,2912,443096,35,1,1,128,1,1,16,0.000,0.000,,,,,NVIDIA A100-SXM4-40GB MIG 4g.20gb (0),1,,13,cupy_copy__complex64_complex64
20835324301,1888,443105,1,1,1,1,1,1,18,0.000,0.000,,,,,NVIDIA A100-SXM4-40GB MIG 4g.20gb (0),1,,13,cupy_copy__float32_float32
20835361133,1568,443111,,,,,,,,,,0.000,2.551,Device,Pageable,NVIDIA A100-SXM4-40GB MIG 4g.20gb (0),1,,7,[CUDA memcpy Device-to-Host]
20835421996,13056,443122,1434,1,1,128,1,1,16,0.000,0.000,,,,,NVIDIA A100-SXM4-40GB MIG 4g.20gb (0),1,,13,cupy_copy__complex64_complex64
20835447980,2720,443129,103,1,1,128,1,1,16,0.000,0.000,,,,,NVIDIA A100-SXM4-40GB MIG 4g.20gb (0),1,,13,cupy_copy__complex64_complex64
20835468556,2208,443136,35,1,1,128,1,1,16,0.000,0.000,,,,,NVIDIA A100-SXM4-40GB MIG 4g.20gb (0),1,,13,cupy_copy__complex64_complex64
20835487179,1856,443143,1,1,1,1,1,1,18,0.000,0.000,,,,,NVIDIA A100-SXM4-40GB MIG 4g.20gb (0),1,,13,cupy_copy__float32_float32
20835622122,79423,443154,1,1,1,32,32,1,30,0.000,0.000,,,,,NVIDIA A100-SXM4-40GB MIG 4g.20gb (0),1,,13,"void convert_kernel<__half2, float2>(tensor_layout_any, T1 *, tensor_layout_any, const T2 *)"
20835729929,5344,443157,,,,,,,,,,0.094,17532.864,Pinned,Device,NVIDIA A100-SXM4-40GB MIG 4g.20gb (0),1,,13,[CUDA memcpy Host-to-Device]
20835744840,3200,443158,,,,,,,,,,1.547,483320.000,Device,,NVIDIA A100-SXM4-40GB MIG 4g.20gb (0),1,,13,[CUDA memset]
20835751272,3040,443163,,,,,,,,,,0.031,10294.725,Pinned,Device,NVIDIA A100-SXM4-40GB MIG 4g.20gb (0),1,,13,[CUDA memcpy Host-to-Device]
20835756744,9248,443164,,,,,,,,,,0.197,21259.420,Pinned,Device,NVIDIA A100-SXM4-40GB MIG 4g.20gb (0),1,,13,[CUDA memcpy Host-to-Device]
20835770088,6304,443165,273,1,1,8,4,1,39,0.002,0.000,,,,,NVIDIA A100-SXM4-40GB MIG 4g.20gb (0),1,,13,"void channel_eq::eqMmseCoefCompLowMimoKernel<float, float, float, (unsigned int)4, (unsigned int)1, (unsigned int)4>(const channel_eq::_puschRxChEqStatDescr *, channel_eq::_puschRxChEqCoefCompDynDescr)"
20835777704,6336,443166,273,1,1,12,11,1,51,0.002,0.000,,,,,NVIDIA A100-SXM4-40GB MIG 4g.20gb (0),1,,13,"void channel_eq::eqMmseSoftDemapKernel<float, __half, __half, float, (unsigned int)4, (unsigned short)16383>(channel_eq::_puschRxChEqStatDescr *, channel_eq::_puschRxChEqSoftDemapDynDescr)"
20835785288,281085,443167,1,1,1,32,32,1,30,0.000,0.000,,,,,NVIDIA A100-SXM4-40GB MIG 4g.20gb (0),1,,13,"void convert_kernel<float2, __half2>(tensor_layout_any, T1 *, tensor_layout_any, const T2 *)"
20836068197,10592,443179,2253,1,1,128,1,1,16,0.000,0.000,,,,,NVIDIA A100-SXM4-40GB MIG 4g.20gb (0),1,,13,cupy_copy__float16_float16
20836080901,2784,443188,282,1,1,128,1,1,16,0.000,0.000,,,,,NVIDIA A100-SXM4-40GB MIG 4g.20gb (0),1,,13,cupy_copy__complex64_complex64
20836086053,2080,443197,26,1,1,128,1,1,16,0.000,0.000,,,,,NVIDIA A100-SXM4-40GB MIG 4g.20gb (0),1,,13,cupy_copy__float32_float32
20836090085,2816,443206,103,1,1,128,1,1,16,0.000,0.000,,,,,NVIDIA A100-SXM4-40GB MIG 4g.20gb (0),1,,13,cupy_copy__complex64_complex64
20836094757,11391,443216,1434,1,1,128,1,1,16,0.000,0.000,,,,,NVIDIA A100-SXM4-40GB MIG 4g.20gb (0),1,,13,cupy_copy__complex64_complex64
20836144388,79903,443221,1,1,1,32,32,1,30,0.000,0.000,,,,,NVIDIA A100-SXM4-40GB MIG 4g.20gb (0),1,,13,"void convert_kernel<__half2, float2>(tensor_layout_any, T1 *, tensor_layout_any, const T2 *)"
20836252579,5312,443224,,,,,,,,,,0.094,17638.553,Pinned,Device,NVIDIA A100-SXM4-40GB MIG 4g.20gb (0),1,,13,[CUDA memcpy Host-to-Device]
20836262851,600281,443225,,,,,,,,,,456.561,760174.798,Device,,NVIDIA A100-SXM4-40GB MIG 4g.20gb (0),1,,13,[CUDA memset]
20836867580,48831,443230,,,,,,,,,,1.235,25289.183,Pinned,Device,NVIDIA A100-SXM4-40GB MIG 4g.20gb (0),1,,13,[CUDA memcpy Host-to-Device]
20836918843,9664,443231,,,,,,,,,,0.197,20344.209,Pinned,Device,NVIDIA A100-SXM4-40GB MIG 4g.20gb (0),1,,13,[CUDA memcpy Host-to-Device]
20836932699,7424,443232,69,4,1,48,1,1,76,0.002,0.000,,,,,NVIDIA A100-SXM4-40GB MIG 4g.20gb (0),1,,13,"void ch_est::windowedChEstPreNoDftSOfdmKernel<float, __half, float, (unsigned int)2, (unsigned int)1, (unsigned short)4>(ch_est::puschRxChEstStatDescr_t *, ch_est::puschRxChEstDynDescr_t *)"
20836942395,6656,443233,137,2,1,24,2,1,44,0.001,0.001,,,,,NVIDIA A100-SXM4-40GB MIG 4g.20gb (0),1,,13,"void ch_est::chEstFilterNoDftSOfdmDispatchKernel<float, __half, float, (unsigned int)2>(ch_est::puschRxChEstStatDescr_t *, ch_est::puschRxChEstDynDescr_t *)"
20836951387,4992,443234,137,2,1,24,2,1,44,0.001,0.001,,,,,NVIDIA A100-SXM4-40GB MIG 4g.20gb (0),1,,13,"void ch_est::chEstFilterNoDftSOfdmDispatchKernel<float, __half, float, (unsigned int)2>(ch_est::puschRxChEstStatDescr_t *, ch_est::puschRxChEstDynDescr_t *)"
20836957627,2464,443245,103,1,1,128,1,1,16,0.000,0.000,,,,,NVIDIA A100-SXM4-40GB MIG 4g.20gb (0),1,,13,cupy_copy__complex64_complex64
20836961659,13216,443255,1434,1,1,128,1,1,16,0.000,0.000,,,,,NVIDIA A100-SXM4-40GB MIG 4g.20gb (0),1,,13,cupy_copy__complex64_complex64
20836977019,2528,443262,103,1,1,128,1,1,16,0.000,0.000,,,,,NVIDIA A100-SXM4-40GB MIG 4g.20gb (0),1,,13,cupy_copy__complex64_complex64
20836981083,80607,443269,1,1,1,32,32,1,30,0.000,0.000,,,,,NVIDIA A100-SXM4-40GB MIG 4g.20gb (0),1,,13,"void convert_kernel<__half2, float2>(tensor_layout_any, T1 *, tensor_layout_any, const T2 *)"
20837093049,5376,443272,,,,,,,,,,0.094,17428.487,Pinned,Device,NVIDIA A100-SXM4-40GB MIG 4g.20gb (0),1,,13,[CUDA memcpy Host-to-Device]
20837104601,46016,443273,,,,,,,,,,35.810,778185.372,Device,,NVIDIA A100-SXM4-40GB MIG 4g.20gb (0),1,,13,[CUDA memset]
20837158553,1888,443275,,,,,,,,,,0.000,42.373,Pinned,Device,NVIDIA A100-SXM4-40GB MIG 4g.20gb (0),1,,13,[CUDA memcpy Host-to-Device]
20837163033,10240,443276,,,,,,,,,,0.197,19199.951,Pinned,Device,NVIDIA A100-SXM4-40GB MIG 4g.20gb (0),1,,13,[CUDA memcpy Host-to-Device]
20837184664,8480,443277,273,1,1,48,1,1,40,0.000,0.001,,,,,NVIDIA A100-SXM4-40GB MIG 4g.20gb (0),1,,13,"void pusch_noise_intf_est::noiseIntfEstNoDftSOfdmKernel<float, __half, float, float, (unsigned int)2, (unsigned int)1, (unsigned char)4, (unsigned char)4>(pusch_noise_intf_est::puschRxNoiseIntfEstDynDescr)"
20837194968,2784,443288,35,1,1,128,1,1,16,0.000,0.000,,,,,NVIDIA A100-SXM4-40GB MIG 4g.20gb (0),1,,13,cupy_copy__complex64_complex64
20837215288,1856,443297,1,1,1,1,1,1,18,0.000,0.000,,,,,NVIDIA A100-SXM4-40GB MIG 4g.20gb (0),1,,13,cupy_copy__float32_float32
20837249144,1568,443303,,,,,,,,,,0.000,2.551,Device,Pageable,NVIDIA A100-SXM4-40GB MIG 4g.20gb (0),1,,7,[CUDA memcpy Device-to-Host]
20837315703,15744,443314,1434,1,1,128,1,1,16,0.000,0.000,,,,,NVIDIA A100-SXM4-40GB MIG 4g.20gb (0),1,,13,cupy_copy__complex64_complex64
20837335575,5120,443321,103,1,1,128,1,1,16,0.000,0.000,,,,,NVIDIA A100-SXM4-40GB MIG 4g.20gb (0),1,,13,cupy_copy__complex64_complex64
20837397398,3968,443328,35,1,1,128,1,1,16,0.000,0.000,,,,,NVIDIA A100-SXM4-40GB MIG 4g.20gb (0),1,,13,cupy_copy__complex64_complex64
20837403990,3040,443335,1,1,1,1,1,1,18,0.000,0.000,,,,,NVIDIA A100-SXM4-40GB MIG 4g.20gb (0),1,,13,cupy_copy__float32_float32
20837517269,326940,443346,1,1,1,32,32,1,30,0.000,0.000,,,,,NVIDIA A100-SXM4-40GB MIG 4g.20gb (0),1,,13,"void convert_kernel<__half2, float2>(tensor_layout_any, T1 *, tensor_layout_any, const T2 *)"
20837873617,5504,443349,,,,,,,,,,0.094,17023.251,Pinned,Device,NVIDIA A100-SXM4-40GB MIG 4g.20gb (0),1,,13,[CUDA memcpy Host-to-Device]
20837905168,4256,443350,,,,,,,,,,1.547,363397.868,Device,,NVIDIA A100-SXM4-40GB MIG 4g.20gb (0),1,,13,[CUDA memset]
20837913840,3168,443355,,,,,,,,,,0.031,9878.770,Pinned,Device,NVIDIA A100-SXM4-40GB MIG 4g.20gb (0),1,,13,[CUDA memcpy Host-to-Device]
20837919280,9632,443356,,,,,,,,,,0.197,20411.843,Pinned,Device,NVIDIA A100-SXM4-40GB MIG 4g.20gb (0),1,,13,[CUDA memcpy Host-to-Device]
20837969744,9856,443357,273,1,1,8,4,1,39,0.002,0.000,,,,,NVIDIA A100-SXM4-40GB MIG 4g.20gb (0),1,,13,"void channel_eq::eqMmseCoefCompLowMimoKernel<float, float, float, (unsigned int)4, (unsigned int)1, (unsigned int)4>(const channel_eq::_puschRxChEqStatDescr *, channel_eq::_puschRxChEqCoefCompDynDescr)"
20838033807,9760,443358,273,1,1,12,11,1,51,0.002,0.000,,,,,NVIDIA A100-SXM4-40GB MIG 4g.20gb (0),1,,13,"void channel_eq::eqMmseSoftDemapKernel<float, __half, __half, float, (unsigned int)4, (unsigned short)16383>(channel_eq::_puschRxChEqStatDescr *, channel_eq::_puschRxChEqSoftDemapDynDescr)"
20838099534,551226,443359,1,1,1,32,32,1,30,0.000,0.000,,,,,NVIDIA A100-SXM4-40GB MIG 4g.20gb (0),1,,13,"void convert_kernel<float2, __half2>(tensor_layout_any, T1 *, tensor_layout_any, const T2 *)"
20838653032,11616,443371,2253,1,1,128,1,1,16,0.000,0.000,,,,,NVIDIA A100-SXM4-40GB MIG 4g.20gb (0),1,,13,cupy_copy__float16_float16
20838667144,3648,443380,282,1,1,128,1,1,16,0.000,0.000,,,,,NVIDIA A100-SXM4-40GB MIG 4g.20gb (0),1,,13,cupy_copy__complex64_complex64
20838672968,2368,443389,26,1,1,128,1,1,16,0.000,0.000,,,,,NVIDIA A100-SXM4-40GB MIG 4g.20gb (0),1,,13,cupy_copy__float32_float32
20838677000,3264,443398,103,1,1,128,1,1,16,0.000,0.000,,,,,NVIDIA A100-SXM4-40GB MIG 4g.20gb (0),1,,13,cupy_copy__complex64_complex64
20838682152,12032,443408,1434,1,1,128,1,1,16,0.000,0.000,,,,,NVIDIA A100-SXM4-40GB MIG 4g.20gb (0),1,,13,cupy_copy__complex64_complex64
20838696168,79391,443413,1,1,1,32,32,1,30,0.000,0.000,,,,,NVIDIA A100-SXM4-40GB MIG 4g.20gb (0),1,,13,"void convert_kernel<__half2, float2>(tensor_layout_any, T1 *, tensor_layout_any, const T2 *)"
20838804646,5344,443416,,,,,,,,,,0.094,17532.864,Pinned,Device,NVIDIA A100-SXM4-40GB MIG 4g.20gb (0),1,,13,[CUDA memcpy Host-to-Device]
20838814342,601018,443417,,,,,,,,,,456.561,759261.675,Device,,NVIDIA A100-SXM4-40GB MIG 4g.20gb (0),1,,13,[CUDA memset]
20839417247,48800,443422,,,,,,,,,,1.235,25305.238,Pinned,Device,NVIDIA A100-SXM4-40GB MIG 4g.20gb (0),1,,13,[CUDA memcpy Host-to-Device]
20839468447,9440,443423,,,,,,,,,,0.197,20827.079,Pinned,Device,NVIDIA A100-SXM4-40GB MIG 4g.20gb (0),1,,13,[CUDA memcpy Host-to-Device]
20839481695,7072,443424,69,4,1,48,1,1,76,0.002,0.000,,,,,NVIDIA A100-SXM4-40GB MIG 4g.20gb (0),1,,13,"void ch_est::windowedChEstPreNoDftSOfdmKernel<float, __half, float, (unsigned int)2, (unsigned int)1, (unsigned short)4>(ch_est::puschRxChEstStatDescr_t *, ch_est::puschRxChEstDynDescr_t *)"
20839491359,6816,443425,137,2,1,24,2,1,44,0.001,0.001,,,,,NVIDIA A100-SXM4-40GB MIG 4g.20gb (0),1,,13,"void ch_est::chEstFilterNoDftSOfdmDispatchKernel<float, __half, float, (unsigned int)2>(ch_est::puschRxChEstStatDescr_t *, ch_est::puschRxChEstDynDescr_t *)"
20839500447,4736,443426,137,2,1,24,2,1,44,0.001,0.001,,,,,NVIDIA A100-SXM4-40GB MIG 4g.20gb (0),1,,13,"void ch_est::chEstFilterNoDftSOfdmDispatchKernel<float, __half, float, (unsigned int)2>(ch_est::puschRxChEstStatDescr_t *, ch_est::puschRxChEstDynDescr_t *)"
20839506622,2464,443437,103,1,1,128,1,1,16,0.000,0.000,,,,,NVIDIA A100-SXM4-40GB MIG 4g.20gb (0),1,,13,cupy_copy__complex64_complex64
20839511230,12896,443447,1434,1,1,128,1,1,16,0.000,0.000,,,,,NVIDIA A100-SXM4-40GB MIG 4g.20gb (0),1,,13,cupy_copy__complex64_complex64
20839526334,2496,443454,103,1,1,128,1,1,16,0.000,0.000,,,,,NVIDIA A100-SXM4-40GB MIG 4g.20gb (0),1,,13,cupy_copy__complex64_complex64
20839531006,79327,443461,1,1,1,32,32,1,30,0.000,0.000,,,,,NVIDIA A100-SXM4-40GB MIG 4g.20gb (0),1,,13,"void convert_kernel<__half2, float2>(tensor_layout_any, T1 *, tensor_layout_any, const T2 *)"
20839638109,5344,443464,,,,,,,,,,0.094,17532.864,Pinned,Device,NVIDIA A100-SXM4-40GB MIG 4g.20gb (0),1,,13,[CUDA memcpy Host-to-Device]
20839650141,46111,443465,,,,,,,,,,35.810,776573.925,Device,,NVIDIA A100-SXM4-40GB MIG 4g.20gb (0),1,,13,[CUDA memset]
20839703164,1824,443467,,,,,,,,,,0.000,43.860,Pinned,Device,NVIDIA A100-SXM4-40GB MIG 4g.20gb (0),1,,13,[CUDA memcpy Host-to-Device]
20839707612,9312,443468,,,,,,,,,,0.197,21113.340,Pinned,Device,NVIDIA A100-SXM4-40GB MIG 4g.20gb (0),1,,13,[CUDA memcpy Host-to-Device]
20839720796,8896,443469,273,1,1,48,1,1,40,0.000,0.001,,,,,NVIDIA A100-SXM4-40GB MIG 4g.20gb (0),1,,13,"void pusch_noise_intf_est::noiseIntfEstNoDftSOfdmKernel<float, __half, float, float, (unsigned int)2, (unsigned int)1, (unsigned char)4, (unsigned char)4>(pusch_noise_intf_est::puschRxNoiseIntfEstDynDescr)"
20839731644,2816,443480,35,1,1,128,1,1,16,0.000,0.000,,,,,NVIDIA A100-SXM4-40GB MIG 4g.20gb (0),1,,13,cupy_copy__complex64_complex64
20839755164,1888,443489,1,1,1,1,1,1,18,0.000,0.000,,,,,NVIDIA A100-SXM4-40GB MIG 4g.20gb (0),1,,13,cupy_copy__float32_float32
20839788699,1600,443495,,,,,,,,,,0.000,2.500,Device,Pageable,NVIDIA A100-SXM4-40GB MIG 4g.20gb (0),1,,7,[CUDA memcpy Device-to-Host]
20839860123,13407,443506,1434,1,1,128,1,1,16,0.000,0.000,,,,,NVIDIA A100-SXM4-40GB MIG 4g.20gb (0),1,,13,cupy_copy__complex64_complex64
20839888346,2720,443513,103,1,1,128,1,1,16,0.000,0.000,,,,,NVIDIA A100-SXM4-40GB MIG 4g.20gb (0),1,,13,cupy_copy__complex64_complex64
20839907866,2176,443520,35,1,1,128,1,1,16,0.000,0.000,,,,,NVIDIA A100-SXM4-40GB MIG 4g.20gb (0),1,,13,cupy_copy__complex64_complex64
20839925914,1856,443527,1,1,1,1,1,1,18,0.000,0.000,,,,,NVIDIA A100-SXM4-40GB MIG 4g.20gb (0),1,,13,cupy_copy__float32_float32
20840060024,79903,443538,1,1,1,32,32,1,30,0.000,0.000,,,,,NVIDIA A100-SXM4-40GB MIG 4g.20gb (0),1,,13,"void convert_kernel<__half2, float2>(tensor_layout_any, T1 *, tensor_layout_any, const T2 *)"
20840168983,5440,443541,,,,,,,,,,0.094,17223.480,Pinned,Device,NVIDIA A100-SXM4-40GB MIG 4g.20gb (0),1,,13,[CUDA memcpy Host-to-Device]
20840182551,3200,443542,,,,,,,,,,1.547,483320.000,Device,,NVIDIA A100-SXM4-40GB MIG 4g.20gb (0),1,,13,[CUDA memset]
20840188535,3808,443547,,,,,,,,,,0.031,8218.486,Pinned,Device,NVIDIA A100-SXM4-40GB MIG 4g.20gb (0),1,,13,[CUDA memcpy Host-to-Device]
20840194423,9408,443548,,,,,,,,,,0.197,20897.858,Pinned,Device,NVIDIA A100-SXM4-40GB MIG 4g.20gb (0),1,,13,[CUDA memcpy Host-to-Device]
20840208215,6240,443549,273,1,1,8,4,1,39,0.002,0.000,,,,,NVIDIA A100-SXM4-40GB MIG 4g.20gb (0),1,,13,"void channel_eq::eqMmseCoefCompLowMimoKernel<float, float, float, (unsigned int)4, (unsigned int)1, (unsigned int)4>(const channel_eq::_puschRxChEqStatDescr *, channel_eq::_puschRxChEqCoefCompDynDescr)"
20840216567,5696,443550,273,1,1,12,11,1,51,0.002,0.000,,,,,NVIDIA A100-SXM4-40GB MIG 4g.20gb (0),1,,13,"void channel_eq::eqMmseSoftDemapKernel<float, __half, __half, float, (unsigned int)4, (unsigned short)16383>(channel_eq::_puschRxChEqStatDescr *, channel_eq::_puschRxChEqSoftDemapDynDescr)"
20840224118,284285,443551,1,1,1,32,32,1,30,0.000,0.000,,,,,NVIDIA A100-SXM4-40GB MIG 4g.20gb (0),1,,13,"void convert_kernel<float2, __half2>(tensor_layout_any, T1 *, tensor_layout_any, const T2 *)"
20840621170,14176,443563,2253,1,1,128,1,1,16,0.000,0.000,,,,,NVIDIA A100-SXM4-40GB MIG 4g.20gb (0),1,,13,cupy_copy__float16_float16
20840637266,4000,443572,282,1,1,128,1,1,16,0.000,0.000,,,,,NVIDIA A100-SXM4-40GB MIG 4g.20gb (0),1,,13,cupy_copy__complex64_complex64
20840643218,2240,443581,26,1,1,128,1,1,16,0.000,0.000,,,,,NVIDIA A100-SXM4-40GB MIG 4g.20gb (0),1,,13,cupy_copy__float32_float32
20840646706,3136,443590,103,1,1,128,1,1,16,0.000,0.000,,,,,NVIDIA A100-SXM4-40GB MIG 4g.20gb (0),1,,13,cupy_copy__complex64_complex64
20840775312,16192,443600,1434,1,1,128,1,1,16,0.000,0.000,,,,,NVIDIA A100-SXM4-40GB MIG 4g.20gb (0),1,,13,cupy_copy__complex64_complex64
20840793296,79775,443605,1,1,1,32,32,1,30,0.000,0.000,,,,,NVIDIA A100-SXM4-40GB MIG 4g.20gb (0),1,,13,"void convert_kernel<__half2, float2>(tensor_layout_any, T1 *, tensor_layout_any, const T2 *)"
20840902575,5344,443608,,,,,,,,,,0.094,17532.864,Pinned,Device,NVIDIA A100-SXM4-40GB MIG 4g.20gb (0),1,,13,[CUDA memcpy Host-to-Device]
20840912623,601145,443609,,,,,,,,,,456.561,759261.675,Device,,NVIDIA A100-SXM4-40GB MIG 4g.20gb (0),1,,13,[CUDA memset]
20841520328,49023,443614,,,,,,,,,,1.235,25190.388,Pinned,Device,NVIDIA A100-SXM4-40GB MIG 4g.20gb (0),1,,13,[CUDA memcpy Host-to-Device]
20841571783,9504,443615,,,,,,,,,,0.197,20686.701,Pinned,Device,NVIDIA A100-SXM4-40GB MIG 4g.20gb (0),1,,13,[CUDA memcpy Host-to-Device]
20841585895,7264,443616,69,4,1,48,1,1,76,0.002,0.000,,,,,NVIDIA A100-SXM4-40GB MIG 4g.20gb (0),1,,13,"void ch_est::windowedChEstPreNoDftSOfdmKernel<float, __half, float, (unsigned int)2, (unsigned int)1, (unsigned short)4>(ch_est::puschRxChEstStatDescr_t *, ch_est::puschRxChEstDynDescr_t *)"
20841595207,6624,443617,137,2,1,24,2,1,44,0.001,0.001,,,,,NVIDIA A100-SXM4-40GB MIG 4g.20gb (0),1,,13,"void ch_est::chEstFilterNoDftSOfdmDispatchKernel<float, __half, float, (unsigned int)2>(ch_est::puschRxChEstStatDescr_t *, ch_est::puschRxChEstDynDescr_t *)"
20841603879,4992,443618,137,2,1,24,2,1,44,0.001,0.001,,,,,NVIDIA A100-SXM4-40GB MIG 4g.20gb (0),1,,13,"void ch_est::chEstFilterNoDftSOfdmDispatchKernel<float, __half, float, (unsigned int)2>(ch_est::puschRxChEstStatDescr_t *, ch_est::puschRxChEstDynDescr_t *)"
20841610791,2496,443629,103,1,1,128,1,1,16,0.000,0.000,,,,,NVIDIA A100-SXM4-40GB MIG 4g.20gb (0),1,,13,cupy_copy__complex64_complex64
20841614791,13216,443639,1434,1,1,128,1,1,16,0.000,0.000,,,,,NVIDIA A100-SXM4-40GB MIG 4g.20gb (0),1,,13,cupy_copy__complex64_complex64
20841630055,2496,443646,103,1,1,128,1,1,16,0.000,0.000,,,,,NVIDIA A100-SXM4-40GB MIG 4g.20gb (0),1,,13,cupy_copy__complex64_complex64
20841634055,79391,443653,1,1,1,32,32,1,30,0.000,0.000,,,,,NVIDIA A100-SXM4-40GB MIG 4g.20gb (0),1,,13,"void convert_kernel<__half2, float2>(tensor_layout_any, T1 *, tensor_layout_any, const T2 *)"
20841741094,5344,443656,,,,,,,,,,0.094,17532.864,Pinned,Device,NVIDIA A100-SXM4-40GB MIG 4g.20gb (0),1,,13,[CUDA memcpy Host-to-Device]
20841752805,46240,443657,,,,,,,,,,35.810,774425.330,Device,,NVIDIA A100-SXM4-40GB MIG 4g.20gb (0),1,,13,[CUDA memset]
20841804005,1824,443659,,,,,,,,,,0.000,43.860,Pinned,Device,NVIDIA A100-SXM4-40GB MIG 4g.20gb (0),1,,13,[CUDA memcpy Host-to-Device]
20841808261,9696,443660,,,,,,,,,,0.197,20277.166,Pinned,Device,NVIDIA A100-SXM4-40GB MIG 4g.20gb (0),1,,13,[CUDA memcpy Host-to-Device]
20841821893,8864,443661,273,1,1,48,1,1,40,0.000,0.001,,,,,NVIDIA A100-SXM4-40GB MIG 4g.20gb (0),1,,13,"void pusch_noise_intf_est::noiseIntfEstNoDftSOfdmKernel<float, __half, float, float, (unsigned int)2, (unsigned int)1, (unsigned char)4, (unsigned char)4>(pusch_noise_intf_est::puschRxNoiseIntfEstDynDescr)"
20841832229,2880,443672,35,1,1,128,1,1,16,0.000,0.000,,,,,NVIDIA A100-SXM4-40GB MIG 4g.20gb (0),1,,13,cupy_copy__complex64_complex64
20841858724,1888,443681,1,1,1,1,1,1,18,0.000,0.000,,,,,NVIDIA A100-SXM4-40GB MIG 4g.20gb (0),1,,13,cupy_copy__float32_float32
20841892548,1568,443687,,,,,,,,,,0.000,2.551,Device,Pageable,NVIDIA A100-SXM4-40GB MIG 4g.20gb (0),1,,7,[CUDA memcpy Device-to-Host]
20841952131,13472,443698,1434,1,1,128,1,1,16,0.000,0.000,,,,,NVIDIA A100-SXM4-40GB MIG 4g.20gb (0),1,,13,cupy_copy__complex64_complex64
20841978499,2720,443705,103,1,1,128,1,1,16,0.000,0.000,,,,,NVIDIA A100-SXM4-40GB MIG 4g.20gb (0),1,,13,cupy_copy__complex64_complex64
20841998915,2176,443712,35,1,1,128,1,1,16,0.000,0.000,,,,,NVIDIA A100-SXM4-40GB MIG 4g.20gb (0),1,,13,cupy_copy__complex64_complex64
20842018018,1856,443719,1,1,1,1,1,1,18,0.000,0.000,,,,,NVIDIA A100-SXM4-40GB MIG 4g.20gb (0),1,,13,cupy_copy__float32_float32
20842151553,78879,443730,1,1,1,32,32,1,30,0.000,0.000,,,,,NVIDIA A100-SXM4-40GB MIG 4g.20gb (0),1,,13,"void convert_kernel<__half2, float2>(tensor_layout_any, T1 *, tensor_layout_any, const T2 *)"
20842258944,5376,443733,,,,,,,,,,0.094,17428.487,Pinned,Device,NVIDIA A100-SXM4-40GB MIG 4g.20gb (0),1,,13,[CUDA memcpy Host-to-Device]
20842273184,3200,443734,,,,,,,,,,1.547,483320.000,Device,,NVIDIA A100-SXM4-40GB MIG 4g.20gb (0),1,,13,[CUDA memset]
20842279456,3008,443739,,,,,,,,,,0.031,10404.230,Pinned,Device,NVIDIA A100-SXM4-40GB MIG 4g.20gb (0),1,,13,[CUDA memcpy Host-to-Device]
20842284896,9247,443740,,,,,,,,,,0.197,21261.779,Pinned,Device,NVIDIA A100-SXM4-40GB MIG 4g.20gb (0),1,,13,[CUDA memcpy Host-to-Device]
20842298431,6240,443741,273,1,1,8,4,1,39,0.002,0.000,,,,,NVIDIA A100-SXM4-40GB MIG 4g.20gb (0),1,,13,"void channel_eq::eqMmseCoefCompLowMimoKernel<float, float, float, (unsigned int)4, (unsigned int)1, (unsigned int)4>(const channel_eq::_puschRxChEqStatDescr *, channel_eq::_puschRxChEqCoefCompDynDescr)"
20842306175,6464,443742,273,1,1,12,11,1,51,0.002,0.000,,,,,NVIDIA A100-SXM4-40GB MIG 4g.20gb (0),1,,13,"void channel_eq::eqMmseSoftDemapKernel<float, __half, __half, float, (unsigned int)4, (unsigned short)16383>(channel_eq::_puschRxChEqStatDescr *, channel_eq::_puschRxChEqSoftDemapDynDescr)"
20842314655,281597,443743,1,1,1,32,32,1,30,0.000,0.000,,,,,NVIDIA A100-SXM4-40GB MIG 4g.20gb (0),1,,13,"void convert_kernel<float2, __half2>(tensor_layout_any, T1 *, tensor_layout_any, const T2 *)"
20842598172,10560,443755,2253,1,1,128,1,1,16,0.000,0.000,,,,,NVIDIA A100-SXM4-40GB MIG 4g.20gb (0),1,,13,cupy_copy__float16_float16
20842610812,2752,443764,282,1,1,128,1,1,16,0.000,0.000,,,,,NVIDIA A100-SXM4-40GB MIG 4g.20gb (0),1,,13,cupy_copy__complex64_complex64
20842615548,2080,443773,26,1,1,128,1,1,16,0.000,0.000,,,,,NVIDIA A100-SXM4-40GB MIG 4g.20gb (0),1,,13,cupy_copy__float32_float32
20842619132,2848,443782,103,1,1,128,1,1,16,0.000,0.000,,,,,NVIDIA A100-SXM4-40GB MIG 4g.20gb (0),1,,13,cupy_copy__complex64_complex64
20842623676,11360,443792,1434,1,1,128,1,1,16,0.000,0.000,,,,,NVIDIA A100-SXM4-40GB MIG 4g.20gb (0),1,,13,cupy_copy__complex64_complex64
20842654971,79711,443797,1,1,1,32,32,1,30,0.000,0.000,,,,,NVIDIA A100-SXM4-40GB MIG 4g.20gb (0),1,,13,"void convert_kernel<__half2, float2>(tensor_layout_any, T1 *, tensor_layout_any, const T2 *)"
20842763962,5472,443800,,,,,,,,,,0.094,17122.757,Pinned,Device,NVIDIA A100-SXM4-40GB MIG 4g.20gb (0),1,,13,[CUDA memcpy Host-to-Device]
20842773946,601593,443801,,,,,,,,,,456.561,758805.113,Device,,NVIDIA A100-SXM4-40GB MIG 4g.20gb (0),1,,13,[CUDA memset]
20843380307,48864,443806,,,,,,,,,,1.235,25271.894,Pinned,Device,NVIDIA A100-SXM4-40GB MIG 4g.20gb (0),1,,13,[CUDA memcpy Host-to-Device]
20843431603,9312,443807,,,,,,,,,,0.197,21113.340,Pinned,Device,NVIDIA A100-SXM4-40GB MIG 4g.20gb (0),1,,13,[CUDA memcpy Host-to-Device]
20843444851,7423,443808,69,4,1,48,1,1,76,0.002,0.000,,,,,NVIDIA A100-SXM4-40GB MIG 4g.20gb (0),1,,13,"void ch_est::windowedChEstPreNoDftSOfdmKernel<float, __half, float, (unsigned int)2, (unsigned int)1, (unsigned short)4>(ch_est::puschRxChEstStatDescr_t *, ch_est::puschRxChEstDynDescr_t *)"
20843454098,6624,443809,137,2,1,24,2,1,44,0.001,0.001,,,,,NVIDIA A100-SXM4-40GB MIG 4g.20gb (0),1,,13,"void ch_est::chEstFilterNoDftSOfdmDispatchKernel<float, __half, float, (unsigned int)2>(ch_est::puschRxChEstStatDescr_t *, ch_est::puschRxChEstDynDescr_t *)"
20843462802,4992,443810,137,2,1,24,2,1,44,0.001,0.001,,,,,NVIDIA A100-SXM4-40GB MIG 4g.20gb (0),1,,13,"void ch_est::chEstFilterNoDftSOfdmDispatchKernel<float, __half, float, (unsigned int)2>(ch_est::puschRxChEstStatDescr_t *, ch_est::puschRxChEstDynDescr_t *)"
20843470322,2496,443821,103,1,1,128,1,1,16,0.000,0.000,,,,,NVIDIA A100-SXM4-40GB MIG 4g.20gb (0),1,,13,cupy_copy__complex64_complex64
20843474930,12928,443831,1434,1,1,128,1,1,16,0.000,0.000,,,,,NVIDIA A100-SXM4-40GB MIG 4g.20gb (0),1,,13,cupy_copy__complex64_complex64
20843490130,2528,443838,103,1,1,128,1,1,16,0.000,0.000,,,,,NVIDIA A100-SXM4-40GB MIG 4g.20gb (0),1,,13,cupy_copy__complex64_complex64
20843494194,80511,443845,1,1,1,32,32,1,30,0.000,0.000,,,,,NVIDIA A100-SXM4-40GB MIG 4g.20gb (0),1,,13,"void convert_kernel<__half2, float2>(tensor_layout_any, T1 *, tensor_layout_any, const T2 *)"
20843607761,5376,443848,,,,,,,,,,0.094,17428.487,Pinned,Device,NVIDIA A100-SXM4-40GB MIG 4g.20gb (0),1,,13,[CUDA memcpy Host-to-Device]
20843619665,51231,443849,,,,,,,,,,35.810,698973.828,Device,,NVIDIA A100-SXM4-40GB MIG 4g.20gb (0),1,,13,[CUDA memset]
20843673776,2688,443851,,,,,,,,,,0.000,29.762,Pinned,Device,NVIDIA A100-SXM4-40GB MIG 4g.20gb (0),1,,13,[CUDA memcpy Host-to-Device]
20843680848,9408,443852,,,,,,,,,,0.197,20897.858,Pinned,Device,NVIDIA A100-SXM4-40GB MIG 4g.20gb (0),1,,13,[CUDA memcpy Host-to-Device]
20843777519,11712,443853,273,1,1,48,1,1,40,0.000,0.001,,,,,NVIDIA A100-SXM4-40GB MIG 4g.20gb (0),1,,13,"void pusch_noise_intf_est::noiseIntfEstNoDftSOfdmKernel<float, __half, float, float, (unsigned int)2, (unsigned int)1, (unsigned char)4, (unsigned char)4>(pusch_noise_intf_est::puschRxNoiseIntfEstDynDescr)"
20843846510,4384,443864,35,1,1,128,1,1,16,0.000,0.000,,,,,NVIDIA A100-SXM4-40GB MIG 4g.20gb (0),1,,13,cupy_copy__complex64_complex64
20843852590,2880,443873,1,1,1,1,1,1,18,0.000,0.000,,,,,NVIDIA A100-SXM4-40GB MIG 4g.20gb (0),1,,13,cupy_copy__float32_float32
20843857038,2112,443879,,,,,,,,,,0.000,1.894,Device,Pageable,NVIDIA A100-SXM4-40GB MIG 4g.20gb (0),1,,7,[CUDA memcpy Device-to-Host]
20843919821,13184,443890,1434,1,1,128,1,1,16,0.000,0.000,,,,,NVIDIA A100-SXM4-40GB MIG 4g.20gb (0),1,,13,cupy_copy__complex64_complex64
20843980621,3360,443897,103,1,1,128,1,1,16,0.000,0.000,,,,,NVIDIA A100-SXM4-40GB MIG 4g.20gb (0),1,,13,cupy_copy__complex64_complex64
20843986189,2624,443904,35,1,1,128,1,1,16,0.000,0.000,,,,,NVIDIA A100-SXM4-40GB MIG 4g.20gb (0),1,,13,cupy_copy__complex64_complex64
20843991052,3264,443911,1,1,1,1,1,1,18,0.000,0.000,,,,,NVIDIA A100-SXM4-40GB MIG 4g.20gb (0),1,,13,cupy_copy__float32_float32
20844119403,350588,443922,1,1,1,32,32,1,30,0.000,0.000,,,,,NVIDIA A100-SXM4-40GB MIG 4g.20gb (0),1,,13,"void convert_kernel<__half2, float2>(tensor_layout_any, T1 *, tensor_layout_any, const T2 *)"
20844498695,5536,443925,,,,,,,,,,0.094,16924.777,Pinned,Device,NVIDIA A100-SXM4-40GB MIG 4g.20gb (0),1,,13,[CUDA memcpy Host-to-Device]
20844513607,4128,443926,,,,,,,,,,1.547,374666.571,Device,,NVIDIA A100-SXM4-40GB MIG 4g.20gb (0),1,,13,[CUDA memset]
20844527718,3008,443931,,,,,,,,,,0.031,10404.230,Pinned,Device,NVIDIA A100-SXM4-40GB MIG 4g.20gb (0),1,,13,[CUDA memcpy Host-to-Device]
20844533158,9440,443932,,,,,,,,,,0.197,20827.079,Pinned,Device,NVIDIA A100-SXM4-40GB MIG 4g.20gb (0),1,,13,[CUDA memcpy Host-to-Device]
20844576582,10496,443933,273,1,1,8,4,1,39,0.002,0.000,,,,,NVIDIA A100-SXM4-40GB MIG 4g.20gb (0),1,,13,"void channel_eq::eqMmseCoefCompLowMimoKernel<float, float, float, (unsigned int)4, (unsigned int)1, (unsigned int)4>(const channel_eq::_puschRxChEqStatDescr *, channel_eq::_puschRxChEqCoefCompDynDescr)"
20844645093,10048,443934,273,1,1,12,11,1,51,0.002,0.000,,,,,NVIDIA A100-SXM4-40GB MIG 4g.20gb (0),1,,13,"void channel_eq::eqMmseSoftDemapKernel<float, __half, __half, float, (unsigned int)4, (unsigned short)16383>(channel_eq::_puschRxChEqStatDescr *, channel_eq::_puschRxChEqSoftDemapDynDescr)"
20844659909,282077,443935,1,1,1,32,32,1,30,0.000,0.000,,,,,NVIDIA A100-SXM4-40GB MIG 4g.20gb (0),1,,13,"void convert_kernel<float2, __half2>(tensor_layout_any, T1 *, tensor_layout_any, const T2 *)"
20844944162,10464,443947,2253,1,1,128,1,1,16,0.000,0.000,,,,,NVIDIA A100-SXM4-40GB MIG 4g.20gb (0),1,,13,cupy_copy__float16_float16
20844955842,2816,443956,282,1,1,128,1,1,16,0.000,0.000,,,,,NVIDIA A100-SXM4-40GB MIG 4g.20gb (0),1,,13,cupy_copy__complex64_complex64
20844960130,2048,443965,26,1,1,128,1,1,16,0.000,0.000,,,,,NVIDIA A100-SXM4-40GB MIG 4g.20gb (0),1,,13,cupy_copy__float32_float32
20844964130,2880,443974,103,1,1,128,1,1,16,0.000,0.000,,,,,NVIDIA A100-SXM4-40GB MIG 4g.20gb (0),1,,13,cupy_copy__complex64_complex64
20844969122,12447,443984,1434,1,1,128,1,1,16,0.000,0.000,,,,,NVIDIA A100-SXM4-40GB MIG 4g.20gb (0),1,,13,cupy_copy__complex64_complex64
20844982817,79008,443989,1,1,1,32,32,1,30,0.000,0.000,,,,,NVIDIA A100-SXM4-40GB MIG 4g.20gb (0),1,,13,"void convert_kernel<__half2, float2>(tensor_layout_any, T1 *, tensor_layout_any, const T2 *)"
20845091104,5504,443992,,,,,,,,,,0.094,17023.251,Pinned,Device,NVIDIA A100-SXM4-40GB MIG 4g.20gb (0),1,,13,[CUDA memcpy Host-to-Device]
20845100672,601401,443993,,,,,,,,,,456.561,758805.113,Device,,NVIDIA A100-SXM4-40GB MIG 4g.20gb (0),1,,13,[CUDA memset]
20845708729,49504,443998,,,,,,,,,,1.235,24945.869,Pinned,Device,NVIDIA A100-SXM4-40GB MIG 4g.20gb (0),1,,13,[CUDA memcpy Host-to-Device]
20845760697,10272,443999,,,,,,,,,,0.197,19140.182,Pinned,Device,NVIDIA A100-SXM4-40GB MIG 4g.20gb (0),1,,13,[CUDA memcpy Host-to-Device]
20845776857,7263,444000,69,4,1,48,1,1,76,0.002,0.000,,,,,NVIDIA A100-SXM4-40GB MIG 4g.20gb (0),1,,13,"void ch_est::windowedChEstPreNoDftSOfdmKernel<float, __half, float, (unsigned int)2, (unsigned int)1, (unsigned short)4>(ch_est::puschRxChEstStatDescr_t *, ch_est::puschRxChEstDynDescr_t *)"
20845786296,7008,444001,137,2,1,24,2,1,44,0.001,0.001,,,,,NVIDIA A100-SXM4-40GB MIG 4g.20gb (0),1,,13,"void ch_est::chEstFilterNoDftSOfdmDispatchKernel<float, __half, float, (unsigned int)2>(ch_est::puschRxChEstStatDescr_t *, ch_est::puschRxChEstDynDescr_t *)"
20845795192,4992,444002,137,2,1,24,2,1,44,0.001,0.001,,,,,NVIDIA A100-SXM4-40GB MIG 4g.20gb (0),1,,13,"void ch_est::chEstFilterNoDftSOfdmDispatchKernel<float, __half, float, (unsigned int)2>(ch_est::puschRxChEstStatDescr_t *, ch_est::puschRxChEstDynDescr_t *)"
20845802744,2464,444013,103,1,1,128,1,1,16,0.000,0.000,,,,,NVIDIA A100-SXM4-40GB MIG 4g.20gb (0),1,,13,cupy_copy__complex64_complex64
20845806744,12832,444023,1434,1,1,128,1,1,16,0.000,0.000,,,,,NVIDIA A100-SXM4-40GB MIG 4g.20gb (0),1,,13,cupy_copy__complex64_complex64
20845821240,2496,444030,103,1,1,128,1,1,16,0.000,0.000,,,,,NVIDIA A100-SXM4-40GB MIG 4g.20gb (0),1,,13,cupy_copy__complex64_complex64
20845825688,79167,444037,1,1,1,32,32,1,30,0.000,0.000,,,,,NVIDIA A100-SXM4-40GB MIG 4g.20gb (0),1,,13,"void convert_kernel<__half2, float2>(tensor_layout_any, T1 *, tensor_layout_any, const T2 *)"
20845933335,5344,444040,,,,,,,,,,0.094,17532.864,Pinned,Device,NVIDIA A100-SXM4-40GB MIG 4g.20gb (0),1,,13,[CUDA memcpy Host-to-Device]
20845945271,46367,444041,,,,,,,,,,35.810,772312.545,Device,,NVIDIA A100-SXM4-40GB MIG 4g.20gb (0),1,,13,[CUDA memset]
20845998646,1856,444043,,,,,,,,,,0.000,43.103,Pinned,Device,NVIDIA A100-SXM4-40GB MIG 4g.20gb (0),1,,13,[CUDA memcpy Host-to-Device]
20846002902,9440,444044,,,,,,,,,,0.197,20827.079,Pinned,Device,NVIDIA A100-SXM4-40GB MIG 4g.20gb (0),1,,13,[CUDA memcpy Host-to-Device]
20846016118,8704,444045,273,1,1,48,1,1,40,0.000,0.001,,,,,NVIDIA A100-SXM4-40GB MIG 4g.20gb (0),1,,13,"void pusch_noise_intf_est::noiseIntfEstNoDftSOfdmKernel<float, __half, float, float, (unsigned int)2, (unsigned int)1, (unsigned char)4, (unsigned char)4>(pusch_noise_intf_est::puschRxNoiseIntfEstDynDescr)"
20846026582,2944,444056,35,1,1,128,1,1,16,0.000,0.000,,,,,NVIDIA A100-SXM4-40GB MIG 4g.20gb (0),1,,13,cupy_copy__complex64_complex64
20846049462,1855,444065,1,1,1,1,1,1,18,0.000,0.000,,,,,NVIDIA A100-SXM4-40GB MIG 4g.20gb (0),1,,13,cupy_copy__float32_float32
20846083733,1600,444071,,,,,,,,,,0.000,2.500,Device,Pageable,NVIDIA A100-SXM4-40GB MIG 4g.20gb (0),1,,7,[CUDA memcpy Device-to-Host]
20846142868,13440,444082,1434,1,1,128,1,1,16,0.000,0.000,,,,,NVIDIA A100-SXM4-40GB MIG 4g.20gb (0),1,,13,cupy_copy__complex64_complex64
20846169812,2720,444089,103,1,1,128,1,1,16,0.000,0.000,,,,,NVIDIA A100-SXM4-40GB MIG 4g.20gb (0),1,,13,cupy_copy__complex64_complex64
20846190420,2176,444096,35,1,1,128,1,1,16,0.000,0.000,,,,,NVIDIA A100-SXM4-40GB MIG 4g.20gb (0),1,,13,cupy_copy__complex64_complex64
20846208788,1824,444103,1,1,1,1,1,1,18,0.000,0.000,,,,,NVIDIA A100-SXM4-40GB MIG 4g.20gb (0),1,,13,cupy_copy__float32_float32
20846342674,79327,444114,1,1,1,32,32,1,30,0.000,0.000,,,,,NVIDIA A100-SXM4-40GB MIG 4g.20gb (0),1,,13,"void convert_kernel<__half2, float2>(tensor_layout_any, T1 *, tensor_layout_any, const T2 *)"
20846450673,5664,444117,,,,,,,,,,0.094,16542.310,Pinned,Device,NVIDIA A100-SXM4-40GB MIG 4g.20gb (0),1,,13,[CUDA memcpy Host-to-Device]
20846475281,3232,444118,,,,,,,,,,1.547,478533.199,Device,,NVIDIA A100-SXM4-40GB MIG 4g.20gb (0),1,,13,[CUDA memset]
20846482097,3488,444123,,,,,,,,,,0.031,8972.469,Pinned,Device,NVIDIA A100-SXM4-40GB MIG 4g.20gb (0),1,,13,[CUDA memcpy Host-to-Device]
20846487985,9472,444124,,,,,,,,,,0.197,20756.693,Pinned,Device,NVIDIA A100-SXM4-40GB MIG 4g.20gb (0),1,,13,[CUDA memcpy Host-to-Device]
20846502000,6304,444125,273,1,1,8,4,1,39,0.002,0.000,,,,,NVIDIA A100-SXM4-40GB MIG 4g.20gb (0),1,,13,"void channel_eq::eqMmseCoefCompLowMimoKernel<float, float, float, (unsigned int)4, (unsigned int)1, (unsigned int)4>(const channel_eq::_puschRxChEqStatDescr *, channel_eq::_puschRxChEqCoefCompDynDescr)"
20846509712,6304,444126,273,1,1,12,11,1,51,0.002,0.000,,,,,NVIDIA A100-SXM4-40GB MIG 4g.20gb (0),1,,13,"void channel_eq::eqMmseSoftDemapKernel<float, __half, __half, float, (unsigned int)4, (unsigned short)16383>(channel_eq::_puschRxChEqStatDescr *, channel_eq::_puschRxChEqSoftDemapDynDescr)"
20846517360,281053,444127,1,1,1,32,32,1,30,0.000,0.000,,,,,NVIDIA A100-SXM4-40GB MIG 4g.20gb (0),1,,13,"void convert_kernel<float2, __half2>(tensor_layout_any, T1 *, tensor_layout_any, const T2 *)"
20846800525,10528,444139,2253,1,1,128,1,1,16,0.000,0.000,,,,,NVIDIA A100-SXM4-40GB MIG 4g.20gb (0),1,,13,cupy_copy__float16_float16
20846813101,2816,444148,282,1,1,128,1,1,16,0.000,0.000,,,,,NVIDIA A100-SXM4-40GB MIG 4g.20gb (0),1,,13,cupy_copy__complex64_complex64
20846817997,2080,444157,26,1,1,128,1,1,16,0.000,0.000,,,,,NVIDIA A100-SXM4-40GB MIG 4g.20gb (0),1,,13,cupy_copy__float32_float32
20846822157,2816,444166,103,1,1,128,1,1,16,0.000,0.000,,,,,NVIDIA A100-SXM4-40GB MIG 4g.20gb (0),1,,13,cupy_copy__complex64_complex64
20846827277,11296,444176,1434,1,1,128,1,1,16,0.000,0.000,,,,,NVIDIA A100-SXM4-40GB MIG 4g.20gb (0),1,,13,cupy_copy__complex64_complex64
20846899532,79391,444181,1,1,1,32,32,1,30,0.000,0.000,,,,,NVIDIA A100-SXM4-40GB MIG 4g.20gb (0),1,,13,"void convert_kernel<__half2, float2>(tensor_layout_any, T1 *, tensor_layout_any, const T2 *)"
20847007627,5344,444184,,,,,,,,,,0.094,17532.864,Pinned,Device,NVIDIA A100-SXM4-40GB MIG 4g.20gb (0),1,,13,[CUDA memcpy Host-to-Device]
20847017323,604761,444185,,,,,,,,,,456.561,754696.060,Device,,NVIDIA A100-SXM4-40GB MIG 4g.20gb (0),1,,13,[CUDA memset]
20847630788,50591,444190,,,,,,,,,,1.235,24409.903,Pinned,Device,NVIDIA A100-SXM4-40GB MIG 4g.20gb (0),1,,13,[CUDA memcpy Host-to-Device]
20847683843,9824,444191,,,,,,,,,,0.197,20012.925,Pinned,Device,NVIDIA A100-SXM4-40GB MIG 4g.20gb (0),1,,13,[CUDA memcpy Host-to-Device]
20847895137,9952,444192,69,4,1,48,1,1,76,0.002,0.000,,,,,NVIDIA A100-SXM4-40GB MIG 4g.20gb (0),1,,13,"void ch_est::windowedChEstPreNoDftSOfdmKernel<float, __half, float, (unsigned int)2, (unsigned int)1, (unsigned short)4>(ch_est::puschRxChEstStatDescr_t *, ch_est::puschRxChEstDynDescr_t *)"
20847907393,6912,444193,137,2,1,24,2,1,44,0.001,0.001,,,,,NVIDIA A100-SXM4-40GB MIG 4g.20gb (0),1,,13,"void ch_est::chEstFilterNoDftSOfdmDispatchKernel<float, __half, float, (unsigned int)2>(ch_est::puschRxChEstStatDescr_t *, ch_est::puschRxChEstDynDescr_t *)"
20847915649,5312,444194,137,2,1,24,2,1,44,0.001,0.001,,,,,NVIDIA A100-SXM4-40GB MIG 4g.20gb (0),1,,13,"void ch_est::chEstFilterNoDftSOfdmDispatchKernel<float, __half, float, (unsigned int)2>(ch_est::puschRxChEstStatDescr_t *, ch_est::puschRxChEstDynDescr_t *)"
20847922529,2560,444205,103,1,1,128,1,1,16,0.000,0.000,,,,,NVIDIA A100-SXM4-40GB MIG 4g.20gb (0),1,,13,cupy_copy__complex64_complex64
20847927073,13567,444215,1434,1,1,128,1,1,16,0.000,0.000,,,,,NVIDIA A100-SXM4-40GB MIG 4g.20gb (0),1,,13,cupy_copy__complex64_complex64
20847942848,2528,444222,103,1,1,128,1,1,16,0.000,0.000,,,,,NVIDIA A100-SXM4-40GB MIG 4g.20gb (0),1,,13,cupy_copy__complex64_complex64
20847947712,97535,444229,1,1,1,32,32,1,30,0.000,0.000,,,,,NVIDIA A100-SXM4-40GB MIG 4g.20gb (0),1,,13,"void convert_kernel<__half2, float2>(tensor_layout_any, T1 *, tensor_layout_any, const T2 *)"
20848074623,5408,444232,,,,,,,,,,0.094,17325.421,Pinned,Device,NVIDIA A100-SXM4-40GB MIG 4g.20gb (0),1,,13,[CUDA memcpy Host-to-Device]
20848233309,53824,444233,,,,,,,,,,35.810,665312.504,Device,,NVIDIA A100-SXM4-40GB MIG 4g.20gb (0),1,,13,[CUDA memset]
20848290333,1824,444235,,,,,,,,,,0.000,43.860,Pinned,Device,NVIDIA A100-SXM4-40GB MIG 4g.20gb (0),1,,13,[CUDA memcpy Host-to-Device]
20848294844,9952,444236,,,,,,,,,,0.197,19755.565,Pinned,Device,NVIDIA A100-SXM4-40GB MIG 4g.20gb (0),1,,13,[CUDA memcpy Host-to-Device]
20848309340,9248,444237,273,1,1,48,1,1,40,0.000,0.001,,,,,NVIDIA A100-SXM4-40GB MIG 4g.20gb (0),1,,13,"void pusch_noise_intf_est::noiseIntfEstNoDftSOfdmKernel<float, __half, float, float, (unsigned int)2, (unsigned int)1, (unsigned char)4, (unsigned char)4>(pusch_noise_intf_est::puschRxNoiseIntfEstDynDescr)"
20848321404,2592,444248,35,1,1,128,1,1,16,0.000,0.000,,,,,NVIDIA A100-SXM4-40GB MIG 4g.20gb (0),1,,13,cupy_copy__complex64_complex64
20848325756,1760,444257,1,1,1,1,1,1,18,0.000,0.000,,,,,NVIDIA A100-SXM4-40GB MIG 4g.20gb (0),1,,13,cupy_copy__float32_float32
20848331324,1600,444263,,,,,,,,,,0.000,2.500,Device,Pageable,NVIDIA A100-SXM4-40GB MIG 4g.20gb (0),1,,7,[CUDA memcpy Device-to-Host]
20848393147,12864,444274,1434,1,1,128,1,1,16,0.000,0.000,,,,,NVIDIA A100-SXM4-40GB MIG 4g.20gb (0),1,,13,cupy_copy__complex64_complex64
20848419195,2752,444281,103,1,1,128,1,1,16,0.000,0.000,,,,,NVIDIA A100-SXM4-40GB MIG 4g.20gb (0),1,,13,cupy_copy__complex64_complex64
20848440091,2208,444288,35,1,1,128,1,1,16,0.000,0.000,,,,,NVIDIA A100-SXM4-40GB MIG 4g.20gb (0),1,,13,cupy_copy__complex64_complex64
20848457883,1856,444295,1,1,1,1,1,1,18,0.000,0.000,,,,,NVIDIA A100-SXM4-40GB MIG 4g.20gb (0),1,,13,cupy_copy__float32_float32
20848592441,79743,444306,1,1,1,32,32,1,30,0.000,0.000,,,,,NVIDIA A100-SXM4-40GB MIG 4g.20gb (0),1,,13,"void convert_kernel<__half2, float2>(tensor_layout_any, T1 *, tensor_layout_any, const T2 *)"
20848702712,5504,444309,,,,,,,,,,0.094,17023.251,Pinned,Device,NVIDIA A100-SXM4-40GB MIG 4g.20gb (0),1,,13,[CUDA memcpy Host-to-Device]
20848716632,3200,444310,,,,,,,,,,1.547,483320.000,Device,,NVIDIA A100-SXM4-40GB MIG 4g.20gb (0),1,,13,[CUDA memset]
20848723800,3040,444315,,,,,,,,,,0.031,10294.725,Pinned,Device,NVIDIA A100-SXM4-40GB MIG 4g.20gb (0),1,,13,[CUDA memcpy Host-to-Device]
20848728920,9280,444316,,,,,,,,,,0.197,21186.085,Pinned,Device,NVIDIA A100-SXM4-40GB MIG 4g.20gb (0),1,,13,[CUDA memcpy Host-to-Device]
20848742103,6272,444317,273,1,1,8,4,1,39,0.002,0.000,,,,,NVIDIA A100-SXM4-40GB MIG 4g.20gb (0),1,,13,"void channel_eq::eqMmseCoefCompLowMimoKernel<float, float, float, (unsigned int)4, (unsigned int)1, (unsigned int)4>(const channel_eq::_puschRxChEqStatDescr *, channel_eq::_puschRxChEqCoefCompDynDescr)"
20848749815,5600,444318,273,1,1,12,11,1,51,0.002,0.000,,,,,NVIDIA A100-SXM4-40GB MIG 4g.20gb (0),1,,13,"void channel_eq::eqMmseSoftDemapKernel<float, __half, __half, float, (unsigned int)4, (unsigned short)16383>(channel_eq::_puschRxChEqStatDescr *, channel_eq::_puschRxChEqSoftDemapDynDescr)"
20848757047,281085,444319,1,1,1,32,32,1,30,0.000,0.000,,,,,NVIDIA A100-SXM4-40GB MIG 4g.20gb (0),1,,13,"void convert_kernel<float2, __half2>(tensor_layout_any, T1 *, tensor_layout_any, const T2 *)"
20849040020,10560,444331,2253,1,1,128,1,1,16,0.000,0.000,,,,,NVIDIA A100-SXM4-40GB MIG 4g.20gb (0),1,,13,cupy_copy__float16_float16
20849052116,2784,444340,282,1,1,128,1,1,16,0.000,0.000,,,,,NVIDIA A100-SXM4-40GB MIG 4g.20gb (0),1,,13,cupy_copy__complex64_complex64
20849056884,2048,444349,26,1,1,128,1,1,16,0.000,0.000,,,,,NVIDIA A100-SXM4-40GB MIG 4g.20gb (0),1,,13,cupy_copy__float32_float32
20849061172,2816,444358,103,1,1,128,1,1,16,0.000,0.000,,,,,NVIDIA A100-SXM4-40GB MIG 4g.20gb (0),1,,13,cupy_copy__complex64_complex64
20849133331,11264,444374,1434,1,1,128,1,1,16,0.000,0.000,,,,,NVIDIA A100-SXM4-40GB MIG 4g.20gb (0),1,,13,cupy_copy__complex64_complex64
20849251122,79647,444379,1,1,1,32,32,1,30,0.000,0.000,,,,,NVIDIA A100-SXM4-40GB MIG 4g.20gb (0),1,,13,"void convert_kernel<__half2, float2>(tensor_layout_any, T1 *, tensor_layout_any, const T2 *)"
20849359281,5312,444382,,,,,,,,,,0.094,17638.553,Pinned,Device,NVIDIA A100-SXM4-40GB MIG 4g.20gb (0),1,,13,[CUDA memcpy Host-to-Device]
20849370128,602202,444383,,,,,,,,,,456.561,757891.990,Device,,NVIDIA A100-SXM4-40GB MIG 4g.20gb (0),1,,13,[CUDA memset]
20849976426,48991,444388,,,,,,,,,,1.235,25206.442,Pinned,Device,NVIDIA A100-SXM4-40GB MIG 4g.20gb (0),1,,13,[CUDA memcpy Host-to-Device]
20850027977,9376,444389,,,,,,,,,,0.197,20969.226,Pinned,Device,NVIDIA A100-SXM4-40GB MIG 4g.20gb (0),1,,13,[CUDA memcpy Host-to-Device]
20850041225,7584,444390,69,4,1,48,1,1,76,0.002,0.000,,,,,NVIDIA A100-SXM4-40GB MIG 4g.20gb (0),1,,13,"void ch_est::windowedChEstPreNoDftSOfdmKernel<float, __half, float, (unsigned int)2, (unsigned int)1, (unsigned short)4>(ch_est::puschRxChEstStatDescr_t *, ch_est::puschRxChEstDynDescr_t *)"
20850050793,6368,444391,137,2,1,24,2,1,44,0.001,0.001,,,,,NVIDIA A100-SXM4-40GB MIG 4g.20gb (0),1,,13,"void ch_est::chEstFilterNoDftSOfdmDispatchKernel<float, __half, float, (unsigned int)2>(ch_est::puschRxChEstStatDescr_t *, ch_est::puschRxChEstDynDescr_t *)"
20850058409,5344,444392,137,2,1,24,2,1,44,0.001,0.001,,,,,NVIDIA A100-SXM4-40GB MIG 4g.20gb (0),1,,13,"void ch_est::chEstFilterNoDftSOfdmDispatchKernel<float, __half, float, (unsigned int)2>(ch_est::puschRxChEstStatDescr_t *, ch_est::puschRxChEstDynDescr_t *)"
20850065897,2528,444403,103,1,1,128,1,1,16,0.000,0.000,,,,,NVIDIA A100-SXM4-40GB MIG 4g.20gb (0),1,,13,cupy_copy__complex64_complex64
20850069993,13344,444413,1434,1,1,128,1,1,16,0.000,0.000,,,,,NVIDIA A100-SXM4-40GB MIG 4g.20gb (0),1,,13,cupy_copy__complex64_complex64
20850084553,2463,444420,103,1,1,128,1,1,16,0.000,0.000,,,,,NVIDIA A100-SXM4-40GB MIG 4g.20gb (0),1,,13,cupy_copy__complex64_complex64
20850088584,78816,444427,1,1,1,32,32,1,30,0.000,0.000,,,,,NVIDIA A100-SXM4-40GB MIG 4g.20gb (0),1,,13,"void convert_kernel<__half2, float2>(tensor_layout_any, T1 *, tensor_layout_any, const T2 *)"
20850195495,5696,444430,,,,,,,,,,0.094,16449.363,Pinned,Device,NVIDIA A100-SXM4-40GB MIG 4g.20gb (0),1,,13,[CUDA memcpy Host-to-Device]
20850207655,46464,444431,,,,,,,,,,35.810,770701.098,Device,,NVIDIA A100-SXM4-40GB MIG 4g.20gb (0),1,,13,[CUDA memset]
20850260199,2048,444433,,,,,,,,,,0.000,39.062,Pinned,Device,NVIDIA A100-SXM4-40GB MIG 4g.20gb (0),1,,13,[CUDA memcpy Host-to-Device]
20850264871,9503,444434,,,,,,,,,,0.197,20688.863,Pinned,Device,NVIDIA A100-SXM4-40GB MIG 4g.20gb (0),1,,13,[CUDA memcpy Host-to-Device]
20850279206,8544,444435,273,1,1,48,1,1,40,0.000,0.001,,,,,NVIDIA A100-SXM4-40GB MIG 4g.20gb (0),1,,13,"void pusch_noise_intf_est::noiseIntfEstNoDftSOfdmKernel<float, __half, float, float, (unsigned int)2, (unsigned int)1, (unsigned char)4, (unsigned char)4>(pusch_noise_intf_est::puschRxNoiseIntfEstDynDescr)"
20850289446,2816,444446,35,1,1,128,1,1,16,0.000,0.000,,,,,NVIDIA A100-SXM4-40GB MIG 4g.20gb (0),1,,13,cupy_copy__complex64_complex64
20850313638,1888,444455,1,1,1,1,1,1,18,0.000,0.000,,,,,NVIDIA A100-SXM4-40GB MIG 4g.20gb (0),1,,13,cupy_copy__float32_float32
20850351238,1568,444461,,,,,,,,,,0.000,2.551,Device,Pageable,NVIDIA A100-SXM4-40GB MIG 4g.20gb (0),1,,7,[CUDA memcpy Device-to-Host]
20850425701,13536,444472,1434,1,1,128,1,1,16,0.000,0.000,,,,,NVIDIA A100-SXM4-40GB MIG 4g.20gb (0),1,,13,cupy_copy__complex64_complex64
20850451492,2688,444479,103,1,1,128,1,1,16,0.000,0.000,,,,,NVIDIA A100-SXM4-40GB MIG 4g.20gb (0),1,,13,cupy_copy__complex64_complex64
20850471332,2208,444486,35,1,1,128,1,1,16,0.000,0.000,,,,,NVIDIA A100-SXM4-40GB MIG 4g.20gb (0),1,,13,cupy_copy__complex64_complex64
20850488900,1824,444493,1,1,1,1,1,1,18,0.000,0.000,,,,,NVIDIA A100-SXM4-40GB MIG 4g.20gb (0),1,,13,cupy_copy__float32_float32
20850656962,266109,444504,1,1,1,32,32,1,30,0.000,0.000,,,,,NVIDIA A100-SXM4-40GB MIG 4g.20gb (0),1,,13,"void convert_kernel<__half2, float2>(tensor_layout_any, T1 *, tensor_layout_any, const T2 *)"
20850952415,6144,444507,,,,,,,,,,0.094,15249.961,Pinned,Device,NVIDIA A100-SXM4-40GB MIG 4g.20gb (0),1,,13,[CUDA memcpy Host-to-Device]
20851020382,4096,444508,,,,,,,,,,1.547,377592.783,Device,,NVIDIA A100-SXM4-40GB MIG 4g.20gb (0),1,,13,[CUDA memset]
20851029790,3104,444513,,,,,,,,,,0.031,10082.445,Pinned,Device,NVIDIA A100-SXM4-40GB MIG 4g.20gb (0),1,,13,[CUDA memcpy Host-to-Device]
20851036318,10208,444514,,,,,,,,,,0.197,19260.113,Pinned,Device,NVIDIA A100-SXM4-40GB MIG 4g.20gb (0),1,,13,[CUDA memcpy Host-to-Device]
20851085917,11712,444515,273,1,1,8,4,1,39,0.002,0.000,,,,,NVIDIA A100-SXM4-40GB MIG 4g.20gb (0),1,,13,"void channel_eq::eqMmseCoefCompLowMimoKernel<float, float, float, (unsigned int)4, (unsigned int)1, (unsigned int)4>(const channel_eq::_puschRxChEqStatDescr *, channel_eq::_puschRxChEqCoefCompDynDescr)"
20851152893,10399,444516,273,1,1,12,11,1,51,0.002,0.000,,,,,NVIDIA A100-SXM4-40GB MIG 4g.20gb (0),1,,13,"void channel_eq::eqMmseSoftDemapKernel<float, __half, __half, float, (unsigned int)4, (unsigned short)16383>(channel_eq::_puschRxChEqStatDescr *, channel_eq::_puschRxChEqSoftDemapDynDescr)"
20851219932,659512,444517,1,1,1,32,32,1,30,0.000,0.000,,,,,NVIDIA A100-SXM4-40GB MIG 4g.20gb (0),1,,13,"void convert_kernel<float2, __half2>(tensor_layout_any, T1 *, tensor_layout_any, const T2 *)"
20851881492,11904,444529,2253,1,1,128,1,1,16,0.000,0.000,,,,,NVIDIA A100-SXM4-40GB MIG 4g.20gb (0),1,,13,cupy_copy__float16_float16
20851894900,3712,444538,282,1,1,128,1,1,16,0.000,0.000,,,,,NVIDIA A100-SXM4-40GB MIG 4g.20gb (0),1,,13,cupy_copy__complex64_complex64
20851900948,2272,444547,26,1,1,128,1,1,16,0.000,0.000,,,,,NVIDIA A100-SXM4-40GB MIG 4g.20gb (0),1,,13,cupy_copy__float32_float32
20851904756,3136,444556,103,1,1,128,1,1,16,0.000,0.000,,,,,NVIDIA A100-SXM4-40GB MIG 4g.20gb (0),1,,13,cupy_copy__complex64_complex64
20851910004,12320,444566,1434,1,1,128,1,1,16,0.000,0.000,,,,,NVIDIA A100-SXM4-40GB MIG 4g.20gb (0),1,,13,cupy_copy__complex64_complex64
20851924372,79487,444571,1,1,1,32,32,1,30,0.000,0.000,,,,,NVIDIA A100-SXM4-40GB MIG 4g.20gb (0),1,,13,"void convert_kernel<__half2, float2>(tensor_layout_any, T1 *, tensor_layout_any, const T2 *)"
20852033907,5344,444574,,,,,,,,,,0.094,17532.864,Pinned,Device,NVIDIA A100-SXM4-40GB MIG 4g.20gb (0),1,,13,[CUDA memcpy Host-to-Device]
20852044243,601145,444575,,,,,,,,,,456.561,759261.675,Device,,NVIDIA A100-SXM4-40GB MIG 4g.20gb (0),1,,13,[CUDA memset]
20852647020,49183,444580,,,,,,,,,,1.235,25108.881,Pinned,Device,NVIDIA A100-SXM4-40GB MIG 4g.20gb (0),1,,13,[CUDA memcpy Host-to-Device]
20852698923,9344,444581,,,,,,,,,,0.197,21040.988,Pinned,Device,NVIDIA A100-SXM4-40GB MIG 4g.20gb (0),1,,13,[CUDA memcpy Host-to-Device]
20852712107,7168,444582,69,4,1,48,1,1,76,0.002,0.000,,,,,NVIDIA A100-SXM4-40GB MIG 4g.20gb (0),1,,13,"void ch_est::windowedChEstPreNoDftSOfdmKernel<float, __half, float, (unsigned int)2, (unsigned int)1, (unsigned short)4>(ch_est::puschRxChEstStatDescr_t *, ch_est::puschRxChEstDynDescr_t *)"
20852721547,6624,444583,137,2,1,24,2,1,44,0.001,0.001,,,,,NVIDIA A100-SXM4-40GB MIG 4g.20gb (0),1,,13,"void ch_est::chEstFilterNoDftSOfdmDispatchKernel<float, __half, float, (unsigned int)2>(ch_est::puschRxChEstStatDescr_t *, ch_est::puschRxChEstDynDescr_t *)"
20852729451,4992,444584,137,2,1,24,2,1,44,0.001,0.001,,,,,NVIDIA A100-SXM4-40GB MIG 4g.20gb (0),1,,13,"void ch_est::chEstFilterNoDftSOfdmDispatchKernel<float, __half, float, (unsigned int)2>(ch_est::puschRxChEstStatDescr_t *, ch_est::puschRxChEstDynDescr_t *)"
20852735787,2496,444595,103,1,1,128,1,1,16,0.000,0.000,,,,,NVIDIA A100-SXM4-40GB MIG 4g.20gb (0),1,,13,cupy_copy__complex64_complex64
20852740459,12768,444605,1434,1,1,128,1,1,16,0.000,0.000,,,,,NVIDIA A100-SXM4-40GB MIG 4g.20gb (0),1,,13,cupy_copy__complex64_complex64
20852754603,2464,444612,103,1,1,128,1,1,16,0.000,0.000,,,,,NVIDIA A100-SXM4-40GB MIG 4g.20gb (0),1,,13,cupy_copy__complex64_complex64
20852758859,79903,444619,1,1,1,32,32,1,30,0.000,0.000,,,,,NVIDIA A100-SXM4-40GB MIG 4g.20gb (0),1,,13,"void convert_kernel<__half2, float2>(tensor_layout_any, T1 *, tensor_layout_any, const T2 *)"
20852866313,5312,444622,,,,,,,,,,0.094,17638.553,Pinned,Device,NVIDIA A100-SXM4-40GB MIG 4g.20gb (0),1,,13,[CUDA memcpy Host-to-Device]
20852878249,46368,444623,,,,,,,,,,35.810,772276.735,Device,,NVIDIA A100-SXM4-40GB MIG 4g.20gb (0),1,,13,[CUDA memset]
20852931081,1984,444625,,,,,,,,,,0.000,40.323,Pinned,Device,NVIDIA A100-SXM4-40GB MIG 4g.20gb (0),1,,13,[CUDA memcpy Host-to-Device]
20852935497,9568,444626,,,,,,,,,,0.197,20548.485,Pinned,Device,NVIDIA A100-SXM4-40GB MIG 4g.20gb (0),1,,13,[CUDA memcpy Host-to-Device]
20852949705,9055,444627,273,1,1,48,1,1,40,0.000,0.001,,,,,NVIDIA A100-SXM4-40GB MIG 4g.20gb (0),1,,13,"void pusch_noise_intf_est::noiseIntfEstNoDftSOfdmKernel<float, __half, float, float, (unsigned int)2, (unsigned int)1, (unsigned char)4, (unsigned char)4>(pusch_noise_intf_est::puschRxNoiseIntfEstDynDescr)"
20852960488,2912,444638,35,1,1,128,1,1,16,0.000,0.000,,,,,NVIDIA A100-SXM4-40GB MIG 4g.20gb (0),1,,13,cupy_copy__complex64_complex64
20852982728,1888,444647,1,1,1,1,1,1,18,0.000,0.000,,,,,NVIDIA A100-SXM4-40GB MIG 4g.20gb (0),1,,13,cupy_copy__float32_float32
20853021640,1568,444653,,,,,,,,,,0.000,2.551,Device,Pageable,NVIDIA A100-SXM4-40GB MIG 4g.20gb (0),1,,7,[CUDA memcpy Device-to-Host]
20853082631,13312,444664,1434,1,1,128,1,1,16,0.000,0.000,,,,,NVIDIA A100-SXM4-40GB MIG 4g.20gb (0),1,,13,cupy_copy__complex64_complex64
20853108903,2688,444671,103,1,1,128,1,1,16,0.000,0.000,,,,,NVIDIA A100-SXM4-40GB MIG 4g.20gb (0),1,,13,cupy_copy__complex64_complex64
20853129255,2208,444678,35,1,1,128,1,1,16,0.000,0.000,,,,,NVIDIA A100-SXM4-40GB MIG 4g.20gb (0),1,,13,cupy_copy__complex64_complex64
20853159942,1856,444685,1,1,1,1,1,1,18,0.000,0.000,,,,,NVIDIA A100-SXM4-40GB MIG 4g.20gb (0),1,,13,cupy_copy__float32_float32
20853295717,80223,444696,1,1,1,32,32,1,30,0.000,0.000,,,,,NVIDIA A100-SXM4-40GB MIG 4g.20gb (0),1,,13,"void convert_kernel<__half2, float2>(tensor_layout_any, T1 *, tensor_layout_any, const T2 *)"
20853404611,5504,444699,,,,,,,,,,0.094,17023.251,Pinned,Device,NVIDIA A100-SXM4-40GB MIG 4g.20gb (0),1,,13,[CUDA memcpy Host-to-Device]
20853419363,3200,444700,,,,,,,,,,1.547,483320.000,Device,,NVIDIA A100-SXM4-40GB MIG 4g.20gb (0),1,,13,[CUDA memset]
20853425795,3008,444705,,,,,,,,,,0.031,10404.230,Pinned,Device,NVIDIA A100-SXM4-40GB MIG 4g.20gb (0),1,,13,[CUDA memcpy Host-to-Device]
20853430883,9280,444706,,,,,,,,,,0.197,21186.085,Pinned,Device,NVIDIA A100-SXM4-40GB MIG 4g.20gb (0),1,,13,[CUDA memcpy Host-to-Device]
20853444323,5952,444707,273,1,1,8,4,1,39,0.002,0.000,,,,,NVIDIA A100-SXM4-40GB MIG 4g.20gb (0),1,,13,"void channel_eq::eqMmseCoefCompLowMimoKernel<float, float, float, (unsigned int)4, (unsigned int)1, (unsigned int)4>(const channel_eq::_puschRxChEqStatDescr *, channel_eq::_puschRxChEqCoefCompDynDescr)"
20853451715,6240,444708,273,1,1,12,11,1,51,0.002,0.000,,,,,NVIDIA A100-SXM4-40GB MIG 4g.20gb (0),1,,13,"void channel_eq::eqMmseSoftDemapKernel<float, __half, __half, float, (unsigned int)4, (unsigned short)16383>(channel_eq::_puschRxChEqStatDescr *, channel_eq::_puschRxChEqSoftDemapDynDescr)"
20853459299,281373,444709,1,1,1,32,32,1,30,0.000,0.000,,,,,NVIDIA A100-SXM4-40GB MIG 4g.20gb (0),1,,13,"void convert_kernel<float2, __half2>(tensor_layout_any, T1 *, tensor_layout_any, const T2 *)"
20853742016,10528,444721,2253,1,1,128,1,1,16,0.000,0.000,,,,,NVIDIA A100-SXM4-40GB MIG 4g.20gb (0),1,,13,cupy_copy__float16_float16
20853754816,2816,444730,282,1,1,128,1,1,16,0.000,0.000,,,,,NVIDIA A100-SXM4-40GB MIG 4g.20gb (0),1,,13,cupy_copy__complex64_complex64
20853759488,2048,444739,26,1,1,128,1,1,16,0.000,0.000,,,,,NVIDIA A100-SXM4-40GB MIG 4g.20gb (0),1,,13,cupy_copy__float32_float32
20853764031,2816,444748,103,1,1,128,1,1,16,0.000,0.000,,,,,NVIDIA A100-SXM4-40GB MIG 4g.20gb (0),1,,13,cupy_copy__complex64_complex64
20853768671,11296,444758,1434,1,1,128,1,1,16,0.000,0.000,,,,,NVIDIA A100-SXM4-40GB MIG 4g.20gb (0),1,,13,cupy_copy__complex64_complex64
20853851423,81663,444763,1,1,1,32,32,1,30,0.000,0.000,,,,,NVIDIA A100-SXM4-40GB MIG 4g.20gb (0),1,,13,"void convert_kernel<__half2, float2>(tensor_layout_any, T1 *, tensor_layout_any, const T2 *)"
20853965757,5376,444766,,,,,,,,,,0.094,17428.487,Pinned,Device,NVIDIA A100-SXM4-40GB MIG 4g.20gb (0),1,,13,[CUDA memcpy Host-to-Device]
20853976125,607705,444767,,,,,,,,,,456.561,751043.569,Device,,NVIDIA A100-SXM4-40GB MIG 4g.20gb (0),1,,13,[CUDA memset]
20854591542,50176,444772,,,,,,,,,,1.235,24611.199,Pinned,Device,NVIDIA A100-SXM4-40GB MIG 4g.20gb (0),1,,13,[CUDA memcpy Host-to-Device]
20854644246,9920,444773,,,,,,,,,,0.197,19819.266,Pinned,Device,NVIDIA A100-SXM4-40GB MIG 4g.20gb (0),1,,13,[CUDA memcpy Host-to-Device]
20854852051,9888,444774,69,4,1,48,1,1,76,0.002,0.000,,,,,NVIDIA A100-SXM4-40GB MIG 4g.20gb (0),1,,13,"void ch_est::windowedChEstPreNoDftSOfdmKernel<float, __half, float, (unsigned int)2, (unsigned int)1, (unsigned short)4>(ch_est::puschRxChEstStatDescr_t *, ch_est::puschRxChEstDynDescr_t *)"
20854865139,6048,444775,137,2,1,24,2,1,44,0.001,0.001,,,,,NVIDIA A100-SXM4-40GB MIG 4g.20gb (0),1,,13,"void ch_est::chEstFilterNoDftSOfdmDispatchKernel<float, __half, float, (unsigned int)2>(ch_est::puschRxChEstStatDescr_t *, ch_est::puschRxChEstDynDescr_t *)"
20854873235,5184,444776,137,2,1,24,2,1,44,0.001,0.001,,,,,NVIDIA A100-SXM4-40GB MIG 4g.20gb (0),1,,13,"void ch_est::chEstFilterNoDftSOfdmDispatchKernel<float, __half, float, (unsigned int)2>(ch_est::puschRxChEstStatDescr_t *, ch_est::puschRxChEstDynDescr_t *)"
20854880083,2624,444787,103,1,1,128,1,1,16,0.000,0.000,,,,,NVIDIA A100-SXM4-40GB MIG 4g.20gb (0),1,,13,cupy_copy__complex64_complex64
20854885139,14080,444797,1434,1,1,128,1,1,16,0.000,0.000,,,,,NVIDIA A100-SXM4-40GB MIG 4g.20gb (0),1,,13,cupy_copy__complex64_complex64
20854901779,2560,444804,103,1,1,128,1,1,16,0.000,0.000,,,,,NVIDIA A100-SXM4-40GB MIG 4g.20gb (0),1,,13,cupy_copy__complex64_complex64
20854906931,102783,444811,1,1,1,32,32,1,30,0.000,0.000,,,,,NVIDIA A100-SXM4-40GB MIG 4g.20gb (0),1,,13,"void convert_kernel<__half2, float2>(tensor_layout_any, T1 *, tensor_layout_any, const T2 *)"
20855037393,5728,444814,,,,,,,,,,0.094,16357.541,Pinned,Device,NVIDIA A100-SXM4-40GB MIG 4g.20gb (0),1,,13,[CUDA memcpy Host-to-Device]
20855189168,54207,444815,,,,,,,,,,35.810,660585.594,Device,,NVIDIA A100-SXM4-40GB MIG 4g.20gb (0),1,,13,[CUDA memset]
20855251407,1984,444817,,,,,,,,,,0.000,40.323,Pinned,Device,NVIDIA A100-SXM4-40GB MIG 4g.20gb (0),1,,13,[CUDA memcpy Host-to-Device]
20855256271,9440,444818,,,,,,,,,,0.197,20827.079,Pinned,Device,NVIDIA A100-SXM4-40GB MIG 4g.20gb (0),1,,13,[CUDA memcpy Host-to-Device]
20855269679,9152,444819,273,1,1,48,1,1,40,0.000,0.001,,,,,NVIDIA A100-SXM4-40GB MIG 4g.20gb (0),1,,13,"void pusch_noise_intf_est::noiseIntfEstNoDftSOfdmKernel<float, __half, float, float, (unsigned int)2, (unsigned int)1, (unsigned char)4, (unsigned char)4>(pusch_noise_intf_est::puschRxNoiseIntfEstDynDescr)"
20855281231,2944,444830,35,1,1,128,1,1,16,0.000,0.000,,,,,NVIDIA A100-SXM4-40GB MIG 4g.20gb (0),1,,13,cupy_copy__complex64_complex64
20855286638,3040,444839,1,1,1,1,1,1,18,0.000,0.000,,,,,NVIDIA A100-SXM4-40GB MIG 4g.20gb (0),1,,13,cupy_copy__float32_float32
20855296142,1600,444845,,,,,,,,,,0.000,2.500,Device,Pageable,NVIDIA A100-SXM4-40GB MIG 4g.20gb (0),1,,7,[CUDA memcpy Device-to-Host]
20855357614,12864,444856,1434,1,1,128,1,1,16,0.000,0.000,,,,,NVIDIA A100-SXM4-40GB MIG 4g.20gb (0),1,,13,cupy_copy__complex64_complex64
20855384525,2816,444863,103,1,1,128,1,1,16,0.000,0.000,,,,,NVIDIA A100-SXM4-40GB MIG 4g.20gb (0),1,,13,cupy_copy__complex64_complex64
20855417069,2208,444870,35,1,1,128,1,1,16,0.000,0.000,,,,,NVIDIA A100-SXM4-40GB MIG 4g.20gb (0),1,,13,cupy_copy__complex64_complex64
20855435981,1824,444877,1,1,1,1,1,1,18,0.000,0.000,,,,,NVIDIA A100-SXM4-40GB MIG 4g.20gb (0),1,,13,cupy_copy__float32_float32
20855573291,80287,444888,1,1,1,32,32,1,30,0.000,0.000,,,,,NVIDIA A100-SXM4-40GB MIG 4g.20gb (0),1,,13,"void convert_kernel<__half2, float2>(tensor_layout_any, T1 *, tensor_layout_any, const T2 *)"
20855683018,5376,444891,,,,,,,,,,0.094,17428.487,Pinned,Device,NVIDIA A100-SXM4-40GB MIG 4g.20gb (0),1,,13,[CUDA memcpy Host-to-Device]
20855696938,3200,444892,,,,,,,,,,1.547,483320.000,Device,,NVIDIA A100-SXM4-40GB MIG 4g.20gb (0),1,,13,[CUDA memset]
20855703242,3040,444897,,,,,,,,,,0.031,10294.725,Pinned,Device,NVIDIA A100-SXM4-40GB MIG 4g.20gb (0),1,,13,[CUDA memcpy Host-to-Device]
20855708810,9408,444898,,,,,,,,,,0.197,20897.858,Pinned,Device,NVIDIA A100-SXM4-40GB MIG 4g.20gb (0),1,,13,[CUDA memcpy Host-to-Device]
20855723114,6848,444899,273,1,1,8,4,1,39,0.002,0.000,,,,,NVIDIA A100-SXM4-40GB MIG 4g.20gb (0),1,,13,"void channel_eq::eqMmseCoefCompLowMimoKernel<float, float, float, (unsigned int)4, (unsigned int)1, (unsigned int)4>(const channel_eq::_puschRxChEqStatDescr *, channel_eq::_puschRxChEqCoefCompDynDescr)"
20855731882,7007,444900,273,1,1,12,11,1,51,0.002,0.000,,,,,NVIDIA A100-SXM4-40GB MIG 4g.20gb (0),1,,13,"void channel_eq::eqMmseSoftDemapKernel<float, __half, __half, float, (unsigned int)4, (unsigned short)16383>(channel_eq::_puschRxChEqStatDescr *, channel_eq::_puschRxChEqSoftDemapDynDescr)"
20855740521,282749,444901,1,1,1,32,32,1,30,0.000,0.000,,,,,NVIDIA A100-SXM4-40GB MIG 4g.20gb (0),1,,13,"void convert_kernel<float2, __half2>(tensor_layout_any, T1 *, tensor_layout_any, const T2 *)"
20856025254,10496,444913,2253,1,1,128,1,1,16,0.000,0.000,,,,,NVIDIA A100-SXM4-40GB MIG 4g.20gb (0),1,,13,cupy_copy__float16_float16
20856037862,2944,444922,282,1,1,128,1,1,16,0.000,0.000,,,,,NVIDIA A100-SXM4-40GB MIG 4g.20gb (0),1,,13,cupy_copy__complex64_complex64
20856043430,2112,444931,26,1,1,128,1,1,16,0.000,0.000,,,,,NVIDIA A100-SXM4-40GB MIG 4g.20gb (0),1,,13,cupy_copy__float32_float32
20856047814,2880,444940,103,1,1,128,1,1,16,0.000,0.000,,,,,NVIDIA A100-SXM4-40GB MIG 4g.20gb (0),1,,13,cupy_copy__complex64_complex64
20856052902,11232,444950,1434,1,1,128,1,1,16,0.000,0.000,,,,,NVIDIA A100-SXM4-40GB MIG 4g.20gb (0),1,,13,cupy_copy__complex64_complex64
20856093541,79616,444955,1,1,1,32,32,1,30,0.000,0.000,,,,,NVIDIA A100-SXM4-40GB MIG 4g.20gb (0),1,,13,"void convert_kernel<__half2, float2>(tensor_layout_any, T1 *, tensor_layout_any, const T2 *)"
20856200772,5632,444958,,,,,,,,,,0.094,16636.287,Pinned,Device,NVIDIA A100-SXM4-40GB MIG 4g.20gb (0),1,,13,[CUDA memcpy Host-to-Device]
20856219556,596537,444959,,,,,,,,,,456.561,765196.973,Device,,NVIDIA A100-SXM4-40GB MIG 4g.20gb (0),1,,13,[CUDA memset]
20856824989,59296,444964,,,,,,,,,,1.235,20826.096,Pinned,Device,NVIDIA A100-SXM4-40GB MIG 4g.20gb (0),1,,13,[CUDA memcpy Host-to-Device]
20856892029,11071,444965,,,,,,,,,,0.197,17758.814,Pinned,Device,NVIDIA A100-SXM4-40GB MIG 4g.20gb (0),1,,13,[CUDA memcpy Host-to-Device]
20856937340,14048,444966,69,4,1,48,1,1,76,0.002,0.000,,,,,NVIDIA A100-SXM4-40GB MIG 4g.20gb (0),1,,13,"void ch_est::windowedChEstPreNoDftSOfdmKernel<float, __half, float, (unsigned int)2, (unsigned int)1, (unsigned short)4>(ch_est::puschRxChEstStatDescr_t *, ch_est::puschRxChEstDynDescr_t *)"
20856994427,12256,444967,137,2,1,24,2,1,44,0.001,0.001,,,,,NVIDIA A100-SXM4-40GB MIG 4g.20gb (0),1,,13,"void ch_est::chEstFilterNoDftSOfdmDispatchKernel<float, __half, float, (unsigned int)2>(ch_est::puschRxChEstStatDescr_t *, ch_est::puschRxChEstDynDescr_t *)"
20857047163,11872,444968,137,2,1,24,2,1,44,0.001,0.001,,,,,NVIDIA A100-SXM4-40GB MIG 4g.20gb (0),1,,13,"void ch_est::chEstFilterNoDftSOfdmDispatchKernel<float, __half, float, (unsigned int)2>(ch_est::puschRxChEstStatDescr_t *, ch_est::puschRxChEstDynDescr_t *)"
20857099898,10560,444979,103,1,1,128,1,1,16,0.000,0.000,,,,,NVIDIA A100-SXM4-40GB MIG 4g.20gb (0),1,,13,cupy_copy__complex64_complex64
20857151482,23391,444989,1434,1,1,128,1,1,16,0.000,0.000,,,,,NVIDIA A100-SXM4-40GB MIG 4g.20gb (0),1,,13,cupy_copy__complex64_complex64
20857177817,3616,444996,103,1,1,128,1,1,16,0.000,0.000,,,,,NVIDIA A100-SXM4-40GB MIG 4g.20gb (0),1,,13,cupy_copy__complex64_complex64
20857216857,414363,445003,1,1,1,32,32,1,30,0.000,0.000,,,,,NVIDIA A100-SXM4-40GB MIG 4g.20gb (0),1,,13,"void convert_kernel<__half2, float2>(tensor_layout_any, T1 *, tensor_layout_any, const T2 *)"
20857660404,5344,445006,,,,,,,,,,0.094,17532.864,Pinned,Device,NVIDIA A100-SXM4-40GB MIG 4g.20gb (0),1,,13,[CUDA memcpy Host-to-Device]
20857672116,47935,445007,,,,,,,,,,35.810,747030.741,Device,,NVIDIA A100-SXM4-40GB MIG 4g.20gb (0),1,,13,[CUDA memset]
20857727315,2112,445009,,,,,,,,,,0.000,37.879,Pinned,Device,NVIDIA A100-SXM4-40GB MIG 4g.20gb (0),1,,13,[CUDA memcpy Host-to-Device]
20857732179,9888,445010,,,,,,,,,,0.197,19883.360,Pinned,Device,NVIDIA A100-SXM4-40GB MIG 4g.20gb (0),1,,13,[CUDA memcpy Host-to-Device]
20857773811,13248,445011,273,1,1,48,1,1,40,0.000,0.001,,,,,NVIDIA A100-SXM4-40GB MIG 4g.20gb (0),1,,13,"void pusch_noise_intf_est::noiseIntfEstNoDftSOfdmKernel<float, __half, float, float, (unsigned int)2, (unsigned int)1, (unsigned char)4, (unsigned char)4>(pusch_noise_intf_est::puschRxNoiseIntfEstDynDescr)"
20857788755,4064,445022,35,1,1,128,1,1,16,0.000,0.000,,,,,NVIDIA A100-SXM4-40GB MIG 4g.20gb (0),1,,13,cupy_copy__complex64_complex64
20857845778,4192,445031,1,1,1,1,1,1,18,0.000,0.000,,,,,NVIDIA A100-SXM4-40GB MIG 4g.20gb (0),1,,13,cupy_copy__float32_float32
20857856338,4992,445037,,,,,,,,,,0.000,0.801,Device,Pageable,NVIDIA A100-SXM4-40GB MIG 4g.20gb (0),1,,7,[CUDA memcpy Device-to-Host]
20857966929,17151,445048,1434,1,1,128,1,1,16,0.000,0.000,,,,,NVIDIA A100-SXM4-40GB MIG 4g.20gb (0),1,,13,cupy_copy__complex64_complex64
20857985520,3168,445055,103,1,1,128,1,1,16,0.000,0.000,,,,,NVIDIA A100-SXM4-40GB MIG 4g.20gb (0),1,,13,cupy_copy__complex64_complex64
20858038256,5376,445062,35,1,1,128,1,1,16,0.000,0.000,,,,,NVIDIA A100-SXM4-40GB MIG 4g.20gb (0),1,,13,cupy_copy__complex64_complex64
20858045552,2656,445069,1,1,1,1,1,1,18,0.000,0.000,,,,,NVIDIA A100-SXM4-40GB MIG 4g.20gb (0),1,,13,cupy_copy__float32_float32
20858164846,346429,445080,1,1,1,32,32,1,30,0.000,0.000,,,,,NVIDIA A100-SXM4-40GB MIG 4g.20gb (0),1,,13,"void convert_kernel<__half2, float2>(tensor_layout_any, T1 *, tensor_layout_any, const T2 *)"
20858539818,5472,445083,,,,,,,,,,0.094,17122.757,Pinned,Device,NVIDIA A100-SXM4-40GB MIG 4g.20gb (0),1,,13,[CUDA memcpy Host-to-Device]
20858554538,3808,445084,,,,,,,,,,1.547,406151.196,Device,,NVIDIA A100-SXM4-40GB MIG 4g.20gb (0),1,,13,[CUDA memset]
20858561354,3008,445089,,,,,,,,,,0.031,10404.230,Pinned,Device,NVIDIA A100-SXM4-40GB MIG 4g.20gb (0),1,,13,[CUDA memcpy Host-to-Device]
20858567274,9952,445090,,,,,,,,,,0.197,19755.565,Pinned,Device,NVIDIA A100-SXM4-40GB MIG 4g.20gb (0),1,,13,[CUDA memcpy Host-to-Device]
20858581162,7168,445091,273,1,1,8,4,1,39,0.002,0.000,,,,,NVIDIA A100-SXM4-40GB MIG 4g.20gb (0),1,,13,"void channel_eq::eqMmseCoefCompLowMimoKernel<float, float, float, (unsigned int)4, (unsigned int)1, (unsigned int)4>(const channel_eq::_puschRxChEqStatDescr *, channel_eq::_puschRxChEqCoefCompDynDescr)"
20858590186,6464,445092,273,1,1,12,11,1,51,0.002,0.000,,,,,NVIDIA A100-SXM4-40GB MIG 4g.20gb (0),1,,13,"void channel_eq::eqMmseSoftDemapKernel<float, __half, __half, float, (unsigned int)4, (unsigned short)16383>(channel_eq::_puschRxChEqStatDescr *, channel_eq::_puschRxChEqSoftDemapDynDescr)"
20858598858,282140,445093,1,1,1,32,32,1,30,0.000,0.000,,,,,NVIDIA A100-SXM4-40GB MIG 4g.20gb (0),1,,13,"void convert_kernel<float2, __half2>(tensor_layout_any, T1 *, tensor_layout_any, const T2 *)"
20858882470,10592,445105,2253,1,1,128,1,1,16,0.000,0.000,,,,,NVIDIA A100-SXM4-40GB MIG 4g.20gb (0),1,,13,cupy_copy__float16_float16
20858894534,2848,445114,282,1,1,128,1,1,16,0.000,0.000,,,,,NVIDIA A100-SXM4-40GB MIG 4g.20gb (0),1,,13,cupy_copy__complex64_complex64
20858899558,2080,445123,26,1,1,128,1,1,16,0.000,0.000,,,,,NVIDIA A100-SXM4-40GB MIG 4g.20gb (0),1,,13,cupy_copy__float32_float32
20858903654,2880,445132,103,1,1,128,1,1,16,0.000,0.000,,,,,NVIDIA A100-SXM4-40GB MIG 4g.20gb (0),1,,13,cupy_copy__complex64_complex64
20858909030,12160,445142,1434,1,1,128,1,1,16,0.000,0.000,,,,,NVIDIA A100-SXM4-40GB MIG 4g.20gb (0),1,,13,cupy_copy__complex64_complex64
20858927206,79167,445147,1,1,1,32,32,1,30,0.000,0.000,,,,,NVIDIA A100-SXM4-40GB MIG 4g.20gb (0),1,,13,"void convert_kernel<__half2, float2>(tensor_layout_any, T1 *, tensor_layout_any, const T2 *)"
20859036133,5472,445150,,,,,,,,,,0.094,17122.757,Pinned,Device,NVIDIA A100-SXM4-40GB MIG 4g.20gb (0),1,,13,[CUDA memcpy Host-to-Device]
20859046309,602105,445151,,,,,,,,,,456.561,757891.990,Device,,NVIDIA A100-SXM4-40GB MIG 4g.20gb (0),1,,13,[CUDA memset]
20859653214,48927,445156,,,,,,,,,,1.235,25239.785,Pinned,Device,NVIDIA A100-SXM4-40GB MIG 4g.20gb (0),1,,13,[CUDA memcpy Host-to-Device]
20859704829,9600,445157,,,,,,,,,,0.197,20479.869,Pinned,Device,NVIDIA A100-SXM4-40GB MIG 4g.20gb (0),1,,13,[CUDA memcpy Host-to-Device]
20859718365,7424,445158,69,4,1,48,1,1,76,0.002,0.000,,,,,NVIDIA A100-SXM4-40GB MIG 4g.20gb (0),1,,13,"void ch_est::windowedChEstPreNoDftSOfdmKernel<float, __half, float, (unsigned int)2, (unsigned int)1, (unsigned short)4>(ch_est::puschRxChEstStatDescr_t *, ch_est::puschRxChEstDynDescr_t *)"
20859727805,6240,445159,137,2,1,24,2,1,44,0.001,0.001,,,,,NVIDIA A100-SXM4-40GB MIG 4g.20gb (0),1,,13,"void ch_est::chEstFilterNoDftSOfdmDispatchKernel<float, __half, float, (unsigned int)2>(ch_est::puschRxChEstStatDescr_t *, ch_est::puschRxChEstDynDescr_t *)"
20859735517,5024,445160,137,2,1,24,2,1,44,0.001,0.001,,,,,NVIDIA A100-SXM4-40GB MIG 4g.20gb (0),1,,13,"void ch_est::chEstFilterNoDftSOfdmDispatchKernel<float, __half, float, (unsigned int)2>(ch_est::puschRxChEstStatDescr_t *, ch_est::puschRxChEstDynDescr_t *)"
20859742685,2496,445171,103,1,1,128,1,1,16,0.000,0.000,,,,,NVIDIA A100-SXM4-40GB MIG 4g.20gb (0),1,,13,cupy_copy__complex64_complex64
20859746717,13376,445181,1434,1,1,128,1,1,16,0.000,0.000,,,,,NVIDIA A100-SXM4-40GB MIG 4g.20gb (0),1,,13,cupy_copy__complex64_complex64
20859762429,2528,445188,103,1,1,128,1,1,16,0.000,0.000,,,,,NVIDIA A100-SXM4-40GB MIG 4g.20gb (0),1,,13,cupy_copy__complex64_complex64
20859766845,79743,445195,1,1,1,32,32,1,30,0.000,0.000,,,,,NVIDIA A100-SXM4-40GB MIG 4g.20gb (0),1,,13,"void convert_kernel<__half2, float2>(tensor_layout_any, T1 *, tensor_layout_any, const T2 *)"
20859875643,5344,445198,,,,,,,,,,0.094,17532.864,Pinned,Device,NVIDIA A100-SXM4-40GB MIG 4g.20gb (0),1,,13,[CUDA memcpy Host-to-Device]
20859886811,46304,445199,,,,,,,,,,35.810,773351.032,Device,,NVIDIA A100-SXM4-40GB MIG 4g.20gb (0),1,,13,[CUDA memset]
20859940251,1856,445201,,,,,,,,,,0.000,43.103,Pinned,Device,NVIDIA A100-SXM4-40GB MIG 4g.20gb (0),1,,13,[CUDA memcpy Host-to-Device]
20859944667,9663,445202,,,,,,,,,,0.197,20346.372,Pinned,Device,NVIDIA A100-SXM4-40GB MIG 4g.20gb (0),1,,13,[CUDA memcpy Host-to-Device]
20859958554,8736,445203,273,1,1,48,1,1,40,0.000,0.001,,,,,NVIDIA A100-SXM4-40GB MIG 4g.20gb (0),1,,13,"void pusch_noise_intf_est::noiseIntfEstNoDftSOfdmKernel<float, __half, float, float, (unsigned int)2, (unsigned int)1, (unsigned char)4, (unsigned char)4>(pusch_noise_intf_est::puschRxNoiseIntfEstDynDescr)"
20859969338,3008,445214,35,1,1,128,1,1,16,0.000,0.000,,,,,NVIDIA A100-SXM4-40GB MIG 4g.20gb (0),1,,13,cupy_copy__complex64_complex64
20859993882,1888,445223,1,1,1,1,1,1,18,0.000,0.000,,,,,NVIDIA A100-SXM4-40GB MIG 4g.20gb (0),1,,13,cupy_copy__float32_float32
20860027738,1728,445229,,,,,,,,,,0.000,2.315,Device,Pageable,NVIDIA A100-SXM4-40GB MIG 4g.20gb (0),1,,7,[CUDA memcpy Device-to-Host]
20860098777,13408,445240,1434,1,1,128,1,1,16,0.000,0.000,,,,,NVIDIA A100-SXM4-40GB MIG 4g.20gb (0),1,,13,cupy_copy__complex64_complex64
20860126777,2687,445247,103,1,1,128,1,1,16,0.000,0.000,,,,,NVIDIA A100-SXM4-40GB MIG 4g.20gb (0),1,,13,cupy_copy__complex64_complex64
20860147000,2176,445254,35,1,1,128,1,1,16,0.000,0.000,,,,,NVIDIA A100-SXM4-40GB MIG 4g.20gb (0),1,,13,cupy_copy__complex64_complex64
20860165752,1856,445261,1,1,1,1,1,1,18,0.000,0.000,,,,,NVIDIA A100-SXM4-40GB MIG 4g.20gb (0),1,,13,cupy_copy__float32_float32
20860300823,95551,445272,1,1,1,32,32,1,30,0.000,0.000,,,,,NVIDIA A100-SXM4-40GB MIG 4g.20gb (0),1,,13,"void convert_kernel<__half2, float2>(tensor_layout_any, T1 *, tensor_layout_any, const T2 *)"
20860425749,5984,445275,,,,,,,,,,0.094,15657.726,Pinned,Device,NVIDIA A100-SXM4-40GB MIG 4g.20gb (0),1,,13,[CUDA memcpy Host-to-Device]
20860466645,6816,445276,,,,,,,,,,1.547,226909.847,Device,,NVIDIA A100-SXM4-40GB MIG 4g.20gb (0),1,,13,[CUDA memset]
20860476085,3552,445281,,,,,,,,,,0.031,8810.794,Pinned,Device,NVIDIA A100-SXM4-40GB MIG 4g.20gb (0),1,,13,[CUDA memcpy Host-to-Device]
20860482101,9791,445282,,,,,,,,,,0.197,20080.361,Pinned,Device,NVIDIA A100-SXM4-40GB MIG 4g.20gb (0),1,,13,[CUDA memcpy Host-to-Device]
20860496948,6976,445283,273,1,1,8,4,1,39,0.002,0.000,,,,,NVIDIA A100-SXM4-40GB MIG 4g.20gb (0),1,,13,"void channel_eq::eqMmseCoefCompLowMimoKernel<float, float, float, (unsigned int)4, (unsigned int)1, (unsigned int)4>(const channel_eq::_puschRxChEqStatDescr *, channel_eq::_puschRxChEqCoefCompDynDescr)"
20860505268,7136,445284,273,1,1,12,11,1,51,0.002,0.000,,,,,NVIDIA A100-SXM4-40GB MIG 4g.20gb (0),1,,13,"void channel_eq::eqMmseSoftDemapKernel<float, __half, __half, float, (unsigned int)4, (unsigned short)16383>(channel_eq::_puschRxChEqStatDescr *, channel_eq::_puschRxChEqSoftDemapDynDescr)"
20860514068,583898,445285,1,1,1,32,32,1,30,0.000,0.000,,,,,NVIDIA A100-SXM4-40GB MIG 4g.20gb (0),1,,13,"void convert_kernel<float2, __half2>(tensor_layout_any, T1 *, tensor_layout_any, const T2 *)"
20861148397,20736,445297,2253,1,1,128,1,1,16,0.000,0.000,,,,,NVIDIA A100-SXM4-40GB MIG 4g.20gb (0),1,,13,cupy_copy__float16_float16
20861172173,4256,445306,282,1,1,128,1,1,16,0.000,0.000,,,,,NVIDIA A100-SXM4-40GB MIG 4g.20gb (0),1,,13,cupy_copy__complex64_complex64
20861225292,5536,445315,26,1,1,128,1,1,16,0.000,0.000,,,,,NVIDIA A100-SXM4-40GB MIG 4g.20gb (0),1,,13,cupy_copy__float32_float32
20861235372,5728,445324,103,1,1,128,1,1,16,0.000,0.000,,,,,NVIDIA A100-SXM4-40GB MIG 4g.20gb (0),1,,13,cupy_copy__complex64_complex64
20861244012,12800,445334,1434,1,1,128,1,1,16,0.000,0.000,,,,,NVIDIA A100-SXM4-40GB MIG 4g.20gb (0),1,,13,cupy_copy__complex64_complex64
20861301931,291709,445339,1,1,1,32,32,1,30,0.000,0.000,,,,,NVIDIA A100-SXM4-40GB MIG 4g.20gb (0),1,,13,"void convert_kernel<__half2, float2>(tensor_layout_any, T1 *, tensor_layout_any, const T2 *)"
20861622856,5344,445342,,,,,,,,,,0.094,17532.864,Pinned,Device,NVIDIA A100-SXM4-40GB MIG 4g.20gb (0),1,,13,[CUDA memcpy Host-to-Device]
20861633192,604729,445343,,,,,,,,,,456.561,754696.060,Device,,NVIDIA A100-SXM4-40GB MIG 4g.20gb (0),1,,13,[CUDA memset]
20862243905,48959,445348,,,,,,,,,,1.235,25223.731,Pinned,Device,NVIDIA A100-SXM4-40GB MIG 4g.20gb (0),1,,13,[CUDA memcpy Host-to-Device]
20862295296,9536,445349,,,,,,,,,,0.197,20617.298,Pinned,Device,NVIDIA A100-SXM4-40GB MIG 4g.20gb (0),1,,13,[CUDA memcpy Host-to-Device]
20862309504,7264,445350,69,4,1,48,1,1,76,0.002,0.000,,,,,NVIDIA A100-SXM4-40GB MIG 4g.20gb (0),1,,13,"void ch_est::windowedChEstPreNoDftSOfdmKernel<float, __half, float, (unsigned int)2, (unsigned int)1, (unsigned short)4>(ch_est::puschRxChEstStatDescr_t *, ch_est::puschRxChEstDynDescr_t *)"
20862318976,6848,445351,137,2,1,24,2,1,44,0.001,0.001,,,,,NVIDIA A100-SXM4-40GB MIG 4g.20gb (0),1,,13,"void ch_est::chEstFilterNoDftSOfdmDispatchKernel<float, __half, float, (unsigned int)2>(ch_est::puschRxChEstStatDescr_t *, ch_est::puschRxChEstDynDescr_t *)"
20862327872,5024,445352,137,2,1,24,2,1,44,0.001,0.001,,,,,NVIDIA A100-SXM4-40GB MIG 4g.20gb (0),1,,13,"void ch_est::chEstFilterNoDftSOfdmDispatchKernel<float, __half, float, (unsigned int)2>(ch_est::puschRxChEstStatDescr_t *, ch_est::puschRxChEstDynDescr_t *)"
20862334400,2528,445363,103,1,1,128,1,1,16,0.000,0.000,,,,,NVIDIA A100-SXM4-40GB MIG 4g.20gb (0),1,,13,cupy_copy__complex64_complex64
20862338240,12704,445373,1434,1,1,128,1,1,16,0.000,0.000,,,,,NVIDIA A100-SXM4-40GB MIG 4g.20gb (0),1,,13,cupy_copy__complex64_complex64
20862352768,2528,445380,103,1,1,128,1,1,16,0.000,0.000,,,,,NVIDIA A100-SXM4-40GB MIG 4g.20gb (0),1,,13,cupy_copy__complex64_complex64
20862356768,79423,445387,1,1,1,32,32,1,30,0.000,0.000,,,,,NVIDIA A100-SXM4-40GB MIG 4g.20gb (0),1,,13,"void convert_kernel<__half2, float2>(tensor_layout_any, T1 *, tensor_layout_any, const T2 *)"
20862464094,5312,445390,,,,,,,,,,0.094,17638.553,Pinned,Device,NVIDIA A100-SXM4-40GB MIG 4g.20gb (0),1,,13,[CUDA memcpy Host-to-Device]
20862476478,46528,445391,,,,,,,,,,35.810,769626.801,Device,,NVIDIA A100-SXM4-40GB MIG 4g.20gb (0),1,,13,[CUDA memset]
20862528894,1824,445393,,,,,,,,,,0.000,43.860,Pinned,Device,NVIDIA A100-SXM4-40GB MIG 4g.20gb (0),1,,13,[CUDA memcpy Host-to-Device]
20862533342,9376,445394,,,,,,,,,,0.197,20969.226,Pinned,Device,NVIDIA A100-SXM4-40GB MIG 4g.20gb (0),1,,13,[CUDA memcpy Host-to-Device]
20862546686,8927,445395,273,1,1,48,1,1,40,0.000,0.001,,,,,NVIDIA A100-SXM4-40GB MIG 4g.20gb (0),1,,13,"void pusch_noise_intf_est::noiseIntfEstNoDftSOfdmKernel<float, __half, float, float, (unsigned int)2, (unsigned int)1, (unsigned char)4, (unsigned char)4>(pusch_noise_intf_est::puschRxNoiseIntfEstDynDescr)"
20862557245,2944,445406,35,1,1,128,1,1,16,0.000,0.000,,,,,NVIDIA A100-SXM4-40GB MIG 4g.20gb (0),1,,13,cupy_copy__complex64_complex64
20862582269,1920,445415,1,1,1,1,1,1,18,0.000,0.000,,,,,NVIDIA A100-SXM4-40GB MIG 4g.20gb (0),1,,13,cupy_copy__float32_float32
20862626333,1600,445421,,,,,,,,,,0.000,2.500,Device,Pageable,NVIDIA A100-SXM4-40GB MIG 4g.20gb (0),1,,7,[CUDA memcpy Device-to-Host]
20862688028,13376,445432,1434,1,1,128,1,1,16,0.000,0.000,,,,,NVIDIA A100-SXM4-40GB MIG 4g.20gb (0),1,,13,cupy_copy__complex64_complex64
20862714748,2720,445439,103,1,1,128,1,1,16,0.000,0.000,,,,,NVIDIA A100-SXM4-40GB MIG 4g.20gb (0),1,,13,cupy_copy__complex64_complex64
20862735163,2208,445446,35,1,1,128,1,1,16,0.000,0.000,,,,,NVIDIA A100-SXM4-40GB MIG 4g.20gb (0),1,,13,cupy_copy__complex64_complex64
20862753819,1856,445453,1,1,1,1,1,1,18,0.000,0.000,,,,,NVIDIA A100-SXM4-40GB MIG 4g.20gb (0),1,,13,cupy_copy__float32_float32
20862891194,79839,445464,1,1,1,32,32,1,30,0.000,0.000,,,,,NVIDIA A100-SXM4-40GB MIG 4g.20gb (0),1,,13,"void convert_kernel<__half2, float2>(tensor_layout_any, T1 *, tensor_layout_any, const T2 *)"
20863000088,5376,445467,,,,,,,,,,0.094,17428.487,Pinned,Device,NVIDIA A100-SXM4-40GB MIG 4g.20gb (0),1,,13,[CUDA memcpy Host-to-Device]
20863013496,3200,445468,,,,,,,,,,1.547,483320.000,Device,,NVIDIA A100-SXM4-40GB MIG 4g.20gb (0),1,,13,[CUDA memset]
20863020056,3104,445473,,,,,,,,,,0.031,10082.445,Pinned,Device,NVIDIA A100-SXM4-40GB MIG 4g.20gb (0),1,,13,[CUDA memcpy Host-to-Device]
20863025240,9536,445474,,,,,,,,,,0.197,20617.298,Pinned,Device,NVIDIA A100-SXM4-40GB MIG 4g.20gb (0),1,,13,[CUDA memcpy Host-to-Device]
20863039384,5984,445475,273,1,1,8,4,1,39,0.002,0.000,,,,,NVIDIA A100-SXM4-40GB MIG 4g.20gb (0),1,,13,"void channel_eq::eqMmseCoefCompLowMimoKernel<float, float, float, (unsigned int)4, (unsigned int)1, (unsigned int)4>(const channel_eq::_puschRxChEqStatDescr *, channel_eq::_puschRxChEqCoefCompDynDescr)"
20863046904,6432,445476,273,1,1,12,11,1,51,0.002,0.000,,,,,NVIDIA A100-SXM4-40GB MIG 4g.20gb (0),1,,13,"void channel_eq::eqMmseSoftDemapKernel<float, __half, __half, float, (unsigned int)4, (unsigned short)16383>(channel_eq::_puschRxChEqStatDescr *, channel_eq::_puschRxChEqSoftDemapDynDescr)"
20863055512,471387,445477,1,1,1,32,32,1,30,0.000,0.000,,,,,NVIDIA A100-SXM4-40GB MIG 4g.20gb (0),1,,13,"void convert_kernel<float2, __half2>(tensor_layout_any, T1 *, tensor_layout_any, const T2 *)"
20863528947,13183,445489,2253,1,1,128,1,1,16,0.000,0.000,,,,,NVIDIA A100-SXM4-40GB MIG 4g.20gb (0),1,,13,cupy_copy__float16_float16
20863588530,5024,445498,282,1,1,128,1,1,16,0.000,0.000,,,,,NVIDIA A100-SXM4-40GB MIG 4g.20gb (0),1,,13,cupy_copy__complex64_complex64
20863594962,2912,445507,26,1,1,128,1,1,16,0.000,0.000,,,,,NVIDIA A100-SXM4-40GB MIG 4g.20gb (0),1,,13,cupy_copy__float32_float32
20863648593,5856,445516,103,1,1,128,1,1,16,0.000,0.000,,,,,NVIDIA A100-SXM4-40GB MIG 4g.20gb (0),1,,13,cupy_copy__complex64_complex64
20863656625,15936,445526,1434,1,1,128,1,1,16,0.000,0.000,,,,,NVIDIA A100-SXM4-40GB MIG 4g.20gb (0),1,,13,cupy_copy__complex64_complex64
20863717264,535450,445531,1,1,1,32,32,1,30,0.000,0.000,,,,,NVIDIA A100-SXM4-40GB MIG 4g.20gb (0),1,,13,"void convert_kernel<__half2, float2>(tensor_layout_any, T1 *, tensor_layout_any, const T2 *)"
20864283594,12864,445534,,,,,,,,,,0.094,7283.552,Pinned,Device,NVIDIA A100-SXM4-40GB MIG 4g.20gb (0),1,,13,[CUDA memcpy Host-to-Device]
20864342473,613946,445535,,,,,,,,,,456.561,743282.024,Device,,NVIDIA A100-SXM4-40GB MIG 4g.20gb (0),1,,13,[CUDA memset]
20864961795,55487,445540,,,,,,,,,,1.235,22256.161,Pinned,Device,NVIDIA A100-SXM4-40GB MIG 4g.20gb (0),1,,13,[CUDA memcpy Host-to-Device]
20865024322,11584,445541,,,,,,,,,,0.197,16972.186,Pinned,Device,NVIDIA A100-SXM4-40GB MIG 4g.20gb (0),1,,13,[CUDA memcpy Host-to-Device]
20865049538,12447,445542,69,4,1,48,1,1,76,0.002,0.000,,,,,NVIDIA A100-SXM4-40GB MIG 4g.20gb (0),1,,13,"void ch_est::windowedChEstPreNoDftSOfdmKernel<float, __half, float, (unsigned int)2, (unsigned int)1, (unsigned short)4>(ch_est::puschRxChEstStatDescr_t *, ch_est::puschRxChEstDynDescr_t *)"
20865103841,13216,445543,137,2,1,24,2,1,44,0.001,0.001,,,,,NVIDIA A100-SXM4-40GB MIG 4g.20gb (0),1,,13,"void ch_est::chEstFilterNoDftSOfdmDispatchKernel<float, __half, float, (unsigned int)2>(ch_est::puschRxChEstStatDescr_t *, ch_est::puschRxChEstDynDescr_t *)"
20865150976,13760,445544,137,2,1,24,2,1,44,0.001,0.001,,,,,NVIDIA A100-SXM4-40GB MIG 4g.20gb (0),1,,13,"void ch_est::chEstFilterNoDftSOfdmDispatchKernel<float, __half, float, (unsigned int)2>(ch_est::puschRxChEstStatDescr_t *, ch_est::puschRxChEstDynDescr_t *)"
20865204544,10240,445555,103,1,1,128,1,1,16,0.000,0.000,,,,,NVIDIA A100-SXM4-40GB MIG 4g.20gb (0),1,,13,cupy_copy__complex64_complex64
20865218624,14784,445565,1434,1,1,128,1,1,16,0.000,0.000,,,,,NVIDIA A100-SXM4-40GB MIG 4g.20gb (0),1,,13,cupy_copy__complex64_complex64
20865264031,10784,445572,103,1,1,128,1,1,16,0.000,0.000,,,,,NVIDIA A100-SXM4-40GB MIG 4g.20gb (0),1,,13,cupy_copy__complex64_complex64
20865277695,247741,445579,1,1,1,32,32,1,30,0.000,0.000,,,,,NVIDIA A100-SXM4-40GB MIG 4g.20gb (0),1,,13,"void convert_kernel<__half2, float2>(tensor_layout_any, T1 *, tensor_layout_any, const T2 *)"
20865598619,5760,445582,,,,,,,,,,0.094,16266.656,Pinned,Device,NVIDIA A100-SXM4-40GB MIG 4g.20gb (0),1,,13,[CUDA memcpy Host-to-Device]
20865608603,48192,445583,,,,,,,,,,35.810,743055.840,Device,,NVIDIA A100-SXM4-40GB MIG 4g.20gb (0),1,,13,[CUDA memset]
20865658427,1888,445585,,,,,,,,,,0.000,42.373,Pinned,Device,NVIDIA A100-SXM4-40GB MIG 4g.20gb (0),1,,13,[CUDA memcpy Host-to-Device]
20865662939,9376,445586,,,,,,,,,,0.197,20969.226,Pinned,Device,NVIDIA A100-SXM4-40GB MIG 4g.20gb (0),1,,13,[CUDA memcpy Host-to-Device]
20865676187,8992,445587,273,1,1,48,1,1,40,0.000,0.001,,,,,NVIDIA A100-SXM4-40GB MIG 4g.20gb (0),1,,13,"void pusch_noise_intf_est::noiseIntfEstNoDftSOfdmKernel<float, __half, float, float, (unsigned int)2, (unsigned int)1, (unsigned char)4, (unsigned char)4>(pusch_noise_intf_est::puschRxNoiseIntfEstDynDescr)"
20865686587,2911,445598,35,1,1,128,1,1,16,0.000,0.000,,,,,NVIDIA A100-SXM4-40GB MIG 4g.20gb (0),1,,13,cupy_copy__complex64_complex64
20865691642,1856,445607,1,1,1,1,1,1,18,0.000,0.000,,,,,NVIDIA A100-SXM4-40GB MIG 4g.20gb (0),1,,13,cupy_copy__float32_float32
20865719418,1568,445613,,,,,,,,,,0.000,2.551,Device,Pageable,NVIDIA A100-SXM4-40GB MIG 4g.20gb (0),1,,7,[CUDA memcpy Device-to-Host]
20865779161,13280,445624,1434,1,1,128,1,1,16,0.000,0.000,,,,,NVIDIA A100-SXM4-40GB MIG 4g.20gb (0),1,,13,cupy_copy__complex64_complex64
20865806233,2752,445631,103,1,1,128,1,1,16,0.000,0.000,,,,,NVIDIA A100-SXM4-40GB MIG 4g.20gb (0),1,,13,cupy_copy__complex64_complex64
20865826361,2208,445638,35,1,1,128,1,1,16,0.000,0.000,,,,,NVIDIA A100-SXM4-40GB MIG 4g.20gb (0),1,,13,cupy_copy__complex64_complex64
20865845017,1856,445645,1,1,1,1,1,1,18,0.000,0.000,,,,,NVIDIA A100-SXM4-40GB MIG 4g.20gb (0),1,,13,cupy_copy__float32_float32
20865980855,80447,445656,1,1,1,32,32,1,30,0.000,0.000,,,,,NVIDIA A100-SXM4-40GB MIG 4g.20gb (0),1,,13,"void convert_kernel<__half2, float2>(tensor_layout_any, T1 *, tensor_layout_any, const T2 *)"
20866089622,5504,445659,,,,,,,,,,0.094,17023.251,Pinned,Device,NVIDIA A100-SXM4-40GB MIG 4g.20gb (0),1,,13,[CUDA memcpy Host-to-Device]
20866104502,3168,445660,,,,,,,,,,1.547,488201.145,Device,,NVIDIA A100-SXM4-40GB MIG 4g.20gb (0),1,,13,[CUDA memset]
20866110742,3040,445665,,,,,,,,,,0.031,10294.725,Pinned,Device,NVIDIA A100-SXM4-40GB MIG 4g.20gb (0),1,,13,[CUDA memcpy Host-to-Device]
20866115862,9344,445666,,,,,,,,,,0.197,21040.988,Pinned,Device,NVIDIA A100-SXM4-40GB MIG 4g.20gb (0),1,,13,[CUDA memcpy Host-to-Device]
20866129526,5983,445667,273,1,1,8,4,1,39,0.002,0.000,,,,,NVIDIA A100-SXM4-40GB MIG 4g.20gb (0),1,,13,"void channel_eq::eqMmseCoefCompLowMimoKernel<float, float, float, (unsigned int)4, (unsigned int)1, (unsigned int)4>(const channel_eq::_puschRxChEqStatDescr *, channel_eq::_puschRxChEqCoefCompDynDescr)"
20866137077,6656,445668,273,1,1,12,11,1,51,0.002,0.000,,,,,NVIDIA A100-SXM4-40GB MIG 4g.20gb (0),1,,13,"void channel_eq::eqMmseSoftDemapKernel<float, __half, __half, float, (unsigned int)4, (unsigned short)16383>(channel_eq::_puschRxChEqStatDescr *, channel_eq::_puschRxChEqSoftDemapDynDescr)"
20866145717,284061,445669,1,1,1,32,32,1,30,0.000,0.000,,,,,NVIDIA A100-SXM4-40GB MIG 4g.20gb (0),1,,13,"void convert_kernel<float2, __half2>(tensor_layout_any, T1 *, tensor_layout_any, const T2 *)"
20866432050,10752,445681,2253,1,1,128,1,1,16,0.000,0.000,,,,,NVIDIA A100-SXM4-40GB MIG 4g.20gb (0),1,,13,cupy_copy__float16_float16
20866444242,2848,445690,282,1,1,128,1,1,16,0.000,0.000,,,,,NVIDIA A100-SXM4-40GB MIG 4g.20gb (0),1,,13,cupy_copy__complex64_complex64
20866449170,2080,445699,26,1,1,128,1,1,16,0.000,0.000,,,,,NVIDIA A100-SXM4-40GB MIG 4g.20gb (0),1,,13,cupy_copy__float32_float32
20866453266,2880,445708,103,1,1,128,1,1,16,0.000,0.000,,,,,NVIDIA A100-SXM4-40GB MIG 4g.20gb (0),1,,13,cupy_copy__complex64_complex64
20866457618,11488,445718,1434,1,1,128,1,1,16,0.000,0.000,,,,,NVIDIA A100-SXM4-40GB MIG 4g.20gb (0),1,,13,cupy_copy__complex64_complex64
20866598480,241694,445723,1,1,1,32,32,1,30,0.000,0.000,,,,,NVIDIA A100-SXM4-40GB MIG 4g.20gb (0),1,,13,"void convert_kernel<__half2, float2>(tensor_layout_any, T1 *, tensor_layout_any, const T2 *)"
20866869229,5504,445726,,,,,,,,,,0.094,17023.251,Pinned,Device,NVIDIA A100-SXM4-40GB MIG 4g.20gb (0),1,,13,[CUDA memcpy Host-to-Device]
20866962732,603642,445727,,,,,,,,,,456.561,756065.745,Device,,NVIDIA A100-SXM4-40GB MIG 4g.20gb (0),1,,13,[CUDA memset]
20867568486,52767,445732,,,,,,,,,,1.235,23403.424,Pinned,Device,NVIDIA A100-SXM4-40GB MIG 4g.20gb (0),1,,13,[CUDA memcpy Host-to-Device]
20867624069,10240,445733,,,,,,,,,,0.197,19199.951,Pinned,Device,NVIDIA A100-SXM4-40GB MIG 4g.20gb (0),1,,13,[CUDA memcpy Host-to-Device]
20867781379,15392,445734,69,4,1,48,1,1,76,0.002,0.000,,,,,NVIDIA A100-SXM4-40GB MIG 4g.20gb (0),1,,13,"void ch_est::windowedChEstPreNoDftSOfdmKernel<float, __half, float, (unsigned int)2, (unsigned int)1, (unsigned short)4>(ch_est::puschRxChEstStatDescr_t *, ch_est::puschRxChEstDynDescr_t *)"
20867871234,20512,445735,137,2,1,24,2,1,44,0.001,0.001,,,,,NVIDIA A100-SXM4-40GB MIG 4g.20gb (0),1,,13,"void ch_est::chEstFilterNoDftSOfdmDispatchKernel<float, __half, float, (unsigned int)2>(ch_est::puschRxChEstStatDescr_t *, ch_est::puschRxChEstDynDescr_t *)"
20867892994,5408,445736,137,2,1,24,2,1,44,0.001,0.001,,,,,NVIDIA A100-SXM4-40GB MIG 4g.20gb (0),1,,13,"void ch_est::chEstFilterNoDftSOfdmDispatchKernel<float, __half, float, (unsigned int)2>(ch_est::puschRxChEstStatDescr_t *, ch_est::puschRxChEstDynDescr_t *)"
20867979617,4416,445747,103,1,1,128,1,1,16,0.000,0.000,,,,,NVIDIA A100-SXM4-40GB MIG 4g.20gb (0),1,,13,cupy_copy__complex64_complex64
20867986689,15264,445757,1434,1,1,128,1,1,16,0.000,0.000,,,,,NVIDIA A100-SXM4-40GB MIG 4g.20gb (0),1,,13,cupy_copy__complex64_complex64
20868004161,2976,445764,103,1,1,128,1,1,16,0.000,0.000,,,,,NVIDIA A100-SXM4-40GB MIG 4g.20gb (0),1,,13,cupy_copy__complex64_complex64
20868098912,259357,445771,1,1,1,32,32,1,30,0.000,0.000,,,,,NVIDIA A100-SXM4-40GB MIG 4g.20gb (0),1,,13,"void convert_kernel<__half2, float2>(tensor_layout_any, T1 *, tensor_layout_any, const T2 *)"
20868388316,5408,445774,,,,,,,,,,0.094,17325.421,Pinned,Device,NVIDIA A100-SXM4-40GB MIG 4g.20gb (0),1,,13,[CUDA memcpy Host-to-Device]
20868524891,47519,445775,,,,,,,,,,35.810,753583.956,Device,,NVIDIA A100-SXM4-40GB MIG 4g.20gb (0),1,,13,[CUDA memset]
20868579866,6112,445777,,,,,,,,,,0.000,13.089,Pinned,Device,NVIDIA A100-SXM4-40GB MIG 4g.20gb (0),1,,13,[CUDA memcpy Host-to-Device]
20868592762,12160,445778,,,,,,,,,,0.197,16168.255,Pinned,Device,NVIDIA A100-SXM4-40GB MIG 4g.20gb (0),1,,13,[CUDA memcpy Host-to-Device]
20868733721,24543,445779,273,1,1,48,1,1,40,0.000,0.001,,,,,NVIDIA A100-SXM4-40GB MIG 4g.20gb (0),1,,13,"void pusch_noise_intf_est::noiseIntfEstNoDftSOfdmKernel<float, __half, float, float, (unsigned int)2, (unsigned int)1, (unsigned char)4, (unsigned char)4>(pusch_noise_intf_est::puschRxNoiseIntfEstDynDescr)"
20868901079,6880,445790,35,1,1,128,1,1,16,0.000,0.000,,,,,NVIDIA A100-SXM4-40GB MIG 4g.20gb (0),1,,13,cupy_copy__complex64_complex64
20868954806,6656,445799,1,1,1,1,1,1,18,0.000,0.000,,,,,NVIDIA A100-SXM4-40GB MIG 4g.20gb (0),1,,13,cupy_copy__float32_float32
20868975574,4128,445805,,,,,,,,,,0.000,0.969,Device,Pageable,NVIDIA A100-SXM4-40GB MIG 4g.20gb (0),1,,7,[CUDA memcpy Device-to-Host]
20869041621,15072,445816,1434,1,1,128,1,1,16,0.000,0.000,,,,,NVIDIA A100-SXM4-40GB MIG 4g.20gb (0),1,,13,cupy_copy__complex64_complex64
20869113620,7328,445823,103,1,1,128,1,1,16,0.000,0.000,,,,,NVIDIA A100-SXM4-40GB MIG 4g.20gb (0),1,,13,cupy_copy__complex64_complex64
20869127412,3584,445830,35,1,1,128,1,1,16,0.000,0.000,,,,,NVIDIA A100-SXM4-40GB MIG 4g.20gb (0),1,,13,cupy_copy__complex64_complex64
20869134804,2240,445837,1,1,1,1,1,1,18,0.000,0.000,,,,,NVIDIA A100-SXM4-40GB MIG 4g.20gb (0),1,,13,cupy_copy__float32_float32
20869265203,321980,445848,1,1,1,32,32,1,30,0.000,0.000,,,,,NVIDIA A100-SXM4-40GB MIG 4g.20gb (0),1,,13,"void convert_kernel<__half2, float2>(tensor_layout_any, T1 *, tensor_layout_any, const T2 *)"
20869616367,5376,445851,,,,,,,,,,0.094,17428.487,Pinned,Device,NVIDIA A100-SXM4-40GB MIG 4g.20gb (0),1,,13,[CUDA memcpy Host-to-Device]
20869630447,3743,445852,,,,,,,,,,1.547,413203.801,Device,,NVIDIA A100-SXM4-40GB MIG 4g.20gb (0),1,,13,[CUDA memset]
20869636846,3040,445857,,,,,,,,,,0.031,10294.725,Pinned,Device,NVIDIA A100-SXM4-40GB MIG 4g.20gb (0),1,,13,[CUDA memcpy Host-to-Device]
20869642318,9376,445858,,,,,,,,,,0.197,20969.226,Pinned,Device,NVIDIA A100-SXM4-40GB MIG 4g.20gb (0),1,,13,[CUDA memcpy Host-to-Device]
20869655598,7008,445859,273,1,1,8,4,1,39,0.002,0.000,,,,,NVIDIA A100-SXM4-40GB MIG 4g.20gb (0),1,,13,"void channel_eq::eqMmseCoefCompLowMimoKernel<float, float, float, (unsigned int)4, (unsigned int)1, (unsigned int)4>(const channel_eq::_puschRxChEqStatDescr *, channel_eq::_puschRxChEqCoefCompDynDescr)"
20869664142,7296,445860,273,1,1,12,11,1,51,0.002,0.000,,,,,NVIDIA A100-SXM4-40GB MIG 4g.20gb (0),1,,13,"void channel_eq::eqMmseSoftDemapKernel<float, __half, __half, float, (unsigned int)4, (unsigned short)16383>(channel_eq::_puschRxChEqStatDescr *, channel_eq::_puschRxChEqSoftDemapDynDescr)"
20869672782,281533,445861,1,1,1,32,32,1,30,0.000,0.000,,,,,NVIDIA A100-SXM4-40GB MIG 4g.20gb (0),1,,13,"void convert_kernel<float2, __half2>(tensor_layout_any, T1 *, tensor_layout_any, const T2 *)"
20869956299,10528,445873,2253,1,1,128,1,1,16,0.000,0.000,,,,,NVIDIA A100-SXM4-40GB MIG 4g.20gb (0),1,,13,cupy_copy__float16_float16
20869968459,2816,445882,282,1,1,128,1,1,16,0.000,0.000,,,,,NVIDIA A100-SXM4-40GB MIG 4g.20gb (0),1,,13,cupy_copy__complex64_complex64
20869973131,2048,445891,26,1,1,128,1,1,16,0.000,0.000,,,,,NVIDIA A100-SXM4-40GB MIG 4g.20gb (0),1,,13,cupy_copy__float32_float32
20869977227,2880,445900,103,1,1,128,1,1,16,0.000,0.000,,,,,NVIDIA A100-SXM4-40GB MIG 4g.20gb (0),1,,13,cupy_copy__complex64_complex64
20869981323,12063,445910,1434,1,1,128,1,1,16,0.000,0.000,,,,,NVIDIA A100-SXM4-40GB MIG 4g.20gb (0),1,,13,cupy_copy__complex64_complex64
20870045738,79551,445915,1,1,1,32,32,1,30,0.000,0.000,,,,,NVIDIA A100-SXM4-40GB MIG 4g.20gb (0),1,,13,"void convert_kernel<__half2, float2>(tensor_layout_any, T1 *, tensor_layout_any, const T2 *)"
20870154281,5472,445918,,,,,,,,,,0.094,17122.757,Pinned,Device,NVIDIA A100-SXM4-40GB MIG 4g.20gb (0),1,,13,[CUDA memcpy Host-to-Device]
20870164073,601209,445919,,,,,,,,,,456.561,759261.675,Device,,NVIDIA A100-SXM4-40GB MIG 4g.20gb (0),1,,13,[CUDA memset]
20870773986,49151,445924,,,,,,,,,,1.235,25124.936,Pinned,Device,NVIDIA A100-SXM4-40GB MIG 4g.20gb (0),1,,13,[CUDA memcpy Host-to-Device]
20870825537,9600,445925,,,,,,,,,,0.197,20479.869,Pinned,Device,NVIDIA A100-SXM4-40GB MIG 4g.20gb (0),1,,13,[CUDA memcpy Host-to-Device]
20870840769,7552,445926,69,4,1,48,1,1,76,0.002,0.000,,,,,NVIDIA A100-SXM4-40GB MIG 4g.20gb (0),1,,13,"void ch_est::windowedChEstPreNoDftSOfdmKernel<float, __half, float, (unsigned int)2, (unsigned int)1, (unsigned short)4>(ch_est::puschRxChEstStatDescr_t *, ch_est::puschRxChEstDynDescr_t *)"
20870849793,6336,445927,137,2,1,24,2,1,44,0.001,0.001,,,,,NVIDIA A100-SXM4-40GB MIG 4g.20gb (0),1,,13,"void ch_est::chEstFilterNoDftSOfdmDispatchKernel<float, __half, float, (unsigned int)2>(ch_est::puschRxChEstStatDescr_t *, ch_est::puschRxChEstDynDescr_t *)"
20870857313,5120,445928,137,2,1,24,2,1,44,0.001,0.001,,,,,NVIDIA A100-SXM4-40GB MIG 4g.20gb (0),1,,13,"void ch_est::chEstFilterNoDftSOfdmDispatchKernel<float, __half, float, (unsigned int)2>(ch_est::puschRxChEstStatDescr_t *, ch_est::puschRxChEstDynDescr_t *)"
20870864129,2464,445939,103,1,1,128,1,1,16,0.000,0.000,,,,,NVIDIA A100-SXM4-40GB MIG 4g.20gb (0),1,,13,cupy_copy__complex64_complex64
20870868225,12832,445949,1434,1,1,128,1,1,16,0.000,0.000,,,,,NVIDIA A100-SXM4-40GB MIG 4g.20gb (0),1,,13,cupy_copy__complex64_complex64
20870882369,2496,445956,103,1,1,128,1,1,16,0.000,0.000,,,,,NVIDIA A100-SXM4-40GB MIG 4g.20gb (0),1,,13,cupy_copy__complex64_complex64
20870886401,79615,445963,1,1,1,32,32,1,30,0.000,0.000,,,,,NVIDIA A100-SXM4-40GB MIG 4g.20gb (0),1,,13,"void convert_kernel<__half2, float2>(tensor_layout_any, T1 *, tensor_layout_any, const T2 *)"
20871003039,5376,445966,,,,,,,,,,0.094,17428.487,Pinned,Device,NVIDIA A100-SXM4-40GB MIG 4g.20gb (0),1,,13,[CUDA memcpy Host-to-Device]
20871019551,47231,445967,,,,,,,,,,35.810,758167.626,Device,,NVIDIA A100-SXM4-40GB MIG 4g.20gb (0),1,,13,[CUDA memset]
20871072734,1920,445969,,,,,,,,,,0.000,41.667,Pinned,Device,NVIDIA A100-SXM4-40GB MIG 4g.20gb (0),1,,13,[CUDA memcpy Host-to-Device]
20871077086,9632,445970,,,,,,,,,,0.197,20411.843,Pinned,Device,NVIDIA A100-SXM4-40GB MIG 4g.20gb (0),1,,13,[CUDA memcpy Host-to-Device]
20871091166,10112,445971,273,1,1,48,1,1,40,0.000,0.001,,,,,NVIDIA A100-SXM4-40GB MIG 4g.20gb (0),1,,13,"void pusch_noise_intf_est::noiseIntfEstNoDftSOfdmKernel<float, __half, float, float, (unsigned int)2, (unsigned int)1, (unsigned char)4, (unsigned char)4>(pusch_noise_intf_est::puschRxNoiseIntfEstDynDescr)"
20871106174,2944,445982,35,1,1,128,1,1,16,0.000,0.000,,,,,NVIDIA A100-SXM4-40GB MIG 4g.20gb (0),1,,13,cupy_copy__complex64_complex64
20871144030,1856,445991,1,1,1,1,1,1,18,0.000,0.000,,,,,NVIDIA A100-SXM4-40GB MIG 4g.20gb (0),1,,13,cupy_copy__float32_float32
20871182781,1568,445997,,,,,,,,,,0.000,2.551,Device,Pageable,NVIDIA A100-SXM4-40GB MIG 4g.20gb (0),1,,7,[CUDA memcpy Device-to-Host]
20871273724,19136,446008,1434,1,1,128,1,1,16,0.000,0.000,,,,,NVIDIA A100-SXM4-40GB MIG 4g.20gb (0),1,,13,cupy_copy__complex64_complex64
20871294588,3424,446015,103,1,1,128,1,1,16,0.000,0.000,,,,,NVIDIA A100-SXM4-40GB MIG 4g.20gb (0),1,,13,cupy_copy__complex64_complex64
20871300988,4576,446022,35,1,1,128,1,1,16,0.000,0.000,,,,,NVIDIA A100-SXM4-40GB MIG 4g.20gb (0),1,,13,cupy_copy__complex64_complex64
20871371227,7104,446029,1,1,1,1,1,1,18,0.000,0.000,,,,,NVIDIA A100-SXM4-40GB MIG 4g.20gb (0),1,,13,cupy_copy__float32_float32
20871502714,463098,446040,1,1,1,32,32,1,30,0.000,0.000,,,,,NVIDIA A100-SXM4-40GB MIG 4g.20gb (0),1,,13,"void convert_kernel<__half2, float2>(tensor_layout_any, T1 *, tensor_layout_any, const T2 *)"
20871996404,5888,446043,,,,,,,,,,0.094,15912.954,Pinned,Device,NVIDIA A100-SXM4-40GB MIG 4g.20gb (0),1,,13,[CUDA memcpy Host-to-Device]
20872117139,19008,446044,,,,,,,,,,1.547,81366.342,Device,,NVIDIA A100-SXM4-40GB MIG 4g.20gb (0),1,,13,[CUDA memset]
20872138643,3008,446049,,,,,,,,,,0.031,10404.230,Pinned,Device,NVIDIA A100-SXM4-40GB MIG 4g.20gb (0),1,,13,[CUDA memcpy Host-to-Device]
20872144722,10176,446050,,,,,,,,,,0.197,19320.668,Pinned,Device,NVIDIA A100-SXM4-40GB MIG 4g.20gb (0),1,,13,[CUDA memcpy Host-to-Device]
20872314065,68799,446051,273,1,1,8,4,1,39,0.002,0.000,,,,,NVIDIA A100-SXM4-40GB MIG 4g.20gb (0),1,,13,"void channel_eq::eqMmseCoefCompLowMimoKernel<float, float, float, (unsigned int)4, (unsigned int)1, (unsigned int)4>(const channel_eq::_puschRxChEqStatDescr *, channel_eq::_puschRxChEqCoefCompDynDescr)"
20872480271,17440,446052,273,1,1,12,11,1,51,0.002,0.000,,,,,NVIDIA A100-SXM4-40GB MIG 4g.20gb (0),1,,13,"void channel_eq::eqMmseSoftDemapKernel<float, __half, __half, float, (unsigned int)4, (unsigned short)16383>(channel_eq::_puschRxChEqStatDescr *, channel_eq::_puschRxChEqSoftDemapDynDescr)"
20872588654,944021,446053,1,1,1,32,32,1,30,0.000,0.000,,,,,NVIDIA A100-SXM4-40GB MIG 4g.20gb (0),1,,13,"void convert_kernel<float2, __half2>(tensor_layout_any, T1 *, tensor_layout_any, const T2 *)"
20873593890,13312,446065,2253,1,1,128,1,1,16,0.000,0.000,,,,,NVIDIA A100-SXM4-40GB MIG 4g.20gb (0),1,,13,cupy_copy__float16_float16
20873703841,7616,446074,282,1,1,128,1,1,16,0.000,0.000,,,,,NVIDIA A100-SXM4-40GB MIG 4g.20gb (0),1,,13,cupy_copy__complex64_complex64
20873713985,4352,446083,26,1,1,128,1,1,16,0.000,0.000,,,,,NVIDIA A100-SXM4-40GB MIG 4g.20gb (0),1,,13,cupy_copy__float32_float32
20873767328,11776,446092,103,1,1,128,1,1,16,0.000,0.000,,,,,NVIDIA A100-SXM4-40GB MIG 4g.20gb (0),1,,13,cupy_copy__complex64_complex64
20873817376,31455,446102,1434,1,1,128,1,1,16,0.000,0.000,,,,,NVIDIA A100-SXM4-40GB MIG 4g.20gb (0),1,,13,cupy_copy__complex64_complex64
20873891359,282717,446107,1,1,1,32,32,1,30,0.000,0.000,,,,,NVIDIA A100-SXM4-40GB MIG 4g.20gb (0),1,,13,"void convert_kernel<__half2, float2>(tensor_layout_any, T1 *, tensor_layout_any, const T2 *)"
20874203324,5855,446110,,,,,,,,,,0.094,16002.715,Pinned,Device,NVIDIA A100-SXM4-40GB MIG 4g.20gb (0),1,,13,[CUDA memcpy Host-to-Device]
20874222075,616249,446111,,,,,,,,,,456.561,740542.656,Device,,NVIDIA A100-SXM4-40GB MIG 4g.20gb (0),1,,13,[CUDA memset]
20874845044,50976,446116,,,,,,,,,,1.235,24225.896,Pinned,Device,NVIDIA A100-SXM4-40GB MIG 4g.20gb (0),1,,13,[CUDA memcpy Host-to-Device]
20874898772,9664,446117,,,,,,,,,,0.197,20344.209,Pinned,Device,NVIDIA A100-SXM4-40GB MIG 4g.20gb (0),1,,13,[CUDA memcpy Host-to-Device]
20874940659,14656,446118,69,4,1,48,1,1,76,0.002,0.000,,,,,NVIDIA A100-SXM4-40GB MIG 4g.20gb (0),1,,13,"void ch_est::windowedChEstPreNoDftSOfdmKernel<float, __half, float, (unsigned int)2, (unsigned int)1, (unsigned short)4>(ch_est::puschRxChEstStatDescr_t *, ch_est::puschRxChEstDynDescr_t *)"
20875008019,21055,446119,137,2,1,24,2,1,44,0.001,0.001,,,,,NVIDIA A100-SXM4-40GB MIG 4g.20gb (0),1,,13,"void ch_est::chEstFilterNoDftSOfdmDispatchKernel<float, __half, float, (unsigned int)2>(ch_est::puschRxChEstStatDescr_t *, ch_est::puschRxChEstDynDescr_t *)"
20875054450,13984,446120,137,2,1,24,2,1,44,0.001,0.001,,,,,NVIDIA A100-SXM4-40GB MIG 4g.20gb (0),1,,13,"void ch_est::chEstFilterNoDftSOfdmDispatchKernel<float, __half, float, (unsigned int)2>(ch_est::puschRxChEstStatDescr_t *, ch_est::puschRxChEstDynDescr_t *)"
20875232880,3872,446131,103,1,1,128,1,1,16,0.000,0.000,,,,,NVIDIA A100-SXM4-40GB MIG 4g.20gb (0),1,,13,cupy_copy__complex64_complex64
20875419374,20288,446141,1434,1,1,128,1,1,16,0.000,0.000,,,,,NVIDIA A100-SXM4-40GB MIG 4g.20gb (0),1,,13,cupy_copy__complex64_complex64
20875531117,10464,446148,103,1,1,128,1,1,16,0.000,0.000,,,,,NVIDIA A100-SXM4-40GB MIG 4g.20gb (0),1,,13,cupy_copy__complex64_complex64
20875593932,293661,446155,1,1,1,32,32,1,30,0.000,0.000,,,,,NVIDIA A100-SXM4-40GB MIG 4g.20gb (0),1,,13,"void convert_kernel<__half2, float2>(tensor_layout_any, T1 *, tensor_layout_any, const T2 *)"
20875917768,5472,446158,,,,,,,,,,0.094,17122.757,Pinned,Device,NVIDIA A100-SXM4-40GB MIG 4g.20gb (0),1,,13,[CUDA memcpy Host-to-Device]
20876246725,64543,446159,,,,,,,,,,35.810,554803.091,Device,,NVIDIA A100-SXM4-40GB MIG 4g.20gb (0),1,,13,[CUDA memset]
20876312004,2464,446161,,,,,,,,,,0.000,32.468,Pinned,Device,NVIDIA A100-SXM4-40GB MIG 4g.20gb (0),1,,13,[CUDA memcpy Host-to-Device]
20876316964,9504,446162,,,,,,,,,,0.197,20686.701,Pinned,Device,NVIDIA A100-SXM4-40GB MIG 4g.20gb (0),1,,13,[CUDA memcpy Host-to-Device]
20876470786,22656,446163,273,1,1,48,1,1,40,0.000,0.001,,,,,NVIDIA A100-SXM4-40GB MIG 4g.20gb (0),1,,13,"void pusch_noise_intf_est::noiseIntfEstNoDftSOfdmKernel<float, __half, float, float, (unsigned int)2, (unsigned int)1, (unsigned char)4, (unsigned char)4>(pusch_noise_intf_est::puschRxNoiseIntfEstDynDescr)"
20876539393,7424,446174,35,1,1,128,1,1,16,0.000,0.000,,,,,NVIDIA A100-SXM4-40GB MIG 4g.20gb (0),1,,13,cupy_copy__complex64_complex64
20876608961,4320,446183,1,1,1,1,1,1,18,0.000,0.000,,,,,NVIDIA A100-SXM4-40GB MIG 4g.20gb (0),1,,13,cupy_copy__float32_float32
20876616161,1920,446189,,,,,,,,,,0.000,2.083,Device,Pageable,NVIDIA A100-SXM4-40GB MIG 4g.20gb (0),1,,7,[CUDA memcpy Device-to-Host]
20876678688,20960,446200,1434,1,1,128,1,1,16,0.000,0.000,,,,,NVIDIA A100-SXM4-40GB MIG 4g.20gb (0),1,,13,cupy_copy__complex64_complex64
20876729983,10144,446207,103,1,1,128,1,1,16,0.000,0.000,,,,,NVIDIA A100-SXM4-40GB MIG 4g.20gb (0),1,,13,cupy_copy__complex64_complex64
20876744159,2912,446214,35,1,1,128,1,1,16,0.000,0.000,,,,,NVIDIA A100-SXM4-40GB MIG 4g.20gb (0),1,,13,cupy_copy__complex64_complex64
20876908317,3648,446221,1,1,1,1,1,1,18,0.000,0.000,,,,,NVIDIA A100-SXM4-40GB MIG 4g.20gb (0),1,,13,cupy_copy__float32_float32
20877013148,367260,446232,1,1,1,32,32,1,30,0.000,0.000,,,,,NVIDIA A100-SXM4-40GB MIG 4g.20gb (0),1,,13,"void convert_kernel<__half2, float2>(tensor_layout_any, T1 *, tensor_layout_any, const T2 *)"
20877410104,5408,446235,,,,,,,,,,0.094,17325.421,Pinned,Device,NVIDIA A100-SXM4-40GB MIG 4g.20gb (0),1,,13,[CUDA memcpy Host-to-Device]
20877519735,5791,446236,,,,,,,,,,1.547,267072.579,Device,,NVIDIA A100-SXM4-40GB MIG 4g.20gb (0),1,,13,[CUDA memset]
20877533334,3168,446241,,,,,,,,,,0.031,9878.770,Pinned,Device,NVIDIA A100-SXM4-40GB MIG 4g.20gb (0),1,,13,[CUDA memcpy Host-to-Device]
20877539222,10208,446242,,,,,,,,,,0.197,19260.113,Pinned,Device,NVIDIA A100-SXM4-40GB MIG 4g.20gb (0),1,,13,[CUDA memcpy Host-to-Device]
20877581686,17888,446243,273,1,1,8,4,1,39,0.002,0.000,,,,,NVIDIA A100-SXM4-40GB MIG 4g.20gb (0),1,,13,"void channel_eq::eqMmseCoefCompLowMimoKernel<float, float, float, (unsigned int)4, (unsigned int)1, (unsigned int)4>(const channel_eq::_puschRxChEqStatDescr *, channel_eq::_puschRxChEqCoefCompDynDescr)"
20877631861,29120,446244,273,1,1,12,11,1,51,0.002,0.000,,,,,NVIDIA A100-SXM4-40GB MIG 4g.20gb (0),1,,13,"void channel_eq::eqMmseSoftDemapKernel<float, __half, __half, float, (unsigned int)4, (unsigned short)16383>(channel_eq::_puschRxChEqStatDescr *, channel_eq::_puschRxChEqSoftDemapDynDescr)"
20877701940,830679,446245,1,1,1,32,32,1,30,0.000,0.000,,,,,NVIDIA A100-SXM4-40GB MIG 4g.20gb (0),1,,13,"void convert_kernel<float2, __half2>(tensor_layout_any, T1 *, tensor_layout_any, const T2 *)"
20878556651,14560,446257,2253,1,1,128,1,1,16,0.000,0.000,,,,,NVIDIA A100-SXM4-40GB MIG 4g.20gb (0),1,,13,cupy_copy__float16_float16
20878611402,7648,446266,282,1,1,128,1,1,16,0.000,0.000,,,,,NVIDIA A100-SXM4-40GB MIG 4g.20gb (0),1,,13,cupy_copy__complex64_complex64
20878620394,2912,446275,26,1,1,128,1,1,16,0.000,0.000,,,,,NVIDIA A100-SXM4-40GB MIG 4g.20gb (0),1,,13,cupy_copy__float32_float32
20878664010,6688,446284,103,1,1,128,1,1,16,0.000,0.000,,,,,NVIDIA A100-SXM4-40GB MIG 4g.20gb (0),1,,13,cupy_copy__complex64_complex64
20878673002,14719,446294,1434,1,1,128,1,1,16,0.000,0.000,,,,,NVIDIA A100-SXM4-40GB MIG 4g.20gb (0),1,,13,cupy_copy__complex64_complex64
20878721449,344092,446299,1,1,1,32,32,1,30,0.000,0.000,,,,,NVIDIA A100-SXM4-40GB MIG 4g.20gb (0),1,,13,"void convert_kernel<__half2, float2>(tensor_layout_any, T1 *, tensor_layout_any, const T2 *)"
20879099653,6048,446302,,,,,,,,,,0.094,15491.978,Pinned,Device,NVIDIA A100-SXM4-40GB MIG 4g.20gb (0),1,,13,[CUDA memcpy Host-to-Device]
20879112965,612857,446303,,,,,,,,,,456.561,744651.709,Device,,NVIDIA A100-SXM4-40GB MIG 4g.20gb (0),1,,13,[CUDA memset]
20879729438,52575,446308,,,,,,,,,,1.235,23488.635,Pinned,Device,NVIDIA A100-SXM4-40GB MIG 4g.20gb (0),1,,13,[CUDA memcpy Host-to-Device]
20879784733,9856,446309,,,,,,,,,,0.197,19948.044,Pinned,Device,NVIDIA A100-SXM4-40GB MIG 4g.20gb (0),1,,13,[CUDA memcpy Host-to-Device]
20879825405,15968,446310,69,4,1,48,1,1,76,0.002,0.000,,,,,NVIDIA A100-SXM4-40GB MIG 4g.20gb (0),1,,13,"void ch_est::windowedChEstPreNoDftSOfdmKernel<float, __half, float, (unsigned int)2, (unsigned int)1, (unsigned short)4>(ch_est::puschRxChEstStatDescr_t *, ch_est::puschRxChEstDynDescr_t *)"
20879885788,14208,446311,137,2,1,24,2,1,44,0.001,0.001,,,,,NVIDIA A100-SXM4-40GB MIG 4g.20gb (0),1,,13,"void ch_est::chEstFilterNoDftSOfdmDispatchKernel<float, __half, float, (unsigned int)2>(ch_est::puschRxChEstStatDescr_t *, ch_est::puschRxChEstDynDescr_t *)"
20879942140,15455,446312,137,2,1,24,2,1,44,0.001,0.001,,,,,NVIDIA A100-SXM4-40GB MIG 4g.20gb (0),1,,13,"void ch_est::chEstFilterNoDftSOfdmDispatchKernel<float, __half, float, (unsigned int)2>(ch_est::puschRxChEstStatDescr_t *, ch_est::puschRxChEstDynDescr_t *)"
20879999739,9760,446323,103,1,1,128,1,1,16,0.000,0.000,,,,,NVIDIA A100-SXM4-40GB MIG 4g.20gb (0),1,,13,cupy_copy__complex64_complex64
20880012987,14144,446333,1434,1,1,128,1,1,16,0.000,0.000,,,,,NVIDIA A100-SXM4-40GB MIG 4g.20gb (0),1,,13,cupy_copy__complex64_complex64
20880060634,10208,446340,103,1,1,128,1,1,16,0.000,0.000,,,,,NVIDIA A100-SXM4-40GB MIG 4g.20gb (0),1,,13,cupy_copy__complex64_complex64
20880074010,338908,446347,1,1,1,32,32,1,30,0.000,0.000,,,,,NVIDIA A100-SXM4-40GB MIG 4g.20gb (0),1,,13,"void convert_kernel<__half2, float2>(tensor_layout_any, T1 *, tensor_layout_any, const T2 *)"
20880449942,5376,446350,,,,,,,,,,0.094,17428.487,Pinned,Device,NVIDIA A100-SXM4-40GB MIG 4g.20gb (0),1,,13,[CUDA memcpy Host-to-Device]
20880463670,47839,446351,,,,,,,,,,35.810,748534.758,Device,,NVIDIA A100-SXM4-40GB MIG 4g.20gb (0),1,,13,[CUDA memset]
20880530453,2080,446353,,,,,,,,,,0.000,38.462,Pinned,Device,NVIDIA A100-SXM4-40GB MIG 4g.20gb (0),1,,13,[CUDA memcpy Host-to-Device]
20880535157,9472,446354,,,,,,,,,,0.197,20756.693,Pinned,Device,NVIDIA A100-SXM4-40GB MIG 4g.20gb (0),1,,13,[CUDA memcpy Host-to-Device]
20880548565,8800,446355,273,1,1,48,1,1,40,0.000,0.001,,,,,NVIDIA A100-SXM4-40GB MIG 4g.20gb (0),1,,13,"void pusch_noise_intf_est::noiseIntfEstNoDftSOfdmKernel<float, __half, float, float, (unsigned int)2, (unsigned int)1, (unsigned char)4, (unsigned char)4>(pusch_noise_intf_est::puschRxNoiseIntfEstDynDescr)"
20880558901,2880,446366,35,1,1,128,1,1,16,0.000,0.000,,,,,NVIDIA A100-SXM4-40GB MIG 4g.20gb (0),1,,13,cupy_copy__complex64_complex64
20880571956,1856,446375,1,1,1,1,1,1,18,0.000,0.000,,,,,NVIDIA A100-SXM4-40GB MIG 4g.20gb (0),1,,13,cupy_copy__float32_float32
20880607828,1600,446381,,,,,,,,,,0.000,2.500,Device,Pageable,NVIDIA A100-SXM4-40GB MIG 4g.20gb (0),1,,7,[CUDA memcpy Device-to-Host]
20880668563,13088,446392,1434,1,1,128,1,1,16,0.000,0.000,,,,,NVIDIA A100-SXM4-40GB MIG 4g.20gb (0),1,,13,cupy_copy__complex64_complex64
20880694899,2784,446399,103,1,1,128,1,1,16,0.000,0.000,,,,,NVIDIA A100-SXM4-40GB MIG 4g.20gb (0),1,,13,cupy_copy__complex64_complex64
20880714611,2208,446406,35,1,1,128,1,1,16,0.000,0.000,,,,,NVIDIA A100-SXM4-40GB MIG 4g.20gb (0),1,,13,cupy_copy__complex64_complex64
20880732467,1856,446413,1,1,1,1,1,1,18,0.000,0.000,,,,,NVIDIA A100-SXM4-40GB MIG 4g.20gb (0),1,,13,cupy_copy__float32_float32
20880869713,79807,446424,1,1,1,32,32,1,30,0.000,0.000,,,,,NVIDIA A100-SXM4-40GB MIG 4g.20gb (0),1,,13,"void convert_kernel<__half2, float2>(tensor_layout_any, T1 *, tensor_layout_any, const T2 *)"
20880978960,5696,446427,,,,,,,,,,0.094,16449.363,Pinned,Device,NVIDIA A100-SXM4-40GB MIG 4g.20gb (0),1,,13,[CUDA memcpy Host-to-Device]
20880992752,3168,446428,,,,,,,,,,1.547,488201.145,Device,,NVIDIA A100-SXM4-40GB MIG 4g.20gb (0),1,,13,[CUDA memset]
20880999120,3008,446433,,,,,,,,,,0.031,10404.230,Pinned,Device,NVIDIA A100-SXM4-40GB MIG 4g.20gb (0),1,,13,[CUDA memcpy Host-to-Device]
20881006000,10272,446434,,,,,,,,,,0.197,19140.182,Pinned,Device,NVIDIA A100-SXM4-40GB MIG 4g.20gb (0),1,,13,[CUDA memcpy Host-to-Device]
20881021711,6304,446435,273,1,1,8,4,1,39,0.002,0.000,,,,,NVIDIA A100-SXM4-40GB MIG 4g.20gb (0),1,,13,"void channel_eq::eqMmseCoefCompLowMimoKernel<float, float, float, (unsigned int)4, (unsigned int)1, (unsigned int)4>(const channel_eq::_puschRxChEqStatDescr *, channel_eq::_puschRxChEqCoefCompDynDescr)"
20881029999,6304,446436,273,1,1,12,11,1,51,0.002,0.000,,,,,NVIDIA A100-SXM4-40GB MIG 4g.20gb (0),1,,13,"void channel_eq::eqMmseSoftDemapKernel<float, __half, __half, float, (unsigned int)4, (unsigned short)16383>(channel_eq::_puschRxChEqStatDescr *, channel_eq::_puschRxChEqSoftDemapDynDescr)"
20881058895,407612,446437,1,1,1,32,32,1,30,0.000,0.000,,,,,NVIDIA A100-SXM4-40GB MIG 4g.20gb (0),1,,13,"void convert_kernel<float2, __half2>(tensor_layout_any, T1 *, tensor_layout_any, const T2 *)"
20881479786,14720,446449,2253,1,1,128,1,1,16,0.000,0.000,,,,,NVIDIA A100-SXM4-40GB MIG 4g.20gb (0),1,,13,cupy_copy__float16_float16
20881506122,9056,446458,282,1,1,128,1,1,16,0.000,0.000,,,,,NVIDIA A100-SXM4-40GB MIG 4g.20gb (0),1,,13,cupy_copy__complex64_complex64
20881586857,4384,446467,26,1,1,128,1,1,16,0.000,0.000,,,,,NVIDIA A100-SXM4-40GB MIG 4g.20gb (0),1,,13,cupy_copy__float32_float32
20881601865,3840,446476,103,1,1,128,1,1,16,0.000,0.000,,,,,NVIDIA A100-SXM4-40GB MIG 4g.20gb (0),1,,13,cupy_copy__complex64_complex64
20881675944,17568,446486,1434,1,1,128,1,1,16,0.000,0.000,,,,,NVIDIA A100-SXM4-40GB MIG 4g.20gb (0),1,,13,cupy_copy__complex64_complex64
20881695592,151102,446491,1,1,1,32,32,1,30,0.000,0.000,,,,,NVIDIA A100-SXM4-40GB MIG 4g.20gb (0),1,,13,"void convert_kernel<__half2, float2>(tensor_layout_any, T1 *, tensor_layout_any, const T2 *)"
20881875110,7232,446494,,,,,,,,,,0.094,12955.721,Pinned,Device,NVIDIA A100-SXM4-40GB MIG 4g.20gb (0),1,,13,[CUDA memcpy Host-to-Device]
20881948805,608889,446495,,,,,,,,,,456.561,749673.884,Device,,NVIDIA A100-SXM4-40GB MIG 4g.20gb (0),1,,13,[CUDA memset]
20882560414,51200,446500,,,,,,,,,,1.235,24119.691,Pinned,Device,NVIDIA A100-SXM4-40GB MIG 4g.20gb (0),1,,13,[CUDA memcpy Host-to-Device]
20882614718,11328,446501,,,,,,,,,,0.197,17355.768,Pinned,Device,NVIDIA A100-SXM4-40GB MIG 4g.20gb (0),1,,13,[CUDA memcpy Host-to-Device]
20882632925,8544,446502,69,4,1,48,1,1,76,0.002,0.000,,,,,NVIDIA A100-SXM4-40GB MIG 4g.20gb (0),1,,13,"void ch_est::windowedChEstPreNoDftSOfdmKernel<float, __half, float, (unsigned int)2, (unsigned int)1, (unsigned short)4>(ch_est::puschRxChEstStatDescr_t *, ch_est::puschRxChEstDynDescr_t *)"
20882714109,21887,446503,137,2,1,24,2,1,44,0.001,0.001,,,,,NVIDIA A100-SXM4-40GB MIG 4g.20gb (0),1,,13,"void ch_est::chEstFilterNoDftSOfdmDispatchKernel<float, __half, float, (unsigned int)2>(ch_est::puschRxChEstStatDescr_t *, ch_est::puschRxChEstDynDescr_t *)"
20882738044,9536,446504,137,2,1,24,2,1,44,0.001,0.001,,,,,NVIDIA A100-SXM4-40GB MIG 4g.20gb (0),1,,13,"void ch_est::chEstFilterNoDftSOfdmDispatchKernel<float, __half, float, (unsigned int)2>(ch_est::puschRxChEstStatDescr_t *, ch_est::puschRxChEstDynDescr_t *)"
20882811644,4799,446515,103,1,1,128,1,1,16,0.000,0.000,,,,,NVIDIA A100-SXM4-40GB MIG 4g.20gb (0),1,,13,cupy_copy__complex64_complex64
20882818715,16608,446525,1434,1,1,128,1,1,16,0.000,0.000,,,,,NVIDIA A100-SXM4-40GB MIG 4g.20gb (0),1,,13,cupy_copy__complex64_complex64
20882908282,5184,446532,103,1,1,128,1,1,16,0.000,0.000,,,,,NVIDIA A100-SXM4-40GB MIG 4g.20gb (0),1,,13,cupy_copy__complex64_complex64
20882922586,226910,446539,1,1,1,32,32,1,30,0.000,0.000,,,,,NVIDIA A100-SXM4-40GB MIG 4g.20gb (0),1,,13,"void convert_kernel<__half2, float2>(tensor_layout_any, T1 *, tensor_layout_any, const T2 *)"
20883179319,5408,446542,,,,,,,,,,0.094,17325.421,Pinned,Device,NVIDIA A100-SXM4-40GB MIG 4g.20gb (0),1,,13,[CUDA memcpy Host-to-Device]
20883194359,60480,446543,,,,,,,,,,35.810,592081.217,Device,,NVIDIA A100-SXM4-40GB MIG 4g.20gb (0),1,,13,[CUDA memset]
20883260055,1855,446545,,,,,,,,,,0.000,43.127,Pinned,Device,NVIDIA A100-SXM4-40GB MIG 4g.20gb (0),1,,13,[CUDA memcpy Host-to-Device]
20883264374,9664,446546,,,,,,,,,,0.197,20344.209,Pinned,Device,NVIDIA A100-SXM4-40GB MIG 4g.20gb (0),1,,13,[CUDA memcpy Host-to-Device]
20883278230,11488,446547,273,1,1,48,1,1,40,0.000,0.001,,,,,NVIDIA A100-SXM4-40GB MIG 4g.20gb (0),1,,13,"void pusch_noise_intf_est::noiseIntfEstNoDftSOfdmKernel<float, __half, float, float, (unsigned int)2, (unsigned int)1, (unsigned char)4, (unsigned char)4>(pusch_noise_intf_est::puschRxNoiseIntfEstDynDescr)"
20883291638,2976,446558,35,1,1,128,1,1,16,0.000,0.000,,,,,NVIDIA A100-SXM4-40GB MIG 4g.20gb (0),1,,13,cupy_copy__complex64_complex64
20883299382,1984,446567,1,1,1,1,1,1,18,0.000,0.000,,,,,NVIDIA A100-SXM4-40GB MIG 4g.20gb (0),1,,13,cupy_copy__float32_float32
20883333974,1600,446573,,,,,,,,,,0.000,2.500,Device,Pageable,NVIDIA A100-SXM4-40GB MIG 4g.20gb (0),1,,7,[CUDA memcpy Device-to-Host]
20883512500,14464,446584,1434,1,1,128,1,1,16,0.000,0.000,,,,,NVIDIA A100-SXM4-40GB MIG 4g.20gb (0),1,,13,cupy_copy__complex64_complex64
20883529587,3520,446591,103,1,1,128,1,1,16,0.000,0.000,,,,,NVIDIA A100-SXM4-40GB MIG 4g.20gb (0),1,,13,cupy_copy__complex64_complex64
20883535027,2784,446598,35,1,1,128,1,1,16,0.000,0.000,,,,,NVIDIA A100-SXM4-40GB MIG 4g.20gb (0),1,,13,cupy_copy__complex64_complex64
20883540243,2304,446605,1,1,1,1,1,1,18,0.000,0.000,,,,,NVIDIA A100-SXM4-40GB MIG 4g.20gb (0),1,,13,cupy_copy__float32_float32
20883596499,79679,446616,1,1,1,32,32,1,30,0.000,0.000,,,,,NVIDIA A100-SXM4-40GB MIG 4g.20gb (0),1,,13,"void convert_kernel<__half2, float2>(tensor_layout_any, T1 *, tensor_layout_any, const T2 *)"
20883704594,5567,446619,,,,,,,,,,0.094,16830.519,Pinned,Device,NVIDIA A100-SXM4-40GB MIG 4g.20gb (0),1,,13,[CUDA memcpy Host-to-Device]
20883719409,3232,446620,,,,,,,,,,1.547,478533.199,Device,,NVIDIA A100-SXM4-40GB MIG 4g.20gb (0),1,,13,[CUDA memset]
20883725969,3040,446625,,,,,,,,,,0.031,10294.725,Pinned,Device,NVIDIA A100-SXM4-40GB MIG 4g.20gb (0),1,,13,[CUDA memcpy Host-to-Device]
20883731121,9312,446626,,,,,,,,,,0.197,21113.340,Pinned,Device,NVIDIA A100-SXM4-40GB MIG 4g.20gb (0),1,,13,[CUDA memcpy Host-to-Device]
20883744369,6048,446627,273,1,1,8,4,1,39,0.002,0.000,,,,,NVIDIA A100-SXM4-40GB MIG 4g.20gb (0),1,,13,"void channel_eq::eqMmseCoefCompLowMimoKernel<float, float, float, (unsigned int)4, (unsigned int)1, (unsigned int)4>(const channel_eq::_puschRxChEqStatDescr *, channel_eq::_puschRxChEqCoefCompDynDescr)"
20883752209,5952,446628,273,1,1,12,11,1,51,0.002,0.000,,,,,NVIDIA A100-SXM4-40GB MIG 4g.20gb (0),1,,13,"void channel_eq::eqMmseSoftDemapKernel<float, __half, __half, float, (unsigned int)4, (unsigned short)16383>(channel_eq::_puschRxChEqStatDescr *, channel_eq::_puschRxChEqSoftDemapDynDescr)"
20883759569,281789,446629,1,1,1,32,32,1,30,0.000,0.000,,,,,NVIDIA A100-SXM4-40GB MIG 4g.20gb (0),1,,13,"void convert_kernel<float2, __half2>(tensor_layout_any, T1 *, tensor_layout_any, const T2 *)"
20884043150,10560,446641,2253,1,1,128,1,1,16,0.000,0.000,,,,,NVIDIA A100-SXM4-40GB MIG 4g.20gb (0),1,,13,cupy_copy__float16_float16
20884055118,2848,446650,282,1,1,128,1,1,16,0.000,0.000,,,,,NVIDIA A100-SXM4-40GB MIG 4g.20gb (0),1,,13,cupy_copy__complex64_complex64
20884060430,2080,446659,26,1,1,128,1,1,16,0.000,0.000,,,,,NVIDIA A100-SXM4-40GB MIG 4g.20gb (0),1,,13,cupy_copy__float32_float32
20884064494,2879,446668,103,1,1,128,1,1,16,0.000,0.000,,,,,NVIDIA A100-SXM4-40GB MIG 4g.20gb (0),1,,13,cupy_copy__complex64_complex64
20884069677,11584,446678,1434,1,1,128,1,1,16,0.000,0.000,,,,,NVIDIA A100-SXM4-40GB MIG 4g.20gb (0),1,,13,cupy_copy__complex64_complex64
20884119437,79935,446683,1,1,1,32,32,1,30,0.000,0.000,,,,,NVIDIA A100-SXM4-40GB MIG 4g.20gb (0),1,,13,"void convert_kernel<__half2, float2>(tensor_layout_any, T1 *, tensor_layout_any, const T2 *)"
20884228364,5344,446686,,,,,,,,,,0.094,17532.864,Pinned,Device,NVIDIA A100-SXM4-40GB MIG 4g.20gb (0),1,,13,[CUDA memcpy Host-to-Device]
20884237804,602393,446687,,,,,,,,,,456.561,757891.990,Device,,NVIDIA A100-SXM4-40GB MIG 4g.20gb (0),1,,13,[CUDA memset]
20884846725,48959,446692,,,,,,,,,,1.235,25223.731,Pinned,Device,NVIDIA A100-SXM4-40GB MIG 4g.20gb (0),1,,13,[CUDA memcpy Host-to-Device]
20884898084,9344,446693,,,,,,,,,,0.197,21040.988,Pinned,Device,NVIDIA A100-SXM4-40GB MIG 4g.20gb (0),1,,13,[CUDA memcpy Host-to-Device]
20884911300,7424,446694,69,4,1,48,1,1,76,0.002,0.000,,,,,NVIDIA A100-SXM4-40GB MIG 4g.20gb (0),1,,13,"void ch_est::windowedChEstPreNoDftSOfdmKernel<float, __half, float, (unsigned int)2, (unsigned int)1, (unsigned short)4>(ch_est::puschRxChEstStatDescr_t *, ch_est::puschRxChEstDynDescr_t *)"
20884920836,6752,446695,137,2,1,24,2,1,44,0.001,0.001,,,,,NVIDIA A100-SXM4-40GB MIG 4g.20gb (0),1,,13,"void ch_est::chEstFilterNoDftSOfdmDispatchKernel<float, __half, float, (unsigned int)2>(ch_est::puschRxChEstStatDescr_t *, ch_est::puschRxChEstDynDescr_t *)"
20884929700,5056,446696,137,2,1,24,2,1,44,0.001,0.001,,,,,NVIDIA A100-SXM4-40GB MIG 4g.20gb (0),1,,13,"void ch_est::chEstFilterNoDftSOfdmDispatchKernel<float, __half, float, (unsigned int)2>(ch_est::puschRxChEstStatDescr_t *, ch_est::puschRxChEstDynDescr_t *)"
20884936996,2464,446707,103,1,1,128,1,1,16,0.000,0.000,,,,,NVIDIA A100-SXM4-40GB MIG 4g.20gb (0),1,,13,cupy_copy__complex64_complex64
20884941060,12960,446717,1434,1,1,128,1,1,16,0.000,0.000,,,,,NVIDIA A100-SXM4-40GB MIG 4g.20gb (0),1,,13,cupy_copy__complex64_complex64
20884955908,2496,446724,103,1,1,128,1,1,16,0.000,0.000,,,,,NVIDIA A100-SXM4-40GB MIG 4g.20gb (0),1,,13,cupy_copy__complex64_complex64
20884959908,79039,446731,1,1,1,32,32,1,30,0.000,0.000,,,,,NVIDIA A100-SXM4-40GB MIG 4g.20gb (0),1,,13,"void convert_kernel<__half2, float2>(tensor_layout_any, T1 *, tensor_layout_any, const T2 *)"
20885067618,5664,446734,,,,,,,,,,0.094,16542.310,Pinned,Device,NVIDIA A100-SXM4-40GB MIG 4g.20gb (0),1,,13,[CUDA memcpy Host-to-Device]
20885079202,46592,446735,,,,,,,,,,35.810,768552.503,Device,,NVIDIA A100-SXM4-40GB MIG 4g.20gb (0),1,,13,[CUDA memset]
20885132418,1824,446737,,,,,,,,,,0.000,43.860,Pinned,Device,NVIDIA A100-SXM4-40GB MIG 4g.20gb (0),1,,13,[CUDA memcpy Host-to-Device]
20885136674,9823,446738,,,,,,,,,,0.197,20014.891,Pinned,Device,NVIDIA A100-SXM4-40GB MIG 4g.20gb (0),1,,13,[CUDA memcpy Host-to-Device]
20885151361,8800,446739,273,1,1,48,1,1,40,0.000,0.001,,,,,NVIDIA A100-SXM4-40GB MIG 4g.20gb (0),1,,13,"void pusch_noise_intf_est::noiseIntfEstNoDftSOfdmKernel<float, __half, float, float, (unsigned int)2, (unsigned int)1, (unsigned char)4, (unsigned char)4>(pusch_noise_intf_est::puschRxNoiseIntfEstDynDescr)"
20885162145,2976,446750,35,1,1,128,1,1,16,0.000,0.000,,,,,NVIDIA A100-SXM4-40GB MIG 4g.20gb (0),1,,13,cupy_copy__complex64_complex64
20885184961,1888,446759,1,1,1,1,1,1,18,0.000,0.000,,,,,NVIDIA A100-SXM4-40GB MIG 4g.20gb (0),1,,13,cupy_copy__float32_float32
20885219585,1600,446765,,,,,,,,,,0.000,2.500,Device,Pageable,NVIDIA A100-SXM4-40GB MIG 4g.20gb (0),1,,7,[CUDA memcpy Device-to-Host]
20885279008,13632,446776,1434,1,1,128,1,1,16,0.000,0.000,,,,,NVIDIA A100-SXM4-40GB MIG 4g.20gb (0),1,,13,cupy_copy__complex64_complex64
20885305120,2848,446783,103,1,1,128,1,1,16,0.000,0.000,,,,,NVIDIA A100-SXM4-40GB MIG 4g.20gb (0),1,,13,cupy_copy__complex64_complex64
20885324863,2176,446790,35,1,1,128,1,1,16,0.000,0.000,,,,,NVIDIA A100-SXM4-40GB MIG 4g.20gb (0),1,,13,cupy_copy__complex64_complex64
20885343295,1888,446797,1,1,1,1,1,1,18,0.000,0.000,,,,,NVIDIA A100-SXM4-40GB MIG 4g.20gb (0),1,,13,cupy_copy__float32_float32
20885477886,370652,446808,1,1,1,32,32,1,30,0.000,0.000,,,,,NVIDIA A100-SXM4-40GB MIG 4g.20gb (0),1,,13,"void convert_kernel<__half2, float2>(tensor_layout_any, T1 *, tensor_layout_any, const T2 *)"
20885878649,6592,446811,,,,,,,,,,0.094,14213.590,Pinned,Device,NVIDIA A100-SXM4-40GB MIG 4g.20gb (0),1,,13,[CUDA memcpy Host-to-Device]
20885897177,4224,446812,,,,,,,,,,1.547,366150.859,Device,,NVIDIA A100-SXM4-40GB MIG 4g.20gb (0),1,,13,[CUDA memset]
20885908665,3872,446817,,,,,,,,,,0.031,8082.630,Pinned,Device,NVIDIA A100-SXM4-40GB MIG 4g.20gb (0),1,,13,[CUDA memcpy Host-to-Device]
20885915609,10048,446818,,,,,,,,,,0.197,19566.821,Pinned,Device,NVIDIA A100-SXM4-40GB MIG 4g.20gb (0),1,,13,[CUDA memcpy Host-to-Device]
20885955992,18912,446819,273,1,1,8,4,1,39,0.002,0.000,,,,,NVIDIA A100-SXM4-40GB MIG 4g.20gb (0),1,,13,"void channel_eq::eqMmseCoefCompLowMimoKernel<float, float, float, (unsigned int)4, (unsigned int)1, (unsigned int)4>(const channel_eq::_puschRxChEqStatDescr *, channel_eq::_puschRxChEqCoefCompDynDescr)"
20886054647,13024,446820,273,1,1,12,11,1,51,0.002,0.000,,,,,NVIDIA A100-SXM4-40GB MIG 4g.20gb (0),1,,13,"void channel_eq::eqMmseSoftDemapKernel<float, __half, __half, float, (unsigned int)4, (unsigned short)16383>(channel_eq::_puschRxChEqStatDescr *, channel_eq::_puschRxChEqSoftDemapDynDescr)"
20886158966,922742,446821,1,1,1,32,32,1,30,0.000,0.000,,,,,NVIDIA A100-SXM4-40GB MIG 4g.20gb (0),1,,13,"void convert_kernel<float2, __half2>(tensor_layout_any, T1 *, tensor_layout_any, const T2 *)"
20887083564,11840,446833,2253,1,1,128,1,1,16,0.000,0.000,,,,,NVIDIA A100-SXM4-40GB MIG 4g.20gb (0),1,,13,cupy_copy__float16_float16
20887097228,3584,446842,282,1,1,128,1,1,16,0.000,0.000,,,,,NVIDIA A100-SXM4-40GB MIG 4g.20gb (0),1,,13,cupy_copy__complex64_complex64
20887103212,2272,446851,26,1,1,128,1,1,16,0.000,0.000,,,,,NVIDIA A100-SXM4-40GB MIG 4g.20gb (0),1,,13,cupy_copy__float32_float32
20887106796,3168,446860,103,1,1,128,1,1,16,0.000,0.000,,,,,NVIDIA A100-SXM4-40GB MIG 4g.20gb (0),1,,13,cupy_copy__complex64_complex64
20887111340,12319,446870,1434,1,1,128,1,1,16,0.000,0.000,,,,,NVIDIA A100-SXM4-40GB MIG 4g.20gb (0),1,,13,cupy_copy__complex64_complex64
20887125995,79711,446875,1,1,1,32,32,1,30,0.000,0.000,,,,,NVIDIA A100-SXM4-40GB MIG 4g.20gb (0),1,,13,"void convert_kernel<__half2, float2>(tensor_layout_any, T1 *, tensor_layout_any, const T2 *)"
20887235050,5472,446878,,,,,,,,,,0.094,17122.757,Pinned,Device,NVIDIA A100-SXM4-40GB MIG 4g.20gb (0),1,,13,[CUDA memcpy Host-to-Device]
20887244874,606809,446879,,,,,,,,,,456.561,751956.692,Device,,NVIDIA A100-SXM4-40GB MIG 4g.20gb (0),1,,13,[CUDA memset]
20887858019,49184,446884,,,,,,,,,,1.235,25107.646,Pinned,Device,NVIDIA A100-SXM4-40GB MIG 4g.20gb (0),1,,13,[CUDA memcpy Host-to-Device]
20887909635,9344,446885,,,,,,,,,,0.197,21040.988,Pinned,Device,NVIDIA A100-SXM4-40GB MIG 4g.20gb (0),1,,13,[CUDA memcpy Host-to-Device]
20887923266,7008,446886,69,4,1,48,1,1,76,0.002,0.000,,,,,NVIDIA A100-SXM4-40GB MIG 4g.20gb (0),1,,13,"void ch_est::windowedChEstPreNoDftSOfdmKernel<float, __half, float, (unsigned int)2, (unsigned int)1, (unsigned short)4>(ch_est::puschRxChEstStatDescr_t *, ch_est::puschRxChEstDynDescr_t *)"
20887932738,6752,446887,137,2,1,24,2,1,44,0.001,0.001,,,,,NVIDIA A100-SXM4-40GB MIG 4g.20gb (0),1,,13,"void ch_est::chEstFilterNoDftSOfdmDispatchKernel<float, __half, float, (unsigned int)2>(ch_est::puschRxChEstStatDescr_t *, ch_est::puschRxChEstDynDescr_t *)"
20887941378,5024,446888,137,2,1,24,2,1,44,0.001,0.001,,,,,NVIDIA A100-SXM4-40GB MIG 4g.20gb (0),1,,13,"void ch_est::chEstFilterNoDftSOfdmDispatchKernel<float, __half, float, (unsigned int)2>(ch_est::puschRxChEstStatDescr_t *, ch_est::puschRxChEstDynDescr_t *)"
20887947906,2496,446899,103,1,1,128,1,1,16,0.000,0.000,,,,,NVIDIA A100-SXM4-40GB MIG 4g.20gb (0),1,,13,cupy_copy__complex64_complex64
20887951938,12736,446909,1434,1,1,128,1,1,16,0.000,0.000,,,,,NVIDIA A100-SXM4-40GB MIG 4g.20gb (0),1,,13,cupy_copy__complex64_complex64
20887966306,2496,446916,103,1,1,128,1,1,16,0.000,0.000,,,,,NVIDIA A100-SXM4-40GB MIG 4g.20gb (0),1,,13,cupy_copy__complex64_complex64
20887970338,79327,446923,1,1,1,32,32,1,30,0.000,0.000,,,,,NVIDIA A100-SXM4-40GB MIG 4g.20gb (0),1,,13,"void convert_kernel<__half2, float2>(tensor_layout_any, T1 *, tensor_layout_any, const T2 *)"
20888087233,5376,446926,,,,,,,,,,0.094,17428.487,Pinned,Device,NVIDIA A100-SXM4-40GB MIG 4g.20gb (0),1,,13,[CUDA memcpy Host-to-Device]
20888106688,45984,446927,,,,,,,,,,35.810,778722.520,Device,,NVIDIA A100-SXM4-40GB MIG 4g.20gb (0),1,,13,[CUDA memset]
20888154304,1952,446929,,,,,,,,,,0.000,40.984,Pinned,Device,NVIDIA A100-SXM4-40GB MIG 4g.20gb (0),1,,13,[CUDA memcpy Host-to-Device]
20888158880,9408,446930,,,,,,,,,,0.197,20897.858,Pinned,Device,NVIDIA A100-SXM4-40GB MIG 4g.20gb (0),1,,13,[CUDA memcpy Host-to-Device]
20888172160,8864,446931,273,1,1,48,1,1,40,0.000,0.001,,,,,NVIDIA A100-SXM4-40GB MIG 4g.20gb (0),1,,13,"void pusch_noise_intf_est::noiseIntfEstNoDftSOfdmKernel<float, __half, float, float, (unsigned int)2, (unsigned int)1, (unsigned char)4, (unsigned char)4>(pusch_noise_intf_est::puschRxNoiseIntfEstDynDescr)"
20888200319,2944,446942,35,1,1,128,1,1,16,0.000,0.000,,,,,NVIDIA A100-SXM4-40GB MIG 4g.20gb (0),1,,13,cupy_copy__complex64_complex64
20888235871,1888,446951,1,1,1,1,1,1,18,0.000,0.000,,,,,NVIDIA A100-SXM4-40GB MIG 4g.20gb (0),1,,13,cupy_copy__float32_float32
20888269535,1568,446957,,,,,,,,,,0.000,2.551,Device,Pageable,NVIDIA A100-SXM4-40GB MIG 4g.20gb (0),1,,7,[CUDA memcpy Device-to-Host]
20888328638,13632,446968,1434,1,1,128,1,1,16,0.000,0.000,,,,,NVIDIA A100-SXM4-40GB MIG 4g.20gb (0),1,,13,cupy_copy__complex64_complex64
20888355486,2720,446975,103,1,1,128,1,1,16,0.000,0.000,,,,,NVIDIA A100-SXM4-40GB MIG 4g.20gb (0),1,,13,cupy_copy__complex64_complex64
20888376573,2144,446982,35,1,1,128,1,1,16,0.000,0.000,,,,,NVIDIA A100-SXM4-40GB MIG 4g.20gb (0),1,,13,cupy_copy__complex64_complex64
20888394365,1856,446989,1,1,1,1,1,1,18,0.000,0.000,,,,,NVIDIA A100-SXM4-40GB MIG 4g.20gb (0),1,,13,cupy_copy__float32_float32
20888531580,79359,447000,1,1,1,32,32,1,30,0.000,0.000,,,,,NVIDIA A100-SXM4-40GB MIG 4g.20gb (0),1,,13,"void convert_kernel<__half2, float2>(tensor_layout_any, T1 *, tensor_layout_any, const T2 *)"
20888638395,5407,447003,,,,,,,,,,0.094,17328.607,Pinned,Device,NVIDIA A100-SXM4-40GB MIG 4g.20gb (0),1,,13,[CUDA memcpy Host-to-Device]
20888652794,3232,447004,,,,,,,,,,1.547,478533.199,Device,,NVIDIA A100-SXM4-40GB MIG 4g.20gb (0),1,,13,[CUDA memset]
20888659642,3488,447009,,,,,,,,,,0.031,8972.469,Pinned,Device,NVIDIA A100-SXM4-40GB MIG 4g.20gb (0),1,,13,[CUDA memcpy Host-to-Device]
20888671610,9472,447010,,,,,,,,,,0.197,20756.693,Pinned,Device,NVIDIA A100-SXM4-40GB MIG 4g.20gb (0),1,,13,[CUDA memcpy Host-to-Device]
20888685914,6240,447011,273,1,1,8,4,1,39,0.002,0.000,,,,,NVIDIA A100-SXM4-40GB MIG 4g.20gb (0),1,,13,"void channel_eq::eqMmseCoefCompLowMimoKernel<float, float, float, (unsigned int)4, (unsigned int)1, (unsigned int)4>(const channel_eq::_puschRxChEqStatDescr *, channel_eq::_puschRxChEqCoefCompDynDescr)"
20888693754,6784,447012,273,1,1,12,11,1,51,0.002,0.000,,,,,NVIDIA A100-SXM4-40GB MIG 4g.20gb (0),1,,13,"void channel_eq::eqMmseSoftDemapKernel<float, __half, __half, float, (unsigned int)4, (unsigned short)16383>(channel_eq::_puschRxChEqStatDescr *, channel_eq::_puschRxChEqSoftDemapDynDescr)"
20888702202,280957,447013,1,1,1,32,32,1,30,0.000,0.000,,,,,NVIDIA A100-SXM4-40GB MIG 4g.20gb (0),1,,13,"void convert_kernel<float2, __half2>(tensor_layout_any, T1 *, tensor_layout_any, const T2 *)"
20888984695,10368,447025,2253,1,1,128,1,1,16,0.000,0.000,,,,,NVIDIA A100-SXM4-40GB MIG 4g.20gb (0),1,,13,cupy_copy__float16_float16
20888996567,2815,447034,282,1,1,128,1,1,16,0.000,0.000,,,,,NVIDIA A100-SXM4-40GB MIG 4g.20gb (0),1,,13,cupy_copy__complex64_complex64
20889001270,2080,447043,26,1,1,128,1,1,16,0.000,0.000,,,,,NVIDIA A100-SXM4-40GB MIG 4g.20gb (0),1,,13,cupy_copy__float32_float32
20889005526,2816,447052,103,1,1,128,1,1,16,0.000,0.000,,,,,NVIDIA A100-SXM4-40GB MIG 4g.20gb (0),1,,13,cupy_copy__complex64_complex64
20889010422,11328,447062,1434,1,1,128,1,1,16,0.000,0.000,,,,,NVIDIA A100-SXM4-40GB MIG 4g.20gb (0),1,,13,cupy_copy__complex64_complex64
20889043638,78879,447067,1,1,1,32,32,1,30,0.000,0.000,,,,,NVIDIA A100-SXM4-40GB MIG 4g.20gb (0),1,,13,"void convert_kernel<__half2, float2>(tensor_layout_any, T1 *, tensor_layout_any, const T2 *)"
20889150421,5344,447070,,,,,,,,,,0.094,17532.864,Pinned,Device,NVIDIA A100-SXM4-40GB MIG 4g.20gb (0),1,,13,[CUDA memcpy Host-to-Device]
20889161525,602809,447071,,,,,,,,,,456.561,756978.868,Device,,NVIDIA A100-SXM4-40GB MIG 4g.20gb (0),1,,13,[CUDA memset]
20889772718,49023,447076,,,,,,,,,,1.235,25190.388,Pinned,Device,NVIDIA A100-SXM4-40GB MIG 4g.20gb (0),1,,13,[CUDA memcpy Host-to-Device]
20889824173,9472,447077,,,,,,,,,,0.197,20756.693,Pinned,Device,NVIDIA A100-SXM4-40GB MIG 4g.20gb (0),1,,13,[CUDA memcpy Host-to-Device]
20889837517,7264,447078,69,4,1,48,1,1,76,0.002,0.000,,,,,NVIDIA A100-SXM4-40GB MIG 4g.20gb (0),1,,13,"void ch_est::windowedChEstPreNoDftSOfdmKernel<float, __half, float, (unsigned int)2, (unsigned int)1, (unsigned short)4>(ch_est::puschRxChEstStatDescr_t *, ch_est::puschRxChEstDynDescr_t *)"
20889846157,6528,447079,137,2,1,24,2,1,44,0.001,0.001,,,,,NVIDIA A100-SXM4-40GB MIG 4g.20gb (0),1,,13,"void ch_est::chEstFilterNoDftSOfdmDispatchKernel<float, __half, float, (unsigned int)2>(ch_est::puschRxChEstStatDescr_t *, ch_est::puschRxChEstDynDescr_t *)"
20889854733,5024,447080,137,2,1,24,2,1,44,0.001,0.001,,,,,NVIDIA A100-SXM4-40GB MIG 4g.20gb (0),1,,13,"void ch_est::chEstFilterNoDftSOfdmDispatchKernel<float, __half, float, (unsigned int)2>(ch_est::puschRxChEstStatDescr_t *, ch_est::puschRxChEstDynDescr_t *)"
20889861453,2464,447091,103,1,1,128,1,1,16,0.000,0.000,,,,,NVIDIA A100-SXM4-40GB MIG 4g.20gb (0),1,,13,cupy_copy__complex64_complex64
20889867181,13152,447101,1434,1,1,128,1,1,16,0.000,0.000,,,,,NVIDIA A100-SXM4-40GB MIG 4g.20gb (0),1,,13,cupy_copy__complex64_complex64
20889882253,2464,447108,103,1,1,128,1,1,16,0.000,0.000,,,,,NVIDIA A100-SXM4-40GB MIG 4g.20gb (0),1,,13,cupy_copy__complex64_complex64
20889886509,79455,447115,1,1,1,32,32,1,30,0.000,0.000,,,,,NVIDIA A100-SXM4-40GB MIG 4g.20gb (0),1,,13,"void convert_kernel<__half2, float2>(tensor_layout_any, T1 *, tensor_layout_any, const T2 *)"
20890002539,22368,447118,,,,,,,,,,0.094,4188.773,Pinned,Device,NVIDIA A100-SXM4-40GB MIG 4g.20gb (0),1,,13,[CUDA memcpy Host-to-Device]
20890032907,46079,447119,,,,,,,,,,35.810,777111.074,Device,,NVIDIA A100-SXM4-40GB MIG 4g.20gb (0),1,,13,[CUDA memset]
20890081642,1984,447121,,,,,,,,,,0.000,40.323,Pinned,Device,NVIDIA A100-SXM4-40GB MIG 4g.20gb (0),1,,13,[CUDA memcpy Host-to-Device]
20890086058,9504,447122,,,,,,,,,,0.197,20686.701,Pinned,Device,NVIDIA A100-SXM4-40GB MIG 4g.20gb (0),1,,13,[CUDA memcpy Host-to-Device]
20890100202,8736,447123,273,1,1,48,1,1,40,0.000,0.001,,,,,NVIDIA A100-SXM4-40GB MIG 4g.20gb (0),1,,13,"void pusch_noise_intf_est::noiseIntfEstNoDftSOfdmKernel<float, __half, float, float, (unsigned int)2, (unsigned int)1, (unsigned char)4, (unsigned char)4>(pusch_noise_intf_est::puschRxNoiseIntfEstDynDescr)"
20890111146,2752,447134,35,1,1,128,1,1,16,0.000,0.000,,,,,NVIDIA A100-SXM4-40GB MIG 4g.20gb (0),1,,13,cupy_copy__complex64_complex64
20890123530,2656,447143,1,1,1,1,1,1,18,0.000,0.000,,,,,NVIDIA A100-SXM4-40GB MIG 4g.20gb (0),1,,13,cupy_copy__float32_float32
20890158986,1568,447149,,,,,,,,,,0.000,2.551,Device,Pageable,NVIDIA A100-SXM4-40GB MIG 4g.20gb (0),1,,7,[CUDA memcpy Device-to-Host]
20890232521,18848,447160,1434,1,1,128,1,1,16,0.000,0.000,,,,,NVIDIA A100-SXM4-40GB MIG 4g.20gb (0),1,,13,cupy_copy__complex64_complex64
20890335272,6720,447167,103,1,1,128,1,1,16,0.000,0.000,,,,,NVIDIA A100-SXM4-40GB MIG 4g.20gb (0),1,,13,cupy_copy__complex64_complex64
20890446438,5408,447174,35,1,1,128,1,1,16,0.000,0.000,,,,,NVIDIA A100-SXM4-40GB MIG 4g.20gb (0),1,,13,cupy_copy__complex64_complex64
20890453286,4032,447181,1,1,1,1,1,1,18,0.000,0.000,,,,,NVIDIA A100-SXM4-40GB MIG 4g.20gb (0),1,,13,cupy_copy__float32_float32
20890542629,195166,447192,1,1,1,32,32,1,30,0.000,0.000,,,,,NVIDIA A100-SXM4-40GB MIG 4g.20gb (0),1,,13,"void convert_kernel<__half2, float2>(tensor_layout_any, T1 *, tensor_layout_any, const T2 *)"
20890811554,5760,447195,,,,,,,,,,0.094,16266.656,Pinned,Device,NVIDIA A100-SXM4-40GB MIG 4g.20gb (0),1,,13,[CUDA memcpy Host-to-Device]
20890821954,3616,447196,,,,,,,,,,1.547,427715.774,Device,,NVIDIA A100-SXM4-40GB MIG 4g.20gb (0),1,,13,[CUDA memset]
20890831618,3200,447201,,,,,,,,,,0.031,9780.000,Pinned,Device,NVIDIA A100-SXM4-40GB MIG 4g.20gb (0),1,,13,[CUDA memcpy Host-to-Device]
20890837250,9408,447202,,,,,,,,,,0.197,20897.858,Pinned,Device,NVIDIA A100-SXM4-40GB MIG 4g.20gb (0),1,,13,[CUDA memcpy Host-to-Device]
20890850562,6944,447203,273,1,1,8,4,1,39,0.002,0.000,,,,,NVIDIA A100-SXM4-40GB MIG 4g.20gb (0),1,,13,"void channel_eq::eqMmseCoefCompLowMimoKernel<float, float, float, (unsigned int)4, (unsigned int)1, (unsigned int)4>(const channel_eq::_puschRxChEqStatDescr *, channel_eq::_puschRxChEqCoefCompDynDescr)"
20890859394,6304,447204,273,1,1,12,11,1,51,0.002,0.000,,,,,NVIDIA A100-SXM4-40GB MIG 4g.20gb (0),1,,13,"void channel_eq::eqMmseSoftDemapKernel<float, __half, __half, float, (unsigned int)4, (unsigned short)16383>(channel_eq::_puschRxChEqStatDescr *, channel_eq::_puschRxChEqSoftDemapDynDescr)"
20890868002,281885,447205,1,1,1,32,32,1,30,0.000,0.000,,,,,NVIDIA A100-SXM4-40GB MIG 4g.20gb (0),1,,13,"void convert_kernel<float2, __half2>(tensor_layout_any, T1 *, tensor_layout_any, const T2 *)"
20891151230,10528,447217,2253,1,1,128,1,1,16,0.000,0.000,,,,,NVIDIA A100-SXM4-40GB MIG 4g.20gb (0),1,,13,cupy_copy__float16_float16
20891163646,2816,447226,282,1,1,128,1,1,16,0.000,0.000,,,,,NVIDIA A100-SXM4-40GB MIG 4g.20gb (0),1,,13,cupy_copy__complex64_complex64
20891168542,2112,447235,26,1,1,128,1,1,16,0.000,0.000,,,,,NVIDIA A100-SXM4-40GB MIG 4g.20gb (0),1,,13,cupy_copy__float32_float32
20891172638,2880,447244,103,1,1,128,1,1,16,0.000,0.000,,,,,NVIDIA A100-SXM4-40GB MIG 4g.20gb (0),1,,13,cupy_copy__complex64_complex64
20891176894,12032,447254,1434,1,1,128,1,1,16,0.000,0.000,,,,,NVIDIA A100-SXM4-40GB MIG 4g.20gb (0),1,,13,cupy_copy__complex64_complex64
20891190910,79647,447259,1,1,1,32,32,1,30,0.000,0.000,,,,,NVIDIA A100-SXM4-40GB MIG 4g.20gb (0),1,,13,"void convert_kernel<__half2, float2>(tensor_layout_any, T1 *, tensor_layout_any, const T2 *)"
20891298141,5376,447262,,,,,,,,,,0.094,17428.487,Pinned,Device,NVIDIA A100-SXM4-40GB MIG 4g.20gb (0),1,,13,[CUDA memcpy Host-to-Device]
20891309757,600057,447263,,,,,,,,,,456.561,760631.359,Device,,NVIDIA A100-SXM4-40GB MIG 4g.20gb (0),1,,13,[CUDA memset]
20891912950,48991,447268,,,,,,,,,,1.235,25206.442,Pinned,Device,NVIDIA A100-SXM4-40GB MIG 4g.20gb (0),1,,13,[CUDA memcpy Host-to-Device]
20891964629,9312,447269,,,,,,,,,,0.197,21113.340,Pinned,Device,NVIDIA A100-SXM4-40GB MIG 4g.20gb (0),1,,13,[CUDA memcpy Host-to-Device]
20891977941,7488,447270,69,4,1,48,1,1,76,0.002,0.000,,,,,NVIDIA A100-SXM4-40GB MIG 4g.20gb (0),1,,13,"void ch_est::windowedChEstPreNoDftSOfdmKernel<float, __half, float, (unsigned int)2, (unsigned int)1, (unsigned short)4>(ch_est::puschRxChEstStatDescr_t *, ch_est::puschRxChEstDynDescr_t *)"
20891987189,6592,447271,137,2,1,24,2,1,44,0.001,0.001,,,,,NVIDIA A100-SXM4-40GB MIG 4g.20gb (0),1,,13,"void ch_est::chEstFilterNoDftSOfdmDispatchKernel<float, __half, float, (unsigned int)2>(ch_est::puschRxChEstStatDescr_t *, ch_est::puschRxChEstDynDescr_t *)"
20891995093,4992,447272,137,2,1,24,2,1,44,0.001,0.001,,,,,NVIDIA A100-SXM4-40GB MIG 4g.20gb (0),1,,13,"void ch_est::chEstFilterNoDftSOfdmDispatchKernel<float, __half, float, (unsigned int)2>(ch_est::puschRxChEstStatDescr_t *, ch_est::puschRxChEstDynDescr_t *)"
20892001653,2464,447283,103,1,1,128,1,1,16,0.000,0.000,,,,,NVIDIA A100-SXM4-40GB MIG 4g.20gb (0),1,,13,cupy_copy__complex64_complex64
20892005685,13024,447293,1434,1,1,128,1,1,16,0.000,0.000,,,,,NVIDIA A100-SXM4-40GB MIG 4g.20gb (0),1,,13,cupy_copy__complex64_complex64
20892020629,2496,447300,103,1,1,128,1,1,16,0.000,0.000,,,,,NVIDIA A100-SXM4-40GB MIG 4g.20gb (0),1,,13,cupy_copy__complex64_complex64
20892025269,80255,447307,1,1,1,32,32,1,30,0.000,0.000,,,,,NVIDIA A100-SXM4-40GB MIG 4g.20gb (0),1,,13,"void convert_kernel<__half2, float2>(tensor_layout_any, T1 *, tensor_layout_any, const T2 *)"
20892135252,5439,447310,,,,,,,,,,0.094,17226.665,Pinned,Device,NVIDIA A100-SXM4-40GB MIG 4g.20gb (0),1,,13,[CUDA memcpy Host-to-Device]
20892147859,46080,447311,,,,,,,,,,35.810,777111.074,Device,,NVIDIA A100-SXM4-40GB MIG 4g.20gb (0),1,,13,[CUDA memset]
20892201011,1856,447313,,,,,,,,,,0.000,43.103,Pinned,Device,NVIDIA A100-SXM4-40GB MIG 4g.20gb (0),1,,13,[CUDA memcpy Host-to-Device]
20892205299,9408,447314,,,,,,,,,,0.197,20897.858,Pinned,Device,NVIDIA A100-SXM4-40GB MIG 4g.20gb (0),1,,13,[CUDA memcpy Host-to-Device]
20892219027,8703,447315,273,1,1,48,1,1,40,0.000,0.001,,,,,NVIDIA A100-SXM4-40GB MIG 4g.20gb (0),1,,13,"void pusch_noise_intf_est::noiseIntfEstNoDftSOfdmKernel<float, __half, float, float, (unsigned int)2, (unsigned int)1, (unsigned char)4, (unsigned char)4>(pusch_noise_intf_est::puschRxNoiseIntfEstDynDescr)"
20892229810,2848,447326,35,1,1,128,1,1,16,0.000,0.000,,,,,NVIDIA A100-SXM4-40GB MIG 4g.20gb (0),1,,13,cupy_copy__complex64_complex64
20892253714,1888,447335,1,1,1,1,1,1,18,0.000,0.000,,,,,NVIDIA A100-SXM4-40GB MIG 4g.20gb (0),1,,13,cupy_copy__float32_float32
20892287826,1888,447341,,,,,,,,,,0.000,2.119,Device,Pageable,NVIDIA A100-SXM4-40GB MIG 4g.20gb (0),1,,7,[CUDA memcpy Device-to-Host]
20892347537,13792,447352,1434,1,1,128,1,1,16,0.000,0.000,,,,,NVIDIA A100-SXM4-40GB MIG 4g.20gb (0),1,,13,cupy_copy__complex64_complex64
20892373841,2720,447359,103,1,1,128,1,1,16,0.000,0.000,,,,,NVIDIA A100-SXM4-40GB MIG 4g.20gb (0),1,,13,cupy_copy__complex64_complex64
20892393841,2208,447366,35,1,1,128,1,1,16,0.000,0.000,,,,,NVIDIA A100-SXM4-40GB MIG 4g.20gb (0),1,,13,cupy_copy__complex64_complex64
20892411440,1856,447373,1,1,1,1,1,1,18,0.000,0.000,,,,,NVIDIA A100-SXM4-40GB MIG 4g.20gb (0),1,,13,cupy_copy__float32_float32
20892546383,78943,447384,1,1,1,32,32,1,30,0.000,0.000,,,,,NVIDIA A100-SXM4-40GB MIG 4g.20gb (0),1,,13,"void convert_kernel<__half2, float2>(tensor_layout_any, T1 *, tensor_layout_any, const T2 *)"
20892664686,5344,447387,,,,,,,,,,0.094,17532.864,Pinned,Device,NVIDIA A100-SXM4-40GB MIG 4g.20gb (0),1,,13,[CUDA memcpy Host-to-Device]
20892679437,3232,447388,,,,,,,,,,1.547,478533.199,Device,,NVIDIA A100-SXM4-40GB MIG 4g.20gb (0),1,,13,[CUDA memset]
20892685325,3008,447393,,,,,,,,,,0.031,10404.230,Pinned,Device,NVIDIA A100-SXM4-40GB MIG 4g.20gb (0),1,,13,[CUDA memcpy Host-to-Device]
20892690445,9376,447394,,,,,,,,,,0.197,20969.226,Pinned,Device,NVIDIA A100-SXM4-40GB MIG 4g.20gb (0),1,,13,[CUDA memcpy Host-to-Device]
20892703789,5952,447395,273,1,1,8,4,1,39,0.002,0.000,,,,,NVIDIA A100-SXM4-40GB MIG 4g.20gb (0),1,,13,"void channel_eq::eqMmseCoefCompLowMimoKernel<float, float, float, (unsigned int)4, (unsigned int)1, (unsigned int)4>(const channel_eq::_puschRxChEqStatDescr *, channel_eq::_puschRxChEqCoefCompDynDescr)"
20892711885,6240,447396,273,1,1,12,11,1,51,0.002,0.000,,,,,NVIDIA A100-SXM4-40GB MIG 4g.20gb (0),1,,13,"void channel_eq::eqMmseSoftDemapKernel<float, __half, __half, float, (unsigned int)4, (unsigned short)16383>(channel_eq::_puschRxChEqStatDescr *, channel_eq::_puschRxChEqSoftDemapDynDescr)"
20892719469,310109,447397,1,1,1,32,32,1,30,0.000,0.000,,,,,NVIDIA A100-SXM4-40GB MIG 4g.20gb (0),1,,13,"void convert_kernel<float2, __half2>(tensor_layout_any, T1 *, tensor_layout_any, const T2 *)"
20893130696,15168,447409,2253,1,1,128,1,1,16,0.000,0.000,,,,,NVIDIA A100-SXM4-40GB MIG 4g.20gb (0),1,,13,cupy_copy__float16_float16
20893184296,15872,447418,282,1,1,128,1,1,16,0.000,0.000,,,,,NVIDIA A100-SXM4-40GB MIG 4g.20gb (0),1,,13,cupy_copy__complex64_complex64
20893271175,8224,447427,26,1,1,128,1,1,16,0.000,0.000,,,,,NVIDIA A100-SXM4-40GB MIG 4g.20gb (0),1,,13,cupy_copy__float32_float32
20893325158,18656,447436,103,1,1,128,1,1,16,0.000,0.000,,,,,NVIDIA A100-SXM4-40GB MIG 4g.20gb (0),1,,13,cupy_copy__complex64_complex64
20893452357,24448,447446,1434,1,1,128,1,1,16,0.000,0.000,,,,,NVIDIA A100-SXM4-40GB MIG 4g.20gb (0),1,,13,cupy_copy__complex64_complex64
20893579459,461147,447451,1,1,1,32,32,1,30,0.000,0.000,,,,,NVIDIA A100-SXM4-40GB MIG 4g.20gb (0),1,,13,"void convert_kernel<__half2, float2>(tensor_layout_any, T1 *, tensor_layout_any, const T2 *)"
20894073726,5440,447454,,,,,,,,,,0.094,17223.480,Pinned,Device,NVIDIA A100-SXM4-40GB MIG 4g.20gb (0),1,,13,[CUDA memcpy Host-to-Device]
20894161341,605465,447455,,,,,,,,,,456.561,753782.937,Device,,NVIDIA A100-SXM4-40GB MIG 4g.20gb (0),1,,13,[CUDA memset]
20894776086,50815,447460,,,,,,,,,,1.235,24302.463,Pinned,Device,NVIDIA A100-SXM4-40GB MIG 4g.20gb (0),1,,13,[CUDA memcpy Host-to-Device]
20894829717,10016,447461,,,,,,,,,,0.197,19629.343,Pinned,Device,NVIDIA A100-SXM4-40GB MIG 4g.20gb (0),1,,13,[CUDA memcpy Host-to-Device]
20894938260,21600,447462,69,4,1,48,1,1,76,0.002,0.000,,,,,NVIDIA A100-SXM4-40GB MIG 4g.20gb (0),1,,13,"void ch_est::windowedChEstPreNoDftSOfdmKernel<float, __half, float, (unsigned int)2, (unsigned int)1, (unsigned short)4>(ch_est::puschRxChEstStatDescr_t *, ch_est::puschRxChEstDynDescr_t *)"
20895019347,20288,447463,137,2,1,24,2,1,44,0.001,0.001,,,,,NVIDIA A100-SXM4-40GB MIG 4g.20gb (0),1,,13,"void ch_est::chEstFilterNoDftSOfdmDispatchKernel<float, __half, float, (unsigned int)2>(ch_est::puschRxChEstStatDescr_t *, ch_est::puschRxChEstDynDescr_t *)"
20895041235,6240,447464,137,2,1,24,2,1,44,0.001,0.001,,,,,NVIDIA A100-SXM4-40GB MIG 4g.20gb (0),1,,13,"void ch_est::chEstFilterNoDftSOfdmDispatchKernel<float, __half, float, (unsigned int)2>(ch_est::puschRxChEstStatDescr_t *, ch_est::puschRxChEstDynDescr_t *)"
20895108914,6336,447475,103,1,1,128,1,1,16,0.000,0.000,,,,,NVIDIA A100-SXM4-40GB MIG 4g.20gb (0),1,,13,cupy_copy__complex64_complex64
20895117714,14208,447485,1434,1,1,128,1,1,16,0.000,0.000,,,,,NVIDIA A100-SXM4-40GB MIG 4g.20gb (0),1,,13,cupy_copy__complex64_complex64
20895189937,6880,447492,103,1,1,128,1,1,16,0.000,0.000,,,,,NVIDIA A100-SXM4-40GB MIG 4g.20gb (0),1,,13,cupy_copy__complex64_complex64
20895199505,182334,447499,1,1,1,32,32,1,30,0.000,0.000,,,,,NVIDIA A100-SXM4-40GB MIG 4g.20gb (0),1,,13,"void convert_kernel<__half2, float2>(tensor_layout_any, T1 *, tensor_layout_any, const T2 *)"
20895435375,6048,447502,,,,,,,,,,0.094,15491.978,Pinned,Device,NVIDIA A100-SXM4-40GB MIG 4g.20gb (0),1,,13,[CUDA memcpy Host-to-Device]
20895446191,47007,447503,,,,,,,,,,35.810,761784.428,Device,,NVIDIA A100-SXM4-40GB MIG 4g.20gb (0),1,,13,[CUDA memset]
20895495790,1824,447505,,,,,,,,,,0.000,43.860,Pinned,Device,NVIDIA A100-SXM4-40GB MIG 4g.20gb (0),1,,13,[CUDA memcpy Host-to-Device]
20895500270,9344,447506,,,,,,,,,,0.197,21040.988,Pinned,Device,NVIDIA A100-SXM4-40GB MIG 4g.20gb (0),1,,13,[CUDA memcpy Host-to-Device]
20895513550,8672,447507,273,1,1,48,1,1,40,0.000,0.001,,,,,NVIDIA A100-SXM4-40GB MIG 4g.20gb (0),1,,13,"void pusch_noise_intf_est::noiseIntfEstNoDftSOfdmKernel<float, __half, float, float, (unsigned int)2, (unsigned int)1, (unsigned char)4, (unsigned char)4>(pusch_noise_intf_est::puschRxNoiseIntfEstDynDescr)"
20895524366,2880,447518,35,1,1,128,1,1,16,0.000,0.000,,,,,NVIDIA A100-SXM4-40GB MIG 4g.20gb (0),1,,13,cupy_copy__complex64_complex64
20895528590,1856,447527,1,1,1,1,1,1,18,0.000,0.000,,,,,NVIDIA A100-SXM4-40GB MIG 4g.20gb (0),1,,13,cupy_copy__float32_float32
20895563661,1568,447533,,,,,,,,,,0.000,2.551,Device,Pageable,NVIDIA A100-SXM4-40GB MIG 4g.20gb (0),1,,7,[CUDA memcpy Device-to-Host]
20895623789,13663,447544,1434,1,1,128,1,1,16,0.000,0.000,,,,,NVIDIA A100-SXM4-40GB MIG 4g.20gb (0),1,,13,cupy_copy__complex64_complex64
20895650284,2784,447551,103,1,1,128,1,1,16,0.000,0.000,,,,,NVIDIA A100-SXM4-40GB MIG 4g.20gb (0),1,,13,cupy_copy__complex64_complex64
20895670508,2208,447558,35,1,1,128,1,1,16,0.000,0.000,,,,,NVIDIA A100-SXM4-40GB MIG 4g.20gb (0),1,,13,cupy_copy__complex64_complex64
20895688748,1824,447565,1,1,1,1,1,1,18,0.000,0.000,,,,,NVIDIA A100-SXM4-40GB MIG 4g.20gb (0),1,,13,cupy_copy__float32_float32
20895832618,79935,447576,1,1,1,32,32,1,30,0.000,0.000,,,,,NVIDIA A100-SXM4-40GB MIG 4g.20gb (0),1,,13,"void convert_kernel<__half2, float2>(tensor_layout_any, T1 *, tensor_layout_any, const T2 *)"
20895949609,5408,447579,,,,,,,,,,0.094,17325.421,Pinned,Device,NVIDIA A100-SXM4-40GB MIG 4g.20gb (0),1,,13,[CUDA memcpy Host-to-Device]
20895965353,3200,447580,,,,,,,,,,1.547,483320.000,Device,,NVIDIA A100-SXM4-40GB MIG 4g.20gb (0),1,,13,[CUDA memset]
20895971785,3008,447585,,,,,,,,,,0.031,10404.230,Pinned,Device,NVIDIA A100-SXM4-40GB MIG 4g.20gb (0),1,,13,[CUDA memcpy Host-to-Device]
20895976873,9504,447586,,,,,,,,,,0.197,20686.701,Pinned,Device,NVIDIA A100-SXM4-40GB MIG 4g.20gb (0),1,,13,[CUDA memcpy Host-to-Device]
20895990825,5983,447587,273,1,1,8,4,1,39,0.002,0.000,,,,,NVIDIA A100-SXM4-40GB MIG 4g.20gb (0),1,,13,"void channel_eq::eqMmseCoefCompLowMimoKernel<float, float, float, (unsigned int)4, (unsigned int)1, (unsigned int)4>(const channel_eq::_puschRxChEqStatDescr *, channel_eq::_puschRxChEqCoefCompDynDescr)"
20895998248,6336,447588,273,1,1,12,11,1,51,0.002,0.000,,,,,NVIDIA A100-SXM4-40GB MIG 4g.20gb (0),1,,13,"void channel_eq::eqMmseSoftDemapKernel<float, __half, __half, float, (unsigned int)4, (unsigned short)16383>(channel_eq::_puschRxChEqStatDescr *, channel_eq::_puschRxChEqSoftDemapDynDescr)"
20896006472,281981,447589,1,1,1,32,32,1,30,0.000,0.000,,,,,NVIDIA A100-SXM4-40GB MIG 4g.20gb (0),1,,13,"void convert_kernel<float2, __half2>(tensor_layout_any, T1 *, tensor_layout_any, const T2 *)"
20896290213,10624,447601,2253,1,1,128,1,1,16,0.000,0.000,,,,,NVIDIA A100-SXM4-40GB MIG 4g.20gb (0),1,,13,cupy_copy__float16_float16
20896302309,2784,447610,282,1,1,128,1,1,16,0.000,0.000,,,,,NVIDIA A100-SXM4-40GB MIG 4g.20gb (0),1,,13,cupy_copy__complex64_complex64
20896307109,2080,447619,26,1,1,128,1,1,16,0.000,0.000,,,,,NVIDIA A100-SXM4-40GB MIG 4g.20gb (0),1,,13,cupy_copy__float32_float32
20896310693,2816,447628,103,1,1,128,1,1,16,0.000,0.000,,,,,NVIDIA A100-SXM4-40GB MIG 4g.20gb (0),1,,13,cupy_copy__complex64_complex64
20896315077,11296,447638,1434,1,1,128,1,1,16,0.000,0.000,,,,,NVIDIA A100-SXM4-40GB MIG 4g.20gb (0),1,,13,cupy_copy__complex64_complex64
20896343621,80159,447643,1,1,1,32,32,1,30,0.000,0.000,,,,,NVIDIA A100-SXM4-40GB MIG 4g.20gb (0),1,,13,"void convert_kernel<__half2, float2>(tensor_layout_any, T1 *, tensor_layout_any, const T2 *)"
20896451779,5312,447646,,,,,,,,,,0.094,17638.553,Pinned,Device,NVIDIA A100-SXM4-40GB MIG 4g.20gb (0),1,,13,[CUDA memcpy Host-to-Device]
20896462723,600538,447647,,,,,,,,,,456.561,760174.798,Device,,NVIDIA A100-SXM4-40GB MIG 4g.20gb (0),1,,13,[CUDA memset]
20897064605,48767,447652,,,,,,,,,,1.235,25322.527,Pinned,Device,NVIDIA A100-SXM4-40GB MIG 4g.20gb (0),1,,13,[CUDA memcpy Host-to-Device]
20897115804,9824,447653,,,,,,,,,,0.197,20012.925,Pinned,Device,NVIDIA A100-SXM4-40GB MIG 4g.20gb (0),1,,13,[CUDA memcpy Host-to-Device]
20897129692,7328,447654,69,4,1,48,1,1,76,0.002,0.000,,,,,NVIDIA A100-SXM4-40GB MIG 4g.20gb (0),1,,13,"void ch_est::windowedChEstPreNoDftSOfdmKernel<float, __half, float, (unsigned int)2, (unsigned int)1, (unsigned short)4>(ch_est::puschRxChEstStatDescr_t *, ch_est::puschRxChEstDynDescr_t *)"
20897138236,6464,447655,137,2,1,24,2,1,44,0.001,0.001,,,,,NVIDIA A100-SXM4-40GB MIG 4g.20gb (0),1,,13,"void ch_est::chEstFilterNoDftSOfdmDispatchKernel<float, __half, float, (unsigned int)2>(ch_est::puschRxChEstStatDescr_t *, ch_est::puschRxChEstDynDescr_t *)"
20897145948,5312,447656,137,2,1,24,2,1,44,0.001,0.001,,,,,NVIDIA A100-SXM4-40GB MIG 4g.20gb (0),1,,13,"void ch_est::chEstFilterNoDftSOfdmDispatchKernel<float, __half, float, (unsigned int)2>(ch_est::puschRxChEstStatDescr_t *, ch_est::puschRxChEstDynDescr_t *)"
20897153372,2496,447667,103,1,1,128,1,1,16,0.000,0.000,,,,,NVIDIA A100-SXM4-40GB MIG 4g.20gb (0),1,,13,cupy_copy__complex64_complex64
20897158651,13024,447677,1434,1,1,128,1,1,16,0.000,0.000,,,,,NVIDIA A100-SXM4-40GB MIG 4g.20gb (0),1,,13,cupy_copy__complex64_complex64
20897173947,2528,447684,103,1,1,128,1,1,16,0.000,0.000,,,,,NVIDIA A100-SXM4-40GB MIG 4g.20gb (0),1,,13,cupy_copy__complex64_complex64
20897178011,79903,447691,1,1,1,32,32,1,30,0.000,0.000,,,,,NVIDIA A100-SXM4-40GB MIG 4g.20gb (0),1,,13,"void convert_kernel<__half2, float2>(tensor_layout_any, T1 *, tensor_layout_any, const T2 *)"
20897292314,5376,447694,,,,,,,,,,0.094,17428.487,Pinned,Device,NVIDIA A100-SXM4-40GB MIG 4g.20gb (0),1,,13,[CUDA memcpy Host-to-Device]
20897303610,45855,447695,,,,,,,,,,35.810,780906.925,Device,,NVIDIA A100-SXM4-40GB MIG 4g.20gb (0),1,,13,[CUDA memset]
20897351833,2112,447697,,,,,,,,,,0.000,37.879,Pinned,Device,NVIDIA A100-SXM4-40GB MIG 4g.20gb (0),1,,13,[CUDA memcpy Host-to-Device]
20897356697,9376,447698,,,,,,,,,,0.197,20969.226,Pinned,Device,NVIDIA A100-SXM4-40GB MIG 4g.20gb (0),1,,13,[CUDA memcpy Host-to-Device]
20897369817,8768,447699,273,1,1,48,1,1,40,0.000,0.001,,,,,NVIDIA A100-SXM4-40GB MIG 4g.20gb (0),1,,13,"void pusch_noise_intf_est::noiseIntfEstNoDftSOfdmKernel<float, __half, float, float, (unsigned int)2, (unsigned int)1, (unsigned char)4, (unsigned char)4>(pusch_noise_intf_est::puschRxNoiseIntfEstDynDescr)"
20897380729,2848,447710,35,1,1,128,1,1,16,0.000,0.000,,,,,NVIDIA A100-SXM4-40GB MIG 4g.20gb (0),1,,13,cupy_copy__complex64_complex64
20897415417,1888,447719,1,1,1,1,1,1,18,0.000,0.000,,,,,NVIDIA A100-SXM4-40GB MIG 4g.20gb (0),1,,13,cupy_copy__float32_float32
20897449048,1600,447725,,,,,,,,,,0.000,2.500,Device,Pageable,NVIDIA A100-SXM4-40GB MIG 4g.20gb (0),1,,7,[CUDA memcpy Device-to-Host]
20897511544,13567,447736,1434,1,1,128,1,1,16,0.000,0.000,,,,,NVIDIA A100-SXM4-40GB MIG 4g.20gb (0),1,,13,cupy_copy__complex64_complex64
20897615158,5952,447743,103,1,1,128,1,1,16,0.000,0.000,,,,,NVIDIA A100-SXM4-40GB MIG 4g.20gb (0),1,,13,cupy_copy__complex64_complex64
20897625014,3296,447750,35,1,1,128,1,1,16,0.000,0.000,,,,,NVIDIA A100-SXM4-40GB MIG 4g.20gb (0),1,,13,cupy_copy__complex64_complex64
20897629846,2080,447757,1,1,1,1,1,1,18,0.000,0.000,,,,,NVIDIA A100-SXM4-40GB MIG 4g.20gb (0),1,,13,cupy_copy__float32_float32
20897761109,324956,447768,1,1,1,32,32,1,30,0.000,0.000,,,,,NVIDIA A100-SXM4-40GB MIG 4g.20gb (0),1,,13,"void convert_kernel<__half2, float2>(tensor_layout_any, T1 *, tensor_layout_any, const T2 *)"
20898118321,5600,447771,,,,,,,,,,0.094,16731.388,Pinned,Device,NVIDIA A100-SXM4-40GB MIG 4g.20gb (0),1,,13,[CUDA memcpy Host-to-Device]
20898180240,5664,447772,,,,,,,,,,1.547,273061.107,Device,,NVIDIA A100-SXM4-40GB MIG 4g.20gb (0),1,,13,[CUDA memset]
20898191440,7296,447777,,,,,,,,,,0.031,4289.461,Pinned,Device,NVIDIA A100-SXM4-40GB MIG 4g.20gb (0),1,,13,[CUDA memcpy Host-to-Device]
20898204272,9504,447778,,,,,,,,,,0.197,20686.701,Pinned,Device,NVIDIA A100-SXM4-40GB MIG 4g.20gb (0),1,,13,[CUDA memcpy Host-to-Device]
20898265135,14880,447779,273,1,1,8,4,1,39,0.002,0.000,,,,,NVIDIA A100-SXM4-40GB MIG 4g.20gb (0),1,,13,"void channel_eq::eqMmseCoefCompLowMimoKernel<float, float, float, (unsigned int)4, (unsigned int)1, (unsigned int)4>(const channel_eq::_puschRxChEqStatDescr *, channel_eq::_puschRxChEqCoefCompDynDescr)"
20898352238,12960,447780,273,1,1,12,11,1,51,0.002,0.000,,,,,NVIDIA A100-SXM4-40GB MIG 4g.20gb (0),1,,13,"void channel_eq::eqMmseSoftDemapKernel<float, __half, __half, float, (unsigned int)4, (unsigned short)16383>(channel_eq::_puschRxChEqStatDescr *, channel_eq::_puschRxChEqSoftDemapDynDescr)"
20898438253,702392,447781,1,1,1,32,32,1,30,0.000,0.000,,,,,NVIDIA A100-SXM4-40GB MIG 4g.20gb (0),1,,13,"void convert_kernel<float2, __half2>(tensor_layout_any, T1 *, tensor_layout_any, const T2 *)"
20899142533,12448,447793,2253,1,1,128,1,1,16,0.000,0.000,,,,,NVIDIA A100-SXM4-40GB MIG 4g.20gb (0),1,,13,cupy_copy__float16_float16
20899156901,3584,447802,282,1,1,128,1,1,16,0.000,0.000,,,,,NVIDIA A100-SXM4-40GB MIG 4g.20gb (0),1,,13,cupy_copy__complex64_complex64
20899162693,2336,447811,26,1,1,128,1,1,16,0.000,0.000,,,,,NVIDIA A100-SXM4-40GB MIG 4g.20gb (0),1,,13,cupy_copy__float32_float32
20899167045,3136,447820,103,1,1,128,1,1,16,0.000,0.000,,,,,NVIDIA A100-SXM4-40GB MIG 4g.20gb (0),1,,13,cupy_copy__complex64_complex64
20899171685,12288,447830,1434,1,1,128,1,1,16,0.000,0.000,,,,,NVIDIA A100-SXM4-40GB MIG 4g.20gb (0),1,,13,cupy_copy__complex64_complex64
20899185605,78623,447835,1,1,1,32,32,1,30,0.000,0.000,,,,,NVIDIA A100-SXM4-40GB MIG 4g.20gb (0),1,,13,"void convert_kernel<__half2, float2>(tensor_layout_any, T1 *, tensor_layout_any, const T2 *)"
20899293284,5312,447838,,,,,,,,,,0.094,17638.553,Pinned,Device,NVIDIA A100-SXM4-40GB MIG 4g.20gb (0),1,,13,[CUDA memcpy Host-to-Device]
20899303204,599641,447839,,,,,,,,,,456.561,761087.920,Device,,NVIDIA A100-SXM4-40GB MIG 4g.20gb (0),1,,13,[CUDA memset]
20899907677,48767,447844,,,,,,,,,,1.235,25322.527,Pinned,Device,NVIDIA A100-SXM4-40GB MIG 4g.20gb (0),1,,13,[CUDA memcpy Host-to-Device]
20899958908,9504,447845,,,,,,,,,,0.197,20686.701,Pinned,Device,NVIDIA A100-SXM4-40GB MIG 4g.20gb (0),1,,13,[CUDA memcpy Host-to-Device]
20899973020,7584,447846,69,4,1,48,1,1,76,0.002,0.000,,,,,NVIDIA A100-SXM4-40GB MIG 4g.20gb (0),1,,13,"void ch_est::windowedChEstPreNoDftSOfdmKernel<float, __half, float, (unsigned int)2, (unsigned int)1, (unsigned short)4>(ch_est::puschRxChEstStatDescr_t *, ch_est::puschRxChEstDynDescr_t *)"
20899982652,6624,447847,137,2,1,24,2,1,44,0.001,0.001,,,,,NVIDIA A100-SXM4-40GB MIG 4g.20gb (0),1,,13,"void ch_est::chEstFilterNoDftSOfdmDispatchKernel<float, __half, float, (unsigned int)2>(ch_est::puschRxChEstStatDescr_t *, ch_est::puschRxChEstDynDescr_t *)"
20899991452,5024,447848,137,2,1,24,2,1,44,0.001,0.001,,,,,NVIDIA A100-SXM4-40GB MIG 4g.20gb (0),1,,13,"void ch_est::chEstFilterNoDftSOfdmDispatchKernel<float, __half, float, (unsigned int)2>(ch_est::puschRxChEstStatDescr_t *, ch_est::puschRxChEstDynDescr_t *)"
20899997948,2464,447859,103,1,1,128,1,1,16,0.000,0.000,,,,,NVIDIA A100-SXM4-40GB MIG 4g.20gb (0),1,,13,cupy_copy__complex64_complex64
20900001980,12992,447869,1434,1,1,128,1,1,16,0.000,0.000,,,,,NVIDIA A100-SXM4-40GB MIG 4g.20gb (0),1,,13,cupy_copy__complex64_complex64
20900016316,2496,447876,103,1,1,128,1,1,16,0.000,0.000,,,,,NVIDIA A100-SXM4-40GB MIG 4g.20gb (0),1,,13,cupy_copy__complex64_complex64
20900020316,80287,447883,1,1,1,32,32,1,30,0.000,0.000,,,,,NVIDIA A100-SXM4-40GB MIG 4g.20gb (0),1,,13,"void convert_kernel<__half2, float2>(tensor_layout_any, T1 *, tensor_layout_any, const T2 *)"
20900130138,5472,447886,,,,,,,,,,0.094,17122.757,Pinned,Device,NVIDIA A100-SXM4-40GB MIG 4g.20gb (0),1,,13,[CUDA memcpy Host-to-Device]
20900142778,46656,447887,,,,,,,,,,35.810,767514.015,Device,,NVIDIA A100-SXM4-40GB MIG 4g.20gb (0),1,,13,[CUDA memset]
20900196314,2240,447889,,,,,,,,,,0.000,35.714,Pinned,Device,NVIDIA A100-SXM4-40GB MIG 4g.20gb (0),1,,13,[CUDA memcpy Host-to-Device]
20900202074,11231,447890,,,,,,,,,,0.197,17505.780,Pinned,Device,NVIDIA A100-SXM4-40GB MIG 4g.20gb (0),1,,13,[CUDA memcpy Host-to-Device]
20900232441,13408,447891,273,1,1,48,1,1,40,0.000,0.001,,,,,NVIDIA A100-SXM4-40GB MIG 4g.20gb (0),1,,13,"void pusch_noise_intf_est::noiseIntfEstNoDftSOfdmKernel<float, __half, float, float, (unsigned int)2, (unsigned int)1, (unsigned char)4, (unsigned char)4>(pusch_noise_intf_est::puschRxNoiseIntfEstDynDescr)"
20900248025,3296,447902,35,1,1,128,1,1,16,0.000,0.000,,,,,NVIDIA A100-SXM4-40GB MIG 4g.20gb (0),1,,13,cupy_copy__complex64_complex64
20900297048,5344,447911,1,1,1,1,1,1,18,0.000,0.000,,,,,NVIDIA A100-SXM4-40GB MIG 4g.20gb (0),1,,13,cupy_copy__float32_float32
20900307416,2112,447917,,,,,,,,,,0.000,1.894,Device,Pageable,NVIDIA A100-SXM4-40GB MIG 4g.20gb (0),1,,7,[CUDA memcpy Device-to-Host]
20900408215,18400,447928,1434,1,1,128,1,1,16,0.000,0.000,,,,,NVIDIA A100-SXM4-40GB MIG 4g.20gb (0),1,,13,cupy_copy__complex64_complex64
20900428759,3104,447935,103,1,1,128,1,1,16,0.000,0.000,,,,,NVIDIA A100-SXM4-40GB MIG 4g.20gb (0),1,,13,cupy_copy__complex64_complex64
20900479926,5440,447942,35,1,1,128,1,1,16,0.000,0.000,,,,,NVIDIA A100-SXM4-40GB MIG 4g.20gb (0),1,,13,cupy_copy__complex64_complex64
20900487190,2720,447949,1,1,1,1,1,1,18,0.000,0.000,,,,,NVIDIA A100-SXM4-40GB MIG 4g.20gb (0),1,,13,cupy_copy__float32_float32
20900592373,468731,447960,1,1,1,32,32,1,30,0.000,0.000,,,,,NVIDIA A100-SXM4-40GB MIG 4g.20gb (0),1,,13,"void convert_kernel<__half2, float2>(tensor_layout_any, T1 *, tensor_layout_any, const T2 *)"
20901092496,5344,447963,,,,,,,,,,0.094,17532.864,Pinned,Device,NVIDIA A100-SXM4-40GB MIG 4g.20gb (0),1,,13,[CUDA memcpy Host-to-Device]
20901105999,3648,447964,,,,,,,,,,1.547,423963.664,Device,,NVIDIA A100-SXM4-40GB MIG 4g.20gb (0),1,,13,[CUDA memset]
20901110959,3712,447969,,,,,,,,,,0.031,8431.017,Pinned,Device,NVIDIA A100-SXM4-40GB MIG 4g.20gb (0),1,,13,[CUDA memcpy Host-to-Device]
20901117135,10784,447970,,,,,,,,,,0.197,18231.263,Pinned,Device,NVIDIA A100-SXM4-40GB MIG 4g.20gb (0),1,,13,[CUDA memcpy Host-to-Device]
20901138671,6944,447971,273,1,1,8,4,1,39,0.002,0.000,,,,,NVIDIA A100-SXM4-40GB MIG 4g.20gb (0),1,,13,"void channel_eq::eqMmseCoefCompLowMimoKernel<float, float, float, (unsigned int)4, (unsigned int)1, (unsigned int)4>(const channel_eq::_puschRxChEqStatDescr *, channel_eq::_puschRxChEqCoefCompDynDescr)"
20901147759,7008,447972,273,1,1,12,11,1,51,0.002,0.000,,,,,NVIDIA A100-SXM4-40GB MIG 4g.20gb (0),1,,13,"void channel_eq::eqMmseSoftDemapKernel<float, __half, __half, float, (unsigned int)4, (unsigned short)16383>(channel_eq::_puschRxChEqStatDescr *, channel_eq::_puschRxChEqSoftDemapDynDescr)"
20901156111,688792,447973,1,1,1,32,32,1,30,0.000,0.000,,,,,NVIDIA A100-SXM4-40GB MIG 4g.20gb (0),1,,13,"void convert_kernel<float2, __half2>(tensor_layout_any, T1 *, tensor_layout_any, const T2 *)"
20901850247,12736,447985,2253,1,1,128,1,1,16,0.000,0.000,,,,,NVIDIA A100-SXM4-40GB MIG 4g.20gb (0),1,,13,cupy_copy__float16_float16
20901899527,9472,447994,282,1,1,128,1,1,16,0.000,0.000,,,,,NVIDIA A100-SXM4-40GB MIG 4g.20gb (0),1,,13,cupy_copy__complex64_complex64
20901911174,3264,448003,26,1,1,128,1,1,16,0.000,0.000,,,,,NVIDIA A100-SXM4-40GB MIG 4g.20gb (0),1,,13,cupy_copy__float32_float32
20901916198,3296,448012,103,1,1,128,1,1,16,0.000,0.000,,,,,NVIDIA A100-SXM4-40GB MIG 4g.20gb (0),1,,13,cupy_copy__complex64_complex64
20901957126,23360,448022,1434,1,1,128,1,1,16,0.000,0.000,,,,,NVIDIA A100-SXM4-40GB MIG 4g.20gb (0),1,,13,cupy_copy__complex64_complex64
20902014885,188158,448027,1,1,1,32,32,1,30,0.000,0.000,,,,,NVIDIA A100-SXM4-40GB MIG 4g.20gb (0),1,,13,"void convert_kernel<__half2, float2>(tensor_layout_any, T1 *, tensor_layout_any, const T2 *)"
20902245283,5408,448030,,,,,,,,,,0.094,17325.421,Pinned,Device,NVIDIA A100-SXM4-40GB MIG 4g.20gb (0),1,,13,[CUDA memcpy Host-to-Device]
20902255075,605337,448031,,,,,,,,,,456.561,753782.937,Device,,NVIDIA A100-SXM4-40GB MIG 4g.20gb (0),1,,13,[CUDA memset]
20902861692,357116,448036,,,,,,,,,,1.235,3457.843,Pinned,Device,NVIDIA A100-SXM4-40GB MIG 4g.20gb (0),1,,13,[CUDA memcpy Host-to-Device]
20903271479,88991,448037,,,,,,,,,,0.197,2209.284,Pinned,Device,NVIDIA A100-SXM4-40GB MIG 4g.20gb (0),1,,13,[CUDA memcpy Host-to-Device]
20903363574,7200,448038,69,4,1,48,1,1,76,0.002,0.000,,,,,NVIDIA A100-SXM4-40GB MIG 4g.20gb (0),1,,13,"void ch_est::windowedChEstPreNoDftSOfdmKernel<float, __half, float, (unsigned int)2, (unsigned int)1, (unsigned short)4>(ch_est::puschRxChEstStatDescr_t *, ch_est::puschRxChEstDynDescr_t *)"
20903371766,6656,448039,137,2,1,24,2,1,44,0.001,0.001,,,,,NVIDIA A100-SXM4-40GB MIG 4g.20gb (0),1,,13,"void ch_est::chEstFilterNoDftSOfdmDispatchKernel<float, __half, float, (unsigned int)2>(ch_est::puschRxChEstStatDescr_t *, ch_est::puschRxChEstDynDescr_t *)"
20903379382,5056,448040,137,2,1,24,2,1,44,0.001,0.001,,,,,NVIDIA A100-SXM4-40GB MIG 4g.20gb (0),1,,13,"void ch_est::chEstFilterNoDftSOfdmDispatchKernel<float, __half, float, (unsigned int)2>(ch_est::puschRxChEstStatDescr_t *, ch_est::puschRxChEstDynDescr_t *)"
20903385462,2496,448051,103,1,1,128,1,1,16,0.000,0.000,,,,,NVIDIA A100-SXM4-40GB MIG 4g.20gb (0),1,,13,cupy_copy__complex64_complex64
20903388950,12640,448061,1434,1,1,128,1,1,16,0.000,0.000,,,,,NVIDIA A100-SXM4-40GB MIG 4g.20gb (0),1,,13,cupy_copy__complex64_complex64
20903402678,2432,448068,103,1,1,128,1,1,16,0.000,0.000,,,,,NVIDIA A100-SXM4-40GB MIG 4g.20gb (0),1,,13,cupy_copy__complex64_complex64
20903406134,79679,448075,1,1,1,32,32,1,30,0.000,0.000,,,,,NVIDIA A100-SXM4-40GB MIG 4g.20gb (0),1,,13,"void convert_kernel<__half2, float2>(tensor_layout_any, T1 *, tensor_layout_any, const T2 *)"
20903514933,5376,448078,,,,,,,,,,0.094,17428.487,Pinned,Device,NVIDIA A100-SXM4-40GB MIG 4g.20gb (0),1,,13,[CUDA memcpy Host-to-Device]
20903525716,45504,448079,,,,,,,,,,35.810,786958.802,Device,,NVIDIA A100-SXM4-40GB MIG 4g.20gb (0),1,,13,[CUDA memset]
20903579572,1856,448081,,,,,,,,,,0.000,43.103,Pinned,Device,NVIDIA A100-SXM4-40GB MIG 4g.20gb (0),1,,13,[CUDA memcpy Host-to-Device]
20903583508,9248,448082,,,,,,,,,,0.197,21259.420,Pinned,Device,NVIDIA A100-SXM4-40GB MIG 4g.20gb (0),1,,13,[CUDA memcpy Host-to-Device]
20903595764,9120,448083,273,1,1,48,1,1,40,0.000,0.001,,,,,NVIDIA A100-SXM4-40GB MIG 4g.20gb (0),1,,13,"void pusch_noise_intf_est::noiseIntfEstNoDftSOfdmKernel<float, __half, float, float, (unsigned int)2, (unsigned int)1, (unsigned char)4, (unsigned char)4>(pusch_noise_intf_est::puschRxNoiseIntfEstDynDescr)"
20903605876,2880,448094,35,1,1,128,1,1,16,0.000,0.000,,,,,NVIDIA A100-SXM4-40GB MIG 4g.20gb (0),1,,13,cupy_copy__complex64_complex64
20903641203,6080,448103,1,1,1,1,1,1,18,0.000,0.000,,,,,NVIDIA A100-SXM4-40GB MIG 4g.20gb (0),1,,13,cupy_copy__float32_float32
20903670611,1600,448109,,,,,,,,,,0.000,2.500,Device,Pageable,NVIDIA A100-SXM4-40GB MIG 4g.20gb (0),1,,7,[CUDA memcpy Device-to-Host]
20903768658,12064,448120,1434,1,1,128,1,1,16,0.000,0.000,,,,,NVIDIA A100-SXM4-40GB MIG 4g.20gb (0),1,,13,cupy_copy__complex64_complex64
20903817809,2720,448127,103,1,1,128,1,1,16,0.000,0.000,,,,,NVIDIA A100-SXM4-40GB MIG 4g.20gb (0),1,,13,cupy_copy__complex64_complex64
20903827633,2208,448134,35,1,1,128,1,1,16,0.000,0.000,,,,,NVIDIA A100-SXM4-40GB MIG 4g.20gb (0),1,,13,cupy_copy__complex64_complex64
20903856433,1888,448141,1,1,1,1,1,1,18,0.000,0.000,,,,,NVIDIA A100-SXM4-40GB MIG 4g.20gb (0),1,,13,cupy_copy__float32_float32
20904079054,225918,448152,1,1,1,32,32,1,30,0.000,0.000,,,,,NVIDIA A100-SXM4-40GB MIG 4g.20gb (0),1,,13,"void convert_kernel<__half2, float2>(tensor_layout_any, T1 *, tensor_layout_any, const T2 *)"
20904334059,5856,448155,,,,,,,,,,0.094,15999.997,Pinned,Device,NVIDIA A100-SXM4-40GB MIG 4g.20gb (0),1,,13,[CUDA memcpy Host-to-Device]
20904402219,5792,448156,,,,,,,,,,1.547,267026.180,Device,,NVIDIA A100-SXM4-40GB MIG 4g.20gb (0),1,,13,[CUDA memset]
20904414123,3232,448161,,,,,,,,,,0.031,9683.139,Pinned,Device,NVIDIA A100-SXM4-40GB MIG 4g.20gb (0),1,,13,[CUDA memcpy Host-to-Device]
20904419947,10175,448162,,,,,,,,,,0.197,19322.634,Pinned,Device,NVIDIA A100-SXM4-40GB MIG 4g.20gb (0),1,,13,[CUDA memcpy Host-to-Device]
20904510153,25792,448163,273,1,1,8,4,1,39,0.002,0.000,,,,,NVIDIA A100-SXM4-40GB MIG 4g.20gb (0),1,,13,"void channel_eq::eqMmseCoefCompLowMimoKernel<float, float, float, (unsigned int)4, (unsigned int)1, (unsigned int)4>(const channel_eq::_puschRxChEqStatDescr *, channel_eq::_puschRxChEqCoefCompDynDescr)"
20904540649,52768,448164,273,1,1,12,11,1,51,0.002,0.000,,,,,NVIDIA A100-SXM4-40GB MIG 4g.20gb (0),1,,13,"void channel_eq::eqMmseSoftDemapKernel<float, __half, __half, float, (unsigned int)4, (unsigned short)16383>(channel_eq::_puschRxChEqStatDescr *, channel_eq::_puschRxChEqSoftDemapDynDescr)"
20904742503,539354,448165,1,1,1,32,32,1,30,0.000,0.000,,,,,NVIDIA A100-SXM4-40GB MIG 4g.20gb (0),1,,13,"void convert_kernel<float2, __half2>(tensor_layout_any, T1 *, tensor_layout_any, const T2 *)"
20905376704,15776,448177,2253,1,1,128,1,1,16,0.000,0.000,,,,,NVIDIA A100-SXM4-40GB MIG 4g.20gb (0),1,,13,cupy_copy__float16_float16
20905394464,4032,448186,282,1,1,128,1,1,16,0.000,0.000,,,,,NVIDIA A100-SXM4-40GB MIG 4g.20gb (0),1,,13,cupy_copy__complex64_complex64
20905403808,2272,448195,26,1,1,128,1,1,16,0.000,0.000,,,,,NVIDIA A100-SXM4-40GB MIG 4g.20gb (0),1,,13,cupy_copy__float32_float32
20905477855,6592,448204,103,1,1,128,1,1,16,0.000,0.000,,,,,NVIDIA A100-SXM4-40GB MIG 4g.20gb (0),1,,13,cupy_copy__complex64_complex64
20905581822,17343,448220,1434,1,1,128,1,1,16,0.000,0.000,,,,,NVIDIA A100-SXM4-40GB MIG 4g.20gb (0),1,,13,cupy_copy__complex64_complex64
20905682908,249054,448225,1,1,1,32,32,1,30,0.000,0.000,,,,,NVIDIA A100-SXM4-40GB MIG 4g.20gb (0),1,,13,"void convert_kernel<__half2, float2>(tensor_layout_any, T1 *, tensor_layout_any, const T2 *)"
20905961785,5408,448228,,,,,,,,,,0.094,17325.421,Pinned,Device,NVIDIA A100-SXM4-40GB MIG 4g.20gb (0),1,,13,[CUDA memcpy Host-to-Device]
20905972377,622681,448229,,,,,,,,,,456.561,732781.111,Device,,NVIDIA A100-SXM4-40GB MIG 4g.20gb (0),1,,13,[CUDA memset]
20906604434,52512,448234,,,,,,,,,,1.235,23517.039,Pinned,Device,NVIDIA A100-SXM4-40GB MIG 4g.20gb (0),1,,13,[CUDA memcpy Host-to-Device]
20906659378,9823,448235,,,,,,,,,,0.197,20014.891,Pinned,Device,NVIDIA A100-SXM4-40GB MIG 4g.20gb (0),1,,13,[CUDA memcpy Host-to-Device]
20906673201,7520,448236,69,4,1,48,1,1,76,0.002,0.000,,,,,NVIDIA A100-SXM4-40GB MIG 4g.20gb (0),1,,13,"void ch_est::windowedChEstPreNoDftSOfdmKernel<float, __half, float, (unsigned int)2, (unsigned int)1, (unsigned short)4>(ch_est::puschRxChEstStatDescr_t *, ch_est::puschRxChEstDynDescr_t *)"
20906682545,6432,448237,137,2,1,24,2,1,44,0.001,0.001,,,,,NVIDIA A100-SXM4-40GB MIG 4g.20gb (0),1,,13,"void ch_est::chEstFilterNoDftSOfdmDispatchKernel<float, __half, float, (unsigned int)2>(ch_est::puschRxChEstStatDescr_t *, ch_est::puschRxChEstDynDescr_t *)"
20906691057,5376,448238,137,2,1,24,2,1,44,0.001,0.001,,,,,NVIDIA A100-SXM4-40GB MIG 4g.20gb (0),1,,13,"void ch_est::chEstFilterNoDftSOfdmDispatchKernel<float, __half, float, (unsigned int)2>(ch_est::puschRxChEstStatDescr_t *, ch_est::puschRxChEstDynDescr_t *)"
20906698417,2560,448249,103,1,1,128,1,1,16,0.000,0.000,,,,,NVIDIA A100-SXM4-40GB MIG 4g.20gb (0),1,,13,cupy_copy__complex64_complex64
20906703505,12768,448259,1434,1,1,128,1,1,16,0.000,0.000,,,,,NVIDIA A100-SXM4-40GB MIG 4g.20gb (0),1,,13,cupy_copy__complex64_complex64
20906719121,2528,448266,103,1,1,128,1,1,16,0.000,0.000,,,,,NVIDIA A100-SXM4-40GB MIG 4g.20gb (0),1,,13,cupy_copy__complex64_complex64
20906722865,79519,448273,1,1,1,32,32,1,30,0.000,0.000,,,,,NVIDIA A100-SXM4-40GB MIG 4g.20gb (0),1,,13,"void convert_kernel<__half2, float2>(tensor_layout_any, T1 *, tensor_layout_any, const T2 *)"
20906830928,5440,448276,,,,,,,,,,0.094,17223.480,Pinned,Device,NVIDIA A100-SXM4-40GB MIG 4g.20gb (0),1,,13,[CUDA memcpy Host-to-Device]
20906842895,50496,448277,,,,,,,,,,35.810,709143.846,Device,,NVIDIA A100-SXM4-40GB MIG 4g.20gb (0),1,,13,[CUDA memset]
20906899151,1888,448279,,,,,,,,,,0.000,42.373,Pinned,Device,NVIDIA A100-SXM4-40GB MIG 4g.20gb (0),1,,13,[CUDA memcpy Host-to-Device]
20906903887,9504,448280,,,,,,,,,,0.197,20686.701,Pinned,Device,NVIDIA A100-SXM4-40GB MIG 4g.20gb (0),1,,13,[CUDA memcpy Host-to-Device]
20906917423,8512,448281,273,1,1,48,1,1,40,0.000,0.001,,,,,NVIDIA A100-SXM4-40GB MIG 4g.20gb (0),1,,13,"void pusch_noise_intf_est::noiseIntfEstNoDftSOfdmKernel<float, __half, float, float, (unsigned int)2, (unsigned int)1, (unsigned char)4, (unsigned char)4>(pusch_noise_intf_est::puschRxNoiseIntfEstDynDescr)"
20906928239,2943,448292,35,1,1,128,1,1,16,0.000,0.000,,,,,NVIDIA A100-SXM4-40GB MIG 4g.20gb (0),1,,13,cupy_copy__complex64_complex64
20906951374,1952,448301,1,1,1,1,1,1,18,0.000,0.000,,,,,NVIDIA A100-SXM4-40GB MIG 4g.20gb (0),1,,13,cupy_copy__float32_float32
20906986158,1600,448307,,,,,,,,,,0.000,2.500,Device,Pageable,NVIDIA A100-SXM4-40GB MIG 4g.20gb (0),1,,7,[CUDA memcpy Device-to-Host]
20907057005,12800,448318,1434,1,1,128,1,1,16,0.000,0.000,,,,,NVIDIA A100-SXM4-40GB MIG 4g.20gb (0),1,,13,cupy_copy__complex64_complex64
20907083469,2752,448325,103,1,1,128,1,1,16,0.000,0.000,,,,,NVIDIA A100-SXM4-40GB MIG 4g.20gb (0),1,,13,cupy_copy__complex64_complex64
20907103373,2208,448332,35,1,1,128,1,1,16,0.000,0.000,,,,,NVIDIA A100-SXM4-40GB MIG 4g.20gb (0),1,,13,cupy_copy__complex64_complex64
20907121900,1856,448339,1,1,1,1,1,1,18,0.000,0.000,,,,,NVIDIA A100-SXM4-40GB MIG 4g.20gb (0),1,,13,cupy_copy__float32_float32
20907258603,79839,448350,1,1,1,32,32,1,30,0.000,0.000,,,,,NVIDIA A100-SXM4-40GB MIG 4g.20gb (0),1,,13,"void convert_kernel<__half2, float2>(tensor_layout_any, T1 *, tensor_layout_any, const T2 *)"
20907367850,5792,448353,,,,,,,,,,0.094,16176.708,Pinned,Device,NVIDIA A100-SXM4-40GB MIG 4g.20gb (0),1,,13,[CUDA memcpy Host-to-Device]
20907382249,3200,448354,,,,,,,,,,1.547,483320.000,Device,,NVIDIA A100-SXM4-40GB MIG 4g.20gb (0),1,,13,[CUDA memset]
20907388969,3104,448359,,,,,,,,,,0.031,10082.445,Pinned,Device,NVIDIA A100-SXM4-40GB MIG 4g.20gb (0),1,,13,[CUDA memcpy Host-to-Device]
20907395657,9472,448360,,,,,,,,,,0.197,20756.693,Pinned,Device,NVIDIA A100-SXM4-40GB MIG 4g.20gb (0),1,,13,[CUDA memcpy Host-to-Device]
20907409961,6272,448361,273,1,1,8,4,1,39,0.002,0.000,,,,,NVIDIA A100-SXM4-40GB MIG 4g.20gb (0),1,,13,"void channel_eq::eqMmseCoefCompLowMimoKernel<float, float, float, (unsigned int)4, (unsigned int)1, (unsigned int)4>(const channel_eq::_puschRxChEqStatDescr *, channel_eq::_puschRxChEqCoefCompDynDescr)"
20907417545,6336,448362,273,1,1,12,11,1,51,0.002,0.000,,,,,NVIDIA A100-SXM4-40GB MIG 4g.20gb (0),1,,13,"void channel_eq::eqMmseSoftDemapKernel<float, __half, __half, float, (unsigned int)4, (unsigned short)16383>(channel_eq::_puschRxChEqStatDescr *, channel_eq::_puschRxChEqSoftDemapDynDescr)"
20907425801,508122,448363,1,1,1,32,32,1,30,0.000,0.000,,,,,NVIDIA A100-SXM4-40GB MIG 4g.20gb (0),1,,13,"void convert_kernel<float2, __half2>(tensor_layout_any, T1 *, tensor_layout_any, const T2 *)"
20907980867,21376,448375,2253,1,1,128,1,1,16,0.000,0.000,,,,,NVIDIA A100-SXM4-40GB MIG 4g.20gb (0),1,,13,cupy_copy__float16_float16
20908040898,9504,448384,282,1,1,128,1,1,16,0.000,0.000,,,,,NVIDIA A100-SXM4-40GB MIG 4g.20gb (0),1,,13,cupy_copy__complex64_complex64
20908058530,2944,448393,26,1,1,128,1,1,16,0.000,0.000,,,,,NVIDIA A100-SXM4-40GB MIG 4g.20gb (0),1,,13,cupy_copy__float32_float32
20908101025,12128,448402,103,1,1,128,1,1,16,0.000,0.000,,,,,NVIDIA A100-SXM4-40GB MIG 4g.20gb (0),1,,13,cupy_copy__complex64_complex64
20908120673,13856,448412,1434,1,1,128,1,1,16,0.000,0.000,,,,,NVIDIA A100-SXM4-40GB MIG 4g.20gb (0),1,,13,cupy_copy__complex64_complex64
20908169153,406331,448417,1,1,1,32,32,1,30,0.000,0.000,,,,,NVIDIA A100-SXM4-40GB MIG 4g.20gb (0),1,,13,"void convert_kernel<__half2, float2>(tensor_layout_any, T1 *, tensor_layout_any, const T2 *)"
20908607804,5376,448420,,,,,,,,,,0.094,17428.487,Pinned,Device,NVIDIA A100-SXM4-40GB MIG 4g.20gb (0),1,,13,[CUDA memcpy Host-to-Device]
20908643931,621785,448421,,,,,,,,,,456.561,734150.796,Device,,NVIDIA A100-SXM4-40GB MIG 4g.20gb (0),1,,13,[CUDA memset]
20909267700,59392,448426,,,,,,,,,,1.235,20792.752,Pinned,Device,NVIDIA A100-SXM4-40GB MIG 4g.20gb (0),1,,13,[CUDA memcpy Host-to-Device]
20909329748,12992,448427,,,,,,,,,,0.197,15132.918,Pinned,Device,NVIDIA A100-SXM4-40GB MIG 4g.20gb (0),1,,13,[CUDA memcpy Host-to-Device]
20909392243,10336,448428,69,4,1,48,1,1,76,0.002,0.000,,,,,NVIDIA A100-SXM4-40GB MIG 4g.20gb (0),1,,13,"void ch_est::windowedChEstPreNoDftSOfdmKernel<float, __half, float, (unsigned int)2, (unsigned int)1, (unsigned short)4>(ch_est::puschRxChEstStatDescr_t *, ch_est::puschRxChEstDynDescr_t *)"
20909452050,10240,448429,137,2,1,24,2,1,44,0.001,0.001,,,,,NVIDIA A100-SXM4-40GB MIG 4g.20gb (0),1,,13,"void ch_est::chEstFilterNoDftSOfdmDispatchKernel<float, __half, float, (unsigned int)2>(ch_est::puschRxChEstStatDescr_t *, ch_est::puschRxChEstDynDescr_t *)"
20909510450,10208,448430,137,2,1,24,2,1,44,0.001,0.001,,,,,NVIDIA A100-SXM4-40GB MIG 4g.20gb (0),1,,13,"void ch_est::chEstFilterNoDftSOfdmDispatchKernel<float, __half, float, (unsigned int)2>(ch_est::puschRxChEstStatDescr_t *, ch_est::puschRxChEstDynDescr_t *)"
20909572273,4896,448441,103,1,1,128,1,1,16,0.000,0.000,,,,,NVIDIA A100-SXM4-40GB MIG 4g.20gb (0),1,,13,cupy_copy__complex64_complex64
20909585073,16128,448451,1434,1,1,128,1,1,16,0.000,0.000,,,,,NVIDIA A100-SXM4-40GB MIG 4g.20gb (0),1,,13,cupy_copy__complex64_complex64
20909638288,5888,448458,103,1,1,128,1,1,16,0.000,0.000,,,,,NVIDIA A100-SXM4-40GB MIG 4g.20gb (0),1,,13,cupy_copy__complex64_complex64
20909654800,336988,448465,1,1,1,32,32,1,30,0.000,0.000,,,,,NVIDIA A100-SXM4-40GB MIG 4g.20gb (0),1,,13,"void convert_kernel<__half2, float2>(tensor_layout_any, T1 *, tensor_layout_any, const T2 *)"
20910020172,5536,448468,,,,,,,,,,0.094,16924.777,Pinned,Device,NVIDIA A100-SXM4-40GB MIG 4g.20gb (0),1,,13,[CUDA memcpy Host-to-Device]
20910032556,50559,448469,,,,,,,,,,35.810,708248.598,Device,,NVIDIA A100-SXM4-40GB MIG 4g.20gb (0),1,,13,[CUDA memset]
20910119435,2368,448471,,,,,,,,,,0.000,33.784,Pinned,Device,NVIDIA A100-SXM4-40GB MIG 4g.20gb (0),1,,13,[CUDA memcpy Host-to-Device]
20910124651,9824,448472,,,,,,,,,,0.197,20012.925,Pinned,Device,NVIDIA A100-SXM4-40GB MIG 4g.20gb (0),1,,13,[CUDA memcpy Host-to-Device]
20910138827,8800,448473,273,1,1,48,1,1,40,0.000,0.001,,,,,NVIDIA A100-SXM4-40GB MIG 4g.20gb (0),1,,13,"void pusch_noise_intf_est::noiseIntfEstNoDftSOfdmKernel<float, __half, float, float, (unsigned int)2, (unsigned int)1, (unsigned char)4, (unsigned char)4>(pusch_noise_intf_est::puschRxNoiseIntfEstDynDescr)"
20910149675,2784,448484,35,1,1,128,1,1,16,0.000,0.000,,,,,NVIDIA A100-SXM4-40GB MIG 4g.20gb (0),1,,13,cupy_copy__complex64_complex64
20910154763,1920,448493,1,1,1,1,1,1,18,0.000,0.000,,,,,NVIDIA A100-SXM4-40GB MIG 4g.20gb (0),1,,13,cupy_copy__float32_float32
20910181002,1568,448499,,,,,,,,,,0.000,2.551,Device,Pageable,NVIDIA A100-SXM4-40GB MIG 4g.20gb (0),1,,7,[CUDA memcpy Device-to-Host]
20910243178,12511,448510,1434,1,1,128,1,1,16,0.000,0.000,,,,,NVIDIA A100-SXM4-40GB MIG 4g.20gb (0),1,,13,cupy_copy__complex64_complex64
20910269385,2848,448517,103,1,1,128,1,1,16,0.000,0.000,,,,,NVIDIA A100-SXM4-40GB MIG 4g.20gb (0),1,,13,cupy_copy__complex64_complex64
20910290025,2176,448524,35,1,1,128,1,1,16,0.000,0.000,,,,,NVIDIA A100-SXM4-40GB MIG 4g.20gb (0),1,,13,cupy_copy__complex64_complex64
20910307977,1888,448531,1,1,1,1,1,1,18,0.000,0.000,,,,,NVIDIA A100-SXM4-40GB MIG 4g.20gb (0),1,,13,cupy_copy__float32_float32
20910444071,79999,448542,1,1,1,32,32,1,30,0.000,0.000,,,,,NVIDIA A100-SXM4-40GB MIG 4g.20gb (0),1,,13,"void convert_kernel<__half2, float2>(tensor_layout_any, T1 *, tensor_layout_any, const T2 *)"
20910552678,5568,448545,,,,,,,,,,0.094,16827.521,Pinned,Device,NVIDIA A100-SXM4-40GB MIG 4g.20gb (0),1,,13,[CUDA memcpy Host-to-Device]
20910566566,3296,448546,,,,,,,,,,1.547,469242.628,Device,,NVIDIA A100-SXM4-40GB MIG 4g.20gb (0),1,,13,[CUDA memset]
20910573222,3392,448551,,,,,,,,,,0.031,9226.405,Pinned,Device,NVIDIA A100-SXM4-40GB MIG 4g.20gb (0),1,,13,[CUDA memcpy Host-to-Device]
20910579142,9472,448552,,,,,,,,,,0.197,20756.693,Pinned,Device,NVIDIA A100-SXM4-40GB MIG 4g.20gb (0),1,,13,[CUDA memcpy Host-to-Device]
20910592582,6272,448553,273,1,1,8,4,1,39,0.002,0.000,,,,,NVIDIA A100-SXM4-40GB MIG 4g.20gb (0),1,,13,"void channel_eq::eqMmseCoefCompLowMimoKernel<float, float, float, (unsigned int)4, (unsigned int)1, (unsigned int)4>(const channel_eq::_puschRxChEqStatDescr *, channel_eq::_puschRxChEqCoefCompDynDescr)"
20910600262,6719,448554,273,1,1,12,11,1,51,0.002,0.000,,,,,NVIDIA A100-SXM4-40GB MIG 4g.20gb (0),1,,13,"void channel_eq::eqMmseSoftDemapKernel<float, __half, __half, float, (unsigned int)4, (unsigned short)16383>(channel_eq::_puschRxChEqStatDescr *, channel_eq::_puschRxChEqSoftDemapDynDescr)"
20910609605,281693,448555,1,1,1,32,32,1,30,0.000,0.000,,,,,NVIDIA A100-SXM4-40GB MIG 4g.20gb (0),1,,13,"void convert_kernel<float2, __half2>(tensor_layout_any, T1 *, tensor_layout_any, const T2 *)"
20910897026,10528,448567,2253,1,1,128,1,1,16,0.000,0.000,,,,,NVIDIA A100-SXM4-40GB MIG 4g.20gb (0),1,,13,cupy_copy__float16_float16
20910909794,2848,448576,282,1,1,128,1,1,16,0.000,0.000,,,,,NVIDIA A100-SXM4-40GB MIG 4g.20gb (0),1,,13,cupy_copy__complex64_complex64
20910914562,2112,448585,26,1,1,128,1,1,16,0.000,0.000,,,,,NVIDIA A100-SXM4-40GB MIG 4g.20gb (0),1,,13,cupy_copy__float32_float32
20910918210,2944,448594,103,1,1,128,1,1,16,0.000,0.000,,,,,NVIDIA A100-SXM4-40GB MIG 4g.20gb (0),1,,13,cupy_copy__complex64_complex64
20910923266,11328,448604,1434,1,1,128,1,1,16,0.000,0.000,,,,,NVIDIA A100-SXM4-40GB MIG 4g.20gb (0),1,,13,cupy_copy__complex64_complex64
20911030369,265853,448609,1,1,1,32,32,1,30,0.000,0.000,,,,,NVIDIA A100-SXM4-40GB MIG 4g.20gb (0),1,,13,"void convert_kernel<__half2, float2>(tensor_layout_any, T1 *, tensor_layout_any, const T2 *)"
20911328957,12832,448612,,,,,,,,,,0.094,7301.729,Pinned,Device,NVIDIA A100-SXM4-40GB MIG 4g.20gb (0),1,,13,[CUDA memcpy Host-to-Device]
20911352285,632377,448613,,,,,,,,,,456.561,721823.637,Device,,NVIDIA A100-SXM4-40GB MIG 4g.20gb (0),1,,13,[CUDA memset]
20911990742,71551,448618,,,,,,,,,,1.235,17259.577,Pinned,Device,NVIDIA A100-SXM4-40GB MIG 4g.20gb (0),1,,13,[CUDA memcpy Host-to-Device]
20912068885,14720,448619,,,,,,,,,,0.197,13356.368,Pinned,Device,NVIDIA A100-SXM4-40GB MIG 4g.20gb (0),1,,13,[CUDA memcpy Host-to-Device]
20912119989,20127,448620,69,4,1,48,1,1,76,0.002,0.000,,,,,NVIDIA A100-SXM4-40GB MIG 4g.20gb (0),1,,13,"void ch_est::windowedChEstPreNoDftSOfdmKernel<float, __half, float, (unsigned int)2, (unsigned int)1, (unsigned short)4>(ch_est::puschRxChEstStatDescr_t *, ch_est::puschRxChEstDynDescr_t *)"
20912144916,6752,448621,137,2,1,24,2,1,44,0.001,0.001,,,,,NVIDIA A100-SXM4-40GB MIG 4g.20gb (0),1,,13,"void ch_est::chEstFilterNoDftSOfdmDispatchKernel<float, __half, float, (unsigned int)2>(ch_est::puschRxChEstStatDescr_t *, ch_est::puschRxChEstDynDescr_t *)"
20912212884,15647,448622,137,2,1,24,2,1,44,0.001,0.001,,,,,NVIDIA A100-SXM4-40GB MIG 4g.20gb (0),1,,13,"void ch_est::chEstFilterNoDftSOfdmDispatchKernel<float, __half, float, (unsigned int)2>(ch_est::puschRxChEstStatDescr_t *, ch_est::puschRxChEstDynDescr_t *)"
20912231251,6560,448633,103,1,1,128,1,1,16,0.000,0.000,,,,,NVIDIA A100-SXM4-40GB MIG 4g.20gb (0),1,,13,cupy_copy__complex64_complex64
20912310227,37599,448643,1434,1,1,128,1,1,16,0.000,0.000,,,,,NVIDIA A100-SXM4-40GB MIG 4g.20gb (0),1,,13,cupy_copy__complex64_complex64
20912411985,11264,448650,103,1,1,128,1,1,16,0.000,0.000,,,,,NVIDIA A100-SXM4-40GB MIG 4g.20gb (0),1,,13,cupy_copy__complex64_complex64
20912515920,287773,448657,1,1,1,32,32,1,30,0.000,0.000,,,,,NVIDIA A100-SXM4-40GB MIG 4g.20gb (0),1,,13,"void convert_kernel<__half2, float2>(tensor_layout_any, T1 *, tensor_layout_any, const T2 *)"
20912835181,6432,448660,,,,,,,,,,0.094,14567.105,Pinned,Device,NVIDIA A100-SXM4-40GB MIG 4g.20gb (0),1,,13,[CUDA memcpy Host-to-Device]
20912853164,50400,448661,,,,,,,,,,35.810,710504.623,Device,,NVIDIA A100-SXM4-40GB MIG 4g.20gb (0),1,,13,[CUDA memset]
20912941995,2240,448663,,,,,,,,,,0.000,35.714,Pinned,Device,NVIDIA A100-SXM4-40GB MIG 4g.20gb (0),1,,13,[CUDA memcpy Host-to-Device]
20912951083,13632,448664,,,,,,,,,,0.197,14422.376,Pinned,Device,NVIDIA A100-SXM4-40GB MIG 4g.20gb (0),1,,13,[CUDA memcpy Host-to-Device]
20912970379,16608,448665,273,1,1,48,1,1,40,0.000,0.001,,,,,NVIDIA A100-SXM4-40GB MIG 4g.20gb (0),1,,13,"void pusch_noise_intf_est::noiseIntfEstNoDftSOfdmKernel<float, __half, float, float, (unsigned int)2, (unsigned int)1, (unsigned char)4, (unsigned char)4>(pusch_noise_intf_est::puschRxNoiseIntfEstDynDescr)"
20912994059,2816,448676,35,1,1,128,1,1,16,0.000,0.000,,,,,NVIDIA A100-SXM4-40GB MIG 4g.20gb (0),1,,13,cupy_copy__complex64_complex64
20912999467,1888,448685,1,1,1,1,1,1,18,0.000,0.000,,,,,NVIDIA A100-SXM4-40GB MIG 4g.20gb (0),1,,13,cupy_copy__float32_float32
20913005355,1600,448691,,,,,,,,,,0.000,2.500,Device,Pageable,NVIDIA A100-SXM4-40GB MIG 4g.20gb (0),1,,7,[CUDA memcpy Device-to-Host]
20913067306,13056,448702,1434,1,1,128,1,1,16,0.000,0.000,,,,,NVIDIA A100-SXM4-40GB MIG 4g.20gb (0),1,,13,cupy_copy__complex64_complex64
20913093834,2816,448709,103,1,1,128,1,1,16,0.000,0.000,,,,,NVIDIA A100-SXM4-40GB MIG 4g.20gb (0),1,,13,cupy_copy__complex64_complex64
20913114058,2176,448716,35,1,1,128,1,1,16,0.000,0.000,,,,,NVIDIA A100-SXM4-40GB MIG 4g.20gb (0),1,,13,cupy_copy__complex64_complex64
20913132521,1888,448723,1,1,1,1,1,1,18,0.000,0.000,,,,,NVIDIA A100-SXM4-40GB MIG 4g.20gb (0),1,,13,cupy_copy__float32_float32
20913272296,129694,448734,1,1,1,32,32,1,30,0.000,0.000,,,,,NVIDIA A100-SXM4-40GB MIG 4g.20gb (0),1,,13,"void convert_kernel<__half2, float2>(tensor_layout_any, T1 *, tensor_layout_any, const T2 *)"
20913431142,5408,448737,,,,,,,,,,0.094,17325.421,Pinned,Device,NVIDIA A100-SXM4-40GB MIG 4g.20gb (0),1,,13,[CUDA memcpy Host-to-Device]
20913445414,7168,448738,,,,,,,,,,1.547,215766.421,Device,,NVIDIA A100-SXM4-40GB MIG 4g.20gb (0),1,,13,[CUDA memset]
20913453542,3200,448743,,,,,,,,,,0.031,9780.000,Pinned,Device,NVIDIA A100-SXM4-40GB MIG 4g.20gb (0),1,,13,[CUDA memcpy Host-to-Device]
20913459366,16831,448744,,,,,,,,,,0.197,11681.268,Pinned,Device,NVIDIA A100-SXM4-40GB MIG 4g.20gb (0),1,,13,[CUDA memcpy Host-to-Device]
20913484197,10880,448745,273,1,1,8,4,1,39,0.002,0.000,,,,,NVIDIA A100-SXM4-40GB MIG 4g.20gb (0),1,,13,"void channel_eq::eqMmseCoefCompLowMimoKernel<float, float, float, (unsigned int)4, (unsigned int)1, (unsigned int)4>(const channel_eq::_puschRxChEqStatDescr *, channel_eq::_puschRxChEqCoefCompDynDescr)"
20913501029,9088,448746,273,1,1,12,11,1,51,0.002,0.000,,,,,NVIDIA A100-SXM4-40GB MIG 4g.20gb (0),1,,13,"void channel_eq::eqMmseSoftDemapKernel<float, __half, __half, float, (unsigned int)4, (unsigned short)16383>(channel_eq::_puschRxChEqStatDescr *, channel_eq::_puschRxChEqSoftDemapDynDescr)"
20913511557,550522,448747,1,1,1,32,32,1,30,0.000,0.000,,,,,NVIDIA A100-SXM4-40GB MIG 4g.20gb (0),1,,13,"void convert_kernel<float2, __half2>(tensor_layout_any, T1 *, tensor_layout_any, const T2 *)"
20914071583,12064,448759,2253,1,1,128,1,1,16,0.000,0.000,,,,,NVIDIA A100-SXM4-40GB MIG 4g.20gb (0),1,,13,cupy_copy__float16_float16
20914177246,4576,448768,282,1,1,128,1,1,16,0.000,0.000,,,,,NVIDIA A100-SXM4-40GB MIG 4g.20gb (0),1,,13,cupy_copy__complex64_complex64
20914300956,18688,448777,26,1,1,128,1,1,16,0.000,0.000,,,,,NVIDIA A100-SXM4-40GB MIG 4g.20gb (0),1,,13,cupy_copy__float32_float32
20914326108,18944,448786,103,1,1,128,1,1,16,0.000,0.000,,,,,NVIDIA A100-SXM4-40GB MIG 4g.20gb (0),1,,13,cupy_copy__complex64_complex64
20914346652,13152,448796,1434,1,1,128,1,1,16,0.000,0.000,,,,,NVIDIA A100-SXM4-40GB MIG 4g.20gb (0),1,,13,cupy_copy__complex64_complex64
20914370748,272540,448801,1,1,1,32,32,1,30,0.000,0.000,,,,,NVIDIA A100-SXM4-40GB MIG 4g.20gb (0),1,,13,"void convert_kernel<__half2, float2>(tensor_layout_any, T1 *, tensor_layout_any, const T2 *)"
20914671832,5376,448804,,,,,,,,,,0.094,17428.487,Pinned,Device,NVIDIA A100-SXM4-40GB MIG 4g.20gb (0),1,,13,[CUDA memcpy Host-to-Device]
20914682232,644953,448805,,,,,,,,,,456.561,707670.232,Device,,NVIDIA A100-SXM4-40GB MIG 4g.20gb (0),1,,13,[CUDA memset]
20915334225,69983,448810,,,,,,,,,,1.235,17646.115,Pinned,Device,NVIDIA A100-SXM4-40GB MIG 4g.20gb (0),1,,13,[CUDA memcpy Host-to-Device]
20915407216,12864,448811,,,,,,,,,,0.197,15283.519,Pinned,Device,NVIDIA A100-SXM4-40GB MIG 4g.20gb (0),1,,13,[CUDA memcpy Host-to-Device]
20915440656,24799,448812,69,4,1,48,1,1,76,0.002,0.000,,,,,NVIDIA A100-SXM4-40GB MIG 4g.20gb (0),1,,13,"void ch_est::windowedChEstPreNoDftSOfdmKernel<float, __half, float, (unsigned int)2, (unsigned int)1, (unsigned short)4>(ch_est::puschRxChEstStatDescr_t *, ch_est::puschRxChEstDynDescr_t *)"
20915478447,27968,448813,137,2,1,24,2,1,44,0.001,0.001,,,,,NVIDIA A100-SXM4-40GB MIG 4g.20gb (0),1,,13,"void ch_est::chEstFilterNoDftSOfdmDispatchKernel<float, __half, float, (unsigned int)2>(ch_est::puschRxChEstStatDescr_t *, ch_est::puschRxChEstDynDescr_t *)"
20915534095,11135,448814,137,2,1,24,2,1,44,0.001,0.001,,,,,NVIDIA A100-SXM4-40GB MIG 4g.20gb (0),1,,13,"void ch_est::chEstFilterNoDftSOfdmDispatchKernel<float, __half, float, (unsigned int)2>(ch_est::puschRxChEstStatDescr_t *, ch_est::puschRxChEstDynDescr_t *)"
20915692493,4192,448825,103,1,1,128,1,1,16,0.000,0.000,,,,,NVIDIA A100-SXM4-40GB MIG 4g.20gb (0),1,,13,cupy_copy__complex64_complex64
20915755852,24480,448835,1434,1,1,128,1,1,16,0.000,0.000,,,,,NVIDIA A100-SXM4-40GB MIG 4g.20gb (0),1,,13,cupy_copy__complex64_complex64
20915820459,9920,448842,103,1,1,128,1,1,16,0.000,0.000,,,,,NVIDIA A100-SXM4-40GB MIG 4g.20gb (0),1,,13,cupy_copy__complex64_complex64
20915978410,255389,448849,1,1,1,32,32,1,30,0.000,0.000,,,,,NVIDIA A100-SXM4-40GB MIG 4g.20gb (0),1,,13,"void convert_kernel<__half2, float2>(tensor_layout_any, T1 *, tensor_layout_any, const T2 *)"
20916266086,16640,448852,,,,,,,,,,0.094,5630.755,Pinned,Device,NVIDIA A100-SXM4-40GB MIG 4g.20gb (0),1,,13,[CUDA memcpy Host-to-Device]
20916423141,54943,448853,,,,,,,,,,35.810,651740.544,Device,,NVIDIA A100-SXM4-40GB MIG 4g.20gb (0),1,,13,[CUDA memset]
20917350714,3904,448855,,,,,,,,,,0.000,20.492,Pinned,Device,NVIDIA A100-SXM4-40GB MIG 4g.20gb (0),1,,13,[CUDA memcpy Host-to-Device]
20917359930,10240,448856,,,,,,,,,,0.197,19199.951,Pinned,Device,NVIDIA A100-SXM4-40GB MIG 4g.20gb (0),1,,13,[CUDA memcpy Host-to-Device]
20917468889,59231,448857,273,1,1,48,1,1,40,0.000,0.001,,,,,NVIDIA A100-SXM4-40GB MIG 4g.20gb (0),1,,13,"void pusch_noise_intf_est::noiseIntfEstNoDftSOfdmKernel<float, __half, float, float, (unsigned int)2, (unsigned int)1, (unsigned char)4, (unsigned char)4>(pusch_noise_intf_est::puschRxNoiseIntfEstDynDescr)"
20917574744,6432,448868,35,1,1,128,1,1,16,0.000,0.000,,,,,NVIDIA A100-SXM4-40GB MIG 4g.20gb (0),1,,13,cupy_copy__complex64_complex64
20917656535,7840,448877,1,1,1,1,1,1,18,0.000,0.000,,,,,NVIDIA A100-SXM4-40GB MIG 4g.20gb (0),1,,13,cupy_copy__float32_float32
20917668311,2688,448883,,,,,,,,,,0.000,1.488,Device,Pageable,NVIDIA A100-SXM4-40GB MIG 4g.20gb (0),1,,7,[CUDA memcpy Device-to-Host]
20917831349,23744,448894,1434,1,1,128,1,1,16,0.000,0.000,,,,,NVIDIA A100-SXM4-40GB MIG 4g.20gb (0),1,,13,cupy_copy__complex64_complex64
20917992915,7744,448901,103,1,1,128,1,1,16,0.000,0.000,,,,,NVIDIA A100-SXM4-40GB MIG 4g.20gb (0),1,,13,cupy_copy__complex64_complex64
20918051346,9280,448908,35,1,1,128,1,1,16,0.000,0.000,,,,,NVIDIA A100-SXM4-40GB MIG 4g.20gb (0),1,,13,cupy_copy__complex64_complex64
20918062610,2688,448915,1,1,1,1,1,1,18,0.000,0.000,,,,,NVIDIA A100-SXM4-40GB MIG 4g.20gb (0),1,,13,cupy_copy__float32_float32
20918066610,189118,448926,1,1,1,32,32,1,30,0.000,0.000,,,,,NVIDIA A100-SXM4-40GB MIG 4g.20gb (0),1,,13,"void convert_kernel<__half2, float2>(tensor_layout_any, T1 *, tensor_layout_any, const T2 *)"
20918433934,5440,448929,,,,,,,,,,0.094,17223.480,Pinned,Device,NVIDIA A100-SXM4-40GB MIG 4g.20gb (0),1,,13,[CUDA memcpy Host-to-Device]
20918443342,3296,448930,,,,,,,,,,1.547,469242.628,Device,,NVIDIA A100-SXM4-40GB MIG 4g.20gb (0),1,,13,[CUDA memset]
20919028008,3232,448935,,,,,,,,,,0.031,9683.139,Pinned,Device,NVIDIA A100-SXM4-40GB MIG 4g.20gb (0),1,,13,[CUDA memcpy Host-to-Device]
20919033640,10527,448936,,,,,,,,,,0.197,18676.384,Pinned,Device,NVIDIA A100-SXM4-40GB MIG 4g.20gb (0),1,,13,[CUDA memcpy Host-to-Device]
20919082055,10912,448937,273,1,1,8,4,1,39,0.002,0.000,,,,,NVIDIA A100-SXM4-40GB MIG 4g.20gb (0),1,,13,"void channel_eq::eqMmseCoefCompLowMimoKernel<float, float, float, (unsigned int)4, (unsigned int)1, (unsigned int)4>(const channel_eq::_puschRxChEqStatDescr *, channel_eq::_puschRxChEqCoefCompDynDescr)"
20919140998,9632,448938,273,1,1,12,11,1,51,0.002,0.000,,,,,NVIDIA A100-SXM4-40GB MIG 4g.20gb (0),1,,13,"void channel_eq::eqMmseSoftDemapKernel<float, __half, __half, float, (unsigned int)4, (unsigned short)16383>(channel_eq::_puschRxChEqStatDescr *, channel_eq::_puschRxChEqSoftDemapDynDescr)"
20919201318,674840,448939,1,1,1,32,32,1,30,0.000,0.000,,,,,NVIDIA A100-SXM4-40GB MIG 4g.20gb (0),1,,13,"void convert_kernel<float2, __half2>(tensor_layout_any, T1 *, tensor_layout_any, const T2 *)"
20919877406,11744,448951,2253,1,1,128,1,1,16,0.000,0.000,,,,,NVIDIA A100-SXM4-40GB MIG 4g.20gb (0),1,,13,cupy_copy__float16_float16
20919890622,3712,448960,282,1,1,128,1,1,16,0.000,0.000,,,,,NVIDIA A100-SXM4-40GB MIG 4g.20gb (0),1,,13,cupy_copy__complex64_complex64
20919895870,2336,448969,26,1,1,128,1,1,16,0.000,0.000,,,,,NVIDIA A100-SXM4-40GB MIG 4g.20gb (0),1,,13,cupy_copy__float32_float32
20919899934,3264,448978,103,1,1,128,1,1,16,0.000,0.000,,,,,NVIDIA A100-SXM4-40GB MIG 4g.20gb (0),1,,13,cupy_copy__complex64_complex64
20919905150,12544,448988,1434,1,1,128,1,1,16,0.000,0.000,,,,,NVIDIA A100-SXM4-40GB MIG 4g.20gb (0),1,,13,cupy_copy__complex64_complex64
20919919486,79295,448993,1,1,1,32,32,1,30,0.000,0.000,,,,,NVIDIA A100-SXM4-40GB MIG 4g.20gb (0),1,,13,"void convert_kernel<__half2, float2>(tensor_layout_any, T1 *, tensor_layout_any, const T2 *)"
20920028828,5312,448996,,,,,,,,,,0.094,17638.553,Pinned,Device,NVIDIA A100-SXM4-40GB MIG 4g.20gb (0),1,,13,[CUDA memcpy Host-to-Device]
20920039004,611097,448997,,,,,,,,,,456.561,746934.516,Device,,NVIDIA A100-SXM4-40GB MIG 4g.20gb (0),1,,13,[CUDA memset]
20920652789,49152,449002,,,,,,,,,,1.235,25124.936,Pinned,Device,NVIDIA A100-SXM4-40GB MIG 4g.20gb (0),1,,13,[CUDA memcpy Host-to-Device]
20920704373,9472,449003,,,,,,,,,,0.197,20756.693,Pinned,Device,NVIDIA A100-SXM4-40GB MIG 4g.20gb (0),1,,13,[CUDA memcpy Host-to-Device]
20920718069,7552,449004,69,4,1,48,1,1,76,0.002,0.000,,,,,NVIDIA A100-SXM4-40GB MIG 4g.20gb (0),1,,13,"void ch_est::windowedChEstPreNoDftSOfdmKernel<float, __half, float, (unsigned int)2, (unsigned int)1, (unsigned short)4>(ch_est::puschRxChEstStatDescr_t *, ch_est::puschRxChEstDynDescr_t *)"
20920727253,6624,449005,137,2,1,24,2,1,44,0.001,0.001,,,,,NVIDIA A100-SXM4-40GB MIG 4g.20gb (0),1,,13,"void ch_est::chEstFilterNoDftSOfdmDispatchKernel<float, __half, float, (unsigned int)2>(ch_est::puschRxChEstStatDescr_t *, ch_est::puschRxChEstDynDescr_t *)"
20920735957,5343,449006,137,2,1,24,2,1,44,0.001,0.001,,,,,NVIDIA A100-SXM4-40GB MIG 4g.20gb (0),1,,13,"void ch_est::chEstFilterNoDftSOfdmDispatchKernel<float, __half, float, (unsigned int)2>(ch_est::puschRxChEstStatDescr_t *, ch_est::puschRxChEstDynDescr_t *)"
20920742740,2528,449017,103,1,1,128,1,1,16,0.000,0.000,,,,,NVIDIA A100-SXM4-40GB MIG 4g.20gb (0),1,,13,cupy_copy__complex64_complex64
20920746804,12768,449027,1434,1,1,128,1,1,16,0.000,0.000,,,,,NVIDIA A100-SXM4-40GB MIG 4g.20gb (0),1,,13,cupy_copy__complex64_complex64
20920761364,2528,449034,103,1,1,128,1,1,16,0.000,0.000,,,,,NVIDIA A100-SXM4-40GB MIG 4g.20gb (0),1,,13,cupy_copy__complex64_complex64
20920765556,79135,449041,1,1,1,32,32,1,30,0.000,0.000,,,,,NVIDIA A100-SXM4-40GB MIG 4g.20gb (0),1,,13,"void convert_kernel<__half2, float2>(tensor_layout_any, T1 *, tensor_layout_any, const T2 *)"
20920872979,5344,449044,,,,,,,,,,0.094,17532.864,Pinned,Device,NVIDIA A100-SXM4-40GB MIG 4g.20gb (0),1,,13,[CUDA memcpy Host-to-Device]
20920884947,47711,449045,,,,,,,,,,35.810,750540.113,Device,,NVIDIA A100-SXM4-40GB MIG 4g.20gb (0),1,,13,[CUDA memset]
20920936914,1824,449047,,,,,,,,,,0.000,43.860,Pinned,Device,NVIDIA A100-SXM4-40GB MIG 4g.20gb (0),1,,13,[CUDA memcpy Host-to-Device]
20920941426,9344,449048,,,,,,,,,,0.197,21040.988,Pinned,Device,NVIDIA A100-SXM4-40GB MIG 4g.20gb (0),1,,13,[CUDA memcpy Host-to-Device]
20920954642,8352,449049,273,1,1,48,1,1,40,0.000,0.001,,,,,NVIDIA A100-SXM4-40GB MIG 4g.20gb (0),1,,13,"void pusch_noise_intf_est::noiseIntfEstNoDftSOfdmKernel<float, __half, float, float, (unsigned int)2, (unsigned int)1, (unsigned char)4, (unsigned char)4>(pusch_noise_intf_est::puschRxNoiseIntfEstDynDescr)"
20920969010,2848,449060,35,1,1,128,1,1,16,0.000,0.000,,,,,NVIDIA A100-SXM4-40GB MIG 4g.20gb (0),1,,13,cupy_copy__complex64_complex64
20921005138,1920,449069,1,1,1,1,1,1,18,0.000,0.000,,,,,NVIDIA A100-SXM4-40GB MIG 4g.20gb (0),1,,13,cupy_copy__float32_float32
20921040273,1568,449075,,,,,,,,,,0.000,2.551,Device,Pageable,NVIDIA A100-SXM4-40GB MIG 4g.20gb (0),1,,7,[CUDA memcpy Device-to-Host]
20921100400,13344,449086,1434,1,1,128,1,1,16,0.000,0.000,,,,,NVIDIA A100-SXM4-40GB MIG 4g.20gb (0),1,,13,cupy_copy__complex64_complex64
20921126736,2816,449093,103,1,1,128,1,1,16,0.000,0.000,,,,,NVIDIA A100-SXM4-40GB MIG 4g.20gb (0),1,,13,cupy_copy__complex64_complex64
20921146864,2304,449100,35,1,1,128,1,1,16,0.000,0.000,,,,,NVIDIA A100-SXM4-40GB MIG 4g.20gb (0),1,,13,cupy_copy__complex64_complex64
20921313262,2560,449107,1,1,1,1,1,1,18,0.000,0.000,,,,,NVIDIA A100-SXM4-40GB MIG 4g.20gb (0),1,,13,cupy_copy__float32_float32
20921318542,210910,449118,1,1,1,32,32,1,30,0.000,0.000,,,,,NVIDIA A100-SXM4-40GB MIG 4g.20gb (0),1,,13,"void convert_kernel<__half2, float2>(tensor_layout_any, T1 *, tensor_layout_any, const T2 *)"
20921558731,5344,449121,,,,,,,,,,0.094,17532.864,Pinned,Device,NVIDIA A100-SXM4-40GB MIG 4g.20gb (0),1,,13,[CUDA memcpy Host-to-Device]
20921572875,3584,449122,,,,,,,,,,1.547,431534.389,Device,,NVIDIA A100-SXM4-40GB MIG 4g.20gb (0),1,,13,[CUDA memset]
20921579307,3008,449127,,,,,,,,,,0.031,10404.230,Pinned,Device,NVIDIA A100-SXM4-40GB MIG 4g.20gb (0),1,,13,[CUDA memcpy Host-to-Device]
20921584427,9280,449128,,,,,,,,,,0.197,21186.085,Pinned,Device,NVIDIA A100-SXM4-40GB MIG 4g.20gb (0),1,,13,[CUDA memcpy Host-to-Device]
20921598347,7264,449129,273,1,1,8,4,1,39,0.002,0.000,,,,,NVIDIA A100-SXM4-40GB MIG 4g.20gb (0),1,,13,"void channel_eq::eqMmseCoefCompLowMimoKernel<float, float, float, (unsigned int)4, (unsigned int)1, (unsigned int)4>(const channel_eq::_puschRxChEqStatDescr *, channel_eq::_puschRxChEqCoefCompDynDescr)"
20921608043,6816,449130,273,1,1,12,11,1,51,0.002,0.000,,,,,NVIDIA A100-SXM4-40GB MIG 4g.20gb (0),1,,13,"void channel_eq::eqMmseSoftDemapKernel<float, __half, __half, float, (unsigned int)4, (unsigned short)16383>(channel_eq::_puschRxChEqStatDescr *, channel_eq::_puschRxChEqSoftDemapDynDescr)"
20921616523,281981,449131,1,1,1,32,32,1,30,0.000,0.000,,,,,NVIDIA A100-SXM4-40GB MIG 4g.20gb (0),1,,13,"void convert_kernel<float2, __half2>(tensor_layout_any, T1 *, tensor_layout_any, const T2 *)"
20921900456,10975,449143,2253,1,1,128,1,1,16,0.000,0.000,,,,,NVIDIA A100-SXM4-40GB MIG 4g.20gb (0),1,,13,cupy_copy__float16_float16
20921913031,2848,449152,282,1,1,128,1,1,16,0.000,0.000,,,,,NVIDIA A100-SXM4-40GB MIG 4g.20gb (0),1,,13,cupy_copy__complex64_complex64
20921918023,2112,449161,26,1,1,128,1,1,16,0.000,0.000,,,,,NVIDIA A100-SXM4-40GB MIG 4g.20gb (0),1,,13,cupy_copy__float32_float32
20921921607,2944,449170,103,1,1,128,1,1,16,0.000,0.000,,,,,NVIDIA A100-SXM4-40GB MIG 4g.20gb (0),1,,13,cupy_copy__complex64_complex64
20921926727,12064,449180,1434,1,1,128,1,1,16,0.000,0.000,,,,,NVIDIA A100-SXM4-40GB MIG 4g.20gb (0),1,,13,cupy_copy__complex64_complex64
20921984775,81023,449185,1,1,1,32,32,1,30,0.000,0.000,,,,,NVIDIA A100-SXM4-40GB MIG 4g.20gb (0),1,,13,"void convert_kernel<__half2, float2>(tensor_layout_any, T1 *, tensor_layout_any, const T2 *)"
20922094885,5824,449188,,,,,,,,,,0.094,16087.884,Pinned,Device,NVIDIA A100-SXM4-40GB MIG 4g.20gb (0),1,,13,[CUDA memcpy Host-to-Device]
20922127813,613817,449189,,,,,,,,,,456.561,743738.586,Device,,NVIDIA A100-SXM4-40GB MIG 4g.20gb (0),1,,13,[CUDA memset]
20922747614,50400,449194,,,,,,,,,,1.235,24502.524,Pinned,Device,NVIDIA A100-SXM4-40GB MIG 4g.20gb (0),1,,13,[CUDA memcpy Host-to-Device]
20922800957,9568,449195,,,,,,,,,,0.197,20548.485,Pinned,Device,NVIDIA A100-SXM4-40GB MIG 4g.20gb (0),1,,13,[CUDA memcpy Host-to-Device]
20922843741,14400,449196,69,4,1,48,1,1,76,0.002,0.000,,,,,NVIDIA A100-SXM4-40GB MIG 4g.20gb (0),1,,13,"void ch_est::windowedChEstPreNoDftSOfdmKernel<float, __half, float, (unsigned int)2, (unsigned int)1, (unsigned short)4>(ch_est::puschRxChEstStatDescr_t *, ch_est::puschRxChEstDynDescr_t *)"
20922863773,6688,449197,137,2,1,24,2,1,44,0.001,0.001,,,,,NVIDIA A100-SXM4-40GB MIG 4g.20gb (0),1,,13,"void ch_est::chEstFilterNoDftSOfdmDispatchKernel<float, __half, float, (unsigned int)2>(ch_est::puschRxChEstStatDescr_t *, ch_est::puschRxChEstDynDescr_t *)"
20922871837,5024,449198,137,2,1,24,2,1,44,0.001,0.001,,,,,NVIDIA A100-SXM4-40GB MIG 4g.20gb (0),1,,13,"void ch_est::chEstFilterNoDftSOfdmDispatchKernel<float, __half, float, (unsigned int)2>(ch_est::puschRxChEstStatDescr_t *, ch_est::puschRxChEstDynDescr_t *)"
20922878365,2560,449209,103,1,1,128,1,1,16,0.000,0.000,,,,,NVIDIA A100-SXM4-40GB MIG 4g.20gb (0),1,,13,cupy_copy__complex64_complex64
20922883677,12735,449219,1434,1,1,128,1,1,16,0.000,0.000,,,,,NVIDIA A100-SXM4-40GB MIG 4g.20gb (0),1,,13,cupy_copy__complex64_complex64
20922897820,2496,449226,103,1,1,128,1,1,16,0.000,0.000,,,,,NVIDIA A100-SXM4-40GB MIG 4g.20gb (0),1,,13,cupy_copy__complex64_complex64
20922901852,79775,449233,1,1,1,32,32,1,30,0.000,0.000,,,,,NVIDIA A100-SXM4-40GB MIG 4g.20gb (0),1,,13,"void convert_kernel<__half2, float2>(tensor_layout_any, T1 *, tensor_layout_any, const T2 *)"
20923008827,5344,449236,,,,,,,,,,0.094,17532.864,Pinned,Device,NVIDIA A100-SXM4-40GB MIG 4g.20gb (0),1,,13,[CUDA memcpy Host-to-Device]
20923020891,48128,449237,,,,,,,,,,35.810,744022.708,Device,,NVIDIA A100-SXM4-40GB MIG 4g.20gb (0),1,,13,[CUDA memset]
20923080826,2080,449239,,,,,,,,,,0.000,38.462,Pinned,Device,NVIDIA A100-SXM4-40GB MIG 4g.20gb (0),1,,13,[CUDA memcpy Host-to-Device]
20923085882,9408,449240,,,,,,,,,,0.197,20897.858,Pinned,Device,NVIDIA A100-SXM4-40GB MIG 4g.20gb (0),1,,13,[CUDA memcpy Host-to-Device]
20923099386,8864,449241,273,1,1,48,1,1,40,0.000,0.001,,,,,NVIDIA A100-SXM4-40GB MIG 4g.20gb (0),1,,13,"void pusch_noise_intf_est::noiseIntfEstNoDftSOfdmKernel<float, __half, float, float, (unsigned int)2, (unsigned int)1, (unsigned char)4, (unsigned char)4>(pusch_noise_intf_est::puschRxNoiseIntfEstDynDescr)"
20923110138,2912,449252,35,1,1,128,1,1,16,0.000,0.000,,,,,NVIDIA A100-SXM4-40GB MIG 4g.20gb (0),1,,13,cupy_copy__complex64_complex64
20923137626,1920,449261,1,1,1,1,1,1,18,0.000,0.000,,,,,NVIDIA A100-SXM4-40GB MIG 4g.20gb (0),1,,13,cupy_copy__float32_float32
20923171961,1600,449267,,,,,,,,,,0.000,2.500,Device,Pageable,NVIDIA A100-SXM4-40GB MIG 4g.20gb (0),1,,7,[CUDA memcpy Device-to-Host]
20923232025,13728,449278,1434,1,1,128,1,1,16,0.000,0.000,,,,,NVIDIA A100-SXM4-40GB MIG 4g.20gb (0),1,,13,cupy_copy__complex64_complex64
20923258008,2752,449285,103,1,1,128,1,1,16,0.000,0.000,,,,,NVIDIA A100-SXM4-40GB MIG 4g.20gb (0),1,,13,cupy_copy__complex64_complex64
20923278040,2208,449292,35,1,1,128,1,1,16,0.000,0.000,,,,,NVIDIA A100-SXM4-40GB MIG 4g.20gb (0),1,,13,cupy_copy__complex64_complex64
20923296280,1888,449299,1,1,1,1,1,1,18,0.000,0.000,,,,,NVIDIA A100-SXM4-40GB MIG 4g.20gb (0),1,,13,cupy_copy__float32_float32
20923432502,79648,449310,1,1,1,32,32,1,30,0.000,0.000,,,,,NVIDIA A100-SXM4-40GB MIG 4g.20gb (0),1,,13,"void convert_kernel<__half2, float2>(tensor_layout_any, T1 *, tensor_layout_any, const T2 *)"
20923541717,5376,449313,,,,,,,,,,0.094,17428.487,Pinned,Device,NVIDIA A100-SXM4-40GB MIG 4g.20gb (0),1,,13,[CUDA memcpy Host-to-Device]
20923555285,3200,449314,,,,,,,,,,1.547,483320.000,Device,,NVIDIA A100-SXM4-40GB MIG 4g.20gb (0),1,,13,[CUDA memset]
20923561749,3008,449319,,,,,,,,,,0.031,10404.230,Pinned,Device,NVIDIA A100-SXM4-40GB MIG 4g.20gb (0),1,,13,[CUDA memcpy Host-to-Device]
20923567189,9344,449320,,,,,,,,,,0.197,21040.988,Pinned,Device,NVIDIA A100-SXM4-40GB MIG 4g.20gb (0),1,,13,[CUDA memcpy Host-to-Device]
20923580693,5952,449321,273,1,1,8,4,1,39,0.002,0.000,,,,,NVIDIA A100-SXM4-40GB MIG 4g.20gb (0),1,,13,"void channel_eq::eqMmseCoefCompLowMimoKernel<float, float, float, (unsigned int)4, (unsigned int)1, (unsigned int)4>(const channel_eq::_puschRxChEqStatDescr *, channel_eq::_puschRxChEqCoefCompDynDescr)"
20923588341,5888,449322,273,1,1,12,11,1,51,0.002,0.000,,,,,NVIDIA A100-SXM4-40GB MIG 4g.20gb (0),1,,13,"void channel_eq::eqMmseSoftDemapKernel<float, __half, __half, float, (unsigned int)4, (unsigned short)16383>(channel_eq::_puschRxChEqStatDescr *, channel_eq::_puschRxChEqSoftDemapDynDescr)"
20923595957,309020,449323,1,1,1,32,32,1,30,0.000,0.000,,,,,NVIDIA A100-SXM4-40GB MIG 4g.20gb (0),1,,13,"void convert_kernel<float2, __half2>(tensor_layout_any, T1 *, tensor_layout_any, const T2 *)"
20923939761,16448,449335,2253,1,1,128,1,1,16,0.000,0.000,,,,,NVIDIA A100-SXM4-40GB MIG 4g.20gb (0),1,,13,cupy_copy__float16_float16
20923961745,4000,449344,282,1,1,128,1,1,16,0.000,0.000,,,,,NVIDIA A100-SXM4-40GB MIG 4g.20gb (0),1,,13,cupy_copy__complex64_complex64
20923967408,2304,449353,26,1,1,128,1,1,16,0.000,0.000,,,,,NVIDIA A100-SXM4-40GB MIG 4g.20gb (0),1,,13,cupy_copy__float32_float32
20923971824,3168,449362,103,1,1,128,1,1,16,0.000,0.000,,,,,NVIDIA A100-SXM4-40GB MIG 4g.20gb (0),1,,13,cupy_copy__complex64_complex64
20923976464,12128,449372,1434,1,1,128,1,1,16,0.000,0.000,,,,,NVIDIA A100-SXM4-40GB MIG 4g.20gb (0),1,,13,cupy_copy__complex64_complex64
20923989872,246717,449377,1,1,1,32,32,1,30,0.000,0.000,,,,,NVIDIA A100-SXM4-40GB MIG 4g.20gb (0),1,,13,"void convert_kernel<__half2, float2>(tensor_layout_any, T1 *, tensor_layout_any, const T2 *)"
20924269197,9152,449380,,,,,,,,,,0.094,10237.693,Pinned,Device,NVIDIA A100-SXM4-40GB MIG 4g.20gb (0),1,,13,[CUDA memcpy Host-to-Device]
20924289261,610265,449381,,,,,,,,,,456.561,747847.639,Device,,NVIDIA A100-SXM4-40GB MIG 4g.20gb (0),1,,13,[CUDA memset]
20924904710,53663,449386,,,,,,,,,,1.235,23011.946,Pinned,Device,NVIDIA A100-SXM4-40GB MIG 4g.20gb (0),1,,13,[CUDA memcpy Host-to-Device]
20924961285,9952,449387,,,,,,,,,,0.197,19755.565,Pinned,Device,NVIDIA A100-SXM4-40GB MIG 4g.20gb (0),1,,13,[CUDA memcpy Host-to-Device]
20925001509,11424,449388,69,4,1,48,1,1,76,0.002,0.000,,,,,NVIDIA A100-SXM4-40GB MIG 4g.20gb (0),1,,13,"void ch_est::windowedChEstPreNoDftSOfdmKernel<float, __half, float, (unsigned int)2, (unsigned int)1, (unsigned short)4>(ch_est::puschRxChEstStatDescr_t *, ch_est::puschRxChEstDynDescr_t *)"
20925058308,11200,449389,137,2,1,24,2,1,44,0.001,0.001,,,,,NVIDIA A100-SXM4-40GB MIG 4g.20gb (0),1,,13,"void ch_est::chEstFilterNoDftSOfdmDispatchKernel<float, __half, float, (unsigned int)2>(ch_est::puschRxChEstStatDescr_t *, ch_est::puschRxChEstDynDescr_t *)"
20925118468,10272,449390,137,2,1,24,2,1,44,0.001,0.001,,,,,NVIDIA A100-SXM4-40GB MIG 4g.20gb (0),1,,13,"void ch_est::chEstFilterNoDftSOfdmDispatchKernel<float, __half, float, (unsigned int)2>(ch_est::puschRxChEstStatDescr_t *, ch_est::puschRxChEstDynDescr_t *)"
20925171779,8256,449401,103,1,1,128,1,1,16,0.000,0.000,,,,,NVIDIA A100-SXM4-40GB MIG 4g.20gb (0),1,,13,cupy_copy__complex64_complex64
20925181411,15168,449411,1434,1,1,128,1,1,16,0.000,0.000,,,,,NVIDIA A100-SXM4-40GB MIG 4g.20gb (0),1,,13,cupy_copy__complex64_complex64
20925288194,4000,449418,103,1,1,128,1,1,16,0.000,0.000,,,,,NVIDIA A100-SXM4-40GB MIG 4g.20gb (0),1,,13,cupy_copy__complex64_complex64
20925294274,301820,449425,1,1,1,32,32,1,30,0.000,0.000,,,,,NVIDIA A100-SXM4-40GB MIG 4g.20gb (0),1,,13,"void convert_kernel<__half2, float2>(tensor_layout_any, T1 *, tensor_layout_any, const T2 *)"
20925625406,6080,449428,,,,,,,,,,0.094,15410.462,Pinned,Device,NVIDIA A100-SXM4-40GB MIG 4g.20gb (0),1,,13,[CUDA memcpy Host-to-Device]
20925692861,47808,449429,,,,,,,,,,35.810,749036.097,Device,,NVIDIA A100-SXM4-40GB MIG 4g.20gb (0),1,,13,[CUDA memset]
20925746877,2368,449431,,,,,,,,,,0.000,33.784,Pinned,Device,NVIDIA A100-SXM4-40GB MIG 4g.20gb (0),1,,13,[CUDA memcpy Host-to-Device]
20925752541,9983,449432,,,,,,,,,,0.197,19694.223,Pinned,Device,NVIDIA A100-SXM4-40GB MIG 4g.20gb (0),1,,13,[CUDA memcpy Host-to-Device]
20925794108,15584,449433,273,1,1,48,1,1,40,0.000,0.001,,,,,NVIDIA A100-SXM4-40GB MIG 4g.20gb (0),1,,13,"void pusch_noise_intf_est::noiseIntfEstNoDftSOfdmKernel<float, __half, float, float, (unsigned int)2, (unsigned int)1, (unsigned char)4, (unsigned char)4>(pusch_noise_intf_est::puschRxNoiseIntfEstDynDescr)"
20925851739,4000,449444,35,1,1,128,1,1,16,0.000,0.000,,,,,NVIDIA A100-SXM4-40GB MIG 4g.20gb (0),1,,13,cupy_copy__complex64_complex64
20925857723,2720,449453,1,1,1,1,1,1,18,0.000,0.000,,,,,NVIDIA A100-SXM4-40GB MIG 4g.20gb (0),1,,13,cupy_copy__float32_float32
20925863195,1568,449459,,,,,,,,,,0.000,2.551,Device,Pageable,NVIDIA A100-SXM4-40GB MIG 4g.20gb (0),1,,7,[CUDA memcpy Device-to-Host]
20925965786,16768,449470,1434,1,1,128,1,1,16,0.000,0.000,,,,,NVIDIA A100-SXM4-40GB MIG 4g.20gb (0),1,,13,cupy_copy__complex64_complex64
20925984346,3232,449477,103,1,1,128,1,1,16,0.000,0.000,,,,,NVIDIA A100-SXM4-40GB MIG 4g.20gb (0),1,,13,cupy_copy__complex64_complex64
20926036569,4192,449484,35,1,1,128,1,1,16,0.000,0.000,,,,,NVIDIA A100-SXM4-40GB MIG 4g.20gb (0),1,,13,cupy_copy__complex64_complex64
20926093337,3616,449491,1,1,1,1,1,1,18,0.000,0.000,,,,,NVIDIA A100-SXM4-40GB MIG 4g.20gb (0),1,,13,cupy_copy__float32_float32
20926125304,184254,449502,1,1,1,32,32,1,30,0.000,0.000,,,,,NVIDIA A100-SXM4-40GB MIG 4g.20gb (0),1,,13,"void convert_kernel<__half2, float2>(tensor_layout_any, T1 *, tensor_layout_any, const T2 *)"
20926338902,5472,449505,,,,,,,,,,0.094,17122.757,Pinned,Device,NVIDIA A100-SXM4-40GB MIG 4g.20gb (0),1,,13,[CUDA memcpy Host-to-Device]
20926352502,3232,449506,,,,,,,,,,1.547,478533.199,Device,,NVIDIA A100-SXM4-40GB MIG 4g.20gb (0),1,,13,[CUDA memset]
20926359830,3008,449511,,,,,,,,,,0.031,10404.230,Pinned,Device,NVIDIA A100-SXM4-40GB MIG 4g.20gb (0),1,,13,[CUDA memcpy Host-to-Device]
20926365174,9504,449512,,,,,,,,,,0.197,20686.701,Pinned,Device,NVIDIA A100-SXM4-40GB MIG 4g.20gb (0),1,,13,[CUDA memcpy Host-to-Device]
20926378678,7008,449513,273,1,1,8,4,1,39,0.002,0.000,,,,,NVIDIA A100-SXM4-40GB MIG 4g.20gb (0),1,,13,"void channel_eq::eqMmseCoefCompLowMimoKernel<float, float, float, (unsigned int)4, (unsigned int)1, (unsigned int)4>(const channel_eq::_puschRxChEqStatDescr *, channel_eq::_puschRxChEqCoefCompDynDescr)"
20926387349,6208,449514,273,1,1,12,11,1,51,0.002,0.000,,,,,NVIDIA A100-SXM4-40GB MIG 4g.20gb (0),1,,13,"void channel_eq::eqMmseSoftDemapKernel<float, __half, __half, float, (unsigned int)4, (unsigned short)16383>(channel_eq::_puschRxChEqStatDescr *, channel_eq::_puschRxChEqSoftDemapDynDescr)"
20926395797,281341,449515,1,1,1,32,32,1,30,0.000,0.000,,,,,NVIDIA A100-SXM4-40GB MIG 4g.20gb (0),1,,13,"void convert_kernel<float2, __half2>(tensor_layout_any, T1 *, tensor_layout_any, const T2 *)"
20926679346,10592,449527,2253,1,1,128,1,1,16,0.000,0.000,,,,,NVIDIA A100-SXM4-40GB MIG 4g.20gb (0),1,,13,cupy_copy__float16_float16
20926691538,2848,449536,282,1,1,128,1,1,16,0.000,0.000,,,,,NVIDIA A100-SXM4-40GB MIG 4g.20gb (0),1,,13,cupy_copy__complex64_complex64
20926696658,2080,449545,26,1,1,128,1,1,16,0.000,0.000,,,,,NVIDIA A100-SXM4-40GB MIG 4g.20gb (0),1,,13,cupy_copy__float32_float32
20926700850,2944,449554,103,1,1,128,1,1,16,0.000,0.000,,,,,NVIDIA A100-SXM4-40GB MIG 4g.20gb (0),1,,13,cupy_copy__complex64_complex64
20926705330,12224,449564,1434,1,1,128,1,1,16,0.000,0.000,,,,,NVIDIA A100-SXM4-40GB MIG 4g.20gb (0),1,,13,cupy_copy__complex64_complex64
20926739634,79743,449569,1,1,1,32,32,1,30,0.000,0.000,,,,,NVIDIA A100-SXM4-40GB MIG 4g.20gb (0),1,,13,"void convert_kernel<__half2, float2>(tensor_layout_any, T1 *, tensor_layout_any, const T2 *)"
20926847568,5472,449572,,,,,,,,,,0.094,17122.757,Pinned,Device,NVIDIA A100-SXM4-40GB MIG 4g.20gb (0),1,,13,[CUDA memcpy Host-to-Device]
20926859888,610841,449573,,,,,,,,,,456.561,747391.077,Device,,NVIDIA A100-SXM4-40GB MIG 4g.20gb (0),1,,13,[CUDA memset]
20927477961,48864,449578,,,,,,,,,,1.235,25271.894,Pinned,Device,NVIDIA A100-SXM4-40GB MIG 4g.20gb (0),1,,13,[CUDA memcpy Host-to-Device]
20927529641,9536,449579,,,,,,,,,,0.197,20617.298,Pinned,Device,NVIDIA A100-SXM4-40GB MIG 4g.20gb (0),1,,13,[CUDA memcpy Host-to-Device]
20927544105,7360,449580,69,4,1,48,1,1,76,0.002,0.000,,,,,NVIDIA A100-SXM4-40GB MIG 4g.20gb (0),1,,13,"void ch_est::windowedChEstPreNoDftSOfdmKernel<float, __half, float, (unsigned int)2, (unsigned int)1, (unsigned short)4>(ch_est::puschRxChEstStatDescr_t *, ch_est::puschRxChEstDynDescr_t *)"
20927553320,6624,449581,137,2,1,24,2,1,44,0.001,0.001,,,,,NVIDIA A100-SXM4-40GB MIG 4g.20gb (0),1,,13,"void ch_est::chEstFilterNoDftSOfdmDispatchKernel<float, __half, float, (unsigned int)2>(ch_est::puschRxChEstStatDescr_t *, ch_est::puschRxChEstDynDescr_t *)"
20927561224,5088,449582,137,2,1,24,2,1,44,0.001,0.001,,,,,NVIDIA A100-SXM4-40GB MIG 4g.20gb (0),1,,13,"void ch_est::chEstFilterNoDftSOfdmDispatchKernel<float, __half, float, (unsigned int)2>(ch_est::puschRxChEstStatDescr_t *, ch_est::puschRxChEstDynDescr_t *)"
20927567688,2528,449593,103,1,1,128,1,1,16,0.000,0.000,,,,,NVIDIA A100-SXM4-40GB MIG 4g.20gb (0),1,,13,cupy_copy__complex64_complex64
20927571752,13120,449603,1434,1,1,128,1,1,16,0.000,0.000,,,,,NVIDIA A100-SXM4-40GB MIG 4g.20gb (0),1,,13,cupy_copy__complex64_complex64
20927586984,2496,449610,103,1,1,128,1,1,16,0.000,0.000,,,,,NVIDIA A100-SXM4-40GB MIG 4g.20gb (0),1,,13,cupy_copy__complex64_complex64
20927591784,80063,449617,1,1,1,32,32,1,30,0.000,0.000,,,,,NVIDIA A100-SXM4-40GB MIG 4g.20gb (0),1,,13,"void convert_kernel<__half2, float2>(tensor_layout_any, T1 *, tensor_layout_any, const T2 *)"
20927701127,5312,449620,,,,,,,,,,0.094,17638.553,Pinned,Device,NVIDIA A100-SXM4-40GB MIG 4g.20gb (0),1,,13,[CUDA memcpy Host-to-Device]
20927713767,47135,449621,,,,,,,,,,35.810,759707.453,Device,,NVIDIA A100-SXM4-40GB MIG 4g.20gb (0),1,,13,[CUDA memset]
20927768230,1824,449623,,,,,,,,,,0.000,43.860,Pinned,Device,NVIDIA A100-SXM4-40GB MIG 4g.20gb (0),1,,13,[CUDA memcpy Host-to-Device]
20927772742,9344,449624,,,,,,,,,,0.197,21040.988,Pinned,Device,NVIDIA A100-SXM4-40GB MIG 4g.20gb (0),1,,13,[CUDA memcpy Host-to-Device]
20927788326,9696,449625,273,1,1,48,1,1,40,0.000,0.001,,,,,NVIDIA A100-SXM4-40GB MIG 4g.20gb (0),1,,13,"void pusch_noise_intf_est::noiseIntfEstNoDftSOfdmKernel<float, __half, float, float, (unsigned int)2, (unsigned int)1, (unsigned char)4, (unsigned char)4>(pusch_noise_intf_est::puschRxNoiseIntfEstDynDescr)"
20927800518,2976,449636,35,1,1,128,1,1,16,0.000,0.000,,,,,NVIDIA A100-SXM4-40GB MIG 4g.20gb (0),1,,13,cupy_copy__complex64_complex64
20927820262,1919,449645,1,1,1,1,1,1,18,0.000,0.000,,,,,NVIDIA A100-SXM4-40GB MIG 4g.20gb (0),1,,13,cupy_copy__float32_float32
20927867781,2304,449651,,,,,,,,,,0.000,1.736,Device,Pageable,NVIDIA A100-SXM4-40GB MIG 4g.20gb (0),1,,7,[CUDA memcpy Device-to-Host]
20927930468,13344,449662,1434,1,1,128,1,1,16,0.000,0.000,,,,,NVIDIA A100-SXM4-40GB MIG 4g.20gb (0),1,,13,cupy_copy__complex64_complex64
20928105634,4192,449669,103,1,1,128,1,1,16,0.000,0.000,,,,,NVIDIA A100-SXM4-40GB MIG 4g.20gb (0),1,,13,cupy_copy__complex64_complex64
20928112802,3552,449676,35,1,1,128,1,1,16,0.000,0.000,,,,,NVIDIA A100-SXM4-40GB MIG 4g.20gb (0),1,,13,cupy_copy__complex64_complex64
20928117634,2048,449683,1,1,1,1,1,1,18,0.000,0.000,,,,,NVIDIA A100-SXM4-40GB MIG 4g.20gb (0),1,,13,cupy_copy__float32_float32
20928131586,207646,449694,1,1,1,32,32,1,30,0.000,0.000,,,,,NVIDIA A100-SXM4-40GB MIG 4g.20gb (0),1,,13,"void convert_kernel<__half2, float2>(tensor_layout_any, T1 *, tensor_layout_any, const T2 *)"
20928370207,5568,449697,,,,,,,,,,0.094,16827.521,Pinned,Device,NVIDIA A100-SXM4-40GB MIG 4g.20gb (0),1,,13,[CUDA memcpy Host-to-Device]
20928404287,4256,449698,,,,,,,,,,1.547,363397.868,Device,,NVIDIA A100-SXM4-40GB MIG 4g.20gb (0),1,,13,[CUDA memset]
20928409887,3072,449703,,,,,,,,,,0.031,10187.474,Pinned,Device,NVIDIA A100-SXM4-40GB MIG 4g.20gb (0),1,,13,[CUDA memcpy Host-to-Device]
20928416415,9536,449704,,,,,,,,,,0.197,20617.298,Pinned,Device,NVIDIA A100-SXM4-40GB MIG 4g.20gb (0),1,,13,[CUDA memcpy Host-to-Device]
20928481310,11008,449705,273,1,1,8,4,1,39,0.002,0.000,,,,,NVIDIA A100-SXM4-40GB MIG 4g.20gb (0),1,,13,"void channel_eq::eqMmseCoefCompLowMimoKernel<float, float, float, (unsigned int)4, (unsigned int)1, (unsigned int)4>(const channel_eq::_puschRxChEqStatDescr *, channel_eq::_puschRxChEqCoefCompDynDescr)"
20928493694,7712,449706,273,1,1,12,11,1,51,0.002,0.000,,,,,NVIDIA A100-SXM4-40GB MIG 4g.20gb (0),1,,13,"void channel_eq::eqMmseSoftDemapKernel<float, __half, __half, float, (unsigned int)4, (unsigned short)16383>(channel_eq::_puschRxChEqStatDescr *, channel_eq::_puschRxChEqSoftDemapDynDescr)"
20928504606,643705,449707,1,1,1,32,32,1,30,0.000,0.000,,,,,NVIDIA A100-SXM4-40GB MIG 4g.20gb (0),1,,13,"void convert_kernel<float2, __half2>(tensor_layout_any, T1 *, tensor_layout_any, const T2 *)"
20929203542,14752,449719,2253,1,1,128,1,1,16,0.000,0.000,,,,,NVIDIA A100-SXM4-40GB MIG 4g.20gb (0),1,,13,cupy_copy__float16_float16
20929220406,3968,449728,282,1,1,128,1,1,16,0.000,0.000,,,,,NVIDIA A100-SXM4-40GB MIG 4g.20gb (0),1,,13,cupy_copy__complex64_complex64
20929226998,2400,449737,26,1,1,128,1,1,16,0.000,0.000,,,,,NVIDIA A100-SXM4-40GB MIG 4g.20gb (0),1,,13,cupy_copy__float32_float32
20929231030,3200,449746,103,1,1,128,1,1,16,0.000,0.000,,,,,NVIDIA A100-SXM4-40GB MIG 4g.20gb (0),1,,13,cupy_copy__complex64_complex64
20929236438,12320,449756,1434,1,1,128,1,1,16,0.000,0.000,,,,,NVIDIA A100-SXM4-40GB MIG 4g.20gb (0),1,,13,cupy_copy__complex64_complex64
20929249974,79295,449761,1,1,1,32,32,1,30,0.000,0.000,,,,,NVIDIA A100-SXM4-40GB MIG 4g.20gb (0),1,,13,"void convert_kernel<__half2, float2>(tensor_layout_any, T1 *, tensor_layout_any, const T2 *)"
20929358484,5376,449764,,,,,,,,,,0.094,17428.487,Pinned,Device,NVIDIA A100-SXM4-40GB MIG 4g.20gb (0),1,,13,[CUDA memcpy Host-to-Device]
20929369236,609561,449765,,,,,,,,,,456.561,748760.762,Device,,NVIDIA A100-SXM4-40GB MIG 4g.20gb (0),1,,13,[CUDA memset]
20929983693,48992,449770,,,,,,,,,,1.235,25206.442,Pinned,Device,NVIDIA A100-SXM4-40GB MIG 4g.20gb (0),1,,13,[CUDA memcpy Host-to-Device]
20930035085,9696,449771,,,,,,,,,,0.197,20277.166,Pinned,Device,NVIDIA A100-SXM4-40GB MIG 4g.20gb (0),1,,13,[CUDA memcpy Host-to-Device]
20930049357,7488,449772,69,4,1,48,1,1,76,0.002,0.000,,,,,NVIDIA A100-SXM4-40GB MIG 4g.20gb (0),1,,13,"void ch_est::windowedChEstPreNoDftSOfdmKernel<float, __half, float, (unsigned int)2, (unsigned int)1, (unsigned short)4>(ch_est::puschRxChEstStatDescr_t *, ch_est::puschRxChEstDynDescr_t *)"
20930058733,6687,449773,137,2,1,24,2,1,44,0.001,0.001,,,,,NVIDIA A100-SXM4-40GB MIG 4g.20gb (0),1,,13,"void ch_est::chEstFilterNoDftSOfdmDispatchKernel<float, __half, float, (unsigned int)2>(ch_est::puschRxChEstStatDescr_t *, ch_est::puschRxChEstDynDescr_t *)"
20930067500,5088,449774,137,2,1,24,2,1,44,0.001,0.001,,,,,NVIDIA A100-SXM4-40GB MIG 4g.20gb (0),1,,13,"void ch_est::chEstFilterNoDftSOfdmDispatchKernel<float, __half, float, (unsigned int)2>(ch_est::puschRxChEstStatDescr_t *, ch_est::puschRxChEstDynDescr_t *)"
20930073804,2560,449785,103,1,1,128,1,1,16,0.000,0.000,,,,,NVIDIA A100-SXM4-40GB MIG 4g.20gb (0),1,,13,cupy_copy__complex64_complex64
20930077804,13216,449795,1434,1,1,128,1,1,16,0.000,0.000,,,,,NVIDIA A100-SXM4-40GB MIG 4g.20gb (0),1,,13,cupy_copy__complex64_complex64
20930093164,2528,449802,103,1,1,128,1,1,16,0.000,0.000,,,,,NVIDIA A100-SXM4-40GB MIG 4g.20gb (0),1,,13,cupy_copy__complex64_complex64
20930097164,79327,449809,1,1,1,32,32,1,30,0.000,0.000,,,,,NVIDIA A100-SXM4-40GB MIG 4g.20gb (0),1,,13,"void convert_kernel<__half2, float2>(tensor_layout_any, T1 *, tensor_layout_any, const T2 *)"
20930204363,5344,449812,,,,,,,,,,0.094,17532.864,Pinned,Device,NVIDIA A100-SXM4-40GB MIG 4g.20gb (0),1,,13,[CUDA memcpy Host-to-Device]
20930216203,46847,449813,,,,,,,,,,35.810,764398.552,Device,,NVIDIA A100-SXM4-40GB MIG 4g.20gb (0),1,,13,[CUDA memset]
20930271818,1984,449815,,,,,,,,,,0.000,40.323,Pinned,Device,NVIDIA A100-SXM4-40GB MIG 4g.20gb (0),1,,13,[CUDA memcpy Host-to-Device]
20930276234,9344,449816,,,,,,,,,,0.197,21040.988,Pinned,Device,NVIDIA A100-SXM4-40GB MIG 4g.20gb (0),1,,13,[CUDA memcpy Host-to-Device]
20930289866,8640,449817,273,1,1,48,1,1,40,0.000,0.001,,,,,NVIDIA A100-SXM4-40GB MIG 4g.20gb (0),1,,13,"void pusch_noise_intf_est::noiseIntfEstNoDftSOfdmKernel<float, __half, float, float, (unsigned int)2, (unsigned int)1, (unsigned char)4, (unsigned char)4>(pusch_noise_intf_est::puschRxNoiseIntfEstDynDescr)"
20930299722,2848,449828,35,1,1,128,1,1,16,0.000,0.000,,,,,NVIDIA A100-SXM4-40GB MIG 4g.20gb (0),1,,13,cupy_copy__complex64_complex64
20930321866,1888,449837,1,1,1,1,1,1,18,0.000,0.000,,,,,NVIDIA A100-SXM4-40GB MIG 4g.20gb (0),1,,13,cupy_copy__float32_float32
20930355657,1600,449843,,,,,,,,,,0.000,2.500,Device,Pageable,NVIDIA A100-SXM4-40GB MIG 4g.20gb (0),1,,7,[CUDA memcpy Device-to-Host]
20930415753,13535,449854,1434,1,1,128,1,1,16,0.000,0.000,,,,,NVIDIA A100-SXM4-40GB MIG 4g.20gb (0),1,,13,cupy_copy__complex64_complex64
20930442312,2752,449861,103,1,1,128,1,1,16,0.000,0.000,,,,,NVIDIA A100-SXM4-40GB MIG 4g.20gb (0),1,,13,cupy_copy__complex64_complex64
20930463400,2240,449868,35,1,1,128,1,1,16,0.000,0.000,,,,,NVIDIA A100-SXM4-40GB MIG 4g.20gb (0),1,,13,cupy_copy__complex64_complex64
20930481416,1888,449875,1,1,1,1,1,1,18,0.000,0.000,,,,,NVIDIA A100-SXM4-40GB MIG 4g.20gb (0),1,,13,cupy_copy__float32_float32
20930644998,321820,449886,1,1,1,32,32,1,30,0.000,0.000,,,,,NVIDIA A100-SXM4-40GB MIG 4g.20gb (0),1,,13,"void convert_kernel<__half2, float2>(tensor_layout_any, T1 *, tensor_layout_any, const T2 *)"
20930997378,9856,449889,,,,,,,,,,0.094,9506.490,Pinned,Device,NVIDIA A100-SXM4-40GB MIG 4g.20gb (0),1,,13,[CUDA memcpy Host-to-Device]
20931053025,6592,449890,,,,,,,,,,1.547,234621.314,Device,,NVIDIA A100-SXM4-40GB MIG 4g.20gb (0),1,,13,[CUDA memset]
20931067425,3008,449895,,,,,,,,,,0.031,10404.230,Pinned,Device,NVIDIA A100-SXM4-40GB MIG 4g.20gb (0),1,,13,[CUDA memcpy Host-to-Device]
20931072545,10880,449896,,,,,,,,,,0.197,18070.438,Pinned,Device,NVIDIA A100-SXM4-40GB MIG 4g.20gb (0),1,,13,[CUDA memcpy Host-to-Device]
20931111745,11008,449897,273,1,1,8,4,1,39,0.002,0.000,,,,,NVIDIA A100-SXM4-40GB MIG 4g.20gb (0),1,,13,"void channel_eq::eqMmseCoefCompLowMimoKernel<float, float, float, (unsigned int)4, (unsigned int)1, (unsigned int)4>(const channel_eq::_puschRxChEqStatDescr *, channel_eq::_puschRxChEqCoefCompDynDescr)"
20931169184,12448,449898,273,1,1,12,11,1,51,0.002,0.000,,,,,NVIDIA A100-SXM4-40GB MIG 4g.20gb (0),1,,13,"void channel_eq::eqMmseSoftDemapKernel<float, __half, __half, float, (unsigned int)4, (unsigned short)16383>(channel_eq::_puschRxChEqStatDescr *, channel_eq::_puschRxChEqSoftDemapDynDescr)"
20931226688,638680,449899,1,1,1,32,32,1,30,0.000,0.000,,,,,NVIDIA A100-SXM4-40GB MIG 4g.20gb (0),1,,13,"void convert_kernel<float2, __half2>(tensor_layout_any, T1 *, tensor_layout_any, const T2 *)"
20931866968,12320,449911,2253,1,1,128,1,1,16,0.000,0.000,,,,,NVIDIA A100-SXM4-40GB MIG 4g.20gb (0),1,,13,cupy_copy__float16_float16
20931881496,3872,449920,282,1,1,128,1,1,16,0.000,0.000,,,,,NVIDIA A100-SXM4-40GB MIG 4g.20gb (0),1,,13,cupy_copy__complex64_complex64
20931887160,2272,449929,26,1,1,128,1,1,16,0.000,0.000,,,,,NVIDIA A100-SXM4-40GB MIG 4g.20gb (0),1,,13,cupy_copy__float32_float32
20931891256,3232,449938,103,1,1,128,1,1,16,0.000,0.000,,,,,NVIDIA A100-SXM4-40GB MIG 4g.20gb (0),1,,13,cupy_copy__complex64_complex64
20931896376,12320,449948,1434,1,1,128,1,1,16,0.000,0.000,,,,,NVIDIA A100-SXM4-40GB MIG 4g.20gb (0),1,,13,cupy_copy__complex64_complex64
20931909976,79039,449953,1,1,1,32,32,1,30,0.000,0.000,,,,,NVIDIA A100-SXM4-40GB MIG 4g.20gb (0),1,,13,"void convert_kernel<__half2, float2>(tensor_layout_any, T1 *, tensor_layout_any, const T2 *)"
20932048182,5760,449956,,,,,,,,,,0.094,16266.656,Pinned,Device,NVIDIA A100-SXM4-40GB MIG 4g.20gb (0),1,,13,[CUDA memcpy Host-to-Device]
20932058326,611513,449957,,,,,,,,,,456.561,746477.954,Device,,NVIDIA A100-SXM4-40GB MIG 4g.20gb (0),1,,13,[CUDA memset]
20932676207,49280,449962,,,,,,,,,,1.235,25059.484,Pinned,Device,NVIDIA A100-SXM4-40GB MIG 4g.20gb (0),1,,13,[CUDA memcpy Host-to-Device]
20932727919,9280,449963,,,,,,,,,,0.197,21186.085,Pinned,Device,NVIDIA A100-SXM4-40GB MIG 4g.20gb (0),1,,13,[CUDA memcpy Host-to-Device]
20932741263,7104,449964,69,4,1,48,1,1,76,0.002,0.000,,,,,NVIDIA A100-SXM4-40GB MIG 4g.20gb (0),1,,13,"void ch_est::windowedChEstPreNoDftSOfdmKernel<float, __half, float, (unsigned int)2, (unsigned int)1, (unsigned short)4>(ch_est::puschRxChEstStatDescr_t *, ch_est::puschRxChEstDynDescr_t *)"
20932750479,6719,449965,137,2,1,24,2,1,44,0.001,0.001,,,,,NVIDIA A100-SXM4-40GB MIG 4g.20gb (0),1,,13,"void ch_est::chEstFilterNoDftSOfdmDispatchKernel<float, __half, float, (unsigned int)2>(ch_est::puschRxChEstStatDescr_t *, ch_est::puschRxChEstDynDescr_t *)"
20932759214,4992,449966,137,2,1,24,2,1,44,0.001,0.001,,,,,NVIDIA A100-SXM4-40GB MIG 4g.20gb (0),1,,13,"void ch_est::chEstFilterNoDftSOfdmDispatchKernel<float, __half, float, (unsigned int)2>(ch_est::puschRxChEstStatDescr_t *, ch_est::puschRxChEstDynDescr_t *)"
20932766478,2560,449977,103,1,1,128,1,1,16,0.000,0.000,,,,,NVIDIA A100-SXM4-40GB MIG 4g.20gb (0),1,,13,cupy_copy__complex64_complex64
20932770318,12960,449987,1434,1,1,128,1,1,16,0.000,0.000,,,,,NVIDIA A100-SXM4-40GB MIG 4g.20gb (0),1,,13,cupy_copy__complex64_complex64
20932785454,2528,449994,103,1,1,128,1,1,16,0.000,0.000,,,,,NVIDIA A100-SXM4-40GB MIG 4g.20gb (0),1,,13,cupy_copy__complex64_complex64
20932789486,79839,450001,1,1,1,32,32,1,30,0.000,0.000,,,,,NVIDIA A100-SXM4-40GB MIG 4g.20gb (0),1,,13,"void convert_kernel<__half2, float2>(tensor_layout_any, T1 *, tensor_layout_any, const T2 *)"
20932898029,5376,450004,,,,,,,,,,0.094,17428.487,Pinned,Device,NVIDIA A100-SXM4-40GB MIG 4g.20gb (0),1,,13,[CUDA memcpy Host-to-Device]
20932910349,47135,450005,,,,,,,,,,35.810,759707.453,Device,,NVIDIA A100-SXM4-40GB MIG 4g.20gb (0),1,,13,[CUDA memset]
20932964972,1952,450007,,,,,,,,,,0.000,40.984,Pinned,Device,NVIDIA A100-SXM4-40GB MIG 4g.20gb (0),1,,13,[CUDA memcpy Host-to-Device]
20932969484,9344,450008,,,,,,,,,,0.197,21040.988,Pinned,Device,NVIDIA A100-SXM4-40GB MIG 4g.20gb (0),1,,13,[CUDA memcpy Host-to-Device]
20932982956,9184,450009,273,1,1,48,1,1,40,0.000,0.001,,,,,NVIDIA A100-SXM4-40GB MIG 4g.20gb (0),1,,13,"void pusch_noise_intf_est::noiseIntfEstNoDftSOfdmKernel<float, __half, float, float, (unsigned int)2, (unsigned int)1, (unsigned char)4, (unsigned char)4>(pusch_noise_intf_est::puschRxNoiseIntfEstDynDescr)"
20932993740,2944,450020,35,1,1,128,1,1,16,0.000,0.000,,,,,NVIDIA A100-SXM4-40GB MIG 4g.20gb (0),1,,13,cupy_copy__complex64_complex64
20933016812,1920,450029,1,1,1,1,1,1,18,0.000,0.000,,,,,NVIDIA A100-SXM4-40GB MIG 4g.20gb (0),1,,13,cupy_copy__float32_float32
20933052203,1568,450035,,,,,,,,,,0.000,2.551,Device,Pageable,NVIDIA A100-SXM4-40GB MIG 4g.20gb (0),1,,7,[CUDA memcpy Device-to-Host]
20933112074,13440,450046,1434,1,1,128,1,1,16,0.000,0.000,,,,,NVIDIA A100-SXM4-40GB MIG 4g.20gb (0),1,,13,cupy_copy__complex64_complex64
20933138186,2720,450053,103,1,1,128,1,1,16,0.000,0.000,,,,,NVIDIA A100-SXM4-40GB MIG 4g.20gb (0),1,,13,cupy_copy__complex64_complex64
20933158314,2208,450060,35,1,1,128,1,1,16,0.000,0.000,,,,,NVIDIA A100-SXM4-40GB MIG 4g.20gb (0),1,,13,cupy_copy__complex64_complex64
20933176138,1888,450067,1,1,1,1,1,1,18,0.000,0.000,,,,,NVIDIA A100-SXM4-40GB MIG 4g.20gb (0),1,,13,cupy_copy__float32_float32
20933308904,79743,450078,1,1,1,32,32,1,30,0.000,0.000,,,,,NVIDIA A100-SXM4-40GB MIG 4g.20gb (0),1,,13,"void convert_kernel<__half2, float2>(tensor_layout_any, T1 *, tensor_layout_any, const T2 *)"
20933416839,5376,450081,,,,,,,,,,0.094,17428.487,Pinned,Device,NVIDIA A100-SXM4-40GB MIG 4g.20gb (0),1,,13,[CUDA memcpy Host-to-Device]
20933431047,3168,450082,,,,,,,,,,1.547,488201.145,Device,,NVIDIA A100-SXM4-40GB MIG 4g.20gb (0),1,,13,[CUDA memset]
20933437607,3040,450087,,,,,,,,,,0.031,10294.725,Pinned,Device,NVIDIA A100-SXM4-40GB MIG 4g.20gb (0),1,,13,[CUDA memcpy Host-to-Device]
20933448295,9312,450088,,,,,,,,,,0.197,21113.340,Pinned,Device,NVIDIA A100-SXM4-40GB MIG 4g.20gb (0),1,,13,[CUDA memcpy Host-to-Device]
20933462343,6112,450089,273,1,1,8,4,1,39,0.002,0.000,,,,,NVIDIA A100-SXM4-40GB MIG 4g.20gb (0),1,,13,"void channel_eq::eqMmseCoefCompLowMimoKernel<float, float, float, (unsigned int)4, (unsigned int)1, (unsigned int)4>(const channel_eq::_puschRxChEqStatDescr *, channel_eq::_puschRxChEqCoefCompDynDescr)"
20933469735,6207,450090,273,1,1,12,11,1,51,0.002,0.000,,,,,NVIDIA A100-SXM4-40GB MIG 4g.20gb (0),1,,13,"void channel_eq::eqMmseSoftDemapKernel<float, __half, __half, float, (unsigned int)4, (unsigned short)16383>(channel_eq::_puschRxChEqStatDescr *, channel_eq::_puschRxChEqSoftDemapDynDescr)"
20933477606,281053,450091,1,1,1,32,32,1,30,0.000,0.000,,,,,NVIDIA A100-SXM4-40GB MIG 4g.20gb (0),1,,13,"void convert_kernel<float2, __half2>(tensor_layout_any, T1 *, tensor_layout_any, const T2 *)"
20933760771,10720,450103,2253,1,1,128,1,1,16,0.000,0.000,,,,,NVIDIA A100-SXM4-40GB MIG 4g.20gb (0),1,,13,cupy_copy__float16_float16
20933773507,2848,450112,282,1,1,128,1,1,16,0.000,0.000,,,,,NVIDIA A100-SXM4-40GB MIG 4g.20gb (0),1,,13,cupy_copy__complex64_complex64
20933779107,2080,450121,26,1,1,128,1,1,16,0.000,0.000,,,,,NVIDIA A100-SXM4-40GB MIG 4g.20gb (0),1,,13,cupy_copy__float32_float32
20933782595,3072,450130,103,1,1,128,1,1,16,0.000,0.000,,,,,NVIDIA A100-SXM4-40GB MIG 4g.20gb (0),1,,13,cupy_copy__complex64_complex64
20933787395,11712,450140,1434,1,1,128,1,1,16,0.000,0.000,,,,,NVIDIA A100-SXM4-40GB MIG 4g.20gb (0),1,,13,cupy_copy__complex64_complex64
20933822307,80031,450145,1,1,1,32,32,1,30,0.000,0.000,,,,,NVIDIA A100-SXM4-40GB MIG 4g.20gb (0),1,,13,"void convert_kernel<__half2, float2>(tensor_layout_any, T1 *, tensor_layout_any, const T2 *)"
20933930753,5568,450148,,,,,,,,,,0.094,16827.521,Pinned,Device,NVIDIA A100-SXM4-40GB MIG 4g.20gb (0),1,,13,[CUDA memcpy Host-to-Device]
20933942721,608057,450149,,,,,,,,,,456.561,750587.007,Device,,NVIDIA A100-SXM4-40GB MIG 4g.20gb (0),1,,13,[CUDA memset]
20934552762,51456,450154,,,,,,,,,,1.235,23999.902,Pinned,Device,NVIDIA A100-SXM4-40GB MIG 4g.20gb (0),1,,13,[CUDA memcpy Host-to-Device]
20934606650,10752,450155,,,,,,,,,,0.197,18285.527,Pinned,Device,NVIDIA A100-SXM4-40GB MIG 4g.20gb (0),1,,13,[CUDA memcpy Host-to-Device]
20934879671,11712,450156,69,4,1,48,1,1,76,0.002,0.000,,,,,NVIDIA A100-SXM4-40GB MIG 4g.20gb (0),1,,13,"void ch_est::windowedChEstPreNoDftSOfdmKernel<float, __half, float, (unsigned int)2, (unsigned int)1, (unsigned short)4>(ch_est::puschRxChEstStatDescr_t *, ch_est::puschRxChEstDynDescr_t *)"
20935220147,8160,450157,137,2,1,24,2,1,44,0.001,0.001,,,,,NVIDIA A100-SXM4-40GB MIG 4g.20gb (0),1,,13,"void ch_est::chEstFilterNoDftSOfdmDispatchKernel<float, __half, float, (unsigned int)2>(ch_est::puschRxChEstStatDescr_t *, ch_est::puschRxChEstDynDescr_t *)"
20935230355,5696,450158,137,2,1,24,2,1,44,0.001,0.001,,,,,NVIDIA A100-SXM4-40GB MIG 4g.20gb (0),1,,13,"void ch_est::chEstFilterNoDftSOfdmDispatchKernel<float, __half, float, (unsigned int)2>(ch_est::puschRxChEstStatDescr_t *, ch_est::puschRxChEstDynDescr_t *)"
20935237587,2560,450169,103,1,1,128,1,1,16,0.000,0.000,,,,,NVIDIA A100-SXM4-40GB MIG 4g.20gb (0),1,,13,cupy_copy__complex64_complex64
20935241939,12512,450179,1434,1,1,128,1,1,16,0.000,0.000,,,,,NVIDIA A100-SXM4-40GB MIG 4g.20gb (0),1,,13,cupy_copy__complex64_complex64
20935255795,2496,450186,103,1,1,128,1,1,16,0.000,0.000,,,,,NVIDIA A100-SXM4-40GB MIG 4g.20gb (0),1,,13,cupy_copy__complex64_complex64
20935259795,79967,450193,1,1,1,32,32,1,30,0.000,0.000,,,,,NVIDIA A100-SXM4-40GB MIG 4g.20gb (0),1,,13,"void convert_kernel<__half2, float2>(tensor_layout_any, T1 *, tensor_layout_any, const T2 *)"
20935367825,5344,450196,,,,,,,,,,0.094,17532.864,Pinned,Device,NVIDIA A100-SXM4-40GB MIG 4g.20gb (0),1,,13,[CUDA memcpy Host-to-Device]
20935380369,48224,450197,,,,,,,,,,35.810,742554.501,Device,,NVIDIA A100-SXM4-40GB MIG 4g.20gb (0),1,,13,[CUDA memset]
20935432081,2048,450199,,,,,,,,,,0.000,39.062,Pinned,Device,NVIDIA A100-SXM4-40GB MIG 4g.20gb (0),1,,13,[CUDA memcpy Host-to-Device]
20935436753,9471,450200,,,,,,,,,,0.197,20758.856,Pinned,Device,NVIDIA A100-SXM4-40GB MIG 4g.20gb (0),1,,13,[CUDA memcpy Host-to-Device]
20935450160,9088,450201,273,1,1,48,1,1,40,0.000,0.001,,,,,NVIDIA A100-SXM4-40GB MIG 4g.20gb (0),1,,13,"void pusch_noise_intf_est::noiseIntfEstNoDftSOfdmKernel<float, __half, float, float, (unsigned int)2, (unsigned int)1, (unsigned char)4, (unsigned char)4>(pusch_noise_intf_est::puschRxNoiseIntfEstDynDescr)"
20935461040,2976,450212,35,1,1,128,1,1,16,0.000,0.000,,,,,NVIDIA A100-SXM4-40GB MIG 4g.20gb (0),1,,13,cupy_copy__complex64_complex64
20935484688,1888,450221,1,1,1,1,1,1,18,0.000,0.000,,,,,NVIDIA A100-SXM4-40GB MIG 4g.20gb (0),1,,13,cupy_copy__float32_float32
20935520208,1600,450227,,,,,,,,,,0.000,2.500,Device,Pageable,NVIDIA A100-SXM4-40GB MIG 4g.20gb (0),1,,7,[CUDA memcpy Device-to-Host]
20935580335,13472,450238,1434,1,1,128,1,1,16,0.000,0.000,,,,,NVIDIA A100-SXM4-40GB MIG 4g.20gb (0),1,,13,cupy_copy__complex64_complex64
20935606543,2784,450245,103,1,1,128,1,1,16,0.000,0.000,,,,,NVIDIA A100-SXM4-40GB MIG 4g.20gb (0),1,,13,cupy_copy__complex64_complex64
20935626318,2240,450252,35,1,1,128,1,1,16,0.000,0.000,,,,,NVIDIA A100-SXM4-40GB MIG 4g.20gb (0),1,,13,cupy_copy__complex64_complex64
20935644110,1856,450259,1,1,1,1,1,1,18,0.000,0.000,,,,,NVIDIA A100-SXM4-40GB MIG 4g.20gb (0),1,,13,cupy_copy__float32_float32
20935779725,80031,450270,1,1,1,32,32,1,30,0.000,0.000,,,,,NVIDIA A100-SXM4-40GB MIG 4g.20gb (0),1,,13,"void convert_kernel<__half2, float2>(tensor_layout_any, T1 *, tensor_layout_any, const T2 *)"
20935889868,5503,450273,,,,,,,,,,0.094,17026.343,Pinned,Device,NVIDIA A100-SXM4-40GB MIG 4g.20gb (0),1,,13,[CUDA memcpy Host-to-Device]
20935904075,3168,450274,,,,,,,,,,1.547,488201.145,Device,,NVIDIA A100-SXM4-40GB MIG 4g.20gb (0),1,,13,[CUDA memset]
20935918699,3040,450279,,,,,,,,,,0.031,10294.725,Pinned,Device,NVIDIA A100-SXM4-40GB MIG 4g.20gb (0),1,,13,[CUDA memcpy Host-to-Device]
20935923819,9408,450280,,,,,,,,,,0.197,20897.858,Pinned,Device,NVIDIA A100-SXM4-40GB MIG 4g.20gb (0),1,,13,[CUDA memcpy Host-to-Device]
20935937323,6240,450281,273,1,1,8,4,1,39,0.002,0.000,,,,,NVIDIA A100-SXM4-40GB MIG 4g.20gb (0),1,,13,"void channel_eq::eqMmseCoefCompLowMimoKernel<float, float, float, (unsigned int)4, (unsigned int)1, (unsigned int)4>(const channel_eq::_puschRxChEqStatDescr *, channel_eq::_puschRxChEqCoefCompDynDescr)"
20935945003,6560,450282,273,1,1,12,11,1,51,0.002,0.000,,,,,NVIDIA A100-SXM4-40GB MIG 4g.20gb (0),1,,13,"void channel_eq::eqMmseSoftDemapKernel<float, __half, __half, float, (unsigned int)4, (unsigned short)16383>(channel_eq::_puschRxChEqStatDescr *, channel_eq::_puschRxChEqSoftDemapDynDescr)"
20935953643,281277,450283,1,1,1,32,32,1,30,0.000,0.000,,,,,NVIDIA A100-SXM4-40GB MIG 4g.20gb (0),1,,13,"void convert_kernel<float2, __half2>(tensor_layout_any, T1 *, tensor_layout_any, const T2 *)"
20936236360,10688,450295,2253,1,1,128,1,1,16,0.000,0.000,,,,,NVIDIA A100-SXM4-40GB MIG 4g.20gb (0),1,,13,cupy_copy__float16_float16
20936248680,2847,450304,282,1,1,128,1,1,16,0.000,0.000,,,,,NVIDIA A100-SXM4-40GB MIG 4g.20gb (0),1,,13,cupy_copy__complex64_complex64
20936253319,2112,450313,26,1,1,128,1,1,16,0.000,0.000,,,,,NVIDIA A100-SXM4-40GB MIG 4g.20gb (0),1,,13,cupy_copy__float32_float32
20936257703,2880,450322,103,1,1,128,1,1,16,0.000,0.000,,,,,NVIDIA A100-SXM4-40GB MIG 4g.20gb (0),1,,13,cupy_copy__complex64_complex64
20936262791,11712,450332,1434,1,1,128,1,1,16,0.000,0.000,,,,,NVIDIA A100-SXM4-40GB MIG 4g.20gb (0),1,,13,cupy_copy__complex64_complex64
20936297319,79231,450337,1,1,1,32,32,1,30,0.000,0.000,,,,,NVIDIA A100-SXM4-40GB MIG 4g.20gb (0),1,,13,"void convert_kernel<__half2, float2>(tensor_layout_any, T1 *, tensor_layout_any, const T2 *)"
20936404134,5376,450340,,,,,,,,,,0.094,17428.487,Pinned,Device,NVIDIA A100-SXM4-40GB MIG 4g.20gb (0),1,,13,[CUDA memcpy Host-to-Device]
20936414854,608633,450341,,,,,,,,,,456.561,750130.446,Device,,NVIDIA A100-SXM4-40GB MIG 4g.20gb (0),1,,13,[CUDA memset]
20937029183,49055,450346,,,,,,,,,,1.235,25174.333,Pinned,Device,NVIDIA A100-SXM4-40GB MIG 4g.20gb (0),1,,13,[CUDA memcpy Host-to-Device]
20937080830,9312,450347,,,,,,,,,,0.197,21113.340,Pinned,Device,NVIDIA A100-SXM4-40GB MIG 4g.20gb (0),1,,13,[CUDA memcpy Host-to-Device]
20937093982,7296,450348,69,4,1,48,1,1,76,0.002,0.000,,,,,NVIDIA A100-SXM4-40GB MIG 4g.20gb (0),1,,13,"void ch_est::windowedChEstPreNoDftSOfdmKernel<float, __half, float, (unsigned int)2, (unsigned int)1, (unsigned short)4>(ch_est::puschRxChEstStatDescr_t *, ch_est::puschRxChEstDynDescr_t *)"
20937103358,6624,450349,137,2,1,24,2,1,44,0.001,0.001,,,,,NVIDIA A100-SXM4-40GB MIG 4g.20gb (0),1,,13,"void ch_est::chEstFilterNoDftSOfdmDispatchKernel<float, __half, float, (unsigned int)2>(ch_est::puschRxChEstStatDescr_t *, ch_est::puschRxChEstDynDescr_t *)"
20937111358,5088,450350,137,2,1,24,2,1,44,0.001,0.001,,,,,NVIDIA A100-SXM4-40GB MIG 4g.20gb (0),1,,13,"void ch_est::chEstFilterNoDftSOfdmDispatchKernel<float, __half, float, (unsigned int)2>(ch_est::puschRxChEstStatDescr_t *, ch_est::puschRxChEstDynDescr_t *)"
20937117886,2560,450361,103,1,1,128,1,1,16,0.000,0.000,,,,,NVIDIA A100-SXM4-40GB MIG 4g.20gb (0),1,,13,cupy_copy__complex64_complex64
20937121886,12800,450371,1434,1,1,128,1,1,16,0.000,0.000,,,,,NVIDIA A100-SXM4-40GB MIG 4g.20gb (0),1,,13,cupy_copy__complex64_complex64
20937136382,2496,450378,103,1,1,128,1,1,16,0.000,0.000,,,,,NVIDIA A100-SXM4-40GB MIG 4g.20gb (0),1,,13,cupy_copy__complex64_complex64
20937140990,79679,450385,1,1,1,32,32,1,30,0.000,0.000,,,,,NVIDIA A100-SXM4-40GB MIG 4g.20gb (0),1,,13,"void convert_kernel<__half2, float2>(tensor_layout_any, T1 *, tensor_layout_any, const T2 *)"
20937249596,5632,450388,,,,,,,,,,0.094,16636.287,Pinned,Device,NVIDIA A100-SXM4-40GB MIG 4g.20gb (0),1,,13,[CUDA memcpy Host-to-Device]
20937260540,46656,450389,,,,,,,,,,35.810,767514.015,Device,,NVIDIA A100-SXM4-40GB MIG 4g.20gb (0),1,,13,[CUDA memset]
20937311004,2048,450391,,,,,,,,,,0.000,39.062,Pinned,Device,NVIDIA A100-SXM4-40GB MIG 4g.20gb (0),1,,13,[CUDA memcpy Host-to-Device]
20937315676,9312,450392,,,,,,,,,,0.197,21113.340,Pinned,Device,NVIDIA A100-SXM4-40GB MIG 4g.20gb (0),1,,13,[CUDA memcpy Host-to-Device]
20937328827,8768,450393,273,1,1,48,1,1,40,0.000,0.001,,,,,NVIDIA A100-SXM4-40GB MIG 4g.20gb (0),1,,13,"void pusch_noise_intf_est::noiseIntfEstNoDftSOfdmKernel<float, __half, float, float, (unsigned int)2, (unsigned int)1, (unsigned char)4, (unsigned char)4>(pusch_noise_intf_est::puschRxNoiseIntfEstDynDescr)"
20937338939,2880,450404,35,1,1,128,1,1,16,0.000,0.000,,,,,NVIDIA A100-SXM4-40GB MIG 4g.20gb (0),1,,13,cupy_copy__complex64_complex64
20937367675,1888,450413,1,1,1,1,1,1,18,0.000,0.000,,,,,NVIDIA A100-SXM4-40GB MIG 4g.20gb (0),1,,13,cupy_copy__float32_float32
20937402523,2336,450419,,,,,,,,,,0.000,1.712,Device,Pageable,NVIDIA A100-SXM4-40GB MIG 4g.20gb (0),1,,7,[CUDA memcpy Device-to-Host]
20937465114,14208,450430,1434,1,1,128,1,1,16,0.000,0.000,,,,,NVIDIA A100-SXM4-40GB MIG 4g.20gb (0),1,,13,cupy_copy__complex64_complex64
20937490522,4000,450437,103,1,1,128,1,1,16,0.000,0.000,,,,,NVIDIA A100-SXM4-40GB MIG 4g.20gb (0),1,,13,cupy_copy__complex64_complex64
20937565721,5824,450444,35,1,1,128,1,1,16,0.000,0.000,,,,,NVIDIA A100-SXM4-40GB MIG 4g.20gb (0),1,,13,cupy_copy__complex64_complex64
20937611672,5632,450451,1,1,1,1,1,1,18,0.000,0.000,,,,,NVIDIA A100-SXM4-40GB MIG 4g.20gb (0),1,,13,cupy_copy__float32_float32
20937684407,358844,450462,1,1,1,32,32,1,30,0.000,0.000,,,,,NVIDIA A100-SXM4-40GB MIG 4g.20gb (0),1,,13,"void convert_kernel<__half2, float2>(tensor_layout_any, T1 *, tensor_layout_any, const T2 *)"
20938072947,10880,450465,,,,,,,,,,0.094,8611.693,Pinned,Device,NVIDIA A100-SXM4-40GB MIG 4g.20gb (0),1,,13,[CUDA memcpy Host-to-Device]
20938154578,4384,450466,,,,,,,,,,1.547,352788.028,Device,,NVIDIA A100-SXM4-40GB MIG 4g.20gb (0),1,,13,[CUDA memset]
20938165810,5600,450471,,,,,,,,,,0.031,5588.558,Pinned,Device,NVIDIA A100-SXM4-40GB MIG 4g.20gb (0),1,,13,[CUDA memcpy Host-to-Device]
20938173490,12256,450472,,,,,,,,,,0.197,16041.640,Pinned,Device,NVIDIA A100-SXM4-40GB MIG 4g.20gb (0),1,,13,[CUDA memcpy Host-to-Device]
20938269361,14912,450473,273,1,1,8,4,1,39,0.002,0.000,,,,,NVIDIA A100-SXM4-40GB MIG 4g.20gb (0),1,,13,"void channel_eq::eqMmseCoefCompLowMimoKernel<float, float, float, (unsigned int)4, (unsigned int)1, (unsigned int)4>(const channel_eq::_puschRxChEqStatDescr *, channel_eq::_puschRxChEqCoefCompDynDescr)"
20938378832,9472,450474,273,1,1,12,11,1,51,0.002,0.000,,,,,NVIDIA A100-SXM4-40GB MIG 4g.20gb (0),1,,13,"void channel_eq::eqMmseSoftDemapKernel<float, __half, __half, float, (unsigned int)4, (unsigned short)16383>(channel_eq::_puschRxChEqStatDescr *, channel_eq::_puschRxChEqSoftDemapDynDescr)"
20938495598,769080,450475,1,1,1,32,32,1,30,0.000,0.000,,,,,NVIDIA A100-SXM4-40GB MIG 4g.20gb (0),1,,13,"void convert_kernel<float2, __half2>(tensor_layout_any, T1 *, tensor_layout_any, const T2 *)"
20939266342,12128,450487,2253,1,1,128,1,1,16,0.000,0.000,,,,,NVIDIA A100-SXM4-40GB MIG 4g.20gb (0),1,,13,cupy_copy__float16_float16
20939280710,3680,450496,282,1,1,128,1,1,16,0.000,0.000,,,,,NVIDIA A100-SXM4-40GB MIG 4g.20gb (0),1,,13,cupy_copy__complex64_complex64
20939286470,2272,450505,26,1,1,128,1,1,16,0.000,0.000,,,,,NVIDIA A100-SXM4-40GB MIG 4g.20gb (0),1,,13,cupy_copy__float32_float32
20939290822,3232,450514,103,1,1,128,1,1,16,0.000,0.000,,,,,NVIDIA A100-SXM4-40GB MIG 4g.20gb (0),1,,13,cupy_copy__complex64_complex64
20939295942,12671,450524,1434,1,1,128,1,1,16,0.000,0.000,,,,,NVIDIA A100-SXM4-40GB MIG 4g.20gb (0),1,,13,cupy_copy__complex64_complex64
20939309861,79263,450529,1,1,1,32,32,1,30,0.000,0.000,,,,,NVIDIA A100-SXM4-40GB MIG 4g.20gb (0),1,,13,"void convert_kernel<__half2, float2>(tensor_layout_any, T1 *, tensor_layout_any, const T2 *)"
20939417828,5344,450532,,,,,,,,,,0.094,17532.864,Pinned,Device,NVIDIA A100-SXM4-40GB MIG 4g.20gb (0),1,,13,[CUDA memcpy Host-to-Device]
20939427396,610745,450533,,,,,,,,,,456.561,747391.077,Device,,NVIDIA A100-SXM4-40GB MIG 4g.20gb (0),1,,13,[CUDA memset]
20940042781,48896,450538,,,,,,,,,,1.235,25255.840,Pinned,Device,NVIDIA A100-SXM4-40GB MIG 4g.20gb (0),1,,13,[CUDA memcpy Host-to-Device]
20940094109,9344,450539,,,,,,,,,,0.197,21040.988,Pinned,Device,NVIDIA A100-SXM4-40GB MIG 4g.20gb (0),1,,13,[CUDA memcpy Host-to-Device]
20940107868,7712,450540,69,4,1,48,1,1,76,0.002,0.000,,,,,NVIDIA A100-SXM4-40GB MIG 4g.20gb (0),1,,13,"void ch_est::windowedChEstPreNoDftSOfdmKernel<float, __half, float, (unsigned int)2, (unsigned int)1, (unsigned short)4>(ch_est::puschRxChEstStatDescr_t *, ch_est::puschRxChEstDynDescr_t *)"
20940117116,6656,450541,137,2,1,24,2,1,44,0.001,0.001,,,,,NVIDIA A100-SXM4-40GB MIG 4g.20gb (0),1,,13,"void ch_est::chEstFilterNoDftSOfdmDispatchKernel<float, __half, float, (unsigned int)2>(ch_est::puschRxChEstStatDescr_t *, ch_est::puschRxChEstDynDescr_t *)"
20940125180,4768,450542,137,2,1,24,2,1,44,0.001,0.001,,,,,NVIDIA A100-SXM4-40GB MIG 4g.20gb (0),1,,13,"void ch_est::chEstFilterNoDftSOfdmDispatchKernel<float, __half, float, (unsigned int)2>(ch_est::puschRxChEstStatDescr_t *, ch_est::puschRxChEstDynDescr_t *)"
20940131932,2560,450553,103,1,1,128,1,1,16,0.000,0.000,,,,,NVIDIA A100-SXM4-40GB MIG 4g.20gb (0),1,,13,cupy_copy__complex64_complex64
20940136252,12928,450563,1434,1,1,128,1,1,16,0.000,0.000,,,,,NVIDIA A100-SXM4-40GB MIG 4g.20gb (0),1,,13,cupy_copy__complex64_complex64
20940151292,2528,450570,103,1,1,128,1,1,16,0.000,0.000,,,,,NVIDIA A100-SXM4-40GB MIG 4g.20gb (0),1,,13,cupy_copy__complex64_complex64
20940155644,79391,450577,1,1,1,32,32,1,30,0.000,0.000,,,,,NVIDIA A100-SXM4-40GB MIG 4g.20gb (0),1,,13,"void convert_kernel<__half2, float2>(tensor_layout_any, T1 *, tensor_layout_any, const T2 *)"
20940264731,5344,450580,,,,,,,,,,0.094,17532.864,Pinned,Device,NVIDIA A100-SXM4-40GB MIG 4g.20gb (0),1,,13,[CUDA memcpy Host-to-Device]
20940276795,46847,450581,,,,,,,,,,35.810,764398.552,Device,,NVIDIA A100-SXM4-40GB MIG 4g.20gb (0),1,,13,[CUDA memset]
20940329082,1888,450583,,,,,,,,,,0.000,42.373,Pinned,Device,NVIDIA A100-SXM4-40GB MIG 4g.20gb (0),1,,13,[CUDA memcpy Host-to-Device]
20940333402,9472,450584,,,,,,,,,,0.197,20756.693,Pinned,Device,NVIDIA A100-SXM4-40GB MIG 4g.20gb (0),1,,13,[CUDA memcpy Host-to-Device]
20940347322,8800,450585,273,1,1,48,1,1,40,0.000,0.001,,,,,NVIDIA A100-SXM4-40GB MIG 4g.20gb (0),1,,13,"void pusch_noise_intf_est::noiseIntfEstNoDftSOfdmKernel<float, __half, float, float, (unsigned int)2, (unsigned int)1, (unsigned char)4, (unsigned char)4>(pusch_noise_intf_est::puschRxNoiseIntfEstDynDescr)"
20940358426,2848,450596,35,1,1,128,1,1,16,0.000,0.000,,,,,NVIDIA A100-SXM4-40GB MIG 4g.20gb (0),1,,13,cupy_copy__complex64_complex64
20940383833,1920,450605,1,1,1,1,1,1,18,0.000,0.000,,,,,NVIDIA A100-SXM4-40GB MIG 4g.20gb (0),1,,13,cupy_copy__float32_float32
20940418777,1568,450611,,,,,,,,,,0.000,2.551,Device,Pageable,NVIDIA A100-SXM4-40GB MIG 4g.20gb (0),1,,7,[CUDA memcpy Device-to-Host]
20940477784,13408,450622,1434,1,1,128,1,1,16,0.000,0.000,,,,,NVIDIA A100-SXM4-40GB MIG 4g.20gb (0),1,,13,cupy_copy__complex64_complex64
20940504216,2752,450629,103,1,1,128,1,1,16,0.000,0.000,,,,,NVIDIA A100-SXM4-40GB MIG 4g.20gb (0),1,,13,cupy_copy__complex64_complex64
20940524952,2208,450636,35,1,1,128,1,1,16,0.000,0.000,,,,,NVIDIA A100-SXM4-40GB MIG 4g.20gb (0),1,,13,cupy_copy__complex64_complex64
20940543576,1856,450643,1,1,1,1,1,1,18,0.000,0.000,,,,,NVIDIA A100-SXM4-40GB MIG 4g.20gb (0),1,,13,cupy_copy__float32_float32
20940677878,79391,450654,1,1,1,32,32,1,30,0.000,0.000,,,,,NVIDIA A100-SXM4-40GB MIG 4g.20gb (0),1,,13,"void convert_kernel<__half2, float2>(tensor_layout_any, T1 *, tensor_layout_any, const T2 *)"
20940786165,5344,450657,,,,,,,,,,0.094,17532.864,Pinned,Device,NVIDIA A100-SXM4-40GB MIG 4g.20gb (0),1,,13,[CUDA memcpy Host-to-Device]
20940801045,3200,450658,,,,,,,,,,1.547,483320.000,Device,,NVIDIA A100-SXM4-40GB MIG 4g.20gb (0),1,,13,[CUDA memset]
20940807445,3040,450663,,,,,,,,,,0.031,10294.725,Pinned,Device,NVIDIA A100-SXM4-40GB MIG 4g.20gb (0),1,,13,[CUDA memcpy Host-to-Device]
20940812565,9632,450664,,,,,,,,,,0.197,20411.843,Pinned,Device,NVIDIA A100-SXM4-40GB MIG 4g.20gb (0),1,,13,[CUDA memcpy Host-to-Device]
20940826612,6560,450665,273,1,1,8,4,1,39,0.002,0.000,,,,,NVIDIA A100-SXM4-40GB MIG 4g.20gb (0),1,,13,"void channel_eq::eqMmseCoefCompLowMimoKernel<float, float, float, (unsigned int)4, (unsigned int)1, (unsigned int)4>(const channel_eq::_puschRxChEqStatDescr *, channel_eq::_puschRxChEqCoefCompDynDescr)"
20940835316,6656,450666,273,1,1,12,11,1,51,0.002,0.000,,,,,NVIDIA A100-SXM4-40GB MIG 4g.20gb (0),1,,13,"void channel_eq::eqMmseSoftDemapKernel<float, __half, __half, float, (unsigned int)4, (unsigned short)16383>(channel_eq::_puschRxChEqStatDescr *, channel_eq::_puschRxChEqSoftDemapDynDescr)"
20940843668,281213,450667,1,1,1,32,32,1,30,0.000,0.000,,,,,NVIDIA A100-SXM4-40GB MIG 4g.20gb (0),1,,13,"void convert_kernel<float2, __half2>(tensor_layout_any, T1 *, tensor_layout_any, const T2 *)"
20941127121,10560,450679,2253,1,1,128,1,1,16,0.000,0.000,,,,,NVIDIA A100-SXM4-40GB MIG 4g.20gb (0),1,,13,cupy_copy__float16_float16
20941139761,2816,450688,282,1,1,128,1,1,16,0.000,0.000,,,,,NVIDIA A100-SXM4-40GB MIG 4g.20gb (0),1,,13,cupy_copy__complex64_complex64
20941144401,2080,450697,26,1,1,128,1,1,16,0.000,0.000,,,,,NVIDIA A100-SXM4-40GB MIG 4g.20gb (0),1,,13,cupy_copy__float32_float32
20941148177,2880,450706,103,1,1,128,1,1,16,0.000,0.000,,,,,NVIDIA A100-SXM4-40GB MIG 4g.20gb (0),1,,13,cupy_copy__complex64_complex64
20941153265,11680,450716,1434,1,1,128,1,1,16,0.000,0.000,,,,,NVIDIA A100-SXM4-40GB MIG 4g.20gb (0),1,,13,cupy_copy__complex64_complex64
20941177393,80799,450721,1,1,1,32,32,1,30,0.000,0.000,,,,,NVIDIA A100-SXM4-40GB MIG 4g.20gb (0),1,,13,"void convert_kernel<__half2, float2>(tensor_layout_any, T1 *, tensor_layout_any, const T2 *)"
20941287087,6368,450724,,,,,,,,,,0.094,14713.551,Pinned,Device,NVIDIA A100-SXM4-40GB MIG 4g.20gb (0),1,,13,[CUDA memcpy Host-to-Device]
20941298575,609465,450725,,,,,,,,,,456.561,748760.762,Device,,NVIDIA A100-SXM4-40GB MIG 4g.20gb (0),1,,13,[CUDA memset]
20941912264,51392,450730,,,,,,,,,,1.235,24029.540,Pinned,Device,NVIDIA A100-SXM4-40GB MIG 4g.20gb (0),1,,13,[CUDA memcpy Host-to-Device]
20941966312,10720,450731,,,,,,,,,,0.197,18340.184,Pinned,Device,NVIDIA A100-SXM4-40GB MIG 4g.20gb (0),1,,13,[CUDA memcpy Host-to-Device]
20942296228,10560,450732,69,4,1,48,1,1,76,0.002,0.000,,,,,NVIDIA A100-SXM4-40GB MIG 4g.20gb (0),1,,13,"void ch_est::windowedChEstPreNoDftSOfdmKernel<float, __half, float, (unsigned int)2, (unsigned int)1, (unsigned short)4>(ch_est::puschRxChEstStatDescr_t *, ch_est::puschRxChEstDynDescr_t *)"
20942454658,16096,450733,137,2,1,24,2,1,44,0.001,0.001,,,,,NVIDIA A100-SXM4-40GB MIG 4g.20gb (0),1,,13,"void ch_est::chEstFilterNoDftSOfdmDispatchKernel<float, __half, float, (unsigned int)2>(ch_est::puschRxChEstStatDescr_t *, ch_est::puschRxChEstDynDescr_t *)"
20942718175,9504,450734,137,2,1,24,2,1,44,0.001,0.001,,,,,NVIDIA A100-SXM4-40GB MIG 4g.20gb (0),1,,13,"void ch_est::chEstFilterNoDftSOfdmDispatchKernel<float, __half, float, (unsigned int)2>(ch_est::puschRxChEstStatDescr_t *, ch_est::puschRxChEstDynDescr_t *)"
20942729407,3424,450745,103,1,1,128,1,1,16,0.000,0.000,,,,,NVIDIA A100-SXM4-40GB MIG 4g.20gb (0),1,,13,cupy_copy__complex64_complex64
20942734751,14752,450755,1434,1,1,128,1,1,16,0.000,0.000,,,,,NVIDIA A100-SXM4-40GB MIG 4g.20gb (0),1,,13,cupy_copy__complex64_complex64
20942751839,3072,450762,103,1,1,128,1,1,16,0.000,0.000,,,,,NVIDIA A100-SXM4-40GB MIG 4g.20gb (0),1,,13,cupy_copy__complex64_complex64
20942757439,85055,450769,1,1,1,32,32,1,30,0.000,0.000,,,,,NVIDIA A100-SXM4-40GB MIG 4g.20gb (0),1,,13,"void convert_kernel<__half2, float2>(tensor_layout_any, T1 *, tensor_layout_any, const T2 *)"
20942871998,6112,450772,,,,,,,,,,0.094,15329.790,Pinned,Device,NVIDIA A100-SXM4-40GB MIG 4g.20gb (0),1,,13,[CUDA memcpy Host-to-Device]
20942883038,46911,450773,,,,,,,,,,35.810,763324.255,Device,,NVIDIA A100-SXM4-40GB MIG 4g.20gb (0),1,,13,[CUDA memset]
20942935549,2208,450775,,,,,,,,,,0.000,36.232,Pinned,Device,NVIDIA A100-SXM4-40GB MIG 4g.20gb (0),1,,13,[CUDA memcpy Host-to-Device]
20942940189,9344,450776,,,,,,,,,,0.197,21040.988,Pinned,Device,NVIDIA A100-SXM4-40GB MIG 4g.20gb (0),1,,13,[CUDA memcpy Host-to-Device]
20942953373,9312,450777,273,1,1,48,1,1,40,0.000,0.001,,,,,NVIDIA A100-SXM4-40GB MIG 4g.20gb (0),1,,13,"void pusch_noise_intf_est::noiseIntfEstNoDftSOfdmKernel<float, __half, float, float, (unsigned int)2, (unsigned int)1, (unsigned char)4, (unsigned char)4>(pusch_noise_intf_est::puschRxNoiseIntfEstDynDescr)"
20942964861,2912,450788,35,1,1,128,1,1,16,0.000,0.000,,,,,NVIDIA A100-SXM4-40GB MIG 4g.20gb (0),1,,13,cupy_copy__complex64_complex64
20942990300,1920,450797,1,1,1,1,1,1,18,0.000,0.000,,,,,NVIDIA A100-SXM4-40GB MIG 4g.20gb (0),1,,13,cupy_copy__float32_float32
20943024604,1728,450803,,,,,,,,,,0.000,2.315,Device,Pageable,NVIDIA A100-SXM4-40GB MIG 4g.20gb (0),1,,7,[CUDA memcpy Device-to-Host]
20943085275,13440,450814,1434,1,1,128,1,1,16,0.000,0.000,,,,,NVIDIA A100-SXM4-40GB MIG 4g.20gb (0),1,,13,cupy_copy__complex64_complex64
20943112379,2752,450821,103,1,1,128,1,1,16,0.000,0.000,,,,,NVIDIA A100-SXM4-40GB MIG 4g.20gb (0),1,,13,cupy_copy__complex64_complex64
20943132443,2240,450828,35,1,1,128,1,1,16,0.000,0.000,,,,,NVIDIA A100-SXM4-40GB MIG 4g.20gb (0),1,,13,cupy_copy__complex64_complex64
20943150907,1888,450835,1,1,1,1,1,1,18,0.000,0.000,,,,,NVIDIA A100-SXM4-40GB MIG 4g.20gb (0),1,,13,cupy_copy__float32_float32
20943298265,79839,450846,1,1,1,32,32,1,30,0.000,0.000,,,,,NVIDIA A100-SXM4-40GB MIG 4g.20gb (0),1,,13,"void convert_kernel<__half2, float2>(tensor_layout_any, T1 *, tensor_layout_any, const T2 *)"
20943407704,5440,450849,,,,,,,,,,0.094,17223.480,Pinned,Device,NVIDIA A100-SXM4-40GB MIG 4g.20gb (0),1,,13,[CUDA memcpy Host-to-Device]
20943421848,3199,450850,,,,,,,,,,1.547,483470.023,Device,,NVIDIA A100-SXM4-40GB MIG 4g.20gb (0),1,,13,[CUDA memset]
20943428439,3040,450855,,,,,,,,,,0.031,10294.725,Pinned,Device,NVIDIA A100-SXM4-40GB MIG 4g.20gb (0),1,,13,[CUDA memcpy Host-to-Device]
20943433911,9664,450856,,,,,,,,,,0.197,20344.209,Pinned,Device,NVIDIA A100-SXM4-40GB MIG 4g.20gb (0),1,,13,[CUDA memcpy Host-to-Device]
20943448247,5952,450857,273,1,1,8,4,1,39,0.002,0.000,,,,,NVIDIA A100-SXM4-40GB MIG 4g.20gb (0),1,,13,"void channel_eq::eqMmseCoefCompLowMimoKernel<float, float, float, (unsigned int)4, (unsigned int)1, (unsigned int)4>(const channel_eq::_puschRxChEqStatDescr *, channel_eq::_puschRxChEqCoefCompDynDescr)"
20943455831,6144,450858,273,1,1,12,11,1,51,0.002,0.000,,,,,NVIDIA A100-SXM4-40GB MIG 4g.20gb (0),1,,13,"void channel_eq::eqMmseSoftDemapKernel<float, __half, __half, float, (unsigned int)4, (unsigned short)16383>(channel_eq::_puschRxChEqStatDescr *, channel_eq::_puschRxChEqSoftDemapDynDescr)"
20943464439,281629,450859,1,1,1,32,32,1,30,0.000,0.000,,,,,NVIDIA A100-SXM4-40GB MIG 4g.20gb (0),1,,13,"void convert_kernel<float2, __half2>(tensor_layout_any, T1 *, tensor_layout_any, const T2 *)"
20943748020,11040,450871,2253,1,1,128,1,1,16,0.000,0.000,,,,,NVIDIA A100-SXM4-40GB MIG 4g.20gb (0),1,,13,cupy_copy__float16_float16
20943761012,2848,450880,282,1,1,128,1,1,16,0.000,0.000,,,,,NVIDIA A100-SXM4-40GB MIG 4g.20gb (0),1,,13,cupy_copy__complex64_complex64
20943765684,2080,450889,26,1,1,128,1,1,16,0.000,0.000,,,,,NVIDIA A100-SXM4-40GB MIG 4g.20gb (0),1,,13,cupy_copy__float32_float32
20943769780,2880,450898,103,1,1,128,1,1,16,0.000,0.000,,,,,NVIDIA A100-SXM4-40GB MIG 4g.20gb (0),1,,13,cupy_copy__complex64_complex64
20943774452,11679,450908,1434,1,1,128,1,1,16,0.000,0.000,,,,,NVIDIA A100-SXM4-40GB MIG 4g.20gb (0),1,,13,cupy_copy__complex64_complex64
20943796435,79999,450913,1,1,1,32,32,1,30,0.000,0.000,,,,,NVIDIA A100-SXM4-40GB MIG 4g.20gb (0),1,,13,"void convert_kernel<__half2, float2>(tensor_layout_any, T1 *, tensor_layout_any, const T2 *)"
20943905330,5344,450916,,,,,,,,,,0.094,17532.864,Pinned,Device,NVIDIA A100-SXM4-40GB MIG 4g.20gb (0),1,,13,[CUDA memcpy Host-to-Device]
20943916018,612121,450917,,,,,,,,,,456.561,745564.832,Device,,NVIDIA A100-SXM4-40GB MIG 4g.20gb (0),1,,13,[CUDA memset]
20944531019,48928,450922,,,,,,,,,,1.235,25239.785,Pinned,Device,NVIDIA A100-SXM4-40GB MIG 4g.20gb (0),1,,13,[CUDA memcpy Host-to-Device]
20944582603,9343,450923,,,,,,,,,,0.197,21043.347,Pinned,Device,NVIDIA A100-SXM4-40GB MIG 4g.20gb (0),1,,13,[CUDA memcpy Host-to-Device]
20944595850,7104,450924,69,4,1,48,1,1,76,0.002,0.000,,,,,NVIDIA A100-SXM4-40GB MIG 4g.20gb (0),1,,13,"void ch_est::windowedChEstPreNoDftSOfdmKernel<float, __half, float, (unsigned int)2, (unsigned int)1, (unsigned short)4>(ch_est::puschRxChEstStatDescr_t *, ch_est::puschRxChEstDynDescr_t *)"
20944605034,6400,450925,137,2,1,24,2,1,44,0.001,0.001,,,,,NVIDIA A100-SXM4-40GB MIG 4g.20gb (0),1,,13,"void ch_est::chEstFilterNoDftSOfdmDispatchKernel<float, __half, float, (unsigned int)2>(ch_est::puschRxChEstStatDescr_t *, ch_est::puschRxChEstDynDescr_t *)"
20944613866,5024,450926,137,2,1,24,2,1,44,0.001,0.001,,,,,NVIDIA A100-SXM4-40GB MIG 4g.20gb (0),1,,13,"void ch_est::chEstFilterNoDftSOfdmDispatchKernel<float, __half, float, (unsigned int)2>(ch_est::puschRxChEstStatDescr_t *, ch_est::puschRxChEstDynDescr_t *)"
20944620298,2560,450937,103,1,1,128,1,1,16,0.000,0.000,,,,,NVIDIA A100-SXM4-40GB MIG 4g.20gb (0),1,,13,cupy_copy__complex64_complex64
20944626058,12864,450947,1434,1,1,128,1,1,16,0.000,0.000,,,,,NVIDIA A100-SXM4-40GB MIG 4g.20gb (0),1,,13,cupy_copy__complex64_complex64
20944640490,2528,450954,103,1,1,128,1,1,16,0.000,0.000,,,,,NVIDIA A100-SXM4-40GB MIG 4g.20gb (0),1,,13,cupy_copy__complex64_complex64
20944644522,80383,450961,1,1,1,32,32,1,30,0.000,0.000,,,,,NVIDIA A100-SXM4-40GB MIG 4g.20gb (0),1,,13,"void convert_kernel<__half2, float2>(tensor_layout_any, T1 *, tensor_layout_any, const T2 *)"
20944753609,5728,450964,,,,,,,,,,0.094,16357.541,Pinned,Device,NVIDIA A100-SXM4-40GB MIG 4g.20gb (0),1,,13,[CUDA memcpy Host-to-Device]
20944871431,49536,450965,,,,,,,,,,35.810,722894.855,Device,,NVIDIA A100-SXM4-40GB MIG 4g.20gb (0),1,,13,[CUDA memset]
20944923815,2144,450967,,,,,,,,,,0.000,37.313,Pinned,Device,NVIDIA A100-SXM4-40GB MIG 4g.20gb (0),1,,13,[CUDA memcpy Host-to-Device]
20944928359,12896,450968,,,,,,,,,,0.197,15245.574,Pinned,Device,NVIDIA A100-SXM4-40GB MIG 4g.20gb (0),1,,13,[CUDA memcpy Host-to-Device]
20945057125,20288,450969,273,1,1,48,1,1,40,0.000,0.001,,,,,NVIDIA A100-SXM4-40GB MIG 4g.20gb (0),1,,13,"void pusch_noise_intf_est::noiseIntfEstNoDftSOfdmKernel<float, __half, float, float, (unsigned int)2, (unsigned int)1, (unsigned char)4, (unsigned char)4>(pusch_noise_intf_est::puschRxNoiseIntfEstDynDescr)"
20945148324,4096,450980,35,1,1,128,1,1,16,0.000,0.000,,,,,NVIDIA A100-SXM4-40GB MIG 4g.20gb (0),1,,13,cupy_copy__complex64_complex64
20945155524,2400,450989,1,1,1,1,1,1,18,0.000,0.000,,,,,NVIDIA A100-SXM4-40GB MIG 4g.20gb (0),1,,13,cupy_copy__float32_float32
20945159524,2624,450995,,,,,,,,,,0.000,1.524,Device,Pageable,NVIDIA A100-SXM4-40GB MIG 4g.20gb (0),1,,7,[CUDA memcpy Device-to-Host]
20945250819,18880,451006,1434,1,1,128,1,1,16,0.000,0.000,,,,,NVIDIA A100-SXM4-40GB MIG 4g.20gb (0),1,,13,cupy_copy__complex64_complex64
20945271779,3232,451013,103,1,1,128,1,1,16,0.000,0.000,,,,,NVIDIA A100-SXM4-40GB MIG 4g.20gb (0),1,,13,cupy_copy__complex64_complex64
20945277123,2464,451020,35,1,1,128,1,1,16,0.000,0.000,,,,,NVIDIA A100-SXM4-40GB MIG 4g.20gb (0),1,,13,cupy_copy__complex64_complex64
20945298723,1920,451027,1,1,1,1,1,1,18,0.000,0.000,,,,,NVIDIA A100-SXM4-40GB MIG 4g.20gb (0),1,,13,cupy_copy__float32_float32
20945435585,79423,451038,1,1,1,32,32,1,30,0.000,0.000,,,,,NVIDIA A100-SXM4-40GB MIG 4g.20gb (0),1,,13,"void convert_kernel<__half2, float2>(tensor_layout_any, T1 *, tensor_layout_any, const T2 *)"
20945544512,5568,451041,,,,,,,,,,0.094,16827.521,Pinned,Device,NVIDIA A100-SXM4-40GB MIG 4g.20gb (0),1,,13,[CUDA memcpy Host-to-Device]
20945558880,3168,451042,,,,,,,,,,1.547,488201.145,Device,,NVIDIA A100-SXM4-40GB MIG 4g.20gb (0),1,,13,[CUDA memset]
20945564960,3008,451047,,,,,,,,,,0.031,10404.230,Pinned,Device,NVIDIA A100-SXM4-40GB MIG 4g.20gb (0),1,,13,[CUDA memcpy Host-to-Device]
20945570080,9375,451048,,,,,,,,,,0.197,20971.389,Pinned,Device,NVIDIA A100-SXM4-40GB MIG 4g.20gb (0),1,,13,[CUDA memcpy Host-to-Device]
20945583807,6016,451049,273,1,1,8,4,1,39,0.002,0.000,,,,,NVIDIA A100-SXM4-40GB MIG 4g.20gb (0),1,,13,"void channel_eq::eqMmseCoefCompLowMimoKernel<float, float, float, (unsigned int)4, (unsigned int)1, (unsigned int)4>(const channel_eq::_puschRxChEqStatDescr *, channel_eq::_puschRxChEqCoefCompDynDescr)"
20945591487,6592,451050,273,1,1,12,11,1,51,0.002,0.000,,,,,NVIDIA A100-SXM4-40GB MIG 4g.20gb (0),1,,13,"void channel_eq::eqMmseSoftDemapKernel<float, __half, __half, float, (unsigned int)4, (unsigned short)16383>(channel_eq::_puschRxChEqStatDescr *, channel_eq::_puschRxChEqSoftDemapDynDescr)"
20945600159,281885,451051,1,1,1,32,32,1,30,0.000,0.000,,,,,NVIDIA A100-SXM4-40GB MIG 4g.20gb (0),1,,13,"void convert_kernel<float2, __half2>(tensor_layout_any, T1 *, tensor_layout_any, const T2 *)"
20945884540,10496,451063,2253,1,1,128,1,1,16,0.000,0.000,,,,,NVIDIA A100-SXM4-40GB MIG 4g.20gb (0),1,,13,cupy_copy__float16_float16
20945897180,2816,451072,282,1,1,128,1,1,16,0.000,0.000,,,,,NVIDIA A100-SXM4-40GB MIG 4g.20gb (0),1,,13,cupy_copy__complex64_complex64
20945901820,2080,451081,26,1,1,128,1,1,16,0.000,0.000,,,,,NVIDIA A100-SXM4-40GB MIG 4g.20gb (0),1,,13,cupy_copy__float32_float32
20945906172,2880,451090,103,1,1,128,1,1,16,0.000,0.000,,,,,NVIDIA A100-SXM4-40GB MIG 4g.20gb (0),1,,13,cupy_copy__complex64_complex64
20945911260,11744,451100,1434,1,1,128,1,1,16,0.000,0.000,,,,,NVIDIA A100-SXM4-40GB MIG 4g.20gb (0),1,,13,cupy_copy__complex64_complex64
20945945403,79551,451105,1,1,1,32,32,1,30,0.000,0.000,,,,,NVIDIA A100-SXM4-40GB MIG 4g.20gb (0),1,,13,"void convert_kernel<__half2, float2>(tensor_layout_any, T1 *, tensor_layout_any, const T2 *)"
20946053242,5344,451108,,,,,,,,,,0.094,17532.864,Pinned,Device,NVIDIA A100-SXM4-40GB MIG 4g.20gb (0),1,,13,[CUDA memcpy Host-to-Device]
20946063450,600985,451109,,,,,,,,,,456.561,759261.675,Device,,NVIDIA A100-SXM4-40GB MIG 4g.20gb (0),1,,13,[CUDA memset]
20946671091,48704,451114,,,,,,,,,,1.235,25355.870,Pinned,Device,NVIDIA A100-SXM4-40GB MIG 4g.20gb (0),1,,13,[CUDA memcpy Host-to-Device]
20946722227,9504,451115,,,,,,,,,,0.197,20686.701,Pinned,Device,NVIDIA A100-SXM4-40GB MIG 4g.20gb (0),1,,13,[CUDA memcpy Host-to-Device]
20946736275,7231,451116,69,4,1,48,1,1,76,0.002,0.000,,,,,NVIDIA A100-SXM4-40GB MIG 4g.20gb (0),1,,13,"void ch_est::windowedChEstPreNoDftSOfdmKernel<float, __half, float, (unsigned int)2, (unsigned int)1, (unsigned short)4>(ch_est::puschRxChEstStatDescr_t *, ch_est::puschRxChEstDynDescr_t *)"
20946745618,6720,451117,137,2,1,24,2,1,44,0.001,0.001,,,,,NVIDIA A100-SXM4-40GB MIG 4g.20gb (0),1,,13,"void ch_est::chEstFilterNoDftSOfdmDispatchKernel<float, __half, float, (unsigned int)2>(ch_est::puschRxChEstStatDescr_t *, ch_est::puschRxChEstDynDescr_t *)"
20946753714,5440,451118,137,2,1,24,2,1,44,0.001,0.001,,,,,NVIDIA A100-SXM4-40GB MIG 4g.20gb (0),1,,13,"void ch_est::chEstFilterNoDftSOfdmDispatchKernel<float, __half, float, (unsigned int)2>(ch_est::puschRxChEstStatDescr_t *, ch_est::puschRxChEstDynDescr_t *)"
20946761298,2560,451129,103,1,1,128,1,1,16,0.000,0.000,,,,,NVIDIA A100-SXM4-40GB MIG 4g.20gb (0),1,,13,cupy_copy__complex64_complex64
20946765266,12480,451139,1434,1,1,128,1,1,16,0.000,0.000,,,,,NVIDIA A100-SXM4-40GB MIG 4g.20gb (0),1,,13,cupy_copy__complex64_complex64
20946779282,2496,451146,103,1,1,128,1,1,16,0.000,0.000,,,,,NVIDIA A100-SXM4-40GB MIG 4g.20gb (0),1,,13,cupy_copy__complex64_complex64
20946783954,79615,451153,1,1,1,32,32,1,30,0.000,0.000,,,,,NVIDIA A100-SXM4-40GB MIG 4g.20gb (0),1,,13,"void convert_kernel<__half2, float2>(tensor_layout_any, T1 *, tensor_layout_any, const T2 *)"
20946891569,5344,451156,,,,,,,,,,0.094,17532.864,Pinned,Device,NVIDIA A100-SXM4-40GB MIG 4g.20gb (0),1,,13,[CUDA memcpy Host-to-Device]
20946903665,46143,451157,,,,,,,,,,35.810,776036.776,Device,,NVIDIA A100-SXM4-40GB MIG 4g.20gb (0),1,,13,[CUDA memset]
20946957776,2016,451159,,,,,,,,,,0.000,39.682,Pinned,Device,NVIDIA A100-SXM4-40GB MIG 4g.20gb (0),1,,13,[CUDA memcpy Host-to-Device]
20946962384,9344,451160,,,,,,,,,,0.197,21040.988,Pinned,Device,NVIDIA A100-SXM4-40GB MIG 4g.20gb (0),1,,13,[CUDA memcpy Host-to-Device]
20946975888,8864,451161,273,1,1,48,1,1,40,0.000,0.001,,,,,NVIDIA A100-SXM4-40GB MIG 4g.20gb (0),1,,13,"void pusch_noise_intf_est::noiseIntfEstNoDftSOfdmKernel<float, __half, float, float, (unsigned int)2, (unsigned int)1, (unsigned char)4, (unsigned char)4>(pusch_noise_intf_est::puschRxNoiseIntfEstDynDescr)"
20946986672,2912,451172,35,1,1,128,1,1,16,0.000,0.000,,,,,NVIDIA A100-SXM4-40GB MIG 4g.20gb (0),1,,13,cupy_copy__complex64_complex64
20947009519,1888,451181,1,1,1,1,1,1,18,0.000,0.000,,,,,NVIDIA A100-SXM4-40GB MIG 4g.20gb (0),1,,13,cupy_copy__float32_float32
20947044303,1568,451187,,,,,,,,,,0.000,2.551,Device,Pageable,NVIDIA A100-SXM4-40GB MIG 4g.20gb (0),1,,7,[CUDA memcpy Device-to-Host]
20947103886,13408,451198,1434,1,1,128,1,1,16,0.000,0.000,,,,,NVIDIA A100-SXM4-40GB MIG 4g.20gb (0),1,,13,cupy_copy__complex64_complex64
20947139502,2720,451205,103,1,1,128,1,1,16,0.000,0.000,,,,,NVIDIA A100-SXM4-40GB MIG 4g.20gb (0),1,,13,cupy_copy__complex64_complex64
20947174670,2208,451212,35,1,1,128,1,1,16,0.000,0.000,,,,,NVIDIA A100-SXM4-40GB MIG 4g.20gb (0),1,,13,cupy_copy__complex64_complex64
20947193325,1888,451219,1,1,1,1,1,1,18,0.000,0.000,,,,,NVIDIA A100-SXM4-40GB MIG 4g.20gb (0),1,,13,cupy_copy__float32_float32
20947333452,117919,451230,1,1,1,32,32,1,30,0.000,0.000,,,,,NVIDIA A100-SXM4-40GB MIG 4g.20gb (0),1,,13,"void convert_kernel<__half2, float2>(tensor_layout_any, T1 *, tensor_layout_any, const T2 *)"
20947479498,6240,451233,,,,,,,,,,0.094,15015.346,Pinned,Device,NVIDIA A100-SXM4-40GB MIG 4g.20gb (0),1,,13,[CUDA memcpy Host-to-Device]
20947522314,7680,451234,,,,,,,,,,1.547,201382.818,Device,,NVIDIA A100-SXM4-40GB MIG 4g.20gb (0),1,,13,[CUDA memset]
20947539114,3040,451239,,,,,,,,,,0.031,10294.725,Pinned,Device,NVIDIA A100-SXM4-40GB MIG 4g.20gb (0),1,,13,[CUDA memcpy Host-to-Device]
20947546858,9663,451240,,,,,,,,,,0.197,20346.372,Pinned,Device,NVIDIA A100-SXM4-40GB MIG 4g.20gb (0),1,,13,[CUDA memcpy Host-to-Device]
20947686056,12992,451241,273,1,1,8,4,1,39,0.002,0.000,,,,,NVIDIA A100-SXM4-40GB MIG 4g.20gb (0),1,,13,"void channel_eq::eqMmseCoefCompLowMimoKernel<float, float, float, (unsigned int)4, (unsigned int)1, (unsigned int)4>(const channel_eq::_puschRxChEqStatDescr *, channel_eq::_puschRxChEqCoefCompDynDescr)"
20947758151,12384,451242,273,1,1,12,11,1,51,0.002,0.000,,,,,NVIDIA A100-SXM4-40GB MIG 4g.20gb (0),1,,13,"void channel_eq::eqMmseSoftDemapKernel<float, __half, __half, float, (unsigned int)4, (unsigned short)16383>(channel_eq::_puschRxChEqStatDescr *, channel_eq::_puschRxChEqSoftDemapDynDescr)"
20947920997,688441,451243,1,1,1,32,32,1,30,0.000,0.000,,,,,NVIDIA A100-SXM4-40GB MIG 4g.20gb (0),1,,13,"void convert_kernel<float2, __half2>(tensor_layout_any, T1 *, tensor_layout_any, const T2 *)"
20948670685,17504,451255,2253,1,1,128,1,1,16,0.000,0.000,,,,,NVIDIA A100-SXM4-40GB MIG 4g.20gb (0),1,,13,cupy_copy__float16_float16
20948755004,7008,451264,282,1,1,128,1,1,16,0.000,0.000,,,,,NVIDIA A100-SXM4-40GB MIG 4g.20gb (0),1,,13,cupy_copy__complex64_complex64
20948763932,3232,451273,26,1,1,128,1,1,16,0.000,0.000,,,,,NVIDIA A100-SXM4-40GB MIG 4g.20gb (0),1,,13,cupy_copy__float32_float32
20948772316,3296,451282,103,1,1,128,1,1,16,0.000,0.000,,,,,NVIDIA A100-SXM4-40GB MIG 4g.20gb (0),1,,13,cupy_copy__complex64_complex64
20948777372,13248,451292,1434,1,1,128,1,1,16,0.000,0.000,,,,,NVIDIA A100-SXM4-40GB MIG 4g.20gb (0),1,,13,cupy_copy__complex64_complex64
20948792220,79263,451297,1,1,1,32,32,1,30,0.000,0.000,,,,,NVIDIA A100-SXM4-40GB MIG 4g.20gb (0),1,,13,"void convert_kernel<__half2, float2>(tensor_layout_any, T1 *, tensor_layout_any, const T2 *)"
20948901146,5408,451300,,,,,,,,,,0.094,17325.421,Pinned,Device,NVIDIA A100-SXM4-40GB MIG 4g.20gb (0),1,,13,[CUDA memcpy Host-to-Device]
20948910778,607226,451301,,,,,,,,,,456.561,751500.130,Device,,NVIDIA A100-SXM4-40GB MIG 4g.20gb (0),1,,13,[CUDA memset]
20949524883,53472,451306,,,,,,,,,,1.235,23094.688,Pinned,Device,NVIDIA A100-SXM4-40GB MIG 4g.20gb (0),1,,13,[CUDA memcpy Host-to-Device]
20949581459,10688,451307,,,,,,,,,,0.197,18395.038,Pinned,Device,NVIDIA A100-SXM4-40GB MIG 4g.20gb (0),1,,13,[CUDA memcpy Host-to-Device]
20949599059,10943,451308,69,4,1,48,1,1,76,0.002,0.000,,,,,NVIDIA A100-SXM4-40GB MIG 4g.20gb (0),1,,13,"void ch_est::windowedChEstPreNoDftSOfdmKernel<float, __half, float, (unsigned int)2, (unsigned int)1, (unsigned short)4>(ch_est::puschRxChEstStatDescr_t *, ch_est::puschRxChEstDynDescr_t *)"
20949682770,12608,451309,137,2,1,24,2,1,44,0.001,0.001,,,,,NVIDIA A100-SXM4-40GB MIG 4g.20gb (0),1,,13,"void ch_est::chEstFilterNoDftSOfdmDispatchKernel<float, __half, float, (unsigned int)2>(ch_est::puschRxChEstStatDescr_t *, ch_est::puschRxChEstDynDescr_t *)"
20949767537,12608,451310,137,2,1,24,2,1,44,0.001,0.001,,,,,NVIDIA A100-SXM4-40GB MIG 4g.20gb (0),1,,13,"void ch_est::chEstFilterNoDftSOfdmDispatchKernel<float, __half, float, (unsigned int)2>(ch_est::puschRxChEstStatDescr_t *, ch_est::puschRxChEstDynDescr_t *)"
20949854224,8896,451321,103,1,1,128,1,1,16,0.000,0.000,,,,,NVIDIA A100-SXM4-40GB MIG 4g.20gb (0),1,,13,cupy_copy__complex64_complex64
20949865360,15359,451331,1434,1,1,128,1,1,16,0.000,0.000,,,,,NVIDIA A100-SXM4-40GB MIG 4g.20gb (0),1,,13,cupy_copy__complex64_complex64
20949944879,10048,451338,103,1,1,128,1,1,16,0.000,0.000,,,,,NVIDIA A100-SXM4-40GB MIG 4g.20gb (0),1,,13,cupy_copy__complex64_complex64
20949956943,364124,451345,1,1,1,32,32,1,30,0.000,0.000,,,,,NVIDIA A100-SXM4-40GB MIG 4g.20gb (0),1,,13,"void convert_kernel<__half2, float2>(tensor_layout_any, T1 *, tensor_layout_any, const T2 *)"
20950350890,6400,451348,,,,,,,,,,0.094,14640.000,Pinned,Device,NVIDIA A100-SXM4-40GB MIG 4g.20gb (0),1,,13,[CUDA memcpy Host-to-Device]
20950452169,56703,451349,,,,,,,,,,35.810,631507.939,Device,,NVIDIA A100-SXM4-40GB MIG 4g.20gb (0),1,,13,[CUDA memset]
20950518024,5824,451351,,,,,,,,,,0.000,13.736,Pinned,Device,NVIDIA A100-SXM4-40GB MIG 4g.20gb (0),1,,13,[CUDA memcpy Host-to-Device]
20950531368,12928,451352,,,,,,,,,,0.197,15207.825,Pinned,Device,NVIDIA A100-SXM4-40GB MIG 4g.20gb (0),1,,13,[CUDA memcpy Host-to-Device]
20950662823,13120,451353,273,1,1,48,1,1,40,0.000,0.001,,,,,NVIDIA A100-SXM4-40GB MIG 4g.20gb (0),1,,13,"void pusch_noise_intf_est::noiseIntfEstNoDftSOfdmKernel<float, __half, float, float, (unsigned int)2, (unsigned int)1, (unsigned char)4, (unsigned char)4>(pusch_noise_intf_est::puschRxNoiseIntfEstDynDescr)"
20950842181,3936,451364,35,1,1,128,1,1,16,0.000,0.000,,,,,NVIDIA A100-SXM4-40GB MIG 4g.20gb (0),1,,13,cupy_copy__complex64_complex64
20950936996,2592,451373,1,1,1,1,1,1,18,0.000,0.000,,,,,NVIDIA A100-SXM4-40GB MIG 4g.20gb (0),1,,13,cupy_copy__float32_float32
20950946756,4224,451379,,,,,,,,,,0.000,0.947,Device,Pageable,NVIDIA A100-SXM4-40GB MIG 4g.20gb (0),1,,7,[CUDA memcpy Device-to-Host]
20951028483,15871,451390,1434,1,1,128,1,1,16,0.000,0.000,,,,,NVIDIA A100-SXM4-40GB MIG 4g.20gb (0),1,,13,cupy_copy__complex64_complex64
20951130082,3807,451397,103,1,1,128,1,1,16,0.000,0.000,,,,,NVIDIA A100-SXM4-40GB MIG 4g.20gb (0),1,,13,cupy_copy__complex64_complex64
20951223680,5824,451404,35,1,1,128,1,1,16,0.000,0.000,,,,,NVIDIA A100-SXM4-40GB MIG 4g.20gb (0),1,,13,cupy_copy__complex64_complex64
20951506141,4256,451411,1,1,1,1,1,1,18,0.000,0.000,,,,,NVIDIA A100-SXM4-40GB MIG 4g.20gb (0),1,,13,cupy_copy__float32_float32
20951769146,248414,451422,1,1,1,32,32,1,30,0.000,0.000,,,,,NVIDIA A100-SXM4-40GB MIG 4g.20gb (0),1,,13,"void convert_kernel<__half2, float2>(tensor_layout_any, T1 *, tensor_layout_any, const T2 *)"
20952048983,5664,451425,,,,,,,,,,0.094,16542.310,Pinned,Device,NVIDIA A100-SXM4-40GB MIG 4g.20gb (0),1,,13,[CUDA memcpy Host-to-Device]
20952065623,3648,451426,,,,,,,,,,1.547,423963.664,Device,,NVIDIA A100-SXM4-40GB MIG 4g.20gb (0),1,,13,[CUDA memset]
20952070327,3008,451431,,,,,,,,,,0.031,10404.230,Pinned,Device,NVIDIA A100-SXM4-40GB MIG 4g.20gb (0),1,,13,[CUDA memcpy Host-to-Device]
20952075799,9440,451432,,,,,,,,,,0.197,20827.079,Pinned,Device,NVIDIA A100-SXM4-40GB MIG 4g.20gb (0),1,,13,[CUDA memcpy Host-to-Device]
20952089655,7040,451433,273,1,1,8,4,1,39,0.002,0.000,,,,,NVIDIA A100-SXM4-40GB MIG 4g.20gb (0),1,,13,"void channel_eq::eqMmseCoefCompLowMimoKernel<float, float, float, (unsigned int)4, (unsigned int)1, (unsigned int)4>(const channel_eq::_puschRxChEqStatDescr *, channel_eq::_puschRxChEqCoefCompDynDescr)"
20952098455,7104,451434,273,1,1,12,11,1,51,0.002,0.000,,,,,NVIDIA A100-SXM4-40GB MIG 4g.20gb (0),1,,13,"void channel_eq::eqMmseSoftDemapKernel<float, __half, __half, float, (unsigned int)4, (unsigned short)16383>(channel_eq::_puschRxChEqStatDescr *, channel_eq::_puschRxChEqSoftDemapDynDescr)"
20952107095,281565,451435,1,1,1,32,32,1,30,0.000,0.000,,,,,NVIDIA A100-SXM4-40GB MIG 4g.20gb (0),1,,13,"void convert_kernel<float2, __half2>(tensor_layout_any, T1 *, tensor_layout_any, const T2 *)"
20952390195,10656,451447,2253,1,1,128,1,1,16,0.000,0.000,,,,,NVIDIA A100-SXM4-40GB MIG 4g.20gb (0),1,,13,cupy_copy__float16_float16
20952402579,2848,451456,282,1,1,128,1,1,16,0.000,0.000,,,,,NVIDIA A100-SXM4-40GB MIG 4g.20gb (0),1,,13,cupy_copy__complex64_complex64
20952406707,2080,451465,26,1,1,128,1,1,16,0.000,0.000,,,,,NVIDIA A100-SXM4-40GB MIG 4g.20gb (0),1,,13,cupy_copy__float32_float32
20952410323,2944,451474,103,1,1,128,1,1,16,0.000,0.000,,,,,NVIDIA A100-SXM4-40GB MIG 4g.20gb (0),1,,13,cupy_copy__complex64_complex64
20952415411,12416,451484,1434,1,1,128,1,1,16,0.000,0.000,,,,,NVIDIA A100-SXM4-40GB MIG 4g.20gb (0),1,,13,cupy_copy__complex64_complex64
20952442899,79775,451489,1,1,1,32,32,1,30,0.000,0.000,,,,,NVIDIA A100-SXM4-40GB MIG 4g.20gb (0),1,,13,"void convert_kernel<__half2, float2>(tensor_layout_any, T1 *, tensor_layout_any, const T2 *)"
20952555634,5344,451492,,,,,,,,,,0.094,17532.864,Pinned,Device,NVIDIA A100-SXM4-40GB MIG 4g.20gb (0),1,,13,[CUDA memcpy Host-to-Device]
20952565906,601849,451493,,,,,,,,,,456.561,758348.552,Device,,NVIDIA A100-SXM4-40GB MIG 4g.20gb (0),1,,13,[CUDA memset]
20953169419,49119,451498,,,,,,,,,,1.235,25140.990,Pinned,Device,NVIDIA A100-SXM4-40GB MIG 4g.20gb (0),1,,13,[CUDA memcpy Host-to-Device]
20953220970,9504,451499,,,,,,,,,,0.197,20686.701,Pinned,Device,NVIDIA A100-SXM4-40GB MIG 4g.20gb (0),1,,13,[CUDA memcpy Host-to-Device]
20953234218,7392,451500,69,4,1,48,1,1,76,0.002,0.000,,,,,NVIDIA A100-SXM4-40GB MIG 4g.20gb (0),1,,13,"void ch_est::windowedChEstPreNoDftSOfdmKernel<float, __half, float, (unsigned int)2, (unsigned int)1, (unsigned short)4>(ch_est::puschRxChEstStatDescr_t *, ch_est::puschRxChEstDynDescr_t *)"
20953243594,6656,451501,137,2,1,24,2,1,44,0.001,0.001,,,,,NVIDIA A100-SXM4-40GB MIG 4g.20gb (0),1,,13,"void ch_est::chEstFilterNoDftSOfdmDispatchKernel<float, __half, float, (unsigned int)2>(ch_est::puschRxChEstStatDescr_t *, ch_est::puschRxChEstDynDescr_t *)"
20953252266,5056,451502,137,2,1,24,2,1,44,0.001,0.001,,,,,NVIDIA A100-SXM4-40GB MIG 4g.20gb (0),1,,13,"void ch_est::chEstFilterNoDftSOfdmDispatchKernel<float, __half, float, (unsigned int)2>(ch_est::puschRxChEstStatDescr_t *, ch_est::puschRxChEstDynDescr_t *)"
20953258634,2528,451513,103,1,1,128,1,1,16,0.000,0.000,,,,,NVIDIA A100-SXM4-40GB MIG 4g.20gb (0),1,,13,cupy_copy__complex64_complex64
20953263562,12960,451523,1434,1,1,128,1,1,16,0.000,0.000,,,,,NVIDIA A100-SXM4-40GB MIG 4g.20gb (0),1,,13,cupy_copy__complex64_complex64
20953278122,2496,451530,103,1,1,128,1,1,16,0.000,0.000,,,,,NVIDIA A100-SXM4-40GB MIG 4g.20gb (0),1,,13,cupy_copy__complex64_complex64
20953282122,78655,451537,1,1,1,32,32,1,30,0.000,0.000,,,,,NVIDIA A100-SXM4-40GB MIG 4g.20gb (0),1,,13,"void convert_kernel<__half2, float2>(tensor_layout_any, T1 *, tensor_layout_any, const T2 *)"
20953388904,5376,451540,,,,,,,,,,0.094,17428.487,Pinned,Device,NVIDIA A100-SXM4-40GB MIG 4g.20gb (0),1,,13,[CUDA memcpy Host-to-Device]
20953400936,45920,451541,,,,,,,,,,35.810,779832.628,Device,,NVIDIA A100-SXM4-40GB MIG 4g.20gb (0),1,,13,[CUDA memset]
20953453960,1952,451543,,,,,,,,,,0.000,40.984,Pinned,Device,NVIDIA A100-SXM4-40GB MIG 4g.20gb (0),1,,13,[CUDA memcpy Host-to-Device]
20953458376,9279,451544,,,,,,,,,,0.197,21188.444,Pinned,Device,NVIDIA A100-SXM4-40GB MIG 4g.20gb (0),1,,13,[CUDA memcpy Host-to-Device]
20953471559,10112,451545,273,1,1,48,1,1,40,0.000,0.001,,,,,NVIDIA A100-SXM4-40GB MIG 4g.20gb (0),1,,13,"void pusch_noise_intf_est::noiseIntfEstNoDftSOfdmKernel<float, __half, float, float, (unsigned int)2, (unsigned int)1, (unsigned char)4, (unsigned char)4>(pusch_noise_intf_est::puschRxNoiseIntfEstDynDescr)"
20953483623,2912,451556,35,1,1,128,1,1,16,0.000,0.000,,,,,NVIDIA A100-SXM4-40GB MIG 4g.20gb (0),1,,13,cupy_copy__complex64_complex64
20953505927,1888,451565,1,1,1,1,1,1,18,0.000,0.000,,,,,NVIDIA A100-SXM4-40GB MIG 4g.20gb (0),1,,13,cupy_copy__float32_float32
20953539783,1568,451571,,,,,,,,,,0.000,2.551,Device,Pageable,NVIDIA A100-SXM4-40GB MIG 4g.20gb (0),1,,7,[CUDA memcpy Device-to-Host]
20953609862,13760,451582,1434,1,1,128,1,1,16,0.000,0.000,,,,,NVIDIA A100-SXM4-40GB MIG 4g.20gb (0),1,,13,cupy_copy__complex64_complex64
20953723941,6880,451589,103,1,1,128,1,1,16,0.000,0.000,,,,,NVIDIA A100-SXM4-40GB MIG 4g.20gb (0),1,,13,cupy_copy__complex64_complex64
20953733828,4032,451596,35,1,1,128,1,1,16,0.000,0.000,,,,,NVIDIA A100-SXM4-40GB MIG 4g.20gb (0),1,,13,cupy_copy__complex64_complex64
20953740196,3424,451603,1,1,1,1,1,1,18,0.000,0.000,,,,,NVIDIA A100-SXM4-40GB MIG 4g.20gb (0),1,,13,cupy_copy__float32_float32
20953846179,254749,451614,1,1,1,32,32,1,30,0.000,0.000,,,,,NVIDIA A100-SXM4-40GB MIG 4g.20gb (0),1,,13,"void convert_kernel<__half2, float2>(tensor_layout_any, T1 *, tensor_layout_any, const T2 *)"
20954131616,6336,451617,,,,,,,,,,0.094,14787.852,Pinned,Device,NVIDIA A100-SXM4-40GB MIG 4g.20gb (0),1,,13,[CUDA memcpy Host-to-Device]
20954221119,7520,451618,,,,,,,,,,1.547,205666.966,Device,,NVIDIA A100-SXM4-40GB MIG 4g.20gb (0),1,,13,[CUDA memset]
20954235871,3264,451623,,,,,,,,,,0.031,9588.218,Pinned,Device,NVIDIA A100-SXM4-40GB MIG 4g.20gb (0),1,,13,[CUDA memcpy Host-to-Device]
20954241791,9472,451624,,,,,,,,,,0.197,20756.693,Pinned,Device,NVIDIA A100-SXM4-40GB MIG 4g.20gb (0),1,,13,[CUDA memcpy Host-to-Device]
20954330686,14048,451625,273,1,1,8,4,1,39,0.002,0.000,,,,,NVIDIA A100-SXM4-40GB MIG 4g.20gb (0),1,,13,"void channel_eq::eqMmseCoefCompLowMimoKernel<float, float, float, (unsigned int)4, (unsigned int)1, (unsigned int)4>(const channel_eq::_puschRxChEqStatDescr *, channel_eq::_puschRxChEqCoefCompDynDescr)"
20954428541,19872,451626,273,1,1,12,11,1,51,0.002,0.000,,,,,NVIDIA A100-SXM4-40GB MIG 4g.20gb (0),1,,13,"void channel_eq::eqMmseSoftDemapKernel<float, __half, __half, float, (unsigned int)4, (unsigned short)16383>(channel_eq::_puschRxChEqStatDescr *, channel_eq::_puschRxChEqSoftDemapDynDescr)"
20954560251,629305,451627,1,1,1,32,32,1,30,0.000,0.000,,,,,NVIDIA A100-SXM4-40GB MIG 4g.20gb (0),1,,13,"void convert_kernel<float2, __half2>(tensor_layout_any, T1 *, tensor_layout_any, const T2 *)"
20955192308,15328,451639,2253,1,1,128,1,1,16,0.000,0.000,,,,,NVIDIA A100-SXM4-40GB MIG 4g.20gb (0),1,,13,cupy_copy__float16_float16
20955208980,4032,451648,282,1,1,128,1,1,16,0.000,0.000,,,,,NVIDIA A100-SXM4-40GB MIG 4g.20gb (0),1,,13,cupy_copy__complex64_complex64
20955306291,4704,451657,26,1,1,128,1,1,16,0.000,0.000,,,,,NVIDIA A100-SXM4-40GB MIG 4g.20gb (0),1,,13,cupy_copy__float32_float32
20955314035,4800,451666,103,1,1,128,1,1,16,0.000,0.000,,,,,NVIDIA A100-SXM4-40GB MIG 4g.20gb (0),1,,13,cupy_copy__complex64_complex64
20955320403,13568,451676,1434,1,1,128,1,1,16,0.000,0.000,,,,,NVIDIA A100-SXM4-40GB MIG 4g.20gb (0),1,,13,cupy_copy__complex64_complex64
20955425074,272829,451681,1,1,1,32,32,1,30,0.000,0.000,,,,,NVIDIA A100-SXM4-40GB MIG 4g.20gb (0),1,,13,"void convert_kernel<__half2, float2>(tensor_layout_any, T1 *, tensor_layout_any, const T2 *)"
20955727598,5344,451684,,,,,,,,,,0.094,17532.864,Pinned,Device,NVIDIA A100-SXM4-40GB MIG 4g.20gb (0),1,,13,[CUDA memcpy Host-to-Device]
20955738830,606105,451685,,,,,,,,,,456.561,752869.815,Device,,NVIDIA A100-SXM4-40GB MIG 4g.20gb (0),1,,13,[CUDA memset]
20956347559,48736,451690,,,,,,,,,,1.235,25338.581,Pinned,Device,NVIDIA A100-SXM4-40GB MIG 4g.20gb (0),1,,13,[CUDA memcpy Host-to-Device]
20956398791,9568,451691,,,,,,,,,,0.197,20548.485,Pinned,Device,NVIDIA A100-SXM4-40GB MIG 4g.20gb (0),1,,13,[CUDA memcpy Host-to-Device]
20956412103,7488,451692,69,4,1,48,1,1,76,0.002,0.000,,,,,NVIDIA A100-SXM4-40GB MIG 4g.20gb (0),1,,13,"void ch_est::windowedChEstPreNoDftSOfdmKernel<float, __half, float, (unsigned int)2, (unsigned int)1, (unsigned short)4>(ch_est::puschRxChEstStatDescr_t *, ch_est::puschRxChEstDynDescr_t *)"
20956421383,6367,451693,137,2,1,24,2,1,44,0.001,0.001,,,,,NVIDIA A100-SXM4-40GB MIG 4g.20gb (0),1,,13,"void ch_est::chEstFilterNoDftSOfdmDispatchKernel<float, __half, float, (unsigned int)2>(ch_est::puschRxChEstStatDescr_t *, ch_est::puschRxChEstDynDescr_t *)"
20956429958,4800,451694,137,2,1,24,2,1,44,0.001,0.001,,,,,NVIDIA A100-SXM4-40GB MIG 4g.20gb (0),1,,13,"void ch_est::chEstFilterNoDftSOfdmDispatchKernel<float, __half, float, (unsigned int)2>(ch_est::puschRxChEstStatDescr_t *, ch_est::puschRxChEstDynDescr_t *)"
20956436262,2560,451705,103,1,1,128,1,1,16,0.000,0.000,,,,,NVIDIA A100-SXM4-40GB MIG 4g.20gb (0),1,,13,cupy_copy__complex64_complex64
20956440646,12992,451715,1434,1,1,128,1,1,16,0.000,0.000,,,,,NVIDIA A100-SXM4-40GB MIG 4g.20gb (0),1,,13,cupy_copy__complex64_complex64
20956454854,2496,451722,103,1,1,128,1,1,16,0.000,0.000,,,,,NVIDIA A100-SXM4-40GB MIG 4g.20gb (0),1,,13,cupy_copy__complex64_complex64
20956458854,79359,451729,1,1,1,32,32,1,30,0.000,0.000,,,,,NVIDIA A100-SXM4-40GB MIG 4g.20gb (0),1,,13,"void convert_kernel<__half2, float2>(tensor_layout_any, T1 *, tensor_layout_any, const T2 *)"
20956581221,5344,451732,,,,,,,,,,0.094,17532.864,Pinned,Device,NVIDIA A100-SXM4-40GB MIG 4g.20gb (0),1,,13,[CUDA memcpy Host-to-Device]
20956602309,46335,451733,,,,,,,,,,35.810,772813.884,Device,,NVIDIA A100-SXM4-40GB MIG 4g.20gb (0),1,,13,[CUDA memset]
20956650052,1824,451735,,,,,,,,,,0.000,43.860,Pinned,Device,NVIDIA A100-SXM4-40GB MIG 4g.20gb (0),1,,13,[CUDA memcpy Host-to-Device]
20956654308,9952,451736,,,,,,,,,,0.197,19755.565,Pinned,Device,NVIDIA A100-SXM4-40GB MIG 4g.20gb (0),1,,13,[CUDA memcpy Host-to-Device]
20956668964,8672,451737,273,1,1,48,1,1,40,0.000,0.001,,,,,NVIDIA A100-SXM4-40GB MIG 4g.20gb (0),1,,13,"void pusch_noise_intf_est::noiseIntfEstNoDftSOfdmKernel<float, __half, float, float, (unsigned int)2, (unsigned int)1, (unsigned char)4, (unsigned char)4>(pusch_noise_intf_est::puschRxNoiseIntfEstDynDescr)"
20956686436,2976,451748,35,1,1,128,1,1,16,0.000,0.000,,,,,NVIDIA A100-SXM4-40GB MIG 4g.20gb (0),1,,13,cupy_copy__complex64_complex64
20956721923,1888,451757,1,1,1,1,1,1,18,0.000,0.000,,,,,NVIDIA A100-SXM4-40GB MIG 4g.20gb (0),1,,13,cupy_copy__float32_float32
20956773059,1568,451763,,,,,,,,,,0.000,2.551,Device,Pageable,NVIDIA A100-SXM4-40GB MIG 4g.20gb (0),1,,7,[CUDA memcpy Device-to-Host]
20956840802,16640,451774,1434,1,1,128,1,1,16,0.000,0.000,,,,,NVIDIA A100-SXM4-40GB MIG 4g.20gb (0),1,,13,cupy_copy__complex64_complex64
20957048224,6463,451781,103,1,1,128,1,1,16,0.000,0.000,,,,,NVIDIA A100-SXM4-40GB MIG 4g.20gb (0),1,,13,cupy_copy__complex64_complex64
20957055935,3872,451788,35,1,1,128,1,1,16,0.000,0.000,,,,,NVIDIA A100-SXM4-40GB MIG 4g.20gb (0),1,,13,cupy_copy__complex64_complex64
20957062111,2048,451795,1,1,1,1,1,1,18,0.000,0.000,,,,,NVIDIA A100-SXM4-40GB MIG 4g.20gb (0),1,,13,cupy_copy__float32_float32
20957065919,216606,451806,1,1,1,32,32,1,30,0.000,0.000,,,,,NVIDIA A100-SXM4-40GB MIG 4g.20gb (0),1,,13,"void convert_kernel<__half2, float2>(tensor_layout_any, T1 *, tensor_layout_any, const T2 *)"
20957311741,5568,451809,,,,,,,,,,0.094,16827.521,Pinned,Device,NVIDIA A100-SXM4-40GB MIG 4g.20gb (0),1,,13,[CUDA memcpy Host-to-Device]
20957326716,3680,451810,,,,,,,,,,1.547,420278.059,Device,,NVIDIA A100-SXM4-40GB MIG 4g.20gb (0),1,,13,[CUDA memset]
20957332508,3040,451815,,,,,,,,,,0.031,10294.725,Pinned,Device,NVIDIA A100-SXM4-40GB MIG 4g.20gb (0),1,,13,[CUDA memcpy Host-to-Device]
20957337948,9376,451816,,,,,,,,,,0.197,20969.226,Pinned,Device,NVIDIA A100-SXM4-40GB MIG 4g.20gb (0),1,,13,[CUDA memcpy Host-to-Device]
20957353276,7008,451817,273,1,1,8,4,1,39,0.002,0.000,,,,,NVIDIA A100-SXM4-40GB MIG 4g.20gb (0),1,,13,"void channel_eq::eqMmseCoefCompLowMimoKernel<float, float, float, (unsigned int)4, (unsigned int)1, (unsigned int)4>(const channel_eq::_puschRxChEqStatDescr *, channel_eq::_puschRxChEqCoefCompDynDescr)"
20957361916,7584,451818,273,1,1,12,11,1,51,0.002,0.000,,,,,NVIDIA A100-SXM4-40GB MIG 4g.20gb (0),1,,13,"void channel_eq::eqMmseSoftDemapKernel<float, __half, __half, float, (unsigned int)4, (unsigned short)16383>(channel_eq::_puschRxChEqStatDescr *, channel_eq::_puschRxChEqSoftDemapDynDescr)"
20957425755,764824,451819,1,1,1,32,32,1,30,0.000,0.000,,,,,NVIDIA A100-SXM4-40GB MIG 4g.20gb (0),1,,13,"void convert_kernel<float2, __half2>(tensor_layout_any, T1 *, tensor_layout_any, const T2 *)"
20958281522,16032,451831,2253,1,1,128,1,1,16,0.000,0.000,,,,,NVIDIA A100-SXM4-40GB MIG 4g.20gb (0),1,,13,cupy_copy__float16_float16
20958428752,8704,451840,282,1,1,128,1,1,16,0.000,0.000,,,,,NVIDIA A100-SXM4-40GB MIG 4g.20gb (0),1,,13,cupy_copy__complex64_complex64
20958493007,4832,451849,26,1,1,128,1,1,16,0.000,0.000,,,,,NVIDIA A100-SXM4-40GB MIG 4g.20gb (0),1,,13,cupy_copy__float32_float32
20958564239,13695,451858,103,1,1,128,1,1,16,0.000,0.000,,,,,NVIDIA A100-SXM4-40GB MIG 4g.20gb (0),1,,13,cupy_copy__complex64_complex64
20958579790,14432,451868,1434,1,1,128,1,1,16,0.000,0.000,,,,,NVIDIA A100-SXM4-40GB MIG 4g.20gb (0),1,,13,cupy_copy__complex64_complex64
20958595758,342140,451873,1,1,1,32,32,1,30,0.000,0.000,,,,,NVIDIA A100-SXM4-40GB MIG 4g.20gb (0),1,,13,"void convert_kernel<__half2, float2>(tensor_layout_any, T1 *, tensor_layout_any, const T2 *)"
20958968234,6208,451876,,,,,,,,,,0.094,15092.739,Pinned,Device,NVIDIA A100-SXM4-40GB MIG 4g.20gb (0),1,,13,[CUDA memcpy Host-to-Device]
20959008234,614553,451877,,,,,,,,,,456.561,742825.463,Device,,NVIDIA A100-SXM4-40GB MIG 4g.20gb (0),1,,13,[CUDA memset]
20959627491,51647,451882,,,,,,,,,,1.235,23910.986,Pinned,Device,NVIDIA A100-SXM4-40GB MIG 4g.20gb (0),1,,13,[CUDA memcpy Host-to-Device]
20959683682,10816,451883,,,,,,,,,,0.197,18177.393,Pinned,Device,NVIDIA A100-SXM4-40GB MIG 4g.20gb (0),1,,13,[CUDA memcpy Host-to-Device]
20959700834,9952,451884,69,4,1,48,1,1,76,0.002,0.000,,,,,NVIDIA A100-SXM4-40GB MIG 4g.20gb (0),1,,13,"void ch_est::windowedChEstPreNoDftSOfdmKernel<float, __half, float, (unsigned int)2, (unsigned int)1, (unsigned short)4>(ch_est::puschRxChEstStatDescr_t *, ch_est::puschRxChEstDynDescr_t *)"
20959777185,12000,451885,137,2,1,24,2,1,44,0.001,0.001,,,,,NVIDIA A100-SXM4-40GB MIG 4g.20gb (0),1,,13,"void ch_est::chEstFilterNoDftSOfdmDispatchKernel<float, __half, float, (unsigned int)2>(ch_est::puschRxChEstStatDescr_t *, ch_est::puschRxChEstDynDescr_t *)"
20959858016,11840,451886,137,2,1,24,2,1,44,0.001,0.001,,,,,NVIDIA A100-SXM4-40GB MIG 4g.20gb (0),1,,13,"void ch_est::chEstFilterNoDftSOfdmDispatchKernel<float, __half, float, (unsigned int)2>(ch_est::puschRxChEstStatDescr_t *, ch_est::puschRxChEstDynDescr_t *)"
20959941311,8608,451897,103,1,1,128,1,1,16,0.000,0.000,,,,,NVIDIA A100-SXM4-40GB MIG 4g.20gb (0),1,,13,cupy_copy__complex64_complex64
20959951167,14848,451907,1434,1,1,128,1,1,16,0.000,0.000,,,,,NVIDIA A100-SXM4-40GB MIG 4g.20gb (0),1,,13,cupy_copy__complex64_complex64
20960031710,11680,451914,103,1,1,128,1,1,16,0.000,0.000,,,,,NVIDIA A100-SXM4-40GB MIG 4g.20gb (0),1,,13,cupy_copy__complex64_complex64
20960141565,212798,451921,1,1,1,32,32,1,30,0.000,0.000,,,,,NVIDIA A100-SXM4-40GB MIG 4g.20gb (0),1,,13,"void convert_kernel<__half2, float2>(tensor_layout_any, T1 *, tensor_layout_any, const T2 *)"
20960384058,5536,451924,,,,,,,,,,0.094,16924.777,Pinned,Device,NVIDIA A100-SXM4-40GB MIG 4g.20gb (0),1,,13,[CUDA memcpy Host-to-Device]
20960396186,46112,451925,,,,,,,,,,35.810,776573.925,Device,,NVIDIA A100-SXM4-40GB MIG 4g.20gb (0),1,,13,[CUDA memset]
20960448826,1888,451927,,,,,,,,,,0.000,42.373,Pinned,Device,NVIDIA A100-SXM4-40GB MIG 4g.20gb (0),1,,13,[CUDA memcpy Host-to-Device]
20960453338,9919,451928,,,,,,,,,,0.197,19821.232,Pinned,Device,NVIDIA A100-SXM4-40GB MIG 4g.20gb (0),1,,13,[CUDA memcpy Host-to-Device]
20960467929,8896,451929,273,1,1,48,1,1,40,0.000,0.001,,,,,NVIDIA A100-SXM4-40GB MIG 4g.20gb (0),1,,13,"void pusch_noise_intf_est::noiseIntfEstNoDftSOfdmKernel<float, __half, float, float, (unsigned int)2, (unsigned int)1, (unsigned char)4, (unsigned char)4>(pusch_noise_intf_est::puschRxNoiseIntfEstDynDescr)"
20960479065,2912,451940,35,1,1,128,1,1,16,0.000,0.000,,,,,NVIDIA A100-SXM4-40GB MIG 4g.20gb (0),1,,13,cupy_copy__complex64_complex64
20960515609,1920,451949,1,1,1,1,1,1,18,0.000,0.000,,,,,NVIDIA A100-SXM4-40GB MIG 4g.20gb (0),1,,13,cupy_copy__float32_float32
20960551128,1568,451955,,,,,,,,,,0.000,2.551,Device,Pageable,NVIDIA A100-SXM4-40GB MIG 4g.20gb (0),1,,7,[CUDA memcpy Device-to-Host]
20960611096,13440,451966,1434,1,1,128,1,1,16,0.000,0.000,,,,,NVIDIA A100-SXM4-40GB MIG 4g.20gb (0),1,,13,cupy_copy__complex64_complex64
20960637751,2784,451973,103,1,1,128,1,1,16,0.000,0.000,,,,,NVIDIA A100-SXM4-40GB MIG 4g.20gb (0),1,,13,cupy_copy__complex64_complex64
20960658359,2240,451980,35,1,1,128,1,1,16,0.000,0.000,,,,,NVIDIA A100-SXM4-40GB MIG 4g.20gb (0),1,,13,cupy_copy__complex64_complex64
20960676631,1856,451987,1,1,1,1,1,1,18,0.000,0.000,,,,,NVIDIA A100-SXM4-40GB MIG 4g.20gb (0),1,,13,cupy_copy__float32_float32
20960813814,80223,451998,1,1,1,32,32,1,30,0.000,0.000,,,,,NVIDIA A100-SXM4-40GB MIG 4g.20gb (0),1,,13,"void convert_kernel<__half2, float2>(tensor_layout_any, T1 *, tensor_layout_any, const T2 *)"
20960923028,6144,452001,,,,,,,,,,0.094,15249.961,Pinned,Device,NVIDIA A100-SXM4-40GB MIG 4g.20gb (0),1,,13,[CUDA memcpy Host-to-Device]
20960937300,3232,452002,,,,,,,,,,1.547,478533.199,Device,,NVIDIA A100-SXM4-40GB MIG 4g.20gb (0),1,,13,[CUDA memset]
20960943348,3008,452007,,,,,,,,,,0.031,10404.230,Pinned,Device,NVIDIA A100-SXM4-40GB MIG 4g.20gb (0),1,,13,[CUDA memcpy Host-to-Device]
20960948468,10240,452008,,,,,,,,,,0.197,19199.951,Pinned,Device,NVIDIA A100-SXM4-40GB MIG 4g.20gb (0),1,,13,[CUDA memcpy Host-to-Device]
20960975796,6080,452009,273,1,1,8,4,1,39,0.002,0.000,,,,,NVIDIA A100-SXM4-40GB MIG 4g.20gb (0),1,,13,"void channel_eq::eqMmseCoefCompLowMimoKernel<float, float, float, (unsigned int)4, (unsigned int)1, (unsigned int)4>(const channel_eq::_puschRxChEqStatDescr *, channel_eq::_puschRxChEqCoefCompDynDescr)"
20960983860,5792,452010,273,1,1,12,11,1,51,0.002,0.000,,,,,NVIDIA A100-SXM4-40GB MIG 4g.20gb (0),1,,13,"void channel_eq::eqMmseSoftDemapKernel<float, __half, __half, float, (unsigned int)4, (unsigned short)16383>(channel_eq::_puschRxChEqStatDescr *, channel_eq::_puschRxChEqSoftDemapDynDescr)"
20960991636,373115,452011,1,1,1,32,32,1,30,0.000,0.000,,,,,NVIDIA A100-SXM4-40GB MIG 4g.20gb (0),1,,13,"void convert_kernel<float2, __half2>(tensor_layout_any, T1 *, tensor_layout_any, const T2 *)"
20961367119,16192,452023,2253,1,1,128,1,1,16,0.000,0.000,,,,,NVIDIA A100-SXM4-40GB MIG 4g.20gb (0),1,,13,cupy_copy__float16_float16
20961388463,3712,452032,282,1,1,128,1,1,16,0.000,0.000,,,,,NVIDIA A100-SXM4-40GB MIG 4g.20gb (0),1,,13,cupy_copy__complex64_complex64
20961393903,2240,452041,26,1,1,128,1,1,16,0.000,0.000,,,,,NVIDIA A100-SXM4-40GB MIG 4g.20gb (0),1,,13,cupy_copy__float32_float32
20961397903,3136,452050,103,1,1,128,1,1,16,0.000,0.000,,,,,NVIDIA A100-SXM4-40GB MIG 4g.20gb (0),1,,13,cupy_copy__complex64_complex64
20961458606,12096,452066,1434,1,1,128,1,1,16,0.000,0.000,,,,,NVIDIA A100-SXM4-40GB MIG 4g.20gb (0),1,,13,cupy_copy__complex64_complex64
20961578253,80127,452071,1,1,1,32,32,1,30,0.000,0.000,,,,,NVIDIA A100-SXM4-40GB MIG 4g.20gb (0),1,,13,"void convert_kernel<__half2, float2>(tensor_layout_any, T1 *, tensor_layout_any, const T2 *)"
20961687212,5536,452074,,,,,,,,,,0.094,16924.777,Pinned,Device,NVIDIA A100-SXM4-40GB MIG 4g.20gb (0),1,,13,[CUDA memcpy Host-to-Device]
20961697356,602233,452075,,,,,,,,,,456.561,757891.990,Device,,NVIDIA A100-SXM4-40GB MIG 4g.20gb (0),1,,13,[CUDA memset]
20962306117,48735,452080,,,,,,,,,,1.235,25339.816,Pinned,Device,NVIDIA A100-SXM4-40GB MIG 4g.20gb (0),1,,13,[CUDA memcpy Host-to-Device]
20962357284,9568,452081,,,,,,,,,,0.197,20548.485,Pinned,Device,NVIDIA A100-SXM4-40GB MIG 4g.20gb (0),1,,13,[CUDA memcpy Host-to-Device]
20962371684,7552,452082,69,4,1,48,1,1,76,0.002,0.000,,,,,NVIDIA A100-SXM4-40GB MIG 4g.20gb (0),1,,13,"void ch_est::windowedChEstPreNoDftSOfdmKernel<float, __half, float, (unsigned int)2, (unsigned int)1, (unsigned short)4>(ch_est::puschRxChEstStatDescr_t *, ch_est::puschRxChEstDynDescr_t *)"
20962381252,6624,452083,137,2,1,24,2,1,44,0.001,0.001,,,,,NVIDIA A100-SXM4-40GB MIG 4g.20gb (0),1,,13,"void ch_est::chEstFilterNoDftSOfdmDispatchKernel<float, __half, float, (unsigned int)2>(ch_est::puschRxChEstStatDescr_t *, ch_est::puschRxChEstDynDescr_t *)"
20962390180,5024,452084,137,2,1,24,2,1,44,0.001,0.001,,,,,NVIDIA A100-SXM4-40GB MIG 4g.20gb (0),1,,13,"void ch_est::chEstFilterNoDftSOfdmDispatchKernel<float, __half, float, (unsigned int)2>(ch_est::puschRxChEstStatDescr_t *, ch_est::puschRxChEstDynDescr_t *)"
20962396516,2528,452095,103,1,1,128,1,1,16,0.000,0.000,,,,,NVIDIA A100-SXM4-40GB MIG 4g.20gb (0),1,,13,cupy_copy__complex64_complex64
20962401028,13088,452105,1434,1,1,128,1,1,16,0.000,0.000,,,,,NVIDIA A100-SXM4-40GB MIG 4g.20gb (0),1,,13,cupy_copy__complex64_complex64
20962416324,2496,452112,103,1,1,128,1,1,16,0.000,0.000,,,,,NVIDIA A100-SXM4-40GB MIG 4g.20gb (0),1,,13,cupy_copy__complex64_complex64
20962420356,79647,452119,1,1,1,32,32,1,30,0.000,0.000,,,,,NVIDIA A100-SXM4-40GB MIG 4g.20gb (0),1,,13,"void convert_kernel<__half2, float2>(tensor_layout_any, T1 *, tensor_layout_any, const T2 *)"
20962528802,5344,452122,,,,,,,,,,0.094,17532.864,Pinned,Device,NVIDIA A100-SXM4-40GB MIG 4g.20gb (0),1,,13,[CUDA memcpy Host-to-Device]
20962540322,46976,452123,,,,,,,,,,35.810,762285.767,Device,,NVIDIA A100-SXM4-40GB MIG 4g.20gb (0),1,,13,[CUDA memset]
20962597026,2112,452125,,,,,,,,,,0.000,37.879,Pinned,Device,NVIDIA A100-SXM4-40GB MIG 4g.20gb (0),1,,13,[CUDA memcpy Host-to-Device]
20962603138,9343,452126,,,,,,,,,,0.197,21043.347,Pinned,Device,NVIDIA A100-SXM4-40GB MIG 4g.20gb (0),1,,13,[CUDA memcpy Host-to-Device]
20962616897,10688,452127,273,1,1,48,1,1,40,0.000,0.001,,,,,NVIDIA A100-SXM4-40GB MIG 4g.20gb (0),1,,13,"void pusch_noise_intf_est::noiseIntfEstNoDftSOfdmKernel<float, __half, float, float, (unsigned int)2, (unsigned int)1, (unsigned char)4, (unsigned char)4>(pusch_noise_intf_est::puschRxNoiseIntfEstDynDescr)"
20962628705,2912,452138,35,1,1,128,1,1,16,0.000,0.000,,,,,NVIDIA A100-SXM4-40GB MIG 4g.20gb (0),1,,13,cupy_copy__complex64_complex64
20962664449,1888,452147,1,1,1,1,1,1,18,0.000,0.000,,,,,NVIDIA A100-SXM4-40GB MIG 4g.20gb (0),1,,13,cupy_copy__float32_float32
20962699744,1760,452153,,,,,,,,,,0.000,2.273,Device,Pageable,NVIDIA A100-SXM4-40GB MIG 4g.20gb (0),1,,7,[CUDA memcpy Device-to-Host]
20962886174,20576,452164,1434,1,1,128,1,1,16,0.000,0.000,,,,,NVIDIA A100-SXM4-40GB MIG 4g.20gb (0),1,,13,cupy_copy__complex64_complex64
20962908702,3904,452171,103,1,1,128,1,1,16,0.000,0.000,,,,,NVIDIA A100-SXM4-40GB MIG 4g.20gb (0),1,,13,cupy_copy__complex64_complex64
20963005533,4448,452178,35,1,1,128,1,1,16,0.000,0.000,,,,,NVIDIA A100-SXM4-40GB MIG 4g.20gb (0),1,,13,cupy_copy__complex64_complex64
20963130460,3744,452185,1,1,1,1,1,1,18,0.000,0.000,,,,,NVIDIA A100-SXM4-40GB MIG 4g.20gb (0),1,,13,cupy_copy__float32_float32
20963137820,250621,452196,1,1,1,32,32,1,30,0.000,0.000,,,,,NVIDIA A100-SXM4-40GB MIG 4g.20gb (0),1,,13,"void convert_kernel<__half2, float2>(tensor_layout_any, T1 *, tensor_layout_any, const T2 *)"
20963418296,5408,452199,,,,,,,,,,0.094,17325.421,Pinned,Device,NVIDIA A100-SXM4-40GB MIG 4g.20gb (0),1,,13,[CUDA memcpy Host-to-Device]
20963439480,6816,452200,,,,,,,,,,1.547,226909.847,Device,,NVIDIA A100-SXM4-40GB MIG 4g.20gb (0),1,,13,[CUDA memset]
20963448504,3040,452205,,,,,,,,,,0.031,10294.725,Pinned,Device,NVIDIA A100-SXM4-40GB MIG 4g.20gb (0),1,,13,[CUDA memcpy Host-to-Device]
20963454840,10080,452206,,,,,,,,,,0.197,19504.693,Pinned,Device,NVIDIA A100-SXM4-40GB MIG 4g.20gb (0),1,,13,[CUDA memcpy Host-to-Device]
20963569879,17248,452207,273,1,1,8,4,1,39,0.002,0.000,,,,,NVIDIA A100-SXM4-40GB MIG 4g.20gb (0),1,,13,"void channel_eq::eqMmseCoefCompLowMimoKernel<float, float, float, (unsigned int)4, (unsigned int)1, (unsigned int)4>(const channel_eq::_puschRxChEqStatDescr *, channel_eq::_puschRxChEqCoefCompDynDescr)"
20963588599,8127,452208,273,1,1,12,11,1,51,0.002,0.000,,,,,NVIDIA A100-SXM4-40GB MIG 4g.20gb (0),1,,13,"void channel_eq::eqMmseSoftDemapKernel<float, __half, __half, float, (unsigned int)4, (unsigned short)16383>(channel_eq::_puschRxChEqStatDescr *, channel_eq::_puschRxChEqSoftDemapDynDescr)"
20963715925,710840,452209,1,1,1,32,32,1,30,0.000,0.000,,,,,NVIDIA A100-SXM4-40GB MIG 4g.20gb (0),1,,13,"void convert_kernel<float2, __half2>(tensor_layout_any, T1 *, tensor_layout_any, const T2 *)"
20964597867,18624,452221,2253,1,1,128,1,1,16,0.000,0.000,,,,,NVIDIA A100-SXM4-40GB MIG 4g.20gb (0),1,,13,cupy_copy__float16_float16
20964679018,8352,452230,282,1,1,128,1,1,16,0.000,0.000,,,,,NVIDIA A100-SXM4-40GB MIG 4g.20gb (0),1,,13,cupy_copy__complex64_complex64
20964870600,5056,452239,26,1,1,128,1,1,16,0.000,0.000,,,,,NVIDIA A100-SXM4-40GB MIG 4g.20gb (0),1,,13,cupy_copy__float32_float32
20965054694,10272,452248,103,1,1,128,1,1,16,0.000,0.000,,,,,NVIDIA A100-SXM4-40GB MIG 4g.20gb (0),1,,13,cupy_copy__complex64_complex64
20965122661,18560,452258,1434,1,1,128,1,1,16,0.000,0.000,,,,,NVIDIA A100-SXM4-40GB MIG 4g.20gb (0),1,,13,cupy_copy__complex64_complex64
20965190181,314748,452263,1,1,1,32,32,1,30,0.000,0.000,,,,,NVIDIA A100-SXM4-40GB MIG 4g.20gb (0),1,,13,"void convert_kernel<__half2, float2>(tensor_layout_any, T1 *, tensor_layout_any, const T2 *)"
20965532993,5568,452266,,,,,,,,,,0.094,16827.521,Pinned,Device,NVIDIA A100-SXM4-40GB MIG 4g.20gb (0),1,,13,[CUDA memcpy Host-to-Device]
20965663839,610458,452267,,,,,,,,,,456.561,747847.639,Device,,NVIDIA A100-SXM4-40GB MIG 4g.20gb (0),1,,13,[CUDA memset]
20966276409,50335,452272,,,,,,,,,,1.235,24533.398,Pinned,Device,NVIDIA A100-SXM4-40GB MIG 4g.20gb (0),1,,13,[CUDA memcpy Host-to-Device]
20966329208,9536,452273,,,,,,,,,,0.197,20617.298,Pinned,Device,NVIDIA A100-SXM4-40GB MIG 4g.20gb (0),1,,13,[CUDA memcpy Host-to-Device]
20966447479,8160,452274,69,4,1,48,1,1,76,0.002,0.000,,,,,NVIDIA A100-SXM4-40GB MIG 4g.20gb (0),1,,13,"void ch_est::windowedChEstPreNoDftSOfdmKernel<float, __half, float, (unsigned int)2, (unsigned int)1, (unsigned short)4>(ch_est::puschRxChEstStatDescr_t *, ch_est::puschRxChEstDynDescr_t *)"
20966457847,6656,452275,137,2,1,24,2,1,44,0.001,0.001,,,,,NVIDIA A100-SXM4-40GB MIG 4g.20gb (0),1,,13,"void ch_est::chEstFilterNoDftSOfdmDispatchKernel<float, __half, float, (unsigned int)2>(ch_est::puschRxChEstStatDescr_t *, ch_est::puschRxChEstDynDescr_t *)"
20966465718,5376,452276,137,2,1,24,2,1,44,0.001,0.001,,,,,NVIDIA A100-SXM4-40GB MIG 4g.20gb (0),1,,13,"void ch_est::chEstFilterNoDftSOfdmDispatchKernel<float, __half, float, (unsigned int)2>(ch_est::puschRxChEstStatDescr_t *, ch_est::puschRxChEstDynDescr_t *)"
20966473302,2592,452287,103,1,1,128,1,1,16,0.000,0.000,,,,,NVIDIA A100-SXM4-40GB MIG 4g.20gb (0),1,,13,cupy_copy__complex64_complex64
20966477110,12672,452297,1434,1,1,128,1,1,16,0.000,0.000,,,,,NVIDIA A100-SXM4-40GB MIG 4g.20gb (0),1,,13,cupy_copy__complex64_complex64
20966491862,2496,452304,103,1,1,128,1,1,16,0.000,0.000,,,,,NVIDIA A100-SXM4-40GB MIG 4g.20gb (0),1,,13,cupy_copy__complex64_complex64
20966496214,78975,452311,1,1,1,32,32,1,30,0.000,0.000,,,,,NVIDIA A100-SXM4-40GB MIG 4g.20gb (0),1,,13,"void convert_kernel<__half2, float2>(tensor_layout_any, T1 *, tensor_layout_any, const T2 *)"
20966602773,5376,452314,,,,,,,,,,0.094,17428.487,Pinned,Device,NVIDIA A100-SXM4-40GB MIG 4g.20gb (0),1,,13,[CUDA memcpy Host-to-Device]
20966615605,47007,452315,,,,,,,,,,35.810,761784.428,Device,,NVIDIA A100-SXM4-40GB MIG 4g.20gb (0),1,,13,[CUDA memset]
20966686644,2016,452317,,,,,,,,,,0.000,39.682,Pinned,Device,NVIDIA A100-SXM4-40GB MIG 4g.20gb (0),1,,13,[CUDA memcpy Host-to-Device]
20966691060,9344,452318,,,,,,,,,,0.197,21040.988,Pinned,Device,NVIDIA A100-SXM4-40GB MIG 4g.20gb (0),1,,13,[CUDA memcpy Host-to-Device]
20966704468,9152,452319,273,1,1,48,1,1,40,0.000,0.001,,,,,NVIDIA A100-SXM4-40GB MIG 4g.20gb (0),1,,13,"void pusch_noise_intf_est::noiseIntfEstNoDftSOfdmKernel<float, __half, float, float, (unsigned int)2, (unsigned int)1, (unsigned char)4, (unsigned char)4>(pusch_noise_intf_est::puschRxNoiseIntfEstDynDescr)"
20966715316,2912,452330,35,1,1,128,1,1,16,0.000,0.000,,,,,NVIDIA A100-SXM4-40GB MIG 4g.20gb (0),1,,13,cupy_copy__complex64_complex64
20966732916,1919,452339,1,1,1,1,1,1,18,0.000,0.000,,,,,NVIDIA A100-SXM4-40GB MIG 4g.20gb (0),1,,13,cupy_copy__float32_float32
20966767347,1600,452345,,,,,,,,,,0.000,2.500,Device,Pageable,NVIDIA A100-SXM4-40GB MIG 4g.20gb (0),1,,7,[CUDA memcpy Device-to-Host]
20966828626,13312,452356,1434,1,1,128,1,1,16,0.000,0.000,,,,,NVIDIA A100-SXM4-40GB MIG 4g.20gb (0),1,,13,cupy_copy__complex64_complex64
20966854706,2720,452363,103,1,1,128,1,1,16,0.000,0.000,,,,,NVIDIA A100-SXM4-40GB MIG 4g.20gb (0),1,,13,cupy_copy__complex64_complex64
20966875314,2208,452370,35,1,1,128,1,1,16,0.000,0.000,,,,,NVIDIA A100-SXM4-40GB MIG 4g.20gb (0),1,,13,cupy_copy__complex64_complex64
20966893298,1888,452377,1,1,1,1,1,1,18,0.000,0.000,,,,,NVIDIA A100-SXM4-40GB MIG 4g.20gb (0),1,,13,cupy_copy__float32_float32
20967030672,80543,452388,1,1,1,32,32,1,30,0.000,0.000,,,,,NVIDIA A100-SXM4-40GB MIG 4g.20gb (0),1,,13,"void convert_kernel<__half2, float2>(tensor_layout_any, T1 *, tensor_layout_any, const T2 *)"
20967140751,5696,452391,,,,,,,,,,0.094,16449.363,Pinned,Device,NVIDIA A100-SXM4-40GB MIG 4g.20gb (0),1,,13,[CUDA memcpy Host-to-Device]
20967225134,10784,452392,,,,,,,,,,1.547,143416.897,Device,,NVIDIA A100-SXM4-40GB MIG 4g.20gb (0),1,,13,[CUDA memset]
20967239502,3040,452397,,,,,,,,,,0.031,10294.725,Pinned,Device,NVIDIA A100-SXM4-40GB MIG 4g.20gb (0),1,,13,[CUDA memcpy Host-to-Device]
20967246446,10464,452398,,,,,,,,,,0.197,18788.844,Pinned,Device,NVIDIA A100-SXM4-40GB MIG 4g.20gb (0),1,,13,[CUDA memcpy Host-to-Device]
20967322413,15040,452399,273,1,1,8,4,1,39,0.002,0.000,,,,,NVIDIA A100-SXM4-40GB MIG 4g.20gb (0),1,,13,"void channel_eq::eqMmseCoefCompLowMimoKernel<float, float, float, (unsigned int)4, (unsigned int)1, (unsigned int)4>(const channel_eq::_puschRxChEqStatDescr *, channel_eq::_puschRxChEqCoefCompDynDescr)"
20967339533,8896,452400,273,1,1,12,11,1,51,0.002,0.000,,,,,NVIDIA A100-SXM4-40GB MIG 4g.20gb (0),1,,13,"void channel_eq::eqMmseSoftDemapKernel<float, __half, __half, float, (unsigned int)4, (unsigned short)16383>(channel_eq::_puschRxChEqStatDescr *, channel_eq::_puschRxChEqSoftDemapDynDescr)"
20967350701,738807,452401,1,1,1,32,32,1,30,0.000,0.000,,,,,NVIDIA A100-SXM4-40GB MIG 4g.20gb (0),1,,13,"void convert_kernel<float2, __half2>(tensor_layout_any, T1 *, tensor_layout_any, const T2 *)"
20968244675,18495,452413,2253,1,1,128,1,1,16,0.000,0.000,,,,,NVIDIA A100-SXM4-40GB MIG 4g.20gb (0),1,,13,cupy_copy__float16_float16
20968264514,5696,452422,282,1,1,128,1,1,16,0.000,0.000,,,,,NVIDIA A100-SXM4-40GB MIG 4g.20gb (0),1,,13,cupy_copy__complex64_complex64
20968456480,6176,452431,26,1,1,128,1,1,16,0.000,0.000,,,,,NVIDIA A100-SXM4-40GB MIG 4g.20gb (0),1,,13,cupy_copy__float32_float32
20968542207,9856,452440,103,1,1,128,1,1,16,0.000,0.000,,,,,NVIDIA A100-SXM4-40GB MIG 4g.20gb (0),1,,13,cupy_copy__complex64_complex64
20968553439,13664,452450,1434,1,1,128,1,1,16,0.000,0.000,,,,,NVIDIA A100-SXM4-40GB MIG 4g.20gb (0),1,,13,cupy_copy__complex64_complex64
20968568895,79007,452455,1,1,1,32,32,1,30,0.000,0.000,,,,,NVIDIA A100-SXM4-40GB MIG 4g.20gb (0),1,,13,"void convert_kernel<__half2, float2>(tensor_layout_any, T1 *, tensor_layout_any, const T2 *)"
20968722045,5760,452458,,,,,,,,,,0.094,16266.656,Pinned,Device,NVIDIA A100-SXM4-40GB MIG 4g.20gb (0),1,,13,[CUDA memcpy Host-to-Device]
20968732477,610969,452459,,,,,,,,,,456.561,746934.516,Device,,NVIDIA A100-SXM4-40GB MIG 4g.20gb (0),1,,13,[CUDA memset]
20969347990,50400,452464,,,,,,,,,,1.235,24502.524,Pinned,Device,NVIDIA A100-SXM4-40GB MIG 4g.20gb (0),1,,13,[CUDA memcpy Host-to-Device]
20969401142,9632,452465,,,,,,,,,,0.197,20411.843,Pinned,Device,NVIDIA A100-SXM4-40GB MIG 4g.20gb (0),1,,13,[CUDA memcpy Host-to-Device]
20969519412,8672,452466,69,4,1,48,1,1,76,0.002,0.000,,,,,NVIDIA A100-SXM4-40GB MIG 4g.20gb (0),1,,13,"void ch_est::windowedChEstPreNoDftSOfdmKernel<float, __half, float, (unsigned int)2, (unsigned int)1, (unsigned short)4>(ch_est::puschRxChEstStatDescr_t *, ch_est::puschRxChEstDynDescr_t *)"
20969530260,6816,452467,137,2,1,24,2,1,44,0.001,0.001,,,,,NVIDIA A100-SXM4-40GB MIG 4g.20gb (0),1,,13,"void ch_est::chEstFilterNoDftSOfdmDispatchKernel<float, __half, float, (unsigned int)2>(ch_est::puschRxChEstStatDescr_t *, ch_est::puschRxChEstDynDescr_t *)"
20969539028,7008,452468,137,2,1,24,2,1,44,0.001,0.001,,,,,NVIDIA A100-SXM4-40GB MIG 4g.20gb (0),1,,13,"void ch_est::chEstFilterNoDftSOfdmDispatchKernel<float, __half, float, (unsigned int)2>(ch_est::puschRxChEstStatDescr_t *, ch_est::puschRxChEstDynDescr_t *)"
20969720626,5216,452479,103,1,1,128,1,1,16,0.000,0.000,,,,,NVIDIA A100-SXM4-40GB MIG 4g.20gb (0),1,,13,cupy_copy__complex64_complex64
20969727794,17632,452489,1434,1,1,128,1,1,16,0.000,0.000,,,,,NVIDIA A100-SXM4-40GB MIG 4g.20gb (0),1,,13,cupy_copy__complex64_complex64
20969746322,2560,452496,103,1,1,128,1,1,16,0.000,0.000,,,,,NVIDIA A100-SXM4-40GB MIG 4g.20gb (0),1,,13,cupy_copy__complex64_complex64
20969750354,79615,452503,1,1,1,32,32,1,30,0.000,0.000,,,,,NVIDIA A100-SXM4-40GB MIG 4g.20gb (0),1,,13,"void convert_kernel<__half2, float2>(tensor_layout_any, T1 *, tensor_layout_any, const T2 *)"
20969857649,5376,452506,,,,,,,,,,0.094,17428.487,Pinned,Device,NVIDIA A100-SXM4-40GB MIG 4g.20gb (0),1,,13,[CUDA memcpy Host-to-Device]
20969869361,45407,452507,,,,,,,,,,35.810,788641.868,Device,,NVIDIA A100-SXM4-40GB MIG 4g.20gb (0),1,,13,[CUDA memset]
20969967599,1888,452509,,,,,,,,,,0.000,42.373,Pinned,Device,NVIDIA A100-SXM4-40GB MIG 4g.20gb (0),1,,13,[CUDA memcpy Host-to-Device]
20969972111,9408,452510,,,,,,,,,,0.197,20897.858,Pinned,Device,NVIDIA A100-SXM4-40GB MIG 4g.20gb (0),1,,13,[CUDA memcpy Host-to-Device]
20969985423,8352,452511,273,1,1,48,1,1,40,0.000,0.001,,,,,NVIDIA A100-SXM4-40GB MIG 4g.20gb (0),1,,13,"void pusch_noise_intf_est::noiseIntfEstNoDftSOfdmKernel<float, __half, float, float, (unsigned int)2, (unsigned int)1, (unsigned char)4, (unsigned char)4>(pusch_noise_intf_est::puschRxNoiseIntfEstDynDescr)"
20969995919,2912,452522,35,1,1,128,1,1,16,0.000,0.000,,,,,NVIDIA A100-SXM4-40GB MIG 4g.20gb (0),1,,13,cupy_copy__complex64_complex64
20970000207,1888,452531,1,1,1,1,1,1,18,0.000,0.000,,,,,NVIDIA A100-SXM4-40GB MIG 4g.20gb (0),1,,13,cupy_copy__float32_float32
20970023023,1600,452537,,,,,,,,,,0.000,2.500,Device,Pageable,NVIDIA A100-SXM4-40GB MIG 4g.20gb (0),1,,7,[CUDA memcpy Device-to-Host]
20970083406,13184,452548,1434,1,1,128,1,1,16,0.000,0.000,,,,,NVIDIA A100-SXM4-40GB MIG 4g.20gb (0),1,,13,cupy_copy__complex64_complex64
20970295180,2720,452555,103,1,1,128,1,1,16,0.000,0.000,,,,,NVIDIA A100-SXM4-40GB MIG 4g.20gb (0),1,,13,cupy_copy__complex64_complex64
20970315564,2208,452562,35,1,1,128,1,1,16,0.000,0.000,,,,,NVIDIA A100-SXM4-40GB MIG 4g.20gb (0),1,,13,cupy_copy__complex64_complex64
20970334731,1824,452569,1,1,1,1,1,1,18,0.000,0.000,,,,,NVIDIA A100-SXM4-40GB MIG 4g.20gb (0),1,,13,cupy_copy__float32_float32
20970472010,79551,452580,1,1,1,32,32,1,30,0.000,0.000,,,,,NVIDIA A100-SXM4-40GB MIG 4g.20gb (0),1,,13,"void convert_kernel<__half2, float2>(tensor_layout_any, T1 *, tensor_layout_any, const T2 *)"
20970580745,5408,452583,,,,,,,,,,0.094,17325.421,Pinned,Device,NVIDIA A100-SXM4-40GB MIG 4g.20gb (0),1,,13,[CUDA memcpy Host-to-Device]
20970594824,3168,452584,,,,,,,,,,1.547,488201.145,Device,,NVIDIA A100-SXM4-40GB MIG 4g.20gb (0),1,,13,[CUDA memset]
20970601352,3232,452589,,,,,,,,,,0.031,9683.139,Pinned,Device,NVIDIA A100-SXM4-40GB MIG 4g.20gb (0),1,,13,[CUDA memcpy Host-to-Device]
20970607048,9536,452590,,,,,,,,,,0.197,20617.298,Pinned,Device,NVIDIA A100-SXM4-40GB MIG 4g.20gb (0),1,,13,[CUDA memcpy Host-to-Device]
20970621288,6208,452591,273,1,1,8,4,1,39,0.002,0.000,,,,,NVIDIA A100-SXM4-40GB MIG 4g.20gb (0),1,,13,"void channel_eq::eqMmseCoefCompLowMimoKernel<float, float, float, (unsigned int)4, (unsigned int)1, (unsigned int)4>(const channel_eq::_puschRxChEqStatDescr *, channel_eq::_puschRxChEqCoefCompDynDescr)"
20970629032,6624,452592,273,1,1,12,11,1,51,0.002,0.000,,,,,NVIDIA A100-SXM4-40GB MIG 4g.20gb (0),1,,13,"void channel_eq::eqMmseSoftDemapKernel<float, __half, __half, float, (unsigned int)4, (unsigned short)16383>(channel_eq::_puschRxChEqStatDescr *, channel_eq::_puschRxChEqSoftDemapDynDescr)"
20970638120,441275,452593,1,1,1,32,32,1,30,0.000,0.000,,,,,NVIDIA A100-SXM4-40GB MIG 4g.20gb (0),1,,13,"void convert_kernel<float2, __half2>(tensor_layout_any, T1 *, tensor_layout_any, const T2 *)"
20971203234,15295,452605,2253,1,1,128,1,1,16,0.000,0.000,,,,,NVIDIA A100-SXM4-40GB MIG 4g.20gb (0),1,,13,cupy_copy__float16_float16
20971342848,4384,452614,282,1,1,128,1,1,16,0.000,0.000,,,,,NVIDIA A100-SXM4-40GB MIG 4g.20gb (0),1,,13,cupy_copy__complex64_complex64
20971547070,5184,452623,26,1,1,128,1,1,16,0.000,0.000,,,,,NVIDIA A100-SXM4-40GB MIG 4g.20gb (0),1,,13,cupy_copy__float32_float32
20971619997,15712,452632,103,1,1,128,1,1,16,0.000,0.000,,,,,NVIDIA A100-SXM4-40GB MIG 4g.20gb (0),1,,13,cupy_copy__complex64_complex64
20971751420,20191,452642,1434,1,1,128,1,1,16,0.000,0.000,,,,,NVIDIA A100-SXM4-40GB MIG 4g.20gb (0),1,,13,cupy_copy__complex64_complex64
20971888474,424347,452647,1,1,1,32,32,1,30,0.000,0.000,,,,,NVIDIA A100-SXM4-40GB MIG 4g.20gb (0),1,,13,"void convert_kernel<__half2, float2>(tensor_layout_any, T1 *, tensor_layout_any, const T2 *)"
20972519059,6144,452650,,,,,,,,,,0.094,15249.961,Pinned,Device,NVIDIA A100-SXM4-40GB MIG 4g.20gb (0),1,,13,[CUDA memcpy Host-to-Device]
20972635058,605689,452651,,,,,,,,,,456.561,753782.937,Device,,NVIDIA A100-SXM4-40GB MIG 4g.20gb (0),1,,13,[CUDA memset]
20973250155,51199,452656,,,,,,,,,,1.235,24119.691,Pinned,Device,NVIDIA A100-SXM4-40GB MIG 4g.20gb (0),1,,13,[CUDA memcpy Host-to-Device]
20973303914,10176,452657,,,,,,,,,,0.197,19320.668,Pinned,Device,NVIDIA A100-SXM4-40GB MIG 4g.20gb (0),1,,13,[CUDA memcpy Host-to-Device]
20973394249,13632,452658,69,4,1,48,1,1,76,0.002,0.000,,,,,NVIDIA A100-SXM4-40GB MIG 4g.20gb (0),1,,13,"void ch_est::windowedChEstPreNoDftSOfdmKernel<float, __half, float, (unsigned int)2, (unsigned int)1, (unsigned short)4>(ch_est::puschRxChEstStatDescr_t *, ch_est::puschRxChEstDynDescr_t *)"
20973491048,11040,452659,137,2,1,24,2,1,44,0.001,0.001,,,,,NVIDIA A100-SXM4-40GB MIG 4g.20gb (0),1,,13,"void ch_est::chEstFilterNoDftSOfdmDispatchKernel<float, __half, float, (unsigned int)2>(ch_est::puschRxChEstStatDescr_t *, ch_est::puschRxChEstDynDescr_t *)"
20973563143,14784,452660,137,2,1,24,2,1,44,0.001,0.001,,,,,NVIDIA A100-SXM4-40GB MIG 4g.20gb (0),1,,13,"void ch_est::chEstFilterNoDftSOfdmDispatchKernel<float, __half, float, (unsigned int)2>(ch_est::puschRxChEstStatDescr_t *, ch_est::puschRxChEstDynDescr_t *)"
20973714790,8128,452671,103,1,1,128,1,1,16,0.000,0.000,,,,,NVIDIA A100-SXM4-40GB MIG 4g.20gb (0),1,,13,cupy_copy__complex64_complex64
20973724454,14687,452681,1434,1,1,128,1,1,16,0.000,0.000,,,,,NVIDIA A100-SXM4-40GB MIG 4g.20gb (0),1,,13,cupy_copy__complex64_complex64
20973815109,3647,452688,103,1,1,128,1,1,16,0.000,0.000,,,,,NVIDIA A100-SXM4-40GB MIG 4g.20gb (0),1,,13,cupy_copy__complex64_complex64
20973821764,254494,452695,1,1,1,32,32,1,30,0.000,0.000,,,,,NVIDIA A100-SXM4-40GB MIG 4g.20gb (0),1,,13,"void convert_kernel<__half2, float2>(tensor_layout_any, T1 *, tensor_layout_any, const T2 *)"
20974106625,5440,452698,,,,,,,,,,0.094,17223.480,Pinned,Device,NVIDIA A100-SXM4-40GB MIG 4g.20gb (0),1,,13,[CUDA memcpy Host-to-Device]
20974159585,46367,452699,,,,,,,,,,35.810,772312.545,Device,,NVIDIA A100-SXM4-40GB MIG 4g.20gb (0),1,,13,[CUDA memset]
20974211872,1856,452701,,,,,,,,,,0.000,43.103,Pinned,Device,NVIDIA A100-SXM4-40GB MIG 4g.20gb (0),1,,13,[CUDA memcpy Host-to-Device]
20974216544,9664,452702,,,,,,,,,,0.197,20344.209,Pinned,Device,NVIDIA A100-SXM4-40GB MIG 4g.20gb (0),1,,13,[CUDA memcpy Host-to-Device]
20974284319,11712,452703,273,1,1,48,1,1,40,0.000,0.001,,,,,NVIDIA A100-SXM4-40GB MIG 4g.20gb (0),1,,13,"void pusch_noise_intf_est::noiseIntfEstNoDftSOfdmKernel<float, __half, float, float, (unsigned int)2, (unsigned int)1, (unsigned char)4, (unsigned char)4>(pusch_noise_intf_est::puschRxNoiseIntfEstDynDescr)"
20974368670,3360,452714,35,1,1,128,1,1,16,0.000,0.000,,,,,NVIDIA A100-SXM4-40GB MIG 4g.20gb (0),1,,13,cupy_copy__complex64_complex64
20974373918,2720,452723,1,1,1,1,1,1,18,0.000,0.000,,,,,NVIDIA A100-SXM4-40GB MIG 4g.20gb (0),1,,13,cupy_copy__float32_float32
20974377886,2176,452729,,,,,,,,,,0.000,1.838,Device,Pageable,NVIDIA A100-SXM4-40GB MIG 4g.20gb (0),1,,7,[CUDA memcpy Device-to-Host]
20974452317,15616,452740,1434,1,1,128,1,1,16,0.000,0.000,,,,,NVIDIA A100-SXM4-40GB MIG 4g.20gb (0),1,,13,cupy_copy__complex64_complex64
20974547260,3424,452747,103,1,1,128,1,1,16,0.000,0.000,,,,,NVIDIA A100-SXM4-40GB MIG 4g.20gb (0),1,,13,cupy_copy__complex64_complex64
20974553020,3136,452754,35,1,1,128,1,1,16,0.000,0.000,,,,,NVIDIA A100-SXM4-40GB MIG 4g.20gb (0),1,,13,cupy_copy__complex64_complex64
20974632091,2880,452761,1,1,1,1,1,1,18,0.000,0.000,,,,,NVIDIA A100-SXM4-40GB MIG 4g.20gb (0),1,,13,cupy_copy__float32_float32
20974642299,179294,452772,1,1,1,32,32,1,30,0.000,0.000,,,,,NVIDIA A100-SXM4-40GB MIG 4g.20gb (0),1,,13,"void convert_kernel<__half2, float2>(tensor_layout_any, T1 *, tensor_layout_any, const T2 *)"
20974870457,5632,452775,,,,,,,,,,0.094,16636.287,Pinned,Device,NVIDIA A100-SXM4-40GB MIG 4g.20gb (0),1,,13,[CUDA memcpy Host-to-Device]
20974884313,3232,452776,,,,,,,,,,1.547,478533.199,Device,,NVIDIA A100-SXM4-40GB MIG 4g.20gb (0),1,,13,[CUDA memset]
20974890841,4383,452781,,,,,,,,,,0.031,7140.308,Pinned,Device,NVIDIA A100-SXM4-40GB MIG 4g.20gb (0),1,,13,[CUDA memcpy Host-to-Device]
20974898776,9632,452782,,,,,,,,,,0.197,20411.843,Pinned,Device,NVIDIA A100-SXM4-40GB MIG 4g.20gb (0),1,,13,[CUDA memcpy Host-to-Device]
20974912792,6752,452783,273,1,1,8,4,1,39,0.002,0.000,,,,,NVIDIA A100-SXM4-40GB MIG 4g.20gb (0),1,,13,"void channel_eq::eqMmseCoefCompLowMimoKernel<float, float, float, (unsigned int)4, (unsigned int)1, (unsigned int)4>(const channel_eq::_puschRxChEqStatDescr *, channel_eq::_puschRxChEqCoefCompDynDescr)"
20974921816,6400,452784,273,1,1,12,11,1,51,0.002,0.000,,,,,NVIDIA A100-SXM4-40GB MIG 4g.20gb (0),1,,13,"void channel_eq::eqMmseSoftDemapKernel<float, __half, __half, float, (unsigned int)4, (unsigned short)16383>(channel_eq::_puschRxChEqStatDescr *, channel_eq::_puschRxChEqSoftDemapDynDescr)"
20974930360,444603,452785,1,1,1,32,32,1,30,0.000,0.000,,,,,NVIDIA A100-SXM4-40GB MIG 4g.20gb (0),1,,13,"void convert_kernel<float2, __half2>(tensor_layout_any, T1 *, tensor_layout_any, const T2 *)"
20975377651,12352,452797,2253,1,1,128,1,1,16,0.000,0.000,,,,,NVIDIA A100-SXM4-40GB MIG 4g.20gb (0),1,,13,cupy_copy__float16_float16
20975391827,3904,452806,282,1,1,128,1,1,16,0.000,0.000,,,,,NVIDIA A100-SXM4-40GB MIG 4g.20gb (0),1,,13,cupy_copy__complex64_complex64
20975397395,2272,452815,26,1,1,128,1,1,16,0.000,0.000,,,,,NVIDIA A100-SXM4-40GB MIG 4g.20gb (0),1,,13,cupy_copy__float32_float32
20975400947,3136,452824,103,1,1,128,1,1,16,0.000,0.000,,,,,NVIDIA A100-SXM4-40GB MIG 4g.20gb (0),1,,13,cupy_copy__complex64_complex64
20975406387,12352,452834,1434,1,1,128,1,1,16,0.000,0.000,,,,,NVIDIA A100-SXM4-40GB MIG 4g.20gb (0),1,,13,cupy_copy__complex64_complex64
20975420403,79615,452839,1,1,1,32,32,1,30,0.000,0.000,,,,,NVIDIA A100-SXM4-40GB MIG 4g.20gb (0),1,,13,"void convert_kernel<__half2, float2>(tensor_layout_any, T1 *, tensor_layout_any, const T2 *)"
20975529009,5376,452842,,,,,,,,,,0.094,17428.487,Pinned,Device,NVIDIA A100-SXM4-40GB MIG 4g.20gb (0),1,,13,[CUDA memcpy Host-to-Device]
20975538481,602874,452843,,,,,,,,,,456.561,756978.868,Device,,NVIDIA A100-SXM4-40GB MIG 4g.20gb (0),1,,13,[CUDA memset]
20976148459,49247,452848,,,,,,,,,,1.235,25075.538,Pinned,Device,NVIDIA A100-SXM4-40GB MIG 4g.20gb (0),1,,13,[CUDA memcpy Host-to-Device]
20976200426,9376,452849,,,,,,,,,,0.197,20969.226,Pinned,Device,NVIDIA A100-SXM4-40GB MIG 4g.20gb (0),1,,13,[CUDA memcpy Host-to-Device]
20976214186,7360,452850,69,4,1,48,1,1,76,0.002,0.000,,,,,NVIDIA A100-SXM4-40GB MIG 4g.20gb (0),1,,13,"void ch_est::windowedChEstPreNoDftSOfdmKernel<float, __half, float, (unsigned int)2, (unsigned int)1, (unsigned short)4>(ch_est::puschRxChEstStatDescr_t *, ch_est::puschRxChEstDynDescr_t *)"
20976222858,6528,452851,137,2,1,24,2,1,44,0.001,0.001,,,,,NVIDIA A100-SXM4-40GB MIG 4g.20gb (0),1,,13,"void ch_est::chEstFilterNoDftSOfdmDispatchKernel<float, __half, float, (unsigned int)2>(ch_est::puschRxChEstStatDescr_t *, ch_est::puschRxChEstDynDescr_t *)"
20976230698,5056,452852,137,2,1,24,2,1,44,0.001,0.001,,,,,NVIDIA A100-SXM4-40GB MIG 4g.20gb (0),1,,13,"void ch_est::chEstFilterNoDftSOfdmDispatchKernel<float, __half, float, (unsigned int)2>(ch_est::puschRxChEstStatDescr_t *, ch_est::puschRxChEstDynDescr_t *)"
20976237674,2527,452863,103,1,1,128,1,1,16,0.000,0.000,,,,,NVIDIA A100-SXM4-40GB MIG 4g.20gb (0),1,,13,cupy_copy__complex64_complex64
20976241993,12960,452873,1434,1,1,128,1,1,16,0.000,0.000,,,,,NVIDIA A100-SXM4-40GB MIG 4g.20gb (0),1,,13,cupy_copy__complex64_complex64
20976256713,2496,452880,103,1,1,128,1,1,16,0.000,0.000,,,,,NVIDIA A100-SXM4-40GB MIG 4g.20gb (0),1,,13,cupy_copy__complex64_complex64
20976261289,79263,452887,1,1,1,32,32,1,30,0.000,0.000,,,,,NVIDIA A100-SXM4-40GB MIG 4g.20gb (0),1,,13,"void convert_kernel<__half2, float2>(tensor_layout_any, T1 *, tensor_layout_any, const T2 *)"
20976369832,5408,452890,,,,,,,,,,0.094,17325.421,Pinned,Device,NVIDIA A100-SXM4-40GB MIG 4g.20gb (0),1,,13,[CUDA memcpy Host-to-Device]
20976382408,46239,452891,,,,,,,,,,35.810,774425.330,Device,,NVIDIA A100-SXM4-40GB MIG 4g.20gb (0),1,,13,[CUDA memset]
20976436359,2016,452893,,,,,,,,,,0.000,39.682,Pinned,Device,NVIDIA A100-SXM4-40GB MIG 4g.20gb (0),1,,13,[CUDA memcpy Host-to-Device]
20976440839,9408,452894,,,,,,,,,,0.197,20897.858,Pinned,Device,NVIDIA A100-SXM4-40GB MIG 4g.20gb (0),1,,13,[CUDA memcpy Host-to-Device]
20976454855,8800,452895,273,1,1,48,1,1,40,0.000,0.001,,,,,NVIDIA A100-SXM4-40GB MIG 4g.20gb (0),1,,13,"void pusch_noise_intf_est::noiseIntfEstNoDftSOfdmKernel<float, __half, float, float, (unsigned int)2, (unsigned int)1, (unsigned char)4, (unsigned char)4>(pusch_noise_intf_est::puschRxNoiseIntfEstDynDescr)"
20976465895,2816,452906,35,1,1,128,1,1,16,0.000,0.000,,,,,NVIDIA A100-SXM4-40GB MIG 4g.20gb (0),1,,13,cupy_copy__complex64_complex64
20976491143,1888,452915,1,1,1,1,1,1,18,0.000,0.000,,,,,NVIDIA A100-SXM4-40GB MIG 4g.20gb (0),1,,13,cupy_copy__float32_float32
20976525958,1888,452921,,,,,,,,,,0.000,2.119,Device,Pageable,NVIDIA A100-SXM4-40GB MIG 4g.20gb (0),1,,7,[CUDA memcpy Device-to-Host]
20976586246,13407,452932,1434,1,1,128,1,1,16,0.000,0.000,,,,,NVIDIA A100-SXM4-40GB MIG 4g.20gb (0),1,,13,cupy_copy__complex64_complex64
20976612741,2720,452939,103,1,1,128,1,1,16,0.000,0.000,,,,,NVIDIA A100-SXM4-40GB MIG 4g.20gb (0),1,,13,cupy_copy__complex64_complex64
20976632933,2208,452946,35,1,1,128,1,1,16,0.000,0.000,,,,,NVIDIA A100-SXM4-40GB MIG 4g.20gb (0),1,,13,cupy_copy__complex64_complex64
20976651589,1856,452953,1,1,1,1,1,1,18,0.000,0.000,,,,,NVIDIA A100-SXM4-40GB MIG 4g.20gb (0),1,,13,cupy_copy__float32_float32
20976789443,80319,452964,1,1,1,32,32,1,30,0.000,0.000,,,,,NVIDIA A100-SXM4-40GB MIG 4g.20gb (0),1,,13,"void convert_kernel<__half2, float2>(tensor_layout_any, T1 *, tensor_layout_any, const T2 *)"
20976899010,5408,452967,,,,,,,,,,0.094,17325.421,Pinned,Device,NVIDIA A100-SXM4-40GB MIG 4g.20gb (0),1,,13,[CUDA memcpy Host-to-Device]
20976913122,3840,452968,,,,,,,,,,1.547,402765.636,Device,,NVIDIA A100-SXM4-40GB MIG 4g.20gb (0),1,,13,[CUDA memset]
20976919234,3072,452973,,,,,,,,,,0.031,10187.474,Pinned,Device,NVIDIA A100-SXM4-40GB MIG 4g.20gb (0),1,,13,[CUDA memcpy Host-to-Device]
20976924418,9600,452974,,,,,,,,,,0.197,20479.869,Pinned,Device,NVIDIA A100-SXM4-40GB MIG 4g.20gb (0),1,,13,[CUDA memcpy Host-to-Device]
20977008897,9120,452975,273,1,1,8,4,1,39,0.002,0.000,,,,,NVIDIA A100-SXM4-40GB MIG 4g.20gb (0),1,,13,"void channel_eq::eqMmseCoefCompLowMimoKernel<float, float, float, (unsigned int)4, (unsigned int)1, (unsigned int)4>(const channel_eq::_puschRxChEqStatDescr *, channel_eq::_puschRxChEqCoefCompDynDescr)"
20977098112,8768,452976,273,1,1,12,11,1,51,0.002,0.000,,,,,NVIDIA A100-SXM4-40GB MIG 4g.20gb (0),1,,13,"void channel_eq::eqMmseSoftDemapKernel<float, __half, __half, float, (unsigned int)4, (unsigned short)16383>(channel_eq::_puschRxChEqStatDescr *, channel_eq::_puschRxChEqSoftDemapDynDescr)"
20977109280,473947,452977,1,1,1,32,32,1,30,0.000,0.000,,,,,NVIDIA A100-SXM4-40GB MIG 4g.20gb (0),1,,13,"void convert_kernel<float2, __half2>(tensor_layout_any, T1 *, tensor_layout_any, const T2 *)"
20977600538,12928,452989,2253,1,1,128,1,1,16,0.000,0.000,,,,,NVIDIA A100-SXM4-40GB MIG 4g.20gb (0),1,,13,cupy_copy__float16_float16
20977734009,5632,452998,282,1,1,128,1,1,16,0.000,0.000,,,,,NVIDIA A100-SXM4-40GB MIG 4g.20gb (0),1,,13,cupy_copy__complex64_complex64
20977812664,4128,453007,26,1,1,128,1,1,16,0.000,0.000,,,,,NVIDIA A100-SXM4-40GB MIG 4g.20gb (0),1,,13,cupy_copy__float32_float32
20977945174,5152,453016,103,1,1,128,1,1,16,0.000,0.000,,,,,NVIDIA A100-SXM4-40GB MIG 4g.20gb (0),1,,13,cupy_copy__complex64_complex64
20978022262,15711,453026,1434,1,1,128,1,1,16,0.000,0.000,,,,,NVIDIA A100-SXM4-40GB MIG 4g.20gb (0),1,,13,cupy_copy__complex64_complex64
20978112245,407163,453031,1,1,1,32,32,1,30,0.000,0.000,,,,,NVIDIA A100-SXM4-40GB MIG 4g.20gb (0),1,,13,"void convert_kernel<__half2, float2>(tensor_layout_any, T1 *, tensor_layout_any, const T2 *)"
20978548368,5344,453034,,,,,,,,,,0.094,17532.864,Pinned,Device,NVIDIA A100-SXM4-40GB MIG 4g.20gb (0),1,,13,[CUDA memcpy Host-to-Device]
20978558384,603801,453035,,,,,,,,,,456.561,756065.745,Device,,NVIDIA A100-SXM4-40GB MIG 4g.20gb (0),1,,13,[CUDA memset]
20979171337,49119,453040,,,,,,,,,,1.235,25140.990,Pinned,Device,NVIDIA A100-SXM4-40GB MIG 4g.20gb (0),1,,13,[CUDA memcpy Host-to-Device]
20979222888,9504,453041,,,,,,,,,,0.197,20686.701,Pinned,Device,NVIDIA A100-SXM4-40GB MIG 4g.20gb (0),1,,13,[CUDA memcpy Host-to-Device]
20979237448,7360,453042,69,4,1,48,1,1,76,0.002,0.000,,,,,NVIDIA A100-SXM4-40GB MIG 4g.20gb (0),1,,13,"void ch_est::windowedChEstPreNoDftSOfdmKernel<float, __half, float, (unsigned int)2, (unsigned int)1, (unsigned short)4>(ch_est::puschRxChEstStatDescr_t *, ch_est::puschRxChEstDynDescr_t *)"
20979246920,6688,453043,137,2,1,24,2,1,44,0.001,0.001,,,,,NVIDIA A100-SXM4-40GB MIG 4g.20gb (0),1,,13,"void ch_est::chEstFilterNoDftSOfdmDispatchKernel<float, __half, float, (unsigned int)2>(ch_est::puschRxChEstStatDescr_t *, ch_est::puschRxChEstDynDescr_t *)"
20979255560,4736,453044,137,2,1,24,2,1,44,0.001,0.001,,,,,NVIDIA A100-SXM4-40GB MIG 4g.20gb (0),1,,13,"void ch_est::chEstFilterNoDftSOfdmDispatchKernel<float, __half, float, (unsigned int)2>(ch_est::puschRxChEstStatDescr_t *, ch_est::puschRxChEstDynDescr_t *)"
20979261896,2528,453055,103,1,1,128,1,1,16,0.000,0.000,,,,,NVIDIA A100-SXM4-40GB MIG 4g.20gb (0),1,,13,cupy_copy__complex64_complex64
20979265704,13088,453065,1434,1,1,128,1,1,16,0.000,0.000,,,,,NVIDIA A100-SXM4-40GB MIG 4g.20gb (0),1,,13,cupy_copy__complex64_complex64
20979280520,2528,453072,103,1,1,128,1,1,16,0.000,0.000,,,,,NVIDIA A100-SXM4-40GB MIG 4g.20gb (0),1,,13,cupy_copy__complex64_complex64
20979284552,79679,453079,1,1,1,32,32,1,30,0.000,0.000,,,,,NVIDIA A100-SXM4-40GB MIG 4g.20gb (0),1,,13,"void convert_kernel<__half2, float2>(tensor_layout_any, T1 *, tensor_layout_any, const T2 *)"
20979392710,5344,453082,,,,,,,,,,0.094,17532.864,Pinned,Device,NVIDIA A100-SXM4-40GB MIG 4g.20gb (0),1,,13,[CUDA memcpy Host-to-Device]
20979404966,46208,453083,,,,,,,,,,35.810,774962.479,Device,,NVIDIA A100-SXM4-40GB MIG 4g.20gb (0),1,,13,[CUDA memset]
20979458150,2080,453085,,,,,,,,,,0.000,38.462,Pinned,Device,NVIDIA A100-SXM4-40GB MIG 4g.20gb (0),1,,13,[CUDA memcpy Host-to-Device]
20979462694,9503,453086,,,,,,,,,,0.197,20688.863,Pinned,Device,NVIDIA A100-SXM4-40GB MIG 4g.20gb (0),1,,13,[CUDA memcpy Host-to-Device]
20979476165,8960,453087,273,1,1,48,1,1,40,0.000,0.001,,,,,NVIDIA A100-SXM4-40GB MIG 4g.20gb (0),1,,13,"void pusch_noise_intf_est::noiseIntfEstNoDftSOfdmKernel<float, __half, float, float, (unsigned int)2, (unsigned int)1, (unsigned char)4, (unsigned char)4>(pusch_noise_intf_est::puschRxNoiseIntfEstDynDescr)"
20979486981,3008,453098,35,1,1,128,1,1,16,0.000,0.000,,,,,NVIDIA A100-SXM4-40GB MIG 4g.20gb (0),1,,13,cupy_copy__complex64_complex64
20979510661,1888,453107,1,1,1,1,1,1,18,0.000,0.000,,,,,NVIDIA A100-SXM4-40GB MIG 4g.20gb (0),1,,13,cupy_copy__float32_float32
20979545733,1696,453113,,,,,,,,,,0.000,2.358,Device,Pageable,NVIDIA A100-SXM4-40GB MIG 4g.20gb (0),1,,7,[CUDA memcpy Device-to-Host]
20979605604,13312,453124,1434,1,1,128,1,1,16,0.000,0.000,,,,,NVIDIA A100-SXM4-40GB MIG 4g.20gb (0),1,,13,cupy_copy__complex64_complex64
20979631428,2752,453131,103,1,1,128,1,1,16,0.000,0.000,,,,,NVIDIA A100-SXM4-40GB MIG 4g.20gb (0),1,,13,cupy_copy__complex64_complex64
20979652195,2208,453138,35,1,1,128,1,1,16,0.000,0.000,,,,,NVIDIA A100-SXM4-40GB MIG 4g.20gb (0),1,,13,cupy_copy__complex64_complex64
20979670211,1856,453145,1,1,1,1,1,1,18,0.000,0.000,,,,,NVIDIA A100-SXM4-40GB MIG 4g.20gb (0),1,,13,cupy_copy__float32_float32
20979804770,79455,453156,1,1,1,32,32,1,30,0.000,0.000,,,,,NVIDIA A100-SXM4-40GB MIG 4g.20gb (0),1,,13,"void convert_kernel<__half2, float2>(tensor_layout_any, T1 *, tensor_layout_any, const T2 *)"
20979913729,5375,453159,,,,,,,,,,0.094,17431.766,Pinned,Device,NVIDIA A100-SXM4-40GB MIG 4g.20gb (0),1,,13,[CUDA memcpy Host-to-Device]
20979928512,3168,453160,,,,,,,,,,1.547,488201.145,Device,,NVIDIA A100-SXM4-40GB MIG 4g.20gb (0),1,,13,[CUDA memset]
20979935008,3072,453165,,,,,,,,,,0.031,10187.474,Pinned,Device,NVIDIA A100-SXM4-40GB MIG 4g.20gb (0),1,,13,[CUDA memcpy Host-to-Device]
20979940160,9216,453166,,,,,,,,,,0.197,21333.148,Pinned,Device,NVIDIA A100-SXM4-40GB MIG 4g.20gb (0),1,,13,[CUDA memcpy Host-to-Device]
20979955808,6720,453167,273,1,1,8,4,1,39,0.002,0.000,,,,,NVIDIA A100-SXM4-40GB MIG 4g.20gb (0),1,,13,"void channel_eq::eqMmseCoefCompLowMimoKernel<float, float, float, (unsigned int)4, (unsigned int)1, (unsigned int)4>(const channel_eq::_puschRxChEqStatDescr *, channel_eq::_puschRxChEqCoefCompDynDescr)"
20979964512,5888,453168,273,1,1,12,11,1,51,0.002,0.000,,,,,NVIDIA A100-SXM4-40GB MIG 4g.20gb (0),1,,13,"void channel_eq::eqMmseSoftDemapKernel<float, __half, __half, float, (unsigned int)4, (unsigned short)16383>(channel_eq::_puschRxChEqStatDescr *, channel_eq::_puschRxChEqSoftDemapDynDescr)"
20979972576,281149,453169,1,1,1,32,32,1,30,0.000,0.000,,,,,NVIDIA A100-SXM4-40GB MIG 4g.20gb (0),1,,13,"void convert_kernel<float2, __half2>(tensor_layout_any, T1 *, tensor_layout_any, const T2 *)"
20980256029,10592,453181,2253,1,1,128,1,1,16,0.000,0.000,,,,,NVIDIA A100-SXM4-40GB MIG 4g.20gb (0),1,,13,cupy_copy__float16_float16
20980268189,2848,453190,282,1,1,128,1,1,16,0.000,0.000,,,,,NVIDIA A100-SXM4-40GB MIG 4g.20gb (0),1,,13,cupy_copy__complex64_complex64
20980272829,2079,453199,26,1,1,128,1,1,16,0.000,0.000,,,,,NVIDIA A100-SXM4-40GB MIG 4g.20gb (0),1,,13,cupy_copy__float32_float32
20980276412,2880,453208,103,1,1,128,1,1,16,0.000,0.000,,,,,NVIDIA A100-SXM4-40GB MIG 4g.20gb (0),1,,13,cupy_copy__complex64_complex64
20980281084,11808,453218,1434,1,1,128,1,1,16,0.000,0.000,,,,,NVIDIA A100-SXM4-40GB MIG 4g.20gb (0),1,,13,cupy_copy__complex64_complex64
20980319452,79807,453223,1,1,1,32,32,1,30,0.000,0.000,,,,,NVIDIA A100-SXM4-40GB MIG 4g.20gb (0),1,,13,"void convert_kernel<__half2, float2>(tensor_layout_any, T1 *, tensor_layout_any, const T2 *)"
20980428123,5952,453226,,,,,,,,,,0.094,15741.865,Pinned,Device,NVIDIA A100-SXM4-40GB MIG 4g.20gb (0),1,,13,[CUDA memcpy Host-to-Device]
20980531066,602169,453227,,,,,,,,,,456.561,757891.990,Device,,NVIDIA A100-SXM4-40GB MIG 4g.20gb (0),1,,13,[CUDA memset]
20981141587,49695,453232,,,,,,,,,,1.235,24849.543,Pinned,Device,NVIDIA A100-SXM4-40GB MIG 4g.20gb (0),1,,13,[CUDA memcpy Host-to-Device]
20981194482,10208,453233,,,,,,,,,,0.197,19260.113,Pinned,Device,NVIDIA A100-SXM4-40GB MIG 4g.20gb (0),1,,13,[CUDA memcpy Host-to-Device]
20981229586,14880,453234,69,4,1,48,1,1,76,0.002,0.000,,,,,NVIDIA A100-SXM4-40GB MIG 4g.20gb (0),1,,13,"void ch_est::windowedChEstPreNoDftSOfdmKernel<float, __half, float, (unsigned int)2, (unsigned int)1, (unsigned short)4>(ch_est::puschRxChEstStatDescr_t *, ch_est::puschRxChEstDynDescr_t *)"
20981250002,6560,453235,137,2,1,24,2,1,44,0.001,0.001,,,,,NVIDIA A100-SXM4-40GB MIG 4g.20gb (0),1,,13,"void ch_est::chEstFilterNoDftSOfdmDispatchKernel<float, __half, float, (unsigned int)2>(ch_est::puschRxChEstStatDescr_t *, ch_est::puschRxChEstDynDescr_t *)"
20981258482,5023,453236,137,2,1,24,2,1,44,0.001,0.001,,,,,NVIDIA A100-SXM4-40GB MIG 4g.20gb (0),1,,13,"void ch_est::chEstFilterNoDftSOfdmDispatchKernel<float, __half, float, (unsigned int)2>(ch_est::puschRxChEstStatDescr_t *, ch_est::puschRxChEstDynDescr_t *)"
20981264945,2560,453247,103,1,1,128,1,1,16,0.000,0.000,,,,,NVIDIA A100-SXM4-40GB MIG 4g.20gb (0),1,,13,cupy_copy__complex64_complex64
20981268945,12832,453257,1434,1,1,128,1,1,16,0.000,0.000,,,,,NVIDIA A100-SXM4-40GB MIG 4g.20gb (0),1,,13,cupy_copy__complex64_complex64
20981283249,2496,453264,103,1,1,128,1,1,16,0.000,0.000,,,,,NVIDIA A100-SXM4-40GB MIG 4g.20gb (0),1,,13,cupy_copy__complex64_complex64
20981287313,79519,453271,1,1,1,32,32,1,30,0.000,0.000,,,,,NVIDIA A100-SXM4-40GB MIG 4g.20gb (0),1,,13,"void convert_kernel<__half2, float2>(tensor_layout_any, T1 *, tensor_layout_any, const T2 *)"
20981394864,5344,453274,,,,,,,,,,0.094,17532.864,Pinned,Device,NVIDIA A100-SXM4-40GB MIG 4g.20gb (0),1,,13,[CUDA memcpy Host-to-Device]
20981406832,48511,453275,,,,,,,,,,35.810,738149.881,Device,,NVIDIA A100-SXM4-40GB MIG 4g.20gb (0),1,,13,[CUDA memset]
20981470671,1792,453277,,,,,,,,,,0.000,44.643,Pinned,Device,NVIDIA A100-SXM4-40GB MIG 4g.20gb (0),1,,13,[CUDA memcpy Host-to-Device]
20981474895,9504,453278,,,,,,,,,,0.197,20686.701,Pinned,Device,NVIDIA A100-SXM4-40GB MIG 4g.20gb (0),1,,13,[CUDA memcpy Host-to-Device]
20981488271,8704,453279,273,1,1,48,1,1,40,0.000,0.001,,,,,NVIDIA A100-SXM4-40GB MIG 4g.20gb (0),1,,13,"void pusch_noise_intf_est::noiseIntfEstNoDftSOfdmKernel<float, __half, float, float, (unsigned int)2, (unsigned int)1, (unsigned char)4, (unsigned char)4>(pusch_noise_intf_est::puschRxNoiseIntfEstDynDescr)"
20981498767,2912,453290,35,1,1,128,1,1,16,0.000,0.000,,,,,NVIDIA A100-SXM4-40GB MIG 4g.20gb (0),1,,13,cupy_copy__complex64_complex64
20981511407,1888,453299,1,1,1,1,1,1,18,0.000,0.000,,,,,NVIDIA A100-SXM4-40GB MIG 4g.20gb (0),1,,13,cupy_copy__float32_float32
20981546702,1600,453305,,,,,,,,,,0.000,2.500,Device,Pageable,NVIDIA A100-SXM4-40GB MIG 4g.20gb (0),1,,7,[CUDA memcpy Device-to-Host]
20981606990,13311,453316,1434,1,1,128,1,1,16,0.000,0.000,,,,,NVIDIA A100-SXM4-40GB MIG 4g.20gb (0),1,,13,cupy_copy__complex64_complex64
20981633741,2720,453323,103,1,1,128,1,1,16,0.000,0.000,,,,,NVIDIA A100-SXM4-40GB MIG 4g.20gb (0),1,,13,cupy_copy__complex64_complex64
20981653709,2240,453330,35,1,1,128,1,1,16,0.000,0.000,,,,,NVIDIA A100-SXM4-40GB MIG 4g.20gb (0),1,,13,cupy_copy__complex64_complex64
20981671277,1856,453337,1,1,1,1,1,1,18,0.000,0.000,,,,,NVIDIA A100-SXM4-40GB MIG 4g.20gb (0),1,,13,cupy_copy__float32_float32
20981804107,79712,453348,1,1,1,32,32,1,30,0.000,0.000,,,,,NVIDIA A100-SXM4-40GB MIG 4g.20gb (0),1,,13,"void convert_kernel<__half2, float2>(tensor_layout_any, T1 *, tensor_layout_any, const T2 *)"
20981912970,5344,453351,,,,,,,,,,0.094,17532.864,Pinned,Device,NVIDIA A100-SXM4-40GB MIG 4g.20gb (0),1,,13,[CUDA memcpy Host-to-Device]
20981927370,3200,453352,,,,,,,,,,1.547,483320.000,Device,,NVIDIA A100-SXM4-40GB MIG 4g.20gb (0),1,,13,[CUDA memset]
20981948682,3040,453357,,,,,,,,,,0.031,10294.725,Pinned,Device,NVIDIA A100-SXM4-40GB MIG 4g.20gb (0),1,,13,[CUDA memcpy Host-to-Device]
20981953802,9760,453358,,,,,,,,,,0.197,20144.259,Pinned,Device,NVIDIA A100-SXM4-40GB MIG 4g.20gb (0),1,,13,[CUDA memcpy Host-to-Device]
20981968010,6272,453359,273,1,1,8,4,1,39,0.002,0.000,,,,,NVIDIA A100-SXM4-40GB MIG 4g.20gb (0),1,,13,"void channel_eq::eqMmseCoefCompLowMimoKernel<float, float, float, (unsigned int)4, (unsigned int)1, (unsigned int)4>(const channel_eq::_puschRxChEqStatDescr *, channel_eq::_puschRxChEqCoefCompDynDescr)"
20981976138,6527,453360,273,1,1,12,11,1,51,0.002,0.000,,,,,NVIDIA A100-SXM4-40GB MIG 4g.20gb (0),1,,13,"void channel_eq::eqMmseSoftDemapKernel<float, __half, __half, float, (unsigned int)4, (unsigned short)16383>(channel_eq::_puschRxChEqStatDescr *, channel_eq::_puschRxChEqSoftDemapDynDescr)"
20981984489,282493,453361,1,1,1,32,32,1,30,0.000,0.000,,,,,NVIDIA A100-SXM4-40GB MIG 4g.20gb (0),1,,13,"void convert_kernel<float2, __half2>(tensor_layout_any, T1 *, tensor_layout_any, const T2 *)"
20982318950,10752,453373,2253,1,1,128,1,1,16,0.000,0.000,,,,,NVIDIA A100-SXM4-40GB MIG 4g.20gb (0),1,,13,cupy_copy__float16_float16
20982331814,2816,453382,282,1,1,128,1,1,16,0.000,0.000,,,,,NVIDIA A100-SXM4-40GB MIG 4g.20gb (0),1,,13,cupy_copy__complex64_complex64
20982336421,2080,453391,26,1,1,128,1,1,16,0.000,0.000,,,,,NVIDIA A100-SXM4-40GB MIG 4g.20gb (0),1,,13,cupy_copy__float32_float32
20982340549,2880,453400,103,1,1,128,1,1,16,0.000,0.000,,,,,NVIDIA A100-SXM4-40GB MIG 4g.20gb (0),1,,13,cupy_copy__complex64_complex64
20982354085,11840,453410,1434,1,1,128,1,1,16,0.000,0.000,,,,,NVIDIA A100-SXM4-40GB MIG 4g.20gb (0),1,,13,cupy_copy__complex64_complex64
20982468772,80127,453415,1,1,1,32,32,1,30,0.000,0.000,,,,,NVIDIA A100-SXM4-40GB MIG 4g.20gb (0),1,,13,"void convert_kernel<__half2, float2>(tensor_layout_any, T1 *, tensor_layout_any, const T2 *)"
20983135453,5472,453418,,,,,,,,,,0.094,17122.757,Pinned,Device,NVIDIA A100-SXM4-40GB MIG 4g.20gb (0),1,,13,[CUDA memcpy Host-to-Device]
20983145564,609434,453419,,,,,,,,,,456.561,748760.762,Device,,NVIDIA A100-SXM4-40GB MIG 4g.20gb (0),1,,13,[CUDA memset]
20983762422,50207,453424,,,,,,,,,,1.235,24596.380,Pinned,Device,NVIDIA A100-SXM4-40GB MIG 4g.20gb (0),1,,13,[CUDA memcpy Host-to-Device]
20983815061,9280,453425,,,,,,,,,,0.197,21186.085,Pinned,Device,NVIDIA A100-SXM4-40GB MIG 4g.20gb (0),1,,13,[CUDA memcpy Host-to-Device]
20983828917,7584,453426,69,4,1,48,1,1,76,0.002,0.000,,,,,NVIDIA A100-SXM4-40GB MIG 4g.20gb (0),1,,13,"void ch_est::windowedChEstPreNoDftSOfdmKernel<float, __half, float, (unsigned int)2, (unsigned int)1, (unsigned short)4>(ch_est::puschRxChEstStatDescr_t *, ch_est::puschRxChEstDynDescr_t *)"
20983838517,6624,453427,137,2,1,24,2,1,44,0.001,0.001,,,,,NVIDIA A100-SXM4-40GB MIG 4g.20gb (0),1,,13,"void ch_est::chEstFilterNoDftSOfdmDispatchKernel<float, __half, float, (unsigned int)2>(ch_est::puschRxChEstStatDescr_t *, ch_est::puschRxChEstDynDescr_t *)"
20983846581,5376,453428,137,2,1,24,2,1,44,0.001,0.001,,,,,NVIDIA A100-SXM4-40GB MIG 4g.20gb (0),1,,13,"void ch_est::chEstFilterNoDftSOfdmDispatchKernel<float, __half, float, (unsigned int)2>(ch_est::puschRxChEstStatDescr_t *, ch_est::puschRxChEstDynDescr_t *)"
20983853973,2560,453439,103,1,1,128,1,1,16,0.000,0.000,,,,,NVIDIA A100-SXM4-40GB MIG 4g.20gb (0),1,,13,cupy_copy__complex64_complex64
20983857973,13279,453449,1434,1,1,128,1,1,16,0.000,0.000,,,,,NVIDIA A100-SXM4-40GB MIG 4g.20gb (0),1,,13,cupy_copy__complex64_complex64
20983872884,2496,453456,103,1,1,128,1,1,16,0.000,0.000,,,,,NVIDIA A100-SXM4-40GB MIG 4g.20gb (0),1,,13,cupy_copy__complex64_complex64
20983877492,80223,453463,1,1,1,32,32,1,30,0.000,0.000,,,,,NVIDIA A100-SXM4-40GB MIG 4g.20gb (0),1,,13,"void convert_kernel<__half2, float2>(tensor_layout_any, T1 *, tensor_layout_any, const T2 *)"
20983986611,5344,453466,,,,,,,,,,0.094,17532.864,Pinned,Device,NVIDIA A100-SXM4-40GB MIG 4g.20gb (0),1,,13,[CUDA memcpy Host-to-Device]
20983999635,46623,453467,,,,,,,,,,35.810,768051.164,Device,,NVIDIA A100-SXM4-40GB MIG 4g.20gb (0),1,,13,[CUDA memset]
20984052786,1888,453469,,,,,,,,,,0.000,42.373,Pinned,Device,NVIDIA A100-SXM4-40GB MIG 4g.20gb (0),1,,13,[CUDA memcpy Host-to-Device]
20984057458,9344,453470,,,,,,,,,,0.197,21040.988,Pinned,Device,NVIDIA A100-SXM4-40GB MIG 4g.20gb (0),1,,13,[CUDA memcpy Host-to-Device]
20984098066,10688,453471,273,1,1,48,1,1,40,0.000,0.001,,,,,NVIDIA A100-SXM4-40GB MIG 4g.20gb (0),1,,13,"void pusch_noise_intf_est::noiseIntfEstNoDftSOfdmKernel<float, __half, float, float, (unsigned int)2, (unsigned int)1, (unsigned char)4, (unsigned char)4>(pusch_noise_intf_est::puschRxNoiseIntfEstDynDescr)"
20984110322,5056,453482,35,1,1,128,1,1,16,0.000,0.000,,,,,NVIDIA A100-SXM4-40GB MIG 4g.20gb (0),1,,13,cupy_copy__complex64_complex64
20984167313,3744,453491,1,1,1,1,1,1,18,0.000,0.000,,,,,NVIDIA A100-SXM4-40GB MIG 4g.20gb (0),1,,13,cupy_copy__float32_float32
20984181041,1600,453497,,,,,,,,,,0.000,2.500,Device,Pageable,NVIDIA A100-SXM4-40GB MIG 4g.20gb (0),1,,7,[CUDA memcpy Device-to-Host]
20984265744,17056,453508,1434,1,1,128,1,1,16,0.000,0.000,,,,,NVIDIA A100-SXM4-40GB MIG 4g.20gb (0),1,,13,cupy_copy__complex64_complex64
20984287792,6112,453515,103,1,1,128,1,1,16,0.000,0.000,,,,,NVIDIA A100-SXM4-40GB MIG 4g.20gb (0),1,,13,cupy_copy__complex64_complex64
20984347087,4352,453522,35,1,1,128,1,1,16,0.000,0.000,,,,,NVIDIA A100-SXM4-40GB MIG 4g.20gb (0),1,,13,cupy_copy__complex64_complex64
20984407246,3456,453529,1,1,1,1,1,1,18,0.000,0.000,,,,,NVIDIA A100-SXM4-40GB MIG 4g.20gb (0),1,,13,cupy_copy__float32_float32
20984467054,331740,453540,1,1,1,32,32,1,30,0.000,0.000,,,,,NVIDIA A100-SXM4-40GB MIG 4g.20gb (0),1,,13,"void convert_kernel<__half2, float2>(tensor_layout_any, T1 *, tensor_layout_any, const T2 *)"
20984827914,5376,453543,,,,,,,,,,0.094,17428.487,Pinned,Device,NVIDIA A100-SXM4-40GB MIG 4g.20gb (0),1,,13,[CUDA memcpy Host-to-Device]
20984878441,4992,453544,,,,,,,,,,1.547,309819.720,Device,,NVIDIA A100-SXM4-40GB MIG 4g.20gb (0),1,,13,[CUDA memset]
20984890409,3552,453549,,,,,,,,,,0.031,8810.794,Pinned,Device,NVIDIA A100-SXM4-40GB MIG 4g.20gb (0),1,,13,[CUDA memcpy Host-to-Device]
20984896489,9664,453550,,,,,,,,,,0.197,20344.209,Pinned,Device,NVIDIA A100-SXM4-40GB MIG 4g.20gb (0),1,,13,[CUDA memcpy Host-to-Device]
20984910505,6944,453551,273,1,1,8,4,1,39,0.002,0.000,,,,,NVIDIA A100-SXM4-40GB MIG 4g.20gb (0),1,,13,"void channel_eq::eqMmseCoefCompLowMimoKernel<float, float, float, (unsigned int)4, (unsigned int)1, (unsigned int)4>(const channel_eq::_puschRxChEqStatDescr *, channel_eq::_puschRxChEqCoefCompDynDescr)"
20984918697,7296,453552,273,1,1,12,11,1,51,0.002,0.000,,,,,NVIDIA A100-SXM4-40GB MIG 4g.20gb (0),1,,13,"void channel_eq::eqMmseSoftDemapKernel<float, __half, __half, float, (unsigned int)4, (unsigned short)16383>(channel_eq::_puschRxChEqStatDescr *, channel_eq::_puschRxChEqSoftDemapDynDescr)"
20984927305,281820,453553,1,1,1,32,32,1,30,0.000,0.000,,,,,NVIDIA A100-SXM4-40GB MIG 4g.20gb (0),1,,13,"void convert_kernel<float2, __half2>(tensor_layout_any, T1 *, tensor_layout_any, const T2 *)"
20985210469,10720,453565,2253,1,1,128,1,1,16,0.000,0.000,,,,,NVIDIA A100-SXM4-40GB MIG 4g.20gb (0),1,,13,cupy_copy__float16_float16
20985223525,2848,453574,282,1,1,128,1,1,16,0.000,0.000,,,,,NVIDIA A100-SXM4-40GB MIG 4g.20gb (0),1,,13,cupy_copy__complex64_complex64
20985228197,2048,453583,26,1,1,128,1,1,16,0.000,0.000,,,,,NVIDIA A100-SXM4-40GB MIG 4g.20gb (0),1,,13,cupy_copy__float32_float32
20985232581,2912,453592,103,1,1,128,1,1,16,0.000,0.000,,,,,NVIDIA A100-SXM4-40GB MIG 4g.20gb (0),1,,13,cupy_copy__complex64_complex64
20985237701,12480,453602,1434,1,1,128,1,1,16,0.000,0.000,,,,,NVIDIA A100-SXM4-40GB MIG 4g.20gb (0),1,,13,cupy_copy__complex64_complex64
20985252133,79935,453607,1,1,1,32,32,1,30,0.000,0.000,,,,,NVIDIA A100-SXM4-40GB MIG 4g.20gb (0),1,,13,"void convert_kernel<__half2, float2>(tensor_layout_any, T1 *, tensor_layout_any, const T2 *)"
20985361668,5344,453610,,,,,,,,,,0.094,17532.864,Pinned,Device,NVIDIA A100-SXM4-40GB MIG 4g.20gb (0),1,,13,[CUDA memcpy Host-to-Device]
20985371044,602009,453611,,,,,,,,,,456.561,758348.552,Device,,NVIDIA A100-SXM4-40GB MIG 4g.20gb (0),1,,13,[CUDA memset]
20985973693,48959,453616,,,,,,,,,,1.235,25223.731,Pinned,Device,NVIDIA A100-SXM4-40GB MIG 4g.20gb (0),1,,13,[CUDA memcpy Host-to-Device]
20986025212,9696,453617,,,,,,,,,,0.197,20277.166,Pinned,Device,NVIDIA A100-SXM4-40GB MIG 4g.20gb (0),1,,13,[CUDA memcpy Host-to-Device]
20986038780,7424,453618,69,4,1,48,1,1,76,0.002,0.000,,,,,NVIDIA A100-SXM4-40GB MIG 4g.20gb (0),1,,13,"void ch_est::windowedChEstPreNoDftSOfdmKernel<float, __half, float, (unsigned int)2, (unsigned int)1, (unsigned short)4>(ch_est::puschRxChEstStatDescr_t *, ch_est::puschRxChEstDynDescr_t *)"
20986048156,6656,453619,137,2,1,24,2,1,44,0.001,0.001,,,,,NVIDIA A100-SXM4-40GB MIG 4g.20gb (0),1,,13,"void ch_est::chEstFilterNoDftSOfdmDispatchKernel<float, __half, float, (unsigned int)2>(ch_est::puschRxChEstStatDescr_t *, ch_est::puschRxChEstDynDescr_t *)"
20986056892,5088,453620,137,2,1,24,2,1,44,0.001,0.001,,,,,NVIDIA A100-SXM4-40GB MIG 4g.20gb (0),1,,13,"void ch_est::chEstFilterNoDftSOfdmDispatchKernel<float, __half, float, (unsigned int)2>(ch_est::puschRxChEstStatDescr_t *, ch_est::puschRxChEstDynDescr_t *)"
20986063804,2528,453631,103,1,1,128,1,1,16,0.000,0.000,,,,,NVIDIA A100-SXM4-40GB MIG 4g.20gb (0),1,,13,cupy_copy__complex64_complex64
20986067804,13248,453641,1434,1,1,128,1,1,16,0.000,0.000,,,,,NVIDIA A100-SXM4-40GB MIG 4g.20gb (0),1,,13,cupy_copy__complex64_complex64
20986082268,2528,453648,103,1,1,128,1,1,16,0.000,0.000,,,,,NVIDIA A100-SXM4-40GB MIG 4g.20gb (0),1,,13,cupy_copy__complex64_complex64
20986086588,81087,453655,1,1,1,32,32,1,30,0.000,0.000,,,,,NVIDIA A100-SXM4-40GB MIG 4g.20gb (0),1,,13,"void convert_kernel<__half2, float2>(tensor_layout_any, T1 *, tensor_layout_any, const T2 *)"
20986194906,5344,453658,,,,,,,,,,0.094,17532.864,Pinned,Device,NVIDIA A100-SXM4-40GB MIG 4g.20gb (0),1,,13,[CUDA memcpy Host-to-Device]
20986206938,46848,453659,,,,,,,,,,35.810,764362.742,Device,,NVIDIA A100-SXM4-40GB MIG 4g.20gb (0),1,,13,[CUDA memset]
20986259162,1920,453661,,,,,,,,,,0.000,41.667,Pinned,Device,NVIDIA A100-SXM4-40GB MIG 4g.20gb (0),1,,13,[CUDA memcpy Host-to-Device]
20986264634,10080,453662,,,,,,,,,,0.197,19504.693,Pinned,Device,NVIDIA A100-SXM4-40GB MIG 4g.20gb (0),1,,13,[CUDA memcpy Host-to-Device]
20986328441,11968,453663,273,1,1,48,1,1,40,0.000,0.001,,,,,NVIDIA A100-SXM4-40GB MIG 4g.20gb (0),1,,13,"void pusch_noise_intf_est::noiseIntfEstNoDftSOfdmKernel<float, __half, float, float, (unsigned int)2, (unsigned int)1, (unsigned char)4, (unsigned char)4>(pusch_noise_intf_est::puschRxNoiseIntfEstDynDescr)"
20986419608,6624,453674,35,1,1,128,1,1,16,0.000,0.000,,,,,NVIDIA A100-SXM4-40GB MIG 4g.20gb (0),1,,13,cupy_copy__complex64_complex64
20986430648,2688,453683,1,1,1,1,1,1,18,0.000,0.000,,,,,NVIDIA A100-SXM4-40GB MIG 4g.20gb (0),1,,13,cupy_copy__float32_float32
20986439192,1632,453689,,,,,,,,,,0.000,2.451,Device,Pageable,NVIDIA A100-SXM4-40GB MIG 4g.20gb (0),1,,7,[CUDA memcpy Device-to-Host]
20986546199,20319,453700,1434,1,1,128,1,1,16,0.000,0.000,,,,,NVIDIA A100-SXM4-40GB MIG 4g.20gb (0),1,,13,cupy_copy__complex64_complex64
20986568790,5472,453707,103,1,1,128,1,1,16,0.000,0.000,,,,,NVIDIA A100-SXM4-40GB MIG 4g.20gb (0),1,,13,cupy_copy__complex64_complex64
20986649333,5728,453714,35,1,1,128,1,1,16,0.000,0.000,,,,,NVIDIA A100-SXM4-40GB MIG 4g.20gb (0),1,,13,cupy_copy__complex64_complex64
20986657141,2688,453721,1,1,1,1,1,1,18,0.000,0.000,,,,,NVIDIA A100-SXM4-40GB MIG 4g.20gb (0),1,,13,cupy_copy__float32_float32
20986732564,391004,453732,1,1,1,32,32,1,30,0.000,0.000,,,,,NVIDIA A100-SXM4-40GB MIG 4g.20gb (0),1,,13,"void convert_kernel<__half2, float2>(tensor_layout_any, T1 *, tensor_layout_any, const T2 *)"
20987152944,5856,453735,,,,,,,,,,0.094,15999.997,Pinned,Device,NVIDIA A100-SXM4-40GB MIG 4g.20gb (0),1,,13,[CUDA memcpy Host-to-Device]
20987230319,5760,453736,,,,,,,,,,1.547,268510.939,Device,,NVIDIA A100-SXM4-40GB MIG 4g.20gb (0),1,,13,[CUDA memset]
20987242223,4064,453741,,,,,,,,,,0.031,7700.756,Pinned,Device,NVIDIA A100-SXM4-40GB MIG 4g.20gb (0),1,,13,[CUDA memcpy Host-to-Device]
20987248847,9760,453742,,,,,,,,,,0.197,20144.259,Pinned,Device,NVIDIA A100-SXM4-40GB MIG 4g.20gb (0),1,,13,[CUDA memcpy Host-to-Device]
20987315534,13568,453743,273,1,1,8,4,1,39,0.002,0.000,,,,,NVIDIA A100-SXM4-40GB MIG 4g.20gb (0),1,,13,"void channel_eq::eqMmseCoefCompLowMimoKernel<float, float, float, (unsigned int)4, (unsigned int)1, (unsigned int)4>(const channel_eq::_puschRxChEqStatDescr *, channel_eq::_puschRxChEqCoefCompDynDescr)"
20987396333,12064,453744,273,1,1,12,11,1,51,0.002,0.000,,,,,NVIDIA A100-SXM4-40GB MIG 4g.20gb (0),1,,13,"void channel_eq::eqMmseSoftDemapKernel<float, __half, __half, float, (unsigned int)4, (unsigned short)16383>(channel_eq::_puschRxChEqStatDescr *, channel_eq::_puschRxChEqSoftDemapDynDescr)"
20987410029,282013,453745,1,1,1,32,32,1,30,0.000,0.000,,,,,NVIDIA A100-SXM4-40GB MIG 4g.20gb (0),1,,13,"void convert_kernel<float2, __half2>(tensor_layout_any, T1 *, tensor_layout_any, const T2 *)"
20987693482,10720,453757,2253,1,1,128,1,1,16,0.000,0.000,,,,,NVIDIA A100-SXM4-40GB MIG 4g.20gb (0),1,,13,cupy_copy__float16_float16
20987705738,2848,453766,282,1,1,128,1,1,16,0.000,0.000,,,,,NVIDIA A100-SXM4-40GB MIG 4g.20gb (0),1,,13,cupy_copy__complex64_complex64
20987710698,2048,453775,26,1,1,128,1,1,16,0.000,0.000,,,,,NVIDIA A100-SXM4-40GB MIG 4g.20gb (0),1,,13,cupy_copy__float32_float32
20987714250,2911,453784,103,1,1,128,1,1,16,0.000,0.000,,,,,NVIDIA A100-SXM4-40GB MIG 4g.20gb (0),1,,13,cupy_copy__complex64_complex64
20987718889,12192,453794,1434,1,1,128,1,1,16,0.000,0.000,,,,,NVIDIA A100-SXM4-40GB MIG 4g.20gb (0),1,,13,cupy_copy__complex64_complex64
20987732617,79775,453799,1,1,1,32,32,1,30,0.000,0.000,,,,,NVIDIA A100-SXM4-40GB MIG 4g.20gb (0),1,,13,"void convert_kernel<__half2, float2>(tensor_layout_any, T1 *, tensor_layout_any, const T2 *)"
20987847816,5344,453802,,,,,,,,,,0.094,17532.864,Pinned,Device,NVIDIA A100-SXM4-40GB MIG 4g.20gb (0),1,,13,[CUDA memcpy Host-to-Device]
20987858984,603609,453803,,,,,,,,,,456.561,756065.745,Device,,NVIDIA A100-SXM4-40GB MIG 4g.20gb (0),1,,13,[CUDA memset]
20988468929,48864,453808,,,,,,,,,,1.235,25271.894,Pinned,Device,NVIDIA A100-SXM4-40GB MIG 4g.20gb (0),1,,13,[CUDA memcpy Host-to-Device]
20988520289,10335,453809,,,,,,,,,,0.197,19023.397,Pinned,Device,NVIDIA A100-SXM4-40GB MIG 4g.20gb (0),1,,13,[CUDA memcpy Host-to-Device]
20988534976,7136,453810,69,4,1,48,1,1,76,0.002,0.000,,,,,NVIDIA A100-SXM4-40GB MIG 4g.20gb (0),1,,13,"void ch_est::windowedChEstPreNoDftSOfdmKernel<float, __half, float, (unsigned int)2, (unsigned int)1, (unsigned short)4>(ch_est::puschRxChEstStatDescr_t *, ch_est::puschRxChEstDynDescr_t *)"
20988544320,6624,453811,137,2,1,24,2,1,44,0.001,0.001,,,,,NVIDIA A100-SXM4-40GB MIG 4g.20gb (0),1,,13,"void ch_est::chEstFilterNoDftSOfdmDispatchKernel<float, __half, float, (unsigned int)2>(ch_est::puschRxChEstStatDescr_t *, ch_est::puschRxChEstDynDescr_t *)"
20988552928,5120,453812,137,2,1,24,2,1,44,0.001,0.001,,,,,NVIDIA A100-SXM4-40GB MIG 4g.20gb (0),1,,13,"void ch_est::chEstFilterNoDftSOfdmDispatchKernel<float, __half, float, (unsigned int)2>(ch_est::puschRxChEstStatDescr_t *, ch_est::puschRxChEstDynDescr_t *)"
20988560128,2560,453823,103,1,1,128,1,1,16,0.000,0.000,,,,,NVIDIA A100-SXM4-40GB MIG 4g.20gb (0),1,,13,cupy_copy__complex64_complex64
20988564000,13056,453833,1434,1,1,128,1,1,16,0.000,0.000,,,,,NVIDIA A100-SXM4-40GB MIG 4g.20gb (0),1,,13,cupy_copy__complex64_complex64
20988578560,2496,453840,103,1,1,128,1,1,16,0.000,0.000,,,,,NVIDIA A100-SXM4-40GB MIG 4g.20gb (0),1,,13,cupy_copy__complex64_complex64
20988582688,79935,453847,1,1,1,32,32,1,30,0.000,0.000,,,,,NVIDIA A100-SXM4-40GB MIG 4g.20gb (0),1,,13,"void convert_kernel<__half2, float2>(tensor_layout_any, T1 *, tensor_layout_any, const T2 *)"
20988689695,5376,453850,,,,,,,,,,0.094,17428.487,Pinned,Device,NVIDIA A100-SXM4-40GB MIG 4g.20gb (0),1,,13,[CUDA memcpy Host-to-Device]
20988701790,46496,453851,,,,,,,,,,35.810,770163.949,Device,,NVIDIA A100-SXM4-40GB MIG 4g.20gb (0),1,,13,[CUDA memset]
20988755678,1920,453853,,,,,,,,,,0.000,41.667,Pinned,Device,NVIDIA A100-SXM4-40GB MIG 4g.20gb (0),1,,13,[CUDA memcpy Host-to-Device]
20988760030,9408,453854,,,,,,,,,,0.197,20897.858,Pinned,Device,NVIDIA A100-SXM4-40GB MIG 4g.20gb (0),1,,13,[CUDA memcpy Host-to-Device]
20988774110,9056,453855,273,1,1,48,1,1,40,0.000,0.001,,,,,NVIDIA A100-SXM4-40GB MIG 4g.20gb (0),1,,13,"void pusch_noise_intf_est::noiseIntfEstNoDftSOfdmKernel<float, __half, float, float, (unsigned int)2, (unsigned int)1, (unsigned char)4, (unsigned char)4>(pusch_noise_intf_est::puschRxNoiseIntfEstDynDescr)"
20988784926,2880,453866,35,1,1,128,1,1,16,0.000,0.000,,,,,NVIDIA A100-SXM4-40GB MIG 4g.20gb (0),1,,13,cupy_copy__complex64_complex64
20988806653,1920,453875,1,1,1,1,1,1,18,0.000,0.000,,,,,NVIDIA A100-SXM4-40GB MIG 4g.20gb (0),1,,13,cupy_copy__float32_float32
20988841053,1568,453881,,,,,,,,,,0.000,2.551,Device,Pageable,NVIDIA A100-SXM4-40GB MIG 4g.20gb (0),1,,7,[CUDA memcpy Device-to-Host]
20988900348,13568,453892,1434,1,1,128,1,1,16,0.000,0.000,,,,,NVIDIA A100-SXM4-40GB MIG 4g.20gb (0),1,,13,cupy_copy__complex64_complex64
20988927196,2720,453899,103,1,1,128,1,1,16,0.000,0.000,,,,,NVIDIA A100-SXM4-40GB MIG 4g.20gb (0),1,,13,cupy_copy__complex64_complex64
20988946940,2208,453906,35,1,1,128,1,1,16,0.000,0.000,,,,,NVIDIA A100-SXM4-40GB MIG 4g.20gb (0),1,,13,cupy_copy__complex64_complex64
20988964988,1856,453913,1,1,1,1,1,1,18,0.000,0.000,,,,,NVIDIA A100-SXM4-40GB MIG 4g.20gb (0),1,,13,cupy_copy__float32_float32
20989110618,79839,453924,1,1,1,32,32,1,30,0.000,0.000,,,,,NVIDIA A100-SXM4-40GB MIG 4g.20gb (0),1,,13,"void convert_kernel<__half2, float2>(tensor_layout_any, T1 *, tensor_layout_any, const T2 *)"
20989219449,5344,453927,,,,,,,,,,0.094,17532.864,Pinned,Device,NVIDIA A100-SXM4-40GB MIG 4g.20gb (0),1,,13,[CUDA memcpy Host-to-Device]
20989233401,3168,453928,,,,,,,,,,1.547,488201.145,Device,,NVIDIA A100-SXM4-40GB MIG 4g.20gb (0),1,,13,[CUDA memset]
20989240056,3040,453933,,,,,,,,,,0.031,10294.725,Pinned,Device,NVIDIA A100-SXM4-40GB MIG 4g.20gb (0),1,,13,[CUDA memcpy Host-to-Device]
20989246552,9376,453934,,,,,,,,,,0.197,20969.226,Pinned,Device,NVIDIA A100-SXM4-40GB MIG 4g.20gb (0),1,,13,[CUDA memcpy Host-to-Device]
20989260280,6240,453935,273,1,1,8,4,1,39,0.002,0.000,,,,,NVIDIA A100-SXM4-40GB MIG 4g.20gb (0),1,,13,"void channel_eq::eqMmseCoefCompLowMimoKernel<float, float, float, (unsigned int)4, (unsigned int)1, (unsigned int)4>(const channel_eq::_puschRxChEqStatDescr *, channel_eq::_puschRxChEqCoefCompDynDescr)"
20989268088,6048,453936,273,1,1,12,11,1,51,0.002,0.000,,,,,NVIDIA A100-SXM4-40GB MIG 4g.20gb (0),1,,13,"void channel_eq::eqMmseSoftDemapKernel<float, __half, __half, float, (unsigned int)4, (unsigned short)16383>(channel_eq::_puschRxChEqStatDescr *, channel_eq::_puschRxChEqSoftDemapDynDescr)"
20989275896,373436,453937,1,1,1,32,32,1,30,0.000,0.000,,,,,NVIDIA A100-SXM4-40GB MIG 4g.20gb (0),1,,13,"void convert_kernel<float2, __half2>(tensor_layout_any, T1 *, tensor_layout_any, const T2 *)"
20989652052,12448,453949,2253,1,1,128,1,1,16,0.000,0.000,,,,,NVIDIA A100-SXM4-40GB MIG 4g.20gb (0),1,,13,cupy_copy__float16_float16
20989746227,5248,453958,282,1,1,128,1,1,16,0.000,0.000,,,,,NVIDIA A100-SXM4-40GB MIG 4g.20gb (0),1,,13,cupy_copy__complex64_complex64
20989754931,3008,453967,26,1,1,128,1,1,16,0.000,0.000,,,,,NVIDIA A100-SXM4-40GB MIG 4g.20gb (0),1,,13,cupy_copy__float32_float32
20989760723,4640,453976,103,1,1,128,1,1,16,0.000,0.000,,,,,NVIDIA A100-SXM4-40GB MIG 4g.20gb (0),1,,13,cupy_copy__complex64_complex64
20989853170,17119,453986,1434,1,1,128,1,1,16,0.000,0.000,,,,,NVIDIA A100-SXM4-40GB MIG 4g.20gb (0),1,,13,cupy_copy__complex64_complex64
20989872401,135807,453991,1,1,1,32,32,1,30,0.000,0.000,,,,,NVIDIA A100-SXM4-40GB MIG 4g.20gb (0),1,,13,"void convert_kernel<__half2, float2>(tensor_layout_any, T1 *, tensor_layout_any, const T2 *)"
20990920038,5472,453994,,,,,,,,,,0.094,17122.757,Pinned,Device,NVIDIA A100-SXM4-40GB MIG 4g.20gb (0),1,,13,[CUDA memcpy Host-to-Device]
20990929478,606745,453995,,,,,,,,,,456.561,752413.253,Device,,NVIDIA A100-SXM4-40GB MIG 4g.20gb (0),1,,13,[CUDA memset]
20991538271,48799,454000,,,,,,,,,,1.235,25306.472,Pinned,Device,NVIDIA A100-SXM4-40GB MIG 4g.20gb (0),1,,13,[CUDA memcpy Host-to-Device]
20991589758,9408,454001,,,,,,,,,,0.197,20897.858,Pinned,Device,NVIDIA A100-SXM4-40GB MIG 4g.20gb (0),1,,13,[CUDA memcpy Host-to-Device]
20991603838,7328,454002,69,4,1,48,1,1,76,0.002,0.000,,,,,NVIDIA A100-SXM4-40GB MIG 4g.20gb (0),1,,13,"void ch_est::windowedChEstPreNoDftSOfdmKernel<float, __half, float, (unsigned int)2, (unsigned int)1, (unsigned short)4>(ch_est::puschRxChEstStatDescr_t *, ch_est::puschRxChEstDynDescr_t *)"
20991613310,6464,454003,137,2,1,24,2,1,44,0.001,0.001,,,,,NVIDIA A100-SXM4-40GB MIG 4g.20gb (0),1,,13,"void ch_est::chEstFilterNoDftSOfdmDispatchKernel<float, __half, float, (unsigned int)2>(ch_est::puschRxChEstStatDescr_t *, ch_est::puschRxChEstDynDescr_t *)"
20991621758,5024,454004,137,2,1,24,2,1,44,0.001,0.001,,,,,NVIDIA A100-SXM4-40GB MIG 4g.20gb (0),1,,13,"void ch_est::chEstFilterNoDftSOfdmDispatchKernel<float, __half, float, (unsigned int)2>(ch_est::puschRxChEstStatDescr_t *, ch_est::puschRxChEstDynDescr_t *)"
20991628350,2560,454015,103,1,1,128,1,1,16,0.000,0.000,,,,,NVIDIA A100-SXM4-40GB MIG 4g.20gb (0),1,,13,cupy_copy__complex64_complex64
20991632350,13056,454025,1434,1,1,128,1,1,16,0.000,0.000,,,,,NVIDIA A100-SXM4-40GB MIG 4g.20gb (0),1,,13,cupy_copy__complex64_complex64
20991647614,2464,454032,103,1,1,128,1,1,16,0.000,0.000,,,,,NVIDIA A100-SXM4-40GB MIG 4g.20gb (0),1,,13,cupy_copy__complex64_complex64
20991651806,80191,454039,1,1,1,32,32,1,30,0.000,0.000,,,,,NVIDIA A100-SXM4-40GB MIG 4g.20gb (0),1,,13,"void convert_kernel<__half2, float2>(tensor_layout_any, T1 *, tensor_layout_any, const T2 *)"
20991760124,6112,454042,,,,,,,,,,0.094,15329.790,Pinned,Device,NVIDIA A100-SXM4-40GB MIG 4g.20gb (0),1,,13,[CUDA memcpy Host-to-Device]
20991773116,46144,454043,,,,,,,,,,35.810,776036.776,Device,,NVIDIA A100-SXM4-40GB MIG 4g.20gb (0),1,,13,[CUDA memset]
20991825564,1824,454045,,,,,,,,,,0.000,43.860,Pinned,Device,NVIDIA A100-SXM4-40GB MIG 4g.20gb (0),1,,13,[CUDA memcpy Host-to-Device]
20991829820,9344,454046,,,,,,,,,,0.197,21040.988,Pinned,Device,NVIDIA A100-SXM4-40GB MIG 4g.20gb (0),1,,13,[CUDA memcpy Host-to-Device]
20991843547,8832,454047,273,1,1,48,1,1,40,0.000,0.001,,,,,NVIDIA A100-SXM4-40GB MIG 4g.20gb (0),1,,13,"void pusch_noise_intf_est::noiseIntfEstNoDftSOfdmKernel<float, __half, float, float, (unsigned int)2, (unsigned int)1, (unsigned char)4, (unsigned char)4>(pusch_noise_intf_est::puschRxNoiseIntfEstDynDescr)"
20991855867,3072,454058,35,1,1,128,1,1,16,0.000,0.000,,,,,NVIDIA A100-SXM4-40GB MIG 4g.20gb (0),1,,13,cupy_copy__complex64_complex64
20992020857,3648,454067,1,1,1,1,1,1,18,0.000,0.000,,,,,NVIDIA A100-SXM4-40GB MIG 4g.20gb (0),1,,13,cupy_copy__float32_float32
20992035289,2432,454073,,,,,,,,,,0.000,1.645,Device,Pageable,NVIDIA A100-SXM4-40GB MIG 4g.20gb (0),1,,7,[CUDA memcpy Device-to-Host]
20992180920,17695,454084,1434,1,1,128,1,1,16,0.000,0.000,,,,,NVIDIA A100-SXM4-40GB MIG 4g.20gb (0),1,,13,cupy_copy__complex64_complex64
20992200823,5344,454091,103,1,1,128,1,1,16,0.000,0.000,,,,,NVIDIA A100-SXM4-40GB MIG 4g.20gb (0),1,,13,cupy_copy__complex64_complex64
20992206839,2624,454098,35,1,1,128,1,1,16,0.000,0.000,,,,,NVIDIA A100-SXM4-40GB MIG 4g.20gb (0),1,,13,cupy_copy__complex64_complex64
20992210711,2048,454105,1,1,1,1,1,1,18,0.000,0.000,,,,,NVIDIA A100-SXM4-40GB MIG 4g.20gb (0),1,,13,cupy_copy__float32_float32
20992325078,79391,454116,1,1,1,32,32,1,30,0.000,0.000,,,,,NVIDIA A100-SXM4-40GB MIG 4g.20gb (0),1,,13,"void convert_kernel<__half2, float2>(tensor_layout_any, T1 *, tensor_layout_any, const T2 *)"
20992434293,5408,454119,,,,,,,,,,0.094,17325.421,Pinned,Device,NVIDIA A100-SXM4-40GB MIG 4g.20gb (0),1,,13,[CUDA memcpy Host-to-Device]
20992449269,3200,454120,,,,,,,,,,1.547,483320.000,Device,,NVIDIA A100-SXM4-40GB MIG 4g.20gb (0),1,,13,[CUDA memset]
20992454869,3008,454125,,,,,,,,,,0.031,10404.230,Pinned,Device,NVIDIA A100-SXM4-40GB MIG 4g.20gb (0),1,,13,[CUDA memcpy Host-to-Device]
20992460309,9311,454126,,,,,,,,,,0.197,21115.503,Pinned,Device,NVIDIA A100-SXM4-40GB MIG 4g.20gb (0),1,,13,[CUDA memcpy Host-to-Device]
20992473844,5952,454127,273,1,1,8,4,1,39,0.002,0.000,,,,,NVIDIA A100-SXM4-40GB MIG 4g.20gb (0),1,,13,"void channel_eq::eqMmseCoefCompLowMimoKernel<float, float, float, (unsigned int)4, (unsigned int)1, (unsigned int)4>(const channel_eq::_puschRxChEqStatDescr *, channel_eq::_puschRxChEqCoefCompDynDescr)"
20992481460,5760,454128,273,1,1,12,11,1,51,0.002,0.000,,,,,NVIDIA A100-SXM4-40GB MIG 4g.20gb (0),1,,13,"void channel_eq::eqMmseSoftDemapKernel<float, __half, __half, float, (unsigned int)4, (unsigned short)16383>(channel_eq::_puschRxChEqStatDescr *, channel_eq::_puschRxChEqSoftDemapDynDescr)"
20992489364,281917,454129,1,1,1,32,32,1,30,0.000,0.000,,,,,NVIDIA A100-SXM4-40GB MIG 4g.20gb (0),1,,13,"void convert_kernel<float2, __half2>(tensor_layout_any, T1 *, tensor_layout_any, const T2 *)"
20992772785,10688,454141,2253,1,1,128,1,1,16,0.000,0.000,,,,,NVIDIA A100-SXM4-40GB MIG 4g.20gb (0),1,,13,cupy_copy__float16_float16
20992785457,2816,454150,282,1,1,128,1,1,16,0.000,0.000,,,,,NVIDIA A100-SXM4-40GB MIG 4g.20gb (0),1,,13,cupy_copy__complex64_complex64
20992790609,2080,454159,26,1,1,128,1,1,16,0.000,0.000,,,,,NVIDIA A100-SXM4-40GB MIG 4g.20gb (0),1,,13,cupy_copy__float32_float32
20992794673,2880,454168,103,1,1,128,1,1,16,0.000,0.000,,,,,NVIDIA A100-SXM4-40GB MIG 4g.20gb (0),1,,13,cupy_copy__complex64_complex64
20992799217,11968,454178,1434,1,1,128,1,1,16,0.000,0.000,,,,,NVIDIA A100-SXM4-40GB MIG 4g.20gb (0),1,,13,cupy_copy__complex64_complex64
20992824849,79839,454183,1,1,1,32,32,1,30,0.000,0.000,,,,,NVIDIA A100-SXM4-40GB MIG 4g.20gb (0),1,,13,"void convert_kernel<__half2, float2>(tensor_layout_any, T1 *, tensor_layout_any, const T2 *)"
20992933487,5376,454186,,,,,,,,,,0.094,17428.487,Pinned,Device,NVIDIA A100-SXM4-40GB MIG 4g.20gb (0),1,,13,[CUDA memcpy Host-to-Device]
20992943407,602201,454187,,,,,,,,,,456.561,757891.990,Device,,NVIDIA A100-SXM4-40GB MIG 4g.20gb (0),1,,13,[CUDA memset]
20993548616,50048,454192,,,,,,,,,,1.235,24674.181,Pinned,Device,NVIDIA A100-SXM4-40GB MIG 4g.20gb (0),1,,13,[CUDA memcpy Host-to-Device]
20993601096,9728,454193,,,,,,,,,,0.197,20210.516,Pinned,Device,NVIDIA A100-SXM4-40GB MIG 4g.20gb (0),1,,13,[CUDA memcpy Host-to-Device]
20993667015,10688,454194,69,4,1,48,1,1,76,0.002,0.000,,,,,NVIDIA A100-SXM4-40GB MIG 4g.20gb (0),1,,13,"void ch_est::windowedChEstPreNoDftSOfdmKernel<float, __half, float, (unsigned int)2, (unsigned int)1, (unsigned short)4>(ch_est::puschRxChEstStatDescr_t *, ch_est::puschRxChEstDynDescr_t *)"
20993679143,6752,454195,137,2,1,24,2,1,44,0.001,0.001,,,,,NVIDIA A100-SXM4-40GB MIG 4g.20gb (0),1,,13,"void ch_est::chEstFilterNoDftSOfdmDispatchKernel<float, __half, float, (unsigned int)2>(ch_est::puschRxChEstStatDescr_t *, ch_est::puschRxChEstDynDescr_t *)"
20993687271,4736,454196,137,2,1,24,2,1,44,0.001,0.001,,,,,NVIDIA A100-SXM4-40GB MIG 4g.20gb (0),1,,13,"void ch_est::chEstFilterNoDftSOfdmDispatchKernel<float, __half, float, (unsigned int)2>(ch_est::puschRxChEstStatDescr_t *, ch_est::puschRxChEstDynDescr_t *)"
20993693543,2560,454207,103,1,1,128,1,1,16,0.000,0.000,,,,,NVIDIA A100-SXM4-40GB MIG 4g.20gb (0),1,,13,cupy_copy__complex64_complex64
20993697863,13216,454217,1434,1,1,128,1,1,16,0.000,0.000,,,,,NVIDIA A100-SXM4-40GB MIG 4g.20gb (0),1,,13,cupy_copy__complex64_complex64
20993712615,2496,454224,103,1,1,128,1,1,16,0.000,0.000,,,,,NVIDIA A100-SXM4-40GB MIG 4g.20gb (0),1,,13,cupy_copy__complex64_complex64
20993766086,343100,454231,1,1,1,32,32,1,30,0.000,0.000,,,,,NVIDIA A100-SXM4-40GB MIG 4g.20gb (0),1,,13,"void convert_kernel<__half2, float2>(tensor_layout_any, T1 *, tensor_layout_any, const T2 *)"
20994137858,5760,454234,,,,,,,,,,0.094,16266.656,Pinned,Device,NVIDIA A100-SXM4-40GB MIG 4g.20gb (0),1,,13,[CUDA memcpy Host-to-Device]
20994181921,48096,454235,,,,,,,,,,35.810,744524.047,Device,,NVIDIA A100-SXM4-40GB MIG 4g.20gb (0),1,,13,[CUDA memset]
20994238433,1824,454237,,,,,,,,,,0.000,43.860,Pinned,Device,NVIDIA A100-SXM4-40GB MIG 4g.20gb (0),1,,13,[CUDA memcpy Host-to-Device]
20994243009,9696,454238,,,,,,,,,,0.197,20277.166,Pinned,Device,NVIDIA A100-SXM4-40GB MIG 4g.20gb (0),1,,13,[CUDA memcpy Host-to-Device]
20994281152,11392,454239,273,1,1,48,1,1,40,0.000,0.001,,,,,NVIDIA A100-SXM4-40GB MIG 4g.20gb (0),1,,13,"void pusch_noise_intf_est::noiseIntfEstNoDftSOfdmKernel<float, __half, float, float, (unsigned int)2, (unsigned int)1, (unsigned char)4, (unsigned char)4>(pusch_noise_intf_est::puschRxNoiseIntfEstDynDescr)"
20994347520,4543,454250,35,1,1,128,1,1,16,0.000,0.000,,,,,NVIDIA A100-SXM4-40GB MIG 4g.20gb (0),1,,13,cupy_copy__complex64_complex64
20994410527,5856,454259,1,1,1,1,1,1,18,0.000,0.000,,,,,NVIDIA A100-SXM4-40GB MIG 4g.20gb (0),1,,13,cupy_copy__float32_float32
20994423391,1920,454265,,,,,,,,,,0.000,2.083,Device,Pageable,NVIDIA A100-SXM4-40GB MIG 4g.20gb (0),1,,7,[CUDA memcpy Device-to-Host]
20994486558,17440,454276,1434,1,1,128,1,1,16,0.000,0.000,,,,,NVIDIA A100-SXM4-40GB MIG 4g.20gb (0),1,,13,cupy_copy__complex64_complex64
20994585501,7456,454283,103,1,1,128,1,1,16,0.000,0.000,,,,,NVIDIA A100-SXM4-40GB MIG 4g.20gb (0),1,,13,cupy_copy__complex64_complex64
20994594621,4448,454290,35,1,1,128,1,1,16,0.000,0.000,,,,,NVIDIA A100-SXM4-40GB MIG 4g.20gb (0),1,,13,cupy_copy__complex64_complex64
20994601437,2080,454297,1,1,1,1,1,1,18,0.000,0.000,,,,,NVIDIA A100-SXM4-40GB MIG 4g.20gb (0),1,,13,cupy_copy__float32_float32
20994713531,366780,454308,1,1,1,32,32,1,30,0.000,0.000,,,,,NVIDIA A100-SXM4-40GB MIG 4g.20gb (0),1,,13,"void convert_kernel<__half2, float2>(tensor_layout_any, T1 *, tensor_layout_any, const T2 *)"
20995109975,5664,454311,,,,,,,,,,0.094,16542.310,Pinned,Device,NVIDIA A100-SXM4-40GB MIG 4g.20gb (0),1,,13,[CUDA memcpy Host-to-Device]
20995141239,8000,454312,,,,,,,,,,1.547,193328.000,Device,,NVIDIA A100-SXM4-40GB MIG 4g.20gb (0),1,,13,[CUDA memset]
20995150999,3264,454317,,,,,,,,,,0.031,9588.218,Pinned,Device,NVIDIA A100-SXM4-40GB MIG 4g.20gb (0),1,,13,[CUDA memcpy Host-to-Device]
20995156759,9759,454318,,,,,,,,,,0.197,20146.225,Pinned,Device,NVIDIA A100-SXM4-40GB MIG 4g.20gb (0),1,,13,[CUDA memcpy Host-to-Device]
20995227190,15328,454319,273,1,1,8,4,1,39,0.002,0.000,,,,,NVIDIA A100-SXM4-40GB MIG 4g.20gb (0),1,,13,"void channel_eq::eqMmseCoefCompLowMimoKernel<float, float, float, (unsigned int)4, (unsigned int)1, (unsigned int)4>(const channel_eq::_puschRxChEqStatDescr *, channel_eq::_puschRxChEqCoefCompDynDescr)"
20995308821,14816,454320,273,1,1,12,11,1,51,0.002,0.000,,,,,NVIDIA A100-SXM4-40GB MIG 4g.20gb (0),1,,13,"void channel_eq::eqMmseSoftDemapKernel<float, __half, __half, float, (unsigned int)4, (unsigned short)16383>(channel_eq::_puschRxChEqStatDescr *, channel_eq::_puschRxChEqSoftDemapDynDescr)"
20995389620,573850,454321,1,1,1,32,32,1,30,0.000,0.000,,,,,NVIDIA A100-SXM4-40GB MIG 4g.20gb (0),1,,13,"void convert_kernel<float2, __half2>(tensor_layout_any, T1 *, tensor_layout_any, const T2 *)"
20995964845,12288,454333,2253,1,1,128,1,1,16,0.000,0.000,,,,,NVIDIA A100-SXM4-40GB MIG 4g.20gb (0),1,,13,cupy_copy__float16_float16
20995979085,3584,454342,282,1,1,128,1,1,16,0.000,0.000,,,,,NVIDIA A100-SXM4-40GB MIG 4g.20gb (0),1,,13,cupy_copy__complex64_complex64
20995984333,2304,454351,26,1,1,128,1,1,16,0.000,0.000,,,,,NVIDIA A100-SXM4-40GB MIG 4g.20gb (0),1,,13,cupy_copy__float32_float32
20995988461,3136,454360,103,1,1,128,1,1,16,0.000,0.000,,,,,NVIDIA A100-SXM4-40GB MIG 4g.20gb (0),1,,13,cupy_copy__complex64_complex64
20995993677,11968,454370,1434,1,1,128,1,1,16,0.000,0.000,,,,,NVIDIA A100-SXM4-40GB MIG 4g.20gb (0),1,,13,cupy_copy__complex64_complex64
20996006989,80031,454375,1,1,1,32,32,1,30,0.000,0.000,,,,,NVIDIA A100-SXM4-40GB MIG 4g.20gb (0),1,,13,"void convert_kernel<__half2, float2>(tensor_layout_any, T1 *, tensor_layout_any, const T2 *)"
20996117324,5344,454378,,,,,,,,,,0.094,17532.864,Pinned,Device,NVIDIA A100-SXM4-40GB MIG 4g.20gb (0),1,,13,[CUDA memcpy Host-to-Device]
20996127244,600761,454379,,,,,,,,,,456.561,759718.236,Device,,NVIDIA A100-SXM4-40GB MIG 4g.20gb (0),1,,13,[CUDA memset]
20996733381,48831,454384,,,,,,,,,,1.235,25289.183,Pinned,Device,NVIDIA A100-SXM4-40GB MIG 4g.20gb (0),1,,13,[CUDA memcpy Host-to-Device]
20996784676,9344,454385,,,,,,,,,,0.197,21040.988,Pinned,Device,NVIDIA A100-SXM4-40GB MIG 4g.20gb (0),1,,13,[CUDA memcpy Host-to-Device]
20996798660,7168,454386,69,4,1,48,1,1,76,0.002,0.000,,,,,NVIDIA A100-SXM4-40GB MIG 4g.20gb (0),1,,13,"void ch_est::windowedChEstPreNoDftSOfdmKernel<float, __half, float, (unsigned int)2, (unsigned int)1, (unsigned short)4>(ch_est::puschRxChEstStatDescr_t *, ch_est::puschRxChEstDynDescr_t *)"
20996807940,6368,454387,137,2,1,24,2,1,44,0.001,0.001,,,,,NVIDIA A100-SXM4-40GB MIG 4g.20gb (0),1,,13,"void ch_est::chEstFilterNoDftSOfdmDispatchKernel<float, __half, float, (unsigned int)2>(ch_est::puschRxChEstStatDescr_t *, ch_est::puschRxChEstDynDescr_t *)"
20996816580,4736,454388,137,2,1,24,2,1,44,0.001,0.001,,,,,NVIDIA A100-SXM4-40GB MIG 4g.20gb (0),1,,13,"void ch_est::chEstFilterNoDftSOfdmDispatchKernel<float, __half, float, (unsigned int)2>(ch_est::puschRxChEstStatDescr_t *, ch_est::puschRxChEstDynDescr_t *)"
20996823076,2528,454399,103,1,1,128,1,1,16,0.000,0.000,,,,,NVIDIA A100-SXM4-40GB MIG 4g.20gb (0),1,,13,cupy_copy__complex64_complex64
20996827140,12960,454409,1434,1,1,128,1,1,16,0.000,0.000,,,,,NVIDIA A100-SXM4-40GB MIG 4g.20gb (0),1,,13,cupy_copy__complex64_complex64
20996841380,2496,454416,103,1,1,128,1,1,16,0.000,0.000,,,,,NVIDIA A100-SXM4-40GB MIG 4g.20gb (0),1,,13,cupy_copy__complex64_complex64
20996845412,79231,454423,1,1,1,32,32,1,30,0.000,0.000,,,,,NVIDIA A100-SXM4-40GB MIG 4g.20gb (0),1,,13,"void convert_kernel<__half2, float2>(tensor_layout_any, T1 *, tensor_layout_any, const T2 *)"
20996952738,5376,454426,,,,,,,,,,0.094,17428.487,Pinned,Device,NVIDIA A100-SXM4-40GB MIG 4g.20gb (0),1,,13,[CUDA memcpy Host-to-Device]
20996964546,46784,454427,,,,,,,,,,35.810,765401.230,Device,,NVIDIA A100-SXM4-40GB MIG 4g.20gb (0),1,,13,[CUDA memset]
20997015714,2048,454429,,,,,,,,,,0.000,39.062,Pinned,Device,NVIDIA A100-SXM4-40GB MIG 4g.20gb (0),1,,13,[CUDA memcpy Host-to-Device]
20997020290,10816,454430,,,,,,,,,,0.197,18177.393,Pinned,Device,NVIDIA A100-SXM4-40GB MIG 4g.20gb (0),1,,13,[CUDA memcpy Host-to-Device]
20997036898,8767,454431,273,1,1,48,1,1,40,0.000,0.001,,,,,NVIDIA A100-SXM4-40GB MIG 4g.20gb (0),1,,13,"void pusch_noise_intf_est::noiseIntfEstNoDftSOfdmKernel<float, __half, float, float, (unsigned int)2, (unsigned int)1, (unsigned char)4, (unsigned char)4>(pusch_noise_intf_est::puschRxNoiseIntfEstDynDescr)"
20997047393,2688,454442,35,1,1,128,1,1,16,0.000,0.000,,,,,NVIDIA A100-SXM4-40GB MIG 4g.20gb (0),1,,13,cupy_copy__complex64_complex64
20997071009,1888,454451,1,1,1,1,1,1,18,0.000,0.000,,,,,NVIDIA A100-SXM4-40GB MIG 4g.20gb (0),1,,13,cupy_copy__float32_float32
20997106209,1600,454457,,,,,,,,,,0.000,2.500,Device,Pageable,NVIDIA A100-SXM4-40GB MIG 4g.20gb (0),1,,7,[CUDA memcpy Device-to-Host]
20997204992,15359,454468,1434,1,1,128,1,1,16,0.000,0.000,,,,,NVIDIA A100-SXM4-40GB MIG 4g.20gb (0),1,,13,cupy_copy__complex64_complex64
20997222431,4480,454475,103,1,1,128,1,1,16,0.000,0.000,,,,,NVIDIA A100-SXM4-40GB MIG 4g.20gb (0),1,,13,cupy_copy__complex64_complex64
20997318398,7264,454482,35,1,1,128,1,1,16,0.000,0.000,,,,,NVIDIA A100-SXM4-40GB MIG 4g.20gb (0),1,,13,cupy_copy__complex64_complex64
20997327102,2720,454489,1,1,1,1,1,1,18,0.000,0.000,,,,,NVIDIA A100-SXM4-40GB MIG 4g.20gb (0),1,,13,cupy_copy__float32_float32
20997378718,181022,454500,1,1,1,32,32,1,30,0.000,0.000,,,,,NVIDIA A100-SXM4-40GB MIG 4g.20gb (0),1,,13,"void convert_kernel<__half2, float2>(tensor_layout_any, T1 *, tensor_layout_any, const T2 *)"
20997588603,5696,454503,,,,,,,,,,0.094,16449.363,Pinned,Device,NVIDIA A100-SXM4-40GB MIG 4g.20gb (0),1,,13,[CUDA memcpy Host-to-Device]
20997602875,3232,454504,,,,,,,,,,1.547,478533.199,Device,,NVIDIA A100-SXM4-40GB MIG 4g.20gb (0),1,,13,[CUDA memset]
20997609243,3040,454509,,,,,,,,,,0.031,10294.725,Pinned,Device,NVIDIA A100-SXM4-40GB MIG 4g.20gb (0),1,,13,[CUDA memcpy Host-to-Device]
20997614715,9376,454510,,,,,,,,,,0.197,20969.226,Pinned,Device,NVIDIA A100-SXM4-40GB MIG 4g.20gb (0),1,,13,[CUDA memcpy Host-to-Device]
20997628475,6944,454511,273,1,1,8,4,1,39,0.002,0.000,,,,,NVIDIA A100-SXM4-40GB MIG 4g.20gb (0),1,,13,"void channel_eq::eqMmseCoefCompLowMimoKernel<float, float, float, (unsigned int)4, (unsigned int)1, (unsigned int)4>(const channel_eq::_puschRxChEqStatDescr *, channel_eq::_puschRxChEqCoefCompDynDescr)"
20997637275,6432,454512,273,1,1,12,11,1,51,0.002,0.000,,,,,NVIDIA A100-SXM4-40GB MIG 4g.20gb (0),1,,13,"void channel_eq::eqMmseSoftDemapKernel<float, __half, __half, float, (unsigned int)4, (unsigned short)16383>(channel_eq::_puschRxChEqStatDescr *, channel_eq::_puschRxChEqSoftDemapDynDescr)"
20997646139,304732,454513,1,1,1,32,32,1,30,0.000,0.000,,,,,NVIDIA A100-SXM4-40GB MIG 4g.20gb (0),1,,13,"void convert_kernel<float2, __half2>(tensor_layout_any, T1 *, tensor_layout_any, const T2 *)"
20997993047,15360,454525,2253,1,1,128,1,1,16,0.000,0.000,,,,,NVIDIA A100-SXM4-40GB MIG 4g.20gb (0),1,,13,cupy_copy__float16_float16
20998011415,3712,454534,282,1,1,128,1,1,16,0.000,0.000,,,,,NVIDIA A100-SXM4-40GB MIG 4g.20gb (0),1,,13,cupy_copy__complex64_complex64
20998018295,3968,454543,26,1,1,128,1,1,16,0.000,0.000,,,,,NVIDIA A100-SXM4-40GB MIG 4g.20gb (0),1,,13,cupy_copy__float32_float32
20998174901,6272,454552,103,1,1,128,1,1,16,0.000,0.000,,,,,NVIDIA A100-SXM4-40GB MIG 4g.20gb (0),1,,13,cupy_copy__complex64_complex64
20998182869,16544,454562,1434,1,1,128,1,1,16,0.000,0.000,,,,,NVIDIA A100-SXM4-40GB MIG 4g.20gb (0),1,,13,cupy_copy__complex64_complex64
20998201397,79359,454567,1,1,1,32,32,1,30,0.000,0.000,,,,,NVIDIA A100-SXM4-40GB MIG 4g.20gb (0),1,,13,"void convert_kernel<__half2, float2>(tensor_layout_any, T1 *, tensor_layout_any, const T2 *)"
20998308819,5344,454570,,,,,,,,,,0.094,17532.864,Pinned,Device,NVIDIA A100-SXM4-40GB MIG 4g.20gb (0),1,,13,[CUDA memcpy Host-to-Device]
20998329171,605625,454571,,,,,,,,,,456.561,753782.937,Device,,NVIDIA A100-SXM4-40GB MIG 4g.20gb (0),1,,13,[CUDA memset]
20998941420,49024,454576,,,,,,,,,,1.235,25190.388,Pinned,Device,NVIDIA A100-SXM4-40GB MIG 4g.20gb (0),1,,13,[CUDA memcpy Host-to-Device]
20998992972,9344,454577,,,,,,,,,,0.197,21040.988,Pinned,Device,NVIDIA A100-SXM4-40GB MIG 4g.20gb (0),1,,13,[CUDA memcpy Host-to-Device]
20999006252,7231,454578,69,4,1,48,1,1,76,0.002,0.000,,,,,NVIDIA A100-SXM4-40GB MIG 4g.20gb (0),1,,13,"void ch_est::windowedChEstPreNoDftSOfdmKernel<float, __half, float, (unsigned int)2, (unsigned int)1, (unsigned short)4>(ch_est::puschRxChEstStatDescr_t *, ch_est::puschRxChEstDynDescr_t *)"
20999015563,6592,454579,137,2,1,24,2,1,44,0.001,0.001,,,,,NVIDIA A100-SXM4-40GB MIG 4g.20gb (0),1,,13,"void ch_est::chEstFilterNoDftSOfdmDispatchKernel<float, __half, float, (unsigned int)2>(ch_est::puschRxChEstStatDescr_t *, ch_est::puschRxChEstDynDescr_t *)"
20999024203,5024,454580,137,2,1,24,2,1,44,0.001,0.001,,,,,NVIDIA A100-SXM4-40GB MIG 4g.20gb (0),1,,13,"void ch_est::chEstFilterNoDftSOfdmDispatchKernel<float, __half, float, (unsigned int)2>(ch_est::puschRxChEstStatDescr_t *, ch_est::puschRxChEstDynDescr_t *)"
20999030603,2560,454591,103,1,1,128,1,1,16,0.000,0.000,,,,,NVIDIA A100-SXM4-40GB MIG 4g.20gb (0),1,,13,cupy_copy__complex64_complex64
20999034667,13216,454601,1434,1,1,128,1,1,16,0.000,0.000,,,,,NVIDIA A100-SXM4-40GB MIG 4g.20gb (0),1,,13,cupy_copy__complex64_complex64
20999049771,2528,454608,103,1,1,128,1,1,16,0.000,0.000,,,,,NVIDIA A100-SXM4-40GB MIG 4g.20gb (0),1,,13,cupy_copy__complex64_complex64
20999054123,79551,454615,1,1,1,32,32,1,30,0.000,0.000,,,,,NVIDIA A100-SXM4-40GB MIG 4g.20gb (0),1,,13,"void convert_kernel<__half2, float2>(tensor_layout_any, T1 *, tensor_layout_any, const T2 *)"
20999161770,5440,454618,,,,,,,,,,0.094,17223.480,Pinned,Device,NVIDIA A100-SXM4-40GB MIG 4g.20gb (0),1,,13,[CUDA memcpy Host-to-Device]
20999174090,45855,454619,,,,,,,,,,35.810,780906.925,Device,,NVIDIA A100-SXM4-40GB MIG 4g.20gb (0),1,,13,[CUDA memset]
20999227273,1888,454621,,,,,,,,,,0.000,42.373,Pinned,Device,NVIDIA A100-SXM4-40GB MIG 4g.20gb (0),1,,13,[CUDA memcpy Host-to-Device]
20999231593,9408,454622,,,,,,,,,,0.197,20897.858,Pinned,Device,NVIDIA A100-SXM4-40GB MIG 4g.20gb (0),1,,13,[CUDA memcpy Host-to-Device]
20999245097,8896,454623,273,1,1,48,1,1,40,0.000,0.001,,,,,NVIDIA A100-SXM4-40GB MIG 4g.20gb (0),1,,13,"void pusch_noise_intf_est::noiseIntfEstNoDftSOfdmKernel<float, __half, float, float, (unsigned int)2, (unsigned int)1, (unsigned char)4, (unsigned char)4>(pusch_noise_intf_est::puschRxNoiseIntfEstDynDescr)"
20999256137,2912,454634,35,1,1,128,1,1,16,0.000,0.000,,,,,NVIDIA A100-SXM4-40GB MIG 4g.20gb (0),1,,13,cupy_copy__complex64_complex64
20999279721,1887,454643,1,1,1,1,1,1,18,0.000,0.000,,,,,NVIDIA A100-SXM4-40GB MIG 4g.20gb (0),1,,13,cupy_copy__float32_float32
20999313864,1600,454649,,,,,,,,,,0.000,2.500,Device,Pageable,NVIDIA A100-SXM4-40GB MIG 4g.20gb (0),1,,7,[CUDA memcpy Device-to-Host]
20999373703,13472,454660,1434,1,1,128,1,1,16,0.000,0.000,,,,,NVIDIA A100-SXM4-40GB MIG 4g.20gb (0),1,,13,cupy_copy__complex64_complex64
20999411623,2720,454667,103,1,1,128,1,1,16,0.000,0.000,,,,,NVIDIA A100-SXM4-40GB MIG 4g.20gb (0),1,,13,cupy_copy__complex64_complex64
20999432039,2240,454674,35,1,1,128,1,1,16,0.000,0.000,,,,,NVIDIA A100-SXM4-40GB MIG 4g.20gb (0),1,,13,cupy_copy__complex64_complex64
20999450471,1856,454681,1,1,1,1,1,1,18,0.000,0.000,,,,,NVIDIA A100-SXM4-40GB MIG 4g.20gb (0),1,,13,cupy_copy__float32_float32
20999585669,79583,454692,1,1,1,32,32,1,30,0.000,0.000,,,,,NVIDIA A100-SXM4-40GB MIG 4g.20gb (0),1,,13,"void convert_kernel<__half2, float2>(tensor_layout_any, T1 *, tensor_layout_any, const T2 *)"
20999694564,5408,454695,,,,,,,,,,0.094,17325.421,Pinned,Device,NVIDIA A100-SXM4-40GB MIG 4g.20gb (0),1,,13,[CUDA memcpy Host-to-Device]
20999708676,3264,454696,,,,,,,,,,1.547,473842.288,Device,,NVIDIA A100-SXM4-40GB MIG 4g.20gb (0),1,,13,[CUDA memset]
20999714436,3040,454701,,,,,,,,,,0.031,10294.725,Pinned,Device,NVIDIA A100-SXM4-40GB MIG 4g.20gb (0),1,,13,[CUDA memcpy Host-to-Device]
20999719908,9344,454702,,,,,,,,,,0.197,21040.988,Pinned,Device,NVIDIA A100-SXM4-40GB MIG 4g.20gb (0),1,,13,[CUDA memcpy Host-to-Device]
20999735395,6016,454703,273,1,1,8,4,1,39,0.002,0.000,,,,,NVIDIA A100-SXM4-40GB MIG 4g.20gb (0),1,,13,"void channel_eq::eqMmseCoefCompLowMimoKernel<float, float, float, (unsigned int)4, (unsigned int)1, (unsigned int)4>(const channel_eq::_puschRxChEqStatDescr *, channel_eq::_puschRxChEqCoefCompDynDescr)"
20999820610,11104,454704,273,1,1,12,11,1,51,0.002,0.000,,,,,NVIDIA A100-SXM4-40GB MIG 4g.20gb (0),1,,13,"void channel_eq::eqMmseSoftDemapKernel<float, __half, __half, float, (unsigned int)4, (unsigned short)16383>(channel_eq::_puschRxChEqStatDescr *, channel_eq::_puschRxChEqSoftDemapDynDescr)"
20999835586,551962,454705,1,1,1,32,32,1,30,0.000,0.000,,,,,NVIDIA A100-SXM4-40GB MIG 4g.20gb (0),1,,13,"void convert_kernel<float2, __half2>(tensor_layout_any, T1 *, tensor_layout_any, const T2 *)"
21000421948,14240,454717,2253,1,1,128,1,1,16,0.000,0.000,,,,,NVIDIA A100-SXM4-40GB MIG 4g.20gb (0),1,,13,cupy_copy__float16_float16
21000438652,3584,454726,282,1,1,128,1,1,16,0.000,0.000,,,,,NVIDIA A100-SXM4-40GB MIG 4g.20gb (0),1,,13,cupy_copy__complex64_complex64
21000524731,5728,454735,26,1,1,128,1,1,16,0.000,0.000,,,,,NVIDIA A100-SXM4-40GB MIG 4g.20gb (0),1,,13,cupy_copy__float32_float32
21000532507,4063,454744,103,1,1,128,1,1,16,0.000,0.000,,,,,NVIDIA A100-SXM4-40GB MIG 4g.20gb (0),1,,13,cupy_copy__complex64_complex64
21000615578,17503,454754,1434,1,1,128,1,1,16,0.000,0.000,,,,,NVIDIA A100-SXM4-40GB MIG 4g.20gb (0),1,,13,cupy_copy__complex64_complex64
21000750936,271101,454759,1,1,1,32,32,1,30,0.000,0.000,,,,,NVIDIA A100-SXM4-40GB MIG 4g.20gb (0),1,,13,"void convert_kernel<__half2, float2>(tensor_layout_any, T1 *, tensor_layout_any, const T2 *)"
21001052053,6240,454762,,,,,,,,,,0.094,15015.346,Pinned,Device,NVIDIA A100-SXM4-40GB MIG 4g.20gb (0),1,,13,[CUDA memcpy Host-to-Device]
21001137524,604761,454763,,,,,,,,,,456.561,754696.060,Device,,NVIDIA A100-SXM4-40GB MIG 4g.20gb (0),1,,13,[CUDA memset]
21001745357,50271,454768,,,,,,,,,,1.235,24565.506,Pinned,Device,NVIDIA A100-SXM4-40GB MIG 4g.20gb (0),1,,13,[CUDA memcpy Host-to-Device]
21001798060,9760,454769,,,,,,,,,,0.197,20144.259,Pinned,Device,NVIDIA A100-SXM4-40GB MIG 4g.20gb (0),1,,13,[CUDA memcpy Host-to-Device]
21001818508,8512,454770,69,4,1,48,1,1,76,0.002,0.000,,,,,NVIDIA A100-SXM4-40GB MIG 4g.20gb (0),1,,13,"void ch_est::windowedChEstPreNoDftSOfdmKernel<float, __half, float, (unsigned int)2, (unsigned int)1, (unsigned short)4>(ch_est::puschRxChEstStatDescr_t *, ch_est::puschRxChEstDynDescr_t *)"
21001831596,6560,454771,137,2,1,24,2,1,44,0.001,0.001,,,,,NVIDIA A100-SXM4-40GB MIG 4g.20gb (0),1,,13,"void ch_est::chEstFilterNoDftSOfdmDispatchKernel<float, __half, float, (unsigned int)2>(ch_est::puschRxChEstStatDescr_t *, ch_est::puschRxChEstDynDescr_t *)"
21001840492,5376,454772,137,2,1,24,2,1,44,0.001,0.001,,,,,NVIDIA A100-SXM4-40GB MIG 4g.20gb (0),1,,13,"void ch_est::chEstFilterNoDftSOfdmDispatchKernel<float, __half, float, (unsigned int)2>(ch_est::puschRxChEstStatDescr_t *, ch_est::puschRxChEstDynDescr_t *)"
21001847916,2560,454783,103,1,1,128,1,1,16,0.000,0.000,,,,,NVIDIA A100-SXM4-40GB MIG 4g.20gb (0),1,,13,cupy_copy__complex64_complex64
21001852012,12800,454793,1434,1,1,128,1,1,16,0.000,0.000,,,,,NVIDIA A100-SXM4-40GB MIG 4g.20gb (0),1,,13,cupy_copy__complex64_complex64
21001866476,2496,454800,103,1,1,128,1,1,16,0.000,0.000,,,,,NVIDIA A100-SXM4-40GB MIG 4g.20gb (0),1,,13,cupy_copy__complex64_complex64
21001870764,79263,454807,1,1,1,32,32,1,30,0.000,0.000,,,,,NVIDIA A100-SXM4-40GB MIG 4g.20gb (0),1,,13,"void convert_kernel<__half2, float2>(tensor_layout_any, T1 *, tensor_layout_any, const T2 *)"
21002027786,5696,454810,,,,,,,,,,0.094,16449.363,Pinned,Device,NVIDIA A100-SXM4-40GB MIG 4g.20gb (0),1,,13,[CUDA memcpy Host-to-Device]
21002037898,46719,454811,,,,,,,,,,35.810,766475.528,Device,,NVIDIA A100-SXM4-40GB MIG 4g.20gb (0),1,,13,[CUDA memset]
21002092393,1856,454813,,,,,,,,,,0.000,43.103,Pinned,Device,NVIDIA A100-SXM4-40GB MIG 4g.20gb (0),1,,13,[CUDA memcpy Host-to-Device]
21002096681,10560,454814,,,,,,,,,,0.197,18617.991,Pinned,Device,NVIDIA A100-SXM4-40GB MIG 4g.20gb (0),1,,13,[CUDA memcpy Host-to-Device]
21002111145,9216,454815,273,1,1,48,1,1,40,0.000,0.001,,,,,NVIDIA A100-SXM4-40GB MIG 4g.20gb (0),1,,13,"void pusch_noise_intf_est::noiseIntfEstNoDftSOfdmKernel<float, __half, float, float, (unsigned int)2, (unsigned int)1, (unsigned char)4, (unsigned char)4>(pusch_noise_intf_est::puschRxNoiseIntfEstDynDescr)"
21002122825,2880,454826,35,1,1,128,1,1,16,0.000,0.000,,,,,NVIDIA A100-SXM4-40GB MIG 4g.20gb (0),1,,13,cupy_copy__complex64_complex64
21002127881,1856,454835,1,1,1,1,1,1,18,0.000,0.000,,,,,NVIDIA A100-SXM4-40GB MIG 4g.20gb (0),1,,13,cupy_copy__float32_float32
21002140521,1568,454841,,,,,,,,,,0.000,2.551,Device,Pageable,NVIDIA A100-SXM4-40GB MIG 4g.20gb (0),1,,7,[CUDA memcpy Device-to-Host]
21002203176,13440,454852,1434,1,1,128,1,1,16,0.000,0.000,,,,,NVIDIA A100-SXM4-40GB MIG 4g.20gb (0),1,,13,cupy_copy__complex64_complex64
21002229864,2720,454859,103,1,1,128,1,1,16,0.000,0.000,,,,,NVIDIA A100-SXM4-40GB MIG 4g.20gb (0),1,,13,cupy_copy__complex64_complex64
21002250471,2208,454866,35,1,1,128,1,1,16,0.000,0.000,,,,,NVIDIA A100-SXM4-40GB MIG 4g.20gb (0),1,,13,cupy_copy__complex64_complex64
21002269127,1856,454873,1,1,1,1,1,1,18,0.000,0.000,,,,,NVIDIA A100-SXM4-40GB MIG 4g.20gb (0),1,,13,cupy_copy__float32_float32
21002406022,79647,454884,1,1,1,32,32,1,30,0.000,0.000,,,,,NVIDIA A100-SXM4-40GB MIG 4g.20gb (0),1,,13,"void convert_kernel<__half2, float2>(tensor_layout_any, T1 *, tensor_layout_any, const T2 *)"
21002514340,5632,454887,,,,,,,,,,0.094,16636.287,Pinned,Device,NVIDIA A100-SXM4-40GB MIG 4g.20gb (0),1,,13,[CUDA memcpy Host-to-Device]
21002528996,3168,454888,,,,,,,,,,1.547,488201.145,Device,,NVIDIA A100-SXM4-40GB MIG 4g.20gb (0),1,,13,[CUDA memset]
21002535332,3072,454893,,,,,,,,,,0.031,10187.474,Pinned,Device,NVIDIA A100-SXM4-40GB MIG 4g.20gb (0),1,,13,[CUDA memcpy Host-to-Device]
21002540804,9376,454894,,,,,,,,,,0.197,20969.226,Pinned,Device,NVIDIA A100-SXM4-40GB MIG 4g.20gb (0),1,,13,[CUDA memcpy Host-to-Device]
21002554852,6208,454895,273,1,1,8,4,1,39,0.002,0.000,,,,,NVIDIA A100-SXM4-40GB MIG 4g.20gb (0),1,,13,"void channel_eq::eqMmseCoefCompLowMimoKernel<float, float, float, (unsigned int)4, (unsigned int)1, (unsigned int)4>(const channel_eq::_puschRxChEqStatDescr *, channel_eq::_puschRxChEqCoefCompDynDescr)"
21002562532,6432,454896,273,1,1,12,11,1,51,0.002,0.000,,,,,NVIDIA A100-SXM4-40GB MIG 4g.20gb (0),1,,13,"void channel_eq::eqMmseSoftDemapKernel<float, __half, __half, float, (unsigned int)4, (unsigned short)16383>(channel_eq::_puschRxChEqStatDescr *, channel_eq::_puschRxChEqSoftDemapDynDescr)"
21002571140,281469,454897,1,1,1,32,32,1,30,0.000,0.000,,,,,NVIDIA A100-SXM4-40GB MIG 4g.20gb (0),1,,13,"void convert_kernel<float2, __half2>(tensor_layout_any, T1 *, tensor_layout_any, const T2 *)"
21002854113,10688,454909,2253,1,1,128,1,1,16,0.000,0.000,,,,,NVIDIA A100-SXM4-40GB MIG 4g.20gb (0),1,,13,cupy_copy__float16_float16
21002866817,2815,454918,282,1,1,128,1,1,16,0.000,0.000,,,,,NVIDIA A100-SXM4-40GB MIG 4g.20gb (0),1,,13,cupy_copy__complex64_complex64
21002871424,2112,454927,26,1,1,128,1,1,16,0.000,0.000,,,,,NVIDIA A100-SXM4-40GB MIG 4g.20gb (0),1,,13,cupy_copy__float32_float32
21002875552,2880,454936,103,1,1,128,1,1,16,0.000,0.000,,,,,NVIDIA A100-SXM4-40GB MIG 4g.20gb (0),1,,13,cupy_copy__complex64_complex64
21002880000,11744,454946,1434,1,1,128,1,1,16,0.000,0.000,,,,,NVIDIA A100-SXM4-40GB MIG 4g.20gb (0),1,,13,cupy_copy__complex64_complex64
21002914336,79647,454951,1,1,1,32,32,1,30,0.000,0.000,,,,,NVIDIA A100-SXM4-40GB MIG 4g.20gb (0),1,,13,"void convert_kernel<__half2, float2>(tensor_layout_any, T1 *, tensor_layout_any, const T2 *)"
21003022815,5344,454954,,,,,,,,,,0.094,17532.864,Pinned,Device,NVIDIA A100-SXM4-40GB MIG 4g.20gb (0),1,,13,[CUDA memcpy Host-to-Device]
21003032255,601017,454955,,,,,,,,,,456.561,759261.675,Device,,NVIDIA A100-SXM4-40GB MIG 4g.20gb (0),1,,13,[CUDA memset]
21003636088,50175,454960,,,,,,,,,,1.235,24612.434,Pinned,Device,NVIDIA A100-SXM4-40GB MIG 4g.20gb (0),1,,13,[CUDA memcpy Host-to-Device]
21003688759,10016,454961,,,,,,,,,,0.197,19629.343,Pinned,Device,NVIDIA A100-SXM4-40GB MIG 4g.20gb (0),1,,13,[CUDA memcpy Host-to-Device]
21003773174,13280,454962,69,4,1,48,1,1,76,0.002,0.000,,,,,NVIDIA A100-SXM4-40GB MIG 4g.20gb (0),1,,13,"void ch_est::windowedChEstPreNoDftSOfdmKernel<float, __half, float, (unsigned int)2, (unsigned int)1, (unsigned short)4>(ch_est::puschRxChEstStatDescr_t *, ch_est::puschRxChEstDynDescr_t *)"
21003788534,8768,454963,137,2,1,24,2,1,44,0.001,0.001,,,,,NVIDIA A100-SXM4-40GB MIG 4g.20gb (0),1,,13,"void ch_est::chEstFilterNoDftSOfdmDispatchKernel<float, __half, float, (unsigned int)2>(ch_est::puschRxChEstStatDescr_t *, ch_est::puschRxChEstDynDescr_t *)"
21003936949,15455,454964,137,2,1,24,2,1,44,0.001,0.001,,,,,NVIDIA A100-SXM4-40GB MIG 4g.20gb (0),1,,13,"void ch_est::chEstFilterNoDftSOfdmDispatchKernel<float, __half, float, (unsigned int)2>(ch_est::puschRxChEstStatDescr_t *, ch_est::puschRxChEstDynDescr_t *)"
21003954516,3136,454975,103,1,1,128,1,1,16,0.000,0.000,,,,,NVIDIA A100-SXM4-40GB MIG 4g.20gb (0),1,,13,cupy_copy__complex64_complex64
21003960148,13184,454985,1434,1,1,128,1,1,16,0.000,0.000,,,,,NVIDIA A100-SXM4-40GB MIG 4g.20gb (0),1,,13,cupy_copy__complex64_complex64
21003974740,2496,454992,103,1,1,128,1,1,16,0.000,0.000,,,,,NVIDIA A100-SXM4-40GB MIG 4g.20gb (0),1,,13,cupy_copy__complex64_complex64
21003979700,79679,454999,1,1,1,32,32,1,30,0.000,0.000,,,,,NVIDIA A100-SXM4-40GB MIG 4g.20gb (0),1,,13,"void convert_kernel<__half2, float2>(tensor_layout_any, T1 *, tensor_layout_any, const T2 *)"
21004089171,5312,455002,,,,,,,,,,0.094,17638.553,Pinned,Device,NVIDIA A100-SXM4-40GB MIG 4g.20gb (0),1,,13,[CUDA memcpy Host-to-Device]
21004100979,48543,455003,,,,,,,,,,35.810,737684.352,Device,,NVIDIA A100-SXM4-40GB MIG 4g.20gb (0),1,,13,[CUDA memset]
21004167410,1920,455005,,,,,,,,,,0.000,41.667,Pinned,Device,NVIDIA A100-SXM4-40GB MIG 4g.20gb (0),1,,13,[CUDA memcpy Host-to-Device]
21004171730,9696,455006,,,,,,,,,,0.197,20277.166,Pinned,Device,NVIDIA A100-SXM4-40GB MIG 4g.20gb (0),1,,13,[CUDA memcpy Host-to-Device]
21004186002,9056,455007,273,1,1,48,1,1,40,0.000,0.001,,,,,NVIDIA A100-SXM4-40GB MIG 4g.20gb (0),1,,13,"void pusch_noise_intf_est::noiseIntfEstNoDftSOfdmKernel<float, __half, float, float, (unsigned int)2, (unsigned int)1, (unsigned char)4, (unsigned char)4>(pusch_noise_intf_est::puschRxNoiseIntfEstDynDescr)"
21004198098,2880,455018,35,1,1,128,1,1,16,0.000,0.000,,,,,NVIDIA A100-SXM4-40GB MIG 4g.20gb (0),1,,13,cupy_copy__complex64_complex64
21004208658,2304,455027,1,1,1,1,1,1,18,0.000,0.000,,,,,NVIDIA A100-SXM4-40GB MIG 4g.20gb (0),1,,13,cupy_copy__float32_float32
21004253169,1632,455033,,,,,,,,,,0.000,2.451,Device,Pageable,NVIDIA A100-SXM4-40GB MIG 4g.20gb (0),1,,7,[CUDA memcpy Device-to-Host]
21004381936,16703,455044,1434,1,1,128,1,1,16,0.000,0.000,,,,,NVIDIA A100-SXM4-40GB MIG 4g.20gb (0),1,,13,cupy_copy__complex64_complex64
21004400463,4768,455051,103,1,1,128,1,1,16,0.000,0.000,,,,,NVIDIA A100-SXM4-40GB MIG 4g.20gb (0),1,,13,cupy_copy__complex64_complex64
21004407215,4096,455058,35,1,1,128,1,1,16,0.000,0.000,,,,,NVIDIA A100-SXM4-40GB MIG 4g.20gb (0),1,,13,cupy_copy__complex64_complex64
21004483502,3232,455065,1,1,1,1,1,1,18,0.000,0.000,,,,,NVIDIA A100-SXM4-40GB MIG 4g.20gb (0),1,,13,cupy_copy__float32_float32
21004514990,251613,455076,1,1,1,32,32,1,30,0.000,0.000,,,,,NVIDIA A100-SXM4-40GB MIG 4g.20gb (0),1,,13,"void convert_kernel<__half2, float2>(tensor_layout_any, T1 *, tensor_layout_any, const T2 *)"
21004795691,5920,455079,,,,,,,,,,0.094,15826.941,Pinned,Device,NVIDIA A100-SXM4-40GB MIG 4g.20gb (0),1,,13,[CUDA memcpy Host-to-Device]
21004852202,4416,455080,,,,,,,,,,1.547,350231.458,Device,,NVIDIA A100-SXM4-40GB MIG 4g.20gb (0),1,,13,[CUDA memset]
21004864330,3648,455085,,,,,,,,,,0.031,8578.922,Pinned,Device,NVIDIA A100-SXM4-40GB MIG 4g.20gb (0),1,,13,[CUDA memcpy Host-to-Device]
21004870794,9824,455086,,,,,,,,,,0.197,20012.925,Pinned,Device,NVIDIA A100-SXM4-40GB MIG 4g.20gb (0),1,,13,[CUDA memcpy Host-to-Device]
21004932297,10272,455087,273,1,1,8,4,1,39,0.002,0.000,,,,,NVIDIA A100-SXM4-40GB MIG 4g.20gb (0),1,,13,"void channel_eq::eqMmseCoefCompLowMimoKernel<float, float, float, (unsigned int)4, (unsigned int)1, (unsigned int)4>(const channel_eq::_puschRxChEqStatDescr *, channel_eq::_puschRxChEqCoefCompDynDescr)"
21005012457,10527,455088,273,1,1,12,11,1,51,0.002,0.000,,,,,NVIDIA A100-SXM4-40GB MIG 4g.20gb (0),1,,13,"void channel_eq::eqMmseSoftDemapKernel<float, __half, __half, float, (unsigned int)4, (unsigned short)16383>(channel_eq::_puschRxChEqStatDescr *, channel_eq::_puschRxChEqSoftDemapDynDescr)"
21005092968,613081,455089,1,1,1,32,32,1,30,0.000,0.000,,,,,NVIDIA A100-SXM4-40GB MIG 4g.20gb (0),1,,13,"void convert_kernel<float2, __half2>(tensor_layout_any, T1 *, tensor_layout_any, const T2 *)"
21005707393,12160,455101,2253,1,1,128,1,1,16,0.000,0.000,,,,,NVIDIA A100-SXM4-40GB MIG 4g.20gb (0),1,,13,cupy_copy__float16_float16
21005721345,3680,455110,282,1,1,128,1,1,16,0.000,0.000,,,,,NVIDIA A100-SXM4-40GB MIG 4g.20gb (0),1,,13,cupy_copy__complex64_complex64
21005726625,2272,455119,26,1,1,128,1,1,16,0.000,0.000,,,,,NVIDIA A100-SXM4-40GB MIG 4g.20gb (0),1,,13,cupy_copy__float32_float32
21005730657,3200,455128,103,1,1,128,1,1,16,0.000,0.000,,,,,NVIDIA A100-SXM4-40GB MIG 4g.20gb (0),1,,13,cupy_copy__complex64_complex64
21005735905,12031,455138,1434,1,1,128,1,1,16,0.000,0.000,,,,,NVIDIA A100-SXM4-40GB MIG 4g.20gb (0),1,,13,cupy_copy__complex64_complex64
21005749760,80831,455143,1,1,1,32,32,1,30,0.000,0.000,,,,,NVIDIA A100-SXM4-40GB MIG 4g.20gb (0),1,,13,"void convert_kernel<__half2, float2>(tensor_layout_any, T1 *, tensor_layout_any, const T2 *)"
21005859775,5344,455146,,,,,,,,,,0.094,17532.864,Pinned,Device,NVIDIA A100-SXM4-40GB MIG 4g.20gb (0),1,,13,[CUDA memcpy Host-to-Device]
21005869407,603801,455147,,,,,,,,,,456.561,756065.745,Device,,NVIDIA A100-SXM4-40GB MIG 4g.20gb (0),1,,13,[CUDA memset]
21006480152,50816,455152,,,,,,,,,,1.235,24301.228,Pinned,Device,NVIDIA A100-SXM4-40GB MIG 4g.20gb (0),1,,13,[CUDA memcpy Host-to-Device]
21006533496,10016,455153,,,,,,,,,,0.197,19629.343,Pinned,Device,NVIDIA A100-SXM4-40GB MIG 4g.20gb (0),1,,13,[CUDA memcpy Host-to-Device]
21006552215,10848,455154,69,4,1,48,1,1,76,0.002,0.000,,,,,NVIDIA A100-SXM4-40GB MIG 4g.20gb (0),1,,13,"void ch_est::windowedChEstPreNoDftSOfdmKernel<float, __half, float, (unsigned int)2, (unsigned int)1, (unsigned short)4>(ch_est::puschRxChEstStatDescr_t *, ch_est::puschRxChEstDynDescr_t *)"
21006564855,7840,455155,137,2,1,24,2,1,44,0.001,0.001,,,,,NVIDIA A100-SXM4-40GB MIG 4g.20gb (0),1,,13,"void ch_est::chEstFilterNoDftSOfdmDispatchKernel<float, __half, float, (unsigned int)2>(ch_est::puschRxChEstStatDescr_t *, ch_est::puschRxChEstDynDescr_t *)"
21006647478,12064,455156,137,2,1,24,2,1,44,0.001,0.001,,,,,NVIDIA A100-SXM4-40GB MIG 4g.20gb (0),1,,13,"void ch_est::chEstFilterNoDftSOfdmDispatchKernel<float, __half, float, (unsigned int)2>(ch_est::puschRxChEstStatDescr_t *, ch_est::puschRxChEstDynDescr_t *)"
21006664438,3136,455167,103,1,1,128,1,1,16,0.000,0.000,,,,,NVIDIA A100-SXM4-40GB MIG 4g.20gb (0),1,,13,cupy_copy__complex64_complex64
21006669494,12992,455177,1434,1,1,128,1,1,16,0.000,0.000,,,,,NVIDIA A100-SXM4-40GB MIG 4g.20gb (0),1,,13,cupy_copy__complex64_complex64
21006684662,2528,455184,103,1,1,128,1,1,16,0.000,0.000,,,,,NVIDIA A100-SXM4-40GB MIG 4g.20gb (0),1,,13,cupy_copy__complex64_complex64
21006688694,209182,455191,1,1,1,32,32,1,30,0.000,0.000,,,,,NVIDIA A100-SXM4-40GB MIG 4g.20gb (0),1,,13,"void convert_kernel<__half2, float2>(tensor_layout_any, T1 *, tensor_layout_any, const T2 *)"
21006927059,5728,455194,,,,,,,,,,0.094,16357.541,Pinned,Device,NVIDIA A100-SXM4-40GB MIG 4g.20gb (0),1,,13,[CUDA memcpy Host-to-Device]
21006963027,53663,455195,,,,,,,,,,35.810,667282.049,Device,,NVIDIA A100-SXM4-40GB MIG 4g.20gb (0),1,,13,[CUDA memset]
21007021586,2912,455197,,,,,,,,,,0.000,27.472,Pinned,Device,NVIDIA A100-SXM4-40GB MIG 4g.20gb (0),1,,13,[CUDA memcpy Host-to-Device]
21007026930,9696,455198,,,,,,,,,,0.197,20277.166,Pinned,Device,NVIDIA A100-SXM4-40GB MIG 4g.20gb (0),1,,13,[CUDA memcpy Host-to-Device]
21007089937,13376,455199,273,1,1,48,1,1,40,0.000,0.001,,,,,NVIDIA A100-SXM4-40GB MIG 4g.20gb (0),1,,13,"void pusch_noise_intf_est::noiseIntfEstNoDftSOfdmKernel<float, __half, float, float, (unsigned int)2, (unsigned int)1, (unsigned char)4, (unsigned char)4>(pusch_noise_intf_est::puschRxNoiseIntfEstDynDescr)"
21007176656,6592,455210,35,1,1,128,1,1,16,0.000,0.000,,,,,NVIDIA A100-SXM4-40GB MIG 4g.20gb (0),1,,13,cupy_copy__complex64_complex64
21007186288,2752,455219,1,1,1,1,1,1,18,0.000,0.000,,,,,NVIDIA A100-SXM4-40GB MIG 4g.20gb (0),1,,13,cupy_copy__float32_float32
21007191248,1568,455225,,,,,,,,,,0.000,2.551,Device,Pageable,NVIDIA A100-SXM4-40GB MIG 4g.20gb (0),1,,7,[CUDA memcpy Device-to-Host]
21007263407,22816,455236,1434,1,1,128,1,1,16,0.000,0.000,,,,,NVIDIA A100-SXM4-40GB MIG 4g.20gb (0),1,,13,cupy_copy__complex64_complex64
21007354798,7936,455243,103,1,1,128,1,1,16,0.000,0.000,,,,,NVIDIA A100-SXM4-40GB MIG 4g.20gb (0),1,,13,cupy_copy__complex64_complex64
21007365422,3296,455250,35,1,1,128,1,1,16,0.000,0.000,,,,,NVIDIA A100-SXM4-40GB MIG 4g.20gb (0),1,,13,cupy_copy__complex64_complex64
21007442573,4768,455257,1,1,1,1,1,1,18,0.000,0.000,,,,,NVIDIA A100-SXM4-40GB MIG 4g.20gb (0),1,,13,cupy_copy__float32_float32
21007454605,319613,455268,1,1,1,32,32,1,30,0.000,0.000,,,,,NVIDIA A100-SXM4-40GB MIG 4g.20gb (0),1,,13,"void convert_kernel<__half2, float2>(tensor_layout_any, T1 *, tensor_layout_any, const T2 *)"
21007803497,6144,455271,,,,,,,,,,0.094,15249.961,Pinned,Device,NVIDIA A100-SXM4-40GB MIG 4g.20gb (0),1,,13,[CUDA memcpy Host-to-Device]
21007817641,3584,455272,,,,,,,,,,1.547,431534.389,Device,,NVIDIA A100-SXM4-40GB MIG 4g.20gb (0),1,,13,[CUDA memset]
21007823945,3040,455277,,,,,,,,,,0.031,10294.725,Pinned,Device,NVIDIA A100-SXM4-40GB MIG 4g.20gb (0),1,,13,[CUDA memcpy Host-to-Device]
21007830281,10656,455278,,,,,,,,,,0.197,18450.285,Pinned,Device,NVIDIA A100-SXM4-40GB MIG 4g.20gb (0),1,,13,[CUDA memcpy Host-to-Device]
21007845833,7008,455279,273,1,1,8,4,1,39,0.002,0.000,,,,,NVIDIA A100-SXM4-40GB MIG 4g.20gb (0),1,,13,"void channel_eq::eqMmseCoefCompLowMimoKernel<float, float, float, (unsigned int)4, (unsigned int)1, (unsigned int)4>(const channel_eq::_puschRxChEqStatDescr *, channel_eq::_puschRxChEqCoefCompDynDescr)"
21007854633,7072,455280,273,1,1,12,11,1,51,0.002,0.000,,,,,NVIDIA A100-SXM4-40GB MIG 4g.20gb (0),1,,13,"void channel_eq::eqMmseSoftDemapKernel<float, __half, __half, float, (unsigned int)4, (unsigned short)16383>(channel_eq::_puschRxChEqStatDescr *, channel_eq::_puschRxChEqSoftDemapDynDescr)"
21007863177,409659,455281,1,1,1,32,32,1,30,0.000,0.000,,,,,NVIDIA A100-SXM4-40GB MIG 4g.20gb (0),1,,13,"void convert_kernel<float2, __half2>(tensor_layout_any, T1 *, tensor_layout_any, const T2 *)"
21008275460,12416,455293,2253,1,1,128,1,1,16,0.000,0.000,,,,,NVIDIA A100-SXM4-40GB MIG 4g.20gb (0),1,,13,cupy_copy__float16_float16
21008289444,3712,455302,282,1,1,128,1,1,16,0.000,0.000,,,,,NVIDIA A100-SXM4-40GB MIG 4g.20gb (0),1,,13,cupy_copy__complex64_complex64
21008295620,2240,455311,26,1,1,128,1,1,16,0.000,0.000,,,,,NVIDIA A100-SXM4-40GB MIG 4g.20gb (0),1,,13,cupy_copy__float32_float32
21008299236,3168,455320,103,1,1,128,1,1,16,0.000,0.000,,,,,NVIDIA A100-SXM4-40GB MIG 4g.20gb (0),1,,13,cupy_copy__complex64_complex64
21008303652,12160,455330,1434,1,1,128,1,1,16,0.000,0.000,,,,,NVIDIA A100-SXM4-40GB MIG 4g.20gb (0),1,,13,cupy_copy__complex64_complex64
21008317188,79167,455335,1,1,1,32,32,1,30,0.000,0.000,,,,,NVIDIA A100-SXM4-40GB MIG 4g.20gb (0),1,,13,"void convert_kernel<__half2, float2>(tensor_layout_any, T1 *, tensor_layout_any, const T2 *)"
21008425571,5343,455338,,,,,,,,,,0.094,17536.143,Pinned,Device,NVIDIA A100-SXM4-40GB MIG 4g.20gb (0),1,,13,[CUDA memcpy Host-to-Device]
21008435394,602074,455339,,,,,,,,,,456.561,757891.990,Device,,NVIDIA A100-SXM4-40GB MIG 4g.20gb (0),1,,13,[CUDA memset]
21009044252,48799,455344,,,,,,,,,,1.235,25306.472,Pinned,Device,NVIDIA A100-SXM4-40GB MIG 4g.20gb (0),1,,13,[CUDA memcpy Host-to-Device]
21009095451,9536,455345,,,,,,,,,,0.197,20617.298,Pinned,Device,NVIDIA A100-SXM4-40GB MIG 4g.20gb (0),1,,13,[CUDA memcpy Host-to-Device]
21009109499,7360,455346,69,4,1,48,1,1,76,0.002,0.000,,,,,NVIDIA A100-SXM4-40GB MIG 4g.20gb (0),1,,13,"void ch_est::windowedChEstPreNoDftSOfdmKernel<float, __half, float, (unsigned int)2, (unsigned int)1, (unsigned short)4>(ch_est::puschRxChEstStatDescr_t *, ch_est::puschRxChEstDynDescr_t *)"
21009119163,6784,455347,137,2,1,24,2,1,44,0.001,0.001,,,,,NVIDIA A100-SXM4-40GB MIG 4g.20gb (0),1,,13,"void ch_est::chEstFilterNoDftSOfdmDispatchKernel<float, __half, float, (unsigned int)2>(ch_est::puschRxChEstStatDescr_t *, ch_est::puschRxChEstDynDescr_t *)"
21009127835,4992,455348,137,2,1,24,2,1,44,0.001,0.001,,,,,NVIDIA A100-SXM4-40GB MIG 4g.20gb (0),1,,13,"void ch_est::chEstFilterNoDftSOfdmDispatchKernel<float, __half, float, (unsigned int)2>(ch_est::puschRxChEstStatDescr_t *, ch_est::puschRxChEstDynDescr_t *)"
21009134779,2528,455359,103,1,1,128,1,1,16,0.000,0.000,,,,,NVIDIA A100-SXM4-40GB MIG 4g.20gb (0),1,,13,cupy_copy__complex64_complex64
21009139451,12959,455369,1434,1,1,128,1,1,16,0.000,0.000,,,,,NVIDIA A100-SXM4-40GB MIG 4g.20gb (0),1,,13,cupy_copy__complex64_complex64
21009154522,2528,455376,103,1,1,128,1,1,16,0.000,0.000,,,,,NVIDIA A100-SXM4-40GB MIG 4g.20gb (0),1,,13,cupy_copy__complex64_complex64
21009158554,79839,455383,1,1,1,32,32,1,30,0.000,0.000,,,,,NVIDIA A100-SXM4-40GB MIG 4g.20gb (0),1,,13,"void convert_kernel<__half2, float2>(tensor_layout_any, T1 *, tensor_layout_any, const T2 *)"
21009266361,5568,455386,,,,,,,,,,0.094,16827.521,Pinned,Device,NVIDIA A100-SXM4-40GB MIG 4g.20gb (0),1,,13,[CUDA memcpy Host-to-Device]
21009278265,46079,455387,,,,,,,,,,35.810,777111.074,Device,,NVIDIA A100-SXM4-40GB MIG 4g.20gb (0),1,,13,[CUDA memset]
21009331992,1824,455389,,,,,,,,,,0.000,43.860,Pinned,Device,NVIDIA A100-SXM4-40GB MIG 4g.20gb (0),1,,13,[CUDA memcpy Host-to-Device]
21009336216,9344,455390,,,,,,,,,,0.197,21040.988,Pinned,Device,NVIDIA A100-SXM4-40GB MIG 4g.20gb (0),1,,13,[CUDA memcpy Host-to-Device]
21009350008,8640,455391,273,1,1,48,1,1,40,0.000,0.001,,,,,NVIDIA A100-SXM4-40GB MIG 4g.20gb (0),1,,13,"void pusch_noise_intf_est::noiseIntfEstNoDftSOfdmKernel<float, __half, float, float, (unsigned int)2, (unsigned int)1, (unsigned char)4, (unsigned char)4>(pusch_noise_intf_est::puschRxNoiseIntfEstDynDescr)"
21009360312,2880,455402,35,1,1,128,1,1,16,0.000,0.000,,,,,NVIDIA A100-SXM4-40GB MIG 4g.20gb (0),1,,13,cupy_copy__complex64_complex64
21009395352,1888,455411,1,1,1,1,1,1,18,0.000,0.000,,,,,NVIDIA A100-SXM4-40GB MIG 4g.20gb (0),1,,13,cupy_copy__float32_float32
21009436887,1600,455417,,,,,,,,,,0.000,2.500,Device,Pageable,NVIDIA A100-SXM4-40GB MIG 4g.20gb (0),1,,7,[CUDA memcpy Device-to-Host]
21009496407,12223,455428,1434,1,1,128,1,1,16,0.000,0.000,,,,,NVIDIA A100-SXM4-40GB MIG 4g.20gb (0),1,,13,cupy_copy__complex64_complex64
21009522998,2784,455435,103,1,1,128,1,1,16,0.000,0.000,,,,,NVIDIA A100-SXM4-40GB MIG 4g.20gb (0),1,,13,cupy_copy__complex64_complex64
21009543414,2208,455442,35,1,1,128,1,1,16,0.000,0.000,,,,,NVIDIA A100-SXM4-40GB MIG 4g.20gb (0),1,,13,cupy_copy__complex64_complex64
21009561878,1856,455449,1,1,1,1,1,1,18,0.000,0.000,,,,,NVIDIA A100-SXM4-40GB MIG 4g.20gb (0),1,,13,cupy_copy__float32_float32
21009698740,79487,455460,1,1,1,32,32,1,30,0.000,0.000,,,,,NVIDIA A100-SXM4-40GB MIG 4g.20gb (0),1,,13,"void convert_kernel<__half2, float2>(tensor_layout_any, T1 *, tensor_layout_any, const T2 *)"
21009806867,5376,455463,,,,,,,,,,0.094,17428.487,Pinned,Device,NVIDIA A100-SXM4-40GB MIG 4g.20gb (0),1,,13,[CUDA memcpy Host-to-Device]
21009820691,3200,455464,,,,,,,,,,1.547,483320.000,Device,,NVIDIA A100-SXM4-40GB MIG 4g.20gb (0),1,,13,[CUDA memset]
21009828243,3520,455469,,,,,,,,,,0.031,8890.881,Pinned,Device,NVIDIA A100-SXM4-40GB MIG 4g.20gb (0),1,,13,[CUDA memcpy Host-to-Device]
21009833843,9664,455470,,,,,,,,,,0.197,20344.209,Pinned,Device,NVIDIA A100-SXM4-40GB MIG 4g.20gb (0),1,,13,[CUDA memcpy Host-to-Device]
21009848147,5952,455471,273,1,1,8,4,1,39,0.002,0.000,,,,,NVIDIA A100-SXM4-40GB MIG 4g.20gb (0),1,,13,"void channel_eq::eqMmseCoefCompLowMimoKernel<float, float, float, (unsigned int)4, (unsigned int)1, (unsigned int)4>(const channel_eq::_puschRxChEqStatDescr *, channel_eq::_puschRxChEqCoefCompDynDescr)"
21009855539,5504,455472,273,1,1,12,11,1,51,0.002,0.000,,,,,NVIDIA A100-SXM4-40GB MIG 4g.20gb (0),1,,13,"void channel_eq::eqMmseSoftDemapKernel<float, __half, __half, float, (unsigned int)4, (unsigned short)16383>(channel_eq::_puschRxChEqStatDescr *, channel_eq::_puschRxChEqSoftDemapDynDescr)"
21009862802,282525,455473,1,1,1,32,32,1,30,0.000,0.000,,,,,NVIDIA A100-SXM4-40GB MIG 4g.20gb (0),1,,13,"void convert_kernel<float2, __half2>(tensor_layout_any, T1 *, tensor_layout_any, const T2 *)"
21010149615,10816,455485,2253,1,1,128,1,1,16,0.000,0.000,,,,,NVIDIA A100-SXM4-40GB MIG 4g.20gb (0),1,,13,cupy_copy__float16_float16
21010162095,2816,455494,282,1,1,128,1,1,16,0.000,0.000,,,,,NVIDIA A100-SXM4-40GB MIG 4g.20gb (0),1,,13,cupy_copy__complex64_complex64
21010167183,2048,455503,26,1,1,128,1,1,16,0.000,0.000,,,,,NVIDIA A100-SXM4-40GB MIG 4g.20gb (0),1,,13,cupy_copy__float32_float32
21010171183,2912,455512,103,1,1,128,1,1,16,0.000,0.000,,,,,NVIDIA A100-SXM4-40GB MIG 4g.20gb (0),1,,13,cupy_copy__complex64_complex64
21010176271,11744,455522,1434,1,1,128,1,1,16,0.000,0.000,,,,,NVIDIA A100-SXM4-40GB MIG 4g.20gb (0),1,,13,cupy_copy__complex64_complex64
21010331469,237342,455527,1,1,1,32,32,1,30,0.000,0.000,,,,,NVIDIA A100-SXM4-40GB MIG 4g.20gb (0),1,,13,"void convert_kernel<__half2, float2>(tensor_layout_any, T1 *, tensor_layout_any, const T2 *)"
21010598794,5600,455530,,,,,,,,,,0.094,16731.388,Pinned,Device,NVIDIA A100-SXM4-40GB MIG 4g.20gb (0),1,,13,[CUDA memcpy Host-to-Device]
21010695593,606841,455531,,,,,,,,,,456.561,751956.692,Device,,NVIDIA A100-SXM4-40GB MIG 4g.20gb (0),1,,13,[CUDA memset]
21011309314,49728,455536,,,,,,,,,,1.235,24833.489,Pinned,Device,NVIDIA A100-SXM4-40GB MIG 4g.20gb (0),1,,13,[CUDA memcpy Host-to-Device]
21011361474,9600,455537,,,,,,,,,,0.197,20479.869,Pinned,Device,NVIDIA A100-SXM4-40GB MIG 4g.20gb (0),1,,13,[CUDA memcpy Host-to-Device]
21011431105,8864,455538,69,4,1,48,1,1,76,0.002,0.000,,,,,NVIDIA A100-SXM4-40GB MIG 4g.20gb (0),1,,13,"void ch_est::windowedChEstPreNoDftSOfdmKernel<float, __half, float, (unsigned int)2, (unsigned int)1, (unsigned short)4>(ch_est::puschRxChEstStatDescr_t *, ch_est::puschRxChEstDynDescr_t *)"
21011441697,6752,455539,137,2,1,24,2,1,44,0.001,0.001,,,,,NVIDIA A100-SXM4-40GB MIG 4g.20gb (0),1,,13,"void ch_est::chEstFilterNoDftSOfdmDispatchKernel<float, __half, float, (unsigned int)2>(ch_est::puschRxChEstStatDescr_t *, ch_est::puschRxChEstDynDescr_t *)"
21011450721,5152,455540,137,2,1,24,2,1,44,0.001,0.001,,,,,NVIDIA A100-SXM4-40GB MIG 4g.20gb (0),1,,13,"void ch_est::chEstFilterNoDftSOfdmDispatchKernel<float, __half, float, (unsigned int)2>(ch_est::puschRxChEstStatDescr_t *, ch_est::puschRxChEstDynDescr_t *)"
21011458369,2592,455551,103,1,1,128,1,1,16,0.000,0.000,,,,,NVIDIA A100-SXM4-40GB MIG 4g.20gb (0),1,,13,cupy_copy__complex64_complex64
21011462433,12767,455561,1434,1,1,128,1,1,16,0.000,0.000,,,,,NVIDIA A100-SXM4-40GB MIG 4g.20gb (0),1,,13,cupy_copy__complex64_complex64
21011476384,2528,455568,103,1,1,128,1,1,16,0.000,0.000,,,,,NVIDIA A100-SXM4-40GB MIG 4g.20gb (0),1,,13,cupy_copy__complex64_complex64
21011480448,79808,455575,1,1,1,32,32,1,30,0.000,0.000,,,,,NVIDIA A100-SXM4-40GB MIG 4g.20gb (0),1,,13,"void convert_kernel<__half2, float2>(tensor_layout_any, T1 *, tensor_layout_any, const T2 *)"
21011642175,6144,455578,,,,,,,,,,0.094,15249.961,Pinned,Device,NVIDIA A100-SXM4-40GB MIG 4g.20gb (0),1,,13,[CUDA memcpy Host-to-Device]
21011652543,51711,455579,,,,,,,,,,35.810,692492.233,Device,,NVIDIA A100-SXM4-40GB MIG 4g.20gb (0),1,,13,[CUDA memset]
21011708958,1824,455581,,,,,,,,,,0.000,43.860,Pinned,Device,NVIDIA A100-SXM4-40GB MIG 4g.20gb (0),1,,13,[CUDA memcpy Host-to-Device]
21011713214,9312,455582,,,,,,,,,,0.197,21113.340,Pinned,Device,NVIDIA A100-SXM4-40GB MIG 4g.20gb (0),1,,13,[CUDA memcpy Host-to-Device]
21011726718,8736,455583,273,1,1,48,1,1,40,0.000,0.001,,,,,NVIDIA A100-SXM4-40GB MIG 4g.20gb (0),1,,13,"void pusch_noise_intf_est::noiseIntfEstNoDftSOfdmKernel<float, __half, float, float, (unsigned int)2, (unsigned int)1, (unsigned char)4, (unsigned char)4>(pusch_noise_intf_est::puschRxNoiseIntfEstDynDescr)"
21011738174,2848,455594,35,1,1,128,1,1,16,0.000,0.000,,,,,NVIDIA A100-SXM4-40GB MIG 4g.20gb (0),1,,13,cupy_copy__complex64_complex64
21011742302,1887,455603,1,1,1,1,1,1,18,0.000,0.000,,,,,NVIDIA A100-SXM4-40GB MIG 4g.20gb (0),1,,13,cupy_copy__float32_float32
21011751741,1600,455609,,,,,,,,,,0.000,2.500,Device,Pageable,NVIDIA A100-SXM4-40GB MIG 4g.20gb (0),1,,7,[CUDA memcpy Device-to-Host]
21011812925,13056,455620,1434,1,1,128,1,1,16,0.000,0.000,,,,,NVIDIA A100-SXM4-40GB MIG 4g.20gb (0),1,,13,cupy_copy__complex64_complex64
21011839132,2784,455627,103,1,1,128,1,1,16,0.000,0.000,,,,,NVIDIA A100-SXM4-40GB MIG 4g.20gb (0),1,,13,cupy_copy__complex64_complex64
21011869468,2240,455634,35,1,1,128,1,1,16,0.000,0.000,,,,,NVIDIA A100-SXM4-40GB MIG 4g.20gb (0),1,,13,cupy_copy__complex64_complex64
21011888700,1856,455641,1,1,1,1,1,1,18,0.000,0.000,,,,,NVIDIA A100-SXM4-40GB MIG 4g.20gb (0),1,,13,cupy_copy__float32_float32
21012023834,79935,455652,1,1,1,32,32,1,30,0.000,0.000,,,,,NVIDIA A100-SXM4-40GB MIG 4g.20gb (0),1,,13,"void convert_kernel<__half2, float2>(tensor_layout_any, T1 *, tensor_layout_any, const T2 *)"
21012131705,5408,455655,,,,,,,,,,0.094,17325.421,Pinned,Device,NVIDIA A100-SXM4-40GB MIG 4g.20gb (0),1,,13,[CUDA memcpy Host-to-Device]
21012147385,3200,455656,,,,,,,,,,1.547,483320.000,Device,,NVIDIA A100-SXM4-40GB MIG 4g.20gb (0),1,,13,[CUDA memset]
21012153369,3008,455661,,,,,,,,,,0.031,10404.230,Pinned,Device,NVIDIA A100-SXM4-40GB MIG 4g.20gb (0),1,,13,[CUDA memcpy Host-to-Device]
21012158905,9568,455662,,,,,,,,,,0.197,20548.485,Pinned,Device,NVIDIA A100-SXM4-40GB MIG 4g.20gb (0),1,,13,[CUDA memcpy Host-to-Device]
21012173721,6176,455663,273,1,1,8,4,1,39,0.002,0.000,,,,,NVIDIA A100-SXM4-40GB MIG 4g.20gb (0),1,,13,"void channel_eq::eqMmseCoefCompLowMimoKernel<float, float, float, (unsigned int)4, (unsigned int)1, (unsigned int)4>(const channel_eq::_puschRxChEqStatDescr *, channel_eq::_puschRxChEqCoefCompDynDescr)"
21012181401,5568,455664,273,1,1,12,11,1,51,0.002,0.000,,,,,NVIDIA A100-SXM4-40GB MIG 4g.20gb (0),1,,13,"void channel_eq::eqMmseSoftDemapKernel<float, __half, __half, float, (unsigned int)4, (unsigned short)16383>(channel_eq::_puschRxChEqStatDescr *, channel_eq::_puschRxChEqSoftDemapDynDescr)"
21012189017,281852,455665,1,1,1,32,32,1,30,0.000,0.000,,,,,NVIDIA A100-SXM4-40GB MIG 4g.20gb (0),1,,13,"void convert_kernel<float2, __half2>(tensor_layout_any, T1 *, tensor_layout_any, const T2 *)"
21012472469,10656,455677,2253,1,1,128,1,1,16,0.000,0.000,,,,,NVIDIA A100-SXM4-40GB MIG 4g.20gb (0),1,,13,cupy_copy__float16_float16
21012485813,2784,455686,282,1,1,128,1,1,16,0.000,0.000,,,,,NVIDIA A100-SXM4-40GB MIG 4g.20gb (0),1,,13,cupy_copy__complex64_complex64
21012490325,2080,455695,26,1,1,128,1,1,16,0.000,0.000,,,,,NVIDIA A100-SXM4-40GB MIG 4g.20gb (0),1,,13,cupy_copy__float32_float32
21012494613,2880,455704,103,1,1,128,1,1,16,0.000,0.000,,,,,NVIDIA A100-SXM4-40GB MIG 4g.20gb (0),1,,13,cupy_copy__complex64_complex64
21012500405,11616,455714,1434,1,1,128,1,1,16,0.000,0.000,,,,,NVIDIA A100-SXM4-40GB MIG 4g.20gb (0),1,,13,cupy_copy__complex64_complex64
21012534421,80575,455719,1,1,1,32,32,1,30,0.000,0.000,,,,,NVIDIA A100-SXM4-40GB MIG 4g.20gb (0),1,,13,"void convert_kernel<__half2, float2>(tensor_layout_any, T1 *, tensor_layout_any, const T2 *)"
21012643699,5536,455722,,,,,,,,,,0.094,16924.777,Pinned,Device,NVIDIA A100-SXM4-40GB MIG 4g.20gb (0),1,,13,[CUDA memcpy Host-to-Device]
21012726643,645752,455723,,,,,,,,,,456.561,706757.109,Device,,NVIDIA A100-SXM4-40GB MIG 4g.20gb (0),1,,13,[CUDA memset]
21013378955,53728,455728,,,,,,,,,,1.235,22984.778,Pinned,Device,NVIDIA A100-SXM4-40GB MIG 4g.20gb (0),1,,13,[CUDA memcpy Host-to-Device]
21013435467,11296,455729,,,,,,,,,,0.197,17404.920,Pinned,Device,NVIDIA A100-SXM4-40GB MIG 4g.20gb (0),1,,13,[CUDA memcpy Host-to-Device]
21013459210,11424,455730,69,4,1,48,1,1,76,0.002,0.000,,,,,NVIDIA A100-SXM4-40GB MIG 4g.20gb (0),1,,13,"void ch_est::windowedChEstPreNoDftSOfdmKernel<float, __half, float, (unsigned int)2, (unsigned int)1, (unsigned short)4>(ch_est::puschRxChEstStatDescr_t *, ch_est::puschRxChEstDynDescr_t *)"
21013472522,6720,455731,137,2,1,24,2,1,44,0.001,0.001,,,,,NVIDIA A100-SXM4-40GB MIG 4g.20gb (0),1,,13,"void ch_est::chEstFilterNoDftSOfdmDispatchKernel<float, __half, float, (unsigned int)2>(ch_est::puschRxChEstStatDescr_t *, ch_est::puschRxChEstDynDescr_t *)"
21013481322,4864,455732,137,2,1,24,2,1,44,0.001,0.001,,,,,NVIDIA A100-SXM4-40GB MIG 4g.20gb (0),1,,13,"void ch_est::chEstFilterNoDftSOfdmDispatchKernel<float, __half, float, (unsigned int)2>(ch_est::puschRxChEstStatDescr_t *, ch_est::puschRxChEstDynDescr_t *)"
21013487498,2624,455743,103,1,1,128,1,1,16,0.000,0.000,,,,,NVIDIA A100-SXM4-40GB MIG 4g.20gb (0),1,,13,cupy_copy__complex64_complex64
21013491594,12960,455753,1434,1,1,128,1,1,16,0.000,0.000,,,,,NVIDIA A100-SXM4-40GB MIG 4g.20gb (0),1,,13,cupy_copy__complex64_complex64
21013506058,2528,455760,103,1,1,128,1,1,16,0.000,0.000,,,,,NVIDIA A100-SXM4-40GB MIG 4g.20gb (0),1,,13,cupy_copy__complex64_complex64
21013510762,256509,455767,1,1,1,32,32,1,30,0.000,0.000,,,,,NVIDIA A100-SXM4-40GB MIG 4g.20gb (0),1,,13,"void convert_kernel<__half2, float2>(tensor_layout_any, T1 *, tensor_layout_any, const T2 *)"
21013794183,6400,455770,,,,,,,,,,0.094,14640.000,Pinned,Device,NVIDIA A100-SXM4-40GB MIG 4g.20gb (0),1,,13,[CUDA memcpy Host-to-Device]
21013900037,57664,455771,,,,,,,,,,35.810,620979.823,Device,,NVIDIA A100-SXM4-40GB MIG 4g.20gb (0),1,,13,[CUDA memset]
21013965125,2432,455773,,,,,,,,,,0.000,32.895,Pinned,Device,NVIDIA A100-SXM4-40GB MIG 4g.20gb (0),1,,13,[CUDA memcpy Host-to-Device]
21013970117,11808,455774,,,,,,,,,,0.197,16650.338,Pinned,Device,NVIDIA A100-SXM4-40GB MIG 4g.20gb (0),1,,13,[CUDA memcpy Host-to-Device]
21014094275,13888,455775,273,1,1,48,1,1,40,0.000,0.001,,,,,NVIDIA A100-SXM4-40GB MIG 4g.20gb (0),1,,13,"void pusch_noise_intf_est::noiseIntfEstNoDftSOfdmKernel<float, __half, float, float, (unsigned int)2, (unsigned int)1, (unsigned char)4, (unsigned char)4>(pusch_noise_intf_est::puschRxNoiseIntfEstDynDescr)"
21014242018,3904,455786,35,1,1,128,1,1,16,0.000,0.000,,,,,NVIDIA A100-SXM4-40GB MIG 4g.20gb (0),1,,13,cupy_copy__complex64_complex64
21014377408,5984,455795,1,1,1,1,1,1,18,0.000,0.000,,,,,NVIDIA A100-SXM4-40GB MIG 4g.20gb (0),1,,13,cupy_copy__float32_float32
21014388384,1824,455801,,,,,,,,,,0.000,2.193,Device,Pageable,NVIDIA A100-SXM4-40GB MIG 4g.20gb (0),1,,7,[CUDA memcpy Device-to-Host]
21014510687,17791,455812,1434,1,1,128,1,1,16,0.000,0.000,,,,,NVIDIA A100-SXM4-40GB MIG 4g.20gb (0),1,,13,cupy_copy__complex64_complex64
21014596094,10784,455819,103,1,1,128,1,1,16,0.000,0.000,,,,,NVIDIA A100-SXM4-40GB MIG 4g.20gb (0),1,,13,cupy_copy__complex64_complex64
21014658749,4320,455826,35,1,1,128,1,1,16,0.000,0.000,,,,,NVIDIA A100-SXM4-40GB MIG 4g.20gb (0),1,,13,cupy_copy__complex64_complex64
21014794139,6784,455833,1,1,1,1,1,1,18,0.000,0.000,,,,,NVIDIA A100-SXM4-40GB MIG 4g.20gb (0),1,,13,cupy_copy__float32_float32
21014867355,360924,455844,1,1,1,32,32,1,30,0.000,0.000,,,,,NVIDIA A100-SXM4-40GB MIG 4g.20gb (0),1,,13,"void convert_kernel<__half2, float2>(tensor_layout_any, T1 *, tensor_layout_any, const T2 *)"
21015258102,5632,455847,,,,,,,,,,0.094,16636.287,Pinned,Device,NVIDIA A100-SXM4-40GB MIG 4g.20gb (0),1,,13,[CUDA memcpy Host-to-Device]
21015273078,3360,455848,,,,,,,,,,1.547,460304.688,Device,,NVIDIA A100-SXM4-40GB MIG 4g.20gb (0),1,,13,[CUDA memset]
21015278614,3008,455853,,,,,,,,,,0.031,10404.230,Pinned,Device,NVIDIA A100-SXM4-40GB MIG 4g.20gb (0),1,,13,[CUDA memcpy Host-to-Device]
21015284054,9824,455854,,,,,,,,,,0.197,20012.925,Pinned,Device,NVIDIA A100-SXM4-40GB MIG 4g.20gb (0),1,,13,[CUDA memcpy Host-to-Device]
21015297974,6944,455855,273,1,1,8,4,1,39,0.002,0.000,,,,,NVIDIA A100-SXM4-40GB MIG 4g.20gb (0),1,,13,"void channel_eq::eqMmseCoefCompLowMimoKernel<float, float, float, (unsigned int)4, (unsigned int)1, (unsigned int)4>(const channel_eq::_puschRxChEqStatDescr *, channel_eq::_puschRxChEqCoefCompDynDescr)"
21015306454,7072,455856,273,1,1,12,11,1,51,0.002,0.000,,,,,NVIDIA A100-SXM4-40GB MIG 4g.20gb (0),1,,13,"void channel_eq::eqMmseSoftDemapKernel<float, __half, __half, float, (unsigned int)4, (unsigned short)16383>(channel_eq::_puschRxChEqStatDescr *, channel_eq::_puschRxChEqSoftDemapDynDescr)"
21015314742,281917,455857,1,1,1,32,32,1,30,0.000,0.000,,,,,NVIDIA A100-SXM4-40GB MIG 4g.20gb (0),1,,13,"void convert_kernel<float2, __half2>(tensor_layout_any, T1 *, tensor_layout_any, const T2 *)"
21015598163,10527,455869,2253,1,1,128,1,1,16,0.000,0.000,,,,,NVIDIA A100-SXM4-40GB MIG 4g.20gb (0),1,,13,cupy_copy__float16_float16
21015610802,2880,455878,282,1,1,128,1,1,16,0.000,0.000,,,,,NVIDIA A100-SXM4-40GB MIG 4g.20gb (0),1,,13,cupy_copy__complex64_complex64
21015616466,2080,455887,26,1,1,128,1,1,16,0.000,0.000,,,,,NVIDIA A100-SXM4-40GB MIG 4g.20gb (0),1,,13,cupy_copy__float32_float32
21015620914,2944,455896,103,1,1,128,1,1,16,0.000,0.000,,,,,NVIDIA A100-SXM4-40GB MIG 4g.20gb (0),1,,13,cupy_copy__complex64_complex64
21015680082,12415,455912,1434,1,1,128,1,1,16,0.000,0.000,,,,,NVIDIA A100-SXM4-40GB MIG 4g.20gb (0),1,,13,cupy_copy__complex64_complex64
21015800144,79679,455917,1,1,1,32,32,1,30,0.000,0.000,,,,,NVIDIA A100-SXM4-40GB MIG 4g.20gb (0),1,,13,"void convert_kernel<__half2, float2>(tensor_layout_any, T1 *, tensor_layout_any, const T2 *)"
21015910607,5472,455920,,,,,,,,,,0.094,17122.757,Pinned,Device,NVIDIA A100-SXM4-40GB MIG 4g.20gb (0),1,,13,[CUDA memcpy Host-to-Device]
21015920719,616921,455921,,,,,,,,,,456.561,739629.533,Device,,NVIDIA A100-SXM4-40GB MIG 4g.20gb (0),1,,13,[CUDA memset]
21016539432,48959,455926,,,,,,,,,,1.235,25223.731,Pinned,Device,NVIDIA A100-SXM4-40GB MIG 4g.20gb (0),1,,13,[CUDA memcpy Host-to-Device]
21016591111,9312,455927,,,,,,,,,,0.197,21113.340,Pinned,Device,NVIDIA A100-SXM4-40GB MIG 4g.20gb (0),1,,13,[CUDA memcpy Host-to-Device]
21016604391,7456,455928,69,4,1,48,1,1,76,0.002,0.000,,,,,NVIDIA A100-SXM4-40GB MIG 4g.20gb (0),1,,13,"void ch_est::windowedChEstPreNoDftSOfdmKernel<float, __half, float, (unsigned int)2, (unsigned int)1, (unsigned short)4>(ch_est::puschRxChEstStatDescr_t *, ch_est::puschRxChEstDynDescr_t *)"
21016614503,6432,455929,137,2,1,24,2,1,44,0.001,0.001,,,,,NVIDIA A100-SXM4-40GB MIG 4g.20gb (0),1,,13,"void ch_est::chEstFilterNoDftSOfdmDispatchKernel<float, __half, float, (unsigned int)2>(ch_est::puschRxChEstStatDescr_t *, ch_est::puschRxChEstDynDescr_t *)"
21016622343,4672,455930,137,2,1,24,2,1,44,0.001,0.001,,,,,NVIDIA A100-SXM4-40GB MIG 4g.20gb (0),1,,13,"void ch_est::chEstFilterNoDftSOfdmDispatchKernel<float, __half, float, (unsigned int)2>(ch_est::puschRxChEstStatDescr_t *, ch_est::puschRxChEstDynDescr_t *)"
21016629095,2528,455941,103,1,1,128,1,1,16,0.000,0.000,,,,,NVIDIA A100-SXM4-40GB MIG 4g.20gb (0),1,,13,cupy_copy__complex64_complex64
21016633159,12608,455951,1434,1,1,128,1,1,16,0.000,0.000,,,,,NVIDIA A100-SXM4-40GB MIG 4g.20gb (0),1,,13,cupy_copy__complex64_complex64
21016647399,2496,455958,103,1,1,128,1,1,16,0.000,0.000,,,,,NVIDIA A100-SXM4-40GB MIG 4g.20gb (0),1,,13,cupy_copy__complex64_complex64
21016651399,79679,455965,1,1,1,32,32,1,30,0.000,0.000,,,,,NVIDIA A100-SXM4-40GB MIG 4g.20gb (0),1,,13,"void convert_kernel<__half2, float2>(tensor_layout_any, T1 *, tensor_layout_any, const T2 *)"
21016760582,5439,455968,,,,,,,,,,0.094,17226.665,Pinned,Device,NVIDIA A100-SXM4-40GB MIG 4g.20gb (0),1,,13,[CUDA memcpy Host-to-Device]
21016773573,50048,455969,,,,,,,,,,35.810,715482.202,Device,,NVIDIA A100-SXM4-40GB MIG 4g.20gb (0),1,,13,[CUDA memset]
21016826149,1792,455971,,,,,,,,,,0.000,44.643,Pinned,Device,NVIDIA A100-SXM4-40GB MIG 4g.20gb (0),1,,13,[CUDA memcpy Host-to-Device]
21016830373,9440,455972,,,,,,,,,,0.197,20827.079,Pinned,Device,NVIDIA A100-SXM4-40GB MIG 4g.20gb (0),1,,13,[CUDA memcpy Host-to-Device]
21016843685,8928,455973,273,1,1,48,1,1,40,0.000,0.001,,,,,NVIDIA A100-SXM4-40GB MIG 4g.20gb (0),1,,13,"void pusch_noise_intf_est::noiseIntfEstNoDftSOfdmKernel<float, __half, float, float, (unsigned int)2, (unsigned int)1, (unsigned char)4, (unsigned char)4>(pusch_noise_intf_est::puschRxNoiseIntfEstDynDescr)"
21016854661,2879,455984,35,1,1,128,1,1,16,0.000,0.000,,,,,NVIDIA A100-SXM4-40GB MIG 4g.20gb (0),1,,13,cupy_copy__complex64_complex64
21016882052,1888,455993,1,1,1,1,1,1,18,0.000,0.000,,,,,NVIDIA A100-SXM4-40GB MIG 4g.20gb (0),1,,13,cupy_copy__float32_float32
21016917252,1568,455999,,,,,,,,,,0.000,2.551,Device,Pageable,NVIDIA A100-SXM4-40GB MIG 4g.20gb (0),1,,7,[CUDA memcpy Device-to-Host]
21016979203,13216,456010,1434,1,1,128,1,1,16,0.000,0.000,,,,,NVIDIA A100-SXM4-40GB MIG 4g.20gb (0),1,,13,cupy_copy__complex64_complex64
21017005475,2720,456017,103,1,1,128,1,1,16,0.000,0.000,,,,,NVIDIA A100-SXM4-40GB MIG 4g.20gb (0),1,,13,cupy_copy__complex64_complex64
21017026723,2240,456024,35,1,1,128,1,1,16,0.000,0.000,,,,,NVIDIA A100-SXM4-40GB MIG 4g.20gb (0),1,,13,cupy_copy__complex64_complex64
21017044546,1888,456031,1,1,1,1,1,1,18,0.000,0.000,,,,,NVIDIA A100-SXM4-40GB MIG 4g.20gb (0),1,,13,cupy_copy__float32_float32
21017180321,79487,456042,1,1,1,32,32,1,30,0.000,0.000,,,,,NVIDIA A100-SXM4-40GB MIG 4g.20gb (0),1,,13,"void convert_kernel<__half2, float2>(tensor_layout_any, T1 *, tensor_layout_any, const T2 *)"
21017288896,5568,456045,,,,,,,,,,0.094,16827.521,Pinned,Device,NVIDIA A100-SXM4-40GB MIG 4g.20gb (0),1,,13,[CUDA memcpy Host-to-Device]
21017302688,3263,456046,,,,,,,,,,1.547,473987.671,Device,,NVIDIA A100-SXM4-40GB MIG 4g.20gb (0),1,,13,[CUDA memset]
21017309247,3008,456051,,,,,,,,,,0.031,10404.230,Pinned,Device,NVIDIA A100-SXM4-40GB MIG 4g.20gb (0),1,,13,[CUDA memcpy Host-to-Device]
21017314687,9536,456052,,,,,,,,,,0.197,20617.298,Pinned,Device,NVIDIA A100-SXM4-40GB MIG 4g.20gb (0),1,,13,[CUDA memcpy Host-to-Device]
21017328607,6208,456053,273,1,1,8,4,1,39,0.002,0.000,,,,,NVIDIA A100-SXM4-40GB MIG 4g.20gb (0),1,,13,"void channel_eq::eqMmseCoefCompLowMimoKernel<float, float, float, (unsigned int)4, (unsigned int)1, (unsigned int)4>(const channel_eq::_puschRxChEqStatDescr *, channel_eq::_puschRxChEqCoefCompDynDescr)"
21017336575,7648,456054,273,1,1,12,11,1,51,0.002,0.000,,,,,NVIDIA A100-SXM4-40GB MIG 4g.20gb (0),1,,13,"void channel_eq::eqMmseSoftDemapKernel<float, __half, __half, float, (unsigned int)4, (unsigned short)16383>(channel_eq::_puschRxChEqStatDescr *, channel_eq::_puschRxChEqSoftDemapDynDescr)"
21017346239,334396,456055,1,1,1,32,32,1,30,0.000,0.000,,,,,NVIDIA A100-SXM4-40GB MIG 4g.20gb (0),1,,13,"void convert_kernel<float2, __half2>(tensor_layout_any, T1 *, tensor_layout_any, const T2 *)"
21017784474,15008,456067,2253,1,1,128,1,1,16,0.000,0.000,,,,,NVIDIA A100-SXM4-40GB MIG 4g.20gb (0),1,,13,cupy_copy__float16_float16
21017924281,8127,456076,282,1,1,128,1,1,16,0.000,0.000,,,,,NVIDIA A100-SXM4-40GB MIG 4g.20gb (0),1,,13,cupy_copy__complex64_complex64
21017935896,6336,456085,26,1,1,128,1,1,16,0.000,0.000,,,,,NVIDIA A100-SXM4-40GB MIG 4g.20gb (0),1,,13,cupy_copy__float32_float32
21018055895,5888,456094,103,1,1,128,1,1,16,0.000,0.000,,,,,NVIDIA A100-SXM4-40GB MIG 4g.20gb (0),1,,13,cupy_copy__complex64_complex64
21018064503,13728,456104,1434,1,1,128,1,1,16,0.000,0.000,,,,,NVIDIA A100-SXM4-40GB MIG 4g.20gb (0),1,,13,cupy_copy__complex64_complex64
21018080215,80095,456109,1,1,1,32,32,1,30,0.000,0.000,,,,,NVIDIA A100-SXM4-40GB MIG 4g.20gb (0),1,,13,"void convert_kernel<__half2, float2>(tensor_layout_any, T1 *, tensor_layout_any, const T2 *)"
21018190070,5600,456112,,,,,,,,,,0.094,16731.388,Pinned,Device,NVIDIA A100-SXM4-40GB MIG 4g.20gb (0),1,,13,[CUDA memcpy Host-to-Device]
21018200117,602906,456113,,,,,,,,,,456.561,756978.868,Device,,NVIDIA A100-SXM4-40GB MIG 4g.20gb (0),1,,13,[CUDA memset]
21018806639,50047,456118,,,,,,,,,,1.235,24675.416,Pinned,Device,NVIDIA A100-SXM4-40GB MIG 4g.20gb (0),1,,13,[CUDA memcpy Host-to-Device]
21018859950,9568,456119,,,,,,,,,,0.197,20548.485,Pinned,Device,NVIDIA A100-SXM4-40GB MIG 4g.20gb (0),1,,13,[CUDA memcpy Host-to-Device]
21018909262,10943,456120,69,4,1,48,1,1,76,0.002,0.000,,,,,NVIDIA A100-SXM4-40GB MIG 4g.20gb (0),1,,13,"void ch_est::windowedChEstPreNoDftSOfdmKernel<float, __half, float, (unsigned int)2, (unsigned int)1, (unsigned short)4>(ch_est::puschRxChEstStatDescr_t *, ch_est::puschRxChEstDynDescr_t *)"
21019015692,7744,456121,137,2,1,24,2,1,44,0.001,0.001,,,,,NVIDIA A100-SXM4-40GB MIG 4g.20gb (0),1,,13,"void ch_est::chEstFilterNoDftSOfdmDispatchKernel<float, __half, float, (unsigned int)2>(ch_est::puschRxChEstStatDescr_t *, ch_est::puschRxChEstDynDescr_t *)"
21019077548,15104,456122,137,2,1,24,2,1,44,0.001,0.001,,,,,NVIDIA A100-SXM4-40GB MIG 4g.20gb (0),1,,13,"void ch_est::chEstFilterNoDftSOfdmDispatchKernel<float, __half, float, (unsigned int)2>(ch_est::puschRxChEstStatDescr_t *, ch_est::puschRxChEstDynDescr_t *)"
21019095340,3199,456133,103,1,1,128,1,1,16,0.000,0.000,,,,,NVIDIA A100-SXM4-40GB MIG 4g.20gb (0),1,,13,cupy_copy__complex64_complex64
21019100715,13056,456143,1434,1,1,128,1,1,16,0.000,0.000,,,,,NVIDIA A100-SXM4-40GB MIG 4g.20gb (0),1,,13,cupy_copy__complex64_complex64
21019144331,6240,456150,103,1,1,128,1,1,16,0.000,0.000,,,,,NVIDIA A100-SXM4-40GB MIG 4g.20gb (0),1,,13,cupy_copy__complex64_complex64
21019176171,229565,456157,1,1,1,32,32,1,30,0.000,0.000,,,,,NVIDIA A100-SXM4-40GB MIG 4g.20gb (0),1,,13,"void convert_kernel<__half2, float2>(tensor_layout_any, T1 *, tensor_layout_any, const T2 *)"
21019437992,5632,456160,,,,,,,,,,0.094,16636.287,Pinned,Device,NVIDIA A100-SXM4-40GB MIG 4g.20gb (0),1,,13,[CUDA memcpy Host-to-Device]
21019492871,46720,456161,,,,,,,,,,35.810,766475.528,Device,,NVIDIA A100-SXM4-40GB MIG 4g.20gb (0),1,,13,[CUDA memset]
21019541767,2080,456163,,,,,,,,,,0.000,38.462,Pinned,Device,NVIDIA A100-SXM4-40GB MIG 4g.20gb (0),1,,13,[CUDA memcpy Host-to-Device]
21019546374,9440,456164,,,,,,,,,,0.197,20827.079,Pinned,Device,NVIDIA A100-SXM4-40GB MIG 4g.20gb (0),1,,13,[CUDA memcpy Host-to-Device]
21019561478,19744,456165,273,1,1,48,1,1,40,0.000,0.001,,,,,NVIDIA A100-SXM4-40GB MIG 4g.20gb (0),1,,13,"void pusch_noise_intf_est::noiseIntfEstNoDftSOfdmKernel<float, __half, float, float, (unsigned int)2, (unsigned int)1, (unsigned char)4, (unsigned char)4>(pusch_noise_intf_est::puschRxNoiseIntfEstDynDescr)"
21019585222,3552,456176,35,1,1,128,1,1,16,0.000,0.000,,,,,NVIDIA A100-SXM4-40GB MIG 4g.20gb (0),1,,13,cupy_copy__complex64_complex64
21019591974,2048,456185,1,1,1,1,1,1,18,0.000,0.000,,,,,NVIDIA A100-SXM4-40GB MIG 4g.20gb (0),1,,13,cupy_copy__float32_float32
21019601286,1632,456191,,,,,,,,,,0.000,2.451,Device,Pageable,NVIDIA A100-SXM4-40GB MIG 4g.20gb (0),1,,7,[CUDA memcpy Device-to-Host]
21019663429,15072,456202,1434,1,1,128,1,1,16,0.000,0.000,,,,,NVIDIA A100-SXM4-40GB MIG 4g.20gb (0),1,,13,cupy_copy__complex64_complex64
21019803204,19519,456209,103,1,1,128,1,1,16,0.000,0.000,,,,,NVIDIA A100-SXM4-40GB MIG 4g.20gb (0),1,,13,cupy_copy__complex64_complex64
21019825411,4192,456216,35,1,1,128,1,1,16,0.000,0.000,,,,,NVIDIA A100-SXM4-40GB MIG 4g.20gb (0),1,,13,cupy_copy__complex64_complex64
21019832131,2208,456223,1,1,1,1,1,1,18,0.000,0.000,,,,,NVIDIA A100-SXM4-40GB MIG 4g.20gb (0),1,,13,cupy_copy__float32_float32
21019947778,308029,456234,1,1,1,32,32,1,30,0.000,0.000,,,,,NVIDIA A100-SXM4-40GB MIG 4g.20gb (0),1,,13,"void convert_kernel<__half2, float2>(tensor_layout_any, T1 *, tensor_layout_any, const T2 *)"
21020286462,5824,456237,,,,,,,,,,0.094,16087.884,Pinned,Device,NVIDIA A100-SXM4-40GB MIG 4g.20gb (0),1,,13,[CUDA memcpy Host-to-Device]
21020374877,4800,456238,,,,,,,,,,1.547,322212.818,Device,,NVIDIA A100-SXM4-40GB MIG 4g.20gb (0),1,,13,[CUDA memset]
21020382461,5152,456243,,,,,,,,,,0.031,6074.522,Pinned,Device,NVIDIA A100-SXM4-40GB MIG 4g.20gb (0),1,,13,[CUDA memcpy Host-to-Device]
21020390365,9504,456244,,,,,,,,,,0.197,20686.701,Pinned,Device,NVIDIA A100-SXM4-40GB MIG 4g.20gb (0),1,,13,[CUDA memcpy Host-to-Device]
21020523964,14303,456245,273,1,1,8,4,1,39,0.002,0.000,,,,,NVIDIA A100-SXM4-40GB MIG 4g.20gb (0),1,,13,"void channel_eq::eqMmseCoefCompLowMimoKernel<float, float, float, (unsigned int)4, (unsigned int)1, (unsigned int)4>(const channel_eq::_puschRxChEqStatDescr *, channel_eq::_puschRxChEqCoefCompDynDescr)"
21020645722,47936,456246,273,1,1,12,11,1,51,0.002,0.000,,,,,NVIDIA A100-SXM4-40GB MIG 4g.20gb (0),1,,13,"void channel_eq::eqMmseSoftDemapKernel<float, __half, __half, float, (unsigned int)4, (unsigned short)16383>(channel_eq::_puschRxChEqStatDescr *, channel_eq::_puschRxChEqSoftDemapDynDescr)"
21020706618,704760,456247,1,1,1,32,32,1,30,0.000,0.000,,,,,NVIDIA A100-SXM4-40GB MIG 4g.20gb (0),1,,13,"void convert_kernel<float2, __half2>(tensor_layout_any, T1 *, tensor_layout_any, const T2 *)"
21021480529,12384,456259,2253,1,1,128,1,1,16,0.000,0.000,,,,,NVIDIA A100-SXM4-40GB MIG 4g.20gb (0),1,,13,cupy_copy__float16_float16
21021547280,8448,456268,282,1,1,128,1,1,16,0.000,0.000,,,,,NVIDIA A100-SXM4-40GB MIG 4g.20gb (0),1,,13,cupy_copy__complex64_complex64
21021557808,3456,456277,26,1,1,128,1,1,16,0.000,0.000,,,,,NVIDIA A100-SXM4-40GB MIG 4g.20gb (0),1,,13,cupy_copy__float32_float32
21021563184,4448,456286,103,1,1,128,1,1,16,0.000,0.000,,,,,NVIDIA A100-SXM4-40GB MIG 4g.20gb (0),1,,13,cupy_copy__complex64_complex64
21021570000,13312,456296,1434,1,1,128,1,1,16,0.000,0.000,,,,,NVIDIA A100-SXM4-40GB MIG 4g.20gb (0),1,,13,cupy_copy__complex64_complex64
21021675247,428571,456301,1,1,1,32,32,1,30,0.000,0.000,,,,,NVIDIA A100-SXM4-40GB MIG 4g.20gb (0),1,,13,"void convert_kernel<__half2, float2>(tensor_layout_any, T1 *, tensor_layout_any, const T2 *)"
21022133354,5440,456304,,,,,,,,,,0.094,17223.480,Pinned,Device,NVIDIA A100-SXM4-40GB MIG 4g.20gb (0),1,,13,[CUDA memcpy Host-to-Device]
21022185897,598329,456305,,,,,,,,,,456.561,762914.166,Device,,NVIDIA A100-SXM4-40GB MIG 4g.20gb (0),1,,13,[CUDA memset]
21022788834,49120,456310,,,,,,,,,,1.235,25140.990,Pinned,Device,NVIDIA A100-SXM4-40GB MIG 4g.20gb (0),1,,13,[CUDA memcpy Host-to-Device]
21022840386,9312,456311,,,,,,,,,,0.197,21113.340,Pinned,Device,NVIDIA A100-SXM4-40GB MIG 4g.20gb (0),1,,13,[CUDA memcpy Host-to-Device]
21022854050,7328,456312,69,4,1,48,1,1,76,0.002,0.000,,,,,NVIDIA A100-SXM4-40GB MIG 4g.20gb (0),1,,13,"void ch_est::windowedChEstPreNoDftSOfdmKernel<float, __half, float, (unsigned int)2, (unsigned int)1, (unsigned short)4>(ch_est::puschRxChEstStatDescr_t *, ch_est::puschRxChEstDynDescr_t *)"
21022863137,6464,456313,137,2,1,24,2,1,44,0.001,0.001,,,,,NVIDIA A100-SXM4-40GB MIG 4g.20gb (0),1,,13,"void ch_est::chEstFilterNoDftSOfdmDispatchKernel<float, __half, float, (unsigned int)2>(ch_est::puschRxChEstStatDescr_t *, ch_est::puschRxChEstDynDescr_t *)"
21022871521,4800,456314,137,2,1,24,2,1,44,0.001,0.001,,,,,NVIDIA A100-SXM4-40GB MIG 4g.20gb (0),1,,13,"void ch_est::chEstFilterNoDftSOfdmDispatchKernel<float, __half, float, (unsigned int)2>(ch_est::puschRxChEstStatDescr_t *, ch_est::puschRxChEstDynDescr_t *)"
21022877985,2528,456325,103,1,1,128,1,1,16,0.000,0.000,,,,,NVIDIA A100-SXM4-40GB MIG 4g.20gb (0),1,,13,cupy_copy__complex64_complex64
21022882145,13152,456335,1434,1,1,128,1,1,16,0.000,0.000,,,,,NVIDIA A100-SXM4-40GB MIG 4g.20gb (0),1,,13,cupy_copy__complex64_complex64
21022897409,2432,456342,103,1,1,128,1,1,16,0.000,0.000,,,,,NVIDIA A100-SXM4-40GB MIG 4g.20gb (0),1,,13,cupy_copy__complex64_complex64
21022901537,79807,456349,1,1,1,32,32,1,30,0.000,0.000,,,,,NVIDIA A100-SXM4-40GB MIG 4g.20gb (0),1,,13,"void convert_kernel<__half2, float2>(tensor_layout_any, T1 *, tensor_layout_any, const T2 *)"
21023010080,5376,456352,,,,,,,,,,0.094,17428.487,Pinned,Device,NVIDIA A100-SXM4-40GB MIG 4g.20gb (0),1,,13,[CUDA memcpy Host-to-Device]
21023023072,47455,456353,,,,,,,,,,35.810,754586.634,Device,,NVIDIA A100-SXM4-40GB MIG 4g.20gb (0),1,,13,[CUDA memset]
21023076863,1888,456355,,,,,,,,,,0.000,42.373,Pinned,Device,NVIDIA A100-SXM4-40GB MIG 4g.20gb (0),1,,13,[CUDA memcpy Host-to-Device]
21023081183,9344,456356,,,,,,,,,,0.197,21040.988,Pinned,Device,NVIDIA A100-SXM4-40GB MIG 4g.20gb (0),1,,13,[CUDA memcpy Host-to-Device]
21023094687,9088,456357,273,1,1,48,1,1,40,0.000,0.001,,,,,NVIDIA A100-SXM4-40GB MIG 4g.20gb (0),1,,13,"void pusch_noise_intf_est::noiseIntfEstNoDftSOfdmKernel<float, __half, float, float, (unsigned int)2, (unsigned int)1, (unsigned char)4, (unsigned char)4>(pusch_noise_intf_est::puschRxNoiseIntfEstDynDescr)"
21023106015,2784,456368,35,1,1,128,1,1,16,0.000,0.000,,,,,NVIDIA A100-SXM4-40GB MIG 4g.20gb (0),1,,13,cupy_copy__complex64_complex64
21023128511,1856,456377,1,1,1,1,1,1,18,0.000,0.000,,,,,NVIDIA A100-SXM4-40GB MIG 4g.20gb (0),1,,13,cupy_copy__float32_float32
21023163678,1824,456383,,,,,,,,,,0.000,2.193,Device,Pageable,NVIDIA A100-SXM4-40GB MIG 4g.20gb (0),1,,7,[CUDA memcpy Device-to-Host]
21023383772,28351,456394,1434,1,1,128,1,1,16,0.000,0.000,,,,,NVIDIA A100-SXM4-40GB MIG 4g.20gb (0),1,,13,cupy_copy__complex64_complex64
21023662361,4896,456401,103,1,1,128,1,1,16,0.000,0.000,,,,,NVIDIA A100-SXM4-40GB MIG 4g.20gb (0),1,,13,cupy_copy__complex64_complex64
21023668793,3359,456408,35,1,1,128,1,1,16,0.000,0.000,,,,,NVIDIA A100-SXM4-40GB MIG 4g.20gb (0),1,,13,cupy_copy__complex64_complex64
21023674776,4576,456415,1,1,1,1,1,1,18,0.000,0.000,,,,,NVIDIA A100-SXM4-40GB MIG 4g.20gb (0),1,,13,cupy_copy__float32_float32
21023680056,184702,456426,1,1,1,32,32,1,30,0.000,0.000,,,,,NVIDIA A100-SXM4-40GB MIG 4g.20gb (0),1,,13,"void convert_kernel<__half2, float2>(tensor_layout_any, T1 *, tensor_layout_any, const T2 *)"
21023895638,5376,456429,,,,,,,,,,0.094,17428.487,Pinned,Device,NVIDIA A100-SXM4-40GB MIG 4g.20gb (0),1,,13,[CUDA memcpy Host-to-Device]
21023909846,3264,456430,,,,,,,,,,1.547,473842.288,Device,,NVIDIA A100-SXM4-40GB MIG 4g.20gb (0),1,,13,[CUDA memset]
21023916694,3040,456435,,,,,,,,,,0.031,10294.725,Pinned,Device,NVIDIA A100-SXM4-40GB MIG 4g.20gb (0),1,,13,[CUDA memcpy Host-to-Device]
21023927350,9344,456436,,,,,,,,,,0.197,21040.988,Pinned,Device,NVIDIA A100-SXM4-40GB MIG 4g.20gb (0),1,,13,[CUDA memcpy Host-to-Device]
21023941013,5920,456437,273,1,1,8,4,1,39,0.002,0.000,,,,,NVIDIA A100-SXM4-40GB MIG 4g.20gb (0),1,,13,"void channel_eq::eqMmseCoefCompLowMimoKernel<float, float, float, (unsigned int)4, (unsigned int)1, (unsigned int)4>(const channel_eq::_puschRxChEqStatDescr *, channel_eq::_puschRxChEqCoefCompDynDescr)"
21023948597,5408,456438,273,1,1,12,11,1,51,0.002,0.000,,,,,NVIDIA A100-SXM4-40GB MIG 4g.20gb (0),1,,13,"void channel_eq::eqMmseSoftDemapKernel<float, __half, __half, float, (unsigned int)4, (unsigned short)16383>(channel_eq::_puschRxChEqStatDescr *, channel_eq::_puschRxChEqSoftDemapDynDescr)"
21023956181,281917,456439,1,1,1,32,32,1,30,0.000,0.000,,,,,NVIDIA A100-SXM4-40GB MIG 4g.20gb (0),1,,13,"void convert_kernel<float2, __half2>(tensor_layout_any, T1 *, tensor_layout_any, const T2 *)"
21024239698,10720,456451,2253,1,1,128,1,1,16,0.000,0.000,,,,,NVIDIA A100-SXM4-40GB MIG 4g.20gb (0),1,,13,cupy_copy__float16_float16
21024252178,2816,456460,282,1,1,128,1,1,16,0.000,0.000,,,,,NVIDIA A100-SXM4-40GB MIG 4g.20gb (0),1,,13,cupy_copy__complex64_complex64
21024256658,2048,456469,26,1,1,128,1,1,16,0.000,0.000,,,,,NVIDIA A100-SXM4-40GB MIG 4g.20gb (0),1,,13,cupy_copy__float32_float32
21024260658,2912,456478,103,1,1,128,1,1,16,0.000,0.000,,,,,NVIDIA A100-SXM4-40GB MIG 4g.20gb (0),1,,13,cupy_copy__complex64_complex64
21024264882,12288,456488,1434,1,1,128,1,1,16,0.000,0.000,,,,,NVIDIA A100-SXM4-40GB MIG 4g.20gb (0),1,,13,cupy_copy__complex64_complex64
21024299345,79136,456493,1,1,1,32,32,1,30,0.000,0.000,,,,,NVIDIA A100-SXM4-40GB MIG 4g.20gb (0),1,,13,"void convert_kernel<__half2, float2>(tensor_layout_any, T1 *, tensor_layout_any, const T2 *)"
21024406800,5344,456496,,,,,,,,,,0.094,17532.864,Pinned,Device,NVIDIA A100-SXM4-40GB MIG 4g.20gb (0),1,,13,[CUDA memcpy Host-to-Device]
21024417648,609625,456497,,,,,,,,,,456.561,748760.762,Device,,NVIDIA A100-SXM4-40GB MIG 4g.20gb (0),1,,13,[CUDA memset]
21025028937,49152,456502,,,,,,,,,,1.235,25124.936,Pinned,Device,NVIDIA A100-SXM4-40GB MIG 4g.20gb (0),1,,13,[CUDA memcpy Host-to-Device]
21025080585,9312,456503,,,,,,,,,,0.197,21113.340,Pinned,Device,NVIDIA A100-SXM4-40GB MIG 4g.20gb (0),1,,13,[CUDA memcpy Host-to-Device]
21025093801,7008,456504,69,4,1,48,1,1,76,0.002,0.000,,,,,NVIDIA A100-SXM4-40GB MIG 4g.20gb (0),1,,13,"void ch_est::windowedChEstPreNoDftSOfdmKernel<float, __half, float, (unsigned int)2, (unsigned int)1, (unsigned short)4>(ch_est::puschRxChEstStatDescr_t *, ch_est::puschRxChEstDynDescr_t *)"
21025102185,6783,456505,137,2,1,24,2,1,44,0.001,0.001,,,,,NVIDIA A100-SXM4-40GB MIG 4g.20gb (0),1,,13,"void ch_est::chEstFilterNoDftSOfdmDispatchKernel<float, __half, float, (unsigned int)2>(ch_est::puschRxChEstStatDescr_t *, ch_est::puschRxChEstDynDescr_t *)"
21025110280,4832,456506,137,2,1,24,2,1,44,0.001,0.001,,,,,NVIDIA A100-SXM4-40GB MIG 4g.20gb (0),1,,13,"void ch_est::chEstFilterNoDftSOfdmDispatchKernel<float, __half, float, (unsigned int)2>(ch_est::puschRxChEstStatDescr_t *, ch_est::puschRxChEstDynDescr_t *)"
21025116808,2496,456517,103,1,1,128,1,1,16,0.000,0.000,,,,,NVIDIA A100-SXM4-40GB MIG 4g.20gb (0),1,,13,cupy_copy__complex64_complex64
21025120808,13056,456527,1434,1,1,128,1,1,16,0.000,0.000,,,,,NVIDIA A100-SXM4-40GB MIG 4g.20gb (0),1,,13,cupy_copy__complex64_complex64
21025135656,2432,456534,103,1,1,128,1,1,16,0.000,0.000,,,,,NVIDIA A100-SXM4-40GB MIG 4g.20gb (0),1,,13,cupy_copy__complex64_complex64
21025140296,79487,456541,1,1,1,32,32,1,30,0.000,0.000,,,,,NVIDIA A100-SXM4-40GB MIG 4g.20gb (0),1,,13,"void convert_kernel<__half2, float2>(tensor_layout_any, T1 *, tensor_layout_any, const T2 *)"
21025248007,5440,456544,,,,,,,,,,0.094,17223.480,Pinned,Device,NVIDIA A100-SXM4-40GB MIG 4g.20gb (0),1,,13,[CUDA memcpy Host-to-Device]
21025259911,47071,456545,,,,,,,,,,35.810,760745.940,Device,,NVIDIA A100-SXM4-40GB MIG 4g.20gb (0),1,,13,[CUDA memset]
21025313382,1824,456547,,,,,,,,,,0.000,43.860,Pinned,Device,NVIDIA A100-SXM4-40GB MIG 4g.20gb (0),1,,13,[CUDA memcpy Host-to-Device]
21025317734,9440,456548,,,,,,,,,,0.197,20827.079,Pinned,Device,NVIDIA A100-SXM4-40GB MIG 4g.20gb (0),1,,13,[CUDA memcpy Host-to-Device]
21025331782,8896,456549,273,1,1,48,1,1,40,0.000,0.001,,,,,NVIDIA A100-SXM4-40GB MIG 4g.20gb (0),1,,13,"void pusch_noise_intf_est::noiseIntfEstNoDftSOfdmKernel<float, __half, float, float, (unsigned int)2, (unsigned int)1, (unsigned char)4, (unsigned char)4>(pusch_noise_intf_est::puschRxNoiseIntfEstDynDescr)"
21025342662,2816,456560,35,1,1,128,1,1,16,0.000,0.000,,,,,NVIDIA A100-SXM4-40GB MIG 4g.20gb (0),1,,13,cupy_copy__complex64_complex64
21025365414,1920,456569,1,1,1,1,1,1,18,0.000,0.000,,,,,NVIDIA A100-SXM4-40GB MIG 4g.20gb (0),1,,13,cupy_copy__float32_float32
21025399493,1632,456575,,,,,,,,,,0.000,2.451,Device,Pageable,NVIDIA A100-SXM4-40GB MIG 4g.20gb (0),1,,7,[CUDA memcpy Device-to-Host]
21025458981,13631,456586,1434,1,1,128,1,1,16,0.000,0.000,,,,,NVIDIA A100-SXM4-40GB MIG 4g.20gb (0),1,,13,cupy_copy__complex64_complex64
21025485252,2656,456593,103,1,1,128,1,1,16,0.000,0.000,,,,,NVIDIA A100-SXM4-40GB MIG 4g.20gb (0),1,,13,cupy_copy__complex64_complex64
21025506308,2208,456600,35,1,1,128,1,1,16,0.000,0.000,,,,,NVIDIA A100-SXM4-40GB MIG 4g.20gb (0),1,,13,cupy_copy__complex64_complex64
21025523780,1888,456607,1,1,1,1,1,1,18,0.000,0.000,,,,,NVIDIA A100-SXM4-40GB MIG 4g.20gb (0),1,,13,cupy_copy__float32_float32
21025660002,81279,456618,1,1,1,32,32,1,30,0.000,0.000,,,,,NVIDIA A100-SXM4-40GB MIG 4g.20gb (0),1,,13,"void convert_kernel<__half2, float2>(tensor_layout_any, T1 *, tensor_layout_any, const T2 *)"
21025770401,5696,456621,,,,,,,,,,0.094,16449.363,Pinned,Device,NVIDIA A100-SXM4-40GB MIG 4g.20gb (0),1,,13,[CUDA memcpy Host-to-Device]
21025907904,8991,456622,,,,,,,,,,1.547,172018.615,Device,,NVIDIA A100-SXM4-40GB MIG 4g.20gb (0),1,,13,[CUDA memset]
21025922335,3808,456627,,,,,,,,,,0.031,8218.486,Pinned,Device,NVIDIA A100-SXM4-40GB MIG 4g.20gb (0),1,,13,[CUDA memcpy Host-to-Device]
21025929055,9568,456628,,,,,,,,,,0.197,20548.485,Pinned,Device,NVIDIA A100-SXM4-40GB MIG 4g.20gb (0),1,,13,[CUDA memcpy Host-to-Device]
21026074718,13504,456629,273,1,1,8,4,1,39,0.002,0.000,,,,,NVIDIA A100-SXM4-40GB MIG 4g.20gb (0),1,,13,"void channel_eq::eqMmseCoefCompLowMimoKernel<float, float, float, (unsigned int)4, (unsigned int)1, (unsigned int)4>(const channel_eq::_puschRxChEqStatDescr *, channel_eq::_puschRxChEqCoefCompDynDescr)"
21026155069,17312,456630,273,1,1,12,11,1,51,0.002,0.000,,,,,NVIDIA A100-SXM4-40GB MIG 4g.20gb (0),1,,13,"void channel_eq::eqMmseSoftDemapKernel<float, __half, __half, float, (unsigned int)4, (unsigned short)16383>(channel_eq::_puschRxChEqStatDescr *, channel_eq::_puschRxChEqSoftDemapDynDescr)"
21026173085,704952,456631,1,1,1,32,32,1,30,0.000,0.000,,,,,NVIDIA A100-SXM4-40GB MIG 4g.20gb (0),1,,13,"void convert_kernel<float2, __half2>(tensor_layout_any, T1 *, tensor_layout_any, const T2 *)"
21026906324,18688,456643,2253,1,1,128,1,1,16,0.000,0.000,,,,,NVIDIA A100-SXM4-40GB MIG 4g.20gb (0),1,,13,cupy_copy__float16_float16
21026993907,8192,456652,282,1,1,128,1,1,16,0.000,0.000,,,,,NVIDIA A100-SXM4-40GB MIG 4g.20gb (0),1,,13,cupy_copy__complex64_complex64
21027004339,3328,456661,26,1,1,128,1,1,16,0.000,0.000,,,,,NVIDIA A100-SXM4-40GB MIG 4g.20gb (0),1,,13,cupy_copy__float32_float32
21027080786,11232,456670,103,1,1,128,1,1,16,0.000,0.000,,,,,NVIDIA A100-SXM4-40GB MIG 4g.20gb (0),1,,13,cupy_copy__complex64_complex64
21027093778,13696,456680,1434,1,1,128,1,1,16,0.000,0.000,,,,,NVIDIA A100-SXM4-40GB MIG 4g.20gb (0),1,,13,cupy_copy__complex64_complex64
21027175281,186366,456685,1,1,1,32,32,1,30,0.000,0.000,,,,,NVIDIA A100-SXM4-40GB MIG 4g.20gb (0),1,,13,"void convert_kernel<__half2, float2>(tensor_layout_any, T1 *, tensor_layout_any, const T2 *)"
21027392079,5312,456688,,,,,,,,,,0.094,17638.553,Pinned,Device,NVIDIA A100-SXM4-40GB MIG 4g.20gb (0),1,,13,[CUDA memcpy Host-to-Device]
21027402159,608153,456689,,,,,,,,,,456.561,750587.007,Device,,NVIDIA A100-SXM4-40GB MIG 4g.20gb (0),1,,13,[CUDA memset]
21028017544,48895,456694,,,,,,,,,,1.235,25255.840,Pinned,Device,NVIDIA A100-SXM4-40GB MIG 4g.20gb (0),1,,13,[CUDA memcpy Host-to-Device]
21028068935,9408,456695,,,,,,,,,,0.197,20897.858,Pinned,Device,NVIDIA A100-SXM4-40GB MIG 4g.20gb (0),1,,13,[CUDA memcpy Host-to-Device]
21028082727,7456,456696,69,4,1,48,1,1,76,0.002,0.000,,,,,NVIDIA A100-SXM4-40GB MIG 4g.20gb (0),1,,13,"void ch_est::windowedChEstPreNoDftSOfdmKernel<float, __half, float, (unsigned int)2, (unsigned int)1, (unsigned short)4>(ch_est::puschRxChEstStatDescr_t *, ch_est::puschRxChEstDynDescr_t *)"
21028095015,6272,456697,137,2,1,24,2,1,44,0.001,0.001,,,,,NVIDIA A100-SXM4-40GB MIG 4g.20gb (0),1,,13,"void ch_est::chEstFilterNoDftSOfdmDispatchKernel<float, __half, float, (unsigned int)2>(ch_est::puschRxChEstStatDescr_t *, ch_est::puschRxChEstDynDescr_t *)"
21028103143,4704,456698,137,2,1,24,2,1,44,0.001,0.001,,,,,NVIDIA A100-SXM4-40GB MIG 4g.20gb (0),1,,13,"void ch_est::chEstFilterNoDftSOfdmDispatchKernel<float, __half, float, (unsigned int)2>(ch_est::puschRxChEstStatDescr_t *, ch_est::puschRxChEstDynDescr_t *)"
21028271109,3392,456709,103,1,1,128,1,1,16,0.000,0.000,,,,,NVIDIA A100-SXM4-40GB MIG 4g.20gb (0),1,,13,cupy_copy__complex64_complex64
21028276549,13888,456719,1434,1,1,128,1,1,16,0.000,0.000,,,,,NVIDIA A100-SXM4-40GB MIG 4g.20gb (0),1,,13,cupy_copy__complex64_complex64
21028458371,5024,456726,103,1,1,128,1,1,16,0.000,0.000,,,,,NVIDIA A100-SXM4-40GB MIG 4g.20gb (0),1,,13,cupy_copy__complex64_complex64
21028464835,177630,456733,1,1,1,32,32,1,30,0.000,0.000,,,,,NVIDIA A100-SXM4-40GB MIG 4g.20gb (0),1,,13,"void convert_kernel<__half2, float2>(tensor_layout_any, T1 *, tensor_layout_any, const T2 *)"
21028672321,5632,456736,,,,,,,,,,0.094,16636.287,Pinned,Device,NVIDIA A100-SXM4-40GB MIG 4g.20gb (0),1,,13,[CUDA memcpy Host-to-Device]
21028683809,48255,456737,,,,,,,,,,35.810,742088.972,Device,,NVIDIA A100-SXM4-40GB MIG 4g.20gb (0),1,,13,[CUDA memset]
21028736576,1824,456739,,,,,,,,,,0.000,43.860,Pinned,Device,NVIDIA A100-SXM4-40GB MIG 4g.20gb (0),1,,13,[CUDA memcpy Host-to-Device]
21028740896,9376,456740,,,,,,,,,,0.197,20969.226,Pinned,Device,NVIDIA A100-SXM4-40GB MIG 4g.20gb (0),1,,13,[CUDA memcpy Host-to-Device]
21028754528,8864,456741,273,1,1,48,1,1,40,0.000,0.001,,,,,NVIDIA A100-SXM4-40GB MIG 4g.20gb (0),1,,13,"void pusch_noise_intf_est::noiseIntfEstNoDftSOfdmKernel<float, __half, float, float, (unsigned int)2, (unsigned int)1, (unsigned char)4, (unsigned char)4>(pusch_noise_intf_est::puschRxNoiseIntfEstDynDescr)"
21028764768,2912,456752,35,1,1,128,1,1,16,0.000,0.000,,,,,NVIDIA A100-SXM4-40GB MIG 4g.20gb (0),1,,13,cupy_copy__complex64_complex64
21028792543,1888,456761,1,1,1,1,1,1,18,0.000,0.000,,,,,NVIDIA A100-SXM4-40GB MIG 4g.20gb (0),1,,13,cupy_copy__float32_float32
21028827391,1824,456767,,,,,,,,,,0.000,2.193,Device,Pageable,NVIDIA A100-SXM4-40GB MIG 4g.20gb (0),1,,7,[CUDA memcpy Device-to-Host]
21028886942,13504,456778,1434,1,1,128,1,1,16,0.000,0.000,,,,,NVIDIA A100-SXM4-40GB MIG 4g.20gb (0),1,,13,cupy_copy__complex64_complex64
21028913342,2688,456785,103,1,1,128,1,1,16,0.000,0.000,,,,,NVIDIA A100-SXM4-40GB MIG 4g.20gb (0),1,,13,cupy_copy__complex64_complex64
21028933662,2208,456792,35,1,1,128,1,1,16,0.000,0.000,,,,,NVIDIA A100-SXM4-40GB MIG 4g.20gb (0),1,,13,cupy_copy__complex64_complex64
21028951870,1888,456799,1,1,1,1,1,1,18,0.000,0.000,,,,,NVIDIA A100-SXM4-40GB MIG 4g.20gb (0),1,,13,cupy_copy__float32_float32
21029087356,78911,456810,1,1,1,32,32,1,30,0.000,0.000,,,,,NVIDIA A100-SXM4-40GB MIG 4g.20gb (0),1,,13,"void convert_kernel<__half2, float2>(tensor_layout_any, T1 *, tensor_layout_any, const T2 *)"
21029204475,5376,456813,,,,,,,,,,0.094,17428.487,Pinned,Device,NVIDIA A100-SXM4-40GB MIG 4g.20gb (0),1,,13,[CUDA memcpy Host-to-Device]
21029219099,3200,456814,,,,,,,,,,1.547,483320.000,Device,,NVIDIA A100-SXM4-40GB MIG 4g.20gb (0),1,,13,[CUDA memset]
21029225467,3039,456819,,,,,,,,,,0.031,10298.105,Pinned,Device,NVIDIA A100-SXM4-40GB MIG 4g.20gb (0),1,,13,[CUDA memcpy Host-to-Device]
21029230938,9248,456820,,,,,,,,,,0.197,21259.420,Pinned,Device,NVIDIA A100-SXM4-40GB MIG 4g.20gb (0),1,,13,[CUDA memcpy Host-to-Device]
21029244218,5952,456821,273,1,1,8,4,1,39,0.002,0.000,,,,,NVIDIA A100-SXM4-40GB MIG 4g.20gb (0),1,,13,"void channel_eq::eqMmseCoefCompLowMimoKernel<float, float, float, (unsigned int)4, (unsigned int)1, (unsigned int)4>(const channel_eq::_puschRxChEqStatDescr *, channel_eq::_puschRxChEqCoefCompDynDescr)"
21029251578,5632,456822,273,1,1,12,11,1,51,0.002,0.000,,,,,NVIDIA A100-SXM4-40GB MIG 4g.20gb (0),1,,13,"void channel_eq::eqMmseSoftDemapKernel<float, __half, __half, float, (unsigned int)4, (unsigned short)16383>(channel_eq::_puschRxChEqStatDescr *, channel_eq::_puschRxChEqSoftDemapDynDescr)"
21029259418,283613,456823,1,1,1,32,32,1,30,0.000,0.000,,,,,NVIDIA A100-SXM4-40GB MIG 4g.20gb (0),1,,13,"void convert_kernel<float2, __half2>(tensor_layout_any, T1 *, tensor_layout_any, const T2 *)"
21029642294,23456,456835,2253,1,1,128,1,1,16,0.000,0.000,,,,,NVIDIA A100-SXM4-40GB MIG 4g.20gb (0),1,,13,cupy_copy__float16_float16
21029667094,5952,456844,282,1,1,128,1,1,16,0.000,0.000,,,,,NVIDIA A100-SXM4-40GB MIG 4g.20gb (0),1,,13,cupy_copy__complex64_complex64
21029783860,6240,456853,26,1,1,128,1,1,16,0.000,0.000,,,,,NVIDIA A100-SXM4-40GB MIG 4g.20gb (0),1,,13,cupy_copy__float32_float32
21029792084,7232,456862,103,1,1,128,1,1,16,0.000,0.000,,,,,NVIDIA A100-SXM4-40GB MIG 4g.20gb (0),1,,13,cupy_copy__complex64_complex64
21029800692,14240,456872,1434,1,1,128,1,1,16,0.000,0.000,,,,,NVIDIA A100-SXM4-40GB MIG 4g.20gb (0),1,,13,cupy_copy__complex64_complex64
21029817172,79391,456877,1,1,1,32,32,1,30,0.000,0.000,,,,,NVIDIA A100-SXM4-40GB MIG 4g.20gb (0),1,,13,"void convert_kernel<__half2, float2>(tensor_layout_any, T1 *, tensor_layout_any, const T2 *)"
21029925651,5344,456880,,,,,,,,,,0.094,17532.864,Pinned,Device,NVIDIA A100-SXM4-40GB MIG 4g.20gb (0),1,,13,[CUDA memcpy Host-to-Device]
21029935475,608249,456881,,,,,,,,,,456.561,750587.007,Device,,NVIDIA A100-SXM4-40GB MIG 4g.20gb (0),1,,13,[CUDA memset]
21030548140,49023,456886,,,,,,,,,,1.235,25190.388,Pinned,Device,NVIDIA A100-SXM4-40GB MIG 4g.20gb (0),1,,13,[CUDA memcpy Host-to-Device]
21030599595,9376,456887,,,,,,,,,,0.197,20969.226,Pinned,Device,NVIDIA A100-SXM4-40GB MIG 4g.20gb (0),1,,13,[CUDA memcpy Host-to-Device]
21030613323,7008,456888,69,4,1,48,1,1,76,0.002,0.000,,,,,NVIDIA A100-SXM4-40GB MIG 4g.20gb (0),1,,13,"void ch_est::windowedChEstPreNoDftSOfdmKernel<float, __half, float, (unsigned int)2, (unsigned int)1, (unsigned short)4>(ch_est::puschRxChEstStatDescr_t *, ch_est::puschRxChEstDynDescr_t *)"
21030622475,6912,456889,137,2,1,24,2,1,44,0.001,0.001,,,,,NVIDIA A100-SXM4-40GB MIG 4g.20gb (0),1,,13,"void ch_est::chEstFilterNoDftSOfdmDispatchKernel<float, __half, float, (unsigned int)2>(ch_est::puschRxChEstStatDescr_t *, ch_est::puschRxChEstDynDescr_t *)"
21030631179,4832,456890,137,2,1,24,2,1,44,0.001,0.001,,,,,NVIDIA A100-SXM4-40GB MIG 4g.20gb (0),1,,13,"void ch_est::chEstFilterNoDftSOfdmDispatchKernel<float, __half, float, (unsigned int)2>(ch_est::puschRxChEstStatDescr_t *, ch_est::puschRxChEstDynDescr_t *)"
21030638155,2528,456901,103,1,1,128,1,1,16,0.000,0.000,,,,,NVIDIA A100-SXM4-40GB MIG 4g.20gb (0),1,,13,cupy_copy__complex64_complex64
21030642731,13280,456911,1434,1,1,128,1,1,16,0.000,0.000,,,,,NVIDIA A100-SXM4-40GB MIG 4g.20gb (0),1,,13,cupy_copy__complex64_complex64
21030657643,2432,456918,103,1,1,128,1,1,16,0.000,0.000,,,,,NVIDIA A100-SXM4-40GB MIG 4g.20gb (0),1,,13,cupy_copy__complex64_complex64
21030661643,81887,456925,1,1,1,32,32,1,30,0.000,0.000,,,,,NVIDIA A100-SXM4-40GB MIG 4g.20gb (0),1,,13,"void convert_kernel<__half2, float2>(tensor_layout_any, T1 *, tensor_layout_any, const T2 *)"
21030770825,5344,456928,,,,,,,,,,0.094,17532.864,Pinned,Device,NVIDIA A100-SXM4-40GB MIG 4g.20gb (0),1,,13,[CUDA memcpy Host-to-Device]
21030783049,48320,456929,,,,,,,,,,35.810,741086.294,Device,,NVIDIA A100-SXM4-40GB MIG 4g.20gb (0),1,,13,[CUDA memset]
21030835753,2560,456931,,,,,,,,,,0.000,31.250,Pinned,Device,NVIDIA A100-SXM4-40GB MIG 4g.20gb (0),1,,13,[CUDA memcpy Host-to-Device]
21030840745,9343,456932,,,,,,,,,,0.197,21043.347,Pinned,Device,NVIDIA A100-SXM4-40GB MIG 4g.20gb (0),1,,13,[CUDA memcpy Host-to-Device]
21030854152,9696,456933,273,1,1,48,1,1,40,0.000,0.001,,,,,NVIDIA A100-SXM4-40GB MIG 4g.20gb (0),1,,13,"void pusch_noise_intf_est::noiseIntfEstNoDftSOfdmKernel<float, __half, float, float, (unsigned int)2, (unsigned int)1, (unsigned char)4, (unsigned char)4>(pusch_noise_intf_est::puschRxNoiseIntfEstDynDescr)"
21030865832,2784,456944,35,1,1,128,1,1,16,0.000,0.000,,,,,NVIDIA A100-SXM4-40GB MIG 4g.20gb (0),1,,13,cupy_copy__complex64_complex64
21030968711,4960,456953,1,1,1,1,1,1,18,0.000,0.000,,,,,NVIDIA A100-SXM4-40GB MIG 4g.20gb (0),1,,13,cupy_copy__float32_float32
21030977127,2240,456959,,,,,,,,,,0.000,1.786,Device,Pageable,NVIDIA A100-SXM4-40GB MIG 4g.20gb (0),1,,7,[CUDA memcpy Device-to-Host]
21031071302,17536,456970,1434,1,1,128,1,1,16,0.000,0.000,,,,,NVIDIA A100-SXM4-40GB MIG 4g.20gb (0),1,,13,cupy_copy__complex64_complex64
21031091014,4608,456977,103,1,1,128,1,1,16,0.000,0.000,,,,,NVIDIA A100-SXM4-40GB MIG 4g.20gb (0),1,,13,cupy_copy__complex64_complex64
21031098726,2496,456984,35,1,1,128,1,1,16,0.000,0.000,,,,,NVIDIA A100-SXM4-40GB MIG 4g.20gb (0),1,,13,cupy_copy__complex64_complex64
21031118085,1888,456991,1,1,1,1,1,1,18,0.000,0.000,,,,,NVIDIA A100-SXM4-40GB MIG 4g.20gb (0),1,,13,cupy_copy__float32_float32
21031252964,78879,457002,1,1,1,32,32,1,30,0.000,0.000,,,,,NVIDIA A100-SXM4-40GB MIG 4g.20gb (0),1,,13,"void convert_kernel<__half2, float2>(tensor_layout_any, T1 *, tensor_layout_any, const T2 *)"
21031362499,5344,457005,,,,,,,,,,0.094,17532.864,Pinned,Device,NVIDIA A100-SXM4-40GB MIG 4g.20gb (0),1,,13,[CUDA memcpy Host-to-Device]
21031376483,3168,457006,,,,,,,,,,1.547,488201.145,Device,,NVIDIA A100-SXM4-40GB MIG 4g.20gb (0),1,,13,[CUDA memset]
21031383618,3104,457011,,,,,,,,,,0.031,10082.445,Pinned,Device,NVIDIA A100-SXM4-40GB MIG 4g.20gb (0),1,,13,[CUDA memcpy Host-to-Device]
21031389122,9312,457012,,,,,,,,,,0.197,21113.340,Pinned,Device,NVIDIA A100-SXM4-40GB MIG 4g.20gb (0),1,,13,[CUDA memcpy Host-to-Device]
21031403106,5952,457013,273,1,1,8,4,1,39,0.002,0.000,,,,,NVIDIA A100-SXM4-40GB MIG 4g.20gb (0),1,,13,"void channel_eq::eqMmseCoefCompLowMimoKernel<float, float, float, (unsigned int)4, (unsigned int)1, (unsigned int)4>(const channel_eq::_puschRxChEqStatDescr *, channel_eq::_puschRxChEqCoefCompDynDescr)"
21031410754,5632,457014,273,1,1,12,11,1,51,0.002,0.000,,,,,NVIDIA A100-SXM4-40GB MIG 4g.20gb (0),1,,13,"void channel_eq::eqMmseSoftDemapKernel<float, __half, __half, float, (unsigned int)4, (unsigned short)16383>(channel_eq::_puschRxChEqStatDescr *, channel_eq::_puschRxChEqSoftDemapDynDescr)"
21031418370,281309,457015,1,1,1,32,32,1,30,0.000,0.000,,,,,NVIDIA A100-SXM4-40GB MIG 4g.20gb (0),1,,13,"void convert_kernel<float2, __half2>(tensor_layout_any, T1 *, tensor_layout_any, const T2 *)"
21031701183,10912,457027,2253,1,1,128,1,1,16,0.000,0.000,,,,,NVIDIA A100-SXM4-40GB MIG 4g.20gb (0),1,,13,cupy_copy__float16_float16
21031713343,2752,457036,282,1,1,128,1,1,16,0.000,0.000,,,,,NVIDIA A100-SXM4-40GB MIG 4g.20gb (0),1,,13,cupy_copy__complex64_complex64
21031718431,2048,457045,26,1,1,128,1,1,16,0.000,0.000,,,,,NVIDIA A100-SXM4-40GB MIG 4g.20gb (0),1,,13,cupy_copy__float32_float32
21031722431,2880,457054,103,1,1,128,1,1,16,0.000,0.000,,,,,NVIDIA A100-SXM4-40GB MIG 4g.20gb (0),1,,13,cupy_copy__complex64_complex64
21031726719,11935,457064,1434,1,1,128,1,1,16,0.000,0.000,,,,,NVIDIA A100-SXM4-40GB MIG 4g.20gb (0),1,,13,cupy_copy__complex64_complex64
21031750846,79071,457069,1,1,1,32,32,1,30,0.000,0.000,,,,,NVIDIA A100-SXM4-40GB MIG 4g.20gb (0),1,,13,"void convert_kernel<__half2, float2>(tensor_layout_any, T1 *, tensor_layout_any, const T2 *)"
21031868797,5344,457072,,,,,,,,,,0.094,17532.864,Pinned,Device,NVIDIA A100-SXM4-40GB MIG 4g.20gb (0),1,,13,[CUDA memcpy Host-to-Device]
21031878461,611225,457073,,,,,,,,,,456.561,746934.516,Device,,NVIDIA A100-SXM4-40GB MIG 4g.20gb (0),1,,13,[CUDA memset]
21032495926,50911,457078,,,,,,,,,,1.235,24256.770,Pinned,Device,NVIDIA A100-SXM4-40GB MIG 4g.20gb (0),1,,13,[CUDA memcpy Host-to-Device]
21032549621,9984,457079,,,,,,,,,,0.197,19692.257,Pinned,Device,NVIDIA A100-SXM4-40GB MIG 4g.20gb (0),1,,13,[CUDA memcpy Host-to-Device]
21032578453,9632,457080,69,4,1,48,1,1,76,0.002,0.000,,,,,NVIDIA A100-SXM4-40GB MIG 4g.20gb (0),1,,13,"void ch_est::windowedChEstPreNoDftSOfdmKernel<float, __half, float, (unsigned int)2, (unsigned int)1, (unsigned short)4>(ch_est::puschRxChEstStatDescr_t *, ch_est::puschRxChEstDynDescr_t *)"
21032591061,6656,457081,137,2,1,24,2,1,44,0.001,0.001,,,,,NVIDIA A100-SXM4-40GB MIG 4g.20gb (0),1,,13,"void ch_est::chEstFilterNoDftSOfdmDispatchKernel<float, __half, float, (unsigned int)2>(ch_est::puschRxChEstStatDescr_t *, ch_est::puschRxChEstDynDescr_t *)"
21032682420,11200,457082,137,2,1,24,2,1,44,0.001,0.001,,,,,NVIDIA A100-SXM4-40GB MIG 4g.20gb (0),1,,13,"void ch_est::chEstFilterNoDftSOfdmDispatchKernel<float, __half, float, (unsigned int)2>(ch_est::puschRxChEstStatDescr_t *, ch_est::puschRxChEstDynDescr_t *)"
21032695668,3104,457093,103,1,1,128,1,1,16,0.000,0.000,,,,,NVIDIA A100-SXM4-40GB MIG 4g.20gb (0),1,,13,cupy_copy__complex64_complex64
21032701108,13024,457103,1434,1,1,128,1,1,16,0.000,0.000,,,,,NVIDIA A100-SXM4-40GB MIG 4g.20gb (0),1,,13,cupy_copy__complex64_complex64
21032715636,2432,457110,103,1,1,128,1,1,16,0.000,0.000,,,,,NVIDIA A100-SXM4-40GB MIG 4g.20gb (0),1,,13,cupy_copy__complex64_complex64
21032719668,160862,457117,1,1,1,32,32,1,30,0.000,0.000,,,,,NVIDIA A100-SXM4-40GB MIG 4g.20gb (0),1,,13,"void convert_kernel<__half2, float2>(tensor_layout_any, T1 *, tensor_layout_any, const T2 *)"
21032908817,6016,457120,,,,,,,,,,0.094,15574.430,Pinned,Device,NVIDIA A100-SXM4-40GB MIG 4g.20gb (0),1,,13,[CUDA memcpy Host-to-Device]
21032928433,51552,457121,,,,,,,,,,35.810,694605.018,Device,,NVIDIA A100-SXM4-40GB MIG 4g.20gb (0),1,,13,[CUDA memset]
21032983793,2208,457123,,,,,,,,,,0.000,36.232,Pinned,Device,NVIDIA A100-SXM4-40GB MIG 4g.20gb (0),1,,13,[CUDA memcpy Host-to-Device]
21032988497,10111,457124,,,,,,,,,,0.197,19444.924,Pinned,Device,NVIDIA A100-SXM4-40GB MIG 4g.20gb (0),1,,13,[CUDA memcpy Host-to-Device]
21033064656,11904,457125,273,1,1,48,1,1,40,0.000,0.001,,,,,NVIDIA A100-SXM4-40GB MIG 4g.20gb (0),1,,13,"void pusch_noise_intf_est::noiseIntfEstNoDftSOfdmKernel<float, __half, float, float, (unsigned int)2, (unsigned int)1, (unsigned char)4, (unsigned char)4>(pusch_noise_intf_est::puschRxNoiseIntfEstDynDescr)"
21033158063,4672,457136,35,1,1,128,1,1,16,0.000,0.000,,,,,NVIDIA A100-SXM4-40GB MIG 4g.20gb (0),1,,13,cupy_copy__complex64_complex64
21033165391,2848,457145,1,1,1,1,1,1,18,0.000,0.000,,,,,NVIDIA A100-SXM4-40GB MIG 4g.20gb (0),1,,13,cupy_copy__float32_float32
21033176910,1632,457151,,,,,,,,,,0.000,2.451,Device,Pageable,NVIDIA A100-SXM4-40GB MIG 4g.20gb (0),1,,7,[CUDA memcpy Device-to-Host]
21033252430,18399,457162,1434,1,1,128,1,1,16,0.000,0.000,,,,,NVIDIA A100-SXM4-40GB MIG 4g.20gb (0),1,,13,cupy_copy__complex64_complex64
21033273805,3296,457169,103,1,1,128,1,1,16,0.000,0.000,,,,,NVIDIA A100-SXM4-40GB MIG 4g.20gb (0),1,,13,cupy_copy__complex64_complex64
21033363884,5600,457176,35,1,1,128,1,1,16,0.000,0.000,,,,,NVIDIA A100-SXM4-40GB MIG 4g.20gb (0),1,,13,cupy_copy__complex64_complex64
21033372844,3648,457183,1,1,1,1,1,1,18,0.000,0.000,,,,,NVIDIA A100-SXM4-40GB MIG 4g.20gb (0),1,,13,cupy_copy__float32_float32
21033557610,298525,457194,1,1,1,32,32,1,30,0.000,0.000,,,,,NVIDIA A100-SXM4-40GB MIG 4g.20gb (0),1,,13,"void convert_kernel<__half2, float2>(tensor_layout_any, T1 *, tensor_layout_any, const T2 *)"
21033886055,5951,457197,,,,,,,,,,0.094,15744.488,Pinned,Device,NVIDIA A100-SXM4-40GB MIG 4g.20gb (0),1,,13,[CUDA memcpy Host-to-Device]
21033925222,5888,457198,,,,,,,,,,1.547,262672.434,Device,,NVIDIA A100-SXM4-40GB MIG 4g.20gb (0),1,,13,[CUDA memset]
21033958598,3296,457203,,,,,,,,,,0.031,9495.144,Pinned,Device,NVIDIA A100-SXM4-40GB MIG 4g.20gb (0),1,,13,[CUDA memcpy Host-to-Device]
21033965158,9632,457204,,,,,,,,,,0.197,20411.843,Pinned,Device,NVIDIA A100-SXM4-40GB MIG 4g.20gb (0),1,,13,[CUDA memcpy Host-to-Device]
21034019493,11296,457205,273,1,1,8,4,1,39,0.002,0.000,,,,,NVIDIA A100-SXM4-40GB MIG 4g.20gb (0),1,,13,"void channel_eq::eqMmseCoefCompLowMimoKernel<float, float, float, (unsigned int)4, (unsigned int)1, (unsigned int)4>(const channel_eq::_puschRxChEqStatDescr *, channel_eq::_puschRxChEqCoefCompDynDescr)"
21034032901,7808,457206,273,1,1,12,11,1,51,0.002,0.000,,,,,NVIDIA A100-SXM4-40GB MIG 4g.20gb (0),1,,13,"void channel_eq::eqMmseSoftDemapKernel<float, __half, __half, float, (unsigned int)4, (unsigned short)16383>(channel_eq::_puschRxChEqStatDescr *, channel_eq::_puschRxChEqSoftDemapDynDescr)"
21034042597,281405,457207,1,1,1,32,32,1,30,0.000,0.000,,,,,NVIDIA A100-SXM4-40GB MIG 4g.20gb (0),1,,13,"void convert_kernel<float2, __half2>(tensor_layout_any, T1 *, tensor_layout_any, const T2 *)"
21034325602,10816,457219,2253,1,1,128,1,1,16,0.000,0.000,,,,,NVIDIA A100-SXM4-40GB MIG 4g.20gb (0),1,,13,cupy_copy__float16_float16
21034338689,2848,457228,282,1,1,128,1,1,16,0.000,0.000,,,,,NVIDIA A100-SXM4-40GB MIG 4g.20gb (0),1,,13,cupy_copy__complex64_complex64
21034343809,2048,457237,26,1,1,128,1,1,16,0.000,0.000,,,,,NVIDIA A100-SXM4-40GB MIG 4g.20gb (0),1,,13,cupy_copy__float32_float32
21034347809,2944,457246,103,1,1,128,1,1,16,0.000,0.000,,,,,NVIDIA A100-SXM4-40GB MIG 4g.20gb (0),1,,13,cupy_copy__complex64_complex64
21034352993,12160,457256,1434,1,1,128,1,1,16,0.000,0.000,,,,,NVIDIA A100-SXM4-40GB MIG 4g.20gb (0),1,,13,cupy_copy__complex64_complex64
21034366369,79007,457261,1,1,1,32,32,1,30,0.000,0.000,,,,,NVIDIA A100-SXM4-40GB MIG 4g.20gb (0),1,,13,"void convert_kernel<__half2, float2>(tensor_layout_any, T1 *, tensor_layout_any, const T2 *)"
21034474976,5344,457264,,,,,,,,,,0.094,17532.864,Pinned,Device,NVIDIA A100-SXM4-40GB MIG 4g.20gb (0),1,,13,[CUDA memcpy Host-to-Device]
21034484672,606201,457265,,,,,,,,,,456.561,752869.815,Device,,NVIDIA A100-SXM4-40GB MIG 4g.20gb (0),1,,13,[CUDA memset]
21035094105,48768,457270,,,,,,,,,,1.235,25322.527,Pinned,Device,NVIDIA A100-SXM4-40GB MIG 4g.20gb (0),1,,13,[CUDA memcpy Host-to-Device]
21035145337,9471,457271,,,,,,,,,,0.197,20758.856,Pinned,Device,NVIDIA A100-SXM4-40GB MIG 4g.20gb (0),1,,13,[CUDA memcpy Host-to-Device]
21035158680,7072,457272,69,4,1,48,1,1,76,0.002,0.000,,,,,NVIDIA A100-SXM4-40GB MIG 4g.20gb (0),1,,13,"void ch_est::windowedChEstPreNoDftSOfdmKernel<float, __half, float, (unsigned int)2, (unsigned int)1, (unsigned short)4>(ch_est::puschRxChEstStatDescr_t *, ch_est::puschRxChEstDynDescr_t *)"
21035167992,6656,457273,137,2,1,24,2,1,44,0.001,0.001,,,,,NVIDIA A100-SXM4-40GB MIG 4g.20gb (0),1,,13,"void ch_est::chEstFilterNoDftSOfdmDispatchKernel<float, __half, float, (unsigned int)2>(ch_est::puschRxChEstStatDescr_t *, ch_est::puschRxChEstDynDescr_t *)"
21035176856,4800,457274,137,2,1,24,2,1,44,0.001,0.001,,,,,NVIDIA A100-SXM4-40GB MIG 4g.20gb (0),1,,13,"void ch_est::chEstFilterNoDftSOfdmDispatchKernel<float, __half, float, (unsigned int)2>(ch_est::puschRxChEstStatDescr_t *, ch_est::puschRxChEstDynDescr_t *)"
21035183768,2496,457285,103,1,1,128,1,1,16,0.000,0.000,,,,,NVIDIA A100-SXM4-40GB MIG 4g.20gb (0),1,,13,cupy_copy__complex64_complex64
21035187832,12896,457295,1434,1,1,128,1,1,16,0.000,0.000,,,,,NVIDIA A100-SXM4-40GB MIG 4g.20gb (0),1,,13,cupy_copy__complex64_complex64
21035202040,2432,457302,103,1,1,128,1,1,16,0.000,0.000,,,,,NVIDIA A100-SXM4-40GB MIG 4g.20gb (0),1,,13,cupy_copy__complex64_complex64
21035206712,79295,457309,1,1,1,32,32,1,30,0.000,0.000,,,,,NVIDIA A100-SXM4-40GB MIG 4g.20gb (0),1,,13,"void convert_kernel<__half2, float2>(tensor_layout_any, T1 *, tensor_layout_any, const T2 *)"
21035315447,6656,457312,,,,,,,,,,0.094,14076.887,Pinned,Device,NVIDIA A100-SXM4-40GB MIG 4g.20gb (0),1,,13,[CUDA memcpy Host-to-Device]
21035452309,51712,457313,,,,,,,,,,35.810,692456.423,Device,,NVIDIA A100-SXM4-40GB MIG 4g.20gb (0),1,,13,[CUDA memset]
21035512308,1824,457315,,,,,,,,,,0.000,43.860,Pinned,Device,NVIDIA A100-SXM4-40GB MIG 4g.20gb (0),1,,13,[CUDA memcpy Host-to-Device]
21035516564,9632,457316,,,,,,,,,,0.197,20411.843,Pinned,Device,NVIDIA A100-SXM4-40GB MIG 4g.20gb (0),1,,13,[CUDA memcpy Host-to-Device]
21035530100,8576,457317,273,1,1,48,1,1,40,0.000,0.001,,,,,NVIDIA A100-SXM4-40GB MIG 4g.20gb (0),1,,13,"void pusch_noise_intf_est::noiseIntfEstNoDftSOfdmKernel<float, __half, float, float, (unsigned int)2, (unsigned int)1, (unsigned char)4, (unsigned char)4>(pusch_noise_intf_est::puschRxNoiseIntfEstDynDescr)"
21035541140,2784,457328,35,1,1,128,1,1,16,0.000,0.000,,,,,NVIDIA A100-SXM4-40GB MIG 4g.20gb (0),1,,13,cupy_copy__complex64_complex64
21035545204,1888,457337,1,1,1,1,1,1,18,0.000,0.000,,,,,NVIDIA A100-SXM4-40GB MIG 4g.20gb (0),1,,13,cupy_copy__float32_float32
21035551796,1600,457343,,,,,,,,,,0.000,2.500,Device,Pageable,NVIDIA A100-SXM4-40GB MIG 4g.20gb (0),1,,7,[CUDA memcpy Device-to-Host]
21035611859,13216,457354,1434,1,1,128,1,1,16,0.000,0.000,,,,,NVIDIA A100-SXM4-40GB MIG 4g.20gb (0),1,,13,cupy_copy__complex64_complex64
21035638099,2656,457361,103,1,1,128,1,1,16,0.000,0.000,,,,,NVIDIA A100-SXM4-40GB MIG 4g.20gb (0),1,,13,cupy_copy__complex64_complex64
21035658515,2176,457368,35,1,1,128,1,1,16,0.000,0.000,,,,,NVIDIA A100-SXM4-40GB MIG 4g.20gb (0),1,,13,cupy_copy__complex64_complex64
21035690706,1856,457375,1,1,1,1,1,1,18,0.000,0.000,,,,,NVIDIA A100-SXM4-40GB MIG 4g.20gb (0),1,,13,cupy_copy__float32_float32
21035826545,80351,457386,1,1,1,32,32,1,30,0.000,0.000,,,,,NVIDIA A100-SXM4-40GB MIG 4g.20gb (0),1,,13,"void convert_kernel<__half2, float2>(tensor_layout_any, T1 *, tensor_layout_any, const T2 *)"
21035936944,5792,457389,,,,,,,,,,0.094,16176.708,Pinned,Device,NVIDIA A100-SXM4-40GB MIG 4g.20gb (0),1,,13,[CUDA memcpy Host-to-Device]
21035952016,3263,457390,,,,,,,,,,1.547,473987.671,Device,,NVIDIA A100-SXM4-40GB MIG 4g.20gb (0),1,,13,[CUDA memset]
21035957999,3040,457395,,,,,,,,,,0.031,10294.725,Pinned,Device,NVIDIA A100-SXM4-40GB MIG 4g.20gb (0),1,,13,[CUDA memcpy Host-to-Device]
21035963119,9408,457396,,,,,,,,,,0.197,20897.858,Pinned,Device,NVIDIA A100-SXM4-40GB MIG 4g.20gb (0),1,,13,[CUDA memcpy Host-to-Device]
21035976111,5920,457397,273,1,1,8,4,1,39,0.002,0.000,,,,,NVIDIA A100-SXM4-40GB MIG 4g.20gb (0),1,,13,"void channel_eq::eqMmseCoefCompLowMimoKernel<float, float, float, (unsigned int)4, (unsigned int)1, (unsigned int)4>(const channel_eq::_puschRxChEqStatDescr *, channel_eq::_puschRxChEqCoefCompDynDescr)"
21035983375,5600,457398,273,1,1,12,11,1,51,0.002,0.000,,,,,NVIDIA A100-SXM4-40GB MIG 4g.20gb (0),1,,13,"void channel_eq::eqMmseSoftDemapKernel<float, __half, __half, float, (unsigned int)4, (unsigned short)16383>(channel_eq::_puschRxChEqStatDescr *, channel_eq::_puschRxChEqSoftDemapDynDescr)"
21035990895,457691,457399,1,1,1,32,32,1,30,0.000,0.000,,,,,NVIDIA A100-SXM4-40GB MIG 4g.20gb (0),1,,13,"void convert_kernel<float2, __half2>(tensor_layout_any, T1 *, tensor_layout_any, const T2 *)"
21036450826,13056,457411,2253,1,1,128,1,1,16,0.000,0.000,,,,,NVIDIA A100-SXM4-40GB MIG 4g.20gb (0),1,,13,cupy_copy__float16_float16
21036465418,3616,457420,282,1,1,128,1,1,16,0.000,0.000,,,,,NVIDIA A100-SXM4-40GB MIG 4g.20gb (0),1,,13,cupy_copy__complex64_complex64
21036470794,2272,457429,26,1,1,128,1,1,16,0.000,0.000,,,,,NVIDIA A100-SXM4-40GB MIG 4g.20gb (0),1,,13,cupy_copy__float32_float32
21036474826,3104,457438,103,1,1,128,1,1,16,0.000,0.000,,,,,NVIDIA A100-SXM4-40GB MIG 4g.20gb (0),1,,13,cupy_copy__complex64_complex64
21036480458,12479,457448,1434,1,1,128,1,1,16,0.000,0.000,,,,,NVIDIA A100-SXM4-40GB MIG 4g.20gb (0),1,,13,cupy_copy__complex64_complex64
21036494665,80320,457453,1,1,1,32,32,1,30,0.000,0.000,,,,,NVIDIA A100-SXM4-40GB MIG 4g.20gb (0),1,,13,"void convert_kernel<__half2, float2>(tensor_layout_any, T1 *, tensor_layout_any, const T2 *)"
21036603816,5472,457456,,,,,,,,,,0.094,17122.757,Pinned,Device,NVIDIA A100-SXM4-40GB MIG 4g.20gb (0),1,,13,[CUDA memcpy Host-to-Device]
21036614760,615545,457457,,,,,,,,,,456.561,741455.779,Device,,NVIDIA A100-SXM4-40GB MIG 4g.20gb (0),1,,13,[CUDA memset]
21037235265,50208,457462,,,,,,,,,,1.235,24596.380,Pinned,Device,NVIDIA A100-SXM4-40GB MIG 4g.20gb (0),1,,13,[CUDA memcpy Host-to-Device]
21037287937,9535,457463,,,,,,,,,,0.197,20619.461,Pinned,Device,NVIDIA A100-SXM4-40GB MIG 4g.20gb (0),1,,13,[CUDA memcpy Host-to-Device]
21037560286,9215,457464,69,4,1,48,1,1,76,0.002,0.000,,,,,NVIDIA A100-SXM4-40GB MIG 4g.20gb (0),1,,13,"void ch_est::windowedChEstPreNoDftSOfdmKernel<float, __half, float, (unsigned int)2, (unsigned int)1, (unsigned short)4>(ch_est::puschRxChEstStatDescr_t *, ch_est::puschRxChEstDynDescr_t *)"
21037571645,7264,457465,137,2,1,24,2,1,44,0.001,0.001,,,,,NVIDIA A100-SXM4-40GB MIG 4g.20gb (0),1,,13,"void ch_est::chEstFilterNoDftSOfdmDispatchKernel<float, __half, float, (unsigned int)2>(ch_est::puschRxChEstStatDescr_t *, ch_est::puschRxChEstDynDescr_t *)"
21037580605,6560,457466,137,2,1,24,2,1,44,0.001,0.001,,,,,NVIDIA A100-SXM4-40GB MIG 4g.20gb (0),1,,13,"void ch_est::chEstFilterNoDftSOfdmDispatchKernel<float, __half, float, (unsigned int)2>(ch_est::puschRxChEstStatDescr_t *, ch_est::puschRxChEstDynDescr_t *)"
21037588797,2560,457477,103,1,1,128,1,1,16,0.000,0.000,,,,,NVIDIA A100-SXM4-40GB MIG 4g.20gb (0),1,,13,cupy_copy__complex64_complex64
21037593917,14336,457487,1434,1,1,128,1,1,16,0.000,0.000,,,,,NVIDIA A100-SXM4-40GB MIG 4g.20gb (0),1,,13,cupy_copy__complex64_complex64
21037929177,4032,457494,103,1,1,128,1,1,16,0.000,0.000,,,,,NVIDIA A100-SXM4-40GB MIG 4g.20gb (0),1,,13,cupy_copy__complex64_complex64
21037935129,183806,457501,1,1,1,32,32,1,30,0.000,0.000,,,,,NVIDIA A100-SXM4-40GB MIG 4g.20gb (0),1,,13,"void convert_kernel<__half2, float2>(tensor_layout_any, T1 *, tensor_layout_any, const T2 *)"
21038147703,5376,457504,,,,,,,,,,0.094,17428.487,Pinned,Device,NVIDIA A100-SXM4-40GB MIG 4g.20gb (0),1,,13,[CUDA memcpy Host-to-Device]
21038159991,49343,457505,,,,,,,,,,35.810,725723.839,Device,,NVIDIA A100-SXM4-40GB MIG 4g.20gb (0),1,,13,[CUDA memset]
21038217206,1888,457507,,,,,,,,,,0.000,42.373,Pinned,Device,NVIDIA A100-SXM4-40GB MIG 4g.20gb (0),1,,13,[CUDA memcpy Host-to-Device]
21038221526,9504,457508,,,,,,,,,,0.197,20686.701,Pinned,Device,NVIDIA A100-SXM4-40GB MIG 4g.20gb (0),1,,13,[CUDA memcpy Host-to-Device]
21038234966,9024,457509,273,1,1,48,1,1,40,0.000,0.001,,,,,NVIDIA A100-SXM4-40GB MIG 4g.20gb (0),1,,13,"void pusch_noise_intf_est::noiseIntfEstNoDftSOfdmKernel<float, __half, float, float, (unsigned int)2, (unsigned int)1, (unsigned char)4, (unsigned char)4>(pusch_noise_intf_est::puschRxNoiseIntfEstDynDescr)"
21038246038,2912,457520,35,1,1,128,1,1,16,0.000,0.000,,,,,NVIDIA A100-SXM4-40GB MIG 4g.20gb (0),1,,13,cupy_copy__complex64_complex64
21038265366,1888,457529,1,1,1,1,1,1,18,0.000,0.000,,,,,NVIDIA A100-SXM4-40GB MIG 4g.20gb (0),1,,13,cupy_copy__float32_float32
21038300789,1568,457535,,,,,,,,,,0.000,2.551,Device,Pageable,NVIDIA A100-SXM4-40GB MIG 4g.20gb (0),1,,7,[CUDA memcpy Device-to-Host]
21038359829,13472,457546,1434,1,1,128,1,1,16,0.000,0.000,,,,,NVIDIA A100-SXM4-40GB MIG 4g.20gb (0),1,,13,cupy_copy__complex64_complex64
21038386100,2752,457553,103,1,1,128,1,1,16,0.000,0.000,,,,,NVIDIA A100-SXM4-40GB MIG 4g.20gb (0),1,,13,cupy_copy__complex64_complex64
21038418772,2208,457560,35,1,1,128,1,1,16,0.000,0.000,,,,,NVIDIA A100-SXM4-40GB MIG 4g.20gb (0),1,,13,cupy_copy__complex64_complex64
21038440500,1888,457567,1,1,1,1,1,1,18,0.000,0.000,,,,,NVIDIA A100-SXM4-40GB MIG 4g.20gb (0),1,,13,cupy_copy__float32_float32
21038628274,210685,457578,1,1,1,32,32,1,30,0.000,0.000,,,,,NVIDIA A100-SXM4-40GB MIG 4g.20gb (0),1,,13,"void convert_kernel<__half2, float2>(tensor_layout_any, T1 *, tensor_layout_any, const T2 *)"
21038868399,6272,457581,,,,,,,,,,0.094,14938.703,Pinned,Device,NVIDIA A100-SXM4-40GB MIG 4g.20gb (0),1,,13,[CUDA memcpy Host-to-Device]
21038882511,3616,457582,,,,,,,,,,1.547,427715.774,Device,,NVIDIA A100-SXM4-40GB MIG 4g.20gb (0),1,,13,[CUDA memset]
21038889007,4416,457587,,,,,,,,,,0.031,7086.948,Pinned,Device,NVIDIA A100-SXM4-40GB MIG 4g.20gb (0),1,,13,[CUDA memcpy Host-to-Device]
21038896687,9472,457588,,,,,,,,,,0.197,20756.693,Pinned,Device,NVIDIA A100-SXM4-40GB MIG 4g.20gb (0),1,,13,[CUDA memcpy Host-to-Device]
21038911566,7008,457589,273,1,1,8,4,1,39,0.002,0.000,,,,,NVIDIA A100-SXM4-40GB MIG 4g.20gb (0),1,,13,"void channel_eq::eqMmseCoefCompLowMimoKernel<float, float, float, (unsigned int)4, (unsigned int)1, (unsigned int)4>(const channel_eq::_puschRxChEqStatDescr *, channel_eq::_puschRxChEqCoefCompDynDescr)"
21038921102,6400,457590,273,1,1,12,11,1,51,0.002,0.000,,,,,NVIDIA A100-SXM4-40GB MIG 4g.20gb (0),1,,13,"void channel_eq::eqMmseSoftDemapKernel<float, __half, __half, float, (unsigned int)4, (unsigned short)16383>(channel_eq::_puschRxChEqStatDescr *, channel_eq::_puschRxChEqSoftDemapDynDescr)"
21038929742,282109,457591,1,1,1,32,32,1,30,0.000,0.000,,,,,NVIDIA A100-SXM4-40GB MIG 4g.20gb (0),1,,13,"void convert_kernel<float2, __half2>(tensor_layout_any, T1 *, tensor_layout_any, const T2 *)"
21039214027,10784,457603,2253,1,1,128,1,1,16,0.000,0.000,,,,,NVIDIA A100-SXM4-40GB MIG 4g.20gb (0),1,,13,cupy_copy__float16_float16
21039226859,2848,457612,282,1,1,128,1,1,16,0.000,0.000,,,,,NVIDIA A100-SXM4-40GB MIG 4g.20gb (0),1,,13,cupy_copy__complex64_complex64
21039231435,2048,457621,26,1,1,128,1,1,16,0.000,0.000,,,,,NVIDIA A100-SXM4-40GB MIG 4g.20gb (0),1,,13,cupy_copy__float32_float32
21039234987,2944,457630,103,1,1,128,1,1,16,0.000,0.000,,,,,NVIDIA A100-SXM4-40GB MIG 4g.20gb (0),1,,13,cupy_copy__complex64_complex64
21039239371,12352,457640,1434,1,1,128,1,1,16,0.000,0.000,,,,,NVIDIA A100-SXM4-40GB MIG 4g.20gb (0),1,,13,cupy_copy__complex64_complex64
21039258443,79743,457645,1,1,1,32,32,1,30,0.000,0.000,,,,,NVIDIA A100-SXM4-40GB MIG 4g.20gb (0),1,,13,"void convert_kernel<__half2, float2>(tensor_layout_any, T1 *, tensor_layout_any, const T2 *)"
21039367273,5376,457648,,,,,,,,,,0.094,17428.487,Pinned,Device,NVIDIA A100-SXM4-40GB MIG 4g.20gb (0),1,,13,[CUDA memcpy Host-to-Device]
21039384905,607897,457649,,,,,,,,,,456.561,751043.569,Device,,NVIDIA A100-SXM4-40GB MIG 4g.20gb (0),1,,13,[CUDA memset]
21039995810,50848,457654,,,,,,,,,,1.235,24286.409,Pinned,Device,NVIDIA A100-SXM4-40GB MIG 4g.20gb (0),1,,13,[CUDA memcpy Host-to-Device]
21040050530,10464,457655,,,,,,,,,,0.197,18788.844,Pinned,Device,NVIDIA A100-SXM4-40GB MIG 4g.20gb (0),1,,13,[CUDA memcpy Host-to-Device]
21040066338,6848,457656,69,4,1,48,1,1,76,0.002,0.000,,,,,NVIDIA A100-SXM4-40GB MIG 4g.20gb (0),1,,13,"void ch_est::windowedChEstPreNoDftSOfdmKernel<float, __half, float, (unsigned int)2, (unsigned int)1, (unsigned short)4>(ch_est::puschRxChEstStatDescr_t *, ch_est::puschRxChEstDynDescr_t *)"
21040074466,6655,457657,137,2,1,24,2,1,44,0.001,0.001,,,,,NVIDIA A100-SXM4-40GB MIG 4g.20gb (0),1,,13,"void ch_est::chEstFilterNoDftSOfdmDispatchKernel<float, __half, float, (unsigned int)2>(ch_est::puschRxChEstStatDescr_t *, ch_est::puschRxChEstDynDescr_t *)"
21040083297,4768,457658,137,2,1,24,2,1,44,0.001,0.001,,,,,NVIDIA A100-SXM4-40GB MIG 4g.20gb (0),1,,13,"void ch_est::chEstFilterNoDftSOfdmDispatchKernel<float, __half, float, (unsigned int)2>(ch_est::puschRxChEstStatDescr_t *, ch_est::puschRxChEstDynDescr_t *)"
21040089793,2496,457669,103,1,1,128,1,1,16,0.000,0.000,,,,,NVIDIA A100-SXM4-40GB MIG 4g.20gb (0),1,,13,cupy_copy__complex64_complex64
21040094401,13536,457679,1434,1,1,128,1,1,16,0.000,0.000,,,,,NVIDIA A100-SXM4-40GB MIG 4g.20gb (0),1,,13,cupy_copy__complex64_complex64
21040109473,2400,457686,103,1,1,128,1,1,16,0.000,0.000,,,,,NVIDIA A100-SXM4-40GB MIG 4g.20gb (0),1,,13,cupy_copy__complex64_complex64
21040113473,79487,457693,1,1,1,32,32,1,30,0.000,0.000,,,,,NVIDIA A100-SXM4-40GB MIG 4g.20gb (0),1,,13,"void convert_kernel<__half2, float2>(tensor_layout_any, T1 *, tensor_layout_any, const T2 *)"
21040222816,5920,457696,,,,,,,,,,0.094,15826.941,Pinned,Device,NVIDIA A100-SXM4-40GB MIG 4g.20gb (0),1,,13,[CUDA memcpy Host-to-Device]
21040234464,46591,457697,,,,,,,,,,35.810,768588.313,Device,,NVIDIA A100-SXM4-40GB MIG 4g.20gb (0),1,,13,[CUDA memset]
21040289119,1824,457699,,,,,,,,,,0.000,43.860,Pinned,Device,NVIDIA A100-SXM4-40GB MIG 4g.20gb (0),1,,13,[CUDA memcpy Host-to-Device]
21040293919,10016,457700,,,,,,,,,,0.197,19629.343,Pinned,Device,NVIDIA A100-SXM4-40GB MIG 4g.20gb (0),1,,13,[CUDA memcpy Host-to-Device]
21040310463,8768,457701,273,1,1,48,1,1,40,0.000,0.001,,,,,NVIDIA A100-SXM4-40GB MIG 4g.20gb (0),1,,13,"void pusch_noise_intf_est::noiseIntfEstNoDftSOfdmKernel<float, __half, float, float, (unsigned int)2, (unsigned int)1, (unsigned char)4, (unsigned char)4>(pusch_noise_intf_est::puschRxNoiseIntfEstDynDescr)"
21040320639,2912,457712,35,1,1,128,1,1,16,0.000,0.000,,,,,NVIDIA A100-SXM4-40GB MIG 4g.20gb (0),1,,13,cupy_copy__complex64_complex64
21040340255,1920,457721,1,1,1,1,1,1,18,0.000,0.000,,,,,NVIDIA A100-SXM4-40GB MIG 4g.20gb (0),1,,13,cupy_copy__float32_float32
21040375390,1600,457727,,,,,,,,,,0.000,2.500,Device,Pageable,NVIDIA A100-SXM4-40GB MIG 4g.20gb (0),1,,7,[CUDA memcpy Device-to-Host]
21040515613,17407,457738,1434,1,1,128,1,1,16,0.000,0.000,,,,,NVIDIA A100-SXM4-40GB MIG 4g.20gb (0),1,,13,cupy_copy__complex64_complex64
21040714106,13376,457745,103,1,1,128,1,1,16,0.000,0.000,,,,,NVIDIA A100-SXM4-40GB MIG 4g.20gb (0),1,,13,cupy_copy__complex64_complex64
21040828313,10880,457752,35,1,1,128,1,1,16,0.000,0.000,,,,,NVIDIA A100-SXM4-40GB MIG 4g.20gb (0),1,,13,cupy_copy__complex64_complex64
21041077622,6112,457759,1,1,1,1,1,1,18,0.000,0.000,,,,,NVIDIA A100-SXM4-40GB MIG 4g.20gb (0),1,,13,cupy_copy__float32_float32
21041236437,475962,457770,1,1,1,32,32,1,30,0.000,0.000,,,,,NVIDIA A100-SXM4-40GB MIG 4g.20gb (0),1,,13,"void convert_kernel<__half2, float2>(tensor_layout_any, T1 *, tensor_layout_any, const T2 *)"
21041742575,5472,457773,,,,,,,,,,0.094,17122.757,Pinned,Device,NVIDIA A100-SXM4-40GB MIG 4g.20gb (0),1,,13,[CUDA memcpy Host-to-Device]
21041866158,6015,457774,,,,,,,,,,1.547,257127.787,Device,,NVIDIA A100-SXM4-40GB MIG 4g.20gb (0),1,,13,[CUDA memset]
21041880493,3072,457779,,,,,,,,,,0.031,10187.474,Pinned,Device,NVIDIA A100-SXM4-40GB MIG 4g.20gb (0),1,,13,[CUDA memcpy Host-to-Device]
21041887149,9536,457780,,,,,,,,,,0.197,20617.298,Pinned,Device,NVIDIA A100-SXM4-40GB MIG 4g.20gb (0),1,,13,[CUDA memcpy Host-to-Device]
21041951789,26335,457781,273,1,1,8,4,1,39,0.002,0.000,,,,,NVIDIA A100-SXM4-40GB MIG 4g.20gb (0),1,,13,"void channel_eq::eqMmseCoefCompLowMimoKernel<float, float, float, (unsigned int)4, (unsigned int)1, (unsigned int)4>(const channel_eq::_puschRxChEqStatDescr *, channel_eq::_puschRxChEqCoefCompDynDescr)"
21041980876,8704,457782,273,1,1,12,11,1,51,0.002,0.000,,,,,NVIDIA A100-SXM4-40GB MIG 4g.20gb (0),1,,13,"void channel_eq::eqMmseSoftDemapKernel<float, __half, __half, float, (unsigned int)4, (unsigned short)16383>(channel_eq::_puschRxChEqStatDescr *, channel_eq::_puschRxChEqSoftDemapDynDescr)"
21042016204,1095604,457783,1,1,1,32,32,1,30,0.000,0.000,,,,,NVIDIA A100-SXM4-40GB MIG 4g.20gb (0),1,,13,"void convert_kernel<float2, __half2>(tensor_layout_any, T1 *, tensor_layout_any, const T2 *)"
21043188511,16096,457795,2253,1,1,128,1,1,16,0.000,0.000,,,,,NVIDIA A100-SXM4-40GB MIG 4g.20gb (0),1,,13,cupy_copy__float16_float16
21043318333,5344,457804,282,1,1,128,1,1,16,0.000,0.000,,,,,NVIDIA A100-SXM4-40GB MIG 4g.20gb (0),1,,13,cupy_copy__complex64_complex64
21043931863,4735,457813,26,1,1,128,1,1,16,0.000,0.000,,,,,NVIDIA A100-SXM4-40GB MIG 4g.20gb (0),1,,13,cupy_copy__float32_float32
21044270739,9024,457822,103,1,1,128,1,1,16,0.000,0.000,,,,,NVIDIA A100-SXM4-40GB MIG 4g.20gb (0),1,,13,cupy_copy__complex64_complex64
21044320722,18112,457832,1434,1,1,128,1,1,16,0.000,0.000,,,,,NVIDIA A100-SXM4-40GB MIG 4g.20gb (0),1,,13,cupy_copy__complex64_complex64
21044596111,569242,457837,1,1,1,32,32,1,30,0.000,0.000,,,,,NVIDIA A100-SXM4-40GB MIG 4g.20gb (0),1,,13,"void convert_kernel<__half2, float2>(tensor_layout_any, T1 *, tensor_layout_any, const T2 *)"
21045196488,5376,457840,,,,,,,,,,0.094,17428.487,Pinned,Device,NVIDIA A100-SXM4-40GB MIG 4g.20gb (0),1,,13,[CUDA memcpy Host-to-Device]
21045207912,605722,457841,,,,,,,,,,456.561,753326.376,Device,,NVIDIA A100-SXM4-40GB MIG 4g.20gb (0),1,,13,[CUDA memset]
21045817121,48928,457846,,,,,,,,,,1.235,25239.785,Pinned,Device,NVIDIA A100-SXM4-40GB MIG 4g.20gb (0),1,,13,[CUDA memcpy Host-to-Device]
21045868609,9376,457847,,,,,,,,,,0.197,20969.226,Pinned,Device,NVIDIA A100-SXM4-40GB MIG 4g.20gb (0),1,,13,[CUDA memcpy Host-to-Device]
21045882657,7456,457848,69,4,1,48,1,1,76,0.002,0.000,,,,,NVIDIA A100-SXM4-40GB MIG 4g.20gb (0),1,,13,"void ch_est::windowedChEstPreNoDftSOfdmKernel<float, __half, float, (unsigned int)2, (unsigned int)1, (unsigned short)4>(ch_est::puschRxChEstStatDescr_t *, ch_est::puschRxChEstDynDescr_t *)"
21045891841,6560,457849,137,2,1,24,2,1,44,0.001,0.001,,,,,NVIDIA A100-SXM4-40GB MIG 4g.20gb (0),1,,13,"void ch_est::chEstFilterNoDftSOfdmDispatchKernel<float, __half, float, (unsigned int)2>(ch_est::puschRxChEstStatDescr_t *, ch_est::puschRxChEstDynDescr_t *)"
21045899681,4896,457850,137,2,1,24,2,1,44,0.001,0.001,,,,,NVIDIA A100-SXM4-40GB MIG 4g.20gb (0),1,,13,"void ch_est::chEstFilterNoDftSOfdmDispatchKernel<float, __half, float, (unsigned int)2>(ch_est::puschRxChEstStatDescr_t *, ch_est::puschRxChEstDynDescr_t *)"
21045906112,2528,457861,103,1,1,128,1,1,16,0.000,0.000,,,,,NVIDIA A100-SXM4-40GB MIG 4g.20gb (0),1,,13,cupy_copy__complex64_complex64
21045910176,13184,457871,1434,1,1,128,1,1,16,0.000,0.000,,,,,NVIDIA A100-SXM4-40GB MIG 4g.20gb (0),1,,13,cupy_copy__complex64_complex64
21045925408,2400,457878,103,1,1,128,1,1,16,0.000,0.000,,,,,NVIDIA A100-SXM4-40GB MIG 4g.20gb (0),1,,13,cupy_copy__complex64_complex64
21045929440,79487,457885,1,1,1,32,32,1,30,0.000,0.000,,,,,NVIDIA A100-SXM4-40GB MIG 4g.20gb (0),1,,13,"void convert_kernel<__half2, float2>(tensor_layout_any, T1 *, tensor_layout_any, const T2 *)"
21046037535,5664,457888,,,,,,,,,,0.094,16542.310,Pinned,Device,NVIDIA A100-SXM4-40GB MIG 4g.20gb (0),1,,13,[CUDA memcpy Host-to-Device]
21046049759,47327,457889,,,,,,,,,,35.810,756627.800,Device,,NVIDIA A100-SXM4-40GB MIG 4g.20gb (0),1,,13,[CUDA memset]
21046102398,1856,457891,,,,,,,,,,0.000,43.103,Pinned,Device,NVIDIA A100-SXM4-40GB MIG 4g.20gb (0),1,,13,[CUDA memcpy Host-to-Device]
21046106750,9504,457892,,,,,,,,,,0.197,20686.701,Pinned,Device,NVIDIA A100-SXM4-40GB MIG 4g.20gb (0),1,,13,[CUDA memcpy Host-to-Device]
21046120734,8672,457893,273,1,1,48,1,1,40,0.000,0.001,,,,,NVIDIA A100-SXM4-40GB MIG 4g.20gb (0),1,,13,"void pusch_noise_intf_est::noiseIntfEstNoDftSOfdmKernel<float, __half, float, float, (unsigned int)2, (unsigned int)1, (unsigned char)4, (unsigned char)4>(pusch_noise_intf_est::puschRxNoiseIntfEstDynDescr)"
21046131070,2848,457904,35,1,1,128,1,1,16,0.000,0.000,,,,,NVIDIA A100-SXM4-40GB MIG 4g.20gb (0),1,,13,cupy_copy__complex64_complex64
21046158302,1888,457913,1,1,1,1,1,1,18,0.000,0.000,,,,,NVIDIA A100-SXM4-40GB MIG 4g.20gb (0),1,,13,cupy_copy__float32_float32
21046194109,1600,457919,,,,,,,,,,0.000,2.500,Device,Pageable,NVIDIA A100-SXM4-40GB MIG 4g.20gb (0),1,,7,[CUDA memcpy Device-to-Host]
21046268156,14304,457930,1434,1,1,128,1,1,16,0.000,0.000,,,,,NVIDIA A100-SXM4-40GB MIG 4g.20gb (0),1,,13,cupy_copy__complex64_complex64
21046295292,2688,457937,103,1,1,128,1,1,16,0.000,0.000,,,,,NVIDIA A100-SXM4-40GB MIG 4g.20gb (0),1,,13,cupy_copy__complex64_complex64
21046314844,2208,457944,35,1,1,128,1,1,16,0.000,0.000,,,,,NVIDIA A100-SXM4-40GB MIG 4g.20gb (0),1,,13,cupy_copy__complex64_complex64
21046332892,1856,457951,1,1,1,1,1,1,18,0.000,0.000,,,,,NVIDIA A100-SXM4-40GB MIG 4g.20gb (0),1,,13,cupy_copy__float32_float32
21046469946,79999,457962,1,1,1,32,32,1,30,0.000,0.000,,,,,NVIDIA A100-SXM4-40GB MIG 4g.20gb (0),1,,13,"void convert_kernel<__half2, float2>(tensor_layout_any, T1 *, tensor_layout_any, const T2 *)"
21046579193,5728,457965,,,,,,,,,,0.094,16357.541,Pinned,Device,NVIDIA A100-SXM4-40GB MIG 4g.20gb (0),1,,13,[CUDA memcpy Host-to-Device]
21046688440,10880,457966,,,,,,,,,,1.547,142151.758,Device,,NVIDIA A100-SXM4-40GB MIG 4g.20gb (0),1,,13,[CUDA memset]
21046698904,3552,457971,,,,,,,,,,0.031,8810.794,Pinned,Device,NVIDIA A100-SXM4-40GB MIG 4g.20gb (0),1,,13,[CUDA memcpy Host-to-Device]
21046705112,10975,457972,,,,,,,,,,0.197,17914.135,Pinned,Device,NVIDIA A100-SXM4-40GB MIG 4g.20gb (0),1,,13,[CUDA memcpy Host-to-Device]
21046813526,17984,457973,273,1,1,8,4,1,39,0.002,0.000,,,,,NVIDIA A100-SXM4-40GB MIG 4g.20gb (0),1,,13,"void channel_eq::eqMmseCoefCompLowMimoKernel<float, float, float, (unsigned int)4, (unsigned int)1, (unsigned int)4>(const channel_eq::_puschRxChEqStatDescr *, channel_eq::_puschRxChEqCoefCompDynDescr)"
21046895221,17184,457974,273,1,1,12,11,1,51,0.002,0.000,,,,,NVIDIA A100-SXM4-40GB MIG 4g.20gb (0),1,,13,"void channel_eq::eqMmseSoftDemapKernel<float, __half, __half, float, (unsigned int)4, (unsigned short)16383>(channel_eq::_puschRxChEqStatDescr *, channel_eq::_puschRxChEqSoftDemapDynDescr)"
21046993012,708216,457975,1,1,1,32,32,1,30,0.000,0.000,,,,,NVIDIA A100-SXM4-40GB MIG 4g.20gb (0),1,,13,"void convert_kernel<float2, __half2>(tensor_layout_any, T1 *, tensor_layout_any, const T2 *)"
21047802891,18432,457987,2253,1,1,128,1,1,16,0.000,0.000,,,,,NVIDIA A100-SXM4-40GB MIG 4g.20gb (0),1,,13,cupy_copy__float16_float16
21047908202,6880,457996,282,1,1,128,1,1,16,0.000,0.000,,,,,NVIDIA A100-SXM4-40GB MIG 4g.20gb (0),1,,13,cupy_copy__complex64_complex64
21047990249,6720,458005,26,1,1,128,1,1,16,0.000,0.000,,,,,NVIDIA A100-SXM4-40GB MIG 4g.20gb (0),1,,13,cupy_copy__float32_float32
21048080712,5824,458014,103,1,1,128,1,1,16,0.000,0.000,,,,,NVIDIA A100-SXM4-40GB MIG 4g.20gb (0),1,,13,cupy_copy__complex64_complex64
21048162151,20320,458024,1434,1,1,128,1,1,16,0.000,0.000,,,,,NVIDIA A100-SXM4-40GB MIG 4g.20gb (0),1,,13,cupy_copy__complex64_complex64
21048270822,278173,458029,1,1,1,32,32,1,30,0.000,0.000,,,,,NVIDIA A100-SXM4-40GB MIG 4g.20gb (0),1,,13,"void convert_kernel<__half2, float2>(tensor_layout_any, T1 *, tensor_layout_any, const T2 *)"
21048579523,5792,458032,,,,,,,,,,0.094,16176.708,Pinned,Device,NVIDIA A100-SXM4-40GB MIG 4g.20gb (0),1,,13,[CUDA memcpy Host-to-Device]
21048764161,608729,458033,,,,,,,,,,456.561,749673.884,Device,,NVIDIA A100-SXM4-40GB MIG 4g.20gb (0),1,,13,[CUDA memset]
21049380186,50175,458038,,,,,,,,,,1.235,24612.434,Pinned,Device,NVIDIA A100-SXM4-40GB MIG 4g.20gb (0),1,,13,[CUDA memcpy Host-to-Device]
21049432857,9664,458039,,,,,,,,,,0.197,20344.209,Pinned,Device,NVIDIA A100-SXM4-40GB MIG 4g.20gb (0),1,,13,[CUDA memcpy Host-to-Device]
21049561720,12416,458040,69,4,1,48,1,1,76,0.002,0.000,,,,,NVIDIA A100-SXM4-40GB MIG 4g.20gb (0),1,,13,"void ch_est::windowedChEstPreNoDftSOfdmKernel<float, __half, float, (unsigned int)2, (unsigned int)1, (unsigned short)4>(ch_est::puschRxChEstStatDescr_t *, ch_est::puschRxChEstDynDescr_t *)"
21049662295,8192,458041,137,2,1,24,2,1,44,0.001,0.001,,,,,NVIDIA A100-SXM4-40GB MIG 4g.20gb (0),1,,13,"void ch_est::chEstFilterNoDftSOfdmDispatchKernel<float, __half, float, (unsigned int)2>(ch_est::puschRxChEstStatDescr_t *, ch_est::puschRxChEstDynDescr_t *)"
21049678582,5952,458042,137,2,1,24,2,1,44,0.001,0.001,,,,,NVIDIA A100-SXM4-40GB MIG 4g.20gb (0),1,,13,"void ch_est::chEstFilterNoDftSOfdmDispatchKernel<float, __half, float, (unsigned int)2>(ch_est::puschRxChEstStatDescr_t *, ch_est::puschRxChEstDynDescr_t *)"
21049692630,2560,458053,103,1,1,128,1,1,16,0.000,0.000,,,,,NVIDIA A100-SXM4-40GB MIG 4g.20gb (0),1,,13,cupy_copy__complex64_complex64
21049706390,12448,458063,1434,1,1,128,1,1,16,0.000,0.000,,,,,NVIDIA A100-SXM4-40GB MIG 4g.20gb (0),1,,13,cupy_copy__complex64_complex64
21049720790,2464,458070,103,1,1,128,1,1,16,0.000,0.000,,,,,NVIDIA A100-SXM4-40GB MIG 4g.20gb (0),1,,13,cupy_copy__complex64_complex64
21049724470,79167,458077,1,1,1,32,32,1,30,0.000,0.000,,,,,NVIDIA A100-SXM4-40GB MIG 4g.20gb (0),1,,13,"void convert_kernel<__half2, float2>(tensor_layout_any, T1 *, tensor_layout_any, const T2 *)"
21049861620,5440,458080,,,,,,,,,,0.094,17223.480,Pinned,Device,NVIDIA A100-SXM4-40GB MIG 4g.20gb (0),1,,13,[CUDA memcpy Host-to-Device]
21049870868,47744,458081,,,,,,,,,,35.810,750038.774,Device,,NVIDIA A100-SXM4-40GB MIG 4g.20gb (0),1,,13,[CUDA memset]
21049920052,1824,458083,,,,,,,,,,0.000,43.860,Pinned,Device,NVIDIA A100-SXM4-40GB MIG 4g.20gb (0),1,,13,[CUDA memcpy Host-to-Device]
21049924596,9376,458084,,,,,,,,,,0.197,20969.226,Pinned,Device,NVIDIA A100-SXM4-40GB MIG 4g.20gb (0),1,,13,[CUDA memcpy Host-to-Device]
21049940723,13152,458085,273,1,1,48,1,1,40,0.000,0.001,,,,,NVIDIA A100-SXM4-40GB MIG 4g.20gb (0),1,,13,"void pusch_noise_intf_est::noiseIntfEstNoDftSOfdmKernel<float, __half, float, float, (unsigned int)2, (unsigned int)1, (unsigned char)4, (unsigned char)4>(pusch_noise_intf_est::puschRxNoiseIntfEstDynDescr)"
21049955155,2816,458096,35,1,1,128,1,1,16,0.000,0.000,,,,,NVIDIA A100-SXM4-40GB MIG 4g.20gb (0),1,,13,cupy_copy__complex64_complex64
21049959987,1888,458105,1,1,1,1,1,1,18,0.000,0.000,,,,,NVIDIA A100-SXM4-40GB MIG 4g.20gb (0),1,,13,cupy_copy__float32_float32
21049994547,1568,458111,,,,,,,,,,0.000,2.551,Device,Pageable,NVIDIA A100-SXM4-40GB MIG 4g.20gb (0),1,,7,[CUDA memcpy Device-to-Host]
21050057170,13440,458122,1434,1,1,128,1,1,16,0.000,0.000,,,,,NVIDIA A100-SXM4-40GB MIG 4g.20gb (0),1,,13,cupy_copy__complex64_complex64
21050084306,2656,458129,103,1,1,128,1,1,16,0.000,0.000,,,,,NVIDIA A100-SXM4-40GB MIG 4g.20gb (0),1,,13,cupy_copy__complex64_complex64
21050105554,2208,458136,35,1,1,128,1,1,16,0.000,0.000,,,,,NVIDIA A100-SXM4-40GB MIG 4g.20gb (0),1,,13,cupy_copy__complex64_complex64
21050123761,1888,458143,1,1,1,1,1,1,18,0.000,0.000,,,,,NVIDIA A100-SXM4-40GB MIG 4g.20gb (0),1,,13,cupy_copy__float32_float32
21050261584,79999,458154,1,1,1,32,32,1,30,0.000,0.000,,,,,NVIDIA A100-SXM4-40GB MIG 4g.20gb (0),1,,13,"void convert_kernel<__half2, float2>(tensor_layout_any, T1 *, tensor_layout_any, const T2 *)"
21050370255,5408,458157,,,,,,,,,,0.094,17325.421,Pinned,Device,NVIDIA A100-SXM4-40GB MIG 4g.20gb (0),1,,13,[CUDA memcpy Host-to-Device]
21050384719,3168,458158,,,,,,,,,,1.547,488201.145,Device,,NVIDIA A100-SXM4-40GB MIG 4g.20gb (0),1,,13,[CUDA memset]
21050391534,3008,458163,,,,,,,,,,0.031,10404.230,Pinned,Device,NVIDIA A100-SXM4-40GB MIG 4g.20gb (0),1,,13,[CUDA memcpy Host-to-Device]
21050396974,9696,458164,,,,,,,,,,0.197,20277.166,Pinned,Device,NVIDIA A100-SXM4-40GB MIG 4g.20gb (0),1,,13,[CUDA memcpy Host-to-Device]
21050411406,5920,458165,273,1,1,8,4,1,39,0.002,0.000,,,,,NVIDIA A100-SXM4-40GB MIG 4g.20gb (0),1,,13,"void channel_eq::eqMmseCoefCompLowMimoKernel<float, float, float, (unsigned int)4, (unsigned int)1, (unsigned int)4>(const channel_eq::_puschRxChEqStatDescr *, channel_eq::_puschRxChEqCoefCompDynDescr)"
21050419054,5600,458166,273,1,1,12,11,1,51,0.002,0.000,,,,,NVIDIA A100-SXM4-40GB MIG 4g.20gb (0),1,,13,"void channel_eq::eqMmseSoftDemapKernel<float, __half, __half, float, (unsigned int)4, (unsigned short)16383>(channel_eq::_puschRxChEqStatDescr *, channel_eq::_puschRxChEqSoftDemapDynDescr)"
21050426382,281469,458167,1,1,1,32,32,1,30,0.000,0.000,,,,,NVIDIA A100-SXM4-40GB MIG 4g.20gb (0),1,,13,"void convert_kernel<float2, __half2>(tensor_layout_any, T1 *, tensor_layout_any, const T2 *)"
21050709419,10688,458179,2253,1,1,128,1,1,16,0.000,0.000,,,,,NVIDIA A100-SXM4-40GB MIG 4g.20gb (0),1,,13,cupy_copy__float16_float16
21050722219,2816,458188,282,1,1,128,1,1,16,0.000,0.000,,,,,NVIDIA A100-SXM4-40GB MIG 4g.20gb (0),1,,13,cupy_copy__complex64_complex64
21050727371,2048,458197,26,1,1,128,1,1,16,0.000,0.000,,,,,NVIDIA A100-SXM4-40GB MIG 4g.20gb (0),1,,13,cupy_copy__float32_float32
21050731403,2848,458206,103,1,1,128,1,1,16,0.000,0.000,,,,,NVIDIA A100-SXM4-40GB MIG 4g.20gb (0),1,,13,cupy_copy__complex64_complex64
21050735723,11967,458216,1434,1,1,128,1,1,16,0.000,0.000,,,,,NVIDIA A100-SXM4-40GB MIG 4g.20gb (0),1,,13,cupy_copy__complex64_complex64
21050776458,79039,458221,1,1,1,32,32,1,30,0.000,0.000,,,,,NVIDIA A100-SXM4-40GB MIG 4g.20gb (0),1,,13,"void convert_kernel<__half2, float2>(tensor_layout_any, T1 *, tensor_layout_any, const T2 *)"
21050883945,5344,458224,,,,,,,,,,0.094,17532.864,Pinned,Device,NVIDIA A100-SXM4-40GB MIG 4g.20gb (0),1,,13,[CUDA memcpy Host-to-Device]
21050894409,605241,458225,,,,,,,,,,456.561,754239.499,Device,,NVIDIA A100-SXM4-40GB MIG 4g.20gb (0),1,,13,[CUDA memset]
21051501922,49024,458230,,,,,,,,,,1.235,25190.388,Pinned,Device,NVIDIA A100-SXM4-40GB MIG 4g.20gb (0),1,,13,[CUDA memcpy Host-to-Device]
21051553410,9535,458231,,,,,,,,,,0.197,20619.461,Pinned,Device,NVIDIA A100-SXM4-40GB MIG 4g.20gb (0),1,,13,[CUDA memcpy Host-to-Device]
21051567489,7328,458232,69,4,1,48,1,1,76,0.002,0.000,,,,,NVIDIA A100-SXM4-40GB MIG 4g.20gb (0),1,,13,"void ch_est::windowedChEstPreNoDftSOfdmKernel<float, __half, float, (unsigned int)2, (unsigned int)1, (unsigned short)4>(ch_est::puschRxChEstStatDescr_t *, ch_est::puschRxChEstDynDescr_t *)"
21051576865,6304,458233,137,2,1,24,2,1,44,0.001,0.001,,,,,NVIDIA A100-SXM4-40GB MIG 4g.20gb (0),1,,13,"void ch_est::chEstFilterNoDftSOfdmDispatchKernel<float, __half, float, (unsigned int)2>(ch_est::puschRxChEstStatDescr_t *, ch_est::puschRxChEstDynDescr_t *)"
21051584417,4800,458234,137,2,1,24,2,1,44,0.001,0.001,,,,,NVIDIA A100-SXM4-40GB MIG 4g.20gb (0),1,,13,"void ch_est::chEstFilterNoDftSOfdmDispatchKernel<float, __half, float, (unsigned int)2>(ch_est::puschRxChEstStatDescr_t *, ch_est::puschRxChEstDynDescr_t *)"
21051591521,2496,458245,103,1,1,128,1,1,16,0.000,0.000,,,,,NVIDIA A100-SXM4-40GB MIG 4g.20gb (0),1,,13,cupy_copy__complex64_complex64
21051595521,13088,458255,1434,1,1,128,1,1,16,0.000,0.000,,,,,NVIDIA A100-SXM4-40GB MIG 4g.20gb (0),1,,13,cupy_copy__complex64_complex64
21051610561,2432,458262,103,1,1,128,1,1,16,0.000,0.000,,,,,NVIDIA A100-SXM4-40GB MIG 4g.20gb (0),1,,13,cupy_copy__complex64_complex64
21051614561,79551,458269,1,1,1,32,32,1,30,0.000,0.000,,,,,NVIDIA A100-SXM4-40GB MIG 4g.20gb (0),1,,13,"void convert_kernel<__half2, float2>(tensor_layout_any, T1 *, tensor_layout_any, const T2 *)"
21051722688,5344,458272,,,,,,,,,,0.094,17532.864,Pinned,Device,NVIDIA A100-SXM4-40GB MIG 4g.20gb (0),1,,13,[CUDA memcpy Host-to-Device]
21051733631,47008,458273,,,,,,,,,,35.810,761748.618,Device,,NVIDIA A100-SXM4-40GB MIG 4g.20gb (0),1,,13,[CUDA memset]
21051785535,1856,458275,,,,,,,,,,0.000,43.103,Pinned,Device,NVIDIA A100-SXM4-40GB MIG 4g.20gb (0),1,,13,[CUDA memcpy Host-to-Device]
21051789823,9344,458276,,,,,,,,,,0.197,21040.988,Pinned,Device,NVIDIA A100-SXM4-40GB MIG 4g.20gb (0),1,,13,[CUDA memcpy Host-to-Device]
21051803103,9728,458277,273,1,1,48,1,1,40,0.000,0.001,,,,,NVIDIA A100-SXM4-40GB MIG 4g.20gb (0),1,,13,"void pusch_noise_intf_est::noiseIntfEstNoDftSOfdmKernel<float, __half, float, float, (unsigned int)2, (unsigned int)1, (unsigned char)4, (unsigned char)4>(pusch_noise_intf_est::puschRxNoiseIntfEstDynDescr)"
21051814815,2880,458288,35,1,1,128,1,1,16,0.000,0.000,,,,,NVIDIA A100-SXM4-40GB MIG 4g.20gb (0),1,,13,cupy_copy__complex64_complex64
21051860094,1888,458297,1,1,1,1,1,1,18,0.000,0.000,,,,,NVIDIA A100-SXM4-40GB MIG 4g.20gb (0),1,,13,cupy_copy__float32_float32
21051896254,1600,458303,,,,,,,,,,0.000,2.500,Device,Pageable,NVIDIA A100-SXM4-40GB MIG 4g.20gb (0),1,,7,[CUDA memcpy Device-to-Host]
21052422808,19104,458314,1434,1,1,128,1,1,16,0.000,0.000,,,,,NVIDIA A100-SXM4-40GB MIG 4g.20gb (0),1,,13,cupy_copy__complex64_complex64
21052524535,10400,458321,103,1,1,128,1,1,16,0.000,0.000,,,,,NVIDIA A100-SXM4-40GB MIG 4g.20gb (0),1,,13,cupy_copy__complex64_complex64
21053013585,5088,458328,35,1,1,128,1,1,16,0.000,0.000,,,,,NVIDIA A100-SXM4-40GB MIG 4g.20gb (0),1,,13,cupy_copy__complex64_complex64
21053106320,4576,458335,1,1,1,1,1,1,18,0.000,0.000,,,,,NVIDIA A100-SXM4-40GB MIG 4g.20gb (0),1,,13,cupy_copy__float32_float32
21053113168,280029,458346,1,1,1,32,32,1,30,0.000,0.000,,,,,NVIDIA A100-SXM4-40GB MIG 4g.20gb (0),1,,13,"void convert_kernel<__half2, float2>(tensor_layout_any, T1 *, tensor_layout_any, const T2 *)"
21053424557,5888,458349,,,,,,,,,,0.094,15912.954,Pinned,Device,NVIDIA A100-SXM4-40GB MIG 4g.20gb (0),1,,13,[CUDA memcpy Host-to-Device]
21053439564,4000,458350,,,,,,,,,,1.547,386656.000,Device,,NVIDIA A100-SXM4-40GB MIG 4g.20gb (0),1,,13,[CUDA memset]
21053444908,3072,458355,,,,,,,,,,0.031,10187.474,Pinned,Device,NVIDIA A100-SXM4-40GB MIG 4g.20gb (0),1,,13,[CUDA memcpy Host-to-Device]
21053450380,9408,458356,,,,,,,,,,0.197,20897.858,Pinned,Device,NVIDIA A100-SXM4-40GB MIG 4g.20gb (0),1,,13,[CUDA memcpy Host-to-Device]
21053520044,13567,458357,273,1,1,8,4,1,39,0.002,0.000,,,,,NVIDIA A100-SXM4-40GB MIG 4g.20gb (0),1,,13,"void channel_eq::eqMmseCoefCompLowMimoKernel<float, float, float, (unsigned int)4, (unsigned int)1, (unsigned int)4>(const channel_eq::_puschRxChEqStatDescr *, channel_eq::_puschRxChEqCoefCompDynDescr)"
21053612331,14623,458358,273,1,1,12,11,1,51,0.002,0.000,,,,,NVIDIA A100-SXM4-40GB MIG 4g.20gb (0),1,,13,"void channel_eq::eqMmseSoftDemapKernel<float, __half, __half, float, (unsigned int)4, (unsigned short)16383>(channel_eq::_puschRxChEqStatDescr *, channel_eq::_puschRxChEqSoftDemapDynDescr)"
21053704426,593881,458359,1,1,1,32,32,1,30,0.000,0.000,,,,,NVIDIA A100-SXM4-40GB MIG 4g.20gb (0),1,,13,"void convert_kernel<float2, __half2>(tensor_layout_any, T1 *, tensor_layout_any, const T2 *)"
21054299651,12352,458371,2253,1,1,128,1,1,16,0.000,0.000,,,,,NVIDIA A100-SXM4-40GB MIG 4g.20gb (0),1,,13,cupy_copy__float16_float16
21054314243,3840,458380,282,1,1,128,1,1,16,0.000,0.000,,,,,NVIDIA A100-SXM4-40GB MIG 4g.20gb (0),1,,13,cupy_copy__complex64_complex64
21054320131,2240,458389,26,1,1,128,1,1,16,0.000,0.000,,,,,NVIDIA A100-SXM4-40GB MIG 4g.20gb (0),1,,13,cupy_copy__float32_float32
21054323683,3264,458398,103,1,1,128,1,1,16,0.000,0.000,,,,,NVIDIA A100-SXM4-40GB MIG 4g.20gb (0),1,,13,cupy_copy__complex64_complex64
21054328899,12479,458408,1434,1,1,128,1,1,16,0.000,0.000,,,,,NVIDIA A100-SXM4-40GB MIG 4g.20gb (0),1,,13,cupy_copy__complex64_complex64
21054342626,79872,458413,1,1,1,32,32,1,30,0.000,0.000,,,,,NVIDIA A100-SXM4-40GB MIG 4g.20gb (0),1,,13,"void convert_kernel<__half2, float2>(tensor_layout_any, T1 *, tensor_layout_any, const T2 *)"
21054452161,5472,458416,,,,,,,,,,0.094,17122.757,Pinned,Device,NVIDIA A100-SXM4-40GB MIG 4g.20gb (0),1,,13,[CUDA memcpy Host-to-Device]
21054462177,601561,458417,,,,,,,,,,456.561,758805.113,Device,,NVIDIA A100-SXM4-40GB MIG 4g.20gb (0),1,,13,[CUDA memset]
21055068826,48896,458422,,,,,,,,,,1.235,25255.840,Pinned,Device,NVIDIA A100-SXM4-40GB MIG 4g.20gb (0),1,,13,[CUDA memcpy Host-to-Device]
21055120122,9408,458423,,,,,,,,,,0.197,20897.858,Pinned,Device,NVIDIA A100-SXM4-40GB MIG 4g.20gb (0),1,,13,[CUDA memcpy Host-to-Device]
21055134202,7295,458424,69,4,1,48,1,1,76,0.002,0.000,,,,,NVIDIA A100-SXM4-40GB MIG 4g.20gb (0),1,,13,"void ch_est::windowedChEstPreNoDftSOfdmKernel<float, __half, float, (unsigned int)2, (unsigned int)1, (unsigned short)4>(ch_est::puschRxChEstStatDescr_t *, ch_est::puschRxChEstDynDescr_t *)"
21055143353,6656,458425,137,2,1,24,2,1,44,0.001,0.001,,,,,NVIDIA A100-SXM4-40GB MIG 4g.20gb (0),1,,13,"void ch_est::chEstFilterNoDftSOfdmDispatchKernel<float, __half, float, (unsigned int)2>(ch_est::puschRxChEstStatDescr_t *, ch_est::puschRxChEstDynDescr_t *)"
21055151833,4736,458426,137,2,1,24,2,1,44,0.001,0.001,,,,,NVIDIA A100-SXM4-40GB MIG 4g.20gb (0),1,,13,"void ch_est::chEstFilterNoDftSOfdmDispatchKernel<float, __half, float, (unsigned int)2>(ch_est::puschRxChEstStatDescr_t *, ch_est::puschRxChEstDynDescr_t *)"
21055158233,2560,458437,103,1,1,128,1,1,16,0.000,0.000,,,,,NVIDIA A100-SXM4-40GB MIG 4g.20gb (0),1,,13,cupy_copy__complex64_complex64
21055163161,13056,458447,1434,1,1,128,1,1,16,0.000,0.000,,,,,NVIDIA A100-SXM4-40GB MIG 4g.20gb (0),1,,13,cupy_copy__complex64_complex64
21055177913,2496,458454,103,1,1,128,1,1,16,0.000,0.000,,,,,NVIDIA A100-SXM4-40GB MIG 4g.20gb (0),1,,13,cupy_copy__complex64_complex64
21055182297,81151,458461,1,1,1,32,32,1,30,0.000,0.000,,,,,NVIDIA A100-SXM4-40GB MIG 4g.20gb (0),1,,13,"void convert_kernel<__half2, float2>(tensor_layout_any, T1 *, tensor_layout_any, const T2 *)"
21055292024,5344,458464,,,,,,,,,,0.094,17532.864,Pinned,Device,NVIDIA A100-SXM4-40GB MIG 4g.20gb (0),1,,13,[CUDA memcpy Host-to-Device]
21055303928,47551,458465,,,,,,,,,,35.810,753082.618,Device,,NVIDIA A100-SXM4-40GB MIG 4g.20gb (0),1,,13,[CUDA memset]
21055357911,1824,458467,,,,,,,,,,0.000,43.860,Pinned,Device,NVIDIA A100-SXM4-40GB MIG 4g.20gb (0),1,,13,[CUDA memcpy Host-to-Device]
21055362199,10336,458468,,,,,,,,,,0.197,19021.627,Pinned,Device,NVIDIA A100-SXM4-40GB MIG 4g.20gb (0),1,,13,[CUDA memcpy Host-to-Device]
21055446934,12576,458469,273,1,1,48,1,1,40,0.000,0.001,,,,,NVIDIA A100-SXM4-40GB MIG 4g.20gb (0),1,,13,"void pusch_noise_intf_est::noiseIntfEstNoDftSOfdmKernel<float, __half, float, float, (unsigned int)2, (unsigned int)1, (unsigned char)4, (unsigned char)4>(pusch_noise_intf_est::puschRxNoiseIntfEstDynDescr)"
21055460886,3328,458480,35,1,1,128,1,1,16,0.000,0.000,,,,,NVIDIA A100-SXM4-40GB MIG 4g.20gb (0),1,,13,cupy_copy__complex64_complex64
21055545141,4416,458489,1,1,1,1,1,1,18,0.000,0.000,,,,,NVIDIA A100-SXM4-40GB MIG 4g.20gb (0),1,,13,cupy_copy__float32_float32
21055558933,1600,458495,,,,,,,,,,0.000,2.500,Device,Pageable,NVIDIA A100-SXM4-40GB MIG 4g.20gb (0),1,,7,[CUDA memcpy Device-to-Host]
21055684243,19104,458506,1434,1,1,128,1,1,16,0.000,0.000,,,,,NVIDIA A100-SXM4-40GB MIG 4g.20gb (0),1,,13,cupy_copy__complex64_complex64
21055704723,4800,458513,103,1,1,128,1,1,16,0.000,0.000,,,,,NVIDIA A100-SXM4-40GB MIG 4g.20gb (0),1,,13,cupy_copy__complex64_complex64
21055711251,3680,458520,35,1,1,128,1,1,16,0.000,0.000,,,,,NVIDIA A100-SXM4-40GB MIG 4g.20gb (0),1,,13,cupy_copy__complex64_complex64
21055796114,3936,458527,1,1,1,1,1,1,18,0.000,0.000,,,,,NVIDIA A100-SXM4-40GB MIG 4g.20gb (0),1,,13,cupy_copy__float32_float32
21055888849,332316,458538,1,1,1,32,32,1,30,0.000,0.000,,,,,NVIDIA A100-SXM4-40GB MIG 4g.20gb (0),1,,13,"void convert_kernel<__half2, float2>(tensor_layout_any, T1 *, tensor_layout_any, const T2 *)"
21056251725,5888,458541,,,,,,,,,,0.094,15912.954,Pinned,Device,NVIDIA A100-SXM4-40GB MIG 4g.20gb (0),1,,13,[CUDA memcpy Host-to-Device]
21056268237,5216,458542,,,,,,,,,,1.547,296514.113,Device,,NVIDIA A100-SXM4-40GB MIG 4g.20gb (0),1,,13,[CUDA memset]
21056274701,3008,458547,,,,,,,,,,0.031,10404.230,Pinned,Device,NVIDIA A100-SXM4-40GB MIG 4g.20gb (0),1,,13,[CUDA memcpy Host-to-Device]
21056280173,9760,458548,,,,,,,,,,0.197,20144.259,Pinned,Device,NVIDIA A100-SXM4-40GB MIG 4g.20gb (0),1,,13,[CUDA memcpy Host-to-Device]
21056357804,11744,458549,273,1,1,8,4,1,39,0.002,0.000,,,,,NVIDIA A100-SXM4-40GB MIG 4g.20gb (0),1,,13,"void channel_eq::eqMmseCoefCompLowMimoKernel<float, float, float, (unsigned int)4, (unsigned int)1, (unsigned int)4>(const channel_eq::_puschRxChEqStatDescr *, channel_eq::_puschRxChEqCoefCompDynDescr)"
21056449675,11616,458550,273,1,1,12,11,1,51,0.002,0.000,,,,,NVIDIA A100-SXM4-40GB MIG 4g.20gb (0),1,,13,"void channel_eq::eqMmseSoftDemapKernel<float, __half, __half, float, (unsigned int)4, (unsigned short)16383>(channel_eq::_puschRxChEqStatDescr *, channel_eq::_puschRxChEqSoftDemapDynDescr)"
21056540682,586905,458551,1,1,1,32,32,1,30,0.000,0.000,,,,,NVIDIA A100-SXM4-40GB MIG 4g.20gb (0),1,,13,"void convert_kernel<float2, __half2>(tensor_layout_any, T1 *, tensor_layout_any, const T2 *)"
21057156739,21504,458563,2253,1,1,128,1,1,16,0.000,0.000,,,,,NVIDIA A100-SXM4-40GB MIG 4g.20gb (0),1,,13,cupy_copy__float16_float16
21057180099,3712,458572,282,1,1,128,1,1,16,0.000,0.000,,,,,NVIDIA A100-SXM4-40GB MIG 4g.20gb (0),1,,13,cupy_copy__complex64_complex64
21057186147,2304,458581,26,1,1,128,1,1,16,0.000,0.000,,,,,NVIDIA A100-SXM4-40GB MIG 4g.20gb (0),1,,13,cupy_copy__float32_float32
21057190147,3168,458590,103,1,1,128,1,1,16,0.000,0.000,,,,,NVIDIA A100-SXM4-40GB MIG 4g.20gb (0),1,,13,cupy_copy__complex64_complex64
21057195075,11999,458600,1434,1,1,128,1,1,16,0.000,0.000,,,,,NVIDIA A100-SXM4-40GB MIG 4g.20gb (0),1,,13,cupy_copy__complex64_complex64
21057209186,79840,458605,1,1,1,32,32,1,30,0.000,0.000,,,,,NVIDIA A100-SXM4-40GB MIG 4g.20gb (0),1,,13,"void convert_kernel<__half2, float2>(tensor_layout_any, T1 *, tensor_layout_any, const T2 *)"
21057373633,5376,458608,,,,,,,,,,0.094,17428.487,Pinned,Device,NVIDIA A100-SXM4-40GB MIG 4g.20gb (0),1,,13,[CUDA memcpy Host-to-Device]
21057383232,601754,458609,,,,,,,,,,456.561,758348.552,Device,,NVIDIA A100-SXM4-40GB MIG 4g.20gb (0),1,,13,[CUDA memset]
21057987418,49727,458614,,,,,,,,,,1.235,24833.489,Pinned,Device,NVIDIA A100-SXM4-40GB MIG 4g.20gb (0),1,,13,[CUDA memcpy Host-to-Device]
21058039673,9312,458615,,,,,,,,,,0.197,21113.340,Pinned,Device,NVIDIA A100-SXM4-40GB MIG 4g.20gb (0),1,,13,[CUDA memcpy Host-to-Device]
21058053913,7200,458616,69,4,1,48,1,1,76,0.002,0.000,,,,,NVIDIA A100-SXM4-40GB MIG 4g.20gb (0),1,,13,"void ch_est::windowedChEstPreNoDftSOfdmKernel<float, __half, float, (unsigned int)2, (unsigned int)1, (unsigned short)4>(ch_est::puschRxChEstStatDescr_t *, ch_est::puschRxChEstDynDescr_t *)"
21058062809,6336,458617,137,2,1,24,2,1,44,0.001,0.001,,,,,NVIDIA A100-SXM4-40GB MIG 4g.20gb (0),1,,13,"void ch_est::chEstFilterNoDftSOfdmDispatchKernel<float, __half, float, (unsigned int)2>(ch_est::puschRxChEstStatDescr_t *, ch_est::puschRxChEstDynDescr_t *)"
21058070361,4704,458618,137,2,1,24,2,1,44,0.001,0.001,,,,,NVIDIA A100-SXM4-40GB MIG 4g.20gb (0),1,,13,"void ch_est::chEstFilterNoDftSOfdmDispatchKernel<float, __half, float, (unsigned int)2>(ch_est::puschRxChEstStatDescr_t *, ch_est::puschRxChEstDynDescr_t *)"
21058076825,2592,458629,103,1,1,128,1,1,16,0.000,0.000,,,,,NVIDIA A100-SXM4-40GB MIG 4g.20gb (0),1,,13,cupy_copy__complex64_complex64
21058080825,12256,458639,1434,1,1,128,1,1,16,0.000,0.000,,,,,NVIDIA A100-SXM4-40GB MIG 4g.20gb (0),1,,13,cupy_copy__complex64_complex64
21058095001,2496,458646,103,1,1,128,1,1,16,0.000,0.000,,,,,NVIDIA A100-SXM4-40GB MIG 4g.20gb (0),1,,13,cupy_copy__complex64_complex64
21058099160,81632,458653,1,1,1,32,32,1,30,0.000,0.000,,,,,NVIDIA A100-SXM4-40GB MIG 4g.20gb (0),1,,13,"void convert_kernel<__half2, float2>(tensor_layout_any, T1 *, tensor_layout_any, const T2 *)"
21058209559,5408,458656,,,,,,,,,,0.094,17325.421,Pinned,Device,NVIDIA A100-SXM4-40GB MIG 4g.20gb (0),1,,13,[CUDA memcpy Host-to-Device]
21058221527,48928,458657,,,,,,,,,,35.810,731883.145,Device,,NVIDIA A100-SXM4-40GB MIG 4g.20gb (0),1,,13,[CUDA memset]
21058274135,1952,458659,,,,,,,,,,0.000,40.984,Pinned,Device,NVIDIA A100-SXM4-40GB MIG 4g.20gb (0),1,,13,[CUDA memcpy Host-to-Device]
21058278518,9440,458660,,,,,,,,,,0.197,20827.079,Pinned,Device,NVIDIA A100-SXM4-40GB MIG 4g.20gb (0),1,,13,[CUDA memcpy Host-to-Device]
21058294390,9536,458661,273,1,1,48,1,1,40,0.000,0.001,,,,,NVIDIA A100-SXM4-40GB MIG 4g.20gb (0),1,,13,"void pusch_noise_intf_est::noiseIntfEstNoDftSOfdmKernel<float, __half, float, float, (unsigned int)2, (unsigned int)1, (unsigned char)4, (unsigned char)4>(pusch_noise_intf_est::puschRxNoiseIntfEstDynDescr)"
21058317590,5472,458672,35,1,1,128,1,1,16,0.000,0.000,,,,,NVIDIA A100-SXM4-40GB MIG 4g.20gb (0),1,,13,cupy_copy__complex64_complex64
21058343894,6400,458681,1,1,1,1,1,1,18,0.000,0.000,,,,,NVIDIA A100-SXM4-40GB MIG 4g.20gb (0),1,,13,cupy_copy__float32_float32
21058373813,1568,458687,,,,,,,,,,0.000,2.551,Device,Pageable,NVIDIA A100-SXM4-40GB MIG 4g.20gb (0),1,,7,[CUDA memcpy Device-to-Host]
21058434389,11872,458698,1434,1,1,128,1,1,16,0.000,0.000,,,,,NVIDIA A100-SXM4-40GB MIG 4g.20gb (0),1,,13,cupy_copy__complex64_complex64
21058461716,5056,458705,103,1,1,128,1,1,16,0.000,0.000,,,,,NVIDIA A100-SXM4-40GB MIG 4g.20gb (0),1,,13,cupy_copy__complex64_complex64
21058492340,5248,458712,35,1,1,128,1,1,16,0.000,0.000,,,,,NVIDIA A100-SXM4-40GB MIG 4g.20gb (0),1,,13,cupy_copy__complex64_complex64
21058501108,1984,458719,1,1,1,1,1,1,18,0.000,0.000,,,,,NVIDIA A100-SXM4-40GB MIG 4g.20gb (0),1,,13,cupy_copy__float32_float32
21058636595,102462,458730,1,1,1,32,32,1,30,0.000,0.000,,,,,NVIDIA A100-SXM4-40GB MIG 4g.20gb (0),1,,13,"void convert_kernel<__half2, float2>(tensor_layout_any, T1 *, tensor_layout_any, const T2 *)"
21058768209,5440,458733,,,,,,,,,,0.094,17223.480,Pinned,Device,NVIDIA A100-SXM4-40GB MIG 4g.20gb (0),1,,13,[CUDA memcpy Host-to-Device]
21058782769,4480,458734,,,,,,,,,,1.547,345228.130,Device,,NVIDIA A100-SXM4-40GB MIG 4g.20gb (0),1,,13,[CUDA memset]
21058788593,3264,458739,,,,,,,,,,0.031,9588.218,Pinned,Device,NVIDIA A100-SXM4-40GB MIG 4g.20gb (0),1,,13,[CUDA memcpy Host-to-Device]
21058794321,9344,458740,,,,,,,,,,0.197,21040.988,Pinned,Device,NVIDIA A100-SXM4-40GB MIG 4g.20gb (0),1,,13,[CUDA memcpy Host-to-Device]
21058808721,7711,458741,273,1,1,8,4,1,39,0.002,0.000,,,,,NVIDIA A100-SXM4-40GB MIG 4g.20gb (0),1,,13,"void channel_eq::eqMmseCoefCompLowMimoKernel<float, float, float, (unsigned int)4, (unsigned int)1, (unsigned int)4>(const channel_eq::_puschRxChEqStatDescr *, channel_eq::_puschRxChEqCoefCompDynDescr)"
21058819792,5504,458742,273,1,1,12,11,1,51,0.002,0.000,,,,,NVIDIA A100-SXM4-40GB MIG 4g.20gb (0),1,,13,"void channel_eq::eqMmseSoftDemapKernel<float, __half, __half, float, (unsigned int)4, (unsigned short)16383>(channel_eq::_puschRxChEqStatDescr *, channel_eq::_puschRxChEqSoftDemapDynDescr)"
21058836208,334461,458743,1,1,1,32,32,1,30,0.000,0.000,,,,,NVIDIA A100-SXM4-40GB MIG 4g.20gb (0),1,,13,"void convert_kernel<float2, __half2>(tensor_layout_any, T1 *, tensor_layout_any, const T2 *)"
21059616264,17983,458755,2253,1,1,128,1,1,16,0.000,0.000,,,,,NVIDIA A100-SXM4-40GB MIG 4g.20gb (0),1,,13,cupy_copy__float16_float16
21059651431,12512,458764,282,1,1,128,1,1,16,0.000,0.000,,,,,NVIDIA A100-SXM4-40GB MIG 4g.20gb (0),1,,13,cupy_copy__complex64_complex64
21060185441,4128,458773,26,1,1,128,1,1,16,0.000,0.000,,,,,NVIDIA A100-SXM4-40GB MIG 4g.20gb (0),1,,13,cupy_copy__float32_float32
21060316704,12480,458782,103,1,1,128,1,1,16,0.000,0.000,,,,,NVIDIA A100-SXM4-40GB MIG 4g.20gb (0),1,,13,cupy_copy__complex64_complex64
21060339648,19583,458792,1434,1,1,128,1,1,16,0.000,0.000,,,,,NVIDIA A100-SXM4-40GB MIG 4g.20gb (0),1,,13,cupy_copy__complex64_complex64
21060458206,191614,458797,1,1,1,32,32,1,30,0.000,0.000,,,,,NVIDIA A100-SXM4-40GB MIG 4g.20gb (0),1,,13,"void convert_kernel<__half2, float2>(tensor_layout_any, T1 *, tensor_layout_any, const T2 *)"
21060679324,5344,458800,,,,,,,,,,0.094,17532.864,Pinned,Device,NVIDIA A100-SXM4-40GB MIG 4g.20gb (0),1,,13,[CUDA memcpy Host-to-Device]
21060689724,607097,458801,,,,,,,,,,456.561,751956.692,Device,,NVIDIA A100-SXM4-40GB MIG 4g.20gb (0),1,,13,[CUDA memset]
21061306165,48767,458806,,,,,,,,,,1.235,25322.527,Pinned,Device,NVIDIA A100-SXM4-40GB MIG 4g.20gb (0),1,,13,[CUDA memcpy Host-to-Device]
21061357524,9344,458807,,,,,,,,,,0.197,21040.988,Pinned,Device,NVIDIA A100-SXM4-40GB MIG 4g.20gb (0),1,,13,[CUDA memcpy Host-to-Device]
21061372276,7264,458808,69,4,1,48,1,1,76,0.002,0.000,,,,,NVIDIA A100-SXM4-40GB MIG 4g.20gb (0),1,,13,"void ch_est::windowedChEstPreNoDftSOfdmKernel<float, __half, float, (unsigned int)2, (unsigned int)1, (unsigned short)4>(ch_est::puschRxChEstStatDescr_t *, ch_est::puschRxChEstDynDescr_t *)"
21061381492,6496,458809,137,2,1,24,2,1,44,0.001,0.001,,,,,NVIDIA A100-SXM4-40GB MIG 4g.20gb (0),1,,13,"void ch_est::chEstFilterNoDftSOfdmDispatchKernel<float, __half, float, (unsigned int)2>(ch_est::puschRxChEstStatDescr_t *, ch_est::puschRxChEstDynDescr_t *)"
21061389364,4768,458810,137,2,1,24,2,1,44,0.001,0.001,,,,,NVIDIA A100-SXM4-40GB MIG 4g.20gb (0),1,,13,"void ch_est::chEstFilterNoDftSOfdmDispatchKernel<float, __half, float, (unsigned int)2>(ch_est::puschRxChEstStatDescr_t *, ch_est::puschRxChEstDynDescr_t *)"
21061395892,2560,458821,103,1,1,128,1,1,16,0.000,0.000,,,,,NVIDIA A100-SXM4-40GB MIG 4g.20gb (0),1,,13,cupy_copy__complex64_complex64
21061399956,13568,458831,1434,1,1,128,1,1,16,0.000,0.000,,,,,NVIDIA A100-SXM4-40GB MIG 4g.20gb (0),1,,13,cupy_copy__complex64_complex64
21061414996,2495,458838,103,1,1,128,1,1,16,0.000,0.000,,,,,NVIDIA A100-SXM4-40GB MIG 4g.20gb (0),1,,13,cupy_copy__complex64_complex64
21061420147,79200,458845,1,1,1,32,32,1,30,0.000,0.000,,,,,NVIDIA A100-SXM4-40GB MIG 4g.20gb (0),1,,13,"void convert_kernel<__half2, float2>(tensor_layout_any, T1 *, tensor_layout_any, const T2 *)"
21061527666,5568,458848,,,,,,,,,,0.094,16827.521,Pinned,Device,NVIDIA A100-SXM4-40GB MIG 4g.20gb (0),1,,13,[CUDA memcpy Host-to-Device]
21061539570,46016,458849,,,,,,,,,,35.810,778185.372,Device,,NVIDIA A100-SXM4-40GB MIG 4g.20gb (0),1,,13,[CUDA memset]
21061593298,1920,458851,,,,,,,,,,0.000,41.667,Pinned,Device,NVIDIA A100-SXM4-40GB MIG 4g.20gb (0),1,,13,[CUDA memcpy Host-to-Device]
21061597617,9440,458852,,,,,,,,,,0.197,20827.079,Pinned,Device,NVIDIA A100-SXM4-40GB MIG 4g.20gb (0),1,,13,[CUDA memcpy Host-to-Device]
21061611249,8320,458853,273,1,1,48,1,1,40,0.000,0.001,,,,,NVIDIA A100-SXM4-40GB MIG 4g.20gb (0),1,,13,"void pusch_noise_intf_est::noiseIntfEstNoDftSOfdmKernel<float, __half, float, float, (unsigned int)2, (unsigned int)1, (unsigned char)4, (unsigned char)4>(pusch_noise_intf_est::puschRxNoiseIntfEstDynDescr)"
21061621393,2848,458864,35,1,1,128,1,1,16,0.000,0.000,,,,,NVIDIA A100-SXM4-40GB MIG 4g.20gb (0),1,,13,cupy_copy__complex64_complex64
21061656209,1888,458873,1,1,1,1,1,1,18,0.000,0.000,,,,,NVIDIA A100-SXM4-40GB MIG 4g.20gb (0),1,,13,cupy_copy__float32_float32
21061690416,1568,458879,,,,,,,,,,0.000,2.551,Device,Pageable,NVIDIA A100-SXM4-40GB MIG 4g.20gb (0),1,,7,[CUDA memcpy Device-to-Host]
21061750672,13408,458890,1434,1,1,128,1,1,16,0.000,0.000,,,,,NVIDIA A100-SXM4-40GB MIG 4g.20gb (0),1,,13,cupy_copy__complex64_complex64
21061776623,2720,458897,103,1,1,128,1,1,16,0.000,0.000,,,,,NVIDIA A100-SXM4-40GB MIG 4g.20gb (0),1,,13,cupy_copy__complex64_complex64
21061797007,2208,458904,35,1,1,128,1,1,16,0.000,0.000,,,,,NVIDIA A100-SXM4-40GB MIG 4g.20gb (0),1,,13,cupy_copy__complex64_complex64
21061814575,1856,458911,1,1,1,1,1,1,18,0.000,0.000,,,,,NVIDIA A100-SXM4-40GB MIG 4g.20gb (0),1,,13,cupy_copy__float32_float32
21061949454,81567,458922,1,1,1,32,32,1,30,0.000,0.000,,,,,NVIDIA A100-SXM4-40GB MIG 4g.20gb (0),1,,13,"void convert_kernel<__half2, float2>(tensor_layout_any, T1 *, tensor_layout_any, const T2 *)"
21062058668,5440,458925,,,,,,,,,,0.094,17223.480,Pinned,Device,NVIDIA A100-SXM4-40GB MIG 4g.20gb (0),1,,13,[CUDA memcpy Host-to-Device]
21062073452,3488,458926,,,,,,,,,,1.547,443412.461,Device,,NVIDIA A100-SXM4-40GB MIG 4g.20gb (0),1,,13,[CUDA memset]
21062079660,3264,458931,,,,,,,,,,0.031,9588.218,Pinned,Device,NVIDIA A100-SXM4-40GB MIG 4g.20gb (0),1,,13,[CUDA memcpy Host-to-Device]
21062086348,10752,458932,,,,,,,,,,0.197,18285.527,Pinned,Device,NVIDIA A100-SXM4-40GB MIG 4g.20gb (0),1,,13,[CUDA memcpy Host-to-Device]
21062101804,5888,458933,273,1,1,8,4,1,39,0.002,0.000,,,,,NVIDIA A100-SXM4-40GB MIG 4g.20gb (0),1,,13,"void channel_eq::eqMmseCoefCompLowMimoKernel<float, float, float, (unsigned int)4, (unsigned int)1, (unsigned int)4>(const channel_eq::_puschRxChEqStatDescr *, channel_eq::_puschRxChEqCoefCompDynDescr)"
21062110252,5376,458934,273,1,1,12,11,1,51,0.002,0.000,,,,,NVIDIA A100-SXM4-40GB MIG 4g.20gb (0),1,,13,"void channel_eq::eqMmseSoftDemapKernel<float, __half, __half, float, (unsigned int)4, (unsigned short)16383>(channel_eq::_puschRxChEqStatDescr *, channel_eq::_puschRxChEqSoftDemapDynDescr)"
21062117452,284957,458935,1,1,1,32,32,1,30,0.000,0.000,,,,,NVIDIA A100-SXM4-40GB MIG 4g.20gb (0),1,,13,"void convert_kernel<float2, __half2>(tensor_layout_any, T1 *, tensor_layout_any, const T2 *)"
21062406344,11904,458947,2253,1,1,128,1,1,16,0.000,0.000,,,,,NVIDIA A100-SXM4-40GB MIG 4g.20gb (0),1,,13,cupy_copy__float16_float16
21062420264,2752,458956,282,1,1,128,1,1,16,0.000,0.000,,,,,NVIDIA A100-SXM4-40GB MIG 4g.20gb (0),1,,13,cupy_copy__complex64_complex64
21062429576,2336,458965,26,1,1,128,1,1,16,0.000,0.000,,,,,NVIDIA A100-SXM4-40GB MIG 4g.20gb (0),1,,13,cupy_copy__float32_float32
21062438536,3552,458974,103,1,1,128,1,1,16,0.000,0.000,,,,,NVIDIA A100-SXM4-40GB MIG 4g.20gb (0),1,,13,cupy_copy__complex64_complex64
21062447464,11968,458984,1434,1,1,128,1,1,16,0.000,0.000,,,,,NVIDIA A100-SXM4-40GB MIG 4g.20gb (0),1,,13,cupy_copy__complex64_complex64
21062461096,243869,458989,1,1,1,32,32,1,30,0.000,0.000,,,,,NVIDIA A100-SXM4-40GB MIG 4g.20gb (0),1,,13,"void convert_kernel<__half2, float2>(tensor_layout_any, T1 *, tensor_layout_any, const T2 *)"
21062733605,5440,458992,,,,,,,,,,0.094,17223.480,Pinned,Device,NVIDIA A100-SXM4-40GB MIG 4g.20gb (0),1,,13,[CUDA memcpy Host-to-Device]
21062826148,612185,458993,,,,,,,,,,456.561,745564.832,Device,,NVIDIA A100-SXM4-40GB MIG 4g.20gb (0),1,,13,[CUDA memset]
21063441181,52255,458998,,,,,,,,,,1.235,23631.888,Pinned,Device,NVIDIA A100-SXM4-40GB MIG 4g.20gb (0),1,,13,[CUDA memcpy Host-to-Device]
21063495868,10912,458999,,,,,,,,,,0.197,18017.550,Pinned,Device,NVIDIA A100-SXM4-40GB MIG 4g.20gb (0),1,,13,[CUDA memcpy Host-to-Device]
21063563612,10783,459000,69,4,1,48,1,1,76,0.002,0.000,,,,,NVIDIA A100-SXM4-40GB MIG 4g.20gb (0),1,,13,"void ch_est::windowedChEstPreNoDftSOfdmKernel<float, __half, float, (unsigned int)2, (unsigned int)1, (unsigned short)4>(ch_est::puschRxChEstStatDescr_t *, ch_est::puschRxChEstDynDescr_t *)"
21063666330,10720,459001,137,2,1,24,2,1,44,0.001,0.001,,,,,NVIDIA A100-SXM4-40GB MIG 4g.20gb (0),1,,13,"void ch_est::chEstFilterNoDftSOfdmDispatchKernel<float, __half, float, (unsigned int)2>(ch_est::puschRxChEstStatDescr_t *, ch_est::puschRxChEstDynDescr_t *)"
21063771353,10912,459002,137,2,1,24,2,1,44,0.001,0.001,,,,,NVIDIA A100-SXM4-40GB MIG 4g.20gb (0),1,,13,"void ch_est::chEstFilterNoDftSOfdmDispatchKernel<float, __half, float, (unsigned int)2>(ch_est::puschRxChEstStatDescr_t *, ch_est::puschRxChEstDynDescr_t *)"
21063871608,5120,459013,103,1,1,128,1,1,16,0.000,0.000,,,,,NVIDIA A100-SXM4-40GB MIG 4g.20gb (0),1,,13,cupy_copy__complex64_complex64
21063972791,18400,459023,1434,1,1,128,1,1,16,0.000,0.000,,,,,NVIDIA A100-SXM4-40GB MIG 4g.20gb (0),1,,13,cupy_copy__complex64_complex64
21064079958,6304,459030,103,1,1,128,1,1,16,0.000,0.000,,,,,NVIDIA A100-SXM4-40GB MIG 4g.20gb (0),1,,13,cupy_copy__complex64_complex64
21064179541,324092,459037,1,1,1,32,32,1,30,0.000,0.000,,,,,NVIDIA A100-SXM4-40GB MIG 4g.20gb (0),1,,13,"void convert_kernel<__half2, float2>(tensor_layout_any, T1 *, tensor_layout_any, const T2 *)"
21064540465,5376,459040,,,,,,,,,,0.094,17428.487,Pinned,Device,NVIDIA A100-SXM4-40GB MIG 4g.20gb (0),1,,13,[CUDA memcpy Host-to-Device]
21064554448,47776,459041,,,,,,,,,,35.810,749537.436,Device,,NVIDIA A100-SXM4-40GB MIG 4g.20gb (0),1,,13,[CUDA memset]
21064607536,1984,459043,,,,,,,,,,0.000,40.323,Pinned,Device,NVIDIA A100-SXM4-40GB MIG 4g.20gb (0),1,,13,[CUDA memcpy Host-to-Device]
21064611952,9344,459044,,,,,,,,,,0.197,21040.988,Pinned,Device,NVIDIA A100-SXM4-40GB MIG 4g.20gb (0),1,,13,[CUDA memcpy Host-to-Device]
21064640496,13727,459045,273,1,1,48,1,1,40,0.000,0.001,,,,,NVIDIA A100-SXM4-40GB MIG 4g.20gb (0),1,,13,"void pusch_noise_intf_est::noiseIntfEstNoDftSOfdmKernel<float, __half, float, float, (unsigned int)2, (unsigned int)1, (unsigned char)4, (unsigned char)4>(pusch_noise_intf_est::puschRxNoiseIntfEstDynDescr)"
21064658095,6688,459056,35,1,1,128,1,1,16,0.000,0.000,,,,,NVIDIA A100-SXM4-40GB MIG 4g.20gb (0),1,,13,cupy_copy__complex64_complex64
21064678223,5728,459065,1,1,1,1,1,1,18,0.000,0.000,,,,,NVIDIA A100-SXM4-40GB MIG 4g.20gb (0),1,,13,cupy_copy__float32_float32
21064697775,1600,459071,,,,,,,,,,0.000,2.500,Device,Pageable,NVIDIA A100-SXM4-40GB MIG 4g.20gb (0),1,,7,[CUDA memcpy Device-to-Host]
21064766286,16576,459082,1434,1,1,128,1,1,16,0.000,0.000,,,,,NVIDIA A100-SXM4-40GB MIG 4g.20gb (0),1,,13,cupy_copy__complex64_complex64
21064790830,7168,459089,103,1,1,128,1,1,16,0.000,0.000,,,,,NVIDIA A100-SXM4-40GB MIG 4g.20gb (0),1,,13,cupy_copy__complex64_complex64
21064810830,7328,459096,35,1,1,128,1,1,16,0.000,0.000,,,,,NVIDIA A100-SXM4-40GB MIG 4g.20gb (0),1,,13,cupy_copy__complex64_complex64
21064831725,6240,459103,1,1,1,1,1,1,18,0.000,0.000,,,,,NVIDIA A100-SXM4-40GB MIG 4g.20gb (0),1,,13,cupy_copy__float32_float32
21064960588,100575,459114,1,1,1,32,32,1,30,0.000,0.000,,,,,NVIDIA A100-SXM4-40GB MIG 4g.20gb (0),1,,13,"void convert_kernel<__half2, float2>(tensor_layout_any, T1 *, tensor_layout_any, const T2 *)"
21065090571,5759,459117,,,,,,,,,,0.094,16269.467,Pinned,Device,NVIDIA A100-SXM4-40GB MIG 4g.20gb (0),1,,13,[CUDA memcpy Host-to-Device]
21065105066,5632,459118,,,,,,,,,,1.547,274612.371,Device,,NVIDIA A100-SXM4-40GB MIG 4g.20gb (0),1,,13,[CUDA memset]
21065111082,3040,459123,,,,,,,,,,0.031,10294.725,Pinned,Device,NVIDIA A100-SXM4-40GB MIG 4g.20gb (0),1,,13,[CUDA memcpy Host-to-Device]
21065117866,9472,459124,,,,,,,,,,0.197,20756.693,Pinned,Device,NVIDIA A100-SXM4-40GB MIG 4g.20gb (0),1,,13,[CUDA memcpy Host-to-Device]
21065131146,5888,459125,273,1,1,8,4,1,39,0.002,0.000,,,,,NVIDIA A100-SXM4-40GB MIG 4g.20gb (0),1,,13,"void channel_eq::eqMmseCoefCompLowMimoKernel<float, float, float, (unsigned int)4, (unsigned int)1, (unsigned int)4>(const channel_eq::_puschRxChEqStatDescr *, channel_eq::_puschRxChEqCoefCompDynDescr)"
21065138634,5696,459126,273,1,1,12,11,1,51,0.002,0.000,,,,,NVIDIA A100-SXM4-40GB MIG 4g.20gb (0),1,,13,"void channel_eq::eqMmseSoftDemapKernel<float, __half, __half, float, (unsigned int)4, (unsigned short)16383>(channel_eq::_puschRxChEqStatDescr *, channel_eq::_puschRxChEqSoftDemapDynDescr)"
21065146218,286269,459127,1,1,1,32,32,1,30,0.000,0.000,,,,,NVIDIA A100-SXM4-40GB MIG 4g.20gb (0),1,,13,"void convert_kernel<float2, __half2>(tensor_layout_any, T1 *, tensor_layout_any, const T2 *)"
21065433959,11712,459139,2253,1,1,128,1,1,16,0.000,0.000,,,,,NVIDIA A100-SXM4-40GB MIG 4g.20gb (0),1,,13,cupy_copy__float16_float16
21065453510,7776,459148,282,1,1,128,1,1,16,0.000,0.000,,,,,NVIDIA A100-SXM4-40GB MIG 4g.20gb (0),1,,13,cupy_copy__complex64_complex64
21065474374,6784,459157,26,1,1,128,1,1,16,0.000,0.000,,,,,NVIDIA A100-SXM4-40GB MIG 4g.20gb (0),1,,13,cupy_copy__float32_float32
21065482694,2944,459166,103,1,1,128,1,1,16,0.000,0.000,,,,,NVIDIA A100-SXM4-40GB MIG 4g.20gb (0),1,,13,cupy_copy__complex64_complex64
21065496422,16992,459176,1434,1,1,128,1,1,16,0.000,0.000,,,,,NVIDIA A100-SXM4-40GB MIG 4g.20gb (0),1,,13,cupy_copy__complex64_complex64
21065520934,105215,459181,1,1,1,32,32,1,30,0.000,0.000,,,,,NVIDIA A100-SXM4-40GB MIG 4g.20gb (0),1,,13,"void convert_kernel<__half2, float2>(tensor_layout_any, T1 *, tensor_layout_any, const T2 *)"
21065654948,5440,459184,,,,,,,,,,0.094,17223.480,Pinned,Device,NVIDIA A100-SXM4-40GB MIG 4g.20gb (0),1,,13,[CUDA memcpy Host-to-Device]
21065667908,608953,459185,,,,,,,,,,456.561,749673.884,Device,,NVIDIA A100-SXM4-40GB MIG 4g.20gb (0),1,,13,[CUDA memset]
21066283773,49536,459190,,,,,,,,,,1.235,24929.815,Pinned,Device,NVIDIA A100-SXM4-40GB MIG 4g.20gb (0),1,,13,[CUDA memcpy Host-to-Device]
21066335965,9280,459191,,,,,,,,,,0.197,21186.085,Pinned,Device,NVIDIA A100-SXM4-40GB MIG 4g.20gb (0),1,,13,[CUDA memcpy Host-to-Device]
21066361084,8288,459192,69,4,1,48,1,1,76,0.002,0.000,,,,,NVIDIA A100-SXM4-40GB MIG 4g.20gb (0),1,,13,"void ch_est::windowedChEstPreNoDftSOfdmKernel<float, __half, float, (unsigned int)2, (unsigned int)1, (unsigned short)4>(ch_est::puschRxChEstStatDescr_t *, ch_est::puschRxChEstDynDescr_t *)"
21066370780,6432,459193,137,2,1,24,2,1,44,0.001,0.001,,,,,NVIDIA A100-SXM4-40GB MIG 4g.20gb (0),1,,13,"void ch_est::chEstFilterNoDftSOfdmDispatchKernel<float, __half, float, (unsigned int)2>(ch_est::puschRxChEstStatDescr_t *, ch_est::puschRxChEstDynDescr_t *)"
21066378524,4768,459194,137,2,1,24,2,1,44,0.001,0.001,,,,,NVIDIA A100-SXM4-40GB MIG 4g.20gb (0),1,,13,"void ch_est::chEstFilterNoDftSOfdmDispatchKernel<float, __half, float, (unsigned int)2>(ch_est::puschRxChEstStatDescr_t *, ch_est::puschRxChEstDynDescr_t *)"
21066385116,2528,459205,103,1,1,128,1,1,16,0.000,0.000,,,,,NVIDIA A100-SXM4-40GB MIG 4g.20gb (0),1,,13,cupy_copy__complex64_complex64
21066390108,12608,459215,1434,1,1,128,1,1,16,0.000,0.000,,,,,NVIDIA A100-SXM4-40GB MIG 4g.20gb (0),1,,13,cupy_copy__complex64_complex64
21066404284,2496,459222,103,1,1,128,1,1,16,0.000,0.000,,,,,NVIDIA A100-SXM4-40GB MIG 4g.20gb (0),1,,13,cupy_copy__complex64_complex64
21066408252,80287,459229,1,1,1,32,32,1,30,0.000,0.000,,,,,NVIDIA A100-SXM4-40GB MIG 4g.20gb (0),1,,13,"void convert_kernel<__half2, float2>(tensor_layout_any, T1 *, tensor_layout_any, const T2 *)"
21066518651,5344,459232,,,,,,,,,,0.094,17532.864,Pinned,Device,NVIDIA A100-SXM4-40GB MIG 4g.20gb (0),1,,13,[CUDA memcpy Host-to-Device]
21066530586,49696,459233,,,,,,,,,,35.810,720567.210,Device,,NVIDIA A100-SXM4-40GB MIG 4g.20gb (0),1,,13,[CUDA memset]
21066582458,2176,459235,,,,,,,,,,0.000,36.765,Pinned,Device,NVIDIA A100-SXM4-40GB MIG 4g.20gb (0),1,,13,[CUDA memcpy Host-to-Device]
21066587066,10496,459236,,,,,,,,,,0.197,18731.631,Pinned,Device,NVIDIA A100-SXM4-40GB MIG 4g.20gb (0),1,,13,[CUDA memcpy Host-to-Device]
21066605242,14367,459237,273,1,1,48,1,1,40,0.000,0.001,,,,,NVIDIA A100-SXM4-40GB MIG 4g.20gb (0),1,,13,"void pusch_noise_intf_est::noiseIntfEstNoDftSOfdmKernel<float, __half, float, float, (unsigned int)2, (unsigned int)1, (unsigned char)4, (unsigned char)4>(pusch_noise_intf_est::puschRxNoiseIntfEstDynDescr)"
21066636985,8704,459248,35,1,1,128,1,1,16,0.000,0.000,,,,,NVIDIA A100-SXM4-40GB MIG 4g.20gb (0),1,,13,cupy_copy__complex64_complex64
21066647513,2176,459257,1,1,1,1,1,1,18,0.000,0.000,,,,,NVIDIA A100-SXM4-40GB MIG 4g.20gb (0),1,,13,cupy_copy__float32_float32
21066671993,1600,459263,,,,,,,,,,0.000,2.500,Device,Pageable,NVIDIA A100-SXM4-40GB MIG 4g.20gb (0),1,,7,[CUDA memcpy Device-to-Host]
21066732888,12992,459274,1434,1,1,128,1,1,16,0.000,0.000,,,,,NVIDIA A100-SXM4-40GB MIG 4g.20gb (0),1,,13,cupy_copy__complex64_complex64
21066901878,6240,459281,103,1,1,128,1,1,16,0.000,0.000,,,,,NVIDIA A100-SXM4-40GB MIG 4g.20gb (0),1,,13,cupy_copy__complex64_complex64
21066921142,9760,459288,35,1,1,128,1,1,16,0.000,0.000,,,,,NVIDIA A100-SXM4-40GB MIG 4g.20gb (0),1,,13,cupy_copy__complex64_complex64
21067064501,7455,459295,1,1,1,1,1,1,18,0.000,0.000,,,,,NVIDIA A100-SXM4-40GB MIG 4g.20gb (0),1,,13,cupy_copy__float32_float32
21067081428,185886,459306,1,1,1,32,32,1,30,0.000,0.000,,,,,NVIDIA A100-SXM4-40GB MIG 4g.20gb (0),1,,13,"void convert_kernel<__half2, float2>(tensor_layout_any, T1 *, tensor_layout_any, const T2 *)"
21067297458,5408,459309,,,,,,,,,,0.094,17325.421,Pinned,Device,NVIDIA A100-SXM4-40GB MIG 4g.20gb (0),1,,13,[CUDA memcpy Host-to-Device]
21067310450,10592,459310,,,,,,,,,,1.547,146016.772,Device,,NVIDIA A100-SXM4-40GB MIG 4g.20gb (0),1,,13,[CUDA memset]
21067327634,3040,459315,,,,,,,,,,0.031,10294.725,Pinned,Device,NVIDIA A100-SXM4-40GB MIG 4g.20gb (0),1,,13,[CUDA memcpy Host-to-Device]
21067333234,9407,459316,,,,,,,,,,0.197,20900.020,Pinned,Device,NVIDIA A100-SXM4-40GB MIG 4g.20gb (0),1,,13,[CUDA memcpy Host-to-Device]
21067346865,7360,459317,273,1,1,8,4,1,39,0.002,0.000,,,,,NVIDIA A100-SXM4-40GB MIG 4g.20gb (0),1,,13,"void channel_eq::eqMmseCoefCompLowMimoKernel<float, float, float, (unsigned int)4, (unsigned int)1, (unsigned int)4>(const channel_eq::_puschRxChEqStatDescr *, channel_eq::_puschRxChEqCoefCompDynDescr)"
21067356113,5600,459318,273,1,1,12,11,1,51,0.002,0.000,,,,,NVIDIA A100-SXM4-40GB MIG 4g.20gb (0),1,,13,"void channel_eq::eqMmseSoftDemapKernel<float, __half, __half, float, (unsigned int)4, (unsigned short)16383>(channel_eq::_puschRxChEqStatDescr *, channel_eq::_puschRxChEqSoftDemapDynDescr)"
21067372849,328956,459319,1,1,1,32,32,1,30,0.000,0.000,,,,,NVIDIA A100-SXM4-40GB MIG 4g.20gb (0),1,,13,"void convert_kernel<float2, __half2>(tensor_layout_any, T1 *, tensor_layout_any, const T2 *)"
21067704429,10816,459331,2253,1,1,128,1,1,16,0.000,0.000,,,,,NVIDIA A100-SXM4-40GB MIG 4g.20gb (0),1,,13,cupy_copy__float16_float16
21067729197,7968,459340,282,1,1,128,1,1,16,0.000,0.000,,,,,NVIDIA A100-SXM4-40GB MIG 4g.20gb (0),1,,13,cupy_copy__complex64_complex64
21067739533,2144,459349,26,1,1,128,1,1,16,0.000,0.000,,,,,NVIDIA A100-SXM4-40GB MIG 4g.20gb (0),1,,13,cupy_copy__float32_float32
21067756909,9344,459358,103,1,1,128,1,1,16,0.000,0.000,,,,,NVIDIA A100-SXM4-40GB MIG 4g.20gb (0),1,,13,cupy_copy__complex64_complex64
21067769037,13567,459368,1434,1,1,128,1,1,16,0.000,0.000,,,,,NVIDIA A100-SXM4-40GB MIG 4g.20gb (0),1,,13,cupy_copy__complex64_complex64
21067790860,102399,459373,1,1,1,32,32,1,30,0.000,0.000,,,,,NVIDIA A100-SXM4-40GB MIG 4g.20gb (0),1,,13,"void convert_kernel<__half2, float2>(tensor_layout_any, T1 *, tensor_layout_any, const T2 *)"
21067922411,5440,459376,,,,,,,,,,0.094,17223.480,Pinned,Device,NVIDIA A100-SXM4-40GB MIG 4g.20gb (0),1,,13,[CUDA memcpy Host-to-Device]
21067942219,609273,459377,,,,,,,,,,456.561,749217.323,Device,,NVIDIA A100-SXM4-40GB MIG 4g.20gb (0),1,,13,[CUDA memset]
21068552932,51295,459382,,,,,,,,,,1.235,24075.233,Pinned,Device,NVIDIA A100-SXM4-40GB MIG 4g.20gb (0),1,,13,[CUDA memcpy Host-to-Device]
21068606659,9696,459383,,,,,,,,,,0.197,20277.166,Pinned,Device,NVIDIA A100-SXM4-40GB MIG 4g.20gb (0),1,,13,[CUDA memcpy Host-to-Device]
21068634243,9824,459384,69,4,1,48,1,1,76,0.002,0.000,,,,,NVIDIA A100-SXM4-40GB MIG 4g.20gb (0),1,,13,"void ch_est::windowedChEstPreNoDftSOfdmKernel<float, __half, float, (unsigned int)2, (unsigned int)1, (unsigned short)4>(ch_est::puschRxChEstStatDescr_t *, ch_est::puschRxChEstDynDescr_t *)"
21068645699,6464,459385,137,2,1,24,2,1,44,0.001,0.001,,,,,NVIDIA A100-SXM4-40GB MIG 4g.20gb (0),1,,13,"void ch_est::chEstFilterNoDftSOfdmDispatchKernel<float, __half, float, (unsigned int)2>(ch_est::puschRxChEstStatDescr_t *, ch_est::puschRxChEstDynDescr_t *)"
21068667171,10080,459386,137,2,1,24,2,1,44,0.001,0.001,,,,,NVIDIA A100-SXM4-40GB MIG 4g.20gb (0),1,,13,"void ch_est::chEstFilterNoDftSOfdmDispatchKernel<float, __half, float, (unsigned int)2>(ch_est::puschRxChEstStatDescr_t *, ch_est::puschRxChEstDynDescr_t *)"
21068678946,2624,459397,103,1,1,128,1,1,16,0.000,0.000,,,,,NVIDIA A100-SXM4-40GB MIG 4g.20gb (0),1,,13,cupy_copy__complex64_complex64
21068696290,17536,459407,1434,1,1,128,1,1,16,0.000,0.000,,,,,NVIDIA A100-SXM4-40GB MIG 4g.20gb (0),1,,13,cupy_copy__complex64_complex64
21068715330,4384,459414,103,1,1,128,1,1,16,0.000,0.000,,,,,NVIDIA A100-SXM4-40GB MIG 4g.20gb (0),1,,13,cupy_copy__complex64_complex64
21068720418,79487,459421,1,1,1,32,32,1,30,0.000,0.000,,,,,NVIDIA A100-SXM4-40GB MIG 4g.20gb (0),1,,13,"void convert_kernel<__half2, float2>(tensor_layout_any, T1 *, tensor_layout_any, const T2 *)"
21068828161,5376,459424,,,,,,,,,,0.094,17428.487,Pinned,Device,NVIDIA A100-SXM4-40GB MIG 4g.20gb (0),1,,13,[CUDA memcpy Host-to-Device]
21068839905,46687,459425,,,,,,,,,,35.810,767012.676,Device,,NVIDIA A100-SXM4-40GB MIG 4g.20gb (0),1,,13,[CUDA memset]
21068891264,1856,459427,,,,,,,,,,0.000,43.103,Pinned,Device,NVIDIA A100-SXM4-40GB MIG 4g.20gb (0),1,,13,[CUDA memcpy Host-to-Device]
21068895520,9600,459428,,,,,,,,,,0.197,20479.869,Pinned,Device,NVIDIA A100-SXM4-40GB MIG 4g.20gb (0),1,,13,[CUDA memcpy Host-to-Device]
21068913952,12160,459429,273,1,1,48,1,1,40,0.000,0.001,,,,,NVIDIA A100-SXM4-40GB MIG 4g.20gb (0),1,,13,"void pusch_noise_intf_est::noiseIntfEstNoDftSOfdmKernel<float, __half, float, float, (unsigned int)2, (unsigned int)1, (unsigned char)4, (unsigned char)4>(pusch_noise_intf_est::puschRxNoiseIntfEstDynDescr)"
21068927616,4416,459440,35,1,1,128,1,1,16,0.000,0.000,,,,,NVIDIA A100-SXM4-40GB MIG 4g.20gb (0),1,,13,cupy_copy__complex64_complex64
21068946080,1855,459449,1,1,1,1,1,1,18,0.000,0.000,,,,,NVIDIA A100-SXM4-40GB MIG 4g.20gb (0),1,,13,cupy_copy__float32_float32
21068979807,1600,459455,,,,,,,,,,0.000,2.500,Device,Pageable,NVIDIA A100-SXM4-40GB MIG 4g.20gb (0),1,,7,[CUDA memcpy Device-to-Host]
21069041214,12544,459466,1434,1,1,128,1,1,16,0.000,0.000,,,,,NVIDIA A100-SXM4-40GB MIG 4g.20gb (0),1,,13,cupy_copy__complex64_complex64
21069068062,2752,459473,103,1,1,128,1,1,16,0.000,0.000,,,,,NVIDIA A100-SXM4-40GB MIG 4g.20gb (0),1,,13,cupy_copy__complex64_complex64
21069092254,5088,459480,35,1,1,128,1,1,16,0.000,0.000,,,,,NVIDIA A100-SXM4-40GB MIG 4g.20gb (0),1,,13,cupy_copy__complex64_complex64
21069105278,1792,459487,1,1,1,1,1,1,18,0.000,0.000,,,,,NVIDIA A100-SXM4-40GB MIG 4g.20gb (0),1,,13,cupy_copy__float32_float32
21069244348,173406,459498,1,1,1,32,32,1,30,0.000,0.000,,,,,NVIDIA A100-SXM4-40GB MIG 4g.20gb (0),1,,13,"void convert_kernel<__half2, float2>(tensor_layout_any, T1 *, tensor_layout_any, const T2 *)"
21069447578,5568,459501,,,,,,,,,,0.094,16827.521,Pinned,Device,NVIDIA A100-SXM4-40GB MIG 4g.20gb (0),1,,13,[CUDA memcpy Host-to-Device]
21069511993,6432,459502,,,,,,,,,,1.547,240456.727,Device,,NVIDIA A100-SXM4-40GB MIG 4g.20gb (0),1,,13,[CUDA memset]
21069524793,3040,459507,,,,,,,,,,0.031,10294.725,Pinned,Device,NVIDIA A100-SXM4-40GB MIG 4g.20gb (0),1,,13,[CUDA memcpy Host-to-Device]
21069530297,9408,459508,,,,,,,,,,0.197,20897.858,Pinned,Device,NVIDIA A100-SXM4-40GB MIG 4g.20gb (0),1,,13,[CUDA memcpy Host-to-Device]
21069545017,10080,459509,273,1,1,8,4,1,39,0.002,0.000,,,,,NVIDIA A100-SXM4-40GB MIG 4g.20gb (0),1,,13,"void channel_eq::eqMmseCoefCompLowMimoKernel<float, float, float, (unsigned int)4, (unsigned int)1, (unsigned int)4>(const channel_eq::_puschRxChEqStatDescr *, channel_eq::_puschRxChEqCoefCompDynDescr)"
21069556569,7104,459510,273,1,1,12,11,1,51,0.002,0.000,,,,,NVIDIA A100-SXM4-40GB MIG 4g.20gb (0),1,,13,"void channel_eq::eqMmseSoftDemapKernel<float, __half, __half, float, (unsigned int)4, (unsigned short)16383>(channel_eq::_puschRxChEqStatDescr *, channel_eq::_puschRxChEqSoftDemapDynDescr)"
21069649048,984693,459511,1,1,1,32,32,1,30,0.000,0.000,,,,,NVIDIA A100-SXM4-40GB MIG 4g.20gb (0),1,,13,"void convert_kernel<float2, __half2>(tensor_layout_any, T1 *, tensor_layout_any, const T2 *)"
21070637677,12512,459523,2253,1,1,128,1,1,16,0.000,0.000,,,,,NVIDIA A100-SXM4-40GB MIG 4g.20gb (0),1,,13,cupy_copy__float16_float16
21070652748,3584,459532,282,1,1,128,1,1,16,0.000,0.000,,,,,NVIDIA A100-SXM4-40GB MIG 4g.20gb (0),1,,13,cupy_copy__complex64_complex64
21070661292,2560,459541,26,1,1,128,1,1,16,0.000,0.000,,,,,NVIDIA A100-SXM4-40GB MIG 4g.20gb (0),1,,13,cupy_copy__float32_float32
21070670060,5792,459550,103,1,1,128,1,1,16,0.000,0.000,,,,,NVIDIA A100-SXM4-40GB MIG 4g.20gb (0),1,,13,cupy_copy__complex64_complex64
21070677900,12032,459560,1434,1,1,128,1,1,16,0.000,0.000,,,,,NVIDIA A100-SXM4-40GB MIG 4g.20gb (0),1,,13,cupy_copy__complex64_complex64
21070691788,80671,459565,1,1,1,32,32,1,30,0.000,0.000,,,,,NVIDIA A100-SXM4-40GB MIG 4g.20gb (0),1,,13,"void convert_kernel<__half2, float2>(tensor_layout_any, T1 *, tensor_layout_any, const T2 *)"
21070800587,5344,459568,,,,,,,,,,0.094,17532.864,Pinned,Device,NVIDIA A100-SXM4-40GB MIG 4g.20gb (0),1,,13,[CUDA memcpy Host-to-Device]
21070811467,608729,459569,,,,,,,,,,456.561,749673.884,Device,,NVIDIA A100-SXM4-40GB MIG 4g.20gb (0),1,,13,[CUDA memset]
21071422596,49695,459574,,,,,,,,,,1.235,24849.543,Pinned,Device,NVIDIA A100-SXM4-40GB MIG 4g.20gb (0),1,,13,[CUDA memcpy Host-to-Device]
21071474723,9664,459575,,,,,,,,,,0.197,20344.209,Pinned,Device,NVIDIA A100-SXM4-40GB MIG 4g.20gb (0),1,,13,[CUDA memcpy Host-to-Device]
21071494051,8256,459576,69,4,1,48,1,1,76,0.002,0.000,,,,,NVIDIA A100-SXM4-40GB MIG 4g.20gb (0),1,,13,"void ch_est::windowedChEstPreNoDftSOfdmKernel<float, __half, float, (unsigned int)2, (unsigned int)1, (unsigned short)4>(ch_est::puschRxChEstStatDescr_t *, ch_est::puschRxChEstDynDescr_t *)"
21071507299,6432,459577,137,2,1,24,2,1,44,0.001,0.001,,,,,NVIDIA A100-SXM4-40GB MIG 4g.20gb (0),1,,13,"void ch_est::chEstFilterNoDftSOfdmDispatchKernel<float, __half, float, (unsigned int)2>(ch_est::puschRxChEstStatDescr_t *, ch_est::puschRxChEstDynDescr_t *)"
21071521027,5184,459578,137,2,1,24,2,1,44,0.001,0.001,,,,,NVIDIA A100-SXM4-40GB MIG 4g.20gb (0),1,,13,"void ch_est::chEstFilterNoDftSOfdmDispatchKernel<float, __half, float, (unsigned int)2>(ch_est::puschRxChEstStatDescr_t *, ch_est::puschRxChEstDynDescr_t *)"
21071534883,2560,459589,103,1,1,128,1,1,16,0.000,0.000,,,,,NVIDIA A100-SXM4-40GB MIG 4g.20gb (0),1,,13,cupy_copy__complex64_complex64
21071548226,12128,459599,1434,1,1,128,1,1,16,0.000,0.000,,,,,NVIDIA A100-SXM4-40GB MIG 4g.20gb (0),1,,13,cupy_copy__complex64_complex64
21071562242,2528,459606,103,1,1,128,1,1,16,0.000,0.000,,,,,NVIDIA A100-SXM4-40GB MIG 4g.20gb (0),1,,13,cupy_copy__complex64_complex64
21071566882,82559,459613,1,1,1,32,32,1,30,0.000,0.000,,,,,NVIDIA A100-SXM4-40GB MIG 4g.20gb (0),1,,13,"void convert_kernel<__half2, float2>(tensor_layout_any, T1 *, tensor_layout_any, const T2 *)"
21071677889,5408,459616,,,,,,,,,,0.094,17325.421,Pinned,Device,NVIDIA A100-SXM4-40GB MIG 4g.20gb (0),1,,13,[CUDA memcpy Host-to-Device]
21071691521,46175,459617,,,,,,,,,,35.810,775499.628,Device,,NVIDIA A100-SXM4-40GB MIG 4g.20gb (0),1,,13,[CUDA memset]
21071743104,2208,459619,,,,,,,,,,0.000,36.232,Pinned,Device,NVIDIA A100-SXM4-40GB MIG 4g.20gb (0),1,,13,[CUDA memcpy Host-to-Device]
21071748032,9920,459620,,,,,,,,,,0.197,19819.266,Pinned,Device,NVIDIA A100-SXM4-40GB MIG 4g.20gb (0),1,,13,[CUDA memcpy Host-to-Device]
21071792576,28671,459621,273,1,1,48,1,1,40,0.000,0.001,,,,,NVIDIA A100-SXM4-40GB MIG 4g.20gb (0),1,,13,"void pusch_noise_intf_est::noiseIntfEstNoDftSOfdmKernel<float, __half, float, float, (unsigned int)2, (unsigned int)1, (unsigned char)4, (unsigned char)4>(pusch_noise_intf_est::puschRxNoiseIntfEstDynDescr)"
21071876415,13344,459632,35,1,1,128,1,1,16,0.000,0.000,,,,,NVIDIA A100-SXM4-40GB MIG 4g.20gb (0),1,,13,cupy_copy__complex64_complex64
21071899295,2816,459641,1,1,1,1,1,1,18,0.000,0.000,,,,,NVIDIA A100-SXM4-40GB MIG 4g.20gb (0),1,,13,cupy_copy__float32_float32
21071917118,1856,459647,,,,,,,,,,0.000,2.155,Device,Pageable,NVIDIA A100-SXM4-40GB MIG 4g.20gb (0),1,,7,[CUDA memcpy Device-to-Host]
21072026237,23680,459658,1434,1,1,128,1,1,16,0.000,0.000,,,,,NVIDIA A100-SXM4-40GB MIG 4g.20gb (0),1,,13,cupy_copy__complex64_complex64
21072099420,6272,459665,103,1,1,128,1,1,16,0.000,0.000,,,,,NVIDIA A100-SXM4-40GB MIG 4g.20gb (0),1,,13,cupy_copy__complex64_complex64
21072163164,7616,459672,35,1,1,128,1,1,16,0.000,0.000,,,,,NVIDIA A100-SXM4-40GB MIG 4g.20gb (0),1,,13,cupy_copy__complex64_complex64
21072228187,3264,459679,1,1,1,1,1,1,18,0.000,0.000,,,,,NVIDIA A100-SXM4-40GB MIG 4g.20gb (0),1,,13,cupy_copy__float32_float32
21072271098,334525,459690,1,1,1,32,32,1,30,0.000,0.000,,,,,NVIDIA A100-SXM4-40GB MIG 4g.20gb (0),1,,13,"void convert_kernel<__half2, float2>(tensor_layout_any, T1 *, tensor_layout_any, const T2 *)"
21072633974,5600,459693,,,,,,,,,,0.094,16731.388,Pinned,Device,NVIDIA A100-SXM4-40GB MIG 4g.20gb (0),1,,13,[CUDA memcpy Host-to-Device]
21072650358,3872,459694,,,,,,,,,,1.547,399437.301,Device,,NVIDIA A100-SXM4-40GB MIG 4g.20gb (0),1,,13,[CUDA memset]
21072656918,3328,459699,,,,,,,,,,0.031,9403.822,Pinned,Device,NVIDIA A100-SXM4-40GB MIG 4g.20gb (0),1,,13,[CUDA memcpy Host-to-Device]
21072670262,9472,459700,,,,,,,,,,0.197,20756.693,Pinned,Device,NVIDIA A100-SXM4-40GB MIG 4g.20gb (0),1,,13,[CUDA memcpy Host-to-Device]
21072692406,8160,459701,273,1,1,8,4,1,39,0.002,0.000,,,,,NVIDIA A100-SXM4-40GB MIG 4g.20gb (0),1,,13,"void channel_eq::eqMmseCoefCompLowMimoKernel<float, float, float, (unsigned int)4, (unsigned int)1, (unsigned int)4>(const channel_eq::_puschRxChEqStatDescr *, channel_eq::_puschRxChEqCoefCompDynDescr)"
21072705718,6240,459702,273,1,1,12,11,1,51,0.002,0.000,,,,,NVIDIA A100-SXM4-40GB MIG 4g.20gb (0),1,,13,"void channel_eq::eqMmseSoftDemapKernel<float, __half, __half, float, (unsigned int)4, (unsigned short)16383>(channel_eq::_puschRxChEqStatDescr *, channel_eq::_puschRxChEqSoftDemapDynDescr)"
21072714197,286941,459703,1,1,1,32,32,1,30,0.000,0.000,,,,,NVIDIA A100-SXM4-40GB MIG 4g.20gb (0),1,,13,"void convert_kernel<float2, __half2>(tensor_layout_any, T1 *, tensor_layout_any, const T2 *)"
21073002290,10752,459715,2253,1,1,128,1,1,16,0.000,0.000,,,,,NVIDIA A100-SXM4-40GB MIG 4g.20gb (0),1,,13,cupy_copy__float16_float16
21073143761,8512,459724,282,1,1,128,1,1,16,0.000,0.000,,,,,NVIDIA A100-SXM4-40GB MIG 4g.20gb (0),1,,13,cupy_copy__complex64_complex64
21073163888,8288,459733,26,1,1,128,1,1,16,0.000,0.000,,,,,NVIDIA A100-SXM4-40GB MIG 4g.20gb (0),1,,13,cupy_copy__float32_float32
21073305103,13184,459742,103,1,1,128,1,1,16,0.000,0.000,,,,,NVIDIA A100-SXM4-40GB MIG 4g.20gb (0),1,,13,cupy_copy__complex64_complex64
21073389838,18752,459758,1434,1,1,128,1,1,16,0.000,0.000,,,,,NVIDIA A100-SXM4-40GB MIG 4g.20gb (0),1,,13,cupy_copy__complex64_complex64
21073506765,103678,459763,1,1,1,32,32,1,30,0.000,0.000,,,,,NVIDIA A100-SXM4-40GB MIG 4g.20gb (0),1,,13,"void convert_kernel<__half2, float2>(tensor_layout_any, T1 *, tensor_layout_any, const T2 *)"
21073639211,5504,459766,,,,,,,,,,0.094,17023.251,Pinned,Device,NVIDIA A100-SXM4-40GB MIG 4g.20gb (0),1,,13,[CUDA memcpy Host-to-Device]
21073648779,605017,459767,,,,,,,,,,456.561,754239.499,Device,,NVIDIA A100-SXM4-40GB MIG 4g.20gb (0),1,,13,[CUDA memset]
21074255172,51040,459772,,,,,,,,,,1.235,24195.023,Pinned,Device,NVIDIA A100-SXM4-40GB MIG 4g.20gb (0),1,,13,[CUDA memcpy Host-to-Device]
21074308644,9408,459773,,,,,,,,,,0.197,20897.858,Pinned,Device,NVIDIA A100-SXM4-40GB MIG 4g.20gb (0),1,,13,[CUDA memcpy Host-to-Device]
21074334083,10912,459774,69,4,1,48,1,1,76,0.002,0.000,,,,,NVIDIA A100-SXM4-40GB MIG 4g.20gb (0),1,,13,"void ch_est::windowedChEstPreNoDftSOfdmKernel<float, __half, float, (unsigned int)2, (unsigned int)1, (unsigned short)4>(ch_est::puschRxChEstStatDescr_t *, ch_est::puschRxChEstDynDescr_t *)"
21074346627,6336,459775,137,2,1,24,2,1,44,0.001,0.001,,,,,NVIDIA A100-SXM4-40GB MIG 4g.20gb (0),1,,13,"void ch_est::chEstFilterNoDftSOfdmDispatchKernel<float, __half, float, (unsigned int)2>(ch_est::puschRxChEstStatDescr_t *, ch_est::puschRxChEstDynDescr_t *)"
21074368227,9728,459776,137,2,1,24,2,1,44,0.001,0.001,,,,,NVIDIA A100-SXM4-40GB MIG 4g.20gb (0),1,,13,"void ch_est::chEstFilterNoDftSOfdmDispatchKernel<float, __half, float, (unsigned int)2>(ch_est::puschRxChEstStatDescr_t *, ch_est::puschRxChEstDynDescr_t *)"
21074380163,2592,459787,103,1,1,128,1,1,16,0.000,0.000,,,,,NVIDIA A100-SXM4-40GB MIG 4g.20gb (0),1,,13,cupy_copy__complex64_complex64
21074398019,18048,459797,1434,1,1,128,1,1,16,0.000,0.000,,,,,NVIDIA A100-SXM4-40GB MIG 4g.20gb (0),1,,13,cupy_copy__complex64_complex64
21074417442,4512,459804,103,1,1,128,1,1,16,0.000,0.000,,,,,NVIDIA A100-SXM4-40GB MIG 4g.20gb (0),1,,13,cupy_copy__complex64_complex64
21074422882,79552,459811,1,1,1,32,32,1,30,0.000,0.000,,,,,NVIDIA A100-SXM4-40GB MIG 4g.20gb (0),1,,13,"void convert_kernel<__half2, float2>(tensor_layout_any, T1 *, tensor_layout_any, const T2 *)"
21074531553,5600,459814,,,,,,,,,,0.094,16731.388,Pinned,Device,NVIDIA A100-SXM4-40GB MIG 4g.20gb (0),1,,13,[CUDA memcpy Host-to-Device]
21074543073,45824,459815,,,,,,,,,,35.810,781444.074,Device,,NVIDIA A100-SXM4-40GB MIG 4g.20gb (0),1,,13,[CUDA memset]
21074589953,2208,459817,,,,,,,,,,0.000,36.232,Pinned,Device,NVIDIA A100-SXM4-40GB MIG 4g.20gb (0),1,,13,[CUDA memcpy Host-to-Device]
21074594593,9375,459818,,,,,,,,,,0.197,20971.389,Pinned,Device,NVIDIA A100-SXM4-40GB MIG 4g.20gb (0),1,,13,[CUDA memcpy Host-to-Device]
21074611968,14336,459819,273,1,1,48,1,1,40,0.000,0.001,,,,,NVIDIA A100-SXM4-40GB MIG 4g.20gb (0),1,,13,"void pusch_noise_intf_est::noiseIntfEstNoDftSOfdmKernel<float, __half, float, float, (unsigned int)2, (unsigned int)1, (unsigned char)4, (unsigned char)4>(pusch_noise_intf_est::puschRxNoiseIntfEstDynDescr)"
21074630624,5984,459830,35,1,1,128,1,1,16,0.000,0.000,,,,,NVIDIA A100-SXM4-40GB MIG 4g.20gb (0),1,,13,cupy_copy__complex64_complex64
21074649440,4192,459839,1,1,1,1,1,1,18,0.000,0.000,,,,,NVIDIA A100-SXM4-40GB MIG 4g.20gb (0),1,,13,cupy_copy__float32_float32
21074682048,1600,459845,,,,,,,,,,0.000,2.500,Device,Pageable,NVIDIA A100-SXM4-40GB MIG 4g.20gb (0),1,,7,[CUDA memcpy Device-to-Host]
21074779454,17408,459856,1434,1,1,128,1,1,16,0.000,0.000,,,,,NVIDIA A100-SXM4-40GB MIG 4g.20gb (0),1,,13,cupy_copy__complex64_complex64
21074837278,11520,459863,103,1,1,128,1,1,16,0.000,0.000,,,,,NVIDIA A100-SXM4-40GB MIG 4g.20gb (0),1,,13,cupy_copy__complex64_complex64
21074854238,7680,459870,35,1,1,128,1,1,16,0.000,0.000,,,,,NVIDIA A100-SXM4-40GB MIG 4g.20gb (0),1,,13,cupy_copy__complex64_complex64
21074866973,2048,459877,1,1,1,1,1,1,18,0.000,0.000,,,,,NVIDIA A100-SXM4-40GB MIG 4g.20gb (0),1,,13,cupy_copy__float32_float32
21074960540,546938,459888,1,1,1,32,32,1,30,0.000,0.000,,,,,NVIDIA A100-SXM4-40GB MIG 4g.20gb (0),1,,13,"void convert_kernel<__half2, float2>(tensor_layout_any, T1 *, tensor_layout_any, const T2 *)"
21075537686,5696,459891,,,,,,,,,,0.094,16449.363,Pinned,Device,NVIDIA A100-SXM4-40GB MIG 4g.20gb (0),1,,13,[CUDA memcpy Host-to-Device]
21075726132,5440,459892,,,,,,,,,,1.547,284305.064,Device,,NVIDIA A100-SXM4-40GB MIG 4g.20gb (0),1,,13,[CUDA memset]
21075733140,5920,459897,,,,,,,,,,0.031,5286.458,Pinned,Device,NVIDIA A100-SXM4-40GB MIG 4g.20gb (0),1,,13,[CUDA memcpy Host-to-Device]
21075742356,9664,459898,,,,,,,,,,0.197,20344.209,Pinned,Device,NVIDIA A100-SXM4-40GB MIG 4g.20gb (0),1,,13,[CUDA memcpy Host-to-Device]
21075964465,12896,459899,273,1,1,8,4,1,39,0.002,0.000,,,,,NVIDIA A100-SXM4-40GB MIG 4g.20gb (0),1,,13,"void channel_eq::eqMmseCoefCompLowMimoKernel<float, float, float, (unsigned int)4, (unsigned int)1, (unsigned int)4>(const channel_eq::_puschRxChEqStatDescr *, channel_eq::_puschRxChEqCoefCompDynDescr)"
21075979601,7200,459900,273,1,1,12,11,1,51,0.002,0.000,,,,,NVIDIA A100-SXM4-40GB MIG 4g.20gb (0),1,,13,"void channel_eq::eqMmseSoftDemapKernel<float, __half, __half, float, (unsigned int)4, (unsigned short)16383>(channel_eq::_puschRxChEqStatDescr *, channel_eq::_puschRxChEqSoftDemapDynDescr)"
21075988465,285213,459901,1,1,1,32,32,1,30,0.000,0.000,,,,,NVIDIA A100-SXM4-40GB MIG 4g.20gb (0),1,,13,"void convert_kernel<float2, __half2>(tensor_layout_any, T1 *, tensor_layout_any, const T2 *)"
21076282894,15104,459913,2253,1,1,128,1,1,16,0.000,0.000,,,,,NVIDIA A100-SXM4-40GB MIG 4g.20gb (0),1,,13,cupy_copy__float16_float16
21076306061,7648,459922,282,1,1,128,1,1,16,0.000,0.000,,,,,NVIDIA A100-SXM4-40GB MIG 4g.20gb (0),1,,13,cupy_copy__complex64_complex64
21076327277,7072,459931,26,1,1,128,1,1,16,0.000,0.000,,,,,NVIDIA A100-SXM4-40GB MIG 4g.20gb (0),1,,13,cupy_copy__float32_float32
21076348429,8416,459940,103,1,1,128,1,1,16,0.000,0.000,,,,,NVIDIA A100-SXM4-40GB MIG 4g.20gb (0),1,,13,cupy_copy__complex64_complex64
21076361741,12128,459950,1434,1,1,128,1,1,16,0.000,0.000,,,,,NVIDIA A100-SXM4-40GB MIG 4g.20gb (0),1,,13,cupy_copy__complex64_complex64
21076375757,85535,459955,1,1,1,32,32,1,30,0.000,0.000,,,,,NVIDIA A100-SXM4-40GB MIG 4g.20gb (0),1,,13,"void convert_kernel<__half2, float2>(tensor_layout_any, T1 *, tensor_layout_any, const T2 *)"
21076490859,5504,459958,,,,,,,,,,0.094,17023.251,Pinned,Device,NVIDIA A100-SXM4-40GB MIG 4g.20gb (0),1,,13,[CUDA memcpy Host-to-Device]
21076501035,602906,459959,,,,,,,,,,456.561,756978.868,Device,,NVIDIA A100-SXM4-40GB MIG 4g.20gb (0),1,,13,[CUDA memset]
21077109380,48928,459964,,,,,,,,,,1.235,25239.785,Pinned,Device,NVIDIA A100-SXM4-40GB MIG 4g.20gb (0),1,,13,[CUDA memcpy Host-to-Device]
21077160740,9344,459965,,,,,,,,,,0.197,21040.988,Pinned,Device,NVIDIA A100-SXM4-40GB MIG 4g.20gb (0),1,,13,[CUDA memcpy Host-to-Device]
21077175972,7104,459966,69,4,1,48,1,1,76,0.002,0.000,,,,,NVIDIA A100-SXM4-40GB MIG 4g.20gb (0),1,,13,"void ch_est::windowedChEstPreNoDftSOfdmKernel<float, __half, float, (unsigned int)2, (unsigned int)1, (unsigned short)4>(ch_est::puschRxChEstStatDescr_t *, ch_est::puschRxChEstDynDescr_t *)"
21077185124,6752,459967,137,2,1,24,2,1,44,0.001,0.001,,,,,NVIDIA A100-SXM4-40GB MIG 4g.20gb (0),1,,13,"void ch_est::chEstFilterNoDftSOfdmDispatchKernel<float, __half, float, (unsigned int)2>(ch_est::puschRxChEstStatDescr_t *, ch_est::puschRxChEstDynDescr_t *)"
21077193796,4735,459968,137,2,1,24,2,1,44,0.001,0.001,,,,,NVIDIA A100-SXM4-40GB MIG 4g.20gb (0),1,,13,"void ch_est::chEstFilterNoDftSOfdmDispatchKernel<float, __half, float, (unsigned int)2>(ch_est::puschRxChEstStatDescr_t *, ch_est::puschRxChEstDynDescr_t *)"
21077200131,2560,459979,103,1,1,128,1,1,16,0.000,0.000,,,,,NVIDIA A100-SXM4-40GB MIG 4g.20gb (0),1,,13,cupy_copy__complex64_complex64
21077204867,12672,459989,1434,1,1,128,1,1,16,0.000,0.000,,,,,NVIDIA A100-SXM4-40GB MIG 4g.20gb (0),1,,13,cupy_copy__complex64_complex64
21077226947,7200,459996,103,1,1,128,1,1,16,0.000,0.000,,,,,NVIDIA A100-SXM4-40GB MIG 4g.20gb (0),1,,13,cupy_copy__complex64_complex64
21077250787,107967,460003,1,1,1,32,32,1,30,0.000,0.000,,,,,NVIDIA A100-SXM4-40GB MIG 4g.20gb (0),1,,13,"void convert_kernel<__half2, float2>(tensor_layout_any, T1 *, tensor_layout_any, const T2 *)"
21077386401,5344,460006,,,,,,,,,,0.094,17532.864,Pinned,Device,NVIDIA A100-SXM4-40GB MIG 4g.20gb (0),1,,13,[CUDA memcpy Host-to-Device]
21077398145,46400,460007,,,,,,,,,,35.810,771739.586,Device,,NVIDIA A100-SXM4-40GB MIG 4g.20gb (0),1,,13,[CUDA memset]
21077451809,1824,460009,,,,,,,,,,0.000,43.860,Pinned,Device,NVIDIA A100-SXM4-40GB MIG 4g.20gb (0),1,,13,[CUDA memcpy Host-to-Device]
21077456033,9567,460010,,,,,,,,,,0.197,20550.451,Pinned,Device,NVIDIA A100-SXM4-40GB MIG 4g.20gb (0),1,,13,[CUDA memcpy Host-to-Device]
21077469728,8736,460011,273,1,1,48,1,1,40,0.000,0.001,,,,,NVIDIA A100-SXM4-40GB MIG 4g.20gb (0),1,,13,"void pusch_noise_intf_est::noiseIntfEstNoDftSOfdmKernel<float, __half, float, float, (unsigned int)2, (unsigned int)1, (unsigned char)4, (unsigned char)4>(pusch_noise_intf_est::puschRxNoiseIntfEstDynDescr)"
21077480672,2944,460022,35,1,1,128,1,1,16,0.000,0.000,,,,,NVIDIA A100-SXM4-40GB MIG 4g.20gb (0),1,,13,cupy_copy__complex64_complex64
21077503680,1888,460031,1,1,1,1,1,1,18,0.000,0.000,,,,,NVIDIA A100-SXM4-40GB MIG 4g.20gb (0),1,,13,cupy_copy__float32_float32
21077538848,1568,460037,,,,,,,,,,0.000,2.551,Device,Pageable,NVIDIA A100-SXM4-40GB MIG 4g.20gb (0),1,,7,[CUDA memcpy Device-to-Host]
21077601567,15712,460048,1434,1,1,128,1,1,16,0.000,0.000,,,,,NVIDIA A100-SXM4-40GB MIG 4g.20gb (0),1,,13,cupy_copy__complex64_complex64
21077636799,8543,460055,103,1,1,128,1,1,16,0.000,0.000,,,,,NVIDIA A100-SXM4-40GB MIG 4g.20gb (0),1,,13,cupy_copy__complex64_complex64
21077647678,2240,460062,35,1,1,128,1,1,16,0.000,0.000,,,,,NVIDIA A100-SXM4-40GB MIG 4g.20gb (0),1,,13,cupy_copy__complex64_complex64
21077664926,1888,460069,1,1,1,1,1,1,18,0.000,0.000,,,,,NVIDIA A100-SXM4-40GB MIG 4g.20gb (0),1,,13,cupy_copy__float32_float32
21077802685,103871,460080,1,1,1,32,32,1,30,0.000,0.000,,,,,NVIDIA A100-SXM4-40GB MIG 4g.20gb (0),1,,13,"void convert_kernel<__half2, float2>(tensor_layout_any, T1 *, tensor_layout_any, const T2 *)"
21077936955,5856,460083,,,,,,,,,,0.094,15999.997,Pinned,Device,NVIDIA A100-SXM4-40GB MIG 4g.20gb (0),1,,13,[CUDA memcpy Host-to-Device]
21077950587,3200,460084,,,,,,,,,,1.547,483320.000,Device,,NVIDIA A100-SXM4-40GB MIG 4g.20gb (0),1,,13,[CUDA memset]
21077957659,4736,460089,,,,,,,,,,0.031,6608.088,Pinned,Device,NVIDIA A100-SXM4-40GB MIG 4g.20gb (0),1,,13,[CUDA memcpy Host-to-Device]
21077965691,10304,460090,,,,,,,,,,0.197,19080.610,Pinned,Device,NVIDIA A100-SXM4-40GB MIG 4g.20gb (0),1,,13,[CUDA memcpy Host-to-Device]
21077982171,5760,460091,273,1,1,8,4,1,39,0.002,0.000,,,,,NVIDIA A100-SXM4-40GB MIG 4g.20gb (0),1,,13,"void channel_eq::eqMmseCoefCompLowMimoKernel<float, float, float, (unsigned int)4, (unsigned int)1, (unsigned int)4>(const channel_eq::_puschRxChEqStatDescr *, channel_eq::_puschRxChEqCoefCompDynDescr)"
21077990075,5984,460092,273,1,1,12,11,1,51,0.002,0.000,,,,,NVIDIA A100-SXM4-40GB MIG 4g.20gb (0),1,,13,"void channel_eq::eqMmseSoftDemapKernel<float, __half, __half, float, (unsigned int)4, (unsigned short)16383>(channel_eq::_puschRxChEqStatDescr *, channel_eq::_puschRxChEqSoftDemapDynDescr)"
21078006874,525371,460093,1,1,1,32,32,1,30,0.000,0.000,,,,,NVIDIA A100-SXM4-40GB MIG 4g.20gb (0),1,,13,"void convert_kernel<float2, __half2>(tensor_layout_any, T1 *, tensor_layout_any, const T2 *)"
21078561428,18432,460105,2253,1,1,128,1,1,16,0.000,0.000,,,,,NVIDIA A100-SXM4-40GB MIG 4g.20gb (0),1,,13,cupy_copy__float16_float16
21078895377,10815,460114,282,1,1,128,1,1,16,0.000,0.000,,,,,NVIDIA A100-SXM4-40GB MIG 4g.20gb (0),1,,13,cupy_copy__complex64_complex64
21078953584,5440,460123,26,1,1,128,1,1,16,0.000,0.000,,,,,NVIDIA A100-SXM4-40GB MIG 4g.20gb (0),1,,13,cupy_copy__float32_float32
21078977712,11168,460132,103,1,1,128,1,1,16,0.000,0.000,,,,,NVIDIA A100-SXM4-40GB MIG 4g.20gb (0),1,,13,cupy_copy__complex64_complex64
21079044207,21152,460142,1434,1,1,128,1,1,16,0.000,0.000,,,,,NVIDIA A100-SXM4-40GB MIG 4g.20gb (0),1,,13,cupy_copy__complex64_complex64
21079068047,319836,460147,1,1,1,32,32,1,30,0.000,0.000,,,,,NVIDIA A100-SXM4-40GB MIG 4g.20gb (0),1,,13,"void convert_kernel<__half2, float2>(tensor_layout_any, T1 *, tensor_layout_any, const T2 *)"
21079416843,5760,460150,,,,,,,,,,0.094,16266.656,Pinned,Device,NVIDIA A100-SXM4-40GB MIG 4g.20gb (0),1,,13,[CUDA memcpy Host-to-Device]
21079464362,606009,460151,,,,,,,,,,456.561,753326.376,Device,,NVIDIA A100-SXM4-40GB MIG 4g.20gb (0),1,,13,[CUDA memset]
21080071779,50752,460156,,,,,,,,,,1.235,24332.102,Pinned,Device,NVIDIA A100-SXM4-40GB MIG 4g.20gb (0),1,,13,[CUDA memcpy Host-to-Device]
21080125443,9344,460157,,,,,,,,,,0.197,21040.988,Pinned,Device,NVIDIA A100-SXM4-40GB MIG 4g.20gb (0),1,,13,[CUDA memcpy Host-to-Device]
21080151075,7615,460158,69,4,1,48,1,1,76,0.002,0.000,,,,,NVIDIA A100-SXM4-40GB MIG 4g.20gb (0),1,,13,"void ch_est::windowedChEstPreNoDftSOfdmKernel<float, __half, float, (unsigned int)2, (unsigned int)1, (unsigned short)4>(ch_est::puschRxChEstStatDescr_t *, ch_est::puschRxChEstDynDescr_t *)"
21080218306,24960,460159,137,2,1,24,2,1,44,0.001,0.001,,,,,NVIDIA A100-SXM4-40GB MIG 4g.20gb (0),1,,13,"void ch_est::chEstFilterNoDftSOfdmDispatchKernel<float, __half, float, (unsigned int)2>(ch_est::puschRxChEstStatDescr_t *, ch_est::puschRxChEstDynDescr_t *)"
21080247041,7552,460160,137,2,1,24,2,1,44,0.001,0.001,,,,,NVIDIA A100-SXM4-40GB MIG 4g.20gb (0),1,,13,"void ch_est::chEstFilterNoDftSOfdmDispatchKernel<float, __half, float, (unsigned int)2>(ch_est::puschRxChEstStatDescr_t *, ch_est::puschRxChEstDynDescr_t *)"
21080309345,7584,460171,103,1,1,128,1,1,16,0.000,0.000,,,,,NVIDIA A100-SXM4-40GB MIG 4g.20gb (0),1,,13,cupy_copy__complex64_complex64
21080326849,17471,460181,1434,1,1,128,1,1,16,0.000,0.000,,,,,NVIDIA A100-SXM4-40GB MIG 4g.20gb (0),1,,13,cupy_copy__complex64_complex64
21080400608,8160,460188,103,1,1,128,1,1,16,0.000,0.000,,,,,NVIDIA A100-SXM4-40GB MIG 4g.20gb (0),1,,13,cupy_copy__complex64_complex64
21080418496,182846,460195,1,1,1,32,32,1,30,0.000,0.000,,,,,NVIDIA A100-SXM4-40GB MIG 4g.20gb (0),1,,13,"void convert_kernel<__half2, float2>(tensor_layout_any, T1 *, tensor_layout_any, const T2 *)"
21080631709,5344,460198,,,,,,,,,,0.094,17532.864,Pinned,Device,NVIDIA A100-SXM4-40GB MIG 4g.20gb (0),1,,13,[CUDA memcpy Host-to-Device]
21080643741,50239,460199,,,,,,,,,,35.810,712760.648,Device,,NVIDIA A100-SXM4-40GB MIG 4g.20gb (0),1,,13,[CUDA memset]
21080695068,2400,460201,,,,,,,,,,0.000,33.333,Pinned,Device,NVIDIA A100-SXM4-40GB MIG 4g.20gb (0),1,,13,[CUDA memcpy Host-to-Device]
21080699996,11104,460202,,,,,,,,,,0.197,17705.927,Pinned,Device,NVIDIA A100-SXM4-40GB MIG 4g.20gb (0),1,,13,[CUDA memcpy Host-to-Device]
21080722684,8768,460203,273,1,1,48,1,1,40,0.000,0.001,,,,,NVIDIA A100-SXM4-40GB MIG 4g.20gb (0),1,,13,"void pusch_noise_intf_est::noiseIntfEstNoDftSOfdmKernel<float, __half, float, float, (unsigned int)2, (unsigned int)1, (unsigned char)4, (unsigned char)4>(pusch_noise_intf_est::puschRxNoiseIntfEstDynDescr)"
21080738236,2848,460214,35,1,1,128,1,1,16,0.000,0.000,,,,,NVIDIA A100-SXM4-40GB MIG 4g.20gb (0),1,,13,cupy_copy__complex64_complex64
21080752892,1856,460223,1,1,1,1,1,1,18,0.000,0.000,,,,,NVIDIA A100-SXM4-40GB MIG 4g.20gb (0),1,,13,cupy_copy__float32_float32
21080787515,1600,460229,,,,,,,,,,0.000,2.500,Device,Pageable,NVIDIA A100-SXM4-40GB MIG 4g.20gb (0),1,,7,[CUDA memcpy Device-to-Host]
21080848027,12096,460240,1434,1,1,128,1,1,16,0.000,0.000,,,,,NVIDIA A100-SXM4-40GB MIG 4g.20gb (0),1,,13,cupy_copy__complex64_complex64
21080880026,3680,460247,103,1,1,128,1,1,16,0.000,0.000,,,,,NVIDIA A100-SXM4-40GB MIG 4g.20gb (0),1,,13,cupy_copy__complex64_complex64
21080896154,2336,460254,35,1,1,128,1,1,16,0.000,0.000,,,,,NVIDIA A100-SXM4-40GB MIG 4g.20gb (0),1,,13,cupy_copy__complex64_complex64
21080921370,2048,460261,1,1,1,1,1,1,18,0.000,0.000,,,,,NVIDIA A100-SXM4-40GB MIG 4g.20gb (0),1,,13,cupy_copy__float32_float32
21081157559,239806,460272,1,1,1,32,32,1,30,0.000,0.000,,,,,NVIDIA A100-SXM4-40GB MIG 4g.20gb (0),1,,13,"void convert_kernel<__half2, float2>(tensor_layout_any, T1 *, tensor_layout_any, const T2 *)"
21081427444,5952,460275,,,,,,,,,,0.094,15741.865,Pinned,Device,NVIDIA A100-SXM4-40GB MIG 4g.20gb (0),1,,13,[CUDA memcpy Host-to-Device]
21081441876,3296,460276,,,,,,,,,,1.547,469242.628,Device,,NVIDIA A100-SXM4-40GB MIG 4g.20gb (0),1,,13,[CUDA memset]
21081447988,3040,460281,,,,,,,,,,0.031,10294.725,Pinned,Device,NVIDIA A100-SXM4-40GB MIG 4g.20gb (0),1,,13,[CUDA memcpy Host-to-Device]
21081453460,9376,460282,,,,,,,,,,0.197,20969.226,Pinned,Device,NVIDIA A100-SXM4-40GB MIG 4g.20gb (0),1,,13,[CUDA memcpy Host-to-Device]
21081466772,8320,460283,273,1,1,8,4,1,39,0.002,0.000,,,,,NVIDIA A100-SXM4-40GB MIG 4g.20gb (0),1,,13,"void channel_eq::eqMmseCoefCompLowMimoKernel<float, float, float, (unsigned int)4, (unsigned int)1, (unsigned int)4>(const channel_eq::_puschRxChEqStatDescr *, channel_eq::_puschRxChEqCoefCompDynDescr)"
21081479988,7616,460284,273,1,1,12,11,1,51,0.002,0.000,,,,,NVIDIA A100-SXM4-40GB MIG 4g.20gb (0),1,,13,"void channel_eq::eqMmseSoftDemapKernel<float, __half, __half, float, (unsigned int)4, (unsigned short)16383>(channel_eq::_puschRxChEqStatDescr *, channel_eq::_puschRxChEqSoftDemapDynDescr)"
21081497460,342076,460285,1,1,1,32,32,1,30,0.000,0.000,,,,,NVIDIA A100-SXM4-40GB MIG 4g.20gb (0),1,,13,"void convert_kernel<float2, __half2>(tensor_layout_any, T1 *, tensor_layout_any, const T2 *)"
21081845456,12160,460297,2253,1,1,128,1,1,16,0.000,0.000,,,,,NVIDIA A100-SXM4-40GB MIG 4g.20gb (0),1,,13,cupy_copy__float16_float16
21081862831,3008,460306,282,1,1,128,1,1,16,0.000,0.000,,,,,NVIDIA A100-SXM4-40GB MIG 4g.20gb (0),1,,13,cupy_copy__complex64_complex64
21081876367,2272,460315,26,1,1,128,1,1,16,0.000,0.000,,,,,NVIDIA A100-SXM4-40GB MIG 4g.20gb (0),1,,13,cupy_copy__float32_float32
21081883983,3008,460324,103,1,1,128,1,1,16,0.000,0.000,,,,,NVIDIA A100-SXM4-40GB MIG 4g.20gb (0),1,,13,cupy_copy__complex64_complex64
21081889231,11904,460334,1434,1,1,128,1,1,16,0.000,0.000,,,,,NVIDIA A100-SXM4-40GB MIG 4g.20gb (0),1,,13,cupy_copy__complex64_complex64
21081902831,86303,460339,1,1,1,32,32,1,30,0.000,0.000,,,,,NVIDIA A100-SXM4-40GB MIG 4g.20gb (0),1,,13,"void convert_kernel<__half2, float2>(tensor_layout_any, T1 *, tensor_layout_any, const T2 *)"
21082017838,5632,460342,,,,,,,,,,0.094,16636.287,Pinned,Device,NVIDIA A100-SXM4-40GB MIG 4g.20gb (0),1,,13,[CUDA memcpy Host-to-Device]
21082028398,597881,460343,,,,,,,,,,456.561,763370.728,Device,,NVIDIA A100-SXM4-40GB MIG 4g.20gb (0),1,,13,[CUDA memset]
21082636071,49919,460348,,,,,,,,,,1.235,24738.398,Pinned,Device,NVIDIA A100-SXM4-40GB MIG 4g.20gb (0),1,,13,[CUDA memcpy Host-to-Device]
21082688518,9504,460349,,,,,,,,,,0.197,20686.701,Pinned,Device,NVIDIA A100-SXM4-40GB MIG 4g.20gb (0),1,,13,[CUDA memcpy Host-to-Device]
21082701958,9248,460350,69,4,1,48,1,1,76,0.002,0.000,,,,,NVIDIA A100-SXM4-40GB MIG 4g.20gb (0),1,,13,"void ch_est::windowedChEstPreNoDftSOfdmKernel<float, __half, float, (unsigned int)2, (unsigned int)1, (unsigned short)4>(ch_est::puschRxChEstStatDescr_t *, ch_est::puschRxChEstDynDescr_t *)"
21082714694,7968,460351,137,2,1,24,2,1,44,0.001,0.001,,,,,NVIDIA A100-SXM4-40GB MIG 4g.20gb (0),1,,13,"void ch_est::chEstFilterNoDftSOfdmDispatchKernel<float, __half, float, (unsigned int)2>(ch_est::puschRxChEstStatDescr_t *, ch_est::puschRxChEstDynDescr_t *)"
21082727654,4928,460352,137,2,1,24,2,1,44,0.001,0.001,,,,,NVIDIA A100-SXM4-40GB MIG 4g.20gb (0),1,,13,"void ch_est::chEstFilterNoDftSOfdmDispatchKernel<float, __half, float, (unsigned int)2>(ch_est::puschRxChEstStatDescr_t *, ch_est::puschRxChEstDynDescr_t *)"
21082740422,2464,460363,103,1,1,128,1,1,16,0.000,0.000,,,,,NVIDIA A100-SXM4-40GB MIG 4g.20gb (0),1,,13,cupy_copy__complex64_complex64
21082754118,12351,460373,1434,1,1,128,1,1,16,0.000,0.000,,,,,NVIDIA A100-SXM4-40GB MIG 4g.20gb (0),1,,13,cupy_copy__complex64_complex64
21082768293,2528,460380,103,1,1,128,1,1,16,0.000,0.000,,,,,NVIDIA A100-SXM4-40GB MIG 4g.20gb (0),1,,13,cupy_copy__complex64_complex64
21082772549,83999,460387,1,1,1,32,32,1,30,0.000,0.000,,,,,NVIDIA A100-SXM4-40GB MIG 4g.20gb (0),1,,13,"void convert_kernel<__half2, float2>(tensor_layout_any, T1 *, tensor_layout_any, const T2 *)"
21082885540,5984,460390,,,,,,,,,,0.094,15657.726,Pinned,Device,NVIDIA A100-SXM4-40GB MIG 4g.20gb (0),1,,13,[CUDA memcpy Host-to-Device]
21082901924,47071,460391,,,,,,,,,,35.810,760745.940,Device,,NVIDIA A100-SXM4-40GB MIG 4g.20gb (0),1,,13,[CUDA memset]
21082956643,1856,460393,,,,,,,,,,0.000,43.103,Pinned,Device,NVIDIA A100-SXM4-40GB MIG 4g.20gb (0),1,,13,[CUDA memcpy Host-to-Device]
21082962275,10240,460394,,,,,,,,,,0.197,19199.951,Pinned,Device,NVIDIA A100-SXM4-40GB MIG 4g.20gb (0),1,,13,[CUDA memcpy Host-to-Device]
21082979779,8448,460395,273,1,1,48,1,1,40,0.000,0.001,,,,,NVIDIA A100-SXM4-40GB MIG 4g.20gb (0),1,,13,"void pusch_noise_intf_est::noiseIntfEstNoDftSOfdmKernel<float, __half, float, float, (unsigned int)2, (unsigned int)1, (unsigned char)4, (unsigned char)4>(pusch_noise_intf_est::puschRxNoiseIntfEstDynDescr)"
21082998307,2752,460406,35,1,1,128,1,1,16,0.000,0.000,,,,,NVIDIA A100-SXM4-40GB MIG 4g.20gb (0),1,,13,cupy_copy__complex64_complex64
21083003715,1856,460415,1,1,1,1,1,1,18,0.000,0.000,,,,,NVIDIA A100-SXM4-40GB MIG 4g.20gb (0),1,,13,cupy_copy__float32_float32
21083038402,1664,460421,,,,,,,,,,0.000,2.404,Device,Pageable,NVIDIA A100-SXM4-40GB MIG 4g.20gb (0),1,,7,[CUDA memcpy Device-to-Host]
21083147521,29728,460432,1434,1,1,128,1,1,16,0.000,0.000,,,,,NVIDIA A100-SXM4-40GB MIG 4g.20gb (0),1,,13,cupy_copy__complex64_complex64
21083180705,4000,460439,103,1,1,128,1,1,16,0.000,0.000,,,,,NVIDIA A100-SXM4-40GB MIG 4g.20gb (0),1,,13,cupy_copy__complex64_complex64
21083188641,2432,460446,35,1,1,128,1,1,16,0.000,0.000,,,,,NVIDIA A100-SXM4-40GB MIG 4g.20gb (0),1,,13,cupy_copy__complex64_complex64
21083261408,3872,460453,1,1,1,1,1,1,18,0.000,0.000,,,,,NVIDIA A100-SXM4-40GB MIG 4g.20gb (0),1,,13,cupy_copy__float32_float32
21083323039,247421,460464,1,1,1,32,32,1,30,0.000,0.000,,,,,NVIDIA A100-SXM4-40GB MIG 4g.20gb (0),1,,13,"void convert_kernel<__half2, float2>(tensor_layout_any, T1 *, tensor_layout_any, const T2 *)"
21083689915,8608,460467,,,,,,,,,,0.094,10884.758,Pinned,Device,NVIDIA A100-SXM4-40GB MIG 4g.20gb (0),1,,13,[CUDA memcpy Host-to-Device]
21083780922,12064,460468,,,,,,,,,,1.547,128201.210,Device,,NVIDIA A100-SXM4-40GB MIG 4g.20gb (0),1,,13,[CUDA memset]
21083805658,5344,460473,,,,,,,,,,0.031,5856.264,Pinned,Device,NVIDIA A100-SXM4-40GB MIG 4g.20gb (0),1,,13,[CUDA memcpy Host-to-Device]
21083816090,11328,460474,,,,,,,,,,0.197,17355.768,Pinned,Device,NVIDIA A100-SXM4-40GB MIG 4g.20gb (0),1,,13,[CUDA memcpy Host-to-Device]
21083892697,15264,460475,273,1,1,8,4,1,39,0.002,0.000,,,,,NVIDIA A100-SXM4-40GB MIG 4g.20gb (0),1,,13,"void channel_eq::eqMmseCoefCompLowMimoKernel<float, float, float, (unsigned int)4, (unsigned int)1, (unsigned int)4>(const channel_eq::_puschRxChEqStatDescr *, channel_eq::_puschRxChEqCoefCompDynDescr)"
21084307252,17696,460476,273,1,1,12,11,1,51,0.002,0.000,,,,,NVIDIA A100-SXM4-40GB MIG 4g.20gb (0),1,,13,"void channel_eq::eqMmseSoftDemapKernel<float, __half, __half, float, (unsigned int)4, (unsigned short)16383>(channel_eq::_puschRxChEqStatDescr *, channel_eq::_puschRxChEqSoftDemapDynDescr)"
21084713840,611449,460477,1,1,1,32,32,1,30,0.000,0.000,,,,,NVIDIA A100-SXM4-40GB MIG 4g.20gb (0),1,,13,"void convert_kernel<float2, __half2>(tensor_layout_any, T1 *, tensor_layout_any, const T2 *)"
21085327849,11552,460489,2253,1,1,128,1,1,16,0.000,0.000,,,,,NVIDIA A100-SXM4-40GB MIG 4g.20gb (0),1,,13,cupy_copy__float16_float16
21085340937,3648,460498,282,1,1,128,1,1,16,0.000,0.000,,,,,NVIDIA A100-SXM4-40GB MIG 4g.20gb (0),1,,13,cupy_copy__complex64_complex64
21085346313,2304,460507,26,1,1,128,1,1,16,0.000,0.000,,,,,NVIDIA A100-SXM4-40GB MIG 4g.20gb (0),1,,13,cupy_copy__float32_float32
21085350473,3328,460516,103,1,1,128,1,1,16,0.000,0.000,,,,,NVIDIA A100-SXM4-40GB MIG 4g.20gb (0),1,,13,cupy_copy__complex64_complex64
21085356136,13120,460526,1434,1,1,128,1,1,16,0.000,0.000,,,,,NVIDIA A100-SXM4-40GB MIG 4g.20gb (0),1,,13,cupy_copy__complex64_complex64
21085371784,103167,460531,1,1,1,32,32,1,30,0.000,0.000,,,,,NVIDIA A100-SXM4-40GB MIG 4g.20gb (0),1,,13,"void convert_kernel<__half2, float2>(tensor_layout_any, T1 *, tensor_layout_any, const T2 *)"
21085503879,5504,460534,,,,,,,,,,0.094,17023.251,Pinned,Device,NVIDIA A100-SXM4-40GB MIG 4g.20gb (0),1,,13,[CUDA memcpy Host-to-Device]
21085719300,601882,460535,,,,,,,,,,456.561,758348.552,Device,,NVIDIA A100-SXM4-40GB MIG 4g.20gb (0),1,,13,[CUDA memset]
21086327742,55679,460540,,,,,,,,,,1.235,22179.594,Pinned,Device,NVIDIA A100-SXM4-40GB MIG 4g.20gb (0),1,,13,[CUDA memcpy Host-to-Device]
21086385981,9376,460541,,,,,,,,,,0.197,20969.226,Pinned,Device,NVIDIA A100-SXM4-40GB MIG 4g.20gb (0),1,,13,[CUDA memcpy Host-to-Device]
21086399261,7488,460542,69,4,1,48,1,1,76,0.002,0.000,,,,,NVIDIA A100-SXM4-40GB MIG 4g.20gb (0),1,,13,"void ch_est::windowedChEstPreNoDftSOfdmKernel<float, __half, float, (unsigned int)2, (unsigned int)1, (unsigned short)4>(ch_est::puschRxChEstStatDescr_t *, ch_est::puschRxChEstDynDescr_t *)"
21086408477,6368,460543,137,2,1,24,2,1,44,0.001,0.001,,,,,NVIDIA A100-SXM4-40GB MIG 4g.20gb (0),1,,13,"void ch_est::chEstFilterNoDftSOfdmDispatchKernel<float, __half, float, (unsigned int)2>(ch_est::puschRxChEstStatDescr_t *, ch_est::puschRxChEstDynDescr_t *)"
21086416989,4704,460544,137,2,1,24,2,1,44,0.001,0.001,,,,,NVIDIA A100-SXM4-40GB MIG 4g.20gb (0),1,,13,"void ch_est::chEstFilterNoDftSOfdmDispatchKernel<float, __half, float, (unsigned int)2>(ch_est::puschRxChEstStatDescr_t *, ch_est::puschRxChEstDynDescr_t *)"
21086424189,2592,460555,103,1,1,128,1,1,16,0.000,0.000,,,,,NVIDIA A100-SXM4-40GB MIG 4g.20gb (0),1,,13,cupy_copy__complex64_complex64
21086428189,12415,460565,1434,1,1,128,1,1,16,0.000,0.000,,,,,NVIDIA A100-SXM4-40GB MIG 4g.20gb (0),1,,13,cupy_copy__complex64_complex64
21086442876,2464,460572,103,1,1,128,1,1,16,0.000,0.000,,,,,NVIDIA A100-SXM4-40GB MIG 4g.20gb (0),1,,13,cupy_copy__complex64_complex64
21086447196,79743,460579,1,1,1,32,32,1,30,0.000,0.000,,,,,NVIDIA A100-SXM4-40GB MIG 4g.20gb (0),1,,13,"void convert_kernel<__half2, float2>(tensor_layout_any, T1 *, tensor_layout_any, const T2 *)"
21086718073,5344,460582,,,,,,,,,,0.094,17532.864,Pinned,Device,NVIDIA A100-SXM4-40GB MIG 4g.20gb (0),1,,13,[CUDA memcpy Host-to-Device]
21086729817,46432,460583,,,,,,,,,,35.810,771202.437,Device,,NVIDIA A100-SXM4-40GB MIG 4g.20gb (0),1,,13,[CUDA memset]
21086777593,2336,460585,,,,,,,,,,0.000,34.247,Pinned,Device,NVIDIA A100-SXM4-40GB MIG 4g.20gb (0),1,,13,[CUDA memcpy Host-to-Device]
21086782937,12447,460586,,,,,,,,,,0.197,15795.487,Pinned,Device,NVIDIA A100-SXM4-40GB MIG 4g.20gb (0),1,,13,[CUDA memcpy Host-to-Device]
21086799352,8672,460587,273,1,1,48,1,1,40,0.000,0.001,,,,,NVIDIA A100-SXM4-40GB MIG 4g.20gb (0),1,,13,"void pusch_noise_intf_est::noiseIntfEstNoDftSOfdmKernel<float, __half, float, float, (unsigned int)2, (unsigned int)1, (unsigned char)4, (unsigned char)4>(pusch_noise_intf_est::puschRxNoiseIntfEstDynDescr)"
21086809848,2816,460598,35,1,1,128,1,1,16,0.000,0.000,,,,,NVIDIA A100-SXM4-40GB MIG 4g.20gb (0),1,,13,cupy_copy__complex64_complex64
21086850392,5504,460607,1,1,1,1,1,1,18,0.000,0.000,,,,,NVIDIA A100-SXM4-40GB MIG 4g.20gb (0),1,,13,cupy_copy__float32_float32
21086871544,1600,460613,,,,,,,,,,0.000,2.500,Device,Pageable,NVIDIA A100-SXM4-40GB MIG 4g.20gb (0),1,,7,[CUDA memcpy Device-to-Host]
21086938615,15744,460624,1434,1,1,128,1,1,16,0.000,0.000,,,,,NVIDIA A100-SXM4-40GB MIG 4g.20gb (0),1,,13,cupy_copy__complex64_complex64
21086963063,7199,460631,103,1,1,128,1,1,16,0.000,0.000,,,,,NVIDIA A100-SXM4-40GB MIG 4g.20gb (0),1,,13,cupy_copy__complex64_complex64
21087004662,7168,460638,35,1,1,128,1,1,16,0.000,0.000,,,,,NVIDIA A100-SXM4-40GB MIG 4g.20gb (0),1,,13,cupy_copy__complex64_complex64
21087014198,4192,460645,1,1,1,1,1,1,18,0.000,0.000,,,,,NVIDIA A100-SXM4-40GB MIG 4g.20gb (0),1,,13,cupy_copy__float32_float32
21087158068,184158,460656,1,1,1,32,32,1,30,0.000,0.000,,,,,NVIDIA A100-SXM4-40GB MIG 4g.20gb (0),1,,13,"void convert_kernel<__half2, float2>(tensor_layout_any, T1 *, tensor_layout_any, const T2 *)"
21087373618,6944,460659,,,,,,,,,,0.094,13493.067,Pinned,Device,NVIDIA A100-SXM4-40GB MIG 4g.20gb (0),1,,13,[CUDA memcpy Host-to-Device]
21087451441,7488,460660,,,,,,,,,,1.547,206546.995,Device,,NVIDIA A100-SXM4-40GB MIG 4g.20gb (0),1,,13,[CUDA memset]
21087461585,4032,460665,,,,,,,,,,0.031,7761.877,Pinned,Device,NVIDIA A100-SXM4-40GB MIG 4g.20gb (0),1,,13,[CUDA memcpy Host-to-Device]
21087468049,9408,460666,,,,,,,,,,0.197,20897.858,Pinned,Device,NVIDIA A100-SXM4-40GB MIG 4g.20gb (0),1,,13,[CUDA memcpy Host-to-Device]
21087481297,8640,460667,273,1,1,8,4,1,39,0.002,0.000,,,,,NVIDIA A100-SXM4-40GB MIG 4g.20gb (0),1,,13,"void channel_eq::eqMmseCoefCompLowMimoKernel<float, float, float, (unsigned int)4, (unsigned int)1, (unsigned int)4>(const channel_eq::_puschRxChEqStatDescr *, channel_eq::_puschRxChEqCoefCompDynDescr)"
21087497233,10527,460668,273,1,1,12,11,1,51,0.002,0.000,,,,,NVIDIA A100-SXM4-40GB MIG 4g.20gb (0),1,,13,"void channel_eq::eqMmseSoftDemapKernel<float, __half, __half, float, (unsigned int)4, (unsigned short)16383>(channel_eq::_puschRxChEqStatDescr *, channel_eq::_puschRxChEqSoftDemapDynDescr)"
21087613807,749976,460669,1,1,1,32,32,1,30,0.000,0.000,,,,,NVIDIA A100-SXM4-40GB MIG 4g.20gb (0),1,,13,"void convert_kernel<float2, __half2>(tensor_layout_any, T1 *, tensor_layout_any, const T2 *)"
21088512165,14816,460681,2253,1,1,128,1,1,16,0.000,0.000,,,,,NVIDIA A100-SXM4-40GB MIG 4g.20gb (0),1,,13,cupy_copy__float16_float16
21088643780,5568,460690,282,1,1,128,1,1,16,0.000,0.000,,,,,NVIDIA A100-SXM4-40GB MIG 4g.20gb (0),1,,13,cupy_copy__complex64_complex64
21088662948,5984,460699,26,1,1,128,1,1,16,0.000,0.000,,,,,NVIDIA A100-SXM4-40GB MIG 4g.20gb (0),1,,13,cupy_copy__float32_float32
21088766530,6176,460708,103,1,1,128,1,1,16,0.000,0.000,,,,,NVIDIA A100-SXM4-40GB MIG 4g.20gb (0),1,,13,cupy_copy__complex64_complex64
21088784898,20640,460718,1434,1,1,128,1,1,16,0.000,0.000,,,,,NVIDIA A100-SXM4-40GB MIG 4g.20gb (0),1,,13,cupy_copy__complex64_complex64
21088895809,201118,460723,1,1,1,32,32,1,30,0.000,0.000,,,,,NVIDIA A100-SXM4-40GB MIG 4g.20gb (0),1,,13,"void convert_kernel<__half2, float2>(tensor_layout_any, T1 *, tensor_layout_any, const T2 *)"
21089127230,5440,460726,,,,,,,,,,0.094,17223.480,Pinned,Device,NVIDIA A100-SXM4-40GB MIG 4g.20gb (0),1,,13,[CUDA memcpy Host-to-Device]
21089137982,599706,460727,,,,,,,,,,456.561,761087.920,Device,,NVIDIA A100-SXM4-40GB MIG 4g.20gb (0),1,,13,[CUDA memset]
21089743768,50271,460732,,,,,,,,,,1.235,24565.506,Pinned,Device,NVIDIA A100-SXM4-40GB MIG 4g.20gb (0),1,,13,[CUDA memcpy Host-to-Device]
21089796503,9344,460733,,,,,,,,,,0.197,21040.988,Pinned,Device,NVIDIA A100-SXM4-40GB MIG 4g.20gb (0),1,,13,[CUDA memcpy Host-to-Device]
21089810807,7328,460734,69,4,1,48,1,1,76,0.002,0.000,,,,,NVIDIA A100-SXM4-40GB MIG 4g.20gb (0),1,,13,"void ch_est::windowedChEstPreNoDftSOfdmKernel<float, __half, float, (unsigned int)2, (unsigned int)1, (unsigned short)4>(ch_est::puschRxChEstStatDescr_t *, ch_est::puschRxChEstDynDescr_t *)"
21089833943,10175,460735,137,2,1,24,2,1,44,0.001,0.001,,,,,NVIDIA A100-SXM4-40GB MIG 4g.20gb (0),1,,13,"void ch_est::chEstFilterNoDftSOfdmDispatchKernel<float, __half, float, (unsigned int)2>(ch_est::puschRxChEstStatDescr_t *, ch_est::puschRxChEstDynDescr_t *)"
21089846326,4992,460736,137,2,1,24,2,1,44,0.001,0.001,,,,,NVIDIA A100-SXM4-40GB MIG 4g.20gb (0),1,,13,"void ch_est::chEstFilterNoDftSOfdmDispatchKernel<float, __half, float, (unsigned int)2>(ch_est::puschRxChEstStatDescr_t *, ch_est::puschRxChEstDynDescr_t *)"
21089867830,7040,460747,103,1,1,128,1,1,16,0.000,0.000,,,,,NVIDIA A100-SXM4-40GB MIG 4g.20gb (0),1,,13,cupy_copy__complex64_complex64
21089876310,14592,460757,1434,1,1,128,1,1,16,0.000,0.000,,,,,NVIDIA A100-SXM4-40GB MIG 4g.20gb (0),1,,13,cupy_copy__complex64_complex64
21089906326,7328,460764,103,1,1,128,1,1,16,0.000,0.000,,,,,NVIDIA A100-SXM4-40GB MIG 4g.20gb (0),1,,13,cupy_copy__complex64_complex64
21089914934,85631,460771,1,1,1,32,32,1,30,0.000,0.000,,,,,NVIDIA A100-SXM4-40GB MIG 4g.20gb (0),1,,13,"void convert_kernel<__half2, float2>(tensor_layout_any, T1 *, tensor_layout_any, const T2 *)"
21090029172,5376,460774,,,,,,,,,,0.094,17428.487,Pinned,Device,NVIDIA A100-SXM4-40GB MIG 4g.20gb (0),1,,13,[CUDA memcpy Host-to-Device]
21090041300,46304,460775,,,,,,,,,,35.810,773351.032,Device,,NVIDIA A100-SXM4-40GB MIG 4g.20gb (0),1,,13,[CUDA memset]
21090094996,1824,460777,,,,,,,,,,0.000,43.860,Pinned,Device,NVIDIA A100-SXM4-40GB MIG 4g.20gb (0),1,,13,[CUDA memcpy Host-to-Device]
21090099252,9695,460778,,,,,,,,,,0.197,20279.132,Pinned,Device,NVIDIA A100-SXM4-40GB MIG 4g.20gb (0),1,,13,[CUDA memcpy Host-to-Device]
21090115443,9376,460779,273,1,1,48,1,1,40,0.000,0.001,,,,,NVIDIA A100-SXM4-40GB MIG 4g.20gb (0),1,,13,"void pusch_noise_intf_est::noiseIntfEstNoDftSOfdmKernel<float, __half, float, float, (unsigned int)2, (unsigned int)1, (unsigned char)4, (unsigned char)4>(pusch_noise_intf_est::puschRxNoiseIntfEstDynDescr)"
21090140947,5152,460790,35,1,1,128,1,1,16,0.000,0.000,,,,,NVIDIA A100-SXM4-40GB MIG 4g.20gb (0),1,,13,cupy_copy__complex64_complex64
21090147443,2016,460799,1,1,1,1,1,1,18,0.000,0.000,,,,,NVIDIA A100-SXM4-40GB MIG 4g.20gb (0),1,,13,cupy_copy__float32_float32
21090182675,1568,460805,,,,,,,,,,0.000,2.551,Device,Pageable,NVIDIA A100-SXM4-40GB MIG 4g.20gb (0),1,,7,[CUDA memcpy Device-to-Host]
21090243858,12640,460816,1434,1,1,128,1,1,16,0.000,0.000,,,,,NVIDIA A100-SXM4-40GB MIG 4g.20gb (0),1,,13,cupy_copy__complex64_complex64
21090283410,2784,460823,103,1,1,128,1,1,16,0.000,0.000,,,,,NVIDIA A100-SXM4-40GB MIG 4g.20gb (0),1,,13,cupy_copy__complex64_complex64
21090304049,5376,460830,35,1,1,128,1,1,16,0.000,0.000,,,,,NVIDIA A100-SXM4-40GB MIG 4g.20gb (0),1,,13,cupy_copy__complex64_complex64
21090332337,3968,460837,1,1,1,1,1,1,18,0.000,0.000,,,,,NVIDIA A100-SXM4-40GB MIG 4g.20gb (0),1,,13,cupy_copy__float32_float32
21090457040,86559,460848,1,1,1,32,32,1,30,0.000,0.000,,,,,NVIDIA A100-SXM4-40GB MIG 4g.20gb (0),1,,13,"void convert_kernel<__half2, float2>(tensor_layout_any, T1 *, tensor_layout_any, const T2 *)"
21090573742,5760,460851,,,,,,,,,,0.094,16266.656,Pinned,Device,NVIDIA A100-SXM4-40GB MIG 4g.20gb (0),1,,13,[CUDA memcpy Host-to-Device]
21090588142,7488,460852,,,,,,,,,,1.547,206546.995,Device,,NVIDIA A100-SXM4-40GB MIG 4g.20gb (0),1,,13,[CUDA memset]
21090596558,3008,460857,,,,,,,,,,0.031,10404.230,Pinned,Device,NVIDIA A100-SXM4-40GB MIG 4g.20gb (0),1,,13,[CUDA memcpy Host-to-Device]
21090602894,9248,460858,,,,,,,,,,0.197,21259.420,Pinned,Device,NVIDIA A100-SXM4-40GB MIG 4g.20gb (0),1,,13,[CUDA memcpy Host-to-Device]
21090661837,15360,460859,273,1,1,8,4,1,39,0.002,0.000,,,,,NVIDIA A100-SXM4-40GB MIG 4g.20gb (0),1,,13,"void channel_eq::eqMmseCoefCompLowMimoKernel<float, float, float, (unsigned int)4, (unsigned int)1, (unsigned int)4>(const channel_eq::_puschRxChEqStatDescr *, channel_eq::_puschRxChEqCoefCompDynDescr)"
21090682797,12960,460860,273,1,1,12,11,1,51,0.002,0.000,,,,,NVIDIA A100-SXM4-40GB MIG 4g.20gb (0),1,,13,"void channel_eq::eqMmseSoftDemapKernel<float, __half, __half, float, (unsigned int)4, (unsigned short)16383>(channel_eq::_puschRxChEqStatDescr *, channel_eq::_puschRxChEqSoftDemapDynDescr)"
21090731149,891894,460861,1,1,1,32,32,1,30,0.000,0.000,,,,,NVIDIA A100-SXM4-40GB MIG 4g.20gb (0),1,,13,"void convert_kernel<float2, __half2>(tensor_layout_any, T1 *, tensor_layout_any, const T2 *)"
21091823744,21056,460873,2253,1,1,128,1,1,16,0.000,0.000,,,,,NVIDIA A100-SXM4-40GB MIG 4g.20gb (0),1,,13,cupy_copy__float16_float16
21091853184,7744,460882,282,1,1,128,1,1,16,0.000,0.000,,,,,NVIDIA A100-SXM4-40GB MIG 4g.20gb (0),1,,13,cupy_copy__complex64_complex64
21091873728,6720,460891,26,1,1,128,1,1,16,0.000,0.000,,,,,NVIDIA A100-SXM4-40GB MIG 4g.20gb (0),1,,13,cupy_copy__float32_float32
21091885312,3264,460900,103,1,1,128,1,1,16,0.000,0.000,,,,,NVIDIA A100-SXM4-40GB MIG 4g.20gb (0),1,,13,cupy_copy__complex64_complex64
21091889952,12127,460910,1434,1,1,128,1,1,16,0.000,0.000,,,,,NVIDIA A100-SXM4-40GB MIG 4g.20gb (0),1,,13,cupy_copy__complex64_complex64
21091904703,87135,460915,1,1,1,32,32,1,30,0.000,0.000,,,,,NVIDIA A100-SXM4-40GB MIG 4g.20gb (0),1,,13,"void convert_kernel<__half2, float2>(tensor_layout_any, T1 *, tensor_layout_any, const T2 *)"
21092133053,5376,460918,,,,,,,,,,0.094,17428.487,Pinned,Device,NVIDIA A100-SXM4-40GB MIG 4g.20gb (0),1,,13,[CUDA memcpy Host-to-Device]
21092143357,602809,460919,,,,,,,,,,456.561,756978.868,Device,,NVIDIA A100-SXM4-40GB MIG 4g.20gb (0),1,,13,[CUDA memset]
21092753974,49823,460924,,,,,,,,,,1.235,24786.561,Pinned,Device,NVIDIA A100-SXM4-40GB MIG 4g.20gb (0),1,,13,[CUDA memcpy Host-to-Device]
21092806261,9472,460925,,,,,,,,,,0.197,20756.693,Pinned,Device,NVIDIA A100-SXM4-40GB MIG 4g.20gb (0),1,,13,[CUDA memcpy Host-to-Device]
21092826005,7808,460926,69,4,1,48,1,1,76,0.002,0.000,,,,,NVIDIA A100-SXM4-40GB MIG 4g.20gb (0),1,,13,"void ch_est::windowedChEstPreNoDftSOfdmKernel<float, __half, float, (unsigned int)2, (unsigned int)1, (unsigned short)4>(ch_est::puschRxChEstStatDescr_t *, ch_est::puschRxChEstDynDescr_t *)"
21092848341,7456,460927,137,2,1,24,2,1,44,0.001,0.001,,,,,NVIDIA A100-SXM4-40GB MIG 4g.20gb (0),1,,13,"void ch_est::chEstFilterNoDftSOfdmDispatchKernel<float, __half, float, (unsigned int)2>(ch_est::puschRxChEstStatDescr_t *, ch_est::puschRxChEstDynDescr_t *)"
21092864981,8832,460928,137,2,1,24,2,1,44,0.001,0.001,,,,,NVIDIA A100-SXM4-40GB MIG 4g.20gb (0),1,,13,"void ch_est::chEstFilterNoDftSOfdmDispatchKernel<float, __half, float, (unsigned int)2>(ch_est::puschRxChEstStatDescr_t *, ch_est::puschRxChEstDynDescr_t *)"
21092884853,7199,460939,103,1,1,128,1,1,16,0.000,0.000,,,,,NVIDIA A100-SXM4-40GB MIG 4g.20gb (0),1,,13,cupy_copy__complex64_complex64
21092896532,12448,460949,1434,1,1,128,1,1,16,0.000,0.000,,,,,NVIDIA A100-SXM4-40GB MIG 4g.20gb (0),1,,13,cupy_copy__complex64_complex64
21092910356,2496,460956,103,1,1,128,1,1,16,0.000,0.000,,,,,NVIDIA A100-SXM4-40GB MIG 4g.20gb (0),1,,13,cupy_copy__complex64_complex64
21092914420,80351,460963,1,1,1,32,32,1,30,0.000,0.000,,,,,NVIDIA A100-SXM4-40GB MIG 4g.20gb (0),1,,13,"void convert_kernel<__half2, float2>(tensor_layout_any, T1 *, tensor_layout_any, const T2 *)"
21093022739,5376,460966,,,,,,,,,,0.094,17428.487,Pinned,Device,NVIDIA A100-SXM4-40GB MIG 4g.20gb (0),1,,13,[CUDA memcpy Host-to-Device]
21093034707,46111,460967,,,,,,,,,,35.810,776573.925,Device,,NVIDIA A100-SXM4-40GB MIG 4g.20gb (0),1,,13,[CUDA memset]
21093085746,2016,460969,,,,,,,,,,0.000,39.682,Pinned,Device,NVIDIA A100-SXM4-40GB MIG 4g.20gb (0),1,,13,[CUDA memcpy Host-to-Device]
21093090290,9600,460970,,,,,,,,,,0.197,20479.869,Pinned,Device,NVIDIA A100-SXM4-40GB MIG 4g.20gb (0),1,,13,[CUDA memcpy Host-to-Device]
21093103730,16256,460971,273,1,1,48,1,1,40,0.000,0.001,,,,,NVIDIA A100-SXM4-40GB MIG 4g.20gb (0),1,,13,"void pusch_noise_intf_est::noiseIntfEstNoDftSOfdmKernel<float, __half, float, float, (unsigned int)2, (unsigned int)1, (unsigned char)4, (unsigned char)4>(pusch_noise_intf_est::puschRxNoiseIntfEstDynDescr)"
21093130706,5056,460982,35,1,1,128,1,1,16,0.000,0.000,,,,,NVIDIA A100-SXM4-40GB MIG 4g.20gb (0),1,,13,cupy_copy__complex64_complex64
21093148242,1984,460991,1,1,1,1,1,1,18,0.000,0.000,,,,,NVIDIA A100-SXM4-40GB MIG 4g.20gb (0),1,,13,cupy_copy__float32_float32
21093175089,1600,460997,,,,,,,,,,0.000,2.500,Device,Pageable,NVIDIA A100-SXM4-40GB MIG 4g.20gb (0),1,,7,[CUDA memcpy Device-to-Host]
21093246640,12288,461008,1434,1,1,128,1,1,16,0.000,0.000,,,,,NVIDIA A100-SXM4-40GB MIG 4g.20gb (0),1,,13,cupy_copy__complex64_complex64
21093274096,2752,461015,103,1,1,128,1,1,16,0.000,0.000,,,,,NVIDIA A100-SXM4-40GB MIG 4g.20gb (0),1,,13,cupy_copy__complex64_complex64
21093296624,2464,461022,35,1,1,128,1,1,16,0.000,0.000,,,,,NVIDIA A100-SXM4-40GB MIG 4g.20gb (0),1,,13,cupy_copy__complex64_complex64
21093313840,1920,461029,1,1,1,1,1,1,18,0.000,0.000,,,,,NVIDIA A100-SXM4-40GB MIG 4g.20gb (0),1,,13,cupy_copy__float32_float32
21093456942,108511,461040,1,1,1,32,32,1,30,0.000,0.000,,,,,NVIDIA A100-SXM4-40GB MIG 4g.20gb (0),1,,13,"void convert_kernel<__half2, float2>(tensor_layout_any, T1 *, tensor_layout_any, const T2 *)"
21093592333,5408,461043,,,,,,,,,,0.094,17325.421,Pinned,Device,NVIDIA A100-SXM4-40GB MIG 4g.20gb (0),1,,13,[CUDA memcpy Host-to-Device]
21093606732,3200,461044,,,,,,,,,,1.547,483320.000,Device,,NVIDIA A100-SXM4-40GB MIG 4g.20gb (0),1,,13,[CUDA memset]
21093613100,3328,461049,,,,,,,,,,0.031,9403.822,Pinned,Device,NVIDIA A100-SXM4-40GB MIG 4g.20gb (0),1,,13,[CUDA memcpy Host-to-Device]
21093618892,9440,461050,,,,,,,,,,0.197,20827.079,Pinned,Device,NVIDIA A100-SXM4-40GB MIG 4g.20gb (0),1,,13,[CUDA memcpy Host-to-Device]
21093642860,7104,461051,273,1,1,8,4,1,39,0.002,0.000,,,,,NVIDIA A100-SXM4-40GB MIG 4g.20gb (0),1,,13,"void channel_eq::eqMmseCoefCompLowMimoKernel<float, float, float, (unsigned int)4, (unsigned int)1, (unsigned int)4>(const channel_eq::_puschRxChEqStatDescr *, channel_eq::_puschRxChEqCoefCompDynDescr)"
21093655884,6784,461052,273,1,1,12,11,1,51,0.002,0.000,,,,,NVIDIA A100-SXM4-40GB MIG 4g.20gb (0),1,,13,"void channel_eq::eqMmseSoftDemapKernel<float, __half, __half, float, (unsigned int)4, (unsigned short)16383>(channel_eq::_puschRxChEqStatDescr *, channel_eq::_puschRxChEqSoftDemapDynDescr)"
21093670220,338972,461053,1,1,1,32,32,1,30,0.000,0.000,,,,,NVIDIA A100-SXM4-40GB MIG 4g.20gb (0),1,,13,"void convert_kernel<float2, __half2>(tensor_layout_any, T1 *, tensor_layout_any, const T2 *)"
21094011400,11968,461065,2253,1,1,128,1,1,16,0.000,0.000,,,,,NVIDIA A100-SXM4-40GB MIG 4g.20gb (0),1,,13,cupy_copy__float16_float16
21094029736,2944,461074,282,1,1,128,1,1,16,0.000,0.000,,,,,NVIDIA A100-SXM4-40GB MIG 4g.20gb (0),1,,13,cupy_copy__complex64_complex64
21094044680,2304,461083,26,1,1,128,1,1,16,0.000,0.000,,,,,NVIDIA A100-SXM4-40GB MIG 4g.20gb (0),1,,13,cupy_copy__float32_float32
21094048360,3008,461092,103,1,1,128,1,1,16,0.000,0.000,,,,,NVIDIA A100-SXM4-40GB MIG 4g.20gb (0),1,,13,cupy_copy__complex64_complex64
21094061191,15104,461102,1434,1,1,128,1,1,16,0.000,0.000,,,,,NVIDIA A100-SXM4-40GB MIG 4g.20gb (0),1,,13,cupy_copy__complex64_complex64
21094081735,258013,461107,1,1,1,32,32,1,30,0.000,0.000,,,,,NVIDIA A100-SXM4-40GB MIG 4g.20gb (0),1,,13,"void convert_kernel<__half2, float2>(tensor_layout_any, T1 *, tensor_layout_any, const T2 *)"
21094370372,5536,461110,,,,,,,,,,0.094,16924.777,Pinned,Device,NVIDIA A100-SXM4-40GB MIG 4g.20gb (0),1,,13,[CUDA memcpy Host-to-Device]
21094523042,615257,461111,,,,,,,,,,456.561,741912.340,Device,,NVIDIA A100-SXM4-40GB MIG 4g.20gb (0),1,,13,[CUDA memset]
21095142843,52256,461116,,,,,,,,,,1.235,23631.888,Pinned,Device,NVIDIA A100-SXM4-40GB MIG 4g.20gb (0),1,,13,[CUDA memcpy Host-to-Device]
21095198523,10784,461117,,,,,,,,,,0.197,18231.263,Pinned,Device,NVIDIA A100-SXM4-40GB MIG 4g.20gb (0),1,,13,[CUDA memcpy Host-to-Device]
21095356121,24064,461118,69,4,1,48,1,1,76,0.002,0.000,,,,,NVIDIA A100-SXM4-40GB MIG 4g.20gb (0),1,,13,"void ch_est::windowedChEstPreNoDftSOfdmKernel<float, __half, float, (unsigned int)2, (unsigned int)1, (unsigned short)4>(ch_est::puschRxChEstStatDescr_t *, ch_est::puschRxChEstDynDescr_t *)"
21095486552,9311,461119,137,2,1,24,2,1,44,0.001,0.001,,,,,NVIDIA A100-SXM4-40GB MIG 4g.20gb (0),1,,13,"void ch_est::chEstFilterNoDftSOfdmDispatchKernel<float, __half, float, (unsigned int)2>(ch_est::puschRxChEstStatDescr_t *, ch_est::puschRxChEstDynDescr_t *)"
21095600694,9440,461120,137,2,1,24,2,1,44,0.001,0.001,,,,,NVIDIA A100-SXM4-40GB MIG 4g.20gb (0),1,,13,"void ch_est::chEstFilterNoDftSOfdmDispatchKernel<float, __half, float, (unsigned int)2>(ch_est::puschRxChEstStatDescr_t *, ch_est::puschRxChEstDynDescr_t *)"
21095696117,4768,461131,103,1,1,128,1,1,16,0.000,0.000,,,,,NVIDIA A100-SXM4-40GB MIG 4g.20gb (0),1,,13,cupy_copy__complex64_complex64
21095702933,13728,461141,1434,1,1,128,1,1,16,0.000,0.000,,,,,NVIDIA A100-SXM4-40GB MIG 4g.20gb (0),1,,13,cupy_copy__complex64_complex64
21095808500,6944,461148,103,1,1,128,1,1,16,0.000,0.000,,,,,NVIDIA A100-SXM4-40GB MIG 4g.20gb (0),1,,13,cupy_copy__complex64_complex64
21095913683,339932,461155,1,1,1,32,32,1,30,0.000,0.000,,,,,NVIDIA A100-SXM4-40GB MIG 4g.20gb (0),1,,13,"void convert_kernel<__half2, float2>(tensor_layout_any, T1 *, tensor_layout_any, const T2 *)"
21096284879,5984,461158,,,,,,,,,,0.094,15657.726,Pinned,Device,NVIDIA A100-SXM4-40GB MIG 4g.20gb (0),1,,13,[CUDA memcpy Host-to-Device]
21096388301,49312,461159,,,,,,,,,,35.810,726189.368,Device,,NVIDIA A100-SXM4-40GB MIG 4g.20gb (0),1,,13,[CUDA memset]
21096442733,2112,461161,,,,,,,,,,0.000,37.879,Pinned,Device,NVIDIA A100-SXM4-40GB MIG 4g.20gb (0),1,,13,[CUDA memcpy Host-to-Device]
21096447245,10112,461162,,,,,,,,,,0.197,19442.958,Pinned,Device,NVIDIA A100-SXM4-40GB MIG 4g.20gb (0),1,,13,[CUDA memcpy Host-to-Device]
21096461805,10112,461163,273,1,1,48,1,1,40,0.000,0.001,,,,,NVIDIA A100-SXM4-40GB MIG 4g.20gb (0),1,,13,"void pusch_noise_intf_est::noiseIntfEstNoDftSOfdmKernel<float, __half, float, float, (unsigned int)2, (unsigned int)1, (unsigned char)4, (unsigned char)4>(pusch_noise_intf_est::puschRxNoiseIntfEstDynDescr)"
21096484172,4992,461174,35,1,1,128,1,1,16,0.000,0.000,,,,,NVIDIA A100-SXM4-40GB MIG 4g.20gb (0),1,,13,cupy_copy__complex64_complex64
21096490892,2144,461183,1,1,1,1,1,1,18,0.000,0.000,,,,,NVIDIA A100-SXM4-40GB MIG 4g.20gb (0),1,,13,cupy_copy__float32_float32
21096496076,1728,461189,,,,,,,,,,0.000,2.315,Device,Pageable,NVIDIA A100-SXM4-40GB MIG 4g.20gb (0),1,,7,[CUDA memcpy Device-to-Host]
21096570411,18720,461200,1434,1,1,128,1,1,16,0.000,0.000,,,,,NVIDIA A100-SXM4-40GB MIG 4g.20gb (0),1,,13,cupy_copy__complex64_complex64
21096590603,2816,461207,103,1,1,128,1,1,16,0.000,0.000,,,,,NVIDIA A100-SXM4-40GB MIG 4g.20gb (0),1,,13,cupy_copy__complex64_complex64
21096608619,4864,461214,35,1,1,128,1,1,16,0.000,0.000,,,,,NVIDIA A100-SXM4-40GB MIG 4g.20gb (0),1,,13,cupy_copy__complex64_complex64
21096624747,1888,461221,1,1,1,1,1,1,18,0.000,0.000,,,,,NVIDIA A100-SXM4-40GB MIG 4g.20gb (0),1,,13,cupy_copy__float32_float32
21096761961,86943,461232,1,1,1,32,32,1,30,0.000,0.000,,,,,NVIDIA A100-SXM4-40GB MIG 4g.20gb (0),1,,13,"void convert_kernel<__half2, float2>(tensor_layout_any, T1 *, tensor_layout_any, const T2 *)"
21096879432,5696,461235,,,,,,,,,,0.094,16449.363,Pinned,Device,NVIDIA A100-SXM4-40GB MIG 4g.20gb (0),1,,13,[CUDA memcpy Host-to-Device]
21096897896,12992,461236,,,,,,,,,,1.547,119043.649,Device,,NVIDIA A100-SXM4-40GB MIG 4g.20gb (0),1,,13,[CUDA memset]
21096917832,3040,461241,,,,,,,,,,0.031,10294.725,Pinned,Device,NVIDIA A100-SXM4-40GB MIG 4g.20gb (0),1,,13,[CUDA memcpy Host-to-Device]
21096923367,9376,461242,,,,,,,,,,0.197,20969.226,Pinned,Device,NVIDIA A100-SXM4-40GB MIG 4g.20gb (0),1,,13,[CUDA memcpy Host-to-Device]
21096936679,5920,461243,273,1,1,8,4,1,39,0.002,0.000,,,,,NVIDIA A100-SXM4-40GB MIG 4g.20gb (0),1,,13,"void channel_eq::eqMmseCoefCompLowMimoKernel<float, float, float, (unsigned int)4, (unsigned int)1, (unsigned int)4>(const channel_eq::_puschRxChEqStatDescr *, channel_eq::_puschRxChEqCoefCompDynDescr)"
21096944231,5504,461244,273,1,1,12,11,1,51,0.002,0.000,,,,,NVIDIA A100-SXM4-40GB MIG 4g.20gb (0),1,,13,"void channel_eq::eqMmseSoftDemapKernel<float, __half, __half, float, (unsigned int)4, (unsigned short)16383>(channel_eq::_puschRxChEqStatDescr *, channel_eq::_puschRxChEqSoftDemapDynDescr)"
21096951815,282397,461245,1,1,1,32,32,1,30,0.000,0.000,,,,,NVIDIA A100-SXM4-40GB MIG 4g.20gb (0),1,,13,"void convert_kernel<float2, __half2>(tensor_layout_any, T1 *, tensor_layout_any, const T2 *)"
21097235748,10624,461257,2253,1,1,128,1,1,16,0.000,0.000,,,,,NVIDIA A100-SXM4-40GB MIG 4g.20gb (0),1,,13,cupy_copy__float16_float16
21097247876,2848,461266,282,1,1,128,1,1,16,0.000,0.000,,,,,NVIDIA A100-SXM4-40GB MIG 4g.20gb (0),1,,13,cupy_copy__complex64_complex64
21097252836,2080,461275,26,1,1,128,1,1,16,0.000,0.000,,,,,NVIDIA A100-SXM4-40GB MIG 4g.20gb (0),1,,13,cupy_copy__float32_float32
21097256868,2912,461284,103,1,1,128,1,1,16,0.000,0.000,,,,,NVIDIA A100-SXM4-40GB MIG 4g.20gb (0),1,,13,cupy_copy__complex64_complex64
21097261252,11680,461294,1434,1,1,128,1,1,16,0.000,0.000,,,,,NVIDIA A100-SXM4-40GB MIG 4g.20gb (0),1,,13,cupy_copy__complex64_complex64
21097283363,102367,461299,1,1,1,32,32,1,30,0.000,0.000,,,,,NVIDIA A100-SXM4-40GB MIG 4g.20gb (0),1,,13,"void convert_kernel<__half2, float2>(tensor_layout_any, T1 *, tensor_layout_any, const T2 *)"
21097414722,5696,461302,,,,,,,,,,0.094,16449.363,Pinned,Device,NVIDIA A100-SXM4-40GB MIG 4g.20gb (0),1,,13,[CUDA memcpy Host-to-Device]
21097433922,608985,461303,,,,,,,,,,456.561,749673.884,Device,,NVIDIA A100-SXM4-40GB MIG 4g.20gb (0),1,,13,[CUDA memset]
21098045531,49023,461308,,,,,,,,,,1.235,25190.388,Pinned,Device,NVIDIA A100-SXM4-40GB MIG 4g.20gb (0),1,,13,[CUDA memcpy Host-to-Device]
21098096986,9664,461309,,,,,,,,,,0.197,20344.209,Pinned,Device,NVIDIA A100-SXM4-40GB MIG 4g.20gb (0),1,,13,[CUDA memcpy Host-to-Device]
21098112442,7296,461310,69,4,1,48,1,1,76,0.002,0.000,,,,,NVIDIA A100-SXM4-40GB MIG 4g.20gb (0),1,,13,"void ch_est::windowedChEstPreNoDftSOfdmKernel<float, __half, float, (unsigned int)2, (unsigned int)1, (unsigned short)4>(ch_est::puschRxChEstStatDescr_t *, ch_est::puschRxChEstDynDescr_t *)"
21098121370,6560,461311,137,2,1,24,2,1,44,0.001,0.001,,,,,NVIDIA A100-SXM4-40GB MIG 4g.20gb (0),1,,13,"void ch_est::chEstFilterNoDftSOfdmDispatchKernel<float, __half, float, (unsigned int)2>(ch_est::puschRxChEstStatDescr_t *, ch_est::puschRxChEstDynDescr_t *)"
21098130010,4768,461312,137,2,1,24,2,1,44,0.001,0.001,,,,,NVIDIA A100-SXM4-40GB MIG 4g.20gb (0),1,,13,"void ch_est::chEstFilterNoDftSOfdmDispatchKernel<float, __half, float, (unsigned int)2>(ch_est::puschRxChEstStatDescr_t *, ch_est::puschRxChEstDynDescr_t *)"
21098136026,2624,461323,103,1,1,128,1,1,16,0.000,0.000,,,,,NVIDIA A100-SXM4-40GB MIG 4g.20gb (0),1,,13,cupy_copy__complex64_complex64
21098140026,12448,461333,1434,1,1,128,1,1,16,0.000,0.000,,,,,NVIDIA A100-SXM4-40GB MIG 4g.20gb (0),1,,13,cupy_copy__complex64_complex64
21098154266,2496,461340,103,1,1,128,1,1,16,0.000,0.000,,,,,NVIDIA A100-SXM4-40GB MIG 4g.20gb (0),1,,13,cupy_copy__complex64_complex64
21098158298,79775,461347,1,1,1,32,32,1,30,0.000,0.000,,,,,NVIDIA A100-SXM4-40GB MIG 4g.20gb (0),1,,13,"void convert_kernel<__half2, float2>(tensor_layout_any, T1 *, tensor_layout_any, const T2 *)"
21098266489,5343,461350,,,,,,,,,,0.094,17536.143,Pinned,Device,NVIDIA A100-SXM4-40GB MIG 4g.20gb (0),1,,13,[CUDA memcpy Host-to-Device]
21098277336,51744,461351,,,,,,,,,,35.810,692026.704,Device,,NVIDIA A100-SXM4-40GB MIG 4g.20gb (0),1,,13,[CUDA memset]
21098334552,2080,461353,,,,,,,,,,0.000,38.462,Pinned,Device,NVIDIA A100-SXM4-40GB MIG 4g.20gb (0),1,,13,[CUDA memcpy Host-to-Device]
21098339064,9536,461354,,,,,,,,,,0.197,20617.298,Pinned,Device,NVIDIA A100-SXM4-40GB MIG 4g.20gb (0),1,,13,[CUDA memcpy Host-to-Device]
21098355672,12863,461355,273,1,1,48,1,1,40,0.000,0.001,,,,,NVIDIA A100-SXM4-40GB MIG 4g.20gb (0),1,,13,"void pusch_noise_intf_est::noiseIntfEstNoDftSOfdmKernel<float, __half, float, float, (unsigned int)2, (unsigned int)1, (unsigned char)4, (unsigned char)4>(pusch_noise_intf_est::puschRxNoiseIntfEstDynDescr)"
21098371575,2688,461366,35,1,1,128,1,1,16,0.000,0.000,,,,,NVIDIA A100-SXM4-40GB MIG 4g.20gb (0),1,,13,cupy_copy__complex64_complex64
21098395159,1888,461375,1,1,1,1,1,1,18,0.000,0.000,,,,,NVIDIA A100-SXM4-40GB MIG 4g.20gb (0),1,,13,cupy_copy__float32_float32
21098429527,1600,461381,,,,,,,,,,0.000,2.500,Device,Pageable,NVIDIA A100-SXM4-40GB MIG 4g.20gb (0),1,,7,[CUDA memcpy Device-to-Host]
21098492886,12672,461392,1434,1,1,128,1,1,16,0.000,0.000,,,,,NVIDIA A100-SXM4-40GB MIG 4g.20gb (0),1,,13,cupy_copy__complex64_complex64
21098577077,5856,461399,103,1,1,128,1,1,16,0.000,0.000,,,,,NVIDIA A100-SXM4-40GB MIG 4g.20gb (0),1,,13,cupy_copy__complex64_complex64
21098613589,6112,461406,35,1,1,128,1,1,16,0.000,0.000,,,,,NVIDIA A100-SXM4-40GB MIG 4g.20gb (0),1,,13,cupy_copy__complex64_complex64
21098626708,3232,461413,1,1,1,1,1,1,18,0.000,0.000,,,,,NVIDIA A100-SXM4-40GB MIG 4g.20gb (0),1,,13,cupy_copy__float32_float32
21098899025,239390,461424,1,1,1,32,32,1,30,0.000,0.000,,,,,NVIDIA A100-SXM4-40GB MIG 4g.20gb (0),1,,13,"void convert_kernel<__half2, float2>(tensor_layout_any, T1 *, tensor_layout_any, const T2 *)"
21099166926,5632,461427,,,,,,,,,,0.094,16636.287,Pinned,Device,NVIDIA A100-SXM4-40GB MIG 4g.20gb (0),1,,13,[CUDA memcpy Host-to-Device]
21099182222,3584,461428,,,,,,,,,,1.547,431534.389,Device,,NVIDIA A100-SXM4-40GB MIG 4g.20gb (0),1,,13,[CUDA memset]
21099188686,3424,461433,,,,,,,,,,0.031,9140.185,Pinned,Device,NVIDIA A100-SXM4-40GB MIG 4g.20gb (0),1,,13,[CUDA memcpy Host-to-Device]
21099194894,9440,461434,,,,,,,,,,0.197,20827.079,Pinned,Device,NVIDIA A100-SXM4-40GB MIG 4g.20gb (0),1,,13,[CUDA memcpy Host-to-Device]
21099209806,9120,461435,273,1,1,8,4,1,39,0.002,0.000,,,,,NVIDIA A100-SXM4-40GB MIG 4g.20gb (0),1,,13,"void channel_eq::eqMmseCoefCompLowMimoKernel<float, float, float, (unsigned int)4, (unsigned int)1, (unsigned int)4>(const channel_eq::_puschRxChEqStatDescr *, channel_eq::_puschRxChEqCoefCompDynDescr)"
21099220366,6144,461436,273,1,1,12,11,1,51,0.002,0.000,,,,,NVIDIA A100-SXM4-40GB MIG 4g.20gb (0),1,,13,"void channel_eq::eqMmseSoftDemapKernel<float, __half, __half, float, (unsigned int)4, (unsigned short)16383>(channel_eq::_puschRxChEqStatDescr *, channel_eq::_puschRxChEqSoftDemapDynDescr)"
21099228910,332444,461437,1,1,1,32,32,1,30,0.000,0.000,,,,,NVIDIA A100-SXM4-40GB MIG 4g.20gb (0),1,,13,"void convert_kernel<float2, __half2>(tensor_layout_any, T1 *, tensor_layout_any, const T2 *)"
21099562762,11488,461449,2253,1,1,128,1,1,16,0.000,0.000,,,,,NVIDIA A100-SXM4-40GB MIG 4g.20gb (0),1,,13,cupy_copy__float16_float16
21099575946,3072,461458,282,1,1,128,1,1,16,0.000,0.000,,,,,NVIDIA A100-SXM4-40GB MIG 4g.20gb (0),1,,13,cupy_copy__complex64_complex64
21099585354,2464,461467,26,1,1,128,1,1,16,0.000,0.000,,,,,NVIDIA A100-SXM4-40GB MIG 4g.20gb (0),1,,13,cupy_copy__float32_float32
21099594250,5440,461476,103,1,1,128,1,1,16,0.000,0.000,,,,,NVIDIA A100-SXM4-40GB MIG 4g.20gb (0),1,,13,cupy_copy__complex64_complex64
21099601738,11871,461486,1434,1,1,128,1,1,16,0.000,0.000,,,,,NVIDIA A100-SXM4-40GB MIG 4g.20gb (0),1,,13,cupy_copy__complex64_complex64
21099615337,82016,461491,1,1,1,32,32,1,30,0.000,0.000,,,,,NVIDIA A100-SXM4-40GB MIG 4g.20gb (0),1,,13,"void convert_kernel<__half2, float2>(tensor_layout_any, T1 *, tensor_layout_any, const T2 *)"
21099726216,5568,461494,,,,,,,,,,0.094,16827.521,Pinned,Device,NVIDIA A100-SXM4-40GB MIG 4g.20gb (0),1,,13,[CUDA memcpy Host-to-Device]
21099736200,608473,461495,,,,,,,,,,456.561,750130.446,Device,,NVIDIA A100-SXM4-40GB MIG 4g.20gb (0),1,,13,[CUDA memset]
21100348801,50816,461500,,,,,,,,,,1.235,24301.228,Pinned,Device,NVIDIA A100-SXM4-40GB MIG 4g.20gb (0),1,,13,[CUDA memcpy Host-to-Device]
21100402081,9440,461501,,,,,,,,,,0.197,20827.079,Pinned,Device,NVIDIA A100-SXM4-40GB MIG 4g.20gb (0),1,,13,[CUDA memcpy Host-to-Device]
21100416097,8287,461502,69,4,1,48,1,1,76,0.002,0.000,,,,,NVIDIA A100-SXM4-40GB MIG 4g.20gb (0),1,,13,"void ch_est::windowedChEstPreNoDftSOfdmKernel<float, __half, float, (unsigned int)2, (unsigned int)1, (unsigned short)4>(ch_est::puschRxChEstStatDescr_t *, ch_est::puschRxChEstDynDescr_t *)"
21100426368,7520,461503,137,2,1,24,2,1,44,0.001,0.001,,,,,NVIDIA A100-SXM4-40GB MIG 4g.20gb (0),1,,13,"void ch_est::chEstFilterNoDftSOfdmDispatchKernel<float, __half, float, (unsigned int)2>(ch_est::puschRxChEstStatDescr_t *, ch_est::puschRxChEstDynDescr_t *)"
21100436032,5056,461504,137,2,1,24,2,1,44,0.001,0.001,,,,,NVIDIA A100-SXM4-40GB MIG 4g.20gb (0),1,,13,"void ch_est::chEstFilterNoDftSOfdmDispatchKernel<float, __half, float, (unsigned int)2>(ch_est::puschRxChEstStatDescr_t *, ch_est::puschRxChEstDynDescr_t *)"
21100442304,2560,461515,103,1,1,128,1,1,16,0.000,0.000,,,,,NVIDIA A100-SXM4-40GB MIG 4g.20gb (0),1,,13,cupy_copy__complex64_complex64
21100447424,12256,461525,1434,1,1,128,1,1,16,0.000,0.000,,,,,NVIDIA A100-SXM4-40GB MIG 4g.20gb (0),1,,13,cupy_copy__complex64_complex64
21100461472,2496,461532,103,1,1,128,1,1,16,0.000,0.000,,,,,NVIDIA A100-SXM4-40GB MIG 4g.20gb (0),1,,13,cupy_copy__complex64_complex64
21100465472,83551,461539,1,1,1,32,32,1,30,0.000,0.000,,,,,NVIDIA A100-SXM4-40GB MIG 4g.20gb (0),1,,13,"void convert_kernel<__half2, float2>(tensor_layout_any, T1 *, tensor_layout_any, const T2 *)"
21100576703,5376,461542,,,,,,,,,,0.094,17428.487,Pinned,Device,NVIDIA A100-SXM4-40GB MIG 4g.20gb (0),1,,13,[CUDA memcpy Host-to-Device]
21100588479,46207,461543,,,,,,,,,,35.810,774962.479,Device,,NVIDIA A100-SXM4-40GB MIG 4g.20gb (0),1,,13,[CUDA memset]
21100640030,2176,461545,,,,,,,,,,0.000,36.765,Pinned,Device,NVIDIA A100-SXM4-40GB MIG 4g.20gb (0),1,,13,[CUDA memcpy Host-to-Device]
21100644606,9536,461546,,,,,,,,,,0.197,20617.298,Pinned,Device,NVIDIA A100-SXM4-40GB MIG 4g.20gb (0),1,,13,[CUDA memcpy Host-to-Device]
21100658846,8608,461547,273,1,1,48,1,1,40,0.000,0.001,,,,,NVIDIA A100-SXM4-40GB MIG 4g.20gb (0),1,,13,"void pusch_noise_intf_est::noiseIntfEstNoDftSOfdmKernel<float, __half, float, float, (unsigned int)2, (unsigned int)1, (unsigned char)4, (unsigned char)4>(pusch_noise_intf_est::puschRxNoiseIntfEstDynDescr)"
21100671486,2880,461558,35,1,1,128,1,1,16,0.000,0.000,,,,,NVIDIA A100-SXM4-40GB MIG 4g.20gb (0),1,,13,cupy_copy__complex64_complex64
21100706589,1888,461567,1,1,1,1,1,1,18,0.000,0.000,,,,,NVIDIA A100-SXM4-40GB MIG 4g.20gb (0),1,,13,cupy_copy__float32_float32
21100740957,1600,461573,,,,,,,,,,0.000,2.500,Device,Pageable,NVIDIA A100-SXM4-40GB MIG 4g.20gb (0),1,,7,[CUDA memcpy Device-to-Host]
21100815132,12800,461584,1434,1,1,128,1,1,16,0.000,0.000,,,,,NVIDIA A100-SXM4-40GB MIG 4g.20gb (0),1,,13,cupy_copy__complex64_complex64
21100834908,2816,461591,103,1,1,128,1,1,16,0.000,0.000,,,,,NVIDIA A100-SXM4-40GB MIG 4g.20gb (0),1,,13,cupy_copy__complex64_complex64
21100850588,2464,461598,35,1,1,128,1,1,16,0.000,0.000,,,,,NVIDIA A100-SXM4-40GB MIG 4g.20gb (0),1,,13,cupy_copy__complex64_complex64
21100884763,1888,461605,1,1,1,1,1,1,18,0.000,0.000,,,,,NVIDIA A100-SXM4-40GB MIG 4g.20gb (0),1,,13,cupy_copy__float32_float32
21101020666,336796,461616,1,1,1,32,32,1,30,0.000,0.000,,,,,NVIDIA A100-SXM4-40GB MIG 4g.20gb (0),1,,13,"void convert_kernel<__half2, float2>(tensor_layout_any, T1 *, tensor_layout_any, const T2 *)"
21101390454,8320,461619,,,,,,,,,,0.094,11261.510,Pinned,Device,NVIDIA A100-SXM4-40GB MIG 4g.20gb (0),1,,13,[CUDA memcpy Host-to-Device]
21101532180,5728,461620,,,,,,,,,,1.547,270011.165,Device,,NVIDIA A100-SXM4-40GB MIG 4g.20gb (0),1,,13,[CUDA memset]
21101541748,3040,461625,,,,,,,,,,0.031,10294.725,Pinned,Device,NVIDIA A100-SXM4-40GB MIG 4g.20gb (0),1,,13,[CUDA memcpy Host-to-Device]
21101550260,11424,461626,,,,,,,,,,0.197,17210.081,Pinned,Device,NVIDIA A100-SXM4-40GB MIG 4g.20gb (0),1,,13,[CUDA memcpy Host-to-Device]
21101699922,18496,461627,273,1,1,8,4,1,39,0.002,0.000,,,,,NVIDIA A100-SXM4-40GB MIG 4g.20gb (0),1,,13,"void channel_eq::eqMmseCoefCompLowMimoKernel<float, float, float, (unsigned int)4, (unsigned int)1, (unsigned int)4>(const channel_eq::_puschRxChEqStatDescr *, channel_eq::_puschRxChEqCoefCompDynDescr)"
21101768625,9376,461628,273,1,1,12,11,1,51,0.002,0.000,,,,,NVIDIA A100-SXM4-40GB MIG 4g.20gb (0),1,,13,"void channel_eq::eqMmseSoftDemapKernel<float, __half, __half, float, (unsigned int)4, (unsigned short)16383>(channel_eq::_puschRxChEqStatDescr *, channel_eq::_puschRxChEqSoftDemapDynDescr)"
21101835857,640313,461629,1,1,1,32,32,1,30,0.000,0.000,,,,,NVIDIA A100-SXM4-40GB MIG 4g.20gb (0),1,,13,"void convert_kernel<float2, __half2>(tensor_layout_any, T1 *, tensor_layout_any, const T2 *)"
21102482825,19136,461641,2253,1,1,128,1,1,16,0.000,0.000,,,,,NVIDIA A100-SXM4-40GB MIG 4g.20gb (0),1,,13,cupy_copy__float16_float16
21102516553,12544,461650,282,1,1,128,1,1,16,0.000,0.000,,,,,NVIDIA A100-SXM4-40GB MIG 4g.20gb (0),1,,13,cupy_copy__complex64_complex64
21102530537,2400,461659,26,1,1,128,1,1,16,0.000,0.000,,,,,NVIDIA A100-SXM4-40GB MIG 4g.20gb (0),1,,13,cupy_copy__float32_float32
21102534633,3200,461668,103,1,1,128,1,1,16,0.000,0.000,,,,,NVIDIA A100-SXM4-40GB MIG 4g.20gb (0),1,,13,cupy_copy__complex64_complex64
21102554025,19103,461678,1434,1,1,128,1,1,16,0.000,0.000,,,,,NVIDIA A100-SXM4-40GB MIG 4g.20gb (0),1,,13,cupy_copy__complex64_complex64
21102574696,80352,461683,1,1,1,32,32,1,30,0.000,0.000,,,,,NVIDIA A100-SXM4-40GB MIG 4g.20gb (0),1,,13,"void convert_kernel<__half2, float2>(tensor_layout_any, T1 *, tensor_layout_any, const T2 *)"
21102684071,5376,461686,,,,,,,,,,0.094,17428.487,Pinned,Device,NVIDIA A100-SXM4-40GB MIG 4g.20gb (0),1,,13,[CUDA memcpy Host-to-Device]
21102693767,600089,461687,,,,,,,,,,456.561,760631.359,Device,,NVIDIA A100-SXM4-40GB MIG 4g.20gb (0),1,,13,[CUDA memset]
21103295456,50016,461692,,,,,,,,,,1.235,24690.235,Pinned,Device,NVIDIA A100-SXM4-40GB MIG 4g.20gb (0),1,,13,[CUDA memcpy Host-to-Device]
21103348128,9408,461693,,,,,,,,,,0.197,20897.858,Pinned,Device,NVIDIA A100-SXM4-40GB MIG 4g.20gb (0),1,,13,[CUDA memcpy Host-to-Device]
21103376352,11711,461694,69,4,1,48,1,1,76,0.002,0.000,,,,,NVIDIA A100-SXM4-40GB MIG 4g.20gb (0),1,,13,"void ch_est::windowedChEstPreNoDftSOfdmKernel<float, __half, float, (unsigned int)2, (unsigned int)1, (unsigned short)4>(ch_est::puschRxChEstStatDescr_t *, ch_est::puschRxChEstDynDescr_t *)"
21103389855,6240,461695,137,2,1,24,2,1,44,0.001,0.001,,,,,NVIDIA A100-SXM4-40GB MIG 4g.20gb (0),1,,13,"void ch_est::chEstFilterNoDftSOfdmDispatchKernel<float, __half, float, (unsigned int)2>(ch_est::puschRxChEstStatDescr_t *, ch_est::puschRxChEstDynDescr_t *)"
21103412479,10272,461696,137,2,1,24,2,1,44,0.001,0.001,,,,,NVIDIA A100-SXM4-40GB MIG 4g.20gb (0),1,,13,"void ch_est::chEstFilterNoDftSOfdmDispatchKernel<float, __half, float, (unsigned int)2>(ch_est::puschRxChEstStatDescr_t *, ch_est::puschRxChEstDynDescr_t *)"
21103424351,2592,461707,103,1,1,128,1,1,16,0.000,0.000,,,,,NVIDIA A100-SXM4-40GB MIG 4g.20gb (0),1,,13,cupy_copy__complex64_complex64
21103445055,17472,461717,1434,1,1,128,1,1,16,0.000,0.000,,,,,NVIDIA A100-SXM4-40GB MIG 4g.20gb (0),1,,13,cupy_copy__complex64_complex64
21103482046,7424,461724,103,1,1,128,1,1,16,0.000,0.000,,,,,NVIDIA A100-SXM4-40GB MIG 4g.20gb (0),1,,13,cupy_copy__complex64_complex64
21103492126,79903,461731,1,1,1,32,32,1,30,0.000,0.000,,,,,NVIDIA A100-SXM4-40GB MIG 4g.20gb (0),1,,13,"void convert_kernel<__half2, float2>(tensor_layout_any, T1 *, tensor_layout_any, const T2 *)"
21103600125,5312,461734,,,,,,,,,,0.094,17638.553,Pinned,Device,NVIDIA A100-SXM4-40GB MIG 4g.20gb (0),1,,13,[CUDA memcpy Host-to-Device]
21103611869,45983,461735,,,,,,,,,,35.810,778758.330,Device,,NVIDIA A100-SXM4-40GB MIG 4g.20gb (0),1,,13,[CUDA memset]
21103664764,2048,461737,,,,,,,,,,0.000,39.062,Pinned,Device,NVIDIA A100-SXM4-40GB MIG 4g.20gb (0),1,,13,[CUDA memcpy Host-to-Device]
21103669532,9344,461738,,,,,,,,,,0.197,21040.988,Pinned,Device,NVIDIA A100-SXM4-40GB MIG 4g.20gb (0),1,,13,[CUDA memcpy Host-to-Device]
21103683036,14208,461739,273,1,1,48,1,1,40,0.000,0.001,,,,,NVIDIA A100-SXM4-40GB MIG 4g.20gb (0),1,,13,"void pusch_noise_intf_est::noiseIntfEstNoDftSOfdmKernel<float, __half, float, float, (unsigned int)2, (unsigned int)1, (unsigned char)4, (unsigned char)4>(pusch_noise_intf_est::puschRxNoiseIntfEstDynDescr)"
21103700956,2912,461750,35,1,1,128,1,1,16,0.000,0.000,,,,,NVIDIA A100-SXM4-40GB MIG 4g.20gb (0),1,,13,cupy_copy__complex64_complex64
21103731324,2016,461759,1,1,1,1,1,1,18,0.000,0.000,,,,,NVIDIA A100-SXM4-40GB MIG 4g.20gb (0),1,,13,cupy_copy__float32_float32
21103762939,1568,461765,,,,,,,,,,0.000,2.551,Device,Pageable,NVIDIA A100-SXM4-40GB MIG 4g.20gb (0),1,,7,[CUDA memcpy Device-to-Host]
21103822939,12639,461776,1434,1,1,128,1,1,16,0.000,0.000,,,,,NVIDIA A100-SXM4-40GB MIG 4g.20gb (0),1,,13,cupy_copy__complex64_complex64
21103870586,2816,461783,103,1,1,128,1,1,16,0.000,0.000,,,,,NVIDIA A100-SXM4-40GB MIG 4g.20gb (0),1,,13,cupy_copy__complex64_complex64
21103885114,2432,461790,35,1,1,128,1,1,16,0.000,0.000,,,,,NVIDIA A100-SXM4-40GB MIG 4g.20gb (0),1,,13,cupy_copy__complex64_complex64
21103901114,1856,461797,1,1,1,1,1,1,18,0.000,0.000,,,,,NVIDIA A100-SXM4-40GB MIG 4g.20gb (0),1,,13,cupy_copy__float32_float32
21104044344,165758,461808,1,1,1,32,32,1,30,0.000,0.000,,,,,NVIDIA A100-SXM4-40GB MIG 4g.20gb (0),1,,13,"void convert_kernel<__half2, float2>(tensor_layout_any, T1 *, tensor_layout_any, const T2 *)"
21104241334,5824,461811,,,,,,,,,,0.094,16087.884,Pinned,Device,NVIDIA A100-SXM4-40GB MIG 4g.20gb (0),1,,13,[CUDA memcpy Host-to-Device]
21104435316,4672,461812,,,,,,,,,,1.547,331040.948,Device,,NVIDIA A100-SXM4-40GB MIG 4g.20gb (0),1,,13,[CUDA memset]
21104441684,3296,461817,,,,,,,,,,0.031,9495.144,Pinned,Device,NVIDIA A100-SXM4-40GB MIG 4g.20gb (0),1,,13,[CUDA memcpy Host-to-Device]
21104448884,10655,461818,,,,,,,,,,0.197,18452.054,Pinned,Device,NVIDIA A100-SXM4-40GB MIG 4g.20gb (0),1,,13,[CUDA memcpy Host-to-Device]
21104472659,8448,461819,273,1,1,8,4,1,39,0.002,0.000,,,,,NVIDIA A100-SXM4-40GB MIG 4g.20gb (0),1,,13,"void channel_eq::eqMmseCoefCompLowMimoKernel<float, float, float, (unsigned int)4, (unsigned int)1, (unsigned int)4>(const channel_eq::_puschRxChEqStatDescr *, channel_eq::_puschRxChEqCoefCompDynDescr)"
21104485971,7360,461820,273,1,1,12,11,1,51,0.002,0.000,,,,,NVIDIA A100-SXM4-40GB MIG 4g.20gb (0),1,,13,"void channel_eq::eqMmseSoftDemapKernel<float, __half, __half, float, (unsigned int)4, (unsigned short)16383>(channel_eq::_puschRxChEqStatDescr *, channel_eq::_puschRxChEqSoftDemapDynDescr)"
21104502323,914102,461821,1,1,1,32,32,1,30,0.000,0.000,,,,,NVIDIA A100-SXM4-40GB MIG 4g.20gb (0),1,,13,"void convert_kernel<float2, __half2>(tensor_layout_any, T1 *, tensor_layout_any, const T2 *)"
21105436361,12383,461833,2253,1,1,128,1,1,16,0.000,0.000,,,,,NVIDIA A100-SXM4-40GB MIG 4g.20gb (0),1,,13,cupy_copy__float16_float16
21105450760,3680,461842,282,1,1,128,1,1,16,0.000,0.000,,,,,NVIDIA A100-SXM4-40GB MIG 4g.20gb (0),1,,13,cupy_copy__complex64_complex64
21105457032,2240,461851,26,1,1,128,1,1,16,0.000,0.000,,,,,NVIDIA A100-SXM4-40GB MIG 4g.20gb (0),1,,13,cupy_copy__float32_float32
21105461096,3168,461860,103,1,1,128,1,1,16,0.000,0.000,,,,,NVIDIA A100-SXM4-40GB MIG 4g.20gb (0),1,,13,cupy_copy__complex64_complex64
21105466792,12640,461870,1434,1,1,128,1,1,16,0.000,0.000,,,,,NVIDIA A100-SXM4-40GB MIG 4g.20gb (0),1,,13,cupy_copy__complex64_complex64
21105480744,79871,461875,1,1,1,32,32,1,30,0.000,0.000,,,,,NVIDIA A100-SXM4-40GB MIG 4g.20gb (0),1,,13,"void convert_kernel<__half2, float2>(tensor_layout_any, T1 *, tensor_layout_any, const T2 *)"
21105641670,6080,461878,,,,,,,,,,0.094,15410.462,Pinned,Device,NVIDIA A100-SXM4-40GB MIG 4g.20gb (0),1,,13,[CUDA memcpy Host-to-Device]
21105652390,608857,461879,,,,,,,,,,456.561,749673.884,Device,,NVIDIA A100-SXM4-40GB MIG 4g.20gb (0),1,,13,[CUDA memset]
21106266783,51424,461884,,,,,,,,,,1.235,24014.721,Pinned,Device,NVIDIA A100-SXM4-40GB MIG 4g.20gb (0),1,,13,[CUDA memcpy Host-to-Device]
21106321119,9728,461885,,,,,,,,,,0.197,20210.516,Pinned,Device,NVIDIA A100-SXM4-40GB MIG 4g.20gb (0),1,,13,[CUDA memcpy Host-to-Device]
21106427741,8064,461886,69,4,1,48,1,1,76,0.002,0.000,,,,,NVIDIA A100-SXM4-40GB MIG 4g.20gb (0),1,,13,"void ch_est::windowedChEstPreNoDftSOfdmKernel<float, __half, float, (unsigned int)2, (unsigned int)1, (unsigned short)4>(ch_est::puschRxChEstStatDescr_t *, ch_est::puschRxChEstDynDescr_t *)"
21106545372,9856,461887,137,2,1,24,2,1,44,0.001,0.001,,,,,NVIDIA A100-SXM4-40GB MIG 4g.20gb (0),1,,13,"void ch_est::chEstFilterNoDftSOfdmDispatchKernel<float, __half, float, (unsigned int)2>(ch_est::puschRxChEstStatDescr_t *, ch_est::puschRxChEstDynDescr_t *)"
21106662715,9888,461888,137,2,1,24,2,1,44,0.001,0.001,,,,,NVIDIA A100-SXM4-40GB MIG 4g.20gb (0),1,,13,"void ch_est::chEstFilterNoDftSOfdmDispatchKernel<float, __half, float, (unsigned int)2>(ch_est::puschRxChEstStatDescr_t *, ch_est::puschRxChEstDynDescr_t *)"
21106923512,4768,461899,103,1,1,128,1,1,16,0.000,0.000,,,,,NVIDIA A100-SXM4-40GB MIG 4g.20gb (0),1,,13,cupy_copy__complex64_complex64
21107135542,22623,461909,1434,1,1,128,1,1,16,0.000,0.000,,,,,NVIDIA A100-SXM4-40GB MIG 4g.20gb (0),1,,13,cupy_copy__complex64_complex64
21107310484,4480,461916,103,1,1,128,1,1,16,0.000,0.000,,,,,NVIDIA A100-SXM4-40GB MIG 4g.20gb (0),1,,13,cupy_copy__complex64_complex64
21107425330,229182,461923,1,1,1,32,32,1,30,0.000,0.000,,,,,NVIDIA A100-SXM4-40GB MIG 4g.20gb (0),1,,13,"void convert_kernel<__half2, float2>(tensor_layout_any, T1 *, tensor_layout_any, const T2 *)"
21107683759,5408,461926,,,,,,,,,,0.094,17325.421,Pinned,Device,NVIDIA A100-SXM4-40GB MIG 4g.20gb (0),1,,13,[CUDA memcpy Host-to-Device]
21107694991,46784,461927,,,,,,,,,,35.810,765401.230,Device,,NVIDIA A100-SXM4-40GB MIG 4g.20gb (0),1,,13,[CUDA memset]
21107747535,2048,461929,,,,,,,,,,0.000,39.062,Pinned,Device,NVIDIA A100-SXM4-40GB MIG 4g.20gb (0),1,,13,[CUDA memcpy Host-to-Device]
21107752271,9344,461930,,,,,,,,,,0.197,21040.988,Pinned,Device,NVIDIA A100-SXM4-40GB MIG 4g.20gb (0),1,,13,[CUDA memcpy Host-to-Device]
21107765487,8479,461931,273,1,1,48,1,1,40,0.000,0.001,,,,,NVIDIA A100-SXM4-40GB MIG 4g.20gb (0),1,,13,"void pusch_noise_intf_est::noiseIntfEstNoDftSOfdmKernel<float, __half, float, float, (unsigned int)2, (unsigned int)1, (unsigned char)4, (unsigned char)4>(pusch_noise_intf_est::puschRxNoiseIntfEstDynDescr)"
21107776974,4224,461942,35,1,1,128,1,1,16,0.000,0.000,,,,,NVIDIA A100-SXM4-40GB MIG 4g.20gb (0),1,,13,cupy_copy__complex64_complex64
21107821838,1888,461951,1,1,1,1,1,1,18,0.000,0.000,,,,,NVIDIA A100-SXM4-40GB MIG 4g.20gb (0),1,,13,cupy_copy__float32_float32
21107856110,1600,461957,,,,,,,,,,0.000,2.500,Device,Pageable,NVIDIA A100-SXM4-40GB MIG 4g.20gb (0),1,,7,[CUDA memcpy Device-to-Host]
21108050891,15424,461968,1434,1,1,128,1,1,16,0.000,0.000,,,,,NVIDIA A100-SXM4-40GB MIG 4g.20gb (0),1,,13,cupy_copy__complex64_complex64
21108208586,8032,461975,103,1,1,128,1,1,16,0.000,0.000,,,,,NVIDIA A100-SXM4-40GB MIG 4g.20gb (0),1,,13,cupy_copy__complex64_complex64
21108262473,7680,461982,35,1,1,128,1,1,16,0.000,0.000,,,,,NVIDIA A100-SXM4-40GB MIG 4g.20gb (0),1,,13,cupy_copy__complex64_complex64
21108272425,3392,461989,1,1,1,1,1,1,18,0.000,0.000,,,,,NVIDIA A100-SXM4-40GB MIG 4g.20gb (0),1,,13,cupy_copy__float32_float32
21108281833,423707,462000,1,1,1,32,32,1,30,0.000,0.000,,,,,NVIDIA A100-SXM4-40GB MIG 4g.20gb (0),1,,13,"void convert_kernel<__half2, float2>(tensor_layout_any, T1 *, tensor_layout_any, const T2 *)"
21108735684,5472,462003,,,,,,,,,,0.094,17122.757,Pinned,Device,NVIDIA A100-SXM4-40GB MIG 4g.20gb (0),1,,13,[CUDA memcpy Host-to-Device]
21108786947,18848,462004,,,,,,,,,,1.547,82057.683,Device,,NVIDIA A100-SXM4-40GB MIG 4g.20gb (0),1,,13,[CUDA memset]
21108813123,3040,462009,,,,,,,,,,0.031,10294.725,Pinned,Device,NVIDIA A100-SXM4-40GB MIG 4g.20gb (0),1,,13,[CUDA memcpy Host-to-Device]
21108819011,9632,462010,,,,,,,,,,0.197,20411.843,Pinned,Device,NVIDIA A100-SXM4-40GB MIG 4g.20gb (0),1,,13,[CUDA memcpy Host-to-Device]
21108855970,22752,462011,273,1,1,8,4,1,39,0.002,0.000,,,,,NVIDIA A100-SXM4-40GB MIG 4g.20gb (0),1,,13,"void channel_eq::eqMmseCoefCompLowMimoKernel<float, float, float, (unsigned int)4, (unsigned int)1, (unsigned int)4>(const channel_eq::_puschRxChEqStatDescr *, channel_eq::_puschRxChEqCoefCompDynDescr)"
21108880770,8192,462012,273,1,1,12,11,1,51,0.002,0.000,,,,,NVIDIA A100-SXM4-40GB MIG 4g.20gb (0),1,,13,"void channel_eq::eqMmseSoftDemapKernel<float, __half, __half, float, (unsigned int)4, (unsigned short)16383>(channel_eq::_puschRxChEqStatDescr *, channel_eq::_puschRxChEqSoftDemapDynDescr)"
21108891714,697304,462013,1,1,1,32,32,1,30,0.000,0.000,,,,,NVIDIA A100-SXM4-40GB MIG 4g.20gb (0),1,,13,"void convert_kernel<float2, __half2>(tensor_layout_any, T1 *, tensor_layout_any, const T2 *)"
21109730361,24159,462025,2253,1,1,128,1,1,16,0.000,0.000,,,,,NVIDIA A100-SXM4-40GB MIG 4g.20gb (0),1,,13,cupy_copy__float16_float16
21109981398,7872,462034,282,1,1,128,1,1,16,0.000,0.000,,,,,NVIDIA A100-SXM4-40GB MIG 4g.20gb (0),1,,13,cupy_copy__complex64_complex64
21110033333,8960,462043,26,1,1,128,1,1,16,0.000,0.000,,,,,NVIDIA A100-SXM4-40GB MIG 4g.20gb (0),1,,13,cupy_copy__float32_float32
21110045045,5024,462052,103,1,1,128,1,1,16,0.000,0.000,,,,,NVIDIA A100-SXM4-40GB MIG 4g.20gb (0),1,,13,cupy_copy__complex64_complex64
21110097045,28575,462062,1434,1,1,128,1,1,16,0.000,0.000,,,,,NVIDIA A100-SXM4-40GB MIG 4g.20gb (0),1,,13,cupy_copy__complex64_complex64
21110171092,332060,462067,1,1,1,32,32,1,30,0.000,0.000,,,,,NVIDIA A100-SXM4-40GB MIG 4g.20gb (0),1,,13,"void convert_kernel<__half2, float2>(tensor_layout_any, T1 *, tensor_layout_any, const T2 *)"
21110531696,5760,462070,,,,,,,,,,0.094,16266.656,Pinned,Device,NVIDIA A100-SXM4-40GB MIG 4g.20gb (0),1,,13,[CUDA memcpy Host-to-Device]
21110541488,608377,462071,,,,,,,,,,456.561,750130.446,Device,,NVIDIA A100-SXM4-40GB MIG 4g.20gb (0),1,,13,[CUDA memset]
21111156233,50527,462076,,,,,,,,,,1.235,24440.777,Pinned,Device,NVIDIA A100-SXM4-40GB MIG 4g.20gb (0),1,,13,[CUDA memcpy Host-to-Device]
21111209480,9760,462077,,,,,,,,,,0.197,20144.259,Pinned,Device,NVIDIA A100-SXM4-40GB MIG 4g.20gb (0),1,,13,[CUDA memcpy Host-to-Device]
21111356583,12799,462078,69,4,1,48,1,1,76,0.002,0.000,,,,,NVIDIA A100-SXM4-40GB MIG 4g.20gb (0),1,,13,"void ch_est::windowedChEstPreNoDftSOfdmKernel<float, __half, float, (unsigned int)2, (unsigned int)1, (unsigned short)4>(ch_est::puschRxChEstStatDescr_t *, ch_est::puschRxChEstDynDescr_t *)"
21111473093,15104,462079,137,2,1,24,2,1,44,0.001,0.001,,,,,NVIDIA A100-SXM4-40GB MIG 4g.20gb (0),1,,13,"void ch_est::chEstFilterNoDftSOfdmDispatchKernel<float, __half, float, (unsigned int)2>(ch_est::puschRxChEstStatDescr_t *, ch_est::puschRxChEstDynDescr_t *)"
21111533669,12383,462080,137,2,1,24,2,1,44,0.001,0.001,,,,,NVIDIA A100-SXM4-40GB MIG 4g.20gb (0),1,,13,"void ch_est::chEstFilterNoDftSOfdmDispatchKernel<float, __half, float, (unsigned int)2>(ch_est::puschRxChEstStatDescr_t *, ch_est::puschRxChEstDynDescr_t *)"
21111546820,3200,462091,103,1,1,128,1,1,16,0.000,0.000,,,,,NVIDIA A100-SXM4-40GB MIG 4g.20gb (0),1,,13,cupy_copy__complex64_complex64
21111552068,12736,462101,1434,1,1,128,1,1,16,0.000,0.000,,,,,NVIDIA A100-SXM4-40GB MIG 4g.20gb (0),1,,13,cupy_copy__complex64_complex64
21111566660,2464,462108,103,1,1,128,1,1,16,0.000,0.000,,,,,NVIDIA A100-SXM4-40GB MIG 4g.20gb (0),1,,13,cupy_copy__complex64_complex64
21111570692,412444,462115,1,1,1,32,32,1,30,0.000,0.000,,,,,NVIDIA A100-SXM4-40GB MIG 4g.20gb (0),1,,13,"void convert_kernel<__half2, float2>(tensor_layout_any, T1 *, tensor_layout_any, const T2 *)"
21112018591,5472,462118,,,,,,,,,,0.094,17122.757,Pinned,Device,NVIDIA A100-SXM4-40GB MIG 4g.20gb (0),1,,13,[CUDA memcpy Host-to-Device]
21112039999,59871,462119,,,,,,,,,,35.810,598097.284,Device,,NVIDIA A100-SXM4-40GB MIG 4g.20gb (0),1,,13,[CUDA memset]
21112101246,2336,462121,,,,,,,,,,0.000,34.247,Pinned,Device,NVIDIA A100-SXM4-40GB MIG 4g.20gb (0),1,,13,[CUDA memcpy Host-to-Device]
21112107166,9888,462122,,,,,,,,,,0.197,19883.360,Pinned,Device,NVIDIA A100-SXM4-40GB MIG 4g.20gb (0),1,,13,[CUDA memcpy Host-to-Device]
21112151454,13919,462123,273,1,1,48,1,1,40,0.000,0.001,,,,,NVIDIA A100-SXM4-40GB MIG 4g.20gb (0),1,,13,"void pusch_noise_intf_est::noiseIntfEstNoDftSOfdmKernel<float, __half, float, float, (unsigned int)2, (unsigned int)1, (unsigned char)4, (unsigned char)4>(pusch_noise_intf_est::puschRxNoiseIntfEstDynDescr)"
21112167037,2880,462134,35,1,1,128,1,1,16,0.000,0.000,,,,,NVIDIA A100-SXM4-40GB MIG 4g.20gb (0),1,,13,cupy_copy__complex64_complex64
21112172093,1856,462143,1,1,1,1,1,1,18,0.000,0.000,,,,,NVIDIA A100-SXM4-40GB MIG 4g.20gb (0),1,,13,cupy_copy__float32_float32
21112187677,2752,462149,,,,,,,,,,0.000,1.453,Device,Pageable,NVIDIA A100-SXM4-40GB MIG 4g.20gb (0),1,,7,[CUDA memcpy Device-to-Host]
21112287548,14944,462160,1434,1,1,128,1,1,16,0.000,0.000,,,,,NVIDIA A100-SXM4-40GB MIG 4g.20gb (0),1,,13,cupy_copy__complex64_complex64
21112465050,5728,462167,103,1,1,128,1,1,16,0.000,0.000,,,,,NVIDIA A100-SXM4-40GB MIG 4g.20gb (0),1,,13,cupy_copy__complex64_complex64
21112643576,6176,462174,35,1,1,128,1,1,16,0.000,0.000,,,,,NVIDIA A100-SXM4-40GB MIG 4g.20gb (0),1,,13,cupy_copy__complex64_complex64
21112707863,5408,462181,1,1,1,1,1,1,18,0.000,0.000,,,,,NVIDIA A100-SXM4-40GB MIG 4g.20gb (0),1,,13,cupy_copy__float32_float32
21112772535,343260,462192,1,1,1,32,32,1,30,0.000,0.000,,,,,NVIDIA A100-SXM4-40GB MIG 4g.20gb (0),1,,13,"void convert_kernel<__half2, float2>(tensor_layout_any, T1 *, tensor_layout_any, const T2 *)"
21113145459,5375,462195,,,,,,,,,,0.094,17431.766,Pinned,Device,NVIDIA A100-SXM4-40GB MIG 4g.20gb (0),1,,13,[CUDA memcpy Host-to-Device]
21113159730,3616,462196,,,,,,,,,,1.547,427715.774,Device,,NVIDIA A100-SXM4-40GB MIG 4g.20gb (0),1,,13,[CUDA memset]
21113166706,3008,462201,,,,,,,,,,0.031,10404.230,Pinned,Device,NVIDIA A100-SXM4-40GB MIG 4g.20gb (0),1,,13,[CUDA memcpy Host-to-Device]
21113172594,9504,462202,,,,,,,,,,0.197,20686.701,Pinned,Device,NVIDIA A100-SXM4-40GB MIG 4g.20gb (0),1,,13,[CUDA memcpy Host-to-Device]
21113186610,7040,462203,273,1,1,8,4,1,39,0.002,0.000,,,,,NVIDIA A100-SXM4-40GB MIG 4g.20gb (0),1,,13,"void channel_eq::eqMmseCoefCompLowMimoKernel<float, float, float, (unsigned int)4, (unsigned int)1, (unsigned int)4>(const channel_eq::_puschRxChEqStatDescr *, channel_eq::_puschRxChEqCoefCompDynDescr)"
21113195378,6208,462204,273,1,1,12,11,1,51,0.002,0.000,,,,,NVIDIA A100-SXM4-40GB MIG 4g.20gb (0),1,,13,"void channel_eq::eqMmseSoftDemapKernel<float, __half, __half, float, (unsigned int)4, (unsigned short)16383>(channel_eq::_puschRxChEqStatDescr *, channel_eq::_puschRxChEqSoftDemapDynDescr)"
21113203538,490618,462205,1,1,1,32,32,1,30,0.000,0.000,,,,,NVIDIA A100-SXM4-40GB MIG 4g.20gb (0),1,,13,"void convert_kernel<float2, __half2>(tensor_layout_any, T1 *, tensor_layout_any, const T2 *)"
21113743724,16192,462217,2253,1,1,128,1,1,16,0.000,0.000,,,,,NVIDIA A100-SXM4-40GB MIG 4g.20gb (0),1,,13,cupy_copy__float16_float16
21113917962,8992,462226,282,1,1,128,1,1,16,0.000,0.000,,,,,NVIDIA A100-SXM4-40GB MIG 4g.20gb (0),1,,13,cupy_copy__complex64_complex64
21114075688,4384,462235,26,1,1,128,1,1,16,0.000,0.000,,,,,NVIDIA A100-SXM4-40GB MIG 4g.20gb (0),1,,13,cupy_copy__float32_float32
21114239942,6240,462244,103,1,1,128,1,1,16,0.000,0.000,,,,,NVIDIA A100-SXM4-40GB MIG 4g.20gb (0),1,,13,cupy_copy__complex64_complex64
21114398181,18975,462254,1434,1,1,128,1,1,16,0.000,0.000,,,,,NVIDIA A100-SXM4-40GB MIG 4g.20gb (0),1,,13,cupy_copy__complex64_complex64
21114564003,183518,462259,1,1,1,32,32,1,30,0.000,0.000,,,,,NVIDIA A100-SXM4-40GB MIG 4g.20gb (0),1,,13,"void convert_kernel<__half2, float2>(tensor_layout_any, T1 *, tensor_layout_any, const T2 *)"
21114777248,6080,462262,,,,,,,,,,0.094,15410.462,Pinned,Device,NVIDIA A100-SXM4-40GB MIG 4g.20gb (0),1,,13,[CUDA memcpy Host-to-Device]
21114817952,605401,462263,,,,,,,,,,456.561,753782.937,Device,,NVIDIA A100-SXM4-40GB MIG 4g.20gb (0),1,,13,[CUDA memset]
21115428057,50400,462268,,,,,,,,,,1.235,24502.524,Pinned,Device,NVIDIA A100-SXM4-40GB MIG 4g.20gb (0),1,,13,[CUDA memcpy Host-to-Device]
21115481209,10303,462269,,,,,,,,,,0.197,19082.576,Pinned,Device,NVIDIA A100-SXM4-40GB MIG 4g.20gb (0),1,,13,[CUDA memcpy Host-to-Device]
21115754901,17632,462270,69,4,1,48,1,1,76,0.002,0.000,,,,,NVIDIA A100-SXM4-40GB MIG 4g.20gb (0),1,,13,"void ch_est::windowedChEstPreNoDftSOfdmKernel<float, __half, float, (unsigned int)2, (unsigned int)1, (unsigned short)4>(ch_est::puschRxChEstStatDescr_t *, ch_est::puschRxChEstDynDescr_t *)"
21115991443,19936,462271,137,2,1,24,2,1,44,0.001,0.001,,,,,NVIDIA A100-SXM4-40GB MIG 4g.20gb (0),1,,13,"void ch_est::chEstFilterNoDftSOfdmDispatchKernel<float, __half, float, (unsigned int)2>(ch_est::puschRxChEstStatDescr_t *, ch_est::puschRxChEstDynDescr_t *)"
21116043538,17248,462272,137,2,1,24,2,1,44,0.001,0.001,,,,,NVIDIA A100-SXM4-40GB MIG 4g.20gb (0),1,,13,"void ch_est::chEstFilterNoDftSOfdmDispatchKernel<float, __half, float, (unsigned int)2>(ch_est::puschRxChEstStatDescr_t *, ch_est::puschRxChEstDynDescr_t *)"
21116112273,12736,462283,103,1,1,128,1,1,16,0.000,0.000,,,,,NVIDIA A100-SXM4-40GB MIG 4g.20gb (0),1,,13,cupy_copy__complex64_complex64
21116130801,15168,462293,1434,1,1,128,1,1,16,0.000,0.000,,,,,NVIDIA A100-SXM4-40GB MIG 4g.20gb (0),1,,13,cupy_copy__complex64_complex64
21116185393,13056,462300,103,1,1,128,1,1,16,0.000,0.000,,,,,NVIDIA A100-SXM4-40GB MIG 4g.20gb (0),1,,13,cupy_copy__complex64_complex64
21116204400,408316,462307,1,1,1,32,32,1,30,0.000,0.000,,,,,NVIDIA A100-SXM4-40GB MIG 4g.20gb (0),1,,13,"void convert_kernel<__half2, float2>(tensor_layout_any, T1 *, tensor_layout_any, const T2 *)"
21116643436,5599,462310,,,,,,,,,,0.094,16734.387,Pinned,Device,NVIDIA A100-SXM4-40GB MIG 4g.20gb (0),1,,13,[CUDA memcpy Host-to-Device]
21116746218,49376,462311,,,,,,,,,,35.810,725222.500,Device,,NVIDIA A100-SXM4-40GB MIG 4g.20gb (0),1,,13,[CUDA memset]
21116801674,2336,462313,,,,,,,,,,0.000,34.247,Pinned,Device,NVIDIA A100-SXM4-40GB MIG 4g.20gb (0),1,,13,[CUDA memcpy Host-to-Device]
21116806602,10112,462314,,,,,,,,,,0.197,19442.958,Pinned,Device,NVIDIA A100-SXM4-40GB MIG 4g.20gb (0),1,,13,[CUDA memcpy Host-to-Device]
21116841545,29600,462315,273,1,1,48,1,1,40,0.000,0.001,,,,,NVIDIA A100-SXM4-40GB MIG 4g.20gb (0),1,,13,"void pusch_noise_intf_est::noiseIntfEstNoDftSOfdmKernel<float, __half, float, float, (unsigned int)2, (unsigned int)1, (unsigned char)4, (unsigned char)4>(pusch_noise_intf_est::puschRxNoiseIntfEstDynDescr)"
21116986504,10272,462326,35,1,1,128,1,1,16,0.000,0.000,,,,,NVIDIA A100-SXM4-40GB MIG 4g.20gb (0),1,,13,cupy_copy__complex64_complex64
21116998568,3360,462335,1,1,1,1,1,1,18,0.000,0.000,,,,,NVIDIA A100-SXM4-40GB MIG 4g.20gb (0),1,,13,cupy_copy__float32_float32
21117002984,1568,462341,,,,,,,,,,0.000,2.551,Device,Pageable,NVIDIA A100-SXM4-40GB MIG 4g.20gb (0),1,,7,[CUDA memcpy Device-to-Host]
21117065735,20480,462352,1434,1,1,128,1,1,16,0.000,0.000,,,,,NVIDIA A100-SXM4-40GB MIG 4g.20gb (0),1,,13,cupy_copy__complex64_complex64
21117121478,13952,462359,103,1,1,128,1,1,16,0.000,0.000,,,,,NVIDIA A100-SXM4-40GB MIG 4g.20gb (0),1,,13,cupy_copy__complex64_complex64
21117138374,3872,462366,35,1,1,128,1,1,16,0.000,0.000,,,,,NVIDIA A100-SXM4-40GB MIG 4g.20gb (0),1,,13,cupy_copy__complex64_complex64
21117189797,12224,462373,1,1,1,1,1,1,18,0.000,0.000,,,,,NVIDIA A100-SXM4-40GB MIG 4g.20gb (0),1,,13,cupy_copy__float32_float32
21117269125,231709,462384,1,1,1,32,32,1,30,0.000,0.000,,,,,NVIDIA A100-SXM4-40GB MIG 4g.20gb (0),1,,13,"void convert_kernel<__half2, float2>(tensor_layout_any, T1 *, tensor_layout_any, const T2 *)"
21117530466,5536,462387,,,,,,,,,,0.094,16924.777,Pinned,Device,NVIDIA A100-SXM4-40GB MIG 4g.20gb (0),1,,13,[CUDA memcpy Host-to-Device]
21117544449,3744,462388,,,,,,,,,,1.547,413093.991,Device,,NVIDIA A100-SXM4-40GB MIG 4g.20gb (0),1,,13,[CUDA memset]
21117551137,3008,462393,,,,,,,,,,0.031,10404.230,Pinned,Device,NVIDIA A100-SXM4-40GB MIG 4g.20gb (0),1,,13,[CUDA memcpy Host-to-Device]
21117556257,9248,462394,,,,,,,,,,0.197,21259.420,Pinned,Device,NVIDIA A100-SXM4-40GB MIG 4g.20gb (0),1,,13,[CUDA memcpy Host-to-Device]
21117569825,7008,462395,273,1,1,8,4,1,39,0.002,0.000,,,,,NVIDIA A100-SXM4-40GB MIG 4g.20gb (0),1,,13,"void channel_eq::eqMmseCoefCompLowMimoKernel<float, float, float, (unsigned int)4, (unsigned int)1, (unsigned int)4>(const channel_eq::_puschRxChEqStatDescr *, channel_eq::_puschRxChEqCoefCompDynDescr)"
21117578625,5984,462396,273,1,1,12,11,1,51,0.002,0.000,,,,,NVIDIA A100-SXM4-40GB MIG 4g.20gb (0),1,,13,"void channel_eq::eqMmseSoftDemapKernel<float, __half, __half, float, (unsigned int)4, (unsigned short)16383>(channel_eq::_puschRxChEqStatDescr *, channel_eq::_puschRxChEqSoftDemapDynDescr)"
21117586497,837623,462397,1,1,1,32,32,1,30,0.000,0.000,,,,,NVIDIA A100-SXM4-40GB MIG 4g.20gb (0),1,,13,"void convert_kernel<float2, __half2>(tensor_layout_any, T1 *, tensor_layout_any, const T2 *)"
21118473751,14144,462409,2253,1,1,128,1,1,16,0.000,0.000,,,,,NVIDIA A100-SXM4-40GB MIG 4g.20gb (0),1,,13,cupy_copy__float16_float16
21118649653,7104,462418,282,1,1,128,1,1,16,0.000,0.000,,,,,NVIDIA A100-SXM4-40GB MIG 4g.20gb (0),1,,13,cupy_copy__complex64_complex64
21118757172,10112,462427,26,1,1,128,1,1,16,0.000,0.000,,,,,NVIDIA A100-SXM4-40GB MIG 4g.20gb (0),1,,13,cupy_copy__float32_float32
21118818067,9024,462436,103,1,1,128,1,1,16,0.000,0.000,,,,,NVIDIA A100-SXM4-40GB MIG 4g.20gb (0),1,,13,cupy_copy__complex64_complex64
21118994961,18272,462446,1434,1,1,128,1,1,16,0.000,0.000,,,,,NVIDIA A100-SXM4-40GB MIG 4g.20gb (0),1,,13,cupy_copy__complex64_complex64
21119170255,419260,462451,1,1,1,32,32,1,30,0.000,0.000,,,,,NVIDIA A100-SXM4-40GB MIG 4g.20gb (0),1,,13,"void convert_kernel<__half2, float2>(tensor_layout_any, T1 *, tensor_layout_any, const T2 *)"
21119619370,5856,462454,,,,,,,,,,0.094,15999.997,Pinned,Device,NVIDIA A100-SXM4-40GB MIG 4g.20gb (0),1,,13,[CUDA memcpy Host-to-Device]
21119786504,604026,462455,,,,,,,,,,456.561,755609.183,Device,,NVIDIA A100-SXM4-40GB MIG 4g.20gb (0),1,,13,[CUDA memset]
21120397474,52127,462460,,,,,,,,,,1.235,23689.931,Pinned,Device,NVIDIA A100-SXM4-40GB MIG 4g.20gb (0),1,,13,[CUDA memcpy Host-to-Device]
21120453249,9376,462461,,,,,,,,,,0.197,20969.226,Pinned,Device,NVIDIA A100-SXM4-40GB MIG 4g.20gb (0),1,,13,[CUDA memcpy Host-to-Device]
21120555744,11360,462462,69,4,1,48,1,1,76,0.002,0.000,,,,,NVIDIA A100-SXM4-40GB MIG 4g.20gb (0),1,,13,"void ch_est::windowedChEstPreNoDftSOfdmKernel<float, __half, float, (unsigned int)2, (unsigned int)1, (unsigned short)4>(ch_est::puschRxChEstStatDescr_t *, ch_est::puschRxChEstDynDescr_t *)"
21120725246,12544,462463,137,2,1,24,2,1,44,0.001,0.001,,,,,NVIDIA A100-SXM4-40GB MIG 4g.20gb (0),1,,13,"void ch_est::chEstFilterNoDftSOfdmDispatchKernel<float, __half, float, (unsigned int)2>(ch_est::puschRxChEstStatDescr_t *, ch_est::puschRxChEstDynDescr_t *)"
21120834013,9312,462464,137,2,1,24,2,1,44,0.001,0.001,,,,,NVIDIA A100-SXM4-40GB MIG 4g.20gb (0),1,,13,"void ch_est::chEstFilterNoDftSOfdmDispatchKernel<float, __half, float, (unsigned int)2>(ch_est::puschRxChEstStatDescr_t *, ch_est::puschRxChEstDynDescr_t *)"
21120944604,4480,462475,103,1,1,128,1,1,16,0.000,0.000,,,,,NVIDIA A100-SXM4-40GB MIG 4g.20gb (0),1,,13,cupy_copy__complex64_complex64
21120951387,13408,462485,1434,1,1,128,1,1,16,0.000,0.000,,,,,NVIDIA A100-SXM4-40GB MIG 4g.20gb (0),1,,13,cupy_copy__complex64_complex64
21121066458,4544,462492,103,1,1,128,1,1,16,0.000,0.000,,,,,NVIDIA A100-SXM4-40GB MIG 4g.20gb (0),1,,13,cupy_copy__complex64_complex64
21121072506,354332,462499,1,1,1,32,32,1,30,0.000,0.000,,,,,NVIDIA A100-SXM4-40GB MIG 4g.20gb (0),1,,13,"void convert_kernel<__half2, float2>(tensor_layout_any, T1 *, tensor_layout_any, const T2 *)"
21121458614,5664,462502,,,,,,,,,,0.094,16542.310,Pinned,Device,NVIDIA A100-SXM4-40GB MIG 4g.20gb (0),1,,13,[CUDA memcpy Host-to-Device]
21121529653,47232,462503,,,,,,,,,,35.810,758167.626,Device,,NVIDIA A100-SXM4-40GB MIG 4g.20gb (0),1,,13,[CUDA memset]
21121580660,2880,462505,,,,,,,,,,0.000,27.778,Pinned,Device,NVIDIA A100-SXM4-40GB MIG 4g.20gb (0),1,,13,[CUDA memcpy Host-to-Device]
21121586004,9408,462506,,,,,,,,,,0.197,20897.858,Pinned,Device,NVIDIA A100-SXM4-40GB MIG 4g.20gb (0),1,,13,[CUDA memcpy Host-to-Device]
21121701747,30144,462507,273,1,1,48,1,1,40,0.000,0.001,,,,,NVIDIA A100-SXM4-40GB MIG 4g.20gb (0),1,,13,"void pusch_noise_intf_est::noiseIntfEstNoDftSOfdmKernel<float, __half, float, float, (unsigned int)2, (unsigned int)1, (unsigned char)4, (unsigned char)4>(pusch_noise_intf_est::puschRxNoiseIntfEstDynDescr)"
21121830898,4224,462518,35,1,1,128,1,1,16,0.000,0.000,,,,,NVIDIA A100-SXM4-40GB MIG 4g.20gb (0),1,,13,cupy_copy__complex64_complex64
21121961488,3104,462527,1,1,1,1,1,1,18,0.000,0.000,,,,,NVIDIA A100-SXM4-40GB MIG 4g.20gb (0),1,,13,cupy_copy__float32_float32
21121973776,1856,462533,,,,,,,,,,0.000,2.155,Device,Pageable,NVIDIA A100-SXM4-40GB MIG 4g.20gb (0),1,,7,[CUDA memcpy Device-to-Host]
21122093039,18624,462544,1434,1,1,128,1,1,16,0.000,0.000,,,,,NVIDIA A100-SXM4-40GB MIG 4g.20gb (0),1,,13,cupy_copy__complex64_complex64
21122228365,5728,462551,103,1,1,128,1,1,16,0.000,0.000,,,,,NVIDIA A100-SXM4-40GB MIG 4g.20gb (0),1,,13,cupy_copy__complex64_complex64
21122306284,12512,462558,35,1,1,128,1,1,16,0.000,0.000,,,,,NVIDIA A100-SXM4-40GB MIG 4g.20gb (0),1,,13,cupy_copy__complex64_complex64
21122454763,4128,462565,1,1,1,1,1,1,18,0.000,0.000,,,,,NVIDIA A100-SXM4-40GB MIG 4g.20gb (0),1,,13,cupy_copy__float32_float32
21122536330,853078,462576,1,1,1,32,32,1,30,0.000,0.000,,,,,NVIDIA A100-SXM4-40GB MIG 4g.20gb (0),1,,13,"void convert_kernel<__half2, float2>(tensor_layout_any, T1 *, tensor_layout_any, const T2 *)"
21123418976,5472,462579,,,,,,,,,,0.094,17122.757,Pinned,Device,NVIDIA A100-SXM4-40GB MIG 4g.20gb (0),1,,13,[CUDA memcpy Host-to-Device]
21123471231,5184,462580,,,,,,,,,,1.547,298345.316,Device,,NVIDIA A100-SXM4-40GB MIG 4g.20gb (0),1,,13,[CUDA memset]
21123477631,3200,462585,,,,,,,,,,0.031,9780.000,Pinned,Device,NVIDIA A100-SXM4-40GB MIG 4g.20gb (0),1,,13,[CUDA memcpy Host-to-Device]
21123484511,10784,462586,,,,,,,,,,0.197,18231.263,Pinned,Device,NVIDIA A100-SXM4-40GB MIG 4g.20gb (0),1,,13,[CUDA memcpy Host-to-Device]
21123704125,16320,462587,273,1,1,8,4,1,39,0.002,0.000,,,,,NVIDIA A100-SXM4-40GB MIG 4g.20gb (0),1,,13,"void channel_eq::eqMmseCoefCompLowMimoKernel<float, float, float, (unsigned int)4, (unsigned int)1, (unsigned int)4>(const channel_eq::_puschRxChEqStatDescr *, channel_eq::_puschRxChEqCoefCompDynDescr)"
21123721757,10655,462588,273,1,1,12,11,1,51,0.002,0.000,,,,,NVIDIA A100-SXM4-40GB MIG 4g.20gb (0),1,,13,"void channel_eq::eqMmseSoftDemapKernel<float, __half, __half, float, (unsigned int)4, (unsigned short)16383>(channel_eq::_puschRxChEqStatDescr *, channel_eq::_puschRxChEqSoftDemapDynDescr)"
21123936282,963765,462589,1,1,1,32,32,1,30,0.000,0.000,,,,,NVIDIA A100-SXM4-40GB MIG 4g.20gb (0),1,,13,"void convert_kernel<float2, __half2>(tensor_layout_any, T1 *, tensor_layout_any, const T2 *)"
21124942287,27136,462601,2253,1,1,128,1,1,16,0.000,0.000,,,,,NVIDIA A100-SXM4-40GB MIG 4g.20gb (0),1,,13,cupy_copy__float16_float16
21125034574,6848,462610,282,1,1,128,1,1,16,0.000,0.000,,,,,NVIDIA A100-SXM4-40GB MIG 4g.20gb (0),1,,13,cupy_copy__complex64_complex64
21125079181,13184,462619,26,1,1,128,1,1,16,0.000,0.000,,,,,NVIDIA A100-SXM4-40GB MIG 4g.20gb (0),1,,13,cupy_copy__float32_float32
21125158413,5600,462628,103,1,1,128,1,1,16,0.000,0.000,,,,,NVIDIA A100-SXM4-40GB MIG 4g.20gb (0),1,,13,cupy_copy__complex64_complex64
21125203244,32096,462638,1434,1,1,128,1,1,16,0.000,0.000,,,,,NVIDIA A100-SXM4-40GB MIG 4g.20gb (0),1,,13,cupy_copy__complex64_complex64
21125306187,553626,462643,1,1,1,32,32,1,30,0.000,0.000,,,,,NVIDIA A100-SXM4-40GB MIG 4g.20gb (0),1,,13,"void convert_kernel<__half2, float2>(tensor_layout_any, T1 *, tensor_layout_any, const T2 *)"
21125889028,6368,462646,,,,,,,,,,0.094,14713.551,Pinned,Device,NVIDIA A100-SXM4-40GB MIG 4g.20gb (0),1,,13,[CUDA memcpy Host-to-Device]
21125905220,599354,462647,,,,,,,,,,456.561,761544.482,Device,,NVIDIA A100-SXM4-40GB MIG 4g.20gb (0),1,,13,[CUDA memset]
21126510557,50464,462652,,,,,,,,,,1.235,24471.650,Pinned,Device,NVIDIA A100-SXM4-40GB MIG 4g.20gb (0),1,,13,[CUDA memcpy Host-to-Device]
21126563741,9824,462653,,,,,,,,,,0.197,20012.925,Pinned,Device,NVIDIA A100-SXM4-40GB MIG 4g.20gb (0),1,,13,[CUDA memcpy Host-to-Device]
21126681500,23935,462654,69,4,1,48,1,1,76,0.002,0.000,,,,,NVIDIA A100-SXM4-40GB MIG 4g.20gb (0),1,,13,"void ch_est::windowedChEstPreNoDftSOfdmKernel<float, __half, float, (unsigned int)2, (unsigned int)1, (unsigned short)4>(ch_est::puschRxChEstStatDescr_t *, ch_est::puschRxChEstDynDescr_t *)"
21126818138,30240,462655,137,2,1,24,2,1,44,0.001,0.001,,,,,NVIDIA A100-SXM4-40GB MIG 4g.20gb (0),1,,13,"void ch_est::chEstFilterNoDftSOfdmDispatchKernel<float, __half, float, (unsigned int)2>(ch_est::puschRxChEstStatDescr_t *, ch_est::puschRxChEstDynDescr_t *)"
21126940537,12960,462656,137,2,1,24,2,1,44,0.001,0.001,,,,,NVIDIA A100-SXM4-40GB MIG 4g.20gb (0),1,,13,"void ch_est::chEstFilterNoDftSOfdmDispatchKernel<float, __half, float, (unsigned int)2>(ch_est::puschRxChEstStatDescr_t *, ch_est::puschRxChEstDynDescr_t *)"
21127108535,7200,462667,103,1,1,128,1,1,16,0.000,0.000,,,,,NVIDIA A100-SXM4-40GB MIG 4g.20gb (0),1,,13,cupy_copy__complex64_complex64
21127290197,22048,462677,1434,1,1,128,1,1,16,0.000,0.000,,,,,NVIDIA A100-SXM4-40GB MIG 4g.20gb (0),1,,13,cupy_copy__complex64_complex64
21127358452,5664,462684,103,1,1,128,1,1,16,0.000,0.000,,,,,NVIDIA A100-SXM4-40GB MIG 4g.20gb (0),1,,13,cupy_copy__complex64_complex64
21127420179,752568,462691,1,1,1,32,32,1,30,0.000,0.000,,,,,NVIDIA A100-SXM4-40GB MIG 4g.20gb (0),1,,13,"void convert_kernel<__half2, float2>(tensor_layout_any, T1 *, tensor_layout_any, const T2 *)"
21128208459,5375,462694,,,,,,,,,,0.094,17431.766,Pinned,Device,NVIDIA A100-SXM4-40GB MIG 4g.20gb (0),1,,13,[CUDA memcpy Host-to-Device]
21128227690,50656,462695,,,,,,,,,,35.810,706887.821,Device,,NVIDIA A100-SXM4-40GB MIG 4g.20gb (0),1,,13,[CUDA memset]
21128285674,1856,462697,,,,,,,,,,0.000,43.103,Pinned,Device,NVIDIA A100-SXM4-40GB MIG 4g.20gb (0),1,,13,[CUDA memcpy Host-to-Device]
21128290186,9504,462698,,,,,,,,,,0.197,20686.701,Pinned,Device,NVIDIA A100-SXM4-40GB MIG 4g.20gb (0),1,,13,[CUDA memcpy Host-to-Device]
21128303593,30912,462699,273,1,1,48,1,1,40,0.000,0.001,,,,,NVIDIA A100-SXM4-40GB MIG 4g.20gb (0),1,,13,"void pusch_noise_intf_est::noiseIntfEstNoDftSOfdmKernel<float, __half, float, float, (unsigned int)2, (unsigned int)1, (unsigned char)4, (unsigned char)4>(pusch_noise_intf_est::puschRxNoiseIntfEstDynDescr)"
21128363017,5088,462710,35,1,1,128,1,1,16,0.000,0.000,,,,,NVIDIA A100-SXM4-40GB MIG 4g.20gb (0),1,,13,cupy_copy__complex64_complex64
21128427592,4288,462719,1,1,1,1,1,1,18,0.000,0.000,,,,,NVIDIA A100-SXM4-40GB MIG 4g.20gb (0),1,,13,cupy_copy__float32_float32
21128434824,5056,462725,,,,,,,,,,0.000,0.791,Device,Pageable,NVIDIA A100-SXM4-40GB MIG 4g.20gb (0),1,,7,[CUDA memcpy Device-to-Host]
21128550791,16512,462736,1434,1,1,128,1,1,16,0.000,0.000,,,,,NVIDIA A100-SXM4-40GB MIG 4g.20gb (0),1,,13,cupy_copy__complex64_complex64
21128617478,6272,462743,103,1,1,128,1,1,16,0.000,0.000,,,,,NVIDIA A100-SXM4-40GB MIG 4g.20gb (0),1,,13,cupy_copy__complex64_complex64
21128625318,3072,462750,35,1,1,128,1,1,16,0.000,0.000,,,,,NVIDIA A100-SXM4-40GB MIG 4g.20gb (0),1,,13,cupy_copy__complex64_complex64
21128681957,5440,462757,1,1,1,1,1,1,18,0.000,0.000,,,,,NVIDIA A100-SXM4-40GB MIG 4g.20gb (0),1,,13,cupy_copy__float32_float32
21128743397,236669,462768,1,1,1,32,32,1,30,0.000,0.000,,,,,NVIDIA A100-SXM4-40GB MIG 4g.20gb (0),1,,13,"void convert_kernel<__half2, float2>(tensor_layout_any, T1 *, tensor_layout_any, const T2 *)"
21129008930,5408,462771,,,,,,,,,,0.094,17325.421,Pinned,Device,NVIDIA A100-SXM4-40GB MIG 4g.20gb (0),1,,13,[CUDA memcpy Host-to-Device]
21129023649,3648,462772,,,,,,,,,,1.547,423963.664,Device,,NVIDIA A100-SXM4-40GB MIG 4g.20gb (0),1,,13,[CUDA memset]
21129030497,3040,462777,,,,,,,,,,0.031,10294.725,Pinned,Device,NVIDIA A100-SXM4-40GB MIG 4g.20gb (0),1,,13,[CUDA memcpy Host-to-Device]
21129040865,9728,462778,,,,,,,,,,0.197,20210.516,Pinned,Device,NVIDIA A100-SXM4-40GB MIG 4g.20gb (0),1,,13,[CUDA memcpy Host-to-Device]
21129054945,7008,462779,273,1,1,8,4,1,39,0.002,0.000,,,,,NVIDIA A100-SXM4-40GB MIG 4g.20gb (0),1,,13,"void channel_eq::eqMmseCoefCompLowMimoKernel<float, float, float, (unsigned int)4, (unsigned int)1, (unsigned int)4>(const channel_eq::_puschRxChEqStatDescr *, channel_eq::_puschRxChEqCoefCompDynDescr)"
21129063169,6240,462780,273,1,1,12,11,1,51,0.002,0.000,,,,,NVIDIA A100-SXM4-40GB MIG 4g.20gb (0),1,,13,"void channel_eq::eqMmseSoftDemapKernel<float, __half, __half, float, (unsigned int)4, (unsigned short)16383>(channel_eq::_puschRxChEqStatDescr *, channel_eq::_puschRxChEqSoftDemapDynDescr)"
21129070945,540570,462781,1,1,1,32,32,1,30,0.000,0.000,,,,,NVIDIA A100-SXM4-40GB MIG 4g.20gb (0),1,,13,"void convert_kernel<float2, __half2>(tensor_layout_any, T1 *, tensor_layout_any, const T2 *)"
21129709850,14720,462793,2253,1,1,128,1,1,16,0.000,0.000,,,,,NVIDIA A100-SXM4-40GB MIG 4g.20gb (0),1,,13,cupy_copy__float16_float16
21130134101,5120,462802,282,1,1,128,1,1,16,0.000,0.000,,,,,NVIDIA A100-SXM4-40GB MIG 4g.20gb (0),1,,13,cupy_copy__complex64_complex64
21130415282,4256,462811,26,1,1,128,1,1,16,0.000,0.000,,,,,NVIDIA A100-SXM4-40GB MIG 4g.20gb (0),1,,13,cupy_copy__float32_float32
21130496689,5312,462820,103,1,1,128,1,1,16,0.000,0.000,,,,,NVIDIA A100-SXM4-40GB MIG 4g.20gb (0),1,,13,cupy_copy__complex64_complex64
21130578384,14368,462830,1434,1,1,128,1,1,16,0.000,0.000,,,,,NVIDIA A100-SXM4-40GB MIG 4g.20gb (0),1,,13,cupy_copy__complex64_complex64
21130594448,80543,462835,1,1,1,32,32,1,30,0.000,0.000,,,,,NVIDIA A100-SXM4-40GB MIG 4g.20gb (0),1,,13,"void convert_kernel<__half2, float2>(tensor_layout_any, T1 *, tensor_layout_any, const T2 *)"
21130703919,5408,462838,,,,,,,,,,0.094,17325.421,Pinned,Device,NVIDIA A100-SXM4-40GB MIG 4g.20gb (0),1,,13,[CUDA memcpy Host-to-Device]
21130713679,602169,462839,,,,,,,,,,456.561,757891.990,Device,,NVIDIA A100-SXM4-40GB MIG 4g.20gb (0),1,,13,[CUDA memset]
21131317288,49759,462844,,,,,,,,,,1.235,24817.435,Pinned,Device,NVIDIA A100-SXM4-40GB MIG 4g.20gb (0),1,,13,[CUDA memcpy Host-to-Device]
21131369863,9632,462845,,,,,,,,,,0.197,20411.843,Pinned,Device,NVIDIA A100-SXM4-40GB MIG 4g.20gb (0),1,,13,[CUDA memcpy Host-to-Device]
21131409447,19392,462846,69,4,1,48,1,1,76,0.002,0.000,,,,,NVIDIA A100-SXM4-40GB MIG 4g.20gb (0),1,,13,"void ch_est::windowedChEstPreNoDftSOfdmKernel<float, __half, float, (unsigned int)2, (unsigned int)1, (unsigned short)4>(ch_est::puschRxChEstStatDescr_t *, ch_est::puschRxChEstDynDescr_t *)"
21131476006,20608,462847,137,2,1,24,2,1,44,0.001,0.001,,,,,NVIDIA A100-SXM4-40GB MIG 4g.20gb (0),1,,13,"void ch_est::chEstFilterNoDftSOfdmDispatchKernel<float, __half, float, (unsigned int)2>(ch_est::puschRxChEstStatDescr_t *, ch_est::puschRxChEstDynDescr_t *)"
21131501766,5408,462848,137,2,1,24,2,1,44,0.001,0.001,,,,,NVIDIA A100-SXM4-40GB MIG 4g.20gb (0),1,,13,"void ch_est::chEstFilterNoDftSOfdmDispatchKernel<float, __half, float, (unsigned int)2>(ch_est::puschRxChEstStatDescr_t *, ch_est::puschRxChEstDynDescr_t *)"
21131508966,2560,462859,103,1,1,128,1,1,16,0.000,0.000,,,,,NVIDIA A100-SXM4-40GB MIG 4g.20gb (0),1,,13,cupy_copy__complex64_complex64
21131513414,13056,462869,1434,1,1,128,1,1,16,0.000,0.000,,,,,NVIDIA A100-SXM4-40GB MIG 4g.20gb (0),1,,13,cupy_copy__complex64_complex64
21131528614,2495,462876,103,1,1,128,1,1,16,0.000,0.000,,,,,NVIDIA A100-SXM4-40GB MIG 4g.20gb (0),1,,13,cupy_copy__complex64_complex64
21131532901,171583,462883,1,1,1,32,32,1,30,0.000,0.000,,,,,NVIDIA A100-SXM4-40GB MIG 4g.20gb (0),1,,13,"void convert_kernel<__half2, float2>(tensor_layout_any, T1 *, tensor_layout_any, const T2 *)"
21131737699,5632,462886,,,,,,,,,,0.094,16636.287,Pinned,Device,NVIDIA A100-SXM4-40GB MIG 4g.20gb (0),1,,13,[CUDA memcpy Host-to-Device]
21131750019,64799,462887,,,,,,,,,,35.810,552618.685,Device,,NVIDIA A100-SXM4-40GB MIG 4g.20gb (0),1,,13,[CUDA memset]
21131816994,3776,462889,,,,,,,,,,0.000,21.186,Pinned,Device,NVIDIA A100-SXM4-40GB MIG 4g.20gb (0),1,,13,[CUDA memcpy Host-to-Device]
21131824034,9440,462890,,,,,,,,,,0.197,20827.079,Pinned,Device,NVIDIA A100-SXM4-40GB MIG 4g.20gb (0),1,,13,[CUDA memcpy Host-to-Device]
21131856674,25376,462891,273,1,1,48,1,1,40,0.000,0.001,,,,,NVIDIA A100-SXM4-40GB MIG 4g.20gb (0),1,,13,"void pusch_noise_intf_est::noiseIntfEstNoDftSOfdmKernel<float, __half, float, float, (unsigned int)2, (unsigned int)1, (unsigned char)4, (unsigned char)4>(pusch_noise_intf_est::puschRxNoiseIntfEstDynDescr)"
21131925377,15904,462902,35,1,1,128,1,1,16,0.000,0.000,,,,,NVIDIA A100-SXM4-40GB MIG 4g.20gb (0),1,,13,cupy_copy__complex64_complex64
21131944097,3072,462911,1,1,1,1,1,1,18,0.000,0.000,,,,,NVIDIA A100-SXM4-40GB MIG 4g.20gb (0),1,,13,cupy_copy__float32_float32
21131956705,3232,462917,,,,,,,,,,0.000,1.238,Device,Pageable,NVIDIA A100-SXM4-40GB MIG 4g.20gb (0),1,,7,[CUDA memcpy Device-to-Host]
21132060416,29983,462928,1434,1,1,128,1,1,16,0.000,0.000,,,,,NVIDIA A100-SXM4-40GB MIG 4g.20gb (0),1,,13,cupy_copy__complex64_complex64
21132132767,13760,462935,103,1,1,128,1,1,16,0.000,0.000,,,,,NVIDIA A100-SXM4-40GB MIG 4g.20gb (0),1,,13,cupy_copy__complex64_complex64
21132149375,4256,462942,35,1,1,128,1,1,16,0.000,0.000,,,,,NVIDIA A100-SXM4-40GB MIG 4g.20gb (0),1,,13,cupy_copy__complex64_complex64
21132159294,2016,462949,1,1,1,1,1,1,18,0.000,0.000,,,,,NVIDIA A100-SXM4-40GB MIG 4g.20gb (0),1,,13,cupy_copy__float32_float32
21132222366,426171,462960,1,1,1,32,32,1,30,0.000,0.000,,,,,NVIDIA A100-SXM4-40GB MIG 4g.20gb (0),1,,13,"void convert_kernel<__half2, float2>(tensor_layout_any, T1 *, tensor_layout_any, const T2 *)"
21132681721,8736,462963,,,,,,,,,,0.094,10725.194,Pinned,Device,NVIDIA A100-SXM4-40GB MIG 4g.20gb (0),1,,13,[CUDA memcpy Host-to-Device]
21132741368,21760,462964,,,,,,,,,,1.547,71075.106,Device,,NVIDIA A100-SXM4-40GB MIG 4g.20gb (0),1,,13,[CUDA memset]
21132769944,4352,462969,,,,,,,,,,0.031,7191.164,Pinned,Device,NVIDIA A100-SXM4-40GB MIG 4g.20gb (0),1,,13,[CUDA memcpy Host-to-Device]
21132777400,14239,462970,,,,,,,,,,0.197,13807.583,Pinned,Device,NVIDIA A100-SXM4-40GB MIG 4g.20gb (0),1,,13,[CUDA memcpy Host-to-Device]
21132876150,21056,462971,273,1,1,8,4,1,39,0.002,0.000,,,,,NVIDIA A100-SXM4-40GB MIG 4g.20gb (0),1,,13,"void channel_eq::eqMmseCoefCompLowMimoKernel<float, float, float, (unsigned int)4, (unsigned int)1, (unsigned int)4>(const channel_eq::_puschRxChEqStatDescr *, channel_eq::_puschRxChEqCoefCompDynDescr)"
21133060948,12960,462972,273,1,1,12,11,1,51,0.002,0.000,,,,,NVIDIA A100-SXM4-40GB MIG 4g.20gb (0),1,,13,"void channel_eq::eqMmseSoftDemapKernel<float, __half, __half, float, (unsigned int)4, (unsigned short)16383>(channel_eq::_puschRxChEqStatDescr *, channel_eq::_puschRxChEqSoftDemapDynDescr)"
21133178867,851735,462973,1,1,1,32,32,1,30,0.000,0.000,,,,,NVIDIA A100-SXM4-40GB MIG 4g.20gb (0),1,,13,"void convert_kernel<float2, __half2>(tensor_layout_any, T1 *, tensor_layout_any, const T2 *)"
21134031978,12447,462985,2253,1,1,128,1,1,16,0.000,0.000,,,,,NVIDIA A100-SXM4-40GB MIG 4g.20gb (0),1,,13,cupy_copy__float16_float16
21134046697,4128,462994,282,1,1,128,1,1,16,0.000,0.000,,,,,NVIDIA A100-SXM4-40GB MIG 4g.20gb (0),1,,13,cupy_copy__complex64_complex64
21134052649,2272,463003,26,1,1,128,1,1,16,0.000,0.000,,,,,NVIDIA A100-SXM4-40GB MIG 4g.20gb (0),1,,13,cupy_copy__float32_float32
21134056297,3136,463012,103,1,1,128,1,1,16,0.000,0.000,,,,,NVIDIA A100-SXM4-40GB MIG 4g.20gb (0),1,,13,cupy_copy__complex64_complex64
21134061289,12160,463022,1434,1,1,128,1,1,16,0.000,0.000,,,,,NVIDIA A100-SXM4-40GB MIG 4g.20gb (0),1,,13,cupy_copy__complex64_complex64
21134152616,274813,463027,1,1,1,32,32,1,30,0.000,0.000,,,,,NVIDIA A100-SXM4-40GB MIG 4g.20gb (0),1,,13,"void convert_kernel<__half2, float2>(tensor_layout_any, T1 *, tensor_layout_any, const T2 *)"
21134457797,5728,463030,,,,,,,,,,0.094,16357.541,Pinned,Device,NVIDIA A100-SXM4-40GB MIG 4g.20gb (0),1,,13,[CUDA memcpy Host-to-Device]
21134482245,601849,463031,,,,,,,,,,456.561,758348.552,Device,,NVIDIA A100-SXM4-40GB MIG 4g.20gb (0),1,,13,[CUDA memset]
21135089790,49887,463036,,,,,,,,,,1.235,24754.452,Pinned,Device,NVIDIA A100-SXM4-40GB MIG 4g.20gb (0),1,,13,[CUDA memcpy Host-to-Device]
21135142557,9632,463037,,,,,,,,,,0.197,20411.843,Pinned,Device,NVIDIA A100-SXM4-40GB MIG 4g.20gb (0),1,,13,[CUDA memcpy Host-to-Device]
21135160221,9312,463038,69,4,1,48,1,1,76,0.002,0.000,,,,,NVIDIA A100-SXM4-40GB MIG 4g.20gb (0),1,,13,"void ch_est::windowedChEstPreNoDftSOfdmKernel<float, __half, float, (unsigned int)2, (unsigned int)1, (unsigned short)4>(ch_est::puschRxChEstStatDescr_t *, ch_est::puschRxChEstDynDescr_t *)"
21135241308,8064,463039,137,2,1,24,2,1,44,0.001,0.001,,,,,NVIDIA A100-SXM4-40GB MIG 4g.20gb (0),1,,13,"void ch_est::chEstFilterNoDftSOfdmDispatchKernel<float, __half, float, (unsigned int)2>(ch_est::puschRxChEstStatDescr_t *, ch_est::puschRxChEstDynDescr_t *)"
21135324283,7840,463040,137,2,1,24,2,1,44,0.001,0.001,,,,,NVIDIA A100-SXM4-40GB MIG 4g.20gb (0),1,,13,"void ch_est::chEstFilterNoDftSOfdmDispatchKernel<float, __half, float, (unsigned int)2>(ch_est::puschRxChEstStatDescr_t *, ch_est::puschRxChEstDynDescr_t *)"
21135333467,3168,463051,103,1,1,128,1,1,16,0.000,0.000,,,,,NVIDIA A100-SXM4-40GB MIG 4g.20gb (0),1,,13,cupy_copy__complex64_complex64
21135338075,12576,463061,1434,1,1,128,1,1,16,0.000,0.000,,,,,NVIDIA A100-SXM4-40GB MIG 4g.20gb (0),1,,13,cupy_copy__complex64_complex64
21135351867,2528,463068,103,1,1,128,1,1,16,0.000,0.000,,,,,NVIDIA A100-SXM4-40GB MIG 4g.20gb (0),1,,13,cupy_copy__complex64_complex64
21135356347,79839,463075,1,1,1,32,32,1,30,0.000,0.000,,,,,NVIDIA A100-SXM4-40GB MIG 4g.20gb (0),1,,13,"void convert_kernel<__half2, float2>(tensor_layout_any, T1 *, tensor_layout_any, const T2 *)"
21135465306,5344,463078,,,,,,,,,,0.094,17532.864,Pinned,Device,NVIDIA A100-SXM4-40GB MIG 4g.20gb (0),1,,13,[CUDA memcpy Host-to-Device]
21135477017,46688,463079,,,,,,,,,,35.810,766976.867,Device,,NVIDIA A100-SXM4-40GB MIG 4g.20gb (0),1,,13,[CUDA memset]
21135528345,2176,463081,,,,,,,,,,0.000,36.765,Pinned,Device,NVIDIA A100-SXM4-40GB MIG 4g.20gb (0),1,,13,[CUDA memcpy Host-to-Device]
21135533113,9504,463082,,,,,,,,,,0.197,20686.701,Pinned,Device,NVIDIA A100-SXM4-40GB MIG 4g.20gb (0),1,,13,[CUDA memcpy Host-to-Device]
21135551417,8736,463083,273,1,1,48,1,1,40,0.000,0.001,,,,,NVIDIA A100-SXM4-40GB MIG 4g.20gb (0),1,,13,"void pusch_noise_intf_est::noiseIntfEstNoDftSOfdmKernel<float, __half, float, float, (unsigned int)2, (unsigned int)1, (unsigned char)4, (unsigned char)4>(pusch_noise_intf_est::puschRxNoiseIntfEstDynDescr)"
21135561849,2784,463094,35,1,1,128,1,1,16,0.000,0.000,,,,,NVIDIA A100-SXM4-40GB MIG 4g.20gb (0),1,,13,cupy_copy__complex64_complex64
21135582488,1888,463103,1,1,1,1,1,1,18,0.000,0.000,,,,,NVIDIA A100-SXM4-40GB MIG 4g.20gb (0),1,,13,cupy_copy__float32_float32
21135617080,1632,463109,,,,,,,,,,0.000,2.451,Device,Pageable,NVIDIA A100-SXM4-40GB MIG 4g.20gb (0),1,,7,[CUDA memcpy Device-to-Host]
21135679735,15936,463120,1434,1,1,128,1,1,16,0.000,0.000,,,,,NVIDIA A100-SXM4-40GB MIG 4g.20gb (0),1,,13,cupy_copy__complex64_complex64
21135942100,10976,463127,103,1,1,128,1,1,16,0.000,0.000,,,,,NVIDIA A100-SXM4-40GB MIG 4g.20gb (0),1,,13,cupy_copy__complex64_complex64
21136087059,4160,463134,35,1,1,128,1,1,16,0.000,0.000,,,,,NVIDIA A100-SXM4-40GB MIG 4g.20gb (0),1,,13,cupy_copy__complex64_complex64
21136448623,4832,463141,1,1,1,1,1,1,18,0.000,0.000,,,,,NVIDIA A100-SXM4-40GB MIG 4g.20gb (0),1,,13,cupy_copy__float32_float32
21136729100,270077,463152,1,1,1,32,32,1,30,0.000,0.000,,,,,NVIDIA A100-SXM4-40GB MIG 4g.20gb (0),1,,13,"void convert_kernel<__half2, float2>(tensor_layout_any, T1 *, tensor_layout_any, const T2 *)"
21137028872,6208,463155,,,,,,,,,,0.094,15092.739,Pinned,Device,NVIDIA A100-SXM4-40GB MIG 4g.20gb (0),1,,13,[CUDA memcpy Host-to-Device]
21137139175,3968,463156,,,,,,,,,,1.547,389773.994,Device,,NVIDIA A100-SXM4-40GB MIG 4g.20gb (0),1,,13,[CUDA memset]
21137145063,3328,463161,,,,,,,,,,0.031,9403.822,Pinned,Device,NVIDIA A100-SXM4-40GB MIG 4g.20gb (0),1,,13,[CUDA memcpy Host-to-Device]
21137151687,9472,463162,,,,,,,,,,0.197,20756.693,Pinned,Device,NVIDIA A100-SXM4-40GB MIG 4g.20gb (0),1,,13,[CUDA memcpy Host-to-Device]
21137271077,23776,463163,273,1,1,8,4,1,39,0.002,0.000,,,,,NVIDIA A100-SXM4-40GB MIG 4g.20gb (0),1,,13,"void channel_eq::eqMmseCoefCompLowMimoKernel<float, float, float, (unsigned int)4, (unsigned int)1, (unsigned int)4>(const channel_eq::_puschRxChEqStatDescr *, channel_eq::_puschRxChEqCoefCompDynDescr)"
21137400740,17248,463164,273,1,1,12,11,1,51,0.002,0.000,,,,,NVIDIA A100-SXM4-40GB MIG 4g.20gb (0),1,,13,"void channel_eq::eqMmseSoftDemapKernel<float, __half, __half, float, (unsigned int)4, (unsigned short)16383>(channel_eq::_puschRxChEqStatDescr *, channel_eq::_puschRxChEqSoftDemapDynDescr)"
21137533315,617177,463165,1,1,1,32,32,1,30,0.000,0.000,,,,,NVIDIA A100-SXM4-40GB MIG 4g.20gb (0),1,,13,"void convert_kernel<float2, __half2>(tensor_layout_any, T1 *, tensor_layout_any, const T2 *)"
21138151836,11808,463177,2253,1,1,128,1,1,16,0.000,0.000,,,,,NVIDIA A100-SXM4-40GB MIG 4g.20gb (0),1,,13,cupy_copy__float16_float16
21138165436,3711,463186,282,1,1,128,1,1,16,0.000,0.000,,,,,NVIDIA A100-SXM4-40GB MIG 4g.20gb (0),1,,13,cupy_copy__complex64_complex64
21138171611,2336,463195,26,1,1,128,1,1,16,0.000,0.000,,,,,NVIDIA A100-SXM4-40GB MIG 4g.20gb (0),1,,13,cupy_copy__float32_float32
21138176123,3168,463204,103,1,1,128,1,1,16,0.000,0.000,,,,,NVIDIA A100-SXM4-40GB MIG 4g.20gb (0),1,,13,cupy_copy__complex64_complex64
21138181115,12096,463214,1434,1,1,128,1,1,16,0.000,0.000,,,,,NVIDIA A100-SXM4-40GB MIG 4g.20gb (0),1,,13,cupy_copy__complex64_complex64
21138195003,157694,463219,1,1,1,32,32,1,30,0.000,0.000,,,,,NVIDIA A100-SXM4-40GB MIG 4g.20gb (0),1,,13,"void convert_kernel<__half2, float2>(tensor_layout_any, T1 *, tensor_layout_any, const T2 *)"
21138381849,5504,463222,,,,,,,,,,0.094,17023.251,Pinned,Device,NVIDIA A100-SXM4-40GB MIG 4g.20gb (0),1,,13,[CUDA memcpy Host-to-Device]
21138642550,617881,463223,,,,,,,,,,456.561,738716.410,Device,,NVIDIA A100-SXM4-40GB MIG 4g.20gb (0),1,,13,[CUDA memset]
21139268399,50976,463228,,,,,,,,,,1.235,24225.896,Pinned,Device,NVIDIA A100-SXM4-40GB MIG 4g.20gb (0),1,,13,[CUDA memcpy Host-to-Device]
21139321839,9631,463229,,,,,,,,,,0.197,20414.005,Pinned,Device,NVIDIA A100-SXM4-40GB MIG 4g.20gb (0),1,,13,[CUDA memcpy Host-to-Device]
21139671627,24895,463230,69,4,1,48,1,1,76,0.002,0.000,,,,,NVIDIA A100-SXM4-40GB MIG 4g.20gb (0),1,,13,"void ch_est::windowedChEstPreNoDftSOfdmKernel<float, __half, float, (unsigned int)2, (unsigned int)1, (unsigned short)4>(ch_est::puschRxChEstStatDescr_t *, ch_est::puschRxChEstDynDescr_t *)"
21139794505,23296,463231,137,2,1,24,2,1,44,0.001,0.001,,,,,NVIDIA A100-SXM4-40GB MIG 4g.20gb (0),1,,13,"void ch_est::chEstFilterNoDftSOfdmDispatchKernel<float, __half, float, (unsigned int)2>(ch_est::puschRxChEstStatDescr_t *, ch_est::puschRxChEstDynDescr_t *)"
21139882856,28224,463232,137,2,1,24,2,1,44,0.001,0.001,,,,,NVIDIA A100-SXM4-40GB MIG 4g.20gb (0),1,,13,"void ch_est::chEstFilterNoDftSOfdmDispatchKernel<float, __half, float, (unsigned int)2>(ch_est::puschRxChEstStatDescr_t *, ch_est::puschRxChEstDynDescr_t *)"
21139936904,7584,463243,103,1,1,128,1,1,16,0.000,0.000,,,,,NVIDIA A100-SXM4-40GB MIG 4g.20gb (0),1,,13,cupy_copy__complex64_complex64
21140005159,24544,463253,1434,1,1,128,1,1,16,0.000,0.000,,,,,NVIDIA A100-SXM4-40GB MIG 4g.20gb (0),1,,13,cupy_copy__complex64_complex64
21140067270,14336,463260,103,1,1,128,1,1,16,0.000,0.000,,,,,NVIDIA A100-SXM4-40GB MIG 4g.20gb (0),1,,13,cupy_copy__complex64_complex64
21140151813,417212,463267,1,1,1,32,32,1,30,0.000,0.000,,,,,NVIDIA A100-SXM4-40GB MIG 4g.20gb (0),1,,13,"void convert_kernel<__half2, float2>(tensor_layout_any, T1 *, tensor_layout_any, const T2 *)"
21140599296,6272,463270,,,,,,,,,,0.094,14938.703,Pinned,Device,NVIDIA A100-SXM4-40GB MIG 4g.20gb (0),1,,13,[CUDA memcpy Host-to-Device]
21140611872,45536,463271,,,,,,,,,,35.810,786385.843,Device,,NVIDIA A100-SXM4-40GB MIG 4g.20gb (0),1,,13,[CUDA memset]
21140666816,2368,463273,,,,,,,,,,0.000,33.784,Pinned,Device,NVIDIA A100-SXM4-40GB MIG 4g.20gb (0),1,,13,[CUDA memcpy Host-to-Device]
21140672608,9375,463274,,,,,,,,,,0.197,20971.389,Pinned,Device,NVIDIA A100-SXM4-40GB MIG 4g.20gb (0),1,,13,[CUDA memcpy Host-to-Device]
21140768158,19520,463275,273,1,1,48,1,1,40,0.000,0.001,,,,,NVIDIA A100-SXM4-40GB MIG 4g.20gb (0),1,,13,"void pusch_noise_intf_est::noiseIntfEstNoDftSOfdmKernel<float, __half, float, float, (unsigned int)2, (unsigned int)1, (unsigned char)4, (unsigned char)4>(pusch_noise_intf_est::puschRxNoiseIntfEstDynDescr)"
21140886333,6656,463286,35,1,1,128,1,1,16,0.000,0.000,,,,,NVIDIA A100-SXM4-40GB MIG 4g.20gb (0),1,,13,cupy_copy__complex64_complex64
21141004412,4640,463295,1,1,1,1,1,1,18,0.000,0.000,,,,,NVIDIA A100-SXM4-40GB MIG 4g.20gb (0),1,,13,cupy_copy__float32_float32
21141011324,1632,463301,,,,,,,,,,0.000,2.451,Device,Pageable,NVIDIA A100-SXM4-40GB MIG 4g.20gb (0),1,,7,[CUDA memcpy Device-to-Host]
21141072251,12992,463312,1434,1,1,128,1,1,16,0.000,0.000,,,,,NVIDIA A100-SXM4-40GB MIG 4g.20gb (0),1,,13,cupy_copy__complex64_complex64
21141135834,5472,463319,103,1,1,128,1,1,16,0.000,0.000,,,,,NVIDIA A100-SXM4-40GB MIG 4g.20gb (0),1,,13,cupy_copy__complex64_complex64
21141143098,4032,463326,35,1,1,128,1,1,16,0.000,0.000,,,,,NVIDIA A100-SXM4-40GB MIG 4g.20gb (0),1,,13,cupy_copy__complex64_complex64
21141205690,4128,463333,1,1,1,1,1,1,18,0.000,0.000,,,,,NVIDIA A100-SXM4-40GB MIG 4g.20gb (0),1,,13,cupy_copy__float32_float32
21141327800,421852,463344,1,1,1,32,32,1,30,0.000,0.000,,,,,NVIDIA A100-SXM4-40GB MIG 4g.20gb (0),1,,13,"void convert_kernel<__half2, float2>(tensor_layout_any, T1 *, tensor_layout_any, const T2 *)"
21141780339,5440,463347,,,,,,,,,,0.094,17223.480,Pinned,Device,NVIDIA A100-SXM4-40GB MIG 4g.20gb (0),1,,13,[CUDA memcpy Host-to-Device]
21141983665,5600,463348,,,,,,,,,,1.547,276182.194,Device,,NVIDIA A100-SXM4-40GB MIG 4g.20gb (0),1,,13,[CUDA memset]
21141993681,3232,463353,,,,,,,,,,0.031,9683.139,Pinned,Device,NVIDIA A100-SXM4-40GB MIG 4g.20gb (0),1,,13,[CUDA memcpy Host-to-Device]
21142002769,9216,463354,,,,,,,,,,0.197,21333.148,Pinned,Device,NVIDIA A100-SXM4-40GB MIG 4g.20gb (0),1,,13,[CUDA memcpy Host-to-Device]
21142372845,38655,463355,273,1,1,8,4,1,39,0.002,0.000,,,,,NVIDIA A100-SXM4-40GB MIG 4g.20gb (0),1,,13,"void channel_eq::eqMmseCoefCompLowMimoKernel<float, float, float, (unsigned int)4, (unsigned int)1, (unsigned int)4>(const channel_eq::_puschRxChEqStatDescr *, channel_eq::_puschRxChEqCoefCompDynDescr)"
21142429708,13024,463356,273,1,1,12,11,1,51,0.002,0.000,,,,,NVIDIA A100-SXM4-40GB MIG 4g.20gb (0),1,,13,"void channel_eq::eqMmseSoftDemapKernel<float, __half, __half, float, (unsigned int)4, (unsigned short)16383>(channel_eq::_puschRxChEqStatDescr *, channel_eq::_puschRxChEqSoftDemapDynDescr)"
21142492747,696952,463357,1,1,1,32,32,1,30,0.000,0.000,,,,,NVIDIA A100-SXM4-40GB MIG 4g.20gb (0),1,,13,"void convert_kernel<float2, __half2>(tensor_layout_any, T1 *, tensor_layout_any, const T2 *)"
21143191587,11776,463369,2253,1,1,128,1,1,16,0.000,0.000,,,,,NVIDIA A100-SXM4-40GB MIG 4g.20gb (0),1,,13,cupy_copy__float16_float16
21143252803,7136,463378,282,1,1,128,1,1,16,0.000,0.000,,,,,NVIDIA A100-SXM4-40GB MIG 4g.20gb (0),1,,13,cupy_copy__complex64_complex64
21143338946,4832,463387,26,1,1,128,1,1,16,0.000,0.000,,,,,NVIDIA A100-SXM4-40GB MIG 4g.20gb (0),1,,13,cupy_copy__float32_float32
21143425505,8256,463396,103,1,1,128,1,1,16,0.000,0.000,,,,,NVIDIA A100-SXM4-40GB MIG 4g.20gb (0),1,,13,cupy_copy__complex64_complex64
21143509408,13728,463406,1434,1,1,128,1,1,16,0.000,0.000,,,,,NVIDIA A100-SXM4-40GB MIG 4g.20gb (0),1,,13,cupy_copy__complex64_complex64
21143884796,252893,463411,1,1,1,32,32,1,30,0.000,0.000,,,,,NVIDIA A100-SXM4-40GB MIG 4g.20gb (0),1,,13,"void convert_kernel<__half2, float2>(tensor_layout_any, T1 *, tensor_layout_any, const T2 *)"
21144167769,5791,463414,,,,,,,,,,0.094,16179.519,Pinned,Device,NVIDIA A100-SXM4-40GB MIG 4g.20gb (0),1,,13,[CUDA memcpy Host-to-Device]
21144407734,605881,463415,,,,,,,,,,456.561,753326.376,Device,,NVIDIA A100-SXM4-40GB MIG 4g.20gb (0),1,,13,[CUDA memset]
21145023375,49663,463420,,,,,,,,,,1.235,24865.597,Pinned,Device,NVIDIA A100-SXM4-40GB MIG 4g.20gb (0),1,,13,[CUDA memcpy Host-to-Device]
21145075566,10176,463421,,,,,,,,,,0.197,19320.668,Pinned,Device,NVIDIA A100-SXM4-40GB MIG 4g.20gb (0),1,,13,[CUDA memcpy Host-to-Device]
21145092654,8128,463422,69,4,1,48,1,1,76,0.002,0.000,,,,,NVIDIA A100-SXM4-40GB MIG 4g.20gb (0),1,,13,"void ch_est::windowedChEstPreNoDftSOfdmKernel<float, __half, float, (unsigned int)2, (unsigned int)1, (unsigned short)4>(ch_est::puschRxChEstStatDescr_t *, ch_est::puschRxChEstDynDescr_t *)"
21145102638,6592,463423,137,2,1,24,2,1,44,0.001,0.001,,,,,NVIDIA A100-SXM4-40GB MIG 4g.20gb (0),1,,13,"void ch_est::chEstFilterNoDftSOfdmDispatchKernel<float, __half, float, (unsigned int)2>(ch_est::puschRxChEstStatDescr_t *, ch_est::puschRxChEstDynDescr_t *)"
21145111054,4768,463424,137,2,1,24,2,1,44,0.001,0.001,,,,,NVIDIA A100-SXM4-40GB MIG 4g.20gb (0),1,,13,"void ch_est::chEstFilterNoDftSOfdmDispatchKernel<float, __half, float, (unsigned int)2>(ch_est::puschRxChEstStatDescr_t *, ch_est::puschRxChEstDynDescr_t *)"
21145117582,2560,463435,103,1,1,128,1,1,16,0.000,0.000,,,,,NVIDIA A100-SXM4-40GB MIG 4g.20gb (0),1,,13,cupy_copy__complex64_complex64
21145121582,12672,463445,1434,1,1,128,1,1,16,0.000,0.000,,,,,NVIDIA A100-SXM4-40GB MIG 4g.20gb (0),1,,13,cupy_copy__complex64_complex64
21145136142,2496,463452,103,1,1,128,1,1,16,0.000,0.000,,,,,NVIDIA A100-SXM4-40GB MIG 4g.20gb (0),1,,13,cupy_copy__complex64_complex64
21145140846,79743,463459,1,1,1,32,32,1,30,0.000,0.000,,,,,NVIDIA A100-SXM4-40GB MIG 4g.20gb (0),1,,13,"void convert_kernel<__half2, float2>(tensor_layout_any, T1 *, tensor_layout_any, const T2 *)"
21145249100,5376,463462,,,,,,,,,,0.094,17428.487,Pinned,Device,NVIDIA A100-SXM4-40GB MIG 4g.20gb (0),1,,13,[CUDA memcpy Host-to-Device]
21145261516,46464,463463,,,,,,,,,,35.810,770701.098,Device,,NVIDIA A100-SXM4-40GB MIG 4g.20gb (0),1,,13,[CUDA memset]
21145314316,2720,463465,,,,,,,,,,0.000,29.412,Pinned,Device,NVIDIA A100-SXM4-40GB MIG 4g.20gb (0),1,,13,[CUDA memcpy Host-to-Device]
21145320076,9760,463466,,,,,,,,,,0.197,20144.259,Pinned,Device,NVIDIA A100-SXM4-40GB MIG 4g.20gb (0),1,,13,[CUDA memcpy Host-to-Device]
21145334924,8447,463467,273,1,1,48,1,1,40,0.000,0.001,,,,,NVIDIA A100-SXM4-40GB MIG 4g.20gb (0),1,,13,"void pusch_noise_intf_est::noiseIntfEstNoDftSOfdmKernel<float, __half, float, float, (unsigned int)2, (unsigned int)1, (unsigned char)4, (unsigned char)4>(pusch_noise_intf_est::puschRxNoiseIntfEstDynDescr)"
21145345579,2752,463478,35,1,1,128,1,1,16,0.000,0.000,,,,,NVIDIA A100-SXM4-40GB MIG 4g.20gb (0),1,,13,cupy_copy__complex64_complex64
21145368107,1888,463487,1,1,1,1,1,1,18,0.000,0.000,,,,,NVIDIA A100-SXM4-40GB MIG 4g.20gb (0),1,,13,cupy_copy__float32_float32
21145402699,1632,463493,,,,,,,,,,0.000,2.451,Device,Pageable,NVIDIA A100-SXM4-40GB MIG 4g.20gb (0),1,,7,[CUDA memcpy Device-to-Host]
21145555337,22848,463504,1434,1,1,128,1,1,16,0.000,0.000,,,,,NVIDIA A100-SXM4-40GB MIG 4g.20gb (0),1,,13,cupy_copy__complex64_complex64
21145619336,5952,463511,103,1,1,128,1,1,16,0.000,0.000,,,,,NVIDIA A100-SXM4-40GB MIG 4g.20gb (0),1,,13,cupy_copy__complex64_complex64
21145843814,14016,463518,35,1,1,128,1,1,16,0.000,0.000,,,,,NVIDIA A100-SXM4-40GB MIG 4g.20gb (0),1,,13,cupy_copy__complex64_complex64
21145859942,3648,463525,1,1,1,1,1,1,18,0.000,0.000,,,,,NVIDIA A100-SXM4-40GB MIG 4g.20gb (0),1,,13,cupy_copy__float32_float32
21145913541,399740,463536,1,1,1,32,32,1,30,0.000,0.000,,,,,NVIDIA A100-SXM4-40GB MIG 4g.20gb (0),1,,13,"void convert_kernel<__half2, float2>(tensor_layout_any, T1 *, tensor_layout_any, const T2 *)"
21146347040,5632,463539,,,,,,,,,,0.094,16636.287,Pinned,Device,NVIDIA A100-SXM4-40GB MIG 4g.20gb (0),1,,13,[CUDA memcpy Host-to-Device]
21146360224,3744,463540,,,,,,,,,,1.547,413093.991,Device,,NVIDIA A100-SXM4-40GB MIG 4g.20gb (0),1,,13,[CUDA memset]
21146365152,3200,463545,,,,,,,,,,0.031,9780.000,Pinned,Device,NVIDIA A100-SXM4-40GB MIG 4g.20gb (0),1,,13,[CUDA memcpy Host-to-Device]
21146370944,9536,463546,,,,,,,,,,0.197,20617.298,Pinned,Device,NVIDIA A100-SXM4-40GB MIG 4g.20gb (0),1,,13,[CUDA memcpy Host-to-Device]
21146409600,23167,463547,273,1,1,8,4,1,39,0.002,0.000,,,,,NVIDIA A100-SXM4-40GB MIG 4g.20gb (0),1,,13,"void channel_eq::eqMmseCoefCompLowMimoKernel<float, float, float, (unsigned int)4, (unsigned int)1, (unsigned int)4>(const channel_eq::_puschRxChEqStatDescr *, channel_eq::_puschRxChEqCoefCompDynDescr)"
21146480351,22720,463548,273,1,1,12,11,1,51,0.002,0.000,,,,,NVIDIA A100-SXM4-40GB MIG 4g.20gb (0),1,,13,"void channel_eq::eqMmseSoftDemapKernel<float, __half, __half, float, (unsigned int)4, (unsigned short)16383>(channel_eq::_puschRxChEqStatDescr *, channel_eq::_puschRxChEqSoftDemapDynDescr)"
21146546750,1012437,463549,1,1,1,32,32,1,30,0.000,0.000,,,,,NVIDIA A100-SXM4-40GB MIG 4g.20gb (0),1,,13,"void convert_kernel<float2, __half2>(tensor_layout_any, T1 *, tensor_layout_any, const T2 *)"
21147597010,14080,463561,2253,1,1,128,1,1,16,0.000,0.000,,,,,NVIDIA A100-SXM4-40GB MIG 4g.20gb (0),1,,13,cupy_copy__float16_float16
21147614034,3808,463570,282,1,1,128,1,1,16,0.000,0.000,,,,,NVIDIA A100-SXM4-40GB MIG 4g.20gb (0),1,,13,cupy_copy__complex64_complex64
21147672177,3968,463579,26,1,1,128,1,1,16,0.000,0.000,,,,,NVIDIA A100-SXM4-40GB MIG 4g.20gb (0),1,,13,cupy_copy__float32_float32
21147683153,3904,463588,103,1,1,128,1,1,16,0.000,0.000,,,,,NVIDIA A100-SXM4-40GB MIG 4g.20gb (0),1,,13,cupy_copy__complex64_complex64

